x0,x1,x2,x3,x4,x5,x6,x7,x8,x9,y
0.8775351966482569,0.3870039033393951,0.09842816879198546,0.6335879822649862,0.2506398411174913,0.40878468753178054,0.37848514958096985,0.15128370347031517,0.7299538224457359,0.588590530070005,2
0.8163240494233781,1.0323856405517138,0.29278153393518724,0.6551652137383802,-0.006287113973576411,0.4661293084697701,0.8765708201666493,0.21984946295292063,0.7368359157141722,0.5636458227882544,0
0.869587891977354,0.5526222397781403,0.8444900610750602,0.6459493992331776,0.2841773638997682,-0.007330234993083107,0.057795700309562936,0.4106689655594988,0.8116763358446498,0.3621967686696056,3
0.2727519602701493,0.42504264138176273,0.5781773657874252,0.9090119210345662,0.6002103803702915,0.5011931427680917,0.5746499949237006,0.19280767196584775,0.23241233485282442,0.2011404548966175,2
0.9448022176874331,0.16071539244023783,0.883463467476478,0.9185177081557736,0.0042677509114484175,0.347767485019275,-0.17572881184241132,0.31426560305881623,0.7341617949047006,0.06934373227500965,3
0.8136348955555708,0.7557286117809324,0.2493923412423622,0.32474053620822946,0.9226981176348303,0.7862814536723711,0.2757597324709436,0.9750113514859476,0.798704495095105,0.31497267347432023,1
0.024993704982297582,0.2839656808979585,0.2681093090006802,0.376648518547901,0.3481995253791645,0.5786159087582038,0.9903777238690148,0.0622061674066961,0.24634539955735169,0.655976278531938,0
0.06649611366384611,1.1172361436637401,0.9402201334634022,0.5013368152585911,0.0756706615179138,0.26102509828049536,1.0380728960497922,0.29415851546184424,0.873359202867443,-0.0069128743545190385,1
1.0898101380452214,-0.11958701235952857,0.4953701575287603,0.8531556911347821,0.7811147020000321,0.8326213758928903,0.6735765705753566,0.3983660043482655,0.6385067047427461,-0.32677799228936216,3
0.5014652762057492,0.17295368379419176,0.7157002047343373,0.3953049996643892,0.17147441357101112,0.7084078187742217,0.7342738556096206,0.5034523879117011,0.46328546193263276,1.0536121569021262,1
0.9841047108520828,-0.5465966100932078,-0.03207985423766291,0.2992548447343676,0.9015005907797358,0.5877466653449936,0.9627510315950302,0.756373353136308,0.19945181567159925,0.3703031634914749,3
0.28073643133178305,0.4186407199186817,0.5968842257177781,0.9072248352102259,0.6066971963682006,0.5039579001116086,0.5722316823195195,0.19687982778608956,0.22899613104085143,0.20679208933633672,2
0.548520150473553,0.22703482955228177,0.9440202083652527,0.45875905852759297,0.7243178068765046,0.37524863407444936,0.07783167855011597,0.5572670487693535,0.22292775254507302,0.20745758554589044,0
0.747481796725239,0.8446516435687986,0.07314848563385778,0.6541958425875465,0.8826254335993501,0.39256244787135125,0.1194454632529356,0.7193186156758534,0.8881079606191147,0.42051694832108655,2
0.6591753936280597,0.2676935751394794,0.982719791512033,0.3566100318181755,0.8088373316553917,0.4308339930714838,0.15159710790763659,0.5520114133169604,0.34491332036798467,0.2691010540119958,0
0.7828357982607785,0.3594595711852596,0.8992482020018171,0.7308476828457932,0.1154608701379904,0.27946961883648247,0.007538368259955561,0.20499300864306563,0.6407798933973214,0.09716007296492264,3
0.02608356186378548,0.7790678205774431,0.9233300721129668,0.5137297816105131,0.4570974201888326,0.3638531112202915,0.6482541572486441,0.8034970217678655,0.13792679284100987,0.8623555319667715,0
0.694865420375884,-0.051196266032860815,0.6714437648779391,-0.2768416753065875,0.07379363563306368,0.022097971864563082,1.0850626517461044,0.36201448709900974,1.3298475374717653,0.5106644521250358,0
0.27281954741680536,0.42680587967207323,0.5883618690327764,0.9150098461063871,0.604716734680881,0.4955428350038156,0.581284124102074,0.20117102098464323,0.2354120894584928,0.2098453502816341,2
0.8079140123673298,0.6647346428091863,0.8074136938912828,0.6291200291914599,-0.1062472459325774,-0.2949947986879259,0.09277147239177508,0.5589835693386538,0.5745173609503926,0.39335516297041284,0
0.29005821159155515,0.7323683441548252,0.3878405705552923,0.8377756430773508,0.38033118237723784,1.0515174168275994,-0.01380854432790199,0.734587173677085,0.8574617615850949,0.518200311999917,3
0.748087116180818,0.8103244825043286,0.28959090646051894,0.31499080687975056,0.8701277596434406,0.8058731800446175,0.23292571307770968,0.9450818492131403,0.8399760671474846,0.2929119281992538,1
0.6538957431898287,0.3031937628828515,0.9021141109590204,0.36054517310174294,0.8329121140680221,0.4755904330750991,0.03690291643361443,0.6641457562789501,0.315682203228489,0.3816367629700626,0
0.33743116422442365,0.9237559657157189,0.1252668509903916,0.6013617766672311,0.12691996928388247,0.38368380606417435,0.8322142867101937,0.46988743301423996,0.4256465849871376,0.9765374592110806,1
0.34270444257976773,0.8224812105029308,0.19190480839680565,0.580653637142506,0.6911241411121283,0.1272035015380645,0.6448476247965583,0.47581477399208233,0.22842631239693553,0.6050663529468903,0
1.2651963290462196,0.7451024339878841,0.09826414358697914,1.3702884811652944,1.3735888655232502,0.3701171987115872,0.020884943651094827,0.2927103641966585,-0.1808786959391473,-0.0520496301199547,1
0.8481575952274711,0.6613555783900559,0.06631149592019867,0.8326359629588586,0.19037932320153725,0.2735644480555202,0.07601843853245291,0.8856685978896027,0.8355579338440765,0.7080791401054898,3
0.39274689962693,0.0026475806412936675,0.13995134919863372,0.9806360407384858,0.2757597130218884,0.3694261930968834,0.9747174184700065,-0.2773173545469451,0.3854795483420399,0.29075561707570785,1
0.25461422576383336,0.5700962250683179,0.9291223559905614,0.025592180297573153,0.4053934444656967,0.6683127264451514,0.13773888702573764,0.3973589047098347,0.12241043938150804,0.8048031348760463,2
0.009942655742489176,0.34608591387145743,0.6638021857416028,0.2680279794854638,0.8294710989498996,0.01718254692447547,0.9511499228491475,0.2252233617501177,0.7447999203616509,0.9880355171845637,3
0.9216843492765912,-0.41928670495959336,0.39337313398971285,0.15238094861068846,0.5315974115463293,0.3796425006174575,0.57952600617512,0.7222812319626655,0.07265686503552543,-0.11504571987312798,3
0.2916086103638558,0.476078633119609,0.9455357789601699,0.41478978649545384,0.8102376628010788,0.7382962215869764,0.3667929229700184,0.4403587622105548,0.3629212462945624,0.24149673555971918,2
1.11083163104872,0.7298579047265252,1.046032383947986,0.744821115604462,0.4772437783662806,0.8107201913984442,-0.049645906743482654,0.3261174701966529,0.5478447280025298,0.622961908269132,3
0.8081607636830317,0.761975009894527,0.2488531640885542,0.3206995481826814,0.9117259849219183,0.7853945100989653,0.273240028728472,0.9822250818796748,0.7896605740463394,0.3035322516051573,1
0.895095250005284,0.6618996141513513,0.0631386142505673,0.7796085486477489,0.17107868416875963,0.24248155679573857,0.1247588870960597,0.8964237757337309,0.8388456539133369,0.6430087021012352,3
0.7959726754058771,0.34951252645031977,0.5396261420474882,-0.2015397438505317,0.2855190322794346,-0.12529969480625763,1.5890698788737894,0.3472336164477068,0.5538180747873087,1.3791900972675109,0
0.00029470780967048166,0.8331184765146828,0.8917735964328222,0.7880553877809725,0.2966566828143624,0.8880679525566724,0.8183474693495244,0.11256174398943694,0.39705957287029253,0.13369292398379073,3
0.3171899768572785,0.7583048593884628,0.6355548898129884,0.7959264098496405,0.4641920708751655,1.2194491294719871,0.18455530322760355,0.8428871956916529,1.02010095824606,0.6189862387048296,3
-0.45522315326428864,0.30734618638986205,0.18990655093458864,-0.2376486775799735,0.4857410578177809,0.44273108224477487,0.18500417917024858,-0.08850310834104652,0.9602789600127577,0.8220860138376123,0
0.803230980030283,0.06845867760363519,0.4149033528216754,0.8181957653928821,1.0132741876752474,0.4922388436463089,0.5814461481260711,0.8723352162837409,0.80944417255913,0.6012864396352804,0
0.5810377410050455,0.3033189390804118,0.39234477853678773,0.6101609206640489,0.6791651522291858,0.565930565099621,0.6963385755251482,0.049319482072405024,0.7660969911224101,0.3800563486282373,0
0.23121782805174,0.09767133194225394,0.5639128198147821,0.4978480842293942,0.8592115112306205,0.02643214754226414,0.6866142043421817,0.6437270805217455,0.7953190841910441,1.2533299434990721,0
0.30759955993482,0.10828321767581926,0.5514741203337149,0.37784416121440484,0.656962281822083,0.4505935528861189,0.6878739762051249,0.4006595634246126,0.3257204842222453,0.9175049560386049,0
0.5147693978391361,0.3750104279425419,0.4842489169258012,0.5273894901872687,0.20811140572038733,0.725932824235616,0.12372748458324515,0.4802198806378064,-0.035112855021694006,1.2039186345052266,2
0.18422422955039505,0.5436926966942276,1.028980836052735,0.4419283237035995,0.6856275614210651,0.9137237477276212,0.32120744095265386,0.6194184585030351,0.35364458938710275,0.2925475471203213,2
0.7698480383631708,0.3355435170467794,0.7347484165729344,0.4808523082689861,0.153647967244733,0.7897887318260016,0.5803941623141842,0.7938663130498057,0.4923987357935791,0.9983149201884437,1
0.11788558810929053,0.1910777244852307,0.7354785867144535,0.16261632132250464,0.7665379388605092,0.036665022985378326,0.799822257563937,0.2834970951425027,0.5465469216795333,0.5699977230288255,0
0.287460223512786,0.5487903546759422,1.0966283562872092,0.6343783300475919,0.5133200866537801,0.73477765918014,0.18763453950757725,0.5079341132748051,1.085797774250554,0.8476113142872359,0
0.6411783757286094,0.8758391630963086,0.25421662307752435,0.5210665817335991,0.5411518934344404,0.29380968698892096,0.7351285971292322,0.45130759239564405,0.06582421217198743,0.6497351575107393,0
0.35888090537326145,1.2483620100170612,0.9331980952022414,0.27798218417245524,0.41878294010408723,-0.05500629688398634,0.7731624991933684,0.29748100206523087,0.552623719535418,-0.023452942577842195,1
0.4884439109981519,0.8301275932208875,0.008890574380714,0.6204214253455739,0.032154277057696405,0.15021318905726755,1.1782272789981656,0.5989131592647112,0.8930824921370811,0.6456949907031093,0
0.3250016212405098,0.8067014640498185,0.24662585215680669,0.5292406094829047,0.7318608269198585,-0.47362189027084994,0.6756717935369756,0.2711552081291668,1.196402858422157,1.1752682421945757,3
0.08586921540932305,0.2338562078213554,0.29279786606618646,0.3696638314200459,0.6626043392560781,0.2325661520019705,0.7455649773383018,0.2913184885536236,0.3403291880769697,0.7178025432514938,0
0.5288055742321415,0.10488275686524823,0.878776819606918,0.42973008196876467,0.09882267738439096,0.7738276669943754,0.6753637237599671,0.44652450693270324,0.6714485866116972,0.8795517738177335,1
0.7051661463489924,0.3111622444688724,0.5625467195100439,0.972297007009238,0.5814034988353219,0.6869022713359934,0.5846439955913174,0.24825927671015838,0.9434113086864969,0.6758188500434565,0
0.024050142216691578,0.4603221896535101,1.1230435443899844,0.2835517928704486,0.6352257644799936,0.9989050839548959,0.24485466156529231,0.4317732931862525,0.27477953166869573,0.12155202610227983,2
0.761309138062626,0.1780169070307014,0.9050801847485432,0.3053144388773895,0.872512473996939,0.401542184780666,0.22823956668098422,0.6155148800808924,0.3273360770969478,0.2678694646105506,0
0.8643058272932982,0.7014771693781561,0.30083222383094027,0.2784910863996749,0.9707541235088096,0.7940151618507479,0.27265741327862497,0.957660682779223,0.7753246030423968,0.3506502335821409,1
0.2418096853275088,1.1287038079684542,0.09889226535893703,0.3614156475110867,0.7230484771504815,0.8485425123081725,0.48188620541244354,1.0351032042587685,1.3574127165802201,1.182385873012831,3
0.2949579157261954,0.7836880926129297,0.8991170275952048,0.10930893300832369,0.1384649137228878,1.044625174004476,-0.011690575388935233,0.6338089233294003,0.730310718596041,0.7047804714506765,0
0.542930073265036,0.6619621414872394,0.14994541903871,0.6638572951956653,0.13425547845280292,0.2947080488879285,0.9923662239585753,0.41196902005977637,0.668519552575217,0.38112851721194124,0
0.36719888525079347,0.5210173009070835,0.49185449124887115,0.7058108695067657,0.07853420900549754,0.6811495883041099,0.09671580173709787,0.6585844276269518,1.022255751339055,0.586276081755406,3
0.2638059887751499,0.3978092837068884,0.19435624801130105,0.11699784588909853,0.8688459465905685,0.43616358245979897,0.4190221326846545,0.43977653592922933,0.2669191821593486,1.006201541233594,2
0.23009447660601487,0.5556626346479563,0.9436174344497711,0.0481497304446717,0.43147713144539346,0.7059305466802215,0.1566872203589142,0.39775328694932555,0.12936487734114646,0.8086167990437009,2
1.7046241478239832,0.3839304864942009,1.1207604997652076,0.814434408743055,0.9620299759154785,0.5997770270422479,-0.5839680728327619,0.09944472449317071,0.7173361270822838,1.416606800275348,3
1.0207669183813153,0.25882141787036406,0.18767990345357866,0.735197795648646,0.11802137422255787,0.7223206865158771,0.33748344913490425,0.12109760409594461,0.325733412673614,0.6208482051763329,1
0.26311538091131603,0.12550071021771417,0.4215590877031945,0.264641251502398,0.5799268314051723,0.342081058792841,0.7322550052593306,0.3362424524291886,0.33065961006179223,0.817506277479466,0
0.2108062475263018,0.8311989756682643,0.6821896925114486,0.865782064769864,0.19236045232702959,0.155770152429678,0.9406528986765312,0.19832618980199607,0.12874478572115078,1.0872960792033963,2
0.8098032094397349,0.45706955813831796,0.19705785859643027,0.5641745064623976,0.3256826872942247,0.48128284775255964,0.41986348118972827,0.06382604210208859,0.8869957923848757,0.5509459361684946,2
0.6711860710407987,0.769750246704521,0.7745842169392934,0.33439922540250994,0.816954886678843,0.23646893871978555,1.018211468356854,0.17625763634035935,0.5968280053872839,0.5295019858477806,0
-0.027863853313207065,0.10026015967902605,0.9941935634238349,0.48175840057063574,1.1633674663428257,0.29789149642083934,0.019580693804812976,1.1233161583009372,0.8704564984983234,1.0552459627298567,0
0.35657039419594927,0.465952055402137,0.7689026184439154,0.4275854311708344,0.010165039610388463,0.37501886977521925,0.19407311011915612,0.6710214817220075,0.25644440528787926,0.8839781746920525,2
0.23817913192724371,0.6417346530549378,-0.029336041038920846,0.7880917231207561,0.26942208888190966,0.13027924784330852,0.8542042795991553,0.6421583768912913,0.31520692073832746,0.6880051103335012,0
0.6036666088471571,0.025340228942274935,0.08769598758398774,0.031621104376388376,0.6836218145789531,0.549637247839584,0.619493767654813,0.10152971534968934,0.32838263065362266,0.9463824530757052,2
0.24837803526407737,0.2813345390251964,0.8588627089259283,0.5241886905763364,-0.11270830886442695,1.0490316819434706,0.7317452973156581,0.3744266868417528,0.653685768405209,1.194644503690049,1
0.8198251694303044,0.07909612982719363,0.4512926410412131,0.7721196520241804,0.7124151410632722,0.7806922501086904,0.13827430422001052,0.06964639702024084,0.19393815104593268,0.31604862638200815,0
0.6914960507829299,0.2433130685440989,0.969867862082877,0.40602368056412597,0.8256261680955364,0.44844620427890264,0.14288714432726868,0.6068562874800336,0.3662931126057759,0.2906463468251617,0
0.8741188781204283,0.12255390827451759,0.2724576177167924,0.3413535818064424,0.4594127218611815,0.14638666474079554,0.770580682302628,0.32515316341837924,0.8619456012657319,0.41330732999379793,3
1.013397187106973,-0.3134823347755882,0.8181600340479286,1.0081742588097768,0.3019272802912002,0.3181003448410015,0.060869707266997974,0.8706147432444555,0.055026539006116426,0.24079989315583245,3
-0.03729339049437344,0.6099030275874648,0.2455090250131403,0.36041586018863814,0.7051427822898241,0.7906418747190603,0.29197803523640364,0.21471325098923624,0.17700646429145145,0.5253573288442229,1
0.24672549206902644,0.5817926258559186,0.9463398469382492,0.020988943628265234,0.4257791039245818,0.6937259578688076,0.14814486541233096,0.4060403172263929,0.10938817872647004,0.8292669177760819,2
0.6445422203140323,0.9206204660944743,0.2312254693343503,0.5422966520093898,0.5842788477258779,0.33803116370645236,0.6830685573385125,0.4309490304291001,0.04151439439772685,0.6011996557495185,0
0.29991386338856285,0.2587674928999703,0.8396928842858595,0.619994069501838,0.7405244340742586,0.41277562302394705,0.3609893158998883,0.7217116762070975,0.7073368742537388,1.0030847788149684,0
-0.19202442780471285,0.7415608763894769,-0.5275714741775781,0.48694918034770196,0.4070543576491268,0.7553732653980237,0.5901110766290584,0.2553182808431981,1.2705203827573683,1.3390690251547606,1
0.21904626131748373,0.7034940023770218,0.7673796543342063,0.6912482088738536,0.5717916086885138,0.255473123858691,0.7658607493548895,0.4511835482501788,0.16816070480163747,0.7784566666589083,0
0.060866761419254206,0.7763827510316527,0.38091663845756346,0.7476671873418452,0.35914747590499585,0.9651349064169243,0.16906307843093843,0.7557394687715265,0.7423143417935066,0.37655798883163777,3
1.1548511670837973,1.6424985935252208,0.4868002220677322,1.488229579242387,1.481344252602673,0.0913082230636231,0.40311092084580935,0.635893732047002,0.4478589203717979,0.6698665154048491,1
0.4708672590272308,0.1467559647150964,0.6137227641363634,0.4933273300192023,-0.14276641086035624,0.6176267050317072,0.4575031939819264,0.9035025677760982,0.46515618372563594,1.2323356303059847,1
0.7207465474717593,0.13249028100956348,0.4585338621476614,0.8160598307535162,0.7914118612462792,0.6726423928323296,0.038854803477728767,0.1313775616200486,0.18547836482071747,0.202445109259011,0
0.7908189241458881,0.2736715772963839,0.8514534784189561,0.4004464045193938,0.7287240707773268,0.47635427578407447,0.1946977605100803,0.5947719242316957,0.4192230335042356,0.16210627593361412,0
0.18748698904083633,0.31293964503761446,0.47963680935465025,0.49479918510135723,0.9857586624919205,1.3035202879709886,0.15677449848749997,0.4312450585557821,-0.3170377848614725,0.40499881197463,1
0.5801264209966858,0.07933574041944497,0.12971286511465557,-0.005695890292473502,0.6765875089690131,0.49409187291652423,0.6397697290380855,0.0742636944099359,0.34958394264334575,0.9064052883768159,2
0.2636604674552393,0.6914057012402027,0.5158648240527419,0.3365190966071706,0.30480669438528296,0.692240774258908,-0.10169242445755215,-0.07807850453689139,0.07467917899514022,0.7275031166184328,1
0.7396409160000825,0.7563174982066186,0.3466181366080294,0.41759457151636636,0.846177711788121,0.8368568809541503,0.33728357053690333,0.9468941665125619,0.8435847805439802,0.28509587482559184,1
0.6291325469247678,0.03643917247537115,1.0108958498070586,0.995944212835357,1.0171628364794774,1.1345136528589483,0.491539892272434,0.4903324785868812,0.7416689591471881,-0.042356627264458636,3
0.6340168647940565,0.17908675763450788,-0.02218096841217282,-0.04031696965598175,0.7462480178788067,0.704471625960565,0.7231002589076184,0.12154195355235897,0.3142984454695689,0.8230403554020553,2
0.21830839410689137,0.742168343382193,0.43133169100193197,0.9374292819245844,0.2980428909407209,1.0148755163713734,0.10170016469356279,0.6510581702078868,0.9628429501162565,0.6104309833648196,3
0.3291583335777212,0.4585722944381032,0.6875974953164425,0.14490667205116103,0.2093630137098977,0.21292595987753613,0.8542593246284687,0.8540216617294372,0.5371195209311923,0.3645247472574263,1
0.671875071770263,0.265579451522166,0.024897895307045864,0.5357327144860767,0.1123924704429793,0.30241097309976467,0.35607058200188557,0.03719107267350745,0.5845803987297596,0.5482828210080806,2
0.3958524080291842,0.3233404869308156,0.7720195222970823,0.6416255971835031,0.760001287806214,0.4578625030206736,0.2897112017167407,0.6377248101812654,0.7039832258125663,0.9906730449555173,0
0.821364484677379,-0.0023842799151418455,0.33571809840081734,0.7317850171257303,0.9567780484991321,0.6294943593087907,0.6093380479918432,0.9233588760283113,0.7351170662773513,0.5897640624295263,0
-0.3927692659121249,0.580206139615045,0.10927959360570877,0.4643989862124389,1.0742255224968482,0.07220971478540233,0.4010250516138852,-0.25776373022710886,0.08421200250868582,1.2175736743319634,0
0.7494550659493483,0.8467069987245097,0.07513679689249605,0.6521257176028276,0.8812707712127541,0.3984046751087401,0.11958855894071081,0.718744886505905,0.894997752642875,0.4259859704344614,2
0.4602567034877908,0.12174553980214003,0.38252672160991097,0.1761656686697921,0.9694592389442291,0.5133005262493638,-0.17511785588750317,0.6911205917028149,-0.2841581999619556,0.31113944952386174,1
0.7576787751596098,0.8445109481493362,0.07699488009828094,0.6525492720998533,0.8789106768371322,0.4044810945999316,0.1184848262341155,0.7158993194671412,0.8855820574116965,0.4321163329126316,2
0.7309718199354098,0.39958167679529644,0.43660960967244916,0.8375350543045605,0.5236892563352309,0.7887260916415495,0.5365476075138442,-0.20975008697511183,0.6688293143096472,0.03175869808402318,1
0.21945532735837558,0.5510833478583201,0.9556920290130699,0.016062226545356065,0.45441601881222904,0.6984388516681952,0.12149788171774066,0.4304681746049127,0.1187402631707871,0.8382993260434575,2
0.6774725229212847,0.2595400011530086,0.034217611757555555,0.04996368236594029,1.4134553981722964,0.2945236828086921,0.7645688268589562,1.1617816042071452,0.6918592147474905,0.901245780317752,0
0.1736053383463439,0.14114147262674126,0.4258477715026373,-0.039268505832344855,0.7229780307191429,0.5486135516908203,0.5820320094973925,0.22500397790487445,0.788494491719169,0.7995961028056221,1
0.1794875713905262,0.42827468387718365,0.14027366913832864,0.7367345954514195,0.4815033780644286,0.9639740871237259,0.8359632892789234,0.2828199810748657,0.6584988278329614,0.3398259520340805,3
0.5920070860162645,0.213696730265901,0.5228354669949542,0.22084428649739304,0.2262467067143836,0.802451848284413,1.0215628952475015,0.5830563196122747,0.37541681205337174,0.9143516439620851,1
0.27415303764749144,0.9254291997478723,0.7489921444674863,0.5335209082366386,0.3594972907661757,0.45858524009685914,0.7413840918433076,0.784775542722126,-0.006101642082327469,1.1313373962010778,0
0.534180630433878,0.8698297807435607,0.5403771125182406,0.2198527059030576,0.4421492666244039,0.8485984020203134,0.6302830096322116,0.27908346700521414,1.0454023991119807,0.7929510385205428,1
-0.023310174171511697,0.5351464305683922,1.1064841691546414,0.47832140729185785,0.21936121497986413,0.37253755318235815,0.8034315168917824,0.8968960245924338,0.08294201421146324,0.8573531848811684,0
0.2737459760318205,0.42890557515070055,0.5884012998463758,0.9169647339758087,0.6060986782024169,0.497443153312803,0.5823309074475483,0.2000390433996826,0.23617268554626245,0.20803563258696867,2
0.8229836202936711,0.4928018441336017,0.8766706539224824,0.1250693690056915,0.3930714108869975,0.28050757151395794,0.7392613976848321,0.8826728121200922,0.9339630879691967,0.3891787695805126,0
0.026746873431579346,0.7318302052955903,0.9304046535143546,0.3187135975046132,0.4932084453108425,0.3076778738069733,0.7843215719658809,0.6530527411477147,-0.0635804953455158,1.069735632637986,0
0.42183134920648024,0.8112669207140907,0.9461024599475913,0.2605976400993102,0.15733600033752482,0.925959434398458,-0.02908865279956839,0.8022825072154325,0.5997314871560954,0.7586565880774376,0
0.6779362230735705,0.8813488285662795,0.03677750952585351,0.9724560216904042,0.8846676918854967,0.5061559747729941,0.1600690224962158,0.7084674724875147,0.34913710375263024,0.10500658645227759,1
0.74756811692762,0.8543486874612481,0.06510114820078478,0.6409849861370658,0.8609652191992402,0.3792604354656192,0.11129355291583376,0.7383733275573163,0.9017556296155869,0.40535039424524993,2
1.3231597248481601,0.9709079724733212,0.7612586919921921,1.2973587955359958,0.31727012669559324,1.1387528909755544,0.45243542188146346,0.7590530386772901,0.7716785573252238,0.7702426939981637,3
0.10405863132279713,0.544784111812143,0.6818724032908624,0.34864086560927676,0.33153516648336767,0.8690223972290263,-0.019289026536665085,0.9731488316772996,0.6700041845669515,0.6017126997029767,0
0.7928289959437631,0.7691298507688213,0.228402932504024,0.3002756410691589,0.9242803263099877,0.784372636635225,0.26308408705351677,0.9800370139619922,0.803839196685475,0.3206924732508755,1
-0.14176394881150015,0.8835774750812265,0.8529819524139179,0.5955700227656063,0.21380680744634453,0.6098908589386041,0.9040589517439721,0.7221387031668175,0.07986723922924512,0.9964543485140063,0
0.09920073732060011,0.6291617988085302,0.5216826604917543,0.5552136728653854,0.6590774956613533,-0.0556957447242653,0.9522481920049464,0.4473061079652436,0.8731225963392387,0.8824495577594837,3
0.5106422534678106,0.20766357967000562,0.9171805565123938,0.6772482534111187,0.19123957096780575,0.9756232488335531,0.9056743613979776,0.3253918001189938,0.5636307862677133,0.8268680381948991,1
0.6551647344283233,0.33678569472767617,0.9855788707218043,0.37624350107433085,0.8495233489937283,0.5339642246355722,0.06630492812492564,0.5912093979299271,0.2915065941381242,0.2892771733081599,0
0.40116187439997086,0.2876834975359094,0.8906246614175015,0.6346419601247283,0.6224232777214298,0.41781367206037406,0.29775660877697185,0.732188364905511,0.7151343069440564,0.9789520722598001,0
0.20111064535598072,0.8158582778355534,0.2671610911475924,0.767269874727639,0.49407885391100026,0.2848100167980856,1.1801941332166106,0.5658180805748281,0.6534610480190379,0.7005779063585263,3
0.6103790775771915,0.2736530694645538,0.980585854544641,0.8712259810143217,0.19042669798990078,0.38163471665890375,-0.1691360615301822,0.2103614558914058,0.8007033609589738,0.04986734730712049,3
0.6474780813542246,0.3544906427851861,1.0270203437453689,0.30118739338626516,0.6741602764154256,0.38315164341393176,-0.022895157786373826,0.568761873810361,0.2359728511557781,0.28804339360705533,0
0.8096556548954479,0.7642296806125136,0.2440360405635396,0.3214400264204209,0.9094284767106869,0.7874660990244156,0.27432037789260383,0.9684729127631299,0.8001649139475547,0.30213097640996084,1
0.5858894010396039,0.3479964537169521,0.3528310871202006,0.6593315021447058,0.596918090241964,0.5194052542001217,0.5957435039041585,0.15284886255169478,0.8152634675672661,0.4753605556875423,0
0.6884137048773836,0.2538593111561825,0.9995208618599758,0.37776774926682627,0.7917206264633129,0.41961538098555706,0.13230959559366814,0.6172715629546908,0.36701534255374485,0.28132958251549917,0
0.24632344754944457,0.7668180737685345,0.41012392893003274,0.9488102451735724,0.27024423459274877,0.9959426872069096,0.08174156176656913,0.6865896612650193,0.9570007545188953,0.6029862419444915,3
0.7528481198334765,0.12475175120255172,0.49197806127668087,0.6574725881170795,0.5823147754349549,0.431411939199523,0.43430095152193693,0.24926028801489308,0.8894422261858616,0.3165099211049998,0
0.742649112680494,0.8558327128893123,0.09267507975377717,0.6580609741563891,0.8609480555931093,0.41403325951423836,0.10778403996543491,0.7061550132198204,0.8775977955356012,0.41528480288245184,2
0.37987230281189527,0.5693241697881113,0.16780422582742144,0.9181720693139996,0.11561295796146978,0.049882685852390585,0.9001201859304266,0.4844846644193058,1.0495542157430024,0.5851766522863509,0
0.5083697719883014,0.7827389761828627,0.6704661876131217,0.29531272319102386,0.30779256833553825,0.701561449652718,0.5966389388378184,0.36806271405351637,0.8607230138351736,0.9104357353431478,1
0.706631255669698,0.15485756015852395,0.47529029541235446,0.8658380806862656,0.7344463091981772,0.6469789351789835,0.026257819925138905,0.14409485792928847,0.21336992588027948,0.18002127147685582,0
-0.045261714820611254,0.3750631466777553,0.4205874526271677,0.19588228674555042,1.0300611075003074,1.0442424249700477,0.4127647413438205,0.08354455581611422,0.26318618558855666,0.08470778379036215,1
0.9718233501679383,-0.07291067681307785,0.8669911090558189,0.5515595624331247,0.7620336777702843,0.16749304496578155,0.21786117241874567,1.0516210586280894,0.35606104697795776,-0.22440441679389073,3
0.22506201945680293,0.3756779338891769,0.28594183388125205,0.4700287855344629,0.7370272414455931,0.8977009284685297,0.15369630176709395,0.22992840528500624,0.10905557772449284,0.3509001295567345,1
0.3841304622687862,0.41063665187028076,0.9425535343177339,0.48995181872659427,0.9137519473162878,0.7230186785274455,0.17462926011998428,0.38984949081100734,0.311183651162952,0.010127444077565937,3
0.8674548012665607,1.7196488721078045,0.9167415946881455,0.9530111637682371,0.24216595839838573,1.5524739105772105,0.2199490653398323,0.8747513128239695,0.6377331936926485,0.8519692914683512,3
-0.02335057167340493,0.24232524180891563,0.9155383317688452,-0.27162934015847756,0.6737456590963518,0.6051656793087525,1.253638096484161,0.36362671312736966,0.8517639426045143,0.327005831453061,1
0.27507744466799866,0.42763939437462495,0.5869090601661413,0.9167214529813245,0.608101753048186,0.4971328798565612,0.5782455366017171,0.1980286143910807,0.23200953668138108,0.20746281075169778,2
0.9936198287506274,0.9834233614120791,0.7199881085495589,0.5217097068987226,1.2134954985202246,1.2771626984086906,1.5201602862976666,0.5113748555282556,1.8159195570049005,0.7929760553083673,0
0.590454793357628,0.921395084059236,0.01941768442641667,0.7900064039198871,0.028807643456244827,0.26673490617066076,0.868790844240316,0.36847829332233634,0.6966868559601147,0.4867100234553746,0
0.5440946214821559,0.26866247515987873,0.42212713483459574,0.6746239282042038,0.6086377997765067,0.5827487819294208,0.6297762343596484,0.14538714692487098,0.8317853644446999,0.44796166302264107,0
0.9723789702825214,0.10296722904349581,0.13201417926729547,0.5027553844226725,0.6324440777998938,0.2568361796675692,0.6169182916755356,0.38763754375942855,0.7957540728578728,0.5738804171792253,3
0.5704302581542419,1.3131095755650077,-0.15958867054820935,0.8086537253481497,0.4141586152859862,-0.08764980508062031,1.2800270659053568,-0.033292535048090766,0.6039667203467463,-0.09214598000453161,0
0.8540119610381314,1.0354374206771506,0.10982857844011214,0.5618351208192611,0.3652955109951027,0.20903034891972924,0.8481825025850577,0.17054454485995824,0.3363489070975974,0.31612219498785543,0
0.8821936666884262,1.0556520706957604,0.8453055538690418,0.8845231577660972,0.6444708764490016,1.0967166278556912,0.06842632843897474,0.5876212503854508,0.6430145076612743,0.48917364534821967,3
0.6825526640785984,1.2028802501120852,0.8423149592876269,0.8564089318478938,0.7974250401171142,1.221542854516945,0.3511401534102834,0.4447642503512487,0.5173464759660715,0.4318978335984659,3
0.7088404408479932,0.2762504530111034,-0.10762621278769391,0.11843246210153854,0.6336045823178742,0.5488124495141669,0.3460892813260796,0.3549727974446511,0.203588324168962,0.7296082053064261,2
0.24918857118055485,0.5785112717969406,0.9422699289962366,0.02596495224442183,0.417234764546855,0.6819766643224179,0.13691538823920835,0.40522927775348827,0.1218407566103821,0.8189869412715084,2
0.31104043823582533,0.7345935173416511,0.41403386161272876,0.2641633187600457,0.39561729710673094,0.7801293205029406,-0.03186641850957579,0.10210445954261158,0.06505592614793317,0.7689938115098194,1
0.6831956701913237,0.8836723380603584,0.03758600082917394,0.9739634847178096,0.8889564061125451,0.5019252088096187,0.1547819311934028,0.7025121922233788,0.3464453019472179,0.10324678930635539,1
0.9972421008538002,0.06260465874578884,0.7008609266488989,0.6102604563727216,0.6979746099965897,0.06360856466082117,0.45900035293827884,0.8701859165063361,0.49719667340137297,0.05449344975323631,3
0.5784192104845324,0.7552751012527035,0.5451759641868827,0.2846417920947343,0.3528775384312189,0.7406113619312306,0.6368778765731999,0.330307737029094,0.9263604170593015,0.965684214466625,1
0.8952412495656628,0.43547670330862565,0.16390784481155712,0.6175277787285418,0.14907709138551173,0.5176923424001949,0.37783546444461524,0.05410421231636626,0.7942895542029671,0.5353692897953821,2
0.270601530345775,0.4338472275277598,0.5849773236563476,0.9215786591569124,0.6059736816458463,0.5002956318313317,0.5764254377241516,0.2006663946191696,0.2330338352598251,0.2129210475463225,2
0.10028756150467946,0.8386635234478417,0.7852798282555296,0.6253548236066858,0.2907409757233387,0.36801714862121504,0.6149413400100979,0.8845132839386667,0.05837565615642658,0.8045064206596084,0
0.25342395375228427,0.5793775408226142,0.9434316475333933,0.027522773228819523,0.41969180789173827,0.683308350086518,0.13789381245934831,0.40436892481768355,0.1176527330382592,0.8168117123654327,2
0.6810478767951138,0.8861974879808696,0.03886506047410619,0.9729946456972096,0.8890015249849433,0.5039599549003912,0.15361186861283413,0.7028313961415456,0.34722779687978905,0.10248296486610764,1
0.7510807045707225,0.8460487931610075,0.07604583361088815,0.6525863296961507,0.8801756480447521,0.39788854850906724,0.1202315631077014,0.7172927478721537,0.8937790688744648,0.4250496527838839,2
-0.047840846073371135,1.0896798739173856,0.43898408513685333,0.06820958603111538,0.2991151501466498,-0.2972478558445461,1.091831858965129,0.06021575575861243,0.47922048421128755,1.0531410837282977,3
0.34895895956326295,0.4122833772126392,0.8228777516889421,0.2824371946824351,0.5856201336894195,0.8514164426192952,0.23162490224074736,0.38359632047126013,0.2863803877613163,0.31477024852688423,2
0.6531779670236556,0.07147229645275882,0.379973875925836,0.85054744095538,0.8021298764798314,0.6962684448509867,0.08526057389180938,0.15415168427672923,0.11304309773590901,0.23869493792658697,0
0.3424614689217489,0.557344389135648,0.595767200964774,0.11605942060177517,0.4487867369080083,0.27337428672166353,0.8524580060203282,0.6293818892973004,0.7743764254159105,0.4748601218115551,1
0.24165960488003185,0.23430800520206824,0.9596606996994204,0.3543197312846347,0.7328943798545469,0.6724779620492352,0.23979543024133165,0.4775662552018271,0.1706001461137348,0.12041623540983822,2
-0.013456624834485564,0.3795525794019831,0.58535993573528,0.561856584995208,0.5031078620096268,0.685157843603473,-0.04108662931210261,0.8578301208060869,0.3071702615281157,0.4543509259088598,2
0.24423415745892127,0.4503527303313648,0.8382309493621614,0.8451022504023505,0.9587978802970338,-0.075540438446522,0.7566308046032159,0.41873815330581804,0.7811611435771411,0.8155166919551595,3
0.25895387946995646,0.9050787124360274,0.16114443976151632,0.8158331105774019,0.1355113069363057,0.4471576850505542,0.8880169845096286,0.3373344711023412,0.6922031840213485,0.7862941769501931,1
0.3456123472635482,0.3871101557086499,0.3941353400278488,-0.06652928530152857,0.17472684797500013,0.03125154313786416,1.0533947228114737,0.7370161074244115,0.6561591600952246,0.13147188675701865,1
0.23147747992448275,0.5545304090910678,0.927476914819918,0.024635102717611913,0.4294104116369717,0.7003171663212002,0.12074821980785064,0.3946574215141635,0.11421250610608223,0.8336037521023735,2
0.25276284031826024,0.5793499787559354,0.9428501282588084,0.028183049685003,0.4199997996641696,0.6816862536004591,0.14111040510993392,0.40632364001144905,0.11905933893016807,0.8189166247397756,2
0.30113802181415567,0.8390842098804144,0.757270238841895,0.6900097740078905,0.5180427489416489,0.07410334029432397,0.8121582288698985,0.5208220715312948,0.35477922455549904,0.6582004002882426,0
0.8034784790377756,0.7332729719498584,0.19850676266757328,0.35739990279828343,0.9092772914982271,0.7621849314392163,0.32202490184418975,0.9514411047413276,0.8331735631399639,0.29848232704918365,1
0.4253698792218976,0.7308944869974701,0.6393621770311,0.5251289303113366,0.038088389125443836,0.5089760132773068,0.34229001774845824,0.7517999360924409,0.007768542463231429,0.9972108606532932,2
-0.18398051966918266,0.5749474457591505,0.35088634975317895,0.3242465631035895,0.4935910338432077,0.10792492283298358,1.0415165153562436,0.19708406635586495,1.0321616206831608,1.0283438022921445,3
0.683413347976076,0.8838284623379743,0.03747916450788549,0.9757664175831471,0.8877050450434626,0.5017165740981309,0.15507385240962165,0.703875708969015,0.3473169547601925,0.1032875656881159,1
0.7540385391232007,0.1445871268817509,0.4496208139986253,0.795707331842511,0.8264096129276086,0.701088595164292,0.0037144519048027957,0.12679900639011854,0.21021208081793694,0.20677376087318922,0
0.09458261870996928,0.5529364735326244,-0.009956244474863818,0.2714636327965777,0.9092801244442046,0.7460999720671806,0.7231108535481878,0.3301729080981307,0.8796526287107369,1.0526701981801256,0
0.6619819390902961,0.25525129543517844,0.9879916473383028,0.6187698479234123,0.019904233152091833,0.5089222894662178,-0.12086875555637093,0.31444026821009596,0.7029815361891554,-0.09896872238829516,3
0.27560106715578736,0.4287635392530055,0.5854782253752923,0.9174830968064661,0.6080533623291665,0.49615134736295957,0.5790266025186313,0.20018655244149233,0.23219174701707612,0.2105121258152281,2
0.6849863735171366,0.8831261393783584,0.0362015413495734,0.9748104001814216,0.887993894121741,0.504862230538735,0.15363036689510767,0.7014788387966934,0.3451706682519273,0.10298150883681957,1
0.08327462365787383,0.7586393959715272,0.8908143221034703,0.49489862119250855,0.4062064258611242,0.4058036731549852,0.696005021207987,0.7767132482775132,0.17387057213209922,0.9100900970909422,0
0.2590144646598498,0.5741799553833025,0.9508680947438289,0.023320607418607274,0.4198056191846101,0.6716358624067256,0.14937484050698677,0.4067766679286632,0.11340111561408302,0.8257621399590535,2
0.31503782790550283,0.90002033266726,0.6028236458012339,0.7025387359335276,0.43920228688650337,0.643751070090776,0.8315338820853341,-0.1864029574726081,0.2814889340177753,0.2820192293035762,3
0.26776737767805664,0.4268278869042321,0.5872221314081671,0.9127658302581533,0.6056333903178649,0.5150074464321419,0.5868871078697911,0.18491281554834713,0.24129447246204108,0.21002974242263225,2
0.6004909492510085,0.8919973153953561,0.272191682348602,0.5316998509700405,0.5317730233003664,0.3308178497533285,0.7649842054153653,0.4992732915458366,0.056747785902724036,0.6386664147402017,0
0.05346764887420556,0.5543085401076956,0.31993595704097116,0.17799946180024534,1.021096447361462,0.5570104641233614,0.8693755044846917,0.44456450974546513,1.1845806692548717,1.6289626207981538,3
0.13937089010311196,0.6249814653500954,0.5033139525234224,0.5688418523535702,0.7662769936318173,-4.3615476545361245e-05,0.9369226862706297,0.5033307330152308,0.8151372967496271,0.8392721181762787,3
0.7700382480416441,0.2005250856366933,0.3856606295806098,0.2853317307679216,0.28154785797557635,0.7563603697509418,0.6860224947243166,0.776461071466912,0.18427808077041635,1.0364957181297374,1
0.7084850208763425,0.3494142821881624,0.7988626907117617,0.6351048568715606,0.135424068940127,0.35489983536335856,0.0325919724788056,0.29715395429505465,0.674915110074849,0.038023181401295514,3
1.1064278374251022,0.546106588184202,0.006191424008728019,0.02743472403913061,0.8155172846104943,0.14747936999272993,0.6270173629460872,0.48205084925584374,1.0996197558098109,0.37744078882812543,3
0.2496357375005679,0.5634584541653385,0.9460385564459579,0.05085865037943816,0.42135847482397487,0.6708281157465994,0.14349404441184824,0.40181341455910036,0.1426237516445364,0.7959604602819649,2
-0.017928240178051127,0.7956783940184458,-0.15988301417974982,0.2037704094712164,0.9804197329042048,0.6448142954682348,0.508653498063522,0.588087815990685,0.725316144223265,0.9981017448936425,0
0.6694232662854565,0.9214874903001133,0.23104767120404512,0.3820924477293023,0.6786808592532501,0.3673953980079202,0.8115777129356737,0.5826408533306131,0.1586046772986648,0.665283291012209,0
0.23132245255196981,0.5703619646391574,0.9160071785547578,0.06936790512308423,0.4465196546426933,0.6055732281650998,0.11366512677824232,0.39075774226946075,0.06115802586932202,0.7544901551544168,2
0.8317587354247021,0.6669759974184359,0.11121353041348708,0.2877657046476536,0.7896593206424806,0.6942598873223895,0.24690152312304636,0.8472841358967307,0.6740112953278816,0.37157682895491284,1
0.6752094217287279,0.8895481178785103,0.038067748209993695,0.9770954300156448,0.8951482963216959,0.5036772320903466,0.15549012494263575,0.7051088798152597,0.345216547696554,0.09665361959443573,1
0.37459492195899535,0.42413099074994076,0.9116759265747694,0.43849727264116767,0.9242741427921886,0.7497473530189533,0.16882173663457012,0.38227475507039355,0.3205278966723875,0.017721953159928687,3
0.7658328487730375,0.3760702875599688,0.8955547233429986,0.7450312136062387,0.11551795443415985,0.2816332479186011,0.0017546731638129673,0.20879687591034107,0.6415832501800279,0.10181998023035904,3
0.23648131862609062,0.25869547795090675,1.004473787870113,0.7566859382909146,0.7470597887944622,0.5208077896968617,0.2858593275872551,0.7296101718557019,0.5243798878058193,0.933797090344483,0
0.34503729737381833,0.07110989315765051,0.44726641895206193,0.3724338113601357,0.6320081642273161,0.2989542989592532,0.7082611865046218,0.2599346638809473,0.4540361763320824,0.7627198869760241,0
0.6107814439298193,0.2057133443612974,0.8222309561820772,0.2387436632299015,0.20018322768137403,0.27656463822101446,0.7802651448116806,0.6591596718774898,1.2102362003886147,0.6551879883662983,0
0.00540173293691347,0.6563148901719145,0.909111744976635,0.5950949842303446,0.28924257092378236,0.3883153600666347,0.6585082523494802,0.8634523209570655,0.10617722127650185,1.0009494559040333,0
0.5257357332586786,0.6580977365426476,0.6807069423952085,0.48567816797087615,0.46108186701674414,0.9492056562988194,-0.19173754807608293,0.6713411242553502,0.6005473666184681,0.4743261525290519,0
0.7200169855052827,0.3873058600349638,0.891368467316118,0.12937178703131993,0.3978821205860229,0.37510350572120005,0.6943576788379271,0.7705455402615916,0.8894212628552733,0.508476850456971,0
0.09347461335403083,0.7741565459199685,0.8888323854328322,0.5055151386904586,0.40480649241384925,0.40946503231937026,0.6796080470187078,0.7806031957630483,0.18283450961148848,0.9072786075364022,0
0.3200245087797122,0.9966682546054012,0.66685887491515,0.3575556721498168,0.3829616783193827,0.3161419285832025,0.8942851994489248,0.10451496183996903,0.8592092818481883,0.2912947162450314,1
0.25453172343726793,0.5790472773226066,0.9415014799189795,0.03231641786221124,0.4189952746807598,0.6753918013217646,0.13419713372376768,0.398379390195021,0.1253690174687424,0.8218032994153587,2
0.1418120409152476,0.12154633789511254,0.625953892554187,0.23464235349037788,0.6533377438509065,1.0222199501790592,-0.004853973863960248,0.3156514323297609,0.613602924558504,0.13465634153150863,1
1.6961281599357112,0.9629172348769428,1.3260421984419746,-0.17976269879375933,0.43422150297152134,0.9235046080344157,1.547841967243773,1.7496728784725053,0.26777197669607,0.5311609554942951,0
0.6965767880786677,0.37376746743485945,0.5127463700601339,1.0081542358936404,0.572884282221489,0.7229138049613212,0.5350418019672327,0.2949022874443307,0.9461232893598969,0.725136623853884,0
0.684260955557658,0.8498258858667159,0.2780935927458336,0.49672604279688815,0.5865305059733569,0.28609210163242116,0.7627141005850021,0.5111002253629032,0.02423252980170395,0.6509464046716,0
0.8236172735205529,-0.020038100093462415,0.18994652927656858,0.6527290503647523,0.985892440292171,0.5509029877210072,0.48855489528518564,0.9857495850394454,0.6537858702316479,0.5003739244657566,0
0.7593873712029634,0.8504829942725599,0.07089158528526489,0.6475571209701662,0.8861172209272593,0.40364534921379874,0.12973392526821878,0.7240121263109597,0.8963121352496259,0.41170654670734236,2
0.5427140685608626,0.3077818349815267,0.40043984393821364,0.692106363410521,0.6195423937218911,0.5663647635521796,0.6317482281384281,0.14624728090309103,0.8049182650669121,0.4331719823233042,0
0.6900961830214215,0.8748056520847064,0.037466093837488536,0.9729697146079151,0.8993853669937106,0.5121347399720236,0.14395919568473714,0.6923553854564451,0.3487788157167718,0.09963109675722268,1
0.17211329868341832,0.43626776839740283,0.26214317631457107,0.7369838999891304,0.48953886728901164,0.927709227333285,0.8971808482435024,0.4026267488108272,0.7147937090502295,0.2986494177758717,3
0.6253701876097489,0.8563720177773108,0.49489635916052865,0.31698099569637433,0.22185024816211948,0.9211434871813438,0.7406174233581667,0.3422208483078261,0.9904746607266118,1.0237558566217388,1
0.5364484123935236,0.13928919520248068,0.8563266282197981,0.4243361547321971,0.10041865955220321,0.7732677134548237,0.7159029417969657,0.5458643457934864,0.5255966664452206,0.92037218146773,1
-0.023707806860690683,-0.1310973627180147,0.9654430455360522,-0.20223424402035345,0.0646077695144252,0.47258172812159627,0.7633693058788471,0.17243059459298277,0.45037607356795295,0.21100553433832903,0
0.29409737662080465,0.7024986154171928,0.40960977413519173,0.30397603042521276,0.421274435035287,0.7297974627271443,0.0017980982056064034,0.06589833901798461,0.10790411066964611,0.7639170445869958,1
0.7555702779090332,1.0067664617603307,0.9747570784595868,0.8157726730650481,0.6818150564798137,0.9333612928338288,0.16187577989943516,0.702915430846732,0.7265645722248804,0.5061918687782737,3
0.20474152966650805,0.8070623340438499,0.9674112631060438,0.546220653714097,0.4052577039182299,0.22077395243759704,0.6522687753311819,0.9637172476909238,0.3099221554450187,0.9613234781265149,0
0.7737854535687302,0.8365973178794496,0.08464267129978939,0.6580199212983601,0.9008939681020383,0.4024793858628445,0.09172055212236431,0.6877557221904237,0.893142135333801,0.45139600552204245,2
0.7289290277321152,0.37929899983944776,0.9304293835177333,0.7437882716562565,0.08143826471828206,0.2970740932186648,-0.05526188915174555,0.20591426301796822,0.6758081463392421,0.0814199345606531,3
1.0916722149215863,1.0165642956322598,1.2511115534664243,1.2368819877360755,0.21824505359279422,0.9490629877712392,-0.27324983550319315,0.30136582174783494,0.4330078146541362,0.5623704760527315,3
0.2435472464856998,0.5853483536644777,0.9227534139439852,0.06010620532570795,0.403441459387352,0.710430522419339,0.131755765010429,0.41647988817261467,0.13704555549099162,0.7918834653199915,2
0.6913651368098984,0.8797098286592141,0.036771037134980394,0.9803083531527045,0.890924559733171,0.5040538270180811,0.1674042548624602,0.7056750897148191,0.3519657296406846,0.09118759225666992,1
0.7132723371005097,0.3126752680987421,0.5646414271635073,0.9798272475452109,0.5974529810290353,0.6755336935115993,0.5995350690483948,0.2311599974016925,0.9631030821579898,0.6632844613014415,0
0.17039356090297325,0.8575998513044492,0.3275355000497993,0.8821108881664937,0.33896542237152816,0.9176602216091396,-0.03887227514714378,0.7707190118388301,0.9263978647455032,0.6433839740957767,3
0.5961261558329787,0.18229992302043135,0.8818119191914428,0.31205055193419173,0.8137245573530102,0.41792715670313196,0.2364551522686778,0.5213028415202792,0.42165982837413196,0.32617840956239735,0
0.6532330112914885,0.8634930414128555,0.24061756765587194,0.4842076091813437,0.5780468002634243,0.3390193193236932,0.7110351384723542,0.4662359308329333,0.059610849949212834,0.6663273185454351,0
0.7157569851280355,0.9341722009322033,0.18482356830073565,0.5827158748566988,0.5791083596704124,0.3363855300969834,0.713609125990353,0.5183081616558438,0.03921698587846213,0.708765998500664,0
0.5688884142648577,0.5196080456551747,0.6591816158409864,0.29948530030770093,0.988774525988918,0.5863124138132478,0.05162775894741012,0.8835136109398819,0.7899172128284487,1.0796179653859714,0
0.25243643664861776,0.5794727480216317,0.9439629353780926,0.028569541484339017,0.4195397809299465,0.6817720601238717,0.14004975714723536,0.40529019569876595,0.11906545530800552,0.8179518896065028,2
0.3067558173696665,0.5106290306691055,1.2096419533531246,-0.12842217862048055,0.49647416685694457,1.0089490969459034,0.15948361459858365,0.7778904034816078,0.9298716678644972,0.3898664595088512,0
0.17225183860004928,0.5995000706303141,0.3865130228116842,1.1586213350466645,0.2934845137327357,0.8187725837742743,0.29214243935702955,0.8494501606031116,0.794584138664793,0.5714086008482847,3
0.540386328270743,0.5913940751243113,0.7126517566497784,0.4035544617051518,0.10962889419180834,0.5902445802464161,0.08652590563464758,0.558110972976123,-0.015612947550554312,0.8383270113084743,2
0.25443507771424184,0.5814366062948719,0.9607640242264962,0.03332023940956051,0.4213026880507574,0.667625413552168,0.13155529124956095,0.41265019541377174,0.09605289079171866,0.8203136392759691,2
0.3440107107496083,0.8098591395400474,0.7734142219752534,0.6884544311465645,0.4651591443563266,0.13170399923751866,0.7824016199705742,0.4668438997727386,0.31790557258499585,0.7179071546657091,0
0.775173812423422,0.353073268314453,0.8929285067084102,0.7066731961955566,0.1388520943196254,0.2540338605678812,0.003919314904889417,0.18909139202226402,0.675306550848699,0.13468273698759925,3
0.3287750625811615,0.4980275671135099,0.5216877754432847,0.18672455150113704,0.4622039597369626,0.15122401982150513,0.7775236797992061,0.6620574265328273,0.6524553875647707,0.44198831264856114,1
0.8032132793322456,0.45070881049891753,0.9660017488994793,0.8142091866525859,0.15756288031276405,0.30152043168860077,-0.04105112646015418,0.13437457926320934,0.5701934855688242,0.18325819111250985,3
0.09514365723549252,1.03489104028475,0.6276777965027907,0.7040133511929484,0.5897015031753934,0.8406689790110521,0.9235626760602451,0.2851264718960336,0.7912742454461763,0.470282197660431,3
0.032390131514014486,0.8738470799020108,1.1430065849965767,0.8784432213997415,0.32896173568711967,0.5301256119567341,1.0495392801797503,0.4877113712239572,0.13121201429900736,0.8393232125931265,0
0.3772785045119607,0.40225840042653666,0.9420914245962982,0.4706992334097549,0.9257902333264508,0.7333854014201105,0.16242639146029883,0.4040943052868226,0.32612268958964136,0.02760403059662405,3
0.26873267321939526,0.5752848677656938,0.9607234244389997,0.044511537460156916,0.4324131547849827,0.6732220282761611,0.13967014891554244,0.4204136772736362,0.1300729415892122,0.814992807142451,2
0.9085111116663074,0.15865040556476467,0.04443527417513127,1.0416351174788934,0.5642202600803884,0.33710757208247877,1.0269851263081102,-0.15701919215076895,0.4227871108993864,-0.11957609625238846,1
0.2069908047375591,0.3571884143685722,0.3001929370357298,0.46894254471687297,0.8029382730071846,0.6588770327444244,0.1405430650392911,0.4444605535026903,0.05684869172693599,0.36586918837759325,1
0.5897266751114894,0.37554634032111567,0.7554325528200827,0.6174258167315831,0.09262303703433346,0.7648838368196422,0.5237587915857479,0.7749538332011803,0.40195797454615073,0.9126425731437606,1
0.774102189939893,0.32674761787113543,0.8402796105680808,0.784210839524517,0.017839423457710238,0.16448167605704106,-0.1049445790998762,0.17135610739519175,0.6492798354903294,0.0875191995429823,3
0.7493315385852894,0.8358576417670625,0.08498159894955613,0.6461253524670735,0.871475894652281,0.40685689645828454,0.11423866058645633,0.7250082901079474,0.8946978207354699,0.4269427459212424,2
0.24407339446838994,0.7637338001328275,1.1469552752644967,0.15423038429573604,0.1017358381069236,0.38015776886133185,0.4495845233910738,0.5840632089419564,0.24572227326483748,0.9609746692810119,0
0.7377645766435318,0.8283997527158574,0.04148602536198399,0.6372127486259548,0.881712699471058,0.42820422656699747,0.13056919021358723,0.7011689232565587,0.894721253113892,0.4006663502423177,2
0.19246165994113865,0.3729050587835908,0.5640305686696414,0.4701965963213793,0.6846964654573716,0.1952147153032902,0.0838424593969691,0.8183884003107823,0.6297242071132898,0.720585507874885,0
0.41050001047113266,0.671158572863485,0.7768846650500962,0.40472929547904807,0.05531695664185495,0.4685166557529296,0.18882574427936963,0.6710333875670645,0.11808574394981763,0.9098462561429588,2
0.8107128041707166,-0.2071116846723965,0.852166299038091,0.5485514592728358,0.6917049215889154,-0.08504356370329805,0.11898351843962213,0.7608286487097544,0.6284978372977814,-0.1512562442753546,3
-0.04461419109890648,0.9359227819058245,0.8467730513928251,0.7436595124253859,0.2875925226672813,0.8530073279955883,0.806312363801001,-0.004679397848864772,0.4807978933228562,0.077223227348751,3
0.24089876864299492,0.5642325217744779,0.940797087294159,0.02774463485497111,0.4267865302886066,0.6577375757352143,0.1674758618921588,0.43155132915983196,0.10489206743724461,0.8358547510134045,2
0.8018706234819949,0.7592060059884816,0.24271200058953116,0.31110719679170085,0.9236562013929909,0.7850676218541319,0.26702084004651805,0.9843920530598581,0.7875316305566694,0.3063411152482326,1
0.8214439713413099,0.3187180806360679,0.10196826067322123,0.5142251798949886,0.25777463530888567,0.4692401668606825,0.4538403454875434,0.08872332790337448,0.7601563101303941,0.6258605338787981,2
0.6387321111864218,0.4341950847221237,0.6962311620810114,1.0697265189942673,0.9694181487827375,0.7432297512788767,0.47690834820643113,0.7679542898870392,1.1384021076622195,0.11022347882458826,3
0.7582316442160333,0.2973868341227175,0.9085428830115252,0.690031356719796,0.1122750956623781,0.29919960616399466,0.08135241863900464,0.1710844414237221,0.6909135144338586,0.052878629732673876,3
0.24428382927624315,0.3860004888307629,0.970159749700491,0.39202503307431097,0.7120354802493092,0.7812253489432583,0.31061392541078053,0.5236017734205112,0.3394517128310489,0.20995730440310026,2
0.24409706261458222,0.7713854733382207,0.42094081472472605,0.940265295480588,0.26994439952258525,0.9846221321648145,0.07809023002122936,0.6841698687311342,0.9500328866824935,0.611744005734937,3
0.6501389810147253,0.7944662981170026,0.11228562860565307,0.7285750525337744,0.08390522730224285,0.29388676371105216,0.9487495501951815,0.30867830034793503,0.8136629688408784,0.38804274000978245,0
0.3267828784074366,0.9146647709490534,0.09470916738137686,0.6069075491408793,0.15911847402415952,0.5161811719351398,0.7826238108525272,0.35846435468458143,0.6888811322388448,0.7674970223437974,1
0.2529532878588365,0.42083393372748523,0.9629742827347606,0.39122108554818075,0.7342381476622968,0.7996777177146553,0.3495309456658822,0.5108594802647858,0.297527066470447,0.21927063856768791,2
1.2461759799843783,0.5965256612593735,0.7210530639501316,1.1128102199098016,0.6803017777610644,0.8362776309589269,-0.1767457002702723,0.18004361297223842,1.1810408186317172,0.5214126751273394,3
0.33306191582456895,0.26061743719778113,0.8334917563635511,0.5781917696217983,0.7132857687466807,0.3992621063293566,0.3287781914522102,0.6761598013410874,0.7373638432789046,0.979799412939609,0
0.3984807386326005,0.582717779288495,1.063462355680963,-0.1433661461008549,0.15882238489449244,0.9683965071930515,0.10614362863700974,0.38699076496883106,0.7257853021085411,0.7397101198649396,0
0.18505129560913774,0.7406310214474334,0.42410354437936837,0.8455639194514054,0.3050283190850813,1.0144781558644977,0.14630122992855835,0.7413646443577777,0.8427727130923784,0.656829497063252,3
0.398324145903889,0.287904655107959,0.6400306564733595,-0.15121898304369957,0.12810085370123686,0.7466088757495022,0.23313315547447377,0.5434363681068608,0.5232430805693256,1.310884672706803,0
1.0384506859584244,0.8025195859851139,0.3095254624069976,1.0385461807654335,0.8154491779394732,0.1876227052043971,0.1538215842286515,0.28705465482119275,0.4689963956156484,-0.018402850685017846,1
0.19215273598309385,1.0183907359641167,1.0838989302211748,0.5253799719905352,0.147452305348767,0.8470892469138666,0.805431286479916,-0.10032179214259535,0.6802255104651116,0.2763954476267042,3
0.7198976595198001,0.8608872668813596,0.07092990311038844,0.2951031559631558,0.7015580163547475,0.3281864050564822,0.9470105245721612,0.28601522078363073,0.11671255265728969,0.5229870905737661,0
0.2728911486815953,0.5320903263599045,1.0782282299934023,0.5813716304155493,0.831702174544218,0.8842847631524384,0.4094133639310648,0.4884257077364125,0.531631342618092,0.3339200881480816,2
0.6603163496485334,0.9702178596316801,0.927165483739151,0.9337041286482901,0.7323755229927653,1.1978492157306928,0.09536672603077564,0.451825194213923,0.9211429232774218,0.5727216393228837,3
0.6525258148473045,0.8556594182666855,0.2695278345526481,0.4580724100943728,0.5157704572118131,0.26726600280521573,0.7673363098106765,0.4975137786692533,0.04193843861506549,0.6713597125248263,0
0.8037178686078288,0.7670251006707622,0.2387746244187589,0.31238471034580034,0.9060423707489489,0.7832874528022685,0.2722926499945463,0.965922906713859,0.7943456456125126,0.2960071093026304,1
0.19796376701534396,0.6817237304938399,0.3738914249612227,0.5070912423678766,0.7162973394943013,0.008696575286039003,0.9580324749392547,0.5321961130616928,0.7805350798020565,0.8857519326716768,3
0.3347958171363789,0.7669888817962538,0.730464204539365,0.7143364077739173,0.3579132875442009,0.17091580805490786,0.7430355383584063,0.3935182542424627,0.3259964747412635,0.6234114086833612,0
0.24290396530399472,0.1895134017215158,0.48419252432787896,0.2579358294083645,0.5840984454872257,0.4130807554496925,0.6708105318758689,0.4108964035687892,0.3785132494005088,0.77843738411321,0
0.4444857674839045,0.25975658671223967,1.0225510284841208,-0.5587696381041659,0.05221000528449776,0.14222514376106268,0.410929682154762,1.0016611237533881,1.7943266253837775,0.9465268577129163,0
0.6836221266632092,0.8811597310228967,0.025407502812443153,0.9504610901577338,0.8798795376591403,0.4731042210208025,0.12689805832694026,0.6865849645309632,0.37224312904656787,0.10104949193597355,1
0.2465584571701084,0.58021719227831,0.9503144041618968,0.024296927963842585,0.42101795963351074,0.6826003796512485,0.1413579053475731,0.3972966537191716,0.13011960509483658,0.8259302731543564,2
0.6496825921584972,0.38598552542973147,0.6589733914253955,0.9808278255731735,0.5974913676042766,0.6692820755684675,0.5987012347252593,0.23142880451169542,0.9283463706865362,0.6164743483220739,0
1.424438168996264,1.0743846005527762,1.3991449368936064,0.35870676032206394,0.8383969036776341,1.610852448540716,0.3743774106594312,0.8488405355778954,0.12000951965732021,0.442307810897509,3
0.10410608862272687,0.6072266415770984,0.49709206127964056,0.5674563090692382,0.7416417026117066,0.0006085852149988884,0.9143466307752528,0.48550948174948716,0.8509928238223146,0.856348053900348,3
0.12743873552846288,0.8959208505516121,1.0314303815476868,0.6204814171247149,0.39179113269944654,0.5127517920550446,0.7961658941028258,0.9262013672168734,0.27643881373084567,1.0802924753814602,0
0.7502132184529163,0.8395451577975938,0.0729752091944417,0.658684519836985,0.8867656764676832,0.3887250495932558,0.11677052275941743,0.7303499375033747,0.8839832787906855,0.4240836338749907,2
0.2626898596128192,0.5811777216044496,0.9531779032572852,0.04400884008508628,0.3986044992074032,0.6873628666760373,0.14526576919967674,0.40872105993844493,0.12860694550784313,0.8240620170241583,2
0.5698747214152198,0.7649064705396929,0.5631483439314082,0.2623486963537046,0.30500664995336896,0.7591316676286289,0.6290612825319994,0.30119637933007565,0.967327738198188,0.9287631961474265,1
0.7461155145174586,0.8469304802022692,0.06729548516915339,0.6583191087314407,0.8840435953471084,0.40589209664925197,0.1151233075260947,0.721053838711131,0.8917099017071446,0.4194351349577502,2
0.8633623755981935,0.4359450652897996,-0.010659178896639504,0.5091320626297697,0.16169987255809765,0.4722526198306975,0.4649220988084083,0.09665586476260643,0.7709205532778486,0.7375957055849516,2
0.745345679964316,0.8317916468765668,0.06875479732001448,0.6407010297228589,0.882087442923643,0.3831683327729247,0.12695814890034895,0.7044260798559587,0.9032537388369067,0.4161250728029516,2
0.9194361567537884,0.6013077595628613,0.015995283933498056,0.7704069841967308,0.28767405721658357,0.3847795810070772,0.0822225416768088,0.9470607060961391,0.8305277759266557,0.5811750343716975,3
0.12501389258690443,0.7992406258448503,0.8698151252483173,0.5305843165218552,0.4516758290634359,0.4149074910572905,0.6501339241901052,0.7467458555210287,0.13459237422706716,0.9540595285052361,0
0.3814606455557059,1.1650116417970733,0.4997505493574242,0.39442367047144794,0.5321180795422762,0.43350352823988636,0.6742267909814892,0.4522061069529525,-0.47380136262264716,1.0617321086336275,2
0.4098745358846798,0.3704979519060931,0.8415352483725385,0.5865566670329905,0.8307793731820879,0.5135555301116099,0.2809413605969126,0.7789699164752691,0.6933715476866015,1.1274098500953331,0
0.48618404810197835,0.4924848625964775,0.6192367291620045,0.052035236224951834,0.5045471736330899,0.34999808621179085,0.9737498243997462,0.6942553532341985,0.8656611078210018,0.5344372572140328,1
0.7771428945704393,0.35064750384544996,0.8700012388685247,0.7621917293964944,0.09357671052710019,0.2616507383541686,-0.007751734386738764,0.2104904939945457,0.6317946336596586,0.08181880538212444,3
0.6886823426684168,0.5375302460747542,0.8873050212385466,0.19381685739996418,-0.011890630229849486,0.9517799202863075,-0.14602249112533228,0.4471479808845785,0.11552577910494645,0.5906236631566955,1
0.6741771559100956,-0.3911195901646667,0.1266473722789291,0.24613447281750475,0.678495025120872,0.8339620589842942,1.0178521675377872,-0.2694981533405107,0.4174271419071975,0.919414976377117,2
0.24953343916684498,0.7319100260480231,1.0365888681168927,0.8910038333868826,0.4918061210461366,0.025277242233947006,0.3586760807931483,0.7768767223974007,-0.04352278537564089,1.2485842502448872,0
0.3939323184298675,0.41226035985690646,0.6618907607303834,0.19531226351087777,0.433031157736528,0.3305244735934153,0.8125042574870335,0.5888349606827968,0.6326652170681276,0.5072212947884023,1
-0.03980907714418308,0.19361427170371487,0.3354437394590003,0.576596847197167,0.663180648090342,0.33014418993566036,1.0591093207442104,0.464878341625092,0.39133987194532155,0.6999772895083505,0
0.752536962453996,0.31286940820504494,1.0061523860643315,0.33614819603195123,0.8526517448672192,0.3858814041779572,0.08082250647767752,0.5526362385046281,0.28019923355576065,0.3033166900912416,0
0.7616804404071785,0.3689320793219083,0.8928700513769161,0.7374250348966911,0.10351732927632479,0.2832458588923579,-0.01427880818772891,0.20632719751196935,0.6308717202230427,0.1108050824012409,3
0.3232414548255243,0.6262264986338162,0.7354569403404214,-0.06833096919640166,0.2659335510901918,0.23744669551040795,0.9043021803831,0.4980914349298543,0.620038788860431,0.4150151571232221,1
0.9921984680206761,-0.5622722640682468,0.6974265628766624,-0.7625448949962178,0.7873361688271416,0.2984819323730472,0.8649904167158736,-0.8061121911307727,0.2719776036888771,0.3177411467599751,2
0.39239123660329495,0.47531487696365776,0.6072361770161359,0.10029891220900333,0.35298548678410163,0.20636848983206701,0.8126377853311206,0.6633552124732777,0.7330580266481176,0.4577228807721507,1
0.29007533849994116,0.42723764928697194,0.9547905582991701,0.4081758149363056,0.68039318303637,0.8566459155881364,0.2524337686556217,0.5144489562434085,0.3298795932493388,0.18087438879991682,2
0.007616245196955682,0.45599596193871794,0.3836406685583019,0.6612977943308712,0.5633140151166112,0.148371626013884,0.909415597531055,0.3924195782523014,0.9131398471722342,0.7011321204087649,3
0.9020907986961482,1.4064551260042157,0.007204820633839888,0.31864386899531505,0.5495701818052356,0.4395029412572555,0.06038815312509893,-0.41598603341500073,1.4818270671030849,1.629639298529895,0
0.7843157148695122,0.16358483832467302,0.44989989030502137,0.7587029191531761,0.7610111859383794,0.6828682659408816,0.038576057516843745,0.16163906707240913,0.12348669800246634,0.18884511599645248,0
0.8879215672423011,0.6837963201122716,0.04997271713256162,0.8036057742419772,0.18929330961758123,0.2956367091974482,0.10335218044955993,0.9087095156522729,0.8497282559751917,0.6459108803693504,3
0.7959798041283168,1.1587024249077489,1.245074953425968,0.695802904545999,0.5290636428996587,0.736132647509403,0.33857472731537885,0.5199964833676535,0.595731080681009,0.3792231778708856,3
0.5758858242750101,0.8298380451404576,0.28183193500300413,0.4268834703811161,0.5190096792596318,0.27809199197953344,0.6662653616317538,0.5000732121818574,-0.02040306154361647,0.6984946467771818,0
0.2669880715093971,0.4172795565899759,0.5965116978910716,0.9146339489375107,0.6123088865009383,0.4902485705445584,0.5729655236644139,0.1985875845253459,0.2449319232211343,0.2105816679582993,2
0.36519242695332343,0.06343294059451104,0.1919627280670838,0.8676772338133895,0.4223823620438202,0.4106628305502671,0.2748250537254495,0.5137181739345054,0.8126935875033618,0.2205677179503243,0
0.6817704560758341,0.8816051586090492,0.03569612369317467,0.9717440251943515,0.8883548709261345,0.498767506332243,0.15167552127990405,0.7007786039215944,0.3501692306890789,0.10419146123816146,1
0.30656872929630824,0.35086952113165826,0.8526965632899144,0.5949191159576056,0.6579569463270736,0.3953212446041914,0.28581699915325437,0.6653267811418281,0.8166968738851692,0.9385512048429256,0
0.265103826811757,0.9289944544136767,0.5515586565895093,1.107880025237159,0.3964349921971613,0.9734811577102587,-0.0009631906198066947,0.6412899663705011,0.7792247123189069,0.5108319814513428,3
0.7206367211271624,0.6002318552627641,0.5974830038163111,0.20577309614395056,0.17096100736282407,0.6647797121258628,0.5330184586747695,0.46216560347770674,0.9967878402060731,0.982811093546461,1
0.6136263711332303,0.9146356288902434,0.2413774179215409,0.5419827006449713,0.6008855906606216,0.28369672550266495,0.7582420270637379,0.5008666403316521,0.09006021204982652,0.6520490753935556,0
0.08229045287829409,0.9228390699240232,0.6850196348106001,0.741403852734575,0.21276916359994455,0.8830130346857497,0.8850025672152767,0.18745689436800156,0.5080831698008785,0.1715446873517925,3
0.24185849617807237,0.5794262374028492,0.9323032503018426,0.043853208329174595,0.42248478792972427,0.6623556204667597,0.14430721072241132,0.4094088253146614,0.1282815536321803,0.8380747914844614,2
0.26580808820034313,0.6301290373459568,0.47007481908380955,0.3395174436232578,0.40331382556938394,0.7720516209115091,-0.025256874367370258,-0.11738473332137994,0.24385325286474152,0.8066826968407117,1
0.6257483744124783,0.8214024199657215,0.08410599398000679,0.7170880481236777,0.01930203252248315,0.24014724955257555,1.010784646793773,0.3210220742311347,0.8736645843389422,0.39065849875006187,0
1.1464318671509086,1.0484529370000177,0.8485410536006888,-0.23141762367495644,0.15493075429440456,0.5806444421226724,0.1772787461191101,0.48538098154334935,0.5353969797353071,1.481415420730345,1
0.7672543481469603,0.17090213131101548,0.42974520600483557,0.7619141174954984,0.7723723424190188,0.6537600088411939,0.01980615300583776,0.0988847787835587,0.1546101115439983,0.239717805058344,0
0.15803008540836033,0.40529370446079904,0.22570837574959024,0.7724870702311801,0.5272199992791932,0.9162725187858879,0.8709226197226737,0.3877967772910193,0.6988131942809679,0.3022754289058577,3
0.28022216351595447,0.37973268295443674,0.8772194954893122,0.6317087604114645,-0.3450326137634273,0.46465444293879077,1.1193191661989457,0.509242756452636,0.3267543291205135,1.1245463243209235,1
0.683800090506698,0.8840822172829118,0.0367813947581137,0.9747282589816259,0.8885310185384641,0.5028302589374161,0.15451162672822522,0.7044080697349111,0.3458555214631666,0.10258067852774286,1
0.6820051840806584,0.254569696733039,0.4875167404688303,0.5970379092277334,0.6723847602049553,0.49666490226347915,0.8131453280442309,-0.06625994044918398,0.567261484074066,0.6223498901135873,0
0.12290414703098798,0.4535991386291677,0.2834281602493841,0.748578470439254,0.46110867412278883,0.8694862844797394,0.9172012928812963,0.34235558359063223,0.7651978567442791,0.3382491161667563,3
0.7550402471420327,0.3526345878423661,0.8791366254980635,0.729907362907177,0.10625707210461971,0.26516017204791453,-0.019298854616968883,0.23742852999533054,0.6278378404939686,0.09137447217480293,3
0.22788176247647984,0.08192085258001455,0.211826229470614,0.14173526951581505,0.8585881001276389,0.4828837932629968,0.41093493838231243,0.11900606215084927,0.6284632347423348,0.750350159856552,1
1.0071235629493207,0.9418795638603681,0.4610649645149027,0.9928100226757385,0.43018518836744424,0.4742339823519207,0.9839547368084729,0.8970225910495844,1.3311675785788983,-0.5014544366566761,3
0.7595958935462159,0.12202770629483028,0.4744777665063175,0.8060382759740904,0.7811439912515448,0.6823982096605066,0.01510400059913835,0.10843315195787459,0.14950588626656447,0.2359609198637921,0
0.4347819065271496,0.46067833850576145,0.5765697255107085,0.12241685331007053,0.3863691007431424,0.23344380854459185,0.775242104408138,0.6184254265792014,0.6931561414165722,0.49221378037254043,1
0.33745772648727146,0.1612001180679194,0.569389118048951,0.8236383923656514,0.6361962852548882,0.48348017315586433,0.5528569500706674,0.3362223091318186,0.8878293554944825,0.2755698720025447,0
0.18303091590980078,0.7416261908224485,0.12053661282089867,0.14493607834832822,0.9859008695228795,0.8187029559337486,0.7734104436072298,0.49700468452110086,0.7815727704914868,1.055461538829303,0
0.89941246406349,0.2973816994330467,0.17226845802599694,0.5113271164866918,0.15168368102947305,0.3878637366285548,0.5796764535938013,0.2276335397226131,0.6833521714074059,0.6611214023171821,2
0.08395091244750123,0.7581115063195363,0.872818790131927,0.5039240412429624,0.39223867334464785,0.42340039949436603,0.7040049702282584,0.780648082418522,0.16511386871387962,0.9093124215809401,0
0.17953619437189383,0.7617618123413081,0.5259192291556325,0.880663295345873,0.21923607537263182,1.091994225309963,-0.00287812508770785,0.7614021690744501,0.9220642688517304,0.5023936667199416,3
0.2605537499782097,0.7413253572351537,0.3999623957528494,0.9375497484072604,0.293785022546272,0.9622440146250443,0.06911803520056618,0.6939978360197409,0.9507657709770012,0.6094992210380464,3
0.01166492424586818,0.847412309747611,0.9242166271219298,0.44380273319309727,1.2360257380571307,-0.01089266979339476,1.0574849452176447,0.15146435006127235,-0.7921233908636228,0.3623059109679121,2
0.6699284566834351,0.8740578673807129,0.0470359282160481,0.9554488971296763,0.8965473442703339,0.4774561359715915,0.17943831705414454,0.6910533147073464,0.32938237334180287,0.09748879467587897,1
0.3136885231767089,0.4833579515075301,1.0030392570306788,0.4323581500856124,0.6632298674127596,0.8506992054494898,0.40175956797532636,0.5820927149804773,0.251746051067616,0.23260954781950127,2
0.6840908909699093,0.8831750935357388,0.03668286533830409,0.9751710113434378,0.8882847905310893,0.5024041088684,0.15607234138493903,0.7033830711016655,0.3467373824205841,0.10263118455952627,1
-0.038414269340521834,0.48711464378774755,-0.2556490612807798,1.074587447538712,0.03713180909227046,0.48640840186244116,0.5178819759693482,0.5768330800549678,0.9582541270353837,1.067190257727485,1
1.2421270902446842,0.526386552387788,0.24577261566357467,0.36136361276255763,0.391301969716328,0.5368889683696164,0.1501818545207786,0.3715027116559525,0.7112258887501234,0.2421282301215446,3
0.23281960648229116,0.7551562663668804,0.4291988287999408,0.9488449433923475,0.2645098436220485,0.9983596230241305,0.08219254852427639,0.6891331927631422,0.9462904244559338,0.6208656889691464,3
0.242852207996156,0.6420304859195258,0.20454160554024198,0.6339945730669906,0.578154257378566,0.38654395546793135,0.8512872552455308,0.43551852899500837,0.9126953242823538,0.8269343076457525,3
0.6976716565472872,0.14225139223893699,0.4440594242736538,0.8254871546180423,0.7788215439491244,0.6751768699062568,0.05206274465984442,0.15633853388589167,0.20497817169755564,0.22023008815420117,0
0.586794196706728,0.09016448293881257,0.7717318200767398,0.4698669214918513,0.08659524885240871,0.8240264712527436,0.7287577030051824,0.5073018022574378,0.5716695896581119,0.977279553787574,1
0.236783655427683,0.3715349911482923,0.9520055896380573,0.3839500289282815,0.7255790228878924,0.7953018134943697,0.3516282474688991,0.5324769399541507,0.32990276749798325,0.21820907329767533,2
0.22650262780145583,0.5976333962739558,0.9459265525944883,0.018340638532847002,0.41883477817971404,0.6926547904274213,0.14567416280490542,0.4081263241090781,0.1185493084471302,0.8233607572177044,2
0.36661646725398667,0.8317757323591631,0.7915762057453425,0.7090840145995166,0.45082620150625147,0.13588800409248308,0.8115994454184313,0.4625822890747118,0.2854027122435305,0.7104773559765774,0
0.28121327367397564,0.9277122994349952,0.7462032436464463,0.32655035862702964,0.33448956913672573,0.349015932744665,0.8650989489743535,0.11180042338487495,0.8624285323161925,0.2173895331911577,1
0.6897134845210532,0.20664509898772498,0.9502477558933343,0.3883558243928853,0.7859964605147166,0.4513940710405102,0.09782846132434543,0.5883813711162504,0.34381676066182726,0.3198667548019547,0
0.8569044103498749,0.013798485858015056,0.30029391161555563,0.7528504001442154,0.9748465566847955,0.5815272682553216,0.5581195292828695,0.9261384197171112,0.7328165648462671,0.5472555045068174,0
0.3470997471526311,0.46520999269576624,0.502087756093027,0.05996978205111562,0.48539493415347107,0.17508822030830307,0.7530812367352573,0.6707925089403671,0.7364345018358108,0.404704442318591,1
0.3442230304053944,0.44702184971959363,1.0603189589721356,0.3620091252243748,0.8025007676797287,0.7935525261645392,0.2924624597873991,0.5152024768648795,0.2766400234863081,0.1897622126644901,2
1.221057345907907,1.023745071037391,0.06276072274054872,0.7222434763503647,0.7880499258720819,0.011680312611533926,0.12796026935427426,0.1636198353424051,0.19431142552717787,0.18009187910250574,1
0.6399843377256539,0.06509480969183004,0.5142831420042066,0.84000898750382,0.716932125976725,0.6657724713496767,0.7448444222663337,-0.12724625782767207,0.5097217105560604,0.20646334115357928,0
0.8685264077848145,0.6763872031765668,0.050875412548264484,0.8222253734177352,0.1929378350268576,0.3006078634745524,0.10556663024457866,0.9176794014335582,0.845389531724548,0.6559346162686819,3
0.6288297641682619,0.8925573788790379,-0.29495730671269077,0.7605022547983418,1.3246752677978777,0.1756178533211896,0.7518363166029438,0.5308984131211185,0.8359899163753773,0.5230790503234373,1
0.7139120367011742,0.22037317803278827,0.5180225107182852,0.5360137960851928,0.42677900862636825,0.7529907833189515,0.7789388505448838,0.20404429015246392,0.8410258855266647,0.4934245509295976,0
0.19978832813493072,0.7913718612954486,0.3306702138363976,0.3191432319404169,0.4462363420233238,0.6398526348848934,0.0030849498082897563,0.1647355137382028,0.23789428275951732,0.7685932455205772,1
0.7938462632610591,0.777438914768799,0.22897546824429715,0.31332220154927365,0.9247102654865684,0.7848900854724036,0.2941636577717055,0.9779506246908897,0.8078305814892873,0.29170480458281783,1
0.8577789504651048,0.6864488596703837,0.678398723131666,0.07359810877852985,0.5541807641034829,0.31221840113071353,0.870849992639564,1.0825844001906682,1.2428364876159879,0.27448484194234746,0
0.8665855940584113,0.043219917760753755,0.5692121730757119,0.6004894461623893,0.7013680265135223,0.14000392328546474,0.315959091417143,0.9771720853555492,0.4584692324249816,0.1031562304617026,3
0.047184206498070896,0.7428245996100518,0.742883236655751,0.6363508839948325,0.37526463572844176,0.49337354868355454,0.7746180713093568,0.9383312505089043,0.3436699711532789,0.7766265592288424,0
0.6212589922271774,0.832544789491098,0.34280403433459,0.4421084752643716,0.5745878666097243,0.29689998421627983,0.6471519166923341,0.4685892746580755,0.11064354798530861,0.5438276450202502,0
0.8459158135708154,0.00616659535327003,0.2888581673310739,0.7424725376019846,0.9657446706365542,0.5860391275714565,0.5768055423203862,0.9043072506015022,0.7250739550538625,0.5350211109592541,0
0.8103027791965153,0.09898293922534596,0.48449987171571685,0.8764257319594233,0.6991910565906165,0.5680623431732321,-0.07522144672005965,0.035415817448817305,0.1210712591331425,0.18736630601430315,0
0.2530988416201987,0.5818340262531643,0.9431162771608821,0.030150314945234145,0.4176340132910961,0.6840238699431842,0.13917941597096276,0.40555695629527283,0.1210012858099516,0.8180858777571794,2
0.9562747313775792,0.39374771363214867,0.9289470599046171,0.5625086650714363,-0.004980780827208514,0.4095021653812633,-0.11996627001283436,0.2331553904779742,0.5590624037236768,-0.00235456830708905,3
0.758340681473375,0.4515717733695864,0.7445230943766751,0.8789182256997703,0.22176350973241643,0.26594026230692835,-0.035169369487698665,0.3261026964622151,0.6268905331250882,0.16926567417430227,3
0.016959192373287177,0.8753543095419892,0.8180758268948162,0.7336339223548424,0.2833152962595065,0.800281702203779,0.7905488158563068,0.0684544495764735,0.41030514808607177,0.1155889836599623,3
0.8437980591971692,0.31245056726020565,0.26966379387898265,0.5137077186433134,0.3617442985682676,0.7440580736017918,0.7315379700789719,0.377549124034964,1.0474494495565505,0.5143386788862019,0
0.7721543693072979,0.7164703718297385,0.3302461383836579,0.3348519724983172,0.8984146864779742,0.7907290311884559,0.29092258488516276,1.0164991469027471,0.8079924103647427,0.32919358556632106,1
0.3322419919854963,0.7836325146129006,0.908880032784359,0.18320357292557082,0.2084631657149854,0.9661697395464244,0.004467523548205766,0.7281243196527208,0.6307400038687669,0.7147638305334502,0
0.8725024615311572,0.4449520511030391,0.882902357710778,0.06347104446823122,0.43670581174069073,0.30925269225948937,0.692193931153164,0.8459378154194294,0.9619949115144849,0.40174499282035514,0
0.6094723054946565,0.776162496804209,0.18366513479729218,0.52004130130512,0.48524860750806487,0.3213498011875285,0.8320271667045094,0.5222958676847702,0.0582455339331428,0.529676315784274,0
0.7227901002859803,1.0123852716866346,0.37132364983086696,-0.40988872581929514,-0.32159899781505175,1.2401130676885237,0.652323988713328,0.5348703327481048,0.8894339153856512,0.32273293137967757,0
0.2562873062483217,0.7502696968785282,1.0115101831719338,0.35206253673119015,0.3254964522568663,1.0807096085417978,0.20445775367871594,0.9497229040172175,0.5146939494382983,0.5483455877634467,0
-0.37715831124106924,0.7573404315436613,0.7845644082151126,0.1906389830275968,1.5132837605513116,0.6388975118674398,0.2851967791378072,0.41263476398429083,-0.40777413350146097,0.2736523222304543,0
0.5504678600061509,0.26224283143297333,0.3413873910420483,0.7119881070206119,0.5881495032312004,0.526668814421113,0.5508536528635766,0.1800104732657667,0.8779223235248435,0.40362884067529436,0
0.9489130317870081,0.2921283481361866,0.6046142884309976,0.4915923067865384,0.29832991614656934,0.20428258877587868,0.5775004354079809,0.9631124054515395,0.2804100691607559,-0.12406752910581426,3
0.5858199182839181,0.7681961294705462,0.587148170996602,0.2525777581165514,0.3360376337591795,0.7684686784456457,0.6527658662164928,0.3214610608774684,0.9575586770623475,0.9542797555548225,1
0.35904010049012375,0.5119430845219769,0.6046174689619037,0.18505906630186225,0.3853985096853811,0.2671589833453448,0.739164845880668,0.623407137903987,0.7315610546313791,0.5073154281925855,1
0.7419469402590877,-0.11794263491899143,-0.039600964009459644,-0.048029801920119936,0.6288434635646539,0.494884361516319,0.6603944274336135,0.020892857252276964,0.303438709394133,0.9733077336036613,2
1.1616703493112146,0.8222314757198406,1.015963883053329,0.8772808693377283,0.7694567343080478,0.984297335877869,-0.0008190587765778135,0.3283894424549527,0.8181840050396538,0.7237776645518423,3
0.24556802926998958,0.5822897543644028,0.9595369951187603,0.044500776072532944,0.4144621735539554,0.692430523457883,0.1481345597287475,0.4044874366887783,0.12776304513503275,0.8310448265278775,2
0.2726241040592195,0.4285402196119562,0.5849360069858509,0.9150749678490079,0.604682492834912,0.49945024199619653,0.5808701784529704,0.19951069952936115,0.2352013677360814,0.20964220780108236,2
0.7519855999502116,0.35510460442376374,0.945561382018471,0.04068774715296571,0.3085793102504175,0.4286859720597405,0.8458670036560489,0.9348563219488389,0.9423976755431406,0.4751621018753782,0
0.26834261269484666,0.43441945842542856,0.5842973831911841,0.9213532703982624,0.6090403285309057,0.49347033698773285,0.5810171334628943,0.1992374672206479,0.2267706567659763,0.2117457101121296,2
0.7502071753920699,0.8436543382746056,0.07553571716901951,0.6530175056944845,0.8814305703954037,0.39254203316527847,0.11750990543957113,0.7160065901810301,0.894265821542439,0.420207443857393,2
0.10038954868277013,0.45077022084276497,0.21587956469047265,0.7222053230017564,0.48356592752556943,0.9539935052392243,0.8185708374765711,0.42254329296930054,0.7577123825960892,0.24620607970644715,3
0.2484947998236002,0.5691947507089317,0.9344088924137466,0.025293063286496515,0.41022836560689846,0.6805650428807851,0.13143340371057843,0.4095181129491729,0.10942608719903131,0.8266514372926762,2
0.34168271332743577,0.5740817026580731,0.6301610254391661,0.08654161539473633,0.34531840024071253,0.22846961182412975,0.8841425298346598,0.6200257953135406,0.7211829035367187,0.5019343757750041,1
0.8362872874599595,0.5734142061916478,-0.058991829180573704,0.8749457358440995,0.07348033098608531,0.3160967990624721,0.12454691148259976,0.881779616449119,0.6937360982741251,0.6473518626739369,3
-0.06257262291872284,1.1043125001754714,0.7058270378081106,0.8117855193730408,0.1870781300393513,1.2823131394932759,-0.21718911766546195,0.39179341132005935,1.0349566547868563,0.3883236817201722,3
0.16724583538156385,0.8752108052707919,0.7291108442163144,0.4845194726686776,0.12216305377438286,0.2430729783503914,0.8350202188953503,0.040509023248227555,0.6472822851346707,0.10383153176969373,1
0.08216188545099519,0.7490057158816215,0.9141033481105424,0.5288405655626981,0.4337528426923105,0.3914323700992885,0.6614985459751352,0.7978551544433313,0.19776039020195524,0.9409581910941193,0
0.7578400108853452,0.8360743557503932,0.06277111195106107,0.648579482594646,0.8783881958977771,0.41243456086949687,0.11976508197974353,0.7236453851374606,0.8890555923536645,0.4106324816610158,2
0.24720512333829733,0.6020903008574761,0.48482099030391534,0.8378783577353889,0.2169697141701409,0.9386061705992983,0.24783051547563326,0.684877750735392,0.9804761547303378,0.6083090384840918,3
0.5645555323170783,0.5618081828767436,0.5521384869213611,0.1709446116940887,0.4491913982051225,0.6963744007139527,-0.27036873335675093,-0.1216693678644594,-0.1886074664675696,0.6593297538262411,1
-0.3392136227875805,-0.4728848810910211,-0.2143950501410269,0.3818898021097753,0.4694270622677851,0.6504041486331403,0.15545417311203064,0.2161672882998717,0.506632640219657,0.31944024135334187,1
0.4280731264520852,0.6115538393375307,0.5462493234365079,0.014658901307241734,0.5289297116893176,0.1734847527503559,0.6803679868628301,0.637664903926177,0.5826227853289367,0.41811253460268044,1
0.7380805749372163,-0.2775065206291786,0.6638309348943336,0.8287541588439009,-0.10619482964213672,1.016102505455905,1.0197006216719593,0.5756265295182355,0.7324227922226839,0.733624380913966,1
0.15902390293957602,0.957785811079722,0.2563608704022504,0.5068610577922437,0.07830340346485565,0.601306334767942,0.9214558225609074,0.11689454489275003,0.6317504876529254,0.9775769484643639,1
0.6836492591885637,0.8848756111964058,0.03854139704810986,0.9758410939592767,0.8874632905865268,0.5026152013877037,0.15599565250337757,0.7039555535304124,0.34592728264160094,0.10242487298194448,1
0.2984597334945453,0.6617882729667813,0.3128281935045995,1.0260265117893828,0.03655247745873223,0.21340742054287748,1.0854511765207024,0.09487516782452826,0.4893077790937703,0.2747379621802822,0
0.34271113271413295,0.5228716326003026,0.5258878145694248,1.0887931271231608,0.5211703167256109,1.2489743619546902,0.27099627499820866,0.9167217874218359,0.990926540356587,0.8835364155464974,3
-0.06506337880359075,0.6133386380997132,0.9353359040618996,0.5721030789822797,0.37038531341437253,0.4747082837712989,0.6922631546068067,0.9219168203170296,0.03614385006892193,0.8118526342733039,0
0.2729056165109223,0.4318400145875017,0.5884477211044966,0.91894165595598,0.6040927339810326,0.5018919414089754,0.5818721400962737,0.19935336470387824,0.2298188039942797,0.21270080039678468,2
0.5669424071007245,0.7491597139088506,0.11840011398009231,0.6085298975876641,0.06028083630611393,0.2864400379752895,1.068379567125907,0.3538193743105159,0.7074336549812981,0.3440888009157434,0
0.5261258222703419,0.14627346111625722,0.07360385001129516,0.10735027590514758,0.6086876911537888,0.398513485424433,0.8631567653871045,0.30473930261356896,0.6428545686869178,1.2698105746352715,2
0.9585634741654876,0.9622353369245287,0.7502284152105606,0.9651044962766128,0.6882686684371409,0.8753844190365098,0.2789229081468074,0.5935032699745562,0.7003196139103076,0.38161671385768525,3
0.14858950891014067,0.5959218586815156,0.018591874216440953,0.1224627369905666,0.800340143673232,0.7100757249389106,0.561668718479003,0.306205521256848,0.8844294426349989,1.0188402921179784,0
0.5651116431466581,0.05747883584851063,0.14213368140056337,-0.058853949340952436,0.7428884308775178,0.5197294237281928,0.5679626417626844,0.18386078678667542,0.3178307772079144,0.8805814917007972,2
1.2091627202574302,0.8868871717222507,-0.33561087669921175,-0.46281826106512225,-0.4302157053420319,1.1578121001193322,0.04094758750868199,1.1830158666046304,0.1595081945316949,1.638573145579004,1
0.24409907915587278,0.7693311699373969,0.4168723969825044,0.943461151663062,0.27469179470193694,0.9860620460602535,0.08172863588102866,0.68461764890429,0.9488533554623594,0.6074695689135265,3
0.5947119531245417,0.15280218454649314,0.23465656565881438,0.04600414789076255,0.44911351713234593,0.39950799733632764,0.6048518885193095,-0.19534212271643436,0.6342872473338466,1.0761670268087826,2
0.8243933096441807,0.2579926931329728,0.06398873530069343,0.527018177764073,0.27519860197691237,0.5394971528644789,0.4924522071362897,0.16964374194470924,0.7194939583521707,0.6071997938658856,2
0.27617412712005446,0.42561621402588035,0.5832436119087736,0.9149193254784507,0.6037336184267144,0.49573223541045014,0.5797606214783584,0.2014494981790996,0.23120185434394866,0.21015445269052535,2
0.7678121958504645,0.8598053646653103,0.051163212350136586,0.6804125129483255,0.906428813930776,0.4192450394914085,0.10036100973895062,0.7273629143075672,0.8893994959474688,0.424555916732231,2
0.22420327895258582,0.5651738928619181,0.9485375862743629,0.018773255114975768,0.4381916887012165,0.668400282525456,0.11473233777070099,0.41420663650393436,0.15100469831288654,0.8331705288370977,2
0.6893402045934114,0.8844850953517315,0.02533299188055125,0.9779757448694356,0.8974137021590267,0.5120785762088558,0.14873265214886483,0.7102634435845319,0.35857713312173056,0.1144141408084992,1
0.6388995704330741,0.8769426114920215,0.2591443808051397,0.5003706718831206,0.5595500589121343,0.30846080769834117,0.7229458499506861,0.4751970545715789,0.06612908111532179,0.6420586492285619,0
0.5910066658164012,0.2967384136718331,1.0512540545526865,-0.19530013147418696,0.2111086214759615,0.5848005999055897,0.5810470227379729,0.976003021550344,0.9079435432767122,0.5331812019740835,0
0.7885461417003203,0.15667695722427066,0.5044032047566451,0.7695785570805094,0.8131009427340034,0.677091755411199,0.017927100896664702,0.1597559996642508,0.2802081005461955,0.12423285865027389,0
0.7177668045534946,0.3439358848537051,0.03969320399286983,0.5101516683744417,0.19632571630172496,0.4930090668938326,0.39721499332088983,0.08766786021658582,0.7653319410713237,0.642072026173339,2
0.8836065947097255,0.9125392947939001,0.08341521141631421,0.7118170349541979,0.16574399976494808,-0.05077757473433597,1.137445419391438,0.09175330310393243,0.8850676996800996,0.46724915528539,0
1.1024822531970409,1.0417127084262723,-0.11677475640669413,0.9288790877613979,-0.0027021892819319993,-0.042812975273752774,1.1276637923528179,0.5752436318374758,0.7134150216094312,0.07521814012622224,0
0.6557060511079376,0.3236980009485874,0.890462503016759,0.8300640539637836,0.14493772561294557,0.373166953952319,-0.07460102372476372,0.22116132101830227,0.6320730795306819,0.2249052191546918,3
0.2666565608331138,0.5346138683585415,0.8475951394716992,0.30121898757644505,0.6887098754988504,0.8453502179834403,0.41402455140533306,0.6602364096316097,0.38706706069366614,0.20927809861467297,2
0.6247306402974382,0.5242651895573749,0.934909022534578,0.8021938068758983,0.16987770669631536,0.15730464829372337,-0.07736761677311667,0.3432027956309519,0.5358042200048764,0.0057526162186648105,3
0.28545810797861776,0.4695174298802091,0.26347315814986216,0.4516905931610265,0.7175713862241185,0.8853500441463016,0.12701193805433322,0.31218109987108295,0.004351397639001109,0.26288780894535513,1
0.7144867964126023,0.24925756633426163,0.181519519490868,0.590911606533962,0.4681887181756915,0.5880891969147902,0.7150096215755246,0.004941129730290282,0.5946371861109964,0.1662388132051906,1
0.20961613434272297,0.37310550991628383,0.35150183468335056,0.3992328390432188,0.6949480650382206,0.872780469593642,0.1569195803274963,0.306550829949242,0.1359895307670204,0.325421957658444,1
0.25941096964514293,0.5766967142578462,0.9537538457101535,0.03838977009215461,0.4288379909850732,0.679054914069678,0.1333425230815246,0.3973708066595107,0.1188541041423632,0.8223275059047123,2
-0.02222399434351846,1.6536832579297367,0.8348519762421746,0.8747590284203453,-0.3568078173998471,1.6516590014530774,-0.05376318828033886,0.815991014896502,0.2280527487217805,1.0676226527297736,0
0.2806409207209904,0.43434798977902567,0.5938036636786435,0.9142679803689807,0.6135228413366768,0.4972836967087847,0.5785521432449149,0.20277405450530006,0.2395202103495467,0.20995031148402374,2
1.0388963189220517,0.3492230351818309,-0.03792973028485097,0.8817404434890946,1.3256126634979886,0.9189881797009254,0.5046444895566384,1.2560367666357637,0.5379550160567654,0.22532426070502093,0
-0.08982620412013603,0.8894205815925881,-0.21871297362411257,0.39163775715830285,0.19330422722737717,0.8306628181908728,0.7855380228553469,0.5033117897646658,0.7372168869121888,0.8193405328278769,1
0.16829990782680126,0.07268702610457436,0.3881424733050394,0.21775519116324984,0.501619464588874,0.2434726824634164,0.6599200150624536,0.38445711342492794,0.29623015659600294,0.7452036774602311,0
0.8016634754034515,0.7730626454486952,0.23127060367771682,0.30765618219269697,0.9069166023546208,0.791273494961086,0.2692722439268405,0.9838111217908293,0.8112035119785398,0.29076949101044985,1
0.8428858550959534,0.27975224269956006,0.9409178637231502,0.8377350486168234,0.15558347559675162,0.3002080644938719,0.029413980578422677,0.2792574177445381,0.7361713181915865,0.14254483080544317,3
0.12431831336845656,0.25380810297045053,1.13161622508877,0.28723375250760536,0.7119756345058724,0.30852842281023657,0.1440079385363966,0.8546563457389541,0.9422073055097926,0.785413625152208,0
0.5801479504786684,0.9848060456298827,0.20090568099909958,0.36825666045232086,0.6966067092929668,0.44550522410143767,0.9236490164761207,0.2523695108285975,0.06834113113617885,0.7684976756576817,0
0.8870624163066495,0.5038521782444323,0.9261957367916244,0.5945843853373785,0.004270782759467226,0.1960688395959893,0.1813943241174153,0.05064627524628232,0.6434168590635087,0.009357980084428022,3
0.7944911987370962,0.7631683361234396,1.2214839879467714,0.9211767272562376,0.8227856232717446,1.3065091773527526,0.23484226621217022,0.5946347278441036,0.6591385778309388,0.6765291063198184,3
0.24342904045198835,0.4348450564119515,0.9799541368136742,0.3719153878842851,0.7459426209701321,0.7942526623772046,0.3624778809693239,0.5388278353213739,0.32456022512200366,0.24338201518072197,2
0.38997462323036836,0.1194730572834215,0.9675356383169298,0.5072836833951717,-0.012195742106158619,0.6394534354650827,0.6415575997222606,0.5438049215593924,0.4445053561815654,0.8406946113157203,1
0.8219335934620952,0.7796642805096444,0.23679045467212453,0.32128715141901154,0.9087673827116904,0.8052586851259816,0.24412045495435816,0.95417850013793,0.7965483808922432,0.29000736695446566,1
0.42658975218398043,0.4220896131894566,0.9331655039192643,0.4445815571950853,0.9308228172566831,0.7792058752471527,0.1802446372108685,0.4517987015679274,0.33920249448389406,0.015394765005345305,3
0.2334891376070753,0.9271844845119794,0.6309822684545789,-0.07950936330903319,0.06040958424346815,0.770750691556867,-0.13698698630337283,0.9491325362404542,0.38406094604770935,1.0123159921654583,0
0.3950364195999091,0.605913423351377,0.3653986776126429,0.8308596595285646,0.16539111522247135,0.8251475121258757,-0.06324313419039362,0.8852069737791276,0.7607504430859598,0.39607467054618073,3
-0.39747826413518483,0.4298527707612377,0.7819870690522385,-0.3584866280526191,1.0872655091347576,0.36380565243637075,-0.048195942039138684,-0.3393529961718176,1.0126792075243618,0.9225744155432314,1
0.5614755128777017,0.1629721942172464,0.4628054952939949,0.9026313458282197,0.6264845689745169,0.7523382586801803,0.735311941490612,0.3518034220755976,0.8539726696936258,0.27419437236791033,0
0.6882895698240895,0.880087471790559,0.03770844560800209,0.9803227755740411,0.8838402931834003,0.5000584540650205,0.15371879081799808,0.7013502042412832,0.34647174761591765,0.09785925868466733,1
0.6246948631427824,0.4625925982100957,0.6856722880390845,0.8347774464825899,0.463638074638874,0.5510742130429113,0.6626941054232746,0.10367197597746305,0.8598682592680859,0.6412244037630299,0
0.7957666730296117,0.735048430321455,0.24230321417282652,0.31325171817988706,0.9093616944212403,0.8184862314254172,0.2573247552347503,0.9523365113345348,0.7993412382494699,0.3187314660249715,1
0.5669479962835531,0.789027982411607,0.5119804908764273,0.3267389020946636,0.35964465325462236,0.8228868216075006,0.6653945644448465,0.29805805632820137,0.8802608997649749,0.9378017896771995,1
0.7326198975841269,0.2522366414604024,0.8100361972008657,0.9885890637897815,0.9081620283372835,0.7665961231873121,0.6851449889582427,0.730474262873334,0.991149702872846,-0.013229780872518766,3
0.2699472734237699,0.42981958202215614,0.5825217393929795,0.9159193751489292,0.6062779259342226,0.49508910916816756,0.5821178324203088,0.20197231857985667,0.23044406389273275,0.2061944507716423,2
0.3292018137296119,0.7805104012173224,0.6347303397557915,1.2021404706552983,0.2401649973297993,0.7778164701313165,-0.01748251925899523,0.5733711828935494,1.2296648526694263,0.6123758144214273,3
0.30977761526268255,0.4149374198011861,0.3153713002518936,0.48972846481561577,0.7419262800178551,0.8119747873719038,0.09693583011610207,0.2846650210473535,0.18113547809685798,0.2731711993515549,1
0.1289988980434475,1.5732502933849433,0.8101821556267852,0.4254924791733807,-0.3125649643449642,0.8712240832381493,1.18985962666094,0.40379999177484993,0.390467857418504,1.6386460009970794,1
0.8208610738533401,0.2769188508032488,0.06459638721950046,0.6725552133281657,0.5730958708986773,0.7892117185495251,0.7637462026691118,-0.11598336488674374,0.45435650449079507,0.254213559197237,1
0.836394456667642,0.6192630132929611,0.6782613537857858,0.3312085147749222,0.05871000481337263,-0.10701869587103818,0.5790411758393484,0.9147362418877292,0.41364014430816565,0.19113268741615902,1
0.28689337437512286,0.46905296417873876,0.3436905545834129,0.33399071229122657,0.8717467535808234,0.8762003834556582,0.1531803672260775,0.3350399765799988,0.13273423474611515,0.40368886341671273,1
0.6141741600691185,1.140502762780924,0.4617056197447297,1.209592741360465,0.8553828119117366,0.8820667326917012,0.017136610322408152,0.1316864182163227,1.1381725033255994,0.8177674498204528,3
0.8346663344321653,0.7432602663057121,0.19147976985099813,0.3049187550536846,0.947016232688096,0.7794975744529868,0.23373324527595743,0.9845703262370095,0.8318675230136533,0.3230865633223549,1
0.45907462676060484,0.42124384101652,0.7122756605323004,0.12558664150364118,0.4347690235889157,0.12962512031174084,0.7092375508119111,0.5776387527874035,0.5927495804744212,0.558427844332931,1
0.7981812095674574,0.09994442749226787,0.4182484236650775,0.8361102174110804,0.7077136062163284,0.7019657064703507,0.13957261991541725,0.18096890630382895,0.10889253353218106,0.22588441346583613,0
0.6842409784617993,0.8826309571241975,0.03884831263992638,0.9763011318864946,0.8873937242023077,0.5011806831829675,0.15581422413095744,0.7025057951776974,0.34625136666351125,0.1037797840110865,1
-0.042820616946451645,0.7247116474303227,-0.2426929313097979,-0.10479449890184656,0.7743499341040038,0.7240801452659202,0.3859186041537273,0.2067020837625886,0.943472177361361,0.8569037174294679,0
0.7943971847865962,0.4037858374454345,0.5179248869542676,0.9597404111713653,0.6496854595186389,0.6500143288704004,0.5194483145011424,0.3167640406345155,0.9710672303497592,0.669828868676556,0
0.7243164810486369,0.9311423505448548,0.8222402327169122,1.0453141399208699,0.679719968590178,0.9559832386024076,0.08729836161949955,0.688366639853928,0.9227080339539362,0.5443954582776992,3
0.01763148224401284,0.21587345073589806,0.5789652828715851,0.8408231791136962,1.030025253848915,0.3263869010321325,0.5819966843322086,0.40365084008665186,0.9401421952558359,0.7211345771949635,0
0.49191347702891564,0.495570057991281,0.7069979985736699,0.3380443640406858,0.31587590573028523,0.16163663586615393,0.5105353457451167,0.37633184481411847,0.11406311712434547,0.5635510531009487,0
0.197930040359189,0.289851841617892,0.112485134336642,0.4939201761895136,0.6534521562165388,0.6696277117820226,0.29616779933988135,0.03748715713294526,0.14596239408521935,0.441139680771252,1
0.2499327235363752,1.0344180424497942,0.28068411088230905,0.5009625960346104,0.36973786846984646,-0.7076407600967174,1.212631764916297,0.27786713018515086,0.37891036334524814,0.6272966437661114,3
0.044307986855877717,0.7841185461146427,0.9310748046452435,0.47678334684387413,0.43536378311655616,0.3314970879100567,0.6139674337880289,0.7794397597918766,0.25575696471327114,0.8132947856017344,0
0.031223783604730604,1.3070380883773303,0.680607373486249,0.10179491999176954,0.31150015773668505,1.0677310093999108,0.06227660591967396,0.7779158127349088,0.335039438689836,1.4724477405434429,2
0.7325002062857887,0.8365312955517744,0.11432072869180443,0.663965183915586,0.8608298306776339,0.4067296318099924,0.10277064336785721,0.7255946752576091,0.8785908763734147,0.4246772313680404,2
0.2139275320789431,0.12245523468349084,0.41425889927632786,0.33074934823028945,0.6333279089627923,0.25197363296635444,0.7997244954936944,0.3772155774176452,0.29781115243691497,0.7497382814681973,0
-0.016123931139583172,0.8492361516560831,0.7273204938272192,0.6872145693986645,0.41890865243146425,0.8069303976021865,0.8623914276645503,0.08701516062765625,0.3436331785539262,0.18303143421167095,3
0.14973802731399272,0.8886607709852133,0.32828828527768106,1.025880930126159,0.17218630893065234,0.9406341833482282,0.014067033957820496,0.6763975303696963,0.8709619892681185,0.4928665796621274,3
0.29659459365987173,0.8155916487727081,0.9729115004793544,0.22009768088478293,0.15522507477868594,0.947853887435737,0.028891468596716173,0.6621174567141812,0.6057651272678686,0.6569691505162126,0
0.7286317235028078,0.14207801977838103,0.4537661459779841,0.8129559961286515,0.7916578375887373,0.6629782306668776,0.04487062462350144,0.13158243377590134,0.1917090053482842,0.19626907476220304,0
-0.06862087529428995,0.6756256470565929,0.29966194976070065,0.609884795463109,1.1255135257226856,0.8084905447267157,-0.11327901464531692,0.07977814412954806,0.35040869176876516,0.4204344152434979,1
0.3808039074379905,0.5065229049205033,0.5739008418383875,0.11253838312431158,0.39729773883631175,0.22117554672275327,0.7939579837667632,0.6620286374676713,0.7226047853752906,0.44083581994202964,1
0.3941880066469846,0.5782073931669198,0.8906831556117343,0.5383713744716817,0.36878371298839485,1.2099858595793251,0.46493430026055704,0.6808665355622732,0.6417136175719975,0.9231747401852732,3
0.31331298977870403,0.480441379963623,0.36103013628836683,1.156061424135547,0.1379112495853742,0.962307984254217,-0.24508744639787666,0.8334590937208571,0.6949477921359233,0.7396104894324009,3
0.2362241211101777,0.5893824544127041,0.926664486849697,0.036894960268556855,0.4215566061485655,0.6972578250488372,0.1502162923531222,0.4162511552281108,0.1040634689663649,0.8335653816869273,2
-0.4387582706857245,-0.7668609058638381,0.03446146589641974,-0.5372191874146776,0.9571119641758774,0.39679674359820566,0.0539709131806676,-0.4271417449664693,-0.47262990367239044,0.8578279034801713,0
0.8314271541953446,0.4198379114302329,0.8390598414420175,0.7888776521706985,0.1639953726395687,0.2943732494416191,-0.03552829241640523,0.19038966378027122,0.5826445723940242,0.1396247756133491,3
0.6875696941910902,0.883392323317188,0.042011404561363284,0.9706377604016471,0.8855181653835752,0.5064673563101624,0.155529425960922,0.7024026220694747,0.3448587702724779,0.09824167649119869,1
0.2197363403523893,0.4402346210559643,0.28978399566445046,0.43908912229965597,0.7466791929802226,0.8676493825316887,0.14490796236836556,0.2587452624373111,0.08648856082655,0.3212025251568689,1
-0.34144511199775174,0.5327972305610258,0.6054336645420844,0.48418330900773754,0.8471081589256333,0.3304105990698401,0.438531298052107,0.6237999496430041,0.46251791511821183,0.4816645797190723,0
0.2568128789829141,0.7418993649914642,0.41856757817262447,0.4060858227844525,0.36513171756457496,0.8315303560544022,-0.025823049848463467,0.09050030242676395,0.06442537971640698,0.8100486520221497,1
0.6733267103076286,0.3366840060676316,0.21430408268369494,0.6972295132017712,0.48516639997382327,0.6985079565082237,0.6495752751834243,0.15371524732671266,0.5092377597080904,0.19159562860720045,1
0.6843555609880378,0.29376753927103505,0.921521411729414,0.6508639944044081,0.06677027775426292,0.2862715328995515,0.08339628046034056,0.18753991652579544,0.6986619665737291,0.01241164994265491,3
0.25334187051331075,0.8749547073477959,0.36159522207273254,0.8749822546882063,0.38103825199805397,0.8994580084254185,0.1574794963374802,0.7365866756604132,0.8786827207638163,0.5670335101960791,3
0.571809790484248,0.9120776631993358,0.3231525713741369,0.565687406910192,0.6311354870873167,0.29469931403026783,0.8052031253143415,0.4619966814125142,-0.013617294103287395,0.7364992703627452,0
0.15842372104722893,0.893719295775942,0.3908540087986246,0.28950473236585517,0.6431447045408922,0.7672097604258044,0.04629545434107528,0.01673138234085171,0.3026653173159745,0.5352284700766412,1
0.2685796724046676,0.4279953713189789,0.5836176689322119,0.920450288511264,0.600966915947032,0.4990653035954815,0.5849990038743644,0.20081817793395063,0.23188351664997914,0.2138035047601598,2
0.5894736079590324,0.845295234939975,0.14636127687066922,0.4803269313002367,0.508189808826181,0.42405469287363634,0.8613214812522277,0.5719549598087665,-0.07452008436222987,0.6436567446048741,0
0.3560764044231227,0.1917468709857258,0.5424110746024579,0.17357644777224945,0.4904358727199408,0.45097471226951735,0.6997385353113111,0.2999261930435438,0.40397715544610757,0.7376860390445621,0
0.18197457420337176,1.0077820932157437,0.9020173432547169,0.8520735700416059,0.4936418721228323,0.9730300823371241,0.9282528273151068,0.15868041057654358,0.3488320498257626,0.26204975036521627,3
0.3760991281975321,1.2497921102138605,1.3752239161240096,1.124714108917122,0.15032264074965684,1.4553941784728637,-0.18835847535418443,0.051875480011301156,0.4219096642999536,0.4551934570288065,3
0.6090369089014033,0.7642027554543047,0.8192766374303923,0.2944564915836247,0.5702341642022365,0.27318587887609225,0.8489535204323971,0.6836887314685497,0.8932432322725274,0.4320404411812229,1
0.9267431380746123,0.7737031804311693,0.8128143505717088,0.6141902426260843,0.5285093130825271,0.7925086451311536,0.2903365021812636,0.5310977809289353,0.9759053162687084,0.37535774649588716,3
0.5978461104574202,0.6750240514963475,0.8457730666752139,0.7200066904635773,-0.06476641693307544,0.8218440390405118,0.2733455178978747,0.9379690355510095,0.9931960998593977,0.6410643758290524,3
0.3794862949611064,0.689624049354212,0.46193428435423267,-0.17065232719660262,0.3669916567431615,0.181053152789625,0.5383257720153034,0.4115780407217176,0.7062209591599837,0.367052381251766,1
-0.00017755449898684827,-0.11011903823766253,0.4864042626414626,0.20919739517512792,0.2788691424311503,0.2228639197014901,0.5422539232190915,0.07049735618527375,0.14345241145080637,0.8427071789903833,0
0.5301191255229658,0.9025229385366369,0.21294020556558982,0.545474460082527,0.22008167625490446,0.3541302549781841,0.8287699612151407,0.3915837188477967,0.6363334187730078,0.4961306608870737,0
0.6138025178388874,0.8697756860318151,0.6407850640570474,0.21395198112397434,0.3919088097163165,0.9457497982890318,0.6561478898595009,0.4609171113439158,0.8365661890270548,1.1066584944113926,1
0.2749790951446556,0.4328806250982586,0.5888618670371127,0.9153919106000344,0.6061997875337815,0.49635952751186563,0.5839988847700814,0.20030876072067796,0.22962758735984407,0.20806088111351412,2
0.2627991139834506,0.39722216863109233,0.28164561947629235,0.5418824948870532,0.670057498038848,0.8727701914199423,0.03443238081189583,0.3130893198027464,0.028093841919395568,0.3271887623040353,1
1.3324000266599418,0.918940845200869,1.1028810944878014,0.4107292645428801,0.07999990878919405,1.4551139949144463,-0.6378839830311704,0.12248374552161562,-0.05293373048290517,0.12305219718420679,3
0.2992260025562628,0.9256312711153931,0.786545936103994,0.6385047506392264,0.3807939996565931,0.11419766302898476,0.8809476575007266,0.4985058887259405,0.41232181635588494,0.6669970513833287,0
0.8829803020459615,0.056901500495628116,0.16459223838863624,0.1973578549618162,0.4910289825935368,0.03324638428441176,0.7744347357767292,0.2084295529970831,0.8543334027831325,0.34005829255703096,3
0.6049299374307284,0.7817533075746971,0.5815830305986307,0.28026999968396377,0.35074810168269466,0.7534684371077371,0.6362623878237225,0.3325054490488352,0.9628516504734876,0.9275661714146021,1
0.2582570020587493,0.5831650731242336,0.9457611971906129,0.030631573447649302,0.41371271443434254,0.6730322779895177,0.14017524342066462,0.41240465043763974,0.10951285740530706,0.8199483920919165,2
0.22806394396444618,0.4869120893415989,0.9126373828041138,0.4955176610650366,0.6906860959234156,0.8497817161008454,0.38165615763295646,0.5961197707408252,0.3005212757106906,0.28936631314382044,2
0.5580007456528085,0.30353469065518673,0.4131971047574313,0.7080926662621884,0.6229883879603422,0.5727192418076682,0.6175029174651036,0.1441493600264054,0.8058028518046612,0.42939181841909785,0
0.3217470667625032,0.06733617433089548,0.16132464216310097,0.6258904343341829,0.5071677974598966,0.47605260103869185,0.5795763836626118,0.02617507759582484,0.7714216203281152,0.5348450516238669,0
0.680330299489288,0.8809179213226985,0.037179226675068046,0.9796823342252303,0.8958891838444363,0.49708550929468764,0.15203987139879205,0.6965477391722379,0.34562053310272406,0.09798779357802101,1
0.061474799467821806,1.3068553876977205,0.04484911432531036,0.7885710481811959,-0.09746281091351885,1.1230438439505,0.44041633240555833,1.3171107391137977,-0.23096880184937574,0.22725186709307155,2
0.8245395314075264,0.3721078816703854,0.8533634481517887,0.7707706650738322,0.15469346374099605,0.22481012193215905,0.00935465378644328,0.21972463123282612,0.6296502402241541,0.15777601309883665,3
0.6152947485645496,0.19227385606825156,0.8960936202650024,0.4025364453689262,0.807878747167061,0.4058721593352187,0.20495977363618245,0.5437705780057457,0.4018790423673818,0.2903569734790715,0
0.2558088004003115,0.5887211841539066,0.9438202760294762,0.031683583107234896,0.42521735170643277,0.6822401191738049,0.1376650352049348,0.4123121029046316,0.1251803731626059,0.830027212101569,2
0.5013472896278284,0.3942047331378367,0.48816935874287537,0.7242837144170162,0.2901400921649974,-0.29290759657961385,1.1363294813293832,0.8709551322510473,0.8566722340718353,0.30469728126486834,0
0.4675243566104138,0.314000046084953,0.4596303709273302,0.6769228469986549,0.6901105071087683,0.4970614201277541,0.5719571104882403,0.026813688231261415,0.7316492151008909,0.525920849947121,0
-0.3069451831864044,0.8743126234006368,1.2459310834774802,-0.059880706268421735,-0.20137632575593112,0.6757549345621001,1.266333750785658,0.12749878014939428,0.36497681898852413,1.528819260552849,0
0.28640525724502686,0.8143563791531921,0.8344713513281721,0.10910474129346043,0.15586987956689613,0.9118705342191231,-0.09212545287790058,0.6334267677874628,0.5908150034062408,0.6503694478349763,0
0.7446729579119516,0.9635949569139323,0.8510516137621724,0.8215035343237432,0.48130698890546125,1.0823681849134161,0.1474007669390957,0.6792609256373419,0.7366128708107825,0.537504647323677,3
0.720254330957018,0.30528390552006557,0.5687893300269694,0.9847823690980686,0.5686890019989734,0.6983614493311879,0.596036727520662,0.2375847931467401,0.9381329928329886,0.69341120674233,0
0.2587654670104958,0.5755277596490598,0.9374875593344423,0.028303233567717866,0.41894085040367346,0.6807746570775769,0.14224896892858913,0.39916021499111765,0.12711367676045132,0.8179807639310773,2
0.09177615720135807,1.0745485896394542,1.0891290782301475,-0.16906745732340178,0.5353208495207796,1.338188000654407,0.07732478230995042,0.3897117143648348,0.5971055953910794,0.47410113799563913,0
0.5022313751875771,0.10505754140284836,0.6581264189767686,0.3835375642036375,-0.06895321392458717,0.616376891632009,0.8182092097005145,0.748473428655153,0.3921504918041223,1.1141588128821698,1
0.27232760640780457,0.4277381574642734,0.5845747424013493,0.9158782063798586,0.6081827290337856,0.4973357458198089,0.5771690692719385,0.1960712160218675,0.2341761011395802,0.210859044428398,2
0.7221576603297011,0.4222660581887326,0.8429374408046092,0.7087809493381441,0.0867490807820675,0.2945936685290812,-0.021197432747893468,0.24619054575820734,0.6526153706204088,0.0564041216289702,3
0.2791311151319028,0.43281060392965814,0.5854511913204756,0.9123555336830846,0.6035216217484293,0.4972563591995033,0.5748774862048137,0.2012136604950535,0.23618178529095613,0.20449519988193626,2
0.2735163724648538,0.42846185234780787,0.5846041636211864,0.9178890033830098,0.6057384716434145,0.49714121509368264,0.579682540092466,0.1990760686413517,0.2346266712269483,0.2083804220172488,2
0.8340038783209137,0.750197509636018,0.2759675451966266,0.2823091769016729,0.9263228718902656,0.7861772213228412,0.24050532380577294,0.9417425545759642,0.7819643341808017,0.3362819069133188,1
0.3526513215944286,0.8067238590226944,0.7871956950321877,0.6554601181225177,0.46880935737860185,0.11219713695418258,0.7851643976983148,0.4475838913880892,0.329110435199841,0.715697520193683,0
0.6568903809060566,0.7466757767810882,0.951409199266233,0.2924980923358197,0.21260978884498233,0.6349758123832651,0.48256659180928174,0.3013282257120269,1.3073419743649213,0.8036652920567335,1
1.3999764150506226,0.3933722524075213,0.93894306675539,0.030512615187152578,-0.19030665662830637,-0.018531088617718905,0.5755903528539831,1.5040239839830063,0.9218819259604717,-0.05543847044674799,0
0.2733533153843203,-0.06015451502782554,0.4006158421918756,0.22007446518944304,0.42547040761801175,0.40298068040916935,0.5904572833777394,0.16977343059228,0.24020378197301728,0.8727880242298494,0
0.6780537825474203,0.8885618788942128,0.04063815959009936,0.9710155196434592,0.8905082029409408,0.5060449817983639,0.15058410240275982,0.7071336148242889,0.34510317786939027,0.10683963300690463,1
1.4352710927040393,-0.9731203468334616,-0.952242252328111,0.3754864253241711,1.139615050665055,1.5810301116182985,1.5239547145916097,-0.16742618750329014,-0.578786983423067,1.3185949542458375,2
0.7719269216043174,0.5216621695643329,0.8210677236267587,0.142983241136805,0.4096927656295146,0.36736203320949334,0.7045539478555969,0.9380245272013666,0.999680024128144,0.4659246904115588,0
-0.07305801449001934,1.082743759431978,0.7391744878375456,0.8036587518171833,0.44905135548062786,0.7212623340757682,0.5687355327696644,0.8815331151282249,0.1673174837961489,1.109460220087452,0
-0.2540805922954644,0.9395687067424312,0.06617548037916243,-0.2136515207906468,-0.1970535745326371,0.8722679719658035,0.4276322717029031,0.821082717503636,0.6455196629579439,0.01932005026655259,0
0.4276178620889852,0.9141097084982162,-0.08841602669047627,0.3413654073310788,1.1115399370074552,0.4413007371538661,0.35360541674884416,0.17236280143959865,-0.0709171887927339,0.17506438695457524,1
0.26809656291040385,0.07307382662118306,0.4265494993890604,0.3039447667155962,0.5361997938416624,0.33085479413695584,0.6798730703572733,0.3105411575332931,0.3120908674583653,0.7600400891987011,0
-0.03847814751205976,0.9133630302997641,0.8761392324638739,0.75267597596907,0.27152325767016927,0.7632419405029593,0.893183424771476,0.019057773813456996,0.6034748891586343,0.1600519366277139,3
0.4154416492890542,0.41162474583715,0.9257761181802878,0.529707020919793,0.8618614199472858,0.7638886823252795,0.2109243889160001,0.39044248838544016,0.32458215846832494,0.04754605603918963,3
0.1311258102927762,0.4593795571348076,0.17510624907500605,0.7646395937356503,0.5039606318732196,0.9362750210025818,0.8668862758101762,0.4358057508937034,0.7147447811342297,0.2557029094822561,3
0.6498171200331865,0.8139120983122052,0.0955406112174476,0.7551601274995888,0.10825132246327199,0.32232472023542874,0.9457040278752877,0.2986400610119165,0.8150835852238644,0.3702265671093446,0
0.4087570020219866,0.5308364530994685,0.6214320707735129,0.03751857285789596,0.45279561764244125,0.252622066428238,0.7260232359519763,0.5967873831504348,0.7885499059168832,0.35346391228460217,1
0.2870387684747454,0.6307600822279439,0.9305422848730649,0.026359498755047808,0.40886219856231504,0.6461513902238023,0.14554742532573378,0.37124145117434043,0.13555864044454036,0.8072928061485204,2
0.9527359237824776,0.07884347664187427,0.6701025605629696,0.5933676735452399,0.6654830976063933,0.18697655683652073,0.3297179247701618,0.91912812597645,0.46483560336277924,0.0021211126311282344,3
0.8055166220164952,0.7731574738072763,0.24939698821723488,0.3424942288334265,0.9180550002672627,0.8016231334691268,0.24973596518165286,0.989634478200326,0.8146718543775554,0.28460106312752687,1
-0.5733312519314172,-0.33313424245267376,0.7009100277070257,0.4334362924197477,0.27409282429138826,0.7536202488529019,0.8747928002569224,0.7833288163142954,1.350244800418317,1.0372578345792536,0
0.8143178017556791,0.6757923798121286,0.549562737777678,1.4274130020592337,0.21049681483117777,1.4081953591459409,-0.35583701488447317,1.0029403881957921,0.8823862538699525,0.504709913105641,3
0.12607432759617,0.018541132924445744,0.2973452400988468,0.11250226736448621,0.45746794467462626,0.4194155716733716,0.7934097473128808,0.15248223940847164,0.23922497056741082,0.7819216432141329,0
0.8760332898290736,1.4056533519817407,0.4757779414467764,0.6356909060546598,1.1650646190992222,-0.22784234873057194,1.5942724660642535,-0.03488344418338846,0.49662586513705625,1.1061484077763555,3
0.8295936846471161,0.9536906316670143,0.8928984398847184,0.8540902013900369,0.6558192392549539,0.9580206593660443,0.2549671706215314,0.5598594437929763,0.8150088473508197,0.36182596678193635,3
0.4091106499230587,0.9110790026652772,0.7804272566345687,0.29689040259355476,0.14798829524239773,1.1409721948108729,-0.12185943859153614,0.5666541687207796,0.6590721465692835,0.8452559247987695,0
0.1297912018589433,0.7448925673721324,0.9217634022582218,0.5047891986867536,0.44940809287185485,0.4033530195921038,0.6787028608565975,0.8177640170213964,0.21813596790569614,0.9596129525520124,0
0.27148244103979957,0.43379931520147896,0.5875836299238287,0.9191818457396914,0.6079368276518601,0.49965589232124635,0.5814710169587634,0.20009422968306306,0.23020621397034044,0.2038523581653664,2
0.40577640068705306,0.7335411995602096,0.48816629542277196,1.0827721044863892,0.42709136650342205,0.9641702751488873,0.03856500940449057,0.708431583372518,0.9389329363411941,0.5472570787645173,3
0.16955069683565083,0.5305454010813356,0.4744674326897432,0.6567846785505442,0.7540596767897441,-0.05786653346361628,0.8828142343485821,0.41153441513946803,0.7922154414323711,0.9024010888424325,3
0.27101933125471767,0.730125806604507,0.9039551820238045,0.2724220341029706,0.24656530317508218,0.9790498746605191,0.028433220648505588,0.7695097646657316,0.7332648570703205,0.7817375859768086,0
0.7550178294301523,1.414257262187327,0.6003542870956975,0.5492070000884774,0.7054599278238328,0.816759047016915,-0.08815826620734862,0.8059062940093686,0.27115414404279126,0.8298060937106717,3
0.12225751685949962,0.44317520942470556,0.23012233520382838,0.7819660391242778,0.49337512310246256,0.8990852166030318,0.8619324540834246,0.4261001711508628,0.7033870348529183,0.32564541831515387,3
0.31034394823629047,0.19741247012889068,0.44076374182382627,0.2583841807743859,0.5535607853265222,0.3162051192081402,0.7110515033278993,0.29814954518337033,0.2672814723990584,0.7361077819803016,0
0.6817742635250621,0.27242831658267164,0.14399448783746693,1.7374303299308935,0.17601926938814205,0.6948052122257005,0.3041022206075251,-0.21134477640124016,0.43501482086615734,0.3626180744603391,3
0.1593926994471848,1.4201223803758598,0.7862739220254743,0.8207031331273194,-0.11608983285456892,0.36610973752191434,0.7058875319404521,0.08312708695849054,0.9080254698507978,-0.08881244596140009,1
1.1564546374296492,-0.24193682327177846,0.5721405987686241,0.6902266143532566,0.9096695278546914,0.8475349946936436,0.8791426096913236,0.7885135980307839,0.8147520960150519,0.4861600643051852,0
0.2509429191306058,0.6090288089297612,0.8933370761627649,-0.004676742098394485,0.43335073471452756,0.7023163492670225,0.12329961074340098,0.37070492192952037,0.07210571745273525,0.8020488128835115,2
0.6894490535293964,0.2402136149729579,0.9781677252791816,0.3623551283612532,0.7869048955780664,0.4552109332125458,0.12473653140523189,0.6202196987455335,0.31844630937784923,0.3244876056594322,0
0.4990508261938882,0.33464813419838824,0.43113699181741694,0.7275474074058376,0.6717467405637291,0.6353504614236979,0.6304317137333926,0.18501440113170975,0.7403233626722684,0.388672398306092,0
0.3249767537020267,0.7953962687666047,0.10938633876789206,0.6862715354617196,0.15560967640387668,0.42071298184453965,0.7724788920690656,0.30147687248291627,0.603913642174994,0.8537215913907311,1
0.7132909181860676,0.2993045612081876,0.5886861453439731,0.26386084800166143,-0.09377100431811936,0.760444788422331,0.8093195209050462,0.6627947656091244,0.41516161682760006,1.086257651837563,1
0.35177117145307574,0.7684965306037733,0.9518861849444806,0.20919717658183956,0.15201749564357286,0.9683346806735316,0.01746071016404343,0.7927616637716243,0.6850691517078354,0.6446165830194343,0
0.5054921812830204,0.8081156957759301,-0.1009910133160909,0.779858818874738,-0.031231248692662333,0.14070184878520653,0.3935411966761329,-0.07710756482826714,0.38357205061856,1.2553351619100444,1
0.2510340275816499,0.6427978962925787,0.33065550114588366,0.24394671749064023,0.47560207108815244,0.7220549401560329,-0.0838604113916941,0.18439048524019733,0.1111355757994525,0.7160458425203775,1
0.07969001729143535,0.8284782061170519,0.3871365752106164,1.162492710587157,0.16597588161055488,0.8442945552470572,0.3030564666364442,0.8812823137659661,1.1367006766184724,0.6308213658299762,3
0.7220082234770302,0.41108460048278067,0.8469843662706851,0.7459587134187562,0.08516668863173354,0.3241341884536808,-0.04166650201178216,0.24769019318046728,0.6231328513796954,0.1509936529792484,3
0.8097198872796719,0.79018939022389,0.7334426106803157,0.3460311794091453,0.1420429501818998,0.28712865734107884,-0.12011817261354885,0.9554571197423131,-0.03468720835099129,0.8991213562582496,2
0.9462591136561621,1.1658633109990557,0.9838843260757818,1.084716719215281,0.7574776324101626,1.1418166432059058,0.08428699198912565,0.49538183590782486,0.6282113810869865,0.3934757670426882,3
0.39485963181976735,0.422173968210329,0.4867379501682628,0.7445093254029567,0.5486372264262511,0.7985328726363017,0.4939113839144584,0.004128210183824532,0.7291785964874019,0.366554472260951,0
0.35420036774619634,0.8033926122783493,0.7636807702542798,0.674629841976285,0.47028085408858195,0.1332692582421249,0.7857257863652057,0.47225181275240596,0.3089749424352004,0.7157335442796513,0
0.9961045046670327,0.03234019249999631,0.3190162764762721,0.8268503124277435,0.9607523806608135,0.46050507022184595,0.4054625089110119,0.8348162751776848,0.5920559821249558,0.44479737687515963,0
0.3118621154383322,0.580979363398444,0.19297440682783532,0.1209521320248993,0.6100458806929565,0.8292114068836149,-0.14435209848113456,-0.06278506815656942,-0.058558847452884144,0.8775336923420191,1
0.38803268962527077,0.6202010180693961,0.010525536098535695,0.7814135919164917,0.22753244331860362,0.2815483123078962,0.6039957146790629,0.18722217940236702,0.636830676635916,1.0103734064653405,1
0.8231856130547122,0.651782308968121,0.6528803805978889,0.6764748240128566,0.03361530222378614,0.049453039329072856,0.09540826315376168,0.4152854653627438,0.8365961614809476,-0.22013617354635345,3
0.7707499856019023,0.8408837823789631,0.08977385192525314,0.6346985459117975,0.8508656889351004,0.38954110620100274,0.12444963410818655,0.7522196704367088,0.8919732164354875,0.4243114314548253,2
0.2612741156257878,0.3967846152468117,0.9788785984659033,0.3660097828664315,0.7669350402209238,0.7953891285658649,0.3365237548343962,0.5349203509876594,0.3064841934773084,0.21296338779212537,2
0.2766509473758001,0.35464197063178293,0.34570899668316896,0.38610355773568933,0.8239401416097009,0.7902199622957773,0.0657587050272658,0.20007455241293753,0.08034156271720508,0.35297799931407553,1
0.061462557459214175,0.8778142883577638,0.8660074834504516,0.6492418332709966,0.3733209074267352,0.779457446238132,0.8708571963747936,0.15223165560764246,0.40361860520102716,0.11242677321808663,3
0.3793815572712037,0.5873559519618475,0.43745295503149395,0.18380020726303992,0.4207311476209726,0.14533928034354054,0.8242458554546432,0.8015059573341111,0.6192809452256793,0.2973648622871449,1
0.22647469296861242,0.7666895758844202,0.42119630987156537,0.9217491391622044,0.2549201297275586,0.9690718415031541,0.07774977913736003,0.6971265370688328,0.9735266498329708,0.5872174608465632,3
0.19894488130156587,0.22382573421054375,0.5383435323786987,0.36878666846969554,0.64830236688486,0.3901967606442825,0.837837844897246,0.42494414734649694,0.22537708007826557,0.7777618401962499,0
0.7811829175176995,0.42501966754619086,0.9155371361317198,0.733458222841727,0.07967551636957737,0.3304402740906165,0.02047384451041221,0.20120561415192484,0.6248505158784137,0.14876230319686395,3
0.6022197814499767,0.17101860108994227,1.1117333082569714,0.8042956592975224,0.26634069757013434,0.04983522067417637,-0.02484206209875737,-0.018770512834141495,0.7240628087136538,0.07813723840304679,3
0.08684293147005458,0.7660364064218236,0.8740240775848219,0.5095270542955941,0.40533607617641293,0.42752413185112226,0.6741882856742006,0.7624517728046992,0.18229631861139928,0.9237882277502574,0
0.06580582484283615,0.8422624327128804,0.8411326692937392,0.4407463338291548,0.5294100040374476,0.3732615185024346,0.5803297094360986,0.882798266830787,0.12105339396737816,1.0081836875014865,0
1.1284853908837555,0.6547026256942782,-0.21411356291541844,0.39573369841245737,1.2790754960339732,0.06256431871522267,1.2372780452791767,-0.4378173195739421,0.21462352179252864,1.1277416294801526,2
0.8085177596301274,0.7615440641106339,0.24670887892275012,0.3124521569104271,0.916687828238307,0.7794430227144745,0.2724388312789412,0.9740501827218433,0.7968773198349981,0.30535365897824124,1
0.809255888838115,0.31529390119587286,0.3733368707257865,0.6484169903522399,0.45907802642861856,0.6429453179233979,0.5992209472103835,-0.05373337359586311,0.23533720050391554,0.07128516790675835,1
0.2243710262636602,0.39382631748993174,0.9839435464378793,0.3786536528959463,0.7457401636104413,0.7885899319331724,0.32384218224737665,0.5287517988785057,0.3326329364343136,0.225381422769304,2
0.27035042537526943,0.4327145399770075,0.5896027000493257,0.9170085719075555,0.6055717691946477,0.49952984113085824,0.582346346652353,0.1956294166191118,0.2337570687002977,0.20792706177492604,2
0.0807329546894887,0.6867343900845022,0.7855174761198358,0.46917088800610207,0.3152850997715617,0.4883591222046165,0.769562066162643,0.8572827547584505,0.24897838534476507,0.940478662740403,0
0.8481209190701868,0.4199170707112153,0.8951090133096996,0.07656285518514443,0.44328532716263813,0.21251190334871595,0.6310049801882095,0.9207331004949347,1.0038208720603277,0.3582719050349425,0
0.7627242752451591,0.41152890029921685,0.6060264715978453,0.9549877033140379,0.5505617884397475,0.770724990607628,0.6459662915783625,0.3041657651225871,0.9295612292917372,0.6468279971864226,0
0.6908142573202234,0.25304106256067216,0.9928439824073824,0.4060913573412118,0.8090974507907828,0.42388105853019176,0.10287269768963789,0.5966971853866455,0.36088062985282715,0.2992771051356726,0
0.5541642303374571,0.29555735505391506,0.4019901279002842,0.7473191486530513,0.5771934456664113,0.5421446870679664,0.6148302566539926,0.08344937332978546,0.7519431545519608,0.4546262421788867,0
0.3616463835612892,0.6534862241966946,0.41348621277563236,1.0041652374869618,0.3370626826154798,0.9968339135859491,0.1976336134351118,0.7107052703339071,0.8711142947049435,0.549756907513901,3
0.2854711515689021,0.5647476888266515,0.4516426781845656,0.47946410227432007,0.7925711513447895,0.6937405984712327,0.18004051902632498,0.07435866918285186,-0.03679195397404887,0.4881716245045292,1
0.5813431586640353,0.1869668167488054,0.8433892417441706,0.40147491621110154,0.08320882903319066,0.722847091942517,0.656186908116589,0.5233197679100958,0.5271863541856453,0.9300351634068587,1
0.6764070952060055,0.46090225188682926,0.5702565153465801,0.4271683844569486,0.13698772190628267,0.4070866066287602,0.5291468606158017,0.6763802816578052,0.43153407265409677,0.2778720410375436,1
0.26562905522052116,0.7472969872195749,0.02045823722401037,0.729196210649284,0.21866732363801178,0.4984833395295142,0.731257016516694,0.2109509154369826,0.6077303753464234,0.895124571038689,1
0.8503691975320926,0.6994356140030491,0.9600180815397704,0.31736299366607823,0.5305023173154042,0.35380798416901826,0.9988604881043227,0.6769767421866756,1.1281509386317865,0.5886691956651999,0
0.2721704699739621,0.43083224699937217,0.5874160147568352,0.9176551300573677,0.6048503034396672,0.49652820700585243,0.5786818723620742,0.19813719769235189,0.2324402174872503,0.21137216244849985,2
1.2593034254177011,1.1587318885408,1.108390639136099,0.43935024613702395,-0.468235303899611,1.7594691089169312,-0.05996233821667879,1.3720740492283565,0.9962599319249203,0.37487039896936875,0
0.37103311680345025,0.28890564039721994,0.8151419301133797,0.5188409367040461,0.7235110790049959,0.4150472003363779,0.385526086984032,0.6596884583959047,0.79841314523829,1.015901608950612,0
0.2636115087469845,0.5826067489273165,0.9408594276009006,0.029683687861100178,0.40899838227365953,0.6943024778892538,0.13154116548371722,0.40801061564255126,0.11709146239930916,0.8305981566732279,2
0.8178450307488353,0.575687122052331,-0.031490268405661076,1.0914515654052233,0.37636784276930296,0.35117119095814103,0.6323639582301785,0.0046058134450005506,0.6049338086328566,0.5053073986197472,0
0.08677892039736135,0.9120745990638526,0.5420869758784835,0.9191588857147324,0.3617093236875221,0.8376440033002333,0.02712176046021076,0.7932968249703998,0.9236399527263508,0.6123632265878043,3
0.49730337653031537,0.17058463755371978,0.10370797973894161,0.6577391152655265,0.8673110733542342,1.0269003906618785,-0.18101555375739958,0.09158544317683567,-0.0620647926675956,0.14595918935639138,1
0.7665825269437958,-0.01135680769757616,0.24872665607198113,-0.14961524060118847,0.8330524170431106,0.3774108297222829,1.180295149162417,0.17514700733459018,-0.04011351642616334,0.3082573674204997,0
0.26848903187950296,0.20914464124294396,0.6361233386124967,0.6177393203998306,0.2637989434534472,1.402162723142648,0.5774656416601694,0.9394885911812227,0.3523586536148187,0.9303951366828728,0
0.368999972615861,0.8405714337339043,0.7496961741116976,0.7144399350278844,0.4264297000221117,0.09371835435068483,0.8163026609097838,0.47926286974136084,0.3400515951209929,0.6781012851037744,0
-0.2160209995063318,1.4538549315842038,0.4344133089290604,0.13949004870276976,0.07441414574239477,1.5820269541675325,0.18867027459114688,0.5294311008403637,0.1501360810800494,0.9532783619157723,0
0.17131169742870955,0.552973874634969,0.7496489942723271,0.5099848779762053,0.8208232084642763,0.13329329507093973,0.37031902653332915,0.810966766316952,0.716646023118143,1.2623315313112176,0
0.6800923114675834,0.881861908569956,0.03702786632352621,0.9728825945337712,0.892829814485387,0.498774725444218,0.15977466680605154,0.7100947760186027,0.3471309906218166,0.10205733908554912,1
0.5986195643312707,0.03189135346256445,0.09734514758545058,0.014140690198359005,0.6921999067726865,0.540367410447225,0.6271971676534307,0.11171022619950322,0.33710409534055497,0.9424757600174842,2
0.7556602410529751,0.8466356330530872,0.07271630420477856,0.6562293607033063,0.8761239582239765,0.39819864997336957,0.1186557747491012,0.7216615563968123,0.8901383183517017,0.4240827953560637,2
0.7591195431984491,0.38975567275928813,0.8821509842267108,0.7498183786031117,0.1367318133859628,0.2924487088710744,-0.007655047054203494,0.23659455238522178,0.6217607651605791,0.08307260359619947,3
0.2522801798430102,0.5781987697612493,0.9448631377044208,0.02931488300027969,0.41844347465141185,0.6826461959319645,0.14056271910568024,0.40431073600734757,0.11781740143459304,0.8191649206822742,2
1.004405625118939,0.3807419607627459,0.9606244443310783,-0.06807027996813117,0.49916661219102176,0.34392726928062495,0.7020961061285704,0.7651186887647898,1.0131019083438155,0.2546157129049984,0
0.12404969676980303,0.8763261786876682,0.20049828914755277,0.7426986904732245,0.14957957687371806,0.9307266353105643,0.3281637271029475,0.786642824608026,0.7185276286137369,0.8121356381738967,3
0.775428225762482,0.6872300903079779,0.30654069600331163,0.38879837735707734,0.9997316512778476,0.720126739157885,0.25254553083737846,0.9655035373577348,0.7871055771996063,0.23005941909927924,1
0.7742683734302251,-0.5549206821536421,1.3139669264135938,1.4781215683826479,-0.14088623307401105,1.149960868336151,-1.1633779057725218,1.2498779053318174,0.352262051818864,0.2101984918833506,0
0.508146005085254,0.8997657977123404,0.39891433748817523,1.1520763938196734,0.344162229949289,1.0059509150653347,-0.0749156230380322,0.6972500889100348,1.144743910609225,0.715488978133738,3
0.2632117337207628,0.5900538241304613,0.952823284775814,0.02881590176162792,0.417263061839282,0.6780457373896319,0.14966536847738113,0.4112400910358541,0.13232129251806893,0.8229345753758431,2
0.684396230654705,0.8849206874702809,0.03895118798846031,0.9747708532436549,0.8885539271736365,0.5018383500340576,0.15598532187162167,0.7029385376911702,0.3482944975015585,0.10204280292698781,1
0.0064675023444648455,0.3445332314546609,0.5691852136640602,0.04301708845493869,0.6203918644955908,0.423676380811171,0.5255697854241919,0.0815629316344139,0.9963846524691496,0.6441960301133931,1
0.2984193497098602,0.3719206045743354,0.5389937549899524,0.13675395651461605,0.5195060158816746,0.11459831764214709,0.7832256516253392,0.6000405299499976,0.8277711102972953,0.43535307949422797,1
0.6020309312498513,0.8629786707346369,0.3201374668866445,0.5025850229376232,0.5338478278982632,0.2676974937211533,0.756476119145002,0.49508957848877244,0.12661468787804445,0.6298233370018278,0
0.938762511741425,0.49392604959303554,0.0005169757599364222,0.5462129584539966,0.4349476085285965,0.8284609817850471,0.626422024444143,0.16014652386196548,0.7659976371753069,0.3593111794783558,1
0.2550798731253584,0.3545515743663962,0.9871677049340031,0.34541978966856174,0.7926326669582712,0.8487219018312118,0.33401880544529083,0.4392913825915341,0.22510048215618744,0.28994766977043585,2
1.4893394245061595,0.5618732857250873,1.6701944301897242,0.004932309530836704,-0.09496355590151706,0.30161070419843367,-0.0001505168555113734,0.8562363765837989,1.2040286544541556,0.5180012039255006,0
0.9744885066757321,0.06015686037532238,0.7879579296990462,0.046243172025512,0.9470970550985761,0.6688296381650958,0.6018468049316787,0.6798053451636177,0.7124423833722575,0.7376400533580835,1
0.34500370009491954,1.206872419590217,0.3654747541842702,0.39434870444766434,0.022302521818886978,1.26637207637397,-0.7116660222966996,0.6290043847475915,1.2201955936322333,1.1871763191094822,0
0.10560646569395221,0.6988480337876422,0.9929267808459824,0.5414776777513447,0.3001647114001563,0.4832619246054276,0.6872312422055193,0.8674798411897122,0.25763278005221935,0.9416822191898538,0
-0.10899357564883788,0.21566773716838722,0.30091438595314096,0.6005089151744071,0.4181068375317363,0.5077555848411214,0.0023259907210372854,0.08532121792864655,0.06598163524511114,0.18305829981581562,1
0.9303355039875977,0.8187669411384544,0.3410993218282379,0.3871610590058108,0.9271935472403668,0.7859384923730215,0.29952590231493265,1.0191265844481456,0.6792749783233339,0.4348497487910807,1
0.6587363685636634,0.2927149577074617,0.7240631367032708,0.3861640997638044,-0.18752301387771714,0.8133244345197922,0.9405805812471191,0.8568992179557777,0.47970009794237106,0.7283631770050822,1
0.5529290478403971,0.7325134615175389,0.4935256871978555,0.8552387002006347,0.9721098076236581,0.4975628464198076,0.4096928515545122,0.19823532287006412,0.5057071673478615,0.6741505434324762,1
0.9577497835133769,0.7131307984866527,0.14447781734665913,1.0045481545254265,0.7476029366022312,0.03854283858590864,0.06502474904513185,0.2897457575223343,0.39183877175535037,0.09462917080411629,1
0.08033984903862293,1.2242868160739553,-0.7345932340031841,-0.5282307505229427,1.1258014241030154,0.42864625456625893,0.4450728098942306,0.9841276998249056,1.156540806071629,1.5026387596620343,0
0.747099753930875,0.3312722734206618,0.5984809143862696,0.9781758089106741,0.5431693480119283,0.6879265109433029,0.6071640663554283,0.2658206487932781,0.9346690052637818,0.6969996880095745,0
0.20805578805392383,0.07811944770806317,0.39384820198345694,0.14643434579820097,0.4521717384091044,0.33313350382778556,0.5668499323559388,0.221732580635293,0.1633322882562487,0.9458477236448714,0
0.6945712086347037,0.24466485022456919,0.9780115202138642,0.39253757801950595,0.8047853746349501,0.4378363502352661,0.12440784131270112,0.5943019408586654,0.3492693874172633,0.3020197595290536,0
0.10657136985794684,0.8534291560199929,0.895430979582874,0.5370971458691509,0.28671073317354867,0.4987580212597066,0.579850538080655,0.6687517425511931,0.19234685213030073,0.8047472218845704,0
0.00414810220373972,0.6799234054667331,0.9432021725941041,0.33724770240878954,0.2354319503069321,0.42229968229519854,0.46463543111591465,0.6989134954556908,0.3953338990513241,0.8046840440100183,0
0.3121026074146414,0.6930244131024718,0.32295604710185555,1.0596219023660725,0.3918924905675635,1.1089453649144143,0.012026720970977178,0.7903915823147947,0.8888520530195769,0.7172672994007282,3
0.667848474870627,0.8435483632284012,0.2617938671793814,0.5423099691371961,0.5467756303939661,0.30913678842040676,0.7308862484601579,0.45367104553444815,0.0484428608605772,0.6607066560335902,0
0.23735814596897378,0.13579876067634802,0.4616432965166253,0.2690254675956893,0.5397108254683775,0.34600697720267454,0.7446251996894472,0.3121464272543236,0.3144748650124293,0.8174441596089415,0
0.1193352393830105,-0.1000283788458613,1.3767064365189352,1.1161846788343177,0.42963136224031095,0.6044817356770762,0.3494210989389754,1.1939696905882173,1.3277517837000041,1.2477087299934926,0
0.5734364229506179,0.7487307880445836,0.5839349168277467,0.275236697930949,0.30949024501103567,0.7940628497533965,0.6810466190277942,0.3354174524839721,0.9292101199521908,0.9353788955862808,1
0.1371886274045553,0.8596719875757401,0.879979509966073,0.5472585955771404,0.5059580457327121,0.33172260586549335,0.7487989557804344,0.8756559452977313,0.1099509076018648,0.8720289430907506,0
0.17687348034535993,0.4085739451505909,0.3143908573180085,0.4406015537096755,0.7166551938542174,0.9061995736664826,0.0996536355363686,0.2398199937223114,0.13373743101989713,0.2835215536700091,1
0.60131011833333,-0.05654630890231119,0.05277973582200682,-0.0035194762248798965,0.7109295312801276,0.5456754878197428,0.6762393821580578,0.18493613378568252,0.32967184336105776,0.9855117004153562,2
0.7739126922412665,0.26926534447773587,0.04914555442091486,0.5389993698683165,0.16615725274395404,0.4161612085527814,0.5270797495187227,0.07714734547141563,0.7602383172036637,0.6015458202131788,2
0.25816876901339686,0.5852704533787138,0.955941753943067,0.04174609818130316,0.4227435272838996,0.6841352453454568,0.1286655074931143,0.39732029794210433,0.1316144392590229,0.8028251289237022,2
0.8380742151274139,0.7323850013264388,0.22470882409643905,0.2616624788173508,0.8759063765476297,0.7933682669379301,0.24120968876742602,0.9706274553142994,0.8554790953259087,0.2996755790954845,1
-0.003999633925714202,0.8438204711656447,0.9066580998095456,0.8442987405881366,0.3651344569306633,0.8881098422162939,0.7643390458196314,-0.04040164933910724,0.5648683237917088,0.14576590432574432,3
0.08240839022221454,0.8973256093565043,-0.7164494743457156,0.9001603749131137,0.21583975437618153,1.3308123845495223,1.3553337119095688,0.49892029071206695,1.3732847440920966,1.2097819187158991,0
0.7456455647233146,0.37358120806078127,0.9713486313420632,0.7853873217664842,0.030887831891421205,0.3180324963825769,-0.07169481945221666,0.15264565573845634,0.7035635549461828,0.024497068445006626,3
0.6846260670854184,0.8903663545169638,0.02513404903348721,0.9817432471216181,0.8997177044653257,0.4917910710794098,0.14772552275060136,0.7154016349176833,0.35019666734805405,0.11350328204809346,1
0.2010140351593631,0.3869863032047176,0.18364968092113026,0.7997094598016112,0.49569939003324626,0.8868131906046407,0.8571897561505003,0.3723932765523254,0.686121292550834,0.2758690793515245,3
0.09521056414712369,0.6341511607387018,0.49764866241125166,0.5722049551669612,0.7353157876449616,-0.0051172209903264905,0.945034486798377,0.4527078924129472,0.8358851461835619,0.8565961429104637,3
0.6229348605672916,0.11093386595680235,0.8252714664089488,0.2264751039690962,0.8063112885105672,0.44002186302611485,0.12188515987169136,0.5951190137499183,0.4289935651511344,0.29229718712597164,0
0.2808508426557371,0.6848551316020083,0.8399614288224375,0.34898936455431634,0.024997386267332423,0.6627805892871226,0.03270114454137277,0.5079226289388176,0.18158073451949583,0.6674039088204176,2
0.26203644626865924,0.5715558317394044,0.9529021917279625,0.018101387729073604,0.4157596551413904,0.6865033733371726,0.1295930968370741,0.4085753487231993,0.1130758874213056,0.8099574709409636,2
0.5074648941901688,0.28216396859241744,0.4536769907450906,0.6908687223219911,0.5051324646696334,0.48804250211908595,0.5570465564968394,0.21615328125203415,0.7343695109515045,0.534196997440574,0
0.6845899256085595,0.8839364095351507,0.03982526426964053,0.97960803856303,0.8919587531270201,0.5011446820551412,0.15893879619769408,0.7059109265397343,0.34439705934458653,0.10346245514380135,1
0.7560565745802587,0.697568294764623,0.2877678894267568,0.24647906618002258,0.9256994571051297,0.8681730402149935,0.24942064416932003,1.0318610608676029,0.7167182554732415,0.24606896284836322,1
0.8175187729083089,0.31989811580936656,0.13521890730586875,0.4877783087050528,0.22705212604890668,0.48966469458807016,0.42303503963891337,0.09768682281182615,0.7506365647611796,0.6941571544085736,2
0.6097421278313988,0.8708086666899908,0.2593564559720666,0.530819381342024,0.5672142889984257,0.33777867546287044,0.7262426363771766,0.48117301800943557,0.08059010444201536,0.6773554148413848,0
0.12209731760859203,0.1436326636689918,0.27412684777430313,0.018652415762491804,0.7860756515697578,0.5941116737335006,0.4689764993007779,0.09202083133724222,0.7867534545964757,0.7089052800097442,1
0.735155035191044,0.20059903472070703,0.4976429538463295,0.7648534175805144,0.7739081883198616,0.6923757590082867,-0.012581295595859514,0.19426692240926502,0.2365897395206904,0.16693618784765832,0
0.810209899510604,0.7488638587809583,0.23695015647985523,0.32506438479205796,0.9086737337057664,0.7941591954395811,0.28012306936155373,0.979131039321426,0.793215981131471,0.3186339994226802,1
0.029828390858255394,0.30116571488967964,0.12968661911125318,0.41582122643512287,0.7854182784351718,0.3566602465420951,0.7742318778941396,0.425622381235445,0.5509738795636077,0.49039264688010775,0
0.6799377500844519,0.8869125351280033,0.040277517507998385,0.9790795635611899,0.8954515235561509,0.5027737300296642,0.16161810873545412,0.700861668671572,0.35317467555306625,0.09603764189252272,1
0.7221852593708531,0.1357122884493453,0.4566843094434476,0.8186650984523418,0.7952539989200427,0.6692748479128445,0.03782798165365459,0.13350549732128286,0.1879677738458813,0.20047087537704825,0
0.7373511607000988,0.18145292742556487,0.8758517834999712,1.0267405781566423,0.9615439596772899,0.7729948318454607,0.6313243719442028,0.6911731184920877,0.9309248484258547,-0.042294208001579695,3
1.3707986651410344,1.30796505948162,0.37119884528048486,1.1607584706130836,0.7068061657028688,0.3530459351509289,0.07133221542540412,0.1661087759451668,0.46787529959845137,-0.4212362134430716,1
0.23319969743387267,0.7282597228206145,0.5800945482673028,1.0321095099186521,0.7290220210684499,1.076068427094302,0.8380863404324967,0.21731962828067142,0.6252787200259766,0.47495480938870865,3
0.9591168257174234,0.14747498373519963,0.7173838963981816,0.5183610082345411,0.7996679775380349,0.16251160235819836,0.34356778656441267,0.7628819397871359,0.8503619537835452,0.5986649215640413,2
0.5665359977931925,0.9128497314710166,0.7778973729709592,0.5695576147623208,0.3609856977586817,0.1507668825984674,0.5977558020841496,0.24319790411196773,0.48091195245881435,0.502700327323258,0
0.09931545279197732,0.9594314579806231,0.9798239853238754,0.7027532539839121,0.2035554033074632,0.7040955024657665,0.9267008198037893,0.05605116386399956,0.5434431540810147,0.29503600179241407,3
1.260288993165549,0.7296375252872075,0.6468665184165865,1.2797353248599235,0.8670872108925554,0.9402239394050707,0.5743396735853006,0.18834381395380273,0.6574618208556315,0.33636739413843325,3
0.7909892970925374,0.3240191800264948,0.07773736481523517,0.5570880295968739,0.24383753265881708,0.4900970881219686,0.49423517787812576,0.10826704763665801,0.7618559572217944,0.6554348806107074,2
0.8443596855608604,0.01296619519381935,0.30454232221028654,0.745078187546249,0.9784338003876384,0.600786300251207,0.5646735862551049,0.9298987624235225,0.7333325069265436,0.5439723273008334,0
0.6558723210437956,0.8667819210147583,0.2714832136028606,0.5081663014905636,0.5448571128134986,0.3176611208325316,0.731612946091176,0.44696649897446866,0.0896818145592142,0.6439915930108747,0
0.8845648965877981,0.9635878021134371,0.8766738791283977,0.8705917164535841,0.5852365084657122,0.9717396893707171,0.14088685985868415,0.5982729410462724,0.7238877857654227,0.44218926939047454,3
0.26391414976385486,0.6871672350629198,0.44100638053207414,0.316915301032173,0.4115624822203184,0.696161426707946,0.037961943188732875,0.030864573372961328,0.12636480995111088,0.7759871151560951,1
0.1275856202507325,0.5903724362023647,0.48378501502803517,0.9948919141023508,0.46038900321500326,0.9838602161996101,0.041925279076370725,0.8028310857836265,0.9274861357623222,0.5803079726270873,3
0.6826417474563494,0.8841969148369783,0.037313435149302306,0.9754807344051357,0.8879423004761302,0.5021968407078606,0.15480765788097234,0.7040699427844748,0.34714331057250014,0.10212783186512547,1
0.24146647735013688,0.6644237974689597,0.9016819891918729,0.1681485394456779,0.2600744820310835,0.9830060914411239,-0.08970628205894607,0.6870519440015903,0.6464720453682938,0.6205337412052734,0
0.023509009021247834,-0.1323921520323843,0.6352167749293169,0.45483298699867936,0.672527285833967,0.3022468265450997,0.7821256958019142,0.3056036917000938,0.5339320380337262,0.933335254737235,0
0.5604846808588135,0.5863449020631082,0.6978315327631948,0.10877894435359825,0.41014701582103363,0.22903689051861326,0.900386350510702,0.8711845617264176,0.9011274558998958,0.5141614127352874,1
0.16622411497276582,0.4083370965822461,0.22890033895429202,0.7748923068617427,0.5302716713802135,0.9099592662026714,0.8684164797745219,0.39139433386760636,0.6993097261106835,0.29720592504057514,3
0.33219657751711174,0.26437307024322737,0.8333913549495063,0.5818267146445725,0.7164822797120749,0.4024301147975674,0.33089747813928305,0.6804704484026116,0.7392063755209284,0.9826872996792811,0
0.4084499748977306,0.21474719847936785,0.8821575948286395,0.5710483306644919,0.6387794580076034,0.4945625514272308,0.2987918804053846,0.5653768659287297,0.7348421779039866,0.9916040834551976,0
0.23368186005235184,0.5769505531334931,0.9421694112043323,0.04692958127542261,0.4326400418052039,0.6839311607540292,0.12380911882724319,0.38888468147799393,0.12229804270888245,0.8425488785709111,2
0.8275087567366168,0.7446744278377141,0.2683001310729117,0.2729041787656428,0.9237722273264201,0.7227778418498171,0.20542795697587352,0.9888931944798973,0.7217484855856201,0.4026553414207315,1
0.7484343045909275,0.12748345161669322,0.9175154763114847,0.3972343030915468,-0.035761751747017484,0.7001868739166905,0.5132056978823217,0.6872792500590532,0.38470327520177405,0.8167767654707244,1
0.43802826473699435,1.1148892812641873,0.10539242559705328,0.4767035853183196,0.3067337125876303,0.5362007210696289,1.069688504251901,0.36816372241402956,0.7709995231710886,1.1444045528776268,1
-0.06939844665402767,-0.18136697426541493,0.6616449567995003,0.3705794310002224,0.2665477638231258,0.2004076935417824,0.5131584204073874,0.35355821231030105,0.37798189962863876,0.43520072836840046,0
1.1229899690525338,0.18288547173176398,0.2884974718870072,0.8121906118817406,0.30875471641078545,-0.22869621708485904,0.5000031605185509,1.2615506002429608,0.4254575450746586,0.2907076325096005,3
0.3203512026022466,0.8541373576629836,0.6278924425449679,0.19377831495679348,0.5219522500356772,0.49043998193253613,1.065266801674217,0.197740451746548,1.019774520171778,0.18288404676750197,1
0.8047565598670589,0.7510473340782549,0.2503266037212185,0.31406478508395674,0.9195110939117199,0.7855859453902766,0.27536680733499885,0.9786984774961894,0.7882550754295118,0.3183019061874502,1
0.24511749778583794,0.08108886764887274,0.427219075163131,0.22056105176840443,0.6391593525598356,0.3234650293163385,0.6899793389307737,0.3789494878503702,0.4234719491999054,0.7627649389928861,0
0.32072352504482526,0.046724355272569296,0.9171501134913537,0.5811545569125008,0.607736408294439,0.303352414347289,0.483686836716666,0.47387257421098444,0.7454158885847026,1.1584719324687296,0
0.6928311160919811,0.23762749946004474,0.9797381378170857,0.3827142429260156,0.8034284423121956,0.4416024821141897,0.12464745635362484,0.6000346054723166,0.3445569840287121,0.30090115867798006,0
0.8212607876452694,0.027117532015196164,0.2579274372091965,0.6653494323233828,1.0021438818010677,0.5445804660877921,0.6096356917501939,1.0027522166300562,0.743415167938131,0.6389481489728884,0
0.4697011894088221,0.40557351893808036,0.9276206424133283,0.8032590931379197,0.9020704583350294,0.366967135114899,0.28658119509923624,0.5439889371651456,0.8235973507252834,0.9959296948081299,0
0.800155899516078,0.7681472643480485,0.23291147440181673,0.31702210552445137,0.909838523607726,0.7736420978995262,0.2820971925606413,0.9896944277614941,0.7963776218615165,0.2972057635024252,1
0.8514486270973819,0.8368533176433051,0.3221091966451104,0.9049387486018685,0.24858321524816346,0.44152200030816424,0.8242709816422319,0.2844357170647208,0.8593564141605016,0.3114033112222915,0
0.37348745350554335,0.4358300054371277,0.9598435312328936,0.48265128191696227,0.9227365100525636,0.7344853555857748,0.13440654843437846,0.3862331563112139,0.32670601707622826,0.048824315115786915,3
0.2684049736889707,0.3711754249902573,0.9867285637562018,0.38124737795408536,0.7566344001367644,0.8391230507437744,0.3133921037684564,0.5059259847524241,0.29393623760571846,0.23224934713362266,2
0.3595632447346916,0.4091957613273714,0.9273107517855562,0.4472556484640328,0.926946252909072,0.7272439411878251,0.15827698010958202,0.4279637119938313,0.3311658293002263,0.04944968228591921,3
0.6829987267480201,0.8840430872073267,0.037483775446796076,0.9750783338121215,0.8883889909643556,0.5019300660480683,0.15506332456471242,0.703629983477862,0.34693540936312484,0.10257567792657452,1
0.0021618357748007452,0.9539182609209923,0.8951373993900086,0.6997986331627839,0.39338556577661105,0.8522815582197381,0.8523811405526508,0.15481972567933572,0.43728664962359676,0.030202769112954372,3
0.1394571991088994,0.42546462371684746,1.0298940918812378,0.6499631550161328,0.5670496170730607,0.41901216486740167,0.34042382921393,0.6863345135635497,0.847504105111053,1.0531018877063683,0
0.4228258187873899,0.42134028289075826,0.38961507975056187,0.6568571233136349,0.9028722289898767,0.7868208570269425,-0.15782668635489283,0.3784467681717502,-0.255262033101158,0.7251488001395036,1
0.368380740958341,0.4120906602087005,0.9459582874569117,0.48373091213844566,0.926708111066928,0.7217052735585384,0.15173299219357067,0.3946450132569314,0.33129906994070685,0.021301083055838818,3
0.648187420670003,0.8543571787868656,0.1016471151993035,0.7470292304396839,0.16552633431592456,0.2904114267251095,0.9262461977430293,0.27275531517137913,0.713130795717908,0.29661051512289743,0
0.24892824348012046,0.5776139313482003,0.9403289078791458,0.028688790632949584,0.42372594668250374,0.6832063035286258,0.14466107514319182,0.40577606159717283,0.11640719930136934,0.8155365855117658,2
0.07808148426774719,1.2291293389974993,0.37996740191765505,1.151727439696368,1.0709861543712431,1.2161585685511485,-0.4457738374651331,-0.24488722457047518,0.4038657984051874,1.0365591312216487,3
-0.05363050834863717,0.8069065855635346,1.0839898155145327,0.9235193806427385,0.2971077323734925,0.9165059823473138,0.6170603779998513,-0.1631202199158619,0.6046319025589304,0.18146611021394007,3
0.35241543975966055,0.7620174329258343,0.6716134690925578,0.8054116321356187,0.4537085981402827,0.17372351608686962,0.9108172538359204,0.46816913266318344,0.3739557375060756,0.8183708613875464,0
0.7206265113051651,-0.013512619239004243,0.21615521142533628,0.13408500681670243,0.5833164173214146,0.580863745149402,0.6577799951554733,0.04724354348924635,0.26960946149820175,0.9219500518083873,2
0.6816979938311841,0.8884526723215443,0.036250274637458245,0.9749437024248208,0.8920977128597256,0.5058158253338157,0.15953391297888694,0.7030952170545711,0.3422020597702198,0.10092522442312335,1
0.15089864199705183,0.40576303833288907,0.20868771012076506,0.7709640540607461,0.527332737560771,0.9038885565582314,0.891899640112212,0.38625979356343176,0.6886551950346729,0.3201846268056024,3
0.386906728788212,0.6512052627029598,0.7243392485906022,0.46068413397976543,0.018027283193310317,0.4951174143341104,0.24957174928356543,0.714055953496153,0.12219940802010779,0.8631946979465948,2
0.761440253346467,0.3810451892366951,0.9040727505856411,0.7148015735647667,0.12373306874359757,0.25157215666725635,0.009185143556361235,0.20697870425016382,0.6421093147184689,0.12262128627803234,3
0.4490721527906355,0.9015202543917196,0.613275361881213,0.9372694322334009,0.29249579924785574,0.9725224755418306,0.07929233616258426,0.9257913403169229,1.2349780793899667,0.8053372708281334,3
0.15122855880639552,0.9422164574699663,0.7783986066173175,0.18459438105393644,0.14307713680893425,0.8291360705154824,-0.06143913975356652,0.668434315752774,0.6475191809168831,0.739558366667879,0
-0.07739220471182794,0.7528788295177948,0.9234952826265365,0.5791201358958016,0.2345114730417454,0.7442880593511729,0.7631246211712077,-0.010396052780189374,0.4313344490118772,0.2019092808131328,3
0.973588687362129,-0.0008857707227628298,0.6539384505967001,0.5723317092913536,-0.09814946659778628,0.3868475633680619,0.7956896861450681,0.3997429584375607,0.37348922852961897,0.5727016719494473,1
1.0050561741729944,0.37774571239891763,0.8575991592687963,0.7496288620966391,0.3482943659189579,0.5047292271561126,-0.14612613203360716,0.04909515674080525,0.5206541707432698,0.021223009109334792,3
0.03930701762413369,0.378097895669032,0.8650438516474392,0.5818179466333744,0.6901941334119697,0.9642197494931903,0.31170858226706205,0.5219549049289571,0.1834782142418706,0.3681628045605708,2
0.631876669804548,0.19637130490663895,-0.0198009359139365,0.07787285238603295,0.8255566842277857,0.5267205968097044,0.2885481497328525,0.16171394416785995,0.45272197576601186,1.2423720467441821,2
0.4009229290145685,0.7182861386550801,0.8320884708188315,0.7759197740861254,0.49414593604679785,0.26132411163645697,0.7014030405653614,0.5374703420444538,0.4276819271106546,0.6212928426852031,0
0.2322737682167686,0.628956810509328,0.5392366104113859,-0.4886431187263919,1.2805542950450755,0.9664978068028478,1.181619472635407,-0.4966255580206811,0.6555425608694287,0.575534822326997,2
0.5899294757233118,0.3136113210021545,1.0113379559935476,0.2780633962006065,0.6938140452125848,0.5512617825128686,0.2031731529715246,0.6125644481976017,0.40895563123514245,0.17915942393708012,0
0.24333333077995298,0.773557045512581,0.37126631811890265,0.9149378786744201,0.3198953240968657,0.9731579082428801,0.04849024650030594,0.7224352990862953,0.9665797738421097,0.6168186792868552,3
0.680526094899058,0.8877108275596437,0.03477547603954991,0.980552098165415,0.8958294017176208,0.49569591106544697,0.15531784401460866,0.7097625696958553,0.35074823667526167,0.10300470882346767,1
0.6526930748101525,0.892556149827775,0.2541808350587527,0.49811096413145944,0.5640211889474008,0.3009439102348999,0.7269189618653038,0.464475927672804,0.06299950760686807,0.6500349346468428,0
0.5338826725433485,0.8620548839458834,0.21444705248768542,0.48824824762341223,0.49430314968277833,0.1960559142912524,0.8244381301800275,0.4652890817014516,-0.01739761081017735,0.6668794631139493,0
0.2178720466496441,0.3415353294199878,0.7284896562530567,0.23626694085339484,0.7242002024483367,0.8666780859844052,0.36583020723193893,0.590989663353486,0.08642790679768295,0.40165603763698765,2
0.2526968288366103,0.6567291845979318,0.17026833174986647,0.1687477533191349,0.3506663087755486,0.8704436822075844,-0.03973728204666542,0.07910424146831974,-0.1634525575330793,0.5395874919993635,1
0.6206051558956842,-0.1608886310059981,0.4086542369230071,0.8533999805351276,-0.2303070197041896,0.6900657920389692,0.9736924966539264,0.34120686218008267,0.9348805525582813,0.5703009401973214,1
0.43592820260590454,-0.37247147792191754,0.2788864130569325,0.3994997630578509,0.24087552037339627,0.6391477001455181,0.43228931909308527,0.33837036175223945,-0.0257535626844429,0.7913775623746407,2
0.5998395239987697,0.8519218838938485,0.48069180271734835,0.11858183870528194,0.8494170586622446,0.9119009674618854,0.06009509547593736,1.0183289849092199,0.5610416464115016,0.3619826866500419,1
0.34793753943356437,0.7853224296910808,0.08763099890596143,0.745614815061089,0.13175258824399871,0.4372280548820202,0.7706688405739796,0.36517744870359303,0.6615431608276038,0.7888892585129896,1
0.7950031022549119,0.32788032187062904,0.08884546859575787,0.53723849893067,0.23046907071025358,0.47968948810031764,0.47441354309208117,0.11306714639572259,0.7734338032983558,0.6433034180343105,2
0.3786636384356866,0.8730369172451459,0.5347375597300874,0.5123939778445034,1.018846801847835,0.08367679990237846,1.1125183770781766,0.3349762763178133,0.9250331250652783,0.9083090642626532,3
0.7934848171790643,0.18003766870572163,0.9708942219024835,0.44204542405406927,0.9100039944576663,0.272795580618031,0.12692161945200037,0.525541872760469,0.3790450073628642,0.1393728077182311,0
0.6966276147070192,0.22941825661396625,0.3826020063233379,0.8480959170605946,0.697076306109338,0.5644420235851977,0.03386415947907505,0.19189903771138217,0.1305506034262104,0.1673656150376827,0
0.9576531342634425,0.06969608732480513,0.6436229917601008,0.6820922114836543,0.6677810820110974,0.12426826955851061,0.3807709761643685,0.8906652343097158,0.4516789963083704,-0.0037792267145442815,3
-0.053269498293782525,1.1551210649080559,0.9761787179548798,1.0954525300015034,0.09960673656443428,0.6166989253351723,0.5210987718277658,0.3236673350232752,-0.07934742087915203,0.7921350358443222,2
0.25126581961330474,0.4134742710579541,0.9638461271400273,0.4055190300447044,0.7401689030361325,0.7857562606330085,0.324107304504085,0.5111742860389561,0.3272474291709908,0.19913938572732853,2
0.11177812139257967,0.4071682285585005,0.053976072343233636,0.0502281186818041,1.0688670166293004,0.9861121115469984,0.4011736224341884,0.45464460274454715,0.8629751598895807,0.9589435540521505,0
0.43451463278790553,0.9609225427049087,0.20630700666853147,0.674984630092417,0.13226233825846131,0.48376175374304164,0.7540134541809462,0.27604586793648855,0.44224994334694223,0.8361768606652884,1
0.5860990758923973,0.2821358790765172,0.37168877878102347,0.5677240453807352,0.6581612331895877,0.40092216203064435,0.8229384437348539,0.14935712661142958,0.6318613770892085,0.24351165134497077,1
0.46471979352477555,0.11918060735446043,1.1571560140393513,0.2563792861921371,0.24154987123253852,0.43022694423558916,0.9170391964151365,0.26562081033818324,0.7256611546937141,0.6409971615458131,1
-0.06538877023066399,0.9847462409892594,0.7188548634210983,0.6527759317557955,0.2238268517468655,0.9230690322147789,0.8701806796917464,0.10704895754607974,0.4265522122866802,0.056750584709456195,3
0.016788577266131154,1.065698982565046,0.8165361595407135,0.7084551624851932,0.3563300241156515,0.6183567813985259,0.8637066132810907,-0.14075766358955105,0.18586605299346431,-0.06404967434515749,3
0.6767343446690015,0.8796886361473774,0.036784273510596814,0.9807839420024146,0.891891792974603,0.49930798506790514,0.15069225241144873,0.7040462804488277,0.3499796980631571,0.10030094849916489,1
0.8683470456234288,-0.07422140552841233,0.04267504225430546,0.9390164715219494,1.1288639223965293,0.4975683381546723,0.6082776445032521,1.0623695806252584,0.5154908902315917,0.4834412511359655,0
0.18673154489833393,-0.24836595935074574,0.4836827183293176,0.28418068701780747,0.26505028975098643,0.6581100902373729,1.102787123409516,0.7715332665965247,0.685601408773935,1.2895554366309125,1
0.25288595080322507,0.5793932999267918,0.9437648194762658,0.028168545225886403,0.41997303832761873,0.6818418294618205,0.13975329029712985,0.40528875816396787,0.11925183126193566,0.8179692280868106,2
0.7454864113109838,0.6270884494575881,0.35321772387594763,0.738750601364836,0.4284177855144428,0.02200315048346324,0.6217470264405831,0.38697720570530025,0.3460707104606973,0.5526632864364569,0
0.24472856653010594,0.7525931285740326,0.9410970723248473,0.24418629166992611,0.2203183594106926,0.9519168826387873,-0.01692322755397947,0.8011349887949704,0.7841804500664613,0.8643454373169476,0
-0.10991386605371256,0.23991415022246082,-0.12892771914890772,0.428170687451303,0.44773880960974666,0.6836790006207345,0.24313283207450445,-0.05191220114676104,0.21718063375161817,0.07283821669022389,1
0.6933055457984956,0.33156626820524104,0.7917967469354683,0.8077315331383542,0.1633879882040144,0.3226199009795278,-0.02758140006212378,0.13259669897101106,0.6433034276746334,0.052823530088839124,3
0.5516831873170959,0.38910520272379945,0.34477765179899744,-0.49810552931964036,0.4426486233890123,0.24507097724308094,1.0400390295627537,1.2176946398595494,0.8110015569240192,0.6989188039137757,0
0.18133577513866583,0.6962494286470392,0.552402688354731,1.1563509448975378,0.056082051993588594,1.0430266643772936,-0.11024332002125029,0.5411197397950303,1.1163225444203864,0.3919485001512817,3
0.45055990843475,0.8722478522769934,0.6873802757746056,0.6348469364839907,0.5627952149052141,0.22373745807219647,0.7657017873561897,0.49408828781630637,0.31725239543652883,0.626697343134078,0
0.6791351891857641,0.6731809777851213,0.5393791835885936,0.15677351525273425,0.3092484694706741,0.6850929015987542,0.6822394262522925,0.21057524809974854,1.0753375320817764,0.8348705186064624,1
0.1628613955751877,0.4106136277033373,0.22733056415784322,0.7717526672004553,0.5270611129460928,0.9089256155940817,0.8637676389780654,0.37975899106339206,0.7026772365805112,0.29508862729778135,3
0.2732402953067546,0.42912223551542183,0.582972361095329,0.9165856662742846,0.6076039726089962,0.5006354694732584,0.582299294578342,0.19898819296073797,0.23256342671626945,0.21027555941000312,2
-0.04391602257234872,0.6504325629886095,0.7092992743041877,-0.055149128437760875,1.134576009068184,0.7851102261987104,0.0711408225688196,0.21881613893854457,-0.25398374582508554,0.5631933965989446,1
0.9506002326799038,0.12603133532463096,1.2472048784952774,0.33637054758004226,0.19943388207267226,0.17850856598439785,-0.06954484013883055,0.8563145973430606,-0.3839939780716788,0.43058961288139325,2
0.26793880446848684,0.5933079157738107,0.9515492562102981,0.018992467686240043,0.4185542755771981,0.6925058574993868,0.15354400226219178,0.38373606917620057,0.10759156254286527,0.8144279964936946,2
1.0200091449463167,0.0758680448038261,0.519920219492105,0.6235436681043641,0.7353976556994217,0.047620389653702494,0.3437673671991846,1.0431214228717902,0.48567146195532046,0.15412504896088464,3
0.9678746390256109,0.10122165570240826,-0.16265551025636232,-0.1734743114686088,0.811367530005831,0.8491955524898234,0.22846506449736298,-0.2562064864678134,1.22339640876621,0.44710363401578207,1
0.19654253669071303,0.43145058869542674,0.9631076620763762,0.37981671702529046,0.7528751081673289,0.7577941036348322,0.2945170040770031,0.5334133853629075,0.28796793330526615,0.20445287335252793,2
0.20991973761477337,0.35464263453308187,0.24922542719071986,0.8036450552567769,0.5308462858294067,0.9807187949738178,0.8790060236859909,0.423336627920342,0.721379503782722,0.24403295647365347,3
0.23819372371125508,0.7055109305185021,0.5122441056572019,0.8778998269994684,0.23271891716450938,1.0442256563642984,0.013481130837098704,0.7084383338561833,0.9400376703523723,0.5462283826050223,3
0.45315403754392697,1.2726731944817011,0.07683473799177337,1.2379180480902936,-0.11888737481937145,1.3520691787018095,-0.10169368589156189,0.193645018125301,1.301789299690281,0.11901277241628,3
1.06912007297815,0.6464796718645298,-0.6887843078258771,1.5133931445857751,0.2817977866203307,-0.5127314594535514,1.3412792287593498,-0.44450661497791844,1.4799801257693792,0.35471805440229265,1
0.21076472190983206,0.33482134071457165,1.0236973427978182,0.2696905814154402,0.6201435962446257,0.6513434011181416,0.35716945584846793,0.5299377064639594,0.3954543832160091,0.139876236240635,2
0.4695779922239581,0.3159791169210634,0.8388314816540652,0.49387332048531174,0.7579544705372897,-0.26428922295259166,0.8248253169954867,0.4710161833882718,0.7281777811232338,0.8880372532141965,3
0.8842177274257811,0.6852711570972673,0.06797616560966327,0.7941803049057571,0.19334123979257914,0.29084666879993903,0.11488599775974044,0.9366411388207447,0.8365072864987746,0.6922933566923006,3
0.7220010524817391,0.38352979827618183,0.9217119403378885,0.24147269381717662,0.8525706372196781,0.2949587311620365,0.21110834094757755,0.5015464089420826,0.5033572127544879,0.44703173580072286,0
0.25551388827517135,0.5883997991289337,0.9366911161603342,0.006608504180507079,0.42747069409889926,0.7048013414532363,0.15655742652309562,0.3777132923201986,0.13999544542050238,0.7914322580211557,2
0.439778985569218,0.6264597413614489,0.4892199165634508,0.3503810226114696,0.4485892110931487,0.2716715758773823,0.7564567453755524,0.5194055543663159,0.7243060486393524,0.5129853136816905,1
0.8244870699746837,0.7758169019758527,0.061324017037389184,0.8209418395941378,0.10627089203930272,0.25789613378136134,0.12319308639252985,0.8789606720863088,0.8137088381827522,0.6694680365763602,3
0.7295126110182137,0.13806721477382686,0.27119791978242824,0.6068057479230373,0.6851873160090987,0.630507974008433,0.673071223270893,0.043246642648945705,0.8778863817013227,0.584439289312053,0
0.5313072925283309,-0.06563263042546216,0.01621711495608709,-0.14026394357604782,0.8138437802697931,0.6318245612279947,0.6616947498212499,0.002456623222605217,0.21595700607783913,0.8138328669673056,2
0.3219347454816952,0.7873361400438972,0.7813333927901297,0.6811290778617504,0.47701854804249755,0.11007833377932824,0.7982280640555738,0.4430270319378275,0.3077509020633395,0.7132092182043873,0
0.24002343752909205,0.06883509720143283,0.5099599118035223,0.28779549281076383,0.49061842795017585,0.3875196881740627,0.7172998635505042,0.2912605619732487,0.3350383525852468,0.7627994138887979,0
0.5935760908968066,0.789065057722144,0.20328100703396157,0.5106831167528894,0.42813734956090377,0.3621551703857983,0.7307727664918572,0.620907563530847,0.18682550328743663,0.6661724418675863,0
-0.25845628874413135,-0.06612748112975331,0.0695671736227422,0.4673540149462827,0.3203829228702451,1.2958239756975738,0.3359010585866576,0.017438872606720057,0.4394626780231323,0.24126449683599915,1
0.6064199375613502,0.19372544009492046,0.9096290030019395,0.43887457320206336,-0.01841850590735533,0.7141383691574537,0.7495044257528013,0.6128504615341293,0.5096550280910689,1.06359073687598,1
0.517018245036893,0.18923814623419463,0.7299369048056191,0.9037770967435925,0.6025161844844727,1.0725562490730267,0.08460782084404429,0.05227585878141791,0.004930742744003527,-0.07745071197258852,1
0.11864735606867494,0.6114548906732794,0.46664832784252164,0.6132904750827572,0.7213633907946615,-0.0012108476296572308,0.9400088410989107,0.45594647183417475,0.8531190250382862,0.8898617827554258,3
0.13754554981869047,0.3866185705463691,0.24927870202592456,0.8070630176554476,0.5349038615069717,0.9116001886143913,0.892721666484141,0.38153663087214146,0.6740222188257641,0.32238066467788434,3
0.25059975163350484,0.5801695240132224,0.9426975159768004,0.027896128321369684,0.42343842119266395,0.6836843019530456,0.14125613376687693,0.40419299642246054,0.12287054515726119,0.8206718558726679,2
0.5508544188164186,0.7867437459972538,0.0968448842329036,1.0079023565486591,0.3645620088096082,0.15918912428829357,1.0419614764230762,0.3168253838805587,1.1008960782649801,0.6561337020307229,0
0.43687828007517926,0.9886874676932588,0.6028880556769411,0.7319688436224341,0.44925595255366607,-0.15384181188883367,0.9883012830884869,0.4366083648508649,0.5766794139205703,0.5327877991222665,0
0.031059314492342577,0.8971674621177406,0.8427312745581909,0.7157192523021194,0.29639649609810714,0.8200416182459319,0.8162096523261259,0.060794607498406476,0.4414668315663578,0.12470121508551367,3
0.8482523072641663,0.7823289411745611,0.15947323776638384,0.6606636111678079,0.4646318805446577,0.49631939227990557,0.7529112100819978,0.4125247793092602,0.821855398434479,0.38715617211292946,0
0.7295931719476657,0.3245278731608745,0.5765195483737346,0.9945479197990446,0.5798834390363531,0.6616473126830362,0.5670162692726941,0.2689016685905711,0.9602006146597079,0.6679256497791962,0
0.8832699784846283,0.36080413801048933,0.1578413573110011,0.5423384874298944,0.2958043096964134,0.40773711155238207,0.3910530594188276,0.035115652889083276,0.6926918272785374,0.596915731133187,2
0.22878948497488552,0.11536937669397786,0.44399530548978094,0.26436869145043596,0.5606558932480954,0.31217178264924117,0.7073985462314122,0.333183903004173,0.31632283955239926,0.7824033541093331,0
0.2745940037967901,0.30784670940104447,0.8660197764868389,0.479821869558003,0.5985153800762592,0.3454198607490443,0.3813041912675585,0.6974838876544069,0.6736795585721194,1.0272402299222314,0
0.2172953561593533,0.7591493246709282,0.42247267430290686,0.9673772898106303,0.23610525033557142,0.9478512596167337,0.052724902557108204,0.6562280004185033,0.9666637461187807,0.5970658452604878,3
0.21589828491875407,0.9353160860517203,0.8158360263740222,0.2543269547445419,0.40437817081256217,0.17569781385587196,1.0245472552100405,0.2429434951962248,0.9882830277416698,0.22046623347265862,1
0.7991862599272208,0.7527356117813037,0.23530372900552018,0.3248964523999295,0.9213339772472939,0.7774377197152772,0.2674984693060436,0.9655733112031228,0.7908388950536437,0.30771380882953153,1
0.2775971629109575,0.43423326816728763,0.5835331802937946,0.9170250747699262,0.6036703716466856,0.4963980471092398,0.5845737670883947,0.19816000211455248,0.22935470093415591,0.2101437862579357,2
0.15958860524670393,0.6521618408269153,-0.12212737145983764,0.32079909464139245,0.7851228191721324,0.7308922242091889,0.8005914639493168,0.5712126787300837,0.7554957322851381,1.0349756903028664,0
0.20282349391887433,0.6320612401481214,0.038677568312957766,0.4072999103116853,0.5228107722870133,0.7384334984265957,0.37779436954485246,0.13375197905033714,-0.02577983231420869,0.28137996129264525,1
0.720581030815706,0.3404965425687958,0.6028869924207858,0.8911634323822836,0.6850640244623656,0.9611892574544387,0.5324326885014753,0.5975685099191205,1.2914651427408244,-0.09342938100759755,3
0.24382686130342218,0.8978295932076331,0.9620022467230043,0.5630038935503929,0.3240514292726828,0.5764401960877791,0.43172033545400107,0.7581847833730994,-0.08173689276226442,0.704211369307537,0
0.5471209885691516,0.631743906871864,0.7803946050171013,0.7230798303365977,0.6725843273510062,0.20494843689133047,0.8272478489758641,0.5318672119754223,0.2861802190029734,0.7590649565388944,0
0.3858026122729785,0.1722467354617382,1.099525848756767,0.301377102987947,1.0618664435542566,-0.41680573903149043,-0.12476956247555382,1.456094311832413,0.7955783573197455,0.10563469339162823,3
0.8121237300945326,0.7654770190102946,0.2385810048578524,0.2967144758230915,0.9124208715631472,0.7915486711027109,0.2727236339242746,0.9948947098093665,0.8024229757111728,0.3201365563160351,1
0.7459781526090494,0.8567634322213825,0.07427769700873554,0.657308749606892,0.8736007189566943,0.4092035904157231,0.12614872705464122,0.7108860285651875,0.8916588821770052,0.43870874116796704,2
0.3081565160956421,0.26440289476481504,0.9254178908436856,0.7019516392842159,0.8511258648839336,0.24952090128339813,0.32829892159132285,0.7568701219759045,0.6568468989286417,0.8860972716580957,0
0.24065863926438488,0.5448530926523334,0.38084855627737163,0.16658351006551544,0.4100118439628311,0.6259240965046174,0.003458777088668624,0.20732978368614832,0.04306488622075169,0.6660488546654709,1
0.6185370891893138,0.7028407817122312,0.6618687185530459,-0.3122737618447887,0.11336333319167172,0.4986810477166875,0.40295916392387315,1.0197017777191686,0.5113513549775724,0.5116780316485419,0
0.06802820809883947,0.969828435248681,0.5345118351373883,0.3721752606886891,1.0380196643944652,0.2981512093417793,0.6134185559138023,0.16047688841015284,1.0815449013682512,1.0559951488193549,3
0.413982152919437,0.662833858438221,0.7734142281167999,0.44019160574259775,0.050690721619732135,0.42707406778145146,0.23142774034542934,0.686947454927838,0.07956244528109946,0.9433799205704428,2
0.2119386128374743,0.7122682586982232,1.1549409312687202,0.3366393819803595,0.3251933440972995,0.19116663479265675,0.8410299856063492,0.8877705172642275,0.3437319166196495,0.7790329159081673,0
0.321650717975153,0.858600784160627,0.47240101815220614,0.7835881095697402,0.34288535288413985,0.9990486714389647,0.17402158820529978,0.6406468099396627,0.9686457984469764,0.7479482158354024,3
0.6814931029390884,0.1902815812486268,0.9726691073412446,0.38066945828517246,0.24260024204624314,0.6096255288906989,0.822652047642048,0.6831745960718392,0.44597172963947523,0.8677100478643143,1
0.5469609118490832,0.17467554994678472,0.8185549056652758,0.4520168912585642,0.07352853597502021,0.7561631273605042,0.6911562825369434,0.5736991372041813,0.5312671883591751,0.9509539456766053,1
0.7247010275625062,0.8617566948911257,0.08851874270358882,0.6653284448517977,0.8545838329401643,0.40028503698318196,0.12272182314816954,0.6933497884396234,0.9034253523098302,0.44579591180149614,2
0.7468288202902764,0.8398338721272215,0.08955659979200971,0.6456286191087025,0.8676714130707074,0.416061103525052,0.10358735839238967,0.7139332156622746,0.8973575298506451,0.4151157907102565,2
0.07085108317064748,0.44798284584252707,0.5854559537227044,0.575947255321654,0.9310838103334431,0.2051202498155298,0.414919155945824,0.4404395872217589,0.8047344541317718,0.7481253547644704,0
0.027293278995402532,0.8934872192993263,0.8352783842678612,0.7281776609182391,0.30453588658222125,0.8262490020870844,0.8040847468813835,0.05189763166116217,0.4273456503430077,0.1252313851851822,3
0.1044910836032459,0.13924860097329472,0.31892290853325905,0.029750960192670612,0.7805966264564291,0.5973443492807217,0.5017292121760625,0.10404924237496174,0.7774331056794026,0.7276770673521981,1
0.5533288917002953,0.1459402944699053,0.8547524857920556,0.5477913436208939,0.708110809969374,0.48729866322905585,0.5265682219529128,0.6775343980282086,0.05691197641823348,0.2947066398779633,2
0.28693314505337875,0.23060834488145998,0.8558765272462802,0.5353707000974922,0.6876687410115105,0.4257761943109172,0.37410881088959014,0.7218892806877609,0.7275947540443226,0.9400873589908803,0
0.8891923963447266,0.14223918989379591,0.25867344347175664,0.34821007270278725,0.4743724748702268,0.12706158282611474,0.7735077582804332,0.30706268452628116,0.850113762690294,0.39542160007549676,3
0.8507644073964409,0.2505963143831957,0.8022038315732465,0.6883028940974782,0.2351958111293957,0.33878324174376345,0.0951578647496806,0.1000724647226124,0.6100524783915504,-0.020568047525362065,3
0.9050360694636623,-0.008400760182529603,0.33590722248235294,0.7758775193570611,1.032097225046079,0.6414493082078063,0.5729132067552517,0.8942816518784709,0.7547314448074396,0.5540807026432338,0
0.7535951340941276,0.12319570821755284,0.47826535810013954,0.7667348071705147,0.7329566202764167,0.5970879080102147,0.10952366930552895,0.08846645542823922,0.18703181674927363,0.12718802946430618,0
0.22434418417243718,0.32381940561972183,0.8552154291608461,0.711237785172038,0.9012914781801786,0.21652065276784732,0.38340222475078534,0.6040218760266276,0.6626450878281182,1.1579884386855777,0
0.5094774998423127,0.38280380058664243,0.34999223133782736,0.712400273449407,0.6277035246958843,0.5355577428694255,0.6008050738978852,0.15414928199621,0.7350552342968714,0.4232866402100574,0
0.2691733428597618,0.27727130522531684,0.890110430490112,0.232394742633703,0.8197874252495533,0.8130916207265487,0.24550017883544537,0.4410728554318397,0.329929268825048,0.084908011205693,2
0.3636892253969479,0.7384553718590888,0.6005538888030596,0.04500962254734597,0.1912742454631193,0.7439830954791654,0.507465046323794,0.05083696649285285,0.8211757377725771,1.2171495671169326,1
0.28505741947753754,-0.24406803885744233,1.5893535912510441,0.1939552102536744,0.7994158664252838,0.6225311536628887,-0.14001892924398468,0.69707774556458,0.2992272617917128,0.4469327360674814,2
0.9742245727176345,0.5450409741189748,0.5507025171593392,0.6340568933493298,-0.010735039994204387,0.6295871625341865,1.2429813214653835,0.7511373837181519,1.4741040537008137,0.7525997175734882,3
0.06326638027469689,0.7898360801809914,1.0921967559358214,0.03779361249029753,-0.05859454967293648,0.7140840384536375,-0.007742751324097257,0.47107679335824526,0.4151537134038892,0.5263706871491286,0
0.4750323136673298,0.24983451310927876,0.35204963621003393,0.7716163544076989,0.5544790209581041,0.5424354713343363,0.6829375969214884,0.12487358163390322,0.7366612577275702,0.38497765189007127,0
0.2634428713643281,0.30984575747551707,0.5373002295614594,0.05920650626634064,0.2924445585877212,0.12904776800310716,0.9105711198538917,0.6708502938711153,0.7652756520311625,0.46643333960518585,1
0.24697712901205648,0.38791160364355853,0.2156535654246008,0.38817856608215934,0.7044768721743773,1.0558549864968911,0.19588690153697924,0.09914198082980993,0.21930913701184868,0.2360546818084726,1
0.19931131896052495,0.4484861439035516,0.31820915343280604,0.4800929908340587,0.757347069944433,0.8889758513065232,0.14683947625862165,0.26571500043031976,0.11193521550532537,0.32556634923023026,1
0.04471242191662027,1.0191732354339225,0.6627450766156786,0.766067173801597,0.07017021416569358,0.6362500541745347,0.8454649584950087,0.08205074197686622,0.5409477430871494,0.043001389409976956,3
0.7533389734622449,0.8491120708855237,0.07364129435935585,0.6558971875041167,0.8819796237144508,0.39833392498195597,0.11664710661324991,0.7182966833777548,0.8901535116273955,0.4243716221730843,2
0.7332525269689968,0.2242107861316321,0.8306302302893117,1.0805853049532608,0.8038831108249396,0.8129109379624134,0.759077977934572,0.7149492816714095,0.9524759000927997,0.0909041841828754,3
0.010558192913492692,0.7516600993681329,1.0090184738173318,0.07794472957774318,0.3233351476397598,0.6898976553357474,0.015339835733289685,0.780096873767584,0.4970914289866492,0.4497926934587842,0
0.2506759515930782,0.5815990583492636,0.9414300582445854,0.02628441749209973,0.4213101927208476,0.6841668347375993,0.1412257480301363,0.4049418842745719,0.1178181755616539,0.8166676957492408,2
0.29877785577837584,0.7177684258634386,0.3913494671393225,0.33004871593746665,0.389810288655217,0.7403116169857914,-0.015492217857709278,0.07269246901813188,0.13544756653519463,0.7318002206407743,1
0.35994847839557204,0.38776263755798146,0.9509098003539559,0.46655665649185957,0.933745127727932,0.6853508774704193,0.14863395864608198,0.44124110333093747,0.35269399566613907,0.07557372367308884,3
0.7055477913216038,0.19435511389936383,0.9859086941238536,0.35173560320448277,0.7845057287287636,0.45883720063914124,0.06812023144582789,0.572023732517233,0.3108262597556065,0.25178288183459835,0
0.6423361695503303,0.2758771874679467,0.9297347668102771,0.33747740228311374,0.803993973866875,0.45414903486984143,0.1405525125801769,0.5933310168557683,0.30210286293673283,0.3265376101849455,0
0.45533009676708963,0.5392335638067305,0.6565597470976269,0.2865161165786128,0.1017530235904612,0.8665395146020797,0.8667701716414274,0.25158638994820814,0.78789693035328,0.9562807987150221,1
0.026692511352014472,0.854330997278065,0.8188257729774934,0.6808779567427466,0.26841995044450584,0.785127608319857,0.8316532345362343,0.013289788901566603,0.430306126857283,0.16330250619438136,3
-0.2661932810476872,1.0509002373198308,-0.12552715080069216,0.5546835315651248,0.8047764522527451,0.6463334384479943,0.41720984445912646,0.18686688651007377,0.8646350348160964,0.9169954309157158,0
1.0986502969748568,0.8245030342809273,-0.14744589686407578,0.7625823712816331,0.5197902719473633,0.735040809019279,0.9185915121625796,0.5635206064454334,1.392005241969905,1.0381154848594367,0
0.5875136637223219,0.03771744324370759,0.1018130696255074,0.0193734324304691,0.6979992522278765,0.5355215568226098,0.6279289423076113,0.11679167789938769,0.3339054845256461,0.9343573855641938,2
0.153578432666597,0.8020724987552421,0.5316980876460329,0.9083945222428538,0.31211379417864477,1.0103922928378477,0.23354009727289995,0.7584351645848763,0.9190243566645488,0.633036260584837,3
0.5174655940997401,0.6105688135324331,-0.11464034986976424,0.5674033632230405,0.362948669898116,0.6782307159136112,0.5414373502616455,0.513766298064869,0.8082042284318308,0.9949359070458501,1
1.0576032931546702,0.17357378611707325,0.7829672627237881,0.6525406828448959,0.8470831565525763,0.21317749766197383,0.49725551325770806,0.9487526989503282,0.4956500631539915,0.07335161548915434,3
0.43112689664862397,0.2477828287709508,0.8525858262134943,0.4422011765672532,0.8741549586401712,0.8718631740947358,0.2644594568089435,0.3796028068003575,0.23812733751536602,0.3855794743262083,2
0.0740824905964107,0.5811448044842793,0.8499979502793487,0.41473333578992,0.9176811721867882,0.7683045430313565,0.3210128224381445,0.48942250858914604,0.5404684350882436,0.13370641630749971,2
0.4114044327276666,0.8223083498505128,0.3280764935019755,0.288631879119901,0.33631703798306933,0.4372057808880223,0.7658051476198814,0.6544217890275392,-0.007074416362639224,0.8037121477951413,0
0.24198923409173445,0.13089001340029743,0.4458376471782503,0.2755692703986743,0.558466937787434,0.3207717701554427,0.714615685069759,0.31613153617930756,0.3403204515026411,0.7960996348538052,0
0.9665570873694806,0.6160007837062241,0.14691905667926544,1.0539847967127791,0.8634689921555272,0.035381012847390834,0.1008151451896535,0.3479126901743899,0.3830698995539188,0.0009255038564599943,1
0.8719832051940195,0.9732729711853781,0.8678176926288913,0.8770275113892753,0.5937847767431998,0.9931900823280458,0.1481855050909899,0.584612082457353,0.7334066306744101,0.43763293386465324,3
0.7288247337067907,0.11666326362831693,0.47496568713573584,0.874042645097054,0.7383687256462133,0.6854336248808371,-0.0008545374665118732,0.17860295480929755,0.23007302884158454,0.24095269137517744,0
0.18803324722085718,0.6824182399071412,0.9312305422111218,0.17212375989956588,0.09474854150955381,0.7289928592838498,0.1349005402032682,0.4222014613551661,-0.018013185047211167,0.5649555090411176,2
0.722756494216222,0.8492180748245192,0.06236195228658529,0.6337676437641694,0.8923356982458724,0.3916650290805175,0.15697562775616797,0.7033121430191073,0.8911327316968081,0.4240583213260646,2
0.8673240534293624,0.7217816133499585,0.1737369789803048,1.079445208706389,0.8603940755056498,0.09409095016179547,-0.029557938521527397,0.22675536873831062,0.4832173929950733,0.18358831873223802,1
0.7540253045172863,0.13789480014696598,0.9112323594950987,0.9733272104427952,0.7178736058336791,0.8054980889724362,0.6088416001887326,0.7168199557509433,0.8108438558948409,-0.13493397857474215,3
0.6780898847411252,0.8849393575912914,0.043418815879178486,0.9731830198545719,0.889056982586755,0.5063377554257484,0.16393369816475012,0.6952130438791149,0.34016979132177994,0.10422815638275541,1
0.25911000700420417,0.473075577798415,0.9088209958425468,0.46031265775308183,0.8101785324046339,0.7082876329839823,0.39124954747777535,0.5739565951375131,0.2848244094958813,0.16452131588373076,2
0.25111549994474286,0.5805854014892623,0.9431633359571304,0.029562500609720516,0.4202417439143829,0.680576985778587,0.14009673746523163,0.40622072926620245,0.11828095243449656,0.817764558951624,2
0.2864640650137573,0.41207605134041414,0.7409922667922412,0.27413326230405594,0.08536602504128249,0.6475615857823172,0.8847374641570929,0.4194191142017897,0.34098683792045525,0.8354849122990806,1
0.24664390200929545,0.8357043543782201,0.3519804407588142,0.484714584943191,0.6210228465378766,0.029779290043417925,0.8144873349488992,0.5175862445794825,0.7633214651247363,0.6637574097580631,3
0.39707110034343013,1.226665123321556,0.7105375761484805,0.5257400181653697,-0.07768228293036444,0.8813010202008097,-0.41891664299050413,0.47609256529803834,0.7387064205200304,0.4498096561685287,0
0.4231810568218595,0.5202560931328766,0.5960620602680341,0.03257514488852413,0.388506633196646,0.30099500753632946,0.8122811880766082,0.6169006757841762,0.7828002492159767,0.5300057917908458,1
0.08188753310174895,0.2533942956945286,0.6154759234912813,0.48950400987928566,0.7701517980415196,0.7763811958776357,0.03823455306640722,0.2951713021953543,0.15266673780756018,0.5379447453249337,1
0.43069463220617066,0.36841330602605316,0.13918480749783718,0.538134555007729,0.20072263003110224,0.2938449894773325,1.1365033437450458,0.3954401867238372,0.48329809150990455,0.1324248173463305,0
0.27338579204593155,0.6020595873377372,0.9641570583090726,0.016462074851737035,0.40022944309562636,0.6928040993574351,0.15594579511721832,0.4200382860702514,0.12429265931216063,0.8051410922430889,2
0.6505171203286954,0.2211264214992676,0.8970613880006822,0.0291425334322859,0.3898689040997105,0.5513644363982708,0.7187481590591606,0.8463257982691478,0.45364099860775514,1.477576317641812,1
0.18078313418197947,0.4637911457115737,0.9467005900187885,0.39743095162255737,0.8276160095718748,0.8556899095532413,0.36848895649614755,0.6459281240220853,0.33871135913229433,0.23868954934964837,2
0.2596541989555172,0.5766947116927678,0.9365204879475829,0.022469913441594984,0.42266540888229825,0.6806748104989863,0.13323984181167242,0.3977799790656244,0.12035780941932343,0.8193037929080068,2
0.5711170340115134,0.9425962807659239,0.25638239255711515,0.42636832417103016,0.7270692524022708,0.3490640766941785,0.6106910247199109,0.46893311664591175,-0.03211469422615491,0.7836745974961223,0
0.8507020495704583,0.7246834993021891,-0.06489020911051577,0.7319150867303847,0.34065590526956097,0.6277065751901679,0.8638538950721286,0.049655946350660896,1.174203774824494,0.04465808554947759,0
0.651273832103807,0.8415933636250508,0.27114332094646654,0.6251177407918955,0.6176953793693358,0.27273468927182093,0.815738660023029,0.5455475225158799,0.20185597466800792,0.5884966409341632,0
0.7309476328797334,0.33883709439961485,0.06717398526448237,0.4961882395183348,0.24663213659974784,0.4417475733797416,0.5250099018926133,0.11255423815889895,0.7870534193877585,0.6227730117153728,2
0.24640000757707403,0.6614931667766666,0.37435290391705445,0.5621108539026153,0.8846179695030254,-0.1175202868834305,1.036924467511911,0.5220609030598505,0.693019293735186,1.0197876741540255,3
0.25888286077716527,1.0818503967219608,0.6235190928767926,0.42970994870553303,0.448791646689761,0.3143695340886967,0.917210458861565,0.03596016663807261,0.9482373294442348,0.35245364388927825,1
0.24384452419316055,0.7700401737354186,0.4204965802974578,0.9408430048340717,0.2742304766128867,0.9855386914160796,0.08123960941898291,0.6862296592012629,0.9494415832271248,0.6068810502264791,3
0.6824371068220276,0.8848892729264044,0.03545387991795195,0.9748577154017525,0.891727410143724,0.5049943849156746,0.15218733535047588,0.7056948654049521,0.34439074576711987,0.10552586380029752,1
0.5686189199762004,0.16038152049718177,0.8278586292744357,0.41627933376551673,0.10105880939782941,0.7580952692817776,0.7281070738902384,0.5697736968598229,0.5279145890755693,0.934954515869358,1
0.791883917653465,0.390745472195839,0.8988650869199626,0.7381149919802935,0.12352357511373152,0.29325969067092084,0.010333099605782162,0.21730134966310843,0.6344316170583156,0.11936922231385336,3
0.6863185484597241,0.1957711033564286,0.497430381525525,0.871447145737617,0.5548902738827988,0.4936417489847257,0.5042189410447917,0.25621508800746606,0.6332570035380656,0.5265812705180157,0
0.24629045463272373,0.585170531764684,0.9487405615324815,0.02292110315603567,0.41764415878374733,0.6877821694857761,0.14262009247058435,0.41003418785649837,0.12094291103019031,0.8121540941717402,2
-0.25432413422808464,1.2603105662173173,-0.6046565453706219,0.7394351316484327,0.7508806032717801,0.5231626982018844,1.3365143378597548,-0.2684752508132304,0.4919105775269151,0.15744666065327417,1
0.22945610660577861,0.9844237936709768,0.8498642517841937,0.21464699052621827,0.11546811582029942,0.13425539715115226,0.8094788817106677,0.6548151672862236,0.022381383055064735,0.7719220870007846,0
0.687611789096877,0.2225095234321165,0.16265702470291962,0.6802711852545446,0.45667082164249573,0.6049144211122014,0.8108691173006026,0.014925401422916741,0.5183857742221563,0.1875417547252942,1
-0.0778006464727803,0.8414013097639932,0.8358108660935667,0.5912879388039919,0.2822750850384479,0.8835569874242875,0.9417035080594652,0.2248239080627889,0.4327415966985444,-0.04711549758937303,3
0.4273546352725693,0.21347902061650423,0.25913215857329275,0.2860165275072912,0.6249109204924049,0.31404792119070885,0.5811622686743242,0.5382871591599576,0.11624386071024662,0.7746184367017773,0
0.30717900552868166,0.998510545277411,0.6849618527104908,0.3364203114385177,0.36608102503304096,0.2925718738532997,0.9405657631790573,0.07550635789934508,0.857631090417794,0.2780273715173204,1
0.22082283774121805,-0.01815635180408598,0.37782862137784745,0.05099243967307754,0.44494026279722093,0.3618898681241923,0.6445874714634773,0.13819488357934315,0.3632987403460904,0.9665152413019122,0
0.6568806175668203,0.21253552236296008,0.9935270651347836,0.35838337696276307,0.7290189723074795,0.5793434432935974,0.24303231932213093,0.632866318184422,0.33669448719038575,0.16481534665658426,0
0.3330980732720504,0.8736797016729846,0.8105077340372243,0.703175591936243,0.486035809761624,0.16200866469154457,0.7904630940220854,0.5504073181648124,0.3567231459371682,0.7688889380182339,0
0.24960619297281478,0.5756607670465784,0.942882737700186,0.031486686799635726,0.41976809736997117,0.6810071290482274,0.13851235471862924,0.40435782442763063,0.12022351718177343,0.8216853759754843,2
0.717069045986087,0.23605176129615724,0.9540229367035288,0.38562539013533975,0.823762855897577,0.4604781151696699,0.15980572197203952,0.5721137195803773,0.35952032772113107,0.2654690717084393,0
-0.17454104877274146,0.5809180815509286,0.6789939824816795,0.8421847139248402,0.45141941376698635,0.5470656964895274,-0.2676956031324255,0.375390345565524,0.5987322696787903,0.2815122975646296,3
0.3116590701802479,0.7537003555300903,0.8565685512451546,0.13899155949511144,0.2561477198350149,0.9370955468444536,0.0023494689305488346,0.7028022995573482,0.7020313802038514,0.7540548387642511,0
0.5378435709962052,0.30716162221858556,0.4086627567548823,0.7080919861745812,0.6329193552786151,0.5675693331318936,0.6311143404246803,0.13450252709529092,0.7994884474621853,0.43592114315233865,0
0.9578317299673336,0.7193772173845147,0.1636183624772269,1.0006348630282584,0.7496965345069497,0.04469203455854333,0.07111060744116648,0.27111208448125657,0.38756041761101295,0.10915378263432911,1
0.4794396824792573,0.35017613114444773,1.0034842489758304,0.6438581752858389,0.6408525262754159,0.4820844399667697,0.3473247787741361,0.8193869699772216,0.6418188384074087,1.1017864913591486,0
0.7313489430152986,0.8479736172076067,0.06817069583004752,0.6243111678910653,0.8997552625024399,0.3706913343270293,0.15119954350594678,0.7364795890100632,0.9064871968604966,0.3957539618082361,2
0.3934121090573773,0.3147737471741899,0.5817007643601253,0.6976328415755914,0.12934134207933412,0.05382335150094936,0.479158124199481,0.7448898745388799,0.6887825360587638,0.9538497441629555,0
0.5149500283315518,1.0811900730774708,0.33344201212383506,0.6176436465828937,0.21099672622250126,0.19364917891383956,0.8444769619261919,0.3255988152854524,0.7660701563409309,1.0928831769965712,1
0.6370989346984448,0.7152134779068364,0.176695860433331,0.6900976518717311,-0.0019332593527124214,0.3137104183907943,0.9750834834385584,0.24449895841897817,0.7590518696909011,0.300793022744434,0
0.09819097810798413,0.8757190495733534,0.7578571027374483,0.6561355316016675,0.20474965145086832,0.9393505099928101,0.7963037809769465,0.14322829200368048,0.47551758655842924,0.13679793196598086,3
0.8529678432239459,0.38865337170029923,0.0374313536771214,0.4746072478877201,0.23911852688244262,0.4905310068100358,0.5200883552975939,0.14857507478820042,0.700705832362365,0.6693036872979216,2
0.7996653563140033,0.25380028163439017,0.6718466061373729,0.6241232295484506,0.14600700330376898,0.5773011365662192,0.8411250660156632,0.3540411268583173,0.33502981274994703,0.87759231170851,1
0.4587531948222301,-0.24094044946681248,0.48844761095539024,-0.7283110111133464,0.2920277900891202,0.9152706381326184,1.1462010296809975,0.24208720157634522,0.4705513401238844,0.5421052496743188,0
0.16278225606426594,0.19858541242735067,0.3057490568048234,0.3185945244202891,0.509427644307609,0.9719780940543571,0.18698176632576435,-0.047326816166436136,0.16440755409635988,0.4385515128319498,1
0.5772526694833702,0.4347081296999805,0.38115569713170405,-0.0843590706135193,0.36591288158212126,0.18391260357969919,0.8713367940445745,0.7043542764207675,0.8006391749509765,0.6534982585567045,1
0.6859682828876883,0.8910852868466062,0.025546060911326617,0.969895428970053,0.894363502189317,0.5116778294858199,0.1546788456978506,0.693625089226539,0.354260212464046,0.11211308492440474,1
0.7872379502961897,0.4315807988796959,0.9130016878595285,0.6910969036522671,0.1396814458425445,0.3047053770706821,0.05757497897956453,0.2612686728811438,0.7208016256300463,0.17916092896418556,3
0.6984585344931837,0.1957892016160449,1.0069691635260627,0.39643394925236725,0.7875797164886803,0.44586663691697154,0.1688799552579599,0.5814320925571972,0.3641824431004165,0.266337470096054,0
0.6832802317309958,0.8853922901745405,0.035896121721842554,0.9785461720432397,0.8882718308528604,0.5053912846396744,0.1577326976470385,0.7064170208594761,0.34863249069093966,0.0976451513709546,1
0.5611432479109296,0.7305641918898105,1.0074150173414487,0.49115214934625834,-0.09111339188009715,0.4607794421907387,0.07751671570793224,0.49205045830811667,-0.11892640906136523,0.9655767983242602,2
-0.006825701260894934,0.925439153244482,0.8306181928007929,0.775769939671504,0.31966431789109945,0.8636323071893894,0.7681902241099207,0.09326719251470633,0.37934365373193685,0.17483773154825955,3
0.6696760038284896,0.30548585037226816,0.6013986911005655,0.9494003234493471,0.6227719113869626,0.7204047313146262,0.5674420744368529,0.24014022769182175,0.9252500291080893,0.7117780618695398,0
0.24455547435345823,0.582721371221921,0.9501142868446998,0.027591743943018658,0.43569544256822257,0.7034120563280655,0.13927479236119633,0.42432762634346627,0.13500580239842397,0.7940779898950415,2
0.2455269414541738,0.4119631235696697,0.3467949403535382,0.45096241945779847,0.6995288800337626,0.9023033180220386,0.1284547543188473,0.20376677331042195,0.03274128250072904,0.36106552849857054,1
0.20837606525805075,0.36587844798147223,1.0837181573233512,0.2793918638453826,0.6618226251785743,0.9065453226581925,0.31372339936194454,0.5433807576573993,0.320651816484108,0.2993257643259283,2
0.21557089419179912,0.6786961213166134,0.7270424567858178,0.7463211683804662,0.16319066773239213,0.9256467499941271,1.0380784978185795,-0.2067300292754342,0.3455318867259886,0.3191100236196349,3
-0.25062321912229063,0.4604236657213789,0.634096719094179,0.3377435224272201,0.5493313230762067,0.28318323236272863,0.8217387802972013,0.3756721186309945,0.6942129520521731,0.6115757036323175,3
0.32598929605038,0.8620750399674915,0.14628061641980067,0.7837108660745296,0.0031886936195700544,0.4372886448900609,0.7114920341557173,0.27360764509889485,0.5735225027600634,0.9045503434653195,1
0.7380073605565379,0.8534911111486705,0.0841738927252808,0.6536870625844252,0.867105893218502,0.3889382731074579,0.12531401687785332,0.7279969014927586,0.8815155060805935,0.4200134328117494,2
0.8238600369219199,0.33944412931828294,0.4367861977484523,0.8901132183395563,0.5271258296326266,0.5542259673807725,0.5686699867882062,0.20468967750308809,0.8499088841156766,0.6568400766503327,0
0.23586238201332121,0.7639593777737528,0.4180962584286876,0.950831698166001,0.27337905834132403,0.9938394871015013,0.07530041690088321,0.6865813029522939,0.9534042735404765,0.6143599036265992,3
0.1003768536272486,0.8306177019032454,0.8882836859931611,0.5992137887319218,0.40665255591920535,0.5222555967645987,0.5881165016115814,0.7936822841664872,0.11825269739270174,0.9577389750865601,0
0.6643883837576732,0.15920959052548975,0.073467677692646,0.42520306405146235,0.7514126951727831,0.7459369784152791,0.442747392088215,1.2004204667292009,0.6763175447638745,0.774999738054647,0
0.16055227852244003,0.8624710153048509,0.4235020910195647,0.8360707446144384,0.35402277416672606,0.9752220993834427,0.16610505763752875,0.7364310059196411,1.0508498459262956,0.6199479230923326,3
0.3181522023548661,0.9133206724496098,1.0248614797001712,0.3955831594971715,0.17881121764463243,0.45869849375876953,0.9235733627065235,1.0216947980562008,-0.026163674443073853,0.7393795582127689,0
0.4402566648615869,0.8087227900870918,0.8914679008334632,0.14280488806101455,0.34906026904937315,0.9764351395542941,0.03239007902956693,0.6819703252278263,0.7250004266740966,0.6122990290399436,0
0.7517134342740398,0.851318016067635,0.0826808419176848,0.6536592633810849,0.8839497625991457,0.39946252308799296,0.11815370344271635,0.7175214527664397,0.899855865184432,0.41771199989769603,2
0.8184883726620054,0.42353989128630165,0.9552132840121195,0.796953514645836,0.14439423622838515,0.22937344536505416,0.04052918741654249,0.31065080767877407,0.7016390084315898,0.03317447709945333,3
-0.07424462991542266,0.8684549864253863,0.8636360329978419,0.7298060682936063,0.4117886510547564,0.8338045647138262,0.7625969711206385,0.020515469156910035,0.43509442279688626,0.1520835249537667,3
0.4621022634300932,1.0306731348397196,0.24281987068568134,0.8699612201703586,-0.035654104863839936,0.2486888054494754,1.1304057652167427,0.3982413144862202,1.0551158555496174,0.34648701072877197,0
0.7502266000762277,0.6743976189978774,0.6704774082360163,-0.08180650714464044,0.29144540220041526,0.43312454832456737,0.5152136762662365,0.7542280620565417,1.0474536955177007,0.6764797713033733,0
0.03168877824107952,0.5091063781799483,0.6389972274390994,0.416032111746401,0.875756994118223,-0.1485984605212566,1.1355018777276695,0.6401545051535015,0.9118056488389988,0.7617474034874229,3
0.1940107988404948,0.2724762540704838,0.7413062154641912,0.4784517125844434,0.7148477667945109,0.2639505725893774,0.2773097166590998,0.7827788979449632,0.7483651066002546,0.96609623711335,0
0.7363324062165846,0.06251307680130297,0.7176962745893111,0.35060571369259563,0.8123695119408666,0.5238946200947829,0.022789030993407372,0.6217378928618774,0.8050713389280927,0.9802914405513821,2
0.1589929529347675,0.6901014216606101,0.39953941875228555,0.8477485112474938,0.1388619668730481,1.1147866234406585,0.13238967329674223,0.5940488946869299,1.0879274330964837,0.6097869610800525,3
0.8991278741308772,0.9899946860679056,0.8562470755804248,0.8844909525975552,0.6328128223301808,0.9247226657871294,0.1447217112338512,0.5523907798590894,0.7616097528544845,0.43751060392534497,3
0.5281681000453775,0.19048825329903235,0.439497233555753,0.7222192783923715,0.7169957223615363,0.7531407598738299,0.7443107577568518,0.1415298382296575,0.7435990272256081,0.5694609448898614,0
0.7064702342362227,0.3732251943366297,1.012877103327745,0.9056180284986051,0.1689574532008136,0.43305429510132226,0.09811989696437795,0.08046973511755517,0.48484704899518766,-0.007845636414628404,3
0.8870881057983787,0.040611795503177686,0.6150741974372781,0.5022565874860458,0.3939145435846971,0.17619145483673057,0.39263866214806403,0.8780203795006921,0.41747734740735704,-0.057003462088223975,3
0.7804707823007595,0.7769188828866227,0.2344778612638535,0.33479705030777196,0.8997998410851503,0.7780371148134929,0.23092302801406103,0.9537657042709313,0.760208820801751,0.3540522617935281,1
0.1621761127228591,0.2400540744530687,0.5449413669789709,0.24003356351165248,0.8413419346782537,0.9567911643421954,0.27327628205140986,0.012326284587404174,-0.08671658966203119,0.5349678011510445,1
-0.018561312912853734,0.9192075178863308,1.0399073771845906,0.7187410489488941,0.1354527694266581,0.5070359758293939,0.9945628540666882,-0.2839481200123236,0.7142478018863556,-0.1513512713431433,1
0.43030755660471154,-0.005313174669737686,0.32902329099828953,0.29982815343100183,0.21707177525622257,0.08803644336941249,0.4746169369245294,0.2100080715028751,0.1482659729966638,1.0101530076640772,0
0.2845789908250072,0.2112857132911068,0.8101241549561865,0.6261703950510547,0.7695363050768024,0.3503285167944301,0.29924152525161324,0.6829814531839562,0.8072041995713046,0.9227410319798836,0
0.14891954167101656,0.49891242394771285,0.8753528261645531,0.3361002507186057,0.7020585748802495,0.7477202596365413,0.27105450746684506,0.6505453343685581,0.22024313145379656,0.0912028417282939,2
0.7135425756826754,0.7757060632096844,0.11073788580798963,0.7581692015187032,0.04870720143683887,0.18998072661201393,0.9501749654313112,0.2949235416346753,0.7044112755460537,0.45548050900129833,0
0.37765878488163307,0.41987431704215905,1.105310169164709,0.7291955740520097,0.6866308523194478,0.5945799489814201,0.45601397024568147,0.6613315632183266,0.8732764831962965,1.1000075571556085,0
0.1956720896687998,0.4279106212201709,0.18335304295571803,0.8623359167040462,0.5952793561043923,0.94987578172557,0.8252043932081456,0.32383421856801603,0.6217583190694587,0.21864910358550643,3
0.05756887887881544,0.6174581570274228,-0.0041730762849181875,0.22061007276701408,0.8532415154296605,0.7521794437091599,0.6349317681109243,0.40833409174273116,0.8425497740383558,0.9923995170217575,0
-0.029301799273873746,0.022249814045585042,0.24558053543357083,0.23563319580322797,0.7945373950430333,0.5547994432786444,0.3669462341425249,0.1614957069726629,0.7417628163421593,0.961818403322928,1
1.2141368326049942,0.9287462955144008,0.8279073189900072,0.48181629996624,0.3173268705987437,1.3767732778419837,0.21740379630822654,0.8602427431800963,0.8416776748095028,0.5161178484520005,3
0.5259109053847647,0.8158454677788215,0.6872121723131106,0.2903434332370477,0.2819576574959549,0.603199626955168,0.6979580558982864,0.35282021958558596,1.0679463244848921,0.8003548219220338,1
0.33029998464142935,0.9377608531948692,0.8293626918690907,0.6859476448328742,0.4702789890514081,0.0674155108245136,0.9116750813422234,0.32543694816051816,0.20633674254495432,0.6573815885865177,0
-0.12663398302095943,0.5379079930972077,0.5571262380180761,0.8106697719879935,0.9082150586874946,0.2138704512759831,0.8956775618467867,0.3210303592264131,0.9070406980335047,0.6952470484788134,3
0.8205462021940487,0.12160745121139842,0.3906715079564828,0.6999650873319703,0.8821916031375465,0.7087087879533704,0.5717300725649602,0.9848782902475047,0.7661048650297736,0.4749599913582505,0
0.15564715686952207,0.1830831403354875,0.29093127163508503,0.03586665389093475,0.8409039551354841,0.60689163067503,0.4412422842169329,0.17075721270226052,0.7378086475941258,0.795428852686739,1
0.1491352969165381,0.3717413187195517,1.0089980572720978,0.42885774929964804,0.7142431734729444,0.814856977678619,0.37799299256439955,0.46501741874174174,0.3986991387710327,0.16220212472007078,2
-0.06170661732919852,0.6782655944219604,-0.10880602493925712,0.06861715397008927,0.7582957579515262,0.9277053375332421,0.37537802393869524,0.21062235568264617,0.35914977280857663,0.7732874341013061,1
0.14470523386213163,0.002664363049730889,0.5186015966406202,-0.17614813369483456,0.6879927647604912,0.7341278912191767,0.35908114182857986,-0.07981817623435244,0.8091926838946659,0.836971232128516,1
0.4802526682742351,0.2652258630694767,0.290105560611312,0.7290536294417657,0.6983448569346519,0.4281787022659218,0.8434687464238518,-0.0010505656524897877,0.7810296369138443,0.638722068176615,0
0.7526712010752793,0.876919728143539,0.27936509634898155,0.6170164843376131,0.15632872728938546,0.09330611824061255,0.9473978031723942,0.2807813822009641,0.772266906562458,0.4043959853059019,0
0.38642646194776253,0.8000808406988619,0.176743564835808,0.8689265598271294,0.7872297651222343,1.0313163739726137,0.5177484280381267,0.416164130648477,0.059129051149495966,0.4971104381866764,1
0.249925602037855,0.5816652562613966,0.9438270590213741,0.0269718563343638,0.4140045781143662,0.684469688028682,0.13874643859995786,0.3996210731546685,0.12412064056490588,0.8155981969817119,2
0.13524296466702573,0.5995843963184223,0.3838462858020457,-0.5119095518772535,1.190400646597442,0.1757380106791575,1.1471014853652164,0.021984811505776455,0.1071724278577188,1.3143624657670703,2
0.4075285705984252,0.40291934724320433,0.8977220168400729,0.6289585760944918,0.8977267493577772,0.32650737542993263,0.35166660670255834,0.6744325584782941,0.879810951623362,1.104370039992756,0
0.4998048713957869,0.0609491016777567,0.7672227939493133,-0.04251468305348444,0.8711958895912703,0.41628916981045627,0.9899827071053842,0.5438362866501215,0.569993157340802,0.9471534543070931,0
0.6751243947948566,0.4280880957548837,0.8624938712609502,0.6460420049501132,-0.19816887419296475,0.5311267216624301,-0.036054433999295754,0.5977401416579795,-0.06980381973146849,1.0346937539798422,2
0.5561577651544845,0.300742005594148,0.398862953986434,0.6809186381381176,0.5824993446296451,0.5887605090638168,0.5909086010439254,0.08837467782597724,0.8368865675725015,0.3790088464549758,0
0.8570921562326889,0.7430047630711176,0.2724093554295081,0.3124638635046217,0.9645878394214736,0.7248226656664749,0.2586522460083053,0.9721889424424148,0.7415872189578719,0.35966040033270835,1
0.9405612761114511,0.7475709083021188,0.20538737073365132,1.290676097343559,1.0681702221529648,-0.18297071387038033,0.24694764489401871,0.1889880632900337,0.17776136692816433,0.08512867401471541,1
0.7846814230327003,0.7603294938234182,-0.31180160504248206,0.4614657354376481,0.17533301544310137,-0.36460718761997146,1.3308532671227338,-0.055940130314454384,0.11949057609419711,0.8306634215886952,0
0.20791239584784318,0.572374547979675,0.952496040080739,0.47522850544614226,-0.2475205765644231,0.21384408774900376,0.12141743788605518,0.9029150204863005,0.15596950371728233,0.741063881653909,2
0.6674053796510444,0.2744470448844794,0.20915540368383878,0.6882966461287726,0.4962698520692831,0.5518020876048115,0.7896020157307203,0.01135065953625864,0.5530960716039458,0.16174903258670537,1
0.31575553220806796,0.7952574897498733,0.97484679950506,0.20887459987492868,0.47005458966736774,0.7140720445652016,0.7258537125754376,0.7607535125240598,-0.23236793718563914,0.5735130970134151,0
0.8857090034395815,0.7655902093621749,0.6491859188324918,0.9101296612042716,0.541277375325409,1.05987941532516,0.3408232397861111,0.4082817480929902,0.5964316653255827,0.622766283487513,3
0.18564178774768694,0.5291202646078724,0.6412515908733828,0.22079386674077883,0.6774633143702332,0.2327140848239394,0.5858513725224747,0.5687267844545182,0.9883020203166961,0.3654478889908902,1
0.11476910493171229,0.49149853561539325,0.20679875642860202,0.33743205920189046,0.6468368419055356,0.6887332415647912,0.05444074858960225,0.3486487712632806,0.12905927578842305,0.2923394881891134,1
0.314866740747295,0.5465708642642081,0.5940761862665821,0.13470333230487375,0.4055123942519687,0.16143673653806412,0.7889088550444504,0.6132231322033896,0.6603207436552729,0.4610649914793421,1
0.01676870924286565,0.8660224038724349,0.8410216074174034,0.7025439775169807,0.3125606550587645,0.7989166475375337,0.7933839083521339,0.03761480707601046,0.4543983954388502,0.16604239666867987,3
0.2738442267559383,0.42629992453721305,0.588498799122897,0.9186251124180684,0.6077507355015141,0.4992180042755117,0.5787233239688587,0.19766041876208496,0.23164830070579248,0.20813412055270125,2
0.6423467884250758,-0.6516312408979724,0.13607087578528426,0.605971004090698,0.6817140627453243,0.8327754917285057,0.9709311367893192,-0.08932367277989495,1.3319903500791002,0.7054088950943473,3
0.18285213269983935,0.2076583536122106,0.447528757512412,0.17059817625819712,0.5262126271394523,0.3682380393570258,0.7524551411579375,0.3867270159401133,0.25711581043512877,0.7848386816965575,0
0.6549666878074848,0.3595074693712387,0.2584592487739631,0.7213313115899825,0.5538070080287661,0.5726347728313137,0.6408850020319847,0.22014070782099177,0.7932413908846894,0.4004052924666354,0
0.5529800530837026,0.17129388572677468,0.8298226923577956,0.4347252963114086,0.0902606121930494,0.7703705564932215,0.7084802611891544,0.5706612286367,0.5452993103443841,0.9533390366912136,1
-0.3238651059445315,0.6317971351773095,0.8854683487505759,0.7730959419496914,1.2522948442157373,-0.4794838970644007,1.3394752595753987,-0.0764356262521998,0.5077265500391297,1.0376010994083584,3
0.4366080287216131,-0.04230180181847687,0.4852309249391762,1.0657212024761993,0.5946406072866173,0.7575602143295336,0.3312953964898432,0.517575691642723,0.8358782547635186,-0.21823376296194716,3
0.8935973629109567,-0.07877481167598196,0.6558434312357392,0.7576879076830518,0.8266048982820149,0.2927325236294731,0.472660671092169,0.749001453757467,0.46716266882494567,-0.0043053352855273105,3
0.9525750721639261,0.9891762931044952,0.8201518202887401,0.8352029695627913,0.5886863988813162,1.0244930387596498,0.12587038376479245,0.5956785962844539,0.7504231274132722,0.39109439860385364,3
1.0256409098876287,0.6472649322787073,0.15324726181658435,0.8951313084576494,0.34208991112797416,0.42402831414055775,0.11192297481903431,0.8597717983385609,0.9550377817521737,0.6563885450013773,3
0.5938294562987119,0.2600604514911392,0.41634275875432253,0.7317626724059766,0.5974151318481364,0.5897365629001324,0.6004028375068442,0.06724559136591249,0.7431263203770546,0.39356165860909,0
0.6778625688490756,0.1511588428562909,0.4903841865327762,0.7723216492137779,0.7526989553015114,0.6698671651131456,-0.018239663669441013,0.07077359884699029,0.2268287485703373,0.13669256036122002,0
0.8355914679034616,0.8084416103376028,0.21160860949637705,0.3088811485085929,0.8857413664121313,0.74929603768327,0.3319475506032006,0.9620763387718095,0.8134053421124884,0.32686378197693466,1
0.5964052494209549,0.2727753906586169,0.46874466180878405,-0.22925116834001258,0.031226654385025625,0.46767186490372464,0.5501598094430453,0.5456989329807728,0.07259310295614647,0.37111051121435656,2
0.6834456899721572,0.8838235326379071,0.03733385002852338,0.9750782521931391,0.8888272182741102,0.5013161715071626,0.15537977613959417,0.703417417751729,0.34735400053424254,0.10262450851902818,1
0.8725574633622121,0.26868775828873953,0.1975144225538752,0.43030575724260495,0.17432438162481234,0.4894864774320407,0.4899180332735167,0.15866897753457054,0.7680908229918864,0.7419296440276442,2
0.835576308952402,0.2738908494206089,0.621013844425641,0.9345780308745022,0.7676652266700892,0.5705862557729915,0.6780353539800847,0.130032296227588,1.0175963776368673,0.7471789145937178,0
0.8314111139350505,0.7050057567468052,0.12542235339039773,0.9093177454834425,0.1230573850283081,0.3509186295628613,0.012473067381672684,0.8567002580816477,0.7333247061055934,0.7708870361862505,3
0.3683875189329243,0.45297299015859266,0.3306560980528605,0.4825177224729783,0.6592534375361262,0.12520278138121307,0.4103215287355101,0.4170972661878833,0.5091580717625314,0.9362453597533751,0
0.5489376476879612,0.8651590429252884,0.9100986478711236,0.5145265146854482,0.553012673140211,0.21199325639162928,0.7542159308920632,0.6055497249311074,0.11380128043251611,0.6089084606884618,0
0.2699594327363004,0.4278921984613909,0.5859889573944306,0.9163053727449276,0.6087838656999284,0.49824970895200954,0.5825684903369905,0.198501711889315,0.23734497392446421,0.2131093454374045,2
0.6329644422375182,0.8926516193259999,0.2530593127441,0.5188723841203751,0.5738179550046331,0.325664138610774,0.7400060113501005,0.46142940376625413,0.0817062841062151,0.6328875997132004,0
0.7637694680130693,0.36232908508488193,0.9272957273185349,0.7692800732068316,0.07624193245056554,0.2479548314339814,0.03794101649815976,0.20593827648508287,0.6681292607603895,0.0807341136377677,3
0.7564510174197735,0.841862926699629,0.06904990269911873,0.6522480705218949,0.8830384313987544,0.39137930745380406,0.1129154836483682,0.7242481972842348,0.8988209283455562,0.43021379293211076,2
0.2223174309945956,0.4556189535840237,0.966910101983725,0.32397012313688967,0.7212767708882296,0.7359782424658645,0.3924826097998869,0.5831982129646476,0.2360825828703478,0.21635617600902018,2
0.8739342649822575,0.2442510240703014,0.4480384695666908,0.906445647783457,0.45526272273247204,0.8507415738024284,0.7298891238089528,0.381042492749909,0.8658882033550976,0.4893262799676208,0
0.2828574763399869,0.424694750305936,0.5791070371007552,0.9128622134331233,0.5982706270097312,0.49816333246901645,0.5723654326119791,0.20905765126683226,0.24574818776113314,0.21038057203558097,2
0.6175835353121418,0.2614868090186028,0.23200778977217468,0.5486071490714244,0.6085992118420223,0.7156494442930064,0.807698529316915,0.014043731251307014,0.553064544714483,0.15012797320829502,1
-0.02028272194756353,0.7405514790152827,0.8952972505439503,0.053739565613710225,0.5732137669883883,0.6551165018356767,-0.39140225239510146,0.5069008626145044,0.8887387886807054,0.4430913276441045,0
0.751006408170651,0.844187171030523,0.0941538409572121,0.6723383520074765,0.8602968411571035,0.38483619556506043,0.12631874839805377,0.7194889151760709,0.8788895114215759,0.4295814286738621,2
0.2523137983050628,0.26796148267036696,0.9065644458087364,0.6494473268230785,0.657598538044149,0.4699136537220681,0.38734987046931907,0.6404872641174699,0.7908596189253447,0.9901866204803957,0
0.1289829407639574,0.6944256382505642,0.7098714506669614,0.24478492470070065,0.43446840768326284,0.880960430129069,0.3548837801116287,0.29385539232415137,0.4223327613283989,0.15961069531902594,2
0.16869437878843563,0.41272489130748036,0.23559873206013648,0.7883132532783163,0.517618312643968,0.9276152651306256,0.8651196859996283,0.3843861458845839,0.7108656596571444,0.3109063679291554,3
0.2332731987353435,0.5630611850389248,0.9680252423527316,-0.0031333614140521687,0.44311154533324265,0.6646728646836328,0.14407657783754646,0.3774638517678227,0.1277925799341844,0.7955348571888939,2
0.6893403947045073,0.26310481883337955,1.0044527183983185,0.372241499951075,0.781719909172343,0.4494371180543166,0.10238709914787052,0.6072679851413583,0.3729135486235481,0.32234199110395917,0
0.32561589333914215,0.5257179703863368,0.5858341693196416,0.6870556815131859,0.346120278434527,0.1690225830436286,0.6417438958430399,0.3154253528698232,-0.054070297473884366,0.7335620471309164,0
0.48482343327939625,0.20720077929439396,0.13274328373634847,1.0108677030598907,1.406163734906328,0.9539334266248496,0.13680565020151925,0.34249622337808777,0.17471916138826493,1.3837348928912863,0
0.714228831503195,0.5296245809805011,1.0177351409067927,0.7466665661149018,0.04422791918840768,0.4111525237878309,0.21159573605207901,0.20999118309596376,0.7655440980997027,0.14144457353071607,3
0.2798977887298864,0.43092427197576155,0.5866645421264269,0.9219451855985156,0.6030654402096423,0.5019618298510214,0.5815357118301592,0.20357655083110587,0.23907773607565072,0.20827741343494913,2
0.720437989903502,0.13563111444445689,0.4562921426141473,0.8190009962504421,0.7941468259894245,0.6690759298688387,0.0390189639485968,0.1327533230530219,0.1871275699476049,0.2007243967121757,0
0.3495034318678742,0.30771541718509066,0.8496516941319255,0.5451613633383433,0.7011544789772568,0.3803170220254288,0.35375383743772065,0.6278508730984097,0.6926300137682163,1.000291784518757,0
0.2583737986266005,0.9222651082142806,0.9554950225651163,0.9202515087017904,0.34327094539267167,0.7592097885772775,0.6766178341837072,-0.11922672047370253,0.44031052874207927,0.2031479360844179,3
0.5438978610823388,0.15153263505460285,0.8133744198532594,0.461067887237052,0.08133325355729985,0.7657847797965762,0.7182066646111868,0.5662806167243675,0.5396953831654763,0.9652875719860871,1
0.472659577618516,0.45122779259440243,0.5716324811724369,0.11051532722778801,0.40269249216792485,0.1772841655342381,0.7625310427589161,0.6258428693985655,0.8213385297929172,0.5163277024483105,1
0.2164713340913369,1.2714195002966369,1.1017358350746296,-0.5376289530775015,0.5319064570287457,1.6831049053758211,-0.34273412314488116,0.31879753529044974,0.8010421900586399,-0.03006936774169633,0
0.03203203836777112,0.6604583888194975,0.5390589998529234,0.5029486172414588,0.7824781751604211,0.017614856820122097,0.9817862196348727,0.5360013770427638,0.7798079506608391,0.9928874961476757,3
0.6125097323345559,0.8160259591341571,0.04765092213528278,0.6274270127459387,0.07147104969135953,0.35256331823539927,1.0464738951659505,0.22043775097099286,0.6936687211507853,0.3955443297226746,0
0.3272431283262797,0.3293507230775003,1.0707989271378475,0.3317008475054012,0.8081819488001128,0.8321102606013822,0.3950611894935386,0.5753915446843951,0.2589032575786806,0.11374506084233954,2
0.4858280289968448,0.6286865981204417,0.9512673421626402,0.6665269221989711,0.33478057611981915,-0.008888424260840994,0.6148201390676156,0.598556766620775,0.19510668418124222,0.6505942309888465,0
0.38638962243690644,0.7880204738149336,0.25880958310962054,0.895684657257302,0.6978271485155455,0.9110316256718791,0.578897594015518,0.4793985768720576,0.08061353965562566,0.5512288866148736,1
0.3485132539890452,0.029630416683608857,0.2159995815915978,0.39537581372028685,0.49675033723400447,0.2826751596930627,0.8502333334331611,0.17909343285887702,0.5629405193518555,0.7060479167816088,0
0.4726198365615685,0.15153292735021245,0.1295319858467947,0.6729778645332464,0.6947169163640028,0.7263699517605,0.7418928731215119,0.2588310294773139,0.42656831816142365,-0.07350720655414811,1
0.04240213683740508,0.8928053601061217,0.8812963843484891,0.7010354196243662,0.28663206292094756,0.8032844235942074,0.8533657338323153,0.02967964308072516,0.3937154248584417,0.14465591794901675,3
0.23596669019306277,0.7831607395785519,0.4378967168441022,0.9230283944667803,0.2737894684548961,1.002100540336586,0.10182686256115886,0.7175228711399635,0.9321463047264578,0.5908582405413878,3
0.0010737185041279768,0.8657251953144769,0.8167339048328944,0.7573117375484048,0.2921195420813995,0.8044297584057225,0.7821669734736814,0.03278477969264911,0.48231326446517747,0.1263803885099609,3
0.24199488754190318,0.7113435405234876,0.8881491322603012,0.24129471133038435,0.08677662039017439,0.29676969187894775,0.27277390943374386,0.5138668399381704,-0.03728742596974116,1.036478922544091,2
0.80472377340621,0.46471308899029495,0.906470711942742,0.04542051812951322,0.49558189836040933,0.302734647181017,0.740389546387046,0.8485714560588896,0.9860975851351435,0.35887994851028204,0
0.9523754891574354,1.092667302301314,1.0108635413017164,0.9709282032242027,0.6954618571151344,0.8954253048744127,0.1597098696318346,0.7295251689084213,0.5945893391961412,0.3394337229313141,3
0.3715168820610007,0.38836102509263126,0.8499738515449576,0.5782017296516301,0.6805744126728986,0.5057493740642812,0.39987369163198805,0.5872689269509223,0.6530547819461685,1.104309691091429,0
0.37884183547104405,1.0161956840139295,0.3280325568654552,0.8398931777743109,0.04450044057377715,0.5981599886572797,0.9929911484248795,0.45837701889269855,0.7141553075320272,0.6445337586348481,1
0.3430612680132699,0.5876675465564696,0.43749696517226433,0.25308414997131223,0.39191780066920234,0.746493522793653,0.11753494423355239,0.1933374799793655,0.1445625373065612,0.8070995868225898,1
0.24825862010199481,0.5707407037037037,0.9399999648347074,0.02768580578244833,0.41272734770700015,0.6827066401080358,0.1480189864574862,0.40677296937609064,0.12328747335698097,0.8176402227794876,2
0.2562101239636693,0.5703720719837844,0.9427291373956792,0.01861468857457843,0.4180197318180549,0.6917398177847361,0.14041410315219383,0.4145184467896441,0.11811952400257517,0.8078390232225531,2
0.3002386200536816,0.32567897218490915,0.3459523797222923,0.571789225214801,0.6984905727086694,0.869948535922198,0.02992040228093222,0.23453045035385794,0.14883358700622526,0.39732553166129486,1
0.824813828833603,0.44585822785800255,0.06635774519498641,0.4420496743409197,0.1924566256032028,0.5505902562925657,0.5867327596567942,0.02049684112201916,0.8033746883120434,0.5570447874549442,2
0.6554855755762402,0.2549680023657099,0.9890463541972458,0.38368040449767055,0.7819343182362698,0.42132280690358437,0.14489999912012205,0.5798498188981944,0.3743813715947476,0.25837683787595644,0
0.49049517992953484,-0.19205524818382536,0.4635050914192608,1.1044455449192878,1.02287371314891,0.6310783204467898,1.246990525601948,-0.3915754823196509,0.04658616977771435,0.6310978261060004,1
0.27680309695310784,0.4304557340392094,0.5817957668335981,0.9149214160859774,0.608538124709091,0.4965137557714299,0.5803156823723657,0.1957266952854875,0.23110606646705462,0.20919523175586385,2
0.692931820617473,0.9300962399200786,0.13795167515069573,0.6198203190754741,0.5455873845674982,0.27942840546722975,0.6368056510350102,0.5843881417402199,0.018369309733786074,0.7205562967310241,0
0.965859554465554,0.05448623597026421,0.7994755242998135,0.04781843156306865,0.9513954677038999,0.6699510376028233,0.6062073419085932,0.6682554355972871,0.7121979921344441,0.7384412526058924,1
0.7534330846691342,0.13292584771549062,0.4492145499596855,0.8173616325110074,0.8295419395681022,0.6527383784941164,0.013922107874121698,0.1619750320014834,0.2498351451462297,0.22620674729032814,0
0.3472355037593399,0.39438851139427306,0.9159598846435993,0.48949772036690414,0.9004300641651264,0.7388820999176214,0.21156044476120417,0.4509006393979021,0.37072281567333576,0.02504595039693683,3
0.007919378594690954,0.9243688188415389,1.0179490488592964,0.4851372656779774,0.08890617093172037,0.09691165572180116,0.5223742668767828,0.8399713394374964,0.4137742153086492,0.7425441574654265,0
0.32645176446540947,0.9866384655350812,0.8962261039325096,0.642566828681463,0.37287725761995405,0.6059231805267691,0.6686490798755872,0.9721552632487382,0.2886960364159107,0.927582032438352,0
0.8168271818084797,0.331074662933434,0.7656983582105815,1.0139028886915753,0.9044326538641765,0.752301641632314,0.6943515727123354,0.7202104379912374,1.0588710327905475,-0.07278997586354222,3
0.3185204499393659,0.5378254618228857,0.27422084427565796,0.24601751892106113,0.23276504979686358,0.17115664837241648,0.8116535621072034,0.9079499391413139,0.9825336359303665,0.35764982363986325,1
0.5002639085744034,0.2723830994412375,0.36570579994473756,0.7157701287881293,0.6808305713946149,0.49455869880919323,0.620573925017033,0.13170128306014267,0.8065860833897034,0.41417879944024816,0
0.3456512090539876,0.8012271783973909,0.7809163723458004,0.6837937534983769,0.4466906532748849,0.12918789277720624,0.7781266359769412,0.4917562064510143,0.31221456197798736,0.6891467279619516,0
0.12739296068548725,0.14533351813983042,0.30136049641239854,0.042154612521831045,0.751959449180978,0.6321402098358444,0.4742118503693354,0.10744006175640668,0.7889291292827333,0.7303200273657279,1
0.20809855227396312,0.9074980412548599,0.6436353859289203,0.6006005039088499,-0.09399132711585695,0.6661981201161584,0.2018899658621311,0.49179357540822294,0.33680864622406914,0.7939130471722075,2
0.23964062947896914,0.7133308966985821,0.7288848793612238,0.5850034817982877,0.3293523236850178,-0.11589252000417283,0.7893086883073226,0.3046883432949494,0.3157277348397662,1.0069556759543679,0
0.24865536277788514,0.3920173797926446,0.9304509121011458,0.4291005810939461,0.7189499738185435,0.8456138484211195,0.3268700856835617,0.5690654141120073,0.28190757838420005,0.2699896712909545,2
0.42011903520610017,0.5029347537331059,0.551087180469691,0.14934978369674243,0.4086269611769779,0.23768788565369622,0.7828177717354785,0.6434665354957552,0.7712590035959721,0.4591142367046211,1
0.2549226163613589,0.5803695982250207,0.9440327025710225,0.031107874366439997,0.4206249905724872,0.6828347131214324,0.13744669517559324,0.4032313275631308,0.11971482648070227,0.8190199904157616,2
0.31538893584575506,0.781792239805645,0.15288942454845164,0.7385549539059264,0.13140822134740043,0.4404611703575043,0.7349178190182001,0.2924542013801591,0.6053155271388411,0.8911377195573297,1
0.6496230522837776,0.750833883142235,0.5306309565019522,0.31486253097881445,0.3820985607622074,0.7870533417905068,0.6775483266936669,0.3711168127340188,0.9018935384437757,0.9722599476669467,1
0.7529608090093615,0.9406786822679495,0.10598738681160169,0.5167343258351943,0.4315369469153673,0.3785663143985628,0.5865072565283301,0.553787007058394,-0.03346603439774097,0.7260941358145285,0
0.8126162684892368,0.7594776875219154,0.2526703686035493,0.32290656464179024,0.9112845544195856,0.7752647040131639,0.2673083783487793,0.9847973222821798,0.7926628523249354,0.30564467236401616,1
0.750383356932646,0.8462564234007839,0.07638495521203932,0.6536176929033017,0.8814063478590262,0.3990149277165749,0.11973967868200228,0.7186433609382177,0.893967479042243,0.42646326801204615,2
0.688112076250008,0.8952042915419894,0.3132910385728519,0.5479523448156715,0.5276966933547276,0.27255889073555045,0.7616452996798224,0.5155420065093888,0.021010746121868054,0.6033931145626793,0
0.6031746628079109,-0.14320699243416463,0.06102877090139267,-0.04265546813094648,0.5808022865528708,0.5146976400774634,0.7054214252826659,0.013570418567772122,0.30571132465081996,0.9326533616080739,2
0.036535361162125635,0.837753449497,0.02468371928499484,1.2445335266220694,0.2021402035520008,-0.274678367334529,1.0772990077475857,0.6704611987687104,0.05666480526901785,0.4814725799183202,1
0.40008231472227274,0.005117840671485949,0.37958006701007313,-0.1551325993083642,0.4896132071117685,0.37660627878348796,0.3399779481210389,-0.12348547091756396,0.42942974668122197,0.5055685852610736,0
0.43082779510717867,0.7441707975529669,0.8292484161063152,0.6461019285228249,0.3779373476745609,0.12291237882841906,0.8040601157057558,0.4961418885638185,0.3349034334516346,0.7899537801498547,0
0.8352429640109873,0.1114536012980533,0.31812329645322635,0.24239460057079404,0.3754125061834205,0.18745672038939992,0.8891720360044103,0.24682545095723368,0.8803862629592379,0.5311844189410053,3
0.44116507189965565,0.49506980160387015,0.5356025427752661,0.08508116719153856,0.3332915813393627,0.281123898595417,0.8813992452534976,0.6471220255712,0.6947781619885812,0.3246483670495607,1
0.2830045189164028,0.3822298715736842,0.9221594808777437,0.42550255274685117,0.7240387270546301,0.8329660065385116,0.29332898568169485,0.517233768921017,0.3668943637388742,0.1855276806747143,2
0.20085613497236182,0.40185105622991185,0.3288699791101322,0.4331843932591003,0.7223611491199521,0.8676315023776068,0.15206452361280018,0.2607577790770359,0.08763859988202666,0.32452218070703426,1
0.29687870142436584,0.09387731360054646,0.9327738872756816,0.533795094999211,0.5602326248712541,0.40623099781998134,0.42951680496569333,0.60523215783824,0.8457352795521482,0.9975557034219227,0
0.6997247201634152,0.9011004424684645,0.05628077700000887,0.9857745828678932,0.8813663979627511,0.4996391477385455,0.17087991020916643,0.6921422595011513,0.35934760985484165,0.10012181379680578,1
-0.10767657435161404,0.6963444766802658,-0.09117385552065282,0.3125649067066575,0.5826728937624819,0.9804081578750806,-0.03899770955009807,0.3133381919800484,-0.32794099435585367,0.3990550850994521,1
0.9654026904619497,0.17929226992110184,0.13242599432962018,0.3334199715762137,0.34853776060833586,-0.023055558535353987,0.6471836674659792,0.4443304887961035,0.8165562747272375,0.29823466163118495,3
0.27425741332881476,0.4292611852500639,0.5858188844423682,0.9164593831744298,0.6063502758494994,0.4974563811218193,0.5800195641019222,0.19792716774318286,0.23409074120189877,0.20979131534240528,2
0.3708810397959482,0.9096354219249128,0.4100379148952937,0.8562394598675256,0.43971955321964307,0.8416115417778833,-0.0012949825669192616,0.8772986628416033,0.9480512999884751,0.5000048364411747,3
0.5206780004412557,0.18376968138228617,0.9362751774057041,0.3557698325601116,0.20835122103193499,0.744020249730339,0.819494255946358,0.4700169470638853,0.6583292367394704,1.069596956909596,1
0.6264068176256561,0.8996900613023223,0.2850927283759878,0.48418593891435174,0.5374615768815639,0.29683183335832886,0.7047261000071499,0.4973098973735918,0.05246314459587288,0.6650938741682102,0
0.6819451711807227,0.8840259175881688,0.038875297216363035,0.9739788215673492,0.8860546342034813,0.5011136026568278,0.15587029907977312,0.7040031692408645,0.34800556622083967,0.1006574705322165,1
0.18189331581167498,0.06543475959632092,0.5538361624552329,0.4062178119011958,0.6536168264954823,0.3515379649730105,0.7828460325077223,0.4678726639964251,0.28142626815948935,0.6603792019822711,0
0.9436280825499429,0.06354111383300612,0.7164226861343664,0.5934026032872524,0.6363111660837528,0.21195063668655661,0.4513968315376363,0.9356665142097892,0.45240554539466493,0.07187891208167971,3
0.3555864587321024,0.5207481208856747,0.5516603328118651,0.08921788751066978,0.4074482940091057,0.223345510275054,0.8103539992285245,0.6890524066664119,0.6966178305552221,0.42992293714566043,1
0.49204427619690383,0.5050036512285196,-0.08702817654059736,0.057250210457961526,0.038890963615493934,0.5828890375062669,0.8539297417828849,0.5081425094901093,0.41668950163457563,-0.07950828274796728,1
0.6732038205920564,0.8358953534982749,0.05294617956503545,0.6763426718528429,0.07425724878366287,0.2614256182403387,0.9535952881628668,0.27222178204519987,0.8726650951082413,0.34130031262812,0
0.29522892921639354,0.696977566398774,0.41109991940662727,0.29590626222350014,0.41212383822426796,0.7373512080782673,-0.0009121298733636143,0.07105777615328607,0.10956507593392528,0.7733576344765325,1
0.042668892023299744,0.8604533248342104,0.8222511095762692,0.7083892043314891,0.32775320644251205,0.8177116952159353,0.8163112027059231,0.06018195698082884,0.44998674969743385,0.1140989750832348,3
0.9902772424777933,0.02188967695939088,0.6360554323630305,0.5668997845483653,0.7043274916005124,0.12204806889503114,0.43059192759796655,0.8246749029673094,0.46879763278831843,-0.034594767228199444,3
-0.2375928333098617,0.5577875662653191,0.16542421550610123,0.21230380201211638,0.9431625509975934,0.5616079449917655,0.3051061180864218,0.5423362644571895,0.7752447039352175,0.668179892179792,0
0.636803301886992,0.90006012994705,0.2846645165393674,0.5259357360669672,0.5530377984292791,0.3312192186202656,0.7328559406974252,0.4965959996041158,0.05831209151734186,0.6600995527658754,0
0.5963901354715546,0.647490509576157,0.4265326016852224,1.2807176372650626,0.9236258301386726,1.2051062493032751,-0.1755027146379851,0.34876994995059774,0.4575075907079127,0.946975677397103,3
0.936833405936812,1.0202434224458994,0.7072919294607481,-0.4736728997017805,0.20415029595995607,-0.21022203219695973,0.9155396537566167,1.1259716025547502,0.4942497017186373,0.27090106991043855,1
0.328194524047065,0.5999851306301831,0.9095018082800163,0.5018650790668667,0.6012458945663509,0.42086726843339733,0.6451898529519482,1.1765271874890793,0.42147000604992024,1.3290426636199295,0
0.879375353082646,1.0414918071149173,-0.11769056601468111,0.8960272519796049,0.21819637629633873,0.15203221139632328,0.6733337039997898,0.12298284383756439,1.0366821913875692,0.7053505459814708,0
0.287481728119439,0.3168049404464385,0.4160836473379171,0.44508443737302844,0.7198471590749534,0.8441377736421894,0.1985245849899233,0.31735688756260194,0.10177858288457914,0.37699867840026924,1
0.7899428942233797,0.2305643305195289,0.7429563016836072,0.9850684642463367,0.876810707197897,0.6773517344428567,0.7713671317263816,0.6913345729962845,0.9030450409039258,-0.06728575160815872,3
0.22173336396663967,0.6819655479773217,0.41038990104899414,0.7055211587967237,0.568086089955556,-0.040391979545311436,1.0541960438767932,0.5411499097943141,0.9336189039465445,0.862878506242243,3
0.6874720307600121,0.10944480911087325,0.050551192286228175,-0.0006501946229220314,0.7846028698476424,0.4832310444969379,0.5641568027561747,0.18665061269367514,0.3968278367826387,0.8231560492357578,2
0.2923766878368,0.2705965104715165,0.8146940794398598,0.5507799118807375,0.7421556347353314,0.4158954889622789,0.36151573672495174,0.7028794545994683,0.7664335465755684,0.9985904623226788,0
0.6354684979517574,0.8756788630395298,0.261789264033585,0.5092734464840487,0.554206033462829,0.3158448915969192,0.7268078760057602,0.47097362823188366,0.07118883849331226,0.649021768472831,0
0.3802219312346599,0.4099408646630444,0.9499398740119169,0.4731976936088572,0.9325505702737482,0.7437780278470468,0.1731479909326722,0.40601461147056805,0.33771440029454064,0.03453227481084993,3
0.6965532894652939,0.9198664893472871,0.2816914371501389,0.4986105572953827,0.5642121521996362,0.323929039032943,0.7068855216030006,0.49469381869862056,0.04010905385922328,0.7155618312049412,0
-0.08883878777114387,0.7752549757321772,0.41924013707193786,0.07788076521485535,1.297266422882566,1.0714065186323152,0.773425973338932,0.8368451396120061,1.3303472650152284,1.430059802790746,0
0.23576712072578151,0.4015173748143839,0.3474090385271496,0.4796411603327036,0.7721934838590734,0.8292439998915923,0.114906042930073,0.23454840654562556,0.10035923165096738,0.29619584530519816,1
0.1911978615656277,0.32028007021797006,0.3091278981932445,0.2695459797151058,0.6222252584617356,0.14011858166171076,0.6223994776089778,0.1825690668301243,0.44976845708431484,0.968845343768827,0
0.6725864154226512,0.25464918313102125,0.18635751595052286,0.6266582100323063,0.5112224088924195,0.5757327886166523,0.8198553064449547,0.03495433536850201,0.5081917556323489,0.1427468092622431,1
0.6706886608407935,0.2171144766428174,0.9199655311058058,0.3545891122008492,0.7846753452259996,0.49266689475588804,0.18239949093195132,0.5591335107841586,0.3189361096242977,0.31838725083855196,0
0.6734084608369273,0.762944169688506,0.30993442449870173,0.3815332435629833,0.6701085521014271,0.3490414293243308,0.6894556565770485,0.5219240726032751,0.04149681921174723,0.7554863354059498,0
0.2724235824104555,0.4213216010815629,0.597044485086116,0.9205795534036811,0.6105540186670937,0.49048230089645617,0.5873371438630695,0.20625197030638504,0.23629962539169147,0.21149316101187246,2
0.6648709900040642,0.4214189745399611,0.25121218159653935,0.8572437501843686,0.7921874533523464,-0.04234593167206896,1.5008883258076524,0.24998083069469854,1.0490862794032152,0.40734252823964584,0
0.5186641749908211,0.2635803402175437,0.42718948181624716,0.6943725605979085,0.5951069314067274,0.5739785125236125,0.6757662335571708,0.11594910292969152,0.749243547214802,0.47987125436902306,0
0.24939631784345795,0.8414616100115765,0.4342402470931057,0.8473887118996075,0.17219965260010267,0.8303739150821797,-0.06180449346573805,0.5223136734870963,1.0273674842982188,0.4315599595951397,3
0.2672794455975377,0.5733571816980626,0.9585340124521298,0.047834149934126435,0.43750843795612815,0.6701381503283844,0.14450019350767213,0.4102630169964031,0.12086077744979301,0.8081838648143963,2
0.6920833711889388,0.8882272475447366,0.04939126460962989,0.9836454358194269,0.8834348062907705,0.4973311538660988,0.1699084619892666,0.6953328543770362,0.33251638177924225,0.08925381541662088,1
0.33821340739876515,0.8889625547897863,1.0531721018375855,0.051890938614438165,0.266718929424987,0.860142484256359,-0.10408011626482502,0.6947874523250481,0.6139961444872154,0.7939680136608067,0
0.626466051649757,0.20712537007305107,0.38908175520515986,0.7977023969740751,0.8145583187347127,0.7434104727383651,0.08417398027905179,0.017841223551561647,0.22691143238948608,0.11811210018266885,0
0.5742132010337986,0.8105280416404206,0.2512321954912642,0.512012525478854,0.59175980610211,0.3454115188200599,0.7679461261049683,0.5418178984169632,0.11797013958896288,0.6038897143433642,0
0.8371012908778225,0.390665821193007,0.9544136366136986,0.7598176720507372,0.12668930118717883,0.2498368184852599,-0.01537886657832959,0.152919263987422,0.6060335454295764,0.04804467668311292,3
0.4144859165103868,0.27686945416161796,1.0553907675152283,0.42016425863072576,0.4692674774577254,0.6271974790349791,0.5195045030879791,0.48690252517754423,0.533175939218389,0.09188264302860279,2
0.47533969117341063,0.3248981153232495,1.0262925057236985,0.259311122910598,-0.06392849117177651,0.8246615847565515,0.4940438944324475,0.5711809190489499,0.5154568412544842,1.1767726206742495,1
0.23527396231827016,0.11942898147316666,0.49827816654274026,0.2960970191538909,0.5826455719140716,0.3106461448203422,0.6886665042135912,0.31279535885856363,0.28718637330864133,0.8105192041594577,0
0.17412780821386473,0.412968452357764,0.35503922222248036,0.4382659643375878,0.7181906257790087,0.9125367996245292,0.1547121997953379,0.2596191569661711,0.07109203297921561,0.3869667777085761,1
0.058966089893385476,0.564742115234398,-0.06771542570599118,0.5173708754805961,0.3473557822288328,0.5569298052196456,0.4288606996971401,0.2059723959943185,0.6112312353459088,0.6080459013631445,1
0.32161772236272,0.3123084525451264,1.0105548913075488,0.4295884692285088,0.7412980942694705,0.7015158410949167,0.33509136725678645,0.521500788279171,0.3663722998441489,0.1484457487255812,2
0.4906397885256014,0.40481229615468584,0.42175119848898573,0.1813448613379175,0.3808982169859384,0.10373988381211877,0.9154987871993386,0.7317026044760615,0.8753274507913674,0.4444760981732029,1
0.44957730591646206,0.11891515883859577,0.8774654556576119,0.6342359109575244,0.5511163004999039,0.42869971755448893,0.31564878607697394,0.8743234421148032,0.8648436687992225,1.1707507429801038,0
0.15685192896197203,0.9583756930657936,0.01551505163598818,0.7358509474142273,0.22754781831402818,0.5678076707564768,0.6017310333548663,0.17510374066740378,0.6691851034086471,0.8241506992067443,1
0.07555307813144271,0.791612292573999,0.8693751236298048,0.5407528530327006,0.35332679341492335,0.43791351751534396,0.7547465507795176,0.6665554704202908,0.20769151779628597,0.9554919789666338,0
0.3887377995299894,0.5209282000900018,0.577988940685447,0.1217057321918186,0.3747933497325246,0.23221664975739026,0.7950337691596973,0.649637891144402,0.7311459100628063,0.4413641225638179,1
0.25580700841258885,0.701682667630598,1.0942846547929308,0.32428137358693304,0.5554250354920287,0.28647607357942795,0.4798724511494186,0.6296180833246953,0.30588957056862426,0.7519506293161319,0
0.3932616732854469,0.294134640783702,0.7994545574985311,0.6706519754847252,0.622221603306691,0.3798517398248468,0.3789215868418116,0.6040688620512736,0.6996601556603448,1.097299035419327,0
0.21930137258959637,0.6881892856572779,0.8188613973946426,0.7761795876812796,0.5487081634607811,0.21297979515633353,0.615136242016874,0.4202989101955604,0.24554943869504225,0.455086605552804,0
0.681055816237423,0.8829947350524133,0.036297162299749955,0.9762145524529146,0.8874836983779593,0.5026238072977746,0.15495110267261816,0.7058094567235369,0.3448785562997101,0.10328521360800372,1
0.07288338054751864,0.5392189163768053,0.9822524185759742,0.025489944426141165,0.31811325180985356,0.7970436546865366,0.13625936481707343,0.7196988178850291,0.4223769115182889,0.6070088234910178,0
0.5429931838628198,0.31890267670560757,0.436165229756053,0.6646417563583409,0.6482193458977987,0.5200634039723375,0.680976631406711,0.08748636412524138,0.8535646459965057,0.3760972590267619,0
0.6831534727672856,0.8839248190378236,0.03750486842086598,0.9751999962562748,0.8881632934892071,0.5019430063202336,0.15521079909811858,0.7037986005570832,0.3468954911041141,0.10251991757234338,1
0.6231432026667678,0.22981451339134637,0.9566767253043128,0.6260557113299982,0.11925170013827523,0.35377246342200935,-0.06832214898840447,0.0760819207498433,0.7590666647889321,0.19923636780489345,3
0.3861709796520213,0.5191823458712517,0.5956449352747744,0.08614664540464075,0.37016037363653204,0.21234989967759688,0.7865545839581533,0.6488528421088521,0.7147336617004006,0.4259953917065262,1
0.7679923165209216,0.3759649344224963,0.899723168358044,-0.0024356624124907966,0.353700809449387,0.30123374389428154,0.6254683099189764,0.943184868540552,0.8570531945349511,0.39428565183771397,0
0.8353548811486804,0.5896171995699391,0.7411618202975456,-0.06050501636855246,0.2645466934674865,0.37862716462373414,0.6587308661700447,0.7130498136915044,1.1103095465258315,0.35518212598681786,0
1.3452541650763998,1.0670257903921356,0.619584010231494,0.37502577772655715,0.9390882717206472,1.5921088656745983,0.26551995822648056,1.1532032143298832,0.9503041878510426,0.6062591296167459,3
0.34995774631233345,0.7742062376081245,1.0503361980944905,0.042997552468533456,0.1767961932417452,0.9752309776355846,-0.08390372476599832,0.5964973268653235,0.473240097598843,0.7772541682512937,0
0.2536544866161631,0.5728729290564406,0.9443335834547865,0.03136683739195243,0.41973161785287605,0.6918993851125776,0.1378870143202916,0.39166827047035474,0.11575916090582807,0.8316524400778722,2
0.1476650253207956,0.9051651117725515,0.14144885612166364,0.8266428106477541,0.09828708468570965,0.30222797969654513,0.6284824587004844,0.39082086009746164,0.49282019106946906,0.7632780994613928,1
0.6633505495185017,0.8497273410235028,0.23008108456331844,0.5009613854748439,0.5854547362890757,0.31798320995972024,0.7043730125302408,0.5013609960571807,0.09099922823026736,0.6291996056596798,0
0.6806510907667239,0.8886387657548365,0.037864086608659815,0.9746198025953833,0.8936003866875646,0.494213165230426,0.1494904798338446,0.7045379670269857,0.33879252315820396,0.09393968939270327,1
0.8307556568523611,0.3551296426969467,0.9197433348015596,0.7772284327687428,0.19684616748152303,0.2679540066318708,0.05052776393039673,0.14044526018235165,0.7338694088598905,0.13103492901118416,3
-0.0982645885283373,0.6410124174754203,-0.047348761761916214,0.3954399610932017,1.0754144920694195,1.2033673128563591,0.3827006788887472,0.4710916845086789,0.17405991176515304,0.5889853360503619,1
1.4629113297648053,1.793019537096376,1.5673693703654774,-0.14180937268397154,0.3837285593782567,0.1556000846444633,0.5249812668145624,1.6834560305673603,-0.14832629544003983,-0.348444966308879,3
-0.124903570632798,0.6879102441279296,0.3963026333953668,0.3427610522715541,0.5192203365622825,0.20114073418235456,1.1569319157981335,0.035422821068823496,0.7203770227055017,0.5434863972237356,1
0.5289004593475608,0.3016131849595982,0.40511953090751207,0.6988197142042927,0.6422853813876265,0.5850894923104957,0.6541289111622881,0.10682470342116715,0.794872855496353,0.4420825887495254,0
0.5787238296244521,0.7432254620511545,0.5823294221075709,0.25527363264853065,0.3575770968271438,0.7365335503431596,0.6749408930422878,0.3273960551473251,0.9558883226611624,0.9408735940516108,1
0.36507128145972395,1.2094184785771587,0.034859918448502836,0.8832442918468599,0.5377073109706094,0.3012836188914988,0.7265712284942853,0.7271045398219691,1.1806584579420123,0.7465905038325396,0
0.2836702748622122,0.590871711856124,0.9616786595857891,0.2950205781107011,0.7042393473608014,1.1421679288761493,0.08599345687740856,0.28310570851997563,0.3824183743272772,-0.036214870318981074,2
0.9054382639791065,0.4307746985666949,0.8472805467833338,0.07547257176796987,0.4557623791983824,0.2565755270312474,0.6627700182133974,0.825258942328591,0.9671457835462393,0.4308462080233837,0
0.25648576370169596,0.21234213476134367,1.0678278130664034,0.4326829980192348,0.504621356272504,0.40145688274202357,0.6067301762793638,0.9026377861622618,0.8325635641973346,1.103855072572233,0
0.8418230838635885,0.7314382907542543,0.17578108938439208,0.2988353099738802,0.9509786688370649,0.849109213024605,0.314834559226554,1.0234388317911247,0.7421132830129775,0.2489804104818048,1
0.19657816772570175,0.19085043647518876,0.4481105337395276,0.45414036063571256,0.5236915933271084,1.0907010392454883,-0.04699324097452737,0.3617556617485367,0.35141791991984606,0.5209766643120617,1
0.7918566022938374,0.34781989494201043,0.8874625936250554,0.7119492395089841,0.10997899988815676,0.2749271976297752,-0.018828038148644775,0.20582125073930316,0.6465568788124267,0.09975269369274001,3
0.4451959151544405,0.9602364207113574,0.9048782718116795,0.5416219645531637,0.31239801756968644,0.02756131045549544,0.9270690078120944,0.3883062432706377,0.45557124674515775,0.6499641022020919,0
1.2531695835563543,0.9320902778178433,0.741927668866777,1.153883112105378,0.08004487515513004,0.4794265875064978,-0.1352472048503186,0.7430545014085537,1.4131712251907211,-0.17645416046320084,3
0.10377968589341724,0.6762233516937863,0.5539318535084718,0.6972154627691971,0.6860703952047378,0.09238801296442221,0.9397105497549958,0.55737798580315,0.8481777571252413,0.7929202632760797,3
0.891341456934225,-0.028093782726492232,0.2825551695183891,0.7901905148190216,0.9589621916331449,0.5764944124855853,0.5310487869670574,0.8655085066903254,0.6846372466816926,0.5071158336741922,0
0.2353362444030795,0.7781597110155393,0.41347440725587853,0.940814958155924,0.26809062999113376,0.9797002852001809,0.08641461400796512,0.6889394039818274,0.9522694331059212,0.6066463547215214,3
0.19609841574110193,0.7369007084600688,0.6050615382974192,1.0151968010594772,0.02822226673419731,0.7116597880638593,-0.17737032521369117,0.8603290579169983,0.874967473709523,0.755698047001858,3
0.3145387147409182,0.2436652198127733,1.0984120888464994,0.44962366378948543,0.6632724242626807,0.8508967302396401,0.2847295765138734,0.396927027741503,0.3938439697415398,0.09277720909175889,2
1.1158432802765048,0.33185175452860954,0.7092924873579134,-0.11975363209085241,0.0003289427819191393,-0.07350655355901559,0.6047329835979236,0.7211274297902021,0.6341323358451381,0.05242919656426143,0
0.7301745037927765,0.5821183428566862,0.9755754683827436,0.11803402095645946,0.29702205066474446,0.5449766628127329,0.7227084702446529,1.0552665463031425,1.1482559197767643,0.3251675260354974,0
0.399469626845529,0.7586306708917897,0.8116935805657992,0.6689343189270008,0.4647868220295566,0.18637563924478057,0.7818616455771021,0.4812912837491541,0.36675754440389224,0.6932775173883686,0
0.2985535078879382,0.5526114316345754,0.9733991513610063,0.06615672533854638,0.39871167067421204,0.6963141245955604,0.10630928651776758,0.37392597231172753,0.1331004415311743,0.792249926660058,2
1.2495793843870682,1.2084942365800946,1.5554433497489013,0.7721111282028214,-0.035862920688959576,0.048094538027133205,0.05293483716401892,1.616644124060957,1.4932924950378212,0.5574070934787131,0
0.27866593335042505,0.4350300097095575,0.5922474659126546,0.9170297875137025,0.6066608740358027,0.5007214381593708,0.5810847282188558,0.1926731787917642,0.23339069824372513,0.20216586834548927,2
0.6728294042413423,0.06874646257224297,0.136310163677637,-0.017538460186049407,0.6667762370373675,0.5319661025426117,0.6965825035297987,0.14549833483540447,0.25058209129155595,0.9539699071608415,2
0.6926513891529174,0.2403107837617705,0.9622348906185391,0.38997493822754015,0.794167839584769,0.4358877280477657,0.10946587334419537,0.5985764710203679,0.3359271177910925,0.3119475808810181,0
0.7937043190049968,0.8024722753129456,0.19729454366639498,0.32432910619124367,0.9533957160926291,0.7316773079903431,0.2656509303623078,0.9964395455607377,0.7645833573418616,0.30888220525690957,1
0.9928008198600173,0.2192384138120278,0.3817965229376634,0.25608652642718255,0.4376785852119769,0.19757883475011156,0.8273144790239121,0.21877147067132358,0.7831386342095048,0.5356544452894223,3
0.33941345596485945,0.2540531124029855,0.8452888530266364,0.596119713603453,0.7028958124692699,0.4145168379448269,0.3434632149633394,0.6820593103550529,0.7508824345971666,0.9861120744221725,0
0.6671450794707503,1.1415485735614928,1.0759480498654048,0.8185146134009428,0.5432816603575581,0.9031843173024693,0.34880429294828896,0.625666906032423,0.8852279499528481,0.3418935026277229,3
0.430197106740188,0.326823975276309,0.5379817570029868,0.577955075506188,0.5865183833820447,0.704769498468224,0.6863219092325941,-0.003626902219345779,0.7010690162677975,0.5694563238074422,0
0.6814680380710049,0.8762401697081253,0.029866729099538802,0.9675263086133902,0.8809907888566262,0.4905091368178812,0.1548445309907141,0.6922860556961821,0.3392534390703846,0.09622698915335408,1
0.00798363762153223,0.7889559295324251,0.9088125627393524,0.47689222471674464,0.3423067963134671,0.39535179048731506,0.6657981275084462,0.8072089217274602,0.17960953176621727,0.8746617385617399,0
0.7060961436677291,0.2191616421284063,0.9986670640229863,0.3854875876158638,0.7999092742920166,0.44234297240889275,0.11617312190210805,0.5980514829287534,0.3509925906324036,0.29133187399285027,0
0.20426737820155993,0.18305086477968002,0.7395825976402708,0.18817625661042742,0.6820594352770017,0.25490174243703895,1.0208653032880712,0.2815308934031143,0.27755882913329866,0.7360621513732314,0
0.20522489016419718,0.42416682945313344,0.3279964368569633,0.4898727472268538,0.7325252798661586,0.8534352290379681,0.1418537279238719,0.22791968225681852,0.12974999491845576,0.3021146358893234,1
0.9457831606925633,-0.21702180811564709,0.5103369110561804,0.9057611570362356,0.8087224529644573,0.45967188317649826,0.348460733911608,0.776601976590346,0.6650510570825792,0.3041539578718984,3
0.17881934092295002,0.2289879654946346,1.0139060511483504,0.4658889580617852,0.9082946474902636,0.29422390888665323,0.36325757344757825,0.566458110834741,0.9052266804000664,1.113699892575006,0
0.2226465955168037,0.7322978428072164,0.5696477565204081,1.0252465980483236,0.47863450991444023,0.897331014721922,0.22824333624669066,0.7520870315024529,0.8962910219608545,0.39604380375139825,3
0.5569517354644438,0.44513677679084235,1.2425767044684781,0.3212109102449957,0.5366623755219744,1.0481687133635122,-0.2080868178766869,0.7786161266234457,0.8548563077332068,0.9798788664984655,0
0.5267653621335968,0.9280354630960433,0.38366881635771655,0.47382626290569374,0.6854864665416222,0.4430093747575494,0.6786439226819154,0.4654395323506097,0.10963748419959608,0.7229038421169389,0
0.7888256310289486,0.25560226720650314,1.1074998610358209,0.7201072617110389,0.2505111772941404,0.22682470435220478,0.0799345400527704,0.3981497547399123,0.8434824014305736,0.29239425294440424,3
0.265653308317482,0.5716235923756258,1.0458903707586649,0.3045237340145515,0.5466202075592681,0.43862622141268603,0.7939148718186853,0.8306073415858232,0.04589363581670597,0.8791530197180021,0
-0.14230276913954484,0.5629354751019177,0.2027737589205019,0.032668115029148764,1.0001045491776408,0.9627274521423538,0.4566199890200141,0.18543109278660277,0.8784377927326471,0.9335909120544141,0
0.0652987330581373,0.8978076870866213,0.8845736560990143,0.7052239500981955,0.24718710576316213,0.8182266782839266,0.8203286166417074,0.04119267246651666,0.49983882294627324,0.16882411931667463,3
0.6407495800895852,0.87651503052952,0.2609811117895861,0.5031873513426602,0.5599230978942135,0.31142809972677943,0.7243244838281674,0.47230433406104244,0.06901985669650638,0.6468328999638735,0
0.5507796034189614,0.4172805180016492,0.04246183023254055,0.3407970073321563,0.3716378637688497,0.8695941551220789,0.6765464097119993,0.5811631814025239,0.5647782010751122,-0.14180793668465808,1
0.7236561077168162,0.5242948134831454,0.7696695761457613,0.562096296662054,-0.025620021864209974,0.4137056413010052,0.1411972015234723,0.08818548293572623,0.6118708894068575,0.1274323896272864,3
0.7342975638187323,0.8582015241051049,0.09531493983320778,0.618656567266536,0.9058449272842262,0.38294570726071325,0.12225583489405284,0.7514778336269171,0.9123411031398856,0.39031054596897163,2
0.7847713470950622,0.7506886924378364,1.2838493680651522,1.0966677464691235,-0.16115326091351662,0.6859370737668864,-0.08319087775026965,0.6463257272540796,1.013282212732244,0.39137993422392264,3
0.2835470162572958,0.811778658447616,0.37775767602936844,0.9739400269317084,0.2898552586540301,1.0106952949588237,0.06961859780545346,0.6640785220779446,0.9489329242460037,0.635187985878046,3
0.2400091019887218,0.7578614167720821,0.35555258867570444,0.2619433278355947,0.45048014710373674,0.7519267965716888,0.05699316154042788,0.007807411059539741,0.04664118747432073,0.7550041968485864,1
0.20511442494831317,0.34886147803887607,0.8902599235465963,0.34308727962304386,0.773611428135301,0.7987480204865435,0.39368466987323475,0.4978483446629287,0.24223400003986573,0.17375644564602177,2
0.8648054505831059,0.8277390144023985,0.28202199323620514,0.33344405854547354,0.8457228830719219,0.8098795385789807,0.3075898109649655,0.919277094510417,0.7189399584261653,0.3727460239652202,1
0.16263587380233951,0.3435790818448736,0.9140644316719825,0.31406011346868434,0.7085036252905413,0.7473879276531583,0.3224893843174609,0.5809758312809484,0.37698148688886757,0.1539544393248865,2
0.40291312474300367,0.9844465999924389,0.12051971981150575,0.5966107476161355,0.06852870273717432,0.5716574034700186,0.8980697290155563,0.5923446910068482,0.5922727413408077,1.0486620567857958,1
0.1771672771071845,0.4266162067255036,0.9131491941816979,0.2037124569916641,0.5655707027257002,0.8826630118644178,0.19288303082183228,0.37017954536969505,0.38146030282447774,0.3873328974667821,2
0.46746415224985516,0.3766918679426463,0.536109337306311,0.8513070124880497,0.9918435992502055,0.47254132597321447,0.9233475217192338,1.185198373254729,0.8736595343039242,0.7922631981860375,1
0.3969453038660432,0.7966777809149158,1.004336631666383,0.20401324074014276,0.1360954922354196,1.0853327516768287,-0.06594724556397698,0.8238466774679074,0.5532133921137028,0.7332227556964401,0
0.6057354626694524,0.7974129420817037,0.028326846010723952,0.7791903313143892,0.06444117136444698,0.1918975807147655,0.8599613576697006,0.2838951701357426,0.8747384738088522,0.31135266110767984,0
0.2866089421928158,0.6927736187529121,0.41373680597663204,0.29965351112607685,0.42657475330751016,0.7413130835984516,0.013293970166799242,0.05483195535068487,0.11195531251095824,0.7533982187382369,1
0.5427470436907393,-0.4886154737742904,0.4658732188091118,1.3168188894758117,1.2475909910015295,0.24409678578359129,0.7004757537095226,0.8425247368014174,0.40222628413203226,0.8377652432793188,0
0.3918833346101409,0.4374277306984286,0.9468532181394657,0.4395624539239262,0.8960473170907802,0.7697445353920263,0.18756795459476774,0.3817398980959049,0.3137208298358275,0.014425221549916835,3
0.6337002774800168,0.07463040258774134,0.41654266359102476,0.8088198121690429,0.7152548924090075,0.6057315309743458,0.018482797956442604,0.16370002344861248,0.1353460480252314,0.20895912597997524,0
0.09986260304764086,0.6262970501678478,0.4748030503595411,0.6019918765076226,0.7303833624605625,-0.0021121097182321986,0.9276967013983896,0.46841133327255824,0.8460274997955733,0.8797015848621661,3
0.6004832070909902,0.3617505407549255,0.4081850151416947,0.717887853668342,0.6032027596014413,0.5072387871279573,0.6172578951344513,0.1087970055013872,0.739585083662812,0.44982827606393566,0
-0.1337867834629214,0.8113423917105336,-0.04750954978013755,0.9891085363168737,0.6399041931376077,0.5274703175692688,-0.7206333413016006,0.8652893895353325,-0.08307366386141193,1.007510046415032,2
0.7259281829168112,0.7044967319030248,0.22672120361369696,0.7377763378360154,0.11303002490247877,0.2628135009827058,0.8176232872405209,0.39565502117730683,0.7912866005437651,0.2739211443462032,0
0.3408049059687225,0.185671284583726,0.4986415068074975,0.3596445038710412,0.4924681932313515,0.4032946943751018,0.7475064711214259,0.3577909495281847,0.4168980515413784,0.7309721094342979,0
0.566614878072494,0.41597268369316326,0.4385434343722915,0.5776750968524946,0.6915968421211938,0.20298388684658905,0.5100588182557032,0.255699902664992,0.29754340175001875,0.4787789230751462,0
0.38267469374205343,0.317266779281995,0.8300380880830452,0.6483120914576932,0.7380182044871963,0.45513553463302053,0.3155464706721798,0.763281009950948,0.7821550012201739,0.9918788200737323,0
0.18318019105758435,0.732090508371075,1.3142059226057925,0.6765981437247706,0.3716262964667494,0.1743611528929731,0.3015361179217595,0.40679661385580207,0.5653695135170009,1.1546786048049735,0
0.582144981008703,0.8457934414013176,0.30391260841528767,0.5014196388041492,0.4951519171105553,0.2784986486713049,0.7826017376431089,0.5603559840591293,0.0877582913329264,0.5496618501011709,0
0.14339447615275713,0.6356922849915079,0.27483273955741355,0.8470274911812975,0.18479828889051866,1.0584875703435115,0.17479475861900515,0.7604532334480828,0.8642233352690081,0.6292675618913642,3
0.7507582264797558,0.8461208379121286,0.068786726434753,0.6529772862360699,0.8711706472805438,0.4038551856048841,0.11412035701373334,0.7088937081760641,0.8879369847058892,0.4278211655497729,2
0.7802916040413355,0.852721440706062,0.10007996040201866,0.640309200955476,0.858353711975685,0.41511067710323457,0.14850101336851743,0.6928197034008133,0.8699878859684629,0.41531622794082895,2
0.8382849918638154,0.3718025247370736,0.13002479163404707,0.46581305954912355,0.2243978205001311,0.5038807059837321,0.4006137444129815,0.16712742763960503,0.7059267408912439,0.601090467719781,2
0.6725061819676805,-0.19634636381961473,1.26224846625384,0.5511702543090587,0.0035787707232136784,0.8646099359198307,0.8435416468756727,0.4856804970480187,0.2499029853316651,0.8067474339867406,1
0.5302932175976295,0.2950033238177228,0.42220441377875045,0.7102227555068171,0.6235473562266043,0.5866458126180412,0.6176407504995488,0.11977986369529993,0.7733085529297783,0.4446276990077331,0
0.6940940380541756,0.22750531311908864,0.37857982421253833,0.967157374860835,0.8253338197237808,0.918228953304156,0.7860336640621701,0.32717551211113166,0.18246143332595632,0.25073850368758593,1
0.35617811225791873,0.2894007733641076,0.31555221269971334,0.2865639203402761,0.5962770255952815,0.8576464715726279,0.15716132472026575,0.34437169314611427,0.24651870714920648,0.36818571963052127,1
0.5032533170763998,0.002490795635801457,0.6558619030914081,0.4093973283512511,0.5675937025277722,0.0588139348995696,0.47359962381542764,0.4702557564619823,0.5947953722978493,0.6231089387710552,0
0.33305226923276277,0.8305319709161343,0.49496497988256005,1.0582792881181506,0.2995730466865343,1.0972768222871618,0.04718749263187241,0.7849105923140458,1.0238074840904778,0.7269897496603468,3
0.5347434681358947,-0.24345932349099209,-0.14012902324866489,0.5163208414448058,1.1575495967057132,0.046045667945524726,1.112550612208686,0.06694666406095982,0.4113636186346453,1.090984402038107,2
0.20806816129466582,0.4555513605188031,0.9813339037824762,0.46612041514095276,0.7449529123821619,0.7099403074315198,0.40712232583164487,0.47668934541593394,0.2941874005449396,0.2634940630481473,2
-0.15974077640212736,0.5701183524492459,-0.07314458537867552,0.183324046457085,0.6834488558358622,0.2142126477673027,1.4141250547033606,0.25261969493169806,0.3276518323557256,1.137495846279877,3
0.27819792068823634,0.5771855720546287,0.9596753554521058,0.018383623942390938,0.4294970566674099,0.6814187319105995,0.1637838179277687,0.42796965154897904,0.11761521944010103,0.78911620392137,2
0.13665753912827366,0.20247104108490466,0.45428409781159085,-0.09719853257498824,0.708963389940439,0.4798359919175712,0.5423350485740311,-0.03395188569701971,0.864007198157035,0.605189119537286,1
0.6179162685773422,0.8283908205702146,0.2792118284219213,0.4363336438714198,0.6230833893904217,0.32672911656230624,0.6584318057493331,0.40710095813850167,0.0660714224653763,0.6782780256402123,0
0.7473228761727014,0.8432338308896721,0.08223966462744879,0.6574199080601949,0.8799270919442275,0.3946362255081618,0.11622755908617766,0.7151596153330758,0.8911679295367934,0.42911749604240623,2
0.5562333605734527,0.8318878110205358,0.2312609018741987,0.5964736229873446,0.47422797933234845,0.17699049152641413,0.6466441524010371,0.43406524085777903,0.032750334186994294,0.60854669623861,0
0.8848377577110118,0.8122370331396094,0.31802181247344175,0.2931092177285995,0.9920460440108111,0.7085688807818674,0.32557142073942363,1.01120647247371,0.8704868961334338,0.26369459468545375,1
1.0410619631039117,0.9048508923101108,0.7194245490279378,-0.34744726853935043,0.5442241990699198,0.5679664747354212,0.15111408878089616,1.1525813734481531,1.0362311229729382,0.7336031133905132,0
0.7157459494308266,0.28452153099247574,0.2061128939105682,0.6375242040004265,0.4592744427386524,0.5689824548529425,0.7994166627943365,0.03151898845532859,0.5556413391725177,0.16246291281043712,1
0.7346916966970487,0.8351941353512816,0.08676364605325812,0.6482221211526223,0.8835457814152049,0.3997074690095041,0.1071507811451359,0.7138662806892115,0.8868645043863982,0.41901589601496164,2
0.6529036941085744,0.79468445815837,0.510990613040967,0.16433292718234055,0.2808278115647181,0.8260217827830308,0.7693813070524209,0.4070850351444313,0.8459468906077361,0.9699659775750202,1
0.3723906160061111,0.7511866175874248,-0.01331282464437794,1.1557490859840613,0.23699550958213073,0.6775758950195481,0.593254296360402,0.8128311442231463,0.9464094777793867,0.5399240711236567,0
0.2721438635288312,0.42961302952242436,0.5848286526051004,0.9157999777091128,0.6052361879084568,0.4967989480588685,0.5790088593335243,0.19663616574474926,0.2331247253381097,0.2101502919909586,2
0.40509066882157146,0.5955273755849934,0.944053064199848,0.29209087689775326,0.693563032102916,0.8491301421224593,0.5140387170254265,0.4646481003917938,0.1481394593396838,0.23905078146425968,2
0.404240542988369,0.8689876844816166,0.8135225713288377,0.5852772587872348,0.36765231775126644,0.18236057294333557,0.7925352338497315,0.37731267018806064,0.37697003217411085,0.6085703661180647,0
0.4109689210640476,0.2835007302510245,0.8688889816296632,0.6658641133456853,0.7133445862709692,0.36783691622432807,0.3344157420192541,0.7225412289491755,0.7900352454056485,1.062310333464885,0
0.2744682189389363,0.7385200040078217,0.7814878654383735,0.5876212806012999,0.37660298042827517,0.20829889337042173,0.6867659891045111,0.47226370532398065,0.3987090787617967,0.7980216130423203,0
0.6301182889275415,0.8032364906942576,0.2675028982953161,0.498031316484922,0.7323633341318625,0.14446815941431873,0.6528279597678198,0.5429046303397415,0.17177831860464915,0.5426113787298298,0
0.25319908412104347,0.5759621901089236,0.945216121625943,0.028086826363224102,0.418428274575422,0.6777713313546333,0.13858213386730947,0.40817768478834116,0.12086967760346767,0.8196163869538018,2
-0.05640566624881843,-0.36386727999767743,-0.3473846146006001,-0.43259945699578606,0.770513003891066,0.724348190896376,1.2417495457008085,0.6561136376812552,0.6341160072903242,0.5461585035542316,0
0.6730137666681745,0.20802827915434294,0.9858288733050113,0.3101756247059497,0.83165130179853,0.36738118832353983,0.17711319593782487,0.5731537117601333,0.2581323092050234,0.2631621400151659,0
0.3356671207198091,1.0122620492242609,-0.09834885067990948,0.8406004369157346,-0.03305301749056247,0.35607235475243354,0.7504010595125306,0.5087919257925455,0.41144783352396763,0.8326400870368955,1
0.6378025988577877,0.36281163212504,0.43866758375603965,1.0615728053077917,0.6274800286035052,0.554466147910306,0.5039289289926727,0.15157744648376276,0.8838754595857623,0.6662623881741132,0
0.7420390656737539,0.4873169822975873,0.7024992483849778,0.7732666318782079,0.1301450160717315,0.5179856430202722,-0.1547436180371623,-0.08267198214073929,0.41457218728459677,-0.26489824859438754,3
0.683245068792929,0.8850071099731737,0.03752949213166043,0.9770549118728887,0.8872866378793587,0.5043454714632494,0.1569282921100385,0.7012012685210254,0.3486096862372418,0.10521370642436698,1
1.1585098049036089,-0.01773265739515545,0.2697424896687988,0.5608717779344592,0.2567888043465216,0.9541403353926114,1.215108096069611,0.11968216186327818,0.1544579627449214,-0.05688969245329062,1
0.9149676852382987,1.1248432475338863,0.6816050876309825,0.7085544893081167,0.44071552389241564,1.0603834567486687,-0.10161575856938387,0.5684591732465143,0.6440512900302471,0.4021856803895488,3
0.5726072091719929,0.3575247795491526,0.7357306336452313,1.1512324730155499,0.5585593826454803,0.7453633579252081,0.48224240908776783,0.20197462020008083,0.8293351507537967,0.6014691618200836,0
0.3560314549765934,0.3264004669742749,0.8683077950507424,0.43387245649254086,0.874737205466538,0.6819887178293698,0.1361113948750188,0.4472813789563033,0.3005625060587307,0.028779165324821904,3
0.2208912476812659,0.44105342685354093,0.3068687339587941,0.4475510042959663,0.7583006809020845,0.8859527955918497,0.1352971319939518,0.2407504700151736,0.07152512271401346,0.32496421080058663,1
0.1361831702895833,0.7776174059769849,0.33865034855259485,0.34734457463769924,0.25294437903733075,-0.13397229803818217,1.361328857239017,0.8061329636501287,1.1264370966591193,0.4810402292039501,3
0.6904300912631096,0.24188685654776695,0.9778503318519984,0.3883080692163843,0.807214122848458,0.4391187233731049,0.12372653809199462,0.5957082722647832,0.3438561386570142,0.29693405526825506,0
-0.026641302343619222,0.4081730037554323,0.5192903369225988,0.39232608803636954,-0.009897089809027315,0.6445226801597944,0.34871468383530224,0.7308908306379983,0.34287705210684244,1.2249000192524182,0
0.33780089106470146,0.2783779222853396,0.8263915078045945,0.5761285371270431,0.7027570589116386,0.3940717651305131,0.32780692762098695,0.6848450099761617,0.7353279308139097,0.9881663265491342,0
0.8738693779155988,0.7451246429414643,0.11274901855785467,0.8041510250029742,0.2147075324635939,0.408266847313105,0.10726129274694841,1.012657343016707,0.7396256819503019,0.7576055659604959,3
0.17624488946442432,0.8024900520400106,0.34921263960858406,0.8279891585912871,0.36616717771931995,0.5950310248875219,0.8913114078205374,0.15096689634410448,0.722555987146942,0.8030369478214279,1
0.15427100676936073,0.2096763797042195,1.2767992256590346,0.14824286998927425,0.950651965797731,0.8348458927016312,0.018976234841695028,0.5259175402380246,0.39461400024359816,-0.08268202029857624,2
1.4300678496384351,0.059101867012447934,0.8459366104267637,0.4212813246040576,0.9723011508528181,0.25221016956861625,0.930082748388226,0.44662654965654786,0.06291343244204983,0.11059462006439565,3
0.2679660998199661,0.4271817104858536,0.5909916020154302,0.9207551305568115,0.5998813435876674,0.49463843951632164,0.583529242838496,0.20023981926945772,0.22989715393730215,0.20527834286018998,2
0.6748256927057159,0.6601673300439975,0.28544362613575314,0.4507030530166236,0.7872071409043119,0.7242018093334096,0.29390002365668977,0.9963161470241961,0.8200244447883454,0.30879700426610585,1
0.2481846716058778,0.12696393297360817,0.45183014036934604,0.26235153387823856,0.5436300934088448,0.30216373371433924,0.7017174099714043,0.341188958201677,0.32023478342547923,0.7967594126929207,0
0.8849347545488921,0.6790007590925485,0.8669241219979088,1.0084249210393383,0.7087225853656388,0.9585935338410104,0.37885666271579704,0.5846453436566268,0.9523451273004798,0.36715622870729114,3
0.6045451983757856,0.8694285207722359,0.2731198989462129,0.47666354779923426,0.5173624664655392,0.3365227703038779,0.7709994165809165,0.47173813050491925,0.0906531437747376,0.6192325062870675,0
0.5593382175051936,0.9323959901099841,0.33609483742709023,0.5384063275298584,0.580809082679671,0.42472576904592085,0.817127999565102,0.4463063324160169,0.02914875205239211,0.7101141619564254,0
0.3680959289600566,0.4770214230238218,0.9119851178386796,0.5933744351710095,0.8886231507676372,0.8424460798474125,0.19327607009721384,0.707825182182148,0.30474791423016856,0.15364387786102535,2
0.0993969808101559,1.0129191685842502,0.7164792985499134,0.6092732083232252,0.36955249612305996,0.9668517954642998,0.9453395282121921,-0.026821407364815697,0.42981836852405175,0.13425324177235942,3
0.047224272740657436,0.15039911730895267,0.6813818214834345,0.4151022363530365,1.0601102412134682,0.49649823508283397,0.11583773125482402,0.6123347590945438,0.3229599459137936,0.5245488859368266,2
0.24839077145647712,0.3905849361431886,1.0477138099819372,0.42896655220016594,0.6098924938684059,0.8557335055425916,0.21573876639795483,0.4075314644541758,0.4475678335021601,0.18376498434894753,2
0.05637298882853244,0.6179212879824489,0.002643498767233449,0.20930366967785952,0.8588089506234621,0.746394368559496,0.6434118816322617,0.3957597929393606,0.8460023776342391,0.982054516746666,0
0.19670712374516103,0.31925364972102754,0.9970538260194787,0.36678032577782244,0.8133392376743284,0.8014687169429073,0.3252407930214092,0.5855192345907207,0.3759675961692146,0.2705056302870886,2
0.23373960724958326,0.3404195670372462,0.8697812143523869,0.6175813643749176,0.8085546570878326,0.300282728071964,0.22378234058057422,0.6639022441062099,0.716435025098165,1.0699004560728207,0
0.1710662284319344,0.4853172059845173,0.3698545482348682,0.39766642297326704,0.8112920176303345,0.9089448143316909,0.08502793846675405,0.29720561760593517,0.08819027142366997,0.39870313085769976,1
0.27835530348663,0.6917230099511064,0.36287707145815384,0.3339113780549247,0.44087732515657824,0.6719926888485764,0.01235742603295752,0.1169532532158653,0.1724767270115446,0.7853946027464027,1
0.4277961388816857,0.8241176749383279,0.3788739295011895,0.6045528395068488,-0.0765304206047816,0.13725174175729116,0.941343824292393,-0.04541997039732232,0.8012474593238302,0.6668653278462506,1
0.23752512972683437,0.027705161920364152,0.61572139263919,-0.39435221395208525,0.6557497514797204,0.8001959484775248,0.6735470199938811,-0.2908426050412717,1.0402616741637798,0.3834124920493929,1
0.30992523260008426,0.6906131612887875,0.35074347585758897,0.27655908559278963,0.4001221022980728,0.6871125898536838,0.0323404007833816,0.017420747937148463,0.09442694985913876,0.7222337151094955,1
0.29105285909274603,0.40893172945179196,0.9872239097760879,0.3317843115319031,0.7920122488262763,0.8504751888627939,0.3453454461627243,0.48494870321347605,0.3026492019639019,0.19824271113375086,2
0.30359033290922693,0.40018562773078376,1.0379118527919668,0.36526694093720996,0.7448208409548521,0.7985835913836139,0.3593429087154726,0.5222272949467808,0.36669916692748006,0.28054337997302214,2
0.6221043176932064,0.009600904061568827,0.9137379312914498,-0.02688072337174724,0.7946591544868657,0.6714153206314167,0.14864067009527174,0.14794205152924594,0.20882733522137334,0.5349881815423909,2
0.8295597068214153,0.13189122323410252,1.8336159222459836,0.2813645229169923,0.7347929035875232,1.3703181518842698,-0.04925656765737707,1.4487578152970693,0.9936782095588872,-0.4127545010759591,3
0.72286614242586,0.2875014762383632,1.0386812411471664,0.34192459321668744,0.7693168354892851,0.4169265596028981,0.18478876020043766,0.5793854209281631,0.2980893675782861,0.3097345468070525,0
0.5078553179834369,0.28210697776001364,0.8165962216543681,0.4247163076280939,0.0741783144789227,0.3626472403101132,0.5229460652657629,1.250590529840366,1.0753354218218287,0.4372111747406391,0
0.26954388271494745,0.6028167873857093,0.9424432585132341,0.05573004206327128,0.4066241229235622,0.6848104799076403,0.11694215811650444,0.4229621315848118,0.15208125565753605,0.7868500586123491,2
0.08524673654954752,1.0173349567231067,1.0667055201442666,0.35443163954699913,0.6373231711633933,0.3825151876392549,0.7232916880236729,0.7600259000067316,-0.08470557819677749,0.7413633068713615,0
0.6306591274064817,0.24745022230505934,0.9213008346334065,0.29614453680908015,0.05270574081493627,0.7721212374042559,0.6375364396115304,0.7080674417466161,0.6111772379005551,0.8667364401206289,1
0.5941580728321321,0.48710453536149784,0.37249158575605135,0.8333279541763011,1.1227016753516423,-0.2106110094390098,0.048451742570589595,0.6831989492301651,0.5493812387603516,0.2450891062473828,1
0.3563460330099523,0.8293608033365393,0.7422775766094499,0.6572222798436169,0.5028363966235075,0.17062042722290652,0.8457595454437224,0.449419385814653,0.3120425459603437,0.6716771985119644,0
0.5903367308496281,0.20733097612559942,0.015262594180829592,0.16991802865557554,0.6820245890172205,1.1415399849616465,0.660817353561481,-0.171445173126476,-0.08755343446385902,0.4388428533138822,1
0.3888244132458403,0.31388348863892634,0.35359721733523103,0.46263593098261696,0.3923133864043802,0.21629006332039083,0.6612527739105201,0.23464940435390208,0.44316617559899785,0.986169766211603,0
0.7801411378459869,0.3123169741472387,0.06906732364631654,0.5532879953319485,0.2494421018948924,0.47930735796063945,0.4718862656840536,0.13718392988017833,0.7458987867381602,0.650561732545416,2
0.8776328566376094,0.6939925817562816,0.04293870052339293,0.803197510755981,0.18662102281220183,0.29785291594184526,0.09572841402126624,0.9171578022067155,0.8370373044136812,0.6659874358691646,3
0.8398355915784863,0.7947589312900901,0.28124407153484837,0.2971474695762852,0.8621596769582128,0.828942234429656,0.3105228409527677,0.9597657433505153,0.8259136206321794,0.2654124979438704,1
0.6869189137009873,0.888564713598603,0.039798147064246024,0.9652978071395635,0.887009751493948,0.4988461934840478,0.14948815571642407,0.7138337154186821,0.33848461267718505,0.1034924898797584,1
0.33571467020670315,0.7226403035453868,0.7183465869813149,0.7712650368503886,0.363049601910835,0.23420323789857528,0.6460591447844588,0.4435490146148662,0.3792232962230437,0.5671643134737232,0
0.22548710574364753,0.10916602585556755,0.23190636094654768,-0.06978121943444594,0.7301507032499691,0.6538202191830097,0.4569014279599848,0.21435511863424359,0.6962945180102439,0.7151263628059816,1
0.7163653747412961,0.23862791023230398,0.5084243267542705,0.880780766685802,0.5900557116658326,0.770647107302779,0.6390833762280371,0.20071183502688522,0.958145781000709,0.5528881065091369,0
0.9697145022110183,0.8712963240975362,0.9676050711281856,0.945387994112182,0.5957293819237696,1.023256448297828,0.22468771742817023,0.5221064355389486,0.6759355371968017,0.48174039309145195,3
0.7531744755424017,0.0015634708657249474,0.4933906034855691,0.5073583766192779,-0.13275823914803003,0.39579338072871467,0.23658005374220853,0.038013333546868866,0.1758290489784325,1.4271450383336086,1
-0.17802914098080702,0.11213769088600412,0.11144298072926784,0.8642200404991127,0.7033259649090093,0.5260834954197484,0.472595369318383,0.5654406760871918,0.24700469982516868,0.08503305676905198,1
0.18094570977377855,0.4093800277874113,0.27490065083766624,0.43180933582785347,0.7561093671939143,0.8533325455163014,0.10419598449792877,0.21389935057394055,0.12137735246000972,0.3026626129350369,1
0.7489955135848426,0.5488183012740069,0.9504588525561054,0.5393785469758925,-0.010427956670158361,0.16210051340164428,0.22682306716386666,0.251156395332101,0.8404938947749814,0.009365035041194944,3
0.16087391652667898,0.2768613182244761,0.1965120365425312,0.07651342686695078,0.7014766748161194,0.7545280735856976,0.3219775468256909,0.3381963369631548,0.8803605222416834,1.1552843734592877,0
0.21649607892967715,0.38218649970029595,0.1782839963755769,0.8130610104253964,0.5342902513531436,0.8934710938556882,0.7939289024685312,0.4678726684890484,0.7253980043225584,0.283723186248418,3
0.8437209227006987,0.8104084442523751,0.2885529214873189,0.2675156143761051,0.9074587742396625,0.841117914753934,0.2679294934536379,1.0376070830792,0.8259637365762983,0.293074207567128,1
0.6798977545818573,0.8810947075826433,0.03474194768265149,0.9761375169832954,0.8885712629639685,0.5016192464042789,0.1561459141784641,0.7047804708932965,0.3499237070508412,0.10339948055830951,1
0.14798565953180592,0.9936928498887196,0.8732906123042022,0.8161220945920901,0.3456510473534937,0.9524555700090936,0.6237510038622127,0.2512022764952913,0.5498466949134567,-0.026452764843102827,3
1.491355967372532,0.6601658931777119,0.2486853627027592,0.197808258343799,0.9737751472356779,1.2003619366238336,0.2524900438512699,1.1245934998469713,0.28344139990718986,-0.03310337785424944,3
0.0750248035157777,0.7773067736633463,0.8882615990068351,0.5009492986124369,0.43674930153262653,0.3732801621381921,0.6518804357289821,0.7319687147429691,0.209311565273349,0.8931991912347673,0
0.4310820587468551,-0.10706683828808988,-0.3493686109835719,-0.22167923188593477,0.08642279572322675,1.202983294418621,0.18414848379608673,0.33024494686865896,-0.016918431850090676,0.9374354920193096,2
0.38557769210211784,0.4899657878624954,0.5739342665659966,0.09460163434558701,0.4086581833223028,0.24491523076556315,0.7783419097857377,0.64991399784532,0.7518546468772596,0.4678754419458133,1
0.9138327920870442,0.6729265878077185,0.09105462122637258,0.7806290044083555,0.1920414072615248,0.30826275326582225,0.14188484790715936,0.9222402869624997,0.8770052606685919,0.695827694675019,3
0.753642453847566,0.1898077187099268,0.7966458861910661,0.5445380187214817,0.793143489957809,0.6207935180768847,0.18427866906684193,0.41593843275264347,0.5181890285990358,0.28635048003843355,0
0.4779896521138113,0.9800860699831188,0.009868585239891384,0.5374661531315075,0.11481939128475684,0.5258537018276651,0.6162679370447217,0.44471442513187875,0.5013009431954749,0.8864806960131755,1
0.1755265295084786,0.43983033275474964,0.3478597952574231,0.40905467768658743,0.7782868435328719,0.8783781382963289,0.1796018245138261,0.30290718910246334,0.07176923878138296,0.2940740822380659,1
1.722373006603953,0.5877398688297695,0.9568574840211975,-0.20024828738270373,1.3415760542628217,1.0065917856126116,0.44907040648572877,1.3185632484083705,0.6908051553028303,0.2050536291865963,3
0.2213197013308353,0.02271527951068844,0.5316580389300254,0.18110883251886356,0.5016392150000741,0.29933590011996153,0.8132410855484317,0.22452244495343301,0.3108483222053823,0.8580981813948031,0
0.14063487395921812,0.7652072026353893,0.7806716654999668,0.7071329893012972,0.3633821408368332,0.9653510331587962,0.9405434337557795,0.15183313244785607,0.5431103605417297,0.22016299875025233,3
0.7327336924384835,0.48879821962705244,0.40757886021823053,0.9134538904260668,0.8592811154732471,0.23972949698612556,0.21746861955655172,0.3061734567854042,0.5424295640410601,0.08708371066706316,1
0.22809893497733083,-0.16922283097970142,0.25509771925251223,-0.02376718315491433,0.7671993022976208,0.49735330253053844,0.5251176589377585,0.06824271640995105,0.5625026806739366,0.495709478209092,0
0.44872843998342293,0.5153552751617946,0.522274137470478,0.6429452251148623,-0.17973710529096618,0.6486270070754024,0.3123082779807292,0.794126675405507,0.35051214792614727,1.088295945499724,2
0.07044443907326306,0.6890836899362851,0.7722937058279449,0.6530835161457871,0.5857178529040188,0.428717718498473,0.6630440820069791,0.5916040599964478,0.24531934038666486,1.0432161949870948,0
0.31356864952870245,0.8149154269509976,0.11419270016337382,0.6871816826947952,0.1461523262264816,0.4105089588918284,0.7693733274361491,0.29927976212162255,0.597056837357106,0.8402814240222412,1
0.44546086599155366,0.7374413319594264,0.9064007567390366,0.8081607239460276,0.27494163122001736,-0.03005887702156465,0.7302114792906983,0.2711320861852916,0.14554037030204311,0.6626573119596568,0
0.1712217974030678,0.6321093203100008,0.4282350679805131,0.6112006666095999,0.7643985252673278,-0.06653467799613536,0.9573794523218692,0.42764015033596703,0.8096319522417783,0.9444850880057315,3
0.5423018664015651,0.3530552369491196,0.3231337334598329,0.47557306965280066,0.4414511650280244,-0.10223590307976138,0.47827753545172574,-0.12604188936717298,0.7864978490815575,0.43978343117083785,1
0.9313036045985186,0.3162339086176599,0.9709884477082456,0.7164340300724158,0.15599370856002268,0.15015672845207595,0.09853568176829908,0.00831483388783455,0.8505103524741076,0.16910461315881942,3
0.8024960506598151,0.7554735498033622,0.24617671856178525,0.3154560263960229,0.9123419245499633,0.782156681046658,0.27327796200548893,0.9748138910739681,0.7919411932996889,0.3079863436427768,1
0.8033732584856327,-0.29213391332287253,0.2352598420598744,1.322469104149568,1.3750284651945068,1.0008554313367153,-1.0197611139084302,0.9684344982981613,0.6388189473587549,0.5148305187507507,1
0.7585125196440018,0.7355004050110489,0.24704363893165582,0.3626359331552232,0.9396163160930724,0.8057452054463423,0.2659972949771609,0.9289945649550742,0.8270601351828553,0.31404976881900515,1
0.5965346694027622,-0.15562640362078733,0.5509282135122251,0.9064364804996529,1.1284037115991619,0.8719691269716601,0.6325621108070878,0.8869765263738996,0.5304750668396933,0.2412579751959863,0
0.6439887873850612,0.1945255407900945,0.9797031708252059,0.4050462926105651,0.8198127985638488,0.45395652068833825,0.08428438244559737,0.5851626507266673,0.36550794165735684,0.2682566009944042,0
0.3787228052410199,0.3856758297836293,0.9282871980891735,0.4856566593710745,0.9136215604689496,0.7416431468420621,0.1797359571316689,0.39767980856305984,0.31865913902332255,0.01798021641324181,3
0.9310680449962401,0.6415873649137562,0.015321852612143416,0.9803733661813574,0.6137849355122393,0.19508725887212083,0.03329530241436307,0.3041862088351328,0.25713273711361934,0.07243769566136096,1
0.20918942249376574,0.130134104998941,0.5401447792482913,0.2974550176947843,0.32577331938460613,0.2032563718453127,0.6822579314615969,0.2276845055556122,0.2389841472921472,0.9801302037904003,0
0.8021125346118461,0.7569103961238772,0.24832414049147264,0.3136005381104058,0.9100164892249332,0.781000823066647,0.27224492531571154,0.9741404757313471,0.7922492837701811,0.3105538358644448,1
0.13690385479056866,0.7209787538691471,0.9219543831252845,0.5052376634570521,0.4651736125369189,0.38580216779560605,0.6607535878151767,0.8007026635023503,0.16211487515703824,0.9721619516298923,0
0.6202577695085594,0.7242462946922241,0.5835496632954834,0.2816593431026193,0.4095455236539759,0.7479058099739281,0.7167412992870313,0.30415545908501795,0.8701913569231007,0.9562592644104017,1
0.6894271108867487,0.8791221215274931,0.03242181950065501,0.9793218303724773,0.8907170617969631,0.5049253395445167,0.15541471109825453,0.6999138342699391,0.3468049029981789,0.10848288708336781,1
0.00512528982657659,0.866144057665849,0.8414412802043858,0.7390699509002647,0.2973607150133926,0.8155423759149745,0.826466558924289,0.08892841947048287,0.4546399737167096,0.15004343264836137,3
0.6447123794725043,0.7042655249336444,0.780302358677825,0.018055850825693304,0.5388097553345618,-0.032770426495587035,0.6108690064619547,0.8143335812746885,0.8164448976587709,0.3801884305589442,1
0.6371501372157394,0.2361290628024963,0.09994807926371654,0.6940762339733454,0.3757991010574334,0.6797061877967062,0.9197899764509602,-0.020687894759631342,0.3892353638981614,0.18530520680318427,1
0.7538562469248802,0.8613900084643907,0.07526109949484887,0.6510399494953899,0.89293143438191,0.40792732951900046,0.13398595415403336,0.7299686904940997,0.8810439953393254,0.4433647310525623,2
0.24994198176339666,0.5743807915897332,0.9412061244963812,0.03019746904155529,0.4148725270771988,0.6770974110051448,0.15451108122849083,0.40106428361079133,0.1277267402492005,0.80873815974261,2
0.6806702050961232,0.2531452394146383,0.9653079161217861,0.4213413022250534,0.8454429966419832,0.4598137943656782,0.09562838426055836,0.597512467428245,0.3755084008307161,0.3390874503517951,0
0.6872450254272822,0.47401476127159253,1.175674913940313,-0.14599633080346913,0.5982773928981111,0.02948678272612898,0.880669609783697,0.9970942919580639,1.2581575175978719,0.6653370886218057,0
0.46676619923748996,0.23607882262863733,2.1333892579186737,1.0108473412713472,1.0527031543910814,2.1512677463801024,1.1871894782027232,0.9692599248464306,0.02005495655078271,-0.5111310131963207,0
0.3680642479969207,0.40181109757187095,0.9422481232506372,0.4562624422709366,0.9279799657799256,0.7364496234839191,0.15989097891140625,0.39851940919242074,0.3285437165993624,0.039200807772254376,3
0.27121554280020765,0.7325019240915887,0.4853467409526725,1.0421322265247739,0.32417050428795974,1.0650446433212453,0.04831916559737672,0.577779950583186,0.9835295628195685,0.6762141265978912,3
-0.05649183074681932,0.6215970534823758,1.028304227278203,0.3921188809513548,0.2753468662131656,0.41689435199567126,0.8567808391495229,0.8541076481944876,0.22353696136690282,0.8792313344924544,0
0.023889356351447857,0.8967556962208396,0.8374724621491894,0.6966891974269708,0.29831242121873375,0.8484257703812694,0.8078947397289687,0.07690711775792876,0.43790326631594284,0.11330646583796734,3
0.4763004357420125,0.6900790215601926,0.398293479345228,0.7229062764934786,0.6822748137208008,0.8701694449143492,0.12123946134455893,0.3161975791604221,0.07990082147062946,0.27157596127264805,1
-0.11276809499183602,0.7063797285743634,0.40685288983835854,0.754461446852523,0.5884546260367788,-0.16842062826558907,1.0854510954055183,0.29897640384184854,0.9216339554326546,0.9098119474723456,3
-0.2980699661196141,1.4215216151081922,0.39059923638706184,-0.10920558693617871,-0.07517904203232095,-0.14744123403116588,0.9090580596830807,0.0031125937978185997,0.9968846461739548,0.04902004391453477,1
0.2756385430986684,0.42810694675484257,0.5844215374399019,0.91574525495605,0.6049793778562744,0.49716356711896764,0.5791392378825323,0.1983198287771014,0.2324643441786082,0.20825621367190958,2
0.7767733809478496,0.3428319585414461,0.08439739204395914,0.5081032483535972,0.2599552950174179,0.506144361995925,0.45425994105699175,0.14603749541279276,0.7694234599828784,0.6641842973559448,2
0.0885588857362114,0.4416158138923482,0.5044221279928879,0.5488686985525952,0.8096253402156425,0.9550688122367997,-0.023733655653589536,0.4363869284814319,0.2348093807390165,0.4217771649688661,1
0.6828447444762528,0.8841488664117211,0.03789242563032167,0.9754106275216697,0.888375830492752,0.5016999857664082,0.1552120604145395,0.7039973980089117,0.3478237301425689,0.10359755671643839,1
0.052890462522678455,0.5650556876098273,0.2652677346379389,0.3017778228114564,0.7456683392918086,1.0073728586025217,0.2071509495178981,0.2209202547639215,0.21534684998306183,0.23371008542730526,1
0.6250884657014563,0.2860484523357175,1.039336217677319,0.40997126675933443,0.7811617600548307,0.43956495510731697,0.10009122716432949,0.541111601552218,0.3304766140605712,0.226600523221202,0
0.8079474943199408,0.32072006323578583,0.10665827216699186,0.5312269373557043,0.21581373862468017,0.4612056250094347,0.4898340030492748,0.09732160970676206,0.7490166588594673,0.6523435424445485,2
1.0378614456834727,0.3929328985350614,0.5776923444117343,0.3572226718277066,-0.00820179428726793,0.46219671252220573,0.1839596499784196,0.8768155944857299,0.7566244014257119,1.3290367903990956,2
0.3352828568432978,0.8271964376298396,0.8550773045797115,0.20915105220525906,0.17021763900540962,0.9116678040254091,-0.043829756047565276,0.7262012803215937,0.689779493516144,0.6950133187874077,0
0.4567586431119871,0.7421509663559767,0.7577306304891547,0.29444310193407275,0.15484375971347344,0.9770846505980902,0.07249562423309776,0.5837706548438151,0.7673609155291754,0.8316844249725979,0
0.8979025308603483,0.6401989975050946,0.3153849370504594,0.9833172246087517,0.7731759971257078,0.25005659344588826,-0.024438651224308758,0.37362813192582195,0.5331671851629927,0.09085699223027019,1
0.12080429015939786,0.8886122995170895,0.9199016155083902,0.3665777776363547,0.29601749129889493,0.5384450261238678,0.6469245927946278,0.8509230901652199,0.10164242006620036,0.9570683642826767,0
0.16417090186074096,0.8219644106367073,0.5070002917167682,0.9527657327613247,0.2563468014090493,1.0067397716702888,0.1420871216190443,0.632800950389424,0.8866802369011394,0.5323217934562735,3
0.7432346005492204,0.096949106427654,0.4640112829454569,0.8661229955808639,0.8029580014539245,0.6339380312847442,0.018712403174070785,0.13519606898248526,0.2384599805715149,0.16036971012678947,0
0.26977699154360857,0.5929359035730495,0.9579399130347114,0.024947340748019308,0.40727948592864227,0.6939973534883384,0.13693409984443242,0.3912394098360691,0.12234688346013607,0.8080172018378484,2
0.24075007511557903,0.7588203563175154,0.41153622264969336,0.9373781974576887,0.28064860300528116,0.9957543542747206,0.07520453520439653,0.691641848655628,0.9582813338428079,0.6172902837828326,3
0.694566081475268,0.874530953448859,0.024339705261845472,0.9667812669116477,0.8766761267247946,0.4942876248228062,0.14100486685976185,0.6985099345465298,0.3575329305326207,0.08726938288468826,1
0.5225804276298568,0.41246019390257216,0.7828163135272601,0.9863717452988304,-0.09095365735418459,0.1973782887929127,-0.0211762112398539,0.04100226326279466,0.8528849579425738,0.296612734884194,3
0.7437267414209096,0.11481246821114363,0.46950948105102697,0.7843631000717947,0.7600502893851555,0.663100052061866,0.005994488720195493,0.11350790142628081,0.22169034532602028,0.17657358334797194,0
-0.10961337096691265,1.1921625852816768,-0.15616629325981596,0.6014110544757691,0.294987166632933,0.44709316779510194,1.1002858308038577,0.03146613958636113,0.8863378453828917,0.5472452056353314,1
0.12343752346991109,0.3842593771952654,0.2683302268282271,0.823236145474629,0.4772746141235533,0.8673211011528537,0.8458862003629507,0.40778483308314534,0.7127214144223954,0.3416696106359309,3
0.31549082644648196,0.4061965686538404,0.22669382284877043,0.3504243696349972,0.6581459486718969,0.7691354640403708,0.1847854143177563,0.15963066281025898,0.1426898080399381,0.4548126900599829,1
0.5399863639657615,0.1464000507276862,0.0645436685499285,-0.46343045988111503,0.47108252193734146,0.909992425793527,0.11200269019355236,-0.5785475087327835,0.7181723424958056,0.4741102501962758,2
0.6572895514487632,0.24837898657540602,0.6326608783762393,0.05661519330616788,0.53730112783472,0.31028946671225016,0.6182332159546134,0.9371107580020803,0.9555894534385779,0.24410083703488833,0
0.8375949064845949,-0.15327153022020457,-0.23196710194620207,0.009273088247147985,0.688876716954558,0.8772033533312209,0.9228596160979595,0.4462489763478543,0.1330306825804934,1.044377068976798,2
0.9483241388590531,0.8182469777338042,1.0839441453944691,0.7835022514720859,0.6963149565365204,1.2381501580899732,0.17477322473318072,0.4104201801807026,0.7405285509828997,0.5913340311087035,3
-0.028110801986457684,0.8501528253907653,0.7931217836241466,0.5411439176127183,0.3141455784367816,0.510660952991556,0.7601236056401265,0.7821682272546608,0.22638141159093658,0.9419237043854098,0
0.6378351233695064,0.3217639472675314,0.7963630806628286,0.2781657005365098,0.36558393975335846,0.5487253155227255,0.7692423284896435,0.8517355867722928,1.150157304126524,0.6187139100984418,0
0.38685833257795627,0.40279468692451964,0.4933984205713544,0.5160717551802873,0.3782353775969612,0.3058926217225333,0.9012545083296142,0.4427727728082533,0.557471053076109,0.788972924281389,0
0.7623007080742715,0.9530843842608241,0.6879503085209623,0.86053384234631,0.5831910130568662,1.0681647464372748,0.2676769945137735,0.6861163228908645,0.8326142587330174,0.44819536463965853,3
0.5504123191420565,0.5862485432311983,0.6751666400658234,-0.07694031238813431,0.1345590487409527,0.22106396129063394,0.9141218221283848,0.6177960311102594,0.7659706853885371,0.18803586350870954,1
0.16656089451818987,0.15479172963725926,0.717933272843282,0.4319670802169394,0.6937955669586104,0.48046623073956846,0.23276240860499475,0.8359149066974239,0.7024559844137606,1.0635997103742318,0
0.8751611209709396,0.019946349888650308,0.4105519390925633,0.4469655831430222,0.44721145110495464,0.026069845688650492,0.699616343896055,0.2907652250677969,0.9449812366124227,0.3342391032228077,3
0.25290455798069666,0.5746390418662775,0.9500484399532924,0.03358525478084154,0.4161787890072246,0.6805258001108794,0.13805312300166922,0.41136187810072405,0.11675881365728566,0.8146507648623262,2
0.6594633373438402,0.5510400746633994,0.03373248958493125,0.5425064413814439,-0.01190299822366181,0.9397562524552677,0.2629949683739525,0.02094031346681674,0.24845693704973204,1.329404260499019,1
0.8846143038211622,0.7559265079065725,0.18358576905330312,0.28738176911221236,0.9698753177564087,0.7084823841002741,0.23342893149864574,0.9425604791719477,0.7650786469353866,0.31391859222579527,1
0.8792039184908086,0.3698168914221157,0.9282443438520885,0.7497542259701395,-0.027455566689817995,0.27436380853085035,-0.03489280519673191,0.28086365031999017,0.6248053111451071,0.10575345038637476,3
0.30934213397239285,0.2412763214252778,0.8717561119060347,0.5531978586851939,0.7391194534510999,0.39923242078578947,0.3641278712603422,0.6965465855774691,0.7497268726140062,1.0162605385490748,0
1.141574784271706,1.2202232825684556,1.2339628937346427,0.7448456627068659,0.47462990270061717,1.0821951935809868,0.38383804830014334,0.18795154448360324,0.5562206750903873,0.6714524059344594,3
0.5819596855979001,0.38750874378833244,0.4641422107635525,0.6986657555603488,0.6933240199195156,0.5779293089301096,0.6139323704463937,0.0614524646330018,0.7220744733081418,0.4652512600082801,0
0.19189582057281931,0.7927667396181076,0.4397344888426421,0.813333833301328,0.20877860576237856,1.1157747710261812,0.12381544001169939,0.6455231911327756,1.0147253160942131,0.6307546168176679,3
0.7510713467397976,0.8459060951560138,0.07571445987959198,0.6528423806333469,0.8795304809438419,0.39748966502341954,0.11953523233273407,0.7171931380426277,0.8939216120383633,0.4251868907968641,2
0.7776582989216031,0.13193228377569355,0.4949521754441585,0.8105162570242244,0.9006919252992648,0.6747344004192911,0.026333350813909848,-0.03853028634417893,0.37643615843859324,0.21538238346727717,0
0.6472531425263499,0.8862149451261611,0.24722504493973677,0.4737906645495064,0.5272365909359104,0.2997495325191341,0.707355141905771,0.5080888718032467,0.0911232316387121,0.6484560669552265,0
0.020356471815825783,0.7415732479117744,0.3767800496286736,0.5823390533519853,0.5958394506307174,-0.04951360000134093,0.9432969800728889,0.5657419421605403,0.9012406644132207,0.7596249800805108,3
-0.019334063696004225,0.8388297273592799,0.8710934999686931,0.8305729304692465,0.3471046681271212,0.8382060814876681,0.784012924631294,0.2691195811098601,0.4941786450839504,0.16260579206286185,3
0.3474845195315756,0.795670445827659,0.733644445500012,0.7179829674724238,0.4923915572515382,0.0997816601583991,0.8350195888943511,0.46434989722033104,0.3528412155461724,0.678851071108586,0
-0.04051146067047229,0.1359223976469379,0.2336361630474797,0.06391144841632045,1.072231567387559,0.6888107864887422,0.3214340268553445,-0.23451852930078554,1.0311530037077166,1.1660535064916544,1
-0.19549857924095387,0.6880148077171615,1.0899028321871898,0.6285147792381998,0.33894436299844893,0.7187346530321215,0.5982984422202544,0.6489665533521847,0.057694672845928024,0.9555840132122425,0
0.19332792728609305,0.730473014632739,0.47015417074566157,1.0113091157853693,0.32192221130122833,0.9434795355169401,0.13297626087869094,0.7566306027990632,0.9825056813709871,0.6222404889810401,3
1.1614323944882692,-0.22942226810619132,0.48463885327142553,0.3280981185627974,0.42134586764129656,0.26434889590320987,0.448429503862251,0.8107028193269605,0.8169031882171858,0.2358633910515684,3
0.11243458626762237,0.1446128086374041,0.3178053852993468,0.028482495244423194,0.7816036663050322,0.6095858801860805,0.492068287880684,0.10432279141476987,0.7660401201071912,0.7368773735785445,1
0.8061757265051381,0.7551949344693444,0.24625397959775613,0.3164855199367178,0.9116926948877498,0.7823739063193252,0.2744320243910169,0.9789110680725654,0.7915216526013473,0.30772179880910044,1
0.4088930578034412,0.5600254166904014,0.5769562468295668,0.1382753625948271,0.42705154680343627,0.26067802700239373,0.9608704289038685,0.6705972039677158,0.5651774589012053,0.318227110355211,1
0.6364743317409587,0.8075409122378777,0.09031835182109657,0.7126413454905989,0.06481001354475655,0.27125416720607803,0.9788534307660086,0.2822969825204129,0.8461457551650283,0.4118154410089247,0
0.2507282366120883,0.576462032546676,0.9413249614992016,0.0276264182267136,0.4167836150685512,0.6773878416552868,0.13699863826942896,0.4077305055113095,0.11777699479243932,0.8203491400075181,2
0.24729773218338288,0.5763909549779966,0.9455422504839862,0.026096902052962133,0.42624675614654695,0.686189163916758,0.13791034461026305,0.40522571347488906,0.11497831532060263,0.8209771410340976,2
0.44501440123470537,0.17282969493226508,-0.10433728050788915,0.23991069695913708,0.8076290441510044,1.006431052134598,-0.012844332912462453,0.6567848786204329,0.3785618775281843,0.803199574668434,1
0.3332288515877693,0.8093773274083241,0.7495840446455967,0.711491768563442,0.44704449119995315,0.10589256604331343,0.7962850562052429,0.43312954125987047,0.2873352547964995,0.6877051687432767,0
0.2639041080656943,0.608008636021525,0.6776529866623959,0.02158417843325723,0.39812740398838237,0.2745751024159036,0.900417620830532,0.6487764430524787,0.817508779962965,0.3779105698375623,1
0.3133503144346807,0.7892240280078096,0.9324086269402284,0.20073250617279692,0.1814710881423036,0.9924044916385983,-0.020053087726405516,0.7524525106030762,0.626049335380868,0.7280726077587713,0
0.46375790431969344,-0.04287575308877779,0.18970014977613397,-0.10705834227145296,0.6591132973791721,0.3271568581193127,0.37488112621539194,-0.045481739235332164,0.4295736303444943,0.7950800785230535,2
0.3528173041810856,0.65680935249797,0.5449693647840608,0.9781809067895485,0.09252249922907074,1.0932820548561257,1.037496686005082,0.15215971021673605,0.26767022300376875,0.19563101369652064,3
0.6924097100903078,0.8972413116063823,0.028289741605890907,0.9646446465357327,0.9000401263109886,0.5010198933975082,0.16039068879986454,0.694223606078925,0.3336639945391822,0.10899962417643999,1
-0.04731657947201731,0.886179687234271,0.7231010906757039,0.3856952530379577,0.5841628031358974,0.4600814082034254,0.793807770482696,0.8278379585802531,0.29221320867236733,1.0049679188809417,0
0.1258588589725495,0.726145499953586,0.30576208961496915,0.9136519993625242,0.17760626854753053,0.9936955305272284,0.1566881655584168,0.7169517180347849,0.8832460898125211,0.5466134892999054,3
-0.1871755490794358,0.41668061236351805,0.41110873716174556,0.3365926795493618,1.04963360561117,0.9602803946884885,0.5322385375641894,0.18803701760526453,-0.14074475332419323,0.24959847438927846,1
0.6260934298533593,0.3069987929810568,0.8723262059600696,0.2581212053008648,0.6801352507032793,0.36884550206363986,0.07655254720310815,0.5629539661237211,0.3771150523176175,0.271834011055334,0
0.16415930051515393,0.9678326439395709,0.07489252283221362,0.5791126326194146,0.32545085560022435,0.11775576439858859,1.0743372278470507,0.05366746979938741,0.3541720405112667,0.522451828230243,1
0.6422812604304768,0.749624780471876,0.2238579193329856,0.5564288062762182,-0.003423031645069907,0.39511701195868476,1.0449719842114387,0.23035680796479274,0.9899523140582044,0.5518365276338845,0
0.27772318096216436,0.30401922702820244,0.8161449561468128,0.617892427396288,0.7432932089125016,0.3433182160991787,0.3506058732238452,0.6693318339818741,0.6935170039611221,0.9770951366671642,0
0.6860452577125996,0.8870028358915911,0.036834960973218325,0.9809763360445057,0.8834866967456506,0.49577393976799694,0.15570908019599872,0.6979878496716917,0.3506605867915517,0.09878050643337104,1
0.25707268183569243,0.578575377971347,0.9537993888119238,0.040263695516102,0.41617236544435465,0.6708450387983458,0.13140941059808892,0.4072562522739689,0.10640814752483661,0.8157427643945588,2
0.43891487248182537,0.4899695395196919,0.6691842963252362,0.19071035347015425,0.23568579437793288,0.25004797269195084,0.9400588314996734,0.6157447244349605,0.6887712426695122,0.31821774822112,1
0.06919217358634011,0.31336544336646593,0.3430564020476697,0.09131398159224241,1.1492446068983153,0.2430110164542846,0.8136211916956919,-0.2674939686399671,-0.21577246822840035,0.466957512624254,0
-0.052043472452833486,0.6648470329808158,0.4651011703948634,0.22846911451368296,0.5691441799362852,0.20042493845375897,0.8344676127094182,-0.19404233000664506,1.0801668829398474,0.4593885770614061,0
0.6829487038368355,0.8848588614886389,0.032364388806349745,0.977365879338698,0.8816316211894851,0.5027542815704779,0.15221770174573743,0.7021945383318676,0.35052211731972405,0.09798605344858036,1
0.18741420837471828,0.361689258012591,0.7457060722233628,0.4335291019208345,0.5789301102154876,0.31532150777200496,0.34551050307777,0.5117445404006872,0.5167571334587593,0.8453038265633165,0
0.508440486686797,0.5872102689151792,0.9415096522794978,0.614877304159368,0.6090305539301291,0.06266773400506473,0.9779194427187519,0.6833227808626304,0.5573727438393135,1.0258451040234253,0
0.27158697236370083,0.5594266794112867,0.947935905265313,0.017446971494365443,0.4299339126086457,0.6836478421017529,0.15879920523976798,0.39881626942975884,0.12307300090888758,0.8310396218980044,2
0.5754467284843461,0.19933709241993458,0.9036626074060723,0.4636519654529228,0.11226820335087404,0.7983629916532146,0.789668710482155,0.6386217333460448,0.473607811788033,0.8872576679681613,1
0.19486007830834234,0.24459157930427622,0.6287848732307576,0.05936636600698525,0.5922531182320052,0.4182391800248084,0.5273015453047916,0.41063570753068734,-0.20322387813536208,-0.06288666077402472,1
0.19055783042866703,0.32620275741939575,-0.07153791390169364,0.23231979985009876,0.9225538699810771,0.03895951474225767,0.7174865318915593,-0.1116019363551804,0.45237485708726327,1.4516453829946614,2
0.2503956982166906,0.8278592529811285,0.9852926848550722,0.03744007625703516,0.1286925312557844,0.8076864293650501,0.037593745084942065,0.579180746191362,0.5483878882459896,0.6741892963355063,0
0.5960321604557655,0.9434933109059473,0.3773540185269284,0.5732792649038985,0.4226641380035102,0.4483786477824669,0.7928903660334543,0.6352101230222079,0.09923589336847885,0.6960589136871278,0
0.5441048220354214,0.2927665209633833,0.9991466435859347,0.8026224755939666,0.17797406818135675,0.9664402027735964,0.6037978092913047,0.8232049957574488,0.7834260009388778,0.8554041775531053,1
0.8197196405571217,0.3911127320499559,0.9045515594467068,0.7154049657078662,0.09513517612616751,0.3026760587330303,0.0025631949773292253,0.1725056777203875,0.6727060541587871,0.11984222502259062,3
0.3612677452751226,0.7957131456698924,0.2585127453232876,1.0603252864636425,0.4040559088912062,0.9268722054289167,-0.03504178932726172,0.6777701926046202,0.8960081278222917,0.5795826429510691,3
0.3521057590523287,0.8038847652941883,0.7721203237362599,0.6835998238435269,0.4612548431874169,0.13516925122064283,0.7866487077616635,0.46496670486318675,0.3162251625994556,0.7100188179308693,0
0.3378550783037399,0.42468216375776663,0.9540527451223411,0.5020101105050928,0.978807574166117,0.6718560233937865,0.12158283334763437,0.4182348285315064,0.3048020193231718,0.03716344412536181,3
0.46604976078621113,0.8582355000023735,-0.1301015131969004,0.9916056571223226,0.3934346539740383,0.10842742229819172,1.1906670629734122,0.004406393905702688,0.6030251224842775,0.694699633421967,0
0.6449013871689505,0.9581905718728713,0.293079496049628,0.4784948271457301,0.6104710247439588,0.353799899354894,0.7974480005471822,0.506214997668373,0.09722934829680666,0.7036307003921304,0
0.5113359728334073,0.13225571943120681,-0.09566003067045359,0.12506616764733913,0.5104466061790724,0.7913322566932849,1.1181083584678388,0.7713323902462297,0.21107990994553272,-0.1681756411919892,3
0.2734418869653619,0.4309067754702348,0.5854490620495381,0.9153797943413573,0.6053891338042442,0.49698319708045186,0.580742587500452,0.19985105319765661,0.23474394518044917,0.20835991990881705,2
-0.010800786640221396,0.8165441835004869,0.9477479938408657,0.4687773289923476,0.43995705264280477,0.3345694288693192,0.6150559821388741,0.7561986432506781,0.24363194772943594,0.9571491897013024,0
0.28728976229905473,0.7082286260137399,0.1470588174208497,0.5946232461783691,0.05940733803229449,0.48382173938259315,0.771135597459789,0.33694502583185093,0.6933424882031434,0.7797562679693948,1
0.297824099244954,-0.3181479347344847,-0.14373216240610734,0.13070894326139884,0.3565658155123154,0.4221473206619319,0.3204303685497826,0.2951157149185838,0.168023082487696,1.573491690390529,2
0.7491768374301594,0.8476079993511133,0.07461119212507525,0.6489619668455361,0.8750341229771296,0.39971417334182074,0.12352565667166418,0.7177900360652323,0.8923985087472064,0.4219241741890492,2
0.6626527993069098,0.2215096146617768,0.11212722656956003,0.8425707214908338,1.213860970985156,0.3872703383558367,0.8118730505668693,0.6720030208002454,0.5640272248197357,0.7359531261029966,0
1.0380867466494013,0.46826102717333473,0.0038300208967818605,0.9925239891671549,1.24803969902139,-0.3301453756515176,-0.036674982131965406,0.7279330554888161,0.5333787830882385,-0.20678065554771113,1
0.04930731560379528,0.8404999781314334,0.9075537425502247,0.6685515746733004,0.3604710126594612,0.8810130975844497,0.8737195630264308,0.0345941449684398,0.4706428914148943,0.15785663100703085,3
0.3583805134389127,0.14593724990900853,0.5202466845337336,0.35344748396841974,0.607496091168661,0.3350695794870279,0.7050219284013322,0.29158763911684216,0.4357590648320583,0.8644100310079887,0
0.34894244229604354,1.0639688393585138,0.7463417397694759,0.7767603033686409,0.6678026017956251,0.02904205370053385,0.7881337557413514,0.2325082778724615,0.46263568626447826,0.833018280383784,0
0.8609500882736332,-0.058375553082207446,0.3163452018494103,0.7960522745491286,0.9533134912840705,0.5623542844320125,0.5780186467204376,0.8753311798725697,0.6958606997751791,0.49132666322037166,0
0.2577654253745072,0.35117281607332307,0.862641947355844,0.44981277164634986,0.7996582675401905,0.8563805579724388,0.24770028174536735,0.5468537054803684,0.32777472722303114,0.27815112508324613,2
0.12402499060715538,0.7415862563021414,0.34362873963712137,1.0203032985225664,0.2806165663976645,0.9622170371280836,0.11762857723424047,0.6692022261521968,0.8994987555506949,0.4451358586536158,3
-0.18576926041376784,0.4092386949997728,0.11685778581732709,0.021608922403949293,0.4797513355239146,1.3651150432388799,0.13287904450359292,0.05968715753715098,0.05748170340057061,0.04335810175240318,1
0.5633198191849671,0.3748948502823293,0.5552441277550033,0.5690166316262729,0.6192038308860696,0.44521769666870886,0.4750773139197553,0.03934775961098344,0.8709280844038305,0.28502249610543984,0
0.7523383281171672,-0.0031957998284878886,0.60973398802025,0.8120748206284341,0.9336362937369477,0.8953071352388111,0.02244663835189732,0.18433559121100976,0.12324026472016625,0.3184563991693017,0
0.5005542776776293,0.6564192182992084,1.0586533791200103,0.20771326511045865,0.11664721052080469,0.8331034685674236,-0.06905050374221376,0.647745163822461,0.6646214359147319,0.6551173849086994,0
0.35205678893632386,0.7686393329079999,0.9542630749025517,0.1557158094105556,0.15387545673196154,0.9217435228722608,0.011752264415061886,0.714266498276554,0.6865313661746815,0.7718812444491588,0
0.25423052941791385,0.5673284315915432,0.9516828065894273,0.030998366382396444,0.4288221932067194,0.6885988811371515,0.1477577953446949,0.40817065086387055,0.1272725473761336,0.8184852952111809,2
0.4412060085842737,0.3858831185835626,0.42541856308575143,0.7627031738750966,0.7410699060260841,0.692042746037835,0.7381130862687935,0.017766377357910312,0.8377288644958713,0.42385061956171394,0
-0.14165651236727328,0.02552237386061912,0.7379263797344827,0.09408496894739593,0.6537374594663472,0.7270048595342931,-0.07114595581057018,0.2514693228975612,0.5275068708393957,0.09278693708386448,1
0.8051246088894067,0.2642736574939024,-0.0991203996278606,0.3429869406686078,0.40156179292298944,0.47992459233012263,0.6728156287365752,0.1893549937235056,0.6704902620472069,0.7404361232542759,2
0.2514717473576129,0.7528171859081821,0.41748817227456797,0.9348279144424164,0.2906530366637815,0.9915541382417238,0.07483994340607422,0.669517195609034,0.9404654155520842,0.6078004479467926,3
0.38662711546877976,0.42444600601335325,-0.2591013751243134,0.5541194795481879,0.580836406849555,0.5795764148000704,0.9645536581206792,0.25197294896684547,0.6603491973557916,0.5740550892573659,1
0.9210133250594247,0.3810523489637028,0.8342750428313244,0.0794298492774563,0.39443239637154826,0.31125977908752595,0.6321307577552153,0.8309373998862444,1.0257209677499879,0.43809409275123423,0
0.2522262763346889,0.5775274586194775,0.9429908376535735,0.02447100006080053,0.4199700255546772,0.6852683802174924,0.13966702147216403,0.40564885667920947,0.12027680848707345,0.8204481711470625,2
0.5708409216491572,1.1658991880990666,0.7089187854501748,0.22152997273226888,0.5819812377254139,0.3857521964928081,0.9565171785039115,0.3327837606582915,0.6382163758001195,0.1374743040635985,1
0.6801548417382071,0.8716773003937903,0.043890072505150146,0.9888060378005582,0.8859201487670955,0.505556859666687,0.14861256602688266,0.7097843498643132,0.3528116099766645,0.09568760459865251,1
0.9970234061421134,0.20849511371367604,0.589695385783046,0.5172611060906178,0.602381778243224,0.24495844995438826,0.44440873568384365,0.7627201852319465,0.5594938505901267,0.1650930029336195,3
0.7659140378298778,0.2842615736906064,0.133128180104278,0.7100197624359481,0.5571795387340764,0.662639730358502,0.7889625073096973,0.01463258271778723,0.5059883281655545,0.10035513602255561,1
0.280922349538488,0.43278903931022483,0.5937840688851463,0.9187749478708017,0.6094643639818318,0.5093978828911006,0.573810102851358,0.20225552053861212,0.22784259133870555,0.21581704230044155,2
0.29581960900758353,1.96675650452871,1.347824461967276,0.4314450187666558,0.8520852962402494,0.6294830074108535,-0.6005274838050035,0.944505012633279,1.9078104995257612,-0.5475097195850831,3
0.6893209658511338,0.8831438817533085,0.050090838897034654,0.9760681176297088,0.8772118850831516,0.5095365695769813,0.14184647748276374,0.6893368334487416,0.3574549016288273,0.11619369063296922,1
0.6926946720118166,0.6368734068853996,0.2989693951138632,0.416814508559539,0.8623679370485601,0.8207635382658006,0.38867516602810215,0.8706545230293178,0.698101766948297,0.41423403850931106,1
0.13654239234161542,1.10427144529787,0.7025146559858209,0.5387560348759511,0.7761810114976418,0.4665043650416511,0.6036960960447949,0.6044334958542842,0.23097643891702108,1.1386514031069568,0
0.8064956769548906,0.7341546321043819,0.23652172811823818,0.33013294850472125,0.8892695192057756,0.8001174509737555,0.28900918692527267,0.9901512393935951,0.7894236067736101,0.3278086407261294,1
0.02484100398957123,1.0427357148678507,0.5766135432523748,0.5014267688601569,0.12169280613192131,0.17329970203912887,0.32426128945463994,0.7363839741218267,0.3541140742967553,0.9382099786854251,2
0.17100402977476015,0.4815140657790408,0.2876899799251088,0.40769074770099295,0.6480306657285997,0.9168513551242482,0.16169465362349636,0.30575264049977685,0.15414478198967738,0.44877792028764174,1
0.13087938213001019,0.5904547074223563,0.37451700619211603,0.7148219001804015,0.10019311400783845,1.1298831889179455,-0.11096607261335997,0.5956455244213119,0.860885983267387,0.43294235046651575,3
0.7511977350454766,0.8442618808674288,0.0745826678640727,0.6531209680712018,0.8784904752751468,0.3993155457285545,0.12041951146909999,0.71616203639695,0.8932011956206771,0.42399127005234183,2
1.1891345764532986,1.5030466766267399,0.7298235219188962,0.9397691217581483,0.5133622664859594,1.5214791564810501,0.11333055374281158,0.43335501057904546,0.8071299005807676,0.18521501133257573,3
0.721521355165802,1.6579355611752034,0.5434476748026766,0.7297690112350985,0.4955215793399851,1.0642609577970268,0.4140144789118472,1.3020897756985317,0.678471051539258,0.02917647579413446,3
0.15149905688531987,1.070258777624243,0.6852135329516755,0.0038653409223851076,1.005951573045794,0.8476913426233091,-0.0366768331207257,0.23899856106032186,0.5076605302229478,0.98239413657082,1
0.3365418462002076,0.5365042793886527,0.5612116561332663,0.1277563879940231,0.3758234891796589,0.2569632557615794,0.8096763964634149,0.6343126958077564,0.6831714558902935,0.444376404105755,1
0.572058464812545,0.05524361714745661,0.085285317478235,0.03445183579623713,0.6582179567046313,0.5338938447161015,0.5915229362601706,0.08472590234559142,0.31247186385361486,0.915051959311834,2
0.7253609769566794,0.8127372764569232,0.5860801527770518,0.7562279335758731,0.1040369745592522,-0.5416492730617816,1.0205687240244556,0.8217179204422773,1.445409309480128,1.5307946409051048,3
0.19730989832125553,0.07814494026409946,0.6070722480882265,0.677961963908104,0.5983162369472111,0.5153834472964802,0.5652383082770152,0.9105064565060144,0.789894826802671,0.9194408595656082,0
0.16709086126632025,0.7899301270757585,0.7817824678245306,-0.04318811913934284,0.14939916994972946,1.1197486438266004,-0.01022307169841289,0.584600699948042,0.44563662442180973,0.6675711589014783,0
0.7386395423296243,0.0787796072116063,0.48408297422302327,0.7625847592377594,0.778071661685781,0.7131770768173824,0.03271285444039705,0.09204453510502428,0.20862169622251037,0.20160991337760026,0
0.33666434911911497,0.13656488218121965,0.7705095688044835,0.36245604212324,0.5777502182577239,0.27413659910058963,0.25872066706409536,0.5739903517403906,0.5969972915427122,0.9397352660546064,0
0.7490237626771497,0.8459086354150445,0.07579789700006663,0.6529833290957116,0.8798857204106155,0.3984690707516509,0.12102840871426196,0.7160004295341927,0.8931196844326003,0.42522341538196234,2
0.2757983119583751,0.4263484453826953,0.5823403461593806,0.9106978142718247,0.6112213095741387,0.5096853953954021,0.5796278476454182,0.20062795348163087,0.2220669827545121,0.20907316810082102,2
0.4616622399628896,0.4153686121733536,-0.04009649129691645,1.1548669644759217,1.3798922179049156,0.5118941305977203,0.30120729061599966,0.6885289777250465,1.0054200957712547,0.7439810415743694,0
0.6789826589503581,0.8858110379939713,0.03035673890916463,0.9769745198084634,0.884777207893035,0.5088262794273715,0.1550571656555454,0.7044088296296888,0.3398870207257925,0.1083037373419359,1
0.20311987640954754,0.21034112592347537,0.3355822653015546,0.2026772649927738,0.592971924121561,0.49852590906435346,0.9023252056613728,0.06732999467406503,0.118415089815118,1.0940401319993072,0
0.7345219031403007,0.2567885943916301,0.548874665792099,1.0255532395351885,0.5471739500899925,0.7438806365880629,0.57831528795462,0.28941591509527465,0.9428423186389517,0.6481332705570299,0
0.9012609960759987,0.07032020682064621,0.14467735059281367,-0.10209161576404424,0.28922194637628523,-0.7396889877791439,0.8733394900507021,0.13515804793441644,0.6692445431776154,0.6707102141939865,3
0.6886667905720567,0.5549530711221572,1.1111402942806083,0.005649956238855336,0.35519018783044465,0.5249930024821812,1.0079078477720118,-0.01834458632753312,1.191666560274721,-0.20657291229421443,1
0.7633632063464734,0.4133757521759682,0.845414361489915,0.831949145015105,0.007469179819076369,0.3740400585467394,0.10186922189965371,0.2400502676684878,0.5677319044476005,-0.007170803513085522,3
0.26222100481158894,0.7126830125578667,0.7837640786282845,0.770145516759428,0.4409719371108121,0.1811678355079031,0.7094107899245065,0.44674764994233634,0.3345016720568092,0.6081295735010582,0
0.7557987355512842,0.4992047271275948,0.816903052376837,0.11773641299523452,0.5337705161431283,0.23635138812665424,0.6211928627749533,0.9216939503985648,1.0651882516246551,0.42737149971373806,0
0.5894938495251821,0.1966771272154431,0.9343380159938001,0.19282127858308606,0.8959717436022389,0.5229176116041124,0.06306387536171842,0.6438407516635155,0.2572966118533455,0.41522058129225115,0
0.603559253440147,0.5689049402594155,0.5595574344678652,0.06346948858099269,0.5649434200752371,0.9644695055318748,0.9060432394830986,0.2544822541240511,1.1182887238083778,0.7456703562965714,1
0.7511525334930098,0.22516448425443733,0.872754273191905,0.4276960779641851,0.7999910721242948,0.5336164599152912,0.058785658056366236,0.6562365568071639,0.4545971657706997,0.216432569370684,0
0.043127112615563026,0.9244187892454473,0.8528096315912187,0.701460410154981,0.2950848032231778,0.8454302146258155,0.8426583759215103,0.09173633538430911,0.4495640173666219,0.11668112228486668,3
0.3334827575680499,-0.041558397992590757,0.9988759002678802,0.6770900532388962,0.8133771786868857,0.7313177192766023,0.5020159994304775,1.0572702208594742,0.9636459522099653,0.55122521569464,0
0.7839938212692564,0.30034488740380294,0.05627658099287779,0.5516797891354752,0.23188799519974387,0.4484424108327428,0.45733138445777,0.11716054556559884,0.7612007152103996,0.656051154461289,2
0.14069592822396973,0.028765619581176224,0.5028863241066351,0.10690007447336243,0.6857217597766061,0.5015088078686712,0.6316034165776916,0.2723724256854596,0.7923947746333352,0.7635139903721836,1
0.7834698005130281,0.3188399354955149,0.8946277183746134,0.7285235556718878,0.07397608926196525,0.2741623546729579,-0.035387780559934315,0.18122814140938703,0.6473942651986112,0.1294047962543256,3
0.1136970133475595,0.6289989354454493,0.5591998873246645,1.0271705130126862,0.3797002695999547,0.9663021075077126,0.09958218589671233,0.7344730472080964,0.8894624272077507,0.5188908750173767,3
0.7944839831546262,0.35900554033288035,0.018211593673031337,0.5364939659087268,0.1914812437284244,0.41600271859419097,0.5044075751903481,0.08780141864535775,0.696989150938343,0.6055510517112987,2
0.25263637894300967,0.579196720005818,0.9439756966553249,0.028655593995684587,0.4192428831783362,0.6818215022881736,0.14019767521846463,0.40532440868276837,0.11907235273174863,0.8181395026788518,2
0.27699002073367524,0.7636226527859573,0.4424499913660919,0.9226554679360579,0.3313984454118268,0.960941668638397,0.0213491747329596,0.6544417073158237,0.9309397689247907,0.5269404603766046,3
-0.04707665727207394,0.8201706676354458,1.0345381456408382,0.44241134156231354,0.5736744808636588,0.4088602144476058,0.5654201326286393,0.6182223400022251,-0.07404962315052716,0.8274282257600492,0
0.616286073659007,0.10368144858992004,0.8625257623903437,0.5046994116617403,0.10292816767419395,0.8342135525126743,0.7147469500797483,0.5271673956124318,0.49855911914645834,0.9013269246392233,1
0.32538412629331814,0.837832556840611,0.7685417401778866,0.7043722848550431,0.4602228650031738,0.12534719421509768,0.7685739794648954,0.4843212767631886,0.30630310287322804,0.6805663288643722,0
0.18696546719055812,1.0119150610308076,0.4206312272469117,1.1026108229800264,0.1915443954145564,0.9873573449698635,-0.01021454893371039,0.5447177970391608,1.060127132452817,0.6617736358395238,3
0.27047943106871913,0.42740628665098235,0.5832702800479194,0.9132128010555322,0.6074736673872332,0.49992491023907915,0.5810774145896621,0.19579068513320566,0.23121119767112736,0.20654151549589525,2
0.8437591190980145,0.7658571330415469,0.23798194854541452,0.3422893879616059,0.8802460469967096,0.7587790373723039,0.2610798669651638,0.9570617528533052,0.8273572339024765,0.3451812607775133,1
0.8147436025460981,0.7402527145260807,0.2810566637425744,0.31765520573048917,0.8236741458544817,0.8471073750263971,0.29270156664712776,0.9438489610639516,0.8318435358890048,0.2625457490430314,1
0.4410052150773866,0.15968877257185618,0.3263969998116204,0.7157944544488622,0.7504856397487268,0.4411532387258867,0.7478322665304521,0.008404900761365047,0.8013244452519136,0.38388162605773857,0
0.7489952633809338,0.8657993998495259,0.06280082348177457,0.6705894911046537,0.8861316361898649,0.4004198212542121,0.1344544327715935,0.7268693390648157,0.9119275512432863,0.425939463409623,2
0.28409638221311573,0.5136609511303297,0.6268069983345398,0.15516226827721885,0.3551725520986181,0.09526745443696344,0.8315316142932035,0.6980416071003123,0.6203167823921653,0.3749839767009403,1
0.07495641899071795,0.7348867073455054,0.8917062714693247,0.4937252497040378,0.42679666340337635,0.4222090734166452,0.6689389998170279,0.7900908199321324,0.16456977969644063,0.9249722061627391,0
0.925442718606191,-0.00892510560902049,0.5055171231821555,0.7559576771986256,0.5225282267568945,-0.01720361970789777,0.43744070353007314,0.9225346538620258,0.4907467576741052,-0.18036273235657416,3
0.6849360051494884,0.24752776443205388,0.9843266236752619,0.38999058828999084,0.808623080567845,0.4258064446435262,0.1106238686669491,0.5869589052793632,0.3553836839537109,0.3057602257132534,0
0.35734496181302167,0.17950646717322546,0.6447231672557252,0.33993418370587414,0.4746354035521501,0.2583985145563126,0.808704794231677,0.333148273887619,0.36050662951297363,0.5891731031450866,0
0.7798956563527156,1.218002839799789,1.00424140486797,0.7266692099060612,0.8141450804701109,0.7437860866338195,0.047573765184728056,0.7262426501415127,0.4821048771168745,0.6577744490176567,3
0.9178763625578963,-0.048936270862414685,-0.17686151055435434,0.20718751368529237,0.9198991978146264,0.3366145023458656,0.3446338200531011,0.03348896392803424,0.5884801816133751,1.0975946058321526,2
1.3012743718978799,0.2612873948136579,0.039942499229940365,0.336480238006032,1.1354541447128266,0.31101670842151485,0.9286272909856994,0.6854337754421677,1.1296826545586687,1.022552507227007,0
0.6940866577793269,0.24402447667784333,0.9810720057695831,0.37793642259603677,0.8016098101370774,0.4401662762082938,0.11740138973123089,0.5881499214441639,0.335433591693692,0.2859253337248529,0
0.16939219410650275,0.7393403134394875,0.8788621911925578,0.41746296827517904,0.17499606916640142,0.0998421056680821,1.295540276712515,1.1506467007204235,0.7410831922432173,0.7560276692333489,1
0.6529159099498876,0.7960077367869083,0.11280090939277365,0.7293491060044401,0.08454836391762885,0.29615126876003667,0.9482817796701472,0.31084444872174366,0.8154293704938368,0.3872702413080177,0
0.7456244378188212,0.1535213930638526,0.09106687487487819,0.5507443957231303,0.49058899557201696,0.6707812532688628,0.7082728695654444,0.05690056537881308,0.5586102300896271,0.3301655143134091,1
0.5874745757282956,0.17915973173802707,1.073671876103899,0.3269877718805838,0.7575785886786521,0.33876475119094307,0.0037783123492709375,0.511188110281843,0.44177370552901657,0.17643638679436363,0
0.514128225193662,0.616544171810268,0.23354513644499741,0.6717555504908704,-0.06207863561253027,0.12082071112911139,0.7765843400181043,0.20377076720672405,0.6735665442871743,0.5079915173531462,0
0.6979298073314648,0.7840500887398256,0.09607495438985336,0.7190981521710121,0.917936075613363,0.463103326667749,0.104748306717638,0.6947694043045369,0.8881233772260773,0.43339637047532914,2
0.3028017666533997,0.8109872907527346,-0.15780988968968335,0.2860618397009295,0.34437763095837537,0.9239617090033223,0.515973245794061,0.5769681127066127,0.16965491713759873,-0.07812957688258187,0
0.17177183054489353,0.7634665484660587,-0.027890861121553978,0.4187773126806577,0.16416273182095045,0.22715015357070928,0.5087598781360219,0.5743162535854992,0.40677750693865256,0.6779473206371389,1
0.709809993990603,0.19928468970247426,0.7596843816159565,0.9736198325313542,0.8328956002799295,0.7161582618412221,0.6865470111087549,0.792636644657211,1.052407667568644,0.0016231669001776404,3
0.028611305336447346,0.7494473732042455,1.0458064700006562,0.5120173329030016,0.7510967027304858,0.4624307377261606,1.1098307462005672,0.22422840997248292,0.8067753228913987,0.45280140435862026,1
0.48234152158547805,0.4138413325078236,0.3158763968451532,0.8235770516627173,0.6310821179075832,0.47001479352828224,0.6758580875361091,0.10172586162717906,0.8171536277971584,0.48538179867595843,0
0.7931555047800691,0.9876059279231254,0.869950130733555,0.8279314146980542,0.5369323124651371,1.0312571343165942,0.2371795026705959,0.5418191239514836,0.7649744621459472,0.42992785006921785,3
0.7353626201322213,1.0285758465112202,0.11649073252223607,0.9640968503375195,-0.13378210943871224,0.4722969940992628,0.8065426283911431,0.24898541344485306,0.8047808638247866,0.2678824898069313,0
0.6987563149746209,0.255057340860601,0.9735750793563537,0.4023065958395937,0.7970702976337883,0.42865603433655153,0.10941168139073183,0.6076234011904071,0.3566693890574648,0.30099159078952925,0
0.7099726818655105,0.7594341365702044,0.1575345860580045,0.4028574516690801,0.4389694920298681,0.36800682476853747,0.7404315476640217,0.49675647477549817,0.1884326200967686,0.5993791490762433,0
0.3730646141413396,0.45731434433517054,0.9382469315173322,0.4349424373234213,0.979992440357793,0.6799347157699518,0.11504837335940757,0.36787930858076073,0.3510963160556335,0.03724496287606253,3
0.5796354347597736,0.29856366333709305,0.4565987160127919,0.6790871724366196,0.5766304983305202,0.5722291318317396,0.5439275062568232,0.19087525211427608,0.8345750873287027,0.3621561702143776,0
0.42999669040394073,0.4552401599603983,0.8223572387520389,0.322225322263352,0.6219665665632027,0.7259021118475152,0.022899746162191148,0.8864218220306321,0.5647471366397767,0.182941828391896,2
0.5505474847040814,0.3151077056227601,0.40750731319099404,0.7176136594595475,0.5530778427762081,0.47969782648885695,0.6887720379200262,0.04569400897669182,0.8053561863754461,0.5054528954383521,0
0.032585231599912085,0.7660031572257674,0.2660841373969667,1.0337024470181106,0.48291622289530545,0.9232808462829423,0.08562112423042242,0.640828847026682,1.0676990974053973,0.5543158861800309,3
0.2478684590291226,0.6016665533779524,0.9200163801266471,0.06051900461904778,0.443555790935709,0.700661373035748,0.15100427894407992,0.4131634208679984,0.09592279444980989,0.805758225870087,2
1.0007200218392291,-0.06391858666331801,0.49550077763489786,0.698281153494367,0.5708528650490499,0.036455541348708875,0.4242448323589036,0.8679281197737955,0.3825814033271973,-0.11337022822665346,3
0.41885624383116643,0.3013882544539805,0.8962095162276646,0.4226553739731206,0.9027582651687167,0.7024583637447501,0.23824874093290133,0.054665367497601924,-0.0759453779733193,-0.055182628319688565,2
0.1351479732572674,0.3853103027664933,0.1770739938221689,0.7444719844873838,0.5020236116223604,0.8847750669956467,0.84509100428695,0.4006266905326948,0.6669815447441301,0.2542824071917084,3
0.7429479040034495,0.16780146641328464,1.118336208641384,0.4893272594876741,0.8804664182832107,0.40202237954768594,0.26309119105746914,0.5449072948367076,0.308986510618379,0.1643509091434057,0
0.6023379528572975,0.4646588629288737,0.7868080408012668,0.4385445569907778,0.011007644699326469,-0.08534439680276756,0.91059906801215,0.7552547031025942,0.4390769812743399,0.8013785510249565,1
0.28490422843000457,0.7767057172587798,0.8838670320303392,0.19957081846502897,0.18209978557856066,0.9764426276945097,-0.0031491260720471707,0.7611449581677441,0.6325648557382808,0.7664653317112524,0
0.5111357375343026,0.6657922496159063,0.6819310462520775,0.33884257072568946,0.3849454908978081,0.8754523387475311,0.6066050117141453,0.24568535603496555,1.076007303814774,1.0340887538334125,1
0.45818616465259265,0.7675058991302357,0.7386003037639621,1.207598552350402,0.582623323480684,1.1682409269895002,0.32972684300468025,0.750728336630954,0.623587805316224,0.09870182964507268,3
0.39185168701848244,0.8635261234213968,0.8071919899318404,0.8026449902015728,0.39919919603465176,0.12709589217692546,0.9264581528013555,0.5630628646438485,0.18089363613659915,0.6812770883163437,0
0.13927772522675375,0.18800729980702197,0.36574375289535044,0.03965143682486339,0.7584269771257264,0.6163256109358302,0.5029986098549909,0.08291882306287975,0.8151405829783634,0.7414320085342764,1
1.2691415448410779,1.3278688084503023,0.6845571368023948,0.593828539505906,0.627231893776222,0.8358089732884171,0.2904546832304287,0.905469768086415,0.936532531210461,0.10591578867513562,3
1.4524355479660342,0.40007089921289557,0.44624529122072953,1.0414470322930303,0.2840209450419374,0.19270626356864648,0.16172811688679414,1.4914323150100992,0.9369191750184285,0.25723893761455174,3
0.5039330829045512,0.3349102200687111,0.4071354391297739,0.43126264864706,0.9792274878636955,0.7395538944698423,1.204892946344616,1.525850394419126,1.1023095833145309,0.4877114363839839,0
0.7857199124018284,0.7592874196481896,0.22630336648535115,0.300410936250233,0.8977384625238465,0.777126628447134,0.24966507461123577,0.9618182353006831,0.7584268640374473,0.31104494891931916,1
0.6768230304647626,0.8925121124246114,0.046126180454576324,0.9671990206295363,0.8931300574423939,0.5094275865457333,0.15411549678014183,0.7004311312325232,0.34716330179971294,0.11040078782821228,1
0.5875759047987528,1.2484746993559102,-0.8013916055068028,0.3672784809292497,0.7734511334240611,0.966380223327583,0.4275634150971764,0.16194246823518837,0.308687795263745,0.31553561606849956,1
0.2769352274971051,0.5977330875071616,0.633135944624055,1.012480703119298,0.32759066666765957,0.842219601582142,-0.18823655504304304,0.96514714954819,0.7556953550055038,0.8976254575761837,3
0.36152382561581364,0.7305057366668047,0.1899263656032413,0.6650641611000007,0.19607187163490541,0.4858977962589217,0.7090415261920346,0.19859436847060302,0.6267822040922667,0.7960106303641645,1
0.21582522594371478,0.4790125993642964,0.5961249206712349,0.709505297734697,0.5086101774649215,0.7846690683624333,0.07476581847997875,0.3324929851495496,0.1930676261425593,0.17891156886615767,1
0.09260598978325381,0.6168230402181619,0.4849535262151007,0.5888547429739235,0.7383267592975274,0.00205802050559116,0.9204869715696583,0.45870969300155123,0.8375735915953044,0.8841143252916663,3
0.05984456874542232,0.7682677612970259,0.902716748951883,0.5241943806454491,0.38710467645059077,0.4191773180758557,0.7039841825014274,0.7938532809228118,0.15302386410351648,0.9251214457896803,0
0.25871913975360644,0.5857354561047292,0.9439638455800511,0.021136477322515446,0.41936845372961984,0.6858961747526532,0.13794783072955988,0.3993576790372324,0.11549857883412773,0.8250876351077554,2
0.21467195198665356,0.5868260815219649,0.3574434281989354,0.5412132059224994,0.8995865778683558,0.9089551830164845,0.06888932396021251,0.5147779254032436,0.13245252763985618,0.4941863268240133,1
0.2893490921379792,0.5357142056392715,0.28442812246680477,0.5455091736116815,0.7003637276927812,0.804515531233808,0.08200264794052703,0.19410964599719333,0.022140669032203894,0.36074471497074134,1
0.8496532958067172,0.4784508498615162,0.8694216958086993,0.11921783942303565,0.4915647380329085,0.32919629786125126,0.7215654497629802,0.8805447181822067,0.9193016326761541,0.43883081910898797,0
0.6557090351090846,-0.15134770636228312,0.7885227370717144,0.6120679895199568,0.281894062870033,0.44998617302972976,0.05818768395589219,0.044977572822784834,-0.1638769301419111,-0.017578906601335043,1
0.3905609582552447,0.5768547114078353,1.0572479519715388,0.32557204850543753,0.6432983377280828,0.8561190182339217,0.5798822094287013,0.5961268811372894,0.36317235116136093,0.06524580507517022,2
0.5488060144766189,0.48081069309428304,0.5454701080379826,0.32130748645502083,0.17520287365288606,-0.16702169466795735,0.6912645603390812,0.2676092227326302,0.03410150655186561,0.2645592869822637,0
0.15866143080091022,0.403454321602977,0.22667005299362664,0.7740220389294212,0.5267600636190327,0.918235384386641,0.870809076894994,0.38563680851458354,0.6982453792770464,0.3014890169565865,3
0.4972327688565187,0.5988996668959867,0.7621164519430305,0.38097078707485765,0.03718584253403946,0.55035757630911,0.15903193044732097,0.657757780131491,0.04972255849637987,0.8919980565123281,2
0.24082907285087993,0.7514237584851005,0.32943810728629175,0.24623360828478869,0.448205420271383,0.6645296314622996,-0.08032207713137204,0.07497512008116844,0.018028005945649267,0.7671287197890084,1
0.5638466374765149,0.38493763640000406,0.8852896459411814,0.2324498988749164,0.7956306490023569,0.2581101931652713,0.15120127261329322,0.5345646051467199,0.5000666873914685,0.19719015980361193,0
0.4658306059143062,0.887295158510937,0.8127319313592984,0.6105991182211234,0.3436879903370282,0.19080038110501557,0.13691492557800658,1.0545885294175914,0.9961111889681157,0.8993428287354575,0
0.3732237425346044,0.40616266387889255,0.9441770484865333,0.47123011041069196,0.9300026577445005,0.7362175726367727,0.16138540735154805,0.4065329274842799,0.32544649147666743,0.02462370938905809,3
0.16350832244833602,1.0032726643187315,0.13995820766745515,0.759240496660751,0.1678858380861311,-0.013103254295065215,1.1102126561167007,1.0248253372237874,0.3540405268843107,0.9458458770717404,3
0.5762461413232188,0.7793126090302354,0.039716289802665256,0.7679864533239237,0.12057765343832329,0.3449473854757143,1.0298622083887696,0.23355307416837584,0.7812717871479384,0.3876435167972737,0
0.26200973731491894,0.2231142193829883,1.077076752541826,0.3520434854304589,0.6650661119348261,0.7502974147084069,0.39070245618122995,0.3983237622313829,0.18979754447700958,0.29028645695307875,2
0.6292916467958715,-0.07703508209142162,-0.027909721096054413,0.013488310935702087,0.6921798670740317,0.6785728716815362,0.5555197067746951,0.24116337612889832,0.3182246606998732,0.9324770659584342,2
0.7290210602349899,0.25144020546228535,0.9280807079510122,0.4240112237671872,0.8290519352282952,0.38814290718243255,0.16071358527695556,0.5544653910375401,0.40654090329960657,0.2792301362687573,0
0.0006931798927712896,0.20159893948229982,0.1202831061464194,0.6006372543839885,0.4603368460858044,0.8029666423009364,0.35291352503049855,0.5023443345485779,-0.25287930953340626,0.6635493776577126,1
0.5915925553696927,0.03332365860262102,0.10313351833379086,0.008525290405321077,0.6915931558145862,0.5376010806349978,0.6304340866403518,0.11704961306323088,0.3363111755713888,0.9401209366139944,2
0.28495092556894525,0.33718774880913566,0.18570390363683284,0.5654757968229382,0.850415780173422,0.8232413572093127,0.010814534339434717,0.1950530682118746,0.1273767451480402,0.3285198067399643,1
0.15004785433146312,0.3907659291474699,0.21367572573335186,0.7833945995570233,0.5161213577713457,0.9197172877479981,0.8672691332835923,0.3770712454673684,0.6951529023593068,0.3037709063947357,3
0.46456410938661635,0.9824111949329897,0.13172167697818543,0.5127848193174286,0.07931066649157216,0.5154579735981164,0.5749992845333436,0.4948819284373656,0.898502511690104,0.3498522210621402,0
0.7235293081505116,0.3295986733883163,0.8610508835072345,0.7674287940589419,0.14755176904099448,0.2802141318380914,0.05183133786489599,0.24843454576260038,0.5797866605974322,0.05419448098136481,3
0.47737232002195185,0.7850335963608671,0.7315951881139414,0.5447907823041419,0.03791846122626257,0.3330751366708771,0.15185547392932663,0.7274528592171828,0.21874042701187119,0.9914760969467469,2
0.15287876142628523,0.3416373093577434,0.24979298779325979,0.6337798884556574,0.37861665213365436,0.939548492741119,0.9519327251410084,0.37924339137018687,0.7034232992919387,0.22896747186185634,3
0.497635186493747,0.7166780292534943,0.4209254729047515,1.1559338056301074,0.3261798308285179,0.863177795352435,0.3163147610482341,0.49882301654209604,1.0044887210237896,0.6608947445863677,3
0.3497069962478404,0.2823238567179809,0.8050426139409514,0.47018638840460714,0.6955190269753883,0.33163362094082943,0.39371273165147425,0.6368354725972808,0.7708940536434454,0.9108294299830437,0
0.5856477729585848,0.21328221993678015,0.34535111444093136,0.1722139458262968,0.6787352131557418,0.39761627425094537,1.086032974507419,0.7458092692622941,0.9023138300008522,0.41961368007893746,1
1.4062149764946792,0.9098072736265748,0.515342993516689,0.11856638116329565,0.7536803451942751,0.41098991439632304,0.8025271433992316,1.237723499199479,1.342891653995363,-0.10665809165033013,3
0.13541323427100901,0.9313839890776562,0.6084094913870116,0.217163268738498,0.3520760379742063,0.5115756972997794,0.596778402199539,0.04345147575586548,0.9563413441799801,0.4196994067996972,1
0.2622124483220372,0.580364746146937,0.955048157843162,0.023645447940436687,0.4114333182806158,0.6662459043219514,0.13977999875640446,0.41840035970501593,0.1298486287525566,0.8090485291882372,2
0.27416109946248834,0.4722103153408068,0.7329025953402797,-0.128410895544183,0.49727620472417644,0.3103700091278856,0.5549134248531693,0.39831631130330064,0.8559915983633404,0.478945538059991,1
-0.013294174645459525,0.5943486337550414,0.834298019602485,0.576658617470735,0.45994595158448087,0.41972511304671045,0.5774409591399025,0.6731537554609249,0.26960200926962447,0.7775553890120842,0
0.19604306818457679,0.48114011863072415,0.8997410787881993,0.47602317024210977,0.5531453707961002,0.6518577250663063,0.2695082188698197,0.5560677199757859,0.3961627913646297,0.21092364626222487,2
0.7040316272929168,0.3510297107947793,0.5375691304140319,1.003264804975061,0.6130793905211664,0.6673483484177949,0.6174105393426003,0.2781680699607039,0.9674607723965699,0.703953581762403,0
0.6390690537618388,0.8740606595512985,0.26775585499650095,0.4999762407929672,0.5649404096470869,0.3166948231106285,0.7275692160645844,0.4728371586513292,0.05976289423128566,0.6513885984378001,0
0.11120128738570664,0.9789649573737444,0.7126634682423695,0.2656502055548101,0.27079408648120223,0.22939287013866566,1.0982323528415736,0.10817491845108945,0.938443873069499,0.19487477539754564,1
0.8042104955490341,0.7565390150487924,0.2450804638331107,0.3174954846628002,0.9138147262626921,0.7831069707260323,0.27567519589623907,0.9770297173935695,0.7932148118334043,0.3085465277486301,1
0.23669726629930013,0.6962446891940106,0.44302780740950126,1.3647470764367648,0.4253697123497975,0.7654961786867376,0.014149982731844632,0.7551155977677251,0.8272706650020336,0.6336256270886508,3
0.6687873513756475,0.46846285852299363,0.9241386285846139,0.7015316195335763,0.13320702854658995,0.37589611316502897,-0.06867811954120424,0.309318344972561,0.6953118351011677,0.17720187341826388,3
0.5738706099442761,0.8617417154634087,0.27033192126345273,0.48797877604130424,0.6389035604112941,0.39415929741050826,0.6013207462105916,0.3638837120959355,0.02506848188319493,0.6568882473946944,0
0.5302231438972831,0.6339500365287476,0.5721597743292465,0.3937821831655352,0.44177321034973555,0.5807140442883543,0.8158596614122904,0.36470264237494315,0.8443111277722232,0.8947562707257,1
0.05874918240483207,1.1049001309393427,-0.16765439322645775,0.4162233592240182,0.123751673897783,0.4582813088344021,1.025258597951948,0.470081153552701,0.6017737035617282,0.5848721121978702,1
0.4919768885910628,0.9402304823908949,0.2686570060990017,0.6050964894424052,0.6626425381593783,0.22102617208210285,0.7461396580674936,0.4249591276618563,0.09121371444169059,0.5577800059656784,0
0.21807477916773976,0.7179766831517138,0.7741058072714873,0.5084218801184739,-0.039592114601001385,0.5125761710743741,0.3384131847366092,0.4997768760680277,0.25409766763790453,0.9265623704710795,2
0.25890367821083554,0.5741676944918267,0.9567639676225962,0.024293557751878365,0.4081244124852772,0.6941194274889758,0.14085048815682857,0.41461030354948947,0.1283244308087354,0.8191323861516426,2
0.7184926066033746,0.15523641558102738,0.45664487186757896,0.8044775300879268,0.7875232374229483,0.6529650895789412,0.03755726167762846,0.1463269840633913,0.20484108226358133,0.21301886335389741,0
0.3083743364127202,-0.22280328394753784,-0.2739293211243784,0.3618366804354909,0.6228425433584184,0.9018624820011805,0.7477098006696993,-0.2900872240106757,0.054468992826527396,1.1154511594457195,2
0.7606053045806115,0.8488485025468312,0.08749038387356078,0.6397780863376636,0.8716895240662023,0.3997429610428221,0.1098613853716265,0.7240882478704205,0.9029591350477567,0.4298788957212893,2
0.7229138261056174,0.7191716841462957,0.5063703054482543,0.18019735083338392,0.09256592643400212,0.5672154434617689,-1.079032669534165,0.6029116660502338,0.20975550357046335,0.42123751402766607,0
-0.021956442349379643,0.691260917862221,0.7810858074276368,0.4311756383987751,0.2536098469097141,0.23738451670814506,0.9301113703139137,0.6309269073003636,0.506755392765904,0.9721059200316526,0
0.7822318080248472,0.7053587349682218,0.19000783555533568,1.160125388839079,0.1496790130231513,0.31617673835484905,0.7101326041658171,0.7516096038362621,0.4588236239223131,0.23208584161226736,0
0.8917493827634261,0.054801974235218695,0.6525148177507675,0.29061785602904705,0.923524293498597,0.2811763940976698,0.2370693835442291,0.9537937955984419,0.8132824269427749,0.8225093878246051,2
0.29385106821200385,0.5739681393401569,0.6382252701522592,0.5043866477003236,0.8396413301190916,0.49337440003157906,0.7583023362116612,0.057054051319384055,0.6623459345047824,0.3197577174155306,0
0.6849935980121702,0.8976554393503359,0.04767675998389839,0.9691131300371439,0.898262710253514,0.5092713711940721,0.15734694833200055,0.7118467311315337,0.33666260767995093,0.10796808097244055,1
0.4298446900173969,-0.0064000180336089285,0.3625129960848045,0.3543728793357142,0.4429716569311016,0.29407834150259876,0.6159541452394022,0.3907942078337074,0.25946278522730226,0.7271085786832567,0
0.5127509819135763,-0.08689827717779736,0.7814139495646987,0.3613853573836585,0.7040283981852483,0.7322228089658611,0.5809235856533497,0.4512161790943304,1.0883696578583695,0.5037763089333436,0
0.6689871385020024,0.2701949453216493,0.960270678066207,0.3954681512836786,0.8069688743817935,0.3954396289708151,0.1638093996099779,0.6311824632907244,0.33021146318545724,0.2612120421532511,0
0.11443507018303893,0.12367387777806735,0.3460906301642436,0.03764902043556349,0.7563181109490305,0.5932265337608699,0.5210372486543567,0.08434364312977374,0.7547337809467198,0.754975683745493,1
0.6260708793615628,0.8580302435617214,0.9066715591432596,0.7924167374049201,0.2819183762942743,0.1938666336537579,1.0941122046137601,0.3588718315980296,0.2543503132880139,0.8379525665016928,0
0.7742188883084593,0.19354536229932814,0.8382716686325291,1.1341982718386703,1.0760773459985185,0.5722548654814225,0.0815579722046848,1.1054408466865226,0.7248468806847566,0.08490773222169862,0
0.6519019546318888,0.23749882668141287,1.0988383733433824,0.4210636204106124,0.8060109707504733,0.509412774335313,0.15684293854859774,0.674303678000375,0.22945024444785433,0.2874006998635183,0
0.3631188455220708,0.9874349204302681,0.7975393813011212,-0.07306285521153366,0.08199129586784493,1.1809713674223734,0.149714327976528,1.012308255870749,0.8945040847843462,1.1521706682393567,0
0.661390473489682,0.20336704868768854,0.958539073557951,0.4176126669428268,0.8087040570127525,0.3999629902328156,0.10438174730856185,0.632265279325499,0.3648988567568196,0.2705508496337939,0
0.3250928694788239,0.7182281767467492,0.41007407186014855,0.25387395144975883,0.32826126516949733,0.26344634554080676,0.7070783922417573,0.4619070327981325,0.5357127375499745,0.6579931956216364,1
0.6246275366419648,0.8681226082868125,0.2592605112643384,0.5194210501680616,0.5650302375745047,0.2971653490752042,0.7157734525992695,0.47446003352551996,0.06514073721654053,0.6493007177359176,0
0.6027803622601836,0.8947267640425595,0.21324442455505663,0.4685833617179917,0.5337182244532537,0.3597448702355283,0.7309445934043679,0.4962659088311536,0.05674056258381898,0.6019293107054404,0
-0.020201154049844683,1.1271570525327013,-0.06202007305074167,0.43541758624633115,-0.12552597192293702,0.16455349492163296,0.6512188381426953,0.3770616884375064,0.7944384110361894,1.050670572897256,1
0.6879245855568125,0.16532172268864395,0.8825667355164986,0.7735769503796464,0.3058224780331156,-0.19555420933262369,0.31117622543188844,0.8781044952408616,0.7399271655915856,-0.010251336491513809,3
0.772706896339858,0.3694220795716016,0.8830865334594885,0.7474215830093943,0.1286533042962032,0.2769255251759495,0.006533736124028013,0.22111002741564348,0.6425608205574931,0.09731544683503973,3
0.7533642953975174,0.358128330481008,0.8648018512181487,0.7105824835201258,0.09652446498272663,0.29838229891450957,-0.029302734342019455,0.23060211116499202,0.6157280629727625,0.07721803077874238,3
0.794723088924048,0.8755481685697122,0.7989170073928115,1.1229618647047164,0.3308484244022045,1.1566448709604378,-0.157230886942276,0.8846710576970485,0.9293791658169124,0.38425275181925145,3
0.06571621163666257,0.7659030952918918,0.938748560193794,0.7015191266056857,0.1912266120864876,0.6882797363640765,0.8535238413596864,0.19291355387366138,0.47814003591331294,0.10784977694916587,3
0.9177546596863512,1.0647100595104844,0.9070259641052139,0.8762977470835088,0.7138175700737834,1.0962913303970312,0.2649015625809918,0.4468554357727079,0.6518652643959116,0.4058863291428477,3
0.7253924500841934,0.8423860053504514,0.0482308929192027,0.6590220050414036,0.8971414487969162,0.43505248863659735,0.1284067386319441,0.7057300225292978,0.9160627884976872,0.42405380433514134,2
0.6717434166395372,0.349372359589469,0.5745627842525357,0.9866554293763616,0.6089061982373539,0.6884000326940831,0.5635025305174614,0.26914326154519563,0.932926523608831,0.7146651086858062,0
0.1967495289510856,0.6087735233691769,1.183416229681742,0.3720871076606518,0.898744340452218,0.6327371476048312,0.2188564068706338,0.4366370057262156,0.09149081868716905,0.27308395063228474,2
-0.2193883687693634,1.0349571253145995,0.28422555288641493,0.4798160365846846,1.2130551071530191,0.2109180601883517,1.3761781982535441,0.03837492226431649,0.814679008617242,0.6855740409309574,3
0.2500569557433304,0.5863012807965613,0.4021401455398326,0.40039763360383646,0.5443424877950656,0.7578906546542935,0.19355621248818022,-0.07103046674587099,0.06672674439842197,0.5988533591848795,1
-0.3530698633382294,1.0547332220988623,-0.4411289449223243,0.5060680464505047,1.3143806536951046,1.5041801914625232,-0.07456772378740162,0.021933246012502627,0.5009898521254862,1.5477270830833496,0
0.4912774226825515,0.7281948077487539,0.014252732762637638,0.7538876452970544,-0.16952305379761773,0.4767935992420458,0.9077920210941027,0.5569402610041837,0.7987487619393807,0.20705762734071367,0
0.25135034938722717,0.5777547917822894,0.9454506518135873,0.027299411163222168,0.42201544264960983,0.6794084727679749,0.13809223179917895,0.4066409567077621,0.11687111892734361,0.8200983605070709,2
0.20782833918617785,0.3187810483127996,0.41833660399283856,0.34618174296805215,0.8021669070913761,0.8285510773588252,0.22727616866790207,0.37116287204131737,0.12593129354480764,0.42246882587177126,1
0.8770564628975609,0.9645110249566727,0.8148896442944515,0.8679435547024728,0.6434779171871614,1.0159600184617372,0.12224414892587589,0.5304059162974993,0.7177827513388452,0.43716273871122185,3
0.8410870322917855,0.788316282924467,0.2870601728455044,0.3510110497377313,0.8735704410133257,0.7816773835369121,0.3084694339280746,1.0144251508435498,0.8060572077623738,0.30063007986002244,1
0.2579635239114604,0.5802704452048628,0.947567678934863,0.03595494803739624,0.4233590917580032,0.6778509784747383,0.1381640896772779,0.3979178625958356,0.12127988057410843,0.8097635034904849,2
0.3175424739777172,0.8113591547466619,0.13944343060908357,0.7261409358252061,0.14122190899556,0.43772008868078893,0.7334989415956753,0.27879700176800554,0.550668570368632,0.7979114067532255,1
0.1873332692473133,0.6865185029310102,0.9377987948287414,0.8650543249928228,0.5409821064706374,0.00435739595931442,0.9265735088016881,0.3317173591503877,0.42117730638953127,0.6526118022453485,0
0.5884000657961377,0.7672456590823862,0.5816272434108456,0.25788091526730006,0.33332835377910736,0.7635776210840712,0.6556136643912256,0.31827833890818175,0.9523925615487266,0.9481813129550077,1
1.0468294158689142,-0.0022167870869102754,0.29141669689283256,0.9466544586429126,0.3782469740299108,0.38197141363491627,0.6888806122315674,0.6973294917908295,0.037616914419963454,0.2721514141525122,3
0.5785699173341483,0.13806492015775418,0.8673774383904759,0.47461865657711694,0.10605170873768192,0.7324369284326355,0.718638481085017,0.6017475920795712,0.5732246944543749,0.9838542101337509,1
0.27883684691013105,0.4816008876922294,0.2970633049567074,0.40582939170912125,0.7111944324095764,0.6660646015458148,0.2752148820663557,0.11739790561094587,0.2554060088232408,0.3968471973830379,1
0.15390641828243165,0.4161815114133399,0.20849826321151554,0.7751034887338337,0.5442930810275951,0.9071299784841067,0.8498337328217198,0.39420117441141755,0.6950493304462808,0.28412083206670435,3
0.27054070222492654,0.7086642809802013,0.0012997351504663163,0.7513961287617668,0.049785897513247496,0.46011440551590715,0.6744045819958233,0.23135431355037586,0.47813214176547536,0.7132565108051562,1
0.585480605599693,0.28168932011659736,0.3635631375710281,0.7487998947450031,0.5822542106908949,0.6234297829186658,0.6062724593072051,0.12308641513921798,0.8147709686915573,0.4555709434808884,0
0.8923628681692575,0.09170226282958663,0.6676626016290412,1.050000190786025,0.6446804133596172,0.771945576722151,0.4221277942106462,0.7319783644640393,1.1028825683875434,0.30659227631708924,3
0.2240489102671042,0.5794015154592852,0.9424779678083272,0.024569607808299743,0.40098389606383233,0.666391647288786,0.12105437185132494,0.392006459599035,0.11043311616121654,0.841353722197183,2
0.7257457860574814,0.13620919335329026,0.4629767930355463,0.8099658602025478,0.7928991715353584,0.6587291861036411,0.020365786142776694,0.14315959882397294,0.2004018348409339,0.2110602512447695,0
0.6709140350362458,0.48075783427950736,0.9794083766553121,0.6137045984402999,0.18222794970957068,0.1552439547028094,0.0778015020985964,0.3876596840335861,0.4963680102632181,0.24658945393795764,3
0.6896281293003133,0.8788196840435745,0.029510919716727486,0.9693223044272035,0.8827110064240176,0.5076713122405161,0.16256011323499894,0.6951359788377551,0.3486869416164666,0.10939744568912033,1
0.22379073367455646,0.7620097783744076,0.7111660212183318,0.6522050669639554,0.3636237619319528,0.20081205898037416,0.7412009701284843,0.573993793488577,0.37669812436001965,0.8314966396585918,0
0.7721404431496348,0.3204470702374409,1.0809071555002268,0.40029429197800176,0.7007598504219884,0.4209563723760907,-0.013491512802624256,0.611073926130436,0.4576120989011645,0.16305314895934933,0
0.6953552219722955,-0.007355954024580655,0.2865355172570323,-0.07445467284355747,0.7685957162978249,0.39896457979325833,0.41109373158880513,0.23339489071420713,0.40226076925427157,0.7585878640436747,2
0.7836571240249531,0.8622890993495831,0.3003403365150554,0.36206967605900225,1.0208846074517575,0.8836698943858474,0.1998354556927219,0.9266304038777443,0.7567242744292483,0.3412242519503079,1
1.0122983558103396,1.0715937845851868,0.9980129836148357,0.744126084449706,0.44188176437049165,0.921131320496287,0.010491199649566296,0.41525644260241146,0.6163419897873585,0.5793670090513018,3
0.8884542369530698,0.9828680913898267,0.8541147474982155,0.876275157921443,0.6139415807385944,0.9703959230606812,0.1471216430693196,0.5589462810521377,0.7427965694035688,0.46583488753769475,3
-0.15757506562796247,0.7922486021434793,0.2779737613817191,0.6564056153154503,0.26871382500689645,1.4440695640288277,-0.07689162926108428,0.7304557183041457,1.2974668699419283,0.3212839288062643,3
0.41832734344870626,0.1382708147555335,0.42948171727100315,0.3013704190624739,0.15275405366158545,0.5758718488953443,0.7833610149962389,1.1178240954922525,0.22674152718331897,1.0879815200591971,0
1.007854783390498,-0.050663473635412626,0.38977346627414444,0.5667137362393367,1.0889830525189383,0.6750303864591329,0.5942267256230617,0.8028498205953912,0.8552106715579213,0.5946903343083395,0
0.021691194472596632,0.7799167039889405,0.8987088348571136,0.6077588989154625,0.2641728543594882,0.7314217805689393,0.7375720364424465,0.15052787438107912,0.4096483674717253,0.04885750870481394,3
0.7652825572011893,0.5163842435502869,0.4453884509892733,0.6617313508612682,0.510794895505511,0.6977400263371671,0.8455564764360265,0.18097519127881384,0.9471653314769337,0.5554182165846132,0
0.5217014695434781,0.4891072239321992,0.1885173593328781,0.2729923761107079,0.7093834877664682,0.40434725880045264,0.9277372703678349,-0.04925567025182587,0.582990041544797,0.8572283360185802,0
1.3444064467957093,0.38778618528925896,-0.06227548964632035,1.1688923182260973,0.8753781994000169,0.48590956109614564,-0.05097913629965829,0.2268987221980421,0.7191656710252871,0.31207740998460115,1
0.21626415235151075,0.6124376167031468,0.9243434819318024,0.01737562362761578,0.3912149052759154,0.6400569178060248,0.13727627359332006,0.43640391819684016,0.11020966418589227,0.8238221111666212,2
0.3241957351568099,0.2556989479230245,0.8296605580737423,0.5856953351564396,0.7098250915415528,0.4108527931879058,0.3413733516395421,0.6862884497857132,0.7301746341735937,0.9933228513828526,0
0.06552272623104419,0.8668639826702527,0.869596730624658,0.6557536174353628,0.3059615932272357,0.8632086978686984,0.735834179792178,0.02726126141478003,0.3732469225150463,0.05112844022115137,3
0.5850379336076421,0.19764590802347243,0.881864458806788,-0.2738815844820306,0.059765632543818614,-0.029465862542276622,0.4348972859816158,1.1744874097571731,1.1798680251236737,0.4772230346012932,0
0.3878238053036707,1.0799433223806763,-0.09290349860112024,0.6700239992354196,1.1721048814673218,0.3195290771700817,0.29472766290799424,1.328231086606301,0.2522097976335004,-0.48968904739779817,0
-0.016036605209552177,0.5614457371424117,0.8986211893264577,0.3467180578860686,0.5785736956652643,0.2781268231798825,0.7816978659592316,0.6915880284472522,0.36498374304545445,0.8245659423758225,0
0.3940964037626794,0.6195453365184185,0.5605121460500447,0.30634035852376146,0.30644325097570485,0.6617479373442684,0.09742096384851037,-0.028342949800523945,0.09494802221490319,0.6191623783229707,1
0.6825912738367708,0.8874173013536027,0.038799617195646334,0.9779511834082988,0.8843092007361888,0.5053142870834069,0.15456680972811165,0.7028112773066868,0.35368285566153396,0.1087385230490159,1
0.6843782219208191,0.8853300240546582,0.037377753612486915,0.973946900409941,0.8904271425170487,0.5040111727589044,0.1551154311443682,0.7049767796585041,0.34562000968654144,0.10404419491869475,1
0.7961820453218769,0.468077309713672,0.8782477828057547,0.6240855048942415,0.201744726819442,0.16700937552202755,-0.07793823984764077,0.12653161803996552,0.5094815225215895,0.16167483839925129,3
0.26539534573600804,0.43985748460808055,0.575705238206128,0.9171600629924956,0.6157567049670467,0.4946953295947096,0.5844407898083196,0.20176438284108253,0.2231741027390194,0.2077925405166448,2
0.27395722243824994,0.430281646622934,0.5857536496889681,0.9165669685793019,0.6066069374780713,0.49836609720985997,0.578901300753773,0.19837460876274884,0.23463047200378853,0.20905962862641658,2
0.7608703167498464,0.8455941731383293,0.07844618513678837,0.6556523346081825,0.8740519634994877,0.3886764115488402,0.1158776536296603,0.7123026394192093,0.8895808377551276,0.4167841914258045,2
-0.17514427969572205,-0.09443838836975035,0.7897802627202882,-0.10134608652928889,0.39784459813409334,0.4974922290310724,1.107200305960189,0.6562918944343219,0.8336798128048457,0.9962064884578379,0
0.6868671306054954,0.8800231131958806,0.03809816136743767,0.9781614541793285,0.888557582207418,0.4982114354959466,0.14838225819163828,0.7035768133394539,0.3552786692174386,0.09875012163200925,1
-0.12365021257589848,0.7121609134027407,-0.09238055781570745,0.7508169797798965,0.6007848174348472,0.05138499032244759,0.3693687975204828,0.7446137505366985,0.9566583232165875,0.6594385248469979,1
0.29696306088030117,0.25210621735140043,0.8690867781745482,0.6169562612925638,0.690151766066865,0.44770525394449695,0.34718355940220746,0.7174789015802797,0.7850541127586349,0.9614373606048199,0
0.5803009901531857,1.0131893811588708,0.28772748589746155,0.9984727306954095,0.4518309985340456,0.9872708708132487,0.2617977607865455,0.7452232675245118,1.1108937376003578,0.6724206819543305,3
0.5453188425153942,0.21058023789537966,0.3253673217233819,0.7485204667015639,0.6400454120789204,0.48194016822923336,0.6398578194042175,0.15286785238311723,0.8800769897475527,0.3815546145385801,0
0.6151112293542773,0.07200897242500875,0.3643869364715935,0.13599891372227582,0.2855113453437404,0.38479689038070497,0.4297828682046591,0.28813736316709854,0.5999684482897912,0.45303510898880117,0
-0.09412914328119615,0.6042011366367555,0.45816747870472274,0.7543004275781837,0.8491465851059852,1.2227976623640133,0.0921479182631785,-0.12613443591958756,0.2994288827617232,0.22997971233830727,1
0.6800768348098696,0.6962594200940984,0.9194096656047419,0.6846024834449305,0.5370191303989961,0.4538199356469884,0.6261777066088985,0.3466383365832522,0.6429157072400216,0.7938237582629217,3
0.681870181855565,0.8881950923918669,0.03459701346519832,0.9742467534549165,0.8830660274882224,0.49721797200561246,0.15082585353558017,0.7030425830452275,0.3468951740600467,0.10181789774365875,1
0.6279417040279245,0.860536652060902,0.3661082176263983,0.4790323758383712,0.488441360555967,0.2400564922200846,0.5791372197141302,0.561888872645072,0.13660365449651585,0.5543238345095354,0
0.6216349563890624,0.17952153906441076,1.00150147356152,0.350646960159802,0.7988485638475393,0.44241536886125815,0.06537136636062127,0.5911312118294207,0.4123127012956594,0.3455494189849726,0
0.0003480516546125606,0.4512776280183575,-0.14649190853739041,0.38341793841201044,0.9580380068222637,0.256916896598541,0.32911536120283574,0.5985304219933598,0.4580582168167438,0.9787342170482407,1
0.6684044779657965,0.2303256675605609,0.9496137113539083,0.3693031527273609,0.819644248185922,0.4256300700378929,0.12804648473064092,0.5930978915555741,0.3393574351670561,0.32110246149864063,0
0.6510237862490774,1.0256626009760452,0.17529360378666387,0.8974075025532855,-0.050504772838989465,0.5931927979739191,1.1100377887632313,0.2634922664787412,0.6952067096234952,0.563284041103348,0
0.0893451120439025,0.506189647147375,1.0770306481376588,0.5569871277374273,0.8846836216305524,0.7168108892194398,0.492917233722493,0.49647162823955926,0.2654513890188557,0.3042176374121755,2
0.03865658212100931,0.5003614157835321,-0.22543778501598227,0.030055011778960222,1.0348385028988334,0.7637316889398195,1.046166770052472,0.30220921343431406,0.6998646187970783,0.7744543460198691,0
0.6141513842085662,0.8979361224801751,0.21091002301096343,0.6543498723249452,0.9733044007137006,0.149470306446632,-0.06962822716679457,0.548281185823301,0.021727947501554212,0.10915752025604629,1
-0.22915439714462782,-0.19386676071996978,1.5166401962752059,1.0741901365996767,-0.08387690645732757,-0.15985910033092976,0.0917117010231498,1.6084510224439788,0.2594229751245848,0.4775774958375589,2
0.30807851292234467,-0.07754079086660504,0.5165517671139266,-0.568044423642693,0.5140826951375289,0.8748260844607235,1.1900891666304703,-0.4434595843342065,1.0546694099657827,1.4669972600046188,0
0.8449861293204253,0.38972830356536453,0.746706470472567,0.9616724215487235,0.8104399805802589,0.8672939027192015,0.7133792743764169,0.7385418810686334,1.027014105676959,0.11468126360712819,3
0.1542189509228473,0.17986416151508533,0.8000677522947353,0.4359419133390424,1.0162743136517012,0.5012934057627065,0.4784830104721951,0.587361056827684,0.9711243119825046,0.9728345374344887,0
0.36547981765035004,0.4279671020661382,0.9432781261775628,0.4625309304591428,0.9485086309754067,0.7508254900846015,0.18348604972869315,0.43074445167372927,0.3515559923010747,0.052191297042944826,3
0.7496554567256155,0.8371896575659645,0.08629453134755947,0.639893791494514,0.8878036986064833,0.4020233097223436,0.11327694851897047,0.7140755886482885,0.8849607831093727,0.42770997146987694,2
0.6829386788110654,0.5109816078373914,0.8888031623416509,0.7624570932232431,0.22960951686164843,0.38051969590118745,-0.10657016119655534,0.07217943507999455,0.6143944752237176,0.1065494783338532,3
0.7105879470652996,0.2836215239519673,0.8993712548554155,0.46829165004291495,0.8619043224986982,0.4596841947048048,0.2704162401048119,0.543934898483315,0.4707276159242717,0.3596231116950144,0
-0.02860739617200836,0.9954726015754451,0.3507638671248437,0.4425041382118279,0.3658405655097511,0.04638546762383694,0.8379857837108555,0.24443861054022953,0.47226391996912953,0.9280438373955906,1
0.23857065034481167,0.43026002416636117,0.9560164495747191,0.38272627245731616,0.7662487614360617,0.8085484148137354,0.3175394210203945,0.5130321131929425,0.32396668927380423,0.20233275443758497,2
0.8097918574654106,0.8139276231267095,0.15326963360970758,0.37973339510404114,0.4225910946274747,0.34361954703661235,0.5574222240953424,0.7457325583619197,0.09624384836480213,0.7222738811686539,0
0.7494923654704346,1.1125169965826762,0.7266278726709983,0.970291153697124,0.41884919540127086,1.0788220805783255,0.14232489097892062,0.6884467930133163,0.7664405967292175,0.4983986996166556,3
0.09893718004457447,0.18449208896902541,0.7686748750876877,0.9600477836990735,1.283595344329,0.7276830022299143,-0.380425867646605,0.27909408856139,0.639055942301928,0.543372406854495,1
0.8894098847074514,1.0654765658890517,0.9549180789070716,0.7904623196118331,0.6622565906434256,1.0372434894448084,0.22582983447339974,0.447708251442999,0.8653707329252139,0.42625431228210936,3
0.012620893578918671,0.43925121618802154,0.34003207611585407,0.4593781162693543,0.6988828540922788,0.1659438565054696,1.062809758035453,0.21266911041583808,1.0050242627073285,0.5431057637637386,3
0.6384620639454672,0.33755736262940816,0.9969084260764695,0.48524616593814074,0.17664754493480284,0.8136143073472484,0.8146700908498842,0.596946247322914,0.6434149338153902,0.941545181325959,1
0.6580752953075755,0.11281974978486344,0.3323181230776276,0.6184237382825374,0.5393358379266957,0.03176472790480557,0.4767076675410272,1.1793309072151708,0.6737156942971763,-0.09782068612067682,3
1.0755204416262085,0.6297811812605629,0.9827280558178316,-0.07344046227457332,0.7061037207292199,0.11309874512028467,0.9515447819186743,0.7990429596140434,0.8216735146966853,0.2934804827205619,0
0.34607436976474815,0.1441287081935432,0.6821149055018195,0.40228426623123503,0.8647865656177204,0.30202516466773727,0.14319030113674858,0.6940363169450465,0.92241652887965,1.114694795818723,0
0.6199840700522008,1.0266599763984825,0.9400541618087652,0.969791509434176,0.375294039049772,0.7294663013477619,0.26608439146109114,0.33399616339693755,0.5142187832194768,0.49861205234917716,3
0.6876763096054099,0.896216798056798,0.02587217903117306,0.9911184626116722,0.8726403055701577,0.51234276942543,0.15767489053850925,0.6922269307572967,0.34589091210593115,0.09308216407165079,1
0.423162439963161,0.39116737100169674,0.6351700026674482,0.18279540523285315,0.32485090755261414,0.20519227087945138,0.8511115766295713,0.6553617819811606,0.7130295346765606,0.28243868596617105,1
0.6912304159510199,0.9041672905113746,0.40112475643958556,0.4611267484038705,0.4605200670573068,0.3212660222293582,0.7081700188167991,0.3922315572470391,0.12105318574524859,0.7405059056136805,0
0.12880356219619238,0.8522805842544856,0.8992950024378837,0.46032632913394045,0.4952713689794118,0.32822399325202434,0.6837546783463172,0.7040526708642514,0.08780203168919455,0.8344043777548498,0
1.3003384364948114,-0.023476516486898413,1.3616348954507047,-0.30836806233332803,-0.044058302998245424,0.21540175704780606,0.6237734606344764,0.7369379333420176,1.0156338176859476,0.7464399662653949,0
0.78550398590807,0.42826026119804456,0.8070517529521354,0.06617890185383815,0.49473726344248914,0.37837086727447294,0.7084970855033426,0.8274256755662567,0.9865714169575523,0.44679618125062043,0
0.4253281249910284,0.6417557942193766,0.7836214194012555,0.4086465469886817,0.03470345316367361,0.4584085975477153,0.18687255129239203,0.6681961344670503,0.12757450249234817,0.8830778516551395,2
0.6820238589932571,0.884965304300123,0.0392992886558278,0.972179197519906,0.8881535462101751,0.5023560099145162,0.1541868480088506,0.7010417760431964,0.34427244563687076,0.10344569310632061,1
0.8057242874825775,0.35544552903659216,0.9226893907568238,0.7116790110520289,0.11079092458073994,0.2591695271198509,-0.032372986575881495,0.13204504912399304,0.6614438303130129,0.10908762947670726,3
0.44453684654726505,0.18204879892829104,0.8443622422395243,0.4845062168095602,0.6186745064828791,0.3699875922384962,0.28437446067146605,0.696741724200918,0.8576235499846172,0.9139407098454968,0
0.7034141576506832,0.3158682131933832,0.5670362917789189,0.9762896883198993,0.5820035444234913,0.6854813859770336,0.5834244695483025,0.24474846462264072,0.948743028376798,0.6804523658696512,0
0.697755867277859,0.24806210842199838,0.6920161367167146,0.11267341026103882,0.43147225545971973,0.33223464954043697,0.5967873407522976,0.8799074156198039,1.0230814687839034,0.23566528862728658,0
0.33885774374559713,0.7053165540252129,0.7861805475900725,0.714863482379923,0.4682765829815687,0.12173501870285554,0.6776985373053979,0.42424086731442917,0.17842504236634893,0.6068091784870306,0
0.8838442056364899,-0.07582638175629017,0.6576381644833519,0.9494290092277126,-0.07076677981409762,0.68407312629704,1.1230868775978924,0.883899307311746,0.5167976276972003,0.7771187455303757,1
-0.19028311546860377,0.6891921857313973,0.5506566106107786,0.3703248049032287,0.29585469211506216,0.29765233844079747,0.639301152496594,1.1654005060306558,0.15281598623761886,1.1245181686766714,0
0.9402775428982212,-0.24009266640276766,0.288344724547673,-0.26930391352766353,0.6286736400726551,0.5211577303720171,0.28533621722872504,0.40958307296891655,0.40856305951254734,0.6567169920357635,2
0.8083822473493618,0.4448295522540193,-0.012951073549266168,0.6659843727582189,0.7686287873407682,0.4176930579238277,0.5629851439553248,0.048332451879769436,0.6883719344629861,0.20008557448870407,1
0.6816621972704834,0.8850129550603849,0.03695518212119296,0.9743621652370269,0.8872214365484898,0.5021104071236917,0.1556248183063231,0.7020544078826104,0.345843732247776,0.10214085367375585,1
0.25022226478665255,0.5768658085763103,0.938001924626912,0.01704758123913393,0.42437541512370125,0.6933088905009156,0.12819164066396055,0.40482700083004663,0.10704231016286682,0.8094114939573107,2
0.6352802151062446,1.2842226120521125,-0.2966909869153199,0.714566235035479,0.18663685572652686,0.15641863256345573,1.1695711134712483,0.24325298349662045,1.0636685082788495,0.7342235157661371,1
0.6060018369738644,0.3022720544313624,1.122507282980878,-0.06391064478810948,0.27455106878546875,0.12799210876907618,0.9400690548173062,0.6259950081503652,1.001662483413564,0.23782793994840007,0
0.9040386046748617,0.2947094870306035,0.43533461349223623,0.3156586331168513,0.8053079873470923,0.3003462518542383,1.2393737896869992,1.4638394543041353,0.3761104931087243,0.029675365000821352,0
0.8651225136104438,0.4662225642836789,0.8533612344420807,0.7856568068338367,0.13850242747864772,0.3112187244333527,0.031111459477812343,0.2172514751587494,0.5243278472703539,0.06931641734639313,3
0.4013700979613819,0.6408004218043011,0.448201856738776,0.17992995466550787,0.16917854563663626,0.484473228107947,1.0399830063728728,0.43638851836254033,0.4620186745689862,0.4762640730986788,1
0.94230791510223,0.1841104380154057,0.6754627492019727,0.840613222442221,-0.06727291374557126,0.0666134152944668,-0.09047144267801795,0.1550481280877014,0.40950482062869686,0.10853738250872215,3
0.5396682316357104,0.29343305594294117,0.5611431460704501,0.7026987739723634,1.061083931417687,0.17807316079068453,0.25736227097326614,0.4384067987435295,0.4484472638640423,1.220662304249781,0
0.8814231681079274,0.8440590255123279,0.2791953312204507,0.40030367716648485,0.8985351786146273,0.8624588970978596,0.1982787648121339,0.9232889454489368,0.8181910329143092,0.3528802657667869,1
0.2335693664890359,0.7408650841885973,0.4894343787484838,0.3157685684501325,0.43803219356970674,0.6566381191821822,-0.06301581067339333,0.045020365193880155,0.19648603967552675,0.7121891488475937,1
0.31391002873214197,0.16224064342611194,0.4899487138353035,0.2351959208589698,0.5565490830791194,0.21951971432141332,0.6942175240615598,0.39648001984861886,0.35957390487151203,0.7622677292588743,0
0.8846841969610808,0.6848246150991891,0.042323851619954486,0.8017989567907684,0.1869850733319399,0.29070361456500265,0.10156096680767186,0.9191832461122675,0.8424149550532427,0.6651571298563205,3
0.10009207454254399,0.7839283140660827,0.8888870663110251,0.5351591395260602,0.44294393552345535,0.3894370944722662,0.6814711557095121,0.7477867283235101,0.14906262437544468,0.8788619161108537,0
0.7364834270001548,0.23189027764810635,0.8159743384180365,1.0058827235805943,0.8966553311921847,0.7937659938442236,0.6700727545274481,0.7515565580854519,0.9998986486443494,0.004320193853744546,3
0.5299471187573551,0.2742267907360842,0.44263193499269116,0.6444063746504549,0.6789286209690955,0.5484389181549704,0.5909023556244493,0.10432300185510693,0.7691500686231214,0.47435379490609547,0
0.39754161799822046,0.778917688493543,0.8131235383363293,0.37734632651880295,-0.021180040107651205,0.4940993829155162,0.17102269497953074,0.6085472970790884,0.22401679749120082,0.8000685629597374,2
0.2610422467333867,0.5675174123619257,0.9141387749927992,0.032741793052555354,0.40862708458025027,0.6873825999769924,0.11986625800277066,0.4241514835961987,0.12941455704678953,0.8298688480470287,2
-0.050484979219300494,0.7729206585577814,0.7689558269820429,0.7490763354947192,0.3381177730599856,0.7438446035566939,0.8018523609154603,0.039932790606556454,0.4132593356209476,0.030782631471381425,3
0.5889914853156105,0.7756253785763294,0.5616730125179428,0.2660678587734531,0.31654439862284134,0.7485564341900737,0.6304989947948308,0.31204024622000714,0.9583061579273651,0.9719912942011534,1
0.2575061374198573,0.5762268859406172,0.940469956354747,0.028811248056928574,0.4216455908563889,0.6779487484821074,0.13563761076586422,0.40909778282081827,0.11573137790615264,0.8228470779958988,2
0.5168317764626467,0.14896829239482537,0.09230600260133263,0.7375576047387039,0.2233298536678111,0.457223894664083,0.7607956005425012,0.09868505065521327,0.7060606931674042,0.05126063518244678,1
0.5993389507216594,0.6797513362111596,-0.3728123128089985,0.9457702850536172,1.3814043494779353,0.9834028897986401,0.18607712081111552,0.8907226797125235,0.27062324645135005,0.10370288086381083,1
0.5515344710094374,0.3083206965373759,0.42141916456908485,0.7148908774059096,0.606260620775138,0.5475549523646212,0.6488627174026268,0.1331058918658615,0.8175155746087909,0.4367657783972371,0
0.7182246123161684,0.25353856340158437,0.9455508710003501,0.40994272101480816,0.840935561534828,0.42572941046220636,0.10578991931612594,0.5947742247823066,0.3673354754209629,0.2492530646075665,0
0.6612843896846209,0.6914983255325756,0.646583288460332,0.2501091229372775,0.302049246096014,0.8437541552407164,0.5520016177372329,0.3134268669542597,1.0589634019718577,0.9337383348530713,1
0.021486638004559345,0.9616193812917275,0.9846062457349121,0.5957708224023648,0.20167767488027727,0.6672926829415838,0.9907827610609575,-0.07589460121549008,0.2887005672237883,0.32700461541472825,3
0.46248228021205523,0.19379377984564672,0.652555992289602,0.3479868362566837,-0.11491292091048314,0.6560469781357773,0.6937529116100373,0.6217451143049316,0.7520078094106882,0.8233300230571106,1
0.2728149967121199,0.5973282918697976,0.919027973764318,0.061021744784692786,0.4031063820003944,0.6782409642839461,0.12426817171349765,0.43881794261552687,0.09052772030451026,0.8532215824986007,2
0.683487531945592,0.8879189958647634,0.030704563202159082,0.982006684092829,0.8900364642747002,0.502468298242765,0.15016446125185948,0.7011184328559763,0.3454526852727505,0.0980160031737984,1
-0.03156587767977967,0.7701514072454273,0.5330734360949356,0.6867908341810677,0.6223318083007964,0.08143113784610709,0.7662306549022234,0.5776289232723115,0.7801707103170514,1.0360256480596708,3
0.7169064902394249,0.9147194558629629,-0.29448571593130385,1.2266944172375944,0.13345268893694842,-0.10565965200809574,0.9647230902161151,0.1440639096162621,0.6665411320023287,0.8506646115069738,0
0.7444652299474505,0.366889921161821,0.7701557984774708,1.0631014393459477,0.593286246935579,0.6289945377571616,0.49838522107319105,0.34375409709233273,1.037033469756877,0.7484771168603359,0
0.2719237735788737,0.4289046909958881,0.5932676271419897,0.9121063522579451,0.5994645400009309,0.5058902478501833,0.577778034558292,0.2012444515376802,0.2370625424588901,0.2099718549728107,2
0.6446109403692011,0.8428514513192373,0.27885460856318595,0.4972293769528907,0.5544038499954222,0.33160822947837865,0.7281264926597085,0.4166562951488488,0.0608812010180965,0.603761685890241,0
0.7343203714908837,0.3179456270405529,0.8336550214707471,0.7535653320551374,0.03673105475851034,0.2936721724618869,0.0214242345952713,0.20272341097514657,0.6562704441366349,0.10810412115552191,3
0.7025272925970618,0.20852938786221523,0.994365226899835,0.37580542565904795,0.8293651062911428,0.4193889867892017,0.1406339729914267,0.6040601106877546,0.33896762272574243,0.26683910028589386,0
0.38288667623833816,0.8497129290349518,0.7557449912121681,0.8221158810072737,0.24170515444237983,0.22391270714763856,0.27338319096060215,1.009212614264785,0.4919806613193095,0.6691066177608245,0
0.7037256148533337,0.25082352027772054,0.13144968677197946,0.575051419167053,0.23221198127957746,0.47771703259890524,0.5727350635678078,0.20306542943797196,0.8611356474688968,0.6051677807597555,2
0.2826258977823752,0.2972697489843099,1.0738284110770453,0.4489903407041254,0.7307819973522981,0.706894501267209,0.4323353902340735,0.5604316563266661,0.3987004605496041,0.17909995613292376,2
0.9299886116523808,0.6516465806343364,1.083407049765525,0.3779220530661802,0.1797554685985457,-0.29487055938686235,0.6862448521800012,0.7657421747545108,0.3273470416069836,-0.26144536646430333,3
0.016446126185715008,0.9139777883016645,0.8200942853549166,0.7025663017441758,0.3001177149350176,0.7995280659180409,0.796085499487369,0.05215540432251999,0.44977694534478324,0.14516115336323146,3
-0.11013739367531494,1.2724948283982804,0.380719989617225,0.5751536624887557,0.5227460603635949,1.6045872369853373,0.32486391737479003,0.6308380400749549,0.5777157847620106,0.06169963282555957,0
0.21206841583296887,0.417712193315726,0.3088197655903147,0.4511199883169361,0.7377272983011227,0.8668364706534073,0.14356735345033153,0.25174929119308814,0.08246810120576215,0.33526485775047177,1
-0.39998446700468004,1.3991139121617855,0.4553470694234537,0.1946864800796,0.6687226491654916,0.7857961598917721,0.8734754036015291,-0.25343494356752916,1.3901896495781698,0.22339975740264495,3
0.25068897125580103,0.3886766563758932,0.9749259759948153,0.3862427193837937,0.7570367295566729,0.7766140525573694,0.34055106355741804,0.5049942626001719,0.33165480968706895,0.2266013468237459,2
0.3494385683375437,0.8074764366918813,0.7702758979644675,0.6801576579610827,0.4660321133906193,0.13193437329262678,0.7887414244296919,0.46883460303696584,0.31211917868436745,0.707224040047299,0
0.6862952188150852,0.8924338369179073,0.034956562759371604,0.9779132809758011,0.8949842267944411,0.5065557528490757,0.14847423856019612,0.7109611293255528,0.34373603055257557,0.10201748460672731,1
0.26133573002056343,0.8260171516613758,0.9352103603639361,0.4862599879380794,0.5143852965683117,0.47646693234345117,0.6931266386827886,0.663329521761868,0.3519301030191721,0.7992894276325823,0
0.6883921014159126,0.27319367023525337,0.9850468003764046,0.4395984819848262,0.8254356180891438,0.38726364591571144,0.10735633251220919,0.5568875958832382,0.3115328425289168,0.3210046909178188,0
0.7460002481401944,0.8475253805780331,0.07817239772036835,0.6499410296095828,0.8788252060382531,0.3986802520534796,0.11536717635909567,0.7212481751883155,0.8908593836575676,0.42286728013133357,2
0.4910293422082198,1.0242304179122868,-0.029074206803461622,0.7221537641659231,0.30989345753740305,0.4163144590146421,0.6414779602147158,0.46584987039754355,0.5409968894410633,0.6438481066104823,1
0.13473322163989285,0.4303253798936625,0.20036222640658283,0.7797119075409665,0.5323470063661376,0.8891441980667218,0.9018638208863472,0.41633154967171154,0.6895342450760857,0.2711879224861842,3
0.06060218299167379,0.8488001717174695,0.8514993968684847,0.752150646059321,0.2899443490273737,0.8618033816896853,0.8001149583432378,0.06752771325865888,0.43075536557712474,0.13640061920961039,3
0.1518571065972473,0.5083609169423005,1.1584646927119455,0.2382948427823169,0.9256999093947509,0.7769293422340326,0.5120080027611961,0.47394182919666844,0.2612121031556211,0.2564084059002561,2
0.3374975340848691,0.8148415042507122,0.12093334801967112,0.7340869395523947,0.18613533427182163,0.41578698652371593,0.7489483784667347,0.29602369288201114,0.572300267431041,0.8500153843887613,1
0.06916649217019027,0.6714307616333187,0.8378636254126696,0.6316540653016355,0.6194512595839766,0.4339615253769672,0.7070821812501612,0.9500774566159362,0.27747784490392313,0.9080161487953422,0
0.03239032751914719,0.868535170722235,0.9826474192454085,0.4853603419907566,0.3001908198313154,0.439579059004023,0.7476497620423483,0.6697982392583739,0.06928553978574863,0.9627330730114388,0
0.3562956595811579,0.4131323018265971,0.9280123676563209,0.4369172531673708,0.9419903629303471,0.701763194456726,0.14329676523286144,0.44355077968404916,0.34183140403086754,0.009061684921868214,3
-0.022009791648073318,0.4672997536516621,0.5135720968214814,0.8492337811811366,0.9566466279453621,0.025766107916803584,0.9420972050630396,0.3673304131764174,0.9968205990959149,0.9545718575518096,3
0.8860743951892754,0.2545845342795285,1.0208638607546006,0.6930111555116891,0.2688647895602005,0.2539914206585488,0.14568496127841543,0.10211924943715459,0.6285658019047446,0.1156794716358811,3
0.21600197151134154,0.788568810392491,0.42462836166587353,0.9274913755803578,0.24656404604051205,1.0114009908037562,0.051630825748863546,0.7000678346563218,0.9676518258966027,0.5974641506887844,3
0.8609688747223305,0.28419544220068754,0.9247432558272557,0.6483970991101854,0.12423682085191724,0.272405996926355,0.03620354727123883,0.13515190352864614,0.7080152596520957,0.1932686357800998,3
0.9044127946813783,0.6844433700001656,0.07597986767303233,0.8264396612487817,0.20233779190366097,0.3001596139398722,0.09884758509720551,0.8939240287007137,0.8551351108864181,0.6880805921009436,3
0.8938032908144442,0.3486093162938215,0.9413391957110302,0.4208668695993752,0.5237339860039387,0.5602312622037411,0.45204998293183024,0.9010764662644848,0.8891628763643756,0.165056003798426,0
0.05815164590243496,0.7295927466532639,0.9517140260270359,0.6153200991560985,0.5497188589409603,0.31507010053911355,0.8009788503989999,0.7773047864179718,0.22709166864418587,0.8155950978771924,0
0.3718968359295869,0.28296783513399815,0.7457171462285468,0.5636699810706136,0.8426286882935741,0.3134497876163992,0.3669027654692043,0.8336599194402404,0.8697575584202291,1.1057619619718326,0
0.5851418997674998,0.8420516000352263,0.2996352358502725,0.5263863122077846,0.6180517180451466,0.36985431617139236,0.7537632925243134,0.47534297556788263,0.1297400816967299,0.6875607131876931,0
0.8760402992178349,0.04380447576525356,0.6217426810634229,0.6119430878849339,0.6656794428617901,0.10000300132057345,0.4090306995961192,0.9553141540074912,0.5163390029379765,0.06940048981987408,3
0.03826720424471746,0.8772001526895092,0.839483776579695,0.6999515198519467,0.28718402529304987,0.80878745308729,0.8076778270102727,0.0509059830810915,0.4382742395544967,0.14891687872776196,3
0.7395835069506906,0.2860987468674907,0.8648108596056001,1.0220523429654724,0.9469060059128017,0.7928579438130883,0.7015591393379358,0.7175869444534356,1.027673924442514,0.01895539064230272,3
0.6232858012516973,0.2506273324541221,0.5626528678848233,0.9088164714035694,0.7104543901989271,0.5851431360550847,0.10355854652619735,0.2000307145413762,0.15212464153312033,0.13241901606605355,0
0.6827215323825744,0.8840141408750559,0.03773091597236076,0.9750210138282146,0.888002337244658,0.5015979168924463,0.15539730098349072,0.7032469649207662,0.347318657323484,0.10270314133732723,1
0.7588946861438174,0.856612834909322,0.10442057611416976,0.6544618738494687,0.9023615274816271,0.42436207093216344,0.12924298974452253,0.7018666440942906,0.9048841207639634,0.44524797387906223,2
0.2264995530569903,0.40140240853574366,0.9714168614904927,0.38693749201675093,0.753415299339721,0.7757706457937708,0.32163263203907266,0.49904150473647674,0.31643877856481545,0.21592407062634855,2
0.16028530357687773,0.868913204063605,-0.136161759601984,0.3802633444465417,0.43318101711858764,0.4633132942048669,0.6931286504435128,0.003504823759894138,0.32003089521593586,0.57859261975209,1
0.7214278714317436,0.3915956300855561,0.8544932382359018,0.6828953045905606,0.14638096636684791,0.2775207134780579,-0.0487612544684105,0.2486707904799984,0.5988181193192998,0.04585768112911177,3
0.6988155964465197,0.2139181375755348,0.4634115043050933,0.7907759613691288,0.7288160022693537,0.6977148496547474,-0.04550668422778521,0.15003446921411845,0.23851658871163947,0.27182812078263363,0
0.1708930504277914,0.10100803359661509,0.35521107223562853,0.07221665726135597,0.7658894099537362,0.5979340543957331,0.473195874767621,0.11727767134237814,0.8274070685284224,0.6956559677672864,1
0.1087028652956424,0.6749194371912659,-0.03755737028911907,0.14664441255570398,0.7958372140497002,0.734662150771707,0.7029677293766502,0.36385960417229674,0.7874341362230955,1.0058063593454294,0
0.5105361116302591,0.6745996334875861,0.910747557873932,0.41503100569321,0.02967651531152386,0.424117309532914,0.2123506712128105,0.6060971833919867,0.11633666302175413,0.8391995367847114,2
0.3339433790326122,0.5395805863366606,0.804610441463088,0.2254899525788033,0.7984958251217159,0.9134726988338806,0.1581510944909846,0.5366719073948039,0.3308471236780809,0.3463280205161084,2
0.5472559314646218,0.29392070761655337,0.3867858028438189,0.6995855764764285,0.5816343972107351,0.5766686858190775,0.6333742714256558,0.15636236117676053,0.7774421749272653,0.4346972066523468,0
0.7575173919855198,0.838773694449456,0.06593096206646967,0.661360730594691,0.8814179175015603,0.391144699865318,0.1305154897221352,0.7083130354378117,0.9042372540308399,0.43205663939847566,2
0.6562399342057759,0.7992018827236274,0.11716718351832424,0.7236859877801509,0.08803658094860779,0.29389083512137326,0.9437586371093407,0.30391741963231395,0.8092169874860511,0.38560509631275747,0
0.7906974214749686,0.7515046959650307,0.2460956524822119,0.30332494889811024,0.9021610530791164,0.7785120775363642,0.258099602907978,0.9870235907294995,0.783681245015612,0.32455609275105857,1
0.7127972088739479,0.9237003495083278,0.3531527136481131,0.38869969662070697,0.8716918383187267,0.8073259904997254,0.3836957017464604,0.8414223867413714,0.852400158791619,0.41208205447723434,1
0.3681421884313134,0.714712183032236,0.015395210510174215,0.6752571932107639,0.12904983412799584,0.2848855355977229,0.9005433395423614,0.23279414884874086,0.4778592258999745,0.7019870803955113,1
0.26021364592564766,0.6574074002713522,0.543150272576462,0.05227543102882673,0.47004188880289666,0.17465803753663786,0.9506449355206757,0.5067211239583365,0.8541043223447948,0.3270068120756915,1
0.27291922818027103,0.809819251497307,0.34279677271762987,0.9472046423730808,0.27243146260783063,0.9251004553308163,0.10772916379321398,0.6756890454734498,1.003411545294467,0.5283154635910583,3
0.383911188985212,0.6903136416682724,0.9032273809266075,0.5393405647608829,0.08454851522943213,0.5626728291593656,0.01966087297171551,0.4815256325812919,0.07483073016253025,0.7557502461387768,2
0.20749544815536272,0.34033496450064427,0.443678887662816,0.4042507991296485,0.7111381323518265,0.9492409472715687,0.22744540141651004,0.23094279658444172,0.028112162785463024,0.4374772150480293,1
0.2559684682496324,0.4107606898439237,1.0130195945874616,0.43363361189125127,0.6817885941904482,0.7149515354555779,0.39254565570675337,0.5160552332543452,0.3955772968020814,0.2370928954984943,2
0.25218936734292097,0.31692406812387497,0.73904321962372,0.20080228819958618,0.890808556265102,0.853966537275278,0.36273578658698974,0.6910472738725408,0.1377436839471629,0.2884294714021512,2
-0.2511601715984229,0.4847533662346919,0.8277377846016227,0.45977474256749506,0.20653546840762085,0.35247613266969985,0.9426349347088214,0.6317640637486017,-0.011277611753726574,1.3148949008956263,0
0.9192778487825474,0.04798759706444432,0.643796784949539,0.6715137722387534,0.6644470693126461,0.12359571515952263,0.408591963361938,0.9391600059277585,0.4664046351383596,0.04417983522053166,3
0.6889947980829575,0.8892277210082964,0.04028429591800906,0.9738375809817363,0.8840074712367817,0.506365794331325,0.14938585564354845,0.7027379151809057,0.3526116725562134,0.10253173596105694,1
0.8134129144611187,0.7785712544239156,0.2705656249939728,0.1909485902816711,0.8366511135758309,0.8333964355498125,0.25691966351275874,0.9513387000977032,0.8368653513012663,0.2475462370021148,1
0.44246390782494194,0.7770976065571608,0.33190542087911884,0.5832189306788084,0.06839790532337356,0.16871909985927366,0.9789382175104429,0.17926842152858,0.7413640977739999,1.0802408793265854,1
0.2925841041569088,0.282252521232343,0.8370931049137204,0.5998636763360581,0.7415583383738167,0.3636991092019771,0.2956003640996798,0.6450325028391003,0.7503427902579008,1.0073616187808958,0
0.17516352832043908,0.8684766521673722,0.8616070577140058,0.7789090751913658,0.48879379430410397,0.26779843524208446,0.7456893474147354,0.4297890885544533,0.25074204159345953,0.5282453644566502,0
0.2630810929159791,0.43528132866900837,0.5773329033131545,0.9212571083072894,0.5936195781889533,0.5066390138657569,0.58373253362436,0.19426236782543582,0.22916746693947002,0.20713031409436108,2
0.2797501562042056,0.23502685944775764,0.24304066245900346,0.6404975402311128,0.7901046109918569,0.9843406584157701,0.029092017709707874,0.15863994757953925,0.13102546373535373,0.18768502881279073,1
0.27193644677598194,0.5724780166428189,0.9615094616684104,0.03103466611132418,0.41498392380426313,0.6823155366975768,0.14827568669618937,0.38889875363306375,0.09426629164220048,0.8175362130633103,2
0.2681815371582947,0.5766365371064737,0.9504352118020807,0.01061781126345471,0.4181242069742173,0.668182890875264,0.13392220017305873,0.41842143946009525,0.11372098436849705,0.8198072681126155,2
0.27987674763228454,0.7479110125953845,0.6364949604936824,0.532871868833104,0.681536507948116,1.0457940064405702,0.5135515305086508,0.23105314133197424,-0.2763843485960487,0.4397268098902062,1
0.17709497120398326,0.39505469877538274,0.23611560887721544,0.7937056996960549,0.5189136269743019,0.9175115984090603,0.8573789477409669,0.37367152881621707,0.7070961968981196,0.3246096487743389,3
0.9090902111948048,0.40106087158660814,0.9417050578593618,0.6517328013493728,0.18006151775029694,0.2065303320708356,-0.11389114916732487,0.1200629886041978,0.6642930564840198,0.2439030741874211,3
0.3307322094230854,-0.39292281481395963,0.154117038408734,1.0334900395410278,0.26226542148497917,0.759639096353337,-0.5580611835538462,0.798241040272788,0.29622815509378253,0.7223042792453733,2
0.6870265763439682,0.8855367904059547,0.03509571096958224,0.9739200183785348,0.8860253757122215,0.5017247195251996,0.14876778267824178,0.7060034250674213,0.35215464767481797,0.10589666730863834,1
0.9585270302705914,0.05348410043382607,0.7951162022227151,0.05010175786218079,0.9404338519851215,0.6602597868338191,0.6127080212644227,0.6556191349568061,0.7319198755068381,0.7415759763947425,1
0.42372518290235056,0.8025551946568962,0.6938439362832204,0.28385921406539183,0.18551554464393155,0.5628527858986337,0.08077603001232372,0.6967406344903213,0.20314062120889714,0.9218796142673139,2
0.054678220037333136,0.3819163206449864,0.22702089601453643,0.5189989940914013,0.9152997518446796,0.8104680886972059,-0.05718059615296947,0.17288043171554937,-0.03869953982663657,0.2204247898368386,1
0.8302872093229221,0.7455752349111245,0.30556696591886084,0.2062495254444336,0.7963434481614,0.8754772227940595,0.2858598290826474,0.979448849079845,0.8716649243958154,0.3840551885314164,1
1.2107795192894333,0.12799765047606926,1.4025926581648671,1.5557943102590523,0.08383931779375409,0.13261620603693514,-0.36316840152013463,0.5916650208324501,1.625504411250056,0.7641647811889856,3
0.47577282248438146,0.7638730205808485,0.15262521532218787,0.7004171797074086,-0.02074495989028574,1.201967662899809,0.48052078998255726,-0.311717492238264,0.06937576437736803,1.2682044804791077,1
0.7744994594403424,0.19830082927227477,0.4455664597466934,0.8861710125798004,0.865895183991312,0.5892033253808728,0.011662661064885352,0.20487766379982053,0.14966140357508528,0.22826090763654822,0
0.26461371233175324,0.5657444384965685,0.9457699084832679,0.01664683005799769,0.435670569511744,0.690140359099483,0.1334325780033399,0.3952417888670559,0.14166194411821148,0.8047781180129642,2
0.8474170582535638,0.3945120216732812,0.342734823222474,0.8858747831439318,0.3534897692549256,0.5292706482892725,0.3424553615637186,0.16586434200879813,0.9059582597052644,0.8093192555352166,0
0.27564101868647667,0.43337038371719355,0.5889372457986392,0.9160655388789454,0.607449492906745,0.49245310172106804,0.5820422403371431,0.20069508994003007,0.23483434255546023,0.20804965351166765,2
-0.06782712413845682,0.6632955090494157,0.5116624077540456,0.6125868795020256,0.7024830342965395,1.0007586394800305,0.2920365538243093,0.164832909768677,0.5182739291238156,-0.2554573613810035,1
0.29968635857416703,0.684497120081301,0.417141192604523,0.3123940076365098,0.40640838571254373,0.7533221651869761,0.011582363359019823,0.0852267612146305,0.0875127004098375,0.7679600592360434,1
0.7502761164403124,0.8478198450636742,0.07831853161962243,0.654627430359873,0.8809429378268312,0.3999810001608359,0.12049488941652224,0.7191136735871568,0.8921164027098218,0.42455637602447543,2
0.14028670988719927,0.31055998903809545,1.729966934240447,-0.29538202684513737,0.389478269672833,0.17420476568885512,0.5536571872830072,0.21967052789751185,1.4607265260248377,0.8429407039945277,0
0.07722225295228317,0.5973734853011272,0.4262184624889922,0.5826847924131036,0.7489025870817188,-0.02699304555891532,0.9094572739784554,0.43640404964154006,0.7682856892644486,0.9578603614338879,3
0.6882596957858169,0.23889512341207775,0.9735348834152381,0.37990931493666513,0.8157466179995047,0.4345779495359105,0.11651436197244365,0.5959174146375436,0.3433653723614168,0.29354637737509426,0
0.2627072996814408,0.44893167708366405,0.19186927079010377,0.8339701116716242,0.5185206946067883,1.0255702906668565,0.8161247843053169,0.4138428278847878,0.7820551947971243,0.3288295056611983,3
0.24715535759060747,1.4828439098654815,0.26459691502240457,1.56887864461798,0.48244289463816814,0.5704495757370744,0.7178925285319105,0.5984414889568636,0.43444314087560315,0.5434313247455991,3
0.17974733993978811,0.8774314508082532,1.1476661773455816,0.26350338704547516,0.6600333445784543,1.2305200727146988,-0.10061234048369988,0.793040558986359,0.46106180111166306,0.3874992211462369,2
0.7731019915564747,0.37064312360438345,0.8926990772174731,0.7390904325906831,0.11677540002533025,0.2794301626882753,-0.0023061806229916133,0.21758505381986082,0.643064309551011,0.10142406083002112,3
0.23725943916826736,0.5729781720559434,0.9435103141270768,0.02030398585681003,0.40694655505638866,0.6920593931176316,0.13781907165497242,0.3892007750613185,0.130684721343734,0.8277232868095086,2
0.24572811977022876,0.5729362482938496,0.9420738932391672,0.029604858570649064,0.4143406630222707,0.6791009788075434,0.13448716287623802,0.4085038022381444,0.11241423828324608,0.8121843464263347,2
-0.007424526179772163,0.5959351849640924,-0.027799361421768153,0.2627520824924615,0.7966809924933957,0.6963526739109765,0.6941507857530703,0.4272754954197975,0.8225081541428394,1.0234838285457675,0
0.6622145695969308,0.661280891056937,0.8935843882043338,0.5090759036791697,0.6048770614917933,1.3794220766346856,0.5546692772627246,0.8833647348277611,1.1493921723860074,0.3777546432201987,3
0.14795220531049463,0.6041405023689346,0.8574912210100504,0.547038567611209,0.20423400644232964,0.4354963334089778,0.12307161371034359,0.49190497853773707,-0.17757673825053732,1.10908098510383,2
0.5379568915190246,0.6742427176115616,0.6164161535534154,0.23777540074232578,0.3441989065435968,0.016008936101397836,0.5804759407451588,0.7249617351034737,0.7746940342519325,0.489445216610912,1
0.5774532604576569,0.3044150945057499,0.36918869167906954,0.734332715836335,0.6490173141708496,0.5598609487593641,0.6452709359368594,0.14411214202658632,0.7937350842352456,0.39946235166500654,0
0.08693336255615669,0.1260261045867084,0.32070290976736077,0.018144138126594746,0.7757803184853729,0.6090558561599305,0.4982422896572892,0.12723071402326333,0.7660147540987086,0.7557132873025957,1
0.6926780408499633,0.8638400627217319,0.016128167931063503,0.9907312261708802,0.8870199448885425,0.5179818424131308,0.1333686079756191,0.7259819462529643,0.3295176286593952,0.0905859220462456,1
0.5686042426459075,0.17513730714630968,0.8419751377244006,0.4493298267602248,0.073651022412418,0.756325395216455,0.7116509671079421,0.5545033093509405,0.5557962175197403,0.9283112303024953,1
0.2025607510529444,0.7689599038149417,0.8352374707501624,0.5170864612006242,0.5875954594721677,0.5604813145013922,0.8511079080766673,0.6116915748737562,0.011839302100783572,0.8858945839290364,0
1.4210289526078683,1.0413502713475773,0.7490711824467085,0.7994197158554579,1.0671870313995322,0.4879263912092565,-0.19004077057606378,0.5387457226673393,1.1855810516818226,0.49678664755476376,3
0.6169751610138915,0.14847491938964305,0.8967748065478153,0.31523933351452815,0.8181656970268678,0.4971713532367692,0.1569990554493145,0.5201730192115855,0.3763426332128854,0.28024347784580855,0
0.17972202232669873,0.8167317184544949,0.3199509896656169,0.9928853140017615,0.24879106630195655,0.9054812749176913,0.18029643904779935,0.7316350262623349,1.0031105552942394,0.6673227844612302,3
0.2617365548424813,0.01979182338029975,0.5268345792573903,0.3378131480797257,0.3271333930987038,0.6506755805196954,1.0227939493095777,0.0002446404950109393,0.6956579194805508,0.804497122381742,0
0.28628220893306927,0.8275190707494857,0.4553721744736299,0.8042401985513652,0.17655144510462845,1.087028689628212,0.012102219495630631,0.6870222079925737,1.0685844306130967,0.6727320682623698,3
-0.0066656701073672595,0.8539725614364564,0.8854756540605111,0.7048499206288779,0.3483772115193608,0.7704208832255454,0.7948111383743204,0.048699185559644656,0.45249999444448535,0.11949724575603506,3
0.8093037724647736,0.7795871595522602,0.23858728363316467,0.3108757033925643,0.9079077681123964,0.8068464162195452,0.29720999702674133,0.9725874389226118,0.7924898709604066,0.33140276752612435,1
0.2365205096827978,0.44349022226559043,0.896915459418968,0.517412907396262,0.5353777355532252,0.5598122638666196,0.34044437013881457,0.8410455848535459,0.8669573232422036,1.0094423149084197,0
0.33349913028644235,0.2696580437866423,0.8398957890697246,0.5934901062334067,0.7074475136381037,0.4142985949919905,0.3141404466494844,0.6924856230973296,0.7305025420745125,0.9907332168279397,0
0.6411006410148783,0.8784261974074857,0.26269838864139866,0.5034260696530869,0.5595365414983747,0.31241170966377674,0.726269429553022,0.47340547423242935,0.06557183162772338,0.6449593863219496,0
0.6472588146399453,0.004563204237333002,0.6745476098172599,0.4291528320635587,0.1631476343445979,0.5951411483458523,0.5400767869246763,0.4916148964274206,0.6125121195046244,1.1532626982407965,1
0.2740287674935064,0.4291031727565008,0.585676742590457,0.9169186232172502,0.6060782733074711,0.49798044163627797,0.579943038580409,0.19828967972324546,0.23342752721395554,0.20914520846249696,2
-0.07334019115221974,0.7806207680885325,0.623429063472531,0.6353279953201123,0.40902836351248073,0.22146149608402615,0.6235286788910751,0.4375923056366403,0.45925913599070156,0.8188735085044772,0
0.7179252241059364,0.13396402588550899,0.4530534776344071,0.8176187248613789,0.7937062215770244,0.671070237337914,0.04224919729162421,0.13396480163330485,0.1906236391071559,0.20173000177693934,0
0.27151274580092405,0.42775540982460675,0.5859312819919071,0.9143679788780189,0.6051742664148174,0.49835376474687276,0.5782777273982196,0.19720766585646332,0.23553909102059667,0.20703941235391,2
0.2731898961761068,0.7894539138751749,0.38278821259678714,0.9110545080283654,0.17204496839928476,1.032555415679797,0.1210674676328963,0.5780441558974745,0.9104403059787777,0.5850099338695759,3
0.27408260685644065,0.4273810460874092,0.5850406429004968,0.9145626175962338,0.6085691699796837,0.49824893346988625,0.5816353648103547,0.1979123439265596,0.2353272815762327,0.20781982935995874,2
0.7270085387934783,0.2689788296238368,0.999118243996204,0.36828660895599685,0.7633387050109612,0.42466811139652755,0.1375635832396059,0.591375836615042,0.38256115781100825,0.304143075434155,0
0.816362614257235,0.7789296662506516,0.2713449056601626,0.309528731553706,0.8827507878175077,0.8077662586527968,0.2405521878962029,0.9747117730874172,0.7553803613481775,0.2960311686235732,1
0.2447768997504003,0.30711759725563215,0.29920270834488105,0.46100996882582823,0.6148596178260618,0.23820956650139852,0.9644238666404462,0.018958619625659756,-0.007084601373718857,0.45246172804971524,0
0.5252412815108572,0.033865834457901006,0.14425620279583723,0.07586554862259412,0.7113472050512011,0.6088302296240339,0.5620811063724779,0.1012746249449554,0.26873690217833923,0.890622142749257,2
-0.029532661849296385,0.9716712037916728,0.8838386866370006,0.7380291842123679,0.24501343728790648,0.8351995068996383,0.7823466391781554,0.012897067444148813,0.41835082164504583,0.11749147991898616,3
0.43198804920909795,0.2546317725652326,0.5456090072391866,0.28454140752363605,0.5597145448896192,0.295254651644417,0.9038381544896403,0.36144215169634264,0.49593743603883234,0.8456184790612055,0
0.782096174539181,0.372987602301022,0.9044159556475567,0.6891804753915061,0.07174520253505615,0.3267548669641169,0.01054257186079703,0.20741832329196425,0.6541271380374319,0.14156686341234992,3
0.8708471579783632,0.9743717402603267,0.8719831144037408,0.8681059046476266,0.5953692530799519,0.9854646727744143,0.14092589287517845,0.5808103692082677,0.7511332992294159,0.4538062266421134,3
0.40551323356203534,0.7029937101112346,0.013670295410255995,0.6701474175463584,0.07338980201929032,0.3030454773798996,1.1655901153709265,0.06391064008558775,0.9079061034799094,0.3555367607861442,0
0.21749492492987946,0.7415609357594747,0.7643117568934443,0.5531012023213249,0.38571593239249635,0.026690406305158676,0.7481772308654091,0.38498815446508455,0.39741217195040923,0.7311196604162116,0
0.6533953110677655,0.8251924844448078,0.2876557437391142,0.4274206343305553,0.5807822994672859,0.27771911277790096,0.793552525005941,0.3918624726511115,0.03774902371648095,0.7282348551777823,0
0.749036010735454,0.09501817609935914,0.46646615481648096,0.8113269946253183,0.7714530893015855,0.648249270079435,-0.003738887552191504,0.1698498137886431,0.21110030781757982,0.2191490318379911,0
0.6666272408319787,0.17552139546334614,0.9229057170332693,0.4050625097495364,0.8789524927390638,0.45306726249476365,0.12791147939553102,0.6917546021868144,0.43683313018497144,0.3473614037510964,0
0.6423256152486256,0.8798304517373087,0.2619715539711604,0.5040198892424073,0.5576909543411956,0.3129321208078078,0.7270679604906534,0.4719776298043211,0.06849284064592776,0.6444498941889165,0
0.18405633594920634,0.382749133285368,0.2476979153581864,0.7938398345067149,0.5469518387037595,0.8939170344216399,0.8583976221922998,0.4117124311359167,0.6752363033965896,0.3004761968850333,3
0.5175102656631694,0.33238680889953304,0.4184760510948005,0.7382755970265579,0.6623428381373556,0.5773485038859384,0.5974115919474684,0.1386827725155426,0.8154331175268302,0.4491950121683036,0
0.2805728989519324,0.759962040107854,0.4077588830082739,0.1972041603415709,0.3346025017182748,0.6569830278536222,0.006438020331537259,0.022039963491004955,0.1840889066018775,0.7376018598150397,1
0.7435215759677725,0.8525823506800537,0.06799654439902582,0.6504922854181229,0.873278737582965,0.40553208886876796,0.11905294857406293,0.7159267623241897,0.8909407481179613,0.43003735204553106,2
0.5762365972061787,0.1363782524612957,0.8499246073985358,0.452603809364103,0.060207449061424834,0.7516287156714014,0.715785719025321,0.5798268824026545,0.5492486301304003,0.9575425786498397,1
-0.04565538546369856,0.9489495800115862,0.7940240286161926,0.7722559108085294,0.2185306551615666,0.7525746411930776,0.8318167242053751,0.14741208243950538,0.4597634919221829,0.19813836846745952,3
0.714955341863706,0.8509907410941817,0.2812307933523707,0.3613922626092949,0.49610454446180974,0.3463278395929793,0.6076421726660827,0.4069856508352786,-0.001969734227392647,0.71878653208366,0
0.6747693215382381,0.6957480369720638,-0.05687099968496351,0.9524473017673765,-0.04022717513920544,0.05477063470280277,1.0705603888735644,0.4774873837444613,0.6875973041621802,0.38746063395360064,0
0.7320141365723922,0.8272016724063862,0.298056582973138,0.26435728436196104,0.9248150267831028,0.8097173533785474,0.28227493524321595,0.9895438745388535,0.7723401651861664,0.24074071697875882,1
-0.04783087294597807,0.7585091635881679,0.7939505412261342,0.9201746710842661,0.3531674110419912,0.5999558661175634,0.710912940091818,-0.14922881124853038,0.2659644346708653,0.08904343406711428,3
0.9700822509247717,0.12406787100658064,0.3811337368673146,0.4266308223038993,0.22987463090264235,1.2061923870550408,0.4661197844747261,0.7961323779968249,0.11873217011651249,1.3211895655534174,1
0.6867894943989649,0.8806710074612363,0.034844649515518064,0.9752570448062933,0.8842332508302807,0.4981633128400879,0.15651949014200908,0.7001770563411136,0.34414880974352996,0.10400354816538741,1
0.7836764182822149,1.0373479986907943,0.17464294278744463,1.0920041842348562,-0.21904722600619447,0.1092887173170824,0.820329746615402,0.42096535726664197,0.4764822651935406,1.452094099164265,1
0.45044432866685175,0.7659435711395239,0.8806832555445663,0.4895019316468757,-0.0030972830629578604,0.4929957429663011,0.2610657865703992,0.6089035367578066,0.12757499206642592,0.9416876336027251,2
0.6992213802917256,0.9184485326635643,0.13572328475859644,0.611796525206737,0.5195810184989337,0.2895838086840799,0.6435919564035293,0.5421001051633599,-0.05230135482243675,0.5800717095469851,0
0.2834614652128226,0.42604001038531625,0.5952960342178526,0.9092178473060447,0.5893248736282314,0.4852177714564572,0.5815972916094738,0.1894331959117439,0.2289096468313922,0.2156568918776977,2
0.2574640358252312,0.5631191843718223,0.9715768996793823,0.046274607609124024,0.4431479292359274,0.6869605526235733,0.11852664927110934,0.37654606123839907,0.13651693796585773,0.7937747608689486,2
0.7320011538490786,0.18304926718398595,0.8605769510667629,0.2813266975677586,0.8145933351739519,0.48040826216263194,0.14049451377004868,0.6345235233241067,0.2672760480023218,0.3252629885920771,0
0.9948075844673508,-0.7075204703228728,-0.0703519311188508,1.1888006832107612,0.3877610041635343,0.9232754359034613,0.7800554187922485,0.32920097807338766,1.5706143471507534,0.688511752417982,0
0.6933085332092581,0.3962521619493222,0.4296295262501296,0.06733027794269242,0.2280978197777935,1.1673779076236364,0.644810382929279,0.692765937353412,0.73942969089134,1.2813729335182604,1
0.25992017913463156,0.42249748432352,0.9938942279215068,0.41249164189561205,0.7359516653643423,0.8024627713559849,0.31476514446643106,0.49332735629125296,0.3026981197326902,0.19964282874750208,2
-0.4738128989800633,1.5755980975575505,0.7975136736283437,0.5231583661554519,-0.10041221862948702,0.28388473302396394,0.8696065907078642,0.2544561889558512,-0.17702797781854335,0.9683075904385933,0
0.6193811711256137,0.8926268613365316,0.25770460466271383,0.4822380895408224,0.5393172630856402,0.29135926414423474,0.7171644338615326,0.4904472577587601,0.06904240841641633,0.6243898079346447,0
-0.16698046632255353,0.866039326233794,0.7707568164994264,0.8090950553788879,0.6373943008679981,0.20279725463130976,0.9055769045951408,1.011641512199974,0.45513479901422976,0.6164675675732962,0
-0.0627784167743298,0.861086299335914,0.95256525433254,0.7913049308528459,0.3494787454510416,0.8649528319604615,0.7236194583210978,0.02189461610594501,0.49576200011976457,0.18455405708088676,3
0.44850857852013754,-0.018113310425082407,1.0151132226758321,-0.33529241209588045,0.7240211369632646,-0.030366334901623104,0.7986218861248515,0.3191745657162884,0.6321132136828009,0.4522374802675227,0
0.7276926127242611,0.8174608413778917,0.03973624536949588,0.6614715484000662,0.07208508827669671,0.24780228443475577,0.9720211870459717,0.2600683790120241,0.7660889227196365,0.4356159676092812,0
0.6524514504664483,0.8802539562354778,0.277653386315749,0.49862763113332154,0.5677872941034512,0.3047940361803685,0.7056243849147336,0.49443937027509727,0.05452913152713568,0.631890932184992,0
0.7174740522495182,0.7976422794840653,0.48596481974055805,0.30195372205359516,0.19249615986900204,0.7598541247194391,0.7520186171383383,0.37785828424056184,0.8597443108034942,0.888779980519839,1
0.029706941590971703,0.20725495908186042,0.567701975816404,0.644297870243124,0.9236726659104355,0.029862111732451735,0.7173310312563256,0.7000676605864411,0.8071162045806706,0.939212484777932,0
0.4240949312951127,-0.03897004248764213,0.2174715953850218,0.48036367028412885,1.037233234795885,-0.21249307630959227,1.2672476674197704,0.5632186273822117,0.7222830626452413,1.080298238165538,3
0.3142077462403827,0.13552522493097113,0.42888269847469507,0.31784335184167234,0.5648548517863377,0.3189850863552072,0.6860192277846047,0.3833341832306745,0.32471747937320694,0.7860284314932079,0
0.48885132824123934,0.9652957898449435,0.34862351200411423,0.4206613786110517,0.723234525031963,0.3929348028358747,0.7572372479547556,0.31458405147583735,0.11556717967641142,0.5229272797570051,0
0.8373414944952926,0.5042377105708545,-0.046117258010193285,0.554541584210039,0.3073936554881276,0.3383402699312236,0.3750622290742595,0.0019499966438816935,0.7321009954192638,0.47295671312531185,2
0.8131628445998905,0.76921619603839,0.22640857624399138,0.31879131706139846,0.9098063877871945,0.7696156654111411,0.2684019270911857,0.9831525158199774,0.7946359640836659,0.318258480477939,1
1.064677257287378,1.4669858019500226,-0.11605555082752675,0.41459471837938633,-0.06313748452567416,0.577796672320938,0.39341179801604453,0.8296153228488194,1.2692904946407637,0.9576430206163093,0
0.03424127894045323,0.49422246422382105,-0.18134249249945333,0.14028001240473992,1.0737546865397565,0.594288954631677,0.5554998517602333,0.17487881678909198,1.131009990560989,0.7650325529790856,0
0.7486628868379807,0.8511529089313766,0.07537175483071477,0.6553014787474303,0.8794198328876462,0.40104119328783794,0.11964368528164133,0.7126221148492969,0.8971750526350427,0.4206084794136873,2
0.9260685026111157,0.05068118557788627,0.6029789195808908,0.6903285224330299,0.6568580533631614,0.19491163431664307,0.3710850314929721,0.922453285019744,0.4258011500510745,0.023999703787915987,3
0.24218414230044166,0.7840172708394724,0.4436663641306069,0.9445642699376076,0.3007581310703974,0.9796351508727685,0.10426601816132473,0.7033794623989118,0.9675822643787527,0.6299787130283482,3
0.08311695468231592,0.72818772849693,0.9379638947025493,0.45258186366291886,0.4205501377235214,0.39252675380414,0.658498306075325,0.7821562024025136,0.1229249818773855,0.8888670553187555,0
0.8520929628124335,0.703426769712953,0.21816561565681075,0.3846327219261434,0.9521479169402337,0.7977517337648287,0.20416375181524268,0.936095674004486,0.8161863325053218,0.3019231975370577,1
0.42350762442856055,0.2971018166824855,0.32230319035773447,0.14988686858153785,0.8321905371104208,0.571454231465442,0.581605433492419,-0.11316671111631968,0.8096623465504017,0.6066453156910028,1
0.838893556752004,0.7788191795911391,0.21449338566611398,0.2875972271850013,0.9059726475245486,0.777017908353447,0.24123965701876626,1.0004560605514867,0.805918929451345,0.33240470007787815,1
0.3259874827408188,0.8151038572291069,0.47275524648486694,0.8886036079172519,0.3028695276051224,0.9941208805482771,0.05593898085198076,0.7008885945100133,1.018222888042558,0.6620693461793755,3
0.3694846218992037,0.5130375692086108,0.920629868883495,0.5278420719725134,0.6589086099218936,0.8127213767367126,0.35433730962060556,0.4934556346084757,0.45846863676799715,0.28793402783711436,2
0.5155957858850893,0.5663650938702737,0.8928085086486032,0.4416329724605136,0.7060712866303069,0.5517376157826418,0.4301932658074168,0.7416513256646009,0.21397882552288394,0.18120616193629013,2
0.8741304941613952,1.0613408847961239,0.6939679140809999,0.49594200533224997,0.8885719860456915,0.8896158267204937,0.35679355394259493,0.8316015959103491,0.7428578468420233,0.6894338525679145,3
0.7598946669515275,0.7973738176605771,0.020964961386921638,0.630461925597239,0.8260203104203909,0.3455157321312969,0.07076078132939519,0.6699260071100391,0.8749521511640573,0.45352149856534896,2
0.23240267477472507,0.39070467400292586,0.5774916989850929,0.24782209630106372,0.9677369077724403,0.5104543237098284,0.2149622482410617,0.7648847194495744,0.9246736241363295,1.2254094584703106,0
0.3648364889945185,0.6927131120776524,0.7864302112043944,0.28111546010686544,0.08051825901169812,0.9236534034510728,0.024916925406541536,0.6972709538273083,0.5862618011912508,0.7546845726655277,0
0.6238868895628539,0.8011464743911756,0.13679146641470138,0.5593552598375565,0.39018778426300577,0.2940076508005798,0.7553682616363184,0.4609860057597591,0.15924533257465578,0.604910017902895,0
0.9454386068229239,0.39740492780426434,0.14823188735895115,0.595384192393254,0.04947830934293487,0.3809812934645286,0.41492242108504607,0.11263520585455172,0.8666579500837642,0.6778419186416771,2
0.7902655668622647,0.25970477905539807,0.734563551866643,0.7929562641531949,0.015528958866097953,0.14036215292477353,-0.0808515519965128,0.2700692950240425,0.604566424855896,0.01912058507440942,3
0.8204881734544404,0.7495051309664279,0.2588118753999556,0.3176258713032857,0.9068883356448124,0.7740618431045454,0.277693640531207,0.9874178556937709,0.7976730694745245,0.2973077150433347,1
0.2035313801826653,0.606149623336407,0.48759969785779855,0.26927770318887756,0.49581736223609185,0.6654920826943233,0.0638133276898662,0.16356614674930856,0.1775010193414892,0.687255529362355,1
0.39294085346897045,1.3896344389012434,0.2530872129657983,0.5851865475578814,1.2003243446357805,1.1394491593050071,0.14016742104840324,0.5042046565312603,1.1419083191327053,0.9078340176342017,3
0.03897178181389488,0.7712184732606447,0.8656477418835007,0.5393877295764136,0.3618363862064771,0.38434144474823667,0.6962969172114254,0.7909046265986661,0.18031833593693028,0.9617857149601278,0
0.8832717165587547,0.5228285083295167,0.7551356715433745,0.1835188092834705,0.3825599354968114,0.22893484449686435,0.7793390670291811,0.925792238347545,0.9604093344754009,0.3221234563223176,0
0.816038758919656,1.5648109857217047,0.3300019571547287,0.8161198648390863,0.5952419236432904,1.7628484242147506,0.6589769690167121,1.0400147988763337,0.4395098664606677,0.3145519173344745,3
0.28452239576284133,0.984476315998422,0.9394313084506505,0.3423502883052134,0.46895370311758716,0.3866645905766856,0.9252370124296999,0.6016915374690115,0.13155340646331434,0.8101168450375021,0
0.7865658681887076,0.4986686044663232,0.7993881217882841,0.02399630376627719,0.47580310607027226,0.35326322380911507,0.5713793703354839,0.8229957954326313,0.8641965198485346,0.45669544402712686,0
0.2428681872081568,0.7431210199207213,0.4368436266265719,0.9434169948168377,0.2733400108061184,0.9999596855926725,0.09930444568286678,0.694087396696809,0.9307148329561993,0.6267401552636316,3
0.7011387555506985,0.2246201956126414,0.4209213462513013,0.8699945032550099,0.8348910439408953,0.6023043834860964,0.12059096971240314,0.15501792846719817,0.0956196161782452,0.1089815590589772,0
0.841277290389367,0.3130313324316495,0.11914404235318099,0.5145821935795104,0.2731495576245416,0.5015868137456112,0.4279271671470276,0.12511190990924306,0.7986441394616778,0.6855551611562384,2
0.18972374165369876,0.48607214669542664,-0.5072296964787968,0.7223466886840715,-0.060390693867741096,-0.2807088570601302,0.4106434833317389,0.016410908439142002,1.515913603918233,0.24968192627697583,3
0.6092691855872951,0.9705372284069442,0.4330601347413814,0.48737491402002886,0.17095992716311456,0.14454744592083452,0.5925180013786204,0.3635562313271914,0.6600045442000104,0.9390156762696875,1
0.6152478495579874,0.10048748052602308,-0.04382608931618265,0.1533199747807059,0.9715289690555874,0.38493132839553823,0.582399620638107,-0.17766507623879735,0.9595577469738229,0.40184470933250716,2
0.5854948849117891,-0.027235600106678436,0.027039533078585462,0.038365526321983555,0.7124892851952759,0.4697245426372008,0.5941249610903414,0.04541751246922439,0.290443230722043,0.9761364038211175,2
0.027728109688313504,0.9492758399665158,0.7748161212004661,0.7003865809714823,0.2704256206855726,0.7570671835263229,0.7831627065735081,0.1456787268402675,0.4510848782210076,0.04623696725064633,3
0.2855896078823166,0.07113504467811305,-0.2272732881133338,0.2014073516405724,0.5239414002846883,0.7011166943834157,0.8479593068678071,0.16889074520808864,0.42646862105110905,1.1959424910904215,2
0.24186538408302546,0.5702679806621618,0.9495331798458091,0.017799383970918452,0.4194326078408637,0.6670594055017965,0.12807965793963796,0.4044094127994878,0.10735571870013345,0.8219958990466841,2
0.8239406559248785,0.6607525791047661,0.16571563256756008,0.5445513093657806,-0.058263479802160706,0.44064167653594605,0.9184361891844127,0.3240214060684703,0.8619400612233126,0.47584771920448354,0
0.8188714532583729,0.6389961368850061,0.0899528643167526,0.7991656369526472,0.21345087155715262,0.3333222668083298,0.15328014846143465,0.9981078808969039,0.8246804004955339,0.6720990262637286,3
0.4245193218538316,0.531474323469491,0.5510449255732458,0.7483198822708736,1.0614191701729205,0.747144151435823,0.12262029687141604,0.002655796416030365,0.11458776838480385,0.27862078661731954,1
0.9248764253251939,0.733009579797177,0.054574929026832676,0.8266454469110264,0.2460232800756047,0.32926119450552116,0.13876029587890243,0.8952206883955748,0.8406103517675869,0.6493774974769819,3
0.7567788113750298,0.8336585686583979,0.6525835990302494,0.35276526200688824,-0.32490126515968254,0.4736367140359167,0.05491359610886215,-0.12512507850880572,0.2691343353224516,1.2999373453459415,1
0.5020431318127478,0.6683777125529718,0.060722472326836925,0.867898587443696,-0.06691083416664237,0.24649315007857994,0.8612752418339641,0.2898410140561253,0.6522786529036668,0.5346732885927684,0
0.22943926633475514,0.309420768630672,0.9654161342083611,0.350701710511725,0.6925284482642501,0.8736926472322016,0.310068198345468,0.5105149244269657,0.30732206833224684,0.2903091751201441,2
0.8829654344536669,0.7052948636418792,0.03293936245807357,0.7997450981263443,0.21285155320356972,0.28100337551142973,0.09678049207559057,0.9326748262544046,0.8252032185862224,0.671770760257006,3
0.5328398237549242,0.9046550589739992,0.6781808880675367,0.26646153546313267,0.2893569017402135,0.20944857592935562,0.31282196675453233,0.9747126175409125,0.3811628232712816,0.956571708913722,2
1.0285035544047971,0.6517846091710612,0.12579816864910526,1.0295588436286685,0.7372143901507725,0.1665594925706796,0.0006045234715251618,0.2156471231969046,0.32843532471977904,0.11314547252980645,1
0.10192439822661359,0.7353178922214006,0.001488331654281111,0.4158365767266198,0.12572437612300705,0.10100842060143117,0.6786162783943119,0.37655194775673,0.7835207008896148,0.8529632270153326,1
0.6994927974773176,0.22031763470387658,0.9776704751472554,0.38966395354980954,0.8018439671483196,0.4487567601093245,0.10804181602764065,0.5901002299881084,0.34376167913391736,0.2898938798168992,0
0.8470330733779781,0.3727836185164563,0.9357989197021904,0.600399583441173,0.21710604354304053,0.25167283484086944,-0.0879226561913472,0.22729713889730038,0.7168946703614227,0.19833670641223752,3
0.2701975536825795,0.7281612740946078,0.8710700054539572,0.16525120790563638,0.27557660238291204,0.9240019684867821,0.005001936621164789,0.7606385150126739,0.698736459212229,0.6676561422484084,0
0.7183181152764717,0.31599763602977554,0.9593235525812152,0.803963422586443,0.19550026595373976,0.29595012947370203,-0.00014550495158685138,0.14310459006087,0.6037938354362993,0.16422439629119762,3
0.2662567381178309,0.45026494563418396,0.9657746028372787,0.3319232073316291,0.7241868228121999,0.8610063800392787,0.3321504162192124,0.5354093241077036,0.31210340065981634,0.08587137555073751,2
0.30033577568801983,0.06347380228805852,0.500679440290245,0.7014940027855162,0.8033907599095615,0.5106943952955152,0.8688856501504283,0.149086359329047,0.5497478832686703,0.5996638421955847,0
0.7563964591438951,0.8538045400985974,0.08079987778734693,0.6472773492369861,0.8865265835541841,0.3926285932329814,0.12386492696793057,0.7082661931239064,0.9005536975485073,0.42466426083140646,2
0.7891733337547534,0.35474399461916456,0.8960012505440079,0.7290284391291562,0.12105130758574265,0.275840588924491,-0.01476505649849846,0.2289312954837107,0.6561068070554026,0.11936093729593672,3
0.34091293923014176,0.8206484110421524,0.7589682357652084,0.6876781394768342,0.46341838599478724,0.13699014730768697,0.7833953113303919,0.47551293767260855,0.3146385313803807,0.7126053682018305,0
0.6258265319035775,0.7683396251316525,0.11003003642752324,0.6980087665590538,0.12006252935391112,0.2231373390264647,1.0005296491667746,0.3006117851630853,0.7850049052518099,0.34436189413370305,0
0.2474810106952512,0.586659471645925,0.9395098514859035,0.028659517568181372,0.4157231805598976,0.679164165059337,0.1435703684979243,0.4045686954782026,0.12268204163249491,0.8175010496511573,2
0.2057438630389361,0.8268166369987142,0.6021353384937685,1.0508260689256577,0.4048867510173776,0.8363125911060316,0.17775932802003666,0.6908803782643271,0.849602785595335,0.7093132466687033,3
0.6468816554247534,0.34643133914348706,1.034943398986629,0.2472685041955091,0.7914221346774281,0.4461534293683655,0.13999639450494505,0.7358695709897258,0.3589594166664126,0.24060418602815511,0
0.32211583540811795,0.1241870274298684,0.844967004076821,0.9418664721862705,0.6585476437258804,0.6161539401771132,0.6295066973916144,0.37116094038156344,0.6799195081671752,1.0884159402834086,0
0.4986697068533378,0.3050745551296495,0.28599980493106447,0.6936936289280067,0.5452590609101011,0.6497299953109631,0.4743872315851999,0.19785406926231194,0.8075485786917822,0.5040117763126518,0
0.3168302761970711,0.7842688818601475,0.9013024673698734,0.17345542679669557,0.22062131878658262,0.9722755973538802,0.01181307387541715,0.7254588784286584,0.6486356473687047,0.7152725615129393,0
0.7892805617593205,0.42900484218637225,0.8914936151735734,0.7163856809844099,0.06886293201010786,0.24673187149491638,0.01603443410685301,0.18757870626170733,0.581051283877873,0.16594831032092083,3
0.3313503931965032,0.582543344601298,0.5710181413122705,-0.013430483516048558,0.3532682744078621,0.17614785949856257,0.9245611051575667,0.771000781766511,0.7877477234660173,0.39312866804635727,1
0.6774928578921173,0.29101401671054716,0.2726521635759397,-0.15360651109440637,0.440571098244171,0.7611265601332124,0.11570728221550841,0.949297906770008,-0.26692025420282695,1.250114071413245,2
0.27502778753357615,0.432443692585352,0.5816532678773202,0.9201996979990466,0.6028701459562638,0.4972910839189275,0.5765565521559991,0.19544748150601896,0.2340721842861034,0.20715099812541002,2
0.4926434107780768,0.43832855826392764,1.068789471996494,0.07420945490570219,0.7603537704773811,0.7535927892692899,0.542400192891949,0.678490975393803,0.4304464753278471,-0.04397567165411426,2
0.3729126770585022,0.7360376951237676,0.8450619697233335,0.7240143727155495,0.3956809161371374,0.14722922380435705,0.8275032152189585,0.4321643331890522,0.2921262231711617,0.7220502412562968,0
0.7074698105736105,0.25866759563903224,0.992802294963183,0.378010369218678,0.7873361296186427,0.4432957712955065,0.12547183984639615,0.5793246464533408,0.35621205507210446,0.3028029672365574,0
0.6573351269959911,0.26091976561435376,0.9951554626894075,0.3446026560515951,0.8328724141425637,0.39487925442187216,0.09524449273734267,0.6239468877130251,0.37566562872749315,0.26129559487781395,0
0.515851778489867,0.06325372680609447,0.7175702780474521,0.19852868985941874,0.3189090792062084,1.0038668928047871,0.8886799107877927,0.7914836345053813,0.8922810068134366,0.6346233641060728,1
0.38427465893303503,0.4320781213998517,0.45045080940280524,0.5524259606348354,0.4203284673063192,0.7429052914772314,-0.002165733432211353,-0.14527134760005633,0.12505135373176163,0.12943486714553068,1
0.6113462364592535,-0.5629122522209582,0.12221867858933344,0.6629437077653451,0.06176834609121812,0.48405360979283685,0.6919879978052818,0.9605792558725218,0.5511267599037102,1.456546195762534,0
0.6793161640066305,0.8808086480775927,0.03744385471680739,0.9725741260055153,0.8915934489259675,0.5043976617986646,0.15572873444633686,0.7055242188325977,0.3433627907484958,0.10247676617898945,1
1.0340916835116303,0.8483036479533845,-0.22277942350762514,0.5059501951941229,0.19167229784226567,-0.02213761094925737,0.6542240228320624,0.7471311103216076,1.0985466663185837,0.18078491674612215,0
0.2878644501287291,0.8383692520297636,0.15394099269664713,0.6757459722958624,0.14073024934063497,0.401303214726884,0.7295947672260448,0.3430649852906787,0.6259720683552394,0.8332575214533512,1
1.1856377146478416,1.0686829249229415,0.8867093415603905,0.7397656130797101,0.843151897570608,1.2070169313439607,0.05845037610868896,0.25283862782650085,0.4976114484803923,0.4338569411944407,3
0.5301576943888047,0.5612380741961278,1.0510497907114138,-0.06923944322507566,0.6612589318342161,1.1325340677052083,-0.4187509206782462,0.6218482738122166,0.7827685001766117,1.3351529940649198,0
0.10677596603159212,0.4823095392490456,1.065070200199811,0.3744519126824917,0.5404449909755769,0.5906196953581477,0.37297546499951195,0.42302346488339676,0.15379887102581866,0.2109716922383287,2
0.8211435993719126,0.9555301989520644,0.8955954443274492,0.8130876786674481,0.6242426707048208,1.0718984552455826,0.08882999676815358,0.4872543631174215,0.7605858912229195,0.4709572943750315,3
0.3086372412090541,0.5259720240097516,0.2766451774803216,0.4019229088754573,0.8138180041448373,0.9577730381322651,0.08009448954164462,0.2432042489087472,0.1588829353231639,0.3184532041077846,1
0.2578927819167034,0.5891974709334561,0.9268870882967013,0.0472519792471815,0.42936318987313044,0.6981426245114233,0.14253588066105183,0.38867302760620415,0.13445565695607306,0.8057522267357579,2
0.46542126974028447,0.6394234012601641,0.4100131477811266,0.044836199916091446,0.42508594073685435,0.8908882823016986,0.15393613192665406,0.2506424828227326,-0.05970610621996986,0.7154646997817313,1
0.7504177075575469,0.2330694923491819,0.9479233697807183,0.6022209630979709,0.10899193013936669,0.7927828542226893,0.7561902695797948,0.6392852671182043,0.4216187197801884,1.0142019303569039,1
0.3402103935096976,0.2756419018183064,0.8699663449413556,0.545971650879194,0.7257856198368088,0.4382016195369581,0.34101271605730965,0.6700189585419245,0.7446269554806423,0.9886443551928202,0
0.3494197289294724,0.40540085476635623,0.8883714796481612,0.6245681591845262,0.7062582517014223,0.47078417967610414,0.41514602286566554,0.7848630872510638,0.758998404579708,1.0018723216120342,0
0.5695230507320065,0.14019281648596033,0.8094662934812406,0.4342018467535498,0.10736020401172425,0.7883984671571392,0.6719604255303496,0.5443366887057342,0.5717608773323318,0.9286920413175617,1
0.2588782491284633,0.9846027233623696,0.7250181212312525,0.30578790597243,0.30221044629485916,0.2397106911145897,0.8596165622028553,0.12026489347988517,0.9390333179414398,0.36214755922709696,1
0.8279390085688828,0.3342419400812488,0.8159093503893847,0.7690267128397563,0.09602344696200743,0.2971291069972851,0.010692654581987015,0.3123503478766197,0.6219052849103696,0.0067603109540383816,3
0.25956119026391405,0.5050080484009555,0.47010013182062765,0.21247395422044799,0.30487216158946073,0.2534523709710854,0.920648246287055,0.7312774790970147,0.5893800481346826,0.5495299376392051,1
0.25369944996875443,0.5728327541849586,0.93277985115909,0.03195844081698903,0.419209541047667,0.6713749315492387,0.12793870872230928,0.3947461204245561,0.12415668257258974,0.8286450080643041,2
0.23861027939460897,0.7961468355410143,0.9733069605249804,0.7012209771326687,0.37101358274647567,0.9565998032226491,0.7052499615751517,0.20136679391672951,0.41150882104344577,0.20062547478311854,3
0.659728346127561,0.20795038935473123,0.9294074364257896,0.4577688775776934,0.87276375666711,0.4604144396069597,0.05291091731845443,0.5550015644610007,0.4239023463460286,0.3316687959805711,0
0.7534043320850469,0.2010426263510139,0.5183317019829106,0.8093248437699946,0.7843592846948811,0.6936938059299559,0.05440913091502358,0.10218648641883064,0.25178666698625873,0.1887136925630592,0
0.3681491758334385,0.8173666836487357,0.7976276412207188,0.6960585122988715,0.46068314123027637,0.1112301178861047,0.821576152712016,0.4947410393092871,0.29402628942852127,0.6803775125017765,0
0.2732794210820542,0.4292716955276686,0.5892571031185502,0.9181990659637292,0.6067481117858394,0.49472453477900646,0.5814957234542306,0.19969405567299534,0.23586432516583408,0.2073617711985965,2
0.5286015785177334,0.0010524118916743486,-0.00353767823027637,0.6592629677187062,0.34444251521212566,0.31205459768495913,0.4950846572149547,0.12138455519798083,0.7083159879778247,-0.07902360512622963,1
0.6637932155929652,0.9018917586834224,0.25179495858478873,0.529218556957924,0.5581820502949376,0.33383477866689537,0.7333585068649863,0.4516049942306452,0.09353352669594925,0.6731518588883931,0
0.3005254060665493,0.36745342335174624,-0.23017891163685134,0.3388595963967634,0.39169032514621327,0.03239335333371651,1.3935820555975709,0.23566918209680165,1.1336082208271883,0.4992189129243948,0
-0.16531277090760738,0.6299361139228224,0.4958907439146819,0.795480091328275,1.0539477157824373,0.6447334928947992,-0.12686989804430154,0.06918904884782265,0.04670300763559556,-0.03124257974421546,1
0.6558360418221232,-0.14955421675720448,0.8649725996176642,0.4983349347349025,0.42442676812043423,-0.2099440577048507,0.061772487518329366,1.2348267848992842,0.5462809000605552,-0.03044863860748777,3
0.6242161021206352,0.3776398346960662,0.5546181328272481,1.1181370590540936,0.1133084514874301,0.8816984545627722,0.3791631065482504,0.227835979953096,0.6632332802449252,0.47753770545003094,3
0.5702626284466585,1.2038066589664012,0.458509455560181,1.479160979735469,0.6437031347784008,1.0010746670090056,0.15591372131772013,0.8628127685705405,0.8971573540168717,0.1683836916379467,3
0.8109242459745235,0.9268836002039358,0.8099369013563934,0.923838677085498,0.653770300012773,1.0220041234636057,0.14129086919803677,0.6189986928492002,0.689020116338861,0.40380251024107133,3
0.3573924921473884,0.13484829795774256,0.9565363391439438,0.6599348579015091,0.7421102039951328,0.44177772296606255,0.43667243847449827,0.6532976712440156,0.8743483562701989,0.8747282008096886,0
0.7585678379964252,0.31884152900716056,0.8707354239403259,0.804470423624225,0.09036367881092758,0.24063032853472244,0.06609943891783614,0.17123747442908122,0.6139880595510757,0.07282760645583028,3
0.023667546008669868,0.8854406038085505,0.8587274153039836,0.7067631754417191,0.27969858526512736,0.8339880884572014,0.829112930070778,0.08858900222679557,0.4311229332203867,0.1288111324246692,3
0.4024223135376879,0.1927398617469183,0.10091644870404723,0.40256241760524003,0.7168109823102289,1.0886153777766863,0.03332508405048008,0.3393282024813059,0.2910323288519585,0.4461190466926934,1
0.6836357506172004,0.5871778212620794,0.8320094362279236,1.048291674052034,0.6144344025511584,-0.06422654182738796,0.798556750881306,0.7619523594781544,0.8188426943635336,0.29975008596725716,0
0.5594571083022902,0.15267341484705094,0.8478830658022379,0.4159345641584638,0.13001765592345968,0.8104780651142,0.7407279830070008,0.5697549867416006,0.5498514903130791,0.9209976323067939,1
0.15393995835174845,0.6615191598055716,0.29151013060402775,0.9607641875583185,0.11765950608079956,1.178808149849316,0.06817749171380699,0.5507179499424572,0.9803956232874096,0.5575574696892965,3
0.4450719121702773,0.4265009144829856,0.6962513507337518,0.05415527482843681,0.30249918222792,0.3285979937088159,0.8662222827465438,0.6870212882826706,0.7273364893152526,0.3750953657914847,1
0.4363837498456975,0.276562082320099,0.5044172379395125,0.5955348392144251,0.5629113268326071,0.6258154897602793,0.6498908587223332,0.05909279965676302,0.6689544215214527,0.5269677788655489,0
0.3698337396997856,0.4064596189023504,0.939496701685016,0.4750700858437394,0.9267758755253565,0.7340234108889024,0.17103121538372032,0.39944586465778925,0.3288651850382517,0.01854228289139382,3
0.8477097305962885,0.08074376423981176,0.47729555169348226,0.5139710156283864,0.3035338637605616,0.3158848373789522,1.2981943836527912,0.5456296012135329,-0.04523722988968282,1.0429838743541613,1
0.24214583790192296,0.10674254049406619,0.45502490869154555,0.2853879272630524,0.5813487162079066,0.3297467538297068,0.746454415628052,0.3018446280885992,0.3185825572639485,0.8190142991035809,0
0.2121331734153007,0.6972787902049141,0.4940183068285458,0.9920961172378766,0.3425546973305743,1.0403704027361014,0.11709137447717685,0.7417679798732503,0.8908153403122201,0.511157856143672,3
0.3867204159091721,0.7422500386848416,0.8745620686055395,0.4968347412244509,0.09023612693293645,0.5265463126215307,0.32195425913582637,0.746479076021699,0.13535795270123238,1.0303416279877788,2
1.2842437452490976,0.3243941549809428,0.5539781628882493,0.5805968225553183,-0.012138595149507547,-0.6125244328930959,0.9090640037024043,0.1566320337832686,1.573337270039084,0.7725150353888222,3
0.8603761042650183,0.8563628465029542,0.3557783210261286,0.3606002224466592,0.9778460731119789,0.7606092794981523,0.3897441724860509,1.01085039620995,0.8118523942664148,0.32929196182899517,1
0.5253031508100496,0.7582429250269085,0.35792933238061986,0.5400425411341817,0.43245462694349285,0.264331990985907,0.7294622463159928,0.4443216904615266,0.05345887404313175,0.7656877850771394,0
0.05874307396333049,0.8233653672032998,0.7682777896823,0.6279612195103353,0.21710498812526788,0.883288193443319,0.8008274854625437,0.1454140973897594,0.4705467774312869,0.21386092350693658,3
0.26138694422776215,0.43385661054245106,0.7611164164373386,0.3123881398146084,0.6762721273586897,0.5811907980848667,0.3454634960188956,0.24522065707391072,0.3197808162529335,0.5722655060656414,2
0.18449643515701056,0.8097920873346162,0.1303526617407935,0.6635532491782515,0.1561834207256882,0.5896474705276211,0.941459996302233,0.43701353721237934,0.41385302392661455,0.9269482440985454,1
0.17581811637197356,1.008524399176701,1.0423350214702263,0.8572358458755368,0.15659505313550776,1.0421275529118224,1.1112419176384511,-0.0234020945145674,0.5353767671452699,0.15657709650168317,3
0.2738601859219025,0.42788562645324163,0.5794760157316896,0.9154158903258874,0.603851545865201,0.4918216860766511,0.5774604415414301,0.20154073817621904,0.23815358061604,0.20654318320937556,2
0.7519245535621438,-0.21886377005653432,0.27207588245793957,0.6287325589717635,0.9674593137110029,0.40613420379036397,0.6280130643354773,1.0064055519241357,0.7205816572399661,0.7184899849489941,0
1.1265184666221084,0.842316176748665,0.9647087607259007,0.5757320464795892,0.27127700620495826,0.7337836765876882,0.5293011136567022,0.5451772052816909,0.4189408732518589,0.0417161438333537,3
0.08613282673070524,0.159129324083632,0.20269960153764252,0.10902517362416184,0.6877560402576849,0.4287968227333073,0.9498848496832766,0.6039782493992392,0.4938927692639633,1.0709755941128403,0
0.2738302636727211,0.4262316383584711,0.5890749845546305,0.9128620120998197,0.6081125584038778,0.5027476015826502,0.5805575757282364,0.19351298118903476,0.23457606933572575,0.2040265180830719,2
0.24974817610352187,0.5840750528191273,0.940333364564417,0.023250432128146228,0.41871150062594326,0.6897475087260168,0.13671008988398015,0.408065442416253,0.11063803621562585,0.8128462974714307,2
0.5906808021354666,0.02468912376316607,0.09588542622766605,0.02079709341127085,0.6910359258992484,0.5434413389444509,0.6277076749144823,0.11516878296231056,0.3308610260779342,0.9356543534813152,2
0.9018243926572919,0.6636686321195806,0.1438984319551815,0.9434842559384348,0.8255983499664441,0.10855408718765211,0.11792508003859237,0.2770937530262631,0.4028205597296256,0.162056857817297,1
0.43053146551622906,0.17311919084098604,0.3671413251836292,0.6907259797601282,0.6622903052990049,0.4860964170275884,0.7409125207454619,0.04981088380727551,0.9133787073704833,0.41220390335507034,0
0.18603843777338885,0.2915940041810612,1.0518359888481332,0.37793966540103757,0.775289910564177,0.845897005114824,0.4000003371909998,0.6200100062214325,0.2685205909553835,0.16376930798454442,2
0.23466382357248844,0.7644397000751849,0.5671862835438106,1.044166670269228,0.43190603926678217,1.125495531741042,0.18811852566941456,0.7562078816197494,1.0743566663135704,0.7152417024244548,3
0.06549347053284421,0.9313681026740898,0.8164379704542946,0.7364598718892411,0.30688006368169185,0.7841828952100636,0.7921399748799356,0.06914708034187293,0.4384056026920428,0.0847811130138195,3
0.16037624089351765,0.7877376675143101,0.56135148441867,0.9164710783310506,0.15115993872054745,0.45664944849538414,0.6966086793329553,0.22041803396287696,0.3833416109691429,0.5383095821402284,0
0.8304694001686433,0.7695778703751761,0.30651726294725573,0.35381706529925033,0.875607624298114,0.7688674159552915,0.18058288629825425,1.0168319460276292,0.7749053473633214,0.3018353425573053,1
0.8098322884856636,0.41500536913844194,0.8642664989498511,0.7357096821151491,0.09852201953960374,0.2940409160926059,0.07029246044393062,0.22037822196629553,0.5767313818456923,0.17526779953823624,3
0.08738708096993744,0.35826800519831226,0.7450111067489065,0.11626863684217192,1.0186661145176519,0.5220055023854602,-0.2740705445041313,0.5407505327745192,-0.3114620695262507,0.27920074966696334,1
0.4460942332960059,0.2764069658627106,0.07233582261769139,0.36671830129783256,1.088170525697889,1.0336534433353313,0.04106544203631583,-0.08498129079308081,0.3591316884166957,0.4007621580138482,1
0.6451346971256133,0.8799947342126135,0.2702615147719523,0.5069265665171345,0.5511599055358924,0.3083673888189064,0.724353754754307,0.4795191219123563,0.0602762178416119,0.640596659762487,0
1.0715444826707683,0.8191616541626658,-0.30529751523839277,1.1564216451495049,0.24050251219554478,0.2055922795379736,1.2461154780127268,-0.0545839022047136,0.8953002117616775,0.24546003091289625,0
0.12523927361975312,0.3078082348161008,0.43097287471164597,0.4814549904886373,0.6543995621756667,0.6758329147170243,0.048176187261088924,0.004947737015753739,0.2779620834389544,0.23528528780691882,1
0.22191761426546272,0.573761106476615,0.9241322183358736,0.07096668740714687,0.45417448508108643,0.6706361372744937,0.13429462179078028,0.41606002835345146,0.08073867702940477,0.7955995681020418,2
0.16469841585922115,0.3230497574973735,0.5695745388845801,0.1146235581552762,0.7472717615921205,0.5561176456687487,0.8201376930338483,0.5027111803788022,0.3083924794291879,0.5859639910229316,0
0.2783399504805866,0.885853991189212,0.44171892650389366,0.7102997013845255,0.9904908369878407,0.2884727933096089,1.1708609607692404,0.06113965758694512,0.5793972330251844,1.0843569792031107,3
0.7266800438729866,1.2468716331829293,0.593373064051133,0.8862788921222915,0.47554378468841546,0.9201176468950749,0.23032963540914003,0.24354274153192979,0.8166795453845866,0.4360274746543045,3
0.7865112287794546,0.4266053072949423,0.8747611036062537,0.7133523963363307,0.06879747836218149,0.3257835220039227,0.011447461469007093,0.21571263006404645,0.62152261868271,0.11936822331641088,3
0.7490828025849438,0.35773523033358884,0.9242849334750765,0.7685428489509161,0.13654402236486177,0.29083532317725824,0.009759163338569314,0.2362962396970399,0.6517698928420592,0.07638450093413353,3
0.4749593665015266,0.7934170012382249,0.9755151480647334,0.7516866974493185,0.29832588044110775,0.18034587177478054,0.626886675457364,0.474197094492404,0.17428400520761775,0.6399439716805597,0
0.2767568500296734,0.42475509436418524,0.5880298046942886,0.9114773997750778,0.5985249313790468,0.49723126669883216,0.5785478376966632,0.19719540734654498,0.23493599674741256,0.20601567660947373,2
1.032773892484101,0.5031105484005203,0.6362081536903859,-0.2772992890847357,0.8017661289613307,0.2547975805387983,0.43416092807624673,0.5701593890572749,1.1857575567675271,0.6368158642546031,0
0.757449682151619,0.8502617561902274,0.08209575831639036,0.6406170583796196,0.8855554964205228,0.3979744101404611,0.10606285510529141,0.7144571710471596,0.9005536189490676,0.44127967323948636,2
0.6422588452935699,0.358355006990051,0.98538829842552,0.1943622744678566,0.6391871547716265,0.30388674338860344,0.8969336886626764,1.0863291344007366,1.2314723832801031,0.6410832330900839,0
0.2521272488712565,0.5821960953390352,0.9453063116925817,0.026647579824317123,0.4227982403601893,0.681284753435632,0.13822890881632144,0.40218236854759976,0.12026718634850696,0.8195022310530059,2
0.4921626655288715,0.24970725494189666,0.7405282620793476,0.39399744771860623,0.051613524901791455,0.792783122649768,0.7042754607808261,0.6408915586290953,0.605281584497058,0.9123737248571854,1
0.13924669024526962,0.7460377581398226,0.37777189291677465,0.6580466197813023,-0.09183329516459648,0.5011893177764603,0.9790611867930467,0.47123592914990664,0.5595064356720952,0.8639108962604913,1
0.36765117095885275,0.2789235209238932,0.8514330629145912,0.5437235798979603,0.7527105913910075,0.4333400845093204,0.3536533763835901,0.7183835020662306,0.7747709170005405,0.9895175035691556,0
0.26097768145825234,0.40927015404195294,1.0524468863469465,0.4661568324632006,0.7098338429274548,0.7305006655387657,0.31584546281520465,0.45529041028492057,0.4093237595948716,0.10011865620075948,2
0.6649395006066925,0.2536049723470666,0.2296689870088057,0.637016301905467,0.5105887216592225,0.6306384273424527,0.8244135005212607,0.07076475206087379,0.5294630276274183,0.13175301833739636,1
0.3527937546811833,0.47063395660560675,0.5483699488938094,0.045968706082568284,0.3507821687772508,0.2572566788728156,0.8110979416801966,0.646482162047509,0.6724300973335896,0.4636077646634673,1
0.9476090713173797,0.3554203425743777,1.0345867830943773,0.5769840208398143,0.13083591287956858,-0.12630601005709052,0.8080937193625447,0.64227750164769,1.2061396908811186,-0.016689583386602758,0
0.7554771258138165,0.3282120714052299,0.14047689336975758,0.5036511555739489,0.23093367877452486,0.503207128028285,0.4349340904922371,0.1424881579220607,0.7876899191762106,0.6795914667411856,2
0.5751217954151315,0.8883385758657634,1.5931559337604044,1.4369579551940588,0.7411377881693134,0.6595644780093157,-0.5260645977609764,0.6853208073256041,0.8021227313344341,0.4211085691675803,3
0.16347598073212388,0.9406354113481123,0.5775163371815225,1.1002027916350827,0.24460724801656292,1.1129416380442823,-0.16654202041002888,0.6427760664451471,0.6883938716536941,0.4321386284099275,3
0.8017049698984602,0.778611493519275,0.2601569759072649,0.32287040911405296,0.9102062802718468,0.8017850823873661,0.29984085952236755,0.990885735466134,0.7696523661705625,0.319372566555139,1
0.42894346515003023,-0.1695581435600333,0.22583021325677893,0.9420367464803596,0.8019263287844225,0.3509575520537964,0.725262775751697,0.8412604857175715,1.1884765541371864,0.4053550669043627,0
0.23216004534123824,0.9725096746626747,0.7541085092245279,0.5429482996994718,0.11950457825393673,0.34120057325968733,0.720466101692501,0.28312224829709864,0.1275885124694333,0.49581163471008644,0
-0.09410937694913601,0.38451707548469233,0.44313698476445007,0.39470467511619034,0.7587566815681522,0.7469501426726055,-0.16926715911388912,0.43239898382502673,0.42265214675574836,0.6629688650339475,1
0.2708406940153402,0.433244970639742,0.5851381986313564,0.9136203948268057,0.6104855308412939,0.4957903876892753,0.5766333941959314,0.19561756026113317,0.23853392190010933,0.21133748525745893,2
0.28182518216757335,0.7777724807183428,0.11380393803631388,0.7935830545272199,0.788514503738943,0.9394800326330189,0.4043264428415666,0.420320867377751,-0.038780568158548356,0.4217547441307068,1
1.200811916290215,0.5468595195013431,1.0399290113327981,-0.1172311343750001,0.44107935987583224,0.5055558651819729,0.9894416220853017,1.1165336622936741,1.3045000039284242,0.4503270170332195,0
0.7358591234608229,0.3125662047216433,0.10110971920960161,0.5207233340860935,0.2853001541893476,0.4823378569931007,0.47573790864571475,0.10325277730902721,0.7469658240285311,0.65946713070732,2
0.2781116693452566,0.42572484464462573,0.5831170200733323,0.9173594772132394,0.6019925379191864,0.49459750559980775,0.5767391973575418,0.19910658344844626,0.23658677786325638,0.2092716997985152,2
0.5828509174580442,0.6454867306549474,0.3755384796010697,0.4905931911004009,0.7568144883831437,0.48682543631052033,0.8073614873539258,0.49542046924638833,0.24060621582633362,0.4239888550636498,0
0.7287662145852468,0.24901789036036295,0.987793778214297,0.36746734887277765,0.8085950537967738,0.4503264782152545,0.1665134758254529,0.5775664006598704,0.37245689255818737,0.3392635247215969,0
0.656088570487549,0.9109889807804601,0.2610624291041531,0.5240387559465352,0.579055994646145,0.2998336827970027,0.7555100912425681,0.4488093140067707,0.05490285485854796,0.6768086562870661,0
0.6374442077615576,0.20631771027429555,0.7194703508208725,0.5447761103718258,0.1642121615556023,0.6559986086535078,0.668129762695469,0.6328451571193361,0.44969312568996656,0.9541819153787198,1
0.6560173194323915,0.3655852359042133,0.4079447310603667,0.6716917906535731,0.609317908845056,0.6000492894545354,0.5732012144727616,0.15728681014479606,0.6800806846627123,0.5341903822350644,0
0.709228729803878,1.0944671521900249,-0.13573066933336103,0.15767978809145733,0.41357040735178585,0.39708384943427816,0.8733903257831005,0.08715390579827703,0.39696906694847245,0.22196890123306223,1
0.8343559621487013,1.0398740457187912,1.0391961992682726,0.9451047985367279,0.6562395453326014,0.9940463868720356,-0.07649761931002991,0.3406439509577014,0.7205310374020549,0.41611871022369396,3
0.03924911868347031,1.18825266695939,1.09438967498276,0.21169652800342748,-0.03849029509157417,0.7812438664736319,0.5686587535722245,0.8531195360942979,1.1345447020354213,0.5837585306130171,0
0.2830473134328301,0.39124617587522,1.0295938441429884,0.4487485553192135,0.7329685472266836,0.8205426939876671,0.32014534840468756,0.5583649165295137,0.3888822210912398,0.1786814017504037,2
0.35593323801984755,0.2305023442954752,0.8502493478864369,0.5711067723149251,0.6765473275651213,0.3896163652273699,0.34661738080524473,0.6819856410895043,0.774632758122231,0.9849255560162337,0
0.3573428135957334,0.09968678777042714,0.5284687008446682,0.4762970164042747,0.814735681662215,0.42362060594696416,0.5660478678144214,-0.0014492377239130327,0.6196153712684862,0.473387925066427,0
0.24203111072192382,0.4690360453857625,0.9806683314882734,0.4519702033135839,0.7329296059427037,0.825769857158363,0.27062730931870144,0.4863928037562364,0.3257720488920657,0.20464111923324754,2
0.12058941857967026,0.34696758668398986,0.9626274016756451,0.16995476628211167,0.5864854321868251,0.9638882707112584,0.18235331101768612,0.5983356921112086,0.3216241093080454,0.16098749834050433,2
0.6686148858134386,0.21993492630367284,0.17248848811330755,0.6399775802494401,0.5051189059853816,0.5847813431504623,0.8071995989820929,0.08415404064021348,0.5208181343979597,0.1782361340526907,1
0.6364103973334984,0.261494531190826,0.6650745566721619,0.814074472227539,0.04163810236843172,0.221271228086042,1.3481537570826627,-0.08071688698280688,1.2051582662659475,0.10068099966121419,0
0.27811359457619145,0.26290762629145387,0.8050942191041415,0.6546315269808969,0.769789499937113,0.3555216290788759,0.3030929654740783,0.6620482782139993,0.698426484221275,1.021761031846903,0
0.10883073442990505,0.11289722585996156,0.34187820319012524,0.009628995155366086,0.8117151799388881,0.633924712877419,0.4767429312365829,0.08551611669642877,0.7945311913570396,0.7147680292868733,1
0.9576341756048657,0.7457061765052404,-0.08766975926093884,0.9046668397872387,0.30603633612879483,0.38227757992411904,0.02884891391622911,1.0151517771823315,0.7874681275454042,0.5797313144767079,3
0.3046801873379635,0.661713545531571,0.47527245827838027,0.3419643585163271,0.35861029159098967,0.6978218244838836,-0.02474587706879679,0.08073476022893498,0.14758386877281332,0.7612756091473162,1
0.6790532798493094,0.388366848869311,1.0192978786055518,0.32568057827859126,0.3122967924988678,0.6605482621812304,0.9900090284957348,0.5861548653934898,0.03991865845109738,0.9390993094463036,0
0.5973783115285967,0.34239398326399906,0.16228372395133892,0.6279305387939751,0.49514237097825553,0.6189563547404237,0.6978882242162785,-0.06851736972726806,0.6180863597041146,0.21891913305027894,1
0.7338932832824516,0.15309588676986746,0.44063656088822933,0.8015973437962076,0.7738486479737803,0.6811934324221244,0.04963849347108812,0.12693856788132904,0.16827185101046757,0.18613505328491328,0
0.2774403516293118,0.42877973474441344,0.5829349231258487,0.915497741783741,0.6095358499958278,0.49537705986682046,0.5783528466724763,0.1975968257709353,0.23644585158007417,0.20562600672933348,2
0.7000641248793417,0.20442910457770663,1.0076442288147143,0.38367524243054846,0.8194999337526143,0.40360085344020896,0.10974108965288344,0.5512417186803784,0.38258751211911823,0.2781092410695739,0
0.7979130407951178,0.7810950634163425,0.27404850647375323,0.34408351355342776,0.9133283869054819,0.7630664477588758,0.24842173448828533,0.9938117145443714,0.7666181360642311,0.28504274933492557,1
0.34001111529703565,-0.19895888797282768,0.519094424364924,-0.007067421418197439,0.8422091334519852,0.5909492042923934,0.9969071868868469,0.10766302199541816,0.34331002033855645,0.5492119331475851,0
0.763878620073401,0.8687375223796896,0.08592878553853311,0.6498480178014276,0.8633192406069243,0.37862275551367935,0.1050542923856324,0.6979385299048754,0.8720477227514585,0.40330932791378055,2
0.6965279303723811,0.24067360651241274,0.9799575114131038,0.38482770656622484,0.8073344331644622,0.4389835244194348,0.1261901373186257,0.5973732393130912,0.34644401630287935,0.29738794491450143,0
0.8108980596615438,0.2225012384159085,0.9271755188458579,0.7057266170544539,0.2666310408626874,0.2106194830911427,0.07736061412370772,0.28720659339822313,0.669675646936742,0.061435695491887404,3
1.4380050147131112,0.4128380317284399,0.8174368904286842,1.5023205057916842,0.20506076381309601,0.7336884605576395,0.06940041648349024,1.309336335612901,0.24925084997362384,0.6756215914244963,3
0.11055262434261504,0.2411215195155012,0.2973131106248081,0.5989489601037015,0.5879996528910328,0.7153745500034678,0.23796205996400793,0.3874848342703967,0.07598752912502,0.22638171151712494,1
0.7701225822388178,0.2917112820120219,0.9027602123962544,0.4103293663491365,0.857894760359957,0.4453276448963352,0.1771094251401784,0.6079076390828713,0.34327472866268605,0.23694594173737843,0
0.6733718157164776,0.8885283919343658,0.2423189408813541,0.5130540418705337,0.6189387751296427,0.2856290637615786,0.7874389321062449,0.491102137694485,0.018100535408344144,0.6943252514017997,0
0.12782080284843023,-0.4253236221266734,0.5951126681594225,0.7085715605132945,-0.18110515209118655,1.3232326405577042,0.8933439215120726,0.2242720082250919,-0.0855867198200908,0.3292625382946154,1
0.28960549053852264,0.4648072940085879,0.8744647433734352,0.3170680943859823,0.8118910297979575,0.8635262110805375,0.3435473703606692,0.5094902863837365,0.29151048827164255,0.1297562607759005,2
0.3112522932964283,0.23270575652065553,0.7974325133065746,0.569485684944722,0.6754698064370005,0.37077728364259976,0.2954559081479276,0.689445091452976,0.7189110109158805,0.9497994525553229,0
0.777778778265028,0.37432007214320107,0.9003177525404434,0.741293247045739,0.1127079791119704,0.277099407587286,0.0001600390321953259,0.21494194726478932,0.6356739635530998,0.0969814496544618,3
1.3480522456138164,0.7153905082770213,0.8112957168428708,0.7489016707313889,0.3635696942730613,1.1073384614972932,0.43547822893853966,1.0211392422121088,0.3669009226868636,0.2640084186044735,3
0.6518414947282072,0.0619759588474119,0.49049277500682964,0.7881363643742222,0.8145051989044525,0.7124525272390492,0.06293380340250175,0.11171832657465516,0.14228968933414876,0.1533195307291323,0
0.12126272439717495,0.22081110617281102,0.5680294007685887,0.34189329056527606,0.47599070707088675,0.3950655614207035,0.6214229114950839,0.23212690810181882,0.23292146685821064,0.9088906424242955,0
0.7895908094424204,0.3132551738946678,0.09311853743838389,0.5770752306966094,0.20830407335689252,0.47159355538406766,0.4622162964738896,0.10365369964138488,0.7931753479677257,0.6210234487499532,2
0.4318191283233168,0.3872071613121153,0.2440612180159336,0.765115158383896,0.591730514897292,0.7998751941978285,0.46124368328566456,0.3642656981557707,0.9074867807185835,0.27901369937551534,0
0.7606175342335291,0.18038273293485693,0.9286186963074097,0.9868100424919002,0.9736699975948131,0.7924687163437306,0.5730734321103783,0.769469635591741,1.0748079217036943,0.09137290180740773,3
0.5233699546516005,0.06331393028782817,-0.3783168683648939,-0.47585830273633045,1.08509735677295,0.7618638109941831,1.0929756075450985,0.04975129451883436,0.8702313740763556,1.23371401931193,2
0.851957252911357,0.6786019103423881,0.8605763378153215,0.7789951326810256,0.6221869837263816,0.8077566725117332,0.19477553298758785,0.4051247173844533,0.7392167484210586,0.5263246774368652,3
-0.2804919538621994,0.2794115001792746,1.2831444841159367,0.26342115796473753,0.16724237417916407,-0.008509065459960052,1.1061116911915883,0.42967898179747765,0.8076416135178984,0.7487464507157853,0
0.5447477733662124,0.8732067798284942,0.2736091561755908,0.539093535382428,0.574804002046612,0.28336414259998777,0.625927423810082,0.5569265411301019,0.10561100423187775,0.7258171438516641,0
0.9530366851971659,1.6216350285991403,0.5638427547825005,1.4413888033965985,0.10285771159463061,-0.25603399581659025,1.4432202075458418,0.43879623710179005,1.6174136721165173,0.8886096616470691,0
0.621833897263475,-0.0382345733177791,0.11472252902061633,0.08389732577127235,0.7972078406937576,0.6123623135022132,0.5630071874761784,0.1279651756267359,0.2759103400393563,0.9788903891229375,2
0.44777608608173786,0.3813012652461556,0.36564087972049536,0.7827733547565332,0.6246462716684159,0.6544352574285711,0.5319051044692076,0.14443685352091543,0.6617167508227952,0.418997232221482,0
0.6970326760639903,0.2520074311958199,0.969960513758871,0.39938610995423324,0.8237437127950812,0.43901833632217385,0.11090542906120066,0.5840895040500312,0.34488276996225226,0.29796843082327296,0
0.8468385642413399,-0.009055098796059667,0.6968335295964584,0.6075935946684253,0.7178670784805498,0.07389904653126916,0.4147341967857595,0.9718758351556357,0.4503546003600787,-0.02101226254008018,3
0.6927639508269215,0.11531089328044537,0.4689749603293248,0.8751003859421462,0.7034154573968758,0.6129940537288733,0.06646296453365567,0.07295692224696788,0.2490527668826253,0.13439834312622478,0
0.6705620335558446,0.342439438778395,0.6516009705726293,1.0894297175128393,0.6029328970418342,0.5710501070932361,0.6291432749063314,0.23968657646388788,0.8709828552627648,0.7191546938290782,0
0.38530448735066375,0.8300059308284637,-0.39923014577273563,0.6111093836008449,0.9412934679992366,0.7608147886496115,0.5800749106363832,0.29417132529399265,1.1580622583738767,0.9345132453724911,0
0.2856359243812233,0.43649892599171736,0.5820568433703377,0.918699723164142,0.5923854199515983,0.4885773149499194,0.5934401728299031,0.21249201643868793,0.22466598952822814,0.2142698215070476,2
0.2711300407459357,0.4306658602715814,0.5833767506984681,0.910055263764658,0.6090268862530918,0.49118973166187385,0.5791590136700142,0.19630894366185908,0.2316773802721981,0.21141626677123437,2
0.13704859410567258,0.4005693348398489,0.22083628554709495,0.7531265109400646,0.5153141121654404,0.9269029873053926,0.8864077926814224,0.37011629970816,0.6784176925556342,0.2960578753246414,3
0.38026994815768367,-0.060871720873790724,0.7740643611689136,0.29957933766446593,0.7619977948511626,0.20024445040264682,0.1804500101018866,0.5725023160691813,1.0245874326396818,1.2814135772305981,0
0.5043069513258672,0.3346880039200252,0.3306369190636965,0.6357328732184341,0.6036583002368363,0.5827751174989535,0.7015003540307628,0.1460248751344975,0.8655487731652601,0.499643564326901,0
0.4464199505351703,0.7908914548313641,0.21982807284889058,0.8035782819880499,0.10004118316417408,0.3792403994631232,0.8987994934835737,0.223835696379575,0.6771866514160285,0.7061711714962314,1
0.42406144439743854,0.4682670306761352,0.6034236123221343,0.11367398386767258,0.3638863308013807,0.1748460107837147,0.749242536044788,0.6268667786508715,0.6875005700339474,0.4804128477069472,1
0.7927955068136768,0.7350244664365939,0.23943856816025005,0.3369753083173581,0.9165249266719925,0.7634550791655004,0.29157405480906734,0.9690270813208639,0.7941853799635094,0.3100341241134422,1
0.08907833487812866,0.3241705679546926,0.21397212249192538,0.5287323636496537,0.7594100095981879,1.0114243099218783,0.12242055287295373,0.20027805596086332,0.3112442278979408,0.5281767983949339,1
0.4526819307406363,0.6421774326633154,0.8236893046691168,0.43613992654124395,0.0631043618421166,0.47081414552941503,0.1820265446192928,0.7425553212617026,0.09267333675698974,0.9722637571476823,2
0.7714739200055735,0.2868233608297444,0.05067081019152923,0.5874952895231553,0.20583789782882764,0.5163141192166101,0.49260423260128017,0.12608374545973072,0.8313151604384792,0.682117696624752,2
0.6242106899905286,0.3870805012126339,0.28438251305673623,0.27847736078966245,0.3269678743781802,0.03117193534456003,0.8712562652171199,0.3993500495123913,0.9154971229013706,0.7227727263843831,0
0.2725759940242314,0.4259263223489096,0.5778300055808551,0.9149243808001094,0.5998709410561388,0.5000565366315227,0.5740532903716011,0.20215040775698473,0.23401172870178513,0.21207978153221024,2
0.4938802773747287,1.05954780645199,0.7566103170909703,0.3309556857593369,0.13207503919738423,0.931828694585334,-0.41252825680146704,0.08317343351066905,0.23704440702420979,0.5652443674566077,1
0.11453919655665555,0.4192888621634602,0.24490059204318163,0.7718686029276288,0.5795095952064777,0.9648307569522072,0.8528823100352462,0.36840966999130986,0.7256304010131608,0.26375229663834104,3
0.5307758158576963,0.2746639090187578,0.35039672611034633,0.6533214157957492,0.6022269939688303,0.5065263536727842,0.6754916510716549,0.09132609546961769,0.7339870625958383,0.40393091447031854,0
1.2113290783133253,-0.388169175551518,-0.24151540481969136,0.08331937163296982,0.05313471208003667,0.1690343450694719,0.9911690109629459,0.5569876976089396,1.392418521247668,0.10510625675854657,3
0.22678035051490297,1.0258390108857756,0.5605300626788071,0.44152902316559445,0.07372977132002156,-0.10021140718286126,1.1129206613848721,0.9839936662712279,0.17110720258883086,0.5072171031586536,0
0.19608650775628095,0.43134280733726565,0.1975422547764349,0.7732987397069224,0.5133738788002321,0.951337813021117,0.8834106621837299,0.4186595378549342,0.664416986816027,0.25558098943916485,3
0.8603429475802536,0.2850056985877242,0.6386067864077903,0.9811594292493744,1.0836080345821695,0.565964301005103,0.6891383950358051,0.9578908492300771,0.9081374852354274,-0.14279604196614443,3
0.5041089190146026,1.2642230385825652,0.2980329864555288,0.3147852473222137,0.6312445056710247,0.16060213185459588,0.6752102251189642,0.2428366041059593,0.334271580374906,1.1674151297822881,1
0.7471789547211889,0.8508731508923132,0.07181921606509001,0.6450455249893626,0.8772617821594757,0.3998967666351451,0.12315708060020372,0.7108592768218704,0.8968531080008663,0.421243659812884,2
0.2721373134135064,0.4313204856146138,0.5856017643145365,0.9183044718683765,0.6083269292237831,0.49816176761601116,0.5809981756529421,0.1985360667293139,0.23322024880624337,0.20878353598018298,2
0.5183469383830619,0.8428171122138481,0.6422370582839102,0.40241727251870885,0.40698403271181327,0.6692743493569598,-0.11137206090614611,0.1557387433536533,0.2469891589973013,0.6223647394362525,1
0.08468394716039698,0.7589523812959218,0.8528394734499697,0.5086869169597465,0.39328823445398875,0.44412896439137717,0.676210732028173,0.769853469032219,0.13804893281633368,0.8968429601717539,0
0.7677984799761964,0.2758004406719158,0.09604949543789593,0.5580868264113971,0.1745202802796529,0.43333574111541173,0.47047875965600094,0.12669507774434688,0.7266827262739478,0.6037791865813622,2
0.7435321437168041,0.8547894746958177,0.07856950951871251,0.6496357218283971,0.8740818719778795,0.3915658954004999,0.11332028256007937,0.7161052526885001,0.8931576707136402,0.4312006274122402,2
0.29467585609673486,0.8097940934612882,0.8765370242847311,0.7698435268716228,0.3983382716825391,0.009162752884000133,0.7944449120205648,0.5282920267446498,0.284045325268808,0.7145498287207656,0
0.28382772684220536,0.5851027336203303,0.9376204343754323,0.00035862062327983446,0.4173715593479052,0.6969714562048607,0.14436988557817743,0.417502210646773,0.0805364286438875,0.8282049995179883,2
0.4797292228840877,0.14888875222901793,0.6819788935894107,0.11849393579036302,0.6977050350102395,0.2107838012823418,0.678463380883805,0.29659339894989867,0.30617258354424554,0.5653458281902799,0
-0.03857266276074439,0.8854160501078984,0.8525632828950075,0.7222878261279811,0.157569862437047,0.8194694698163686,0.9149847598431795,-0.05288881468547736,0.31751225309374115,0.012291911400374722,3
0.8031293692648718,0.32845994564598524,0.08693982830234824,0.5394035241921675,0.2330023623542185,0.47810384944600076,0.4794286016332515,0.11014250631919947,0.7673353461011402,0.644973067210022,2
0.2715824576685251,0.435740519845911,0.5884742048022972,0.9109100168695237,0.6103620414409688,0.5019257737628344,0.5862363072960085,0.1920166890894579,0.2318661231259398,0.20581657624837751,2
0.21319043494336432,0.4257133671760522,0.3194595133317279,0.45685206578609366,0.7410181510867813,0.8621553074228688,0.15178150585452185,0.24862656511017914,0.09197545929264997,0.32646716827991085,1
0.31332355060377975,0.09726861086707042,0.4879323396897478,0.38411222498067077,0.43290024154831264,0.20098641601111084,0.7363206931901103,0.11543067938496843,0.13726877262970671,0.6142565513633841,0
0.3841669732471249,0.3996908059288098,0.927650494347513,0.4426755036533998,0.924439422005843,0.7597461950580293,0.177506655728855,0.39117702297107293,0.33274171154702853,0.049949986509882416,3
0.3564289345262138,0.1564744557925465,0.10346823438884772,0.5842416451448712,0.3516779819079283,0.3335487359617447,0.45454441079851166,0.18836644030928962,0.8583823829846556,0.6833698017536746,0
-0.017743377453213027,0.35419204020890876,0.33808225729367214,0.06871129493939826,0.44043929139971266,0.08158200598622939,0.48981380435134714,0.318544975859339,0.18362852128090595,1.059253367372071,0
0.8880968621738392,0.8521404377766421,-0.017686282067945147,1.2162193707756475,0.6928393798063361,-0.13039498074431705,0.010509911337613274,0.5088765173343448,0.3199258901849992,0.08327892058897303,1
0.6389376079463446,0.8802900560880721,0.26195901099124586,0.5074526224164965,0.5553009703384876,0.3105541528200417,0.7257766310802026,0.47465745637580664,0.0668716367455609,0.6468047750221619,0
-0.0485397048469714,0.50089631221173,0.9254823947617227,0.2740800773162348,0.6488171779667266,0.03409622075431801,-0.039926952230228185,0.5809666095172012,1.097551036057507,0.6091097275141355,0
0.691347003224994,0.2423051416969965,0.984057951058535,0.38703813051156416,0.8097899432593746,0.4449077944397035,0.12109545499167079,0.6013863153309059,0.3523215724167175,0.30035583795914755,0
0.4320566753305569,0.5891460874343518,0.6467616047419622,0.684432008391244,0.5414979028974338,0.8108154847088205,0.24335841252838886,0.5071109899163522,1.2063250822837175,0.6525952598293877,3
0.4155676232969582,0.40484298113148737,0.5408813845099942,0.6901628437931916,0.49033923033111154,0.5536425799925652,0.709868702018079,0.1573906195564015,0.8182133301934831,0.2961329833266103,0
0.15771005214358724,0.40732213955300556,0.22386459937087136,0.7721129490052214,0.5272041580191277,0.9166927736197527,0.8683362975488741,0.3872941157615843,0.7006095090037083,0.30258118699292774,3
0.7706813902076741,0.8284197488345579,0.08114338492062759,0.6641282970325461,0.893010271081489,0.38755082045605255,0.10012272032704975,0.6995684526675584,0.8742156128576397,0.4318343438140436,2
-0.028575469666359328,0.9039518845865822,0.7236136761987715,0.7329389011771764,0.3921317696807867,0.8912472819681752,0.9096835397124869,0.18802007879576893,0.5241300201546509,0.2274540516101399,3
0.8805741422347009,0.15174365565165085,0.37897113800460647,0.7459871191653321,0.726695837675665,0.7257814286553657,0.10115067239864278,0.05039716383459315,0.02313623039779708,0.1435058571701642,0
0.08230606255618893,0.7632985627466389,0.8889151002176836,0.49619394213267193,0.40566203620900426,0.4111187978196583,0.6894755132034268,0.7739764458351915,0.17340323429688478,0.9147075180520702,0
1.0733916217388269,0.09604164897439572,0.5723739580510645,0.5053371991462985,0.7076835398799666,0.6328580828353998,0.8419819222406522,1.2962477350679213,0.48185518838774233,0.055089986533708,0
0.40789754445520443,0.889962136983595,-0.2788649827199962,-0.0635313345280169,0.6528404836688028,1.0600513036750543,0.7597698957518036,0.7007510351951791,1.2771174163064336,1.147886458758699,0
-0.004237386480475683,0.928260443449114,0.8179622307430181,0.710263200009107,0.2702066457901549,0.8349475772994682,0.7686575330384593,0.09942849281738525,0.4307467403934905,0.1951481787798099,3
0.23161652180103948,0.7699293896949807,0.3418447780538476,0.8474400611601007,0.1934790040790052,1.0272614420979367,0.09196190896021068,0.6440194798950755,1.0164439131713838,0.6702528100240915,3
0.5154269013724568,0.7830926724193055,0.5849283020201426,0.235812519714503,0.48568669160209343,0.29826104487214594,1.1265201263613496,0.25618240205196335,1.0616234582804678,0.31491949883547987,1
0.7855996295671934,0.7590618375208125,0.2674483458035218,0.29522445766435984,0.9094629839717868,0.7883036267819636,0.24809291509897988,0.9838500098743456,0.8221880862349193,0.336672381949767,1
1.0048115191850078,0.49768522088037004,1.0389624683452559,0.13572081158004712,0.3750783551208346,0.12757367028663527,0.860922029245756,0.9239525767105601,0.803446619208942,0.5694250902255398,0
0.8158932504777763,0.7412455034037364,0.246561455297593,0.3034319062168286,0.8857136879926537,0.7700431610065617,0.2927868726971634,1.0027689649431473,0.8101123070559919,0.29179366888642466,1
0.7958365175456353,0.32950558179611156,0.8483171626752539,0.7881247802884698,0.14658137108985075,0.3064263114626348,0.03650062759886329,0.21506527829049574,0.6766910818088672,0.09199846237099091,3
0.7567674513451054,0.8693902969510162,0.06489128697926383,0.6782045804501904,0.8957375255432701,0.38814482904743813,0.13999124236659688,0.7089611883331196,0.8863396975580156,0.43860572597039016,2
0.027138192305056843,0.8791596961673628,0.8467864504285804,0.7118746562998411,0.31326943086558406,0.8129600089106642,0.8239869730835356,0.06826146959936487,0.429970073406832,0.14122874217102718,3
0.25342230678501465,0.5788516072833038,0.9428833543446195,0.027915924362424023,0.41875406373434937,0.6818166146825645,0.13907482954896563,0.40652428197753954,0.11978693532879742,0.8160927311262852,2
0.990666797541746,-0.1434677438503405,1.2431257017815798,0.3195449212379002,-0.29878864801209104,0.5862166861457481,1.0918004175239067,0.7161705313231393,0.920990382799169,0.7793609986032685,1
0.4698655920904662,0.43229312726284136,0.8955683373856926,0.5737449501560098,0.9892808134235034,0.8348976060769147,0.08181812679699214,0.3775516893842941,0.32943360949563977,-0.1225396934636977,3
0.6064064869354868,0.9042664940048503,0.2536506699196371,0.5095777269817817,0.5250287650798212,0.3217328718822441,0.7312239864478305,0.4978521159764562,0.09739405544105637,0.6370876022288671,0
0.07386502206500278,0.34229531107403877,1.1448157873956968,0.35538710432292536,0.5399811155984343,0.965832144614196,0.23293808400050914,0.6712171971178925,0.4579925838985086,0.04670089397532409,2
0.8697751722272177,0.11579179699068834,0.2550528268128444,0.34039372262224377,0.4666557812249935,0.14772498413813057,0.7557575271944394,0.3409357065639242,0.8744210067432436,0.39293604243040686,3
0.15266447576375666,0.03740873796068746,0.5115080781311927,0.38590212764422,0.645258315381458,0.40751805621246373,0.6843554024684428,0.3037244614782872,0.26080096878223125,0.8286393923939562,0
0.2759325175804362,0.42878456927408076,0.5867546635659373,0.9159100612627297,0.6048676716551027,0.4969752608554703,0.5789573901890911,0.20024856851277176,0.23220856145149188,0.20863162500709315,2
0.6640833502479696,-0.008810039853366619,0.309773305242815,0.2492800538456637,0.8824600087253341,0.25344619986262806,0.3538735142940505,0.029148483571365347,0.4758712530537643,1.1052029887266888,2
0.5116573363959159,0.08901941201986642,0.8810112232514621,0.38946848835194736,0.02476947505201897,0.8376138636611495,0.7222014677073731,0.6243483569868362,0.44136871590105353,0.8620887781050544,1
0.3095144130636064,0.6236387296385774,0.627251739418869,0.20974993844059825,0.24425022942933478,0.3696013809468325,0.6059255037001767,0.6509264147409405,0.573949872768982,0.31507830168363804,1
0.6298618782426479,0.46229874756535716,0.5242166354632112,-0.11196771063907307,-0.005663944481911848,0.8604925416488498,0.5019175265262745,0.5655804755191212,0.06665023552609806,0.6355996483650328,0
0.8691651555615154,0.4599477537801628,0.8732960601947328,0.07066566142484451,0.42305924575800347,0.31346767004207937,0.6920296659652784,0.8435449650139116,0.9774675473205997,0.37731144499476793,0
0.8561059149590845,-0.020845363441024334,0.4265989147917269,-0.03565353069590667,0.7671611647658879,0.5174187925229525,0.7366365197043865,0.8006109250773702,-0.16087004489559714,1.4613456228028425,2
0.6569287717152994,0.37075353142060735,0.5888601675558041,0.9455747580342884,0.552308941613071,0.7541160940082965,0.6104765277785759,0.2658775303556297,0.9479209727449099,0.6622021294743623,0
0.25292557897767004,0.5747090446373273,0.9499868905108622,0.036753708670869606,0.4227359793855354,0.6798421227746312,0.13424614400870105,0.4058169950558949,0.1137070686131658,0.8231149561495364,2
0.5050469596528571,0.1588874967870747,0.5948401543564698,0.7625092013095796,0.3891608182754837,0.5253735774083614,0.2957041542753401,0.6487599175803334,0.4823019196442424,0.9987551404552334,0
1.1332134704924837,1.5683674763447204,-0.7343532052962165,1.1513348038442532,-0.13738384871754816,-0.09775341916017422,0.8051620007779502,-0.456543136616542,-0.11509210173844497,0.99760429967137,1
0.4748646437564915,0.41201108272052805,0.9618486947300561,0.5884968706559444,0.6399855687917636,0.2526929303300702,0.41757244773679514,0.691664771670307,0.6285392741625296,0.9981237730040075,0
0.6325156241400943,0.8605728859750639,0.23801186601075883,0.4704056558284746,0.5740186924763312,0.34202058123983436,0.6942337386496228,0.5073576542349398,0.06158182072885605,0.6835708531583311,0
0.04368078713079152,0.7827344332061851,0.722605524168242,0.4512639939033677,0.44817593904233494,0.8411068865917228,0.7679745568187555,0.2681806932085787,0.42559954152779894,-0.07770032081039785,3
0.3822719856969553,0.5048464942435176,0.5706032367688813,0.11671276805449259,0.39391172059000545,0.22263901139032172,0.8001670686985635,0.6641120445749294,0.7242352176282765,0.44315152478160064,1
0.7055550553252965,0.31870357766017865,0.4873767831008378,0.19239968310586275,0.4026068177597561,0.8316740171993829,0.383548246487697,0.44495747525398893,0.8222573423913042,1.2719463607912518,1
0.22363401950658574,0.37104713561013747,1.0179507678244244,0.3802321648440863,0.7246223508722852,0.777850506066682,0.3347031424535298,0.510399851725823,0.2679566580420894,0.1867398475354098,2
0.79746463584873,0.7660395543193407,0.23769498381734072,0.3227381459919153,0.9073849957552348,0.7610504515659596,0.25234900587109577,0.9645489496542788,0.8052270426101016,0.29409647263905164,1
0.3112114699470338,0.3438821717093372,0.7480918750958743,0.642340727064089,0.7501481299752432,0.3501229790826065,0.29954761914574446,0.7548351899049015,0.7513905509656632,1.0413597946160973,0
0.7472888279885597,0.3702226758690118,0.9050661519002232,0.7200247913470995,0.12425320461031532,0.2880689974206809,-0.004274039738748464,0.2182690279032228,0.6436415657547221,0.08636714762308301,3
0.8418665178593244,0.71341560393226,0.24580494899603061,0.30594904379356747,0.9683643926769323,0.8314818876261456,0.33233428323179426,1.0190628689785646,0.7305130555887467,0.247709885795844,1
0.2534991087144439,0.12963575070402897,0.43249112770091336,0.2767991178058363,0.5576174857798755,0.3279272355939764,0.7374694867180244,0.3354754732114487,0.34241373011159104,0.7891223533123023,0
-0.061900782189053816,0.6095564821166306,0.9291448461513463,0.6429860330514741,0.11244221132592616,0.535618711484017,0.7248768187766064,0.17479643551667584,0.3020790690576326,0.127379499183327,3
0.1239804723543853,0.931683064252741,0.8580909671714947,0.7614234468080828,0.3256734528999801,0.8007790948686415,0.8374412252552728,-0.04506851695573001,0.3072937855653409,0.23661533174047913,3
0.6095627743829939,0.8213422190177319,0.24832201087006628,0.9240131649830733,0.0274289397599808,0.32466612146695306,0.8980073033471065,0.39414996436611416,1.044060186398252,0.6295989121568896,0
0.7259038676378382,0.6446347619477178,0.8988214148699913,0.13343913680057287,0.563954927853576,0.2116102622279526,0.9322065819374811,0.9719544496326589,1.1261718948831765,0.5953341108439668,0
0.2709806840347162,0.43225485527239216,0.5835701239190952,0.9160241499483017,0.6038104509213295,0.49630709778581866,0.5826974217121302,0.19782279635265898,0.23385416284374516,0.21113793711057802,2
-0.533409642560481,-0.31612951832762815,-0.1211081601176216,-0.38244496425192287,-0.07823978573153667,-0.14799286762073116,1.4807436051350562,-0.3163411799550848,0.1715582372437622,0.9148471328000574,0
0.8960248325199135,0.647112354807931,0.7373000758942958,1.0013788110765884,0.48449576516242226,1.339692326180022,0.3244603125885609,0.6056171452519831,0.4317424794371892,0.7494821246182753,3
0.08285823822522026,0.40204370672878154,0.8515543313882825,0.2569897095906588,0.5731901745770336,0.47641328934872196,0.9454490822745525,0.6053399712337935,0.3710026356631054,1.1153401204100069,0
0.15871943425629845,0.40460167850591644,0.2251640077087576,0.7732812315233045,0.5272251157927365,0.9170730686810398,0.8709588582277773,0.3881226538326771,0.6985181250115693,0.3022862521734234,3
0.6713031021318805,0.8817128042947293,0.036728112647333194,0.9693342267284681,0.8909532400135585,0.4968253929554842,0.15868809293964395,0.6946861145294997,0.3381353878021823,0.10095038861369082,1
0.29873639489793946,0.07178894000770086,0.41215246839197595,0.3233935121019065,0.5609665875485119,0.2726491979051793,0.78118486487536,0.3014264296347975,0.2884578205369114,0.7654338514970631,0
0.6290156060607955,0.2116402624786024,0.3495065508212413,0.7937121442542869,0.8922457886032582,0.6862539995910931,-0.007175743074928888,0.08782667618997933,0.23727252567895474,0.28409292801768476,0
0.4081051455101898,0.3521287061734875,0.8597279194278347,0.4856251025879726,0.7763374321066201,0.3660468876325532,0.3282876893932447,0.6055510551130356,0.8064445000986094,1.0069075218047387,0
0.7427798685500406,0.778255864184385,0.19591648852304033,0.5769595428308503,0.5779768823394483,0.42005184297065334,0.6779314378743273,0.4733963067966673,0.09373778428723749,0.6684691569514074,0
0.6267501047345766,0.8976796878301992,0.2733080434682151,0.4916529993263359,0.5617275151172981,0.300274603932138,0.7394616626754639,0.45466641238313277,0.07636433823465377,0.6579938819837574,0
0.7186885477326834,0.30751068991356745,0.9751989510948897,0.7139328590363759,0.04436742438537056,0.2944800081190958,0.02914896509722162,0.22209570822269403,0.5981819068188842,0.12920423011759025,3
0.1258988356105316,0.9273532174527231,0.8610481235370829,0.6202198329705858,0.3279344098731793,0.8263787361990871,0.7151600291529245,0.09226960494382627,0.3560458897412194,0.060279896495548047,3
0.7304895332889177,0.8526217747077863,0.09869769150710014,0.634857572941317,0.8805303857975396,0.40480695017934,0.10371307518395921,0.6963692285184687,0.8664976906631733,0.41535368235182185,2
0.2685338934576951,0.5523036134024961,0.16595104918888504,-0.38316529953609246,-0.04747647021374346,0.19883223987876159,1.4701237734945143,0.7380530150744914,0.0344061128704467,0.4496551890979455,1
0.015177453559015189,0.8466312728151992,0.8928680299250077,0.6725153627439923,0.38151500768291896,0.7455815578801707,0.7440739616395108,0.0967221369986059,0.44151281083151905,0.06639793873279823,3
0.5580797994796683,0.18605551496839418,0.8447850032154489,0.44405660675862924,0.0964761830654554,0.7762370637882667,0.7079124972983376,0.5514001917976711,0.550687905637335,0.93959204827207,1
-0.020057828455504745,0.11769872584062098,-0.18824374683908818,-0.09965899508977992,0.33260799250392986,0.9953388289308107,0.7408516611300197,0.7615185593994741,0.24570682340365757,1.0714462758125989,2
0.5036894062307014,0.1274558612764665,0.7229242566320668,0.5414635069158332,0.8868775563016722,0.6712015245128227,0.3008843154784499,0.6214419731198753,0.8823561578302258,1.2419733221176028,0
0.10411864850479172,1.3652885525453713,0.41425570463353717,-0.30074361906029995,-0.16257644087095513,0.8433404551437563,-0.01055327985002023,0.873853919935445,0.06917675632789788,0.6303303873996411,0
0.14551177934688808,0.6462247462965909,-0.06965130929513057,0.26327253670080114,0.7745294416224665,0.8442047335059298,0.6637952548677574,0.45983667193296407,0.880279816386879,1.048581108630159,0
0.8492778279742332,-0.015747168714683353,0.31751682612928694,0.7587219309995371,0.9845878038545596,0.6191374192965584,0.591951919998187,0.9068973742394166,0.73642063867658,0.5705334196922838,0
0.7516477035509094,0.8457155916057374,0.07433357526228888,0.6504285094507203,0.8776599163273868,0.3973060259609335,0.11759901667092408,0.7159638137676919,0.8919314803602568,0.4265425781071965,2
0.265623028025461,0.5633568118924723,0.32191957159338225,0.38821148643896924,0.49104126427390743,0.6121069728766058,0.12091271164901216,-0.04947154271398892,0.11563612907871051,0.6370426612124942,1
0.247013022726091,0.4010386587289928,0.06251161416801682,0.11375803529683623,0.6178032704451539,0.7147931020144984,0.8444364724409443,0.7595120358448162,0.8300072836921873,1.1216227015342317,0
0.14235543559166092,0.9604995562724815,0.7217822028501123,0.8854420499879825,0.5108176199386494,-0.004909997417951478,0.8880180449214036,0.5542701585686644,0.06483273044196752,0.4918449894213083,0
0.30721990645579395,0.7123408506277683,0.34872962084748627,0.2684807745735993,0.39880467155471727,0.7941003249617018,0.03707753679412544,0.0785065523499123,0.1565583825950458,0.7429126863609252,1
0.5430827744637371,0.06100060732532066,0.6939928845545928,0.259731912484342,0.019013300589973983,0.7218792600721697,0.7198267852636512,0.6911007282714264,0.632583632454358,1.1397145393807924,1
0.8600895343949869,-0.2233005583922738,-0.09014271483029324,0.317488717473787,0.37821332440146105,0.5330942133133497,0.7736092116835029,0.11855759280685535,0.21451598245986497,1.220157085257945,2
0.8042996835092844,0.7774683670454607,0.26159272125879074,0.3214498782922611,0.9284371891287836,0.7815542253784752,0.29151636619641097,0.9730940393212789,0.7856405092787273,0.3059743696138645,1
0.2956232578766109,0.21733575058832708,0.8182966631856649,0.5719585180398995,0.7080251632286559,0.3801813208048985,0.34900725852108405,0.7034859208628262,0.7227541172519156,1.0222944369065896,0
0.5021069210633883,0.3682955229572342,0.4384210997426823,0.2706885027047006,0.43067511115349416,0.2699345607869431,0.7023330728437156,0.5903373673801746,0.9091129107184102,0.3783802629941243,1
0.7853576077710384,0.29222358220042377,0.08539903519622723,0.5068002163395422,0.20888894765749996,0.5179567397026538,0.4379737010324883,0.09969665916261097,0.7284094188171726,0.6131203302463676,2
0.38934609786882474,0.22520681445359808,0.947065292617776,0.5443485941670972,0.6301270337091696,0.44967565447759233,0.2715838868960339,0.6858154634952647,0.7055511679553376,1.0704523712713865,0
0.17465754827745503,1.9031351753586514,1.5097211546198166,-0.6375646191174492,-0.23961735209400364,-0.3074569852630823,1.2482062542107477,0.24170086749893105,0.48762338990572984,0.4492272855747575,2
0.0707655068485451,0.42916549092354545,0.5742488396037856,0.44675097569161903,0.6034948752051559,0.5997250298174872,0.8795979104421373,0.3408363302401147,0.3573713948429529,0.6099092947265121,0
0.2984224844507876,0.23784447606624726,0.8326311902322615,0.5443562296947106,0.6847776612184147,0.351723392596189,0.3466937178765807,0.6942747690195054,0.7639697088792773,0.9727381989899325,0
0.3400378450766197,0.8396950673279371,0.19209471157279348,0.7983742771233564,0.8064981284988183,0.9713942607072301,0.6291325610444647,0.4582079089015297,0.18007495080812003,0.5602787253671758,1
0.5140304484495025,0.27295234011327163,0.3126660543390376,0.6094899862070782,0.6182884763628864,0.525032693993466,0.5877096989856737,0.13490656464721323,0.7347059545148102,0.40166678185643423,0
0.8562491731692748,0.5787718216314305,1.0842226800017327,0.7937374391345232,0.19471944583853665,0.1092409565812558,0.07661789464857541,0.1721273381337361,0.42601453291476266,0.21976611960847806,3
0.19462704735607594,0.4170027984147317,0.2589307466764104,0.7813595931291842,0.5303376019672141,0.8830721730669477,0.876486068790477,0.36179544809155856,0.6560675212431779,0.32815888150911376,3
0.16255284500086692,0.9203317018005542,0.43358250016784405,0.9746417488604577,0.262010816545687,0.2717490269309413,0.9062001901127557,0.08900006856746581,0.4858742066395292,1.094892675902189,2
0.6753435549590836,0.8734999111153859,0.21562474735027776,0.48191924897600746,0.5191543367273601,0.31677197217747294,0.6864334541636706,0.4972340213064346,0.1112201545573428,0.6881547933308219,0
0.038265244988631084,0.8902453109354977,0.8394670893793386,0.7199475558731563,0.3000570068367092,0.8291670047303265,0.8257073193964117,0.0650064037838032,0.43822724376299754,0.13012667311437653,3
1.3866279658480483,0.346500537894205,1.312909078683039,0.2057997307083539,0.7471187866353919,1.5018212146167231,-0.28916355059403914,1.2789523795317281,1.3346511152563267,0.5151557428886158,3
-0.5216640471097337,0.6501214785923366,0.520083895699484,0.6441384301997302,0.6472887700660264,1.472205058001994,0.9268825169740642,0.6167807421296754,1.2905433900252876,1.17488118364347,0
0.6196260432454881,0.8236252042912021,-0.06829384952506734,0.4699215303693013,0.31726598493175295,0.05674299664684887,0.7603118295247634,0.4677763475184711,0.9058378202703615,0.29159779158762367,0
0.5768967054441742,0.23791483991925766,0.7510261371536876,0.3602348784978831,0.1260431537526408,0.6480483863463334,0.7052649717839363,0.6881702563380259,0.6153187526431244,0.9679135390195789,1
0.6005579121914223,0.25180484736134223,0.4229485289460061,0.6177884734337149,0.5793785106766466,0.6045885731565284,0.6212278281001883,0.11541321722980279,0.8595419898137496,0.3698227357068804,0
0.6680093220825297,0.8723721604928204,0.05278437796316536,0.9820853597355198,0.8798216640150364,0.5126556560239636,0.14448762535395848,0.7196755477293957,0.3600363888421858,0.09734910447559651,1
0.778127144138587,0.3543642215734665,0.8235889765354765,0.08151740577750767,0.581721917457058,0.22705333005436795,0.5880534236351805,0.8456557119980644,0.9573551700891302,0.4787403024092811,0
0.8858746166808324,0.34135462662494387,0.0072775695574017335,0.44799226481050053,0.1363251002435992,0.41263007402579377,0.5142889302118161,0.17372730876515682,0.7224250134188286,0.6829461761556939,2
0.7542918382216425,0.8606547938412545,0.0897217581085576,0.6482741047037813,0.8830968652023576,0.4098283912372828,0.13856088304998987,0.7214322236020249,0.8891076933004136,0.4167134083245549,2
0.6133902046396894,0.8831023405802689,0.23572532235742455,0.4787297742854067,0.5316663988691223,0.3181698290984156,0.7292142526405745,0.4760912627173844,0.06174147605913724,0.6507952896547655,0
0.051904605753993166,0.916412407608246,0.8575633974500099,0.7297178846570467,0.31639173950612437,0.7952896539539167,0.8447309297289733,0.03518816075882568,0.408469547286295,0.12893359498762005,3
0.5936677651396299,0.3828415246179797,0.5367648832500571,0.5652165558484916,0.5063206102796396,0.5449043630683925,0.5476217280693788,0.24812160850041434,0.7969380033106243,0.39569142689505377,0
0.3871586877208574,0.28563749827357837,0.7218635254993451,0.47838716994628183,0.7549360473829883,0.30407335563136645,0.3834055173170906,0.5785920100514514,0.7188007025552523,1.007789418025923,0
-0.13876527149018159,0.8160201547764963,0.13838778685120512,-0.3141739636316202,0.8618050282601996,1.1539784086839577,0.5826240325785212,-0.07389971818673796,0.200400582178477,0.3783051094273894,1
0.26480187242642866,0.5902600898955478,0.9561335280577783,0.03673576633446101,0.41482328908906063,0.6697377327260466,0.13681430765461855,0.40650892221100654,0.11373038596233166,0.8053673415749811,2
0.6835580419691667,0.8643044239151901,0.1745635164672117,0.5355276364107864,0.4943990518951688,0.36073079768641575,0.7155801852534789,0.4583741695995875,0.08317428162644837,0.7209739829240195,0
0.6206166049662526,0.8739383898809008,0.23104977877144045,0.5196760200894222,0.58716346510461,0.33245755187175885,0.746154835737207,0.4186408144081621,0.003159808261526148,0.6950977144731275,0
0.039513940517490825,0.48294231067712506,1.0555099125739755,0.44611177389146667,0.73342737808663,0.9212007671176413,0.5845543673649607,0.5299303165342236,0.05542573734048212,-0.07714821032140345,2
-0.07476740808385476,0.5066069553688832,0.641159023086778,0.6377686109697466,0.4400850022373213,0.31649784747145526,0.6010229018905597,0.8067219595628486,-0.06671544398781354,0.6987358741612599,0
0.5744049362976866,-0.22591103293934445,0.2379217522944561,0.37243666313698576,0.6970518060307879,0.5244833393298158,0.8025870815470331,0.4630474380245825,0.47634687051732305,1.0720387376735299,0
0.2435676566309182,0.5779013306701407,0.9350336954234092,0.03706081537174751,0.4224337644514785,0.6757554841281287,0.13282360290388803,0.40852800326771005,0.12297412702922182,0.8230090996870898,2
0.2724927165525376,0.4321482088842378,0.5892339391686445,0.9168969524699596,0.6071116063086797,0.5018550640515091,0.5784176646416199,0.20089357052573373,0.2313495069725391,0.21189297886632283,2
0.7137438727296294,0.24578247497166447,1.0071745181907736,0.41155283159734474,0.8335826880009005,0.4039845381479904,0.13514339469739606,0.5831576179504,0.319762487895408,0.32181254562767964,0
0.18334545700599741,0.5855885832033672,0.982623817461777,0.17888234224869254,1.0685365036182852,0.6109504341064361,0.5969566853777765,0.8785864868726269,0.6239673201380258,0.7555593646845646,0
0.1377400931911211,0.3799637255407577,1.0855458834629508,0.2456762341257959,0.664029474419464,0.6902649228303211,0.3378396793165907,0.4560783429589641,0.43365679955487985,0.2048006259901515,2
0.7925787306684524,0.32163262526230224,0.09690281759628222,0.5322652260882795,0.22268859508926123,0.47091337039837633,0.47890835212783534,0.1061031948048385,0.7637669942228531,0.6391206995512599,2
0.7479538251807033,0.8449704652571427,0.07103879212436341,0.6477904727421469,0.8700848045392295,0.40752272703228626,0.12915764279414377,0.708976436092011,0.8850878814294472,0.42092090999829224,2
1.1167048971535205,-0.18067286504913208,0.870013440865584,0.4976434315324446,0.8351126928834798,0.4358357814036803,0.5156905872525075,0.5637777959021053,0.7563401872237985,0.21650580470806283,3
0.7817275725654675,0.25673398736363734,0.7945417536470947,0.9469489076034657,0.8805374443347495,0.7631245572039755,0.6179575711870995,0.744621249113232,0.9537266851121227,-0.030536288614824596,3
0.522044931044766,0.36338502271313644,0.25318550030390286,0.5246025122007516,0.7341992195005176,0.4040216218832968,0.4633347729748575,0.23662741361237305,0.7665733705555086,0.502701680223057,0
0.7343069411997005,0.8228936593105006,0.20927889841893782,0.5912813939563649,0.4647199591383705,0.2743548935500702,0.7649682226483295,0.3977790363512723,-0.002857224279852688,0.6023119469481923,0
0.6955551679903971,0.2846815117737591,0.5255222122526151,0.9866470811547017,0.6055388942598944,0.6739739854253207,0.5501362101207619,0.23545540597688816,0.9783353698960194,0.6995572494206082,0
0.28668928563853313,0.295901004131513,0.7736385058313887,0.6068592890317152,0.67079493974786,0.3721687101448554,0.31736795300865894,0.7234107628526454,0.706714897465031,1.0404107057395953,0
0.5718016274018026,0.7945543753440913,0.5987339682295588,0.25159274636563944,0.31114378916386676,0.7912644373375353,0.6943523170751975,0.31218001281712604,0.9755916151210674,0.9901225001268065,1
0.2041145211401612,0.4258195655764233,0.31272969383004035,0.4466253029133937,0.7405798486114723,0.8707873141021434,0.14253778692884472,0.2576335180763595,0.08258717678928347,0.33340979119490194,1
0.6241305931107088,0.8710518709728297,1.113679813930189,0.1163073818001814,0.2800886474985439,0.2067706067087536,0.8763213737743611,0.7264358798540922,1.037625233455771,0.04946997142442827,0
0.30339142972565813,0.7806898838412009,0.9329950416288239,0.1534074842418254,0.18163249040026846,0.985212301795638,-0.008097267228169211,0.7072973209385182,0.6213559948931751,0.7195247663810362,0
0.7731469955559573,0.6291236250278792,0.29367372145097775,0.44841502705256125,0.9342449875264487,0.8231241679244236,0.27446439112108245,1.0700104806996236,0.7680629825914678,0.3737385402286385,1
0.15049990642688563,0.9496290513537482,0.5693373508687999,0.31073477575715325,-0.013390501353492623,0.09121359391884154,0.8632235875060281,0.36120400062172603,1.2301335758313396,0.5525040219836233,1
0.4922201479286894,0.9340340937714932,0.8053049214773264,0.25647550789849477,0.36770448817530793,0.7885559051238559,0.4905156916088779,0.17894260867569683,0.691677762149685,0.8589776461380865,1
0.6682884518566196,0.09613250872574261,0.6298157279398603,0.2935316713363524,0.38336792875642983,0.48330077303395336,0.7893039898846278,0.8356103518210154,0.44355219440508376,0.6393297790841719,1
0.1261060003962271,0.9047457596051897,0.7189141882674929,0.6142226411108044,0.39949506570293997,0.9259864069180196,0.870076358745788,0.044710055297689,0.32078201391996336,0.010324192276514113,3
-0.013395708967642028,0.45870162111635615,0.5070420960868015,0.4151358209733159,0.2501319097534509,0.16248403572026524,0.45240180971667004,0.3756796840841921,0.6379789924839301,0.7751773340465585,1
0.27318063886515914,0.42703159020424364,0.5861172966341244,0.917964533701736,0.6043607653943519,0.49903187271177746,0.581667518266744,0.1992334149709094,0.2324539211831045,0.20759725977636412,2
0.2561538161299258,0.5764236902634922,0.9438658888160657,0.03206918066619308,0.4145448476688316,0.6823977335662899,0.1372933306062927,0.40131362019453437,0.12320039529324131,0.8208625338520434,2
0.08745754756471978,-0.14674490602310497,0.8312394596778082,0.4457509631652392,0.2901290904659231,0.5858054591014985,-0.5215315382792315,0.8061497097209681,0.4130687112400898,0.6663077580113517,1
0.33818065154788596,0.7759116858419424,0.868683719623296,0.12209215752880571,0.1657900084342699,0.9520370193381835,0.03469451853400651,0.7523950930145167,0.61523238531414,0.6678092298899458,0
0.7256532320753036,0.12190832616872326,0.40347829506537614,0.8471831091911649,0.7468562599271424,0.7265879594958071,-0.022052910178773984,0.1820825210694835,0.14511159591141284,0.19617347441406754,0
0.8834378265061014,0.8155897003229657,0.836434054142779,0.7576096846458733,0.7443986416929491,0.8733041221739967,0.2358062692321864,0.4761971728140655,0.6072983686849885,0.4574323441666692,3
0.6945685589203091,0.2356069210633605,0.9828064053951173,0.39151275035818667,0.8088522479002788,0.4322982071017059,0.1290303768994452,0.600178375418296,0.3482524445848655,0.29304432543828346,0
0.7227600098319619,0.3628464791893401,0.9136786299942068,0.20779927078828528,0.5791795334044141,0.4050879265983192,0.7638415074369619,1.0019829551692727,0.9473979553735047,0.2884416359251034,0
0.6614864365617501,0.7877480221507929,0.12328712370845922,0.7375629341783839,0.07557805265780786,0.2885339343102386,0.9538728249385422,0.29599729167699784,0.8266330265503453,0.39282358887209085,0
0.2936427382184974,0.6963010803324964,0.4925120911893477,0.8750295787307717,0.09548914896108189,0.04020000550180102,0.8675659586309913,0.12419969722236761,0.1573778857674243,0.9258312114044839,2
-0.1984096802189524,0.5221442606840079,0.8600287871822296,0.44242400455789044,0.3646469934262227,0.6246926853136738,0.4115088162015581,0.9844085086938548,0.345729143651085,0.6441265080951473,0
0.18684975788841113,0.4261464250575587,1.0063377387212085,0.3097575607592833,0.6427794496914119,0.6967509043797552,0.2834505051383018,0.4574786575069501,0.3145075883162024,0.2538649611029987,2
0.2854688380947499,0.49191562399599964,1.0302701169410586,0.27697787675489144,0.7857857847674418,0.8738232092274315,0.2988290677299164,0.5617122426037923,0.3633524427440456,0.19330653414343002,2
0.546754315842094,0.15372694325723535,0.841496177075353,0.421927929894322,0.08263249867551964,0.7621218508317299,0.6971305192181497,0.5870249760826932,0.5466675323344606,0.9343338077490313,1
0.5395486404142148,0.3100244704133615,0.39738735672423803,0.7021486197628007,0.6429516263820452,0.5630688526218306,0.6178047289993445,0.15013834810028492,0.7757616009921913,0.4226571183076919,0
0.5299898938367554,0.5338145141724736,0.4530120895004571,0.22324139763960243,0.35678840876188234,0.279637518613115,0.7656015763744847,0.6869847617423178,0.5854845230915153,0.5046125023888549,1
0.14572276143095425,0.6155516787044597,0.8277284980894384,0.3670072095339471,0.15274457132590485,0.36753505591249097,-0.02786160780199165,0.9023546421884293,0.27670661278965025,0.7759306292177286,2
0.15643521728174317,-0.031167053518383087,0.5666670668825835,0.3504824528247343,0.7092594344520434,0.396173433389422,0.6067365710886418,0.15762153852677124,0.2948391513612902,0.8120625864114934,0
-0.1846236767903133,0.8088626721653879,0.8937585703113252,0.6679655639347296,0.2577759551377695,0.5073697116960665,0.8726145375732476,-0.05990088091813145,0.6461817527292011,0.08753614197168799,3
1.3447095881825357,0.6279607270899836,0.536268123932056,1.2976570147201851,1.596402395229474,1.0729724865865744,0.7352438215146119,0.6840044478839913,0.2038373073034324,0.4738218613687084,0
0.686869990250654,0.3237273234294641,0.5788001316857032,0.9928609005219621,0.5670347761226563,0.6972251068185127,0.5642376531438362,0.2537979875097085,0.9290576032118162,0.6672691289770435,0
0.5845928969937297,0.8369224107494713,0.14687694917007327,0.5631197050083923,0.5144366970560827,0.2047157865071186,0.6489356653186308,0.38543248029496746,-0.02173268111888574,0.739015529333983,0
0.7061266577043687,0.9485268177314296,0.271279421661731,0.45561612717035654,0.573813359112031,0.24296829738336334,0.7680520358462668,0.45956532702159325,0.11348367553059108,0.7017393826360224,0
0.7519745439773989,0.8489947198520854,0.07883172289352042,0.6519780139776897,0.8794638716958701,0.396284431050417,0.1173832391335081,0.7153935180015062,0.8966201061041741,0.42629962561773577,2
0.6528028469056564,0.887566669641755,0.27147156503461956,0.5144052501727335,0.5512882708846194,0.3055658668049219,0.7196764321477778,0.47798055216170043,0.060967617857391965,0.6338300176954099,0
0.6800197339199274,0.8779063433329083,0.042110167896834964,0.9725785362973954,0.8806724003350507,0.5076123658238622,0.14689509175190238,0.6988168508658723,0.34200042901537264,0.09710054833881425,1
0.96430156342843,0.7580293326907687,0.07842460112621195,0.8449767499334041,0.26049069043727036,0.22149702010419878,0.09484067918520359,0.8804125166474691,0.8552687568104944,0.6130601545181551,3
0.6518743769276989,0.28824366813899527,0.3568282071056135,0.6573373634058194,0.6999226828926498,0.5287675176592422,0.6903987200180443,0.041662586238112614,0.7181456942039939,0.34589865680439225,0
0.5816206271374225,0.1458575473371446,0.7559692297834887,0.4833590616632017,0.028106684626445153,0.7336284798099897,0.82614015760744,0.5976878577348839,0.47524577863273876,0.9685094393560949,1
0.2701212349022516,0.419835121399314,0.5954838720774481,0.928253540744466,0.5997123331769253,0.494414118586609,0.5901441244516104,0.19759416660133305,0.22998130724283802,0.21125250195231968,2
0.20833059340688753,1.1503993989103982,-0.8115609111772885,0.572060519418705,-0.038831764010650915,0.6431685131004756,0.9357297692734845,0.7765327092776635,0.2871304186425925,1.5715226397588657,0
0.28399937925256746,0.43044741493415845,0.575760917350496,0.9123442958220596,0.6019476781307386,0.49118742946484895,0.5719484665648092,0.20713717888013905,0.23774206302574646,0.21873554196108308,2
0.6817192235418437,0.22388144498596346,0.9687990648486748,0.3824156723262213,0.8188422738612015,0.45294145852278067,0.10823824968920055,0.5854194156338586,0.3409182299445703,0.31088278663045504,0
0.2850621522543418,0.7248204369624711,0.4753734771844957,1.0132968834466132,0.2649517022923166,0.972567355748564,-0.006902707034247238,0.5812717273037478,0.9966076042173044,0.595224194457738,3
-0.23936962983422178,0.8040297187028875,0.7274061079155383,-0.07006633035812315,0.9085545983647716,1.12665517532935,-0.036447021315589134,0.6985918852892016,0.2460455210814352,0.49839274232190434,1
0.19795941860382987,0.7943248333315268,0.9455066014326353,0.5303994477692382,0.3873761021644583,0.38730002016420056,0.6316271312030407,0.8599472344288067,0.2690261927897193,1.0041197245698457,0
-0.29199849057029387,0.6107860264429883,-0.28160806009861344,0.11282027885228905,0.9609556525303389,1.1522781333224046,0.22001232286592554,-0.019148677600556996,0.3034882536093255,0.8194574685246359,0
0.3034860252328944,0.8818670027060773,0.7674484137135321,0.6174412017565214,0.45509255264316256,0.20269762860334659,0.723440646288576,0.38905513596414115,0.3299391610768445,0.615358969509231,0
0.1417330781508085,-0.060803907862887,0.39493324714637157,0.41479448769145577,0.7739779036644221,0.4841263454725907,0.67123216209382,0.5121055369951081,0.3319426389719343,0.6371698961668446,0
0.2004446094482925,0.9748533582545678,0.6725532175280873,0.49963771194586437,0.3277155867693667,0.7137368021596616,0.8975539293734769,0.10228652027677149,0.25440269383825875,0.06956011462126324,3
0.7424748052169856,-0.05441727297485302,-0.0981144867437165,-0.09411970067740795,0.5162951045825397,0.6630680788316262,0.4669007153817939,-0.0793862710296307,0.31930458818874796,0.8501985665154279,2
0.7022840280285209,0.32118227262990345,0.5656277761310848,0.9722989845208355,0.5812196169681036,0.6859336379897392,0.5857145936367574,0.2447852116324532,0.9533964445983796,0.6756361698497139,0
0.6076367508468196,0.04767038004104987,0.09929660196169858,0.019324642478322277,0.6851002507926536,0.5483204557149223,0.6376762947940275,0.12363025915507764,0.32813884933359055,0.9523398359928734,2
0.6439063494301097,0.24335124514483414,0.991028652280863,0.432799097513292,0.8697775960757549,0.39761229674570664,0.17003629860605263,0.5451596828449012,0.40530285916493575,0.34599724788686725,0
0.274409230074146,0.32600712065564597,0.8401349986709872,0.622290672095832,0.6705431370692938,0.36113462446008143,0.3459195079144476,0.7405640299458726,0.7168750644978026,0.9720745043081638,0
0.6573313933642946,0.866946722735608,0.26012898028385256,0.5017001354434226,0.5360206356041782,0.28932338337767793,0.7076262351897257,0.46589037845034115,0.07410465821561253,0.6257211915178804,0
0.2753246494967871,0.42802502001723536,0.5881756588359196,0.9150312702501382,0.6055802400358252,0.4964431542014902,0.5809802912412144,0.19614086599612124,0.22952313980189054,0.21334841117282222,2
0.852722723587354,0.43383640993327166,0.8543026934230914,0.08606861532410565,0.44161940829369273,0.30846384852720293,0.7005391367929329,0.8714189978699804,0.9622949406789354,0.40565072298024035,0
0.5246071525580126,0.3180417743582429,0.38117478773348956,0.6887660512817044,0.6102684903771252,0.551414219408207,0.6115192814292179,0.13599437561149313,0.823594545188394,0.42073172452807495,0
0.9023078523345237,0.7968058866926727,0.0929835830493411,0.8944416555120159,0.31706903114405016,0.378636390096342,0.12917204803434587,1.0064707683379315,0.8617956967307024,0.6079853100410797,3
0.7660540789761852,0.16911749421382596,0.7857425883222673,0.3218735053249743,0.0894504332256536,0.7007488482332164,0.9148917306203654,0.7343075250423975,0.7654259921730127,0.756037414854836,1
0.6124214659644164,0.8756734366208193,0.28484489105229904,0.4946986831226465,0.5424637035790184,0.29765030903865125,0.755062578762158,0.489480155440853,0.04185963455436678,0.6276334655397615,0
0.3389908771295592,0.25999752758658146,0.8422724229381052,0.582974151097887,0.7184358830099096,0.391413068359803,0.31834228510156576,0.6852865155205117,0.7456644245411689,0.981000307458209,0
-0.5431911644422239,1.090693893101216,0.7234006036761365,1.335663656857021,-0.13341856094247495,0.2081279894328998,0.9538144996097531,-0.29708139602615513,-0.08534715094561474,0.010663863808734741,1
0.7690566782416242,0.3639014628307355,0.8900570214101896,0.7282679115426428,0.11825974861369831,0.2889051567927518,0.00021466024940364344,0.21721201253000705,0.6420418687783258,0.09339639529507014,3
0.8377428318612188,0.29783649122380773,0.08420766991126132,0.5615983695365904,0.2487686343656829,0.5135693096368442,0.5106774752588193,0.13160273629467,0.793359157578558,0.681818238753713,2
0.23898375269416477,0.40458563581490753,0.9702334241818614,0.389048217661994,0.7452861667906048,0.7818160004371021,0.3295221392653562,0.5105620428269433,0.315100284576587,0.2156842054160669,2
1.0194008416348472,-0.7448597613571283,-0.26045192072128226,-0.3686080415205146,-0.10167930361887023,0.07467123247363983,0.3307285385846523,-0.5782214447503415,0.2887508062422679,1.9734479818933575,2
0.23044334845907938,0.28195110909862375,0.8572385485793732,0.5169691043469354,0.5578783895193744,0.8579337175834099,0.6057459043184694,0.5483722504860526,0.4628363195652168,0.47823768012846196,2
0.273491073166777,0.3055731276266774,0.9154091203600911,0.4511858398950984,0.740670074498996,0.7072356845643819,0.2616978762029386,0.5424444067179204,0.2419454452126423,0.196335118593779,2
-0.1355099619723911,0.7509321117015854,0.5552062940045851,0.7405330684392275,0.3208935168727767,0.4428720353245065,0.5901407869861798,0.8553808786063366,-0.032807293333060705,0.5379555758102683,0
0.6348904383217302,0.18046709708579597,0.4850559396123768,0.7430648627036848,0.777682913934799,0.7103385761370559,-0.014674732462229521,0.0292821686659918,0.23357763493955228,0.12480641806708506,0
0.731976650839953,0.7688226520401418,0.313023536983715,0.2798314676264665,0.9360979925258665,0.7759745428181428,0.24912761227658073,1.042484737611599,0.8288444755331612,0.38699020433412257,1
0.7464701804781099,0.8343694448633566,0.06631231986936433,0.6425592482472613,0.8697268521598802,0.3871540253573167,0.1126915672272207,0.718086832067261,0.9054832394900728,0.41175151230794915,2
0.08999661550758371,0.9156876174179681,0.8011630022523893,0.6795580630395187,0.27603521532605885,0.8088031426257208,0.8738577976555437,0.002517829626827159,0.4439300750771599,0.08315193284705204,3
0.5666451021417946,-0.43557343280082694,0.19492887677695714,0.351836386575698,0.5234850983098133,-0.2498607459707694,0.31902164392132776,0.8103713941955385,0.6279450158590304,0.42942878601640955,3
0.6390066783410783,-0.07679844932672028,0.20472327654930886,0.12584302440395972,0.7355385734703545,0.6588691490745258,0.7736735571042529,0.1665686046182973,0.48905968715613735,0.8149318688078963,2
0.7825421698390542,0.8711325527503556,0.962719098706276,0.9058214505121065,0.5614020058341751,1.102554549713119,0.07398308545818821,0.6823968816425364,0.8364750020466838,0.3509846072578553,3
0.6562692397346503,0.07329146166872319,0.329168307210045,0.9139932242078348,0.7506257338889873,0.5950864277670925,-0.047838501884285636,0.02574254751664215,0.28511342608300727,0.3061036130806901,0
0.07654858315593359,0.7008007939980363,0.02133639571379344,0.2617683255251631,0.8725724763943056,0.6521236252074866,0.6646544606430759,0.3308890229055037,0.8515942815834713,0.9637795165648386,0
0.39617139828622583,0.6012776426181177,0.5915287764459858,0.6323110019631302,0.48052742898238815,0.1471849628016144,0.8164037832484781,0.5309616652229814,0.35801807639289634,0.7142557383843681,0
0.41768782424030704,0.076048765563933,0.767274614674492,0.5971878159274169,0.02145240906756514,0.854178311053616,1.0000952277044797,0.5322979394342711,0.4653187820015563,1.041766423315963,1
0.42003197628665223,0.04038932910846263,0.8568239543653963,0.32050100653379177,0.11830378460313333,0.767468747012453,0.6154882037048367,0.6079418620598996,0.45792624365560336,1.0162261211883,1
0.6769634156521718,0.8706039513273762,0.2864866654285429,0.44633983071362077,0.5736371286754874,0.2913346570490679,0.7304573310050163,0.42324688769439,0.03489179982357802,0.6999662476074479,0
0.48775119410604584,0.17221800524254297,0.0901652191331362,-0.008877328986306686,0.5810004502089818,0.44979305392597785,0.4840295847006863,0.049204253736255955,0.5546259257561366,1.135916009383787,2
0.5802994249347707,0.9401347765029584,0.2684448890473968,0.46569233029128826,0.5260597944835225,0.3202850607327781,0.7402228736740828,0.4580873810781961,0.00042822677257320363,0.6693528747762577,0
0.5819491282186328,0.9046412693197414,0.1770510951128236,0.44016979114126054,0.6621919533707263,0.14254345007647842,0.6037053422606348,0.5473336968794271,-0.18561179734964595,0.35821074474441966,0
0.23483946551100557,0.594300101366805,0.9268783460756825,0.03978901665286426,0.4073867476881465,0.6888642237141076,0.12352873141592852,0.41326873623272264,0.13144042388896476,0.7999964351375557,2
0.13707745477959532,0.45409689514453694,0.24483365126193482,0.7901303960136997,0.5309927112000343,0.9838553427081334,0.8650649660630554,0.3786151803269371,0.6134814135140303,0.33276998846195166,3
0.7132824303203031,0.31380180181765027,0.9004667746072054,0.7356047901521169,0.09392854838286063,0.25665489518530976,-0.00965383523199581,0.19992950482009045,0.6886748076420814,0.15693916640681532,3
-0.1940730005317567,0.8952439009207334,0.34830012388234366,0.8441168299966862,0.926414271405863,-0.1635081520103445,0.9963583326934218,0.6640736409917662,0.8817724421695641,0.7205406473089659,3
0.12722205491291189,0.4034364935624297,0.5593427527721638,0.7443018217922952,0.6999838660359067,0.6258443966037124,-0.06858165478599867,0.41245841479109613,0.32906671866228887,0.02928563530146494,1
0.2732835818071966,0.9531768121425389,0.13711699405733557,0.772764675383509,0.35663557494405196,0.3120684121963826,0.5852489343566589,0.26784868240768284,0.7269033474550204,0.8550698675785581,1
0.4351381637250482,0.2460375532638252,0.6903662964418262,0.556133167912578,0.6486011265166864,0.31572514862796636,0.2842146577650484,0.6405583158684294,0.5895826641173565,0.9000598298253677,0
0.6834214526333906,-0.13651947123250682,0.15077841028983352,-0.2959956037671078,0.777898350269316,0.23084879453567947,0.6422213687359117,0.09627563243636769,0.42517114782423066,1.036907134027014,2
0.07379323165222956,0.037395499825014195,0.8536604009067824,0.6751035809611345,0.5754198005136297,0.2876669388562784,0.1164374997414778,0.44152801581501866,0.7921952201743291,0.8102993499567166,0
0.11806916223927998,0.06792848320406703,0.31164767768877116,0.11632981135444442,0.846566896736353,0.6046244121488134,-0.0964312409897855,0.2100610868173019,0.3752172715569482,0.1680335664950139,1
0.2495779324102202,0.6048680058271788,0.9089915829430377,0.04680202788829921,0.44105700843961937,0.6966486969336632,0.13495538338248375,0.40625612032537955,0.11745481625309423,0.8289630255736388,2
0.5547156337739352,0.3789896347701103,0.5845301431187775,0.9419776118905487,0.5411352414537404,0.711775270157233,0.4461950344644615,0.2669028292553389,0.8258767828252463,0.6752735444432878,0
0.592560797300166,0.7618824590379529,0.5833525434447001,0.252654898045,0.30694103260674227,0.7406814657659163,0.6680693787922872,0.27630133159809517,0.9871790097985756,0.925460857452351,1
0.09464942678648842,0.3338814869867448,0.19049922354448603,0.5399383167285369,0.7499844618864488,0.8728406131456083,0.04408180768203597,0.4072050580244585,0.1531503593578067,0.18273758316874553,1
-0.04917175208809835,0.6414438844410535,0.44570641216849455,0.5478054420000407,0.8006818284126724,0.06685998101246564,0.907676974818406,0.36751196317347,0.9912684049376527,0.9573222634152474,3
0.6869463821549004,0.8792256390054802,0.03605437673556907,0.9745075747965583,0.8894289509792808,0.500802487042018,0.1570890709969685,0.7005204036670564,0.34341790507501735,0.10404284361103606,1
0.49059514809593735,0.7379257439976826,0.5897186918666983,0.271267781807005,0.28572724199614763,0.7569640054369222,0.5706561274263269,0.40051790438374996,1.0174689481295742,0.9441322433279538,1
0.5292782112223436,-0.06748355768425279,0.003582526811911735,0.23008165086202112,0.8576555519637091,0.30724013918901816,0.6909421504605103,0.10517304139856751,0.26466632668609164,0.9494748741823211,2
1.0184530283082696,0.49159028410451006,0.4441202062361688,-0.23021720106418458,-0.29883936663390176,0.8042194152283064,1.5949960125080835,0.9247735711786652,1.5975675034001586,0.6079705619605532,0
0.741679375147934,0.03824308745384919,0.45515905867956297,-0.3884988662437627,0.34961308740033337,0.5361012098366168,1.1055404499197354,0.4812672954079963,1.3543769529013474,0.630893936041049,0
0.9185519746786982,1.0552794699303676,0.8573872776178856,0.9688023824356113,0.660693048251781,1.0163500359805353,0.14671522165661693,0.5193559910712752,0.8401647351187216,0.3530280359239579,3
0.6834134046399915,0.884322711693426,0.035678499771738204,0.9746024881633933,0.8927592416790735,0.498183784978732,0.1498445254868001,0.7127364128670195,0.35027666503048577,0.09590956830943415,1
1.0587381638245683,0.25733604651253145,0.0017457928586849247,0.8337947960365463,1.1418548042889671,0.2998051038248742,0.6578885065869765,0.8769909151089589,0.6780539417358914,0.6012594687721098,0
0.3972611555458692,0.8605208557056676,0.7313670176180815,0.72067136249321,0.4515394026397367,0.1529208907816534,0.8077167499433654,0.4908499954119103,0.36369034023851504,0.6976400368626012,0
0.6427061124465336,0.8969327908328281,0.26724404532622825,0.5195053274049217,0.5570197673406709,0.3098927949478233,0.7141990880371195,0.4806990745617024,0.08157801394347987,0.6634065388887436,0
0.25735316286133725,0.5766074987053481,0.947709608282809,0.03452466760896785,0.4190642388046205,0.6858702442853576,0.13767145781400095,0.40256324852090924,0.11455149410939802,0.820701727074835,2
0.7184759633105599,0.13540207015776431,0.4548001516322005,0.8213692625950968,0.7948814422413935,0.6703501985231182,0.0415673866823151,0.13346745246566896,0.1845695627375853,0.1978295540792866,0
0.6778335110592442,0.8958137839539536,0.027967983080936808,0.9652219354885253,0.8999534420747894,0.5075341765173983,0.14515148431101477,0.6981917420729216,0.3282669041050423,0.11407843948116929,1
0.6807850449779379,0.9162348940421824,0.29349819833803814,0.4394875448671321,0.5930011678416244,0.32166227506228057,0.7900315852193515,0.417545027534447,0.12134642050984205,0.6101942392188929,0
0.15903267265565038,0.38844391742485307,0.23359569728005866,0.7979987168314688,0.5536477223968518,0.8937242561964686,0.8566500693660963,0.3991744608982739,0.7278002473668155,0.3260220421345342,3
0.12149700295171025,0.8994900197565187,0.8183333977668643,0.8976158333820594,0.10500698259731364,0.9646194279227874,0.7300267086355192,0.19763951349264633,0.2643450243778661,0.3314521275143788,3
0.2703150800816689,0.4254177724159882,0.5849957829123618,0.923735992881549,0.6019061962143132,0.48615435750250835,0.5749987051654939,0.18973622885572122,0.24419844776065786,0.20811287096218517,2
0.6961715394307635,0.23330443608334706,0.9184829262896845,0.077144315186077,0.13229147969126936,0.6502656181149835,1.3879574140785698,0.7338069559634726,0.9053598752126185,0.4737633878148395,1
0.292962300425519,1.082935293919335,0.5164099821621796,0.37275368296088396,0.5091230069800685,0.32903905234435066,1.042033398030577,0.1776238516076248,0.9045413377019231,0.26407545086097894,1
-0.08424601833855484,0.9325667111230403,0.7593229725588138,0.6538174367311256,0.27641803267728854,0.790403886570379,0.7522175618587001,-0.044849865339056647,0.3779846336973074,0.006877545818819428,3
0.38581920228455424,0.7317119699750568,0.830659770537095,0.6570129130922463,0.604979500621962,0.27387656897226864,0.7548085520647193,0.40134030556896383,0.33988533872371557,0.6707474610486245,0
0.27075769165564945,0.22517902647055832,0.5109775000672495,0.5493007590591267,0.31415223168899126,0.24727038988861688,0.6409898886117747,0.13073860156768033,0.2677409288591,0.9393667310090213,0
0.27004355635823774,0.4258884897796574,0.5850401958503787,0.9173286746387297,0.6047164606664523,0.5006532205997698,0.5786390454275657,0.196945658266946,0.2317867127005333,0.20698787597117285,2
0.227565386025122,0.7185194084742168,0.4171123284635199,0.33573133601971167,0.38410760064889793,0.737857636617087,-0.013481444989720426,0.07794136414291854,0.018585398550449855,0.6935193294718507,1
0.8348631931479085,0.7465060587494949,-0.22355409893133688,0.37619767361951767,0.15638234421669447,0.28823926180189785,0.9611064876536141,-0.02801168394332232,0.9335407562639304,0.48791263285996245,0
0.37149046497144406,0.22943214994658895,0.7184575078394386,0.5120511668448778,0.8179236019690888,0.3443891953291346,0.3270793281385236,0.7362664075115762,0.6857687617374879,1.1034391904247125,0
0.04743349752943831,0.8662290729155661,0.8326781887563868,0.7517871706486631,0.3453251756710555,0.86972480596762,0.7761706142004305,0.02894194801691574,0.39041569889955036,0.14875307942457366,3
0.11690107974852679,0.7865855808608282,0.9107628607916699,0.4527057540486163,0.39231465712787544,0.4460094022901776,0.7071743597998518,0.8030404731583958,0.126310280677481,0.9468287201526506,0
0.08858277509603057,0.40520911803890114,0.7802599976662252,0.670222867681911,0.7663556302810628,0.5880372861891847,0.25178265563738056,0.7588297935604283,0.8759651281586516,1.2653386531770243,0
0.2957466955126349,0.9796824376984523,0.6701201500698581,0.35718789183375543,0.3644160792194469,0.31068654159821507,0.9201568312588978,0.10336373404142123,0.878657206158734,0.27643535027978816,1
0.6660728319613776,0.2828654744334528,0.9758344688458718,0.4413384843227335,0.8485490440195061,0.4748562433316159,0.1861016702068356,0.5772487566894684,0.368829364541321,0.3303640960810641,0
0.8059870016447207,0.023808713802810147,0.36187391887694104,0.7277740419785744,0.959962750920922,0.5391038659006867,0.5968710521643216,0.9861994792834737,0.7450812334624729,0.6026200909251496,0
0.6764421761726653,-0.15175662469311924,-0.24195269514130902,0.13239814082320467,0.2531360756530862,0.5459071226871164,0.6228429825680065,0.7577959091245817,-0.06262567335933336,1.1725511482787212,1
0.6835939429847242,0.8841087849464865,0.03759581915359117,0.9746114571812148,0.8891460067724647,0.5022535131263471,0.1551662400785026,0.7042704835571634,0.3476076200139379,0.10312898068095436,1
0.6726372994815255,1.1295839091349604,1.0805933155088279,0.7938643250834769,0.6636284249299838,0.689293664176102,-0.08788257511941047,0.473421902124854,0.9053873734492508,0.6508368178524893,3
0.38826328383550257,0.5719829843825044,-0.16817140593638463,0.38104839748189795,0.3399057254893013,0.5795867609830394,0.5899642388232328,0.002336992886512068,0.8767878781108696,0.551112792087614,1
0.42971303590779314,0.07148074529422387,0.7438174291445304,0.37551142336301024,0.1800418058541909,0.6728683334596428,0.5972704389464742,0.4349003853526734,0.41458601225036773,1.0586044693447652,1
0.07827327469670428,0.8441982238436881,0.9426857965793531,0.5579699119522671,0.4481119088773492,0.8577468300047439,0.7925103005455395,0.02295214870183486,0.5981899493493089,0.2769097446948627,3
0.6866002536933263,0.8881359395901843,0.03997252604094326,0.9713882670906241,0.8909147540506149,0.5061077730632937,0.1578704428393529,0.7005100005982243,0.3423094843874197,0.09804357152709403,1
0.7694956399912702,0.8645070785077124,0.05525470943872861,0.6647944067259216,0.8989414576161696,0.40678398141631744,0.14772002607451784,0.7123085801238184,0.8967484564442583,0.42450585052323847,2
1.0640202513085024,0.7236819073683229,0.243718644513239,0.8437186648260169,0.7614270830301084,-0.15989658503237428,0.22271263974334624,0.34240263943129007,0.244008023799862,0.2351953243591423,1
0.8434631501909559,0.7572133668200209,0.41607780626586977,0.5335626862844305,0.37863906529442837,-0.03878739594868491,0.8539367343056261,0.15113112306115126,1.1580114597794728,0.17159400856723347,0
0.404884291107916,0.2349975904612272,-0.08068580529923791,0.0956414288997153,0.8366354589624485,0.6104308471282734,0.6556345934613949,-0.04464829648662208,0.3587116882221605,1.0349600900994074,2
0.7424330728054934,0.8547845254082314,0.082771963729688,0.6527571064074065,0.8769431617403474,0.3988755918440913,0.11359288144221437,0.7099258208262698,0.8912142481503162,0.4192647079438914,2
0.03490398011935203,0.8747106542108449,0.8556936986505195,0.6978301723089405,0.31339807763490035,0.8089997992308652,0.8357347527913156,0.04991368639779893,0.45025477383531265,0.11541390596392084,3
0.5952369563251123,0.7749229963930916,0.5740161294762893,0.25742359521419533,0.33308865741032995,0.7569537457661929,0.6437874277228436,0.30951266469978267,0.9557236559623277,0.9414365871754022,1
0.5659908118092737,0.31008017106012886,0.358459016933902,0.7296740691586331,0.5798105767657357,0.5246434198445071,0.6423369329146033,0.0877592987638921,0.7394887917447351,0.4528649274352234,0
1.1120660460488256,0.6560543574841922,0.2969881259099425,0.956290736208272,0.7331931611351634,0.11365548187085994,0.16262828487829337,0.3831156680887158,0.47561514671739796,0.051270342363122307,1
0.012063579391165397,-0.018193673210159883,0.2861576836222007,0.581422737165679,0.40887160310523185,0.26798692243801814,1.0173192736346293,0.044395924771637285,0.37672955789843454,0.5279860067420439,0
-0.11897107664410722,0.6233561240080058,0.9955961646108702,0.49028685543218575,0.2429459931322585,1.0467459365740415,0.7299435094767635,-0.08439636664880423,0.3290073011016368,0.1497121433404715,3
0.7682487419673963,0.8330581693616077,0.06370642833365059,0.617025316838758,0.8933063514546351,0.39505528292704195,0.0678171896070956,0.7360976581415574,0.8565230002440151,0.4530371962332853,2
0.11087935583180533,0.5818427334165488,0.46114697460317067,0.6228173127129426,0.6778602655448893,0.05065098104138647,0.9612769328356222,0.443182240619519,0.8776777058972337,0.842815737137069,3
0.12013457385546839,0.3917912492669766,0.21099549438549906,0.749845694416751,0.4851323161344412,0.9371889410061457,0.8325802131891541,0.372486190208958,0.735438132500776,0.2680900367622061,3
-0.04655694586182041,-0.010577807454544785,0.06653438871597228,0.7685858753234399,0.4497640880424301,0.9383009504900831,1.1422584583224755,-0.2307484551496613,0.19664019729518323,0.34191891032979993,1
0.6124688351502174,0.6875959648882889,1.1198169312428403,0.3242038695724574,-0.06217919011948768,0.3587272361921522,0.5443534118646302,0.4615779758695579,0.18876340979648665,1.0399893965233675,2
0.18674317810907212,0.37756186397051883,0.22332052596625232,0.7648976813518131,0.4904891468220618,0.8855779654531265,0.8463092203826805,0.35782075444549244,0.6587806446704046,0.28898011640209126,3
0.8047155939268594,0.28922025933599305,0.08404070688235739,0.5285524451520203,0.2077202731945784,0.4745548887512767,0.4966678237465779,0.08602254015156743,0.7504158152366299,0.597649319578506,2
0.47375650683280307,0.3052929638330695,0.9496553974624722,0.2633683223766923,-0.04828023499935549,0.882837330548716,0.8216655024454491,0.7515644346410224,0.49314397776490027,0.9748748801810232,1
0.6737696427189505,0.23249915168243182,0.20533848309811792,0.6253673734307676,0.5064791345408193,0.6344806432155317,0.7656384886269503,0.01720116104854691,0.5422164129313362,0.20361071375799641,1
0.8672691042851491,0.7909139323657983,0.209846125949283,0.3223043148086944,0.935973034804926,0.7537857534688288,0.2933510355422682,1.0137013368764478,0.7939611342381672,0.32185808854902564,1
0.09235917112762307,0.6911115261760745,0.000996776821763621,0.3042670409057498,0.8383552361071126,0.6825561360545188,0.5734657690711574,0.2979545578641225,0.759973886332006,1.015500368132901,0
0.5097765022547047,0.8763185576580204,0.4149105954995234,0.19803886597378034,0.5878790489644586,0.9116839593796608,-0.09874803581272822,0.1341411412955989,0.10409274398893083,0.6772000284015723,1
0.8513556681477124,-0.04147332482699856,-0.6376317055311064,-0.47900977203246153,0.6849833068921124,1.4530961416471042,0.6496766199784177,-0.661326850867869,0.5748434076854676,1.1858119191825398,2
-0.06341650073771055,0.9646345518473192,0.8725984573003545,0.8378640517811822,0.2707718311515311,0.8584654228127517,0.6900728376569747,0.12000564868132835,0.43936798050526316,0.15983229683280112,3
0.0820277560360545,0.900232795924319,0.7737289923632105,0.7757494059646872,0.36943435321552387,0.7920116188373117,0.7465565739233616,0.06739974942881963,0.4347301338376458,0.07718745862016249,3
0.04623608937691593,0.7445837431595845,0.9477524803530077,0.4424753098501391,0.3613655154597631,0.4692417565387432,0.6590370748527566,0.7371733816576319,0.20060189808877346,0.9355016064734739,0
1.3724996726263383,1.372098267411448,0.9147301868898273,1.0862679020520756,0.5492949636406758,1.2556359803883552,0.46620993550136547,0.4099965100789975,0.33368856191250423,0.4071327329389721,3
-0.00524652104776635,0.5666122767787313,-0.026819467692986685,0.16439672093083504,0.79057851599243,0.7444511846534506,0.5897202443532129,0.3700953315719838,0.8760984600200208,1.0511233365402943,0
0.27485320853099354,0.41939771828659655,0.5926942922689266,0.921764103686268,0.6150448751263169,0.5062551766945728,0.5835754660728169,0.20473719178652858,0.22345141602440002,0.21128083226262315,2
0.6708510011813679,0.49363418362539047,0.7639233911442214,0.6315254410206979,-0.01673778074049284,0.14769847060716113,-0.1517419952675533,0.3046136136604099,0.7855080252080411,0.11707159397343833,3
0.23845052569383604,0.3649453522942431,0.9277459792428415,0.41045317287331784,0.7149036613540933,0.7628784846602249,0.3334142602917869,0.5262394513755592,0.2789049271783125,0.2527384012066535,2
0.24784416102304743,0.9487005562104497,0.3135399273734234,1.3038538366853427,0.305851467580806,0.8988933344813609,-0.20113540249920175,0.9493292018234705,0.906636391132897,0.9042652897204997,3
0.25984917929968226,0.5819509439641968,0.9463694040750347,0.03161304122839177,0.4177279027481869,0.6760661422887478,0.13856443481634095,0.39531446300884554,0.13398328265992734,0.8294125169128959,2
0.5610359945902618,0.7870389926317013,0.6137838277049434,0.3059297406394573,0.29819889476677214,0.7169314209360793,0.6413982507677812,0.3500454322088086,0.9795081433561799,0.9264723139115421,1
0.4327051028468765,0.6514035804933339,0.8503242298918307,1.106676664470411,0.12430628663607313,1.4292890246000105,0.5817951478688594,0.8760782088530812,0.8759723731512613,0.41514368148275993,3
-0.09004142393322156,0.8357375556142227,-0.21072960515477157,0.5657858429773645,-0.12466159701105611,0.7737822378084359,0.16564094783033045,0.4231626800066856,-0.054854090100292074,1.4878077592231818,1
0.269508273173606,0.4225521042442283,0.5925926321215524,0.9213562784012174,0.6065885460371124,0.4981325437970998,0.5796229567388267,0.19387221725040515,0.2271380583822632,0.20704195355913316,2
-0.3086131795349181,0.9153231570446658,0.8408149003404535,0.3560484238012434,0.13624857314563557,0.9204601209622995,1.1844733040658708,-0.22239526242604934,0.4922785043302966,-0.3170613323108257,3
0.8165583886718418,0.11482162539183277,0.26344367612690456,0.7371814261669462,0.9034770976534507,0.622166083990762,0.6201996206141273,0.854005345789113,0.6666635368362195,0.6391320784776452,0
0.6969685547857646,0.2541338104860502,0.18779983796754218,0.6494415307952518,0.48575259009596,0.5904029940385368,0.7814788458029971,0.04825401467183499,0.5315320632272789,0.1732071223289146,1
0.3192568934517359,0.24211007577572677,0.8561638685523105,0.5913375101263189,0.7459180786883218,0.3843447565819875,0.2990293260560116,0.6601290079077935,0.6978128316901476,0.9494002435506376,0
0.1303187682168035,0.3026106937776546,1.0335424642310904,0.4327272985313329,0.8233764542306982,0.8910021756414599,0.44053311896822966,0.39761670069035704,0.39455388579548056,0.1890243133059752,2
0.2274491956446889,0.7710133258886238,0.4365485249991501,0.9441275002885932,0.2841597686886938,1.007322836366172,0.10013734238913963,0.670682676092237,0.9604557984506902,0.615947257005561,3
0.7697431537470341,0.08617677429791784,0.42325377512573714,0.7626530155992666,0.7594791422026627,0.6625254123933093,-0.025793992275043504,0.06487742335476573,0.21677036698283858,0.2402702259880919,0
0.58613082179169,0.22280961913272546,0.9281269667473209,0.509061899764808,0.00250218292721259,0.7446650567843726,0.8195618554982211,0.5245504753416718,0.4791210048316936,0.8237877059376513,1
0.25138922936501806,0.7754071251145017,0.41443877100252063,0.9350266661398352,0.27411236862085314,0.9962876796984033,0.09018751866223179,0.6755595060013078,0.9448913345265669,0.6183297902721354,3
0.7243917902431641,0.7484751130283372,0.382017670939908,0.4932924089608686,0.42301427105719747,0.24279364436258527,0.8688656146779685,0.37523266514232334,-0.08701062111047983,0.5939530134729254,0
0.5298694640069549,0.4246315708637875,0.8160473342160232,0.6511903582788752,-0.1658394499239122,0.8529473499046568,0.6185831210803622,0.7460711459466594,0.42564102136328685,0.9992936595042828,1
0.8052792365973342,0.33461505828855753,0.9281336428861291,0.6724900568853289,0.12010224579139887,0.3308282655181223,-0.0046750408257942334,0.29724944913038476,0.5746755206301147,0.0634878470195468,3
0.1732789274916011,0.27416416949657263,0.13893478543882104,0.3996958595397826,0.9339465599928867,1.065335948627271,0.31597984535635415,0.11306217366455482,0.040848640455071486,0.17364751983678256,1
0.04251103362971361,0.34214904908443483,0.9469314498803957,0.06808525154496792,0.896940604738169,0.9497850490234693,0.8349797936390584,1.1052911178293188,0.00010280476900512148,0.8528485248907139,0
0.3389664230743881,0.2579191595714726,0.904894730531006,0.5609822651309948,0.6743055239179526,0.4693798154083977,0.25403245251051243,0.7042248811884719,0.8080309233091441,0.9412602287815592,0
0.26475637179687944,0.4820005172239119,0.9622320554276105,0.4203267091263402,0.8482589505282887,0.9736672135813609,0.38670499984703355,0.5743382105568094,0.2912827423130782,0.24423653742161971,2
0.7544976237352915,0.8385481978722895,0.0509298446761188,0.6791006529046844,0.8639004454680986,0.3716515636811888,0.09457550603458412,0.7026670875222023,0.8784524349780805,0.43272655556395484,2
0.5731229695827488,0.1490044997775652,0.8323896475771472,0.5063502908112786,0.12598994912367745,0.7484592516376946,0.7099090961839654,0.5619630451977545,0.5805365795225398,0.9189085009007547,1
0.9469737305599921,0.2584641389397454,0.4046193469181536,1.179515208872917,0.1023111913098674,0.7424731993166456,0.5762331743812279,0.4862573781627373,1.1987723165485815,0.4428951270044446,1
0.24476320643521782,0.7560214450446816,0.4743995355848242,0.8908642589540778,0.27429820490453466,0.9932354622202759,0.11589787044210251,0.651906034966706,1.0177786310547219,0.6586633263334902,3
0.19257254062146448,0.4574582378080182,1.2587217134076862,-0.26033919824942386,-0.0772696865014369,1.0322567806887035,-0.25066735770455323,0.5811077073013609,0.9311631949786037,1.048555165771448,0
0.763977268428899,0.8588091439000988,0.027711107594516227,0.6516727830303315,0.8790106835166902,0.39821874269750507,0.08512173905550044,0.6971728272273046,0.9200527698715583,0.44408524005330635,2
0.8053177130032364,0.7618399328293423,0.2413316485498297,0.32213845008792386,0.9092874564415787,0.7810401477273832,0.2731268229109882,0.9799190616935353,0.793619282217827,0.3109215654995923,1
0.36298834721099615,0.7608684949493313,0.15079714153170232,0.6747136798745016,0.20857343561575237,0.3083888986957799,0.7552240192692266,0.2517533206197127,0.5024434781600984,0.8471235717483608,1
0.779958599113914,1.0196520907821958,1.0509686260534539,0.19602454971668548,-0.051796526057099654,0.6941327861359271,0.0447259732023107,0.7675413001069741,-0.2672009954230469,0.7763197831839843,2
0.5394953487436377,0.17462534549435135,-0.05327443102210477,0.011765440314579408,0.7641463382637471,0.3981601896194208,0.5784770614644683,0.24178020825797908,0.1492457290126285,1.0146977597495737,2
0.6010237347118605,0.18673706879185098,0.85787073666175,0.516556785946638,0.050047314010807246,0.7563340406212481,0.6790425927289129,0.5330977109976723,0.46912935327850774,0.8711048335243483,1
0.0717845904633205,0.6130569336405544,0.01491095267274144,0.22602047646622528,0.8439216662718722,0.7639779297060868,0.6480367527317641,0.4003189534899399,0.8331929818038819,0.9847192480806627,0
0.8022833565255103,0.7582786490810484,0.24244016445804437,0.3182212886326643,0.9121611822514051,0.784585973685622,0.274663521535699,0.9752357876592608,0.795736770118159,0.30678426230933564,1
0.6805220558204057,0.5086744713881386,0.7709734977658799,0.7431639167935434,-0.006557518600269152,0.3282010007746507,-0.06475423951940652,0.2815471143813678,0.596705654652188,-0.004632932939449996,3
0.41620358409490044,0.8005079020086381,1.4192424085876525,0.3635108677973435,-0.4125892951540274,1.0676434738211278,-0.537099766617295,0.7927407401533465,0.2660119329909048,0.2767454834375016,0
0.4471984996719534,0.6276894447984485,0.8249972986071042,0.3831884517756172,0.04116003980726579,0.4906580186814802,0.18265744155575958,0.6579107816319945,0.1563590893550799,0.8613768973816497,2
0.04562406625041274,0.49517709108811103,0.44350334704410943,0.5598530087028506,0.5757848640485327,1.025004452274839,0.1105573693513911,0.2674355835842769,0.03446705973111003,0.4636144803921923,1
0.22439857311869071,0.4370649134923023,0.3113262041409816,0.4346554238379644,0.7394367282254823,0.8495868968742638,0.1289890356610002,0.247922505484866,0.07033883861976711,0.32967934333390164,1
0.5721320533132872,0.7217806417956054,0.4254001990261862,0.3234298243397501,0.4485280992912739,0.5099059109241182,0.661386716625586,0.6257871648952804,0.11824075976712506,0.484411408979366,0
0.5834095129881534,0.044224261623373916,0.07193546076181742,0.043232203661322355,0.722294417035078,0.5277670282034536,0.6068844008453343,0.10106043582985688,0.3550782674994552,0.9144827149025663,2
0.17599387184629534,0.7962771778868937,0.8873716803392214,0.4591700386898832,0.4578493274054357,0.4028475781050698,0.6469478194118302,0.8187694484602931,0.21275550439594682,1.0012463159319547,0
0.8368729172864411,0.4153063068702594,0.8633271238448692,0.09296151494179308,0.4238199732768272,0.29886669961939216,0.6940539459737398,0.853757347091322,0.9832382782144022,0.42690111209208925,0
0.1525431102082973,0.8191305242125125,0.7974718642525521,0.45273596130420785,0.39092273257478716,0.49977487584785063,0.6389307491646039,0.7266789689814573,0.2232089159417196,0.8538030944971705,0
0.6555669455213234,0.24603961684590553,0.98988429871006,0.38408161194320367,0.7671629565832966,0.433685657570018,0.09122339683980027,0.5654610490125672,0.34374288902756633,0.341585953278958,0
0.33733803140773266,0.7833013470460846,0.8098150155170353,0.6788102268039846,0.48031891382231556,0.12131654989417198,0.7666085218350195,0.48459642899785843,0.36591391562700465,0.7239627027663939,0
0.10466377384762549,0.8144449802279016,0.8664345498740875,0.48336393017232826,0.3507096398433573,0.3421282995700191,0.7431395456290432,0.8369964021020538,0.10795494025233672,0.8656460870145373,0
0.23080463147545235,0.46244483768392974,0.929186778471186,0.46785989140606926,0.6608731926908851,0.711919562387696,0.3750638842752215,0.5343282932390967,0.34694275020634063,0.2053966053870596,2
0.6833990465927718,0.8839094344032816,0.038615477311754416,0.9758189111771323,0.8888158081341605,0.5028694914465928,0.1562057088940948,0.7051804089579778,0.34566788980034213,0.10316017517537561,1
0.6080988088954093,-0.21352176252852806,0.08652312331979112,0.05538724831670186,0.8526120836206338,0.6971488070775533,0.9357603463461939,0.052477587255028664,0.08667579033524342,0.9940841634153702,2
0.5091198928863995,0.7462193084813172,0.9410044838740818,0.5805794739475088,0.007911053762472357,0.3025012981440903,0.1837821480656857,0.7018332303561834,0.29464674697222315,0.9719257363814131,2
0.7219154660903693,0.03991579127863662,1.0995177205116977,0.5229610772958226,0.8507217161696311,0.42983065537799653,0.20236079656134104,0.44626895804678246,0.39494059043508933,0.39132886927700433,0
0.7882296314235759,0.3735527657958851,0.9116068661548304,0.6925180284479224,0.11679224397443311,0.28621850219786765,0.022040649167677336,0.18330271319507002,0.6249024258084409,0.1005153089945779,3
0.4658724440941449,0.6789186289874827,0.6155646268154421,0.3190894613049119,0.35321150493880865,0.8086213313784665,0.7289575355518517,0.2718010462360431,0.8850899096179323,0.8884304815163829,1
0.6531570390299695,0.38722129479790235,0.3698982371695928,0.7102693160780615,0.7171425803245653,0.5325174176769807,0.6527086499904877,0.266598771628388,0.7428527524785412,0.5141264183925742,0
-0.20411162175682462,0.17020758965117444,0.257453945405986,0.5691677351889165,0.7792787978560893,0.4412345787458238,-0.20654953662738984,0.349881149346459,0.3579824590072722,0.1258328459572875,1
0.5480693247842102,0.1587569567033162,0.875324367688231,0.3715966950775218,0.04634821197235852,0.9236354110925131,0.8988500355865416,0.4690898633235092,0.5709676160361773,0.8615291161920828,1
0.633069506033791,0.8008332526831916,0.5323687969203845,0.34371955337138915,0.42121292819778705,0.7841467674080237,0.6966447731734333,0.4130276132115186,0.8522234271368105,0.9518861832933272,1
0.3815959382959535,0.7599822247944318,0.40876730301628916,0.3088897307846007,0.36410668117218903,0.7825315580162185,0.06268875129253026,0.03419728081541075,0.22061741566189655,0.6357537334380811,1
0.7468137271509092,0.8007708715303369,0.2392163368288811,0.825701599647821,-0.05038797740798204,0.2107715323346305,0.9127620335108725,0.40194590479180126,0.9019138069359942,0.4317085278166333,0
0.8760269869780613,0.09062578742359383,0.6146636265026291,0.6380846317735998,0.6050370854200958,0.13335592371836785,0.4251353725279493,0.922422141226901,0.4661884699965173,0.025400816711568235,3
0.8789777008872816,0.03530183385402649,0.5841341877437471,1.1033594897171821,0.9240513110664833,0.9566729829368463,0.7382142267607429,0.77521544008245,0.9470582796106061,-0.14469945475795992,3
0.5114111669616843,0.21701911896281395,0.8508361630925619,0.4049227264640334,0.02844290595317823,0.7671653464568426,0.7256872460741198,0.6246914057352322,0.5309680545547382,0.981722843768701,1
0.8059317417556144,0.07764808584391594,0.18369553355671747,0.2296133689676382,0.8619507541845973,0.5437518517376418,0.8275282441429731,0.03659708382089581,0.18193379896449383,1.0835798552948313,2
0.8197694346674402,0.36674572718074405,1.1375657305609914,0.4142644673641288,0.7268472227470665,0.27773817158327085,0.017785254327906966,0.7311333958040022,0.39680567418709767,0.3698862260715336,0
0.23246951063357055,0.3005908093727153,1.0541495000714107,0.4185465570080771,0.8169972853083322,0.8630884881695917,0.3218940359413391,0.5118165481668618,0.3830192724361367,0.23823583778524418,2
0.2547135619315666,0.7700690152066049,0.39900636536106876,0.9176576449320785,0.2851422539690347,1.018451173250095,0.06920111704747851,0.6774737752010938,0.9309948142058371,0.6370278935897227,3
0.2708114513144302,0.43211362954398674,0.5840546582095303,0.9158801285731243,0.6072728951335876,0.49732628929078954,0.5789929306176952,0.19662657813012613,0.23077310020697728,0.20741937641218805,2
0.975976797196886,0.0662009605104299,0.7840049603351571,0.03447806200193883,0.9303967577895246,0.658177765044344,0.6034039008636441,0.6760954271648523,0.741036320842136,0.7169433616055639,1
0.805644570215019,0.7528523817887177,0.25122955538779335,0.3145128792491315,0.9196184874720513,0.7838152934808178,0.28018453545420036,0.9842020771069127,0.7969720977096822,0.3085078011355838,1
0.4106349876415578,1.1236590103734263,0.4524874311196229,0.3832902880805295,0.41064238181452506,0.6106390048822318,0.9918481351263583,0.14969121077327427,0.5310620479209578,0.9621366873072486,1
0.44500500879073646,0.7637112941507976,0.9567317025959273,0.7269483653633021,0.32470932966103633,0.06377377850794251,0.6597291092093529,0.6802332635743639,0.09689959181862387,0.5491338602749363,0
0.47834914210974677,0.06240562084687157,0.8501108277660804,0.5895381776383131,0.18687125043950115,0.9481846960599349,0.7728035374175325,0.5478288078729698,0.5188670464241908,1.1355499747184836,1
0.8170776593430796,0.06970446701185565,0.25327101846064237,0.7853526144685066,1.0088811905002724,0.6037787008663051,0.6082982526563142,0.8514292911391004,0.7901911271778664,0.5426921734641353,0
0.2935412091445852,0.21760997475560412,0.3258876066096811,0.47406348369830736,0.9601101068837159,1.2224370740854533,0.6542672173053915,0.10324005358661889,-0.4275383152660225,0.8154020383455395,1
0.3938045720283676,0.3846770697475342,0.9210401380755147,0.4849904147007461,0.9129363684634697,0.7480132804717551,0.16113520935313622,0.425688956048145,0.34653243126987526,0.02300422433211039,3
0.7618346664360096,0.8289769694252344,0.21878965371523246,0.3427581158223233,0.8525283651437853,0.818279338937905,0.29119999302753596,1.0002760800853587,0.7955388337641862,0.34920520644894665,1
-0.09111952500550209,1.0034647097924296,0.7490074364450938,0.7685403218205381,0.3161223807535224,0.7752724824156461,0.8683166290307761,0.06538240692110826,0.38582079317243384,0.1001965876240952,3
0.9536483578322904,-0.10275165359545907,0.38619268206542795,0.584707282707257,1.0896820218418322,0.5406274126138153,0.5611822413106006,0.7621675726693111,0.717843434411602,0.5699012681150141,0
0.8183824739543222,0.38026549284255223,0.04449249888217541,0.5025337698063234,0.280583526890715,0.48609996208435163,0.4372992598653309,0.15492637145798438,0.8113522965101255,0.6787950243000779,2
0.45880365432061754,0.40433820574669366,0.5590269619138835,0.7365680780037535,0.6505678422992558,0.42946142749824834,0.6314048199504336,-0.03867959549172986,0.8247318126037068,0.3337078493958996,0
0.3823354208391122,0.7619237971974082,0.8645865037431093,0.6972430380180157,0.5285346900892005,-0.003981884348754655,0.888464804059277,0.5717772959746498,0.20256327554101877,0.7182445903026353,0
0.19155527991284754,0.05011862182619181,0.3808467154087009,0.2879892381010877,0.49126472497382057,0.33449621274667685,0.6564818074946597,0.22581880230890808,0.44224542923008603,0.7756284762212743,0
0.3598915761235696,0.7663125203001705,0.9385410849135901,0.1740232202785251,0.17583849883841998,0.9406836566794843,-0.031867689872201684,0.7247512830877666,0.6481477978724509,0.7037576084334931,0
0.39806657314570026,0.5702527577493135,0.9283244685317235,0.22660325490044173,0.7301694499372283,0.7667006242093211,0.44802458104970455,0.474397994874159,0.20011727172724275,0.3869952746535071,2
0.7348004467097958,0.8616026044083648,0.06020871029431095,0.6444473965615142,0.8795046872867172,0.38471486599749266,0.10342019225661343,0.7163104994793393,0.8869021317696943,0.4241774910323719,2
0.6313192307662904,0.786454742383224,0.14283084669318943,0.7421652836724969,0.08652194378331489,0.3073595173207836,0.9636185725833621,0.3210875888930956,0.7963649829969327,0.38232167653844507,0
1.063653874380722,0.15299326750635034,-0.016593775027830937,1.445369239955487,0.684054350831186,1.0482526089330744,0.48947459435493923,-0.08899814631675323,0.6285991278232453,1.0477868024545858,0
0.784592889961946,0.32420673992348253,0.1247303020057936,0.5101594815874404,0.2275259629823158,0.5027576518955216,0.508188449274078,0.14480988496626068,0.7477649371905108,0.6195527064820712,2
0.22765958768086897,0.2630072090041166,0.33947108858179564,-0.3977788422957811,0.5193634537785926,0.7804688582014953,0.27751906238289625,1.1239823715018085,0.19877867636874325,0.7499325318279312,1
0.7174117015796506,0.22673568440422842,0.9924167521279209,0.36584090118361734,0.7974948129097396,0.41888715746866434,0.1477762616334558,0.6264261343760005,0.3207930053998561,0.3056604131148912,0
0.7070222995076484,0.1133554515005021,0.48980289419130973,0.8464486287248346,0.7619192253601725,0.6579921525261434,0.05058735497139586,0.1320545931029377,0.1799979032947843,0.20660129093912533,0
0.31418961655899097,-0.013344284986338828,0.32502353592851513,0.22708675883499121,0.44079054558697817,0.30064961385128314,0.6411893368815282,0.4000273975842926,0.38707785786095217,0.8417760300096947,0
0.8044211073288877,0.7565457573220667,0.2449777999744764,0.31730894613804783,0.9139421554756488,0.783183233400448,0.27583598804319126,0.9773397296511694,0.7932592444847132,0.3087002462426259,1
0.9383316632422429,0.276592657916891,0.7988294096052303,0.41194763742550883,0.24534132561753244,0.4834482905324552,0.725815899101195,0.7156112967503213,0.7711685853917362,0.6282337073552188,0
0.64410546343882,0.85200849472232,0.2835154181468058,0.5339475252800691,0.5415092789631639,0.3073529922395051,0.7405940226992194,0.48907919870014915,0.0949044999630722,0.6597604296533421,0
0.6996624334104982,0.13670283050835938,0.20125007394009367,0.7142596157294467,0.5476783237160878,0.5789715844732977,0.6264506153196032,0.06923819524406158,0.8701900043013241,0.46735898747364124,0
0.7518023893707507,0.30755226187281326,0.5584987598790461,0.9470862211897677,0.5800123108158016,0.7184078834110958,0.5986115978574857,0.28502532362684385,0.9934200052022122,0.7324141165360969,0
0.4827325484297164,0.13227557094125392,0.4169286826712124,0.7620350934440264,0.627785035289105,0.4409292539029188,0.533884239372912,0.2461940955879505,0.7226020223778429,0.6187798411908645,0
-0.025144291173443245,0.7272959997315076,1.1576968968632189,0.6386726271682246,-0.2439451616433711,1.0838020403407629,-0.0549564480816921,1.2149528924934119,0.5412928272109868,1.0485596470219827,0
0.15468181091329183,0.4119038358290875,0.23193375176933875,0.7628573280565915,0.5225274919354681,0.9227708071066782,0.8799153028136256,0.3837887541726351,0.6884650580086971,0.2972902271597425,3
0.5839891442924182,0.6226622242223618,1.0518046538401844,0.513036110467191,-0.08020810235225162,0.6600637792859259,0.3662463859077985,0.6166015909795544,0.4045670907550881,0.5137261489470456,0
0.6725144691847542,0.22483220940044374,0.4810102539602922,0.7504262704764145,0.5285283746989773,0.4440456111593497,0.7219575843879353,0.2476559578914675,0.6698682209403989,0.4168290877595125,0
0.28371136102345373,0.41828634175357593,0.5819384284742963,0.921999680511629,0.6050359627851203,0.5051660471543252,0.5701232373196841,0.18714494381140082,0.22668666788821895,0.2156136317543873,2
0.7043216420987048,0.9571720940815329,0.13015351556645446,0.5471430449729984,0.627940392638447,0.40828526233406615,0.667343841390858,0.4816301597404045,0.11247467726219197,0.6521185005990368,0
1.0102556880411644,0.7958272211730505,-0.032259888581291446,0.41319027731836777,-0.21261772437385928,0.17091997095672204,0.5117019126625854,-0.014404591758320928,0.8108748934836154,0.4459868301249038,0
0.3038499201964733,0.6950087460201609,0.7085082664678728,0.6932923802814145,0.4730076592226538,-0.4859526892955426,-0.16946676732590718,0.1528837531929008,1.1425002363917298,-0.08005648976756943,1
0.1841555830578441,0.8678992610143141,0.6552143858945654,-0.14680880595317186,0.7880543917560949,0.6657315863833765,0.049925482878656946,1.0898797466697576,0.8878057891596046,0.3321065352744104,0
0.22887956301452114,0.5559101078211388,0.9350494177035297,0.05484872405468066,0.4165788656408873,0.7063272634955353,0.12461099330074625,0.41341665440550873,0.13587887964675388,0.8350511598905503,2
0.6573818326646789,0.8859358019680434,0.24021738386572714,0.5112625244421283,0.5557024740065709,0.314777711074832,0.7140270761438686,0.4563148735899093,0.09026068143574387,0.6477806955168459,0
0.6876347384165089,0.23600109959627882,0.9787532572584184,0.400894032878311,0.8023854538438712,0.43792118740710684,0.11203169420329633,0.5961495237899687,0.3583670027236666,0.3028291593266492,0
0.3396923239781188,0.4579375788676079,0.24681046715161437,0.6181360638344513,0.8408266842343582,1.024442675774462,0.32073306014551645,0.1288199899289705,-0.00859899818360553,0.29971428239750064,1
0.4685144585083367,0.2718745375748933,0.7909539209274312,0.30118724184288026,0.6865316984898605,0.19649202560870416,0.8867996223149197,0.7152297375019673,0.7818815428611134,0.7346809671770327,0
0.6843777458714994,0.8842376843606261,0.0371976050377409,0.9739873461349345,0.8889818355106914,0.5011106927217874,0.15570123177024633,0.7033059504124328,0.34856173311184957,0.10163283448489052,1
0.035348260107937436,0.8843467336874133,0.8364343698711962,0.7132974626044594,0.30639926774986875,0.8211020016812138,0.8155718967480166,0.06429445522251345,0.43460310483087067,0.1303907034177077,3
0.6917360843719331,0.8784210475336625,0.028249949098030573,0.9701340950240775,0.8938458959285113,0.5063029478251002,0.16059933898913953,0.7079422729633049,0.35494809529666554,0.09963956299360215,1
0.6210476083559922,1.3461806542218415,0.9904622988342051,0.5169825027101774,-0.48652726448601324,-0.15681753270814147,-0.45202258306731546,0.4354711209612634,0.31994558249238764,1.3881915945585261,2
0.6532623555266377,1.0248741791488074,0.22804132103088415,1.1203267142998194,0.8522145664490598,-0.029862232784172132,-0.32600960339628593,-0.1090822300965037,0.0864077225710091,-0.22710352069540712,1
0.7155535211651701,0.48887095780932943,0.3898453111799935,0.5286343691611195,0.9951467631772541,0.8029717104595352,0.49782783231126837,0.21091494790815324,-0.04338717690461952,0.23744312037334264,1
0.35115550284911196,0.7557481296639159,0.7375279323633347,0.6422424999357728,0.41129836516541407,0.11035923825824218,0.7790865246998165,0.528107782385597,0.3354679308572394,0.710489342427097,0
0.7800200022419801,0.10800880712531613,0.4415267482939988,0.7990803753581179,0.7194696272430274,0.6717336596404592,0.08389409585916188,0.13433325573451546,0.16627495509757523,0.13516383947080285,0
0.8241853849892714,0.3388618662222427,0.9109016634364017,0.7796865083105354,0.1254275506727021,0.23658256493670424,0.028611871631114526,0.2517402078252024,0.6731748002445432,0.11622405723383547,3
0.7887764854555988,0.383397031623554,0.04658697958367472,0.5476695685876765,0.4612961755466815,0.6557823651113057,0.7551726197262558,0.08314953999269964,0.5863773029999317,0.16241174385190874,1
0.8756233434642876,0.7158754819673989,1.1040424484222415,0.5733705424616238,0.8547847181404147,0.7526077831784572,0.17652283688525078,0.842823477854902,0.4765298406554278,0.5919204487776564,3
0.4626440112731404,0.7935279151016861,0.6948421773656704,0.7440636547043845,0.3913302576302914,0.0636641340395903,0.8097258070096772,0.3715508765053131,0.28937718199848594,0.6238007389422673,0
-0.19982743384410762,0.6247007780906907,1.2279996855183755,0.5265445651488246,0.048084322087084796,0.2856930438546199,0.4483183965730244,0.43669395979405595,0.6330883270937095,1.1271829033096703,0
0.6919534046130574,0.8385988833523755,0.3263751588864481,0.5536163733207128,0.4931721865275765,0.23177508419214027,0.6720490898689088,0.5409913574399006,0.0834709646104302,0.6213450392960523,0
0.4703692309702906,0.3843640232815889,0.43728050619393344,0.3030663322849608,0.9306327821723414,0.8752420241758179,0.07657185327519678,0.17112427273499917,0.21863582618376753,0.540381993743288,1
0.8416808627379311,0.721902872698435,0.31719921742344714,0.36983249197125184,0.8702255393267984,0.8462602515281253,0.3204150412670898,1.0297087318605518,0.7972953961666337,0.3355812241108557,1
0.03973216282079439,0.07917044449280328,0.21854452447117967,-0.022144302866227254,0.7376482681064037,0.4411940398188553,0.6562907160936682,0.12093859027661616,0.7333794840580624,0.8761677184211072,1
0.6630725018142468,0.2036593805470395,0.9670347687897164,0.44281452354223827,0.20952107195655478,0.7552555617820516,0.833278212951709,0.5950185072423647,0.5211681086540983,0.9604757290617214,1
0.5118928494361711,0.11813047108314483,0.8410840946905148,0.3950292008337419,0.04752002465606107,0.7695184893417498,0.7429850948125307,0.5668264421436224,0.5265188164695217,0.974352333747814,1
0.27414813671322613,0.4315487878505789,0.5900570581856955,0.9210389709921053,0.6060020061750646,0.4937066012048887,0.5825955869838542,0.1932222072730138,0.23199737517939834,0.2102473427317688,2
0.019974513666534167,0.8591953297947525,0.8593575590642916,0.7134376128198913,0.2942433316123692,0.8084857180168076,0.8441273523102522,0.05457578695110111,0.41170366989816964,0.11322611087445056,3
0.8236396933000153,0.7736139487683485,0.22783196356352278,0.32714700207119707,0.9321784833081171,0.7695366471143101,0.2815676647007831,0.9823765021702815,0.803462033312201,0.2888628073517065,1
0.4613464762527455,0.3752407938507407,0.8130430334722415,0.5241959153758028,0.6407357149024362,0.5428095017677532,0.38684036961074453,0.7416621364466807,0.8904376956292013,1.0599396001382768,0
0.7314622458292854,0.2628513475235146,0.7350976814084895,0.9527896603913677,0.9620340029014018,0.6805930858734396,0.6375159613105625,0.8372786300523384,0.8779609034753809,-0.06219603858145595,3
0.35836034767626423,0.8417152909309846,0.7767722228083426,0.6668355096811843,0.5303051389796056,0.09784715378791095,0.8389614899442783,0.4038738607491025,0.3019302802761366,0.6991352080150804,0
0.2513007579627791,0.21314827250312662,0.5697302120278913,0.32438686571193937,0.5300851769462638,0.21854910908183955,0.7680240622496104,0.40996867362506456,0.28651252832715074,0.8764515511745956,0
0.5202949377257364,0.1443810380759992,0.8240999090372109,0.4193067510177387,0.11214181864455275,0.8023686498725239,0.7324091939813125,0.535601324342289,0.5183797689022301,0.9901610788705709,1
1.014789695322909,0.8789095582893359,0.2988113017643024,0.38369852593809994,1.0191807053931885,0.8658843070685172,0.44433167044349964,0.9250388270638497,0.6349702613831698,0.388069332053041,1
1.099692369189085,0.6858012227651009,0.19495798827952487,0.8045910913411196,0.8530605970457423,-0.030090369570939635,0.19516332520853158,0.18201361495070742,0.5497220766291551,0.3255204605772617,1
0.6682750208076164,0.8386151173343024,0.21616093165793882,0.5541211973562237,0.613046305237215,0.3054195279281105,0.766883795384095,0.4487192527418469,0.08998001662045714,0.6255021557174684,0
0.2602964812675831,0.5478536822853787,0.815466422251415,0.18030929487659356,0.8699077487341319,0.9953933089676842,0.5689845549699649,0.21390282942126826,0.16849550128023721,0.47417644315425583,2
0.18776683625635343,0.24759872875143205,0.7215264412808998,0.439939137809538,0.5101892942694384,0.5295006220385612,0.5721964968971753,0.5134130746971985,0.7022911993632914,1.1668811246851383,0
0.4277180926415521,-0.029823890706814987,0.5851724059779073,0.3475902000183934,0.4199212732272719,0.3378533529590772,0.8757984250277305,0.39026190532540295,0.3049521725746529,0.6244887756844586,0
0.32921035983045543,0.8806751182868837,0.4795270710384756,0.9270554208873196,0.12054635361112351,0.8895555475508035,0.05037129449238248,0.554978410960519,0.9949781026016926,0.6134760961408798,3
0.7331022980229437,0.3709483852012961,0.8590374053594209,0.733653449227727,0.09183864911713296,0.3269743671526978,-0.026209131298283603,0.2372274965814234,0.6742255753319779,0.0855127093515541,3
0.7593393078681691,1.0917286120827276,0.33309308995166553,0.7084425655320606,-0.06834778858124674,0.36856472328361745,1.0560994296070654,0.2226866406826384,0.9458030877077908,0.40130637277373454,0
0.9363338228251499,0.7209543327412976,0.9672730734484785,0.7600561261939612,-0.07055872650339237,0.38994766063695374,0.02617134721495957,0.3628934999339125,0.8215186674186442,-0.27289306135952807,3
0.6373440981681372,0.8932409569888549,0.27143305759830777,0.500886774076744,0.5737715436784762,0.29823890928453833,0.736364023285504,0.4684896993817483,0.044675982590664395,0.6444234947301756,0
0.4436063425356624,0.7941289562230163,0.8800821724284237,0.19607003034769677,0.3101327070568658,0.9954232883773109,-0.12451456943279393,0.587396040432206,0.7681659257599632,0.8210329154545886,0
0.39948433460258775,0.44563934266889366,0.5071702396354155,0.2396479908779931,0.47460899750156116,0.2968241467477112,0.7436382475115085,0.5487105160314254,0.7400557539209726,0.3625605514988854,1
0.6113829556304998,0.7266820932650176,0.5041746748972538,0.18952954712912007,0.2680912263548092,0.728306415701247,0.6975871530790146,0.3014478436028741,0.9202110626469072,1.0250062504779514,1
0.008826671464158345,0.38438687056509346,-0.03492951459302096,0.2897821961344413,1.108038541026573,-0.49567156349942443,1.2492183397722438,-0.30105107324648295,0.635004856941246,1.12531950495627,3
0.7513028488820966,0.8457690941110765,0.07619873370102641,0.6520394097392714,0.8793204045779826,0.39788268475634714,0.11999932553790699,0.7175727363417499,0.8940128852256364,0.424979052983721,2
0.36637885311574214,0.8015373477981883,0.7755485878759513,0.6864811923965637,0.4420246717778007,0.10902869138375208,0.7957840500296101,0.4789446193290689,0.3253206528199777,0.7133334837126926,0
0.5553788651152958,0.18781514785159978,0.863731080866379,0.46001998910455694,0.11935546636838049,0.7950502849799188,0.694418644983939,0.5363019280034897,0.5335302219119133,0.9217983289686135,1
0.6411786577957211,0.8972953216495257,0.15649402435458276,0.48583907600094844,0.4536599914509426,0.2835111416962458,0.7938936874619993,0.3975634803134557,0.009805028635741092,0.7033795783076875,0
0.015996822713806536,0.8660868414787236,0.8599345164533666,0.7334741707891874,0.33526411060379646,0.8750286278365235,0.8591853352213064,0.037224153925883095,0.3842422223250397,0.18456802804358965,3
0.9007730841015048,0.05464579450096192,0.6230738709531115,0.6245844023249432,0.6286848531112706,0.162091196916279,0.40335479836322063,0.8963783148470197,0.46276357351262765,-0.000617222954715009,3
0.9613054383432691,0.0439068879396257,0.5442280005373583,0.8469903622804901,0.8979119450725339,0.5759748337159495,0.6753443266502874,1.0629178349032289,0.563245709313639,0.6581019776596193,0
0.12016786866244468,0.7119996517970678,0.46321532041175384,1.2681525742323176,0.26727871747832915,1.1567286086259858,-0.06767753394273238,0.3688702975352839,1.165925468672985,0.8263802585667818,3
0.24890897899739764,0.5681912789756192,0.9389867457108151,0.01738957509152169,0.43105127730842596,0.6718457423879692,0.14121765617473142,0.40218236359781145,0.13024012855278458,0.8146935445359518,2
0.2814867641853951,0.13654019632484907,0.7895999235600523,0.6184306649506683,0.7765605596956272,0.326752581907899,0.4609904157880952,0.6696349486907913,0.6805541295186637,0.9914521394558972,0
0.2553669756523407,0.6219303209421503,0.9007424157061116,0.03461936125159422,0.44702453962401756,0.6595384255755661,0.12364314701469369,0.4108152404543891,0.13880998099234004,0.7649392952278861,2
0.8117453982455709,0.7434199554033396,0.2970200899213835,0.36304947265932913,0.887591615023957,0.7887585384873866,0.30107601811457635,0.9536227002473068,0.8169711634945258,0.32833598982397383,1
0.637182314174613,0.2837051547191377,0.9370045833210868,0.2960701256631776,-0.04636896941710683,0.898174157886656,0.7373065171319181,0.6521947042198988,0.5988525969861206,1.0761250480416844,1
0.33285247248402144,0.26425256602279473,0.8353658782614939,0.5791266735832691,0.7172004023793377,0.399835157241941,0.32927425086794465,0.6781313885797662,0.7354846308576206,0.981718042608275,0
0.8531391586181031,0.35957462942975904,0.20962601447871215,0.6292889580061518,0.4060336983231483,0.4014515084147481,0.38320358464803883,0.2513953768954439,0.8931786508323365,0.7232183003620485,2
0.7566599385636831,0.8426323301639143,0.07508793518366443,0.6525569659958936,0.8813939223536708,0.3925636843712669,0.116003930342206,0.7221935450151299,0.8886733373333975,0.4245287217181959,2
0.6814155667683107,0.8856745969257211,0.038315405255933146,0.9773433283086008,0.8855872148584814,0.5046295647926146,0.15463241519516677,0.7006346530596976,0.34618900387772256,0.10042446459953011,1
0.5776902003841594,0.24972589984762,0.4143634299231805,0.8672002840397923,0.5199844728328822,0.47122166247876124,0.6767945454916439,0.30829756793414653,0.6062302789569924,0.48474960504739584,0
0.6920809984512308,-0.27409130927522046,0.24556897943945488,0.49113547340686825,0.4752054209089007,0.23597245588229582,0.7014461683438187,0.5427817718186952,0.5058036665022282,0.3674203940858875,3
0.4269310018303367,0.19966194458269265,0.6638501480470319,0.4825759751186372,0.02872761202517654,0.8335842368699069,0.5700667567890938,0.5237926866869068,0.6059139247280603,0.9341080105930957,1
0.39308535750296614,0.5968454202642002,0.292838938523288,0.6873966209216379,0.04874176678100768,0.2270163527216927,0.4863255981872893,0.6243941212838864,0.162170160333811,0.6508477800373434,1
0.9814816453356864,0.1164547652833433,0.5667665801404066,0.683743495105291,0.748160850058094,0.1270246407202327,0.3600983844342184,0.9458052689266503,0.42080070430958366,-0.042746101309247914,3
0.21270584148890115,0.3292782771521635,0.7525374426871003,1.1902906434511746,-0.5379996567108009,0.4527544695838668,0.5386179153526203,0.9918105042612102,0.9773652178821156,0.548897293996047,0
0.9167195033087314,0.46929506318462266,1.0437853602877687,0.7117789699160553,0.04895240443262497,0.223990785931793,-0.06273195448948753,0.3307680981807592,0.7922667138299646,0.028987876129776297,3
0.2903848658550726,0.7685202388238231,0.7781135359705402,0.6818051699809511,0.47382875214718206,0.1520246135625918,0.8440712062893274,0.5276152554075045,0.34345639992933763,0.6896059428336415,0
0.10466789243359965,0.6130532755471131,0.4366436139295109,0.5922832613281697,0.741994826837507,0.040648173079327284,0.981743664747088,0.48707873669907675,0.857588529279248,0.8871005834452435,3
0.5705878160540632,0.29097912026608896,0.3903331881487466,0.719195721586008,0.6020739477052671,0.5474372351970145,0.5959967298978978,0.14989940798829074,0.8122676062747132,0.45411929234502607,0
-0.07343982700832954,0.9303301047727792,0.6926163055277967,0.7142336490682449,0.30594704328535266,0.7001904100826121,0.6703692234939235,0.11109052708095696,0.497309697537447,0.011876303174866529,3
0.6569649383624493,1.037023959972958,1.0650368936879915,0.9444075018011467,0.1864102417522908,0.9217398262477055,0.1448703854764636,1.1880189569507542,-0.06569096678952008,0.648983657402272,2
0.8033485409068529,0.7564782041804727,0.2445177070139915,0.31818338410391234,0.911811234006705,0.7852320532974377,0.2739544069664294,0.9771307855398603,0.7939437927559693,0.30880319277645324,1
0.7727459627443625,0.37103821825239985,0.8926130985405794,0.7388995995075078,0.11382750584021493,0.27613067598969276,0.0017379757736569528,0.22064743454164604,0.6446944011050956,0.10061541928196256,3
0.6413692265876068,0.7125518325552841,0.12041201050606642,0.2847033835725382,1.028635025955117,0.7661233391799821,0.40870737811417,0.8311597190803266,0.782466927662555,0.33792628803702024,1
1.1000064252530983,1.1795593805950713,1.0123549376212155,0.7797746184549501,0.3210890317725027,1.063052690133371,-0.16242131729878617,0.6493430838882704,0.4729122763310218,0.6845572076506923,3
0.27328659423553586,0.3805244698109951,0.8062097132341227,0.2988662262671997,0.24305984670529104,0.009017929010828873,0.252297649735555,0.541268946253929,0.12292784668040518,0.7270557835726505,0
0.27260432955850844,0.746328175684742,0.44242428572607556,0.9503304331307375,0.28387932284270545,0.999733160523244,0.08534360910091739,0.6860747790137984,0.9252679361202196,0.5774748108424607,3
0.24539713618784292,0.7498847028927769,0.4426622556107273,0.9578088481058744,0.29104942850288934,0.9825306732192584,0.09181760304561891,0.7297810665836982,0.9067471155296482,0.5825872523208723,3
0.30867337946950124,0.5167033878299447,0.5861867691296135,0.13784853928409196,0.3242785996356003,0.20499184954955807,0.7207862288967617,0.5969703815503393,0.6223822251804603,0.5313236186909788,1
0.4778052310401492,0.1274368846833139,-0.20038080673606462,-0.21974271700172882,0.624481761104794,0.4135251733273405,0.7754466359838001,-0.014565083605002888,0.297754300830046,1.008843342031333,2
0.3473222999066695,0.7312748878056804,0.8053912318935865,0.3844643113887428,0.12088432113720064,0.5069582022279852,0.14395727163507027,0.6765207639784199,0.07889318589091274,0.8508438594743771,2
0.5495099514599988,0.673498767627049,1.2310976549616794,0.37975406225364694,0.6181155626433708,0.789549193901455,0.3394843288833247,0.3984027255144737,0.16803028335350031,-0.1190343751771541,2
0.4898503817457403,0.6950997895480606,0.6536857427730581,0.22861738264898077,0.37249506504053903,0.6764718827343892,0.6149426438856361,0.2482248990896047,0.9401865091933557,0.8935944567390617,1
0.1270631249384189,1.0302632523068023,0.2811562534421833,0.7387950445814111,0.34123205792042177,0.40591762172404827,0.9878495048078193,0.49329444642212705,0.4379016467144149,0.7777617846517353,1
0.6140590236687504,1.3808436967203068,1.0522636505034721,0.9282591351399422,0.3724342296828487,1.1579488467073795,0.5636022268822437,0.8647061803196348,1.1190635651762737,0.5876706472297728,3
-0.19991236894232173,0.3878431722473618,0.9068277141781258,0.5329002863049299,0.2999391298829648,0.3590660343233417,0.2648462899920332,0.27181299787959934,0.45452056081360603,-0.008614822001530326,2
0.9140447720774463,0.1684606684160496,0.3247179200956505,0.2632574585031922,0.39003199008772355,0.18982304724749646,0.7850253249832769,0.29133943033158344,0.8542108610746583,0.4621955480695288,3
0.8421805093074755,0.3035542849541739,0.5077401175256437,0.8818673139290373,0.6856270832384002,0.6914550541641928,0.4559124952589605,0.35968677809406147,0.8902454751614214,0.6421806280420332,0
0.310725740792415,0.591806134391226,0.4308279736364555,0.2927007606004368,0.48372842054642673,0.6982245006929744,0.005268247116637252,0.12235931620219523,0.11401109821445148,0.8871700618877167,1
0.7580652567808772,0.35810349474601566,0.8771422802054986,0.7194999306803079,0.10235149052439234,0.26478750434589327,-0.011895761714617446,0.21242078592774558,0.6476525603749208,0.11047930758387256,3
-0.13840355854290554,0.33002957840073033,1.189540729150468,0.9817684021636858,0.583859791571766,0.8631796389695204,-0.3693613195880293,0.0868691793359685,0.04627412810832715,0.4292708608916604,2
0.7588250308169753,0.44640967177469204,0.38040402063366896,0.8644493105551427,0.5371593854231017,0.7718451132057484,0.5458696036652473,0.20927981544826535,0.6857504153105829,0.20131440906986783,0
0.3312148457688605,0.37577920460106584,0.971748168679732,0.38115756073344864,0.6561613484513424,0.7084337806408374,0.37678009252542016,0.42404223558421983,0.24861988327594262,0.21120022561492052,2
0.6867624215198125,0.881782400550696,0.039725827011488184,0.971056713180825,0.8882654261093241,0.4992684772224358,0.1531530829665509,0.7055317442138433,0.3440825898662275,0.1055554044360371,1
-0.06803793081688425,0.772209395238922,0.5175638607144931,0.6251240778258512,0.7313512735634561,0.05288768746096212,1.1067577150153614,0.4755723418074249,0.6707115487022285,0.9047922978520886,3
0.39653032144934064,0.6669692371242153,0.7902535468013924,0.41383164220215857,0.06433493842051452,0.4628006116773654,0.20429199148343025,0.6828898932527239,0.10457285743612195,0.9062507169660771,2
-0.12103978245720609,0.9110380131001166,0.8832054636407191,0.3463066470251166,-0.2534698764666037,0.637187768141706,-0.19023144097377534,0.2736609547535947,1.0958472795251304,1.17702882636656,0
0.7981656515750579,-0.08395281015595649,0.5182373914808645,0.5787653024481355,0.5795971405348557,0.06622273551611994,0.3561163311693758,0.8734394995369049,0.4730557471199661,0.09589063662471999,3
0.2567380093251074,0.6684123994562723,0.6623778465648619,0.5187827759470507,0.1521289604227341,0.4021514713607276,0.03373182072018646,0.5896101578979926,0.16446727045247606,0.9468604351785977,2
0.8055787644819634,0.11195864419845641,0.13177104234093917,0.6099678146443861,0.5837106989041575,0.48551689869939935,0.7609310378575306,-0.11943697940714265,0.373371621932687,-0.0118517883495248,1
0.7148842571022956,0.29632910580323474,0.24702682295804404,0.571930489565552,0.5933035096350401,0.5327724367757505,0.8214943544253399,-0.08740684554303083,0.6040669021772506,0.11396546468599572,1
0.05113399098675028,0.8842582897998343,0.534976347134775,0.5830445701108138,0.7765093159094429,0.021368224207734928,1.317521587599081,0.6694898303646231,1.118166283810944,0.816431919321263,3
0.2809304871853446,0.4333309611064708,0.594063793430277,0.9178491618987468,0.613911457011504,0.49785855109352667,0.5883693779792502,0.18786198090045114,0.22734728933218312,0.20035548820155527,2
0.135599695961663,1.273197327878581,0.9399569207898787,0.5940403479183903,0.29674656374884734,0.20167748800251437,0.7223067498389519,0.37881702718570387,0.6728116413137185,0.26899565976652845,1
0.8845091458725322,0.6933867486338139,0.048000959669919824,0.8038404556336913,0.1931202280314993,0.28798277908134123,0.0992549554091099,0.9191818151728304,0.837024997514181,0.6614735902091607,3
1.2555499584763934,1.6334611140369324,1.058722538874787,0.38283403229210183,1.2319253577966944,0.009032290359010209,0.3672438609216625,1.6545064890712926,1.0081662714742623,0.4803891608795588,3
0.8307662362592694,0.9026148342451706,0.12836141383208383,0.583737780409478,0.5495408725918981,0.3001072412614072,0.6931676406644156,0.6103070805506937,0.2062806923107235,0.6977429050172564,0
1.0635989717679268,1.2525939241946662,0.8802665115637546,0.5589531328815709,0.9292836487046099,0.8480528359721125,0.479049565284623,0.46053706670342126,0.3767674663074752,0.43163608222104666,3
0.28944215231820164,0.4240366873295218,0.9702587685143259,0.2652790899310358,0.80715019062352,0.9754857376459445,0.38231008527668464,0.5983038526412843,0.4519189587094593,0.2891805538739486,2
0.5490020759597789,0.16377850140402503,0.83406667930952,0.4394402333714548,0.09454565972317851,0.7628661881029578,0.705755475072734,0.5750360950154443,0.5398803822648177,0.9476229457502178,1
0.4345375820241366,0.29771856462949803,0.8885081741096938,0.6929309950208443,0.7019013992810563,0.46736337224459007,0.3675454946767987,0.6892437103914861,0.847345326083874,0.8687553085117568,0
0.2284231760956345,0.4387049963936364,0.320359341853,0.46965759534376644,0.7430254315155205,0.889143964668549,0.16356672293391655,0.25249547342835954,0.09710664836114169,0.35522558076966604,1
0.7375938676443528,0.16792450060308867,-0.024554578312729947,0.16628349560673672,0.6406695640822738,0.5519210793986007,0.7574675069221585,0.23776394421170374,0.14550882922313754,0.9556569017848056,2
0.25073523569485434,0.5816433303961367,0.9439722403401516,0.027742759667308513,0.4168656183132946,0.6842927000829327,0.13929487290414772,0.4076610622162541,0.12049280683123209,0.81673330112811,2
0.24757434911634346,0.7750829552413909,0.42056215531687363,0.941921440887645,0.27734749062255554,0.9942478878199329,0.08647021338865987,0.6788962516096135,0.9464509608700457,0.6095069354405237,3
0.5710061499159629,0.765951381502602,0.585600148527331,0.2559596600160313,0.31667360964372065,0.7595730316613872,0.667031601889741,0.3228216231978921,0.9682532508763967,0.9345074891866865,1
0.5148262574681555,0.19952493989476638,0.7858294276342814,0.4879979584229101,0.07306213474004589,0.7251913693961123,0.7089515046522372,0.5237409746973224,0.4953799417006673,0.9527708095670888,1
0.1444355204540385,0.4916803875416977,1.0371851653057322,0.032495803761438236,-0.14913240411506262,1.091938696241723,-0.2658340122250523,0.4356844182437088,0.7861077432617316,1.2148658480886623,0
1.0776726454862036,1.550000120098979,0.28544185079977225,0.9471300690928305,0.8503710831407878,1.5583015049250346,0.3917944357539068,0.0010998997891618068,1.0487552325107652,1.1362741452323186,3
0.4417079169122865,0.3987718252115847,0.43661403501642493,0.21461429515913139,0.3388540536079554,0.3876978587238077,0.7075090422359398,0.5054857730623837,0.7564505122551545,0.5504170879332858,1
0.41304013288448443,0.9691853365451926,0.1703624598966064,0.33189703762436984,0.6568412451667626,0.8321345342317951,0.09790213317378026,0.16896656223761602,0.16373353249781203,0.9136213671667267,1
0.2734041963246764,0.4295127240331428,0.5880647970750169,0.9146814048479089,0.6051437466470271,0.4987899675551646,0.5785467214530408,0.1966624069773767,0.23201388432368186,0.21011813665416754,2
0.5259965447722119,0.6052907644729467,1.08138988477372,0.8910607087862976,-0.036297823156035774,0.01569057429980325,0.12482448874974919,0.12018947633087056,0.5007194985469392,0.2008334821308432,3
0.5942071330629312,0.7122578742546899,0.33499699184017423,0.42174348211063023,0.45806943029672587,0.43591887515516425,0.6506290664010295,0.42444108020298266,0.026951349573167464,0.7241271470275048,0
0.2955054508460324,0.8129881378970822,0.30150019311095677,1.042866564463987,0.3641927394696707,0.9153454865372754,0.14321177633984034,0.6877081007677495,0.9290748874911376,0.6746744178134021,3
0.7502320302215096,0.8461397039633534,0.07530879615804677,0.6534382600999764,0.879445722667158,0.39699613253545935,0.11991375155783189,0.7183339049429507,0.8929630730306175,0.42547169650291444,2
0.6078255880571719,-0.3073254683067522,0.636126370550288,0.7040438962628348,0.3431545399001809,0.2133603698539303,0.3643766990283811,0.4627415431635724,0.9430721712486055,0.21388692213981814,3
0.3393401302521565,0.786517322792801,0.7550525275361188,0.7097928744732197,0.48918138159609603,0.15397446197085232,0.7762251471850614,0.4974247997501276,0.32738437227118744,0.7067098323523885,0
0.7209509926374282,0.8713222398717371,0.02716553343716191,0.6435969529454885,0.8785935169895462,0.44805719621294604,0.1268391963375651,0.7302738278831156,0.9237347049788636,0.43222976090865267,2
0.8996064827291222,0.83669094853555,-0.02013393366046823,0.8478197923665673,0.5733869154565843,0.5603125215053268,0.38458516141864824,0.7907669921791051,0.16871599162706122,0.4318239031973457,1
0.8505420628168519,0.7243289430289162,0.01736593033118006,0.7451337338954763,0.23684627884002318,0.3341418475104226,0.027465904759209195,0.9469469451538108,0.8033165843698871,0.707795924096993,3
0.2441377560074317,0.5010554174674987,0.45579274989880836,0.5558598324356527,0.8187698619257484,-0.0043050686859302705,1.1966542871323584,0.2801940907404769,1.1070754034303882,0.7525882873580216,3
0.5864164637334653,0.42782639500984665,0.8594397304111552,0.16629487058256404,0.1413183301917343,0.46312623387912655,0.3980992404317386,0.6465341392288368,0.09944520307927562,0.8119347236356169,1
0.3449853230284314,0.7251028404594623,0.20423503034782356,0.6425228737470419,0.23464642082217332,0.5332165275862225,0.7817505837617367,0.2204513201956964,0.49327916934637017,0.7787643724151176,1
-0.7080136809808498,0.6485689627923314,0.32063141223935526,1.181196506184584,1.1342866107590397,0.05893021424032092,0.7612877323726637,-0.3568621993892931,0.9510255859746247,1.0748381956826154,3
-0.2222955424648972,0.9518535561658876,-0.04628564870859891,0.5080055251200961,1.2401921715545776,0.7529088351372045,0.5941595108499993,0.42768356276075026,0.5128556810133109,0.6475012259187519,0
0.26348878348189786,0.5860721386075446,0.9439750874244089,0.028994127946185597,0.42944679373687783,0.6836348776858036,0.15229706365773932,0.4088951137805466,0.125808883699883,0.8214547110763735,2
0.8073891486661515,0.4281503977541918,0.9729943129479821,0.8102029529716012,0.1376778336937061,0.24092709451454025,0.007863770149473235,0.19962936926973093,0.6522242493940714,0.035726608158131126,3
0.15750697835490438,0.5860332414639146,0.8523548758422929,0.8044331063506014,0.03832623450916067,0.8038689761193526,0.7492732217194258,0.1496837355866591,0.545138112463936,0.33402957183902093,3
0.004423854609338931,0.33602602243506324,-0.38852507031358496,0.37134890690604794,0.48331520222471386,0.8697997861882094,0.7986655387492216,0.35987392054588396,0.8824299320811956,0.8417252223563303,0
0.2734303398237111,0.4278964086813704,0.587628683948945,0.9139689736157484,0.605232054089073,0.4985655429731539,0.5792180779561564,0.19973946427813474,0.23282379034061806,0.2120065043115785,2
-0.03242462669518327,0.9732473156150172,1.0235248531973193,0.8283515886329975,0.3226985903162822,0.6295428503148005,1.0150583265058086,0.10872721950025752,0.4465033017290191,0.3332293347888074,3
0.6802650928723942,0.8869268520780261,0.03902823914492124,0.9724452131381673,0.8897476397925702,0.5019159238678412,0.15142888695224682,0.6999905290209691,0.34575183595490233,0.10535821601160356,1
0.4036355323575283,0.23539102987832305,0.7327410051157196,0.6071085035949317,0.6360356895899786,0.41072825446582356,0.28253089511859697,0.6282797022821208,0.6485183417037167,0.9998056802045623,0
0.5500101925204919,-0.19951105512884915,-0.042012034257742525,0.6198463903053867,0.06003241177611374,0.41669830930029206,0.7057040497473458,-0.09263848606611003,-0.25648435793969004,1.0250268047606812,0
0.7471852227914342,0.8463701391930879,0.07617899478701622,0.6557590079567808,0.8789204506469536,0.3952379366941456,0.12270913328410891,0.7152803743746526,0.8960691296200409,0.4266212469602962,2
0.8570430285309253,0.9630684334858933,0.8637831523479879,0.8780120547698929,0.5923849428957297,0.9966819643094187,0.13045324514015755,0.5894160731681519,0.7411889021840611,0.4357436036585199,3
0.6918035005265512,0.8873571788449744,0.026351641074313974,0.9872791012591895,0.8847863912642593,0.5077932912172664,0.1514257717243308,0.7128878503309657,0.3540498938943654,0.10815713575568109,1
0.688908925582626,0.882532313356325,0.041182768978278814,0.9788851855307993,0.8886788354476253,0.5015076680385889,0.14920165426859244,0.7087944723621853,0.3482166996279571,0.10596535934514832,1
0.5409986222124941,0.32115512479401687,0.3696372811961867,0.6813019296733397,0.638229692757043,0.6465941176104091,0.6241928150503883,0.12797491013658102,0.8136685064128426,0.4403810712282328,0
0.6348062964239857,0.8110521393014579,0.2645007434400238,0.5146577011305439,0.5852268507407368,0.3494512680016462,0.723251825145304,0.4691181493387305,0.007358229095044737,0.6364634355485577,0
0.6587231482112008,0.20668976501790542,0.983491029850434,0.34981097475397077,0.7574674760304889,0.4476752766380948,0.07783284110639699,0.5441776374303953,0.3395336173865917,0.25262647913017633,0
0.16635673561980024,1.0469757216774829,0.9736659656535546,0.6718728846478735,0.3598962717135469,0.9409226827984314,0.9450634740584125,0.13028420638103122,0.45895658939695155,0.17697609200844788,3
0.4917142237609443,0.6874358481902583,0.3796235081033439,0.5338466493579256,0.46976023729489375,0.5068536641265045,0.5205076491984902,0.20695641346258614,0.4145008386985059,0.37067932343657484,1
0.26967495205289505,0.42560296671580095,0.5890288462791526,0.9123809656211781,0.6073257684743967,0.49906747271219365,0.5768685405733909,0.1963969538321558,0.22892199205585131,0.20538396072130022,2
0.6008725593503407,0.2632584693031166,0.44157689754725804,0.7591374590771374,0.6990714086428707,0.594737945990427,0.619919498087527,0.1010711945941831,0.7425871671846925,0.421620658378062,0
0.8198293054200968,0.9973172836013939,0.21326132874485204,0.4702939115264173,0.6965762819243079,0.27753244684425527,0.7168767642368488,0.37223454931906386,-0.10390299008807694,0.7037661057693431,0
0.7182084554674032,0.14513752789542705,0.4622848697280492,0.8134310288019851,0.7819087615561967,0.6820333279005285,0.039936105130452856,0.12000059297163274,0.17804446380770933,0.18980462783438048,0
0.5150902789019525,0.8268867157637637,0.4006204834602224,0.4929969974503703,-0.15972202627521515,0.464775724836973,0.3143869981985015,1.3738760682208655,0.8753390289697729,0.787112890445222,0
0.7103240384256386,0.47488681973394364,0.2538386380166674,1.2860030819930215,0.16885822618555754,1.0777616554582374,0.772658623561293,0.12945863804738258,0.5303843564710813,0.822225094136871,1
0.8123391300019477,0.22442245203386926,0.1601632610913365,0.6973821399043381,0.3577746980789297,0.5202407823238906,0.7422355261815636,0.18795386694191799,0.6447340316028793,0.12933729144616624,1
0.7293965250941835,0.8352808080209818,0.14717389162015823,0.38958598158846247,0.9025105860905074,0.7972783208982587,0.3543805039721554,0.9706392827972351,0.7834760528023718,0.352857754566349,1
0.039622692699541946,0.8345535875124945,0.8038013260658927,0.7913033594031993,0.3718738605687433,0.906630944909153,0.795043991204597,-0.011819583840911765,0.424961510428623,0.19558934167962083,3
0.30527164018438124,0.2392798611626841,0.8229572849131208,0.5761198935850808,0.6785499220978332,0.4266299055756896,0.30224973936051186,0.7098344495611606,0.759571978503965,0.9562489400821471,0
0.27198538978360093,0.5736028796449691,0.9259950486543838,0.015958692302400386,0.40266075360137477,0.6835267016535309,0.11541232174862967,0.41917584269005115,0.10374339601301907,0.7920772687178981,2
0.854498836143099,1.2190970022462375,1.0478325134228528,1.441357953351273,0.017173229284834335,1.2725404821104211,1.0371793569083132,-0.13283574681421495,1.0169309151139636,0.6660024816809047,3
0.3174274247752739,0.2382308792829569,0.8087924750163372,0.5733048107917798,0.7143867934666943,0.40151938234150486,0.34842410069814783,0.6679948623290505,0.7494371901637932,0.9692908446968298,0
0.2171300826768141,0.3764993337160623,1.0543429128239155,0.31906613728878525,0.7657366984620038,0.8714446029218634,0.22519835018879641,0.5714062795233436,0.3911640934051409,0.16892202830217495,2
0.45920072067553874,0.22137396664071685,0.33459479935226605,0.7590878535613033,0.5522723254742073,0.4470583530810572,0.7097910781846014,0.15850438345883697,0.9136718349790418,0.40111317605520946,0
0.5488170462026529,0.12577392694876818,0.8615285917391309,0.48500030687754014,0.08141683389927258,0.736971511986533,0.7082851293632827,0.5337490892877848,0.5771198244425376,0.9769106217441738,1
0.2791074669637844,0.43536889397698114,0.5937829398938221,0.9196386449513604,0.6023594362985839,0.4962931446191655,0.5860071756778722,0.19765802310773375,0.2254902482256696,0.2112902757503572,2
-0.08244329311347481,0.4773494953791127,-0.05519670339960966,0.11360004044181041,0.8420931882866807,0.8267017023255357,0.7195222153831722,0.34783318911302086,0.8464901855187033,0.8422402471031524,0
0.14291550591027122,0.5261538809476745,1.1411311866669585,0.38618134708264445,0.5458497555029114,1.252655869797573,0.2839445752170031,0.7949920858595678,0.37317283070600155,0.6183708136321332,0
0.5365306601521209,0.39344066578162584,0.33780699337293657,0.8147872950385103,0.5996023267154552,0.5099674304486846,0.6444067146117849,0.23828478636787903,0.8555956572646027,0.4324572773826627,0
0.27070445986546043,0.7543204145873046,0.4582141489770883,0.9399805529094057,0.31271222355913564,1.007036230385708,0.059619376060858605,0.7269550006336055,0.9825891549032923,0.5777198967660063,3
0.2604822279810437,0.5610383008005324,0.9340121040617023,0.051889661593241945,0.4308037220177225,0.6621947639822086,0.12611690821749338,0.4164427340559756,0.13030226261732236,0.8118834424711541,2
0.5688051790345331,1.1769538195808933,1.1248458612040395,1.2284131351204033,0.7020896713666022,1.214339010881735,-0.19727316255648258,0.6311994286152857,1.0944971398611516,0.18796189404041697,3
0.7727878927001341,0.3724349005735622,0.8944845185504067,0.7377053923393223,0.1176241732199133,0.2774704523749389,8.283845735642314e-06,0.21829488717450196,0.6406024437659809,0.10224476019326828,3
0.5129474880613231,-0.04348631932535833,-0.13806904634705355,0.18130949894815326,0.9251174545038783,0.36937210370726975,0.46528180641416816,0.3236154975043897,0.44916979369475735,1.0174370821566479,2
0.5605064596868,0.20887312616522635,0.17169460008329193,0.6602861425656585,0.16639349998322198,1.033202577230751,0.8780424097650195,0.9399514247987393,0.08904622588789712,0.9824902123787864,1
0.7425468857722218,0.18935023782943097,0.9077421518919467,0.45448242445164944,0.7477077989448588,0.39361752587398957,0.18334384808633947,0.5810630955419976,0.2871613901254131,0.29960754899625536,0
0.37252649669274046,0.1396860898317581,0.2038480664115475,-0.2283437327260851,0.9795945761022778,0.6143196903090082,0.2968447180545819,-0.09743577762264496,0.6828057435377678,0.3906884461240232,1
0.2890187640609737,0.3584123170789552,0.15874251346928417,0.39328105192476887,0.6049159843088758,0.8738820985603093,0.26366640377399386,0.06273757333830166,0.19983745616154264,0.17400510267894273,1
0.6375497451986792,0.6590981417338772,0.6083473541452172,0.14425376348344482,0.38266369418638513,0.6993454964533719,0.7333770490726897,0.2321719443145194,0.9856631124337281,0.9179506373772344,1
0.2683666150021022,0.7272833887826553,0.6997129326292494,0.8330469080230372,0.5328499443803397,0.00385020444805359,0.7744482919759513,0.5345405963720149,0.3777470971578383,0.7416990204640473,0
0.1628445624905711,0.18311041232732003,0.3505521439176943,0.15757751457584063,0.6627997184994994,0.42476801474780446,0.8195256247454767,0.4222907667692434,0.3901672294523681,0.6323436672916455,0
0.8712454844354309,0.6490678827858545,-0.05678763633497935,0.2762170979376424,0.2027979994697761,0.16117397155990237,0.5746684018480959,0.583049156701672,0.9307994715979244,0.06370912060433914,0
0.08839319294020323,0.5540248345133822,0.9770244531870326,0.4364773311176412,0.6632464538442717,0.7932656855441265,0.28217492576555303,0.32080021003757153,0.47071314702878136,0.044241993689348946,2
0.9504074644846092,1.0475066763602023,0.7580734525006081,0.8043943652215444,0.659574859688067,1.0850710219385868,0.23773855678325545,0.5247895771482376,0.6648627643548266,0.4316369962928261,3
0.9236347227079453,1.0579284098946302,0.3826347001547776,0.7894168855050094,-0.27762946196159,0.7008236488790394,0.8923023828661705,0.6541496229661374,1.0757760052603613,0.19749506718738888,0
0.831501401355082,0.41770658283593787,-0.04303632290117809,0.11844860545595517,0.8491958664661101,0.6027249117490008,0.9108758655600122,0.48300677951699666,0.9045578903521323,0.3227817789545747,1
0.13935569185880847,1.0100774338194305,0.8091299273789305,0.7840314688442073,0.32916360305834846,0.8694831529228852,0.8217082888974218,-0.0013334995114666903,0.481741571913616,0.21336072296554942,3
0.14549417752054544,0.7633994256962905,0.8228912199711425,0.5333926151147433,0.43514468303129455,0.4320245170507016,0.7222176247209885,0.8853812855709223,0.3363298517102461,0.8314532349418731,0
0.9080351573224043,0.45418131054115324,1.0951807848705026,-0.010049634487090883,0.6187688590065824,0.07807672137820845,0.51857645829141,0.9215698014987003,1.0596716619811468,0.43465996611853597,0
-0.17343490907983605,1.0206166250548416,0.6819249327401752,0.5701152502029266,0.13616875960599584,0.6417281232492524,0.8557337248493712,-0.09203052980001089,0.3672511962106208,-0.047384614649477685,3
0.28864867763406077,0.16631209647955936,0.7709525742194535,0.4879365073231688,0.8082245432739115,0.4843199682332915,0.279847465449426,0.6635736083338782,0.758881744953992,0.9918145822367781,0
0.7155792150824634,0.3382580965241132,0.9243898139866442,0.8416800970606422,0.22805347090849765,0.25456887345700435,-0.027206495207311186,0.22063569539716105,0.7222801954193857,0.12684194087012782,3
0.7576132504898714,0.6960187159647147,0.28396653650979226,0.29846747943521545,0.8465176661115345,0.758524811724311,0.3183289261111389,0.9521967012660112,0.7759529589466966,0.32161146249814176,1
0.892462987348161,0.6941128838607686,0.03943806740761236,0.813059498347504,0.18721826380866166,0.28298513701411576,0.10607786902145114,0.9206721746846089,0.8299110763015174,0.6561728230470456,3
0.7786354964021321,0.35911037777746885,0.8965216216162046,0.7425614816456593,0.12958773454854913,0.26697328719588037,0.01053732521833977,0.21605424142858454,0.6518437028723683,0.10058492691024912,3
0.19857566250331574,0.46096324395839056,0.6538844449890447,-0.11902596656192979,0.16946063800999064,0.08361844046811279,0.7282074838369648,0.5020905993439165,0.48865497171002115,0.5143373273123799,1
0.07035784092426359,1.0500921995683277,0.11501757510937077,0.28749247302868663,0.9817793819863975,-0.4487206209383328,1.0327854145099773,0.7516267407361215,1.2558293592467127,1.1430620336114714,3
0.6695953289391472,0.863867214541788,0.24942725659029702,0.4825011799292118,0.5530122217904662,0.3004127414233437,0.747410737997985,0.49478126055999194,0.06662659848221339,0.6216959577732584,0
0.6851795661432485,0.4335360557848276,0.22295162116947892,0.9778879868169272,0.4167969653751399,0.24006661970332877,0.47805369271494563,0.607664949599911,0.9028725002309621,-0.36476719886158976,3
0.6836435221819674,0.882854657655249,0.03793039605980005,0.973706379569159,0.8889227317014697,0.5013288198684477,0.15693376405142545,0.7039196544731556,0.34783545415662936,0.10455256755164756,1
0.3534888689394061,0.808956166785473,0.7748273453578487,0.6810051049297388,0.45895912784459075,0.12721172543570358,0.7904462174310756,0.4653647093594963,0.3098878292016293,0.7099044944277986,0
0.8066442634970178,-0.10462558423919967,0.21617730529878654,0.5724863682941586,1.0625483941420815,0.41845110245433814,0.35512928247550957,0.954525682618985,0.7803611518581521,0.3570848706287514,0
1.0941962468886866,0.7690316731637353,0.49807822917975647,0.9183503720474457,0.8726140040047401,1.1430041267819648,0.564848111513658,0.20901870799373468,0.7506071178849983,0.6383624107431467,3
-0.0790707754610937,0.44669150162964394,1.2636336001777777,0.7082606299035139,0.31146523846039953,0.6614490704118883,1.0860142633461192,0.9718947053921194,-0.12009388145661953,0.9836827542495136,0
0.8068458544616129,0.39897655426703815,0.8394334247479869,0.6741491469807461,0.07868750718881776,0.27561529179017763,-0.038979984223280945,0.19164725542521818,0.587253398800485,0.14085462770818044,3
0.25878872621485954,0.5969512544668575,0.9575157356467292,0.019205854421436,0.4085080537391984,0.6855132231849247,0.16413832305049764,0.4284863511315282,0.1400847485221429,0.820897478221617,2
0.2303801545857646,0.5247494469347882,0.310656015238434,0.4379081103090714,0.3414007032719447,0.676011547439465,0.1009956334788875,0.07165242519524088,0.1137629802453588,0.6144019013941915,1
1.0436317045085377,0.1436403132321174,0.5581384753585629,0.4923066979008548,0.6156525004038815,0.1877431895981195,0.30542705892726196,0.7456614633291648,0.6081434266054736,0.10700515179055671,3
-0.21717377501883173,-0.11527153194990475,0.5531869095667443,0.39832199542009467,1.0762439052830914,-0.1556222506258037,0.47834174336614965,0.09229959137038163,-0.08974911908943728,1.20023538344361,0
0.07530968980788758,0.4043236494163621,0.8775788363961488,0.6018869925772485,1.418562681709754,1.1397830079532123,0.8431292572349174,-0.2394060109896562,1.4198047850979807,1.6015397172520254,0
0.6249655128970265,0.9059232604403812,0.2925584442962411,0.5176778866130052,0.5241381458574679,0.35191301569157735,0.7562254919111966,0.4834666101085559,0.061079977819191084,0.6749235575530631,0
-0.062313356773272155,0.6548359875657183,0.4037691868022836,1.0874895453372986,0.5864965377455384,1.175509198154476,-0.019016095895009175,0.5991120730848467,0.9389840979116841,0.8552303654847798,3
0.4615474922417632,1.2611354541503386,1.4600645845365456,0.5557188818415774,1.0490237371742832,0.571558434780046,0.14598702676439193,0.5827267299994324,1.0113881377727945,1.0771580257395268,3
0.36449139690457716,0.6902121165831483,0.48363739196233285,0.3497751102988359,0.31231066632780846,0.7350131438004897,-0.09064889465308178,0.05186718807564503,-0.00592385421504428,0.8652873076914813,1
0.2786409561085212,0.36447823280146974,1.005432862893874,0.31635294616058074,0.6700473307600622,0.8238682985480111,0.34317317074860465,0.5904033192760274,0.3237425203010444,0.17204449249442563,2
0.750842821893304,0.8463582760749095,0.07598835733775351,0.6527289952751103,0.8798200033005968,0.39752442938274274,0.11991254273849536,0.7176857889907121,0.8934126900659187,0.4251616672044594,2
0.782961986699461,0.6857054775431626,0.20704111078242537,0.35392769567203314,0.9724983740545127,0.7595054524663706,0.2419967363661373,0.9145730854222007,0.7816335774248699,0.3076949353814343,1
0.6363216578092369,0.5571290377906192,0.01870569224911367,-0.5164052559948239,0.6106509201571773,0.23924043459183725,0.20892408282694486,0.47596697143291844,1.6044801501908426,0.2835353680312358,0
0.35853518121984906,0.7642579759617286,0.06999066441670757,0.6557318078269547,0.15627688507700982,0.34766098728087813,0.7645041144865949,0.308144958625903,0.5210818735202416,0.9018959491617965,1
0.6896015749930421,0.8920218517421977,0.045977164717847435,0.9677971140051627,0.8765889580993036,0.4975351851918305,0.1493419886177972,0.7138619318715207,0.33964668531597264,0.10929177206429837,1
1.5785165163765655,0.6769280564053194,0.5882072819480013,0.21339738702559075,0.28803885699650494,0.2844551915289883,0.14025445172544593,-0.5925349731846791,0.9757910015023536,0.35281463842926386,0
0.24515242219426836,0.5866194253129664,0.9466791544322746,0.019315377770926418,0.41586785491000516,0.6833500908046375,0.14868719407117936,0.4000284844120546,0.11374035883438438,0.8106667731411074,2
0.3412929926187774,0.8183074349604439,0.7675047514525449,0.6696102483280925,0.47348819383127866,0.12780435871634413,0.7959158122588863,0.4784427573748316,0.3167141520430501,0.7182852139740404,0
0.4055431356181873,0.3792364008097125,0.9044804884823312,0.44903795734513297,0.9149247268315163,0.7050010935280762,0.12681364483139157,0.2999901063875758,0.4032173190342305,-0.06171006498251698,3
0.46617425547360786,0.20882480347245122,0.3099775394855251,0.6169509600460651,0.6618359893421346,0.5801425275451308,0.6270790486448959,0.10573839384914632,0.8007377117651497,0.44828717542733537,0
0.2711013360798981,0.919284604379334,0.3750758564671349,0.7499236321579232,0.11603832254908997,1.0640891226473452,-0.0630744370188189,0.821378134004594,0.9958298714969732,0.7139534232651927,3
0.11114305586768941,0.08768293384648371,0.19504475520809803,0.17116773142105524,0.8018028435734867,0.6262987049872425,0.45501683495581513,0.1878097982098037,0.8011310089628092,0.5957415120469133,1
0.3821719762707625,0.4087032876474985,0.5816305953541911,0.5186999462391255,0.7733687323097502,1.0424654043259185,-0.205318712100322,0.005044508802763248,0.08916573606994985,0.32471756746734587,1
0.9200363792248882,0.03034968768890284,0.5944734563505744,0.6293113008774422,0.620998756432898,0.14057333264379437,0.42069698666475625,0.9023419103582544,0.4335588099243752,0.06781031301925602,3
0.4756654896169756,0.37130427043137504,1.0024608197974887,0.5637548020971621,0.955030609995351,0.7843270807356684,0.13448629672607795,0.35995372660977626,0.417427665794189,0.06265128790267356,3
0.609356525523822,0.9270000414364438,0.29455269465676964,0.5615733543307265,0.588585430327385,0.24802838735808225,0.6749533094092015,0.4474642186044911,0.0018102187770234618,0.6093278158695684,0
1.3412993472635668,0.34394702496633994,1.5548659475343194,0.29035649039789185,-0.3101172837974532,0.4082440451427426,0.7565490075821871,-0.16529425733063652,0.41785452359903436,0.9399281807719566,2
0.5924474136143723,-0.025081471337164485,0.4533603340748964,0.952139707241451,0.9214642392598966,0.6545178998301568,0.09619426534408021,0.14619406202124186,0.07395996304861586,0.1822607857629547,0
0.31178621433471465,1.2911563015698087,1.5253304323356716,0.44842981345967986,0.9788116792426362,1.2293990414547884,-0.7457225343005499,0.5548112197963548,-0.03210314675230652,0.14931401086775964,0
0.24190420710387056,0.585919799395767,0.9485756885569413,0.02864974985091487,0.41492825347180223,0.6931041337887155,0.12896321088109067,0.39746795507269356,0.1297263423035045,0.8135642875762567,2
0.763295723539393,0.34782016497189977,1.0269188699048801,0.7154534323212091,0.05841454438319669,0.2306338280547467,-0.027571818835236704,0.09442812410363684,0.5946983124292953,-0.037872747181350336,3
0.04150446486698933,0.9777413270677183,0.9011790652153567,0.6994888799156102,0.2596244816666857,0.8138109990092149,0.75146202951839,-0.03010955282784758,0.539533304428828,0.12986104588622144,3
0.30415691558159225,0.31046197208826054,0.8699338693162038,0.5762366127337176,0.6781420497898852,0.4132110147542351,0.3306028583667153,0.6339254518142421,0.7048689439626956,1.0310757342199277,0
0.28402925564056447,0.1292003524342431,0.5570866943014405,0.31247374770176095,0.5367986293697447,0.22415643592688594,0.8047493272218902,0.4081470364168386,0.25255476389516424,0.8582581270247468,0
0.5701503380951856,0.43435158460161166,0.525205287602447,0.6350239423198862,0.5059706124743462,0.6386679622307909,0.551306801085828,-0.010857928291636815,0.8878437820622681,0.4339541844360701,0
0.24008051773575334,0.3726917668786356,0.9959674372255146,0.42947163606431665,0.7727398470345319,0.7879042371344303,0.3675954799733215,0.4861742928108253,0.27534730855511763,0.21518681783755775,2
1.0473666508692359,1.7147376449583165,0.11749711045067912,0.24771609804337136,0.7092777348371083,1.1086008383623167,-0.4714714021187997,0.09755100786873006,0.8964237595729222,-0.03993547552925947,3
0.8733502170402022,0.7271934850637336,0.032792694137655246,0.8071774790070433,0.19934825662174704,0.3085309391796197,0.11569292083020381,0.9019473036021333,0.8179974158564862,0.6200931177422121,3
-0.103437319862338,0.48969676415045027,0.4265998554744387,0.24982844463897727,0.8042889860370198,1.2655389362499199,0.34759621206957136,0.39721156423698933,0.4042869583483446,0.31747357713618113,1
0.7082318915107437,0.28398163938023924,0.9518782713711837,0.7349435625214977,0.15927083137582973,0.16738859830620573,0.00015098553657574783,0.19565656226227182,0.7257988288229955,0.19267783873966082,3
0.697038031755698,0.2933128044485551,0.9073609016448537,0.8122078156603403,0.0395921504149994,0.17359994332223233,-0.2826712291975222,0.4847793658018833,0.8799080280999885,0.0258517060991357,3
0.743454036310201,0.8522333904929212,0.0761492943281541,0.6472435992405606,0.8831330495162766,0.39159942593416,0.11621478745957181,0.7230005063828508,0.8874109799972085,0.4263074392197389,2
0.14201721335890358,0.24738799410425852,1.0314615072682307,0.42134379050257853,0.798449541980263,0.3215280133054966,0.439811984879505,0.4646845005760012,0.7546573160613975,1.1597460200419927,0
0.4047406599775677,0.12422168687772554,0.8406844340003677,0.3119582762354201,-0.06587813708158566,0.5526184255042745,0.8441722564007695,0.5359220404656587,0.6689644283841777,1.1212101510051746,1
0.2789379281689517,0.4232404100723463,0.5825102604688347,0.91546299270252,0.612833290973308,0.4920115392306836,0.5776261859035227,0.19861365277147766,0.240004764744211,0.21126328939092648,2
0.2533287335725043,0.5699923497771894,0.9314631858486369,0.03517750282455196,0.41365691073123545,0.6704022252990556,0.1534578035781192,0.39395527885788917,0.1091868815642622,0.810205109747467,2
0.8394954858074262,0.34724815009961635,0.04778537431537859,0.4999449922987131,0.22326318788844834,0.46886187944382623,0.5000603704149729,0.11972991125703511,0.739610370963092,0.6349271662180371,2
0.262346784560853,0.3097155189928164,0.7733146270035562,0.5095158222076398,0.6761148556053179,0.46252052139577227,0.35182373029087777,0.7109695098930979,0.6949683153182119,1.018757848245986,0
0.3864950589665531,1.0088105772833955,0.7073601528209836,0.3881432899077337,0.3356355582551862,0.275382025553293,0.9439456496204294,0.15808324826947245,0.8404605291140506,0.22969237328993478,1
0.6250465240854258,0.5169699004949501,0.7136023002901446,-0.21138741529000554,0.18694351332593045,-0.1890893445030566,1.1684907443185693,0.42223692386080086,0.9581692772516983,0.22050348971206393,0
0.7716311154399182,0.38098123318256444,0.8848713648289873,0.7376542380957253,0.10559277879882092,0.28246289095596633,-0.00671539954583389,0.20560124051193404,0.6362853029159737,0.10307592892600438,3
0.06929084606197874,0.8660012170482932,0.8375202369118113,0.6948097933810384,0.29664771132747697,0.8384685025681676,0.8506983557988419,0.0566918647888953,0.46047971829594225,0.1692368500311695,3
0.39687355609043656,0.39488906891454817,0.8880975394670628,0.43693009582124925,0.9172823471086511,0.7290121160330522,0.1453844107907369,0.45732029610451463,0.3660856396432668,-0.0076550490913189564,3
0.6141605851902247,0.8741849794600113,0.3063563240541197,0.5103443863524654,0.5075157218843742,0.35823113070914125,0.7470345036861081,0.5065786885936594,0.017719793381314075,0.6842206826444662,0
0.1865437452890219,0.32999297800174493,0.18911308993959705,0.5057271533590599,0.7674300564088978,1.050864737093871,0.1463060595213827,0.22057362697785565,0.011419213142007015,0.3615384147484699,1
0.6333744783302712,0.9453269616874816,0.1520297738816669,0.591376529965014,0.6719747037677846,0.3254548033620934,0.706988839925849,0.523311477592426,0.009405551775840758,0.6300586480034479,0
0.29134810070564293,0.46420109827031036,0.8179818469040824,0.5393882182279668,0.7413620212699051,0.8478129639442994,0.40579950187317565,0.7133196925052816,0.4960917374409026,0.23468442425521058,2
0.21064368124884497,0.7484388204764474,0.4723802319873576,0.9917787662267267,0.33814819815489816,0.9088872537751258,0.09521464381059802,0.8201978472098583,1.0728158415086189,0.6545159545441145,3
0.43081759409500175,0.4823730527410764,0.40405514350004923,0.23286828056435072,-0.11756402181401598,0.39528456797230266,0.6307585591826511,0.8037123452152566,0.6133014743836218,0.5549707344553454,1
0.27669000664102683,0.8938115845435326,0.5261299925588453,1.036843454309695,0.3421163436374802,0.944272604214454,0.18257887834456704,0.5742936022269335,0.8704946903334271,0.5221292757334688,3
-0.2735911564812884,0.836935834061306,1.552193591420523,0.7811127416017175,-0.41758747535249885,-0.5010436494379035,1.0289905658377558,0.526147214668621,0.8696369786160179,0.33589389665212266,2
0.6843350159554837,0.88299279722257,0.03847159408569008,0.9753554879850954,0.8888918757920657,0.5031735181564675,0.15590702847164786,0.7026251716742156,0.3465740447127619,0.10224331664801885,1
0.8683158502501793,0.3031715415015184,1.4304035701593287,0.7437791260865303,-0.4330784633849023,1.7069003162518892,-0.5072046468918745,1.1109234685400975,0.7848901566732799,0.09618229598841133,0
0.7877903608998073,0.2080910352034132,0.866400687091672,0.4403571365172892,0.7705273949434267,0.5731846715983074,0.09294855003466636,0.5626910100483893,0.22393661859120378,0.360820822548521,0
0.4344582480812509,0.6787456044016845,0.8089526468974143,0.43245437929526814,0.05068062793146259,0.45108598856023235,0.19469317931494923,0.6578209236829173,0.14172796348368985,0.8902463738183286,2
0.6870033308772453,0.8850571508698686,0.04251944850811344,0.9675703391788243,0.8865423261639465,0.49425753798956434,0.15116623986193486,0.6982190741491328,0.3416679771238376,0.10547293333695264,1
0.6750337924564742,1.1226083535066766,0.5481565975962117,0.8839761741758545,0.6199886941344841,1.1451669164033254,0.38685996741050144,0.5341151496804174,0.47644100717272264,0.35093173413255785,3
0.8273446704097693,0.9882628466919777,0.12457301363079842,0.5892035175508689,0.7313598540699635,0.19806378414881903,0.8841241068997375,0.6038944309025054,0.0962145008467158,0.593995243203496,0
0.46495445618172637,0.7823635777551787,1.0598704409063158,0.7945949497943188,-0.014017597152565786,0.0098110952762126,1.011794121939798,0.38270906467391913,-0.07328007996487498,0.4351001866716905,0
0.882521110381169,-0.08979578024218454,0.7233482331235392,0.5798122673055492,0.4995111347616372,-8.393538100831544e-05,0.515250737665085,0.9615181400851642,0.40765698781464577,-0.08817641651061821,3
-0.8064965608995875,0.9023093968929988,0.6943491799922666,-0.3159655566932845,-0.22768900977526446,1.9830000927254128,-0.16127367036523726,1.3619885170184272,0.8771745965868316,0.9688910828649169,0
0.7920305258227468,0.7307105879558025,-0.08610389976679059,0.6823528202832673,0.2319737385214441,0.4886039365305812,0.939999360401725,0.17030108579720846,0.5890121541205706,0.40528640230787055,0
0.6407553077007541,0.3442916083319948,0.7000163948939042,0.3206023742123517,0.056852518019330146,0.629664610265318,0.767714450253783,0.6942038237123297,0.4871850062540989,0.9723285448875743,1
0.7336662111641747,0.8748894530975857,0.06218562556853039,0.6338962666511413,0.9045672362026808,0.4349968255236885,0.10532049748873666,0.7172775663730769,0.8888829171908862,0.40208860656054024,2
0.8318707486304002,-0.013859763946119284,0.29071307157207504,0.7291825181773942,0.9536093725791374,0.6150716346010763,0.5954299618887733,0.9375149944064132,0.7217148649507517,0.5633166898064992,0
0.6393572111179705,0.1230447276309767,0.3138581610959055,0.9540150182259983,0.8227305886447849,0.7013652865935801,0.16078644928847374,0.1594734710449096,0.23104747403283324,0.2846178142572724,0
0.7838519701628883,1.0455759441279215,1.391430649198709,0.5164899051099907,0.3356930240376925,0.5825667648047299,0.09585573505636863,0.36241695472906765,1.1802916788962945,0.17765266748975322,3
0.8273450664382311,0.7429468668820621,0.24370692220101706,0.3386951737356279,0.9252939641512111,0.7945682485954958,0.2753639272395109,0.9849870138282292,0.7970500415453391,0.286129821340001,1
0.14732858702538795,0.9793813496677124,0.6898121681885085,0.7671744011095469,0.4291507046534288,0.6555947666097878,0.9273200202973033,0.22223171091101765,0.5750768317106697,-0.00037293918318573316,3
0.7427068789395551,0.8515742072078357,0.06771585379436221,0.6466061966390567,0.8867439129495744,0.39227303223073806,0.12464419071281509,0.7189132471525812,0.8864519669517984,0.4181354790131216,2
0.8616175667876866,0.02332278483221905,0.67766681619046,0.6777888851791746,0.602973169022546,0.09690835790994698,0.41897323113421187,0.8729447734021872,0.48801184589999597,0.05167309363897822,3
0.5823207997535909,0.16975238368689405,0.30510509884895887,0.47743768511002405,0.5294890063200579,0.8172311499934317,0.9188035860339245,0.034622590231689426,0.5224823282999559,0.16350132150528454,1
0.8645650567762693,0.4219559281643925,0.3298103855790315,0.25714741941179364,0.4746027970946356,0.8891771360745181,0.5187100057841307,0.5405374930085175,0.7769877657914145,0.6923188860126785,1
0.9036142188342853,0.9232929520947107,0.8254052674486012,0.8530399429868555,0.6254323452489998,1.0077478011978547,0.13524115367895603,0.545047038258499,0.7857414874250267,0.46658025274253645,3
0.20232288905561913,0.5909889203234985,0.5901369492236969,0.5294739810105941,0.7613989249106679,-0.025323822295118686,1.1559247133201247,0.30934804572893704,1.0663168900985478,1.119139214494528,3
0.6230343545498959,0.41539097319390816,0.4416670194782857,0.14490925454265888,0.529135767356397,0.49792074953333965,0.805781953953482,0.9962524112971691,0.9113037472080443,0.1916283891517414,1
0.15189260264525828,0.6482418913016517,0.5213221592974383,0.5127967916729943,0.7167626839094148,-0.08096198839091984,0.8797778103798475,0.3944324183510727,0.8307248937864266,0.8877316755182476,3
0.7234255255016909,0.15073164865902594,1.000554895903048,0.38501386678541777,0.7455064419961536,0.3411288315345649,0.15322391231585394,0.6483346819758934,0.31834914104269496,0.2450761539689524,0
0.3777239408388031,-0.05721103904964639,0.5913910959491471,0.3229766193260798,0.4596841566868061,0.5320447297461085,0.5470963435219123,0.3094353729374031,0.43591747212771326,0.6800877378481012,0
0.6448480625141896,0.8509938221454033,0.2488080718505884,0.48558732066820026,0.5736470993420686,0.32251223408391777,0.7133287967038474,0.47978006758449826,0.05089994671947036,0.6783831429409094,0
0.7323012454709259,0.951951972767494,0.1607233138445269,0.43550646429859685,0.6427649879586659,0.33851479434303905,0.882585409482588,0.46156428584686643,-0.010196504636555345,0.7453364834947065,0
0.585640138467832,0.42954156647495306,0.993004629847253,0.36956030903658416,0.1600190671434379,0.14551234201849134,0.5717696652716069,1.032723438265284,0.6584806775762757,0.6332339627393392,0
-0.13834708985986605,0.44140238408133164,0.10495565910368354,0.7607012301245958,0.8289415600844355,1.111856854901011,0.15628257133184048,0.3618865811888245,0.11918205196781523,0.3688263268158077,1
0.16869238602252973,0.9012042453792851,0.3777252382102234,0.8696033908625658,0.21593718866493955,0.9253759761347067,-0.042957141147637004,0.7343030669302685,0.9979374332133717,0.713405953273027,3
0.6385841448725919,0.8365806614367313,0.18118287102307434,0.4405082152897151,0.590692319950718,0.36485767062973434,0.7888086423217502,0.4760738695922268,0.02906673428946458,0.6726459326989558,0
-0.27334824372717803,1.1412078781434254,0.25085774416218254,-0.19405606368037837,0.010368085940398342,0.2447816369778434,-0.49357708024911817,1.1320353971685053,0.1378343485577309,1.434336201131424,0
0.3469859500449273,0.5303188831898166,0.5680679023960408,0.153400128198182,0.3854919604155167,0.20196708592891732,0.7510224655349426,0.6690812646019237,0.7338075281001284,0.44876990837845177,1
0.24791080904626073,0.1864633271594037,0.8458748846105312,0.5902213226277694,0.769529287332742,0.39829100892460834,0.42303795992782633,0.8257884318446082,0.5981480284196068,0.9695262515784441,0
0.7365824699900249,0.8090290928490675,0.22747195464383513,0.3534463566801648,0.8900018596531911,0.8385870362738559,0.3036839867499179,0.9071047772202729,0.7221396424520349,0.3344662454065761,1
0.24825413875586025,0.5786942855875669,0.9400163337632451,0.019396126222288097,0.4244556987579914,0.6800937394750756,0.1338250255868348,0.406340578117965,0.1100685509138256,0.8153740631715858,2
0.8787120674440665,0.4569025001703192,0.05857369810389687,0.7122405322710832,0.121374529549401,0.3951418143047493,0.48030950385432136,0.052089955305507446,0.5777492495931059,0.6216458387078037,2
0.4978645516809515,0.7946941009255077,0.510187587706627,0.3039045316476278,0.24523397301342933,0.8207435906761118,0.5575251080072117,0.24563024653820337,0.9295387500809542,0.9134672126729331,1
0.4411415015940079,0.2670055739674094,0.7666468423620407,0.6034854467009751,0.8192272505801035,0.29646928666139577,0.43102042838108257,0.6082140328112897,0.8435981703588387,1.0854513477453955,0
-0.053600904558317286,-0.0035082180190018353,0.46654266576966,0.1465993886721523,0.34312666151437754,0.6128674764728683,1.1005776140495744,0.0272289661239416,-0.1165483036979647,0.5592954040465643,0
0.7848207329545869,0.47504543032741464,1.0935128749290641,0.7690874190994288,-0.26389620074150516,0.1930946742561297,0.08889831234039641,0.033086161907274425,1.1203755365730057,-0.1478007587253693,3
0.680451075208871,0.1873015326555475,0.9486548712530745,0.40232913020396244,0.7912564541901854,0.38875681708321924,0.13958192390750526,0.5943468533959441,0.2805436906018543,0.2814679736901347,0
0.4927692071702327,0.44865554693065085,0.6943496632422861,0.1984709930193893,0.3350337864311753,0.34769066491537154,0.6706881837297946,0.7166667526522784,0.5952310803122334,0.4927090759344739,1
0.26884167115974045,0.27258964395534396,0.782502475246516,0.50706632536292,0.7046850730974009,0.47657373829036265,0.3181763801822606,0.6854379058026604,0.7638571034800726,0.9172341344921688,0
0.3750282580119867,0.48077205200157136,-0.32137024704518913,0.17452546490727655,1.3139255218585109,1.2143624098480368,-0.5119548317537596,0.13852803382219908,-0.26014129478393916,0.4286311818570866,1
0.2726854251804188,0.743347664653456,0.39240392242101857,0.9314160040466499,0.24424936535183644,0.9757167815415466,0.09430762978007683,0.6954353870366158,0.9822458615637001,0.6321129863122779,3
0.22757454965871868,0.4041437104332652,0.9680578958055245,0.4222304196882214,0.7160236274985217,0.800532777181185,0.32720544200586704,0.5480476518317666,0.2770623579413585,0.19953334770255007,2
0.42811425129130826,0.9369710336714258,0.6573925962486277,0.42304167847048585,0.5376491464576032,0.35486876484622787,0.9429003153578579,0.6013458748508826,0.4862978508068727,0.43428956647128003,0
0.33245615446696136,0.882070388986901,0.059538815536922654,0.7040343330583307,0.27447907061074195,0.28715794519819504,0.6612538938143931,0.2970260868870893,0.5329810989035574,0.7631300743308007,1
0.14959235064178072,0.3897299595386235,1.0465391126754953,0.4454849382258953,0.824928741565523,0.6750799996412932,0.44416800606654266,0.5835151823742056,0.29986871960408246,0.29556507420081546,2
0.6248720210435041,0.33098835290169126,0.7966407674569912,1.1145660814806202,0.962346217045458,0.8080580602532779,0.5072176990494813,0.7646877334388841,1.0618195684620655,-0.11153787660636277,3
0.35848829532165066,0.3122048050643964,0.8920035312792315,0.6282265038838226,0.7288045604675626,0.4754632231261352,0.32334986119425496,0.6146332716291922,0.6955310253858399,1.0583083529631012,0
0.7543237333843331,0.3655293287991767,0.8717493445047201,0.749943954800291,0.09503798922214773,0.26239401266015316,-0.014433339388366002,0.2196991775013092,0.6173267204701459,0.0980638877078224,3
0.12400880771696005,0.3234775971527708,0.64377246258955,0.39679268386431815,0.6827760758676394,0.04878376868684464,0.7722907017137144,0.05135606208118071,0.12838763128362382,0.7401384076353321,0
0.23007202729172938,0.2606548751576879,-0.6044468471282057,-0.014585156100428653,-0.3080813940914123,0.4247447058608621,0.5222156825561584,0.9920361102846479,1.4500493821446365,1.1821374674168081,0
0.7641698673517885,0.2776927356702479,0.12224146009413661,0.48665969981387996,0.45173682914029784,0.2183607967737574,0.7134102530508651,0.27194909532454675,0.9169124094685762,0.2914550245149635,3
0.5443814128521024,0.5145763345126371,0.5448916480640528,0.27087524310934685,-0.01925635480085279,0.6802975753498011,0.32982218638836236,0.6969567672856011,0.10629095195591468,0.6914474730343734,2
0.7288916596605073,0.17742998905614266,0.48229061149376146,0.7860228066210914,0.7647353528011172,0.7133466573090715,0.08810857024965002,0.14707145688881335,0.14042903932529915,0.15694864575308617,0
0.4023348816734533,0.8189198794567596,0.7253624675031078,0.6107669674461503,0.44143041351556145,0.1577095231664863,0.7808977039972171,0.40852020205251216,0.3889439285697611,0.6351031679842041,0
0.6439401095844688,0.783549980368464,0.12196914862541489,0.7397881195056605,0.09634046084402077,0.28047809897521486,0.9447970460812708,0.2980508129183416,0.8190774591674511,0.3700318017717499,0
-0.32210822687593654,0.7079912330850292,0.11526757417691191,0.66734799574244,-0.028410929758057035,0.3424401010511944,0.8964056212808987,-0.16491805133166926,0.8533116057696699,0.9766529671698125,0
0.4600529134330459,0.36485923517288016,0.42936610732866687,0.6702653414310231,0.5485222654099506,0.5730611663762706,0.6960321893342324,0.05644623842643502,0.6980647769496333,0.43797629246836683,0
0.1128264953928731,0.8411069110898448,0.7669065465230059,0.7920139448084603,0.5995458477882921,0.27689507479648845,0.6263960965364006,0.29709886614941056,0.3130991165871325,0.7635850415062424,0
0.5626512123043537,0.1835135044708911,0.8122545223639747,0.46427751250923477,0.08720850261106958,0.7672994675271063,0.7034458821358112,0.5736430645302226,0.5322909746703208,0.9678131365927976,1
0.06654202745701218,1.0561685130223013,0.677768161581221,0.4175859263034176,0.6553994770791578,0.49322146877178064,0.9954926506097125,-0.08035786382501448,1.1387504680189533,-0.0051389174584478,1
0.6844912033166185,0.8842902506824163,0.03841714547124377,0.9733763251791457,0.8900249478116575,0.5012626886984756,0.1532489573561527,0.70495017748986,0.3473850603378505,0.10045875361821896,1
0.05130399461794144,1.0070362644197404,0.9135684956360228,1.6193585050962183,1.1282829083348385,1.8296712548828489,0.631476938909916,0.8853128881016379,0.1392598171561562,1.0081772070620887,3
0.6447444388028623,0.1899823515569162,-0.07100372055234092,0.6846230463731384,0.37581054770096833,0.592282162098317,0.5063184494144571,-0.06462203778145048,0.8856829758866909,0.8066338759574435,2
0.6211354219619194,0.8771666494220031,0.2421480986061192,0.49746188343113684,0.5797130152766443,0.3158115780470633,0.7549070814311396,0.4864623005066315,0.04663692296771062,0.6388844666360182,0
0.45243537189467,0.2870832946153727,0.5339758549824748,-0.3277490942813812,-0.2363967947134768,0.8499313901742248,-0.27743362194987486,1.2280064143299643,0.0019274424594607487,1.160601909319961,0
0.9938821491193592,0.598857533038304,0.877319329966963,0.3414917841994936,0.14199690492904277,0.21538626916177883,0.8948977260938504,0.994275650694319,1.1965310670464573,0.12936786269804135,0
0.5760296899511622,0.14457516461544662,0.676690266166139,0.7352374170328322,0.1925871515047421,0.45817499157125147,0.7489066540729494,0.7863941995258308,0.8264746798811936,1.3557956446546942,1
0.3673703361010711,0.5396395829945221,0.5957036491388783,0.12393720506303338,0.42308008744664916,0.2252251615465843,0.8249491957733905,0.6449135324779548,0.7446077666792249,0.4349736881605185,1
-0.28567029512092,1.1229096697511451,0.08680154334243106,0.2766020778232786,0.7171868567550846,-0.33677810551419085,0.15100474394428465,0.7809249559659437,1.224846888396405,0.9298343208841677,0
0.6829803029975633,0.23579913981145442,0.9666448613722044,0.37005464933780696,0.8095107876537742,0.42474924215180637,0.09850258016852098,0.5928774951627575,0.34199265281413527,0.27196772988110063,0
0.15057058988750913,0.4630311468078112,0.8102322996811512,0.8977801480418874,0.2672969223531655,0.497998954422171,1.0754884738131212,0.37047534070466553,0.1609361820280988,0.6603901702600165,0
0.46909885924419636,1.2297500161674557,0.9315766545014443,1.1637217993107725,1.1132130074876883,0.8847976803285075,-0.47818489736379965,0.399473921689687,1.1022193419471713,0.7939366659306002,3
0.5971010706838269,0.07062532711552386,0.08648173962411089,-0.19184851457636615,0.4188499126864654,0.8869570716036943,0.29565937037560164,-0.023286268173313196,0.8163892155731085,1.5144054333169543,2
0.1392191707200445,0.1352554704960018,0.36030033767157604,0.03527810911011671,0.7589230404858157,0.6121505448642599,0.5001119897193957,0.15535893557012345,0.7807276152130221,0.7016994969239051,1
0.7683682927975247,0.8076828530775146,0.20802602311689886,0.3521033890967879,0.9350570539643326,0.7628076240899117,0.2232342867052755,0.9683684629859667,0.7348124801709447,0.40962240955119306,1
1.0008772168005686,0.6283135278172298,0.04104886468652287,0.8586607971311264,0.20027090726377145,0.3573767474852232,0.18140779367916077,0.8227972854989629,0.7508646300700736,0.5634233729085317,3
0.2778721188120553,0.4243399178940199,0.5802835479402851,0.9148931262630882,0.6057353618662942,0.492306226099513,0.5820031272484927,0.19798538768591556,0.22784367962594654,0.20436410771084745,2
0.09970116423832842,0.4291527792675388,1.0628321932975535,0.2936344656771866,0.4428174673082574,0.9316534339495376,0.5321013072051597,0.8894698832313765,-0.054978943772195754,0.3121701218028847,2
0.3061241395490984,0.5388233184268167,1.3207657759927616,0.036506828877577,0.39731131007575826,0.7362445073821885,0.5541009532335919,0.19239023185225912,0.5344896390142941,0.024483176286811292,2
0.2562627068135012,0.7408254141337913,0.36701159692030455,0.8963424410674875,0.2120756128771738,0.9288612073664907,0.14213463998801495,0.6485153610815374,0.9784605539181063,0.5580983507242376,3
0.03832989786396652,0.8946690837993662,0.8326514236950794,0.7200820831296004,0.29885763071235105,0.8152587522327782,0.8176679107940069,0.06591969390049486,0.42781263594856567,0.1270412481403578,3
0.35195464599083776,0.823345150378598,0.9441613601499231,0.15420163512053056,0.20093680869724584,0.9468768112743757,0.05430592541416823,0.7203936727162404,0.6721067469582411,0.7079290064465944,0
0.5861702941956309,0.7804195433408154,0.5840629521347483,0.27773738233670087,0.42510347983864555,0.8145880900433041,0.635405990077929,0.2390815747832699,0.9288250190095848,0.8559884209605415,1
0.3531559293461943,0.36801634157429025,0.9642027093239782,0.49398707019323773,0.954038996681017,0.6986043154675603,0.15735929403484905,0.37851108705485825,0.33934526899147743,-0.007657281623780279,3
0.1455500226404859,0.8699999140478056,0.8797361786375905,0.46185338320553565,0.35976281382791764,0.5331480660842246,0.5878377376402668,0.6501792605773636,0.20960773104625557,0.8915231220363926,0
-0.1510586551344596,1.0536229939819721,1.1860186151221424,1.276133280011578,0.6872421091752609,0.3085687738447119,0.7720027232663115,0.9178229574078531,0.8855719565994788,0.9792553787012949,3
0.7526635216464536,0.845414449453219,0.07354226846261389,0.6510793487236252,0.8777771923202882,0.3990424085300788,0.12148234218106915,0.7162549430536074,0.8926723840944151,0.42387410190182395,2
0.8096276630053324,0.7597117065864657,0.24877898706484425,0.30269599896095367,0.9230893470253693,0.7852130899397431,0.28008618771666105,0.9642204462946528,0.7877971006877089,0.3069947203797561,1
0.14866442044534267,0.9830256780979114,0.8927903741531544,0.5449285809784824,0.4194472796711669,0.26773807943903905,0.9327019342236678,0.529481964551557,0.5259849961769858,0.5534110659037684,0
0.24659781484499446,0.5844967268705732,0.9579681237178476,0.03831105193870977,0.427548282179034,0.6745032708215538,0.1405033389849827,0.4185851550353112,0.13121068864943705,0.812945832418638,2
0.04196192738217133,0.7002072911027747,0.13582805779699877,0.33288852972596783,0.9778015565088939,0.8323974283543201,0.5365978955428501,0.3365545548038584,0.9170470425568975,0.9647278235536724,0
0.052082519095953225,0.8761680546860289,0.8110352905038903,0.6875321952982058,0.28323004343700736,0.8534196175079021,0.7992604556334335,0.08345805525368656,0.4448996060438531,0.13167215800022772,3
0.2326621681576405,0.7672716780161463,0.41446052401674827,0.929558470702942,0.26563640981017184,0.9864541525717588,0.0887366230307332,0.6976355418510651,0.9558311952226012,0.6152593157335966,3
0.2332782542130087,0.4203801140373725,0.14481969941871103,0.7196345331087732,0.6052891608293027,0.9936521115566006,0.8275380850237125,0.40127782857006744,0.6812414941698189,0.37136473519847835,3
0.5385216134230745,0.7176506159005089,0.57898380239304,0.3028161103947261,0.27338091621465443,0.7864967546529396,0.6204892342664853,0.3771466008748606,0.9984242285100728,0.9963881219612148,1
0.7800237313518906,0.3681083918065218,0.8985482620438008,0.7540940984939327,0.11758721117004362,0.2695417701096408,0.008070012486624183,0.21414038873407168,0.6239518708117234,0.0905443337741828,3
0.5531028035238656,0.2181069774543996,0.0484634359199919,-0.22462818315482883,0.4075832788618579,0.8548573292622001,0.28275443827038926,0.2100751476473932,-0.012783702262043284,0.7018410321443102,2
0.09796181426969591,0.6312562982319252,0.7818590207470462,0.49793258265259055,0.2550038701648409,0.1257283938364775,0.739606459562831,1.0175673799977736,0.49683319087248534,0.692312274476222,1
0.6819416978482136,0.8763079307992994,0.037260602131882314,0.9739656427332541,0.8863168961905147,0.4930035271263181,0.16036160805341515,0.7045256787948438,0.352210982703514,0.10775824769555012,1
0.5996031764798805,-0.055605937981556275,0.14373535133090135,0.4814746755293564,0.4524454600684336,0.8480212833668148,0.8086986022860688,-0.04631026565534556,0.8649684088304097,-0.14082039315636596,1
0.030056807957920848,0.8892554352806374,0.8390403871603098,0.7106587569002308,0.3007570109342998,0.8172888449739096,0.8232069149375976,0.07213667120684891,0.43712236308331714,0.13770977781973595,3
0.3298726146098069,0.38131649687840474,1.1325477765716465,0.5560864099330179,0.58020200342312,0.8839511155719619,0.5158744058251299,0.490362126055837,0.35212994087848226,0.2568903749367827,2
0.25232547033143465,0.5821395704424769,0.9423676688122484,0.027594068344877647,0.42062055260533243,0.6828404326421498,0.14088313589460574,0.407405345361409,0.11773199549500639,0.8185280900230676,2
0.1380921639403017,0.5885190015227248,0.8476029188227137,0.5490657558851599,-0.2559894627044322,0.9722854319167563,-0.295042202066396,0.8210012114419223,0.2187372036198587,0.9237354591127316,0
-0.1298175977421937,0.6285024647800177,0.827304050379175,0.5028263153131804,0.18501681809357498,0.4034748734504075,0.9108667951441842,0.7877863522906889,0.04055144655475043,1.0097551890304366,0
0.6150062788287549,0.5294951174042417,1.028420405585961,-0.00393016183334266,0.4540654403987439,0.578623857499855,0.0722082374928417,0.36634662552401365,-0.022730558165973774,0.7849429968951939,2
0.7547529278785011,0.854795858503787,0.08835778570134663,0.6583035265284436,0.8865352643995383,0.4128498607306865,0.11902346690384545,0.7218854368072952,0.8802954530864308,0.42534929369553554,2
0.7311826726841306,0.21145471025801194,0.054157482063767415,0.558801382231092,0.6119345634043132,0.698103322357548,0.8186172976546127,-0.010356702108411754,0.43275701893253704,0.15914848723170327,1
0.3646841652372339,0.39352856684900783,0.9540086263175683,0.4581328723889268,0.9407461033449822,0.7243928415495284,0.1536394077393769,0.3915836702112094,0.3183235965248567,0.02804332158610101,3
0.9555546534606827,1.166862100969085,0.820306456820554,0.8451898176533681,0.6253381577698119,1.1676330589834352,0.2824500035559636,0.4782047923773249,0.6341934993202876,0.30527937914446557,3
0.7345219717209592,0.2297894642166282,0.924179756937605,0.44177457080026633,0.7870857921455089,0.41174192457851894,0.20672770347172223,0.614575278406435,0.33048706105808945,0.1931711996800836,0
0.29518503771282334,0.721448136153401,0.3950204377921277,0.8951276747298277,0.23838614767092164,0.9468615454040284,0.12776077161789096,0.6549501188944313,0.9335949003544494,0.6148361893769991,3
0.822918213761064,0.21956363837949358,0.4349183100096472,0.5752265991401453,0.4779099055862466,0.18017248693465004,1.0157422548303527,0.028877541751098093,1.1430154734539661,0.65978323346592,0
0.1151461569150954,0.14269146838485758,0.31562469596425835,0.021217087548921872,0.7739875292977719,0.6152008393881471,0.4903313213506018,0.11218600643936635,0.7647537041057257,0.7268924886111424,1
0.309615697070072,0.6811090378344776,0.40671171840401776,0.2911955644735596,0.4189651504352892,0.7497606392615563,-0.014563975428160063,0.06168622007078761,0.10365990307069035,0.7550000183009947,1
0.34335923005334557,1.0029952807420792,0.023025240247571258,0.9580351186991161,0.08468287316829204,0.1285412875742833,0.70221088197855,0.2956336546799566,0.40400212173030736,1.21794152520869,1
0.632449652721833,0.35366766560678203,0.39762117907170513,0.7295257725301746,0.6399539262226726,0.5012437533594254,0.5733709192875203,0.21027752432593289,0.9008729353057685,0.41059228003884213,0
-0.014893309923074471,0.36839848807152853,1.2144426616760138,-0.02062815287140357,-0.11569430623157057,0.9340363642752162,0.23150226204618396,0.30088446760456905,-0.29877563327591466,0.3019273618080458,2
0.8335795396031869,0.27238839215335237,0.11597431869164938,0.6229741293733225,0.22391869569193587,0.5188946167389894,0.5424616584848578,0.10471581623719113,0.7237936465872311,0.718869178381498,2
0.9145689759876541,-0.15144632535860805,0.49998434438709627,0.778158682014552,0.8515544869698619,0.5172245827580694,0.46825217017026216,0.8218260415879767,0.8725117087085208,0.6161067505743189,0
0.6671065493989439,0.5091448645351706,0.04947134300189544,0.41196412532056736,0.04074784617158906,0.11196080046768012,1.1729866647309781,-0.013796401962770044,0.8616280056630713,0.12940266061421962,0
0.6841342638081905,0.8888129101033827,0.028734447186126492,0.9773398789022185,0.8946161215036914,0.5103772970097573,0.1438013187342705,0.7061089073358007,0.3503100952394028,0.1011901598197598,1
0.6694216636621397,0.9407970349778496,0.30007479080936167,0.42775781179285777,0.5339332494773602,0.2737415570056028,0.7918055089758332,0.435330410271739,0.025583085128226546,0.6897030863933254,0
0.1981603281124502,0.2122982036598503,-0.4864908146511152,0.8460261293074127,-0.2600549307966587,0.02138248049925673,1.0713029501573261,0.8439753271970823,-0.0948805833580475,0.16153301474406123,1
0.27383813034481314,0.42934568930095807,0.5858362999788969,0.9166786773784943,0.6062818516772842,0.49816234804153176,0.5797459803116738,0.19844250903877503,0.23360118218106232,0.20913593610517467,2
0.775898170798732,0.077341415894017,-0.028843912420520063,-0.04939918030614188,0.6961664079037042,0.5891527237577328,0.5647914358524858,0.0446176903663998,0.18900534195916427,0.8746428146659511,2
0.1680219054794307,0.7609724629062626,0.8190671430417074,0.27178579154564075,0.42588129740546304,0.5266353235570588,0.7882484233796851,0.9383777142073528,0.266325558259243,0.6816565845383828,0
0.27393298458789433,0.4302322421102824,0.5864019317510988,0.9171486404450437,0.6064148227418539,0.4984473199048379,0.578992927304423,0.19855036481086116,0.23394491961017436,0.20860114962750775,2
-0.0856341852828692,0.5182156879072558,0.5410540934712356,0.543508082893538,0.6684013251068877,0.5795096564439941,0.2817425108568855,0.30176707523489,-0.11279717908788894,0.3270510224488959,1
-0.12409503373336417,0.6315048248287343,0.6970116320140832,0.3300496655170435,0.5518299516448815,0.2232355417942733,0.49264395194734767,0.8418742262325147,0.037561340624513384,0.7505348422260666,0
0.08317661890594263,0.17323123602113796,0.867950705323836,0.630141296787994,0.7201117971641453,0.9043994271625191,0.08393376436404112,0.29576208863238207,0.35978763302865047,-0.06690629896308586,2
0.6391187966985401,0.015956469330766054,1.015421708437604,0.49350689148219845,0.13351460930502163,0.8985746561894831,0.5199124216663215,0.4329617981014583,0.5648293879531883,1.0557103538941188,1
0.38590828482680606,0.8898290388354769,0.3672253537840546,1.0509459343556848,0.18867577716144035,0.8851882786624032,0.14084672263412176,0.7080605515125705,1.0587871755072782,0.7274091020519173,3
0.5668537888468462,0.30613681080321115,0.389547908167422,0.6933805287243653,0.6492320326582134,0.5587731837314925,0.6430610452865686,0.14088725084578058,0.7991994116408127,0.45188867732141313,0
0.7106799344376927,1.0903441091976178,0.9241263362109513,1.0206202701110116,0.48317354128307544,0.808009767502291,0.012781154577368975,0.4848277431455879,0.8859401581834548,0.32420832565870816,3
0.4646881209204634,0.7821122175710625,0.8657037045657247,0.3643100799595833,0.2535026662981739,0.8058849538339806,0.015498805553901387,0.6352180528860528,0.7953029368445207,0.9084549495579332,0
0.030169684104094402,0.8601267596817312,0.9640342868983565,0.5963636145116493,0.32775497668292997,0.3344991674133112,0.72896142215277,0.947017884712402,0.2647158364741094,0.9755095904730572,0
0.2564603363145502,0.5856834529337882,0.9537263550857913,0.02169613953433967,0.40930587670871577,0.6718851465692284,0.1387257428711443,0.4002281114919066,0.12103856796525703,0.8228902924477952,2
0.9259799659427483,0.7590216275208015,0.6165276364725275,0.9577573932217317,0.5421748313124585,0.6727468832166044,0.20935436823473008,0.5911514549660143,0.38424799747037863,0.13627702133934344,3
0.27564638106028144,0.7285073288616642,0.10370509527179948,0.5429776595696959,0.28543528580712807,0.4894663410869917,0.6224421152630039,0.37435422397603707,0.6891925593196923,0.7513567321714743,1
0.8855410289615071,1.5361385617226584,0.29823776124531926,0.4135593617228969,0.04978701678999229,0.07811220535636768,0.6201183778554599,0.6304391334173558,0.3372464020029923,0.26964866341453836,0
0.30409980015538984,0.43031664526474117,0.2840312164747085,0.37056655266192184,0.7277207199037894,0.9570813185849927,0.17012509100067713,0.3006796667261774,0.04972128730915782,0.3245378290405116,1
0.3932890437674353,0.8170429608456989,0.1696363107029749,0.8800121402815213,0.7643960414835141,1.0041377822401936,0.5191100474398904,0.45461938185268486,0.09342647359802768,0.5192816228176235,1
0.0346497383181806,0.9070566841294322,0.8193267375352549,0.7190461871312946,0.33948135228290544,0.8109701011452981,0.8433073506913231,0.03366795906680822,0.4321299953303834,0.14728083384119176,3
-0.029782090485981363,0.9236820147770078,0.7968733634270984,0.6681492715356001,0.2353929243145555,0.8754187157036057,0.7971586596928668,0.145467481646238,0.5043585599958882,0.22718578967094283,3
0.7966203472132452,0.7553542388806842,0.24935470834112075,0.3255591624394546,0.9157752637076159,0.7815271309358904,0.2697802314217642,0.9718947284412379,0.7917097076375601,0.3063287516039765,1
0.11104179311632403,0.7074630657390096,0.9920874095380113,0.46555900174532255,0.377071259487828,0.4915805740606581,0.5953578147441444,0.7779919480757754,0.06446588231376617,0.7983892446345738,0
0.06515614993135746,0.24838235365369865,0.5850136209938013,0.19342878353620624,0.8917725178235117,-0.14171295143195534,0.8259325664745444,-0.11046123303604188,0.7260052745542123,0.4023540111955604,0
0.2726954383502335,0.43093803292555033,0.5855353771207472,0.9184337211864247,0.6062564324137107,0.4996381144673175,0.5801491136983752,0.19955509382962971,0.23297493602961145,0.21067797882588013,2
0.23327629006736833,0.41079897818399597,0.99683146511364,0.39267211391212814,0.7314948772098905,0.7934306165001794,0.29818185429361815,0.489494494617734,0.3427911494740152,0.2028102596824027,2
0.7326747477240828,0.16809952622483443,0.9435731784023236,0.4537212883165356,0.869077674844743,0.5232796523557797,0.08880304661025415,0.6069357238163285,0.28070822178451116,0.40831225421841866,0
0.7101869456660013,1.048028689476962,0.3025704125236883,0.7066982801665704,0.04344251083000021,0.09370382991110071,1.1746050846590674,0.15059743375112547,0.7187973378687925,0.41783197610727374,0
0.7418120418605195,0.2737227585680413,0.24046740112138337,0.6065729115478733,0.5209327110192594,0.6933541862774791,0.8969655138108406,0.0837204460156978,0.4669568157835089,0.12924641330539027,1
0.27843678356297913,0.15780062939722228,0.49737569890499084,0.27870533690085864,0.6040396947777624,0.313801783630514,0.7205611540154832,0.3536940144376966,0.3287409342379269,0.7885116990001069,0
0.8331263176605564,0.4259949538070918,0.871322182420791,0.6583206335721284,0.17069019635758065,0.3483099858524492,-0.042981073076884736,0.2103111161655634,0.6896834758769929,0.06332415561388408,3
0.14331344973962454,0.43118166907044564,0.23737434562172077,0.7911260344345862,0.50775906670981,0.9027721622766576,0.8810493326924785,0.4046172485267107,0.6951840163728151,0.29331003455601945,3
0.39959082450914835,0.8283369484564145,0.8421389318170489,0.28278871283242674,0.19332710952011567,0.3854913492649378,0.6782445501891916,0.6968278904201956,0.22425683729290247,0.8524738284330547,0
0.2735938898854888,0.43940410935179636,0.5886399219855644,0.9249016498413606,0.6039186991075867,0.4894215147391576,0.5823427337568818,0.1976617793362802,0.2350784102354063,0.2125886134823424,2
0.11695118022815873,0.3822369311854994,0.21939092266183294,0.3715547632937613,0.7648989557879521,0.7573230513725187,0.027968796708591093,0.17111007957710125,0.2012815653924645,0.2854832703436441,1
0.26962256704645865,0.43616235576294066,0.5881634715409749,0.913828858429094,0.6139516949850055,0.4960603072148189,0.5734778773573436,0.20347656495034996,0.23810188219100634,0.21637405617650676,2
0.7568886585374786,0.054364762994554755,0.555075559914533,0.7335688418832189,0.7151312513715474,0.6752586937510727,0.09125779966088537,0.08616429145398438,0.20396398772935168,0.2582178017051038,0
0.3096728004162381,0.4547875768495979,0.9931464058026337,0.4993145758356364,0.8409470609172685,0.813571502415552,0.23124054733441202,0.42170119936967226,0.40236627427726984,0.13249838927325672,2
0.8863498318442065,0.8020961178163089,0.226924990510078,0.28111805813777285,0.8414197965365362,0.8221009803534036,0.180472869716543,1.0051340022901396,0.745250614294013,0.3786266771107688,1
0.4053342462783168,0.3710306595849471,0.0852902778866523,0.3723090194679542,0.937850336785373,1.0441502269768748,0.11320878026985393,0.2048565029234087,0.12790962997099126,0.2115005816577662,1
0.4370365050768368,0.07056478430056803,0.8612650906990712,0.7270717659808009,0.9077100687402633,0.2652795497466618,0.395364699784162,0.8255936442041163,0.7652202974910104,0.8026900690781738,0
0.31811928568245645,0.6501262114281958,0.9645037891672691,0.29908610576539885,0.4760861893026565,0.902524764031954,0.1579297416757489,0.44840693261107506,0.7313440660244939,0.5450121901385578,0
0.3413537587181755,0.5398686773710915,0.5388562202829357,0.09536339776328223,0.40981612850502125,0.25172400919173943,0.829672799481605,0.6545750997099415,0.7621989885494271,0.44793914761318293,1
0.35154197031254714,0.8244144485556484,0.7777383548349444,0.6868954346527435,0.47750344657940513,0.144375751269138,0.7755103419157634,0.4635933129808181,0.32846704329042276,0.7073102211395351,0
0.3276618262661798,0.7221264570866268,0.4123062704094336,0.4280628150478615,0.527144862956904,0.753958103455364,-0.0360539945246109,0.1467928170609128,0.03228481923424001,0.6529938671867636,1
0.23873927001916145,0.3083273797500068,0.21884095363269923,0.4459694784921751,0.5000504401567748,0.5606708843585311,0.46723142169430393,0.4899750612236369,0.41950137473693455,0.7702915330267118,0
0.9521775303079077,-0.06249913813902458,0.9600282085737512,0.15012040406062496,0.18475054674196273,0.9414340367634964,1.2342682240177947,0.6216634636229676,1.2676242757192364,0.5821110827100077,0
0.7707278035528345,0.5138775896721128,0.36207364137444964,0.11884871789840745,0.3877858138189936,0.7790129875411942,0.6901539267552879,0.09198782425184046,0.9296176286675965,1.0064558270866386,1
0.3232614804454697,1.1813630953870142,0.5369217267691564,0.7991624149209053,0.15663774731061275,-0.20611332003557914,1.2944530355228288,0.017617565075204122,0.8334717326240441,-0.10926018906981999,0
0.6932797274946654,0.3136085827421064,0.5586409969583608,0.9998626824591897,0.6048644289890982,0.6917120419568482,0.5770212313750452,0.2493651090054658,0.9665015056860622,0.6837311050630592,0
1.0344866707290885,0.1668230900414425,0.27388435123426813,0.16253960931225522,0.37822925681656483,0.22890383513814616,0.6551634844881808,0.3282798982600217,0.9782302956419131,0.43673977458284574,3
0.34963295004098,0.25570953346354425,0.8353248810044717,0.656705775534052,0.6289311449227202,0.38798182622719696,0.2882992355547848,0.6481331209915449,0.7810767309912444,0.9985831521682093,0
0.6571989336581863,0.12745651288427867,0.3031880208274905,0.1364404323630879,0.4036749013933728,0.27403143958018167,0.9069036217242681,0.5271234089594942,0.8118805526787599,0.5308495165611978,3
0.3050568033988887,0.8887715056527747,0.2206722202507463,0.6880416948151753,0.13911752932533689,0.32577024698002877,0.795054330878326,0.24901718569361173,0.5478516035828489,0.9299564837000713,1
0.20739838848487627,0.42273413967843754,0.8376270860748383,0.8640078474743929,0.07376686513840264,0.6409453681798937,0.8531423528776997,0.748116151988042,-0.16341951740421218,0.6953664375844397,0
0.27053434036981,0.4328388166984612,0.587341971088966,0.910988938268001,0.6033553563801809,0.49605591874799204,0.5807878943203252,0.19730809725485132,0.23268738857831464,0.21104228767520442,2
0.2177248688560924,0.7179144123557516,0.28813005111254963,0.5225894401277095,0.910841458320826,-0.029883304488701284,1.0966360493035263,0.28364686049887944,0.750787924218472,0.8641738259214231,3
0.08556373025287903,0.2578863062684247,0.3675778082540274,0.16307331615796516,0.6415410630376366,0.187412559907602,0.752992422068797,0.20364664045918673,0.5154362517100604,0.703343433709029,0
0.23911239708750004,0.4086737197499228,0.9738220613011782,0.3910218761792411,0.7450253419995024,0.7827891600958448,0.33412127910875966,0.5178556669498997,0.3220556666627824,0.21432431018105727,2
0.8688416852703067,0.6786744159797152,0.936050028378157,0.11873584387186639,0.5820880509161633,0.1080886042669939,0.5020525890648971,1.0986567562180467,1.0611850485074117,0.5244718155602563,0
0.4516710032000717,0.295079238372137,0.3350832368933951,0.8832778333919109,0.7963802071461641,0.44937236980866113,0.5903852681921736,0.00862891269478483,0.7233834464482944,0.44319640770903984,0
0.7933382218536372,0.7603943240398567,0.2609109652423782,0.29977346999176596,0.916841298978504,0.792518309963501,0.26500813730491307,0.9641477758728142,0.7874876451179045,0.298400276334238,1
0.9214320811616136,0.08516294593124277,0.5783893123315059,0.7237264566860017,0.5984099158246776,0.20724817179687005,0.373979837119253,0.8508776542051499,0.4078338191077514,0.10052612758780581,3
0.07977971010036222,1.2316091698993865,1.2695578577125426,0.11785823426462194,0.5627369795550233,0.6362624125493401,0.2399525744100216,1.1905106243754797,0.9225336073220662,0.768170602521902,0
0.25906316639943316,0.5237516977325741,0.57652258784968,0.014966784285120105,0.3391408531686373,0.9706200762388334,-0.3081826237509974,0.3880974403425053,0.8257908250776582,0.9574446216902888,0
0.08411164177342481,0.17243879364240422,0.28476450683559307,0.04529154069757013,0.7337394917968255,0.605244088221682,0.446429608061786,0.09447494229938828,0.746453674210199,0.7181553124578143,1
-0.7214672507889144,-0.3697519899973655,1.217453672094888,-0.21459500653327274,0.28257050494121044,-0.9515210418630704,0.40629801484790673,0.697918058413044,0.7357746402361591,0.41556877251671676,0
0.47269335928027767,0.2786600575256957,0.63419152296577,0.3707612339776235,-0.05733792811905555,0.919475527212674,0.887553673195352,0.40272721086535307,0.5704918650002249,0.8865984116020235,1
0.15067840762725354,0.7898032351437719,0.9149734511105446,0.4766749852735037,0.34152664702511215,0.4619477819546476,0.6680207871190684,0.8394615189853223,0.13482591414498546,0.8899046540244642,0
0.7580356260475408,0.8658225109417791,0.0850479442545321,0.6623456170829185,0.8914505888188609,0.4066538969201142,0.09788347294952623,0.7028218312580937,0.8809945215914494,0.4297578770644944,2
0.2663882314381217,0.4126054528719515,0.6006013998930777,0.9300417434620321,0.6091952933518747,0.486060966035123,0.5975560861740906,0.20600169173415914,0.24890533839981416,0.19279829509401805,2
1.0952570723675665,0.3509442052520516,1.0424900530050756,1.366176588895807,-0.11754033747895809,0.21365034096890778,-0.28368010377881303,0.90813861935559,0.6130246914335614,1.0253148280147726,3
0.4052736142896366,0.7402952082266598,0.33503190678572115,0.9240260293507108,0.2616359898934515,0.287755823993575,0.7099283076666986,0.1761634230251209,0.7973726223022553,0.8326076927382228,1
0.767025904766925,0.3552802196515067,0.9037190848862211,0.7615440586646485,0.10903539591055617,0.2952716065529023,0.012303171084973518,0.19087700837639124,0.6273890569954036,0.0763350381967895,3
0.8243815567650418,1.0769693832450613,0.8352540976052635,0.9731557798459074,0.5615057573238982,1.0288803870800687,0.13987080614959221,0.5524490820723016,0.6525800248762359,0.4786534828766324,3
0.5362553957489145,0.8473093578184628,1.3230495345897049,0.4007110930572577,0.4149847162127575,1.3390922396218732,0.13191564271609546,1.282184361819736,0.48523829604861335,0.20535793978131311,0
0.7110790701936268,0.4267734968230247,0.7278227973162965,0.5712348285909596,-0.047269278709031026,0.7750438990862071,0.6979173917558232,0.659880663491738,0.5725771561180016,0.8478383086384451,1
0.17269568484680853,0.4199694466486811,0.9322175183811504,0.32996685651209995,0.7572290043716203,0.8338092528954024,0.36317760856792597,0.5393483489609253,0.28063353988800616,0.17583458484619777,2
0.5704745981977338,-0.11789978537197629,0.1305678917073168,0.1805569478973116,0.6140195131291699,0.7003261416840861,0.6068918841875334,0.04761001913819983,0.17693622337267478,0.7882046452794856,2
-0.04941207965083472,0.4887901278183345,0.35905764018643277,-0.4233115143613021,1.155593127943276,1.5592890300526547,0.5289000499015913,-0.2604228014259412,-0.06566045823566846,1.4803679778303533,2
0.1531342673125523,0.4230773962202823,0.216459505272517,0.7789677314570519,0.5338481011773476,0.93152308562881,0.8598304557071936,0.38322278479471666,0.7129974422614812,0.28796389650653204,3
0.9096017382007184,0.06358317999097218,0.6995519251422836,0.3186465557194795,0.943916717301712,0.309394205005808,0.28402145780938703,0.8904420374106017,0.8472541579795916,0.7757676644981629,2
0.05454983355198775,0.8967546547263481,0.8245583116977081,0.7181205843464609,0.2750924072029167,0.8462788168934088,0.7998648772759585,0.04671033220260168,0.4108122787707265,0.14582086277866477,3
0.38177392120370607,0.3890969210047978,0.5419927954503657,0.4751339794514131,0.570345988448618,-0.013180118283461717,0.7560228724308801,0.5656993724205007,0.3175751236727318,0.7440676102588006,0
0.051796564968352776,0.11939415396357386,0.8330301962002211,0.8214093652839488,0.8588616992237641,0.5717046422159114,0.3732258974981407,0.9395505634803877,0.9221499554863872,0.87413846928989,0
0.7567731224280296,0.8510408433377664,0.07557905369622712,0.6588791713662846,0.8738769761543473,0.40520647759075223,0.11610009880877595,0.7227808409892518,0.8876561320523577,0.4302294179794927,2
0.19057951375691654,0.8950402088681457,0.5136055423891602,0.8822109999623381,0.19026035659187807,0.8926088460022562,0.14065513571779836,0.5641833529404148,0.8335377114426001,0.5466678491859278,3
0.23803584793398935,0.06673283013646028,0.39495032332981034,0.32856248478603256,0.4694184289150551,0.348358889589881,0.7283568812199837,0.37393226576924454,0.41192300073299537,0.9448658323663398,0
0.3581961397404898,1.0352395871509064,0.401623257439578,0.8298399097377277,0.6598482229641847,0.19238435117273783,0.8047463965883522,0.25747273479690336,1.179718964166624,0.8341295472204224,3
0.6473755173830948,0.30338972640547945,0.7398631304112706,0.3697472182894961,-0.05689096858809145,0.7485747253877658,0.6437720120056443,0.6006032926342098,0.6435455330198233,0.8332278982359355,1
0.6930641634221189,0.15478723517474208,0.4729101073168736,0.7840917037100251,0.821459934567396,0.6361294493019636,0.04191040359594104,0.1070982786186527,0.21649134304973736,0.19989760118055439,0
0.19596814906990678,-0.15246828214768315,0.7170773194037651,0.272778996795957,0.3225907811827188,0.6581915074835825,0.9144453467081743,0.23825898098300832,0.41838366930768445,0.5567788397513743,0
0.18070416517608637,0.11838595727045736,-0.09013693711709558,0.318659936362644,0.9386324719153858,1.2804243809264118,0.5595814047444825,0.6017942084165027,0.04644323852194898,0.5868271465955348,1
0.6835435852231598,0.8836900454985345,0.0327533235359682,0.969305504051597,0.884024786646123,0.5001442580114545,0.15668939938041285,0.6983875851103265,0.3476257341971488,0.10656497279499214,1
0.22053834995195173,0.40253201853807463,0.9568506975588205,0.40394614738795576,0.751295912621865,0.8068263519137369,0.32870358320408904,0.5143507627841805,0.3089639426794654,0.22874371304459845,2
0.37944607366128874,0.7049665715509285,0.28483331965879055,0.9473116891013899,0.39620320900525996,1.0121536911257274,-0.03912262204988344,0.7447913944911625,0.9563756021375781,0.6449826271982587,3
0.6888796965724693,0.8914751667359931,0.037026702125149163,0.9753815417386457,0.8884503348036867,0.49643864179426717,0.14734521033266668,0.7112340358062432,0.3501344882262504,0.09568068209741476,1
0.6391675971234362,0.25987959982094666,0.5768812878555131,0.9077422567671907,0.6654936143928535,0.7028702702638596,0.6621858041338468,0.16612480144739392,0.9464440489458411,0.7531184545991056,0
0.2549708693610339,0.5769188929807861,0.9445020156762989,0.027820759672661025,0.41677708222132737,0.6828871557585665,0.1392345408525669,0.40461790728779823,0.11956958417761542,0.8149817530493374,2
0.6493250197286621,0.28768618562363424,1.0061878107721103,0.398356852530443,0.8019460090228014,0.3889630232268282,0.15102227239748017,0.5784184005251797,0.37110017994476413,0.2749046133414731,0
0.5989520146150545,0.39788989057077406,0.2487279543697273,0.7371426869303807,0.7872475418276307,0.4987321103358603,0.47406846587731,0.31156739495545505,0.674625722636524,0.3854229059334293,0
0.3638242250648776,0.41845038530971573,0.9457888442285874,0.4815869505347656,0.943608699558683,0.7657589166670323,0.16301503186248684,0.39494984977261294,0.31811103932145485,0.010102985437472161,3
0.6773102227548617,0.8907003754968263,0.036991224824896106,0.9694841285740653,0.8895308084164112,0.5034685289754229,0.14934309634176887,0.6968106729935942,0.34866765231864993,0.09801541446825898,1
0.23855860099525164,0.5598644212976852,0.964893594180567,0.03366781851577438,0.45241861450903365,0.7075540423619278,0.16987961096849782,0.39320494528470723,0.11105209783545131,0.8460216450207783,2
0.3131103194565301,0.6748672039649529,0.20826020998713124,0.49149854268639803,1.0032347323226156,0.7077523048528973,0.12742492205885636,0.022101832007645483,0.01616066840967205,0.12766432817159257,1
0.7497149152808491,0.38363519259455625,0.743570223184008,0.6036765296459123,0.5909982090028981,0.8699297339078164,1.0500559819044821,0.4859193162645748,0.0932306917241304,0.6786924522477569,1
1.130153172444102,0.13096079596916377,0.6814002334982772,0.7121215304741244,0.676810241406092,0.14695811817371784,0.2617489499901991,0.6929897125466049,0.29023493451104765,-0.05832380729525166,3
0.42774091907074635,0.39133253009031,0.9424496986650636,0.4354100772816815,0.943289598091822,0.7215701730140461,0.11711016890082626,0.3790992173598966,0.3112605952163982,0.060621511683027915,3
-0.1867056204414353,0.0364080341859952,0.7265784660303938,0.20797565564456635,0.5019606373656953,1.1414025581948644,-0.0893737637836513,0.13260676392571583,-0.25625292262305394,0.2946263771838787,1
-0.06774580363126115,0.6175574146694205,0.06706115006918834,0.9672629560115049,-0.09994989576493218,0.17241834053890728,0.42907061612279435,0.6578670518258414,0.23026094443375966,0.5302992419026852,1
0.6676436539815289,0.9032500755817685,0.23424885636623913,0.42641796086730377,0.5919731930153298,0.22263498519900052,0.7916914000937942,0.404686600934694,0.021763143332417217,0.6816300459630691,0
0.5670129665927321,0.657113234480933,0.10340657408114477,0.7361572597974744,0.19826630576622983,0.01732787879544745,0.7680608421268411,0.044614760667082254,1.0746912204085917,0.4413059611853259,0
0.7978897012633198,0.3850196550377182,0.919921776915348,0.7359652433943717,0.09811619428148591,0.2549453745465968,0.021737999471326274,0.24785977556945288,0.6383989273825369,0.10015741871633888,3
0.9170897399601998,0.2545771667832757,-0.4916499540373056,1.3403523299781621,-0.23365909586451267,0.08907895680232386,0.800760870131148,0.777503553245134,1.2061977659294854,1.3924827354238518,1
0.6820164262610727,0.883161439015239,0.03618792298066192,0.9763668546309318,0.8869712012823807,0.5009414568950067,0.15496479571175398,0.7025893038938749,0.3457699875901843,0.10363405169652651,1
0.34390351408761344,0.12625827251942265,0.4809373060151867,0.2194708973910656,0.8881651745034153,0.7002395827248742,0.630658606667931,-0.00949701402456729,0.9314357781898439,0.7811844818152678,1
0.2448023432512249,0.4169743596784415,0.9416501015192502,0.3409322087641024,0.7870272585546804,0.7527831903765909,0.3001462980147441,0.4709201977485253,0.3562250298848147,0.22960624508245472,2
0.7338379072771657,0.8031485251429574,0.17425566736308784,0.6409461309798302,0.7149841597462314,0.261388119842487,0.5598947887182958,0.4866789899470926,0.23626016269256941,0.7277410939432437,0
0.12337694466777697,0.8757037914362034,0.9354027657340058,0.7144118572224758,0.2589721002333277,0.7474125254821326,0.7560067524446452,-0.008315010776556539,0.5164927262497359,0.053733817196067984,3
0.26986093409514234,0.4266031062109759,0.5787318700107984,0.9102459775470736,0.6158839572312244,0.49409582084379977,0.5843846272247629,0.20573863034364348,0.23171318513092126,0.1975312880878579,2
0.8594284989667906,0.9117727151451027,0.945065869153677,0.8524301460637244,0.5223372407316276,1.016919078790024,0.1595564401940287,0.6210712157148552,0.8178715722437195,0.5229388503078422,3
0.2391596406238126,0.7553116621361055,0.32477065768127145,0.9650624157647492,0.24448538630170802,0.940828267906396,0.09040808170419645,0.6540099848234091,0.9836817722389803,0.5600221778962088,3
0.5358680768785603,0.1553491000881068,0.8159780170928581,0.46391502116327304,0.11055541117488682,0.7629290202665184,0.7111068226356022,0.541965687196031,0.549187718625564,0.928027196519346,1
1.2647132031278454,-0.005006247937591177,0.5836998161215239,0.6626083701838058,0.3876988721411527,0.336548930151334,0.5403381719634655,0.8581188003175088,0.8166291916754997,-0.039366791541771085,3
0.8342606792505775,0.7374710288635823,0.24366788075217813,0.2997509314611091,0.8859408427112604,0.7572320132604722,0.28068292724965277,0.9818700413193763,0.774305076436106,0.3196498748628592,1
-0.047589561263856134,0.9512002380823884,0.9228020230311107,0.7587137595665572,0.3859437497248567,0.8748849946934191,0.7987096286595585,0.1555691398923761,0.45661402927566275,0.17902043219370417,3
0.26032088782512314,0.577123160659416,0.9451791449350148,0.03673015031139651,0.4218773938615039,0.6863009650297712,0.14220619320809413,0.39375683088702657,0.1081023196557243,0.8253634049192475,2
0.21032673648453376,0.7176304495625643,0.340964827022897,0.8285712565833774,0.6019172272029574,-0.2604705388869142,0.801725478301245,0.756533722680539,-0.053888286835623855,0.817429993375395,0
0.5242711512694432,0.7280389229824148,0.2503916570172593,0.6213447394751502,0.19123092687585824,0.38077472947848684,0.8894299659186663,0.19814026928977263,0.8781505948852134,0.497878646251232,0
0.2699959971569547,-0.059991994465990794,1.0812817978760854,0.6858686812463631,0.8364660407493028,0.4878649778690656,0.6088617595885388,0.5947666063487247,0.4945313056282649,0.6919030865603619,0
0.5211742741109561,0.3126757336757809,0.44520900719842055,0.6505404059786629,0.6229882728272818,0.5333948094518076,0.6403700515356778,0.17356348181100967,0.7838481562538923,0.41495432711378477,0
0.675591417005533,0.874684581432497,0.04799282661474932,0.9776005907482024,0.893048223152407,0.4908493819899896,0.1563700143749872,0.7146638999487442,0.341721406362348,0.11485982435517156,1
0.7901189946411076,0.3676671918648552,0.870098505338166,0.7334824406110585,0.11084176009994426,0.30665379072189386,0.00151928945703287,0.20332309630406753,0.6307189915977411,0.08977581872640754,3
0.7259917574126518,0.870133313717474,0.05663795553958054,0.6638254924728235,0.8595324811147393,0.39376106813253087,0.10029209708726285,0.6971461448527926,0.8884546317672285,0.4321346485427986,2
-0.03601801368368912,0.11208107982800108,0.1803470280527208,0.03506689615319379,0.7820414013273419,0.5893127488417154,0.6779936344560958,0.27320005538238834,0.9586328081703985,0.6546303065331166,1
0.7561116258376596,0.37436241822101823,0.8651972888268287,0.7228265061250054,0.14186746119666363,0.25174343693030155,-0.042785066768999964,0.3006079889562667,0.7126871992595075,-0.017597142955618553,3
0.08603032990431558,0.053962696121779535,0.9056298836927329,0.7541394355327251,0.948845002467687,0.1624347399047232,0.595104675816881,0.7278859927774293,0.6370129655351817,1.0521291953608605,0
0.6937123564355516,0.5576613297953601,0.2618431423070856,0.41349227803140426,0.015861059951045267,0.5805858685820686,1.0977922369530098,0.3263956729902235,0.7983092182243954,0.16883153725863714,0
0.2748683777813138,0.7992093911502034,0.40473699859420376,0.9505570066233516,0.2616716890565935,0.9591845779906234,0.08795311538172891,0.6550984360537968,0.9676179381468665,0.6345299656100654,3
0.16599242466016034,0.13863147625659095,0.4410475907457766,0.30439524615937635,0.5385856177496354,0.3963898576222282,0.7039828389167093,0.2709310298505518,0.2880148886183594,0.8790174587355355,0
0.383337028694135,0.423907410548763,0.7567333702155788,0.1261733779688678,0.30757169013131314,0.054026482284276006,0.5954610256911042,0.5693494366707966,0.576704809018455,0.48574293415878744,1
0.5887245378115,0.7690349280623869,0.5848158802893929,0.25761333472352377,0.33025371640018414,0.7656704333266726,0.6499449038853099,0.3214244762616697,0.9528692360819861,0.9456400274558103,1
0.5515985289505089,0.7995442695319621,0.5330128951027223,0.2929672997928352,0.3125315299981202,0.7320828684395894,0.6986178143640607,0.36844220180603915,0.9576054490066628,0.9865854573787154,1
0.07287120880877238,1.046109059401453,0.1575036728303347,0.6047544258937421,-0.005440123329404273,0.25858613895655586,0.8429032020417184,0.7025211740345569,0.5680210137430507,0.4063084730309389,1
0.009144751355039615,0.14063417974468595,0.16737078123657864,-0.19884126211589492,0.7046093045648087,0.6786281125612965,0.2275736177679037,-0.035299747025990036,0.9605908719541374,0.6550191752848713,1
0.10417529917621579,0.49847753110742044,0.49513640606756415,0.5216458959752539,0.9278293048430931,1.0617866243359657,0.26296892008620754,0.1279095670976288,0.24560317179405936,0.1511563952489117,1
0.11988450467251763,0.16064190220272773,0.3212007223834565,0.04007511230687481,0.7787702538904627,0.596329077087887,0.48051836578324836,0.09774170881765375,0.7451531560877863,0.7311793129223275,1
0.8601986914492796,0.2513813782392066,0.6250175041667527,0.5366504391972058,0.06458162753434604,0.4493765265495832,1.5145110038910268,-0.2781496795706825,0.8226640699490633,0.07359715523815552,0
0.837495088908319,1.1146443314450982,0.6821595694840229,0.6837422677324245,0.4792026186867687,0.8511069764293836,-0.09520086141365805,0.4773995692330165,0.8277211732129484,0.31769660682203577,3
0.5321198760543313,0.9766043954582967,1.0915053559545174,0.11155964563405987,0.41400624113984197,1.1932374207020353,0.006164168662443142,0.636212255446773,0.7190057919692441,0.7843857876053566,0
0.8063599320176333,0.7574840936325911,0.25172933045786305,0.3197981032979279,0.9103782699724944,0.7888645905886342,0.2663136840736848,0.972180925325453,0.7852192485058986,0.3008653417261076,1
0.5276576273446719,-0.05217524740202481,0.16129936916485366,-0.0710792028524799,0.6140378266453641,0.6158718651377918,0.6229108611345214,0.16598894839327302,0.43079738740446005,0.8235114088368393,2
0.4342146346347366,0.40864449062951186,0.9747796932517991,0.5098149841297566,0.985309793985982,0.6834017747349501,0.15260942722551327,0.36704383026037524,0.31621277124717384,0.08963827953545697,3
0.6223366782147477,0.5595624349408911,1.0923749810353331,0.46222885356480387,-0.05184801039252422,0.5723021911398962,-0.04159211120433867,0.7642690451754292,-0.18602920545085333,1.234709702366462,2
0.7716409674816945,0.37175251272130155,0.8943009081710586,0.738058281664162,0.11708541124907648,0.2782685865308739,0.0007277067906666959,0.21745901133939555,0.6402410876537867,0.10112172884866957,3
0.7635381809336724,0.3447633402572377,0.85162067834028,0.6842342766100539,0.07824782594231108,0.2724497666837863,-0.03968458130519898,0.18955763542909398,0.6952180434273092,0.14459790548385287,3
0.7400733626445225,0.8190823965041005,0.07845249544450007,0.641567301146739,0.8910625440578623,0.40651055807163017,0.09585659916863357,0.7415789547761803,0.9064919734700267,0.40291219166932635,2
0.3858307218763076,0.6819396233770734,0.35987882827502865,0.2814234505091742,0.3430373329447353,0.8378773508551227,-0.07457913902842096,0.1087820840643639,0.21715278062930155,0.8317651011939239,1
0.2428447323393882,0.721404191428303,0.45543394546012067,0.2915417156670786,0.44952506421153476,0.7026134423173885,-0.005048351555237243,0.1083940456078652,0.09100228125385558,0.81162790144685,1
0.4468761296993384,1.4458699535168913,1.2447778115239398,0.41378503112327164,0.7183183823775737,0.8814245027410612,0.686422287610665,0.21799163943709715,0.6126729054673504,0.6296569810797192,3
0.631117817549248,0.1068537196220329,0.7338257849540302,0.5088776030664242,0.03704281371561796,0.7876030440612531,0.6175913021802174,0.5551946694756775,0.610520085488264,0.981375700639687,1
0.20848863118043454,-0.0033587093691492403,0.38698654574011715,0.07217206768679546,0.43022403223394323,0.3895219389872413,0.5076261681232518,0.1084033294570762,0.5481497723914102,0.608143872728791,0
0.866491330970708,0.0006325754693593671,0.710199244576593,0.6955014800195581,0.6899457411769044,0.2406309329800914,0.3672870409521745,1.0036183703145694,0.5354026031351604,0.06376532722106174,3
0.4326366252444026,0.33659410627879816,0.86157076492623,0.6261597172037946,0.6374932170511693,0.3424695018309928,0.2536790608395898,0.6172889929055964,0.6626864332038878,1.075036084676993,0
0.21112764183126298,0.7835004984289122,0.9102030934697122,0.7980694994232764,0.5109628974297082,0.04829803354040271,0.9355993587276683,0.40397204552904376,0.21323164990950305,0.8483574070633154,0
0.819889485982784,0.7269106399289712,0.2088865559211062,0.24130300124588827,0.9351218731560338,0.742616522513357,0.3258167912051734,1.0217800639399477,0.6905122100431155,0.2577793858972256,1
0.6286132458512927,0.9058693976561124,0.2828400541160615,0.5157066212871646,0.5323457754237981,0.28237463588449313,0.7252608104644687,0.47106482183836074,0.08352260771850312,0.661644242509773,0
0.22773862561674718,0.14086744702847226,0.46343540701594055,0.27925644827888363,0.5767129433025526,0.3413533953446668,0.7205363264212933,0.32854423371847424,0.32165394834066274,0.7853497567487153,0
0.9198940722385994,-0.2525742688132411,0.48352428596188446,0.7298392112586765,1.0789830846257884,-0.2955981778962794,0.5072679627573555,0.8193048969937774,0.5828746168281652,-0.02418983699871506,3
0.6620896281596313,1.041951512822964,0.9349903554407334,0.7620565173891417,0.47611216992542993,1.027499465839471,-0.0364099003239281,0.5382830029346483,0.6514383509219721,0.4682473444711832,3
0.8192954129373797,0.3262648055666202,0.10601650223759586,0.46004450498095095,0.2686086631219275,0.4824031612231417,0.49835372487385216,0.02620877597693312,0.8004938032432732,0.6572516970591619,2
1.111032574840951,1.0790306153609217,0.8389066601261104,0.9390313458591525,0.3617413327798182,0.8332573729644531,0.2858386851464483,0.5296653291428642,0.5337697742234757,0.22561645537258307,3
0.882999136705403,0.6938273326172308,0.04839791982477099,0.8067036146233532,0.19525033574254574,0.28817125928354814,0.09843790861723384,0.9186665896377391,0.8357527104566701,0.6600608045379682,3
0.4033181255674719,0.05661649023757273,0.6041767858857029,0.2504328309973266,0.9019665245427149,0.7608738551226895,0.5379569852666922,0.687398895053566,0.7323975564277239,0.690189594118722,0
0.6177597821281207,0.5792879076345088,0.5377534464634626,0.36130966321079816,0.5401526669408789,0.2575834356067976,0.31818661623474226,0.45171521508060186,0.9047284726666042,0.7009740119456969,0
0.7786856880995767,0.8544085084290589,0.790527955152527,0.77524345122765,0.6021541354741926,0.9508127640010291,0.12264873916598634,0.6353322186824117,0.7848907010861084,0.41299023306226046,3
0.6982803426395432,0.31112690812559585,0.8694022492380906,0.7980408744543481,0.12846535545774246,0.27596922659440093,0.03483316786951838,0.14905203622161128,0.6321410677705099,0.17867021542419836,3
0.6675686641901762,0.5516450526104235,0.5063756801974224,-0.46378111319706583,-0.5139954458279642,0.8031686233304773,-0.5335845322093729,0.8325946344557787,1.0619925891555262,0.12366873102983222,0
0.32626527521697285,0.4217450284950523,0.6370029697144445,0.15342784926325148,0.34304140282642925,0.27055685539556135,0.811246328419983,0.5778606832574283,0.6962118327802151,0.5330502023848045,1
0.3822192087118266,0.20102922677105256,0.9189065937843203,0.3893390717345373,0.8846297500728847,0.2191315894640779,0.12286230144209886,0.7596282822625788,0.629394754026355,1.0240062196405761,0
0.6819707191666081,0.8811989858977977,0.038820474676189896,0.9751992489456947,0.8889267129904226,0.5025575845042551,0.15587352140586347,0.7070178802468531,0.3491330514431829,0.10531522111404391,1
0.333128745191935,0.9194129491506142,0.739853646376951,0.44332586243116445,0.37922499439646257,0.2859045133681036,1.0127274767844523,0.06939099577919416,0.8648808164149477,0.22367127949074703,1
0.20757465483327248,0.4863341342322898,0.739830658017715,0.3535520456271533,0.4234214404083253,1.0273181499329178,0.4527679325679023,0.6591725805265691,-0.009303942892402717,0.40181288689142003,1
0.3649874948918865,0.8280996620710562,0.765145389947389,0.6671240176515687,0.49262675848626375,0.1282769435229915,0.805262046903699,0.4470932153498156,0.33364151720927065,0.6864811448430681,0
0.4923342679488187,0.26656102113621427,0.7347548210225544,0.43941139528068585,0.04659995010355207,0.805518385726451,0.7643245270086569,0.5379516012002856,0.5758737092363236,0.9380154631834475,1
0.6793017610005714,0.8828978696638823,0.03983241575159585,0.9773364739706059,0.8848437999546703,0.5040787563517096,0.15298457039387586,0.7026759324792065,0.3500808568587022,0.10337616496345958,1
0.9312358045038467,0.049687051173194045,0.38089987838179357,0.7088209186679292,1.005885271990787,0.6122574617895122,0.4915399725237344,0.8703638775488066,0.7576193031007676,0.6533122798542763,0
0.5931982783989961,0.8161584287515831,0.0896616392781957,0.6735792486685677,-0.05096390152203703,0.2826250534144761,0.9510104229752958,0.3470540062411615,0.8639003612801002,0.46763234386974634,0
0.40808262283804636,0.3960769944781152,0.9766414853959079,0.43655374671118463,0.9491536594316421,0.7439431339104577,0.15989167684937944,0.37223867429670143,0.3106958163751684,0.045813099047519165,3
0.28241952161842987,0.7750741148126874,0.7469334356993982,0.7219445034382547,0.531908018699233,0.19974386924123158,0.6941121079907415,0.5850392779757339,0.3298940857773756,0.8452731473678066,0
0.4632693498341954,0.38980943611175073,0.8634666598546759,0.19643960184760334,0.5995983541694705,1.0332297097155143,0.46873646028972893,0.4964481000578976,0.04883924734680001,0.2753775446603493,2
0.3286144012716927,1.133586333863223,1.0014828776150506,-0.1816367408804389,0.2655558439889103,0.8713966015686656,0.20933375476357324,1.08121947555138,0.516449985261147,1.217620313842772,0
0.3660033049259809,0.1656559383075163,0.8240574064383113,0.44307546013861343,0.027609586559580068,0.7693787663344314,0.8876376618945625,0.6992675931433288,0.68565498012718,0.846910889221289,1
0.6441541611592837,0.935150653487158,0.4010417507754964,0.3669284140411784,0.4807251811923733,0.3577088747626922,0.8285226567583953,0.6060194387724229,0.1257198641077703,0.6235695934403304,0
0.23267835820505048,0.5835755098052644,0.9430402435903377,0.04015787584333631,0.3986892297664358,0.6569397466630315,0.1400282708007526,0.3955111432515496,0.09436458300116098,0.8091203497231356,2
0.42329856449136366,0.5234503427157361,0.5205536760916829,0.03832831131656876,0.3193695430295854,0.22935268606288522,0.7892760717134288,0.6186708296331426,0.6470498201339044,0.4812294194651889,1
0.3127981480640476,0.3194535213746696,0.261261100844836,0.4044649031249472,0.6424696711064765,0.7773633521106434,0.11014821462526866,0.20609873474619841,0.16220814560915858,0.22967047909644656,1
-0.0025137364576696547,0.8829684830707529,0.2611026991090749,0.4754590392838145,0.8275333902770368,-0.14477709560918917,1.0575915322205578,0.6465571386707538,1.0852553241829468,0.8229707553890225,3
0.017593859163249015,0.21706375960040183,0.9457569991761418,0.17177994661171048,0.6179065489897645,0.6326724687847857,0.47625830618455045,0.7179173384799544,0.2556040199690408,0.33177707071413026,2
0.3692989828354617,0.3974850110659502,0.9364686482973541,0.4592610904050471,0.9320039480653473,0.7411830789086703,0.1670616087579286,0.40767059370708986,0.33469746540533163,0.020597791412865347,3
0.21892003721065686,0.4119700402919088,0.29096874700204833,0.46171834794444766,0.7170816097547216,0.870045008746569,0.15340211837050144,0.27371908662805094,0.06478709328947628,0.3523037868312854,1
0.7275047772666133,0.3240794030125615,0.5776408330923564,1.000194872675746,0.5540603185956459,0.7007524023214349,0.5732875955787723,0.24192637011747437,0.9843028246931615,0.7191462006578171,0
0.5874641935928965,0.3098420330491777,0.9051689624630609,0.412809357503795,0.9159043433927234,0.5267144358666901,0.06705698210598846,0.7036755394397355,0.2592508146023609,0.2805900585444972,0
-0.10038395635272965,0.753862797191067,-0.15753360503441088,0.2632755648668324,0.8620026511863098,0.8487221906789939,0.5585514089951721,0.5820780581283305,1.0541785952904816,0.9350112814302423,0
0.751801584868718,0.8466376660335406,0.07717852663751791,0.6529146132290301,0.8795684995293276,0.3983186303162455,0.11903482903311055,0.7157625169277839,0.8942716093562815,0.4233541616755103,2
0.6575754409162443,0.8000140455990724,0.11919725785809686,0.7354212988439185,0.0795956006854358,0.2849702463806751,0.9526591581168211,0.3167419350125424,0.8241386487503911,0.3948323046864375,0
0.9004650133181411,1.0770978077869795,0.9693682609500632,0.886147414823202,0.4939988462889222,0.9536448735756806,0.03780506720774514,0.5029133018175451,0.7619624991830471,0.44593455923860625,3
0.9345608214829533,0.5112344756825123,0.16854296197657498,0.5892215619210142,0.12236381348537097,0.3055122269645664,0.39274605997215944,0.03368868893734911,0.6964166111400222,0.5178067716404255,2
0.5993828037955886,0.8524983479648768,0.3303867599812502,0.365954371644131,0.6236526543898976,0.3405280550135746,0.5989325818691817,0.41800026455691613,-0.045968617387892666,0.5675081065895021,0
0.6601723543642172,0.8729226190276287,0.2841571403628241,0.5280240774042119,0.5775381485490262,0.3269118060944361,0.7264959226469682,0.47043569814588326,0.057048632428707044,0.6673482820788401,0
0.20144802022978953,0.4512593063407243,0.31500505786119193,0.4709749563685211,0.7579970932733586,0.844777674102738,0.12174693272419893,0.24495893049668,0.08730491582722986,0.3532894660387999,1
0.6037404741758559,0.7851969317707065,0.5712807850266424,0.275746164194455,0.36423949724797994,0.7574025038661788,0.687561089001712,0.35373187637951975,0.9386146013237848,0.9734635980675271,1
0.36412782133528504,0.48761661615733154,0.5494186749618464,0.12345798190137379,0.40350269806726613,0.24684410442584198,0.7964304622671914,0.6746385500190677,0.7209744487586847,0.41363028790277906,1
0.3541366514617652,0.2415571286850876,0.8759545314526774,0.6184236835621355,0.749974284099407,0.4204481126891735,0.36164196053111297,0.6539476107729143,0.7794510181857446,0.9950296391034572,0
0.7556660072339683,0.8429253518389952,0.07425049198849624,0.6534831518783425,0.8736498378185614,0.4004984648289164,0.12015295719519717,0.7177668286972348,0.8969728368548354,0.4278663793402064,2
0.22224701803662616,0.2242917207241374,0.9482498236577013,0.34324663970313596,0.8159711529525651,0.8452485650031113,0.43091645554737124,0.7654955606644505,0.09969394119406913,0.1457981811609579,2
0.6875374752392437,0.2308767693962553,1.010210205509065,0.35313254958182044,0.7884682786919283,0.406704058195476,0.1421625847133612,0.5823130621653055,0.3697597421693801,0.2661861027456347,0
0.35115252999593577,1.0696239528794065,0.7254456879713106,0.7917662012266029,-0.3220650465354443,0.741386553912183,0.44838160176218594,0.7802604873693063,0.6973362593582391,0.9252179215788833,0
0.4817035844430848,0.31607559626791687,0.7850603795562526,0.46020035878278787,0.4862157601069984,0.17479804692549095,0.16452036182959937,0.5704878887477925,0.9682782932177556,0.8335011794466614,0
0.6626894531398876,1.1736492997655374,0.5645078350720225,1.0747288612180206,0.29138625391858924,1.2020226248685295,0.0916565910731358,0.7818108354969883,0.7946523652196732,0.29087810481778864,3
0.6765401302052735,0.877284438839702,0.03228785997725445,0.9798483304561719,0.8922953457914422,0.507744704780546,0.15377377052202873,0.7039425274729028,0.34433454398235147,0.09708404346861955,1
0.5900891292588184,1.359533239145461,0.08773253379773083,0.4310203063571408,-0.05261418987480401,-0.32120788731040417,-0.43573903913846745,0.8060618180017387,0.6742284487660369,1.0575852183611554,2
-0.19339305123735434,0.3238815899634077,0.29149956910089153,0.8178537160398615,0.5879064543341254,1.1268683533422281,-0.04429491815653727,0.5064119558845221,-0.3079796868593528,-0.001079806530837002,1
0.8407862813570822,0.7928922023908471,0.30394233741747617,0.25837692611599067,0.9645134156141102,0.7833200395706483,0.24192766601892873,0.9704166093248028,0.811118351406122,0.3525017007765394,1
0.2148032437941355,1.1452005877496316,0.8844231300409184,0.4448239557252375,0.5539406691650506,0.21208673640279063,0.8884873633221163,0.190449175905957,0.9880880465634919,0.4311033294538168,1
0.30222563290419,0.6899674875254999,0.4108320987655652,0.29977871017847807,0.4334861472347882,0.7214986885151708,0.004590553170193476,0.06289985343125387,0.09442200432058272,0.7545040843251196,1
0.26810552193232984,0.4284962776580303,0.585598713627153,0.9203421036088529,0.6038731499510117,0.5054175714723032,0.5724934429094888,0.19142456164235924,0.23334796728385535,0.20465867572690086,2
0.37332668065929087,0.22404999714797696,0.8761624294760006,0.5244437459330913,0.7349931559007068,0.4177874302491961,0.3018129062846035,0.634547976563649,0.7699236478348559,0.9227697319484036,0
0.3271488410887048,0.6690990258978271,0.9646242755392047,0.5707786311127795,0.29317832892319434,0.6533306290904832,0.9630373567589069,0.691027367521517,0.1439750798409012,1.017446637672207,0
0.2496729147596416,0.5760206713390736,0.9375851815196934,0.03554742531446602,0.416431317023502,0.6830708474904663,0.14597817099373347,0.40927491747082884,0.11291010665219062,0.8191485259350951,2
0.383134436508483,0.7607634320735523,0.8601691349677059,0.6174699039036027,0.5370742145975664,0.07883023072514085,0.7327833460958217,0.3662326606620681,0.23668684807181412,0.8106871035339528,0
0.2848124222609801,0.9661735380261294,0.6737363346084277,0.3783713482828886,0.3620391409588771,0.30452430112536455,0.9119834075461802,0.09096483613226641,0.8929266505249498,0.2686452491703473,1
0.2823248876646509,0.7294842869152833,0.9092361993214286,0.09448058115283586,1.0025158625821904,1.5188327556481087,0.294215948291936,1.0884354231667834,1.0037569450375738,0.6133305764722599,3
0.343220185273859,0.787512982144212,0.7344392470177556,0.5641774710243443,0.5651260934026734,0.24858156337581006,0.8048306975038187,0.40746872704203374,0.223806074624038,0.7319208895780107,0
0.820198060300694,0.745287632306292,0.23766754398286533,0.3007701525510776,0.9321519922553991,0.7636116197807877,0.26346062636085754,0.9572538539699582,0.8052691426530066,0.29206185771827714,1
0.0718471278886805,0.8695765900866126,0.88769215482283,0.6921994037962969,0.30669157270002506,0.8544500914364832,0.7493839486448958,0.035099994302961166,0.47730444233463915,0.17975140378328955,3
0.8045919127010083,0.7568721764840851,0.24247868121067204,0.31365595562836346,0.917231592893909,0.7858484986248095,0.2780151591741927,0.9771898738981805,0.7900518281587695,0.30595130932698605,1
0.37713109150512414,0.49900133958897,0.5883568733639855,0.11699049121745676,0.39469345665336164,0.23807804792682233,0.786056620675325,0.6633883775087868,0.7112993281149897,0.4605565975787993,1
0.7775215829606573,0.8352340043773928,0.10425578666653523,0.6762641565398159,0.8861274419722505,0.422526301132551,0.13347011494707034,0.7280031258585097,0.9096921441001287,0.4011257377690661,2
0.10929601691961371,0.5843482419414141,0.06533070772678115,0.3373476477881535,0.8127701668240513,0.5796408017501667,0.6544435541116904,0.48981487148460545,0.9583280812204698,1.0316893454857061,0
0.36615356303995694,0.8279241918830313,0.7524380876380737,0.6959418845735743,0.44414324007900613,0.1393858762921485,0.81218957551704,0.48030030052329226,0.3175376285010714,0.733003279100309,0
-0.15302869457872864,1.0150926366084034,1.2718550706447453,0.5904818714102926,0.3708006592624565,0.5925685831289803,0.5587726926401378,0.6448848040146036,0.0061384995847179324,1.2992579180026835,0
0.24960845097366033,0.11191109720391035,0.47338995227140057,0.2794741941786088,0.5721168100522727,0.34988052595541375,0.7089203730333927,0.37107151320068343,0.31801480240045865,0.7959159981011634,0
0.14677154420071756,0.6962554568169262,0.8429938564802828,0.4441438591613577,0.3961084001043338,0.32841070783315607,0.6694424392458805,0.7943879307454468,0.09391576473119244,0.982959574002795,0
0.2903346437562843,0.7746505579885805,0.7177032034996653,0.6705917730117436,0.4031599472540504,0.13912849964922755,0.8424139634532969,0.43019562762068775,0.37020085959079996,0.6701633882305031,0
0.18825663501998752,0.7439228131893942,0.05136070143316179,0.7478508952683387,0.022139672149478082,0.42677844359871336,0.6706912676502842,0.4372097450624431,0.6351355750765996,1.0104409972937138,1
0.0830839995622906,0.9460120657565109,0.5898636692392412,1.0376352725377604,0.43679461929602026,0.7820922679437843,0.12148891772670432,0.7947273913951224,0.7699483041762725,0.3762922649026624,3
0.3591515661854048,0.7867386413020753,-0.3714270837830757,1.1850578822917526,0.7042322652762854,0.815945475137377,0.4084705440456328,0.008438225646046904,0.8472083459442166,1.0040723872435788,1
0.6291726943414593,0.03969417009619218,0.11334013602747715,-0.013719431591169617,0.6414502983550172,0.5800325770430336,0.5862549782596825,0.13362086956094005,0.37401491964386163,0.9390246188664906,2
0.7182314205340162,0.8437929903860504,0.41824990127630707,0.3394426798253066,0.42276794524563455,0.2805324403054779,0.9545691236920274,0.24436784981950352,0.19620476174010457,0.8145134662080118,0
0.49791560210834235,0.44824829727295273,0.27441849980434485,1.298686880725017,0.05401430717732972,0.669987746690917,0.006269809684318936,1.0562659702085213,1.197896155595171,0.5025189095451716,3
-0.11346495999740594,0.5690313258319155,-0.026047955494789332,1.1864638721335274,0.5747513553026407,-0.3189304976747477,0.3782264387990142,0.44648494126562693,0.32490990613217885,0.4446934637530149,3
0.382380709164544,0.09691455035438462,0.9257148006672643,0.7449344468157199,0.9184800709430472,0.2492462564430717,0.5202223990431777,0.5595681412394672,0.5188622854137194,0.9998227963816201,0
0.7514992310440982,0.8471904673433213,0.07548058888056833,0.6522144022250068,0.8795404188976347,0.39736803237370544,0.1201382580231048,0.7178485243681664,0.8932597443763398,0.4243016716534761,2
1.2510646458783414,-0.09019295931885776,-0.47745141039743,0.33573293879374244,0.4272382802995844,0.3873921307199879,0.23340536284799085,0.4268802249494654,0.09651183381652204,1.3679692609669087,2
0.3496551929983033,0.17097929161630285,0.37826381559152034,-0.14254650549351217,0.8268412663721889,0.762952826326035,0.4652639811493501,-0.01902516512658195,0.7765263968691618,0.8176996779496412,1
0.15455124242739518,0.7536433610392419,0.3560500329810081,1.0426543209879564,0.17149900779551705,0.844069095964624,0.18473842479250013,0.5792503321728757,0.9520506714419406,0.5823071244772887,3
0.8161758119887469,0.004364610726262756,0.3252133666975527,0.710122826820627,0.9530752961529335,0.5941545841857366,0.590955987552494,0.9072352218313917,0.7477092355462712,0.5166537790682212,0
0.46927067353736307,0.8151174101809116,0.5592022386842593,0.27548943263288944,0.5286475848159697,0.587880198656499,-0.010758082863916172,0.029401529424216,-0.05355849084612321,0.864322192296567,1
0.6607196975379954,0.3147370616486528,1.2093460303232517,-0.557217743205617,-0.2290404131123025,0.049564109644021914,0.07945508727791077,0.006627062626794578,-0.20304718123636856,0.18097115560326693,0
0.5878169249012414,0.06403962058885593,0.9225307040285672,0.3463602382280262,0.030162957143372138,0.7039901822681867,0.79325974138947,0.6065492737831768,0.5456516301529488,1.0146514427411746,1
0.1172292289290374,0.3166067863461363,0.9206916715844596,0.5876596219982996,0.7932027079600019,0.1925983592596599,0.19072953142457638,0.8861693781409558,0.6515480887294314,0.8771316481433352,0
0.2427638612752873,0.43330446931285266,0.3269950456592719,0.42307163742943965,0.7728352490525983,0.8659603376498642,0.07776833884733379,0.17449522049279356,0.07087439144563375,0.3083922984180983,1
0.15720609922038498,2.385993213180596,1.5959790539074432,1.8767853647386072,0.150089300161249,0.11987767765224078,-0.7238556187761275,0.999594432673603,0.9371409610363783,-0.5392048464458086,3
0.20775809645648607,1.170566662943612,0.3170338016563682,0.4872649102448541,0.5555413546653964,0.23438085765504876,0.5210545199441238,0.8009096491621337,0.24550137381521242,0.4171776382060306,1
0.11590890895612008,0.68868398035732,0.8813086208768216,0.46562403815797676,0.4079990013711675,0.452522241883148,0.6680730580945192,0.746168929934362,0.15979974666580243,0.7993205788983497,0
0.268602227813326,0.644973102229287,0.26182672864048007,0.7934720678586519,0.19190489620060502,0.4801923642212351,0.9655605138859598,0.17846456705580438,0.7059405310880653,0.6759952509301278,1
0.9917341686229355,0.9156570873070884,0.8006041989233628,1.031628396838217,0.4327891995789789,1.0609229955218982,0.3355033064966342,0.3814278205416005,0.646843740735026,0.30767375175554534,3
0.7078397406156745,0.8335219109943504,0.35274069621511595,0.45213634205796865,0.49738169570217816,0.3858963214191026,0.7195814976799855,0.5221012348338673,0.00913009945760073,0.5957444439775189,0
0.9880361621733905,0.9113020387790133,0.77988257870854,0.7822471094191615,0.7087389319652658,1.0680116414859468,0.16667614837411412,0.67240582462309,0.8520116494833099,0.48877448134271295,3
0.8154001228436887,0.7690588191618472,0.2558249029223733,0.302992068163868,0.8982351711742118,0.7929878707915142,0.263757723025267,0.9790131458590554,0.7944144230527561,0.2952074497106756,1
0.8012070596704468,0.24072728699077028,0.06272507969651275,0.23977811620038447,0.3315172925841464,0.4612946612954528,0.58157122863588,0.26816822093638626,0.10987699068582457,0.15816467008777071,1
0.2754610839982552,0.4284996281501867,0.5847359759389353,0.9183460579684275,0.6064346695899336,0.49917741248238456,0.5794212435833185,0.1965892625037481,0.23554724114574768,0.21197757765669867,2
0.2660978562384735,0.6932882489584099,0.02483541803937503,0.504225053648079,0.27470754574875345,0.6435440413841517,0.5165811108671438,0.5543501023032149,0.8454489403413737,0.7563000867185223,1
0.15711183315173238,-0.12396833182459316,0.9816767838900928,0.021454020328206258,-0.2111239815109568,0.3976003711393546,1.0193531196482155,-0.3487103336699606,0.5113954426027595,1.204083764207959,0
0.2705329268004695,1.0701488283462306,1.0661925431670976,0.6208119318815815,0.45141164000629685,0.7021720838908931,1.094395991663204,0.19636511039358626,0.3203971400043294,0.3568475097365709,3
-0.04010876679257641,-0.01881269229268598,0.8285266306639272,0.15628409459509934,0.8529201324981575,-0.1516454184533746,0.20785029260339127,0.6487830252836061,0.33878651404092036,1.0746395673217202,0
-0.016004877802290554,0.8059935585108887,0.7825612983491124,0.5965044600780331,0.27193057258365677,0.5096867415395091,0.8360126176034581,0.830363195515905,0.3706450234542525,0.7620488996064285,0
0.685706637873204,0.8805664687985999,0.03997296406640184,0.9735347976627248,0.8858968475424888,0.503861557875679,0.15879157689040627,0.7017506937917226,0.34602266366281265,0.10506184793199018,1
0.6846899051381179,0.8841629685156027,0.03816686307147441,0.9760961497129308,0.8872939437449671,0.5034600548585647,0.153764506927375,0.7054494414398099,0.35031336929008505,0.10268205691948694,1
0.5401928406894843,0.9423649169790134,0.3271801238143406,0.5933824933468802,0.5579307415946846,0.27963839465954726,0.5561533485323639,0.655010573707493,0.28302211970862756,0.8552570060931095,0
0.19599722498178804,0.4017318465993897,0.3274496651350453,0.46967181991009394,0.7298593510331205,0.8531875884778317,0.13165756759540798,0.2538248879326868,0.06930439721495109,0.3351803238895106,1
-0.05832128431928224,0.9025440590374537,0.9740411926947139,0.8325330358234015,0.330479612209054,0.791434167926816,0.8537019662647395,0.01612496856130058,0.40109114232138343,0.23836989164197708,3
0.0164798787455476,0.6064732840327977,0.41421917257552404,0.5870758234481157,0.6847434266215677,-0.06968922206227551,0.8697310727284496,0.45372520080317114,0.8236115315424786,0.9898344512071677,3
0.23787912190108768,0.5712584571143392,0.9503930632671114,0.03890520695936185,0.42622377373808207,0.686797469197561,0.14181585101080388,0.40560543512186287,0.13134001430759898,0.8292689634406483,2
0.006539879751046862,0.18597753841741993,0.002162119476365021,1.416392576404005,0.6726235205288882,0.6608206690574208,0.6459326154269062,0.7186513487144937,0.1423330219503136,0.6824179250292063,3
0.3750287593665436,0.7741857849097398,0.18618460188287572,0.6725174465371281,0.28792845536594647,0.6185015685725852,0.7374545031110673,0.29653128046321725,0.7149872670709729,0.6413016876449928,1
0.7243300132752962,0.14463595310796212,0.4688933102393283,0.8020606614256408,0.7671825149375527,0.6468222738402044,0.03025849460596649,0.14033456752321294,0.17952476922364777,0.20223137347148065,0
0.17601099594323755,0.3897298359962201,0.2352165565395981,0.7684755873166471,0.5199043043300141,0.9155408306410923,0.8492885458161972,0.4039837653710358,0.6756324048770219,0.28833099207112345,3
0.12012517761061553,0.8642843868723873,0.9406132114117273,0.33597953656951596,0.3059773949778305,0.2638300040673677,0.6094232801604798,0.8527128116914866,0.2831328160548561,0.8567972819871945,0
0.08920996976000961,0.928886737924082,0.832452171075864,0.7214642100506758,0.31041503541817744,0.8108098691422838,0.7441879835732019,0.07072088587552902,0.39071595029410494,0.1049655723991132,3
0.5479530864046821,1.1537331443476468,-0.050028881912620254,0.6550096410046993,0.052694528455063866,0.1151176283470138,0.7361731636831227,0.42947359389324546,0.9161229527147199,0.6193080235716745,0
0.7814757474455423,0.7267140072471036,0.8678796885145161,1.104872675824183,0.6848136458732327,1.1406585469074857,0.3784418108050965,0.5791116930273125,0.5036420554376038,0.4686351933661448,3
0.7561519187168314,0.850534070627175,0.07321810346713865,0.6510521117841324,0.8693750773834857,0.39342838835320526,0.11402590208997423,0.7270240970779085,0.8901219016107097,0.42584529876923277,2
0.26464491917205424,0.5549613906261117,0.9480138325992519,0.045913730271429934,0.43762224804971717,0.6817526247529276,0.13616504205842792,0.4111783592543678,0.09892124039402578,0.832844671759177,2
0.16265789633250324,0.6373857244710462,0.7180033167239054,-0.07921554882077095,0.24458572833813805,0.0836551907900292,0.9235471290103756,0.8639824167686677,0.6794954793178397,0.51991601767274,1
0.4758856138516383,0.5680842177590069,0.5426870482159917,0.2742071361513449,0.3422795055340321,0.6002852463522375,0.6521941642128644,0.34718667788485474,1.2220008320474438,1.2020914733630412,1
0.19739795218154116,0.522717535396854,1.025569100453482,0.4781976962595766,0.3968171196438937,0.40615907268769635,0.7653248168859406,0.6005611513577622,0.4031560431058884,0.8375040324182759,0
0.33867678670719564,0.031833701721887375,0.4943857389697207,0.22285814422731878,0.53300326689311,0.27689710234010656,0.6470397897794571,0.23765623405707512,0.29584046368264244,0.7824390475147404,0
0.7785924918228544,0.3551602186379808,0.8732142048333943,0.7707250181750555,0.13359369003251387,0.2586807804056094,0.017608725330063475,0.23842043244686323,0.6516220934480325,0.07967284775640424,3
0.43787768250139797,0.04996794002506044,0.27081141797975916,0.10728509990641995,0.7410528082953209,0.703297443690112,0.7693281784301129,-0.07048418656142474,0.3736396548858707,1.0905385359496977,2
0.9299141780445833,1.0233613192526008,0.8076343335567104,0.9239773267568756,0.5815058982987963,0.9317887117546935,0.18830232505481775,0.5269787069881378,0.7917868885646867,0.4821016156703375,3
0.7441443666603303,0.24986754322653107,0.2008232240805496,0.6167040968882177,0.5461726524735392,0.5549573875342653,0.7589609744323176,0.056229543055847195,0.5078926338538692,0.21554981148761643,1
0.3699212612309818,0.4626456245144326,0.669309639785816,0.2743575665050594,0.6105447738399954,0.27684198881594374,0.7434284327152438,0.9778004652117895,0.05549097626523773,1.218998679614156,0
1.165830524619478,-0.2513284678865502,0.8960223958549551,0.7653955936038835,0.4252386046933928,0.043907246464489944,0.1330942243023618,0.6202986537353218,0.4759158436994025,0.07727256179345873,3
0.38654838825688737,0.3747294485282186,0.9017872466986265,0.42919042379478517,0.9352848684702799,0.7072680404931264,0.20363889780174127,0.3938755444818632,0.3396814342765357,0.010357018170434901,3
0.15886035153823352,0.41521127164285676,0.9192181184402035,0.35444761417361814,0.7803537070465181,0.8149857032400974,0.28339122941742695,0.5009838844738458,0.31507459608581617,0.12665281449382387,2
0.3255815635463384,-0.08448031328697458,0.6461131348623598,0.46614482170035393,0.5131985215121144,0.3519194912235206,0.006413292670337856,0.3447395695298737,1.1590793796932,1.0530056811727668,0
0.8183937577447812,0.7591867792040174,0.25485656087900266,0.3245777136635702,0.9004876548612234,0.7795340756605325,0.2774633320975956,0.9656713417360884,0.7986473902799689,0.2998023133792333,1
0.382745632464484,0.2159584953259716,0.8127550284672087,0.579916982030811,0.7174177819613008,0.4634995280471527,0.3738880574576259,0.7041992975117742,0.7020322311199764,0.9682095279586078,0
0.36867792211580774,0.2374482086135432,0.8790538848401306,0.609279374323376,0.7708979861664167,0.45276283705207343,0.39083478751772416,0.7381012790189478,0.7573622602634237,0.9885802374575257,0
0.3871399552713689,0.5052609948622118,0.564539804438345,0.12830908676391656,0.4051240124710221,0.22122966895121673,0.7880383295149562,0.6593545507693322,0.7200088340180274,0.4424194606785303,1
0.48575338145453356,0.49677153838824467,0.763039942185914,-0.06727480336410346,0.4875441607377087,0.08812320329618678,0.9760463224939394,0.635921560695421,0.8123295010601745,0.30292408851711394,1
0.2797587249505909,0.4306501921146624,0.5851800668170053,0.9126324860060256,0.5986825426265373,0.5054191371568624,0.5800506095268628,0.2010415746615532,0.24079234975237704,0.21274834935294437,2
0.25150372492221346,1.080114725949118,0.9377440756587233,0.6778499850154185,0.5647823660543566,0.142180864432161,0.7781482773608638,0.5719136064723909,0.4683819706198052,1.0757394661658932,0
0.6842353707438782,0.8815623759868358,0.03847926814040635,0.973987176243322,0.8885296877066359,0.5008066792570467,0.15516538185570555,0.7024517554897807,0.34897575850098966,0.10029449115362123,1
0.7841751929533517,0.3799280421704251,0.9775081742563422,0.7134189894003191,0.08545891327801136,0.3453412325824173,0.0029522068537950093,0.19017200364344644,0.5724624195133526,0.13908036991563294,3
-0.08697668126899305,0.5877685576317209,0.23212228781228822,0.5859461051884362,0.2485102112360792,0.853980991468366,-0.3443298736307336,0.6411583630431557,-0.07873345485831593,-0.052525064960628476,1
1.0137565465174474,1.0200455022736559,0.9512204462997338,0.8428723575537955,0.5865673094378065,1.034742160485691,0.03195797442651857,0.6990259449124544,0.6004408202423708,0.5036852503044942,3
0.7685183552542848,0.3831192121187544,1.175383937022709,0.7780451296341937,-0.20531659513405165,0.2506312616259341,0.4772738830636312,0.21020563588717717,-0.08975680249564782,0.702411749840912,2
0.8228808210808811,0.7901846063837548,0.1987866369973107,0.3381127676174521,0.9076158754376277,0.7876907108913346,0.2692756762999306,0.9916661817685422,0.7791303164309703,0.345875693731862,1
1.0549699551971914,0.5915909171171871,1.4587379683187445,0.8447007696231512,0.4056874359773269,0.9205310063358185,-0.0916698454408765,0.6655519700049005,0.39609493865256784,0.32883916862188406,3
0.753132503295005,0.8475951997355257,0.07629587384673825,0.6537499525905676,0.8775773860813902,0.39554068310373525,0.11484556016103356,0.7224308841946961,0.8982732226531529,0.4250465590434333,2
0.5282766673375142,0.3733708926564715,0.37181388340370103,0.8381704467748594,0.6307501481397247,0.6500848309117029,0.792618271342173,0.024196063578162383,0.7316462839015397,0.3245948589817414,0
0.23840990188881622,0.3663934189458573,0.43884215731938336,0.15984143810070417,0.3961675313408523,0.3392422137000285,0.7129412912470293,0.6387018672928724,0.7068718775604568,0.35322264795127767,1
0.6463981374941301,0.7860001947382477,0.10419450180494531,0.7844148680665144,0.06513507290519072,0.23801389060777278,0.9587182543874652,0.3560591892338812,0.8052596489950867,0.3151208574829042,0
0.6143523604330321,0.30557709719870435,0.4126095577760305,0.8500421924090494,0.8214396557789265,0.3939704586658337,0.5208641859010933,0.29443315024042754,0.6737081597757943,0.38391370631549915,0
0.23425489577851877,0.5937338206716556,0.936538669116404,0.017886140982015474,0.4107071234769943,0.6784111822220652,0.14850070182357553,0.4074634969154123,0.10664047745968025,0.8318912849966046,2
0.6502206668856068,-0.041221586436785154,0.13724111059991556,-0.06056313744784454,0.77009127117126,0.3710487963374555,0.488061215195871,0.0564819559431937,0.35667403574066453,1.0189278763241996,2
0.7825356733702413,0.8270107599424594,0.08369384180843317,0.6490010048198899,0.8715100306480558,0.3717232532822566,0.13157403033496193,0.7381604832164806,0.8954453660402204,0.4165960170938688,2
1.3793186625416993,0.7424174319121424,0.021575455461203902,0.5025357304778737,0.5937880095934515,-0.20912201776638928,0.09227772831602865,0.3158481283281311,0.6839505528293487,0.45477514088666027,1
-0.07783141793867265,-0.06487416637986021,1.128307726162251,0.4746961083689657,0.6693542724968674,0.48635344713303624,0.24126411996991326,0.8606704163386113,0.9899011272193693,0.9353788188233384,0
0.6573068818554646,0.7014944323747432,0.5938194457569871,0.2543499458773389,0.2532797836170618,0.6850108662976869,0.6159657530833959,0.38310566663156104,0.9283550314745049,0.9365727125022649,1
0.4434010831593256,0.38181533409680407,0.6817060074531816,0.39473518430224264,0.6586832311110891,0.30707615084013806,0.15168601091402012,0.8439790136519988,0.6757825154360672,0.8125590145925179,0
0.4704227618158652,1.4776318178024108,1.361865103804612,0.46927799995250497,0.792128053928122,0.5804943109376006,0.12068797852553365,0.9858004600609218,0.625646479314776,0.8524747126945724,3
0.13339200684945604,0.6706180750726515,0.4858732940929086,0.6212324170946312,0.7391808782414767,-0.036483330944750876,0.9305950332327396,0.5008451766709731,0.8453673784163898,0.8758979456984292,3
0.9470664251795335,0.07973143671079497,0.5819882030266341,0.6547115386695814,0.6476318735273331,0.1979350095555391,0.4038630098548869,0.8859441029378701,0.47217257822663344,-0.014600135956734338,3
0.9523547878425492,0.7459952141616388,0.1295744427219257,0.8019779518540585,0.11264080068473219,0.30175135413520476,0.11340304930491216,0.845904773711863,0.9136657545493694,0.6480786433772896,3
0.3271118224186276,0.2860798242611435,0.7207258650065583,0.3852379959079761,0.5785209511970767,0.6094148992547214,0.5460933458731851,0.4876482765491075,0.9009332121800588,1.1551968148061438,0
0.7258895646462764,0.13553307446339136,0.4555218214515149,0.8194300721649875,0.7986744766875287,0.671032329370431,0.03742640025420325,0.13762661117855307,0.18771361319884622,0.20184142907377456,0
0.5556099240015927,0.8299942656066994,0.5066557657356399,0.3946627077310166,0.40345239466675564,0.6045159952191375,0.5809765048726803,0.1948694214175969,1.0655049715341172,0.8667875526587876,1
-0.14348977153685902,0.6325806130633419,0.9526659101690471,0.6401522825383474,0.5956821767854013,0.3872880932757971,0.5392631578689068,0.7731610873947006,0.3818059443137242,1.1691107666763765,0
0.18646715970446437,0.6293956603006143,0.587099689828965,0.47510762420689345,0.6735347186513951,-0.11409228972997643,0.9898280100410128,0.46163222928569814,0.8461166807934982,0.9259799592631455,3
0.06525207582966833,0.729527014579556,0.7709270804623047,0.3991553917848278,0.37253806994057687,0.6714401783199309,0.37277197738708256,0.2464166227507547,0.34021435985859616,0.5197731705043566,1
0.2582299991294482,0.5803377279530446,0.9529782465102397,0.013494294091326658,0.4222687090713541,0.6772347898018917,0.15426340695205576,0.4078176105272629,0.12493950779369643,0.8280717444255924,2
0.5567330509239656,1.0563202517967083,0.15045244191748952,0.4754006883979773,0.5459333314465408,0.3200266727295108,0.6778982178851092,0.3293489516140672,0.06927410517841313,0.8541715874876916,0
0.27686983210604826,0.2946836970151578,0.8292209562923382,0.5983578237325203,0.7179885426582719,0.4433365877101826,0.2880515126956845,0.6305506773180002,0.7393209046812376,1.0172885805574692,0
0.6728629530069903,0.8739163513715973,0.030760753402619467,0.9710266141117573,0.894701088980281,0.5091796955756144,0.14499140202003202,0.706870628083147,0.3539533769617117,0.09995687917280838,1
0.45632044059973986,0.33558911978319256,0.6192992728671782,0.31708128509846795,0.5823169168963671,0.757524713499712,-0.44881052743977057,0.647814590835574,0.7591048968221773,1.1178846182514108,0
0.16889572313298,0.47714166598735025,1.009245729860749,0.39156447040662945,0.7481134397835427,0.7547160749995947,0.2919830294027602,0.597477071506954,0.3399150304023082,0.15306198408621288,2
0.46432326521906997,0.6339490448864914,0.23967035194203665,0.8167436604294455,-0.009132083846101785,0.6169318740506528,0.6082856639418845,0.21047712092087448,0.7584260741414984,0.9354398115772201,1
0.3527009376594739,0.8718461255243882,0.7647181517921966,0.6104192047656888,0.4252443494630074,0.1171446905823119,0.841817409302663,0.48071066450046795,0.30028702951922775,0.6413424347197508,0
0.5777412629689472,0.7890076448305261,0.5924739192267886,0.23553329232973427,0.3337930470780294,0.753860172677521,0.6696725139366652,0.3134655290389353,0.9505948656723767,0.9672738155911311,1
0.6912486758605749,0.8935947293202302,0.02660348894182904,0.9648323829317055,0.8735791681802103,0.4956276398864198,0.16941288769045226,0.6982374186944379,0.34934064759047023,0.09432060782647043,1
0.07859396552107611,0.7580583763342624,0.8535757886639335,0.4973381545895917,0.4103117772773444,0.38630955381817766,0.6588050378189312,0.7541502307054101,0.1445823627092642,0.9302006911766983,0
0.31374361001215767,0.2849546757961954,0.7868659608720503,0.58274764550916,0.7453465657473608,0.3480421355135227,0.3121769167114295,0.7148166701995284,0.7038743767415704,0.9780835587946997,0
0.0703047178139084,0.7795224558220935,0.8900945579911802,0.48677324071526507,0.40516551143552376,0.39488547011152353,0.6877363678706484,0.7745134525611405,0.18347236930923277,0.9011071554735822,0
0.7458427832078274,0.28281742214638045,0.6104831233356223,1.0038147542301548,0.6097300039727744,0.6537869613009588,0.5778154232617598,0.25302798822933,0.9315365712506964,0.6890029557858856,0
0.6007844315011848,0.26482256937703263,0.820443642436622,0.3753399076886638,0.06517252270290314,0.6907076101537635,0.7197395007536473,0.5306885570366213,0.6435765153036973,0.9940256254411235,1
0.17572363898678986,0.5723055921841954,0.7005268327263333,0.73228649705528,0.3889148940228843,0.4612438499269459,0.6397263487257685,0.8182141684472417,0.2503679584164333,0.9531883039154897,0
0.782533076632528,-0.0899181113689673,0.4021453266049363,-0.024773435147812675,0.5536319958487577,0.7267956975151817,0.9184073871691667,0.20876383960023465,0.3602655612121978,1.2263584760749915,2
0.10389839692181416,0.7708586282801858,0.9064048105841281,0.4992208287440569,0.42526853508792084,0.4302254089772751,0.698854091943627,0.7745053135310989,0.15323122252069166,0.9003161790508902,0
0.5979604460395258,0.8678163064484041,0.6320696084376289,0.255437428842313,0.30944437565170835,0.7925001626501622,0.7360333107492473,0.317412597844837,0.9040196107238085,1.0318250691676523,1
0.5906517693923901,0.1353998671898614,0.910600067432744,0.34441436094480044,0.8797579069273422,0.3869866228429738,0.17482767865315335,0.5332175401565008,0.39593162817340927,0.3255555496016195,0
0.5194567471693798,0.464672843108435,1.1125959902915017,0.5506522556912155,0.04006979783100663,0.644922853806206,0.989256820028594,0.4946498146106132,0.3496833145441075,0.984186660143443,1
0.8568406534364674,0.8202944753344976,0.19613252676878504,0.2802463435357696,0.8489224637048935,0.8204815966139553,0.20880798915809434,0.9299446083509937,0.7570107591396358,0.3481678145168774,1
0.7411222984400074,0.8254467286628503,0.036664953446475336,0.6446715668532138,0.841653976753484,0.3789877912836133,0.1440700903054617,0.6824973697826616,0.9055442053596877,0.4668458710920892,2
0.2541504813202946,0.7490351923518048,0.40396393562037064,0.6113327300559983,0.6173135053336765,0.0035620069574695545,1.0830470206851917,0.10443325074270378,0.8524894708169047,-0.1391663644047093,1
0.8119461947471592,0.8063968849340504,0.23717280076917713,0.3507001003915771,0.8912467052502736,0.8112526630215016,0.3284491111303608,1.0282698302157007,0.7919775352431753,0.32263230629956496,1
0.22292979351735465,0.6593113015803725,0.1578258062572275,-0.1493542944829428,1.093068704210409,1.307524648345444,-0.4460443119440449,0.036508917496302584,0.2800323782781702,-0.08074396414116009,1
0.381117299253747,0.71399651328492,0.8268480453438682,0.3992751567707026,0.033775977499633306,0.467374095205014,0.21569055225516784,0.6397486502039045,0.1294004005771883,0.9279814207702383,2
0.7488345901661388,0.8423219099529414,0.07358785755771217,0.6546354466377016,0.8789913394670351,0.3971991338949041,0.12216289698433316,0.7181090527984358,0.8891158843535553,0.43041232510022753,2
0.5161905567844758,0.22243309084438312,0.881988914199302,0.41153279276902327,0.05598356387186768,0.7319958258111912,0.7443354045834341,0.6080288516990525,0.5800980810957443,0.9042537736962185,1
0.562293655095714,0.5425322595966235,0.5741136061531169,1.174980897134736,0.2441542512024843,1.441519931637043,0.14282504513579714,1.2170911012678762,0.49335855389677685,0.0908148894976416,3
0.47835769541656503,0.4098538294053952,0.5127205285252643,0.22154701726175982,0.42127938651647323,0.4656528491753704,0.4123841161068696,0.6135672101292646,0.4879242273321766,0.7508154592111547,0
0.47104065399954553,0.6016941622716179,0.5921551246602904,0.15407313237415085,0.33462900897340486,0.792532973842396,0.19690709901704873,0.02678793295719592,-0.026542780043507963,0.8478980062771571,1
0.15307026834968845,0.4188546637439148,0.984208202824221,0.6522947919947573,0.6838692902928727,0.6932609161398768,0.42440801236565184,0.5083359897481692,0.8360460919622017,0.9692646094642932,0
0.38962767827340067,0.8306262395386769,0.7875035866396239,0.6872020150306456,0.46899160652787253,0.18390821045038763,0.8001630507512816,0.5156990943775673,0.31031693557302226,0.7131867937607617,0
0.6987443138144485,0.41277948676709814,1.2536112435358229,0.48091401354526325,0.44268373237506187,1.0920577902715463,0.1181386225369733,0.9893174095685149,0.9058631657034608,0.3858482153967908,0
1.1498547489698212,0.5100882047019284,0.6956147944638247,0.2921094593182322,0.7849396771265671,0.22771686575392627,0.5090790058416699,0.8160596017416185,1.0318305021090013,0.15274761377476292,0
0.2317487884677444,0.3756083418061243,0.46320825549539124,0.02851766847112666,0.866724606163342,0.14545285655836945,0.7132448321879368,0.615956206298458,0.39701637298285997,0.48634893168895027,0
0.9092252623220775,0.9111789188924924,0.19288552799063968,0.36458774063548804,0.8064000465255948,0.8487452304436659,0.13900146231646293,1.0348730232392374,0.8885133850033939,0.4029181898880257,1
0.29634580663341287,0.8462642688871219,0.1405095704083078,0.714029714791901,0.1709196024180776,0.452126533515948,0.7466210013002321,0.278209373834118,0.6092216654480287,0.8381696227307445,1
-0.14428787558221573,0.7531066016363251,0.6772152638620189,0.8611361971530583,0.39327551861156895,0.9864883499159387,0.9058291693750551,0.021903319821468474,0.348947384261761,0.14099336468801996,3
0.32083637886451943,0.17485416970484924,0.9457957738304318,0.5747228143128694,0.8505524960494347,0.5289537954601944,0.5055350750234573,0.5642092182773792,0.7602908806004198,0.9726911176056104,0
0.5401130743577144,0.40098667947772476,1.0545700225312722,0.5166542733287601,1.1205625079209554,0.9372599149750536,0.549145852103089,0.21580827613727477,0.405370669710167,0.5077936295759876,2
0.4830109219614419,0.2089533674271361,-0.07192094285646691,0.15672597117829112,0.0655150778825148,0.9570167340257757,0.39089537800566243,-0.37605853047082927,0.22354253567326338,1.41532481462786,1
0.7587592566489936,0.33085852521240905,0.03397527041447608,0.48883290677556435,0.23121923507802356,0.5424827953487786,0.46390678354709486,0.05117558585041637,0.7300018542008418,0.6638849196665217,2
0.3143469299619971,0.7630922579618636,0.91167614645144,0.6285923493997371,0.3601699361706562,0.22363001442432517,0.8159390184723555,0.40631599761437764,0.21798472090535614,0.6853077750578278,0
0.6862309218673848,0.887772976581675,0.04793699836425311,0.9847295366950161,0.8793658687121055,0.5064030843598581,0.15936953972407547,0.7004337204252506,0.34973136213879896,0.10192726258931097,1
0.9010331509043741,0.04268595454245332,0.635712182001677,0.6438126283817899,0.6584281617074246,0.1695770928093584,0.3875455207576625,0.8929115931718861,0.47905314511797853,0.05438795797024995,3
0.7890979970545314,0.8597535794787381,0.07083495640692744,0.6263403702828632,0.8784736980324929,0.44143296367933255,0.1486818898974503,0.7158540066925667,0.8821980731175475,0.4045348118613847,2
0.39954338910991616,0.70355553986795,0.3840002413582259,0.7163115823061719,0.8875657003789861,0.6265452518203785,0.33114051902830166,0.18197384645681494,0.298032718731458,0.31806428317178437,1
0.7307385648413776,-0.034204846913461776,0.22384850488954422,0.17888328000472542,0.8344042758227028,0.7186659254686492,0.819068282668346,-0.08936328142792099,0.4281249427856695,0.6550874458496295,2
0.7494578460896351,0.8446125541941732,0.07665031857693064,0.6568172652983157,0.8777583706962573,0.401818405734433,0.11777710440612041,0.7151114135035438,0.8951753059035082,0.4282574378147069,2
0.7924104789996858,1.0223424816755962,0.5858873978381061,0.5628356092919512,0.4577918474430122,1.0554158313987572,-0.2614088243358628,0.4962751845631434,1.1038647156495296,0.3903101871575605,3
0.21559968392562034,0.33454251532239165,0.9257863829394081,0.3305399088022389,0.7657722455983419,0.8530205806030832,0.36782521107516497,0.5925297641872207,0.23702721794679055,0.20031820082117768,2
0.8615431608356151,0.34254645846913867,0.932863529543589,0.6505668430775511,0.16145888172864947,0.1818771701946789,0.06717699749018463,0.15618010242001085,0.6770203709014223,0.1371540220683831,3
0.9646754145066012,0.17863043638103973,0.3884293945355326,0.0022900983992465655,1.0665445235624085,0.2578867694726095,0.46649420684342324,-0.0165357675741373,0.7300934302779201,0.7971504766970039,2
0.5134147856438946,0.7697086121152605,0.7817875626139328,-0.0144412725898104,0.6435068149582871,0.5548261232428146,1.0080067508549337,0.963781519302636,0.5421958426562864,0.35475517731642603,1
0.27207649220888563,0.430163985772076,0.5842427075133795,0.9154855572953084,0.605695727706857,0.4984210460177052,0.579296110243671,0.198991399849352,0.23330164049523708,0.20686412336803878,2
0.2194745747343913,0.25856459189350206,1.147288871632877,0.6157327488155437,0.5886958694815683,0.27746737053302567,0.4287694326599197,0.473399946875402,0.9110355615920087,1.2736517987144402,0
0.24172493365986697,0.59164208847143,0.9867169418597785,0.7110605135914321,0.5126687045332943,0.3975614950856654,0.7115169095894183,0.6615514586480851,0.05443384509430804,0.9054018014754145,0
0.14866572640416892,0.7798515920100086,-0.10984961130691188,0.02912015984080804,0.8667139983652148,0.5617237486328677,0.5228958124600068,0.2225709884237828,0.9936643375395254,0.9499467959274386,0
0.7286403338737999,0.8608920726819905,0.05617066268771556,0.661807992154903,0.8665791019131112,0.37875287877367636,0.11914393180849911,0.7029505215166411,0.8888815535880635,0.4409217521021365,2
-0.23732628093894026,0.7732326635193373,0.5758942437516508,-0.3884067057857873,0.7783660608280263,0.3657784523138714,-0.01446429469603435,1.2184570568620852,0.24376744557273844,0.2326967814430707,0
0.8070311151440538,0.7651575753817913,0.22003923787483493,0.2952703628630456,0.9116865732554235,0.8029290053656698,0.32165664083717055,0.9864556435818796,0.8325235695721451,0.3432210240937542,1
0.6715105909882,0.9700299029766015,0.1931416857802742,1.2026476423175185,0.4699872364579622,0.03732878794466127,-0.13250293010289932,0.04039368223448597,0.6844214171828078,-0.1323920551347796,1
0.5432959620005569,0.20026328610583866,0.9076452050384765,0.5284560038484927,-0.007547280560760525,0.671182679243539,0.7806419388846779,0.46583663204897946,0.5954593243879598,0.8844288690617269,1
0.6570665523968228,0.8520077417455418,0.28686208694323206,0.4899968664700842,0.5321400613628533,0.29819451947561754,0.7111798522673176,0.46969700681832105,0.0982787531399581,0.6339133932495127,0
0.5853418562832993,-0.07433046268787902,-0.013200736774922534,0.7858018387090794,0.2742552260786407,0.33460992157817737,1.096520074516271,0.07859894610268658,0.8622644272981006,0.05250467590031077,1
0.8664103383588733,0.367175435893275,0.7784561755866364,0.6950257373047245,0.16869643830927583,0.3741351795896222,-0.13062559292803436,0.26163784741012797,0.6780638828061821,0.12257002962820508,3
0.7518386543361518,0.849447724517259,0.07154031631734196,0.646946404933992,0.8790108482772424,0.3953287948832524,0.11523293972599145,0.7224335843840458,0.8905543414079209,0.42869927019314347,2
0.9424893530201311,0.08369175546236884,0.10771017817337117,0.5088504839126056,0.2768506640960512,0.12040454772362494,0.5558931847193478,0.13686384452038564,0.9515126272676314,0.3163670136039285,3
0.7370889996463136,0.8449082279938946,0.06764517798305272,0.6388937813155621,0.892007453830672,0.3943313426323679,0.131699986406942,0.7260365637606373,0.9098301764527832,0.43293826851155043,2
0.4360852439414382,0.3073699221216477,1.0037405904945769,0.5901245511000754,0.6957860550099441,0.2450937071974973,0.3810928898740709,0.7249377503208287,0.5626381148955716,0.8607000662100266,0
0.601142460197476,0.9729346007439841,0.173561515007352,0.5078542181609125,0.5197857388608097,0.3427500480995781,0.7327195037782371,0.46689369683152815,0.13605282306425223,0.7536292852417237,0
0.8223566120226506,0.3582182874660637,0.6689359044183724,0.277854218553544,0.9696615820854839,0.6382794132413141,-0.027368808734240913,1.0336743918909048,1.1833163434433884,1.044212684774945,2
0.7494543676243391,0.8509001234585651,0.07450214234997579,0.6563863344323789,0.8790447283636611,0.3934335477972485,0.12255787095641038,0.7151530013053619,0.8965737847128911,0.428426174148148,2
0.7518377955558032,0.8456517336118076,0.07417243395337753,0.6533377948335691,0.8820948155188607,0.39650218772698576,0.12197842840506438,0.7184448791088371,0.8911397056145868,0.42696939976392945,2
0.9638560458776665,0.05309597538265809,0.79638843478554,0.04786431738832249,0.9343048953035757,0.6752199203733017,0.5896671994010441,0.6618000479995602,0.7257341991920093,0.7394245718560063,1
0.5553887234009776,0.1562121034121857,0.8385101800696844,0.4407164276618958,0.0928497303508684,0.776403814433294,0.7085762484494341,0.5615543868170669,0.5307545771916438,0.9573718623687865,1
0.924819852097318,0.2694987468204329,0.8251065157485521,0.39392851089464365,0.5608913426911238,0.4916727885001878,0.6353821982065098,1.228054662979976,0.6428481270982673,0.2939328574251584,3
0.3362425920287251,0.7276069072283513,0.4190307399120355,0.8570964711835265,0.3335310220678735,0.9041012507070755,-0.013796948520734487,0.6986511885109207,0.9875952788860539,0.5994738158440797,3
-0.03623467731067595,0.8702865842772215,0.8778819606763848,0.661409488804444,0.3001340272562941,0.806505101714351,0.7691278737270726,0.010288895793792871,0.44153911461181083,0.11220700893547873,3
0.8607537537354708,0.9799596592118474,0.8685744520301629,0.9131295472076885,0.6199222343237822,0.9900041363380546,0.11920138839662953,0.5745719869775546,0.7225289472950966,0.4241874103974719,3
0.7301583633589384,0.18700659364714262,0.40154498251738646,0.8301190140868325,0.7312754874101596,0.7002606477784236,0.062485724618085284,0.07620985569472229,0.14280092485553347,0.12887082040074171,0
0.2753374153909629,0.42741261662350877,0.5838056973672408,0.9177502786305506,0.6081317235994321,0.5000756568192707,0.5795001713213063,0.1970925089700113,0.2340958123956978,0.21067470186617598,2
0.25758191670917907,0.5624240193868753,0.5089408669435205,0.4999195383294731,0.04346748661500409,0.47801211247695197,0.440420772425891,0.7030792064348801,0.3612088944489391,1.1535932579337154,1
0.5380589154682478,0.19810138020920248,0.8284669518677584,0.4947153911536576,0.09677675488484316,0.8112455970236712,0.7536430367877892,0.5450220846977666,0.5347282868101115,0.9729243253681439,1
1.302365704569399,-0.1653964328624623,0.33316957095552974,0.8743516802109796,0.5560082844816087,0.32066801831345804,0.20191704578022487,0.6948819116254596,0.8596288647449819,-0.1029569301082904,3
0.5395488804018475,0.8043122838123187,0.19837313069517526,0.8133655744726367,0.20821500641443613,0.4411735754505882,0.9488943439560177,0.2420901679446508,0.8812596622729059,0.415601724777283,0
-0.24528132399350017,0.4871069711532621,-0.08818021476281979,0.7531743590761488,0.418087359720857,0.45532613907649483,0.35414477917880316,-0.24739542402968928,-0.3899541563956228,0.7774419355991715,1
0.8539563653671356,0.3391646191746252,0.16590440261546066,0.5505572081966614,0.21120901724938798,0.5638535583325417,0.5143511343184296,0.1604120127309374,0.7986478527017319,0.7180272662064097,2
0.357832987855118,0.5093246084122491,0.5664958394281824,0.10628842382789193,0.4045231381422912,0.21195147667929154,0.7985666637607717,0.6804760075713953,0.7195570695865016,0.449635279705215,1
0.5677699474894157,0.7609061118679873,0.5879372693379179,0.27206101440144675,0.30831473110222934,0.7436702909502305,0.6587383945223039,0.3339709850541036,0.9725907853317687,0.9328185481798543,1
0.09960829244593566,0.28726692178835067,0.21013153566116252,0.7035176083738742,0.5942339652169724,1.0391266077364198,0.8888353604019513,0.4753798315471406,0.5974226142176244,0.24326771383270898,3
0.7203052865151487,0.8166639894555406,0.12220812321087937,0.8284515860119518,0.15209124416371556,0.49662732040370733,1.122366638224379,0.19568844636863994,0.6721191898890144,0.4796283955675189,0
0.3336438308749604,0.5933768746402744,0.4428060330255046,0.2239140966958536,0.4646462339454802,0.5540627746168205,-0.10279493500211147,0.08603614719835082,0.2895224024572923,0.6141850847795027,1
0.7811433218793109,0.6718565047428612,0.2871117533535883,0.5525552294076109,0.09094376412158241,0.21764361256836096,0.9326041984955746,0.3859316239909537,0.8574271482096724,0.432922502279167,0
0.2530435957195865,0.5778986432772297,0.9430420614808951,0.02897944000592846,0.4188669607366031,0.6827135013456016,0.1403130744587825,0.40535184622433656,0.11996096087305008,0.8191513684658311,2
0.6052905592236738,0.22135957915911963,0.9043055045444449,0.3067169697529126,0.8270794136761486,0.48765336115434516,0.17708741214641627,0.5029780693438847,0.34284351956038406,0.28692367670621777,0
0.28527670691887275,0.44410809433939896,-0.34532196470197307,1.1663155027066863,-0.029433197955478538,0.022284636184827844,0.7291813884469646,0.1479870310049104,0.6987050301445906,-0.013760956693012416,0
0.43810107509941154,0.24985348870876659,0.34065722240440993,0.19090383472480224,0.59109883199228,0.16629550960217032,0.9317401344689239,0.3611777005407916,0.12365578492037302,1.0143826999466954,0
0.6361355437175081,0.8804604397796242,0.2573823968388096,0.5082448733919663,0.5573114659633336,0.30966667358612016,0.723879004167094,0.4767043895867114,0.070344914834852,0.6454762041359321,0
1.0092864937469899,1.1917902997767198,0.9195627827780728,0.9433270562317201,0.6554252741418398,0.797621959019279,0.23200356473028988,0.8201086055944379,0.9190094700270465,0.24116336961826665,3
0.30007933389992203,-0.06279410043222983,0.5120290837925221,-0.2539537855444641,0.6026720097335847,0.4590874824943213,0.40174930195428227,0.163131526697412,0.99901031924037,0.47365933723184334,1
0.724611654767509,0.28526790279292463,0.17843108968530322,0.6703345220205459,0.5254116619719473,0.547533121474088,0.8261739690758395,0.09035656195169305,0.5445768177609878,0.0786435561526508,1
0.3402854149187603,0.8265937482870442,0.8043610142168206,0.6970871930740395,0.43814971669802655,0.1308123054219462,0.8155214346614099,0.45937756515266026,0.26238014471971827,0.7336186616891055,0
0.7745091731977837,0.25407901161283414,0.9003601482515662,0.30271086684036796,0.8708921795650795,0.4252915220708597,0.22279296531348042,0.5060813934416946,0.3035300431098798,0.30426516626807604,0
0.7511306430767837,0.8388823228753717,0.08277356385819876,0.6647149577559037,0.8794399296998311,0.4010233840105986,0.12423099076547152,0.7275012267341898,0.8960763756340486,0.43521951107072154,2
0.5718601270119457,1.2827900009166326,0.12167840949342822,1.4232738344819489,0.4853450676160403,1.076020662485604,0.89211695470488,0.8624176111558554,0.7882956796291598,1.3487967683124484,1
0.7322926190997485,0.8299574848029574,0.044541942183713094,0.6521446916315081,0.8908493286773976,0.39686741699254624,0.14220561572533652,0.6857053235491583,0.8735980090180002,0.43986117511339334,2
0.23938518593265667,0.6381934798730526,0.3583678067255168,0.3059320843847374,0.4349926950664364,0.6929364162594092,0.06330813131044813,0.09170642800174961,0.08283462432987437,0.7224709707188338,1
0.6698240891355789,0.1362858034204293,0.5398724661509589,-0.010399401961302235,0.8065808849530683,0.0290205553415665,0.4867230431319662,0.3562735350350765,-0.07696753595648764,1.22204064156094,0
0.624263068979472,0.6882070877060393,1.040192775677156,1.0407508239626861,0.9203925271716273,1.1360406255350584,0.3304091770775182,0.360886829216084,0.9209349476882016,0.23681440968989487,3
-0.008230625305033157,0.700076448181667,0.7380826162973615,0.49140147860036937,0.4730841418130495,0.5939148443101738,0.5060817895392843,0.7791306263756346,0.06676590833890003,0.8270753744048628,0
1.1224624272515928,0.9265398225457665,0.22703486112003346,0.7878200731087498,0.4280978751120687,-0.0792746553739323,-0.5236076920426802,0.3764462277731617,-0.6005390085637614,-0.7344182892999539,1
0.5759629014915615,0.28393141902158564,0.4109777991975239,0.6668029098347982,0.5881402093937488,0.5393941215499077,0.6593377617388835,0.1306508588837998,0.8335097296518412,0.440665540906025,0
0.39734923312197185,0.8021524786614531,0.20610447914867083,0.7470044046173671,0.26688513144677045,0.27694141978484527,0.656256726929769,0.3017074472075855,0.5184126946415076,0.7862969429823796,1
-0.19067365971006706,0.3401058698718412,0.14780827733496088,0.43562061875580094,0.9442200919268418,0.023217361876579124,1.354424301107928,0.2960357958927072,0.5844953600670566,1.2253612520278132,3
0.8311102983713323,0.03450614936471448,0.30699401882456756,0.7073570612573821,1.0471804903758184,0.6214952851602963,0.5744773034207098,0.8702785858377441,0.7387701412588317,0.5534147789271812,0
1.6097721692643354,0.3617871593051072,-0.057886856873919035,0.2591344414346148,0.5190397240308126,0.4814857837979871,1.0718244739592415,1.0395049397331717,1.8847683337187389,0.34152246827478777,0
0.3856289395468003,0.7784706580101264,0.7599180920890964,0.627872326139569,0.5095205866891585,0.17122790024801018,0.840475721992588,0.4467533513259788,0.337319238991867,0.7130388749004213,0
0.2548170413508993,0.5818266987129183,0.9450954685644252,0.026293444687708726,0.4169045687721934,0.6807317684513182,0.13760460996641366,0.4072153952823946,0.11653247431263519,0.8186488991174536,2
0.4345345610652,1.2980092930873233,0.7395851948352405,0.6686864379026405,0.6142423895818381,0.49303122545887546,1.0270435464990824,0.7395852113734881,0.30669536363543426,0.7767055075808685,0
0.1411296443641128,0.7323627146328419,0.8777787636208915,0.6056457067684313,0.10597219322849549,0.956328946062329,1.0090852253566898,0.11700011311645506,0.32919899181128,-0.05262141496570569,3
0.7667453201280475,0.7659022757816429,0.2125546353397802,0.27064811473693984,0.8461000388898673,0.7333506304814839,0.2434183889692408,0.9423403223349502,0.8509516425527264,0.3211123281786729,1
0.3238107137262106,0.0921661259017932,0.43345841316499006,0.39749573195705223,0.6083381462566452,0.24588283376300557,0.586970065604116,0.41630439766824157,0.39514397424513625,0.8226122450718885,0
1.2105992188790575,0.3935379277445504,0.8094667134929043,0.8012627742415952,0.08583774048969572,1.4208707402327527,0.027133764006733507,0.5865998541609025,-0.2780888843433235,0.5495735946294757,1
0.9078767139868291,0.033820067796886906,0.6309893697310571,0.6531074724685884,0.6376557118785368,0.15435876627120657,0.36712562974294627,0.9136456405496381,0.45523123781496255,0.03855662140871482,3
0.21025722284557105,0.5305131555782736,0.6642022301142646,0.33076821696486947,-0.2484654157209667,0.38399123890657266,0.4073743723681995,0.6767242637981301,0.1113046838953011,1.08139177094337,2
1.2507530237850015,0.6688555306507951,0.4853149401977457,0.23439747439962336,0.626553687005927,0.7470906770372776,0.3712889353974001,1.3345699987014725,1.3131031384077856,-0.11778179283067591,0
1.3918545168621026,-0.026136911473665425,-0.5782341342043651,1.3081856259554767,0.0282451106331133,-0.7245067001956431,0.6983307034892074,1.5278336319886414,1.5319497497191232,-0.006393291990067551,3
0.4400380333980372,0.19327583112614052,0.3947024196951703,0.5941944156662066,0.6547202848648066,0.8589428112061412,0.7287010035070375,0.11339403225792444,0.688383476905193,0.44477081377721084,1
0.26310641988891764,0.5772865533034254,0.9507242357998394,0.017857593681654814,0.42968922371505885,0.672988175416298,0.14042463114698245,0.4025351182455623,0.1216169877770762,0.823220238243474,2
0.7293022687852171,0.16075642795963996,0.45658054819172794,0.825101056963036,0.8199346130166784,0.689349992408409,0.023530834354972174,0.15482238225453068,0.16624175891570273,0.21518024955381165,0
0.3492823426591857,0.7729800384081903,0.40372297724099354,0.4418813495901826,0.48939650129658535,0.8784370630838685,-0.07232008948432178,-0.042770050241815336,0.05546320225128097,0.7900765632877791,1
0.23417628986152267,-0.01807823138123682,0.2420708078462236,0.12961507059177885,0.4935934939925422,0.1952104119098777,0.696699854795193,-0.049278497353502926,0.4861426035364599,0.8539705207722244,0
0.8139731273711304,0.765691376627526,0.24158432601048657,0.29947649784330616,0.931987651169179,0.77668975721213,0.29624789893805203,0.9775162598776229,0.7963010547044949,0.3293658494490754,1
0.2825285838390451,0.47202147814497275,1.3628765655468014,1.8506943156590387,1.169683753929031,0.4848429765151031,0.8858039266427831,1.4965498859555455,0.8902241891022322,0.29795937096526226,3
0.23212061883662138,0.39337604715332447,0.9697417322773927,0.3693113720719184,0.7699730370525344,0.784969357485785,0.3513194771813127,0.5165762908527405,0.3422285504076315,0.18535938246441208,2
0.43234657225378503,-0.03277323292293083,0.5851481640352774,0.4160870083850406,-0.12152581409627863,0.49022241311004644,0.9348361032343073,0.5034539779508599,0.3524798455610555,0.946552764700815,1
0.36136191872905804,0.7905964350374343,0.8824027308800838,0.16045831322255805,0.17969567827407412,0.923475994166189,-0.015429493833205358,0.7714770366977,0.5889973212528105,0.732549160407099,0
0.23789626675551312,0.7598800773088146,0.43035707145645197,0.9500267210466309,0.27404407115321294,0.991740071464324,0.06964594659298179,0.6987610342696243,0.9589323522717187,0.6182312198473997,3
0.8298534352037318,0.6355985998575211,0.09935072084687785,0.7909189427197041,0.16940970477949807,0.24131309885982521,0.04378549109588326,0.9063709316733332,0.8224109386853573,0.6295947272534501,3
-0.46232528407493245,0.34436998952905756,0.5227082047179392,0.8351008584576628,0.33704167956914227,-0.05708565962345752,0.21026436476017873,0.1626869542052537,0.003051882848417675,1.0289573114660577,0
0.16867311265334006,0.4152440513749354,0.2132455043544086,0.46017920170745275,0.6637414483343647,0.7632712349472541,0.059646105583420386,0.32022584365797696,0.01867426176835338,0.3291909148523067,1
0.8020759116845981,0.7489813278940571,0.19064177589451897,0.26333497326129296,0.8551902203583971,0.7718550555665135,0.2733863585116618,0.9092939699243145,0.7897467730386659,0.35804031576945017,1
0.7387949698495169,0.20626740629279702,1.0238197378863942,0.6007585016708866,0.09425137320610054,0.25119454472988795,0.127651924953814,0.18540152658193773,0.6037512949995971,0.08357733012978061,3
0.350388998105001,0.6701853073901374,0.3211523194969256,0.3482072706201303,0.4080614057843611,0.6395860220863221,0.9747346453604242,0.28774879062923653,-0.1599496967026442,0.3474206300399866,0
0.7237179066447493,0.23444604116911355,0.9538007024129902,0.6030256861776063,0.009963883906084575,0.3105081565586914,0.06613937380102938,0.09887786182990421,0.6388509188329082,-0.00664102063294203,3
0.2969412853874839,0.5595878563699511,0.5464899853973584,0.28220701267415793,0.17679073410188087,0.44802976218245283,0.5635102769525433,0.4855577558289126,0.5614311216076814,0.3203873335682823,1
-0.029278387505266554,0.7918404383652723,1.2316957733757243,0.12952767895590772,0.595257905691813,0.7301730565602862,0.3154148022676295,0.449430283117924,0.10671807630928891,0.6750414943328216,0
0.37597899289910647,0.4985549729053985,0.5433998957159506,0.13486231629216405,0.3697711367400343,0.2720923101702684,0.7736619279530269,0.7245362033685182,0.6874846002130214,0.4395800332948635,1
0.8671368218366671,0.6994198725698136,0.20420771585949105,0.3721358292149148,0.9375337990725835,0.7504053852033655,0.24715586219832547,0.9344958056407591,0.8321915840219921,0.3043963623919935,1
0.3503697561523969,0.9268922665392842,0.9887237301902795,0.1961805477474196,0.2304519802180264,1.0336518149805785,0.010259178741217128,0.7175467539688193,0.5785222384913973,0.8678183717122326,0
0.7966606425126467,0.39899469174329844,0.8177258443682041,0.6408315432618477,0.22964420003996205,0.193820334697219,0.007400139925216547,0.21455885382950526,0.7389683628366501,0.16184593326028987,3
0.5758032126045249,0.5475543829370926,0.5746687060635471,0.045449636665243875,0.4448598456936523,0.2924377153425479,0.7640003676313618,0.6139504486893761,0.6070531374918356,0.5193436694311047,1
0.20167182001749737,0.3932760271945949,0.3697711757198964,0.49355109860900354,0.7357859640782913,0.7903900051253652,0.21391316227661158,0.12985064790003975,0.18510729639697193,0.2571615190377024,1
0.6181456688067373,0.5274763522052945,0.7723340369439072,0.6723890785203122,0.15657038244045643,0.18450234583649744,0.03613424975129733,0.3046583205649557,0.7917276374934413,0.2500114112793025,3
0.6136395173921226,0.8946335569048822,0.21564648222852628,0.47778140984117307,0.5963497327086666,0.2617262845393096,0.7378851931335585,0.4998915897523502,0.05081659343111298,0.6415251017624192,0
0.27006884921583424,0.7480675726443298,0.4439366537069998,0.7569349794856916,0.25769258984746096,0.26352700781591565,0.5193149215645463,-0.04546323447816325,0.6496458796003369,0.6871567069824926,1
0.6207073570158218,0.33452220621316753,0.256517611408858,0.6672756428554308,0.5259583314548275,0.6713727757699613,0.7141685245712763,0.02100903720832867,0.5759209771354235,0.12252862431819202,1
0.21020299847001198,0.3895636848862823,1.0019615601091099,0.35225935488528787,0.7278467694539442,0.7657581158051737,0.36047284556750375,0.4930142540573244,0.35433286527414887,0.2337455754440901,2
0.08801159546858947,0.7655874247336402,0.8949367540118122,0.4946224137884966,0.4035170003538047,0.40381255990696996,0.6933201626510774,0.7686130206324427,0.17872775666964585,0.9074351764191517,0
0.7492950101894927,0.21364118957132866,0.9935673577005533,0.42688981372427165,0.9059092734528701,0.37014670389356763,0.1810869132070267,0.5133532358073465,0.4323472172910079,0.38284550938759665,0
0.8277021341950247,0.2103109225968963,0.8264500341673912,0.3160740816913453,0.9075840285717016,0.38312713616776334,0.16893143083421505,0.6243913408656798,0.37340531989869025,0.3051901096173871,0
0.3319440205744768,1.0484700052357268,0.46173661057279247,0.6923517882924148,-0.07916438658038652,0.07158949050171778,0.9773317943497305,0.2776025912751261,0.9599057372413391,0.12710024779651657,0
0.42634465473596794,0.2863859460207265,0.8071128937006112,0.5647322294696018,0.6480781364168317,0.42772411680412065,0.27871161287660656,0.7857653288748682,0.7752747170031133,0.869877261603549,0
0.1426242191583778,0.8543094626486881,0.9195594538137513,0.04804544230711996,0.09141698783042082,1.190413787301344,-0.14990336893188677,0.6475872007126182,0.6288783006871852,0.8114501878924658,0
1.1662840268949664,1.1246619680053807,0.6275945495165673,0.6906733695357703,0.683195898728016,0.7858791291661846,0.10780073117067168,0.7269826291697999,0.7146989230859578,0.3837034918562515,3
-0.16751227732600882,0.1205596358902538,0.36472050741237094,0.5308806187933909,0.8182600337521586,-0.07587890697015964,1.1010590149152288,0.5394533213602781,0.7476120357578293,0.5250500508359857,0
0.8037489847882824,0.38156243838361337,0.81076162064208,0.12842132659133376,0.4618878889214233,0.36646295656468364,0.6608636694827408,0.8304594412343604,1.0325775345428716,0.4697143978384056,0
0.9522678201987539,0.4411993777019877,0.3652421901434092,0.3523436743207614,0.2857183711513426,0.8290846266555053,0.5765587442810839,0.2035770995411681,0.349707513946905,0.10045357209533463,1
0.4273821204470125,0.28526718625138453,0.317596743691007,0.2418865197280039,0.4236165436359973,0.5226225845281458,0.5529244261236024,0.1596434247576759,0.41770595145159206,0.7451065429534666,0
-0.23333261601132704,1.0727695904527108,-0.2686631967067692,-0.30212658628807865,0.9719054542317912,0.2601937629608074,1.2728650741281715,-0.11671133883188978,1.2707227126232719,0.9552863278806593,0
0.46009258934733976,0.4052307224636008,0.8547342991886824,0.4968476520854447,0.9240889596497969,0.8113373017061113,0.23082121602020117,0.4638278194132593,0.3416985421029626,-0.0445146687676648,3
0.6949327674790514,0.25214378815990124,0.9868899514454958,0.4050490065680748,0.8153939241715759,0.41650264961035566,0.09920164545837691,0.581660009607975,0.3553025050019631,0.32493951244088704,0
0.246963793372601,0.5742545817702372,0.946972632069795,0.02751165923641149,0.41442578147198766,0.68610849303123,0.13440088682944107,0.3973649996994766,0.11081655903107909,0.8151521818916907,2
0.6888916572284746,0.3016794824617795,0.8184073579450505,0.572471415504537,0.05852743821863665,0.6461802374564065,0.6280851025256167,0.5997035815742505,0.4457952286739968,1.0415669083751682,1
0.4139230098974508,0.11997117856430833,0.6063126846272079,0.37134915768624344,0.6332216125047611,0.3059243076289141,0.4307181401390665,0.8036090046470794,0.9369647263200401,1.1290222702074049,0
0.4867006425819303,0.9247237067098062,0.388364644292296,0.4413071840239798,0.40666297963333753,0.2265562714541795,0.6819250154718642,0.4986783342107028,-0.09302775073912628,0.7741056860787154,0
0.6642314395288047,0.2780652908054131,0.5281738355581096,0.9764111207596352,0.6095482767649577,0.7452986121147582,0.558927840665667,0.26694946126176683,0.8966590923237876,0.718714413657645,0
0.496472209700397,0.8582643358301699,0.7299157973290424,0.4052197196967287,0.1664311962719247,0.7765549907811906,-0.12275806986659582,0.4078879586273274,0.16838082849474117,0.9240133484708488,2
0.17396451347056743,0.5982225425506181,0.5628231213254762,0.48805819498487996,0.9613001257220651,1.0077658063425965,-0.09949596172124678,0.41390349423982564,-0.10170454145755226,0.010789013141565884,1
0.981653945539708,-0.03229169407853359,0.7171785057843663,0.20488511532924347,0.8630265287953264,0.2941502929610475,0.2772826323418745,0.9998217546866636,0.9500818525608969,0.7283460899848951,2
1.0015305221839481,1.5934651748467323,1.0562159507981514,1.0921452682463781,0.6152950328357378,0.8395619562070895,0.31366953825209964,1.1113913034099796,0.8888860257971418,0.8369795412475326,3
0.3081966680543063,0.6966245389755943,0.4124289292469045,0.8630332311155051,0.26177494380933375,0.9544868831084174,0.15454603663166439,0.6311312114041792,0.9971281468468541,0.6559555888747018,3
1.3039294360976843,-0.08847590132764771,0.6474859089927352,-0.11368184050940017,-0.09478543535835693,-0.22835983463876086,0.8528113831876358,1.0139262100207105,0.725224579895088,0.36476559583922924,0
0.16227814542282487,0.2649271750842335,0.7227052369063055,0.7324051912292243,0.44728756290348437,1.0079642796117305,1.0725612889327854,0.223042597302963,0.5281176074009195,0.8430538503952973,1
0.8914287684243293,0.49789506546588813,-0.053177385247154735,0.655197763364558,0.3002487063154951,0.5480488232886761,0.41161727668345227,-0.010693351212083452,0.6874887378610655,0.6145072807266118,2
0.6985733083081697,0.24743550248269408,0.9568649277272676,0.38600475830382114,0.827667710858531,0.43849424105264606,0.11013043602350689,0.5782833088489437,0.3707275503607269,0.2751269864641643,0
0.8470175106666614,0.9714506752690878,0.14911713891017875,0.606430724077486,0.18039632786471554,0.4689954953346104,1.1480868844764787,0.11993206224385386,0.8334220819540643,0.64899601280764,0
0.38123447135142147,0.535621523484582,-0.2494056030523112,0.6233767396386504,0.19226306249221878,0.2093867390715259,0.9103269887875187,0.3913358952999316,0.3329638802782899,0.6821045363100111,1
0.025719986813141655,0.8925986960056628,0.8291074541169003,0.7363852724038032,0.3218985005016917,0.8079595494300431,0.8112687189168627,0.08375214042437122,0.45730860095166864,0.13038085703910904,3
0.23263783430012047,0.8569929402423998,0.7689529036997624,0.9050993858673546,0.9403976248763584,-0.12438478456794952,1.0058118858425888,0.26342313996272376,0.8009521455138159,0.624920580506604,3
0.5551564456790564,0.05720616206357694,0.8147668431760852,0.37723070088405264,0.062065804100113704,0.8432336801367452,0.6554650654317504,0.6556217554846803,0.5720874112413505,0.942128752449576,1
0.5752830017375372,0.7674394332084481,0.14603570341957955,0.6480603871821083,0.15332519477512604,0.2635458550061276,0.9764120983830215,0.23590164471760805,0.8260928738600194,0.39982848170554536,0
0.3034440435163398,0.47201725944806794,0.985183907781434,0.7120811511641497,0.636520587222386,0.3266342392947256,0.42776513203100774,0.633633625937458,0.19139152603968315,1.1405357519633843,0
1.0052584955031025,0.5260866619727949,0.6038851980512605,0.16817390768652046,0.3453967864632423,0.3776779845873581,0.6771571893726752,1.106367192166311,1.0655322794753532,0.5346401391146933,0
0.6835989051139393,0.8839287302161031,0.03410272312451031,0.9738809071758066,0.8852747706489515,0.4992014142452214,0.15583102359896397,0.7044335438172165,0.3485896257527258,0.10052521315736578,1
0.4983167559257918,0.44745238386355485,0.3422428047754346,0.8693918639030358,1.0214889699621919,0.9977446401196939,0.5934548055501772,0.40247076018301053,0.10641076728745331,0.5071059400125907,1
0.17028081570479975,0.8045172937699545,0.7898765018415449,0.566218334128367,0.3254971953435835,0.8003937045684544,0.9162455731667768,-0.10285484995161531,0.471849698788784,0.0358559747791735,3
0.5462255324103676,0.1593401274971399,0.836099971928483,0.44223396707927004,0.08147856768152649,0.7588216258244912,0.7013238211943712,0.5622725937735175,0.5316945954419199,0.9446839448686782,1
0.32246310179413074,0.35287193219818236,0.7271296744590127,0.5186193171917887,0.6257696873514142,0.4395385492776394,0.23284359673044078,0.5882468018053035,0.7334140330443145,0.9713807425464338,0
0.9750082253624185,1.119702201118669,1.0838814083026862,0.717190920390295,0.6462206030196409,0.8279518899568203,-0.0016425409637891575,0.49687094643492874,0.6668488990904207,0.3372943603028568,3
0.8311073991820135,0.41882659590028254,0.7949397013093606,0.6599538544800739,0.05204162018336489,0.1957936863351116,-0.017577869848495218,0.2456534939845826,0.6539940085665527,0.07576189997085112,3
0.24790663264904597,0.5923257709092306,0.9229469579718933,0.04423509015205532,0.41677365414842305,0.6681609465783912,0.13766449597182165,0.40036549174948866,0.10271457554934356,0.8291006600258284,2
0.2467241967290617,0.19798904860929026,0.5568406102639389,0.4096048699250646,0.49503353541874956,0.4667001162544865,0.5837379987284501,0.376320854281443,0.32936020776795794,0.9226447322877527,0
0.27301839512538706,0.5739547996488076,0.2964521622405571,0.5406554819003508,0.7673828377664419,0.8407731782204857,0.2059145955297888,0.24695765040541634,-0.0210458463847924,0.3573272062099947,1
0.6091840213289953,0.46880600668876626,0.5171151328301069,0.8323065192276782,0.2940951979973709,0.33038199606242663,0.7796895464747282,0.28808249651162626,0.1696350640551424,1.040904715000632,1
0.25460340491692046,0.6720304615052165,1.184281256617925,0.6162774052255033,0.5998792489827278,0.6640573949230415,0.48007487153909045,0.9903660759247344,0.15048829196775915,1.1512846037467646,0
0.8274094540798792,0.7764197161080876,0.22324754301722444,0.2979167343978847,0.8893407066503971,0.7660273848201813,0.27566441242194095,0.9847577316365573,0.8167964706515202,0.3148183686671146,1
0.6555118857547977,0.26520271733979095,0.2311684534135307,0.6148721905709638,0.4367096480643208,0.5760448380273123,0.7522074819667348,0.07614027337631332,0.5732278546975145,0.15551057680081626,1
0.10685356923926866,1.167655346510974,1.2032310750956834,0.8517600547258947,0.6811021056290303,0.8609375223142317,0.5913625031991245,0.4078214343377374,0.4884349577839279,-0.17158728800202666,3
0.06658204525895733,-0.04066311307198445,1.0777956626126197,-0.36066713919553395,0.22179982577089447,0.6519944596692625,0.2298905159274171,1.4302991696966008,0.7955739187471123,1.2145340687692658,2
0.49149708516938573,0.14000191723548266,0.3737746230793434,0.41327385157614055,0.9834033490604894,0.9418816736729352,-0.21471129296528874,0.19311494737512389,-0.2557579790819308,0.44005558497304564,1
0.6642319898593203,1.1224704715393807,0.18591775033083982,0.7532696421897735,0.045001115031429964,0.3320937035454027,0.8442968896832412,0.5000949015248072,0.9043321849422774,0.5680984350268501,1
0.06383508284661482,0.4766720413816532,0.27925529361651535,0.7009394853339077,0.43504654998930287,0.8829859895552628,0.8761544699636081,0.4539766153702556,0.7810540350950386,0.33408431384312104,3
0.7504279330243502,0.9350524971850426,0.28267357529506787,0.8475676505532883,0.11632078556965894,0.4249030417473013,0.9830556642588902,0.17265872294403878,0.7346750798078617,0.3013660963602834,0
0.3338975661044787,0.23529658100372414,0.7112882550410047,0.6994757021920025,0.573930112476336,0.18470804398800406,0.3278002796527149,0.6266389337588084,0.7876117461289716,0.9898365487959622,0
0.49926490931987066,0.16642747499878588,0.1717375920443001,-0.09516159692671196,0.9555722542015679,0.32456472888634524,0.6871489712424496,0.19540729497999798,0.2787868523572841,1.1581862035074417,2
0.776686513603521,0.005564071883058911,0.42659257178313315,0.6237090105447745,0.8723681039069753,0.5151328632654815,0.5303397031532517,0.9567340120883986,0.6521950994163311,0.5214911334054114,0
0.2504301458894609,0.5810983756631187,0.9441351281664297,0.03067900555186515,0.4211941323558654,0.68047703273502,0.13944935227132838,0.4074217327909924,0.11995330197988877,0.8188388778753235,2
0.1145745525889611,0.1925322480093111,-0.030004302746812372,0.060865789598381626,0.6163747056974912,-0.5463382347319935,0.565278166050609,0.4910244513020458,0.7873669231113511,0.8518218390353245,3
0.6020944821824208,0.7329099634339064,0.5720794016431219,0.2691840808739819,0.33889946176162494,0.7638959559894445,0.6605162683332509,0.3460798381214253,0.9711170806790786,0.9772830802291663,1
0.2568300134478065,0.10980776052270814,0.45412396116056847,0.27751825595450486,0.5536399212781832,0.31359988460745886,0.735981750867643,0.31450255977561714,0.34343975939515314,0.8074378112854625,0
0.33553023338757715,0.3398243866313173,0.9159371837011288,0.736823108324214,0.9841986386404806,0.08397269722928735,0.5213080097042226,0.8358661089044008,0.8985692791988726,0.9493258563790967,0
0.14668921930085835,-0.0173630143418676,0.5374094833508803,0.3364614108903078,0.4473369932504635,0.19495926071439348,0.8492333382842286,0.4517061692258328,0.3152163480247639,0.7589490519913922,0
0.029197333146883005,0.8392119063087516,0.8570555213668751,0.7709784859771611,0.36119515493195015,0.8552717595808791,0.8038873552977335,0.1287124297641336,0.48072830661786503,0.12504684163628557,3
0.07786505495165591,0.6445435987554496,0.4458830828670628,0.5970282914187529,0.7573252491635964,-0.003274408277467839,0.9232795165500496,0.47299969942262343,0.8421834194372253,0.9110620388580183,3
0.19861507529082179,0.9167130865209174,0.5124730746957222,1.0331044266387956,0.15377892851834613,1.0449770180458209,0.11377021769463483,0.8331618804494876,1.001736380080259,0.7262601170236083,3
0.05974031047700208,0.6553050694561309,0.019429897004572573,0.21379029606721522,0.8678929664406004,0.719544710209222,0.6255240082346788,0.3806415577924904,0.8192047455250143,0.9600669817547798,0
0.27429968468432325,0.4246858524569061,0.5817910625439007,0.9177363670188428,0.6103547121016569,0.5055595604788532,0.5771209660232741,0.1981279408877746,0.22860973135007376,0.21083979139336784,2
0.11551628934967811,0.14997210120000867,0.32266988471568975,0.020669345172912496,0.7738799601164138,0.6196424077515968,0.5017423653699491,0.11674630024833771,0.7582933037808369,0.7242999244664073,1
0.8269635853251173,0.7157109878954097,0.252047154873323,0.2773248133305519,0.9183298781652062,0.7943917668799574,0.29198048980070856,0.9442915009198765,0.8392245761728604,0.2900238800547065,1
0.6978977297596646,0.8706907245559058,0.7858240839586639,0.17809078407140838,0.4295117395803061,0.5765302727854074,0.7739989477474123,0.46068190828072253,0.8582808836584321,0.990345654852464,1
-0.17298783934402984,0.6054869267930109,0.7482939472423501,0.2636971403574615,0.4849489458634837,0.41319176733237883,-0.44690582040467314,0.06064714219784888,0.2807170304300273,0.4770149398814903,1
0.2712339859240878,0.3831501221517148,0.7612365003249106,0.6137388329183817,0.1456673067740365,-0.0802264146732381,0.17748325649716234,1.2482767051640815,0.5628328001443752,0.7334627518750304,0
0.7526441348874576,0.819375948116543,0.0877400648585072,0.6689352477194564,0.8362195225954754,0.44147573188875955,0.11721323800705054,0.7547306099026223,0.9300315102559347,0.43257829781874557,2
0.6419348897281928,0.04245933307753446,0.1322266271027422,-0.017379741657114176,0.7034011902968473,0.5483036126640484,0.6699640559302152,0.12314554658668389,0.3258445116345748,0.9194010018942259,2
0.2413640394268667,0.11545535043999212,0.4551963627348175,0.2715024637759219,0.5524026525563788,0.314315001069443,0.7210286143683449,0.3274832372876891,0.32852873296856533,0.8112883322996916,0
0.8794907865380425,1.404754452114475,-0.34804316451909506,0.27684651765694673,-0.09348236434892598,0.40400247639165593,0.0637484532665279,-0.18878236095733958,0.89428687505411,0.9930731981874337,1
0.373877234918751,0.4169170754058699,1.0849071543502413,0.2400902724564027,0.6962663657354881,0.9004888907120859,0.4813474464596469,0.6803703042603831,0.3076307129625236,0.3710129671593394,2
0.39026240540058477,0.14941531814427245,0.7527697875523047,0.5119056891268688,0.6446403597924791,0.23311733142563146,0.48933454187230346,0.5697904764241511,0.8349408565447722,1.0170250938566971,0
0.953046484906395,0.5985186779644198,0.9747626271980394,0.2028361467316518,0.4404549833983516,0.4901489303090214,0.7477875775212288,0.7510929387700294,1.1855746463073857,0.3155732059295245,0
0.4027039498704462,1.08076703062476,0.583730197055489,0.007967746771413597,-0.040130113067987194,1.0413735296204212,0.16815352570543193,0.5315149729991958,0.5968066545965782,0.6607707552735016,0
0.6805865772350471,0.8866396929282998,0.03591140810719414,0.9723151055320172,0.8877775570999457,0.5024154291731205,0.15763914206409085,0.7024305540324651,0.34573163582415284,0.10420138258750726,1
0.878833053273832,0.4619086480968992,0.8263984739339927,0.05310316729877018,0.4268509970048681,0.30911821202780965,0.7413821462420129,0.841264404297222,0.9797523556822879,0.4185437214475631,0
0.8011057455762771,0.35559807628891266,0.902953807008773,0.725642374455017,0.1283939471698018,0.28452872071534985,0.039099283680208353,0.2323697676651094,0.6127256646438265,0.08906485300310564,3
0.6933647858308712,0.8896416973805412,0.04122877977482251,0.9904490008022506,0.8873144755376969,0.5007134744407356,0.17072982106478135,0.7158204681037076,0.3467029446657895,0.09158629418580065,1
0.5773415331699991,0.819127251368678,0.26862186862033116,0.550865205780433,0.4853441737375364,0.23077883243571068,0.8111723049716758,0.3845640673708123,0.08718870879951895,0.5561736629137207,0
0.16106052645008856,0.5715749873867959,-0.3991972937764861,0.15112788044908032,0.66440321339857,0.5184999964666841,0.40421450388987457,0.5314045649922208,0.887250614002814,0.9246469136781912,0
-0.16042935177956902,0.9616826315194459,0.6760499045612824,1.3988515862077986,0.5870354462768662,1.0035002638349604,0.3464164616018172,0.9524259658009506,1.409451331073572,0.6300142375757974,3
0.30953843017899224,0.8132684760843363,0.1250234032561831,0.7028081523337624,0.14397398098493133,0.43219001754426045,0.7423470905339513,0.32658415477534986,0.5813908907311066,0.8346346171974125,1
0.6522683255252688,0.8675240794906433,0.26551342967284275,0.49430489519889753,0.5570568387633577,0.3074909393834918,0.7299184985254192,0.4639179443576191,0.05878837162854738,0.6580365303032912,0
0.373483615048308,0.598760285299429,0.36626283506471324,0.22205472307971588,0.43237687708036276,-0.02221165932750943,0.9599482786085317,1.0100619424170931,1.3909357961245612,0.8820419832731099,1
0.20461253741111632,0.7311276034772762,0.38135938970671424,0.29603703425596745,0.33261524311306806,0.6986663711730593,-0.06730929304785346,0.09144694249526514,0.13558875967764203,0.6600188622017684,1
1.3888211918162792,1.189702531583202,0.7962879847966555,1.011663423645404,0.669392946961608,0.35538943253216126,0.3321807852738864,0.5565037364623612,1.1711631299452443,-0.21381981820484586,0
0.6824966905240635,0.8598420650323331,0.01529747436833865,0.9570272773617324,0.8961738990499222,0.5028037595824948,0.15701337583066738,0.7135445709013317,0.3667213062094016,0.09772646482457711,1
0.4156603892286467,1.2313842685144714,0.5029568277502501,0.13531485237058352,0.6603605492353517,0.27579782205258074,0.9947637069463211,0.5347052173518472,0.680119696088062,0.6518920208141663,0
0.43820140261724144,0.5192716593232435,0.48400750784684515,0.6301833005540614,0.8503250337319126,0.38395066300466923,0.7217689916849703,0.8415381271288219,0.7609958335101242,0.5335047700447706,0
0.3524536808221514,0.08621235642474537,0.6489381604348492,0.39512900179010313,0.6632845812828722,0.2447600949646928,0.41800279380928723,0.7736725796873877,0.9296286785064791,1.1650460668695106,0
0.3818959920751427,0.405154606336797,0.8816819464643982,0.43342563310142823,0.9198422196521991,0.7694797627931349,0.23114812961683504,0.3728341232677171,0.3076938158110756,-0.037635669705026326,3
0.31149738626625095,0.42450511145802,0.17824079988034575,0.49289758503458847,0.4685601413425125,-0.03178367668340748,1.1357814522622578,0.43729327937039836,0.8893142751118769,0.6607853112905682,3
0.8139231064327259,0.7237624141991529,0.2764114254501538,0.3420863026463837,0.877606768948806,0.770800101965454,0.30353641400694414,0.94906101206976,0.784323008316295,0.32377052817954766,1
0.21253787271308536,0.3686966107430961,1.0185861571634074,0.43641595518469833,0.7888344950123437,0.811741004328541,0.29850780594046444,0.5502998801804215,0.3257702394511777,0.25421597679206653,2
0.2544047395657551,0.6818933628716183,0.359672552971458,0.3549454043882718,0.44758560906202377,0.7313751103140704,-0.04684631324116778,0.11460421280498394,0.12543682543910337,0.7160835573921649,1
0.4953752449362706,0.3152987752903346,0.4977085721275804,0.2627464315663903,0.4133612572330828,0.11612768718581751,0.9347874996530386,0.8114206614628163,0.6855030106418764,0.3954848384347064,1
0.16832456408581054,0.6338207360569721,-0.6421490469824791,0.29738066671482233,0.8575028488190736,0.489099855081776,0.7566913241330161,0.20204281162000332,0.7194523631503384,1.1599990478364532,0
0.08985424888341424,0.7599456174346383,0.8819390399045223,0.4974417825003353,0.4063831773595162,0.4110048819147754,0.697079791029867,0.7685372845074832,0.17244469967254344,0.9112471240695204,0
0.6750063385556068,0.8852169954678036,0.01111741833532652,0.976924108008941,0.9115736563962022,0.4795200265210735,0.1531335000305085,0.6964989249691103,0.3310137606593218,0.1063588642618214,1
-0.13135212543178548,0.8587418381452178,-0.015412420976150587,0.8460907103734966,1.0137240346891563,0.7918538204975754,-0.14704656772269964,0.6318066515538953,0.1953889396046325,-0.1441434971371327,1
0.04326066890456004,0.8855927286112282,0.7731446452203856,0.569096381542928,0.4326305472907932,0.573618316387865,0.5651746282292012,0.7027551940235478,0.22676952584951826,1.0043463206128211,0
0.3691803700757567,0.8138946363058546,0.7428241751949101,0.6732643130934918,0.4800614562438844,0.11079418597518609,0.8112693433892628,0.4902671688715489,0.29922971445443974,0.6837576251079996,0
0.6938162192537359,0.24775125030950548,0.9868365289665336,0.38436746090382584,0.8149359516914713,0.4476037680227746,0.12648172437364738,0.5983468694730996,0.35032836893152564,0.2898291840315009,0
0.6048913593797822,-0.164399083494018,-0.21288020640282201,0.029995362963841476,0.46063491938029705,1.0118878178834747,0.753335962700396,0.36436334004088744,0.651522557557784,0.6712829145559633,1
0.39375007551074165,0.5398511809354775,-0.2032988870642265,0.7875152979359805,-0.18403714196177828,0.7259954917833413,0.42777403011667947,0.6093732791951653,0.8043991753404752,1.161161745787103,1
0.7536668534985039,0.846977935484451,0.08854703751171829,0.6531046701035259,0.8702637533964088,0.4104417805747525,0.12712845334353898,0.7182022471739476,0.8951083521936671,0.42327505244963154,2
0.35389173706012655,0.8193521585004208,0.7656995002564684,0.6887140363164657,0.4698557152158036,0.11979286009650769,0.8012900518582519,0.46078813003703273,0.3104977915692499,0.7109130853180616,0
0.6891163810629337,0.16287529529022116,0.9807607545256151,0.3921053046079714,0.783571169333209,0.3529319849043854,0.2102753067375907,0.6418252211748614,0.3390605539470987,0.35749546125651416,0
0.630412562412467,-0.0518544202525035,0.7725435940794814,0.631482394856191,0.5507429263702726,0.20611193516118387,0.6011889285691109,0.9317732675289735,0.6332754527674817,0.18248050764576662,3
0.39477873255376483,0.6131557853522619,-0.5509364361882972,1.335207064512001,0.7272365697057666,0.4322777106217299,0.1482237023780093,0.6470502636589532,1.3446017301026643,1.131440606787248,1
0.6292657047468511,0.22075457832697826,0.9588911924699923,0.3274703147006097,0.7931600444231853,0.44588644906000807,0.09597482440447902,0.6412622368621184,0.3712849279261688,0.33599023558444713,0
0.4350860914688513,0.46385807632512366,1.0609086288818057,0.967268211692927,0.4368205625046197,0.3182413898130283,0.210098936496035,0.8190899070854636,0.6749862117902599,0.5508857202339335,0
0.2524380151266948,0.4784260877385207,0.6535117271071237,0.017468204626664208,0.2581431828787414,0.7266516946809071,-0.03547295275245495,0.6365116098717907,0.42777814442370876,0.7347656719640071,0
0.2528290107735964,0.5745988569083024,0.9470706902649697,0.033760957008991524,0.42230869375969554,0.6824143504660274,0.13610625869648152,0.41131195954474625,0.12555337865806104,0.8135875874606764,2
0.6686286876575188,0.8994711202564565,0.04814525232282694,0.9866084672820876,0.8997717115074019,0.4928520946695868,0.1455472396147804,0.7101209460389403,0.35174114885754953,0.12785670526237067,1
0.20531805315659735,0.9809802627772407,-0.3695579222041142,-0.0764581771575229,0.5149683730316048,0.6309781222226877,1.0430417752387193,0.12406078856497427,0.8188132837630493,0.9703087367420181,0
0.6555537216875698,0.21462825671322167,1.0942636289161574,0.36439053927269377,0.6387620359953349,0.5048844775804657,0.234946309585165,0.660025217216594,0.2335936519203437,0.10781814012323926,0
0.7594191956408415,0.841343090346499,0.06793379356694429,0.6451941935905439,0.8736245828015547,0.3903713129546215,0.11429459443359927,0.7240777727277238,0.8958889569798756,0.4257154764197959,2
0.8244288609963917,0.7265927600839687,0.21114427043469192,0.3389357245939974,0.9397579734804762,0.7319586985837733,0.2694890767223346,0.983979396714172,0.8129968317084024,0.3329196585799578,1
0.6911955032717589,0.793172852060614,0.5411840230805721,0.39536055930584674,0.733108617336093,-0.13598844265080368,0.7385473580561658,0.22469154899499644,-0.33443230782028,0.531219784421214,0
0.31137924662161365,0.22744054781418757,0.7550469417007343,0.5589387079863017,0.7674635074102876,0.4430296746221068,0.37693671398677875,0.6951541864721196,0.7133095252253515,0.9507189793043115,0
0.022103136061653657,0.7528131230775076,0.963327904770801,0.5430058590360616,0.3964161850178168,0.31862256363346186,0.6929391914258646,0.6993061534894516,0.24980530877606338,0.8670710726005314,0
0.791596255250546,0.7322681452121489,0.1560497152243412,0.35788788697488666,0.6857064452537506,0.2953157059500836,0.776189731018418,0.5202349047171845,-0.00017427363071584323,0.6094394623048314,0
0.8195917087206848,0.3098320021872312,0.09426165033339827,0.5410949506002838,0.2175116065068091,0.47416790587718866,0.46322042200405367,0.14086710800601535,0.7698196864274456,0.6338640645740747,2
0.46092851172435023,0.45789332319349774,0.6794522994697156,0.233360656603399,0.41128983926424156,0.12236165701946465,0.6942711939416271,0.7965655220215306,0.6536810122719073,0.43365078134081175,1
0.2507191837530926,0.5737187307608965,0.9519030354026955,0.018465319781944607,0.41023529694247796,0.6582461345705211,0.13582695248781523,0.3898686945930929,0.1271049629786623,0.825767993562909,2
0.5939943350884951,0.35545054430447265,0.4207179995948101,0.6552535579613171,0.661372279847071,0.5844383900448481,0.5814407741022397,0.1475933356650488,0.7601632416534867,0.390650243840553,0
0.8216513845260222,0.1717985441505463,0.38143576293082104,1.03405341099662,0.5666249914517598,0.8226688021907244,0.43665059690550034,0.33041920370636496,1.124646311872483,0.6696467636037982,0
0.8139116970233351,0.29909665667461005,0.25951413304457227,-0.05758132037230826,0.8039985862392552,0.12484769425129444,1.024144232319937,0.009508596938968397,0.3746385378142297,1.0720409192356473,2
0.9642779983167473,0.016261652626070613,0.6650497917476403,0.7019176684905812,0.639651239144134,0.17795283891158603,0.3391884449426601,0.9048363102784904,0.45154678333819587,0.0647977244825263,3
0.25195988416319676,0.5634669982621513,0.9350455828072642,0.028124582572524773,0.3978640205017122,0.6787947539804143,0.12059958489168073,0.3858685665903284,0.12326244393831332,0.802648321269882,2
0.8001409403980617,0.7584936787113993,0.25494431901599335,0.30528830510630206,0.9139778969400701,0.7791428598222654,0.2675867068595897,0.9755018112440835,0.7911904221712459,0.3058303006121195,1
0.20671315825372644,0.7018406360448498,0.8719441929978683,0.34409677073960343,0.6057326395151417,0.26558329443193385,0.7767531200738556,0.6968818587025554,0.24885168068731042,0.9244549949193044,0
0.6696462281256829,0.565736836262754,0.09529156178956322,0.4767796863149828,0.635579817039002,-0.10105466256871765,-0.3526922126521318,0.3774017159592841,-0.5390410472992099,1.4634707983514934,2
0.3188993684283705,0.45461362521774873,0.6179537860100928,0.18382490904522514,0.3985815793727315,0.2109981987087298,0.7670460706697774,0.6856798068059311,0.6721190434523007,0.3888782157160316,1
0.27102110555198233,0.43467478675416504,0.587532653645879,0.909953368611561,0.60742377437898,0.49144565590266504,0.5851686013857489,0.1979623274469318,0.24022841018573793,0.21044288692488786,2
0.6246443545685604,0.49191911002971844,0.6180178038459254,1.009869895081922,0.6617807830216577,0.8064788475519702,0.5630595360987073,0.15812638203773677,0.7535056752280715,0.5621084423778031,0
0.15046399952079384,0.37959907029539275,0.3683655793983485,0.46263287497693806,0.6774021373972847,0.8184981241669349,0.19241725043196814,0.2972755981258113,0.065176988358879,0.2656534414125763,1
0.8994320895312813,0.26941971415447014,0.7701057614797764,1.178140243605617,0.8677345903496803,0.7969860508706834,0.8180479715232103,0.8359197236730247,0.8774146075796739,-0.020901681394067347,3
0.28126328517463933,0.8497969955678802,0.36727328559491546,0.44607138138394886,0.5056304865534031,0.6159668506805409,0.1894819527078538,0.03605196754136435,-0.06112242007974511,0.6747522326429725,1
0.6048897430822304,0.14052894032958588,0.7037662031227462,0.5027812835675795,0.14332460477348838,0.8731079590966576,0.7536818815152087,0.4770868983890931,0.39004247754388677,0.8499147430399051,1
0.8279252117403683,0.9407962391783184,0.7984415830114255,1.0092547363107522,0.5535423833481583,1.0681255334991806,0.01204113505741572,0.4320286411172326,0.8521584620495464,0.6039036753137895,3
0.6403403175355876,0.16692071116919732,0.8954153730407369,0.4971724831811397,0.868731929709845,0.6928120983841448,0.4435598380664592,0.43166409408661155,0.5259992934860525,0.9385791185341311,0
0.48043974258634903,0.39286713544878754,0.5448800128164594,-0.22742435536729533,-0.19903307099750112,1.0064037213918597,0.8338124118570531,1.0509171840112939,0.2816263998099011,0.8222912305274436,2
0.3166415614216262,0.4485798362623013,0.8734317098448083,0.3861690341909099,0.6787756403115358,0.8552529302330436,0.2937370093748231,0.5851430431587232,0.36541169509017407,0.08100430446175891,2
0.8575193004474737,0.7182196689456457,0.20500530950315896,0.3448084514077974,0.9857199233171345,0.8582046495847482,0.3472068785396476,0.8845623311511298,0.7554249702616727,0.30025880903864305,1
0.020404380293529423,0.24685124417541546,0.053467969938851334,-0.07502378556114354,0.6672280589646178,0.6188438774786024,0.4843605589719705,0.1523846127850658,0.8573714289194101,0.4974341565212957,1
0.253269280486434,0.5646399482765635,0.9365939568279247,0.03912174319407223,0.42907464486337527,0.6925933538221349,0.14764328219919728,0.41322835693312315,0.11503959682486532,0.8227915701267695,2
0.7355813074758193,0.16538269287057414,0.460378388401714,0.8663873086993533,0.7535291708722016,0.644543820196338,0.027520002536274284,0.18389872162530774,0.21186821205958084,0.23854382959825018,0
0.0626131144720922,0.6522698546435973,0.6577122741305355,0.5240681405645421,0.3179100227009163,0.849306670516096,1.0047208764883815,0.2891162523713974,0.5179194717278721,-0.10671114590206324,3
0.3860712679723249,0.3827628592449262,0.9289830771524222,0.4918387114592836,0.9466556303667595,0.7353671009688455,0.1433515956725355,0.4060574005055186,0.34673938108571545,0.008517977621783447,3
0.06745488604401598,0.12640810486317589,1.011958292654307,0.23515723561534146,0.48665796532158934,0.6731435189884494,0.4318704957769359,0.4197485793898483,0.23619644292981407,0.2641678582575638,2
0.1910568807201205,0.8470966177195809,0.8087243057512447,0.39364514948293466,0.523162676956242,0.49522415258293045,0.8219098129505318,0.8738466332981241,0.06196350666060933,1.0631677760447817,0
-0.5330017872539583,0.5650280427565968,1.892141852888832,1.0209395649645725,0.4105445949499159,0.2903112439795078,0.1162434713843579,0.5142506358128467,0.013387913710144916,1.3799212916770514,0
0.66705649199095,0.8903638789017644,0.2503860036290752,0.47362478598565017,0.5949555295923683,0.3334712725519094,0.7372892363915237,0.5059467565641345,0.08417561091322838,0.6789326833976488,0
-0.019639281415648774,0.2787436943308579,0.17338123934137728,0.15268159955063748,1.0940166743371036,0.5989424904354734,0.2227070144933587,0.395989460980781,0.3861561865325062,0.3623914963071447,1
0.6809421369477858,0.8782395464898778,0.0379853488590599,0.969628559746553,0.8865734655722424,0.506740633362704,0.15405433638230032,0.704232275084319,0.3434975941986281,0.10837973685173975,1
0.8625116118110864,0.47296790351552676,0.8575755819170202,0.7887057241837702,0.06720967085594828,0.34336634204393457,0.08063557689670116,0.3131428241115088,0.6446270260565056,0.021703782426277116,3
0.5230776241414299,0.5959188476453573,-0.0074582365598664935,0.689510477753247,0.7476333708564717,0.28143238926012004,0.5728925006584972,0.043296688605377054,0.5931482384952822,-0.0634907448411462,1
0.6919808305282157,0.22694682405971664,1.0182497806359765,0.3443163676493633,0.784245702079661,0.45496691006055584,0.15584479288756564,0.5588229266323459,0.32307411398394914,0.30403050962860934,0
-0.17627839040038834,0.7100564817583508,1.1148356709368032,0.32723371352567876,0.15876771700087902,0.14984857398352802,0.5480455667878554,0.6775521747440976,0.33965051320056977,0.8407162250239828,0
0.74565856089257,0.44028295107186327,0.9575582522624776,0.7347778628929962,0.04335992898662913,0.2764929738433826,-0.12668569016843526,0.3190568526026998,0.7778219592333802,0.19927655479497575,3
0.069547774994623,0.26306695507774414,0.8238493730447704,0.38731359122703246,0.6551546127996246,0.7046853028172483,0.48793458753157815,0.6054670334604009,0.40863508391892445,0.1260513157818028,2
0.48415204868997064,0.7098780821788656,0.5756623819006292,0.22233050270789728,0.3930189238092375,0.7767688335602038,0.5992667778119022,0.32996817414440044,0.8773609106907789,1.0233030373216987,1
0.7117787380445105,0.15888592659009074,0.31480306470914315,0.9569984316723219,0.8535547063466566,0.6918977842702944,0.4046421740703374,0.8393984389198874,0.4330989492658678,0.3977983865057492,0
0.6875090479099445,0.8750440289436193,0.035075308461339126,0.9683735733043464,0.8769121069361588,0.49887805286154324,0.16432797822267678,0.6984825840107057,0.3505938429180773,0.11523096217772286,1
1.4918241193858424,0.9579655360673199,0.4423030504161737,0.7273947055442085,0.8384063734251666,0.2724702547035242,1.289358147334914,0.6049952760523971,0.5961328551188194,0.959502269359317,0
0.9157193538631947,0.6874671316358733,1.1419021825091868,0.8917110685878826,0.8069494495032985,1.0718721763997536,0.3532155125434917,0.7427389651501481,0.7564353635630302,0.6974278570315983,3
0.7220693532131746,0.27258020224441837,1.0430698462360257,0.3456086678785242,0.80775612774092,0.40043490199476656,0.08237518588030437,0.5974767764811212,0.40444305782799034,0.2353316938623045,0
0.30662364034863204,0.8657335878084107,0.7069175557498774,0.598912160117853,0.4225814728521046,0.09762343149229687,0.8150672795253141,0.40711925344607963,0.3852878247234124,0.6328616111488715,0
0.6142142326949561,0.861583623090622,0.17812653510731322,0.5877640456286601,0.653779879885931,0.3023509007629479,0.6336678135588306,0.38373441500551864,0.01740826080053879,0.5908553630207296,0
0.5888925829305239,0.847108465573639,0.2799854240046468,0.5619075295628088,0.5204226356363433,0.23972507547630784,0.6937127904916781,0.5399649199666309,0.09623480743792207,0.7093299889372859,0
0.1533185750308685,0.6797524947652592,0.7928960323560763,0.6062318590131935,0.2739939135777546,0.5005946714353702,0.7537690524831657,0.7554361221587923,0.050760882501060575,0.9315925237913868,0
0.20325067171259995,0.35011639055742083,0.35031708899782776,0.4886767478866395,0.7121394322029382,0.9394183132431283,0.14096176654200743,0.29877481899781155,0.004041718422717652,0.3484165382426387,1
0.7796781930039217,1.0350143509812884,0.07385784690273674,1.095470734837034,1.1459084995449267,-0.2544808527535781,0.2872756172195286,0.0783248415244063,0.30667242784215437,0.1834511663743082,1
0.7288962818822354,0.3658472368301426,0.5656489139680525,0.9837344157180249,0.5524819016368949,0.7299979804997975,0.5545507614647835,0.2847931684231167,0.9491382481011094,0.7283206088135852,0
0.3386675646794251,0.7839934030763427,0.765175819106718,0.6699681661545892,0.39644161908060055,0.13911273050748063,0.8639282391781942,0.4305878559455214,0.27161498110889487,0.6642177009674058,0
0.07738497424654767,1.4086598687578187,0.017260357779540603,0.21375925594231016,0.157807418138887,1.4954744761921959,1.0902669774941434,-0.10044932886395297,0.719842143045335,0.31944134994678675,3
0.2948074514279724,0.44076569420383893,0.41437512769085,0.47152523754652564,0.9564524151935001,0.8767811363810096,0.13199048306930447,0.07097290695234942,0.12618414415648663,0.5602024466250863,1
0.25560486088150913,0.9158836223912229,1.0749807279216292,0.34959538709468574,0.5299083174188755,0.3841771958657407,0.7271215035267812,0.6237934325341038,0.16615484717152643,0.8129083728661962,0
0.3140053590912221,0.4556168581444425,0.9333161164126148,0.32064129323380297,0.7798799790893833,0.8519447836532178,0.3701802225939047,0.5178752438857579,0.3612968200832865,0.1451268184434955,2
0.4403569845393169,0.4648464712509444,0.5152834606778296,0.024657606235304802,0.277740459994227,0.13684602028989362,0.8919523285917689,0.6521284766801669,0.7418865088801306,0.4353877411966157,1
0.6319629366260577,0.7680810961065307,0.7912064402890202,0.32432066103993346,0.25776676330506404,0.06656216454985084,0.9779884274556576,0.5979378876395482,0.5642281911102025,0.675411522557743,1
0.7613177861856596,0.8349870901579388,0.08410096824250124,0.6566348815132799,0.887384194038444,0.3989386104252927,0.1293892896091211,0.7263876981102898,0.9040861400098383,0.41585517047942344,2
0.10166374084226824,0.6379587371235225,0.4897213091721235,0.6033492080367411,0.7211730295699058,-0.010415648739266516,0.93447631581885,0.4532230090771022,0.826529017730751,0.8894058051452042,3
0.4069025739935385,0.14744865072448338,0.33554652735924717,0.47502284950364315,1.063815027978759,0.5577983596620721,0.3456348201042947,0.007256774462805232,0.16742511098142443,0.34387279307313806,1
0.7558891167798397,0.845658935450331,0.07578366732080279,0.6536606909591169,0.881684453713151,0.3939960260812542,0.1154220954352654,0.7135420140919788,0.8895865553183939,0.4262215444540777,2
0.27260663354943687,0.4313961956311657,0.5874879148568419,0.9189172978654538,0.6007679840088687,0.5029700357089957,0.5744818618864976,0.2000224831919223,0.2306685597598313,0.20354113333172405,2
0.25610214694089856,0.5740083940301758,0.9328596524468746,0.013500157082643228,0.43272173388777974,0.6948173564207604,0.15974792447341724,0.41692949400820817,0.10584888695567021,0.8327551079788906,2
0.2893005230227561,0.4898348658661462,0.6225676164753469,-0.017803459846970765,0.32705420452353995,0.26653701292611753,0.7012909203861745,0.6647771549400392,0.7251489999000845,0.5268286898026099,1
0.24064015355037352,0.5924912026044673,0.9506891891595656,0.04649427564074495,0.40898287117986637,0.6750695909923508,0.1517458350511445,0.4064677620014915,0.11173541548190356,0.804181230832232,2
0.07821479462889486,0.2721105089807764,0.6338516095856018,0.1354342806014608,1.32002918426799,0.583354920555011,0.36374942210895717,0.6445078990741192,0.17106725361149555,1.2825242368211478,0
0.266329711458972,0.14308977020787447,0.4761726052411418,0.2501124926735189,0.5323383228689407,0.30768085508120135,0.7336017026308818,0.3453971804803743,0.3558519613920068,0.7973176929156552,0
0.4878542299262869,0.607208987996539,0.17029875416034987,0.24960096647719385,0.5261918716294042,0.9989550956384322,0.3183534667929493,0.2607229157473425,-0.28438860088033585,-0.09224089888660852,1
0.4988771364643346,0.6329910592983365,0.9133117646819396,0.0763130164841398,0.38828707933754736,1.1426227850893915,0.06266602364151672,0.6193113833534187,0.7284604464559927,0.5688735411732908,0
0.27480778513503973,0.3852574950848629,0.2918072359976899,0.5358324512889561,0.7339771677642947,0.7452193974635558,0.16099452012463988,0.27905808063772075,0.1446680982688617,0.4125530693846763,1
0.36280912686839606,0.11174294707238215,0.40118450332438993,0.40987571932955996,0.590303892624428,0.21362448588515817,0.8260070185463144,0.4437897540471353,0.36192183699509467,0.89761501124902,0
0.005222721462229241,0.504128939092972,1.1705092357695561,0.1021379541045781,0.5865024627555958,1.3133061249400293,0.32688285069190304,1.038893718846399,0.7373898599228355,1.4413238340508716,1
0.22342739523703967,0.7958810000572205,0.5240011964764566,1.0050546979901096,0.2324009646276494,0.9743935968825098,0.0021218846203211045,0.7882351144266768,1.0444512740721281,0.629643034516459,3
0.6855582074956227,0.24755070352146868,0.963384849645709,0.37296486710390103,0.7956539505383209,0.4284816316012357,0.14623779945966045,0.5830059708123796,0.32714152376441574,0.27947315064689066,0
0.7847642429514581,0.5349381250121744,0.964081922541526,-0.01154206878825026,0.4536935274964702,0.2890854388414735,0.6560113078954997,0.9010492357457249,1.005876311888251,0.32359167816993767,0
0.6564275661517734,0.3432917638648022,1.0256519138232958,0.7264779311072167,-0.08624729888297195,0.3069145533834461,-0.22551110292358117,0.2810536921612165,0.71721794787878,0.21759265026634284,3
0.7003398037645768,0.2449507428699169,0.9754830141429602,0.38427822348069485,0.8043154980439112,0.43894639337154484,0.11567861139161473,0.6042318926311645,0.35193959859790575,0.29764805491148305,0
0.635041372395231,0.17163867384161308,0.3514192707117911,0.938307908609324,0.7513508085862127,0.772429282864819,0.05138245276476007,0.18760743050001347,0.12990705173047293,0.31970866923814384,0
0.6149104827279636,0.9896508670576137,0.1598985696155628,0.3704926467906765,0.43154414855845946,0.2758783452724136,0.690145212442081,0.4237440654578888,0.06147647136968949,0.662643017210854,0
0.7671760548809006,0.4003728035894606,0.9310773776736712,0.34916404069724377,0.7610088238940753,0.4308779204182649,-0.035231023378860804,0.7278670705124899,0.18638802212946443,0.43686570481924347,0
0.3982431571824438,0.36756870955507415,1.0011073738944287,0.48169721821782185,0.9610716269313384,0.660303706961589,0.2359760972128851,0.4921057202211049,0.2465928913906561,0.023260631159142092,3
0.8571662587630574,0.008836323452961054,0.30371719276385356,0.7455097092905885,0.9786520587223907,0.5870535126913005,0.5671161600194333,0.9178310997056048,0.7248812912140833,0.5441449102935965,0
0.03939406833105413,0.08765003747782274,0.8232250579876408,0.3848850188983391,1.0402605074990232,0.11144635705460487,0.08936621669497713,0.6569085677862773,0.48963620636719163,0.7700197866628483,0
0.5590977246637001,0.7861921584773075,0.1481647459547289,0.06494367651720986,0.48124866003633054,-0.13542338188750208,0.3785578939597195,0.8126502432123992,1.0556746493827696,0.24787984107663208,1
0.05652928171346803,0.7435302273429861,0.8545090981500979,0.49022815535590414,0.368774539884484,0.39058130291420023,0.7200952983240722,0.7711011182680971,0.14147662193931618,0.9019677519884983,0
0.019118899201594153,0.2721192312763821,0.7521928073288747,-0.13977268160070588,-0.21403183994670572,0.9719366899005286,0.14679731144010744,-0.003750177483381134,0.569450121429765,0.6947779169052224,1
0.3461278236736486,0.8378199027060016,0.5909918930573905,0.3902855497426925,0.41953953534570093,0.07549240016497082,0.445815001743275,0.6275751456631995,0.006896364066041771,0.42608079330966675,0
0.14568140454128362,1.0166772167169713,0.7527865099850061,0.8227094672568165,0.28442204956411904,0.9240114252505072,1.1951526918719038,-0.28727620319875025,0.3350362988252445,0.18442835684116998,3
0.41812051755257357,-0.030487548378287377,1.0837968371032134,0.39025023283408633,1.4369273675680594,-0.1355435501060179,1.577590533320068,0.6204524431329763,0.1080785914053013,0.23995262237813741,3
-0.1222837842862406,0.14797653246445647,0.09028670005652173,0.7004986875906194,0.5811254720906643,1.0380150523567542,0.4524076379272867,0.2087696328351395,0.22416460456770124,0.1739991109018859,1
0.5817606986737548,0.024044190996268602,0.1090362587248208,0.024414806529990223,0.6951124634784537,0.5477293237634412,0.6242823315713767,0.10079796070419163,0.32725598112186677,0.94441650934531,2
0.664342088789203,0.14283170246715587,0.391509357317589,0.8241360366339828,0.8019882685414618,0.6872724156361031,0.07853557719591117,0.1520595296907194,0.22555500612736426,0.22105988103323873,0
0.24630676093149012,0.6494756807489771,0.1989584055724547,0.3053826369059687,0.6257694104896205,0.8102368405479871,0.15993081663894912,0.20522075662500328,0.3081298170463359,0.49327481780225946,1
0.3940838928403417,0.3783546597830232,0.9411892616511449,0.42736150654261046,0.892982433303311,0.7541513252153522,0.1589638429365499,0.4245857351171924,0.34100656190700374,0.012564177400863517,3
0.688746195460131,0.18346212520995847,0.8209280667591812,1.005912391132206,0.922270660825129,0.7358828040881417,0.6227173590439046,0.7537042900811247,1.0389078650493364,-0.03381890700554424,3
0.9168538717648697,0.09965236676790566,0.4463360056775853,0.5720484221483418,0.7064553388925713,-0.021347340738212622,0.22657575487817883,1.0318389746031411,0.5679838094056178,0.05412748584369724,3
0.734544863861337,0.8648395571111243,0.07512067762751658,0.6525461557014256,0.9014118861721369,0.4176359665902566,0.12864344390221835,0.7418506363895869,0.8941095457412395,0.4059283225803519,2
0.7163549052989424,0.28356351595823487,0.8039668929912626,0.8458406933462693,0.22418973720343757,0.1964345971977203,0.0566976059633571,0.25246584090441015,0.6481073358059567,0.07092989699087812,3
0.07860145929474449,0.8862776422846291,0.7780907954332618,0.7468814451783782,0.30977079989417405,0.7513906409697331,0.7601068176600682,0.05906566528063854,0.4710230816358221,0.10962536700815015,3
0.8770217855841267,0.6953716310074874,0.049299531077780887,0.8119976518991513,0.20285513028877214,0.28006798594164484,0.09229578383069253,0.9185111430029024,0.836833045444737,0.6571379312104939,3
0.680077288643625,0.8429298188095254,0.25018947967078187,0.5416572731586433,0.5302475113293302,0.3015019220943248,0.7689161081072947,0.467338532667781,0.017631712737009017,0.611145825269334,0
-0.14517031751639922,1.138660190869451,0.8566026120007909,0.5365595424659135,-0.008852119544074721,0.6509462261587023,0.8928094675117435,0.32774827811503643,0.24714712462961608,0.42033485352411737,3
-0.03151750081825566,0.4535637421834785,0.567828219024415,0.40437653412463825,0.9666166960296476,0.14144662085090393,0.968265841103626,0.7047395669964813,0.7653927743879488,1.0450567888252233,3
0.8848318572968478,0.2719735844795854,0.9067398072340502,0.8129660740922604,0.08640738189798683,0.17191353461086428,-0.06745679170010639,0.09338258932756138,0.7637094339874733,0.1258528785354574,3
0.1502323099184284,0.043936571141558994,0.2944048188668042,0.22779806501023894,0.4820618548056387,0.5448056005263268,0.7699788368456637,0.5734867132281206,0.4498587373824807,0.7478748115500284,0
0.9750351667067523,0.3211075883234447,0.6563466428170093,0.25777781886299755,0.2886531081759474,0.4035895281309557,0.4787326491780953,1.0249599852814115,0.9587351332901557,0.6320996348921843,0
0.7504939611038263,0.1759502927464981,0.9960380123445784,0.3904625986678381,0.8527942614244322,0.49622690853118545,0.15475090385482754,0.643167038896116,0.40225847786330227,0.2900337044133043,0
0.8469283684889144,0.5467214778716019,0.842697988385414,0.1783372834188927,0.4119841673788212,0.3153028688232985,0.6728975459326794,0.9639444203328904,0.9032506670564191,0.317360638409245,0
0.16724813671295155,0.9420256832778173,0.34192745657948415,0.1319543682225638,0.6415047894754065,0.9500613861390744,0.6653538326237035,0.33002472325185706,1.1389914994459887,1.3860040851702449,0
0.790966841897878,0.33672882211763444,0.08095576375961329,0.5377562659120404,0.2430627277727739,0.472635232875197,0.4722065495788936,0.11682728935523104,0.7500632803505757,0.6325682506711993,2
0.7420330602674005,0.8279516254348396,0.0960761670659265,0.6714714413790707,0.8741414925879846,0.41884565076285957,0.12911127864197167,0.7238609805911076,0.8719000229647453,0.45062010272249203,2
0.6954935958624922,0.23815856118287723,0.980645924060439,0.3872774410248481,0.8105517728639285,0.4427779556172446,0.13077490706582628,0.6001880882246967,0.3507489974986593,0.2943271919327954,0
0.749477670675828,0.8454219349674633,0.07547762643617972,0.6451309717327314,0.8698578750736334,0.4022971936224251,0.12133424596986717,0.7173663717017724,0.8891074818600366,0.4339707198361527,2
0.36642343020636603,0.7645285469938145,0.865274779027013,0.18468718302887402,0.1770900083187797,1.0042640862250334,-0.019587393917679604,0.7626816100954734,0.6689781652753667,0.6990791523703054,0
0.8224760840717354,0.9685133167465187,0.8868172794973141,0.8307509769837703,0.5821297655952015,0.9857896725887796,0.20911995598926242,0.5408868065799168,0.8043731550958453,0.3766002021675125,3
0.5209102129278889,0.5878897840527494,0.4114126099086177,0.6209205423420503,0.7831039805766287,0.6816959979599779,1.4612942934537583,0.49045462224474273,0.5648775222068099,0.6933866218424288,0
1.166756801195325,0.1681856409210775,0.6769678358371597,-0.28806409621099044,0.3035262360046684,0.20308021588848385,1.1050156668361208,-0.34026040227197496,0.1510819636248672,0.5089241136322674,2
0.5819932867426033,0.1893408599328562,0.8052450331398399,0.4164991904619406,0.04484597474897619,0.8079152808105597,0.6771582681643598,0.5494185864124793,0.5675874317354795,0.9066740855936791,1
0.2280447164235056,0.13968891384742158,0.44582268260512603,0.2684524233621287,0.5808867442848791,0.29273237202275837,0.7440980654605411,0.3366742713492742,0.37107305715686156,0.7794469778613045,0
0.6063717080775287,0.8548826023206213,0.3033233350185208,0.5362345252416544,0.5999727926887497,0.2491577330779901,0.7894047515346037,0.4698075429329862,0.011134440174241068,0.6274687565894783,0
0.3372649804631816,0.8006548298941463,0.2806003555641387,0.2958882420538874,0.3737656563248067,0.642836716084609,-0.09122848995605588,0.12274765870879648,0.17710493625220056,0.8571035015924107,1
0.28515341197375854,0.6869786297346419,0.6914356756975003,0.20830365373860635,-0.0634188595041349,0.6896885337672369,-0.02876019622590717,0.45933885395852403,0.05319194403461894,1.0504753210719089,2
0.5591599657771377,-0.23614043839185594,0.5659264233687562,0.40456720205513325,0.3148057279954606,-0.031043677893803245,0.777815683732343,0.29878165484877134,0.7043730202432464,0.5143280117492279,0
0.5030605894635366,0.7721369228385107,1.008916477421942,0.18518500279451738,0.9662407473288603,1.1445173000929234,0.3665543549743189,0.5657780439372158,0.6244655967171564,0.1793223587446423,2
0.6831806653719722,0.8839563816040964,0.03748469059467988,0.9748397065023405,0.8885410658578594,0.5020952455681238,0.1553318067688017,0.703830916672193,0.3471059926314462,0.10244072523537175,1
0.2603789058418887,0.640206655923673,0.2435648645211488,1.148578921815891,0.19420774866891982,1.1649837461631232,0.22590050851864565,0.6657125350137181,0.7230708199848577,0.46047881369763066,3
0.3090012074321581,0.778592151253285,0.8136164693667659,0.7143116118581812,0.4248887897095638,0.14728417794269028,0.7915916883598935,0.5106495041689654,0.3799416335596548,0.661813593832636,0
0.2784932456973673,0.5699529247671343,0.9600661531918285,0.035222110116155204,0.40673319952072995,0.6629819454484913,0.14192178131612562,0.39588638211048066,0.15225598767641807,0.84042232255792,2
0.7449200058941853,0.8477852776186539,0.06972179074397675,0.6515990534813452,0.8885807294399936,0.4083956196418712,0.11095121307669087,0.7157039337580351,0.8906280225681247,0.4142235427558101,2
0.1568166659233138,-0.8149027903363953,-0.11592783177813604,-0.871296534057476,1.1405951955839546,1.6947707049160394,0.42355499991547707,1.1062244207241523,0.6604748070195265,-0.26572883081717424,0
0.3275938218901946,0.658873223914544,0.4133167675529018,0.29186709148039963,0.45340828265371713,0.6644418301036463,-0.06876129970908663,-0.003088809246098237,0.12166755003946772,0.8233604099004093,1
0.7624977975660094,0.8595071961639718,0.08134676650194492,0.6613979243068588,0.871074087587611,0.39828812974827127,0.12031061915042497,0.7209141952855624,0.8983465046398953,0.4198782871088303,2
0.2570408836802674,0.4123319215856697,1.0071350002226114,0.3676151576168188,0.7654919355369072,0.8228768734040842,0.34729310686410225,0.4853241846505657,0.34709290143117444,0.2324355572807772,2
1.0232295210800557,1.2569450815657799,-0.6207071260374818,0.38190363637093216,0.5382420743351672,0.8037088054747453,0.46637128235510317,0.3805796598929988,0.41139126065303755,1.1245856078059076,0
0.13479234558655173,0.6286498373125988,0.26288692292373783,0.2641032932872096,0.28599829599651405,0.7466998061047672,0.19619979146121702,0.30325927774569306,0.6372356742435236,0.9059458933345718,1
0.01261781872198664,0.6149194517246332,0.00750468809821439,0.27662045023112247,0.8741046133508257,0.7105127028909828,0.5975281347197272,0.3386677945614602,0.8481065418933746,1.0410774340293265,0
0.5924276758468277,0.8385254885899636,0.20569170330562164,0.4744684474930842,0.6106704307222681,0.3281854872527123,0.7301251682920815,0.49024413088379765,0.08709832960333948,0.5878066619123357,0
0.5426514707303729,0.28455506484055726,0.4034952297009606,0.6958441430200071,0.5994416407243345,0.5404329876667708,0.650510214738365,0.16613071378549038,0.7920146665914753,0.41805686122563895,0
0.5691578717640112,0.678751736368439,0.6032649356781469,0.1513598298788538,0.24877194937203367,0.8170911118487711,0.4949983468714918,0.15259590485461866,0.7956154155739701,0.9693027308055118,1
0.06670146631811338,0.7173294667974556,0.9487851895644177,0.43664621957431327,0.3567394754505132,0.4052107118175541,0.6842630952626878,0.7883265142824707,0.10229123384375297,0.8417179782596534,0
0.21753083227346248,0.7548040234223655,0.41456205401842505,0.9537996528111825,0.24920203871128277,1.0071833893764162,0.06379168576473015,0.6490423222772044,0.9106092185202322,0.6138775697754857,3
0.3660659872978376,0.9839468877991724,1.2634894191949095,0.6127180390487038,0.24024825658404494,1.0961807230580984,0.4640660691627244,0.30399768398832266,0.4211959090571622,1.200261657186132,0
0.7047849083718767,-0.2654428020016012,0.7415686507691307,0.49550197483589936,1.4983153885798575,-0.02787701896146333,0.9658494267982806,0.5087687497322368,0.8047180250733904,0.27415524249188994,0
0.9741412021488616,0.2177078484014407,0.9431337668035433,1.1475503559390234,1.027711481425783,0.7752027333139837,0.8941412384141341,0.5101596433163916,1.0763691847607277,-0.1446050064257711,3
0.3550892025369461,0.4526911782225562,1.0965183884491756,0.27724210471435,0.7131761818724502,0.8574884043539774,0.41693887168542176,0.5207102911030966,0.2303602882397014,0.10843926597713102,2
0.9497477736678988,0.024587713408400144,0.63967086138927,0.6732029801106649,0.6172410990240467,0.10284419521064461,0.3523564225480366,0.9276880743207324,0.4315536831454715,0.07674525889210057,3
0.13509496501053114,0.6800455096186048,-0.11088189951949512,0.2173796331919733,0.823222706422082,0.5857890007806514,0.47055048301145785,0.5286420241363203,0.9144883982417866,1.0180454706080497,0
0.7993696173559619,0.758841317455698,0.24791795207710493,0.3167623049717615,0.91453455962703,0.7846290691937906,0.2786700852209664,0.9809849833716591,0.7969496728690568,0.30891093928340657,1
-0.07423518975244864,0.6498978932828913,0.04337536318539492,0.19547777864494753,0.6011018717955926,1.1379270870850915,-0.05188627400510781,0.49209185317954984,-0.03481931761723821,0.3393068676577213,1
0.665682427141682,0.9156615476292551,0.4684586691172329,0.36649177002635125,0.3451044705196592,0.12827429498243603,0.6466344759754824,0.6558629425030171,0.24151755668788805,0.5474569328839088,0
0.27116076679595513,0.4270121871069891,0.5869129882991565,0.9202253659799414,0.6084170344803754,0.49717065496043367,0.575724426871693,0.19763203482642372,0.23400424586866347,0.20539583182602714,2
0.37021558088913503,0.4227881904301627,0.9246409297334091,0.46936473119479016,0.9201594843628174,0.7387980635658346,0.17477315932701964,0.4142497230344886,0.3415210342720992,0.013721402049793944,3
0.353027601099398,0.3479900745874608,0.8933615326180917,0.5012536784773222,0.8952624933170106,0.7561712582879447,0.19774844591011997,0.44863565457328386,0.2971030714852473,0.04029912202247666,3
0.3337912023753439,0.20088817370204265,0.5802542717596584,0.1594121614010181,0.46518730367819033,0.24505355460742248,0.6916487225845358,0.5253508270884024,0.4453528695526969,0.5478670418124296,0
0.7092265750011223,0.10407599055381456,0.4986376173143185,0.8177842137046393,0.7499786563339991,0.5950871441160087,-0.010390994022352003,0.1416870873850541,0.1888679577035394,0.220842561847177,0
-0.23131197357380467,0.7245826937040327,0.3959052116902694,0.7653172176077123,0.8931161780423774,0.5532499303811772,0.5946162225867934,0.24027833991350778,-0.056894730229453794,0.5404636119701435,0
0.963743687168552,1.558872464567786,1.5526357769288621,1.6417163803743933,0.29446719333056876,0.5886620327807185,-0.3527239660908794,-0.02312618313790249,-0.026743058251638807,-0.006852749847087725,3
0.6914851900051241,0.8871183942945741,0.038065256810095,0.9737587636384921,0.8854991264198168,0.5101719173063721,0.16227735652204558,0.6945678691753087,0.35438477175143246,0.10294573797859258,1
0.2050347937100125,0.4222896437831896,0.3153421790136167,0.4604926472551808,0.7280365847323288,0.8666416400674971,0.16024276355129802,0.24006073876550374,0.09370217246849606,0.32053028457231675,1
0.32495320775215486,0.8519718362691675,0.08205453024465123,0.7192680745594205,0.18881687782335593,0.371264120360367,0.7112230981065131,0.3009556685652279,0.5689262750979031,0.8544706274330354,1
0.585170247765168,0.35070769322324397,0.3803244844969961,0.6286766005488544,0.6547994898924201,0.5504273836945546,0.6095852823323418,0.20745722967821736,0.6899238154242647,0.47459632278303754,0
0.27250799844133317,0.4308620291352853,0.5852045907753818,0.9183936856476392,0.6049664355182396,0.4999729835869843,0.5783154948748881,0.1963525084706581,0.23515530387830152,0.2075049939318161,2
0.7083556841676277,0.6554785811557895,0.2667755393076616,0.32804785928780605,0.8681796821960264,0.7725044151972144,0.2071021729570565,0.928985047245577,0.6994415088936643,0.24054684510334645,1
0.806774074809263,0.7462502486946049,0.24172136235669028,0.3179898479502569,0.9036830894860868,0.7922963626922328,0.28810267573777704,0.9860245507237787,0.7914762259566956,0.29880187133354463,1
0.03215083591572207,-0.27025608428492914,0.2703369173061536,0.5209677788165588,0.9025356043409267,0.0640429521636307,1.0013187642530996,0.18423327862129535,-0.02682253062848866,0.7323999191765126,0
1.2467340370181152,0.666784787434793,1.0650414635666965,0.45739170572065757,0.7591927007154613,0.49885152856064446,1.1554753347898505,0.2755417904457701,1.185760399124797,0.18243494162514923,0
0.836474092270074,0.3748590852865603,0.7643060655281684,-0.04626342128128455,0.3918247015803446,0.44451946072955284,0.8352424183489563,0.8046398569994171,0.9766212954359227,0.5554409623466743,0
0.3313680684462905,0.808922393671628,0.08738010353140904,0.6523482728244179,0.15406368265009351,0.45798330478063287,0.7352370972019244,0.27275404477892606,0.5560360740075434,0.8206731918010037,1
0.274556303110464,0.9695592927378005,-0.565334807060655,0.08157046606270615,0.1516039455706648,0.8405023699896461,0.20657329722241213,-0.048799722848274885,0.44868633405996156,1.0694976269587202,0
0.6534998761621144,-0.2420630449727264,0.36393610216109606,-0.10857048808137465,0.6222785277131478,0.24532609142919565,0.6703833156947331,0.24875544079310555,0.01602969627702816,1.1154593517188833,2
0.2738512081733537,0.4293433518666018,0.5858390848069407,0.9166939422934942,0.6063035482332807,0.4981465355579639,0.5797378674212083,0.19844695415387162,0.23360943297892214,0.20913479559889858,2
0.49891682513850477,0.33527129176568216,0.8751843059335285,0.23728318521122513,0.11324266547360577,0.5834471274953175,0.7593429547923356,0.7376040866217539,0.5621708414080946,0.8244253509069022,1
0.058354598844094885,0.3173191080260833,1.1890875436569404,0.30644982615549266,1.2150529353782504,0.7868772453662977,-0.07233192417762074,0.22282620576126344,0.22998248025077828,-0.022628583843180117,2
0.9024047925534693,0.9606198698399409,0.8435820358758838,0.8760885963212834,0.5763952518394434,1.0172383687301403,0.1208619368595513,0.5625700000328477,0.7148655153133417,0.43742076821633535,3
0.7717321408357625,1.0411815851369284,0.20204693556119696,0.9327603114521708,0.32576711039997375,0.26336753985843947,0.724914761835083,0.2447273376022971,0.8860896894726908,0.5475839586205619,0
-0.08529642637790097,0.6973512487041529,0.7327327469116256,0.5187774550949877,0.5003801734839431,0.2886331471351698,0.5471678826075208,0.6686335211515413,0.21518536612963332,0.7303886189154695,0
0.10087504935120568,0.5845946091716212,0.10844339300661163,0.25522111004361436,0.8168073544542561,0.8162388594865686,0.5459167431975978,0.5090368084509115,0.9406051545897879,1.0911260370902311,0
0.1562830483325443,1.1123353377804075,0.570092404685824,0.058613132064789464,0.02006837821940008,0.7911482012849806,0.3361662218350567,0.43339431923519944,0.3350729418623223,0.6045981546056567,0
0.7599995902502297,1.080514961155011,0.8239919503138287,0.8877283589542534,0.48814549733247875,0.9821096217077779,0.1044562622648931,0.4716074907639469,0.7774610807223562,0.548913715107941,3
0.0774215268893985,0.6200141374166938,0.45267156295696853,0.6205577428895804,0.7128274027025885,0.011094990117900804,0.9519561764047522,0.44168390019020426,0.8511300996142216,0.8775080470245143,3
0.1383234206797565,0.6931124336103005,0.5139249298426797,0.98016246339414,0.23314161404419728,0.8928039812471145,0.09574644870599512,0.6913583761286634,1.0014409371864006,0.6421367198677945,3
0.2567623899084787,0.5839818881237419,0.9542212079149651,0.011810625330905482,0.4101917351925064,0.6724454020283088,0.13496159788036868,0.4200072833433877,0.11667959197888439,0.8190280731046333,2
0.8558592758178332,0.77334103941479,0.11390337016347754,0.7326196537385019,0.11288205294916864,0.3256837517776904,0.05624234505250998,0.9777826653470483,0.8216222244531635,0.6753986068211391,3
0.33808497823821304,0.08070008664262769,0.3943585052275798,0.19085633490338955,0.4829648493110449,0.2800940675277844,0.6599545489908204,0.4069014612799047,0.40302620400909983,0.7814419477164452,0
0.9207953545171395,0.716864450191804,0.07650995377342247,0.7629551838478101,0.16551919850308505,0.29406002411840465,0.14063715215341366,0.9027972590268208,0.8450179465049057,0.6430376512881555,3
0.6852186492836115,0.0700816435294316,0.14807710568996818,0.7785418270940783,0.9247688455658889,0.5396725471164312,0.3708288861709086,1.024614093347876,0.7472306024953241,0.6330457905751027,0
0.9245264105376825,0.8949496752997185,0.9226611280597449,0.9460581142007364,0.6306125760196873,1.0211373775373553,0.143364282189552,0.5335881059099145,0.7888847217474998,0.4569802348379585,3
0.5142170929524597,0.1529270255076096,0.771490207987275,0.4773873982489096,0.12079349373033528,0.7143801190442244,0.7488776429079784,0.5322790416690883,0.5647233488393206,0.9165773010732379,1
0.5616945501593466,0.49163716163139043,0.7314534969622215,0.841640267874284,-0.1574709294917406,0.7154392213146331,0.4762666786944373,0.8113980088494449,0.34992514586394663,1.324736088306034,1
0.5744096693668791,1.2884850238312853,0.4905263067215816,0.8075216641478269,0.31434557050909306,0.6631421383966354,1.196943621512311,0.48647285373291294,0.9806603417797225,0.71276552872606,0
0.7265985405509157,0.8989721534224151,0.40974391380981534,0.3240884653269856,0.13692919641274,0.7440232592243219,0.4210881035011646,0.169860719366989,0.6059003475922256,1.0149056645094603,1
0.014711619535435011,0.4482397842436061,0.37624243803549184,-0.05478922375562739,0.546092923858093,0.08138938979745139,0.6117703487310149,0.5758227343977935,0.056451306882112584,0.9469744768966547,0
0.5120967057568562,1.2286109131200493,0.30645870469690106,0.6684151368280216,0.11096278179717325,0.735435510307251,0.8672192279628663,0.4020877220249922,0.9472811930935954,-0.05993658805781227,1
0.41339961704297473,0.9215790287556705,0.007331276455864774,0.584224157296942,0.006289469874051906,0.35094659913042303,0.8399440510985848,0.21881574353439684,0.4668086651010122,0.75344326198228,1
0.34807894630108654,0.8110820130175636,0.7699271140846329,0.6772641450291309,0.4649162710469026,0.13129833238514835,0.7905638022626555,0.47067118545474745,0.3125443157348994,0.7082765857715256,0
0.5580449211202353,0.3195311290787273,0.9541913295982316,0.46050079769482,0.8346049939147142,0.45805143251793834,0.18978518556139762,0.6976440591750322,0.25801291422148864,0.4002132701137894,0
0.5912409969880298,0.45588088643895713,-0.029463524364339105,0.34883775639380793,0.13612483265556388,0.7647218610312343,0.6264084703412833,0.5047801940606484,0.49158499310464676,0.5883741125424544,1
0.8406773605699507,0.7315184017514254,0.19529233147457173,0.25901343848482855,0.9024437687804326,0.8044977762482869,0.21372571689337352,0.9840958987501395,0.7315818037628445,0.2773870627619863,1
0.9600479458959463,-0.11273461723424355,0.7313137724220374,1.3340763431561122,0.5627836751147255,1.0273527809509666,0.6076268460553408,0.8352715094275559,1.3213322675229389,-0.30882927027342916,3
0.6095070829685044,0.8148503284832128,0.2105312183154166,0.5312744237744758,0.5574761335047492,0.28664121157152916,0.7247314010319217,0.44855822020892927,0.12783765858139307,0.6313703768774801,0
1.120249337769935,0.42162741838218565,0.12140029925424134,1.3837597634790058,0.5206777315120871,0.6359201307742159,-0.42744342029277993,0.415926987008151,0.9567481621913355,0.31235414363512953,3
0.3584846796090626,0.28180025613543946,-0.3571055865694735,-0.1325440991834121,1.2445423669867568,0.41295701366273896,0.4303622011353711,0.9696147501210919,1.2166251390068545,0.4330473150742312,0
0.2848439771879776,0.07598718620457162,0.11757864985095604,0.2596476839900676,0.6995724949151164,1.0867328437008035,-0.014976440852571382,0.4303929629835941,-0.13107888890383224,0.7508077600700662,1
1.310055965181828,-0.46505283185522794,0.3884496739927228,-0.39151937046603064,1.4387844278222992,1.0495891069434014,1.0302012205097353,0.2715923934459164,-0.5193250691222043,0.40167007559564927,2
0.2658932822422021,0.6050502967791813,0.43513618844095814,0.6069044811515287,0.5534567983498905,0.13721783651541897,0.8113114612605252,0.5738098964695668,0.9657997011073813,0.9826465681784782,3
0.42670339658083356,-0.18978124811218716,0.3866137562312164,0.09036394666610052,0.386809739187822,0.6451374125691832,0.920546918265924,-0.04386871160298142,0.20723549950156359,0.8028930133541822,2
0.36992133298080804,1.3881913833003716,1.292248719110157,0.6779492044577939,0.48339398080508905,0.5638626944846578,0.0878261275687362,1.225443632453316,0.8766517824254548,0.9530202774064827,0
0.2770545919002152,0.760562120302563,0.4346767025552144,0.9616145965963759,0.29058036548918614,0.9360805481968918,0.04144196732145059,0.7184222937494591,0.9709851858274086,0.6563787771859946,3
0.2849382265923123,0.7425021480218963,0.47099592985666466,0.9209445452599504,0.29929992935070443,0.9663343209884622,0.06204465508473537,0.6833249877997223,0.9991002542395478,0.556291861549993,3
0.7504369933084206,0.8467679079376822,0.07417172174984032,0.6539973287938571,0.8775417284143936,0.39772426988855514,0.12245445943586764,0.7157951484016993,0.8962681682592065,0.4267059181606806,2
0.8149155558282167,0.35453648571269447,0.8310783053099358,0.6576101076689014,0.14977350427940384,0.27023885757645844,-0.00945205832103401,0.21197811143176742,0.5741196647804954,0.02942724995661275,3
0.5686791596706707,0.19825266856303356,0.7962629221052496,0.46760344169994406,0.12220674783882796,0.7678706276011299,0.7031742025285248,0.5966482685006506,0.5547152367325723,0.9619833593769537,1
0.642770553342325,0.8326168726942155,-0.131014988224968,0.5057511365263374,0.2685010519039063,0.38925481041396265,0.5573536956909411,0.44682791594709165,0.2930516467777621,1.0925095549440877,1
0.63923526543982,0.9117829866906266,0.21595779365400622,0.5134765650282159,0.5717593112133178,0.2685106658163775,0.7225809545247062,0.4983669319821728,0.047121237879802644,0.6485362905571743,0
0.25950538438214993,0.7761271981286753,0.3310491263488545,0.29283305322735564,0.40664427130094827,0.7773621561946062,-0.050884153583485726,0.11191801361728532,0.20305947806189156,0.793528558811811,1
0.2493616880209984,0.39457458590043376,0.3552570314336383,0.4669280051315567,0.7073744132651201,0.8977860608814938,0.156685480070391,0.22914746582306947,0.1332020990978088,0.32123202753644503,1
0.5660159407199171,0.32883063257357203,0.32808123449428933,0.7272481171056165,0.5865471278352031,0.5421425341526103,0.6792349783791325,0.17333502002056547,0.787010131790256,0.45380485118570346,0
0.6449594534532731,0.7947773106733667,0.13730627373677218,0.7472861389227565,0.08647432656162528,0.2701340103863749,0.938441177892562,0.3151924451386145,0.8190635628896256,0.3913786702071335,0
0.22834001618217292,0.559925045355725,0.9522177095268191,0.0440603629917544,0.43117836602956666,0.6641548664201591,0.16120663298428767,0.3734927119468156,0.10323346128632312,0.7873512649895686,2
-0.2644191198403153,-0.019517241501923466,0.18547311668251215,-0.18288665330677506,0.5861592702470523,0.6811092918315595,1.1228688536964033,-0.14051772486984165,0.0917706651740065,1.3434537785625076,0
0.41308858257643927,0.37528450349107206,0.17800998216550745,0.5737177757910049,0.8356770542185454,0.958965373147666,0.11109445773759535,0.19908126258186434,0.029192964164599586,0.5032237570977924,1
0.663368017225719,0.020158673576661096,0.6735759216336191,0.6240812947340822,0.38787538007427136,0.06933268766110956,0.3233746089326254,0.4775609044621854,0.5337952759474561,1.2184201127801513,0
0.06972187209184627,0.2523244787227627,0.3989799673259955,0.034096518547337015,0.34772747866744913,-0.00033435726917291353,0.5914920564395646,0.956642512892138,0.5333716770057249,0.19842652084942564,1
0.7813412555809806,0.3745695239661282,0.030979803320200887,0.58997946441186,0.16248194590539727,0.4653247335205422,0.45078274201084195,0.051748000532673616,0.8413507430333816,0.5962460685526165,2
0.7523501827377882,0.13556836744175593,0.9940665980436723,0.5012925573119221,0.7610310987706105,0.36131364277057504,0.13626170726589543,0.6249752164574668,0.22370802765996772,0.1977238533726669,0
0.36919738891352216,0.3978122705115344,0.9489974758684597,0.4735324641767843,0.8921527682858109,0.7588431289153031,0.15572824980712408,0.39994630878102877,0.3486253474915197,0.05191572539094608,3
0.35967711617047804,0.18577845767530812,1.0485759636579266,0.46417755335873784,0.9437478672546616,0.6324224124759172,0.3506469318645456,0.6090675051943757,0.9208777634253482,0.9835705894990338,0
0.4847787894290652,0.498579648708573,1.2077008781387546,0.10422839162735847,0.6391341729187687,0.6514504166917436,0.04881035731526513,0.5151695702000357,0.2562355638738565,0.3293474316163965,0
0.7006488161376274,0.32117546869283786,0.5620359833527914,0.9666551962981813,0.5813535187859804,0.6836154708731214,0.5776398594068994,0.23897102449707908,0.9438297426279939,0.6755944952624856,0
0.528630124898479,0.24518187483297996,0.7777985367217756,0.5310153869263783,0.11176450124837761,0.7128065225671449,0.636590119061814,0.6614322161494273,0.5945613934796592,0.9606526131483347,1
0.32090187718418256,0.26972976635409623,0.8259094572129455,0.5702846496278887,0.7101356539287108,0.3889893737827814,0.34253150233386315,0.6895726003626752,0.7450739378731205,0.9819197203039559,0
0.6532585186498385,0.7651223070271793,0.45429688167353394,0.7248409238659496,0.5421864740151661,0.8714981795937067,0.30122791098268653,1.187729731580845,0.4479908281765643,0.41346896265282873,0
0.7983266175030554,0.7725776474323646,0.22820209664861588,0.32340370140253544,0.9324360064542753,0.7917695551880689,0.2573307295455673,0.9906842156883668,0.779529899690413,0.3018706377196243,1
0.1686173078421715,0.11050663644451039,0.6118707863378341,0.5101715941558261,0.6019449351370232,0.20561884269741254,0.9601813301206588,0.542547220533347,0.5388686079723389,1.0204675590446581,0
1.0867152757390959,0.035695946795256006,0.7924511940812538,0.7336182203392316,0.6418668941735285,0.3165715475047237,0.5028456050705574,0.9505010538446277,0.4894334372268895,0.1937009037521584,3
0.24008210742613842,0.8533725276243816,-0.12640670832025397,0.03151899731717123,0.8829807933388907,0.8099227623801851,0.6607668503828972,0.6023014627365223,0.9175774984491714,0.8148431511741955,0
0.23294293073088776,0.46869806497337785,0.9044292693910954,0.45914423324745035,0.743950632294027,0.8095577600792702,0.3977757233395032,0.5554360758141142,0.34322485421822924,0.28305974937845885,2
0.8037982063797622,0.7937731416421457,0.03443721038308004,0.6788388028425851,0.9002977124781626,0.3998606285458351,0.12395697205440459,0.7114017974564762,0.9016832541256405,0.4461385805532197,2
0.7452775113514021,0.8554939832786234,0.0665976897815827,0.6649673781748359,0.890294840537832,0.40126432953139135,0.12498028863332336,0.7245467838882903,0.8810354590939581,0.41532416209423617,2
0.4540511150370009,0.5828295386200892,0.6165370436895261,0.4835413204182743,0.6249795301803032,0.12718215997140422,0.8493890179028192,0.47719115902730447,0.19387872424241778,0.9013371525158224,0
0.8671982411493131,0.5910893121258141,1.0748925029467424,0.549495717515413,0.16998308981909888,0.21838351761307284,0.08376023343612465,0.11406182444748178,0.8424877274962764,0.07765669609179894,3
0.9631389955513499,0.039826541533024326,0.6677399624156487,0.2788718314922979,0.9168009588985635,0.3242348061302765,0.30281862253631053,0.9492087011485687,0.7708339484710269,0.7472353785216833,2
0.3881408265975458,0.6997728840117822,0.3951745995790711,0.3601707886639849,0.5386716285408103,0.7590002393928195,0.12243804833014345,0.17271206339371686,0.050867272661391606,0.6641279374608567,1
0.7146087816208396,0.12794421380421217,0.4521070425045251,0.8160187242522314,0.8040357896447087,0.665419412807062,0.03451085344443919,0.1379290268153481,0.19288859651672813,0.19017760397963113,0
0.007772131172977204,0.7571741429971975,0.8052308530139665,0.41677278560006725,0.39076978373428595,0.3260541475702503,0.6738993808572242,0.7986139352903047,0.09865086885984851,1.001665106934609,0
0.525549618709932,0.3618061038241607,0.37659501710549625,-0.24003191425482995,0.8004234732315887,0.0740683001683648,1.318528331143407,0.6853761179713271,0.9043098684458113,0.5382833274050818,1
0.6130689137917156,0.8498407430071041,0.2147092752359308,0.4767674253270215,0.5415803002420337,0.2525648438819157,0.711448819374176,0.490286409577387,0.08201875973360498,0.6166403220774098,0
0.30799606068942226,0.7807202766596882,0.12859305800616905,0.7162888079600672,0.1525558757374155,0.29477889798209,0.8041581235673554,0.42797129364597364,0.4479626060429551,0.7423106166467626,1
0.3831882440137565,0.9117618430296366,0.40844121773899966,0.6646353733281618,0.7206457266018357,-0.326511905870384,0.9145823320052813,0.752262292206974,0.9767107223674047,0.5687637381222609,3
0.19410404770511744,0.5996147902658799,0.4922761264723904,0.5662447839771177,-0.2661770260608871,0.8197499142076627,-0.06061511639154782,0.5101791950361972,0.05288699272977214,0.5575564833992335,2
0.35163810574340465,0.5009425628316564,0.5888007289132832,0.08253782052959578,0.3980922071120309,0.2152753056709554,0.7903026642884767,0.6736557338612905,0.7168399638046324,0.41277156812544785,1
0.12031518101785485,0.7467164213485492,0.9054614486091884,0.4915720253855643,0.41862405527060276,0.43403317121553053,0.6739339041134655,0.7405382779884487,0.18895304440846764,0.9375018378111549,0
1.0246992358951392,-0.07271408809611289,0.7566306583919294,0.7787946001992279,0.737789752508941,0.21633348850082054,0.46407776438022774,0.7585431201419699,0.3369566574469798,-0.02865417982304582,3
0.04215592171784255,0.9942427956261383,0.8571762979575841,0.5039041971013105,0.2518948708685383,1.0080356374893364,0.5716338681612754,0.09228353470665064,0.44864910163607163,0.08709819529235513,3
-0.020723706649590223,-0.2584895840351456,-0.11572471376828566,-0.12222891369642289,1.3866525732411388,0.28382648124026566,1.1183289153476763,0.14041650167243147,0.7126238630175002,0.255373394162953,2
0.056725189246537557,0.726042885764844,0.773191329084724,0.49778864455359884,0.7383963693438065,-0.2639384656348591,1.2274015505787987,0.7013720239392552,0.6514915196475929,0.7878635006321422,3
0.8463079544936863,0.3173190471763953,-0.005340984292002998,0.605149847706216,0.3325222328464144,0.60478670291983,0.4909546109520963,0.12164850771922778,0.7863046711217722,0.6814035763656109,2
0.04392314722062614,0.8775605952757484,0.807281758972064,0.7621035137552189,0.29633330461182406,0.770919801485501,0.8669227005257247,0.024091499903547114,0.48358265771296044,0.11250649739475055,3
0.053950518657152564,0.9709756892324352,0.7232278275187954,0.7474954408725045,0.17288343172772114,0.8765785908118849,0.7674183388742313,0.06020524729571116,0.4855020363781404,0.20500527330536217,3
0.7975107710292617,0.15175996094090088,-0.03906234167908018,-0.040877079290936126,0.675278905785323,0.48246647066379134,0.8009334345158157,0.17119098726159707,0.3065928128312599,0.8450359332379979,2
0.8139915861368987,0.72379128746838,0.20581284988416676,0.3669399724618296,0.9740649653498274,0.7457618883613366,0.25562827869076477,0.9896919664252551,0.8323423868786072,0.32741872091822055,1
0.6893497798096677,-0.0061031785187800405,0.7703555327335199,0.5458116062648342,0.6976546848439596,0.1407196672429987,0.6243739683567477,0.8164045872414116,0.2907989931157521,0.03152602903114311,3
-0.03794243403957767,0.7856174045159586,0.8746315085239471,0.4442581694399327,0.31747232964095273,0.25999350423280204,0.7402182194383518,0.8105128376507279,0.08568919858654915,0.8457296081912374,0
0.8397110791608378,0.3957548671021836,0.9185000319374722,0.12376908563535254,0.5225682805025194,0.23448265227315995,0.693437605238842,0.8946588281005743,0.9260025742168416,0.3411573186738763,0
0.9075322879847088,0.04723854638603733,0.6168829390449936,0.6443786662093158,0.652904025401108,0.14692648765459274,0.3797275351200289,0.9110492408890075,0.46663833962382956,0.031688384990159586,3
0.6873801577210522,0.8849217099877862,0.04166203687716444,0.9732165087960895,0.8898791591507811,0.5054173208868117,0.15683322160297863,0.7034141752375362,0.34289490905087966,0.10726043231049669,1
0.03615799955955959,-0.15482161642487413,0.3154972420375311,0.5714874904833618,0.2821261299664277,0.5695183563169681,0.6512510477158984,0.22025036089339986,-0.2141028307938186,0.038468449433365526,1
0.4008498848062816,0.18252000091619217,0.501606532485303,0.12223392845877218,0.6156196385957957,0.1902098917497556,0.7064059031987241,0.15036379128124408,0.4010867718993253,0.9130779016152148,0
0.5944562323775908,0.7404101978773149,0.6345486248854578,0.14037716241064152,0.440073666165547,0.8458816793390449,0.7567192826722698,0.5474687674531089,1.0615185400091647,1.1476401073702531,1
0.6136948175977633,0.8834370161611462,0.2682163941223308,0.4865616604770125,0.5543775722552643,0.3176826331568773,0.7156404412456971,0.4938747070912208,0.06836128291788524,0.6718267159672215,0
0.736010995892185,0.8327679742752198,0.08133006516315887,0.6410754116444853,0.8865339306216807,0.38852835992272466,0.12676669300581808,0.7086400179471459,0.8951781568231142,0.4080273388640756,2
0.6336541815477734,1.4478591296864056,1.0199754344004748,0.8546456946588181,-0.00802342340862583,-0.09880651480690353,0.8455016746733524,0.6994727510877892,0.6571100046898315,1.0307600481321229,3
-0.005146315720471542,0.6790388345177363,0.8224038676023523,0.48297234932848354,0.3912014345259138,0.3938963943393471,0.7858762672839714,0.7695312574214088,0.07926109940242416,1.0444545188482706,0
0.5474685360849133,0.6053331219242895,1.116969430590616,0.0462562035716462,0.5210232351568795,1.2732961040661852,0.02477192031553,1.0298064033006304,0.6710309075756344,0.925622161177033,0
0.9058747642227997,0.046607919553446224,0.6213116203594043,0.6406698089441363,0.6451639374024176,0.15290284667456003,0.3704458105307035,0.919795063465756,0.4609957514529596,0.04227276067611352,3
0.4187398315242739,0.5507264963547857,0.7874350822068675,0.45575397291166503,0.08237430181216507,0.8713154710700561,0.2797030716652549,0.5176925787084719,0.7043279864638466,0.544614603037817,0
0.35733318769267897,0.8247276170673091,0.7582782235452314,0.6688178582405598,0.46056915865534453,0.11916588542887888,0.788262544626004,0.48497725955909815,0.29426350262300793,0.6926093341119944,0
0.23093379351166882,0.8479193122348249,0.4199320911548054,0.7814114154455352,0.2352666267068108,0.8361631737479264,0.2679254959573324,0.6248008038748586,1.017552829412444,0.6303433260355429,3
0.7082096045208401,0.6727406460779503,0.28815355053407177,0.33959982599743627,0.9118805025981219,0.7837239050355244,0.19057135130479247,0.9382135026490622,0.8954728342958492,0.28540805879285996,1
0.1369004501089763,0.3506883410472995,0.2866221271245302,0.41222960908237627,0.6592145828384319,0.7970277964460506,0.2033167685571264,0.3209841996577561,0.14646623288310678,0.34314839446946593,1
0.5731656221330714,0.547131850637828,0.11713581233847853,0.7288995239519729,0.3567290349089518,0.3267041510879496,0.5270465046581794,0.0320795650044504,1.019477471519347,0.5268272159665437,0
0.29116534822937495,0.6958049833678055,0.4084566111707817,0.3053477200019417,0.420574735486021,0.732165708021879,0.004452545099379807,0.0631139989425932,0.10158617851245368,0.7621200717780905,1
0.3369486748763221,0.8510461848647863,0.15621280832637566,0.5579348250988838,0.11341310567219139,0.36054627492324887,0.8576675128202011,0.4157320987162311,0.6999036172089337,0.954104300734337,1
0.7142779322847681,0.2651598950465557,0.17815680969009187,0.6510690677080542,0.4761768110793192,0.591869964162061,0.761350947221365,0.061382756937790564,0.5462341079739053,0.16754917295214128,1
0.3421868097689125,0.7105221112801879,1.048917558153559,0.6954812322097002,0.2727272065929366,0.4071532986512026,0.4628010917249461,0.6138207763562024,0.8130583520060857,1.327605674661308,0
0.7170346637418239,0.2803684303558362,0.9800324660697775,0.3658320736514883,0.8402040525783684,0.43625833866307234,0.16002673721220365,0.6138767427835822,0.3039146847496363,0.32383477951014555,0
0.45578775786451375,0.9315484406946197,0.04424869920608197,0.6617465549778521,0.09689382262422921,0.41694111372908343,0.7044274888783282,0.26738036191919146,0.4979834595196736,0.7905990031366983,1
0.9353511206555509,0.9190819038977319,0.8665587632400938,0.8894143042952013,0.6189947499068464,0.9931760446636558,0.10099947301178697,0.5167919876117965,0.6765140170802428,0.487028052334877,3
-0.1235225867586685,0.5132494628390116,0.6218562638598238,0.7968887005089014,1.5385494584773982,1.113125690321895,0.2745440537202172,0.6643601969156803,1.4210671072908094,0.6867662024540796,0
0.6804137086437226,0.8839314587622715,0.03642632413481446,0.9746524715884063,0.8910403080290555,0.5026280396333561,0.15786592027247728,0.7012840220736597,0.34948947825714105,0.10090701111503446,1
0.6482048883766492,0.8772135783874492,0.2716686487072118,0.5072158502035152,0.5498269093588447,0.31922749716629634,0.7321143692951003,0.4753541131500595,0.06043376285197037,0.6546185828718013,0
0.6946664955578127,0.1364328964488776,0.49772937318555827,0.8394840925022337,0.7592049675163057,0.6841957307262914,0.016296581382435553,0.14034663605399353,0.20482683857691958,0.17787442016056618,0
0.11246941420274714,0.9866865066774314,0.6344960955776249,0.3209737132008711,0.2853187934740883,0.5639820225369007,0.7638815590143699,0.8496252030935394,0.29668893784321865,0.646919958794437,0
0.36529954534841363,0.08318858711598112,0.8521532521571826,0.3239843682357438,0.6203238815555187,0.5812798217025315,0.5427490561202447,0.45644211552297376,0.49490590719118466,1.1827647811245452,0
0.5635247282748228,0.9110155217257113,0.19028393495261398,0.5424954917162019,0.5609369637709738,0.42421533566571024,0.6992897504788961,0.447358030852445,0.06081532649120447,0.7213052644086666,0
0.2907805561391769,0.9067582680646733,0.11274460113541582,0.8627247380313297,0.24775393197652165,0.36295829300020077,0.7580576649622639,0.47345244016320487,0.45250021644705996,0.6836985559003165,1
0.6009708678575465,0.2543800775151618,0.520244731300153,0.6788147991709205,1.2214761673675734,0.7715307428017043,0.5273710249393113,1.1621941690909598,0.5722558569770725,0.29344606935854145,0
-0.05431297087834763,0.46483891331631044,0.18906666265395755,0.32916314274728764,0.7553523073594182,0.2332870800191579,1.0937398753654393,0.5177525831126532,0.1128965163010453,1.1603706262263196,0
0.7039373670233807,0.31452211939982394,0.5661049883604155,0.9775593146618325,0.5799471696038394,0.683066883539971,0.5791968609659336,0.2447753953799713,0.9441823370079938,0.682840459632805,0
0.31015011482420296,-0.08276479590978619,0.6843701153958296,0.32367724296147027,0.6071751295696624,0.008413238845208781,0.9963693862297984,0.1562174187063307,0.5411173547745629,0.8344079828267108,0
0.6808388259647943,0.8782872378697916,0.03610141888670986,0.9766331632727256,0.8829918968716037,0.5038397189041773,0.15484101662723485,0.6993458989631941,0.34773929269247655,0.09694404243292074,1
0.688444906883364,0.7794959545658092,0.3547483070143572,0.4187909993995537,0.6197739379808772,0.2893821703518174,0.9151147515978091,0.6146402941821495,0.2797770897176817,0.720853136185569,0
0.642043173130888,0.06973061102852536,0.41264461942895825,0.7378156732488291,0.7488924519413984,0.6875435916381868,0.002926682238297694,0.21514608877466024,0.10776775056992159,0.26972032779538646,0
0.6919336449489452,0.2353971655674725,0.9837705001831072,0.38568283181075896,0.8024648084585412,0.43283029464391165,0.11837124616366577,0.6013582301792024,0.3460674932887349,0.2927225918494271,0
0.2606744494139612,0.9020751796596822,0.3802329280297843,0.7600386568983707,0.1425983478415643,0.9455683501541008,0.1721301283965686,0.8422167175330704,1.0547074142146797,0.8027605889407801,3
0.7544281811453272,0.2776563339142191,0.22159607755161012,0.7553004951661515,0.4451327818955034,0.7223785449912218,0.7370623339012193,0.055841267718069555,0.427172857098501,0.19171655155396564,1
0.481308652966796,0.1915316784542067,0.3644862265104933,0.7259231443680623,0.757198100531481,0.5338634739759152,0.5531171455788492,0.286678631069161,0.9422526558210809,0.4134799103342453,0
0.6990330616201019,0.6345399796801494,0.4694146616684907,0.3067093952713776,-0.2115779235530858,0.3665143006305055,0.27726968030049004,1.367427694848107,0.2708626970620258,0.6183807126857727,0
0.6400911080886489,0.8774816184302251,0.26276231389617083,0.5037704291753555,0.5588674565473574,0.3129644886637425,0.7268231976600362,0.4743863964010168,0.06636861575145456,0.6461212731749355,0
0.6653237606523289,0.06867638808686943,0.7500936031306136,0.37772096545965733,0.20930292229051833,0.7939537842852602,0.5654785901776215,0.4797295809194534,0.5021650260641468,0.8245482956547096,1
0.27218361785971307,0.4283903241334229,0.5883380009457938,0.9197037406315355,0.6028985564937717,0.5011254061065321,0.5798659492430343,0.19759029196991015,0.2313240458527282,0.2103409707178594,2
1.7275794591511349,0.17790630393090884,0.03455908738323099,0.5938204692307327,-0.34840348243249875,0.16189088397253343,0.1313255553626813,1.5050845218073101,1.8048795096098549,1.5358782010341017,0
0.16419618766037097,0.1360447880593688,0.2974127163384571,0.14208950823285774,0.3310076929888019,0.40168925285065343,0.6332606649342769,0.009431094399204698,0.4827868212406047,0.9453654072377895,0
0.5601199018906557,0.04403100409945265,0.4918835126366472,-0.06679473426997906,1.0766831422662406,0.9664528647390727,0.30607707277198676,-0.14423933856484755,0.46760345008958026,0.00883080889614496,1
0.602848330459766,0.608552269149272,0.5321594113213498,0.3945272403973882,0.7959638084691174,0.6376210282585358,0.44620614342257814,-0.004844763562906529,0.6375011533697568,0.39647358527812293,0
1.022210617279071,0.1531917409928367,0.37014268683650253,0.7011576499817388,0.8162119565927983,0.7282207705812604,0.6156878714072234,1.0092474274623993,0.5918138521582192,0.5584339567826895,0
0.8142066957279699,0.4213579548197337,0.9229905317815911,0.7570296878440104,0.11523451162039956,0.29304082696021244,0.05622534677986503,0.2271185363349016,0.62197156301849,0.14560350395228686,3
0.4080190221213029,0.7720488950899913,0.7585333200657747,0.6083389640886933,0.5487687208057572,0.03050827232099919,0.828610175982086,0.5940150695038361,0.43297690928636595,0.6980833726888498,0
0.23057120217756116,0.4465830901319102,0.2997922568527361,0.4924419267779469,0.7300118431887653,0.852764173062266,0.09034890693747336,0.29233162824480324,0.09575546797892681,0.2833985556912715,1
0.6816962742950439,0.8885433780183405,0.04071017783901222,0.9700834010584338,0.8850558342918549,0.5061236199605921,0.1553972993071481,0.7074335959633296,0.3519174339472122,0.10235476846993893,1
0.3221188547190823,0.5279446566689495,1.2755211544412006,0.2782686273079694,-0.034353514191328385,0.9640812543461128,0.39640103985333935,0.8432584241810958,-0.05125663769911479,1.2016090880706867,2
0.3899354742697916,0.7710934023092323,0.6729384701195776,0.8059538538595531,0.4539161494497637,0.1828772943220194,0.6888987062728957,0.3501026729285973,0.3390733399143316,0.7398573993457027,0
0.9589000216629293,0.04239853465432655,0.7920813613454144,0.03864629414794364,0.9465651246659039,0.6662770278052664,0.5971922453314583,0.6624914559298791,0.7079868400601609,0.7149541838606597,1
1.0757278270299573,0.22163998079060762,0.948702843265663,0.2833077673390534,0.3090074194428873,0.48674716946861685,0.7074054060048887,1.0319953274741507,0.9666772214751491,0.5289508554552206,0
0.24263827875969193,0.5866680881058439,0.9533696302909818,0.029097777419604513,0.4126057839850215,0.6868291170239905,0.13633145489393872,0.4039523384010633,0.11808918340248893,0.8071196111689323,2
0.890009440904066,0.9181957112821411,0.8834037009357302,0.8543486305575608,0.6392701329956036,1.0337056618333662,0.09881424849982945,0.5481983222784834,0.7074298971107008,0.44181070401097733,3
0.23352793084346687,0.39892523720269624,0.9286489008761012,0.3948338032845871,0.7833987846656627,0.7487006449870356,0.3722010240392585,0.5071489811160019,0.2845633419218827,0.2438405380323908,2
0.36249795514007715,0.2353102183630693,0.7445453974963697,0.6508436178378105,0.7433190103170169,0.47429553038676237,0.38468047077610973,0.6135962006982917,0.7531685634312922,0.9165330161012741,0
0.691768334657778,0.38212883446211054,0.916559336861853,0.8063382018942195,0.05639471578823651,0.18159296214427176,-0.0365592799081432,0.24839026850674786,0.6991191904364855,0.17226687333466523,3
0.8235957521202717,0.39928030705302303,0.8075366859271506,0.12365619978697028,0.448731228099264,0.24274092137090944,0.7499165692298964,0.9017513227514223,0.908747278418445,0.4580995548554376,0
0.4109008954501357,0.005539962200315496,0.48599309409342195,0.30527403827436944,0.41491795287981137,0.40324636615955256,0.6234672875829272,0.2180375288009371,0.4649356291942891,0.6071894350834757,0
0.4388102337097423,0.7447589829462016,0.8217032015997187,0.7589579213626417,0.5390338941785564,0.2643040922950982,0.678180749397461,0.32367651472447634,0.4219355968131123,0.8169888737391537,0
0.11184977520590669,0.1252258698081426,0.2759215447079485,0.034810915400743755,0.7847411004435508,0.5833368442151208,0.4829892451473016,0.0803221758646539,0.7452335904164558,0.750213668837055,1
0.7401826398084339,0.24588855115581537,0.5520849763127327,1.0470658666965553,0.6242601391307392,0.5788666954908365,0.5770298285931991,0.12192722601056616,0.9946177366378403,0.6305010108586914,0
0.3535939915831634,0.26028742055606086,0.8444865318283299,0.5715242698968758,0.6924090068580385,0.42604219112890634,0.3042075497658577,0.6548482692245561,0.7241570089665884,0.9682561017900242,0
0.4491706781357073,0.8508565745168318,0.732886444767091,0.47627115713030965,0.23805769993796846,0.2260953333269309,0.9880105329656553,0.25333752880397065,0.968167252541571,0.32122568561077686,1
0.28876611936415075,0.7087718842456716,0.4412296063985141,0.3302334854457067,0.46237324232044885,0.6752408966366297,0.014162201304904979,0.001502581454934121,0.0849357104066485,0.7377000963944357,1
0.19457268679919593,0.3662112663935779,0.9408767810199116,0.3339219603993509,0.7370651534853252,0.7898074183680452,0.29804858034196924,0.5518382843104154,0.3036811976156575,0.19411388597040055,2
0.7238166233285327,0.32193652740565454,0.9804171527950557,0.17464029499726832,0.4226746971321242,0.4525846308347236,0.46770537065551854,0.6116778708246943,0.7716370508236159,0.5380650525562141,0
0.2270670629565409,0.7381027117585215,0.43845791358390207,0.925030177574326,0.2517092971661998,1.0100349088620797,0.03161442526797862,0.7204735953062545,0.9247486364891426,0.5813499101025725,3
0.6687391272765097,0.637036487574014,0.3744213832583317,0.4183614955368077,0.28427150368626125,0.6038170831525297,1.1577309406738838,-0.025519512697490088,1.291599495390773,0.28630899716688135,1
0.7071683569243138,0.32306710078700956,0.5693440955033888,0.9796735508278156,0.5876078098070655,0.6827236896019989,0.577066713708154,0.23913972111121107,0.9514243443343735,0.6804237180220627,0
0.14669277821801763,0.7210631887446329,1.1891928093123683,0.7607110521782221,0.8064450418151146,0.6843193915962382,0.3821572201496387,0.5321610684128981,0.426209078886894,0.49335006725792435,0
0.37048154394767435,0.23403640662686984,0.7465166547955757,0.6265230902216974,0.7851214698859481,0.4086695745730173,0.5176357071194475,0.544171175476992,0.8070147734127202,0.8713923241492035,0
0.8946106540407172,0.3391407387533743,-0.07805322671609727,0.4240671197170135,0.3163820825592546,0.5359047314040473,0.4648922338372997,0.058915727545722406,0.6252665178346088,0.6315243375270779,2
0.35586834531715344,0.7518770515351815,0.7749880066022417,0.6813953598951086,0.4443928027457494,0.08367206210131221,0.7985402558873136,0.5130543677554329,0.36816613570094825,0.7653838722907118,0
0.07483242666805878,0.9705766515633303,0.7247495430771839,0.8445578318457465,0.11432429339708908,0.6264510560216697,0.697778466560113,0.2533329134521856,0.6210975413315316,-0.05904245928127694,3
-0.03665299873766298,0.7040829268690094,0.6272370390854672,0.7719660129587107,0.3064877290520424,0.9304310533180953,0.22682888596749198,0.7262078618881349,1.15310960755263,0.29313800121104255,3
0.12624500563315483,0.366248162075823,0.18120384230876924,0.8368787471003295,0.477391357267212,0.9620633040400788,0.893456071702447,0.36232123493295154,0.6331034559699775,0.28614862337006075,3
0.8112929365986636,0.5937526654488625,0.3847495330220318,0.6446307357467297,0.47512470351118574,0.2698146907162144,0.5090208130240175,0.6545871485173097,0.8865188956970241,0.5877323909632413,1
0.32640236031998277,0.7913536953392654,0.21521069265354087,0.7087455527936626,0.09929942667770429,0.47811893148268964,0.8625153566294267,0.408249534060061,0.6635906967947258,0.8679974432050397,1
0.5013940015481057,0.8154384377208568,0.5649987735278915,0.41408029459403906,0.3987851359118883,0.36973004860270736,0.8218300809076207,0.3858648940482443,0.21131292311390773,0.7026864193992037,0
0.2676460779694159,0.493912355983388,0.9465543570551034,0.43012113259983026,0.8099908034470579,0.7695337486509982,0.3811987145183125,0.5760587240705128,0.22763210421244218,0.13762953037308184,2
0.6818900147717369,0.8851203077995002,0.03723171399817718,0.9739380941121285,0.8876349155580019,0.5029019920761744,0.15600005416069881,0.7037366665189381,0.34785403757306077,0.10370198168675751,1
0.4630004121390704,-0.16858271787362786,0.6166916711332523,0.2681420285835432,0.4461590282576044,0.23903934098136437,0.4353554955012343,1.2696017229356114,0.13305145999825874,-0.2859225923180308,3
0.27992161585828335,0.6084237462688726,0.08821351682489056,0.4507906870832206,1.0905193194540064,0.5418024634937211,0.2122794138177156,0.07833886268207751,0.2283489014316819,0.2940074715446024,1
0.02240256350894517,0.9062739536211725,0.8142411255582214,0.7242566647257039,0.2928936015340925,0.8223627980679383,0.836215252670082,0.04667847960002593,0.4238055765217088,0.10469044165218416,3
0.7470560080332492,0.8565021584679551,0.07213826925234341,0.6620172217975356,0.8861086316100838,0.3966245807603797,0.11909966901249001,0.7115608603242679,0.9049014523410174,0.4259251193543247,2
0.19530945086629953,0.37593354548910907,0.28386773216250616,0.8270805081281443,0.5836942915560098,0.8863598155609129,0.8866016628080108,0.3649343428817855,0.652394266206456,0.25208811475176396,3
0.1969834949035567,0.0485748060047151,0.5005941745957156,0.3580002648159782,0.47345446516827916,0.2792586783944269,0.7246179774534997,0.32875636158954924,0.3838706683339389,0.8889176344547483,0
-0.009266448772185798,0.9275207975323175,0.601968274147801,1.1940228266560475,0.651382999003871,-0.2626810978537152,0.7985428377027336,0.1343767895794601,0.968803472280471,0.9353538313429737,3
0.07673565731551286,0.6418112587337137,0.5486654448654873,0.6416498136001927,0.7759352691260836,0.036126719466025886,0.8959142345698168,0.4571857867812313,0.9064704505887206,0.9447319196330817,3
-0.033877570576963445,0.8500071322202396,0.32230438650002324,0.297214309866608,0.4961253565333803,0.602359161279439,0.6766418893501684,-0.1188963566967926,0.6186866002473601,-0.06030575970489277,1
0.6289592220342493,0.8720807594350207,0.2786280997926194,0.5146272646971234,0.5419917191447642,0.29459500301705166,0.7088489746686013,0.485587902754598,0.05251388080496732,0.633804774031614,0
0.19563477030786994,0.43716809288356095,0.8560127557431405,0.6312980459646641,0.43805977731297213,0.3624291288838088,0.5921785976966618,0.43070248339793404,0.3286342702431957,0.7829476081997464,0
0.6017767351049699,0.39537928925875876,0.6285831607478295,0.2245306968787636,0.44135051087827004,0.13751774758397478,0.8072213912094387,0.5263210696315539,0.6214825291851798,0.44809293256856597,1
0.7220104278641105,0.1382119288759404,0.45741573564905863,0.8169802893699292,0.7948594007798834,0.6661632825025314,0.03712757712062088,0.13221532827021354,0.1844853739254274,0.20041138189991778,0
0.01957197713687732,0.9020632288646027,0.8254361494934606,0.7293895333610904,0.29835975021430905,0.8082309128759779,0.802515641092205,0.054650856616036025,0.429671489286277,0.12063326221751755,3
0.521791667548357,-0.09594364524391313,0.8794011652026621,1.074333137865817,0.6040310966221268,1.0647536987948363,0.45568650623936513,0.6765046049115522,0.8932477217978829,-0.2988497520861516,3
0.6549519591523184,0.9293146573506751,0.20285898331702684,0.46046844539305276,0.5684983397599308,0.28770942896561325,0.6982019022096801,0.5247065984574641,0.03555863363421896,0.6443329488406987,0
0.3428521161088774,1.4238611169292292,-0.4003234126171453,0.43771791776595126,-0.1781968814121807,0.6792675789044913,1.0198101526066787,0.9307105148539633,0.16133525023915568,0.17324619517245832,1
0.6789208110039747,0.8836901290375546,0.03434739603633106,0.9750929179272809,0.8862414661014265,0.5029615042639678,0.1570444307434429,0.6997114451536416,0.3482239422437675,0.09927264161508643,1
0.2915276577354858,0.13823891060667154,0.22695413094055247,0.0010551902686173897,0.659969881672593,0.48520978787525354,0.9853732377372331,0.5100575072999236,0.4291602457953284,0.8422275215674256,0
0.34745216721855954,0.7207132800564283,0.7177621347717977,0.601399221946417,0.434212728597874,0.0738586891541579,0.8546927457349011,0.5361530663696176,0.29206301272239726,0.6567009544856237,0
0.6094433972842265,0.812366589300042,0.08978052003789679,0.7591276473802038,0.07672883706685624,0.25466731108062435,0.9545708855611945,0.3254984871173305,0.8579081521650413,0.4199244615572563,0
0.1577606740699938,0.10285019407833812,0.22514696426149494,-0.0793421914092879,0.7122188458943607,0.6323966121554889,0.43358317094692134,0.1806534317580793,0.6653773396279274,0.7441866239035051,1
0.3882103157930921,0.35187284131185737,0.3513158285916054,0.3429552474374714,0.4645289469592223,0.319042037176723,0.4895517641818916,0.5564309748809545,0.2658914298852175,0.8617698389613269,0
0.7562333283635876,0.8576291268170138,0.10399877771672061,0.6428904523070419,0.8844191399377627,0.37729011379302513,0.11485922676566032,0.6894440569833448,0.9125585293791545,0.42737860568938046,2
0.14501087621267994,-0.0076140251783304025,0.2627033155085346,0.27602034682266985,0.8865642230550357,0.3381023714470231,0.5815692649325345,-0.057235589564963996,0.9198615690769869,0.8290288040470943,1
0.6506942528955273,-0.11301867000695986,0.8574316571381626,0.42483470124841377,0.2641812879654656,0.6572996422501263,0.6015841348209258,0.28678844879877696,0.796320613025951,1.0675511854058037,1
0.6025975205530193,0.1320138607553284,0.021200435009089857,0.04213038943291414,1.079679961515572,0.022854966201494464,0.4104818833252848,0.7134042951350544,0.6254300658759058,0.8035168989594212,0
0.7266415626658079,0.7393461446171362,0.2859488384582884,0.27240447140222257,0.8068632085993251,0.7070185604870252,0.22851214382747737,0.8711294638885093,0.7271098723768584,0.2447488282641456,1
0.18351432409001286,0.9098675611161693,0.6991655847076171,0.5977519736131888,0.2739891972494544,0.4339198909470708,0.9229909321291081,-0.12446358647461836,1.102795195001504,0.2346469341026545,1
0.9128282683093061,0.300936572885037,0.09384550212839422,0.5210018793217599,0.30591199161818494,0.3645525116652217,0.3601090606731569,0.11287606287692611,0.6838918199272982,0.5517146444244332,2
0.4849588006853375,0.7335665077547788,0.32887819537756086,-0.08451291370112723,0.3841233987843827,1.0122797201293054,0.05975397982798177,-0.3954316146699749,0.18293700375080313,0.47231272731343443,1
0.23504409843556312,0.6536616712462655,0.4222350147048165,0.06537355608913628,0.5403336231875917,0.31563828126432186,0.887496208942638,0.5562693596197728,0.6502135131076698,0.29983648271042695,1
0.29529340639642854,0.2538863017194539,0.42457708730145116,0.3475603455460622,0.4456601213245291,0.7681052388389531,0.48558390658480644,-0.03623594338371186,0.9923103996813186,0.9920836099246043,1
0.9316854875570875,0.08224044049977386,0.31470077469583085,0.39352132451326394,0.38655632218145713,0.22598850507891033,0.7478987209549207,0.2663632080956227,0.8562988155997243,0.42836688007921686,3
0.230312495074445,0.569749296128617,0.9420468961990692,0.008918695323830397,0.40583067091305774,0.6825954376912279,0.1385540125878654,0.42085146568852333,0.10970658244016802,0.8371497047315761,2
0.7798382835110913,1.0221897962629651,0.18306530628868134,0.4534114227844813,0.6619728760141114,0.15990198508644302,0.724424018943147,0.4119194560901841,0.22161546155611833,0.5233886394235984,0
0.8230715446031808,0.869057669702096,1.0657823231677332,0.9039891687727061,0.7256555152448982,1.039830822581593,0.06523331950197463,0.7768421734073574,0.8945726960137242,0.4665197417449817,3
0.29752849922208513,0.2954113345436096,0.7524237649351262,-0.3642819902222989,0.875658511370599,1.223097264117555,0.5695713102818394,0.45294761959369095,0.5413100684968937,-0.25955031662064154,2
0.7660497854810201,0.36575045819100177,0.8954914772410338,0.7489639293968811,0.11041598782244012,0.27795744918053594,0.010456341764135884,0.22100315920658248,0.644561335532496,0.11148978307449826,3
0.2555410967618639,0.5900528991197672,0.9420053777178636,0.02424004837142924,0.43543539881877746,0.6855156862216257,0.13158851365355756,0.41117372547645004,0.12022578848731422,0.8341378075964345,2
0.6762101859332867,0.32872993850932114,0.6030697560798021,0.9774133024993894,0.5470514455500283,0.6505446756301196,0.5750464289937539,0.21335867055358138,0.9465681791010453,0.6511134960626184,0
0.3111029917228508,0.7536685642790943,0.1881286623491399,0.7919108144642677,0.09017818934495402,0.3725965135359755,0.6760670262333213,0.25552660717843256,0.6238281297250908,0.8532807248302408,1
0.2835999870170142,0.8207280335920724,0.4698271080843845,0.8837284512592399,0.15644908184020834,0.9305323823714545,0.1976430474022893,0.6648913801015349,0.9122843045611776,0.49233846934696984,3
0.9057040010040952,-0.11806999051230421,0.2171595063571639,0.7245096456371578,0.8156506047218735,0.6459566675471976,0.19704840216112562,0.555741473963201,0.3760983191155983,0.883372642719398,0
0.7915060841633222,-0.31115686383152147,-0.292639260960222,-0.3490448050368794,0.37145136402707396,0.7120388366645561,0.7980158438214069,0.3372939387898985,-0.050810576317580625,1.1775326260379098,2
0.3242207333549259,0.756500056693613,0.6736783631245219,0.7669994584914641,0.5338652578018757,0.09546439457373906,0.7873541250490886,0.39527404863427573,0.30158013493448366,0.7060007807496873,0
0.20388369040166418,0.7357828197022993,0.4765819448909718,0.8943360489977267,0.15531819254114757,0.8948420328039925,0.09041225677370854,0.5040786503768684,0.8076137099929603,0.6674245298074457,3
0.26037258829324367,0.3642889776263505,1.0181814421871178,0.3388760213999623,0.774123072390992,0.7790984518563993,0.27672633775955624,0.5324284034630966,0.3029172899464904,0.2434391171513856,2
0.45394548314223393,0.6137219711561439,0.9755621647079853,0.18854754693491574,0.22647562156177786,1.1091822745588458,-0.14581462445251947,0.5464090334107693,0.6077602258937581,0.8681685479220895,0
0.28337221494379566,0.5932813998997706,0.9537299370812091,0.016884602574996653,0.45062117322378037,0.6751349836521834,0.10559675489951098,0.4465260334062799,0.1022303306622538,0.8503650423109643,2
1.040424054956563,0.011985148945519051,0.47690672443652793,0.8651725166769959,1.1061933592789703,0.6491095618374549,0.4944877371422794,1.0755995805717018,0.6284457331514388,0.3763777136761529,0
0.2393823882551999,0.406123434843837,0.9637579079466475,0.38085005059909216,0.7445191836888463,0.7849784823162812,0.3384514640533438,0.5028729691138984,0.3134393495422133,0.21750789258530223,2
0.5089830324668512,0.6949620796749987,-0.005794199939511774,1.1254586529348694,0.08443847811112756,0.5497396164046795,0.9046843880498664,-0.15473890090571318,0.22063444265422888,0.5868867798192453,1
0.30124505770899856,0.5992217740588658,0.641556412717835,0.8420519295488818,0.5429969343532132,0.14805348284342895,0.7230050463137726,0.9398925888862515,-0.048139081693841984,0.7204421435026087,0
0.531549094031204,0.25139372768860496,-0.01702423321400115,0.11690875379670636,0.689226699882694,0.6909388639149329,0.16065717029333865,0.1590300912212679,-0.018382662022747576,1.339471833129498,2
0.7399225750895657,0.8567339195613809,0.08490316718994996,0.6389078045282607,0.8780182920983289,0.3974362242353394,0.12472760191194435,0.7151252933091867,0.8995163519213071,0.42817325040912685,2
0.4700709265780004,0.2926864038017169,-0.26836157727633886,0.6670946215996705,0.38999519615418354,0.5932577323266738,0.15788229675357796,0.026741370933636266,0.04307308515641328,-0.3528017333457776,1
0.570118395171905,0.5651263718530077,0.7160289330145516,0.7937318055706757,0.06885338140549138,0.14735853169944285,-0.134430970553385,1.0255758529410741,-0.03931406515745192,1.0564305879271105,2
0.7604444060472683,0.3748894918937238,0.9080383607959012,0.7710125483473533,0.09042303352704589,0.2691754223652346,-0.009650253935439368,0.195514026385949,0.6239805819921901,0.1183470265471185,3
0.4190920589923572,0.833532417254195,0.7804414263244749,0.6807940199243498,0.5796627036947538,0.01621839008202966,0.9139116434946741,0.36220824880409713,0.38225638863242406,0.800516036921532,0
0.6968450900866876,0.8395573936782796,0.14603272422541247,0.570596469014223,0.6753421876738881,0.3368690270246735,0.731479125285498,0.3854006314301107,0.03637076350774414,0.7515913592037917,0
0.43617679970319895,0.33844991339539865,0.3985914310458065,0.7142194723841975,0.5628808863311014,0.3678876531839943,0.5978964639239561,0.105541446948348,0.5355074761039,-0.017623566912466415,1
0.38155258355241023,0.811672917676654,-0.009351803210487272,0.7813055493931433,0.03870224487482362,-0.03230333128670876,0.5603476385730448,0.5068765955353466,1.1369723860012142,0.6434005876376577,0
0.27361794113333743,0.42748611675779946,0.3758580734835768,0.08109786378330089,0.49421113100036795,0.21853824119305837,0.9068919866065759,0.7847777852266768,0.8186208442579678,0.4910058864477663,1
0.740266493958177,0.29530918955321284,0.9378814072578713,0.7266752882200702,0.18545726246892935,0.20895836107025584,-0.12012106999495624,0.2365289353635378,0.760019412604977,0.08743687942174216,3
0.2736085330987175,0.7112202780501141,0.5042913878357154,1.0016189091138148,0.15849324333720088,0.8641372861082385,0.0034032160291418007,0.7989849615366788,1.0314403754030586,0.5455695298013968,3
0.7565374631146474,0.8492343565442628,0.10145162064348126,0.6503614838456572,0.9029814106869071,0.4177983665259602,0.10410413584631589,0.744315744265436,0.895460645253104,0.4006014107177963,2
0.3058463848403605,0.520994027867689,0.9466027814066915,0.037231430806748844,0.40439731537343393,0.6484864613024475,0.1543948291398462,0.38361542510775815,0.09074771443252935,0.8336554438673799,2
0.7530230353397929,0.8159625799502092,0.03713298976842725,0.6795828978941248,0.902205159353168,0.38194868646455005,0.08492051232573364,0.680947551375355,0.8760019115698937,0.44366024835954554,2
0.20505917092190062,0.9043340447423255,0.41888061319539904,0.9200175923275212,0.33959704758184106,1.0322707503875814,0.030048387266307694,0.7578819567187695,0.8185202160600703,0.48919319165499087,3
0.6808723763407167,1.0902080221051917,1.3066617347547165,0.22598516472173466,0.41359668792274473,1.1614744089315225,0.06002733043841887,1.1449938271866895,0.4498278118119345,0.5908190866769855,0
0.45916362487637324,0.1228816082664037,0.16860339223588455,0.35503124142391773,0.3351134945666189,0.38156181723090754,0.9768440274747807,0.08412198812562605,0.1397440974411196,0.8314819697210114,0
0.44555270885272263,0.6932194036700503,0.872894817024596,0.4341039361616239,0.599100161284029,0.3041895359472538,1.2870311308195106,0.09877648346006611,0.7071474779489411,0.14979692605783784,1
0.6583954275892369,0.16572017071557352,0.14550638611659072,0.71205687653692,0.5871092655294018,0.6148937577889355,0.687368281947063,0.10183365644833808,0.6037372522218526,0.22533103889124267,1
0.3960269767639966,0.41922630679361644,0.9307126524894437,0.44753077379724243,0.9401994814823373,0.724750828650624,0.15934841822580315,0.4053578468700672,0.34614394297987694,0.04997483138503704,3
0.34865338067992896,0.30809889611827285,0.6032032349068196,0.13981977934519263,0.561451921610414,0.5256100567817019,0.6787190227260758,0.4748086643862975,0.3009734816303828,0.7370453445126404,0
0.6819985749836596,0.880826856046865,0.03849055869182406,0.9716737589828974,0.8884735743046388,0.5028493112124203,0.1563923493541811,0.7062296278829718,0.349401200270522,0.10477913727792187,1
0.6496248680833205,0.06139475350065697,0.907956247303222,0.5214481236766457,0.19118550947566906,0.764646957412031,0.6663915904470823,0.5019457425444844,0.4342992810219336,1.0408710250413171,1
0.2602810562666299,0.1948810719860201,0.6098260241120042,0.571976965097714,0.4822011566820543,0.493514637093332,0.1275309335773662,0.47473621535004684,0.8758340419733158,0.8414650909876217,0
0.2105717347460025,0.10035828086241451,0.4932769612918283,0.23829631000851675,0.5810703199884178,0.22897873866338553,0.7086579701649568,0.25422433537590283,0.42345345658540634,0.7178622594150349,0
-0.10073388159705438,0.7800954002330796,0.21287776684969947,0.7090081963017574,0.3917042170819393,1.1498393972190712,0.15657666305768336,0.3762455635366584,0.3465388516893342,0.49220830230254675,1
0.7221717180021265,-0.09365365570689377,0.48227957095574203,0.6488173996097967,1.0341923186941149,0.49357055257872684,0.39225363496800214,0.7782293299353079,0.5407843218261378,0.5403816763862439,0
0.37848641803387184,0.07577156161054929,-0.08992094717719032,0.11209956897449681,0.9005372800014138,0.5486802611796631,0.7272640101181367,-0.049029478921098046,0.1966843996547062,1.1231098836783437,2
0.31805757440268256,0.8820733440978616,0.7882526650556172,0.6632388755463451,0.533677563652728,0.13296481937690421,0.8278451147852701,0.4968335732652621,0.36015037498230196,0.7882997491296875,0
-0.30151934244740985,0.7687914264551303,-0.13986881999997886,1.2580071030494964,-0.48500762986439105,1.204207314812859,1.0240228977306949,-0.4556744292924698,0.7313273541532019,1.3957433899537715,1
0.39070448414673364,0.02037957297485793,0.661351866156588,0.9928036187897471,0.7121561647848432,0.8442602162595938,0.615189605632308,0.11063409343554921,0.8718028938218952,0.2635960780338153,0
0.6563600466900833,0.8981441414265875,0.2806984931372084,0.4733530958471471,0.5574640935074929,0.30986993590426803,0.7839665687083989,0.4244546730632744,0.028945874163251846,0.6700718065318161,0
0.17525898673882045,0.8746028755749613,0.646043017990531,0.45585616755176184,0.4634168823114528,0.3110648259234097,1.0220608300436254,0.1841379214607613,0.7701162267080146,0.305552797702565,1
0.6738305250440538,0.218532911007397,0.166250290970905,0.5966806902889648,0.41845333607564494,0.5338028375730035,0.8262696402869644,0.03866489385809892,0.5900231186119059,0.17369109479399097,1
0.6770324167524673,0.2422542649045672,1.0370154029070928,0.41100029520983883,0.8622842824347223,0.49610168476414307,0.15610006799570655,0.6637246045420717,0.35128971050523977,0.2675634232343092,0
0.7943501205373626,0.35932463307852,0.9195690538654415,0.7623615471388322,0.08856102231342865,0.28901913656703254,-0.0018628574519006062,0.23485425232145193,0.6569136158128708,0.11457055606690576,3
0.36375496601266993,0.49284155912616606,0.5611310453290517,0.11402511579718991,0.38487278377203393,0.21336641243160748,0.8149779660219736,0.6485569750531197,0.735876301152813,0.45614158096591234,1
0.3695360659709653,0.4601052994720241,0.7253872144433683,0.2993791759823247,0.3209806443649711,0.3358092263798763,0.9747338207090503,0.6946013673201925,0.5712882680645127,0.6492724014505855,1
0.3726833222697382,1.1232857648588033,0.8929915444174712,1.0590080753623439,1.0239728933600958,-0.19687971444122987,1.0007206276298832,0.11914090590742749,0.7625554408408722,0.32917930525212413,3
0.6364518107712612,0.8821718688205181,0.2602407783961378,0.5044434217589422,0.5518746647250012,0.31851556364066574,0.726118463335646,0.4788154751853696,0.06271205780045692,0.6383016316122041,0
0.7292164536128242,1.1480228356460358,0.8854342165078463,0.8447435436094367,0.484501114760039,0.8004126907206978,-0.12138199684386503,0.4686483798960687,0.8299076031021193,0.6266917534462896,3
0.9092961592710899,0.08600731754570512,0.5754326882033686,0.6227532659266658,0.6602184988364163,0.1073752311845594,0.41102997485605586,0.8558049140075831,0.5346408001280782,-0.0016463235221137879,3
0.8745928152046025,0.8824001096570236,0.06532423321358849,0.8490665056308028,0.09022614583578605,0.26116222986227733,0.7968180424152363,0.34716425403874385,0.6604621259062717,0.47730889127826986,0
0.4762151412477852,0.24100320959091126,0.5080477788798693,0.755588315864427,0.7348804041342463,0.5135840118228705,0.549292930128215,0.0895795864437255,0.8397753391331493,0.35526546078327226,0
0.6848281409218698,0.06948105596991433,0.3622094943196461,0.8922410207540454,0.7361791537926267,0.7513595940783409,0.05951914021310223,0.10580133122565813,0.2435629214857471,0.14447953348109263,0
-0.15318684620696188,0.4663213017066974,0.7919991641217021,0.956382376499771,-0.08889513737684118,0.7068924616515215,-0.3351817873971173,0.768531042025203,0.9020315541693948,0.905857270022705,3
0.1297793555556152,0.38447640612968403,0.36913256246096315,0.7024901521655367,0.8309417949886644,0.9135244350478342,0.7417720680663927,0.6031612858180003,0.35329328369804536,1.349805610960472,0
0.3956241931430413,0.4375842576813127,0.9084522399064454,0.49798187375955133,0.9003825765638093,0.699476972209326,0.14445613731337373,0.3789038622914404,0.32873175431987045,0.015565479029000967,3
0.7141669615135331,0.42860965961767916,0.9142680142948816,0.6527236088873798,0.1342417675555853,0.25353408636023445,0.06983516392409533,0.19434703956359106,0.5580129655631832,0.012655414390754474,3
0.4063351412976082,0.6554689624424423,0.7784901756251827,0.39841804370577033,0.0456703186538531,0.4658739738145535,0.19628593986063356,0.6692017835316452,0.11347708625670559,0.907584241124452,2
0.47774846212616373,1.1226815425124517,0.7780553558594574,0.8780087048130807,0.2732749515734113,-0.10675239894389876,0.4420149233072918,0.3233927566048955,1.0897995828453657,0.9792278374442518,3
0.31099911863847446,0.2410103390479397,0.8516280631888341,0.5756329170119114,0.6981737695455399,0.37470939147999277,0.31122235882497823,0.6746351512949421,0.7485878892839068,0.9700396074229956,0
0.2126846360398562,0.2305317626534141,0.6752327080695648,0.5743133867585624,0.5990497281693209,0.5033511319339146,0.3984660560926606,0.6388228100884235,0.5641134015235826,1.1065195916427242,0
0.26764635537889414,0.8210111073732571,0.4737152408265028,0.9044707364856981,0.3430780092520002,0.9675110976194748,0.05168063574453094,0.6611573052798019,0.9533226943513236,0.551648914847272,3
0.7469507865362295,0.3450183104945107,0.5941451198789112,0.9464938805379787,0.5392736412486111,0.7018778766539588,0.5481141948966017,0.21267803284789594,0.9576426256408244,0.677073873574828,0
0.3312379774220272,0.3062785922223959,0.25406242266830864,0.25176730532784086,0.957673731495482,0.460642157519811,0.38863726444343927,0.13562627555295598,0.7716054964060937,0.67692685768789,1
0.669062577446149,0.13634192672146753,-0.092319991649855,0.3168207510686689,0.013419052851322971,0.6184118378274708,0.3811654673196848,0.23902590879241636,0.7111274107853929,0.5163762944564338,2
0.25223191121497074,0.5779864856052871,0.9450515219763187,0.02644338531114114,0.4194019490155425,0.6828248857024718,0.13991756174518388,0.40530138033094193,0.11897949713521686,0.8182518642649524,2
0.838472579649207,0.986050068832657,0.8930405849653889,0.8742763398959266,0.5661319981695572,0.9773531420578502,0.1112730820268247,0.5750393069430889,0.7973568216798927,0.4453337506573421,3
0.7522733728767093,0.33871568154243525,0.993841604297698,0.39769627554176384,0.7802215230712238,0.4395943579114706,0.004692484927635396,0.4905914845720407,0.39791362122746327,0.17268265740341981,0
0.7364234989517614,0.6709513785690321,0.7882948939869152,0.2519979046215467,0.38856189004183217,-0.008548012276334171,0.41931381414923186,1.080144720624991,1.2569372060187742,0.3980955149624379,0
0.5914949371984819,-0.10068234210524837,0.16304345975488016,0.03587145410236729,0.6870780648520972,0.6250329016887071,0.7296080401334494,-0.030688926436459207,0.4798268300340511,0.8058021632734463,2
0.6499262904123028,0.1856161675673053,0.7044473438775154,0.9348050301342233,0.6515901936691965,0.731471484114312,0.6944178981161252,0.12708216529823907,0.9311106830667494,0.5764854591965433,0
0.2521701802186278,0.21473280545918144,0.3742534017909963,0.3821905259856583,0.6756385353887608,0.38701070353886446,0.7263821669434162,0.3402126228007764,0.28251011857762304,0.8585329054667097,0
0.2105059442402163,0.40950866672290354,0.9949460101954918,0.34079713250058635,0.7755121949990988,0.7789248380377802,0.29153888551952734,0.5784077338387545,0.2593419353740845,0.16353964620827532,2
0.7876002539672299,0.7455621220971669,0.25654121985346545,0.32957863682096916,0.9148479733739544,0.7865995544705864,0.2699445250220385,0.9620001897813132,0.7801314028895096,0.3217924930767086,1
0.23750661964081213,0.6035926777576622,0.9129849776054535,0.04980663326017466,0.41729460003212826,0.6787655549938689,0.15745974393946882,0.39405299300248925,0.10632948667821396,0.8265990439487414,2
0.27542201373679503,0.4286136674208122,0.5859368193193843,0.9178190399784824,0.6031940875692905,0.49780246444704396,0.5823087169383249,0.2013694837812001,0.23086732680659494,0.2092742383197035,2
0.06909768317353575,0.7225535908749622,0.9069083151553738,0.436797206505419,0.40219251785401144,0.35791058231067463,0.6373443893029164,0.808930733437345,0.21259736359902145,0.9504002285397891,0
1.1634483118596897,0.8124706243039302,1.0330536820306717,0.9012547430805176,0.2943183538435073,1.144029640456354,0.11342166842789636,0.7824860688032298,1.032027979465241,0.49068747662741635,3
0.2291268432095306,0.4122058505106151,0.051025042897275774,0.2008827618817982,0.724256661237197,0.8503366439297465,-0.004363394882088201,0.4049867394418923,0.29980895454782597,0.4577042496356316,1
0.7429005182528976,0.8394198828792592,0.07461825246906377,0.6445387791905832,0.8737188951216059,0.3906472233799618,0.11061114760396026,0.7204491899919444,0.8887474662004193,0.4301915035511599,2
0.3502852586633715,0.7925784299544966,0.18419378898054123,0.8452578516242235,0.7316891881959315,0.9860242321381977,0.5497195208377298,0.4557915990645379,0.09197337488141664,0.5151570863732244,1
0.7175275759798425,0.3939351335293356,0.6503558068263442,0.9687599256953081,0.6680836999049199,0.7675361083848347,0.570914273903583,0.28263109136181586,0.9122859446003813,0.7045389305713303,0
0.5092735147862479,0.8200413847844349,0.2319863101818274,0.4766862865335973,0.5001716807866011,0.41442715145937725,0.6275455742876772,0.5965263306882989,0.00553496041404606,0.5746459713379215,0
0.1910189801392823,0.9920653246872925,0.9051897964117486,0.43653120233054804,0.7193292327125247,0.19889929565188944,0.8872274913556812,0.6651027630063537,0.1272272490103853,0.9497200174861893,0
0.6579398643298402,0.2196993364346394,1.0041588425325372,0.40384657456378914,0.7837318429641413,0.38693566083841807,0.11151394083145404,0.6066119629460534,0.3265101413134217,0.2648465331318378,0
0.27822937133710773,0.43242464683940013,0.5895463428634778,0.9115425284950495,0.6100889917729377,0.49220064580509315,0.5842492530929893,0.19312963812339967,0.22808703422533252,0.20549846773018618,2
0.7554878083775185,0.8309404727803651,0.0844336500687174,0.6722186982889784,0.8806564037828213,0.41561733467991013,0.1311303198522146,0.7377511949428113,0.9037117563594327,0.4396964618298146,2
0.4418079540871878,0.42793463051406105,0.5167666482118523,0.03916680895024803,0.32711922610648525,0.16912652377870394,0.8546493095339394,0.636990933157225,0.7691027776222885,0.46297536552671076,1
0.2370613644275689,0.5846163988618436,0.9057123535616542,0.00918451800634091,0.4578268989990336,0.6922716371275057,0.12495862989191492,0.4003651647165733,0.15216147059378193,0.8183844613854954,2
0.40593700230895546,0.3060001311526026,0.7513912716772577,0.7828717987134354,0.7381659104810299,0.43426314615683986,0.23282455898946552,0.8771107922039776,0.5201589740644448,0.8493262549229474,0
-0.22852290181114532,0.7154777807472047,0.7932942146839493,0.3071945502212433,0.5997714147989335,0.7448625531392388,1.3239121470114277,0.1818190048210796,0.6591433880336062,-0.02648245897189172,1
0.5214812954700951,0.3072964993395916,0.4029463794553148,0.6938612794963457,0.6121135647752134,0.5629734576005722,0.6259994873129762,0.14253269232983798,0.7936804393942594,0.4467422866124462,0
0.7407925717856695,0.8662073472620108,0.08581098507145875,0.64840203399982,0.8965391017992421,0.41209300599452664,0.13152223420311746,0.7353154913652195,0.8767217826677378,0.4046572714212385,2
0.15269315667336897,0.17822338351740336,0.3315185337295049,-0.021271327135835308,0.7885787221400259,0.6533690561705762,0.4885795752708615,0.07840965267991451,0.8143654610874645,0.7736607804904525,1
0.1187322695962989,0.14474732997142598,1.1111364266255737,0.5252983840250782,-0.15561675255169433,0.8014246353578097,0.21243874531891555,0.4637328678831266,0.048496248586479995,1.1643699456834977,1
0.8267855753120145,-0.013767275515568368,-0.04145158117994657,-0.10504557134374454,0.9377731177408404,0.4028593768885901,0.35494333508517917,0.07023648968085433,0.10532798859730053,0.7659980877069115,2
0.008691568411870847,0.7310773548959696,1.0427664031171076,0.6557094037406819,0.5079176612127406,0.709253856923999,0.6503435518762101,0.24214928086983883,0.577936551518303,0.32786580120688547,3
0.1104877700105878,0.7117094504917644,0.8462467545497816,0.2204153127643328,-0.24824763559753638,0.3115287770057008,0.2986385186578154,0.969383575024512,-0.23195354872064983,0.5832830113849254,2
0.20162748741004446,0.8172878300087167,0.4149416131648785,0.9576419635644065,0.2570630519854591,0.9546844888235632,0.004288576694382512,0.6253464831802975,0.8991226047185112,0.678238072115811,3
0.4642067041548478,0.042614666231553994,0.9471769937212493,0.4374704867985504,-0.010563780000849204,0.6383157302781237,0.8184463769044199,0.4138838558119616,0.4818122354253535,0.9495507516303481,1
0.18996214023590624,0.6160563707161939,0.5319507289676958,0.2350654266889065,0.40926011627650977,0.6283935336115869,-0.06176004123608153,0.18533978831036033,0.11458373003275046,0.7843569540593683,1
0.22132661111516622,0.39910738992142974,0.2309956327730317,0.7117738335554498,0.5605352075924699,0.9510942688225635,0.8430489859944137,0.44860091734821433,0.6613167554806612,0.3001702983923076,3
0.6874436139144374,0.8766578836690143,0.24873418163052294,0.544379067777128,0.5313487882265697,0.32491937636619406,0.7304127313925961,0.4575023252626931,0.04608346672791716,0.6371764844424495,0
0.19791898048953904,0.5241059817223226,0.048963830509382425,-0.1149852516579899,0.45042767825467056,-0.4400558769371714,1.334339522572262,0.5471125793999634,-0.30144968829646857,0.5286984603990268,1
0.2677233997179446,0.4346852397027266,0.5790210913568012,0.915870041317459,0.6077837286346519,0.49673610235619603,0.5786479187025502,0.19506209904137073,0.23643475662082827,0.20718384263678952,2
0.3392639725524237,0.675470892835431,0.5060220859605951,1.059567038998319,0.24292325324580988,0.9063540088875793,0.1675806232075523,0.7925051752216178,0.9511830637752786,0.6999774062436288,3
0.11953074133326297,0.40802812960575024,0.19766402815549913,0.7239207222928459,0.5120196225053442,0.906199011893661,0.8902060678663544,0.33881169295416835,0.7400346953126968,0.34219214885952554,3
0.39073033725986417,0.23256534680772384,0.8348415221106451,0.5920843621807429,0.6508281467022251,0.4789030915627267,0.40599985944416206,0.7316043147319744,0.7823453464543669,0.9634536667670528,0
0.8534630375107831,0.899551876510398,0.6035442479216779,0.4743352152516121,0.681814856639956,0.27973487390427426,0.6141189469278556,0.35367489431993115,0.3217758977123371,0.7417669107768271,0
0.6036274105265504,0.3595178108752762,0.3979979361691391,0.6543847807693766,0.6847899065993849,0.5580564396379919,0.6183449434887291,0.08127950122668992,0.733431500243894,0.43877783030752826,0
0.1358714400981478,0.15508193467486475,0.5574661491837718,-0.243116994526617,0.3533317112907042,1.262666228357373,0.662734043538974,1.3709085496375988,0.4285934448778943,0.46922085410669867,0
0.07977198805592606,-0.019353294707737834,0.5727610180633216,0.7356858423129854,0.5756436797991937,0.06533014598285392,0.4863016728658668,0.40333531221265295,0.694130127230595,0.9143804645073359,0
0.36140895559490505,0.562864552288628,0.4606131619640184,0.5935547879518935,0.7924766279789663,0.7623978215292554,0.12410452440261772,0.28686279186463387,-0.05200479373627098,0.13533462612546304,1
0.7728765845852364,0.36716274802092336,0.8976372051805339,0.7278507579400898,0.12425813605269657,0.27300207031691726,-0.00623521371937046,0.21650458602215278,0.6474818230393714,0.10578556704911668,3
0.19297845475997244,0.7484675890593501,0.39904720099431656,1.0262253646528856,0.23911421456123433,1.0268089736967645,0.07918481228051055,0.771778192359496,0.9051591070365286,0.5447000752002461,3
0.8387636228876822,0.7684887892011184,0.23537549301608565,0.2837507134550425,0.9270605396031397,0.7631468878101794,0.2550422573955405,0.9531852006984178,0.7874026253584387,0.33738786914617214,1
0.2389863689030424,0.47312897281003297,0.9822950001132336,0.4101981941057101,0.684715587249358,0.7814092934512993,0.3385265727700475,0.5112928861349685,0.34159725712874645,0.2671363489067916,2
0.3860235285835829,0.8353855643280903,0.6568143384362045,0.9527066813022654,0.17917289253336532,0.738804740095887,-0.16983057135873303,0.6874382794115257,1.1362412038117224,0.5487417145350547,3
0.43404614588023926,0.6464069760507769,0.4131566033940368,0.7431783568613854,0.9446020870119323,0.19757234886412708,0.6906755192288059,0.08623754228742525,0.8288740024782084,0.7958537505428769,3
0.5891559816430658,0.018481752929868034,0.10689835476091049,0.02727135278669441,0.6818715307018435,0.5302070919211251,0.6260880005069586,0.11614334312724439,0.34902159714991704,0.9485070326057274,2
0.7881332401833966,0.46522603975073684,0.1392201358170433,0.5248910266884719,-0.09501516800385915,0.9885996857571137,1.3135741605934028,0.4315865255900907,1.184392496381322,0.8934261013835816,1
0.1316785978750357,1.039114127629373,1.1471506700016239,0.812598247513805,0.5196931047978709,0.6521344928436247,0.13989491610286228,1.4199216524286418,0.15797390308297016,0.27695689188148387,0
0.09769461418318659,0.39994652526188795,0.2865544800604957,0.8654586199880723,0.5823619856216747,0.8832491467335539,0.8547469635993357,0.2868675654830787,0.6858773205592248,0.2875406801611272,3
-0.031389331131741194,-0.14736368617521006,-0.019509797463736045,-0.550889985074164,0.6424231007872228,0.19632914304024143,0.7651096035703108,0.09942386991015306,0.6537988577145946,1.4328552405174324,0
0.13637132663504434,0.15797155942929966,0.2851570024871691,-0.018297631260197386,0.753639146781641,0.5710241040283267,0.4948407831442744,0.11538911519728232,0.7827744009130708,0.7494581129978707,1
0.05561603902982995,0.6887319082982012,0.4851495949754873,0.6854498394931107,0.605546400445325,-0.05494966881952173,0.8746393995591821,0.4890125587359772,0.7736483399397336,0.9213441330881735,3
0.8280828165470345,0.29430865014611873,0.8912103430846015,0.8040908339357202,0.19795351994524882,0.17882683580863856,0.09737434882970494,0.15723314949759293,0.6390181703694218,0.22291913363078827,3
0.6616030086064787,0.3241110316121027,0.8829132841251579,0.7881045140255644,0.05527087737186234,0.2656862124799527,0.13434988758248223,0.10027077388698788,0.7184747971291773,0.1386733004952568,3
-0.050578044404012895,0.7152532954322599,0.8996886930417844,0.5383551220476066,0.4824590661684428,0.6084603405450502,0.9275283302004214,-0.016696644044258052,0.4259521124010067,-0.1244038810798091,3
0.2651317312652514,0.5033692284238913,0.12481498996105334,0.4599263053441857,-0.26057764702620656,0.16808864084272088,1.4202227438527828,0.3103896118369024,1.4051356920558775,0.19277517365730842,1
0.6835023602216386,0.2371738554945414,0.5472350008413678,0.5517537104894001,0.7013968547926077,0.6453243674306698,0.6132410432330262,0.18332946659027263,0.7816953223020557,0.347418387291896,0
0.597107886073839,0.939109661183544,0.10946434826266925,0.7328604131906788,0.299701312759469,0.511266371393803,0.8526387872310606,0.19937254991207548,1.0088601514794349,0.24084355441936556,0
0.6508474528685365,0.3329544826730551,0.8941469546698414,0.49881665306064327,0.7005964315157654,0.4817482237197252,0.21279176054699245,0.5717288481666876,0.3802764622095399,0.28319139219498984,0
0.7906945517778046,0.4306088181611174,0.8208639536312332,0.6854325728542011,0.023424520252881956,0.34429011211968324,-0.07049351407266716,0.2007650484516774,0.5676564765706181,0.01055972149004461,3
0.6822808632033734,0.8796171112700462,0.04095615418941118,0.9799526289368625,0.8926538649735236,0.5058441876867358,0.1493116870944447,0.7055216323495954,0.34883312404670114,0.10831439703835069,1
0.8532871375336627,0.7726325041516016,0.24167299287212252,0.29491938959640274,0.937858223921893,0.7443597100939865,0.22949147485274765,0.9670829870366429,0.8220096274908849,0.25823082273484166,1
0.23690350872007365,0.5629632565741857,0.9367825663030835,0.053609402709804674,0.4026040455117973,0.6571552528108352,0.13581184673996122,0.38757087305494853,0.10278967706835992,0.8230553593881583,2
0.6939229386769088,0.24013153294045245,0.9751060433856475,0.3856298558891042,0.8141460501082051,0.44127726290493025,0.13017145340612554,0.5963663905666033,0.35623172097559613,0.2969489099664269,0
0.7726005586349947,1.148081040227288,0.5234987497333239,0.028564612105331788,0.37045439109016715,0.1806621194177836,-0.1429733370837029,0.3732775387554962,0.09775294575215357,0.5191564741001036,2
0.5280132790300753,0.41912670854144757,0.7842967779895453,0.2593848072167501,1.3418436442648511,0.02306427701206412,-0.2774011436803333,0.8456527010368569,-0.13030453240782036,-0.018406855619289127,3
0.827637656477521,0.6998228685969855,0.12120919838228865,0.14804857116341896,0.9633413821426058,0.776006672418681,0.24685325185422702,0.9631033820785444,0.711272271272155,0.3409736480155583,1
0.03311647445949561,0.8911127798217993,0.8387129309870853,0.7139291125754619,0.30036525583984797,0.8222218975785653,0.8166643287776635,0.06783308273653735,0.4323720261873951,0.1293952758920623,3
0.19606414008690207,0.3964762995542453,0.9361393404078446,0.43062840471076885,0.7867297333241547,0.7915243136614486,0.29788264591608604,0.45399831229079185,0.2901291405743391,0.2521696661715181,2
0.18357091860195618,-0.026558078148940567,0.3957899936940474,0.3486359691639423,0.4202883219424193,0.3104403889823433,0.7107726779560614,0.3389484327113685,0.2571978575829999,0.6593075402985669,0
0.7892204873516693,0.30835410913124234,0.8897603484771759,0.22007957579915816,0.9846921827228758,0.5937603423124194,0.06561122052737553,0.6350743285931234,0.21190536945724092,0.22518182777258502,0
0.1379572417479559,0.7981792602646134,0.7387047376037753,0.637151523653627,0.3382232054790087,0.9247203704783261,0.9201721664272583,-0.027204402538865774,0.4102907529517758,0.03837220676779121,3
0.4863053115307001,0.9417948141283244,0.6783393484812833,0.566998577186256,0.4357704022350961,0.04579780310366702,0.653232275949211,0.5630083430301205,0.385105502727234,0.7289600777637583,0
0.6743135253124872,0.8853418791161919,0.029589239425298383,0.9689758123723983,0.8928110029566695,0.4980540139915916,0.1472435451525701,0.7052353649758835,0.34907025674956804,0.11232769523964897,1
0.2510768586415292,0.5837561125966947,0.9504440936317833,0.026279777215824827,0.42243245042116606,0.6725919270238603,0.14921858830734377,0.403927836981102,0.11096335167231361,0.8269827757295392,2
1.00545078713169,0.7403090167217354,0.0988750402517167,0.997896685492592,0.8204277767820449,0.06433857110385742,0.008675977251396703,0.1997428075220574,0.40316726012706183,0.16161839735749173,1
0.19468545972031787,0.6096072971862191,0.6100936827037955,0.23599354510800724,0.20665352091677266,0.1278062074517568,0.2886834950779922,0.7805216670545603,0.06469448324616504,0.4952882368813932,0
0.37589651155733056,0.9527051693237333,0.72629342110997,0.4816907495195072,0.39667549679780345,0.17700064645285288,0.4327056024009829,0.6809149681595388,0.17209071463741646,1.2826817537761777,0
0.30408683397673514,0.204417638895384,0.7912818963597181,0.6338083871605302,0.7106120183211235,0.497991123322111,0.3184566963926457,0.671706899305814,0.7957336092806746,1.0192972824291036,0
0.23373460412990305,0.6962399021037603,0.7119228273296363,0.6205007902775861,0.5412437480664815,0.15276670977674237,0.9229372489380017,0.6688420141572775,0.14378435979788953,0.8836950065204795,0
-0.17509090308191422,0.491405272614887,0.12115833850554608,0.1582916678188631,0.44156231085322256,0.8605873888052402,1.1580126016183123,1.0647184491695358,0.5617638957917797,1.676479641569653,0
0.8167756401306606,0.4511844181031338,1.0003360776587815,0.8082617952980099,0.20482757472174834,0.38571127532245875,-0.09962240974274471,0.2870386358327274,0.6034417276747229,0.08190147894776528,3
0.6358607249014833,0.3615785940353681,0.1313768057324869,0.71168592163275,0.6078002365764543,0.6099086801955512,0.7855148628608002,0.2196007543850304,0.43571125369782954,0.10243412652537133,1
0.7318044976114956,0.8638770690899853,0.0454475378980073,0.6588076163590869,0.8546995803155162,0.4077652409680043,0.11501426742473396,0.698130204908752,0.9250705978721121,0.427729949000934,2
0.7952672839390894,0.3717174457658066,0.08460682872891236,0.6015905572284926,0.22438036380523593,0.4980120890429878,0.4190118142898471,0.08799288589611831,0.7649837555943886,0.7044645660540443,2
0.43018934505292383,0.006408806547191226,0.8746317824436652,0.32255845519045967,-0.04165353455764295,0.9269097325056216,0.7053816708747016,0.6395409694109255,0.5182102996789631,0.9002719715351393,1
0.21275978530792183,0.8792515618918049,1.0900131966928872,0.9243174044705771,0.7859721591236637,0.13107093504725625,0.974902752052843,0.408609316345067,0.10272248572997414,0.9258617737605769,0
0.25283390775505227,0.5444791974489691,0.9361525076703336,0.04011835187789431,0.4199448375139219,0.6898741490526912,0.16315629832087208,0.4036504847775026,0.1331036909528361,0.8425375644134491,2
0.6674912548481575,1.0259846741703487,0.6082346522375763,0.9601623279794014,0.4722732313112496,0.8115761190738924,-0.12973146192416257,0.2568123214939915,0.47560758471908515,0.18005982296117762,3
0.7477488224555845,0.419117283365385,0.8234632217043908,0.7287533177642624,0.20257242748931398,0.26570387935670586,0.010144856708938305,0.1569117024859831,0.6758762116270922,0.1531023557631757,3
0.7697628419839128,0.515398854198001,-0.19522035944604055,0.21953260720522977,0.19770053310280067,0.2956359953739036,0.006419765984251508,0.2072753482519574,0.542761493127234,0.1683716836513449,1
0.04016790517743657,0.7635160913880699,0.3904180580149066,0.6240111267968808,0.7469285288296706,0.06810109924034602,0.7901593315798969,0.26047897445098833,0.9081440259870485,0.7942156336883149,3
0.9321720210283323,1.054660855823886,-0.017131182447381182,0.42073640941763707,0.2990464554112884,0.48412487257796233,1.024244387109548,0.17462840015925493,1.1268440081701752,0.42197709043884557,0
1.2601163582862158,0.03976644116405145,0.02115585698220096,0.24960475882724953,0.07947013700790506,0.5138939829121101,0.38701995470139644,0.055326688905256216,0.5739939272460758,0.5634689623763403,3
-0.5857575276425543,1.0465002992771062,1.0307681314899293,0.8565152653587679,-0.46505108825586006,1.0358054389969302,-0.8633749780318242,0.08501506172154771,-0.22610230450481905,0.35807172305853935,0
0.7111832530335843,0.318667127454905,0.5535453791228522,0.9799864412404041,0.5951466829711226,0.6787083172296441,0.5693840635898186,0.23694988071886247,0.9553817576482384,0.6902360014086659,0
0.0535385611269265,0.9374347893631505,0.7895516639589978,0.7408526534606876,0.22613596886419846,0.8736467586467288,0.8932990224245059,-0.0183274059509643,0.33641029387852917,0.03678601328378629,3
0.8388582107357397,1.0597359465618774,0.8853681471247381,0.7824145959096162,0.607032880628076,1.002145291981128,0.05981944669756864,0.5593157916128726,0.6674623919504079,0.40724615351061644,3
0.26559359436874524,0.5787851503601381,0.7453159270057144,0.38906406522564424,-0.11252448980789986,0.09567711166079396,0.3229300035041297,0.7406818853652207,-0.0907863765199407,0.5627245795505715,2
0.3328036942083231,0.6556835043561121,0.6960311840864389,-0.16051162095251792,0.3261770276033264,0.7318579549872523,-0.1492737507104016,0.5467186298074236,0.44150196842078393,0.657226229607754,0
0.44746997572636943,0.9009584128528325,0.6208396974402444,0.5508527989710664,0.48169680667023634,0.14815270957792473,0.9559517208468088,0.4974724654820965,0.2829781783993953,0.8219345341680997,0
0.5608363625002049,0.16823910862636499,0.8788213627532444,0.2692160459608568,0.5081639594107431,0.4857191847950879,0.8277945081989762,0.7801836607501647,0.6223314310590902,0.7660345237515804,0
0.7778760408897295,0.7482084064334218,0.1954444070965629,0.3572235471266763,0.9594050129807288,0.8419736976259498,0.3502683062403759,0.9316549811840477,0.7415188431736959,0.32834727873931874,1
0.23262208848128862,0.3010213050250152,0.8579087293001272,0.5980205759420132,0.8153317119986565,0.4527652767572451,0.29510979725412634,0.6310729782980604,0.6078272024604079,0.9100173814924117,0
0.2636430875685085,0.24792738793642427,0.851646804915482,0.6549698617245364,0.6781416314112882,0.33381105268085504,0.30677953430770105,0.644371016904359,0.7996467057498918,0.9164347494865658,0
0.2909278090380032,0.22948120727306368,0.8851260055189069,0.5359615734046679,0.648953314719555,0.7990819311647452,0.49521554803152656,0.429818840514541,0.18107050883254042,0.17048171126460554,2
0.46296363922839595,0.6555833638841199,0.6621653762825808,0.1339901801838772,0.3406699974992186,0.8045712195619036,0.6379746380083732,0.2504223684495192,1.0885580946992977,1.022168803492978,1
0.698333405100243,0.765535828975657,0.04231156263034254,0.7878357169119597,0.06662481414894289,0.32414610504584,1.0259683303231375,0.3466913835604857,0.809069759216456,0.3963158491836909,0
0.6830333305341675,0.885264525622528,0.039233548589274775,0.9748558494710139,0.8860855910007068,0.5011441656080152,0.1549735375392886,0.7044387982099398,0.3492754172669201,0.10299572456243145,1
0.814404919479134,0.7516004057685362,0.23923309468437243,0.3203824336069519,0.9058049459587432,0.7762795996022279,0.2824722692726742,0.9691395176268478,0.7998593955340998,0.31111286795964654,1
0.6985949507532476,0.3286675366693505,0.590580910888031,1.003752616421882,0.5568626043366569,0.6751009619243927,0.5691716487809496,0.22342858531863916,0.968000836855257,0.6826348468689065,0
0.722980909653684,0.28192646427267926,1.0300365885882425,0.3708000111339552,0.7821943823322756,0.4450703003153162,0.13408864098797924,0.6347171399172641,0.3085073479804676,0.31731011977294943,0
0.32074206276723993,0.6434644347098278,0.9024276871143264,0.4740199108236043,0.7251696814793057,0.32894765999009823,0.5488918546162198,0.9005220842328276,0.38587367319794696,1.01869456932592,0
0.3057236164591605,0.8193113350425845,0.14321626712331795,0.7800810533125746,0.20962021451312085,0.42909575850675424,0.6718537673612808,0.27745060116593145,0.5856554209329242,0.9014684690443862,1
0.25754514851108734,0.5812402602483673,0.9381217872181177,0.03217324974189869,0.4070570369527152,0.7028700900493663,0.13843469750604764,0.39011157110301803,0.09967087097851032,0.8369494787581037,2
0.3135071426313005,0.509586485229913,0.6343841216922592,0.16681566599026001,0.32879513783553593,0.17472526870559826,0.9014603233676021,0.696513184113087,0.6270340318658973,0.47345049419007973,1
-0.07873737363734212,0.6338909275476335,0.7751535226855027,0.522459182743467,0.17965417089290084,0.640275893976152,0.628810784613921,0.5763900145516134,0.1290018683043142,0.7590285266717702,0
0.22961953922386574,0.5353668709772115,0.2189894530427942,0.39026124640721177,0.8206887573306834,0.7968400211793688,0.24600645886831243,0.272000353233152,-0.027359882880447065,0.2231476772834166,1
0.5391998610406382,0.8372194492977205,0.15717836377443817,0.5100804441245619,0.4760704411785413,0.3987563517547378,0.7509951764000163,0.46040571491455334,0.07107683445183616,0.47140912883237795,0
0.7540239726464469,0.846701745690862,0.075784997093526,0.6550692249131719,0.8835770452163861,0.3991844220893655,0.12393223569014203,0.7189201338327277,0.8905914354431196,0.4282987544584336,2
0.804467427789338,0.7360314854455455,0.2572200171508348,0.2980305379983768,0.9214735787582574,0.8021116085010483,0.24642406524565172,1.0009216980688653,0.7926457392959081,0.3135568999002488,1
0.03387088225154328,0.42910157575412783,0.312986149464242,0.3522481299977194,0.893823884919517,0.8037428494523057,0.2620848445554581,0.14229089060187877,0.011722863819640605,0.18646830485480817,1
0.6197793736873585,0.8494285621170787,0.2760807326516617,0.5115677790539055,0.5899123414277068,0.2892165293191561,0.7496955306273678,0.4382275399217479,0.09918321493960897,0.6259927506194145,0
0.26301828999523436,0.8191019244630181,0.376218951311172,0.7439279518521622,0.583648596040309,-0.06954910835003333,0.9231123059228936,0.34101997984211513,0.7098450559693221,0.8799499910626808,3
0.09679919044634283,0.8231533257583776,0.1776313262995059,0.3195735980140014,-0.0031333576593181034,0.432402423564735,0.9485909125502358,0.31524868256529215,0.6260828724347218,0.08763117589460373,1
0.7771927659617283,0.3192631803340537,0.03991439757697807,0.5091365032102224,0.22144591804162408,0.40538002333208456,0.4052893695246961,0.10992812833339016,0.7987206149389271,0.6962943632646947,2
0.756335231981218,0.8406973111872411,0.06837324736161646,0.6559631413970531,0.8783389151241854,0.3987162653230684,0.13018305204542127,0.7198772996108658,0.8838040866251181,0.4298801102711216,2
0.5344860172873948,0.3133582683760078,0.39053999020299335,0.7198230429060231,0.6251295348881715,0.5588677807471293,0.6118180689726527,0.15451289025467876,0.7971750970461216,0.4401641291059031,0
0.3108712074027938,0.8632178809513066,0.6198139570659508,0.33544055993201044,0.21497718916131228,0.8073502842037716,-0.09611976418793348,0.023717566039119342,-0.0253330347538146,0.8316563067462327,1
0.5240544834005894,-0.16374416892123883,1.070658476137621,0.6156432561699041,0.873793390763056,0.9244043689631709,0.709321398461858,-0.20648860838792504,-0.19386520922951178,1.3376094153484215,0
0.28861872776179565,0.42986485510355577,0.9825628840274436,0.691045483130164,0.5656602207155044,0.33066231346524905,0.493979790748168,0.7147448907058481,0.7740718646524607,1.1473388889256693,0
0.3422397223961282,0.7686022730994907,0.8730593151134496,0.17208873169418223,0.23601587489702014,0.9490974070703894,0.04974526761820075,0.7667920582857688,0.6016831773567842,0.7468799631243198,0
0.6972269182076184,0.12951227356692688,0.43690193799453425,0.842639369088699,0.7911204079946541,0.6528107513076745,0.02095420669690859,0.12248826290232404,0.2090918261303231,0.1963893760927856,0
0.7438307896060682,0.8677967783833248,0.058123599060951193,0.6584742479220543,0.8737671091036692,0.3947757698119622,0.1407696027745516,0.7330150604345309,0.8746048553611867,0.4160979823987399,2
0.19776545954510671,0.6803371173044106,0.9683043840443465,0.404341393720313,0.4977060555882543,0.3153536620021258,0.6022221791279698,0.8666357996890697,0.11785894142216188,0.8173602911165821,0
0.6233759363694489,0.8817042242434441,0.2547326547950154,0.4855965241436148,0.5763886345583717,0.3011119721621284,0.7193494146096887,0.4891434989356872,0.056182662268770375,0.6523398924471674,0
0.46800553031795267,0.45392556429821235,0.5958478889851364,0.03627671310073777,0.294766698825566,0.2860336417866902,0.8689224023803912,0.7583666480533144,0.7317306664322994,0.5144224482055617,1
0.15880569791096788,0.6166158316870647,-0.15603376288068516,-0.2501230149949831,1.2154936492067745,0.7027731883715608,0.4097271217551254,0.6015336870126382,0.21554218918350518,1.5420863998188121,2
0.8294711070387615,0.40153039685599806,0.867055324575898,0.6831593008594132,0.09530131585299127,0.226117137298814,-0.037238861818945534,0.2216550341533564,0.6676659979021331,0.15825612413567164,3
-0.04438750838330448,0.8675186788339394,0.7743441456578863,0.6557384165483071,0.3262490834941797,0.8970007653166747,0.8322661326214275,0.1348641717898154,0.4089755310228047,0.1641076095260998,3
0.7892572793872463,0.4292526023507639,0.9596927560391382,0.8035316861835863,0.02183857977959032,0.35771151989051875,-0.035957084367570336,0.24178962253127861,0.5661175576170163,0.031054574963942844,3
0.22854387746226196,0.4395422143946617,0.7033169629426052,0.5430135685192672,0.8402341249904095,0.3168805584225437,0.6416548432783095,0.9532968769245198,0.6495124243262898,0.7188967677373547,0
-0.395637950093897,0.3421217231445707,0.5750621918131988,0.8538665214561394,1.20758945667256,0.7111503121511833,0.05382205650289516,0.4487642181024659,0.45211282557913923,0.24360232090073453,1
0.48777883881128137,1.1487821140615229,0.33083857665017846,0.867744199714403,0.06885469858339388,0.16769383019035827,0.9842025162774806,0.5343635689436386,0.9014605176814067,0.5736904470349844,0
0.6063894165703317,0.18743429853888066,0.8964275485023885,0.4573043721362064,0.8791839974574615,0.4135038271740016,0.06936955850552956,0.5250046719589119,0.3541827131021892,0.2488404542618978,0
0.3607198591217475,0.3567808769979913,0.9333522761854878,0.5020453358986839,0.9046856980988328,0.7119572501782044,0.13867053628301326,0.4140962271723856,0.30864638430262,0.04788743784234206,3
0.4232399244049627,0.16446205700721112,0.09348449131550285,0.6467107554596356,0.933444026296693,0.6693188319658115,0.19686890223792325,-0.008942938137410317,0.2730635859102658,0.5293321924280785,1
0.10352084537469403,0.014118638889797863,0.8957245703057521,0.637156145181667,0.9443200903318181,0.3472238713923423,0.2304416411189328,0.9095646169228282,0.9478287425761658,0.9936056505651237,0
0.3005261890885028,-0.016551267294787536,0.5457657753123907,0.3470763434774291,0.5712171994544127,0.39642485552602463,0.7247301435600952,0.317695432810441,0.4244898492678782,0.7813049184322028,0
0.8627287041854171,0.685193619088603,0.3712150100752475,0.43156162570091583,0.9973312982802998,0.7607157861568196,0.39538675009994184,1.0442120313439995,0.7116272473318072,0.3694525182034751,1
0.5388159978717755,0.19081734849944376,0.8727097595309534,0.3873523962506674,0.05054805876981939,0.7359598639045225,0.7454331774534566,0.5590227175857223,0.5346702964564816,0.9702298696467933,1
0.7897566877755742,0.9581869975794508,0.9716577618497731,0.6852787978977672,0.6099048176453462,0.8197793172331498,0.28147086572109475,0.383323265993774,0.904309253722319,0.2803359848479662,3
0.7605489735420281,0.8405903586402833,0.07927367242290133,0.6457528239007552,0.8695007599860487,0.4042943530684628,0.12203438182946988,0.7122293813489783,0.8989594569974915,0.42530583708126846,2
0.2927194393487555,0.17014081852283092,0.5030877859769237,0.6812961815083293,0.3410500944392467,0.7887826757320509,0.5528211101446872,0.7586465987557083,0.8299273108856924,0.8225004038734688,1
0.5162652879054693,0.16689249833887912,0.18473863701759313,-0.13960062641319557,0.7740081468395827,0.5652939163117824,0.7732179786957749,0.10015659594827009,0.4631614629534917,0.8589432386982647,2
0.6521730205534418,0.42100372368933126,0.8050270331738028,0.4963983249064911,0.3248796417622908,0.6109854809294091,0.40739007417985756,0.9209575752268937,0.7768683576335125,0.8664603961242419,1
0.736889054721277,0.6336503420460442,0.6508346898254381,0.6914131553142644,0.6976338800280784,0.37055888725633057,-0.05844514446520027,1.0518098788781058,0.48235214596439424,1.0264609925124097,0
0.2734290963857828,0.4295843568235051,0.5851746874884776,0.9160539525626754,0.6055024935870025,0.49738129589446667,0.579138330592626,0.1977307237537167,0.23412354426452278,0.2084205889577555,2
0.10547614649333938,0.45794437397442134,0.19756772965384622,0.3541881924338106,0.8019025776411828,0.8221773781395121,0.11624822836421854,0.24959331876342244,0.11185360515478278,0.2874622768649452,1
0.3076506975338466,0.2935415542204048,1.0534982124573558,0.4649496794577507,0.6745028990246886,0.8835951008728825,0.35246154614137026,0.5973766758974652,0.33918556441903996,0.3160875191165235,2
0.3864490397030159,0.9468389948980263,0.21650439993188966,0.43808452649801777,0.26862788727860887,0.24699176762895306,0.8917510262288486,0.5350850452616011,0.40091112420738095,0.6781363974788625,1
0.5102751375355353,0.2437532458025572,1.1543430586922347,0.5856601438948175,0.7232448856571755,0.9285187888577338,0.17767472409882668,0.5964263249773452,0.26341203898732063,0.015897561730125936,2
1.3139134779749428,0.9483735430728776,0.9153602869939982,0.564063631382707,0.8758908167383258,0.7047202969227866,-0.40953368751595254,0.6879344510151739,1.3838777304693253,0.11882765688784547,3
0.6594235500360917,-0.10792594677030595,0.1093602034454799,-0.35070603941465384,0.9036798868022531,0.371899560471438,0.8956229643474016,0.2882743888789225,0.3484128807341686,1.0585488446232902,2
0.7779496632975061,0.38332861552163344,0.7301217636555067,0.7844752352687678,-0.0495961165083193,0.26360987002305636,-0.0033480050180516286,0.14026810591339894,0.6821679277067446,0.13690828101584943,3
0.804034879599254,0.008901509113775432,0.4257988395767319,0.8216096685998864,0.907091441165008,0.6474548011245417,0.5310772834762444,0.9152511496785416,0.7837284793283059,0.5646453520949576,0
1.7160312790090555,-0.1773715672467725,0.0475535602505085,0.7521255830509722,1.046714190468282,0.3664593322084916,0.8550225986334719,0.9600996441523109,0.567289114515155,0.3695075748182548,0
0.6667157381262503,0.24368540240488254,0.12965568015890125,0.6309784132247421,0.45581861042861993,0.6201235597678791,0.766223821495093,0.11178379346536899,0.511081577141389,0.2306182698852171,1
0.2509631017891808,0.3638482782831808,0.41826192209155866,0.4876840458419303,0.779844729660606,0.9710867118002726,0.19059828306601054,0.23142139558603309,0.18185985062005472,0.3312683860816201,1
0.5075489935516485,0.18933942983180815,0.8806141191218393,0.41757882396750357,0.09360920982854073,0.7744027485860719,0.6580504030170771,0.5351845698735975,0.5044227884071916,0.9866965187609068,1
0.7729187603343354,0.7906740305605032,0.2135712316436915,0.30957574741199645,0.9520226101698019,0.815761695384866,0.32530974875011814,0.9631073646880954,0.8329254490077895,0.2615226637500626,1
0.7657815384196125,0.3809216162836657,0.8908824926706287,0.7247856191748907,0.1246431138860677,0.27388177474727987,0.007556099298477575,0.209644728927061,0.650639673636758,0.12083549788799398,3
0.8760328916892001,0.12699218013954613,0.27138274562477627,0.34382458246231795,0.45654284549835483,0.144853143512603,0.7744936128858285,0.32148283896429847,0.8625596519025551,0.4115321952180927,3
0.3719288978747226,0.45949054092783354,0.15846943211256442,0.25008367501968565,0.6358406527767233,0.806881198849032,0.026080860036754167,0.4107800902199852,0.0916249276876901,0.14352815058366647,1
0.32711636391092863,0.40753610063645784,0.4789975713584701,0.7028024157523715,0.7022650747150824,1.134700243192202,0.2890034948633541,1.0716235046568159,0.6798620504174309,0.715324706145172,3
0.22415975841350066,0.39450132094419393,0.9508619377412191,0.40301042426990186,0.747551251769484,0.7725300628490224,0.3114217515531414,0.5235706053033526,0.30391171960629076,0.20772628565682177,2
0.13585991656868174,0.780236802183318,0.7804179175327198,0.6048449074099048,0.4161234392516069,0.8339257480158916,0.726000166979253,0.13511735062334518,0.48204620591115016,0.012579099473865776,3
0.6184470684680551,0.3477662935007405,0.35551326624896734,-0.17911641313272203,0.636107471988067,-0.04775714144458931,0.9922932334355917,0.8860813423759372,0.8321976392212964,0.4966867212802438,1
0.8477288943704515,0.3723176443266203,0.13711743493657513,0.5731162684788,0.09916607636235436,0.613802635351276,0.4029610933332418,0.19267991161111442,0.8616994732214505,0.7230014471713433,2
0.7982558319274773,0.3686742653363268,0.8891726312115921,0.759052612867679,0.09707556568678335,0.27146734145792367,0.018868706510951433,0.21892136222443317,0.6520379552994368,0.10349500001485969,3
0.9528039632029799,0.7490854351297656,0.11357096006885375,0.9670873735607916,0.8074010264246266,0.050575576509863,0.10974071245179425,0.2910157566540034,0.42669045260811267,0.10067937528892612,1
0.6853530636393826,0.8853876776609378,0.03753482021688059,0.97603963571939,0.8905575317784968,0.5004174710173763,0.15900558212358595,0.7075097698940325,0.34914710653371234,0.09848546578827486,1
0.507748793496115,0.15152361598923342,0.24652834326531603,-0.16640630957256608,0.9340306862241378,0.38200907919523275,0.5699289317119736,0.3720312654316438,0.19512384517951564,1.2850187735486494,2
-0.02895768192126294,0.552896065157179,0.7833913470040675,0.07674555094298013,0.25369984828813075,0.8740672973959004,-0.22830240341499947,-0.04419339649294207,-0.4086291744277786,-0.07451493111446067,1
0.530149938971115,0.2885195110103782,0.40327064135311724,0.7102786885104578,0.6272701547302255,0.5641447460131771,0.619219997859177,0.1340266601319316,0.7973942252887175,0.41755470265345335,0
0.034272903433318895,0.8942589917006741,0.8397278462138088,0.7101648754428868,0.301919193212432,0.8144827382103873,0.8238521920200255,0.06614086590823322,0.4326058503936226,0.12155531408306747,3
0.792550314132944,0.3325148954002884,0.08226741394722949,0.5293471773597705,0.21912802847337695,0.4883030773675874,0.48621241985036345,0.09816509025450815,0.7876831325903828,0.6397256445797854,2
0.6175074706428496,0.8509396113383892,0.2665883259876095,0.48228009006822814,0.5721662277472216,0.3452281586727284,0.7217114381179985,0.4833151974961926,0.06853785742542975,0.6655780772423304,0
0.6213373547096402,0.23684955403249866,0.4770461821700539,0.6649846922488716,0.517081950200488,0.6601000656454962,0.5106145938379864,0.06390882177857743,0.8092664885048017,0.4104937931338869,0
0.6272158063982085,1.1032621372267235,0.5771477707187773,0.3320729411403874,0.3070804803325871,0.7790860680496962,0.2590686698310636,0.6528553636186132,0.637725445060755,0.8614797355112602,0
-0.008913703308216836,0.8155538869627244,-0.07978785860591092,1.0674775479077057,-0.10036835156832713,0.7141119235390847,0.7123446726445659,-0.254237818030446,0.7798761710388243,0.7417304564606965,1
0.6712867684789987,0.8663267995388431,0.23373755735310212,0.4996976751128751,0.5128632655162386,0.3142018768714674,0.7359751953046288,0.5107379088934433,0.061567234830940384,0.6264324826752492,0
0.7676964259291277,0.7962582581129649,0.26456229586718555,0.3288335321126266,0.9084555232358172,0.8176374676801356,0.24585276045954285,0.9692954826191676,0.8200601740961297,0.33592600666183636,1
0.4675545495145323,0.8981556353018939,0.3470281930293947,0.7989288526587955,0.060299462333696485,0.3255540829439415,0.6662113424369087,0.5402670185023798,0.7022334902475107,0.7365187571584343,1
0.35877887436424283,1.2228291946817937,0.7749544514112282,1.1283335048899545,0.27589462586703867,0.8514750527816715,0.6988470826321624,0.23465367555138686,0.6178372230334559,-0.07248846423198954,3
0.2587067728044961,0.5888290635148592,0.9362449212153061,0.022671920505108547,0.4198418937234803,0.6718390151953354,0.14447845077364932,0.40299719649242777,0.12464424614152819,0.82283836520404,2
0.690255134825945,0.24381869191792718,0.9926025548473403,0.39371159876442113,0.7975554101751635,0.43598590886404365,0.13022692076076975,0.5828721161712697,0.3410424095773847,0.30465260002806055,0
0.5460187081490713,0.6843659894556432,0.5685910776251664,0.24514393274196972,0.30722658205321995,0.7614465928963173,0.7072250441396385,0.36700961417346745,1.0367909503377175,0.9495561114878572,1
0.09094654781069461,0.8948759881998123,0.5025141194168855,0.5831145623628651,0.44536855580030593,0.9903127296019736,-0.03693450632426948,0.1858311742768412,0.18713227433278096,0.490499571302191,1
-0.03216470890488718,0.5761605203892748,1.0660900526835917,0.5601002472243064,0.31466943500955324,0.32792428857863176,0.46828953378336186,0.9994043386024637,0.05841515964920313,0.6897370750814535,0
0.8365997494787493,1.0270499430332054,0.964203495268719,0.9012218386413394,0.6890553497174768,1.0718640670762771,0.06808168812169241,0.6635964916227464,0.6710942076976454,0.5246050643756659,3
0.37498982533248404,0.7768563885908968,0.7595725633803063,0.7202884789566646,0.42993364899837827,0.13975247875814453,0.7824397410633691,0.44228401643907805,0.2965485063929999,0.7077194690216645,0
0.2954190812658994,-0.3869994449943751,0.1040495065181454,0.16781874664767615,0.16361782126500557,0.8984573646683502,1.0835582476031294,0.38330504131696624,0.5456683426680674,0.8575055067074242,1
0.6597618810152829,0.9101903571954608,0.7341483356811009,0.7867350543769953,0.6518749659450781,0.9062664970236901,0.3738533478084055,0.4712662807253281,0.709366671721166,0.45789401113758693,3
0.4685840769564681,0.07777015252191691,0.8466313649453256,0.531307482973927,0.06887101147752284,0.6366146455591046,0.6953531392434767,0.5501278756949367,0.47765011400394125,0.8120674347502561,1
-0.003277571527906503,0.6733362445022527,0.5768782366367503,0.7238106619233615,0.6921405086616174,-0.03751330215008869,1.0185296970316824,0.4304321657510452,0.8251135003956692,1.0111382755434093,3
0.545470415465469,0.014159820610868526,0.08085268332482592,-0.03026138148778163,0.7234780471147507,0.5273569753794427,0.625681324586467,0.1082176014060658,0.3592763529745675,0.9897512546152805,2
0.8945408814774644,0.3900771044320728,0.8218857099564988,1.1769839555421848,0.7407813199015905,0.8750352087543527,0.7360435076895624,0.8648331897007733,0.8305374604840939,-0.16488810416712718,3
-0.11645927283468194,0.9609322117717667,1.463643935013832,0.841141513817857,0.20931385152042867,0.5482627154887674,0.13923951393067244,0.9831794841001602,0.10177118118900859,0.30287334697830903,2
0.2672916857975953,0.739621867406716,0.4239017184599321,0.9738404171699186,0.29389238840407783,0.9609208644620595,0.11739301737462803,0.6847669299391105,0.9280915912775708,0.5793989357949505,3
0.08079641887444092,0.7751857686166115,0.5869222900823121,0.9809252434782824,0.25923004504048386,1.176525384249853,0.1967621709917973,0.5481530049596621,0.9659467955470652,0.6593832966265585,3
0.29318073954277685,0.47951244787233177,0.9816198733442719,0.4794048095691471,0.7010368160074791,0.8734293226116484,0.2803428682515358,0.4733381371672033,0.3512268799137256,0.022766145402009247,2
0.8602660628602955,0.10998508679987193,0.2808536894199826,0.3362071553528261,0.46978366636169233,0.13311597344756346,0.7796282376683493,0.3320725749701606,0.8706077791505104,0.399219200568505,3
0.1634584315552483,0.39664654809719674,0.22038558520108553,0.7796526499377084,0.5270728793276079,0.9078522920283649,0.8708969199074353,0.3932760540767133,0.7006804907216904,0.30810919526542635,3
0.3845944284296456,0.5016480084217069,0.9502954379611276,0.5249543168290473,-0.2101892329797062,0.5258352538886307,-0.08764006617240128,0.49141156142426884,-0.012989358323712286,0.8639558676729087,2
1.134095924704663,0.4331921047476391,0.18605019064361522,0.6725510117922374,0.2181992632757783,0.3042231727937236,0.2673582089437909,1.1327388573951938,0.9676642788655315,0.863985204094599,3
0.2944000797639254,1.3195628139482916,0.35391090773609146,0.08356417988614301,0.4074350777197893,-0.01889806692842777,0.7457189550811045,0.20332051894266467,1.0034818926462752,-0.1231654978209798,1
0.7665933400616052,0.2956889927457748,1.0497085651664098,0.4282034725893892,0.7181077766604086,0.3991226334951089,0.04694025399733279,0.678893850302751,0.37066511892251874,0.21828146312417362,0
0.8521755057985245,0.427987588393695,0.8564281298943568,0.07664959730863467,0.45858356826917124,0.3013516163956085,0.7135588421698378,0.8649747901988781,0.9571775274265507,0.39147418826668556,0
0.9755284138520266,0.5383728946501795,0.11054950458669681,0.47414008538740676,0.32676303392542855,0.8615796807117309,0.5581620417844445,-0.09864582349449727,0.7960178791263672,0.961907055045534,2
0.6793358736384744,0.8830277404880952,0.0323835641978462,0.9769905876860433,0.8858158399160536,0.5023547908822061,0.15757949241515062,0.7024147405443879,0.3439623505750555,0.09900132514349552,1
0.2738048638189009,0.7006639150194861,0.41090436744904,0.9185542920877354,0.27316742248709325,0.9073294468564711,0.13801264976258454,0.5704699482026664,0.8531024636827172,0.7197893633687539,3
0.8187594182864387,0.5787087007551146,0.007947589649046585,1.1440414739959905,0.5283731255279468,0.026378618965545608,1.0322209569149248,0.19939723088872285,1.0504095776897795,-0.004222522714486199,0
0.4828747736677932,0.3148052023979015,0.4129421389197398,0.6228301799535763,0.6088230679436215,0.5883156509105096,0.5811659833735704,0.18748785059433254,0.7050158252334223,0.35310727048751056,0
0.7084906474894787,-0.23473773858633984,0.06276612939147755,0.05339638316731712,0.9485082105975033,0.33626668706773966,0.413718185337398,0.43090943516221164,0.5047720425984811,0.7758096078625621,2
0.5300926785206143,0.4237824127110387,0.6851533537215955,0.7037391311001276,0.8833399464775489,0.33977672427848793,0.46380918052540343,0.024666913091494352,0.9080567203903825,0.3985807693014553,0
1.002778205123563,0.4379196327756587,1.4656736661474228,1.5499119967164519,0.7779930882081867,0.7153290686551024,0.39206218195749265,0.13460356340417945,0.903910600688441,1.0666951800531392,3
0.5342998510451182,0.8294781057049202,0.5699493065783913,0.20226391876861807,0.37248407114435417,0.7628522880634495,0.6156073979990082,0.29245701725070283,0.8893087609975084,1.009324898305768,1
0.7592559564422193,0.8579267891346337,0.07321017944528817,0.6495371068518988,0.8827594805983432,0.4035751920732266,0.10979059303975242,0.7078956252235203,0.8845049344461526,0.43282398349037715,2
0.5429412550975339,0.7535356849119138,0.521033633961851,0.23263688787280615,0.3108175771510158,0.7331470895454745,0.7212266948172715,0.3949786138958383,0.9402792909135987,1.0273851574502049,1
0.178759236079487,0.7407887669036946,0.5151905186862142,0.38594970831845476,0.32165837679822945,0.8341333370187798,-0.1255505555155558,-0.10871533030598562,0.18209768077814342,0.5859683527525588,1
0.6134702681689472,0.06322861497323173,1.0941175328262924,0.2784418913847676,0.4536022951359768,-0.08936450627093118,0.8572240586871657,0.9558291439719927,0.7126965755067537,0.2721614517766935,0
0.6419587080417305,0.23704560529409072,0.7184361206691294,0.5355593820027004,0.12214996660805173,0.8363116033139767,0.6510375172833841,0.4726782918572665,0.5369400817177472,0.9991173002280495,1
0.20154610211415017,0.7643665156238899,0.5342335130203503,0.8400274625664018,0.19829030956675536,0.9000779279891731,0.18688077394789893,0.6793206621330674,0.9179451817412316,0.49624728147718616,3
0.1831566045018729,0.2433733651693635,0.8253970308291448,0.4691198599428917,0.7586540241126726,0.30456872264475143,0.4746321307286565,0.6474081106799132,0.639963799388202,0.876445063298369,0
0.23584679608504322,0.9015291066150473,0.8274393021484019,0.6389775280500112,0.2664985870739607,0.519357196212252,0.5867655822708825,0.6667100537153658,0.18031034243433364,0.8639804226569643,0
0.7540834412151075,0.8502782510833777,0.07398736256551132,0.6469144307080689,0.881662765355622,0.393904232753215,0.11510190577233739,0.7210819083804924,0.894812068365635,0.42309899260022565,2
0.26240564233529445,0.46060829800884684,0.9484865358837637,0.31730794030632115,0.24268191116027307,1.0343231101356583,0.5776362026892683,0.7619961615672893,0.4052545001219359,1.156769287450319,1
0.5354900116147053,0.06196607190846101,0.1107905673069634,0.059273336739050164,0.7019742323266653,0.5936789237775483,0.6744135983600439,0.1548330878072613,0.35642077625257906,0.8982514522441816,2
0.37959326196935017,0.4257416547027079,0.5214353392763846,0.2758959975666447,0.6068009682844564,1.073973994005637,-0.06939059645849716,0.22763557558560216,0.10047721767826041,0.31965124100324405,1
0.6920364602549077,0.8590429426256357,0.31207683170069767,0.5393488991940637,0.6067110541053083,0.2763678518885615,0.776098809373151,0.497384440554194,0.10249799584567516,0.5942606330137055,0
0.16626897812529998,0.40480268508051986,1.1587226112074858,0.852825418335704,0.20835421938683157,0.45134155685527505,0.9821815053563059,0.9022092303771063,-0.10792543419300771,1.2800061450716622,0
0.6481141521754483,0.8656933305184529,0.24828266399757154,0.4932367646294063,0.5655062256624472,0.3135358087674812,0.7328872188027754,0.4801017980380816,0.06208899591906086,0.6572857007630686,0
0.5163958470641763,0.5190432055809802,0.5419227520919965,0.025387672495384067,0.276548138038191,0.22504864354665854,0.8569062993843446,0.7357969943761706,0.8538212450424151,0.6044145619496929,1
0.7382192678954844,-0.21585435710773432,0.40387337784713595,0.3662410820933441,0.41078266668429547,0.15008402005801802,0.3319834388153999,1.1226339109476158,0.2371056284893004,0.29121308350538194,3
0.1029278031845431,0.9607720536294565,0.8483422399024632,0.7193433976246911,0.2952762146661363,0.845755497069156,0.7194652370770026,0.11207939550995691,0.4866187080631798,0.1920830957579213,3
0.522134448379199,0.18888313983139712,0.926123807311809,0.5673079252233416,0.11843875121447886,0.848290222292022,0.6718012174319765,0.5186137738346617,0.5524909187813413,0.8145742786358098,1
0.06973749781467853,0.7443865241798374,0.8850605097555081,0.5143008415737214,0.42405471886834134,0.41930573213362854,0.7059651925399109,0.7744024143633409,0.17905318464399986,0.911786260069727,0
0.6764102742531127,1.1805025987902662,0.739716433676305,1.1923722047603074,0.8329621722076883,0.7299338783402134,0.4438203725297996,0.5308066245813693,0.6258293292162769,0.2185620211472273,3
0.10594986877880194,0.7124938886644815,0.3398678950203505,0.559282688489684,0.6316567533036087,-0.071689879319707,1.0058683529460246,0.6034574097021209,0.7921124138639888,0.7605573363160473,3
0.26958257692604787,0.03343184119345635,0.9811277356852016,0.3152764287354951,0.46125713270416846,0.24299207152011804,0.2539582089598611,0.4828971889422885,0.760718051480304,1.031248250909198,0
0.5133629731385505,0.03548606722232602,0.053143654979015444,0.0465489304947501,0.7057191935034826,0.5156413085546395,0.7768075125603746,0.32059327840610696,0.5134914699970329,1.0228450666625386,2
0.7051230929112692,0.31161837226313843,0.5576176039943208,0.5508404969729169,0.786005388688997,0.43076724818420664,0.635701127377318,-0.015102008529896405,0.7851598472381305,0.4918495605157734,0
0.493994597745686,0.7697544936116865,0.8221137384863594,0.7253365631908355,0.6856067982822864,-0.030912454875688916,0.7501396993850323,0.718236590512102,0.19756472333856095,0.8640339113666151,0
0.6549192099952484,0.9270812429422145,0.26460508666378124,0.5479954586970381,0.5136802413658946,0.2819323182625856,0.7601420447404408,0.45788197178782214,0.10803779641937784,0.6558126974223525,0
0.826322692651043,0.7535224574889955,0.24056925040671256,0.3215590067501009,0.927151216888583,0.7832136843882491,0.2663015183749256,0.9915509141818525,0.7830034402422273,0.28898478994919474,1
0.9396689023614624,0.4038699969911146,1.1112186589049673,0.6219424646248349,0.09700437208643548,0.4936192476122332,0.2374772870060141,0.3541123887048958,0.6221262220007829,0.08188683593827281,3
0.5468869797636994,0.30114997496805845,0.39275124449372506,0.6998993234880203,0.6298672856983472,0.5750359607346578,0.6298155941124608,0.13683222540935236,0.7972948016181698,0.42237528484204784,0
-0.03540931146678833,0.4963686542655022,0.8490947503398579,0.055723237096649114,0.008653432019460922,1.1735928385977459,0.14237005863829266,0.9837607736352574,0.5956986461145535,0.5867047290383351,0
0.3930084067890529,0.14930251551678042,0.6365540647264654,0.725069377372547,0.9343281021197082,0.25771633946048494,0.38308813494976396,0.8408567184600679,0.6087849284406923,0.8828315914838183,0
0.7601776064713452,0.4919475842187774,0.03275706987262983,-0.367941262999618,0.2556514259750069,0.7017869248936439,1.14485356219472,1.1948224987464484,0.23599395887657548,0.47238481863326626,1
0.18971389469922278,0.4805299157916417,0.20854739400071182,0.7875511156392577,0.9967970725093214,0.1305449220919377,0.8210263336170143,0.47599310038761533,0.7408339989221846,0.7124923084301817,3
0.01036163639066967,0.10625065697433865,0.6808078906421255,-0.0043735829977763485,0.834230853307733,0.2083310832877568,0.7144023250283104,0.5679050596923738,0.4976805046136481,0.8280800799671997,0
0.4093829455251047,0.2732598577728878,0.22393359637070473,0.3617580883239549,0.48353320169371383,0.2340452579710443,0.4718659483806426,0.54482765234796,0.13637637409281395,0.6578951440078077,0
0.5838295857831386,0.09128851317233985,0.7520559013719375,0.5380939172800994,0.15287938222881747,0.8636786633225143,0.6168854667459938,0.43764652427792067,0.4855139108046065,0.8882246904011857,1
0.27233737106642697,0.3576300081247066,0.9064936383892654,0.40204366145957005,0.7969249114405831,0.6923013898045182,0.3632454353176733,0.4692192224490341,0.3672085201007399,0.258376083100385,2
0.5346937545222231,0.19087792242839427,0.8127598557992495,0.41880844036455095,0.10914634085999719,0.765392152884966,0.7093330844346601,0.5788959724077859,0.5268634888240649,0.9680963580576645,1
0.1979420201621202,0.6915099322413667,0.4518053804501808,0.20006957963613642,0.5118553498184628,0.7642622101554438,-0.021578394766980567,0.14903215873693437,0.11467169623967585,0.819660548379101,1
-0.18210688080368342,1.1646336448977037,0.5350775726629484,0.5729929223622827,-0.08676379121771083,0.2613490145571752,0.5970722261586029,1.297532146958466,0.45675916282402607,1.094815323712401,0
-0.00024882493881416,0.6454168079825449,0.8572447406167458,0.6114713968244923,0.5049020389521521,0.48271043057985297,0.6474591056298489,0.8567325374420631,0.28526568526215285,1.0411772821881229,0
0.6749881735307109,0.8962186201303579,0.04394930392059787,0.9842364451556197,0.8998739138297654,0.5072606949556584,0.1406813199199424,0.6927106053759636,0.33901111848484133,0.07904724534910496,1
0.7386189269671525,0.8786875322784412,0.08896016708307582,0.6772860671080709,0.9130644051001948,0.3810315478674653,0.13201862479558243,0.7254353677311056,0.8630169901151478,0.4406566398130906,2
0.6377311731819313,0.48643292158592355,0.30960315216865,-0.0409954690712073,0.3998145865812261,-0.009870534235587897,0.8562867576227096,1.0725558595733156,0.7389176891532635,0.24941667490560493,1
-0.1675893918174724,0.8071034643530662,0.8861621984621638,0.2740472122382443,0.4562299428958675,0.32779200145826937,0.9437590671018631,0.6270169428079707,0.17304964251103894,1.0528756441457092,0
0.8985422174080724,0.6806048193905386,0.16056724188544014,0.3144285290641415,0.8494336294825774,0.7250809365591951,0.15536338723621831,0.9592473662735207,0.9324468781882371,0.2481607179397352,1
0.18651748596708895,0.12370650559650359,0.6883518692817275,0.48029140089616906,0.7487947821124448,0.3254196151276456,0.25986536219667783,0.7815413419156516,0.7902089200163933,1.076734410887687,0
0.31863327140123215,0.26421345689988973,0.8373335649659591,0.5776200334955163,0.6959079509911745,0.3739051169026974,0.3543364072490491,0.7006750837133126,0.7290387476303729,0.9746447596904422,0
0.2766882652087138,0.4334552352973817,0.5829063698022049,0.9119074372038684,0.6077903361663536,0.4938624843662292,0.5808822282715391,0.19387244836163658,0.22899711612833898,0.20641247822623116,2
0.5745602090392903,0.8826275931402229,0.17507209029407028,0.542507388596695,0.5551141679792734,0.258896890506144,0.7512540410335684,0.5347342889156363,0.019642531420986327,0.583556018273219,0
0.39060309838292206,0.4050765452354359,0.949830853936694,0.46242449942328595,0.9175737935497882,0.7444759566048593,0.1685617809866149,0.41638016041628795,0.3238919406107378,0.021916018172446802,3
0.11726998074538299,1.1125323611359912,1.0159453317583174,0.6166114193728809,0.4175011281295776,0.6329266700893088,0.995183868610585,0.2458744251916457,0.48369865703425174,0.31161365495192334,3
0.9217766714797484,0.3354392986139486,1.0323842682985362,0.10574021233762289,0.31303920315690836,-0.12182104109964403,0.7302769413262555,0.7686988806847688,1.3341771422887938,0.5517735762035805,0
0.2714307606207028,0.5123261363102666,0.647974082673538,0.8148987861794039,0.5334353193869412,0.2734853379767523,0.7221142177751623,0.5500126890593465,0.5937942424681518,0.8827656277455865,3
0.7148324947039003,0.2665344181268037,0.986174088646157,0.5508218316984992,0.08087971291834886,0.8766572794618022,0.7421168627262622,0.3949420537710695,0.4630592478268028,0.9466660265624699,1
0.17797796184909317,0.3868461662244948,0.674953155006077,0.7297861736633676,0.8417561856987495,0.26481550964430434,0.31710608966698184,0.6218064435493202,0.6400317511115118,1.0686524851171908,0
0.5402805790700852,0.5126158797406337,0.08990124879348357,0.42405696624817735,-0.051330388124877085,0.09585413589660224,0.6762396891675788,0.3392868453605321,0.31127033609301563,0.9975526895266766,1
0.6508309043462573,-0.05542848265829567,0.7637167643965618,0.41723365048478606,0.22103830643902012,1.0849328914376624,0.6331974804086881,0.33734633892187227,0.2589226433169418,1.1744935322698473,1
1.1389222203439504,0.42850823868767063,1.0318167204495712,0.49582750562353656,1.0348081335790797,1.0470052832615382,0.8608063476449606,0.13126308087683097,1.0398886485278493,1.429236068240447,3
0.9721413938209815,0.05127504883231063,0.7994333395598052,0.046454472205002775,0.935972576945176,0.6663535866821967,0.5929954097477849,0.6656988243774836,0.7157421480076395,0.7369037140598627,1
0.45843864954193025,0.676856710349331,0.740842531766391,0.36871805473257496,0.08719505967708312,0.43942373564605947,0.1848353813114496,0.648593003239912,0.16950443627327877,0.9354322456683659,2
0.40614754111223644,0.29076443564669885,0.6364288046794873,0.07209159331956322,0.5769404312356882,0.5447730603963246,0.43660246523629576,0.40736939770764574,0.4671035699255186,0.8855956576444579,0
0.682515596334545,0.883804096579725,0.03716111300848351,0.97496918775283,0.8888382053281862,0.5025914173463165,0.15557261279375975,0.70340602391813,0.34699440337900006,0.10320634542350883,1
1.0530753890419344,0.6881602679561483,0.14009066069097562,0.9747458405906887,0.3500818429159611,0.32685930700429233,0.9928257610535696,0.27958339716876435,0.5197289605457334,0.8407169156460288,0
0.7858100827891336,0.7839623287214106,0.2733699167525612,0.3998023442339545,0.8506529081914828,0.7523627673293706,0.3951650419029076,0.8975340744569715,0.6863702041714266,0.41834497635838946,1
0.3217213441755295,0.7750369887958846,0.905497899692438,0.17522307530007483,0.21066107369635642,0.9684704673377653,0.007022298902261934,0.724578334095053,0.6368652335798223,0.7223358550676245,0
0.24675916930992586,0.45523768653975016,0.3691316819629598,0.3998198565289459,0.7654091292007827,0.7838023286015507,0.11901937254416775,0.29155704279004113,0.11034484854000517,0.2143277859895782,1
0.6809153984048799,0.8802849198065029,0.03431191357187102,0.973051119807973,0.8843031422126447,0.5049321132964822,0.15712641334506783,0.7016232257021096,0.3436617786783451,0.09833682228846131,1
0.026285744312046097,0.8952554712894675,0.8178440439804747,0.6970916943389185,0.325777865921921,0.7988870281393249,0.8230067235812556,0.07618632209277425,0.43314177710738294,0.12387218956499045,3
0.7760473846272835,0.3645419582524569,0.8550051139693111,0.674918591046067,0.17944394144973425,0.24283159165587054,-0.00719627389716606,0.17086982882694762,0.5819892052697644,0.07410484142377047,3
1.2200140720582908,0.3548736929095417,0.8660071457582447,0.3545354472701889,0.36152044444161824,0.12758569107167023,0.2768717440596828,0.7380029983364922,0.2914897197362928,0.3056568921271102,3
0.8337159614867876,0.6998592085035132,0.31177888129017334,0.24986209172426627,0.9440650942006101,0.7963725916509192,0.3581075463383914,0.9158851316657604,0.7369750574826367,0.25675860865052347,1
0.7278166532840071,0.9476052591683765,0.20229261711524366,0.4137757485109817,0.649621383941758,0.2884653944943623,0.7381206217782915,0.3927593004658797,-0.003501581934137965,0.661628992890152,0
0.6452217446778938,0.8775711580513179,0.26704171822976125,0.49535872799882974,0.5479107806222951,0.3128021857175022,0.7349131928843565,0.47698091828493805,0.06939188239290385,0.6372381307888558,0
0.877269782075764,0.6945114461273483,0.06453273230648074,0.7873754062736442,0.18292753554456487,0.30508298347786633,0.09079404844571139,0.9091635466900375,0.8486425924656106,0.6720883703811802,3
0.8033760169675851,0.7548186922117908,0.2400786556333548,0.31900719025307817,0.9139917384566535,0.7793501513458502,0.27528443877098624,0.9798698577150959,0.797130480772811,0.31236586970421243,1
0.46890081361200153,0.5490664073890943,1.2130006886681068,0.13752747607266325,0.8970611494826721,1.0045260307623087,0.4097605610205965,0.47229796930420287,0.5510528620374059,-0.007137208360883079,2
0.8716808732626048,0.705126670870191,0.07841132736138841,0.8219258550883558,0.21362233708272965,0.30090715837136184,0.07679224197415832,0.8797804737010932,0.8258898924079143,0.6472415361258456,3
0.63090836688866,0.9140658617622647,0.5263689524985963,0.21727714285521518,0.42943560093597993,0.8069581486421245,0.6288915748414372,0.3936386270800986,1.0276439444293666,1.0413577235081803,1
-0.011029264864070243,0.4367640792053303,0.005456813827414253,0.1765761423848618,0.6209649873453473,0.5995668129445976,0.4479158656832435,0.13252601837039907,-0.19402021680217285,0.17607417799744549,1
0.6572572515912036,0.8635369246879956,0.26367688953003066,0.48383579183017994,0.5641932441051064,0.29485858631656714,0.7178945908567197,0.4836727839357718,0.06369094088756579,0.6325942085567932,0
0.15617168277186486,0.6102865313296081,0.3582486775896368,1.025962145172609,0.3671955932311226,1.121565926739314,0.19730632009717064,0.7291056967539773,0.9210753417255351,0.580278977943411,3
0.5697074247135007,0.6648509022233104,0.7202333183824854,0.1487210700794373,0.20182920592542755,0.8315295735742135,0.727336296373328,0.34905568363016426,0.9262285408120987,0.9735443549459026,1
0.7065017321995347,0.30989752170857,0.5745468257429202,0.971758504659171,0.584754200331545,0.6898633859303707,0.5914579518010759,0.2426467524344599,0.9573855514766848,0.6779015864916634,0
0.6600505145898219,0.2712531876220626,0.14583013355207305,0.686070617598537,0.30111520132045194,0.5774116148456726,0.4391694303572456,0.09006281807555101,0.8760921494564315,0.7961909384817943,2
0.7385266044753833,0.3227281896076933,0.016331008285666693,0.4826902901135555,0.15479249542257112,0.48151813310693037,0.3733019429833918,0.08100454335731022,0.8034049039116438,0.6304793511873006,2
0.6715441272569365,0.22385196420526846,1.0130914124331345,0.3501078324273423,0.7760094940428731,0.4047297943602089,0.12677430791736252,0.5994893090580681,0.31749722701062677,0.29195481471220863,0
0.1749777276156476,0.41179186837994985,0.21379112079597823,0.7733346033521717,0.5320658986481585,0.9191576838774427,0.8704581260208113,0.4026024869591125,0.717483842102326,0.3221030992676236,3
1.033092557299907,0.625879646256884,0.7143890356547974,0.37790067008766676,0.12217636178328206,0.5247129963403816,0.648717156897525,0.5962578551960125,0.9791734995206489,0.7654638797321662,0
0.22756528850454272,0.5964760525916338,0.9456778661646016,0.07595169719739325,0.4628186917677492,0.6453684577760487,0.13142856445397733,0.4400126032201762,0.12370873686107649,0.7905672584455186,2
0.7244264610226929,0.186360854295655,1.06607369503287,0.4355071745322726,0.8176308402232298,0.529904728776087,0.12844938288613564,0.5056793614349998,0.4110823819039133,0.26301777718059766,0
0.12917162443372063,0.9123315976142905,0.6994251486708624,0.6041103536638933,0.31344943813140713,-0.08166674547770586,0.7169520464055612,0.37928823532970424,0.5131732257997125,0.5871132359879613,0
0.38586658742769336,0.6050467686223506,-0.12450189952499024,0.6051076773163713,0.08856210469041129,0.5632803671510496,1.0234520197151884,0.3633159262672661,0.7601971872174129,0.5973752858514891,1
0.28664741650951103,0.7958598760637892,0.36747496997317597,0.9394998012638603,0.1855857518046241,1.0270889225105135,0.015334980700478992,0.6593374175487419,0.8951041613277115,0.5654557194774569,3
0.5923495570284087,0.26334693571450296,0.40965890774729224,0.7185410554570472,0.7157647281641499,0.5032734084468959,0.6653684525206662,0.08002248539164887,0.8711047864065418,0.48495376452685324,0
0.08962706328725356,0.6249933808878977,0.4488116951930196,0.5840668667269656,0.7296213089154339,0.012173731687736312,0.9595515852594969,0.45630505196026694,0.8446102354054269,0.9202736936191481,3
0.42178620439806286,0.24039576457799464,0.7892887558783357,0.5831869306086144,0.7770771468720299,0.19363940890092118,0.43314388858085096,0.7915843761273147,0.865986318203675,1.1055542918008474,0
0.32505569725147776,0.7766783043987207,0.9103256093451256,0.1791786836774728,0.21265391980582884,0.9719838140787254,0.0051758820532068865,0.7257490322573023,0.6381753086842007,0.7179408328699626,0
0.51402861991596,0.4089114974039477,0.24170930953838263,0.6979881276017226,0.471666058518023,0.7170064540061639,0.6444792092524978,0.18857053759750006,0.6032233917074182,0.3462997594780644,0
0.4649390004277869,0.47606480784688726,-0.10959602083141465,1.0198850132875303,0.026361501667369017,0.7721042047370594,1.0211661099389937,0.5134981151510275,0.35275573481455674,0.8357330929283071,1
0.018554038390785434,0.7326454172522746,0.7070056163305112,0.820165493924708,0.18850211899492586,0.8484381256630242,0.6592923990208883,-0.01268425347716598,0.4798479888958193,0.13438314955853314,3
0.6946960540413627,0.18620239906879354,0.4164532393321764,0.8224500741017797,0.7418444938500047,0.6215061623334976,0.060653823705209324,0.10580439636029486,0.23808931488949886,0.18095330634641643,0
0.2825572790785815,0.6179743361499032,0.9489408954417609,0.021289674533741067,0.4177441336750813,0.7003205876907819,0.11247534748800288,0.36867577568997156,0.10050179559934921,0.8545900862397142,2
0.7097890565093753,0.31197064484535036,0.563016377250774,0.9737014865964794,0.5889233922016723,0.6796442644486065,0.5839067788774783,0.24466289626538806,0.9550942563252683,0.6877028728196654,0
0.5158236131036855,0.572291786311328,0.27174741546171177,0.3756660087616357,0.1241020550340935,0.3199465976732068,0.6094594361465995,0.8163252382905766,0.08649200036317545,1.215694478495854,0
0.425913904172455,0.647105446813309,0.4360657134106197,0.30580695410744735,0.31197915032282947,0.6637734494361296,0.6293033418312082,0.28713894318893846,0.9967242573991363,1.0372675189001053,1
0.6854194121512249,0.8814196055408449,0.03811910180998347,0.9778212825552758,0.892074434139697,0.5108763877260107,0.1539879963911195,0.709981783003262,0.35147475917177007,0.09247809585450467,1
0.61647752327141,0.37729859266238297,0.5155549886012816,0.42645396886212594,-0.26600583424170593,0.2633515528152629,0.6945410676310663,0.08133771268414919,0.553061006836271,0.6221385060640501,1
0.42984066683626365,0.7431980037403607,0.37244081825288095,0.1777097614273297,0.33947510298875283,0.6550443270947495,-0.020121445317644662,-0.06648591464324247,0.07390927487867853,0.8077984079933316,1
0.012989904496360047,0.5234029172709889,0.6352453899254309,0.30157978643709005,0.47303156030105065,0.19115584964921523,0.49256279934794217,0.718389346317395,-0.008230707913373048,0.717457127768454,0
0.12692393472984165,0.37552781502673094,0.22045865321531807,0.7588543238350309,0.546319417339773,0.9440946339115024,0.9060012167649564,0.41895641977448966,0.6814215746808087,0.30703549023240295,3
0.2684155665673728,0.4253655181415163,0.5923219591849817,0.909898442169189,0.6102114604831477,0.5017626128124261,0.5809092132695627,0.1977169202330475,0.23525548271413918,0.21195437430137115,2
0.8286102752535187,0.27971791667388995,0.842490132306984,0.7820834007999765,0.5167987808557677,0.652739885556205,0.7495237873047624,0.14398081892174053,1.1254450339910584,0.5762066498841258,0
0.1691364365514054,0.4228008936123674,0.19493303696583716,0.8246077361541979,0.4941298500867642,0.8844293433546281,0.859921497134052,0.33368893118190496,0.6484242760165846,0.2675396166814863,3
0.13587995688680515,0.7054590733224689,0.5487549452901713,0.5467043888266783,0.7087938372539462,0.06806473833346521,0.9347752707093037,0.3850115476375146,0.9096220235920787,0.8486633289653178,3
-0.027616665326137324,0.8398830091008141,0.850404301873917,0.5380954048890294,0.367305717230745,0.30516132815209746,1.083653338409381,0.11167561164959033,0.658755545471684,0.7340330513867072,0
0.7479235029288288,0.7372127178715816,0.3336515555042439,0.4062840855085045,0.92119357056331,0.8636725902933327,0.3293170863995244,1.0412018596280557,0.8346436412789966,0.34813914450682126,1
0.48799949920734514,0.5573619859815835,0.040286594036829604,0.6784365566773269,0.5109654083607093,0.9255874736676464,0.40547824389823306,0.38170121776489974,0.6109327025620582,0.6684895420657466,0
0.29354544981570646,0.7315536169369259,0.44112045854642146,0.2825444157920834,0.4207523490808006,0.7433843787054518,0.02987563825155979,0.06405676292545923,0.1332539513654425,0.7755040092582336,1
0.31918016072904426,0.37088259722071387,0.6548077203366091,0.5528022177844716,0.7198512869060156,1.1461289274189077,0.6108621668144114,0.4341970924191955,0.1005937966681883,-0.13316686376317488,2
0.2576282513448874,0.31335528198344975,0.3721711455076854,-0.021694294856879015,0.19430424612517944,0.087260650805736,0.7236627050118395,0.7297546576863543,0.9970779672655579,0.6352756346743484,1
0.12900065085860876,0.6739800411482784,0.43936383267176266,0.6096504617232127,0.7256956156584125,-0.05543616936554847,0.9638466966034466,0.5064771532889847,0.8997900278747535,0.9229503576228625,3
0.6755753093444233,0.6632303074732262,0.13896506251351134,0.6710135037488844,0.085768891846026,0.2464944972584546,0.8483330319092938,0.18298756582557305,0.7919715221716506,0.49917202030722274,0
0.6006892381780758,0.22071811815642928,0.3081966543413097,0.6920946887026471,0.6543186810239666,0.5465930540279549,0.5482236046739687,0.22526500686047213,0.8483657021304826,0.43094252447325104,0
0.6624619620097398,0.9303813896461076,0.25851757426460203,1.0772823860605927,1.0872849781627574,0.15751941494861435,0.2923997142172653,0.21187136156463532,0.3310150562202101,-0.21338528514585403,1
0.8435585069762437,0.7166700714882878,-0.08293095295840669,0.8807032271581543,0.06808897717551274,0.1509851864071014,0.8124482897001353,0.13292554654419284,0.9569428042660644,0.427902765148016,0
0.9125937527761504,0.05321942423266039,0.6163185907116383,0.6466457926445904,0.6457058249569878,0.1524657273034645,0.3758817810157727,0.9087103648769081,0.4688838339263413,0.03543213551318345,3
0.35685383635608126,0.23399891762835645,0.33277471451275403,0.3115628267266389,0.5198882061501795,0.37301089433066537,0.7285005918926748,0.37402518439377486,0.3196318073676592,0.9164706131072022,0
0.3029493997175047,0.7424518866784371,0.6625015800112135,0.6157442452049734,0.421631555200433,0.15938496550293385,0.812791168144721,0.5060287475119816,0.3048402013061914,0.6491458722732171,0
0.01394570720754168,1.116174285496111,0.2551890333577814,0.5417943227727418,0.4499314590960494,0.5463546350195572,0.46376766150457177,0.29377621388026126,0.19517653006281857,1.2389795287107732,2
0.7618018548355634,0.16478271737050482,0.875253228207932,0.3952887863782632,0.7919607132257647,0.49539474810717343,0.028155136760890417,0.6488212207525924,0.3315721473145325,0.31067294881495144,0
0.23093916023286565,0.7547166938758042,0.3859460100381226,0.9312476314774364,0.29826471678187366,1.0158337891860716,0.10705375441482,0.7172190703824605,0.9403291528185294,0.6215373827182722,3
0.057350610865808956,0.8117257855987459,-0.29341140646872393,-0.0791705827296495,0.7428803856201205,0.8290604974419744,0.5916555046281539,0.3566033002277066,0.7861163622610029,0.7578316230509885,0
0.7873081963144712,0.04599117801218274,0.30678173423445515,0.8164122716538502,1.0368208844515678,0.6471865415850088,0.6256003203341027,0.9957994909572263,0.8114569702710993,0.5657171713038452,0
0.5831746140484163,0.17203298777167092,1.0220081008102524,0.33644736627327515,0.16155910488070557,0.06438240068891529,0.6220852577531331,0.6075692193204948,0.9096643071237401,0.29411648708023314,0
0.23537374569268715,0.798405460043097,0.44551179086700493,0.9298458229455139,0.2868771951277766,1.0030699300392343,0.053896584509159594,0.665362882732099,0.9362051608978929,0.5925373794426588,3
0.8020815767532945,0.7535249936241032,0.24475377443802793,0.3168033625051762,0.913662717097954,0.7815485600767452,0.2775601100887205,0.980756563093408,0.7964619308936786,0.3108871368241071,1
0.30009984338273255,0.09063090470902799,0.6608491877178819,0.5370906399859319,0.06559882403331291,0.5906131101241288,0.4640099029605894,0.5596115237937489,0.485569974006948,0.805789813162419,1
0.3390228351992613,0.4458113651709811,0.929582372207532,0.47923410461465826,0.9130699192814543,0.7705111350758093,0.118118126304187,0.47774231290008756,0.35806718630443174,0.06334669915633126,3
0.756265901710525,0.8408756240778016,0.07677214195740803,0.6617218903020432,0.8717749553148004,0.39170232439546143,0.11477178973147552,0.7227499965464104,0.9030679625307844,0.42186416946059707,2
0.682802277083195,0.4171834162552236,1.237517604856654,0.2718789370558115,0.0873378781940896,1.3061343457509775,0.16110543311601264,0.5520871242923266,0.7086476579599857,0.6867378107040905,0
0.4561339533010884,0.24847384997081956,1.113471083528518,-0.021694426477640513,0.7339061773013902,0.20518750704223893,0.6013082292244065,1.1642886220893907,0.7897507736165512,0.5886686532012061,0
0.33784307277707737,0.7445793329414887,0.8112774857179998,0.4946636008640802,0.1405324304371559,0.5296707929753363,0.10703080476838854,0.7923810460951026,0.07057013921805302,0.9515410850324921,2
0.6782869123229416,0.8782555789000647,0.04426879872125691,0.9720358458483261,0.8809889230956385,0.4969427077186378,0.15049240258628097,0.7108001426008265,0.3439800206238518,0.09953658243685545,1
0.316931741518404,0.8114824896204023,0.12159530467818828,0.6922607255957137,0.14088179083632954,0.41683913439480447,0.7565576255476413,0.30156559656930193,0.5855491084332582,0.8308250524472487,1
0.058556501762446436,0.6360847851655506,0.5354713680649588,0.6472290476124352,0.7332508666948316,0.027022490901955368,0.9220204758025042,0.4613986248748201,0.7962646857956807,0.9500834290591841,3
0.2905087163716711,0.8150939664596839,0.8877378659919664,0.185151222053412,0.18109410661825,0.9850358662689727,0.04139029967862874,0.7159836899353277,0.6516443289116314,0.7113937809532463,0
0.7299901802746426,0.3618213237762893,0.8196223889487816,0.7994754652199082,0.16997509100973757,0.28596770833907426,-0.06672358608410509,0.14531074571049513,0.5733868889099686,0.11543860210480411,3
0.6287423456806482,0.694479942396816,0.3568786961535724,0.22659119298898298,0.9686152763575315,0.6965748538465734,0.46571553425430856,1.0785015144423051,0.7726052334415322,0.23460954831373065,1
-0.23418498759361223,0.7214117233247123,0.8892359027790686,0.5574715304614035,0.6487443566476557,-0.2864657254177505,0.833841614760385,0.1539102111847549,0.49902179343481545,1.2394258644893026,3
0.7703408031581488,0.40740298269948283,0.849896826204702,0.6924584461961277,0.0715139771934172,0.3092590702301098,0.017547783520130197,0.18694984132845466,0.6301066141141074,0.07729038402178409,3
0.2075710823222242,0.25867970941631996,0.7946653645994841,0.5669711736762899,0.7279677609274162,0.40673900225255494,0.39539674513133566,0.8135699556215757,0.6953814157643015,1.0160488870823505,0
0.43234644246382525,0.3611487655168142,0.8919082751963894,0.5085975788466779,0.8323023883454809,0.2961925355672181,0.34256689733016,0.8296105912259322,0.7443333491926818,0.8251923628241529,0
0.5625407649018221,0.7777637075287195,1.0036155455339273,0.6935302809436412,0.1423602879298152,0.6720598757901793,-0.26166853740695567,0.4741984693612861,1.009197808564915,0.3340946431730599,3
0.23620983818325733,0.7649760762848776,0.4104031574877242,0.9331070813182598,0.2795002284116756,0.9858492379686425,0.08750747450518327,0.695445777851504,0.954787001229745,0.6042508573059823,3
0.27312671571678243,0.4287816608898815,0.5849141747452699,0.9154897392796038,0.6047137936459709,0.49688986734131196,0.5777728338819792,0.19857403916020563,0.23461896944076666,0.20895452418490648,2
0.4879306119245632,0.5458258908871333,0.41980750498171543,0.3036332402634309,0.5352369261225491,0.039829744434230846,0.9179569096923652,0.8475140607876526,0.8791161274607555,0.5834889094602109,1
0.07979132453227897,0.8888507737646407,0.8888444434707221,0.7529699971551825,0.29064924867316355,0.8011712843582466,0.8301940935061618,0.03711478376933468,0.412016570210496,0.12236869201802703,3
0.322095043244571,0.33394710655905624,0.9382575847423941,0.5513952910662484,0.6543641654118261,0.47458072593178124,0.4600298771232851,0.6383220769142356,0.7207976012931465,0.8981333240673817,0
0.7609790916214829,0.8689314869260916,0.0799318957132229,0.6411614470659358,0.8880886446614988,0.3724633449982879,0.1545093605190849,0.6892905697110832,0.922078146348062,0.424492236201252,2
0.3041223609250025,0.7549861534089827,0.3567462711389759,0.8641826224683533,0.20304092802499196,1.0416566238889817,0.13102459163681193,0.7077293774891172,0.8777369998535377,0.699507080230064,3
0.36157921496461926,0.8796444426123247,0.7314237750413125,0.6850681797773788,0.4805676912845185,0.08126594153379582,0.7994844717305492,0.49418743583837993,0.4219296485438165,0.5996938650722917,0
0.09832159265617331,0.772141571997734,0.9005737897889372,0.49367263642286785,0.40674411486585343,0.4018098876152751,0.6822219628788674,0.7675465813219925,0.18590404958186604,0.9191363824365308,0
0.3887366828326819,0.7122254737653139,0.4415408292669075,0.9276678306512345,0.3697369450968942,1.2104599960309685,-0.023486317832168785,0.5630155296594282,0.9387365331186389,0.6788721067190018,3
0.7818800070100979,0.20237393846958937,0.1492378065031965,0.5785420527555992,0.26851448512683734,0.4709923114500217,0.6024159216427434,0.22135918367384094,0.8562449235050776,0.7556953685993788,2
0.7845306085136852,0.19917797747354876,0.5267051823968671,1.1329838410746602,0.42255107102030537,0.6852786681246954,0.7433728391740206,0.2594435009645588,0.9557905610610313,0.596036420410859,0
-0.2117394176380253,0.9543705999897402,0.7801955631412805,0.7267664594533819,0.13909934123141726,0.676969107254063,0.5818705685089616,0.2853950664750642,0.29619273792246914,0.3108863110737887,3
0.3458053048954534,0.583683350958067,0.3421478256388166,0.27822475204632136,0.27285783844653,0.16496505457045457,0.6607387166744341,0.7272482225416287,0.8629597776042048,0.19952117183759902,1
0.6733939012194695,0.8743664455710785,0.04677310304177547,0.9872981152480942,0.9011226448689496,0.4894329499086228,0.14864929682353908,0.7078797580184096,0.34603539345923257,0.10555404251776238,1
0.2711129008450765,0.4273297815996635,0.5878487286775186,0.9152575603462215,0.6079479720259929,0.4978150410356644,0.5809547314389567,0.2011111103914497,0.23336638231342086,0.20619250427534794,2
0.07841778165605565,0.5740740029492841,-0.07941365813854583,0.26235350931541906,0.8558922275679849,0.7552986822559109,0.7391017214871981,0.37518733271672083,0.7911513335226332,0.9703848879994977,0
0.5637501071563139,0.20923352894837535,0.860451295555089,0.466990025818901,0.017305726434596463,0.7704571795070603,0.6628453055109889,0.5115106904806547,0.5108189606255413,0.9900762202908602,1
0.549594657276973,0.38551657898657377,0.08480162665773894,-0.24260858112375672,0.6233017774964134,-0.028948073944243147,1.529380450790633,-0.08071327816076973,-0.26893834962093055,1.1256959855397928,1
0.375059498678217,0.40038905721002604,0.9308358907750565,0.48027504797973786,0.9305981006649909,0.7342892721971066,0.15339876861540302,0.4190676375404585,0.3308567673235184,0.013026444091558327,3
-0.1281359298625533,0.9473713960688374,-0.003451299942611008,1.4017899591652374,0.2999129666692034,0.1917745128253105,0.6535457165365803,0.7203537403529989,0.7112365868585049,0.02284040277829502,3
0.6654879057120334,0.8415422391124867,0.2507327262375661,0.5106888160509173,0.5909831085880999,0.276714847777824,0.7112856269468323,0.46703580857607513,0.06643795557230632,0.6279967647910052,0
0.040775561324734,0.873751620831518,0.8192063327589492,0.727982897576816,0.28096250951012597,0.8012991549216828,0.8367498336344352,0.07103888655324071,0.4432638713543023,0.1428017299221918,3
0.18783033970066038,0.6301307712262064,0.6515134109752272,0.6533081552205487,0.6201976354516702,-0.12517778216818282,1.0678466667279751,0.41790958154811986,1.0297052906366693,0.7166124467475726,3
0.27774567203625583,-0.0009000200690803262,0.572081266536093,0.17619109322030818,0.4214970060842065,0.3768229936502268,0.8258718461146821,0.4457491780689784,0.13125047212755578,0.8131280615932129,0
0.17998677532924667,0.3160706522415907,0.7100255969532281,0.7117928185853961,-0.2761705970465551,0.7108743487326423,0.40261424674557733,0.31206173139311566,0.7776475382635033,1.3930525482328129,1
0.3115610019733672,0.40970039088085713,0.8106799364306523,0.4943489757178006,0.6820198824898678,0.7838911810809666,0.36454397615215406,0.6525818624701132,0.2987622394597777,0.35312946768441106,2
0.7342380896364307,0.1347231909064737,0.4669367759361419,0.8101895474235085,0.8013321013588175,0.6550122542312822,0.030695205114836487,0.11932519475063585,0.20294123608065415,0.18912869526600354,0
0.5209199232163823,0.3263659546445103,0.3267429750401015,0.7150665128958041,0.6638031223873692,0.5755417970551794,0.6026666664352371,0.10163752195081867,0.8148615387897115,0.4032085814023897,0
0.672634116974986,0.09094662912898456,0.376706725666763,0.7755677460868954,0.886781951683041,0.6140074130594987,0.0067267294727631,0.14214446100017203,0.20674955910466072,0.1688168442747046,0
1.0133277233741476,0.8135349991142946,0.015253124723140818,0.8823519507456888,0.16087221009399094,0.4369728032989865,0.022836042612659882,1.0251528112068689,0.9780552184715181,0.6018743863376635,3
0.24278451781651525,0.2765259785950171,0.28503260199628766,0.3415321471780638,0.5934378390179545,0.1546516647636385,0.6624112936959564,0.22621155495039752,0.22801155456014305,0.9137034226139498,0
0.5934920503708824,0.7673509022431265,0.5823151055870122,0.2630877350614682,0.3265572146972016,0.7693163355371363,0.6580245351747812,0.31954589077597784,0.9517489793876064,0.9482294529927973,1
0.6547996089764664,0.8653993561995823,0.2903551215287321,0.5103153735193298,0.5628619706718584,0.3157496277201318,0.6983622605264924,0.48970082271965154,0.08981857463987664,0.6154112779361145,0
0.6281341993896208,0.8742628599777681,0.2253411379148814,0.49169831950574655,0.53641842714874,0.276716818276268,0.7520041766880636,0.4854381178693377,0.04113643408368094,0.6583976244205054,0
0.9089941064610035,0.04887723287304554,0.6164817610951282,0.647137983156354,0.6492757465592797,0.14915524263225732,0.38028467751203177,0.9117437060095739,0.469867956991283,0.03209335071261324,3
0.4235874436181588,1.089633220597404,0.7991227783751842,0.4821968334674039,0.6800684562329657,1.1732618403483888,-0.1614484909398715,1.0305785991849659,1.0332308552392018,1.0982264120673275,3
-0.03330009326244898,0.6028276324034078,0.37288413659878916,0.6363704870390895,0.6463070340412791,0.08765051226539021,0.700754431419437,0.3170480247111391,0.6507375302400403,0.8759735581441004,3
0.7121126427656255,0.1120930628454724,0.47151979181237297,0.8027144317897272,0.7788446062928586,0.7030036594535737,0.06354340924004961,0.09682771245644317,0.17635247923482864,0.16256209659038123,0
0.7253824134902513,0.21716978116444033,0.9363582141885433,0.3461029587332952,0.7639278238541698,0.4783670985263318,0.1368493378660567,0.6465222425723262,0.3089029868636364,0.2947427638209283,0
1.1637040508914076,-0.2670746224577294,0.2719396002010894,0.1541878456444415,0.15954522710378183,0.31141854156888626,0.8801547473289048,0.1361571777317676,-0.031150042076225237,0.6309262939449858,2
0.28344508500127713,0.6309088256144672,0.29149471872367283,0.776649898854429,0.4181473402414777,1.0053664538332125,0.17825693817790686,0.6510666394262042,1.1911004847492055,0.5369593377464801,3
0.5731373479112162,0.5842613883571279,1.0561280964920237,0.6568722467728529,0.23130621073157992,0.2553772349395798,0.07765173305576613,-0.06959091448092936,0.5120127095356312,-0.07286589555009046,3
0.47848121814893485,0.1666636614384297,0.41764279084545003,0.078429927023493,0.5353077810354884,0.4465223914353519,0.5601611057338801,0.5248627942504058,0.4195938641724756,1.0676909632289389,0
0.6345755538985289,0.9085705698199591,0.2994431567914078,0.4600577815018886,0.5099423564133088,0.32128921218273376,0.6793404568969137,0.45179007149147105,0.014641089627954504,0.6379538836682963,0
0.2539465371534974,0.7416243103047043,0.3671114739045064,0.8955535863101324,0.32391621865352105,1.0223248812221841,0.09820942737602317,0.6740337256357702,0.991126707584812,0.5533879312125096,3
0.9425454580168457,0.47520002839509984,-0.07548265324491216,0.4226073070908098,0.3328861062911779,0.5259799378827285,0.4308989578883429,0.27396369034136897,0.694410818060818,0.4767159166002479,2
0.34345976997767874,0.25686134470976196,0.8423306749333381,0.588927136842396,0.7215728299210485,0.40689820667215754,0.33087526325363914,0.6803537566606033,0.7359420237618345,0.9784495100543915,0
0.513461730739927,0.5075211311861627,0.8677290291511612,0.8956288495847888,-0.040344955106611013,0.3643898462645727,0.006286505388833155,0.43492314743754745,0.5813704778445948,-0.0429677229878038,3
0.8386259705016145,0.27403809188113326,0.06475438566570374,0.7118947932371525,0.5409461195225124,0.5185152892165589,0.9175245389977269,-0.07439245071139709,0.6650336741633005,0.06561232720044885,1
-0.3772792249741246,0.08363953103825159,0.20342631939800537,1.0068166873595907,0.8654390867403259,0.7384515838160611,0.6485972498590081,1.2843457310680793,0.004183992272656534,0.6505864016554169,0
0.6613364062129895,0.2293374266786927,0.8712873364944089,0.49431702281853396,0.8082053306362162,0.4114130238548098,0.19265825926077432,0.5072954151361606,0.40858929122913035,0.20289473354174037,0
-0.06135952104650261,0.8892714831667629,0.9176931150234572,0.35832815395437734,0.5881666168120504,0.5458297580525151,0.7754340900833082,0.8655679523886345,0.33161839154528805,0.9831609596683283,0
-0.09712054704926387,0.25049691021757053,0.11883188611023038,0.241451345764317,1.194112238179031,0.5259487846263852,0.8579305241231536,0.025652013506917093,1.1023062025990102,0.9103094149297438,0
0.007618200419810664,0.9329459571680332,0.89704071439468,0.8265151406226673,0.20388631834816395,0.907255277881045,0.9121525210367286,0.07295782583444013,0.5329928119369323,0.03871945843713748,3
0.3418297940894888,0.7140794782420419,0.4190508858943737,0.9261606168600106,0.376807609461808,0.9800278477607788,0.1456827485491135,0.5900313833466531,0.8769930356609452,0.6195649274004128,3
0.6955562378018484,0.24170526132819595,0.9804033440044406,0.3883990669795283,0.806321435462817,0.4397801410782449,0.12203213143638303,0.5941307347684198,0.34413597333875456,0.2959029338329959,0
0.24421720934462995,0.7663500993345738,0.4170328278830679,0.939009244590525,0.27505051502134165,0.9848401303343645,0.08306398691761036,0.6870787865318104,0.943544875650568,0.6101702724857303,3
0.401851274977623,0.38171008282592006,0.9050299633459418,0.4755663642404185,0.9406390804466894,0.6931812465261932,0.12692395536433915,0.40643422521415956,0.29585506310514276,0.05507633206572761,3
0.5417977165713594,0.4880882985252206,0.9776755921395806,0.6395601908035363,0.8559906182471002,0.6284516620329387,0.41505449585346643,0.5929065342010745,0.7796908542978475,1.0646876518229798,0
0.5921588808792401,0.3819080057389959,0.3893155806623603,0.7799259885446591,0.6149848249981714,0.5906825558456514,0.6741665565088639,0.22016521693393762,0.8593105941595683,0.468111550108148,0
0.2738625935647403,0.4295230691583435,0.58614238099354,0.9166010558974851,0.6061744564891064,0.4979552168523126,0.5797380671738335,0.19821429382223477,0.23382472065739415,0.20883346700808436,2
0.39850772027983505,0.3409895170162098,0.7446017259087946,0.5843042052397831,0.7120427590451739,0.39090626927040234,0.34757260303737825,0.72347207320292,0.7156324444493537,1.059841288352803,0
0.8025985165227983,0.7578572729908496,0.23798589520123833,0.32222302395001134,0.9127280330271592,0.7772876894239737,0.2831113885628724,0.9841243381636158,0.7898034574201785,0.31197580633446875,1
0.7735870814948739,0.7581471475427586,0.25212020012270886,0.3232853721703309,0.9323201698909694,0.7884896701507501,0.30871037191159306,0.9544447656355067,0.8138284907482841,0.30384018354530345,1
0.4422606459266172,0.5951013674804695,0.6233024410891288,0.10088057651239406,0.2540720062661193,0.22162460673026366,0.9135406444377412,0.7025423202825425,0.8607802120391852,0.5312228774102989,1
0.11155700219180434,0.7870424994846786,0.8809926614429568,0.48936908151630876,0.43446260833482686,0.4374929006150573,0.683211264249468,0.7603559374553515,0.21606364859861613,0.9568503180667767,0
0.3959464920239819,0.49404541853073997,0.5558775468795827,0.12723514472127664,0.3966587622275816,0.23848637735162362,0.8134970566560729,0.6681009005188919,0.7307985869476841,0.4296334160218388,1
0.6477104929434172,0.25251224201825306,0.3936020919260342,0.7260148094595739,0.729633205351173,0.49070036621726293,0.7171647139184086,0.06833575342538567,0.8292956378397419,0.49662462587583733,0
0.24782793588029856,0.3372674297131025,0.28224175861511186,0.507059962249903,0.5565508421273786,0.6749132120783037,0.0945125729971448,0.38101735904521017,-0.09902827076522233,0.40338646268124634,1
0.39360565945777876,0.47826626797705774,0.5806834635775585,0.13107975195950766,0.38307700945809453,0.2241363236762654,0.7861806532055857,0.6907774184886256,0.6936725550244814,0.40435588240825887,1
0.5622890863345049,0.06635291919373157,0.06434188044918507,0.04792414848463776,0.6724331776663942,0.5184199396230262,0.5907025350326133,0.13999514888764122,0.3598981349466606,0.9227996931398927,2
0.8044797603664646,0.7570309110445921,0.24528965137090977,0.3177835511646091,0.9133690621091036,0.7833016298197143,0.2756389742921231,0.9770841362003094,0.7936602584961845,0.30816883189214617,1
0.8374639758849848,0.32197097464290964,0.23316778914730613,0.4372545339598787,0.07214496638189252,0.387321033292065,0.5231930897151935,0.10003367837200797,0.6973499509882044,0.5999303051576541,2
0.054381217778530125,0.9932857016914334,1.2120097293039862,0.715825592475646,0.5309290660280797,0.4039287730704576,0.9211787883943048,0.9735182695579327,0.44002535380465646,0.5371543013155777,0
0.13141670727643062,0.5497981668977926,0.42661683673480866,0.4782836790200555,0.6190872407182313,0.07232898059059069,0.8335635978622117,0.4332395908960267,0.8288214112912138,0.7633974010998358,3
0.6624418940690038,0.15004239703136216,0.5106763618864361,0.8732618355132469,0.5727624965483546,0.4416743185740098,0.441972187133106,0.05477534283416588,0.9045919870554694,0.5525491772720776,0
0.40208091096505605,0.8516881057713466,0.9326731853180039,0.15396275568934936,0.1983003636149342,0.8991929474834639,-0.06161814218986497,0.7964969995313583,0.6776744766537651,0.6871565980553113,0
0.09393851273774875,0.8528431834408787,0.8008442283226334,0.5482879595845627,0.33080628179293703,0.5075979022694735,0.685220516596188,0.7679588287614317,0.25063872670255477,0.9148500654503653,0
0.6467164575199756,0.9789272351848506,0.6083522567188304,0.9317879784750721,0.19157802918728073,1.0758404988452575,-0.19127039772263982,0.8732759279676512,0.4151215191245629,0.2281900297750002,3
0.6195543686877879,0.9128202501177699,0.26732744463312896,0.5003895411899668,0.541096718079342,0.2790504462161452,0.7320603278666086,0.5015249320725422,0.10029130926660432,0.6483449144408058,0
0.14296392017509946,0.8532715960053922,0.7093697306918447,0.8376557575711236,0.19848033259871004,0.6538826334130621,0.961242668827594,-0.0428759238873737,0.49097608899178297,0.07433598425873617,3
0.05057705784190769,0.20475725615040385,0.6703313090972073,0.43216263512294173,0.38460504826180897,0.14074703753356668,0.5381060703722222,0.49053212655830125,0.43078254939237015,0.8938490610672885,0
1.12546163988866,0.2655207558413577,0.4991347091280551,0.9716443051974807,1.1612997463716048,0.8273932993604075,0.7516447978216589,0.7264979161011116,0.858860724865679,0.38854872991118794,0
0.9125352726409954,-0.04910519621421689,0.33619555945847324,0.732491996842175,0.9094066790145827,0.5991696886166515,0.6292604951843269,0.9789475337726962,0.6532844908107323,0.5613234341019496,0
0.5349397187288781,0.7757739996251863,0.6624754540842429,0.22318297761523762,0.34020079507631923,0.8363502908406822,0.7271910446071564,0.40279650643998877,0.9442530304391512,0.8917003749163885,1
0.15115694710863511,0.16898804925730904,0.7027927153260414,0.636032811730773,0.9306568661506887,0.3968760433161082,0.3045792571231131,0.7064612963103698,0.8119682087540294,1.1569266282361048,0
0.3464119282198612,0.24608478689411384,0.4337435280422045,0.4027205539490545,0.617658281062536,0.08169470664077683,0.8768563239966366,0.6706070750686659,0.6173323829662851,0.4721158002133514,1
0.7675340035849697,0.8429217148200863,0.07552236079788138,0.6816934070618643,0.8573776412522773,0.394553263681212,0.14589360463259574,0.6976697799099093,0.8770166338784205,0.4063664996997691,2
-0.006348167641178903,0.583810936827093,0.06574971249185525,0.2869113299559536,0.9204136802036562,0.6959227282207702,0.6413598583624237,0.47377140577440885,0.827698770507649,0.9135713330682351,0
0.27788738789227496,-0.25947477066182734,0.10550298828946301,-0.006049513993713659,0.36631250702487045,0.5908141782526952,0.5408910698921656,-0.0035440928106437175,0.41281681858306485,0.7206211486734518,2
0.20921088110722075,0.6141945864019044,1.1167914228109124,0.11152285467367114,0.42588634470950226,0.9475009639971306,-0.24977006583443723,0.734167806057879,0.7180072485636313,0.9674705544745239,0
0.7478836816892402,0.8410460384693907,0.06996396553093329,0.6637153478128529,0.8861977846160518,0.38749834691719975,0.1105514172456376,0.7253266062796746,0.8886315936035799,0.4186031360618876,2
0.3662079728145279,0.8056910161650672,0.9218064453482808,0.1453024344544519,0.19049172340990556,0.9694958404135671,-0.020270673795046813,0.6902041086492319,0.6030807532501274,0.7302179031188646,0
0.14277445487930468,0.396274698615939,0.23241949350462024,0.7863835356980042,0.5249732513462317,0.9145567479322334,0.8887439756852817,0.37349093224201074,0.6903420259974186,0.3044923003802109,3
-0.0014911439630764037,1.0716182469655324,1.0798081393367593,0.7278097325010973,0.31275565499290975,0.7768182169557146,0.7720673181772173,-0.13771800686672903,0.6520787071918119,-0.047639051459192866,3
0.5140937656772465,0.12067425267849495,1.0314739696571313,0.4123797215918452,0.3778241959505926,0.6166585864704014,0.8880089427802716,0.7029238034459212,0.48673180770200947,0.8802208923480727,1
0.6266388963668386,0.28342652581651395,1.0002553007601602,0.32848965739149794,0.8344104231949209,0.488472341604306,0.069590627015055,0.5993455819953027,0.33139920688835733,0.2815646508577712,0
0.23244821735434062,0.2639739202544292,0.8150653911217479,0.2354965992631402,0.5768538478996683,0.8238964078339623,0.3222739769684337,0.3442446955342248,0.4024137250681153,0.35606741911559603,2
0.34614941738583066,0.560229572292077,0.8200127318266979,0.036793373131467466,0.5867222762542299,0.46973250849819065,0.5467640049058594,0.6734297626945412,0.7089572523132152,0.6641378623008704,1
0.11544115562909918,0.6238733685568002,1.0063913062743188,0.5328806465681892,0.8181387157578877,0.786018128179704,0.2233486529071061,0.3850299474014754,0.06316555691857273,0.06336099034316181,2
0.8183284056366898,0.2896095766240777,0.9313723339532707,0.29248197336969484,0.9141846715567222,0.3986981488256637,0.26348759983620706,0.5284613921535829,0.45459928628119584,0.3254495805730438,0
0.8334386526932417,0.7988856974143501,0.2905419972572729,0.36130988193855385,0.9694138632480228,0.7536449786156478,0.31364321521533006,1.0123440443281406,0.7382755428529332,0.32545024534210304,1
0.4544682282537611,0.24904862165975286,0.29443054994971063,0.6013260874457074,0.6288417088268266,0.47484707537463544,0.7245603009759322,0.07159113522769825,1.0167026743458802,0.4702768265471377,0
0.24640425262154297,0.4166027079436905,1.0041016505802889,0.3171848084341532,0.6722321117578928,0.8194397626202308,0.2578827985160371,0.5848873962139006,0.309972041086706,0.25970078947833525,2
0.21461996625731547,0.6748716527978691,0.6540631157267937,-0.009084442995659414,0.47256111756137015,0.33990192340282727,0.83728733248337,0.6888825254240509,0.7638374670446246,0.4847847109377389,1
0.24966898181906802,0.46827845114330646,0.3002820292083838,0.39513513230086683,0.7361801083667904,0.8912874860390707,0.20472413559488115,0.21434297672681535,0.12380625861335653,0.3170703778629821,1
0.29411234769733585,0.8563173030591573,0.8025301042444097,0.6545725894910495,0.4218410058144694,0.19115951594682012,0.7348470640461147,0.4012536267328646,0.21431988095525492,0.6365941969769661,0
0.44773868723485283,0.2914513203937794,0.8541727130337532,0.8549360543869519,0.5108547347043493,0.35497293431577276,0.3661660998590174,0.3996677713587512,0.8868137392005171,1.0667483398672855,0
0.2332349905836606,0.3975919779938366,0.9752506700951723,0.391641745055068,0.7451864987860747,0.772261444521704,0.3255643194313638,0.5068802304181996,0.3154629553244178,0.20460018110184747,2
0.9248989952188504,0.06575834747008596,0.6626585228313764,0.6115460259044122,0.6870757619265919,0.17734896629852637,0.3308815272473333,0.9528556035590955,0.4289829110594724,0.019456704266284576,3
0.7234548099111335,0.22650550072620987,0.8400089502160885,0.9846758863536675,0.9113036406991847,0.8024508101604351,0.6902547357025143,0.7284545518832195,0.9701205590571382,-0.00638826386038978,3
0.3874480419060944,0.9060622058411891,0.5188020394835279,1.0075155149218056,0.40205738108055733,1.1354497295842294,-0.05287286044554704,0.6242375630662081,0.9320491134292723,0.6095244062330113,3
0.4115382601971783,0.3332526785487232,0.9115311609892918,0.6114572192206511,0.7979953894839268,0.34705610995971453,0.3134354428355581,0.6160878501820218,0.7126500996070748,0.9951382671165728,0
0.8205770548794119,0.7705994715748647,-0.012006376830866722,0.8641594622013884,0.14413837318577497,0.23654072107749347,0.14357532795322248,0.9841570842265601,0.8058499674957609,0.6663649774806794,3
0.07920143826879267,1.490358695859778,0.757032214649173,-0.5248873452356082,0.6952010526092268,1.1621628559626094,-0.5659527529223823,0.07960156300842403,0.5624409471021593,0.8439294589938956,0
0.2211798463341994,0.39194200954969094,0.28229161136404984,0.45119699132633173,0.7545460017832397,0.8797066139611767,0.17231664107767097,0.2687484105370722,0.0548723107115102,0.3533156211272132,1
0.3526415627607784,0.37793754913690186,0.962566471970891,0.4841868728715659,0.9470908775307683,0.7217239078525095,0.18861191838056593,0.4314247447597224,0.33028345113155505,0.045103588567250066,3
0.24028910589784203,0.700477234895504,0.46767528207454845,0.9151491471205705,0.22202109266201706,1.0177645384239946,0.06682530871891351,0.7264174221568289,0.970677292025654,0.5885373770842853,3
0.6856707232099185,0.8756180562217661,0.0426210859411732,0.9779708618215738,0.8977686953681508,0.5009421828164776,0.14547027448248764,0.7092877092819525,0.3450540086021969,0.09881065916480035,1
0.030738494056013144,0.7953491160272748,0.6937470295872836,0.3894432815995278,0.13440680102632735,0.4373079418648182,-0.05984764401494748,0.0635744366517719,0.2093313711737298,1.0152487414733218,1
0.7094359339123385,0.155730637476195,0.4582876073305615,0.7979688615967098,0.785801802517591,0.6583444385030083,0.019197620087511302,0.1309848461429361,0.16760265761265536,0.18870183870126817,0
0.5893867110497722,0.8262155806589333,0.5199096923251891,0.21619015617370824,0.3852509892580892,0.9068652875259205,0.5971341518456131,0.2689687247458571,0.8776060941798176,1.0819234254833732,1
-0.2899153449889088,0.6662084003962386,0.1185444141320581,0.2309690421284126,0.6911013669321243,0.46044187743375636,0.2959912746446921,0.6484348790080927,0.6796687551730216,0.7944597199952088,0
0.27509783956520123,0.21349654103196672,1.1363246413036372,0.8813600985240753,0.8592263389945544,0.238861536763728,0.07998371945399244,0.016852037099589157,0.709702216935735,0.1655167627093399,2
0.03642466803832345,0.9191698044831553,0.8971864231529851,0.6396585686181409,0.2868340874463026,0.8377966632039933,0.8447328516269916,0.0716339403172184,0.4058350457283417,0.05812043391044712,3
0.640620802649944,0.8778890618840364,0.26100150603019195,0.5024059738844726,0.5574541287829039,0.31274293160412,0.7264146125533822,0.47170449366650147,0.06693067160096962,0.6452622624157832,0
0.405804033783699,1.8734000088761418,1.0914012069839705,1.5081030129799298,1.5220917642807394,0.5699045479408086,-0.3230420708825173,1.3675215037364126,1.0575703383293282,0.13353106076046373,3
0.4323511028708828,0.46227952051282245,0.9054746205514895,0.43577149083966027,0.9461343416358835,0.7342554896855827,0.19081130692886727,0.40721677334727097,0.3687822930456788,0.024969594083898244,3
0.15007502795511063,0.9992347710074477,0.9412824013205465,0.723956798233657,0.20465945623779813,0.8958030763049706,0.7411440406825999,0.13667049690469185,0.3256773200379956,0.059107083782938344,3
0.1978475651596749,0.6865564706310963,0.44626418639055104,0.9807361980694673,0.18795421719686553,1.0333928962651602,0.18231364443948753,0.5755821905583675,0.9675403595917323,0.6786882316253868,3
0.042641838808438304,0.8576039298281903,0.8262442352398002,0.6604426939250788,0.3717219523043709,0.7278512014679439,0.8256415270381797,-0.001856806761741353,0.35913938151056324,0.06702271642584884,3
0.3430133021040288,0.643311529224301,0.5114925365777798,0.31300158932843425,0.6844359927640972,0.877855468974952,0.24729817061422804,0.35787113526881986,0.27097617067907864,0.11995619766254628,1
0.6278545126465667,0.9887011892593291,0.23044158885170227,0.6372156297816977,0.6318908940141966,0.31741306609194203,0.7648741561596226,0.4467884405371468,0.1936586016614834,0.5593744051659885,0
0.7508646116899016,0.864886605394121,0.06938177389844488,0.6333486681106678,0.8649899947348217,0.41384420309861997,0.14227481521950885,0.7020554745861949,0.8762548557278169,0.410640929172285,2
0.15008220763382552,0.11687090495130059,0.11843720788894549,0.39290644074405096,0.6692067155587582,1.162025827579981,-0.07667475688278474,0.4552297429307961,-0.0909260530999986,0.3832178497672586,1
0.27427482301737005,0.7865770138734196,0.04721383086212155,0.7973933624112115,0.09579540966770345,0.3941232766758799,0.8543716804477461,0.3409908003002793,0.6054241275754139,0.935511121522904,1
0.36675442929919466,0.09474910048597798,0.47576539809056667,0.345883329801724,0.716185070354505,0.252291742607935,0.6433709460351663,0.2607284438485958,0.4278910432620571,0.678565974666908,0
0.5387303354222652,0.9335843632367645,0.42388198753095635,0.42835443388470645,0.5806312549814956,0.14381624801828707,0.6458341856352926,0.778904176665042,1.0212994925352945,0.9236270863745266,1
0.6837132247863272,0.8836579929176047,0.032535986922888456,0.9800402626905587,0.8889682146676665,0.4988516777113068,0.15961829582934928,0.7006395111076893,0.35113706039236264,0.09958845584905823,1
0.3002137254136223,0.4480692994543795,0.8601551198303949,0.05575090971337236,0.390097864547667,0.5271652901919505,0.6452504318616707,0.6972161594814216,0.6431444565766343,0.28436188212330654,1
0.6710860302114338,0.9124972232362364,0.28774463539961426,0.5506635708144979,0.5649479347631763,0.3349081832341251,0.7188354447860479,0.5022058928758011,0.044485051940937936,0.6175089396495312,0
1.1973242139663485,0.0753078614982533,0.07212252054279,0.5570296612217241,-0.6883392359832519,0.45988141029281915,1.163428947740175,0.1974889940949794,1.7285712104268405,1.2912714150797906,3
-0.024834225143616606,0.07528981802818784,0.3003534655167981,0.25347166529438186,0.758456294465197,0.3132912094566112,0.4770535795914925,0.45365333193934565,0.4752927073033266,0.9829448620037611,0
1.2054719357041208,0.9923692287402526,0.15967694755311057,0.6965186459180973,0.4505066340366814,-0.2813363475259676,0.22590057497385566,0.35155447692631514,0.0842653678548998,0.3198439646454333,1
0.4951343072051275,0.7948408952446759,0.23507152226208688,0.4705309566513797,0.657228289652181,0.4434833253791366,0.9256445927727301,0.6171611722187631,0.7754944186487334,0.7052537465158937,1
0.6563782306685113,0.6297028707323451,0.7069752334064414,0.9687792488140268,1.0128204400994691,0.1602918733111104,0.7200043139702677,0.6819990543780325,0.6050782881529683,1.0102511154794274,0
0.3431814305302187,0.28611437776609383,0.846204602641847,0.5776901714049213,0.7097463753651415,0.39177007184000107,0.34494967617833017,0.6788612801515552,0.7447441849003033,0.9937161089649978,0
0.8619188639786443,-0.026134070315448246,0.613497503432194,0.693065897439848,0.6076642282128117,0.16823087514687038,0.35682734671676397,0.884995014351771,0.4969145045686441,0.1090890648510107,3
0.4288912760696732,0.06598500243161579,0.5207015209307175,0.3848450256383472,1.0388823729114782,0.15526218595137195,0.6913157327040313,0.43251833180075006,0.5623392288516785,0.6015955180168922,0
0.6204844336504356,1.1468873687980174,0.5044661435998004,1.232591393317415,0.2581891093830868,0.6912798124710697,0.19364206766796144,0.46800410136683906,1.152157074988963,0.6348460433813857,1
0.5827237290974979,0.7741830689352173,0.5695013088570218,0.2879383969804008,0.33001081080994615,0.7580723874896207,0.6537477147261871,0.3509413148850883,0.9696189866461229,0.9576052919152278,1
0.14797708296871637,0.5474394122303949,0.22072399880639276,0.5457207017459631,0.7579589521101978,0.9615581977569941,0.06814164700750855,0.20102325310435157,0.03128400006276372,0.42949914278869133,1
0.555208322751531,0.7494217988409021,0.5319883331453684,0.21264279639227515,0.29369307755641855,0.7452622122932571,0.706512629163121,0.25678043942306594,0.9774057103634395,0.8944278960311491,1
0.210662654637719,0.8065878680797388,0.36313371791946,0.9341820506528498,0.27937622972189935,0.9590889568497264,0.06452977489212097,0.6593342585266065,0.9543593504429584,0.6627068503007877,3
0.7546169952853669,0.8237404904553907,0.07965465264612251,0.6320440949856176,0.8693070243316978,0.4101252976624898,0.14210333163126512,0.7268543635184915,0.8972127780063999,0.44781674634438356,2
0.6439297697874306,1.2871490904616132,0.5103253235271473,0.8753254650485561,0.5983460543001956,0.7478879858572337,-0.26430336196473875,0.7021462018349058,1.0655562584336855,0.7647774725121432,3
0.6885848241201206,0.8849169505962872,0.03502591896298256,0.9830640226585724,0.8865835845773451,0.5065121503812173,0.16062502711889717,0.7085737655818878,0.35551313501944054,0.0923500279021518,1
0.9722077938843047,1.403845874985801,-0.48675906190655926,0.14939139560624903,-0.27855099291885527,0.8071433054325584,0.9249521079100542,0.02034567827587619,0.5792062962945377,1.201028891394246,1
0.7893836459533748,0.07679028898340219,-0.006393599686825374,-0.1214975638272412,0.9485219268205383,0.38143698355130995,0.7559623386192461,-0.007360962958745068,-0.041430635385385994,0.7574942611671307,2
0.2582041343110213,0.6056377599318024,0.9078975557966137,0.047512928067166074,0.4381395243013836,0.6884131125134171,0.11033823829637834,0.4129939429125488,0.14722139704111656,0.8128587622640889,2
0.21781718995765972,0.4012901500080354,0.9393869230859027,0.34736790129555767,0.7112245717449386,0.7471238320709143,0.3326305115075812,0.5384159083288954,0.2770053543246682,0.24121699088444615,2
0.446061400803522,0.9093982015706665,0.7963517823064628,0.30867519189148385,0.2476274772007379,0.8222119953667794,-0.11577094475759749,0.8579617620499517,0.7115410532800743,0.6243632400598347,0
-0.08071969156143421,0.3483053360733768,0.2690027088157223,-0.035212905598312846,0.8587869716067265,0.475149296134466,0.6974537252401498,0.14000514016287632,0.955271495268014,0.9253410852046908,1
1.259295990528448,0.2224226396656851,0.5300113031530473,1.1092437727739182,0.2766674578478911,0.07339209239595916,-0.09190112973855821,-0.25545636406404615,0.8245702578548486,0.12481890578063948,1
0.1829110192538083,0.5935259948481089,0.23841044783691595,0.9653819697261182,0.29031033506298637,0.7749668525198454,0.10696720395752615,0.6205488045811928,1.0735211332932568,0.7075064593751372,3
0.7289104489291651,0.8222393786115766,0.010898948209881354,0.7188206950918583,0.8869469734495107,0.35387916612566545,0.16481047686443384,0.7711272204294471,0.8848995299243616,0.45284972460609796,2
0.1516252792022127,1.1246359303487434,1.0882626389144456,0.5614898823488971,0.1736228070830515,0.9268301457576648,0.5229782387902042,0.20535237981384272,0.12490222092238251,-0.03250261339805127,3
-0.011405332589384636,0.8378180041107915,0.8675948361518991,0.666432446681242,0.2867510549054363,0.8767477654359417,0.8264170493106057,0.03463239785560791,0.46094538222445625,0.10796042234682468,3
0.2002146648292894,0.4118752803475513,0.2574855443011593,0.7870781743899768,0.5306385908360545,0.8960856408121877,0.907871044538632,0.38882869838269,0.7367398704180362,0.27578926039860524,3
0.6620051299618176,0.7476507405391617,0.6313802599521938,1.1068394429383048,0.490756051821093,0.7189953507898296,-0.2952012153038044,0.5283425779397009,0.3924858242016476,0.6914939106106617,3
0.7148557964996088,0.5290915226056907,0.5774887527341139,0.11483368457182938,0.450245692101097,0.3804756577905299,0.7017835163160332,0.6988732695718459,1.1230885088400016,0.5854613106899768,0
0.800912165072491,0.3638990747148514,0.8680644761821277,0.7793659660645718,0.10366742918797106,0.3137780591203692,-0.00742551700114184,0.2351921664072985,0.6245971324990619,0.13933834169252024,3
0.40934334127350697,0.5257028116243093,0.4999231285644383,0.13147189991543332,0.32455461010132763,0.23631610816550716,0.7259274199619753,0.6209491436839385,0.6674838722777503,0.42367642138523826,1
0.5521511789063147,0.9690663765530694,0.1683754122073019,0.424966892924194,0.6240578766543632,0.355094086432608,0.7060701672677364,0.4529191151777847,-0.005263834943154341,0.7006617965436802,0
0.0577621977105862,0.6697761129168885,0.5171508298203618,0.6382275686562553,0.7283238887771416,-0.05173324141785289,0.9434070017087093,0.51045799280456,0.796198707646011,0.8448923452304473,3
0.23580551198175334,0.589099440703187,0.9583522886053952,0.020204641005257276,0.43447528967443055,0.680637679015701,0.12708203099458615,0.40813918672843735,0.1351161644080959,0.8355931621586354,2
0.14446908939447756,0.17011056609164615,0.3793677783451849,0.32906295474479297,0.4266663463809863,0.27818454533939,0.8371445910507168,0.4763268450161661,0.2032651166519933,0.9484965729418124,0
0.19851362143485748,0.6817216028698965,0.47382577012683263,0.20687813189055565,0.3098012475374823,0.753843953892038,-0.03629998945753167,0.10789774504819771,0.19998254963081685,0.662188407460243,1
0.8177044150107476,0.784763363326308,0.20806555338266775,0.2766967226043733,0.9448502744947922,0.7827741910902841,0.26198154869467727,0.9992631702731054,0.8143695529720348,0.2839483795063678,1
0.8080303931226734,0.7528236759905231,0.23379890971018655,0.30540928303281745,0.917026136760275,0.7973397830026587,0.2811590985537995,0.9748038597338519,0.7776931223467514,0.31133169185135473,1
0.22256150346337264,1.0883452852440298,0.9488879318049902,0.7087988837841886,0.5026058215745343,0.7335867778892515,0.8878693876618196,0.5803698514648817,-0.07449262389092973,1.1244573398677384,0
0.3821912585093934,0.3002168162450678,0.5171888302192377,0.1012382380139066,0.4647731888549385,0.2976087001570269,0.5970278325162035,0.24909770310342078,0.17152852944365718,0.7986295357480089,0
0.7248853507133619,-0.3246692474401544,0.04468218815448832,0.42505072571566727,-0.100919755233427,0.9679100551243974,1.2064998128764215,0.6417929030378258,0.293946268186205,1.507763690266973,0
0.39929273494424433,1.1593178467933054,0.8513326353053084,0.6243951775853145,0.008092046058963964,0.3973759037287362,0.8300402297532464,0.8951458802525868,0.5104025676880943,0.7253134592327686,0
0.8306462216820308,0.7638872482349385,0.20071170195603766,0.3462110487031204,0.9591516810841128,0.777516641134005,0.3208931621930147,0.9914603476546742,0.7511282370217695,0.2834291393926405,1
0.6983020832514683,0.25125385045245086,0.18839815107501146,0.646919781112899,0.48564884554142856,0.5916689313870407,0.785406138309946,0.04872684626452931,0.5343016917328903,0.17067240419483726,1
0.8555996874842015,0.9954981242305134,1.2111481039027452,1.074209783996848,0.4094241776878193,1.032649389097341,-0.0826442728002752,0.6339679110090779,0.9868999690562495,0.5247457502975992,3
0.14844246662059699,0.32949608279702947,0.22836621832134055,0.6981064647221745,0.47462034349516397,0.8157765734086084,0.8601313707544322,0.26862490674533407,0.6394919153653945,0.2774676420386432,3
0.5445114058845062,0.7781827317676466,0.55148967685927,0.330175835168287,0.3007808079662722,0.6871999549824886,0.6854607252685324,0.33620598202862073,0.906968438893452,0.8675913247390253,1
0.5703207399057468,0.8897829759509233,0.8000644625235049,0.6635927334816499,0.4167836749548277,0.19724686818909107,0.8161502133908168,0.4213627655628932,0.25024246932402466,0.7987278061126877,0
0.2737983335848166,0.4292357722605803,0.58592903084825,0.9167752083251176,0.6062490207544076,0.49823942998088033,0.5797976470107791,0.19850034096759872,0.23351790748467305,0.20903626009775655,2
0.3372318458839645,0.29177388015408373,0.9549678658274401,0.6323474269246491,0.7753533178807127,0.39293815229433193,0.3668967232901833,0.6259070707253591,0.788461336671084,1.017544261570686,0
0.21935919876977417,0.5700628612690044,0.9065809881677779,0.026858235794371767,0.43087157552492267,0.6802342854902489,0.11083117423853221,0.4152449028815787,0.11359564249230951,0.8009276807006543,2
0.21515536525738374,0.7453201369351063,0.4422203241871739,0.9331464199047304,0.28003920703672436,1.0124320276893293,0.06411898934944348,0.6505288372854798,0.983904233041963,0.6168358896802052,3
0.7211746451548546,-0.058008350718874724,0.44619779367514256,0.8155082718484896,1.09792015910689,0.4939890917418577,0.6963844079471133,0.981152708800014,0.850701136100195,0.4897276356328004,0
0.7448034247277697,0.843650930174728,0.06781526376427398,0.6686943979953277,0.87985404244599,0.38612151887908397,0.1077772745282657,0.726012866643559,0.8983607363801356,0.4405968152117459,2
0.004756527470013774,0.7000968379794912,0.5334695813532904,0.50838288305561,0.7954874601610193,-0.03985447934588621,0.9229755159110519,0.4700341642831331,0.939424709466081,0.796878570935193,3
0.9024648369113957,0.6119393510904086,0.19756196591767328,1.0150053844167997,0.8695082789954822,0.14794842904885466,-0.024576307469001454,0.2604818398005258,0.45353924119795624,0.07910019298702561,1
0.6374215344520711,0.9463193857110184,1.1442077546303608,1.1367856355278334,0.9309845911284416,0.7670710807839504,0.2084109622610257,0.7330748621059828,0.8541986453427809,0.36570774331913625,3
0.7377204052933748,0.9107566714550103,0.13184178714767317,0.6686983776125985,-0.0017779599404819102,0.17702659752281136,0.897915970180736,0.35613560936070626,0.8560984684278631,0.41678625858556184,0
0.3935672285604217,0.7434828406546053,0.5721998045686891,0.47810069362235125,0.30424764429087753,0.248428341070583,0.7784434279459841,0.9258431467364879,0.41958073303558796,0.7142992019818364,0
0.3021552294328167,0.8616829092009917,0.9049834258767976,0.13909299183925808,0.26028577206143777,0.8761795481128076,-0.05464332539995061,0.8172024219120225,0.7207395403638455,0.6388222270582068,0
0.20833132337760263,0.5467803536270874,1.151250510523769,0.41325797175242107,0.9278341068891064,0.6340017152471434,0.3376341589148283,0.36881654883751425,0.12718274934178675,0.2569641587047479,2
0.802519374348622,0.19441411925079635,0.8195750688833845,0.4340758099298248,0.2807515205397664,0.8209859926561398,0.7785936723281426,0.5520352895098366,0.3805138839508905,0.8425815037823297,1
0.9310179087539826,-0.11203573228244623,0.9494285491542065,0.7919539301251246,0.11240567306408067,0.4158767885244342,0.5214392479553597,0.8964993942887045,0.4719983342161552,0.45736585731180207,3
1.1082557029698887,0.5608486228021015,0.5286590772264735,0.13529850477254876,0.07594128270330014,0.5208146299977425,0.9824955412040786,0.5642271334451896,1.3799814972372424,0.5888827019597552,0
0.10644506924782868,0.9251170340941302,0.7566620834423774,0.8103770287839099,0.3329256573974464,0.7474417936025277,0.8361079261212849,0.006053054197116638,0.36197022224533126,0.08096673230151391,3
0.992350899325489,0.08332120042002067,0.8073589958758058,0.018043964755688865,0.9703478439189286,0.6485786205277904,0.6038562707823136,0.673659407168406,0.7540819810716765,0.7014049711014331,1
0.17805539014848368,-0.3852864348427436,0.532569722110537,0.5802519617508417,0.33275627975479805,0.08640729525737267,0.8098758384612541,0.05275456313439227,0.16236110751419552,0.8182451534241325,1
0.8933104442775087,0.25284130934856336,0.037617961565487225,0.5384469670459964,0.32708090875826645,0.42266883733423155,0.498637549332823,0.04301948883222806,0.7219273912756133,0.7242277035387281,2
0.5626318210387106,0.003560697185450344,0.03739039591417199,0.05653432668269487,0.7445630485687161,0.5095649050772725,0.5982563296398576,0.15664938944646437,0.2880981001808816,0.927143302227804,2
0.33445119734908885,0.8565667284980648,0.4608439730228924,0.8821384969782181,0.22886318809459946,1.072427382236717,0.17092079195748228,0.7564049420058226,1.034679786326526,0.5155062450736376,3
0.7073570711661824,0.28587231954639175,0.5781000813513703,0.9802168553147617,0.5868438487599652,0.6669314403234795,0.5891454143190252,0.27734100315897897,0.9521017093295291,0.7024113229503873,0
0.6365617708889254,0.5013946117822263,0.8660092921207307,1.2619418104606062,1.194946304223484,1.0759440241117786,1.1610329328209186,0.3353722883364164,0.6021925420936495,0.029809100660791694,3
0.5366874201889821,0.2347527894912226,0.6769786181048638,0.42793885311289304,-0.01862695479974108,0.6707561305630205,0.8285885623535564,0.7289030141702812,0.5061190530114511,0.9649832618405862,1
0.8012096618170079,0.13903172367561886,0.5271570925708291,0.8753286905449141,0.8980987940619565,0.6974276795529832,-0.021830072662678834,0.20601786540813946,0.32358971409976023,0.14176673122906916,0
0.636880953737752,0.4168182427082345,0.5404669243200202,0.766221411167245,0.6832250711617986,0.6112353084906574,0.7234875647323622,0.03973273826689043,0.9174766419132314,0.4112468288978327,0
0.38072555776895045,0.6860728110574033,0.12451253957085516,0.765528952141344,0.06474107147917617,0.495380659818643,0.6934520419332162,0.24292803337452445,0.5426785528585967,0.842526481567086,1
0.6833756246382133,0.8862176947660364,0.03220954563638618,0.9753396353269589,0.896726459129447,0.4918297662389265,0.1585932248545284,0.7065877083906078,0.338524895388041,0.09818067036972775,1
0.8930937558608212,0.4280074273136635,0.36632205844778354,0.5984516302666822,0.3242400832581128,0.5727781925547072,0.9696018477363371,0.2183818450430748,0.6750452369326936,0.28803066077395645,1
0.4213164299216323,0.716886764499631,0.3819982872764691,0.44012896368773735,0.43836210020479294,0.8233721646362281,-0.057859063333866326,-0.0688306572797755,0.26027202285046014,0.7255834007397901,1
0.8769680577029846,0.12602452143789503,0.2705665985495042,0.34572069597299737,0.4556118438855247,0.14627255020166902,0.7719272483712339,0.31965620319823185,0.8607474550581987,0.414740732513103,3
0.8250915484370762,0.6050182470889112,0.060112033775545255,0.8140475323309438,0.11081864217273532,0.29947671791474234,0.24544204642414996,0.7696134284733581,0.6689336985672852,0.6289887702595297,3
0.7606521559161064,0.8562138777837621,0.06368813429222349,0.6476874021501305,0.8873916910552491,0.392227615403524,0.15310846511452175,0.6950502499114025,0.8774490057873475,0.44906380096675763,2
0.6296256434937197,0.38862034398572687,0.7621991287554359,0.6082309868819414,-0.010201047711974484,0.8557762620024205,0.5500432871333205,0.38114378063090276,0.6249031802681155,0.9755529312024642,1
0.5260145724097426,0.32152845524987245,0.3987055234456218,0.672162891452978,0.6535522170318016,0.5657882582372336,0.603935195289597,0.1632165523855359,0.8186620445069736,0.4111675101161798,0
0.5116491466658972,0.9559795223430334,0.9759452400996822,0.3213633011284745,0.28558233289123935,1.2419980272219862,-0.11665130515106609,0.5383269579345653,0.5623160379991913,0.7721803442323959,0
0.37234544461219554,0.4024596961630689,0.9516944242268187,0.4691977869461943,0.9344321415944946,0.7443137178064999,0.1686507089263721,0.3961381316185251,0.334116692194139,0.014490389631201726,3
0.7377028387871296,0.8521538700099957,0.08667243283096585,0.6431599582772104,0.8677540621880971,0.3971892132303962,0.13110869467803385,0.711955776389838,0.903479733020618,0.424994813032785,2
0.8632419019187544,-0.0056203529164931335,0.6400544241653447,0.7483248327154667,0.5940236092297234,0.15447722793097093,0.32638331745511573,0.8442643885830312,0.35753212749009006,0.15608669333465952,3
0.35576044386347666,0.24679505317178999,0.8321731564038738,0.5909651705482455,0.7073991674808917,0.3842049968809733,0.32680507215456794,0.6822431282264954,0.7468734438661144,0.9953670759636206,0
1.0200753142930379,0.1405715341609507,0.2190122937492861,0.6650885722992994,1.115658053911221,0.44110218181295247,0.6279963660017303,0.9009257291942877,0.5695568957664071,0.4578862574907937,0
0.07974054550310272,0.8060158541264953,0.9346391845862054,0.4346669910575018,0.3677065715245883,0.3907555863836103,0.7387261722579653,0.7473010461054345,0.06151685148733005,0.9167625765845236,0
0.644115828356611,0.778822040618261,0.13172002580117984,0.7261446721365511,0.06377337698519926,0.27424733838820153,0.9648929899748993,0.29946227953781895,0.7905566226572046,0.4103978606249096,0
0.3233746259754,0.6746131736300113,0.8727999106704041,0.5675122111288983,0.4398578370905852,0.07821302041108655,0.8254143698513148,0.43654995136779934,0.40581296503687025,0.7262279685127788,0
0.38381906071500044,0.8385545670050779,0.8471355045826889,0.672543452280557,0.4834773984930264,0.20876872620334808,0.7399966888451707,0.48087638522757264,0.3900455747651572,0.7661289442233826,0
0.69978333241435,0.30394602353756417,0.006204950766216591,0.724358779935693,0.04682590762777192,0.6396882180215059,0.3988677965541272,0.12499035206132805,0.7669609892177062,0.6974955365211439,2
0.3303821495545378,0.15634387771370697,-0.09701360647126206,-0.2108462214492747,0.6630618069346902,0.8181006762083254,0.492992769273652,-0.13392338769981163,0.08480677100794015,0.6966444251787527,2
0.3232421226797758,0.8294607763384393,0.7886600164782548,0.6878634077357934,0.43855520366497397,0.15750026522456803,0.7672258121659657,0.48886995462343347,0.320607913811267,0.6984536210660678,0
0.3062887455969176,0.5322899765074386,0.4905432611080639,0.13641649453065527,0.4155891116645012,0.21454852569840616,0.8641089110284355,0.5686073544242483,0.8133692051932188,0.45100636201851746,1
0.14921084068764662,0.3612521009966746,0.6857635588332569,0.3212779434343231,0.3290632815064497,0.3494413944260797,0.9536814712028399,0.08174719452133825,0.5166091698080586,1.053980717066651,0
0.5422874043639762,0.7344446222588625,0.6252121337851407,0.27113729862439667,0.20642006538109606,0.7755859352890956,0.5450595045198557,0.3004614053344344,0.9006315933709581,0.9788408872569428,1
0.9122690250245524,0.6655954340905735,0.01769177139509876,0.8333210364871206,0.17691019999671018,0.28798745608056464,0.12422505395958805,0.9201598977977093,0.8016895284513703,0.6835468278048027,3
0.42713354601945214,0.7905485195627097,0.9987332670194561,0.851811427216967,0.4016365746164273,0.6031339581089963,0.6535113694190333,0.6109593735042075,0.8515240812270093,0.334083361669559,3
0.3876380732169601,0.6459552558431202,0.8021198191615904,0.385012818928895,0.057914956091020375,0.4954824564220878,0.15302783534904335,0.6771448249692745,0.07943619239255731,0.9569368871879019,2
0.6603364618953744,0.9008428783705229,0.28782041488478094,0.4923887073510157,0.566083428591205,0.3265664525586052,0.7127790877688829,0.4681177588146877,0.07712679814198223,0.674291202783694,0
0.6131239258881646,0.9953996212879681,1.2514662502196856,0.5980176407679212,0.815399852137076,1.1698699702285127,0.25467439196811725,0.7642186419858477,0.5757381613390938,0.35320900709928704,3
0.24228474890799576,0.3342787970169974,1.0186330908497323,0.37550535520948336,0.7791421549889215,0.7067116175620217,0.4306031026748127,0.4233457422295816,0.22833493765734308,0.2971515715874832,2
0.058252541967176816,0.9916407079555158,0.8154708894046264,0.7516329420062369,0.37711490095431555,0.9235185591365415,0.9102989525091096,0.11107007243235417,0.40546792256565234,0.08646119898890396,3
0.4816297488050021,0.6487704671955484,0.7424119111590275,0.1746587200183719,-0.3131552209287787,0.377673212723575,0.49747314817101396,0.3910476765333316,-0.16556921692588594,1.1048252363219062,2
0.8094504912595858,0.3484418805791525,0.04479738767305999,0.5209008987488083,0.2418776479038982,0.48391662493008925,0.4992858352778532,0.15526647577155156,0.7744406964476138,0.65610883715663,2
0.906119112610052,-0.15830868565063652,0.5754356066792161,0.42843482982940945,0.5473298133076633,0.3264433681001086,0.40961901816396384,1.144820548204732,0.2925398658338316,-0.34277164027560386,3
0.5002452737380263,0.34499791257307694,0.446511108137221,0.711528588834103,0.5870627095740281,0.5223028901728105,0.6743456568148347,0.15949134069281998,0.7626702363473017,0.4529457662845948,0
0.7845464152051599,0.7724593398885089,0.2710044573450225,0.3433826903121922,0.9334735916516991,0.7999597896915429,0.2869153374667805,0.9586355012029418,0.7880700138633959,0.32491642316159286,1
0.9104191400277507,-0.04469651525350486,0.22392407100466205,0.7486601063354363,0.9858617389627895,0.6687029361970532,0.5270695414379761,0.9590630708761052,0.7410014471290645,0.6077158676439689,0
0.6860778961792331,0.04190778221222255,0.5448754896028596,0.837897453950296,0.7068803298169682,0.6425116324094036,0.05114030453075836,0.10341775719227878,0.2107428534712267,0.22081944459577715,0
0.23259544556454578,0.40438231578781675,0.970137628817795,0.38302985957629543,0.739269631769293,0.7799056826224553,0.32868186605684646,0.5118727528825061,0.31298958582603004,0.21109091555842258,2
0.15940759051439995,0.6956416150978411,0.5381076184997291,0.5458100721744802,0.7552217337869896,-0.013924904923912263,0.9129626229454356,0.4561259256128125,0.7608589465415428,0.8258474351303013,3
0.656909783444493,0.32914783235543166,0.9745321440162613,0.3185420683516354,0.739453553650707,0.48664410965607746,0.19317816872987287,0.5479658554353388,0.3715204781836867,0.22376444359382935,0
0.7106096457603533,1.034549144164971,0.32314841324293203,0.5671556602859172,0.6895558710332974,0.1976651095794004,0.8638469683557505,0.42096473806013734,0.10619349041717262,0.8237826015688294,0
0.2397355632771919,0.37697257908796034,0.43186384367941993,0.23170408626754396,1.1005513031875147,0.3931438213387173,0.6400475341702124,0.6818414959109829,0.8280539712386517,0.4781036364501195,3
0.1232932249478941,0.18443962344484632,0.3284094673004147,0.16252494942805823,0.38860440395810225,0.39847324170119863,0.8757383944446595,0.22108094591019334,0.49084695084837215,0.9188576138030915,0
0.8536039330404867,0.8792759128480647,0.37110751986268486,0.8886862339684645,-0.0684771172326781,0.17528365868796866,0.9180575205495972,0.5547674961824729,0.8350316567009924,0.3715493029407114,0
0.15728800673196985,0.7337593718702916,0.4779292881797779,0.8870055975015233,0.16948013841716286,1.0366332954049733,0.016928190450870878,0.7087033550608317,1.021697805233194,0.5367813840783654,3
0.6876395656248797,0.8882119597602853,0.04059265357575021,0.9726411811568162,0.8913210111171893,0.5064308338014002,0.15491880290457294,0.6996480758106124,0.35150550116746826,0.10158258596004971,1
0.26124952341537533,0.5854249898846602,0.9412401979554945,0.027029733322092693,0.420169814684798,0.6729986709290084,0.14398312907760574,0.3951927532447047,0.1267690563296373,0.8130429778778342,2
0.3255435468783483,0.19101677048289445,0.3652802276467467,0.16156311929782452,0.6427847075869049,0.309067776949836,0.7474308833100343,0.3431206137162361,0.4238437571500767,0.7554633147344952,0
0.8856361832239262,0.05751250428464995,0.7049870751185277,0.3145566820201333,0.9140712421140955,0.3029774670131738,0.30622589853764864,0.9241470867880973,0.7996317026532707,0.8062419941195156,2
0.6844635430723846,0.8839216798267536,0.03646495304296393,0.9751443085725902,0.8868530578783643,0.50119664024398,0.15500321186806737,0.7021835446628328,0.34801103029570957,0.10190053995786957,1
0.28856687633191774,0.5811144848277277,0.9217730549336073,0.023947873532477057,0.40925812927904603,0.7151459281475587,0.14529805703376233,0.4241886531396665,0.13599616992668676,0.8446351173336536,2
0.2507974872457099,0.8823114951688834,1.2267221935961548,0.27909788217280534,-0.180319507757134,0.4735204839610595,0.2332486665647811,0.43904964232048277,0.6013178366305684,1.0322416521603035,0
0.20819326758790851,0.7112324684207367,0.7897440647082621,0.1619046001117239,0.17601872317466652,0.9447793163281433,0.12301720666296581,0.7826718849611695,0.5759761344359543,0.8081958291202765,0
0.7647889980353151,0.36773510926098424,0.8975280868039822,0.7350499225035417,0.11105889177598488,0.27827210414130743,0.001952874696093962,0.22002143859704468,0.6431623278005398,0.09969115698926129,3
0.6084447955841006,0.19196979202542264,0.870535128353281,0.5689041808071468,0.250485833580535,0.7015914105469089,1.0101382857778356,0.283706391533277,0.589279662477701,0.9900432916734334,1
0.25662772543552825,0.7499403044784371,0.4894532113372287,0.7522644576554041,0.5282512019340493,0.07793787184469249,0.48366641038614067,0.8022366347261158,0.4270529246836783,0.48001221695157814,0
0.6717995199394953,0.46361530267037615,0.8379335239321184,-0.013785336601484705,0.5784051580754372,0.519885892195973,0.9300193212907798,0.7374758554013587,0.9474060299138474,0.20161682498395603,0
0.6766363145499288,0.8895078504476487,0.03342041540586467,0.9719968150834541,0.889579614151091,0.503662521642834,0.16173732988914913,0.6965432564727193,0.35120962203227085,0.10841081416836135,1
0.8651004961700943,1.711205163157325,0.30253552724562416,1.0439091723896157,-0.722394208723587,-0.2318509721961629,1.800369243213848,-0.6807563803340456,0.9136470010574259,0.09053669638447276,0
0.9616234505650766,0.9157365648807052,0.7887603018787784,0.8020670010759237,0.5746427953315777,0.9554635880007997,0.0779643390853456,0.594277124426988,0.8375923436545176,0.5163275918972394,3
0.14667545048936628,0.6162556324347306,0.8057958281770806,0.44436013508451677,0.2701072196329918,0.2420740650844364,0.686423675784986,0.587509580185005,0.22932402296568533,0.7175304192401389,0
0.012713289274225686,0.8786999403259981,0.8319320414282514,0.7138067476574721,0.27739256156150716,0.8095204980755266,0.8401926299166211,0.09219658958153591,0.41938497938688835,0.11344520676114174,3
0.34526080036069395,0.8884417046826205,0.791009128238049,0.7039076734620543,0.5184366678514527,0.057744913736907905,0.8523877651480799,0.4963126350233813,0.2730415925476491,0.6573777275542693,0
0.007499763983681341,0.9273998526437828,0.8712781781469944,0.7071827724564481,0.326364251804887,0.7956801414367554,0.8270448198142233,0.0525010850980359,0.42038305192052045,0.10024319083684435,3
0.8544700117262597,0.8077736800822871,0.29496783996040354,0.3634376972228141,0.9723590491156525,0.8366257516177452,0.23049727221436073,0.9989987350479638,0.7973665262066841,0.30983974100789724,1
0.29459229630448464,0.10152316902790215,0.5000552522818525,0.33726340431967106,0.5567108233816653,0.2879042936675086,0.6768257375024096,0.3111364696401953,0.37991423700380317,0.7971067478368109,0
0.5322828089825762,0.10129358166821165,1.029114144479492,0.6857530627471714,0.7173200115885087,0.38375672157339247,0.3727088394537118,0.542368840972573,0.776895156983888,0.9220230765107938,0
0.2522956285086338,1.0124986688590463,0.2903555227809368,1.0135124785539877,0.12186101334186339,1.1029765320499862,0.19592448799337306,0.9476986901533786,1.1136485859546652,0.8614680074483114,3
0.929547514747634,0.8420485935703528,0.4407056446785743,0.783850942604969,0.14003600074773093,0.37408997592088605,1.2556708754114632,0.6365369780487945,0.6573860651775892,0.5143651754862408,0
0.25268397710722496,0.5774836011801644,0.944738744061389,0.03266020015771862,0.4155979108252345,0.6770075437261738,0.13854504528619419,0.40766435599057926,0.12258940361896287,0.8210210138723697,2
0.4113816781054468,0.06664181935509553,0.8654652086365824,0.3954983897232349,0.07353270603394473,0.8539563003332415,0.8209809887716736,0.4509781370204221,0.4664277248115036,0.9748124737363661,1
0.017014862725678426,0.6069110932209583,0.7653622234291668,0.2500175473718635,0.38185887099722293,0.3757975387868716,0.8084836536678865,0.7167525106111707,0.05969849288542134,1.056777097115722,0
0.5142987901275651,0.30942333997315785,0.33752074385530123,0.6874001665920177,0.6141146199923122,0.548412958523096,0.6582023925586057,0.12940530185479127,0.7659185408718269,0.37184336943718216,0
0.5810642269324988,1.0299108330067637,0.13034315032895558,0.5272699623696319,0.5355941354501608,0.20107317753306983,0.6915816399286233,0.36651945546966636,0.19993531361403774,0.6159029393881224,0
0.5490639758967538,0.16497249849424178,0.8314217742756936,0.4438705383088589,0.09251422401837738,0.7637211155937684,0.7049845131851008,0.5662020959387676,0.5422936165946092,0.9426031092045066,1
0.3398114781834186,0.5475009510382878,0.36627623635174833,0.3685842387052994,0.8226929218075621,0.8322321064624247,0.06603760859815763,0.2833676239048931,0.08957453054459373,0.3741295952105763,1
0.43023105008148294,0.452696705935548,0.4802552376210266,0.2451240207796891,0.47690015531320784,0.2331693579944632,0.8980335742574233,0.5516445579433781,0.6113333868114712,0.3073161007108468,1
0.6891798696673496,0.3001049437192827,-0.22458030858443623,0.8523226585398104,-0.3222582739894798,0.5614306800786938,-0.027093157153915026,1.2594671908448953,1.371576986148284,0.3026301025996647,3
0.20692330596883465,0.4420194846584148,0.28504493364549016,0.4213927092718741,0.766400605606968,0.8594879546156935,0.14164713995018235,0.2830468195997845,0.055782453240726684,0.33723553966172204,1
0.7170676127131791,0.08140267072696702,1.1094676635177416,0.6191123151355441,0.7463360815742491,0.5419540139581802,0.02762675797069092,0.5198908766862471,0.47819325353775965,0.20703287868591788,0
0.6361149141232635,0.3709023409760255,0.813812121241223,0.23170570229412638,0.17345716117856969,0.8298581425652641,0.9187620097611675,0.4863265596548125,0.639577361546496,0.8681245118024681,1
0.2355726575778088,0.6789805897025996,0.5164302005649559,0.8576067832560077,0.20802796119387462,0.2521540439325961,0.6330764340141141,0.2251929998925014,0.047420166403804864,0.493346262531946,0
0.24183275538607377,0.5720549816057351,0.9391660077241409,0.028292039313313477,0.4182190153375505,0.6715547980218711,0.141731573407199,0.4151726404180756,0.12850218469083058,0.8286901769123646,2
1.344580296633816,0.6671274017618312,0.7695922729410505,1.1126608114691625,0.4085923310719248,1.6941427437865202,0.5048920671871524,1.3343428380329194,0.7921088276973671,0.22449100048719994,3
0.771146807819628,0.16488112734752963,0.5905905959715781,0.6812174671953725,0.719213595945738,0.15260949331545523,0.3498671908464942,1.0280010218190188,0.4334547741716029,0.004428533408627179,3
0.5937473622162968,0.25807238052404813,1.2746327423393196,0.3693652176619115,-0.19770409013358858,0.4494202055597708,0.871848139722309,0.6621952174643627,0.5177426611507893,-0.5403132104364339,3
0.6627451949714921,0.8559799991018595,0.004997297651828936,0.5678816260243744,0.09331642991834128,0.34400155634289575,0.8673902340266488,0.37207394496493224,0.7635451642929227,0.20745348202786842,0
0.43356417750734,0.39132778598905305,0.3294260505308635,0.2468308307359593,0.9168160946067769,0.9895231750682872,-0.05438268466870755,0.5973677254989668,-0.18110791542765592,0.6392203080271519,1
0.33384484984963747,0.5119956966157266,-0.11587804311035599,0.22449368212281906,0.3880703227249203,0.3027974486600962,0.3787590097367951,0.6296789896413392,0.6746838328205907,0.3251351685201595,0
0.5522460379939219,0.19183150633631685,0.8380499562022699,0.43129641858482065,0.0812572146894577,0.7338276148689662,0.6929613163278648,0.5539617204754602,0.5591165851518131,0.9159144566702412,1
0.1001838040466472,0.7886707107821019,0.8321336450153112,0.8057212039474795,0.3392025831965692,0.7415542968135129,0.7129831688296118,0.14944645307880372,0.37668031871835206,0.15418530413764078,3
0.05069550202825496,0.8542342930362048,0.8292325828334473,0.7118110261558351,0.3563190728959888,0.7802424622730504,0.8060015743154422,0.14068267332275947,0.3731482637660791,0.13544337679720891,3
0.6408327634143685,0.216864419235239,0.6230362522159731,1.2963983760492594,-0.24967559683702267,0.7080302682523697,0.8199875793871398,1.1934335393304245,1.3550710454263177,0.5794180032760297,3
0.9843885739093059,0.054809739658696066,0.8016276227136302,0.03790441685047629,0.9580445987841362,0.6861649126869196,0.6080781195932264,0.6812411971273314,0.7283454474014486,0.7352862370041156,1
0.5289458673302363,0.09884480496988414,0.7796603523735572,0.36761109712264894,0.08962075294160182,0.8270540538277467,0.7152421609504261,0.5982732736920874,0.5274073199902959,0.8626313781502272,1
0.680282021942941,0.8147076608459451,0.17706861631587695,0.547340266879938,0.4908537534621736,0.3190075490176608,0.7201410545877204,0.45118602584264245,0.14074708737221076,0.5778021319491939,0
0.9111607209127712,0.9700716942014083,0.8639903089812538,0.824172411098016,0.6075000379110389,1.044310691792343,0.13909108078030655,0.5781870168438416,0.7235313795610849,0.5034444042607558,3
0.3715476534401604,0.3977439092627448,0.954434933793562,0.469198185638182,0.9296749976823181,0.721237003754838,0.1577802818087623,0.4032003305435742,0.3257864447026009,0.022411753713350767,3
0.7108150157428382,0.2352127378301772,0.964391539550503,0.37963940360712045,0.8045782036953728,0.45317551414330376,0.1225505739606604,0.5853216592266408,0.3534906230109025,0.31432070736803613,0
0.5391184412704128,0.16528009550479764,0.8400733985008322,0.4552308246049869,0.08652766333956997,0.7476955790381827,0.6948271949864742,0.586439825146932,0.5311180319656352,0.9347093356409782,1
0.6864287833553778,0.8801312778929687,0.040714617530787055,0.976156907647391,0.8911984198189303,0.4994242760896369,0.15429229795039462,0.7033060109882897,0.3430187758233447,0.10096191616627992,1
0.8706494639184109,0.6643210329733393,0.05743926190011159,0.7834483174726791,0.18439502974022204,0.2846951144378042,0.1007775220735195,0.889725989163405,0.8431749629725912,0.6395649097784194,3
0.37801906148954006,0.4372450154888897,0.9335652941633892,0.5004572967406196,0.9495661979963882,0.7485244068412824,0.16729549208061223,0.4339445346535427,0.32969793081613696,-0.0057718044216424,3
0.14799576752453336,0.514207650535344,0.9715685934932938,0.4238509740356769,0.6018069498384387,0.6448365992859155,0.3618290589357233,0.42318570143851647,0.23307049550914738,0.14325488609374304,2
0.6976736282139235,0.09801109889368198,0.4376111807360178,0.8316789338669562,0.7816688521590567,0.6799199297972752,0.027998662392367958,0.16141757001996682,0.1607255875553875,0.1882689092377777,0
0.4882538682191878,2.769846573252487,-0.44318988137725157,0.17160849806647283,1.008649789150493,-0.48172798054015287,2.80094918026381,1.1652744525995484,-0.07328994774538222,0.4015852093912552,1
0.2499761284770697,0.12099098378737173,0.4434080870045884,0.27609311434480455,0.5592293709487705,0.326808908503812,0.7229008155441928,0.3227256148860281,0.33871361632626945,0.8029243380230064,0
0.8759435260336152,0.1882363073908731,0.648170435397132,0.8896977543252286,0.7104982008031113,0.8193585375433254,0.2125694056619239,0.03652867807675976,0.1278341937340155,0.3731084575907594,0
0.9322595303530918,0.7883401488526842,0.05224421387603895,0.7576615975309884,0.10496532265458997,0.23202814854980353,0.07866650637740427,0.9485808559771199,0.7516798514510098,0.6126229829254287,3
0.741183137645675,0.8519293120304022,0.06877636661600468,0.6487957114680533,0.8780241223023487,0.38573693380706786,0.13071649351843456,0.7188124851709697,0.9027177061067003,0.4133120284059457,2
-0.09346059032818438,0.8876585877028117,0.9551574099549509,0.5638150493093846,0.3620420171729864,0.8686389826186653,0.8952062188029967,0.003775764528003739,0.4826814852187332,0.040618234169104275,3
-0.20542071900739323,0.42230158845122473,0.6157016405907361,0.3872821805491245,0.459008997453474,-0.15003363338392905,0.5501959871765284,0.03936085163513742,0.7524420924862663,0.6665291698039287,1
0.7201065773977999,0.1374092281911461,0.3607906196537908,0.8457184422142177,0.6666512655198823,0.5053805652416966,0.7904376231906087,-0.06044831523768113,0.8173485967104573,0.3880026276041035,0
0.7833644865334322,0.4567818055458521,0.9970222914664513,0.6865599373358341,0.07834310708723219,0.24058003008493312,-0.004020677375090515,0.2566021424485396,0.5402833103411492,0.1499843335846523,3
0.9933148841020847,0.8425545767862895,0.0986755040180578,1.1020027375446946,0.8845174979009167,0.06600301815290258,0.21510649414186991,0.3578300665789733,0.2905219243937273,0.16075267057800507,1
0.3444528675736362,0.03980039145616268,0.4266884288084106,-0.1197782649191709,0.7734980056889718,0.19642379191281917,0.6966477962353541,0.24464131271448092,0.24943562531238325,0.7092029372392235,2
1.5752773975660244,1.678163709798575,1.4879618269965826,0.4473589082777803,1.4206456817684137,0.6449434599556132,0.39855049364265216,0.4205279131146724,1.0052869289923512,-0.4839323360898622,3
0.7510808878828599,0.843983273284013,0.07387267861353,0.6560895791395824,0.8809953620849775,0.4012794156753996,0.11864939847065903,0.7204774666151976,0.892049348406634,0.4277065436008661,2
0.8012449247675245,0.7567292450537032,0.24366511077437117,0.3348977416563797,0.9501630904697775,0.784402863268083,0.2788694578038458,0.9951706178301416,0.7807898029368845,0.2775701593806773,1
0.22834035459654414,0.528582232265072,0.276392424166019,0.6458188093108056,0.9154383657944374,0.6019268111188261,0.5657869976571455,-0.04115925335852677,0.12445425595141742,0.0551548289252094,1
0.34051581220299926,-0.14277281475916634,0.32981753125581936,0.2842235081777467,0.7094191804282408,0.4409672915722142,0.4234313878967094,0.25378950131836153,0.23867656883879573,0.8570414967642062,2
0.5185884237237294,0.7606207239558178,0.35316374487486335,0.9667371303044084,0.45424225009886343,0.6533690914850254,-0.20754230898249965,0.31629742204227873,1.0226835996434365,0.8465912015908561,3
0.39216222409199425,1.0114199722897563,-0.03741681066505756,0.9443945226796049,0.16077475197306307,0.47555107447364986,0.7070769528601749,0.08552444995087063,0.9408566537404499,0.15070620558604766,0
0.8537767743437386,0.30170640292577616,0.17841335760347762,0.49111260037362026,0.1764482276667714,0.39338907892855085,0.43547861036201435,0.15627374550250037,0.8209982823123825,0.6454522677906948,2
0.3750923375097942,0.4054872374115622,0.9384020056168176,0.4752010444489693,0.9324905964945441,0.7404043336150689,0.16662668472212408,0.4004588964802003,0.33005940428609787,0.034766313811653744,3
0.6859671605772388,0.21743100961023773,0.6872124647925889,0.536007012407037,-0.008929624679112513,0.16350445270520808,0.05908486874107539,0.32880071391084736,0.7124281773769072,-0.08318941692669768,3
0.9852086944520756,0.007142511810693572,0.5425810105125021,0.7325739078360584,0.5571611520757682,0.07334878064018908,0.2934774487315811,0.9533248639311986,0.4469958237711699,-0.057195979800307786,3
0.5489934422389204,0.1795725497113496,0.8180761250756121,0.42977437787228173,0.0949958059453473,0.7751502666894426,0.6917924789017365,0.5662986354305846,0.5385518000729593,0.9331432170123576,1
0.07311160921896431,0.8854014197442394,0.6214170861652268,1.127403704469342,0.39227833788806254,0.8034225971899024,0.06487860716756182,0.5650170922746226,0.8323587437853225,0.8468880205010485,3
0.26244463221743897,0.788766914213765,0.8568189611314707,0.5818974330661213,0.48419069575806517,0.21950295886959487,0.7363115542270249,0.5407336890798887,0.34392524373359606,0.7804242113042248,0
0.25338981901323276,0.5674024931344667,0.9113502697503217,0.037888528390388795,0.44279484632178384,0.714061850861493,0.16214582930369856,0.40384923605698847,0.11197694850232585,0.7963698210021188,2
0.3556061365939507,0.5385725585426452,0.5948982906528268,0.08936714380712467,0.37143078338330876,0.20482250211834374,0.7700288088998364,0.6263546056627358,0.6933018622291904,0.4442478684459363,1
0.6939772956825603,0.2517605129704937,0.8559040987194881,0.9979534508389171,0.872401654144734,0.7400929027220299,0.6755517587310874,0.7288316110003499,0.9304278415557361,0.0012583286817681337,3
-0.018608340745873232,0.9024485653203244,0.7954625482651334,0.8436127129288711,0.2710739646888885,0.8891718061412268,0.7242124067698531,-0.018308941141487192,0.5162869486047248,0.001923305335673281,3
0.40764103693248105,0.6939910574002518,0.28042219834202786,0.2663647366088804,0.39801112525285637,0.5625475557613208,-0.18851083310077002,-0.10862074962624274,-0.08166009225818166,0.7174868770277653,1
0.12493683623960095,-0.08180169106494722,0.3840726790655159,0.4704449199135881,0.12757999951067345,0.2951009607815157,0.6722248502013213,-0.021790699288211868,0.15674550704542062,0.7165564152763717,1
0.32833798625484734,0.26777637107042407,0.8293498718090687,0.5844991716310087,0.712607434836893,0.40601296085365973,0.3343916680699122,0.6838995557062698,0.736707805148266,0.9846292418585973,0
-0.3904197585734889,0.9893524094994057,-0.4410321595457176,0.3634777453725325,0.01081568019153789,0.9633140506867143,0.4731813318301657,0.9187836237037534,-0.26942741539762316,1.3787033882011928,0
0.565434158240703,0.1196232232786402,0.0025501528666463935,0.5195654013837129,1.1218608610162322,0.6386369795332174,0.791981619351349,1.097656670824434,0.9712195885375454,0.4429031330770496,0
-0.16436004488462488,0.3221411008315076,0.178948342386113,0.39220498267637427,0.380865661519587,0.4372371361552575,0.7788492569984211,-0.1614033985508696,0.6446164660956335,1.0195902436009672,0
0.697643377460279,0.8931175703589211,0.059456992558814786,0.9746225280476566,0.9066098459163134,0.49793527598270587,0.14546359195583022,0.6870247009764685,0.3618865893688337,0.10172654070193032,1
0.30492877353206943,0.4473192155051501,0.5457879169364979,0.17948669186911548,0.3929912094916567,0.17825076696397518,0.8284484197364091,0.6377086171784089,0.6651776719860555,0.42603707705225413,1
0.6068479305128085,0.9327714735227994,1.0747723781285645,0.5245980404227464,0.8631776261894755,0.703537513987917,0.1803926876964316,0.2648654234653952,0.4265348256567157,0.11345017866402685,3
0.2703890640101221,0.8134695070603654,0.4002969694873414,0.9649891252630478,0.3109857024707475,1.0155599719152921,0.09139088035687559,0.6537897047689577,0.9833807375172418,0.6166785509031721,3
0.6265918174972704,0.329213690917899,0.3355332394413537,0.71868590160775,0.6423530012668813,0.44298483891397844,0.7982952842774007,0.26811630189580093,0.7486798258122953,0.5304737743215251,0
0.05588338858227482,0.37245624588776194,0.285155410267552,-0.19116042099553815,0.27086636826105703,-0.10110809683558786,0.9209953273630208,0.6566482457830549,0.8961552707415512,0.6008275137073741,1
1.1109197923707623,0.6654122116383046,1.1839670859719083,-0.11899613761299507,0.7763812536225112,0.5964932196101552,0.9512226682264806,1.2016410970302056,1.1952572390584744,0.6046830757435595,0
0.6620561818478027,0.7105623008102429,0.20100131617735326,0.8133019922402939,-0.0034455735194356824,0.36247626273383027,0.8663714067633239,0.38376084623297585,0.8010169834985131,0.44904607491921056,0
0.06868911264417529,0.16510331955595625,0.3183218520979481,-0.0014065131162285492,0.7283239254466997,0.6286314320958535,0.5223537934248906,0.13607972245016534,0.7975726039376829,0.8031483968488279,1
0.13924420584714406,0.37786839277577317,0.27640167590656817,0.7307290479689758,0.49879414821915463,0.9231924505198216,0.9408430687236292,0.42927877786258006,0.7365204606966975,0.31786404669454155,3
0.27785506673326604,0.5687220281967242,0.9526167790145877,0.0063819981444350644,0.4149875307658259,0.6581818716953624,0.1466758513213907,0.408092798707489,0.10937878634322509,0.8429881110548372,2
0.7235170747889565,0.8342408639080987,0.18435996716790543,0.4018829674802217,0.4792979527696722,0.3868116841153752,0.945168556929888,0.2177959546587303,0.11150751427399302,0.612567930641528,0
0.7591199349071945,0.23051173979755024,0.5189431903177071,0.9410292594043382,0.6341757703997027,0.6457545030419238,0.6647114447298292,0.21050485115843648,0.9400147970685576,0.5812655311187407,0
0.7953998197908245,0.17191022312470672,1.1035820128209217,0.2794186837353003,0.8979871617937127,0.4905161051614305,0.18245069487556032,0.6386143851461535,0.26492350260097225,0.2995883519900201,0
0.601167185503469,1.2103750048264987,0.5082305148099655,0.5941159062957857,0.4235030324111686,1.0265661161458803,0.48854425351716224,0.8226046493394121,0.9902035321288638,0.5704982320105063,3
-0.05592071726429422,0.4944483358032218,0.12965709713468873,0.22088980308650683,0.9148320526166532,0.6429007684389968,0.7337069498961096,0.5095397914426472,0.9664868374617898,0.8931311783751499,0
0.26042316913331587,0.18675914456878662,0.9416199931431726,0.689287333071575,0.8204026460912908,0.5201282056631292,0.36244441273045186,0.80141405786611,0.786182965696742,0.9258907108050031,0
-0.4569170054379097,-0.012482880210128923,0.3447903561166667,-1.4493389542638244,0.46535650676918716,-0.3906695562919207,-0.4422695871947747,1.0602810186767968,0.471495324759227,1.8687200006130142,2
0.8511939473064785,0.4370200577785803,0.8610178650959915,0.0842044888357433,0.44516375645304584,0.3014307359881113,0.7055159210117126,0.8691722942012869,0.9667868561125492,0.4051815893313641,0
0.06077770701073723,0.8465447301764683,0.8654659369676515,0.6567760984005683,0.256835023631369,0.8331437879699843,0.8950372497862507,0.14399934301171055,0.5426924865671595,0.08170610743084034,3
0.040515574653967844,0.8994229713769214,0.7544354509080944,0.4329742217557986,0.22321023409219418,1.268471781892082,0.9748848728407202,0.43157406745967347,0.3849782749614072,0.011385174531644143,3
0.7999536692258544,0.7547232402110535,0.25159990061027265,0.32019205292462694,0.907590753509169,0.7865973091178777,0.27238921996118004,0.9821866855782923,0.803003595144398,0.3075985318391708,1
0.36112793771920226,0.08271751627969626,0.94716588804934,0.6197522023050931,0.8732239571225989,0.352051340765182,0.2144435786743597,0.6263590911782365,0.9077656888839916,1.1244769291659136,0
0.5880774044739773,0.7664031663964418,0.5923897930602369,0.25512535550248655,0.3322767488718228,0.7521315151060767,0.6545959475075397,0.31347661673809457,0.9391411048237938,0.9430065277738663,1
0.423418902385039,0.4534972452603362,0.2220202511593072,0.6237895391381743,0.6778543592690901,0.7434978234882054,0.33881284966863123,0.23703835368225656,0.2784752827526717,0.2918190996036881,1
0.7589905275590006,0.8185103017828315,0.06401180572426528,0.6739533738385888,0.9032688893882662,0.39933416381449244,0.14263272193110477,0.6877939843717022,0.8609943906208483,0.42881921234673803,2
0.7790676349042212,0.2879131611624094,1.0208539750784167,0.20004977668490473,0.6928648093393167,0.11005225527599133,0.06694004066171252,0.7633890089234305,0.5606290900823542,0.1414215981476959,0
0.5966189610918394,0.04961823254207107,0.0427589344147771,0.38250860842879547,0.28713441369018405,0.6076278554665298,0.7945391633035793,0.2529750129763553,0.6348926358540683,0.42872432955722894,1
0.7599661933568157,0.21576106662326167,0.5413920052106738,0.9030967587601959,0.8737437329543988,0.5871772765288605,-0.015463520508919103,0.10520580026182695,0.21986112047005163,0.3298522524855235,0
0.1886819598646562,0.41505823925133334,0.30228330739765835,0.48008993812193235,0.7646980316641732,0.8625142773013069,0.1539322706269498,0.24864286724855458,0.08555448214636995,0.3022209249780565,1
0.29492685978732086,0.7527208760612332,0.619430972685862,0.711956514974794,0.47870051504368005,1.07933863016166,-0.029523065526549513,0.5349434839673692,0.9715258916605211,0.44883284906008236,3
0.688422802861957,0.8873227335043012,0.03144437841963678,0.9808014599504712,0.8827431758946936,0.5026874087098343,0.16028349443343004,0.7029484844540775,0.3492328631070611,0.0991872853598165,1
0.3744403021347635,0.2684881938862614,0.8289374239888281,0.5442414506521154,0.6942428234881952,0.44198850492173775,0.34301566237989944,0.6914605179509371,0.7220939513103302,0.9892454118727582,0
0.658037914094278,0.7985159282192098,0.37374817383422404,0.3916702219658118,0.6038343069753931,0.22567330388926593,0.6880038770606542,0.6188742546025416,0.1996904080254541,0.7581362844694641,0
0.7171644915136823,0.8770794920250244,0.2064103457365717,0.6591690590069212,0.049097857790976425,0.3868656023138336,0.9925482670789991,0.3153891457693821,0.7534287739113349,0.4041864428311668,0
0.25024293620858284,0.462155219769034,0.11319974841464506,0.875975673095942,0.5290597688368397,0.9132172486019018,0.8960112427378263,0.46923449755399677,0.5868606954637071,0.20292472132646344,3
0.8784294096719965,1.0651797649846753,0.905192113380321,0.7493233454731302,0.47994602812261966,0.9446088506438195,0.03304881093710167,0.48777618499319353,0.6330393624680375,0.49142741317095556,3
0.3196885667196238,0.36183289663894525,0.7109512983117117,-0.40596445366009637,0.3775764313860506,1.5446533663814817,-0.20587333197019264,0.23772411383308695,0.07906116757236559,1.0564933412711195,0
0.2677178565937465,0.3169202739124417,0.8195943425258756,-0.09308729153177611,0.47046784206913833,0.008253613214596028,0.7086458439181343,0.7757357038634037,0.7120916778826238,0.39315075879005384,1
0.2576201393893073,0.5914744090883773,0.9412078166924964,0.018173870274124614,0.42593801022371586,0.6923758271102759,0.1258137178626039,0.41748430529061126,0.11864058059129624,0.8047266202118881,2
0.7014922416962204,0.487805469670399,0.27018834779913,0.707485985885016,0.7151525620985567,0.6601485105261947,0.7323694484845047,-0.15318730558415503,0.3829153984715208,0.39055263643807303,1
0.7491786006553549,0.8496802927052277,0.07760074160391615,0.6502170039797585,0.8839465101742285,0.3976568438561747,0.11558182685755009,0.7146398554830596,0.8981373826659708,0.42423829263295726,2
0.30159727198790526,0.41032641321821356,0.8833054530438752,0.4056844488098441,0.8329262540523183,0.8358068695815498,0.415070145561675,0.5945529717773906,0.37550338899248253,0.21924596737966984,2
0.45082275488391155,0.6578941375785778,1.14136031331025,-0.2379539703772786,0.6522769323329245,0.6827937505029378,0.3986244442420612,0.576401172563439,0.8208581252164624,0.6635311040818132,0
0.3305121217011372,0.4419700171653584,0.5587589903218957,0.140474110602533,0.4546485708019324,0.18224429640445464,0.8715931609937174,0.6202236029775203,0.7005860524054895,0.401894852877547,1
0.634868112709697,0.5720144873935511,-0.15262930685860415,0.3455171994358878,-0.24945558017694897,0.15453439054236912,0.5764678610204692,-0.03974812569661412,0.27901438245669663,1.2241944574589234,1
0.2077056559628443,0.7401324295697721,0.3499764235198489,0.9340560213288824,0.29869355034129563,0.9268887932845864,0.13912497247360503,0.6743935805801241,0.9423807165111503,0.6601484868158662,3
0.3801566482433784,0.4929412830504184,0.5623636627584306,0.10429632592384981,0.41721264189869195,0.20478198767741976,0.788250623525093,0.6963622596471487,0.7341793366957416,0.42368614121682685,1
0.8933688551944117,0.6886754906822369,0.06800202897657176,0.8155799207357202,0.17915405156496172,0.2782606904825079,0.10684603247678048,0.9341283794316639,0.8238531311048958,0.6662408962684501,3
0.11087065475311483,0.7350945261574822,0.8568469065455055,0.5268470230222358,0.4705504351935948,0.36882999851542425,0.6269519268494774,0.7747746516537695,0.18703276101282146,0.8606207301076051,0
0.36465379656822544,0.7969573141356494,0.7411898084455097,0.7015918416775843,0.49477233492810985,0.12504752649885606,0.7949601612286712,0.45045365955550254,0.28618680771285654,0.7372817621122705,0
0.5638014403137125,0.15955437217088647,0.8396420975615472,0.4567595897218255,0.07827788193518931,0.7755033589002885,0.6997546523808722,0.5706072791039488,0.546145959623543,0.9434466518076462,1
0.7937201783420548,0.7655780866345202,0.2108143114016916,0.3353944476068435,0.9328136914576755,0.7725024360507609,0.2544051684792175,0.9630086098663372,0.822937417150868,0.33558835156764655,1
0.020811596377066185,0.3985294669551892,0.12416040386685269,0.479112201289884,1.1673275742707936,0.6177733667842131,0.3710150448327624,0.08643269736760129,1.0017819343589636,1.2495885702549197,0
0.3734930358064509,0.39559664077428003,0.9414565313325621,0.4703452772716957,0.9219504139088467,0.7407979780583915,0.15668672846920115,0.4121499411737259,0.33675676813876343,0.02652495577145111,3
0.24801899313960038,0.5782793496479438,0.944502058927512,0.025075816086896758,0.4258927259267988,0.6847417998757422,0.14001622567668487,0.40772129908975024,0.11612056153384581,0.8187162039196461,2
0.4271480297849549,0.4155698126142988,0.9028533148906082,0.27049712272306947,0.45822721092085983,-0.1215835226215764,0.4556952258801897,0.33965272366788946,0.9492867362183255,0.08242834109099634,1
0.73947786690199,0.347836139862266,0.8552149493830398,0.6966713855823153,0.07892093016339685,0.277611119922471,-0.029953552939614266,0.2574976534159386,0.6013982495340034,0.12632413799389108,3
0.2475387487349653,0.24295430307881238,0.4294343076576916,0.22790439459296769,0.6127203519301507,0.198387407996858,0.7110037730800873,0.4351766221859893,0.46430557842110676,0.9121800947687572,0
0.5036871984205926,0.4845666998493407,0.5256997794640965,0.11102242965006572,0.5231727064388825,0.2996669488575173,0.835872054038683,0.6672909442869334,0.8212561334144657,0.5515377538904063,1
0.6882970078123517,0.8824299575698673,0.27919243587365666,0.46326899293449825,0.5251139630921661,0.3020898026022102,0.7171091167332797,0.4923983301103576,0.03401247653521553,0.6111191413341014,0
0.16153288870365332,0.3641519804595031,0.23144363346523447,0.7911900757334698,0.5546059233606594,0.887012698118574,0.9238449631911667,0.3336244434358032,0.6866408408596876,0.30027013507812295,3
0.2515155710371345,0.5493776901098917,0.17264125612670833,0.8305074455657515,0.17915320693995973,1.0234808276678875,0.1486405778574753,0.8614558008303252,0.958291392883721,0.4879400391595375,3
0.8573702352034537,0.03222950397220984,0.23368836899527312,0.705130576690757,0.993081527636315,0.6259035079803598,0.6263573116820511,0.9867321478223404,0.7130869826297677,0.588695901682123,0
0.8630113344431514,0.3096252375299811,-0.08020018279456509,-0.10608853280765845,0.6106817710911359,0.2574431926879647,0.6745588135404824,0.28670700270053767,0.30487086559493387,0.9350658870136018,2
0.30774801763421666,0.6852698617713222,0.6299823574379303,0.4040036839433121,1.2619965287108927,0.8019102194238029,0.7008326036887401,0.4628457128169822,1.3469925837966101,0.47446192324694475,3
0.22857589796420122,0.19978489457272924,0.587921302087118,-0.29482657228968245,0.38411026300941414,0.28204592781518656,1.056408774335873,0.5788634927370969,0.5112054492174428,0.6122993849018821,1
0.8576969314873766,0.745383877078238,0.18554062661238926,0.908047955209288,0.000739436279030864,0.4444434450263631,0.877192785826355,0.47107311811128616,0.8629238361569999,0.16385322254395385,0
0.9649869734178155,1.207996062370853,1.1223703957428826,0.22267005890795827,0.35097516720137456,0.8686602522506282,0.44508018078569317,0.8156651890021567,0.0913271345021309,0.5005027796508442,2
0.2362817445013698,0.12976450257647903,0.4403919721122446,0.27663879223342114,0.5661350034564914,0.3216938508260441,0.7303465874165217,0.3235600319878203,0.3337959921309894,0.8025609531663392,0
0.05862093874759544,0.9294989673864462,1.1088172321622227,-0.05890902815006441,0.27088299543110594,0.8413503279422077,0.2068409336650103,0.8795633375878035,0.26136084116002034,0.555214950561397,0
0.6142619679788037,0.7278238041718025,-0.1540342197797846,0.5299548575549103,0.45950019238927187,0.38736822529452924,0.6159382278938546,0.08773979973592691,0.714328421265473,0.8078087555679462,1
0.7812936424505815,0.6735991061347054,6.076090502099563e-06,0.8115371742477966,0.15031380431672547,0.2713840586728345,0.16285458897078406,0.9241883454649362,0.8632133494349686,0.565909088047234,3
0.6943897849023632,0.7547984155595153,0.49311540716229896,0.31922069105828876,0.7478376279969234,1.234145299253526,-0.36785934329630277,1.159764433856768,-0.3708064793937132,-0.5083262745426766,1
0.13914340845310785,0.7832026739100721,0.9288485002225936,0.5649280793763152,0.2609082253552677,0.5646180022540497,0.672202249292349,0.6618969911507647,0.10667991753004834,1.04811777760505,0
0.6864467682997418,0.8313903084681327,0.285616666771498,0.549213265502774,0.6177070765048198,0.1444061293353864,0.8426258376796512,0.6549336039637574,0.05967423784503535,0.5890352111852782,0
0.452589970633156,0.6697030362250588,0.4874646048249429,1.2739563312712763,0.33496615860123724,1.206946355232205,-0.10645216712605149,0.9999292175333616,0.9488893093859565,0.6748405651731999,3
0.009316872089460124,0.7876886186242668,0.9665266241517163,0.8213146776833392,0.23934042614474213,0.8833266679700216,0.791880684325515,-0.018043651419807807,0.2740214753450393,0.2503896232776726,3
0.8823468900225448,0.7040985975647849,0.05247241185013629,0.8145649127059881,0.20409396294410664,0.2958733514797266,0.09295422158594417,0.9134136156955215,0.8299779046572299,0.6604124530405443,3
0.25290492125192954,0.5785723024553443,0.9438650352088324,0.02866898660241616,0.42008183758730105,0.6824582077031155,0.1389208320109057,0.40584241831810924,0.1194265825005764,0.8175070934287837,2
0.09451354389612114,0.5349083449157968,0.012875764951803419,0.11551712350454496,0.8479898619202685,0.661539627400552,0.629746261066502,0.42037575519930814,0.9117720797028007,0.9052170057326144,0
0.6824853021387592,0.8782760294551237,0.03226767860440359,0.9761208108546653,0.8836788605456616,0.49980887601871626,0.15748060620500523,0.7053976055228055,0.35154995025889674,0.10857449566524047,1
0.23559852622070226,0.5529938172162053,0.9641330344574729,0.032306770140025726,0.39901731697216497,0.6864509047914488,0.17047404918134915,0.39522374227840534,0.08972997532005678,0.8006940896263514,2
0.793608257690316,-0.34453014655271774,0.5441710643876959,0.7079297315172671,0.47019293455591893,-0.13295486495386144,0.6765126986949579,1.3749031783658516,0.1891226142893217,-0.35955903779859993,3
0.13643845484651587,0.5094767137262073,0.5977866329920327,0.6257718508708,0.6652117052319244,0.03878178574557036,0.8564970646550204,0.5831826970810492,0.7867297026403351,0.7810588794123021,3
0.25897780242784874,0.2584688914346267,0.45985105733804443,0.1838649401789907,0.1989072841090669,0.047188000173697425,0.7518372188456948,0.5498251391242568,0.5429087741173809,0.6183088205801112,1
0.6877389496935703,0.3294375593960096,0.5856225420582274,0.9593517733934236,0.5878479579425814,0.6781553479458461,0.5979969173968004,0.23177631656981854,0.9429431883935487,0.6704574303936655,0
0.8723309514987934,0.6794740105552801,0.0621282708143457,0.7954989362919956,0.1858607614809833,0.2990124901990114,0.09562965496825969,0.9220569822022302,0.8437594254169996,0.6661326624625135,3
0.21222554287658218,0.599948438199709,0.9509185387595183,0.063429481841701,0.42814277524914385,0.7110597996787348,0.12159644502473171,0.3646881003526629,0.1023532245835675,0.8495307107943983,2
-0.017774902911339527,0.42248823460261187,-0.19622040470094906,0.32655177637590044,0.7539501859580084,0.9862251877842992,0.7844409357661843,0.3120426615563637,1.0404061107693683,0.6908683194967218,0
0.6510931438977776,0.28568706427631313,1.075452014022923,0.3330496206246512,0.877261294598135,0.42723427043396645,0.10435220112633035,0.5279468139306627,0.28261833223804805,0.21948849919691854,0
0.23747531992889234,0.5973023536241623,0.9630361520860793,0.029251824865987406,0.39643473708658533,0.6556130963488215,0.14187473676083884,0.38375436661620604,0.1370233721216122,0.8486816062124536,2
0.7166757170100911,0.32009312070711327,0.8905380841116021,0.44799193654155645,0.8869861182749099,0.36667414665635933,0.06856926493284923,0.5538155113126688,0.3035435608615668,0.2735120922011995,0
0.9219276218181784,0.8711205513608579,0.858549990023182,0.9535278295184539,0.6106053195591221,1.051871828678801,0.09592137485376884,0.48881446800637907,0.6829241358483208,0.550969159308156,3
0.3925880929285773,-0.03750993218734927,0.39517276924690625,0.3077508032035137,0.49116250990164234,0.555200478174485,0.6276654257204155,0.5804160580505889,0.3768581388752702,0.6422425966899944,0
0.44843248286241805,0.4719213282213984,0.46566878472376105,0.7722982970286003,0.5347995872759728,0.6814497648021769,0.7277006856377202,0.12424341147414274,0.7645715322900978,0.3719075900688174,0
0.24741786485280293,0.5939203930610342,0.942907277487552,0.03340827662945414,0.42526791338629494,0.6831722406992048,0.12419708892629694,0.4153106718814197,0.1310529529804875,0.82777786332291,2
-0.12629675193106643,-0.10481914151621152,-0.6516324026701007,0.89031368278981,-0.03123840260817623,0.640018645489755,0.19104157049716453,-0.5711122733855457,-0.32117354535265685,0.03359316248771815,1
0.05591304287480983,0.1909996426406771,0.4674218323560463,0.38427786587227275,0.45993497821800694,0.4520703641466951,0.8465039858040765,0.35764753484053335,0.5395730276138332,0.7929444523251404,0
1.5450021390584991,0.033468282276515327,0.9505093988015803,-0.14916542959494133,1.2786127577659752,-0.40596949988327147,1.4293907095797858,0.9483677308769584,0.4139779938157925,-0.38212520055146404,0
0.9487929884018416,0.018400794747987417,0.6498501526825754,0.5766714033777801,0.5754241109452828,0.0811860294456732,0.40104664814891,0.8622500920383168,0.45134654304707567,0.0014687098872273492,3
0.4507580407223641,0.854362182095857,0.5199805312747474,0.33030170048343155,0.5620525796054954,0.6667958738651231,-0.12774279199592825,0.23058159938341424,0.26354296780690717,0.8659499191094981,1
0.6793530894147497,0.2281688374402823,1.0438754476636825,0.7295478343215068,0.10242603355032323,0.3381008301165601,-0.07445341711129343,0.2070982209169108,0.5581267895114174,0.16252517741700717,3
0.4583083800996664,0.3516207528935709,-0.16343136522019747,0.5048194035220369,1.1843270359809206,0.3713839941934513,0.700285400539152,-0.0492441890832489,0.8176128222580265,0.9582772371772892,0
0.889544350836684,0.34339166448655506,0.11102892656715614,0.5396944805314524,0.29531154746347077,0.540455771365135,0.4902388823638349,0.1481232462628197,0.7235141253650235,0.6787667845001718,2
0.6212084021593325,1.1501761852876378,-0.22968827604613012,0.1810732254188181,0.3670750979876477,0.6944666307656728,0.8211176937327693,-0.010925191359038244,0.596460980967403,1.0836324795994763,1
0.6897075047751996,0.8798468435494604,0.02950250463507196,0.9675594258549314,0.8931099470005903,0.5085807453922639,0.15604353912019392,0.6984578822762287,0.344572675177126,0.10624624373864594,1
0.41618437850025247,0.2781461501903325,0.8285835874846463,0.5064947575485694,0.6571784619894896,0.40873014172508837,0.39951213242574996,0.6731412211600895,0.7073878250610853,0.9258284524605245,0
0.1781527946165778,0.765245524426213,0.8546112518013496,0.6735284510365831,0.40723575125829475,0.9788137483965125,0.6998807430082703,-0.024496575278887878,0.5557116118781799,-0.03645869587930883,3
0.06066762707001083,0.9179983496885612,0.8059426640377954,0.682282673580761,0.2766630648036497,0.8665546032698388,0.7658601399258791,0.09767882670887634,0.4646806141970523,0.17445260160673853,3
0.011847231892502114,0.3488466656079567,0.4313073134097976,0.6161251577219193,0.40323196348567725,0.42882152788865,0.43604058651786326,0.5440424318173882,0.1760069312393053,0.7869880567276534,0
0.3906795693070582,0.5224018470231621,0.5814562305975299,0.11803456835770441,0.3787719527543806,0.2212487078182634,0.8102796437060283,0.6829085852238637,0.7384110852619756,0.4382521914151669,1
0.33153937480319917,0.946153868258427,0.8230741653315562,0.4056206128308309,0.29238993038303857,0.5070883058050044,0.4507532491068599,0.8810756922240803,0.02857104740611799,0.7975488392035458,0
0.48699163670777257,0.7477302249497795,0.21831161705925792,0.6346219130059674,-0.029991971663362357,0.271647223088709,1.1908841854707846,0.5125116751998555,0.753609525671791,0.4696372705373173,0
0.04334356509762059,0.4991215564785303,-0.06018330458988294,0.10317280688100348,0.9062041364841715,0.8915378767586297,0.7682009627248007,0.409989574287294,0.7421936334590407,1.1176651725786562,0
0.4020716268127868,-0.19431039371098174,0.053837892215783945,0.84646284569128,0.5309033264361157,0.7398398013782237,0.6596999174259625,-0.1835679551379258,0.7215157136661877,0.30636244222766285,1
0.5037640340397541,0.150480384914853,0.808016872775071,0.4998990527589364,0.03334056667672244,0.8274398206370741,0.6683643021331291,0.6154275093717183,0.5767609799243488,0.9759496940382818,1
0.7293849653314549,0.2841797323684121,0.9914701926462284,0.36336903265252707,0.8174127385763802,0.4445502630893336,0.17756682670785645,0.646220582939214,0.3356135708775041,0.2862204847066023,0
0.6934627340017672,0.242137752643775,0.9795493155200672,0.3842571246238057,0.8087124491079228,0.4393175537894645,0.12556453645358825,0.5970270225090514,0.34464368261869016,0.2983773299804334,0
0.7181156458321766,1.1171412136812813,1.2077924872831918,0.6044948196107625,0.8972970244215667,1.1082704325654824,0.26624391479258425,0.3016722926963226,0.6075275092177438,0.7975461991054008,3
0.1454708866954163,0.14723786661125549,0.22476189171702826,-0.06983504017898472,0.5992566483276406,0.3566206923279201,0.8000696837358969,0.3115918531963177,0.45012624088649067,0.9889423235019595,1
-0.11869659436657076,0.8117644914982491,0.6240955710357925,0.5049303041809101,0.06805865188860216,0.9268507745210102,0.8423130581311641,-0.05037511755652549,0.5182530356100078,0.2692277538593648,3
0.7545565350027317,0.7189868006145965,0.8989532800565674,0.7447203358018332,0.4097419184465786,0.979284392657115,0.3410197836790526,0.5603522225425944,0.9070802252413788,0.7551006877763151,3
0.5872681641578191,-0.0921789657545623,0.19367087018554524,0.48493852923177416,0.04453886430078635,0.580383860234184,0.36647067695421665,1.20275765016769,0.8757319348956049,-0.18596056709465597,3
-0.14643134783503228,0.8476912236303265,0.6852502720172503,0.3977488375604542,0.5018267541436158,0.09440404277706521,0.6699263410758267,0.7650684227999078,-0.13693908902642815,0.8275839229615394,0
0.2080091783028646,0.4362812195527671,0.29639047176054373,0.46073789245045477,0.7463469172575629,0.8834318946944303,0.1622329941214145,0.2601430669882057,0.06821577404508691,0.3141478583787441,1
0.7426798679138011,0.36564379252655127,0.9085241554182772,0.711798190645789,0.13443781445922662,0.2925846769425888,0.045452008632970206,0.24825072989311345,0.6437297481179884,0.11123739655366509,3
1.0422435873669547,0.2710020796098728,0.08551566821584272,0.7172321761204485,0.70131688225693,0.41769548937218387,0.9310675278702943,0.3604993088256623,0.45972229857286995,0.3803368067863093,1
0.319545156363618,0.6822040160782573,0.2938112570164675,1.2335700358227508,0.6094767392241129,0.9209623909547835,-0.032487310976571954,0.7165935733949432,0.7405963323244833,0.49909303604099914,3
0.13613940704925914,0.4188553016521342,0.22272821526836423,0.8100290137622104,0.5018078792091863,0.9460853103185695,0.8894536187552547,0.36869182794180033,0.661513120166681,0.2518953912811329,3
0.4093129309194057,0.3760806923856621,0.15479496281619826,0.1816261152464348,-0.21595183740506518,0.7853470682257053,0.545683745201812,0.7604573966296214,0.15755731769025932,1.211853279692357,1
0.8393084608510658,0.4090720215140636,0.8829601293326045,0.7494776225953191,0.08475733636700722,0.2250680028245741,0.03433587583916937,0.26411410200974716,0.7072530498073463,0.15616204952297416,3
0.6872226207759029,0.8745621989196579,0.032314693015539825,0.9730193580633975,0.8908432465050775,0.5062741896074333,0.1573884860303116,0.7096885420725998,0.3440448581250756,0.10692720286783483,1
0.1981428001360931,0.7123731238641445,0.3740041731341714,1.0641110350726797,0.3420215398314856,0.8418641987707095,0.1623897973346557,0.5874162579856799,1.0593545302514609,0.4664659590122547,3
0.02641518520061026,0.08669949057853987,0.1357871348056594,0.9194108436175544,0.054434937475055296,0.11887380777000972,0.0815841877746642,0.6957786759283204,0.5625438916697214,0.292497847171893,2
1.0098541122248181,0.8189336239889817,0.47834753967967086,1.1008026666010093,-0.17359647103478199,0.5059557152286366,0.49284477906504076,0.20034828730185447,0.9714322923713499,0.15019836040216297,0
0.34581071656583173,0.26869332382017375,0.8151389461135912,0.5206150406076825,0.6065939793580687,0.5288865942198124,0.32450029591968,0.7873984587743479,0.771393697192749,1.0486769065744275,0
0.374804516588598,0.40383808280741884,0.9421659409607409,0.46715778526747653,0.9276563818989285,0.733582636842683,0.16286950021519037,0.4060246161209813,0.3297271346370757,0.02405988888871626,3
0.21171795659341971,0.9433217306328283,0.7785270544925388,0.80222758067555,0.5564515016925522,0.26672988007991183,0.9295438474604337,0.573088984002629,0.3868791502859452,0.6716997291079781,0
-0.01678879302868691,0.764387022369932,0.22226701434947466,0.4195898580669097,0.42902340188736754,-0.19375660078498436,0.5054729095680444,-0.3704003442934783,1.3185030049161295,0.590361890090869,1
0.15111325586064847,1.1300425637102138,0.9692618234826349,0.40595105924652347,0.5578519897148088,0.9554361832839022,-0.1556489050721704,0.6874084768657761,0.3718009289287286,1.011101987251843,0
0.09542182766237306,0.769671520163673,0.9103636802969273,0.4767994573462112,0.423839273837257,0.4348314421853195,0.6810438408963412,0.753629866072964,0.17801077952540295,0.898631831556141,0
0.08900588217233005,0.7669186473832785,0.8834492190426398,0.5016585314782571,0.41118743767778504,0.4055737820476657,0.6883096445116818,0.774598209650307,0.17279650817762063,0.9120681302729836,0
0.4480537686686824,1.151832081346801,0.8641330342000139,0.3713474411819653,0.485486850825831,0.1584735770296904,0.6057528505855319,1.1093786455805459,-0.007471067605266085,0.5271568919329739,0
0.7208303290413446,0.25655228426166204,0.9391694740257923,0.5245554688848687,0.7736065075286123,0.45736450160385184,0.12088409805395699,0.6213720485959092,0.19178323381094975,0.3981037849791953,0
0.7127425714814307,0.8363728815461342,0.0509076919365559,0.6719864075165761,0.9239644812315136,0.4050320580228251,0.10059185946049592,0.6711899216197245,0.8716496087239537,0.4374641449927804,2
0.656994648872076,1.1050186233566175,0.823922557049873,-0.017573930582072017,0.011910739416658156,0.812394678323521,0.331957755660016,0.45650793884023355,0.35442366994337576,0.756141748093541,0
0.591400049990524,0.45627494575259864,0.8566151526891517,0.33615759424780955,0.9612083332034514,0.38110547233242054,0.32329252983589707,0.6378774144977077,0.8273974852514286,0.8910400925146448,0
0.003959734231941167,0.6963695293808461,0.7749010003200775,0.8969285415032405,0.21987176735262037,0.5518613321984749,0.6322648506481944,0.023071403960382236,0.25133335006845514,-0.12138289057250201,3
0.8207625237144517,0.33946218965995745,0.035314420968709764,0.5355172454503301,0.5722450373494794,0.6685441660447772,0.877384238145311,0.04725382691101362,0.4351981340602262,0.28450908890681426,1
0.04870718110234372,0.7043217019614013,0.612029194854947,0.5722462980427214,0.4631169792683009,0.16549033510894157,0.9849734486091323,0.38621670758340065,0.284743540731194,0.5661146577736078,0
0.38782549530280397,0.5579956875619085,0.6246023971283814,0.10556923824398007,0.3436589925280105,0.19858332302647994,0.7790934260663188,0.6064225198821925,0.7065963986020343,0.4838091327775276,1
0.35341104131866247,0.7032761686928792,1.1310188405430308,-0.23980080674171977,-0.06106275069038314,0.15070769944941353,0.21433959497412014,0.7434702015286656,1.1129737482478639,-0.019195029156567123,0
0.5510379124158353,0.16983285394508932,0.8606274103474159,0.472510183226184,0.08920190877661903,0.7676181313402151,0.7144409868543882,0.559109143285202,0.562639392441332,0.9403310096277304,1
-0.037414118735462853,0.9550696825309855,0.878144927332354,0.6952169742417652,0.23597026682143912,0.888304925196468,0.8628590424044517,0.019358005051407806,0.459359915142572,0.1470605240732858,3
0.22756978188535315,0.5650997764565321,0.9518022871498919,0.021726969616185168,0.3953832936087217,0.7098696213475298,0.14146049658102786,0.4359451418120921,0.1495722771280755,0.8451965401764335,2
0.7635044648859269,0.36827845073974375,0.9000377084264641,0.7295558953000352,0.12090223945883685,0.28145688524367446,-0.00841533289749655,0.21143311502844447,0.6466838129559339,0.10545944215224054,3
0.5284036780071396,0.3451329461285001,0.42682332086175756,0.686334305883865,0.624692622248794,0.5306489793396135,0.6473500515674374,0.16108307178615172,0.8214363608969397,0.3893275017923192,0
0.6359739275359018,1.074605087740051,0.6818097214090026,0.6342015447796421,0.40481774939380366,1.1876104636282443,0.08309744057526303,0.5665373155261154,0.528480211207375,0.2434966523790278,3
0.049686530946416604,0.875616238248984,0.8374485307585514,0.42215240473881377,0.5192203930599881,0.3090129953659228,0.8196530618068338,0.8773688500836564,0.1699301270206023,0.8514277283310832,0
0.20684424738637355,0.8834517722872964,1.0091282530605197,0.49132828864002664,0.26034414593812116,0.3335762815414155,0.8382735109928507,0.7864891961777095,0.08191958689440358,1.0121267018914426,0
0.18953408921058545,0.6603065781497421,0.3123243358656317,0.3034736077001663,0.45911033227292264,0.8284681566925107,-0.09103238826629705,0.09248521593144908,0.21314960498325264,0.7082147063457158,1
0.8062571899661699,0.7564401942449834,0.24451992061017325,0.3183876219747984,0.9132545048019697,0.783424301562037,0.275674807792824,0.9755204775748536,0.7939027933387803,0.310124758340463,1
0.8247497204057526,0.11584449738058458,0.18569212097912147,0.8432354744583015,0.948266111677096,0.6189482410285255,0.700191093914176,0.8781205992545436,0.8569819709387554,0.3971622335101218,0
0.5409227447441745,0.29223662258668137,0.38891708718390816,0.7124268920425598,0.635315128034409,0.5744541302927375,0.6150304280093605,0.1431156580549443,0.8091944921539851,0.4042728265604489,0
0.30385312970001177,0.299514002053261,0.8184368246035335,0.5318787703704055,0.7716253867672727,0.39431527298997504,0.3367547870861008,0.6466374072191173,0.7760977527473584,0.9916586456227277,0
1.267880068229627,0.8201944448206253,1.0342346936597777,0.05754649030711284,-0.7185267360716711,0.49755830859725364,0.2418046131730655,-0.006314237740407624,0.4071429311660658,0.5086487684223764,2
0.7380637003925217,0.2470118174639811,1.0518482844946315,0.39565157879813495,0.1144706064055805,0.6698948239284561,0.7003060178042773,0.5387447821159309,0.5605548806723888,0.9502612655903862,1
1.0313955726284898,1.4030545832862875,0.4937609045691429,0.8173169125474413,0.4616076132093794,0.7071370139457129,0.5930086647986745,1.0065643741140002,0.5250987032988279,0.3090827680233328,3
0.4418620527920551,0.7996890926432609,0.38015752824214377,0.30934850460812835,0.6803284662017499,0.1627859734311595,1.1699350810775124,0.7680041601506258,1.0391375981835755,0.6032718654653675,3
1.1297448614395846,1.272454362833705,0.4874055118684918,1.0288047899575634,0.5863087114338897,0.8187846357294317,0.2917981284251274,0.3533551642391489,0.7651622083213181,0.21443077274878297,3
0.9341410035523426,0.41805989679837086,0.8425855494103226,0.18016706020483356,0.4283507609038202,0.12568102112589713,0.6365592720146807,0.9080216262423146,0.9327959563121201,0.4497884115359596,0
0.5364606207780773,0.27354752731600035,0.6255150862965891,0.6931411003488119,0.7356448015367004,0.4274387879781498,0.5609919208535461,0.6471399109741284,0.8411061039396005,1.0625946159732984,0
0.6747560302029982,-0.12792550732625874,0.5684926894847863,0.18579938668207324,0.6711458917342991,0.07195409146382765,0.6052475124774231,0.8428101960308976,0.7942005384244215,-0.18073760913178152,3
0.6847782510084166,0.32190151878537954,0.572520506414731,0.28981476518686866,0.504281651942179,0.38028008280212733,0.8598045709021165,1.0517331323584518,0.8102890019601774,0.5863694431580739,0
0.6171679576549405,0.6580931289264111,-0.07534302444130159,0.4723495977862472,0.3351548643812097,0.3827165622341873,0.634908705166182,0.38915811236420417,0.8233133049539586,0.9241852268180981,1
0.2747862392570259,0.18049784330887195,0.2504585831833428,0.08689408226208481,0.3303327523993295,0.5199959252631476,0.4728306597934646,0.12926775629727974,0.25915593624564975,0.6136663051015728,0
0.3186976072859487,0.4016320071208719,0.6239619451834211,0.35359444006147717,0.44294656691123846,0.30872416265260727,0.3726503805848542,0.4167555168967645,0.8200282339109669,1.0450589452027266,0
0.8479891525621628,0.9908191295297026,0.6527585348599125,0.6212850905863043,0.891495137787306,1.3297473145078011,0.2012046869063153,0.7490253546964165,0.8113622080828141,0.32596372906368076,3
1.0532183118616893,0.451449294846323,0.18797305473700676,0.5169926606022623,0.5081047696095825,0.5538739026292722,1.191559968769646,0.10158900049594852,0.8367979296833764,0.8350622083657346,3
0.6440438738747001,0.38709079330130636,0.24348875191814032,0.8866769638228431,0.48112937558650043,0.43337879882222113,0.8369537077653226,0.20713397642700515,1.0505589647741906,0.5616451269930237,0
0.12142371075660338,0.44305698587375114,0.2216914112318058,0.4474445460591989,0.8874943554207322,0.8247312851796579,0.2975997906737584,0.16067223834221703,0.21693517997580847,0.45467897932473694,1
0.0017788641323726526,0.9226209908370256,0.7755030411722121,0.739541712941259,0.24635389409918004,0.7552231435134426,0.761782003901446,0.05719398084019788,0.3620905296567024,0.054394766476976344,3
0.8089726053276273,1.2139571905289837,1.0778689031099222,0.5904875191716641,0.7755279370158935,0.7633379213684451,-0.09579549830629941,0.7240813900446272,0.8627238704214463,0.16055936358666928,3
0.5048610947809296,1.0640902455150285,0.2395654076869571,0.7633928617893639,1.060734609679776,-0.12269625254632706,0.5217952197640484,0.16741000799932265,0.5293478912024823,0.7648938931249812,3
0.05986704235732479,0.9723364002593812,0.6875876878577574,0.5183550183086337,0.12285993261335398,1.0162876771913423,0.6248496499618239,0.08187619812350917,0.2705440416582542,0.08864052083965346,3
0.6885699963697911,0.8361449197514459,0.15237141763097928,0.2728573325616082,-0.3973617863864952,0.8815559655751691,1.4573277506950089,0.1266619720355171,1.297155664126295,0.2858466982249829,1
0.6016645099088864,0.2526390241349885,0.7723189279829017,0.718524004943394,1.2639064459476956,1.190692324634231,0.756202825595245,0.9987974949024925,0.8946684684073869,0.31794877094449736,3
0.3766823912595745,0.7935861380394005,0.8516115482321092,0.13629571455706724,0.19375787544075912,0.9467725621668686,0.009660310927607859,0.7265478842678036,0.6170335745701973,0.6730230241562876,0
0.2148898741760664,0.6102317290146375,0.4869145357991623,0.6311391200262951,0.9192287883746955,0.8034210775687581,0.1716092297081719,0.35687057494420193,-0.09429523316236568,0.6141382165952073,1
0.2310035001388506,0.7280817283930866,0.4085133227801979,0.9267911170773988,0.2068736211419116,0.9669870949148531,0.00914802399329874,0.7590937650526716,0.9013639475577139,0.6553328539119991,3
0.7966022775971852,0.3236297662507118,0.08256522432821391,0.540374284321125,0.2357645935139873,0.47626815382574306,0.469996604608751,0.11860836637490264,0.7682019426538994,0.6442547354280913,2
0.7275790511785796,0.1341187077304583,0.441496347559652,0.8188972294814715,0.7720947201917914,0.6671284127270822,0.05854977593414348,0.1488422038617548,0.18892264532278863,0.21179881851179175,0
0.8097398165225543,0.6007452923447059,0.39075245989152263,1.172356991838821,0.048380228120239455,0.15784615580446026,-0.5072878981367455,0.3493833748058451,0.42376557143263954,0.4791331684284294,1
0.33124368129954473,0.49967327435418607,0.8892540217271616,0.46730497627570733,0.6285707143077276,0.6539173781780945,0.3092955491538294,0.4365290611504359,0.16367062578932756,0.2984778820989343,2
0.9242291256713477,0.363927482562171,0.815034786222801,-0.19675855811754495,0.4737856861054364,0.3643739887126315,0.7314075628667863,1.0568971724747982,1.2109048898889168,0.6971958535011139,0
0.5651320501810011,0.17061896578360358,0.8360538105636203,0.44197091059416993,0.09921635434740127,0.7752744030624202,0.7075317251348721,0.5538835429442599,0.5510588631030489,0.9344206006696327,1
0.7436206519946713,0.8512346440588995,0.07218648580545331,0.6542115795764281,0.8870155045370187,0.39298529217817807,0.11762879273352551,0.7185923257531289,0.8909144020505263,0.4228012229800595,2
1.175470872777735,0.6080491069446015,0.9049910622292463,0.7497339242757212,0.5886670385014536,0.48193398195788584,-0.36912108435122193,0.04672879489020443,1.2970100020562105,0.9200461315358361,3
0.5879350671828925,0.847535561366563,0.5972721069643423,0.20728299704416095,0.34588318834975007,0.7401723740904103,0.5930900027604636,0.25509343417223856,1.0252910641552055,0.9670954597139497,1
0.6840941750503928,0.8835160461813767,0.03833680083553418,0.9758359248529996,0.8874739857035241,0.5014390818517838,0.15423052957602024,0.7025412719135036,0.3479490224207985,0.10187741097042768,1
-0.18383194513698947,0.60390024824027,0.8069985277801853,0.3264320963472232,0.18747987642963826,0.6130827947922055,0.6567370814710247,0.7276323051625003,-0.016993871402996824,1.064210948984592,0
0.03314060490406853,0.891248782458689,0.8300522230133881,0.7208058566618512,0.2950901294589979,0.8309740251790217,0.8134273191532582,0.06952284547508829,0.43023989094923126,0.13262389788528858,3
0.44916073567138676,0.07040248545509238,0.9329694248898759,0.5476112027401514,0.01776733017263299,0.7882941227945637,0.5902076449216846,0.5269154731867549,0.540143097852039,1.0216595121680179,1
0.4192191728551156,0.7987625957891049,0.7895771335705284,0.1757413258940851,1.1744591101757793,0.5295682715573647,0.0802588807743245,-0.18991591131857666,0.4615448379159307,0.20011276797079272,1
0.06781123081170248,1.3782865360955043,0.6435753491976826,0.25454139810390164,0.6556768507071877,0.38197772723473356,1.4493783062307704,-0.10021468642965692,0.6006409140019998,0.685646047648756,0
0.30629356767862564,0.2728639202473049,0.8472829381079594,0.5655328463384726,0.7528471485112141,0.42481790291216937,0.3659231087740578,0.7121867470773421,0.7751034440069343,0.9931362218861893,0
0.17655172116781934,0.4762526939565098,0.38285739081257203,0.39213855231040606,0.8430523097671027,0.7539581933049954,0.34486981099482544,0.30739059760415577,-0.06264081540065577,0.34054867040555686,1
0.32118233573882166,0.24788206373822685,0.8244809207680717,0.5645890860254916,0.7744887350185252,0.41132692577154445,0.3841079152523076,0.7614740578016644,0.7045002207940173,0.9290885696648228,0
0.733253843647097,0.8351283563164792,0.07312583797377872,0.6382376157099969,0.8750411030819754,0.38685300387591887,0.13166660543159808,0.7224795903692782,0.9103354576300077,0.40878284804683357,2
0.48148044289770886,0.2035355590986918,0.3507211928045098,0.18154715743633862,0.5160101103307879,0.7056181337447287,0.7721396168364169,0.0951288750908285,0.014887533223329807,0.6450483440156813,2
0.2753322366912729,0.4306005680431819,0.5877906739155911,0.9162147491777145,0.6096878672172593,0.49744628697323384,0.5823268346732281,0.20062811820018653,0.23425567674318923,0.20603583124731467,2
0.927262081187139,0.6921425748376421,0.013259146705141375,0.8082476585849813,0.1640186721915608,0.24931343228176944,0.1446938743217802,0.8253906510970324,0.8796337388447603,0.5761403658746685,3
0.05482756905281108,0.5834750351435476,0.49921801065258464,0.6413395264065131,0.6467372752192698,0.09063239022112562,0.927515821307323,0.48357711929093067,0.7820190864350172,1.0138983530552583,3
-0.41504531858709104,0.20046819112654501,0.10559116520786072,-0.029406145286288043,0.34668603413391846,0.8286767150878519,1.4035968371474055,-0.30975295518493773,0.6868647608586954,1.360866766971046,0
1.2522793180055478,1.3009980333597884,0.9366627589243732,1.4907512309086877,0.6982860036205994,0.8758157643121525,-0.01141836647212846,0.7624466863680734,1.1279831767669823,0.6169778034969724,3
0.9700626671773505,0.5063086900492739,1.3309802251157437,0.42510543343437246,-0.07355768996729795,0.9191175189273186,-0.2611775972090195,0.7327985803527333,1.1922638129005212,0.7405774452114806,0
-0.05339292611072599,-0.032067723892820144,0.674555029635768,0.7287909208946008,0.6887302255177669,0.8999304492581325,-0.04189294161359472,0.36328981950200234,0.5489986490158515,0.16834319694472302,1
0.41136995285432476,0.6419678816662252,0.31023286979429443,0.8640697728214061,0.3842774248156768,0.4377504049433162,0.6935278693502378,0.32851676546981873,0.8113932921365546,0.8813579547205692,1
0.7309701032749343,0.8208115238025837,0.06646794651238032,0.6266328903675453,0.8741833488275419,0.43590201671699513,0.14134024551926846,0.7690438310852192,0.8435516897482195,0.3889784388968822,2
0.6586486151383323,0.8401580275686626,0.2612862288064949,0.5241543210456547,0.5839444226419274,0.35312121702392985,0.734107416667805,0.4386176354154344,0.038724873863862405,0.6419421032277867,0
0.47807379586384524,0.38307473357338717,0.7175289837101083,0.6939098443824128,0.7079127628978182,0.33946133134000467,0.218096279635696,0.5374310831539346,0.6782485871189934,1.083661724166375,0
0.04688439357077915,0.588811324251691,0.4543696723747455,0.5516432517078562,0.7910856406458802,0.03803825599661161,0.9691543614145468,0.48001470373447497,0.8331236317893905,0.9104054225640403,3
0.3941501206531969,0.3913988476239681,0.012856513932310867,-0.21380379837583527,0.5598136074679158,0.2911059840305374,0.5591582891553416,0.5406029382527515,0.5843089769401509,0.5858315609866528,2
0.2741530914028208,0.42969020439072686,0.5843792943636907,0.9178257615195486,0.6072249007714272,0.49857202366693143,0.5844472247913858,0.20082235744659307,0.2313576594929601,0.21396333595255773,2
0.2532449818834537,0.5772578900426408,0.9416231063675573,0.026962936685661316,0.4192834385017509,0.6836558245957204,0.1416529375794966,0.402567106728652,0.12212419998107978,0.820321928779341,2
0.4365295512173841,0.3973632578482247,0.9737180686843141,0.6459443298828265,0.6334702387646071,0.3224066118037129,0.222686373779558,0.6890133007390248,0.7865523318039613,0.8634835614285307,0
0.7928893019334551,0.7033303419737986,0.03753289131211657,0.8375116044115116,0.86563287177305,0.004438671893053671,0.10789558750200919,0.23934699734818385,0.2798781781263573,0.08311543087739709,1
-0.7196473008125445,1.1176229094856498,0.2797009074688934,0.15641553936833125,0.1335381003889241,1.1422575595475246,0.3191684360132988,0.5592934816434944,1.306202803979803,1.2823103903029593,0
0.30892268706774517,0.263695773590821,0.9088334959159539,0.4629696071516133,0.7074634636126083,0.3954737138818505,0.4343827070624622,0.6231793355061392,0.617550400168136,0.8733154727221973,0
0.9213370048624896,0.06566855795575018,0.6758138481295205,0.32935099852912425,0.9576906316800816,0.3161553318384558,0.2821792373361268,0.9303571660132546,0.8068396957533379,0.7973015988305034,2
0.7553754991341607,0.6854741408231823,0.16651641468691944,0.21396032887334232,0.7202579043260064,0.28831990599503504,0.7904479469715165,0.49317383631085754,-0.0795713909173936,0.8072854055128103,0
0.85781658248866,1.0437004345133347,0.8959904438211688,0.9867248318342724,0.4816047380184476,0.9266264687077886,0.22593659418842144,0.5110307165865244,0.8374008645097389,0.5430110846552176,3
0.7712136962359549,0.8538905794800996,0.0790150441179321,0.634052360189441,0.8797026705746472,0.42116560192635605,0.10227931596320466,0.7308965997948897,0.8947630867794071,0.41162639050132205,2
0.4510589358640575,0.6209000939515313,0.6619218589787272,1.2333117338361403,0.9375868991197636,1.356916716964212,0.435656381422716,0.9844736925788475,0.8078787803044125,0.4007307525215509,0
0.6607230953617502,0.22684306962808548,0.9805579438626015,0.36485484406050755,0.7651470616076761,0.37584730376321224,0.1280924851635291,0.661573685254325,0.33026066426592837,0.3540307818327322,0
0.7474234461214708,0.7080116891532545,0.30862651278161024,0.25551287821949314,0.947329499633539,0.7922501494924304,0.2757134186001624,0.928932449206869,0.8092081164875985,0.29325163998091397,1
0.7300974946509741,0.3561756000548756,0.27464594819184607,0.712949606548326,0.47449050881794996,0.5357895190974304,0.6810942098313388,0.06723869285785168,0.5929316201992626,0.2791676074294497,1
0.2729012809850626,0.430894655139819,0.5869650876937471,0.9136572434610931,0.6083942627927552,0.5010160124080907,0.5800830547952103,0.20091496935429476,0.23490178092563416,0.20957169019358607,2
0.7041946687050826,0.6958605566952917,1.1214439021333316,0.6398092396599355,0.5797816572973958,0.75439905011664,0.019155404800621112,0.4528318070543397,0.9126206871904443,0.7163379960951044,3
0.9924277331738018,0.2505659140375255,0.24103518588451817,0.13032952902761574,1.1142508075204491,1.0594264759399068,1.147427235009932,-0.2897987218618443,-0.11843687612813492,1.0432134932589927,2
0.3723975424741473,0.7786693641239205,0.4021169544064817,0.20368240867723975,0.5124289089883809,0.6951737580257498,-0.04602383488127126,0.02645134850198641,-0.007303995418397949,0.7969281741572883,1
0.1882056843799534,-0.06469747523991548,0.6796933784496527,0.3379845832477819,0.057959151866389794,1.0307466548872437,0.6427385707855536,0.5868922498339328,0.6824114889047699,1.248060927853306,1
0.6601614963035533,0.9203473095506366,0.212195692676303,0.47733034443176015,0.5547116894595024,0.275466968978919,0.687394704149733,0.4994672883951195,0.07388872395068145,0.6396789805855762,0
1.071857795642152,0.24962271991920348,0.9385851081569372,0.7720826556816535,-0.22904726912768592,0.8173783823932272,2.1449642668694553,-0.5141952255652386,1.6667824227313979,0.96206701208511,0
0.9227167489675085,0.03548521539056666,0.6428625697785476,0.6627465700215752,0.6095192124716524,0.15336979158901298,0.3459521215904445,0.9336199826022157,0.4812735388694103,0.030746166372396237,3
0.747172280730704,0.35698386518445574,0.9238009688533976,0.7598962420837504,0.09254670883785066,0.2270306483642892,-0.010977341171498626,0.24468990864661688,0.7197094431063583,0.044926513823107826,3
0.5556721060547307,0.1664136868269627,0.8302080535338059,0.4410020397854099,0.08981983790354851,0.7639174814788855,0.7080145702739346,0.5718335522545505,0.5406870179734413,0.9475308994916398,1
0.161562132588386,0.04022733183659884,0.40662810993698056,0.34822205402152395,0.5044270594910844,0.3035269216190058,0.7811344210885094,0.4217025278691625,0.3488656678400851,0.8809015587562272,0
0.38051874678450837,0.2067511503159997,0.8185705263810427,0.4793556111437107,0.7555988899457657,0.4607369604250707,0.43121269376047106,0.7019465575411792,0.8075276308845776,0.9273193402813169,0
0.14952823572824334,0.7662570676819482,0.31627927309023357,0.9454298337504956,0.3254258706045157,0.9050377743599023,0.1094014374836505,0.8042149361726133,0.8920244767571257,0.6577784832875128,3
0.5703850819387287,0.8320608129310888,0.17925268239685843,0.44443525145621365,0.6341419995540405,0.33118312516400655,0.7083370948637149,0.42623154525102575,0.16131854475083246,0.7032093841160014,0
0.4354877651946855,0.3064393497551632,0.3592616386541885,0.12991809057832887,0.19821377592955347,0.020613487615765563,0.5831324704885756,0.5231493943686951,0.7638549327062069,0.5363514167413965,1
0.31639266749723155,0.8590460959660122,1.0819369509031795,0.4047989903968114,0.0938244794451138,0.5208072053919006,0.6929927848829184,1.051214506832511,0.31296258858259995,0.8787066525413324,0
0.8811428438071518,0.32914742096788774,0.1446764444430198,0.5362102683059137,0.15832752110850373,0.4008215564573895,0.5184931407022307,0.17981609723316605,0.6818475542433388,0.5752092725547207,2
0.7917318724511746,0.9356577524861844,1.149984768385783,0.9067612499768101,-0.4601602311200158,1.0205742507904878,-0.43108101822364764,0.7565313872994357,-0.324345436546792,1.5041067398058439,2
0.5910618342851466,0.7419529997620502,0.1057713749270431,0.7428753225892893,0.23280569624614664,0.40342358691671243,0.9139033231752726,0.4265993635681138,0.7809265829453025,0.466276619823785,0
0.024059578170920692,-0.12128662228947928,0.7000002489456315,0.09996851407550209,0.47180127133586225,0.06833572010884897,0.867226237202701,0.54974490287874,0.22685288098402406,0.7050392154177224,0
0.045470052612624406,0.8739190501197263,0.8479144609781657,0.7480551430190834,0.3064061543518636,0.8563115239749699,0.8453336673304839,0.059214948655067295,0.42293748260120706,0.11907170248831275,3
0.17804494865069043,0.9371740555477984,0.8179535942349239,0.22850949964255005,0.4682560104467213,0.15299398973926473,0.8962066704135306,0.02270304901180112,0.8556771882608024,0.4599746633146382,1
0.7967688447255282,0.24787307787784,1.159184186487142,0.9347290112682956,-0.15426562262100318,0.2563085306062365,-0.2631743172440877,0.3345121634522509,0.6121765182803142,0.17343454447680787,3
0.2706011006511795,0.42760747622163775,0.584392763742058,0.9216000992738103,0.6040835566258954,0.5021170116607129,0.5880056710494508,0.20209155621707134,0.23664953275813785,0.2053467647864106,2
0.25137796398734297,0.7094032989325699,0.8405169921057165,0.2218458564004956,0.18603105379024676,0.9559922361133296,-0.05711426115954778,0.7020837711419671,0.7278864805101029,0.6633406725826552,0
0.8375818078853672,0.9544157812047079,0.8474066255330854,0.8899895284751035,0.5805940620120065,0.9492392156931955,0.12811243515658405,0.5659872119380348,0.747891089360148,0.466689836131161,3
0.7870757168623292,0.35479579590755217,0.9189534789516982,0.24682059846156337,0.8566028391527702,0.5568516472014258,0.2603082741861633,0.7171533122254314,0.2648819635360513,0.3686778274705204,0
0.22602809351761666,0.7587600231313102,0.39346180779527407,0.9304277685391308,0.27165959110933674,1.0203097830147105,0.09124838222309695,0.7102137266297806,0.9871905882598007,0.5834794629002238,3
0.31563590746285597,0.383019425628498,1.0316115024557073,0.35358688552757545,0.7858994075999522,0.7116903816831764,0.32999936948212494,0.5632416173204674,0.286786460868199,0.2106777232799025,2
0.782081889837059,0.4305757359371674,0.9654950211620904,0.6949446319269895,0.06550107946040518,0.21031151894880734,0.011393366033029463,0.28005524147253236,0.6094175806684632,0.017796518726902077,3
-0.022790339692843387,0.18887678493627086,0.5626356458108076,0.5240468129439269,0.3643743694789099,0.49700325446227894,0.5746768772142608,0.1907518493891267,0.1903037737401729,0.9322065854963012,0
0.23314216713058739,0.5755783881456916,0.9306711468232325,0.029343688154214616,0.42996796752160404,0.6715211053751262,0.12309431339904958,0.4042543129288227,0.10066911017315024,0.833713822040094,2
0.23698488308195587,0.33664979518106586,0.852013699946104,0.5532850935199597,0.9726164439387293,0.7676592773967365,0.5690279549146275,0.26527436919159675,0.2250160856225888,0.06240360798539063,2
0.34775715285014236,0.26725843720635095,0.8506575316063013,0.5717234026656319,0.7114574629888362,0.40632201107957305,0.32439765623726113,0.6764031708824675,0.7320902181410984,0.9793631768424471,0
0.6657477168504007,-0.006853155467144066,0.19786236505154053,-0.013446072775711044,0.573397391586408,0.5942444073428439,0.649043822593314,0.10061274425062242,0.26614906563596086,1.0719751371742507,2
0.37417996747434273,0.8646104005872521,0.13919591633431877,0.6607271591388779,0.0729849347275539,0.4406640472386159,0.792282004586936,0.3638963889148039,0.5944931630217777,0.8988078138414949,1
0.177553515932809,0.6826163884341582,0.4893402315338418,0.5333876560710618,0.777698735755394,-0.03957899062752157,0.9821384890137894,0.513593160126994,0.7866428120744349,0.8949776706442298,3
0.252586780008519,0.7032114542022511,0.2695352950839221,0.14152517200572123,0.5577998416595022,0.5561189716400633,0.06693930609947243,0.23236582736160036,-0.010798416421372733,0.6331906690114892,1
0.8598075876308063,0.007405129976407229,0.3053090940004106,0.7458578081976228,0.9806442766347226,0.5890117004984002,0.5688858001470409,0.9181363725675735,0.7233170843662916,0.5448559292605346,0
0.7378516876455073,0.8272823562595881,0.42206133614009256,0.35061061651289094,0.47532968779893814,0.17558868775795564,0.6757555296609111,0.5210499193362267,0.07369450552483021,0.7682106025419486,0
0.28276854073985963,0.7019035516713783,0.12652041850251505,0.8041419575268826,0.18065451087101175,0.528733184856885,0.8871770059017954,0.4253376668182653,0.64639947675941,0.8581116428834743,1
0.8514747568893521,0.7039263452229815,0.24032520740256946,0.3010746762964862,0.9650507022687154,0.8074587518085179,0.3072500237079841,0.9150964033562493,0.7784028448755703,0.3225209903944296,1
0.2731154190441441,0.42803192564095,0.5844813355292047,0.9173893336367441,0.6055682572056829,0.49833761168580804,0.5804174795873237,0.19746392644099423,0.23258157949260944,0.2088653619071843,2
0.855049245094304,0.7009706970119316,0.006766571271778814,0.838705782595807,0.18554605728129192,0.29397550412230633,0.12647443775447273,0.9519925116234669,0.8235629426983323,0.6952479563531182,3
0.16775437675474314,0.6806200112055553,0.7633394319562951,0.5044922320961673,0.3767054400378449,0.25852683580391567,0.606733938371207,0.9088561788258088,0.15126729855179752,0.9100648140775472,0
0.6311374659945127,0.8798945923472974,0.22648857819313653,0.501401872837415,0.5215090753577158,0.27376929816640616,0.773854926886927,0.478461308319048,0.0166670294968687,0.669855554236753,0
0.6431238518533968,0.28148184387367275,0.21600327359477256,0.5978114031167969,0.509629898920051,0.48769499300211505,0.8044100415685193,0.12883680241708073,0.6224309584347438,0.0711178453538848,1
-0.025360033510240132,0.7473647678902008,1.5192462936555304,0.4516208811432103,-0.371130559595907,0.6884275360432621,0.7830555312516104,0.06108654368459221,0.4821499952907581,-0.007958580725889508,0
0.031524919177317756,0.6498232416410006,0.29080837911205926,0.3810667225676257,0.31003088431326703,0.17833953103235645,0.9919456873008341,0.4473358324936076,1.1120676775493177,0.27274248495102715,1
0.006477068846738234,0.9133585787017257,0.8521921141372591,0.7541331759968494,0.26820052378571324,0.8662469762831567,0.8533107602710911,0.057192541274044294,0.47101559912224833,0.11990269946524183,3
0.9036375364553373,0.3578485468307203,1.2071782954403458,0.14259805036877088,0.3429709284080849,0.9201281600307105,0.4131038373072351,0.6155713832996691,0.37095384704439105,0.7095771741363923,1
0.1326123682210728,0.29609406917053704,0.3823443513170441,0.23534948939710426,0.5692988139907936,0.9545365372195548,0.14615467419146372,0.34747872290296594,-0.031287792539531165,0.18449301520511904,1
0.3222159252443428,0.27930162472264847,0.8541016393473856,0.604348227153586,0.6888400960266232,0.39362275408806047,0.3293673531108018,0.7034485079439597,0.7246521458570804,0.9822647319551809,0
0.6839643767652277,0.8823144547931527,0.03805191789467899,0.97751289486352,0.888307832265515,0.5038530636353309,0.1534863130286041,0.7043826908895754,0.3491077914530193,0.10291492896764352,1
0.5290506023477397,0.18739413321772547,0.45324019338664007,0.660558887970361,0.611923007441045,0.49024924620016996,0.645110800425432,0.08142246408893336,0.7170875583768972,0.5323685124352218,0
0.2683081367858273,0.43475181948794417,0.583431291414248,0.921986505909252,0.6087416113994839,0.4984399134920689,0.5789651583642078,0.20070153606661423,0.22841929903818892,0.2068826808260196,2
0.8491208618266923,0.4343528013555847,0.8082935582801576,0.8167231433146409,0.1440235921214409,0.2714604720229898,0.041340386863030404,0.22911852516556291,0.7073474127396165,0.09123424463685335,3
0.06681658967004808,0.24545601889783383,0.4876257464306366,0.28565591549934327,0.6959891535539255,0.5189212629814486,0.922579817511732,0.4692549899822165,0.1883777173103326,0.880289237945289,0
0.4111951751607172,0.6291596649638552,0.7161545999513126,0.34467114541488353,0.128714538948082,0.5359327426478828,0.24677544103965865,0.7392008848635478,0.12924791762177892,0.9619513023425749,2
0.11213341928786252,0.13466003010017139,1.0037361682794128,0.6600275374429926,0.8920439106925446,0.3556235594256224,0.502645969698262,0.7401990432559801,0.742763383519,1.0609824896676094,0
0.3108753206252868,0.7834336151799012,0.122123664625663,0.7165640642127378,0.14227019242887862,0.44656640090214833,0.7649719764541537,0.32640045766738757,0.5633841132878287,0.8637634594892023,1
-0.11167447861846508,0.9066671919564441,0.35921830955009276,0.8619262395145123,0.5140081231467393,0.18401690756275324,0.6551553003539654,0.7193181265454278,0.9243940375784617,0.6428108786024378,3
0.4592450913484208,1.043377329965196,0.03812258280957029,0.4019587056715766,0.2737014869742217,0.4085453400347264,0.7889750802966694,0.4182943411324661,0.6457002226047289,1.0355940873210654,1
0.6988738395755529,0.8596003921297986,0.21274812725303616,0.48854941367523785,0.5980092746039501,0.29593333140253936,0.7539182266221023,0.5371382859369407,0.12901645170913242,0.6283183833714403,0
0.3220108779083439,0.9244764489068779,0.2412443819226865,0.8112230085843001,0.27335682841213504,0.4027584517775574,0.6566828125820652,0.3069706346992805,0.5839018180598694,0.9105100828120319,1
0.7962611572128095,0.3670768637581664,0.8798383802849735,0.7261577139486101,0.1317734349369814,0.2950570224663725,0.00583206867256692,0.19963281502239028,0.6167571915237824,0.10118016496956624,3
0.7844604235455505,0.3839074810718996,0.11052667203614908,0.5351775723344382,0.3047163480915207,0.5113468117166932,0.4807655477711411,0.12845834453773025,0.6954793529426053,0.6901619383342458,2
0.7388470588827357,0.37807085704216187,0.9172306796706909,0.6987719255023473,0.2234025579643281,0.19919208320672072,-0.022016528956787084,0.30426347016269284,0.6670928694022542,0.08308924637787304,3
0.56436590245639,0.15948146260033982,0.8451470368441135,0.42810989109340225,0.10054642414269316,0.757770496428616,0.7022390085405157,0.5721943057222577,0.5254132037339085,0.9643560809702356,1
0.3584094289577613,0.796840229555556,0.762522764819251,0.6647646143909589,0.4780768940482,0.12022059612260064,0.7917280176408539,0.47092621843527616,0.3202722870177186,0.7211658155947289,0
0.8919393207233068,-0.162217629980741,0.30130692471278925,0.05034895839293127,0.8361235378845208,0.842172494036039,0.39315323859470425,0.04174963275523784,0.1045398579372645,1.1467460461416876,2
0.8108594834403064,0.7647309016536262,0.2445912228922708,0.3107302709712165,0.8995126125790882,0.7987512781106269,0.27266043029350395,0.9887873809655501,0.7797863368908761,0.29722878554925214,1
0.272130113506062,0.4286820576828394,0.5848901284869682,0.9168360349809408,0.6068383504568399,0.49989801550642093,0.5799150235208302,0.19918131785915763,0.23553589987750195,0.20699188005608354,2
0.49506571330636556,0.1651546414497525,0.6985942514043058,0.4694811441403307,0.1762760555626151,0.7449976935293658,0.6170152304232963,0.612771651989189,0.5855112701843063,0.8337001834708675,1
0.6608453138450912,0.45312068101207914,0.9321914231714635,-0.3312226693907086,0.017730461064855207,-0.020001044669878454,0.8247763179118073,0.7556093133391172,0.6937146259304143,0.22092551994086806,1
-0.072433993439594,0.9754202576428311,1.0008493691827725,0.7145504873444996,0.4603347345336193,0.8155691258257135,0.9553399411304297,0.1923159990394896,0.43773119305629427,0.25497466725427337,3
0.2712665439084735,0.4271832069587395,0.5788225636688475,0.9253998705732462,0.6081410007548765,0.49544436467616604,0.5716041723144378,0.19443120134304342,0.2293441787562982,0.20794866415104668,2
0.7274467669743507,0.45641169943267024,0.6019510593628374,0.706645579987778,0.4620057307042399,0.3624089272401223,0.5282049684004939,-0.05544302558403172,0.9668783943993284,0.4312882114703754,0
0.24534859691362249,0.5876758896303622,0.9461915205423553,0.031179455510966264,0.4124558155843658,0.67162157978272,0.14467871186871473,0.40132047890981115,0.12107804597504289,0.8166366176019617,2
0.1918158011167676,1.0064624394961261,0.785019151776901,0.46782322613754795,0.23511987643402898,0.43723512767751205,0.9742767807789062,0.16867277418762627,0.777051934804641,0.16148546147777648,1
0.2270622945334556,0.3175774467338533,1.046028137135132,0.3631461453524983,0.8216684969039909,0.7042327021969955,0.2630212725435947,0.5233297621550262,0.35087676241551247,0.1764265859104819,2
0.3997896074324271,0.1834387351043496,0.8515026135144941,0.5478155368099938,0.7101665217924901,0.37554510160805543,0.3623016315514495,0.6205158813968453,0.7095129156633017,1.0348396666414603,0
0.3777232077401228,0.2936375013915724,1.1234862903297371,0.3318612974325904,0.604675288886332,0.849727217682959,0.3046789179916311,0.684987319173622,0.29475178461713236,0.11779610749887869,2
0.7022976711778548,0.481606865595661,0.8997034216540212,0.09987409474953513,0.4701803729571513,0.23919590045786088,0.8229968106358331,0.8332722015021804,0.9038981268283873,0.26970493233993753,0
0.25297106946686315,0.585120916550709,0.9459633251324503,0.0210555829884904,0.4002666923105441,0.6931504374417724,0.12328143588016348,0.42227908802850195,0.09996050950284587,0.8315944066329134,2
0.7687711938948683,0.39281422822414974,1.0060692497965262,0.5640595148979092,0.9852533806873401,0.3211760246707595,0.2624901452392622,0.5743218080088405,0.16719665821007054,0.2594348995924762,0
0.6817980910965915,0.4369888487899658,-0.2060645049368191,0.6062535681965405,0.045893366156595464,0.727818886182756,1.0827456951676204,0.04176394951632634,0.37909194095856846,1.175934381241378,1
0.967310006432939,0.03954779797783711,0.8063645291476398,0.055543536637356346,0.9483947855617598,0.687111134096784,0.610655610140206,0.6841824302245136,0.7339705781449671,0.7369748431617541,1
0.9533523680908661,0.9813344044875533,0.704063164417287,0.7260919459038543,0.4115635478460184,0.7625890848755805,0.085247099104025,0.5863401376350634,0.8123549598808611,0.4917622840444089,3
0.7516864256329461,0.8522480881520444,0.06800295385606935,0.6514675658047573,0.8847290439145793,0.402755772963333,0.11928080313570358,0.72325543906908,0.8892273839693601,0.4332784763362403,2
0.4254524684355988,0.06883100332631137,0.8520305663965785,0.13525368089455092,1.01515127450064,0.4351784270806756,0.8131844487732276,0.21742332065658848,0.49066671024774167,0.07600028459655181,2
-1.0859150434724993,1.7093482384462986,0.14558111147824337,1.255466633148211,-0.22329071046356036,0.4639061538368841,1.5305092403341636,0.5195038062097204,1.053934559553766,0.5101093032954691,1
0.6822392905121688,0.8278447040498704,0.13885460981005382,0.7489407286631745,0.051688708257566475,0.3252332349133773,0.9485831957734902,0.3221737996623095,0.804135690341834,0.42431345992401137,0
0.2756247720276563,0.6937076070577343,0.4282048859750057,0.28072493961934036,0.4087547944697901,0.7279773593935616,0.0188601992890013,0.05433486213765022,0.12027589662724986,0.7638107040063765,1
0.2757682796794418,0.3473543216470115,0.5033790146737184,0.8966624552269864,0.6332832532442746,0.18276394089931652,0.4513607690066319,0.5341189388366662,0.9010982281751119,1.103028398786599,0
0.6674207035608993,0.20773592888722361,0.9565850598717132,0.35268078951292553,0.7984966855680807,0.4529104378230651,0.0985955619562807,0.6021775774249211,0.36072317240344853,0.296864275267313,0
0.5444207306594431,0.30637261199762517,0.4005588128887079,0.703705714306177,0.6256047842456588,0.5696215379257162,0.6265284826999884,0.13959884225489658,0.7953027728101711,0.42748165778993025,0
0.2456449357443909,0.5812271728218092,0.9405375638717909,0.030127484029415542,0.41331556250733265,0.6871020424203028,0.14109358677266773,0.4105936090303556,0.11921340758948927,0.8152045593154459,2
0.29492453011851266,0.6973201449306677,0.40639706226859484,0.30864600488983995,0.42354241880683585,0.7345714334691175,0.002649040366392412,0.06298596067959171,0.10878814984788678,0.7641705757863756,1
0.39427539474671336,0.41020103286537957,0.9178099809996961,0.4890769482347965,0.9228380511408552,0.7177148192923305,0.15620213997210886,0.41011513308975894,0.3557527354879559,-0.0035928509004639723,3
0.07535967267699642,0.8867729428761912,0.8992795810900476,0.6540047583746547,0.27838086350484303,0.8102293239082093,0.7390884038186255,0.06368270002811476,0.3751522031218129,0.0841348335075886,3
0.7172969255287879,0.499711826653654,0.9887257596418946,0.7702042188874246,0.026116087575613123,0.1546024877666193,0.00386337457927574,0.13695347566258367,0.7460129201116019,0.19001393681471548,3
0.15033379384404902,0.18468270706288423,0.859787945768128,0.48494433279161653,0.8926867332458779,0.2925777803805013,0.44960447007549686,0.6879555980515912,0.6496875737612104,1.140952242038102,0
0.7536149034142763,0.8405007599788556,0.0497469050846375,0.6449004922597523,0.8888061727530784,0.41026907169729154,0.10184336806784414,0.7444306438108232,0.8878169380305792,0.39723463153190786,2
0.28737237192446274,0.6870856154923481,0.16605268646416538,0.5569837126663858,1.0309114394396361,0.8613735903626081,0.4083703314039936,0.35646789176889865,0.727187921989229,0.8906920085030418,0
0.2704986646535757,0.6052686063971163,0.9314106528850344,0.03670595903141967,0.3948203065739694,0.7035697167761489,0.13026649007550006,0.4296507747653807,0.13181419683009934,0.8138582020663574,2
0.5294101455954413,0.6892673205172707,0.5765493664331836,0.3046068394022059,0.3126173419662672,0.7412566288611053,0.541426862135235,0.4039556087252102,1.046805485576345,0.9213939942670459,1
0.3262537605537929,0.32810105878001405,0.8353471940267672,0.5844322561683996,0.7311200984680636,0.4544388779525871,0.4280485633324198,0.7859941911029472,0.7505857141913531,1.0861319606048652,0
0.5580653158176735,0.6510155766173944,0.3596554710561321,0.3402172431000742,0.3514186496209811,0.630728550748559,0.5494694023636998,0.22614442065041834,1.090357876812926,1.0658156923501247,1
0.3039682426800707,-0.036791752339114636,0.6042932025924574,0.11433935323871483,0.5309888500652217,0.47222426742512946,0.5229380861297861,0.3725201322510614,0.3664918133984058,0.9012963125579975,0
0.2873266163107819,0.5758079764582195,0.49147843908941613,0.42250796306412697,0.4625572097362576,0.78338563690128,0.08628532255729142,-0.05109077591630318,0.08916243322146201,0.7345184720348052,1
0.7516227918685043,0.8190689651739209,0.09232271178514764,0.6605926904502892,0.8631123515854814,0.37863262036737616,0.14699273173770366,0.7036974339143192,0.9201481085508436,0.389724365195279,2
0.8039768095231754,0.3501249445846969,0.8924356940072782,0.7195977432453932,0.06769228341348668,0.2622420205297344,-0.03889632979769535,0.17815026983093402,0.6140417732404898,0.14206464330281893,3
0.8830520129141674,0.694021239148907,0.047219411021806774,0.8056651336582628,0.19608937387337497,0.2894525162010568,0.09785374267094941,0.9181581958086428,0.8353430320906259,0.6586362082811026,3
0.8707465066173327,0.20224045321110812,0.2871712589350709,0.8730960310307216,0.4955581254636574,0.5595285824196911,0.6545112120262123,0.40814875616955737,0.5682314892657059,0.6008209556893426,0
0.78458989918371,1.030472475902012,0.2749912901510271,0.7785217054106809,1.189552627605432,0.552331810878282,0.22301274765551582,0.5332708736291263,0.2938864069389393,0.5346831524726567,1
0.38140331592568033,0.31982608087065123,0.7499675293983107,0.5084448824365362,0.8655631565181098,0.35773643454834364,0.18366777209442572,0.6656063634079039,0.7703956475662074,0.8890022680800829,0
0.7546440158602963,0.8495517732878567,0.07567688466643797,0.6552552328635372,0.8770739406777976,0.39603355750958863,0.12253330927063869,0.7180545100756831,0.8968616950809559,0.4289744812599752,2
0.7544380852112013,0.7353388507992997,0.2651815892363561,0.3780020681841206,0.9470442869695345,0.7345932045107748,0.2127390045974895,0.9985996617342016,0.861193803446908,0.36466916791386345,1
-0.10053985865962586,0.9523038695276476,0.9105564677931454,0.8847381662425472,0.17389247415368597,0.5943965544423663,0.5801192172923755,-0.07924508360069277,0.3061658604979869,0.3154280697829932,3
0.024524656881576595,0.8945815270166064,0.8414446706101965,0.7216261470397338,0.3019593994158349,0.8130536077894815,0.8197661569330096,0.0763647694050234,0.43057470388633706,0.13153952952428952,3
-0.06949635422684472,0.6542382917925987,0.07931160604189637,0.03680600770918338,0.8113614538532306,0.8545377717125036,0.7948894350127329,0.48486726426321203,0.7720234727546262,1.170065936251885,0
0.04198198275010494,0.7961794458226369,0.8846502851262219,0.46969114614415447,0.3164182654565079,0.322273220410527,0.6002704872193656,0.8426346158221736,0.2326669118414021,0.9996938971130174,0
0.6840839666282673,0.8807897412577256,0.0369911944731855,0.9815483081553643,0.8862906984436371,0.4953853928812812,0.14902216554190167,0.6980033808509999,0.347788390874052,0.10817740042800336,1
0.6832180831169814,0.34783836671307017,0.5764541858592658,0.9449964483937532,0.6135846156510856,0.6873440760110061,0.5516557624188918,0.21635249578078358,0.9244421837666855,0.7056909047485695,0
0.0174841386554708,0.04184095578841085,0.26480744948793106,1.0501305580946128,0.4527429212800862,-0.2878785876138911,0.5250965934033528,0.14822157308868378,0.9271848480819512,0.7916364268115444,3
0.3063690827200687,0.6912123972878323,0.3986732981884766,0.31395468635078927,0.4104119306898876,0.7537731505104639,-0.007662349434730809,0.06504256335347122,0.1075417685766586,0.746880659106092,1
0.28202269417277676,0.5822651587917919,0.9323049851876473,0.05305014500570099,0.420562971605983,0.7044383225741162,0.1725971863435375,0.38801859811229233,0.1550198531225352,0.820286480297923,2
1.9992425936104947,2.317287564434988,0.32841683873658656,0.7107643715641674,1.6536231427792805,0.34474385771644767,-0.9828206489110715,-0.10962922452638835,0.6111213912618461,1.4344524450446898,3
0.8930395334213591,0.35766117197679104,0.9949774804786158,0.09892387211066889,0.4685642951009233,0.267887542149437,0.8217121115084941,0.8649340047882742,1.0966719092499906,0.537156538032632,0
0.7966399499126654,0.7386849022249482,0.23401861068815244,0.300314829536833,0.922552620381159,0.7659642959290468,0.27977622688186976,0.9937006104274819,0.7773567374559324,0.3122701896255883,1
0.3014559243881227,0.5618740798336463,0.8933352095390499,0.03993651910135568,0.36452261666276914,0.6665996506749633,0.09621995124314153,0.41812341920223967,0.12796026749674616,0.851104394436164,2
0.7970452786561075,0.7730296378116761,0.1240184789843075,0.29495491775198396,0.9539577328094849,0.8484065955375213,0.3175267144229134,1.069770542850523,0.747826781823221,0.21526063402202636,1
0.8351756667967235,0.3670663166215725,0.08406826289146506,0.581616843560974,0.2797126062139149,0.4190347845905256,0.5273810370468072,0.09174531522125906,0.8143904908062892,0.6814094171536756,2
-0.5822641269009572,0.059354777875872844,0.06325128649468623,0.40013703931814615,1.0320675056530448,0.6523117145938371,1.049513317103619,1.092050439337978,1.227112408539174,0.7786089807780706,0
0.732208570736971,0.5057681811697577,-0.09334901456433742,0.6791269259424536,0.7439460976470569,0.38573165372697216,0.5458285825041159,0.2817095470132488,0.3711733283106066,-0.11217075441848645,1
0.0024269157295454397,1.1693960418537055,0.7488797305359687,0.8795146759509497,-0.18085518438145864,0.3527374581004157,0.6989623767071986,0.3670673533472847,0.22236187602987167,1.249369638493637,0
0.3104549071571807,0.8126063969551139,0.7512692229135249,0.7002711915728221,0.4527283137665362,0.10936709670791189,0.785228628154265,0.4781977023192537,0.3006588431304009,0.6689319116980257,0
0.11550773593176437,0.14207868508782748,0.3262861518225788,0.020986650672090358,0.7796559862622561,0.6068054560823154,0.490059010331073,0.10103499366638104,0.7753722884434886,0.7360002752277977,1
0.7032478582966573,0.17873614793363615,0.8974083341607948,0.4070620103498463,0.11625361556411971,0.7877563334554862,0.8055245659938084,0.7391555251642058,0.6553913946189062,1.0134049022426974,1
0.6833397385456403,0.8849438383182178,0.03647355557140463,0.9735188856265525,0.8890531343393415,0.5030151038932413,0.1536219563094194,0.7051906313930797,0.34732875895172743,0.10183033717150443,1
0.32005444358672813,0.8241118114833885,0.6635554488497405,0.7508163285799954,0.4961377577962181,0.22175854257212946,0.8315391622632965,0.5104804896996036,0.3333841347711314,0.8238211721284922,0
0.21913711688473783,0.21575175963367382,0.9505959529911532,0.4963133200766563,0.628421206977215,0.355963482787427,0.46181187454507666,0.6037206480390295,0.6059222165048469,0.9166031914213633,0
0.6415689173903094,0.3942490325003758,0.7639703296051388,0.7788897779890919,0.19655792363016947,0.35248707153829273,-0.134694552969964,0.04064775993015732,0.6129747932530037,-0.021873026819463973,3
0.124810852877353,0.7410447036198233,1.0473309503795645,0.9749782165157792,1.0572694761746613,0.6981407816480951,1.0728364806078166,-0.6024270534271347,0.754155247507966,0.5119553461945049,1
-0.1290227785156572,0.7743802254179619,0.9204338175079709,0.6218142699877418,0.16355485649190407,0.6513386914207762,0.7431224712927023,-0.07873633822553117,0.46317234378177186,0.31008019805906295,3
0.27997537959816177,0.42629126922537375,0.568531407470427,0.9109335350580046,0.6199682612177193,0.5147193198722986,0.5614292772832831,0.1955908397015165,0.22510646445436625,0.2058360861819655,2
0.4677223884040096,0.3182805526515625,0.7284867748896579,0.7051495853872105,0.07112761167623727,1.0346826836839083,0.40842594326686943,0.1909304518759035,0.887060061060518,0.04441136594744971,1
0.805016000065339,0.18875018214654202,0.9645282248493878,0.2818739486189881,0.8854590786219521,0.32861760820307195,0.10965932015413107,0.5288374249720145,0.40815026348643896,0.19600120295475598,0
0.842467953350631,-0.022553436680602057,1.1381780649625193,0.25199172732438385,0.35694772468515434,0.599365892901393,0.8480703178494501,0.2397756266901166,0.23964132261953014,0.8460847559147259,1
0.7482813164531308,0.8438988495721925,0.07726495334436091,0.660230083676362,0.8858123547305681,0.40315585888172634,0.1131430023572593,0.7216097403757258,0.894945185436875,0.42850900186213964,2
0.5826547037541256,-0.07557601865731575,0.14039789617938053,-0.13081676023264893,0.6785461101987151,0.6434417951711422,0.7446016196237416,0.12369889337906556,0.41628944298884163,0.8556649371876711,2
-0.04601150988463065,0.8351716085791796,1.0001025881723895,0.7928210978445662,0.34986794111920927,0.9993637849308945,1.01037354406419,0.10717736489268956,0.3272264030864729,0.310494727989321,3
0.4540834096754589,0.28584962289812205,0.43712378097000126,0.7098474020229316,0.7166321906963208,0.5776769589659384,0.6072760816889156,0.24928761659526985,0.722385882835389,0.5367741919502578,0
0.7790441005883901,0.2878977994330434,0.9720318255573498,0.6437998678199566,0.13803313260178063,0.2348699506062636,0.07448733492708612,0.25532880149331644,0.6390547700811627,0.047445074369539486,3
0.21875956623786225,0.4463781505290757,0.327086122532777,0.43859316680066174,0.7303082899380903,0.8639038675172449,0.12174774197539594,0.23280242852388366,0.07040518762002776,0.34231131128046943,1
1.1294967609771398,0.08839256656144741,0.624278484462125,0.9358350508273706,0.43045195105568557,0.19610964153717686,0.5528795379874935,0.7258777092881059,0.6199283241337284,0.42955826580898404,3
0.46668472337073974,0.3668227048742353,0.9395689287654971,0.7049431304700376,0.4275783918840009,0.9554227293918656,0.40757939367769774,0.5905923264210126,0.018721070381378047,0.27030146024660173,2
0.23505949954449845,0.6252323086183023,-0.11769737112272352,0.8908266804033863,0.35914942130365335,0.1384038234221317,0.9887619849251942,0.49541124599075803,0.3604063086350502,0.8072310814875854,1
0.10352391611098909,0.6489821683299284,0.5173035337301441,0.5480780716532417,0.7832097645546826,-0.08188501907061876,0.9877916436392449,0.5179250523060982,0.7520678408353467,0.8819547879502203,3
0.7964309325636886,0.6973202756631379,0.262050361362689,0.37921786964924303,0.8752628548449218,0.7469734927145075,0.22289252232913503,0.9610245594090548,0.7359996196772052,0.26042914286160235,1
0.2266136446741634,0.43738145089065067,0.27583699569303893,0.5189532250410427,0.7083575325135085,0.8705450733454556,0.09204179709731919,0.22246462471577028,0.05089224028606656,0.36867238098502375,1
0.27514777430138415,0.4349405516883807,0.5865536262580171,0.9155844462010233,0.6078535028994481,0.4980520679396391,0.5763908310423029,0.20467456167520487,0.2374020693431416,0.20926809614745473,2
0.671239612047668,0.09529402200653812,0.25877834596008964,0.7828782726913862,0.6006333212947988,0.6944126072540031,0.09398827707253327,-0.0459073689611289,0.13247224024716742,0.39561076241174153,0
-0.03806830260405433,0.48514438139353505,0.47996974040176016,0.7164463841558982,0.8252545607078393,-0.06984246537496715,1.0233922242439624,0.4200861519812615,0.9788428119727763,1.0114117826844318,3
0.6464323383337276,0.4944556313437838,0.7719089814052322,0.8818635437272186,-0.08581193996855244,0.12876408251523402,-0.2063441465203895,0.16284799159317467,0.5598457457283839,0.18629555706985074,3
0.4132878550883464,0.8185432590154056,-0.05177735652535498,0.512895697062959,-0.20244966999758268,0.07160050219420505,1.1477633053691227,0.05210696888691524,0.7334299131292181,0.3076147159005378,0
0.40052532935887164,0.8964546690653629,0.06298564453006975,0.8244221884250778,0.10766819838242878,0.4060843026292071,0.7893374763801868,0.3779397479961532,0.6959483599824878,0.7406914885060002,1
1.5094826791681253,0.46230307838775075,0.8695816920399446,1.4484085378555873,0.6022820954663004,0.5426980606325796,-0.2056596497337123,0.14213673618786504,1.136085422920579,0.2874007034611523,3
0.2206603640116522,0.9464699258968495,0.8081382416347244,0.5084048698586542,0.35720941398257533,0.8877858203052627,0.8214599974816397,0.20788522013699678,0.38549686789111925,0.2647191196884481,3
-0.03265522791482994,1.233592401654585,0.6772321999860024,0.158711878265143,0.6016986280167695,0.722180570922001,0.9497639188614525,0.571479906588343,0.5213139966561151,0.5622441640521791,1
0.43602827973794234,0.4274866351357243,0.9627084642371713,0.4424609350370376,0.9015856108525973,0.7680267806067627,0.16146582852180802,0.4785421051170835,0.3047393394970463,-0.05046269472614533,3
0.20415931942479154,0.6729122979898966,0.40462638104108956,1.0365837890102139,0.3878955919056519,0.9399137564688077,-0.03182093857791937,0.6806780124679445,0.9285990670428024,0.6525263058000919,3
0.1952046690559412,0.3287504180954514,0.34161848432666614,0.09444221711108416,0.6319136379207353,0.11733726833597372,0.7534819060916391,0.14715626996654568,0.494071451055744,0.7962756157959312,0
0.2770751426153165,0.4335048675298302,0.5894480097996287,0.9225497363192319,0.6012366581397129,0.5004830519963609,0.5799963678251318,0.20212066947429963,0.23333839800774758,0.21110147165168833,2
0.1209557429206236,0.7327976603941253,0.4949855190870155,0.8169416249251272,0.378805896518153,0.9602313866163434,0.14345302456927916,0.6721136635864241,0.891842715578988,0.6298402639597321,3
0.2808016098921111,0.8116158909112751,0.45878156790300245,0.9689654435490264,0.2968093336941451,0.970626616300168,0.043309462841183775,0.6270659365259517,0.9003760071749274,0.5560537773515847,3
0.7769017746777656,0.7552102474180643,0.217646211677674,0.29809796941560696,0.9135089706797092,0.8017283402805091,0.2876379477936124,0.9837191621937287,0.8289403948986062,0.2932640941238896,1
0.674712911297184,0.29661581715469754,0.5513743761542624,0.9715244601258779,0.563767932248654,0.7106902581222292,0.5988591589049618,0.23677386561525549,0.9525018208728688,0.6949298195157342,0
0.7495130019638913,0.8607454205868527,0.09312047887014582,0.6693942393342289,0.8635484262201658,0.3905814334525475,0.11694152150058355,0.7261648244396867,0.9103704488327656,0.43891887371768834,2
0.41859450945267973,0.7186399363127676,0.804594647329975,0.4350423043553634,0.0769024749786584,0.4315186390956769,0.2536996837739489,0.68772260203059,0.14482881292281194,0.9219780736276877,2
0.25290965088468903,0.5787770228324819,0.9437116867079067,0.028340348409819055,0.41900233485465277,0.6823132813251488,0.13935957461381257,0.40567947946364913,0.11868665971016873,0.8181082111713008,2
0.6781839937837458,0.8747488893384826,0.04049601601306889,0.9734626063592869,0.897247299168167,0.497087841317859,0.15204919900468705,0.6952279108657301,0.3541315787984907,0.08954567723403509,1
0.36982978342582706,0.4317239274015724,0.38903348242833724,0.4793169627680829,0.816128894042089,0.44972853719637673,0.7742485776403304,0.2101337515460171,0.7548791928011426,0.20511243637323712,0
1.050833477928673,0.36378418038630034,0.5572592567994401,0.2494124094257223,0.42403834182365785,-0.19634239736289139,0.6050474177421497,1.2567225570831035,1.0769963228743649,-0.012682322108294952,0
0.607567537462732,0.20389100579608332,1.3891071636416985,-0.3292988099478553,0.49413489799370147,1.1322942818348334,0.4329277157222393,0.6185020013713842,0.7198540325774023,1.2032020832952486,0
0.019730163201138066,0.8751077672005656,0.8252313153145893,0.7016077244460488,0.31277445334662224,0.8367523423676392,0.8270401104530564,0.07784056886707552,0.4208953450418735,0.14094240717051726,3
0.7634851799253096,-0.09502284666457622,0.4396212018329651,0.7280777802598728,0.8215280272600392,0.6005597926869798,0.4617370375839942,0.9511251955709688,0.6378934622839438,0.4468285132113163,0
0.224246164883435,-0.021727452081210796,0.6048908543837905,0.3900504805804697,0.5589890638062514,0.4934301890654048,0.8441824553376396,0.39980912368538635,0.3001867946993152,0.8325370400047767,0
0.24087680263193692,0.7670486662916776,0.41653274469683754,0.9449913085718166,0.2727403124220912,0.9844777869646262,0.08053205933568416,0.6842031849171821,0.9461738563639579,0.6051341048242557,3
0.59194370221446,0.02384542279431505,0.09405525380863092,0.006876195564120864,0.6977528019985793,0.5299041384976361,0.6329986162434686,0.11446436878846782,0.3452194889438573,0.9401190260109707,2
0.6793221444368126,0.88943316819673,0.03196536128955242,0.975576175148093,0.893327647493414,0.4994551559960598,0.16056052189041023,0.6998118035479097,0.34115916547699415,0.1060067112716484,1
0.7563799235773009,0.8886116558037825,0.17131305229468424,0.5138326601968864,0.4542583632593963,0.23980211199023005,0.597348625078469,0.37328642927184924,0.1584978641811013,0.7628973522359757,0
0.3826340109624079,0.6656438128682827,0.12722084650854784,0.3236207483011216,0.5706673879911288,1.0508560468879933,0.3901513076419352,0.42011904639766084,-0.04074286308282826,0.1643329287118704,1
0.10873464997878872,0.949450460227657,0.9062837878062153,0.762284005775327,0.2997102164355062,0.8933311963542498,0.8222515313356457,0.0604293945589167,0.35407935491974124,0.13486629804771808,3
0.31465061400533756,0.8690354600872849,0.1088235972514392,0.7561509095302528,0.038692839903604254,0.367609205608947,0.8055859608460946,0.24831534015244136,0.5943445877438799,0.7591036073343325,1
0.23653217342235114,0.7650687792635796,0.416314817016325,0.9507336893036776,0.282733691344402,0.9929209380934313,0.08419953483492983,0.689074036386816,0.9394681621342428,0.6077940587742384,3
0.723356993975601,0.11915955673615516,1.0800050933848746,0.3836362069119266,0.319318860441088,1.0266973682698612,0.5311718700195938,0.19845339328703882,0.8484629512170804,0.9484455415977329,1
0.3985193243650336,0.37441648255007415,0.6142557299770587,0.010595402991263839,0.38061967294176813,0.27680605786818663,0.8057451207529888,0.7381968625464731,0.8086215142260383,0.532003333574941,1
0.019747839238178466,-0.02498473809949653,2.248365517218552,0.798746521036379,0.590058207554019,0.5458907879824766,-0.10330306254691432,0.24992796110343046,1.4156986798544895,0.2127828824288211,3
0.509250398120806,0.38638104813024965,0.6388956926444332,0.1532506746297685,0.48564112450777797,0.146752380922225,0.6679764164984399,0.6653652048107878,0.761846778623003,0.400179899502161,1
0.6326862460104976,1.0340334043692274,0.6211397599901545,1.3703505768493236,0.066638992065141,0.7355205655672179,0.3645571165737694,0.6077842952615521,-0.058683375083704914,0.9069562968410493,2
0.5536334009891525,0.167961431660801,0.8302239057876469,0.4416542986038894,0.09103116325905913,0.7651119216247859,0.7074706623971838,0.5690638041987919,0.5409585491759211,0.9455234305608552,1
0.40554099312745545,0.7633021256228217,0.8788523613652264,0.6796541793937697,0.5633096274761256,0.22282552994563573,0.851114519317109,0.5595656753051013,0.29294458661121425,0.8338412479073327,0
0.09657695910619817,0.9018743938114226,0.8427595586498005,0.7816201160456402,0.4043082991251143,0.7824741080157316,0.9293912751567628,0.15404126271267277,0.4488305272904066,0.11221474461337336,3
0.28124187514182974,0.31258748707542644,0.2569297801612984,0.5633196665202722,0.8420504029647776,0.8013576447326106,0.2301476961045965,0.24151118041540673,0.19426639363175854,0.3897048566275041,1
0.1488443351139989,-0.045527981203913326,1.1681936944378573,0.11793585713728366,1.0271117626912574,0.5792194749296755,-0.03416040714268681,0.8886271150422232,0.7230798298620236,-0.22334485803248105,2
0.35048986002735083,0.13353343075506582,0.4313289654138773,0.25800859014546257,0.5903172185253301,0.28883343754889595,0.7945586363971416,0.21076724953282477,0.3326112277499184,0.8220018520714346,0
0.6909638539390197,0.4424355487911484,1.1323292487297465,0.3023519809615047,0.29627639761309554,0.1963589565151355,0.37622218727880535,0.6668739293818393,1.133907834355129,0.711864752753279,0
0.9006437925805809,0.821097597047708,0.22117888062264335,0.35307417075336694,0.9073548170334654,0.7272775272392857,0.21572340784821292,0.9924085640554496,0.8718752946766886,0.22395889977558092,1
0.853042026045937,0.013639799873996623,0.30005882242973914,0.7438872073867421,0.9806446779075849,0.5834954899162514,0.564885480840719,0.9215613272214014,0.7202415808098075,0.5441483187897658,0
0.19621305213199458,0.705246756285687,0.9127844032021557,0.534223146422846,0.5238200384313543,0.4400417493373414,0.7085681685752724,0.8972345092001409,0.29140624893950373,0.8157256310025985,0
0.44268812057702583,0.9555407928415943,0.34022711376503656,0.8400327626786785,0.66163730719328,1.116294130240777,0.4789857326737055,0.4221395947600664,-0.05486684687568408,0.667038179431164,1
0.7603804494428417,0.33797605311623996,0.9776409048344611,0.8022014010228257,0.21318445236384165,0.23801483323723444,0.0782962971270753,0.27329628245075116,0.617472026263548,0.027473236285645478,3
0.800903850044892,0.8445492423762997,0.27762964896003245,0.3922703682591999,0.9768920476237828,0.780081389648608,0.1259779293213398,0.8317676055427228,0.8872959312012656,0.4350215612261923,1
0.4699567569417662,-0.1689356454368057,0.4351978981341554,0.01335892422321314,0.5929124157259108,0.4107649808659998,0.35847889808989675,-0.29037054152959024,0.6397351668622729,1.1713369637530076,2
0.2685569274935353,0.42449651455510334,0.9256049935033708,0.4358650607563044,0.7377848728736923,0.7831512064747949,0.3617059173515426,0.5400051027172328,0.3260989142171324,0.2545249433170319,2
0.21214201569536956,0.4548602349299146,0.1733122881711423,0.019110511721255018,-0.09633833099733302,0.608586572176694,0.3349031471210707,-0.36708515861238955,-0.27503836372695745,1.0899518081605262,2
0.5864684419454477,0.7669403488934547,0.5542474517290777,0.2553712590332072,0.35237339424650005,0.7617561864801236,0.6659045544868085,0.32488590617770696,0.9482770843419845,0.9247740891424874,1
0.5098991910429953,1.1296799087646292,0.833072017609402,0.6810282953246212,0.2328836642582526,0.864193233975764,0.01122858237143452,0.34036258548783493,0.32588803468711436,0.4946178254381054,1
0.6226381827147789,0.18133675289528323,0.12347056024366808,0.7183659810659113,0.5623284233628999,0.4840260700077563,0.8006366156954874,0.011515042883261259,0.5514326625511496,0.09502849129623524,1
0.7117616594907257,0.8904508282364473,0.16712929472180443,0.6026373295623656,0.5170165717336983,0.1949389047973416,0.6648404445585294,0.5913117240883796,0.12179977940322206,0.7484536026920768,0
0.3414139208696011,0.8995912828112076,0.10469082603508172,0.6143948687339085,0.1863187523486444,0.5055078750390951,0.7937823918463134,0.37389743467791614,0.5187420968776595,0.7690183833242565,1
1.0857120844005297,0.7583223379914212,1.1465343333062685,0.6132397771800904,0.774114299220722,1.244201419257937,0.300710558210987,0.5344973829738022,0.5318437027714713,0.38167028027455674,3
0.21997068221287355,0.7989187103469433,0.3876446106322269,0.9171895851277582,0.3018334157509513,1.0111706336491326,0.04844422382451964,0.6851983393281286,0.9510168290590958,0.6175886327597243,3
0.5098756626533766,-0.015269842122781985,1.061291140116299,0.6893462446677388,0.5856355155007624,0.3664403066141719,0.34035445384921253,0.19809466123274722,1.0115665097027446,1.2320193161725956,1
-0.00332654872404875,0.05080747139148095,0.9903451931788515,-0.17562695449900678,0.6966639526834454,0.6792258646005207,0.7527058397412622,0.5599676876034246,0.5677075004058381,0.5201393590876019,1
0.4323242720408953,0.9727180129414362,0.8632398679664984,0.07363484922619595,0.04214928379657004,0.7556104526424237,0.11315359761332508,0.8265839489945126,0.6225871851830844,0.5548722794219316,0
0.9547970822059643,0.009145743380071743,0.5763535864534678,0.6606827344435701,0.6028497787499087,0.19593797633124307,0.37502339773478727,0.9251199256151963,0.429335541464827,0.005283767129434291,3
0.10368343895857679,0.32917303674507126,1.0257076225516164,0.3682957066867028,0.7246626511809204,0.6563236952243496,0.1828619491848227,0.5030170576710753,0.18136197016688746,0.3444623068107962,2
0.6654709331679517,0.26592580782643027,1.0044776809570415,0.6968693118927887,0.09526215328544957,0.37794342042417084,-0.029445343349230782,0.3312532140920895,0.5839781966126486,0.21163165693074343,3
0.24413681192335832,0.771711297150419,0.4228116402975648,0.9367392700330007,0.26541525619336803,0.9906706484008238,0.07802445636205356,0.6833062818702986,0.9599671380728152,0.6094538789446705,3
0.02321705230403602,0.48371736422268163,0.5344518597758731,0.4399676565267661,0.5595660727931746,0.06565019374889323,0.8737426356691752,0.5829247896254266,1.0407743514753558,0.8513934782946311,3
0.8515832139960087,0.745009819544035,0.2929442537680073,0.29544168414401656,0.9420978309727868,0.8130563387149627,0.32197729656021495,0.994362935375347,0.8272923904788602,0.3160195104199895,1
0.6090400263870258,0.28787919609360973,0.4644644820318571,0.655466528991143,0.6316542852941522,0.6001811652248992,0.5490026510881565,0.18592690125963912,0.7498607998114358,0.44994606932599934,0
0.28997270226231375,0.7416702548939965,0.7828975131836308,0.6928482256188978,0.5377396778994337,1.3498589069736564,-0.046631056796594406,0.23589648517027337,-0.30241695029474175,0.15960585549903034,1
0.8921648549961273,0.6853833199618279,0.039057599726622275,0.8054336447351343,0.20545634875395308,0.2815564648270109,0.0880458696136599,0.9236652295335178,0.840461699803835,0.6573916100787491,3
-0.13859372795234032,0.12817197571899117,0.3067114257294906,0.018726478556957693,0.7734831172292956,0.47235279633371036,1.0274318086135106,0.24970513365551042,-0.07274981271928177,0.9645464160919707,0
0.6112054459811895,0.1853288654460501,0.40879497289399647,0.7528094136198138,0.6637496265909166,0.7202025255981883,0.04803257944120074,0.14269391632514197,0.06085171565934938,0.2578100583611486,0
0.48101822094186497,-0.055186144536514894,0.07897499242015489,0.07014423569713878,0.7900729690654734,0.38123728422544767,0.52950823411972,0.004176446540339107,0.19230243159883711,0.9606295126974812,2
0.543184449317855,0.5313627692075231,0.2404905343404118,0.6274569056223989,0.1609733325288354,0.056244756313769156,1.218078233423047,0.5647072257313073,0.5427309965448891,0.31981022137969417,0
0.5672598755019327,0.7647672953267219,0.5878131872975465,0.2508802105931362,0.3394700515668832,0.778886218442424,0.6392508931290541,0.30709560388688956,0.9717853549631474,0.9441340402769038,1
0.642994853459403,0.8706857579818869,0.2659264070005627,0.5030702979578521,0.5639144280662028,0.30698147250052765,0.731285251040535,0.47859818144741006,0.0627020116015144,0.6502839441469971,0
0.1855320792840849,0.3929879873878991,0.19468704620700006,0.5738716967377444,0.8289272731831534,0.729235126018955,0.13854529417269884,0.2817708199523849,0.010295877135503423,0.4553667730757363,1
0.623483645948254,0.7590746369052985,0.5657822423824057,0.28861447289956604,0.3588878361215593,0.7913120424683618,0.6888035288001323,0.317140779755904,0.9582434353665135,0.953998289599714,1
0.7918716389843744,0.7655602587657784,0.1605118853001527,0.5661217797234885,0.6164805000806457,0.3154314111775052,0.632210225713163,0.6295220120280753,0.08350214861657859,0.6980966040013578,0
0.5408112127336223,0.7432064033270473,0.5296983648836355,0.32285374324706256,0.3738870106230088,0.8092522820639222,0.6349291932118322,0.32907809446533004,0.9878785920080114,0.8795708483554793,1
0.6103764370446915,0.8425264252091693,0.32781940854296304,0.5251718669020519,0.594137690204652,0.26716293678882774,0.7121759015153547,0.5206806246858865,0.12560925169528814,0.5894576277139489,0
0.09579741735573435,0.3692213755350727,0.6510746119916558,0.6122367677887334,0.7677356617402378,0.18897227275212627,0.4977992619134411,0.5768524346060369,0.9082246493197943,0.7238105081176462,0
0.8873748036718893,0.015499506792115654,0.27975987847957967,0.7872955721597303,0.9831083737801847,0.6163664889678189,0.5276797172775957,0.9411902071605099,0.6978225279307403,0.5888018747806246,0
0.7979717199764159,0.24697832293052321,0.301684686238506,0.8295670837551372,0.4264420284241943,0.5773413878776801,0.993693096654911,0.20820054809026978,0.46628486520320567,0.12730523365467436,1
0.6310876136808685,0.15791275298361987,1.012009983610879,0.4412151500055014,0.7213504607695778,0.524447254985638,0.14945128033705177,0.709626219790847,0.3310531673708577,0.17702874754868964,0
0.23188665123586674,0.22960845670075464,0.91771314037581,0.6472874771299832,0.7632382239511745,0.2913508506506587,0.3795156219614123,0.6835752171102282,0.641736129193258,1.0720996768114703,0
0.7649117054468783,0.7132916952918144,0.29110401682654397,0.33362085873097186,0.8556837745687644,0.825890855425298,0.2513617056049052,0.9209343976261366,0.7489472112115763,0.2460666670023343,1
1.201612213981476,0.9166811725355131,1.3215341761263453,0.7930558991733858,1.4585202791538345,0.6550965837598108,-0.04060313312915309,0.9324113166344665,1.5571509445080198,-0.38301749632141857,3
0.562359909780847,0.07045502069200597,0.09501674385155386,0.05235244179612329,0.6702090131615468,0.5999511693813534,0.5896313389409278,0.09200145733289261,0.29755430756199586,0.9866633318350031,2
-0.19524885031372063,0.6682601769713568,0.8983141724383654,0.6101548189359208,0.46011370347981817,0.6166597925172932,1.0962882077393927,0.14122972078811724,0.7779036065875671,0.08150338103939057,3
0.24309689103757884,0.10133851893294724,0.38960727522097166,0.3241884090277784,0.5127484883458411,0.2932092203606498,0.6806402876280607,0.28227807344529354,0.3630527673224639,0.7476798265322881,0
-0.4448650312565299,1.1962406361657552,0.7937243434339303,-0.6797448214497405,1.399722975992252,0.9039748239670484,0.6963295405871595,0.2832897795743359,1.2997491726538122,0.5851573785146174,0
0.32422691269782433,0.5801870215213232,0.4398344668789938,1.0011593208635483,0.28887723283189365,0.7403998852768996,0.1086196184529653,0.4609528473456941,1.2178622918992899,0.5718037600488697,3
0.23635179017552913,0.39559308884832955,0.9637786203765819,0.3925816218147909,0.7368796357514047,0.788593802051202,0.3188707502892105,0.5141070287502965,0.3270006400014581,0.22231863885662193,2
0.6052255905956497,1.3260891939114536,0.481560271428735,1.0951831462301898,0.663497761011385,1.313314619040915,0.14389194820685527,0.8775603801418428,1.1517734466001213,0.445401346994318,3
0.5171719423761961,0.9580964143869568,0.9717023122614858,-0.009592403188628862,-0.040304398575808975,0.7340093874425584,-0.12558149947942568,0.736933452314792,0.7823604255623646,0.994116972650965,0
0.5846337729468093,0.19937403387816227,0.8160580166680111,0.47350191908818534,0.09367420358049598,0.7297688648390975,0.7155473557380247,0.5632564499722141,0.5254955385807156,0.9550052605660525,1
0.7591679147627178,0.8544463832536585,0.07972675517597425,0.6452967092737816,0.8693322783639331,0.381791383239239,0.10634507336437385,0.7090982286898464,0.9087960241861702,0.4115967306608225,2
0.09950518371665329,0.45626583567719137,1.0823136827063404,0.8451721086583683,0.8402324479282467,0.6163251393227692,0.5525568510717876,0.7189611009854455,1.0261468254222754,0.9375002384822423,0
0.34425834810849976,0.793455529242261,0.2059256309967522,0.8163257512829144,0.7455587466115864,0.9641502123506486,0.5538887132291802,0.48133976295989606,0.10832344042858727,0.5116284122303363,1
0.4825184898107468,0.7308876783548023,0.21036281278100744,0.33730824440419144,0.35778742840281197,0.5992883843879864,-0.04967902174794974,0.2507768309740837,0.05343057156754858,0.6747089491919279,1
0.262081001124498,-0.10091536510021926,0.4343532206212493,0.13164167990716294,0.8193826879904377,0.7731249228554281,0.5513989649374456,-0.1246140077423368,0.7745467844513896,0.7845427284265715,1
0.3493542263210239,0.4702295057101818,1.1447044560831916,0.31779232523322704,0.8193354956175596,0.7219930473450593,0.16104733256405876,0.6595385467717582,0.4992473836811423,0.15332936058871593,2
0.1673329561369338,0.41923405830489563,0.32965448410897996,0.4057043908417922,0.6989780324050273,0.8781106785646934,0.19975837893748033,0.299505742489498,0.05197296804525218,0.3327908512907071,1
0.7695810950520743,0.10017855142809654,0.3742090678035263,0.7829024106257706,0.8416468102656705,0.7463110087503589,-0.0482715251204623,0.09956014948286401,0.11458814273546598,0.2360576909377651,0
0.9389511002970706,0.7573784153536798,0.8628724385306324,0.7739990505776126,0.7942299650573703,1.0909887579489475,0.36585858677660943,0.6967744699605818,0.9499691338904296,0.36256682178779676,3
0.34111414160986525,0.6243244928986006,0.5935273855999861,-0.11278283916005666,0.32950589178285933,1.1282619466338022,-0.2368623630271018,0.45749323416779303,0.7238241350878064,0.7994497510044202,0
0.4859701155540951,0.4654259920913443,0.6114291891008338,0.2665081544231631,0.08835005131936793,0.3684504897410924,0.10470459271432953,0.8175431681409325,0.2728786571017607,1.082845629374814,2
0.06972662673125296,0.9081389204617761,1.023310456364215,0.01638296864321065,0.28163505107808423,0.9323933312894961,-0.1679206194491793,0.7211317456071281,0.6549607759232462,0.9535547000494466,0
0.6925310155645786,0.7632356330737966,0.24016812050769246,0.8600839359451256,0.20979547135325466,0.27291917329380455,1.0485621942703718,0.3079193379377443,0.8283946389443919,0.3214951029769766,0
1.1286855244664906,-0.017476665621655375,0.546362748146622,0.4859290159965741,1.1505515427943716,0.0014992569992164917,1.134736768146003,0.2912572815602409,0.2807315432651928,0.4550110337802563,2
0.2331979013785143,0.7696611181982418,0.423151977696779,0.9447668587000368,0.2675237326035179,1.0123426164038605,0.10784677610784546,0.6814620355158115,0.9213496320226101,0.6250407329951955,3
-0.03735768878615703,0.7361625389848196,0.06774794732229472,0.6003832761758628,0.32930495063010307,0.9627220705849007,0.263628210091973,0.11886334613091556,0.06393530086442276,0.8167392554188242,1
0.6544521918732844,0.8843343494454579,0.8097457954995243,0.24996400396929336,-0.20016023949464923,0.33114189610979305,0.06552005250919926,0.8697552677363789,0.14161793011600143,0.8290958370803294,2
0.6526620242565152,0.2912269964864934,0.5147512653363644,0.33628849023063756,0.7409904508050624,0.3697611873630705,0.8747457927718838,0.7446132772720473,0.7243511902340526,0.3488155042842004,0
1.0212790097750095,0.9647929654885914,0.1000906063544611,0.9003246576758933,0.841263537363412,0.23603135671168557,0.06463716468297602,0.06367593774607166,0.2062848739668131,0.14171488453412862,1
0.5534818376777036,0.1459176250792317,0.0908112510777612,-0.16703781860290384,0.7602606673040782,0.6788350606892378,0.6958161394669844,0.24869978701204334,0.30362508572547015,0.9261099405298591,2
0.8214908211569321,0.7389072951953168,0.2579338836237741,0.25909046494828325,0.9793159140936565,0.7480778475287372,0.2518696339741008,0.9626578170488923,0.7357338255222619,0.3305920019538319,1
0.8852734018204874,1.0223077773966356,0.4719838564627989,1.1802599913001393,0.3131293636009715,1.2519731572157624,-0.10567683800792366,0.5014290206009822,0.42521919364523925,0.1558040153153633,3
0.24194241280306494,0.6403340323651046,0.2554300447590605,0.5260124753514437,0.2794599256079543,0.29737724689085865,0.8730105256557072,0.4677581486669148,0.5882580644001916,0.9480081617784664,1
0.21702978388728195,0.8387111167278959,0.9767548948410372,0.34622234149677544,0.3688629883508252,0.386897994348501,0.7298858865733444,0.709899783492838,0.13112598082030813,0.9777992183409944,0
0.7574233425198227,0.7831018335624467,0.2934086720310134,0.35538037680862217,0.9458616306440166,0.7964476378383659,0.2596159050674081,1.0175343458508461,0.7587564227385869,0.36425761571377013,1
0.27788912897247753,0.7265762817154114,0.42235751622736944,0.9163756049824833,0.25314838857702837,1.0162450257884117,0.05122163371284069,0.6336025916151338,0.9568371160732521,0.5713987307161864,3
0.8022052883162407,0.7853868602520047,0.3827497222272659,0.4038694411103667,0.9080265628114211,0.7559487131960569,0.3869567263798656,0.9194953229244891,0.7711337284245692,0.20662645777090405,1
0.5147844142290303,0.7165037388682691,0.4902000798788896,0.6519425593219991,0.5774332141779006,0.16812315728244506,0.9899153477657526,0.3980064222110683,-0.08182378776580645,0.894087113090742,0
0.8296963102850469,0.7683753496398276,0.287667179403817,0.2921926943072047,0.8953949125656807,0.8128249101406404,0.24435322453004282,0.9590318673950193,0.7953901495972003,0.3046149948512511,1
0.7526775371806242,0.8406363250427219,0.07795223928218495,0.6512694901058053,0.8777749285592222,0.39104021838445974,0.1199546238666528,0.717516159420175,0.900488466033221,0.41991182770673063,2
0.7883601197912804,0.36239162305370415,0.8710690990000753,0.7362345576364346,0.1372618472649962,0.25263578270253784,-0.01920797818919073,0.24367539056211238,0.6049463753612007,0.13390486722786482,3
0.7269745139718993,-0.040242227089314034,0.3070219948844206,0.005360589809989604,0.839601749026016,0.46842806011509713,0.7883516700330057,-0.04568290337807607,0.5128886830953672,0.7735065661191971,2
0.7390426209186399,0.384088678090231,0.942273807122015,0.6832680350567845,0.15181871166983188,0.3367397365343184,0.040196568021275546,0.22749527494203986,0.6758418028193388,0.06885280053673681,3
-0.10808661024119742,0.6571047553742906,0.7556214911429064,0.4702783105012622,0.3057425408894938,0.3429185163675893,0.5360813824600963,0.8457127455798895,0.36546477007630207,0.8600054852579345,0
0.9023826666938118,0.6083099296023502,0.14175501465708934,0.8887406450905997,0.16272714434583005,0.3797901007533727,0.08772043352714988,0.9050540019357324,0.9077751435820316,0.6058207969192604,3
0.39667363332010364,0.4048718343590769,0.9182406000586278,0.4595290744327962,0.9530097060043236,0.75361839263046,0.16129687580047267,0.41533066609781943,0.35271283829182726,0.016429652929899827,3
0.8316051177397612,0.6599165899725365,0.23365513663043672,0.3749784614653819,0.8139563683033826,0.8321886504981064,0.37570075623650767,1.0354820369156983,0.8677477721584179,0.20544028306767848,1
0.43681397465595023,0.7060754905557527,0.7666587209324548,0.47868540183943753,0.905650794961939,0.29748802040473743,0.8728867863299612,0.855777343983603,0.9910944610899881,0.3032921112458309,0
0.931936714067316,0.0578960025500418,0.6057438318936369,0.6397761214795883,0.680084158523676,0.1008311241154651,0.36495051309188037,0.9625564868335277,0.4486789743512688,0.05175614574941377,3
1.0133611070815782,0.6273156224599663,0.6495797549982897,0.24163150668671318,0.3432886298335731,0.4597996220637811,0.6435569202657458,0.4523578836664536,0.5793849136714634,1.3161482312418373,1
0.7485648918725437,0.8455509841376002,0.07732070662120245,0.6513554605903114,0.8801438342588982,0.3990765578534736,0.1198007061374371,0.7146913944707596,0.8946860023599786,0.4260286475840444,2
-0.11811115329549754,0.5084236473851083,0.4167904608352826,0.8179839320742646,0.7824525638504973,0.622970287538439,-0.2203482791315814,-0.0009497709644564201,-0.009635821639498818,0.5977848795599381,1
0.6131861449941326,0.12344251237525602,0.9363566198200944,0.501181376501688,0.9289325086143407,0.3352884057358466,0.060770278665993896,0.5658067385795825,0.2443767170781041,0.195261200028703,0
0.26627057435498974,0.42452794662242593,0.5906642711032281,0.924203567613729,0.5957576884856706,0.488896699680532,0.5682996639613379,0.20667812753839376,0.2275956416354241,0.22092136572109036,2
0.02309768428079003,0.9326131912164504,0.8767462590018732,0.7270760548676033,0.39308517849394187,0.8630451523573709,0.9217029072692736,0.11144656603155757,0.4555947515361975,0.0255922666728034,3
0.6721375388771602,0.8872788066121569,0.322266519438759,0.5678261683320581,0.5700956429481151,0.4284584367947032,0.8356212798698899,0.47570211249462707,-0.03213852605101401,0.6136304741997304,0
0.23984975122850463,0.4010371532299824,0.9714137405997766,0.391042662439167,0.7402494011286015,0.7821000317361024,0.3293967570059368,0.5127406839158131,0.32120514461515315,0.2129314628728827,2
0.73673448353697,0.8325384485305412,0.05673057860098287,0.6358826518424493,0.9355365617646079,0.3518506833193207,0.12230662047306663,0.7180991285517235,0.8592713197151896,0.42535758172154225,2
0.05532076356085147,0.7173276609507679,0.5235021764914676,0.8445053689486685,0.3276613833035473,1.2184155991555534,-0.018368641297225638,0.8241932787247634,1.1431601613320046,0.5702169795994306,3
0.6864711632448067,0.8883204764850503,0.028703450353376105,0.9683839079373798,0.888462394402935,0.49720882433323266,0.15322436033958262,0.704676279342063,0.34192358497680503,0.09667796183522061,1
0.2734313344567706,0.43254979163982027,0.5881030338756996,0.9135341933150313,0.6084674956454351,0.49872945055484574,0.5817729704765077,0.1989731704678303,0.23276719851768357,0.20803076037682314,2
0.8280313168178011,0.6453462436996529,0.23356355224449998,0.6551277323618084,0.2047756052350984,0.38070890038725713,1.0648796900734123,0.33535472666900873,0.6272694495292644,0.5266461962742098,0
0.7589650607728795,0.8526163247063632,0.08015875355486388,0.6523885206907811,0.8801181914082641,0.3928527705203777,0.12314460801923342,0.7204281880459545,0.8918254258479731,0.41887624905576115,2
0.05819315210474913,0.9449805697836651,0.9446634008295786,0.6959014560418432,0.2574106107297589,0.8279418200328774,0.7021300730868194,0.05022519813512774,0.35753264134593177,0.10015927706671728,3
0.7925181999981795,0.8221123026874034,0.04690532723325469,0.6515652398434858,0.8989088576752686,0.4242630586580271,0.13512432034376917,0.7401549757056602,0.8871477991341448,0.44596583418691893,2
0.7478767562806966,0.866246764063994,0.0700508938381552,0.6481043298896908,0.8743579969273549,0.40080042671133,0.11463667627884026,0.7242156701229551,0.896582082336325,0.44094556925183875,2
0.5106550488847106,0.11984031608386667,0.9757471165730416,0.37580083529128894,0.08718908405008706,0.5953818678269149,0.6415695821855665,0.5210867007275972,0.6661786503516527,0.9604954269994141,1
0.6498387667274843,0.2545609548367643,0.9899257578323296,0.39344323892523086,0.7873823803172234,0.38599654713928583,0.073987616149839,0.5509493971062349,0.3657810284204273,0.2645140975920406,0
0.8807654697460727,-0.2029689393394578,0.4626681920198653,0.6764685867362786,0.9037500162493408,0.3570971621797996,0.39192751791685126,0.7658618064565483,0.403835074159918,0.2547553067041669,3
0.27784441642722546,0.8310283738480798,-0.1401080749532857,0.9376116154282347,0.27803484922411503,0.7615981615139223,-0.19065482215460905,0.9753663703175367,-0.08166971274483997,-0.08759443326364252,1
0.44992083370082503,0.6241142593984566,0.3025802819354044,0.6581141523592284,0.16816332146446947,0.35013962125917997,0.995433837227694,0.345178231214586,0.8194498725551967,0.5097148778516061,0
0.6788181103346922,0.8824670005859444,0.032515227565112735,0.9754379593782618,0.896692641016122,0.5065248062551835,0.1631661169654942,0.7114206688348922,0.35548189201722963,0.09551505547459432,1
0.7955088375762971,0.371179204058183,0.9811176662610354,0.2661745008959736,0.49933094027690716,0.2507729237157497,0.7004116746917181,0.9738603030984155,0.8007324707920546,0.4539574934743983,0
0.5063156940626055,0.9319029552336734,0.16448369296889506,0.5951975907498426,-0.00694415431391901,0.40428759096855815,0.8119721397127149,0.4287187122654878,0.8499179580739626,0.27793518216031965,0
0.14737480361072153,0.3868426524283349,0.24579291941735712,0.7583224537258774,0.5080638637118564,0.9334400820466495,0.8715621215194967,0.40295953066117374,0.7096469450535814,0.32063211783008055,3
0.20673319756773795,0.9628162546242791,0.7179635922885481,0.574970107061665,0.21827196413022903,0.9108491191000052,0.9146909871985746,-0.025620628623106337,0.48485441958616354,0.12161840063349352,3
0.40397588694307035,0.4713571677824998,0.5781306589901801,0.29159634707165605,0.4353579822434228,0.40694860591120186,0.7002976925565335,0.5641863228113755,0.7797294561586563,0.40689603050088535,1
0.8688218706065486,0.08605204922155041,1.529347863020158,0.6134775127636376,-0.05430319381604787,0.6714818999325177,1.048166025183888,1.2102819552174409,1.3294536732354725,0.5124853932943424,0
0.5379440768681081,0.031224851803943764,0.1713103560074144,-0.0033869976596699117,0.6898757156040103,0.5498765659669687,0.709572807824802,0.10645664563393785,0.3153942704297731,0.8613748590974805,2
0.6447835884699775,0.21267310948697513,1.0175915747168678,0.33994370827248166,0.8477220200571156,0.3791586504664266,0.1585402440041363,0.5696712369555794,0.38315890009743003,0.316718023583763,0
0.5549271314656827,0.2117319967316317,0.4149613413631591,0.6422422226860843,0.6247165588641402,0.5773701104594992,0.6761552032138122,0.2124504203861427,0.8209874088836356,0.34920246555784606,0
0.6977548704424181,0.9010232380134305,0.017730831705103017,0.9904331253366473,0.8675326092692152,0.495550827830521,0.15663559932087273,0.702602572893779,0.33887102024734755,0.09072290252838697,1
0.3689257080987224,0.3331665019107411,0.7822227481925863,0.5632283043162877,0.7062756778876135,0.3792295977792134,0.29777528535265624,0.696312931212876,0.6921925679020735,0.8876186609717814,0
0.21693372139698158,0.8282044962941189,0.620763816965055,0.8817006943161118,0.17201963264241926,0.015378651007480575,0.8266112184914215,0.14526199502069753,0.09686969622846622,0.960513826589136,2
0.20196741821618996,0.8626862275594186,0.8329271096587304,0.7623714023868255,0.523165087724291,0.24733016153865978,0.645269398869939,0.5482116114606315,0.20694187476259035,0.8599483225123568,0
0.8749148313286336,0.9656474359983124,0.8617671394052019,0.8744799641526602,0.592033365881969,0.9842666436886076,0.1450334378666106,0.5797685670508421,0.7434086133079676,0.4466185767702124,3
0.8046704365946425,0.7329933577584544,0.2477377435874031,0.34358419604464085,0.9222803738397027,0.8028398119703477,0.25069607058829274,0.9586512103599215,0.7866775573584882,0.3140454952430402,1
0.5982428612870778,0.2893775536209983,0.3776396432656184,0.7309652782946403,0.5084590888453241,0.5493135125923782,0.4799970791339637,0.000646428944941102,0.7719749249074361,0.41964587846236,0
0.10210655269845534,0.755942805532316,0.8790241835517066,0.51491164719268,0.4307415376328995,0.41619932070284466,0.711087891412837,0.7507516898881721,0.15555004024909697,0.927778060644052,0
0.823430624928031,0.3187620487312702,0.7436705067583143,0.04259897763284024,0.44566140379862773,0.37321952222062116,0.6300884086943762,0.8371762558788846,1.0469667297058036,0.43526091928060573,0
0.10126544526535936,0.5125082173003617,0.48872728475323673,-0.13728716574737732,0.3366783744969997,-0.004010017498005031,0.5477843990122266,0.5069652898199464,0.9299566133474487,0.3520756719253089,1
0.6900031775796103,0.8812367760648278,0.04591505082810063,0.9799463862000201,0.8971948221283119,0.49867520280927136,0.14670941368774384,0.7127640644025417,0.3394209991360648,0.09567984808522646,1
0.2427983998240011,1.5283797808986468,1.1087198002389216,0.4357787371804294,0.966118466379325,0.47074915010036733,-0.6674854698547036,0.1400187773937016,0.39587891484719884,1.161260615181446,3
0.737046529927189,0.43599052463462484,0.9094660169637925,0.6080837366303994,0.03725334504550595,0.40669639006892544,-0.10794973415779623,0.2586550668514308,0.5161032841483858,0.1139830033904593,3
0.2615071607333334,0.5932134523460969,0.9354277377617461,0.028130602340265955,0.4148966726376903,0.6761810769670452,0.15093392241282566,0.41186316411271223,0.12459876945263307,0.8174922217728479,2
0.6830825066340708,0.8844574466662904,0.03728487724163728,0.9748500104176339,0.8886814502430233,0.5021592561208993,0.15533677345611252,0.7035828929150669,0.34725183675216575,0.10238808778539654,1
0.23101748160978505,0.9966685230714081,0.2661310941296593,1.1100921636601533,0.20162638003466812,0.9900412595280556,-0.08641042793038334,0.44596241593471087,1.1442394669045262,0.6871848508880128,3
-0.16169830321141448,0.8466127916793906,0.40533638751514345,0.44300968457120854,0.33400119757538893,0.559009270681228,0.5957084246672546,-0.13625597653603078,-0.2981642147099661,0.6994784907166562,1
0.814923861608202,1.0857796479777417,0.2624031246835098,0.6469922085755018,0.4384306427289467,0.34109436457691406,-0.12200304757086455,0.4597829271974826,-0.01038453263676492,-0.03970443158703571,1
0.49822946908560206,0.5092969424119173,0.42816276380509966,1.493035483527268,0.17890198313028605,0.4301103358747218,0.5644783529504535,1.2259762033686066,1.4754013564156523,0.5283391590971034,3
0.9338392126624743,0.036100064099245224,0.5930850903925997,0.46851918549533,0.5953981019746362,0.1633269413185526,0.5306210817754373,0.9014390922158734,0.2925252385289956,0.09165940000851928,3
0.08845267365834253,0.8797049849550563,0.8278222601191901,0.545703220603226,0.3234054088931646,0.5128668970261749,0.700012755858775,0.7309248209799086,0.22455498726899104,0.7983251003159619,0
0.8567959036301618,0.7245944922114618,0.26988135109861555,0.2594272008824087,0.8704027575768184,0.7550977284561156,0.3343204652640404,0.9823113419835522,0.7652255633215864,0.3570661405960029,1
0.12417621591708493,0.7475503911310786,0.8592442312984653,0.4609964574210713,0.4746548479720702,0.3678177091003791,0.7132427267240481,0.8358124957117156,0.19804674487735124,0.9127728592392459,0
0.7492381529900649,0.6934535870464072,0.2611757356957489,0.3229808887465944,0.9570910735305002,0.7472473754849734,0.2893607773790545,0.9080533848688203,0.8365255998772427,0.2543445554890813,1
-0.5706202861374962,0.9739134531404281,-0.1283846021436702,0.3971943100150842,0.7612577703805032,0.42550075382975505,1.3113594772044381,0.39391007016933954,-0.5145710084383218,0.8614611209456263,0
0.8364974085133541,1.0084987982479887,0.8288151473898486,0.9296068106884018,0.6661876565682433,1.0332017700461806,0.22129896613466354,0.5640205655152103,0.6524472793234553,0.5592530679166126,3
0.6518610106402514,0.8560775570461,0.6644579310343482,0.21527043148657182,0.30590257624510986,0.7040661206021415,0.5917761633812425,0.33225785727252466,0.9659268091127637,0.9985516882143665,1
1.153876994850153,0.0974123276840827,1.0119345455703646,0.3710349655627029,0.46929544996106276,0.13805308470481326,0.9505194777188717,1.1401101248496062,0.8755596306718237,0.636199563079275,0
0.2192781897487714,1.228688383499105,0.4550632970144596,0.18703778143284125,0.3132032180270626,0.027795461492256535,1.1257729522669115,0.36759455882216274,0.8178236666604631,0.450475933148377,1
0.2067111513398195,0.4038549275459007,0.3308130075306624,0.4290818212212566,0.7428562436983004,0.8708510208152493,0.16213549790578752,0.25341907507106815,0.0974666658812976,0.3165373849996137,1
0.5920808214889841,0.20646748248976557,0.7674010435567652,0.5027671379083642,0.08179830295498636,0.811880151900702,0.6477527769231504,0.6067467768353101,0.5697921493846733,0.8751670705205863,1
0.1488536635365596,0.2754133253699236,0.2539893638750777,0.3254533002719341,0.7083134810581792,0.977583316329389,0.22728360202764475,0.20986161307786616,0.19079099272183056,0.31504451352232526,1
0.28328283228994894,0.09831445756472008,0.46975203055173104,0.2977624145771092,0.5644395862570124,0.28469063280593765,0.758241659587043,0.3369258397663242,0.3806469784912641,0.768897665601451,0
0.7848088063307926,0.8559429027164032,0.34608178130059775,0.2385586775928501,0.876597778775644,0.7888277153388147,0.3169723905297849,1.0196812996560645,0.6693414270909256,0.3716470532781346,1
0.6383096177140427,0.00826879668640023,0.07028708299884234,-0.051760517551131785,0.685287150493412,0.4990144294196823,0.5832346805396352,0.14673300672544626,0.3486872447272885,0.9501312565649305,2
0.4382347995179527,0.6869560308960846,-0.15632944705070465,-0.04656703516169308,1.1410643228243091,1.1894840768434267,0.6281009505691518,-0.13077071408743712,1.2852927110870231,1.2943239460009122,0
0.05642880445537404,0.47686294976480115,0.23289446607490982,0.5369532026996781,0.6764984154073432,0.7038486214913359,0.024257648170433688,0.32842960328453746,-0.12492569859811842,0.39045907115391043,1
0.763724793302638,0.36632983985413725,0.8922152078790632,0.7313530117135776,0.11839785389670554,0.27300725616436605,-0.008133947653845572,0.2084375769422668,0.6422336384539616,0.10385638980827694,3
0.693988313084102,0.25502804155839487,0.5137819437449525,0.21633069842957087,0.4426184112609509,0.004450767677423861,0.9582891573970043,0.738596232796567,0.6816925801024892,0.2244128138516798,1
0.23089492704579195,0.778060451367039,0.919746723234578,0.4049146660557897,0.2829445188269312,0.3072512836298059,0.7526175023653219,0.6732056178413937,0.06816558693942039,0.7729008204711472,0
-0.3340151949709256,0.33806505544003157,0.5781832928347707,-0.047149922792794174,0.473242107513398,1.24033315186154,-0.19255798302084554,-0.04053599780878664,-0.13873129558648484,0.4240786165162228,1
0.7154973528830788,0.3812274856837016,0.1575716755214468,0.5054533434934783,0.23759700761978328,0.45188018099274785,0.35746044570153485,0.23195321237021424,0.7358067387362206,0.7279857261401075,2
0.21313303623356608,0.4229180774430691,0.23611550007242826,0.34599281255304,0.6790116431170395,0.7476549001369986,0.23092926873187375,0.1746805850742547,0.07991346713622023,0.4061691735349906,1
0.9696658233993473,0.8156823431782543,0.12875391158526545,0.9595975526750938,0.8536320384595575,0.0489551235695631,0.08114968390897448,0.39495067498546066,0.2651921896503878,0.22235789553415705,1
0.7723649681141826,0.3715756798340604,0.895035720691938,0.7383500257694292,0.11779502239694521,0.27752427496570176,0.000977494126959755,0.21774923175810712,0.6403978238573064,0.10328700076196387,3
0.276456412351614,0.4290407847552369,0.5851475158964624,0.918867910161939,0.608823615764054,0.4972274797134542,0.5796112916206232,0.20004496664832458,0.23481096654017117,0.20797236894091056,2
0.45611641737907777,0.6826541189918905,0.44328044413856743,0.40254263622128306,0.39972136601878255,0.8717558688159548,0.019617502931486664,0.30398412425821164,0.19042209436131402,0.643258506533311,1
-0.3714860708141532,0.7621318403690909,0.2343868714911995,0.6504975633845481,-0.04149717460842056,-0.032630857089065934,1.530744538527558,-0.2514485208149889,-0.03716765176060721,1.6169488305493909,1
0.6889263658441008,0.88232224604094,0.04509281311662321,0.9727487252270717,0.8840645004688735,0.5062619435978625,0.14513900951604633,0.7040427181380042,0.3554337031998716,0.09949428145352046,1
0.41489353293119563,0.4528966819950978,0.9128345771118608,0.5006947762092384,0.8869195046331458,0.7189752528182988,0.14121381343691414,0.4425316379522104,0.34913465005632777,0.02288974024735629,3
0.7751025354608124,0.3980959585232641,0.9139637350114583,0.7562333175558686,0.11145090494818558,0.2954255053355845,-0.011135185544725671,0.23379741614604704,0.6543930877239809,0.10022400246837695,3
0.8837165158276306,0.6810701177668415,0.04794112875532385,0.8097101678757443,0.18334296090593466,0.2926717421411082,0.09465349088278767,0.9306612799161164,0.8366936157577688,0.6463237015922007,3
0.48327021500231754,0.48377707152800725,1.015962344042852,-0.06800195826869937,0.7865664482106541,0.3137740502935378,0.9335433951959021,0.5082655448280373,1.0532628853890726,0.447570308124252,0
0.4170614526681722,0.08838500776442053,0.7123266673152212,0.3120208982065974,0.16856643981322833,0.8751309131855702,0.7744318077951953,0.5847326351936403,0.42334371826125033,0.9009232311776011,1
-0.02671860735176379,1.6103273518912622,1.1775866537649697,2.105463890575037,0.6501868253348921,0.5730655553511654,-0.742050344698828,2.0145419003957463,-0.20348696306196457,1.12985468943891,3
0.6858242431674098,0.2387973109105563,0.9841082123093001,0.38343467802645914,0.8112006161687468,0.4420790372481937,0.1298880694362533,0.6011271403622696,0.34186965715714906,0.2899304998255182,0
0.2352209196529469,0.7725734401751978,0.4303423313242884,0.9227223892359632,0.26848673257714917,1.0065332834936562,0.08097438243582158,0.6914732675622466,0.9450584282932529,0.5931557797419001,3
0.15292926294148648,0.39934533418006235,0.21035765070623763,0.7789656089821791,0.5236900168396244,0.9252132603665199,0.8755638708652475,0.3722766727545729,0.7041483305806112,0.30848611798528114,3
0.29672384138453245,0.7032265299416951,0.3696763063545598,0.9174405306689928,0.22100929365965338,1.04893739422735,0.021937973013421375,0.7093067374015402,0.9531185552180425,0.6151746975317451,3
0.25500881473057263,0.808339045120184,0.32988969003748925,0.8394467038848976,0.3254056033502668,0.8485021534010573,-0.014673108202544125,0.9042613440496536,0.8120198618517678,0.5532673631272442,3
0.4263468315394086,0.32312412998157586,0.9146983436529508,0.500702330891445,0.6353049167834992,0.49921166861453425,0.3718242202876208,0.6731413455172359,0.8047640982165359,0.9780752542110204,0
0.37505306353178713,0.57040378325361,-0.1882587930976108,0.9942385462603763,0.2404199797145944,0.36300671350412,0.7185128185268889,0.3807570377965454,0.685272523628508,0.3273488659645464,0
0.3108160178437994,1.082995592484982,0.8393809238016346,0.8163126578721045,0.587902389644571,-0.09835769873603203,1.0772542509905687,0.44626161319145285,0.04779373010140142,0.4786890552530878,0
0.6806330441739783,0.8815350314836469,0.03457576959621884,0.9759750237222719,0.8925430002365585,0.48963680475124693,0.16987863556378807,0.7114721607337591,0.33396864445170865,0.11427960262416492,1
0.4839966535095881,0.9989623507860692,1.1560492408569887,0.24094279585191886,0.0916470019643577,0.9788972177755716,0.18520828838395667,0.610322790795902,0.7949322713068684,0.4202140640565437,0
0.8117888916060483,0.5148366430331939,0.6229000075336182,0.786090711602523,0.516230867359601,0.6973148185599635,0.5489567218999278,0.3158851947463386,0.9832807220669786,0.8265521782063814,0
0.6829690468116578,0.93211669390484,0.17721514928943055,0.535653960066157,0.5681749881433794,0.3725889981719168,0.7720216792017012,0.5443647175872142,0.07567681891830302,0.6160747752781581,0
0.5692561128362829,0.9542203236628074,0.6310583643139027,0.7667499859920688,0.2977338956198481,1.141603484562768,0.40809826978603386,0.4387060756185329,0.4876513382176053,0.1839149850521396,3
0.7527315304783991,0.030957451243076112,0.19258235229928228,0.6684260165386433,0.4036071033142295,0.28898531765014895,0.70452269653609,0.013070420777703609,0.5012364838127954,-0.1151872670530587,1
0.2960396052241211,0.7007978526119678,0.40944193343588287,0.30534820369454435,0.4210090618548571,0.7316044926307682,0.0016082582803948003,0.06526083709156563,0.1073647231799669,0.763985000370104,1
0.733263309376283,0.13835666553565548,0.8614428964838737,0.3874191722603959,0.7749847879996252,0.44928607380756846,0.12556972384685425,0.5488871847466517,0.29294427392853933,0.20984279498107425,0
0.5124774330558448,0.20408715165819005,0.6181149583749804,-0.26744632628285014,1.1876882992856277,0.6995727587135735,0.652085138185103,-0.19894039128261398,0.6916521423188533,0.6527072616919383,2
0.7689537132037654,0.3535448540523885,0.13296503121756031,0.7037264161189488,0.3310164955813315,0.45103782085817756,0.8899926393954116,-0.11173833561691135,0.48555637205746155,0.29964552535823663,1
0.7090455869582326,0.3137085154771931,0.03453398191711849,0.5605392080424793,0.3244533520668821,0.5430322111167438,0.49948557569414265,0.15739468633525822,0.5380195274460009,0.8941370693398991,2
0.6175403655089067,0.8200525141824738,0.14719514606427364,0.4739437435368542,0.5992467469970103,0.32590566841337626,0.7143991323949425,0.34666300372156766,-0.05616903538771409,0.6578497522143868,0
1.0390184884085483,0.27505100839101215,0.8107277184083205,0.3376257975021385,0.47581984897896024,0.5377142383163751,0.47033871729491133,1.0986903631532545,1.2146678217243114,0.6568831592245259,0
0.37200481641001276,0.3978216996102135,0.9491574197824493,0.47977609777906377,0.9322895742725306,0.7394815518394988,0.17324793056042845,0.3990161894180163,0.3314098967294638,0.028609209928646073,3
0.2695264584381587,0.6993761695037577,0.8546231335449019,0.5948545346229073,0.2902623525178457,0.6395606267482461,0.5223405172864417,0.6846485677635016,-0.03126903265024636,0.9391332405459338,0
0.6443327327346912,0.24439414877521992,0.5259407752280201,1.0437659788210913,0.8086270202070553,0.9789859743532949,0.7751658938241142,0.8522849119595666,0.7900554756857208,0.27090994284234576,3
0.13980204071786279,0.8146819208951965,0.8209486612883832,-0.6261263217271118,0.2306772571178104,0.3220841169825632,0.8999127271059131,0.1579287427884154,0.6317199116795544,0.45739746467261977,1
0.5996069595442605,0.8563022155925077,0.19727686427892369,0.48636056520351634,0.4922650739394714,0.3032857768321466,0.7074595096480506,0.5050803401243151,0.011169700989237967,0.629552928449624,0
1.3783586201568834,-0.09369172446823207,-0.5023023720979235,0.3398959979841844,0.8900808992273753,1.3079897517602403,1.537385640460316,0.26916350161378844,0.12140848921782404,0.7544821926554544,2
0.6467651046946379,0.20922164437111143,0.9838338626392364,0.32216976560560145,0.8395306426260176,0.4178321273129662,0.1887762815902221,0.6809911004433602,0.3802031282039253,0.2158807287194773,0
0.5748561568100411,0.9168656864081539,0.17041503299375121,0.5543168766025091,0.5963419492611717,0.27599948122226425,0.6486238901944715,0.4590699147702563,0.05915397434270909,0.5691703696632766,0
0.3238616572953956,0.2254200139312913,0.5306698807096986,0.27398280269547204,0.63837306518512,0.23028615959500287,0.6115260487747866,0.3860987724378517,0.23333733161676878,0.7434860172618546,0
0.757163532938349,0.3497419526900177,0.8962600163236968,0.7751839729879345,0.16268223087407208,0.23417268919607415,-0.07178013399263544,0.20629215487455815,0.6963386765193503,0.1710938100925917,3
0.39601720706194365,0.23494118651676746,0.2619905408411557,0.5010771307998317,0.7966593678943988,0.10498788191993669,0.5050772924707035,0.3967688094698415,0.1255357962077439,0.7362627260008148,0
-0.02026153947449716,0.027115141477238383,0.3174098768579061,0.052952971527068286,0.7737727189814767,0.5198426470774324,0.35973598636591786,0.09304165277842008,0.7823193168235864,0.7218969115926204,1
0.41241129770998175,0.9238594189162099,0.26823484743251147,0.274737872275736,0.20322214589226392,0.6248564888839899,-0.014526601932189222,0.0785030233331886,0.30506808915901373,0.8550462470625042,1
0.24912760800695566,0.4370695992391925,1.0051497276938917,0.40298320628710993,0.8118178449143849,0.762888357172043,0.25169542751937524,0.46746655337241394,0.3417397733262566,0.2783357579052285,2
0.8637328477582209,0.9787066669919446,0.08353634685020943,0.48186036274965205,0.07684490779142411,0.31930553181530036,0.8840805650310871,0.4561285161961589,0.977625280930347,0.21123898253119128,0
0.519393991100435,0.5369362305601507,0.47206927571494695,-0.19049208649834198,0.5064623722468474,0.08569769143137829,0.3596050865009469,0.6034617975248782,0.5426350768478194,0.24794461188719535,0
0.36288864795682296,0.7783702158198553,0.20849777087113538,0.7356070201876509,0.07956569922426883,0.19699747777615897,0.8798661688267595,0.27498275697599467,0.39554442809550133,0.9393321342517535,1
0.5609780655420652,0.0084104361107461,0.8547473005525077,0.33547788534433287,0.01427538755697419,0.5987625762129234,0.8127229243137393,0.6298207212125726,0.610802839652125,1.0197592080761444,1
0.19576491652862152,0.4594664254358808,0.20300285089719675,0.7554996010251008,0.5130865933241506,0.954217802088988,0.8755849918054874,0.38630124016206363,0.6476780022201357,0.31117128435041075,3
0.8171686198439448,0.7491786769855608,0.25379020460692997,0.31179768067164476,0.9016814522206764,0.7855022173243871,0.2721251608280449,0.9647933710324013,0.780554744764912,0.3131056707522378,1
0.2528520640870079,0.7234840006858884,0.8466870657526018,0.7127909646878818,0.5026329864631629,0.061726628274717574,0.8146368435130581,0.3902829657416751,0.40865242784631123,0.7674193290301019,0
0.602936019422418,0.42299032758174593,0.5327963543482146,0.9085153905981168,0.4274609821768276,0.7403487798551787,0.4804974731387879,0.16270858546409073,0.5789003281132624,0.29804530294296394,0
0.6902684098420361,0.8897314727255428,0.041494949191137526,0.9735941315604241,0.8857714105678341,0.5063140983397143,0.14871957159356763,0.7075954748843878,0.3498343877040907,0.09437955523659032,1
0.6104640015912645,0.6526521239280537,0.5567178254243952,1.1356528073211596,-0.008065698285977363,0.49603154161239504,0.382023279595841,0.7370504015668906,0.7840272690406485,1.0825481007062132,1
0.11853945323277176,0.200153610921607,1.0217806992178342,0.4178730521649992,0.6954184487088347,0.46122910770911296,0.5291972849852289,0.5659667521627287,0.7707621812522422,0.8421633591186529,0
0.6557125386652708,0.13800372741429306,0.8964595500780903,0.287902590161339,0.7388436304016093,0.43488999097716846,0.1795671670444059,0.5063377914897559,0.38628663378706224,0.21368793170594189,0
0.38762042855254114,0.37063583409047995,1.3670845865215413,0.40773312764282865,0.5841675351736032,-0.06625719800409158,1.1197130867857408,1.0188945850269593,0.1057992114127753,1.3087449370205593,0
0.3021473518900218,0.21860800517415196,0.7926711625169547,0.5880670537302489,0.7550653732035469,0.3750122985420835,0.35709401299264976,0.7178155270251821,0.7167000944586214,0.9740811444324784,0
-0.05641649301296159,0.8145623465883173,1.0149294469170593,0.40193434490846963,0.3219952397911001,0.46982967337107806,0.6330172214286129,0.9248661240577154,0.17179993558144505,1.0137838864684101,0
0.26889196962032075,0.5294032391584428,0.814819984753787,0.15672055673255386,0.7911369128551683,0.8283386658746281,0.5050777317515192,0.68278285164975,0.2335438716102783,0.45499214429077195,2
0.6925451881220844,0.891012583008291,0.04546399684023797,0.964785959488945,0.8953177772304483,0.5064665188460967,0.14737476640487102,0.6985305253314614,0.3571493773749274,0.10134378532812507,1
0.31192081980392466,0.40693937995130075,1.055847280215239,0.48087361154355157,0.6423866762846088,0.8704714731264444,0.4342206957160753,0.41363657943082854,0.34282882678750254,0.10532282964044447,2
0.3802985248445735,0.40467330337341767,0.9381745840507092,0.47012498451828266,0.9356760032725155,0.7306327591714419,0.16791461278782283,0.39904491539353437,0.33339046975850756,0.029467703789183945,3
0.6505598038971531,-0.14233993266787948,0.06304863519788037,0.5152155980794494,1.226736891711799,0.4025982712481361,0.9346590478488999,0.7356034592806333,1.1373227367256806,0.1951563847235427,0
0.5860925863361689,0.25816961081456236,1.1959432214613837,0.9069171995638334,-0.025238560716761033,0.40005139866178646,1.09120051892132,0.5832944750937442,0.33595221172889045,0.6768547854349746,1
0.6305363307522731,0.2513178565029655,0.7953165711448815,0.9113200683988376,0.783590667153344,0.8458071144889063,0.6755310573593112,0.759139867667569,0.9275449606095724,-0.1137430145662535,3
0.906281257357974,0.6083981016306942,0.7499466843991506,0.918962610549526,0.5827724798579313,0.7885657529433658,0.07809247471331962,0.8310727507826511,0.7050233990102139,0.20813141228523013,3
0.2304543173743533,0.5460733543672259,1.1141777638917925,0.4316218590055695,0.8794320544947292,0.8131724561904072,0.3771866869219388,0.5903469356288634,0.4786693308606397,0.12160055620947297,2
0.6520635812689551,1.021595870446749,0.042049888133090185,0.5496699568250165,0.09402688097803501,0.03553171034750818,1.1638845485938194,0.2456004844537522,0.9583764438698678,0.43063624270914774,0
0.3022850388839209,1.0839040483834004,0.16869675691696262,0.8982417031217664,0.622757177114436,0.27401414486547027,-0.44098834308120854,1.0501286808102201,1.0458692435281804,0.7931310780914306,0
0.7406142470230456,0.7932905566315298,0.24205325493525032,0.35073993168139506,0.855811359630602,0.7208577872739987,0.23360883376292182,0.9614366626658617,0.7206612828417159,0.3485365668222367,1
0.6868130254457007,0.24261430188131505,0.9739272094066307,0.40475400873699546,0.8179685318112675,0.4414598518640377,0.14878846519976396,0.5712053408236042,0.36902545869564124,0.29748056256806854,0
0.7570556470947452,0.8425456258867214,0.08011618214444592,0.6585942145079234,0.8753785698123884,0.39936950512504743,0.1258092076246325,0.7241777574144541,0.8934509792035226,0.42544332377937955,2
0.3209602014972169,-0.359688247341316,0.21139366036323073,0.22774343031911481,1.1807360728161795,0.5068921475694614,0.6705619779579859,0.04875939986659783,0.37809848525019024,0.6740258232747584,2
0.24287905060829534,0.8274606355662003,0.2983092647715593,1.2520093844756572,0.6538497219054191,0.8303163955020096,-0.045221753585757196,0.436310731260229,0.7784007920050255,0.31472526015504454,3
0.6076716949711004,0.8102078667267149,0.15966520025281478,0.5659740182788141,0.5096288721986391,0.2645820094742506,0.7236337105528349,0.380948864151177,-0.008276032604058639,0.6043188411694844,0
0.08630056688081306,0.8393968589970014,0.9917248981833376,-0.03614107605675407,0.1703426772099867,1.0815408798843889,0.09229478848217892,0.5462458292440006,0.755831659969069,0.6629417269829644,0
0.2625332378785061,0.9108906776318384,0.30510890825769665,0.8777183900442819,-0.03830808479982277,0.5266406779304184,0.6690870605811986,0.1417883829611011,0.6593722006299697,0.21957373920465365,0
0.7755279806532251,0.43489286563218277,0.8528294165186976,0.8433779828159502,0.12324935932601686,0.7852157103055709,1.1160419270736006,0.33738580781711425,0.4240986603374485,0.6559407453500303,1
0.9660088658410635,0.9807809532426346,0.947685863494908,0.8887038404129672,0.6943932759094336,1.0871277173118135,0.18006934700129335,0.4618936891111406,0.6867021257354703,0.40801380914862173,3
0.310558005073474,0.5456766275277469,1.1442879149632508,0.4068274091080253,0.6238305259812886,0.5331791984453833,0.523571927907946,0.5624668117270469,0.03482363937700747,1.056138322407613,0
0.15065934413498483,0.9003473871952762,1.0820312589631516,0.47635872072741586,0.046221321251822545,0.9303153547176586,1.0344755567138515,0.3320205555112658,0.601375040595591,0.07624215511629166,3
0.6680700346416832,0.27324496770947965,0.9942435290044866,0.3764137068232741,0.7755543009012514,0.4463375132337472,0.15122005773254632,0.6249633225642321,0.35839588814674306,0.2715695837712765,0
0.3499402856288741,0.7858802537547148,0.09239391188322628,0.7163373480787029,0.1189368824852503,0.3778740898669473,0.7846570621965112,0.3312986342177591,0.6154974895980215,0.8257589737937386,1
0.5871444875410924,0.7854402367099891,0.5906497100507856,0.2561125026814699,0.31539860860670044,0.7809013725799205,0.6367041927168812,0.32533943897671763,0.966405014431571,0.9305485722583257,1
0.7278397119113089,0.8155414186543989,0.21449461699012295,0.5630064128817474,0.48776300566489506,0.2474681471981034,0.7917831633483209,0.3965830830061373,0.14338379499378875,0.5794577745087255,0
0.6074328580503326,0.7864378365820615,0.3284509852365577,0.6212178428569104,0.6012214745957155,0.27672027660972065,0.5637567940527041,0.3016256766682286,0.04754376702619839,0.595013314972134,0
0.7945581138515124,0.33124447823364433,0.09027757171660915,0.5431718534692206,0.2326625035969461,0.482886640737802,0.46787360529205785,0.10899382239096964,0.7688073283341272,0.6549877476875678,2
0.5036641221634479,0.2514253296308243,0.2359358650460647,0.20936207772999327,0.635612171133005,0.6079602701351999,0.6828062942283069,-0.19203913026775754,0.4372157342302838,0.8125879826317731,2
0.4768251455720307,0.07456034901646674,0.8789088805193828,0.47964133082920646,-0.008971727980190192,0.8606257255409798,0.7366253525125345,0.5778642714829608,0.686030555516037,0.8048521605285096,1
0.2523897464099127,0.6007266043472758,0.3083982126683135,0.9629459151872417,0.10189635037508704,1.1695340132604983,0.18738884049656745,0.41611291746581724,1.2199641711663394,0.5759706384236645,3
0.6528284603703682,0.18708158262232655,0.9455983621580244,0.4672063792491213,0.8634828438594291,0.5348743078365438,0.09509017718844144,0.5915687729239101,0.40258066830762207,0.27309651787804357,0
0.13607205011497914,0.7079080618127945,0.9537753074691251,0.44845854843094857,0.35149809612803656,0.44425101477153645,0.6450193887483082,0.72410145324003,0.15201854916232543,0.9611962531404052,0
0.35593699390500677,0.8160204066431651,0.9307689577987966,0.1947022331132445,0.1942192139334316,0.9106156519254539,0.03550024320865899,0.7167074782619445,0.6681320665302933,0.6614228816382686,0
0.5319138260558404,0.2721804292566074,0.4718746023523735,0.654075259916093,0.5908680886880797,0.5576973540416515,0.6148570994918863,0.19339986798138847,0.8106481381948117,0.3949119729256413,0
0.8714209438969545,0.7363006452715355,0.05796900623968648,0.8110531606347673,0.2246791674673815,0.2522492373425689,0.13354940033990684,0.9367924773578162,0.8108354279310991,0.6426108531298759,3
-0.20594614375862078,0.9370771893476557,0.9766135296773077,0.587296879208314,0.25474161392118255,0.7037246722991859,0.5884295030163902,-0.052350284351415394,0.6858070363733475,0.3236837891005243,3
-0.4348202073779911,-0.057761712374565066,-0.013084180706383786,0.3936981046579555,-0.07136304597144916,1.2330853682622234,1.165658665816935,0.1489458774315183,0.7499249992391415,1.337990249276384,0
0.7198230241150559,0.2165556366381334,0.9547032734808407,0.3760873779472872,0.8148574180212915,0.4501393689177519,0.10328395496938295,0.5671095627707721,0.3613331564227667,0.2716111275030215,0
0.21979811297255525,0.29022757493273044,0.8880944253488374,0.48075093166974747,0.8425854535886677,0.7139824379203642,0.2609152792858439,0.49856097740834715,0.3782667139298444,0.33610714355658106,2
0.6438656047981703,0.2940293387350857,-0.20518261621423806,0.8282734629122834,0.21955953753702281,0.04551101245796538,1.0014113997558562,-0.14293183735571474,0.6257902322619809,0.13419247542693574,3
0.2595311745465351,0.6694267993266632,0.6658510472382001,0.7068623463401501,0.577999472185368,0.6033531791633677,0.670280889864231,0.7294778734253081,0.3690013317185076,0.8442475202386883,0
0.04565087558013935,0.7446534970593119,0.7593939673882864,0.631919736382728,0.5223019054628459,0.4444085780365887,0.5960399258222128,0.9118367438111645,0.03960849304489175,0.7993861471785922,0
0.3792882221334819,0.4727705616936599,0.6061844040996472,0.6265020925934154,0.8615130029033065,-0.5514704571452919,-0.3316610015427369,0.6564516705714958,0.10512195627558202,0.716870401402587,3
0.2344278296576526,0.39849683528352425,0.9312805656027576,0.40173574913636073,0.7086432196298602,0.7572899590777292,0.3997520580350511,0.46760313992009517,0.276760735669348,0.14945263387773036,2
-0.10416961182781365,0.5523457479975523,0.5810049409394913,0.271640303473181,0.8216709430731578,0.6657916941051418,0.3245055203344939,0.08335527361820858,0.35932400522591995,0.26740677382771344,1
0.0908463739469888,-0.2909250837387387,0.13499990053713418,0.019774444210276566,0.5177155155744453,0.2711305511952404,0.39927264754446096,0.18672623980716074,0.6590665846814119,0.42804783039817523,1
0.13456029514074988,0.614611195619442,0.4882164478460085,0.6562622680117526,0.6950286147194781,-0.021329941893488268,1.010213178299601,0.3869142236390741,0.8836929400371775,0.8569587905497223,3
0.7477888130106936,0.8601710313788239,0.05951589876913228,0.6429360601917543,0.8708821787501743,0.40579188582911047,0.12825522111759738,0.7122989378133645,0.8827596844117546,0.43377718883904215,2
0.2634515872763397,0.31281649612371987,0.9617471924393611,0.46779438068910295,0.8402442845659458,0.8225016259381202,0.41020621289427,0.4280906023361824,0.29244881292568725,0.11632503578504189,2
0.9831801559850607,0.5762634070196273,0.8849017543640382,0.21365727517926908,0.3976452047469142,0.38911370870755624,0.5286087122268383,0.74739271056917,1.0132986676903262,0.21745698745506573,0
0.9593934748673254,0.7345223662620509,0.05067334937240579,0.8776216939668434,0.11208692699447266,0.2231428492882721,0.011776827015191532,1.0010325081022489,0.8885738702849534,0.6364028006072316,3
0.2524511637886405,0.5794615342177736,0.9440842795215265,0.028541298801137135,0.4196652630530757,0.681828426991198,0.13992602508139657,0.4053628263176548,0.1191791824417875,0.8178611822047097,2
-0.34273610307565255,0.6441343291880229,0.07525015673252367,0.8161230247863557,0.9367610155225253,-0.23926147983014878,1.1813015997860177,0.8238939541412535,0.8170254643699408,0.5130356252844974,3
0.6645948081867925,0.2605648877566935,0.9155044160185428,0.4458374054590744,0.7160992364219454,0.3644415553996664,0.20723637081931687,0.5088769387465726,0.2958439440055793,0.349085634771078,0
0.1607152330843366,0.4443974823371875,0.06998368000149077,0.6163716800415304,0.814987023129057,0.921638570593143,0.2132261028177005,0.3187279186989205,0.09453649074092146,0.4385772218210323,1
0.6828901649371173,0.8842540347044111,0.03793227553428749,0.9752234706189006,0.8882365600893994,0.5016486191911347,0.15520104748109548,0.7034522814407529,0.346984816628717,0.10289727571576254,1
0.5808438580060371,0.17210886940780526,0.25601159997717476,0.5561439401703654,0.8027668978890942,0.3824825437991475,0.6734206744758304,1.3007734572700174,0.8650883812401603,-0.2758634165766083,3
0.7328280673031734,0.07575901029250183,0.413008182252414,0.7785389615649477,0.8305120482231204,0.7338931086422268,-0.027337849132117745,0.08393068746097641,0.24968740712474174,0.1617749206974462,0
0.9549455029704468,0.9495509746355046,0.21632330080479711,0.06533764543251974,-0.1662756093469114,0.22561368394250872,0.6453046096256666,0.16433119318480138,0.3849466574576306,1.372224048670244,2
0.3332920497242083,0.23834998566483423,0.13141882350203882,0.6558196285662106,0.6604235823634409,0.6080996071197172,0.005481322213259032,0.48859818894607243,0.2276436119524045,0.2754402043898533,1
0.5563872651881545,0.3369581345521893,0.4327547715648313,0.7104422796275804,0.5977458360142455,0.5354697705513008,0.6304151086270061,0.11448727645922688,0.8180354072001856,0.40376501871098963,0
0.19329002458383673,0.06260166845760404,1.155049171859737,0.32572160725774424,0.445006546641411,0.1850055953554238,1.0021811663347586,0.13047467859575113,0.30471682813844914,1.242219873953998,0
0.07222771723768671,0.6358544184385115,-0.006695744530210794,0.2285822937183967,0.837164265261369,0.7691759277258726,0.6474712798048533,0.40570013668843585,0.8323594647417053,0.9655256389935228,0
0.12667748108790605,0.11590810930034975,0.6384822834208693,0.17269085968105347,0.581246318183311,0.17737822489650348,0.656763457201229,0.2423367684922748,0.25895255497762426,0.9747307847382987,0
0.22604086794494888,0.48454400993771296,0.6653136283970574,0.20085936589474923,0.4598276476016258,0.2140451280613197,0.8423576600543431,0.7153134855106045,0.555948470371623,0.5707698161748638,0
0.1498502595629508,0.3871081162710116,0.22205113566659015,0.7851549452199352,0.5601864528086533,0.9433125626450374,0.9050448579935052,0.40945513783457693,0.6553781736231248,0.2918333094756911,3
0.6216422253691107,-0.21479934119114277,-0.046942412609468465,0.11602668442231284,0.7740836558060414,0.3092829309812709,0.2788592344552162,0.17728226666749117,0.25935976573195446,1.0304558414203682,2
0.6585862569979564,1.9419970015368762,0.5065848228511682,-0.4866365544064838,-0.22824915020367198,1.3057520254321746,1.7209921167068876,1.4430038016960465,-0.6594922662384076,-0.43502169068287067,1
0.09096144373518655,0.9549943635016472,0.92520661222587,0.883455328661895,0.5181054848126143,0.7018495001681265,0.8172130751139833,0.15549608821125843,0.4381961376475619,-0.10771332878589329,3
0.8651594003804762,0.9536757328656846,0.859079368615968,0.8641279781402038,0.5803760404977112,0.9753196310554149,0.14276411414111945,0.5897574010915757,0.7313637487329651,0.45725806923494816,3
0.6765102763917424,0.5732394292083214,0.04996071629693728,0.7940865761638742,0.3204526552403285,0.4708644062774486,0.27977925662714853,0.13838068826172953,0.5871616097635755,0.45102069979244364,2
0.6764121463150614,0.21135624753200175,0.2898015799789584,0.745790853109072,0.5802768940455865,0.3796309202332159,0.6864310427823647,0.09013780780469838,0.6053805078149473,0.16030615411904334,1
0.6823772117951145,0.8846453885970376,0.03792289741526653,0.9757258048730134,0.8888099626390726,0.5031017659101225,0.15565478574567237,0.7050450191236334,0.34685108569945666,0.10149145076047461,1
0.3515303248374272,0.8054411792962695,0.7774965546883674,0.6855682454075527,0.4516140596027892,0.1335057538242165,0.798956287625131,0.48725258308419145,0.3248493401592738,0.7037535565674431,0
0.565244607813865,0.010770685041802178,0.13189230291192236,-0.016580774343027325,0.7052878714493459,0.5606503477252922,0.6186957911763813,0.14160798614250378,0.3830987253961157,0.9617701690589523,2
0.34770933971822726,0.8780592139322425,0.9055403665994032,0.922420067533293,0.1536965681541883,0.024273080413971693,0.5987965215991995,0.03897603438940278,0.5204181020470513,0.9065507778580492,0
0.6113355348922143,0.12636860657458504,0.8643116240455444,0.4047132589410704,0.7477680706848266,0.44345269036616,0.11857956054617738,0.6480510103516114,0.3787593482324176,0.3727391337598467,0
0.3050571295962119,0.3245850257450403,0.8405884660983665,0.6191686252436113,0.6629255802416802,0.33645058177098525,0.3713353616644408,0.7301403458445,0.7022032543628052,0.8976472153225165,0
1.0249491534082633,0.6410661007569599,0.5606449753971032,0.19155940926229273,-0.7636857036249729,1.7820066779820278,-0.9987052596426986,0.19620257817327658,1.1429731214753533,0.3714590116627547,0
0.058001883190906406,-0.1890028449728764,0.7254160791820599,0.2646807158801855,0.8779590640343131,0.18824887009831895,0.6545137122959094,0.08249333201706022,0.018730928958603232,0.891238130775798,0
0.13269055494811888,0.4045475656523725,0.3211104648259734,0.7888436079523995,0.43259015552981755,0.9192418945957247,0.8383875469529193,0.35132220456100877,0.6527874365856098,0.3024240437938134,3
0.38355283339991136,0.3967144136399353,0.9420036676981619,0.4515352987395788,0.9453031359846533,0.7098035160681357,0.19258297739186236,0.4037471974484096,0.33537667645441416,0.0040798246233523724,3
0.9678929920918716,0.5224790238211866,0.7769065992241095,0.19166603429349435,-0.444580951807097,0.5263095864296446,0.35365712908424396,0.6803585372744291,0.04655098109663296,0.5336731432125748,2
1.0045295478533345,-0.2010261208731211,0.538145630247233,0.6971985564744072,1.0941475210811067,0.83345670759682,0.24612103579895622,0.9501949167037825,0.9203508132786888,0.36579999912274674,0
0.16262812098099905,0.9275665986946555,0.9911679370574322,-0.1291281650599388,0.2001505584006536,1.504969940558618,0.5477543114984857,0.8615668285387765,0.46057154201991907,0.40383177046684926,0
-0.03292272610457189,0.4916043790757843,0.5529847274366967,0.8831955430461101,-0.06014835645124672,0.9757777953722641,0.19798352919036893,0.5865098265203528,-0.838967026175451,0.6530109703094,1
0.683085078411112,0.8805032008506836,0.03870308917374599,0.9753823999840807,0.8870964633516482,0.5004174744317248,0.15278332863092342,0.7043630338279661,0.34407941108682466,0.10573003514938155,1
0.16266437484522162,-0.388543054571328,-0.23127883441514924,0.22909807391686843,0.8009100410750783,0.10691039479386427,0.9858577895747733,-0.11680601905825239,0.2541175030001522,1.0412462617595706,2
0.47813094137856643,0.3858905875440709,0.38325706520948044,0.6710242435127969,0.7204185611183319,0.597600633757324,0.6921454732050517,0.24249532103715576,0.839422795824368,0.4096345130414033,0
0.8010115878815803,0.7416971454299497,0.25957771983250333,0.3403067324273969,0.89847567470455,0.8043696229256996,0.2776262853527319,0.9550536016911724,0.779631557075939,0.29824149007656714,1
0.47443563828659074,0.05518269118271732,0.7818295172302363,0.7525953902534193,0.6759825644467676,0.5712584234107102,0.4297986995660383,0.3673328686429037,0.8333098241789902,1.1640535702751746,0
0.3736190666624888,0.30198992476581105,1.1148796180843532,0.33399577230282307,0.48222768056782084,0.5875573103625977,0.4673568017790419,0.43382119154040066,0.5087707358304518,0.06601156451967014,2
0.36210192540259467,0.7844625662106323,0.8036525986159089,0.6800748381140334,0.4537508273463562,0.15954745219299732,0.7683324372370373,0.4469936585407381,0.28527935759279127,0.7188872452800196,0
1.1384667474848915,-0.560643070585681,0.8951404411806746,0.2365564730783608,1.0356368845705983,0.7250906322363694,0.8436714508592922,0.9274117723657969,0.63460405684389,0.7974054033280462,0
0.7127188728429138,0.1298535235324752,0.46170974752781324,0.7909235475789836,0.8209633368267412,0.6880281112809676,0.033736890417997246,0.11515296208020197,0.16978277780956422,0.22447268266216122,0
0.37609667118893386,0.26528146606694814,0.8474420849843785,0.5935564511560908,0.6981888241207319,0.3585185319652274,0.28147361544709726,0.6723485457123523,0.721137676727468,1.010460760088288,0
0.8251288243590602,0.04081768988355331,0.47020681120933766,0.5862488990119351,0.750861708171139,0.34226688986353176,0.4845356702897224,0.7423813317742644,0.367921966279625,0.008443924665174192,3
0.4521232256598938,0.8232396467777969,-0.2532151888475365,0.5700965474761133,0.9997933211385261,0.8188918381987035,0.4995888208971961,0.7993047332478372,0.5991591059506665,1.0183570061600036,0
0.18656016562963273,0.27152736028598023,1.0948800463000579,0.4140392392525054,0.7962440014959115,0.6236851488421195,0.48334438598725127,0.5438346783208062,0.3516586689534122,0.3024529534930051,2
0.28984869522078727,0.7435902818050076,0.3686014246699704,0.8694629684597379,0.21511816374314585,1.045932467122357,0.051060487387258595,0.709801745151921,0.9032029772923964,0.6149727749011129,3
0.6089096931549172,0.3976555340221153,0.3584719906852765,0.696584872162202,0.6775256514408582,0.4703891231544975,0.7008668159813701,0.20062918360963955,0.7727148792372104,0.5102666691369832,0
0.29923354848061035,0.8802736981743411,0.8091470228368198,0.1265663615082428,0.252814526183996,0.8955095267935274,-0.021120715358582193,0.8319677054402995,0.5356918083660934,0.7776108705343574,0
0.2411235834266834,0.7721318960281089,0.41944294829598694,0.9449654704705229,0.2711820796509691,0.9822354799664943,0.08155541592492548,0.6886479160834547,0.9467692036234299,0.6043854445607378,3
0.6131464310484581,0.7277473902703675,0.5935961060543365,0.2712569077009462,0.35595442185368575,0.780862830708584,0.690616926479224,0.3394303274776464,0.9789009461450192,0.9066998577196878,1
0.8082832604511347,-0.0687863155853526,0.7200376133783659,0.7782551999063081,0.5206598648982207,0.26414728928658415,0.4596537660131128,0.9157920708575138,0.6069958683573686,-0.032508205627704886,3
0.5108296215832856,0.2011509827530929,0.3144208963947784,0.6014071427151957,0.5859146474553562,0.819185965214466,0.45726720551418826,0.023699810307384217,0.7315374646087719,0.43815617826438574,0
0.3918602330311061,-0.09946744959924642,0.2828880002648644,0.3585306327672633,0.843263932631023,0.2193639054672722,0.8765121358875777,0.1192135758250216,0.5305732836925668,0.09746902539854983,1
0.6192796726133674,0.7458120580916716,0.12497542097591997,0.7214899042804661,0.09956787130147972,0.26446361327953194,0.9177259869181702,0.35917853893733265,0.7697964563348898,0.4114077769769235,0
0.7535574178442526,0.27214341176968193,0.2176298691995857,0.6613565984376322,0.4264062642868739,0.36632752435010685,0.5124331143025597,-0.044750951029434355,0.9069822353151086,0.8323001621721473,2
-0.0052521482904443265,0.939328160520076,0.9197246998276671,0.664751318514403,0.35899686417863474,0.8334489773199025,0.8004972630132594,0.11539593761500772,0.40928648686146946,0.15480705425268704,3
0.5544852628943343,1.280297069661399,0.9814355940644259,-0.3153742986077972,0.12556443325372216,1.2322621582536661,0.2259916503567738,0.43454425214698045,0.2854958944248612,1.081931483927502,0
0.3459435081925428,0.6651585787030903,0.8912012235941698,0.08574476129428182,0.27366431267650676,1.0985812771018408,-0.0546234866867224,0.6724254366689895,0.5358673850328592,0.6055482068111473,0
0.42623088455245317,0.4257621932966967,0.6576151193850743,0.1342306856398455,0.6265138700461128,0.4354813792017799,0.6029545296580141,0.8290916798387961,0.6506311567292687,0.6551741354009468,1
0.8924420611996795,0.4425336137841436,0.2568763663911033,0.5272196146777853,0.6193186849749419,0.5184740456016815,0.6126382964964757,0.17792146193227504,0.6466195266987129,-0.059291517648098535,1
1.1144708201923057,-0.15084258633460362,0.6208526028345394,0.8944325092394749,0.9727919277419573,0.7393452971145782,0.28885857596767256,0.9614158656803565,0.9535207836458715,0.41049324062899595,0
0.14199580321834462,0.3683691488995813,0.1284890225138127,0.7881782746169237,0.4407659276652365,0.9726415008776789,0.859598451293235,0.4784045896456185,0.7498055875195417,0.22045023339872738,3
0.10207859828361426,0.15108001174202113,0.1871501938425265,0.5043506204880545,0.6047465592242596,0.7293542648734165,0.1767705580417152,-0.020361987261832137,0.36269278140442207,0.021852046616951393,1
0.26414793674645826,0.10642749105773448,0.4735903738089744,0.33743499512943625,0.593974401325837,0.350949698116163,0.7319168976845051,0.2692803815228007,0.33863790346964634,0.8368219310358932,0
0.5319152176020665,0.8185069007432009,0.6718298505450867,0.2380814260935653,-0.017200945876703372,0.30191365124780534,0.015878946416222922,0.794114112077455,0.26119194886332014,0.7708438537461146,2
-0.0915937049280589,0.5021450920869088,0.6620314689147339,0.7040403266640818,0.1616565639288306,0.6695275588204996,0.7782198775603149,0.3050878636284014,0.7573659099908285,1.1748904233328608,0
0.5451792097057253,1.0288355161056688,0.35189160898093136,0.5581434419277777,0.6744719965880457,0.1376199739833811,0.7539993340549014,0.49838270774418136,0.19468827925502963,0.5407347803160593,0
0.25791580802774605,0.5708578845250317,0.938703451232924,0.032398209871607436,0.4244434697939861,0.6826636534835795,0.13340210904446573,0.40968438453234596,0.12340619596383588,0.8122223350368726,2
0.808649710794391,0.8026485299690163,0.05135838851755229,0.6812611107422255,0.8682295219758994,0.417691486170805,0.12491470767684687,0.6775523131822351,0.8480715988493533,0.44517716932800394,2
0.30384170153628687,0.5146083925767078,0.4641726156145056,0.5612314763355631,0.765980506238056,0.7150320285687362,0.13797676564505956,0.27366232165523563,0.25040187898586397,0.41865010049455764,1
0.5530605658622247,0.8332812634776913,0.24090647446087757,0.26974476483302195,-0.2674063149815997,0.22206298967847296,0.36299841816386075,0.5389472357583093,0.8868769123759749,0.9068484586151646,1
0.6505980506183232,0.8363989367880236,0.06509993995225088,0.7329310921396386,0.1648657713179743,0.289738590759863,0.9678560365024517,0.23326833766131794,0.89141048023023,0.4322378144770942,0
0.5461197990381002,0.7562790654995701,-0.01298507826097281,0.5783690237391935,0.14717384527207233,0.4083326109909366,0.3564972846341543,0.7858510852204146,0.7123201552640918,0.47720106391763245,1
0.27113866983364665,0.43637650285525337,0.5925285618660383,0.9173261956245219,0.6135546050283419,0.490939998434321,0.5772744672192518,0.20194830985244144,0.23601060696374843,0.21098900559624406,2
0.4875861951062035,0.2689533240073616,0.34077791460334783,0.3524870350575644,0.5812337791291382,0.10593842775451254,0.9140585390769818,0.08669475948371497,0.5508964212644982,0.5678562714660961,0
0.5274556714896598,0.30451980018153796,0.355295153730888,0.6900817972278033,0.6151695292549024,0.524938999381698,0.6064877839032633,0.11315357778870629,0.8224957786665977,0.45230699596648943,0
0.2517076568916152,0.5647346320446787,0.6586689309608708,-0.13312765561565965,0.41991535888324594,0.34181098699912604,0.6685204500148475,0.6238218207770269,0.9746224897270158,0.525350959365529,1
0.2737338542172887,0.4293571150565284,0.5862065830092834,0.9170058738536598,0.6064422495358391,0.4983145210609442,0.5797789417455318,0.1988198295386555,0.2331652914389217,0.20880399491013893,2
0.6591730590026247,0.04324105397591363,0.5310763111417567,0.8767605900103304,0.728410897057954,0.7466254602034145,0.446700130158928,0.10760401131935454,0.3102839356117897,0.03717348498833803,1
0.27647631245609433,0.5735343405037007,0.9439986141444657,0.004039661424471999,0.39497106958255446,0.6858988808911726,0.18280864263651547,0.4292678008324495,0.1461686550033705,0.7959443348400852,2
0.13629111465543156,0.9280583148891918,0.7506136207361641,0.5995846637650697,0.4010985404818099,0.7288205996477282,0.8795495196640593,0.05372437381102086,0.4738138014373756,0.18372901939567357,3
0.04446860714446081,0.6056864959648389,0.0023563889408380664,0.2201912903535224,0.8613140827680665,0.7600983095117674,0.657851933108496,0.41266178612668974,0.8434898866067847,0.967383398019401,0
0.10873794059583046,0.29971632401975606,0.3387191726605242,0.5174462510513229,0.8567344104770797,0.8985641001960006,0.21086974946485687,0.35498841453116425,-0.02351819741880254,0.32212358032062527,1
-0.2894824879286495,0.8706293022706477,-0.2470516511289479,1.0663963671321386,1.0212567222355884,0.8944227516791766,-0.0026245431677960895,-0.22859034349749396,0.28799507728681917,0.7082781679825776,1
0.5882043432427708,-0.4614173245281589,0.608464099662069,0.5985003808458657,1.1316883234145934,0.30124928433390225,0.12964972559912835,0.5032034281530182,0.9245067240090075,0.27466632744310926,0
0.6402613556790206,0.2624754261552081,0.990961749038138,0.32475400891892753,0.7821870297285858,0.4947571064567757,0.06910404602341223,0.5796779424405357,0.3389298202621851,0.2650202122992099,0
0.7033905726433491,0.451659311663638,0.9482121383888266,0.6374894427036687,0.109922868438699,0.29744821935287874,-0.03018294912572117,0.29341798826302645,0.6879071430018214,0.12559619133927527,3
1.529641890144926,0.8919288945272025,0.09715958378276479,0.6177208655137642,1.131780900879406,-0.6368746422459912,1.0696002875928812,1.2765174628834783,0.6332132371352639,0.021714925469180357,0
0.3088349709719951,0.2700876075989413,0.82730687513554,0.539796718924486,0.7409187804249696,0.44651316520684187,0.3283367863036405,0.7209100385171205,0.7238186341554069,1.0114742029553336,0
0.39264424870873005,0.6762159498147323,0.832428832140724,0.38955729500782493,0.06660659594396295,0.5074026802826803,0.1973956068071827,0.6838935513347717,0.14867640097010534,0.9568766020762107,2
0.1541414768644109,0.5655597520193357,0.3008694094950177,0.46976067548502415,0.8230842364643206,0.7630682172080556,0.2514317738051233,0.1521442288033708,0.10619427139127642,0.238555150941063,1
0.5383504385193648,0.8521502200804636,0.20974832173063054,0.44263873065034476,0.6092922985497129,0.29336834953772783,0.8257100838714927,0.5838458267825001,0.10723511989247328,0.7449550473853193,0
0.49549352120698986,0.004526910164183329,0.856085429057185,0.8736785703505277,0.9956678208886505,0.1894248949977003,0.6484716418353219,0.6525938297012001,0.7574193293162367,1.272587620137835,0
0.2504799441965423,0.5825624139403539,0.9401693186424891,0.030177816866096,0.42251481747354774,0.6908900104061065,0.15081334316710998,0.4067179801573698,0.10907411743962289,0.819918803427364,2
0.6788250151726966,-0.3131525256954321,0.4212019003865839,-0.12715857114365614,0.949444403203521,0.7897311632556133,0.6066789658212651,0.20153520934653868,-0.00766475856328902,0.639467492320441,2
0.3247316929496651,0.8327518965511888,0.7587599417242762,0.6599989790243085,0.4412077283087379,0.1344905706869139,0.7896766419304326,0.4852516939710728,0.29377728754652443,0.6924466746490378,0
0.5299123620980264,0.5482393197845532,0.8633730328923039,0.568059748792057,0.33177225979363945,0.7689209270233026,0.06710796950289033,0.9337209868626803,0.915428766793045,0.7740456185170185,0
0.7233950146903955,0.32230020528165204,0.5208155379926027,0.8940481084470241,0.5079441601757089,0.7844357291574299,0.5423014883828705,0.22091155713622482,0.9031294421376658,0.5987963740107808,0
0.6852615319016191,0.23404048982570663,0.9743989170306695,0.38743403001885673,0.8117099572280105,0.44053357892111883,0.1276119947488567,0.5905010550202522,0.3476870208285027,0.2932776878003556,0
0.4083179864010402,0.34739709867320073,0.7719601537157734,0.3618983250584935,0.1868926047451304,0.9035756565468832,0.8874591921037509,0.6679681692595535,0.32595621198779684,0.9309354374632997,1
0.18463120031946256,0.5338220793616164,0.47963068124684205,0.14362842762368816,0.5167573043396618,0.7760199217622347,0.5153591799551488,0.20226100652841483,0.4061169398625154,0.623541937753341,2
0.19776206964074539,0.9766308950619399,1.0134415195807012,-0.14839833152878973,0.3851602217985737,0.7151917574247351,-0.08804219165310948,0.5319250875218706,0.6456686963325863,0.6382498374718517,0
0.7770351727075998,0.38030589917140434,0.9040442825015552,0.7255095436784639,0.11244893906427648,0.2684107353558207,0.003328186506452818,0.21855265453892178,0.6355281808202945,0.09728202533354578,3
0.784128914267053,0.30607228427882777,0.835102319548027,0.8029937867404018,0.06348753695384107,0.23528079129067234,-0.02401558591636525,0.2920326359593227,0.5729248678406137,0.07075413835320288,3
0.8030748097792086,0.7541321354657372,0.2474552186541494,0.31646342674054906,0.9138385961889587,0.7834666198849518,0.2794627373538503,0.9809294888221268,0.789661502639194,0.30805791027861135,1
0.03408563319795456,0.7198458851140538,1.0015459013344337,0.39121005941578546,0.354383708442085,0.4469443029075672,0.5891849690906674,0.6424476166542883,0.25057173104374786,0.7923989151304787,0
0.3534222104343999,1.0714450662504116,0.2709172576644619,0.5065873690680551,0.0886712535551984,0.4340987908371357,0.5167142229436449,0.6462711374637327,0.9126248229337997,0.5670937207430236,1
1.577514886884888,1.2094377683674267,0.12669683890530983,0.7737204971954664,0.3840410739583662,-0.5387238542755222,0.07001801701422408,0.8194672952874115,0.549940566409363,0.746105634844447,1
0.46068524280974776,0.569461663093849,0.47659463833017246,0.4924086454173839,0.991273366766509,0.0820009775932743,0.26610856901555924,0.5398991848079785,0.6257444408884885,1.2435244202093634,0
0.09795474882091712,0.8371842087360861,0.35479226022839316,1.0996044387665382,0.40804604486127105,0.8302652098461818,0.18796577060620287,0.5917510685721151,1.0598735831036854,0.5980519276175994,3
0.6864910907870926,0.8870179926458756,0.03875597273046723,0.9767613198159978,0.8889981796812386,0.505208979297764,0.15680701547786066,0.7003021955730693,0.34469674598670513,0.09974071597583589,1
0.8120716657812449,0.3170064891265115,0.0704020167933968,0.5249395437421347,0.24243286930198826,0.4975039059790718,0.464560131575101,0.1258313931412221,0.7534339933040098,0.661629900834485,2
0.561645483800771,0.7704452316866569,0.5729120882597541,0.26225834450704283,0.328082712788152,0.7743414416620802,0.6233668091885598,0.32384203595162525,0.9359514908197695,0.9178432668316489,1
1.2877739108460542,0.19730643445239382,0.39927027330749476,0.9135042580758912,0.512383211500989,-0.11708280452327235,0.5787602496655794,0.6871034043632829,0.7213615531627898,-0.04894475458614385,3
-0.24906854525378547,0.5602065432429169,0.12320082416859354,0.6627365235375975,1.0673073887428328,0.7519646608978852,0.15023249077765824,0.6525861128921284,-0.24768187970714883,0.7476949729300256,1
0.3687580202549403,0.5390078481910439,0.4306845580282659,0.44847098057167184,0.4775873569981052,0.8149606482079838,0.1340118651394327,0.013626493628851474,0.10739401926225492,0.7934304214107145,1
0.2646417415421557,0.21847315132897066,1.1684033051536729,0.1587757380579981,0.6585282830332501,0.6171684585386714,0.1431486338215596,0.6459834026561471,0.038684884167356215,0.48129785822421195,2
1.248731927722031,0.28947289037302704,1.4007302084994908,0.1253092316511053,0.21190119108383998,0.3103211606657077,0.25686762111335604,0.9127854499544978,1.5979302331096445,-0.045431182188232,3
0.1856246841289289,0.3892880061348713,0.3205722755581851,0.42384641410550233,0.7587626125135795,0.8577712633585644,0.13434010985589967,0.25858734625088653,0.09332963582429622,0.32507021863863356,1
0.41229842292338403,0.8420539005448249,0.6253340594037684,0.6484955576425598,0.5371639582780873,0.26326170322824427,0.7726883115208336,0.38309903547929186,0.35715135390796543,0.8742424337778586,0
0.3052020183350562,-0.16619385884517796,0.7376750263202327,0.42600725292615615,0.28285017205972685,0.7557742398313672,0.8250920735379389,0.7322042959860406,0.8014542049108555,0.8386465783162219,1
0.9162270250911135,0.1397557060747699,0.3577129566359635,0.4073332993723625,0.5684646840364719,0.19562429158280534,0.7293951303951052,0.2858458569930973,0.9072370569433598,0.5186703320263188,3
1.2243937456125582,1.3768406311241257,0.8360637928684893,1.0075584811287372,0.8136297502282058,0.5756584407365114,-0.056432643952250505,0.7139184528901307,0.9351155724615638,0.22029396634888948,3
0.0766123317674402,0.7833383957743163,0.9166398837153291,0.5203139307168917,0.392938045767995,0.43901254334258755,0.7043459286387929,0.7652678706707379,0.16262657151834675,0.929439327606411,0
0.7406663929046647,0.13596735468516352,0.45857059045445486,0.8008423385396145,0.7947536806837441,0.6650598150026108,0.053223996994384494,0.13435391186480805,0.19267687393270053,0.18331304219911074,0
0.6876701506420363,0.8912615213312528,0.042171326883533256,0.9811296968253616,0.8775198902608851,0.5143856689489634,0.16027467193141529,0.69482336596193,0.35517587123651984,0.11208999162244383,1
0.646673426441002,0.890836878718705,0.3002648770146817,0.4979915504811396,0.6039175569525502,0.2640294779193553,0.7088557852496112,0.4900628906275654,0.022498132655772517,0.6548770511508998,0
0.5492956731871936,-0.020729656187369716,0.7987893018318571,0.5107336286962718,0.02395452248026686,0.9008695770125167,0.5139876528522801,0.7556010702934802,0.38069969209275767,0.758618183476815,1
0.7766286807763062,0.3168261547710034,0.06658921174358966,0.5603539193814638,0.24611538231885316,0.47647906345428676,0.45315542714765605,0.09743492842163787,0.7418861718510867,0.6435100781011616,2
0.6495930776377271,0.8716895695181669,0.2643970362785398,0.5249585302959049,0.540645040005051,0.3331828916996864,0.7144323552440573,0.49447225211516077,0.06504210321582256,0.6690853366227484,0
0.06802195393192713,0.8986685640235312,0.791565779812284,0.5663831204199441,0.40141989867910166,0.43874801872496144,0.7585296728697644,0.7431991002946085,0.2275238597678981,0.9933867038824965,0
0.5759907553626076,0.7790721758272344,0.5495570697162059,0.2213471989450552,0.341437724878016,0.7820522118590373,0.701518737976574,0.3498744564437502,0.9826240086863391,0.9693428870551596,1
0.6220021377736333,0.587173954748607,1.0990580887981183,1.2557884443426355,0.8016099755424901,0.9675095833009721,0.3726712836227689,0.4221981078504216,1.0962736914331315,0.4947702787905419,3
0.7547854653445266,0.8459811244979315,0.0767637329871094,0.6482703390412462,0.881059042095287,0.39418564866619477,0.12428122558023705,0.719580507883135,0.8864481161590194,0.42790410886268754,2
0.27792799947238034,0.8565464863460127,0.8084093712033271,0.6185644961737135,0.4353323502118803,0.13511453654026612,0.8192872650384998,0.5213053743356336,0.2618913751499068,0.7147081013495128,0
0.6900074163416814,0.842363276735083,0.2180394009158126,0.5125209316353055,0.6194676472637036,0.3218188306156033,0.7653215282721242,0.4273445167722196,0.09108870301184259,0.6701062493538933,0
0.7636402141993835,-0.045980812078533995,0.5551561495296592,0.13007708208280577,0.5190774154001196,0.3800250725051369,0.2998846130650648,0.8779865283852981,0.15437346004214747,1.2266134450618136,1
0.8336900707130152,0.05286243610941936,0.574774631889161,0.764869654086644,0.5409936321377596,0.15442123034158384,0.46962691212028473,0.9999291100309599,0.35943159377307143,0.116756021198595,3
0.5596732779205966,0.20398597658036427,0.7362823752652428,0.36027235299609534,0.09183596187672595,0.7136128293690339,0.6882115165794994,0.5099244864838144,0.5173224952290708,0.9277945307958448,1
0.26934145419653116,0.6204042840699137,0.9042591736382376,-0.004893993479126932,0.4619138445403184,0.6334283310282669,0.16862483896152042,0.45392664720512976,0.09567827775228785,0.7902819714031097,2
0.7992708271925504,1.159676322870411,0.953798890854388,0.7269407085027311,0.4213674296314186,0.812795051373892,0.1401014893233197,0.7613826265022545,0.562196658311272,0.35016976773635783,3
-0.4325340518755676,1.2736967081689738,0.6620544136246719,0.8969444795794917,0.47785460231360416,0.6760386619696697,0.720823143890939,0.6234248614449329,-0.24477066495850525,1.0383347387013662,0
0.5348389095058816,0.14555228643279483,0.7629231512029604,0.41656184936896035,0.06992425521998397,0.6582882883159697,0.6644252030391583,0.5449162269409659,0.6183308538517488,0.8391273874228692,1
0.23266570602665423,0.5803412240486957,0.9670451764210485,0.022946049599264093,0.43388528375000623,0.703246409882155,0.13050190716458554,0.40963642555393637,0.1288066409675978,0.8008294455203069,2
0.5603517071557481,0.8701268334258899,0.43731240359572526,0.29537311532327815,0.5467332585414987,0.7434170165186674,0.65310039102172,0.46715717261201506,0.8439804219100534,0.7753657543773975,1
0.24152845176587365,0.748135650456892,0.47253151360443757,0.8910729710701631,0.193901133967078,1.0514826837711455,0.07302976865723412,0.614627471404172,0.909205179623639,0.5284213632221972,3
-0.48206569948199474,0.7132025060154811,0.3187546250769191,0.006274651674945092,0.7714118840036033,0.9555619548033679,0.48371392840132527,0.23050882000210796,1.1035694759894021,1.4346115057100999,0
0.22885773866284356,0.3961627380896947,0.9554675500429737,0.3802459377489658,0.7497918556956918,0.7995804471974861,0.3418806886397295,0.5098613260140867,0.3062096251786272,0.22490205703412372,2
0.3492233272997788,0.4784613843262303,0.5699401652041358,0.07160154614953765,0.3397895440019589,0.2757611980773664,0.8508300012635225,0.6604977200781538,0.7803256447801452,0.4822838593463265,1
0.7863118447523193,0.34191932382151347,0.8798789394446364,0.7001663112634752,0.11975035793444995,0.2691575043607895,-0.0156000672645825,0.24047712292301032,0.6061053600100993,0.07633009344963268,3
0.7374057339065675,0.7058294535768238,0.18932035798786773,0.3354111179665534,0.9397953915456234,0.7575079657293835,0.22065146445624784,1.0425568665592522,0.8197070563108357,0.3638852130904455,1
0.4613165753542169,0.23428052938115074,0.7890807217956962,0.5513436580261045,0.9935047118969988,0.15537657926474857,0.3344446937189885,0.4715571908002275,0.6871716475400409,0.8371489281454869,0
0.6854942519199866,0.9270579387250787,0.2007664526578102,0.49893428073250184,0.58966204196012,0.32632796730678515,0.6941648871167602,0.45209048548998093,0.024457465807930963,0.5867255354477244,0
0.6720460038952422,-0.03659488538854472,-0.0774003022488034,-0.20528320306120323,0.8305525053854171,0.40220818643464024,0.6316109634874087,-0.012226947750987496,0.5918220021815008,0.8455631097072138,2
0.6607186256264649,0.12213738371147713,0.41578031869290344,0.8356137682145073,0.8217778456345243,0.6659538683920604,0.0709120139722075,0.19434530473817235,0.19913017718737633,0.21351712154150723,0
0.8081001796593148,0.3272511777702161,0.09195622733984647,0.5379800449860586,0.24793775389185155,0.473211590769237,0.49195495250164917,0.12335006610739234,0.7805328017572036,0.6615580230102017,2
0.3810499491039066,0.4469974305601128,0.5266294689728485,0.0852232749613487,0.35465427880883604,0.25243529882415566,0.7498142773657557,0.589550423873072,0.6196910769453792,0.32783343476987503,1
0.3117990878905756,0.2654424469911037,0.6970594187521988,0.5159010581585821,0.7059840273095828,0.28384603364943933,0.3685229962282874,0.5885587806422444,0.6212003616737832,1.113192900018174,0
0.5019938372885613,0.9286841556134834,0.9127010244663487,0.15057176101138608,0.07536896313254199,0.723219612208909,0.1863704100708477,0.5797344394361614,-0.10521547264158118,0.8953097624772686,2
0.8861208458836203,0.7322229320258171,-0.34387257484844036,0.9103656031855331,0.29272373838538873,0.22415101151807565,0.5613547838309236,0.5323334744505559,0.757113222666379,0.6470079935418503,0
0.048227001537947824,0.6615839810210966,0.9772488770842686,0.48963514490204446,0.4087995198775668,0.40884967824246865,0.6386681073012529,0.6711017417076196,0.10477095921745645,1.0172491230214542,0
0.789863131614883,0.4036068727571161,0.9555290802923789,0.6717957717276546,0.10388898712649512,0.2165270821219087,0.04809420021891941,0.24701529020262064,0.6204483917043329,0.033413914894179914,3
0.6841178832841242,0.8845527042504898,0.04381036054039057,0.9709290635221955,0.8967915525198606,0.5011367086165195,0.16056009123957687,0.714250048058438,0.35592706013755265,0.10974699368243233,1
0.476307592490855,0.2298056464210373,0.6577810832870332,-0.13816088631699563,0.5643319071398145,0.15266690998868626,1.0523206862556345,0.3549746967781455,0.5094753877082621,0.49312187253702366,1
0.5458049913528431,0.22328981525772024,0.6728958561082332,0.7108548628880358,-0.0026526283963306113,0.5509343737787304,0.7386395670435608,0.2840447966042276,0.6435462105624297,0.8179038605045849,1
0.8168241684638656,0.5295923087507306,1.2713462493630494,0.9212424281994716,0.6736626782294598,0.9889634297090668,0.8104327588513267,0.2449783186411973,1.0589059950359314,-0.0610853144099822,3
0.2663487003036977,0.5939130139347388,0.26856666100861376,1.1870200610743171,0.10390285684493303,0.973900817391972,0.25919497507315703,0.9224262063932758,0.9961011447117125,0.40497865906650493,3
0.30677349727750036,0.7132325826740252,0.4854664551557777,0.8518516992739513,0.40712027653664246,0.9075395832712134,0.11785841926607721,0.6021211838763192,1.0155927089541503,0.5756168554244979,3
0.2371895591196826,0.40183169376468775,0.9696474914354586,0.38897490806183577,0.7434640405166433,0.7852190697426623,0.328076348102107,0.5141430810003952,0.3184246927597774,0.21419370162749393,2
0.18428820935537615,0.8080329183666398,0.46246117755799576,0.07899704437829747,0.22045706364401782,0.8438434314023227,-0.10388131715669913,-0.03813255972506534,0.01840372375068186,0.5917980276326347,1
-0.2075321507964116,1.1296751098900772,0.866700926427557,0.6874652111168925,0.4180910428607778,1.0532555093048162,0.5252781777510285,0.09851394902172675,0.37803605603510543,0.22767314049171528,3
0.4369492790877692,0.27426923613398546,0.4535784310830824,0.5338652686097153,0.3183634122826209,0.41083483289320294,0.9224849196880206,-0.10251314265012057,0.6831726138351439,0.9066488674056128,1
0.6982240811626228,0.2725234603179698,0.8498754938706606,0.9376237104791141,0.8984352379821622,0.8344501962273436,0.6316587274209936,0.774959912137758,1.0175407006795734,-0.009259292765321898,3
0.2001467377281947,1.0192928075655463,0.6355663402735426,0.43556089863464414,0.40840537560743323,0.3068695677288294,0.907786832936813,0.19828062841338567,0.8424071673712221,0.2770374007311484,1
0.9006531676439179,0.06411056122432081,0.5969816091879429,0.6938775096396637,0.618676719350585,0.36045138282988326,0.5267446957624691,0.936989180083852,0.4579184588612116,-0.1705938071543968,3
0.9612130352477336,0.8287432258929905,1.0166504790541042,0.9403763751160318,0.59334850737158,1.021434730926699,0.23031585818185035,0.5676477717089695,0.8994964878095183,0.5291676058748467,3
0.7897553377800676,0.6978046761779327,0.26601193593420497,0.32585021460385416,0.936838431213846,0.8213059735622051,0.23356702848108463,0.9660757397793995,0.820478357899496,0.3151640649871007,1
0.6310611734245767,0.8448023876469656,0.2305304129046544,0.46086835366925655,0.5152313267027309,0.3282577212687003,0.7321328421394758,0.4995774553525239,0.030681478893110833,0.6377338749083542,0
0.7052544288864142,0.2704706413494704,0.19886211951424326,0.4878849208508997,0.14009503440271323,0.4467571236776384,0.5417424129464729,0.04799385616293965,0.8461266951702209,0.7236824766410271,2
0.6652791020441359,0.26885763610878305,0.6050737046976216,0.9526098138255825,0.5746148616224575,0.7266144859864447,0.6134277021468715,0.25229712373294677,0.9471688720035675,0.7112727295123394,0
-0.3786864290400276,-0.17519018832087702,0.5921293104382931,0.9210363611471204,1.290243996613952,-0.0239475222715948,0.3409758495681272,1.1262650899753228,0.631262985710378,1.2977853109494815,0
0.010607228969330612,0.05665619658773824,0.2776691084065352,0.06610855071613958,0.3705790025402501,0.6294058943602093,0.40127642324359764,0.42637070429628854,0.4531931125451356,0.9014283678047389,0
1.3317502739072276,0.2737120820314306,0.41909339829753245,-0.1312455049801861,0.929870930444989,-0.2998541978484499,0.9357125641044934,0.04077937447572405,1.1379606917060134,0.09534411164387857,3
0.4949734530661103,0.8498174608220396,0.5234727210890804,0.2937537524085947,0.2985680075903225,0.8084308221601542,0.5873930919033,0.2777794899697181,0.8505777255234485,1.0129342990656929,1
-0.06268347494334997,0.4000311579475499,0.5569313519448141,-0.06732260465349146,0.6491217429890572,0.4787241072511512,0.3277905702982401,0.22679461703587267,0.8930142457785744,0.7764652742615302,1
0.7308550310179487,0.7957150888332465,0.19305778556271455,0.2581238279879264,0.8910882923159752,0.8208539282470761,0.2867011839723706,1.020603652531019,0.7483796417136974,0.26887959255611243,1
0.6469500989512245,0.1876576679077112,0.8700286733744058,0.6814534448570073,0.13692386862566244,0.22753301843433618,-0.05597499262246687,0.05462199049170538,0.8214499239736304,0.25808740952661224,3
0.5663753112136882,0.3021734599195195,0.38399792902273755,0.6854019987715367,0.6445880349726633,0.5587591723008517,0.6273199077449078,0.12507560212568966,0.8229446246734482,0.43967932485411126,0
0.12722735469017277,0.3151422073324869,0.46526992662437094,0.2617865625940297,0.8244570972510756,0.89007901058381,0.00385493055412206,0.3024351952742079,0.21904480525122952,0.15676796473937968,1
0.7518607954591316,0.8554845302257258,0.07767671948224966,0.6528144161329147,0.8815621207326035,0.4043900258783197,0.12303359862434518,0.71320333337636,0.8855610468776339,0.42173962575154494,2
0.2534215665659271,0.5803982773625896,0.9428198986228995,0.02961262416544506,0.4202783103479886,0.6806530641268055,0.1389292660446056,0.40406950673868663,0.12020151107350914,0.8183026171611353,2
-0.1344147073809439,0.5021472153586952,0.21229217843314085,0.29093972355090647,0.8487313130447978,0.47127513940544313,0.506660710585696,0.14778707697869703,0.09433448667052137,0.013978563512648312,1
0.6276722278227641,0.848118728593349,0.30820090731989513,0.44489701032294127,0.6002021172702876,0.3299924463010095,0.670131534488388,0.4676456501386362,0.012871959813286503,0.6986332398105353,0
0.454527557880999,0.35989127776708285,0.7089915229766219,0.3412812605826483,1.0585382952449385,0.7451504246317561,0.19146438727960838,0.640054946172044,0.2591180793490228,-0.06475193629146869,2
-0.0018944414078891358,1.1340464620340325,-0.07803226605543165,0.6743042631789348,-0.051369164124012656,0.6730096354317009,0.47180148614329115,0.5445068293027213,0.9048369996919176,0.5634651851236094,1
0.7575016216075037,0.8427784846795023,0.07770358000955242,0.637236687200514,0.8657851142916683,0.38628466822053553,0.12522122692721496,0.7111510610447002,0.8752253576714236,0.4417278963699688,2
0.4163575723365103,0.6294342088013409,0.3138517417299249,0.3123517075030442,0.3535602960768287,0.8212424862274887,-0.05708556846249499,0.13358365214185264,0.09129474049388946,0.8339443555826898,1
0.07052974614450713,1.0818472193382629,0.29259246174583187,0.7874818775775931,0.19966922885525162,0.615197603982481,0.5386502029858031,0.05450852108623805,0.6716883467909631,0.8858586221443244,1
0.21530854847973788,0.7028450108370472,0.7705485495625067,0.5156737076376811,0.3229290935549044,0.26792452469615835,0.8266956227896216,0.6842440155313049,0.15626756297610722,0.9054972435003973,0
0.8938351596087141,0.6489634484171509,0.0584406911682157,0.8267673083234093,0.24409375962537452,0.2929714236889603,0.1480019515651968,0.9469551725095128,0.7833322059949411,0.6377825417718684,3
0.13559966974317023,0.585498394266193,0.3682180821458346,0.8551890174426884,0.07256104028984003,1.1807605873373614,0.20115579345910312,0.7480538279959663,0.7395467327934512,0.49616353390885215,3
0.15217648023139918,0.13431029255578328,0.3833395796294292,-0.02058463659581155,0.7617822971923317,0.6777074214438198,0.5112730022847336,0.1717799806141624,0.7719866193941942,0.8034502938556692,1
-0.0046617012408083774,0.7448681899614251,0.5169044459741051,-0.4593434731468711,0.1822121178763063,0.3466282493332439,0.8021836195044254,1.1933869897079932,0.3836907076541152,1.1669633302014737,0
0.6759329101541592,0.8855781380702621,0.03221688770525008,0.9744629883221528,0.8739931517979608,0.5030062903784662,0.16349238817479173,0.6902902142762021,0.34855029709378227,0.1012305765675647,1
0.8883733725670774,0.05314751374380589,0.6092607814034755,0.6292687403453212,0.6274076774557112,0.15742940887296641,0.36205818167682957,0.8958282211230868,0.4678711012350705,0.046998362667296664,3
0.647436130653352,0.7044927810652329,0.8658680606433725,0.4076535862638725,0.24621295234472684,0.8333941862310541,0.38347551719114886,0.8978628450496052,0.6914845212636077,0.9562037761263691,0
0.7877611654798272,1.0219767253672936,0.9376294298956601,0.8134403939700092,0.6391188816507988,0.9860423287414861,0.10488198213764487,0.6648283702745363,0.7718771888949104,0.5262252703853237,3
0.37013920389205424,0.4054510904041403,0.9445175485814618,0.4719449314953484,0.9349058687970239,0.7338221047110878,0.17059395000864683,0.40243118878921946,0.3271384439105725,0.02740241681284606,3
0.5557240561464369,0.7368957935433655,0.5579071804851157,0.23693549033950492,0.31543522537811897,0.7470700227213177,0.6543184428362859,0.3401709312673,0.9174709284481393,0.9306226990630754,1
0.8234192769836483,0.6330019010824457,0.6832886948883945,-0.35285731060884784,0.5951295773028394,-0.20475384504989108,1.0279740118989362,1.1027172830707357,1.162251557762638,0.13850051235076588,1
0.22397202810442943,0.7053071196207191,0.4630981169201825,0.8906133569898278,0.30771515646697667,0.940118692147425,0.15067646898553566,0.7046036753933692,0.8799271233041672,0.6747978117567274,3
0.2574434264573254,0.5746717466151838,0.9379318330232669,0.03460650378960817,0.4251187488573821,0.6802331604445649,0.13490464795599627,0.40685381505896423,0.1251294918819779,0.8243085658389127,2
0.8321628539580587,1.0131203941437308,0.8299670926051032,0.8104662997008883,0.5959343306672458,0.9396509013141479,0.10722681544163881,0.5723363297238773,0.6993304705104841,0.3900129405802706,3
-0.08409790098717328,0.9666955418606613,0.9256685854281422,0.7868899729765205,0.2163671959064632,0.7546032002141343,0.7225363521008616,0.08255772033330337,0.5150250962945251,0.21677926972944184,3
1.082810014722014,-0.6518232114468047,1.0338874417989308,0.5933294069633743,1.2567094212799303,0.22353448411971255,-0.28430143485958803,-0.5393372977999216,0.7583523719553014,1.2743923185553512,2
0.18136815296861364,0.3957974771850241,0.2474984693146589,0.7532508367709299,0.5135814458094398,0.9489971591922899,0.8727752223646613,0.3878066624851848,0.6832260977659995,0.291679651462415,3
0.6570229478495303,0.9200194275631839,0.20255509694098284,0.4321708929110177,0.5959515071498575,0.3212232946984587,0.7861914651868933,0.5126594874361065,0.08397586105370716,0.6357923869386154,0
0.7804953298629342,0.4442430345816897,0.7111595182418864,0.7238308302695085,0.22760110993115057,0.4047720267715543,0.11432425469576825,0.36017601079134043,0.5097691298951517,0.21246921609199088,3
0.7766708901899855,0.3664088746815061,0.8698970260669385,0.7479212324413609,0.08321287892805485,0.26319070260078364,-0.03295910839577051,0.21481956111444414,0.6119362675692932,0.09882703859168805,3
0.8201967422350709,0.04813406185243961,-0.1416371894972003,0.1741548616815907,0.7427448513507533,0.3066584799478741,0.7559469719271771,0.02299973701248345,0.40128638022680063,0.8620085010189866,2
0.2638573636688038,0.7026924303100994,0.6586946687673899,0.5890430916654689,0.4925878061708994,0.15718801108492775,0.6848167581176325,0.4410740010634166,0.3546120789716296,0.6859420020627275,0
0.27130561637399575,0.8269268931889195,0.9371349999152656,0.1659446478695685,0.22188146830712463,0.9739591394039024,0.0036442751288462047,0.6642924728598185,0.587094297513972,0.7050313409718956,0
0.7649731466461094,0.3473184849976755,0.940157399802653,0.7315455164752555,0.10356896353490738,0.28491218410144326,0.023105456704258464,0.217336044572412,0.6620463761965433,0.13317614771498423,3
0.3532840501532896,0.4722223685758912,0.5855181414543498,0.13420144162668005,0.45804355486125636,0.27449382221634266,0.7741453228167774,0.6903774394993127,0.7697311959955645,0.4315211331930935,1
0.4791663202052724,0.08296763609869537,0.6984463528173663,0.579388356803439,1.0436147588419653,0.3484461108600939,0.1575201120104383,0.7228153727796534,0.41621691436863945,0.1979146607139574,0
-0.02589809617059905,0.8704090476987334,0.9035338427131854,0.6758556281281772,0.24146012596513194,0.755181357461383,0.9037137733518367,0.021476993709492707,0.5214732488336685,0.09572297614494635,3
0.6817303230786341,0.8844474728737831,0.03825005336988694,0.9771161988248471,0.8888942257748036,0.5037867767205533,0.15461767928688883,0.7057360488572866,0.3452252878384184,0.10404370794110292,1
-0.023164563640724535,0.8941264699713797,0.8301130393206069,0.6151107593310388,0.2722894332607918,0.7913708321667812,0.723321764149027,0.07143328586681347,0.4745977648280588,0.05636697956699231,3
0.9131697473981659,0.2559460531581092,1.0009342932655492,0.7828016006841382,0.01139281108656695,0.2080123293447323,-0.07387028197744201,0.07930013532973881,0.6802444107702512,0.1260297199753266,3
0.5309788589617889,0.8107075186357158,0.6755787211597716,0.15682243675531995,0.4556598651004737,0.8541867455403278,0.5669956899472832,0.2718636528879763,1.1421374308759404,0.7876988835820513,1
0.839565536101755,0.7922595161176715,0.22252832767281724,0.3317072565205982,0.9632960622612295,0.7426072954570029,0.32117087446455916,0.9689309321239467,0.7906062552096874,0.2880432814271447,1
0.6440850835757996,0.7501638553353523,0.2787571723180856,0.5452368307836278,0.033028326062319195,0.25797113938308336,1.0209245997817205,0.47155162514870985,0.8136615590807558,0.5444549481700661,0
0.28105881162915214,0.7999944577266778,0.49980878545334295,0.8415693155091214,0.07373580779562237,0.06041377946098335,0.9047945245114514,0.11265414123131778,0.25665475581967634,1.075996335852392,2
0.9439651429307878,1.1920427961627795,0.5575650607585751,0.8731710372846917,0.6510872595489013,1.0843127925838012,0.5002517525830361,0.6058850884554918,1.0989354052854443,0.7258798087313597,3
0.3594859053930685,0.7779068852951576,0.40443977708564155,0.20939107401293783,1.093416344251055,0.4558154184424185,0.9827973308971579,0.82095551251061,0.474041044753733,1.2024871655631144,3
0.6665178094729898,-0.1420499851286215,1.0140645074997288,0.14044846052240895,0.05597354478682715,0.9044378654590058,0.7462704460768852,0.4293826635497244,0.3651164837468064,0.714852702051968,1
0.6818712262467225,0.22940859396095123,0.9816325430173122,0.39448362932296593,0.7907857620569817,0.4523492940058862,0.130374220185493,0.6095860110441804,0.33939861423980217,0.28802845495254,0
0.6948213974299671,0.3947556931656042,0.7299109791869036,0.5043661924114828,-0.04058232251580507,1.039734879937764,0.7650685887892522,0.6039862698288121,0.7671498879108796,0.9848498312099032,1
0.5454158796246448,0.31368666436089543,0.40643070818080457,0.6999229888015618,0.6292534194804364,0.5763190256679008,0.6169939062165838,0.14100029052991464,0.7975268891311018,0.43335261831240024,0
0.8989461485413839,0.5344276785320524,1.0259777688764449,0.8315003507673102,0.17252109731643706,0.17371286597516244,0.020684740325636837,0.3170802041348848,0.7252740620422599,0.02964340791936383,3
0.38742052745605476,0.13602683643049102,0.7757748448557322,0.6512350982989709,0.29908272084132526,0.923002403462391,0.7875992485590642,0.6415815026325108,0.46929457086486376,0.9180040221761064,1
0.25224714000200543,0.11734657625037533,0.4457563155556168,0.2772313694938169,0.561454346554998,0.320220121421577,0.72847046981962,0.3228511134039598,0.3345831017562257,0.8026660047934847,0
0.19585565547619055,0.9622342062946395,0.6563676366010116,0.7141625178105919,0.3276595100442982,0.031067860367939737,0.7634387201594223,0.6320127648597766,0.34740998358388714,0.5383779112998472,0
0.4498790816641286,0.45524729127098035,0.6362398864394869,0.1730016655724371,0.4161662852633403,0.1776674597231035,0.8445911191939363,0.6376799339288107,0.6684848658542143,0.5100361015796632,1
0.6828412529338247,0.22620927147310987,0.4765331425486503,1.0323499135168286,0.5228855074345075,0.6752141132523641,0.6072634719316866,0.18556868686081343,1.0304844930111658,0.6655217217518079,0
0.5211939714103726,0.7588596196837323,0.314888598008036,0.44885748390963703,0.6372429776375852,-0.0016325180421201402,0.9338522362032361,0.2080664442427242,0.7129502015026387,0.33535890133419277,1
0.6732768055547191,1.419651755785539,0.18529257625718826,1.107070687439851,0.6997151086611062,0.8597929811876486,0.33055797366397044,0.40606997215758056,0.6229217923551776,0.5944022537474074,0
0.22578471971186065,0.185187920602025,0.6491795924728455,0.35608819024935623,0.6301228728048611,0.4367265945345317,0.2126711369172703,0.5275255396139673,0.7993508032306581,0.9984995836687389,0
0.2433945245047183,0.7679453850709521,0.4182078364559075,0.9421299160731447,0.2748209053819604,0.9877011556280512,0.08138973146522523,0.6850073567076366,0.9485289272396763,0.6068163573315547,3
0.6453612429548052,0.29294678288940185,0.9509473926851303,0.34073377226475376,0.7567980049713123,0.42920431673339565,0.13865684273863682,0.5801955823327258,0.32930213138618736,0.277129837852353,0
0.16612847336487305,0.2082924792724959,0.5407208583183207,0.21490783801962243,0.5249829102738504,0.31863740493547066,0.7215474383861196,0.28210740438396603,0.3406398235594374,0.7606769941897282,0
0.24910001421376682,0.14502957465986113,1.1936526696725183,0.27098406642596634,-0.1310269000497531,0.7669532541962752,0.2738868363401942,0.7230067212413283,0.6372184802133474,1.121697057069147,1
0.3153580342769176,0.2804297879740404,0.8260196255096075,0.5896666756794824,0.720807993264664,0.41924758853318833,0.33262386599892657,0.6856308798804369,0.7214654073553676,0.9747197500239744,0
1.081743511564598,-0.11937924653869625,-0.0199692193716815,-0.5325063704844488,0.5972222608519825,0.5741964838692222,0.9806064153998055,-0.24154827303092496,-0.18115398234652114,1.1253357372359052,2
0.7699482957977289,0.21723388931810886,1.0587157853099924,0.41442740173625475,0.8696724755855992,0.546242556449411,0.18098493452127629,0.5424209047992143,0.368477844091819,0.3791767461543997,0
0.2076143688532381,0.3996842778876333,0.2490540298667653,0.8216621384219013,0.49607526783635986,0.8794647399456027,0.9355180948353078,0.3340962264551456,0.6609513575298642,0.30378813478385963,3
0.6807478015978418,0.8877480935584724,0.03763644177604896,0.9710024650847062,0.8860402227297116,0.4967467621223058,0.15704670890906608,0.7038127110121942,0.349555583045916,0.10515906456270988,1
0.418322572849709,0.8849419284954723,0.656919226367565,0.7909737597643679,0.4461814968211811,0.134602773025227,0.8769499649324413,0.43501895701707516,0.24134828771384248,0.7014273178918796,0
0.7915582520285895,0.8038067100756371,0.8907527156448372,0.7309313299048537,0.41141823027278834,1.4022727340956953,-0.16876267283211038,0.607193786367282,1.2354211695701294,0.15030058539486668,3
0.28000583531644996,0.419901051524617,0.5745640183053827,0.9164273590859846,0.6160605952299577,0.5005586716067582,0.5868399298829848,0.1969634824301533,0.23583489161555002,0.21031543526162447,2
0.16532500666067002,0.3665820270514861,0.4171291710758648,0.37367614531204696,0.7041241029534486,0.7980832936665674,0.13821666508526298,0.36519143835486256,0.045567006859892796,0.23125360288001218,1
0.7371505990428233,0.842176592238214,0.07517141153272766,0.6558193293992648,0.8662766326730635,0.3921087756491743,0.10546944891711202,0.724130216716498,0.9054557028391956,0.4177360810822515,2
0.7225382275023006,-0.331650842708437,0.007337570013492278,0.9838714886560125,0.5278002018394945,0.31728905011688563,0.4670608026423603,0.5753066281359593,0.8259512189832688,0.30888747452507304,0
0.010368013582378599,0.6196001174427616,0.3641809717919954,0.8520652217961792,0.1962358660123395,0.8606260794371751,-0.04094672319400046,0.7116675079950044,0.7543067089603636,0.5477299124990037,3
0.6927240562881629,0.2321319195888419,0.9665581951107368,0.38035592998545453,0.7961738588061958,0.4284778447421863,0.12740419167158615,0.601263395163237,0.3342298212981956,0.29082008270907034,0
0.2316114712777046,0.2013067755399342,1.0266929707542158,0.37213216514994896,0.6582251180252698,0.5572710938321674,0.4871645296534014,0.7272360659149244,0.4349384888242062,0.4122409282355207,2
0.24064067370261544,0.3592714462353602,-0.30107141229841355,-0.008250516687374736,0.8826126549648492,0.6916904798269198,0.38563146719729857,-0.2904734243155119,0.07465936411317176,1.2364064172030524,2
0.3323499141924358,0.05565245744102933,0.400522179462205,0.35070326476890507,0.6494308252859471,0.2816350656966123,0.6940694923223498,0.26689138248748506,0.3082965661204114,0.7314985196524806,0
0.8425851399676781,0.38375376947437473,0.8446290347162145,0.8278153124237877,0.20416265205803147,0.189966123583277,-0.060465378580744605,0.13458696696723704,0.703761956322585,0.10384335303378969,3
0.752804869249362,0.5605623230706231,0.6940058904289094,0.9241320834776535,0.4819641106132375,1.0641993785068296,-0.04737249712214356,-0.3161299240707234,0.6392134355013659,0.4767690812509925,1
0.3030855757805799,0.22347608668729052,0.9253976753663473,0.702448070765118,0.7269812461503532,0.2324588101366755,0.3110891962574993,0.62862248519829,0.8156829981382069,0.841849110508244,0
0.035405585718180574,0.7345810937693564,0.8506897886535558,0.46641078307352596,0.46459704486894343,0.36381284946133535,0.6383368244957205,0.7393840386179373,0.1127882525307285,0.8635912033265895,0
0.6216935143748284,0.8705740145566612,0.25140081617106647,0.5262386862704621,0.5510392256485503,0.3130087704093578,0.7339219136229643,0.452572480869466,0.08035878811440886,0.6340372696696905,0
0.4645066239828165,0.04834302101196637,0.6381414608187721,0.30590166720465584,0.39750386678406846,1.091351845019603,0.665253879702783,0.7334653398436556,0.19167536515676575,1.1141225554769079,1
-0.5459967460314233,0.5390289541175473,0.6109182091342654,0.3368205542695173,0.29673673050447685,0.3371657495240915,-0.5722241480262993,1.075797371816844,0.48239576767795084,1.3088408465118826,0
0.7318582890793016,0.3626265052203175,0.488411137889268,0.8737520482176876,0.6675786197955403,0.6206313318135321,0.6909028606754375,0.3486393854942189,1.0131978235489014,0.7747930432719441,0
0.24183885052663176,0.5856848013466787,0.8898709320470278,0.4067786633995547,0.3442934417569151,0.8168336382486334,0.06578744611574266,0.53070463481016,0.6854799608415931,0.48267059229868464,0
0.6914131285815143,0.1873041636981361,0.418706429011305,0.766601644187547,0.7821763697656232,0.6686324209074729,0.05467446696643189,0.15040189772229387,0.188118452853281,0.22939920279444515,0
0.3449250509661128,0.39124962271551283,0.9539022106626468,0.47571149747471586,0.8692727909028686,0.7532263703214929,0.15396521438756122,0.4256452297178195,0.31463911775098574,0.05433820206022995,3
0.26597710183818457,0.41713072571760146,0.5742571078217374,0.9115679998053688,0.6127473669626825,0.49316795471327757,0.5905547645560337,0.19868389468347836,0.23873939458839688,0.2051156624062565,2
0.18758292490543282,0.5799642653334435,0.5795746216171626,0.9239233933374433,-0.2888984592140834,0.49321885558324563,0.16297817392126646,0.7020061550217527,0.3350378535160605,1.1757050253876562,1
0.6052866194535114,0.9260992736595027,0.31059205746502905,0.4467251131671329,0.5723314333897483,0.30412698434565,0.7665210001797771,0.4630005509079562,0.05467401516689558,0.684302639101607,0
0.6131505201026768,0.19875138527838004,0.9082688574535879,0.4413676122638285,0.8090295855979738,0.3813028180452287,0.15189820204446675,0.5282056121786288,0.36879249531351876,0.29588209308598745,0
1.193661460065758,0.7035441832941668,-0.1848222492232603,1.0949329327134567,0.5036597034548531,0.19847759601107368,0.4783874193865627,0.3359663326699338,0.10085222099698488,0.49595576590961343,0
0.360923223942553,0.2084938612976392,0.8657979025671689,0.16955367938392626,0.20079506524309362,0.0709093820286529,0.5701336893467346,0.7686704405698325,0.8881357884896206,0.21092375490659984,1
0.21699419117834612,0.7146881736177176,0.8011638108768278,0.592343060309537,0.48498262271811604,0.7232535288557989,0.23013735119994758,0.7627620923478204,0.20756355980209526,0.22653775924851116,2
0.6475517818975948,1.186246770590401,0.8217021076031115,0.0146065109528975,0.31072951747328337,0.8811662364043313,0.27640831247673836,0.15866645659877343,0.7327397095709998,0.3335594500018062,0
0.7696346323254899,0.1061803297250194,0.41722537289995376,0.8138993761192845,0.7564894167155995,0.6751052329388736,0.0341634745075175,0.09735011471411222,0.237552668017654,0.16258625965256854,0
0.6851686977872768,0.2337165261517757,0.16880864582738306,0.6528285762016972,0.5042711273316052,0.5879545898073778,0.7853449022873541,0.05630922011997475,0.5260061035595164,0.18923796212432692,1
0.2536995206660393,0.5796073226241159,0.9445151720681274,0.028494011776613145,0.4212850033698069,0.6823671878421911,0.1379782216297719,0.4034587446336867,0.12028193241145704,0.8168514123655349,2
0.889417203470177,0.915225304667386,0.8806927737514774,1.0145129294637414,0.6190867432874533,1.0461642240410773,0.016868163668309843,0.6534647361800358,0.8757619147385716,0.5692038707604566,3
0.8579740214637039,-0.007941573209659422,0.7060641200151078,0.38469887692178184,0.8785414395189343,0.3551632859121845,0.3450778469937238,0.8679954489987801,0.889851910840607,0.8120687278126005,2
0.5589639108168248,0.3177658204793796,0.4161413513797856,0.7204057055817614,0.634094661065059,0.5796309022642595,0.6019956006349643,0.11644106394039394,0.8018244678099664,0.4523770870917605,0
0.967406310234834,0.05529937786687424,0.8046485077519494,0.04090207252085865,0.9577100183281536,0.6730002956114665,0.5886451526413315,0.6650466555808868,0.7115323584164263,0.7408977140098897,1
0.194706684065148,0.8852863975465468,0.8170425294182735,0.7809687376957415,-0.42502985704341234,0.6308862872246763,0.17909755537583963,0.5282778193155709,-0.1066089977221355,0.19964063615886452,0
0.9406201936088703,0.762090793062912,0.10746170603497054,0.9671861104946511,0.813937436801399,0.0027113322072744722,0.12680137445471873,0.24883201199581395,0.33749314511683215,0.1405062857801147,1
0.052827713750699334,0.5905163246359407,0.8016982155121553,0.6318601511312074,0.25983231860313105,0.30928865086804924,0.686662632398708,0.640741579269356,0.03677664070250444,0.7515535945570287,0
0.3333662237407371,-0.039726202645273795,0.444302053328026,0.13858572580525408,0.3069745849881374,0.6405378728016689,0.615177152174208,0.26157963513823596,0.16292513632840336,1.0092484119206393,0
0.7797172037395369,0.36943546398002475,0.8949691154131797,0.7249871759211391,0.14093640574740476,0.2590173767184197,0.017781249713075313,0.23009287706066697,0.6448218167212484,0.11735842938255253,3
0.4096518456047765,0.8704416439856785,0.3721132531681234,0.7780328484810548,0.2046843746079404,0.9384426314895118,0.20603311774291272,0.7287080659527756,0.9580052440531963,0.49200149541219157,3
0.3391318026388262,0.8006714132761563,0.7627850529497593,0.6662310582937648,0.45588460180547785,0.1391938357590618,0.7911107278023416,0.4725828858832297,0.31016684188888677,0.711291809438404,0
0.7487415152798782,0.850979005226813,0.6441205422476928,0.857471352192932,0.7300771416670414,1.1277441020379952,-0.6078475763545128,1.3367130999907593,0.6579804634050731,0.41991751415973055,0
0.004324179971347486,0.9738475339242163,0.4115978390570352,0.7105184055767917,-0.2271472308613423,0.5949493044682679,0.5156977407841357,0.8798818798754301,0.7008822510344034,0.4795533032032276,1
0.7944503569019336,0.7581809441079344,0.25447174075634743,0.329200954538776,0.9231192552298975,0.7947329041023742,0.27136533744504143,0.9786698402425614,0.7873783516646223,0.31908926473724136,1
0.7489370593527431,0.777260121995141,0.3710873740249127,0.6207795128361238,0.6915611615429557,0.46554437235332957,0.7390713584229865,0.5571356284403974,0.12249106201198892,0.5661655715755356,0
-0.12304252225494855,0.9359669212959594,0.71378845400372,0.5982963127672505,0.210222721639634,0.6835650474276624,0.6834973230023853,0.19145387219207402,0.5481849644314835,-0.013458359198876085,3
0.005500172824774732,0.9076008631134266,0.8200332214133844,0.7404788271342373,0.302502067753798,0.8036306226718215,0.8360338359899466,0.04150707592398396,0.45188751540055977,0.14810265599305888,3
1.2903902295784542,-0.4004389813887374,0.18537154778509282,0.7145592283046345,1.0479564934585373,0.6547566457619954,0.519698650619823,1.2367840394960103,0.9105990962855792,0.25383298438481106,0
0.17380127314814137,0.44015625247376144,0.2653126564879179,0.47995380957937905,0.7990195238928829,0.7831215178976286,0.13677924264763888,0.16120561810080175,0.17758157071062453,0.2495597763063404,1
0.7302777686298085,0.6237399546982013,0.4880897132973012,0.19058986064769934,0.5034609902717052,0.31906175436815604,0.8286964232825771,0.5192108909030989,1.3517794055646086,0.6797935033197506,0
0.81423316181473,0.8502255223611801,-0.0567710224637937,0.5451100665817551,0.12337014216743732,0.39063342110680843,1.112320793105718,0.18148809001989183,0.8755582494173613,0.32615181718355263,0
0.5693214746695044,0.7795522567129107,0.9343490838948043,0.47179227687498365,0.04773397095135292,0.457254418710245,0.2806997919419498,0.6255005550639432,0.1585728463239735,0.9611499184653004,2
-0.005588602957494186,0.9073207205100499,0.9014335973451475,0.6752809745387299,0.23694078948561717,0.8282057363145194,0.9000434297087291,-0.017139457097457775,0.3670066212967837,0.12263481594792208,3
0.2271904151414197,0.4189922934027242,-0.2609565078179572,0.5055554955204509,0.9945771395688106,0.8362904718331712,0.806519931369247,0.2866863394930691,0.9493987944682332,0.9996861132211509,0
0.7505720794472835,0.8447450815646236,0.07743387653835312,0.653670304004019,0.8805100104360235,0.3988603040654246,0.11862759536021385,0.7172024198569799,0.8935653491424144,0.4252613401694037,2
0.31878046011354016,0.6597405358375044,0.34175829101901034,0.12652847443140677,0.37241700122661997,0.060393293564573486,0.5690473308757997,0.6172646927384777,0.6510395593275774,0.282763375254715,1
0.30934711557888317,-0.09413207652490074,1.4971979828680237,-0.3673983454100461,1.3999832681134003,1.2173658458208365,0.03814017327650909,0.7253477500284262,1.0949607437168918,0.4971726921854153,1
0.2602789218712047,0.5846184569616747,0.9515250838112429,0.03818720893103045,0.40670589520897604,0.6878488204157286,0.13496968669609263,0.3935404546505431,0.122548550014482,0.8092753676782818,2
0.6834767911546881,0.8828062622098798,0.03816994167390293,0.9739710519488672,0.8896684183931345,0.5032874156453315,0.15419994942691165,0.7032207154983817,0.34555852239910173,0.10274496970452102,1
-0.24281190602133684,1.511478320367058,-0.5708023661068233,0.023600917451026993,1.5890472859189129,-0.42370291227804213,0.24083174896759496,0.12383838456007734,-0.27193047225507616,0.3495596750987453,1
0.8479995849923475,0.7631862468732765,0.19756020198806945,0.34240927560293144,0.8437648866532234,0.8596976531168307,0.27795325932006903,0.9893904878250112,0.7227200342530868,0.3391490268473255,1
0.4879690650013213,0.9068496286389315,0.4461280645116232,0.28186145863978485,0.162137222816036,0.4721738501719309,-0.13730063533921438,-0.027681704748893712,-0.007431825485429686,0.9702745123060182,1
0.3058935570275367,0.6919646070006221,-0.3294878841918569,1.1823697707684835,-0.18866491981776995,0.5529033768161623,1.263522880945276,0.13647603324814736,0.09344243518402412,0.4887153588764157,1
0.8175538664671519,0.7382929541123494,0.23812344543374292,0.3258870842575245,0.9040526019547863,0.7699425357460318,0.25937981363237367,0.985596826815805,0.7770607705819212,0.3194529841806695,1
0.46662397598832117,0.6055774976592913,0.8811412595578758,0.47995059211836766,0.09752140581325358,0.5339965559801092,0.14495052119751928,0.7488755914644548,0.13410764705949985,0.926218645624709,2
0.5937130904886526,0.16732433440376238,0.09036503882535124,0.6609928430708617,0.2770992909597563,0.010756618586722083,0.6005121202670736,0.5929488005160918,0.6323954851927479,0.4505199763802615,3
0.20744365581110608,0.7231208751589224,0.862966833813328,0.8134684571973684,0.14560505689101225,0.8425843263307177,0.9214500004556532,0.20915023057712448,0.49621240542047484,0.1132095675394921,3
0.5381191759228077,0.21899436285268484,0.8190559873283308,0.521604996181224,0.14369967065538852,0.7461663542608122,0.7024076806678597,0.5777778545256667,0.5489010942018436,0.8971610091511155,1
0.3088839382409957,0.4327176920047731,0.9376213657583624,0.369123832164615,0.7431699695008781,0.6998704560379615,0.2614456492733391,0.4620178722311066,0.24486350451964847,0.30100065996443404,2
0.6240210297585841,0.34066252836398253,0.3777099587239713,0.9705050410012318,0.7464344358210533,0.8404195050448173,0.7234742101546695,0.33063596660344735,0.15321216127716192,0.21301004485224528,1
0.32356987657215824,0.8034254916191006,0.1261837705202221,0.7042312896563114,0.1317533659365129,0.430600676264073,0.7780115975359773,0.33116297343302314,0.6129168543245577,0.8359784532588043,1
0.28266738206870495,0.8749613543546664,0.9051733925451375,0.23578705417526225,0.2791035063951636,0.904946386136737,-0.11904080925055979,0.8331449301371291,0.6723951005703117,0.6522647737385981,0
0.7720456278315585,0.8535589746600813,0.056760111645663455,0.6351055889231082,0.8957522534958731,0.3907895428913267,0.13606206508877652,0.7173250634604227,0.9051898783257136,0.4390332443205336,2
0.27048000510071313,0.42479675134148515,0.5861388572875965,0.9154372770998848,0.600427803269644,0.49882047618576447,0.5792291065469736,0.19780549534132433,0.23099938925958383,0.21267029367409987,2
1.2688058546256546,-0.1294803522801782,0.92101611836263,0.3733475660293673,0.6518953275861469,-0.2076058373790411,0.18511318457715784,0.8589531877385118,0.6314254087012593,0.3942859993470455,3
0.163049126235934,0.9684370777100317,0.6423796637274926,0.5186120218827258,0.25899590692703356,-0.06949800731373096,1.0070626986904823,0.6508318024649862,0.44293658209276743,0.6732657766275149,0
0.4856924383697287,0.797126435919731,0.6080301774065873,0.13429125768301597,0.3306235843740884,0.5979402454633307,0.7742372144223101,0.3470803685870499,1.0629679287678644,1.067098138559503,1
0.7676374704743903,0.37984191828897684,0.8961319642362022,0.7418588123676967,0.11606340373584247,0.2808281198777741,0.005972727259114521,0.2119927132076652,0.6461545974341693,0.10587882096938785,3
0.810768132374974,0.7608248252222379,0.24395295509033496,0.3211181658619856,0.9136181564125293,0.7885111142656676,0.28044224321922223,0.9803734017475526,0.7927511397020409,0.3033272462194645,1
0.29763425601991184,0.508336913606304,0.5855968501939438,0.07016375308136168,0.3826845042874258,0.1979737485051435,0.7987543360522937,0.6689728959888697,0.7973413996611882,0.40421541679843437,1
0.6926763862713787,0.8926202711617182,0.027966202364687845,0.9656674222860001,0.877557818614184,0.4873850469417699,0.16535889179569133,0.6936669575641513,0.3444315751867451,0.09880661036846143,1
0.3766854981015208,0.8183792050802622,0.748851036730115,0.3636161882913985,-0.0001000850191260616,0.8566799228236367,0.07267782911832914,0.7023264408146663,0.5983136215011567,0.6888196575850742,0
1.0407154065020345,0.14585545992687005,0.5913104390262798,0.621755165350642,0.5112362460364201,0.11950332687431856,0.5257348248075793,0.774235422266329,0.5839622711395334,0.1250997641696533,3
0.10670542645348566,0.7206164857970316,0.32293213552579614,0.9490997099319459,0.30981043922539103,0.9943571159015766,-0.02871453206116835,0.732993432824983,0.8959370630335162,0.7071863746187299,3
0.6099769642563979,0.39394670748681904,0.9241661404091706,0.3479149832852638,0.4253526181739307,0.9750122939194277,-0.4674030678082395,1.0895783934445933,0.561650513638274,0.4321294301396595,3
0.7199361995090774,0.27314945878791785,0.2425938068566166,0.5983416908056919,0.5150669608668427,0.5538162686446948,0.8079606743918861,0.12928492738512484,0.43121947844294134,0.09330056796406665,1
0.9918029491764273,0.2787222819265141,0.8497167542021216,0.9977837292958853,1.1539384466125926,0.4401253232666262,0.3715112045718382,0.45895850069453625,1.292847089551154,0.2291354277321924,3
0.3006759115975054,0.5688793592789483,0.8966187420521372,0.39779751299026317,0.7128789138323463,0.5638503619161763,0.43608888044928473,0.2754044464196596,0.32412112470856264,0.15153327683047652,2
0.5122913677508627,0.18426148899712386,1.049358393097231,0.4094975350313679,0.20493761712237346,0.6698312728707543,0.6393020237354666,0.4200257075760449,0.5887165230033548,1.049806333779914,1
0.5739175932945058,0.7273291064559013,0.5530410521196635,0.5632504978171005,0.567995861798094,0.17475617503294152,0.7441501566171593,0.5767107654146891,0.25040775737598636,0.8257956390522014,0
0.8090481528027835,0.7541892769760389,0.239758272030795,0.3271489144805855,0.9043518124568615,0.7812497171993277,0.27750341893668484,0.9712797354563387,0.7950519831819458,0.30960407302044296,1
0.32346056550668184,0.7493440301346371,0.39629713527889787,0.21524052198568672,0.500157856942332,0.7521897518607724,-0.03369568153735203,-0.035975826581671144,0.0331782356105753,0.7598077498082414,1
0.2485196725598051,0.5550907799475353,0.4269184972110997,0.5385411785405543,0.6264946038582131,0.7318734538789377,0.25379232767256343,0.10598021425268611,0.21614936739828836,0.39373300330112027,1
0.38082047232022886,0.753290874983976,0.13473142514420972,0.6192137266806131,0.038885916340389806,0.37049497645660373,0.7653730343918266,0.3815778943843312,0.4878268188433136,0.8022061233509604,1
0.9573342799551915,0.7106431160750607,0.15723282858622048,0.9887585321963702,0.7595418575405971,0.05728930326562268,0.06967083110268477,0.2732415102464556,0.394806036235538,0.11633290210052556,1
0.34848020156460324,0.254450559119856,0.8639166970866766,0.5889904029910068,0.7520140043052723,0.4351525454052796,0.345294888222255,0.714196613592627,0.7692735199443345,1.044730370281257,0
0.2747330359386474,0.43569726606017817,0.5850979981558744,0.9188826570365491,0.6002004599093965,0.5023806392384662,0.5794317555274158,0.20190929449524866,0.23374074305709475,0.20939610563585062,2
0.5981041446114537,0.13067406715239077,1.0908620979653012,0.3253958383478963,0.832991228794783,0.3525021902074311,0.15993070333224585,0.5425431626847016,0.22130820677413537,0.27982750997961037,0
0.19926827646575576,0.4229788003678983,0.26719657401048735,0.7975080451912172,0.47235959355531537,0.8485562672369299,0.8629430030379388,0.3264398216309278,0.7261039747022343,0.30220599074539584,3
0.7243011463491464,0.8078132048116154,0.03556471285069607,0.6590497393711038,0.9278634664095893,0.39173011714921097,0.0885712427175187,0.7035888410497679,0.8977399828553789,0.445250555367264,2
0.39715807351701576,0.7045869088423004,0.7133562287628805,0.6270408098929815,0.4666766726141507,0.1182083468387852,0.8688509324113525,0.4353578679202563,0.3164448483380063,0.7646641338798684,0
0.5451840501259284,0.8064532728937582,0.18219439123752476,0.5819883712007253,0.669141866448101,0.362402702242477,0.7054708199954438,0.550515398490461,0.025088270521336255,0.7572769685213518,0
0.4662781160428988,0.08324396125510433,0.8601172481277956,0.5442624780450008,0.6765281843386222,0.6204531768308809,0.13715898710531813,0.9035256029312069,0.6214159746051559,1.1277083469956526,0
0.35038234424677966,0.2544823371389925,0.8228834843782333,0.5858056612418969,0.718626844149554,0.3996566192625499,0.3517954326474609,0.6576522742088099,0.7478880909185633,0.9972494466308143,0
0.14278101507482474,0.44662649167512797,0.503250696041865,0.4245944485087306,0.6875009856851082,1.025097287689067,0.23509932965209912,0.45029936123678016,0.26892448545286807,0.3831655330969774,1
0.4006867876524055,0.7898561763466264,0.5446350500165257,0.6224522967299227,0.41563994408114296,0.20013262202084106,0.8471199115783538,0.4392785672105464,0.17858022010478147,0.8080768338249271,0
0.23194725608472383,0.3909193957503818,0.9563617385495526,0.38510199869326134,0.7537113977240877,0.7924370202963372,0.3411447253554409,0.5049981226539793,0.32531331488284,0.21256348451421578,2
0.40377892802501125,0.6715379079610034,0.7514051135296037,0.44747131252452294,0.06869634356431986,0.4151831271458737,0.12286963147388158,0.6268530286306984,0.1497492923017718,0.9073547672601004,2
0.2775893981024895,0.4375263660245504,0.5880210185965495,0.9126512120315408,0.6066998991621073,0.5079309337805757,0.5894131283805197,0.20884831430702527,0.23561430631109523,0.2033460239551801,2
0.12188179433327156,0.42248649867372917,0.22779176414277197,0.7409516510136864,0.47979285767913654,0.9382310112849936,0.8369443500835095,0.33389504640635803,0.6779190638877284,0.3126992472913539,3
0.6815202043891386,0.8811434877077392,0.03498729235543153,0.9744377890651872,0.8928987013870592,0.5037331282633837,0.15911800736393078,0.6981285958256024,0.35395651777178255,0.09781065238129591,1
-0.05322473516028403,0.7561254539090716,0.11652959949447325,0.3910739914523449,0.6753764862486372,0.8806073382314552,-0.17129210556132501,0.003920125662626117,-0.18928125650399313,0.5902884272135502,1
0.2270863716736997,0.4042129036519482,0.9350499121450695,0.36164019530652264,0.7472880867863976,0.7798866931082526,0.3212303941867913,0.5053844768276152,0.3033165768658745,0.20768906329164652,2
0.6659009906409956,0.8967493877265148,0.2715492736527439,0.4868520979832955,0.5633934663718373,0.30767589617015834,0.7069863916760764,0.46430094472517475,0.051884505378071155,0.6325310880956883,0
0.23527164793295077,0.38573412335466667,0.7355349306392472,0.6859618403732486,0.819565497398043,0.41834115869117566,0.4058710013376937,0.7708244428212103,0.6216215202690205,0.8880637983179348,0
0.2786446332841579,0.0479509192508694,0.56455586456575,0.2143830581270604,0.5832901083628376,0.33277977432158934,0.8424609836369877,0.28261777384043674,0.21694981828927531,0.7024296610360174,0
0.06975681690197168,0.745242063276117,0.9085600827547765,0.49342352080605073,0.41109010664345214,0.42704011106511164,0.6884273097364995,0.7944580657177255,0.1498375526994656,0.8967745115317359,0
0.7519672730345671,0.8461583954462101,0.07228507336350151,0.6543558266960243,0.8766812882626501,0.3981607781703891,0.12006446548504374,0.7224186200076832,0.8954985809534628,0.4219912780698072,2
0.22475404440300897,0.06214467125000586,0.5041487112764537,0.35626333781297226,0.6301247204124859,0.36631799416768335,0.7199709017813891,0.2848891938784077,0.3849671050642177,0.8396210256172911,0
0.7435541048142705,0.870065874905686,0.08415818114327127,0.691787050941674,0.8687605292398161,0.38952429425428264,0.12597962078117253,0.7429875957309773,0.8416307513125769,0.4497002635072346,2
0.6885773409481168,0.2962745073183264,0.9210742698361291,0.08629954291408254,0.5503225079368219,0.35527009348311417,0.5104367705186766,0.6603317938988801,1.1842013070773105,0.2032638488651974,0
0.6866804175913689,0.8853660118674056,0.04070029978964561,0.9781608061947642,0.8854855553448794,0.49689581373305597,0.1546736333819479,0.6998953534818254,0.3473457160147708,0.09957109488708597,1
0.7012286047568547,0.3882957653928616,0.8839730005855835,0.7716724835031405,0.17278095498037943,0.40491125256030003,0.017373147752832913,0.23226138053923842,0.6811746175119997,0.04545431374051945,3
0.3767271280178037,0.7706861433787786,0.845320212887037,0.1419850740897778,0.23692292716757216,0.9805482807926842,0.0673884828052023,0.7872944741253441,0.6558314561482851,0.7270171620211057,0
0.48059101767661294,0.4900545800909303,0.9517902807251478,0.5371456227571705,0.07702634695393425,0.45990970045073765,0.03609607492839384,0.726366158126924,0.1840245381011042,0.93280122814831,2
0.6958425723216236,0.8876765402956786,0.049023148077132754,0.9673743841976108,0.8903071769778652,0.49031384062888644,0.1525974502691807,0.6901979726072017,0.3454822550298408,0.09593859613959678,1
0.5603380889616156,0.33850704280364613,0.3981394939375533,0.7671549602703707,0.5771596427133817,0.6349149841934021,0.568104893568005,0.14953204512365553,0.8609900490535092,0.4890118359812407,0
0.3687048179851251,0.6370348320311485,0.3235929924144887,1.1045065992853262,0.302846826498741,1.016462532953396,-0.09396977941998239,0.5056530375846289,1.0232761174496305,0.748176845704885,3
0.33434071064781273,0.36058826607194455,0.4227121489912563,0.0018127073720615727,0.27850050418892197,0.1106033703746919,0.9243950369762428,0.28668165200100176,0.6219097652923204,0.7893973310842056,0
0.24172699132879377,0.5316291959400651,0.81001504592991,0.4536976674141402,0.7750329379271387,0.8934070849006696,0.4678236911957857,0.4088812516340541,0.3775706352638908,0.2748452690279477,2
0.17850630683996382,0.3573183945180887,0.1889184592066187,0.7544099853262941,0.49914033022249493,0.8777109085649404,0.9192927977268114,0.4187444540228388,0.714042578502717,0.33558321850476214,3
0.4661026051156184,0.34112176696236995,0.6805704301775225,0.6253854410361546,0.6948768741384673,1.4856168800235927,-0.27173786351014273,-0.23341149485951806,0.6522902743566784,-0.1017538019143518,1
0.25751478486454243,0.5700116780765853,0.9563082816225316,0.027869382773042926,0.4234217480233153,0.6843225765958405,0.12356568696578504,0.3909838477312845,0.1213427108659213,0.8294075659792812,2
0.3681597871663032,0.71275327989079,0.7642145047958022,0.42319783892712043,0.11463725832258634,0.49560537405791305,0.152731633742097,0.7011799215609551,0.17671146597097123,0.9530257081117921,2
0.5671415544386771,0.9850652512202352,0.22975972567600544,0.47076857150939533,0.5665859005343221,0.37908725767287865,0.7504608551698644,0.49782628514633354,0.07312496322278218,0.49861638401031294,0
0.12737660855773897,0.5778238003598238,0.3777344676724981,0.8623762024427701,0.1472682851012079,1.1619519081436798,0.1545994219445515,0.6323254637829968,0.8526482235363259,0.6324423679160404,3
0.8542271723005688,0.13801039014549532,0.6982254851949962,0.8937096751721174,0.28747316958165486,0.15502080464257317,0.3050268771347525,1.2690082075358107,0.661415485627696,0.33536698029104983,3
0.33934514229847035,0.621156403522362,0.31003107200978375,0.24429601515056534,0.4939945499614474,0.6345162337176962,0.07183845025112766,0.10042647699476019,0.14262573755005317,0.7161234931072754,1
0.033700969047263746,0.30293094475277044,0.07908176074054041,-0.07242686193119796,0.4984664129146369,0.28974021519054055,0.8667029307551994,-0.09083051760682348,0.7259581034264707,0.7672489329500437,0
0.711992655265541,0.2695583096813385,0.2033167286577321,0.6522907881016651,0.47333988569519225,0.5909831653214482,0.8078700460879009,0.06983489451299893,0.5235952278145776,0.1627704079108793,1
0.7422323599374504,0.10817831540579632,0.4420368227628581,0.8095863581772857,0.828408577812252,0.6537987637371203,0.0037900961034231864,0.13808843384849515,0.18107038227702132,0.16569054462927113,0
0.24228126407914205,0.5390980325277672,0.9048113021710421,0.04002228499966601,0.4444975604313541,0.6814446544225023,0.11437735212604007,0.39034703436395096,0.12589294702627188,0.8402117952847608,2
0.03864528228354442,0.8823879723753907,0.8398945236538051,0.719815789175271,0.29250567858529497,0.8260515461706545,0.825399031072745,0.07258041095431735,0.43860924355804704,0.13309158163051785,3
0.19753986902549847,0.8264217113193342,0.6959724327272772,0.7369756380209829,0.7895752448744191,-0.2487556836176473,0.8369501601879306,0.33049244741848627,0.8327923810113703,0.7025230082668387,3
0.8496739795322714,0.017725750634160264,0.31365855871006204,0.7539191780340809,0.9709335924930778,0.5833705333136444,0.5736799630901127,0.9250136681143021,0.7342733342125541,0.540648200377814,0
0.1979574541888488,0.2877638485105956,0.5568067301391333,0.4222955196322005,0.5958277166954877,1.1113966847577461,0.7986473675828754,0.40373516710102886,0.7160232794494787,0.7455729714976927,2
0.8464300133557465,0.7512122611072239,0.18312631696412557,0.23327387967482582,0.8783666940953452,0.8106364014552309,0.28991475241567943,0.9361677733408433,0.7956193230774897,0.27667869350393015,1
0.7989975298348694,0.32347759935915754,0.08786748953519738,0.5402224917824323,0.2291880428419001,0.4797951484124937,0.47484924774402687,0.1146986815070178,0.7663120194820862,0.6500505718440067,2
0.6303582174421298,0.24214446678030735,-0.33229692978616465,0.5390560310201807,0.5330285519154432,0.09276595681984989,0.6538412091310883,-0.2622227340938975,0.4115351422664364,1.0169330973073174,2
0.025557228157084517,0.8307483417931487,0.7418788073038748,0.7352160145402677,0.2972387734175822,0.711844759045385,0.6676990381686281,0.0015541647518670376,0.44851299040254394,0.2287510235743076,3
1.080810360038697,0.21032947126845747,0.6300256522907073,0.7693086497357697,0.06382733232358712,0.6223671768464417,0.5856700606949414,0.6479695919960372,0.6293389633826175,0.49633921375410206,3
0.6809414003139367,0.2758713630857901,0.7836149643537982,0.365665168173257,0.06298806848833885,0.8678136935434553,0.5627992338979769,0.6451678491733039,0.6640290924275836,0.8850088977450011,1
0.2701751688863381,0.5849145836256113,0.9368049576719875,0.03599045456180505,0.40829471402977935,0.6813633872024266,0.15172640741212903,0.4046650879083874,0.10836832356529835,0.8353488165564469,2
0.18795424867307628,0.5408944352486151,-0.03393884239485717,0.751313891035506,0.38564437596101386,0.6559769974548688,0.947563363684312,0.13167867255024018,0.6744595470603421,0.7418952404743345,1
0.617287638900351,-0.2046300036988449,0.31882522564784344,0.9448947726393582,1.0143397225413961,0.6740751772494796,0.5017903418251951,0.7874829537912243,0.7170314615940447,0.3038085191675634,0
0.27502562459079766,0.39671003300358315,0.892741190181175,0.5380272899583204,0.8035198854197806,0.14829491737702044,0.10807794829324172,0.9215545488515108,0.6228290807362731,0.9450746383790314,0
0.7015636744962062,1.052601504742398,0.3925333211484684,0.2998851876393889,0.15428365873482702,-0.09859166778996889,0.7764892738246184,0.620104478333111,-0.12284709065592131,0.7025020221540934,0
0.24392649883291181,0.5737801672014597,0.9305788087770116,0.016025131758576158,0.40348608835151795,0.6786534586619669,0.15313595930083887,0.423664541199242,0.08401328311558615,0.8097084427025564,2
0.20722813887257838,0.7713104362547424,0.38134199623184645,1.0015196515461884,0.35253209323224943,0.9636969758637149,0.07148378144020669,0.677435819595835,0.8977510891718188,0.6784432290913442,3
0.7309807516211323,0.2887836503196041,0.5146338241688809,0.998760624541157,0.5531546057389738,0.6350147048208797,0.5353608291967402,0.29364649975243295,1.0091803049527381,0.647728454627792,0
0.7209181354456498,0.13396459713462425,0.4543092633500499,0.8199641659777519,0.7935984023604012,0.6683085225645372,0.04040472001050662,0.13361725949747272,0.18653824035851865,0.2010690674826371,0
0.8428618021614569,-0.15782640927447145,0.14742765783780293,0.5294334571727244,0.8654471359001036,0.6583360592971714,0.806993886759046,0.6977997290403416,0.762166151582743,0.6109272439018597,0
0.6884229222001448,0.020524450594074012,0.6940055207428104,0.5575381248559436,0.1423038298764871,0.7258391086046991,0.6769466749091178,0.4443664149529188,0.5745943885788253,0.8536038464023444,1
0.271527945241918,0.4323987388962941,0.5834931392273606,0.918551748877317,0.6019970286044872,0.49730337309851147,0.5758191298565327,0.19743487106634738,0.23381013063483103,0.20917715644401758,2
0.8943600921639493,1.0250102192177803,0.7836759843552951,0.9413073571906789,0.6260387643414331,0.9992392150600927,0.08431187680192254,0.5764326782272843,0.7686400081673876,0.45261263689122966,3
0.6344835090910966,0.214768432193228,0.922774277785497,0.5030235709970764,0.7223473393309098,0.4603253272539654,-0.04437343544131425,0.523307052112819,0.5486254871399618,0.09288600918526765,0
0.5092453799593447,0.4731348706255828,0.7784561973786432,0.12241838783646652,0.8526359938476366,0.9386846591989448,0.5288137407608657,0.656316352943066,0.6073237212360393,-0.08255845114869831,2
0.4374184252331415,0.9100925803125195,0.2083024787655362,0.41652997094962674,0.4456234271008671,0.5684205542295572,-0.013737982120381962,-0.17878274368060723,-0.11580775844743255,0.9918534496569333,1
0.5031612614655071,0.9304339889202657,0.8272765171086482,0.07598355806426403,0.2522973504313824,0.8818936347129579,-0.031478636660364046,0.7266580076317048,0.8156225737999333,0.9076532567465114,0
0.38937094566180774,0.6725296632243148,0.9270763102299804,0.04994376936906747,0.1086049760451273,0.9135335233648212,0.13411978782757863,0.5915310412971518,0.451168576191598,0.6912817620335111,0
0.24959781879097986,0.5833777413786841,0.9435736060651481,0.02965435451552061,0.4167037385213892,0.6782871033181171,0.13855871091521824,0.4033901813816387,0.12295673759631741,0.8204302459589586,2
0.12347225943341873,0.9859873697163944,0.8923966661755869,0.710868725877297,0.23307340386403302,0.7268721873699304,0.9199580348512775,-0.007787208820419805,0.47208677027833224,0.1752132651963939,3
0.924537927166196,0.12256041237851266,0.2427610105494489,0.7129402313794133,0.8825660305938098,0.622877481349819,0.4975545119197523,0.9425411228967117,0.7846136998087693,0.5621271635997516,0
0.8220175256427075,-0.11631497663628523,0.24130757486803617,0.8305093489477539,0.9782837723584077,0.6404120018534811,0.441526188454698,0.9458912801288879,0.6785666872922825,0.39581369529964017,0
1.0308097133662337,0.5097699022672466,-0.3093318977458314,0.7723097651489115,0.4291189392712289,0.41135929802859433,0.9747623875785772,0.0711705477247831,0.8690893761405566,0.14853635354703668,0
0.2750708443601482,0.4331211720760944,0.5867990050308919,0.9189396404387961,0.609244202120294,0.501558892167341,0.5834026900245887,0.20047887695985422,0.23160089169906875,0.21153310527010338,2
0.31830066266402507,0.8148680408941248,0.1255409420592381,0.694669345880577,0.14545999221275357,0.41694244178799916,0.7550295644306346,0.3119464347481934,0.5852289748779992,0.8393120926936478,1
0.7043583495571472,0.674147625919097,0.9986697302311852,0.341934191129766,0.43941304910143547,0.15269827577003406,0.5321104203669449,0.8809861168308851,0.8877605428336055,0.3210042179790465,0
0.2522274622772019,0.35148595532935706,0.772584489201837,0.581251093446017,0.7848507390580888,0.3305986896169561,0.4331095890126996,0.7531722362086019,0.6026505926595234,1.1109374164149317,0
0.00202700511801664,0.7572032828171114,0.7408233049813048,0.5129015900069039,0.49954830380397097,0.7980716849744729,0.9913810509940594,-0.1245197712739183,0.24203245506481574,0.07623288217991855,3
0.6189105617339834,0.33804598210404574,0.3432809153940925,0.686674386295189,0.6563297814428632,0.6256757983404887,0.6242469294753198,0.1295497741385604,0.8229391900208324,0.4788866419148775,0
0.0751712996998603,0.6367794920249739,-0.015420323162101773,0.234103065608292,0.8949398266244757,0.7440210329790804,0.6340426931236727,0.3944298576763542,0.8611948305888452,0.9768604399532747,0
0.5516135245197665,0.1827746017611025,0.8108956990173426,0.4385802006863515,0.10582751692568793,0.7659527984018415,0.7151129187647085,0.5562277331809043,0.54992428663371,0.9313593944376175,1
0.6754567142664784,0.25908030099622936,1.010108497997741,0.38704155534558426,0.8295756995114894,0.46772122955424794,0.1163908534797427,0.6002621816075494,0.37641924042439473,0.3301648066792758,0
0.401331667583948,0.6740505261895148,0.7722154245022892,0.41143966116613906,0.04739267969490039,0.45617170756984254,0.1955857359679407,0.6869779809960445,0.12390603591717671,0.9143539539410451,2
0.33287789583978183,0.395115908794748,0.8648641567133748,0.25984109792427607,0.7382623716358352,0.7811070615266121,0.35122469874153484,0.4609165233881796,0.20000045734536434,0.09066702699787957,2
0.9420289690677164,0.9944248899599044,0.9017417641284226,0.8274718907850241,0.62771075812804,1.0738831499694939,0.2330243753199971,0.5181511082460137,0.8168042084737086,0.44762032061066187,3
0.004913282606333988,0.7471796028961772,0.5673187565037574,0.6034833832384684,0.2316858514611169,0.44575326319753367,1.0314998671344362,0.3989646521395602,0.3345871342657317,0.5012636490860121,0
-0.008660866429609518,0.9938885282050589,0.7942524048897952,0.7204905124358707,0.4174128406675046,0.7226507277260089,0.9752589489412852,0.1889585292656488,0.567310663822818,0.026991614306026576,3
0.7431013497027419,0.7127456555915599,0.24611591455274318,0.26626661801114393,0.8602291340915709,0.7885093374759985,0.21160410277501876,0.9251309914045055,0.8113549149682567,0.3124363867757059,1
0.42795539255770454,0.03353327042283419,0.37613277700651904,0.07276808406548604,0.4004943515086752,0.29081225784199816,0.9346068567754879,0.23196337661147898,0.5451917001135589,0.9214881164334088,0
0.22718673150092966,0.25186520102078697,0.6962865627164913,0.7707821647103191,0.5632968735693492,0.5634311229322876,0.3017733138894198,0.860602122782726,0.870658722188669,0.956652580893597,0
0.1318230403850324,0.5869527664725713,0.5127069949016142,0.5839781697669411,0.7138841351935137,-0.02543574481362522,0.9355610390309217,0.4579913636329833,0.8666304392511456,0.8934738089299039,3
0.5952725212108134,0.6948996619741461,0.07153028126161404,0.7499205354166557,-0.013155001176177239,0.2952618923166212,0.9930218156266658,0.1664465521329283,0.6478728215268659,0.5298702102473372,0
0.27542180942727756,0.5724319843776539,0.9587913200198624,0.016811200102345106,0.39465204658646413,0.6853025543593514,0.16262319291193697,0.39116716094826,0.13286688494857468,0.8106095928469353,2
0.5185431343803067,0.8381377520375761,0.8166908555343205,0.20408782692162786,1.1319876797714288,-0.032279185798302884,0.9631042947614575,0.21178937476739823,0.9656915394896394,1.3608991077059311,3
0.8148846629063544,0.740825520730909,0.24609519527730858,0.31115420479313854,0.8994664278113881,0.7826704084566046,0.272490932338595,0.97993842534331,0.8019424446172314,0.31838202274394295,1
0.6219159206918125,0.8218270083752566,0.09906597590239274,0.7430120556709116,0.07025531336714426,0.2904204966781396,0.9369215100572504,0.32180248512242143,0.7934178635457068,0.40610488902855923,0
0.8779961549098508,0.6759673301140005,0.08809737933578002,0.8339978983744627,0.06526889583639381,0.4369934109440253,-0.016116370523495058,0.8692812304346025,0.8404228895602079,0.7905211576179841,3
0.4130329318481825,0.22589948192437526,0.8590263858885555,0.5788677218106024,0.7675947376992052,0.4606046728057167,0.30016682845806036,0.736070639286287,0.7952223704515959,0.9113864276204978,0
0.30349477777911876,0.7150161777711792,0.38602145718491593,0.28851998711922183,0.4223122513535122,0.7361542694004849,0.023373438278698783,0.06684811649068363,0.11882708504107971,0.7870229170883801,1
0.33541187228974995,0.7795206844967669,0.13456388708424177,0.6478471094994869,0.15796314908166514,0.3777976421908721,0.7870022463762061,0.34905456517712813,0.5837808488766165,0.8380957678827351,1
0.052259889104561745,0.5604988495244814,0.4229954424499752,0.45999125054987267,0.6983333287635066,-0.09243071763490683,1.036203824185255,0.33366831622750426,0.8784788121248415,0.8997985677834012,3
1.1790031668297496,1.0493810342999035,0.5476886667645899,0.6476820688799962,0.7257770095554652,0.8309523088775344,0.3578269248294206,0.26041542661286504,0.4487334604920324,0.7521063136614282,3
0.620448816935848,0.20425781244787186,1.038725196171523,0.36797925325402525,0.8435965432294594,0.49658593003693746,0.08774133539413538,0.683565540882274,0.3356326117831959,0.33404641783227645,0
0.6829349121490006,0.8842232673508508,0.03734874605668917,0.9749012899917571,0.8885417029727503,0.5016898326367903,0.1548465113935814,0.703462779128633,0.34710448882866757,0.10245622482652988,1
-0.020496845543575337,0.7372409494916172,0.5950331991482173,0.05006608016447189,0.33290026426291464,0.6808403691730531,0.13397775036931925,1.1323256621862572,-0.21335315281159745,0.6594024578038689,2
0.21110190993486652,0.12366448925920578,0.7737270223695282,0.6280667066371433,0.8641370983046548,0.3037134849889531,0.2814175827074708,0.7466059973610454,0.7929906853754498,1.1207533468033888,0
0.2542473854293006,0.7601305271706982,1.0413845250531226,0.33977526456922236,0.2867685839305096,0.16210387451810207,0.5927697887039148,0.6140547996546761,0.3868490452427882,0.9515602317335263,0
0.27566220361987587,0.43323868093668366,0.5905963040424648,0.9118345802283093,0.6019041171781575,0.4933531970002631,0.5751814508302712,0.2043156155270246,0.23226749111811515,0.20456956256645664,2
0.3240203824081242,0.9985763073630244,0.6633555776239655,0.32358669551277336,0.3458345182490471,0.3008321097703284,0.9565426661152561,0.06629496689019511,0.9195764198291579,0.2863612069729517,1
0.6810625264697199,0.87831334251361,0.04125493433873075,0.971655859986652,0.8870511726563195,0.5032352136322701,0.16071216918067696,0.7057914969261225,0.3417658373044668,0.09861396949752561,1
0.32341184557070446,0.11591148769385812,0.2927363157066519,0.18930895250283336,0.09642157329130935,0.28722573563881715,1.0189430059646272,0.6771216012196589,0.48807899044364306,0.6672823042754419,1
0.6920475805463836,-0.20986970281944656,-0.23044317008687187,-0.2532694778235384,0.4697112878485976,0.32776627019167304,0.43648510352149905,-0.10162932844855763,0.06091079704331748,0.6486888035892251,2
0.4102170703351808,0.6352753793446932,0.6336424717205722,0.7217593717398993,0.12646735446881704,0.7931082829527681,0.0913020428609884,0.46884378263573867,0.9193729514261556,0.4743777359158516,3
0.5696422433309026,0.15161514577993387,0.8030830437865409,0.43864871104389935,0.0754901019771729,0.7498989356978518,0.6808099346060353,0.5477292709408318,0.5105154393319921,0.9864985814290612,1
0.29152452358851877,0.7736761450510834,0.3114051304825529,0.9745591787929421,0.2479781764954469,1.0226937102866627,0.1925623283251074,0.6090127043392665,0.831008039481833,0.5753940069357671,3
0.3457773133376739,0.28885034839274604,0.8243882176965548,0.6031663018265782,0.711103747706761,0.39053425635238087,0.349057321157894,0.6486532476669621,0.7463379689177068,0.9917905719456932,0
0.01870896936371208,0.7786617701686418,0.45720419835291143,1.013134519746174,0.22315587820231164,1.1073199830686578,0.13289086077740886,0.6788759819931828,0.9470071341716869,0.450300777624888,3
0.6109772819359038,0.3705000276060114,1.105912516992679,0.2998972200271208,0.7478611597451466,0.43807319230300196,0.25262064327187206,0.6638648481453546,0.38037109010646913,0.31628767045335743,0
0.6375263863209251,0.37679900997473004,0.21291786597719997,0.9313061620185361,0.10616062587337999,0.9655351170553523,0.8268891575588209,0.31231857247628,0.35409307070465856,0.4360010397987926,1
0.26468624479454905,0.3918885522507498,0.9644379840757127,0.39143896905959447,0.7716326844162963,0.7529469076435248,0.31027455175324353,0.4836293079585321,0.3076576529250881,0.2332229830258911,2
0.3610396187378089,-0.07667949662080129,0.3277565572022141,0.4988170440769398,0.5630915110092023,0.5073366602840342,0.623158424188123,0.4898459286555516,1.0385846240471814,0.6854020310547765,0
0.8779960432240757,0.96804318891753,0.8693904250686901,0.8777815624591913,0.5877976658654871,0.987884493364806,0.14026314431001033,0.5776951478368789,0.7430018525783416,0.4503705142092346,3
0.6979446213070797,0.9881059698989483,0.19102432223162075,0.6485734156881886,0.5878208793032629,0.3263413364844311,0.7437347311470197,0.5014897250447593,0.19702179629752814,0.5996746487241047,0
0.5604226361142429,0.373944414769195,0.3426895598698429,0.7407508922710515,0.5438648899538912,0.6945803860407472,0.6560293456731179,0.0834929255286444,0.8670809925395375,0.4917264501537698,0
0.11511613097778978,0.14218019245971703,0.9587637495964527,0.4846287504888555,0.6224759663694571,0.5958246402277234,0.2795611126908559,0.7494077699214051,0.6753325059055966,1.0641666612556846,0
0.4691218000562766,0.6581983657391406,0.8227404879065475,0.16769939843264897,0.6505575992841374,0.7013623238319703,0.3891138706052656,0.729407546404765,-0.29403675522379596,0.05814966470610183,1
0.4461831658449573,0.5482947837796847,0.4388870578085199,0.1360140426458366,0.5243389834138009,0.1694946748367926,0.9312921657070456,0.5838389012176501,0.7310472536766214,0.571267321023413,1
0.3813884543566431,0.40854391350678293,0.9397066028833205,0.4702105519019217,0.9331050187044929,0.7298228657313276,0.16445791267517684,0.40797488354776335,0.32366607841364664,0.02311676023815636,3
0.2730665889863062,0.428825112618845,0.5865512848924448,0.914865863911141,0.6083957238694305,0.4965053083311265,0.5796655258086182,0.19756418319756325,0.23547886998040077,0.20959256349346977,2
0.8547104878941416,0.3181333548086561,0.17686649299524881,0.5912069305360764,0.17361033486777822,0.4119677847163953,0.5920655960388145,0.07646885432204845,0.7265711767621884,0.6572894628891084,2
0.8206083475694115,0.19039178584266997,0.08367461043002049,0.7782101901124191,0.4973085345195395,0.4991746583543493,0.6591518241229952,-0.05529555454039965,0.5222221369088001,0.0541818581693031,1
0.5878312079691873,0.7676388568939196,0.5823161106122161,0.2566229258111712,0.3313651639592992,0.7651412204796056,0.6533726648736478,0.3200907473319744,0.9521730360414415,0.9484260097948011,1
0.42450466263422104,0.14720347683683727,0.27292396574447275,0.2043536174832271,0.6618924344513486,0.4310757334402708,0.7702697063904206,0.36643055988714707,0.5009805572554292,0.9640129253037222,0
0.570001494476078,0.9788468753658538,0.3406858970290692,0.4618937148286077,0.741775483987408,0.4416877687902083,0.8542868317121949,0.3105933921763256,0.252762624473841,0.7999416289741664,0
0.8257479864296365,0.30560646604904257,0.9298352978047676,0.8004283680599618,0.1762859661864032,0.2760099643331562,0.04603259638472691,0.2275361101482282,0.6119827947401948,0.14108652636849833,3
0.8174823020306234,0.45280676678501786,0.5932183416486388,0.9842681715198367,0.65446303880006,0.6532875948007636,0.657554608050156,0.25461432445903465,0.8088922365543174,0.6897195409103428,0
0.738350145194398,0.8312731979596687,0.08727166736415413,0.6575775634842873,0.8710961653966565,0.40491814145433735,0.1284617524710438,0.7180017913615824,0.9061465731546535,0.43275489098251696,2
0.28621956094042206,0.5091844279441952,0.830299494948165,0.5241641967299372,0.730124575369413,0.9328596458450545,0.17647948532182484,0.5628609642723611,0.35382722495649793,0.10835718152218145,2
0.13849076256051748,0.09320016793589908,0.2991524968992518,0.04541239814887697,0.7944781595790675,0.5719289313541429,0.5427487828227227,0.04947921608544189,0.7646597275533398,0.7980011596950176,1
0.4349483531809426,0.8483516513555884,-0.1991760514593367,0.6925088665241004,0.7978455692770038,0.24644010558944562,1.0454323978331668,0.10865910895035591,1.3967628244869166,-0.3306433751222879,3
0.5045484706044667,0.9359244633958074,0.07913057536030982,0.5631056819334006,0.7189018984416319,0.36190414063665755,0.949629143836699,0.6062162905836999,-0.03039330635652912,0.7353460314027237,0
0.44994600970559334,0.3280872680518359,0.9815044404285636,0.36278443904515756,0.32252719313310546,0.17207528369050282,0.7837283326889087,0.6379499420828625,-0.28386605923131686,1.1869458316517913,0
0.5529033172813161,0.17175143927105693,0.8315670936202726,0.4424878836764023,0.0870291354105791,0.7684918697128367,0.7061335009303453,0.5677874701038087,0.5394692299482106,0.9436063610230578,1
-0.013550220269168967,0.750874646875128,0.8430421024403367,0.4997485150873614,0.4879076143548364,0.4484831128125666,0.6279366922259152,0.7224832545795747,0.17228557722759422,0.9530603252281705,0
0.286970815334919,0.07722472329688373,0.5664702450349534,0.6586334841268006,0.9697973749455588,0.6642314549805277,0.5355886723041389,0.8572881265781469,0.9910220905948652,0.9360965345595748,0
1.0327049213641757,1.3783082297822147,0.5629939122880205,0.8786767319509545,1.1497081164636784,1.1234471116163975,0.3854333454045028,0.39934361416319125,0.672575075501298,0.33392205613791187,3
0.6736616338914703,0.8883095211557158,0.046944076456294975,0.9742951186052867,0.8732472459385211,0.5104208416463011,0.1690425448150714,0.6937020974062886,0.3580228244055548,0.1162159906414534,1
0.37968034524642447,0.6813936734224977,0.7967058025968002,0.41384846890774973,0.26331119723560314,0.8118034689323215,0.28638750133475266,0.6995834226158875,0.40793505888931414,0.49177556264009215,0
0.7091164301597456,0.16195999092105268,0.4712110901798691,0.8305029625502951,0.8454920583645439,0.6707272676755318,0.0733823613184095,0.08082392309209566,0.22232292405512769,0.24176686112092224,0
0.9343843054706253,1.4725028775644784,1.2631619671035534,1.085023437326668,0.22192750447964465,1.0364143796964622,0.6368371145111322,1.1805833287342509,1.1359492131355768,0.327699132676655,3
0.301413227035081,0.23894689143725192,0.7288319431254531,0.5087046851388933,0.6985390719558702,0.5316285103640457,0.42036605319280473,0.564128251325154,0.8228088462005978,1.024741894509425,0
0.5897531376849916,0.28653520146473505,0.37354697166538725,0.7647271837314883,0.7070475710456441,0.5892942561099042,0.5810503016181092,0.053756986998343456,0.7340319884184229,0.36392433461867896,0
0.758645530557121,0.8504586605066908,0.045618789293704616,0.6608006960539052,0.8929519233944893,0.40830353816717757,0.10823256573536467,0.7451700730189573,0.9045919896492135,0.4295389606637099,2
0.3355721028798411,0.26118073154808213,0.8308871583929027,0.5831336717009532,0.7137096633707464,0.3999047012931564,0.3280870638777872,0.6795584594906842,0.7401284293887338,0.9822314920951617,0
0.5389647926669894,0.3686987153287079,-0.5023091808882959,0.548134320796893,0.3768501932002504,1.1120416334335848,0.40835559571783764,-0.0892977745093459,0.38589796618588706,0.7678035756009347,0
0.3253536285394589,0.7922783882435773,0.11714112479704644,0.6803918449637499,0.12463002700529541,0.43719099438385656,0.751628054600933,0.2953117996177476,0.6097849692809468,0.8451730564306195,1
0.8945283843268413,0.044350337651739236,0.6185188571474973,0.6405701081294517,0.639803352893297,0.17443620524798625,0.4091633627197847,0.9181315627729597,0.49207694890722603,0.06069189734104398,3
0.14302208084611426,0.37516927540692646,0.20845520733656925,0.8011153904577313,0.5448989464982357,0.9333821909692334,0.8944713206502269,0.35356588672281014,0.7074826178305043,0.3255009189659266,3
0.5065398592066903,0.7005183448491084,1.0526853795845614,0.45479996467773076,0.30590943509869684,-0.02912747332719226,0.5303442746848901,0.12674406954345724,0.2718446717611228,0.4628113837341251,0
0.6542572764601805,0.12158391433259441,0.5557091506595571,0.3510855044615158,0.472355620002735,0.6650415601907267,1.0019888270887607,0.6947202137294104,0.3379395587424362,1.2728317624936372,1
0.6079552505060034,0.7380904799976288,0.07724838545560596,0.7307925618820631,0.060301953559831825,0.3082804007420135,0.9339004979112367,0.2512093702358594,0.8090877536363075,0.43665963541127195,0
0.194868711449738,0.6818057288185244,0.30429734990054064,1.1048543566457145,0.26597292168529274,0.8530955751774966,0.20277769597883116,0.6032275045781701,0.9824845022553749,0.6860497337138618,3
0.9458959627211061,1.0012585060158108,0.983513330823482,0.9488974134396455,0.4737672891416635,1.0646989176964272,0.13918002420092193,0.48635615586842273,0.8278641250560301,0.5155087591522575,3
0.26813410735411425,0.5912231418653562,0.9500142076316421,0.041421164291108176,0.4071413460873905,0.6961329579164157,0.14842854785833817,0.42075705154064585,0.10475640307713213,0.8064117924902847,2
0.6226958174076587,0.6240396282542765,0.590992658159444,0.6628003983826347,0.3123704242512988,0.7905822323494218,0.6206924878208346,0.7322222659410011,0.4858726656599747,1.2423562285022325,1
0.25548648918980765,0.6727989911871868,0.43818928145333336,0.2622636997908559,0.4120111229554464,0.6862370749360213,-0.044198551016140765,0.08923082732465776,0.06169659287535235,0.7600624451904184,1
0.6896081805500016,0.21519340420388064,1.0010807439309273,0.4860708610741964,0.8351562183944045,0.5092644658817161,0.10840475765013974,0.6163826451582725,0.2750037505394646,0.3466817544879748,0
0.6938497798337369,0.14760950364077774,0.8950438759356734,0.4621244002112542,-0.14803808154704626,0.5223370648613033,0.7046740247132672,0.4140427786091175,0.4521814549887117,0.8488619356889153,1
0.66724102135888,0.15853036276834148,0.28454181824860125,0.5800881606304951,0.6800041042786669,0.7962970936956718,0.4353476108579818,0.13986765034397944,0.9766199229132327,0.3828442045383702,0
0.9250239207637082,-0.04895887553310835,0.5580314754476686,0.4976713697160264,0.8106388187249153,0.0800963931824812,0.5161252152748432,0.7524920790095807,0.5276367779977184,-0.05742270649808712,3
0.15497133454491802,0.40654724076611004,0.22327394307774956,0.7759163963434069,0.5327226283436927,0.9245412256096665,0.877993201933117,0.38980164689273805,0.6973693276835325,0.2931429274297909,3
0.4484704011432386,0.33582176807235803,0.5069232849490609,0.7865512691372918,0.9347002440177321,0.0906071309454371,0.6316097535023693,0.864969780249196,0.9393620072768039,0.5913055487944305,0
0.5397845937436607,0.3669608884436486,1.0968037151758652,0.7957985900274213,0.7648142558936913,0.6652347775454299,0.5246433466206272,0.6155441623263125,0.5419806193095811,1.280541292139722,0
0.6532885464384464,-0.04418827137984277,0.9105901142416276,0.4667506183880353,0.15324385590830994,1.0216262127074478,0.44751283723006857,0.736503583846148,0.4170642663516316,0.7510277947617776,1
0.42072402600613024,0.8584121629135141,0.6203295268209559,1.0324104040921969,0.33479130410024205,0.9135724134964891,-0.09158674456960822,0.5870862245641395,1.1415271219322,0.4607807339028347,3
0.13960001655539553,0.9270707091542684,0.8428723837041149,0.6856769621645072,0.25868856837385873,0.8615642968306829,0.8340221851586437,0.01502501062001977,0.5390869905178255,0.20685053472133413,3
0.363059021283767,-0.1676714826455734,-0.39622903719571345,0.7404135066468799,0.9264349376971425,0.6182344200998896,1.2370507425038864,0.7505722098837195,0.17140509746315924,-0.13199610981170184,3
0.8198657586352641,0.025308978170692754,0.13422524219599466,0.8017971781216799,1.0295569147412673,0.675560088669204,0.46995806579776433,0.999830679504603,0.7235534223724033,0.40838392428587633,0
0.7104790808569148,0.3019736919251693,0.5906487736986265,0.9843914441351985,0.6136732908538187,0.7299284825851602,0.587940075342333,0.28433490216820956,0.905342275423723,0.6988291547907273,0
0.4814626239003428,0.9234686914661386,0.6201277595083082,0.2482258905971197,0.4899362271667982,0.8114638126071562,0.7484963558388871,0.44085072801350894,0.9728809224762156,0.8660707547333111,1
0.5862070680864993,0.9294620450202185,0.2292803066658253,0.526940906580522,0.5027293170430464,0.2648193615615551,0.795169624284333,0.510757188623771,0.007309990118465524,0.6409514048610397,0
0.8407345393998802,1.044919913743768,0.4563336391879184,0.1530282113044762,-0.31506778964005955,0.7401524817557233,1.0345530118653588,0.10690872900938136,0.36648218118227194,0.7532063618049356,0
0.7974056108065435,0.7599441730157509,0.2334656549198556,0.3087085751526344,0.9201947349286717,0.7763567057128198,0.2761257014728403,0.9781521996650095,0.7914571478964679,0.30266692251430966,1
0.2557339397957808,0.5804606115841093,0.9473033756686527,0.025851541970427154,0.41632246468284995,0.6832267078344493,0.13935712378477225,0.40183544543261873,0.11914204676948169,0.8166808218931181,2
0.6837120091094097,0.7389652005921363,0.4553858082396801,0.4512969160883974,0.5709966390826514,0.4202499498757229,0.6085852465705139,0.2649314489521648,-0.011778474044239234,0.4520479472985818,0
0.27378956579773495,0.42709386998087223,0.5904450311919435,0.9188753898999777,0.6098610938136733,0.49791812302186383,0.5829150655040067,0.2010155780761553,0.237419071530786,0.21151640221218815,2
0.3856385290688946,0.5042583048715965,0.567544913592411,0.11447284520682233,0.39516874395468077,0.22446659269735864,0.7986166399865083,0.665310529587629,0.7225115808628002,0.44345048376028406,1
0.19881956760132163,0.019830313417588813,-0.25840392885990215,0.5566156687784338,0.04334705769285824,0.17867831601648881,0.8230370736133034,-0.4428070126545517,0.025924895932407765,0.27513947318581383,1
0.6638599927558496,0.6800811194813922,0.1823079499340528,0.31893657704754264,0.8855742672573387,0.6452862724614158,0.2109098099308136,0.8743334889246919,0.8724348304657022,0.4318135476863502,1
0.0721442372133666,0.29663410749746094,0.4047853086779895,0.5195136673573253,0.7022776331452972,0.9644947615139108,0.13322215339145277,0.2852338253739569,0.18925211329090807,0.19620430056381435,1
0.2501083026051746,0.7056079188001623,0.7362228271795256,0.32033067290075506,0.48293060682164607,0.3910310416981053,0.5032343684842983,0.8931660820823512,0.3918312446155988,1.0581564239577135,0
0.07663278777763372,0.3429756469829719,1.0981493061405336,0.5687764482925624,0.5708725323684876,0.46034248250673787,1.3256382868476209,0.42609101444782105,0.33350718191384093,0.8428975896660302,1
-0.11129165857304865,0.39821732241946556,1.2090956815006446,0.39093406996436425,0.4866755535199548,0.664893750791774,0.3758465812905056,1.1297274999575633,-0.15189312577045505,0.6491304460957199,0
0.9917943431095422,0.750046045739592,-0.21850257563639747,0.24732700266236185,-0.18920050296545404,0.2648172684456101,1.208094828839992,0.379180872092932,0.9570894802772221,0.6371800723346176,0
0.3549364401255201,0.8794633203575649,0.8480851901522959,0.7067374646315827,0.3997193997699449,0.10527495529617818,0.8074480634411817,0.5285667451012314,0.3284362540730995,0.7150312992326431,0
0.2548924493008613,0.5865279413059459,0.9753795281635391,-0.0012768509012932097,0.40664838707281503,0.7009117499923472,0.15190584389590658,0.43650597111193434,0.10991976370518576,0.8341509697511393,2
0.7381246932559983,0.3688906559783239,0.9156427369957613,0.6924649898218286,0.10815411446262103,0.24465082454840162,-0.021201623103349287,0.24381678666551596,0.6288403319380107,0.13697094299865942,3
0.17222054940395948,0.9090308351873104,0.4268247884776251,1.1231876492811377,0.2827043730736279,0.9566203141309407,-0.05311652203902953,0.7730189677730237,0.8999306720299272,0.49164577080313143,3
0.9666606426543011,-0.15460524815128965,0.49903381258298857,0.7923534257682283,0.3388971843847245,0.47643953752662016,0.4007167307267498,1.113158342491388,0.6591893638930074,-0.21814041109552074,3
0.6075144838603309,0.8884293543501907,0.2562563787156723,0.4413813191285668,0.33232903622328186,0.2779445269856404,0.9315457740541684,0.5140953784559882,-0.1039321549710234,0.6301090231155585,0
0.7280235488265325,0.14981011523881538,0.4655840460559293,0.839938176352601,0.7892925222086984,0.6719975335483442,0.06223184411342143,0.12151742627014958,0.16596667648363805,0.19759060203954573,0
0.7977684366389526,0.501325648480837,0.7444950415981778,0.478591898608827,-0.21494686390728623,0.9456969899013149,0.20077131159997813,0.30745713769888544,0.4387448272789254,0.47841177211687086,2
-0.206335950931262,0.3759271076559427,0.6475229880012836,0.6137885907768351,0.8609511041767329,0.5563560588139316,0.2978666318115477,0.1561353335539717,-0.41261170706632616,0.5349034071224767,1
0.26325870860776723,0.8525470943131405,0.7272290413553992,0.7190883341557672,0.40519485517809617,0.20723668327699593,0.7590843279596566,0.5275461212591616,0.2982564284064944,0.7748463561977017,0
1.364307167858811,0.6530903453413718,0.9734913412033906,0.7083204433686641,-0.07388321030905709,-0.11970314420554878,0.5316900436592298,0.7507465845006887,1.4451483202270978,0.0834270737727702,0
0.09603382237135583,0.6595586576096485,-0.01614862852813465,0.1844480177159333,0.8105834744412405,0.7599717787953185,0.5900524056956686,0.3628320920394904,0.8076181523103058,1.0011949172994932,0
0.72550056547658,0.25907164567854646,0.943650092702899,0.37871473360375374,0.8213461815274095,0.47337563156447915,0.10614133791485922,0.6223652627416946,0.36625218222939876,0.2778473017539766,0
0.7422739948763739,0.24740954571710266,0.5743301755555014,0.9036776998472653,0.49041633825394837,0.6428650815865039,0.5944310619487911,0.1319123445774635,0.8759636674833041,0.7461811872380685,0
0.8697397771186096,0.996744616068044,0.8760459128623078,0.9222862345708608,0.6395044790429005,0.9780201244059004,0.07517030056997454,0.5157789405945361,0.78678299818062,0.5125231896875855,3
0.8426410961736168,-0.1204906839456944,0.48646037372126033,0.7477956898435006,0.8515356922548053,0.5025076578420036,0.6699213716821448,0.8322404451321291,0.7287241915962878,0.5997944185110847,0
0.6440098943492479,0.11390118046634956,0.37834240376160094,0.5997871512869946,1.099390970779866,0.5507731413269291,0.70492094480149,0.8078185957842041,0.8010939683926632,0.6901419657497858,0
0.30664961108740757,0.8223213418362906,0.07753519833908559,0.7295837294007196,0.08651255749518752,0.40995626179651984,0.7183052404164599,0.3120921020158104,0.6238236612726613,0.8112353973149916,1
0.2425746964335466,0.40620850376367174,0.9927410931201928,0.3662471917181913,0.711063899335565,0.8269119672985564,0.2139071962296759,0.5358518785072813,0.22584939809689447,0.3238682273272555,2
0.6095088032316952,-0.26420273408579714,-0.03992983311678047,0.14095395971652316,0.609686205751535,0.41521986066962063,0.4260015191073826,-0.18935370656549938,0.12195093163923998,0.8327576077194875,2
0.2250988656605309,0.4125679453401239,0.20482566699269592,0.8297560853918418,0.5069282598891562,0.9848237649102987,0.804545511799975,0.35263092795242607,0.6448727855289108,0.2562104350775315,3
-0.02479956844905013,0.8226239091463124,0.8739625620337725,0.7235668312820476,0.312114521929502,0.7771489726724735,0.8806948016808682,0.024076666739366114,0.4757777652619907,0.15344022676314284,3
0.7550064244919134,0.364983906668332,0.8782081301809012,0.7197851456088941,0.10924446478622835,0.2650352710088564,-0.010846315687897266,0.2253632930039417,0.6602667312608037,0.1223366363321873,3
0.7714318891105172,0.8615878427779889,0.05790628812814681,0.6750509581488064,0.8784057398762939,0.3870137961963547,0.12790637915699915,0.7316514566682273,0.9020994030214264,0.446147408664666,2
0.7939289971690521,0.3308985727863835,0.09102571290705168,0.5561400421761662,0.21421807144288135,0.48824830080073245,0.4636000433252755,0.10196813913903725,0.7588259024710513,0.6300724247233934,2
0.38584656626161207,-0.050644849701460964,-0.06584761880126178,0.3818811155567587,1.1834420480630274,0.4060102844783099,0.9077204356354632,1.4553693221996253,1.123452690265667,0.17607421026923747,0
0.24224029149870058,0.5676389956849818,0.9407668063148809,0.02572002620994253,0.4220782601423045,0.6738399324477683,0.12870560996178215,0.40011721061771116,0.10521888872641919,0.8298738378312608,2
0.7976313238543276,0.7212293428635268,0.23102009022813277,0.3113363769676129,0.9449389414341939,0.7223513429863488,0.30555775456466744,1.0745416152472784,0.7907265042723307,0.3483650774416216,1
0.10047554948729046,1.0052609503057521,1.0462468118730461,0.5218633443003303,0.3640635969122942,0.5705547810148983,0.8972995224971381,0.919116572853363,0.36796440441219236,0.6785423910726242,0
0.5462822608245681,0.310452787985055,0.4025976880771338,0.7029010509432598,0.6293819646889732,0.5698599094649773,0.6203356062295448,0.14340422037905665,0.7979480694367559,0.4272777517280019,0
0.27777943908512326,0.4318892969206997,0.5812986774538473,0.9149156209947829,0.6023934962015927,0.5018315865459597,0.5822952338333952,0.20090214069126436,0.23182842915968702,0.21070987862263907,2
0.15178967077931643,0.8753347398388356,0.9093119135176644,0.3951317501102262,0.6899673877085453,0.5070786322107056,0.274399556666795,0.4247370212353422,0.42710043959358474,0.7513403506784595,0
0.38348269668821205,0.4111245011639443,0.9477642182157616,0.4466040427321915,0.9120247627493161,0.7285100555606423,0.1818171673430769,0.3742481022160535,0.3051165056614359,0.0475801064216242,3
0.0837763140871234,0.6518635351790052,0.4625930413079111,0.6072506416793315,0.7205046506061794,-0.012529536957589087,0.913776280392752,0.5026838023554577,0.8089827071448968,0.8675016577168483,3
0.48565191809068253,0.8440172657915861,0.9386828059818422,0.862100738583346,0.6043063689651557,-0.06913580795898625,0.832806163913092,0.3716206204260436,0.15738873030214634,0.6389490516325775,0
-0.035037916315678985,0.5597744535276402,0.7695180606140406,0.6413874395335242,0.1810640560953508,0.6777708610229395,0.729786685853146,-0.1276023776661361,0.8177357964883815,0.06250672969751142,1
0.7328645655168785,0.3855707407782591,0.8756658500713052,0.7417335971767762,0.16084644427907704,0.2323521595514687,0.05696638666871643,0.22729684449982354,0.5777488857392334,0.04796526002204207,3
0.42877877111931806,0.8579901252675414,0.357811279691161,0.8437751986887879,-0.0024310503665736227,0.5717162985239127,0.6944469669410236,0.37577607107518884,0.6828491220599192,0.7373480750251047,1
0.5943278248189271,0.25729073648931144,0.46822164416579415,0.7553789656163152,0.6251248494702456,0.6450460577776171,0.6213184781209922,0.11033325655880033,0.7763111197472542,0.46203295272085326,0
0.27074375250896465,0.4278241548658481,0.5844446030987831,0.9213071576617411,0.60232863957602,0.5026518005505783,0.5772009562412068,0.20064038126785042,0.23213253688252375,0.20722047269878982,2
0.027624534834218117,0.9868855129096737,0.3576881988488178,1.0993248027098401,-0.04875801369489696,0.008092162731921121,0.7775264267506994,0.21544687994721512,0.06921632047216711,0.9137533413731111,2
0.5842473180404153,0.17281080028028586,0.009858045028726947,0.070671858102346,0.4231426584300353,0.49588532221237663,0.18698946828880594,0.20027125649345884,-0.19772152435388934,0.31989601497827114,1
0.38420122320022987,0.6221426379646038,0.8647707787907617,0.6950281013741443,0.5082934059005654,-0.05399411700999379,0.6909673540884402,0.33748327194816113,0.17143767645841307,0.6151720299469583,0
0.03627323254680803,0.1974696267228817,0.5740405357380158,0.20295179369501784,0.7175198580948134,0.7625960765561607,0.5259021900473929,0.12016664489430573,0.9908204791425684,0.9253428713297867,1
1.1576766320569138,0.1797344083058201,0.7203341112012672,1.016465262779291,0.9830091357777125,0.12364570421069111,0.19845011777022414,0.5523024410486006,0.6090451419257198,0.04782010015184648,3
0.5741622250617422,0.1214955281579695,0.8527749214227897,0.5164234919037926,0.12449704286523913,0.8046246345427968,0.7244295579497818,0.5083466015065338,0.5292699240869576,0.9904429369140303,1
0.2763586778936437,0.4416629892625674,0.5928632224475859,0.9220547009673934,0.6069417763248623,0.5008529708582609,0.5624955140798623,0.2020684505975162,0.24002845759288935,0.21974788073319582,2
0.6851311840148778,0.228044097759366,0.9926491988389898,0.39496807973670006,0.8106405634270034,0.4251152025527352,0.13650040418684925,0.5863668939776102,0.33649333199188136,0.2910246429353673,0
0.33771732481346134,0.7390235624093552,-0.009833406210232291,0.2055624620696846,1.1071985509763644,0.9473574529220101,0.7882047736015066,0.5745940712808553,0.7535526314823027,0.7872681322578532,0
0.16414776123283487,0.826126507168346,0.32713561577552075,1.0627140383023899,0.3595119908856066,0.9045082193273877,0.1763015147214983,0.6268248479725198,0.909252454895212,0.6945067844936261,3
1.0678146812274794,0.37274479452074494,-0.043818337061879986,0.5220007779500015,-0.41665432303136496,0.7622228928991315,0.778345192242472,-0.0780131650246933,1.152048739276708,0.41492829831527306,0
1.1135907225819763,0.8500606948276324,-0.19397827502579412,1.515070917646443,0.8502420120518913,1.5948881368185805,1.1978484870799457,0.9465132665666912,-0.14581654195444949,1.7443490618992499,1
0.5580260668213322,0.20248102620032077,0.8992547181556811,0.5191935886000166,0.07644250943947388,0.7598443669048434,0.6499503731617158,0.5176039968617737,0.48484311670297225,0.9860411787615646,1
0.7419514224976913,0.8072562334799671,0.8799502011528147,0.7610514581185808,0.3681429080286674,1.3354047290256266,0.32135354323598037,0.09014390645470666,-0.5396302006742311,-0.07644934137670217,1
0.21185449394161532,0.4214693726892139,0.3126102349087422,0.4520944424774299,0.7375086697022052,0.8639429273194323,0.14551668564095557,0.25489475106583537,0.08506438929679305,0.33146514823712175,1
0.6784914865627375,0.8837662886403901,0.04197750558468744,0.9786207962057056,0.8842648393595299,0.5046217199406405,0.15670878875175634,0.6982866491430576,0.35085888334408766,0.10722423101409823,1
0.8101497299443529,-0.18846492704899795,0.9525106165963408,1.0784742119767041,0.6026075925723859,0.3032224218286604,0.06253958807436005,1.1180726437272885,0.08301895312775698,-0.39092005336986313,3
0.7487418479365983,0.39690727055665,0.9143196026722197,0.7814636619879555,0.10440171118653802,0.2208632801664881,-0.01467699273592635,0.15780492551365732,0.7049564889970532,0.04569814513600164,3
0.7563293397502004,0.41211383927427314,-0.24139919090727735,0.32651902409914724,0.9456875484540054,0.3210815411430571,0.4236982742764991,-0.09317689262238926,0.27290026381418986,-0.013962200098289912,1
0.2472335351350468,0.4118800653271323,0.9662937276223389,0.37989712066870035,0.7464035233912149,0.7935258531708638,0.33324506983986946,0.5050267633561925,0.3121333220953354,0.21314713460134627,2
0.2037199877192589,0.2954561793385563,1.0014836021633733,0.46384801750069504,0.6576910875657301,0.7547074120084699,0.5121960071715633,0.6070651916648788,0.3266306395253804,0.25160408666633,2
0.26445339929242107,0.8978672314783198,1.0569028257321869,0.6745740708939778,0.44853254239886,0.9137110182365552,0.5986200098916667,-0.04680038175966669,0.5293349872244936,0.256455602854341,3
0.7458680883854175,0.16864028632068498,0.8844374681671326,0.31863389489476396,0.744834172078844,0.4576034844795725,0.047092456080548226,0.7029657795067121,0.363510444521913,0.35385404592249203,0
0.4945547069152442,0.3408128336954148,0.1071701027332968,1.3902823328060432,0.48795951964737905,-0.060266243269245276,0.5211944096992006,-0.43484510525147824,0.37324864070897457,0.3145988463630712,3
0.7550861585497305,0.8420476174894811,0.07673556731824087,0.6542892843241487,0.8836184945610087,0.3966102962590333,0.1157666480219934,0.7204789412510855,0.8950151554747752,0.4257613219952869,2
0.524278204986055,1.0322224501739468,0.08238713367577782,0.9817802031690348,0.5710761980036636,-0.278269455595754,0.9058154315767887,0.884655127205791,0.4897781412948535,1.3687912112752252,3
1.2781790229903622,1.405465347270253,0.38376759335549016,0.8375863350946414,0.8865936354554267,1.4894231168273415,-0.38478590506664956,0.9269781449395765,0.3720100873385642,-0.11866710722747031,3
0.6887900612696428,0.2841325079588837,0.9246671798974875,0.3965307932311529,0.8403884500533673,0.4474440135459368,0.13534102505586984,0.6462382431245555,0.3061595733234501,0.33721372338639466,0
0.2719681553149797,0.425503801395168,0.5925563611768282,0.9105428883974124,0.6050251161712108,0.49354429197774563,0.5869481845442487,0.19520884221148416,0.23785771977973907,0.2090727151290508,2
0.12797152972071354,0.5682036012417873,-0.05064789636925093,0.742781254535152,0.8246905925335073,0.5759463585303253,-0.005294276712287049,0.43324723427321565,0.17280477577702474,0.46727421187012297,1
0.414197889268743,0.45220259002795793,0.47438913688779827,0.6261892656478689,0.7711186093714791,0.8354983531274072,0.29434769649276227,0.3603790752245958,0.05131142547831976,0.2678925089656926,1
0.7164243531704583,0.8753856194187668,0.23733082861601132,0.3024442901602546,0.9999836181497784,0.9130996504061946,0.20322670309199184,0.9401456332961475,0.6921891806219322,0.28678972592415564,1
0.6843754627597752,0.8831760816318316,0.0358941426169986,0.9764276116045835,0.8893387712120588,0.5024510195820685,0.15557703983265078,0.7041092027047297,0.34620175255176255,0.10312266070390984,1
0.24083060060900122,0.1341982453590653,0.45082447398157705,0.27527359652614763,0.5691607091359548,0.3334332902696873,0.7285387493704008,0.3209537385529456,0.3508941304052938,0.789741360771177,0
0.685621112033883,0.8772014187215109,0.0314388609180769,0.9905630366164117,0.8770523822294529,0.5086783887042562,0.1423840114233553,0.7020207575438265,0.34492879314272956,0.0956768093293941,1
0.07635609871688656,0.1854294006309852,0.3916628307255912,0.09254792976759108,0.8119570716907611,0.6284713965094796,0.4678457435441771,0.048096149387517904,0.7979981868974827,0.757844516132412,1
0.4103411123494868,0.3360506817738846,0.7427183840472048,0.3983898625300296,0.5536294801218687,0.45676152316079444,0.2847239167783131,0.6311566052614268,0.7699251685637744,0.8337511418254936,0
0.8222646868948189,0.4144704226868815,1.001196538431302,0.8015577838047916,0.014229127867211797,0.21363015703511834,0.17329068395423833,0.12619623094309618,0.5707731733573359,-0.0523181261345175,3
0.21325694455073857,0.10326438650586367,0.8205715658278858,0.7173067403637695,1.0449936218836757,0.7246968735200532,0.05899155773249165,0.4672082813609162,0.4607259133723337,1.0643032419191312,0
0.6155872869709093,0.8312995152335726,0.08882796985236904,0.6125534540227271,-0.023943626738280516,0.4022526499744416,0.9331303624799621,0.19923426081242074,0.7154402397486559,0.39308711538725927,0
0.6484227581555012,0.8853024802389287,0.27646778578470116,0.5140604908391351,0.5599367873723878,0.30374234312012566,0.7232816415739142,0.48437527034978956,0.0730309281663375,0.6410291646487184,0
0.28075918583009607,0.9733465974873607,0.6766708278512231,0.3398921371109022,0.35707989802490225,0.3158364416556534,0.8932778213570701,0.12594959639505446,0.9040186878444726,0.2547828260535805,1
0.13605278162487505,0.8240254268596463,0.6774803958489393,0.7093966629398407,0.2227826383505377,0.9545172906202922,0.8028340443490011,-0.09759685870169169,0.5403504766787589,0.19808136341791566,3
0.8846024823083358,0.43421526270781274,-0.22356121908640136,0.7925896583013919,-0.3159132417424189,-0.05772506072800826,1.5765653614843815,0.8473820041287831,0.47096991014140077,0.2788755466508358,0
0.8632203303470822,-0.2475301143506613,0.30991482241845114,0.6428873001842772,1.2674085364950103,0.7372276351017809,0.5681217174847231,1.4126110678682275,1.0809292124418532,0.8920325879640552,0
0.306852568514299,0.8387517673687147,0.27183928042060157,1.0633415469834822,0.13452563435019793,1.0397610269255697,0.22280447833350928,0.7358957291112735,0.7818464512812177,0.6185073092472139,3
0.312915621036918,0.9260885179333526,0.719789330332772,0.41201057294943444,0.3284024465446886,0.2567549189850908,0.9645958167687002,0.12116252923918377,0.9173650018976434,0.22576893184608476,1
1.5978136113144228,0.9847283652075989,-0.37830724918814124,-0.6360221553993133,0.6726304188287312,0.8237968640606099,-0.07108622131192666,0.5770311862191779,0.9014213597334502,1.6363892247498995,2
-0.008151971342266646,0.9085126157645678,0.793066659082628,0.7255447319521952,0.2648203309528122,0.7999255644287375,0.80491118902194,0.03400924631105166,0.4796147704381698,0.08708389337143693,3
0.393597528025074,0.8177173491892424,0.9039615478135292,0.24872842813636462,0.29988483353917494,0.9144685628919405,0.07786533845915307,0.6992199791636244,0.6886876676365726,0.6344603113445375,0
0.3680548409562979,0.2521791802964457,0.809592276712785,0.5721581850857063,0.8148538926434024,0.4899965581270277,0.3784985647718263,0.7130848155732259,0.8245150740579488,1.0844330176088677,0
0.7388198091783377,0.3077925895308752,0.7996140443433831,0.8316588409802939,-0.342388796908168,0.5203264965391192,0.49467577460040846,0.6797276376983442,0.056760514943731265,1.3804956351415067,2
0.21283303334556994,0.19962881895373835,0.803527989286855,0.5814569468963214,0.6084053615236343,0.404416095339254,0.3470391767536323,0.8332690815828494,0.6528948802419203,0.8652172566753505,0
0.16894927233413734,0.6647252845107153,0.9185327232904844,0.5762284576898267,0.38188506246550324,0.3265981443992062,0.6170553707256463,0.7609106044433129,0.19115523050023558,0.9271772847817891,0
0.43311042398457145,-0.4157549575068515,-0.07787453966167282,-0.3642713423027818,0.23369590109098298,1.278797238568706,0.3915860658189501,-0.7873089748521988,0.6257226484017664,0.27445637039428905,2
0.30801359635168335,0.3347761382623968,0.9185348497874004,0.6950201329108012,0.8283516499852538,0.4437610193053005,0.2121493169707106,0.7521269194129792,0.6445584097586767,1.0499322226347614,0
1.0461445518168024,1.155243270620593,0.3263465863755065,0.6450862792627101,0.2848083995623061,0.6003564665099652,1.090088476790519,-0.005599950542656773,0.8433894637240222,0.68021222410996,0
0.9408098002478502,0.0905238689405471,0.06756835187124241,0.6617022347551376,0.6435172868133134,0.6854420252801923,0.46146876859987895,1.1086002357634812,0.4553507827212754,0.9061972964009917,0
0.27375786746748193,0.42964547339937664,0.5856070769587698,0.916291540077717,0.6063600924804795,0.4984388065859614,0.5795690515264179,0.1983066867268973,0.2335819675194276,0.2092243411600221,2
0.6830366285082876,0.8840685656398952,0.03751276600272999,0.9750421295680802,0.8883577482022732,0.5018902114908694,0.1550322295704845,0.7036206262107116,0.346899445226828,0.1025915453567467,1
0.5138405712372478,0.06901606458141742,0.7760114641761762,0.3600657884476263,0.07111956723866035,0.7008583370342923,0.7835609276700992,0.5179115908438444,0.6373824194744037,0.8887095949278274,1
0.7516413305667394,0.37513198363865813,0.9079624024136911,0.7338899519120208,0.11153952513289489,0.2997449147658,0.017155085720661926,0.23132007254050957,0.6193454834156696,0.11312881508805928,3
0.21460729602273157,0.8099649007501903,0.29526361950895424,0.8797611661031334,0.20569270681368446,1.0206336281665922,-0.05494551643528825,0.7456239742548968,0.9431576988545447,0.7419364230772352,3
0.8837237536963874,0.7384708727359472,0.07709790126824373,0.8554768564857246,0.24292643183164647,0.266948226738543,0.13773275311179756,0.9501735899972079,0.8067043103756104,0.6109455296853535,3
0.8997064052548385,0.057054942361459,0.3447953899454371,0.34125189001493084,0.5178439021829883,0.16025416678903348,0.6931886506914546,0.30941769860516105,0.8412138199725356,0.415628718744984,3
-0.08012165011807826,0.9739621012442838,0.6719618199894868,0.5588588375684831,0.2599726561751372,0.8074631091676447,0.9596035336205664,0.22213137032875158,0.2893217735531504,0.08138550745011804,3
0.5053886583773549,0.4470437106499132,0.516960646350657,0.030433982796832487,0.30163853980034294,0.23061852730725058,0.8576333396372892,0.8169573391525762,0.6130056639863831,0.5901626106111051,1
0.6076817463545351,0.9252550285515848,0.27257951917484136,0.4217942753376407,0.6175415326818608,0.2879382775074184,0.6561388627438093,0.3896421535319168,0.1575845944690002,0.6849845132817058,0
0.9212290534162115,0.6770850929386136,0.18924884335554945,1.0244591316361193,0.7288359806385851,0.07554744371113711,0.03372659250155741,0.2645738048082818,0.3750778526099509,0.09769101356887355,1
0.7735988692840772,0.8238597804993044,0.2507845273522194,0.345098822058881,0.8486494912310016,0.7026773151111817,0.36851722306726287,0.9985489691193895,0.8197461931883059,0.2607312177188756,1
0.36023692565454407,0.3558855757357421,0.7574781776673506,0.6556885483642486,0.6403497944194982,0.46951693543013656,0.32708345903104064,0.7789872727567341,0.8312986823636317,0.8996218501377757,0
0.611821946086959,0.8367541543150252,0.27551098111077554,0.5014154796033314,0.5775054535910781,0.3277308247727452,0.7336155490646192,0.44171054522459197,0.09825510201920884,0.6094217266014693,0
0.6814787119000235,0.8851827598494979,0.04173041780002272,0.9779991949857391,0.8863470587642575,0.4958152862915098,0.16320929550942853,0.7073344467403934,0.3489988585620046,0.10095928488430385,1
0.0965840063908182,0.679829633214097,0.43391543454442544,0.476289716495229,0.7316606772536846,-0.07311740918318901,1.0076562140355259,0.5422320073144397,0.9530666079083705,0.770983753650747,3
0.5207109311427832,0.38768203732497725,0.4646848367424399,0.6300206642178532,0.6378995690317101,0.5075786090850338,0.631884292288344,0.18288630387110397,0.894256509353599,0.5396821538327685,0
0.30618159769609316,0.824069190655074,0.7701222261546536,0.6354173986219491,0.4610608600033415,0.12915192574965656,0.7891854519515594,0.5170797840624133,0.2607196976124862,0.7358015793339587,0
0.21240968122386514,0.46314488800179243,1.0705364273860463,0.48797299210872547,0.7059504807645278,0.8716809107271385,0.3744811516271543,0.5488817563609157,0.36890492796110075,0.10674448697820252,2
0.12393471647318248,0.0722257486741159,0.4102046240160113,-0.050290652669451194,0.7120835716580383,0.6795749751186285,0.5547656682050504,0.02018186693390868,0.7702437042071216,0.828787083541471,1
0.7029001687828236,0.22176807009492394,0.9729584873501644,0.3900928696391329,0.7974560113459734,0.4481915902590118,0.143205757765131,0.6110607311613385,0.35079800491136737,0.29665882389503434,0
0.6226893310149211,0.16571713490747264,0.7493982326156148,0.17170840914306962,0.47647836349271916,0.6620037269366031,0.34318802727939984,1.0862418970121979,0.6429304428360372,0.1484546628404153,1
0.7695856479950695,0.371697314233191,0.9004732794682587,0.7417672756300285,0.12065611127031854,0.27328949249438894,0.0035674731710596723,0.22304702537577528,0.6459738557562368,0.10344948622660102,3
0.11575381328459589,1.0337542336145207,0.669825180560056,0.8009751184693803,0.7089481315321596,0.16930504911737218,0.7718814884106047,0.5323244928075859,0.1795615641019702,0.7244322618944803,0
0.3814486983619524,0.4552264005995543,0.5983328716705402,0.23974820680708164,0.5222589249690059,0.22824752338358026,0.8907591756758295,0.7810420765643404,0.8261072156672942,0.48273451535758066,1
0.2231192779949706,0.12119727788080706,0.28861807877322915,0.00325001148137187,0.7635914237665782,0.6365411875986416,0.5304319727419871,-0.022665501356407602,0.8675787414387989,0.8823578515919805,1
0.7551857347059998,0.5658854952201345,0.9819808356918301,0.21758555195599882,0.40805977474893496,0.38099995419224647,0.7565363421191066,0.8466465718399683,0.84853597539632,0.31760220141087336,0
0.0848940582134377,0.5602564615899607,0.5596938510504069,0.5410071261024418,0.5679511178799903,0.7909956997385948,0.1137208061168986,0.007537753005301628,0.2571764737980928,0.22919983471636568,1
0.26555901516236013,0.5824327641257676,0.9442832572029773,0.03206789843403781,0.441223131292183,0.6560418347155821,0.1349357845539606,0.4325975172414348,0.1197341231007852,0.8067021129163833,2
0.6294304253900067,0.5945687283348343,1.0941369111950245,0.6090894560535006,0.3270621700039851,0.504947173735143,-0.05430282642285627,0.01726833778149639,0.5793112985087118,-0.04130238129017036,3
0.2844025919774253,0.6848205254587484,0.3752160914646253,0.274294937204811,0.40051445233560495,0.7625459974825054,-0.021249698792030924,0.07917390701574968,0.11901798699204792,0.7890885932359529,1
0.6784070415325488,0.88290269156397,0.0326709927738189,0.9828301303594024,0.8846872412503338,0.48773969864852884,0.15045203203345084,0.7110141383996659,0.3580648600012015,0.09890635510349904,1
-0.17862591270945594,0.07293528524053355,0.3341438663707966,0.06050422774255765,0.8136049693736742,0.9937863693357651,0.17804045245360228,0.05986858258682656,0.26141364787418075,0.46601296306684725,1
0.9000570330266822,0.03676710029795952,0.6127368859886495,0.6545867161470605,0.6597970016901062,0.13638489229075942,0.3874974258376643,0.9181138603507134,0.47532522397303933,0.03979885934932967,3
0.2741036110885016,0.4244646773080603,0.5924183846914262,0.9198487601349277,0.6004805591451169,0.49952447128006067,0.5762606530079831,0.1975756763573549,0.2381644628454818,0.20573850393867815,2
0.21409695792561148,0.4269065298881807,0.9645584765296268,0.3901155405232125,0.7303158394912278,0.755036305763654,0.31475353002220974,0.5098534633039473,0.3205757418680507,0.1890572250486685,2
0.1080184203675994,0.6381745639714711,0.4066229378729583,1.0045957119932691,0.269255927834634,0.9996247564092973,0.17429924887701095,0.5966950960729352,0.9631733736506712,0.6084396075982271,3
0.8214572749754198,0.4556916673137671,0.8715567083839527,0.6624767543777994,0.16622799013015202,0.40932606992894116,0.020921417991223296,0.31562930940004263,0.5592529915782152,0.1343103914447768,3
0.27142662494745756,0.4340645095612798,0.5851120379671518,0.9207259917633469,0.5999363797091087,0.4950370281870681,0.5785691241724918,0.19156871117556773,0.2363184884234136,0.20323709182483868,2
0.5144398122959083,0.564235995763475,-0.41929377067394535,0.7718983484513158,0.9269058522452834,1.0056759827681239,0.05246503572111616,0.3253484556188601,-0.4996927666491008,0.4105105499043378,2
-0.0034058140932586856,-0.2085730754818786,0.35802963647930147,0.30174926979334715,1.0498252836511803,-0.0086468001614185,0.330534365099073,0.7133896290298941,-0.07916984094635227,1.2538416759240838,2
0.2819690784736091,0.8106133607000596,0.39352868926599716,0.8967511370620245,0.3211672652890901,0.9950690037887201,0.05486175225211812,0.6396949955029516,0.9150578699234843,0.5714960234616463,3
0.45309852898425207,0.7445419391863733,0.5466077374094309,0.21525419733789075,0.20285871827604907,0.6506551794404505,0.14112582632414788,0.044919536169285665,0.1321667185791874,0.8362184388821992,1
0.6873320086159662,0.8914650496302827,0.03264570141956828,0.9678308873330661,0.8845342522409397,0.49453419148018335,0.16160331362662336,0.710736930657674,0.3437796126011187,0.10867584844364825,1
0.3081429437143037,0.4057682843083725,0.4531144035608973,0.7703083912864763,0.6845500792379376,0.5991950881133603,0.6631753931095432,0.05639037522721119,0.8212259261575174,0.46173233055670587,0
0.7534150073092054,0.8428654942181047,0.0930302645319547,0.6684771109348664,0.8696870708271778,0.3905241735708818,0.1274732020974671,0.7320175967688685,0.9102388940424937,0.4210041014199833,2
0.7542243728658321,0.8402996044915872,0.06847065644663743,0.6729065548827562,0.862138636502078,0.3963949912219422,0.12282752671448173,0.7076235794762697,0.8745031831335451,0.4395735737344746,2
0.6833946122775492,0.8823336559008425,0.03577501961799396,0.9776012949574907,0.8892471401724211,0.4991819664992386,0.15626966390597655,0.7043167988521088,0.34831595900665,0.105588176381899,1
0.9294614911422758,-0.17172015882266412,1.4175820418911547,0.4834687565199349,0.2592222126395996,0.7249043260062177,0.8805144280825499,0.26873231592413255,0.6947750027662672,0.38649461489271286,1
0.5110306879265505,0.9179725087640409,0.4383552566254531,-0.031259647087515635,0.6912776548131881,1.199905814841768,0.7584892936057097,0.06974792095886939,1.2409933993032247,0.6344504254718344,0
0.7226654675514953,0.1794747980075201,0.14517861352194744,0.5655584222019813,0.19745528511317562,0.6271238072871809,0.4371585440710709,0.057556649772337244,0.8371494050323215,0.7511740349000146,2
0.7370166970204586,-0.06964571256447952,0.5486265224664855,0.43764406728450933,0.8364246669487542,0.18006962400976284,0.32995205828018787,0.8616001598082029,0.522412358517592,-0.16400789085167805,3
-0.05368720985970586,0.8713070563369648,0.9367905803527796,0.7083540751378402,0.29248736332285874,0.9060374327448508,0.6750832257939569,-0.07482065813819022,0.37014471798749593,-0.014521927607061558,3
0.5515049861585325,0.16791960352143018,0.9793981822489367,0.3823874925512348,0.0937978652041873,0.7277494841759734,0.7932318773900227,0.745311185897594,0.5187947203104245,1.1279286254631384,1
0.7037006689545843,0.23862079180059614,0.9584635493177842,0.38060481342196517,0.8369311135420361,0.45179709661284384,0.09531173337750808,0.5913360533654155,0.3238934801239427,0.30651632506617665,0
-0.31821573929647684,1.2940621874964273,-0.2731049085679276,0.7285762313116695,0.3381404127722146,-0.24017198836055687,0.716356315725444,0.7607038930157063,0.49193118860505924,1.2112719832939391,1
1.1735489494976057,0.8909397046815634,0.8821131712186183,0.9340690350076427,0.3539487949802967,1.1319005513569784,0.30471593335251057,0.5810566753435522,0.7427376351393078,0.2867591412170777,3
0.6107693528767304,0.8699505725524258,0.30383149757548855,0.47236470294118504,0.5976072298729755,0.34198148982304005,0.7388018574424544,0.5193915394406179,0.0769767923330135,0.6088600512188713,0
0.47070588055035073,0.8816996930756438,0.6727702937074209,0.7502028971505843,0.5882880998928846,-0.018064906114976964,0.7999926128521002,0.37701661145692533,0.4676244617483796,0.5520573136747997,0
0.768674470570937,0.859608255138417,0.09095581791816,0.6271461990151692,0.8677485101324457,0.3879981100566166,0.13676414888126678,0.7261550158756717,0.901770778320667,0.4561436326544528,2
-0.16483273584046876,1.030811178245886,0.5964388028021912,-0.028889920311497286,0.862269121601486,0.6634074432365644,1.0004924932393144,0.8155687137003746,0.5484809956112189,0.3852448486682792,3
0.757353056281408,0.8348266026747907,0.09155636394503303,0.661907918262652,0.8766153613032935,0.3826453622540969,0.11981276140487092,0.7192227928485037,0.8863830065305337,0.4296908084265245,2
-0.02421310034986729,-0.1992547221863621,0.31878322055075625,0.15254913549353774,0.8610608209626863,0.47370030685909714,0.5254927750667754,0.5194299925589878,0.5047936581451744,0.5737499059692865,0
0.7636554159854506,0.8569322098067245,0.08524240628119514,0.6437739812785258,0.8901205524047752,0.3990203719019466,0.10601529031272243,0.722350169278943,0.8915942194281031,0.4333168256941347,2
0.23915255602932023,0.3996623782106774,0.9681968945217052,0.3903693735888629,0.741541043320961,0.7822575436933091,0.3270821999021766,0.5164618099835778,0.3206369288917309,0.2123690715406852,2
0.7448359848612147,0.8471767266727321,0.07299908253699385,0.6494940485883482,0.8769645743374506,0.3937781484218709,0.11319271740621123,0.719272208297705,0.8918809320165944,0.4322111229011305,2
0.0912496023368887,1.0880637350390874,0.16743689546662582,0.7766425436951144,0.15971076248107408,0.030509957428351164,0.6882610661416111,0.5082082956478937,0.19733588999561025,0.9710650486928702,1
0.25724761604312973,0.5747396077427982,0.9509651767726285,0.02872260432746417,0.4131418434894173,0.6743145376878359,0.1326229477925239,0.39993514690340226,0.12431513329017527,0.8237789645612407,2
0.7602554856947316,0.8621169895541283,0.06057642224648823,0.6623470397152978,0.8934743535705084,0.37435536914410045,0.14586031604432337,0.7357648685289637,0.8865198641032567,0.4001545077336862,2
0.4762967983444093,0.9032925438663922,0.1969975724133782,0.0937380440168927,0.578936831511514,0.8905932396443837,-0.2274507539775413,0.029359411614723052,0.20864968693770597,1.0120435397124434,1
0.6524047543124665,0.4998357217371653,0.9455116308151326,-0.11094606365078427,0.2706005093310937,0.1420043436443944,0.8941476116451177,0.3306882203312941,0.7527639594212869,0.602825530312044,1
0.7657364087457349,0.3948065556567025,0.8892887825791751,0.756989050025969,0.1259946942302717,0.28256739097801004,-0.01249251486343647,0.20736447260443835,0.6428650435017342,0.12374121961071591,3
0.2851088846807191,0.8017057099713505,0.6287873990198156,0.3425479904793328,0.2941351426253961,0.8680559805009151,-0.041284278534649964,-0.12318098067513417,0.26218241966217426,0.8866838565017632,1
0.15541636918886415,0.464951964011053,0.3751304894440922,0.514936427995674,0.8578874299724087,0.9791833673891078,0.03814966542825243,0.28588137925779383,0.16118022646537755,0.2921751119888767,1
0.5846652349353909,1.0336090958859194,0.3829454761963583,0.6346373288137446,0.39470220149581403,0.46650239558007495,0.8722051676625345,0.4012941650762246,0.12756233762911642,0.5682216192343114,0
0.6085712166646301,0.12814513967425656,0.8658081312861627,0.36139743511579175,0.16819844159807498,0.7303615532497324,0.7780262001738759,0.6473347387049727,0.5419100118498673,1.0231179499385763,1
0.2436246036831237,0.41278741435992483,0.9601280520869033,0.39837242344463797,0.7524931861564454,0.7875615220794118,0.33517477246321936,0.5101756275629152,0.3064892914665449,0.20759062904374784,2
0.045122897544335405,0.37204900105522265,1.0400946429601665,0.6873930883796265,-0.3585368519401,0.5868527363662581,0.9441310320800707,0.3440687409502704,0.43978671782780626,1.2030258947943797,1
0.8737547053981516,0.05783937937734182,1.1087478716929828,0.2961370191828626,0.03588303843261999,0.5579598151880696,0.43547287041541627,0.5666815719643122,0.49394352816660175,1.2045885616062282,1
0.06583258992176835,0.12582190947053612,0.4766247657967023,0.6209411171076583,0.9411608592569137,0.9994372649734182,0.32516601955694685,0.31068255440279685,0.28175221621702495,0.4959538442984993,1
0.3210551671097811,0.799465792303913,0.202462178907314,0.5978722939020296,0.1599479651504702,0.5002689936364502,0.8370687551716465,0.2855050448192716,0.5341659741735336,0.8196955379721415,1
0.235784800307359,0.415075094489766,0.3201974320436985,0.4312847522571412,0.7274501533119168,0.8394970149408503,0.17658838414944872,0.22777541815112137,0.08656167089448755,0.30725196745869837,1
0.4843067973203931,0.16044000921664797,0.5558921519137028,0.4780550046657249,0.6734330935822838,0.7423689647748373,0.87190260205175,0.22818962261898354,0.5743290923885306,0.6289465570756241,0
0.5844905948592918,0.8169553577435001,0.28966765531017163,0.4894041853002763,0.6226896840274512,0.28377943572925224,0.7445389881449712,0.4493950066384936,0.09532099446702014,0.6121278936701623,0
0.6821416522722048,0.8803718850545363,0.0335958560794601,0.9786386936062275,0.8902243578386582,0.5051419210587279,0.15238426177959555,0.704230414426678,0.3446629964306303,0.10106598128874837,1
0.11410281918090337,0.35444263668894666,0.5575102462175437,0.39122368180049527,0.4907744458432637,0.5483263340945018,0.07268961791891226,0.2795914431249956,-0.06398563645768174,0.7128601938353853,1
0.22403122306673368,0.7156076543885729,0.5802715189788499,0.518157161849079,0.6674862442332117,-0.058879097827478445,0.934497225312947,0.4671902796964941,0.9309382275740126,0.9806890780957874,3
0.552308353850933,0.2903264890303834,0.38344388251715,0.7181276269089065,0.6377048613676799,0.5746188644861061,0.6290129040483677,0.13468771457113343,0.8161608543752643,0.44504185100912497,0
0.751677770334289,0.8570631134932191,0.06759621078169042,0.6489623489689128,0.9109246802325801,0.43272536796534067,0.10977631302307497,0.717079094970593,0.9176456639598863,0.40383278885211654,2
0.8317950369875675,0.07611887469238346,0.21368375828216954,0.29465352359205677,0.42337402163977106,0.13136981062971304,0.816034921369675,0.3707193171115925,0.8240885728319417,0.46824216529087975,3
0.6515903535759068,0.13741584670569412,0.9708838450887228,0.27140479279983104,0.9370429261856529,0.5275762594621203,0.1481962872575055,0.5466057218390988,0.4637767901299983,0.2659269149645271,0
0.6383341714863203,0.8654893862064562,0.23555589404094318,0.4670594773544345,0.591779055009963,0.28245639580400533,0.6847743298082914,0.5103473772362047,0.07075908898572604,0.6826207684241871,0
0.7797675447620215,0.31876037740436325,0.6088272332583702,1.0793395976817068,0.6971838235856876,0.7706969321503024,0.6206111611966616,0.2238659905253962,0.9190942603390451,0.6224075450151367,0
0.4354906862117031,0.6719066181513486,0.7542404635115733,0.4161878420815246,0.047074119614552566,0.452153745566931,0.1897351835520505,0.6858067096698007,0.12468973122032403,0.9351120380361836,2
0.7958580309542745,0.7514089364405823,0.2228010961455929,0.29488847733831625,0.9060143837536048,0.7701267451813587,0.26887101834162214,0.9888044362561491,0.8050216993633094,0.3160024456564879,1
0.17453620159686656,0.1552102233147084,1.0745013969777781,0.3742590583815262,1.0076382933808052,0.6880775230370773,0.4090051998741621,0.27943315153738296,0.2488338541481774,0.21001633785129337,2
0.1674895835737502,0.7794984770100597,0.9872297813991966,0.4283762642299733,0.36458733128618565,0.4114416949497538,0.7808457501656076,0.8272852516965393,0.15063632652303866,0.917605369916193,0
0.27155063220287684,0.42667582802958615,0.5849182304014862,0.9191239524713932,0.6034931953554505,0.4997379066438362,0.5785180556528814,0.19613356823985748,0.2359000869745642,0.206780477332851,2
0.33902766131634593,0.25790547592442226,0.8411273403950537,0.5777644520711173,0.7108461132668836,0.4059990762256215,0.33736518647600633,0.6730003625182125,0.7409329931459467,0.9871417270299117,0
0.2348432479719622,0.9498645756530516,0.8129578812125274,0.6096356137162953,0.42720911081162927,-0.011493096974218797,0.827985554253151,0.4212997690610336,0.1957512146312847,0.8613367760235221,0
0.6257493483434574,0.40428777087035084,0.4047771874306685,0.6726725121801911,0.657897378430677,0.635193713469173,0.6401511663288332,0.12694349571846025,0.8010192893883703,0.31025675876057845,0
0.2428274573277801,0.22000071326722567,0.9059172839659826,0.5392782319951088,0.801711598038311,0.41871668107357835,0.28951791014641537,0.6164256816724804,0.8181152275066083,1.0300897987342592,0
0.062446713627151845,-0.15610113848024165,0.1640322667333256,0.42547061378249945,0.3844732152092787,0.021347888103779022,0.45553154959323283,0.30776610804126237,0.630953513806177,0.5336499897928986,0
0.27079068634304965,0.4282370452268172,0.585100622558147,0.9193601812831715,0.6050866169212948,0.4980993649028589,0.5796132553857721,0.20076727599704802,0.2311893319171838,0.21147091087904932,2
0.5245210153045534,0.5430622653509476,0.3920955258630233,0.13870227885970715,0.30939862503586507,0.7394494919291321,0.688642097180574,0.358639985197493,1.0844403423884847,1.0318266458567367,1
0.15671037310455888,0.8591965227484828,0.9789375524027595,0.5204030975311023,0.4350878177385354,0.6182668720370086,0.7412384143658399,0.8731075575762183,0.1445829718997882,0.854458383836096,0
-0.05119898070848666,0.7138870203942174,0.922840713789963,-0.07609924138436464,0.7811162000744197,-0.11210214562644472,0.7041417371400709,-0.14203700187784496,0.9017436440056034,1.4903044068051678,0
0.7390710041559732,0.40683766847397523,0.8493740462382826,0.7388529969322131,0.16941856075517062,0.29754474264082414,-0.0387955346499875,0.16420384762561033,0.6176271006557381,0.11888422600734597,3
0.9153874241802352,0.00875969940899507,0.22316374222506663,0.7396654429429121,1.02766001247585,0.5426292112489058,0.5616175156506152,0.9003101226117153,0.6854867635760606,0.5549804200918365,0
0.29150369918267566,0.8101707673428383,0.3980759622415717,0.9334401710945442,0.2734186391766099,0.9619855684489617,0.04430832080733054,0.7416552987427237,0.9290687267924126,0.6541365163796795,3
0.18298765400817865,0.9429886057274746,0.22152145533798298,1.0924823692304146,0.2537735653703455,0.8547786213350844,0.08527813846114937,0.6598207612911383,0.873931610760752,0.5624311004910326,3
0.2650199666238959,0.43386089943632233,0.5804420799422597,0.9092020322642571,0.603020595735238,0.4970082812638557,0.5815177748838407,0.20535359266047457,0.2346963511507762,0.20113328964071597,2
0.7277746653663977,0.9684338136126129,0.29830536374754496,0.3740681377328008,0.4892036546397126,0.40128821056686576,0.7611842417995434,0.592618080838404,-0.005351235658157136,0.7709300113076523,0
1.0096384889302419,-0.14751097123918894,0.530932195876068,0.8715268308510371,0.49910645325862807,0.7412219548191745,0.25171509771497425,0.6070394057102335,1.2031741604160946,-0.10942425191498309,3
-0.04221837994680222,0.5325141487555275,0.4990290708623035,0.0967427525537703,0.9177670107439453,0.8692273324521762,0.17392675798987162,0.42001684859366306,0.31810475900330293,0.5135076265169936,1
0.10216518625345244,0.8257487173843786,0.04373770063255742,0.07170612361796527,0.6864346032358362,0.8261485304955869,0.7300906840457002,0.5291196199791528,0.7287392108659649,1.0446050959040463,0
0.26841836881648745,0.42640883578224537,0.5908827452481877,0.9194324942471189,0.6058955634246698,0.4993533859631241,0.5748670839388436,0.19886043001797765,0.23353151090253874,0.21405168227897395,2
-0.053590321089734605,0.4954632288473657,0.3025984485408014,0.4737137106111265,0.882328828620968,-0.09764334594969885,0.7826081464922686,0.5376340681414065,0.9754250557798152,0.7319812322448047,3
0.652904635464195,0.2798555364620088,1.007480280417054,0.3952526254407346,0.7686666269640765,0.37805550734465093,0.06832125483797885,0.5674923165797381,0.3687572762672864,0.2638875727782884,0
0.40434800655865266,0.5792103405354875,0.3602263127377531,0.6033564501535085,0.3926774911991402,0.919582172097196,0.9715005315449659,0.8966109255450201,1.091956591732313,0.9229716416455919,0
0.94847077163231,0.20460070517712023,0.261172703151867,0.8451125182576753,1.1980159109981423,0.5459541818908499,0.7157575246523302,1.1837481823797658,0.9543484507634674,0.29416816756723035,0
0.5367512373365444,0.3573143999875763,0.377852035713873,0.7357361687218842,0.6675877992904203,0.5877893894287388,0.654104394166812,0.12277719577012039,0.7498035966136207,0.4549956633369273,0
0.724521566957413,0.22926350906864867,0.9476484412180942,0.39983518649058103,0.8144005584784388,0.4221527532663126,0.1420799781580088,0.5998623923479434,0.3740501791273542,0.3115268441342168,0
0.556875839391034,0.2821662778928029,0.8498124985760953,0.3490803554803125,0.3159831586335795,0.8984305096985635,0.23443625664372802,0.3274763525408886,0.20946297543864517,-0.09022118952216912,1
0.7372554644728551,0.28262406782263927,0.5801008217965848,0.8809700196536947,0.1543368964779809,-0.02111202326979522,0.06254859503675955,0.5046441624428004,0.9337879627314174,-0.13638858578727864,3
0.7916912052762114,0.3184206579468187,0.09039228853416004,0.5395027520856728,0.23867414378160715,0.47723503345809526,0.47721541963730396,0.11553009082726526,0.7651902876627208,0.6409248844725982,2
0.2937833415988995,0.9303797075241033,0.7194401278628203,0.3283026664362312,0.3502854164510738,0.3344539077788207,0.8988753782063102,0.10906703786979324,0.8574871817356153,0.2926958432269527,1
0.7144482159945762,0.27120818705085276,0.9940538319062074,0.32842573322057833,0.8543659038251282,0.4019567247291411,0.0994323210976564,0.5766108324418775,0.3913545210848971,0.2463545048417608,0
0.7305361482925843,0.7365946599911226,0.3597198964616391,0.2692204410798849,0.7934773450082948,0.7300840503882414,0.3753738914475376,0.9845649175829524,0.9058431824178459,0.24024333691204464,1
0.2051770302903523,0.8718723794183895,0.930675742042119,0.2900204579788901,0.3132118455987982,0.47477742330664363,0.8292633450752547,-0.026970978476461016,0.9139789773010711,0.3677365961356863,1
-0.05303319001070961,0.911603036226222,0.8976687615995321,0.6171350259864916,0.47339788237994185,0.41888578343410304,0.5940221785700621,0.9409808150344796,0.2844550573187141,1.0249592530437286,0
0.6705383230624677,0.0949110823112239,0.11269633381500846,0.0626750289292091,0.6451003013244379,0.5976632183634233,0.7692819309290955,0.30221319045797806,0.21578904869161453,0.7482491635953101,2
0.23740392709553923,0.5912663153774781,0.9362881304677819,0.02723392213259389,0.40165680528467484,0.6946025821040879,0.14650157013166007,0.421613328428372,0.10524765373313666,0.8179928449766884,2
0.24745676790831037,0.5913056747057837,0.9581984565439086,0.043143210590421574,0.4328949783318914,0.6676527062141989,0.15452711428400315,0.3875913415451713,0.13042887224191724,0.8022171648618001,2
-0.03896647143799509,0.16818902452423976,0.5273957182678146,0.10394664994001818,1.1312182159703221,0.6021178429926213,0.9751266310507429,-0.19773132451450348,-0.10523367073529599,0.9076878407685439,0
0.2869455171512486,0.5169517982082047,0.5192598464456784,0.776007699765611,0.5884180664121088,-0.04861882146320716,0.7992682457626744,0.3201615472958738,0.8645832751539944,0.9412885838602894,3
0.7801746976583542,0.7421048612663694,0.23064432894767223,0.3045790133934982,0.9243613574200454,0.7846064228816659,0.28854662291485383,0.9669782154026973,0.802048610737827,0.3238927281747338,1
0.14066662749131517,0.7289871878574241,0.9759210420534042,0.4451070772015139,0.45875213241576557,0.39347956535858075,0.7495196284721628,0.7355430702134502,0.08479541172234065,0.8940903922927926,0
0.4654316185133839,1.3099903441574883,0.7446742551880469,1.2581328352966539,-0.28829824078596283,0.27531267878160937,0.026661588146392412,0.22359606288658884,1.1804262416394957,0.48911172767271727,1
0.469826576907804,0.08612251702081186,0.231972200429395,0.5412676972774944,0.3827960787224466,0.6869223876994219,0.7946382362602701,0.6453425171143635,-0.05524559104254151,0.396883226434336,0
0.4794928610922483,0.11900975572022338,0.22953577746558101,0.5878336558343312,0.5865174500621283,0.6000458290780097,0.7899440397753251,-0.029138985345956547,0.6037646439945202,0.5312231689029613,0
0.5550250211788259,0.166903450786814,0.829621957365503,0.4421001950322957,0.09037764184828058,0.7639816616087123,0.7062788649309217,0.5715877386437607,0.5409201669726522,0.946409205035196,1
0.2734053267610985,0.4285397053812028,0.586888712091668,0.9146377888096301,0.6058162454103797,0.49680708654993816,0.5811140048726618,0.19913183395578823,0.23398903187411643,0.2094228550150915,2
0.28512839463406076,0.1648938894758344,0.48613642800913925,0.26603477875038367,0.5501307619959686,0.36490075584667303,0.6831478185532273,0.3415653692078098,0.3043318068869959,0.78102796448538,0
0.7622180814446199,0.7565798788181229,0.2138745508422713,0.26716200410489543,0.8439349611110221,0.8165885550093449,0.3028488941462235,0.9731844874337894,0.8477749416771884,0.2635600165642196,1
0.8298668576817206,0.7809401362134973,0.28448556452029744,0.30916135437535935,0.9078373475502535,0.8048441236246123,0.24269404424093485,0.968439711061541,0.8093047912311018,0.28767865711284085,1
0.2167636317611956,0.3569135816902527,0.39937130156136547,0.07800734106275328,0.6813760946453814,0.7592053393714019,0.6779007775564022,0.32669682580990894,0.7345106354430563,0.7212335602434319,1
0.07537759487458455,0.45842412362813934,0.175837120745588,0.7774337196557242,0.5247945463180359,0.8338299509090201,0.7787921738820931,0.3483682884148026,0.7567547374983128,0.30586611769530875,3
0.04039123577515301,0.6178042459634583,0.0026568495867887077,0.22331224920317652,0.8570687007017025,0.7478744420998671,0.647543102981586,0.3871929897372077,0.8623851975882815,0.9921852727516968,0
0.883450154099002,0.5141699942290756,-0.08749887352605568,0.793515540197063,0.3191964649993989,0.26226700380834844,0.13882298954077973,1.0005777143401997,0.8772147474320213,0.7191346896633355,3
-0.1780586890424511,0.6169954506047555,0.03879976397393742,0.43024270495028233,0.6221173064399204,0.6484751866655812,0.5185756340653985,0.44043724606614454,0.10552504567544235,0.31464424347430775,1
0.2054751941350304,0.6468591829637134,0.7014926106499315,0.3728136162914526,0.48921192788735385,0.3871901474293231,0.8673162323589854,0.8240515342299235,0.18120438032991495,0.4081118377220479,0
0.3480686727990734,0.12983933725481886,0.5068199424090211,0.23218252501132203,0.49952217752563843,0.30848827149768904,0.7684459493568556,0.26642158081946476,0.46100351421443697,0.9153670784344308,0
0.1330594862504394,0.8048683185320603,0.9315312000585527,0.47229486986482033,0.40346465322328223,0.4127785998491662,0.6261461172023878,0.7214134493208079,0.22196639845504978,0.9349394094709489,0
0.5892467433305134,0.46686985446898605,0.7837115920517905,0.9193840146738914,0.15542626804309143,0.4552891539341699,-0.009128126067217052,0.42982275877100207,0.7819556172194508,-0.1338978639626716,3
0.2513453228198521,0.5834922291354668,0.9342003222889301,0.036798731224182465,0.4283940800378296,0.6760026486963749,0.1478707557475693,0.4161655949897711,0.11575823256704663,0.8305059397296839,2
0.6885628443704651,0.3299230912113365,0.2920357411019752,0.5095765280875173,0.6098765044513774,0.7590981459429462,0.6788724263402335,0.06347973947106478,0.48895217733674157,0.2212683962199341,1
0.02163459192327901,0.7932083696027888,0.9150408552379918,0.5607077574953355,0.5273090707982331,0.35572401982225105,0.5757128414444235,0.8930540945858477,0.07516196296434176,0.8396379347511758,0
0.6250704302644126,0.8616285127262184,0.33972478680895707,0.4349121440409663,0.4851538085617456,0.29204936060515535,0.7286934127909034,0.5067412145433882,-0.01748587880867354,0.5984073844955281,0
0.5744816068841224,0.18596960703318124,0.8457574936034811,0.3914774262507905,0.10302256056445627,0.8110976751100952,0.7058836264362836,0.5100566438785711,0.555660316934699,0.9410286060419931,1
0.20062028535638807,0.0972718333715171,0.3945636655930457,0.2731737746050805,0.5642229177593561,0.3480734798284183,0.7190430439055803,0.2787531201718894,0.34854004653425963,0.830916283172526,0
0.758561778008049,0.8478027908687669,0.09157792178204521,0.6522043666076173,0.8654412165998014,0.3988581656931241,0.11818397730696867,0.7279448839489121,0.8909961922902914,0.4169993994694324,2
0.1809600954437947,-0.040162854390757785,0.5064823453454183,0.89288933895808,0.6190188846748643,0.29765710117814576,0.2982134019434072,0.6622449108451454,1.138258366550774,0.6474067046169466,0
0.06743116530957297,0.7828163681155144,0.9426606231336263,0.44343453975420793,0.35383185497583325,0.36336406801454685,0.7457661612610206,0.7821246070801944,0.15475078989670102,0.9164890450230269,0
0.345348105951512,0.7978855197422312,0.7155079960819294,0.6121984401810072,0.4129185701884736,0.18551702966150826,0.7356248699235272,0.4403604752187748,0.30236259552955486,0.6475430051014075,0
0.5043574221648247,0.6286934190911478,-0.1471436389219981,1.0937306886545508,-0.1045420815915446,0.07093891658187199,0.6011490426556203,0.36169613808250967,1.2160078750642695,0.378965957528304,0
-0.2233969322093089,0.7141220525701142,-0.1820063265242936,0.5021594254110853,1.1297384088278142,0.9731389614592629,0.6939323753077742,-0.031688875471792666,0.5227629618418611,0.8327083799091917,0
0.6657508351414505,0.1566486245769988,0.27949741051959065,0.6036961907978864,0.5893792047465446,0.6226836207109133,0.7805417195340438,0.106893654664105,0.5005051806897649,0.16898218134700163,1
0.6776869847798878,0.9010881099288671,0.03378078656061606,0.962748135130735,0.8719801443529086,0.48311362999338203,0.1460274272684043,0.7136220181160717,0.3305689143706011,0.09777830195762509,1
0.3815786076698303,0.5050803632161605,0.5714144094773005,0.11596838757881488,0.3950841699610002,0.2258825850801597,0.7981034302991672,0.6619190066699587,0.7239622185060653,0.4424594295326352,1
-0.0011015147372662043,0.6538413163729422,0.0556008930597603,0.20171059617128606,0.7494790506003948,0.8748419939378278,0.5755857532939275,0.5248913557355182,0.7877445499694218,1.1081505236949487,0
0.7052948826908143,0.12405625238813574,0.4447375656412513,0.8217953832754417,0.8059935279833195,0.6753306599078757,0.02206686928542885,0.13891458362075654,0.20312967439437246,0.19816528480464776,0
0.6823318308772988,0.8820715981083668,0.03784617814809012,0.9762317296196479,0.8847710545823118,0.5008124246515429,0.15508870886100737,0.7006443791516328,0.34396052358328394,0.09980337659769936,1
0.5368238603445954,0.7235640302260156,0.3002244596224103,0.7915561597377603,-0.2662332683049108,0.6399576230500779,0.7123062745471941,-0.0946434132994679,0.2640140296814174,1.1282866210907985,1
0.7443263852938861,0.8416774798949822,0.07810896998673751,0.653097671177004,0.9069626084322497,0.3814583739497462,0.12976970439906083,0.6982511583709639,0.8878244966062936,0.4247551618664901,2
0.26646300251920946,0.43718153922985603,0.5765197482128703,0.9226755243829734,0.6049288593817753,0.4971813095465034,0.5816210466087065,0.20058414249618686,0.23590345849602018,0.205963209747711,2
0.19282702893392847,0.7392102059297541,0.6695759055524154,0.6520521655071285,0.6485843519217813,0.08778913394386215,0.6825096019175999,0.6206904096078347,0.24478660579261208,0.7967748545198663,0
0.5298502530779392,0.42364041506300804,1.0975023415527465,0.2720815857523641,-0.08626766110632164,0.6299197231009802,0.6786255470296882,0.8333959679402492,0.3693464782434851,0.9993272496840019,1
0.7650444259800941,0.8523076837261229,0.06325830942810108,0.6660161538354741,0.8831826465506313,0.4090810827928981,0.11452354727806231,0.7230215361268594,0.8979316471985336,0.4131018816174211,2
0.7537876705892356,0.8500631407295385,0.07160877533079218,0.6543281731601853,0.8780924660359416,0.4029652914507562,0.1240325509280447,0.7194229028431803,0.8914646936445602,0.4219958408172633,2
0.9766607237501286,0.5282637317566333,0.9709605152652153,0.2289527228325852,0.3505510631447358,0.44190335335418685,0.6011375369881126,0.7232185651338124,0.875698417988024,0.425055585143088,0
0.07758264598407721,0.6560870882608699,-0.03532452408871114,0.18752435437421566,0.843404309574309,0.7515827600462494,0.6348963792542338,0.40032646836069047,0.7845780446905267,1.0281505737946355,0
0.3204488799596162,0.74406859287123,0.29172226647584365,1.012058266647852,0.3962027708782919,1.057673448227092,0.033041074941752416,0.5183738647206305,0.972483142411536,0.49974242904620614,3
0.09428093512087969,0.6051321427866206,0.4924015985267498,0.6216169432783781,0.7194223733215164,0.022039539110589063,0.9113811171597004,0.4726667989481401,0.8467731007865077,0.8861459113577052,3
0.6657780079671682,0.701781960738345,0.3306490370666887,0.9292472014738675,-0.1504354858347252,0.35678188537439715,0.7104311478577169,0.17010957167849114,0.9074712206577141,0.4092133357342845,0
0.36637724254146753,0.2203344392829767,0.5132478657471118,-0.20697086564362366,0.8771203202422064,-0.1925769957777792,0.7659103990663534,0.7488876609979273,0.3991349478450891,1.3331994613954972,2
0.7709034387158705,0.44133976437721667,0.8591982033131288,0.798545993922689,0.1516634149010266,0.19096353352486445,0.08667040552492963,0.1195448359427417,0.6030447991064234,0.1437031050733485,3
0.7969690642166886,1.1422359159782347,0.2672503201415148,0.9648076785822015,0.19573579087302861,0.06455595770882452,0.6538148805402109,0.2938914203723,0.6242019850196711,0.1514085511488231,0
0.20560628776069934,0.3503691687628634,0.20881114714556895,0.7344877580778568,0.5309536952750523,0.9524525340433629,0.8469002525233897,0.38374797665293975,0.7091083568069911,0.3602899895867316,3
1.45574053284325,0.9143375619333227,0.10378052611987809,-0.5808595016814242,0.127468392823752,-0.4346259771530028,0.9788137386107227,1.329100002569907,0.5175087186581908,0.16272510319660805,0
0.504642924122587,0.4237442162103294,0.7413320672761557,0.2534481811009519,-0.05192493693564121,0.6661220263194492,0.8859862439010646,0.4092515524496606,0.849033162439802,0.6462689233742452,1
-0.075109255855994,0.9712590423199086,0.6977021439870539,0.7433485574432155,0.3667932617827045,0.7044328880849277,0.7542432605736178,-0.08084739326284698,0.4536008715870981,0.21576315979458036,3
0.26991892276531165,0.42653649051345505,0.5825792114319789,0.912744172764475,0.6080791975791826,0.49722777097703447,0.5799100165759092,0.20246954395406602,0.2359944852295893,0.21076963579392888,2
0.6546475227853847,0.15144412354166337,0.8746148235833135,0.46939052104156626,0.7922967378517516,0.3178697927462954,0.08983612130124434,0.568572959227419,0.30276187994687165,0.37933795104104834,0
0.5719135481254208,0.3775423420063576,1.020511104369659,0.3123674934537919,0.9082729992971067,0.3293103716380491,0.2246343701820565,0.6489281047744845,0.405761782362671,0.18051117067734837,0
0.37529997703614315,0.21785687666700634,0.24497962920569313,-0.20705701205077254,0.8745866435211551,0.5620064043322087,0.7017465174132863,0.18880318934554663,0.572935299021265,0.7720303695145987,2
0.17423149875070418,0.8516482875993018,0.8473190822922614,0.5082796314196354,0.5562849316876014,0.8116174604827096,1.0579608796194742,0.2981269184244131,0.5629904664086308,0.24707583576450318,3
0.7995273066969044,0.07351518330943824,1.2884116152951495,-0.30463458800714255,0.6351996557921464,0.6495450779319987,0.3507978686760849,1.172053191903676,0.5871363298950131,0.22363921969702916,0
0.3228720853297258,1.174676304751004,0.33261247338188893,1.2164955796188377,-0.04846518933918273,0.6367724714817609,0.2269515008033719,-0.061483631624377144,0.6092193651823162,1.3574958408223625,1
0.45504203186450676,0.591227280720585,0.1300579631390515,0.2753853283056233,0.26201924054038195,0.9568794966731969,0.5341701412663882,0.7411833049831292,1.2270512595016108,0.3101797253019435,1
0.3002307181877588,0.9829377934225907,0.6758299319426501,0.36225747227188887,0.3610704461975702,0.30906457705643675,0.9194011937164855,0.10069553831075434,0.883462336236566,0.27507936726561705,1
0.51131332655809,0.16220039816450013,0.824051370123902,0.4870234499592764,0.07853318419279258,0.8101030811502667,0.7194658152384417,0.5480558924375815,0.5521172473550976,0.9366053502598785,1
0.40004813305557885,0.3341444820480419,-0.1625491985947214,0.004478292593582765,0.3425779784293112,0.9103027231909671,0.40589684046250674,-0.16776596015974998,0.18469676707393815,0.9527759635525676,2
0.40942382192694643,0.631622268589193,0.724900509543652,0.2565324424455553,0.17702326627538942,1.0528392714353823,-0.19971803604631955,0.8631236671033569,0.7439899420361213,0.9300001968395095,0
0.10281156421612243,0.7789675732306834,0.7131627883115577,0.7982875451043477,0.25298332350432845,0.6219514325028593,0.7119915006497218,-0.12805361770614007,0.21861434404219077,-0.07924657324950235,3
0.5645400561302025,1.39573080771456,0.4199723313042521,0.5739495190854932,1.1878410223333626,0.620452861274383,0.3076135117992751,0.1707197419093249,0.3998965643368117,0.9257698172216628,0
0.6628146489226544,0.12122293153929357,0.4608673881776303,0.8437950394056286,0.7414991598203894,0.6472927033159486,0.017640497561210465,0.17127206027663652,0.1664304251675698,0.2539148433905929,0
0.28758411409935203,0.9508820578655397,0.25554863143119855,0.839630015956022,0.2044565695076551,1.3175588419768505,0.6209292298178438,1.1745672423021423,1.116963999609133,0.31477045171651324,3
0.000325169002606443,0.6133040348932359,0.8068189315365435,0.3852994956419238,0.4121101788732843,0.19845171579164558,0.7991588372472818,0.9635775824653945,0.14410312200257444,0.7322464762378503,0
-0.0023177116967880163,-0.07560546372416599,-0.6148892882977977,0.7000344978314702,0.334622403395027,-0.20447659089151282,1.6889020813690145,0.9024912118114462,0.22528788034531377,0.6461765031483084,1
0.17292504939500195,0.7783521740692512,0.3618804709085152,0.857825936462153,0.2981942810325858,1.0533926741273743,0.024268886068934556,0.7872593202287634,0.8450024548820723,0.6871385761053433,3
0.12100317416431626,0.22062645849514753,0.36413662261595237,-0.10993569870471392,0.7795506003780045,0.4973438202072753,0.4299218400726325,0.16448683790548338,0.6593001271957231,0.7124414308680219,1
0.4884538497473619,0.1637675800946255,0.33715047371358453,0.4285218460609462,0.9226347327790165,1.1789383363725248,0.39536454610043503,0.4399304178707816,-0.1790513935808014,0.2781624303007011,1
0.45940349022354565,0.31331984607420343,0.5074181403902345,0.2707808159587377,-0.21665124809851583,0.6434901317701758,0.689316352463888,0.5319046212120945,0.7945325519928432,0.7175532955942309,1
0.7850415016221732,0.31672553687366156,0.5809746152249028,0.43981260227089614,0.06716502424914225,0.4150223664136743,0.5199515723847935,0.47508231452951255,0.3399901517061681,0.6334448217884457,1
0.5756364961452903,0.3194976697620562,0.4357674359767821,0.6945433681590776,0.6545268562848319,0.5632126136788134,0.6310559220218753,0.14777779029762675,0.781185649293818,0.4104016006459876,0
0.24523541951474323,0.5805758246705908,0.9445901522756973,0.02904848476599054,0.42572826414434234,0.6770160632381849,0.14027084650288707,0.3988762651134006,0.11940193161984922,0.8147122400720906,2
0.25252283706822387,0.5796248231325408,0.9440497563031759,0.028783745153233998,0.4200032768190507,0.6821055060455118,0.13989915852937226,0.4048827376259402,0.11928136781715562,0.8177431447426826,2
0.7005187400065014,0.6133427174685051,0.6905260819051716,0.30076533478339784,0.48784764224792815,0.5960387375849292,0.5479708275842786,0.378089220213211,1.0506627565104725,0.8270239508824998,1
1.0050866646702938,0.11578804778343049,0.7648974160378114,0.2722716969737366,0.9514079233220516,0.21079275626723765,0.3435792456256086,0.9246527552154574,0.933090940640232,0.6486070842034956,2
0.3767188242197222,0.7304536081077262,0.8400655170980207,-0.17794250611251106,0.49650650184758266,0.13492153174534227,1.0402239496429988,0.9013829996353067,0.5516776180291154,0.2939507881480688,1
0.778299457183637,0.09017887504781547,0.3759511252458626,0.693783459239055,1.0224092192322622,0.5090230801133289,0.5444130646954702,0.8457284848177646,0.7424064451755769,0.5008683589302317,0
0.3221217575472656,0.944927720212728,0.7303570993679719,0.8252311282579633,0.582270663894638,0.19018508001165663,0.8115301954536778,0.326534569943048,0.16768226990799615,0.8454770010058068,0
0.7510299943373013,0.8462377759683828,0.07616342439563749,0.6527453754336667,0.8800105127287225,0.3976631679492143,0.11993056087151764,0.7177043016262306,0.8935673248227703,0.42483723038758325,2
0.24508772257634706,0.5967418553244981,0.9180018739609144,0.01365929674479835,0.4385409270218653,0.656700584780184,0.1493517194201257,0.3914660664938802,0.11037891502800079,0.8215561473623174,2
0.5669688562731913,0.9430650989093903,0.26752290521782895,0.4657625749979943,0.4871972086344345,0.37427757722438754,0.8061404969614362,0.4639165182485778,-0.0002368829286381463,0.6544458973079669,0
0.26014829809660034,0.7523489009902503,0.3734627722224865,0.9180549998171033,0.25926717178714154,0.9498061409035446,0.10206728469214532,0.6489691376485314,0.9692635935452674,0.6009153262904334,3
0.6681919191061585,0.8419645029939026,0.33206146111300516,0.5568704733516493,0.6044212410571815,0.36737824765918725,0.6671766836796995,0.3828259124584797,0.01394021466801245,0.5604664804548545,0
0.5919282031495261,0.2845460929500799,0.7226781234055164,0.3469057729757934,-0.016071870262282115,0.8525125312038874,0.7524425250846757,0.5351325292573292,0.4468735029871322,0.831365096036552,1
0.5961491798333574,0.15203596234467145,0.8947931510802435,0.5826905957283945,0.19552125175397383,0.6782437019126325,0.6530921785981783,0.6263978490716565,0.40352964679630743,0.9227970918621371,1
0.7435581100338613,0.8259513595043796,0.08272520162436116,0.628775918447606,0.8858230583596474,0.3943997559594236,0.10440652851465418,0.7411813457029564,0.9154992797295346,0.42196671604411007,2
0.33429780910471896,0.7894086417770334,0.14853680653724288,0.8359489616484125,0.7473547763350683,0.9791801514414339,0.5322349846120347,0.42050903199793394,0.1263477378581859,0.537574208277675,1
0.16565988978096116,1.1133828105436963,0.8034715474006424,0.5524952607984448,0.18572090512469486,0.6750523136637229,0.8335810576382887,0.14520738003230788,0.3618758633094391,0.017603962451926608,3
0.2764780367405087,0.42889388397220557,0.5836295288196378,0.918085661724622,0.6021367352149356,0.4988063555045281,0.5761579899605052,0.19702131102884185,0.23072391352432262,0.20985724955274523,2
0.2929251310273305,0.36976140491207515,1.2068335587178,0.4733426350824663,0.6634131364480196,0.6814630847647201,0.12830279823635113,0.5478120374176594,0.4153036757759999,0.44338180587179676,2
0.26113774077306573,0.8155279265415494,0.9994058178531076,0.20537247896123867,0.12641679330271136,0.9146917999113968,-0.07617819331811691,0.8430583723496152,0.7542870401184514,0.7072225375362242,0
-0.058031134858140265,0.7968966912785301,0.8411617162854929,0.21341118435976558,0.20127146615033398,-0.06972450127534768,0.2995474833369138,0.06427070203291738,0.48675511144171213,1.3771786911037887,1
0.25007758550035414,0.3844858028776158,0.9816552511539238,0.38733286849359866,0.7325596538793675,0.7693283964343061,0.3112481139504049,0.5288421853001122,0.3182233747945028,0.2060644161253631,2
0.68345000854017,0.8883867619571919,0.04099955736883585,0.978479294665329,0.8882370485910638,0.5048711060732674,0.15456532009989765,0.7078759037663022,0.349195650009146,0.09628820302666515,1
0.3808697118334118,0.5054796572888364,0.5609790551289318,0.12506362209986396,0.41052459517793166,0.2249939008068786,0.8044679904313645,0.6772093634974105,0.7151836241656769,0.43353095577507483,1
0.5431513915446875,0.6234254846864943,0.2816690782054152,0.10116851913167385,0.4177349247727889,0.5775654485568769,0.5151563120325996,0.6041380798146905,-0.08235403345230194,0.5860124711242666,1
0.6453986400534056,0.2935618990194803,0.9837087917971483,0.38194974760680156,0.7278742681822572,0.4688596147609876,0.17661254126212492,0.6224691817723296,0.31696283448539586,0.2896474651174327,0
0.2736341816228647,0.4288962235136435,0.5854399648276145,0.9171492547049828,0.6071244065184909,0.49906483460080453,0.5805029910752012,0.19753734781463608,0.23425753257835197,0.20906069224477025,2
0.2537660999163202,0.5734357169479622,0.9400830729113415,0.023714067438698222,0.4262712111798653,0.6774505211112488,0.14278960182963515,0.40245538022296834,0.12846143583613226,0.8116444765285672,2
0.503679280403375,0.829679443184508,0.46631322904078354,0.7459200564018139,0.061630993392862155,0.8260480109144139,-0.1833577460426083,0.5307110695327047,0.6908635053368799,0.4884423917983059,3
0.6928205772212059,1.0225878324230728,0.6955674611504067,0.7305247993737628,0.40058471775546334,0.9386931412544854,0.16752592690674797,0.7330436250022632,0.7003334502875003,0.29536902584335195,3
0.2746831409671379,0.42818455508864695,0.5869782108449928,0.9167099249585723,0.6063344080507114,0.4983762070818537,0.5811539648250299,0.19805904582377876,0.23255042291290487,0.20849772796604418,2
0.17451501081463922,0.42119023196584204,0.22155228366821056,0.7734578627235849,0.5450764522889093,0.9249757429815114,0.8960935422563844,0.41514354442179535,0.6907805575850703,0.31471552017883025,3
0.6803473518946388,0.8902006010782771,0.03286657694906705,0.9774823352627975,0.8963908129549467,0.5070550647411666,0.1619816774351029,0.6956573244597807,0.33868065359684363,0.09754482686369599,1
0.7918691609394922,0.807840055484795,0.31833357536896356,0.34200241553494976,0.8843864150710935,0.8448979858887122,0.3035018540918105,1.0484884679068993,0.7969840615689313,0.37461042805155853,1
1.0514579126044865,0.7946082470799095,1.3370992171345797,1.0990960889344625,0.3314185671400402,1.1195505691101058,0.31013088086225127,0.8611718412382282,1.0461664223428762,0.9665243615979026,3
0.5957553658749603,0.2936177147382513,0.460811803280559,0.6710305243777768,0.5667307579512366,0.5127927237969241,0.5690755249895254,0.10770332127560128,0.7328902469119077,0.3725602064565013,0
-0.06392896834632292,0.8907309871268206,0.8701429700483941,0.3903121067369801,0.2690376929958341,0.4976830451181189,0.635075765678017,0.8688767106457798,0.07139173073597067,0.7899723743740639,0
0.05078074412046807,0.4832181626112757,0.5776596771583286,0.9451136126290774,0.3245971354694568,-0.3350690472210488,1.0835147663401024,0.31364204967827786,1.288485651861717,0.27126589994004113,1
0.7094875747124426,0.24401763104270843,0.17735368783648237,0.6327355024421636,0.48487928421257587,0.5936239383180008,0.7842914686417315,0.04521750710374733,0.5238942445331631,0.1832509007746808,1
0.7192623989837842,0.8219957760417804,0.31111089623372373,0.30340458937572445,0.9391922369195004,0.7940422506116607,0.27172871140010735,0.8729815725010643,0.7126715712655155,0.2753158582766977,1
0.1834905596509527,0.22666659203672682,1.1759285053575963,0.3269957601352414,0.5082995499968879,1.0587552578821418,0.4840191322058561,0.5065341246831957,0.035817591295974116,0.24307642757769596,2
0.23957712267836428,0.397927436240641,0.883402980956647,0.4545350334932446,0.3854421443891015,0.6893703395878497,0.20426885256216704,0.9355495319541243,0.3486723233267401,0.6459504926799667,0
0.10027523765735573,0.7928413218067467,0.915106002660524,0.4699910978164182,0.3867913723000803,0.4122436049255009,0.6786526103934529,0.7753476281085602,0.15671098092755176,0.9363636610070062,0
0.6895622802837512,0.23677611019641165,0.9795008661762202,0.38474351512584737,0.8088773514154453,0.43974463542458203,0.12170576061818394,0.5994912646079817,0.34413431391422467,0.29485093164870435,0
0.5933799299821968,0.7215486494533869,0.5368417952381619,0.28953422266669515,0.30168092513170247,0.7559107405224023,0.6625937259146777,0.29988748537151055,0.9462732903872672,0.9376712263413924,1
0.6289091257294848,0.8797593188478323,0.23814822879666714,0.4984440402902871,0.5969523576318594,0.32104207044130184,0.7216131352179912,0.44313007139396493,0.09190680183787797,0.6847840592519753,0
0.2483687806732569,0.5820261515641317,0.9193756132263639,0.0514008051427426,0.42395091263972756,0.672032973241629,0.14481132471472433,0.3832201192649419,0.1398035154296168,0.8155486159781391,2
0.2778959639960517,0.42460032625360744,0.5838454750459484,0.9145029195289148,0.6117132599452473,0.5024262145750633,0.5818416046809047,0.19918671365909293,0.23612794521735328,0.2112391341306655,2
-0.10427156927707631,0.9290091552369404,0.6663436822916916,0.19091733933315608,0.6700625359410053,0.7036026190484822,0.6108794950135289,0.7379737551025394,0.3526884195250387,0.47679279890209225,0
0.8191946701081863,0.12286166961857281,0.639787370383205,0.07880499529474139,0.5199502476718636,0.36789942922490304,0.22295976762706607,0.9246387670998731,0.9168179034505032,0.7933209917253738,2
0.7079303295433684,-0.0467872460363454,0.0982385634669652,-0.004846060065495886,0.7863416147088922,0.7313307718018927,0.669668344967935,-0.06298892921309376,0.42653991330723723,0.9185971951866149,2
0.5912435843193086,0.741323328832852,0.11257515289478638,0.8509743228429049,0.1776565648927288,0.19424578334022627,0.8910372947175795,0.21451407667621064,0.9118534002483131,0.4555268390844132,0
0.881544248351119,-0.009571532171556159,0.5181374616717189,0.6805765061256275,0.5458974931672625,0.17977470205641938,0.5024545294118962,1.0336661677437655,0.46064169533214894,0.049651837123556405,3
1.7964046520974044,1.7899770356572908,1.3575106239714516,1.6262179273558441,0.9078914432957503,1.6828012508306909,0.014251579829163669,0.6362419124729524,1.1812043340919847,0.8827573103147972,3
0.30794161831670575,0.8074654864241944,0.11742536060115114,0.6900461066913495,0.14576670109877052,0.41822446886772996,0.7569301066724956,0.3040719448013071,0.5938845022565303,0.838713396687413,1
0.6049051705012138,0.1252904455532146,0.7819150925976418,0.3961252654740991,0.044158399250679464,0.7510323532040315,0.673147745514663,0.6054156075043227,0.5276013149215887,0.9803018949939325,1
0.673763597694523,0.8800748549812845,0.031699678539608304,0.9701598588095836,0.8866812860934546,0.5005466838978703,0.15754545553201854,0.7126732421953917,0.34054272270623387,0.09387147181017615,1
0.68069728389242,0.937502630675489,0.6679127200829849,0.6095315401733883,0.38568145200124515,1.0156219970198506,0.23490356882212338,0.40003043902368995,0.6544974390438275,0.4888654307539035,3
0.0876108299281299,0.9897596214385593,0.7630980788844411,0.6190656015580025,0.2548792052504854,0.695720184989609,0.7656621789308428,0.14673682975785496,0.35279349304303037,0.06776109952356713,3
0.5841700349221068,0.11427487755723079,0.7380518167226999,0.4004419752560719,0.00034302341458307406,0.6936867127825572,0.6010518355736162,0.5692575966268185,0.5795894288349249,0.984150922506055,1
0.3779736259751022,0.42026702736378546,0.9269231230039972,0.4488827614308839,0.9288565790709992,0.737098531579043,0.1470800126428109,0.425044847800445,0.34494078507294,0.014273577298971224,3
0.37559251369586255,0.4060204265535474,0.9427961992146955,0.47107760688399497,0.92564996974281,0.7325687897307156,0.16466969527999595,0.4040732935990528,0.3262616644513589,0.02617859474942061,3
0.36201999216040276,0.2989761573559352,0.5567443395289211,0.18396095214307404,0.3715707908389816,0.42759519941343543,0.7897543366038784,0.8190631861278779,0.5934090718892542,0.40358161684594906,1
0.6838022612456935,0.8834387978664215,0.03552997488898676,0.9764329511239619,0.8870306158326485,0.5015654238356926,0.15467900787645325,0.7017229379582605,0.3482482919209452,0.10305501112084024,1
0.7726775291370508,0.8254652705753557,0.060080634860176334,0.6364713116482147,0.9070132858260761,0.4000149702793264,0.11983972323371064,0.740145229306398,0.9221789142989304,0.421899237521797,2
0.8571818754146971,0.17743851592741422,0.6556656898844463,1.0149826913050444,0.8657851306485427,0.80483888357049,0.6255917178983299,0.8834292951840271,1.0002268430466768,0.0668797087783981,3
0.7859675181881703,0.3989916597537828,0.894827992393311,0.7597935624836839,0.12675815451273703,0.30630624431227776,0.02760787951036943,0.22666172716365884,0.6652614606546268,0.1005736202832736,3
0.8232836028531804,0.8542717058302113,0.181354451210148,0.7915721544329771,-0.061306801947715206,0.06724454360680872,1.2598146824868055,1.1633056680691727,0.723562256008327,-0.5470331398681927,3
0.3368884337431764,1.1969112802296054,0.6517018367264095,0.31287328016658617,0.17102161150960904,1.0487458013387605,0.007791692459855751,0.6782202075624281,0.3851170853940558,0.8379337219365588,0
0.7701908508221637,0.83401400478283,0.04512882820208587,0.6537151520828276,0.8863285792067145,0.38049622787354537,0.09210281066148579,0.7294104123863187,0.8688158502894194,0.44361635287131507,2
0.7013938849821647,0.2335063971155578,0.9959406448521099,0.3883130387446512,0.8098408868156274,0.4197489502496546,0.12946136217154003,0.5818396610490633,0.35445765571060667,0.2934022286029665,0
0.9215814015290227,0.05438609674383443,0.6188318178569343,0.6402016190298321,0.6363320503283656,0.15628941836638469,0.3620423198728178,0.9098780093842367,0.4616980501495308,0.0321130923592746,3
0.81544323379827,0.3301645878499054,0.09142992987183499,0.540218963453415,0.2417785379215275,0.4828003621460944,0.46392885652583277,0.10316308243469417,0.7593457800834964,0.6518360854130981,2
0.19609220744303527,0.006291597370046476,0.9160354330976033,-0.037569716687425925,0.6545070411590175,0.5581347336187314,1.1565944522670204,0.5378857529938351,0.6420250785422185,0.8693530901520541,0
0.20854981846339982,0.39838668675993066,0.997459052385455,0.3717575894072966,0.7399851283374782,0.7669787585951703,0.3484892036773959,0.527285730637421,0.29404260816024,0.19295002702472,2
0.58811453937085,0.5411487234096084,0.16407704111477106,-0.03352683076833313,-0.22387789473544306,1.0172580256442785,0.6017076461448432,-0.12671969411280817,0.18993186850542054,0.29610576975361647,2
0.2730151803754969,0.4329734370111261,0.5897463657359773,0.9217781979144524,0.6038007641396042,0.4946819473217973,0.5782757229937026,0.19920355755730318,0.23681354808169536,0.21309138502829839,2
0.2738405034468644,0.42933743897037696,0.5858498955207643,0.9166995825959436,0.6063102883171018,0.49816463541620637,0.579719315974361,0.19843311452140489,0.2336137066412036,0.2091515425601751,2
0.028201079655002223,0.9048920046748321,0.8299064623797721,0.7273575774382424,0.31607143162249346,0.8226465417707305,0.8215584630495705,0.060319685842960116,0.4184647188929,0.12184611356524963,3
0.24840004414685427,0.5862131232563637,0.9464259058489181,0.03247050410851229,0.42458646660337207,0.6905256184238882,0.14809660128172503,0.4037946770862683,0.1070963301086673,0.8347793237765546,2
0.1340761199282261,0.7320839127185698,0.3613061121983799,0.8254795533068398,0.37753466000194175,0.9038609779135841,0.014192867815186513,0.5881904066929411,0.9518251396429253,0.7271930053032932,3
0.10611485361408608,0.8612197232978273,0.8089984022350418,0.8146297887817421,0.5318402439591661,0.7889812205539075,0.1594789643927092,0.8374894084001714,0.5802296793028965,0.6065600771393874,3
0.7011147607129122,0.15876958782312403,0.4643945946963699,0.8284923461243235,0.7713184690754025,0.664212063948062,0.0801676359575962,0.0935101586724284,0.2024158819276848,0.20284930885044813,0
0.24475756534348853,0.44383464317603594,0.8143649529735414,0.04108897326472957,0.19586169614720492,1.6424342628592665,0.28254240065798836,1.364891377385043,0.8251509026646489,1.0478767931020525,0
0.9050372807237573,-0.03652636737511068,0.22332596891094392,1.071827775735228,0.8801118502682964,0.41365358534939867,0.6706702380181466,0.8660066082347244,0.0839813919485119,0.20632319519442677,3
0.37810152451667567,0.3900062460646582,0.9773514972621197,0.426111279150191,0.9601416869909001,0.7465422582293926,0.15260926140885467,0.38463697955388065,0.29445757470563166,-0.005220562674472674,3
-0.1077646825800295,1.0912556297240223,0.8164929831276723,0.6455653780586779,0.14949995951801912,0.8984492429938588,0.8552906088652866,-0.18566021464798427,0.6824078570058845,-0.04050102726359148,3
0.7638151140197911,0.7359494766981572,0.9574990909712779,1.0595047143345062,0.7857894589484653,1.0190554730303847,0.19006576953717408,0.3816822141092736,0.8226367832914953,0.5601005658772698,3
0.30115104180291064,0.21021426272995694,0.917766793739349,0.6634401807406753,0.6799973421194536,0.46090682006014194,0.4103062614094531,0.6399531606404361,0.843359559612204,0.9216933691835565,0
0.6947919789616354,0.4190339842014346,0.5648653061818317,0.30229183833369916,0.3038408134365112,-0.04693863002916701,0.5473354472996232,1.0521134227829763,0.672728754164455,0.18873709047509937,3
0.11943704935155106,0.8374195057202382,0.9097327449012496,0.6308497342040714,0.3215361196312232,0.8753459279476901,0.8349272079215927,0.12950538347277485,0.5112990335174473,0.034031633298891154,3
0.5733658947135692,0.272547471323099,-0.13387995433779243,0.18791531840559922,0.8215808617707074,0.443290961250172,0.5039390569105375,0.2886559910415326,-0.2802154697296322,0.9525135423442022,2
0.7013544345568098,0.04416834835423998,0.17057828059597036,0.219603815408665,0.7818565144626581,0.6550310482869344,0.6120078960951756,0.1922388538800357,0.47845956856198535,0.749327918100844,2
0.18575672135342503,0.4254819465813581,0.24894174659830323,0.7368706390340954,0.48922545724678673,0.9312242385178738,0.9029498719488964,0.3550406970641174,0.7361165015251108,0.3276841184221136,3
0.5568814645716671,0.15631569630160586,0.9413717405857925,0.5327595349540113,0.6623757250620103,0.37725518967054855,0.01831185567040554,0.5934001660077779,0.45880501539288954,0.2553565411421004,0
0.22442081554396265,0.6158726358429749,0.29553054252779776,0.9753500817225917,0.17357190669098183,1.1221428757139416,0.09418042643760785,0.5983130560189104,0.8539808836998429,0.5240501106095118,3
0.7828002683903168,0.23700768773083836,0.15043752095834417,0.643852140802534,0.517065642675119,0.5767026764525955,0.8430348198552113,0.11549931143811538,0.5206655182439183,0.2333492132506285,1
0.7243928107225115,0.8207964980986125,0.11633510710484757,0.6603470973989096,0.8732984532830764,0.43903588266416255,0.1418213127679452,0.7339804034045108,0.8532983845793213,0.39376166992092226,2
0.3472623208190727,0.1629299778895489,0.40964038464727615,0.3313591704382175,0.561665417051726,0.28728523646715276,0.642543085895118,0.408749221436058,0.2908555507927426,0.8898552721766498,0
0.5257591586402838,0.18752917275313805,0.8121343720394776,0.43118869566556395,0.08724759612987336,0.7376271181244598,0.6967798864427963,0.5530619456505423,0.526311609669205,0.9756748010315606,1
-0.10394302863132063,0.5568473119694642,0.8277748946076884,0.7115482655062083,0.8526139310818122,0.29805684241037556,0.7581750115063899,0.27204190540796347,0.8773456888419894,0.5141738021265566,3
0.7478350383197178,0.8475945811094321,0.07488391968347934,0.6496289870223955,0.8792363151217202,0.3989566036986482,0.11834326529600102,0.7197144352137471,0.892391675455466,0.4279445103466433,2
-0.0799500870404482,0.528640114077213,1.2175503009416255,0.9163887827058437,0.3149901066998402,-0.17058329581638554,0.4348445682964022,0.6301548277644283,1.0064630816635947,1.3258141273696151,0
0.2034763504826728,1.0707846630939457,0.5282683071864352,0.30564265768260684,0.38559901919859196,0.2607210817901819,1.0675416242734626,-0.005823734771085248,0.7680147151689843,0.19907270990385628,1
0.4591006654654029,0.27909369945038315,0.5010633703868201,0.034356327508575764,0.9809035520165271,0.4611761675011694,0.6839068225541793,-0.06939758626538883,0.7971586251591822,0.7830103542136198,1
0.23640277280096958,0.5733346606070081,0.9556772007544689,0.025659655419641013,0.42106225796737407,0.69599069022135,0.145700253899295,0.4006610492105908,0.11534950961352512,0.8096730522137626,2
0.24844857969103237,0.5884212199485997,0.9486797200949586,0.03503565780892181,0.40352334988124156,0.6675471628985118,0.12173326316552971,0.3867645280919107,0.11002491724272162,0.8247451140946596,2
0.4648473948184412,0.6995242622248491,0.31942044561708743,0.9564645958196496,0.24619854505003674,0.9156926643323028,-0.12523490795707595,0.8916175726969199,0.719141787660131,0.6985580880637433,3
0.2549500142935636,0.582464382641058,0.9409351725318975,0.015543284578178584,0.4180973108706385,0.6645658153191374,0.128568148844617,0.42306267233076283,0.1019581980443001,0.8174592121230267,2
0.42458817782137553,0.17004153023036792,0.2819458818399554,0.7611619266830729,0.24278712534620758,0.19236111482468427,0.886884555716165,-0.06872756002234669,0.8008280242291278,0.17629645356870569,3
-0.20522818826407072,0.8766886989278307,1.1193661568009785,0.899168186944374,0.24732119601805608,0.894917605905805,0.7372514594304093,0.3987816858554058,0.31012203018928575,-0.24129374134406334,3
0.2486676673159657,0.12239789028612831,0.4461549645635654,0.2753892816847594,0.5595959976037939,0.3227015923756383,0.7258273875634143,0.3232647997277329,0.3394087759143325,0.8005259682202801,0
0.2938826092966366,0.6153688820839319,0.9264077225872747,0.0076547813437467215,0.39861259819669187,0.7139738124322482,0.13870236096495983,0.3655053201050914,0.14038765625382763,0.8490960896783789,2
0.8405383599718778,0.14941938884321346,0.6411350986072628,0.08643640934588047,0.5365965638970309,0.38575239612579343,0.20424462136390523,0.9381827601537487,0.9295647245102269,0.8162493060826095,2
0.14129935239472816,0.7893731583775638,0.4745279710304926,0.9420381623487355,0.5565685832999802,0.26437304822336916,0.9823507151585829,0.18461770665878982,0.4873286599065722,0.861855436958706,0
0.9685222344643315,0.6587192558182668,0.15997218803056706,-0.05495068596114244,0.6039259322673285,0.43559138821596927,0.9194901796478995,0.49104225377654087,0.6703632738686867,0.052599908541355336,1
0.7077990528006686,0.24483041629598856,0.9708058311310196,0.37641467915941274,0.8000823342796065,0.42816769863263926,0.14008393482300235,0.6081800049464007,0.34204409975191835,0.29750539784645436,0
0.3596633165247694,0.9626632207892308,0.35876847860207467,0.7502301521991324,0.6878991054145873,0.31525451193974763,0.9847238325263655,0.973589574436673,0.23824109900968957,0.34112902941407763,2
0.6933802014070679,0.38701409958886634,1.0958474069679316,0.5552054714496071,0.7416250737415453,0.5376127034278132,-0.005775356532772474,0.572868585796306,0.38640828762986246,0.361493410913753,0
0.3253927821281214,0.3202403503511631,1.1105416487577948,0.46574931006835135,0.5927868741634968,0.8181924473161518,0.4831382885371446,0.3533749456913654,0.4567925243589857,0.17475251545672302,2
0.9121977087253911,0.21676262432628726,0.9060950785193971,0.405858434712866,0.5240706337402273,0.6682517120117485,0.21264632005039938,0.6610241635461692,0.8640484393675874,0.8448072524061124,1
0.3327980839246088,0.8244616635552442,0.9796746869930324,0.14707461569435376,0.2329646580553724,1.0039827888210286,0.04494014541372854,0.6911953421929748,0.6441982219470133,0.6975978881514412,0
0.9301315879453431,0.977967781720802,0.7556134866298947,1.0049642340886946,0.7735557107307542,0.9950756652593362,0.32724451292569645,0.5638784600422085,0.749002162294487,0.5729305958638907,3
0.6490223433289914,0.4415284764286752,0.5404177807281504,0.4427499623038357,0.010195015357376602,0.5179408206151834,0.9215864026473258,0.9748969778346148,0.913299068706445,0.6817621531109334,1
0.4929823249970969,0.5458939229440765,0.5213828210507271,0.1729719377574626,0.4174224797777133,0.21279513282668652,0.7916199648685354,0.701336488887187,0.8197890808807662,0.3497978053151726,1
0.8367175190315697,0.25299870225806687,0.3411841189212631,1.0045481781174175,0.5440476843669421,0.6340008011298034,0.9150993085802294,0.6817175078792918,0.945458794831315,0.3864561793279083,0
0.2918290494163118,0.3719164394851428,1.000737416384186,0.39073543706376257,0.7919220725079497,0.8170431129327228,0.3824428083660113,0.5130111990768192,0.3654245061940948,0.2531061634889191,2
0.7288021206804557,0.7400829758115989,0.2963911697104135,0.24010705226795492,0.9586219951277004,0.8521486869090706,0.26027436641508894,0.9920210046479913,0.7542623922200791,0.36995732972225753,1
0.38334400201384206,0.20651242644733647,0.8019486100624824,0.2719114773067949,-0.08087914898347587,0.8408960549021168,0.810179101705592,0.5249660870636579,0.6105198343864241,0.9149944727133773,1
-0.008371715827038662,0.09071383475986647,0.518450586129962,-0.6280622397561989,0.849308443510349,1.0634373530798498,0.2188082532639823,-0.45135223092547017,1.108444056124306,0.8401538884541476,1
0.40441191704813373,0.07777297733454197,0.5850777765236888,0.807606322498336,0.7448237028824445,0.7490940324702503,0.5715105091011251,0.31965216440465927,0.6516105811009725,0.586010084539939,3
0.32145416503722024,0.06424951488374146,0.46963234776649,0.35001830082257385,-0.3479614789473308,0.44056113089969,0.5214931806160183,0.7030857238076008,0.5145006832289171,1.367336927711822,1
0.9360934396945036,-0.052257668291929266,0.6979579575636613,0.7213081273530175,0.7468957953937281,0.177447179504707,0.44635702869804605,0.9466969785392834,0.4882673359325403,0.12262908342848533,3
0.5227422512579776,0.26403418813346335,0.7817588121060143,0.3181138192868188,0.10943803981175282,0.7010841368009754,0.6308452182541019,0.6769289865966323,0.5373149357590444,1.0214732257926713,1
-0.0060691149408136705,0.9123237611659741,0.8282030455748225,0.7017891631132525,0.2666389628695288,0.8480395564691382,0.816135174662693,0.03000774550999387,0.42359185669027216,0.14695105634794167,3
0.8024320944896345,0.8430370385906328,0.11466909673172278,0.640995634390599,0.8622293191235079,0.4097967652088455,0.16720172183194967,0.7428943755078397,0.8879127421176355,0.39113939400580716,2
1.118614455626373,0.35895797805998036,0.919030010065072,0.026474419241676907,0.5867345485829412,0.0681794363489138,0.48788139130062025,0.6951047784479496,1.1253539159668913,0.1871434077557019,0
0.31733625223657963,0.7691007053381318,0.993434824448846,0.5368254590524224,0.4301103646257122,0.5131125437974738,1.233082384764261,0.3017035328312746,0.5272480335400145,0.2708111166192148,0
0.26877615852424463,0.35337983523907956,1.0165837498553645,0.38284736685562093,0.7308131221294772,0.8322874732737566,0.28569795068806625,0.5474445364311336,0.31268903428730443,0.21838909252547423,2
0.6924747946110468,0.2476696182397106,0.9733845327240379,0.38552939579880857,0.8120872345766545,0.436516035946459,0.13115210988254414,0.6013668354031744,0.35183399835231843,0.2972773066945007,0
0.6249070862847264,0.9510885769867881,0.2948315274626531,0.5528655407373747,0.5241232553064724,0.375100009257632,0.6606348949329082,0.48308490345746213,0.11547135381509277,0.6878290939138251,0
0.8719835683795614,0.9818592104596341,0.8236713227464101,0.8945562874858292,0.571760278339929,0.9960642515025254,0.15424459711834979,0.5947654364537579,0.72977324314778,0.42585821654614914,3
0.6470476119452654,0.9170096337633449,0.9953641734995156,-0.017472743084623932,0.3512990117279366,0.51206748696437,0.23367847350810167,0.8973145909328091,0.023527178820246464,0.2345771127500471,1
0.8252459548478788,0.3485866326057265,0.4642614627445042,0.9912174955429095,0.5488947584462859,0.6020910150238332,0.5948721696174483,0.09091091147825942,0.77628926054042,0.7976571941566972,0
0.21266959661124937,0.7464675326537723,1.02005841243006,0.7215766009472548,-0.03647590320322616,0.12309620056164275,0.2436116790386932,0.9983432017865218,0.10656458510522357,-0.13266663273420565,3
1.1822448426005674,0.4391772461036774,-0.045702068856548206,0.34830514768448656,0.760515114363562,0.46673058601491413,0.274982856495129,1.0158161971381867,0.7896016642582155,0.239769894729802,0
0.5958563557092053,0.28427873697357,0.5406426522282697,0.8918837049641255,0.10573021730864655,0.46449706573724214,0.5900240997717994,0.31235585612194705,0.26579632851248214,1.0938948072229977,3
0.8666280587365256,1.1806121674454841,0.8086704287373226,0.5493558509653647,0.1029971783753224,0.5011484396248295,0.4696786290351213,1.096735544252567,0.8534931385704276,0.7659463847619558,3
0.6099549617444263,0.2148226202040279,0.5150048572345108,0.6723966678826073,0.6949561854827335,0.4747945148207966,0.6295538038777081,0.06859587851461223,0.7105448228415299,0.3229301542931028,0
0.6491687467470927,-0.007128809316404104,0.5825954449236417,0.5440704077797212,0.5728887268539987,0.6119435515110768,0.026067487007315676,0.651922535540475,0.5060574201394452,0.7152396772603157,0
0.6041582196381381,0.6056979439235722,0.6514664291363969,0.4158374077141075,0.47015094428543647,0.6422561153134291,0.6503959065212886,0.3718733714632961,1.0309457009237974,0.9383180889421654,1
1.0157706985584019,0.9201925481172706,0.7507411659759312,0.5290779820542515,0.8290643548204997,0.8092040255610772,0.35312661302454196,0.5621532970125758,0.5171984454557331,0.47680783623686307,0
0.04756822141230038,0.1652013111253357,0.6025835182243345,0.1662407945999247,0.5235690245802463,1.13727550345242,0.056538991541402406,0.2143008680490487,0.2942634851387178,0.27343695522198136,1
0.8266178276186507,0.7751859134432969,0.26262109128843125,0.3080053345128095,0.9121006949249858,0.772116478392258,0.26787767456268496,0.9838794060992134,0.7998475964632159,0.30293059468647154,1
0.8262968638562042,0.998768761917966,0.960998174130597,0.9735992597284584,0.5128102034830451,0.9804167421708901,0.22951233439096771,0.7056274594265806,0.6014562904881763,0.33637310114592206,3
0.5172280330618737,0.7852562494868424,0.673027835553791,0.5836786627363453,0.5282639657378293,0.04686667036833833,0.9278330949052578,0.40239424872313945,0.17867816721497592,0.7366057712690524,0
0.6845052984349791,0.8901633151084237,0.031428999341986084,0.9723432912693611,0.8891165159484614,0.5050874759200759,0.1561700992838915,0.7070048538265603,0.3450199741707751,0.09926516789185756,1
0.2552350807570352,0.6792077916750475,0.5030607889630643,0.8771680815766687,0.3009229365811435,0.9898487511386663,0.16931211254383557,0.7108953126635699,0.8992194202853052,0.6574206793132924,3
0.14513341692999104,0.20678362877514003,0.3029712965225793,0.7247015278596117,0.8725746436451256,0.26411675378566896,0.4563192853062664,0.8150262138771179,0.6690713812725391,0.25934406276112704,3
0.9494254654006112,1.068573341300713,0.8039089672724522,0.8811143525358606,0.8488704848907744,1.0880952298294562,0.36252397081382975,0.6307162082604247,1.265528200248537,0.8616551558548975,3
0.6311408216072711,0.3971763889007539,0.43540190053789324,0.7429079495540544,0.6358870897215703,0.6473262662183215,0.5940358115693033,0.08578213711443566,0.7885405198022319,0.47827366034141744,0
0.276858331742055,0.448051569364717,0.874484231749179,0.2083606529980546,-0.15062975808855786,0.17867173772067807,-0.007206859253825415,0.4453115395269981,0.18746818857347514,1.013087026711685,2
0.25364040637378393,0.5797068627367413,0.9424052326166301,0.027437217691380696,0.42106824246265767,0.6798479786979865,0.14022345751061255,0.4060126149361638,0.11958354693335478,0.8169666292208754,2
0.5536635374627935,0.16784622663028204,0.8266102724475959,0.44116320620197996,0.08871819795575146,0.7633758967907838,0.7074169855036548,0.5705070333061143,0.5378909826737114,0.9479671788189398,1
0.6885579120044923,0.07217784292989221,0.7644409745553584,0.3657567031486555,0.23105675383632782,0.7556122328626452,0.632249580037585,0.5336433791946275,0.42425966023681255,1.0571035135407916,1
0.4148810699953849,0.5193276239270765,0.8077327892925482,0.3535591272057913,0.005399889745808822,0.7950913789873111,0.16653311859469874,0.5188080205198207,0.5707561381063979,0.9508950338071795,0
0.5782463123242048,0.42870827966380637,1.4574817354178338,0.37844600421792685,0.3960118040307917,0.19967990045161457,1.0728974246999683,1.176585045756832,0.11403257037000675,0.6008024105476788,0
1.1131571343957796,0.6798199623693327,1.201930032312635,0.08804426445907687,-0.2410984610875052,0.6539017723533697,0.8710958416813559,0.6572522535344262,0.07578504867473476,0.052319256691962385,0
0.8725962193104241,0.381150913111159,0.8124088352056682,0.5707438465714634,0.7141088619793943,0.2682456864052558,0.7353068940478331,0.983803197154866,0.9926002550103097,0.5201434631637212,0
0.3440208820762504,0.27404264320252014,0.7899897267568048,0.5928278238528141,0.6721631170520528,0.44728377347630555,0.3251819755159732,0.6572243423604832,0.779666654766735,0.9519569993201329,0
0.12190901843248984,0.16022397096239038,0.2606492354569387,0.6701081957113576,0.9086212388548753,0.22321687973918247,0.3835867000051053,0.779443967326519,0.6304106676443157,0.31341024788963073,3
0.53837518090522,1.1720644525893933,0.8876977299228068,0.9569295133504239,0.1029514226199702,0.2008132867965906,0.2293047243064591,0.5037781587337984,0.3986298680362033,0.7472470076117802,0
0.21320429374191666,0.43848827481164954,0.9832213357685807,0.41087498796057964,0.726977275849022,0.803323571842379,0.368037414155232,0.5083073499336849,0.29088339291914633,0.25241581792594825,2
0.4502155301919007,0.5648402159554075,0.7796768339939137,0.9067618764673331,0.23208728419567076,0.23533156102341782,0.33276748933297934,0.6571677510786768,0.08995693520957712,0.17790819668399924,3
1.0145897748168102,0.7344595970664918,1.5087198666325883,0.5797761554671557,1.348904074977754,0.038151332567659346,1.2047821045656057,-0.5858767024511224,0.5176109174157884,-0.6952330015770494,1
0.4561868130014327,0.845605743845994,0.8830014512090951,-0.032556178505316724,0.05183309373385073,0.8579476778248952,0.12093962102027515,0.9068607882144925,0.5537128502331989,0.7605951847077608,0
0.3718014985921123,0.411245927995208,0.9420396661949774,0.4759928459093449,0.9251633886944937,0.7270294166425627,0.16794283740693405,0.41395209738248084,0.33786971648745284,0.033071434997046095,3
0.7725140958848242,1.059171990815104,0.7345325614733295,0.038134535622299126,-0.05428699377092583,0.16436517634169215,0.3724960357454298,0.9970928990025588,0.3737816524820419,0.6372335603393109,1
0.8242854671658508,0.18288885778628974,0.983845436483872,0.44481858707191024,0.5485779433343343,0.7387822171485932,0.20425485621538686,0.7289380797434314,0.8389791013371539,0.8632425885970031,1
0.6176324324909029,0.010282588591958214,0.11119989968927621,-0.018814267498073724,0.6587866755205799,0.5501000695611742,0.658947052421814,0.1481659975986392,0.36669146059930546,0.9185791116090755,2
0.14697900577733253,-0.03609523985150365,0.4603449964452868,-0.31255009663037603,0.7561568957161635,0.007985690581966964,0.5988566992800295,0.1039403935546656,1.0090478099852656,0.18150392944072163,0
0.6974111399879837,0.24788760748409197,0.19668666718882585,0.6511822008203229,0.48270251621841676,0.5804114357628198,0.79331819921384,0.030443314648518606,0.5326897035859768,0.18632040569514924,1
1.1001771797070812,0.49242134604339866,0.9996072396995614,0.11522703943616129,1.0310335501097019,0.43157118691586427,0.8457881497811729,0.9859764373015567,0.6466905238618045,0.7367997208413977,0
0.9401920514139689,0.4465575566095647,0.5506639550894346,0.9558465000004632,0.38206583086264834,0.5841853337135746,0.7655407544444086,0.6165100185050677,0.42694006209986946,0.5827357789604032,1
-0.28027949388359436,0.9719432879253036,0.23399006090988483,0.601994280474963,1.133476766870083,0.5557722926589448,0.605397692046737,0.3451754143417858,0.0353525920327141,1.0156368517054475,2
0.5287091794288018,-0.18747507044393222,0.4813046827829737,0.20957897297236497,1.1149553282223694,0.2672606020954227,0.6134995950333714,1.0088093484370264,0.9550793027817577,-0.12673383476045863,0
0.2093507357403302,0.6014689136520421,0.7772033970461272,0.610083274164682,-0.03320482188630211,0.28748001856717603,1.0324527565407555,0.13063861752283257,0.2827508795928685,0.9993700797652725,1
0.6490428555528528,0.20627854712464858,1.0171505481088263,0.1863670462483684,0.8501278987937924,0.6160346157490579,0.012756417571734152,0.45100396825246913,0.13535690705209918,0.4912568048853916,0
0.6742874916625513,0.8748451901014838,0.037046628337253154,0.9681097176447342,0.8799325224960141,0.49802614883238294,0.151684056498543,0.7015092873167788,0.33865306984565685,0.09991720037081024,1
0.032012249256661296,0.5262908972737412,-0.029135953183286975,0.29619547098715565,0.027104634267511245,0.612883572408202,0.5988908305668732,0.13485788777348948,0.8991090233379213,-0.08528249016763337,1
0.0908132280176162,0.4458260990270559,0.3513328290711068,0.9547849039976022,0.6344813530864568,0.8020156349709292,0.3426627027771326,0.10936398937738027,0.15482769306720362,0.08123081711651262,1
0.8160783414287516,1.3898395247795827,0.6302296592191976,0.664555278879592,0.4861860850568311,0.04554228550192002,1.0734399719213101,0.18008844622817624,0.7624164170692774,-0.2698905658539116,1
0.1529928204971376,0.25448258598295864,0.15307713816273918,-0.2525442012989961,1.0209501171312647,0.38060145024804914,0.5280210800877868,0.3123993283241423,0.7470306169550759,0.8466305012139314,1
0.4174147344200896,0.2164143034777513,0.31251731352780976,0.7575725363309102,0.27992531190231673,0.27304676880844686,0.9333802657950028,0.07375951838269,0.808044956627722,0.22616830976731345,3
1.0739645264123796,0.9498116017210094,0.40161282625784667,-0.0704205526560891,0.48747356103707007,0.6772434693755779,0.680021163362099,0.467844995436034,0.325272916984653,-0.07323131505539407,1
0.29142960645340993,0.8557153049212868,0.39358515412671097,0.8388871790115906,0.5179696699135933,0.16921258500097344,0.8884670281598145,0.0518821192445345,0.4247305475983744,0.8956189270329673,0
-0.03153265573098703,1.1021649617258498,1.0135515013915775,0.3315960068725318,-0.11269412443297891,0.1856535390967408,0.6868419164253474,1.0742710112886178,0.801542988382827,-0.006014337593424179,3
0.38852679100603993,0.9167572451872591,0.6483635117246658,0.4091462267875452,0.9052087292764498,1.2183802356040896,0.6633954711560544,0.14342080038179367,0.6348090539518902,0.735433244906204,2
0.6231334074813968,0.6011463190283627,0.7527758484422191,0.1401698725971208,0.7934850598849734,0.8713647591754118,0.7324558298813959,0.9633190283457644,0.4949719678841753,-0.22104443034859084,1
0.4700020313364309,0.08452465082219074,0.9124642394415026,0.9296839316985849,0.4419651483419721,0.6932955540660468,0.17006869781002903,0.12819645040267102,0.6486614915961753,0.6813048378797163,0
0.7320402893324762,0.8828438521413684,0.08217893918757892,0.6736544824576212,0.8684829153806962,0.3846245748617007,0.09558328208678893,0.7461559061808922,0.9348661640994621,0.44240290097129503,2
0.05431435559115723,0.9331262881019459,0.9250597956691041,0.3495065104968579,0.14343216228485262,0.4368146028412728,0.9321628064142785,0.9864506515972242,0.6184197111209417,0.24238991375148833,3
0.07510966892649382,0.25763095901013744,0.22937669970383417,0.6041260960989716,0.11494753232128124,0.4976472126649199,0.2982452742125082,0.3262168955143768,0.5171001254287313,0.6902541132958975,1
0.6718245715250916,0.26288176619617115,1.0432102563975958,0.3165186617628482,0.8197170515029615,0.49407715899521504,0.08733182230392787,0.6173247229706654,0.3087501666811527,0.24404557718973247,0
0.875030054341752,0.3894170808747528,0.8232402465906181,0.5489967351783837,0.7110236463651457,0.27180410260585564,0.7417764170709272,0.995804432015662,1.0072627221022183,0.5128085283155841,0
0.756857819027287,0.133701747868903,0.42315746847847985,0.8398427809810767,0.8258991135820088,0.6815360665788357,0.027144007513456615,0.15153141946101065,0.15787593169940542,0.18499182725133181,0
0.7451805726544504,0.8482320581281996,0.07648522203152969,0.6511420473894386,0.8708168588535733,0.4055216470376961,0.11299364072012037,0.7147284072170375,0.9012411602518781,0.43201883456851964,2
0.9848712121487093,0.8924118136615108,0.8160725229951812,0.8199948196235929,0.5296883823013301,0.8945557876835196,0.04602314982651247,0.672720994778377,0.781603532161677,0.3585773239807782,3
0.7597012062138253,0.3679460442495137,0.9075565395681111,0.7400181806107506,0.11038682591709499,0.2931073517700473,-0.005283046682348378,0.22821448982607326,0.6258025356768812,0.08970274605837525,3
0.1585595661592625,0.5981764116571998,0.04043416260319845,0.2500275947581976,0.08694724383717005,0.5107228806909869,0.6998021868428131,0.15295409771716717,0.9808189046560988,0.038302234310346496,1
0.6729540860047644,0.8808282395655637,0.2616177266263921,0.5062896126960568,0.5485022363365689,0.32159457600003655,0.7059297683345096,0.4660466986488431,0.10691076274581854,0.6573495383300871,0
0.03762625310427789,0.8415961301697691,0.7854223238044055,0.5500690722250003,0.28188247466699556,0.48610464970015393,1.0951677978390715,1.327285934642821,0.4620285230632198,-0.14933836566830788,3
0.4815684785804468,0.006962589593528849,0.9595827936459663,0.8464187682550621,0.43746166811475173,0.7910968604014945,0.20454530975478408,0.13498066915306903,0.6289165947980755,0.653807828200126,0
-0.2691770241557114,0.5045302988959353,0.31523333662798475,0.20669414675000558,0.6609618795350667,0.5040335901329951,0.32515120102895756,1.2366681126944639,0.4835296103721605,0.6067700576198483,2
0.36666412884493665,0.09105635916328664,0.6223623158357554,0.24444789855908558,0.9025221809711347,-0.012601957625306297,0.6822260558509639,0.8383108312765968,0.7349270215690152,0.13572005915711724,0
0.27119456500104266,0.8719316129618588,0.37999018825369973,0.5999679718307489,0.5657183745020237,0.8648211057893344,0.39323890999652544,0.21411945416629044,0.9743812833892039,0.3444074616649796,0
0.9321416116362574,0.32079332159606105,0.5607900998977625,0.659725968252327,0.15714494885641567,-0.027049261670370778,0.36748956325129045,0.7811256025343296,0.5868537091606536,0.5070916183695746,2
0.2787074954025039,0.14949280542408594,0.6516870084477052,0.2411688279170958,1.0568104948479153,0.07805670452454234,0.6507019624001802,0.7363782222851613,0.7640919867580368,0.029718122725037113,0
0.5683826363279214,0.48981016544938555,0.43480265745098,0.8062719122829978,0.4529656265325854,0.9699707915856106,0.9168852707156742,0.24483466393124526,0.4017787590090054,1.1551751449583882,1
0.6481691832641612,0.8467449347767219,0.1412831214077735,0.6768317108828982,0.48027838758596186,0.4580424828170629,0.5902549112145512,0.04645554474461708,0.43419185484661643,0.02120917047426163,0
-0.11458037074991528,0.9581739199908585,1.1906603216426572,0.6279354659125274,-0.15415618955042598,0.5921103833949707,-0.3572514766335403,0.3058365622332685,0.5418442427817561,1.0664417712686567,0
0.17618280976968453,0.9487681109881312,0.7738668157200796,0.43449145604859707,0.22113436582708074,0.19215023536379705,0.9294325386457233,0.5948308527129781,0.5300641659818569,0.5655654231645844,0
0.9448460338646592,0.06078194334698628,1.221871989484789,0.5752333189435852,0.8333624087383245,0.6858955957987165,0.7820847603386428,1.1061372475135791,0.31653563866895107,0.981671858691186,0
0.819221831450573,0.2851875810200042,0.8585182251578137,0.6138746185987414,0.23359941281820462,0.32558534567886954,-0.13302070742801556,0.3626255412976186,0.734106450186286,-0.02874848429241539,3
1.0331950646168637,0.5859565681831601,0.32608156639134,-0.03646844677746286,0.43069508856929983,0.7053656365950488,0.7899105787347988,0.4229898847988668,0.27375173206258113,-0.04688905895897391,1
0.3730015733629984,0.9016498556526608,0.3467591690657821,0.843873736484957,0.826843496290705,0.29338660811782963,0.9059928863846112,0.941381953685312,0.18303582999599527,0.3320981132948848,2
0.2732313891180416,0.42858798051551256,0.5860994854259622,0.9156557746540549,0.6063665093714938,0.4979389252946616,0.5793954142418275,0.19817149487065125,0.23460929734867259,0.21053717564682992,2
0.10107255691259356,0.8483445446480308,0.8292304384087531,0.8061330715160478,0.5394221942887368,0.7907893661943286,0.14952161492720512,0.8290468119556125,0.5818328460421683,0.5975679259884193,3
0.8208974798293529,0.7546607036621895,1.0578235341042455,0.48369846559615093,0.5065019495832027,0.8838870461835009,0.2528827285027317,0.7158969264658162,0.5400714147044885,0.47422911122382705,0
0.7251178881285107,1.176255606361664,1.4935288045129078,0.5380145009840435,0.36171660437992775,0.7141506865000988,-0.009268246535807989,-0.23525877398735384,1.1428390760171365,0.25087090862715733,1
0.25803663657555137,0.5764379752429435,-0.2627791359358545,0.43630379477881126,-0.12950833233560544,0.8038120937161661,0.9415311523054662,0.27979301581520855,1.1999859934027013,-0.01932132285956839,1
0.42642398812618143,-0.25602432394654295,0.9873222347651173,0.8965416946092419,1.412975640025753,0.024506790200631345,0.5165065882380548,0.5659779040484251,0.09426806147356004,-0.5768873951773311,1
0.5350706386522256,0.8020447990114722,0.5349622332534442,0.36098594626023955,0.43641327794706397,0.7866405137849733,0.1645051990128287,0.8149878303071879,0.35128642946913613,0.3887240686000259,2
0.4961500516771648,0.5665851906477929,0.30206086556490735,0.6204805505603003,0.7378086447763521,1.0045129446688912,0.020404350012194365,0.7091736147170227,0.9542218316774943,0.2375298642160959,0
0.8973966345741333,0.7772948123402484,0.8373526104886654,0.6654346757964924,0.558087428449032,0.772348691102581,0.09510039036679278,0.7470156486558168,0.6322440664042441,0.5309334810368607,0
0.28287190126005607,0.2650706121319525,0.5938698240863585,0.980427285920916,0.817016463981917,0.8311287874680646,0.6346870499754191,0.343794074313169,0.45431276324755554,0.7653254746765024,3
-0.0181395443726593,0.24501342554256603,0.46223182512731364,0.2796464884354343,0.9813545776038172,0.5765910942674554,0.10679754641131227,0.8603286864622567,0.7683322548554896,0.3689002956925539,2
0.9895939906530401,0.2467883476983843,0.8843991027499488,0.26902655449944246,0.39993164319630947,0.6166348800623571,0.22889269803474557,0.6133668404244196,0.7705890896732757,0.7287840436693216,1
0.13231520221763585,0.2080615539499911,0.25686708107320677,0.7396532792362175,0.8462137771757408,0.2277679471042571,0.41832565093189056,0.8445939868497752,0.6487980318413762,0.2632304435100991,3
0.176912143783737,0.45561029367470535,0.32622943440187924,0.4980504584926188,0.7802932315883442,0.8664278541167293,0.08790002131091097,0.27997955634512245,0.13397010083861663,0.30506410676215573,1
-0.01121688832157866,0.4279142271428684,-0.10945652628789504,0.06235217150086611,-0.14834143784557804,0.6169716720180956,0.5266468430055141,0.26668686095215555,1.1825862411935382,-0.0988935697103692,1
0.5835979565174194,0.12498745696875052,1.2728486296793924,-0.2105800524023716,1.0637210772490913,0.2251931385556814,0.8860394269735627,0.40589497204247493,0.9932396389915963,0.24840608577182235,0
0.4839627484362221,0.47400650824024915,0.19065384249095377,0.6896272098794844,0.7156958241536735,0.9260733440581643,-0.06099288081705034,0.5773874407323948,0.9359438913711167,0.2501025029551336,0
0.43970007043182135,0.0328748419516765,0.8884532698488188,0.8151578586613598,0.45807680264973805,0.7254329326516376,0.2963994916005589,0.06601685088538925,0.681892832917151,0.5539475796825245,0
0.39227742194296056,0.004340960608746169,0.7569977229823708,0.8194773810594933,0.40106389962201056,0.7223461844600864,0.1598904286149628,0.18486421080461204,0.5429949041619796,0.46427107608633966,0
0.1567170392525255,0.17429504332632081,0.3142452021093174,0.718085454298787,0.9047054209951425,0.26845047264416483,0.45186037274341434,0.8511586875279326,0.6352240950917729,0.2819331964561271,3
0.31302444813696917,0.13398591381606043,0.6412046002314664,0.8335168966361938,0.7656884506767364,0.8358345510285545,0.5277295566370122,0.24897269078450376,0.5325230496454204,0.7178659796282674,3
0.4822176058355993,0.0046138685213032715,0.9073798569788808,0.8448599859428562,0.4215450687574466,0.7612387985421973,0.21959856231452693,0.14181534372233776,0.6536182485769138,0.602772183875896,0
0.10128339773599215,0.45358929585231095,0.3009823417470877,0.9678033653582022,0.6073398155771127,0.7828321226887035,0.3727050598567631,0.07418716837109851,0.16451621257143637,0.06148111002452173,1
0.4957852761099038,0.37777369574083564,0.2866054240818642,0.3665483697567711,-0.3576885859434763,0.4340096919749438,0.3462001509830401,0.5282949595981579,0.5380955523933941,0.08275333599205431,1
0.32228826422604195,0.831631139487987,0.3908704692949324,0.8195470223760217,0.8244011307671059,0.31558069315508036,0.8905271037607416,0.9902616910320137,0.23313798249919476,0.4166184714662059,2
0.8695380896149459,0.35508899853087916,0.8321360490410871,0.543474208717798,0.7113603376045747,0.3031920012794553,0.7531246069936364,1.0138574960830573,1.019098287450334,0.5082410300970661,0
0.8330009711097335,0.6132609278898796,0.6931036054110775,0.16682297944182936,0.5747409790099482,0.8843185042026502,0.5767714541603104,1.0222404569878412,0.1908589698646056,0.16174280051315681,1
0.37571027341088337,0.2033591074222226,0.34982795824260665,0.7533335034679346,0.22998795909004952,0.26868610283817657,0.9155826581467694,0.07161912938849321,0.866271403559599,0.19385312342576802,3
0.4688152174863102,0.1073257727862268,0.8974106340026768,0.8452736091096161,0.48326046234744,0.7367496830884563,0.22211602106870645,0.15695639454416,0.6640667604939725,0.5492343234390382,0
0.005960202536893024,0.10416360636132159,0.6330764281596676,0.26645359538330876,0.02980698065836349,0.22038254775710556,0.576735361337225,0.22823252943957367,0.6827813008923749,0.7705258486671389,0
0.17249937475622615,0.9769890787237461,0.9509139049689436,0.5457443194599861,0.36219505726568,0.8922732331767242,0.24004887540522174,0.9781044321808403,-0.11898798457903303,0.1788539434322787,3
0.18066329812897217,0.21043516933281367,0.825971110236325,0.19557322155412538,0.7565381204674546,0.07788348267059435,0.7672513904424628,0.07528716245308231,0.2825516495216379,0.7584909743694149,0
0.8682620895899977,0.6231956459328829,0.7927494766466047,1.0000288234164654,0.0283697132890868,-0.08251093040579943,0.5271861432746414,0.44899475230624963,-0.16114174981833318,0.6596897236831875,3
0.31602481999673887,0.013615272033159598,0.749987513251908,0.09386853096179854,-0.35289356605380845,-0.0654328794838464,0.6575630017999854,1.0825039052960963,-0.16337388777552586,-0.07621735899541526,0
0.12298454164369871,0.9214367778571804,0.8719043419915559,0.5897224730387471,0.46264424976007607,0.9343354958397244,0.20607505698898876,0.9493628356299798,-0.023400865259483657,0.18848507181397545,3
0.13969369315305133,0.23946153968170047,0.25924042112072526,0.782580404132979,0.8426297885263281,0.3172222202476595,0.4876584724125602,0.8131627299656005,0.6713252734657409,0.2821854412711164,3
0.24004029312377392,0.17044296593675748,0.5938701633566138,0.8170978969089164,0.7607413089241827,0.8840944104864416,0.5390166774757122,0.20158111629628755,0.5539330393147119,0.7156330741822852,3
0.03221352661604193,0.4385055743788272,0.6301234453644269,1.1581361830572696,-0.08456004001312045,0.33090068737810013,1.0950702309220777,0.9837010924150471,0.24655970814225656,0.32913023604285785,3
0.11862389471559931,0.8257635251369275,0.9029258629439942,0.32887699510063517,0.03452968625469358,0.28644984404492074,0.6766322376198192,0.8674914696682305,0.8214343602946679,0.21763973944946502,3
0.33000065625392183,0.23093465062273652,0.987864028288798,0.17236749239744792,0.43933480071669184,0.3753254931644952,0.9129677314501168,0.28869365558270543,0.4080733274550891,0.5285363499076019,2
0.3351223789454545,0.3048372225213525,0.3836678651612489,0.6493665859074778,0.16043835498123543,0.3872896679713509,0.9569574175778917,-0.07395179928998301,0.7320025385276667,0.12597946815429195,3
0.9702090796999155,0.29433865014883703,0.4142490174740452,1.0013104735147031,0.6925919938543301,0.5391084444137804,0.9891477014324173,0.6321183872375246,0.9605266322293532,0.44820085873832016,0
0.017562635898593762,1.0217132482953732,0.7365061041865404,0.293288574771997,0.44827970437482645,0.18543447687515943,0.7019847167280715,0.7648328986611845,0.1876986005147442,0.7713784779902224,0
0.09169949092743968,0.20914071881248172,0.2836738223537278,0.7260573327044096,0.9002237809474897,0.26644531733983556,0.4446104926379119,0.8593044508105567,0.6646082305870247,0.2621014838273864,3
0.4043434011630158,0.9813108703821048,0.5132657354852033,0.806072644204829,0.6849229556755261,-0.15149845632544562,1.0102777766247484,0.2434574291067334,0.2995896403747677,0.48700649579820343,0
0.7375298644448455,0.7355985861315824,0.3226650946601931,-0.029947769260343843,0.3176404936947965,-0.008673080299864858,0.7169670083569771,0.8795989153955583,0.6040548265609946,0.5666978248017698,1
0.1719080471740454,0.8296908929416351,0.9017274141590789,0.5376967160895761,0.31642674624313927,0.9762095789568923,0.2760334171780944,0.8620275254711308,0.1013174210371206,0.13926853939039713,3
-0.1125017346722123,0.9226489747440594,0.07240876824127018,0.2735498817187432,-0.4056179734365197,0.6864967011352452,0.9275075683184377,-0.4703329192838286,1.5816533553933085,-0.06739793431096032,1
0.06441238831565549,0.8731190377982038,0.834628806118092,0.4426882383810502,-0.02902850681770361,0.41959583163470016,0.8769698464286457,1.2063118004772002,0.5035250083333541,0.056403105836023607,3
0.6769255596142458,0.9497485937654866,0.7429895368607693,0.03246800506174025,0.3904543608304873,0.9763517947863778,0.3252016539345335,0.18621962944782772,-0.15483872353605738,-0.019808356659353044,1
0.5225903451019144,0.7570828602806277,0.8461621199951375,0.7948385433531975,0.9398142242061178,0.2203642968166212,0.22489347758863584,0.5677634276146535,0.12690511240954352,-0.14278319590007027,1
0.4624784493856595,0.0729531926460793,0.9514786948803841,0.8746701066577082,0.4451962766433979,0.7756810281368751,0.23298564702017313,0.10311984831396637,0.6063690787608194,0.6071373195452935,0
0.9730191754238092,0.6113967526218195,0.8457309998513349,0.2933735958671248,0.6911226616144559,0.4934103322346845,0.3791769751026312,0.4236925562030303,0.30986626359945574,0.617185776053436,2
0.14281526615618045,0.6206761882369488,0.045333962432369763,0.27139395567723607,0.07596884134886474,0.5149802889597331,0.7014089968279644,0.13363315688279392,1.0006014422422205,0.033755334809058665,1
0.3385154311461981,0.5094429848249494,0.4835053375411865,0.00616968312349353,0.539154909407841,0.5190086721217593,0.09437161728378637,0.172233077357211,1.0542802675618757,1.0629933554717654,2
0.49743411864478937,0.7262957647390239,0.21247688286979072,0.4443658313704073,0.7860086131835482,0.8847345491808256,0.17939103302092013,0.3168866550648346,0.26073114345857656,0.017805509777434003,1
0.11820500570395037,0.4665053106245931,0.3112447977743985,0.9566718031783867,0.5971129016248693,0.7794413633701843,0.35494059686802915,0.07331453822638298,0.17320317487255024,0.05319076032565165,1
0.44908396249991994,0.020866264429022764,0.24318875357390254,0.3080795561935071,0.2649649479905933,0.5320920469905641,0.4206189340956252,0.9746592665963261,0.31708538915915085,0.10491650262044802,3
0.1545744598681816,0.8477585680301488,0.7900073033423688,0.5374038171914289,0.5494361862217827,0.9683737750743637,0.18095826653145464,0.9431095481217588,-0.09649003261979433,0.2831844958317438,3
0.27703886271450584,0.40262570202874054,1.110753942497475,0.838541059924139,0.4623888448803614,0.6456311481935477,0.7293762790260218,0.9634470533864911,-0.027820670280408105,0.07528546981048717,3
0.853752067071186,0.5074891356991942,0.7111517259945854,0.25481655755862476,0.620260700214672,0.901437726857043,0.4609221840428615,0.9305703919887153,0.17184903818365554,0.11663372751608848,1
0.3075840648988177,0.8605421673375441,0.3716887983662083,0.7794027120453825,0.8605904275796855,0.2743814305883735,0.8778072527527192,0.9742871193625393,0.24158466489634225,0.39003106040278573,2
0.3311598953718396,0.8434107932911259,0.34489736092036416,0.7930871864166341,0.8783370978837679,0.2493908646693979,0.8702829036975109,0.9641093313082425,0.24264026298178035,0.37861941928288884,2
0.8063636436695025,0.2604473031363739,0.8937755904435827,0.46150968461373837,0.5809364326336391,0.796087197740091,0.05729285119097602,0.737722443740743,0.797826905863119,0.8688525626432554,1
0.8639648011540694,0.5636690786128449,0.7015354919059708,0.24008688343363224,0.5887507242235316,0.8596604833781668,0.4960676913366623,0.976073048922616,0.2463333147390856,0.19602917694298239,1
0.33042233064963633,0.30654132699202624,0.286099646282473,0.737631398698401,0.35108389595447204,0.4150874370400382,0.8781633223718733,0.012911405410962525,0.7565467683958755,0.29215107265416246,3
0.537679881919423,0.8081297396247235,0.5358239940578285,0.36412518942511307,0.4342794727536612,0.7925012332364331,0.1616520020694391,0.8216556132410813,0.34855697884157516,0.3862188719087622,2
0.6962885510649512,0.35167031523118836,0.9611569741040991,0.7495672990908059,0.10580948265519012,0.24998410329923235,0.06629227445491812,0.2988829856713338,0.6117297021109108,0.08525473038048924,3
0.531480527120959,0.7998843833673173,0.5383367642714445,0.3683856076634467,0.4468463682639825,0.7859542454900403,0.1686065879734207,0.8087018415897387,0.3557308910068179,0.39176687563354484,2
0.5264563123641317,0.8037673048105967,0.5417513182393366,0.3567614168306327,0.4297052185519558,0.7914079828434292,0.15637797725337163,0.8125758473152765,0.3430692638151448,0.3915490917521679,2
0.8516102328859795,0.37509601602657894,0.8156404617077001,0.4902703844053624,0.5726475242982965,0.5975278209195308,0.09510145747888642,0.6052367210298144,0.9673745682019422,0.9323103697305863,1
0.037682643439851005,-0.002334268348082147,0.4387359659722265,1.0262715008963292,0.05503549143897046,0.630587501042192,0.7223283636646861,0.11914631908239237,0.052011373377851666,0.48819814967462105,3
0.4675834471581536,0.426762452781382,0.9354158351845657,0.5340765704565715,0.4458609194860551,0.4858510795719586,0.46585569098884855,0.6017040202771442,0.1401157375687695,0.5433562614544809,3
0.8626682334806687,0.8611894594433647,0.7251568650304198,0.7566903799500208,0.7474404430500148,0.8550804387260315,0.29484556233036996,0.6062281729276853,0.7179433639904811,0.43098611043419083,0
0.2991978765656427,0.04421264620343841,0.7264634781074779,1.0833562927737521,0.9797612581509646,0.9386019102915745,0.3689884280730831,0.06922781389745372,0.5129187513185709,0.6907108160565681,3
0.8377174336238092,0.14384349112349704,0.6481773993558175,0.07398832158701228,0.5409132351841862,0.40020909624832707,0.2118957119246903,0.9430223870127048,0.9206567624671742,0.82655216475744,2
0.005716605251664406,0.11069020436387952,0.6246741987644151,0.26891950502831513,0.03128365172614024,0.22027387755360692,0.5714430000565472,0.22873582246439036,0.6756505217924766,0.7748217273990979,0
0.860118548337474,0.2706535786337581,0.6393319075685141,0.306835603695407,0.4216404980292921,0.3119471382346962,0.7270829382355207,0.2376422584958612,0.7190150722224834,0.7921533899063767,2
0.5408040273258264,0.7947505879190342,0.9132349630858035,0.9161755010977651,0.6715036157422796,0.46989588703301505,0.37648175352181495,0.39862525200520627,0.2440363676089845,-0.015507217556292419,1
0.2799618804745033,0.7201274463562711,0.19937008318809707,0.5420583466743703,0.8935638325965816,0.7344438999952198,0.02957657526687977,0.555939336885126,1.1644979090430874,0.3290377496375356,0
0.5384348042993741,0.8031181464777372,0.5291586217301723,0.3597887510352462,0.4428958642045936,0.7877882050281237,0.16008065205318997,0.8179229845623888,0.3448990105267493,0.3912977041377109,2
0.04941125002327451,0.6616012069668197,0.13843579341544673,0.9759538246480565,0.020713508877133073,0.41319863929438194,0.22282076807746276,0.21855333129974164,0.5261821698823471,0.9160408981006934,1
0.41377643217568105,0.6256502160166665,0.8132354373843017,0.8961641376693458,0.19454995151557833,0.15977789882822135,0.2649618613640065,0.5961492577902753,0.15316742966147776,0.22516477454992362,3
0.6915524039299237,-0.028895886378640323,1.1440839567776138,0.5744240498828043,0.6176257947571998,0.2657664931604097,1.1970641238668125,0.6432391772343768,0.5978419511615467,1.2046897975384598,2
-0.024815109417353542,1.0280056080927797,0.9867577160790924,0.6091285295682892,0.3211860297375312,0.8008796343954111,0.3413439384365825,1.020565656323405,0.022436110892860836,0.2866070959312633,3
0.6537328177402459,0.2888066063854493,0.5427431807977061,-0.039803760132557375,0.7315706137984239,0.07570754829973192,0.602574477574027,0.6671232599749578,0.9338653257826506,0.5717280544408663,0
0.18510879038027672,0.7451345397681123,0.24031432572128575,0.4669663904187656,0.5543408094675593,0.8716460356846277,0.5897798772890699,-0.023538922662796426,0.9532996966706008,0.1669209884407732,0
0.6092633275819419,-0.26213269296299346,-0.011453212113637527,0.43437008665517785,-0.29653140292921576,0.2371850028829865,1.5348241144674377,0.6880512821588202,0.13277595000438064,0.9659649717077058,1
0.7877349132680443,0.6428193468318484,0.4937454799685949,0.05647190089095366,0.5242864441044935,0.009551792401187493,0.7892196471706734,0.973395573005273,0.7901677969092421,0.7960626518975745,1
0.2744054188015153,0.9980692255107098,0.36569859239905467,0.5869507438767827,0.26158909341472153,0.28576147667720164,0.017531978812173422,0.2907806748141203,0.9271232743044746,1.001139139160996,0
0.9926734783689535,0.7439708467966102,0.9309314451459553,0.5510830285381674,0.7417817576654545,0.944456238194176,0.24112411775322584,0.8604203817654842,0.7864799284119387,0.3651361469070614,0
0.11950202534611806,0.6964975737333495,0.4764976710046738,0.6235277090772247,0.7302883295875952,0.1577723096015288,0.7782479168237384,1.0122660223727802,0.43495372594917964,0.2934304456042174,2
0.965001413951709,0.7182794905070033,1.0675535409536212,0.7121577338695542,0.7581762530712068,0.9019154124277987,-0.08602401410333513,0.8264867713692399,0.7675135017182774,0.5218353322754486,0
0.4738814478858862,0.03281169789636878,0.34826696475041946,0.5917862451919995,0.15185136549634268,0.6533618844352687,0.5551738036779849,0.9826899686433993,0.429151589328687,-0.02194835054813432,3
0.36360819456338184,0.27042139837694834,0.8747546678949419,0.22388952913711013,0.21711892066796074,0.49208783531282685,1.2625763451368868,0.4872169364113702,0.5127696370588384,-0.2574801274303069,0
0.7791102205946331,0.3580274889816261,0.46593973163558444,-0.1349171589475037,0.620694640098886,0.7545825806225095,0.7077892897119745,0.36008036454843767,0.15516303741029908,0.005153439672393956,1
0.7155269104788317,0.7306523358353492,0.5512995249487436,0.03410005081370737,0.4821793102119407,-0.05777682818970124,0.8000619593655628,1.0086641602072763,0.7379802225726707,0.760730079361404,1
1.3464045090220913,0.07804340586069536,0.6637087031076367,0.8935877575267025,0.7392104183219858,0.6584776786035348,1.3891274201050847,0.7191831014046824,0.8008836525845038,0.34666159434130395,0
0.9396930930634024,0.06766985596552377,0.5056598490664065,0.671040047185172,0.24730412826488693,0.22730605227778822,0.36972030673076495,0.6879948159269129,0.5157085473921988,0.7418656947087836,2
0.13150806597213138,0.7815562008277258,0.5233199538485939,0.5691516624092441,0.16089452992559067,0.8543279748082033,0.5050725398034444,0.6929394216128429,0.07749989922968434,0.7304871118892328,1
0.9343521392392491,0.44856458662627824,0.819111508697898,0.1536301817691736,1.0574876587209796,0.29427477048109907,0.6959422418167417,0.989764426148101,0.6041122192538839,0.6555849638092075,0
0.2784213592848779,0.7856728003532054,0.9064415098837966,1.2078938035492173,0.33399567377526485,0.4351406618015497,0.11003872763363684,0.7900937929760856,0.2172315715443568,0.42893848216336083,3
0.5510529006810142,0.2753691619533444,0.08251726060364982,0.9833562142445567,0.4282271500229875,0.779297875735708,0.9906361277414845,0.6709888792413784,0.5126759824805224,0.01509084765691457,1
0.8606560540122405,0.3899837185866646,0.7983460937228286,0.5628302721916657,0.7154761843167772,0.2713136281594745,0.7296686570167897,0.9814394750065986,0.9840814932781956,0.5269399705395067,0
0.02175905923519475,0.537755418692588,0.5061975513168269,0.3995812353813404,0.7012744716823766,0.6594132003111831,0.5199039732110521,-0.17953007674085114,0.8477798001318346,0.1387776587669726,0
0.418837969746305,0.5674303792816356,0.8070152103502772,0.981625021598217,0.18740699841409988,0.1700783443996127,0.3057485665897393,0.7065494075166291,0.2111433102701749,0.15645221878402502,3
1.290231124910784,0.6250580340385098,0.07770945530425688,0.4356104591676344,-0.09117487113727007,0.27987215905634166,-0.1773474148145629,0.8631596857870711,0.1368978467791645,0.8652678374622408,2
0.44767533629076955,0.9393939308811048,1.118736172922134,1.17365832704845,0.13556751403497044,0.274563638237977,0.6544121742181185,0.9094743966112546,-0.082773249856056,-0.11708929125262885,3
0.11850544752203139,0.8788223727177157,0.2958987909575454,0.4886326967997666,0.25167215359520534,0.7781630673122629,0.4966088912799662,0.607707146318017,0.16118778946668713,0.8513523365007716,1
0.2552201192481989,0.9438140398038557,0.9347203738215083,0.206775895374308,-0.10705138468451025,1.3746563550270223,0.8722908500041073,0.9324918703787212,0.7716113172636404,0.7016503374067857,2
0.5904252120629765,0.23346102766296442,0.08162633358527281,1.0242900064733849,0.3803305301124999,0.8146296559147228,0.9395634277011836,0.6842434449242264,0.46251604350303627,-0.0024364095656185768,1
0.06243422088385289,0.729730677827733,0.40267683785381925,0.0509103601973522,0.2595652411668666,0.7225692622354798,0.4965905206592004,0.26171545139343544,0.630973390205859,0.7329876700740944,1
0.33660532400916376,0.9573466923872613,0.32590254990868656,0.9556315170179972,0.9979142477909031,0.23626192928528364,0.8941100092983097,0.8156160934186987,0.2863947729962276,0.2763079758816724,2
0.29636758097284477,0.8848165985676395,0.3766896291964554,0.7737266204787396,0.8560464400586046,0.2655499101265151,0.9131735462494591,0.9484754038428038,0.27674260146197327,0.35259167352708226,2
0.058058673363165184,0.2853808367405419,0.34854697648647753,0.2659000814346938,0.9721147076481694,0.5707069157075574,0.22391668307550014,0.8677658935897063,0.8299210312256025,0.5549779983542006,2
0.5948747823842804,0.28045588642030195,0.8990962183503954,0.932598099578795,0.47342721585685915,0.5694631956608595,0.07346748484325158,0.2878377901415062,0.4760922006939394,0.5889144850831289,0
1.8284300281454855,0.31281818468096656,0.0897965040264152,-0.11121901319784344,0.9158570636883921,0.3010247775326309,0.6463305457214524,-0.023194592860888874,-0.5956031416433409,0.850223059249812,1
0.26499142674251774,0.9042928974302804,0.4149535735708313,0.7714557687160793,0.8253284349002896,0.25542370755811833,0.8347556230374341,0.9557191092548306,0.2758474906471251,0.3501639581107798,2
0.8629025956627543,0.3879007792801907,0.8126243589489316,0.5566881685442278,0.7033344367114089,0.2824665801115732,0.7389304766291749,0.9797090740000836,0.978647040183225,0.5257224522822511,0
0.1301134822668005,0.19422720669625906,0.28824619161960374,0.734747194255831,0.8726063285602023,0.25294026897067295,0.4373105047845152,0.8229307048091162,0.6443798580703259,0.2796305476127464,3
0.06863103279027254,0.022644308271543623,0.3214883372652095,-0.09407956175551663,0.30958104069461356,0.6078716952043257,0.6161654389425674,-0.010537659464722238,0.9750418865414758,0.9493155725280834,2
0.3411805456750763,0.8909868711614315,0.33501826936578083,0.8221578713830769,0.757438249280996,0.23538183430263826,0.8727066634726593,1.026255755173672,0.24823679999441386,0.29846623397117356,2
-0.0015676618430758961,0.13972785483726358,0.6612022561749386,0.23308580615994035,0.05599191610476241,0.18859473972703483,0.5862115971892338,0.20712590304674702,0.6773322036263224,0.7470081744755807,0
0.5294259371359791,1.1561709633490242,0.7142672224168108,0.5748475107536316,0.39201491197993454,0.8917133220027418,-0.1698791296903408,0.6195108810255889,0.9717080895102499,0.21150821993371105,0
0.8343558108852405,0.12896709422871908,0.6395519733426165,0.07244920102716086,0.5066765643252527,0.3700269612427598,0.2283883436789083,0.9323582028787386,0.9073736292439213,0.8374539554268957,2
-0.05971662590325997,0.1568199516486546,0.6816954306941606,0.3072352381255766,0.02361374179064163,0.20858833035194727,0.6179824180731539,0.2765891953656012,0.7125969011783196,0.8100699664709167,0
0.32741664078654725,0.5997909738543155,0.8647140424529064,0.5678180799089748,0.40588260730933334,0.5423921727694018,0.5468132926731368,0.7779025107111245,0.2300191271849027,0.3399025924387216,3
1.3336572806950098,0.6959357643755388,-0.006817216249499269,-0.5018355555770541,0.5425966447240815,0.32895103087625405,0.6673211477437858,1.2409037629401745,0.23540187227532172,1.2785853612569422,0
0.6587302077196656,0.7843934250905044,0.0747936902429141,0.6988530899727493,0.4907148071330604,0.4097615761569998,0.5666817213979575,0.054435985152128365,0.4634200883933358,0.0046402379048233995,0
0.7725651735342143,0.4557712034010252,0.8663301807953347,0.4094925798720326,0.0252004714084781,0.427468882476965,0.8171145166862398,0.6119802312906473,0.25041516610047543,0.19999352040844925,0
0.14498704536627988,0.19633401023947916,0.8286897318547018,0.148142888832831,0.7786691065515702,0.10991349168085982,0.7934406086583206,0.09476034380330242,0.30286732225522794,0.7852559301945935,0
0.2608288893538596,0.9870842700772151,0.33931792874401184,0.5272598249557573,0.3254732097545295,0.1604631882724807,0.054101884080339016,0.5118546734700178,0.8283384170648275,0.9260256016656446,0
0.4499428832834925,0.5223635191012596,0.22709161349975002,0.6406004644374829,0.7801194125978961,0.938756352889707,0.041556356416342796,0.6686156912374507,0.9749430481549027,0.16342219418855797,0
0.1241506882196224,0.4577964191443734,0.3206549193219159,0.9599015096582272,0.6003211023470373,0.7740841517359683,0.34100354900266266,0.06215357403196822,0.160818762567514,0.05178583589532942,1
0.46493687553162577,0.2577765300660817,0.12413963504860737,1.225538791620093,0.4197522803811584,0.9863618176272053,0.533393631371651,0.4746226005073225,0.5379182133277214,0.6985635218831461,0
0.8627563931007249,0.36954054369218314,0.7641638755278902,0.5416356172780976,0.7308698268286614,0.33083242514275335,0.739006441409438,1.0018976787591214,1.0360218686995906,0.4932367202437224,0
0.33394989160839256,0.35162307506516455,0.8059294586276701,0.5878175141071464,0.009310923361689774,0.7918561676485051,0.2804837535235225,0.20672809250114846,0.4376723904245433,0.36641083452398127,3
0.8679649910105465,0.5582012943428843,0.6831221465785697,0.2107348815033078,0.6076315614102868,0.8678556454022188,0.5130291559330337,0.9710760023429066,0.24343142749922525,0.18894428694707785,1
0.6858072920966547,0.7506609068916393,0.6954273204305039,0.6021647775351373,0.7499683119197643,0.8754552805512709,0.10791315550352462,0.8411102475678678,0.5146698439102463,0.6930773844735308,0
6.315080855683053e-06,0.1098086486507986,0.642003507616781,0.25325337731426223,0.03213023819952222,0.20847030436443625,0.5729323379342598,0.24198846293993082,0.6927322860014868,0.7919641166494958,0
-0.08381381366901439,0.6068965722321094,1.230310385899282,0.16763879407225996,0.4025309741586017,0.8014057396534777,0.4558740638906039,0.5535790851387221,0.8014419590305956,0.5796805484243862,3
0.26548195903064126,0.9136815703662924,0.33743002314602,0.7794723179110571,0.9021505600237658,0.21415026414710747,0.8797438066093121,0.9874510645679577,0.21384940824111862,0.3608406798827043,2
0.5969212611169595,0.21667518387849966,0.8553151158011251,0.8018974432404513,0.39788495535572854,0.2485001590990491,0.2895489133111968,0.5149353582193014,-0.21013189962920975,0.7647549607649502,3
0.9206274500820599,0.2283785349342048,0.6226181673887057,0.6069900130054159,0.11041712269784662,0.19871945581095093,0.2978540980913455,1.0019625913735979,0.6081033767660619,0.6884359058560312,2
1.0541107344224436,0.582249619722651,0.6510866589359859,-0.08602181382138452,0.45797690598919794,0.8129244482242344,1.3276194047421888,0.24839808535529884,0.9006922539457023,1.236078186976203,2
0.11048739699044437,0.856342401223373,0.8199919904033877,0.8106079671709567,0.5327398542273957,0.7794648574419507,0.15521041394279686,0.8357227372173576,0.5781245208992749,0.6068398807964823,3
0.8676322869327482,0.8703509339012421,0.9125666562461484,0.6672586602107441,0.6090754004532394,0.8023602553128426,0.1558122020927174,0.7748219540056231,0.6845921900949867,0.5507097319291078,0
0.45287144507413096,0.5539792113465185,0.2042228925335786,0.6334220577353646,0.7966754262413894,0.9150554631592343,0.013295156556677259,0.6330775239767368,0.9511731556227387,0.17723568345014254,0
0.7219421545653484,0.11993621269879598,0.6569669138771712,0.3509124293975116,0.6575320475642737,0.5870579857017572,0.2449026853490444,0.7613992100161711,0.6434073242092819,0.6247423077541748,0
0.20721915586775924,0.15998878627234847,0.3115172806039019,0.69894546439524,0.8280781950179799,0.2661702305377356,0.4681393502211597,0.7392518832583587,0.7121008606778407,0.2694825432785488,3
0.5261278135566211,0.2933707428181011,0.08096133102414997,0.984484371422717,0.44806866472495954,0.7711193232421499,0.9637876128291659,0.6781714637486046,0.5288067945289624,0.0306356963363277,1
0.14945065704093896,0.2382145798456264,0.24792848032037773,0.7249017183009825,0.8542030848398598,0.27832765135810555,0.43888265817376865,0.8388089397925279,0.6736133993266188,0.2631857076679565,3
0.5575898708809723,0.041179692031104026,0.862546822471506,0.861797384705728,0.41142394810083616,0.7712879108686405,0.19740752796595712,0.17059747921630825,0.6300896003555132,0.6486629738085437,0
0.42183170606460196,-0.12270183114004726,1.0022673901581742,0.26229165302871166,0.662518143648277,-0.2551298622258916,0.9996044995212223,0.538684998992615,0.6147459670831625,-0.13039058918422525,0
0.2358053772374065,0.7974113662939805,0.6132629118047077,0.17126614997127582,-0.2667495011280201,0.7020889831637103,0.8747297055689673,0.9135778813354215,0.9948207403124499,0.49826306762464584,3
0.5338700174644636,0.8063835704768116,0.5351278409976981,0.35990287871638577,0.43859495457650965,0.7869622844090709,0.1634021769911149,0.8135390623593366,0.3494405252558578,0.3896932661561519,2
0.1444533648460174,0.639757078486758,0.07946652842127812,0.15412083712395871,0.20479928161510685,0.4594373202360541,0.8000434044394713,0.22544430686650196,0.8617394389922063,0.05484337704516602,1
0.15290014336453314,0.6359465994088387,0.07969078178286626,0.21374463806534058,0.059934554860254646,0.475739630583316,0.7293300402209059,0.11964002147742318,1.018540706324897,0.050108354717947584,1
0.305883155146621,0.13678816534709587,0.6527976116026268,0.8642937941453903,0.7678367235924569,0.8580700084619817,0.54721688929336,0.22304284248060022,0.5216323342447884,0.735840192005968,3
0.11352858502901354,0.46270596758306776,0.30799293902863123,0.9576549839567242,0.6018045637865287,0.7781133994299392,0.35409654260538664,0.07246247578409988,0.1700011921073343,0.0554786589990739,1
0.16646792524248588,0.1808405958999458,0.2893564175388274,0.7282439955706494,0.8584954138265207,0.2972318793382239,0.46556085686300286,0.8077098980776758,0.6484259286934322,0.28846700696876904,3
0.5035528732795018,0.23031979536655423,0.11603201655425407,0.9410537092362024,0.4334047035285653,0.8179724217446089,1.0256693047992047,0.6360944876306808,0.5456093296055277,-0.0023228118764696062,1
0.38283113265472746,0.02719906881543524,0.6368795189439604,0.27636049891433423,0.9501554469375427,0.04352255483463826,0.6413595072814402,0.8769247766326881,0.8030265190513388,0.10628668390294618,0
0.11380022010148302,0.7343723113064303,0.27934381527471464,0.5616861816352949,0.5755201658247698,0.8324128301059178,0.5664912414750155,-0.012947786890690857,0.9283558239434336,0.19934623602406015,0
0.22643257949694315,0.20924177366622032,0.5795005985246034,0.8752870935344043,0.6885100387076374,0.9598852860431335,0.5181660217896268,0.2624405174326557,0.6153014484993099,0.7426409891598788,3
0.903888276672734,1.1314079575043705,0.5344144588388023,0.030370294500471344,0.5503676977011258,0.846111519774933,0.9668407101141919,0.5549675838473733,-0.22493972317936078,-0.3714937787368399,1
0.8222115048782848,0.5255929224728239,0.9715455065938609,0.9793804936894253,0.5922546223223343,0.35679903222771703,0.7000960924864336,0.8903723139836235,0.5248239340572292,0.8094847646055467,3
0.556687358416661,0.5141750805129246,0.170853750751596,0.555835453836838,0.751732100602743,1.0063471678476454,0.018646562229883173,0.6202929087930235,0.9143556892804613,0.2295208578536715,0
0.14208356326053365,-0.06809556783944229,0.649256973422046,0.3364916250307313,0.8501542422779618,-0.01517038853285909,0.8269361625506633,0.8000410240496766,0.9676825328506486,0.3637464850727703,0
0.07228126277769484,0.697066848980883,0.3681214027573189,0.8155958623515315,0.9243430353221155,0.07666242474117402,0.9263511359322547,0.8033277580784969,0.47395451263287613,0.6693323887643006,2
1.3825266968784442,0.10593278932634914,0.35770398411695836,0.8211417582524669,0.3036258815147443,0.9303081506568327,0.7302812836279422,0.81855214871319,1.3939650798295653,0.4636212759707715,0
0.1292628402460099,0.4755763314203424,0.29470792104217586,0.9469857879360537,0.5833441940446213,0.7674100559594714,0.3391844363483643,0.0931537233902549,0.18569209434661701,0.06526672955757055,1
0.16395888186454527,0.7699321527978052,0.49155149797467146,0.568298462053835,0.1537397915011112,0.8460929909235331,0.5095068284554037,0.7175043397288803,0.09773419260965584,0.7325853649654785,1
0.538294379764151,0.8060179719724151,0.5360254002457603,0.3639567980629097,0.44332085139246524,0.7915373895269466,0.15868540288481542,0.8189314970321575,0.34866880123101746,0.3889850310050583,2
-0.0441548074920477,0.41655357655167813,1.3771896838299948,1.0855496986157154,-0.03060641736733849,0.5001294584851037,0.24465030974793084,-0.04543393454722744,-0.2797501969454457,0.8363186595544684,3
0.2570855418292306,0.6411849735466963,0.23235049542290498,0.7894370778424235,0.6487137770113028,0.8072820750373906,-0.14093336226450845,0.9178894072867905,1.0390556994846882,0.029879099686046545,0
0.31694787635029753,0.5103290057217215,-0.01317988611641379,0.07331772295515868,0.13753233753984775,0.5604752134176969,0.3335094810624949,0.29253271241096734,0.6577363703259056,-0.09898546466511446,1
0.8603005314330496,0.16515137260792462,0.640034963156878,0.09819779925540752,0.549156014490315,0.3823626883301967,0.22013437680438425,0.9162729987607946,0.9157853527157661,0.8219911167843705,2
0.833853778227077,0.1827083500157565,0.5226758520241968,0.5385840944124722,0.15480350507673674,0.12968440481658505,0.2563840373805349,0.8930330046099616,0.5590027670129853,0.6311898627669985,2
0.3642630014101429,0.6716736457490897,0.06971444467609095,0.3725856509064932,-0.12629373234954702,0.27911245431995557,0.6407506273553671,0.13745663687657672,0.808391659667616,-0.19591637385779628,1
-0.051136954282265834,0.6640301259139658,0.24276934216800283,-0.054296585763640604,0.9499085938244115,0.8426517241238956,1.3857370518212244,-0.14100684644568218,0.8205144518429904,0.09926178378907324,2
0.9722039315463725,0.7981500102218669,0.7894733675282963,0.6315319602340703,0.6609479808939908,0.7545701695514271,0.23596599854526934,0.6749708936312458,0.7774342545384427,0.45405133597232616,0
0.1280939562084531,0.15693840393981526,0.2801440266697339,0.6629959135392297,0.8055684970059345,0.30845543377372575,0.38850502971277867,0.7764195856618403,0.6978299979525491,0.2500416253956572,3
0.7869396139415101,0.6365453803086493,0.5083829522138785,0.04477624937133738,0.5363920923898666,0.012188946498023814,0.8038591437733492,0.9838524578116996,0.8002474988741864,0.8054020975287639,1
0.9030836566369689,0.4971973233522035,1.1091104224892028,0.3886717779050527,0.30687959848457314,0.5124494708549017,0.3493712596114815,0.7524660146124594,0.6363430544047757,0.6040701129697614,1
0.7997029552844281,0.8678934326267144,0.9244704375409935,0.5823890120330789,0.591792547113238,0.8885106203892328,0.0620144174474907,0.7207455846065809,0.6474320323775256,0.4905298220500397,0
0.49986769678509313,0.5381686231575619,0.16869071643175987,0.6666507620305844,0.7614343520087817,0.8643600380235514,0.0014737053968464121,0.6485850454096218,0.9928286482788684,0.17168309456402883,0
0.11929578014698057,0.7919673653295547,0.46309019559706094,0.5415107690582837,0.19835726180251168,0.8267590145984032,0.5610389994483496,0.7051923985451508,0.07861058185247644,0.7137869953449814,1
0.7831629447120344,0.04612337412574491,0.7360825990058701,0.7260670258518728,0.33580848106675953,0.311816388213362,1.2027644991002218,0.3892169198969498,1.0093037259664766,0.6102777633094135,0
0.11526925699241179,0.7779116357667175,0.4383840082339483,0.5906411466955326,0.16296035962882835,0.8217003998949675,0.46047843968674207,0.7698607090264346,0.1386112265172938,0.7826955160532671,1
0.944072280755149,0.41071678962687713,0.8575745355512807,0.18343220630157747,0.9974483293797108,0.35177291208537187,0.7584652568657879,0.9032437747616069,0.6869492174502538,0.6054680540041221,0
1.1196141498859762,0.3619940835567036,0.6568394516855265,0.5529261007494022,0.20124279433329872,0.3145872849544721,0.8664042735149872,0.7360705116779713,0.17574630512554032,0.3521309459467097,0
0.10958597964837347,0.8443536437900252,0.8098589210171456,0.810313041432381,0.5437546648039344,0.7649255864765281,0.14899485952700414,0.8272179916644753,0.5767413495998013,0.6157315247416382,3
0.5447468827665466,0.027545514559662556,1.00706125492604,0.8228183691069819,0.4322407645784115,0.7790408345158776,0.16129588046606647,0.18882581826664258,0.6222432880770107,0.7076118417557161,0
1.0387734981217094,0.1612485275141521,0.9980287729256909,0.3621916237893628,0.6412502644676613,0.5290402903562809,0.36475038305638324,0.5854877308235988,0.7071215855764187,0.6794989208534832,1
0.8781376282119647,0.2730377975964242,0.8241456292302971,0.47170113101254735,0.5831128462101712,0.6307226586427805,0.12875379813122872,0.6152333447627703,0.8050619365953119,0.8058192875273399,1
0.4846725805120272,0.02624869583816143,0.8836888772421384,0.9469455959305604,0.4695534578694391,0.6771122662901075,0.23559527539840214,0.15539653744386592,0.6353905592003929,0.6801824387166725,0
0.6811531390695263,0.34462689212116854,1.1392898793169368,0.28231151942293387,0.17027920805134578,0.4294463634808113,0.9669569377476906,0.8152638407049397,0.43845584320492015,0.028221950670453466,0
0.04710020017204322,0.908906382895849,0.9275189559148019,0.32199851308771127,0.06669558700039266,0.3478696243473456,0.783330162028844,0.9525440503682266,0.735958518448378,0.15737373845504335,3
0.2900380662165402,0.9705221164420518,0.9943223671392323,0.1305805424863488,0.11759911816212537,0.19856748623169398,0.8074191904331965,0.749018984860522,0.5298853112349384,0.3825928952532355,3
0.1135312463114059,0.7419900948982319,0.121781045605793,0.327455377545282,0.030256128232318408,0.4954691829827693,0.7124968614239623,0.1586388462872698,0.840674585684106,0.1677430197660244,1
0.10125379025021364,0.892158999687073,0.8563694777560121,0.5744875827346986,0.4268141843558175,0.9627553205383036,0.15409642751870675,1.0049377421911396,0.013635177078752473,0.21826294893402545,3
0.6012285140750727,0.16945151997054392,0.8720342626723369,0.8186954676657923,0.5773833812348309,0.9049193024173248,0.2086547957264244,0.24927990217666687,0.7152901830876839,0.6428667146660163,0
0.1725076542289784,1.0629487105164892,0.3122081322190986,0.8216268307714518,0.9111977134901075,0.7632352139397729,-0.015878454958215715,0.45139926324378776,-0.3037714491151592,0.5954160128690278,1
0.8921954751575369,0.5131453766447063,0.9077458294296203,0.3480806575445641,0.2617323403187749,0.4653496175015184,0.9356952113076339,0.522866430535654,0.01665870700654498,0.10169276491178686,3
0.7607250618883431,0.5531042066034215,0.8262735418681294,0.40712287301488626,0.8283066426122223,0.5928365035937273,0.4002785441114983,0.5251220846515138,0.32993796876270604,0.5887102326881283,2
0.17438649956541266,0.22646361573604382,0.8400127999954541,0.1951740961392025,0.7518537507547169,0.0897461665284262,0.7873195516081698,0.06383361670017078,0.2790356514678706,0.7521860522408298,0
0.019257122531682037,0.14641772925011326,0.6600982121328002,0.2985237036630398,0.04572346850204166,0.22271874202182332,0.614840392030397,0.22528361985477846,0.6564072188462,0.7723944108429168,0
-0.11031018616659993,0.30280328296289083,-0.049687021556783575,0.15799447755205598,0.23181180951163813,0.4465822203582159,0.4300911230508417,0.24884473250474168,0.8509746372536077,-0.01989239739802997,1
0.2968363862888807,0.5374972119659835,-0.13892637666329483,1.0150630872868596,0.30151682200210383,0.6807306130473645,-0.10272396802291772,0.1534691427213312,0.6078212482760517,1.0048120582765083,1
0.13588768671799897,0.4855431972826734,0.30712423773447967,0.9530254572411293,0.581869218334281,0.7714598760976504,0.3418569358290885,0.09179134324731016,0.17644094851322203,0.03515860616682291,1
0.824124757689311,0.8079829595192421,0.829708799091476,0.6387725548049394,0.6230640405959433,0.8351819683392042,0.11935382249714595,0.7177555637660126,0.6887181797694506,0.5111681173724322,0
0.12926186394403033,0.23352883371673538,0.32243253154692586,0.67434923082429,0.8758952792445256,0.22824613527211762,0.43908828287077234,0.8084072393093144,0.6742766079886243,0.29440180290761614,3
0.4080569113067606,0.5079754153872221,0.7289859351506744,0.33602801021615636,0.4687626894462889,0.44121660334199675,0.36884193544108923,0.7533646085132866,0.19649677557482198,0.5587118808852887,3
0.14051473398953357,0.7500992860619402,0.5062674168124908,0.5859272090265434,0.16435856970442383,0.849058220259483,0.49909698508520856,0.7382214927855278,0.10481452400252117,0.719463142252148,1
-0.6149831203900631,1.0930192438939537,0.8203863527226031,0.846987301660538,-0.6058985760931612,0.9664839716215538,0.3948866009159806,0.8297811742209735,0.7587826814386477,-0.5543982634453973,3
0.5513798483324107,0.07997995122626186,0.6812764074409028,0.8702437957713882,-0.19430295837722422,0.7961075298859972,0.08123583843652449,0.43030721158510843,-0.09655763355491037,0.6610960508853858,3
0.9183163180926794,0.2599267493756312,0.9339862838990003,0.433452181647705,0.5332825833153096,0.6617867310450369,0.21145444190878082,0.6931295481352306,0.8478415905135255,0.8343527625661762,1
0.49276399532004467,0.7338316391323334,0.8806337775606582,0.9756152444872142,0.6843597073686745,0.46997325864590034,0.4046755971565229,0.35954120302566955,0.18726151090094723,0.06637483635128798,1
0.6634400107841583,0.048645241583139334,0.772178666963092,0.42741795627100126,0.7616231363144925,0.5591864396971447,-0.09592059385246532,0.6711111688527232,0.4403222729334685,0.846520064759957,0
0.7050605585076015,0.4348440958282295,0.6038718623235163,0.2866009347128805,0.26203038539177537,0.5008326206353465,0.8685540006639019,0.4021302988830491,0.8615671559681912,0.9374426766537316,2
0.2312594726837708,0.90700216620625,0.4326935845884067,0.8808144450378449,0.5759810238716134,0.17708790427099763,0.8927233440136462,0.06495161015292651,0.4684470850622535,0.8414209540667467,0
0.32436158432241524,0.8438705289473498,0.3507393876379698,0.7915689007927031,0.8434605057726949,0.2915412762715686,0.8402855538794987,0.9799517346443984,0.2506030926200199,0.40843515890448484,2
0.5363674474411992,0.30203593100685866,0.06084185969021649,0.9479784698487271,0.44022796190121877,0.7827165827550636,0.9723104662988691,0.6697650231544348,0.5428317187171102,0.04077639212977256,1
0.04102647194774341,0.08357668927363782,0.6333841507998985,0.25207619834061046,0.06700086604506397,0.240086096120346,0.5416718866921779,0.2617284350970437,0.6695295348754334,0.7708926646087023,0
0.6631678021595881,0.7375454687438328,-0.015078136459226399,0.7217479152779173,0.44446543413006784,0.39101402082664766,0.6184017070696184,-0.036493327525018424,0.577871152600454,0.13212369784261835,0
0.8636549469330806,0.388518930703018,0.8734696353150486,0.27606143997238464,-0.02202033822376484,0.6523985198136603,1.3214333275487857,0.8000274747435219,0.6116584009366038,1.1388003773170943,2
0.8849382378100883,0.4036452204406217,0.8231569391622485,0.5491212517511064,0.7323292445214609,0.2852797895239814,0.7023785653084755,0.9932636598169727,0.9649437754991688,0.5257098594566736,0
1.0662511887239656,0.3733459248736538,0.3308017471754121,0.35588856916028855,0.415988664873845,-0.03885392982563618,0.08458908890374986,1.0076750704725697,0.5465999272119679,0.4975951521665837,2
0.7927511562872711,0.7110448506513044,0.7066833626806741,0.25462024877479367,0.657897160208198,1.0879384281842237,0.6226477878384471,0.9517164920959482,0.3715483170121553,-0.059007294736957705,1
0.8664094434842997,0.37869654477646886,0.8106011205630468,0.576781165229349,0.7286358837309057,0.2677578892238019,0.7170854494851744,0.9653465320086901,0.9918395609918726,0.5326223605167791,0
0.352390918935773,0.10222537826476408,0.405882926521635,0.14480908325740732,0.34221414416867735,0.6510679551925385,0.5444854765925673,0.06186888592318757,0.6671655911331053,0.6769093366098049,0
0.25120693652705817,0.09739631931691003,0.6048981512228822,0.8816484058525922,0.7089170294590563,0.8930577358030125,0.5513927644395361,0.17121625838659363,0.5498983336088793,0.7347466980195814,3
0.8670525066462935,0.37704284924268905,0.8037072832931167,0.5616110233649926,0.7203277162174395,0.2765060058554243,0.7347128863563352,0.9869015851036426,0.9947601489806529,0.5139813070373667,0
1.1328745018662028,0.5211798135392396,0.7825247702532406,0.29085429691158654,-0.11879463216312808,-0.302133295309611,0.22844980827859163,0.9148468511542207,0.5226506362265628,0.9753495530915417,2
0.4287182691216381,0.6772632242208386,0.8599224550222392,0.6772455880356978,0.22755807474981368,-0.0035575115033476268,0.20907401644168722,0.4483254933161138,0.03995291615480981,0.4130604827522407,3
0.6598589378817256,0.1361949508204252,0.3312046935557542,0.38385036147293183,0.3493976856046894,0.8456914482863835,0.5979428598656445,0.5407348187938441,0.457542444969382,0.7051236479773813,3
0.08188308612838899,1.094207644828394,0.8482701006269109,0.2923315858806852,0.17218128465572702,0.2921277462459846,1.0200059648783883,0.8255697451933732,0.7937909952026743,-0.014110922603601528,3
0.00995515678172514,1.0743179773504548,-0.29161274946118915,1.3053691938519658,0.2207013231403646,0.08170094526199323,0.7234724701843263,0.6196792863847893,0.42576622027813166,0.8701405563539678,1
0.42861764330664204,-0.044206649872628914,0.962418048957532,0.9227779816632499,0.4522279320872703,0.7706774857526753,0.30501671060360586,0.18016472788584903,0.5736274497113456,0.585315781208202,0
0.4757645566818356,0.49706576804781,0.19375742487675957,0.6210338869770844,0.7418818935879734,0.9035422099390458,0.04630120476647199,0.63752469132304,0.9594346674115993,0.16439648914202634,0
1.7478118379311747,0.8158112667434235,0.8662372556146658,0.8061716645075988,-0.2938634647545616,0.23004035415864454,0.7106223776637606,0.16882837715718746,0.07514127868469622,-0.17261029713869908,1
-0.2979120371285769,0.2953070887151815,0.6707449468394051,-0.07820915624775732,0.913911980511987,0.19311731517022523,0.45369558953347466,0.36840500164083295,-0.2547556067871214,0.6014736340854816,2
0.10948897817078498,0.9446560374389583,0.850306736318454,0.5955047165249604,0.42412267560848277,0.8823298639573953,0.2118898583396925,0.9412298333987325,0.01550686827556834,0.2470699617762006,3
0.8938539915236876,0.8890837830406343,0.8859926524037939,0.7105776644669601,0.5804057520946195,0.7674793270054229,0.04903479121993701,0.6778838083568421,0.5861431364713793,0.4598872936879307,0
0.37421600445373526,0.7835191686304289,0.38296109018681807,0.7395954402535525,0.8925408866321122,0.3065069173299728,0.8230770171583028,0.9277441510628801,0.2211147279421518,0.4504723924202618,2
0.8295775150478955,0.36963035531927,0.9303746439119284,0.4070521813155036,0.4362945981231311,0.6989191945606641,0.24614157864464759,0.6090223172936862,0.8468767934129229,0.8750100517820154,1
0.8023258217455721,0.20977150660681915,0.40072226832463204,0.8674673147152347,0.6240619885828078,0.6757830272775589,1.0935962812682143,0.5688750143217857,1.064959396859575,0.5711101833540132,0
0.05789784508027332,0.36753508059773354,1.1022601187994858,0.905708630364527,0.07758595502489715,0.6423576390640637,-0.031658040051356306,-0.20388590282569274,0.20857403557518278,0.5121358486157992,3
-0.05389755194225654,1.4552977733185783,1.1988441165579835,0.23647648453468728,1.0359742506891196,1.242718834284365,0.8487359491759345,-0.0732823937348232,0.8556944730070225,0.8093980055427041,1
0.679833235130352,-0.03844320255490674,0.5545601336913965,0.43559639224738833,0.726226857189186,0.45549602060751987,0.12038203519641422,0.6127786669023869,0.32156856835217806,0.6830493268396772,0
-0.23917495111455667,0.03320329925690502,-0.27277041015357995,0.28372934059681654,1.0068268372228402,0.642998414534179,1.2687455932011507,-0.14330551330274008,0.9801679074118437,0.8777550279622602,0
0.5764703364002016,-0.08571279726974651,1.189749681494732,0.5473562032652692,0.3227003981736181,0.8564580890667555,0.5238706424972764,-0.0663378166355903,0.4396467110173294,0.972896121562016,0
0.7103404333852186,0.7737869677608306,0.14253175281051453,0.682528141629189,0.4593299864120265,0.3238768005576296,0.6025869196040906,-0.01088240869281612,0.5374978804012431,0.02091510754394816,0
-0.04114813947345003,0.8009994811349381,0.585293620184413,0.49652880710737757,0.38860404664196774,0.6580083572011151,0.7905127096940897,0.9254048879086203,0.6988676098336386,-0.16631835474305545,3
0.5595339248060928,0.25997809442460407,0.08691619511201161,0.9671567429744641,0.4362672743245262,0.7664611080038214,1.007045767841807,0.6595327457286032,0.5260461702599829,0.015148845462047299,1
0.12707889869025463,0.11033470671184395,0.4007267360157114,0.9788955774015131,0.9906847347635017,0.8079728616823673,0.6208274074595808,0.27556949261060093,0.7383125769945345,0.6973981959434912,3
0.6502273370590176,0.008958688645424664,0.603949302018404,0.5426155748615015,0.5900589430353632,0.6133689575736531,0.0432713437806999,0.6003368960233061,0.447712110872869,0.6872276668855265,0
0.4707755324460501,0.6017096313112382,0.11988051514213754,0.8182499534924804,0.2776485574222193,0.22780134067124047,0.9673355579842874,0.2855405069712994,0.10221526414384624,0.7610890055939618,0
0.1582696766134171,0.20003672126066474,0.21284359070244713,0.7276850002524204,0.7955697248305835,0.3441407157116835,0.4746714247876223,0.8789005359490946,0.7066250370150718,0.2260070655223902,3
0.6104456424575166,0.5848459351976647,0.34869062599552725,-0.131913509950721,0.4937353810839056,0.2085848630542927,0.5799443050000789,0.7541339489038842,0.6904835060687632,0.8704908063424531,1
0.20541288046323547,0.4645988227254343,-0.06758547887022512,0.1540343329117136,-0.037862754662350034,0.4608422362178752,0.6590373608217319,0.27614637703715406,1.1003894850062212,0.08838798383343816,1
1.1217616722119863,0.4086756963386142,1.1480555558096461,0.31560591760389234,0.30427295339606614,0.8006645666304802,-0.2603654831493064,0.10084761605137127,0.997671842939435,0.8351114803248277,0
0.14626910132012494,1.0253191458661868,0.726944002057158,0.49742254956973125,0.3553060879291574,0.8123251105479649,0.2118801714483955,0.926628887223859,-0.05601085237027803,0.10745366823612786,3
0.43699522201577035,0.0017688792549205856,0.5162845135101826,0.8735478665770583,0.6516092871375737,0.7027400705629324,0.42055583062310703,0.11259921302362465,0.36593039888915735,0.8747841539527734,3
0.782568843750617,0.5704682879818279,1.2139786710785907,0.7377796448061297,-0.6060794291379868,0.46234368637604556,0.34347027268465047,1.0599646695001317,0.1875517876172309,1.2473035680377667,2
0.5523626595458399,0.2745608822025232,0.07935817338095277,0.983116928831484,0.42470418536389887,0.7759557829230935,0.9850799660171868,0.6625271271930868,0.5107161098343356,0.00942864958633164,1
0.8674907059208457,0.8208607463607362,0.8802038257029657,0.6910652817094622,0.6172554864383886,0.824872924420936,0.10823560043662327,0.7928587774009613,0.7190028507561874,0.47776636129916783,0
0.5490751597062381,0.6118166532506991,0.7082379550779211,0.19005881784298945,0.12690044176069817,0.2938064695248826,0.592036310867982,0.40264787633812565,0.9583417050818137,0.8813793711668162,2
0.016921892990809123,0.6216185958025082,0.18800076694474174,0.9511465301622427,0.04057295511497584,0.3735410166002528,0.2525783929816928,0.24395011655196194,0.48917176542597834,0.892677163265993,1
-0.24190469431650852,0.5009433235599126,0.6574040966842015,0.5323212265426042,0.29413763250114644,1.4786530209629474,1.7966617165565522,0.6268957408984158,1.0705735788756465,1.2745433221227158,2
1.273110114702888,0.1773818328607234,0.8312373864409996,-0.3417027286269605,-0.07752541791666578,0.38194973359319156,0.8221190328910135,0.8858578830667451,0.7401906966309135,0.14110993193281912,1
0.34960589732121644,0.9658703577240094,1.0714672850372242,0.6465501910679455,0.7869103343154511,0.9295737418039056,1.000474568625208,0.4687809214919607,0.7597176825190877,0.6857090701216534,2
0.8871639988529315,0.5535855268001062,0.4786675255680807,0.14242383086851795,0.5396427814718163,0.761342556769149,0.7457594472977894,0.6752437869923603,0.17570382186416844,0.178292885766429,1
0.8343247112678598,0.14733507033130971,0.6552636411371004,0.07855839422829573,0.5541430069611409,0.39881445219443556,0.18693265050870495,0.9421283400978078,0.9520255046146389,0.8205971356310077,2
1.13882428503013,-0.14548358069039802,-0.3704247929283008,1.0009878460504003,0.023043807275059836,1.5667428013432487,0.889334240669428,0.6764885886353972,0.8012645942588361,0.42627406012714053,1
0.3168562505111303,0.23591412781453946,0.762450302611809,0.2682384314171175,0.8029780220800581,0.026534019024786238,0.7972280098890507,1.0057875682628952,0.7988472723008206,0.10875724042667057,0
0.31242535877869426,0.3437100605599228,0.7662307399624294,0.6807078282564982,0.25783765753843435,0.2841343685876845,0.4420909366924466,0.4272509386328992,0.4272034639321551,0.5234864981759139,3
0.2093767095383531,1.0034377759260416,0.2854090262857567,1.0280989526426396,0.3915757018883993,0.3405097635075842,0.7427853268494151,0.1397362568551626,0.603484946552983,0.815704406529032,0
0.9221473244834902,0.3266321114076144,0.48212039365186155,0.8955058856013345,0.6585585282976872,0.5595987425972635,0.9297272619414663,0.6404928420124852,0.9716998314030791,0.35078858578046135,0
0.24899523609348956,0.8891989504435475,0.43069889598585515,0.9139641707225766,0.6059205404827638,0.17100559410573946,0.8724009857395232,0.09390328802514658,0.40122508950396313,0.8080901203629064,0
0.9847829600224418,0.22758868801587817,0.584149528001648,0.4206882808162199,1.030883210800028,0.3709939996825634,0.6041118143277211,1.115193120012856,0.6652663586103682,0.6936191007442543,0
0.3815511074515968,0.3137033934955382,1.1540898288505084,0.005806843914866078,-0.16249665356874188,0.48181214260518157,1.0760881241851779,0.7648531334456551,-0.1372674764088161,0.6558214000764528,0
0.22720309477583478,0.8898131239860329,1.1610248791887288,0.672678545784694,0.8218111338109967,0.25561247158408273,0.17390021850107168,0.019471899823770233,-0.1330456358492315,-0.0435429996186682,1
0.11277888687726015,0.4593518665330428,0.30476422082612753,0.9444726244256231,0.5984621245756014,0.7819380547200547,0.34013647361014937,0.05421283926187641,0.1589651407446096,0.0725075326163015,1
0.7927415120323954,0.7514015193739042,0.9144619377251731,0.6673138087449995,0.6808702937602178,0.8105309506611116,0.08356102174076882,0.7910946798792229,0.7262510410928673,0.4436944393712267,0
0.5898833592520396,0.5496886913400066,0.890877715354976,0.5237702846729486,0.208767539724257,0.5195167632320772,0.6322148508891288,0.7837168322385444,0.019172787802572727,0.052747930442643615,0
0.7267898000398098,-0.24505471655037336,1.0060745074133872,0.7274480369149752,-0.3508838873958455,0.4090947711295246,0.1948005858008709,-0.30291403468400335,0.8783511510215388,0.4365403637302709,2
0.9443670533486686,0.622609661877286,0.7693474554633878,0.14646375260028743,0.5364593540391333,0.8873170406736263,0.6204245697745914,1.069366239083273,0.21356098437469684,0.13575742685208508,1
0.7632944057975528,0.19977746914409117,0.6507603362586339,0.09897335734392738,0.5513448227360845,0.42132658127617095,0.250610352766831,0.9444942835887693,0.9410546119215609,0.8710775612553656,2
0.2519827046798223,0.9689082360669127,0.3882148162656273,0.06095794073685085,0.1830006925204885,0.8966529482568181,0.4915063604434241,0.26707336878599824,0.7600449568169589,0.5353896400170517,1
0.5362179339240409,0.1887400093930708,0.4148672404429835,1.1201188291472213,0.7830846466885049,0.9318709207062228,0.6421075439994679,-0.021874360396337778,0.32640902655323545,0.5502846815430811,3
0.8808331223324184,0.294126403992428,0.900094348698636,0.42070028514561697,0.49821368343835865,0.6667112420057382,0.2360408483180034,0.7053479967532976,0.8586459130682241,0.8650533618079109,1
0.480779195945424,0.594752535364843,0.8382449586649728,0.911353193950126,0.19374868083383298,0.1327137098610803,0.31998913634172754,0.5910610127401458,0.10703360443581722,0.1624709851417587,3
0.8353696022702218,0.7110911558268473,0.7002893030763722,0.27357333577654686,0.6741961669117583,0.6546321347714318,0.8108863388575469,0.7526151032964542,0.24823238982022572,0.28461500031559817,1
0.30879962132668504,0.1382083565742863,0.651191821862682,0.8624716420519554,0.7657212551247333,0.858600302748354,0.5504491159013528,0.2235561173047988,0.523348010634141,0.7366972355800131,3
0.11824465138118323,0.4682315777259864,0.31221578718607995,0.9533060837131947,0.5962863143139334,0.7801874975850968,0.35757910203282256,0.07625452821931755,0.17012988042229318,0.05572748764465665,1
0.9069088196442562,0.23393579710514797,0.8791654302810756,0.4139850303027724,0.5024137079791123,0.7163139069828084,0.22676071708777687,0.6527209799502738,0.8454217034621431,0.9051953899530841,1
1.1442635975733502,0.4832481136008664,0.9289555088718142,0.34264824379082565,0.693351399126881,0.4500420126746401,0.1971459870656953,0.32638212879958045,0.29484375530545115,0.6026757562730779,2
-0.16657183954810445,0.503086250043063,0.13810628903365035,1.0999020061634885,0.08052173323345146,0.5517895749218433,0.2679510531439868,0.2015263559390133,0.42208905344946873,0.7172449413436152,1
0.07503657150042237,0.5867930893512554,0.4066626002422402,0.09423932834002845,0.9903451636679023,0.498031076601772,0.892791278253601,0.34836455566776686,0.3380007987770809,0.7071382820295385,2
1.0663991870051954,0.327766499725133,0.6278522932364727,0.08341767891751056,0.42554385995563515,0.9208170580290054,0.4974460366748421,0.974368692537219,0.40601238432463305,0.3258057970862914,1
0.8985752316366913,0.18744520567169445,0.4463166486518124,0.5782640318153843,0.22820667832646457,0.17365327797190716,0.14922345011201965,0.9323522699499146,0.47031745081357734,0.5181663515835092,2
0.8584695074027675,0.38375693623536605,0.8029937609939765,0.5703221148375706,0.7201568830593447,0.2805824850269791,0.7425940471002448,0.9871567082299826,0.9997985050625564,0.5168652868649563,0
0.6138455452039929,1.312217569321907,1.4772922356783544,1.0978573599793102,0.6427672400047767,1.0069178818364684,0.6834317897505672,0.441257907850199,0.40707555204468293,0.1527766406849641,3
0.9550078832282157,0.32746266998598905,0.9792175303945271,0.45601636665577944,0.4662574441428567,0.6647154722339979,0.19844584630330486,0.6312485020396159,0.8680317541241225,0.8262273842172339,1
0.3132403242430456,0.8684918732728177,0.8668037656539882,0.47413646768810797,0.960633731900641,1.093611564366338,0.8908732510536072,0.4825492932174623,0.8431065396680724,0.8380666286985282,2
0.6513729923596168,0.8463409268969222,0.042765690043550686,1.5775506812688862,2.223363577346104,0.6411307185850875,0.669051710197115,-0.46685181362276307,1.2313445635169833,1.8085702695010282,2
0.1631871369378396,0.20947540515427,0.5431809797411159,0.28184308057036955,0.11045510370571482,0.12622266259082898,0.5873051242924292,0.35924795533657755,0.6377733103029084,0.8095627931693179,0
0.9270279426550576,0.2930440460210261,0.9096057618561627,0.4591512921198815,0.5353276810298052,0.6397460822067622,0.207456273362073,0.7178321721604509,0.82862082044395,0.8594626179967112,1
0.36694993863492226,0.11539183126373259,0.4196056711967286,0.16709878830843825,0.33539653294144983,0.6248215920210658,0.6137633616272046,0.07249029708269636,0.6544359059989718,0.7402999926583466,0
0.09731658313123473,0.9289146644732234,0.8368011999282556,0.5642782876883911,0.4727199593757056,0.9360721718226135,0.18050617267699676,0.9501837046307845,0.013718560323477843,0.2596534241708461,3
0.5041042174003617,0.005786538200975669,0.3459063189602753,0.2010825079516306,0.16683595131206058,0.6582283503499804,0.323458880978847,0.8507538770919416,0.3760146057837922,-0.03173078711991119,3
0.9855811675582274,0.5598594446572064,0.9418298656173322,0.24781263359479655,0.35461723743291157,0.78598112799722,0.5054215949960952,0.7640754362519184,0.4045223487938707,0.6044246009922347,2
0.8768373570250467,0.6969549776464564,0.8446962812074652,0.09618071926623166,0.6326066198111308,0.9249074725470963,0.6736270096942024,1.1137670099877506,0.2027486784245291,0.19967168478175323,1
0.8412424491704517,0.30035945516467766,0.7388260570546787,0.26185978196376114,0.9599293350672798,0.40615216434559315,0.7464672921917993,0.8700559155399841,0.6164300868701708,0.6803285592380336,0
0.4579602605449512,1.147826672602449,0.6454817648996789,0.3534437163607421,0.2375021816782119,0.9714525641357371,0.20057922262732583,1.0470891712453254,0.28590724539720935,-0.010332398667610848,3
0.32352311473764217,0.48306961524162134,0.37582659001306984,0.6005618210687251,0.8118288742133364,0.8781037670797028,-0.11515004327290693,0.5766409104398857,0.8402081089953074,-0.039904054951244106,0
0.468676514116178,0.5475581431945273,0.23426805701801784,0.6379660632573367,0.7850229452125175,0.9267716105403815,0.02382582781795143,0.6505285007880186,0.9892160638816299,0.1669395898492839,0
0.2586355386680757,0.37827667447323843,0.8270108078999437,0.6218319607056313,0.8281174962224367,0.9635791436859441,0.6361829202733154,0.13622756067351838,0.2245077552146738,0.7704606174625288,3
0.8673546688092987,0.12595124723830736,0.6573279076134675,0.07587086028094084,0.5289790982384338,0.3990769143145447,0.1855225582520171,0.9228589178922367,0.9460831416453717,0.8329005315321819,2
0.003374485049705193,0.10394254645296988,0.6252013050920733,0.26696907900522215,0.03764155928120168,0.215766194164715,0.5708004630099671,0.22931930936599565,0.6831845536536151,0.7747898726844608,0
0.28078524591827037,1.0906559045718731,0.3452600186117642,0.8115886821782198,0.7533799420484508,0.40198426578278335,1.1030772197550094,0.07075130906569682,0.5139404824347245,0.7065157002699601,0
0.5672826084817378,0.45881466001326443,0.19919067359537818,0.7890600144462874,0.8610585540053677,0.9323745965915191,0.19155464781349416,0.5895262678221243,0.9771840224983926,0.19031458112723842,0
0.8757817494290402,0.39220487312207536,0.7968201765215326,0.569731595846351,0.7125953766671953,0.27985918858111947,0.7325147961729048,0.9856657513068847,0.9836249956889497,0.5144417621958713,0
0.3759625718669466,0.7724926497511118,0.36734901996590325,0.7693108333155473,0.92822247662944,0.34425492750262054,0.8182885579346515,0.8649530157649099,0.25085521462347804,0.36248260214563877,2
0.28936951495283936,0.2660936591817834,0.5521107317224825,0.8368380245222263,0.8311698299821861,0.8608908986318828,0.427669053294624,0.34545190708425944,0.6495173495760849,0.7086241337997579,3
0.036378508369116505,0.5996657416050307,0.42407709673551625,0.07708416456141608,0.9988593473628649,0.5529351213498872,0.9507735379128948,0.3930046420577639,0.33732066210299144,0.5758865515090861,2
0.11828555318501272,0.5221990335548983,1.070903370832371,0.5926979600554468,0.15657473233178765,0.9289348322912104,0.23584564834819327,0.1560530091131775,0.3369956578234441,0.2682470881442604,3
0.9757506581030216,0.33767659248883747,0.4412899160645523,1.0203882669142732,0.6494256273330037,0.4824025740931808,1.0056656004517457,0.5902600380640702,0.9468039604701755,0.4059850279195834,0
0.8065462000459911,0.5045586858482913,0.7294529414282949,0.21470164964253688,0.9333182841919038,0.2918437425171157,0.805453154657902,0.7392126705450826,0.761793854147792,0.5504491270777425,0
0.29195204584578355,0.2914764364366435,0.459946884807361,0.3186331614698486,0.5696365004304298,0.8033958527679438,0.2403268933013149,-0.09657286589431077,0.856013141708189,0.7659523200828651,2
0.4478999382066415,-0.04976541097637277,0.9658980506834105,0.8089391585473116,0.45881015291703725,0.830434030302342,0.19102899119975078,0.11548061666709332,0.7007874681827826,0.6914800639452701,0
0.8320017675584704,1.1766017448841697,1.5966958925178452,0.5463010062343931,-0.47368510535131114,1.1267412396227257,0.6151701497771259,1.3489430045195037,0.2362516497665694,0.19431096926864955,0
0.1814647893092565,0.7238126913042131,0.7192073139831561,0.3335033983886183,0.1487938345273313,0.4926096269291027,0.9480067948128746,1.1340753240628008,0.789353221941675,0.2905847249291924,3
0.5681236779753106,0.5780252927355978,0.9019550769609079,0.5379540293022868,0.5072578747400759,0.6418289954411533,0.5636765259579813,0.5625750777105082,0.19116987142491262,0.4328635207415968,3
-0.01920912199757801,0.13519532673413331,0.6078916286403402,0.30044233571307843,0.038115020227228,0.2079976219131333,0.5431368463066482,0.24115016169362977,0.7244875673620862,0.7756431784092056,0
0.17230438973659543,0.3774367582541951,0.16644259901520272,0.2584935926519491,0.27443979425464105,0.5561819662703461,0.6825102018178918,0.22970154189356673,0.9422929137032865,0.14907944411414795,1
0.8714816706177031,0.3845079468516204,0.8053604044744488,0.5684051310641102,0.7166933729786873,0.27888279475987215,0.7281606637710805,0.9730904255809026,0.9894768535956654,0.5259756497676745,0
-0.04139921260397465,0.7648047181384642,1.0267192137158772,0.5061915211907843,0.2303556007268465,0.48650833227205864,0.9038116403654389,1.047091361562936,0.8079357209588421,-0.01344771402299444,3
0.9283375948860672,0.442813193699231,0.18664604537435042,0.8237451227050646,0.49479519900814484,1.0302788714655184,0.8903048807813874,0.3177730536133918,0.7774435224804774,0.6195795793775528,1
0.12004724991471846,0.47029400508315916,0.31485862262878234,0.9520048368283273,0.5938985258000846,0.7805062001129462,0.35609249255975245,0.07778160874682412,0.1719232064732497,0.052403344265402774,1
0.3434147255184429,1.5967381439693442,1.938643891730257,0.23394371782431328,0.3328228989475486,1.1208393644602102,0.07358503225253349,1.0366035764899415,0.544376992092412,0.16309566724153574,3
0.20154377799317666,0.5447975814678891,0.9601201644690802,0.5469921900602768,-0.17480686267284895,0.2250124977140844,1.0761035097483997,1.0228761363049417,0.8229346526363635,0.46439587711441127,3
0.17931318105892322,-0.13815716741581452,0.5799422260940883,-0.06889937489769954,1.047703862521135,0.21701532189150025,0.6801186809932451,1.1436355715325037,1.0314905094667393,0.021164709772983917,0
0.11859649790477475,0.4702901595345344,0.31107322801088144,0.955780948696448,0.6003340774517667,0.7776206821382221,0.35691250969058697,0.07939019896311705,0.17049032498883046,0.05389804915492591,1
-0.25742831427482304,0.10503329095500757,0.7137371910045617,-0.029227292140110606,1.2277924167930947,0.3032158627707711,0.3628768324144892,1.0509167342539607,0.9346777911410687,0.43278557803419226,2
0.33388297616173945,0.8961915407165092,0.5074980334051413,0.9507606953986191,0.5820815064949473,0.1751313810203881,0.7865426079675742,0.18260181903894956,0.38449803002665545,0.8701313332198102,0
0.4772462523967244,0.5330205098672844,0.21183049956808742,0.6308100977097946,0.8032428099214416,0.9248917358162811,0.017693787001690817,0.6536365695232563,0.9848124052583368,0.1702747762636461,0
0.8475682726282052,0.17403625014287863,0.6370780063929071,0.06359614073669928,0.5766226776917377,0.389578828769697,0.2492873865715634,0.9185216673747834,0.9040501970202388,0.8238938944465816,2
0.5939475552587757,0.5864572172431901,0.5048915658672277,0.18775861514662262,0.01060135114207883,0.39702519679123915,1.0337694146954486,0.4939746910953019,0.6037562242608333,0.8725734000928,2
0.7895389451096305,0.6448225012825739,0.6386844540637954,0.2703433959213345,0.5542980881355265,0.8620706881046918,0.5383139349798939,1.0208658955215915,0.25665165002465906,0.2551509584861443,1
0.8753226839451516,0.7664779180585046,0.5498533704554358,-0.09257314509986556,0.42832906252728487,-0.04195777968583572,0.7345752538134425,0.949385545597897,0.7067151731905912,0.9313367967206233,1
0.2878300662236693,0.8519712410302102,1.11950764057982,0.2002187297240544,1.2105544729391289,1.4368018763636101,0.7951959019557613,0.16681981753417296,0.5694184784941129,0.847606019367924,2
0.2276174072041767,0.8138453394615157,0.5158582164962842,0.8540985317475747,0.5460354245085709,0.1707843830853084,0.9752675473990237,0.1538736503773798,0.5106917251024082,0.7039050050667003,0
1.0836434794673178,0.5136761299612512,0.8542341755633114,-0.029352443216475427,0.6268131637022553,1.0882112280454204,0.62279633600768,0.8252989528299948,-0.0045027101991131635,0.37627740088420936,1
0.4363640549147998,1.1128050258892825,0.2195873728820664,0.872352961624967,0.5855120530848156,0.23288095803848693,0.9089200723377556,0.09694156843402439,0.5152589810533867,0.724616004093719,0
-0.016960517406771576,0.8085036789852711,0.8449539518051323,0.2966139120650932,0.17639855437509308,0.44328578850181105,0.7430336250576505,0.9945621237838761,0.6848794560324397,0.11161526930961732,3
1.2664025610694871,0.6656049810629693,0.7869481568977291,0.4174870217578888,0.36881940318579365,0.5670918075782697,0.6015608234721974,0.5488988252124618,0.6099636489709086,0.3167146032043036,2
0.19618963878866186,1.0075831849636137,0.38561813020553254,0.20710557030958507,0.21471539359167233,0.7907481601072982,0.41466273430476974,0.17531844450699385,0.7313386986162942,0.4574290894719011,1
0.14691531825142404,0.6858859646083937,0.34046752735853164,0.46906771113545626,0.5152934478989832,0.8494478678068658,0.5445806151720173,0.06454828812446878,0.9922248005917611,0.22514301136138007,0
0.2924111259784316,0.7181023122072988,0.294835626516757,0.20307002745094177,0.3783210095097054,0.8669524941865777,0.5011445416848893,0.10437431203679134,0.8849536479876356,0.45878775017514273,1
0.2552716483358579,1.1566147258663344,0.24423037920118382,-0.029709958994062646,0.38038083577606463,1.0600424570952502,0.3483851884178766,0.1102166514157206,0.6434112543262024,0.3529654951608311,1
0.4365836975759592,0.5594107641798153,0.35485745777176547,1.0061363438164665,-0.006271008524466035,0.25616240825643555,0.006539598940578761,0.4616534937905189,0.5083666851291152,0.7210609068961072,1
0.7044656142787974,0.7894460921594214,0.05731273078725819,0.6499026642686722,0.5182537823975669,0.41604043427036436,0.5801325619477706,0.09674086136359716,0.514366688959146,-0.012649656651304565,0
0.10938412206695797,0.47205251654208397,0.30920611942443066,0.9536739935030182,0.5889551843615459,0.7759421738826355,0.3496618712338208,0.08274194738717898,0.17633633822215766,0.04977548130461569,1
0.06834129184622112,0.4548294327791469,0.002380620885903406,0.29386921404785055,0.0966545722569535,0.5885631880234198,0.8005465579269107,0.03946258305897249,0.9916452791518925,-0.05060757279098947,1
0.01868691647669323,0.20108778549977502,0.2809504608789575,0.20098704771009432,1.0319909745884022,0.6338531793648468,0.3240274210123441,0.8138778684135711,0.7779875982966036,0.594936115495322,2
0.5335987277208358,0.8042248946377754,0.5339997879900147,0.3605164438770612,0.4383232548042171,0.7877370902270914,0.16332744734888527,0.8152111088869989,0.34933576737264876,0.38892308587786717,2
0.8504915242097323,0.8242507330562711,0.8730869255908742,0.64262592983202,0.6016076776578736,0.8135575585454318,0.11898559384151652,0.7605492190513592,0.670320883428777,0.5030115607218166,0
0.3120747318426682,0.17052389232724657,0.5901733096037464,0.8575434506133087,0.7161512900438435,0.8324848831419518,0.5787153189918343,0.19544423991286172,0.5268692523501067,0.745083842708757,3
0.32125255055653595,0.8919947737820448,0.323657515919542,0.7656808580548147,0.8093607432404076,0.2770591810901001,0.8993283801359566,0.940883211982509,0.2539688853397156,0.4304322671050469,2
0.9195734631768379,0.2603149854364538,0.9161743587283695,0.45818115720211045,0.5203596601177739,0.656175660166691,0.20993043056253308,0.7056735481211441,0.8719672987225842,0.8299229157248801,1
0.5176213015245086,0.24788870253031534,0.12012403443755683,0.9614832851015727,0.444443263696714,0.8049523337844968,1.0028770122803061,0.6733250187839352,0.5358843040443391,0.033035549072990195,1
0.8854572187394204,0.05427628212735203,0.44384335154834426,0.7467679292734613,-0.029254839069743854,0.07706531157607063,0.07237100031493016,1.0892362735387222,0.3447901464435334,0.6744220998752731,2
0.2887853244806545,0.04136818340379918,0.3586858257324838,1.0556746634275709,0.8730004698373495,0.6697835899253339,0.3347206402161444,0.18614613421305626,0.7100486754428681,0.9989456901162985,3
0.37856352679192035,0.9436426730629071,0.638204657765793,0.9526408536704143,0.7821838996491608,0.26692299993046614,0.23360153265768402,0.5565341978009303,0.1426990468184995,-0.1329510243291327,1
0.8546003973705008,0.5499433641524305,1.122427799585564,0.5818862976283711,0.07919607540848936,-0.28357569840240027,0.16657913054705914,1.506837701751646,0.1377096509611302,0.12669198303634566,2
0.46519132181752876,0.19344681269145064,0.2737997925539032,0.7276073569327305,0.21914212647787368,0.32506107997186495,0.9874962992409835,0.04512227123504675,0.8103961578941005,0.16634355817923002,3
0.9077381279111374,0.36330987391627956,0.9159393259613545,0.19122280045694376,1.0274158493326282,0.32088205948323556,0.7377299449238905,0.950214217931376,0.7525900538958923,0.5399904159115471,0
0.49533849252333484,0.06427884111814199,0.9061921482774457,0.8555316058014367,0.47854616335271233,0.7710447293316999,0.2320223304985673,0.08327783411012092,0.5756779514232319,0.6559110595817016,0
0.7439435182290653,0.39907546056223697,0.8259593919708855,0.4177726685078743,0.12551385899517575,0.3907539496456506,0.7446974952841177,0.6880703220304154,0.23578123626572128,0.13236583420258624,0
0.1290863084720788,0.1837254066884667,0.28085417588814304,0.7267228263643611,0.8723932092452836,0.25076330968728017,0.4421377700213882,0.8242525472822259,0.6395898800697939,0.28404035263532634,3
0.036918211320838695,0.2859118660564912,0.16967168479736106,0.6652489658906263,0.8171393559161326,0.2383073707915418,0.3543485561274519,0.8462005184514682,0.5722046396175214,0.2556834598502846,3
0.4778747788492263,0.05326697348054258,0.9499686200936667,0.8676264135587252,0.4569403411449405,0.7638714461591146,0.24505082714163834,0.09766472116410577,0.6110007225101751,0.6190345899680014,0
0.034548129661807515,0.8835518631455457,0.9205293775614309,0.3611237881321055,0.08774250259765129,0.3476055315241102,0.820359551250015,0.9881586351473529,0.746752168292396,0.13033933404062675,3
0.01085832625190387,0.11069296485429753,0.6548299106990907,0.2954952139888028,0.0610130584856769,0.20777561499052605,0.5529129411096366,0.2528949720699257,0.6724058686727709,0.7708881971856186,0
0.7285918932935266,0.7392764237297653,0.4836061975615511,0.10923349292092616,-0.1106088748877404,0.2848880278760933,0.6952870716171878,0.1910429753629948,0.9299921926054219,0.9902260569433191,2
0.2892053633195065,0.5136919643683678,0.5380213578429993,0.536805010927,-0.2656147942598712,0.5941199958512203,0.8558178366744935,1.1846504268186528,0.4746985291148828,-0.24159821542266352,3
0.11144419908766375,0.8577241371127381,0.8200903139249118,0.8088631202441892,0.531787176829275,0.7787184657618357,0.1543507226803238,0.8350483940545673,0.5770901565192658,0.6060771131928965,3
0.3655671869305772,0.6671750411422628,0.8123940810425061,1.0048282875972743,0.2663890708054231,0.24392897439705125,0.305088899338525,0.6304410371256127,0.11861052212586973,0.2626754978431953,3
-0.07815838504007305,0.08319019010683062,0.5515734870493486,0.27813099245661493,0.0763862823661762,0.22346716901911334,0.5243423666474263,0.30136622496356946,0.6687114941826613,0.8060478809308634,0
0.5554992143389118,0.6839673379071466,0.9099466807032073,0.5787067934288654,-0.13581893994248484,0.43025340985695726,0.7354868898154616,-0.14622824248682564,0.9190853236757733,1.3279298508219783,2
1.569406476313794,0.32504660902340243,0.9729764075326871,0.1556139261897756,-0.02761785994963284,0.23533647147130837,0.3611844091797238,1.516370341172736,0.9546013257791404,0.6755635234999876,2
0.054540938020356367,0.1305335882607798,0.24347167118689286,0.6950602580679565,0.8247733473286241,0.169580069991289,0.4451129168968971,0.907480216335239,0.6938093094952588,0.33755590918736106,3
0.12492259008214832,1.224480815251146,0.8181018621281879,0.18341579862016266,-0.09878274960804082,0.4317816879841768,0.8883788386568433,0.9869429545797841,0.8496415311326881,-0.11608381590792927,3
0.32420750609081034,0.08340106616966847,0.6464193304227027,0.2713015481224493,0.9728292907970844,-0.033291553894693716,0.6241505461592094,0.8354446356712022,0.8001941543317223,0.10929859707019221,0
0.27175762440982176,0.16812671490637957,0.31299435392769065,0.07160133768395882,0.39899123660125957,0.6779839172723973,0.21816336798845207,0.07908376869243029,0.850053142444694,0.6999968132034432,2
0.4773980362832322,0.6929303196610952,0.26862868541099694,0.5409994723090386,-0.7258917998984852,0.9304823827311077,0.16629169533356147,0.13220748126155957,-0.18334335902336957,0.8911006922704755,0
0.02947320749197303,0.08988017574010684,0.6122447458884658,0.2596176700863647,0.02220750233887582,0.21542488755495895,0.5479505323168029,0.23828075670680132,0.7060681306482971,0.7688294473196028,0
0.27905214764814923,-0.00451622698179191,1.021576811533782,-0.0121609607543397,0.561463901730936,0.19629477667620743,-0.2641309845945361,1.0056637541406992,0.1508886179425688,1.095797058422335,2
0.7606657434348159,0.23185773017981726,0.8705326568008648,0.014713400643390662,0.8194683742814378,0.27961401275185727,0.8803024058728619,0.8118267014181199,0.8484892482260978,0.4631762576145421,0
0.3069364087411891,0.8883287515792073,0.3974952902979828,0.7358068466718294,0.8436496249380097,0.28872358006976623,0.8241049631543326,1.0470077343674564,0.2793790173914832,0.4145506424581621,2
0.6498266515688302,0.16948567783866453,0.255406642012536,0.22458275109601727,0.18155196501901394,0.6023868342261549,0.3838834816236284,0.9571961143166051,0.2196434699419486,-0.05778617741040676,3
0.8722892415544675,0.16720016950748662,0.6032196016827142,0.12101187097332759,0.5147484357504071,0.34689028955908013,0.2397717800401935,0.9709695672779339,0.937973100773288,0.8295684282893612,2
0.6362238247882289,-0.11648378120750855,1.156191513103161,0.7926814941394427,0.5509170733664351,0.6404066713298384,0.12230504422256877,0.030273253664335698,0.7477322943489523,0.7681541778332298,0
0.6022880523919694,0.6035183930284282,0.8650860305704782,0.47607824074197136,0.3957032544058051,0.6449624667389232,0.5751943362676526,0.5336451771127985,0.10949518718936278,0.5081253314052696,3
0.879405464663347,0.619265537845926,0.6441088473345759,0.15322013195067496,1.2043674864276652,0.21348655735660055,1.0036630117693408,0.9702977105355145,0.9011698320262443,0.4728789959516712,0
0.4575923339765861,0.12524897899922652,0.4871387980004601,0.09754737195364223,0.3783135277495038,0.7429961798079416,0.48444323094706554,0.09885569635551696,0.5838388105571901,0.767900109907499,0
0.9993738877603755,0.4380112158417978,0.540997149622657,1.1129508377276613,0.8310669665272583,0.4646524345371121,1.1831158510857478,0.5550237391426396,1.0319698883657906,0.4447049299607502,0
0.17156763971917946,0.7266176835179602,0.48754174401461237,0.6382606576809551,0.2348709495948865,0.8940043271034118,0.4255963386763678,0.8063664370311764,0.16636108078656453,0.7200879148753335,1
0.9817828593096336,0.35009028284138616,0.5880281712594616,0.615396263666971,0.3049901956881333,0.38517370845521265,0.7913728400424768,0.7354319572671484,0.40269046408892417,0.34028445366078497,0
0.20463513156764135,0.7154531681031147,0.6729104697181053,0.4493705103265405,0.4927666867195001,0.9904230155319171,0.3122951194524378,0.9214252906430673,0.07259690371523693,0.29322940337407655,3
0.544886003970287,0.2766933262722852,0.08661501506340719,0.9848750952806291,0.42967302686564235,0.779283221601765,0.9898440982342943,0.6671363046440928,0.5093256970905738,0.014283993805128372,1
0.08162297494428125,0.818558102502038,0.8340853517865052,0.4683134260374937,0.5189883113222921,0.9900911944634764,0.09352771564136628,0.9079462215275876,-0.012407021260278438,0.1886255421080218,3
0.47387199139068265,0.04650327849429647,0.9582169410317346,0.8708138240055268,0.45473285208887776,0.7626662886689806,0.24661996154702034,0.09663628375465241,0.6117348257548189,0.6189321623200358,0
0.11226013579467332,0.8222730806405406,0.8432846053840657,0.7765550011146732,0.5501734391074554,0.7790087791540287,0.18843132084054764,0.8075156734973041,0.5859421982479237,0.6040946725185984,3
0.8172830053212501,0.40496243270892224,0.7804739698273034,0.5954900651889716,0.6658469503406587,0.3217230389691133,0.7532007416566455,0.9316569157513821,0.9870814944492794,0.4802081901224775,0
0.42090131099276223,0.20314638507978913,0.21061668099966485,0.7198129107146819,0.14593126418495572,0.4029350757502495,1.0131104079267148,0.03667448411997823,0.7507027408458582,0.3125585420174031,3
0.5008197330972769,0.10589990925467818,0.5892627634429537,0.4661790486413915,-0.09350695370352974,0.42775779662998364,1.2144374105725042,0.7532531344511068,0.8294016824079782,1.2117984840394673,2
-0.24882040000470157,0.1686461874035684,0.3207539912562136,1.2214490884634777,-0.3363230967953701,0.20418818455074286,0.6506594154578855,0.4594760230060365,0.30031557703828843,1.2822854513242685,1
0.6092000368047956,0.36908298474199797,0.6961966257703645,0.15175253081226406,0.7742277490402213,-0.23416953292844894,0.5374275232709806,0.8976122225467017,0.7287410117000538,0.7842411002473259,1
0.9560606241937035,0.27035016889632585,0.9815767499027014,0.4529874332583248,0.49511070082854314,0.6982513692918809,0.20433250014957516,0.6552622414010706,0.8626296363667469,0.878226295657169,1
0.3789743944612569,0.6491459697433813,1.115779672048234,0.3313935856214203,1.042449801810734,0.7061945803037095,0.8379403073598337,0.645568515879711,0.4867122181832421,0.8098136634317593,2
-0.1701547860567283,0.6206440236077962,0.20225942107639566,0.07994832504747526,0.9164158160330796,0.6145947842605327,0.8149225610969152,0.3174584060437933,0.429074251562379,0.5313136938438952,2
0.04588927447798667,0.5486022564701487,0.32561709686334034,0.16758828529727615,0.9736370365957421,0.44922688654728515,0.9164475338679914,0.3518403685875401,0.303626345567779,0.6236653059204678,2
0.5456425087624377,0.571937176746978,0.8624574838059984,0.5550279256303129,0.44220261608165995,0.6150495719288078,0.5497422261208124,0.5299697038121192,0.17878766639453564,0.38390137532140695,3
0.7143853064634202,0.8262758578076119,0.5443890954732016,0.3434601985580528,0.6558934379380053,0.2665946551563772,0.7861247796392946,0.8158667994888826,0.6067667993696794,1.0114736547875354,1
0.11214905130804068,0.7186758795610654,0.32045396423234423,0.5183496830777136,0.5838742214397357,0.898516479008035,0.528441634272891,-0.009123334699459869,0.9285812897433716,0.13906684811557213,0
0.15804426863228144,0.8775667322289816,0.9013984076894757,0.5869675823054872,0.45985810670164523,0.8542308301355905,0.23551031998592853,0.9118363516236573,0.06149910475155314,0.15923152240218053,3
0.0019371710959604233,0.5192081592580907,0.40752414757190164,0.2924638423542074,0.9471929450579389,0.4002634381407423,0.9136149833974428,0.46652557343704065,0.29515226226273206,0.7307313443341035,2
-0.29632196704107516,0.3676934516763112,1.3178751411847418,0.6418160127653716,0.36014592616093666,0.5455448565895471,0.9091216877990498,1.425553451434643,0.9766238162001419,0.2866357548397006,3
0.81410563099927,0.45086378208124533,0.6505265762294906,0.6792848178027415,0.13279092332679104,0.05939735313925201,0.13418781544219843,0.9112202686546333,0.46321020253997874,0.33812420643319063,2
0.7063417226554332,0.4075955807254011,0.5734025523501023,0.33119801867679016,0.23067971102425486,0.5429355121503937,1.047224963305108,0.4653114945493367,0.7076767356069035,1.0073444503698472,2
0.16913423156910998,0.03621972445769936,0.26864333927199335,0.7412054559170955,0.7921841527634017,0.30636528960094445,0.6595414136713721,0.7306481077552601,0.5704573250131071,0.10622599497424526,3
-0.1807499965174497,0.7918290897813868,0.8267321877669047,0.2374267431246206,-0.13063982816930914,0.10224248980200606,0.9225104957141748,1.031310208882391,0.7977193649278498,0.09747352721791852,3
0.5454166728603453,0.2534655885524052,0.09966116988077495,0.9601351748079808,0.4451728625657546,0.7722250147101701,1.0010764982593003,0.6601414176729921,0.4917965514502471,0.011969742166693768,1
1.2459055698254418,0.1656558722376104,0.6640926801573659,1.090552712356212,0.16328191350079369,0.28167949285916977,0.8028489377536138,0.3547816050058098,0.06692475088904715,0.7310477404737408,3
0.8659966245885502,0.3888428817095355,0.8130299615483363,0.5636235379163526,0.7127704463504534,0.2774456506462372,0.7226921354584338,0.9805245630088361,1.0000420931207878,0.5243300816271198,0
0.8682148568849125,0.2961864873642101,0.5102556468815513,0.9525346867403658,0.5549517749614118,0.5031418669449492,1.068141924200817,0.672945585462809,0.8196144039889381,0.4683283352090253,0
0.8210850469180777,0.10363883780441202,0.5039318210918582,0.21006075454365727,1.0781261325235216,1.0000988002463054,0.8605343338926612,1.3749803000399288,0.5060346616943137,-0.23647523191983633,1
0.1489197079843991,0.6389459295690676,0.11438760081456491,0.31456750379669907,0.16078631530930074,0.5162829918184313,0.7254191640081652,0.21860851415844865,0.9733513092499017,0.06296709402108536,1
0.18238405250085013,0.7101812992824281,0.5119188370578353,0.548134024862369,0.08915737302898949,0.8832720860365855,0.4920988087737169,0.6585082162823959,0.15174926076899076,0.6949815664001406,1
1.0680433145654273,1.2706664485743335,1.182570960583372,0.6929287941196054,0.2910032754394692,1.2162290366046231,-0.04716170400947606,1.150103993935772,0.6447439401799826,0.5691855068684513,1
0.8749222800104591,0.2927679867690095,0.46807339330530984,0.19239414876081432,0.33719730093106337,0.42297977735010706,0.7082732059272068,0.611351215022921,0.9422352296397756,0.6725077217100094,2
0.26537743422617394,0.49265019468381444,-0.034685513641795174,0.2513106877715293,-0.015186717684114628,0.5545597318559319,0.7793014289366151,0.08726518911178568,1.0781767101260313,-0.04162138099962401,1
0.0784157294500038,0.8889719718645098,0.952062453759725,0.30837902698912945,0.030466056896523444,0.36200735268104045,0.773770036662908,0.9358999975096528,0.7003132899411889,0.1548346839355273,3
0.22626179438721516,0.6610312150759818,0.0038052946261588547,0.1603023615420568,0.09463752957701844,0.4913979416150062,0.7811571380370795,0.16630727541439513,1.0603697176367668,0.11231213523274106,1
0.39826087939706734,0.581968251326074,0.2762044225192689,0.6908545519023891,0.7421029084233917,0.9316598829204868,0.009943586188448773,0.7017167082295445,0.9596409738506114,0.1404498495049812,0
0.01926812684058809,0.8994221988479891,0.9639432131109776,0.3981271503481716,0.11351150255370104,0.3293744098424903,0.8224138389567303,0.9765475844844588,0.7310519185397171,0.17137591143102376,3
0.1787264549181122,0.9313179646564391,0.8451225308300487,0.5775928421927324,0.41701068443810446,0.8451012365253545,0.14442448905652872,0.9450857376866157,0.036424172755203044,0.2946265426084271,3
0.5439717745277887,0.7988369292899669,0.5188313437309171,0.3594149577279799,0.42798887497974897,0.7684270099124104,0.14877570643312565,0.8148126591924172,0.35858850741897497,0.3761777138500403,2
0.6625772893687916,0.8201285567011057,0.6777573060960973,0.6416173596308408,0.8298085417588584,1.296490813252193,0.8285818264485105,0.8423463207021321,0.2869777985510065,0.6609587870648269,2
0.29224222193429605,0.06192011921726243,0.5898733292909456,0.2589651390785845,0.9166845205742014,0.020887672734487033,0.6490438805242419,0.9341014346930746,0.8503998367016,0.2522791327103821,0
0.1149193556148025,0.46762575592400724,0.3103819116016132,0.9560225029369378,0.5985631200890315,0.7742776224223661,0.36205903691067665,0.06906948638600972,0.1672707411040871,0.05423218796947057,1
0.11008417068501343,0.8582025260400189,0.8110808573644698,0.8057464163708759,0.5333894726781723,0.774795312139938,0.15560344083793,0.8357926031016972,0.5775026550132694,0.5974023334775876,3
0.1091497911470281,0.8357817640380822,0.9021123242615396,0.383483680779077,0.6752588077704675,1.1406012103998928,1.0442222318746341,0.29141192595220256,0.5567174625404054,0.7336951282592525,2
0.20821099828070969,0.6299247953419109,0.3409016776436228,0.5059216691836018,0.5163900204439484,0.7785345255565114,0.6282109017906935,0.07067882457508023,0.9730237533177724,0.17409101702600493,0
0.29934045902374745,0.23643646019338663,0.5531061523447112,0.7019065085873615,0.15193556212849418,0.5618586159844849,0.38014899592923085,0.5547058940782879,0.18418021445977992,0.7563865176760942,3
-0.02279243360684506,0.07652855009470155,0.6073627321589747,0.25126611362925333,0.03287389105373097,0.20869501469673174,0.5494356357937218,0.22011507205343814,0.7109577225806926,0.7648205202639543,0
0.11930323479864777,0.4734366561792322,0.3115886971666632,0.9459545019436608,0.5895494689768337,0.7770028555948025,0.35006108193539215,0.07138798663082035,0.163869463117289,0.05271721491236567,1
0.7845799436141996,0.48841580391158335,0.6396678359463773,0.22396733853920467,0.13479764708823333,0.6311556164327391,1.0005662594923226,0.3499531615431932,0.6657875528469621,0.856658099575905,2
0.5084536047547104,0.5074316772675482,0.3541664218944304,-0.2900479244214578,-0.17163925891269494,1.4121490103335408,0.49646336353904214,0.7356920498841786,0.2520551149778171,0.32661610638439187,1
0.37457083608336517,0.21716854720820883,0.5512020960115437,0.7337838783149528,-0.004126567132858999,0.6591617678364645,0.3637801222892558,0.4158426431490111,0.3883321587862124,0.7829453716827744,3
0.903276389814387,0.1640721591998757,0.6736162725836979,0.08810209813181344,0.5263542267265009,0.4188816475969099,0.2227569804896716,0.9349396722350148,0.8663643088490072,0.8422019301423108,2
0.6473267244732325,0.7994399211726274,0.11372880348029335,0.7011495715574091,0.5223143033608602,0.41313223898764323,0.5487432199820077,0.05385394239463461,0.47943481693293477,0.005737206472342338,0
0.8817771614209482,0.40396037238164423,0.767729603253916,0.5694505996015361,0.7188351865313417,0.24469546543110154,0.6971372253416146,0.9411570982219384,0.9675948950662323,0.49757377780022405,0
0.13613775115058793,0.34428621894799294,0.6352001942809992,0.4595015697814952,0.2165101320678681,0.34139206429612046,0.2983014566684927,0.6263716143341628,0.040022068567392266,0.8526101554719079,3
0.2691693927097966,0.8022612417303863,0.43117550109650965,0.781253134004065,0.8161412240832336,0.28198604566148533,0.8624057156008347,1.0055726651867918,0.30467835255221865,0.332548352983146,2
0.32196102350288397,0.41497917677555324,0.3538786783675102,0.7534601584410561,0.6326722947107896,0.8417891227832379,0.04229493183160611,0.7331458798039481,0.8821794686355487,0.27591604013065785,0
0.7888129185058401,0.5401920684265844,1.0580571671064487,0.35107838204093417,0.5149822190880458,0.7469787661695535,0.35062666896869255,0.8848581145641227,0.5292771175326227,0.3001153698111034,0
0.939131162543871,0.4310197285120149,0.6087937411368782,0.22178330502808083,0.5750134000017995,-0.08209862080042864,1.0542634268674047,1.004253640672098,0.6039271390438898,0.6706708760107551,1
0.9640014667457288,0.4715973481663652,0.3920628527621881,0.7648899698861791,0.6240092106771986,0.41845101139254853,1.223462637473893,0.4223926370749101,0.9913922150710769,0.20191343755775554,0
0.38008036982952215,0.25365051202267075,0.7945599642116503,1.4512155349250608,0.8553230107978533,0.7674319534128164,0.11280161182242032,-0.13859819530498552,0.5059817296962031,0.2041541772376815,1
0.31898442459636533,1.045332093411286,0.18572115784609264,0.8208864488914698,0.7050043429688441,0.2851288593751333,0.6096549257930126,0.7149041625411215,0.2815480141445461,0.4838112562455674,2
-0.026699074066938333,0.529683489460605,0.17752190318521008,0.905941496538594,0.05019615492875484,0.3262736495593781,0.3259080003729018,0.2954521424646278,0.43964196135988354,0.9253421352914492,1
0.4465538845118647,0.16082022724221595,0.3383504325097639,0.6219973035469917,0.2825951234125986,0.1332299218918414,0.9085965016804642,0.02581775245453989,0.8283457194716979,0.31683009636139725,3
0.4459783989889177,0.8056202504164904,0.8722603359616208,0.2769027150077395,-0.20376385090883226,0.7651160401718693,1.1712977179229287,0.7919465749987727,0.2098588235546751,0.06090081003069289,0
0.4608180221487113,0.029319271338036627,0.6167877424654948,0.3558107280986889,0.8604183517337487,0.17781364201216912,0.5053878965767526,0.9124647397576809,0.9574768662708742,-0.0014188197810579561,0
0.026198462921929705,0.5208982150761343,0.1541441188671565,0.09281520500750474,1.098520775933882,0.41380177198674606,0.8735921589920199,0.3291145787129407,0.23422651130520908,0.5225646369965522,2
0.09145456584770957,1.1857866426404526,1.2560216557074984,0.29417656722238583,0.8256628995977178,1.2264772613346833,0.8621254084525245,0.6532369812909915,0.8859913021367414,1.06245235568735,2
0.3285771894118628,-0.0625923064822185,0.2806784626078247,0.17612595354327845,0.5492898187084175,0.707474157350889,0.5056165485518351,-0.15656277477407204,0.9253076304034354,0.899272304389415,0
0.9467903402528629,0.4229086297842674,0.6772376988986797,0.10123027531288474,0.8594818251134586,0.3263174866218895,0.8045590446071438,0.7970476175274677,0.5155224343304525,0.49621487020319355,0
0.13209931019041413,0.6293787543423277,0.3650289915303381,0.35351037701525434,1.0273725755493335,0.48299758654436376,0.7645243567411266,0.19598962052748978,0.14736108407100015,0.7952625356674896,2
1.0082722169511595,0.5329728200824005,0.7856144090045233,0.4440787764203649,0.6936856759562154,0.8135287390031449,0.7107263709541046,0.923755910523528,0.481083422337017,-0.09696187425521574,1
0.9037379041528568,0.27154306583831966,0.9265754968947599,0.44240852650522294,0.5401843635553517,0.6088050672207614,0.18998394349021933,0.6482236559689144,0.8390686206739321,0.8682234719828553,1
0.21296659594552358,0.6727459359612357,0.7857800316170085,0.5400567021309021,-0.17761747720210558,0.5783244548257378,0.6012162339803153,1.0660703028531109,0.5552657693225413,-0.07026228606679533,3
0.6181188411386312,-0.05146476250275997,0.746001976519309,0.8371996195650185,0.7620690909872374,0.9126931154732841,0.32979892958065954,0.3573182495733508,0.758885376253169,0.6947683347825514,0
0.8184067305650341,0.41122877312966993,0.8566440594050836,0.5798236316851517,0.7026902610872231,0.31526317694827277,0.6764698026160426,1.0298760030598257,0.9540869645951182,0.5337124107505204,0
0.8683356583096506,0.5977715536618307,0.7084131339539678,0.6313669084056701,0.07754537335679873,0.46646096750970556,0.7282201476892531,0.7996301748723763,0.04634475637425797,0.09576566833304426,0
0.1851672072443969,0.5323612753853005,1.0439709539056787,0.627741363706135,0.09950147979475558,0.9633123504407108,0.11882701825384683,0.06183015718473368,0.33240067954988267,0.3718699736823575,3
0.8194663693963049,0.8702217634578361,0.9136057542120894,0.6582177791963056,0.6004684263810242,0.8727873156954041,0.11334640749873276,0.7693698971025794,0.6496077106187291,0.5419091603198474,0
0.4447221039418556,0.13781658150522996,0.04663533369745537,0.6679319625472627,0.3674639507588368,0.3034442819450279,0.37029368910163607,0.5968898312871367,0.6866718817105589,0.4094920390264334,2
0.5618008234665569,0.617410948463165,0.944519117375847,0.5071823938347593,0.5229160452189484,0.42711741189175856,0.6666611563013183,0.7003706808218554,0.5508945037232426,0.06581536926514592,3
0.4943312098937567,1.194967757752419,1.0106988723855546,0.6080030290103675,0.35927802413947985,-0.25458100480407064,1.37754110607559,0.26878461152095956,0.40497774604657194,0.1980254185971546,3
0.6660154022104406,0.5660592830942134,0.8014572755710894,0.40979364039940464,0.4402745230868421,0.7271040140258558,0.6616002262423056,0.6172084335129324,0.12303190306281221,0.3625908798155105,3
0.8201670933053946,0.789463862134394,0.8983675659402286,0.6543457842117759,0.5675424671745111,0.84227932870848,0.07101348890481295,0.7868578034169659,0.7107221016354605,0.48005749674709813,0
1.037692612409226,0.27668641882066314,1.1632258465911578,0.3036120831381853,1.2761008176754416,0.5790322757878908,1.0870209476515602,0.6568942295376923,0.5893902596477604,0.6284972908250228,0
0.08869160387305519,0.9098781677969396,0.25417350449683873,-0.06120212641900488,0.19130311017629922,0.9862730266514664,0.6717340013118746,0.4512874348338797,0.7294831210500505,0.3595010810933108,1
0.7495823848050138,0.786839072392617,0.9831004274016075,0.8257827335367298,0.43677135317740484,0.718696619083455,0.24021271273194794,0.9340157621275565,0.5742689570430501,0.6714319250219457,0
0.5295126044637541,0.3022735835252464,0.08200946141675867,0.9730628119470259,0.43573779282039526,0.7633108733215541,0.9707844052143626,0.675517437433793,0.527057067635691,0.04262262929002297,1
0.8100108422870763,0.983777109798447,0.6574691925250785,0.3253037082595244,0.18994210106939335,-0.05932891842029679,0.5568534656544603,0.7262748059108324,1.0858756911930731,0.4975507382168045,1
0.6302529551411804,0.2258124754299864,0.9039342489070521,-0.3079101890881306,0.4823884174967011,0.8023397191944698,0.5885374286901681,0.5817417138302241,0.631286827412273,0.29689174801522533,1
0.4501755188795505,0.5140395878228141,1.0555650935930405,1.1374217463623872,0.0003187625692614715,0.5238300685156767,-0.03967640476493273,0.4364092251112847,0.31605239883569014,-0.07021980092484514,3
0.32215748884184825,0.8123607778427294,0.6150401364615653,-0.1017279078093919,0.8979387940321453,0.30310087804527913,1.1263944418538505,0.7611229529442294,0.08560421625701709,1.0372934706898478,2
0.7625134099298309,0.845852428001605,1.1025301619956318,0.7660020223943984,0.825207926075404,0.4058966232866974,0.7033096458415521,0.24259786087577584,0.5981739153567283,-0.17740827064631365,1
0.9162974579292631,-0.0021022382969980713,-0.18782118308023696,0.6882208696328764,0.14137012135421456,0.9109843066212195,0.9846966994582442,0.39377616851327013,0.6726644614639918,0.7485044740316678,1
0.37305074803765587,0.03864259647459558,0.6978597192350908,0.2875938685377122,0.9496368359773154,0.018800995255720404,0.6690523500710437,0.8993237486316997,0.8459033264172683,0.16553452755691203,0
0.09079438891320472,1.0004435503395392,0.4899138290100718,0.1871841945663799,0.4556058736211106,0.6936355877716286,0.9059071602661348,0.3133445789281365,0.2331820864710628,0.5232655077255242,2
0.26158001060352803,0.4030140829227627,0.11361843007958916,0.9518912878524826,0.9595442511515172,0.7618908258439548,0.5022736493583771,-0.03527899341231794,0.5630113713083092,-0.07067112555245092,0
0.8723216527351659,0.39978237216480583,0.7269577400634437,0.5711077212037025,0.6419480369813798,0.2503837753416736,0.7608198132247863,0.983287548941342,0.97240774160706,0.5299977789267405,0
0.631697914481821,-0.38730673290433804,-0.3011362266655432,0.25884901483313233,0.5565463447014949,0.0416168661910406,0.8589922996766552,-0.6007083692610333,-0.23178881878826718,0.3038033746255635,2
0.4474304423126164,0.5175554204832733,1.0624192618236763,0.23424204951683325,0.8473843808311622,0.30730856620274716,0.25010777840079107,0.6276419307831381,0.5073949013490585,0.5688898484869281,3
0.6518148885318016,0.812370939494033,-0.012524973352211297,0.5963455718662105,0.43307705259908463,0.572507284263595,0.4117766939199278,0.14278456181405352,0.6174439101478234,0.16090325851564238,0
0.6891877938072494,0.7248290716155772,0.014723702561608903,0.6001536213893379,0.5955791126270386,0.3957187733845179,0.5092917274863042,0.024489345073708903,0.4412612378723527,0.028693976880816787,0
0.12869679061477415,0.8456150603297645,0.8302102686989578,0.7878098882876023,0.5130976685165629,0.7878211093875183,0.16667607817771843,0.8507516344991527,0.5837562438480346,0.6297292753278274,3
0.10565130899636714,0.8527104712356989,0.8192512123373794,0.8094022125221478,0.5318659237918972,0.7794401811902354,0.15073106106538148,0.8318661385078651,0.579929469624031,0.6024135100699375,3
0.7119273974065088,-0.3942458797094869,0.08122184659484133,0.8134745024812101,1.4109944629275675,0.09625264853566196,1.2271090904852833,0.24795302854272705,0.5982653072834161,0.003318298637054129,0
0.06433219285327921,0.7793116867316844,0.5434402990367818,1.0158508944733624,0.8170464607203782,0.1402890519972636,0.8025244766342832,-0.017398350121828943,0.7125514034028537,0.8595221871377006,0
0.9100916348653805,0.12434102942533985,0.7798946948125991,0.042550632467807326,0.8548671971365371,0.9210087668683788,-0.16354872319439023,0.1550100399663472,0.7146216212824876,1.1701907778017087,0
0.5491921197211378,0.27580909341279036,0.077427463198885,0.9808407542123672,0.4342814943687593,0.788157105871832,0.997185170982311,0.6640582007632552,0.5209437562054644,0.020980935048739227,1
0.7206647325232058,0.68711957621908,0.7562380819826355,-0.046049655744951096,0.7100723250856782,0.15064521261612693,0.3764797770737588,0.6144392212962799,1.048835410614086,0.37004234323065677,0
1.031810443755324,0.20359532847882206,0.45421322093260874,-0.11866184468778618,0.6605367326718498,1.0579674859578219,0.25925890670046203,1.2529821924896767,0.4202006851048149,0.533842047919179,1
-0.04787931359286225,0.6740829524653007,0.8159702382057048,0.3000894365696311,0.07938720220504421,0.21589617838841185,0.6819506690609185,0.900650480024958,0.9334983524565068,0.25625731537147056,3
0.5400230251736949,0.8072349997208209,0.5416027238870837,0.36740640308852646,0.4384543843494544,0.7804742398903469,0.1553258360630916,0.8138632951169271,0.3480771492022988,0.3859563204512407,2
0.7807989390828259,0.12442846790793093,0.6430505905608626,0.8845384287566178,0.26419272178658676,0.3400610003233581,-0.23734531551488353,0.2465565857560102,0.3080667013726973,0.46672176805779975,0
0.3410610072536692,0.0601115322115093,0.6651377748765656,0.23649709526532953,0.9689363089206506,0.0058152246511637955,0.5945667969528711,0.8521546388918445,0.8164397826482639,0.12421044813372555,0
0.11951613083163395,0.6240820275545962,0.04580765846108393,0.26540603421176434,0.08660261978714004,0.542441331439125,0.7123622935336723,0.18766811572949532,1.0007468435905127,0.07111063571599786,1
0.8559674383628695,0.375726134066691,0.7983217470077049,0.14622777819527807,1.0757215877077,0.33883214238848347,0.7475636471854669,0.944551858540744,0.6166361528262921,0.6661567577742128,0
0.3838991579377363,0.18203417219647783,0.3092667633462516,0.7407808401980492,0.23935070441618614,0.31912795730991095,0.9528725859553949,0.054094011659870725,0.811535261081447,0.2070540157270207,3
0.4810406026207248,0.55330792974339,0.22888232676188303,0.6359101930351675,0.7692969671848843,0.9403323322063389,0.0005289486750314557,0.6440971470460799,0.9699455028711066,0.16313632487694962,0
0.03926453196491172,1.2153433035322159,0.6433264847044088,0.6568035561349209,0.1910944457185725,0.3980783320712049,0.5535831225159595,0.8834882969619988,0.7547152483417013,0.20241169235726839,3
0.23858804078614845,0.5634390210448014,-0.004879285530621585,0.13335910982106033,0.1268541008137003,0.5776603214774768,0.6784216957196176,0.1597605391721615,1.0682141652511956,-0.03245492805157109,1
0.6783933904120056,0.28256565868418004,0.6663876247801516,0.46122479085279444,0.28586927106808174,0.5749207019144383,0.7718203934871894,0.40820092430821886,0.2491748935450114,0.42408272621828075,0
1.0912980895188917,0.6832180401960205,0.43650697066783023,-0.007582852259645209,0.44087432177365543,0.940757758582074,0.787279915049562,0.5367022312830291,0.25746618447985986,0.09045890406634502,1
1.0112849329071094,0.43646017218685507,0.3434538839643796,1.0744085963873817,0.5721526447110844,0.5857497737730001,0.9846355625521973,0.5775013228469987,0.9096831886176001,0.5249185370624819,0
0.6247663778450271,0.460773758269094,0.6731954824413073,0.0692632027210294,0.7481537769651598,1.0024727603332384,0.3725789771027448,0.9192071967516824,0.16382030151543514,-0.028604233924459127,1
0.5268991926522506,0.8164756900330234,0.5208471791299768,0.36086062609857067,0.41730662757553855,0.7783968666522842,0.16117904924739557,0.8078092624896723,0.35055788614694716,0.4057647569172641,2
0.9302047102251279,0.08583289384180401,0.3376533527681761,0.6198342587291463,0.3916482313190681,0.055040334521436036,0.2811045493143364,0.6647796500304759,0.7578326723280043,0.6720879696845452,2
0.3146625381966728,0.1884834777365862,0.636858214189908,0.033913547783492703,1.1522349268602317,0.7693214979101834,0.6384725229788937,0.46284950918833706,-8.139850374661028e-05,0.3362886667329673,2
0.9544588517006426,0.3392674369107879,0.4332789708016258,1.0197632333821678,0.6764857550070489,0.5196759525840994,0.991491922946473,0.652607220087943,0.9419260998297528,0.4168102228264943,0
0.16176606775982277,0.11504898586772214,0.22503068078421884,0.7506013259820786,0.8165374525903494,0.19051962657322336,0.41149092022771666,0.7875686115898518,0.7143721520020364,0.2666030179800388,3
1.0300991622679423,0.36694041675762834,0.8190927082445143,0.33933839737992727,1.177134120373013,0.1477474455347908,0.7264407783368992,0.8561216538674634,0.4967253353622457,0.815810740017362,0
0.8637715822697971,0.4001137517658878,0.81549646550169,0.5589686896745295,0.7160115899535275,0.27783951128011053,0.7155290341417203,0.9893779466776558,1.0061188349698764,0.5336852561665472,0
0.12186173485523524,0.8585176162440312,0.8827682289710451,0.2914271852682684,0.045934243208798804,0.3214830298717698,0.7251030076295633,0.9224722360590791,0.6761594535874703,0.03607599779135043,3
0.9005901310791735,0.4640467451118858,0.7047360963931655,0.0618329820635779,0.04243740668716957,0.6609223503187442,1.2002009028098506,0.3963923891498738,0.7350998400782452,0.8022989371436089,2
0.3623734892630689,0.5442287628537587,0.854162865397464,1.0677601735687927,0.0499864555537608,0.277931091112093,0.33992058299358274,0.6700733065190051,0.1293774066062101,0.11108480611127196,3
0.7477624466588297,0.020208518191522112,0.4975461893580977,0.4810929000217685,0.10073139380146134,-0.040648843725277134,0.07626649048769277,0.7564509850975398,0.5700117740442961,0.6285823622407581,2
0.09813788877895242,0.14608707314071784,0.25948643873046673,0.6961017830583611,0.8387310905523397,0.28471639063165616,0.3793565280947212,0.8626357853829044,0.6111871840383625,0.2766362874094037,3
0.5243394983382911,0.9718447071451944,0.6072355031529139,0.23043739955626646,0.027168314479033895,0.9533775652779082,0.45477176307148953,0.34575921195476983,0.3838537932157122,0.8624708545422473,1
0.9747448099738164,0.5497419723785772,0.8432592120882313,0.234627511220375,0.6505153021372904,0.5210958700475459,0.4010046238594355,0.4023428299459588,0.4707820068849309,0.5973635399062577,2
0.5006806631275408,0.6201040622275817,0.8249079872442049,0.9239948400268346,0.2133338808452756,0.1925715720743972,0.23228680445554856,0.5957214958345609,0.13599188062730644,0.13690546607402598,3
0.11096522925198771,0.8584670205720979,0.8192523823683749,0.8094922980907359,0.5340032935403166,0.7817011275393174,0.15739456320380962,0.8357747895986767,0.580290306800538,0.6068271558370204,3
0.0066545956419372145,0.10614685579019682,0.6311000127299102,0.2679872846899638,0.03194978610319339,0.22008382535322624,0.5737303215114316,0.23393825933675438,0.678531148920787,0.7766262819589734,0
1.328893925473576,0.5782342617512757,0.4924400102575052,-0.24547482328326492,0.45991391043263585,-0.2579979747250419,1.493288335592366,0.22560895428537142,0.6219662507769229,0.4175170012225258,1
0.3507419084305361,-0.021252575693935655,0.6468129425690623,1.0006236952061234,0.5984836897578546,0.7706668277548745,0.5666437829956483,0.3417878512236081,0.3521807974458536,0.6578495305818467,3
0.16877221279004606,0.7216264381009893,0.4965246100043954,0.5886792089971232,0.19859774105570271,0.8359126622814657,0.48347103692397414,0.6516823617675794,0.09980480639658265,0.7711656550455976,1
0.13579300582469267,0.4750382596634151,0.33161389223548715,0.9507851364483157,0.6149150763847013,0.7644392949321979,0.34341691275328123,0.06656428587850717,0.14939546023287206,0.04753657201437788,1
0.25554224240798373,0.15870278528638285,0.5793485552785103,0.16974889454436054,0.9551786814232016,-0.09186136786280728,0.6746918138394102,0.7805930846111324,0.9146813474730351,0.08397820109326912,0
0.8743731338334735,0.7952785615889947,0.9203867810328369,0.4868769624880878,0.6694025235870743,0.8191168645992082,-0.029465123098539797,0.5961849193207063,0.5736734226992122,0.3703591545487067,0
0.5332079119163888,0.8068789665517676,0.5342947071694915,0.3609741035877969,0.4361373852944878,0.788210306724062,0.16213444031564928,0.813386173702333,0.34934079097365095,0.38797222656297453,2
0.5591788634052903,0.03639961289973028,0.5808956332964562,0.5366436131427585,0.5946727617806338,0.6648060330671663,0.08184325688446074,0.6528506908676075,0.536009955295871,0.8117456010085102,0
0.33254984102595014,1.062695329838134,0.4196474526184452,0.7270289921355603,0.6419650023634083,0.02714858670556844,0.7589698329281372,-0.09440801277467956,0.4832802427572816,0.9942031926695427,0
0.26930468090656023,0.8688889315927546,0.39516110660728543,0.9185195227734202,0.8470019129413692,0.39386991360449664,0.8136535651422742,0.9030452969428886,0.30136181125757056,0.4602547346723228,2
0.15106136226085917,0.16770993941505105,0.3066827401792261,0.7473946395229026,0.8458103844416934,0.28406786646112503,0.4392645059411613,0.839309056234451,0.660298096680504,0.284438119810133,3
0.8543822305968788,0.146849365843285,0.6477569322013375,0.09578768594379809,0.5167705538385755,0.40236330243351526,0.20870423192222132,0.9268389900583873,0.9446229792098404,0.8219959798022557,2
1.067221352580845,0.7535707428189676,0.32983031103617133,0.18761961937715596,0.5210001741427245,0.6596348145488176,0.632118088440158,1.0248296630718159,0.333606639539175,0.5094271180942455,1
0.7971037781004973,1.1886446775225337,0.5437693937454826,0.6168974652266255,0.602925607920197,0.6354353035134435,0.05692860657841753,0.7323958657492767,0.6989876663115274,0.09111313020896807,1
-0.02497819155002181,0.8506262782736186,0.920186295927952,0.3036659526875079,0.07329318090550963,0.31182944488177233,0.817688004395446,0.9308162306708895,0.8151905444214442,0.1976212937545243,3
-0.22366033151140108,1.2156839272296422,1.2102287790982464,0.30178392536082077,-0.4594117966746075,0.0729138221832532,0.6352746795055193,-0.023291069136790687,0.5992840166536444,0.18847495540545314,3
0.18252082375655224,0.7227730795129593,0.752436790664551,0.3067574277386135,-0.09044292461677339,0.25768514905579354,0.9883307941608319,1.1523709161221825,0.6193803938358091,0.2958751479906371,3
0.08232048690713162,0.18286578192191766,0.26583363415424893,0.6876790868688558,0.8288565769229493,0.300581556714236,0.3979688193092321,0.8101336229942413,0.6774522087826264,0.27023791505479416,3
0.8353950112383951,0.7615055528220932,0.9549879882543173,0.2608624041437412,0.709723553362571,0.5163380934063024,0.42641608336748116,0.39199172809588634,0.26989613440674926,0.7840977226947871,2
0.7578497957820443,0.297929916336849,0.684507352644279,0.5555340869575791,0.7525408086355643,0.4381438501361371,0.10132661051916053,0.7408355877875721,0.17062915692538547,-0.060900747858322335,3
0.932953219325684,0.36303025488130997,0.9474694361713575,0.27897721765472955,0.9284562794875667,0.3991301371811691,0.7158518458169456,1.0423635099107336,0.7367688913394421,0.5029878000914627,0
0.28155804320699496,0.15354835058264865,0.6551664890444637,0.657157105762833,0.24476007145728954,0.6911635436548118,0.21621604340598763,0.4318735981408985,0.09960457243837822,0.7380526142723498,3
0.7448911345984224,-0.09598862641732735,0.4368401525584968,0.6162142879822079,0.7639186112363062,0.49061869046322654,-0.04217798987622526,0.4329688330226814,0.5789558589277611,0.5970419661233007,0
0.4559920989224642,0.5264941861315565,0.24261319741055715,0.6623193738855556,0.8001317610591461,0.9437546610282188,-0.0010573085412847842,0.6814095648516392,0.9773791638387341,0.1417622571230778,0
0.3177610483029691,0.8613460688285003,0.36416872077178986,0.7828706432999266,0.8574288080768375,0.2597598061587888,0.8721598151052051,0.9655398959305289,0.2473524303635326,0.3828123005326627,2
0.3106523985498436,0.7257347302740633,0.007413346224315262,0.27403540736014503,0.23835077935161514,0.5952810064945057,0.9248898972455095,0.3929839610989737,0.8253217063624413,0.13969084853376074,1
0.1186667067171335,0.20264611823689763,0.41348142580011815,0.235600368052615,0.9048709260352844,0.5555048593682593,0.1398803933711507,0.9584141322866401,0.8902882562268475,0.5288060305039923,2
0.7587182820740596,0.4255866967798931,0.9308227287398817,0.45351124214273597,0.06973558927807746,0.3931669306809712,0.8198672657849667,0.7122658947298711,0.2458310028085435,0.2028238656186181,0
0.1097055781483128,0.8565413421210227,0.8192138443800334,0.809725439506912,0.5312377024891006,0.7780123390118912,0.15397545570411067,0.8345646750674086,0.5794030809792924,0.6073152842945112,3
-0.20108227597171907,0.6733770716423212,-0.3398456214976855,-0.09646582985879143,0.28097831915053983,0.8779882997468613,0.5496981946344645,0.44141509667476575,1.2244611601308206,0.1632740917306706,1
1.0081511060452226,0.3305450759736905,0.991224136243531,0.5229668037238805,0.5715463868438622,0.7351894076956321,0.240136027635092,0.6741725106689384,0.8722178500439398,0.766696347639225,1
-0.04183473763361284,0.1275578413118242,0.6684167749344717,0.21964067463547132,-0.015907912012331,0.1984739486180324,0.5541383572771702,0.2557038581562005,0.7026175770789026,0.785655658556789,0
0.5301794592157469,0.4475961011912857,0.9804764246184215,-0.13433014380975727,0.8903181367881852,0.18484208703986021,0.13997136991618236,0.8214766166688758,-0.04972035180478013,0.8120735665527741,2
-0.35650134258064503,0.4130312247512336,0.376911031569037,0.08450196185179248,0.19126004763876164,1.1092906028387963,0.4669198213915918,0.07755037723940963,0.6784122554464285,-0.15830009667872968,0
1.016597167985535,0.7416897415575199,0.7705252708501789,0.11958078709694372,0.8324789688162717,0.7963408255846761,0.29134406932692114,0.7814797368435709,0.6130394216567936,-0.37517313014769405,1
1.0108043340372812,0.7154709694192964,0.8340322684685859,0.7781711653630285,0.7119975364335565,0.8693470158834594,-0.03441848949033888,0.6190087938187708,0.8317667353835958,0.5918827092130681,0
0.5657539668167925,0.27886818788164053,0.0858135102703582,0.9385237797745136,0.48474892477996695,0.8452854080639428,1.0409889579601836,0.6140961877614506,0.5066880927576981,-0.03934724403974365,1
0.6965941670796935,0.4317891489597272,0.6516903660465283,0.23820480211660433,0.1290197978345113,0.5577655292239169,0.9460571893323576,0.37109606989393373,0.7485676239239974,0.8696253861681231,2
1.0253332113311602,0.524429236248054,0.7807814183919544,0.23193082228677137,0.29514183346756695,0.5167851070187184,0.4239561650034463,0.7178142383227224,0.58270546776989,0.23346425514129474,1
0.27011749632915005,0.4117352089683589,1.1567804543323923,0.9053360267796107,0.5835489001287805,0.14081876840512075,-0.11668664738435947,1.0127639344391155,-0.13074844814059416,0.09674122053955135,3
0.48998246925273203,0.45888296985526905,0.7505638173226304,0.5398207316467271,0.8438173294323075,0.36143153843484044,0.6177447084491337,0.472408399333875,0.5640123198007236,0.5326070417896811,0
1.0093557502014154,0.4687973584176707,0.7187223959373846,0.27608762043646845,0.42922144926347694,0.3947369237142542,0.5227673913191037,0.515449008259113,0.2607807772705556,0.836468376794605,2
0.28717826372463784,0.9081309306716204,0.3139680299638746,0.8081194466125536,0.8787988125364057,0.2567286180946186,0.8193170970781509,0.9442979350754761,0.2225922617611304,0.3284034517647525,2
0.8471521500453009,0.6658483470547778,0.796263519751802,0.11501806676860234,0.5119700811133574,0.7752134518836233,0.572530788428127,1.0292745377692831,0.254816121291428,0.16887184784754702,1
0.7471069380930786,0.27808806501987515,0.016245332745957623,0.8010341237776464,0.36815017040891224,0.9699490337275883,0.8705500324253012,0.47402687778248065,0.5829339503998944,0.703509072114321,1
0.2833523427096973,0.2247316258485852,0.9923968108155781,0.40640893204154616,0.7545369498757633,0.7797333575263641,0.7253877239691865,0.5653486945885438,0.11276642109720543,0.46198237206784376,3
0.7784796280511013,0.6924780334387501,0.23493468216835423,-0.11701586195091496,-0.09117249459817364,1.222070869321176,0.5974639250563807,0.6052867887521224,0.990823025783435,1.0306655213022642,2
0.3086960100626757,0.10663839803857793,0.5865965582137269,0.8747562663701964,0.720110300212032,0.8021628002313294,0.5288049005890284,0.30406699758536676,0.48771908882666737,0.7181968830580885,3
0.5122009528377887,1.1558864704393936,0.8907602659498634,0.2680172930630745,0.03242197260861113,-0.17833498300867712,0.0278429510894575,2.0880332751439283,0.6557311511643471,-0.1014298125145186,1
0.721536457936327,0.4275791635809377,0.5749662325029219,0.2460640505262583,0.12150467540627535,0.5443267189910408,0.8773048579751606,0.4327028161834202,0.6723456543308381,0.8476740195270308,2
0.32837338678746897,0.0738335568632549,0.6609190453441119,0.2057967049001125,0.9939239362884824,-0.0015031099607074865,0.631890880044038,0.8280741312414525,0.7886902814924626,0.16391110819982213,0
0.21903800570690846,0.29617140874749265,0.5386083202059675,0.5437186970360528,0.06740754746214347,0.6729479512577339,0.24717534952685838,0.6491646321578759,0.18298658808469187,0.6822246400282803,3
1.036312013832799,0.7886812440635156,0.642909518293179,0.08839771216104213,0.37515217165293907,0.9415442305079476,0.7518547933418547,0.4079417149885225,0.07444567551412334,0.23546707377274892,1
0.4208628169709375,0.892647405828822,0.2996356249532244,0.23371788642877717,0.4024625619778999,0.7842188050815906,0.6049543457887311,-0.17775731948553963,0.7958622676176619,0.3697130654143099,0
0.9435285341882419,0.6600025287514437,0.4867005635400319,0.08332694471357699,0.4441864551740741,0.801607700883652,0.6695636986746496,0.5736669889866117,0.25388958187938293,0.08103086666851364,1
0.6255102447911614,0.6056758677536187,1.1296243271293092,0.7742561912931669,0.303322973267918,0.5718972003278464,0.10936534424393768,0.6833494456646805,0.3434049526039933,-0.1721374971732021,1
0.6814127294864177,0.2420470197538227,0.36929934365005157,0.7583233185261418,-0.02291521136326058,-0.10341470325324953,0.15121333912937768,0.9569961031755347,0.45716653761564563,0.8119935923246443,2
0.11176114919854747,0.8535329559737888,0.8172112363011447,0.812118269332231,0.529351050325079,0.7814592495030143,0.15670826080547554,0.8325438206264631,0.5769080855847055,0.6037636228403322,3
0.22130952718814942,0.7650764630039638,0.9642235665547584,0.5264908773826901,0.8374465737307393,0.8857565117593864,0.885281648153804,0.6449761698132483,0.8833103206532222,0.6944623898360037,2
0.08289804876343329,0.9829922820871012,0.8952061398955542,0.330543640964951,0.03959635334713817,0.3151125170994916,0.8796054667499481,1.0524017210725587,0.6485186895788909,0.09231860560884333,3
0.14285192670051294,0.8109265229944708,0.03486404483139502,1.0672509581093659,-0.005734592545915823,0.5289448701440056,0.10174913392049764,0.2042662987251373,0.3422280120131548,0.7039309844359456,1
0.1852936241367742,0.5694306232355566,-0.012554369483943888,0.17595524961740644,0.0755197547824615,0.4956331154065445,0.6633737040524395,0.20209738570717178,1.0129155037595416,0.007906729185650621,1
0.22110389899636496,0.897180209085187,0.43337681433549324,0.8971691499472814,0.5622305508324342,0.18560395221572787,0.8884433949069886,0.05274345232485705,0.43839066896544016,0.8133123193511875,0
1.0129823148996728,1.0263326114781508,0.27256143469617744,-0.2600672476089678,0.7079674141535315,0.7521750205500086,1.045361996414278,0.9242062122994623,0.4493961099072877,-0.1752147568738972,1
0.6626671538067217,0.017490426845147868,0.6059444146901841,0.5701515751628343,0.5579485753766639,0.5436896334773521,0.02192567879829914,0.6645825947132106,0.5203391577211671,0.643677822220261,0
0.9329796453910825,0.3772789833121146,0.837486859988566,0.18372352748947923,0.9879363583882221,0.3927785926659199,0.7648796549079114,0.9041068988825435,0.6916640790121097,0.5937937727250677,0
0.8713678715042733,0.1705906822858624,0.5133481042701031,1.068445112705019,0.5334970745277126,0.6003119594547315,0.8780855849590645,0.647074313429898,0.9228883161905409,0.4085739631036005,0
0.36360547789424774,0.7310536920013267,0.3400885960520102,0.8107556464211202,0.6520096396634423,0.15379768491027207,0.848531462960359,0.7527841359543788,0.40608565906935623,0.32239629009382476,2
0.8565481446556983,0.8253059655259066,0.8745192992766341,0.6355296530548461,0.613603291533658,0.8200174492821857,0.11697183270073827,0.7698573519976021,0.663044649643905,0.4951032711329993,0
0.4451698898328474,0.9539656485360472,0.4186071883838667,0.6781826395399861,0.8699517387307615,0.3036926796677203,0.8334477075532487,0.8050285132273733,0.27089672725228864,0.3260553597137939,2
0.6229404049862437,0.38699204731146386,1.0696604458067864,1.2204662338052223,0.5982919960199797,0.39620946207203045,0.2148984252172363,0.49423026151699856,0.1538665618613994,0.5025912179038661,3
0.7977375661881368,0.8790112392476256,0.8300796049067432,0.5914092825087525,0.5836600697575984,0.7206235015658657,0.09761121583356361,0.7818398657483343,0.6847852955992529,0.5075258527288432,0
0.06425569221841626,1.1435574591971096,0.5998379394630865,-0.1669476064104014,0.11766197252270386,0.8049856467245856,0.7197962149049623,0.34037611564098136,0.8571704928434283,0.3346275535479073,1
0.5756412510503661,0.3177664714319614,0.0773593014163475,1.01657271769861,0.38632165238414307,0.7401321078409347,0.9451947189165504,0.655594974408965,0.5520863977203843,0.007082340043736094,1
0.28538717129456836,0.45037522591457657,0.1655911635695102,0.16936143025349343,0.3143750436745988,0.6112967158578093,0.13335824732660212,0.26446829932109517,0.8306207374514015,0.7519915149839936,2
0.9950349110591933,0.0025457029823104382,0.0012917471362256516,0.6100159950643951,0.5132442535639721,0.8107145919014211,0.8318738806840776,0.8867547853135238,1.182272327263759,-0.09748499230746022,0
0.0678701079574232,0.8661390244742945,-0.37425549197919544,0.47783333736524575,0.02418425791334152,0.3696525077946249,0.7397004583618817,0.5802723361035602,1.3022362990217702,-0.03358532525767932,1
0.0718201600824778,0.7821413977320198,1.0298148008885792,0.3997971650118774,0.013355828386373447,0.5255488350917675,0.9080751630832483,0.8630777927091717,0.883614989551323,0.3195897242505876,3
0.5483389923126605,0.2749858677896965,0.08862469499600717,0.9823558500184045,0.43078012768417984,0.776488346034909,0.9947298056566037,0.6716432475273081,0.5146040461264043,0.019591241101246003,1
0.3549111643210965,0.21377828862947215,0.2796387011695209,0.4649317103791191,1.1342352945825216,0.03089725446066536,0.9954657073917982,0.8686961650798006,0.9157614290516624,-0.032655736250012,0
0.4978682649852536,0.6165677997533685,0.6726679088557759,0.477134099420831,0.5703980515579292,0.9239784682570445,0.38246837807593637,0.8291881228650476,0.1996276083030789,0.6904678279127587,3
0.0023737994624612587,0.08607655426475068,0.6237767943929233,0.25125748044655666,0.021741798616246193,0.2277574971806885,0.5587958502695474,0.2550016254449995,0.6721720246145967,0.7734506385917992,0
0.11566439114572363,0.46586465499759494,0.31281387249885473,0.9539582120012576,0.6002439187914602,0.7815059513944327,0.3512756155184167,0.0769540791850572,0.1664680785180005,0.05676958295914103,1
0.1323418640885887,0.21251229894329,0.2755587532988087,0.730305276481539,0.8495983239305457,0.24638214277058137,0.4648257104134213,0.8148866482474151,0.6576257266696361,0.30765217485181967,3
0.5265312981623019,0.8047210573517977,0.5331462016705737,0.3643276845489242,0.4301471672175576,0.7887840468815706,0.15854809147390794,0.8130906224071868,0.3517044081093699,0.3875992503327137,2
0.9173388937514529,0.21216557986616502,0.9837641866194914,0.4399481120580606,0.5400712086443392,0.6624110271921233,0.19902520326323253,0.7341958539567874,0.8591717196433334,0.8245600061324556,1
0.45972416218494705,0.5129743661105594,0.22653626180683134,0.673961761067924,0.8104116121741893,0.8972469130631235,0.0007395711098409918,0.6855009521129719,0.9746492405254731,0.1489329399086558,0
0.10787373325197577,0.8462420382190697,0.8164361697241991,0.8082437767452544,0.5222435543796117,0.7780433299050501,0.14431723283316347,0.8420960409743707,0.5778856327156875,0.6034527271752828,3
0.8562645029279883,0.4372257896176568,0.9469592293054179,0.5112805510194185,0.5291431070761519,0.4655252959573669,0.3085570296807865,1.0857188241166429,0.09518638167439533,0.3438608427946668,1
0.41778055831643124,1.079872485256102,0.32115142172854627,0.4365864704413387,0.9922912406842463,0.6483969392702909,0.8372255980525336,0.5592079886234201,0.051623174697148166,-0.11551785739557427,1
-0.11674208001319289,0.7948993981903084,0.8231458530590652,0.25564790328490977,0.1433977213974722,0.41719832148730474,0.726265144420144,1.1345404327562187,0.8538542379755921,0.11424585294533082,3
0.69639505912605,0.6691916448861809,1.1817919523825067,0.741093492962773,0.5985905254912727,0.2423154191726512,-0.17509593732701645,0.1543791032553913,0.5025104113650972,0.7210519739150606,1
0.9515595014674421,0.2514625658279219,0.9665908177832229,0.4367464199593254,0.5122691417853513,0.6598516018109756,0.2424690506349906,0.6824225913068035,0.8850412531807871,0.8190049303448188,1
0.9416275048060663,0.8918503990388685,0.8455117236660901,0.7117437460400089,0.5076589881303949,0.9802336561923728,0.2564879151052114,0.7078412160577974,0.39541170404708514,0.18282246143248104,0
0.28074924152344966,0.15198956760079968,0.7462276630672435,0.9733307128006088,0.8547905341816351,0.7828158450372729,0.47819276183194664,0.3204432848460911,0.6199725641809051,0.641952080846189,3
0.18484744962193927,0.21736530017170438,0.8237353971819078,0.2004969365219013,0.7451016384540087,0.07124136238527919,0.7754495995216517,0.09078996007062418,0.2914546668701153,0.7685848306091145,0
0.8114112337486142,0.7981209406222186,0.8056374392183259,0.5365289836618318,0.5837132402205814,0.8369744344401535,0.02218434156690223,0.8184469207848616,0.7020315620002461,0.4755628883997974,0
0.21185620212419393,0.5060037687473043,0.028534284372277785,0.3199438104210798,0.09215496726808148,0.5518821955111837,0.7146291151843076,0.11689937258493882,0.9330245349640687,0.00479667885045177,1
0.7888306044819493,0.9938286891315264,0.7097731454450596,0.5816627414627998,0.6172055402615289,0.7441376470198912,0.25156659888721333,0.5998527276854699,0.6810426384123628,0.3978369456294635,0
1.4352253680455291,0.4874950863006987,0.7299143192642322,-0.075240539767579,1.1162506552405878,0.13270483042354647,0.7855913904543305,0.7351887903433505,1.094044615132241,0.3782640863702966,0
0.531226834729619,0.815054821517974,0.5425291481621196,0.3637947232806451,0.43979639548262506,0.7910905163780727,0.1525330745588132,0.8107725752637053,0.3600904000728049,0.38382731395049086,2
0.45407732547254853,0.5211958602708052,0.2259585087113523,0.6335121423720218,0.7707595837849236,0.9181319886991888,0.02351375044122085,0.6536569163362874,0.9688087940015697,0.16837703499891915,0
0.8562230521224927,0.7368839618551972,0.9479731303541317,-0.022710306586116835,0.47719524978158084,0.24441817370697644,-0.04381066286685176,0.023288612786553586,0.8153672506686425,0.4243877759314778,2
0.8896301556896604,0.19284558672061983,0.8343876795501367,0.15618018697650587,0.9441831716768675,0.44359816017819087,0.8954752235975026,0.9071438870758883,0.4979302484118222,0.6260293310170348,0
0.3475509793996974,0.17447781212275548,0.6545257950557019,0.8062228420225654,0.8409621868008297,0.8990837745467037,0.5768155673447389,0.22098245438655464,0.5909916801388598,0.7244958001600115,3
0.9589327175268971,0.49401181353313023,0.8079334699068069,0.4941029318796122,0.0784724673688671,0.5563631624635132,0.8963513589934156,0.6012187873026003,0.4388547855762055,0.09590083224816108,0
0.18444194436083822,0.6970660032238265,0.11811198543365485,0.16352995295070974,0.02004945582192222,0.40913164608844843,0.8110027658027714,0.2325416220615429,1.0516817481073626,0.054253948449577025,1
1.0038927211364466,0.9553188199275382,1.0335850128028712,0.6047888570859232,0.822763720079361,0.7964399833866274,0.0973538560790106,0.972800595815247,0.6604606783146156,0.3832404461088442,0
-0.14917243889901727,0.3367899729969878,0.4216271334159586,0.39213893762531277,0.8560447414638716,0.6300120939451277,0.4167614618730836,0.6870970715803794,0.7294497809291248,0.6726967730750253,2
-0.03131572482471088,0.14730096070630394,0.6491041687610838,0.31863822156376614,0.01946875145516594,0.15153254675269245,0.5398385629754728,0.2080061947821231,0.7009640099987046,0.7726218827840147,0
0.5037941262973161,0.7305651053075488,0.7778577897730987,0.8683200705864762,0.6073871532337445,0.4012450206288328,0.44309396269856766,0.38112308275672746,0.20071758717399954,0.07998471717860955,1
0.360765470495371,0.2902583248155577,0.5719660326970338,0.7789298734164671,0.11679119516686959,0.652071943284826,0.239491643503486,0.5615551512240081,0.27155052720125505,0.6854034718950154,3
0.46036823770790763,0.565473346363688,0.2612916386358306,0.6404044104486333,0.7979057362730128,0.9012878288396629,0.04476422904037597,0.661853889750109,1.0039239759736884,0.18045403719943318,0
0.04059576078475688,0.7990954409402544,0.4180912878213611,0.5559823233748018,0.5646977502570025,0.9901173336983469,0.5581794826138462,0.017491484863770893,1.1111523602654938,0.08661055680829097,0
0.18528948696007141,0.14379744626514634,0.6470026294473281,0.9543519023884599,0.9278797235134562,0.7621615001884863,0.7237847327057423,-0.024221836477877512,0.4443907607863804,0.5423773012078855,3
0.5704194988177236,0.27949111796643594,1.1877330590205522,0.797316382299268,0.1873489382292064,0.7602758778718639,0.9802042829143699,0.375243094097931,0.4719762900360262,-0.18279897989383515,0
0.6842545277091863,0.9052034411915395,0.8597521488382902,1.4017601719840862,0.5502371332034764,0.14622560468903686,0.7894750522037518,0.3817241949790786,0.10343313165618438,0.5949785821717293,3
1.2547405879281952,0.9131783545829084,0.37176102921097554,0.09755581853531062,0.8107493325601793,0.9102933640685881,0.7162734351002935,0.47594420600772663,1.1201843790497747,0.31020108017907044,0
-0.24503726313167423,0.9091543664267709,0.7569666524889929,0.5238575784065975,1.310330532956426,0.49538394907268335,1.0888624355959058,0.659735205148477,-0.0425919781684434,0.23830901215331018,2
-0.037555822421540236,0.7341760293626524,0.18951868403520233,1.0447424306626232,-0.22043351144334994,0.2698433235840941,0.23397196770143683,0.27245123172358826,0.5754285336527748,1.0216684791858823,1
0.1556732270260447,0.5705926750257525,0.05726271680348044,0.1922435573629784,0.04115800126971004,0.46625882448476147,0.7548950806133045,0.06082676975852655,0.9401547143828709,0.03832329112886579,1
0.7768004893445247,0.36652535733297253,0.835129786040491,0.23921929801023917,0.9742870030165983,0.38095513486548715,0.5983342310866515,1.0798982107488344,0.6685170499366266,0.421338938625448,0
0.45366766288052507,0.12224282025488459,0.6085868993768764,0.16515979207439418,1.0065808081316052,0.027638615621211036,0.5748672614814917,0.7544200902086068,0.8069403801579333,0.15289355225430348,0
0.873945410792029,0.10358579486910316,0.3270807275058935,0.8297471593254102,0.5687064855127933,1.249025393618115,0.8007091150681085,0.29913357463959334,0.3949749586099018,0.8641717277882554,1
-0.05454225937698243,0.305217542548362,1.0722171638537485,0.4982217087319355,0.11496207431550332,0.7077926213812679,0.10978987251985164,0.16468356922866684,1.1186326329475356,1.2160413505159973,0
0.48241049052046225,-0.27121435920190096,0.8763869423915474,0.25684441108267936,0.8193560504211952,0.5167730145795796,-0.3765861307474592,0.8734043358057222,0.034659864657773376,0.9392104404504072,0
0.17215500545201373,0.23299969396835188,0.26630965920685185,0.7694377083140078,0.9365872279700321,0.30504305166182816,0.48958017075906357,0.7972026765036594,0.6581219507557108,0.255221633144313,3
0.022838486206147583,0.6269976179832889,0.1646352984805706,0.9518374769803467,0.03865026078057911,0.3819818922562316,0.24510125053315945,0.23245487866155554,0.483468339142125,0.8907403572648765,1
0.10779473710663998,0.8573376086998116,0.8183391207220637,0.813157054761973,0.5317325047338173,0.780088018448723,0.15805675017156798,0.8365084810620581,0.5801900860594228,0.6045844428279065,3
-0.12565024710841433,0.4061045241840304,1.319496180299521,0.679791927976963,0.19855164142440923,0.4070482856417758,0.5801348462191223,0.5194211812609999,0.9793292238762095,-0.28990466838305984,3
0.7158277898731975,0.2471368707129381,1.082208366553377,-0.23341442624591968,1.3105012281044353,0.3495367225364535,0.4667917981520843,0.9175541382524168,0.21143651582389222,0.18393995267305907,1
0.10034884248995998,0.3142109532053941,0.4088753844882275,0.14430974526470752,1.078972196020674,0.6201505764132768,0.3008366341100043,0.7372743426032757,0.824147513247255,0.5636438553883184,2
0.4538156648327805,0.6351382773646856,0.8483168489056443,0.9372389062318894,0.20319094202497445,0.17089882038752074,0.27506816393347655,0.6283336139976022,0.12381919127895785,0.2023254772385067,3
0.12139913402515116,0.20898645264224147,0.29896844230681424,0.7502444469428015,0.8916030075251433,0.2721247388705638,0.4326697790744549,0.8128845424762393,0.6573804827343737,0.2864883942095676,3
0.5846399714417048,0.7217262815419752,0.9421550440860826,0.23535881428696087,0.8370602303044651,1.208726627846587,0.579827265546039,0.732878160641391,0.13024171782593566,-0.08990777109451997,1
-0.1580571373955463,0.7613245495242772,0.7536766738476479,0.2890734918135115,-0.07266618665948926,0.1825674728276431,0.7150725078695965,1.1684032544516467,0.7614885258801736,-0.05152943710484448,3
0.07613035602678095,0.8758449358746373,0.893552272293993,0.27972583336075163,0.12719272240534135,0.2866396725237231,0.7385717695534237,0.9620944961831428,0.6958200549498454,0.06268161291551082,3
0.5993092272183176,0.5790664547227178,0.8668562699261274,0.5086389251819521,0.49540737761399395,0.6484227725689307,0.5395748986554232,0.5673458049827144,0.17666182467093774,0.4044251098402845,3
0.9569961397894536,0.21706921789145162,0.9462781852021518,0.4726256170430606,0.6868024906416319,0.6011878359311424,0.062232940355847616,0.6780648668531765,0.8959792401687187,0.8543456248790834,1
0.6905151497057227,0.8127030460105692,0.9549041422120784,0.5135028764938627,0.45122422326426326,0.950497449568726,0.3329269700462294,0.7408525696582875,0.596746465251996,0.4246107344348552,0
0.6871537694387658,0.2972054159177342,0.9404828344756636,-0.045720546015245056,0.8424622718954438,0.16191185751804135,0.9614390917624305,0.6266125322091554,0.6123192096208151,0.9331330389198913,0
0.17305843364629547,0.22811018672940306,0.7875958824147448,0.2147880252149752,0.7777935907583184,0.08627479534554258,0.7530289668532564,0.1047287116697374,0.31000219126405487,0.7402414170779122,0
0.5015376359317094,0.5312493356381702,0.25677312739433694,0.6786620219336094,0.7895593980044023,0.9042896931921733,0.05776205255969085,0.6243953956609305,0.9442235618837986,0.15187122947175452,0
0.1789061809294542,0.20478542505617597,0.26323503665915465,0.7943744410921642,0.941799001478774,0.30005581897456696,0.4285647549817061,0.8022460104482405,0.6310136915779275,0.2384616245916134,3
0.10637401049068597,0.8578676110964903,0.8174930122638969,0.8094436676469668,0.5355245283578857,0.7808019347536398,0.1560295549883174,0.8335218737461151,0.5777429769195496,0.6109829450434388,3
0.4651928665955933,0.03128525106349912,0.22197433581887094,0.36784772619862866,0.3031038191360045,0.5729898279721766,0.4008566313845768,0.9184029330210774,0.38772453845743143,0.07335538325464319,3
0.8696230381923322,0.8246095547272158,0.8713296740003437,0.6334932135839868,0.6096491337775463,0.8025860007095127,0.12388282607893565,0.7564464179444292,0.689112461462744,0.5113827743315478,0
0.28195701388519734,0.07429874368904935,0.9964173700003499,0.921813610687781,0.6046729061301702,0.6775971484516922,0.2807115681070767,0.17805818471092905,0.5045753858869507,0.7029796940622529,0
0.7964506225129326,0.602731379707173,0.4985562465986301,0.029580088074424065,0.5346165824240391,0.042659591022287204,0.774906947428425,1.0203615704215527,0.8337202668213148,0.8463862107278688,1
0.5337750375331882,0.059380059918467,0.9524942742830069,0.2460459994016589,0.5376973389020357,0.9959465628253239,-0.08786619940765727,0.641276685566362,1.1844533890741062,1.1278180346534799,0
0.39086891042354865,0.20183617941055124,0.6447583404473026,0.9001817854637716,0.8468667706275609,0.8747184849785254,0.5746678519598977,0.2214944434167955,0.5032936110560134,0.8138830748194418,3
0.8579178403825388,0.40985383171814105,0.7987368723784204,0.5745336467769944,0.7136028173450022,0.27976475171900456,0.7102749958590224,0.9910684731044139,1.0031234502339028,0.5219709442345589,0
1.164028356183007,0.4073306287053427,0.9437080512578051,-0.0054940865395967375,1.163325046550019,0.09890362760647525,0.260455387200337,0.7553167902033766,0.7602303161644604,0.7406334810650586,0
0.11246311643899852,0.2830925588230996,0.19553052048452274,0.6658479936476719,0.9312957355341765,0.20905085850165522,0.45376389690077173,0.8991741712040401,0.5706188102418802,0.314038692157103,3
0.3247736752247618,0.8683015345355749,0.438525221975894,0.12722426039930856,0.22814585662891826,0.9770460359018024,0.5851334388556162,0.2429142558400501,0.7845387567027995,0.635153915966482,1
0.1994698724476927,0.8122840747185149,0.7361575158375087,0.46860785383037684,0.42497998286707384,0.9889945837115547,0.055949561852694035,0.9018942942177255,0.1017324281663002,0.2818675939903759,3
0.20486502557244668,0.03294021657804316,0.8177566666703078,0.6524037097137374,1.1138165343569126,1.0619217111048338,0.3822937160837811,0.33542748092658004,0.8181909725750811,0.7416589662525317,3
-0.0626545184568128,1.3564326230459103,0.34248823596872435,0.8524714796063966,-0.024165865965627198,0.11484187246441428,0.8694134190414262,0.05731142664896102,0.6982279637984017,0.8449910346434845,0
0.4531686164219075,0.2914756403777288,1.1644145857718706,0.928444774040811,0.6036383873468365,0.923352656892918,0.2145538104687209,0.14316747435342514,0.713100261843115,0.8079977974983202,0
0.5332126718365742,0.8034467321845428,0.5337536436051671,0.35959348450794193,0.43822614202619936,0.788310734169566,0.16383073557981173,0.8143681251206244,0.34984253519128133,0.3883709804005115,2
0.07604648627080693,0.6627554871555437,0.1158044480948249,0.9859526292310062,0.07248422345390174,0.4348853478330406,0.20442291049808733,0.1819494539189593,0.4374912701422101,0.8699857798009338,1
0.5644325759609787,0.30034048769351457,0.5303416780593627,0.9024512684916222,1.0290086501185491,0.673533734963659,0.6710844057363283,0.47108756459844736,0.9872003125944755,0.27343081013868364,0
0.4763116473882788,0.6346747692575099,0.7740688388097995,1.0415407132111403,0.13289807204131923,0.06492620707743278,0.19229820446017304,0.5778019994592831,0.09492703806428195,0.225366516663937,3
0.5528490311484452,0.22220193525958926,0.18550967157475207,-0.4386832653274339,0.42672467677974923,-0.47714726655761935,0.5345980120064214,1.0286431074658053,1.2596975820730498,0.40637059746681586,1
0.932453330073183,0.1798695526821812,0.649570497483567,0.08115912658804557,0.46176420011533237,0.3451532618795664,0.11683199598944051,0.9539329949720395,0.9813921261555824,0.7753752194982202,2
0.8791648558856737,0.3246254856888723,0.7902845308025415,0.5215629150226494,0.7276971297961509,0.3322274898999,0.6948456623652555,1.0151171922020692,0.9238137499116608,0.5331029484147003,0
0.3905753879663766,0.5631162907899595,1.2809495551870649,0.9318256026123543,1.3651649011287974,0.9294544702766196,0.6479761036054611,0.1609576112935293,0.7873456925596402,0.6263736430476534,2
0.868837814355772,0.3878176182482681,0.8037241747555922,0.5680765549754196,0.7151773983095125,0.2744962171836121,0.7307630117465573,0.9786349948156526,0.9900499654067809,0.5201691112879991,0
0.6615437349595539,0.7280655125895352,1.2298799600808246,0.6094180233693804,0.7885339444377748,0.4537455550016625,0.3500336211989299,0.48912617559196003,0.21983792103439465,-0.2827000808498289,1
0.6396694073015928,0.7007674936803056,0.7961033211218566,1.0173029759452152,0.5451586083159774,0.5630765158227962,0.3454556681009986,0.12262958983728406,0.4279623360614855,-0.0944413097065285,1
0.9295758374116401,0.2430934736499441,0.9740479981290233,0.40779178985798864,0.5010759412973865,0.6352435894569678,0.16621404398241132,0.7416571789295836,0.84745815767633,0.8267313189883708,1
0.9164951697133759,0.6247287120749986,0.7805057307386593,0.19370749730918843,0.5266891133727458,0.47736368807496843,0.34118160626512745,0.4842586062991951,0.5257442917248115,0.6375845411246724,2
0.9186801774235059,0.2700650402569098,0.9396865153338028,0.44533484715366217,0.5294235768725791,0.6536745804928029,0.20596216716550433,0.7009112292535594,0.8488442017181493,0.8342892721815693,1
1.0857415199669536,0.6184635682727041,0.7512125423376906,0.5893502846317615,0.404726425517413,0.37482561171241185,1.2009645039624042,0.36566902612398616,0.12114696132860447,0.33601496593996044,0
0.6127073552648947,0.04277233113893785,0.8143741268913892,0.8456218602283293,0.4941189289461014,0.7700419568490584,0.0946506296532533,0.17396816227485162,0.6544387067461694,0.540664765147444,0
0.9521761763288683,0.30268706517079114,0.9754781867208868,0.5055651795062881,0.5556019539956317,0.6136917438845193,0.27531978020324976,0.6663275420734203,0.7768688122404329,0.8386248056962274,1
0.5259329604642058,0.00445017181193913,0.47287911117096904,0.12262240839025884,0.022975132350542382,-0.01591749622612748,1.0625068961921829,0.42673074568487596,0.44262051345678266,0.46925917732397787,0
0.7642016201102612,0.558084506913996,0.7316686954968363,0.3877397909292367,0.6050551748590883,1.211800759953606,0.4471467744184443,1.2208223537866911,0.3042714346985047,0.17899563551032338,1
1.1151144990916204,0.3020736307783661,0.08851917527274406,0.0051910331330147635,0.33954973824373735,0.38754265094500456,0.865551350192689,0.7714704730129608,0.3578265151941944,1.0646303514237185,1
0.7521543739016949,0.7892301165141153,1.315510378634839,1.1233703053628232,0.21828821250122127,0.7054902568995033,0.13006755590501545,0.8509237130685592,0.4022876171414991,0.37731918398690595,1
0.6070065838752841,-0.5026313154200551,0.9012525904877582,0.7145004025828393,0.8218145630261118,-0.17184975473935019,0.9481701036980212,1.326772438745285,0.47243361143694784,-0.1957045823108885,0
0.20628026007515893,-0.320456952488062,0.14166574178753916,0.720862349730087,0.42052368120080863,0.15474337576528974,-0.08288974937049925,0.8221140180367802,0.8467084843904148,0.26714030192265686,0
0.10633847005484852,0.853844690655131,0.8166817465207796,0.8083313984792285,0.5313671007550127,0.7798682815489405,0.15301545329231203,0.8346950875690995,0.5757886934973919,0.6055432383939712,3
0.30807020305592137,0.791507131692234,1.0097359708251117,0.447308972943363,0.9948753647202465,0.8901557645553642,0.9064186640203603,0.6048958457144313,0.7828520943809714,0.8691642819532199,2
0.8767365922368969,0.37787971558425415,0.8107429915165447,0.5760698375799433,0.7136797274383145,0.26707881319514454,0.7287125785925881,0.9851099947283559,0.9985449137286413,0.5288137930071097,0
0.24297164874717622,-0.1445596343695212,1.1055537903278185,0.6524416130365023,0.5498889301145674,0.8688628983569915,0.19464229944553332,-0.021221857153165366,0.7278238302627532,0.8039957538335661,0
0.10038945349349916,0.8419907297585283,0.8092946079434084,0.8071901289674048,0.5340525519107241,0.7788917764151242,0.14261459353647962,0.8311842386326846,0.5750850158356478,0.6007427632283716,3
0.3255156343520588,0.0831549348204682,0.6741207335786259,0.9215311163141429,0.7678707705123612,0.8421467125007812,0.4979498651237476,0.22704976108251,0.5033057346072227,0.7489616277186442,3
0.2866016339090244,0.7101458860988339,0.05903906659705527,0.2991565755590428,0.13539581477942003,0.5092607642010542,0.5753179294259225,0.19360871239416458,1.06796377958959,-0.08640248015816547,1
0.5310542318998331,0.8023518978968781,0.5308922645442767,0.36444030213635176,0.43647484979707524,0.7944050473205329,0.15390100350188615,0.8210304981953567,0.3495084493719058,0.3866171663464654,2
-0.011205297504095954,0.08156879148439419,0.6415720934819652,0.2891806889401386,0.04837164042804698,0.20251331417788257,0.5716218562841856,0.20810629970525138,0.7042583803131058,0.7940330142066595,0
0.15040115713501578,0.7262887198423716,0.8688933616630182,0.3719898375850985,-0.026229495752668988,0.05289477719740471,0.7800681198707594,1.3315545456043154,0.7005848085133927,0.49144321186624074,3
0.13004443694051307,0.1845027386349828,0.2788208819693571,0.730110593404796,0.8782628773612937,0.2501754831940151,0.4486134552133476,0.8308330604156221,0.6475913329216826,0.27825112781413475,3
0.5342846874249328,0.8041007594191432,0.5338350681507911,0.36109379829496313,0.43796587626937833,0.7882959529961752,0.1618265595339535,0.8147168745239335,0.3485406867276021,0.3888995538844581,2
0.5425640841630561,0.4783034034570186,0.7035498357448691,0.2741571326149799,0.5277887617201236,0.695799025963304,0.8545040751179741,0.30980300980822284,0.07823887013751353,0.2328094479749987,3
0.8789459840756902,0.3921324230659798,0.6253384704516541,0.06180130966694716,1.1852392318786078,0.49290324603987967,0.5590218655313606,1.0458432474962613,0.7921216842896149,0.7227253356046652,0
1.1371430463280188,0.8103336339437917,0.648100689475461,0.8350003083240953,0.7874802059591497,0.7791602440207374,0.36706108179035535,0.7909672362521571,0.5146871563675718,0.47747743323413633,0
0.4552800695563,0.6166625583766673,0.8589709346482299,0.9597683414588167,0.20791861967769612,0.1788896393438233,0.2907343065552531,0.6440484881277571,0.1478893842073843,0.2055634860121894,3
0.17239751718060792,0.21597396580377556,0.8271302291831919,0.19621989895235958,0.7640197589790579,0.08826220138907219,0.7741925836115198,0.07833680178181801,0.27847742243775614,0.7692930119617704,0
0.3853611048646884,0.21574611829250717,0.37165629696291874,0.6386650332685097,0.2706990001716278,0.23684250312023253,1.0622931872967136,0.08981763293962666,0.7801623299580805,0.2271024572865961,3
0.5366578853420261,0.8063503583130338,0.5318122346361759,0.3591622811034495,0.4418903743428354,0.7880324713704362,0.16002139260763643,0.814612423610763,0.34864576460326613,0.3885225290370673,2
0.5029382927266194,0.547275488100365,0.6590547822036554,0.9185105805168983,0.4111809830133711,-0.03388459362820051,0.5623817768389158,1.2587284323328891,0.5134934213748757,0.7237392588785192,2
0.7713343464778717,0.978666203038609,1.266965677868245,0.43836350103845506,0.6357471274105703,0.9760142453856862,-0.3061846395084084,0.8434781472457122,0.7891204038577322,0.8443867614241729,0
1.0982585143550636,0.34834660112253524,0.5611966025626176,1.0669009035698582,0.5224212795406272,0.6771163493894163,0.8987013265053714,0.7814955332868924,0.8503417894360076,0.6248682595200972,0
0.11786924546351084,0.4678437559285157,0.3118438060963592,0.9532052493898215,0.596804257029936,0.7801694657891936,0.357288530002433,0.07598452405247523,0.17023057957203222,0.05607754870224167,1
1.201119211489007,0.9571557346295323,0.25855963070304877,-0.06959342278794009,0.5658780660590935,1.1612061302948586,0.33843744525161373,0.6995611913468615,0.010687044916246807,0.04966204328157518,1
0.1919491063739437,0.956340340682524,0.699904735626749,0.36124157560778114,0.2819297979145694,0.00659786340759172,1.136321513686343,0.9606628717777141,0.6517351064988224,1.3153887236055772,2
0.7733486947000812,0.4740484002241854,0.7556971619770682,-0.01642079196336929,0.5586678860456397,0.6274630137634164,0.23257246265758524,1.2909796295602343,0.32609777729690137,0.0835412001493053,1
0.8782292347056619,0.40834903165085973,0.8467755529018755,0.607642452514621,0.7227760895406047,0.30968443865576617,0.7025486888529381,0.9874226700246906,0.9593650595517568,0.5931314363175131,0
0.17714569793142376,0.1722633082729831,0.31320523036634673,0.9318441260194257,0.23347156452217463,0.23313402752037804,0.19205651263869877,0.3259550200068949,-0.08667213070203722,0.45646366551752326,3
0.5248988302769348,0.8006248139174977,0.5345482234487624,0.36529142025757283,0.44690192300795406,0.7827009610730251,0.16868236086259464,0.8064756738576349,0.3476771716479238,0.3968067083453748,2
0.2130536158950876,0.886438030397098,0.9772747405307,0.5438662151206738,0.9004392995527416,0.9414731229487638,0.9590066931675644,0.5027277914210008,0.7350196087256147,0.8234150350301083,2
0.8688495608785106,0.5749462924586194,0.7043484625331445,0.21960611922180678,0.600709771898064,0.8806677261373402,0.5392614929609103,0.9606747858695451,0.2303454833776572,0.18048465784848366,1
0.29338650436783587,0.11172981406370697,0.604611165952449,0.9046172844745417,0.7441883867938448,0.8811760147838259,0.549963077062993,0.21184539978184866,0.5124847455993531,0.7885420714201509,3
0.2740368180110972,1.0130059091447823,0.4319723149101617,0.006273421436528995,0.18672980060872357,0.9242516472803036,0.547706142038209,0.22464338237839065,0.8020875214966358,0.5315597494762835,1
0.10708135873385385,0.8549044284800734,0.8281457921507459,0.8174392228079461,0.5294842549262998,0.7826229098335994,0.1608145802897116,0.8296695671233428,0.5826823123014236,0.5992936010939957,3
0.7305261423212246,0.015429226819439451,1.1262323353374857,0.643523556291266,0.569205619427465,0.333145752486263,0.7120798211188649,0.49915181497435634,0.21813386289177222,1.145022827901934,0
0.7963388447721756,0.4092301772688548,0.8793448183120632,0.4052547476213302,0.11268420310139363,0.4564907174045286,0.8614875786359999,0.6416158519537376,0.3210794011479304,0.11321001847988223,0
0.389067803086536,0.9467841923036514,0.9977897714561635,0.6651782962346839,0.6963776346837907,0.7941385462081878,1.0443150209620555,0.36123781232957836,0.920201804587628,0.7889077658212797,2
0.4470187588034482,0.07055029806181,0.93051623349442,0.8527084110335679,0.4788438838844027,0.773189674429207,0.2044438889508821,0.08226409553788389,0.5841649383774686,0.6015110135257884,0
0.8749301103737215,0.374209208267919,0.8052069401164174,0.5592910358837183,0.7292355771648654,0.26519883295111146,0.724160194085909,0.9702736169648073,1.0036349570919123,0.5309778694108437,0
0.444445877477174,0.03583549299026281,0.9523296192414468,0.8317692321626691,0.4655198359935937,0.7982065216389227,0.2092433256827457,0.07767889808116576,0.6309612852648818,0.590225919069313,0
-0.026795142065083828,1.1744621487752518,0.8494612375806201,0.6194750637008576,0.3248064445301687,0.5276067826305777,0.7764583048133209,1.0393333160209546,0.6062722378761504,0.4248272108823489,3
0.02764460874187713,0.6179726530176954,0.27883915603922227,-0.05746166195511848,0.25612845972265463,0.5536371820476981,0.946463225399495,0.12402987171137925,0.6764967484047057,0.217384986382699,1
1.2680011893016365,0.17002261898914264,1.3874472526918886,0.26784428169723307,0.001686121925128417,0.31747137468267783,0.2857011916591975,0.911002359531028,-0.201340186354513,0.6298757785684682,0
1.4355660944031703,-0.15529903082831698,0.11796030427575871,0.29283603368148103,0.16668040147711588,1.1161390589719509,0.4112889872962152,0.3343205341845189,0.5684117007108662,-0.09403401929333849,1
0.5328897002123946,0.8072223140469992,0.5308090903547337,0.3648697321481948,0.4369798754557223,0.7911880690352019,0.1623066409967864,0.8132958366116001,0.3474471306643908,0.3901267131359056,2
0.5235187104802896,0.19150525530832418,0.5421622737052831,0.4629623800887137,0.7429312696544047,0.523334862389935,0.025933148161445076,0.4890460887549095,0.3885456757283543,0.7262369429323736,0
0.36269436647778,0.04762352100739245,0.7013414059166512,0.2028922234172682,0.982983221133821,0.039216437022185247,0.6377076150776774,0.8767595798723006,0.7863266941901993,0.14135330106627067,0
0.9592587613063989,0.6330573859373523,0.8450140867549671,0.3094780226548687,0.6253356911192992,0.5391136936961505,0.3894648442910092,0.49169259755262057,0.36369021874196106,0.665108387136371,2
0.4010342133655844,0.5880435869181511,0.15707653126427878,0.7356571139856326,0.7608369027842617,0.9690811416402921,-0.005503903291534374,0.7097977507041986,0.9711193211463883,0.22895481607613527,0
0.21493615510258735,0.9975002743716171,0.8591353938985646,0.5299057196919175,0.4569590776854989,0.938407405400387,0.1487589814396834,0.9550701657176955,0.04446262306163299,0.2359899254881599,3
0.2981478837500871,0.6573915136757829,1.0685637748586452,0.5931714217377654,0.2911767877849176,0.5898279086538026,0.07171204360945305,0.1950017934224545,0.3081987203656668,0.9446142214102118,3
0.30968881030383016,0.08844520864682583,0.665508363942725,0.8202185997341456,0.7783763684317658,0.8845192240511479,0.5456859770349766,0.17074306479530865,0.5081337282858622,0.6826746839577023,3
1.0587612258882355,0.09494785045852416,0.6996619733770191,0.6562470913093182,0.21288054508316326,-0.07650388620089063,0.4302288019336039,1.1593179428087672,0.2927191881032475,0.5018691075371635,2
0.4433455248865395,0.04754245568718352,0.8884692786340099,0.8747827432138748,0.42131272952464605,0.7441214761409274,0.33520630701906107,0.15252170398696432,0.5227565413124329,0.5423772721459315,0
0.6017462239450522,0.613651530660002,-0.04910351082378106,0.340629066835904,1.0879315163091288,0.9606710061435902,0.7133121613243895,0.433548314911646,0.7111756480982226,-0.3215804046872487,1
0.8384411142668025,0.17102874992668474,0.6805586131596252,0.08178703320871666,0.4938263282992976,0.4150875338112782,0.2295693430891992,0.9586361020433553,0.8937312271507807,0.8299239464990533,2
0.11684283402171786,0.17244072293878504,0.28040469945282187,0.7372608594788219,0.8900402801143718,0.23816442784483788,0.4508152337526853,0.8449591441582487,0.6565158382134729,0.2951679338808498,3
0.009500760150206955,0.28813957610514146,0.9058631234857782,0.4559937874009612,0.4330630665026471,1.1168777508115686,-0.10515777901096052,-0.22788809054492137,0.32533706206123303,0.4503045958655283,3
0.03534781663234507,0.24931321845711846,0.2708470772404457,0.19448118344843002,0.9930019750009889,0.45717397856893827,0.2996893221937418,0.9437966890689768,0.849201413920893,0.6221164443832271,2
0.4989530096300468,0.035650977607680386,0.9622348357664466,0.8530901341847842,0.440285819270151,0.7239348711291625,0.2148106173427538,0.11264022984442337,0.637307271129395,0.6042519030288235,0
1.0983582227754547,0.07883281191023589,0.6062304313563504,0.7835702308672363,0.26480293795606247,0.28847244444978404,0.505298269231589,0.827117762620736,0.7575666751873225,0.36607493453257967,2
0.7067453473546663,0.5444320010484661,0.6564351035984798,0.2957004522205615,0.26551919474354313,0.4457563126096932,1.0036614037522407,0.4748953874343654,0.7058622859613449,0.8509510663980576,2
0.16930331152776845,0.6484084177891151,0.4274741460958821,0.07045310615249699,1.0007806235314025,0.44273136576307964,1.011876185339019,0.5111497036702193,0.1205090342869278,0.7831335330549415,2
0.9780227133297962,0.45886282893298486,0.23993180582953177,0.7809960549294128,1.4702041886588084,0.5513404826477849,-0.013122550371257147,0.7313225442027955,0.5056473749562074,1.0951662636991908,1
0.7757291380260252,0.6286162710676167,0.4686225227451514,0.09942513906639291,0.506257383186977,0.009761402569475386,0.8210332848158375,0.9627455781567692,0.7733459737682914,0.8393776154827954,1
0.5393661759032544,0.2717659756465598,0.08657933701865815,0.9768331798849801,0.43455722386272505,0.7829317167071271,0.9835722306155597,0.6618663661253518,0.5110258569141627,0.01306810215113322,1
0.6767654553934986,0.9260772141680887,0.1038078350574424,0.464034838626348,0.5770710374598955,0.33062786498842145,0.32576085634121543,0.048195325655476184,0.5671649056811717,-0.12331536102253032,0
0.23549549576238837,0.2693638440943409,0.3210973653384072,0.12664102222420087,0.471886643561118,0.7448357187355931,0.27220100278065235,0.020460058708199343,0.6868454348170503,0.7914035385604207,2
0.9316657163709108,0.5070613283605243,0.7135444120503506,0.19085468388360644,0.6446462470765624,0.9467568650336396,0.4521550503321318,0.9888904610821497,0.29230513423090265,0.17615746256882128,1
0.8035717544946352,0.7802227092405584,0.8400769861985571,0.62065604517005,0.5739965657541412,0.7711054579547897,0.0542665949670372,0.7608346022625578,0.6924287734653174,0.5546392746537679,0
0.6849347800194917,0.8298145448088682,0.14305223882119422,0.7505079651017297,0.47660835289861664,0.41378660806143713,0.5864362019167156,0.10162442575794794,0.5266831759117329,-0.0026608602911129663,0
0.4419224062950391,0.0030469946044278584,0.19678894238343722,0.3137571704721327,0.5298470580974781,0.7898123909669515,0.215874030503458,1.2206385168935532,0.2544584554684884,-0.0785389415451706,3
0.14302504755017736,0.20670591959877638,0.27239771525248735,0.7122376180892566,0.8775689385072885,0.25651603507205806,0.44137307054920016,0.815029770610818,0.6392863407792253,0.2768896915313834,3
0.7392304138022301,0.3297155765543679,0.8431322334504623,0.44748192248559643,0.03376470501487778,0.4616851585755608,0.7921178000117249,0.6152684729352929,0.34713778361984204,0.19309075755210045,0
0.14728214797850736,0.6591315759386644,0.29726294230164396,0.5368771860313031,0.5064372257553278,0.8151539771541398,0.5555567435945523,0.021371801488958106,1.0016629120526206,0.209932373571736,0
0.1926518412464589,0.7636095906948285,0.2654949432294396,0.6106734584545301,0.4139809166811831,0.9036562503617489,0.6191900019117885,-0.06509026764446052,0.9859786274312973,0.26251698770134735,0
0.3696140564053906,0.05052486702747115,0.7140750825295297,0.24777704562086617,0.9550035853740415,0.057914871160721346,0.7232249553877453,0.7786126341768951,0.939733511960031,0.2882408640724293,0
0.8909622007986235,0.41335818215774767,0.7832296496700532,0.6116732017980904,0.6711669883461268,0.2587297201322183,0.7314525159887166,1.0052679002545777,1.0045174425184662,0.5649135762667473,0
-0.4768013918891211,0.6147121621455299,1.1171970770211677,0.3476752830332342,1.4526907173675512,1.2481719833128748,1.3541959784737485,1.0594774147432213,0.26389896161933757,1.091589280326872,2
0.533685682484232,0.8042544579727513,0.5339075828091421,0.3606708899409793,0.43875974564167014,0.7882056241557786,0.16283544599976954,0.8154309704355116,0.3496192319533074,0.38892099875701164,2
0.9140006063634318,0.2645201797482507,0.5774766735573167,0.6518093367111918,0.10248098799891586,0.13537108270995352,0.3414578268981671,0.9523117532919009,0.5544854369291422,0.626325027748105,2
1.1391804220389397,0.20380383700013288,0.9166543285616786,0.42216138446910556,0.5550990341103499,0.5018640988003644,0.41056645493619126,0.745135555460911,0.8269242873558141,0.9475058149326216,1
0.8398651520388918,0.1534047505598902,0.6458335745752483,0.08862164479628941,0.5294071116380947,0.38556260604338943,0.2046121860520538,0.9291150629204208,0.937988407558842,0.8229376578999219,2
0.761003676937472,-0.05254018459675236,0.8745060525148857,0.7155329114332595,0.20535748831869427,0.9264378833842307,0.09522335639979931,0.5863244650869168,0.7527442559686696,0.4642419336500791,1
0.8292933312652147,0.4043804452880414,0.061960006332768325,0.5549815607099344,0.46404761566563724,-0.1228374177497572,1.0803907834216844,0.6767944432810609,-0.32144017744971076,-0.03347279125106606,3
0.6305471273743612,0.09948433431843466,0.6334652148996789,0.47455084259551866,0.7245280595965041,0.6624020609870691,-0.024216013551711546,0.6306783115439238,0.5116165312976395,0.7227188670091235,0
0.5473408138869463,0.3040919266343331,0.050740378525668504,0.9870068570394703,0.45725981366954555,0.7625680201412642,0.972636662842338,0.6882936755274492,0.5456106866181946,0.042213849909590956,1
0.8328838794754536,0.1973609708565531,0.5437444552986307,0.5435926896111404,0.15022966459835357,0.10612332178292179,0.25238361246450985,0.9103806733467055,0.5376365178885172,0.6165200134632499,2
0.25505625452244873,0.140629385702759,0.7156693796866698,0.18549494155309437,0.988874231467057,-0.1686881678226314,0.764937462390558,1.0392340189213696,0.9660192157782826,0.15146305162260484,0
1.1412625930516391,0.4517578209279641,0.3093226459408368,1.2944018772015031,0.8094645437261492,0.402113559866807,1.3824983726564428,0.4494277429218286,1.2137338889405864,0.7175095567951049,0
0.9356863109030114,0.2010281116411417,0.5044100411355477,0.49584837765164047,0.10356774054103668,0.11498317145770863,0.30994446349703536,1.0463486675103142,0.4732622364114191,0.625100688101586,2
0.11422895620095481,0.8526643641457462,0.8288730164785328,0.8197817421960681,0.5298228491671705,0.777387710341045,0.1408069280631254,0.8254083092375261,0.5860213877624934,0.5951366359510258,3
0.1664111490211146,0.2079555552137756,0.33128921917990667,0.6693012010555492,0.8884925680006966,0.296979226302049,0.4115993269786413,0.7949820979770306,0.6079086237370533,0.31106728227801433,3
0.8699465030863056,0.3249911480713061,0.9189073217755594,0.4968922261509646,0.5022196818071902,0.7023389554912032,0.22789323738669337,0.6657279051918453,0.8151620723395012,0.8945820042870866,1
-0.008120174181141375,0.06071917038074886,0.6410930341913539,0.27663883033618364,0.02212026053738453,0.25336332013591223,0.5675958112427039,0.2508719239120079,0.6456359003873745,0.7610857182400766,0
0.8569665806386277,0.16580013753768963,0.4620632004752192,0.4989201295082576,0.009362203836322802,0.48459792603098667,1.0079096909764818,0.3989919356121575,1.0054699647570942,0.7792127449228406,2
0.4159729882818042,-0.008231046048615333,0.9357578762229084,0.9705090801342897,0.4460672827718447,0.7652247073597126,0.24238430813197748,0.06736619801809621,0.6344380847358625,0.6498862682330008,0
0.3816496553530989,0.7369527186612842,0.11092857342449138,0.5092432821466055,0.34219285528867655,0.2999368297425996,0.8158034014961294,-0.05136349011659033,0.928646753396508,-0.12088302871433118,1
0.9035348375759658,0.4151020120767856,0.9495432290625624,0.11363972008857293,0.9536385637143058,0.49319508732842116,0.7103455379842815,0.9502924053259966,0.7834857594960138,0.5047338050093386,0
0.5733031544430863,1.157310729668556,0.8916936119952751,0.09890224082778182,0.2705670233590137,0.49405954635771243,0.5205716617553687,0.6369035178813381,-0.28324245388361785,0.4266438043232761,3
0.42793260547287454,0.23929726936792772,0.5859361805943663,0.9806108716463049,0.6648003579420056,0.9108807719952084,0.49260312233054393,0.08886178891353386,0.5740586432839975,0.7509074511880031,3
0.837861151528654,1.0820808665562813,0.6105067249061725,0.9727998271282774,0.7803796146840661,1.9139501199596523,0.391337910400108,-0.3181296333513366,1.7305327416526395,0.9364934058982528,2
0.839270076500494,0.7478605417462589,0.7812926774895962,0.7957561750556447,0.7092164348862101,0.9369324490195907,-0.15193312257522124,0.9283904842129707,0.4896086448766285,0.4504272888729718,0
0.8001694825593056,0.2354892057609557,0.9808581414651186,0.5668474234748917,0.5161798084632538,0.7669641770125882,0.17459152005566858,0.7708499550389475,0.7701241811342228,0.9157326656975375,1
-0.08058440127780338,0.929304039283323,0.7703237950145206,0.4433578674748394,-0.018225874674483084,0.31375504917829894,0.7386340812345837,0.8175084090921656,0.636759079137555,0.12023632626580023,3
0.7829835547263588,0.6367708057803823,0.504259642416961,0.04298247775581824,0.5325592924789255,0.015929975046193492,0.8019905490367708,0.9883161182470989,0.7972600050551049,0.8035507100848697,1
0.2790594146095703,0.9046457245234255,0.33551576937916455,0.7495528474164851,0.8321087763136411,0.20593992105864933,0.8112996254436493,0.9140912828588121,0.27109416166205397,0.34435255091581046,2
0.8632315733287068,0.9251558775004265,0.8473327677988838,0.7265168347913443,0.6677022213257384,0.7938969371662271,0.12618262204162067,0.6783065640304013,0.6914430059924982,0.4963040576441502,0
0.2827146285408283,0.8979447955891895,0.35915023573891747,0.7719263031410956,0.8309535604132732,0.26315426584139673,0.8350011759291746,1.0071971074399229,0.23378089945544453,0.390391651511494,2
0.5319814947599975,0.41232590013236314,0.25558846916884936,-0.1899822932203729,-0.012826989144275283,0.4020400975165472,1.0799612752381957,0.5759916259131086,1.2415998123126997,0.2418186585453045,1
0.31021987184108585,0.1377602447408683,0.6317528589766508,0.854099103965047,0.7266393333112057,0.8732361981662393,0.5091914878246513,0.2489910738297628,0.5109855298846053,0.7108888978671007,3
0.8734695696797362,0.40882367068657965,0.8244446452732552,0.5702171858077888,0.7405086028833539,0.26134520054272015,0.7543766153533248,1.0012868487106532,0.9757165680087508,0.5272485936443263,0
0.5509098540432527,0.20613099860874118,0.4352056686500165,0.8687198082057009,0.8052104037907245,0.809281144284794,0.3374045980250629,-0.04516112577489234,0.6177877353984826,0.9734304968411799,3
0.8541061021676848,0.33951658017766767,0.7923922554021566,0.43394890785541773,0.020625332270069754,0.3437934015997836,0.8127695767757166,0.687939308938849,0.31850768394015266,0.1328759229247542,0
-0.041735674916353285,0.8970775791091777,0.9815192721648421,0.512835111440165,0.2624583761107455,0.3948727810752113,0.5836611968338676,1.0629642520375637,0.5298324235069904,0.0924685700417888,3
0.7108265086605398,0.2529778571124521,0.8840432207466978,0.34753397331947533,0.12798808432685047,0.4409024212253396,0.9490597409859548,0.6626499093103603,0.11016007534388031,0.20412339746734232,0
0.6505140124873157,0.8886854104634913,0.2515853855563125,-0.046252333954453634,0.6575005318649416,0.8186462962897589,0.8813831384517737,0.6334442064397778,0.09294938782426124,-0.21000700072441758,1
0.06585507300052704,0.3004445018076579,0.33752329732399955,0.2818421676842367,0.9658146549346727,0.5666528256986728,0.22313800421532276,0.8619855177049063,0.8343291575386841,0.5608405593579806,2
0.688197066431001,0.6355532510119455,0.8911288978019278,0.46577409180695317,1.2042636240225322,0.7447434699517823,0.5714436423625019,0.7827923530515575,0.48072384702241727,0.7930097379274041,0
0.9555263159242942,0.2842616525797293,0.7896025938478652,0.11933502116208694,1.0384432383945337,0.28484853258737175,0.5779452578716484,0.7413412246268662,0.7898726352505712,0.7469774369187898,0
0.620963066718202,0.527585860990284,0.8360090246397661,0.46192498660205333,0.41474683160429904,0.7671227695751849,0.6875520147643044,0.7115774862898584,0.08388157787825641,0.4905762889682068,3
0.9553913102854423,0.326744894393597,0.384292722294207,0.9864209251931801,0.613664261605679,0.545267475787097,0.9616844759258484,0.6634353335142088,0.9419418603920633,0.495854019037502,0
0.32597063511107205,0.6078261337483852,0.7548788922064543,0.7137117002643123,0.6176304224055433,0.36160623728248487,0.3878493018662766,0.46150207425246825,0.26276988188363926,0.2558076182574805,1
0.33718810552261447,0.11941005465184956,0.37763018347867644,0.1456592126460947,0.37139382068849935,0.6311478718483895,0.5865578001377398,0.043531187938023214,0.6672856953308457,0.7277089202918073,0
1.0723196254430434,0.5973755898944743,1.4429698169747356,-0.4156450178085903,0.6685991584965316,0.2335743883497356,1.6848184305597023,0.8030436311790163,-0.24990707113050237,0.0709610222014879,0
-0.2623638806410926,1.321065034786717,0.7067147073974172,1.4083694596300567,0.2150471870052728,0.8072377815879307,1.09792111443793,0.9841269818807632,0.36897129073551477,0.7819174956637499,1
0.8351137990104406,0.41790590838462893,0.8098113487224202,0.11411782627445005,0.6705019118698557,0.6863075908162033,0.5598803468539504,0.8989877248901721,0.12752161980064394,0.09844063106396275,1
-0.048992900719384766,0.9494255774398962,0.8741117933116395,0.4185268680639147,0.1515221887636488,0.4068998755545811,0.8521863049576417,0.916997396307584,0.7560397743878494,0.0918622208720875,3
0.12553586444415088,0.8426059541440609,0.7982533690283442,0.8338497132711957,0.555835914703246,0.7803342307948393,0.1483494811092984,0.8382329040267319,0.5645056061478394,0.6324866127461313,3
0.8912255378942623,0.3675466466557798,0.817052560973102,0.592223846635961,0.7084314005186575,0.3048205361061066,0.7035784218382066,0.9995675941444642,0.9892840125567638,0.5027048937506109,0
0.49865443002782917,0.6886656403394545,0.7624290883543814,0.8860211695783713,0.627703903362856,0.39840105355527783,0.4046965964158882,0.4235791494326493,0.21037878276258448,0.03393551043213122,1
0.47571470395125826,0.052157497530811114,0.9512301571754496,0.8660159442928158,0.4568472434857587,0.7648039139710626,0.24828310897846165,0.09966705209567549,0.6077713251835994,0.6201545634592015,0
0.8705793221272106,0.3890515986637116,0.800214582040983,0.5687434963570706,0.7093093125111365,0.27971528384654737,0.7341455502815504,0.9859376703569408,0.9966007620672522,0.5178843815262004,0
0.417083902001422,-0.03785129079603447,0.0672598834111704,0.7614049354201367,1.2827337295818533,-0.468266616542218,-0.05693324274309697,0.19162935774595868,0.7843221307050738,-0.4030365795252563,0
0.6291684327286996,-0.06665309412498548,0.9857050667726172,0.8695049617157051,0.31465859521318024,0.660212689197215,0.41570790772951094,0.25929013388842914,0.5637825657911042,0.6036935972230839,0
0.4846864232204011,0.0695226855285371,1.009626896788898,0.7800696996198363,0.397484045577365,0.6879119802109523,0.2770469730449407,0.1856715441335673,0.5727540981265471,0.6566931596217135,0
0.1982254940430544,0.9002286841071753,0.8564061469579681,0.5288373380676359,0.9644510149624539,1.0762782948814733,1.0007703003508448,0.6270390407465855,0.7833808973709234,0.8840991931785694,2
0.843151448685857,0.1780703187515881,0.5320642139588343,0.5517351189671209,0.1769745618271443,0.12638810078404042,0.27900106550389875,0.9246997295602758,0.5426130651144042,0.6178375277600112,2
0.7365446025625793,0.4028341274538377,0.5346920650196014,0.48781108555418684,1.295785318591299,0.12824923833161483,0.4922437038520219,0.4436922408398119,0.4066037281035796,0.8773444603641086,0
-0.08191061032661545,0.1323457190480104,0.10950448005954443,0.07188670737379305,-0.02594657942224808,-0.29329187590852124,0.26945472267638026,0.3204529960827517,0.28595385421024044,-0.6602225209247093,1
0.48026575107223984,0.04597956347720117,0.9532228410648689,0.8649087449768453,0.4621013342565616,0.7571117249433136,0.2590140289481701,0.11036895428354687,0.5968355592807013,0.6199148861272258,0
0.8618210592072383,0.93645222918686,0.5509113055168593,0.32235141791237815,0.7942393418024728,0.22798381635218806,0.04894340806528985,0.6464099268506507,0.15262767819747236,0.478074766320378,2
0.8637006561244303,0.3800331907357173,0.804356570779548,0.5705739345507196,0.7094558650661918,0.263615404497965,0.7184568557762105,0.9716726452184522,0.9920260652562427,0.5323160353994477,0
0.05717958313278225,0.6620245836680044,0.325922725198511,0.538524620856013,0.12929596773785446,0.7987818527812642,0.45275914571358,0.577215703104393,0.1463887423015178,0.7770715407645368,1
0.8810097545802382,0.39013762459584883,0.8026689715877294,0.5782337584259616,0.7196628506644359,0.2711322654468771,0.7285946317521645,0.9903907958626927,0.9976599110925166,0.5113916021723848,0
0.8832231358500755,0.2603815634973208,0.9740814018957724,0.4067765795035393,0.5685909021785559,0.6333641695379351,0.20498746893040462,0.6626987449316092,0.8888223232616982,0.7990745240149226,1
0.9273451407349929,0.3267190665590946,0.9054106542190791,0.3576540290095284,0.5470539414532016,0.6637648385591159,0.18346322504966528,0.6264771817292752,0.8862316074756875,0.7930323990410659,1
0.6699765538393719,0.9984415053221274,1.0512237109186886,0.7803509445694622,0.48539406778314964,0.8524233921215849,0.29020497517582267,0.6071539298523292,0.8442388875358231,0.5530670217546414,0
0.9406352094957963,0.456042265069314,0.5482118226770897,1.0256567109164005,0.7483277383480126,0.4987989295827181,1.1041037274240848,0.5578589922703112,0.9684884750527325,0.3338808060085092,0
0.5397363666088968,0.3675457187965976,0.6443004085011652,1.3926108849927403,0.38664436892215265,0.049544144925090516,0.04302887983857173,0.4769344602447909,-0.10788558752092198,0.10498254216712777,1
0.7428937371039304,0.7276429600253653,0.05327422448111689,0.6836871034445853,0.5279924603757304,0.4232322377413536,0.48037137082802284,-0.031150291400237493,0.5278775805376508,0.0677966730533426,0
-0.10584265635327372,0.6027586296400036,0.7300053984115276,-0.27377416647682234,-0.14726243906704228,1.2889692158883124,0.16429065823900518,-0.08889295681985881,0.6448268093704856,0.15404324981951378,1
0.0885520004697492,1.1187669363487647,1.5912342790810783,0.38972708639487824,0.2212418073118452,1.0945325419497158,0.4764359920346881,0.16511306955139682,0.4905211385826702,-0.35075968408359104,0
0.09100813155827481,0.4145918662408159,0.36573142136293546,0.0841429817793334,0.9291505322006497,0.5044182760168523,0.8845185468103683,0.38108574739920026,0.29949069487034385,0.7093313221751446,2
1.0376104855106938,0.545653025136511,0.16337164270383922,0.6666375357852369,0.1232629787098139,0.9345552145569561,0.8924450219808283,0.26779270892488233,0.4340367501383523,0.5164716393616926,1
0.7408089746285333,0.8560092697122073,0.8608675829475153,0.8815129366274257,0.6627064277629634,0.5623023861406912,0.4410191967389173,0.48450596231284554,0.016477408364603208,0.1674515909329884,1
-0.03455245617796848,0.6961689962408243,0.13783909622160503,0.8710830197260565,-0.010686019540335559,0.4698346863225462,0.3059280881220023,0.2125682768971076,0.5146272878713452,0.9918250088160322,1
0.15731204247560027,0.5995659258094729,0.039800352955725954,0.24830132262299398,0.08652980478830656,0.5111111322120107,0.6994126918919435,0.15300034005887944,0.979516324363188,0.039409434516285896,1
0.9841925838602923,0.7773935614242947,1.0672616191389266,0.7367653614089481,0.5657823089955283,0.6982211166025664,0.05969625591294023,0.6216859616126795,0.6683530860338436,0.625242352121889,0
0.7947280293855028,0.8050626514646531,0.8872157536887028,0.5921079519780492,0.5731593910495955,0.7838870369505327,0.07454899502782468,0.8254514872343363,0.7055641908574374,0.5161282812842712,0
0.5913146756660638,0.3085808091901081,0.04993107186089762,0.9807367540424974,0.44294119478987526,0.7646019119860602,1.0135465506887722,0.6206837937570773,0.48646902761363675,-0.00823385415959622,1
0.7961673266136193,0.09024716051161397,0.23079131118050777,1.1270779454932267,0.4233699094313405,-0.5056902171864274,-0.19715168281599083,1.1208974390517363,-0.7041767244877413,-0.564447644900755,3
0.3474707878546454,0.8153421175192082,0.5686520244022228,0.48327137221304395,-0.04806593116287816,0.5052990921048315,0.18752746662659958,0.719781888235286,-0.025468050440070444,0.24345403813187882,3
0.11811087512193331,0.23780547006050862,0.24884378659543194,0.75799618029268,0.8743770334436893,0.2157312441606433,0.43519369973513156,0.8902135204447874,0.5801537872277246,0.2730160237651348,3
0.11025714096357059,0.8643624670078871,0.8125843727890476,0.8021292091184408,0.5304476976542118,0.7809091634050015,0.15239249174882225,0.8319312438167152,0.571759700165209,0.6056485922742805,3
0.03038350737928822,0.11140895629072116,0.6621288506404746,0.22201370246919758,0.0017053816855159276,0.20002654771196518,0.6176612823155736,0.25685161778057386,0.6400420093855413,0.750014429472563,0
1.346948231154045,1.2482510098807127,0.40069491666524953,0.9412588560147744,-0.6224316939288237,1.3895019516955887,1.4502177549488857,1.4030571367650508,0.006803049659403759,-0.19682048334118024,0
0.5464339162509749,0.7985194954102811,0.5455861765878681,0.36197772128058103,0.4341600343643071,0.7875263349908562,0.17063697885405474,0.8078463120557106,0.3382319086718909,0.3805266494804235,2
0.930744946290733,0.9870330956784366,0.684127970639009,0.18230721706849923,0.19463261999278042,0.48316331180057226,0.515116104728041,0.3949506505398733,0.6003619735508356,-0.01322982283468875,1
0.25374297375215726,0.8152651666682549,0.7140965334700222,0.37486406507066206,0.8191767034507617,0.7189722218840475,0.6934722880114333,0.6076427555552374,0.7421070710293124,1.0039516170220315,2
0.8887168297501324,0.39145149212624397,0.9062130157689706,0.582731619200686,0.1985361435951687,0.26285420886704275,0.8757032411172136,0.6897845484145584,1.2028943481619696,0.42169919202437456,2
0.13229424117821323,0.9135521623969944,0.844472129151665,0.5927426639304842,0.46806863230603735,0.9133403028447796,0.19526993678317367,0.943016202384784,-0.01858876086962393,0.2250760772147866,3
-0.052130747305703246,0.4077323395797026,0.40213401203400856,0.5698364281269773,0.5120233502674001,0.5862164442910455,0.5913155410080713,0.24279160410760203,1.4988868307918535,0.401349648871995,1
0.3523832524815636,0.23303202377793972,0.2909922178547398,0.7396515787064076,0.2976765986360622,0.2996480493715428,1.0205140532896173,0.053462364717106095,0.850264217002651,0.2344092594106666,3
0.9367722181672172,0.4013292185963189,0.7817146716617763,0.35783164890449193,0.45745610086228905,0.5154396543609301,0.3393907900543134,0.654869149738717,0.9517560253806383,0.8584638175442106,1
0.1125397236284208,0.15282202562680694,0.390274774209578,0.3321852832443035,0.9232800702017375,0.45299975818017557,0.2582149224695303,0.8506760425356086,0.9930271817310539,0.500322248676717,2
1.0556432652773406,0.7440018097588569,0.9542907657292299,0.36518060286433385,0.5819542691854097,0.6385655158686838,0.382738204192863,0.4681158765194309,0.3537646991154826,0.6155243635332664,2
0.19559072464004273,0.7546244880703814,-0.5442829716528905,0.020650280910543106,1.0483932283012363,0.574444448429663,0.9713216550450591,-0.5857823360106335,-0.36080387857462204,0.09782705529263769,0
0.20750278360910318,0.9192206279168511,0.36299135689090056,0.11491231425468039,0.3032213853263376,0.9434440681146666,0.3806628317866144,0.3409687113780747,0.6526502464870081,0.5772871989813246,1
0.2996924204135747,1.1110789501071423,0.3910341945378221,0.7489728119133473,0.5171689481479136,0.25804381136758014,0.828947525928596,-0.09600738951978802,0.6068055594881545,0.7274089064564241,0
0.09322845111870273,0.4440715447652722,0.3269649143928918,0.9321699209067723,0.5737875427698597,0.7736679005790061,0.37645064302329584,0.0956207442737496,0.15920398495384602,0.05259571783188617,1
0.7528049119275677,0.6578031212128532,0.23781093542180015,-0.020240921307936643,0.4959623881734903,0.6254160159518084,1.2726147000324906,-0.02838402801134754,0.8072850483126001,0.743101426138495,2
0.21467376201986782,0.8106737691060395,0.5113475766550215,0.6092363479668371,0.05868752166416362,0.7686462438157192,0.5005702043783103,0.7427536457766867,0.05347631305501937,0.7991784742225637,1
0.13395398260144295,0.9063172878507212,0.869604941801099,0.5804924169008726,0.4464432654852904,0.8970226097748943,0.19485717579541434,0.9637024449216053,0.0007745348801912327,0.2324583031321074,3
0.8350377827596362,0.7786168481539242,0.3013394343757704,0.24371625564778746,0.7391112062414931,-0.03237128579605188,0.8962970139048254,0.9908726049585377,0.7976889287167437,0.6733304070397336,1
0.8904680948070305,0.407178277199192,1.1886743678007294,0.26243963982963253,0.34399921139914286,0.48083936375099684,0.2760954928497579,0.8852508472008338,1.0434521426825614,1.0059847683250336,1
0.8453686658852211,0.795467683501207,0.9065374871584918,0.6759222273124539,0.6160060591845206,0.803635728909487,0.09008598029741917,0.7875794485985479,0.6439476342614674,0.47749357326447345,0
0.5451656596294241,0.6802294150810998,0.7423850595430243,0.8857422706846058,0.7554321534955862,0.5172156205595186,0.2893723809996035,0.2542903540642818,0.34485431060704297,0.023553694297423364,1
0.8770760810331737,0.38664132336518015,0.7968004401491848,0.5692355552603934,0.7219342991165932,0.2747645041533712,0.7398060601882935,0.9724033257714202,0.9981722727501252,0.5290848720316242,0
0.3161411003029322,0.8439765174671552,0.37154093932604376,0.7766488308754971,0.8389251704253536,0.26943695583319344,0.903114207870081,0.9672186283336714,0.27668770283624605,0.42182085994694396,2
0.9126485224740086,0.27489237752136825,0.9279439013667331,0.4448218865014451,0.538689212336729,0.6554968311426648,0.21218144053845372,0.688349174450107,0.8409457489635654,0.8441013874628637,1
0.013026213944654298,0.0946829493604617,0.6257749507458622,0.25944103358322895,0.047918156624465476,0.23189503964087418,0.565810931490153,0.21821069218354736,0.6946990571224863,0.7825573734962634,0
0.8633108954867027,0.15534500097409135,0.6658120860503015,0.09295888813983365,0.5359310852977496,0.3896978997398114,0.2516536600959958,0.9570681814024046,0.9787766772991758,0.7898809095916108,2
0.10679991672589612,0.9469173748197186,0.863551523295955,0.5620620251945357,0.441942431005537,0.9305430417951789,0.17567769461509813,0.9840944945437747,-0.011749877816711718,0.1985840261508426,3
0.4016332665253408,0.870550337360617,0.3336422302638897,0.7463731479519007,0.996303134442893,0.41386150758521983,0.6776642633018064,0.7935381784754547,0.19786613854769436,0.44524157738665077,2
-0.005146421701805209,0.20569405668673857,0.23768405173757434,0.7496162033243156,0.7270730590553036,0.25097074250861023,0.27242691924186113,0.7028463277246058,0.6240557188080942,0.15722639988616574,3
0.9302311560015295,0.26344635641994907,0.9256668980279494,0.4473982373787918,0.5329358231802886,0.6465413906247092,0.20165276886510985,0.7020649643638702,0.8404763242407881,0.8296778662888571,1
0.8410899044537172,0.19588239268331906,0.5354080735388128,0.5482391065378607,0.15135849041885582,0.11458891899960903,0.2583828792008049,0.9120015992803072,0.5299894137289209,0.6106685745190887,2
0.1728093691302317,0.7918235176095463,0.09702344222390072,0.9616501789434453,0.12216686473056643,0.22994948961030148,0.250497764170403,0.23646307810934708,0.3174434885198892,0.8346603010862084,1
0.8211549347328738,0.3832155249399614,0.8268175670291351,0.5905444445346083,0.6798858141226268,0.24881768946453076,0.7427549080894572,0.9783789004223665,1.0213409838451368,0.47416492980682484,0
0.6365000651269096,0.8294363736960232,1.0254473666245403,0.897004909335214,0.6048750664559149,0.36824683052395757,0.5969356925509006,0.5164057809625912,0.0524946992052433,-0.033128624870811973,1
0.47105167025599864,0.8161842055747642,0.21384818275850714,0.8498989473844691,0.9598353078300964,0.33167048499520296,1.009544502130626,1.0391846182379065,0.20960519949451334,0.2893936901458807,2
-0.023654333909956693,1.1085823024448465,0.6755161355199887,1.232440034047692,0.7268077833708111,0.24896312168150056,0.9521743676220698,-0.23258154192600605,0.45893709944992345,0.6877895428128189,0
0.11432870046993887,0.8567837726136694,0.8156588965222478,0.8023800517156182,0.5348496036780607,0.7852576144254758,0.15635432930423843,0.8304033459344085,0.573388543790591,0.6131900195966989,3
0.6910292073710723,0.6341362738610669,0.08519737806757832,0.11164695761701607,0.17386805366220753,0.8781812809767886,1.1286698396732784,0.268489573275952,1.297640762118498,1.3703400971286588,2
0.5646079665248481,0.2696013264317539,0.0722880090480853,0.9663708719122692,0.43694374360675087,0.7895668198120751,0.9769904969000659,0.6719970406536911,0.4997328981534812,0.019796805643776314,1
-0.09617026593301636,0.2486321656142156,0.22511342592512382,0.47082215898612095,0.9111409173049094,0.7335756520676961,0.1906311700711563,0.8082263916186172,0.730899605016867,0.7522398253440503,2
0.35334234065669723,0.7202858615131404,0.9640255347796485,1.069064202323654,0.09699109745400443,0.17208752633591196,0.15785855847260238,0.6563071667590774,0.2289019727928474,0.06273068100373361,3
0.3543631358718394,0.026008202720049202,0.6389491123983121,0.2864334397989683,0.979209205987773,-0.008316997587555497,0.6582743163503727,0.8511849621050798,0.7754428121434921,0.13555667823336523,0
0.9090721001019548,0.5632915805313571,0.8061325960130791,0.22063227389480283,0.2945372590876342,0.7948552561731199,0.8011789104167086,0.8051216877424404,0.18030126969557708,0.2723236169033698,1
0.41394156768709417,0.6602854945647817,0.8208328288567025,0.9779057873515096,0.22030995914183304,0.19144828791304108,0.288890727688307,0.62259985400584,0.1598376061489518,0.24820904608653244,3
-0.06202699499913053,0.3350076269524854,0.4378052183889863,0.0807058933084126,1.128772531620176,0.20796074305880208,1.250376057050228,0.22883666526884108,0.23146986565373026,0.8762865713137498,2
0.8716876819661608,0.8056182324222354,0.8813771011593011,0.5940634045319155,0.549563991524836,0.8312540995587449,0.17454054028566984,0.7818505406673475,0.6822834619744688,0.4886943349670954,0
0.19524090118015663,1.0598675123334993,0.7166404064806591,1.314292944628479,0.5795243919843821,0.3671993565038352,0.8354750532081516,-0.0029640410476118317,0.4667844964748865,1.2197547302645533,0
0.44101280888729627,0.5057881453637472,0.20354989821353292,0.6201453860653222,0.849006816151994,1.0311050457883488,0.03506385252367794,0.569367723946076,0.9795183218371124,0.1503456185286892,0
0.028801448676123526,1.0083540642928865,0.9647289200150686,0.3210432207031589,0.11609172138045518,0.31323227337578036,0.9300777653729008,1.116183098661057,0.6231385643790073,0.18964368700916612,3
0.136518425448318,0.5945623810252272,-0.167911134141032,0.2551223507140694,0.2603803669452733,0.3431477754287353,0.70301443994723,0.265754950432319,1.1929777651915026,0.14199532888080837,1
0.6435897771047054,0.6436135468798085,0.2377238055557538,0.49475935966840284,0.7160469580083834,1.1130963937451777,-0.034976854427384824,0.4853721544768739,1.1676057502047217,0.04394080352048117,0
0.08792850712480639,0.17913749556779532,0.3124598422522831,0.7376778174182306,0.793921011362254,0.25518364149617384,0.3959356536356883,0.8371622685478931,0.5954785928045454,0.3613552985672971,3
0.0490611666648716,0.29678260741057083,0.36210257449744515,0.3023945719159444,0.9867886022381954,0.5801605583435014,0.2001250688121765,0.8802757235813333,0.7840431672699534,0.5935135688998652,2
0.832178943044293,0.3510264944076678,0.8660775977643562,0.5290285960949016,0.4702773429929773,0.5646651183641398,0.20688520622622092,0.7913100857169201,0.8148869848004242,0.8344002369671215,1
0.5869270016691142,0.4665329290388887,0.5700882310084795,0.3424705501869767,0.20572985418368994,0.6362529358593009,1.1238471634675908,0.3242197000202284,0.997626053876091,0.9255348830015723,2
0.11304402288611154,0.6506758906882042,0.08013657819536821,0.21215573502304438,0.07390509188655647,0.5216938400359538,0.7327992533578459,0.19246870087408827,0.9828788356430292,0.05257452675602594,1
0.20799934666358996,0.5051172668857872,0.04941021329721525,0.25959157371597363,0.16030975852635032,0.44965779726360866,0.6649367422940761,0.20591865734387316,0.9820086545868916,0.07217445132173302,1
0.6811066223280611,0.2974872444051594,0.8324257732153963,0.19000837927069564,-0.04481547172755587,0.4734622793931743,-0.06006669398353637,0.7835335528001901,0.610967439122686,0.9664058493210999,2
0.8663825800826519,0.5745831451577216,0.6953338470631105,0.21020018729656834,0.5958845680690514,0.8847222238347884,0.522243291989023,0.9729415829758838,0.23885527047452715,0.18488159509945618,1
0.1724893901219175,0.8586856182016096,0.5854368503535682,0.6014222500756854,0.1612236408620452,0.7771569766125808,0.4065893780162072,0.6109520304444305,0.06588817483133241,0.69794028709646,1
0.526954310717339,0.2919166489603912,0.06062485519723923,0.9668083619628874,0.4351895304322874,0.7738115218720311,0.9598474107319027,0.6702921269463282,0.5078106374244628,0.023061745122242513,1
0.2347893914781736,0.37953709450236545,0.6700712327366445,0.9981606115167001,0.46697720882457516,0.055986144820564215,0.15049966627602035,0.5690737443759898,-0.059984288831917865,0.5023344350020191,3
-0.030776417531019194,0.8932893993043174,0.9050710604167655,0.5660521932625514,6.097402502672211e-05,0.33446958034176755,0.6061217744028494,0.8606413759447235,0.5820395131904318,0.07151627808804718,3
0.6691302529920957,0.5832200890711704,0.5260012124951201,0.1235039908698422,0.48367998212594976,-0.012110184779492175,0.8307972444545763,0.8547657531261006,0.8840911543661802,0.7695176621838421,1
0.00918980353561748,0.5241928992486963,0.3151961718612265,0.16436891581725177,0.9554075773392754,0.47092567695814047,0.9670905596065373,0.37009090904783876,0.26350371978883114,0.6252756257115339,2
0.5269700619675539,0.29095131294865045,0.103447994181508,0.9448530119445914,0.4240833655548678,0.7883937970395345,0.9515869751206582,0.6364445807563032,0.48641439755903215,0.00710347289240967,1
0.21886419019529998,0.2442760560583554,0.48735132790566715,0.8375986891938563,0.4365499207732584,0.08006420763661404,0.06608683171547489,-0.07689551331472905,0.24015543143159207,1.153363597921123,1
1.0267836920255777,0.4574173208237927,0.8181841261531786,0.3223437932712325,0.9873550388122266,0.50667460995528,0.7300483340544144,0.7968708424517116,0.8501359456917823,0.6740762164976014,0
0.24840177643039166,0.18338786311406863,0.5890033189633508,0.08584615453022021,1.1213135697652135,-0.10754867109822323,0.5288879039583062,0.6385171411643039,0.5932118914984869,-0.007583775732912884,0
0.874319730415423,0.08393358428239978,0.4937631389877349,1.424591847499585,0.13385813952158998,0.5077158743617936,1.3974645226375613,0.3358293233163691,0.6612421815028526,-0.04815301994910559,0
0.45378137981152783,0.6197546941619091,0.8717480231049374,0.9445662626882512,0.19784222365516382,0.202672769631652,0.301358649853934,0.5847936534502576,0.09476281988259619,0.19993347187212934,3
0.15543411675867094,0.03679183913720947,0.3027690849747009,-0.16292449128351455,0.22674954998238142,0.4664674947768058,0.6612341757875895,0.07162752008195862,0.502880025477751,0.9050444910511688,0
0.6761792154794799,0.6117596541036677,0.6451062154551965,0.6511378470892097,0.4886805170773194,0.7978132620868468,0.28258976320557305,0.7377953084790084,0.14122535565720987,0.3077392966746948,2
0.6060169702620768,-0.11694720830665972,0.4023086544654946,0.6727401882384574,0.8694885726161252,0.7452153802067274,0.9286687063177032,0.5833457486484901,0.6626314640798199,0.618812213331422,1
0.19110520026661432,0.9772599701052872,1.0174504291114808,0.6649670783633815,0.5255205328887589,0.931331642133428,0.13427361366296026,1.1053139865219628,-0.12077596689455192,0.1925554391268772,3
0.8927932830584409,-0.08540994524315026,0.6100856813815402,0.12276533003950657,0.5839587679895779,0.4792510745271774,0.6251524989427395,1.2070592954661485,0.5916016544145483,0.19477775480992082,2
0.07333379461891346,0.704967045358205,0.9988753249359381,0.7683120129180115,0.3477427510390236,0.7578180774448083,0.15114655633038435,0.808575412193477,0.045366158364922506,0.10243163131599536,3
0.13276560519964717,0.19545868854233792,0.2823434587099237,0.7268447345917985,0.8690434240275708,0.2521192677305179,0.4451323031651637,0.832531147705583,0.6487413193480323,0.2939647065344859,3
-0.2899710584486171,1.0452503645731537,0.7910845157300972,0.22059637336295979,0.48622447055932105,-0.17871997311189636,0.9308469557753443,1.1014518315177964,1.126320386883058,0.027584154017819842,3
0.12505913359458715,0.20262858390856395,0.31110765232091314,0.7027527524436629,0.8925313516173902,0.261514194807704,0.44134999047783596,0.8478361915928156,0.6490864161427092,0.2938327275456773,3
0.14326158624314986,0.20126425586654867,0.2682750245101465,0.7418458423201829,0.8622701463804586,0.26596541963310605,0.4418217783765966,0.8504227018487128,0.6396905588387819,0.2934919812369924,3
0.30777493400509487,0.16288042928554303,0.42857860639690937,0.6800016711312962,0.9673169589885263,1.0459664516432772,0.36342197904977,0.17727469300144558,0.45802960925745845,0.6179003933355249,3
1.123389523640462,0.20119448025124484,0.5477233044222578,1.2169864844108158,0.5452106559497045,0.6482149234710677,0.710167132231921,0.3766448391959938,1.1070175031789682,0.6407731877997427,0
0.8327470785017587,0.3547997844579553,0.7764008742474706,0.5490248820544991,0.6757988370579928,0.2614657955891498,0.7077381146694012,0.9709575213489761,0.9937434881854903,0.5558978337339371,0
0.28791476828047524,0.6073121850610194,0.03095903014006684,0.14658801788117753,0.24568007829692454,0.4595631861803609,0.7399308479979843,0.13691422849957322,0.8283026575001311,0.07608544803070863,1
0.13479825791367564,0.16278096629663685,0.29625181970250786,0.7105584137935597,0.8952759334059787,0.27489941039312477,0.4545786979402182,0.8176671767798254,0.6424535507325968,0.2973068959596757,3
-0.0012262083946443809,0.10769641628012429,0.625574034858058,0.25846751650875716,0.03940018965980005,0.2154359634426253,0.5817596999826549,0.22718274391809448,0.6878846661187902,0.7779642237383914,0
0.11753999053076584,0.8610102038010216,0.8298918653011763,0.8179687221752916,0.5254451501955008,0.789520798478792,0.15221577897292593,0.8395957009767222,0.580822099371272,0.6004487188357575,3
1.0003516098174627,0.3572283346701089,0.4623509754552383,1.0648531912067742,0.6269263786288013,0.5341124955380973,1.0642523596954299,0.6385491152388245,0.8878530501987092,0.5008115679167381,0
0.1015554587238944,0.2868498259027794,0.43879131596712606,0.17489772773231188,1.0027729515849817,0.5555867798000929,0.13241596444984094,0.847835007816283,0.8904869698577437,0.6555459834433158,2
-0.10091148160615607,1.3801972962718614,0.6689622419321326,0.9284950078333064,0.2359401116000232,0.09295444026385691,0.449205783334137,0.6195060391337928,0.8547674569101841,-0.19778214905833236,3
0.571294275778629,-0.25435121047719067,1.5555294911619413,0.25385566741517285,0.9045549436866493,0.2208953535777598,0.33516578151452137,1.3261226241684714,-0.37453212722521445,0.8483904032441278,0
0.018933252914157424,0.12091732742726247,0.6654125237746885,0.274338005870442,0.03464430795402096,0.21358793353942662,0.5573807841735774,0.2650232221779484,0.7137782511484062,0.7466148404381602,0
0.16652206490353716,0.6832754369246111,-0.013999933996369833,0.20157147145567839,0.055313249173848444,0.5335664282476718,0.7476491390192023,0.08621261244887003,1.052048512650087,0.00012721323106446025,1
0.18139068387554033,0.6942934426449774,0.9078097388288988,0.4398969488969054,0.032526589896433075,0.567842866645831,0.8479861411724017,0.7759371058895805,0.8988698325799462,0.23722515940345423,3
0.13761764442735944,0.16761656495318916,0.7948738624198224,0.24019079889837552,0.7363782112609346,0.06993698581900183,0.7717260887894888,0.07538692256483114,0.27177201074055823,0.7831596614285395,0
0.9446170962796556,0.6406760554260257,0.8508107050451988,0.32687226591603147,0.6408358106337042,0.552850442119721,0.39550830704757617,0.47315005636023305,0.3683173049783128,0.6459377573366849,2
0.9443438517200363,0.2730477566149205,1.2781351975932507,-0.22308182375514096,0.6107858255390799,0.03845226866438739,1.0447418009269225,0.5238751217726794,0.6933581887288556,0.2065857592787212,0
0.6983698358343535,0.17844900913447517,0.775547116173603,1.397226588264917,0.26717711390979587,-0.011351269635453187,1.4599134366752464,0.550622638150454,0.6225501692094272,0.9349152501249374,0
0.532788643186371,0.8223089416497537,0.5427891291655523,0.3484196274764892,0.45685714447699055,0.7904555326826851,0.17333715644686937,0.8120843756832551,0.35416744288219537,0.37600541640671675,2
-0.06691326740581449,0.9953076754594081,0.041964096654003136,1.5101246533068067,-0.07390526929297858,0.08263566873738415,0.7068739939438207,0.13568994893961647,0.41152448542340786,0.4911234721955123,1
0.8628266023569929,0.19788576521443674,0.538819719916848,0.3019973857596737,0.06042848783847016,0.5522011741293039,0.7571134973821517,0.3277222262153567,0.576646916286979,1.0978217897284683,2
0.983492770998882,0.40262790480218125,0.27722227452451725,-0.11794076488592722,0.5951437712254457,-0.018442270361092937,0.9349891241517133,1.1592933242831072,0.975174140638985,0.8464127447411331,1
0.6348046596706498,0.8253566513088967,0.14555576080830387,0.7516991834655383,0.4826758279067595,0.4164361771296946,0.598051572468468,0.08612494573987087,0.43686017907441194,0.03243626264288163,0
0.42324718837563197,0.6068263275517393,0.9165078415340188,0.8786810044319007,0.2017103253299152,0.15337900627633808,0.22258228290680712,0.7085630707380816,0.18765208613727796,0.2775022665518964,3
0.7172119690271783,0.3617075975846736,0.5770590820280388,0.14955093023001856,0.2636531392510596,0.589941175306338,0.9210215873506131,0.30310199317695363,0.7797719215565223,0.8318745825389172,2
0.36940379541823354,0.10508708496000918,0.5253283793831685,0.1273201545388355,0.2764527007155414,1.018052043367295,0.13597559421271876,0.173385385213094,0.4732147801309332,0.7236308781427621,2
0.4535186345965572,0.5362212206304232,0.20704094396238093,0.6611225154923686,0.8134607574511358,0.9209241870984288,-0.00408663821979811,0.6370516452069368,0.962554155556801,0.13756291825084052,0
0.8153851312761741,0.18850965063018865,0.5890114683601865,0.12032080142757182,0.5855590833796661,0.4472041293566924,0.22657169960894663,0.9460697978985265,0.9643611994157899,0.8696235986331279,2
0.38081310066614377,0.29403594445934605,0.650176264785884,0.6543596407347431,0.17809063242442819,0.5443529588083517,0.2717114567747224,0.5291854777859755,0.2214377139957167,0.6425507119111818,3
0.7131742545490836,0.4650438281260173,0.6426088659440656,0.23306944174230362,0.1430883929777131,0.52514740680144,0.9558882066741515,0.40105408648311147,0.7485708528081081,0.9185913167698033,2
0.9663631262223493,0.26056390561809,0.98483870957071,0.40311271690222106,0.5256699980952141,0.6610474031219701,0.2036526879753332,0.7208321063943548,0.8171067495813246,0.8745070823321044,1
0.9274030834524185,0.3685529677967003,0.37409851627939006,1.014761195473972,0.6839882971236819,0.5202416185748376,0.967142741480398,0.5989389300829583,0.9394975080897241,0.40455282564052525,0
0.908972425367035,0.8051508217157797,0.9406788867162326,0.5837266669804184,0.5357202532196714,0.8221919153460819,0.04288477704090014,0.6872372583963039,0.6671257208562597,0.5791758117622232,0
0.9784712443907342,0.5895021925103251,0.5451708802206046,0.5206437360940216,0.5332176949394422,0.6333168687577992,0.38170170942048826,0.24054610916750893,0.060275414944342076,0.37512339780989246,2
0.24864009725914393,1.0192901502582208,0.29382340703661997,-0.026430442193545414,0.12318626948328651,0.7892440621342673,0.5277670762921719,0.34926898380471694,0.9265052018693064,0.627909364434615,1
0.2964966801570442,0.3740075039488291,0.3739230289844003,0.3093384175115197,1.143571843726812,-0.24171743105289578,0.4679049496396951,0.908521705789988,0.7251523116958892,-0.09836118429807758,0
0.6831239475771499,0.18548856896306465,0.7384590429368579,0.7839665251292481,0.5635360522432822,0.49003433159848664,-0.168369540685311,0.6555016756490992,0.6240803712348232,0.954867925996914,0
0.07546137089661015,0.5431463475963192,0.5248912277831799,0.582536784756141,0.3443901933186332,0.71991875278952,0.7493584653757741,-0.06326215479905804,1.0782388337185216,0.017501657782934527,0
0.10995482480327182,0.8553886679135212,0.8200250996168129,0.8097854327436946,0.531993645788091,0.7800866700590317,0.1555297147193604,0.8361653256627988,0.5782108390716059,0.6064503300716159,3
0.5719282950850012,-0.20398118582615682,0.40683150199862717,0.16882687560875587,0.4938223240159645,0.8087230149861502,0.24324185665395967,1.0856302363660755,0.4948832504318401,0.07225019811674431,3
-0.003535330247239803,0.1121971770639211,0.6420646402876451,0.2969050625705063,0.025856050781142982,0.2224378631406911,0.5386310877830458,0.2214713397730624,0.6597572936061473,0.7586732692917361,0
0.8497559390329933,0.1472007130454063,0.6485748407300246,0.09246246148399428,0.5253414849978507,0.38694359018251734,0.21286239874199306,0.9291051190935774,0.9302183150744289,0.8159538764619227,2
0.8546221422829061,0.3904273788770707,0.8067589402354663,0.5714060443103148,0.7020409565191024,0.27740441124800985,0.7284737678100732,0.9813781559176435,0.9803192884287688,0.525951653409114,0
0.8873685441708055,0.2846193712585756,0.9561257224612498,0.4180264611200296,0.5787471354790875,0.6545929149593093,0.1746987550218164,0.7578172667765848,0.869741540359723,0.7886494660007366,1
0.5393368747550289,0.28384674568442136,0.08283950442857511,0.9810051248522301,0.4190456145752138,0.7757545844910155,0.9960783318163179,0.6525860448084503,0.5345932781122403,0.04372489039192326,1
0.5361912635446373,0.8039707073742235,0.5371791973661824,0.36156108393095937,0.4353390468723885,0.7859629675056952,0.15936602293888907,0.8170110920144532,0.35308770325965105,0.39025028195044076,2
0.4633703072084574,0.672633713997065,0.30243992551555077,0.7734730074766748,0.18916453516032133,0.9555468946086727,-0.1156875932213759,0.10577214198221241,0.04352266923208353,-0.48090235105769463,1
0.10993035411090102,0.8562526407905753,0.8199381849765784,0.8102263616707394,0.5322840781729687,0.7790731090435957,0.1551981483989346,0.8351085644877199,0.5783884140494281,0.6065680687193821,3
0.21675292019794212,0.7756685682153222,0.3484324872669902,-0.0005844649971020188,1.2117565992953812,0.2181367759722069,0.8578518200932186,0.6386798205207818,-0.02137769111854715,0.39205731357105833,2
0.15808398493054812,0.7739125484899674,0.49094897592904685,0.5692328672500487,0.14962969156941763,0.8448005675166635,0.5116833352636806,0.7142763892066891,0.10151936058187533,0.7382115440731741,1
0.3993031055769294,0.5026211086326502,0.26376381821013306,0.6952314951954762,0.7605946576835274,0.9834662061704338,-0.009445234878872853,0.6101478382401322,1.0369127699232288,0.1538882617804495,0
-0.03274659859326391,0.149240639363029,0.5889665666894099,0.15420632181861352,0.07149085711748282,0.2616751524860902,0.4713938200866237,0.21562219115741565,0.6265222733882061,0.838137796377472,0
0.7708339974446836,0.9231337447770172,0.7555044727888737,0.6028752204165437,0.6784867852664273,0.7961262025654162,0.24008513977858248,0.7674122575115477,0.7408924346047729,0.38961227895627903,0
0.28688312867003135,0.8516588170114726,0.2979733347429937,0.7312679347708879,0.8533713174016864,0.28148233315774773,0.9833279036234286,0.9894385740190256,0.2925066410135814,0.25010632214223094,2
0.11821739383902934,0.8476649767028703,0.8216116244174783,0.8138988796769522,0.5384097552335817,0.784873099382387,0.1662358632767949,0.8331978514153644,0.5828976546025537,0.6024249914564118,3
0.09146446790503124,1.2376377570211494,0.5060524737838283,-0.08974912884988798,-0.1013257355220345,0.6164888496995534,0.5161887641325852,0.31323390667755036,0.5137764863927743,0.6687749202689667,1
0.5044835007545134,0.7213273342735892,0.814696473224313,0.9500023322553474,0.686095401907938,0.4445702000707852,0.472611857387002,0.3691125903416125,0.25361115033464404,0.07823995803625172,1
0.3034375424576192,-0.05972350719267705,0.07887821366999984,0.3998437667996968,1.5097244966804886,0.5977808900009725,1.22940922323734,0.9225213743233193,0.39774128147409304,0.68590952708425,2
0.09180930289524705,0.8448693277702038,0.8379563254626534,0.7988599777184696,0.5512372706435067,0.7995103334691668,0.170731843554237,0.8372701512851112,0.600384720412614,0.5982782674115469,3
1.0077128261644406,0.007311854899714643,0.721030201407515,0.6025771397611919,0.5114677379128996,0.5002724478866493,-0.040498813308901094,0.7871650063002431,0.8531173145632882,1.0256534441841922,1
0.89662415631496,0.14655779853504833,0.6925324808459392,0.16252334710281863,0.5395847443232725,0.38598164603306573,0.2607277501558786,0.8649308744156712,0.9446459895523067,0.8272002205615144,2
1.3856595601669552,-0.34911691547335455,0.8129195415206363,-0.025170647025740567,1.2887986336957482,0.9887886599204421,0.07946082463954099,0.4656677114664317,0.4692426976823725,0.11782156256007237,0
0.9114418297568596,0.24590225901873408,0.9156085619685296,0.45423046967403263,0.5382423782703526,0.6624469969309243,0.19189324628861737,0.6781768580861441,0.8488102440040847,0.847346457875476,1
0.11096269020620345,0.8581288619071765,0.8186141440168356,0.8111526268996877,0.532354228493836,0.7817430524493074,0.15557641032248976,0.8351060356126595,0.5769825319511187,0.6073857965344496,3
0.4511767903641068,0.5975535779408212,0.20717177179791108,0.6634451611233707,0.7686769249272317,0.9569364055118056,0.02343034404217284,0.6077222980843514,1.0157374778060957,0.11524259461050673,0
0.9138133457573917,0.4954508439632091,0.8382519549955788,0.2968028460324491,0.19735921672720508,0.4824758525427481,1.1291809630079153,0.18881124010558206,0.46749533725355974,0.654180261683287,2
0.85113562295855,0.25341774448982474,0.1767619672699782,0.7118247632246906,0.7721201214307513,0.28523132094290915,1.03346064823351,0.3428107120151569,0.7474704876995495,0.5961938251695104,0
0.4096455131104245,0.18844613453753856,0.3090107674344303,0.7335292361985147,0.20318172197329293,0.3210830503971593,0.9959623351133537,0.03628349363303775,0.7861970429865826,0.22109588739847397,3
-0.1306176478776463,0.47744407913961695,1.2860937479413597,0.4478600366998249,0.27747096288343887,0.5188340727827359,1.3594726228631486,1.2640668855337622,1.0472545971749876,-0.03535738817554765,3
0.151910271271291,0.09418416155407064,0.5032912576142716,-0.06363785441091557,0.4935560626472971,0.5389023154217067,0.4681924970175437,0.11491129689782201,0.5367451737482041,0.7601584580286072,0
-0.05732334220540103,-0.07345185070461002,0.9386828325096017,0.7198527905194454,-0.13045976327110131,0.4975478761180028,0.733421380372432,1.1740869456997938,-0.027230672829996472,0.18297492323707662,3
0.15368066765203228,0.2034900144464166,0.25627172632588036,0.7030799334992127,0.8551471287099861,0.2723316487571092,0.42812092579933975,0.8334615768338605,0.6324506513864759,0.2565561584714849,3
1.0264861169514803,0.7094242637837717,0.5178713820642239,0.31521576747751945,0.5933335094783355,0.9422232976847188,0.6591160391136239,1.022661926996003,0.325045489575792,0.18776434771966752,1
0.5598575643636707,0.6480661293816812,-0.010454249081067235,0.6727602797195413,0.7163342067296928,0.5178248410608376,0.9830105593451468,0.06335143844512174,0.6001275277966625,0.5503778904213362,0
0.48858294357874504,0.9528853112924152,1.4276678393066957,1.079716540957809,0.23425190295662218,0.5566023845466482,0.7850773451059119,0.6677897415404972,0.1245915566384686,0.7765394786102054,3
0.5895309074128494,0.23805816300182914,0.07618095123620874,0.9910589741431568,0.4589451899481717,0.8221032869778935,0.9459913391917241,0.7042670521029222,0.47757308882131755,0.028606622389709707,1
0.861267326832797,0.38451730198745626,0.8154034246697482,0.5407905239863114,0.6923848342584494,0.24799516300710028,0.7117523192682782,1.0010370501211423,0.9931063110751919,0.5131102283661173,0
0.3243328072439303,1.0125174418367968,1.5329602719709912,0.15513038041918437,-0.263868260369766,0.2001664472985517,0.2387162159996643,0.43628186258502066,0.3527726414984806,0.496219932377865,0
-0.5336429058423472,0.9474160109738373,0.04424414921521719,0.5327958780740808,0.7494604714627042,0.759952919393439,0.05799481678670382,0.6774452810672427,0.8457104654097565,-0.09593883926639085,0
0.4129831094616895,0.1465890952810786,0.621783680401967,0.6794794592227558,0.02271708751735871,0.4894571312784134,0.33603787977061944,0.6016676102389839,0.14124896311298304,0.8173383438525013,3
0.28758169779028664,0.11895088771302166,0.681265862867577,0.8827422414745504,0.8253359633667838,0.8651016056012082,0.4814169858063134,0.2031053955454269,0.5690302650193106,0.6874371011037993,3
0.1455493555848701,0.7970158485090404,0.8515306397100505,0.20701947159443762,0.47858201418832585,0.6994143195459847,0.26954531247170727,0.903960575980242,0.04026602094887666,0.38120586989671607,3
0.385430650770171,0.49365352253958344,0.24928352124941608,0.7178820313903819,0.864752843627299,0.9457572692417652,0.07457240075686769,0.6020786735265968,1.011922875300298,0.1411626335787492,0
1.0803527021062527,0.5550670967561042,1.0310868118061807,0.28244372287915354,1.1199178480484464,0.17457638181261007,0.6262774586331057,0.8547330082090037,0.6960267784456334,0.7860924597797284,0
0.6172359612200548,0.8540603248074077,0.7443852862695863,0.5845842729897792,0.2608053080726456,0.35112523706953547,0.07881510971479447,0.8455802302370503,0.45001292220299594,-0.10688008232195406,3
0.11991864948298424,0.469664294206736,0.31289904889146336,0.9532616869221541,0.5947299894386601,0.7820918808467376,0.35554883908673096,0.07599000884200484,0.17092231749370426,0.053693446790125984,1
0.17971436870559446,0.19650936007710032,0.8379243189989526,0.20604377442780808,0.7586414535768115,0.07416606490966825,0.7635925415573181,0.09324447040940859,0.2887978148954118,0.7614370518866072,0
1.2795816330910355,1.251463829229127,1.2223127730304504,0.33403923684415215,1.0370010073161176,0.6978396852756868,0.6862023393117808,-0.4900587677259548,0.9007454460744659,-0.4617637942096472,1
0.8831431962037346,0.37127511346808184,0.8207916013343879,0.5561467315181027,0.716931243642,0.2732107891582469,0.7319084626788689,0.9732241177589797,0.9953164990922054,0.529079444324715,0
0.7878501135893758,0.10463348386120566,0.645521211981614,0.060983985870085626,0.4911480373085489,0.332838788332172,0.2286865987370133,0.96444379215068,0.9220485333597324,0.8134211901551767,2
0.1184836646524692,0.6391534606844234,0.031101127391211736,0.25090162521678777,0.061061279018752336,0.4762930220496168,0.6843201969463506,0.1590242270652166,1.0089170065489865,0.05962507973455691,1
1.1743671135898923,-0.019443303077059326,1.345262648907273,0.7137224752577128,1.3270876570514032,0.6978771943101906,1.2437289320493277,0.8459835744210598,-0.03181179598051451,-0.2538371966472276,3
0.23115574709711995,0.45454571941426436,0.009370198417232682,0.5375559168309322,-0.07415635317252114,0.683634092783193,0.696568190382067,0.04288505576702149,1.0828444970752522,0.31196285677779373,1
0.12663730598253628,-0.0912256070287859,0.79693776392238,0.780068414221968,0.6953303789023304,0.9075311187796443,0.7130341031543487,0.040247914204233626,0.7710819873788267,0.8782704559425107,3
0.8289186400362465,0.07920269818352628,0.23856571616346672,0.7949260716763947,0.4849844790879393,1.1996776201792796,0.06835876235725315,0.5913881631720844,0.03094886578622924,0.1706305613908684,0
0.7810284160490781,0.7990076412349947,0.6766797113115646,0.032395959083045774,0.5958444764864702,0.7860521675390587,0.5194148109103377,0.6904815722306201,0.13440089925565152,-0.05558440893649366,1
0.12366859153602867,0.1940439328483813,0.2938455294404111,0.72921579982977,0.8648162935380969,0.2644067003194185,0.44490856899469383,0.8370530631116971,0.6509376300518948,0.2912926907385935,3
-0.029631723823361135,0.9863825925987962,0.9589015418508605,0.27579543773145254,0.13706709994837965,0.43559431391230213,0.715847009440473,0.8870961502475962,0.6883560068494278,0.08369175032720719,3
1.0904875444922864,0.2316470646370447,0.9434451835721246,0.5721508915511742,0.1489295536913883,0.16532687917878286,1.3239794005826182,0.35269804803893595,0.4702689899248224,0.9866075206781629,2
0.35293662602907394,0.7936648203855518,0.3738559434437712,0.7458430796452359,0.8385903152565258,0.20656992253192039,0.9564318901815437,1.0251236723898929,0.3430705982897714,0.4748217172129041,2
-0.17636251824374183,0.2649506753084667,0.5274584086639799,0.8071245735585142,0.8022641910155948,1.2756764744478888,0.27621509353360496,0.15797310510451223,0.7191231627241017,0.3084717594775346,0
0.43753954261151434,0.4789961329004909,0.0957232781979562,0.7571564963742721,0.638342426269629,0.8685256989617364,-0.08288166595899395,0.5974309835825757,1.04689083951083,0.144540668915925,0
0.16360359488350817,0.677241281204496,0.3171988880133733,0.5162854510943979,0.5223083374688071,0.8367432268172534,0.5700469079095364,0.02698666027222093,0.9808184138421057,0.18566859563692487,0
0.701253529898522,0.9380785166796918,1.0715148816795455,0.849325177622669,0.708453898938276,1.0031233079704502,-0.057965922556019345,0.6925687007399955,0.5970431938050671,0.48938069743371904,0
0.09937131071267362,0.48684646255527364,0.3100276029646739,0.9510639660615401,0.6140769600089562,0.7927336547993854,0.3687026763910939,0.09484394783797653,0.14659277888025324,0.051525002593788595,1
0.710367021863283,0.9780923738391002,0.9722472036753466,0.7283194533124348,0.7483893296637091,0.9903991645203958,-0.013325357845049235,0.6269625798488947,0.8434407542247165,0.3584443229521618,0
0.08219737099931076,0.6032430333699025,0.30498463260516656,0.5013740735938512,0.5881194947258895,0.7665245208303773,0.5004987875832558,-0.05633024601522693,1.069908645143027,0.11623173651738135,0
0.2394731792962114,0.9590098785205594,0.42933010851307596,-0.13857749256082122,0.285017035899343,1.1207076714167612,0.8074403798835361,0.17029839852920745,0.4756410482498129,0.35248399030826105,1
0.3820903984821557,0.27584930002316116,0.4948353307237745,0.6345285488670463,0.0839032770844958,0.4577233309486069,0.4244232089782804,0.4628245438123717,0.31236720704357607,0.7880773937698461,3
0.4730233811249966,0.05091696381220607,0.9528586721626736,0.8677557683014508,0.45318139065464574,0.761354751190848,0.2457263499632241,0.09451181725792406,0.6063247780241033,0.6213675856147896,0
-0.08144068802806398,0.13103713990106575,0.5570393855806215,0.26341057704069826,-0.03405454136915266,0.28116901891147866,0.6554099004450532,0.2743937275499456,0.6298520829468178,0.7930385150869561,0
0.34571306403850943,0.019670253613522114,0.6838842091854044,0.25608464330832587,0.9843540312159297,-0.025732002582161163,0.6128825321807647,0.8899576715026188,0.8033748867897655,0.1223256916931189,0
0.839440766807642,0.19326090944704807,0.536511513064887,0.551528481679283,0.15329214517785952,0.11339386654212247,0.2585689825232862,0.9119103986191961,0.5311499877988335,0.6124835548477171,2
0.7586544235402335,0.6094414694921398,0.4238770807478263,-0.04170145113196598,0.6156536097909893,0.033382314207071065,0.8743590758773461,0.9993867133515658,0.893750082959591,0.8684302279157587,1
0.3278523513354399,0.6443633605244945,0.6242549241156462,0.4796315609483108,0.07908813392211321,0.734068787747715,0.47599704804354653,0.6100870708461499,0.07510997914708867,0.6630996580850389,1
0.8202184778725065,0.5566882428572221,0.6719565998654886,0.23991801170128468,0.6282291200567338,0.8538979097547198,0.48937337240466505,0.9380304889041771,0.21150493509701565,0.14081371376169585,1
0.8647461539460499,0.1359147719978538,0.6510151459364089,0.08866214831536988,0.5449029972474625,0.4008640368186571,0.1966142709282947,0.9169461940984087,0.942110671307713,0.834137284899372,2
-0.0044100332335831995,0.10880690198507703,0.6237076043887757,0.2687919384123744,0.04151938414356484,0.21545067760033743,0.579211875261917,0.23305576404612324,0.6898262070016772,0.7651726616203967,0
0.5267655221527449,0.4019264515447653,0.5920843189113094,1.0647554382960434,0.8635337312056649,0.7915622247191233,0.3261776184487195,0.4218444559558252,0.24689456748487282,0.5148428731577521,3
0.4696407806158534,0.2837093773212112,0.45867159157971193,0.9851661282227318,0.48543031871241155,0.4496089661976046,0.6131239384598506,0.5371426397231177,0.45158013156898313,0.22538531864236908,3
0.9498824972285889,0.38387198720629584,0.9918791654192659,0.317917203828388,-0.20956065161841986,0.0808045433258231,0.9071987586906672,0.4537688982136703,0.5976889009329363,0.09112865966868394,0
0.454374883821014,0.23838725518088488,0.41223562081011655,0.6090892724545143,0.6042020128848604,0.5570878703440382,0.6831530313703253,1.0159703451176276,-0.3060261650483207,-0.19883746588841567,1
0.1101564263164511,0.8547857945997429,0.8192334123966549,0.8109857807058064,0.532176679321029,0.7768468554858873,0.157493040073552,0.8329671235041555,0.5776659066267579,0.6073376505654449,3
0.21440762403994315,0.7011249982199002,0.4280154448149413,0.5531449447389019,0.068877103131346,0.8290036877061153,0.5055007518666046,0.6655623157462152,0.10147882220623537,0.7262181861513657,1
0.2890295592316442,0.1682550747419584,0.3592676141777898,0.03879441544531158,0.40882919369472914,0.6343815761229169,0.672573114959404,0.07035560350996098,0.7303161179571988,0.7192059173252453,0
0.9107489593036711,0.15516534367238724,0.46661615664335887,0.5347383349682245,0.19041680556001672,0.16600561481887313,0.26822752514002185,0.97389235726794,0.5182995015633934,0.6809977401178882,2
0.8233138226986431,0.7417687317105616,1.0477643392653009,0.56379982137485,0.7789469579788246,0.8799959236602896,-0.12455539525537823,0.756127021295039,0.658403848439943,0.5724224121356509,0
0.9276213733849118,0.7164559279965669,0.28060987914792207,-0.23674271887703763,0.5694638662080599,0.6693173489639989,1.1183466842736678,1.0833591027001037,-0.34285314901419317,0.666650768557396,1
0.8365620432955934,0.1269320238359137,0.9929400583868366,0.9381162186334613,0.09829477307712012,0.0923150603978682,-0.014083386776593765,1.06891179487646,0.9094345388790397,0.18680919924672973,2
0.44663530146169533,0.754399970424404,0.5273773737065075,0.7356170879297446,0.30444419353952035,0.22930685892643787,0.5484896692033832,0.5190912127004961,-0.04168198151725483,-0.1751228617426815,1
-0.023540313380450997,0.6344751062703988,0.146498985360027,1.004896297122839,-0.041336671687413895,0.43830182467227513,0.2964213514506008,0.25090752771899877,0.5646275888922524,0.9327106600664714,1
0.018094497007679875,0.9009087531795702,0.9032800957890543,0.34832587485145466,0.08942114036668516,0.3548755351901415,0.7939551467010258,0.970525932696739,0.7332309176928137,0.13073958561991433,3
0.9056295093280639,0.3586262691254064,0.808088264071884,0.20456780689289214,1.0235173037814036,0.3325224296802182,0.8292045383270098,0.9465745337607904,0.6455328771339851,0.5169126603835543,0
-0.13794399891701778,0.7546584687903191,1.0358400616979335,0.18994197260047752,0.2542125629576571,0.3432480922839403,0.6775450148211177,0.8664906288097378,0.7108540257834646,0.2063726793865328,3
0.6301689272428408,0.7371162413895026,0.3621215996647599,-0.4069987598135759,0.9450871346937879,0.3268455158306435,-0.06775976829239899,-0.008381387527461481,0.1778396325738647,0.836560232498805,2
0.7402842875108767,0.271517098718122,0.47029609909094217,0.2955789241533264,0.2812973546555798,0.7298928808374946,0.8423281647960451,0.3304178491801668,0.6551522927828222,1.031963806710073,2
0.6949090825857364,0.6661676827660946,0.5233515007804055,0.05480882752399321,0.534682973390479,0.030800407471275767,0.7406042782395473,1.0043706572452866,0.8631807441786428,0.8313869804227119,1
1.09398472879868,0.3035153973972291,0.8844676845931572,0.212081555331713,0.7964649076540551,0.7074627681651693,0.7276602350831582,0.8786417140043816,0.16826010601351277,-0.03760525452510732,1
0.25460356961890485,0.19166817923053853,0.5920524362246343,0.8387769598597524,0.7920507352729218,0.8875933163708394,0.5394157344493198,0.19971956271049593,0.5058817689371085,0.7380590804756372,3
0.2553024802171746,0.8919859747815119,0.9620128671166391,0.5541893494575298,0.8945789711473114,0.9792759491106507,0.9428271744847365,0.4523752886138522,0.7259361657503831,0.8712709733086753,2
0.5122625240515499,0.7779677580149965,0.8114580254684061,0.951820278731504,0.6539903195620642,0.4213117610961289,0.4151334249459495,0.3574251784880173,0.2210180170210074,0.06863961861641937,1
0.10151256037358634,0.848692507566029,0.823525021824746,0.807898774553288,0.5421228986505232,0.7724563935382882,0.1415886268436695,0.8252316627028635,0.5776990055339076,0.6030257605240492,3
0.31385651123123814,0.14166841173995914,0.41467439313733145,0.10146576523344378,0.3369804944219774,0.6776790558334301,0.5816428592591052,0.022117140675702515,0.6714514855290877,0.6580641945658912,0
0.04769179026533667,0.35505945945774836,-0.06637511297632727,0.08384333254307322,0.4080765541439937,0.2224545934082613,0.6483557426071614,0.3667125181558538,0.849140972143147,-0.157692652196536,1
0.11003117325955575,0.8606822119356509,0.8171366185264132,0.8077217462208262,0.5323299062415109,0.7774899547670966,0.15804131593760626,0.8310854634003005,0.576047871139658,0.6076387988873706,3
0.34557720578073764,0.5325190474053895,0.4424720200334943,-0.20609737354471908,1.254854663415863,0.21425725516087601,1.2001025300732906,0.6524114218232363,0.1237168813733645,0.6317566169596821,2
0.17951063821643834,0.7730461938187522,0.26140663620282695,0.6887360489281357,0.8919642623484824,0.30387738489526805,0.8373825155842087,0.9473812100294849,0.22875715987009504,0.5125883593788574,2
0.2402305939077955,0.5525567727600652,0.1013303972958427,0.3428302743099176,0.11134262750401494,0.6430476192670809,0.5228547458897189,0.33680548418541206,0.8927139288658535,0.17593439126224816,1
0.1875341979976678,0.43006144746797026,0.9103939392841599,0.24990363624739165,-0.1051218307908558,0.24197836184254767,-0.03975166262748314,0.02049191707084408,0.8793855566418827,0.8002747253435496,0
0.12362864294570342,0.07830050153479101,0.45978464817428377,0.8898263349495911,0.3506454268631248,0.5943368087547944,0.28542233886092805,0.5699684388151669,0.38640889500768627,0.7433017768495965,3
-0.2670938109883794,1.3086636924659794,0.12238388279453544,0.9834776763891425,0.3220263524024354,-0.10911071627314295,1.037979288265157,0.0324927232466799,0.5220565686963243,1.2801851787681708,0
0.929341250649446,0.33450370431650683,0.3790209474704303,0.9909389740943213,0.6926005550655676,0.5088764408277343,1.0215964377773041,0.6410789477951999,0.9210195617302507,0.41064523062628333,0
0.7759934987436241,0.4168088289948345,0.6200935141570227,0.7829929027275871,0.7436666853987222,0.6056311888333572,1.223979408660811,0.4485616125212879,0.9102857288752317,0.6694635918134236,0
1.010103098136668,0.47242469710220775,0.2961057365999966,0.8799535682299352,0.8110105594953876,0.6063275589287656,1.0446622334861195,0.7748837970943281,1.0238888292161659,0.2745526608352067,0
0.8392326619725842,0.15119073377680972,0.6477261513314931,0.08998261663811861,0.5242966941046915,0.3840469080649777,0.21203298306327933,0.9295499089329893,0.9338382926391037,0.8145340096836203,2
0.8219724710324123,0.12170402052294996,0.6823980217005475,0.0899899451708862,0.4619556244047961,0.41732375682952544,0.2590690134136115,0.8708114868888716,0.9152935172641565,0.814572061427662,2
0.8562338963466837,0.39927334744826665,0.7997397449161046,0.5757947372520132,0.7233833178303143,0.2778857794183274,0.7460820022465648,0.9820666052982858,1.000656932113523,0.5329578304971807,0
-0.05905671246371416,0.6435044928742919,1.122232159433763,0.4061159941586524,0.3038811172216628,0.7243209836173035,0.6459026208482398,0.7751882253174017,0.9200187950503171,0.4220191597494081,3
0.9817633794905517,-0.04144775664728284,0.6570242772886372,0.08749101048116864,0.41296360172225444,0.5167106189873565,0.284367689480179,0.48419667206272743,0.2163538844202283,0.9570670490802559,0
0.5209529409438585,0.2956066300306869,0.04191181527730572,0.9384393824532352,0.4342387329699997,0.7591184532649242,0.9493527621806627,0.6658786804457877,0.5110621747281401,0.03176613281280843,1
0.8218270018975401,0.17436906259397003,0.6089675149505885,0.04903307100799849,0.5557629171621624,0.34944255369728905,0.23552557270292168,0.8923699894750381,0.9459562267478128,0.8075157383431241,2
0.5372800155620925,0.8079336945662892,0.526383988180383,0.35763060626934373,0.4393444098941753,0.781552119315174,0.163583382771651,0.8067578586758652,0.35117352631894605,0.3818475208021658,2
0.24505885887255496,0.21404661881629944,0.3804809171358585,0.17216568254118064,0.4614302965424584,0.7216325918873313,0.24150700472072403,0.12168007919220403,0.6906504780596039,0.6846636107953705,2
0.5818528542437091,0.25058560223853027,0.11314965912857756,0.9989378550594757,0.42337060925533415,0.7331962251313944,0.9736090902319442,0.661645076145239,0.5249288103219648,0.0055946503936482855,1
-0.038970772220082134,0.5485963011108608,0.28879541317042606,1.0083913596108682,-0.026205139302295843,0.2743341914785353,0.2812466880566727,0.15963617771576966,0.5398378555741221,0.8324872617791608,1
0.09336524776262757,0.6757163771812749,0.21684916857822775,1.0314146115212643,-0.004936497392388231,0.37150321285075116,0.28136074396282207,0.20637067990531596,0.5266619700023232,0.9407555511412532,1
0.002280845465791573,0.07827866289586856,0.6171443249709939,0.22237074849224278,0.005054977833789755,0.24345754602643732,0.5919401293761405,0.18952195466360083,0.7180842124763984,0.7926771086671962,0
0.9135961048244161,0.7353127128877472,0.8076614501884912,0.6903814704544323,0.563130248519619,0.7280396303734356,0.07209478101160191,0.6772331672246104,0.7100900037556153,0.46520731654562314,0
0.9862980363234409,0.9326139213565007,0.6987962776149662,0.7412903975043366,0.7463353434143126,0.8939766544425342,0.24667081852109501,0.7036006645614054,0.4948509706918692,0.3233877258639351,0
-0.003758714994952006,0.5840714007276109,0.5048255568475113,-0.08431800955230506,0.3496099476183006,0.9156368730588049,0.10367369469762658,0.3946420865516295,0.4135400587061459,0.9874702295908604,2
0.04034715065717888,0.8476948272166892,0.8694675503264648,0.3303551456035834,0.11355891336489903,0.3189165376114793,0.7866875839251536,0.999368564613056,0.694347651170362,0.14160872509752434,3
0.29700068888561876,0.47401456400939784,1.232919007107128,0.799872676485243,0.7119202172445648,0.5789686432897942,0.5850829953744877,0.37647030657943914,0.0001513059730330335,0.7119068891912114,3
-0.004301351094465743,0.6672414552419836,0.1853398115019765,0.9165197186181051,0.08726228915719955,0.45306020130028535,0.31629040551315923,0.25619815114701094,0.5235663163546793,0.9215089697819464,1
0.9184361815376515,0.5766132005662666,0.7810459017214944,0.22516867036704544,1.1466622404230176,0.3649017599955839,0.6951258255789565,0.8292661631219546,0.6047906783710002,0.715493189685462,0
0.17367957905705483,0.2090488741727274,0.8263319940128246,0.19126672871210457,0.7587663211001099,0.08504492040861078,0.7700876986111237,0.08047172155762976,0.2767187204555584,0.7635972758419086,0
0.2539051761385188,0.22515803912002563,0.644960064609052,0.616898847014347,0.06651530225284451,0.43166474904588403,0.38340157933604174,0.5644636836549981,0.22144925204984175,0.8274172960537352,3
0.909364077343904,0.2921045321904832,1.0599636807742925,0.415503992736164,0.5191684780665002,0.6834514959224434,0.1945914872131032,0.8136028609491124,0.7702918904482683,0.8363065684220172,1
0.8666038523139715,0.3855650068507328,0.8052246633371124,0.5673027145476618,0.7162686349004772,0.27472457900532865,0.7299298462011042,0.9783953476322159,0.9915917682241342,0.5219486921288607,0
0.1435049186839844,1.0830975925606934,1.2441415912335436,0.2258227956869875,0.7295046036866386,0.9168930255693628,1.1800804502109803,0.34173411279741417,0.8259760633609949,0.5517963214674348,2
0.7438260268109157,0.10076557804737918,1.0347186039771177,0.2429850085155394,0.8427213974480301,0.42290193169711926,0.6615742776647451,1.0513587254693708,0.5119549498767481,0.4286078412751383,0
0.3655717151468855,0.8505808923643784,0.37924028199508836,0.7751762602869079,0.9300509622336481,0.334878220352374,0.8970935670431085,1.0876182024530456,0.29049113732362164,0.3891941802032644,2
0.6079682876144743,-0.38415995026399186,0.005032674085451938,1.2912863200184708,-0.003874318279643324,0.14459051860603406,0.6163963527042893,1.1533273867344191,0.7594455886792923,0.5207125217202184,2
0.5402931864238599,0.27744348197489827,0.08051620438012393,0.9863823725111424,0.43277957404704553,0.7763901832733868,0.985914304969035,0.6702072888635705,0.5180868577001652,0.024609322188779828,1
0.39756712227881075,0.5256983714600614,0.9437200082488275,0.5428414785404414,0.7353105382948301,0.9183871825020622,0.277317682706529,0.7977745208218826,0.3080320665792865,0.24922577114542765,3
0.12326084544889525,0.3372299149984869,0.3391224707250602,0.31295055758841,0.9699200581875632,0.6411669712380773,0.27669708328916354,0.9300060857862261,0.8933748946163054,0.5946879048961632,2
0.13191992498795324,1.0816757652159232,0.9985019134767126,0.47792530545522743,0.31360447776508293,0.9273177972072743,0.18964820168718863,0.8900266883643112,0.20223503319632413,0.1093971959443179,3
0.4973624835102231,0.47460184156217766,0.31392482639278846,0.5880733409515784,0.7671090010593932,0.9804402490190163,0.1089758825072957,0.6933241169563238,0.9299290181893966,0.16566491634271713,0
0.4343240637474104,0.19787333725267195,0.3007117569022502,0.6971902836949344,0.2953300176407326,0.26151177261934616,0.9221100959834172,0.08768666833132749,0.7817812054625833,0.24029323642484335,3
0.7850807252358982,0.4058635380106129,0.8719677724549239,0.41186447388883096,0.09568622981267635,0.37311409235912985,0.7867517322669545,0.6513735426130282,0.2653410225570102,0.18537837449973407,0
0.5676457008967561,0.722123180236279,1.0201668173099034,0.5485484712598887,0.7211846245954332,0.5056169256698654,0.6009553101599837,0.841596763810279,0.30831713132201566,0.6258075359501591,3
0.7596101218168815,0.46282865604043066,0.7572305801237987,0.24826113975166675,0.7256426073483871,0.8447876301801917,0.5735382954211854,1.0675536451667134,0.13827226609749899,0.24831287276468736,1
0.9677838031816858,0.5298964461062888,0.5938839865781228,0.27806604100586546,0.7431954448614625,0.7398014888950761,0.38828380547588087,1.0179318058797013,0.33599870526471914,0.12349115224797266,1
0.536009389752735,0.6042075588588627,-0.1126085855257423,0.7159072735122533,0.44734297217687097,1.2964041538765603,1.29253213852414,0.5453928135544603,0.9049784153844834,0.7445007790496522,1
0.1603660494080947,0.5833623890650523,0.09243337172038776,0.2891308586566775,0.14491743974998728,0.48123754732683705,0.6405753167299738,0.2082757678330272,0.9080492501038309,0.011158009080545261,1
0.5754613120969525,0.638116055222436,0.912932145176315,1.096533214981099,0.4458438287460006,0.3789231461338651,0.13969894557480855,0.19598975280244027,-0.004699636321808004,-0.16274888690782044,1
0.5856044039328728,0.8487134479343406,0.18109976989378496,0.7396535904282983,0.574019490921948,0.3884323542492333,0.5664680235290501,0.10932772442262928,0.4851782337195138,-0.026373068937167607,0
0.5232785963047399,0.7774886405174202,0.8697931177222923,0.8542212445196435,0.6554700212819666,0.36042024753052015,0.45043075278359296,0.42725577132692893,0.29919529994408156,0.026257552970910036,1
0.959251268637415,0.36011653983418046,0.8939566673259909,0.29098450306838824,1.0352105766405537,0.37038976165487486,0.6095938775664588,0.7984733936378404,0.5361495840553886,0.5707101766349365,0
0.7973701152577359,0.8144149077701733,0.8112795760733287,0.6341381573529085,0.6470427997184516,0.9058675021320998,0.20069789767257734,0.7871897361435024,0.5683777650782096,0.5619915548504306,0
0.15525595415346968,0.7701506759283907,0.49371582278080506,0.5722491911916804,0.1523195376756876,0.846142829864344,0.5135800525501933,0.717126694657043,0.10069322185278266,0.7365459329929002,1
0.20803856323712228,0.8822611872023431,0.9490115069168226,0.21661131739295028,-0.203740340294559,0.5091412724362215,0.9539718010153967,0.7016947786864967,0.9592110528232403,0.24894319101925141,3
0.16383471988173798,0.45910281640269796,0.21610152044237146,-0.32218726770349837,1.416610299506094,0.24199957003261194,1.3041524455912823,0.40928142638876325,0.21292218594450008,0.47322237182911325,2
0.11118568600537354,0.5733340383567129,0.027356613033406082,0.12606331076452715,0.16925861143604032,0.49506730726564796,0.597360178013681,0.041088829461415274,0.8916688572005611,0.01756275397468155,1
0.7568628374011196,0.6703157736022536,0.07374091078294615,0.942367535672097,0.34789718857835183,0.37517206293407246,1.0624545612598941,-0.44444441677251234,0.29706325516277626,0.8258804848196865,0
0.457411698559016,1.0124598535395195,0.36958246037694814,0.771147911584625,1.0956800314384687,0.9083757801149053,1.2046980046815607,0.7841008120543698,0.5587838864315047,1.1589583337128948,2
0.22158118738240307,0.5604958061564976,1.000234180393754,0.6543542473487802,0.12296634953512339,0.9256438515356481,0.15477887345733823,0.09331182896475328,0.337591544173714,0.3445260644996145,3
1.0751973461077053,0.5805459386232565,0.9240492105099396,-0.2457549030625622,0.9239098360615908,0.7813449501792252,1.2204954803216421,0.9936131047309751,0.25079228983106533,0.8309401741363953,0
0.3068374525925849,0.14622429426756073,0.6541864550316223,0.8547368255381869,0.7717418734058716,0.8559970155964064,0.5409027905926239,0.21133658176621495,0.5135120278144636,0.7412012024038265,3
0.5548532376876744,0.9879947014053593,0.4944961678557357,0.14565691690385385,0.13670373879967246,0.4930798235782412,0.7527900624209098,1.3540777637482062,0.47828134336365535,0.0709689890557808,0
0.5309231822382819,0.8023688086812794,0.5427212904274896,0.37087330950169994,0.4296705789781067,0.7783980795527117,0.1706471324180735,0.8161144618452972,0.34321143872810983,0.3951868249784419,2
0.4164596139352504,0.1994879453419259,0.29182019108432766,0.7270006129515848,0.26490085802592883,0.29713995830771484,0.9796322899771546,0.0434219258071687,0.79654404262477,0.2085050149233597,3
0.7184717545953423,0.9797528642502977,0.6806305617216741,0.7145797622777583,0.47650439729801575,0.7732817519048649,0.027505708943323035,0.8280026375034404,0.8085555660739852,0.4651147581797883,0
1.0068917500983232,0.4201622959713057,0.8927526437149894,0.22055662876407153,0.9744642314985065,0.3466999434984267,0.7653018548509133,0.9729050854281769,0.6501967794089536,0.537083669978982,0
0.042859095717174084,0.7387969729150772,0.8433883132029814,0.47681345778189166,0.7321039607949977,1.0590492399398082,0.9171740346910184,0.7470650728599285,0.7501185158471311,1.0151585140234853,2
0.8037264983306346,0.29470687592073197,0.22347690962606598,1.1416659632351651,0.3730146660195414,0.5136264668893976,0.8942183073876897,0.7226962094596664,0.9789080933144623,0.6659603086531378,0
0.25904947702456,0.8869641423828555,0.41806046021154813,0.7985516002399033,0.8655416299973955,0.27738971988733785,0.822975259172142,0.940008740604255,0.2027764706295826,0.4074451547967928,2
0.2686707657420411,0.32069258946965856,0.4624291310094007,0.9239192505622049,0.8953407652055956,0.7067647225065518,0.5249337221511868,0.22104175193938155,0.5292002331047536,0.5451690639425133,3
0.4861124698171351,0.19851870122841692,1.017534994029978,0.341251582871462,0.8758429299454744,0.663927610224752,0.8324158496516341,0.947550441366765,0.19321701159809185,0.712301638143745,3
0.83584285547442,0.8332374495990107,0.8569275411212446,0.6338482872251608,0.6294207535905202,0.8065847464552087,0.11075079209025696,0.7453624616552194,0.6947746486550709,0.4741387393856909,0
0.5368728784252949,0.6003270612492928,0.15599530203399276,0.6651025745237198,0.749635186784712,0.9223184767795126,0.09437225492589124,0.7076661423154629,0.9082647750074911,0.15843892979638996,0
0.19372219911612262,0.26911183050787996,0.8048560412683887,0.21711127211848275,0.8025038099795486,0.07069621746070892,0.7839216055503019,0.10527461385114188,0.2248823454684854,0.7437889463459473,0
0.8151738949550418,0.3505955264171262,1.1543638369500673,-0.24262423681918405,0.4742437210313779,0.413565306553173,0.5408217467956901,0.8255613598715589,0.38705706328829653,0.5735166872426447,1
0.8115721363624923,0.3257655609246426,0.8191003032056552,0.590368450542552,0.7808144183901505,0.37197681831548923,0.8091036975611136,0.9827157398739446,1.0109430603596954,0.5513273604621121,0
1.005535153755072,0.4286982501262045,1.03685049145556,0.20430402831660066,1.1955389102897183,0.2281024402899898,0.5611743864294685,0.7468455125206961,0.7304579311119327,0.4206358688365345,0
0.5696135124850773,0.5817030403888035,0.9333077138844572,0.5230082660191061,0.5182346200588357,0.6536736770470938,0.5431598263990065,0.5372467813484847,0.1876038043027154,0.4347211604413767,3
0.8779770271955472,0.48598106323021206,0.6300723970114683,0.19969510969138152,0.959877060904004,0.4581896603850295,0.9285802602113635,0.9711233129978936,0.7459625245671144,0.5850085320524107,0
0.3515468002211871,-0.024949281802918638,0.8369147693172256,0.29198951591148903,1.1325549715504568,-0.04271670026172849,0.39490380199133446,0.9495315443652063,0.8266880044282243,0.3435357356517681,0
0.22168147902842067,0.3615607314688256,1.2826824436638282,0.9713822314324123,0.9340069866521308,0.2008917643034518,0.23427749421692862,0.773737801300869,0.5949616841615175,-0.13405691639062423,3
0.07004664475047147,0.7434110118863956,0.6414201384441783,0.43264716338046755,0.23278681195701575,0.7898843829840869,0.5318365111202079,0.7866843465531532,0.16922378780223954,0.8414525712394865,1
0.9557178009702894,0.3228240663664351,0.9262878118623956,-0.23048896594003465,0.5046234799939422,0.9845943488096084,1.0247226042779538,1.5696024009191853,-0.2407425405465844,-0.6871681578821964,0
0.685301521949081,0.8022011318222512,0.08971979880615384,0.743113420678975,0.5811945150883298,0.35411811015429795,0.6030481835213173,0.039115908925150586,0.504390563953871,0.008893759628274555,0
-0.19337922348273878,0.6235919819004887,-0.09265850949225912,-0.61625762791239,1.0487775337352185,0.3276260184919111,0.1951933722053092,-0.3829546788382173,0.028292225703518137,0.17008435004340372,2
0.28539853257511866,0.9361004025241919,0.35208626753416733,0.7800121509080662,0.9278817678711644,0.29333319809380176,0.8997238753840056,1.0323286007401726,0.18281835167688304,0.3668038016492858,2
0.1103761087938138,0.8564845832883564,0.8202774163717701,0.8105480727740013,0.5328014569763883,0.7790852614594463,0.15556270504884065,0.8355142878565261,0.5783488256694918,0.6065152150195767,3
0.586978615265316,0.5622680950185801,0.9039366274240772,0.5639490493850805,0.735829101779271,0.7046825299604011,0.8816372206730512,-0.044410545143044766,0.48530277448307524,0.9553429809481226,3
0.5127792081539626,0.26229267469398787,0.06429195873511268,0.9849139254106712,0.4601860011795288,0.7469818953254481,0.966327718399688,0.675546896563588,0.4902299157160679,0.050523157153542116,1
0.36442432645173894,0.5199679164015629,0.795245501205893,0.7837971995338325,0.20515034658319173,0.3069647464352659,0.09257600982659578,0.8173080108124241,0.28092013635979407,0.3065807996748976,3
-0.02628399778998436,0.7425480965941604,0.48169001032596287,0.705077696693185,0.5464392794677008,0.018190952079792655,1.0650416102398212,-0.02891028328850262,0.6467474333604983,1.0620504162861977,0
0.06268980038358032,0.13147740109963452,0.3238543152444845,0.31106949160204034,1.0884020594066284,0.6727027532174855,0.26098293549763657,0.9005788796133949,0.7961655967810793,0.4323625190109127,2
-0.024009640864002972,0.6386288769052855,1.0020022056371907,0.5091130581980184,0.2832773334325934,0.09085253501768159,0.805807861027887,1.2643130834896787,0.8708423792637677,0.3611400085434807,3
0.5557827344670777,0.7350560167961666,0.9260801648257948,0.18251013551774103,0.5796147289586313,1.3929637745618026,1.0250676973262236,0.4971858459862444,1.0570611512835693,0.43257260295585453,2
0.1310366988607791,0.8670691155058455,0.8044034408944113,0.40618716100959024,0.049141299356318516,0.5142214275502699,0.8003569395402654,1.0963234898646224,0.7333315259571606,0.29838107819066373,3
0.03387823621767064,0.17287367975955484,0.33801879174440763,0.7293395212617815,0.872028936873963,0.37835349483006453,0.37771811329271054,0.7376972943806033,0.6809590960531545,0.14853591909428202,3
0.42588619358030244,0.11947789605183257,0.7674715111137322,-0.06486124537226073,0.44836750400722347,0.1525172130833347,1.1689629560926436,0.7376999956931767,1.0990708088316044,0.9518628482482208,2
0.7789242034138129,0.40262580921547697,0.8801606499252458,0.41204436258852745,0.08954875846365405,0.3655671711865571,0.7873909136585757,0.6452979818888248,0.2721321904916122,0.1815091398229787,0
0.21883363891174717,0.883253566222242,0.4668558444321522,0.9200192588056441,0.5933379246945952,0.20553717014888587,0.8954510680237948,0.0466317203508871,0.4644061534593574,0.825799213758793,0
0.0011791693052811063,0.1055228502479577,0.6288936344449194,0.2667823111547159,0.03337026494305391,0.2197298750054834,0.5747867818576146,0.2303738643875257,0.6828571944364489,0.7717485875953475,0
0.20697976584830857,0.22326284642514738,0.5399274818308952,0.9771958014708307,0.6388781692569259,0.7367023656702963,0.6163266503637409,0.2071137584844743,0.34036512981913836,0.6857122346320359,3
0.22469032003624023,0.7950246972558663,0.42213906949562496,0.7758373958476436,0.8249839044640095,0.20232589827451453,0.8669806692722568,0.9764910945960885,0.16517091941815906,0.3370612658983113,2
0.6170892370048847,0.7711342791352436,0.12071227745894442,0.7094520620865609,0.550978737567047,0.38195464821375424,0.5337321405339545,0.025703685904918498,0.4694054539705467,0.0055507942483455225,0
0.8668674893171053,0.38855936240954697,0.810990146214526,0.5705946443826647,0.7180240382764261,0.2755291985237878,0.7304916205625175,0.974711214751688,0.9890310830997896,0.524608162751531,0
0.41211297661097607,0.19906527333475363,0.2991212070346477,0.7372524374819224,0.25824644789492307,0.3067512217009041,0.9694804747670656,0.035506227759409134,0.8062118957759077,0.2015915094579778,3
-0.0031579795471376867,0.12346546452017532,0.6504316812879791,0.24496630677266865,0.04918533231050058,0.2430071565843836,0.5989852079250148,0.2205015414309848,0.6993197539763983,0.7933587023968582,0
0.45193373027126227,0.515086018782086,0.758054290957625,0.951152695468375,0.13849111275298798,0.1452975837599618,0.2668748354573888,0.5231126614257446,0.17473814604418558,0.26991380548248145,3
0.6497775614564621,0.8193081503340931,0.11102935072158696,0.7070947457887216,0.5232981957063684,0.40548060821344006,0.5491886271029826,0.06921106271618997,0.47683360349493953,-0.005739941154968637,0
0.6690878405117184,-0.04692095766062389,0.5121906930678981,0.6026099565995839,0.6167459404448747,0.6043202182973781,0.07457824692920831,0.6423951919720694,0.4454851751611504,0.7041700466473462,0
-0.010610107132239421,0.4861578650785875,0.11534340057869015,0.1791865480866397,0.2589327634169901,0.5832701341395569,0.6322325829253804,0.005975023214855518,1.0494846311214467,0.15818521521831352,1
0.2167795225124869,0.885975090404497,0.9771998887929806,0.5483570844013139,0.8928825411390185,0.9390934594183409,0.9541872566857839,0.49128523222319076,0.7267677505689758,0.8155615600687922,2
0.22358537776240792,0.7900765447833936,1.3115639267393142,0.3683972935149817,0.39408951608884857,0.48956423120363385,1.107546633021073,1.373601572735601,1.1346052428957965,-0.2702494935843802,3
0.9596359371711478,0.2916375525030195,0.9159223863669748,0.32404871175628647,1.0365683596329383,0.2575641649513684,0.6465683439170182,0.8453285763919648,0.7776559823700661,0.5323739974034782,0
0.7009617755547641,0.3840729791810203,0.8284008731358866,0.4629918635069025,0.16563660221620702,0.28869529351786,0.7363313158194789,0.7274524123159598,0.3365344296852499,0.26605117588114124,0
0.5385875185935186,0.6435614945944075,1.0027746346167863,0.7842480445794604,0.5331199281430189,0.35889948142172867,0.6312069079736502,0.336629557418026,0.41785571683041306,0.03134162134338202,1
0.5126257128342597,0.17370692794296183,1.0440704181245235,0.7689222406797891,0.2999090330947164,0.8406696045550618,0.3228642886120774,0.13436712407855222,0.6380323882616911,0.5616497074916615,0
0.8356629812862141,0.1505106309067038,0.6331089042146201,0.08678072377102115,0.5229037672167594,0.3974936021255179,0.19818821362338346,0.9361112240078882,0.9241849050977843,0.8173692212493511,2
0.8699173818467216,0.8546689146677333,0.8948675936916424,0.6151284328324029,0.5928453736463607,0.8148275339513474,0.0847253256022422,0.7878403498693521,0.6760789933900557,0.48516602275068393,0
0.27700957018375894,0.8096255000837748,0.7567647670739572,0.7104157737669267,0.4281314772715978,0.8665941597124656,0.34763252613845663,1.0481477984028638,-0.1438753302030416,0.3962533802690915,3
0.051968603559561094,0.31011612307126607,0.3334364811943371,0.18065128897785313,0.5298102147457405,0.7715047377738176,0.2430341738059992,0.01393796649180453,0.750172175028078,0.7674371935420194,2
0.9586859693866485,0.5220733466870396,0.7049632089817884,0.29186785425354494,0.534148301905236,0.7142480180635514,0.4194423996682913,0.32587016450050377,0.2144826373238735,0.5670220835411703,2
0.0048102683217524115,0.10380594881273243,0.6285867587236436,0.2666667074861104,0.03463470554720232,0.21761415689215002,0.5749514911540474,0.22906350271076226,0.6811518796349028,0.7724287979371306,0
0.1460128700456414,0.7301894756814188,0.4987634373755489,0.529120530513569,0.17936231850443973,0.8848520117907163,0.5429368302699559,0.6909197975740498,0.1438137068131443,0.7448533596787814,1
0.11075165946581524,0.6681920675041574,0.5679920643580237,0.5695756380716613,0.17301348123628213,0.8432306212415471,0.6065169605659814,0.7248342524119279,-0.009813857654927899,0.8033607961913155,1
0.11252720563988615,0.8570644323361495,0.818103354035372,0.8107345167573748,0.5338834017484113,0.778944533947012,0.15404359862869887,0.8387198690171386,0.5790662337695784,0.6018660569232234,3
0.6083509885693545,0.511118484830432,1.4795617446468297,0.6606310664926175,0.9135577408904405,-0.14636605364649613,0.11494077549194459,0.9351987942581339,0.5633451352674291,-0.5317863986897986,1
-0.10814897552096125,0.26961622474209,0.41876086353882835,0.20550599974217332,0.8716453022409402,0.467941226876952,0.29302162593839004,0.9355865175218221,0.80488777626321,0.6209988528151212,2
0.8592397974976967,0.4239508629091135,0.6598599743086632,-0.1495896741179348,0.6624552144882933,0.01834346894189133,0.7241694802093117,1.1603696792471114,0.6514844610966131,0.9354841879335494,1
0.02637079176732887,0.572212839203227,-0.03370941040024712,0.3887617773008105,0.20112200927411272,0.5744846569761343,0.6058121635638676,0.25422396844429923,0.9249265233144551,0.046379119719249864,1
0.6531233725543885,0.49211937928276867,0.729142249862911,0.4479769128493926,0.23635573483444314,0.2073110390055966,0.3796826704830991,0.9002361449209582,0.7187395353543296,0.8483377177899935,2
0.6509637260645991,0.8165784944763445,0.0658574556467908,0.661094511460641,0.5449139220772589,0.452512261680881,0.5954382869065299,0.058203470348009136,0.4602733018858262,0.038748526101676714,0
0.16327560075433645,0.8977152833727379,0.8318052262389132,0.5002596298870197,0.4894214079874032,0.9512791502702886,0.1291493176532029,0.917641453421012,0.004594594345683242,0.27697118673235066,3
0.4514392903465752,0.2348944840408427,0.33091257556561765,0.7062813787594324,0.28229859574382027,0.3022388195272598,1.0019385080558705,0.03159529107100468,0.8323161098760601,0.20418638277809004,3
0.7929805582428895,0.398631988291034,0.8795504056242112,0.4080328401641346,0.08964364593354122,0.3626851705196431,0.7876397172407332,0.6510716938193293,0.27209653886933666,0.17309060217372127,0
-0.009114570195049309,0.4844006157835549,0.2650910409172663,0.24400281650062067,0.9338525071582159,0.38084840488981975,0.9261039133269025,0.3067458130093186,0.32818379599360814,0.708115642157916,2
0.305199731249649,0.8502840817228091,0.3483189520899101,0.7748541156413059,0.8450672851082573,0.2586387520193471,0.8561136966400942,0.969615485303696,0.25863913005206485,0.38177269462261054,2
0.47143016560032475,0.5410214646075558,0.22725924822751778,0.6443982429103596,0.7874292360512027,0.9260514390636951,0.021062074487003556,0.6573115583702572,0.9815162454879672,0.16502831797342574,0
0.5208445535128017,0.6332103241474466,0.031621242918334236,0.8752568827700746,0.7260739791463987,0.26926274832999864,0.7187963874522946,-0.09642569180092983,0.6642527374843914,-0.04293852751520785,0
0.984109077734448,0.6762475661122377,0.4104722504135131,0.17312240638601256,0.32228119857747073,0.7514584192033091,0.6213145319959372,0.53089600946344,0.18231810432771062,0.03864775833636901,1
0.5557992604181657,0.9129255668623318,1.0919719634109157,1.128265939539417,0.48254678237944953,0.5303920779654101,0.49149468625277837,0.6389777560437289,0.2509422800344979,0.35273469212761743,1
0.36195200904739905,0.3770752493428362,0.8838012266286462,0.7546213911005624,0.4882843487261996,-0.010604809123557435,0.30630378903711114,0.9400061026392892,0.17405615514327322,0.5367862453119934,3
0.26018216952356876,0.165010071375164,0.7804954918963115,0.7885516572145554,0.39230434944162657,0.984874309335068,0.35905782936606034,0.1860729866170003,0.5962213274857083,0.7189451717208324,0
0.9652176526969143,1.225702799955866,1.120799526561584,0.5696094940398558,1.2801589451332087,0.9182009329142627,0.01769109079610648,0.7900150085422528,-0.07900147965427584,0.6129467778767084,1
0.34285383125474217,0.8152057719347539,0.30900471596599605,0.1299725089593269,0.3083963818374947,0.5124168730570051,0.9980235795293697,0.017636273822445203,1.2590446984998924,-0.005012014424706487,1
0.5561700934743534,0.25414678534520535,0.07606881928264284,0.935864986761091,0.3962521441935149,0.7623067690193983,0.9910869439389012,0.6154269441319552,0.5310482906653949,-0.008601069413889627,1
0.8412876366936435,0.5631473785757296,0.8650473110180767,0.010768097224871404,0.9699242622754058,0.5041619818895846,0.8558665160232941,1.0749741330853073,0.7842571561659493,0.5326677547915297,0
0.43964924851692616,-0.01226489951937973,0.25127062104525505,0.36108304809409897,0.17142181047056904,0.6448014571196328,0.4156081070590246,0.9874794211815273,0.2662795994134442,-0.028520640060936672,3
0.322607538190633,0.9432591228594176,0.6310935431793423,0.772388280899686,1.0268992614360404,-0.0020293384598602526,0.8079123347451976,1.262172558941387,0.1830859359274113,0.5106977220175475,2
0.8472964221637862,0.13861338126246184,0.623697366007251,0.11194481315981186,0.528231593575595,0.3877202033763306,0.18474926324010543,0.9599688287964275,0.9146119077346689,0.8089690407110941,2
0.3362846560459735,0.8658942379339998,0.35846550516868536,0.7975262768336829,0.8744724371806494,0.2686483279905623,0.8663464800885458,0.9493366024742902,0.2551110285242175,0.38613160592219464,2
0.917826604253595,0.3831811395829993,0.8217622039692232,0.20386260668928405,1.1043151346897637,0.45973239982522895,0.7031543130408734,0.7610366079540731,0.6407316680646434,0.6296035507050954,0
0.8495069855684744,0.14607639688434013,0.6460109289829405,0.09329782218411622,0.5320237270840013,0.386331850027102,0.20336040293355764,0.9370764808301716,0.9344851339628488,0.8210574754331625,2
0.35109887019624103,0.6697110584222228,0.09755785988453688,0.6907419096787564,0.8231530209754666,0.9588054431576437,0.08852736346002021,0.5498227248243575,1.1299415131127948,0.12423987351820116,0
0.8382261181707783,0.1570832644410423,0.6477922588279901,0.10352254925828877,0.5493015565657294,0.3769279781617035,0.22709811946657563,0.9182630455081717,0.9199382362786725,0.8119670499552948,2
1.4024470157381734,0.8458803431717626,0.5224430275817933,1.7232351055509545,0.5203943662970875,1.1565297082922523,0.865355256370864,0.3218261811765558,0.8947498509573797,-0.15246039765316477,0
0.6428946115615756,0.02274510519141012,0.5863076383472902,0.5435066817703736,0.6029796473582976,0.6025821499297935,0.057377753846149564,0.6109760582276237,0.45543827097948625,0.7020716527660675,0
0.14861501213651682,0.9792958879336899,0.8443016435725731,0.4651675103555361,0.5271763247401179,0.8462227059620971,0.28477455055576706,1.0263543287357266,-0.08495173398212551,0.32040121941963623,3
0.761296083925454,0.4452709064704692,1.0159653535747022,0.7123557588306108,0.6933856149341371,0.5670766540250335,0.7463948590034588,0.4140239195306638,0.1484083318569771,0.2664340135755631,3
0.1111568353848271,0.8793533408067113,0.8208331512817884,0.8317712990348016,0.5488026416678962,0.7782831840565155,0.13682515188312053,0.8301679192606598,0.5881742158265992,0.6293007786218765,3
0.8072492465913255,0.46473826290460496,0.289757002051044,1.1044723636103624,0.534571147214519,0.37047985153902163,0.8605281916731314,0.5829264119055181,1.0527983946772965,0.6004174032011798,0
-0.009501715587815096,0.9871546097639894,0.8941362362889692,0.6425522198509308,0.40854652385476636,0.7685037834596756,0.2686786288189155,0.8466391367623057,-0.07769593517178768,0.3784475500468495,3
0.049497105327830235,0.21488100495569495,0.3331097649083957,0.7213966240213036,0.9289478449200299,0.24963671567844298,0.49278236173686024,0.7824412804987625,0.5928822459946599,0.38148889686352594,3
0.3664031490749931,0.1311222664722906,0.39080120219865866,0.13535500143840776,0.3476455437867619,0.6605395381510646,0.5618953208298176,0.050712308303207054,0.7006625449605606,0.6890479576896424,0
0.3335248530064273,0.8279711555061016,0.8468830744359439,0.9522125687619846,0.04955658677467034,0.5382584364010872,0.5346867294136199,0.3188651897664404,0.1945207647684252,0.29831774576552234,3
0.8863797038298864,0.6684824057567197,0.5285629340134909,0.01978148759907225,0.36930098467127825,0.7491795918621491,0.684159841808137,0.5131353947952179,0.20092191658367875,0.044726213937434034,1
0.4921044242281705,0.7028626071041422,0.7624094564516803,0.8710158956560997,0.1934862755325441,0.05679879209211823,0.2817362509789571,0.647695281031929,0.11549105859479034,0.2804989990004042,3
0.3637775883464981,0.8932748904335102,0.42529503363558796,0.8778378438966392,0.9473681406550261,0.3511000525235973,0.8132551329566217,0.908856402354397,0.3187051556408281,0.41794601682576904,2
0.892750565721374,0.8264231223465857,0.9775394377492802,0.7230593292284774,0.5780094559153007,0.8971449914822714,0.15310737330171115,0.6875540515073376,0.7197488618210152,0.45624566617140194,0
0.559603919242222,0.7283458444721681,0.7919166461880356,1.0018535284217078,0.5463798036386774,0.4305394689923439,0.5179333975674495,0.3413546585784659,0.2085361881070094,0.06410738022852443,1
0.5183171043334797,0.8257143949606078,0.5491226301756608,0.37892985578941657,0.43691363802794425,0.7828854345500214,0.15275835200945775,0.8199391141386069,0.35091872474130487,0.38422466603055905,2
0.4026790057488839,0.6853986051414904,0.9602705518721985,1.138976548985326,0.7066658219085254,0.5894138749456876,0.24899660873825963,0.274061531789125,0.3835218139244523,0.2732188118958382,1
0.41451506430275054,0.22954880795939633,0.1784103068246084,0.842888023764506,0.25135996114770726,0.26252985779927135,0.9876341004340693,0.11545840028002845,0.7155026405873313,0.26594781731021866,3
0.11303763214861297,0.8620182988608459,0.8080548532710209,0.8132532904947273,0.5429898446684431,0.7929998007091085,0.1591175747527639,0.8260899960459632,0.5598353152344019,0.5888756198080483,3
0.017038594487909793,0.2629565020592611,0.37836357302851736,0.31175346442918084,1.010340198796082,0.6018448463287882,0.22623037202008123,0.8561232201075661,0.821791485479262,0.5221399449965035,2
0.39272794745044337,-0.03750325858227832,0.6725400711818843,0.17077430380294684,0.8660475088561926,0.020869754115693966,0.5482541196583692,0.847919551985596,0.9095029067127373,0.12376311619273367,0
0.45784204822226515,1.0709234963233987,0.7122209674280857,1.1965631129397616,0.7029728157687666,0.3598998128755976,0.28651941500815936,0.0530048591132381,-0.17024791165084463,0.2656237816022444,1
1.1452345897222482,0.294324486504352,0.8117696630560901,-0.11883988619313368,-0.3908271310110408,0.026991398230409636,0.4831745317435323,0.9299804269296201,-0.26894518716626226,-0.1522881286345915,0
0.008113329898822956,0.10590066918762474,0.6326634553152555,0.27946398453982063,0.02711896966530522,0.22277889779408566,0.5662356260791976,0.24308987028550524,0.6889304313855773,0.768230206416929,0
0.7882940113656258,0.41797954815001137,0.23869306215644875,0.8620982571966329,0.4845698719060618,0.5411246092120126,1.1833255855551001,0.6244620156643838,0.9973701528645167,0.5293976131534487,0
1.0171561616744187,0.6041593375452895,0.3069809986822311,0.025906169338217974,0.5296853521244842,0.8278336061254582,0.5335325661138198,0.4133992880881484,0.109646934666594,0.0014403700674566755,1
0.8576133508349426,0.8194946814499944,0.8662212160953436,0.642559747484156,0.597879377520243,0.8165541350378619,0.11862148805635181,0.7490668008609269,0.6812389909133579,0.5084737077072394,0
0.10559986920456749,0.86349002628491,0.8297717154824491,0.8257545113379217,0.5201757227472389,0.7782554883615076,0.16891428792806165,0.8199163941264505,0.5886142205793845,0.5906987880756617,3
0.09346120653048412,0.8500033892936228,0.5198298105760653,0.8940654363021309,0.5639223508767379,0.017520836316891497,1.025994571598983,-0.07782506943512871,0.373946434791532,0.7419296161216536,0
0.18719036841302936,0.19589326751915462,0.8242313980131243,0.1873267199081063,0.747384076411414,0.08101977406974219,0.7642985331680461,0.07132740425084927,0.27848873712285616,0.7600416845061685,0
0.3847450776138984,1.0972380083621014,1.138701905749286,0.5877984558805006,-0.4442622616060301,1.1074203689088349,0.635498953004426,0.5463165242485288,0.14491110822497233,0.5832312609162307,2
0.9253200781441812,0.44860212058252624,0.8391219983200715,0.06777325004182799,0.9554234728370534,0.40125048925398654,0.7891467686214557,0.9245586222600248,0.6995787701894381,0.4971664699856352,0
0.7404282816221629,0.12196581780029517,1.0641504096166317,1.0738024096972496,0.6144552175018095,0.8930376680430108,0.4461082313638335,0.22412972549630536,0.7205771041294223,0.7672133227403054,0
0.797857240460236,0.8272197186321539,0.7752957493400097,0.355058848460754,0.7508206423433618,0.9016245560078702,0.34958202156552165,0.5330661962305905,0.33036758148012335,0.5763474733103696,3
1.1458707543976172,0.9436740921998211,0.06200064515796577,0.7395598247725591,0.39858420390573795,0.08909646263782656,1.1413033874419702,0.36984063666082245,0.2814804095678428,0.9229238282633345,2
0.18927935140619748,0.5103094659737739,0.08195395118865628,0.3731296949233807,1.1013905524119394,0.5770667171365068,-0.007039482451966533,0.9426363075921786,0.7242675315338535,0.663250741686131,2
0.09372646307407909,0.06410399414621892,0.5341592678953845,0.25225276264367985,0.14832503978223327,0.10795594345354063,0.5737877166941238,0.1522485700150068,0.6082900065789585,0.7917783951261282,0
0.5465500058734085,0.05853061317098957,0.27000731140796025,0.30074518565950065,0.3581173135294839,0.6850987214878036,0.5293519528874814,1.1222378012965941,0.4975441885984506,0.16279316986443435,3
1.0145032933253535,0.3518941558428589,0.8679262500689372,0.26906347584083656,1.0154288787649912,0.4564611361952627,0.6999568979147549,0.9973897527517457,0.7421523102260537,0.616201681464617,0
0.5639467693498421,0.26446685208509096,0.10374363410148471,0.970117833081718,0.44355803494127827,0.7960775738302951,1.0067160526543588,0.6855625521394094,0.516502430364446,0.004761661581843671,1
0.4761469163107892,0.22631646136874214,0.5370999714326413,0.28324722219793735,0.902692529810673,0.03902613175955589,0.4206879103767003,0.8869778405861694,0.7574760986388784,0.3141974338844077,0
0.03530915650394521,0.5525782028753125,0.05271510370666653,0.8654583459518236,-0.09841147723881061,0.3158568126760377,0.2086357779201976,0.17459179766107558,0.6341140078990675,1.0386015756804101,1
0.4879578802079866,1.0586830928175672,0.15656569009377477,0.8521345019296607,0.9056264843164908,0.408873355419632,0.9746253922318914,1.0186158892409547,0.07262101476150326,0.5205979686752858,2
0.8772655219239995,0.3827732884831442,0.8229487624427657,0.21318765733943018,0.7863311197026925,0.5173236563653341,0.5438078886426548,0.9478062622593111,0.8048830913949986,0.6527570386410632,0
0.34446882135114854,0.05793469304656906,0.9391911104791891,1.0437342189327148,0.48989461763984216,0.9033116174948688,0.1001041233083956,0.19730569347271965,0.5819024512929893,0.6025524926586777,0
-0.11725319175696633,0.2410572809952896,0.4972212346758029,0.21145989344608657,0.8531335573033567,0.41594022115550444,0.094856538647202,1.0120478283890035,0.9696922491268433,0.6802139683750364,2
0.5335982346068504,0.25884425285215606,0.08283049194362453,0.9961174351136175,0.41143287175580284,0.7864565315381795,0.983802632128167,0.6741675001933684,0.5247610181911871,0.019075896468860685,1
0.2750998506579032,0.8902672856328632,0.992901701992152,0.3714565525193312,0.43614971227637506,1.126390862157057,0.3138063288804822,0.7958275724619007,-0.003996223749318921,0.4152189149141644,3
0.8598350302523483,0.835587676773297,0.8654183336940338,0.6522448664529668,0.602034429266836,0.8299339502987145,0.13075445930347288,0.7597751916643508,0.6859915612833396,0.49700248670921643,0
0.5046260854781085,0.7233981975287437,0.8148354086510821,0.9136008983383412,0.6385835870149276,0.48247445861038163,0.46812860794359396,0.3390175676932624,0.20253649550432323,0.09301467377681027,1
0.08117708988639667,0.7247368738118971,0.487294451853845,0.5140587291780765,0.08602924860635748,0.7983079899887632,0.5246937029528586,0.7252909189926983,0.03063836237556826,0.6767075551928456,1
0.12413168421260515,0.18862803158951885,0.2881241832888678,0.729824067155451,0.8781665133126857,0.2554205607747612,0.4356811763224807,0.8320488332316963,0.6384123431462754,0.281592359826141,3
0.2656213255547529,0.9757896704133426,0.14646787874889258,0.6090593359455707,0.08073375176016746,0.435660009781198,0.5368170007095041,0.2597094475170093,0.8558725933675393,-0.205184738832689,1
0.29029866310838726,0.6711573765906973,-0.2716616279574896,-0.029637988388028558,-0.09513260785438779,0.17971297976903117,0.7843633837181746,-0.03135624662256922,1.127366721862961,0.08886439520240061,1
0.6921331532758506,-0.27306804080257135,0.47856256836227745,0.8285947088496675,0.5504274870212147,0.9035099467067311,0.1246259203425267,0.22074326392591692,0.6495059222065218,0.7918388000272116,0
0.8911562416013207,0.35362804797534947,0.8226179121268831,0.18217847660193298,1.0023821756259261,0.404068471780175,0.7944540068148503,0.9410063933433233,0.6792443523224988,0.5612602094885806,0
0.8756105103724078,0.40581507747985973,0.8161499876030653,0.594458402680178,0.7315502419260351,0.2410524917570694,0.7509998563065661,0.9661985530599781,0.9627590634612357,0.5175822900389889,0
0.9898037975310431,0.6026912258435991,0.5022034477897637,0.13779990742789797,0.5106135217059158,0.8640970486522462,0.6908561743444326,0.6212780232796035,0.2530918239352462,0.00661652959216906,1
0.13470257154108417,0.17083292246262263,0.30810773220317045,0.7733628879294184,0.8815774083471777,0.2926854484942462,0.4515037028053727,0.8646114354556231,0.6443526136587193,0.3064992151660022,3
0.0026915311300816872,0.10508723427567784,0.628828270516764,0.26685877187760604,0.03218663287956051,0.22160569785975373,0.5743040511249287,0.23071625601401247,0.6818273801534181,0.7723444041048498,0
-0.0141684240948928,0.7564616985574392,-0.004484839972045282,0.1360548683822294,0.11504375326245886,0.3764068056651896,0.5853036663759983,0.2901019761277428,0.9879359217847414,-0.08147953677808105,1
0.8160722515994526,0.17433267908012087,0.6676270584965657,0.07965784949485577,0.519824488407496,0.366567862025694,0.210860352133609,0.9057071413451743,0.9621408304465073,0.8326368462470967,2
0.8184452425255861,0.42148344772491747,0.870088157519751,-0.2185178890911702,0.4171103667569416,-0.19450600523417438,0.3786244840141992,0.3785813637637888,0.4648498219803723,1.14252050695911,0
0.25855887418463547,0.9875823317825648,0.41621736490120226,0.03307297378906188,0.16629929114487155,0.8863482329211664,0.49547605986964116,0.27622157326302227,0.7657481770206042,0.5386603599269103,1
0.8755177467749389,0.7058929727384148,0.957670563749634,0.5588027035444709,0.8761268585589048,1.0035229834418828,0.18849796216565357,0.7100450897484618,0.9516354596253642,0.4223348567928089,0
0.5271606540761733,0.8102309214574557,0.5287504138606413,0.3571214713934878,0.43337357424338396,0.7950018337926145,0.16922336059507584,0.81741180359318,0.34320295394493755,0.38589190014001357,2
0.5354766607156282,0.24293006604670783,0.1077828618009849,1.021498544454857,0.4235850125426598,0.7521172944804765,0.9564928098639657,0.6407908185818831,0.4809196262718107,0.0537962505758518,1
0.6629103412157694,0.3258538434796762,0.6270194657646557,0.2655685174223032,0.5282546894256377,0.7132590748358012,0.32424163004248374,1.0617444360728,0.014241940159773758,0.37469275888203163,1
0.5273502945156048,0.8119151528807949,0.5260186466164722,0.3698733285410782,0.4390651689855285,0.7855622278184838,0.1701251260718064,0.8220692950345193,0.34736357231919945,0.39093690504209627,2
0.013467649814776054,0.0939080894646738,0.643559857424567,0.25184292203052056,0.032979224567580845,0.20750102385744867,0.5803422777065455,0.23112758439947612,0.6876890459789861,0.7802063036388139,0
0.7089329255788037,0.3140255097592638,0.5420983698266604,0.007635117548536741,0.2523262798178849,0.2919118008937539,0.7367442304754118,-0.1638906378259215,0.22979180663721122,1.1223934191685514,2
0.4682862476512209,0.5342041699122324,0.2313898088204177,0.6538480144672362,0.7939895214068852,0.9194339614861137,0.016902261303276333,0.6553388217923871,0.9779753022106379,0.1598094694693694,0
0.9367888093141551,0.7890760618462966,1.0264579507219966,0.12279939974065021,0.903638707960016,0.40591182227464306,0.44348440851512727,0.36301696238845504,0.09658914696992854,0.4303170906464592,2
0.8448786571927293,0.14741237315201924,0.6425564927002598,0.08657673477976074,0.530950900380689,0.3887025952242017,0.20624923113023091,0.9305933020818701,0.9332941159954488,0.8211561149250883,2
0.8901633456551122,0.3988784323683718,0.8219597367842588,0.5787360266672158,0.6927134016508006,0.2954040707829169,0.7416661777909376,0.9906371826734316,0.9750602051351749,0.5049810471865024,0
0.25331649911449683,0.9505335642713134,0.4158814168415295,0.03774425260772153,0.20859135105282578,0.8855247594462451,0.5103863418354445,0.2565721014421996,0.7587260194601727,0.5015730143997396,1
0.36898270883047496,0.21257449438966755,0.30028807639423605,0.7914698035647618,0.28716730146909786,0.24703575462745364,0.9025751671616646,0.11783214032555894,0.8449771915391896,0.14232058208054715,3
0.4485142993100307,0.621937634806168,0.8432943688378554,0.9097507783491924,0.2104622533018845,0.1805205838571251,0.25888691837017586,0.6082486204757298,0.13895856568050136,0.2166656288596042,3
0.12435009688410271,0.9109803820335521,0.8590670936420435,0.5590826104754243,0.4217655831094022,0.9280937285637467,0.20188242580185306,0.9386503395469454,-0.016611280842205284,0.2375517640040273,3
0.7285488780492793,0.4337284370915444,0.6396495019641694,0.24852011033829174,0.15444897781712752,0.5313309867646923,0.9483394715854936,0.397491211849526,0.7634548408676616,0.894086261268455,2
0.8552378810444138,0.3715843104578962,0.8059804732833608,0.5691046077983962,0.7174764858165403,0.2657985596150999,0.7325530523752342,0.9672158869733426,0.9955863149426045,0.5122321413387446,0
0.001062152060964785,0.09962564764685583,0.6395925894583521,0.25850767998632407,0.03981298833389156,0.22947539208036657,0.5822225322373665,0.24306751698953002,0.6799062685951407,0.7681188068612668,0
0.1761232171206371,0.9390453433035506,0.7623508716556608,0.6228743048828074,0.34072653694351973,0.8598506429780018,0.13814053415549943,1.039250668722036,0.07758737935799362,0.1291322688974202,3
0.7673660617329815,0.13120708971285572,0.02670874502672327,0.847911325422041,0.2996055684136366,0.4655960578104415,0.6073490829651368,0.67762817010902,0.5387085366392823,0.7614492441151959,0
1.0810027345156448,0.6170469292787676,0.7588594653627069,0.21510910813555645,0.7666871443414331,0.6293592584215972,0.5437178907639268,0.4242543566950665,0.437499184371421,0.6651817641483803,2
0.5578816963981199,0.5714309782054267,0.9077289361237187,0.5404329136592044,0.4856338684950747,0.6248981007040907,0.5827049629369433,0.5425899149139923,0.20235540452370335,0.4379748398171459,3
0.16576332499569157,0.7747452028613233,0.4975304089850339,0.5666513830836027,0.14396301811924855,0.8428979753241432,0.5169122174470485,0.7123212040206388,0.09351414589552248,0.7339538803345156,1
0.07310460258947472,0.5909618598274379,0.14074029279658407,0.8701436621930232,0.07000992736746062,0.2851327649465841,0.22486283866324014,0.15730185751197337,0.39764295883841083,0.8396632109690143,1
0.20078306247734878,0.9223933052249841,0.886997073021709,0.6682272266717021,0.5488336128966457,0.8948743505522582,0.2748867801758053,1.0079292896013,-0.07468441531705948,0.32664623851544256,3
0.5798773830668854,0.6790779625179385,0.9139980823111059,0.38872813710836773,0.7092015710552704,0.584767619449177,0.487755864170536,0.5615490117158451,0.4158673261414663,0.4834852007505505,3
0.3797311997647183,0.3239729334619419,0.9644256326538252,0.22811617107976823,1.1110234239976542,-0.16434132005402813,0.7936503971178417,0.7285166272914433,1.1364254469229595,0.30135068315783176,0
0.11038816131173089,0.8561368135570073,0.8202445775876275,0.8103137186102565,0.5324425826770443,0.7793339142534185,0.15520644550926765,0.8355532972303237,0.5784462529079611,0.6065669603215837,3
0.5221494531082719,0.8170804353406106,0.5289408434184657,0.3364533372829637,0.44442438002334367,0.7974485797079028,0.16979325112263127,0.8365070393085624,0.3422076072650981,0.3993804951963174,2
0.5488261875663822,0.28762509891036764,0.06575223713110141,0.9077479551882166,0.4014788875254553,0.6875507056627332,0.9397992499055662,0.5851106343275123,0.5882185736754981,-0.06849878222311857,1
-0.1431688386149197,1.1949809298170684,0.7237736663847836,0.6691902822523313,0.9986543176787557,0.7556919181489657,0.8642849878459725,0.6965800089387393,0.4228672690298171,0.5916049830976458,2
0.2981689441370574,1.1108986256379698,0.8117581740780886,-0.10312481904620269,0.5302429560449083,1.219459736144398,1.0303646362537335,-0.04793934716190951,-0.06509047878184465,0.8937489119168723,1
0.4194939696697968,-0.04470611727126969,0.8880881701111798,0.8607598623361288,0.5968291068001942,0.5860089864101644,0.07385630636905621,0.04417019585637752,0.7461881245686266,0.5717977848523637,0
0.28560073705316186,0.7716539773017959,0.7453396338596783,0.5484580777123421,0.35981115320604057,0.7643703643001939,0.2978023148481515,0.6849336564139118,0.12309580434139587,0.06237889112022249,3
0.03786277449414666,0.14136314617289153,0.6085103517125187,0.2982880511052141,0.02155970369620076,0.2472058361192181,0.5594988654295616,0.20351518995555445,0.6777969640328237,0.7538202043966497,0
0.2090170539687534,0.8097889606937972,0.7651962735626183,-0.12629295059393342,0.31552579692858684,0.4887016738366137,1.1378387283913136,-0.37419394509607706,0.8816228942271048,-0.056014436229070846,0
0.7321811903455444,0.4276848031937737,0.615787163004967,0.2431928286877537,0.14117193735112857,0.5368821644717481,0.9681067713298238,0.3963593200888061,0.7607648175468624,0.8997908697527398,2
0.1265198507035429,0.20153945592108174,0.3412624790710395,0.8990779389201753,0.8394739422066887,0.2863869365086075,0.5578376454631486,0.890847017741627,0.6520777356364205,0.4180657708933281,3
1.7441450402264136,1.15863330565301,1.270162975584575,0.3685554934905731,0.6974015500391897,0.37261164197144453,1.595110173593322,1.5606028363281341,0.6880239186798747,-0.8460769361048995,1
0.13879137116707455,0.6800265613766284,0.5799311762952625,0.5821573313162798,0.10553903119333859,0.7650601362146723,0.4725987861989693,0.7720491309257138,0.0592724412163346,0.7860208460637648,1
0.13910218264960064,0.8700468080326487,0.8261308540369539,0.5959908286651646,0.42017674617224776,0.981363471539756,0.12074023843573424,0.996715176956044,0.032840193297342786,0.1912372922590711,3
-0.11235156287215486,0.599534451141995,-0.03506956028475389,0.070423860017723,0.06654792825699773,0.5271885880949191,0.9750374714716579,0.2839989221638258,0.711143284506508,-0.06281703802725491,1
0.09875683832115978,0.24162876282696547,0.3155159193484484,0.29518593590747233,1.005769848919992,0.5425374464514182,0.1835990185212113,0.8742674581214405,0.854121684576051,0.518141050067437,2
0.46989301907819475,0.673826630123922,0.82178632336229,1.0780581978327293,0.1590472571297037,0.048298254974771915,0.2218555925319692,0.7134144096691882,-0.04792961886256775,0.0937105372073469,3
0.8954101031767235,0.4738545859364768,0.7896012157781055,0.20286043726809136,1.0686019295112232,0.3217784610284692,0.6969549242744869,0.951699905176418,0.7212209170016083,0.5366141591658502,0
0.013397164222233145,0.9007890985227048,0.9168387506189132,0.3486871897845594,0.0888003741733848,0.33989097992126194,0.8000368382636838,0.9640058181305174,0.7262759748934171,0.14145077035673553,3
1.00069350813746,0.4649471808898219,0.33253732661698177,0.7931627518494926,0.40729661988651683,0.6119297019313146,0.7302627106589614,0.7621643767113836,0.7892391584615617,0.5940982863617772,0
-0.05855949298068561,0.5136772304436421,-0.10656815044547965,0.19339055746516695,0.21877547679163345,0.6294185204442206,0.8857147755457396,0.34160828124034603,1.1356038252410259,0.03183781423482519,1
0.3066630893173853,0.8505806754586087,0.16126027993789838,-0.025414380344258525,-0.03982568108598156,0.23250169012486976,0.5480134984725408,-0.04323183929158775,0.7801293855453452,-0.08749108220273644,1
0.5386834977255546,0.2761523869635035,0.08342778906298066,0.9814647612449658,0.42870851378381186,0.7571990252012872,1.0169585378069228,0.6541962011769087,0.5332875276108162,-0.003550176908005371,1
0.2552099901212772,0.8223184247362352,0.36987196137439593,1.0095877752022027,0.6462599816520557,0.21356385542260947,0.9065037376915352,0.12008803074925418,0.4308406669669538,0.8809623872385098,0
0.9883977549564293,0.4915591094505959,0.5193461632737967,1.1853499094243762,0.9776507224414098,0.5802202958853666,0.6708538014129487,0.5913897560222099,1.0144463995858994,0.40817964453855315,0
0.9667803358919114,0.3371154159724487,0.8309433092556405,0.49016869941174074,0.6758145006623343,0.3030956991100998,0.8154842032869296,0.9579816096297818,0.9066569650451907,0.5311487844502434,0
0.29354329203826873,0.5340501526167667,0.7639665123850812,0.5413681106037972,0.8510576607507951,0.9688306325445114,0.08740604099322669,0.3137398915148033,1.3209047714755622,0.35669269844429685,0
-0.1372966388837883,0.38082078289002563,0.9586356917500283,0.463806840955356,0.5904466705420727,0.6322156971957725,1.2841638019092882,0.2918022908673233,1.2443952361428745,1.1092864735947385,2
0.8560109823313033,0.9134267223041702,0.8245803149697648,0.5869396858074308,0.5375400891198314,0.908716468065639,0.14384069621757345,0.7608127497398677,0.7350823476140013,0.48605747246644937,0
0.3920554582831731,0.9887999846863432,0.49225017116644443,0.6253822466716016,0.012997967673096467,0.3009433707102917,-0.0023932655667940825,0.396021068082325,1.0226892665765714,0.8828280173016937,0
0.8855575179988062,0.15101583500122004,0.6083375080459791,0.05880139793039192,0.5173157046819391,0.4331455603867983,0.2531771208716825,0.911093370642102,0.8986381248744969,0.8416595833566529,2
0.11483726829391781,0.21972961632911603,0.26982811518151784,0.7531999413900413,0.8992040985789012,0.24001864513823062,0.452861476970343,0.7969856201720463,0.6579776747527714,0.2846930580343726,3
0.8867922925394306,0.5549325855703511,1.0611063178325875,0.4413456107300149,0.5636147738692174,0.8240314999083956,0.19690084603313812,0.5029139436668018,0.4152200858552246,0.3802042714826808,0
0.4073760595355717,0.2057273358892981,0.3071824924986515,0.7372412283731026,0.2549238480016891,0.3071206198303273,0.9672166222783665,0.03746210866618277,0.80197019778553,0.20394262819120992,3
0.8260435856458811,0.14849349054428773,0.6358482730484901,0.10267044764113119,0.5363965074222569,0.39549630426091886,0.21469450012469085,0.9190759004256447,0.9510128971430313,0.8173060277404481,2
1.0326000875316785,0.7814677945650859,0.9259652002054299,0.5553147811064607,0.6131419258174385,0.6712680138563333,0.28353525448501704,0.9393055987537346,0.5781657618193713,0.4343033665369738,0
0.7266145056005038,0.39052743693955666,0.8227344877486287,0.4641684243079166,-0.035510606657365024,0.5158195984575928,0.8198172617799636,0.5375990780665358,0.25755317997517374,0.19818962023183626,0
0.4714440835413847,0.005644160244336811,0.26324996290108943,0.3317327256462205,0.2741169731729621,0.5887310923466342,0.42887554713946685,0.9484317101535371,0.3714149657860076,0.0744837500861932,3
0.15599656578363036,0.16596590033032002,0.2720080005452487,0.751349954542339,0.8944910382846039,0.22988067971154313,0.42392940200139057,0.8087224647570543,0.6133207394288779,0.2772865020835908,3
0.5595918153698858,0.7991369488813385,0.5398537158590628,0.34734365234885695,0.43310885732422055,0.7799332103884787,0.1666461252605145,0.8191332013460327,0.368636773102673,0.38221348071494055,2
0.22308381517483575,0.9571595797485791,0.3227285547419475,0.06712073553736987,0.22171351634015635,0.8689519355267358,0.4851831660657556,0.19084171734810973,0.8115696893191519,0.4808453187529611,1
0.05495551186129154,0.2899414900624404,0.3448279785762615,0.2690559207472511,0.9681677569865746,0.5705167429599242,0.22353526346778785,0.8710269850791119,0.8306227420766046,0.5586799361280466,2
0.31198679248670064,1.0489508680685642,0.7276672162211616,0.4254939639636779,0.6190227434752362,0.7848719081788935,0.4089469570162497,1.1378738489243363,0.10956001531100677,0.19384222252300518,3
0.3350595454620283,0.6277931677048021,0.08090873783383162,0.3879616424686312,0.004022888705680558,0.5163679523389112,0.7501407438136036,0.03648465040478671,1.1434062443226154,0.05195178722513147,1
0.1299565744302755,0.6118025133043239,0.1434007833727423,0.10438158187377011,0.17747415696822677,0.5505301575042609,0.682393067021744,0.025836529015766635,1.1387638692625117,-0.00016434723751351799,1
0.03834758573559327,0.6345246397579836,1.616558232686479,1.3350523895761062,0.5865203166349668,0.8405877859295241,0.8318814437822896,0.8184913755510298,0.7454499845755606,0.8983601460378909,0
0.8368814921641716,0.13663158515820167,0.6531918325188302,0.05940504360380568,0.5295162155272268,0.38170066296618677,0.20899775236534382,0.9082856797033849,0.9114236858635633,0.7871640843407103,2
-0.08986734368457899,0.7634705114290183,1.1114367378814347,0.13473370129082113,0.06582657701285483,0.4776598343651042,0.6576362661030984,0.951414726077278,0.5769273369913986,-0.04357866336807656,3
0.5436169027869363,0.3004680634541746,0.08790387197233779,0.9758233789272884,0.43055518853727537,0.7489349697480696,0.9656419704212688,0.6966682526892701,0.5253018585271076,0.020648171855738612,1
0.8651442489004098,0.19550855219905278,0.8594625151396048,0.6021164836338642,0.10697962877373261,0.0764243748123567,-0.07271695458099281,0.7844922642795621,0.27084335526125575,0.2995642146390558,2
-0.03647462669723683,0.22682086513877986,0.6539539963684764,0.1708977973862754,0.1673911357841585,0.15831941237474417,0.4606178997872076,0.1555548709691294,0.655463076087345,0.6384085326684548,0
0.029488375174181097,1.29510917808631,-0.050308950979890854,0.9046005542119225,0.6836107097826516,-0.35348956398580467,1.5585064495122942,0.6638562363006076,0.40038479768260404,1.3896519102544647,0
1.1437847610986334,0.27135755093960456,0.7462611205009025,0.39654457984255187,0.7606766716308253,0.12279751436876174,1.1106185285024255,0.6901967906232025,0.6083515358276681,0.7525226312232196,0
-0.8488158691307159,0.8489933984243525,0.8621522980974669,0.3237763860443741,1.9682478365922242,0.14579918085741161,0.0734421889678526,0.8889354745975124,1.9927038865875533,-0.47384237382800165,2
0.8753622589493906,0.3849779421492532,1.0756318439091601,0.6516476896334784,0.29907367344826497,0.21729746026622765,1.0084995799564713,0.7177774726753577,0.4131526771880779,-0.022112879782166917,0
0.47716283767472634,0.04856790160191302,0.9530426747508571,0.8667927734449179,0.45951960352815335,0.7661507278974262,0.24449325909927966,0.09849948105826152,0.6070131005922562,0.6182380213309605,0
0.10750615860962243,0.265372284140815,0.33407476518765844,0.2579818825925926,1.0454250020100564,0.5054621393744152,0.27393991519901406,0.906668311261511,0.8565005317620547,0.5843982201170991,2
0.11020759474329693,0.8563954749415089,0.8182689986674458,0.809267306578695,0.5325290135881273,0.779409565450518,0.15633565847742553,0.8352768398362094,0.5802931622403266,0.6077143252710827,3
-0.1459854807453228,-0.36031917975628736,0.0802590637384468,-0.2537646639951833,1.7392842357765987,1.0138754579884173,1.0177185599635021,0.3948728602761022,1.1716175550039103,-0.0243160524465742,2
0.47349012297864435,0.037105442900017896,0.9342787328485066,0.8794732127547311,0.4523725996030281,0.7639021283782838,0.2348426252411388,0.10428062518829899,0.6037589900365977,0.6217211688328599,0
0.8924239876282835,0.4823766642459039,0.5388744428255119,1.2093358507356515,0.4975150698550671,0.6920741126545873,0.8580018915807837,0.5458359542675274,0.6757713036705324,0.5144020085576508,0
0.10635864937569253,0.172305642014812,0.3046827060286017,0.7284973060233071,0.8620331804851049,0.2674378709882339,0.4214731924962446,0.836458274660602,0.6189627114943821,0.29381220938283376,3
0.005767905670212115,0.09658516858634057,0.614573112060449,0.28197332037463346,0.024207041217754577,0.21997928871778627,0.5588976570647223,0.23251275657860102,0.683336704665555,0.7856122626172568,0
0.38465998406540186,0.2000346441412442,0.6448171746670167,0.8152256923932927,0.7606346315258531,0.9062613235966499,0.6327932885780885,0.2896275544507685,0.4992911571013729,0.6849809721532423,3
1.2239777884210556,0.5911190879205849,1.0927251883096165,-0.060377046985718,0.468301911752842,0.032986910744454256,0.4819343567567994,0.7534613063010226,0.6672363943798445,0.6950200202666289,0
0.8332373782806368,0.4908127115051402,0.8108556783181343,0.5147109175166131,0.6429724042053307,0.261278242280029,0.7553477114335311,1.074868904218327,1.111427643547458,0.4420506819142025,0
0.38947541827043186,1.4987767549459976,0.5349913867137955,0.3841597168929606,-0.27516812991776934,-0.005320711457097949,0.39605713214419236,0.7609923547554769,0.2373847773636132,0.015150471482683517,3
0.7535704647531394,0.06537487778593157,0.634251802191794,0.5816369108976833,0.6941909847597164,0.5541111090714396,0.1744493830133923,0.5732591091582067,0.38506689679874606,0.6550899784735468,0
0.8171042232590356,0.8611691868306377,0.8647297369559485,0.6881015853806702,0.5680702554227848,0.8794149940464908,0.16462149014798133,0.7557369832701688,0.6018526163941306,0.524124377799217,0
0.4412902134479727,0.5253841415028729,0.2468811547046334,0.6748845304434864,0.8086876843814048,0.9254057415635453,-0.0014591368163397005,0.6779185133956586,0.9589982981547742,0.1515747720273154,0
0.862881983586496,0.1437584770691973,0.9188567109258194,0.45117039371439677,0.44318111948793526,0.7399806624864711,0.2268319451084112,0.5761213203024349,0.842013002405799,0.8560973541803167,1
0.11125633929862991,0.859637406718727,0.8211263412796241,0.8132232916666315,0.5325577525972304,0.7822954718589734,0.15631358454134958,0.8367009188131694,0.5780014825702168,0.6037744117317416,3
0.9216656222561067,0.3720189975222115,0.8340423282422103,0.19582386965832133,0.9924527579926191,0.41038936795981995,0.7391639838296691,0.9015545659975092,0.7018759028622442,0.5834577155517999,0
-0.379575313311307,0.26458458522615863,1.9687952043510082,0.3172110438082911,-0.5094615002558447,0.5934898745961507,0.7968035677527496,1.3641819156709105,1.190252785295407,1.0732035145494798,3
0.4128140647859399,0.19868907087282142,0.27952243989564163,0.7457347867282565,0.24625761408274788,0.3006939985665826,0.9624684014989752,0.06038977963276607,0.8105335600441552,0.17078609117734783,3
0.2995846159839225,0.15925321156782682,0.6447762368596942,0.864389142666677,0.7738234514065474,0.8369305252225244,0.555806645352709,0.22503900992557613,0.527992964695277,0.7330550868548021,3
0.04121203395574041,0.6468602777029505,0.16069566926980908,0.2444874436611819,-0.017168809540569485,0.4055617556129298,0.6323022937566214,0.045970742203544065,0.9938636784670422,-0.05503305638633174,1
0.4195286747286423,0.4302806510215552,0.4320119046989391,1.3094466251623993,0.6318549157466841,0.9249782997619052,0.8412463845948159,0.5026513525617368,0.43767851704149546,0.17864691832778623,1
0.30232448404054363,-0.3674522307597075,0.9250856109117368,0.7170161475479464,0.8769566919066414,0.8686660597825668,-0.3465172066236859,0.9738347036133435,0.2497358664081655,1.0516188548627903,0
0.8974481451741243,0.2720077066897015,0.7849748554416471,0.46678721856916083,0.28563320074881177,0.18204065650578247,0.9457843617791487,0.8588527525322793,0.10065600658698479,0.1493893475435052,0
0.934079138345807,0.6537728876813507,0.4929468743526093,0.07590206836713875,0.4557784589072634,0.8138098981759985,0.6622723358972903,0.5853334332314867,0.24877271935684442,0.08409436208780073,1
0.14527922749486671,0.8646419657021241,0.5670875148763568,0.9516484436084885,0.6618808713368427,0.0913543414932501,0.9802824984152325,0.1144145510175166,0.47024944654259615,0.8197674257866396,0
0.018375445620572237,0.15569158288531884,0.5995163780772571,0.31664176402890054,0.011108940179843336,0.17687092297997348,0.5757259444013274,0.18220356899579135,0.6906248372916465,0.8328475038025261,0
0.049943809312318996,0.862486597248172,0.8185246560514118,0.349623815395778,0.06598935933199084,0.28335642481914797,0.8157862581402786,0.9122645154904853,0.6286757970109184,0.16481052058382173,3
0.7867753996594825,0.7473823216986857,0.5371527664465072,0.062078891711149435,0.6451850828529457,0.0925080301853262,0.9359861255734598,1.018381141387443,0.7184689523203733,0.7481409934043399,1
0.8618084628043265,0.39821344341002024,0.7947665690392166,0.5886326491440648,0.7298954234706517,0.2808925940092816,0.7547722754680484,0.9545497589673342,0.9997116037958145,0.5077390977754619,0
0.5270060379529975,0.005577095825420079,0.16190937271091987,0.395807968227658,0.27557763427560705,0.708899373493076,0.30234945100067656,0.8576369312106219,0.45052617741345413,0.030497959951695193,3
0.023957689821925365,0.018778326974485213,0.35094696225563465,-0.36130902806995235,0.4090483433197407,-0.11264980758142282,0.32215129079851273,1.239973984646561,0.9292291509832309,-0.4083773083349137,0
0.1427596192239694,0.24313614575628506,0.2936011958499015,0.7564669846219976,0.8405730327975806,0.3112461659978966,0.4310848089711292,0.8438975061001003,0.6024049437605241,0.24756319947086594,3
0.32788332627107486,0.0730434338990594,0.9864581011413546,0.9533113431139544,0.529442445417821,0.6291568810791387,0.10636244907138862,0.11847924995310843,0.47888784349161556,0.5266313746253478,0
0.7960908333308538,0.6640899715410731,0.5113612204699305,0.0613225786269616,0.5232337160056635,0.02156206499702009,0.781827524745,0.972108005739071,0.812128254401836,0.833949726808183,1
0.9289206187613497,0.38511183914401376,0.862664734189776,0.19761226679775679,0.9829981726865036,0.3725374438226045,0.7509088020626703,0.8893098009487893,0.6813725625989824,0.6044585031778571,0
0.506239808252254,0.7980501202537869,0.8143932964862434,0.9028873318467643,0.6511227288058358,0.5000965706011894,0.4161868189992539,0.35888819805403466,0.2790372882249869,0.07566424454616097,1
-0.1442836466985549,0.381946223046873,0.37172636410711307,0.010953121548573252,1.0953142814380734,0.5120859769150377,0.9741165808492579,0.5132380507024755,0.24243282173256653,0.6725954872112522,2
0.45458822962876133,0.5443389984207967,0.14843218044472514,0.5090450775438355,0.7101571366633416,1.074729354231689,0.04834532067527533,0.5715766198552529,1.0706145588186384,0.2076828005085166,0
0.7786244918889953,0.599322444068227,0.8935947948470842,0.45507827897947517,0.17106769716450937,0.6472124492025196,0.8987358331253373,0.484780097916492,0.5019921031072936,0.7484470226556498,2
0.8444435333298752,0.1376123141523468,0.6455090503829402,0.08515950195037765,0.5329658627137808,0.3975570263914493,0.21853043014995382,0.9213718753924725,0.9219632852814971,0.8188402469642048,2
0.1472083439175469,0.916651140463082,0.8888369724949404,0.5528367920114955,0.46085284195102133,0.8975654528434355,0.17660034779006306,0.9703747151628229,-0.024004540167969997,0.19531583336868155,3
0.18664090370643402,0.16216576004660496,0.2758901375726013,0.6696657132830758,0.9350598208271363,0.1857294649574795,0.49179856705295727,0.7440197558121326,0.6085384432291961,0.24748724103135394,3
0.9446240695408935,1.0196612392202309,0.8777635452028387,0.9563396319429109,0.9143036174365384,0.7133994846354977,0.1260889885414046,0.8037376480873302,0.8395025476995931,0.30492378934405473,0
0.8513423916797942,0.0203774445288466,0.7221857971437644,1.094680145594368,0.5122031924551586,0.276488646570055,0.9584134575029928,0.7885586697465159,1.2442074640466547,0.2544300238233178,0
0.1175666197125591,0.46772468034087433,0.31163619168738255,0.9539070765137497,0.5960468943870377,0.7798430640831051,0.3571254881552163,0.07700134327559192,0.16981068647056524,0.05543545026394862,1
0.6727623779544754,0.7743922684953145,0.12018656446767871,0.7178118585943066,0.5307210814561817,0.4405935395777942,0.5455471200403581,0.060729854973699045,0.4947356915533599,0.0027568073785129345,0
0.4838306188604521,0.07615180796054193,0.9684178631908007,0.8915370326574372,0.50675946767123,0.7625210924813431,0.2283332663459658,0.05633881838561092,0.6514350793793758,0.6539074638278013,0
0.9478919344701137,-0.03393972763160291,0.21486917187064022,1.45113929756229,1.2492754537900654,0.788332650403818,0.45507144121476706,0.8243960449196734,1.3767461020017946,0.6676166565017558,0
0.36446213202684125,0.13210530389885083,0.3831160371421693,0.1413758495858822,0.37098187290834006,0.6666739938300015,0.5676861739562625,0.06626333277929074,0.6769860181002156,0.6957007932226885,0
0.29883641364815705,0.28257532931733575,0.2538631795703947,0.7178384510211381,0.22609507588756003,0.35707446408465493,0.9495777679860936,0.02262090244492123,0.8937453720293971,0.11507205988303189,3
0.39581255281368544,0.2798013034023294,0.6318940415446117,0.6760482743037659,0.07132310411489771,0.6210682858373606,0.4325908326686863,0.5509828916517213,0.2589818063572408,0.718579287194986,3
0.16670623808087026,0.5938525967738466,0.028074356835021783,0.24454276506064382,0.09638118099932691,0.49652367161024963,0.7073249353011909,0.1665213662553317,0.964548045961967,0.05749172583456687,1
0.11939837672932883,0.47378662972422475,0.29221048873754885,0.9402594704317765,0.5975492092564291,0.782972597341072,0.3485704588891111,0.07059590972394694,0.17899475220440222,0.06046391502102651,1
0.14408428785699495,0.4529812089040225,0.6349566741400618,0.23376997817769063,0.24894767875498125,0.6032476389177694,0.5198606450786177,0.8769523306010641,0.11557702608631697,0.8567360077596045,3
0.5370611909700114,0.8035029134286386,0.534329421250813,0.3632525756886645,0.43591214016147006,0.7851581695293127,0.16378802752724786,0.8140200649522085,0.3497298267432766,0.38513807401820604,2
0.8003731456542196,0.12007063172050493,0.7255959250250303,0.3729578220601152,0.8002173768424619,0.7128155351251101,0.19323375005270313,0.818501874391868,0.33191201861680153,0.851012731617952,0
0.0456142720149553,0.365391875042968,0.3339950410074091,0.29361387498626607,0.8932820393644416,0.5432037679865876,0.8449191490665855,0.3830154146708487,0.3594029196095265,0.7763629948785734,2
0.9116361571173041,0.27801195705784126,0.5729590419464349,0.3366702331217652,-0.03753024113226408,0.5751011082069893,0.802124466834618,0.533884384584462,0.8655367087035288,1.1116807518301564,2
0.11389136875261663,0.8583075593974964,0.8229580970132918,0.8115471459702672,0.5320901586774096,0.7766815751490047,0.15811165717597142,0.8327706019495656,0.5786423751402189,0.6053900740279771,3
0.6636054983947137,0.03305202064583035,0.651449195887148,0.5647310426291257,1.2878676058206162,0.6160747297658514,0.6500610781718917,0.7484985743977084,1.0251465610613424,0.754137930832008,0
0.8064596034934498,0.07958969855404484,0.9663146208720967,0.3702695604661421,1.1575441164951559,0.4105512625087052,0.5438243277650291,1.5515947268938262,0.15385242035980318,0.1680262451699874,0
0.8488298992397287,0.1513053785029155,0.6423086386384947,0.08410477503843974,0.5315537531661256,0.3894083303101069,0.20578850508611066,0.9278365306190408,0.9384772160223808,0.8195130548880107,2
0.0017054540469138256,0.10561696343438612,0.6299788686583678,0.2652387463437502,0.03417438657919035,0.2209132819077549,0.5749316113775153,0.232443156303882,0.6814458911526587,0.7722574840714229,0
0.4100926768681368,0.0441951017716251,0.2740541134150012,0.3086420418776915,0.31837956239535936,0.6318806177610012,0.41010198709428664,1.006209149984876,0.3107606034059159,0.04688957337608118,3
0.4312651351707549,0.23051411689723653,0.44443794213432597,0.9666753105770405,0.5462400564339307,0.7503741488038713,0.6359120281590538,0.06500004736066167,0.5915582779390978,0.6252710712179894,3
0.057775747006970635,0.8999007472824965,1.0577124676940355,0.6463564782555937,0.702987697708278,0.8541275315727024,0.9790504840366441,0.6339402017804137,0.7521281806268822,0.6987762716396494,2
0.8777678819599595,0.38694589387450795,0.8003390573882003,0.5613258024127377,0.7213531196365314,0.27475553885333487,0.7358199303899783,0.9667139674779566,1.0001943144594296,0.5311423420828975,0
0.18905620577916388,0.8324874439864269,0.6531189250302503,0.122125408876115,0.2652319627912636,0.7457524657388895,0.5247930725266771,0.32583901997809595,-0.23993882397758726,0.3958094088118418,3
-0.024406214389022934,0.9242824508965383,0.9339206439256802,0.5617125584197414,0.014683633379937819,0.16387713677314628,0.7557685119691625,0.7915986312764796,0.5782288617666294,0.34526790090467296,3
0.09679615184695384,0.8992582375803476,0.8868473380415678,0.5766108629687844,0.42127289638684046,0.9039075533963449,0.1671333216687086,0.9300304137258325,-0.012260275614803834,0.22273192505306874,3
0.5410090829901463,0.23934379452666696,0.07815049493466102,0.9915880588131293,0.4413922172657589,0.7637237659925858,1.025725664223253,0.6423957088129729,0.5161098254178348,0.05455484109844545,1
0.8560826394306875,0.38775396638653603,0.8062117794329704,0.6019257305670722,0.6983709082236277,0.24301585086030997,0.7032915520366425,0.952718256535494,1.0035760118054464,0.535811463229437,0
1.0393077952762357,0.4575821373667397,0.9986095923270037,0.20883082144035253,1.0604737312663768,0.23398694390869862,0.6231346071800563,0.860040191379884,0.8339242091873056,0.6073213554239493,0
0.7180207197221704,0.03918044957499307,0.5032640262649908,0.8130530111796523,0.3722523823078733,0.3533410697815483,-0.11773655130094526,0.6580917264914179,0.5107798212876518,0.6225617570851666,0
0.1608814981160399,0.22753290167032003,0.3204991755144794,0.6890607891326331,0.883036124137636,0.24062356800974394,0.4612155988923553,0.8476595416274973,0.6445281453790017,0.2528386617180057,3
-0.003534470003054015,0.1058517182658435,0.6350155747523909,0.2592600765584729,0.030345418352156282,0.22414131467760015,0.5809155943005317,0.23410200353266664,0.6756652904974151,0.766444716126347,0
0.8411267881295076,0.5748340551808824,0.825015170906205,0.34870333618304356,1.2314926192021858,0.6031584685616903,0.5247592104516577,0.8492380806466624,0.46421627700216417,0.48787510239915893,0
0.9838061825243339,0.11239828286903014,0.5534938774466367,0.6840726520833165,0.1822926059453475,0.2231878980569062,0.4362451327728232,1.0538924495151853,0.3997584639312638,0.7001795267602303,2
0.36079276993663206,0.9434915656405242,0.3442842619682187,0.842530175699586,0.9154867536225433,0.3359934833233382,0.7981446732332091,1.0523608040772834,0.2520642137950647,0.3304044229030326,2
0.35314028092341,0.11196446516273267,0.5841030817533022,0.1962237996157548,1.0524735222102652,-0.016268254362392907,0.6008727769568162,0.78052355465718,0.8701393511747304,0.07457215580190943,0
0.5353422481626008,0.8074533809923604,0.5468291866341893,0.35785336562958686,0.44621126462841154,0.7881083009429325,0.16392275740304366,0.8233657100848365,0.3501785920161158,0.39627640531490604,2
0.6728520609792199,1.1497628768524186,1.2831725751836556,0.2295194316675948,0.23483888034786088,0.1291787308785769,0.07065026057932633,1.0318951709855058,-0.33843927038317545,-0.08049636383115821,3
0.19834668618986706,0.8773262393932334,0.43841954678689327,0.7634248697151192,0.7588102216664424,0.309320366254013,0.8101297541835881,1.0713839703890928,0.1224386146756388,0.49205636469042024,2
0.5380803148993566,0.5935803803957191,1.1014937898043202,0.3336465732515557,-0.1487122291732765,0.38699816958467065,1.017735444037325,1.0741743408265725,0.42740088947835786,0.5415005012349643,0
0.1274193702221991,0.13592477277038595,0.2549859929918652,0.7439683571290594,0.8613099741262976,0.20826508788868286,0.4800453420610148,0.8274297993662301,0.5975990970620321,0.2593362995880021,3
0.5740557655633632,0.6389824207038961,0.8487818631297004,0.5763841829165512,0.46218019378000336,0.6710681714149609,0.5350169260973764,0.5883233855818718,0.27365347723120903,0.427789891708112,3
0.4749978649927723,-0.04628318666827949,1.0882935400591707,0.5732560626054785,0.24615100336105417,1.0271191475727104,0.4488625821050899,0.14397314853788162,0.4994937591336791,0.32975472450433685,0
0.17678268555907242,0.7895786981195195,-0.03454595366817237,0.6508480961044285,0.2960222373714436,1.097563593425419,0.15624586670326784,0.5445624219695889,0.8810497580663772,0.321808701664009,0
0.6286329920545168,0.6825158487783233,0.5422287210595723,0.5542553287866876,1.1446222931300833,0.46148963343451477,0.5339530125001426,0.8345752091921643,0.49648559153975336,0.6731289505621725,0
-0.005267961125871535,0.11506376702929548,0.6404705340244677,0.2651567347106157,0.03204892633343772,0.22713928982608078,0.5773847109566551,0.22001086819989585,0.6723663864155683,0.7814849733987644,0
0.3133720682282905,0.1405913050625523,0.6526631516294925,0.8584908984725877,0.758992282860633,0.8597837708460325,0.5486351507640888,0.22134160864090965,0.5236541143272563,0.7324102064350498,3
0.8615666519046308,0.36361284991698123,0.7918316718099466,0.5822811595445843,0.6967886866783781,0.294599242604949,0.7377715798189245,0.9680525068055807,0.9684872500593746,0.515277690712643,0
0.6810186159426476,0.8418860052485195,1.4468027147386096,0.08743662145535641,0.9104670037976297,1.0582211816575497,0.5828310528886778,0.8273815705602379,1.1281155089331838,0.3736241539345825,2
1.0201509088399452,0.5317790945146476,0.6174163382210247,0.254483180603761,0.2631671641022486,0.9430938478781385,0.7372280529037667,0.7448655826400429,0.37518622777264243,0.09713201915318423,1
0.5825247060003308,0.3077678692381253,1.350955826656845,0.3511753341218228,0.525993183475479,0.7563522779126264,1.175106570121227,0.6210066256512107,0.5678678062742626,0.1299307865954661,0
0.2390358611317845,0.8814361606088142,1.0062147607126017,0.5294878013034148,0.8805243447995975,0.9184040767160804,0.9605350250135839,0.5304425244939542,0.7269842167892205,0.7917378503710693,2
-0.0043720639529276056,0.10380049816433441,0.6278826061778497,0.27064403603403114,0.041094060314079583,0.21326772514231088,0.5720456008178415,0.22894406878308415,0.6837904172258795,0.7794700088594357,0
0.5512437417033133,0.2745896666797239,0.08371509362573365,0.9771873695192493,0.4231230395350065,0.7826900677294952,0.9946574303681893,0.6648922241625633,0.5144668771251848,0.01661159987195322,1
0.5193587974863929,-0.011154658415011426,1.002156407712747,0.8211779094530645,0.39876298860117654,0.7808358611890235,0.2926462220076279,0.14610026107677312,0.6791080300747835,0.5581219229417806,0
0.9188639874588305,0.35561367216879114,0.8208292342188863,0.15622843292569913,0.9949587780609096,0.36858721671248196,0.7872119112173858,0.8991084082439835,0.6922165365080483,0.6101227270028381,0
0.8926413401170098,0.6392963826230096,0.7427560670686761,0.2847902744342456,0.5299922829493663,0.8677682883354679,0.6327422576561871,1.0186181167071888,0.13238400473383072,0.31816079839340855,1
1.1240107383089857,0.2444242064981817,0.42703044099813386,-0.25049135613280504,0.48244623170430967,0.6729100889712276,0.9249213162941634,1.0402076845623707,-0.22045171190507484,-0.36273606098922906,1
0.10333588380320795,0.35738265594866203,1.1966388503025132,0.458992807231178,0.16838160948790004,1.09880005224244,-0.023655879080399678,0.21087419623990766,0.5406328739267583,0.48775810646610296,3
0.1751277956086023,0.31447341982102117,0.29736586519224983,1.232566740564173,0.08195830259281411,1.0343788765197242,0.807203440038359,0.2619266916472199,0.6347807208702867,-0.049742188630858886,1
0.8454961797283962,0.14685496134397993,0.6465919901430938,0.0862370611305182,0.5277951384761,0.38495715836396394,0.20962157619704733,0.9309750121992276,0.933734407620965,0.8162645584057725,2
-0.07248874973759535,0.14986777646299254,0.6605393798669167,0.20578339811708327,-0.028955131838748135,0.26979777183000325,0.603240421044936,0.27927356077610394,0.6567016805151693,0.7353417193951765,0
0.43764136950097676,0.8632091449368338,0.983149988844656,0.8982195481312709,0.09767260997279431,-0.04758037441807153,0.22579484486299112,0.4209716802769712,-0.011343045075101837,0.10641507395495937,3
0.059342532648698154,0.65751586040783,0.12936930517656187,0.930616787805232,0.031121620697583126,0.35713939239996007,0.2842173557580153,0.22372057300748754,0.4417360016467035,0.8667875565729758,1
0.2288267015261064,1.911080664835946,0.040535769306522806,1.1600582820444447,0.8239664540537319,1.0356568065673712,1.9839607119128986,1.5396522684470888,-1.0425603494824625,1.5785072732402758,3
0.5128470718175746,0.07613191593431781,0.977799061273673,0.91281005456289,0.49688640600113876,0.7731133631795548,0.26198815994562047,0.13370037159546436,0.6519304629328345,0.6207819297240627,0
0.3469257027302851,0.5990879615903781,1.0253284155232085,0.99960984321539,0.4425440229125117,0.07849326329789191,0.29322933860534117,0.5035218564663235,0.24656581254432208,-0.02137216449566756,3
0.14830872330218295,0.6813490230436364,0.29609957772461354,0.5014722622256429,0.5480105333777653,0.8467510672426656,0.5634340110334516,0.03966287032279836,0.9929629134110257,0.18700989769817758,0
0.9603151431621415,0.7341047383858158,0.433894058005358,0.050998745381484745,0.48559469986986936,0.7413444351685531,0.7272938707947816,0.6537803317952007,0.2328959053761227,-0.03965811028526195,1
0.016813243385279064,0.5508907875622536,0.2018458878931612,0.9837335244053417,0.021380285944382016,0.44998581448141617,0.1690615109371884,0.2484531728653468,0.46703977212513065,0.8195132180342101,1
0.8903339599204125,0.35231962553656143,0.7975138662803222,0.5642330552388098,0.7131108543784008,0.2950264026982594,0.7231421802628545,0.9835341926180912,0.9612272527490907,0.49525593154985387,0
0.5158651677742204,1.4140418304138764,0.44179134460867625,0.3107266540852408,-0.15457407762478736,-0.06974958886298105,1.152451543974125,1.1371768203813897,1.0753821898333085,0.22632687779600352,3
0.7320054333284873,0.46624248651119093,0.6761556658696051,0.07296038483826349,0.7954695846655406,0.28208323567013605,0.7244522981990709,0.8921617070720778,0.7055006720739563,0.42060391640700895,0
0.5657859112155456,0.24484514423565665,0.1345525856619083,0.9437856082425118,0.42426137843003453,0.7253737562542497,0.9687412442398665,0.7151910198810921,0.5466140844904426,0.03156339903717485,1
0.4947591949718752,0.20321898547637907,0.26536678681103526,0.19540580793744877,0.9901791286846608,0.6904900166365885,1.1000669925034054,0.06754573643284556,1.2101188961387053,1.068717760745272,1
0.06713304967902894,1.1565203663533197,0.046853409115273914,0.270546997908085,0.4686256239086709,0.06175434203072522,0.32155418968587995,0.721617431204701,1.213211772239501,0.8171482044732813,0
0.42811404214708504,0.6537835310490658,0.8718819138832741,0.9201554284489262,0.21490883348998002,0.16306065362657385,0.2782068222578661,0.6237145605002588,0.12946352588476384,0.19327630045457908,3
1.0592210834236295,0.14341346864012738,1.0043154051948153,0.4701508931966716,0.5916503001176513,0.554685461292337,0.2854615048566785,0.7812160425421296,0.9380447390493979,0.8368101399005528,1
0.8245643687705837,0.7035941618470585,0.57199306090566,0.2869018221029159,0.5955860089429009,0.9675164807089415,0.4988674960370991,1.0129363310480441,0.2108973859593728,0.0988085420381364,1
0.14932662310673928,0.24071542476037383,0.5096392712633523,0.39227747275728586,1.084454831786648,0.7317571389612553,0.28596125375411174,0.8723402189340701,0.8679732740400437,0.3937666655140463,2
0.7039255772761169,0.7348400681227962,0.0584829882442262,0.6561725137631309,0.4873439122017049,0.4871218309287322,0.5515555345643401,0.12743198690514712,0.567289808335961,0.07233235603203737,0
0.7944328657364836,0.14699973346401257,0.5495865009783812,0.5790871464366311,0.08931380822428109,0.058659417549723404,0.2762399395348215,0.8547636898577098,0.593603904423132,0.6754569028570576,2
0.9486643805151559,1.1872054150336648,0.6723308790184725,0.287856821586546,0.23870356416279714,0.7179105547730913,-0.07357676382170303,0.8401652031343673,0.7468707378975373,0.6545074964150666,0
0.5246017879814969,0.7961413221470863,0.5322374360930507,0.3570398353590038,0.43497026496046304,0.7997199590491562,0.1617981498220204,0.8152786859483769,0.3572284927477691,0.3786510359516693,2
0.15668461645565127,0.8802527433235575,0.8437203931623216,0.5799817984122341,0.4218728817105796,0.9004684781531342,0.1674711730331504,0.969244695861005,0.03664909916466611,0.20797604625863064,3
0.06849168745377121,0.27431454604741057,0.3584209765240257,0.24954153290633313,0.9877422390282703,0.578070669685166,0.2045192747681031,0.8907312726240781,0.8170979601011998,0.5373310700963622,2
-0.16263896178835696,0.3697052967280598,0.21918212132804032,0.11062879236267006,0.8138973381791398,0.6463125702666122,0.7848541438104429,0.5043644509055927,0.25918382857358635,0.5331896340259326,2
0.21646415000166278,0.3555305702029525,0.047424329676852284,-0.1634782285606517,-0.054931930749837266,0.9536755037559943,0.11893174227691597,-0.2012069526699678,0.4546598385967061,0.25691320580635285,2
0.9010420994401269,0.26728046063188565,1.0111906416494512,0.4045039965016495,0.6024310998830811,0.5529465923229463,0.291165678938326,0.7850135861060216,0.8297542799928,0.808812155548795,1
0.42003287117029303,0.4690759143011231,0.16789728351947034,0.6688678931471592,0.7751172252825647,0.9298665681827082,0.09333303147567011,0.6600379912001141,1.038707431910416,0.08446533286725777,0
0.5474484997225535,0.27445327740672804,0.08517332117746264,0.9818839597560408,0.42794009426641366,0.7783176471032633,0.9904598278759645,0.668965261737584,0.5133470954933367,0.017457079988514524,1
-0.007892277583136353,0.12790511739093752,0.6043494427056175,0.2542207900731291,0.07124783333462124,0.20047932370700133,0.5893788419794944,0.26780757882269485,0.6968218253781283,0.7628054793638579,0
0.23803196332106585,-0.15173066959603104,0.6222350094624353,0.1360162340014715,0.772885220722672,-0.1332498156923947,0.5525446909753335,0.719875976392056,0.6990201429282671,-0.06122053570483363,0
0.42551956438294164,-0.10943669614659143,0.8262500518293553,1.028597673539478,0.2914698435596512,0.7671224429686866,0.4064160429704283,-0.06547204674309684,0.5676110811404239,0.7166483868597292,0
0.8883042720994262,0.8888138143123744,0.772208993769614,0.47011858327922007,0.6722953351139674,0.5218615163924859,0.3546768049183381,0.24959213005932804,0.15704935078109739,0.5755288845720071,2
0.9650213738802902,0.271967488694877,0.9929580083648506,0.4761694291249401,0.5824453070903821,0.6820850527149123,0.206412040190285,0.7524719152737624,0.8312757727109323,0.8237410767627578,1
0.13179796728188628,1.024444527090668,0.7999652475828803,0.4841423131059005,0.41121423086441655,0.815404622261146,0.11962966028818628,0.9784260037405734,0.02438539900915414,0.22303723901694336,3
0.41933570213262944,0.7977855017801271,0.2949556913423473,0.6713981756076843,0.9095428364760981,0.23022340691435195,0.817533527458253,0.9072690011663388,0.27534883386657544,0.292993412334837,2
0.5982622254550201,-0.11018159343873013,0.8050899984290175,0.7157442411830128,0.4071986550430893,0.8895474565085912,0.37227431242424747,0.006719852014277189,0.8191684489835296,0.39234190174534594,0
0.20274040708086938,0.5329255127373097,1.0096946389624504,0.5869227873276133,0.11725972076492899,0.9027337727901208,0.17514459990759854,0.06264786173726526,0.31375968926878284,0.33171087352135453,3
0.5328652716687359,0.800685890659347,0.5346192855130343,0.3625773323547511,0.44292448577942983,0.7845283230645779,0.159371776302025,0.8116635802079177,0.348390496845597,0.3867178855581234,2
0.7009703061461255,0.08621923320168047,0.24598823984272933,-0.18823566773694894,1.5251284880237048,0.2782973787183237,0.3483873662053038,0.4238003727948456,0.2699425562238936,-0.29016305176199414,0
0.8194324157964503,0.8729672630919276,0.9038822328071048,0.6357550351882761,0.4767131831151011,0.8298553671310068,-0.025855203979698982,0.6661081631373758,0.7201173801373422,0.46883720818993396,0
0.11735182321066884,0.5866177343988512,0.16776866583280553,0.24100499164273023,0.23109247412222186,0.6075814075924205,0.7891710869386158,0.18674146810917616,0.8386627922088649,-0.013132476801022981,1
0.7205107253634322,0.6488555181092668,0.9246694328604158,0.2682959830827501,0.6123767750231347,0.8886092216728609,0.8067918720426606,0.3112927244450078,0.35737187233786266,0.6426559472641571,3
0.46957606891814724,0.22716539794573404,0.8659457382181756,0.3780587603098543,0.16538554748990825,0.9084050936311607,0.48377704306194974,0.5191377071585099,0.5196499657345977,0.20959940237485383,3
-0.01637010162716969,0.44659823904596274,0.44126519667728725,0.27929508957257254,1.0320050602333124,0.45825027346017083,0.8568832595553695,0.33971122030616674,0.16925416964486734,0.7318851133502944,2
0.19924559758903376,0.6018099140991409,1.019651051434579,0.7714514693017902,1.0279061345656948,0.7017888557889624,1.2436278931300426,0.6023238057685302,0.8904074151836041,0.9829001009189038,2
0.005480083610453674,0.9279728582124835,0.9395710697685725,0.3341358566690888,0.09597624692615556,0.32184169769276444,0.8215765466918864,1.0089947327180284,0.7082176854624378,0.16885251378145089,3
0.9131406031946224,0.37909555309946386,0.9753261971766697,0.4266218506893346,0.6404106995062128,0.6249572276196234,0.25365408124428357,0.7575064945254559,0.7186293032122218,0.7598165001487558,1
0.21899691510602157,0.12817782443079706,0.7539911620336144,0.8205640898164461,0.6027035619347408,0.8083769186577996,0.5582529999466755,0.34107868330888924,0.5201199380383537,0.6367316399636198,3
0.24488102060877848,0.2035493041667412,0.789102169994663,0.73275960132604,0.8377987801589556,0.8785284891060524,0.3499571634456029,0.2857139767980877,0.6768967668350101,0.656560631847946,3
0.9096703705645836,0.46444877672611673,0.550218468752479,0.28001090896210334,0.5636815845660665,1.001432322025203,0.6365125455709271,0.7626125052909389,-0.0018586482083974842,-0.06453390108853932,1
0.03481767413589844,0.7465559761520779,0.9424327514803402,0.2572862467191318,0.20449808376177703,0.24614642229675698,0.6850385101185175,0.9473336933384962,0.7553031502813637,0.2655902805722291,3
0.09949670386404644,0.8232647126643147,0.9974173568642787,0.28114794322164405,0.04225090451158047,0.3956717343074292,0.7477885874187843,0.9267182208098352,0.7145540437003541,0.2090032882736062,3
0.24654190861494663,0.914406864425906,0.5773977244770119,0.48862481618474474,0.1884334468418305,0.8195051307000358,0.43005478703577343,0.7245711591985183,0.03687108209509411,0.8471015020811611,1
0.1748994984106389,0.20732177880256267,0.8273132623170605,0.1906410686185099,0.7607829998371136,0.08286955119249123,0.7692751878754541,0.08111198345960285,0.27638190631090204,0.7606089693988208,0
0.11092020363763737,0.8562129517483078,0.8156601638344161,0.8135189754281628,0.5326304009807783,0.7745115157091785,0.15791130717903434,0.8310011499274268,0.5820738295346053,0.6022515938811857,3
-0.059740093965903074,0.7521371784546996,-0.10044914847239086,0.1947465720390481,0.3343784322638776,0.722524128290821,0.7389468665497276,0.3312344162871742,1.1807335104548933,0.279825295152209,1
0.864646646777284,0.5670259800598664,0.6853788095016595,0.2218854931717499,0.599072924607244,0.8984007087163304,0.5057721899638714,0.96540050688067,0.26187892819364905,0.18640000231240478,1
0.8886406042338548,0.892403283352155,0.8864138509810566,0.697576168696409,0.6146131447054298,0.745852070381697,0.17856502433136812,0.7583603750536735,0.6455401012337483,0.5616844440110288,0
0.49936218573213675,0.23865662333764953,0.137111136809576,0.9868560960021123,0.3787905859085099,0.7480958624266245,0.9516918498233444,0.6315762392901924,0.46264272002206397,0.035368589710598405,1
0.5318157857502391,0.8035466234972987,0.5368601143872045,0.3568210116252663,0.43251542258860864,0.7878113385656939,0.1679192832763713,0.8123095608089054,0.349734395367222,0.3868559684245398,2
0.6339254248289696,0.7919804248786754,1.1195742787529954,1.2020307012193112,0.48232650842474534,-0.1021966651384073,0.33888711146951855,0.588042530086064,0.1186180398222645,-0.10042542097310753,3
0.18619096579244876,0.9324986024580793,0.6985340809575926,-0.12739838422824318,-0.4189870458206957,0.11764845282747213,1.03087278480801,1.3060851544025527,0.3489715855562027,0.38148797414471675,3
0.05760473439135367,0.13750986145804805,0.5921629987353443,0.33282229117365025,0.08824867902642043,0.2136376313693115,0.5862904257882336,0.2856559318440022,0.7246561800739112,0.81352251276605,0
0.31445289311264585,0.9369104770037562,0.28669077187172565,0.7810209519588606,0.8095427184269999,0.19148709645631928,0.8616047350649516,1.0589224367357544,0.1819767014001265,0.4498271656893269,2
1.183945304202712,0.5417793341268122,0.4867497337121948,0.42319771002136636,0.5697529798000167,0.3913558058932212,0.5349983883735285,0.7879428008604576,1.122850035849815,0.9718481706218034,0
0.5666396792636288,1.0163584184971959,0.3363119349984126,0.349722150712639,0.11533124342256072,0.7564505870121826,0.5952643585551267,0.4837183283853685,0.3054123933330307,0.48386750157568487,1
0.5271646819675808,0.8097538293749085,0.5192079241131474,0.36048906029151145,0.4330587641042165,0.7798795464872734,0.1676061627615939,0.823309850528327,0.3439963591724502,0.38122215015676,2
0.32266372310819286,0.374586397198692,-0.2802958031735797,-0.03248032185890526,0.2921411925528249,0.4738476048147301,0.3702170553215334,0.30760627768484294,0.735779463454447,0.13038776458552306,1
0.14296725852866504,0.19022121643527,0.39176843428213287,0.37855966965583143,0.9204159872737309,0.6272501324014086,0.1063272231156279,0.7912711331489714,0.963766654798825,0.6505642772397163,2
0.05211389461008503,0.20009469236813462,0.8666083173940149,0.6595786934758622,0.5043582963926929,0.6569384723598288,0.7854643117725986,0.24771549961041076,0.30701974079072025,0.6822780679776189,3
1.031436917697225,0.7906802379601621,0.717444213612832,-0.1115672873846193,0.33109538935128324,0.7175164619620785,1.1369398624682625,0.6690429537918271,1.0054779271245682,0.9413990038663758,2
0.9506030255911064,0.4122552419319999,0.39411363469672706,0.9820597197785664,0.6741910874734626,0.4776703382278215,0.9590345744484053,0.6493102735544262,0.9384161573084654,0.3906037578581274,0
0.7413714988045101,0.6479659270071151,0.5998167666041224,-0.05777885806341507,0.46314754394758284,0.6481618054583871,0.6096071113232644,0.7621388486461633,0.34405008960864025,0.07799795977457931,1
0.2453404431790534,0.23589713413907154,0.5654808524636556,0.9656676108610476,0.8128737825038644,0.9589189977357045,0.6965191012137762,0.10115234255322221,0.44387272651729004,0.6265260169172444,3
0.9505188005715371,0.6449140365794619,0.8452099108760794,0.32096079205924194,0.6317139413977396,0.551742216201552,0.3896725667938379,0.47926047915386333,0.3743500277367811,0.6516712911498069,2
0.47571363824215473,0.6788850944819875,0.8743017939828944,0.9315936652149795,0.17861256812431023,0.13660408452512285,0.27383311440574076,0.5922654296454154,0.08359397517646841,0.23841001523375194,3
0.8259510549441963,0.15576444291864866,0.6326345276197016,0.06429448150734293,0.5144606394313185,0.36133880228200776,0.20538653804123466,0.9316806423332337,0.9324391765216649,0.8036065439861309,2
0.851595119555769,0.21488863248456458,0.7150566028233212,0.33296164943179085,0.8050244192095309,0.5932987292749591,0.6620935313939418,1.0818707246094428,0.6074740637445103,0.5036151768429888,0
0.600321648352395,0.1360640572507927,0.9884311461797445,0.9969549207527588,0.34156064257641394,0.71383164903499,0.19996839291941773,-0.0034709819514265328,0.5031132585190305,0.6614484851311755,0
0.08706852685967872,0.3050585962906783,0.3777890589428573,0.2687467953213217,0.9348923375392244,0.5740302917518735,0.258035547972142,0.8557308863894773,0.861484787142313,0.5493698002851766,2
0.8733615428334436,0.4898811594991097,0.26323865123174883,1.2157956143104531,0.7912800414754775,0.48220855247311084,1.1007503801895633,0.3059517776902353,1.0061205173877057,0.5517336160483546,0
0.006888287130467605,0.09176222826756267,0.6451098069328649,0.27671980388092576,0.03975551057716681,0.2160742548239692,0.5818107943083577,0.2528503908419901,0.6674064125963977,0.762609547301464,0
0.0855339100438578,0.7969779498801965,0.154268607694873,1.0326810553031676,-0.017856984021886083,0.22688467071475993,0.4251600781484085,0.31529729451740574,0.39015686565801677,1.0316782316401731,1
0.5057719569110275,0.9655398933417769,1.083922107518165,0.8634775574506773,0.45447156406013955,0.5226224488918583,0.09707569357384702,0.7145636406346132,0.4134083832204821,0.07286205425592152,3
0.48392620713743423,0.41702748207530627,0.8436160280194375,0.6521488459933854,0.6211448606644203,0.6787855155321034,0.4096961873432621,0.6822411975175969,0.288984117109594,0.5541250542895058,3
0.29216149225320553,0.24746157060818627,0.26508350477345344,0.11962247684957945,0.38519907351352906,0.8465065571742744,0.2435522769143174,-0.014775835384455122,0.7103094980691983,0.8310905979537005,2
0.012577370003938547,0.08810094628040036,0.6042183060630737,0.24207151339199814,0.027095274925916134,0.19600864144502889,0.5787027125931927,0.2573163081826023,0.7058363132092644,0.761779849014492,0
0.18050182261871725,0.5289684000914976,0.3901852371843983,0.4508867201888096,0.7152090840700689,0.8522978257326986,0.3691040849571562,0.24254902589214172,0.7767454741776003,0.21869048447212397,0
0.3348417523139783,0.33663136554336365,0.313075789634931,0.6709108576042748,0.8851503784176511,0.9647938601602508,0.12107493894577734,0.6048292013857759,0.914365993077551,0.12189315185380298,0
0.8395934531079636,0.1442447849301746,0.6424381616356413,0.09410834726839515,0.5261137946621621,0.39370666837816026,0.21099225758229612,0.9319565609127965,0.9310284634814407,0.8170788460208834,2
-0.009649011762336174,0.08845480390152281,0.6509438233980542,0.2738925942899544,-0.0009947401656167157,0.21654286816198534,0.5611123558037601,0.21594282222610234,0.6601409979788926,0.7395519299455455,0
-0.010322230393929543,1.017298254790083,0.10262798748749513,0.0448297511290938,0.21895915237569624,0.4875139222403721,0.23246337868522876,0.5702134865152495,0.3321014849306043,0.9398880739268161,1
0.02974145140044411,0.62578408211525,0.16731726543725253,0.9561146368785414,0.03478377353166821,0.3777194129111461,0.24864248684220788,0.2295573746936598,0.48598537978182565,0.8944925606980778,1
0.9716412423237664,0.21124797984133176,0.1925737576160525,0.17681508424006115,0.30276341950314223,0.7483436617364526,0.3829817622683381,0.6290502695576918,0.256981460895977,0.39706364422348106,0
0.5506529986177884,0.2699543321915486,0.08068457594736943,0.9765337286510708,0.4090838003357534,0.7820908658658438,1.0050429914988486,0.6642695838956754,0.5216604161640617,-0.003884693233141695,1
0.42843552555626124,0.5716219503433319,0.165643990500414,0.6439060199576893,0.8244349574300224,0.9467607224507787,-0.034871663266243136,0.6429593978939706,1.077703553880526,0.15046682843501613,0
-0.011850263333189417,0.08806927380883414,0.6353027867580637,0.3038989198014232,0.03722137499449629,0.24605829122172793,0.5762808557665973,0.21474813293192413,0.716685667658942,0.7707183787539175,0
0.1250514790896793,0.45422209009594855,0.3022817112704214,0.9596447647879633,0.5775243151084172,0.7757097679698978,0.3751930035436615,0.08904706264996398,0.1551783207972139,0.06127371735883505,1
0.6615495159498646,0.8196557861714198,0.12445764778960852,0.6287256891156684,0.5322480465568407,0.4106525763948027,0.5025383909116368,0.07350737695026695,0.46078282690719197,0.039148603498233826,0
0.115238303938155,0.8911013513566166,0.8665438629816937,0.5605725763718761,0.44671212812518013,0.8871072939367095,0.211652004562103,0.9712175307622337,0.02941927354526743,0.23645418492734088,3
0.8867608132447367,0.36948297157314963,0.8465346768144656,0.5687594673680249,0.7196411244080285,0.2538223775433613,0.7252917974932007,0.9654846870118617,1.0272937669505642,0.531116480107189,0
0.06330181318676359,0.17446242339993778,0.24121163221762126,0.7651651623642223,0.9036233922203548,0.2946778825168153,0.4133398580591253,0.8578379162738559,0.6748190037383787,0.24696095969250867,3
0.35467860758322156,0.5303611236329621,0.1370341365778464,0.7796646896409635,0.8132473291941077,0.9514826400324107,0.0563293056000442,0.5791546818986639,1.099377992716141,0.22102268194861682,0
0.015864080842914997,0.5209288130194802,0.3754729506203568,0.18720787203596792,0.944103400358813,0.44078976566328737,0.9777562166971853,0.3542341208778348,0.32363150658543155,0.6157072965190419,2
0.995596191807287,1.6382129084968204,1.172734146468186,-0.5163504147351845,1.3121650848982593,0.5777394685570582,1.4988386489426633,-0.5784506410198819,-0.41985868531308357,0.01998355427940013,2
0.18691444438120614,0.1667906309804048,0.40764455395293897,0.19791384660452951,0.9509645204935298,0.4495742778562057,1.174211986608304,0.7827140455111825,0.4082752182261832,0.8789688549759624,2
0.5455892094718485,0.26910277440067426,0.09012065776687134,0.9793907242345082,0.4258174685172601,0.7777450889974643,0.9879072271096071,0.6649626618224056,0.5082811481372841,0.012430050920632839,1
-0.11565897537173894,0.47950021313858715,0.2672696145947375,1.0732443303444055,0.10298509345119533,0.31431843854592867,0.3217246147847824,0.22903447915066355,0.5677527424172084,0.9390575315598385,1
0.31168003882054107,0.16221928251024895,0.6795477896403173,0.8280010814874621,0.7727223719417899,0.822394138947492,0.5261464593154627,0.221203436175743,0.5053781630692693,0.7126651079668646,3
0.4248225833265507,0.08754624060539952,0.7226374973850503,0.1299739521836305,0.7847476967458992,-0.007388459449736526,0.6001821862058606,0.9781528451476843,0.7608107780302948,0.15719465282318937,0
0.689937211500408,0.480504367750593,0.7288320808595334,1.2305181753574994,0.5269086574403845,0.45211762410522743,0.4837893071643516,0.15911121543998583,0.2937265432394197,0.22616217139800274,1
0.49617875830804004,0.06234327844528047,1.0962706511078657,0.7304774358303372,0.4707862567394264,0.9265715416898743,0.0380256830217352,0.22268697505190738,0.5143067362216961,0.8160561519468654,0
0.9084234165627647,0.8088941575164952,1.1957001341876172,-0.25374326986899187,-0.5642461127558237,0.6200423201698817,0.6794521191243097,1.402752070963066,0.2955447347515484,0.4841212249902206,0
0.8503125481801757,0.5914957702420209,0.6971679743526951,0.1300911391055537,0.6268315494570131,0.9303080917535019,0.5119954367028169,1.0119273361587358,0.25075091770752933,0.2535829499748843,1
0.1208480822347471,0.5556397933976056,0.2594079192762616,0.1538150085827766,0.9052616992605316,0.5516978014099597,0.9634720270664336,0.3396824099243685,0.12325626879202883,0.7327038890644555,2
0.5827496279538977,0.5733829855540102,0.9402825334032524,0.535353377543371,0.4934255472972153,0.6322042880869537,0.5373875221973324,0.5139011239486043,0.16708663992728068,0.46419812228405755,3
1.0964092829096368,0.5368393573810394,0.8507107702451935,0.045428486132467194,1.1950335358378765,0.4120530158060318,0.903415473634009,0.9948805352925041,0.6511895147206636,0.3412788312251088,0
0.2939054588872262,0.801556560508109,-0.05151883393394631,0.3332482246686873,0.12413870027152815,0.14439403598688927,0.5412191770143375,0.35844422673303944,0.619631846969513,-0.240624799795979,1
0.19510118141515884,0.537001304482562,1.020389152477905,0.6405365147955356,0.10819301025729178,0.8944733497710619,0.13633461062515023,0.054756858747159395,0.33476247169030604,0.3838170566163727,3
0.4950886181936668,0.926809825852072,0.1702918266784459,0.015660892810641203,0.46420882387277895,1.4075507388638429,1.3751686093677826,-0.23372022666946213,1.5412571529332437,1.3533063580089641,2
0.5516975314238792,0.2826335342138438,0.09236428617072476,0.9807209024237289,0.4371850685869479,0.787703367334074,0.9878560202640758,0.6572472393561279,0.5058291180341891,0.026510606009078695,1
0.852696348945123,0.4989888172111622,0.7796882049293528,0.15459324650461856,0.4908271664712249,0.7737902407151035,0.44215633083810296,0.9310625701275028,0.3516565377781841,0.0916189400904012,1
0.41556850531421424,0.8496552888552413,0.5111133319505528,0.6188856940186725,0.7650163348536221,0.30925404998702566,0.6978559988956494,0.8319166913908497,0.21066021526999362,0.4115942160055315,2
0.19474168529522196,0.23613219592843673,0.7979487040118965,0.2152127849388866,0.7359288367585389,0.05432658419131951,0.7894019406970691,0.10781274518173493,0.25050217574193134,0.7937092427474934,0
0.5685374796217901,-0.18892654202247744,0.043861084369708536,0.8547406035827747,0.6332937066983099,1.2244534124515214,-0.41396588314691085,0.3444033673409462,1.3295165451974094,0.00543492165658177,2
0.9453222063957463,0.3875479154650579,0.8403606605658167,0.1718162463906921,0.9940059799729285,0.39117102706236345,0.74875934664738,0.9049730915468694,0.6936769924991373,0.5878000018848558,0
0.0019328724696407625,0.10325064634798126,0.6452681495700416,0.2736277689243146,0.04450343912965572,0.20697640637683293,0.5727385108362015,0.24365009066124257,0.6872678773663551,0.7625182649141902,0
0.8338448486805135,0.15259834972348849,0.6311239771065783,0.09846675426128992,0.5205738343371944,0.3802550559820836,0.19866011862718586,0.940684904832551,0.9338471094306372,0.8281308174296879,2
1.0649031041051709,0.5958128600462393,-0.04309207877419052,0.6135436098630522,0.3635956594462321,0.894887874601797,0.9720686121818384,0.7055689698277784,1.2117670022520173,0.039928024716568256,0
0.4385934082563649,0.5785282989652042,0.18967112788315488,0.5996232489749869,0.8150687800308846,0.9852548433556934,-0.027411514095836198,0.6229560622454418,1.0375955895855273,0.11275997554575089,0
0.8589007203524303,0.14427066596314614,0.6360450169767677,0.09895901549285863,0.5163443561970736,0.3814631499468681,0.21001936919902994,0.9412030902510364,0.9313736683921009,0.8366528132037754,2
1.2519567693762872,-0.02199396271529902,0.9142323784801288,0.6520025058643104,1.381036263114873,-0.08413448416712388,0.5447412405571738,0.8879522797335035,0.9323836147724199,0.04942596650605563,0
0.06649963295286535,0.8107450013670532,0.5180738486742107,0.8822500597205156,0.6832002178409383,0.09465004071402258,1.0035328148107432,0.016296468519022188,0.385855251454519,0.6859294291141413,0
0.1686700565477903,-0.03672074964069591,0.4590477904377951,0.6207087731677172,0.5176279662510486,0.8140667877254046,0.8072297700024007,0.399229573588857,0.5932682958746801,0.6279260207067376,3
0.47777236504589493,0.04916282880131312,0.9518088953960352,0.864854157127803,0.4580959411229062,0.7632089755694755,0.2438211354070277,0.0958959220048074,0.607703211657898,0.6193904870537428,0
0.38194079830290684,0.7463327541877105,0.1925076987296177,0.6952106411745389,0.5577936663910221,0.9323562416621934,0.5017477196590007,-0.10567904407424755,1.0219420660832326,-0.09078197826884288,0
0.20758077062216473,0.735903404528803,0.34249942986147586,0.2297599701161145,0.7946041640221515,0.3250706092128038,0.7592881750885379,0.45591980981005287,0.23667919679128455,0.8548930724396651,2
0.24840549100086756,0.1884065540687024,0.3193755186397966,0.13099692500492455,0.48360345664217225,0.7539072993795305,0.24215143148969845,0.027789022969495834,0.712370908403457,0.7976253589509004,2
0.8835976206901052,0.37621313551475943,0.789648588953799,0.5592588338227852,0.760612841859293,0.25533076015745293,0.7812500314719227,1.0163452050164707,1.0093806430869856,0.517371646787945,0
0.21866933560006885,0.9093240465356003,0.43740886140400764,0.9051549500006202,0.5388459201538139,0.2029519800395747,0.8727047349860192,0.043582535997399044,0.4376277966192711,0.8248356247291553,0
0.8453703488555064,0.1468394259065307,0.6446762489468768,0.08794406161474055,0.5325040534072064,0.39079003510593396,0.21021347704767854,0.932615741666393,0.9329811970627633,0.819525633236682,2
0.3619864103019671,0.9534456954547902,0.28015081167632566,-0.19914556144995083,0.11056651553760825,0.8637743940159077,0.15366335584724,-0.022964794707195813,0.8260125712491143,0.2990963371991699,1
0.850280296132516,0.6397573563293478,0.5419804665749097,0.0911223251930808,0.5294307177142158,-0.05025931526565641,0.7414655902762879,1.0417735607839103,0.7407497760390691,0.7748302199694662,1
0.8500718194148363,0.1359394781866304,0.6318157810291398,0.1268378884412014,0.5624229169486191,0.4315054247957906,0.18103951137448365,0.8866726738346531,0.9076277827497333,0.8248252128267004,2
0.08978971174228247,0.8268048727900489,0.4339934736673357,0.6146310693618747,0.21398951500234495,0.856764442016142,0.5358962343964698,0.6690646085474664,0.019240074682578337,0.6657400777296733,1
1.2113456298552385,0.596857891024337,0.0985697828681702,0.7744993367377586,-0.1760115592584534,-0.005532686204157228,0.1036376910948695,0.5173991295863305,1.1149179968218075,0.2637422234457426,2
0.12171825224954172,0.1876864352366483,0.2969215476787286,0.3614527785612156,0.6954090477944517,0.27533760070759783,1.2166620511389743,0.6656559814271125,0.27454924484373755,0.5973368738277467,2
0.5330659285454308,0.8027173766983051,0.5338981899061108,0.3624500376365604,0.4359002287357748,0.7896261432973007,0.16388616021781552,0.8170559073725118,0.35048185539989135,0.3884615599529924,2
0.22176271445946197,0.906172297492992,0.45367849707039826,0.9378066035449543,0.5719235722777976,0.15964149975534092,0.9143086274511987,0.05403772457814885,0.45852537233278795,0.7817936261462359,0
-0.0007029329949244101,0.6030295654198077,0.802547087001717,0.7735859851567453,1.120277864624494,0.755918899693703,0.7258724770239564,0.6252387816405339,0.3844324218773584,-0.24313039192471808,1
0.1316954045955293,0.1515194439840617,0.27737644261276473,0.7075286575732584,0.8781298608310348,0.2862186369686006,0.4259763443006408,0.7880979748777266,0.6289601843126291,0.29872919688189964,3
0.5291078010212409,0.28640258214802744,0.07996393395553211,0.9918260750696513,0.4328103289883443,0.7594920188685618,0.9890277580453632,0.6793105228221623,0.5073166717356267,0.002568095388549657,1
0.6096768525423428,0.006676999301881176,0.36680740036537157,0.5283661486235893,0.608346021897863,0.8378275418412892,0.2476850285525326,0.4842911883321764,0.7771061164774669,0.4348364908627596,3
0.8784405903222297,0.20361073026103127,0.5145484200992215,0.4928927467394123,0.19128869843523738,0.09505631356521548,0.26115068045115764,0.8952834239268677,0.5205204089991919,0.5557463040286361,2
0.9442410930372203,0.8965455030191049,0.7478802942756941,0.7315807020773251,0.5248690406724,0.7959449785892365,0.21957882021954395,0.6506371343519327,0.7509047863585107,0.4865724515928129,0
0.31587614409360254,0.7759313510897562,0.4228704544069604,0.8717427002076946,0.8677717622244533,0.25497524876338284,0.862142603950821,1.03526017743444,0.3221850077518386,0.37000679205836556,2
0.41109221028791115,0.6486844733350562,0.8121860829007193,0.9523601393458052,0.17832425881273647,0.19356727722143313,0.3125755180988144,0.5811301242023377,0.1219566556766826,0.24723774502499107,3
-0.14755677879385032,1.085349225229504,0.7559295969180734,0.24507105255604023,-0.1563993059110112,0.36786418014761907,0.4521961503763635,0.8444622555611474,0.6393222164072838,-0.042084527830220764,3
0.1428143676240595,0.6135151315731262,0.036206427778188284,0.24038507671927672,0.07292679864595214,0.524761746455301,0.7060662521044875,0.16150827311411445,0.9797240825827245,0.04961380349945412,1
0.91232830705381,0.16542806638701651,0.8835384608424137,0.4337180457740908,0.42934959327169975,0.7021961079799566,0.19188032258257648,0.7124125398225435,0.7640204981853497,0.7515130299113166,1
0.3142067907445262,-0.5981848857692943,-0.2574081794731454,0.9858870821766553,0.9597968382355068,0.5853517714355623,1.0568331879376194,0.884812008882747,1.1235422830958313,0.16255528277502285,2
0.2763288067187503,0.785051756194702,0.5993787336807097,0.7913662348412371,0.8676017789130022,0.4407570340803923,0.5142883719987195,0.5928791059860198,0.27463326465454707,-0.16954163529211244,1
0.1066285302308376,0.8529683138532961,0.8204273525249024,0.812108047466207,0.5327944616720338,0.7778484534578828,0.15430258593135912,0.8357166723935778,0.5791624215130828,0.6083797407141576,3
0.004503629364413871,0.11556623427228196,0.6233637465190267,0.25585947564783995,0.023084960923418666,0.2173587221334981,0.5742916398699884,0.2278658978648388,0.6760515176641211,0.7690679068661882,0
0.8215064774294325,0.5473876057742594,0.41749924828482354,-0.08952685108444536,0.4090905163359534,0.12378146301973857,0.8821719577154994,0.8646873132902788,0.7406124329389745,0.9107140117934176,1
0.2560284596294879,0.19663715567903053,0.5803903252004341,0.9704750969210598,0.6856729157338373,0.9534791843255432,0.6497429723583596,0.3149348267910065,0.48125013648311166,0.7497995735591167,3
0.4448444674425662,0.2275523270280046,0.6015800309798004,0.11242647076940848,0.6744820848033051,0.8589145736444687,0.3075046152522215,1.2280453785498726,0.4124303645233893,0.422039779733714,1
0.6058329821972407,-0.18948963359972823,1.0046781820234525,0.7065502877605807,0.6653548521048684,0.8628365931882281,0.07611607588671196,0.1439668051094566,0.6033394564981105,0.5065912982559171,0
0.5559902285744863,0.5158844362314943,0.9382248104959507,0.48280569125541833,0.4960318364386887,0.6271755819428413,0.5121231689865761,0.6057543809669416,0.25879458324600535,0.4280841010953928,3
1.197784426394052,1.4907573265291885,1.2562910812780796,0.4927380424643666,-0.4590748702552393,1.133859212563776,1.36458561802813,-0.3369495466572966,0.4739940839271487,0.5301715671634003,1
0.5889864585941226,0.3677358899883992,0.7813634629420096,0.006100536271393536,0.6705417279309913,0.13131934573341053,0.6993104514054608,1.0954210859262026,0.9901097773845955,0.9808353006617954,1
0.8265421584692851,0.5409499210199834,0.9001159847570632,0.8692746602072178,0.46006699407707463,0.22121798555166095,1.155757994113792,0.3988375987885524,0.4032006818164996,0.6316239153431227,0
0.32306911507143793,0.121712583848257,0.5948385127022943,0.9965517539753195,0.8594232299054692,0.7957916078466423,0.7250274124234343,0.3159832794666621,0.449922307967463,0.8236139786279703,3
0.8442763669324888,0.40624362923510154,0.7860505729786115,0.5794984714471014,0.7226572305208759,0.2487110385403544,0.7059468739232787,0.9983869759622739,0.9967770207825049,0.5404454631341465,0
0.058324267935430746,0.060989165476386276,0.4543864212846557,0.12095674117301661,0.3139503227959539,1.0043359569426964,0.5093436182080406,-0.14496259675528825,0.7652752950159625,0.5508973144984171,2
-0.39384541943440976,0.32795367300062533,0.24244168691246218,-0.004442972184140248,0.10065524932513498,1.0532523117266757,0.4773869966503286,-0.08952513910199947,1.253302431415873,0.17271780785139593,0
0.1711877990363183,0.4659705247235575,1.0643917300370256,0.5814471941896359,0.1811405035107298,0.9869640523184109,0.22008140736532902,-0.0014429911939250195,0.33566117032730197,0.31285378946399534,3
0.0800459711991088,0.6340681423347212,-0.019949603553502247,0.18026789974591367,0.06521017866067814,0.5567677526757773,0.774984832345694,0.20481473146325657,0.9202971416569599,-0.007220428618542982,1
0.8267536632562928,0.1552459617281979,0.656788489574789,0.0765686911253141,0.5365355826060717,0.40122501540990096,0.2003622196517611,0.9386219993864499,0.9196616117568746,0.821432190480857,2
0.5561275558279826,-0.029663312903419836,0.5373592709336932,0.8403022582879232,-0.19312877115940325,0.0755032999583009,0.49167073572773584,0.4578734619448982,-0.28509983478772616,0.3203748790779851,0
0.041442641765252544,0.9374470233364751,0.8870048536351998,0.3681013604911945,0.062322949325442856,0.35596797449878803,0.772374270329624,0.9475579906725367,0.7644667421083718,0.10483025152892791,3
0.7681843387380968,0.6070998080465889,0.49118074484728524,0.026014063758628924,0.5381442542756,0.027653559343940363,0.8001273153188212,0.9723649947359355,0.7882515615487623,0.8209614208616487,1
0.1407238809714935,0.4174077577301927,0.1418199265306332,0.32225688839825983,0.16295954959787862,0.5991967449095746,0.6618620142464017,0.13317280099039944,1.075864762178361,-0.0035379861701675813,1
0.5571601667370886,0.4801518458976054,0.6812541349063979,0.7622017808465089,0.048588735574645214,0.029786625347161894,0.21037907893287544,0.5999492752236858,-0.059318056804795405,0.11081934401997624,3
0.00019386487142829647,0.10312490804737445,0.6330644297278079,0.2601330369009706,0.028282836905186907,0.21303903549055103,0.5677773294720871,0.2297082806863549,0.6750019848315177,0.7725064227889104,0
0.4333209369078867,0.20396080496234226,0.3037373554667914,0.713060891481305,0.24816136916130427,0.2793741464048743,0.9996393443229774,0.00670701356371016,0.7822756941430412,0.19661013607757596,3
0.6560136219041004,0.39169551327225427,0.8027369451303561,0.702372913877416,0.36631669214818124,0.2043462660761139,0.6582271024374828,0.8199292465534491,0.667500202193116,0.4825217930460871,2
0.38936688681079884,0.6202996934683807,1.0018266868503585,0.7251976394559694,0.42488281215176765,0.4495613740747811,0.4474834992668568,0.5602191882000215,0.08182764215318067,0.15156788975738184,1
0.6309755028074711,-0.24449607237862941,0.6420063036351866,0.2579150168026499,1.1734600002004891,-0.2671080343881781,0.6580575141401754,0.7020894484655897,0.9342182111788231,0.007031027353653491,0
0.15190218416322618,0.7621780950089612,0.48959029690488953,0.564131220301416,0.14222626557226384,0.8397750006436796,0.5004264414765948,0.7137426348828284,0.09775927660396554,0.7361350271486793,1
0.9973367853129396,0.36883696760438267,0.4851838704216959,0.6413338627254236,0.5859169546628972,0.880506537781651,0.0735322530838069,0.8487797722661189,0.4149334386126236,0.3513044198882746,0
0.04843631727781196,0.5323674100788099,0.03330290748838331,0.05076689108096838,0.004701557211700472,0.5206935475525075,0.735276084502026,0.022915805929052763,0.8434300176706613,0.0545911034057061,1
0.4253848701794077,0.6436687356256958,0.44176259145305574,0.08726696940630407,0.4359743246214804,1.139182797860388,0.38623322032247065,0.49634946083194614,1.140216190647277,0.45757381039157397,1
0.23182309504021914,0.819943286989789,0.27691882431602083,0.13810321072562715,0.15559642165114196,0.6358466213855382,0.5036303895508031,0.25893552453795465,1.0293692055370718,0.3183839194901168,1
0.029963349029080263,0.2742660232720102,0.3278576472396659,0.2619768288236378,0.9549179430586877,0.586439159186655,0.21371112952733734,0.8551765118119082,0.8306366735972106,0.5474359772116837,2
0.4985215823303386,0.5358943749659386,0.25148824093970884,0.6632691868923485,0.795532791439558,0.9201122122997902,0.04974263438844896,0.6742805751506312,1.009482584981302,0.1633901880078814,0
1.3062276070215648,0.39123525713010276,1.042400492477906,-0.39656851660407655,-0.18072975981213601,0.7228206398314115,1.5010987792145123,-0.4312231031040584,0.38981891625085746,1.200590557169449,3
0.8752822224180572,0.3567480458938469,1.0588054907947322,0.3826158166458264,0.4060127544554991,0.6147048192930838,0.2356250837542357,0.8316996558194316,0.9010507305705887,0.8526163365387482,1
-0.7032718470384787,1.1178460735570455,-0.3399861664900167,0.7319885732602261,1.2411592542084335,0.6687021907951416,0.14974968834478997,0.6888363940439233,0.8295409661029398,-0.07025536917966713,2
0.8473044919221322,0.14106031392661306,0.6389098421182509,0.09088213170224126,0.5245472232994729,0.3875222654537722,0.21659880984075175,0.9410022458028606,0.9305888678038365,0.8104163868379639,2
0.22968236561162825,0.6892338623222879,0.2461842433195834,0.5736259836145985,0.4844548438257498,0.8459562499209766,0.519619987371593,-0.056024938215373174,0.9281461358276255,0.1724757904289237,0
0.5275229833495643,0.8071955136869065,0.5276733250324327,0.35293450365359136,0.4450232653080518,0.7802378126720052,0.1667457247687719,0.8125882413769498,0.35440506835680385,0.3871061729421891,2
0.05930864613918432,0.8018155246802657,0.2887328688429804,1.1924977482112633,0.46715368786121386,0.3910941402610906,1.1438748336921023,-0.04879334581023831,0.20471059965915614,1.0730429898592344,0
0.02741236026142475,0.09017391801387052,0.6607320396385836,0.2516415310161255,0.04618723695095139,0.20686043897444314,0.6008421139022712,0.24857434556147165,0.6882577492164302,0.7511289478812458,0
0.8386919216899352,0.1571548034294467,0.6555168015374901,0.09056906106365252,0.5433727268186469,0.38703495312148517,0.21546292334173647,0.928167415941054,0.94272759050972,0.8328097143906963,2
0.817140452597151,0.8337616145982488,0.9102774022463764,0.6084970615167108,0.5484273916087481,0.7855179980195167,0.13132141030960093,0.7125952946477803,0.639129702673583,0.5467135594860658,0
0.8135352002729451,0.865456783847433,0.859191519009789,0.6929711722048338,0.7002536426647878,0.721720406778971,0.14754865046164187,0.8387262445747073,0.5943026049707729,0.5664408642028995,0
0.06715165784340824,0.28390869067613483,0.45774330560368237,0.08179010961014777,0.35640109145124566,0.9114540127082178,0.2222842333181372,0.06871184742802786,0.819871576260118,0.7004468332311373,2
0.18683294570102926,0.2225701992711215,0.5975124869850232,0.3076672414728884,0.9524913371348992,-0.2281223014818559,0.38498132813384683,0.8486220376170901,0.8882547532846249,0.01733539631952724,0
0.8613519680584849,0.1589845966054057,0.6199157561269637,0.08217336787333772,0.51395997586739,0.37206113789323764,0.22779445508951918,0.9455187343994331,0.9141216407266096,0.8338158850451347,2
0.8824996044057212,0.8729814918011461,0.9191873367018156,0.6723191674112351,0.6009419675936392,0.8465766156206684,0.11167637754669515,0.732244068114286,0.6185910034570753,0.5400409869497839,0
0.1153600506290598,0.23036798920526902,0.5641999627442975,0.8482658279650355,0.6103648431047944,0.7759826792056331,0.4176397897403912,0.10961956849698376,0.6156981770952287,0.6300452258334331,3
-0.014781980224149255,0.1189466148414969,0.6434118407077649,0.2823596280298002,0.02363739579506626,0.1921096475606452,0.5959966755788378,0.2642464014089255,0.6878687536850505,0.7927801626327293,0
1.1902844646035553,0.3014158080859068,0.5393046048404792,0.00991857205635742,0.13159968888166018,1.2297622028058761,0.369367508093176,0.7263742739629346,0.38275508651208284,-0.2628122647126658,1
0.27617743601462147,0.9659072372417998,0.4102393205342236,0.041679068898856884,0.1609193412466044,0.8801667881308652,0.5188196487956848,0.25701650855842995,0.7500107666860872,0.5580506349049684,1
0.0024552606666763156,0.09887382010238169,0.6356054421438652,0.25811972437099134,0.035249485545824744,0.22145707215523966,0.5764425039727177,0.23316914424392957,0.673537003835733,0.777644392341151,0
0.12667468514278554,0.11472421658563775,0.18271194204628372,0.38351276525532124,1.093049969670914,0.5176015479821771,0.08476830509669775,0.8043389719390126,0.8070526739201509,0.5820009517814076,2
0.8956577487957557,0.15572752119740613,0.6577844419453741,0.1285481944005307,0.5053663879908075,0.3731340723085783,0.15790216421457215,0.9338508289783294,0.9196237220635206,0.7711708150435526,2
-0.008520233295021266,0.09847772499956378,0.6194878298937789,0.258930061548247,0.03266602976172201,0.20744733944745627,0.5835475105659994,0.2379530067215192,0.6686161578197222,0.7771591451768747,0
0.644356060336883,0.754318813884521,0.24990119411613876,0.8425409580797052,0.618505572865259,0.2789452647258344,0.5214019283917984,-0.031148877441093514,0.5872186994473773,-0.03588824525276439,0
0.5323346158761809,0.8051532968517667,0.53518432900056,0.36049817009101937,0.44107319243875553,0.7896962941671016,0.16195083094984183,0.8152944205533326,0.35035546942181817,0.3901527853736765,2
0.726385075193392,0.7816401932449989,0.5756482846639015,-0.19672710275809796,0.45585041960936973,0.6808246424983497,0.5951216379206532,0.4846538074065203,0.5536685427422512,0.3668857481644814,1
0.8583877746396794,0.36027990191123516,0.831855280371112,0.5464747177243574,0.7219715774229698,0.2843047537237616,0.7001782545833293,0.9730030796429456,1.0128022634038611,0.5172782539772407,0
-0.18630622201796565,0.620140026783109,0.9569184942301485,0.7312184161138039,0.6681233669177862,0.9146635180163116,1.0553232316294505,0.6351060602555973,0.7170414656058586,1.184529360878952,2
0.8953648037553017,0.8327302577693421,0.7008935945565302,0.3972650536665026,0.7834120749530057,0.16652481683391082,0.8586071478025399,1.3246780603305828,1.129353480104476,1.0686554747891144,1
0.49777378867837097,0.5737644886299568,0.7158780142654688,0.8007575635161491,0.2985741899507034,0.0554620553565755,0.07583447139688917,0.49468891154655675,-0.02615848579708588,0.05351163662412073,3
0.19310107158821935,0.5328422074534986,0.025072861339420646,0.21015166938469154,0.17365017903699312,0.5415825394190616,0.5987955043011072,0.15311238261305085,0.9733308938989571,-0.06861834940360297,1
0.5317698956899473,0.5095631689212321,-0.007823478329027196,0.8485296585508448,0.21121036323644124,0.7507621949492956,0.8395653494816959,0.45425988626596714,0.6006519798316509,0.5995567604570841,1
0.11464741445225483,0.8575093467522188,0.8142814697586092,0.8142101843468583,0.5261090506728975,0.7720382856768734,0.1603094703330559,0.8299300831984007,0.5771384858711232,0.6025629106762714,3
0.45722061900864763,-0.09472817076903622,0.8249510447375751,0.9884195071531315,0.37992279442023047,0.7259982416655317,0.07870501303485392,-0.06382786436010873,0.488041598476108,0.5521808925084127,0
0.10007989613794593,0.8160392118550027,1.4573203432183979,0.32129370868696294,0.5624204515037624,0.40449210993461365,0.5768867945442648,-0.2939041753088273,0.7001179170705907,0.29118283250474275,1
0.57006239207172,0.5835611745257129,0.7190634998255057,0.45243606465452607,-0.16266462779356694,0.903660800844532,1.038978640458428,0.2896393120251939,0.43462624039202935,1.1864505482895644,2
0.17370941482140012,0.25358071115781894,0.3344521154683519,0.18221256940564104,0.45268227728439775,0.7964557162905592,0.2698265210600449,0.0657122047938313,0.720659843037767,0.7402320435843694,2
0.17274298459494417,0.2134965109642274,0.8290660712296625,0.19154697998844086,0.7604696437608557,0.08961379817756429,0.7718758073458771,0.081492405218879,0.2816236961668603,0.7629738024649768,0
0.15415335046675727,0.22728238592639116,1.091547210739809,0.7839235280710687,0.2549509971749776,1.1169708097321842,-0.16892279534769133,0.004931091368889029,0.5721911239097076,0.42512066701058815,3
0.8136596974558592,0.39606823211482656,0.8335700895631586,0.5812583844652836,0.7381523903635225,0.3319572891887533,0.7905915265551962,0.9870114311591871,0.9838973284495792,0.5371211646909045,0
0.9353678676757592,0.8051554880152362,0.6550462470891967,1.2394166277825673,0.3835384050642289,0.5910880670995917,0.32645258474637884,0.13384394765820057,-0.26597623624416433,0.4175179990514438,3
0.0629640133983713,1.0060956482376362,0.4535638349029558,1.0531429175104312,0.6913879112646443,0.24232567544638495,0.8275966168454908,-0.09401803737766953,0.5712075293894692,0.7994432556472485,0
0.4898388763162211,0.026021553777234786,0.2543493517541916,0.32802669544276675,0.2896550765443261,0.5869585949689935,0.4300561647332275,0.9708006000730793,0.36904973592215523,0.07931611103286652,3
0.2541156893379677,0.8863896277636947,0.43216660359227355,0.9077500474295973,0.5739723502782219,0.22510065965206907,0.916079240954931,0.07886314590174237,0.40550259760665475,0.796603685041622,0
0.3675290773534173,0.5995371025594759,0.09294431049397239,0.7657091830908751,0.7235518365048721,0.859930026325166,-0.10495218181039859,0.5033786050235445,1.0932714674331256,0.04812906137069679,0
0.4327193793450536,0.5150386757248816,0.2459057307043955,0.6842174134690022,0.8600578663531958,0.8922182219380119,0.026592601192274905,0.6831210639618297,0.9259800729696293,0.2283802994860133,0
-0.35565294353468835,0.7715927945560912,-0.05183645329903014,0.17709323807382218,1.1087980181527644,0.17665680264293004,0.36224294496083254,-0.5148278049215972,1.4387326667112674,0.5197697105923653,2
0.11517768564318151,0.1915691658651213,0.29066929867785596,0.7295159930596005,0.8872352536228201,0.2310836291426299,0.44668728645575634,0.8522727435197821,0.6214339664366758,0.2997953101293781,3
0.9282109000327381,0.39075002863455033,0.8373299870851783,0.17886999054311284,1.004813454662098,0.3999363729032449,0.7630446672725683,0.8890189976438458,0.6958834079077909,0.5966763577998144,0
0.6495015801570834,0.3394045780883383,0.4924326286518773,0.12043487269196766,0.5146652964358817,-0.07918932546698264,0.6565995561958855,1.21637317426029,0.8685910552198104,0.7929793209165571,1
0.5803653763280655,0.5836918700061237,0.8990711807569587,0.5414847702794584,0.49026761494526894,0.6454405785948714,0.5751726618386859,0.5705555440720225,0.19011129603410723,0.42158433899642483,3
0.7614102357599652,0.5394551023284735,0.7440051498963661,0.6521695902152809,0.334689332929729,0.4190936973066963,0.5934788120898425,0.20730425040853223,0.17036909394366473,-0.08843859352476491,1
0.6361513988649692,-0.2760392533397737,0.4911778255129201,0.5806259619779295,0.03042820577335173,0.8317880790657153,0.17284868905290912,1.2121729196600657,0.2953888542659613,0.2197062291990534,3
0.5725144093874663,0.2827130630178004,0.09332857858092783,1.003620968090479,0.4008075224338369,0.7961365110988918,1.0017698929605028,0.6938336649598073,0.5081007684452185,0.03883535384756021,1
0.9090572202589216,0.7319712029747071,0.4917544519386832,0.010939365382079659,0.5843165965422027,0.12759102828656987,0.8737251500126869,0.9145142396233823,0.7537221034705098,0.8942273453482524,1
0.2711403483855765,0.858103697539843,0.3438555881298688,0.7614972646102287,0.7924865375991533,0.36547619217517147,0.9275088446296411,0.9844074220507372,0.19537398315041515,0.47956990716339926,2
0.11127151535408719,0.8569868209301231,0.8205228642516954,0.8111778435122626,0.5326331369388656,0.7789104858376799,0.15517486252258558,0.8348134371722574,0.5781848461550003,0.6069827066560809,3
0.11732423963554003,0.4676826475205631,0.3117265884849658,0.9524742862626346,0.5967021161985362,0.7795573305417285,0.35822734188074845,0.07733056516378363,0.16994322893547684,0.05590329766189073,1
0.6051215303942847,0.7684762893031685,0.1218131907884388,0.6587420209265984,0.5074614182578342,0.37161750171469965,0.599516502658574,0.012793803140225483,0.5290062640802731,-0.005287476390170369,0
0.1990622437310413,0.2950873230579206,0.32667889146276813,0.3909942854179139,1.1217099828685124,0.34187431280961944,0.18523463674434182,0.9433741705255914,1.0305578943134428,0.09116746348566257,2
0.2659387496614112,0.09604190994631778,0.598690364225065,0.9188858464968613,0.7180044387660502,0.8747840282284076,0.5853387855240212,0.21854729987258578,0.4625301842139326,0.74924951493895,3
0.8969688247001265,0.2719631789126588,0.88892982128213,0.44539409944404523,0.5310116164162213,0.6720739373870993,0.2214001782641174,0.7424691217728252,0.8304637964658557,0.8523680831085092,1
0.7224815746907209,0.4930036766396702,0.7535416793525354,0.26186126393980463,0.6110722897971154,0.5379626349767777,0.3482946407941154,0.1305698108679495,0.6524633034126985,0.8343688598260426,2
0.36750807218613024,0.831798585562599,0.8589887956578418,1.0847889745511834,0.6533794998329873,0.5955106896533454,0.5506098565508637,0.5663447749153706,0.004865920233996596,0.01543453409736513,1
0.37397643219493426,0.9514681063717298,0.39802605962417814,0.7496079573718437,0.6362917947564725,0.2669076605234548,0.9642987859675304,-0.017852670588307334,0.4311321439708106,0.7292059798175554,0
0.2182257091032027,0.8838160677389607,0.9768456141219525,0.5429675174756964,0.9038364978089662,0.9395189408739469,0.9582607324081465,0.5019727135788767,0.7294105904123219,0.8218181808449594,2
0.7864348333351245,0.6887741997629004,0.78070593668509,0.08172816362225518,0.5635711431024905,0.84318363502803,0.54028440283625,0.9625714419069369,0.3485972325126109,0.2699216203242438,1
0.3611365791957342,0.8618871847803344,0.2253509699325587,0.44192478443396327,0.11695800532162196,0.30873147008312174,0.1372859223746433,0.32090216088820345,0.8250551901961943,0.8244638779418051,0
0.13242754578052443,0.1820407561215866,0.27199836878261807,0.7432804556641385,0.8886322822930458,0.27219668390417406,0.4333891158118604,0.8318709621752497,0.639063894324954,0.2733001745837871,3
0.48001387156928255,0.029536709091257676,0.9756456241983775,0.8488635035870914,0.4520703079139389,0.7738994398092853,0.2380066569593926,0.0872800668762654,0.6308253021319981,0.6259967290023658,0
0.24732247136379293,0.46339807927263876,1.2835953293882238,0.36030523081334753,0.6266458251050053,1.0652606578838917,1.1208737473683916,0.37813696589236667,0.280292273585983,1.0699161389572327,2
0.07254704845617299,0.20960150944821979,0.27884615120784767,0.6940898934347843,0.8235559801106258,0.31125987523711646,0.47381246940396327,0.836339692716961,0.5843474606288076,0.21985016049677975,3
0.3334565190349118,0.07872622327728807,0.7008479940105632,0.20151971873854854,0.974027157912273,0.02171847738257517,0.576487021005953,0.8280323299669483,0.7699351190084305,0.1554316118173488,0
0.25069383036282267,0.6637722305545126,-0.12888691100526412,0.17975546983211887,-0.16332484778229667,0.7511574026860204,0.5864508045241398,0.3223436663343077,0.7281053258269611,-0.2044039525326815,1
0.8910968338103696,0.5941853656903942,0.9333626992728878,0.35595697764987616,0.5359850244490969,0.5505147149931668,0.36625219472935067,0.5419186822746088,0.3968453883631189,0.6412430436830032,2
0.4881702720838148,0.19503064204992143,0.9134518183496586,0.4729085735897837,0.27240117984661594,-0.04751333552913156,0.23179204149510554,0.26752047022347036,0.7750529624274296,0.9572066733415643,0
0.5727762813490792,-0.08778439202829816,0.766478819717306,0.80893026734046,0.567311530469322,0.6439439532686843,0.4493309496436988,0.21966567842724494,0.4100588369154915,0.5194111472771482,0
0.5566754071591651,0.607508199082521,0.9280940964588225,0.5400568405297954,0.5301297485276191,0.6767397798463453,0.5691593249358087,0.5637297126104351,0.17466179430502476,0.4297226769540815,3
0.6123321879113617,0.4086066000229257,0.10815630375628066,0.49577897502688667,0.4430049204340168,0.06103832986311497,0.18177504046968246,1.1964007960746275,0.6576745754734361,1.043997996348917,0
0.8699316417217253,0.37299404986743084,0.8654703281704522,0.5490680215282557,0.6720565485544374,0.2546228045030124,0.6897638020699212,1.0420492748599643,0.9438231958350154,0.49960375046919264,0
0.5390234963213223,0.3366074795957411,0.26960409596015245,0.6805719058579257,0.7655370767925396,1.0115786502096031,-0.10632083474584189,0.6205619579248528,1.0296733797095983,0.04343092288501067,0
1.1383606214967648,0.4730034605380321,0.9346592452688016,0.17892246123500938,0.8098037362971022,0.5705557030954826,0.5926807620249863,0.8012045063387434,0.34887369956134384,0.42578963789563795,1
0.42651665881866113,0.27420337162669334,0.22961782412335324,0.7732885280374111,0.29616347472724475,0.331862669434145,0.9555308221878795,0.07453945482284727,0.7732467096901617,0.22095575402386694,3
0.4499340562351239,0.22486913428353197,0.3254353787949255,0.8358254963435755,0.16056666000776382,0.27906113104234015,0.943777984895565,0.06312784692636882,0.7709631858716764,0.10748287943333111,3
0.5485168558026,0.2791066262370459,0.08436639391711989,0.975984718675319,0.4318015905280887,0.7731311242343191,0.9890011504994232,0.6636434053767963,0.5185206304868674,0.013301231048707023,1
0.7929838300312078,0.31156886615360024,0.9395773589528408,0.4216127154300533,0.5313056413492607,0.5546818306403684,0.33151886840264433,0.5472929298299141,-0.09656339213909698,0.43488998626462844,3
0.09868045897846726,0.16544969827339961,0.2800286804997559,0.7187974049572012,0.8925877829411555,0.2504766916652975,0.43056649723499296,0.857493385215659,0.6590846619338191,0.2934733268752315,3
0.9645554384579911,0.2515407959868941,1.035843994707005,-0.023895474484080886,0.8334485626670037,0.2014934913793486,0.8742432138704647,0.9916885697802996,0.6691136774916591,0.631391563874156,0
0.19652890433022352,0.6762426279840328,0.5533446391915805,0.5395933761989461,0.05923825199506445,0.8158019897716289,0.4096938505549808,0.6831134104132051,0.04793231816972107,0.8236738973511806,1
-0.10891796349171642,0.9613868843234719,0.7665708863052556,0.21192020490659128,0.09646305208454282,0.31317805263166437,0.9036861794751457,0.9709735831526924,0.6913357832340531,0.26730480204634666,3
0.4158596954185274,0.47356021579482854,-0.11089861443072035,0.15093881306203927,-0.0832014819031438,0.69746057970023,0.6180387187202315,-0.04451357106336895,1.1599591254453472,-0.0933503388643385,1
0.34703945258281194,1.089595902175208,0.5153731798515274,0.24953930655129727,0.30753350142286046,0.7266394666129041,0.48955169087020284,0.13845525840699852,0.7183186443586062,0.48527805825983217,1
0.26721602089872154,0.8026299010202685,0.451496637923745,0.8440347128849208,0.559872356378498,0.16510249575467703,0.9630521335740616,0.014636544164465762,0.4546490538311457,0.7263029564171543,0
1.1160036186923061,0.6905901354991394,0.8482831742596775,0.5149302072762627,0.4668732691562675,0.6922354115620922,0.390781459122156,0.6574658672610584,0.45564295129945953,0.695337282354057,2
0.05429570270860834,0.7521909737935446,0.43090759156628844,0.6201373650512269,0.27277934793000014,0.7706706842166147,0.4048676518864598,0.6164111657248942,0.01119655386936469,0.8058091946168535,1
0.7605877750517672,0.27150376198664533,0.011622806065546162,0.8132553124740582,0.3484889758503526,0.9996717455182074,0.874064626465957,0.4443969508408011,0.5697799055397232,0.676999798141547,1
0.732956229153827,0.1621991466622567,0.6869014742331812,0.45970856152728123,0.5596106381992799,0.6282795978649344,0.06836796383208853,0.48541299380812175,0.592071123439016,0.5883015751773568,0
0.7918185885814295,0.5995640569633423,0.545858355699532,0.013068639994300989,0.5594055590185826,0.018447158596422084,0.7940913127318766,0.9747327025761415,0.79475619735341,0.7937153911601491,1
0.2095263043629456,0.5906225916294544,0.10225889011573001,0.3376130514264979,0.025900816081426435,0.4468562889763079,0.6299117044466211,0.10454182166838107,1.004676890007423,0.12997429369591687,1
0.8406008316806564,0.3758244603823597,0.8408792353403729,0.5421681046145099,0.6740702803956968,0.2569631754625267,0.7541134109623341,0.9417490040743718,0.9802219127261069,0.5395313067861707,0
0.7333190207454879,0.3297307331160506,0.4784959944796711,-0.176952199501337,0.6078652488506862,0.1901242855831043,0.887338809988081,0.8883991352010122,0.9627190449067461,0.6566100186652545,1
0.2391199448371376,1.0696941120052907,0.33979000041363006,-0.04948441760341174,0.1724532012834201,0.7031926591653368,0.47150799496757495,0.42061730910921064,0.6550278148696508,0.4213349818596098,1
0.6047828411594137,-0.18992822697972256,1.081020786263897,0.6319489205078473,0.5026730557606738,0.9668231792723856,0.27543729881627205,0.13957616748558982,0.5967096953152253,0.5876001867911937,0
-0.5697512603240682,-0.060389576489144,1.1910586748725258,-0.0028268776331675516,1.3785117266088984,1.015805227921714,0.9954052031062735,0.027157570360175576,-0.3543987479216867,0.37801720887843776,2
0.25974797574530506,0.6912898639096232,0.16966609188743859,0.14614536245009951,-0.051526839452640444,0.38391910562916853,0.7921330361014893,0.14287106416229872,0.881019059516374,0.13030077386422828,1
0.7936839165471171,0.6408957380242828,0.5000699599195473,0.04234597457525137,0.5333706575245006,0.0067589267163750515,0.802944207216619,0.9823750795555866,0.804530519533374,0.8013390732212875,1
0.8045465051714631,1.0085394346517398,0.546185414051738,-0.5459209361635646,0.6761223816022286,0.6899039416168031,1.5669703232966286,0.687308782908714,0.4000274857047773,0.3720842243562601,1
0.9441371656722375,0.7859723096205683,0.552999476919542,-0.018609187895926416,0.38570597841188964,0.5026993185140247,0.6049586848926757,0.6926445696236637,0.546150354738863,0.12373713426748867,1
0.36671521903717264,0.07161311128725782,0.6667287081258884,0.238534582415013,0.973086378779239,0.005808101960077136,0.624430436958231,0.8365399128722113,0.8194077920422578,0.12269838907214474,0
-0.038523336833832536,0.49757134449999607,0.25407283171965667,0.1791835653165776,0.9827856537019547,0.5075230913251605,0.9540887411299214,0.29716012561662725,0.2022381717016506,0.6014671006093693,2
0.7997913405663597,0.5236972445055142,0.7243886059288348,0.25975857732073904,0.6066994641153988,0.9116330377305638,0.511204641130053,1.055165721557156,0.29122672949632167,0.110443276201581,1
0.021701941514179778,0.2515745467413205,0.29428277957392424,0.2376678167642107,0.9153028299584058,0.5558399691395144,0.20636931811812959,0.8985146074371317,0.8574384933196054,0.606484582935291,2
-0.20336221912119112,0.7454596531393163,0.9332251884066782,0.05743862380528625,-0.1897823796316977,0.44047665283693227,1.0908940149749777,1.266974724384909,0.6588088285458777,0.32073876916295885,3
0.19268188921717427,0.7414498800166719,0.8148966207256229,0.4540296583758022,0.601777914679905,1.0296300985971787,0.26382508570308716,0.8264141482657572,-0.024792850352412847,0.3857658054458887,3
0.41066332242638603,0.3105448389460208,0.5313591375382818,0.8219480337014979,0.3017718808404189,0.3794520031798261,0.4251119542691527,0.6989899255454983,0.4572285310604967,0.9009740714956559,3
0.9260414247874971,0.2538413687859055,0.927299691024389,0.44491776547193085,0.5452651907291838,0.6666667193022282,0.18322910621003038,0.677302329414862,0.8764278843746485,0.8612083069416567,1
-0.015468266753676213,0.12666474503610425,0.1473267312922484,0.48018059501547605,0.42438435890050275,0.981116124479011,0.2848685296494498,-0.20865413652927722,0.4849030307231954,-0.31288973437347056,1
0.8092780643195867,0.30401694490186276,-0.009068212357215562,0.7679760885121258,0.42009100386157017,0.971985719575343,0.9131508244746538,0.46889905265324144,0.5355385198848748,0.6235400998482716,1
0.8494589356695349,0.13335238626297397,0.644651725778213,0.08365317660137521,0.5237924659716345,0.3801620701358403,0.19709562427992097,0.9185557474552477,0.9460722899062569,0.8306287235450386,2
0.4778336169433241,0.0822434606727841,0.8846183798861772,0.9050628323830326,0.49002930729985256,0.8244703772450754,0.19890047664762442,0.03111814450845811,0.5649390944034938,0.5868205187603993,0
0.06893198578030096,0.8462461511337714,1.0025795289760946,0.6819075314854102,0.3118202205024747,0.9217916454779718,0.1567833614983667,0.9208009202256221,0.14302675364923564,0.33562654286531907,3
0.17163826938084442,1.1279765214948296,0.688260939505899,1.056447457110039,0.7590307033256725,-0.12975990934088583,0.9677997772874753,-0.19279549185051575,0.5758983995291117,1.2383560249992045,0
0.5855291880492125,0.5925582082403098,0.8914743913859086,0.5423613732419186,0.4946145480405083,0.6257407704470053,0.5373123257589241,0.5523618823985736,0.16610792182549028,0.4514119932703465,3
0.3210958922042547,0.9253302458115585,0.24032440336735894,0.8270400019996059,0.6839550639858968,0.19623422714024147,0.8108112434323278,0.9283970134189508,0.2921331901588817,0.560218067681935,2
0.3579643689978075,0.30847578945089216,0.10599032820575821,0.05493846069723596,0.268486992227312,0.5565669945684395,0.8265709258529829,0.12761137947620915,1.157710034998093,0.3390216844928732,1
0.4251903464674358,0.22113353932052232,0.29477324177277586,0.7323506415437367,0.2268790126382029,0.2671673643304513,0.9621058508583278,0.02233135188714553,0.7850127732833496,0.18211181347345531,3
0.5732186668139297,0.2850360454589832,0.09773390177779713,0.9781861549084911,0.44848376497745,0.8047683812729781,1.0020666956291457,0.6793966578839988,0.5363830975776726,0.05337385476879613,1
0.303021393345084,0.1855113647330041,0.733924741634003,0.9424079503926289,0.8128701745917709,0.7880526371380399,0.5005381196705118,0.13816744012192766,0.5092475891171723,0.6833138242735063,3
0.4801911716896459,0.6816305058255172,0.8440125812910391,0.9497847554919646,0.1904630223549789,0.2121978133653908,0.32773440510360063,0.6214196260064708,0.1369162223877022,0.1964317236392283,3
0.13448589968617058,0.7727322159626335,0.6229669526441481,0.6496770606575818,-0.133926762208188,0.13853259507954774,0.21498955944032866,0.5068595039633399,0.08411399678800206,0.05308036053847806,3
0.38615718181099473,-0.05027832901565286,0.29300525705497266,0.332820288453304,0.18467098828915163,0.6636059562553126,0.49156877156346407,1.015983528325429,0.44077988065861795,0.12209044465140777,3
0.026750470824479792,0.6249982539963594,0.16956672238987444,0.9554718612111589,0.0371683311055378,0.3786677005601087,0.24660663187695436,0.23160713907181235,0.48610382912737615,0.8983584660734326,1
0.845823805987738,0.14428925077704424,0.662718468087253,0.09845372551852591,0.5494458006383307,0.3722825466355627,0.2084901152984556,0.9192187196396377,0.9446854341146228,0.8396882560912181,2
-0.016789391656968272,0.10248364934821859,0.6249443278211825,0.2994290453483884,0.06409681110043679,0.22675750689804314,0.5510825615421506,0.23689058925281029,0.6851568062186104,0.7427095308683692,0
1.048129527291791,0.5754416775372193,0.4457722125574589,0.9274065987707628,0.8994982320201405,0.6895445213649445,0.8091716206181696,0.6637907128332666,0.6563370778444497,0.35785133018504833,0
0.8793088461465866,0.6881718246867846,0.585260697636177,0.09449381697098785,0.6692406684320397,-0.018751339815204826,0.9259907534357605,0.9923745690497512,0.6766194992666033,0.9108508471466625,1
0.8563817623629038,0.8202886382810194,0.8638627804832709,0.6435396010608025,0.5969912989884718,0.8211242509547839,0.12206156226271131,0.7609490928269527,0.6714261465699859,0.5014430203483002,0
0.9223235425812424,0.3049136886139957,0.9119475027653139,0.47966799314257835,0.4977966120560967,0.6857973014665296,0.20530023375816037,0.6978955806446279,0.8298512970911137,0.8690446868074816,1
0.6175304943066899,0.7634072555121374,0.46770762117924125,-0.1084058124692929,0.45279899859756845,0.14111114469417546,0.6976329580769651,0.9424852098400647,0.6159186052102054,0.6630147856065388,1
0.8381613041771817,0.5958046500503571,0.7051126894486885,0.270665658505973,0.642772220744438,0.8481354284751623,0.5016568804614251,0.9672853998628248,0.3051248298163309,0.23664044294173037,1
0.821461603674213,0.1004135082502001,-0.005070184451334905,0.783248049262072,0.3480815169615739,0.8561461859665053,0.7036291035789873,0.5830656858012008,0.42446267672703286,0.7721877938504149,1
0.479634303482298,0.5325918354413374,0.22030704840724533,0.6544996121923926,0.7862417236467524,0.9216666195012012,0.009533074722401256,0.6538079451335653,0.9698391198114305,0.15325766921007442,0
0.44897635093792004,0.7710976055269884,0.8423031146565817,0.9064880106333427,0.6955399537680554,0.42173331718631213,0.4276904572024782,0.4104205980430208,0.17813968226937418,0.10591438496904051,1
0.575575218892256,0.8678465574590677,0.2006760608540448,0.6572842512119512,0.44672405548076,0.4072040984195319,0.6000599322209774,0.07870946725507391,0.43701492856725566,0.021024864998888018,0
0.8538420432323239,0.8249190103609848,0.8700913550375237,0.6447035464907752,0.6028392846564583,0.8175614775457065,0.11942667062086414,0.7567121373928947,0.6745912868327885,0.501709010952045,0
0.4621730346080441,0.03950151956821779,0.9413687505511169,0.8700169947490539,0.4484747575173194,0.7727602130715143,0.2369998561318176,0.09768704420578297,0.6075587503155896,0.6349822130687237,0
0.8982805877011254,0.49416689913873457,0.8607558054963143,0.11794947614488169,0.5045737243642369,0.3241702324509521,1.235979879978759,0.9199216882717444,0.36199179728201847,0.7671247894060721,2
0.022223058960210634,0.7394132953108044,0.2156457576839063,0.9348798232102306,-0.018982742825284345,0.43107595982910446,0.3145606962820526,0.16258059205317887,0.560816744179319,0.9655875452394685,1
0.30098432764416116,0.9220230468131798,0.22152794433074657,1.285854658120634,0.560311047251243,-0.10609969574684536,1.2413337121013848,0.20905443162251264,0.7275684858740952,1.2149509553126496,0
0.3651484889021386,0.661306626656173,1.006577958965819,0.5892834322828316,1.0799974335152722,0.8712574974077696,0.8127609322469598,0.7066243189846255,0.9690102953849709,0.6684203702891247,2
0.5366489510488546,0.817503101606606,0.5442397388745532,0.3438561358255353,0.44035091045474867,0.7798461222329182,0.15159492493258964,0.8323861370578132,0.34991565388808243,0.3770666750481608,2
0.6018106643113773,-0.03608282639459845,0.9401186961110137,0.754993636657811,0.4515800777293499,0.8253926446998618,0.30587293086285033,-0.025583806536195436,0.6430262211743205,0.6295712943150061,0
0.1973256605594217,0.5970663390102876,0.003934060697146129,0.22493993122818826,0.06624511881525824,0.465086186957163,0.7502892481336105,0.21193717800188677,0.9579055416821355,0.010554580821617945,1
0.8101755552787853,0.4533452030814499,0.8080998419584198,0.5455394083216448,0.713751020934977,0.2123394734285892,0.6865943632991595,0.9726916384533484,1.0486289809872105,0.5414453469622319,0
0.12300041990404602,0.46148041651171934,0.3170686300435656,0.9563426690679495,0.6304268060799213,0.799424056858016,0.38793745829903403,0.08576781199997249,0.15410689583132722,0.0754402678564666,1
0.1885046197060287,0.25782695478247913,0.3561449526411223,0.17115177110673133,0.4356650894095247,0.7658201240821291,0.28424311555541953,0.05518095070639782,0.7436916822514421,0.7585606263577218,2
-0.4638820232362447,0.4994632978162228,1.3639960154660855,0.5761845333581697,0.008149326063511625,1.236480404574596,1.0721723446727989,-0.7310947474354359,1.0702954035166012,1.5667643684523238,1
0.47091665522068477,0.5471158726442394,0.231028816056808,0.6567205122158774,0.7780576588226615,0.9159643757021984,0.01652119786598461,0.6546926780463501,0.9908999767366824,0.17937154990404203,0
0.2613329382684544,0.1009094557889369,0.6207756304311133,0.9078427333431376,0.7572079220527144,0.881729342063645,0.5716434263133789,0.26119603977672956,0.4948037537525198,0.7124590495549353,3
0.9409286708262462,0.37234578059991513,0.8470954350360296,0.18411756879667296,0.998143060887327,0.37608566951811895,0.742547657708378,0.9001762613382988,0.6868228169490516,0.6028954532280295,0
0.5618558428331495,0.8404999421430799,0.15239210794792885,0.7237255374432126,0.5067500991757419,0.31849756738557355,0.5879044898763639,0.13223106339536247,0.5065938791158952,-0.08236164862059907,0
0.8665947973583961,0.5717070226834174,0.6922627601560464,0.20768921610370433,0.6064433040263196,0.8814173693099168,0.519400278420385,0.9753320672001534,0.23855268467975174,0.18095838247740906,1
-0.0010456163717100682,0.6232699210832474,0.26498476875424903,1.075018960424194,0.02182353426449583,0.36495747672754225,0.12110971554603495,0.18819915853410218,0.5297030510642113,0.9855580085394381,1
0.10455222246204161,0.8990132792936959,0.8696042152817862,0.57367772577025,0.46205573624985485,0.9169110807264993,0.18943549133518436,0.9567120833035283,-0.007097593665676926,0.229039413896947,3
0.6780164486873704,0.6791172538064113,0.43517030270089124,0.2081634485227138,0.5791527852048823,1.174281805995653,0.6174400277009293,0.7103080405431897,0.5750129864109179,0.9294686724005992,3
0.315393509429674,0.5829767275930023,1.4974589088462162,0.48753390262939733,1.3197281093563973,1.3230896877490683,0.696715303147198,-0.4214710388883778,0.4360592819766814,0.5780365517173691,2
0.6461590362851676,0.7996551647194003,0.1095572831805736,0.6946860536320847,0.525907909633187,0.42049961918469503,0.5574553313078068,0.05481379940729429,0.4824140713967579,0.013529814477822656,0
0.42479725634371207,0.04808100970709265,0.9510984949387964,0.8907113665473005,0.4363690955467364,0.803171659416777,0.24049714749858367,0.05982276040480001,0.5613304233492707,0.6362293126071237,0
0.6760009776398748,0.9022108689437892,1.1080908431116014,1.214333691275347,0.1486048790232962,0.5348192113872121,0.1841057411332547,0.20759612824664309,0.34349791386086825,0.3649002927812578,3
0.6808985180178709,0.1219066893410018,-0.10358043138436954,0.7256483459365591,0.2888448170009065,1.096283522408373,0.8924886471651217,0.5922747417768417,0.4430446862986921,0.5361651529210565,1
0.5343637488161121,0.7882469052329655,0.5199162851490462,0.35485506731282807,0.4543252642952674,0.8087936664387818,0.15713173547672002,0.8080357806397589,0.3479314655844019,0.4068425666706565,2
0.4464772299996889,0.013173345483837494,0.9654353942308711,0.8712002794150338,0.48475493815053694,0.7645420481847477,0.2517044117425179,0.05919401328465097,0.5842164108578438,0.6608695969436278,0
0.14670470209599223,0.20703417472251656,0.847110925780354,0.125242489617216,0.7356288823624205,0.08852109680805995,0.8367453261401618,0.06076908934244425,0.224198207560327,0.8202779744252965,0
0.4636113857054437,0.5507741070395499,0.23382640878541455,0.6392837126316185,0.8000284984796076,0.9252229337593716,0.02749912851682376,0.6569989384508073,0.9898638404020186,0.16866460767374442,0
-0.0013776690285529714,0.09812965973271154,0.6366169917670019,0.2818143501499014,0.022739687256675883,0.2189014281628963,0.5762736045747936,0.21634182008213243,0.6928310460562678,0.7578902170872993,0
0.8696841051133279,0.39044595985713054,0.8105127202976015,0.5627401994210839,0.7165698923441479,0.26283433206027174,0.7260923807488099,0.9926275314945635,0.979957486876961,0.5322228215931116,0
0.01585892907770786,1.028467145450663,0.8520783252028882,0.6909165112130372,0.23698420603721454,0.6562788788447551,1.1227635883303164,1.0642588628850644,0.41118496340175686,0.11904342651633705,3
0.23648335506506424,0.8627010296956321,0.45909617511138506,0.9039774852556554,0.6158479431886761,0.23058596020166017,0.8647916468535926,0.12780237842940398,0.4783705531118,0.8876471018265337,0
0.811217056941813,0.30365700226239944,0.6929935392357406,0.09053355116257926,1.1939209517692508,0.2992156988104764,0.8995596248618994,0.8959365982136515,0.617062894644619,0.7189481353936381,0
0.3845072497557503,0.618324114472714,0.7854575010905901,0.9690934209183845,0.13876528516819112,0.16443146814286758,0.380468429635928,0.5294610761096716,0.07570272552624688,0.2296199681721901,3
0.0918228153431171,0.6950324678648866,0.07196100232503594,1.0938484074848733,-0.07333136918727706,0.27018042490818506,0.3390817440757541,0.294331180764336,0.46959157633523474,0.9289164744477193,1
0.9564466731653427,0.33898493310044797,0.4138545936350538,0.9818197217698276,0.6583553107376107,0.529213731275065,0.9937248877538422,0.6170913313465869,0.924382370048754,0.43673186062954505,0
1.0096117518346148,0.7421530266655738,0.43560345516905247,-0.03197642549871017,0.5449854799695872,0.7005692842248189,0.5666804680181227,0.6710241619839318,0.31092931221814835,0.09723951558203339,1
-0.0379145088044493,1.1886831611826163,0.2828108300736678,1.0507210096889867,0.7118200796903125,0.22508040620413128,1.160748641764458,0.06643862160148664,0.2093167119242592,0.8079780327574301,0
0.14161834777372714,0.17869281634487916,0.7980812224658167,0.15654554592796877,0.7715767656835552,0.12392174688138227,0.7973398267921936,0.0790014548112264,0.2980424710281282,0.7379098659863526,0
1.0568809099111518,1.0003116687410278,1.0886628293896905,-0.17618193672142674,0.44374699702680764,1.0727801603029354,0.05628631789307381,0.620929549924697,0.5233153212332182,0.28081349732711786,1
0.19509051899197144,0.8594463930643329,0.9798066072953647,0.473136752257998,0.4405208086853837,0.9428922071862096,0.07420530258111843,0.8415187921113112,-0.09343154535158209,0.10881188427033087,3
0.13328579012483177,0.20189978963358807,0.26443650624705733,0.7357876470793362,0.8808122977083171,0.24320504502287263,0.43142839246639847,0.8151212400823054,0.6559157577056131,0.2838501916833453,3
0.6916310594660404,0.541805906823062,0.8480352016649281,0.514452287622038,0.4484443433629907,0.6716391899135682,0.6714901296333161,0.5929389163540654,0.12169995404294302,0.43657693927252245,3
0.11241374804054732,0.4633089259370329,0.30116802281991556,0.9518196931616542,0.588358731603741,0.7856496025451066,0.34737145893815424,0.08143284720154376,0.16605848933927467,0.06189608549734654,1
0.10980145568047954,0.8552769795251549,0.8209275885898468,0.811819513761776,0.5286211592406066,0.7798468157107926,0.15125570852366824,0.8333146136393866,0.5809241232124791,0.6081317871544553,3
0.29187057800050137,0.9933253983003033,1.3298724057400089,-0.12234421607307305,-0.07813990987785693,0.4106010953735945,1.1584768474652098,0.48351212315855957,0.6295210204135576,0.3240054949898779,3
0.5331749563556649,0.8055972682205714,0.5323322141044922,0.35968941643519764,0.4395024137792898,0.7864005919839582,0.16222724067423225,0.8157198967087987,0.34849584391164345,0.38771119463195336,2
1.0738495477891024,0.3566236874984146,0.4845209177779147,0.031132017247579892,0.5590796641003279,0.6647506825907827,0.6109026076526339,0.4911664276745846,-0.05511815649258689,0.3412415241990444,1
1.040292096131874,0.5843379357514408,0.46755962689430897,1.0641706991680637,0.2883372992827676,0.6698409423983112,0.9606234595731759,0.5118162025873323,-0.1738506001343853,0.6260685099520553,3
1.3154785206940498,0.07093301745479164,0.7747620969599551,0.9554843119144685,0.322010212558021,0.6845492405950794,1.0360154028470718,0.9839940849404102,1.1967745792473607,0.6920182982918848,0
0.3347143831880628,0.9104382993491754,0.4078218486540499,0.8988891846851528,0.8875908486835757,0.2826608312312775,0.8836023983291614,0.9098838099949812,0.1335337980205401,0.39811336794869334,2
0.2686916627898809,0.39124490677918633,1.010992211753143,1.0505215281444518,0.22061580215483956,-0.13238779828627728,0.05858064936938706,0.44553725785667103,-0.01972517771650112,0.3143955640518529,3
0.2974366872864039,0.8439140431078301,0.37915734072029605,0.796475071568218,0.8590818760570831,0.2796033511215719,0.8820615280721942,0.954916136011366,0.2319962331238496,0.3944505253391239,2
0.5239918578101015,0.7798004615547187,0.5338564483248578,0.3868324492614207,0.468689576833126,0.8081290662458216,0.16453920766313326,0.8012701574486338,0.3228591044254156,0.4175511350411564,2
0.5277495985294547,0.12399895344050958,0.9825837091482689,0.7794241724726827,0.3671096717241953,0.8122977182260662,0.26699678039541014,0.10863017168227228,0.5251158413213641,0.555995961099155,0
0.8792579717688949,0.3298907357527327,0.8928133411195863,0.40257911541954927,0.5557009047318313,0.6990777179135542,0.24169809510605006,0.6388648121688008,0.8440126045433085,0.8966807917691427,1
0.964015455638298,0.24995094147018612,0.9013963574173463,0.19228799044630238,1.1940627751984447,0.3893989120775291,0.8184808833031102,0.6985850070565376,0.7939916457741947,0.5189613435752415,0
0.489513637870732,0.05315261044759826,0.9580678932220769,0.8819509661881889,0.44264802595187985,0.7506213079827003,0.2584322256282205,0.09481482919176075,0.6213765334549184,0.6339545370837683,0
0.24006031653697207,0.7194915639159053,-0.054118452923703916,0.3713253917073541,-0.02287570324875149,0.548580475461015,0.61608958882982,0.09507983360383795,0.8614054274742735,0.028263330706006687,1
1.3790318320879358,0.07176649985141509,0.4365374735450967,-0.0752146021881982,0.9957537011682364,0.732051881648571,1.4893805032497676,0.9853974083432814,-0.13395551212369028,1.2511762678995908,2
0.2642141165001443,0.8914227755412143,0.42003765768283047,0.9957470234224111,0.6571539585162991,0.09834225062950921,0.8434683728851975,-0.029996447098624368,0.4457723416462904,0.763425939645476,0
0.8238790855366522,0.5698219677584355,0.9274751754815602,0.3201142610332117,1.0190221714567846,0.21468588170634906,0.9078231680668604,0.7626255660271408,0.6546610983964016,0.4732496428026008,0
0.23561241724857154,-0.03980346213982311,0.466878637678215,0.37670756429223784,0.9735828612000381,0.28698765273356497,0.3154315772600515,0.6664872375220567,0.8427065411055898,0.8152515475263955,2
0.9005589442755465,0.4174296206334841,0.7786922407180857,0.5999831722255807,0.724292676022382,0.2891268502721018,0.716905755441569,1.0185422923188994,0.9646938597283967,0.4919402652424223,0
-0.016907660430815055,0.06881468493865026,0.22328598047049397,0.4960956697559061,1.2495443040730754,0.8365015888583387,0.39453203496317746,0.9933045556901823,0.7874959245401004,0.32624748916353474,2
0.8626397146258621,0.8237737165920674,0.8581158779224296,0.6465761745385501,0.6152582515359171,0.8204126806323327,0.12401076011755577,0.7661339411808347,0.679075784494823,0.5095419476716604,0
0.8297132395239364,0.24383212948964522,1.1794978484008358,0.8977947706974843,0.44729335385054847,0.6192359503981341,0.2479648180258801,0.7888356014231314,0.1245048013190607,0.1456789222429778,3
0.310723429649757,0.8621078024474252,0.33092635597071957,0.8251039113557009,0.8409880256346484,0.24476786252642932,0.8338646135966481,0.976040273860828,0.2389161736912129,0.4178577203058984,2
0.42400899799333086,0.6458733282494208,0.8504867615372173,0.9122566406049516,0.19982939020695034,0.1358436214396124,0.25219154871180255,0.6314978241307158,0.11916960998839848,0.1831325722541307,3
1.3407146346880385,0.047322232037357304,0.3706708351784121,0.7755133669735722,0.3173239457424641,0.7393659996691977,0.7982589069622011,0.542654888883875,0.9195844771306635,0.23274149730235255,0
0.17723733337430436,0.7040353642415966,0.2698837272870433,0.49295589810341,0.4995722602079398,0.8173745314824618,0.560181488258348,0.0008154674127230782,1.0203522386882014,0.23994591275620197,0
0.3463099512333664,0.41415680214436373,-0.11491208022763791,0.1510953237949783,0.16265102989196112,0.3731620797846035,0.8618524092410286,0.12463604379778445,0.8832672351119364,0.1831929398484191,1
0.6875080353217031,0.05628144256171497,0.6089113848179458,0.49680323354203126,0.9728064795804603,0.2918640834185058,1.0138728026206247,0.581311641211348,0.5849007806917805,0.4793578261930384,0
0.06241595173248113,0.19169287901635562,0.2694766069990555,0.19962141700417058,0.592637311876452,0.8678613149593011,0.3117710397512298,-0.04002684191042391,0.8404375989599223,0.7705105155850618,2
1.3355913413661085,0.716109138038784,0.17541041535207963,1.2562704211386222,0.864812501762672,0.1552209458993019,0.8749868729078951,0.9447637428535598,1.0934758916327727,0.656710986909505,0
-0.028112156927186882,0.9989994244114889,1.2047010550965063,0.7136701613086527,1.0108479514574953,1.1973722826564555,1.096565050495367,0.3190968554524164,0.9720270570630176,0.6808811082295089,2
0.8315241993024998,0.16489392510181172,0.6292091271769653,0.10442877334309589,0.5213102229673089,0.3813483606551241,0.21771003557817742,0.9482374550562246,0.9331213710339535,0.8215870572183137,2
0.31771099730967994,1.4168671097621541,-0.0006616145780176108,-0.1754801811569341,0.6677783292987767,1.4258441983706795,0.4717936767882441,0.6059294306753604,0.7991314599930481,0.36361407114867617,1
0.6092592787337124,-0.015614115717544584,0.5994530082519733,0.5292483419213384,0.5607403848355369,0.6230472182882991,0.032422945981189,0.6402489598946346,0.41750469473293983,0.6844249230055984,0
-0.05758560068503657,0.829417155683015,0.42011836816401216,1.2052421480326132,0.24986188740038554,0.5953777401168375,0.22256232955745137,0.19291944153146112,0.45594536166041144,0.7132415174706666,1
0.7251614702378599,0.6011351385776493,0.5969296203535935,0.08028041721084439,0.6666850162746856,0.7472564832315117,0.3275173909955166,0.8875421699664291,0.3064456711527923,0.3344957850903252,1
0.30923824659786986,0.8619383007475784,0.3724868554151657,0.7872335859760153,0.8514660439746898,0.2587571547888261,0.8630652213085754,0.9693642939258241,0.24305558323256973,0.37750771379788733,2
0.12289696265656459,1.0505592659562264,0.8475228303872898,0.13276379853237275,0.1096077008866043,0.4097884603977732,0.5725136068529475,1.0291927736488073,0.896523691007602,0.29978003252787844,3
0.12034265644222526,0.8052548582195024,0.37500297414100625,0.609287700941519,0.29823733091382676,0.8388608212020707,0.4167487543088729,0.6676393189681767,0.17655562316761833,0.7707352921723696,1
0.6977204291216208,0.17969256664546812,0.30422994697722583,0.38112310533731847,0.15264268256683766,0.41609203703103076,0.5922095000172991,0.4652440049608182,0.5563091445081862,-0.2927795463817682,1
0.30987263260973585,0.35988054039251727,0.993511389509743,0.49051669621635186,-0.08817225600022777,0.7912412689458346,0.003907653680798651,-0.1541247886992666,0.3573641773952849,0.21172024401131662,3
-0.12480550269010965,0.08236219083272384,0.6081132323535552,-0.05957253509661997,1.3100147871406709,0.6418827673926517,0.14076908184599946,1.1614452931660988,0.9914914892359425,0.3067281707144148,2
-0.006521544751727892,0.09239580216157131,0.6199874235760291,0.257386994637699,0.028658689154541277,0.20389024425238006,0.5630250153911949,0.2415825496450882,0.6722460746944793,0.7694221766586639,0
-0.055414768656170454,0.2599315732630487,0.888723038288791,0.3084015535600132,-0.006718408044322333,0.20355769922641387,0.9521271154747275,0.34810537567911265,0.18567256942009366,0.37454830932515687,1
0.3505738247267882,0.9041446573158639,0.3165578008625961,0.7586867933523519,0.8267432807182069,0.30925282438062257,0.8639096918317872,0.9456957355850872,0.28974182668209847,0.3556598190739498,2
0.17585667091950993,0.8757851988026624,0.3319115414131387,0.4652408990440288,-0.11856221826835389,0.15452899220558125,0.8276556198677848,-0.04116826567003251,0.9576801933687347,-0.09341198913345641,1
0.936874690559509,0.28666968277978955,0.9108296978471793,0.41289136764364726,0.5004665272221882,0.645168812109892,0.19887580321216952,0.7188483297682265,0.8466230508867825,0.8202011580643401,1
0.23419883869495314,0.061697724170877974,0.7252107595646478,0.7785918942154183,0.80121401873006,0.8989707129060109,0.5553174423697066,0.14426689939657864,0.47372166356054035,0.7882984063043845,3
0.48925033162494436,0.003693888327020896,0.9792952524978432,0.7802933815511263,0.35308274046831345,0.7603458190926404,0.2201528677955365,0.11417976680040881,0.5449090199442459,0.7339156114314078,0
0.7848340799495783,0.6489310011201394,0.36650094651854703,0.22169465191658091,0.8979533137490616,0.03188965114706477,0.8763953298619118,1.0065917090119494,0.5043927669381765,0.5610509031539813,1
0.1389541418373559,0.5849042984332622,0.0372041993275268,0.2252541361240864,0.08718752922872476,0.5401578015874767,0.6777704278668918,0.14776370565716573,0.9462020567500036,0.03245195780820961,1
0.34508544528846585,0.8898646866711942,0.30548145953673,0.7117985676267247,0.9073918769736067,0.2864806486371426,0.8851991827027531,0.9177150427211018,0.1991482330099178,0.3087527754859676,2
-0.0014637913716974973,0.10387946636181827,0.6333716674225572,0.26871896728158384,0.03814233289450731,0.2239655207927942,0.5816990742518738,0.23698108814586855,0.6811370881363411,0.7775365380166591,0
1.0531357568820827,0.4774147775952875,0.679750744083131,0.7163896413345295,1.0022447197697233,0.40736074895595903,0.3810173425458727,1.0369790575329092,0.4085348129087112,0.6393797510571537,0
1.3554421992664802,0.6464895552945448,0.13908698964899813,0.09111201121636528,0.7354436540223773,0.41393767920408836,0.24941396018888456,0.3490716463865309,0.3184240361891019,-0.09459415648932568,1
0.8114225162045485,0.24363243284442856,0.7228622373762537,0.3085553129908727,0.8731932043162866,0.38722409493599436,0.8794794586607135,0.7766409256237552,0.5292627919657094,0.5508974321681962,0
0.7841521764572871,0.5312826455211535,0.6710405411578259,0.10914523684980457,0.6473314680066109,0.8643211048746461,0.574904567823434,0.980017224133495,0.33670992728627624,0.2438798592542012,1
0.13691505366110274,0.21658177861228245,0.3383936934407288,0.7257495003802314,0.7994468321916904,0.26288244892767604,0.4840395015773143,0.876435378617452,0.6259951849067852,0.2183638510832318,3
0.945853851475711,0.740943924485337,0.8958213011760908,0.7270047557008601,0.7029949162459157,0.7683296696114938,0.011432788714653364,0.655057268099944,0.6825542066091598,0.5814213619982975,0
0.1454880193322704,0.24922895412053803,0.3255409687746411,0.09078878762376119,0.3252102379464428,0.8583283481658798,0.07144743164298428,-0.02067770177434468,0.8270365102317838,0.9308352376345089,2
0.5899484177528153,0.33321408666340674,0.049700136734888274,1.0025052383508655,0.3641447512242141,0.8124388439769838,0.9671840654922756,0.707361946858698,0.5269382481581955,0.04223795578756594,1
0.8937411205378324,0.37667198643145305,0.7714041691846001,0.17695066671633414,0.9884302266567594,0.40996894619526636,0.8362905288953651,0.9816550037571117,0.6579885310597279,0.5560038412426802,0
0.06530666309065922,0.3091107277131705,0.3593686786076874,0.2535698029429454,0.9690309001053901,0.5439941858853392,0.23233555263510572,0.8506856724975053,0.8537261480493078,0.5469994503808673,2
0.8902467534394017,0.18635685465202445,0.6003607811044132,0.04467762380402553,0.5817154601744206,0.42883134141246476,0.15448400432916126,0.9569758312314116,0.9046478169664934,0.8492768553280553,2
1.105010806226939,-0.061791884433047894,0.2697755077680611,0.2400519028069953,0.6124026329474324,0.6988977444800968,0.8010700274835696,1.024099396393338,0.5929441806101747,0.8314332641619655,2
0.8517138336183669,0.8507429874966642,0.8227863778959029,0.6854767740550746,0.8402636789307147,0.8898940670384026,0.057841585291446375,0.7706470683427117,0.8203737027965825,0.30275045688955454,0
0.35853660149907296,0.8915335227195086,0.2692694061430887,0.5147714078592495,0.26210105675479667,0.2119671293883434,0.04820822761724967,0.43167488172168117,0.8633369207408185,0.9578212234255603,0
0.8324907806489491,0.13904975962930757,0.9279210503593714,0.47061379881729715,0.5180750569750613,0.48872590061633125,0.13576680090682813,0.7796517431711292,1.0253502934903893,0.7445659783708085,1
0.24505222401871984,0.5098554940608879,1.0003397484167018,0.6057191017752406,0.10515138159669257,0.9446435806562753,0.1512444225889597,0.05152875110408811,0.3404333363687213,0.37985296650462896,3
0.7397981197860185,0.6816447490820138,0.7387088174372365,0.49997499946001167,0.4454121092023732,0.8704181820342258,0.15884140235761865,0.8055827830478209,0.8017906400331488,0.636724784599089,0
1.0742417899536827,0.4929454880690727,0.38646671847203007,-0.06693412966955958,0.41848562502250897,0.6928268667783314,0.6589064326481907,0.6013448569791928,0.3560678131415445,-0.004841040368112337,1
0.2881582502518044,0.6548508878797512,0.486548845977483,0.27358760086847445,0.27057973523804457,1.211576055870792,0.33224238143233786,0.06632270405991894,0.9320639502261141,0.7035154718027349,1
0.9153530655542175,0.2733357517806896,0.9837646900356978,0.4834909602798761,0.6339608613241845,0.5885525825908432,0.2294560198797837,0.6558651477279783,0.8443754529549193,0.7150318467746571,1
0.7726863945250741,0.4115879853382604,0.8920906944878518,0.4140080030046212,0.06852687022116428,0.3860009337683822,0.7988290288382185,0.6309089658081017,0.2863133864293186,0.18333614578181376,0
0.8346530983143058,0.1514079173505105,0.6506175090937366,0.09603965637862967,0.5278161092098367,0.38922023470571865,0.20070929621487446,0.939154717089719,0.9263188950309035,0.8142438674415609,2
0.6915772229403758,0.2205820264945529,0.43371797931599565,0.4271723540588148,0.08014249339991529,0.020179388155235095,0.10492444198476206,0.9720763423917687,0.6491156051954797,0.5951051057616988,2
0.8964080984232901,0.2018648611733677,0.49019410247585327,0.9941129253719474,0.6264644824682056,0.5218002813540534,0.9628376301449149,0.6388403512271852,0.7871038148508868,0.4893791229985312,0
0.1376196827354014,0.9103794982875376,0.8632869667647941,0.5665304635683714,0.4548135734429003,0.9212905510529205,0.18024467219415646,0.9492650896401924,0.008587239491466383,0.22384465180980717,3
-0.05082362794063647,0.7397095886657673,0.28859518660191424,0.9755117840507501,0.12549907252996928,0.4180790819450401,0.3662287633813211,0.3313400009796449,0.35501334922166017,0.909430371321947,1
0.6883993277359499,0.5605818671924114,0.5528148945414696,-0.19292346278748668,0.5338378057702993,-0.11474463190239961,1.0877235879959735,1.2670700303313673,0.7158014674984139,0.6231210149550759,1
0.2617347276034277,0.25929393336938555,0.5485954254314798,0.7619059126085709,0.799498540463591,0.9905135500679342,0.650123466108852,0.20052034182717324,0.4664025069821191,0.6016673002662309,3
0.9196525839613116,0.3040217880850371,0.726514387858751,0.61031024690046,0.7694486752439853,0.207167816516232,0.8193245243882872,0.9192901820803305,0.983145802185106,0.5269022449158514,0
0.031115516367376264,0.2027264774424478,0.28954428395576126,0.8096844845222978,0.8726481801065139,0.2777877007102061,0.43713224017005264,0.8838255733063592,0.5707924635796471,0.20434792345363273,3
0.21471407129973288,0.8325408565814695,1.0242924565940936,0.47308963467275494,0.8441188324025578,0.8920768809055698,0.8789881312104936,0.4293268602361653,0.7311094757417712,0.770977421329232,2
-0.371827746520436,0.03548215650275044,0.24583202139408045,0.6616789409776522,1.5957700687985459,0.7668702064939901,0.2535231138863473,1.1204378769453784,-0.10412863322711524,0.7505902686532134,2
0.516430569527399,0.09275537306701534,0.9463972345951466,0.8271680374675936,0.49410314124661064,0.7661228875550783,0.22533874340299645,0.0782788823745597,0.6218667552924732,0.669120445852585,0
0.4078730760847962,0.042291349636186366,0.19166453308033005,0.2660258586312314,0.2642829438427644,0.575594424242015,0.412428419173501,1.0651146814947445,0.475150422305947,0.18392349582397208,3
0.5398334313890069,0.7971996387131974,0.539446937101459,0.35563599950009295,0.43507811656156004,0.787326726250986,0.1649705070389854,0.8228211041223313,0.34432996126121285,0.3901855619877126,2
0.516415328775871,0.05107916482096665,0.974718894718879,0.8230736847476136,0.46042571111021907,0.8102642519683353,0.24388843058800305,0.13331894205870856,0.6280223378371353,0.6668940239569884,0
0.8930959582055945,0.27399514214967685,0.9698107251839202,0.5485576629989813,0.5077321929886986,0.7115785787012271,0.32944780397423346,0.5795315674447397,0.9843594936065181,0.9084661032631637,1
0.562211157092585,0.27035346815363964,0.08849247142735732,0.9663626158556619,0.4113604805649383,0.7708102157243435,0.9926945388701267,0.6796631616341753,0.5120114657317179,0.019920072297670146,1
0.2970990205065295,0.4055611090083007,0.6244435608971693,0.39656118450396116,1.1774330829342772,0.126800636997485,0.8555988131363319,0.8779629631086793,1.1445383615251508,-0.12342708010403802,0
0.3699590392348501,0.6367506784095573,1.053017248137475,0.99275170718993,0.5235974935735976,0.6261170562395996,0.18473053502832704,0.5794500517300534,0.4737036853548028,0.13959798105928317,1
0.3440999661927546,0.9692832119216888,0.2829181334744999,0.7378340995724049,0.9878256889865844,0.12057756021443009,0.8198108578404748,0.86372093382408,0.31821133272123525,0.4115611148025934,2
0.7054773844579394,0.43973204527439225,0.5834726757001834,0.23477070138320993,0.183221457007593,0.5383806945083577,0.9748342738437038,0.4585790296464675,0.7898786835542718,0.8649286026924033,2
1.0309546553147284,0.21012564158207553,0.9144033398121265,0.011686757159401512,0.9310180998261898,0.5247801204263436,0.6687205030722569,0.9789993661413107,0.5168867108411533,0.4308005646553533,0
0.33278760218316594,0.8238134513180482,0.541853304554863,-0.25767996232154494,0.5978046569318863,1.2007128240643024,0.2474784740029926,0.9877958464571861,-0.1529740285103518,-0.2713070961110102,2
0.315929692360628,0.019548335328699512,0.6599717120338622,0.2733853810331232,0.9105153515933041,0.04194536328770591,0.5876856797024481,0.8799406362467252,0.8516862229741043,0.15614082765942058,0
0.13007289387936588,0.24102173494903184,0.5061448469268253,0.17726603150882075,0.8764244254383331,0.4730967354956571,0.07334218363709935,0.701820902760091,0.7991839837753512,0.7131587530916391,2
0.15886566715678016,0.5142420392747986,0.012701502205768846,0.4604768647452693,0.11762727425557482,0.6626685636401245,0.4724775479373333,0.2120478807353294,1.2316327229316208,0.11712668295904516,1
0.35056986742959256,0.04551447377170027,0.6882216455036436,0.2213469431310344,0.9679992801449522,0.022124888729309056,0.5967572973772358,0.8730482076231133,0.8112275408635033,0.16926865098149993,0
0.9477256256495258,0.5816271968490389,0.4306572205615782,0.010931398384917315,0.3544319905417624,0.7185594185607261,0.7001157266321699,0.5153831669942655,0.24375673241052648,0.13045900242889907,1
0.08643667722174672,0.35057939393585036,0.4051063261748384,0.251079648845296,0.9238179076703474,0.5796332819748123,0.3004294797713988,0.8294653310226265,0.8558676250316813,0.4801992911950694,2
0.7646379427354962,0.3658793134735526,0.8489124408056429,0.44358036115193067,0.019889791647462254,0.4484126793373874,0.7972809895916052,0.6831458578696556,0.18057938998737866,0.11017650181572851,0
0.8495275690287775,0.5167936511610162,0.6402099183871801,0.03094778253832356,0.39521613074618495,0.6489304945200008,1.1840197535099248,0.49493514995624666,0.693694002627553,1.030757408155419,2
0.631879697033639,0.4979989690640696,0.7598857013899635,0.2415657905055266,0.044650019950242106,0.40968151195203983,0.8747079927133389,0.49880240156583866,0.862526942874331,0.9065995728021646,2
0.9078052777573261,0.6072091838634687,0.880149399324949,0.3155463902144742,0.6372481588077848,0.5488938854766215,0.40043492418820326,0.46129353226736697,0.3845146911646943,0.6143763345867118,2
0.8284355670256652,0.5737600497338449,0.39329907986768375,0.23200837021447954,0.5603977020604562,0.7434754472570707,0.7764656041089849,0.37183625679925836,0.26680091903934583,0.13282883740816492,1
0.8324331092040086,0.14575566923981798,0.6366323150627382,0.08688149438375749,0.5349894985119321,0.3903678536101464,0.21833073919727944,0.923486115393282,0.9243066122677478,0.830782704224253,2
0.4109632515715677,0.21431155995477089,0.32316158902982023,0.7466680530425558,0.26032744129671415,0.30088424841072425,0.958320247855941,0.02020135321525331,0.8270284176423981,0.18512300903383275,3
0.5164114844904916,0.9081398221562069,0.8351831116965195,0.8547960368877923,0.6035220874175254,0.5128135890864994,0.36616104949820594,0.13810621828119754,0.07724349250281462,0.2001524448036407,1
0.9646446150076264,0.37526683235051506,0.38409522205836316,0.8638155303961824,0.5413457588875543,0.5822189515627375,1.0036477296460318,0.5006039836627636,0.9816821863480832,0.3620468595910674,0
0.639345224302321,0.8159277522519088,0.11530582888547189,0.6895760337064717,0.5120082992782488,0.41870882086587713,0.5630038479584846,0.04922173862794098,0.4788981106491318,-0.004356456621878758,0
0.418179300845536,0.25726385577148986,1.1290067676012079,0.7240261525177756,0.5846397399952131,0.7131709821985149,0.39940940167735034,0.15832605741310457,0.463112729307944,0.7238157560159397,0
0.023322062336683918,0.09062858154718387,0.6227144040106983,0.2669212721129774,0.023002247872458463,0.2285673187384196,0.5939004791146908,0.20616149034520664,0.6974820887856034,0.7639551346782337,0
0.4500655365541222,0.42677472796198335,0.28280393647337765,0.35333580216920785,-0.07071760274382782,1.0478235469535455,0.16465575901902674,0.856024040837901,1.1859546896760258,-0.03142741117739345,1
0.9001837537851559,0.619807955122216,1.0781536122945812,0.764206459940406,0.5858056662778308,0.8662314964614785,0.30168399413259195,0.669872027128671,0.736594069422055,0.6058769427986209,0
0.18622253698326477,0.1688322003322143,0.8558498656292817,0.17336500644120278,0.7490660810288265,0.08356278538124993,0.7234427873550167,0.1175752449219625,0.241504412806691,0.7778375530972207,0
0.7535001426468987,0.6726097472668966,0.5638326206346334,0.0982926661973363,0.5443101691392617,-0.026498027494750706,0.8132827987530541,1.0023428936803713,0.7625886113218349,0.8107292301189772,1
0.6077919145431789,0.6546364870064112,-0.07979589739057127,0.7400491467652474,0.5028818824432896,0.480974987633156,0.7377580451491086,-0.0910508895302288,0.5151338459973971,-0.05263592339486131,0
0.01437712388085495,0.10768630681154398,0.6419224216535129,0.27058997397103485,0.033269641227041215,0.23227841980384473,0.5682811670457917,0.2158179839399656,0.6985149525814803,0.7626378906533785,0
0.16403596034823925,0.26358026134722834,0.41768795865824926,0.22824937466439726,1.020542584008092,0.606981946216509,0.15350960399849306,0.8725941283923196,0.804860933112839,0.5386147508939355,2
0.4537878551851565,0.022784536344208302,0.9524685781659764,0.8512380914148929,0.48266570582307183,0.75584306742885,0.2765781045477678,0.08887425763821287,0.6394050981014814,0.5998538183179976,0
0.4563597197040582,0.5245974436002178,0.23352793098792388,0.6688774077680939,0.8935302639839117,0.8585436861645483,0.05766089044937545,0.6375360146101972,1.0643394893094158,0.07754829561600327,0
0.1799894048169804,0.6172930053487816,0.03989875219652383,0.2667008317571962,0.07186070357745733,0.48127201240596734,0.714334835568585,0.13703914847363827,0.9835932168209074,0.014422148286697904,1
0.5480843641379605,0.27607646080126574,0.07510509773681923,0.9899428201911687,0.4248216210500495,0.7753313229949995,0.9910660889186553,0.6609897885181009,0.5191944131410805,0.022253984243861505,1
0.1796300056925877,0.20325893842767065,0.8217570147629033,0.19553710473053648,0.7575962647523063,0.0876790113309116,0.7675864550995667,0.07593588162210917,0.2804976742178811,0.7688038266068694,0
0.2667428112775271,1.2184259520015472,0.5620588096371892,0.7123743873306191,-0.37037743401186346,-0.062236527801665,1.2429535128808884,1.3281041385087604,0.8294776748352588,0.3517627315298135,3
0.15290785456142653,0.7786121558020925,0.49563218404269516,0.5750049060161373,0.14877407028683262,0.8382495640230635,0.5062214608445886,0.718529810527244,0.10122470227075887,0.7417351952366342,1
0.93773805341519,0.7497609926009852,0.8093779934460913,0.6690989366320512,0.9279663984906101,0.2526885667404775,0.5999551090474156,0.5474288683054565,0.20628962242332397,0.5522601794887589,2
0.8719429465905698,0.2324565249507155,0.5314800338347276,0.5474429248277136,0.11094550324036893,0.1091869131601898,0.23994735466270642,0.9582826970936335,0.5330222236801428,0.6552241951696757,2
0.7421912491969316,0.9320396337134731,0.7333382085450127,0.5335994247740143,0.13444630515686445,0.8999336651322575,0.04915103595678494,0.7470735730435893,0.10221551300475043,0.4917842077908191,1
0.3103893460235735,0.8542731486985274,0.36710825308695255,0.7874226867394876,0.857496607494499,0.2620650375375306,0.8641541312379286,0.9687611273532273,0.24454466945843178,0.38306151857837256,2
0.9087644763365267,0.38346788688948125,0.8667523949605968,0.13657883296610274,1.0244160897840173,0.3450008471389291,0.7600237177354592,0.9388854643374802,0.6605816837042703,0.55845553847949,0
0.6623318751010825,0.4947686958346163,0.8375763323621147,0.3372218324278293,0.15413482436227707,0.24286137910270647,0.7465397582953213,0.6199846097714977,0.13808976893912966,0.27551112764225166,0
0.1454371228511965,0.3676827589366452,0.4269577410771127,0.1337944017740233,0.8546708925012918,0.7491305202183062,0.38049842038393256,0.8425710111591358,0.6657135105943547,0.7102284318234542,2
0.25889779757504733,0.6130812811639006,-0.0776823912440619,0.34119567838810383,0.03774727223395811,0.5139026723171578,0.8102797748519609,0.2083937011931279,0.8923236662752209,-0.07425864724082194,1
0.9008464744849602,0.4003347977529395,0.8066263771004774,0.5432790563801444,0.7468943328465858,0.30195544209361236,0.7264755983532236,0.9633224674139709,0.9658296793331115,0.5185634166036112,0
0.818879913290349,0.3851273371967623,0.4963325120180669,0.49698062849630076,0.1338698817247286,0.11051838870488685,0.4373534980793816,1.1480293451582329,0.6680163745007062,0.39202359872569004,2
1.2441517367838593,0.6870597451852385,0.44733480856613006,0.14207459586355592,1.0407902800728381,-0.019545775465873327,0.5986487379996259,0.6711202226688686,1.005834631110405,0.5008305560719655,0
0.5197409102919582,0.7270781786365904,1.021774321591185,0.4658868396202611,0.3578709262531339,0.47098820038218847,0.44465859539997615,0.572121793601065,0.2771628868053451,0.5556098745269301,3
1.2050170822355342,-0.1828048868697189,-0.07365784998445049,0.8247148243682735,0.15602777407974028,1.294078521368605,0.8443129661272613,0.30729958977266303,0.9355892100421823,0.2716533867447426,1
-0.042180456061081534,-0.10937214162669501,0.8172501915874097,0.27504878744854255,0.45087223508253654,0.9141834994044088,0.5358384274660399,-0.04567195245610353,1.2158597125207387,0.4007418293822614,2
0.11862918384360593,0.47000214231924625,0.31553555809183365,0.9542726964674144,0.6002205722765438,0.7814013137407791,0.3581303242005501,0.07331429177657345,0.17414072249461793,0.055452373813913935,1
1.0712745403337736,0.6136750311165664,0.6163491259102999,0.12950342728452957,0.23566080582262677,0.48001523213974884,0.4519118634487181,0.7307519121975316,-0.0507132165620397,-0.08566692253956204,0
-0.008126198088817742,0.10499654369249241,0.6412811505451441,0.30157974961884326,0.005967450569592372,0.18191668898213156,0.5845813916239023,0.2176089538855094,0.6559415818350384,0.784957091359894,0
0.5393909754690918,0.8131201005102952,0.529659681904168,0.35386201213057095,0.43021228356171437,0.7858077645389288,0.166647312343487,0.8228607179750255,0.3494263010712341,0.3821715897067546,2
0.140073221305686,0.9455495796282227,0.6886178846884851,0.5986511480708219,0.35692410781745065,0.5087755224559336,0.8033592970337751,-0.020208851584560428,0.4487518320333957,0.009881170665900246,3
1.006047363420272,0.3703805264879481,0.7577802011955914,0.22817372556840637,0.9827997858379603,0.3172477394681251,0.7162827079402203,0.9748851924182376,0.7675043505052909,0.6574300381939061,0
0.5282176196021875,0.4264814779414055,-0.09489670881051382,0.7200385062115016,0.1395400384157888,0.8482942482754187,0.7123584011977656,0.418675709065678,0.5239780917054849,0.5298000934761127,1
-0.07035841866735576,1.4181214069416221,1.5888754056502905,0.4600618870678733,1.2032860961633656,1.3893378579743907,0.49639662609331714,0.8394844502328863,1.0759599054919788,1.3302510715606037,2
0.4483535297506241,0.2503184136278224,0.3768031880936312,0.7530463827336515,0.23931361731210368,0.36726500412702157,1.003694405106039,0.013093162044282451,0.8013278612181044,0.19060725562807052,3
0.8006217690818798,0.3645509373974618,0.9359928323591765,0.5006979310376387,0.6435988357337719,0.6894640911831771,0.2765653496275367,0.7265445656062656,0.9490074714568701,0.9302586438655579,1
0.6177824431825796,1.0947775193520553,0.6704370923293703,0.36700399161659064,0.5895652796943268,1.1029462378904404,0.032774291456731164,0.7989422518268949,0.10819589459060684,0.6048332152049519,3
0.33818375790240124,0.2194118803593915,0.5819693111227769,0.6711467113200633,0.10480070817613192,0.5393254334353192,0.3538365257084635,0.5204057421384393,0.2260839112371955,0.7557695794960626,3
0.8130952123220988,0.7224619726679158,0.7182416954437021,0.5937409392989758,0.53623246665334,0.4618795389969728,0.3840757926360778,0.2893584282683704,-0.218587042605568,-0.16570061459451124,3
-0.19469836269421875,1.1446372686691033,0.9447204959763587,0.7568594964777158,0.3432766222041994,0.29638192817224446,0.5853741047862235,0.19019989702282805,0.01198382103002188,1.001030067128913,0
0.8104631771334474,0.6614705880699562,0.575037052936501,0.432142920494109,0.1184566206115818,0.9326080301022505,0.14254248320986834,0.494713468259831,0.3853672918028106,0.5683192735395546,1
0.184955722944524,0.5775554042205752,0.06325268905156695,0.20187082980834423,0.09343816152365657,0.5371937027405069,0.7393008159536775,0.11739202686196787,0.9404678501601833,0.07325326172056065,1
0.6156346693010598,0.4979866171796375,0.8296135720871206,0.4686093077870268,0.4879977257481753,0.582973122824443,0.5069244380820827,0.5816886598614563,0.22862788598443723,0.36604541835325144,3
0.26835849682564056,0.7851315499506041,0.4373100477387141,0.6057653535600778,0.22292687812312284,0.770606685647977,0.3932336728832231,0.6039787457458088,0.018772457502003542,0.634790394963219,1
-0.051713661765030006,-0.034907109856035456,-0.17862703365424837,0.5824765997269804,0.6251860006684953,0.8111939485209582,0.5628453450353583,-0.028574730781079527,0.3103412561981145,0.6180238834836111,2
0.814665956391574,0.643039758399527,0.43094020594050947,-0.0063282277686335445,0.5153139276499639,0.055214919311410156,0.7339734666535054,0.953191603476982,0.7462261755715464,0.8566572008622406,1
0.41089677881026665,0.077350963938947,0.7314346642987668,0.14688223906271086,0.9851059026161281,0.11949107044106776,0.6540028701321293,0.8583444343765246,0.8204904304966856,0.18384732723934194,0
0.911477926056554,0.33378735952966615,0.8671298084048213,0.10725211608375054,1.0511477649795506,0.3255132838794753,0.771700560495235,0.8821860728004346,0.6583631766739836,0.5791051895893338,0
0.22805161926624085,0.7979011276415334,0.368853089544337,0.8213629535371713,0.8923641183072095,0.26417942474067363,0.7943157665523994,1.01685298326886,0.247732906457671,0.31575042147617255,2
0.010168400245247969,0.5885660745332971,0.14627282593295346,0.9400325641650753,-0.005582668218984427,0.3665007995475781,0.2931975536896396,0.2570645653993272,0.4527815938695723,0.853348799368457,1
0.32365488789082514,0.8364379155554237,0.4162200157865472,0.7996953878872901,0.896250389606555,0.23094756447758136,0.8669738485832366,0.9424593283956335,0.26472235497553653,0.4292922024099669,2
0.8088646895666465,0.11325314695818287,0.6591347795070385,0.042413124517483816,0.4985653641356237,0.4091560940584662,0.2280406332553559,0.9322177775903286,0.9043110560286113,0.7833596843107626,2
0.11947478245545073,0.8589197318384937,1.143905909251867,0.7814641793016553,0.4888414815788007,0.4215668888287736,0.030108700266160193,0.8310003091017029,-0.1351226055282379,0.03167960913805798,3
0.9746311736781914,0.4055810602344235,0.8339931839272935,0.341589866075888,1.0849976233482355,0.43610980819452716,0.8688279767210623,0.7835542399486893,0.7524433617284256,0.560049334101961,0
0.1598366999981723,0.21963739548728256,0.320981365702699,0.6877129947382855,0.8437908601722689,0.23953843850003934,0.4243270647793649,0.8329101380377814,0.6618533689821936,0.30583405514809503,3
0.8708442135562471,0.3921462010531876,0.7959355030136812,0.5556583450902258,0.709783959405463,0.2751265348710004,0.7422850515707559,0.9772735110726462,0.9902947463448986,0.5110743412654724,0
0.9849471116677972,0.3004591153491889,0.9269335165704912,0.3738656328960013,0.521876322617803,0.6679702830564224,0.14776651760057935,0.6465590978875407,0.9206073526968346,0.789660588418474,1
0.16144880950273977,0.8879522060120377,0.5475508635496368,0.5369424577342111,0.11409947286387692,0.8507279617769111,0.5219331071973071,0.7896102011279601,-0.021052003421495907,0.7592577192339894,1
-0.006095402745478739,0.08665041695034378,0.5889682218374273,0.28588578376655144,0.02094992953610214,0.16971262904093845,0.5685429215720945,0.20030467355638157,0.6693045795146547,0.7754366132141186,0
0.5446963301615302,0.9173643859493437,0.7969147073324414,0.47591374349273763,0.7772205424330544,1.0196667163019333,-0.06229937028587437,0.8358727913994555,0.8829650838508101,0.7315833693631122,0
0.35850671476111673,0.5754038463943303,0.6486823824751478,1.0220048821891061,0.5786721508468741,0.5693122380226524,0.6296320535149581,0.3582853019270668,0.1291993321321521,0.20331329675133047,1
0.4413230766101609,0.05340211558995443,0.9509510680192146,0.739876816442683,0.5084394922382401,0.8540567210319665,0.3358181135721741,-0.007239409354823631,0.5400772332524532,0.7115813280907778,0
0.37152131928791676,0.11010652061509042,0.3915859475654068,0.1358841981890272,0.34403791920314486,0.665629285213955,0.5720646145829142,0.06863956544401902,0.6869927287535881,0.7031085923029192,0
-0.1590148814432042,0.6050124888849896,0.1200177271391688,0.9488812514926075,-0.12046976645175761,0.18721305066409938,0.19501618774498936,0.20804859741754494,0.651611985271016,0.9204455637001145,1
-0.1779947875651756,1.0735930703016747,1.0018514229542281,0.5526045003340151,0.1641568859829367,0.3121888752329538,0.8267534549881022,0.7910337073194589,0.6470798792608633,-0.06604305009037478,3
-0.16981651535401457,1.0609527814029984,0.9077475597523026,0.5316019870417305,-0.17064818455309344,0.41896808388203177,0.6444749159127197,0.9976440786675005,0.46683680870305533,-0.07353417127074785,3
0.9865324510265585,0.4265907593541262,0.926571649129939,0.09687462644009835,0.9786828298968153,0.3325670881692334,0.6913806754416086,0.9688753221383767,0.6978289303195323,0.6326979604300222,0
-0.1816164723740188,-0.29860682053579646,0.4162389866895468,0.02288221008332228,0.669688376438158,0.8961113269122248,0.5269445804183632,-0.6025698945528806,0.8125389679666468,0.14769854700385787,2
0.9888847636549051,0.3609929281202542,0.4562468453099861,0.6119701162556732,0.38316193247384445,0.3567847157391997,0.18466461035295906,1.0197260334572744,0.6121347434412692,0.6632409708469136,2
0.4181590989711379,0.8882024191564084,0.4079229096458704,0.7202619358141531,0.7963351492753346,0.25427170297660256,0.9564272493875359,1.0201806923852357,0.25173509369436736,0.4483646769689704,2
0.9199476743908378,0.38075346777916963,0.8546407295696892,0.15578874759872732,1.0147195034283356,0.41141380583790127,0.7368704313462603,0.9104497869507124,0.7269160751246864,0.5957485036597368,0
0.35045778039516656,0.6475066443689989,0.8324277658418775,0.8284451339412678,0.26589047572512836,0.16791283107731345,0.1950477943293763,0.537668086113482,0.06779279720932305,0.24147321981953035,3
0.32784542683043766,0.4455530948682241,0.4082453341130108,0.41252401718172216,0.5833801305448166,0.8309817749825389,0.17505807868763545,0.22557238853724026,0.5593410545714699,0.9748927170207699,2
0.5018649202522492,0.15562022485419041,0.21370120577911073,0.7720241702579345,0.2443273865152194,0.3784997446261199,0.9561637360730995,0.08213678791835388,0.8512401622236888,0.24574752042406603,3
0.14604278998368253,0.6091481457756319,0.046370919331976984,0.26243561921623704,0.09638781244874937,0.5006390816658679,0.7066763737367748,0.1428457189308433,0.9690178060824994,0.03816405502069098,1
0.11519951655254555,0.8554083729693932,0.8204138797748289,0.8087345795493317,0.5305331273160561,0.7788266321789036,0.15269102138820537,0.836997815828729,0.5747163693873548,0.6040303611572057,3
0.8584162575374489,0.3877526610041714,0.7989552359337273,0.5617473675795601,0.718534759357224,0.2665438470460705,0.7217645514416151,0.9735811435414259,0.9815085730220103,0.5164874596224257,0
-0.08819748395096891,0.8164749201928866,-0.20124949091490785,0.423420296280415,-0.07501623709523791,0.6899184260549234,0.6563699697261155,0.36208026474377064,0.9376925830194761,0.24644187618455352,1
0.8936603282163771,0.6079330157055063,0.7538556438903454,0.2519916098083872,0.8771952047462895,0.7626637973263515,0.6270122142501002,0.6815781715235649,0.44554610713789156,0.4006561527750082,2
0.685252946921233,0.6797126451720891,1.0066309857687161,0.48394355968880165,0.7504443247558281,0.8206955419885704,0.10698795834687112,0.6580845338936411,0.5956268876142379,0.3406166926019168,0
0.9324509055433077,0.3768350167860386,0.8605561497455934,0.18290648617723548,0.9734738972660417,0.44389215925264397,0.7542281776393476,0.9399312444402386,0.716184490908843,0.5317466129009454,0
-0.03827609272592282,0.5939419620507564,0.08870599410498346,0.9684484073948318,0.08231842145240056,0.4169269618209811,0.20794906465799315,0.19698094693736112,0.4270943280683944,0.9281046945671855,1
0.9630714490913277,-0.25314965492259794,1.0166126093645698,-0.08917954695975416,0.3739720746094284,0.54830522207158,-0.36445465117670506,0.32680957804364713,0.5481422051306369,0.10274786037631556,0
0.08147842114175953,0.5766010118071642,0.09139634799038086,0.3306606702028857,0.19781743695812626,0.5271498309025342,0.7396710367112854,0.14504135192333376,0.9630474997863843,0.00855015686469909,1
0.6443053206029559,0.9273277909330012,0.8638654271681122,0.7425243860684732,0.48390110615138504,-0.17327303369585645,0.09783365351893414,0.6092528133718808,0.943507184033032,0.21786335594756506,3
0.16706649233706786,0.8883551824046796,0.5135462542721053,-0.06166409432151261,0.17340737132072492,0.960738291422178,0.4119652336250679,0.3810652147926773,0.657038995020109,0.4120302722861179,1
0.7030677078858705,1.2938423555833496,1.2603854300116968,-0.5702994257666608,1.03318353049293,0.24753024325969908,1.2349178598971795,1.2824755040227562,0.6608954450067073,0.23579568047038552,1
0.7396014091484635,0.6000492584033419,0.46503071727466144,0.02160425623310091,0.5908154114655488,-0.04488696517659993,0.8360664088431463,1.0513222572614405,0.7989190764136687,0.7600815285726489,1
0.8825581390344865,0.3809269124098724,0.8188469227005575,0.5712837794593958,0.7269087481599751,0.270803129932699,0.7261707239817898,0.978892828873154,0.994484297333529,0.5183993303081366,0
0.8725199286171772,0.37648336569237745,0.8073956302774821,0.570041844497599,0.7349296528528005,0.26541903905399217,0.7398077461260433,0.9851973414596502,1.0037826724464125,0.5297278027839196,0
0.28237051297854143,-0.15484952984375033,0.5455130764732927,0.4040105734710547,0.14696404274375788,0.7684424585072317,0.6171578372549229,1.1259098789340998,0.1459278247794053,0.3462636153818233,3
0.8653848156094079,0.46893050294797783,0.627406140023876,0.10986285496883214,0.6662071823138617,0.8618414077583855,0.5714234789287898,1.0043489396361245,0.30221664920505165,0.22191806231118869,1
-0.0900446706414107,0.23463870151394028,0.9572869159101817,0.6349864889203763,0.8628880400683447,0.6317515506975291,0.7791682174767575,0.6199108795301108,-0.14782305021988973,1.3746295189984532,0
0.09830318676180251,0.44539824470398554,0.3293451836001755,0.928782035064319,0.5935529227349224,0.7985165477008899,0.37316897038780267,0.06685759043881881,0.19388035514868676,0.03173270924017033,1
-0.0047019890331466445,0.10558728879961247,0.656857122742111,0.27791849390852585,0.010385144039243212,0.19609042222507056,0.6061397646617273,0.2656959313439716,0.6925686080065806,0.8020798121496342,0
0.9483111071371465,0.6506329726883567,0.49432747932119564,0.06951305735261203,0.44926577185558614,0.809090762942156,0.6800069096549995,0.5790010870299231,0.24416241232282382,0.07152803993194004,1
0.9626938297788735,0.6983957834792871,0.5681700870772917,0.04981189994443975,0.39844322769898316,0.681987120924195,0.7784201173114519,0.6184822421863292,0.17066539567630756,0.2038526100819955,1
-0.13731609037798748,0.582615970015663,0.5265873401336411,0.6687989200201545,0.7332334723506359,1.0402544119150587,0.5639830223727481,0.2976216178108165,1.0920745951308166,0.2433717195068577,0
-0.013028940696658331,0.17197505947634162,0.5277372176086276,0.250218342246582,1.1729499996527462,0.10164067244456937,1.3365671684592195,0.14778141256146327,0.0317181839892611,0.6226061122238519,2
0.41033086963787013,0.08724486258372263,0.45066603384992576,0.5879016991285966,0.980142160633911,1.1254164951482566,0.27572301662289334,-0.14190082547861355,0.6808399161553996,0.77838654328034,3
0.21474421984163392,0.6553147633785118,0.04805108458850636,0.28129606133905116,0.054023958253484175,0.4565673607940335,0.6501117577920625,0.1348676038453329,0.9588302040398932,0.016145895641926745,1
1.0275904731333094,0.41114815021786655,0.42489170038499857,1.0655426721199157,0.7262068964834861,0.4267596247349307,0.9806320752073158,0.5723189479444017,0.7967657833609596,0.4628147721715331,0
0.8192110340270231,0.46867588439371666,0.8559351073882944,0.5206924702590934,0.20552834096898107,-0.2069150445098603,-0.22055549474355507,0.5810176124930543,-0.11579168719464925,-0.15889192433627514,3
0.8860744979617466,0.4107340692897068,0.8279744293503206,0.507312617566087,0.6978561242695329,0.32937803148741207,0.6999596630599135,0.9590171643040215,1.0327211392500384,0.49881639090713314,0
0.8670470954682082,0.37837904801697425,0.8010860719999281,0.5738963992931695,0.7108314681469261,0.2734735935924936,0.7252730144765729,0.9845034492389573,0.9883044296515439,0.5228183276945094,0
0.056367357274086406,0.6456818223842068,0.1078330877983998,0.868553439068422,0.1127602508170613,0.34478141752884617,0.165005498323324,0.22425451366750834,0.4775247590305304,0.9652438165789673,1
0.2069969393724845,0.44785859637760606,-0.008828716544468429,0.7748971253456182,-0.09853002927944782,0.4127234373758924,0.4511636208393228,0.4173023558716914,0.5866369386460064,1.031940184596263,1
-0.08387306122533855,0.29155738247740426,1.204321578970856,-0.04390370118601539,1.0590437695654988,1.2668438863802414,1.4012531891883122,0.14244346637091648,-0.17332073633810308,-0.30550694086845454,3
0.4559012837282382,0.9560114294489815,0.8286227994916203,0.5652741008795337,0.16319299005046844,0.8779614362883397,0.26282844798371735,0.8177575322790752,0.6953484587714885,0.42552944833546097,3
0.12804676300284354,0.5807249397451294,0.06443241490749167,0.2711194191344268,0.05981092530987258,0.511147899388077,0.7302011210647864,0.11826735026196829,1.0031007345792367,0.003610308831264737,1
0.8649741309433431,0.13889837217594864,0.6168799501697361,0.12090462281997634,0.5348505171018297,0.3922447903959921,0.2353208128460891,0.9394426826996879,0.9202131823497066,0.8281173624079606,2
0.5333136434265326,0.8052337019453732,0.5339703007824731,0.3582223421001925,0.4350376776554148,0.791271963949501,0.15985007808116147,0.8141781294406248,0.35034271672637,0.38873788701629425,2
0.1342689194765956,0.16737966995532413,0.29767156126604166,0.7304024679089015,0.8623669264615377,0.26249573522468106,0.45070040883192847,0.8389729056132479,0.6546747533002958,0.28111941830116066,3
1.2272305085493527,0.7106849877415155,0.8151423034155536,0.26199173376288853,0.8729182265235547,0.6630835386579033,1.0889125691311605,0.7772164170677769,0.37216552608010434,0.37506728774555903,1
0.2606570836585154,0.9036841405077416,0.48312672949083757,0.9581994392176559,0.529284728667943,0.22212648659777195,0.8234303104162898,0.026232561525786013,0.3854370217677734,0.8726180615620261,0
0.5711672532545817,0.058455212910783046,0.5650362096045839,0.5579854992635997,0.6848455697254368,0.47278127468864006,0.10738717952049592,0.5268831624826622,0.4383468563336581,0.6039605551167916,0
0.40866446039816223,0.22120118222873086,0.2792367039139088,0.7577236120006462,0.27829285832264145,0.30186818605603066,0.9790823574450208,0.02307167730453176,0.81316304364721,0.18865680180380673,3
0.1361763428995079,0.9137145002921123,0.8453510232132722,0.6094690218320583,0.461202264431448,0.8999907628847754,0.2679397989544161,0.9583491735722588,-0.04386310457762269,0.2563388789826362,3
0.9492832577656363,0.32174335621074857,0.8042330479356328,0.43695897444532766,0.449268676256129,0.5820095219394683,0.1424183177574257,0.7951634062829296,0.9656382241732651,0.8682629661935127,1
0.6077026394317976,-0.037228493146213515,1.3243227590103004,0.19914708360545097,0.4266034368906494,0.31831405728883844,0.8936655072767089,0.4322892307585493,0.35272050895202545,-0.14785591364664769,0
-0.16573521801907198,0.5799533286082312,1.0946991670438984,0.6263622783111145,1.254100125256536,0.9732778712714354,0.6022656683274562,0.5434761295229767,0.45927028854380225,1.0377444498819322,3
0.4726097875968851,0.5891019971988591,0.5867761610446409,0.767327868603054,-0.22031099378132946,-0.03613710622034083,0.28747936494595566,0.00235728369967958,0.5323549082474248,0.8426644102042318,3
0.7997924042718514,0.5802688931964369,0.6082153736156768,0.3211168227536704,0.5504999463299564,0.8070349205950549,0.6318504293097381,0.9019020974152822,0.33613230157099555,0.2880675578397307,1
-0.3082519120416561,0.6752233785694887,-0.2053993472254536,0.0800348814327212,0.44653429590519,0.036743775223810726,1.2213605100369462,0.3160217387915319,-0.1966591298527201,1.0280718209596365,2
0.28913157551510593,0.687116522429898,0.9933097407041492,0.48904735412136663,0.621890509526411,0.6898826463407634,0.3275761657701983,0.8236419560245749,-0.1490227900727264,0.43309103515762043,3
0.8261628731999375,0.15068451336362362,0.6556814522539824,0.10659521497589684,0.5189423560378135,0.3848929455736888,0.2153895354208348,0.9407139145796225,0.9477051159275952,0.8182190220698549,2
0.334494006923215,0.8434343368977498,0.35153219927008195,0.7713058488345587,0.8379786583180397,0.26913312467690365,0.8690755591809398,0.9625699519320075,0.2607620996381271,0.38250088689405554,2
0.9784727103628076,0.4509868829521729,0.7715359853947779,0.11487565134671025,0.6735641403267348,1.045862223626183,0.4752606211318263,1.0331668990277958,0.24335821761291043,0.052220064249503234,1
0.14990438358780503,1.2692937992222708,-0.11012557572610038,0.16998157696484878,-0.016487342045157838,0.5095800515436255,-0.05162141757450288,0.7163152690205841,0.7487906377037966,0.9061390664897332,0
0.536382165139735,0.41698155850048435,0.14014731037110376,0.5231111855067262,0.8068507985057882,0.9451915397290303,0.10196895252489681,0.5400464689756319,0.8777864943953086,0.052611543480235515,0
0.8811591040664796,0.5581424322583218,0.6430303119682896,0.23126457313355572,0.6368069942897999,0.8936307462500545,0.46243440677197944,0.996610397737233,0.2405374457412113,0.24556150264565735,1
1.0394348180166442,0.10415886096640514,0.9199114989823055,0.003268684302787761,0.14211361840680153,0.7476014309835405,0.7748405810652668,0.3589784227292083,0.5188732026450823,1.2259982177011242,2
-0.5185996813243914,0.366513927626255,1.6165628132412801,0.14867239518659983,0.15940256554258198,-0.17990651207566966,1.0717963642674735,1.358536298403478,0.9448731457857407,0.8325993623707268,3
0.4053548949474184,1.1212703167328832,0.8796674510917835,0.443454650327873,0.6202626527022619,1.0079400913647345,1.0805533760794261,0.915323505707914,1.1958283688017342,0.7776518573749021,2
0.5486664941422574,0.27351321523436356,0.0869396705770299,0.9829377240660844,0.42747128102125875,0.7797270318285684,0.987934063328171,0.6660432299966172,0.5125313437324346,0.016171669269100578,1
0.6148946977906378,0.3240700187386744,0.7695417415724487,0.17610415174698602,0.20777677012479462,0.6674623945020622,1.060659191211205,0.6252914810325655,0.8797691720753499,0.7905795938383333,2
0.5167277710223352,0.8118740253256276,0.5458188445942892,0.3664697677924849,0.44561841260092955,0.7956319417578039,0.1735409487520848,0.8121146416721079,0.3629617031637136,0.37111997402236585,2
0.3260482394345289,0.051213213129868755,0.3592010203846286,0.393834289188743,0.21924223465484985,0.7669524892465344,0.6302751170644693,0.8008522679984571,0.4621585171814937,0.2660010723706311,3
0.030015158914515755,0.8518387562255947,0.5901057266236465,1.1146903659505327,0.30886216616648726,0.294607459326485,1.005938870296579,0.29158245859350773,0.49718085295472936,0.6488870009329943,0
0.29453478983783943,0.7418086374627655,0.8022701476105011,1.00690532192682,0.07340105270898897,0.2370753708912791,0.12227948881957579,0.46699733403075466,0.2199744208649945,0.21140301081939278,3
0.41219269324327423,0.5436419132772841,0.8402439880389604,1.0325514561588847,0.2291165795415642,0.10555109959178396,0.3316458729884449,0.718301286960064,0.0877543600205766,0.29643598575717883,3
0.2893673048672334,0.6664257639137341,0.11055519166750982,0.31493521272457226,0.20715710433236112,0.46826911385921516,0.7922971581834309,0.06387317486200277,0.9220715075240754,0.18139458565098363,1
0.07000747140226023,0.2950725490289259,0.32537889530293984,0.2870915541002565,0.9558449300685746,0.5780282174795524,0.2168218129411729,0.8586510802870554,0.8381201925066444,0.5388935599047565,2
0.329846805229886,0.08033440948208884,0.9889418710940727,0.47507185469121765,0.25765967490059016,0.01312644628224785,0.2165452726085882,0.3572650642180403,0.5749337468270624,0.9625867544242258,0
0.12271121587152342,0.19068729524816824,0.2860402525683002,0.7260574990655099,0.8780460341095018,0.253146362532768,0.44535650314654934,0.8272666627591869,0.6415209923007151,0.2854068345727877,3
0.07259515228448493,0.23153785618578865,0.2677001882799945,0.6583444672789566,0.9005140029648955,0.18658283743071158,0.5013272705732889,0.8215440886678254,0.6424708914525223,0.24070400606817613,3
0.47350554071963247,0.4590222004455148,0.8464666351314528,0.5654040571760877,0.5927374887195077,0.728169179237751,0.6775424307655644,0.5624633054999779,0.12176546320827675,0.38714521283973957,3
0.4180732974829366,0.20974506930343298,0.3921649172905739,0.1484191976768414,0.36051156694833836,0.6933106911975168,0.6373280730535906,-0.05736943069629108,0.679944057669732,0.7154368349227822,0
0.026547276898370997,-0.1316383979994294,0.9590826543067422,0.35512036368785554,1.19120742796453,-0.04401190148613695,0.6845529207043569,0.9510511826331041,1.0345724923613329,-0.016648005912112185,0
0.5365295790005372,0.282923277670562,0.08966071680275774,0.9826894200941763,0.42748493609195504,0.7829103594768112,0.9853054504011273,0.6770294536068966,0.5168279645416307,0.029282195492148742,1
-0.13215249422032538,0.854433125414078,0.3826241918960094,0.2808931800813516,0.609042214165689,0.8216576441526668,0.7739984739564599,-0.11299340087693047,1.0256909124571516,-0.0029754601606795106,0
-0.08557543434377007,0.9554769199112434,0.8558226919476675,0.2564624227080177,0.009995268047378505,0.268299060843295,0.7416030098513618,1.1172383065689777,0.6514865747061388,0.21375376456325398,3
0.920718827667568,0.2664058571142304,0.9366955289585074,0.4433840477201945,0.533645034428262,0.6539158846469078,0.21055305496555166,0.6959085148016259,0.8519998414681839,0.8377511539538796,1
-0.0898271604003618,0.5245526350003017,0.32734737437540873,-0.05634247130069947,1.3092739590580003,0.49243981484335564,0.9198509846564316,0.26631717974271096,-0.14357297333870633,0.5319537288469913,2
-0.26673940618820435,0.39823328178201717,0.3181916879030502,0.3383867333984599,1.1518097243636791,0.6240741733534898,0.24507177679140366,0.7010320053619791,0.9270103475489712,0.2632688318649535,2
0.3459670553577644,0.10385702247350058,0.3839583547761724,0.12935689591727725,0.34825013815507283,0.6626050922376892,0.5709851954595473,0.07980125730128138,0.6994642991697465,0.7175990894489466,0
0.8092208702231856,0.24680963377015297,0.9280144862801036,0.2641495932339336,0.9099345021087283,0.23752023579320633,0.7094070793948168,0.8036177348780711,0.7795654510134455,0.7255885715708363,0
0.8220997012581114,0.432584360497474,0.35185271192447337,0.930830488224713,0.6623495094891984,0.4407203056370793,1.1429053267244533,0.6147421747166986,1.0312880869498837,0.559154444170441,0
0.13646067811280654,0.17954724827568241,0.4378993826257789,0.08663856281925077,0.374510439040986,0.8149781276258159,0.1912563506537735,0.13228208147032183,0.6653296979034209,0.7773687479605167,2
-0.36740612054201455,1.3394287435102263,0.899828731221831,0.17806104598586187,0.6062914411619299,-0.34911736977455565,0.5474962326530444,1.188553869795001,1.3346977276833905,0.08689818888119552,3
-0.09901047502869825,0.6059405855426507,0.9746025482284366,0.34644555017215717,-0.15576510119967107,-0.05892736087001876,0.39737424171078545,1.1243912280630177,1.3030358137827016,0.06152908790416034,3
0.12278842327361657,0.1943570107212718,0.27294770560393294,0.7166893646965533,0.8623702201650543,0.24557025560566786,0.4420460276350308,0.8290810713020457,0.6357017655134733,0.2744114733435896,3
0.7010704377520698,0.18113656131386702,0.5728987725913536,-0.14389759709870106,0.5815228694421732,-0.4593882473018496,0.19368643983173506,1.3560266904394354,0.5967451180220569,0.5109434052356343,1
0.3814052156143781,0.5738461693401087,0.062464373085682125,0.12787424013956017,-0.023704501130222266,0.5860196098209597,0.5205270361178651,0.2056154857388444,1.176473281089212,-0.1175023678033563,1
0.8630130160383762,0.5350812151953995,0.601100711968693,0.16808551675712208,0.6639375925549472,0.8713741773078632,0.4748432571493515,1.09698989860767,0.3233364991956804,0.34198383039055913,1
0.8101863021975333,0.12825962686508086,0.6995538170877594,0.4085287648167472,0.40322584718050736,0.6523215867515817,0.25197374173416254,0.987392354400983,0.5719295025925644,0.5211529855826782,1
0.17893259896061228,-0.23344257310276628,0.8716080994253264,-0.33360398044030504,0.3930050145294329,0.8983541504318071,0.9175156114416894,0.22266057761693492,1.407631924322641,0.37494500097120775,2
0.6451656929506449,0.4807169313861265,0.38234536492384164,0.14363811094000045,0.5137575230278832,0.07295632384340592,0.770114901647022,0.8089491418735197,0.5442424926583893,0.8256013956874202,1
0.9886196636837097,0.5885416559723311,0.45473581176481864,0.0965437565909892,0.48402802100605546,0.887381737919472,0.608255212543467,0.6110620053540634,0.1750901490055808,-0.010832090697736371,1
0.7660954428497166,0.25348207915367754,1.233832040938544,0.42627079144822655,0.9596586992948086,1.3853738747150708,-0.270715744982834,0.6822897429280845,0.5151994940418012,0.023374963712097463,3
-0.031190790090410613,0.15130336810481365,0.5980888855402999,0.33516711877805766,0.011227869561898914,0.16628883356006613,0.5443097839281448,0.24219940761574366,0.6451045623919349,0.7709968093343925,0
-0.13259486126821457,0.5312377236607504,0.020660956687107046,0.6340558514485974,0.5031843705676244,0.3345924710598586,0.9505184697858573,-0.34353236810640086,0.13718465071506875,0.5666008969570631,0
-0.014292700409609782,0.92812648056302,0.8525072657229276,0.6012672594898157,0.5719324431882564,0.7637232345950815,0.3177656789043076,0.9445884981250402,0.107097753365812,0.3293865235027786,3
1.1068602402639587,0.37996906286371723,0.797947048812909,0.4863926499630913,0.5420209683738972,0.786340920349405,0.10074662503736219,0.6817342786851336,0.8924288933233245,0.9950838387421372,1
0.1930735361548554,0.9982546907696384,0.8527541445888699,0.4608954605142361,0.4120244478197185,0.8544340350448467,0.19295283061964766,1.043500103402153,-0.1184008558203534,0.3503310344070693,3
0.06465528375247875,0.25635396434635555,0.5959995511044642,0.20946120996618625,0.21647568829389627,0.635437155591754,0.0374844361523442,0.28580739539092664,0.9378893153627306,1.0005732563163932,2
0.4599681886612797,0.6281365943040037,0.8589576682824911,0.9315760349102717,0.21306321495715916,0.17921108779178513,0.2827901704848887,0.6250699093910399,0.12220688789660557,0.21773086419513993,3
0.7742458637405738,-0.07291040807029855,0.4689076154843351,0.6097593596818585,0.6549980400535395,0.5927565399211995,-0.01044638043746697,0.6026862994095287,0.3667089939176843,0.6346048859651734,0
0.14879202825544033,0.7231715187717148,0.25902440962381085,0.5399323674378594,0.5108727241441882,0.8858923040936578,0.5236927996022671,0.0075529391425110635,0.9310899299747686,0.24703432788326904,0
0.420814301426233,-0.017809989900194265,0.5687816224632538,0.2610164266436197,0.9806703814762342,-0.09140981686819406,0.7159927940516831,0.9473630673122106,0.901772770915674,0.2143725621550458,0
0.40447684056053346,-0.01981295922783885,0.6648164915080893,0.7491389559263002,0.9448076575733808,1.0057830987850793,0.38442907647972113,0.15417216309735038,0.5441530765428046,0.7789986804685614,3
0.5893674465263359,0.5941603728431372,0.8867461934630843,0.5316384599813191,0.48158961106999393,0.6386570059726392,0.5833371317276936,0.5591840032951685,0.21150776344729466,0.44556574401500476,3
0.0383496251526562,0.8491916652120638,0.8502013337881643,0.2962534476545148,0.13287007565505338,0.29990346323115785,0.8435395230406859,1.0056827956502106,0.766602507013431,0.11580203725627959,3
0.7975170365346759,0.6426771710334734,0.5025976735855725,0.04126368742186528,0.5445727877619524,0.001578331243523863,0.8051825356686328,0.9738511945286175,0.8040643644792075,0.7980035428460489,1
0.43845733405888665,0.8243065601285913,0.9615555921959329,0.20860009480210756,0.3197205347498252,0.30691159893274006,0.1760618093332838,0.8470769946550258,-0.15057835074838533,0.9165137736346958,3
0.019718461781602855,0.1751967471486568,0.6867120183078415,0.28212996460292344,0.10891454379854948,0.2813945000252679,0.5586818006260429,0.19990433615650174,0.7366849904368948,0.6790844575371895,0
0.8421889864678743,0.15413986078595326,0.6568419847529662,0.0912338475638686,0.517008868705664,0.3803812413270175,0.19803485786586672,0.9455201356222369,0.9374644605558269,0.8075287443491207,2
0.31368381585998983,0.3670288832135715,0.8270774925644506,0.17503754335807065,0.4192983659122333,1.0841137559232779,0.9660132389467775,0.33103409154916486,0.27733561947399055,0.7264160959767048,3
0.5493922650935857,0.2724779393783802,0.09166794517226544,0.9850919448350688,0.42723223053420645,0.7842038109370496,0.9897796472940252,0.6716629154617582,0.5233954345726335,0.009596118876930085,1
0.7341669067247137,0.4410747957075297,0.6257303983636603,0.2559396791650365,0.1517905138947169,0.5328824059018121,0.9524552083394168,0.40832311555382717,0.7518636187660329,0.8970232397548408,2
1.1181744512451215,0.7027957433387646,0.9792868526138625,-0.058815482227426275,0.34712911634153926,0.3850140608431808,0.7345843897265129,0.456660072481305,0.3824775423879255,1.1790049503608375,2
0.3752808224710623,0.038904167968006706,0.33153600527589205,0.15906092563987018,0.9297871388210677,-0.23688045153597345,0.6722346380161369,0.6798578473492087,0.8406088712218134,0.4277187906081843,0
0.2428093623382277,0.28841428925900575,0.8238184480103703,0.22702604815042388,0.8367200717419808,0.10260678168200354,0.7399271967089187,0.028307678767708476,0.321730402753573,0.8381925469600853,0
0.07777918815884291,0.7285019364073726,0.3508720642522978,0.43757307459423067,0.5990624784567515,0.7780679879042911,0.5883544650460568,0.06736060392506044,0.9263145252394015,0.17074810070533827,0
0.11768955370614438,0.17661422352140466,0.8854071071714689,0.1455387386864708,0.8142988409027597,0.05998953926098124,0.6990215799385755,0.10614432645227596,0.34930427223445976,0.7321893407119382,0
0.6565592605559505,0.0928317956490909,0.5257665134994759,1.2190803584223138,0.5810984455093774,-0.15087577914889366,-0.33362044495848,1.015076503843787,-0.05821913457965355,0.8934731951987085,2
0.0033512014888841383,0.1045048682435153,0.6299984975748473,0.2654934493037907,0.03421083931286074,0.2200174385538868,0.5754568379504912,0.23236126588164424,0.6809198963255654,0.773615720499763,0
0.07349494323665506,-0.39438171174240966,0.038232434856751124,0.520656626241673,0.0545255463625563,0.9792753343960408,0.6681919979963451,0.9539738169008636,0.14782001332006467,0.0532438482354754,3
0.956156227851516,0.7597480843504214,0.4635545088444371,-0.5449478694188908,0.2725903616289481,0.383604630996775,0.6298964782736591,0.20260711329347325,-0.030853950417398412,0.0780821252717999,1
1.0361205336156312,0.03410758613358217,0.3782835324886252,0.9151633593900735,0.8941822836489086,0.12890960237130816,0.2079876824397185,1.3781832488048518,0.4808148949692291,-0.42555237175745075,3
0.4831960626182847,0.03876490288392934,0.9252054978455374,0.8342519884963655,0.5162884795184703,0.7364374474932183,0.24070444458789664,0.044306171105416,0.6742744134305894,0.5643404933127882,0
0.7449992190846595,0.4644466652605862,1.0233775176088056,0.46124518047979896,-0.01104681653568837,0.5192905536676393,0.8566814303427318,0.6978654247499946,0.2942393347445332,0.33873024114303063,0
0.13611365777095236,0.5816743329977412,0.019278456830525554,0.22777221223012484,0.06151199035185333,0.5005210341488161,0.6846093461362562,0.1595287452219052,0.9933660713495505,0.04207042240509713,1
1.4525407355470445,0.8655441638517821,1.1804311706767945,0.2010643744193194,0.8357724029129756,0.4949355341189949,0.8949166782245208,1.0792341678194837,0.003578984398923707,-0.31980598008300254,1
0.471085614359118,0.5365848560906099,0.23044966170571254,0.6443611191531188,0.7906527660994571,0.9214682261467778,0.026359932771888417,0.6568919041985641,0.9849988234901814,0.16582530745821214,0
0.13305876609850598,0.8847032865000418,0.42003248381138414,0.39149089567389717,0.4703716724393307,1.1824652757785759,0.5232442935863565,0.0017350072371068032,0.6780759093381008,-0.06545246512581882,0
0.44964763497730476,0.23345582130535655,0.8649948465393716,0.6539361475189635,0.8542933660747141,0.8910083278104071,0.7315365971540206,-0.19084133167275608,0.614262888734601,0.17057896148251217,2
0.24891019894436758,0.9384976549753326,0.3771604283846677,0.9589518549390442,0.6241087530627503,0.060003756463879065,0.9168956859461861,-0.01890983543064148,0.6146984976970269,0.882011609083321,0
0.18824461540292697,0.24001737820365895,0.2823136066333175,0.6471598500915446,0.8442788509218495,0.2594096959705542,0.560929683294595,0.7521516603590062,0.5745982852227909,0.36092082972335743,3
0.8885695174688784,0.6638143847620337,0.5574906286278349,0.16345976133525153,0.5043769428386657,0.8407979107327915,0.600502779778484,0.538966349616374,0.18220677220308829,0.06275305550795977,1
0.15070992586949197,0.8110536671066402,0.18481216314994964,0.08429543181275917,0.2615125473107009,0.36989368396581135,0.891264160057454,0.055906231902227696,1.0124878911213637,0.07231388804549563,1
0.5270827188570609,0.5791912954927299,0.9395374402721803,0.3594966742403858,-0.1108309045533162,0.12163982643686938,0.70355025940456,0.4293752769403569,0.0791547697220279,0.5051582392955889,0
0.18966961603833424,0.9208305069381402,0.42229435830541046,0.8337300170381708,0.5415683229358554,0.16491934442955042,0.8738166110009239,0.10256305264801546,0.39554838214333476,0.7834197052797224,0
0.7049159269401988,0.009942049416415966,0.506884803096727,0.34942303370064054,0.34800528496170974,0.18134612358594687,0.1418152779893666,0.8734891497807451,0.4210314234831736,0.542584511931241,2
0.9915641935147734,0.6383632407420097,0.8072615055506751,0.343317733470306,0.6484165044756247,0.579211712298397,0.4110296299788408,0.49555459611375113,0.33765681062557845,0.6205140759580258,2
0.9716068974149108,0.3113322391362691,0.9014030938251749,0.3629416701659406,0.4846777883248634,0.7086903789947216,0.20309650009863275,0.671444937521431,0.7897234894807688,0.8036948894202315,1
-0.03921165447902519,0.9229816115350198,0.15388381722075595,0.19795675032809945,1.7146747771021036,0.6027578465010457,0.6103422313371158,0.7549842761643195,0.368149564190253,-0.1386740994523535,1
1.3878477084644487,0.8947318907494122,0.7401386655236134,0.5387674124656234,-0.5000746328641321,0.24458954406502917,0.8334180966165,0.5566146675362056,0.10360159022824902,0.033984361265110063,0
0.9234499788215718,0.523276039448684,0.5952666194680961,1.0852136435200113,0.4646072957804964,0.3298202663396977,1.0855751509332232,0.4575899821707959,0.8085352370844807,0.6921450284331094,0
0.17358936093611632,1.7235022289612545,0.715020686063053,0.6463607742256618,0.9051133289483055,-0.01819382200248587,-0.14562729895459547,0.25446484357621413,-0.18935550467688939,0.2992761262891038,1
0.8232044234276982,0.5278982222470014,0.49003053839954713,0.15991421455598281,0.42820933946510953,0.647010480665061,0.7949205657687121,0.5872222229108395,0.3696584840205273,0.19731457540318081,1
0.8706102743033955,0.382591957250103,0.7982713045261024,0.5729108461713177,0.7105850513551458,0.2730552068910571,0.7343754260767333,0.9743258931848613,0.9841046562366217,0.5218036198493976,0
0.530815802269471,0.8010470127836136,0.542441103234987,0.3564389804707354,0.43873373655046355,0.779468274953353,0.15219466449035643,0.8124240384463277,0.3366758951256065,0.3962444641827662,2
0.9585655710494424,0.5077460125048943,0.9494480729674901,0.5275667977462846,0.014409152263338054,0.7293830445591802,-0.11818340307365216,0.8263431239714645,0.10284990668027139,0.22454811485691495,2
0.26065305746014633,0.5544878781423761,0.31603048915535614,0.4800547227141775,0.38652404415506625,0.8089562917014573,0.4974759769920812,0.045388049819511014,0.8249684823955186,0.31223753447675584,0
0.188134721122951,0.6074131407605954,0.31768472881575477,0.6207150501784868,0.6006509762532738,0.8305793432983108,0.5333798617089582,0.07314788159133093,0.8932477876710653,0.2558611415384092,0
0.8796662443204178,0.1017270027810823,0.6250258728673647,0.05331713469843483,0.49491403936995304,0.4316631349854223,0.16440834705005852,0.8857914619219347,0.9182403775127738,0.8337745446355606,2
0.4461352752520195,0.010114033860256336,0.24736931989338742,0.31949123854069694,0.286272615303632,0.5589992048687604,0.46316632400589003,0.9665633889629917,0.3450197868184768,0.09932577374170022,3
0.19066142785840481,0.6897967137877293,0.32158763833139875,0.4809320578591775,0.5101227082062347,0.81664642930559,0.5957853253356391,-0.01193604552294486,1.0267281221666626,0.23569863335727909,0
-0.18529588901169725,0.5933671989083844,0.9301882035044169,0.526088700271159,0.2812892466215877,0.877828490928747,0.8669894454208271,0.00047236959141294665,0.32930629240146697,0.5788628726310899,1
0.2588662168876724,0.5670695288569259,0.6636872851288333,0.38292619330753686,1.0371665296527035,0.8475336979299329,0.3649627389738942,0.8695761192020003,0.6136134305529904,0.6856723608681077,2
0.6401426863941273,0.6094034301229984,1.1899580495051136,0.42933660603502455,0.8663323526645667,0.09782562526664845,0.455288231890174,0.9680891815453533,0.6407933600355679,0.9366291117099983,0
0.9361685927314728,0.2369208870126559,0.9770452251451697,0.4453971543375981,0.4829997063917475,0.6725674451282271,0.2018158917546401,0.682724977705679,0.8254832973200922,0.771629697367184,1
0.6604440419019159,0.8119679836269338,0.11805194733789731,0.691539088450685,0.5089385517536112,0.4034321034607665,0.561449403000191,0.05275893978804046,0.48237487102185783,0.011032695166052146,0
0.854044978382406,0.30399472996729027,0.83019859474795,0.5798280354836133,0.7315977307548223,0.3496452774129551,0.7204849802148909,0.9238672716400533,1.0780668135033304,0.509857326146727,0
0.35684893975378706,0.23001639504697663,0.2546810573882528,0.7546499481523992,0.20118429133677382,0.34406270636875697,0.9857912561696796,-0.007002771266053726,0.7644878071905639,0.2300594495137504,3
0.5632864741667947,0.4527813848557218,0.7322516226307422,0.4021260596032461,-0.0808955194424181,0.23507243766916797,1.263606853477827,0.6784134400872458,0.8773594422493127,1.0648510233873145,2
0.46553884920902844,0.6900451897597685,0.16215095228568993,0.44686999773196345,0.9176663759100907,0.818598427111392,0.12160975326079132,0.5407807357628419,1.020672810731375,0.11853235831851702,0
0.12278102029078897,0.58350611840283,0.03349748081911215,0.2110866433562618,0.07760667879613131,0.5380090952409065,0.7388577553236512,0.19497373788857256,0.9666530328564255,0.04423879447392011,1
0.5310948281107221,0.7975078271870216,0.5359170384368432,0.3664272325857688,0.4421652041186873,0.7847469754893709,0.16427922541213208,0.8104766683211486,0.3521190635545921,0.38234130258009424,2
1.006412938510003,0.1572556974579511,0.464600083215345,0.36889184270046904,0.30553952918324884,0.04057341754888244,0.302963141953286,0.7569855344564527,0.5540858931233614,0.5157156070947522,2
0.7083641433313352,0.3256645007971176,0.17618072021849907,0.6662498653311053,0.8634740782910215,0.7694067696056652,0.32852742973454313,0.5172649664009672,0.6791548152878811,0.4081373666758494,0
0.16346557427853337,1.0204307780201993,1.040667832551618,0.323913144865689,-0.029719646892313573,0.5124623389030074,0.8725517935401346,1.1411935324892837,0.818917691288009,0.31016324215358027,3
0.23727625833402635,0.8973944402604725,0.42433424862112634,0.9064203240116522,0.5472785706985667,0.17767655683138248,0.8941853470062158,0.05748368122928612,0.43920484079749794,0.8163126337253546,0
0.16865316589938778,0.21058414247174742,0.8270647043634692,0.19587806866626525,0.7644127175581608,0.08058656608672533,0.7699547753710062,0.08643947367836664,0.2821329335350725,0.7534958949417689,0
0.5361977721524118,0.8015664136160777,0.5353785643315169,0.36298813241303013,0.4406659855992488,0.7908797687334009,0.16567353853161867,0.81498298529965,0.35117123755402485,0.38575157458665327,2
0.9444216217364347,0.5327598857623754,0.5670742680978175,0.0031502495417565224,0.4958955284529723,0.6942360877581218,0.7389279455328819,0.6621862455353416,0.1371958701133469,0.06676513933923932,1
0.07639192208009242,0.2027439306102295,0.33601681449506715,0.6700745873323914,0.7986596797828658,0.23294147904519144,0.44539843378175714,0.7571484611817975,0.5599945954560217,0.29355809310930203,3
-0.05337666230803148,1.031743190807849,0.6877716608470099,0.593566066299968,0.31459680865784234,0.9797806161222598,0.15075031986593795,0.929773075087426,-0.17568133731639624,0.05080723721521893,3
0.7009453656139963,0.5712506289399932,0.5449270392539597,-0.007185157103891789,0.5643274676047128,0.03316221236310027,0.7983503062644132,1.028430043968254,0.8794628395879688,0.7393335599919362,1
0.5763470219763346,0.5107266260373525,0.84830454314344,0.44790684196920216,0.4464861965159277,0.6842569886073306,0.6504700657845944,0.47434616992745593,0.2161977421987208,0.40705273178456197,3
0.9164772676370151,0.6152626547694875,0.7167110967452748,0.18327141135919336,0.6484241414642797,0.8791753091030023,0.4824069415820258,0.9349889322869197,0.2976194136007511,0.2249200026468482,1
0.34478521003298684,0.14542894598910314,0.6488828602036135,0.8872769072948555,0.7431305478709105,0.8194379208414984,0.5837097108058688,0.20457604671073082,0.4939679525205186,0.7772506719955814,3
0.380026338400147,0.4923324632667642,0.2831884854501698,-0.09299145927227609,0.50771131538003,0.47737666580316357,0.5899239441271314,0.008409252288392621,0.164279854398447,0.48903560396430434,2
0.3987792495954731,0.45378656741651635,1.0666877329349989,0.9796968406753152,0.30203227930003007,-0.17650673133725753,0.447979099879728,0.6800665122485569,0.37260247559901827,-0.05537556451359971,3
0.5671204630572477,0.28106047688150126,0.09431344865536515,0.9936326664893002,0.46048755826606735,0.7399692081760995,0.9504406574774036,0.710464672042431,0.49021212552079296,0.032381489479072184,1
0.32312217891347034,-0.051852389148443645,0.8420721455833005,0.1351412961942247,0.5944138605337168,0.022853062047079375,0.5781190150501734,-0.02336128985387176,1.0294407981604454,1.2461321989964371,2
0.8349995303964926,0.15432426925579887,0.6438375697020576,0.09508785452124317,0.521055970479168,0.3839762855715758,0.21027068568386179,0.9359022223667256,0.9331278901097403,0.8221967256008431,2
0.48474473384431677,0.6617138319436189,0.8004496895702964,0.9856454335265837,0.16669405469969195,0.17977914058877095,0.2996892310731488,0.6742489947587108,0.20498455980574953,0.20473822898584487,3
-0.08539037547232106,0.7017016868954785,0.015012736063707094,0.3552354386815774,0.3677503990584064,0.6988621534363364,0.8655465748171554,0.025985799018718003,1.0540042755553336,-0.2395006642897468,1
0.31517757122481377,0.1298135729850652,0.6505533591137952,0.8575827317010859,0.7632945333935728,0.864955623297174,0.5408515446589162,0.21919547811596835,0.5214810513755535,0.7348427649051377,3
-0.2711046245280103,0.8924176682480638,0.7089457186892281,0.4664427278505435,-0.3868290197903898,0.8880505904140842,0.9392905672790046,0.9346414663480129,0.9607868201024934,0.1808165523358975,3
0.3380756028179637,0.07165178108154559,0.6414754042615075,0.7969552210899086,0.8162383267426939,0.8565955083372102,0.520652344528868,0.21667599504080415,0.5142083574588354,0.7302545498694929,3
-0.29472384374965205,0.4506344564148156,0.8464118323372795,0.05790232069185414,-0.014755115365139237,-0.05891543381339304,0.8000973176467069,1.2955961670566212,0.8346779289147521,-0.302328921727187,3
0.9266273532088134,0.27955276405583407,0.9071900949526047,0.3423328767817988,0.35866901263337314,0.6177778056483532,0.21238804985650397,0.7233541198783371,0.9721872457701317,0.6446303922493126,1
-0.39924273875623784,0.8222322865202467,-0.04026805336053041,0.04472521017239385,1.3870416124210652,0.25440270176374824,1.0474883723578567,0.7383033958767335,-0.2117181763941448,0.5662872221140973,2
0.8335063356334805,0.1645265796834187,0.6361350693331741,0.0894599347491803,0.5279489257081852,0.385445130179116,0.196391325143708,0.9456204698062374,0.9396039685690352,0.8193369357857473,2
0.5308081291390752,0.5035288879341268,1.1955895152844342,0.502907076719594,0.7084787927826406,0.8131648477535229,0.915518395609157,0.6161698365598616,0.25839823278365237,0.3020617321093715,1
0.05243573004767621,-0.8802872231377654,0.03899996622231888,-0.7860918321402095,-1.1584167577417306,1.7732740767612745,0.05689318346538652,-0.24805758040783377,-0.6050115190305295,1.3442733284309114,1
1.0364204750612391,0.4926592989085003,0.730693114251995,0.43338910975514056,0.04676549176813327,0.9784408472291892,0.6355057322405109,0.3566125965044208,0.21193443785500873,-0.27137105640679005,1
0.5588551320621565,0.24644948875880832,0.08454882333319594,1.0064408465902124,0.39182858180918123,0.7985115147657276,0.9804049140272209,0.689734440077565,0.5136975672507721,0.03688625003626232,1
0.4556456603743395,0.5674084495836285,0.21705165461932813,0.6452908742120343,0.760603571364256,0.9361737883111486,0.010609185067015027,0.6410068623164905,0.9625669590383694,0.15976665322882827,0
0.865922823644119,0.8440891187389302,0.8590229855634831,0.596085070982875,0.6520489803859363,0.8045049267592081,0.1714169157506977,0.695624392569065,0.6153253593369458,0.4285286555603114,0
0.9369115221801224,0.42731206117680787,0.8844579896231435,0.32447902329064837,0.4535741974948655,0.79291455065192,0.08846120140751143,0.5928725322929852,0.9500499880419062,0.8687685844219845,1
0.9304731386575285,0.26983584741559874,0.9250434545710166,0.4556236520403034,0.5248313592539184,0.6502900704378054,0.21657734108104343,0.7044258860373952,0.8613691592418976,0.8467866324843385,1
0.5340365414493019,0.8032496917886625,0.5337615527501833,0.36014701915980063,0.44018586214960775,0.7869098234146996,0.16420030284201012,0.8140060958662853,0.35119925178820105,0.38930576467524686,2
0.4691687362485691,0.06411525277525021,0.9584469759658762,0.8603043732594784,0.45881639585661216,0.7425375170131229,0.23294413944325013,0.09397959509070215,0.6197689446655029,0.6384406815759539,0
0.19895879355247423,0.9777151333166749,0.9023081538271087,0.36585420000155805,-0.05276399380409641,0.35664347155926623,0.6977949422361776,1.0772031955409518,0.6726005401043303,0.09068627824347493,3
0.038121425055139685,0.23525453068302032,0.4228844964929319,0.3865416133900005,0.38553464794263936,0.8198358029087126,0.08539664650629208,0.02148682826542382,0.7125131147069375,0.7323858158492415,2
0.03671285361097079,0.32697583609109915,1.2463110019178183,0.36174353139559207,0.2026010659602773,0.8425249305591718,0.2845305611737193,0.33074461648427095,0.16915809278933736,0.6038971318689124,3
-0.01392332255698871,0.11270477768973279,0.6804711668335586,0.26145628307129876,0.08928158913658843,0.2051245309301994,0.5619973942938102,0.1622830937025345,0.6513665913070243,0.7692759506776702,0
0.14491259549293078,0.4868157449113928,-0.17773243332547956,1.4063409704210184,-0.18138142391116974,1.524875635912756,0.8157254719282797,-0.2280682557958157,0.28857944140114744,1.1994704786021484,1
-0.006963880308080187,0.11230348904307284,0.6227228063992629,0.272257050538651,0.020613429780235937,0.23677867071803227,0.584918915087375,0.24433628529270193,0.683141015822462,0.7657038696957355,0
0.853336861278447,0.666837756989474,0.5965561769746066,0.6024566414449483,0.4515849628287137,0.5816796728186111,0.5421801119515284,0.2545703681640956,0.12318254012603293,0.47410360890727193,3
1.1014837754917384,0.008232075804352312,0.45968060897187807,0.4325220311505701,0.2812974706256933,0.12259646172020655,0.5807207887902031,0.7583532821414734,0.4120275363797371,0.4059496869394269,0
0.5123290617937764,0.12035156625628458,0.613963341523339,0.5534041462637221,0.6820017966524071,0.47538930125334283,0.19330614331367796,0.4906801703840314,0.36426934837092884,0.8543694230037795,0
0.8305114303280091,0.15278470003184624,0.6531661556486087,0.07906116690059585,0.5419312494768377,0.3768127076239595,0.21790780615619332,0.9213238943847649,0.9361920712723707,0.831124585718168,2
0.9227676436677619,0.09319859655325041,0.7728516115145222,0.6436424514163617,0.35299842289398603,0.5391325289232617,0.12341893580670049,0.8284840238883735,0.8361182791651304,1.00602647915085,1
0.7167482014557195,0.8793111817708587,0.08510474715110171,0.7813233371273144,0.5347993244300042,0.332388983018884,0.5480395544224335,0.14037522599528446,0.3903272073715074,0.057327200138712675,0
0.8788498899465498,0.38241154212963635,0.8031316623570893,0.5672053945825137,0.703911741355675,0.2771231523579029,0.7185850591450104,0.9821940981240838,0.9768328509451678,0.5271748596365736,0
0.8017014727279269,0.3397215790151971,0.8240233828981078,0.5811950385211658,0.15261947350435084,0.3241216828773819,0.7565717806936835,0.7001657025686673,0.27521560356377134,0.1807097410047678,0
0.5957342279634137,-0.0747366640228348,0.8011661256863031,1.1341917031769722,0.7558540418212344,0.7913661417984336,0.25628032514881177,0.4659649901258068,0.26084879923502025,0.9221149351653559,3
0.8024403526366615,0.4683697298686993,0.9241753571329804,0.12561500259573197,1.0849662352127223,0.24434365507551314,0.7736820615932668,0.827646229877086,0.7205954348334228,0.48426714304211416,0
1.0217904611139013,0.0971863257815464,0.6724940941817222,0.7269148893297399,-0.07189625682183168,-0.084877351333292,0.25858302791957827,0.9010507186021377,0.5693903173185102,0.5417207857787135,2
0.842773726651684,0.3445853624636374,0.7771403359701621,0.5936735591669892,0.7422339636676315,0.30899166992325106,0.7200270914392906,1.0122758190754333,1.0146159750653503,0.5171614953508228,0
0.17129815902916376,0.5565517169453122,0.6482265351740748,0.32660204411856497,1.0371601739192922,0.564701188077928,0.5601261583033869,0.9550598983201717,1.174772183272856,0.5647635951170101,2
0.8870480819994342,0.3769914750769228,0.7922087112215899,0.5395917781792072,0.7324978355683551,0.2704765705464882,0.7383417514779852,0.9663565461246659,0.973410818470033,0.5506773410028196,0
0.9525698993935853,0.7776550998124302,0.8214117296608929,0.6694124900011845,0.6538557211218508,0.8752099238470128,0.18945951738482059,0.69576797412435,0.5705941397865456,0.4438003345234004,0
0.5587559717443302,0.2686997781417125,0.06811494896569215,0.9565105085434354,0.45362064473153996,0.7846550326165191,0.9961794958516217,0.6471785357895713,0.5189495386366226,0.023455535851073912,1
0.9038762927733623,0.6066741529159683,0.6217561414926396,0.24282049308647452,0.8029437663639868,0.2832745936039738,0.5257220253496753,0.7139194109070608,0.7071117088875127,0.4382910920417672,0
1.0549560443061972,0.15419971701188137,0.9512447159233198,0.416414556154777,0.5101369331290468,0.5737339806848435,0.21760310761946325,0.6469908046736392,0.9771492571565946,0.9524416742347781,1
0.3015760429582199,0.9248097086296334,0.45047978989559145,1.029639238741225,0.7343139860270915,0.08137482907425941,0.6680878715321847,0.8001461457468038,0.44426295721779785,0.3547720098742479,2
1.0820610372493513,0.6035028096990233,0.6351966305610457,0.24197286038448756,0.9959512500083042,0.35537571128612205,0.38517857941407047,1.119606918253501,0.7495222884656416,0.807282633306613,0
0.7093865715481318,0.28628492682400386,0.741278921857258,0.41533110146369384,0.3235294583412106,-0.0729368534519585,0.42608829356114586,0.7916032942666823,0.3160016272127346,0.440202762405461,2
0.8840044775212073,0.4710120419462158,0.980327135553203,0.22999178401498593,0.13801259333527383,0.15041850080732633,0.7821771442971267,0.8497805063441648,0.18802573518722926,0.017591223176793624,0
0.9198364834258291,0.4650907973103495,0.5775310242029179,0.031704335385184385,1.051741668143856,0.32338747653171024,0.8329760528362653,1.1620415782655211,0.788162079686005,0.23900297520978098,0
0.4800818449597435,0.049043882923052666,0.9481551102721051,0.8668575787047424,0.45411337089832066,0.7703144013433294,0.25286011538129904,0.10095399755866148,0.6149190117953888,0.617221213344407,0
0.27408633900958784,0.7047537301265413,0.6220095687147287,0.6731516211072769,0.25839223123660987,0.9079802001393198,0.6262081834086338,0.6521847587748609,0.022020011346773297,0.8614233740391752,1
0.13780612343177664,0.3419368189758013,0.5702172214373927,0.2854496761888713,0.882380297552082,-0.000379348655625558,0.8640693481351679,0.5568945162505481,0.982749555285151,-0.03691406563097921,0
0.841640129182806,0.44470308966363714,0.8439726298757005,0.23029674046803725,0.9552102132368929,0.24135385086647823,0.6760156440597345,0.9411976196365314,0.6253777541893779,0.7166102438990852,0
0.10672681713480603,-0.43240086518836884,0.9718412876623634,-0.45969589214647943,-0.8312280514050415,0.7281001637079496,0.423776792180601,-0.11598158810919512,0.2956768931331437,0.3320909542220624,2
1.2006801012267552,0.45928187307171764,0.6740932318081275,0.1582369185610359,1.3977871316253463,0.4982459392601751,1.1299491640485608,1.0558373788626065,1.0772754666910118,0.9845293754448653,0
0.4048905126706801,0.10585110047066967,1.0892525960909547,0.8830800959619357,0.4385168055185271,0.6573783686860918,0.10968187356754336,-0.020943397985637074,0.522253813489239,0.4934462617721869,0
0.15540821792665327,0.15719552393115055,0.2567218115747289,0.7453958967512734,0.8656000993612946,0.24842183066591722,0.4329334624049203,0.8065943490775337,0.6503643738291789,0.2652020567054861,3
0.4033365358872626,0.5177927625469756,0.8931358345135921,1.1805552876908383,-0.005863335843334899,0.19268382577542245,0.13570384143440106,0.6965772077734714,-0.03182650551356614,0.04689148101002599,3
0.1739509648248098,-0.08641281490450045,0.7548158316991275,0.8174675358367051,0.7912120641837422,1.0472141411273306,0.601941484160451,0.3009007221946936,0.7247589722020538,0.9348256481827734,3
0.7397704933958309,0.8067756159903148,0.6925918357088338,0.09415173928964726,0.5679233177881771,0.039722965274065034,0.9315394781028696,0.7910905137655647,0.8580194519706943,0.6369945883226568,1
0.6791218843702088,1.0249247401781623,0.6198522004094141,0.10543234208606697,0.7782456054809687,0.6058046848314118,1.0418967341214893,1.203906865677102,0.04489181775669804,0.23803424027313644,1
0.8429065931962036,0.14965255461094776,0.6432814339487903,0.08828337974268383,0.5291311853519,0.38972073395950374,0.20763882154449095,0.9311343707733462,0.9330939372440841,0.8210099458203413,2
-0.40611390472178865,0.4087810792637528,0.5716130932897006,0.2636693406801853,0.22869647562117795,1.45720454176058,1.2034165878385705,-0.05131041301174212,0.6847082980760599,0.7292921154829144,0
0.46470968039724125,0.06775392664630078,0.943422023248968,0.8606203562814582,0.46043126844934734,0.7671249862207613,0.22327013475348564,0.09978381339447007,0.5942659572776711,0.6435266098648036,0
0.8664475853583702,0.3824416057625515,0.806273638849562,0.5659705396427034,0.7199667786380926,0.2762369974168449,0.7338439516634937,0.9761926371908323,0.9914073213526204,0.5186439914011012,0
0.6182144844271716,0.3881248612869138,0.37595866063837086,0.9599155054885103,0.41462105227060775,0.4570871823291776,0.047675032793623645,0.5639061867668399,-0.21937661847512724,0.330214377591753,3
0.8567720436142049,0.37765449853328786,0.8016401653292395,0.5580822410950118,0.7169487051832544,0.2683587124134661,0.7380211109279402,0.991684660835004,0.9767497570056999,0.5274348238049107,0
0.5339791298734761,0.49071843520433756,0.9634981629819499,0.9490367164625757,0.23360303140007893,0.1466372077335724,0.15486549322673154,0.6885963610098941,-0.020992557139651202,0.28135145588210075,3
0.13725501223775965,0.19728616471289898,0.2951447099470216,0.7190976775656415,0.856109451620646,0.23970011362359966,0.4479847842819539,0.8201827801782737,0.6313046713837775,0.2706503593824,3
0.9277169193254903,0.6807356384198523,0.16751077983032636,0.36433761797986397,0.764816125581486,0.22776217024866918,-0.18897832179331275,1.211751347510009,0.19749279993175553,0.818127591616405,3
0.9078844093613738,0.6541435803926071,1.133746511880778,0.5928096954796642,0.3919407307692475,0.6129542245601972,0.44175846738555324,0.3045604804090769,0.6471307835026852,-0.15856487095048882,0
0.4970434314922162,0.020849240129136425,0.9964396351332475,0.8503672619807592,0.43164598812109434,0.742318062205194,0.20226644465865062,0.13450725593110543,0.5845860418951392,0.6087352005643722,0
0.5490985739610504,0.2702109483297983,0.08926287674747116,0.9857686716310566,0.427195510023004,0.7823449681239988,0.9910529710312777,0.6689733853653792,0.5098023948606616,0.0172016150836235,1
0.9430945199737606,0.39529848166889076,0.8677683310402077,0.18045843331525338,1.0160502551975534,0.38891021579816976,0.7407678687074994,0.8913710239299759,0.7076305580318923,0.5720177204360956,0
0.9554630863082058,0.9887253359654964,0.9562219577261424,0.6317592809695228,0.7965271443104139,0.610391905704988,0.22609347175479733,0.8174478973809147,0.8554302749544701,0.5870653696443519,0
0.5297016420088263,0.8110715971170601,0.5257590575270693,0.3635142218841884,0.4423096031258952,0.7848182244858368,0.1631113844796518,0.8166893181759864,0.3474125120708332,0.3804307714335523,2
0.9443643384475472,0.3669136308540503,0.4359318426959716,0.8110976551821553,0.7352047799379936,0.616508361011743,0.8574351168312517,0.7519663069119059,0.9197822274262378,0.56345549961068,0
0.9506611481144646,0.4669900947338919,0.045271148244572845,0.6483127811038669,0.3976911762341874,0.4565655441366759,0.07851106947551784,1.1706278212030647,0.4621525407540685,0.11836581782380436,3
0.8260827337200058,0.3075223145455561,0.4464977791079569,1.1113579997170262,0.633390124233363,0.4952211542415394,1.1059682205781796,0.6492512189439039,1.0598268646423956,0.3045655934625484,0
0.1981327838019352,0.9937458050014266,0.6039051081865752,1.0561285901967232,0.4444446777658271,0.1649929809709939,1.0666256448240428,-0.014811098409647422,0.5778743939062931,0.6676318602261959,0
1.0800891783603042,0.7527309677471623,0.44144106137395905,1.0395818679283828,0.8553046234691184,0.04993065397847968,0.910008892210943,0.8626691275704199,0.6702958800139186,0.45307394747913726,0
-0.3862806337905147,1.2303447719659921,0.3564283298845638,0.8430212067129992,0.5651482338862419,0.9179963767572074,0.355481851469285,0.17321776256284593,0.396117289287666,-0.38347160307014694,0
0.7176327046943513,0.4132353283134238,0.7940746904931363,0.5371913246349886,0.35118880077766507,0.7150777137685614,0.755909494925501,0.3822517370327238,0.36577774853551676,0.2726210124784515,3
0.7547868198703267,0.5601118053330523,0.6148118947089282,0.16747428492511324,1.0452946763891193,0.7568511429793064,1.0025607359713284,1.2929511175962194,0.9538993825343112,0.6704755146157996,0
0.28636507662650784,0.3229751704118931,-0.2396084685757578,0.8308055200386703,0.46499125718101003,0.3983426064007707,0.051397485433476664,0.10437571220208998,0.2289720171339658,0.7875129466269388,1
0.8969201519177822,0.9833675314538912,0.8283664894467431,0.6820946836161111,0.7875018371969564,0.5875254707638429,0.024566633187529704,0.832589652987405,0.6307764486588481,0.44736335435885616,0
0.11272235096884627,0.8574620698092271,0.8154180410504336,0.8131025677918617,0.527274494501264,0.7841863879372974,0.15681363347142524,0.8310634740658669,0.5741295722230708,0.6046362721763521,3
0.4118768623330543,0.20702663330175908,0.2839208760648317,0.7208259323436043,0.27442034781966806,0.31114918752228327,0.9845981770034914,0.041211782916517746,0.8233820712916915,0.21519790456214508,3
0.7924706674571247,0.3904582792464285,0.46103568449695,1.228937088441774,0.8856770031430279,0.7113639743778014,0.7145179779300312,0.7941728560481212,0.9571084879547267,0.2997646744958343,0
0.7773111807847838,0.11291081892427093,0.7537852892447428,0.6830642033118715,0.4347536216923917,0.5722728052642954,0.22866822207404214,0.5290743676099511,0.705098288699641,0.6226495089360173,1
0.3810011432554232,-0.054508044835125,0.7401113908482022,0.9749383970260495,0.9387099488563904,0.5545601863613259,0.7077075536219747,0.34520614592003096,0.41502453111551996,0.7501075509432106,3
0.8481052904531683,0.40666525955261695,0.9517997949922832,0.4374570463715073,0.6112246812086225,0.5326617993287497,0.27564365248795447,0.7511273468704999,0.7218364037395704,0.868517130943693,1
0.002733324696069522,0.12468876728124859,0.6309885498114619,0.2490628430935214,0.0341346975167383,0.20099812677519197,0.5774504409453485,0.2360578340606318,0.6773182626101668,0.7881225075955741,0
1.0542624208920368,0.21350006117162082,0.460510005757284,1.0503689748138425,0.7832397502498505,0.522468667990268,1.0557832934206235,0.663950358811682,0.831843505992461,0.32626408955559655,0
1.1692729147386016,0.571148524525087,0.8418888814745921,0.39027769441523197,0.3874936898619924,0.9194322970842629,0.5300311001444157,1.198934332253039,0.1366771689355566,0.25745012850101867,1
0.8019108156550806,0.4037979040694212,0.7559668278141768,0.3223194711723606,0.6837763269359702,0.5631059619337555,0.3622439670518674,0.931722714434176,0.8779849126993308,0.6518079595702828,1
0.15379603161293867,0.6772423022579691,0.30252787258293323,0.5079098434025511,0.538299550084166,0.854115353100451,0.5730350416780727,0.04366045879034615,0.9763127331954485,0.1847983095775347,0
0.8415495494332368,0.44928639448668195,0.8279817530087583,0.4523786766799449,0.04639494847177062,0.3821170197970777,0.7532106747759225,0.6893558598723663,0.2712673202163152,0.22068231540401378,0
0.4155119873851433,0.19857919723147996,0.3011225759472176,0.7361418309540629,0.25876176537813295,0.31082049885539415,0.9660139007021152,0.03852293407912708,0.8038712400358563,0.19777993416556186,3
0.5312616531283687,0.8039811003904066,0.5349011223911312,0.35745673077404444,0.4386959568815968,0.7873237815847073,0.16564769353884554,0.8138265775759771,0.35179064467970295,0.3903657776137306,2
1.1960871363485355,1.419286224470229,0.8244152904321786,1.6210849645641803,0.515073619433095,1.4530544994705283,0.23053347811962335,1.08938955509568,1.176186539730114,-0.8776253373247436,1
0.8593828869406286,0.7295763430344302,0.47839255759219423,0.04873323302083524,0.5355846130074183,0.8686011304432759,0.7622368928799278,0.564171208279682,0.32255632651910565,-0.010148752011090667,1
0.9919989996874038,0.2671474707981748,1.0567404707956585,-0.022770331681090078,1.1414082460700565,0.3144766070750335,0.9895876836571148,0.657008242496708,0.516240558693047,0.6162153752630853,0
0.938287210117354,0.45978114098855416,0.7606473199400332,0.5117453251677101,0.6374376011662488,0.26000052737313356,0.7617842129307533,0.9499249043396246,0.9059157956001178,0.45377383683651656,0
0.30802234346281343,1.287028305503244,0.6212945769238043,0.5538029043840655,-0.6542983678089029,-0.2798241566320602,0.20475507047614816,0.5363356580033831,0.2851508634438749,-0.44111339509717973,3
0.11605331063966585,0.9059147707477327,0.8518634552302772,0.4490145008398194,0.750583230608355,0.9867302257703333,0.8261673259900792,0.5394677231986347,0.6442830724338457,0.9709018756679773,2
0.8974023747871912,0.24846279745693722,0.7611805243690528,0.37979983661055416,1.0047972666782525,0.39331856723404207,0.7347406392345466,1.016880477980509,0.5584725435578888,0.44809756461395833,0
0.6273602006887932,-0.1697993625951468,0.4037911551418321,0.7050868490356424,0.5463901731808415,0.5622621164480948,0.16235667867064596,0.5202239776261722,0.27464368653930116,0.57855617407387,0
1.0514257120876107,0.7644259705684985,0.9536029573492099,0.2222091682724237,0.5236411524024361,0.5370739545611585,0.4753718882574785,0.3716716229210272,0.333061225081591,0.7639484359733336,2
-0.10034624316355834,0.19342882618391571,-0.23740538307228687,1.4154599739581293,0.4921142698030923,0.49221009059963755,0.11868820397655999,-0.15209254503720682,0.5393039032959823,0.495553702252384,1
0.8255997809588509,0.7925333051697215,0.6916597456037463,0.0548656347749332,0.24133081589418887,0.7165668493144284,0.6349355746595513,0.29429507433855956,0.06691407496806517,-0.24127312809845874,1
0.14201507405296251,0.5993655941001792,0.04494888007394145,0.270221680543973,0.09442823184240584,0.4967506927260766,0.6910676461818934,0.15866251886200206,0.961397521308175,0.012587296285069077,1
0.021330632119465065,0.46978361910228505,0.47523882362954306,0.4208864447301457,0.6903298380141217,0.8663625222277429,0.8298056406669923,-0.12227200962037835,0.9754786732452836,0.0964874111794432,0
0.536581764692986,0.2823224044563737,0.5769968408687636,0.4787679738108438,-0.045054384364412225,0.8014012472251957,0.3257874027685022,0.5992626994585182,0.29152137425619695,1.0219433976711387,3
0.6762821069602434,0.71242690932638,0.25451315666874963,0.5704940199379361,0.6678686841685177,0.43580357529352826,0.5443682829011887,0.022600518597379972,0.3916312301684347,0.0504627402471803,0
0.5431062457218595,0.9005391476156606,-0.062294923714555306,0.22368227762085463,-0.0026868219194313703,0.4339585910994268,0.369675483779477,-0.6706135344264165,0.5318707943273449,0.5554181305794508,0
-0.02580604881504234,0.10686723287818226,0.6689736977474149,0.23990203287851725,0.007792236408616749,0.18664035370199977,0.5413338760228364,0.24688778995002925,0.668283338510207,0.7510708469034736,0
0.9117779634189981,0.21440989520312798,0.5940499904859127,0.14661627206057415,0.5442492829247175,0.44627390799013905,0.20215977429492307,0.9186978596109469,0.9756692924676423,0.7646173580780516,2
0.5373191523946332,0.31023644789128674,0.07899042089642622,0.9545995496010324,0.4838573402392319,0.7757822049902464,0.9792500199915282,0.6528697533482903,0.5524857560656747,0.00408140369112393,1
1.3990567135132785,-0.2935143577532259,1.5969943551129822,-0.004086622903297643,1.6293521325709346,0.397747493839018,0.4555311007412684,1.2548938324512917,0.5722850027359112,-0.2035324625375906,0
0.26911652150001786,0.8275333768613516,0.32569675791790254,0.7705088470596974,0.8731526122740584,0.26269869101147997,0.8790879466936651,0.9893590551096201,0.2116082856151109,0.3956070608025446,2
0.8694296341233658,0.3786082828642082,0.8162209158297653,0.5592848646700168,0.7093621543191327,0.26745610619337434,0.7429019524384894,0.9804021162213871,1.0008414255886637,0.5154260514224706,0
0.4683402873827439,0.5367948958117047,0.22767594608532304,0.6503194475088827,0.7858813285260019,0.9244192274224142,0.022432539788583665,0.6560325934080384,0.9802499621379644,0.16642659777807314,0
0.9456034883048468,0.2769623971528739,0.9142478012931575,0.4520491248138586,0.5589828776764099,0.6329748781052351,0.18968934026413287,0.6976970719377703,0.8401967749049408,0.8643780399393118,1
0.869702225054252,0.38103676315363044,0.8085163624817295,0.5646837509673428,0.7196216181418844,0.2698316194097948,0.7319957369163015,0.9819304191877836,0.991135894617708,0.5244845879385958,0
0.31559775558627756,0.8929408785283078,0.6806000353451831,0.6506370521620513,0.8005476614524165,1.0343594749012623,0.9117020507930325,0.9180208963368426,-0.006731232601769083,0.7291178457951016,3
0.06337148357584232,0.2940898985243757,0.3192969292304442,0.27203125141578716,0.9900871914540366,0.5517431909055017,0.2087989999766698,0.8902066487335406,0.8217665505133233,0.5520092291002537,2
1.072509655352815,0.5743924472286542,0.911906271192816,0.45912223748910796,0.6944359823987478,0.5677463401200253,0.35861493630746993,0.4090732319891418,0.3141254161563529,0.6980351692937472,2
0.12334485875204061,0.8846856336673589,0.8930156895022308,0.5935695481971288,0.4197360017331224,0.9460623144546945,0.1956720558593443,0.9871923715975661,-0.026085765382671856,0.24580220663130792,3
0.497047777093972,0.6375520409272821,0.84742682305154,0.9229165615698118,0.23458317648051843,0.2042264441387942,0.2743253145221566,0.5595226928956012,0.08379499230658716,0.16368585025816612,3
0.9744990018892206,0.8220862654094321,0.9539863967799402,0.5802005141237389,0.5222133119110484,0.8567711430618791,0.0135568561691128,0.7274300426898589,0.8002757605658223,0.6264172702419138,0
0.8420256761988396,0.6346411760081903,0.840499283398739,0.517709548408328,0.10689364187021366,0.42942485190477175,0.5043093971322228,0.31738794260852654,-0.07488139525670029,0.4775302378360359,0
0.11819794200854408,0.461853121853339,0.31921959596825933,0.9477604122563982,0.5892523729889585,0.785356702992631,0.36511723977733357,0.07370129416861919,0.16766109658904874,0.061605727487622886,1
0.05076192664996362,0.24374373925867338,0.33123759437310346,0.2956008148782011,0.9717855613779195,0.5948039792825214,0.2098335484733607,0.9056190332430005,0.8338221004335616,0.5591825157672744,2
0.2525038201176544,0.9423512483135839,0.7628169283452197,0.5025983646751534,0.10690585766885616,0.260754860875818,0.7207440297496666,0.8516109625248711,0.9789144241225654,0.1547831009655417,3
0.10816129713343037,0.45558076660234725,0.9352024490375085,0.562013982989584,0.2545530209152072,0.8078831719021444,0.16629088508678713,0.14716811582285094,0.4030107376352054,0.3122308523843854,3
0.8839237327968898,0.8804690198464822,0.8831216302104261,0.7554128432662914,0.6799595261038061,0.93047530006977,0.16835075124528873,0.6863677921253023,0.7193458928178189,0.534298171191314,0
0.8169414185938862,0.1418587431045092,0.6690968530951479,0.07403627094302297,0.5104312457710624,0.41162133397191153,0.2009651022711196,0.9536711805517387,0.9523970728929941,0.805251731645063,2
-0.151776153329231,1.3946854117838219,0.25484916662351487,2.969793207258098e-05,0.6996345694221273,0.5706878460050151,0.221024134689896,0.43232946433485925,0.3777202133710864,0.5615868410573094,0
0.2889100033360815,0.5899954114355747,0.6078251708116778,0.9071628512475108,0.8449814694147134,0.5363018087390123,0.2196411525644105,0.5219647438291901,0.1309045589192627,0.25213429807477283,1
0.5529950036129918,0.3427532448371884,0.1324657938713338,1.024058058460218,0.34875597900336064,0.8017289190639495,1.0526572318135639,0.6589714772187892,0.48526731195658157,-0.02042992940074302,1
0.5429598775408692,0.03298783050315566,0.9936013607895497,0.9373940237229812,0.38838942959870315,0.7701588615014419,0.2461257450161611,0.12990839291953257,0.6006745837834376,0.5758960707081707,0
1.0307354673412121,0.43090740807292505,0.9102229881167563,0.07489832514367732,0.9098801057187914,0.3584188282831773,0.8373633669083,0.9601696036191776,0.7266769726180138,0.6615013547358268,0
0.0302110081111971,0.303745069058973,0.35887001194928025,0.30005462119545606,0.9125054606805789,0.547880116044002,0.2794003443487238,0.8405002148181581,0.8255162452716636,0.5676561007192407,2
0.5325031273313621,0.7937175742845358,0.5324609530029055,0.37131190695243493,0.4409752233709331,0.7890860937426509,0.1581001350876622,0.8186885214001639,0.35665902975715924,0.385494785238728,2
0.18502939679148586,0.2276819678238935,0.6110826568294132,0.2079873975950866,-0.02864736754710162,0.8997828672355045,0.10075855078972298,0.06219481021489931,0.029982620955290584,-0.20126228314555195,3
-0.0053847809132295255,0.1738755720588508,0.13039019027723592,0.7476144101258275,1.0411944313324406,0.34973764238299593,0.5429060531104251,0.8882298533695624,0.581186006646518,0.09591543994510937,3
0.19584386069636017,0.5975935194661385,0.000485551613820856,0.21339974879144397,0.041389339055129384,0.5506464476034808,0.667257444978331,0.20287690712609185,1.0316817076084315,0.049270980367623174,1
0.20428798552626604,0.6224708946976005,1.0764063352035123,0.5428391997585568,0.19365933257035606,0.8390630356297435,0.20116365092424282,0.051938697012791135,0.40158843805314093,0.3068761902176558,3
0.19643209785746835,0.6081671908280338,1.0834527949480073,0.5773400435612005,0.11021756062196311,0.8378555508709283,0.1182939298131345,0.053222231025458915,0.33831699706979423,0.35049148741110137,3
0.8571834863649257,0.7475858756712332,0.9378123222384602,0.6813075658835556,0.5953525545856303,0.8003702272483129,0.07785886429339625,0.7415071771108583,0.7498033435224287,0.5521504099706859,0
0.8770029965809559,0.37158321093744423,0.7909671554574339,0.5579638476126141,0.7014089229198085,0.2757623182309652,0.7472141441260447,0.9743835213012769,0.9849529199309309,0.5146024617033615,0
0.9311242601868166,0.40179634300210104,0.8483825659732077,0.19704039282722224,0.9831884600511797,0.4000097557565275,0.7467697054899828,0.9173482839546853,0.7158754656498094,0.5714422921472281,0
0.14047312702734213,0.2162512191531262,0.27767072491347594,0.7077043188004851,0.8874292779856572,0.24441265792411873,0.412856613768355,0.8061506470242574,0.6206392712918282,0.2613514673298691,3
0.11397967306826459,1.234110298814831,0.8577228260710037,0.6977794535277707,0.8560776438646867,0.5390630085702711,0.43041727464520096,-0.01624629825112056,0.5939617135594059,0.9220091900564222,2
-0.34092081064176827,1.3956344809609873,0.783563562819109,-0.6959783078757998,-0.19783331800817827,0.5395690083923608,1.08927731130776,-0.09542118420968948,0.18413695183357393,0.688498932509092,0
0.1102253558849617,0.8634983762379671,0.8282847769578069,0.8083721882550301,0.5370006239853653,0.7738795928613336,0.1477613631330779,0.8382375128240946,0.5837297718476528,0.6127031689238279,3
0.7355499708120072,-0.21998430819424708,0.15982828587024284,0.6098512785963908,0.07390192125373593,0.7607740137281922,0.21433959047882975,0.9698413805004557,0.5271124751300849,0.13895098449236995,3
0.1152322341702822,0.4722597433072396,0.3158268351543169,0.9563155770297046,0.6004731575272267,0.780632518122139,0.35762008317966565,0.07410253501752688,0.1707003326425444,0.058233131558616785,1
0.42406748989479987,0.6334704019174531,0.39062665829483006,-0.5164040003783772,0.47285651396251044,1.1961971225968653,0.14047297028081557,0.2816406092250162,0.5860534254131854,0.6067511060580014,1
0.38400701998449865,0.03986622665129794,0.7750113924541051,0.689436434376741,-0.06483560131054775,0.37580473433939615,0.12918874575294909,0.6066090616056546,0.214557316183399,0.6045772386462651,3
0.6802568308124547,0.6218177348897762,0.5859997865975268,0.2990061298586393,0.5686258808998889,0.3759607623354251,0.45655663023482485,1.2732579096483696,0.8038243702699881,-0.059955098181200345,1
0.3175670437026424,0.7005413474755671,0.6986887953116778,0.8355113658827376,0.13113578709795212,0.10382589105795796,0.41099744755698187,0.5827399720114099,0.03363587693159294,0.29605941658438323,3
0.17247642813458833,0.6541428840426121,0.09516541912934076,0.2970577974454505,0.12490431584590411,0.44624211511086276,0.7447483849904136,0.06651053625508284,1.0014812436877425,-0.015624088074071597,1
0.10290692362680809,0.8734622839557123,0.9027130685099707,0.6078496220836591,0.45766277470980327,0.8385201509350296,0.208951714148519,0.9199944841447072,0.036115939028121845,0.1577509396861096,3
0.648654424918564,0.7890832704668967,0.12206026555159137,0.6829126808175475,0.5295738403798639,0.39871734400303616,0.5555238864573435,0.07084513344894564,0.4665283488823308,0.009465460890604136,0
0.4791762194580647,0.6276292265252219,0.1594056370182208,0.3932932156000015,0.5379176869020683,0.29901984959369415,0.08329695981775395,0.8111215749640205,0.6904924151668775,0.7483715365204998,2
0.5416133393651679,0.5337312617794921,0.6452930941987275,0.7781594361295607,0.4380700691908827,-0.07383646427494459,0.3440752406940024,0.7959785280977661,-0.0787568478051282,0.3261730108734468,3
0.40818603851159724,-0.1010622078518848,-0.31454106200295473,-0.22998437052279924,1.6020592401011973,0.593447429610681,1.6038163356256385,0.11870403904784627,0.3179052481137144,0.3368226384378623,2
0.36058592111298926,0.5029566293959624,0.2691032870623964,0.422177271143186,0.14691478246153933,0.30645450858803247,0.46415396418844956,-0.015858007915013128,0.9188075491208254,0.21058462113134396,1
0.3905910211292576,0.17198041976470463,0.2543819353545268,0.7291113659403318,0.31304033941917936,0.3421888621963769,0.9875968527080685,-0.017028257732326302,0.7972142942075953,0.21845170013220197,3
0.14509221702196362,0.7738633429152281,0.49990941332734545,0.5621161734300195,0.1622957710012252,0.8385975960330643,0.52347687340534,0.7104655925335502,0.0949019930686607,0.7411865243051643,1
0.15136614466807655,0.7641405296662034,0.9070154238481648,0.5333046707212289,0.43901334874676756,0.9316929220959856,0.32277003742946797,0.8668240403262254,0.10561863766207359,0.12350102605588688,3
0.8876256985334172,0.5863114564260652,0.6606334556423605,0.19417461328089616,0.581094488565037,0.9031754208271137,0.5123664048757847,0.9668138115713505,0.22695737571718644,0.17112925975228252,1
0.38627902998731134,0.2369567917087756,0.5950954145458164,0.6948507311772963,0.6073465654644874,0.2809741659094376,0.38467354854660524,0.9139253729326091,0.21663293909692177,0.7475935083121699,0
0.6474926638461675,0.7436196548079993,0.7903333848721136,0.22689925197885905,1.123791450810356,1.4398688756038676,0.39191932483760183,1.2949459130249825,0.718459365749295,0.1394796096652304,1
0.13214102208929757,0.12914852308748437,0.9729416544458297,0.6284536866613055,0.10490310308918104,0.9439673672748998,0.45035821955295685,0.10849706419406657,0.5586983369320426,0.17994670811961053,0
0.5360374717770643,0.7987257454151815,0.5350405992737847,0.36018639272808295,0.4441238919621698,0.7882534565923368,0.17323384414320647,0.8105967887820719,0.3419816948043758,0.3783694108215272,2
0.8377632565168633,0.43459365605970945,0.8528439879814682,0.43618477162110825,0.05710747195228029,0.32865505345827234,0.791527968258677,0.6955999196120126,0.404538673369261,0.1933865183992435,0
0.7544891870710624,0.7464214121213513,0.8612432332563101,0.624079158912812,0.6510180493497129,0.8327288754639347,0.10521164574432235,0.7963923915490767,0.6455427299990298,0.5967768218326568,0
-0.1319070635378934,1.8148150000198764,0.10332198725409647,1.1865840375453511,0.4778663767508449,1.7487409610112394,0.17790534102073052,1.1096128368094367,1.27782818411131,0.6265720635551862,2
0.9695509169835256,0.13308451207360655,1.0422360764124632,0.6102709106871609,-0.31705204972687684,0.4022840397898436,0.2312124010785722,0.6839862832187811,0.2597967289399151,0.39046491532778105,2
1.5718862363559145,1.2655800701735576,0.9034989884160207,0.613801209770531,0.8234926509105881,1.145040118277271,1.1172454320328504,-0.06472951945903238,-0.02996316149172068,0.13298893390096175,1
0.46177007737274256,0.2478336904962563,0.4927124603487,0.5205282917970537,0.9300160912543891,-0.13289378569391877,0.8066169326821577,0.8481566011730125,1.1267018189754112,0.038711008462276444,0
-0.003593854065422619,0.18637901899824327,0.22059650768255798,0.6608154614402617,0.7375264536526691,0.20091695954060979,0.417180100550529,0.938599763211154,0.5778850548843424,0.2015308516705798,3
0.5385907521840694,0.7953952819274397,0.5355166352885531,0.35944934761073866,0.42957827898209033,0.7982770447282675,0.1656960543123796,0.8136189949909681,0.3579503318774945,0.3931557983562627,2
-0.010423643960795037,0.28255849685443707,0.228822948135403,0.625744279925,0.8997481745624751,0.352313102620163,0.41333009850193203,0.871907076634775,0.5336008461893811,0.1762102202278624,3
0.10616206117921803,0.6719510585303224,0.06674140875047474,0.1796103980425048,0.13404802140725972,0.5417636768377221,0.7519815221014291,0.19877595826949598,1.0617754418588718,-0.020213907542310443,1
0.10561313307415321,0.8548552683504258,0.826371220784038,0.809852881761482,0.5307060062541258,0.774779964077466,0.15644050538818352,0.8386306438357686,0.5732461856538161,0.6016096350586567,3
-0.06393363707397366,0.7258679973965865,0.1028522859641759,1.0375021638170998,0.10508113997008484,0.4682351050847094,0.18143236346652455,0.3188121187088535,0.5562498956509786,0.9728758716497865,1
0.2793182212929457,0.6744704982382459,0.6030029293261411,0.4640782241381213,0.05121084904315833,0.8290438099614954,0.39055636559059537,0.659670616722583,0.11636613134888064,0.6528763952520479,1
0.17962115197360717,0.7313817754824639,0.4357066728493497,0.5330346573106722,0.12457182518668347,0.8269525450895854,0.49355013002919407,0.6894558023375859,0.05094269877858242,0.7728649818232456,1
0.968486433360731,0.849582377621025,0.7456638101428721,0.5777636793320434,0.5994352589360544,0.7607021942615878,0.13693475705047323,0.7091885085843789,0.7696590608294924,0.4975262921060152,0
0.5801442724372282,0.7184123663231177,0.8611599517732583,0.9890864563917053,0.6354806144621612,0.42876998481781115,0.46184569574526463,0.4385154848759112,0.2871491083497257,0.05415935251172993,1
0.7415797164247582,0.3648117307279449,0.6749762876958321,0.18357813067992948,0.07266343145578419,0.445195469938743,0.9060888189414894,0.39381364799421265,0.6835527181359983,0.8732500146793081,2
0.18690468474396305,0.20196612107304984,0.834858283546367,0.17012902268198773,0.7445599680823196,0.07164265582641849,0.7622816764336149,0.06236484728568273,0.2666858046926185,0.7426954500016613,0
0.8174853832234995,0.22291397746891797,0.8115241896208932,-0.0335727680598496,1.0364132594740092,0.33121461129424756,0.5159226604507265,0.9447224105075291,0.9052041113706316,0.4592375672142287,0
0.8658035279095517,0.38517310386000236,0.8051550107200345,0.565464874703459,0.7133528656993641,0.2765039059495414,0.72844621123653,0.9783495577841587,0.9897511836759894,0.5204747861484121,0
0.12238128314969426,0.8294516423111453,0.5606691563297661,0.5125752231479893,0.09770110216471434,0.8888209253736631,0.4535263639086747,0.7163310669318013,0.10440978448453732,0.7145899833422461,1
0.05092850452619396,0.7088518342742419,0.21619493979514343,0.9723948571544848,0.19541847918758676,0.22021383743258305,0.30693184354365466,0.2152856515311473,0.6171932025782022,0.8698226324852177,1
0.08580480112728411,0.8071668819270365,0.8211556964042109,0.2909522659065291,0.1345156425911255,0.35111209955932593,0.8025048656295868,0.9854842269895094,0.7539717904850094,0.08496878144850314,3
0.7352833704888643,0.4394223924744621,0.6299472603894849,0.2608007204590579,0.14644032470923932,0.5358968624374935,0.9505209038053327,0.4091747769773454,0.7551528900180604,0.898669504302029,2
0.015783703672887228,0.26864021892259826,0.24289793433402626,0.6239957344521893,0.8765836062951253,0.29982062768234874,0.5310365716290577,0.8490285012646683,0.6167947934747119,0.18429437394570738,3
0.470982937658467,0.5372000856116287,0.21910375953331002,0.6429138363931896,0.784791435256926,0.9305930860559305,0.031522930764648,0.650005354349545,0.9875728460298515,0.15392082842424307,0
0.15845234848809545,0.8142551522204381,0.925802710663258,0.634254140262185,0.4880082161554071,0.9218561205929897,0.30558574145373063,0.8789594933840379,-0.021395279448519346,0.1431935466032511,3
0.4899000509790961,0.05506444676230756,0.31983879553798217,0.34800545473678823,0.21097653990268558,0.5719285193427748,0.4567716675063633,0.9812664372014636,0.37755486120066567,0.07466364351607283,3
0.17796338454579325,0.2353265184743598,0.26200169255391664,0.7199243594645709,0.919844047179148,0.2190253652878218,0.40569975464661295,0.788142255860675,0.5963568223319172,0.3004449130779465,3
0.32414940477702686,0.9541974440349953,0.9831458096702468,0.6694677919229244,0.8129547484774289,0.8164964633158395,1.0043696947938756,0.612669242270842,0.7990458569668342,0.7573774309428146,2
0.20588145932599625,0.5558497359634318,0.08767993276515228,0.22245051459462065,0.08434499709727987,0.5590868427303785,0.6576045905862793,0.14582061585992492,0.9716196765501461,-0.01260179200773217,1
1.1140145380495732,0.7756561824654223,0.5877216012785166,0.1354621207167841,0.4640680083036799,0.9103070038809982,0.5480270784228785,0.5725114689688887,0.27713895572208647,0.12236445931801515,1
0.29779437136525155,0.16795316382214223,0.6678988196288795,0.9230697998468343,0.7235246810641738,0.8713686661669274,0.5333476841721392,0.24500510828024796,0.5173398124679199,0.7490188855212756,3
0.40917501894104985,0.6134983909759305,0.247384832002728,0.5782556511503621,0.6881614303465253,0.8869956627035178,0.09111035886093453,0.7033869749275825,0.8785635514947211,0.2624372302818615,0
0.8587047661142155,0.22859489739786681,-0.048101525336641096,0.6914776237208443,0.34677387503156915,0.9189607831257098,0.9208895186012257,0.44427884733011797,0.5374912611563348,0.7696883813197556,1
0.6764771333173056,0.6975116354190779,0.7041281227730666,0.38570129905937867,0.07265648786904488,0.2522017376591954,0.2568575615270234,0.20474606427664105,-0.7160458743865887,0.09299727960053975,3
0.8166216949008777,0.2749004271915172,1.1399264113489376,0.48697061299375494,0.4298739363785761,0.5245368638489893,0.02196749694759853,0.7568756450017686,0.9296114093939079,0.6617264919694859,1
0.3771034179875751,0.9244284672268688,0.3408943970191189,0.5136122329746565,0.1830740716091609,0.2028668870753601,0.04165681663391596,0.3976940895658637,0.9139158898746635,0.9453222574450079,0
0.0328063564253579,0.6496298841972934,0.41072014507236393,0.3833994717533006,1.0139130486249415,0.5643096751837706,0.8794764291228218,0.4404483167425697,0.4091319472150785,0.6709540480815317,2
0.7128376905277273,0.6966543418956773,0.9341865128045667,0.3462446501727023,0.5552461889766721,0.835999752330326,0.7773283454696821,1.0631137602597451,0.058892164561000326,0.28792812280171004,1
0.08230830695211407,0.4370324426193547,0.2604881548701711,0.34669328752767015,0.8104792688877219,0.721730491655717,0.33519308292791417,0.7046137141726213,0.8685465675842816,0.43216019068622213,2
0.3645153903256808,0.5068008535941516,0.5199226524696059,0.5878054922500708,0.4543245117688147,0.5552841596863503,0.1605394954425402,0.06832435561271943,-0.04232530731224243,0.1120979219107047,1
0.7904118973131394,0.744857883942395,0.8036336067721738,0.5910008720204334,0.652377501129881,0.82002852828704,0.16766638699331227,0.8111473652682979,0.603640505745326,0.4388671731751685,0
0.4511388449851541,0.660680194292496,0.7095527529910858,0.8547747593814408,0.6437404212579355,0.5602842978092556,0.5141191136762826,0.44690013622994695,0.13913850534633443,0.02620460931467109,1
1.3632299886260544,0.29583221757125333,1.045079537845489,1.0502164397894789,0.11600435922153873,0.5989373120918647,0.9130937161164128,1.2126945008197527,0.1843958977650929,0.3001898646231655,0
0.7254998632970625,1.0108455904983324,0.7247771028697714,-0.14782989842007832,0.07789243604417578,0.08733879282896641,0.6990941133614428,1.3855885177521607,0.6723709778362363,0.4686491542001973,1
0.45145063142525166,0.1335273575204978,0.4739961189529732,0.19825385745762517,0.45361668386587983,0.6602027497615062,0.4873584086901462,0.1897225674527512,0.7709459282070726,0.580215217339506,0
0.031198552633416005,0.5692352135293872,0.3463201774067995,0.14067902992664366,0.9826800778623039,0.49899905783720755,0.9975945113655114,0.3317533850190402,0.2335016743464673,0.6474463539408156,2
1.0731062433203433,0.2589261627102397,0.9607502488081979,0.16265540823575447,0.8961231180523693,0.26075334229476677,0.8882794469352149,1.0357001248154645,0.6714680839887833,0.6844249691723441,0
0.8122606621871905,0.6518240773984583,0.47133605390991906,-0.020161287375477094,0.5836131469789898,-0.012442383819840839,0.8392742678863041,0.9991682370829629,0.8369122136894126,0.753696532224961,1
0.41146526358364727,0.19982175478963063,0.29839207517516175,0.7371535438661029,0.2551208931786857,0.3043885086262738,0.9690836427738482,0.03785742741303003,0.809110065070893,0.20102528979116172,3
1.0081559138117397,0.7553698423218148,0.5464219799302432,0.3038231231155809,0.4425464180941511,1.115271645268424,0.5089742222026207,0.6823332807746545,0.30884408432895405,0.16136258504566187,1
0.8639563862014684,0.7974606065487434,0.8552253853514546,0.6627891243877813,0.5812977996954061,0.8157807395306159,0.12645181398752994,0.7733648371479894,0.6585651147021317,0.4742750950822312,0
-0.038713300080747394,0.01988319533483339,0.6316609680389522,0.28679774182086043,-0.017228688747015518,0.32207738104973904,0.6300047533321194,0.1120886470821611,0.6832740064564345,0.7665719091505679,0
1.0457525951900504,0.17914900640492823,0.37289561494924106,1.1296599915973426,0.9606580630362588,0.5031900913316989,1.1936089289685183,0.9281310164937323,1.160770044353866,0.47922998148989077,0
0.7996186763735506,0.5853932393670737,0.37097022930732904,-0.04502711902825504,0.4586207687875332,0.7857035845759611,0.7983858146567907,0.7548119382690888,0.28086775615750426,0.23327350203697225,1
0.9491592855573586,0.41280988650839445,1.1903047539949942,0.650929612481763,0.6942320639052558,0.1072434744574956,0.917210898123384,0.8989246709729052,1.174129270782249,1.3267581251833593,2
0.1081675561790239,0.20336565537779275,0.2677174141993939,0.7256525969008053,0.8904942767079301,0.24484952063260584,0.4645733820732901,0.8455356235798122,0.6146999751892757,0.2813561494008165,3
0.35861166899401753,1.2691387847416116,1.4884306767375937,0.7503104399312873,1.1229605491311883,0.6332225674350971,0.9743767862047609,0.6189489216801867,0.6829210981765598,1.281300304204057,2
0.7834238582484576,0.4033443816251404,0.8798477050669007,0.5952587513802886,0.7332053503746483,0.29841136623518477,0.6277531366832161,1.0728304083532505,0.9918052475299887,0.4190505345765189,0
0.5755753116008511,0.5312224384151564,0.014640554692864322,0.7295242517685637,1.0346101014860412,0.6779465663122838,0.06402032947301575,0.4795706235829217,0.7800002334723499,0.19102243085776732,0
0.13798000529557966,0.8498867153616442,0.2943726396545947,0.2783703151647613,0.5221916056176525,0.6405174240147421,0.6312357671953879,-0.07106326832689529,1.0283985262126125,0.20293688483075512,0
0.13055256609205348,0.3237428485708216,0.4529897214013184,0.3931083033174917,1.0243484253516175,0.6891090739342982,0.1643384280818062,0.9846082519249956,0.958711430639122,0.46023834914015316,2
0.9022580839211868,0.3881856961313474,0.7937420796676171,0.5481632254006286,0.7455048307142237,0.2560457888623666,0.6663173011322473,0.9939244701322967,0.9295612340990781,0.49307554638939144,0
0.23828280530107643,0.9185756374006859,1.0763806451643807,0.6384405192027278,0.8015699463713847,0.8808186426924741,0.9076125853343515,0.5561347363434569,0.8278337856135215,0.9106021055817719,2
1.0759365571312791,0.7922769543516923,0.38514728582771396,-0.1452010257345991,0.5189941466945172,0.26251053064299007,0.5518168960486587,0.7356713009732001,0.7384196211420097,0.9381032687074431,1
0.5399191361991097,0.8210685452602468,0.5279786218847254,0.36071528002879355,0.43039301611060476,0.8031517179978405,0.15953291710292727,0.8153791954030871,0.33684794151962144,0.3852484324156526,2
0.18752588972385384,0.6690763423767067,0.24946745039743085,0.14879803186056328,0.27336246105676043,0.5620011138067651,0.9206421237037511,0.10271847167114753,1.0129068054359684,0.25162993027763647,1
-0.08928064541641206,0.7645733148576093,0.3130254826517078,1.0369049856981083,-0.12124450352518851,0.5212972514869023,0.08938834752984895,0.13822829438524825,0.352820998695129,1.1173937909207234,1
0.9591166086399308,0.3975472647875824,1.042896428918769,0.1403268450379121,0.796668577097182,0.3186408870312344,0.6486197430593434,0.8118497989033207,0.680655266113804,0.4220488135580841,0
0.4945775265747821,0.6045153660213052,0.8726905830392263,0.9085827157053079,0.206649905406595,0.20578273191135887,0.248205407526939,0.6227020798110002,0.09239992038224691,0.2380180858288814,3
0.027233304926090298,0.2638141394165047,0.33431431253004146,0.2413589343473829,0.9414560282669557,0.5955211923341889,0.19555944420517427,0.859330337458385,0.8051461842313341,0.5760078740722916,2
-0.1646095467773918,0.2924265406513037,0.0023544603680166754,0.0983905093354297,0.708477486379943,0.3586750176472725,1.0725079120535082,0.1394948260109908,0.4478640027013798,0.8600366422631471,2
0.531674325106437,0.8031826017444171,0.533957624719284,0.3592161441467529,0.4378757507365351,0.7889869819962282,0.164129017699526,0.8158411830008689,0.3503863546911965,0.38773705799215313,2
0.11302943755583801,0.4789909130039899,0.3247029879847816,0.9597034644537131,0.5635536284381129,0.768480722013898,0.34008211317669357,0.08816659253287097,0.21629758549260816,0.09112355868855082,1
0.9005202522888351,0.3017747038970633,1.0324160241413969,0.41661002898743604,-0.04469763156869033,0.40401407191915,0.723571528188061,0.6177094340863426,0.30581310152283714,0.11466873529305051,0
0.24526898254013912,0.24863123356195596,0.8430867181438977,0.17946325801159674,0.8187241223131095,0.030252011623932568,0.7544480564983604,0.16014823180961577,0.2556329248961661,0.7326346239611685,0
0.249883881288458,1.2573198652518216,1.2677509762645873,0.9428599852606211,0.3510569363755464,0.0025514338049720253,0.16016977544397853,0.8328176918735071,0.35317335799690464,-0.020448801831403615,1
0.08473415319972083,0.8056107506028231,0.5120904190922656,1.026789262550953,0.4517548011726243,0.17965007294436278,0.9562849432771774,0.16911007473981576,0.3400591909549682,0.7043556721315013,0
0.6908247623189735,0.41354793404457263,0.28063297449473623,0.28470482539871245,0.034768017116631716,-0.03964579400335952,0.5505747338485999,0.9650839948858719,0.7705494468499094,0.3524076498779948,2
-0.4596886428180835,0.8571866232488186,0.6804757997050536,0.4234921044115181,0.7271180521766138,0.7757758194967616,1.0191195299720477,0.2599284924017522,0.31917440615360526,0.8967028634086992,2
0.2796152483506089,0.7995689317966587,0.4665572185991611,0.9055435842024612,0.5379689183625617,0.12065980371300498,1.0518018138414045,0.0838764201284942,0.5997426746728551,0.8174326229808889,0
-0.020235384862617445,0.40963447172354,-0.012269374373932052,0.14012250434743523,0.8036296897261818,0.9399649582000013,0.0553591915878906,-0.4161676997167231,1.1531150361424496,0.32571763356732086,0
-0.008356969023191566,0.5933989178703539,0.14884466418592998,0.9234684346692836,0.015894419974897284,0.3917652287384431,0.23145131072252928,0.2131518917572951,0.4802362863816878,0.8808608875981119,1
0.5501100155568242,0.2773357270331877,0.0671345366508532,0.9720375161626031,0.40804870428433954,0.7963688045655092,0.9859095532584691,0.6504084993480455,0.5303735877465755,-0.0018759336074706222,1
-0.19960041553361924,0.16004843963381674,0.3301254160345548,-0.0343637731369239,0.884588903984483,0.6288620250354728,0.5005862871383906,0.5987494657631169,0.9719528479618991,0.2500036056683073,2
0.4850016994023329,0.7449879938108906,0.9000996217657297,0.8252133757864961,0.6349666824935192,0.45985811385552966,0.5360324876435161,0.30085769753674596,0.22161258506178946,0.10454345671411605,1
0.20204357083079555,0.966882722846572,0.492855960817943,0.6876110165571816,0.8287595794755332,0.32638704645849304,0.7889856412630311,1.190110577731963,0.4121197732269713,0.2956880971254369,2
0.8287442222028993,-0.11890477049545661,-0.053824650868656454,0.4901521914138187,0.10533317714549115,0.3060021927560709,0.5874384721186574,0.5236605953432547,0.44144091704487337,0.17554524287992232,3
0.004728201112006607,0.1036130412735781,0.630451186265673,0.26718609666485427,0.03201622367134956,0.21804398789501309,0.5726667175168518,0.23340353323079174,0.6832133058834166,0.7724283352081978,0
0.5335448047240331,0.8047987858259457,0.5331905915911334,0.3598083680814384,0.4398393925358991,0.7879466174573614,0.16277490591468952,0.8153814310300112,0.349646643934722,0.3890034617033372,2
0.8150634091225923,0.17727763831973495,0.6146949045860823,0.09827562048511927,0.5309578755053083,0.40344475526261564,0.22627921286038055,0.9461560504558308,0.9176623866472322,0.8194392802396921,2
0.16717844089609327,0.20259326052381846,0.8277735353538014,0.19282816408378312,0.7613796026564478,0.07931044096993628,0.7662562959286422,0.0760515128497613,0.28054203315142584,0.7551838576511078,0
0.4398691254654828,0.19561555804399272,0.24012527839535477,0.6806224139502582,0.25382690617303916,0.3303104535810786,1.0115292922802064,0.014319209227722677,0.8610672332423216,0.15760311844015065,3
0.9133847983180554,0.2742464462232006,0.9482338304822397,0.4752284574082829,0.5451148535327714,0.6578726913952256,0.20537838913656584,0.7031620532988538,0.831595146887999,0.8243650790034079,1
0.899170181148465,0.6197288015481806,1.0571401605996544,0.4338042119520351,0.6565009861552804,0.08784402885196785,0.5033753358056452,0.807427313815784,0.5581727823408942,0.3487859001578534,0
0.6951250610297899,0.2445712327208936,0.23199550199740232,0.08156871839058241,0.8201633944961605,0.31105806659998325,0.8760515256179424,1.178222544980584,0.7649982951943618,0.24109177704606805,0
0.26850420666411,0.8984772046799044,1.0207905749920598,0.5099979276481992,0.8267232347434086,0.88319021437183,1.0425084322283178,0.45671627201238985,0.7209465858112045,0.8384358824781075,2
0.7940873250049221,0.44213706599678576,0.6285816271781303,0.11429134520529045,0.660821401055115,0.8537573547282218,0.5933642966469375,1.088143653583411,0.14396791925718033,0.1796256366599337,1
0.4205296956408659,0.21236507734377164,0.27714388740271584,0.7560371151878215,0.24734960733065167,0.3176894255276973,0.970931755766694,0.04315004844843026,0.8044587557063444,0.19576518616845437,3
0.24761367460845307,1.3740495607393146,0.04517559495983359,-0.4567098246593233,-0.008982514707682313,1.2220886036018275,1.33621542857232,0.18967399778367589,0.35696660379219425,0.9231681396046283,3
0.5721597043090795,0.7459626284135282,0.8385714401158562,0.9418444614046431,0.6140018717820046,0.3966383508913929,0.4122437196331369,0.37121199803979493,0.21143726724899722,-0.005554791248026561,1
1.24143555141369,0.7542877532116372,0.17515955828946606,1.0841701949191007,0.7652084347290248,0.31754938373544206,0.2696531401983375,0.9722455595198889,0.968001956895438,-0.2899184920281088,0
0.12703123601040792,0.18001348688889435,0.2818978931385391,0.7343271777252278,0.8701129813326911,0.2613830519363558,0.43682761510645185,0.8279753090127734,0.6465693115022533,0.28454057480791894,3
0.16423313054388902,1.0095155940427354,0.35457681058335067,1.0328388193881217,0.6270021068607927,0.16313844951992104,1.0208468477160149,0.007610000704166321,0.29865808196495036,0.798206811899281,0
0.2926716194991603,0.5419284722649358,0.195365428011832,0.571863847076173,0.5410758486575321,0.5777094438701829,0.8438332703780951,0.1311525827380427,0.9396118301136654,0.36035043500207287,0
0.060695412568233534,0.24455401706352883,0.3039903519885374,0.6773044897399624,0.8500417748274538,0.3149746396520205,0.4461068371965881,0.8824029285604956,0.6081313403026618,0.2809843160902329,3
1.0201807076497653,0.5409662885851713,0.7864029149849138,-0.008149432286374714,0.3116220064099202,0.6926737930203837,0.7511237956462851,0.8372075335570378,0.15850112928932727,0.1516126995626298,1
0.9073018410902342,0.513380922142271,0.30228521312563106,1.047757833538276,0.600173457736659,0.4332079658997944,1.193222630455657,0.7325175967705544,0.9198020580665814,0.4775158355565794,0
0.10885060136836368,0.8504862407536322,0.8207161098829168,0.8122874843479813,0.528800209549213,0.7763416527486553,0.15072311840480265,0.838264865073348,0.5775640383755832,0.6106570642444212,3
0.4461689253442023,0.7205811445819178,0.23469099487496956,0.9036220109483543,0.6370495688939127,0.17297555705925588,1.1250855957493298,-0.17720019613990134,0.19879865008166925,0.494459465895171,0
1.0881860956325968,0.513482913130904,1.1779996000033743,0.8298731222650273,0.387000022900626,0.024956412686336693,0.4043146763085569,0.5203598210924719,0.24784585714157106,-0.39567019671147374,0
0.9821212596318154,0.7121631436166923,0.7478508637454089,0.5056808963314476,0.7308878069274151,0.6784407470641182,0.1962018218989334,0.6916874319020868,0.5475493343736496,0.602886650074687,0
0.7970706448471012,0.7829582054188774,0.6238674817522528,-0.05067325719367362,0.5323895183546612,-0.07228337797443456,0.6143843234586062,1.1707273648920644,0.8014492265998108,0.6590571109709876,1
0.5504722546404968,0.5541020089254787,1.1014334740078324,1.1267649478203083,-0.030206134727792017,0.4639759902122491,0.03221676877127447,0.7556709477410692,0.2214789650749936,0.12660543229463872,3
1.2240401681001611,0.3342352236563415,0.3629042382853035,1.498453139439571,0.8239756877314707,0.9615180371258126,1.4235201396880555,0.1511082961863488,0.4594963005038175,0.03752032399438199,0
0.7184762767558551,0.29110098645182303,0.4753003832667053,0.35094250574852054,0.2107454107849903,0.20061944983310936,0.1456833299480213,0.7893280652578801,0.5959890915814368,0.6542694261602068,2
0.8016378154832882,0.22803185803701548,0.8856641085979359,0.44061060865788115,0.6556612786325069,0.7170474997086176,0.292977693570608,0.7611052723846068,0.8426736236115412,0.8356875410953505,1
0.8629864333215819,0.171316821946588,0.6829600969962962,0.11053329682317506,0.5706148982276847,0.35099445743566116,0.17749452968537427,0.8903756113279453,0.9698015045114854,0.8366067270311989,2
0.8459177450397075,0.1502007086708858,0.6425674463944254,0.0882301197841954,0.5301680362912433,0.3900853242180685,0.2065575584598208,0.9304256275255792,0.9353325942023004,0.819963550964366,2
0.978805941409296,0.3378822012692067,0.9081018056886696,0.2794662713895571,1.0674564562985625,0.41109216047091307,0.832243869333856,0.9542696078986181,0.6027112120966556,0.6313335324739942,0
0.40272709348107494,0.07827589182094839,0.6317916621810316,0.2581841606760753,0.9878778690781079,-0.03614376409913766,0.5834917978347873,0.8244436959849611,0.812950061767719,0.09986735616729489,0
0.6987283019911954,0.6987634056061955,0.8680423629468311,0.6018546163436506,0.6608708740055272,0.8766120521660757,0.08597213862450212,0.7843952662466129,0.794964149849737,0.38066955958102855,0
0.4191718632160207,0.4464192860245767,0.07417037464434947,0.6182068268406717,0.5958377489768641,0.8131134056572195,-0.02014786972865544,0.45972636260390276,0.9701034765590706,0.2935433119431738,0
0.10718910582863535,0.8562828804952677,0.8162176347958331,0.8120513604402898,0.533551553812059,0.7815480985144417,0.1526254406884311,0.8372141143622527,0.5754907556304226,0.6056871299365681,3
0.5275394430554147,0.8047630633368099,0.5392679990631696,0.36435403906609,0.42928097347714766,0.791407764405409,0.17149383492358533,0.8133621252163643,0.3565348272889194,0.3813944625379639,2
0.15230548176142233,0.2859499613575125,0.2089994976757485,0.31510453725756615,0.33172082296599276,0.7535824163332084,0.39580941487384746,-0.017290272005583238,0.7801482242878847,0.7504183561976114,2
0.9278270559753536,0.3740025606772671,0.8379593428720813,0.1847382734840929,0.9963613084738137,0.38278918193987327,0.7520780671330028,0.907775919011915,0.7037824718617195,0.591263157245673,0
0.10339115146339528,-0.05614154021420799,1.0109317580814707,0.18372018750732821,1.1557168650117353,0.07627045439626429,0.19056515126514706,0.6337082666415264,1.073416270970179,0.13104844905558485,0
0.4114036275395551,0.21274367494083435,0.3209005176056733,0.7519003234691639,0.2518524039843104,0.2920068137912144,0.9631881161316126,0.016707312731716623,0.8210908156049185,0.21997687601186844,3
0.1611118641080077,0.317619423273812,0.38530675818103866,0.2994979416398299,0.9019429414052725,0.46894760813588754,0.21529652487844556,0.8794076013838438,0.8891109122693481,0.5452700111242019,2
0.5733656272673435,0.2824474298723188,0.052733916265803225,1.0056682900530662,0.4539772497154224,0.7543706223553737,0.9817058199178376,0.6841594708665784,0.4811515060732104,0.05189090312195135,1
0.9002263149889763,0.3970396960638892,0.8255745126878732,0.15818067535941777,1.0041174366697796,0.4242308780508792,0.743800398912638,0.8602032904506945,0.6802905209697097,0.5668256917519453,0
0.8082370736511079,0.13996258619660318,0.6825889390185533,0.3590275924723937,-0.012779242051413703,-0.08108900817712306,0.15180702649919559,1.1019748900282171,0.3451503932275909,0.5817661489920005,2
0.7336108819248747,0.6870060611191899,0.47101054477765386,0.07812835497426798,0.5965937658049897,0.009922665054465096,0.8764588149034207,0.9509231569332963,0.7301796702345522,0.8124974298806998,1
0.8914379499474551,0.34097327451523163,0.4240542452433847,1.0203286212372105,0.5964754864169992,0.4340765846907826,1.1802914045598671,0.5292684968279474,0.8827892843296568,0.5477941659585972,0
1.5228120240088772,-0.4377354726424845,1.0646053055232108,1.0514213573750437,0.6953582701254551,1.3386018900917824,0.8335248478074068,1.108607097721471,-0.4031856297654254,0.8125884407315631,0
-0.155871597650487,0.199931676616787,0.4703552796637538,0.4827187009729489,0.8290519351796684,0.648370303040269,0.17398657096451225,0.7531723603722087,0.9399677109750996,0.5254578346509062,2
0.4768438751376235,0.5141060686074641,0.27118265613911047,0.5974169841491817,0.8280608504639497,0.9357261266262448,0.05112911690186665,0.6981682148456017,0.9231225412614258,0.11777557050217051,0
0.11179502442001181,0.8561106251183422,0.8205091239173976,0.8107668748023175,0.5343145190609264,0.780409598515459,0.15636772014641437,0.8355297584799427,0.5797781819759156,0.6071481523367345,3
0.6117607458724956,0.5063403916182795,0.30988467760718963,0.47099799515895513,0.8381265122276684,0.8816718657706121,-0.11995346212364641,0.8508403560658508,1.0551645136440067,0.20765161602300938,0
0.8803847832517018,0.5613817148358184,0.5603973393128284,0.16179147368658076,0.5648245020262013,-0.07464772730836734,0.8314368001344739,0.9063544435018318,0.908490426966342,0.780736707310416,1
0.4265612513225398,0.1747902199914763,0.774140780713623,0.9572262040843263,0.2686456008490483,0.6961506505681483,0.2715615486276085,0.1899586046943011,0.5975788682672688,0.43320711128889045,0
0.48842190568692523,-0.06899751847746087,0.7368177053516118,0.6317499058216668,0.5597989234828368,0.7338359317081614,-0.08086858772882563,0.6698180388710872,0.5223710921436703,0.7919386989085418,0
0.10500407058588349,0.20914191286106135,0.28847489164182594,0.7154672036967414,0.8671319985928189,0.25280261147306465,0.4487494595793289,0.8391816589364351,0.6626254078193823,0.30187766598604404,3
0.21062993616649184,0.9928323721291048,1.0267450419667672,0.4205211595910341,0.8315138417629575,0.8261074226241524,1.0332070643910463,0.4375720521594608,0.6205213572730217,0.7092352584818221,2
0.8370801649815929,0.2559908795034021,0.3119082933257168,0.9193818434913567,0.8164281183066525,0.5161146146220954,1.2735236602588051,0.4507279034391536,0.9224859157264113,0.5975203452726691,0
0.475364222205491,0.01867687579472778,0.9503076588942014,0.8812110955700481,0.4038075798567895,0.8287802207278959,0.13780823703986378,0.03231857498069465,0.5919707599682362,0.6485283287455192,0
0.08918495538283645,0.469305431416669,0.3015399326034651,0.9424897565873591,0.6168698144405881,0.7921007326622982,0.3520622829041248,0.08149759635183784,0.15362218214438006,0.05700699936364,1
0.00429450606929746,0.6338107498488796,0.5049740405988116,0.6462590695264195,0.24096711176544033,1.118593773145401,0.8772136591017627,-0.2885778272536488,1.1358385385077114,-0.028057809187417487,0
0.7473948293137898,0.8224473803690826,0.9714011052756102,0.06520671215694923,0.8744547906941044,0.9751788612798399,0.2763145620229142,0.5525883624805847,0.2641544795245778,0.6027445890884089,1
0.7845679510760185,0.551491708665605,0.5026202213751525,0.37120436443408755,0.25408329623583265,0.4325201437454198,0.8600415179943874,0.5045095874846669,0.6914170214952636,1.0088331793915124,2
0.8593479115976512,0.15142068511106063,0.6449272081725085,0.10673160816972353,0.5152937215937784,0.39086495624080897,0.21964347990996308,0.9358797403009366,0.9173827976422293,0.8102794151590811,2
0.5273860621599599,0.8098487123150785,0.531362180978261,0.3568522139685146,0.4362469918987374,0.7858892955789318,0.15939640183522777,0.8209294268573121,0.3505119651251256,0.38262562841548287,2
-0.036095468521079685,0.6052722546384176,0.32127628816660586,0.14234058387365323,0.6780961839002015,0.5193973868332045,-0.09533576757982237,0.9422997190680668,0.8834879705633262,0.3860972490058667,2
0.22353756667249913,0.16045949957845063,0.1616947199696887,0.11459601287010701,0.3520919895246998,0.6039863255199531,0.3928788863156466,0.011425568972845537,0.6525296625840281,0.9266501107913627,2
0.8099642796634489,0.7638922282230812,0.994521841215562,0.7024910279378552,0.7229734533328361,0.6914842379400082,0.11765766263140032,0.8523106042948166,0.7468904142231361,0.37575620334491777,0
0.2874838215270141,0.8042056594492072,0.3751705875907061,0.8125557754449301,0.9094313170325682,0.24784720289118445,0.9217212209530544,0.982527572893422,0.27079105349133586,0.3377834786249855,2
0.5064630941886343,0.16363790322718996,0.8111147443601324,0.4024584195396207,0.8412396946024042,0.02290372249275232,0.7562194960996005,0.7222196550008733,0.9308446989221335,0.03773778774951621,0
0.05635741750534714,0.2882829246085839,0.3426524388141845,0.2710019979786698,0.9683268572430126,0.5689046241062776,0.22417636876849065,0.8693881950148685,0.8285172215810233,0.5608660378258502,2
0.726341646181583,0.70037761580551,0.48164677617697943,0.15247554498482024,0.6123790500747908,-0.14065488564432355,0.7780405572360325,0.9331605159397354,0.7620773884831009,0.7445062687061127,1
0.5375172061322502,0.28471788215695937,0.07172103232687763,0.9711136680750012,0.4154780590163495,0.7833453930790203,0.996292369876338,0.663266489055606,0.4989056378303607,0.0018753936893722341,1
0.43392611896246525,0.4981165478104139,0.22897247469936635,0.6654812726814543,0.770220727474914,0.9699590407893681,0.06388645915472557,0.6938490037244341,1.0501226312764123,0.17953146345468007,0
0.8631207919167516,0.3818465824518062,0.8002819673019382,0.5642247532750975,0.7166998761737056,0.2809338093680767,0.7364505650554289,0.9842445340773078,0.9904728785279694,0.522883285777855,0
0.8227149902512466,0.2664467274796434,0.9379676491049279,0.27631073599351613,1.00895607819365,0.46459915779649325,0.7595082661811072,0.9382338279617001,0.6180420704172193,0.5541558508875338,0
-0.016635320836167422,0.870436284353683,0.8019579423456394,0.3779983861401517,-0.041938780773800574,0.2565036352826451,0.6758187515034737,0.8637642237663323,0.6158731096312049,-0.01665427750504969,3
0.10681305842417987,0.4586976066984348,0.31060236086739984,0.9522067287737652,0.610139401992285,0.7890622040847532,0.3492383617127983,0.08499273927434398,0.16461070334559105,0.069444406562619,1
0.6984537042015142,0.3413261104359168,-0.09232873336861948,0.6570321870317299,0.4806024906626538,1.0085227638465954,1.005563171556504,0.3277438106523034,0.49287242442461676,0.5034913865317919,1
0.7876683855468183,0.6220896219774428,0.49711804036323354,0.038753197001283705,0.5062255182757384,0.04110520423235877,0.7993637262177006,0.9510121854052405,0.8099620357627049,0.771985024244649,1
0.365580889925636,0.9284303977819934,0.9283811787709154,0.4631034119630599,0.1599960654319732,0.13274026184738297,0.5018119383890209,0.15367503574592528,0.47572085192263697,1.5409447098629718,2
0.16405644457863344,0.2363575605618582,0.8257332398390915,0.2105406052187622,0.7721140894920783,0.08441156637017737,0.7990255813790543,0.06949155865854637,0.30652438709711644,0.7931068848408351,0
0.9502548681072852,0.7624910738381473,0.44903188400069904,0.40048855978279363,0.8158192390356858,0.9662659124484018,1.1248073625790997,0.7526098091673881,0.5728593708463667,0.45189638525727144,1
0.8613971438295859,0.39398787508006483,0.809250919628057,0.5569397112126602,0.719588219651034,0.2809401583713156,0.7213005668569238,0.9861134839856045,0.9927085265576981,0.5247273087634022,0
-0.12807059796436016,0.35896722479438414,0.8762142247508106,0.2834285025026258,0.45371915513213235,1.007796825810778,0.5236919073751694,-0.040567932662035705,0.6030619821087553,0.5413373436766695,3
0.8344688157194688,0.6536161495918482,0.5394202123730568,-0.05638455765950548,0.586400777440226,0.9824151411097162,0.8185249800916956,0.7292065856476044,0.3664302593757403,0.21258642632537367,1
1.2608510039720584,-0.5571401970456091,1.9010064384554162,1.2386298892385397,0.6871531486220458,1.6938476917205842,-0.497202811498477,1.8215221759546676,0.7855476472644576,-1.5763783177927726,1
0.9529089194061511,0.2583432152375203,0.988056339753769,0.4508250032115896,0.5396475355149646,0.6061822797831697,0.19990435456357558,0.6708216065050825,0.82153591592029,0.8976426700700484,1
0.12825362808889515,0.12602904538210385,0.30185849095566386,0.6847664115908899,0.8672768116109228,0.17900968998970307,0.4416140278920359,0.7766154281326993,0.6858709135270838,0.24334158791903207,3
0.5324525930872133,0.8059695682412674,0.541241221789498,0.36649209832598556,0.44005953508380485,0.7967427452400118,0.16974143802267555,0.8156355812654007,0.34952105549253837,0.3849337317439363,2
0.5011101689719571,0.053415310763491715,0.9830108946721036,0.857543040368503,0.41749488882870966,0.7691163796340439,0.24694869497908,0.07304854368855364,0.5673707688095808,0.6577910448317015,0
0.48889896560829793,0.8291967058602,0.733581402474419,0.725867340248715,0.278030795803088,0.2733327257246152,0.14163125166732463,0.8227690635644564,0.1625640479437201,0.14845994555863956,3
0.608155058749603,0.4033367766561462,0.8615386801370271,0.6840535831425099,-0.2828636745605588,0.03309889505842961,1.2557189885706577,0.4083003426896749,-0.19304980215256173,0.40705083730116665,0
0.8798295447497977,0.3176652366681377,1.030496185688501,0.44064366218258055,0.4984278275482414,0.6056932102946297,0.20566688770922592,0.7260389811460616,0.8257452184658106,0.8640238845122614,1
0.30656517489926244,0.8832341217352144,0.3803025776420815,0.8068377832787021,0.8348043787736633,0.27829791707320684,0.8816417274737822,0.9813376897162737,0.23992140679368212,0.3740697752671421,2
-0.04344192557349158,0.47857768343790774,-0.09554125309186076,0.4440563237409462,-0.07138068941401748,0.48093558417485865,0.780468706439662,0.07053425301486137,0.8516522418107257,-0.1162331747222202,1
0.311313385220714,0.30289973999956876,0.7758245477679389,0.5332696056580031,1.4308007187720726,0.0031333511103388283,0.707268869104179,1.3875231845695333,1.2472656213406343,0.1356611269913711,0
0.9046694833773221,0.5611740972676578,0.6959384449780576,1.0710937586138245,-0.011288939261621694,0.017821491048121113,0.1810808109861738,0.5203520480241247,-0.4151387951942792,0.6178979473203101,3
0.6699151381020692,-0.06923997912694418,-0.13829618378178576,0.41420646920520976,0.6152462023575445,0.26980920804577274,0.5354337500377186,1.4128592008063794,1.0261663853475207,0.23798360864140178,0
0.18570854928596411,-0.10728948088289691,0.39405909313447957,0.20429411011079024,1.0986146619377586,-0.012052045312524413,0.925252676408706,0.6992773519035627,0.9261363719775412,0.3645293144006707,0
0.2116445574122489,0.19546914981478683,1.1887530763384737,0.8953725159749649,0.37861647531095355,0.5352528261280333,0.19109394187243423,0.005594589337745523,0.6091654512130082,0.4389199241084455,0
0.9868641843208702,0.755889673300431,0.8737294385040735,0.5772043287925245,0.6753307160029636,0.9018279025148661,0.2040618086818422,0.6229470654813309,0.597038699808076,0.5089402211270501,0
0.037940446466601094,0.805522602277488,0.9211531024219768,0.24442197654367603,0.19412464914033997,0.25536832534145393,0.8172413012476668,0.8802971407840992,0.6826262832617408,0.027113160542275833,3
0.001240555580247901,0.11625477139591857,0.6138792364009571,0.25207265870584367,0.022081549997854902,0.20938052889442454,0.5736087877334757,0.24523263787881944,0.6971579671530156,0.7721352201453294,0
0.11003833493394743,0.8568785175145076,0.819177034444707,0.8093562312191177,0.5316613071402664,0.7798582196673617,0.15448787297600428,0.8351098834503462,0.5791741188655555,0.6059759572831449,3
0.9081302088072079,0.7462811961744311,0.8354948963791503,0.5426468482383663,0.7578940974997461,0.932464545844073,0.3314322794466279,0.5343311010136222,0.29398660703467,0.41512798386861716,3
0.6862681699606137,0.4275239869867642,1.0539158705231082,0.8171408136722281,0.43578697120795623,0.375626195263466,0.43053088799377015,0.15126267843183844,-0.2056105494717741,0.17404372208817662,3
0.4805851082834148,0.7341364465801511,0.7241564989045617,0.8494925675606237,0.5587480976392056,0.5485477300648955,0.34156132259489924,0.3079736449622501,0.10358799503891293,0.1450544622468719,1
0.1171130799644158,0.9045635116816584,0.6623958273245846,0.3081502298756055,0.10813054810108866,0.5207111711905805,0.5082965516326794,1.0430150023962732,0.7955739287531097,0.24179911514778013,3
0.7747299691441861,1.3517436452510814,0.9011038757806038,0.11058546394892979,1.1910008627967077,0.9223612984852874,1.8147003145969767,0.6205637983047724,0.5561711373462624,0.35853666756764624,2
0.6938966325074297,0.17236284434427598,0.127250430297219,0.8793656091850832,0.33335334083628954,1.061699423391292,0.937958520615889,0.5207702882264822,0.6284430797755209,0.6449376653807574,1
-0.004102292830569295,0.12152080020419463,0.6422933593782937,0.240541455030149,0.022995813892066917,0.21012957727277723,0.560849211020284,0.24745730587349274,0.6682660447622152,0.7765725435624363,0
0.9660300754303062,0.6551534675330227,0.4812828408800448,0.09808847514394341,0.46617296816517084,0.7875301997707725,0.673027853125348,0.5883590037749885,0.2581052991875532,0.07684035525836908,1
0.14500773633584232,0.9515167794120833,0.8969772566546614,0.2227059286359816,0.07294619429730002,0.3171234752561272,0.8847056989332739,1.0447373659345685,0.8186352434352945,0.03114971301033166,3
0.10015203162863553,0.6132478272808205,-0.07657273937287314,0.24116482270207357,0.18402947707191897,0.5143246733163842,0.6173533354658255,0.15767409588181588,1.0650059083178947,0.0863325603067936,1
0.2910108033183336,0.9205040333898242,0.40275462223087166,0.7544208815663026,0.8006004427624929,0.1745494669550397,0.9441788428379503,1.0714844246671638,0.1584558933546745,0.4258745416633296,2
1.2811504942323744,0.7932741901408236,0.5715081189803218,0.3177053160339826,0.9512011666668656,0.46813778797576383,0.5816782932744923,1.3235753803207306,0.6295055145921604,-0.08245463992927216,1
0.30875990600545955,0.13473773017772628,0.6524433827968023,0.8583903978876762,0.762246555898151,0.8671271132215755,0.558373486064818,0.22520310147142708,0.5244694817261332,0.744628958166613,3
0.5871100661238611,0.6805272292231029,0.8019450371976526,1.0389203012482429,0.7122412491978969,0.5278871941391615,0.5048303791353197,0.4373880329809717,0.25461872235333977,0.15806109960366127,1
0.6140201109359799,0.33415160642245667,0.09542853485135189,0.2957601991717712,0.983831701728666,0.3903962445023926,0.11904779146436305,0.4265667175532686,0.44765618041176025,0.5561143989358626,0
0.8986273404063936,0.2737752567901449,0.9481306998500105,0.4181264655268671,0.5199546875031013,0.6513258278533526,0.21791933176231634,0.6910439739194069,0.8485482150425457,0.8489577161589833,1
1.0793445471010035,0.6492301190083363,1.1760461783510499,0.5061167707730483,0.017791571983795954,0.13024807087876747,0.5825989216993687,0.781145443883188,0.578575850579292,0.24588140742683698,0
0.11850736685925997,0.4653475097556428,0.3065966172005805,0.9474408836167488,0.5964493625425911,0.7774234583455367,0.35062062870118005,0.07157514516521418,0.17067412974695836,0.05219881381775767,1
0.13537093461245298,0.8928676730112332,0.8921138947416388,0.5404394883310724,0.41855466514847095,0.9029558505980957,0.16507303784179866,0.9444925072662912,0.03690603154346668,0.24673505356046074,3
0.3495757032058866,1.0649055214409282,1.011723719899653,1.227549230254943,0.02585117292184025,-0.25512522893406314,0.37762007763462224,1.005800453392486,0.21699844479486946,-0.07070824149756089,3
0.8344488637127532,0.07326014046458315,0.9176179227760989,0.5200817572031069,0.45660242183642696,0.6762702605069143,0.1996676534165639,0.7839413215384192,0.9512609001076554,0.8194194999868547,1
0.28929378903439945,-0.5174700370840816,0.5350726558580569,1.134019719073076,0.5080164725599634,0.28764276904254826,1.6272861199929265,1.0068672804839038,0.56213755737626,0.1436100953683931,1
0.1024052246902019,0.8705737580729106,0.8136090301190702,0.8172578741324346,0.5296356076155915,0.7860846186557783,0.15256691313536644,0.826513541230811,0.5787938737088251,0.6039114048174767,3
0.31753830620324586,0.8624378151841331,0.6292169801581436,1.0528029721719745,0.5574634392762392,0.3026733191460034,0.891035728392642,-0.12180732749849826,0.3253031411079841,0.9619437747846009,0
0.13300469511314653,0.7631830496279844,0.48986325017182714,0.5477462110062824,0.20167476638326975,0.80707624183393,0.559672177352377,0.6788992986837974,0.14858961998260065,0.7863701288365771,1
0.8447668321745412,0.38871681863144425,0.8086483584751502,0.5710428686980356,0.6871932792758956,0.24704436347401956,0.7297328861009981,0.9787619559141331,0.9958420325854606,0.4900605160719565,0
0.18449629913343177,0.24434932637438328,0.3412055543409757,0.17232155116675757,0.46160949031968657,0.7836397582057374,0.2719430730017739,0.07447344726900812,0.7288685566007069,0.7430817269179234,2
-0.07328864965672831,0.9417629997302439,0.8218351340368661,0.33354606770750866,0.11714936487126004,0.4640568796018031,0.8074447627164613,1.0643484161087728,0.7395095348844157,0.12737668570511657,3
0.6672146002707737,0.17877944483308544,0.16495732513195963,0.6377500001519796,0.4202118336586128,0.8116067631753743,0.35288192293999754,0.8899518802993968,0.1243922470983716,-0.15777667861441813,3
0.8842050883957113,0.25241977646864094,0.8639509885779143,0.3985559885337801,0.4592450037966874,0.5706326696741565,0.11664628521658367,0.7440893447781343,0.8468933632432306,0.8612809071421036,1
0.3168448562352214,0.6433624172368375,1.4628082373053828,0.03950471669043698,1.1377419805040412,0.8596369778401278,0.8267777523324655,-0.0022106635446470513,0.7621588170745021,0.5531722405118877,2
0.827017814724289,0.8284256602460652,0.8575205298540245,0.6274164716197764,0.58037358560234,0.8000101350005127,0.09697979668741052,0.752121686061435,0.7013513371154001,0.5130253403821784,0
0.8626975760985334,0.40867766203926353,0.7898465845662587,0.5852258626127192,0.7144748797263093,0.29581458436985,0.7438965159333789,0.9702043641532235,1.0184839354696782,0.5395173068559143,0
-0.03478696802213138,0.24279206703273545,0.3760941285707501,0.33328768060969716,1.037270756758312,0.5823099172934535,0.2740336742296741,0.8004164146904107,0.8036626086691465,0.6297668637363584,2
0.1774311388442653,0.8727399254185749,0.026690355910317543,0.2515356202568075,0.6219868183774561,0.7281091037948396,0.8333624144764851,0.11044169727957759,0.7943237336898005,0.4433861287211591,0
0.3122653611364231,0.12041864032024135,0.621770317217022,0.8569982459283129,0.7852484064642411,0.8351602266811834,0.5706977677622388,0.23255698007332637,0.5545391794631562,0.7202564419266261,3
0.9961259817077324,0.7538687611399726,0.956849717614886,0.46128867386279376,0.5486699068160032,0.958442579200903,0.21236246675140613,0.6487899468823136,0.6235273752249266,0.4324941064625619,0
-0.2324280346557221,0.6500058689231198,0.6508620972902391,0.08361037873719812,0.28156679345280133,0.4737577391120611,0.5068491530660664,0.8468575307259413,0.814578665725779,0.06041417125467542,3
0.7363022468135845,0.37413381166372967,0.6117630549039017,0.20682038253370535,0.1429243951707109,0.5550813167405683,0.9091599248269845,0.37779105965509835,0.7300277498588568,0.9479363232337582,2
0.6035033453637849,0.6665774338704946,0.9762524034814003,0.7749171552444507,0.368776696640341,0.3583372259907459,0.3366777721085835,0.4577528467233839,0.10432518858039926,0.062226510449304495,3
0.7790511735363786,0.3934484700396019,0.7898866442746607,0.2248169976634956,0.49006247813705317,1.0404065690934992,0.4026565290957511,0.9465069282735331,0.2809756462450211,0.23111734724754074,1
0.012315825411384596,0.2543068806775988,0.30001587633348603,0.7339036737859491,0.889429303365616,0.2528833180946921,0.5315628541730861,0.8264168530269173,0.6224762269725406,0.38714303188119054,3
0.13898081660524275,0.17074651279089867,0.28330756920176586,0.7043362336051356,0.8595182838504106,0.24941403171464924,0.4294492956381506,0.8044926025397953,0.6210307158473206,0.26554093577588905,3
0.7577241934990796,0.7084696424255771,0.4242689172605914,0.017980316131254514,0.530596922946677,0.10413067176787126,0.7818344934996461,1.077377757251928,0.7303431020355653,0.7405398449118814,1
0.657540071359238,0.8062811844193766,0.08367087722328859,0.7114223985529796,0.5330659216663376,0.4144454079406093,0.5835960657104444,0.04094833872980477,0.4626789220147401,0.023962055807665725,0
-0.5950887740220591,1.1807965024103522,0.6761221146688372,0.08512413727463973,1.0892422040319625,-0.09044723894507922,0.72735704647417,0.33105505128221185,0.1716706902469805,0.6222138956772951,2
0.30554624458754076,0.8721970066523643,0.3669940340666784,0.7737182714484322,0.8411152134885864,0.2449275248126233,0.8787763060313806,0.9525584754158611,0.22937563687372414,0.38940510177390325,2
-0.3711983622584672,0.5104477383808816,1.3715219937673933,0.18933099521533028,0.5336264529708105,0.06630030692182293,0.9410973984305091,1.0905736812676106,0.4413238968481776,0.38117330830150886,3
0.122561845817279,0.13186319238904048,0.30120744448543535,0.7706188009543946,0.8618832730113487,0.2520881324638334,0.46025141679310333,0.8445648399820473,0.6023103992405728,0.27972920514127136,3
0.107326397600644,0.850272284248368,0.8155027392507612,0.8155860587063952,0.5288480101599948,0.7805624007243518,0.16074382174679536,0.828547428458967,0.5744911202429757,0.6126585424137194,3
0.3491488761295348,1.0546912894516234,1.1691018732407756,0.7731688527860119,0.07397483316185607,0.5145221999210856,0.5298329512120674,0.47660861172889113,0.16504002044036153,0.6100216662754567,0
0.39551845447355494,0.038099895159820776,0.5687892149039937,0.7997386952713943,0.6862861422520942,0.7891384002135846,0.5536698098416465,0.12655894200048484,0.5974981507983894,0.7297891354361687,3
0.16260196590523868,0.7481995675698893,0.5088283835408739,0.5964995659699968,0.1637965545816406,0.8786028058937366,0.5180094819962748,0.744331725645926,0.11310113465927542,0.7053783645755619,1
-0.21397903305990423,0.6917999804884841,-0.03761914139530953,-0.06388975608233882,0.5586785501810828,0.21212139145476067,1.2686206537322244,0.3978928655368372,0.0028658191078627104,0.8609591549008361,2
0.3094008038260361,0.900284046212376,0.7367432374644695,0.38787201094226825,0.5948851266259556,0.18171858923150416,0.6920788506093434,0.7657265676737818,0.8455304340467926,-0.2807716099326112,3
0.8717840074304644,0.03542087468122418,0.3162597772180994,0.6959431711023445,0.43325122426039087,0.7231070594812243,0.9563370928326023,0.3626256846212957,0.7437024570397296,0.5987990752448027,0
0.6826060977225492,0.2634918909234865,-0.07340492887647866,0.7687759838592029,0.46446777834903435,1.0871420070569793,1.0001843143962852,0.4205624471973939,0.6768801982813125,0.5804298074899348,1
0.13849371214114026,0.6160228523519878,0.05563642833525323,0.24659102299627272,0.08627652041764168,0.5240567598385448,0.7086045585222042,0.1719354445300075,0.9847326994380875,0.02949048888566266,1
0.7061817522245449,-0.02799120291088586,0.566377413569877,0.47663752444373814,0.5857637240816408,0.519445916178606,0.08873950113195965,0.5228300152073251,0.3953873630823275,0.6651263769974244,0
0.616940368805551,1.1243163428272518,0.6523163591996475,0.8655264751543266,0.6019862681166762,0.5310531889485732,0.5366157875342314,-0.18182561496671307,0.531178370667234,-0.37218476061907874,1
0.8287696132895895,0.09533172445111716,0.6350096392759462,0.07625368597676291,0.5029125264046187,0.4049812875772264,0.1781730526885549,0.9843869301016714,0.9655289621448118,0.821897943630624,2
0.9572626605157714,0.4404987896287114,0.8082053126484504,0.22085980577021583,1.0003595568473516,0.4187074855353417,0.7648154936070386,0.8573936751149687,0.7211877332330381,0.6002489771410546,0
0.5290880112660765,0.19846298150365627,0.06749695167911449,0.9735145932833034,0.48294240659041493,0.8311073450059475,1.002414722499716,0.7007262118969777,0.448456942560046,0.002973912392360367,1
0.39973564400463923,-0.7375915979822307,-0.5390102312190865,0.46296673717081743,-0.03910398675808169,0.9110043003458679,1.7032136411583294,0.6897022449536507,0.5230170919447279,0.3214361905644829,1
1.157571153863773,0.6720040985001384,0.5066445628671408,0.5781656256905239,0.8806206269658442,0.5428974699366875,0.49707074975476956,0.8117835215282706,0.026331721516154177,0.5145861113650765,1
0.7545549020379289,0.32691035396775614,0.9588407112297423,0.2618224061585666,0.9234453016025495,0.8311828432907344,-0.1966044590974601,0.9305559672590433,0.409398602049892,0.53129557613403,0
0.8535560845704115,0.8251889197690202,0.870150296934632,0.6452197976473741,0.6026053442405387,0.8170519384685037,0.11911476526321305,0.7562120139299061,0.674306116970552,0.5021965648325458,0
0.5537994766466091,0.0333015356730411,0.8902889294166125,0.9439598269221705,0.40406896585834196,0.6842325883451191,0.3343070170325755,0.15218707061020134,0.7022114370387984,0.5514668206863403,0
0.32088353090560184,0.4916818165666186,1.0004857227879231,0.6465426026205965,0.2397529671151813,0.8083826748886306,0.5903500523163807,0.4654884899258719,0.09481814175150541,0.23494464983565774,3
0.03179436945310968,0.6604092264560283,0.0031567248043090565,0.1006033460044018,0.13982198009949334,0.3812861357328544,0.8139960732705491,0.1993744765859483,0.9676983038365174,-0.03953674539138034,1
-0.21059120339715565,1.6137701455495492,-0.24035716803287133,-0.10839811809735522,1.370116246297704,1.4629399242740506,1.4330303720593012,0.8569434262188796,-0.17849904262505967,0.09496030135852868,1
0.10435744009622,0.6055973616120413,0.18798826728330834,0.096062547001177,0.09028370581563268,0.5361380725460726,0.8510379644103634,0.24349103111493492,1.0759154278355114,-0.052229309075445096,1
0.21870332420155314,1.0242373405940373,1.0327826785996765,0.1763296005348579,0.2571482892044738,0.16858231345849986,0.7031921356600188,0.9016152622973886,0.7895699073380349,0.036830836339111064,3
0.8842903255721792,0.1750377854884273,0.6730020739786494,0.05380526845983811,0.5033483038994765,0.3490502717066584,0.1718705339466967,0.9091446019399617,0.9348734344906853,0.7920096010265434,2
-0.09763076267286966,0.8482111630031128,1.0385516273160393,0.28770211729790784,0.03404387441267802,0.27115388855307243,0.6634268687743853,0.8937007869357175,0.6619394798572757,0.0069337331744363795,3
0.750922835630766,0.5638292373056093,0.4515339582880857,0.00145625176840114,0.6055218543319153,-0.0027313901185639627,0.8937299176193277,1.0725314644981256,0.8337461642009987,0.8645378730701663,1
0.5424681495531538,0.8092000192054691,0.5251355198595069,0.3587374020518434,0.44141291455921833,0.7906868636919594,0.16022132473465103,0.8228273051434286,0.3469477342181876,0.3961649128248472,2
0.5417403998449806,0.8026038878741311,0.5273021342411451,0.36809978913469465,0.43179325832500126,0.7794674668934346,0.15590380282865043,0.8098842143536259,0.35595095914033376,0.3796825621915452,2
0.5235798074000153,0.2663137643807647,0.10024649733655712,0.9744665358531587,0.4365620149434024,0.7660810206798255,1.0007435759147545,0.6487428641719899,0.5096152533720547,-0.0013967532884393181,1
0.4242538520765773,0.6098633028285086,1.1623461685778487,0.8046890317809601,0.517164984195922,-0.13337026902183452,0.41147494934557044,0.45865999540595837,0.3718655124585365,-0.15028693078404237,3
0.5448807483861631,-0.18114460497957607,0.8791885024416208,0.19024591529585602,1.1282237253570737,-0.11131718994912293,0.5711336475265657,0.7437697116464667,0.8323432795708346,0.21941259367176752,0
-0.03362793084373835,0.11649768204078975,0.6479051959888026,0.23639062866593374,0.02157554144815129,0.18499966919892025,0.5369343913077121,0.25701143711942737,0.720917359840082,0.7436255271403177,0
0.2208939980308979,0.05992982940063977,0.6411440614131321,0.36232138311749906,1.136659563148857,0.13799126778563242,0.35722343634456416,0.9102980174859262,0.6758034793383485,-0.1209949608731497,0
0.5386340967657243,0.7903497938969103,0.5421739460656763,0.3500766640756409,0.4384979613211999,0.7849599758087981,0.15850019235142326,0.8114895014567469,0.3679601089658028,0.39545906591624935,2
0.09377406649879148,0.6952602555581422,0.13743335569234366,0.9612391279454771,-0.010420478841456922,0.4585159676172049,0.24192138035673783,0.20594042626132364,0.4586764859639798,0.9636548996626944,1
0.378504412121537,1.0467620773117439,0.38223753929582915,0.43703081055216414,0.3283769254109161,0.22637162306084396,-0.01659071489742983,0.3075866412813162,0.8523986142950146,0.8355250221033612,0
0.6526511144365423,1.0984406524722745,0.48942221342304526,0.2923024549043811,1.085445481847031,0.45376073800188066,0.4390725415585986,0.002040050875583066,0.3746283139466883,1.0503524005916134,2
0.05203548480642116,0.44112853731281093,-0.1958539064232489,-0.036647524896606,0.4937446283400822,0.8234046675691244,0.4256670061015183,-0.20836754489712872,1.0747429071392287,-0.06906817326000533,1
0.8276824272094274,-0.5501766725012645,0.1583293217318169,-0.12641510923658394,0.3185274725828343,0.7832394431961757,-0.30024776590655056,-0.7056011202482589,0.028011009521249214,0.5293980754929108,1
0.48974417897650424,1.2452218496124847,-0.32372622198386913,-0.24527905623079482,0.0037356530757656353,0.9824431994133935,0.89675331437602,0.031960051104984524,1.076856717942726,0.27849181686062285,1
0.1113636101844202,0.20103191866118872,0.2722002012223809,0.7313701141347052,0.9553967257179452,0.2598678633179149,0.4221896283922974,0.9409931989137865,0.5298857940557041,0.2061779073696407,3
0.46181243651897175,-0.18131895235820042,0.9059220945015636,0.775829233867389,0.46353756842931476,0.6842934641505812,0.23831324586810707,0.2720207277912786,0.6533033063513423,0.4090175533803072,0
0.12901428770604814,0.0907329846066438,1.1232859448618713,-0.10445452664702343,1.015095963584212,0.10530865517550674,0.4332287173815674,1.2440873374065098,1.122866779234053,0.5957765298919404,0
0.8693173314928454,0.14243260437001018,0.6242422998951028,0.06422841638233301,0.5594977657461763,0.440993404600216,0.2447579437060975,0.8932121136408148,0.963320940842105,0.819173196184976,2
-0.20133369498126244,0.6547073076864327,0.705128713670345,0.22339688038225347,0.37212595590621955,0.37065437533217976,0.660001075847146,0.8784012586562823,0.9427987064540171,0.4229022345867643,3
-0.03340908575794652,0.48177043631662764,0.25265071731284633,0.1948323302464125,0.9760843309162486,0.51086881491288,0.9348668866805087,0.4221770009211314,0.31419374172807846,0.6352838544765878,2
0.8575551782697908,0.14184118151168823,0.6568203888338374,0.07695439769310407,0.5244659046072301,0.3993365079559876,0.2004965016286867,0.945560939081712,0.9247874917736123,0.8053018133826062,2
0.5362189760816619,0.9863460991921926,0.24243687277524295,0.5990868429716683,0.45548412344382816,0.48150968046947934,0.744075614588746,0.002540840819293483,0.618676064666314,0.12174029817835147,0
0.5264802615943379,0.3057759044310355,0.1320438542108093,0.9387298990856867,0.3812441061530822,0.8643815187345539,0.9611988769233127,0.6687534012304849,0.4737065665896576,0.10093590749353135,1
0.6604357404774435,0.39424948710892865,0.8591462349652561,0.2910515355674065,0.03385501641229371,0.4912469956750407,0.8613573093315936,0.739798153393359,0.2631853859612858,0.09261178606278292,0
0.5348475328455381,0.8186070742977803,0.5271513841722274,0.379167836957635,0.45612109241904075,0.8112061927103381,0.141964958104501,0.8027259863906622,0.36071083473450416,0.4078194758043613,2
-0.02456140094807352,0.9619337876495888,0.6306472313569623,0.7787025423530487,0.6838214137255648,0.39875620828807146,0.5403639802451121,-0.1381791127881312,0.7525587944167866,1.1926259101846168,0
0.8995791092397387,0.8667593107143096,0.8473940553101528,0.6312969462515934,0.5984985529133898,0.8194328247095476,0.10538817663921149,0.7112975085938585,0.7126080787444786,0.4946655716331981,0
0.5973276069637037,0.6415396230541945,0.9859925219282487,0.6467049996348692,0.4475461749051392,1.0071324283512513,0.3356020440396392,0.7421949465625272,0.5037828138518787,0.2813450512114401,0
0.2972846023396249,0.02105384629963664,0.1631799972508413,1.014540686043005,0.8533586134515133,0.6188225930459335,0.2574333668423934,0.22723933925990342,0.9136560219103476,1.0701421071567694,0
0.798337893811582,0.19530115935579953,0.5920951863503489,0.5614472211792072,0.13958663007153616,0.10593716887493063,0.21661336077349436,0.9035787289927836,0.506656428507896,0.5770509610934209,2
0.9581123494933365,0.2936548267059457,0.8791973525262688,0.37622070079598496,0.5979003753705078,0.5998574312296496,0.20216237592934216,0.6311690998339451,0.8192799281832326,0.8925708844361041,1
0.16842027662071404,0.7657253568476587,0.5352638371161659,0.4199624554614304,0.07941993689666361,0.8325491168452254,0.31620570561026834,0.6528967216170546,0.09248972667820071,0.9439118694449822,1
1.0821674362505391,0.34844940739698504,1.1273729821402558,0.2873001711341909,0.6647049903166455,0.8461736120665156,0.09860220538308309,0.8845379993498653,0.7566734700545644,0.8224292739278224,1
0.8675546354601252,0.2666729036044403,0.5708614069882438,0.6296714901145011,0.11728102351875339,0.062017890723895214,0.31045758737147666,0.8985285444599082,0.4720195937786211,0.5896397684659488,2
0.031100448430230243,0.2971656874363212,-0.1093642662506763,0.49660559599314813,-0.32010483789939914,-0.11233550277085985,0.3566205132090554,-0.1138221362973329,0.828095432749136,1.1378579540737175,1
0.8885862836841953,0.2896355851876,0.8831975538810347,0.18765611773104404,0.9673913162277695,0.40135947394517185,0.8566751524911131,0.8620598184123124,0.7362209144990222,0.6844903039985424,0
0.13760462796842826,0.15607781307110144,0.2570173029879709,0.747937164111107,0.8999457418238048,0.3077482804631066,0.4661085355188674,0.8838249510059436,0.6464796543313676,0.30214955863148757,3
0.3055272515397771,0.342309876921695,0.45151758434689576,0.1713138885998224,1.4857370177171672,0.9020589071476782,1.0758204917374727,1.2267761120453504,0.8285389525790312,-0.037951873206958475,2
0.7613532189389112,0.5505614448571484,1.1081005178072991,0.26814244098921,-0.32804050037214394,-0.015331737169626838,0.5029579746869052,0.6249354015805075,0.6609382906094399,1.1086410493378858,0
0.6363292749259952,0.30229266571877844,1.0624230442057425,0.6921744802441365,0.28346338875879473,0.4599488085508892,0.5492380062012325,0.49194169467066434,0.11798385959576752,0.054629331823958766,0
0.052233545912090375,0.13092119977945488,0.6192474125556499,0.34067556286032097,-0.04417090638266348,0.16462270016351022,0.6222393503368674,0.22302745152236603,0.7027095372199552,0.7660443810359946,0
0.5881009199778287,-0.09676857435602304,0.6382378614801207,0.6679195783742391,0.4526159812067946,0.58993322768132,-0.012038917234613297,0.8038262629788391,0.3025762416743907,0.707605359573922,0
0.5154836093905999,0.7623631678261606,0.827857193588528,0.9324277971304538,0.6408185099111803,0.4694314322561187,0.47003872712173117,0.346936924796696,0.23918865314563487,0.06767628002380693,1
0.29110567201938525,0.35700422097018525,0.33590319864539087,0.14700954631511623,0.3907376322824576,0.7421687877133677,0.36664571141883023,0.00396839628249708,0.7659494629202496,0.8366468847109392,2
-0.3695441479032564,0.8985052877546409,0.411036752702847,0.7219646572144369,-0.03886436493639678,1.2728440947817063,0.2580022509660981,-0.39976899915634934,1.383763839595339,-0.08364106319066617,0
0.7385132454513532,0.6485231727113894,0.6144889853764145,-0.09828602409386994,0.5531294137239129,0.012320444136482183,0.7392159932177295,1.046266593839041,0.7895005006222933,0.7077501434681941,1
-0.00401495675763908,1.0122087785987501,1.1019392522076852,0.28668583580916873,0.09771110014449996,0.25219352027353764,0.6795643762759287,0.7544804683058668,0.7894079367485624,-0.02051976993662208,3
-0.19049676975046406,1.1519993732860947,1.0205798952510639,0.3054665931507775,0.02073772506090344,0.690705060232921,0.9634807322942731,1.041924195691167,1.0461788172577924,-0.10414416646335109,3
-0.01654850797921808,0.8039256397482396,-0.11479297046226045,0.8237371337416053,0.06492380742601846,0.3430378906965337,0.1598149534850422,0.09203408119324324,0.7724632429298208,1.1457960758730694,1
0.10967953887706486,0.11616056536920583,0.47537935376769336,0.18100998922550576,1.050204136275185,0.5511466027597913,0.35884175979148447,0.9652886788128503,0.7924174220933562,0.6982232605787053,2
1.2031656004210411,0.0785843692631929,0.8461959328045754,-0.051759762678114885,-0.048540107388006154,0.05948676520640672,1.3145106653768002,0.5751581040275954,1.0317758781119277,1.0732063445159983,2
0.367342764204277,0.6831047133854542,0.15812482436366349,0.6113093749455946,0.9431120048842779,0.9401438114393033,0.0516150800496864,0.7370245190439855,0.8377612868451391,0.0030562486024048596,0
0.9449609111047789,0.6981009463907539,0.5857796196610202,-0.2355209277076798,0.6937114166177045,-0.29951209208575913,1.0191484200086178,0.9147751968321138,0.7089412164203489,0.807608070063895,1
0.7849473600884106,0.6339565724689183,0.5402825521301378,0.05886597896098726,1.0300957319849733,0.7440101227420759,0.44270065256382346,0.7200530591438309,0.30299736807855926,0.4715609518226846,0
0.14452185742732956,0.16274895260503222,0.23799907086404226,0.10598728554550824,0.4160009521794604,0.7351671445364639,0.3538310686137962,0.0697724806653181,0.8237750666064597,0.7849343594831043,2
0.17635238394085123,0.20249975996668274,0.8190556404894973,0.1934470930315068,0.7522297803931131,0.09157510202830965,0.7756844189932897,0.07469397460278492,0.27156582743567925,0.7693759300754468,0
0.11531043335253917,0.1673834167710494,0.29524581218284834,0.705897976228036,0.9075368106406977,0.29379776621383047,0.47738782740187125,0.8835164528333976,0.6440560880438971,0.23419643339013274,3
1.109211962207123,0.9537504345578689,0.3671383244358417,0.43302031230262494,0.1791639189473736,1.0490289949191447,0.5915971712604002,0.36429773202760385,0.42830021540634106,1.2436751804700892,2
0.5376380143170147,0.2725538083199792,0.08091495399599634,0.9918910189640715,0.43162015292893596,0.7725386026745349,0.9939711123982072,0.6690561366063286,0.5151189667868774,0.016260622038413552,1
0.8325803986127324,0.37972724085481624,0.760588265154383,0.6454493329228963,0.7251962335925101,0.3195260305903382,0.7076991439199165,0.9180602785491336,1.05518557859261,0.5123269292229183,0
0.25845495772518956,0.7956846961329025,0.5194256684216803,0.9023578517851182,0.5918881359324304,0.4104542523198262,0.4799750168200098,0.6503713683828108,0.12427410778521362,0.031760427343365205,2
0.5739514129847341,0.530571955919635,0.959992777382695,0.562551928321274,0.47232773014137147,0.5803196637103347,0.5402265244364653,0.5905230301729358,0.1497800170849156,0.4763923141977466,3
0.7863118995233859,0.40246776475766977,0.8774100481663631,0.4168929450747972,0.09863664589508388,0.3758828035733511,0.7781791185361461,0.65250682437257,0.27023704565616746,0.18364657475583523,0
0.26851113166757884,0.6535279630178596,0.06183680941018104,0.2566277720975953,0.16945050443391366,0.39646743619826175,0.7804075623877953,0.196086793933636,0.991738399360525,0.013612945704182963,1
0.7181608390579973,0.6198636604304701,0.5769834361331297,0.031567344594291655,0.5219775619740592,0.07996631340423764,0.8070420148303757,0.9184843146369627,0.7697904261136305,0.7505789666201368,1
0.053167824040506545,0.1923150972246752,0.24939320409214055,0.3693986973076155,0.889414288579609,0.6343572086031578,0.2002730437517789,0.8142331760055685,0.8230816400905175,0.5902990747671483,2
-0.06056266486364403,0.8091722347567631,0.10233683780028152,-0.07984189417210974,-0.11583208067705653,1.0760271758994038,0.3286837257160917,0.1301112646109733,0.4316436885626748,0.6786021340722683,1
-0.0349722428103658,0.8361261435963507,0.6153536876883381,0.5234506054058419,-0.2144752156086181,0.533194424806184,1.0955820331518122,1.0400836384520074,1.0491530194174519,-0.03984343840452986,3
0.5589240654542331,0.2604603874946864,0.10302710506604865,0.9687469409689204,0.4289023289835628,0.7979766623649288,0.9837928458795111,0.6669952211965392,0.5262206639559814,0.013314382664431587,1
0.9353164009602147,0.4094832040193207,0.4764915367743297,0.7312990354051527,0.05535119272764415,0.021251045486410575,0.4507780047446204,0.9924193178977431,0.730569720492598,0.6785573233820716,2
0.13006820237562763,0.46099376180828944,0.32533277091602314,0.9560545157874424,0.598194829846778,0.7942913967573365,0.3676019504290721,0.07894814651351424,0.15509003519274264,0.049665516202343565,1
0.39022102561944255,0.16252446784963837,0.766108069328743,0.3403301182420705,1.0680334632461579,-0.03811803899743549,0.6382544857762794,0.9669420550342809,0.888431054484227,0.2586835485526982,0
0.7954954726959802,0.23719876091646536,0.8096314750871412,0.2513995507150576,1.1571333945023254,0.2660001337153298,0.728912952624188,0.8013323964646231,0.5800514268918042,0.5177089805004482,0
0.5407774520572883,0.8072695762922383,0.5433920336650206,0.3728556993308351,0.4555959135376227,0.7956225989208293,0.14774424137367717,0.8066688979789696,0.3355670055228877,0.381983214191277,2
0.18295246176774355,0.24195346670640275,0.8243190931406371,0.1884570747892686,0.7725864101341046,0.04907520545256421,0.8023725443965384,0.05231975164556101,0.24750285164343705,0.7805131589597886,0
0.7975695029489382,0.4429155409464138,0.8733354007475395,0.5644430300857508,0.6919004272561611,0.30273178100315706,0.6743398162767497,1.0539522881099508,1.0350621352801577,0.5278573633850933,0
0.31737720672977077,0.1720040281498875,0.6729396861731762,0.8367560013729675,0.7998665811292931,0.8511865488835799,0.5431172141703279,0.21806286964007843,0.5460236862732809,0.7062548817313334,3
0.527625113151615,0.57280270152046,0.8733495936727578,0.6842714392079388,0.23863709984259845,0.952063430738072,0.4622407861931447,0.4649242878800497,-0.04737427850041476,0.6646407965254089,3
0.7735506372992654,0.5120855238308524,0.5429547891556494,0.30614259514759695,0.10786079031096728,0.6314864178944172,0.8738952894333675,0.35357821032722675,0.661842962570217,0.8620527779609658,2
0.42728868787357643,0.8812417678149492,0.26976009448224214,1.0342624879193432,0.582102291482574,-0.020339403547571494,0.7848220576938243,0.21813194228996718,0.3800516156523119,0.97432088693636,0
0.16531316595261586,0.8744767353657115,0.4643364995001794,0.10348954303798247,0.24238457192789944,0.9677439244309151,0.4361697239549619,0.34949333468933197,0.729375652731901,0.6187808904551702,1
0.3704393489816209,0.22234801276948055,0.6376999059778731,1.2060902187168157,1.0353335299392177,0.2715350409867701,0.8249827292635388,-0.16110692396576543,0.9272561046112182,0.11457780882336333,0
0.7997420675634342,0.8768660005944955,0.95776032500656,0.7627888420775523,0.47926965687663076,0.9373328168960297,0.05929673376844821,0.8273709208572446,0.767059977887876,0.5612397145371115,0
0.9421780502539882,0.31615637281358855,0.15649272997972108,-0.006125538916649478,0.25099418459215467,0.6472963096615308,0.3107548341604484,1.010935872071658,0.6789740270973574,0.16555042376388152,1
0.8339183808619197,0.5592371874660281,0.6552141090339324,0.19514118879902614,0.6355155984915446,0.8532936802723132,0.5831344671629557,0.9610077372363578,0.25333272696733145,0.24312195055032843,1
0.8371678164394192,0.8596636457014099,0.8488664143507331,0.6208831557027985,0.5746585511476846,0.766148498193463,0.0699459482220649,0.7503497078675593,0.7063846653167046,0.5264032619776119,0
0.15867029040370734,0.6247992382654548,0.35012664429089846,0.5925215292952084,0.15098090701789613,0.9577707544264431,0.5909050879752927,0.8340427821257483,0.1298526288145475,0.881485698723733,1
0.8555000660974206,0.12173900943843372,0.5899996604373922,0.12849259372448585,0.48764327269097996,0.33797193613892407,0.218842735960199,0.9776575429073364,0.917828625306317,0.8161757968256083,2
0.8438129745624584,0.4085052142639927,0.7880064060675964,0.5085683669101686,0.7296017468206429,0.3192864522942382,0.8017258800418589,0.9120089492143013,1.0358854549537866,0.4782255638908949,0
0.8915415867857859,0.5608243222253217,0.7704588818207674,0.6230362838243325,0.20320824106698473,0.4576529165519004,0.8092158111886676,0.509804805672375,0.1871707213959529,0.2742810992258746,0
0.6807591035016237,0.6023771703944675,0.5777221034935252,0.6593685442893299,0.7830745898803649,0.5912437852438598,0.7314047088748382,0.6644462761775379,1.051000755584651,0.3603319212603465,0
0.6792842753667456,0.8278603616528293,0.0951889265586224,0.7061629621453807,0.5901622910944847,0.36868931298335317,0.5657864090668172,0.012786335280236913,0.5531068660156219,-0.05440026535206722,0
0.11225220933015631,0.34857185461263207,0.30492244550537856,0.19241554636424768,1.0177815988104244,0.46877783398122974,0.22792670456314157,0.9834415131913982,0.7416114544108369,0.5122882731260502,2
1.3162764734955532,0.9237127641061699,0.8508140183475792,0.12589086432942545,0.015343862346089476,0.041931179705715915,0.33885219467783045,0.12320020759743894,0.8754390053576501,0.7482896368918286,2
0.3202077468200125,0.8477609058319342,0.3583988209462004,0.7751356446076842,0.8694351455424838,0.2755303548433968,0.8594096194375432,0.9721356623365617,0.23338550993699891,0.38616699219704737,2
0.9587537160511671,0.2748701183489115,0.9502533000620272,0.4784517966524461,0.48604330324536515,0.6328721537437879,0.24738190508544924,0.6855104857767342,0.8723587851894208,0.829546266289542,1
0.2700976730562388,0.8298641614963378,0.40486204533588127,0.7426885552046737,0.8212104779504333,0.2433417758800691,0.8706633203445598,0.9933176165618353,0.2238393033353504,0.38836748332716114,2
0.10814345288868144,0.9196206367709924,0.9159676635274152,0.6463590604898498,0.8154391028788818,0.8321927661315983,0.891757799956461,0.48927419549414486,0.7167601962690394,0.7877377629019542,2
0.1238014272945933,0.644780643480243,0.08415575547702059,0.28637746618394266,0.07562359303660421,0.4764698166487085,0.7353072040910975,0.13490698145757357,0.9573087433485801,0.009690487411046153,1
0.11457445785259439,0.8583415425820824,0.8163626239130609,0.8115006298832609,0.5283084187369804,0.7804896287411661,0.1590419056924015,0.8327919246554064,0.5767374580025296,0.6059726402551424,3
0.5865887813460131,0.38678284293036047,0.36256909930635,0.4189046060431233,0.6528662209203376,0.9680673378433853,0.741472694543339,0.7906214737876958,1.0303231359376812,0.8424533013300862,0
-0.006821855061185239,0.8948875922678357,0.7404254054441686,0.5472951252243904,0.434584992912121,1.053421691378635,0.1406959163286362,0.914770952825667,-0.08328943755047045,0.1236248797084851,3
0.7275764664462876,0.5802706574913292,0.6413892733296066,0.1325887814334133,0.2852951087032859,0.4130060832034187,0.8544958156841801,0.3490825647645993,0.7249465104947569,0.7828579829046883,2
0.7056145270308103,0.6563446434979159,1.0752688412520883,0.9197294651988286,0.38664670749017194,0.03421228610071428,0.4172247709596087,0.9589755003500862,0.13799506453863877,0.14486392945905402,3
0.11667762759872224,0.4694044503189893,0.31587020069325694,0.9597327419217034,0.5926772846868601,0.7883778573984714,0.3559151680528794,0.07431117294530441,0.16969002345060544,0.05843248940977136,1
0.9012781211340574,0.24746396081550726,0.8761313039284836,0.39951535832566537,0.49306239394433304,0.6735559280044037,0.19862293466801084,0.6848790870127499,0.792925275530398,0.8334022263853798,1
0.2605762755385243,0.12754784704813873,0.37957079278605055,0.12605316791105198,0.34584325230419266,0.577720700261012,0.5860885542917702,0.07920689553525391,0.703418554722371,0.6689684050795991,0
0.11062155919418881,0.8383078739655943,0.7924042513700467,0.27405439109725044,-0.055154854955804855,0.2860087935681922,0.7360563013624191,0.9927371466787321,0.5915367408593367,-0.0033531827362545397,3
0.15116049000005172,0.34283390975329153,0.4124975116839383,0.18283903542397553,0.36194515055404725,0.7442642581345877,0.36262046643695306,0.16161761546670694,0.7689384791740823,0.6824261184850839,2
0.5590497020689988,-0.21337080876668407,1.0553095836641062,0.7369570979934545,1.0223890116737209,0.8851046409521959,0.5400096037758301,-0.04956225242784751,0.17372822862288995,0.27358504384689986,3
0.4895827070982044,0.589024885444926,0.003927904835498985,0.7883792556755789,0.7338165557544741,0.30843674711638813,0.5713313084860507,-0.1730536731013478,0.7280381849494816,0.8401811018571257,0
-0.13412735857502509,0.631235901358043,0.29805461213550627,1.1144256453968582,0.11635477526059962,0.4668215818604275,0.3144939541527568,0.17118653797280786,0.3899972397261392,0.8123883653818118,1
0.8155105805062481,0.4177520376796466,0.9128937683014197,0.44340790746958897,0.08403214659091683,0.40132906485160064,0.8164602682747444,0.7043809293373996,0.3093177404460753,0.19565777541297008,0
0.9843259365511949,0.08104580312429381,0.7397264011406111,0.4776668787556947,0.0446724144190558,0.29147343606271825,0.1743528062303915,0.8899782936026294,0.6523484957498109,0.47770760918524,2
-0.2349482259006797,0.3594676963582594,0.43449433683268973,0.06906603337375253,0.004310458039959858,0.5665312852848873,0.3043554339717424,0.2861725126486889,1.038754089495053,-0.2016872508954278,1
0.7834838040643283,0.23669163677513702,1.2345092967723021,0.6130291666634538,0.4812027412962441,0.9190386502214145,0.03103014633636869,0.1706322170410301,0.38814181443296975,0.6244923233289196,0
0.7502820534450816,0.766444512464319,1.0393244867401168,0.6612353236188174,0.5037453612078628,0.8640127725124718,0.012742574278597124,0.845777102623903,0.7028561194997422,0.636759706158421,0
0.09487592385530219,0.5242304991527301,0.8932915227282189,0.5449935541586748,0.18880786434906977,-0.05295548384149634,0.19742691589807929,0.6673028124849639,0.13291506957626922,0.4664178331506593,3
-0.1050323595969429,0.3150542106866487,0.3208055673713619,0.3405321018380256,0.013401960632889731,0.49117882095472976,0.7517220140172887,0.3946237377943086,1.081359625049666,-0.23740920718989805,1
0.8060319887852574,0.393227058787811,0.783706642736054,0.5085287339906797,0.6937400210870183,0.21271905659724316,0.7562566931740011,0.9393376790307724,1.0351955640636472,0.5167441355518017,0
0.6302151131801706,-0.031092950189947788,0.4628509175754555,0.5921328252404923,0.02115588478500849,0.7520337357143378,0.6561238114764028,-0.010817280584989264,0.6226724997724952,1.0252484388817087,2
0.37922009460556555,0.8087287180979419,1.274889197604973,0.36155973421934673,-0.3624451851570646,0.08287870101184613,0.5867926297425206,0.4409822306396635,0.09792960344295001,0.058821255989186624,0
0.905457004105951,0.29566980870249404,0.4204126276705493,1.0357843793606316,0.7186284498386293,0.6070232702958122,0.9290091188852473,0.6021806771763762,0.893121431094267,0.4314959020552457,0
0.12343517470693205,0.6350502348002484,1.6284278494833455,0.39069052509724655,0.28402261073910445,0.18397609568379908,-0.06901033430319947,1.0619583498290863,0.8526059180774413,-0.15867904316515435,3
0.1654264828828161,0.8337701482676438,0.36341615457915366,0.9793202828722152,0.5960155337399398,0.08108047238477244,0.7609077195238216,0.134503255855826,0.38173069647141894,0.7052596082413238,0
0.35397027627017447,0.1406355965077254,0.6830530618912616,0.8957793845114002,0.7330856987755607,0.8701185102497584,0.5726376644688308,0.22731535838597736,0.5127454344847163,0.7181525344731521,3
0.8653623935676044,0.8238688223283409,0.8756072241524976,0.6483877153820646,0.6125758571172415,0.8065547172208715,0.12639078690207572,0.7590799402690215,0.6843771630486011,0.48954721060513345,0
0.9113059117110309,0.35075178425519943,0.7919391674076396,0.21982826877237868,0.9375690862977918,0.43865836942089315,0.7321340830352583,0.8448105033035309,0.7287272146533852,0.6425187688633571,0
0.45528914717277663,0.5337004485260749,0.23653035171060374,0.6297806269214872,0.7853039830564373,0.9361100335635549,0.01751247534116835,0.6743664195133512,0.9885447321601035,0.18512841564728522,0
0.8236667976511941,0.12749292602532197,0.6350730031625937,0.10882942463808624,0.5124587431503989,0.3755004892512689,0.20585813408371662,0.9496443152225861,0.9498871806657564,0.8062855336024322,2
0.12670122147921645,0.756318680524519,0.5263778824389695,0.7026693050169344,0.02246764699936102,0.9638018324486242,0.43304442968373397,0.8508625770953148,-0.03931064049052091,0.8644057659959513,1
0.7456074710321832,0.5870271064843658,0.606746905014946,-0.04022307717940651,0.567031906130761,0.02303997320251916,0.9103124403229786,1.0581939197021697,0.8279057904333411,0.7543657982960391,1
0.8009465821610748,0.741997346955761,0.5850724777367797,0.048143375246793685,0.5913766301285863,-0.04825729560191157,0.9168081268654316,0.8695306101497171,0.862443017046573,0.7559996933583736,1
0.27504399269760665,0.2137454877309083,0.5555644616119733,0.6643993779929215,0.09609695775418498,0.5254275717121327,0.3309890034790154,0.5061904259086224,0.1998230511073272,0.7706687469697182,3
0.3195815666615339,0.6147631610327994,0.8076568796037041,0.5684721704739022,0.6070789961684332,0.8219383339168349,0.3182131870149246,0.37572023932102205,0.06336449921846743,0.5126600069142292,3
0.19872288254520346,0.5645351812046081,1.1484169661452337,0.7931577433731111,0.16021737619781098,0.7856233032491948,0.18995772808622235,-0.07004855867946047,0.1729813975934522,0.38833594940149313,3
0.15049484993947582,0.9430520697580521,0.24615181966707303,0.7834640307744605,0.41909049770392287,0.14749386607195752,1.1272633356533057,0.09531420450903585,0.5231028958571119,0.9115891843918182,0
0.8553245729141477,0.4757664487465526,1.203006240399783,0.768172339971397,0.7233552396971252,0.9427126679512952,0.7651938248358178,0.5742448522563165,0.1899920340514254,0.23964496780454603,3
0.8788604423206884,0.3820293586416072,0.7500316065195191,0.5296619862013776,0.7114823289656289,0.31074047270766864,0.7434824362700704,0.9452675953842143,1.0255693601194305,0.48118011424010443,0
1.033122140660917,0.8872884196225551,0.6251374077161868,0.33921074005001367,0.4634411762839724,0.6814899370617008,0.4444569756189024,0.6466171385935437,0.507218729706413,-0.15299434967326847,1
-0.16625534969062683,1.1122360461359884,1.0446837197799692,0.5419352963033038,-0.03832582641210404,0.12147351893269445,0.7598224484927342,0.9767065556102263,0.978465154946587,0.3329593360530598,3
0.5497305883775913,0.6112497070831144,1.086929490414417,0.6832735395920824,0.2161960719370279,0.8804999698595808,0.45581005690499643,0.35791588819743225,-0.023486995737499156,0.13883759997005518,3
0.6317081395281539,0.7341344326514873,0.3177834245542657,1.3279441770216458,0.4728978784488027,0.5154413278536637,0.6487703014810388,0.8526430526050509,1.3152965240718548,0.3031823309545818,0
0.8301062331054732,0.13554577361964087,0.6398909389448695,0.0929800122180956,0.5145926855678838,0.3881727520267668,0.2072004064833048,0.931436906369184,0.9229189533024549,0.8062410695157987,2
0.8866034186075638,0.46975503929487306,0.2972406379915855,1.114991097196745,0.5703971795116484,0.4958096296265606,0.907582393159919,0.660322633838689,1.018689934437851,0.30448843232850703,0
0.7495269227157599,0.43630819579889707,0.6274039362885157,0.24736631249522625,0.14323076213336527,0.5334256762282652,0.9399211355395468,0.4139251085483918,0.7608567259443718,0.9098921482908355,2
0.24621610788925713,0.22894515796646805,0.23999473709808428,0.2817081317482487,0.44074260566363477,0.8551042283647122,0.3794094505159574,0.1054313660456038,0.7948720773772775,0.8298164217347821,2
0.3598324995985254,0.8570686326225625,0.15988358127562624,0.5652399659442453,0.3529936747431628,0.18550118584696482,0.17784394775274753,0.3057647289023787,0.9718998662370307,0.9073032130146829,0
-0.05896013299711908,0.6623598030642881,0.9506401774656286,-0.059105961410878705,-0.07733417351934341,0.4377982763400987,1.008787775227559,0.8769952823032782,0.4136701106063472,0.49922638476241743,3
1.129909801075145,0.876046649206353,0.9299537854187305,0.7787079076506713,0.5684004618015724,0.8972542791201938,-0.2073897986408646,0.7040022332225555,0.7478447965669922,0.46159869939180437,0
0.8408751797105166,0.3425367924710034,0.7966838506931353,0.5514551460709086,0.6920767322138764,0.28289361522582174,0.7067574614345086,1.0016926419737329,1.0363678207658795,0.5246736678345548,0
0.6412608823595147,0.9734032220476048,0.3333452551295073,0.02931936953703993,0.21955555703145344,0.9887133874363754,0.9699483258745539,0.2574320293948018,0.5865333495769769,-0.20986250254731942,1
0.9072886139540992,0.34448375889525235,0.8069059953906238,0.13542681774920678,1.0022341476688288,0.34954830214337373,0.7130435714153874,0.9492779645086471,0.7342097384811602,0.614403473978984,0
0.8700881444672253,0.3936599121638765,0.7922055259160167,0.5935991851201595,0.6917248508252678,0.25521775379036166,0.7180768145139306,0.9975291452501996,1.018629300474669,0.49353460564826024,0
1.0173859996793229,1.4654213689602549,0.32759841452180016,0.2879476140198787,0.28612668834783517,1.2137487012492265,1.133292142112689,0.9531904412354452,1.2970503129647537,0.6749929004382307,2
0.8731217331903975,0.23255444084303953,0.5903279134243147,0.49189810082188584,0.12231670086652634,0.14883176832632877,0.26717292501518713,0.9366192171470183,0.5750149669521474,0.5976346947856149,2
0.17603332789427328,0.6479138154080347,0.14848396859222193,0.2091915476105348,0.02133731703127295,0.4802853880259806,0.6425583245997859,0.07613945902270133,1.0674519008820813,-0.007473671231747324,1
0.19630117320241164,0.7105207660228744,0.17226348513153109,0.7536376745031662,0.8623696908695517,0.6715288646856892,0.7903419174144701,0.1960528834118879,0.9328609246347613,0.485527679997291,0
0.3331803345872931,0.3245908722703784,1.3065028490887862,0.07564114707586905,0.4780349350281777,0.32376747477109347,0.6481602695398867,1.1843544242018904,0.529341358034443,0.17597468219215007,0
0.8530934530549713,0.201798989662354,0.5287585762853081,0.5382332443408562,0.15292750176536604,0.09203728088527262,0.2570543389641238,0.9339995458700123,0.5319614419442945,0.6279321159484192,2
0.3566053332294371,0.47348862562511207,0.4456075575742389,0.28940239327531847,0.20331499984896,0.6671998478222123,0.09046820278552728,-0.16289538804867024,0.4915154636064154,0.5710861565233621,2
1.0059162846125114,-0.020781813548929468,0.6396083455857158,0.5865212133538499,0.2660802366600155,0.23932742857401454,0.020245473686736654,0.7877755184683557,0.33908945818272784,0.4862305606961015,2
0.35114859503335405,0.1466860720729665,0.5781874768785757,0.2742165273505174,1.0370209459499968,-0.06164161747752518,0.5287112540233924,0.7590126975495928,0.7884531334423543,0.00736313799905744,0
0.7639467483935225,0.40216989697244643,0.5114646665859246,0.09011424186541644,0.5031383577417995,0.6759958014347316,0.3494079863887898,1.1419576853830113,0.4242862528263591,0.21127191113671018,1
0.471348250430961,0.5381499026269084,0.22579739765863158,0.6456986024106964,0.7858878932288937,0.9238043409135682,0.020766133554175323,0.6572442503872833,0.9815980321841965,0.16596118765001155,0
0.15786678809283164,0.78128316869889,0.5543486508776346,0.5970571739419384,0.04627522481927529,0.6866484931929353,0.6504601348924377,0.7004041874077521,0.17671067051577316,0.7863697786079458,1
0.135776786175053,0.6116812000459255,0.02967372828909775,0.269128583125014,0.10731604119857822,0.5290405138537428,0.7191398411170248,0.15645922314336103,0.9773038444689642,0.03168179340282384,1
0.7445736793577101,0.35683119975390476,0.7091025905717938,0.3677785506083989,0.3486800147475204,0.7643917998173696,0.4756280854572739,0.6251501652097673,0.1050773953619185,0.546876402722716,3
0.23770179044264927,0.8079217391404317,0.34440574376445093,0.7494180126990259,0.9170046816493201,0.3426639044101264,0.8489386238246216,0.8991953538400413,0.32277618220848014,0.3593179157243811,2
0.24019486947392277,0.5522245560113147,1.0269708460418774,0.657489113905237,0.04525157809600987,0.8486742605743276,0.159697097272672,0.11363870306862148,0.38932810092240144,0.4082528521650718,3
0.5912960687292459,0.3957432679631915,-0.17650545681457017,0.9781918901345099,0.24387673927045028,1.1999728879975564,1.0649943373376438,0.4772081862202947,0.3683938754161375,0.8625821260072666,1
0.30436179966412696,0.8808109325367975,0.511754819527132,0.728536056106032,0.7014437759023304,0.6762274909988589,0.4226210787529896,0.0497732324546438,0.7728627047329322,0.25419427838341,0
0.1715646549531355,0.6490975316139903,0.03428564644740617,-0.5240083241860999,0.06065422070069515,-0.10794787314371326,1.1307870657405115,0.8453828925928376,0.7917727914706852,-0.7120697634672838,0
0.5935655991032176,0.6101092589162247,1.1441883354170863,0.5735715111317526,0.6432941610210108,0.5325156894471457,0.30029121679049353,0.7270368289753474,0.5473776871649412,0.40635926106002207,0
0.2307672112226949,0.029780434287768193,0.5087601673364537,-0.44750779774286586,1.0534245114424228,0.4374993977771369,0.9402904943073859,-0.4959194916857109,1.137744724295961,0.3156030914060277,2
0.9818568127621701,0.43087436315673733,0.5477375408013957,0.06734478789798332,0.48895275492656065,0.7594119057008716,0.6307261608543099,0.9917094324079211,0.15041417562751536,0.026826552767043654,1
0.9790950774422231,0.4329935312395633,-0.05011487951008209,0.028847641009598024,0.0973927889192613,0.6314934491656975,0.30005504650338316,1.1982590784933755,0.5267894791082476,0.5746984283264299,2
0.021726105202689583,0.8703439377708098,0.573870613865303,0.9090643696769634,0.7399309136379433,0.31449510894175164,0.7089540694511661,-0.07405841269262481,0.3892872233332697,0.9744963534698633,0
1.1234828684947917,0.19194508219823447,1.3767250451258093,0.9609685264148433,-0.0361632487780878,0.1097775895643543,1.3669624799511815,1.1460793400214044,-0.22401574589918177,-0.22666577787133974,0
0.18032817095558282,0.7465972133807616,0.4703996890118042,0.5541534258656499,0.14376538955045057,0.857476357088639,0.5181495705042005,0.7063885902530816,0.10232592555522582,0.7249177946254804,1
0.8721157186731545,0.811431375961422,0.885075512512299,0.6638933789823649,0.595123889039419,0.8095077619841937,0.1310873231513408,0.7377780238542541,0.6783966222974335,0.5071035943279343,0
0.01866181336067545,1.0071039177289727,1.0165695239554156,0.2439008736726606,0.15150670015316475,0.41326717438623356,0.8069456696743538,1.0670739324514944,0.8112776892399841,0.1130924567662567,3
0.8902404871023482,0.39131879597234887,0.6371016060347863,0.19990463035807354,-0.15427355631595105,0.342135531118967,0.529553638463484,0.45063591900763644,0.13499759827320598,0.24894194043000417,0
-0.023681781016954243,0.45090197989042324,0.2409287149354158,0.277479473481381,1.0528583695937928,0.640670718714089,0.9754005755467969,0.5283922027637068,0.23878218792000325,0.6139542449080195,2
0.9343804469253407,0.3422852622909318,0.4261420980846716,0.9577982496379853,0.6631128481548255,0.5413852030948215,0.9957151174154535,0.6042968096760623,0.9169364160728032,0.43516250710098836,0
1.5049016189795086,0.5528247112339636,1.1168719656390937,-0.41543083605264086,0.3855568206539437,0.24585062628454013,1.326909102241812,1.655198696229924,1.286356318385291,1.060378310842487,2
0.8179165479798127,0.650647486815529,0.5302724524436644,0.024395020645831357,0.55976046279789,-0.011661336917473227,0.7859781556290514,1.0137702538425462,0.8234149793932777,0.8290963185155347,1
1.0489864396840864,0.46507810634269,0.5512834626435861,0.9405122741370109,0.5313844057750341,0.5462229105792628,1.1558174124415506,0.5493639646078199,1.0312943140301398,0.27781373600249315,0
0.8162674280268503,0.8062669316080182,-0.0007147070761258506,0.7805616033784128,0.11370931166184123,1.4802831105616774,0.9393982983568481,-0.023981899740846913,0.5805968913959281,0.9460967225208216,1
0.3601618636591258,0.9060667672834665,0.2936803876463113,0.30985174061275833,-0.5510028947009897,0.2900723796460447,0.39734120550436797,1.0237083364971484,0.38362700110839176,0.12346992270968757,3
0.11358824657056588,1.0162175261179138,0.9174230644482738,0.23524591968380404,0.033030677111670396,0.230420131164847,0.9078484251226211,1.0355078357799166,0.6946174781573735,0.24137786907288367,3
0.7597563000079771,0.07144473003932898,0.5751577673593755,0.846536299282881,0.9021738083537285,0.8741665085770652,0.26403264787539815,0.8086528908984671,0.46782504756718407,0.47841643344478757,0
0.7958242855492373,0.22851758936102745,0.046231523715619505,0.702342675836375,0.3483636298947882,1.0264877201193081,0.7855981854664057,0.45835171950459425,0.6501882811062628,0.5858973235984428,1
1.00414867378341,0.5475498911698059,0.559549542476364,1.2006100098656385,0.3893891937950218,0.46922457400698236,0.8930388922366602,0.45496248951662743,0.7725013849888189,0.5472963750573526,0
0.533639778621701,0.8041262039445632,0.5337828875356652,0.36070511512977715,0.43853461634648433,0.7884750189422173,0.16295596841570426,0.8152300548478545,0.3497151487291476,0.38888360567907315,2
0.9487540477324069,0.5258711998659682,0.3955773917151525,0.3312093481907201,0.5117967528965244,0.3894017155038746,0.6243373603274883,1.1518924681288158,0.8324510944469523,0.2965615991193619,2
0.1605932893996437,0.7439340149408359,0.48394160024017113,0.579073922930509,0.130660652369303,0.8505555175311259,0.5185318076082076,0.7224922207774888,0.1266306254784214,0.737313256575679,1
0.8503441061052052,-0.04692756368935508,0.8763817944321723,0.10435928923807361,0.8648253925715744,0.34632798084142613,0.8852760737657143,0.4668967974158251,0.6283386581911476,0.31567551410073796,0
0.41995234589038327,0.2017427883237331,0.2991412173318748,0.7442676714899753,0.2579639313777175,0.3085796730253778,0.9625985231948626,0.04146758518423629,0.8070019877861935,0.194205593987606,3
0.6503493046077322,0.7999003274727127,0.10226775849037567,0.6961641420259365,0.5257442907362379,0.41805713411764545,0.5539131926840868,0.04902246440518076,0.48153003481494994,0.002727006496767894,0
0.46196685970823576,0.5124259386687635,0.9275046618900222,1.0476921615612134,0.335166371641053,0.193489530852425,0.2960929876489478,0.5697276339942638,0.25360211706297686,0.2968817440176113,3
-0.09002263182819768,0.7694029867625172,0.03465160053021313,0.7914935503539008,0.04963291135619022,0.4912576480888427,0.36978698564359314,0.36486524405541776,0.4048541872619036,0.9752680605268074,1
0.5102714313407263,0.7437255810400482,0.8296818365273666,0.9265863297722864,0.6534277598898555,0.4526831984840602,0.4497674254711496,0.3569848235597905,0.22342862266513924,0.08298342785004541,1
0.41598213749806523,0.33765576315019186,0.10867103928902813,0.6166748973901631,0.4425242773103809,0.23996974893248632,1.088617498474007,0.0797010193270564,0.6567008840998704,0.1944992191915611,3
0.40863128240842667,0.7480251091857287,0.3233392672748521,-0.11125474210323977,-0.06851168977394465,0.8303108246717208,0.6648820235646288,0.07205799034963559,0.6646372264396666,-0.007397098229599441,1
0.7271283063168322,0.4447771395919267,0.8805869805213803,0.33415418000797636,0.08255200515796518,0.35877118424643156,0.7835713657403378,0.547811081688002,0.30698744076422535,0.16767885573535796,0
0.1148901952499561,0.3539246481890934,0.25099547075900014,0.1859673847698335,0.48838022938235476,0.89561055003081,0.2046390073858156,0.033401052007251686,0.7667826728471802,0.8170012986048394,2
0.6207304652206769,0.5569550128019398,0.4186813181940362,0.41859712057983894,0.05499707939502241,0.6158912647772085,0.7629390169206391,0.656752814896829,0.7778877001077708,0.8423871753101156,2
0.7589814955305839,0.4371485198314629,0.6364500567237206,0.24557677988719084,0.15276689420742867,0.5600739614938947,0.9456600388702109,0.40819637295409716,0.7404124729543444,0.9152508321030355,2
0.3461733184718462,0.19541894591337372,1.6982392634432357,0.6661176049903328,1.325563985456951,0.8974742017286138,0.3747114287711092,0.952170456188621,0.12883078271109694,-0.27973187785616066,1
0.16741950100383593,0.1576145183801413,0.8592825069475774,0.20935188854558817,0.7274419532637649,0.07142386504145722,0.7374177770524953,0.029673269966674895,0.3260887548905482,0.7499609412121905,0
0.05980395334736627,0.24886281919018083,0.3234138018370767,0.3010717327696702,0.9813731098436518,0.5739277505229889,0.2602534747861062,0.8340148575838209,0.8346062259512568,0.5255519215516665,2
0.8200963548251246,0.7446504652147433,0.9170446361915707,0.6104994232738679,0.6088651331034759,0.8446989313704897,0.06619924186178362,0.72470249231315,0.7255486173467534,0.4531442076964823,0
0.87932106552059,0.3071301356064558,0.9437789481843012,0.3988635356721847,0.5219216566311581,0.6728878203027202,0.2112026794834617,0.6789228727136278,0.8920844106395506,0.794245298653298,1
-0.319724332611126,0.585634692313057,0.6444628891620355,0.41285570897605084,1.0327871818331886,0.11624050840923494,1.0903675517004023,0.26946960979743323,0.03872870386128169,0.5626929609818067,2
0.8737445765078448,0.37052792738788737,0.7954449274451656,0.5556182627723713,0.7247356417768924,0.2782864965132474,0.7450322677199483,0.9886561315350122,0.9904598570479576,0.5236660354847252,0
-0.012976304866185395,0.08653987297489332,0.6366605307235833,0.2813645219229603,0.04930964506501197,0.23527533641065995,0.5537991657551629,0.21068851953637757,0.6845329257724585,0.7798219755473134,0
0.5965532577404725,0.3325169286847887,0.14341787292503966,1.09076967146115,0.41699333484344225,0.8556553647915627,1.0963721805524016,0.5962350136791515,0.47530727769104,0.0386943293476225,1
-0.12847187807450988,0.7320051720414763,-0.004746004198009579,0.9165324410802139,0.04493035971293724,0.4794773360885851,0.011529913650942497,0.3809311890878051,0.5775693899956988,1.1465728575086482,1
0.7370969349279072,0.5589114594800373,0.493176461880484,0.12070631953637348,0.5125793677439219,0.04783005688528264,0.7626700683758566,0.9101874164898677,0.8039908918186444,0.8438840986280102,1
0.040823962055737566,0.2842608388708954,0.28906156309541997,0.29880945260410574,0.9274029534335784,0.6139163800457983,0.27722838795453114,0.9030080833873289,0.8208745668715905,0.5622236891080638,2
0.19096703454914546,1.01477993608345,0.39976874109444444,0.02241494145112396,0.15002003771743352,0.9012848205476881,0.5119361651313732,0.21005435324478686,0.7260162858221355,0.5980216676416105,1
0.8943293983646285,0.2352240993235704,0.4126693322568095,1.0178387730966068,0.5699535107720366,0.575891323138932,1.072933033265033,0.7011844250778108,0.8976422354278194,0.3355626618681627,0
0.11526515573352396,0.4638818393674758,0.3165192294215352,0.9436402283474695,0.6005434413539649,0.7949393358395362,0.374591050694839,0.089264960663792,0.17568946055495036,0.07206678117829778,1
0.13173958634601862,0.653178501226412,0.8821186129538117,0.883522461981811,0.4275383738207868,0.6085292259140692,1.0107425135721093,0.11562538767432773,-0.42672911771083644,0.5564842848300905,3
0.8727639769221294,0.20548420723923116,-0.14465977555963944,0.6652329574663605,0.21404067872692595,0.8718489516959006,1.0062942912570412,0.28184601451975755,0.42867775636379923,0.5738172620175639,1
0.8880758653137499,0.28921966218559264,0.6673156579304895,0.11847290754288975,0.2256072794114351,0.6522830238906792,0.7844245761982975,0.3952762867053088,0.6935513947418064,0.8096964432110447,2
0.9533121623832881,0.8607063872543211,0.336591061561872,0.16104718061291656,-0.43811154415414044,0.6387556583231637,1.2022202474193633,0.5580306446184472,0.527447031654031,0.4873907234991167,0
0.8744396086556899,0.6483158258364208,0.8851456048872601,0.3630744129771696,0.9205409962119192,-0.058465897330017794,0.8810850151820586,1.2129569716380202,0.6266059804320647,1.0390610059949685,1
1.1922572877410555,0.5794971506923599,0.9010470925899321,0.2017712788961332,0.7420138208991722,1.1429833235385571,0.3409689350698517,0.88468087713045,0.16618633062245974,0.30829272543645414,1
0.14690044822278278,0.2793279939625972,0.18696962133382086,0.6517646933885619,0.87034856410588,0.18572092281454808,0.49751475700715697,0.8407199347326177,0.5397688461605156,0.36918279290789935,3
0.8318906866011841,0.13536128950262485,0.6597738743355723,0.06668133268418361,0.5347957561635738,0.3922427694341878,0.1807841119845708,0.9386679368519877,0.9166977505415261,0.8214106157521608,2
0.577748267439514,1.5550044285607632,0.9779128763613637,0.921369266970523,0.2181320329928818,-0.28901868642955686,1.3174060680708055,-0.11711481181740757,0.6727824742872032,-0.7433468905608569,1
0.9753555660489628,0.7782130811192418,0.8934494551823459,0.6105064903669685,0.5863306307319854,0.8217049434113426,0.014247655778861987,0.9020587880652704,0.8247271187416205,0.5748344432853695,0
0.539609615604894,0.8027856254681988,0.5370059351248821,0.3640800327985727,0.44694656259651816,0.7831272540145213,0.15991494758519798,0.8138180830130579,0.357448467048947,0.39183855443161225,2
0.038902049852147416,0.8342888541686121,0.8551672646254767,0.40705969056501684,0.022861370211339445,0.30450576053687906,0.7766576581344605,0.9370266931888088,0.6882938451651428,0.16822642867247367,3
0.08839209372480712,0.33156020492274907,0.26149399054475797,0.7690427020670925,0.948491421299517,0.37781663777777397,0.5562052588697283,0.7433629683851836,0.5861615753992425,0.4322379455706917,3
0.4116842771713096,0.6610338430458915,0.704616493394256,0.37734495559892534,0.3070970549796723,0.7010015560498115,0.3818571921911833,0.39408521795091744,0.21268276944045364,0.644165178130216,3
0.012447927910234309,0.8202826804482771,0.994160818059358,0.27208722976521305,-0.04030168084924281,0.44440445616658725,0.915141247058537,0.8891549070747906,0.8344325672423119,0.16946765078938328,3
0.0022861267698879115,0.09005974347877911,0.6330869184359984,0.273418350866596,0.023502020162784028,0.20016411594609956,0.5952699514477413,0.2449998207233948,0.6636456021849758,0.7653277764956644,0
0.16770562923615723,0.16861620663263596,0.29566610539673466,0.7480635834824626,0.886355677971823,0.2847284823968874,0.4330926007621578,0.8722443011176131,0.6023466455684284,0.2977287382188844,3
-0.13125982925459792,1.1789089671536361,0.644454124434128,0.294022695471013,-0.07672047060040332,0.19206257235100746,0.6707545796717346,1.1729949186057689,0.41613888801562376,0.20287475296353688,3
0.45959560755099604,0.39146543961835134,1.084517039696242,0.11416763879456465,-0.12929886323616793,0.082052227525436,0.7154945148890399,1.1202705010968672,-0.22558843530097344,0.31301208445805695,0
0.12245384988823294,1.03412827304025,0.4290025343392109,1.3212501653988178,1.0189657076912035,0.47640718604168125,0.8609364696720646,0.6282384823250833,-0.0252308283497249,0.2307328584480942,1
1.3677516334810964,0.6462492826000282,0.4571547011703815,-0.08233422613581629,0.20370117703052068,0.9329616531621899,1.0604100185557432,0.18262174776194684,0.03233191263991897,-0.0190616202106985,1
0.47674796300914835,0.19682968817622493,0.11064727084241142,1.0338780457186851,0.48311886828372436,0.828271531551795,0.9562666230904069,0.73344483509788,0.5159180033928158,-0.05905869495230977,1
0.6063126153335067,-0.050499686390823674,0.24287845836583422,0.24855886023625823,0.3453995344453925,0.5428851540854085,0.34421459093220264,0.8485960278623219,0.450097812846643,-0.015560121751206316,3
0.9189058359174229,0.21581023749770745,0.9003784763918042,0.388611498393043,0.4874586444051273,0.7346499953590541,0.15205491909264757,0.7186181433298334,0.8549974174469135,0.9076444923481565,1
0.43404704537502087,0.02652120726389255,0.5265839155477905,1.1001139588353492,0.9673103093510262,1.1007764437575454,0.7505385463558535,1.1988400293062411,1.147423835921444,0.9480232833682944,0
0.4701446270544849,0.1585308702765108,0.7253330369361151,0.17959586430572483,0.9834161867990621,0.11973561282900304,0.4126130641581993,0.9900469461424628,0.7279680735509138,0.303195721588768,0
-0.11529826753044978,1.0131534572232122,1.0387873412259525,0.4237488913128872,0.11444339894357305,0.3359820956698317,0.8970137083949064,1.0501599140444045,0.7263468479533861,0.03515219655473567,3
0.7985607882495305,0.2655781970382785,0.9659997525082755,0.14556543583696285,1.0050892315681816,0.23556926930990135,0.7496379156937101,0.9965771223208592,0.6892839383692059,0.6588238454461242,0
0.6739506092736904,0.523930807543023,0.9615965730086085,-0.10698344141285698,0.9107094661825414,0.2879106248369197,1.1112248124968742,1.0380315603213446,1.0419286992746721,0.8571765657715081,0
0.8113581437841646,0.1441483941572167,0.6714606079425346,0.11258716023202345,0.515994677319123,0.39963024885535026,0.17837143987420498,0.9080003113040463,0.9397714774245228,0.7919310743893144,2
-0.09545108168319724,0.16903356591970561,0.6880214406573292,0.1743636117600668,-0.003824151233486499,0.2180064725938344,0.6081693338729217,0.20673680877829925,0.7082910401891738,0.7127840924972999,0
0.22488437785394275,0.18279874948329652,0.6038920717925034,0.2104324246499241,0.9765946831860821,0.11209490842419555,0.6489172761229267,0.853745306090676,0.6763066714671315,0.2218605081415676,0
0.8069379198206779,0.23648255733332757,0.7592811812024806,-0.027847968057301914,1.2098823338070055,0.22952326550261568,0.9414636392037607,1.0070945312491921,0.8473640253209775,0.48474196712548706,0
0.025101450054009735,0.1535455379197841,0.6665072155680473,0.29920908621070763,0.037140849459178546,0.17214442134384872,0.5183622553534051,0.2488226702753558,0.6734227879390546,0.7372093600257972,0
0.6234848569112595,0.21642099682709082,0.1351695990837008,0.9066908944209018,0.40136767950224955,0.8405274402566493,1.064138965751319,0.5975396757892928,0.5563670943660853,0.06882966680793318,1
0.8666242918407073,0.4020089004770955,0.8127932565665329,0.5577856025979343,0.7209809878522783,0.28038813444489263,0.7391268091992258,0.9905455957665711,1.0096022048475466,0.518746785555921,0
0.6680808533982265,1.0201974280707324,0.33428158975629163,0.34585944520557077,0.2804594644817406,0.874012059094156,1.1225906561235914,0.13856252364071098,0.9600649376042141,0.014005311491861488,0
0.3734930811322037,0.2033166528655987,0.3440464574272144,1.3022020411306832,0.08162605628775069,-0.3553819968805131,0.08804562262514493,1.0997869527882167,-0.1832449330201038,0.7186403916091743,3
0.11609382508818628,0.24364406548758016,0.6774896320188979,1.04847378850098,0.7557585762849411,0.9563129850170866,0.5761287821767525,0.41018367978498416,0.42419789800971625,0.539895953809361,3
-0.4212315267085558,0.8463741209996402,1.3398833819989648,0.41755297580765827,0.7427323726331109,1.087497830110781,0.7856755613014692,0.2917075561649999,0.2063019003309543,1.1627502197678667,2
0.934795313317625,0.2738146801824328,0.3448097508305388,0.9281625445188517,0.5637388929553453,0.48798805483809937,1.072063176078995,0.5258667214890731,1.0147403116343061,0.4344740518588143,0
0.4499389399881941,0.5448479775884429,0.2248530529657001,0.6219221872719118,0.8129924140161967,0.970733681366993,0.05216217258578532,0.6780105610451165,0.9690877243695959,0.1542066126239575,0
0.839412227742441,0.16994704064175503,0.5492551066952647,0.5315682259770762,0.15124049026477798,0.10207962748698586,0.25989104084376513,0.9064538120066098,0.5100480612227251,0.6103457552640735,2
0.09317475972020872,1.402558315632365,0.881980401064671,0.2041656546048204,0.11428326120735778,0.41520452847486367,0.6064535599619926,0.4410625185651105,0.27794593574352633,0.09092039496144266,1
0.2920027114307996,0.22710763743023132,0.388902714652892,0.4114379004392271,0.28256121620858654,0.8137230069661983,0.17149396187535784,-0.1482011228255202,0.6399380758716312,0.8961945378426406,2
0.5293731636180602,0.15938169931801055,1.0456760208572402,0.6851022373978026,0.3603632606951036,0.8746210984135585,0.29122105258273373,-0.03531181728363866,0.4182798990939537,0.5402482758001717,0
0.7370031951978405,0.6894737440707868,0.990072944025314,0.6991522248429077,0.43810533826244774,0.726904803269828,0.5554959438419317,0.6933931281327642,0.3627101691072021,0.29321035046341587,3
0.11003190204325429,0.8575367737939773,0.8222104974660288,0.8102370297355898,0.5318034557907712,0.7781945284005615,0.15347003960302116,0.8357091534835617,0.5774416196223509,0.6077216047972209,3
0.6583836403139268,0.9813008111657594,0.8423576077535747,0.8094195186317547,1.0277847458012563,0.18119715504295952,0.7948844336664878,0.42074384592116043,0.46477413836325704,0.4802984630118748,1
0.2927576712343205,0.5309595363379724,0.17569154406514412,0.6586624510059153,0.8174656126281845,0.6065537988884984,-0.16271735562772682,0.6051635979444213,1.051078036502934,0.40044628748462263,0
0.30983908270209076,-0.1274957191507981,0.44113655787000017,0.5598180556662455,0.6030049833192388,1.0357118660288684,0.7417102074449812,0.2570381767843323,0.3659362523045889,0.882019919592678,3
0.0035240380943702826,0.13285685751842535,0.34302971460584397,0.8409306545864672,0.9624514997433682,0.22691629201559066,0.4183200034071767,0.8313416518949477,0.6678720795574233,0.38199083500722897,3
1.0220842831804382,0.6867899422152025,0.8222416228465251,0.26476116363849217,0.7059303327589682,0.49473747207333,0.47107033933748294,0.44921213380908764,0.41097347850177035,0.5829644872050929,2
0.8965582142693724,0.38194907185398164,0.8377042288213241,0.5422715538474348,0.7387684696652774,0.30456831764018455,0.7605932211968176,1.0070823621791842,1.007639839520905,0.5543902327492619,0
1.1233960975994957,0.32116145122065265,0.537332570651674,0.8212543820920166,0.8835921098166791,0.37244794742894805,0.9084820546784945,0.8026724549897933,0.940176614761635,0.2663936583367905,0
0.5373583728914882,0.2733819720223157,0.05971773989301209,1.0073633847294863,0.4095970133915937,0.7836402606327936,0.9713761868410292,0.6773736010224208,0.535874800922043,0.038828956345133656,1
0.5773530149800274,0.6190158947141592,1.1281011109716679,0.23771748633022033,0.6494967503666453,0.5646741982548783,0.37518221476977287,0.5210456575747832,0.21632778489458154,0.6851241328303121,3
0.11558736124415515,0.8414516151172832,0.8162168771517002,0.82817636134145,0.5252004740708791,0.7645664010627518,0.14814342981198791,0.8194807634012073,0.5773951986959428,0.5959242093443119,3
0.9282941396041697,0.6654132371907021,0.8243549682991017,0.3134363964664429,0.6318598680159163,0.5415370758395623,0.3774783329479288,0.46246155076376405,0.37728448467691433,0.6446366546805985,2
-0.26803058209452113,0.3971755099482329,0.42605827776952837,0.003223205107141275,1.1793505797316395,0.13741407944953588,0.9605813842054214,0.21557672649321097,-0.3008054332266098,0.5602054520200194,2
0.9135672615384218,0.07371125871008666,0.557432369325298,0.4362484160668735,0.19535932716349333,0.0889846423941521,0.2571687453803001,1.061116681965126,0.43691564017544315,0.697810178005681,2
0.14694595128982274,0.20306472878003953,0.30815695371375,0.7148392547021512,0.9029507115899528,0.26238784250723396,0.41763063581873144,0.8120627382912772,0.6202025518399621,0.2947106400789454,3
0.6588107448379916,0.08101550899757531,0.5077217733913587,0.4887955312660369,-0.34008450966387094,0.346861735455267,1.232459300425501,0.9125600762200095,-0.11149347451174191,0.5539617880713708,0
0.32551275586189254,0.15432715119720503,0.4242946446063187,0.10759850599831498,0.575568076025259,0.8012460473211699,0.28623153041631955,-0.0158451903539394,0.7803087574212956,0.6881596547863653,2
1.0354147805665204,1.5457749269488723,1.0827433112609333,0.5920247942351327,0.039011223336830214,1.6814898486429595,1.1068780890922523,0.4148412655554523,1.0303220496730794,0.34156260934854943,3
0.16255322594557006,0.7713871735623549,0.48045637344630904,0.5815734291678446,0.1417564691580693,0.8338202006120053,0.5128951064330599,0.7202252782241947,0.10334006599372038,0.7318083993856953,1
0.9509210954453837,0.3230303370740619,0.3790497972506364,0.9989650163850808,0.6454014323224233,0.5740913893926687,0.9712750957600321,0.5733295226316155,0.9401957675418169,0.4884548340844435,0
0.6610972320089304,0.05851336152114451,0.7569756082220764,1.0167917884994098,0.530917137685977,0.909608561566924,-0.047766069869724204,-0.20525747877724326,0.4970999958744786,0.8410913291023138,0
0.10823492812077343,0.4742510657205431,0.3036035888292953,0.9551973198113052,0.5906671824281363,0.7740498890833174,0.3630318069540959,0.08036229100383485,0.16221330991672264,0.06574410604416503,1
0.14623560656365864,0.6872066308841599,0.3105525792773574,0.5087135662468654,0.5347254595903685,0.8433812311122239,0.5748152401875397,0.042438457243932026,0.9734656685130388,0.1879977800165017,0
0.976302581710293,0.35626847828176544,0.3472829684704678,1.0262951099870652,0.5949487031890539,0.5421950827209098,1.0047265777703562,0.5301264396020395,0.9733110822309554,0.42213428521417556,0
0.19819883486633932,0.6275641443242075,0.8323307758697982,0.3952424646996901,0.3056992843578821,0.5926589885269422,0.8893790615739352,0.4824177542082161,-0.07140730265613776,0.07502551689786036,3
0.647600954463333,0.411630597906608,0.6792539671807227,0.27668954735176154,0.41098607089940614,0.4675557497474769,0.6985194151602239,0.5733862355741035,0.7258271687534136,1.033374233724112,2
0.8688579280597778,0.308364912586659,0.38314775837458154,0.8832838010556178,0.7395579132815329,0.433034770954692,0.9854456009554016,0.5973781491795757,0.8909774057242432,0.3596290452241258,0
0.1327545367745179,1.3033294198169365,0.7185684108696784,0.8872528574278689,0.6667167057062466,0.14632207746346207,0.64864226678293,0.266299364648911,0.6313907392097025,0.5747302618395935,0
0.6926134170219241,0.6864700853480763,0.6078428389644804,-0.038651304316823995,0.508867013857843,0.07781091905930147,0.8544681973440477,1.0673392627223224,0.7188170888372234,0.8510585398757378,1
-0.06374911067400776,0.3653784942650307,0.5467962356609289,0.13503992107246207,1.0146874182343077,0.6962635960040034,0.14734383427381603,0.7164345279705193,1.0236158621760052,0.5076211437810189,2
0.23295301573471336,0.46055488389295923,0.20651436003216006,0.8342686458003409,0.1222505861566877,0.36622487783675894,0.3382825333713592,0.2281425622727961,0.49153626234448056,1.0473314896305599,1
0.44439838588494024,0.9247161536394064,0.36527580024006395,-0.09771596135071564,0.0485033515218814,0.8800710055912568,0.49603103642709856,0.11357351467831428,0.9850947125252659,1.157464922494905,2
0.25862630828866306,0.6794594734258907,1.1139406840635857,0.8109247717212109,1.008899689319053,0.05049893044871023,0.45188218535964486,-0.07351628173473901,-0.07825062352540729,0.9934899003053966,3
0.06195321100880344,0.8925572706966347,0.7691743871840279,0.48631923722481907,0.4689340162675618,0.9287846248683486,0.21311257705001688,0.8935471350735097,-0.004082630916436517,0.1997923243547306,3
1.1155129448247774,0.8886688706138707,1.4415667309122293,0.47531866613405244,0.1395648612389852,0.4114348142700401,0.653664056008258,-0.08359457648996249,0.14588706809109397,-0.19165264973618867,3
0.6027967295876583,-0.23770802557333026,0.7884868620934717,1.0917030596105286,0.0935659298505892,0.4865023368584558,0.4532664695615257,0.9380497213332655,-0.08970116113150062,1.2459475134408051,0
0.7495774162972427,0.8438702121897488,0.8533992174732911,0.6196121732009104,0.735054993771166,0.8800349828478601,0.09985973783167779,0.7430950989075434,0.7028195061739577,0.436410782318996,0
0.5090473919995107,0.582414423854498,0.9177316991356623,0.45881922014499477,0.4414792278870381,0.7018224185873044,0.6117413672998805,0.5114280556882999,0.29162340082133636,0.3997505174207134,3
0.5350499201914645,0.8101198904966803,0.5324180918020437,0.361393820208859,0.447709023978697,0.7857314573112514,0.1666312374576825,0.8164578134980518,0.34842183789531345,0.3983119284064816,2
0.20522246759453297,0.3725982723738256,0.23629023936706317,0.18393767213359127,0.4676876309796826,0.8534630927427681,0.30614576834473484,0.05382097338264805,0.7813245066447001,0.8591941884197262,2
0.8545768810461889,0.3709018330809105,0.7871862722159481,0.5487146025654493,0.70917675608321,0.28086298149142974,0.732834131009605,0.996698208975028,0.9857741188131991,0.5222804038792705,0
0.38642997393005224,1.2683241036326787,0.3833606988819465,0.9311793015273091,0.8728800929101396,0.3099241577149777,-0.10977911055446443,0.8049376372307453,0.10614668536016565,-0.04885932811529628,1
0.43114773070357193,0.07652826083516817,0.26219590456669645,0.268402754293356,0.2815361611925745,0.53965628351491,0.43979112658942376,0.9487226717598559,0.3347314507369509,0.11515103059605566,3
0.9274881694566202,0.6033705493478724,0.4287478731722024,0.07942260322573003,0.3792040143917924,0.7314127065504724,0.6938927996592468,0.591117454949336,0.19917058518056796,0.13517471162721245,1
0.05261516323695002,0.05382291620150978,0.6347019900128131,0.2563245833388577,0.059722823311042283,0.2433296951940585,0.5438673382655533,0.2051134412703715,0.7405850334148303,0.7669499231529533,0
0.5330196817281603,0.8057929602978632,0.5348923341221733,0.3491498928488047,0.4453009821695727,0.7872701091132562,0.17049826506551205,0.8056712879154337,0.35502176268735314,0.37837716235442675,2
0.5138706411263934,0.531253542674115,0.9412029486088452,0.589721740355969,0.5576639304233393,0.6960874773158233,0.5554196426197258,0.6079908159003555,0.1723286761263792,0.45510387782045947,3
0.20624791235836668,0.14606277455911065,0.34410084192128443,0.7093229819892473,0.813686721862757,0.1946865302335982,0.49087612391155516,0.7898474838117692,0.5563930335608107,0.3689660574494888,3
0.0688704522068065,0.6534686890001548,0.23503514292110142,0.28617324283447376,-0.07308396319218252,0.3545041580300257,0.5492780075401015,0.36032098670638335,1.1249007947624639,-0.16686409517319953,1
0.0999384192475931,0.14171026614303683,0.3104591507563209,0.7439255388077498,0.8259232187632021,0.26889751330121897,0.4052752829021567,0.8028604827038335,0.6852916404602949,0.2463448622991467,3
0.33242712711837163,0.5576236721046561,1.0682288102486768,0.9939931021530699,0.03586643899956532,0.12877444283049816,0.5537696041622593,0.43597074055880813,-0.10148956542192505,-0.05842093739108034,1
0.2208884863819195,0.8362692025012107,0.3705149276189122,0.8957255103243376,0.48805276790991586,0.21729678691219365,0.896649957638195,0.056715301502093515,0.4363108732833235,0.8870833232878713,0
0.5038081717207432,0.04186186567341074,0.9664365235062614,0.9238325142839209,0.4903333352238232,0.6958618987729625,0.23011382938631098,0.03172976695315577,0.6600644013468824,0.5228316888328249,0
0.7397573942731438,0.7642241221574269,0.976015664254532,0.5989165683302775,0.6703827417281959,0.7927162931642308,0.12586899967702442,0.7686487016811854,0.7848676888397681,0.5810161008952343,0
0.048672650802069374,0.28640499244694834,0.3470327395101931,0.26290395674562456,0.9651436659647052,0.5694830576805876,0.21971502189816972,0.871518040594367,0.8332662162914918,0.5595450203453219,2
0.412619189733227,0.5116997852442217,0.7279098714572725,0.356137434686408,0.3900172374920136,0.8704174688318729,0.9399468078770264,0.4186254645041693,1.202084897722925,0.8929366997775143,2
0.46505512226963736,0.5819588878316628,0.7487489375927205,0.9399398958529102,0.667566099385968,0.6875426309431579,0.5655877312715207,0.03957067668614733,0.31570096381820345,-0.4295646825308028,3
0.4670646176511629,0.5429875897601856,0.2300324504970657,0.6431741581003493,0.784473877466332,0.9242319137757562,0.020900243370153927,0.6572911125943302,0.9777166965152334,0.16211012603457992,0
0.15485361710466858,0.5995742451231839,0.04599809268779295,0.24773236342673668,0.08463835040578484,0.5076092340767618,0.6961257266415729,0.1498678188232722,0.9851758415821763,0.04205648044903261,1
-0.20518841253038306,0.6448743643567079,0.10916699092265342,1.0873146720094224,0.8767768868703387,0.028832168334273517,0.4431191622267021,0.4944857806923172,0.6976083033491877,0.40120922313139507,0
0.14413891208782562,0.30872098694381933,0.3581931315268982,0.10907852760129695,0.40162324927234894,0.7115615987080741,0.2819515234684522,0.047538843919302076,0.6879418023323687,0.679322828007561,2
0.29085847979310253,0.15625258183883634,0.6735098432508877,0.8951016312986196,0.7975160436878743,0.8449501706341899,0.5618283429145104,0.2362586238342777,0.48294466337151887,0.6955912201865294,3
0.4972760861939044,0.47808534530839275,0.21536954334047143,0.7395409024308773,0.8320096558423797,1.0037623141792649,-0.04289286432780097,0.5735330806715361,0.8928218147901679,0.06760700804043845,0
1.0727530839107353,0.39227228262509745,0.7133916312344062,0.1456636293525072,0.9936667157325709,0.3588262061845445,0.7161127592785425,0.872098850336118,0.7654188746133247,0.6835454703070863,0
0.8657343329464272,0.40456009048200203,0.8210655777832918,0.5787886423501054,0.7200328550040798,0.2867013515450904,0.734850619699689,0.9886926800518939,0.9849880559273315,0.5174176823606322,0
1.2153398049340556,0.27663998865204,0.8700810102437269,0.5285697402430636,-0.14526778356562695,0.062488065174989615,1.2120111556348758,0.8987012831213187,0.6302935761901349,-0.10497998656644497,0
-0.029106610080311512,0.7422290114617979,0.5428067620408074,0.7494602039129075,0.5721413210150752,0.9184919380806098,0.47193215182809384,-0.19240211910608632,1.2065978801100548,0.024123707008020523,0
0.24438026939854302,0.7736432797391611,0.46546844588543923,0.4481488442694603,0.7443326277045842,0.6765779546911157,0.6210815339488938,-0.17222509472779826,1.1009375465740359,0.265175383255769,0
0.7785313346953857,0.478524027823404,0.7216086902318073,0.4893621501007594,0.6594764709428238,0.35424602442947034,0.7172114283048284,0.9973402807475578,1.069160664998595,0.4468667084044824,0
0.9718970977780793,1.199977615168677,0.015494525742562049,0.5434529531488046,0.5213495081564659,0.5835036148378341,0.8219245554456557,0.605018688387844,0.6970123987686697,-0.12664054183978696,1
0.4938353379243848,0.7091405656217082,1.0435207235494715,0.8347415550028456,-0.05922481583607331,-0.062497566797397486,0.2802605142061896,0.6826690063209432,-0.021703532198678904,0.27214575614331293,3
-0.17513701897907252,0.7698955892469269,0.25437267196981955,0.7264139029765795,-0.1187458340462674,0.5979168095353367,0.49509633772645334,0.04387138270636942,0.8045009556110617,0.8856636543412862,1
0.0025684061593053906,0.655248239677663,0.055991447654209284,0.9511633151141098,0.09500709697246018,0.562766320983327,0.0484291554510152,0.23221860880899148,0.45853937591239646,1.0744219291211805,1
0.12990768087035817,0.21202661085051663,0.2640871966383843,0.7115348050656156,0.8807341993873655,0.25648804298508304,0.426538821093323,0.8053464680386457,0.6307943086167245,0.28228018512921865,3
-0.0006270391868464301,0.5345081466266046,0.302196079499922,0.17869143079267674,0.9592804570526282,0.4758923859512791,0.9735622775600263,0.3603804416932439,0.23570565323687603,0.6292227824733033,2
-0.0826068782948529,0.358597663772936,1.1857890208813386,-0.1516232398155859,-0.0246386219926389,0.2546541122247595,0.593333504262745,1.4935680286404374,0.2666095467324307,-0.2758954067030882,3
1.3215933699553237,-0.2099018877647844,-0.21735780743728403,0.9513863659881343,0.8078555685532569,0.26775099826858384,0.43017987996398815,0.9775852323281907,1.1285847427999491,0.4005672869967381,1
0.09589485463324252,0.22872697026909128,0.18272607600747443,0.6847316907927985,0.8345119542142609,0.26300682184771434,0.48877461003428624,0.8580958375963895,0.6773654508313702,0.3641818338194272,3
1.0395036442569245,0.6524243352377102,0.598954642316479,0.1893178202583877,0.43495001131331296,0.7097095752654902,0.5983665042432244,0.6036948375174165,0.3094712576396877,0.10948729042273461,1
0.9335163078297838,0.23027473893516107,0.918324802160617,0.40969098460681413,0.5702013361901382,0.6236911589776627,0.2183138090044749,0.6806205669615438,0.8858029383447326,0.8582780145917841,1
0.31732619591674804,0.16867853098508953,0.6863955711177114,0.7512177072589368,0.8672881298995427,0.8683103215571009,0.4857293471200464,0.1965235860768016,0.49338903711698934,0.8438991066576571,3
0.5758208780191715,0.038505228483856235,1.8927770778192956,0.12213597008465665,-0.9009602826729708,1.0477994418140044,0.1623636791176868,1.1369725681757266,0.8985544780718848,0.10767547745418014,0
0.8135904269357899,0.23483445282866588,0.5899995205334624,0.5910425174279482,0.16934870415805017,0.07414940452256641,0.28442176803804,0.8654296158762621,0.5747540610917021,0.5850699666641601,2
0.7785940441877155,0.25512834354025904,0.5358160268740233,0.5424259518440401,0.21566259061144988,0.056110402065972,0.3176514490277248,0.9879948919688897,0.6113840681779128,0.6435778590313388,2
0.8033328568611551,0.7265566956245373,0.8367285162628324,0.5796309944291743,1.1278588446865356,0.3778481768965779,0.45144416169568397,1.0884015456197902,0.337123598314025,0.9448237225770482,0
0.17331736409504847,0.20979058187451743,0.8262607077487877,0.19112949274856703,0.7580925959846688,0.0847005201733796,0.7710151689770082,0.07993616660328998,0.27709596687435295,0.7627956750661357,0
0.1760448252241134,0.6657999011554211,0.2915496616710231,0.4912017100595149,0.5114678862503824,0.8452167977502472,0.5676426794517543,0.055744363018521925,0.9663623713668462,0.20074926355487197,0
0.32142379655241005,0.13991160967022478,0.6512924264489944,0.8731341038962194,0.7549186836685933,0.8531948071584141,0.5432533681545529,0.21118534004138792,0.516736410594485,0.7329110695848639,3
0.8517965483259757,0.847862487673861,0.8797514102074515,0.642009982951621,0.5888565338113693,0.8184274960229515,0.10772182356730411,0.7584294790357698,0.6903659219499503,0.525250583623105,0
0.000753217427309803,0.09476631301659276,0.6381641114589297,0.26081572030675093,0.029556082523813716,0.2289902663945386,0.5704155007720432,0.2364914308134723,0.6820115312810663,0.7709698702459601,0
0.8933998089927988,0.17536143132449017,0.6095360186963332,0.09136053120783333,0.5052595211956051,0.42428371881177235,0.21751306263322315,0.9435266804584971,0.948031662312981,0.7985248453118139,2
0.1420119951985407,0.2386172868970288,0.8171011893302733,0.20309157920009507,0.7941995686496629,0.1196740927254629,0.8030885122807242,0.07575412334744341,0.2682315736442028,0.7664060320055979,0
0.2890383397847248,0.32022235630637724,0.5535258394259943,0.6915450297193232,0.18535768410904335,0.5972333788895832,0.4087006497704725,0.4671387885820828,0.15867874003496402,0.8476009420491369,3
0.8313760215616625,0.841643019904617,0.7557141863403869,0.537106361551502,0.6694745045994736,0.8002520982430231,0.1122002308043256,0.8811237237542421,0.7369656809321967,0.5953335155684636,0
0.368197700667782,0.7485676170576525,0.3921703916404577,0.7146059432633093,0.8021130065595555,0.26211552370726987,0.7687557899070055,0.9332978185311406,0.17165289181273988,0.2661796391123656,2
0.712563763725343,0.32920744095435156,0.9542841960518627,0.35083169710836587,0.010223615675074224,0.44608476309776246,0.8495649767677145,0.635824257186972,0.22056864093183814,0.14268507879251296,0
-0.43335596727008663,0.8755758682791308,1.3063055030941717,0.8486186041506,0.3525331787907526,0.8513389885456564,0.6738729445123435,0.965868085319681,1.272506663295251,-0.5160326123330327,3
0.31263789377234963,0.9002222177993022,0.36544484208485306,0.7797946200812861,0.8938020489966985,0.2522837810710924,0.8207973103165394,0.9531792375438861,0.3006193829476208,0.3198097387458435,2
0.9209343651899768,0.7498657756731715,1.038035911608405,0.8560860921819352,0.736518512825504,0.9898060943935195,0.2620762789813973,0.7285886088783585,0.8867214171546315,0.4353948277632811,0
0.44756973869937533,-0.021007841863112817,0.898914279137946,0.8974704909945314,0.5349972127722223,0.6999898224633795,0.237608867817905,0.13636635569447592,0.5490601751867495,0.6180360219438459,0
0.5300177365127301,1.1676963734778596,0.08708447369975936,-0.17751838550502524,0.6090370923659112,0.5651785301512153,0.7037113284134587,0.10231352522570475,0.8076037511510998,0.6517708545934723,1
0.7447473682785165,0.7651638758354973,-0.012708175448722575,0.5866661111857332,0.5939334862126278,0.4635784503780317,0.6767251754095135,0.10233284133502499,0.5987724065622377,-0.0633638839102515,0
0.09646593976132763,0.843834526335478,0.8327701380707743,0.8051445412412516,0.529316828283014,0.7781125890956577,0.1476455876334253,0.8381093693684016,0.5816432734141403,0.5911645828805506,3
0.6946265881866224,0.3547921008553265,0.8580741961269244,0.47747536870567614,0.003379435503497452,0.16411959950904012,0.9376984909676866,0.4329798601363736,0.4065643723125987,0.4068536280948587,0
0.9573045067439003,0.3520282901830787,0.3805443616828865,1.014105422868016,0.6688772660044118,0.5158724882294997,1.0728515112596775,0.6477802213004102,0.9264730824455634,0.3789515108289566,0
-0.02262387287620661,0.3220945597147611,0.23367437584216202,0.20063174465802788,1.0531225532624207,0.555889420423966,0.2956794902373602,0.7516183654063783,0.8584552124126444,0.6686598275065736,2
0.5211815297203859,0.7125556773926697,0.8525179415287002,0.8927896526342198,0.6319133496753594,0.47527615035691295,0.4798075682481371,0.35779939501150065,0.2234316263126368,0.034675016377246085,1
1.1154303051391603,0.13897149530645958,0.3289118694956702,0.9455480641484639,0.5193658003809458,0.4542742376316107,0.960954986306024,0.8122761035179978,1.0098427686110936,0.5475222254859209,0
1.059059299752824,0.5522633927601613,0.9529816238856432,0.4100995825804966,1.357524247482316,0.3727497036282408,0.9238156124054899,0.8084619348597049,0.859072820783866,0.2472516346220176,0
0.2502947184066084,-0.05055463409517022,0.7262452852875217,0.21393230815482628,1.0871731208950441,-0.05013461017805842,0.5305583069361994,0.7899015415363331,0.8116212291860101,0.15893611483159079,0
0.8418984076944557,0.36227623919654606,0.8386214041503663,0.5362157829124573,0.6824480705203195,0.28406770587110813,0.7118692492263714,1.010196698887157,0.9862078237161602,0.5550786696223138,0
0.2554060835568865,0.6887483001719203,0.3312801801508841,0.5757836159165906,0.4110856875526445,0.9977044572485417,0.6715923921084446,0.1410697590962141,0.9276155506070022,0.21672393761140515,0
0.44795295657344275,0.49346469351822925,0.3040096174269287,0.6903956500765378,0.8355685017833275,0.971952974954703,0.07702088592874595,0.7388605885504083,0.906048504496282,0.20360870362123468,0
0.6999710769396688,0.41174107059213666,0.6034945854389804,0.24144105288289738,0.12263550315475918,0.5592234498939864,0.9279432652132137,0.39596584774161514,0.7757856832384946,0.8599460025350248,2
0.16491177877662339,0.11157963389489824,0.43704535933144406,0.4867054187348907,0.4479935393493962,0.643524723736097,0.8848896454392519,0.9443637617403422,0.1905597079393099,0.2428665055773616,3
0.9988467407856615,0.6110190230803271,0.8611128165346288,0.33719480201329083,0.6205884036347191,0.5118681828569107,0.3295565069715007,0.4533301786133221,0.27452068707281185,0.6297494866468366,2
0.6313329812469075,-0.11933488225053718,0.33257019369604673,0.6997385429905487,0.7215805243951564,0.6685583737662082,0.7954564098386049,0.4529984976813529,0.27809964068489035,0.9481101852293197,3
0.37918005204137917,0.6311254220529323,-0.19189474853786576,0.3007600877076422,0.25258890206098583,0.5012921141622941,0.8440276794839877,0.04818851698294267,0.9606115074451871,0.08764487165347654,1
0.050585474452995396,0.27899996014491063,0.3581487078483313,0.27367946378509855,0.9547126924368106,0.5940095997747715,0.19770249182593014,0.8807004991819339,0.8445602511508221,0.5560572917126141,2
0.9499237013229636,0.30055354960009917,0.8177301387063736,0.25196572638299697,1.0795116087525343,0.3559638439974997,0.6735708090379854,0.9230326203614099,0.7128660072272162,0.6453388795054938,0
0.2875702907064357,0.8364434033012085,1.1017027118588556,0.6480135957296272,0.8182997764074257,0.8398528230185669,1.0766227985141248,0.5829961211208794,0.8631381836826213,0.9607695694377332,2
0.11958329229317381,0.48789165463834866,0.303420077562342,0.9740270002170761,0.6113241152561524,0.8020211430068083,0.3651040761995779,0.06757910692811475,0.19377783047826913,0.05870235207416497,1
0.8572808580007245,0.5982792921554839,0.6901556112722158,0.19187373583735065,0.5720202508609784,0.8540526552018869,0.49762921005807426,0.959444329088341,0.23401949556956742,0.16693002243213617,1
0.4660604794733273,0.06421723506103974,-0.09607573757919086,1.219770809434983,-0.08702383750027565,0.7614968537505267,0.6309085059766953,1.3736733265111782,0.6531061168655986,0.45244256888666423,0
1.1416330976392417,0.7757805547041046,0.7517910554667482,0.7867412570141765,0.38809951084061634,0.8534680140331223,-0.14130158803473225,0.5455449694205953,0.6358388500155137,0.597197643954061,0
0.9747204235644611,0.34404125667226787,0.8506340714768545,0.1688393426120518,0.6060031364872198,0.27392244885734973,0.023908652753252047,0.7450760452804103,0.8993269531588726,0.5676336336652964,2
-0.2914147634726057,0.9384669198326709,0.6360097715982964,0.030637357740633142,0.4139527999977414,0.3647206051831541,1.1337830241314084,0.9002395003891124,0.6765593690779088,-0.08831669946018086,3
0.40816687161830056,0.09972128050484984,1.1336547090582443,0.8230359787686269,0.5228159893055967,0.5696614017606645,0.36169895401827035,0.22755788796380627,0.58114841295356,0.770969978080764,0
0.8202173841625892,0.5226048693219995,0.6990813400971582,0.1574311876981943,0.6636750182144199,0.8242761609114203,0.45843964034463935,1.0579315839762773,0.26546707478264936,0.19536110942553656,1
0.8619938746344329,0.38101112412147276,0.8032882109710044,0.5365127131897877,0.7237753618047087,0.2791274775579384,0.7580856761637549,0.9959634957935206,0.9776034352853934,0.5174073493403295,0
0.4700195835475324,0.6021175911179079,0.1136016012558694,0.5929897746853912,0.6474242421955625,0.9730154797904771,0.3767026247334393,0.17325006359538045,0.6743052889112158,0.27671511087446965,0
0.2927491340409739,0.9896858130821339,1.1607422698150662,0.6257069581097882,0.9600732716022664,0.9646249038288061,0.9392945559861451,0.3781903555198962,0.8371466840207283,0.9410800900334774,2
0.017571237277096752,0.1112501950504682,0.6557470414019281,0.2600201236045023,0.0477331822683689,0.2440643681845721,0.5687830889667379,0.2358976887848321,0.6948507002541349,0.7657858759270058,0
0.5962518200137191,-0.013868627855429465,0.5395421424777448,0.5592691865481488,0.5911157172980962,0.615069653562661,0.10188036793939328,0.6539346263462145,0.43501770876012485,0.7167508365169317,0
0.5438768164438715,0.8039117285242442,0.5322825562445401,0.35504192600002565,0.42539508839641266,0.7988753229315417,0.16161993595970114,0.8386394916121407,0.3340089108265815,0.37192621290440675,2
0.9094698557319575,0.2485576910176849,0.807257849110176,0.284925965172693,1.1419377175319023,0.36905602070093163,0.7105555421080255,0.8996790654759289,0.6836286882180527,0.5117439562113363,0
0.7073384461870791,0.5071430567928745,0.9902697367058905,0.03944155173932354,0.9851519006303164,0.7288524290728677,0.296106710490502,1.134549169355206,0.6662330382236186,1.0758772565409838,0
0.7938166083293532,0.5501181497494022,0.8183586667659926,0.2823615622742823,0.5159228137540197,0.2284569926002793,1.3701976217535792,0.41330970004114326,0.9679070429063641,1.0804486081368574,2
0.5680905900011325,0.7789585412153792,1.1147036876637864,0.43319954026264584,0.5307092658825984,-0.14675692956621733,0.18029899389376414,1.299389897181461,0.857927227182187,0.7030654600134338,0
0.1659598839337051,-0.016740881658658113,0.6128114423778559,0.2009264758461732,0.989719700195837,-0.04113432394209115,0.5848354784554721,0.8689650448061986,0.8506485605625004,0.28776098905731906,0
0.24364665130435817,0.38854049588888817,1.1434237923457193,0.6828179232384675,0.0853292289013898,0.19111362561744125,0.5509431816863286,0.41682441844590556,-0.015943629397777492,0.19636806892874542,3
0.9691879910640213,0.31328357030632303,-0.37146793211214,0.7746207989354222,0.09976469846164804,1.42211476650082,1.1575344510965238,0.4021070190806398,0.6626391957717626,0.5815111392161919,1
0.11177679111032111,0.20099353272708334,0.3045105245302907,0.7397408667057668,0.8774919921400257,0.24673809563464763,0.44732821444613785,0.8135116999125437,0.6239156835573351,0.2713374072936177,3
0.8662349621931652,0.3468649929552018,0.8372355519882888,0.1808670065450462,0.9364314186699607,0.3677278053399274,0.8473851412395615,0.9849177127449783,0.6176549251558503,0.5136864480981166,0
0.5272907425898101,1.2461531074363845,0.22368409694655123,1.4092612368959885,0.7967035945318014,0.676919424444927,0.8903190209672296,-0.049694350020602976,0.8705238755285106,0.9669929297699681,0
0.7736453385017595,0.7178169168501652,0.4385174659152386,0.04165623998868554,0.562367164661506,0.024353916810989362,0.8787417400285289,0.9327503021913132,0.8575738768625678,0.7678085183911145,1
0.9571929164276735,0.6644076245189723,0.8388465577543247,0.3029608845324404,0.6332247462980609,0.5338738731076406,0.3663558725460754,0.4496018150205935,0.38934848698621044,0.6253984787966809,2
0.7694346204938156,0.8042900765018591,0.6269095493702301,0.9672358096886019,0.22809742857582282,0.5748846320465737,0.053424272231397896,0.24884725110204742,-0.19656444582521865,0.2800680002255413,3
1.4343009946281984,0.7022342939975461,-0.1378388416089843,0.44196787805607785,-0.22329896002411526,0.08305642409790637,0.19836461663920246,0.5723631514036469,0.4843409296739956,0.5125140824768682,2
0.17158447032108104,0.31669422172041456,0.5281133622042111,0.8074947175194547,0.17051582620346237,0.6819385627293924,0.3445502112410377,0.5679220785068104,0.13472812809030854,0.8539213750446523,3
0.43332332605004537,0.17615132678528872,0.663271221584785,0.8478465260650588,0.8595212058748496,1.0074575871343732,0.6288819343675047,0.07465575417219397,0.6065140373654985,0.6698073713141584,3
0.13928497888455804,0.20333546177916945,0.28309501026852857,0.745849379522827,0.8531911783254784,0.26403350221189015,0.4560716008910457,0.8525709025600812,0.6550265023221682,0.2813263930114044,3
0.12143003271745328,0.6371887709811752,0.04199222696296135,0.22558182881979028,0.0959115513696956,0.512513282993986,0.6618197342008831,0.18094348954043785,0.9483838050830344,0.017649535857741174,1
0.5572633854819279,0.5676317351328463,0.895854085113581,0.5286604997250135,0.517972007112131,0.6580107369761181,0.5848237186935685,0.5577858716089704,0.19046893138603735,0.4100015252577188,3
0.8346409866253952,1.0723936738647737,0.7631987672895794,0.6651214145683888,0.600958182428194,0.6490596554699135,0.7037275144656889,0.22224331176379017,0.07355765132739783,-0.2750775724556342,1
1.009105263575662,0.3867851871303987,0.4482928321011641,0.9354322068341183,0.696743822278501,0.466988786992859,1.039217132244824,0.5679711986251401,0.9015461341802314,0.45271186942700015,0
0.048346273136709986,0.8418896988940867,0.7715581674229048,0.5814582704392022,0.5044568645763864,0.31963276908529237,1.0865753390493427,1.5075435752033606,0.16309998590013997,0.6792644325804821,3
0.10238476950596283,0.8428992432240408,0.8267686137808266,0.8148795814745837,0.5437467354300917,0.77771464431159,0.14200068575527028,0.8415158286539337,0.5845568306318798,0.6026925544196468,3
0.12481975452545845,0.18745738778209184,0.2838089200894919,0.7300578584439317,0.8743944204339172,0.25417953242417124,0.44001352879405997,0.8275597148837524,0.6427258527909933,0.2858379544074583,3
0.9432650644131867,0.04483325446509956,0.8253679633905836,0.5747143383042916,0.3297882151051991,0.6512976993280526,0.5769843533185797,0.840794856873911,0.3049242613599411,0.5108419047388468,0
0.4805005921062618,0.4119237032605445,0.10125645034688108,0.7485401444427227,0.18037660747449158,-0.4611256550361367,0.9446845743179243,0.3204816088226585,0.07441124955216888,1.0557202689455514,2
0.5437237135003092,0.19331967743403977,0.6972614892516988,0.19857981751823078,0.9029870785690137,0.12169484225595213,0.5520739102909593,1.013081484111703,0.8399404819505261,-0.021179044469340713,0
0.3073038302786257,0.9971963533887296,0.2435560952322852,0.11935142186193776,0.09990640998164423,0.7369813134181068,0.6754139547586253,0.2592148788861343,0.7186480678910948,0.5170532716155369,1
0.09810110563860616,0.7891137528428835,0.4549844581739909,-0.04713678533035599,0.3124841329698382,0.8066228986602749,0.556259907262784,0.13202992528771804,0.5686216413320696,0.7530278035802838,1
0.06852789655882616,0.7889134814920457,0.3471360065827179,0.05111587242588447,-0.06244053173583447,0.8011850885935082,0.5456571323726314,0.2986976753420764,0.8142588297892124,0.3577837432350264,1
1.1129315283495576,0.4239218179065621,0.22096020916676193,0.9261150251100287,0.5043740594204554,0.6714603146905919,1.0264832865571243,0.8308187928185368,0.9270812904440895,0.5617005284057437,0
0.5327813426339171,0.8063354928888619,0.5359085946288302,0.3593312152959308,0.44090467149274765,0.7900441869599928,0.16198929114228552,0.8150560890654482,0.35046274818916123,0.3905721527477834,2
0.6655652520953391,0.19779651562233178,0.8422173587320767,0.7677413863676713,0.2782632267620963,0.13410931385140473,1.03340985967173,0.8703155467551159,0.17552944503395917,0.4857063884544286,0
0.44923516162547333,-0.09055566421906663,0.7809969731546442,0.07696968630010942,0.9981644158240615,-0.12474617924357945,0.6931521576023895,1.15972870661855,0.5736378002374938,0.16423036381566114,0
0.8571496910299994,0.14276760958930687,0.6443274906669455,0.06962291764685208,0.5300676748967447,0.4015772144265253,0.17748317489652396,0.9564979834558571,0.9074608832919723,0.8351041970730344,2
0.5650968566930955,0.34638785276291784,0.9558211202823462,0.5543962854193385,0.1281075799845778,0.931432403740253,1.4639538333787687,-0.04004320692248947,1.0548023161017681,1.024091343954518,2
1.2107727193915032,0.5162521800541816,0.429022460487178,-0.006194428522280415,0.5227715899527576,0.7240593641816218,1.0438308118990167,0.3498805745248731,1.133472462998514,0.47399269597993643,0
0.2166898573449716,1.0079179670832425,0.30015150116133904,0.8134780187574904,0.43487788764980084,0.05774799972388922,0.9592598846559834,0.07880989576637293,0.3341457519375177,0.7482069681113135,0
0.9361013820991139,0.3625664705114496,0.8619782732442636,0.14247325633476837,1.037262247634877,0.439380461911219,0.7628448384852906,0.8619502802519466,0.6981026575489416,0.6166843876592846,0
0.35232237867050875,0.6854078898116136,0.8545155941709954,1.0959608120132724,0.1871147043951905,0.27689958845779905,0.13706478547178066,0.6000365421154351,0.14936137121088688,0.22420607231323675,3
0.059869011776545265,0.46363539545515525,0.3439709762083736,0.21975471050549558,0.9685034679629918,0.5113750505988086,0.9751200848163861,0.381914109915444,0.19688033808133154,0.6683029701922466,2
0.791569623701459,0.3415609938936888,0.8234742520849251,0.36618859337423604,0.012944948586217364,0.27197270462213036,0.733827702693603,0.5977110683461129,0.3376513743752212,0.0882618530038572,0
0.37118447812632727,0.617022874856093,0.9976188898849464,0.7651011503336582,0.43494665850746006,0.6870783575724503,0.3277815347230619,0.3545523789525269,0.3075145603334414,0.6496613499914679,3
0.5013410187146213,0.07209810988384152,0.9708255027607856,0.8676471772957446,0.4353696358325412,0.7876090076290225,0.2731716695730667,0.06520635149412837,0.5956286108076754,0.6166736311771263,0
0.1959345505892093,0.9870078182085474,0.7924831243097634,0.6485102225506155,0.43684266168807845,0.8292579584906286,0.23951709047369044,0.9052328277959832,-0.00040334541275452267,0.20622034241534376,3
0.053881271096895514,-0.09896715673645673,-0.3714200822233573,0.4200087186983414,0.8211375012267433,1.1313592424855927,1.285926443578587,0.5621235459958744,-0.5241251659561297,0.6307256584307133,2
0.018080206271338897,0.5872598198556175,0.0916612201307257,1.007372367256921,0.12091197382304275,0.3367738065518521,0.29336173949352723,0.15530597222378495,0.4592594779984187,0.835306391139214,1
0.8740240236528799,0.13312223575044546,0.664599299157913,0.10160853659312685,0.5247885542037758,0.3911295460671426,0.21246567825867085,0.9423514202168131,0.9486287120388938,0.8036107595180738,2
0.0747764397461938,0.9085282370718437,1.0837601437519142,0.6502281125276992,0.5441647027908629,0.3424623792504117,-0.10185518525807935,0.5911645866745401,0.26096110792366867,0.5539255627016793,3
0.4626507142706443,0.5284109371576782,0.22637226216312817,0.6366032975860478,0.7645521143585006,0.9457822987353477,-0.0011334133439421627,0.6398224322826873,0.9838746693381482,0.18166747593473284,0
0.15831831356360618,0.44796845086007037,0.33698173340471954,0.9698351122074258,0.5637852822733466,0.7746313021860645,0.3268798655746315,0.10569411175229985,0.13988324408833688,0.0538655490813768,1
0.2577211204026328,0.19864993359891414,0.49935291161074347,0.12807475947104935,0.248037161205342,0.550446507275741,0.7170031160918107,-0.05457406908417611,0.7561265594376867,0.6828688792337106,0
1.109515953751563,0.5710796494283839,1.2558904170822047,-0.19909162242873757,-0.05659982591774351,0.950432406743146,1.5250149502623187,-0.4029825747557474,0.6063459705550928,0.24220111968132962,2
0.11929346892601628,0.4658245847717395,0.31009999968801355,0.9602981679289827,0.5897067350098754,0.7881779612324636,0.36725395573289893,0.07338625541280396,0.16521738440140904,0.06144843830170611,1
0.08873538978074053,0.8216957827535456,0.8984219619916181,0.6986393505723156,0.6497080850517362,0.8022850636452741,0.3170548451624011,1.1780171203863372,-0.19583639105925563,0.37737470749512114,3
0.07861854570064228,0.864458162831776,0.8993397444007426,0.6215351098838977,0.4295829784964798,0.938561152156609,0.19785014900597084,1.0143474747010741,-0.010358812910424571,0.2144524328334643,3
1.331331934792018,0.5556217535195924,0.9469497523994682,0.40989106328183933,-0.352138476047017,-0.03431335586354611,-0.2651537157533349,0.4620282307377063,0.46915457727866106,0.4857430831190209,2
0.19301499444841835,0.9817984012478463,0.40066389613287207,0.9262820955544626,0.6323338389482037,0.22149680417327566,0.9154754803510909,0.08645993450007866,0.4735414705693301,0.8028020253942563,0
0.47378095830625033,0.25777693226901355,0.37393685135688504,0.6435315086357555,0.21823263699703913,0.39918409827972035,0.9687681319075778,-0.0399153398835391,0.7488794251645687,0.17976109787971886,3
0.9793628604672465,0.6492038057459002,0.8105045740012338,0.2888383695247765,0.6206679132742118,0.5484088311085616,0.3878872649314517,0.4696587325230246,0.3528636558039167,0.6313923173381846,2
0.8230283450109964,0.8097941996685805,0.8635824979298831,0.6604456485132788,0.5857361014873079,0.7817948688451914,0.08999171039976814,0.7516754244391604,0.6480624900174247,0.503766489824781,0
0.5814656717353653,0.7856062954430796,0.9331627876857965,0.9146668969274657,0.8433882764552922,0.6202975312822566,0.24264347411810608,0.5517440929448008,0.36946560719706933,0.17008594495145773,1
0.8367621886487607,0.14377823261548786,0.6544419518253556,0.08004303183607928,0.5481776345828506,0.38132016460052864,0.2101363891515926,0.9551630074147646,0.9355920111716484,0.8430015349282387,2
0.01929222042881576,0.42764490955780476,0.20901750498771204,0.4314465858868073,0.20047014613453523,0.3823092435312842,0.502412466445579,-0.053090506823182476,1.0262635818328854,-0.11440068859326141,1
0.46046089029367887,0.031143625942483454,0.9667106393891908,0.8819191026392452,0.465059259412004,0.7484082132264781,0.25119809573474744,0.11045214775398882,0.6308417091767603,0.6053074397089397,0
0.3014486795648784,0.12722998753025913,0.6344814948772212,0.8588497014859323,0.7727808615816648,0.8527891333374644,0.5671466758549297,0.20575882032906173,0.5213083689364242,0.740674615070534,3
0.1498903303076166,0.7436839156229995,0.7307217384239735,0.44226342168224053,0.5867307079551268,0.9275650439207936,0.15061956926556444,0.9719941906538413,0.1330772288563794,0.2438745183763829,3
-0.03352235171478687,0.03832688399771217,-0.042384182502610945,-0.3604012083318603,1.0137619709083927,-0.12535145348757915,1.486252182086242,0.10099719161771725,-0.11922469423641896,0.13557258732907862,2
0.1108107493012222,0.634777314340653,0.10226877447552794,0.2942969801233935,0.020999659763740824,0.5207935605046222,0.7624044189710535,0.11644327085924108,0.9805625114835255,0.03013150051102528,1
-0.2643160548571103,0.6806656567234723,0.6116500451253581,0.286650935370691,-0.1823603440289343,0.3755603255695664,0.9096617597973289,1.1314809440109266,0.8251243068569137,0.26179596036686403,3
0.5272904465990459,0.5243972707670389,0.9207981464669345,0.45494644356593317,0.2558006823238034,0.3786455180343188,0.7930695352856993,0.5224626418497074,0.7145159047789378,-0.5734438453328755,1
0.8685952581868623,0.30245994408068594,0.81670803698472,0.5315656439383477,0.6482600347545731,0.2796161337090727,0.6769361841193376,1.0356472386886546,1.0441162982836845,0.46838765721628656,0
0.5613937109302356,-0.004403236988700376,0.395667117335559,0.6498314013389004,0.4000771520731028,1.4440543613608319,0.04091496336561873,0.474613628331316,-0.18756861432086452,-0.059010844451114264,1
0.20278813432847978,0.1458131711179435,0.4049319422658721,0.11202664681999033,1.0575010179358757,0.1680962063986721,0.7113458825195246,0.7429800840970497,0.7449226948261576,0.055232326800854006,0
0.14292626605313719,0.7555921081671695,0.9509755016149328,0.2568479457091947,0.5794977493459722,0.8504854356411163,0.37823594185359133,1.2639971646179764,0.013374631845164832,0.10890271641929414,3
0.07468356175803287,0.5674809434208475,0.2125759415786429,1.0052716540273168,-0.03384928066742483,0.3316659130515269,0.19863853911342372,0.20863422891637654,0.44790444800341206,0.9560584257768702,1
0.5494272013451047,-0.19318673027704036,0.25114530239901045,0.5267978406384848,0.16510882071897692,-0.22215677189410898,0.11371576034309694,0.21391006509837707,-0.08093424001886196,-0.08209876896807017,0
-0.047824939757884766,-0.11524620567232735,0.7795132446262332,0.6158353900316462,0.8347752392613081,-0.5290058866976634,1.013118237066522,0.6927015841445399,1.1078334439183841,0.7170233766381978,0
0.8529158307065683,0.8240195668688591,0.8702927284561579,0.6485388438256481,0.59046931858604,0.8097523216423876,0.11794911346566324,0.7637314727984992,0.6837767073683545,0.49089056286906774,0
0.9682354946381645,0.6724176522482388,0.898244453508961,0.2727825186441158,0.5983969825641895,0.6452156907948124,0.3173688335513252,0.39299164909043816,0.374464759532949,0.6080894289113074,2
0.08972698339794437,0.31203791907378003,0.07057192597067241,0.42709666689241543,1.3252098749704042,0.577503208905263,0.7893002233698652,0.34787223276354884,0.6250941330338139,0.5356088531608085,2
0.10646904786963561,0.8531608636404371,0.8224987131181458,0.8088496483675344,0.53866369023952,0.7858746083146224,0.15517893669732197,0.8296914128392437,0.5758338643083255,0.6129417666268874,3
0.2397220133568942,0.8799139428376102,0.4247305021336262,0.14259305023786767,0.22878267685633769,0.9704260262965438,0.5573264168025982,0.15176166389923568,0.6807987451090173,0.5819785601586787,1
-0.0772751984456519,0.9512766496081881,0.9198981651571458,0.7319649819036593,-0.2559734584013229,1.339790454571249,-0.018424106630880843,-0.2698322185848866,-0.11035091248692297,-0.7081202049184153,1
0.6128768117135779,0.13730256411547648,0.8158375043716818,0.758628745316059,0.3187183148331748,0.9037430610201818,0.11235228316475984,0.14090132130695843,0.49938965813884806,0.6468716330058131,0
0.5432407607027928,1.0426718090765952,0.7792593506821517,1.097298304666334,0.8376794137796584,0.10755770569444675,0.6178303280506473,0.18758924794091342,0.36396758528016043,0.7573658279940959,0
0.11319954727016532,0.4635076494022799,0.31708691893011226,0.9574429362438232,0.5975695337794578,0.7809314247208141,0.3534299133044476,0.07919596818188002,0.17010023971609006,0.054594737056514756,1
0.005573047430437999,0.10218836684875687,0.6245002835275479,0.2586011978180461,0.027580450244689185,0.21876028507067757,0.5670352949395384,0.2358177696683237,0.6851981318766983,0.7699853348111331,0
0.6107384267869983,0.875372663315794,0.03386608354479506,0.6764447042590966,0.5272728759911848,0.4215381792605102,0.5724490608572892,0.12191326948551548,0.47518152656204254,0.003173992483077305,0
0.519748005617999,0.48370948291840055,0.31087447249694544,0.07448212719764903,0.6606086025281183,0.6595278735060094,0.2516553138419571,0.21560551343233833,0.8906183630496982,0.7158372247049615,2
0.38504152007201714,0.8454252643518189,0.27281120207111825,0.9888287511138879,0.9052129942335562,0.22333231418249047,0.9194415669255134,1.141122325182572,-0.006158879844819831,0.43715788308462444,2
0.5761931275363588,0.3676816576981867,0.2867101003289829,1.382603376779708,0.8271859872697069,0.49488959988018116,1.3596384651541176,0.2871548997557688,0.5174103694803204,0.20482546357931736,0
0.1388423316583211,0.7007045718998587,0.0991324875806216,0.17372988292282315,0.20594832297290372,0.5758145256120014,0.7515683353931285,0.2758666978739842,0.8362607093673272,0.14239117344139113,1
0.11077038049972576,0.4677705094913206,0.30882783332395314,0.9602935995480284,0.5902880741931875,0.774490404557708,0.3610189407393638,0.07376393479660118,0.17610245684310316,0.050087352577858735,1
0.16607570376118957,0.5972384843936734,0.040329097833383724,0.2549499128508509,0.09828312751904847,0.5302964819599743,0.6935182427537798,0.16731656801362566,0.9653819050623288,0.04000228220232517,1
0.4381918891771348,0.9020555758484669,0.5959832441187302,0.944654233180685,0.4462725322038427,0.14073673762011213,0.8639660912055503,-0.10527709116124137,0.5559780503532421,1.0140903942992714,0
-0.13838387792186874,0.8545426705436964,0.4306138575282515,0.7571868309131089,0.4751729648242348,0.7838049522029211,0.6082696248686673,0.668997740161837,0.9421579238715876,1.361141756343422,1
0.5186811691764832,0.7378598327244601,0.47436980923404626,0.3394565449635716,0.24638717803602758,0.4251274679430097,0.9477384045473507,0.5114488048780287,0.46886886565560365,0.8951367152253751,2
0.3559730435269132,-0.1936278237792028,1.1223040924643835,0.7820194347739475,0.4143555732681798,0.5677625500148988,0.35450954130915585,0.4046556578691572,0.8606759729900697,0.7935409505051946,0
0.4455104925204459,0.10593324299977994,0.907648188658076,0.8926884343556366,0.4036188485048175,0.8078964310470046,0.22389034730758126,0.08688894370729944,0.6542411510952902,0.6350520229569219,0
0.9002345799997973,0.04856045945641094,0.3393893740372989,0.8536974378112671,0.585199474684451,1.2438317516205064,0.5494617133420536,0.505287812119795,0.28242950070479983,0.7054034856267098,1
0.843599278451586,0.14798295934599026,0.6433468765631677,0.08738488418063502,0.5315842640376665,0.39101276377573085,0.20704220121253805,0.9349992019900344,0.9299979799635819,0.8217162049893174,2
1.2888069795702282,0.8472967639021942,1.1377756221564366,-0.11293429936424138,-0.5730595379555306,0.2889778721604758,0.38180431956141375,0.26431990711209696,0.6906008445494102,-0.2821317791242011,0
1.2363120124258673,0.8628442961013132,0.6026621947141652,0.552649689090419,0.3455515978532268,0.5508489288975225,0.3203657814920881,0.5420412784886716,0.5644084724346796,0.8760982870627992,2
0.8782223897003208,0.5230315950328936,0.30845751024898566,0.38453064971624495,-0.20183083039535288,0.2561766481113674,0.2025495414926503,1.0687085408908361,0.7794909647866995,-0.08679612870319081,1
0.1156553976434483,0.5226889563293311,0.3819591699741614,0.7208333198508143,-0.15712839523742286,0.05445972132442606,0.3319627097087536,0.5367445494608294,0.39778952450861305,0.8420810781470142,1
0.1325636663862227,0.9721318548313385,0.9063508279526171,0.8555546215118714,0.8508652484162227,0.45945741416231173,0.5312861556870248,0.31321594151285226,0.59255443301886,0.7455166085671157,3
0.6114357031575514,0.19488253638110098,0.9957157656271093,0.9091892521740292,0.4198845095626205,0.6200295603841045,0.2116515481609917,0.046118871959221576,0.7137645168945166,0.5801062040301138,0
0.4894876899126068,0.5154541840172973,0.8297348020491864,0.43399586276593183,0.3125769359175633,-0.20686161879599874,0.04385917257114316,1.285760865905887,0.6568607312702031,1.042788561920831,2
1.2843414199035545,0.2187710030114121,0.4812430203692976,1.067924718167507,1.0774173211009488,1.3224830567532189,0.4128209872052597,0.21865131564033313,0.3824680404923009,0.08133745500175094,3
0.17951811725124678,0.10530131194291459,0.328381908168803,0.21682504103083924,-0.034493081564307804,0.6574299771308978,0.6524201579646446,0.9999317068502498,0.24161998175828933,-0.018322428252308287,3
0.3058728017988107,0.8483789419210048,0.35778795552510023,0.7707097238771945,0.8588745395051388,0.27773674357380446,0.8832814471966873,0.9816064148648276,0.22938522129357236,0.3960823049940024,2
0.8640897307300685,0.569220697833682,0.693960900555128,0.21543247082529665,0.5963355772843875,0.8755650267206865,0.5240662881574183,0.9753414265054887,0.24179090448047627,0.1844528190855773,1
0.7785026610396263,0.7846286849490329,0.7765854861981702,0.6198270894700217,0.570886183677862,0.8967926723558506,0.11542830032210916,0.7219296877910935,0.6333170346807303,0.4920441101343044,0
0.08269129886683199,0.20452004628682197,0.3258416775051512,0.35265661704450013,0.9327080866169855,0.5327928842071146,0.2195733400535903,0.9258464785217508,0.7403714276217866,0.5518873982645711,2
0.15799618462967882,0.7727301716723577,0.49487621786822406,0.5676207901309087,0.1527970212364665,0.8430586991552498,0.5148713270500215,0.7126183066113893,0.09735164479681296,0.7360404315802214,1
0.5654717551145647,0.46436684260218536,0.30741078152073803,0.7442593704986125,0.7895502090142248,0.9880842633124479,0.010578521310427897,0.619563209780459,0.93764092323581,0.0717192596794309,0
1.1001548851108072,0.6564217984758818,0.3754176377015279,0.02371083322312001,0.3816391688973324,0.6279606541243056,0.23860183851240124,1.0262425816036596,-0.01962944162213809,0.3344532340028762,1
0.537572802444036,0.8072074025764612,0.5353840773229825,0.3628554916223122,0.4376812088522628,0.7921405467499543,0.166452164241331,0.816309222159942,0.3447049327832695,0.3894300321004205,2
0.7517441528254077,0.3015274520761322,0.9499034465345257,0.5650328854600606,1.0675945422389204,0.11056546071202827,1.1644451551567325,0.9783267574122994,1.0166190099590855,0.3099199685919677,0
0.15514874924478278,0.6775431099444174,0.3427114190981927,0.4831134771782976,0.5696067517284504,0.8849266445802667,0.5628340833587258,0.07319630350374931,1.0183846029335977,0.20851686284887844,0
-0.05130412767242368,0.6023174145961773,0.69015603804949,0.6376869545307128,0.20669143088136088,1.2193611855319308,1.0152535801998355,0.44972257893062206,1.4659277325992761,0.3067021300491814,0
0.3827844597897263,0.9108191057870638,0.43666963040043527,0.6848273039524377,0.7928864249358224,0.21812817869675022,0.7712925022253918,0.9517448065686727,0.29801250456928,0.34260443328690554,2
0.913493393625596,0.7698751477052733,0.9617550200567501,0.686044323010894,0.6980157034871731,0.7529123513215321,0.11428145396905885,0.7526696899218239,0.7510966645520397,0.43638436169632094,0
1.0504061250055683,0.7683823147680284,0.9344647765970729,0.3289716636332198,0.44424310445753856,0.7804560616612919,0.5203498890344307,0.3050253406607289,0.4371120405414146,0.40278558144192234,2
0.1358528435556681,0.19591790555835026,0.2866122209715716,0.7332885000214397,0.8809688789271688,0.24574794613462944,0.45046890677125934,0.8217754601018812,0.643524756363405,0.2956787614492308,3
0.18633789216511912,0.2196221864222911,0.8358789257972522,0.19977660229234148,0.7625104364791895,0.08382355206584607,0.780861133151842,0.06832373262670706,0.2817652674735876,0.7519833757552707,0
-0.29528678498724603,1.0915625219508904,0.6547944894646636,0.14555108813565548,0.103481721888335,0.05585399359184279,1.2150353333179345,0.7682692090653712,1.0450297207301655,0.2039621900305631,3
0.9434777146771011,0.2135212281812444,0.3561602750182045,1.09831828919077,0.5408712683451833,0.5002244042073888,0.9001887008142753,0.6333748411672386,0.8429708314509782,0.38570722644998345,0
-0.008477286916000418,0.11898235103285366,0.6760844388367365,0.2917747722740969,0.05490751936184754,0.24484745504624084,0.5426034469313965,0.25319461031794255,0.67541201123627,0.7529526053659783,0
0.0326175933720926,0.16021959474868036,0.3067899602745624,0.30016127488546795,0.9898784154686707,0.47280815220584166,0.15578259462684454,0.8881262309112545,0.9301489243385183,0.6181603444395809,2
0.09209764741922419,0.8468622988782071,0.8212105608970052,0.8119888780904485,0.5171422353439894,0.7627593862367515,0.14189113268787307,0.8379623870802698,0.5861221741937412,0.6081361490308032,3
0.46904919110382065,0.05699409155131719,0.45542148160507523,0.7081639039036881,0.43824978247463553,0.5947484350206128,-0.08928315065349376,0.7267586981725742,0.5696800672479911,0.757992535447957,0
-0.2818984735799012,0.9079058350436189,0.7318830224029678,0.4957292684584289,-0.2409432222220354,0.07316367818047059,1.1066883711979258,1.1785014041493356,0.960636587781242,0.1647651163401419,3
-0.02556578228138468,0.6644270295978806,0.10798725670247603,0.9753153409119037,0.06904900824911678,0.38147082162194157,0.31322741690705225,0.2783695713379091,0.4908528964669834,0.8589154937826268,1
0.1086585115094849,0.4557926583967059,0.3165739303352113,0.958989160541352,0.6030894708858932,0.7740291438658904,0.35415441342912735,0.06754103143028832,0.15986256434278792,0.06714204989247669,1
0.06049821647206033,-0.25700927184830813,0.9950127967205881,-0.11783952223645677,0.8295875410444765,-0.25405309162693585,0.3539863855449201,1.0917684524493199,1.0691468051556825,-0.17400406603494006,0
0.9440896803314979,-0.001473602535701779,0.26218135698377426,0.7010237808620418,-0.11416697505177842,-0.042467957160862796,0.3379274464198337,1.1427058195241588,0.839062267584038,0.3943342478881894,2
0.7213421973234254,0.4699810048956398,0.5686196717352635,0.2973034791686465,0.17432675148512972,0.6312073320277003,0.9981141450331568,0.47152518768029733,0.8150443388485931,0.8474695021604007,2
0.16846763294890432,0.22171663607124334,0.3458996933402347,0.18114557089990113,0.44557947347382376,0.7889127507655348,0.29589609560991453,0.04145252915423639,0.7506319846063905,0.7242030851336503,2
0.5381678838664888,0.808191667263784,0.5298520089192148,0.3630410288758507,0.4305441268102766,0.8036115910169104,0.1510453171266766,0.8214422331524218,0.34732815271274164,0.3946068884628903,2
0.10917552550757105,0.85575511767755,0.8209175867279711,0.8088375921424982,0.5322948880786136,0.7791458314664138,0.1549948035886226,0.8352822074466457,0.5794252943107376,0.6060694044520105,3
0.8454441552101312,0.23917725762805764,0.4693479573858124,0.437029803691918,0.10301792946299573,0.18957557079157422,0.3492939280603083,0.9407910226892215,0.48171995039451276,0.6859122439699747,2
1.0788823168672197,1.0138438817861268,0.8623700497506553,-0.06058843568256253,0.21460699087799148,0.46630279597665925,0.47704774196491834,0.8229418198386262,0.22776579817115208,-0.07808706847189664,1
-0.013530106922041263,0.5941617133526091,0.1601233251192913,0.9172776961761734,0.08415357170416896,0.36876467007725666,0.28862319217431,0.18563918612767524,0.4755717085746458,0.932266344318461,1
0.737968644460405,0.05448992676045855,0.5167084985284818,0.6141030251122965,0.5578587480973642,0.6841726024226806,0.14612798350761863,0.5635094972083737,0.47283267133699064,0.6800177784738931,0
0.9820603062038656,0.39199863596322526,0.6895305034609953,0.48738487467532177,0.8267977639498045,0.3863301845570235,-0.13415474564251076,0.5872068885051334,0.18483032743768113,0.650729728120967,0
0.47027716593344776,-0.11656193010541374,0.6170653465709571,0.47495167989716486,0.40056354756445056,0.5638275446691225,0.043062979122778726,0.7852049889108237,0.3605269816032576,0.8778380097453949,0
-0.015643340565998594,0.653437063871361,0.8959348668290225,0.5009145601837672,0.13320124147711232,0.10919591214281252,0.6398679381669287,0.7131653567128637,1.02340849317799,-0.08838807337896232,3
0.5802002678000515,0.5587554362292676,0.7957573304644453,1.023822694569525,0.16157647780991646,0.19073478042311612,0.15067023212936237,0.6091229168472228,-0.032479921724998306,0.24012749891650711,3
0.6982177781247256,0.44043160148654764,0.6324890673227008,0.22197862957219297,0.12579185386921488,0.5296612980015256,0.9625515632686287,0.41543028947063293,0.7424601555595702,0.8788817897296521,2
0.8749094390282469,0.5208827752493794,0.8652621641065953,0.3059007124940555,0.9983652294697342,0.5832349070976449,0.6342214356331971,0.7835223671185295,0.7626543362221544,0.4548607094087464,0
0.5280603858979448,0.8047259407483939,0.5332145480917168,0.3634704434130701,0.44097718107940614,0.7969780379542971,0.1724398556306936,0.8140113293888406,0.34454776416844335,0.37894201130255484,2
0.5438135630408198,0.784824885550508,0.5356004463354236,0.36187734878761874,0.44042801380344176,0.803925756167661,0.16412640823364297,0.8050073559505087,0.3489307945895564,0.39477863168091165,2
0.3147628306903029,0.8602019635199575,0.35554356521732405,0.7733731956524819,0.8602081239957617,0.2748922378465458,0.8829773678012042,0.964127984448585,0.2505959616684418,0.37543461174399234,2
0.23222775523089975,0.23906128224193102,0.608267631018219,1.0841002344322985,0.6111714187156407,0.8082200650537498,0.42326591788610435,0.07005221201946135,0.5680953978806581,0.8283118253587751,3
0.9079170451582328,0.681122294887118,0.49019726265157476,0.044204891143017844,0.47090481424409175,0.8333398644426407,0.6413827978536428,0.5576219654437482,0.2463057183563108,0.11562326038384854,1
0.4263620375618552,0.594805434017797,0.8024179340782929,0.9040829997075907,0.16730708372114195,0.16182850367076798,0.290687122994544,0.6565386409536972,0.08847742633232833,0.21343498889672488,3
0.32437092872927553,0.3033888972685376,0.3287637879546235,0.08398478761453598,0.37392794077310965,0.9249174176602258,0.17194171674264014,0.03003157346011836,0.7666085626158036,0.6954365429403283,2
-0.0017048463261254716,0.10556244287254407,0.6334696837502813,0.2699421107001521,0.0329214512174027,0.2194646421685423,0.57131986377837,0.2314500464928976,0.6850779941281556,0.769305954396531,0
0.3709605706856732,-0.31906141488042705,1.0664767831894477,0.6791375150124157,0.6794791688332116,0.31118145112398343,0.3937876150063491,0.43398842689789446,0.9377707357051891,-0.3012360953518855,0
0.25944669146269383,0.8623518602374498,0.9508824450700402,0.49153423282362346,0.8642298237246756,0.9334971325511843,0.8964580430424468,0.507021700407907,0.6893068057399182,0.7710002010859771,2
0.9682612815891539,0.6190245622838961,0.8726854470487155,0.3484703302140952,0.6402571033778128,0.5542614496097156,0.40724706982034864,0.4641642322410955,0.39023861802314175,0.6296579000819831,2
0.018497844336257813,0.533393906304986,0.31638468696900873,0.17147205706573285,0.9676434243540474,0.4733252513646298,0.9573691652461941,0.3784171004708592,0.2502583527523127,0.6271184968188357,2
0.413539768120228,0.20135321503272074,0.3087722105865327,0.7213126814202774,0.24415311596127282,0.32066798961284226,0.9716552392219312,0.03128359158521848,0.8083610780820831,0.21437160629708374,3
1.2166989141202171,1.398021615580531,-0.12319123822934985,0.9642266635119203,0.5768032040256227,1.3649367660960587,0.3010954643825122,1.5418708441505757,1.3557759623982677,-0.08074265931051217,2
0.30595650976320504,0.8648136400174397,0.37520662987706893,0.7831083291056679,0.8541995650456468,0.27298042149322954,0.8636198326908018,0.9749259666557546,0.24382606664124715,0.3909740757639763,2
0.7858882356301659,0.4035195971959969,0.8719310009790916,0.40998407890843636,0.09232703623419486,0.3738440447582757,0.7884623246231826,0.6472434319217455,0.26585187221128936,0.18349284977729027,0
0.6500829304749078,0.5338313481167334,0.5953395770862578,-0.06300742943547033,0.2866760446715279,0.42997390440261124,0.9716441459062749,0.26570201452727515,0.7270374571791304,0.8575327419369544,2
0.9701796517239725,0.14394943544084904,0.856844916609243,0.4516339485643136,0.45886662852673843,0.7613178344795485,0.3275099195222294,0.7970448693752603,0.8773570062671204,0.9344491458393688,1
0.5690513942836508,0.6560493488908757,0.5760514525782964,1.0066505718730105,-0.1154653195813442,-0.04691132833732148,0.4268388534287276,0.44746077343021595,0.22419132563597555,0.2892182411281227,3
0.09402427158091063,0.5291870127562731,0.2865504512606173,0.9502583358627464,0.057416886744018014,0.2512717318476014,0.13647952763526988,0.10625259179002454,0.5950776109260375,0.77038292072353,1
1.0280902805799605,0.6942260024231628,0.8644809101477813,0.31045239851682155,0.5905062211755003,0.4898148847682119,0.3630787244485258,0.5566488958503096,0.364659646158606,0.6751464968003191,2
0.7788603355664183,0.34659851596081204,0.5053408249649478,0.2869748992278631,0.1955018929659895,0.6020083504675345,0.8434952876599616,0.35938718777945833,0.7735092013459653,0.8283815789419724,2
0.13168000221881884,0.19531233156634598,0.28226170098674913,0.7248093573908636,0.8720680506721703,0.2579442114285747,0.44242674718932495,0.828992233457892,0.6414970532427553,0.2952009803721001,3
0.11828159468646274,0.45533190618921593,0.3019440599210502,0.9626546332682742,0.6027531816040665,0.7739842626011696,0.3451851608300415,0.08868195400540133,0.16796718489569196,0.04361656049455121,1
0.4626654866907698,0.5613042410872802,0.234645597435337,0.6231075245135902,0.7937259160620596,0.9328697237589212,0.025480261486930996,0.6404294991663607,0.9875848636845738,0.1786481667921467,0
0.27472137626601423,0.6573431032629904,0.5511490638939067,1.2158493298881785,0.5022773100167488,0.27656624629522186,0.661090127609152,0.5119233784440672,0.17037176482247196,0.09540384944316019,1
0.9402326512640139,0.25365579981001524,0.8319804683526669,0.5033019134563116,0.5076932204587051,0.5136055664818517,0.06574970595599866,0.6190767258964641,0.8647477150301278,0.9815524013132788,1
0.40034943569842396,0.20873780881819737,0.5714252335139248,0.9342976123481668,0.769709415874448,0.8296037638488145,0.6261366145671048,0.19380922640660128,0.483213184204728,0.709070527971246,3
0.13825765460718814,0.787361221039964,0.45534804611019547,0.49777574560391435,0.2086756769808318,0.80455985190978,0.537610727101308,0.6287404748700983,0.09625225749944628,0.7369303124280426,1
0.1454191308786422,0.16854267915970894,0.312374322745351,0.7601997040416252,0.8834874764058328,0.22120185957579358,0.4916656211496663,0.8773487661877799,0.6186876589159536,0.26632599336975893,3
0.5465503743654994,0.274160587186236,0.0819545653437549,0.977180285641739,0.43086253532026825,0.7793897536509752,0.9920531638088411,0.6709271695635927,0.5169113011389307,0.013533591937464368,1
0.5224359088577994,0.792661743844518,0.5313412723644757,0.35933897165100687,0.44846359644551015,0.794251553097114,0.1539848791066147,0.8142165608828469,0.3460151056296465,0.38789900582738157,2
0.3394239900483336,0.9008607365691786,0.6857966949167489,1.0807004053775697,0.3051821045388259,0.6227583756222163,0.6527718690096913,0.7147423837047936,-0.15515595436705582,-0.12384056909488847,1
-0.012356404966756785,0.12417945394827318,0.6439822772031251,0.2819407799456771,0.030884340505818245,0.23025468710807023,0.5904126259482404,0.24690217879602583,0.6985446113779288,0.7650561450368979,0
0.2270784252727742,0.9232400177754208,0.4332504748747072,0.9136892037645861,0.5448768735900004,0.18990258073064534,0.8719042493519985,0.07085766652522212,0.43580121243796466,0.8411433629974303,0
1.2633742182970493,0.7310892510294424,1.437926752655435,0.802272268181488,0.6835673060728221,1.14870441128805,-0.0036970728087384747,0.8937881245192605,0.7057510475680276,0.14068395435030046,0
0.20158901119927505,0.4982920158608007,0.020042733203727126,0.37460268135472025,0.6506194993801736,0.9850799231196772,0.40085136406151944,-0.10153252923614883,0.3832579193807396,0.7200514469157893,2
0.6762608207619872,0.8033223255352412,0.1321359022266717,0.7242297813777763,0.49852558273551045,0.43543082221245727,0.5255804404971024,0.06793191843932334,0.4749701595050333,-0.0018625350346795312,0
0.5231397625600237,0.045280688353747885,0.24461981297853563,0.14130173141611385,0.05361050497812611,0.3546761418729044,0.3573977892326002,1.143385867495999,0.31591009114256363,-0.06489896097068146,3
0.9271127254309776,0.23377662345872005,1.038340373914597,0.6711776450143956,0.7865901978640848,0.4918873278242485,0.23527541410236924,0.4411073642129536,1.0490285968838897,0.8089108766905951,1
0.4205036781491033,0.9475853738325777,0.3744602996356499,0.8566657400503733,0.7847522075062178,0.18926203566683075,0.8866565485844404,0.9493541487641639,0.1052068657429078,0.3975133793839455,2
0.31849664655642695,0.1737634193688029,0.2266252115708693,0.8119652011392834,0.2068255690391075,0.2420928851510685,0.8299993508294907,0.06921778298375682,0.746087961401956,0.11432264311097833,3
0.5550820246389448,0.2686297276343216,0.08669687961464576,0.9736454685365771,0.4198793020981511,0.7738192850456804,0.9862730112980306,0.6757577143186088,0.513868945982272,0.02054344552334104,1
0.9601611222786824,0.6525754252450799,0.8762951648147729,0.3371417559079056,0.6125157528583939,0.533034864681843,0.3841602903493293,0.47884019731817434,0.34472232695319877,0.6621494899350805,2
0.711612420084789,-0.024570467658797404,0.6085014820120299,0.5122627295325082,0.5780506279329671,0.5712400298252046,0.09345744190138455,0.623134481668513,0.5293301502498382,0.719338085494906,0
0.20445324692667632,0.8408225226829572,0.8279798413001889,0.5090489234695575,0.46572430427001554,1.0335292659265691,0.31418810088064214,0.9246292847425921,0.05492216879939535,0.13935722538635253,3
0.14293144738168717,0.19585593508826177,0.26227169537159706,0.7138565166010887,0.8844499757530732,0.25878952757713786,0.4645904584851595,0.8534657885802347,0.6473137864987902,0.2720348247572666,3
0.012198179111054919,0.871046982716766,0.9544818686859231,0.47872260992650106,0.2885034714643392,0.13385370686966558,0.3132978195000364,-0.0238914824286256,-0.09089923713568554,0.6397666384259864,3
0.1467443709157668,0.8634267582766763,0.1542588401578524,0.6974279940537025,0.8032216269441487,0.29705383488284876,0.8935471019950891,1.1244175882447127,0.47735303615226543,0.558642187600612,2
0.18614472055426262,0.20594007839509684,0.8361287062119874,0.21401436910626645,0.7468071401839972,0.10835652382439549,0.7406189196246556,0.10838355554827221,0.29900586146481745,0.7688346264633966,0
0.5490831790547948,0.2774566079488414,0.08697581023687236,0.9780420542351965,0.42755589389886556,0.7744908777126439,0.9890909445980236,0.6679444851821537,0.5118528585743453,0.019594705843972694,1
0.15840365497535602,0.5435580772219812,1.2782533272090195,0.3950682917178092,-0.013100238611080284,0.6466018661487997,0.18443871337600815,-0.08607006696337804,0.3754908165255103,0.33273279112608073,3
1.0101492825837273,0.7638969113695313,0.8445998121749769,0.6164842472232861,0.4519189265093358,0.9131835060503273,0.006428812099939646,0.7161205925233806,0.6720322822218565,0.5801634027688255,0
-0.007286124177540073,0.09496122546907462,0.6313749524294577,0.25267242934611556,0.035598483965204826,0.20797056026354238,0.5826994745948614,0.21895557483921266,0.6882456809894583,0.7652659056451449,0
0.11432814925147926,0.8542261575076567,0.8153051113985753,0.8109599343731317,0.5344689503735965,0.7835882932727185,0.15797384570975287,0.8376488988020686,0.5750416306573151,0.6087408046543409,3
0.8407454505794987,0.13650897110691057,0.6294628302900448,0.07714626888281632,0.5313796131786537,0.4018016495250554,0.2077521934298932,0.9259795347356828,0.9224563699500983,0.8328225029219458,2
0.14130877812263182,0.9084692360890594,1.1126079062721854,0.8273823901438568,0.9174371304504138,0.10055323683193845,0.6025777617158523,0.03417675133824105,0.6019724401352762,-0.11625100692124615,1
0.10013779679789536,0.32401619264235393,1.0817388982319711,0.6289271712844713,0.18235168992540213,0.6966550588231599,0.7578626906754922,0.9004875295005371,1.5809976074436463,1.594735641507802,2
-0.11935102774439516,0.36928078482353766,0.020212290755427964,0.13027962801926563,0.699801704744387,0.6006359356042088,0.9865182053089487,0.3955995373316543,-0.01729653926153185,0.4674518189400193,2
1.2721398139589153,0.47456850085293956,0.8023754881686429,0.223713643721002,0.6948286491347899,0.8161203476394104,0.5729544232953143,0.6838600672225782,0.17975877207280944,-0.10256386439727622,1
0.4223195464582661,0.1063691404929841,0.41564453081393427,0.21347481144827757,0.38229984492064206,0.6125921925899399,0.483430545456218,0.172181897356912,0.7131292202491939,0.6611161369824647,0
0.16439316393846698,0.8783884101586635,0.8179921951425224,0.5939618746263041,0.3900656391097486,0.8832782995438775,0.15836959276260548,0.9893708750965922,0.06249290207030709,0.2393387928320839,3
0.2624398189732548,0.5463918432844284,0.11682636974898658,0.22553101411560295,0.6904720423551332,0.3236065000831687,1.1498093902999436,0.6161589100680094,0.17041256087658394,0.37184520589731546,2
1.1337906958861277,0.782927953084937,0.572951702850493,0.07993129975436628,0.0639092940002502,0.5355769069752345,0.5982009658814172,0.07317007948831805,0.8586106470435265,0.8518911174715467,2
0.8586426992520518,0.6785672931846708,0.74283043149467,0.33983325904062117,0.24148211506547435,0.7366688077061403,1.0045291986486629,0.301631213843233,0.6297053430774078,0.9741879840687471,2
-0.0093341869031357,0.9049170600423253,-0.18357098101641597,0.3351311473890429,-0.12195418142798739,0.4758340920644914,0.9856709699399027,0.3311829658480757,1.1607226213604451,-0.2105917130802074,1
0.682626957193954,0.6942161510020233,0.9602386125968817,-0.48415527723250296,0.29428165235471027,0.6720318642172819,1.0444848774126108,0.39788794192279653,-0.10548134239995988,-0.22198971455793504,1
0.9219863335027932,0.7722703476986102,1.3883952876165182,-0.03641732474085285,0.8377530711974441,1.3947947307739574,0.004770001897584364,1.6357409353381134,0.32083141199852705,-0.0203179071256335,1
0.8454710478750742,0.14378067723319593,0.639140155047679,0.09486968969474217,0.5286390262332691,0.386594267426666,0.21156513700210927,0.9239813212685186,0.9290196496018805,0.8181608367233083,2
0.44611127973154285,0.8918161020998796,0.3415097102426915,0.4571010570305098,0.23986630086942595,0.23748226310572626,0.07736829832147155,0.3395702235238121,0.9084521443049769,0.9688766260842713,0
0.6659277494470239,0.4884830312793298,0.6873545640494989,0.11134139525428174,1.2150883044349077,0.5951391439126963,0.6548179455242782,0.7528110320538575,0.9310986221111657,0.2980862537148521,0
0.09163789600303612,0.1813091531399349,0.2495448279056636,0.7403049146654088,0.8491178989084835,0.27321315167894467,0.4535042704825165,0.8240225706802168,0.672318779797353,0.26966802183639477,3
-0.12180337794014576,1.2329957580359023,1.2025123041579326,0.01848923262447938,0.26499627128903025,0.34544859149137463,1.1464768135510048,0.8438771531871595,0.6156675900323184,-0.19049951743629207,3
0.7879633178366162,0.33835639674309875,0.04447881973617063,0.7568740834535591,0.26839761960587427,0.9142437191555874,0.9805302676618587,0.4809466700960597,0.44852720004072805,0.8064294018540478,1
0.18452049593523734,0.8783922581815642,0.8579174826467677,0.9480157387428609,0.5084350846898888,1.4247072976744757,0.7153141632417858,0.538914937385259,0.12168104912382716,0.5594420349432423,2
0.2827004942747103,0.5088158764040328,0.369271587784202,-0.017712234239300295,0.3191076472947445,0.5232479340535319,0.023778053048511494,-0.06808769737928422,0.9737709826117116,0.4909862491652257,2
1.0065603183947374,0.3272587902072764,0.8698463380892807,0.1598807492336713,1.084798086895721,0.2897128096254896,0.8080067377912049,0.832432763381775,0.6145263783468151,0.5111515338766492,0
0.8495527606560874,0.2763156550079653,0.8838742950490666,0.39305673710732864,0.5114027373805706,0.6576465862473748,0.2532209752230238,0.7389129648123927,0.8494551474672055,0.8070293534859239,1
0.8504248761653754,0.8323947249406454,0.8697263704463533,0.637837218266083,0.6103015867367805,0.808436744787681,0.11917101903492902,0.7515548754775814,0.6682552048653206,0.49445008494093734,0
-0.0003786481669436283,0.10690480486016381,0.6243480379828085,0.2748317767260782,0.04221303226647847,0.23448719658185757,0.5839544537987627,0.25117598981692646,0.6885720192377693,0.788055661601261,0
0.0972606739893499,0.9310791530279415,1.0338767512241969,0.44583056430098056,0.10176251328927598,0.24949541140250192,0.911669291542543,0.9645085792125377,0.7518309419795375,0.030554797413827578,3
0.4301650988423878,-0.015615695139801378,0.6657796558174653,0.12317611225675604,1.0657959174148297,-0.023663294420417057,0.6738896033451215,0.8276834266695103,0.881294475767922,0.13059500076683234,0
0.4739853036349216,0.05329804633481315,0.2959972179487815,0.2501052095354993,0.33418026409782464,0.5600077317258783,0.43512608723430707,0.9332193528155968,0.28880292924996814,0.09729811860948166,3
0.9952172070425587,0.3849684814312636,0.4274114845245083,0.9355901920089887,0.6568436182322388,0.48442792106111404,0.9955815364154602,0.6522183358828874,0.9408995810127538,0.45368337039684054,0
0.28857611517186926,0.1732861047800559,0.3458368681440135,0.22312645551725102,0.40538829857203307,0.6526873247787941,0.6521451087846876,0.10860753778954282,0.6779248010580647,0.730237670793433,0
0.8700885549244296,0.3908113469193626,0.80004229699084,0.5723882631582791,0.7107938466988379,0.2743979430528272,0.7338008927463323,0.9749338821646987,0.992216758379902,0.5195743017253699,0
0.09336819196950091,0.19938637566142525,0.27002649603948553,0.7607326294811643,0.8406084928503336,0.27212297288425075,0.41928658345385744,0.8554199442082864,0.6786163027596092,0.32720734409359264,3
0.5962058901184213,0.7308866026536199,0.6684602579011928,0.8077347920904353,0.8130741529067682,0.5261003898736307,0.5570215458320392,0.45301632680178766,0.05781823348042128,0.05708592318420681,1
0.34541450859280026,-0.32891014410230773,0.41305928409907916,0.4169458421787946,0.7788673888409193,0.9655603495235885,-0.4337866441854136,0.38512343357439116,-0.14330677677605486,0.1233939366780944,0
0.156667948750905,0.7742233444457588,0.3817925395956676,0.4295215973950966,0.5603753896414352,0.9384476779722628,0.6442558209148814,0.11575437326017281,0.9703873042015605,0.2829287098067935,0
0.8909310269809508,0.38764656211486,0.7927683050996664,0.5626015010191648,0.7266358961443379,0.28110084711778444,0.7187599727314191,0.9602163089744143,1.0057540285160114,0.5093062744370564,0
-0.08753914618186132,0.8347379416715963,0.9603792707225065,0.29146511111417245,0.0974808544862252,0.2436339735710853,0.8634824858714969,0.841712412667079,0.7620666520362241,0.22443148401446594,3
0.04637061900860143,0.29183320142243085,0.3526795541185628,0.2594169045693232,0.9661499271098094,0.5647003191012422,0.21250675375708744,0.861976869533854,0.8295987266280139,0.5513957774813163,2
0.8642423571861569,0.9318443925810864,0.7810790534669905,0.7362417858393204,0.8280249682067744,0.6385205668297139,0.02089437182969306,0.5986973822680272,0.7243756873790449,0.3496887256024502,0
0.5407717357654102,0.24031305310749976,0.8889107965919446,0.8484143928777342,0.28177087207057167,0.4940670876369736,-0.12430680243885953,0.9329183753594869,0.7381403617088235,0.7527474057942235,0
0.8365048571175068,0.7712886765981303,0.8866389919696622,0.6264536583035766,0.628697654990977,0.8519941902342866,0.1180070680654467,0.7918536125690188,0.6978660462758031,0.5552303752639669,0
0.464909632991473,0.010672673007353986,0.9207939659934044,0.8651781223462435,0.41729938864756305,0.7294162297888417,0.191287121506606,0.05148994707108085,0.6619381939091722,0.675910215430774,0
0.5499850991403764,0.27335255278776704,0.08619776378628953,0.9829303214244922,0.4261228842314912,0.7803432529523423,0.989715585787172,0.6667168679692264,0.5153252591042549,0.016847449318398648,1
0.8960924852712813,0.6180507076455639,0.8099258162114624,0.297068098068017,0.41639931402879754,-0.22759257030378965,0.5868525664628951,1.128229152559412,0.5789405768100102,0.4075569455844125,2
0.010281064438984598,0.09279994924061095,0.6673681448660445,0.21505321872967995,0.06968370751886163,0.19721150941327928,0.6190215200498902,0.28188696856663525,0.7172634400570103,0.7688620345051844,0
0.6509421064828689,0.8111663989831496,0.11610054960823292,0.6898664350142585,0.5200646217125373,0.41056491605648077,0.5472101669834045,0.04792399897975114,0.4801541537820762,-0.0010074599036670843,0
-0.2244128677615872,1.1384734495017739,0.7443474185538379,0.6466223932852839,-0.040145241624728795,0.2601990553319038,0.602484688072083,1.1131349822493197,1.030879569754783,0.40696043177442776,3
0.26198302079412583,0.48042922098621177,0.8018243161776595,0.17071707076924986,0.39450735170220425,0.3568614134204816,0.4060700641237093,0.549790253875982,0.5214443811812237,0.1474970686283164,3
1.2949259429888529,1.2930774626538664,0.37953428153208474,0.8561744708059769,1.5251167488777122,1.441801146587754,0.43469899575915144,-0.25485919211941466,0.5240690860056462,0.9398324418901485,1
0.12641465231542628,0.8819555046927164,0.8307712814048579,0.5409693110136664,0.47003330707719804,0.9380793225333527,0.16924199908215817,0.9307787524316975,-0.01176329828655243,0.21287653220217562,3
-0.013616201445595066,0.13063686671116423,0.6248752420676316,0.26508726547911965,0.05676189860811037,0.269131515458431,0.5470741828276595,0.20281750980174806,0.72409474086895,0.8088530731970848,0
-0.03453963302717436,0.5043332425699768,0.2621359168742641,0.15361568191041822,0.8942313034770901,0.37091208388392416,0.9565810152054536,0.4145783833056638,0.18417011119113197,0.652212685780865,2
0.12040172117305846,0.19668712558851348,0.3123701094433767,0.7124974298376854,0.8431535338214868,0.25481923879232943,0.43491745822526817,0.79414703493356,0.6446835405456309,0.30232234111198714,3
-0.4859154071400478,0.6931569763604087,0.5693780361987577,0.5626884659488991,0.652556149922144,0.6472024946763569,0.808799529754223,0.169478304043132,0.27666606753129874,0.1960936884739723,2
-0.010712176868743178,0.8153486259948879,-0.07603828482742042,0.38725946992186566,0.04381057874796545,0.668889003365599,0.6935165084797079,-0.08147583074745493,0.8189469787124309,0.23375064789309544,1
0.8734143398629758,0.3870595071781492,0.8048337030414185,0.5677604519134184,0.716035339269091,0.27071026941369064,0.7386427058319738,0.9746266518998077,0.9881354328948732,0.5229864369345806,0
0.28294347436591105,0.8496707384590834,0.32613961544302716,0.761329085009384,0.8616398345082371,0.22830701801946646,0.9056831200798101,0.9316135669016797,0.21891629150082864,0.36492741929572015,2
0.4442944667319213,1.1475400885121334,0.151394549619422,0.7432306969299807,0.47830665813127365,0.03906965500517687,0.6403429726375136,0.06740728829000663,0.7117066668983462,0.9246494296359262,0
0.31010233161457657,0.456330312538159,0.07572114553692406,0.11918512700263739,0.06315162107033655,0.5487275039126228,0.7432740191148425,0.19583370362569544,0.9764698174854929,0.07168824268677329,1
1.0119851338288774,0.41575871245632456,0.42475695863981094,1.023138351166579,0.7173875201874492,0.5739741173019255,1.068337871568424,0.6475111892283142,0.8948875341597569,0.36023563816434634,0
0.24876650804832437,0.6514429229656992,0.18840920251710047,0.5683635901911315,0.4521563982183777,0.8469977544521954,0.49778909728883997,-0.026673960534401117,0.9426412482928066,0.06696937748371702,0
0.45082787420464293,0.04979197544590323,0.9946706107165056,0.8457659754096823,0.3961632606315286,0.7064758239831382,0.29393863665359965,0.0552276501928796,0.5946620227131912,0.5997583713044945,0
0.4180900642291657,0.30058238109832985,0.14186660038853285,0.05625048644263092,0.3494833075481737,0.5806629167464273,0.367838932014209,0.17740816168843876,0.5558096594533394,0.7855295155394965,2
0.1124420530664079,0.46396494897936785,0.3092663194035747,0.9578619480411563,0.5928196940195735,0.7795409912851177,0.35901848763895966,0.08205118066554715,0.17573192160514176,0.06084927234498378,1
0.9560550404293914,0.5626112129859675,0.6016635598516362,0.08425944874610009,0.3710556049394125,0.9156233175875218,0.6226112423188322,0.5133814447794912,0.3762582786642838,0.20126854185066062,1
-0.21599722607080168,1.00384085503937,0.343760205653994,-0.5631690398128859,0.8106025378343198,1.3001557542287892,0.5322289875552,0.6958698168052095,0.7580288205267676,0.8439247638868479,1
0.8542138134507851,0.8247811815745667,0.8706664513525644,0.6451720165650048,0.6026504546002134,0.8174174314936783,0.11844586840835217,0.7559782288212024,0.6750622868953737,0.5009327542075693,0
0.11898326660459119,0.6470260504076805,-0.0665221307858595,0.1973658538777962,0.014712876430161129,0.4786139080738242,0.5725243376832588,0.06656147847301117,1.072660218847381,0.08762452505152361,1
0.885177103136911,0.6042352156494636,0.3255522860318617,0.11146186396589923,0.4641195055311577,0.74698219341196,0.7281418566427129,0.5661251788400963,-0.06465567744240464,0.35274986350520576,1
0.004096404446131394,0.39005506800269796,0.28844095697526845,0.3759280406172195,1.0522372007727094,0.6803861850688633,0.10551030265652157,1.005692337731053,0.8875241325548834,0.43545317518686694,2
0.9492711124878285,0.3736088369003962,0.37471444032752765,1.0222312770708728,0.6556407755649863,0.571329366529925,0.9896151089781675,0.6598343408693105,0.9275866265535471,0.41338507863296686,0
0.7929226808240566,0.5688329517879519,0.38053888179685175,1.00183963647215,0.5206176282633814,0.6172469912713505,0.8489938979969398,0.7133101415895376,1.060516459694779,0.5552678459419746,0
0.4327802771462518,0.5307343226269488,0.8793307808077705,0.598114638289161,0.5086591838887421,0.5926971891380748,0.49877282043246335,0.7033500378836572,0.288295371428247,0.31293663175023934,3
0.9642337788627628,0.8760477971314071,0.8344515220802989,0.7805562896408521,0.7839590784137269,0.9120786187051034,0.27608662871165585,0.6449550609445964,0.8433881208715235,0.5635294576386936,0
0.90799427220445,0.2699575505055411,0.9473784915872842,0.4336502896189206,0.5401669829987031,0.6482745397266373,0.2013953653542116,0.7099926642518306,0.8646926414680536,0.8188428312910312,1
0.11444592841994677,0.19609727894951182,0.29158859231364626,0.7509589832920716,0.8473090600040719,0.2583961534193414,0.46484896673411197,0.803956579159384,0.6283689287518146,0.3256466692896091,3
0.2732022913890642,0.8850044160440953,0.30934975500792666,0.7363564591697569,0.8032426232352398,0.31166676210540795,0.9193800837163144,0.9161551376886568,0.16860639707762057,0.376899836467369,2
0.24091881390904762,0.8985586166160647,0.44095396839832834,0.9160115231760274,0.565944111195115,0.21616790447191023,0.8702722571087165,0.02849621740848418,0.41673031334056915,0.8400954456823377,0
0.10746726988701158,0.8513351781386195,0.8239340955087515,0.8046834181971926,0.5339956071327947,0.7813826901988759,0.15498632709380875,0.8403751301418714,0.5720408429362873,0.606025588780021,3
0.5897809778827502,0.22493820654517196,0.14392936727273248,1.0662309213574384,0.46547633513998876,0.7620149067588131,0.9854505230168747,0.7304566280128866,0.5079123341588878,0.049535028955110014,1
0.04727307673206396,0.9056862584790603,0.9341132689495169,0.3946285382331947,0.024547214796571903,0.29071366736945276,0.8011659795192514,0.9952297316951647,0.7628910137594074,0.07302324743575882,3
0.17487249669431001,0.7938434821430114,0.8318436340021105,0.19118967388476768,-0.0837999993319675,0.16894759225388528,0.7964660475907717,0.8543221374621013,0.8404892345266715,0.31466751058203,3
0.05448318549889322,0.6329379559396309,0.13336662391338439,0.9310249061466226,0.0520782309959872,0.3837346567020685,0.23876975314270207,0.22191641431178738,0.48564071667770575,0.9222001873460214,1
0.5346986274277755,0.6072627810602982,0.9847975514468471,0.4246576130880038,0.48023446596971164,0.5309103652565619,0.4411019407173409,0.6144856875353387,0.29632635803365753,0.4365561797187465,3
0.9364968609846556,0.42533813002755705,0.7620189375039642,0.16232137548030112,-0.0275022915902004,0.5237300826661269,0.9047178500920795,0.2555690259336939,0.6994159718083881,1.0676659062768559,2
0.4190551300267583,0.8947240951113795,-0.024809472123253754,0.5083206485137285,-0.23810191468995895,0.46510758146091136,0.4844507741402779,0.26121003908282936,0.8460719671754018,0.11377082845043364,1
-0.0922866782291648,0.7940039919339146,1.0356291298259346,0.05686730250531685,-0.22236924915143663,0.6047931333921599,1.067289502660786,1.2709987648323215,0.5635517941946431,0.32107673627670613,3
0.0036714080327111265,0.8854833064988261,0.897278959788875,0.6618204009154172,0.8309679647301262,-0.45374252096063494,1.0777751229022767,-0.019372472568861154,0.2683370064766222,1.0908629251282633,0
0.8712380186925252,0.42832300703284965,0.7258917575201007,0.5762577560691502,0.8094822530156994,0.1990159035740447,0.8231803443904632,1.0015981452400917,0.9667457422378987,0.5163941492979984,0
1.075034749135096,0.24564990306476553,0.6345193565365624,-0.11499286852787222,0.981722262236204,0.28381220836368554,1.0351378721391238,1.1876271747421703,0.7130518425761005,0.8068423266906373,0
0.10966665163177391,0.8560975840930766,0.8199242831479112,0.8106757362691855,0.5318455830441995,0.7792426185859496,0.15588696303505223,0.835802105919396,0.5792187194883094,0.606854176882435,3
-0.030051856198706095,-0.0861374748214414,0.7961073611373013,0.044862312433314844,0.3818880461855445,1.4261397872312784,0.9352118450057408,-0.061857265024046926,0.21932189271333968,1.4236168242121554,2
0.885272806312378,0.757335685138472,0.9268441184736163,0.5953133984375465,0.5480013632894922,0.8388153879877585,0.0519878549224219,0.8228260392958635,0.6222915149251456,0.49969568572038997,0
0.7491626725185478,0.38938406289441363,0.5955816691812484,0.3081690988719472,0.1189323607118186,0.4921956579902122,0.9186263883430532,0.4231083365104406,0.7991582196297584,0.923333729440745,2
0.5029472580642256,0.43066847568308986,0.9597680185615718,0.1379806731142063,0.6629667719649556,0.07018681743989963,0.7731701527402117,1.041397514351038,0.861417864618692,0.2817670291859583,0
1.0730652770865894,0.560454258901028,1.1635400262032702,0.41167520792269235,0.8735272912168152,0.24890882487089633,0.4387685736807085,0.6189371982345233,0.38044932941802695,0.7792120752466843,2
-0.3209653057421076,0.7349418722602552,0.8178179000034417,0.06643262448174653,0.22038929384669376,0.17820324125188314,0.7738162379557988,1.1080862310163395,0.9649852327431268,-0.04919794666007621,3
0.9301963382857841,0.27332413710511977,0.9554694326271048,0.394682891160388,0.5679762792425092,0.6378704877434157,0.19249010801850108,0.691307479626105,0.8997019003536515,0.8426213546425839,1
0.8332353534362602,0.14338488038705097,0.6414988404692183,0.082738641612627,0.5244343532593803,0.39688008278176734,0.186933919475027,0.9430080906648147,0.9401709273156793,0.8274201352088366,2
0.8337318593308002,0.12457496037888575,0.6297662471215864,0.10687485261327816,0.5259883536145891,0.37356408669639,0.20537008047715882,0.9222260578690012,0.9365876484518605,0.8259863925433193,2
0.10797135339697861,0.49342818318335135,0.34248278137777904,0.9498404256193392,0.6257156782171703,0.799377099780331,0.3679065610277698,0.06107266400865942,0.1675927899797446,0.06404693095119782,1
0.1440193693310889,1.041558298386718,0.7424163910981322,0.19048368502142113,0.09273868731735149,0.22139052576604193,0.6744287229237088,0.9674423690418436,0.8401980815647171,0.19242502239007325,3
0.09727830786342412,0.7749121725628986,-0.21105745282132504,0.20517226670851865,0.0919866216813271,0.4640841151110149,0.46572051230509576,0.3946293073228315,1.067157995746672,0.3044959608137308,1
0.9819514196071877,0.20710484548840308,0.8272600157419743,0.4199771227534872,0.19738049894426246,0.2221722892571356,0.6637120913550605,0.6338608240201848,0.1880804052942967,0.04531503637190043,0
0.7786191590814895,0.24343591437819886,0.877539917673122,0.5413153393432539,0.5918053070191566,0.3554338954088165,0.751318469670942,0.9771386403581606,0.9066852534106964,0.6295026220235764,0
0.09753599313590328,0.6656085982805681,0.03246656633839622,0.19089103695997964,0.07064185795278125,0.44203391724457197,0.653927506363355,0.07643030816253457,0.9631906151688366,0.06382902617718203,1
0.13839734608304494,0.6535784812477576,0.30851054681759316,0.48442753514597314,0.5339932751403296,0.8674204346873591,0.5963435299610161,0.03543282385809235,0.9579643454213068,0.18008043531743922,0
0.11614303508023348,0.988484323188887,0.5783289314849726,0.7887133159235542,0.7074692366000658,0.25164719938716673,0.7738975221192907,0.0695034456658692,0.4645959001659415,0.921145603898132,0
0.4977340562855084,0.15292684174456364,0.23944592334886627,0.8225076068429784,0.2898949538411438,0.2767505074141204,0.8925517833334113,-0.025318426976572918,0.6958760781361877,0.10599341592055868,3
0.581294965898427,0.4164545504493705,0.7542499977942418,0.33938581995391004,0.3997808290364391,0.33249863728924833,0.4711513494222815,0.9816274809367841,0.5898617936987453,0.5784766775358751,2
-0.23444504445163133,0.7924161012904856,0.7113113113073071,0.0614114025748293,0.48623208126889134,0.6452556121602805,0.7523535218766955,-0.27401131670150153,0.9131806552020284,0.43014959255671514,0
0.7188802693736619,0.3912986363918526,0.1568187146553611,-0.028713447254468172,0.23106313041739324,0.22884483645037074,0.5751981791643987,0.5866469499073481,0.8409667190526907,0.09009700685127012,1
0.9990562658135334,0.2156558951457658,0.4290035360214295,0.9505684911270568,-0.10865256195649392,-0.1186947128490024,0.7767468069998321,0.43164338235411276,0.151877091700449,0.12274700367229008,2
0.19896618804960475,1.0576074172838008,0.8507619154300816,0.7184107003192207,0.34872075042963313,1.0446419686093844,0.21161252929085303,0.809247433293026,0.036255132319815545,0.14890984450736167,3
0.42582180415562815,0.19301719548086305,0.2897402992126582,0.6865861544303644,0.31431672059079985,0.2433558870341554,0.9215665145785165,0.10302962402683721,0.8173336188597022,0.23731080295472168,3
0.9275770781660992,0.3998410242300915,0.8541497633536996,0.18577890196269364,1.0075906009048687,0.4053575994777871,0.7741203845748159,0.8929554788720859,0.7144293280996062,0.6017464913905927,0
0.8439993472264321,0.14289281291489972,0.6343059861698377,0.08751545762765367,0.5765117627868046,0.4034690391637879,0.20359065605303114,0.9063815213494302,0.977988661900146,0.7850647946662384,2
1.0308661820106033,0.38911319972851055,0.21218601877186577,1.1238219605467312,0.8229908282306787,0.5672541863874191,1.08761534297402,0.7546729853260319,0.806305142236899,0.26865420661726797,0
0.5734447809378823,0.5493623377619995,0.8959100128649479,0.551409502933406,0.5168151172431332,0.6612478850931521,0.5814958625639935,0.5798069275561037,0.19714510639765367,0.4435147354025848,3
0.729384253501237,0.07092814734164801,0.6398248195486559,0.45696702405449596,0.6461069769857983,0.5764399596760418,0.012538074187430949,0.49568568747098235,0.5653949284011777,0.7061990209241018,0
0.5437327967043218,0.8092548230018897,0.5269799777183106,0.34615926843313366,0.4247157697656973,0.8149350756071921,0.14042320952387013,0.8318708603367657,0.3534800232537846,0.41659953137108424,2
0.01953323987223904,1.0212880287482147,0.5158581049334285,0.04435692219139706,0.045750601239552935,0.851992528983285,0.4086448595820168,0.47663157385137644,0.5726615799201652,0.3274619799467615,1
0.12634213173150374,0.9651600028163516,0.8433647099670345,0.5679593188764916,0.39074654661830244,0.910148597073126,0.1565616194792933,0.9198546839708718,0.04842938780388071,0.2154064407477799,3
0.9678844548718419,0.3650609647223928,0.389286380020933,1.0663787006026213,0.614806004890271,0.4599037873788032,0.7767228504107034,0.6817425478114013,0.8887985539758161,0.4234836355724336,0
0.5471554706146272,0.2639675899691862,0.09057998287680417,0.9929225986703628,0.4296339986322142,0.7694882802856763,0.9938845615904742,0.6774450917548204,0.5260422957158732,0.01352559996110256,1
0.6944521267022681,0.8344128500923942,0.7529038428820419,0.8032796340707903,0.7591465162959775,0.6456699448027237,-0.016352975735557024,0.8970543620499744,0.6510949089497832,0.4266170091237406,0
0.11623898493045334,1.3834611870941906,-0.0002288384888977646,0.423307979620304,0.6423542066827083,0.6811128193997009,0.6888315878927939,0.17957301828005243,0.3810411390924438,0.0935822389814302,1
0.20840337971747572,0.5688292370873651,0.05507957600560349,0.27162372745254026,0.06861778132953462,0.5463371316167626,0.7511459069802706,0.19732552751062782,0.9234155998537383,-0.01675992888003293,1
0.3493225528228898,0.16750824167835104,0.2728288789520849,0.7553750682779511,0.20247413508068013,0.363052424733962,0.9606993641086276,0.009760743291095043,0.7504158765291044,0.17567811156800517,3
0.17232879127500178,0.20864571851439784,0.8261405822735611,0.19187546258658336,0.7594214294251443,0.08500480880827169,0.7691196853466736,0.08036496134201034,0.27787248950941806,0.7637535098271226,0
1.0501260733863536,0.6686737408348709,0.7685042082274642,-0.17247813552463803,0.8233071512532761,0.41505516449352076,0.8921052266460681,0.5361024873533013,0.5131091777613541,0.7776108964452317,0
0.3674632214309193,-0.0043031704954726024,0.4840423928791785,0.7502853100674108,0.8018339115122282,0.9902446814546515,0.3347384847397836,0.25753960779251484,0.6907547358381123,0.535606125836562,3
0.3397197135601174,0.03634940995862241,0.36583165716238997,0.4187008213574585,0.4089434775355075,0.5043501003403319,0.29221463077575144,0.8325513191036552,0.2600173660943484,0.052659711154634914,3
0.7984122532548468,0.20486692473976745,-0.1302312439729263,0.8078175195478556,0.23948716890568011,0.7710872911372325,1.0226192009993023,0.6596868864639814,0.466086096866758,0.5600363724706918,1
0.2054908709326213,0.555571583438254,0.05335110296506589,0.2868793389086421,0.0859326974867399,0.4930574579383746,0.7373375963258794,0.12355043892028827,0.9995868476939189,0.012663541499265536,1
0.7741362731838607,0.6195239345195459,1.0035077654794422,1.2184785557276403,0.33634770562094496,-0.17698489754754382,0.13530366500372507,0.9469131137441962,0.41349332493451435,0.007834304808824716,3
0.8542541359464317,0.15532897541357168,0.6287209377806261,0.08429201427394932,0.5301078086597596,0.3791840640212359,0.1958588229230119,0.9335639046266697,0.9387295294413955,0.8303547900428583,2
0.5223849031633733,0.2940510070928822,0.05973946292310059,1.006179876625513,0.44281609281098583,0.8031723671395891,1.006970091692684,0.691718223172397,0.5219493647494265,-0.008093774662161535,1
0.1863767259626255,0.4901034744912818,0.9392854331954469,0.6635830108617058,0.08430751843746948,-0.13225284388371195,0.5284790772520556,0.35100390188960234,0.4433832278687915,0.2547583737728085,3
0.9626625679482418,0.07917127668340401,0.8308728367217788,0.24995042874719883,0.547253356437541,0.8106337910967382,0.15792213848146283,0.8042601210096673,1.009520034999152,0.8325884301948511,1
0.15654746877865022,0.8941392033074528,1.0223584889163897,0.5286795339523936,0.8811778924475914,0.8778182264149083,0.99217314845383,0.566840799855598,0.7374154289307431,0.7601106662038913,2
1.0103053227982692,0.3705469557006935,0.48305883447479137,1.0350559113913465,0.6252379779358709,0.5993021277626082,0.979240079193658,0.6508916627332985,0.957598144581045,0.38572371788981213,0
0.27912052444449864,0.6844217201691063,1.027570194424519,1.2719305374113066,0.484633565591927,0.3681717831776916,0.5366014839664104,0.36133436059224544,-0.0818997801576225,0.3195746760073983,3
-0.07503642254939273,0.9088310802219999,0.5347060918377428,-0.22343578475007198,0.4881535318819427,0.15866497971566734,0.928187101731986,0.4398668925900069,-0.08264593407598764,0.771023787153623,2
0.359557772298385,0.6406920233399858,0.7570504109052114,0.983374400557296,0.2400601176242843,0.2253447654708825,0.31947912560933,0.666418063782904,0.0929953022639308,0.2591966019356812,3
0.4147662222574152,0.1944328669498233,0.30907781837759,0.7310413826161372,0.25889751051147153,0.314059405683933,0.9634079153838051,0.04040016693516291,0.7986611961820201,0.19582272750261243,3
0.9560465935634502,0.3390516116937618,0.4094455894750318,0.978870323261123,0.6575104309232179,0.5276137607439036,0.9954456345589147,0.6188873264077895,0.922861586303556,0.4407811976586556,0
0.5688491529697028,0.5736809697084863,0.729242235234525,0.7179639584514076,0.3014982598535163,0.0563740916069365,0.19296444107942282,0.6164189377156077,0.2449513157802104,0.2711052844634385,3
0.12255528288052076,0.19210270000745186,0.28298790196825746,0.7157702438565454,0.8669481822021502,0.254324064314514,0.435103360020296,0.8287626162485908,0.6377715478611199,0.2731853527669966,3
1.0370429897474205,0.16075153615894586,0.5417161124492884,0.6819239504962857,0.34144208482665467,0.28172583817301666,1.1778199492199408,0.32742847628859273,1.0683729981354615,0.5669728304632471,0
0.8516902003190254,0.49008328751709196,0.801443108734409,0.23215235528479772,0.5480672767233534,0.8211632013957108,0.527195246272009,1.043014563101843,0.15074186268003242,0.2303718763504378,1
0.3556074104296543,0.1662553144022164,0.6138569947298936,0.9040070169101818,0.730519086662212,0.8822606767417023,0.6038259447219985,0.17276065796205006,0.5772822898141284,0.7387794581651512,3
0.20669049036115894,0.5661789362918064,0.0971825732051656,0.19769118393818563,0.06031376901237334,0.49722165305093585,0.6740379494914613,0.15286644974680738,1.0314580980382035,-0.0013513194316590663,1
0.34850955128365213,0.32096649992363785,0.6301204027666929,0.6062267147555545,0.6656445707190227,0.7868512989420505,0.37968135100901984,-0.026493938785199483,0.7428060194144086,0.7231536261202838,0
0.840729246995349,0.6144209765849213,0.5685761660778862,0.09594878188065314,0.5611534095569755,0.026685997343180487,0.8281097885171398,1.0538031599168014,0.7842768712451399,0.8472277908299545,1
0.574687480792262,0.6571449019083816,1.1483924768950595,0.7262149392125328,0.40731413709364556,-0.11275108883785068,0.31924843884126547,0.8476331086917317,0.35427451558443945,0.422035451442078,3
0.6505101185062848,-0.007502624942489607,0.5614296318002967,0.5281065980834875,0.6254118133527267,0.548967526660709,-0.029055228199738284,0.701268547833313,0.4700308599464719,0.6557345665353566,0
0.9615534875057011,0.4564583391331536,0.5488618057360164,0.30687441654655045,0.6629185870714622,-0.4852938431507144,0.8699182382753932,0.6185867259286629,0.3945756120930619,0.14964996335996095,1
0.15903906379056323,0.8220856251185775,0.17967851706557345,0.4912156035232156,0.6433142601774912,0.8169897283397063,0.6532215669743783,0.11837464180618265,0.9793903203266773,0.28502323089941123,0
0.5335272629108223,0.8039589575253935,0.5344656999647531,0.3623294099396128,0.43930213906132565,0.7871615728156348,0.16248132994754114,0.8168354092821696,0.35120112230139405,0.38838577342382924,2
0.4745290241639143,0.5346900827261926,0.2277356111013726,0.6461739315131215,0.7829544300161727,0.920297458542045,0.021744718462661627,0.6535481084408257,0.9756730041342632,0.1661863791199504,0
0.8881910396291203,0.5865837369073013,0.806712527747329,0.33739835172122795,0.6308549455503962,0.5841865171830836,0.39704024285973627,0.43044860061167856,0.4225112117203944,0.6242752154003007,2
1.0088958325884483,0.5264690688115281,0.6068609213091264,0.4106126774290738,0.5536786452696706,0.7569644108229727,0.8260682964620161,0.20095161300726722,0.3872299578872299,-0.320746188291528,1
0.42053897420966263,0.4528584951449067,0.7762261606837298,0.4375616467793469,0.577725688227545,0.7502384851195966,0.5911608504746697,0.6246187514298813,0.32561414112195364,0.5443580150491188,3
0.7831182589045005,0.6353845082699023,0.5057076092968349,0.04709304964943167,0.5371701084118341,0.008421950763075104,0.8076035819207253,0.9833211457214603,0.8002029912828831,0.8054910657041358,1
0.8551438350448793,0.8202043730549663,0.8763313626499243,0.6438250660225259,0.6073341999382965,0.8217523476899649,0.12524338865601936,0.7553654533291617,0.6723166588334816,0.49650151500853335,0
0.2302334549616725,0.8650552671881949,0.7819021838621887,1.1659345504305167,0.2645569965403047,0.23286021638023768,0.48794297793246044,0.855423900493734,0.36095132557180676,0.3295152585052704,3
0.318085760906569,0.8061201783011842,0.368085716737217,0.6762330730805397,0.939911087404806,0.159280117555469,0.8659174607242314,0.8873846061938261,0.11441135924662468,0.24705176660105796,2
0.4213646783196556,0.4490153311718906,0.44487516513828246,0.18190830517930012,-0.18898134920594312,-0.2990106395624024,0.7545341275501685,1.4091479386680128,0.9672987007999277,0.17302823937453882,2
0.7462311831554832,0.32600585311955566,0.8145600902292103,0.4458568089763034,0.0720203004420072,0.3030678426243999,0.8062008092209553,0.5937420388706264,0.25017060400161484,0.18399779717636752,0
0.9576733041355604,0.3337277400023822,0.40558383134579146,0.9831043965952431,0.6552219548361549,0.5139467412761046,0.9846982632601139,0.6090237398279739,0.9061872299617423,0.42660723040231135,0
0.16347435072216449,0.16559929280925276,0.8533404009657516,0.2272831922170987,0.8159618985453208,0.11425477452565155,0.7033657161725871,0.07220059369060688,0.31423984777346814,0.7569950092944395,0
0.532987925550704,0.7917196237465023,0.5352122813878493,0.37189121005264053,0.43677074605260063,0.7744018655941527,0.1486786179448436,0.8295746020245061,0.3517985222692091,0.3999736063658438,2
0.3186646885462256,0.86904723076578,0.3231184982495352,0.8434239146923553,0.8947882667636553,0.3241245255366658,0.9260916093097965,0.963600543567017,0.2722392122030611,0.4105810141823801,2
0.5178214820459524,0.7204053888670426,0.8084728640818514,0.918808700735811,0.6722090899544212,0.41827953444416593,0.4725283672168114,0.3855316688347916,0.23039536110635553,0.04597972608483968,1
0.09618977174236862,0.9071250709706836,0.998995269516767,-0.27007946352551726,0.3692530488960394,0.4998993512123013,0.6033627430331409,0.045327432894874564,0.416211848636697,1.0145967632617665,1
0.9391815286775325,0.38866018148905546,0.8422725055894457,0.178996327684217,0.9985946752460991,0.3916804651429723,0.7600015324263558,0.8966059283897405,0.6996836418304327,0.5861281909838146,0
0.10686287455465839,0.8516180483951828,0.8248088833048247,0.8128911692004176,0.5337376242363402,0.7819173386904729,0.1533722198812822,0.839990864960141,0.5818740916854838,0.6105935763644603,3
0.36050108635452827,0.472633865764739,0.8751380776131242,1.0572806934997805,-0.09196028706048726,0.09493653167883391,0.42893064199742237,0.47007401948020316,0.2570184911236988,0.2220898708874593,3
0.3794304626197861,0.147439181584898,0.685574656909271,0.8135505073605153,0.6840968288369262,0.8972126864081728,0.5507099102736684,0.27277378677498965,0.469482070898205,0.7680977365919648,3
0.752403311237948,0.33838667827896146,0.7200147763139447,0.26877389336751156,0.1716895691263743,0.5327429129729881,1.0759331659684874,0.44068132498480567,0.8397864439477907,0.9392442310210674,2
0.3614676539752374,1.102910037590668,1.220771308310144,0.15666712315115475,0.41666909627828697,0.6344513373926983,0.1311548481357276,-0.027253524985457078,0.49116966519190464,1.0987024405826502,2
0.12874990623168697,0.6028229982608165,0.12006455722511511,0.6089483465511043,0.5400948294250428,1.0606277373433324,0.4755807104869926,0.19484515608830044,1.1353133658399779,0.007877122113973706,0
0.12679235656316765,0.18649788795656508,0.2808856891238374,0.7273756746181681,0.8710187887304214,0.2543626769648019,0.44181292045367965,0.8256237514983493,0.6441790425759186,0.2857189354724836,3
0.9604476338766985,0.4786617165824691,1.0913154052509835,0.4522824959122601,-0.03767112937090841,0.2572268942244705,0.5554175366149674,0.6810868207941106,-0.034041558063637845,0.10337893136474549,0
0.6179251176774985,0.5172174824840529,0.6282837768500967,0.45711473754821574,0.029056282174314836,0.3051333771244088,0.03834815220523047,0.047539060633482455,0.12203317696515392,1.218069323912676,1
0.9315399006799376,0.2600968196461537,0.9072465630565011,0.42521225559162884,0.5425318114409264,0.6347109656216621,0.22698602606702362,0.675509448802816,0.883736052286476,0.86244133610731,1
0.7521081446464759,0.21145850694998666,0.7419633403550685,0.3733703637723905,1.0641023455478669,0.39967591165097827,0.767335779040186,1.1091434913162597,0.5277336763776059,0.47528433868460296,0
0.25744054377045866,0.8957601065385598,0.44074021590570567,0.8803286626465245,0.5405415278973779,0.15347788289638986,0.8606265455964957,0.05499619220681042,0.40647242372478887,0.8566569906083614,0
0.5636960932723759,0.6316110347173662,0.8438754938880176,0.892699626097461,0.2050302871277654,0.23973134088887435,0.23572804103389336,0.7201243591717414,0.02996260602982019,0.2851146762671668,3
0.4843499674053152,0.975391410425247,0.4061387365995419,0.5916562452800644,0.10785237818118264,0.16541720870130855,-0.02479777652212549,0.39948977165676264,0.9730358012814244,0.9247893480627556,0
0.13500205221867242,0.47113624163697254,0.30816025070329395,0.9520779979385904,0.6221362420586608,0.7524246656810585,0.35759703042090185,0.05130345260453746,0.1451762759714361,0.05213476804542715,1
0.5229966440964993,0.5508739758245956,0.33631856590038706,1.2426947899304657,0.19873745785597674,0.0891120503681531,0.8915137221665539,0.43565309354963644,0.5001800374636561,0.9569160933606371,0
0.13906341514653192,0.9068323758009011,0.8881602370628896,0.5830571492156176,0.4540429012566542,0.9475375533196441,0.19560622540264025,0.9766388730843615,0.011780338490462037,0.22426842111567433,3
0.4564224056258605,0.19075954780536625,0.9801002793143067,0.8154060523024822,0.5463149540942741,0.6253327700640594,0.260167253231444,0.014406160099352236,0.6785963574127827,0.6749228041616246,0
0.2697644161858272,0.10241781708870124,0.3746915508175241,0.2013060728801876,0.38263231330737907,0.6364366688394483,0.7061668233417009,-0.04850227104961402,0.7356911841210557,0.7673320608087668,0
1.0381635071550914,0.3954102366372572,0.9364789238157021,0.07597726482224977,0.9523394154928302,0.3814227235074961,0.7062852158468751,1.0249740066001354,0.7513670659925296,0.6249738572243982,0
0.23830909148369,0.7062103813564087,0.4191756614747192,0.5937959299328229,0.12365421765587783,0.9341973737450074,0.481574307774326,0.7865289969832812,0.19521793319250294,0.7718228299547526,1
0.16241675746667197,0.5929074059348985,0.04325844859126643,0.25514619700470925,0.08171603350483703,0.5123647819096485,0.6957043560618167,0.1589531984402477,0.9824478991244565,0.031671454241512034,1
0.2599446937652085,0.20891446581083178,0.49003771830214937,0.0699051513588382,0.2902719615232008,0.6528388696698385,0.4423086963812818,0.07931485268090781,0.8004139841413316,0.833233950246599,0
0.18726066126314062,0.8087836411365509,0.4699368413582623,0.5343998736625512,0.130826066252356,0.8651046030839233,0.5336810583096335,0.7304066777840343,0.13978598086595798,0.7346879555379208,1
0.37947732366693204,0.5828635099574999,0.8566644684545751,0.8547189964328379,0.23024420855854394,0.24961204307823648,0.18125437860191462,0.5635318888387131,0.20746128721690177,0.1931879465288085,3
0.2837547270486469,0.8230492300527518,0.2565336594730121,0.383720722174991,0.15158662948098936,0.17115942808075946,0.16852819291317328,0.3727674908797109,0.8993192582757457,0.9006620340894061,0
0.49677824452456143,0.5584713447647588,0.7911557142967792,0.9970074669913789,0.19721299990011135,0.111664900086033,0.24120595481139354,0.5435571524337022,0.19901396185749082,0.267417876387125,3
0.16551345371168635,1.0536146609212302,0.7184555980082904,1.0779034030258219,0.684409398880907,0.0807212379286211,0.9843211742774922,-0.24398691234333458,0.19172016582763063,0.8696993135919859,0
0.13713709543414004,0.7986925807814563,0.36791828224459616,0.5087000578010238,0.4626140970475179,0.7158671551963288,0.6281273088774076,0.04430365466700085,0.8959514436117691,0.24292948064466208,0
0.2949180567612758,-0.40051613740279346,-0.23109657265817918,0.7366721381864463,-0.5661223166202289,0.7170887843778834,0.03220935648305834,1.7351212995332839,-0.20743946563365634,-0.11722983805145393,2
0.23376913299513924,0.5150589416190773,1.0546412377196654,0.5505840152424211,0.28708395551051547,0.764547022611425,-0.003886433538757783,-0.061904181176907075,0.4201583204485665,0.29515755140926053,3
0.8237287300876098,0.43509151227990417,0.9282103295775016,0.36537208082311634,0.14834572473239607,0.3217746570000174,0.7531051421250796,0.6420168234386154,0.21373897746015869,0.1604203876729507,0
0.9371096724699307,0.6539372950940721,1.2612257307896702,0.9394595681755096,0.5770457033846826,0.4052573866476909,0.23115598054133968,0.1153780390799975,0.4376079363977795,0.7761406654088273,3
0.3322364324546264,0.04037951764169409,0.7034459881101808,0.7830777586617429,0.823452149261285,0.8050241054811478,0.4513353036699142,0.13760971493814744,0.48547041887630704,0.7914001297690578,3
0.3694689029374868,0.30504956619307577,1.5941652037441822,-0.04640633897477242,0.8547538157363214,0.9422080647971995,0.30679603624036694,0.8573839650504813,0.26163057162749775,0.17573599201827544,3
0.5288785859164066,0.799055821441751,0.5396807418356575,0.35992644155786213,0.4354796893559876,0.7929755981264434,0.16367984349002884,0.8078649527447697,0.3429367112321824,0.3888551411541845,2
0.826445612262037,0.39971863591235246,0.8619956353248254,0.4589761886419534,0.0930200909484941,0.3518496494962181,0.7983305072437272,0.6759719612118537,0.24410167852067718,0.19595442938282062,0
0.11245314630378352,0.8469910739308436,0.4539422185547776,0.5337979165176219,0.17680271603878434,0.8341780689563696,0.5898712339787417,0.7008131032602514,0.2098607552096604,0.6798050067410616,1
0.7004354492370523,0.4609548608678805,0.5230065036461907,0.2443924522937734,0.5022500746049657,0.7964700858360632,0.7568370973598258,0.7479890294484589,0.13913154109694298,0.36318276184562404,1
0.8312590149921301,0.14898144766350147,0.6264098771301054,0.10709742940431331,0.5350203159316486,0.40429479022273357,0.20669531592884588,0.932719980653299,0.9443900959038607,0.8280640218325592,2
0.8365017676071385,0.15507035303156272,0.641950806699136,0.09552505158663208,0.5357297738226223,0.387697974453129,0.19997649474134355,0.937159177010701,0.9342706210285986,0.8270504491765259,2
0.9735506938887759,0.7081749947760527,0.6165916938756357,1.2489118157744499,1.2160918962673275,1.0603771676127223,0.03662491291767933,0.2146610947838043,-0.029870848573225972,0.3730614167153702,3
0.4284566625715455,0.4844850594741485,0.2939235665979797,0.6928002092274527,0.8140991125713428,0.9526616772447608,-0.026254070041885152,0.6536929053357043,0.948458922796938,0.20004391928420195,0
0.004805477617688449,0.13329275497623838,0.6198473934929607,0.3033295324019724,0.07759554977517269,0.2094240957271406,0.5932337469155282,0.24725054375260197,0.6906022551259072,0.7417413847680419,0
-0.7269988749960732,0.9083046333227852,1.9583610069984865,0.08326407349886916,1.4032727634219722,0.47468050416858265,1.1139175383546815,-0.052154153090286814,1.1826820413857386,1.05021938074728,2
0.828327774915568,0.46320901250029045,0.9466819715389924,1.077662680453652,0.5584329509054319,0.8360237037176,0.41722355697589647,0.462212026303091,0.4621729641833678,0.018108781110475335,1
0.5603890781277461,0.2756339279636294,0.11321572605038861,0.96104970644875,0.4434310787349456,0.7695385400999618,0.9722313596792466,0.6616220082765033,0.49809508510957545,0.015016934348734154,1
0.8962188188435348,0.735057579058669,0.481719981438029,0.10440983388083173,0.4758566450284874,0.01397682054359886,0.9068470664757555,0.8655114141818419,0.9000584521083075,0.9373168830636223,1
1.0491375170415724,0.3493347670642735,0.9295097168880371,0.3225211138713548,0.4449471449742554,0.6860804160713535,0.07366776626116217,0.7865972078729737,0.7521035933825957,0.7263118973793016,1
0.959381523060917,0.3281300007940002,0.4073702951144111,0.9785431013143011,0.6657418693137157,0.525129969918888,0.995236883245424,0.6052909045782215,0.9217511692879746,0.4425820894629367,0
1.0624414997348959,0.32071554343698266,0.8877114719771403,0.3011437035998226,1.0231218759689749,0.4123637943119055,0.8470586180691764,0.8051221209305531,0.6703475536726984,0.4721951284904561,0
1.1909718323101735,0.4622649532691279,1.100211921795361,0.21275360821885736,1.027054306065956,0.34259413107907194,0.519670982910446,1.0481198221866532,0.6899480556342964,0.5613814331999775,0
0.054847224179247,0.13400305486247316,0.6121959679729619,0.31786870023089225,0.014423924000602852,0.20350878246161508,0.551627522937258,0.2395924180602956,0.680156525163035,0.7609098264015435,0
0.9012300709280993,0.5829506689643215,0.6585290065834135,0.17277300585423686,0.6036800485895143,0.8654382673828891,0.5442153407298705,1.0055468166867765,0.26918385446583054,0.2075139077999602,1
0.8516859904752571,0.4436158919308004,0.7711323454105309,0.6244741433659194,0.7525280207230985,0.2832713498795328,0.771131394740214,0.9699528900512688,0.9907637000511711,0.4874119182480375,0
1.3629404688360367,0.8117694477796376,0.8383541989539939,-0.06182081775842346,0.627870959384081,0.3436359588067759,1.0179003361611498,0.47170152163377776,0.6157502685280372,0.21580666713799307,0
0.1358546151370884,0.9000546681470283,1.1012598898649402,0.6248370488842978,0.8760475734428678,0.9159215009742192,0.9432847074930438,0.4442418293075105,0.6253016290129645,0.8491477962198892,2
0.1393250238963803,0.9555371673011792,0.4629491718692616,0.07175106400334408,0.248964039521953,1.00572574110474,0.42882538286981675,0.3148957858531592,0.6598691205403424,0.6207468223307372,1
0.1235202751154048,0.17262245498138765,0.3086540370800335,0.7335248568264833,0.882763380982566,0.27319115600404625,0.4307562632278887,0.8102966169780267,0.6430355570772438,0.26873096633158516,3
0.6081750655422724,0.6067407874133928,0.2954074320554678,-0.17521903160440877,0.4195943089912413,-0.07352389588817716,0.6336764031859012,0.5520113801194635,0.5841929852852696,0.5226338082897904,1
0.20962438958392177,0.2130985916126651,0.2926413049256837,0.22539324456986787,0.4286229382367035,0.7986915406911644,0.2635281198072774,0.10746964214349736,0.724637064773207,0.7515983063455313,2
1.0476618005780607,0.6302587558719577,0.3677628485402162,0.13666249610226033,0.21280689905535738,0.09788263343873535,0.8518404556684744,0.8212104022782649,1.0340783725039848,1.0634920351449189,1
0.8497235113680703,0.17204856556519207,0.6200767285264992,0.11795912985718585,0.5138089252964698,0.36013808059314867,0.2450031202608571,0.950823293422451,0.9371735128368,0.8009017263270956,2
0.798165453314885,0.03572658711186669,0.5566725067933581,0.4295552854679052,0.29016802348193216,0.09610270847234008,0.41941107429365343,0.8817128022419112,0.6925012896874996,0.7656014889400529,2
0.2279860121687084,0.7385165047716824,0.3186948754558597,-0.4131490963420392,-0.18118851576508432,0.4867431207570912,1.0716656627331724,0.7119697902314057,1.0124558846948566,0.024946064893166406,1
0.46685976922696387,-0.14809513495664794,0.367018026454932,-0.08434022995559146,0.30281067978147413,0.5585653936013103,0.7137488235057176,-0.08780724496646061,0.981978622482832,0.79562027203592,0
0.8888552973935292,0.7786018902167006,0.8483513006027772,0.5969679251180504,0.6257683085493402,0.7943605001672385,0.11213124410901532,0.787266635581721,0.7181282874838558,0.5359848067460088,0
0.846417475414167,0.13812352615924248,0.6217537820354336,0.08676760587761141,0.5296344073154859,0.37257497652356036,0.1898745153580085,0.9433743589591541,0.9313566828920775,0.8239071871214505,2
0.4215536374048316,0.20678551426977917,0.2935733347147423,0.7252023545570767,0.2684312097216695,0.2998348562529417,0.9599515909697101,0.036877011411604925,0.8057556787344863,0.2084226990814615,3
0.8070731249851113,0.2795750317029897,0.8417018443092035,0.3252916829229188,1.1164350911207621,0.3091755852155566,0.7197028687678043,0.9524548588301487,0.7573168929549703,0.5237541829749207,0
0.4915793352304444,0.6107445220625424,1.0590223925471296,0.19962924018192962,0.9340967906639541,-0.3122705070627738,0.9433353999053966,0.6137800334731389,1.332516734391064,0.023942457512246232,0
1.0319609360702215,0.948234235407226,0.5516118494922869,0.33949259424484246,1.0099612399477862,1.054889724323146,0.7500347570516723,0.09193954427424189,0.30791245494705466,0.5806248554596196,1
0.9543685349716702,0.848584868614151,0.5839721806622432,0.29299226693178143,0.4286046224296336,0.650574460029703,0.5391895781849744,0.7349661027524328,0.09067473319279662,-0.07533373975763488,1
0.12862112387754648,-0.12025976549377554,0.6140636386014625,0.8349706687782388,0.5262169967816415,0.6884040225784275,0.49342598613353006,0.2973428332335062,0.5996303827915868,0.6220852748939467,3
0.42611512992744666,0.0011855314222413427,0.5298715457766088,0.9662309144843213,0.7569206939817053,0.9324086391732703,0.5927519943485868,0.3510089924126155,0.5693340287629669,0.6135492386325846,3
0.5997545392736751,0.9478511622441601,0.6863873137154776,0.5651249110669513,0.8075460536666781,1.2909863089812577,0.5331177983730768,1.364598784972828,0.6887121927656029,-0.19933313959317484,1
0.2307566216154718,0.7771610837578357,0.43031051793583003,0.6475207746497254,0.16902124388816647,0.9067048238848205,0.6055179058978033,0.7865348895397407,0.05430145692736597,0.6988667364391571,1
1.0697439498395465,0.6856661009918579,0.4347035920413106,0.20241882447241177,0.4538319816069957,1.0743841121373507,0.5776292765142771,0.642242841525832,0.16799421044329735,-0.16546186641140337,1
0.5369938021184706,0.7946941888269239,0.5374245924585426,0.36327002867680513,0.45251900689542596,0.8031475823485607,0.15275175888183654,0.8158691880968774,0.3415448776130053,0.3825734716066992,2
0.8373780873789256,0.5429733034383251,0.7172736090175862,0.2603201042276884,0.608970018516687,0.8527097063138984,0.4845997572378773,1.0008682677110852,0.2991723868321533,0.22742385730188686,1
0.11467044668792147,0.22317202485899593,0.3091077347027711,0.697924847217396,0.8646451834145066,0.25759050964372215,0.510721913010149,0.8776157585565955,0.5796913196581833,0.31323693272793707,3
-0.18165874496503925,1.0344660326661763,0.7904919383891708,0.5238658385546444,1.049714465596959,0.33040793296856363,0.3114828497461875,0.18247837596351815,1.0626189346115555,-0.05571126105683638,0
0.014216364971092112,0.14258837838568103,0.3641105211595022,0.3979304607568025,0.8847930064738364,0.5051768242971422,0.2571318135747452,0.8514507480123417,0.745902233329438,0.4087615257427212,2
0.8629769624748663,0.39771680125262976,0.8022139260360868,0.5685089182107292,0.7124964387889847,0.28115122729428044,0.7376069898060366,0.9681001603127621,0.980530412115228,0.5283867672163544,0
0.47994702782876747,0.5487314539203386,0.21800469932297367,0.6631884109349412,0.7944101788506214,0.9179822187923475,0.029407218154842887,0.6490345538977758,0.969864475328487,0.1672321209783288,0
0.5176914650248323,0.8167739693396097,0.5085472070612241,0.3741137887940788,0.4184535075886893,0.7897315278969679,0.1815877933892344,0.8388299307633476,0.3464163315622796,0.40822928740186504,2
0.5287545006095274,0.7952027802434597,0.5384766120713694,0.3614337351380972,0.434640766785811,0.7918957740972798,0.15759120206035082,0.8089258721565376,0.3603104560544507,0.3805239069346202,2
0.1893940247006657,0.9842653578753061,0.5881461970463169,0.06587143644175456,0.4131650867657946,1.1038339770981669,0.3889818838870957,0.3633572035536722,0.7233810349121799,0.6361251539486129,1
0.07818059045165204,0.5350746270349657,1.1807413958986184,-0.2016371131293408,-0.39822823562385234,0.3699563009564596,0.1942823506564334,0.07972583570215369,0.1902179058568676,0.9036706419187189,2
-0.09496896019634746,0.2695025675396661,0.44425295234189394,0.11685792655205521,1.0979642922532835,0.5423496581587429,0.2747506029995911,1.0120821236479904,0.9418241613626903,0.7432964984657281,2
0.5529141919542389,1.0027919997160248,0.6048606046402332,0.4489961782204929,0.8053637153036148,0.9822573604950492,0.09906097542779635,0.4304842644939903,0.9405553725026943,0.43566518360761297,0
0.5134335521265465,0.8331189608212177,0.34879357170378605,0.43359193201481705,0.46687397595185437,0.8846334425661531,0.9763990154446052,0.7357268406017113,0.5713804067309559,1.0826719384434087,2
0.5791798337127256,-0.05373264710497341,0.8255146422357889,0.984553037092197,0.40134584050284866,0.791537323577726,0.1660718330431616,0.07865207852412634,0.5145289129558765,0.7499625284811993,0
0.4761741429366999,0.5418220759462373,0.9280371485082815,0.9432696826181698,0.19511550099879535,0.1786014725466588,0.28576692861300357,0.5899253090584348,0.02785779521930637,0.14677284411077435,3
0.17781031231592367,0.7338901014208699,0.2533120033385379,0.5743134591336688,0.5734482777652864,0.8641767755228646,0.5533235413469763,0.04670468519165992,0.9907097462186665,0.24497487278412244,0
-0.054428716256103515,0.9456721368864295,0.9946118812121592,0.39835853542238525,0.5967418972838131,1.0726281749497697,0.3559300897376655,0.8957744492732939,0.20036231253185427,0.3778331698767291,3
0.11789239708277989,0.46679916827569046,0.3095991037785966,0.9521032303415272,0.5963471555833937,0.778256208198169,0.3544586778466693,0.07918213431040431,0.1683460873429467,0.05093404669076258,1
0.15394038321888986,0.7933919477754848,0.5412649935279533,0.5206500572787037,0.14986697070071892,0.8249536513992133,0.538312733658447,0.6919859558087947,0.14562052437406198,0.809424339231412,1
-0.20545222066836027,-0.012276904220979601,-0.012561407184300877,0.3924655370893969,0.05551330940414961,0.314673959236514,-0.12328504001875962,0.06190290526767554,0.4518314740106205,1.067271384386915,2
0.31165569151726735,0.8615346807657606,0.36372980167452956,0.7997552000941484,0.8629397245994719,0.27453847584341473,0.8538111882667662,0.9591143067047131,0.24887233533388964,0.38757788595445164,2
0.6400643220177759,0.9001283714859885,0.10788510668453972,0.6931140339547814,0.6144539691664694,0.5164265632071516,0.46247761130707293,0.14412763619504365,0.4126111259948476,-0.0682722334789761,0
0.39646257769898197,0.03643331605231134,0.5471202087540278,-0.09314633145142731,0.35296199233812825,0.59847744529865,-0.003955481449069709,0.16021124973667664,0.8854538741510647,0.7673256270434434,2
0.06972401259291905,0.2640995260135708,0.3422432644247775,0.28664515333838153,0.9761640022647812,0.5810707361884423,0.21712591140896156,0.8573094528210957,0.8115873816737706,0.5493740255617853,2
0.8792614325097229,0.48008514015429377,0.7616403005673976,0.5730040013583887,0.73662328871785,0.3921944843055868,0.6474281161642039,0.9029750244066906,0.9833394456840369,0.5232165269838277,0
0.40227515176057604,0.7052630716750303,0.35437228922924463,0.8055299385034824,0.9603378486623639,0.3232658449078812,0.9293933682914782,0.8832007270016877,0.1908526217618044,0.5053017798088792,2
0.874846411599104,0.1621763201260908,0.6391188071615215,0.09132600893145096,0.5390842813783091,0.38828311825092554,0.2047162167041263,0.9366863785254228,0.9572194785183871,0.8192743794328571,2
0.7157271058996267,-0.42605102296937847,0.9759371334572213,0.4656738446083396,1.037110812037164,0.5461844971650853,0.1393746852712523,0.32297528568838224,0.5277415855667628,0.9193351017169121,0
0.9234374143138468,0.6215653121830593,0.7188497030358163,0.7948411937095323,0.40407836300125355,0.8538340429661778,0.31904230000123657,0.7835894542324581,0.6508186546162201,0.29123403894906835,0
0.9313911383531833,0.6148147951825432,0.7864824135562125,0.3014552501677103,0.6814236409653148,0.5228881869155957,0.35425512366736694,0.5114076820313114,0.3974519298111876,0.6131541120078418,2
0.6957178668809656,0.42941301988591896,0.6273126583827241,0.22773135270379377,0.11131249577092209,0.5231686075970589,0.9889202406315384,0.37064095313979145,0.7621065197954013,0.8915133602416424,2
0.7877917147653987,0.3375335974232539,0.4569571586443891,1.1292147519414415,0.6958216904462805,0.7533440843627516,0.8862047169398496,0.76418147251167,0.8633185505707061,0.2604333758539922,0
0.8223598464346386,0.8458203306702722,0.8928263838907644,0.6049655036096165,0.5801898739398568,0.7912319340726351,0.15484363757562614,0.7443399656301966,0.6331543202287315,0.4566030835696956,0
0.367519206394028,0.13257377371919832,0.40622162555259866,0.14569334557050476,0.3650048794139831,0.657575238103785,0.5763773775500632,0.06577529232665442,0.6893076596335299,0.6915409576855164,0
1.0617762440182958,0.7106764530302185,0.4660611710989671,0.1998256609662934,0.38590857643538723,0.6593735524873889,0.7083446967304208,0.6383126115096784,0.33833836771754977,0.07143454042409626,1
0.8625416134776476,0.15221269361256112,0.6471377324666052,0.0671331614058051,0.5301458189008985,0.3579419340602256,0.21891981128234644,0.9492596064743549,0.922040701019228,0.8034931104401247,2
0.6233824742971297,1.0223406676385516,1.2084986928423431,0.662022299272594,-0.2437157231729568,-0.02579991028852288,-0.07580268251130834,0.3246233408713847,0.16286254599486621,0.055661657789703695,3
0.2779589077769709,0.7333100513262765,0.4220923822401214,0.21526974598049733,0.2291400816343124,1.0791005664352182,0.4395973385657864,0.2444688755371896,1.0170914281468768,0.41659033803554163,1
0.6773467957061252,0.34879522945916186,0.6126102613648907,0.35207844303400915,0.030386550462267015,-0.14772644304369154,0.13101426699719004,1.1032447992055423,0.6167989391572002,0.7662648916902762,2
0.9671491861176178,0.7264454267237366,0.8838473299785907,0.7446572746208688,0.6618314734183616,0.9176602366115968,0.018839212720809143,0.7208376043271957,0.7756745934100148,0.3875793541170597,0
0.39601007798267673,0.6014670730323152,0.16142595009185687,0.7247206681896992,0.6939033987827394,0.8183832548360865,0.08107698059093632,0.6295327325408189,0.8809932638111879,0.1548494785502472,0
0.8309957541681255,0.8473713659859111,0.8562106519342987,0.6265055376794012,0.6031040435204512,0.8044793566886435,0.14018192003956634,0.7607278662581746,0.6742676131507737,0.5158534530479472,0
0.29411175633885045,0.8372873100960534,0.9284188665925268,0.6104579406296932,0.8179787429298053,0.9543248289173999,0.9272647792747896,0.49604019260195736,0.6904123279767495,0.7508637660386813,2
0.09003009736972589,0.529821424299516,1.3316556940640845,0.14446574143729649,0.22065413405871562,-0.0641655976456208,0.4005212765622183,0.5256667845425683,1.1220410441698387,0.12974915128593129,3
0.9305457151780023,0.5695108798409222,0.8591610636076529,0.20639258339314548,0.5687799867316955,0.5306495578007722,0.3796396758280219,0.5319617514027412,0.21785994611673798,0.7462734767166546,2
1.0641502652576578,0.7694693442233966,1.1295862859125751,-0.16573810889613383,-0.3186339100114739,1.038557133833992,-0.2257875292292144,1.071025262191241,-0.5608235249485406,0.7948829570877374,3
-0.19677595845892684,0.8983839269545851,0.8385677584838177,0.2606205451630724,-0.036708070225034806,0.20420277233258194,0.9714241000012386,1.012288798319409,0.8326047917452192,0.027042330464363024,3
0.7852169004245344,0.35172147457569436,0.7415324846352984,0.4838747416708116,0.6297490826725003,0.33726234722511367,0.7447886152969476,1.0236770182621941,1.0252537743065475,0.4717082169131846,0
0.8393557536147184,0.6304451993005611,0.7037827099943988,0.41575008667611923,0.37979791152156384,0.9052707509533627,-0.16727155420884576,0.5923582514006873,0.7365823365143898,0.6700190881438944,0
-0.019757111047770844,0.8283290150106065,0.805429528684653,0.38098095334588145,-0.013303622825659403,0.47966799174212155,0.6684620600651588,0.9895784157891779,0.8435418850613569,0.0727061608826606,3
0.1206981608878791,0.46520315753008495,0.30772325087911223,0.9527710887469413,0.59986938507007,0.7797605310730157,0.3629032858787129,0.08109786869090861,0.16912342033365393,0.051527557195409836,1
0.09602866822698936,0.7617165220752453,0.15888983925273775,0.9295237942559941,0.0834078942412875,0.40017927549312127,0.2599583275541218,0.12279016869967349,0.6159912750127292,0.9495446154481905,1
0.736629166854323,-0.09326676832645539,1.2106884123229764,0.7898711220416442,0.46295968245687186,1.0514890280386078,0.5536663947444269,0.27827955105096647,0.3833984080492856,0.680401635497004,0
0.3591956014528907,0.033507724532381544,0.7200469146519646,0.26123404207896456,0.9792100803464366,-0.047230255251308785,0.5364191882167474,0.8301494497500641,0.7956522350650103,0.1966515890030279,0
0.2541150232156234,0.21489062103031192,0.39584180672159897,0.2315202067015842,0.4061476197091432,0.7037831463722342,0.2680182713674717,0.14241188503124244,0.8169378517798236,0.6649452396981381,2
0.6303778778732061,0.6422362864469447,-0.20248549584440045,1.2166450901967392,0.6673071792615022,-0.1366659391674137,0.8115080443733078,0.5212850820225301,0.4602732842146107,0.4963749167110025,0
0.38402143605483213,0.02277689413748183,0.8952449966503118,1.0255492249247082,0.6550135436579982,1.059304661593285,-0.05228482173768628,0.2419571708763723,0.6703191905808621,0.7195234611309169,0
-0.11019019296380547,1.0477906053003485,1.0210584979418755,0.2727294726291052,0.05926960327227432,0.2597337949039828,0.8508352159716595,0.9806862020149242,0.8276546332767007,0.026721232075946844,3
0.747792188780501,0.8476761474966202,0.8454983725063807,0.7421270498713266,0.6095527906756159,0.8666653276273368,0.23123581201283966,0.8865155711153193,0.7935812077965246,0.5714966891236806,0
0.49876432577128893,0.6270424207963305,0.902857734700838,0.88514399279134,0.28212463509438357,0.11072147058386225,0.3459242138826751,0.6910181959991697,0.05143258617557994,0.18743435982131876,3
1.221829200042214,0.485901801338816,0.1733500724216928,-0.1436103962065063,0.5536994596736011,0.7876163626834952,0.6280948262742011,0.29641889207324973,0.20841027656855746,-0.1919640884080141,1
0.869531661272196,0.3899122519435662,0.7993799731308743,0.5584014621573814,0.711895730234808,0.2810920716932441,0.7238275865627817,0.9861679268215842,0.9964745412624159,0.5116102436737537,0
0.63677799211077,0.9542606582514883,1.055441396353938,0.90495940947271,0.23708724127973135,0.7856192962263892,0.34625526998714656,0.9074494054119366,0.25912729205509905,0.04345081536137013,3
0.5747994845072634,0.40770242695230313,1.0937436039610504,0.43173936526966955,0.05260158956179034,0.7956938536773654,0.11085308146414935,1.0200579358875992,0.5996579883766865,0.6675401293200465,3
0.8602684121752778,0.21811047644433768,0.5732462892545889,0.5867873652754941,0.1746884240565346,0.13414768738261512,0.22756570136174972,0.8842776661782605,0.508385534455396,0.6089757804907454,2
0.8296353707763536,0.7795863268646741,0.3790815956428475,-0.11474202220297261,0.6499199848587354,0.031795244111944974,0.9240212783502432,1.0150975902038524,0.7318859815397242,0.8851960005012831,1
0.8307102701857615,0.239912203916513,0.6082353291925627,0.6429132632649661,0.479372567510956,1.0549715959087582,-0.1270784481879783,0.37990706779837546,0.9638082306572282,0.5830530599599848,2
0.9758060378818976,0.8855225260476925,0.8703645553603796,0.7006058884528229,0.6788797709912249,0.8673741647132807,0.14085571546135123,0.690471401542257,0.6688975062615659,0.4648367614599931,0
0.8172792339825747,0.4082732931362297,0.809394963930766,0.5802734606907449,0.6882639477053877,0.3253317319782999,0.6759757050852,0.9625942895512343,1.0008700682872822,0.5276094458529978,0
0.3548877122200724,0.11929149006794103,0.39700667546293283,0.13047881884868304,0.3598296932111677,0.6669808347886783,0.5790887418344017,0.0730528616796286,0.6760948690613896,0.7014391358884108,0
0.28716684615996213,0.8081560898513646,0.40679930505662787,1.0177111118643074,0.5658143785620721,0.20549478545662722,0.9095559036089282,0.11110390999710278,0.4922937801632803,0.7947424173208428,0
0.4393543842138109,0.15990025461994592,0.5305339647841945,0.724375417196041,1.104674379522654,0.8455416503049796,0.34951188688907475,-0.071308633576878,0.3294709727659003,0.8501082161543889,3
0.3082604524551349,0.5213560500743623,0.7508465352299257,0.8387810908348022,0.33428027129627613,0.16335927336383962,0.3347802575727273,0.5106293589372083,0.16556894349613063,0.21174457412464243,3
0.5864211835130638,-0.16527178196646453,0.8825135397494339,0.2392774557975178,-0.0113558770897004,0.10554506341609612,0.19547007862280516,1.0775817429542978,0.8078499403468292,0.28547117976055575,2
0.12440620175368104,0.5916033920988528,-0.03110293985108127,0.32420067114687917,0.09475468547181581,0.4531186234163177,0.6293071137118319,0.19505373579075203,1.0273005883907218,-0.002412231700967632,1
0.09700782374373029,0.19084185415801824,0.26308762268085567,0.7556801536132762,0.8975148737051082,0.2695838153361982,0.4411930019085024,0.8118493094573468,0.6556037302988466,0.27544348039951244,3
0.09794248204583376,0.6176657223347053,0.06060305400172014,0.3142919609016775,0.0028356842579764924,0.4500134027498415,0.6667636474374857,0.080742243219103,0.9156827592441067,0.010557184869958495,1
0.6433413622548171,0.4497187326770671,1.044871848891163,0.6111554215885787,0.5730872301109541,0.76051410071689,0.6633910134608862,0.6894030487706212,0.1410655898824177,0.38686828705884196,3
0.17331846215474733,0.24801899405900302,0.3140555661816333,0.7319635388896543,0.8442585235175258,0.30026777315459463,0.5206646924665557,0.7986973484265644,0.6571363391881982,0.34335046196605085,3
-0.3681808310771383,0.8200800997951831,1.1444788980254574,0.44177224483477895,0.04738728558336145,-0.19641963813626828,1.0704792944164205,0.8279046710827564,0.7265514948756666,0.2648222960674813,3
0.9013616533510459,0.7857643571065259,0.889762835777498,0.6216751972650175,0.51124405343083,0.8616965171528098,0.17489017474778468,0.8015214465319893,0.7048877135848992,0.5406035299725296,0
0.6413423705674355,0.8028560642471636,0.6869598766011866,0.885060523079829,0.4543801393327309,0.7838461772646682,0.1712578125167618,0.6290326815152502,0.7145138685597622,0.6945201525002435,0
0.37135607192210135,0.49131907911292494,0.9485649816009742,0.4659141588458019,0.6893515493715027,0.7981414880829343,0.5432176601849439,0.3563713020604896,0.014410032385129112,0.5790428070302628,3
0.2829590941640242,0.4114039688057721,0.06657401321145989,0.30355185051310296,1.1521493407097554,0.42714878128903233,1.3024381641871097,0.41717674730763477,0.1412952720054787,0.6018302619299117,2
0.18597297559040105,0.0937538728954268,1.0211452877274956,0.7203223888987329,0.22426082687985566,0.6380756445646212,0.8849243065161969,0.08347167001110734,0.5178090977087182,0.7338008970186938,2
0.2340388119747306,0.5119341054537014,-0.13798136665252822,0.1267670627985854,0.14402604063416274,0.4733451899158014,0.5283251984138286,0.09438225072388051,0.9569442834343336,0.19726622780877603,1
0.18538941498752753,0.7618175329962542,0.5838564662845614,0.8153222616854545,0.5108605183003919,0.01496516269869283,0.7265488657708046,0.07604226033705304,0.5790408132435779,0.9872213201031272,0
0.961369678946438,0.5240755470729047,1.0012978100317573,0.3211646856707967,0.8983073588274977,0.2711533594157711,0.7546819741657098,1.0707033052215873,0.9474764056934215,0.36389443099491237,0
0.2772046254961787,1.0521935161541704,0.4350882818307228,0.7855792007207063,0.8367315111926846,0.3035998390977415,0.8990439518922332,0.9178322160045694,0.4648816681880018,0.48656037849649886,2
0.1170559927606032,0.3300044454103902,0.24996627474297245,0.31572440196903184,0.8782396794178933,0.46207296854000507,0.13329180174534877,0.8180394226127404,0.7805836663645858,0.674313864271095,2
0.4191031233261549,0.81836045144937,0.697293214266218,0.37490123874948145,0.9952284540356768,0.7140333897605134,0.9240526637063154,0.6524997839776815,0.5792748555765574,0.6052415529906637,2
0.38266202043067893,0.30753764614086615,0.34780464620346224,0.7378928738199771,0.34265024478617073,0.6625356469193551,0.399466268494601,0.5269109929143739,0.41259205022547607,0.6642972347533074,3
0.7558558726798031,0.2929389951831657,0.5960499999665554,0.876250166170562,0.4469456939422871,0.6114329163562596,1.252519770353289,0.5348049482857147,1.1697029747655363,0.18147533325091852,0
0.8648439565753209,0.17089239295841663,0.4627973226976262,0.4757855243414026,0.22470510324591209,0.17311867619953625,0.26261276215768264,0.8689950502697699,0.46429571836107564,0.6850607764429049,2
0.570961492466915,0.02055874400121001,0.37569586723577875,0.2405248027790719,0.17960385164545,0.683357392045061,0.3642508152378865,0.9103539301171315,0.29555115277570965,-0.07293043814530789,3
0.4060918543410761,0.9475775493564565,0.301690161525639,0.5073479956642645,0.1819424790756579,0.1942804573431436,0.06168907401812481,0.39624718136773046,0.8864724988341102,0.9291896332111051,0
0.9655198900413007,0.3494339128345578,0.7714612343312482,0.23161868499434246,1.007231829232337,0.5567040616653154,0.812035746373149,1.0593284646479568,0.5308462638043917,0.7181701144325937,0
0.837872653353428,0.3572532642446916,0.7746545239325411,0.4527175556767906,-0.15584518482361698,0.036188530218316306,0.24617159987249532,0.7295221541967079,0.8337400907651547,0.6109051525565632,2
0.40791763215979804,-0.0037216579449093415,0.9121072316480415,0.8920130262712611,0.49119795011303735,0.6886506623019721,0.1610548265400595,0.13894615395962417,0.5392093684508222,0.6269833269388543,0
0.5704806755123734,0.3135777368323508,0.13448048027397594,1.0354374330102316,0.38528749263425044,0.787718882701021,0.9735517977637717,0.6488448825222621,0.5360237569956005,-0.032118586573865286,1
0.3597852807747519,0.023517672628144796,0.6330909392427942,0.2592711940380347,0.9362367882903581,-0.0006510693804387584,0.5925425429801036,0.9115185287853436,0.7569241298374525,0.15331698860006074,0
0.5949979100185926,0.6580204493664333,0.33997642590683824,0.3404353935688891,0.4386728429594237,1.1186056483203077,0.3293010374924396,0.8363561930933239,1.2000350141130744,0.12610499292435934,0
0.13290476964900005,0.1784932483938459,0.3015649976327002,0.7433939032746184,0.9042213777452955,0.2678501484166103,0.41229116941386074,0.8142686256998725,0.61395714674747,0.2607185243811934,3
0.9102793784931947,0.6540631250126687,0.4728987844369536,-0.019680210789775124,0.4833315484933124,0.09487830192890757,0.7716506040458804,0.9211786680853908,0.7155778202249541,0.7644581833864319,1
-0.23170265511885418,0.5747185492978641,0.34704743107361496,1.2802940684278887,0.18691620391898767,0.43076191466418184,0.49391940437693416,-0.06943693771116233,0.2047479163139786,1.163174510034262,1
0.14375899284742363,0.7888874894549736,0.4830971878076078,0.6099862941147342,0.16790635961540168,0.7922273637267204,0.5125659112942365,0.6754944278879617,0.06372797232449343,0.7721134972614938,1
-0.10288450688747786,0.20360148668989558,0.29260891985447085,0.20792727424266477,0.40626395931957204,0.8841208578702457,0.22831105981176186,0.1776015660592411,0.7356788995831048,0.6821836113500288,2
0.9737357024266395,0.7066815041108474,0.7293603873125389,0.4697804854376544,0.5991481523421857,0.6403885094244115,0.37793323148885066,0.6141525364504031,0.35910900727895695,0.6943452709016711,2
0.8485640509935258,0.3598691404610857,0.7939823861546756,0.5593837395770308,0.7064472671850514,0.2539905247716892,0.7317004469435012,0.9678804126579914,1.0144643285439376,0.4943718098751747,0
-0.7535028503625943,-0.07870343935685398,0.9038608033528384,0.6998173134389085,0.7804226680803232,0.12184387989612278,0.37746548502008637,-0.39366121602156723,0.06705590415093468,0.1769093697386973,2
0.634003575708158,0.024807791711013747,0.5877177810903804,0.5563428919026027,0.5750977420772162,0.6421676243681712,0.040222047361875506,0.6407826781088625,0.4522858296562667,0.7310579595650201,0
0.8655453624501817,-0.0864258528821068,0.26202258808047196,0.2303655078301797,0.5575691976016586,-0.14928488616477142,-0.2250575162318682,0.2588643607531036,1.0398108288169865,0.33842473493851877,0
0.044088291347341046,0.8711811546048439,0.8970489573809148,0.331745725906045,0.08727572794692191,0.372446765694887,0.8207059123450036,0.9493549627858907,0.721938917981882,0.16129300069641764,3
0.49522329632253304,0.5881868945058532,1.0203385017221587,0.6060120454407177,0.42402583209513806,0.5508408729017766,0.4568411605076897,0.5239613455356038,0.07793933773331643,0.5162893687292082,3
0.2853688765542903,0.2808318211691479,0.32568408282166766,0.2505174518251578,0.8333975673258047,0.33954817982682706,0.2744889779623721,0.6452188564845012,0.30540895876271884,1.0848851081534692,0
1.2246298257598462,0.5451905373770309,0.7562757734239336,0.04724247014522456,0.6346025368299429,0.7575452559458113,0.6493828227384542,0.8540213048971877,0.2818546341853238,0.12898512472172796,1
0.8309632893471876,0.35645767495455205,0.06805885408396756,1.2098327295291873,0.35049871187549,0.7339091383112047,0.7722718226930605,0.7012781269822573,1.0027760826935133,0.4498186741064057,0
0.07065237556100146,0.7858188826787944,1.043226298099079,0.3062301687185794,0.05828783594486536,0.31180839591878345,0.8272933900991245,1.0610934700390229,0.7045884899948982,0.18884346341727937,3
0.6418455461832901,1.0811403416610497,0.8238287686707401,0.8060834938874812,0.8543554195358964,0.7688053355142851,0.15880762530504275,0.9099624118931137,0.6783607874735041,0.7378896531690511,0
0.8265212833854184,0.5838922871555978,0.62866397095485,0.24208310470701586,0.5385360944596219,0.8925098834955921,0.47354765769315704,0.9188054730002875,0.17370523802650578,0.19708529147943665,1
0.7322312080319083,0.4198946970660731,0.7217328784169803,0.2543003614596977,0.11866415375912678,0.5958610965736346,1.0257251184704619,0.49639582945078814,0.6967385969007971,0.9809952258372547,2
0.11132957299982349,0.7819411203191924,0.4341928104652614,0.6075281734084097,0.23012957351813076,0.8758503660009079,0.5868768866869744,0.7675934252438837,0.12267795921174862,0.7764655606285765,1
1.2404385540179577,0.6562680962469087,0.9390844567893796,-0.2784232196711433,-0.04969602476386131,0.7025212960805864,0.4523004994109019,0.35277482642915015,0.25112724619782933,-0.10636731144417494,1
0.841956551817057,0.3584271117122726,0.8371446904409023,0.5510022759402535,0.7521236610087642,0.2718482626006044,0.7836110553002699,0.9272223645399946,0.9711404457114423,0.5048832477208637,0
0.7162951795013187,0.8616773761833242,0.16153416832495196,0.7518076481304337,0.5081543765910628,0.47973887469748583,0.6069015991198621,0.08982216262109961,0.5266953521195465,0.029708413629956916,0
0.22871054810385172,0.866207994975853,0.27665064629888264,0.861444202339892,0.9216489590682667,0.21929184662633153,0.9604825436669719,1.0026354372187858,0.17783395142032757,0.4772696285408063,2
0.8574205196650521,0.38018738257447965,0.806567080147736,0.5779217098585715,0.70137539260684,0.2862492028095532,0.7444500420886128,0.9915615704352894,0.9975904321652458,0.5158994695881742,0
0.7876701363748096,0.238946103117065,0.5499044483769807,0.5029263772914514,0.09244783009900051,0.08900644095224725,0.3149290709244459,0.8837916494688046,0.5609631557999171,0.650101884873478,2
0.29346891000710423,0.01987222747146397,0.6327154481457955,0.681029689409945,-0.0445987921595887,0.6175400284818579,0.3378043740824126,0.5063731473763722,0.1734804661439655,0.84912630579583,3
0.8544192911423745,0.39325880959231874,0.7844385690317337,0.53948872703535,0.7329013923586994,0.24411478450848595,0.7470281602128375,0.9668301070176027,1.006560728287164,0.49508826055181443,0
0.14845955996809987,0.9372013777720529,0.2179375222191619,0.29624284657301714,-0.13697528096110717,0.46511329662250706,0.5614849105606102,-0.19046295937026736,1.096051818850508,0.020035145349541084,1
0.8331586675680569,1.1536867551281176,-0.18873558854404215,0.5615668141176632,1.1383741773888594,0.5935744188556509,0.3537014552669602,0.17840706271685164,0.5140965922157246,0.7039493822528434,0
0.11242000175195958,0.87176459497933,0.8213449186083723,0.8039977445204819,0.5343405981359967,0.7672081154593263,0.165102079807965,0.8415742046869079,0.5690029272904252,0.6130226856298214,3
0.6135674067586805,0.7650795516530626,0.006115999098236638,0.9009122133301221,0.7679307930837145,0.6310884344232864,0.344961079189663,-0.11519612712744395,0.448321041623569,0.08839209839789522,0
0.255845860757809,0.1497658405814365,0.8777949569350986,0.9539657776378503,0.6419072516553086,0.8950777898180272,0.36597950287721687,0.28358836515643326,0.328520929428081,0.6624846253800694,3
0.7201888998959427,-0.2667638373787583,0.4199076080904787,0.9573110607474353,-0.4028057321047712,0.5807637088310975,0.6929253113434476,0.4012660026488357,0.41473215963660287,-0.002564410479347301,1
0.12778763338344618,0.19159202829002345,0.28374878933821196,0.7210017745285169,0.8691593481511781,0.24760988168279952,0.4359881714947678,0.8241878912804279,0.6438896075964657,0.2878438744501424,3
0.8414086159217885,0.1716328782560394,0.6563587398709366,0.0976688431519861,0.5228647806880031,0.3730348932977705,0.19573856267487777,0.9522872503569364,0.9538032857711365,0.8382568242788399,2
0.15442672204268912,0.7821780962584025,0.4828287116201621,0.5841975723913926,0.13868203977587312,0.834632170282519,0.5091797015351672,0.7250362801598325,0.08388780069342106,0.7426468238939051,1
0.2685691026772825,0.7929838758069545,0.3708009799985914,0.5007905810863982,0.16645357174799966,0.9110970565730506,0.4767047712521404,0.6540774268647681,0.041970676665705885,0.6582431747181196,1
0.3601487509765251,1.0256817096456918,0.3930049007097758,1.0412451248801615,0.653537462052957,0.21900624473972125,0.9156120933773344,-0.049055190379586236,0.5955398226494137,0.8997054961418931,0
0.10727887640861836,0.6988668568320453,0.2864309662107698,0.45242703547191454,0.5957411578191814,0.8514901584969857,0.5995848597224892,0.09652690757808507,0.9392413784080369,0.13692817436570934,0
0.7917521314359559,0.4050978097709387,1.2825726299141351,0.4537774375137738,0.321046134010778,-0.28187984745299555,-0.020653925147902652,0.6201758312428234,0.3502603724417036,0.26459436756907884,3
0.20737340001590543,0.6029292020544285,0.02012049931048064,0.201335814045095,0.09277843522477432,0.48030037350344673,0.7137850686843561,0.15909797923327482,0.9343264793751374,-0.005279354523052823,1
0.5415078372276638,0.7958526545152664,0.5333058326281276,0.359023580549974,0.44555923206371634,0.7829991378348251,0.16199503227509696,0.8092265185703817,0.3444900944075766,0.3984969828407901,2
0.3056953468709503,0.13600525727834162,0.6474485675345396,0.862895740372072,0.7628318729676997,0.8577835643696111,0.5497239153847399,0.2234626495134984,0.5213705041539977,0.7418783325190829,3
0.15770236002607327,0.7731464348635816,0.49120074387975404,0.5692476418409625,0.1514015621731652,0.8458593791346931,0.5112595708960789,0.7126344767324452,0.09939196376709292,0.7369511302798195,1
0.39794801101655336,0.9350343290556417,0.7992911968770406,0.5573718789685754,0.7743787747571219,0.9833503850385718,0.7837997867885252,0.2627556525262226,0.7112023317290371,0.6705841421994807,2
0.20589637016402237,0.708387766303022,0.6479260827816979,0.6979496216730472,0.3226720720994106,0.7218463803079781,0.09039098230939219,1.0040796295293133,-0.057342644976716955,-0.02580583814047538,3
0.891119609923663,0.3524049112930716,0.8139632098633098,0.5315052149920523,0.6718717110580563,0.23978347657911103,0.741532247463068,0.9990816783531169,0.988725011406339,0.47245920451627227,0
0.1880474914363579,0.23947629730787498,0.8094943506134554,0.16990928381602916,0.7686837747864097,0.11635685548684688,0.782817877682523,0.06650081635383945,0.26058775392790934,0.787182545623109,0
0.04744600002862366,0.32293654732584415,0.3753806497388588,0.29287906487972065,0.9453168513793193,0.5373992741529939,0.21616002622771735,0.8756891152063898,0.8262892243474439,0.5525394557559083,2
-0.13184149717016747,1.2479533688670248,0.26265860567785354,0.565755354414309,0.6779197020308125,-0.012870953170994542,0.9875565940987013,0.20470664816569775,0.7218089677713384,0.9066902836103053,0
0.5341327589201924,0.8048866847947274,0.5336970124326231,0.3600018736021907,0.43879365295936945,0.7877204698776872,0.16265334116256638,0.8144414829467589,0.34983168957064037,0.39023706813968373,2
0.31682345280917196,0.005119408876733296,0.6231596698318876,0.22498625045553536,1.0258437299681693,0.04663361706540065,0.5730790274964751,0.8600732996009413,0.8140487365032774,0.2013630435094924,0
0.5365289307344744,0.801967119894844,0.5308744546634693,0.3655409803396313,0.4439268039735121,0.7899983898761997,0.16001109215250767,0.8140938590387736,0.352133121205555,0.387561328282724,2
0.8696195318529673,0.4014595552870766,0.3839329806823787,0.958012729198724,0.6620753970908653,0.6012325107166206,0.9790840094755304,0.6658105567088836,0.8957587070954878,0.4735900724100139,0
0.839036077950656,0.1539601145370778,0.6463219845379709,0.09123473618512051,0.5310139966622283,0.38603081544765183,0.20825342962332916,0.9317831322903863,0.9344848165207966,0.8230743997806954,2
0.5529201207413807,0.9679266816102918,1.8441668652841332,0.16375960523651992,0.016115237886557818,0.24491318546535065,1.3862702474449178,0.8221907863964575,0.06076968602787847,-0.2290582435416747,0
0.27366698362913616,0.6992847894779808,0.3076913390918665,0.895970982509189,0.8789862668063622,0.22892173560667964,0.6747808697155575,1.1174333280279796,0.08482428470103812,0.4890208925064223,2
0.4508118956386276,0.28058091661656026,0.74688421758624,0.9748243791597919,0.47099077225021246,0.7505255059446614,0.025446647314856963,0.3229574309919153,0.781144228903788,0.4308101682466257,0
0.09348103384608719,0.4001636819567256,0.816271326769659,0.53718295846316,0.042213805583930064,0.1969788437565138,-0.2268533073557002,0.2702877270719747,-0.3675517844648437,-0.1476084829513732,3
0.1348050387239646,0.1983184139064657,0.28819998179521994,0.7244088574785039,0.885952800697347,0.24757608535861497,0.45014186905699893,0.8223663328661487,0.6455733536330225,0.2923066576427448,3
0.15547678794163616,0.2063278004061902,0.8468385468997208,0.16649407391410623,0.7275064953548969,0.08261669492339489,0.7734899369813457,0.10070011628717465,0.2740418269763372,0.7666872795367798,0
0.7198621364921683,0.7725447053350127,-0.016108268928734057,0.8211367656912217,0.569808133465577,0.5434058549822715,0.4875908342210651,-0.05250247001012538,0.45306419360896494,0.03884749530638478,0
0.012034945118342529,0.10090187149185126,0.28022912032280095,0.1182050421275612,1.0994988982125442,0.717703748464414,0.03865692709517368,0.9060853207559595,1.0071410646092895,0.6726158313839274,2
-0.6299997592469914,0.6067639234663955,0.765280723811248,0.46985520413357174,0.3084650001227175,1.0972090241282508,1.5493497453931773,-0.2728696765385584,1.5492815610966257,0.786784565698201,0
0.5379387153598008,0.1190037930633796,0.5242077649496786,0.03404198354558613,0.004265592366689427,0.2946017585571306,0.7459037089292024,0.5107106813552763,0.6360571130534136,-0.2730171714443174,0
0.8414944058785941,0.558398365224599,0.5290811562716928,-0.0973275780846456,0.3701418856325094,-0.18485396629026207,0.9039709583147304,0.965783989876665,0.7535576806880171,0.7629322811432763,1
0.5328569197746263,0.8029546816493072,0.5338517812520683,0.36239338274376376,0.4390439024190772,0.7885639488089301,0.16462359557526754,0.8166051675073555,0.3500043328346311,0.3880741994943442,2
0.30618282327893576,0.32485713951850087,0.6089328787800384,-0.011492340638632859,0.28369750449814257,0.26035334652280195,0.6380076978934693,0.7548355078887722,0.4620113024257802,0.9868914113496328,2
0.39375722173729166,0.21168586311847307,0.28021535444747075,0.7400027846031607,0.23824877881724185,0.2910992806419414,0.9796042697085056,0.02131418826489399,0.8103676182686009,0.1852822671594157,3
0.04606250603467654,1.1716659148803987,0.1582492774671514,-0.1245843423290299,0.27388912579831703,1.049492458701811,0.4866875076019979,0.28755026010580764,0.7098991530661063,0.46268666000398406,1
0.7373505415008192,0.31831220084067924,0.8035896557669524,0.9966803272958329,0.42350859948834063,1.0372366601676668,0.210826372041999,0.18521035747568493,0.37170949639957135,0.8504563933191467,0
0.826289855114134,0.7864822571811483,0.0715165400626197,-0.037002228454963065,0.28276179300772614,0.2967933102567259,0.9325094776927195,0.742282430751164,0.5048632208170305,0.41916049108853015,1
0.24719404398775646,0.13538307121464963,0.5901499628286881,0.831053382816811,0.7935692509991397,0.8137390964911492,0.4872543736797079,0.2969631124034763,0.4778560701207174,0.6844024289309842,3
0.4821374419870981,0.06149271742606933,0.9591647986919869,0.8591690769328769,0.45478334800627795,0.7559423525770725,0.2602680351605045,0.0903025351203946,0.6116434286456086,0.6156705959677997,0
0.7933655918718533,0.6246130258364524,0.730686036885754,0.5395900625278093,0.2955667477771412,0.21511970910733033,0.719674837713676,0.6547144061267425,0.07117608803358672,0.1607521236110954,0
0.8675336883795464,-0.29627487617894355,0.512965915517446,-0.11824627675409782,-0.19714418830858144,1.0744855775048703,0.9121075306289098,0.8977862543961024,-0.3938656912451888,0.5336871609145584,0
0.5514516088616149,0.10280435626215711,0.502370114843177,0.5410393186965696,0.0998988885382945,-0.44728089778813684,-0.114830584099395,1.1226805857373594,0.26922222167606347,0.16454579809367154,3
0.17752534735851933,0.21643679706875468,0.8448795061502193,0.19011499028089446,0.7335076186002418,0.0686384650055537,0.7467939459160788,0.08428945793152379,0.284536932174122,0.7469076620071524,0
0.45144712350036625,0.638063882760949,0.8470301503492562,0.9382445913183369,0.20877372947413306,0.16729091482981456,0.2733070839121663,0.6267180512341555,0.1212544247733926,0.20463251691049097,3
0.5070832985031438,0.6451991985555986,0.820823392428791,0.9608635997846636,0.19264072693365467,0.1534073224067763,0.26644466014233725,0.5790716113216534,0.1196088833365413,0.23199861253210424,3
0.8879525142932883,0.34628315779168034,0.7513853945739988,0.13085577666050696,0.9903577827322654,0.3287911535074781,0.829173834484389,0.9307389950945859,0.7708753071434096,0.6799294066473014,0
0.34393696753535785,0.7766252679416726,0.8224925955095745,1.169187166298141,-0.02722196404151525,0.34190755125295696,0.1054066556532727,0.513085637253747,0.02451379854759235,0.08442206266017463,3
0.6107179833291768,0.5752166944205097,0.472789515254809,0.4053879133843733,0.13297999556873516,0.5132217069707212,0.9591452102247282,0.5681409251793467,0.849490040247663,1.0563633716684777,2
0.5485906659897671,0.5498384369597833,0.8956042350662551,0.49458451276262644,0.4895673248371942,0.6134941858165169,0.5659218860064655,0.588307365354215,0.18637410119914546,0.4434293816254288,3
0.006698053781497973,0.32496218735101534,0.4109304071069141,0.36542971354280307,0.9113838186299008,0.625773890841928,0.2530607847405886,0.7883950678879053,0.763821138550467,0.6202071185915193,2
0.09388835876839956,0.2000445463466988,0.306041025258598,0.7102004396313515,0.8637637609122609,0.2516973193735727,0.47718324815189916,0.7998005609585169,0.67125535401341,0.25839242920292593,3
0.3148768136223912,0.1363047412115633,0.6470026322929185,0.8626329132012348,0.7584239147420654,0.8570839368954833,0.5546058763035957,0.22396534505822457,0.510993580998408,0.7282173392890022,3
0.23425942248381842,-0.4078599732230285,1.2776741516526497,0.04186130576716229,0.2194337103948132,-0.05352244585784083,-0.030083641620744422,0.4611071738945427,-0.0038369712688055557,0.6621453124202312,0
0.12876020680940364,0.9146960215258013,0.8648249788117348,0.5664974468953338,0.4458449786842954,0.9091678936876555,0.189796112677212,0.9525263901511963,0.0020307614443758233,0.2387291068979876,3
0.8854690287626339,0.38840652802771725,0.8100985323109123,0.5530976577158475,0.7016324004112026,0.27189979288706684,0.7339404021079527,0.9829338084979369,0.9967086545114981,0.5329844452449428,0
0.6989655391105737,0.008121606799937321,0.594871765534035,0.6327580664323039,0.8173809619759526,0.9898631506219313,-0.10720996890234175,0.2650647942710417,0.5592519841208462,0.49116922028524257,0
0.1006987477361958,0.18424893556197325,0.3132691019947221,0.6953723637902687,0.8922828554230754,0.23923750276715677,0.45723202730338103,0.8435153757086674,0.676363865117315,0.3188367689394512,3
0.9373484048567277,0.4210459182235913,0.8511968752318827,0.546487590559934,0.6702372013453648,0.2737409150765154,0.668209705242474,0.9728173551345843,1.046800210094135,0.5543818107923087,0
0.5533357280646538,0.7788491345312909,0.8191820681094555,0.9891756815526762,0.7045916246946246,0.4154384954555086,0.5100937319005521,0.40964017950249837,0.19274706500304212,0.006196404321316476,1
0.6658916448181156,0.13109336741508454,0.2804044695924565,-0.1140873654308262,0.2830362630490744,0.45998686139504513,0.3831118722393593,0.3420558674965314,0.15145011966775934,0.8293692777737847,2
-0.10405914057108451,0.2361638600738789,1.0087575759400467,0.5997225739985422,0.791804822377766,-0.4138741937603778,0.29494491272638435,0.0849340677524581,0.19780733954767726,0.6692064852245192,0
0.4043813263132387,0.16226253375073924,0.7925770588333653,0.10663030783319125,1.085117511965086,-0.07969339250064819,0.5708026973018788,0.9158022219664403,0.6885183685340863,0.06600899103412748,0
0.8628011474475332,0.8233355524105662,0.8686190980294973,0.649337815830497,0.6088584681745894,0.8088178910994943,0.12368845964426187,0.7502049872590305,0.6666022960436643,0.506139719083468,0
0.3580149073386654,0.2613908062686774,0.6295931910680006,0.6563953453868637,0.06142434086217535,0.6277705768237534,0.3011614664280244,0.47985059960310716,0.32967743490775414,0.763937419827017,3
0.1401000482059528,0.8162113638007219,0.765276243946688,0.48113391204005257,0.06020767263368653,0.3838360901806178,0.694839099977741,1.048486248884703,0.6116133669947502,0.1459489703427897,3
1.0183131906196872,0.32119953375770144,0.7437870365610804,0.2754951734551325,0.979172712526077,0.45089930901922437,0.7954804333566489,0.9694822458537761,0.7720183288149872,0.5152766722408532,0
-0.007720291130560941,0.35901317929621734,1.579419048050923,0.560203539237055,0.21371103597745733,1.4804980006693764,0.2999533392227775,0.36691146794995433,-0.26075565869063455,0.269242737499835,0
0.0764763520880658,0.7859287057936429,0.5345829754880077,0.4790109963931152,0.1271863149653672,0.8835213137939527,0.5025588460500643,0.7554166210310854,0.15025842260623645,0.714978815411222,1
0.32513758941799614,0.9190889205404156,0.7110401969659884,0.6741133126122161,-0.35966037836847853,0.04668666082617884,1.4311404556198397,0.423421423946893,1.3702451406847755,1.4857058118491828,2
0.06683289693059032,0.760654415200094,0.18623047473095067,0.4633863503950115,-0.14590358619102267,0.6962207755192913,0.6153661524209775,0.03906593280454766,0.8915898402090583,0.04624510647683129,1
0.852589565672894,0.7005150707527354,1.0869969049048307,0.34901055985369117,0.8695332783880136,0.9390600328639146,0.4606857468413185,0.7341438086534503,0.6254032109732467,0.42272743404576996,0
0.3555213929094156,0.9019084586796875,0.37273304372561805,0.8426705258481261,0.7981160385683149,0.3331664086605841,0.9509133786240646,0.9696899488327416,0.20950595219270854,0.31778489553165523,2
0.33915509012811607,0.15033809421627048,0.4220248845256218,0.143440724468976,0.3256486832431542,0.6392437599114549,0.5873069319786224,0.09700785060821301,0.7073500960082417,0.7238500863212127,0
0.8796184067839736,0.37661871048654416,0.8154892274971168,0.5765183582072656,0.7116654099532933,0.2832580208530281,0.7256066058919973,0.9740239592331771,0.9838818866999435,0.5296501566649363,0
-0.07550368334024382,0.6347475709442789,0.17479802360219981,0.026191068769779502,1.0331850863116492,0.31211648942503795,1.0018189479121697,0.43134075707272923,0.34628728265310227,0.636776088864861,2
0.15261270102704672,0.8008308850258622,0.6247651198253881,0.4928482463181396,0.2065972170601615,0.8065258475780499,0.6845352394481978,0.5511090745944618,0.13111575373782036,0.5871632664803172,1
0.8545115349145205,0.7654897292619233,0.9732885492118649,0.5017197116435728,0.47794041395414166,0.8862024219839013,0.06158743884932631,0.8914748237354315,0.7009897234178036,0.6505779023628826,0
0.854338744160649,0.3090275650793771,0.3533050644935549,0.9505250039621459,0.21538386550590183,0.9520423596051578,0.681802361244564,0.41815001534946683,0.7399153291381423,0.4468714766961846,1
0.3501305911389025,0.8819932504342803,0.65200816797057,1.1136092820609904,0.463225574296557,0.29267898254646596,0.30405099203356145,0.33852351499514327,0.31344626944601695,0.032263480758325774,1
0.5471135220190033,0.6375861000675587,0.7480499711169484,0.8617477916103728,0.23623521108299034,0.2976314209652808,0.32785781582596424,0.6334159983265936,0.20144326307451468,0.17774813015028731,3
0.9702062804373863,0.1753414630952863,1.3075986294938997,0.7134486579282597,0.5943127930662556,0.3065818485846902,0.4210619055924409,0.15773652917089642,0.4921999371652397,0.5879620885435104,3
-0.15174214242216674,0.8161670782027501,1.246223516683008,0.19723773863480615,0.08618995797208863,0.32520295887505757,0.8800125015914781,0.8184195613904651,0.39769668746352665,0.36406652947438733,3
0.6089932999183477,0.8420736076973305,0.05436299328670065,0.7192445665836685,0.4663009018015668,0.4567263636022646,0.5879306027606925,0.0008623023006434846,0.46730554869743907,0.006359523984282293,0
0.10245428288268163,0.5370259510671601,0.078196944535142,0.30540369473269413,0.1385372507434771,0.459568016631476,0.713198123219607,0.08882174318308404,1.0371151539699155,0.04175336835838546,1
0.8881718531484879,0.26098562341041737,0.9890628655194053,0.44887617153038856,0.5022478774026704,0.6537048089009059,0.22938483861182643,0.6596162226385651,0.8212618843485735,0.892416159389162,1
0.9269124811664484,0.3369386248623445,0.8458304520362024,0.6148214880056925,0.7026178657158376,0.27690777963168955,0.7398048199503028,0.9893420656010343,0.9679373995771698,0.47916278146450725,0
0.12040610384464098,0.4632360521195875,0.3112120304974933,0.9541233858975556,0.6012507883261375,0.7803821681684359,0.3617831013611771,0.07720264900748362,0.1680107604388729,0.056417898393852216,1
0.8332703282599546,0.403185879037055,0.8251507018160723,0.5858135440164938,0.7652734003160717,0.2616895408841355,0.6797367527175486,1.0148575702945068,0.9994913267179962,0.5617766269455492,0
0.8321546486917609,0.17870435376705965,0.6357827413071906,0.04801875079129534,0.5711431600298125,0.37996099882752327,0.2521263812821818,0.951216205929491,0.974536407324289,0.8391285184550688,2
0.5279742633431366,0.8062855047762778,0.5413563479853291,0.3571253790517921,0.4322131676052775,0.7826803562775813,0.16831930928788072,0.8118673560121958,0.3465402075951209,0.38213419646674945,2
0.3648483947388223,0.12371225921438458,0.39326663922000876,0.14261306860684173,0.35765048826539597,0.6534845039246986,0.5807645372574046,0.07180634922984594,0.6901883090953821,0.703476271857548,0
0.3108864257767624,0.8562129795687087,0.36185607125612407,0.7936659887725837,0.8676566314809748,0.2612510021180806,0.8699258278115503,0.9651252833802149,0.24129095254709784,0.3884815212110572,2
0.1860477737232269,0.06360800332552913,0.4053800663360823,-0.1474380194683983,0.3270355165768562,0.9181305712730087,0.20051076430580425,0.4001278662576582,0.6818143752215402,0.5069354649828848,2
0.15352354588216574,0.7738928283797759,0.49036181115053773,0.5647734547588418,0.15826163655410783,0.8371656787376719,0.5112186887038644,0.7015482409026033,0.10040948263805104,0.72844184886407,1
1.0626134188356127,0.06572396973468603,0.05531431298195759,0.9289891060407738,0.6276753937999804,1.221785177574851,1.0566912459830704,0.6098236556562837,0.3750996395762503,0.7695361571485702,1
0.8470703863598482,0.44335326786842566,0.9221216945491943,0.3229137987788331,0.6260674370273112,0.731787820571441,0.14576761222506485,0.6708345260144423,0.7708246715684403,1.0140472876883628,1
-0.18340066585478385,0.8168608805095916,-0.010110052140836906,1.064428140437533,0.24845096625009816,0.38550206443172846,0.017569193102575764,0.16190853766418425,0.609318707611371,0.83248991302778,1
0.20645290275795763,0.2748582898746531,0.19489456761049306,0.7362165661327483,0.8208322258836994,0.2097620319793536,0.49298559909640044,0.7461708925390954,0.6805018557453982,0.37810013216429594,3
1.0186698326418688,0.23586926919573287,0.7718134373081081,-0.24288369330761667,0.27391506601245147,0.9974685423116149,0.7221498243011389,0.5071427352824771,0.29976233541166875,0.31188840919114424,1
1.279536401870463,0.9226463048072242,0.2433259205348837,0.23157535501913973,0.48523228033085475,1.0342873909039927,0.8586891652480422,0.39765284014814345,0.5707045249909332,0.040215526308129065,1
0.7999570372358372,0.09548367438197614,0.6856367685308022,0.10327434231413236,0.5315238874546098,0.3463260336218614,0.16965839458941157,0.8851248880042972,0.9558246999047599,0.8258323780623279,2
0.5331813238748269,0.8031375894198748,0.535093813507819,0.3594802860118116,0.4402573065552592,0.787619939672677,0.16288422809328637,0.8138925616926718,0.3494097974014729,0.38926808568482446,2
0.16054335270494435,0.6414910799880361,0.4431409724989428,0.4747283465120489,0.39589387174636914,1.148615665032283,0.2715317368976327,-0.28731274688944347,1.265123423271871,0.1618236022406704,0
0.12306006768986114,0.8341366953873612,0.8351971698739035,0.7873630514467577,0.5376988324353033,0.8052158868725608,0.14526669513412835,0.8125412899377665,0.593685648026559,0.6029797219076198,3
0.14869456434986023,0.6379478942821833,0.0794804683789912,0.27455918608008056,0.15253951107193336,0.5260150347999231,0.708761110255514,0.20297140983531223,0.9355427266595802,0.07482602575648037,1
-0.058241529665065184,0.8088866938896675,0.008847666995869315,0.17597508414897975,-0.17560401783263896,0.4458135355328368,0.4517185081600904,-0.05071321586789343,1.0217183362958662,0.2079342006107877,1
0.5339227869446096,0.8052748028450841,0.5341449216485823,0.3607024207421473,0.43844821943264284,0.7878603227178405,0.16320911800140794,0.8158370269171585,0.35046842214171076,0.38969614199615216,2
0.533900108877858,0.8046197413608808,0.5320403564770696,0.3587479145932483,0.4375583568029281,0.7902963929680973,0.16265469219120693,0.8177961910921434,0.35279026491547905,0.38869107859802493,2
0.8390494891058414,0.14574724490778612,0.6378507298670187,0.09441251884113377,0.5361490216976272,0.39759243734040817,0.20827808507817694,0.9402414199806631,0.9307860639473459,0.8254565408220128,2
0.599393969721028,0.08297916458657587,0.5742030379346749,0.6028733145956219,0.6299989839609288,0.6057897329181838,0.014083340265281595,0.659557234328451,0.4613307049764109,0.761044154119276,0
0.3951944609630799,0.9015932643070677,0.16750840647039733,0.8303766445569372,0.5013659444869085,0.00479246429158231,1.1433392912672757,-0.01569138459580885,0.24880456124131692,0.9287384851243419,0
0.3452038128304836,1.0793426654657905,-0.017682035791742323,0.2171934187793823,0.7170589029248251,1.0875475116465836,0.43179493520836315,-0.4266402711416009,1.4021460611578354,-0.0893419880974729,0
-0.01701928962876309,0.11830932688945348,0.6354464859319044,0.25122293644500443,0.01618960539597941,0.21937822899565232,0.5606882832712949,0.23052883400145982,0.7021710350592265,0.788473806998973,0
-0.1373715377535778,0.40267802716439827,0.1317471114321287,0.07342830723933294,0.906296133270156,0.18291433016963604,0.8670597631656697,0.4225206169671597,0.12950129466851684,0.5236926647014606,2
0.4835684815639723,0.6577106603966045,0.8675093166441633,0.9005094374238654,0.23541548245641153,0.19136951611289374,0.30566087956755006,0.5950973159635431,0.0859987130724344,0.1946579816595361,3
0.11030959652015944,0.8559970051556203,0.8200890422809692,0.8101624703355172,0.5325128196688013,0.7792146352958347,0.15504054287146948,0.8356643509217554,0.578418216563224,0.6065177517830318,3
-0.4588595549911499,1.3727311177175008,7.294821785908123e-05,-0.28594357815127097,0.5964943738051594,0.15296735887921548,1.277196052099086,-0.29327127385657625,1.0398064081187601,1.1994527339635317,2
0.8479756723007044,0.3777537483525791,0.7881063735986805,0.545075329526926,0.7370342771662045,0.2864775176172101,0.7157345925486815,0.9658532401680135,1.0025531913017327,0.5040521704338683,0
0.14708550854900854,0.826049237423384,0.5096083808944336,0.4974069853334448,0.15275280369126396,0.7969269237563232,0.46698828133157166,0.6599733061319861,0.0738409165189481,0.8277849259105838,1
0.8382858075454688,0.10669366835161892,0.6800091957246552,0.0902379030873095,0.5697951715456645,0.37572741502225954,0.21701911119418,0.9225970103984732,0.9600293915776017,0.8098164516624803,2
0.40223926811594646,0.3483343437957214,0.4857057304105168,0.2490066297417869,0.5509410067340205,0.6153806545690117,0.218273503674092,0.007237555779481354,0.8367653274568723,0.816256239319318,2
0.8311958011684935,0.1281395708683032,0.6593775508588768,0.06853075291067366,0.5415152213327555,0.38125904832606683,0.2066889900648506,0.9517688935794792,0.9233450888512709,0.806740786263943,2
0.7815424132150856,0.6828849489799388,0.5807027697371926,0.26384524692914163,0.580631827863019,1.025030766473006,0.3822016809644263,1.0839386045753867,0.3479818526971659,0.35154864802442787,1
0.8868578860432066,0.37636397713589653,0.750081390645437,0.5406257531412204,0.7597816691308744,0.2972035667090689,0.7013448524274302,0.9489719067897336,1.0159314766643661,0.5382298537940189,0
0.3113401973542484,0.8168423401110846,0.389935727308909,0.8444588075199079,0.8521458087340461,0.260233681119332,0.8207619336301565,0.9875651612803852,0.27817481226020707,0.40985262089077207,2
0.7945226838122341,0.4440260760872433,0.6098266644307629,0.1724887448511639,0.07264161187208205,0.4574795026665071,1.015031921173489,0.34715102974710554,0.7580065168066932,0.9103005419201722,2
0.5484899022375445,0.2734014217144639,0.09225786066689534,0.9786884625540063,0.4205111073284196,0.783497411915996,0.9983434702755033,0.6721231042557402,0.5054229497236111,0.008934906823056064,1
0.13925690977893113,0.6482176123954244,0.09595422000175982,0.19431442303929655,0.12987017291438174,0.4936042448565684,0.7709989729630253,0.13993678751027336,0.9890545727294368,0.02641117643221541,1
0.1359336577698738,0.60404653982455,0.47909508180897903,0.7584666315822889,0.27297837166632055,0.8987408166155733,0.7462491083220504,0.4606794276180569,0.31261066137433235,0.6873983990434352,1
1.0298434410820851,0.6685331581459633,0.7218523061891998,-0.0994133273538032,1.0908649181344832,0.3385110776776893,0.7271223395934494,0.7328035581277705,0.5322805007769589,0.4346656139397611,0
0.8934429408851838,0.2621485819747328,0.9339653417952845,0.4695873440329461,0.5682118199184262,0.6329788073889017,0.21482681503688408,0.7163824608884649,0.8806999412096089,0.8684608269039314,1
0.06394270100149013,0.723321393745739,1.3848735005931823,1.2219358924167558,-0.7190688546879196,0.36040259057004836,0.448108146167807,0.9032602965518726,0.06526987466561868,0.7466102190698595,0
-0.09806349230946709,0.38449183313157004,0.19172444326998755,0.1557955163432829,0.8164652067558981,0.48249369056571634,0.7893110931020152,0.5386092459768488,0.19971392440562513,0.5445767003966523,2
0.4673928183449445,1.189627010404252,0.22793215975531952,0.8667171746873015,1.021850410095896,0.051495934985646336,0.8861700424205883,0.8933621237185756,-0.021737232189571742,0.38619006092339037,2
0.6150458430389061,0.6415630613429435,0.9165434483588649,0.47828391351803556,0.4408012832761728,0.6938156232463969,0.527505043068105,0.5727923421745438,0.16459704712919607,0.369964750601519,3
0.8633162807477105,0.33997371248241426,0.8224994387284557,0.5753827636408114,0.6969473343328072,0.3070001089787087,0.7004771546729767,1.017079242474323,0.9883059596685398,0.5624474753059008,0
1.391123624525548,0.6613688242263189,0.8258221547053608,0.6092177815472611,0.33580950230200374,0.7176295502411407,-0.30034089328239993,0.8503204004372,0.7906883335184758,0.3390940313744224,0
0.2054097000459838,0.881104542792573,0.997274062993869,0.5234702784264585,0.9092314174333644,0.9227357553468961,0.9337859950679069,0.5086002229314704,0.7257605843737751,0.8428440347447509,2
0.18985715725845922,0.33732861675044,0.333408335013366,0.25659403011755555,0.39999341831133534,0.6464601071929063,0.8019435523406641,0.1116060490905855,0.845147811458524,0.5694137416258885,0
0.024805592186149417,0.06385421110058927,0.4414846068941196,0.41798464361533527,1.1246475637181588,0.2262510847057591,0.8904777825930204,0.8428045903686336,0.4901591030304038,0.3764434835664029,0
-0.6685087853626924,1.0587893788978082,0.4097502572091756,0.8271761289820947,0.04214589032390203,0.3714195127597662,1.0992880109712408,0.7180269885846347,0.8048339035270962,0.5911272966733503,3
0.17838369024204656,0.2231089664528512,0.3271975575755097,0.17787461687408626,0.47117054226307703,0.7645406271792783,0.28544933466407224,0.07858509406957292,0.7148102494443476,0.7580355974393452,2
0.21402237165027144,0.9124586669882442,0.4533592848340548,0.8876338277536847,0.5396480678884307,0.15849576020760742,0.9031896506276367,0.05682422546540591,0.4426694718244189,0.8305150169779937,0
0.6512110697543696,0.8083711657510464,0.10260945294335377,0.7079240275041713,0.5201785478019034,0.416985635860029,0.5665423576918506,0.04626991973955534,0.48388656074404357,-0.00875161977504391,0
0.06638251876571974,1.3867563937304423,0.7672935953977025,-0.10098711145791334,0.4373817467302091,0.677881771488289,0.6341070207883606,1.223210429420774,1.1215558783152269,-0.11055399099170321,3
0.32272903323902796,0.10568212839198803,0.567175681859368,0.7866916341103714,0.6288044243772648,0.9191536928292395,0.6671229704782147,0.27992385974557915,0.5720872158408217,0.7860666366738349,3
0.1482944288657823,0.7814508107809024,0.49356321060228703,0.5814508236081484,0.16467338367665862,0.8491999965957947,0.5207216591748598,0.7111390752708069,0.09671397283236306,0.7332505578406192,1
0.8230932788346883,0.6998654193672263,0.626531883529357,0.0029547002867771066,0.45041603199883207,0.8305487486055076,0.47284212282643007,1.0540525072289404,0.10066560229175964,0.03673112540997539,1
0.8526665783468239,0.1832463818846416,0.855103299734279,0.42930859194888715,0.551787893862828,0.6221568423670081,0.1538552321374062,0.7002027114546189,0.839152370311345,0.7883580987505345,1
0.498391232337202,-0.21544615192296684,0.649292573935251,0.48105827233086434,-0.16706433129159903,0.38705679994556047,0.6407652710705923,0.30889512152507625,0.8913313461605759,0.7831550319119562,2
-0.05705382509972573,0.5697414349964983,0.22457231659587373,0.17451908625990634,0.252947347393082,0.31719940054251006,0.9272219161718667,0.12498356393011498,1.2245992743265872,0.14438290556525785,1
0.7482240117568664,0.30079987373762623,0.8809195743025692,0.6789900105492539,0.40984828068236656,0.9912629116339751,0.8724204637593661,0.7987455350633956,0.42325664903881116,0.18735338016954114,3
0.12360085237460515,0.14943068836601464,0.29043905006824605,0.7479529926030571,0.9273179827191812,0.2604111853341185,0.4241023221617358,0.806615143233343,0.6464612566829945,0.3457237337761008,3
0.7386327013240417,1.2089791744758651,1.0407093759633068,0.670258283300891,0.4316514583796912,-0.030885279675596233,0.6460625857325895,0.9357516787005224,-0.14024792736548708,-0.19696163059978766,1
0.5711369333650325,0.6262604824188462,0.39999438697667433,0.5367556628323732,-0.24180862469879455,0.8138730740736964,0.5701627704448597,0.18648133389029053,-0.18014994901909032,-0.166508807722637,0
-0.003142993163383799,0.09849893232586387,0.6239464110877756,0.25782710705478956,0.040945414315710894,0.21829654169329268,0.5759700638118591,0.2323100727315136,0.6881480972992757,0.7704094112890375,0
0.37655773108766005,0.07940131326408942,0.6802543478374505,0.865836078063695,0.7793954178662983,0.8128474442904614,0.5911476972554706,0.1649740294265235,0.48914877392974176,0.8149054555872798,3
0.8101991425653087,0.15000424735644213,0.6108150221341968,0.2594376699092426,-0.19535133801571097,0.6384546852555975,1.0235927049146762,0.709946324338003,0.26729330992379996,0.07512753654979802,0
0.32258651241289027,0.21112224202268598,0.5972665892776082,0.6954030513088466,0.10306683366440032,0.5284221250381432,0.3560319362356803,0.5045754866687036,0.24135271995505658,0.7455747499623,3
0.437524645952756,0.07308732733175222,0.9881930369676267,0.8694640219947728,0.47117960716586216,0.7450287037596289,0.1823255436345424,0.11749574952598671,0.5822788552126164,0.6995445459767822,0
0.20615339436661084,0.8554123257499406,0.972573640762661,0.47205192508974064,0.5616750489382163,1.0369507254350194,0.10613652127811583,0.9361072186491688,0.05119251873495121,0.23563613019017718,3
0.39524836989405215,0.7124387324954363,0.9594944714210772,0.9629377705367438,0.2536450884740481,0.1577242228690192,0.22772605525469983,0.626860266290311,0.22743472611712054,0.25312483630438803,3
0.16760208114375172,0.9684772874171309,0.3519007887739548,0.8781097107745417,0.47464766291566335,0.19999263096277914,0.9704932660269605,0.11507583573003809,0.5041374475819711,0.8329110175846132,0
0.8785342952048699,0.8530323584267491,0.8678355114915994,0.6535934748776713,0.5557971366950198,0.8588380587291344,0.1610727553475264,0.7507157249145833,0.7305409122650302,0.5122450592765376,0
0.19046091429477086,0.6246830776763661,0.05947391963295026,0.22832541461668332,0.0581117589769443,0.5139627263810876,0.634091405064337,0.19448901268677773,1.0527684205355428,-0.006070698056315327,1
0.4994933695853874,0.152897829633686,1.1090681369490956,0.8321444925791646,0.6097944673707092,0.6192002702707078,0.10470663359853755,0.0027125499602145275,0.6612338390050825,0.693175897670944,0
-0.11433008096569791,0.23357332428220845,-0.15755070870520763,0.2377809012004691,0.16638792501827238,0.8789257604146832,0.850197114707353,0.03830262899462966,0.9138319766210932,0.25706389753964354,1
0.3850819582565761,0.8496626215415384,0.36033819775357867,0.7894806401321304,0.8421398609487509,0.2716471072492449,0.8014799676641632,0.9289780959836542,0.30960081817668866,0.3277078376749487,2
0.5652905567321697,-0.1746381119923407,-0.43407993834032454,0.8403922566870078,1.1920762347548184,0.9147387596118828,0.8357147937059273,-0.2643549654099212,0.17097083197280138,0.36153764720187714,2
0.9533401081273438,0.2290364683338889,1.070352155501863,0.320891661961002,0.5956835927854569,0.5446997001207873,0.04601780019296553,0.8580738841899258,0.813419219076596,0.9605641300946703,1
0.32916285775749565,0.10740047889831947,0.6173232865706284,0.8442088942828633,0.804455472546804,0.8925328118148698,0.559510338810649,0.23345939022886716,0.5269009621542725,0.7377762848547327,3
0.4863198154030037,0.5300227886919616,0.22731580801097748,0.6664840447148029,0.7925709610517012,0.9271051769236496,0.011017610643332728,0.6488488290198501,1.0017272346593706,0.18394266142523286,0
0.6424795521642722,-0.0828393925129632,0.630649825970665,0.6212785794953253,0.6772119088096159,0.594378894890849,0.09271097083253937,0.6770430527304584,0.36385852612709685,0.6390360511241441,0
-0.10693200540914621,0.6238977388633529,0.6974620293144099,0.34595199968297463,0.2339795369963672,0.05008221915784261,0.7923860745871277,1.3678827658771229,0.31738338500600916,-0.2613909503776315,3
0.7068981609040883,0.7439718735842338,0.5860595612108901,1.2066280545247627,0.19954526847514947,0.04493589089137237,0.5221166442065033,0.7859691104615486,0.06072519433461676,0.3432008239598804,3
0.601126225320532,0.14795616161720979,0.2414613822447733,0.9460034046570261,0.5993272670549759,0.360249285368182,0.8123056454988408,0.6891996249880504,0.7120891212698197,0.07063067674095985,0
0.13666256809613664,0.11715553514826826,0.7661593445208974,1.112580261973187,0.6549267952872675,0.3491434940860641,0.6295630485938706,0.319914665024669,0.9249369352880643,0.44192974834245247,0
0.9177772276061656,0.275161088299686,0.9382185986150309,0.4318235603733936,0.5443529087888854,0.643586634614725,0.19929641099123152,0.6992478736824749,0.8442534415957154,0.8375460170659478,1
0.309126465956991,0.573436068492384,0.2959417271135155,0.6707474959170551,0.2943817656648362,0.7728014133063758,0.5778208048051076,0.9590648937825312,0.061133406381139795,0.7510287928293838,1
0.1308204263868338,0.47722950790370994,0.30002811366018284,0.9654285925558601,0.5867125596391939,0.7690336943875661,0.36964850105797653,0.08505833600988497,0.1671976490031125,0.07073989335305253,1
0.23354423075877231,0.8947783715859301,0.4484801555615108,0.9037085852378091,0.5589378121891835,0.20219561186995855,0.8858822608242074,0.04826041624042216,0.44759870898014265,0.8130618176874493,0
0.9165102007288592,-0.31582101662491024,0.3826764956597466,1.0238081855154157,0.43404447452474637,0.6680844970761178,-0.3177012271438881,0.3646282308561587,0.524744544186118,0.4489317677706635,0
0.8323571188608268,0.7920734790606332,0.6797222938395324,0.36178105093786134,0.6784917857185433,0.6144418832226409,0.37512692564836037,0.5763905425478708,0.32510648418503024,0.6731855035564827,2
0.3106193238960458,0.13947868441157996,0.6519943878902568,0.8628475625028142,0.7642693766760862,0.8595183526795619,0.5464430624556316,0.22474576893183093,0.5197854481496847,0.7369008910099895,3
0.6371294187544793,0.7293721823722157,0.11081320532918684,0.666014298274062,0.5901474439520193,0.4738419393447969,0.5473625375404062,0.019636294562943954,0.532965626641686,0.05745863039359131,0
0.5648445363459927,0.590553802930536,0.8638921968760667,0.4734773423497647,0.5505260339858971,0.696234458382938,0.5011733959441925,0.5105053790654783,0.19979192638907542,0.467806428536909,3
1.3009421165424988,-0.059816363005901485,0.30007197808749464,0.5008646462741326,0.9858970432521391,0.7744716310385699,1.0486994926585136,0.3847020585337675,-0.0102596654419711,0.38252246505917636,1
0.034940567575806505,0.7740573655863423,0.26532731912448326,0.5276136115599169,0.6707396357493633,0.7911357658329414,0.4536885741327638,-0.017357632043338504,0.8891838397244154,0.2688318576891369,0
0.8269217969081539,0.5696206892316511,0.6785624975127216,0.26093038139686386,0.6329640100909057,0.8060540613979388,0.5308475765487538,0.9995011996483251,0.3192138550128592,0.24509749237466233,1
-0.11861649241712685,0.4537137121187562,0.3706742036266445,0.3188175244675841,0.9332561635997785,0.645804315049558,0.4080423375420228,1.049371776626621,0.664893455217513,0.4227628824575974,2
2.104748363515982,0.878640328976557,0.7464057173782959,-0.09617630009393108,1.6525267980957525,-0.21416329541353984,-1.7896294741775898,-0.5662772389169127,-0.7035526170975113,-0.44320331356615406,0
0.11527568510361777,0.1250961282370116,0.5974561689029121,0.6020006779383793,0.7933448705380036,1.0109048686551396,0.6106259566663473,0.41911249099428477,0.35304900242824766,0.9280069901991624,3
0.16632069378752676,0.7630402482613853,0.5263925819883987,0.5131651144814091,0.17148709338224793,0.8259988292658735,0.5182162779432502,0.6843822562062666,0.15230546719788363,0.7567247357327247,1
0.8716042870798628,0.38736109933015034,0.8019576195652678,0.5629398695839549,0.7133489432250346,0.2737714405917474,0.7331344415546441,0.9779208098575819,0.9852871952026467,0.5266910583097885,0
0.16816762279795808,0.2510558465057817,0.36541702959269745,0.20344442324950174,0.4809622744406448,0.7540619099552086,0.30080150578179743,0.07278608031104924,0.7635349302673222,0.7475351451007732,2
1.0591583718485755,0.2771948539726229,0.2782783979552469,0.8960414892174448,0.7856362868029086,0.5244725488846594,0.9935418120727069,0.6644213656006518,0.9648813351034168,0.3700413814743251,0
0.48461314981431064,0.5651885611621492,0.21472696118911183,0.7029666614109293,0.9013370156467486,1.081218651103542,0.1607955036505658,0.6443906664854253,0.8966774545854241,0.07745251974123879,0
0.8290704262076313,0.22023367322412865,0.5247217136700897,0.5577111088410549,0.1398984287204117,0.11165887434303923,0.23863764713134497,0.9337825852242367,0.5080430829028657,0.6323038454078554,2
0.9216382606016076,0.659407896631807,0.8643710650392422,0.32860408672115393,0.6365934191686812,0.5678674301671315,0.3914499861572818,0.49070966498451074,0.3566872960750654,0.6504425296742312,2
0.8475538600255085,0.12575312756931029,0.6377180803772828,0.06360704050305792,0.5506815276945627,0.372497060580327,0.23890437114316904,0.9012935946412531,0.9635476610248822,0.8184172203836272,2
0.30002375748194665,0.22376956977908757,0.6194568773840858,0.8611617597849587,0.7462989112175322,0.7556147754138988,0.6587709037486935,0.09835397652029385,0.5310661016909206,0.6672904244143578,3
0.6529481412950144,0.7881360699716131,0.7781180476787631,1.1464222996840703,0.29384841679405865,0.1776530204782529,0.748577086095943,0.9279696633045569,-0.29602759200388273,0.5265844317265957,3
0.3700342652515447,0.42537106167280514,1.0953018144041677,-0.297499046645501,1.3451838525933337,0.16495497924230487,0.4053904673819359,1.0494794489969244,0.5842453158302718,0.2975334895712242,0
0.9138135926685776,0.5179522334535978,0.9027209492166907,0.12345133576141312,0.8665992421038045,0.2639355760823142,0.8007565097630509,0.8802791353584084,0.6452998509833425,0.6213858243038146,0
0.3627627927428898,0.7968060888895213,0.8803204182945005,0.9877538320586937,0.5701661698165692,0.39363297613887305,0.5863057988640911,0.2885861843087175,0.15610582651720833,-0.052899901728588244,1
0.010759616746052768,0.29328142901567145,0.40224536873392097,0.2181253207372535,0.9918281388384467,0.5224676463757578,0.17689781481412756,0.8278732783375695,0.8606935992613257,0.5741732743782672,2
0.03230066167062268,0.121771100006152,0.6328564922711571,0.2601193151540446,0.011297437259269155,0.24933338306597108,0.557495463391944,0.2232812664525537,0.681746576767446,0.7874495657183018,0
0.564159537740438,1.6939380340354122,1.037469197699659,1.0200933875835392,-0.4715164097582669,0.6169363208820002,1.3191486281137628,0.5316067920406493,0.18612498863828775,0.8522817108976644,3
0.7120625734522275,0.5518135415265801,0.45511151558941865,0.05851871574071589,0.5411550445503127,0.006287844755918446,0.7272216672507326,1.0710014740367513,0.8517947955088834,0.7228572594256989,1
0.28699601932261465,0.33819547578312165,0.5986992082626389,-0.18992978753941675,0.5882438187776526,0.4599947356027167,1.2759500882278212,0.6914375416019534,0.258473673776353,0.47534274705686236,2
0.5278386271211343,0.04703823944679883,0.9207254029062046,0.8964629081085848,0.5167129205950356,0.7095410669355607,0.1930367131457392,0.07825919263502178,0.6494836973876298,0.6675059146779577,0
0.7846571161465749,0.8197134839867766,0.9888716908844382,0.5815840297914103,0.3400859498105282,0.4042497132089674,0.3183288178591023,0.39876850917032375,-0.08149033201554423,0.43294546009487495,3
0.17974672969947447,0.6834184567886381,1.057847271521323,0.4096112922633393,1.01828530145261,0.9743404789354632,0.8952156123739508,0.5086065677677094,0.8332148941388766,0.9184113767347238,2
0.16665370185194375,0.5779139343414872,0.11063595705986992,0.2689608561198926,1.102163929001878,0.4846747997208719,0.07965918487214593,0.9609775835244748,0.36707381141238976,0.4261212625321459,2
0.7016932217426063,0.6563526281156258,0.3236947890009443,1.1754404573243278,0.21745027455070132,-0.12438953053061441,0.30748588766760304,0.4640103301797703,0.8393189597835702,0.39571017022871646,3
0.19077508205412835,0.9949200622660982,0.44633420108633626,0.11861621484641509,0.14130711742498217,0.9314568708934461,0.46448179425897357,0.28800468938187257,0.8150485029788633,0.5382139002168731,1
0.7557753582146048,0.4392683105194255,0.6341789773532661,0.2576919213329336,0.1602468930153706,0.5138091382655323,0.9648383907722022,0.42268532076634335,0.7759385168318861,0.8864267693755858,2
0.20784899764998402,1.0076282988214398,1.1065223422503128,0.39949719799920297,0.13260425756792785,0.33447358456225645,0.5978225731524536,1.0166619784023772,0.6043931395222938,0.04651510234190177,3
0.5584051338481785,0.9659873116808089,0.54005709369393,0.8493618639699666,0.36673897609552736,0.6937564623563116,0.5427479023241059,0.5426412153885309,0.13607738002942432,-0.13103897238306703,1
-0.012153578452196421,0.12449286908366727,0.6422491154569296,0.24883427028871613,0.05800709729874867,0.23592813508486346,0.5783717848832853,0.21119325533267294,0.7096264431111521,0.7660215538081939,0
0.29542555269024895,0.8798194024964976,0.36062766541864516,0.05433262772939461,0.2720793588149287,0.8311169831066295,0.4178968455798252,0.3661478518579018,0.7785411138031562,0.557339474933511,1
0.11066082287725418,0.21397707807018881,0.31798222001767434,0.730483253647356,0.9180214726878809,0.2875258681554941,0.4403495235205738,0.7718065567263492,0.6442524998631253,0.23650512559081327,3
0.3100494165819888,0.0395007184711178,0.3303266646970792,0.1237415441789589,0.3137931136978367,0.6530401553696112,0.6224679024620959,0.01248147531596841,0.6772485000399695,0.6302056229948558,0
0.5673619472819702,0.5680192712058498,0.9013797633751374,0.5401924423154785,0.5017922735648453,0.6411640718286057,0.5620592090896592,0.568000983943421,0.1959022847622739,0.4299557952703473,3
1.0187932605028918,0.22616589814270577,0.4684382946753317,0.5315086844022638,0.3374100849424385,0.1498885152112314,0.3310067446089889,1.0425381449982052,0.4093641367821925,0.47836116456908045,2
0.11864165599411935,0.9084412363688509,0.8724522009238379,0.573052011133796,0.43225424759614095,0.8965989174918305,0.20257976458805105,0.9492570132007611,-0.0034639070923522756,0.2232577918236236,3
0.6296336884291218,0.6827483651474382,0.9881390200875495,1.0662760680836894,0.22922733636933607,0.08302636812398942,0.15173065884751297,0.5650219125503076,0.1128003395327952,0.1529599488146945,3
0.14440728368657368,0.2106816275536923,0.31225912859093197,0.7424707065102041,0.8961024914095426,0.278127129241555,0.4050942981787294,0.8157348406658795,0.6478720716932036,0.31159749519042007,3
0.5243508492330307,0.2199866794788372,1.014223276927877,0.8824553599121788,0.2761206326374245,0.7910710775568037,0.2044541816764265,0.21919303625161568,0.6139285935313321,0.6178556468877504,0
0.13537688490375666,1.252679943118504,0.32454825542001875,1.0865630659417864,0.9307672709751448,0.24950099568779988,0.48601189106398546,0.14668217497325137,0.3801752703890831,1.0890882297734932,0
0.49542464469870656,0.24200528363105733,0.13385787689954542,0.95303420633724,0.4726653073904246,0.8134832689108984,1.022987041060312,0.661143495522277,0.45705823174836646,0.05874687032683621,1
0.10430102899783458,0.8641695202795611,0.8225711638463545,0.8081623187943328,0.531805919145783,0.7865941190776424,0.154370331326039,0.8410617938023646,0.5784770579344559,0.603372185193397,3
0.441389322688457,0.01892550723812443,0.9041990526804098,0.8247570769150032,0.5068741514104238,0.7923454345266474,0.25446310788027365,0.052784230252468915,0.6499250597580553,0.6366724207965778,0
0.8704038472596707,0.3692560066315164,0.8005599319556626,0.5704283418563253,0.7282326636100261,0.2770984592268216,0.7115231938960744,0.9979631795565466,1.004091752402662,0.5194665577188485,0
0.3686638436456433,1.0028265503654905,0.47626688077523,1.0101156136918472,0.814560013545949,0.14367456069510084,0.9425200790078511,-0.06558277886862773,0.636741245437924,0.7021097394606068,0
0.02845142458486277,0.16739225793932022,0.4161212233764163,0.34357504894004676,1.1731521494498818,0.4894826681266693,0.30189552332711234,0.67491620413513,0.8781609096646307,0.6102160006781305,2
0.49584185241177514,0.5275758210625039,0.2522194703851443,0.6425732464920968,0.803190528507429,0.9443439194471086,0.032787778300873295,0.6409686250050814,0.9975404566279207,0.18785844816070857,0
0.8882839462148142,0.4257731801978705,0.9861956839483017,0.26438002362979235,0.880112250436301,0.38456108179049536,0.7093869050451548,0.9955966133092489,0.7858779811108323,0.7229290304998924,0
-0.8061905476309146,0.8609107742526947,-0.05175861813543753,0.4973776112212074,0.24115082081703143,-0.32000832699562143,0.8691200746913182,0.7679417636684543,0.6436693087288866,0.7529174607282029,2
0.19930526192781922,0.7687543756823385,0.4224349486914532,0.5008300324486388,0.08657415181292806,0.9007056637460653,0.44480181518708306,0.7227726706088549,0.10917123453340272,0.7750445464163661,1
1.3654754134821634,-0.38336319791115814,0.803526335988415,1.3018374504738772,-0.5605925418999406,0.40106613853752876,0.18907677029152026,1.307834766686304,0.6246357071967532,0.012824095222166598,0
0.2570380732715583,0.9755132612207659,0.7503381124603934,0.17459142483767406,0.453527551175892,0.971831852860774,0.6292589118849596,-0.06243790169529112,0.48154705663831465,0.7477082131754913,1
0.03982661250955656,0.7987685110665276,0.9354884363774879,0.680457404327289,0.34276138266265416,0.9093780493975427,0.09164290416235438,0.8503618434659423,-0.009589324684667146,0.19610896502143285,3
0.9460861121229857,0.5185832340629406,0.37593802072127036,0.16157485994385262,0.5743411086329582,0.0760417053864494,0.9507581634225581,1.1090932955752675,0.7836499712549935,0.6881186217161948,1
-0.18615718142664162,1.284391109453951,0.8580704359726612,0.04920902112796771,0.2757138814868023,0.481501405622309,0.9774261237729999,0.5516214737503061,1.1657348323080772,0.1887360572961574,3
0.284823097722991,0.17832803648415865,0.5471300493323517,0.9139937335962239,0.6383974605534879,0.9260388156259753,0.39923455298029387,0.22934988385194094,0.4518054763967715,0.6233637928448174,3
0.6769096057166782,0.8193441698009105,0.7845815383369306,0.4567443498453856,-0.011510498955829701,0.7331290783205842,0.7165369806910693,0.018588069279306896,1.1596142184498381,0.6213197241136437,2
0.17546042098015646,0.21397763913570578,0.8300289356012905,0.190813163841227,0.7603412135863201,0.08272854161869425,0.7762080388859605,0.08734029593058193,0.27372611517609735,0.7570587994634954,0
0.5111405812675527,0.5200563616314333,0.3279614590919278,0.631129379034555,0.8781246153711153,1.0295890758352642,-0.06529901090484833,0.6013488669083954,1.0731228144891882,0.098745780430904,0
-0.16065410079177028,0.6758173469690153,0.01801949073755161,0.19164933307366727,-0.14477472345232947,0.13665685834280444,0.946625073373683,0.10753699822542398,0.9132400200979801,0.0781485616736669,1
0.2272767314443676,0.004996377938226576,0.4780685077228336,0.29137060914202506,0.41669523175478657,0.6400947120031776,0.7297291309926399,-0.07210962140855784,0.6366454896272387,0.7054243282911101,0
0.4650590729066082,0.037884942545046776,0.9753088977394528,0.86096710582635,0.461759483427178,0.7181368268371937,0.2156033303134202,0.05236043096515824,0.6725409586245698,0.5555120167801393,0
0.0675985587111527,0.2901580707479248,0.33598468018867195,0.2545459534574519,0.9767178199516877,0.5572542914822375,0.2156159553655195,0.867513608547781,0.8254180688050786,0.5530205151245752,2
0.2611015193804733,0.2960446890134705,0.31124610737987923,0.11128984161898156,0.4931759687494025,0.7709122777339521,0.3494623441310329,-0.01210291043935234,0.7792941589228486,0.7041335000362156,2
0.9105172915932117,0.06768373877919526,0.42412882432588267,1.1517057876187837,0.4882181809509937,0.3139194806416476,1.1890108557510461,0.6947505186254321,0.6754833865817323,0.30673839457706514,0
0.23368614936018628,0.9399329096500104,0.34923124496353325,0.010155894569420704,0.22618440978597798,0.8995098952578989,0.49556533889460536,0.2862487999814423,0.7118602204041186,0.5392359557560781,1
1.0199080885051344,0.7769395944055185,0.7754522497146481,0.42391113011309656,0.6823313813809498,0.9382445128023282,0.691015607636981,0.7508093962217866,-0.012332269981763122,0.035369936520494534,1
0.5287368614774408,0.816388501770255,0.5254805533980701,0.3720234706481661,0.45007823884966724,0.7894826276226135,0.163335837631917,0.8026600645760587,0.33573017242144776,0.39325724868600237,2
0.5280731736707652,1.50657288988626,0.4808982431873132,0.030961392604571036,0.2794406834502522,-0.07648487933763587,0.9883194324611577,1.510265938199156,0.6850411812568248,0.4062062585773171,3
0.2321132580370881,0.9115009957294374,0.41116037629936375,0.9351146280091275,0.5752335880440657,0.17873898460934454,0.8682054542322499,0.019975912398772555,0.40697344500120197,0.8376902002978039,0
0.03591325659965833,0.9289901817852606,0.967522880768842,0.2867035942585535,0.14579024927686995,0.2711371031342724,0.8589844220530503,0.9234309941402906,0.8093149108657437,0.14109994104515552,3
-0.012092821590523314,0.5146748549534503,0.38569387813788036,0.18832300754350326,0.9320099900986685,0.39672413407154505,0.9544795499206139,0.3974094046604351,0.22585177989666239,0.6071320309853524,2
0.8494434658660508,0.2768801588182336,0.986201134354927,0.4882306439609059,0.16473193074197662,0.43466736683397655,0.6468769980295439,0.5067156121664057,0.1972519055747608,0.3235731734350611,0
0.018483723244109247,0.6391467281225436,0.18320740223415405,0.951849503151214,0.0302898902433419,0.3843650318367414,0.2606131588015547,0.2220769078840653,0.48889088555640386,0.9044226549537909,1
0.09653564611759624,0.4827890971770583,0.28501167605991373,0.9531275629950541,0.623267217322539,0.785731114211049,0.3490918577819816,0.1006460473588192,0.14059591563343196,0.05227961045234364,1
0.8336058961345322,0.8352217043434834,0.8208811859720401,0.5886688081072935,0.5639603460189854,0.7678110957048615,0.15854845312684235,0.8092283807994364,0.6543159938096588,0.5064676313210451,0
0.11306035426352806,0.867363803967141,0.8198641333570107,0.8157241819981155,0.5184622535904354,0.7735480997086374,0.1545064575551031,0.845658507380509,0.5923960611247159,0.6189777879274496,3
0.34531694709279825,0.06301388197200218,0.6862162178230732,0.24175199726189614,0.9458550721622987,0.0211058362526929,0.5932401607771598,0.8772809312046863,0.8022594535255073,0.13054328677542837,0
0.8884429490726066,0.41138836965273884,0.8118982437009915,0.6047187114883901,0.7199711935090317,0.23704579199768816,0.7303021594053758,0.9603906296713158,0.9829501698076636,0.49748210538415405,0
0.6034293990152796,0.5518658286686955,0.3334853565760653,0.5049731713361438,0.6652057374873807,1.2430167508152246,-0.6581899084617836,0.5475623472089259,-0.26917688288699715,1.0891180015425566,0
0.15968628265491724,0.7636393220089909,0.47111601737741177,0.5437908429334911,0.16158064014747797,0.8506759110271787,0.5336533575384822,0.694293906857671,0.09154013144200536,0.7570183047284941,1
0.8470596658868084,0.14860449160470515,0.6464461034161897,0.08563875220125024,0.5255055791760767,0.39142807012240055,0.20666613373311027,0.9322110081867085,0.9295324714714502,0.8199022121534093,2
0.11276049646204907,0.4859547945033881,0.31683895001357704,0.9635498550466001,0.5812105271434191,0.7798928839017126,0.32189203707304526,0.08407806710069372,0.1356496720388997,0.0732780087995688,1
0.4292984535483869,0.19991185055704064,0.732646923382819,0.6953617675247912,0.6562348536838928,0.9949716946984857,0.4080477941289695,0.3273966016037498,0.40860419421136374,0.7586055774301596,3
-0.31394444048286907,1.5920956597221636,0.7646902088800221,0.06321803880509419,0.05318505516278765,0.46072367873186965,0.865670055236055,1.0610463219222883,1.0038191725984713,-0.39060317417231816,3
0.6594277773484916,0.022978440097843413,0.5863905713719788,0.5352997726581487,0.5915378997824298,0.5779260746299756,0.07605220402158679,0.6017164126802853,0.44417059923388025,0.7111105410813181,0
0.8782857565435749,0.8233726634821176,0.8857162737985795,0.6701190870872229,0.607935618683913,0.7981439227497878,0.13841523017923393,0.7693280722359624,0.6573148865769186,0.5229967186868146,0
0.13071071343677879,0.17793798661401528,0.2626386137654568,0.7143226473277805,0.8899230444132886,0.21138481556187133,0.47145020027328477,0.8465159841879468,0.6863983124695958,0.29208213264491933,3
0.16833684695568488,0.2247949538525688,0.501138380669804,0.49501673739153085,0.5315618197945546,0.1979493868475329,1.0309270520677696,1.2128627228163655,0.6807350941925839,0.3301247038442414,0
0.903067075331041,0.37897267101719884,0.9136925578726671,0.1574594595665357,0.8174298376824312,0.4779872970788649,0.7380467309903438,0.782025536342098,0.9417757813529946,0.5322677253333148,0
0.5817491083546833,0.42735049789466295,1.3086137820670045,0.9336632258600749,0.2614407147311188,0.2041122758879631,-0.11602366889722904,0.8230302037699566,-0.05088109051544992,-0.2103053287354854,3
0.4763159860381919,0.5613002578486864,0.9228422389429471,0.6072312300140051,0.6980968977482715,-0.32772285835984777,0.08694078530139093,0.7627825556794335,0.7355759637446778,0.2728363164490468,1
0.9599964008028695,0.495568927591157,0.9315119469172823,0.3001529858137323,0.7622981516362701,0.6838063406408126,0.3725060013831221,0.6576742850410077,0.31526001871069725,0.5932759703414255,2
0.8689536708037596,0.37720032096499495,0.8062123614026996,0.5406107692346286,0.7073695071755111,0.29129857691513567,0.7476546602821351,0.9954063761579613,0.9965333380140061,0.4939415902493274,0
0.14155026811305324,0.24754573873240837,0.25096353901042423,0.6778049268360264,0.8058200233788453,0.26617916614320786,0.37552320928644334,0.7740646220118402,0.5990455545026606,0.3520513260128824,3
0.007704342511854612,0.09758481008463962,0.6379752837216583,0.2701357773596502,0.02755275321092691,0.2251897310031624,0.574073434810452,0.23928400202788047,0.687375378040718,0.7758526082266942,0
0.7146210158823451,0.7217887290473473,0.138342430223594,0.5190065290949588,0.6555617483832664,0.3741128741138333,0.5790663550444257,0.055407827894899855,0.3544468652035553,-0.10492830829581154,0
0.07920809673012819,0.10391592423460999,-0.03339663970389639,0.5594290501970485,0.6209887045115074,0.3341908932259259,1.130061575573354,0.2877161215625277,0.12066867206794696,1.4796220687845885,2
0.1104061669710829,0.8519932738041541,0.8172918880060764,0.8122264839915772,0.5348625269674671,0.7767382923201779,0.15974544419830417,0.8339212112213868,0.575761798175342,0.6057841496823614,3
0.4954659207673999,-0.08878083220889871,-0.22421350597679013,0.43765568514098385,0.7628744820844569,1.5223883061737482,0.7930606548694678,0.045631400160747015,1.0032866618201668,1.4477019617139089,1
-0.08370111667928368,0.48255659695338227,0.27010247854873126,0.09195012189158505,-0.21606970381768414,0.8267819411389217,0.4420917098260678,0.547932436606327,1.238838788926036,-0.048308171881355236,1
0.8097729337986139,0.1558808401479781,0.4164543817757936,1.2620453596574075,0.886204434167184,0.7441221103690641,0.911915855640608,0.8430219997885642,1.115812004244384,0.6835980018598762,0
0.5342423480515872,0.8028938163329911,0.5361634684816439,0.3609343002526612,0.4386902487063339,0.7892855078598593,0.16097117043684026,0.8138393275015473,0.3525243590677415,0.38916351675234523,2
0.8668248518027695,0.8345543696035298,0.836504323812213,0.6206102357860277,0.5790616572020824,0.7975113833476026,0.09808285279133877,0.7440348179320712,0.6396826881249054,0.4650452335818204,0
-0.05265797379331211,0.39229936950759636,0.04414142869217874,0.20168900451427416,0.22693273597500208,1.2800439347707133,0.8042434239673271,0.2528482490833346,0.3869650179268408,0.5773168503987514,2
0.9407980560937237,0.7754698439032784,0.7556880526996279,0.7171278691774166,0.5616148498489917,0.769379270688812,0.16225828821061714,0.7378613178396278,0.5612051805075026,0.42024136376870513,0
0.8424806454328135,0.3968975432710966,0.9096642204680475,0.5326606757438911,0.6543205543061258,0.6993217317163324,0.16815465256548623,0.7549694687614846,0.7898189787530898,0.9227420315400389,1
0.8360743994759676,0.797029226311207,0.8861849426372715,0.6500355284677806,0.6099949842886554,0.7897824693142858,0.1462189669019898,0.7403793856678794,0.702300753016398,0.47482243940661145,0
0.13924569929363692,0.6942592648411103,-0.18161006287936374,0.5025268232649708,-0.11155652058068921,0.7061796786097425,0.8459807747499025,0.47965365553444417,0.6906058643158106,0.20236620400308375,1
0.40310290340488814,0.1932454061136492,0.2897711467447697,0.7241924013542758,0.26784543272102007,0.2924754861432061,0.9831340064103121,0.0328359942008944,0.7989081063242229,0.2010995500663684,3
0.7197458582964963,0.7481872463388293,0.14479043216318327,0.648998534294285,0.5200216285522662,0.3984416300740374,0.5040536371248198,0.05706153084890252,0.48323248797675955,0.019058646058992275,0
0.9521237842089071,0.6294482320158964,0.8589331316844352,0.3370549234802034,0.6462113744444736,0.5435098168192676,0.37693517336212246,0.48746167866234824,0.3684977591673675,0.6584346329415286,2
0.02015417341611858,0.05740265834327924,0.6189280642968245,0.6865474115952132,0.9002801709889137,-0.14668986475517973,0.9364030235392236,0.5429707627442826,0.9256872615251928,-0.0944710582588372,0
0.5378527524822003,0.24608164213749598,0.12412350861497218,1.031792642900095,0.411614270267497,0.7000392353987306,0.9476728335992035,0.6356609691767192,0.5092599528153599,0.00944287029096938,1
0.3178534234913927,0.1864960793276429,0.43712240185457324,0.8005902747353204,0.03651261271152324,0.5418314759693856,0.3970985826878726,0.6271936005955471,0.2586929966462016,0.7679534812119932,3
0.3058114910691147,0.14507411302906006,0.7004827422961264,0.877677515585192,0.7976732824453112,0.887799038571433,0.5665444896295815,0.18500894143545907,0.575672297477456,0.7200956587293824,3
0.878772414091921,0.23196938932212713,0.9411475361130798,0.4352882879908525,0.5132716250097457,0.622206389965148,0.1729635955917553,0.65547510918664,0.8687928690995127,0.844751663780047,1
0.08571607897432985,0.5739692909331909,0.30489303242035315,0.11035599428451945,0.9461188199803706,0.5383564016739603,0.9866893316436818,0.30097958268281344,0.15308522229552315,0.5972211841908929,2
0.14168959135348194,0.8990426895708955,0.8722711694644062,0.5732324516568189,0.4565545933145847,0.9362533104539768,0.18681434022456217,0.9613286879002185,-0.0017968606153287749,0.20596072598587914,3
0.5673281042389636,0.3627685020607049,0.2665005798522067,0.7004174229790863,0.37881571402132297,0.10611534965564266,0.46634831233867,0.7276456924988772,0.7633768596355535,0.4412807247750933,2
0.4984966863386964,0.18822168506197556,0.04464276025314213,1.0868258854598367,0.41489574341112323,0.7751709682068041,1.0892995778764925,0.6831381622332738,0.5912154252842942,-0.0614145316685034,1
0.10834225873230213,0.8536198271448427,0.8205839582699401,0.8082052097686081,0.5329349773453411,0.7785341268803035,0.15304274306624857,0.8393561744764705,0.5799212672051695,0.6075652463274582,3
-0.005587549934673792,0.10510448411939961,0.6309050852760356,0.2653554912370628,0.03481060258877241,0.21909587087457674,0.573552307825853,0.22991447273262755,0.6742237108155629,0.7730108965377144,0
0.5090511163942975,0.14068977399316254,0.68763073114431,0.4765115208014018,0.24427726329142915,0.3055572186807126,0.18610815046030768,0.5533053417269795,-0.02131510891131161,0.6836055876896565,3
0.2768632499984523,0.8160527038500133,0.40695593804768015,0.7861271375028481,0.8841089264167116,0.2129827478462217,0.8502292824775269,0.9173251445884173,0.26049771672168326,0.39997904268553947,2
-0.026722526190551165,0.11989770774042896,0.6512090509334344,0.27443017514277407,0.03294131343660254,0.21838502322277442,0.6082774618714168,0.24540482718948944,0.6519260303420971,0.7528047603165777,0
0.1258846444333182,0.8906526464295668,1.0924047353583637,0.6618090021519691,0.9488497589533762,0.9132720047058293,1.0769355228025714,0.6191405753223844,0.6942729779955266,0.823851377933485,2
0.11589763525941654,0.8537596341202552,0.8037217762367779,0.8187429652504483,0.5335696419980388,0.7721563855475435,0.17043609800087936,0.8301976567359226,0.5883828301391987,0.6185756431579698,3
0.14244049759128685,-0.7359030053808153,0.3230919975964367,-0.5017466391718186,0.8553999507482427,-0.10358979006828173,1.897211246792505,0.18810742030006242,1.3096546353300127,0.9691232787299788,2
0.6497521850229715,0.49714525780918395,0.1962156258488555,-0.053855203648409705,0.694350169311384,0.977895804428968,0.5961328553454954,0.33553188464451966,0.16781977546059862,0.33795638326668703,1
0.7939156991912678,0.21141852450035037,0.09999083366699668,0.4342791442650535,-0.3209701169553985,0.1169465704182135,0.685302205143316,0.5735160763976128,0.624547730220772,0.6372616462335161,2
0.1664866429522191,0.6000171386981744,0.03809934031643603,0.25752972786595396,0.08182900040000674,0.5076860840486901,0.6969967014350448,0.15040999860165793,0.9751511433652646,0.033256673958776635,1
0.16627019883813654,0.7875909134780896,0.5353254422927993,0.590198882728112,0.15868177776543954,0.8612321604282629,0.5163875420361467,0.762966709465893,0.1123380142535187,0.7328573471003057,1
0.5305277467684129,0.25594048005595443,0.09175265493595529,0.9797214656627855,0.4318784215687602,0.7880920709559466,0.9680416505683885,0.68433009037767,0.5016907602435532,0.032828127223803294,1
-0.003601656509764963,0.08440828017079884,0.6124736873652619,0.24912376202430758,-0.027969854502330714,0.17359728918249331,0.6251112044912102,0.23228450981612242,0.7780649175676984,0.7089141119858642,0
0.9852162088442563,0.12490716868906193,0.48835103910080585,-0.4568522959576934,0.7832835487119996,0.31389578814448954,0.1437324939733593,0.6751593991491907,0.15637163967011736,0.0143282396839442,1
0.08015704098546494,0.8305924430192357,0.5895201955214868,0.1192178605526619,0.25132062024553564,1.093465108296126,0.5203530721442542,0.25672215376002905,0.9366139632016858,0.5669655581706229,1
0.5730631928329127,0.5710602670741189,0.8994190716706283,0.5254110891378976,0.4962567817039642,0.6391828585440387,0.5638915838827722,0.5653688238079024,0.1900376100724379,0.4278868216676321,3
0.2509078010275334,0.05063443508051267,0.6567337989070876,0.7634715032204148,0.6592373076573098,0.9363261931931792,0.5389252039005378,0.27536835680412897,0.5745533613323162,0.6724961454506301,3
0.18538998288281727,0.5312208872545102,0.31425661401091265,0.44598340814128284,0.41349641108102925,0.914375584903125,0.4192270632646664,-0.08149252142934311,1.1108092954842568,0.22923243392042086,0
0.6116766937285905,0.7956076180953358,0.7119470988771467,0.48550741796835695,-0.07131702535824178,0.6965563235622239,0.5855290225717922,0.9248676453077592,0.46924537321346166,0.23385882833036453,0
0.5333881270987223,0.803221779108543,0.5327778031608545,0.3598185616618819,0.4382465189166394,0.7891602075081436,0.161897003925592,0.8145438940311786,0.3487957382213934,0.389913434631981,2
0.6704058974427971,0.17372241779812644,0.34065829129165215,0.5881220802652993,-0.10215284606307484,0.0710883376807484,0.4431408535587038,0.9257199694046808,0.6797358624602198,0.8505610640775124,2
0.15271876039426513,0.6781124509455803,0.31284418534505365,0.5467788550408258,0.5454772583553196,0.8220914366087284,0.5469962571798205,0.046299442810837546,0.9558512244154235,0.19469810290857312,0
-0.11825272875152995,0.6794662661844725,0.24475793701898296,0.34136043277635664,0.9062480693459793,0.27584071995637416,1.3096917843243987,0.5797724972369194,0.5702892707139504,0.7558619430151798,2
0.7831425424975419,0.03427745819159472,0.37602930565299464,0.40353119200817655,0.4956209252828839,0.4428386027515192,-0.010283096736897798,0.8068402761428248,0.46257519878892117,0.48091905854584743,0
0.943898894998099,0.660677893639257,0.4862846155255322,0.0842167018814042,0.44363619138600124,0.8026180398979958,0.670113687804952,0.5731857661661338,0.2530108106802131,0.08029249317988688,1
0.009058971659688622,0.6421308464204915,0.07996477592605444,0.9221919997183589,-0.030824943894408013,0.3467064863759155,0.2091589928583591,0.28863750991293485,0.4030743541117494,0.8585718122373053,1
0.9040906092099631,0.7101395426442121,0.4969534440776105,0.09708873386700732,0.5525567810847588,0.8785310876564916,0.575884961041055,0.6798494644111218,0.2674543612141199,0.04727480930967014,1
0.5347754099357752,0.6029833797898225,0.2430838849527608,0.6071271366305692,0.8076125471198099,0.8800067698691848,-0.0034839834059694486,0.6430137047198577,0.9169368497029224,0.2270536800432858,0
0.5796026888321073,0.7813027936411066,0.8439769139685223,0.9654168552705047,0.24875638454534144,0.02611276996202533,0.19888287485478817,0.6397307519443737,0.2731929432781008,0.059146123217677676,3
0.04908693835175107,0.8134356164323017,0.4234948599674335,0.6001498407572479,0.640854853884654,0.9911891335433157,0.44664455877668585,0.09827139295932405,1.0781320937411092,0.03828073932307255,0
0.07712409833004345,0.35925386816882676,0.3184465316449474,0.32803639802149553,0.8849522751747152,0.6040278345452947,1.1335413944309058,0.4762239382352752,0.24431223887515036,0.6846370770565153,2
0.24287755944244568,0.48463588707960537,1.0237483332525783,0.8616842190994627,-0.016984610908046482,0.37189683179051736,0.35017275980776474,0.744099024702207,0.019036666661016485,0.3696904473578813,3
0.8372078749664433,0.15184248186156313,0.6369572936661154,0.09258652238992067,0.5214455097295883,0.37515882697998393,0.20022645352192778,0.9440964499645559,0.938600789674002,0.8203221135171076,2
0.37066197694273184,0.16169001284281878,0.3440282072499081,0.252092133389505,0.3971820469104451,0.5727430644588072,0.6408162675721758,0.007182815603022238,0.7929766623258152,0.6581245525440874,0
0.755958497286691,0.4211446886725531,0.9205156510365329,0.4644820683174894,0.14391904748621154,0.3966068032833207,0.8352923236323503,0.6775243386243359,0.32417734005412613,0.2365772108167261,0
0.4658783736813481,0.5372968153551343,0.2238536296959438,0.636216565694603,0.7778159947926371,0.9312145908075965,0.026961568522862488,0.6565709928802059,0.9801700231413698,0.17397838496949486,0
1.3334920572734934,0.6030353948683805,0.6618323238448119,0.4406689299121839,0.10828452516771003,1.0398261468461636,1.1547437591671013,0.4615518978988535,0.14506244874252183,-0.0963677371031535,1
0.15987757860763957,0.20132315584940025,0.8136817645577062,0.22032435030733893,0.7585249867616064,0.058513075925046974,0.7835348463660501,0.1287382842257269,0.21364523606736363,0.7043517027267421,0
-0.03245243596883293,0.8954894321367092,1.083424844472971,0.20409041903359199,0.010617251245380627,0.29854093585716374,0.8909610757391864,1.0134767129025875,0.7477625903942443,0.15760936239443402,3
0.9679235487901791,0.3263263150723837,0.4254011180419035,0.9658304077291413,0.6383919259948821,0.5105640456515731,0.9959134254468691,0.5965974171545192,0.9374603035682736,0.4524185025298039,0
0.6334571585278174,0.5108240093983114,0.5115897718452421,0.19521051549139729,0.16832351453243488,0.5054733694103504,1.053016238949156,0.400035919182852,0.7811021073653635,0.8614986345702143,2
0.6473608335264698,0.6713870864644442,0.9818061349375646,0.3599341485188645,0.3490007643855122,0.6742465528812682,0.844783289914497,0.6196706571266026,0.7894293050618606,0.6823991733161671,2
0.23859605186257998,0.7511408341786493,0.3704846780240386,0.8869743926145609,0.7103906528603963,0.05809880148536445,0.8703090330612043,-0.04996352986414963,0.32498836203479303,0.9104221347986585,0
0.17538804810570321,0.3998456353735733,0.6720846173753925,0.7434302132190411,0.887740746207337,0.8017677915005228,0.9035399325751833,-0.03819321410601867,1.335203402302319,-0.007217198569366284,0
0.43778034105953195,0.6504059536284753,0.9305479716024917,0.9983795095134491,0.1221391613566849,0.22140875447917535,0.35023681799926126,0.632375378165416,0.18613386857014802,0.2175710358606588,3
0.14060094440429435,0.7148651486279454,0.2513099308723093,0.5321374855360735,0.47993029168008494,0.8283794667073002,0.5892348781451884,0.11576330818408699,0.9209418821179772,0.2788938198432957,0
0.1232950886495621,0.3956699290738801,-0.17235026902560033,0.5963076526438313,-0.10907288009724056,0.7862964109828703,0.5799440542517402,-0.13771792047395587,1.0186549092463166,-0.30953455587667766,1
0.918896721637773,0.24147223964235806,0.9519694346359424,0.4310462623725383,0.513901702563563,0.6252748254561061,0.23330663489375567,0.6700131875678011,0.8761353110215476,0.8349588954611776,1
-0.023101629017808947,0.0733186853513331,0.6029074712389664,0.2827141947470715,0.02245149474477133,0.19872481156339064,0.5908172149166689,0.20396400927957603,0.6964376509744729,0.7713926338126424,0
0.9015637466914788,0.5102453115606773,0.5981455965324027,0.1667709633721186,0.6344725065919542,-0.026922969871550018,0.7598648992307883,0.96098758311896,0.9323322173569727,0.9358621680429431,1
0.11177597644098612,0.8600981593750507,0.8086818404476805,0.8247817218621465,0.5469085997667721,0.7706282449672788,0.15199909935688793,0.8421384390935521,0.59223329864328,0.6132876514021629,3
0.6831271049758999,0.12696214487476565,0.5940032294608897,0.6583170614261566,0.19940864718507303,0.08416614214037825,0.17443663444914548,0.7934017313753917,0.576888893188212,0.5380741300872165,2
0.569698954383359,0.2898471454588817,0.07868651632415359,0.9956858720742587,0.4103116295894835,0.7939945681574909,0.9838787832363733,0.690142148451447,0.49297045002026485,0.0031153260056107634,1
0.4472822874918693,1.096979940742779,0.32902270000621714,0.26493878508399793,0.1677656488037758,0.6715371020672858,0.5241316771271591,-0.1243162308864541,0.8910316717797242,-0.17598248962746305,0
0.19612015203038097,0.30675071501485285,0.5284905571732899,-0.044414103686544915,0.9180882516305366,0.2702290281987731,0.7477647861197458,0.44563269751171314,0.13241112243901276,0.6145081295173784,2
-0.024673032242501725,0.7337638275105541,0.4286784945275701,0.36186616187444287,0.2841646626442807,0.5661355928505951,1.0830833498638943,0.6219011065701426,0.2783360512184933,0.6614088340421151,3
0.7374831561168467,0.708670816613763,0.04191149806034142,0.8114038153628061,0.5071067840719927,0.5358087515106762,0.5811235690373009,0.059279924395518394,0.5180900099002713,0.045237194681052785,0
0.46934737900398826,0.5460204943942945,0.21378904926867182,0.6637714279131055,0.7896528849829396,0.9384563439174828,0.01913991555163085,0.6577872763278784,0.9703263424606343,0.15240808504291256,0
-0.025000527863838468,0.8594592327652191,0.15727597202911797,0.8401400556299439,-0.022935027027512052,0.20854117377325365,0.08947456175950688,0.5242633617474574,0.7011021592808682,0.8888133749576312,1
0.21319447471342154,0.9454422041774416,0.8555746000466732,0.5046182515943529,0.4701714533393708,0.847172657076656,0.18391693323557215,0.9766119776060062,0.04972452887903517,0.21191027598387382,3
0.9249033825643693,0.7451453210151571,-0.4302173568860824,1.0621449090454274,0.9769635380094367,0.5196285163302568,1.9218508127563365,0.12959236726766238,-0.3583884370388317,1.0664872302651818,2
0.4896439685630172,0.05994709570329965,0.484266521784037,0.021811616429233377,0.7861527029501181,-0.20624962392961876,0.679107398399398,0.9125330602185981,0.7107969517471391,-0.01988617891758515,0
0.751827631050459,0.4414705734864925,0.6506950473061885,0.28584029940712125,0.1262571296517605,0.5293279219957745,0.9181146460571932,0.37842051487479245,0.7124375564191971,0.8655265705945192,2
1.122611883808098,0.5268673991973136,0.5496754759783881,0.4038209449885831,0.18347280057990867,0.5387896576152592,1.0203780864235419,0.9637258409526384,-0.06547958138298177,-0.01683653602896648,1
0.46314462432246095,0.38603597339626894,0.33516262987416,1.164100893348661,0.4196844477971303,0.856494930391381,0.3380605934444106,0.028418966011834995,0.3736845484494835,1.1688222711309555,3
0.002590837506715724,0.11628386757037538,0.6430290345381442,0.24513450308586304,0.03184560937473293,0.18990923968197262,0.551741930327218,0.2513019210461134,0.6451950238926261,0.8019257357950041,0
0.6946974290761991,0.9851571849708032,0.6588418891155978,0.7530188107873599,0.8616499407957177,0.8692258330179651,0.6394513606655707,0.5134124533825948,0.1673751993491957,0.2556279597060199,3
0.002198030751250496,0.832316320616006,0.9353826305947666,0.6953052628592425,0.4083897629360786,0.8945557969895711,0.048264494920817386,0.9727114576357826,0.12036375052254147,0.19077215895153443,3
0.3136696427634618,0.5115388356478866,0.9469863339296078,1.1957635830483024,-0.007175465051013991,0.28116730382103267,0.10730061439899524,0.36542829495293777,0.241446671689099,0.4116133016748238,3
0.13245787621491933,0.4143448199147149,0.8662984995878935,0.6587258667763971,0.155450069264195,0.9017222751561175,0.20372772650608792,0.059046323620572154,0.3319448092533919,0.2831324048324742,3
0.36723698038291774,0.12715322668229526,0.9975422868139612,0.7825884894126933,0.45234457992896704,0.6971184752942348,0.16778505408434066,-0.07924934848575144,0.43560725596030986,0.6074791480460491,0
0.9580778174622954,0.6099537342252007,1.1021912264349067,0.47770429513914553,0.06473705348417169,0.18529156511598405,0.7074527488721952,0.7898585707526071,0.13221014662718583,0.042350248518446404,0
0.7137357851071288,0.41242465150570384,0.7175362301203879,0.21699368011161688,0.8339565067765486,-0.0951012594075945,0.8130757736545174,1.304455510806906,0.4843072179167617,-0.33816156413895687,0
0.6683658004766714,0.44090471354863503,0.7812502520414495,1.0655780520284428,0.1686089211588467,0.27751653642024776,0.5743628578010282,0.5751006957356078,-0.05919218148136551,0.34696957378967946,3
0.8544080350889292,0.4514731833896727,0.7331786116826947,0.1734003366160049,0.6126219926353109,0.8665340510300242,0.5918140768058526,0.9234818265477921,0.13772811165453996,0.1295713243693877,1
0.8300207828360306,0.16606185323963368,0.6242958878107044,0.09347214337946978,0.548305616636442,0.3910698287572253,0.22278994297570517,0.9492293618561286,0.9373862396849082,0.815809298518639,2
0.7658321959492826,0.6852318114519687,0.3336027956663759,0.6218107578162478,0.6668856891422784,0.4398683301471213,0.6378855616200014,0.11092964088216291,0.3047099622235978,-0.08485319512512716,0
0.6794175712301402,0.7894063500534592,1.1937522030676402,0.7860525912911227,0.7704152610309257,0.8785172416671405,0.43112462103038307,0.7728395129818798,0.32577634813004597,0.3908041279036684,3
0.8090663670580143,0.8418015870393106,0.2745829428038825,0.6158904612581408,0.549545454243544,0.5467088775714515,0.5676369312275811,0.09793908490892689,0.5829924955825049,0.12298906855571895,0
0.8673148976496418,0.38482989697372816,0.8028736860246559,0.558515451536648,0.7199831362360272,0.2747154117889559,0.7246147583622593,0.9843104867197239,0.9897337402588963,0.5283989695142166,0
1.0725259548820265,0.950502632484572,2.105426711760075,-0.6510604695137192,2.4361229762857723,2.3268375007823234,2.452022181319008,-0.17725576186105862,0.5961317718738056,1.0652569872666235,2
0.8564412433273503,0.7557628049733821,0.7379929825187403,0.18564931540161766,0.6265613305813237,1.0662672596417324,0.6483200888134812,0.29915484813546556,-0.09098728350395341,-0.18746132238102242,1
0.6892746392461494,0.051724039100183444,0.15668917736973534,0.8715695182853752,0.6406721098536456,1.0361385231095928,1.0728453483009501,0.6845939055603083,0.8577073948343901,0.4500717862348496,1
0.3832646941778445,0.88921483511408,0.42860552320562895,0.8055318706264414,0.8293102253753022,0.20398601187598261,0.9224035019629746,0.9288368343260878,0.2090018742757815,0.4030733211739778,2
0.2320725771015147,0.3235073186820123,0.6454667543204662,0.6783325067350374,0.2161071497068271,0.333013417984773,0.32883572949527307,0.5974104460766727,0.1180385645017459,0.612956171226412,3
0.21263754928498968,1.151673210094856,0.9412257408870546,0.30868772946749923,0.6178407575989926,1.0115536366010862,0.04892264240969871,0.7469473747699579,-0.015132361528650148,0.3540788529659875,3
0.013228787749464233,0.4412837276442655,0.8470076933702562,0.48394559402245513,0.5168053937737861,0.5353547634194132,0.9876877414778282,0.9527876475050587,0.9592392603549893,0.3370699480710168,0
0.7646610092643072,0.44942538824120815,0.62382434879771,0.20736435601354342,0.6277459392293261,0.8659079108408348,0.6865269031141987,1.0872799584349082,0.2055111226150114,0.3085577654287557,1
0.9811684527250993,0.2922259707255588,0.9375271214755281,0.4579245395916595,0.4374040196119369,0.5606343718552416,0.2344947573868049,0.7606348436259518,0.8286757464136559,0.8599383574348374,1
0.20201608205837862,0.6066896625304011,0.10018105947902162,0.2744892072005536,0.052400900204483944,0.489638759492094,0.7215892210916964,0.20917205253448726,0.9304314977013791,0.0318201077943146,1
0.7096804320489356,0.5652081470401488,-0.03338144279668831,0.5194321293554962,0.9625484021060898,1.2392579014619638,-0.23719642917936923,0.5049463410175978,0.3473439706921912,0.9377304812675862,2
0.3183652804777417,0.9374024704243032,0.40633399800091696,0.9948523388829114,0.565573891973901,0.22301000924030914,0.9374110727159689,0.0193069483860926,0.5142188563932225,0.7826770525878725,0
0.5427996669255508,0.792566988117888,0.530615377641594,0.3674909908070615,0.43625840712535974,0.7877179055751433,0.16049294886748455,0.8226956207310067,0.3500797523718491,0.39773596539589456,2
-0.15650263260181313,0.6167883108602956,1.5850950667177406,1.321778745667578,1.5901231933776687,0.908667829030466,0.41314215021841905,-0.0586427572785172,0.26323214821083296,0.7578354471189266,2
0.20466109671139976,0.5474858652679665,0.09804051335687053,0.2862933494450415,0.009615162174007763,0.525324504152966,0.6954921237279842,0.17661853593839474,0.9654522955895861,0.09056791423158728,1
0.1609046725213702,0.215142613817094,0.8341877221313901,0.19843732472386819,0.7434834583879825,0.08527295459514996,0.7629655692543724,0.07766164982090341,0.2634790842672223,0.7654031770326416,0
-0.022177957157936412,0.7761330449050511,0.6708271484861867,0.304259347234073,0.7835728075849707,1.1898880166140542,0.826485905942924,0.0035163630246780597,1.037112261295443,0.8203666760643479,2
0.8985071216201372,0.8983221764645839,0.921006152467891,0.6366405809516235,0.5293426655445777,0.8092407815269128,0.19348491203665205,0.704876242860105,0.691220059299431,0.5334759402528934,0
0.11005634576164168,0.864291073240194,0.8141338865573414,0.814672439203748,0.5321734501211396,0.7823561564147176,0.1519550512414023,0.8415154846640925,0.576730195960628,0.6127801098654065,3
0.12034382768256548,0.4692550235222871,0.3100266841508157,0.952411195899702,0.5974495800988111,0.780373153968044,0.35788577698952895,0.07518992894163153,0.16893158853646648,0.05334045098473943,1
0.6660129839410212,0.9793143918687335,0.8225475836016027,0.7038639031535721,0.48182963735522044,0.19108111742010914,0.40463906694759644,0.1920018541154442,0.21052739339186968,0.1896019329205348,1
0.2506506978411447,0.9238655394482422,0.42868571007631134,0.7466288645476303,0.8683393116077347,0.17504498908273997,0.8181918999189554,0.9922267722574764,0.18878238354416899,0.47598350710356147,2
0.09731049722022202,0.7211102063601567,0.9116719060823176,0.47700721053227035,0.15590875078076116,0.4235666822639532,1.015407758210226,0.9645896882446565,0.63983459176753,0.07649491044106896,3
0.523167800946288,0.7448903337883027,0.8343845626146792,0.9319141145104003,0.6810279070283551,0.43201149465926497,0.4320379818435176,0.3653002045375348,0.2071932492451124,0.07797552340276628,1
0.5761189054906857,0.0899360324075717,0.8488096035262628,0.73483043613071,0.5299822530259037,0.6653608943411223,0.361554560416093,0.05202658511511883,0.7510546071511488,0.508142098498741,0
0.3692913699197365,0.1320935229761381,0.23336463792266046,0.6713962404189985,0.18713535072509818,0.2867318923098702,0.8833386862363231,0.11939059642358679,0.8881561112740283,0.15102372289235005,3
0.2944878147889709,0.8707392177561409,0.3812170596199533,0.7769662442697604,0.8698875773658422,0.2565188433290039,0.866251484021515,0.9573408035690509,0.23294459460451297,0.37746236170438824,2
0.9867719791997316,0.473421666388,0.724039903967151,0.08682564291851354,0.7638767922317943,0.6538510203530085,0.9623950980637775,0.8253447415946613,0.9348178402682648,0.6546088528518738,0
-0.18250991353657298,0.24107979599656693,-0.21792023305569747,0.3410756384021677,-0.07365496874946212,0.2981639738023581,0.4179745505311259,0.22015015498804485,0.6173329781495481,0.22387474129583423,1
-0.007206513063469644,1.2121117743530898,0.6443314561399605,1.086526724060669,0.11125093010515574,0.273878489984527,0.5725439971117475,0.5602047065816996,0.44573070440640294,0.5662185012752414,1
0.3839864044098539,0.3654433452992919,0.5741463517624312,1.2114750008812618,0.010458660123548263,-0.11592336458115393,0.461772237504957,0.3927905370579421,-0.15009244741243977,-0.03593801757974502,3
0.8841527160983839,0.3941029106141009,0.9470216353197094,0.5184511973282249,-0.017862972442190483,0.34278716874562143,0.7862719464348575,0.758948216735634,0.30123374215110615,0.22917496945405472,0
0.8763438864128618,0.646430666608991,0.8570078083526543,0.27325924252092876,0.7126466701030472,0.8996018454455379,0.4698543326782019,1.0348366746274908,0.41582770005078407,0.10035493188510203,1
0.09685887552757483,0.8715686888492103,0.8360090806059699,0.8155221141419972,0.553115690761098,0.7933360816450638,0.1744457748059129,0.827244833762083,0.5573316187449951,0.5964354705426633,3
0.4329461558052202,0.9248010108331318,0.5587836398822911,0.7265367998938966,0.7160295213020564,0.07446040918586758,0.6569246554847565,1.0031167409263777,0.44768074215843257,0.2251554333598517,2
-0.039316492022555924,0.12566102692345665,0.6336201265868056,0.16589138988769134,-0.0805115083562354,0.22250955474541131,0.5800621742576988,0.31929275947917796,0.740829261840888,0.8339394062652531,0
0.015206551770069493,0.8164349067532594,-0.26132967803516094,0.5720217227658908,-0.16965488004741913,0.49066946609862827,0.45022455193400923,-0.20589537411475528,1.2898073708804547,0.2877646064366822,1
0.5588801556023918,0.25148417217816255,0.1110784836268749,0.9809708429316146,0.4320603548976449,0.7781900365131377,0.9906069223081192,0.6873336821309084,0.49120282897124995,0.0441806936196318,1
0.062330294969288054,0.3493520232392206,0.31724246854312044,0.32709732025873683,0.935736065753995,0.5561825798114073,0.3034002744780261,0.8877541181325964,0.7735553224784153,0.5614659779142592,2
0.5187044077491512,0.46692981294828795,0.30825409451677827,0.667343160380106,0.8503428471835267,0.9688499473184267,0.06290750875302871,0.6451750156513754,0.9329169589665472,0.07340465197267564,0
0.5344575909809537,0.7219486760557893,0.7930243655224797,0.9176854788742432,0.6676349276261214,0.4228739140651601,0.45222225824675144,0.35988310554629116,0.19904017295715942,0.09761546851048238,1
0.08709917604358242,0.18807127281077574,0.2700426605067965,0.7489559844949086,0.8873849579509083,0.22784522899323134,0.41744920786126866,0.8151899857129162,0.6074516516761832,0.2704494259405609,3
0.4902356663413221,0.38322238290070887,0.10330375163386141,0.5687295830987894,0.7599996663738291,1.0263574343278892,-0.11613084315395955,0.5460496181929326,0.9516666853693032,0.2875404785687161,0
0.37595240125887447,0.5369663570753845,0.49318323073155124,1.453567336785362,-0.1306576468493552,0.28909358869106816,0.33714510664670444,0.5504267206667117,0.7814465912889661,0.8660909425776042,1
0.8217196096443652,0.9648529361275067,0.4097312230111166,0.29796605530580844,0.5966539946712237,0.673907236565556,0.6576770065380798,0.7435606786550266,0.5683221248225807,-0.20353715889655066,1
0.7337277575363973,0.37775544815069684,0.8939346007208353,0.4450934190683879,0.06813367456472916,0.3136248611356115,0.749285020805227,0.6220844553726418,0.2603722181068264,0.20170383510445186,0
0.09338528618767855,0.6724817389509338,0.39010512738360603,0.6286228529466936,0.2070766429969369,0.8662035210175685,0.5489634609190293,0.7673227470224542,0.09176844533510539,0.6617033790873198,1
0.37849257755811444,0.15599395481592876,0.875695915755504,0.9170123964927278,0.5859189394158038,0.7629842969911103,0.40190791022375205,0.0552711740808709,0.5624395075493291,0.6865552373155813,0
-0.005678207289471547,0.10654740003415142,0.6189196413137993,0.2763135736790227,0.02990589782186966,0.22038169627892465,0.5883161055643129,0.22832570788641582,0.6859103772763427,0.7687175216222882,0
0.4195361207948966,0.5307243207174602,0.3051817743498314,0.6096958587251631,0.7112087870163445,0.8728606599038602,-0.036132954504260434,0.5991538577061559,0.9780307501550417,0.18214707313942932,0
0.5908365742717395,0.7633719437149613,0.03530016419632655,0.7574625034599227,0.5639303919675274,0.47797257721789516,0.627393285288606,0.010084552815123861,0.4444514579626547,-0.000727109378720025,0
0.23725117494163345,0.5657472535511906,0.0485412231401946,0.24911027049514659,0.07264245644417724,0.4877300907433275,0.6745172824124067,0.13133955650784912,0.9386690677204568,-0.031441390274167424,1
1.2185913825398542,0.32428604623116564,0.6612297880199236,0.2948387188738277,-0.30035834312993215,0.38775670795957595,0.9024567028003099,0.48456870045279865,1.2511309360777019,1.000952105034234,1
0.12726361947224515,0.6345222606250425,0.046249667525995325,0.24639531951938415,0.0750009194546259,0.5272241590737452,0.7257249017027068,0.1815192263525937,0.9735842285081182,0.02683626472412784,1
0.015285937638101522,0.533171849213604,0.3145509495734417,0.16430787812656214,0.9617932022820688,0.46442250718441835,0.9724396605917618,0.36686167003912756,0.25691007918789455,0.6368470151234283,2
0.18758913450761502,0.4481948161022162,0.2978970839530795,0.31321523986463307,0.49300115372694614,0.761989475063531,0.41151580552178857,0.26715233140143774,0.5953795425435482,1.0477369660259097,2
1.0232505063313198,0.1635670646826961,0.3523625310605587,0.5626152825793511,0.06436968592877162,0.4375389228194231,0.43812331387473935,1.0364527971795496,0.7310463145003473,0.8882341433206544,2
-0.0008386419555286222,0.11195269857280113,0.631752929611852,0.2672302038762439,0.030626135995615388,0.22255539643239122,0.5725452383457054,0.2304098623128238,0.6788603801590647,0.7690838184070379,0
0.03158637571196993,0.8928470995474069,0.9017592188087996,0.3429397149120203,0.0867433047495102,0.3456941174379315,0.7930209329286069,0.9722106307182821,0.7403823815080818,0.13399928542134146,3
-0.0045550928030191964,0.2805379943938564,0.31355069745294206,0.3004315096549939,1.1034433505461734,0.5777294995755817,0.09559247090963299,0.8785315980393215,0.7531265185472904,0.43013658707298985,2
0.27365463476789614,1.0450906191020335,0.31434626750139427,0.8875919425469874,0.7028249404690579,0.3893738239166532,0.9492155724272886,0.09382291073040797,0.2698087622882306,0.7260862159010593,0
0.6431699369614269,0.021489916497365532,0.5933217157949372,0.5448767554503248,0.6030467468773573,0.604275065316521,0.0563461409746833,0.6108007142574949,0.457814069756906,0.7052646543906707,0
-0.0013023347734230709,1.0541664104502773,0.08093246841972161,1.0825639001518423,0.021911086615648022,0.2433566239363513,0.23643280375271014,0.5326962748323741,0.221646373375678,0.43592938837890394,1
0.7214488609164136,0.48837752599883916,0.6194099062014641,0.16807768865879827,0.46104167748931746,0.7606576464228335,0.4168972283921741,1.1287372293497722,0.1176893845685939,0.2113344883625929,1
0.7746267324620759,0.762603256027193,0.9611580009998287,0.7450504582603953,0.5343592255120287,0.8795664495871698,0.014689374802428365,0.8303861106497926,0.5690027013734408,0.5918304363794443,0
-0.41448203601811257,1.0724306822291971,1.1605119157259725,0.09087913470132064,-0.32846744960714674,0.7803389473994156,0.6486175939198984,0.8127384778043063,0.36804613279639165,0.32838077787705067,3
0.33454405413716753,0.2528703039475755,0.3861667355752835,0.7738901771422307,0.21156352265634026,0.2948366108428833,1.0197980828271,-0.04725005659258577,0.8675344458328892,0.2093693600409136,3
0.9572168523455635,0.28396632615039524,0.4942913158554954,0.850016430043221,0.7745537881044269,0.6229287449991179,0.8926065387320806,0.49849011043079244,1.007691540440429,0.39000704314015777,0
0.11101872870495466,0.8552424056504462,0.8208796291267317,0.8109122763867465,0.5319208465129246,0.7791504686010564,0.15501862840345462,0.8343353625359126,0.5771478864818776,0.6053948137440897,3
0.2500341743302389,0.9932873280772817,0.2388753159751656,0.7407472017892963,0.822296516676913,0.435154452110352,0.8065820366217171,1.1243422466771675,0.13587694613745935,0.2670973781970092,2
0.0037271181127121046,0.0805049488894134,0.6088044005793676,0.24138456771723976,0.04484507410499618,0.24106533800850208,0.5695118272924251,0.23414470826803063,0.6759888512337707,0.7723113630229501,0
1.002952406699649,1.3537540787893572,1.5119023095894493,0.6758738492085645,1.294038582988378,0.8219330283274792,0.4665481448430688,-0.746492445173255,1.4411644095011882,-1.0993613745251984,1
0.4828680911500132,0.6097001350883646,0.8463329688582277,0.4899040861514105,0.5961979461633811,0.5774528252043047,0.5480366215987049,0.4785508086224201,0.25955369891418445,0.3431831287420923,3
0.569067854576926,0.4067321179043235,1.042711488076081,0.4821136677148516,0.4960091901560526,0.36736294061478647,0.5559292752184138,0.49766268956247817,0.05478428846639369,0.30761532749374826,3
0.49248226717790694,0.5401195587607724,-0.471742832263636,0.6342733425165092,0.49018326972897824,0.6108741610212839,0.7197886832983938,-0.27737843831072034,1.1344080167724644,-0.002429334451583602,1
0.3064133869924868,0.09609481453958243,0.6215356322594416,0.8580684823045621,0.7426466599662986,0.8750031193086805,0.5389493664385709,0.21828476871408098,0.5515896256960869,0.7697232141398687,3
0.35710869627857217,-0.00933302249899745,0.5824209011520848,0.17746661386982301,1.0747094411905276,0.07355334461956975,0.6216243688724511,0.7742453827596284,0.8993484244749701,0.10752276574989128,0
0.9346155186678367,0.6459723302835609,0.8454413521759052,0.149013481478974,0.824036782061614,0.3962954095672242,0.29766122140844614,0.7159581685412981,0.2333386393492375,0.557546431812508,2
0.25852030190838204,0.2710298382604335,0.8851616864508198,0.947631568051313,0.6525883625570147,0.5957154271596179,0.3627770811327161,-0.5635262978705728,0.6822536386209742,0.803438583319144,0
-0.11873649316752283,0.6894041727103821,0.0552012128025154,0.25867358542514957,0.12979608799619302,0.6431825067070528,0.7937656572133668,0.39993026202495185,0.9945460904602023,0.014426945656059679,1
0.8437211221816993,0.14788538324055844,0.6421043250610856,0.07821281929491461,0.5178827604943925,0.37626892457625283,0.2188888234917811,0.927655952335566,0.9283840786917059,0.8110240419081406,2
0.8017548791127493,0.8518072569442903,0.11899302833090784,0.7764934453689172,0.4404690627290034,0.654740743974265,0.5875979130131512,0.027595437677712966,0.6926085455934055,0.06832162337424486,0
0.3134281782003744,0.855056303715586,0.3653188050021316,0.7871470999720652,0.8661216825113701,0.25958044705748423,0.8653146741936341,0.9610688136899793,0.24290816003189963,0.3783768357866862,2
0.3352927885642595,0.21407005185275632,0.5824864742261889,0.6753223693574425,0.10495520179961682,0.5351372817668028,0.3461988489081455,0.5255493265729696,0.22487428811885515,0.75861788157664,3
0.923994769246989,0.5902353382182163,0.7890310863862386,0.27110435130659954,0.6709121227605392,0.5994722524904874,0.42535453785838057,0.43219675609341696,0.398170117611623,0.6599453009939377,2
0.04905167776882441,0.19367179981594515,0.8561107843582247,0.7247410143129852,0.7602829676733007,0.6652357817023227,0.27857207766673225,0.2532756557952941,0.6719589283749792,0.3982482471356667,3
0.5581397089011946,0.5885762153959707,0.9276967619006599,0.5311290967940077,0.496298071325441,0.6426410057444641,0.571217939098937,0.5766391592083429,0.2060673931695041,0.4386774038489057,3
-0.15289351017898162,0.7914916081433487,-0.13290261134478823,-0.010253867771714387,-0.08404371947181022,0.7014669126271682,0.4073504342150952,-0.17627434552901372,0.766703547901711,0.020018335476591098,1
0.16553845283490198,0.7868872481925203,0.4936454106551666,0.9634478515441861,0.7145344897426057,0.14839653437740657,0.9064941292054592,-0.26377815872472865,0.8571522807329712,0.3675001648220622,0
0.5353315185495026,0.776552111488347,0.5364075805901195,0.388077016674096,0.4275430037959287,0.7996905929457505,0.15576384341833682,0.796296389835947,0.3399512036871837,0.39738734358804556,2
0.8419561651059442,0.15133869821927684,0.6456143521092385,0.08561642806031548,0.5319379721313477,0.3865950708841482,0.21000240409552318,0.9326351890634835,0.9363382346618843,0.8213305100482474,2
0.8719375661202023,0.14340316392205296,0.6732410834351322,0.07080960132919537,0.519250129031066,0.3510949659656236,0.21577862437642764,0.8959857170239732,0.9385555134832074,0.8513442541328223,2
0.012449305470589173,0.7846761870536028,0.043265722089283754,0.29546502768297433,-0.08502880888955638,1.1273892623735977,0.8329237757194813,0.34759409397844165,0.46623541535002305,0.4156949881791856,1
-0.23110425177042326,0.4599706955123602,0.7168918588550259,1.0422514888729317,0.7684717805988708,-0.18339003408575272,1.0808193482432635,0.13057763176679343,0.7534736362745893,0.9916245982024867,0
0.42063551394842436,0.3014824060122423,0.6980121118190793,0.6402102827536318,0.7704320979867069,0.6889291218110603,0.4869920425581368,0.017720396546784034,0.5969990848822015,0.8873931036930773,3
0.7276360806461631,0.4235208528242029,0.6511480160689275,0.1909135207482647,0.49577240006435996,0.8286710974169823,0.537577807607501,0.9166479099207648,0.06225445092020951,0.17015134178858468,1
0.847331909519792,0.15164646779916569,0.6452051787993006,0.08467042932080959,0.5271316054955995,0.39238644556268754,0.20816144548698154,0.9351286217274767,0.9319476424336016,0.8215435208091256,2
0.5210616237133374,0.3818103826895197,0.5574529046981523,0.22564691611131255,0.5068878340830094,0.45963030134118715,0.23998254984631673,0.6962280182587559,-0.16267778805579702,0.7614414057602177,3
0.4359648815509974,0.7023204932762035,0.9551684047627674,0.4466713698365315,0.5857610536963156,0.784380111554418,0.37436877057248386,0.7060657419575622,0.27289871749640965,0.48501215895320576,3
0.5144164232702442,1.11751569367566,0.7279630059321363,0.3121978360873121,0.42279926754086206,0.7716753699123833,0.08380538465076615,0.9745896582799934,0.26374978725875,0.5813569908370497,0
0.10367811030687367,0.19851262289940863,0.2923120448890221,0.7606212307514666,0.8644903261323292,0.25764893008676854,0.4468005952371413,0.821797354112792,0.633507308717144,0.25457072499323696,3
0.29544032554816696,0.6051487094129744,1.0532919324156633,0.7242943727544625,0.2765684750716496,0.22855960905759426,0.8507000800902627,0.729751569833937,-0.14294241033758281,0.584233695227002,3
0.5307311729472054,0.8044997884732403,0.53432438317855,0.3624772088683408,0.44178534370042094,0.7871052466549938,0.16241171618694464,0.8184653591105403,0.34676288071203887,0.3866412040976933,2
0.5446910353330187,0.2712241204203708,0.08629998331669624,0.9823311882310711,0.4304054898401292,0.7821270863992673,0.9944901067607518,0.665626709918373,0.5109601898933099,0.020521963630682784,1
1.0128334587551653,0.2962156876816932,0.8767931143256369,0.42060902278665946,0.564290443728654,0.5577650263108775,0.22337341926760734,0.8479500457815905,0.7014503707288571,0.8781556280162401,1
0.07592058650167757,1.0148117712173639,0.7555143812982794,0.7527401587095499,0.8260396743729705,0.8360588881494496,0.8909832147133037,0.4907925746849653,0.7230465714544607,1.1291185518117204,2
0.8578394242075508,0.3624434552895643,0.783903798929094,0.5574056478700002,0.741335989457685,0.28702570107492,0.755351103383967,1.0029294483976607,0.9760731079583785,0.5048689997085188,0
0.41191020143887747,0.20005461849239514,0.3000160353152262,0.7359966264197242,0.25707801061548813,0.30743417851579036,0.9690910291736508,0.035959944530661626,0.8056580796509369,0.2016759142039175,3
0.06841500206465322,0.8720341667500873,0.7914174376961002,0.572148988472787,0.4212679590034768,0.9479531394092001,0.2590127674258227,0.9587423165338309,0.06512633096683738,0.20844116443036562,3
0.37342384984838906,0.5775787301951655,0.756627581919152,0.8649647548383813,0.6187936385905913,0.34542225418059913,0.5656921720835982,0.5480299947790885,0.056651537586206946,0.24168761662562976,1
0.21649767631329517,0.9218534919002853,0.3019478780475421,0.8750112476503711,0.660764712447734,0.2727149042942563,0.99898030905128,0.014241076200319301,0.43611654050364856,0.9533751999389252,0
0.801929346277371,0.5198340932744359,1.1497265919091708,0.5391694119708497,0.8230106850558273,0.9504450658890538,0.027182879405911575,0.8472683511306441,0.9541089583066535,0.7941979798857697,0
0.8434082916256794,0.4716192825342835,0.46534633917050244,0.15031381407573258,0.37497256035592474,-0.07625625165934215,0.6150615324714923,0.7953751786639423,0.8278969024126962,0.675417412843148,1
1.185936176238521,0.39024770924336494,0.6118439945654984,0.08423425468183715,1.1133881847400873,0.44811604953942336,0.8565642230610381,1.0022612965872224,0.4478748179884229,0.3992419857896117,0
0.8459361172416695,0.15821645868766473,0.6220767193998088,0.1071717613271368,0.5428460693119207,0.38572504231537963,0.2285914533228603,0.922494121479037,0.9346664641584496,0.7992555228487422,2
0.6402451082777318,0.8650051703010876,0.310184469816867,0.5771199323660897,0.6259917114596314,0.44627353672975256,0.3873786715806499,0.343683129965818,0.7651768571057658,-0.010429872033445017,0
0.5581304939844879,0.6862796461928102,0.2575722136075335,-0.341056912011432,0.3929079969153251,-0.06420108688989594,1.2913826366561443,0.7008152690936391,0.88643856827308,1.1143102677366221,1
0.06415947578566247,0.4678546943329054,0.03188495927928503,0.5897296809985688,0.7634622515619655,0.7901731725304642,0.49311506455378745,0.7242133501832626,1.1526939420487856,0.4821767447950243,2
0.21343995058714982,0.14640839065178513,0.6674105789751905,0.795299179380337,0.13792653296068808,0.6954817197993924,0.23454771243340883,0.34004431619183095,0.3040893556118773,0.6077230012041706,3
1.002183822789794,0.8536440718598863,1.0648553680462856,0.3114851503186532,1.3813378533530831,0.1636600598276102,0.8614035639088581,0.6873457847273937,0.9069608076927003,1.0528871982740984,0
0.4817061311283387,0.04448036548983506,0.9796963335764926,0.8577346143623452,0.46749053489535375,0.782072051720847,0.2339276424161286,0.07560383395986578,0.6020429527127436,0.6410304764198902,0
0.44319307209330794,0.4930536325908391,0.1445294690500769,0.8760705336176566,0.9473078641040906,0.9949635238596068,0.2955091488758964,-0.2977349736215982,0.22610709208265026,-0.5623738393049247,1
0.7906924785907113,0.6085733768791204,0.540353740093529,0.07746374545764792,0.5290618702364972,0.035455034240340404,0.7826435731358441,0.9659273825112871,0.7670252368898602,0.7980074516936897,1
0.4984475405714719,0.034393975210215255,0.9451181465069091,0.8763846812822795,0.45787889463801357,0.7851773663138775,0.2465628272624733,0.09943056593370062,0.6285680744010396,0.6155188090257557,0
0.0901346026916873,0.8424188033426245,0.47559535847823614,0.6376706604028202,0.12194982274456234,0.7888658360923904,0.47282077185031685,0.7638764061706945,0.08611953490267853,0.6720279722888487,1
0.9593071892576711,0.43250745350907516,0.7446435167333071,0.5871326973176425,1.0880911481814046,0.14696488667647822,0.979782959465739,0.47548021211804087,0.3621700765714931,0.39753552602860054,0
0.31206244203071426,0.27754225823665635,0.30928145374432436,0.2637767268366188,0.34777303407262405,0.7434931894074149,0.3070127512665041,-0.020602666058246358,0.8432569388821163,0.7938592189522276,2
0.9043419835697851,0.33150107558550995,0.8181892965885773,0.22698870502401358,0.9580928204455286,0.3545993892920245,0.7064104911253098,0.8231694033743334,0.6889743706645971,0.5173984441510012,0
0.5408439622364105,0.6722927610416718,0.7226962218922677,1.057622682044285,0.32909019741986334,0.29505574539066404,0.37582582027208206,0.5004245483985563,-0.11930860517496591,0.013524654986473678,3
0.34361409917217833,0.24603329476405716,0.2729873941582873,0.7901878660292816,0.21151399673134577,0.26583385066502285,0.9453935088814863,0.03899292044675461,0.7342338618343931,0.15263591415733122,3
0.9376063905815879,0.8456641117987171,0.38584306826270837,-0.1316876175156653,0.4153218299426171,0.10524098077853852,0.5184037826157792,1.1024006466922824,1.0285487416829686,0.5285043885772963,1
0.7197965799234841,1.0768278190812959,1.150143783839533,0.36505307860902614,0.42180872584736007,0.8221803911571194,0.42290512514103923,0.6208649549231953,0.5490429743509163,0.2553432251529908,0
0.11110610589215045,0.8543811766234986,0.8219681522756009,0.8104950446238631,0.5338527399850623,0.7774942657026357,0.15284730393341878,0.8334184066015803,0.5785660836676123,0.6042678055000458,3
0.5783743141548057,0.8264796994359072,1.070929690914855,0.9234676897613675,0.44921322544953324,0.2714145739159228,0.4166989648528219,0.6194439824614401,-0.09794791321983518,0.24779258997047302,3
0.3762272725396783,0.011688710495497273,0.6882105086215393,0.23765992479829545,0.9265245618747626,-0.008173627628263454,0.5966250971681238,0.8716467087406845,0.8402200729172155,0.10025847692332468,0
0.05404733139155961,0.20105412191774033,0.29511983651139845,0.6073268950652978,0.7979564054343683,0.3808182624036893,0.5558925374562907,0.7713034109699494,0.6472795431330864,0.2721146644324394,3
0.8607628086214986,0.3919381960955524,0.8073539419003685,0.5716228985947748,0.7109736695746602,0.27466997586737624,0.7326923189143484,0.9853878599478875,0.9857992662228467,0.5221245196987985,0
0.6429909245345816,0.457896843139354,0.5323144513650738,0.7222328728194563,0.3249896717288069,0.21635703241327306,0.16575289670005755,0.8929665989105254,0.5999402274057798,0.3525419917801765,2
0.04081654436419049,0.08563795148404293,0.6661105228153181,0.2685188361262908,0.0899201921020037,0.23723877839003574,0.5189208544716161,0.23101475514110267,0.6576357252405554,0.7503175414171902,0
1.122762334845916,0.8192076408244612,0.6818036732278789,-0.03262942970561811,0.2894904270202749,0.9398180296325106,0.8985581683008055,0.7296795808857139,0.4272475303125114,0.15808458336980163,1
0.41292745396140357,0.15894852188416903,0.7198992607135761,0.7976390264588168,0.8357176573500058,0.784419102600632,0.6483441253607117,0.3154923888889524,0.42958550297441167,0.8101954205307542,3
0.17673615774559148,0.5508100034251615,0.19665671037543533,-0.1910305024086988,0.8810005974998636,0.7616964088965504,0.09286977277431416,0.05052755370346183,0.5694320234150896,0.5737224471930602,2
0.4635525015951913,0.5399395355676933,0.23584108992057748,0.6514985361838577,0.78468134138993,0.9248201293191705,0.027982090585767273,0.6524165982677823,0.9777248013237634,0.1735930575528038,0
0.9272721571423508,0.5254481638138935,0.9768659649390105,0.3011874951635449,0.006590820172215017,0.5225065892238901,0.900220536145059,0.584786990179554,0.170013571607455,0.23755266502202182,0
0.19903491575899196,0.9439663641689773,0.5132271844003591,0.8786439500782824,0.533156867816069,0.12463937786008303,0.8561058964701058,0.0557138026320205,0.46189180706640315,0.8582015225252306,0
0.13110893722369965,0.8434051989138676,0.8195669656640078,0.7975792558308525,0.5192306650025978,0.7574911217845806,0.16948571619907815,0.8467151904535188,0.5818518417782521,0.6168315862787189,3
-0.10725652684430359,0.37291441452774976,0.3548056048472787,0.05774715505401132,0.8771370084286174,0.3769925918545671,0.04618628276597306,0.7745695249294198,0.873477458547959,0.5678119796735049,2
0.7341759177165655,0.5077057750961317,0.8982793822686448,0.4916286923256163,0.06353932258368887,0.27229460882194284,0.7201552879731434,0.6027568953076412,0.2706601990395895,0.2343359447214367,0
0.8930103959183235,0.37598541299775184,0.7981850869053728,0.6121492639007421,0.7078299330011828,0.2498630768457321,0.6755025489602974,0.9550718257475662,1.0353608453021603,0.4945681038495562,0
0.5356639370775444,1.003120540390877,1.206076379830209,0.9411470474316873,-0.29265143889111317,0.40150294318839264,0.7029718026966973,0.7578156947167788,0.5894137866662759,-0.042677363820945835,3
0.6031205521232187,0.5952664507179954,0.4779775079450279,0.05456651053092637,0.2462090757537737,-0.06723079122858416,0.8968843760067736,1.0012374935477337,0.8897002051822938,1.0292276533502764,1
0.5393647287320539,0.2127385978510485,0.046266979682818406,0.9742126968293193,0.46141303298467257,0.7699490107045326,0.9721305870358705,0.7304135195609721,0.5446243932981689,-0.03279402304297453,1
0.477482032243182,0.11919074939191936,0.7488623852579434,0.32393817692367366,0.5030147723726992,0.13066385237684833,0.012656609412786013,1.409751006395374,0.7022942403893915,0.4639107310300349,2
0.9635573237755861,0.7280362655647732,0.711334322841964,0.2001116219699928,0.5622133911431482,0.4719870868467536,0.5195981469817387,0.585696297503946,0.33669189185442483,0.6513285441846146,2
0.7748154705051397,0.1132788216151612,0.9608463036523239,0.23310476634759236,0.8314938782570155,0.7646503038362128,-0.10698838817604994,0.4001607733225297,1.0915061685850893,0.6326251873142557,1
0.11486500524272933,0.18301168355180586,0.27028935140532845,0.7408621851984866,0.8799251705857757,0.25908450721579085,0.4440024191467546,0.8272186052098454,0.6485695439695351,0.29970271775589324,3
0.14096964232007175,0.32796633131420955,0.406163136659603,0.3371243097043674,1.0765358326767256,0.5335073671077591,0.24457095202080043,0.9585381504606583,0.8570310915093212,0.6750907336210418,2
0.9100826720538782,0.43743657590697776,0.8206989284012816,0.15019705820247253,0.9613149170012683,0.36898304916476166,0.8084018848599567,0.8341748044817724,0.7563331080397794,0.5313886715376438,0
-0.053318836910926426,0.8177628012086018,0.3933544581477262,-0.11756476100385696,0.4429913494112664,0.602255375526983,0.293851643113436,0.662017181669041,0.7760916405691287,0.5810222045155419,1
0.8402328391595896,0.1292541006943866,0.6425086501127671,0.06874615536739644,0.5403820227706357,0.36890448459193254,0.22775792993024124,0.9259004443451762,0.9432586877867326,0.8290418908204096,2
0.42433103319481735,0.6475562392171712,0.8924721287761398,0.9635828888448528,0.19292869628821602,0.18540973364773697,0.2707844874592611,0.6742082076067907,0.17923345040886368,0.16621983667610196,3
0.13021518842420407,0.1867150928935411,0.30735117196518297,0.7363475430562332,0.8927389453162249,0.24603516637637557,0.45337800222241564,0.8236601293683429,0.6273510047311837,0.29310884098016154,3
0.7283428504083299,0.37444353866311025,0.3270702805459702,0.7879490806820164,0.3460616992677963,0.5339649543347476,1.2447223052410004,0.5776666360452828,1.2229541473823815,0.4235211067600803,0
0.12490999501967637,0.2822908230649072,1.2804373157070583,0.7443174816570168,0.6387241327369096,1.1112046878979003,-0.03987693851912488,1.21509174527922,0.9764537799754748,0.9583699291212135,0
0.9254319527784614,0.7725053915397795,0.47453665171178344,-0.06236739814924268,0.7062891586351874,-0.09323462391001942,0.9271250483525179,1.353644201438152,0.9439854496668796,1.1553740512093897,1
1.5414504689002855,0.9617763385084503,0.5586643709309365,0.4295653369859462,0.8410644986038875,0.7550947226198148,1.037390242843706,0.29353921421080004,-0.0818742879164816,-0.0732727920062502,1
-0.08565342975065787,0.9194653891755316,0.07120561808336788,0.2249113687885728,-0.09404350304083467,0.2068001497950387,0.33969596072194513,0.4766983938301141,1.3399742757988158,-0.2141826109514704,1
0.9386106786855886,0.38489374523543546,0.8428226705972702,0.1699538409097368,0.9831184612744123,0.39374046496581605,0.7436366715616958,0.8955868770049794,0.7114318366904502,0.6013985970386786,0
0.5737638166729457,0.5751580403784101,0.9007915671131,0.5373403021626549,0.5074274706927303,0.6451863510757339,0.569399651584928,0.5578937991327226,0.19464914230126007,0.43579714577150513,3
0.05354461498295967,0.684351392593832,1.1908902041073566,0.5312094419308407,0.35567233163474615,0.1357080646374569,0.9455956712500084,1.247487990871817,1.0505441423618782,-0.0634526942257472,3
0.9065502301859105,0.3927420224814095,0.8101003201802286,0.6104715748846798,0.6817040178075906,0.28304006396244674,0.7608813126384614,0.9741404622329698,0.9866389475996407,0.4937919578659188,0
0.431151474633384,0.044116003664670826,0.7394102017258197,0.15969435303768093,1.030336286927961,0.08570084531068509,0.6055990880095224,0.736338689292346,0.7573830543371375,0.17091898738722044,0
-0.009142965680352208,0.8444853424362241,0.8805727258142682,0.2796167785594609,0.016050743680045845,0.2693793938902972,0.7698139803920803,0.9704496432372722,0.7045899688657447,0.22287760795280237,3
0.044978986257318096,0.0894455027505138,0.1368786406935084,0.2684544207216174,0.9148786137151268,0.5344177532344024,0.12321047603171952,1.0329629970848684,0.840628434937118,0.5608718738955042,2
0.12673286228169714,0.7289629998249348,0.3150288873839241,0.4728677912653449,0.5117337836803549,0.8740699329188177,0.5382096290905122,0.06890666724454873,1.021236960518946,0.18169568510050724,0
0.8949049400635773,0.6824624203613013,0.4814054013496429,0.11195944192174287,0.3852146000473957,0.8279246881057919,0.711957462495327,0.5823594618908975,0.2347818440454871,0.08024900347588154,1
0.32296668383942106,0.8875342826116344,0.510899132337918,0.5651621398264155,0.36136300763822904,0.9394546107249779,0.4964015546798878,0.858807639607548,-0.04015278542759115,0.28977705452270297,3
0.9541060342100915,0.3979546312307203,0.5947750902547968,0.5072788832907531,0.41266334171974184,0.8991889291038319,0.7960039347288861,1.1022502663905667,1.2105161210254765,0.4699532620702712,0
0.6819318593178434,0.7853840182586885,0.09601981294784528,0.7143290428787857,0.5250784834490069,0.3959833585003557,0.5277368379301077,0.07361673171925516,0.4780419921418467,-0.01821674646582971,0
0.1993655204327323,1.0205972121162206,0.4096838078471621,0.9473295439327576,0.5871639613051729,0.3598161660672558,0.7851621805149395,-0.07194762630275042,0.4833246083449835,0.8018384252749853,0
0.10554882300430404,0.13943614459181128,0.3206077331459107,0.734956451094092,0.8902510834865215,0.2720755027282732,0.5132360601295307,0.7690858843663543,0.6322855100646552,0.3162355022484952,3
0.8240959472769341,0.20381829718995986,0.6032983384543282,0.10570924619070445,0.4963518120176579,0.38339925775376466,0.24792152490790417,0.9568948284187957,0.9282796355818421,0.8508827694335078,2
0.8406032975558723,0.14789459475125274,0.6793418444717655,0.10257795236071005,0.5167276845785768,0.34799127012988834,0.18957930013066018,0.9709141566982785,0.9119906825286865,0.8540409566259608,2
0.3926158882101497,0.8876534325983008,0.3586735922911913,0.8212387558086938,0.9299845226273162,0.20589160420291877,0.803452757227157,0.8877175850143928,0.30806521922779373,0.37474491994792863,2
0.2592222916789687,0.08962421201460277,0.8670159470682982,-0.10456756203174411,0.8931844221828764,0.015099374591053625,0.49805410238866377,0.8723270684985228,0.5658401090032383,0.3873186366142903,0
0.14293480003464687,0.1436931111021525,0.22460693097990614,0.652113643266445,0.7979894988602788,0.17418003446103092,0.4486672467884127,0.8494297765727524,0.5575371576244325,0.2649722655905057,3
-0.0030448596554670526,0.9824654677456577,0.7757686245826569,0.47209174399146203,0.4640829731188732,0.8862606177836146,0.22336197698113977,1.0103177356802198,-0.03998506462438,0.13800715416954243,3
0.0857135059554455,0.5877407278118003,0.7829913676300055,0.9178317898685989,0.3694209294261447,0.22017227493058014,1.140794013795486,-0.07099132096345495,0.4214107202343899,0.5432281391003261,0
0.5480753649299118,0.28305898300815846,0.09688727805107564,0.9995161895226383,0.4114044992598154,0.7671254758291767,0.9820526396582621,0.65052913446926,0.5271423786186071,-0.0004895205493366216,1
0.5602936610483404,0.707829794648067,0.08091109965512597,1.5349671876099964,0.5268944960434258,1.3524838823570682,1.5539121618709077,-0.059799017150333644,1.033406450908597,-0.001898897708983216,1
0.8005150281443405,0.43290495591878236,0.8807245555951934,0.3949314794143404,0.07470740013285739,0.36512064510878584,0.7793137513405306,0.6700398548554725,0.2626724272927478,0.180130868224428,0
0.5866827988992147,0.6208081812335428,1.0358225094731517,0.6036081033578591,0.5671909586103658,0.68155515312981,0.6024876880156946,0.4925156992337619,0.23203925782992035,0.45897728838794244,3
0.48365102903996104,0.5204687182429281,0.8777979937628743,0.38952716581357594,0.46301904593650434,0.715278515614739,0.684189212408585,0.4658835547568878,0.09493775272364532,0.4019033995672596,3
0.5429364911993232,0.27879681678506985,0.07008926692696364,0.9932930160511594,0.44361746005868674,0.7895771287808525,0.9829548697381119,0.6813348924588105,0.5309086315704543,0.013243366992181343,1
0.9814831359912036,0.4564346915863599,0.9858856977152605,0.7871739800885162,0.012152448827187773,0.34243197555388294,0.9365480280564811,0.25118806649327474,0.36921425565231103,-0.24129721152188371,0
-0.12050771537762303,0.5026042238334818,0.7658043826822392,0.1308641882571436,0.28598559176081395,0.2849184240845428,0.5356748013940972,0.8545606435240419,0.8685713354256619,0.07293324388232023,3
0.09685690666965648,0.2797383788179406,0.42278941384963176,0.17688003567946084,0.42917298934880566,0.8342692556057301,0.18245937820228303,-0.0386428743662305,0.6678685503248855,0.7275390050777779,2
0.9070876337591702,0.5638312488907602,0.6471297378069909,0.26292277094407246,0.5081441237408967,0.9200551509162417,0.4390588239185456,0.9555552969138579,0.22756798238830883,0.09748951040887414,1
0.14185015982831825,0.5875472315769996,0.37551384205125915,0.5199016365295657,0.41505667515119665,0.9074775265909919,0.4919362416548561,0.09833519750790999,0.8777450916738565,0.08519909297326796,0
0.9137625367163398,0.6313489603967058,0.46227366775206474,0.07914559972842206,0.12160605424238263,0.4577311266403977,1.0227757572830798,0.2582053418812166,0.7882163391614113,1.0379987803064017,2
0.26899866891220325,0.5412305443963091,0.16823103735713638,0.1877629842934168,0.039583232900730084,0.46586608984442285,0.6988103361396952,0.001666173872471921,1.1506148197813517,-0.005404055167941901,1
1.2585151041958214,0.7327689660850115,0.5826411477201346,0.07257717101186281,0.38096148061173113,0.5197316356716006,0.2710090117091425,0.8285914000108873,0.027743419691776433,-0.0865203762493838,1
0.8116112829331652,0.40861577211050104,0.10747528064471218,0.5855325186753285,0.8377332984013501,0.8650963307218101,-0.10005041832343953,0.7596171833314175,0.44602207252794973,0.71108796058728,0
0.2926056229727182,0.15091382632779166,0.6474821541224209,0.8850585139827806,0.7880345365413706,0.8518511042857083,0.5446663097204901,0.23880082348357146,0.54348797395236,0.7386433467118,3
0.18670716627525502,0.20347033616678736,0.8268630614039381,0.18869495549111467,0.7480549918555827,0.07024523892443771,0.7795041594068409,0.07067367668614577,0.2663474139799946,0.7777048678913802,0
0.8439071171939915,0.1491559185348753,0.6430925260289326,0.08817232403660025,0.52987169524064,0.3888039690400474,0.207618268096127,0.9321015035186544,0.9327520773037534,0.8199593791493645,2
0.4418049499647342,0.6073826550314012,0.9226691878038427,0.4563534053765257,0.38888362496467493,0.5348613354169635,0.6793760117368868,0.4648527784759589,0.2512546212763433,0.31101466791476984,3
0.7254595296093234,0.8743891184097436,1.2646073908833029,0.4470078939760529,0.719806998590758,0.5494438470541425,0.6037828465267805,0.6053086331484623,0.3676585699751228,0.7639656416747874,3
0.842503491460283,0.35100360537066283,0.7697887353999289,0.6034925381258847,0.725824948853156,0.27481271162771315,0.7682043312766623,0.956402158051169,0.962900620650181,0.5263162480290278,0
0.04855196236321325,0.3437294438783135,0.31616797479542247,0.3383912501412454,0.9647907017097089,0.48623809186479067,0.18573545586536871,0.9631188564148511,0.920027102504769,0.5349863196638242,2
0.8215756611221755,0.43102954519552916,0.8244903312902689,0.562521170642324,0.7611978622656921,0.2810522468876622,0.6721491074583251,1.0066067453417988,0.92931742414371,0.5752262360844168,0
0.3839600768420617,0.030410010629689066,0.9232266061820067,0.7613840897640618,0.3971306810281738,0.8040890262565479,0.3448805838800053,0.06294611996950689,0.7340365594700855,0.7380546942335174,0
1.2723576017061777,-0.34415791181283983,0.7040047618119468,0.6588703089752055,0.8198181119297484,1.0039980382176892,0.9123107701107921,1.4603969676669637,1.1486428892865788,0.40360850530445896,0
0.5418745920038728,0.7992783597636566,0.5275211755503169,0.34906138647811513,0.42844786618646546,0.7927001129797022,0.16538791527103888,0.8102252308169805,0.3518235151120292,0.40033023725494793,2
0.10628689000833685,0.8434274187828933,0.8180864021621576,0.8064935090307712,0.5434138228874422,0.7832938418322668,0.1511532483063071,0.849799860109461,0.584784234583015,0.5915297103388915,3
0.40692028873249353,0.11400420198298945,0.6782051665965118,0.7157278867973401,0.21083897473022278,0.4390305282065038,0.4374572742389413,0.5285248427931383,0.18609404280314967,0.8134380750820258,3
0.737430663207542,0.44235451862661573,0.6289492424628953,0.25861850107589573,0.14917624853401465,0.5372809516392589,0.9486565451860233,0.411692862749908,0.7555739805761064,0.8981059683876271,2
-0.17893883233788158,0.21997853322376376,0.42907099394616904,0.7797484919493871,-0.4922331511828797,0.48848110416764123,0.7238005553967448,0.4096099224143987,0.07907069686821305,1.1074837035361138,1
0.8666476890134788,0.3873910834366439,0.8056342826607185,0.5670351284718774,0.7169067800294852,0.27497849641754146,0.7304673309993304,0.9774735284868457,0.9923396272386849,0.5199172729477308,0
1.4009539844091112,1.0526932159843252,0.09440117762568301,0.656603183792125,-0.19422993495304935,1.140229099230405,0.9182195026205247,0.8164917783849261,0.9915982348941562,0.7170844591933606,2
-0.0900660667713451,1.315829809940745,0.7114285835310772,0.23291701649474014,0.35209406224438455,0.6774926808165326,0.8062263418271371,0.18386144055901146,0.5791758661099944,0.5012492372902828,1
0.5340328867127403,0.8081938026107689,0.5351948824682338,0.35760103886639416,0.4344658871666432,0.7919484525863784,0.16585086378115507,0.8113336900726392,0.3523287331497191,0.39232326706764914,2
-0.44301926023255395,1.2671171574751767,0.5977961897337574,-0.014452601285303207,1.219284071303721,-0.016888761312581047,0.22240309234686595,0.956288328361785,0.8987880088237218,-0.051233062521994555,2
0.5164257828472403,0.4196574188978948,0.24454900917092381,0.008491698656714508,0.2123010759296296,0.6815425930046499,0.40434254847337514,0.5879719144618457,1.309602162870012,0.7989270286680019,2
0.8459781650111776,0.14840224458269052,0.6415462087226949,0.0887240314783629,0.528714633598237,0.3872074325311948,0.20680364652033412,0.9318085997825527,0.9347682838331618,0.8205684335558083,2
0.8988758497796983,0.30050166148671853,0.4161108968741582,0.9551346585977691,0.665241507991372,0.5063167540165626,0.9921304280515382,0.6949072199907684,0.8410590673892309,0.4059821529378522,0
0.8532246359312479,0.8217065786538313,0.8663265841190168,0.6418321135946166,0.6086467454214523,0.8117719131850082,0.11108940723506017,0.7497549781329705,0.6746317910220015,0.5010628230839844,0
0.10130250510617984,0.7131719644189333,0.786542108865632,0.2452433239846033,0.02768750569659887,0.4294094034760369,0.8067264099039273,0.7576351538289363,0.9407894809704085,0.16753695814331,3
0.5582420675314239,0.28021286758333974,0.0765243062597518,0.9863969467545788,0.4227777021561545,0.7871719513690113,0.9997478225921633,0.6677042425526295,0.519102516415077,0.02375003740951961,1
-0.12636060486765577,-0.058558757751342616,0.9123131039931186,0.5175767833943183,0.49759269057261096,0.5434743983964525,0.6348299794169019,0.19080660032670715,-0.06906576780351087,-0.4261863025347644,0
0.07110356048866652,0.45451316559186117,0.13509143449457478,0.2744540952904042,0.017116090649854115,0.574450737358613,0.6716594504870461,0.1970769644240577,1.012856323452566,0.03775774181669055,1
0.5932277330809439,0.623018069834273,0.6703950538250365,0.6678285358512956,0.8366645168159557,0.9219300190171128,-0.15241687474473742,0.953977327121766,0.7924283765120677,1.1436840452630483,1
0.8485649338644801,0.18446026664093954,0.46145808914690334,0.5959031602815641,0.10082065074540242,0.15128659700339184,0.2392545180369963,0.9646406831549914,0.5475884952817605,0.678152898920644,2
0.8532799547350968,0.2107782717107245,0.6206245721900103,0.08149880352370581,0.4977500974760567,0.367215156235342,0.14420477231399903,0.9030258793488396,0.9378357539611322,0.754982213805409,2
1.1488250105679403,1.2436829246328747,1.0211530510076856,0.13540529735910012,0.302515447866204,0.7032619810145914,0.8980329398710271,-0.5050788084780268,0.9374955219175811,1.0873843283386377,1
-0.4621512286672411,0.7656960232175871,0.17283549311246926,0.06033000870644145,-0.10106762284261014,1.047413174952704,0.5479100106843016,0.8741164903597107,0.5790292929444087,0.22784188425151594,3
0.004324950791600721,0.18078809172666918,0.6142059017600611,0.273524725176489,0.010103737986204252,0.17432636498545984,0.5274460429212793,0.15713885920317064,0.7460413556786448,0.7263045599571993,0
0.025631808294192177,0.9487960711527768,0.6525578783442262,0.17912538992293586,-0.5332213739410568,0.6649953797746725,0.9081659969193259,-0.2707883318067955,1.05804428660581,0.4341596149946312,1
0.3027929160123335,0.8432838775640491,0.37835892778077534,0.7773779320305758,0.8467957253694592,0.23887098906142368,0.8505622942231491,0.9464584776650403,0.2389461265154021,0.4020711808085186,2
1.0517159794355346,-0.260864698216927,0.8738911355638668,0.23931569497955052,0.18436652318556362,0.6741636347350166,0.44026063552671013,0.9664331846241465,0.022972853623484613,0.7684174751095779,0
0.3184759003146872,0.4557707587081967,0.3764819084228662,0.6153375920517168,0.8872125437952375,1.0614665036006297,-0.07720005777374574,0.7774000528252877,0.8817452703010625,0.31206962530581805,0
0.11773297853486989,0.8495938727120398,0.8112727972734883,0.8174789994650359,0.5257715533915678,0.7824436718699883,0.1547982448837381,0.8399915525042165,0.5824045417109026,0.606755702072608,3
-0.09763565553080927,1.2733569787826426,0.8990686869186326,-0.11034452815620935,0.39683180419240127,0.5335124733577584,0.8695168271494645,0.19788698556988496,0.7482544824796864,0.4654895182043419,1
0.45794767840787554,0.2322638516214422,0.3443543172365303,0.6946567313844985,0.252332438023064,0.31425975118971616,0.9668467386752058,0.005656237786195114,0.8028772186775045,0.22966767471285082,3
0.864718274324874,0.33558531118620016,0.18712871810950746,0.5787343145347824,0.45000829174087725,1.1450827922452045,0.875558643886689,0.5724876824763052,0.3928837594208197,0.6102311864991697,1
0.3448124504704201,0.8760037649621647,0.667183998998406,0.8269821697234667,0.5045555426599049,0.4966415245434835,0.4898504918642714,0.35870300978049413,0.23906666206854166,0.15893614381593194,1
0.5193980451273504,0.2507504403949474,0.09181354712167848,1.0020498243758011,0.4086006774856995,0.7939779837976748,1.0126128357590711,0.6888161888200576,0.48664454099284093,0.024347546401578848,1
0.04456312374098051,0.5452127581608098,0.3045905703867516,0.14282482183975795,0.9357365130651519,0.47537538582283034,0.9972784545995621,0.3467074097139387,0.27569177869569106,0.6585226128516565,2
0.8941669839501964,0.16591103182707334,-0.06476287193940389,0.04426247434653303,0.9240038789005836,1.372597731325715,0.7023116073391467,0.4373644017117264,0.6885464795146925,0.5668299089009832,1
0.17234335586704183,0.20539073712861305,0.8250162136737913,0.18990818158602954,0.7642659639902911,0.08161727041637484,0.776156701631522,0.08100849965006389,0.28081162090120854,0.7675780300912833,0
0.39392573542403875,0.28645304201890376,0.6296832255118984,0.8713431311197789,0.6903850844168199,0.9663003252514218,0.6949510376371812,0.2591857671589154,0.4181440307177719,0.6864668516500299,3
0.27002701943581037,0.9315743224686855,0.4957215778394277,0.8402596695331194,0.5961341075999624,0.1661041076192116,0.7664972935388101,0.12939955228194322,0.45342586421169845,0.9143299541056326,0
0.3683274007302784,0.047845792983609484,0.6719925801410023,0.2130099497854508,0.9897165947764881,0.02749421343350096,0.6121934773686127,0.8753529431589075,0.8126284482296005,0.17183105949216348,0
-0.05223232024721214,1.254161477759495,0.04861982289404798,0.8532564653519994,0.7720953046077776,0.0274594371205501,0.9744784265884329,1.5679706971148142,-0.446917331141089,0.8317760647137998,0
0.9350160284954753,0.3927027965358651,0.685554095359212,0.3336748984423417,0.8222326907711414,0.5366913225513086,0.887414095771559,1.0990308800305715,0.8384013167970339,0.6103105317898165,0
0.32195634424139485,0.3511028427004384,0.3498108678180156,0.2249409317313813,0.5674315907523844,0.8086903698570607,0.3130238285327706,0.13147987773121383,0.7856454753556319,0.6692815224788554,2
0.32021387663461237,0.19262614058280902,0.736666678269631,0.824245702819856,0.8383508857043348,0.8489409056249104,0.6066072671774593,0.14524846202443487,0.5548711700940719,0.6942083609703503,3
0.03242551465259251,0.9022727567927168,0.908809828125494,0.3364107031309203,0.07982932074282585,0.34779530680554405,0.8004676411333871,0.9744672151754759,0.7390574077315588,0.1390353412555473,3
0.014834051023418449,0.14634385531361832,1.335985711762315,0.9078613091439935,0.6162159654524211,0.3535398870556373,-0.1367365281694668,0.9420356755346103,0.5274036979401306,-0.06201819248048235,3
0.7799665732510548,0.6241229021344543,0.5091236338506235,0.05074676261044155,0.53556469904615,0.015599329431782822,0.8143521577097177,0.9924375256939233,0.7901121784735023,0.7925563681512086,1
0.0354379579071738,0.28999556202100324,0.43121059965712877,1.2112096017075782,1.0942026980087547,0.9720758136274741,0.18852263859252966,0.32920155108870885,0.42241601174115856,0.5590324353722824,3
0.11241495613173279,0.19699633155445348,0.29111669449055644,0.7252510243299201,0.8895569337549547,0.24549461038457832,0.42033841207015116,0.8424581482456829,0.6237228368856461,0.30174627735631904,3
0.30055148303457774,0.13565930433721127,0.6500415782641572,0.872600142893069,0.7726624136588668,0.8508548705470051,0.5376377742124152,0.21151476449977924,0.5274742188311793,0.7373749986444853,3
0.7574379482598881,0.7088686437728877,0.7661815404898332,0.587161986634575,0.5451665242915037,0.8024437705604225,0.18376269614675558,0.8839769702801664,0.5377776761695123,0.6784509184655542,0
0.4314291705826696,0.22294786340010542,0.27359823516981796,0.7277905096511502,0.2535695871382755,0.2996588560575075,0.9537288404458273,0.03151800774383515,0.7918474779386856,0.17470651674522497,3
0.8560720861916946,0.5674768931779289,0.6977591847540544,0.22147227726698354,0.6054283386396423,0.8825060659519971,0.517650463543534,0.9709703076045978,0.23686323126614292,0.18067915278131216,1
0.4910462124133386,0.2476848667222227,0.029558205646404385,0.9775916474239884,0.46133679381091364,0.7181973571689559,0.9718340629873612,0.6321097918681192,0.4795582361372881,0.06433822518184965,1
0.29887641023135936,0.9163655645716058,0.4666360492605189,0.47255414994726724,0.08360103866750102,0.9058829623719314,0.4224950257184883,0.6277662785706334,0.03483335652250183,0.8111237330610429,1
0.4832605596202536,0.04769607548555685,0.946330196259409,0.8722405569336581,0.4487097677659345,0.7644191779183226,0.24486957925560388,0.10051991145606914,0.6150578065453689,0.6228573829802899,0
0.9932925374950196,0.3018763060159624,0.4589006471341318,1.0137500954661542,0.6856842830963461,0.588532794019861,0.9637927728519335,0.5793605492840141,0.8631913512419602,0.3751826703793891,0
0.9205252121262049,0.7438404005398915,0.8529816383419968,0.6599621715634523,0.6930909035877353,0.7913180578782688,0.019921157598302056,0.8638414466074348,0.5706864197995143,0.580607270400566,0
0.4311158228691307,0.7035691073236965,0.08742259780444639,-0.08852807139692681,0.4505766286855588,1.1600555678361197,0.651495650106648,0.44760018977706384,1.0105081818435546,0.8215812262855023,1
0.11041114365164739,0.8559753417283985,0.820147404177643,0.8102884220387195,0.532370651241531,0.7792295307084106,0.1551924242921639,0.8354148055925052,0.5785721516105315,0.6066493592109855,3
0.7844251359154412,0.5091118637229559,0.8711728603157814,0.22470555160994474,0.5396281860333954,0.7837159007711405,0.23087431868567748,0.771218574456922,1.0426608392886807,0.8487420714307641,1
0.5280290228274163,0.7826477148260587,0.6665378371205648,0.40017962047181677,0.2846787593769371,0.5306123394419748,0.7827489140252776,0.07228454110396315,0.5168198074718742,1.1854246679208191,2
1.119658277316126,0.4559912014143999,1.150704552685248,0.3481735219646824,0.8516660210616915,0.6491223860968977,0.31046908751004343,0.707887263309814,0.6232040484122591,0.9684956148425529,1
1.113418655321217,0.2018768966284161,0.7638797373700601,0.0688705256709548,1.1834047106443828,0.5013007174611906,0.8244997255335252,0.7734264311274763,0.5560488148338248,0.5644170101534738,0
0.8573702160400273,0.39631865612983797,0.7912000767747478,0.559357522400561,0.7019530684401178,0.30015797724390236,0.716993649963672,0.9617311875716592,0.9677008019100707,0.5195219937538779,0
0.0020981341171759336,0.1032530965306255,0.6265855967291466,0.26351749845066064,0.034051555784264644,0.21954495768661014,0.5787084270658016,0.2313913486312259,0.6820941071906454,0.7732617226693977,0
0.8029483289402896,0.7518219611303587,0.3220038332644007,0.10116516770334522,0.655680938383886,-0.10830166252347698,0.8194874758529161,0.8868289342706,0.9518414580853354,0.6335383582765097,1
0.5385421329672146,0.797983602525586,0.5435243695269938,0.3511216487317852,0.4493260636028384,0.8012743538429413,0.1569657867510985,0.8241548097533121,0.33965396539322207,0.3834449395551383,2
0.4638568205552314,0.0016418438413525263,0.7253704674297929,0.26558308238702644,1.1028224121522407,-0.02736088678205115,0.8280132714597794,0.8161249557401667,0.8095601495399056,0.3763359807058187,0
0.833222005251036,0.15941372399695455,0.6316447270366735,0.09325835473152205,0.5498443675647176,0.377061440693448,0.21847342831214578,0.9427700381984656,0.9311432789596197,0.79968835913937,2
0.4938469771218024,0.014398391151731776,0.9952051258893531,0.8488986529789562,0.4679647420827314,0.7237220337011533,0.2567397426241954,0.12573627224350295,0.5921434644005562,0.5900463832838893,0
0.8661232376827325,0.8346370681680838,0.9095127110642613,0.6779981143359337,0.7264947226651681,0.8835186814327974,-0.0033424256972093003,0.8333400981777299,0.7504468600194247,0.392426994868683,0
0.7345726191808932,0.24322727556899346,0.9453552979184482,0.4447572636070068,0.07077682110922992,0.1942005329329629,0.6399265051531798,0.556693451436219,0.32627610048324873,0.33268363861418193,0
0.9489189427331935,0.6569214238522111,0.8221946149616735,0.37852497859758255,0.6223323280879571,0.5458695861070313,0.4513055787773787,0.4968681073919349,0.3876365909063355,0.6925023248704059,2
0.5322783848908833,0.6279888313127086,0.26775000904188284,0.6581437043009795,0.7865637185624177,0.9326757576995272,-0.026055162514835237,0.7060257164610497,0.9290076555406733,0.13799734185721196,0
0.9323631529686199,0.6148645664315618,0.8708737109237444,0.3117106702937679,0.6538675971668525,0.522382797039434,0.4189684942694857,0.4547123770709739,0.3461936746600457,0.6264245476696415,2
0.5216606595589142,0.7948954671531392,0.5403685412185746,0.36959782214545533,0.4402824037081517,0.7989849532996917,0.16583620949098016,0.8016793468147769,0.355066984259551,0.3792369320533354,2
0.4430064696877518,0.6567763925254626,0.8932226104642642,0.9729160584184605,-0.05593826957180614,0.23820777495355847,0.24810303927181182,0.9006768687074882,0.08838230699329522,0.09593935849536028,3
0.9005444447811286,0.7213730467350313,0.4899834113149767,0.04312147662822719,0.4176708215981574,0.8200899603969608,0.6202851715668519,0.5740708974498306,0.22006050252692136,0.14093822003040418,1
1.0138772373469132,0.2928213687538442,0.7238190873417938,0.24108048412109964,0.9179122602403589,0.41500864520276426,0.6339734873458621,1.0067085686133852,0.5752674255454314,0.565479520907853,0
0.7028574343123885,0.4105393634793313,-0.03739561631772188,0.8949056721199417,0.2840240292557464,1.1215928887918047,0.7192955916269702,0.5190782229581676,0.6869299728149902,0.5135200737195778,1
0.28713671328282353,0.16992408639173243,0.6721018293202233,0.8235598755061311,0.7770376706031402,0.8351026690345257,0.5340054818935223,0.2404240727659605,0.4930672239880245,0.7384770126394661,3
0.5474001660675828,0.271907908945061,0.08693674205824768,0.9795487753614569,0.4282964481528497,0.7760085513079057,0.9886299558518953,0.6705573455194825,0.5123229736121111,0.01449454320558442,1
0.13032764021390456,0.8725585585779339,0.8130383394148255,0.7976125973721085,0.520321879451343,0.7727467667648847,0.1501022220834212,0.8641943761231501,0.5952835070225981,0.6180731353221848,3
0.38900222798323575,0.6372068756719336,0.801739331414586,0.9124592366567351,0.26406098664429783,0.24256005409796408,0.3302414217564807,0.7073304226411796,0.12112068479437575,0.26058236678760976,3
0.7550817945756731,0.6412105124661188,0.6138249349892462,-0.02493382317640136,0.9582177500862373,0.25778214171426883,1.400589424729396,1.2154582506415885,0.03254596918704572,0.16427558711823817,1
1.0336776515070225,0.4697790043115482,0.4449280031559134,1.155135101473709,0.7740156280924031,0.6815076383023853,1.0998838830854465,0.5898981878363241,0.935303472186827,0.4155263250508231,0
0.06382429762891839,0.6470630217191312,0.5472547155082401,-0.02815768163343707,-0.48355051768924695,0.6002187481364251,0.44741418154386065,-0.06835366900078377,0.9958076260514306,0.6662788521932086,0
-0.1668350793201542,0.7247449093479421,0.734189973370484,0.6324110884096896,0.06471849297396533,0.36549634420183996,1.0121649055607296,0.8220663111394222,0.6165137369603778,0.08565692274764336,3
0.6226299782815577,0.7311612542107426,0.9830810090738302,0.7035612223104444,-0.18554436130430757,0.5465093746062796,1.0589163886082489,0.5218746191765282,-0.0133754664672035,0.27118483096845075,0
0.8207205828223361,0.188363050424442,0.6477142105998641,0.11351585539978018,0.5206840238504211,0.32730892684171453,0.23244455936803987,0.9948022394855409,0.9878840827218753,0.8885737827485632,2
0.9106505455084558,0.2610465404773228,0.9474704854005985,0.4331630316051652,0.5216267455599847,0.6423544513154067,0.2084416325629012,0.695001339825708,0.8635791340028284,0.8269112253907935,1
0.8520093306760946,0.8237932058685492,0.8713345885238376,0.6453666410775081,0.6048668929167874,0.8174528929288009,0.11775234911223248,0.758321991478514,0.6753175202751531,0.49953513799233984,0
0.05601595282614577,0.7019980099170863,0.018632640245502676,0.3199796633917158,0.2044654429773367,0.6586016903780011,0.5900504975927615,0.2802620341348959,0.8594544085551379,-0.06475046811255107,1
0.5283023621054715,0.2497020118911737,0.09099693913687645,0.9652524001649544,0.4322734091364391,0.7662601916348822,0.9964694859857626,0.6446833073618385,0.5120129334054532,0.006384035192799863,1
0.3188510635814571,0.7624577212050716,0.8161152434999293,0.47340582435382583,0.6426009022977421,0.538329716325471,-0.46393376130788433,0.9670965045876683,-0.13715467241295165,0.5361921024818598,2
0.13615938736294136,0.2832617439501872,0.7271443964901917,0.6533131688545435,0.2561777425445595,0.18758145651131267,0.34680259302021116,0.5752071055084724,0.6488309093335648,0.9532127472298862,0
0.2089716188217133,0.5460778670128339,1.8405598316770244e-05,0.26489233815154556,0.10407244996057785,0.5396091362663895,0.633381514895853,0.21931257174313118,1.0034825241178813,0.12313195980924403,1
0.2177249950841963,0.22647100859250352,0.8333930174099085,0.1868499693054037,0.7362533443341758,0.12311500911958878,0.7144926980353971,0.021549870585664495,0.31849373688598526,0.7974801011914304,0
0.8065529804510366,0.44887754553408576,1.1008434310088573,0.8730836592976893,0.4378839258679728,0.5951018207858196,0.6903938150397844,0.4246717471994738,-0.19002081187880077,0.3241140890047383,3
0.8124076852686292,0.5402292563157667,0.9157087548803169,0.5412384533426475,-0.07136809089655466,0.17501055946642763,0.9566056384594828,0.5357531842880134,0.2705957335188206,0.07415941675039768,0
0.02488808035869342,0.4888942968067622,0.2165498765409327,0.7944241921121904,0.19936373038314031,0.2908470595299552,0.2865847682481873,0.0903126565016798,0.6454901996632655,0.9200688427256624,1
0.9277360058229069,0.4345322239247815,0.7924029543050749,0.1943618641746223,0.9575740921229003,0.38535873761093636,0.7187039402990807,0.8504558130079343,0.683830160372951,0.5925642077712518,0
1.0266350750438287,0.28289645985047207,0.8194927150535846,0.06677087448777778,0.8999424028123651,0.5347529928235883,0.6731277241885407,0.9322769525128903,0.6782529444859834,0.48668015198535564,0
0.06418735579703116,0.0795274156898974,0.682188139363088,0.2070871889837241,-0.046170709484756656,0.21568820391166127,0.5022419923326731,0.2780213033852115,0.7640855015686364,0.7614645569894354,0
0.3113777527920066,0.11457273093696937,0.6855263408799144,0.1229201744034356,0.9808879053701121,0.039335057225156574,0.6605628731757691,0.9158456282695022,0.6926028329718934,0.03677142969046723,0
0.2843930555079162,0.9503140324719803,0.24321756128951644,0.7435268243134934,0.8207317830797356,0.2346926371622839,0.9587996304767794,1.110827925681027,0.09813751776603108,0.2535597637478362,2
0.8570591936823735,0.8373843151581754,0.9799038510098111,0.5957841571691936,0.7071327135840701,0.8003075654048822,0.19828436263576754,0.7074937975521001,0.5709976470817397,0.483774954926987,0
0.8939508059482772,0.8466097702526947,0.8790532610164452,0.6653505658655015,0.5947018611920074,0.8600190986505338,0.10732512876498017,0.7369261620861003,0.672296371386605,0.5312793753819193,0
0.8572075426768978,0.3762456743137314,0.8072516536235848,0.5606564970020378,0.7099665792734601,0.2829958787673723,0.7379427668970242,0.9788514977289948,0.986508457484733,0.5193694653819785,0
-0.23888147881477656,1.1436633139503396,0.7702945779797917,0.26418217103612074,0.5392934495212185,0.625004930204548,1.050925193432542,1.002681939766034,0.6637323781135009,-0.18254104104156638,3
0.8371789943828537,0.4326821691741365,0.7572887884203308,0.09286307192158419,0.21138397766942377,0.34210367925123525,0.9547805440256104,0.5445925627697042,0.7612589598382002,0.9387583546305764,2
0.6245544091060043,0.6405051780971472,0.815947702830923,0.5199042754391056,0.527041831382033,0.7353458244552397,0.5762752106944976,0.6055876355998707,0.2457982433947853,0.34018716351653566,3
0.1407006437569732,0.4829766896993022,0.3107163340840681,0.9571176336675913,0.581957178777086,0.7753827474691657,0.3811757303298509,0.0993517759635951,0.1878043474425619,0.07603630847112654,1
0.1507912824135677,0.8904735563175296,1.0348678510992793,0.27877333047251135,-0.043417217430715305,0.4059261286291939,0.7302521791518891,1.0800775756865004,0.8208374828069745,0.238758297694245,3
0.19768358602580777,0.05615479752307197,0.77231579278789,0.9851098970234504,0.7357008557777645,0.9886632189456709,0.6711785038368224,0.16592651755960458,0.6409365354652289,0.661831256007537,3
0.4735871680584369,0.5652558116139916,1.2385607484768368,0.8392371771540763,0.6307953779384742,0.7122227690455244,0.5124966990137586,0.24292786141815803,0.45218334898438284,0.5321591174205775,3
0.24268923607918685,0.9380965270842296,0.4546538056521653,0.9322071879268171,0.564116628940776,0.19854688724680794,0.8569144637513549,0.06931600443319015,0.44121510899914945,0.7971118812537187,0
0.8396614041626225,0.2884741132203911,0.6353840185406926,0.6092149179216171,0.18985703030818757,0.0381363939012969,0.22999648786570856,0.9537425659275222,0.506592671247864,0.5435084545415986,2
0.5871745742781538,0.21420980649285573,0.9142678201331604,0.9609656351721569,0.5174110976406177,0.7177694705648059,0.24030860239511348,0.23076558780529496,0.6707538298849248,0.6116154102113003,0
0.3568169983529875,0.04962974494461426,0.8851155883457091,0.4591465620266746,0.11317624063854886,0.10364027471421419,0.24460341082844028,0.4016329381437871,0.6588945682593517,0.9400590334316328,0
0.1323431021701175,1.042021103001738,0.24426907303964496,1.1960677114225042,-0.08805366692117253,0.08462328601262803,0.19161590472058276,0.07040080238636146,0.6730366530015981,0.90553464991697,1
0.2555333526923158,0.8312658136567054,1.129255050418896,0.15561386839003263,0.2285484907334597,0.2536548449357149,0.7666720526026533,0.93758718739518,0.7892346682850255,0.10285115016593578,3
0.3068752039343302,0.13273924526247086,0.6551369461828211,0.859204439955625,0.768698001417465,0.8601910464845525,0.5494645581654084,0.22323586130529452,0.5194869488226788,0.7412714138809025,3
0.013514798456541298,0.1329781785572071,0.6294420719090615,0.272911060732612,0.016690260098185795,0.24740516454957734,0.5583783662941049,0.23071122972613695,0.7015291597042496,0.7582986016627336,0
0.8172721111386495,1.0005367854719245,0.9347941882542542,0.6275755602534494,0.7168386238576437,0.999326584051458,0.23040673794725175,0.8783490146207904,0.5811790224042,0.7137515527058377,0
0.26572145654296603,0.28182717930973733,0.5070525110872989,0.7180379206763966,0.005252736980322428,0.5377950397038271,0.3921163911992354,0.6177123377769211,0.15785952301013392,0.7978930628458715,3
0.0619659000752389,0.47717595155536674,0.14084429456951386,0.2692638966699416,0.14665383064205978,0.5355262773002408,0.8317498082690872,0.11785370352333072,1.1055450585306665,0.060935169957265514,1
0.1407168850921505,0.07502164762101256,0.6938448088847211,0.7803958315214032,0.5999238197282538,0.7092612638132465,0.49191905951327164,-0.010161718516058293,0.7301647821743137,0.7637299449102329,3
0.1766598805126725,0.6022232158279448,0.03035161543664599,0.2387150084528576,0.08218334361460797,0.5262412093064335,0.6805036392029721,0.15618442221876014,0.972343855233819,0.03881889346189086,1
0.10269205547221205,0.6192590068170415,0.33720582581412184,0.45419877704081335,0.11549693794176191,0.747361982999765,1.045570325711706,0.01992409009454854,1.0577184097505234,0.05213807796771208,1
-0.06290913704318798,0.46185007267917855,0.21531130294872017,0.26681634136819293,0.876367256825348,0.4454915124975947,0.2689996125234488,0.9211758642700489,0.6520980841629352,0.44602522581657605,2
0.8435479165833162,0.20168964600703204,0.5249223054057396,0.5501301141691338,0.14403551589518515,0.12593653792565512,0.2548653855438772,0.9136190272084687,0.5399113730264621,0.6075947513183437,2
0.8067167029640329,0.39430490114539407,0.8709706430162536,0.38923036275389,0.1078408027049828,0.39246581519851514,0.8013131071142452,0.6373991745217581,0.258359324260418,0.1664606609659185,0
0.41998267928342853,0.6483117332073713,0.8249342424789521,1.0093830642287245,0.40910573932289895,0.006137640788755755,0.4800980301922374,0.6982691600651417,0.19383340625124035,0.03877491701196459,3
0.908467483698498,0.5318513602046593,0.9601978253468202,0.34347104344355694,0.5832273831459097,0.6881813091046274,0.41300231589837594,0.42498425437077303,0.42404915254808373,0.7036644183974635,2
0.3381197264140493,0.8963406764363965,0.38792472613110873,0.8430486716190612,0.842303249023709,0.25073461321681334,0.8798869161568537,0.9489323087237616,0.24593481638787454,0.4583898954402693,2
1.166787693952055,0.8643741948076428,0.8945604649022758,0.2332583898850677,0.5111293427143725,0.36767436409307963,0.3353480469144794,0.5842059191768761,0.13353885015037328,0.5108221368150085,2
0.7907558313641813,0.25397490619253393,0.5192489970198756,0.5319196307159217,0.21628723535324962,0.18809328618549964,0.27975038963046556,0.8938754788467778,0.49211612725243953,0.6359348840136301,2
0.7795577535158539,0.3780322592376942,1.0005787340680978,0.3458942180913916,0.2063499335117977,0.35621300574781517,0.8174503388918403,0.5636194000055369,0.21842692265724106,0.08361244047924961,0
0.7137139747218452,0.7948696330174114,-0.5807401858628172,1.7391210649540503,0.6113094029046121,1.78928619350902,1.5097976685157743,1.2847532215780448,1.0286283737201125,0.019756043935756584,1
0.8498153048547292,0.05051686711349221,0.5879801993965428,0.6540453068748051,0.01807321797850997,0.18108065388719685,0.09393817491036668,0.89589105082485,0.40987102258182156,0.8088875326679164,2
0.18561950326377533,0.07772978085166432,1.4316298654894002,0.36441699632527913,-0.317630171898287,1.2414162833019082,0.029495647143662235,0.056930352364032724,0.38306672039527967,0.728154980710919,3
0.6516198159925579,0.02847935231346943,0.5719762932584638,0.5395912414770971,0.6101370216436682,0.618686247553683,0.04013179901545608,0.6100975257696696,0.45098876828119383,0.7041417461130872,0
0.7698230023229008,0.6124614019518494,-0.027757711653185912,0.8375297309657285,0.9898126985182356,0.2676713202491916,1.327024179399738,0.5554766970521177,0.9636873937955917,0.13784070099294243,0
0.7775318399674157,0.48099546185887193,0.6479920722219765,0.6409044354661233,-0.014565663449086441,0.2988181970051562,1.045299768875354,0.8165808989838452,0.39999704460753804,0.3273136190308913,0
0.5195088691898156,0.32144470706612266,0.04471665276654858,0.9349622308706445,0.3822094004250586,0.7927735140037658,1.0023427731436687,0.720467513284142,0.5521491823866672,-0.016803780651510607,1
0.8203765374960907,0.2125598701520676,0.5390085936737972,0.4295256802338875,0.11874873179896961,0.5789973325634376,0.6241919737525193,0.34577463811225406,0.6461099015445484,1.2518879168964925,2
0.6146696792624413,0.18840910818074974,0.03788191932082723,1.031959508216564,0.49804462542216155,0.8106279243544572,0.9251651446577729,0.7219222296446279,0.5005202288066084,-0.059024711958376094,1
0.4343944289955802,0.16058816543790605,0.25992735698503683,0.7755515430913751,0.2782103814301567,0.3366404833329641,0.9809647549832342,0.02148732235157479,0.7700327129586979,0.2218795466244379,3
0.4861294875797924,0.40102084922628334,-0.02073545268838245,0.036303796703143404,0.040443163090575725,0.7203261278911102,0.6617956520532896,0.1301904853360943,0.7544688764116232,0.22650140865116702,1
0.47118309092025545,0.4300702391376977,0.5483974905280533,1.0515352134140086,0.5038737198488621,0.09892546943250986,-0.10962693009895313,0.6223833763224422,0.09974496134641253,-0.22938027256806875,3
0.8925475353341183,0.1872765902009783,0.8770674369376448,0.4042877543306219,0.5678508957946182,0.5767733968838095,0.19532197697440953,0.6927886266468515,0.9406133951249882,0.7417317108589532,1
0.02748150722946352,0.3184924697396728,1.4269168714192877,-0.027056899415204394,-0.799121976871132,0.76421659323913,0.7540879623776757,1.4185474152489053,0.011597533378404856,0.003815771024257786,2
1.0389819825211966,-0.1391090039492805,-0.206731383843463,0.6245508521621623,-0.024196142091643058,0.9410655172975915,0.26181269422902714,0.7035507702599937,0.21996244499371886,-0.2627397357638583,1
0.5494416012078833,0.2599094263047924,0.08337722324821699,0.973045159068356,0.42197011185349853,0.7790712322153296,0.9833973067663686,0.6834163102515672,0.5197679283370045,0.014898157667990445,1
-0.41984167329617506,0.0379542508672967,0.2994620841142868,-0.40102039569106296,-0.7001945250900958,1.1192895295902505,0.9321557182839028,0.1661861382064761,0.4189755613059949,-0.1261270699932121,2
0.4650940532327196,0.11784918545566413,0.23927535758634716,0.762779609631028,0.19046114675924378,0.3828621245144776,1.001365017382069,-0.04510044112218446,0.8618798210688683,0.21114421132886568,3
0.028065597470817157,0.15108141745806086,0.6694243480395425,0.2620353379318751,0.050760279907735115,0.2678297570022258,0.5581173316460805,0.22620109843670036,0.6416487990180885,0.7636990980147501,0
1.223885711058929,0.9031438465756901,0.25270977823841523,-0.33198534937582624,-0.4493613029457386,0.3946324995004429,1.478378018812971,0.5268516453666858,0.6232360846952611,0.7410606805334513,2
0.14606533282467535,1.0872135873447433,0.6901835422565561,0.8566669719376582,0.7405379410369648,1.0882033262489237,0.19659624675915355,1.202943621874704,0.4353923013584401,0.683240305440204,2
0.3808353740657139,0.06929175883520078,1.0513821809047297,0.17466286567024147,0.19183331711308116,0.9743464791621115,0.7600936724524611,0.04068799159956127,-0.22494545437001323,-0.05264399838321576,3
0.6816602052693967,0.1492818456512859,0.7220854958510827,0.8149247464611098,0.3652983135794812,-0.1637970287143442,0.0439021191885306,0.92956817209516,0.45377779284108494,0.8658291498146019,2
0.018626882700808367,1.0262637379426078,0.6094183921146241,0.6496468972097718,0.8963868357112346,0.2777807520062401,0.30284914774230876,0.22792322154565864,0.6677390945050548,0.17719929165822662,1
-0.08458075429547074,0.7999213991142985,1.11768646369331,-0.45989462191152763,1.5845872309043392,0.06932373898549701,1.4249929374616563,0.5194081979738354,1.2478437954480701,-0.08428429538593174,0
0.9594544982664898,0.5997293543867707,0.7268557113335502,0.09745392276865161,0.5745098607026748,0.7596498992110426,0.9883486130034072,0.6182910126008652,0.5035262772102693,-0.051028425550371015,1
-0.18106877306621416,-0.16020685110118124,0.6593784086050103,0.23046797133726968,0.6565693712140941,0.1406115707772848,0.42798746166385526,0.031211326436999476,0.1888053827537889,0.7059785083444368,0
0.4346067029718125,0.06732092988997368,-0.4515338281998048,0.09071070721905675,0.05954645714787288,-0.691935852694605,2.0693652074396534,0.040324829353737046,1.3048574969087032,-0.01176782034717827,2
0.3252178906098618,0.0824007649251612,0.6895601351050692,0.2870842092406171,1.0177464653517945,-0.02877771435631983,0.5793686892487633,0.8117387929180749,0.7603135934238544,0.19030920821626085,0
0.03623718806643693,0.5657107491393697,0.285163510350027,0.16680590653471197,0.8547885937001117,0.42243468517764104,0.998783953737763,0.27948052908216164,0.16230121839807396,0.5609166098461598,2
0.1467990194499773,0.4958693382623416,-0.050414455477400075,0.2442985911325777,0.12397104090819294,0.5009230816570375,0.5951812869428978,0.14152334187860321,0.9151185707409415,0.11145857126240075,1
0.6983593847102932,0.8384259291031687,0.18610469918296524,0.7138314750275386,0.45538253585489075,0.3742743723762841,0.510550510950194,0.12709192462503005,0.5247379414092092,0.028868951865595897,0
0.8671758038131699,0.5618471486989873,0.4033513511849626,0.004970134404780481,0.5841881357274809,-0.06465068654193361,0.877878472377066,1.0429015078118802,0.8913565716104023,0.7408541809455262,1
-0.005832723015245546,1.3076291125363393,0.9535701142334491,0.33733907483725967,0.5942009286619431,0.07845778622364669,0.42565476694589016,0.7585477357209301,0.7063684986318288,-0.3772475422657299,3
0.5707378341341418,0.28213860545049874,0.08054182063733879,0.9814956205233226,0.4504914108878535,0.7850084037460799,1.0056175554057614,0.6542430145319978,0.49679919334545064,0.0072261203659118,1
0.13020529861336186,0.47261076236774857,0.26100756497043753,0.9521758226065602,0.5942464598890465,0.7327098145250133,0.3182778822151532,0.06043647919319771,0.1410542726164184,0.07689078828834492,1
0.754404436833047,1.271783757901828,-0.1532378946349593,0.5216814898793698,0.281427087399859,0.09339776104242592,0.5904071485892379,0.49496322768499695,0.9831477031102096,0.41526836903863795,1
0.9856947769127804,0.24973145016342513,0.9372065444909474,0.4415615830981678,0.5766267571315995,0.698584210300661,0.18806169712620419,0.721187216290149,0.8322809437896219,0.7723032578505511,1
0.11194112793397944,0.8543731700836937,0.8209376453192498,0.8122933001695576,0.5339964310510227,0.7784812559334264,0.1542440190230889,0.8364608118284393,0.5770122362995975,0.6078142118863346,3
0.8461775224119222,0.17695726391769867,0.5478102592182922,0.6484708494453466,0.08369909545253527,0.059261032050443606,0.16964411160713527,0.9552282993862353,0.46164171956312994,0.5743490791165987,2
0.13423014761735724,0.20207664144839435,0.32956184221693297,0.7758921869162905,0.906431841507527,0.24511287473609078,0.48269017793992464,0.8416425238102029,0.6114160016045712,0.28396652887963203,3
0.5224916223478223,-0.11283275104622034,0.2845411661865718,0.4685819547048574,0.4971525182083208,0.40669429846480365,0.6574225784092049,1.1162730372965195,0.5321974730471345,0.024668854965852992,3
0.8802589585754714,0.27312499453342887,0.44967979841905176,0.9223827897945444,0.6215161133908178,0.51682212969399,1.055039632395586,0.5735647438875244,0.8707851630086154,0.4252283570940681,0
0.49018125375447474,0.2435265708205506,0.3726643652250609,0.6938378503345032,0.17016064210254667,0.40037632764503744,0.8908929224685319,0.1236027722948154,0.8326331535421103,0.10699422840322442,3
0.4353671983943968,-0.1254951333138836,0.3198173000106098,0.5643276517132759,0.3856195571354662,0.2368007766910351,0.4564030306716537,0.733811246337277,0.38922210417070313,0.16970168955444323,3
0.8482697782292213,0.12494109370612333,0.6348375232177419,0.07494567651653126,0.5343366088506507,0.39901754365144565,0.22379579920095097,0.9296167948994175,0.9505157372595189,0.8181309474262846,2
0.9823087041390459,0.6023216997651013,0.49783472190634903,-0.03176486427906433,0.561609041887487,0.9132487163303573,0.6383373893421043,0.5407204821227767,0.17877179331183948,-0.008416843127943385,1
0.40820888209576855,0.23490113057457673,0.5570232115269038,0.8272620762855288,0.6519347550306335,0.8657410341811396,0.47094122027751817,0.18331890315636287,0.5016019273560718,0.7788543645510111,3
0.13094699615525784,0.5201373424528417,0.11850071998789227,1.03137698111201,-0.04481662782454465,0.4334166730615011,0.27546550293804795,0.27154101005898656,0.4834427865326629,0.9838772475857025,1
0.7094687224920982,0.41718710056740216,0.8982871131841624,0.4562117134785945,0.13424214193701076,0.3217525065001501,0.8471400811210925,0.7086379904931956,0.28408500857175095,0.21051673890161132,0
0.31001125206601776,0.13636642891921866,0.6512189707614446,0.8615209818646493,0.7659695850910636,0.8563266278644762,0.5496331431661697,0.22035487767113737,0.5230103172335189,0.73633403419492,3
0.9358619741026214,0.33494040348624227,0.4246072950835512,0.974989443488121,0.6815173930575343,0.5527223546059445,1.0185013096072626,0.6231345553095446,0.9400097794702454,0.43732370087262046,0
0.14874966362802558,0.09709410195539908,0.4316905631295937,0.3985510225147052,0.35988437818709657,0.7102539131800875,0.3145150127126857,0.17873531237446433,0.7094980188398436,0.9555157384049733,2
0.6650353829689236,0.03677871716004593,0.5822996376554092,0.6249639792087417,0.6269763327649143,0.5504139849436328,0.08567085929006937,0.6569533154537599,0.4351680765112933,0.6130008753043008,0
0.4878307993456682,0.894749648180477,0.4408627220525909,0.6623520679638237,0.7624354285274015,0.25020008324125154,0.8237907035621258,0.9041629110816998,0.3476261763396307,0.5793040857390546,2
0.9070449998741413,0.2668825356080168,0.09271979203491262,0.8273722987328104,0.3138712692878303,1.0973633017275617,0.8206908019390821,0.3567461873158683,0.6905483401006453,0.7382953243709443,1
0.5323355505277727,0.584596857261198,0.9498848723372226,0.8453078304938354,0.15984107244036136,0.1464045499632047,0.22875953122616116,0.7215006810350653,0.02420923706473789,0.17139523719780353,3
0.10731934768780932,0.8593321008193082,0.8164158015378538,0.8132717275476907,0.5286096908908265,0.775652008449335,0.1531612786701964,0.8370413357234351,0.5765511716418984,0.6106133951407664,3
0.36957450321185936,0.530769863971984,0.1598788112613655,0.6637271478372019,0.86898684171059,0.9197662444727293,-0.0022322047202232055,0.7592920760365107,0.9629976476885931,0.17389627775730357,0
0.8547527337166778,0.15586355430248536,0.6392692406050299,0.10377687420227771,0.5396621589357866,0.383776378383835,0.18691753447721998,0.9158097778410093,0.9523204554765856,0.8304551780365905,2
0.16456125630365995,0.9893188350264503,1.0642940807172976,0.6690424022128134,0.9265960841632651,0.7221965117343144,1.1292952205638467,0.7508179824256258,0.9603009559892256,0.9954379438238652,2
0.5900693870068751,0.3499924026344017,0.5864275126153978,0.692881838447658,0.4322456085214702,0.44009787633268055,0.1793320527703665,0.8607791692016029,0.8430505660883557,0.35716015832778086,2
0.23396710563125633,0.7137201941565909,1.0086792712914179,0.8477358133228309,0.12842663942318375,0.07855391434528271,0.30493469333653606,0.8194710308859392,0.3407855691462365,0.11403740726085311,3
0.8539015710702184,0.15750292251722584,0.6521127141767045,0.10345356212114357,0.5492465119018884,0.38095834769154074,0.21144832604207814,0.9167590279257977,0.9445894085694244,0.8143558405747743,2
0.09479835180631024,0.6628240939406574,0.13642437037875824,0.3028875683067008,0.12996749461259427,0.41570167123178514,0.7991520544920075,0.2785818190562017,0.8547475760353671,0.16437025838640792,1
0.3184061433109815,0.9177828665509066,0.33372820235248835,0.4390792332180308,0.16532994627784742,0.2446203590294201,0.027284535398291874,0.3218194955056466,0.9193104471560668,0.9060335310094438,0
0.31284526000576107,0.7891731658236059,0.7324294369275232,0.640726987582262,0.3977150647897452,0.1423718436193512,0.5849533834711971,1.118909050486695,0.4999563438768044,0.29949839447964854,3
0.6220204280489319,0.8071483854106004,0.21205731522330473,0.6642534147803839,0.3598788044050985,0.28552631233281606,0.518903582943037,0.028750997019212937,0.4880572533651134,-0.10556923601265016,0
0.865315806689355,0.39892150110263097,0.7676952015403775,0.5018992561711235,0.7114701823608772,0.2100944603913526,0.6725797065015642,0.9518933608689163,0.9430227126373655,0.471254883268434,0
0.4277184517859611,0.6673526005783684,0.8223768186333995,0.9111247474993053,0.192166053540354,0.15265383116958173,0.27050265063951917,0.613548011487761,0.12439794333750644,0.21082986488423686,3
0.32644594721808967,-0.04526795124337432,0.5284654307317143,0.38145969056532164,0.9581711011334125,0.004053405954451341,0.5147104349272389,0.7122254526599466,0.6821400696627768,0.17769176082267696,0
1.2209544588425763,0.8664525476157873,0.7533445013092741,0.8889591368482637,0.3602007664993255,0.7844862882409828,0.7717999601512067,0.23911818172511679,1.3070743697015041,-0.09659949212485974,0
0.27302182929793806,0.7140855051383913,0.2042326627398919,0.37354000741885285,0.24718980212890612,0.2865277332359277,0.6088123060610279,0.008047267198430519,0.8609669927857456,0.06699852136094654,1
-0.012180855859583332,0.8992012626098054,0.961392420026355,0.3417689053071746,0.13607581923687329,0.39692978981373206,0.8760976985908523,1.0164416740921687,0.6992838785119437,0.20047471520033688,3
0.653038583672012,0.49596602718957306,0.8106690889437175,0.5123625639496807,0.506156133144658,0.714967314272668,0.6100088061482573,0.5473225592198746,0.28556925083217355,0.4198279037023903,3
0.5877812762788373,0.3100465641460069,0.3957544704218529,0.4243401608415796,1.0013719142176403,0.322475969696277,0.294651660946619,0.8195162676611822,1.1840212560238736,0.5760848794023357,0
0.5208896759582274,0.3000725861035772,0.10183606990650984,0.9884900467560175,0.45116890765811957,0.777108417108395,0.9741000642422383,0.6587517980084363,0.5404902127592002,0.021314532042466045,1
0.8194803238757822,0.3797328071878452,-0.01886328256399316,0.6808438738886534,0.15189917855692048,0.9759869506407873,0.6853591963872979,0.20646274960826996,0.7232537534411554,0.5778146477785006,1
0.3366499293645462,0.44824788544642247,0.09629956119546518,0.1559168372459679,-0.16824952102216922,0.25581683871164357,0.5524223667652632,0.11285651747093951,0.9978449230398688,0.15262123532474411,1
0.27004892061198577,0.1650493079656486,0.6785837780489603,0.8335536345674727,0.7353423324951853,0.8516129685015764,0.5173341196186014,0.19996469062377625,0.4922666406137481,0.7181721468546343,3
0.684729524735695,0.5456684050744751,0.5431683790827061,0.020477186172966583,0.4260555589187862,-0.025040464815032137,0.6610475343846456,1.1437399875892689,0.8176029821277871,0.69513055404088,1
0.45288043586643245,0.8437464875998454,0.42402281653599494,0.5855405330716174,0.2070710777294939,0.20887272056409592,-0.028003326131191705,0.4410333948705282,0.9525611620032619,0.8865885757346265,0
0.44286662357955936,0.6392042309604823,0.8305287678715586,0.9322470045914416,0.22090787657092648,0.17368170689141088,0.28122102612289646,0.6363333503581257,0.11565382880987685,0.2118322590238753,3
-0.08416623700715363,0.1681593191335505,0.7064752379447958,0.2906573647641721,0.053462141251958126,0.30530794781592635,0.6760388914307534,0.1285891037848283,0.7792811319957227,0.6869782006876335,0
-0.010804773962389188,0.11599657714739475,0.6155435246757998,0.28015887623312324,0.025182467194415026,0.23128297274475043,0.5727990434959623,0.23525457760314308,0.6972182988767255,0.7842538888385352,0
0.6735485946683903,1.1487631847888058,0.8935250222488055,1.019469165333982,0.9987960544667517,0.34759095853845856,0.5511035498775637,0.1971236363630847,0.4645466203860383,0.209623983212298,1
0.9311134485112663,0.39143966245853257,0.8280431407064085,0.162979764148242,0.9834347429806811,0.37757671790254355,0.7642207828283455,0.8888202727262488,0.715994537685912,0.6006569226822459,0
0.3122543800294993,0.6841693729572764,0.3890928080505235,0.5647930980994127,0.20925204004445533,0.953789754738499,0.6354496314819913,0.6675554795209718,0.06179938834747998,0.7090428024516044,1
0.13997110809082242,0.9661241495590449,0.5426628540352838,0.02825547089380609,0.20999061600328958,0.9443556142009858,0.37498125045898534,0.30890168696161174,0.8855728873398314,0.46516389319433044,1
0.9657617178937046,0.43327584019649,0.21023255905755725,1.0057274796296205,0.5322064937082026,0.3202818047832041,1.0508199663358744,0.4997376313564508,0.9903779351784439,0.6548275230613274,0
0.6063111191941075,0.8384724168547153,1.0256609578894396,1.0585501298101012,0.201621214432639,0.47100891892112223,0.3740092192008062,0.462649468204367,0.24336830609450327,0.1698199545026293,3
0.004209586342534195,0.10404342897674379,0.627703236274246,0.26801728814860465,0.03023841126477046,0.21850244654580087,0.573831945011371,0.23068222512910277,0.6804254894947364,0.7698851723258183,0
0.5315669330567849,0.8039688131669643,0.5334581752872389,0.35854661662965454,0.44011128113126524,0.7878987122963989,0.16224775581771667,0.8144138984444541,0.3489339644973633,0.38932525181922023,2
0.7186713809081771,0.11905697125659542,0.5403477561351757,0.4440076279383157,0.10707860029568195,0.10201795171954037,0.3121399927670948,0.8323708928872583,0.44449812225423524,0.706694218926416,2
0.11594292427192293,0.5301396496281934,0.13892795620455087,0.9199718467831618,0.003057466368702591,0.43981453338317794,0.16934774826213825,0.2725949701675641,0.5084272945423537,0.999443775232366,1
0.538024417684616,0.7911439465261644,0.5294875197499713,0.35183059616255374,0.43037952371133364,0.7965294907492545,0.16863167478046762,0.8256764435003976,0.34233251809804316,0.389467409990585,2
0.8751064927380349,0.6692144909908131,0.5366195353533776,0.010579852537968684,0.4885201333307966,0.19159831747694478,0.9505815008163808,1.1628773130013266,0.6272533518558776,0.654027691724976,1
0.19926019790372723,0.9163219605455754,0.4339252775820478,0.7070800376274633,0.8371085985947943,0.36170893099309026,0.9464005404762611,0.9665139367976191,0.22744389941323867,0.3058043485909439,2
0.627511249968744,0.3558308522583997,0.6190478300883038,0.6252126016906178,0.3006761331576806,0.12942003464667395,0.12525123406909713,0.9837467445015631,0.7301407155465763,0.39965855089215696,2
0.26469626143106706,0.7779446796904624,1.0995812919193135,0.6896413598847929,0.5400684340135686,0.57217894791571,0.7178198574444468,0.7999786754419378,0.5230547469878126,0.15452637163785715,3
0.5481845952967137,0.9229315817356301,0.785305150595408,0.8582629514045327,0.21947881824733298,0.040319961272979016,0.1295442921202819,0.3316954007803861,-0.10531352864487231,0.014522569741644675,3
-0.060767651516740795,0.9797133359228645,-0.20772683801990402,0.3794456898448801,0.24783572622358743,0.8585954424714225,0.7462285788549694,0.44546287924799205,1.028017880250201,-0.3395936335486595,1
0.4420090743933687,0.03323485667741118,1.0285050044185924,0.9559940629576904,0.43422479594025676,0.8570895381632431,0.21427923571513652,0.14802754928850934,0.6931599864266403,0.5895040477172759,0
0.37592062514565094,0.9170716756712154,0.6467232901851272,0.19475643206638696,0.10096015233087294,0.8891461731205826,0.2616674308066702,0.12100176328842133,0.5892736534726188,0.1759831931014118,1
0.8992115110788889,0.4605778741824136,0.8446185789087083,0.13839033409083537,0.9225764261462446,0.4368298376522419,0.723243218925659,0.845156690241055,0.7293779962847435,0.5437672945042853,0
0.14224702169442022,0.8034478366661225,0.9409589895775938,0.4004331750679665,0.7982690608475849,1.040596872175466,0.887730293247188,0.418140403768331,0.7264370589636209,0.8365083665385672,2
0.45019002634696914,0.01221494476236594,0.2543579056501289,0.336057417667387,0.27550987372401564,0.6226608367162603,0.43776981370927615,0.9134058384248648,0.3790354314157997,0.09410873941012123,3
0.5914952320787483,0.2686674674501718,0.07177014450802356,1.0285593730133042,0.48028699422701376,0.7254066121165379,1.0361245595320503,0.6155378420157803,0.49619110755829066,0.03579932947875086,1
0.5178846784741733,0.5791344548845371,0.20560895168958734,0.6108540996332754,0.7558197105160704,0.9454861031248919,0.04715201873600877,0.6249667715682212,0.9834090042011955,0.12370583941293023,0
0.5392632583105276,0.803988367305855,0.5369277156851223,0.3578384281895792,0.44375505484918154,0.7870839831923233,0.1677228266581026,0.8171488991935644,0.34833138933897395,0.39284167883128795,2
0.9730009252232279,0.6278927089580081,0.8475966251713922,0.3333882988678986,0.6169780443324504,0.5170170069389874,0.3656112903993222,0.5100821330632725,0.3869138756527467,0.6139866560757405,2
0.8459128749898902,0.4235325749557279,0.7615780306890205,0.3851646067585365,0.7436742200344378,0.340596564254932,0.5021665273358734,0.8121640524677322,0.59693726682792,0.4464218382871401,0
0.1407126835743213,0.677212284378127,0.3034078889923701,0.5231092774119435,0.5293392779581159,0.8338252727604263,0.5707138869467901,0.029777709130463563,0.982549008618791,0.17878662559942815,0
0.5380763329801358,0.802830587374889,0.5320611364066101,0.3586923544476148,0.44218132130928245,0.7979547005182837,0.16815386960547263,0.8147843568340198,0.3580092207796571,0.39727881260433395,2
0.06323129134807703,0.93083615124151,0.9577300492658731,0.31189723503047007,0.10549436889182748,0.25347709978372257,0.7380130390742776,0.9612939448676827,0.6436173186316181,0.07410754573690603,3
0.4807504418151973,0.0803497966180178,1.0451636536496587,0.81639153252981,0.43140341484636235,0.7439952039147287,0.3802044245826935,0.06696278392606356,0.536711083229942,0.6290588929419525,0
0.15555254248761846,0.5820642912314329,1.0469630440376068,0.5767939186599295,0.16944373910632327,0.9453125196054941,0.22284269753431696,0.05446170016204635,0.31387268988183464,0.3243980401969847,3
0.8608032340166494,0.3293754061716669,0.8142561445044809,0.7094248765134381,0.9476489095711697,0.21550136864512032,0.11941961567927152,0.9130135269660964,0.40714296632948277,0.8749004627765836,0
0.07707501858014021,0.9457370277935728,0.8673091239023504,0.5342156254127065,0.47637273763182925,0.926885167442722,0.18806455656534388,0.9359815806450013,0.018629679953666985,0.24588781717558666,3
0.132585388134119,0.1883983227681384,0.2732406813182968,0.7326991624607186,0.8686941662913508,0.24422859025897484,0.4565715489313111,0.8256025879586417,0.6380753689694549,0.2748768180980024,3
0.5835683311240064,0.5443681727673355,0.08894728863454651,0.43151069072034565,0.6397051043206798,0.7429200851392987,-0.09499491320748772,0.4790725627635888,1.1662377204909753,0.22357791265908736,0
0.18922319805890225,0.6510680397097726,0.14614342947753833,0.5026122076990511,-0.07784096724415537,0.659520063197265,0.6994278093384262,0.2823068716403869,1.2304350540301638,0.2276283517638908,1
0.1392856987054553,0.18590741851933187,0.3121936943708476,0.7424427512607049,0.9001867349710467,0.2799881668998926,0.4502629314600449,0.8557864072280358,0.6362403421671669,0.31908247442974025,3
0.1350178177954762,0.4623047170320079,0.2944060790389571,0.970595928633986,0.6054243377173271,0.774535445819916,0.3634397488197709,0.08716023352406939,0.17234467383404667,0.05347901223821071,1
0.5163149396020515,0.47016419030925927,1.3892423544824308,0.45834898573489047,0.5971729060324298,1.3234666603044403,1.3612799202051076,0.7410359187457572,1.0275686601325171,1.0566372694926707,2
0.9734948534354457,0.3468505589489569,0.399275024216222,0.9672832102665935,0.6703874226121435,0.5286984187260384,0.9701507248381873,0.6263874485017551,0.9128009653985428,0.44487302763800785,0
0.013856913765603125,0.9212173630472684,0.8973910544045139,0.3628187133702013,0.0642180187880018,0.35620097183747956,0.7839728475706215,0.976108511205149,0.7559439941813257,0.11977807278649481,3
1.1477935023219183,0.9217218365291414,0.7167208474265718,0.444301661651328,0.40366651553233335,0.798574145543509,0.010329302152558575,0.6971899927303657,0.6039640879540368,0.4876780685743429,0
-0.43790287822604956,1.5405085152551825,1.6422469633668846,-0.1433550329902682,1.36003893185868,0.8739748880129973,1.4257237948519894,0.05301954157527217,0.29856911638509764,0.8648302483649125,2
0.006372801726094696,0.06205537082991556,0.6448695021725919,0.24404663358331655,-0.00369968718671658,0.23159978352300287,0.5639977894358064,0.27994037125601573,0.6871900399637304,0.787287589777374,0
0.5673465450530959,0.9902649727615048,0.4968840598043727,0.6100927416156174,0.32151057355568047,0.0752107668623645,0.925248669126888,0.7741173243468452,0.25886660527550465,0.2491775010388801,1
-0.17915824090427726,1.1553822195374397,1.1489872494629572,0.15642718163617295,-0.17125229590591334,0.12098742029000009,0.916077677198616,1.0842194183788756,0.5326348025823686,0.08641196805637383,3
0.8564494027340578,0.1960900026199207,0.8051025038177206,0.5787573913553288,0.5988737826419496,0.7861926399120471,0.31758582783024963,0.7611048385772157,0.8979891075707326,0.9700044669843835,1
0.9627037696670077,0.2566980141367352,0.8373790452950626,0.31243080475540597,0.9412591308825587,0.4888534564103817,0.6390497884407073,0.9335363518911194,0.8799122029018657,0.37894147439838055,0
0.7692349906491307,0.6436262853491718,0.630535575854491,0.20178659924434703,0.5264045419565943,0.8987906092161198,0.4414409896181917,1.0722761402890484,0.25460811544447964,0.14778245393125822,1
0.4135721742912457,0.104411279196747,0.15090271028274418,0.2916023959855307,0.37626975102726534,0.6119035064591433,0.3768497799995383,1.012498446452297,0.2686457084553276,0.18117319551677322,3
1.0949364128995864,-0.19214556278802553,0.9346951387101161,0.7244458258057174,-0.7995811272407565,0.7958549706318526,1.440970933710619,0.25355753228008837,1.020649744952589,-0.30415913959483354,0
0.8263117504384547,0.84655749968582,0.782859301159971,0.8042643395632052,0.5603831923547181,0.8422677501739995,0.17767598104724516,0.6463360473153829,0.7376486392326559,0.41953882813767224,0
0.08827838322484685,0.161147202958267,0.2722210503892263,0.7494576106741995,0.8863360824460663,0.2151596945377312,0.45693962134732197,0.8088716289881572,0.6783723153130292,0.2798104625627651,3
0.8825579046802378,0.475508671016129,0.6873251669803226,0.19767121433337415,0.9165446595019129,0.4395678311928001,0.8639081518162577,0.9363229058139563,0.5175025947763348,0.510163229267692,0
-0.03943629732988069,-0.0931114842651315,0.48988770596220954,-0.11892028755502104,1.493840819709991,-0.4263095716636945,0.12001832981117788,0.6895957297008346,1.1340993827311654,0.30206942540900733,0
0.7347943128434042,0.3191184539255634,0.8150542275891002,0.8143517820568924,0.4368956397557029,0.026049953789318347,0.5060122884624103,0.5815189282136176,0.13667038299184203,0.3313899248861476,3
0.8551311063106862,0.36538852475869454,0.8193359525047814,0.5462084230432502,0.7216359117691113,0.27364010411885786,0.7445285158802384,0.9847044282062594,0.995788363338859,0.5260713705584273,0
0.507406465645296,0.6097213789317562,0.8554720147772884,0.5140454615373357,0.5732190030852715,0.5651849765394925,0.4542754592158617,0.5547390121339678,0.1521300187815681,0.4764469519794953,3
0.8680402490585437,0.38986434285334814,0.7963829808289207,0.5558989916789129,0.7094117420958392,0.2684554309068064,0.7425811061723959,0.9805344948929723,0.9916935728056505,0.5088520495874772,0
0.26055614147574346,0.959165718586583,0.21261730012402363,0.8393724047795778,0.9960523825125756,0.41250060648228437,0.7241183411084565,0.7728000759401698,0.2669234908398847,0.5430375737344698,2
0.12715188584280568,0.4714465410818266,0.31193879203748404,0.9565429965253878,0.5957318066444595,0.7787459798803854,0.352143919763704,0.0766645649750288,0.17223356313981614,0.05667434395331128,1
0.8092788980531477,0.5034915238440992,0.6218081292945733,-0.12929743353128978,0.24382573233986335,0.8006647142937433,0.737585662384988,0.6473565530578612,0.3515142947119108,-0.013561527668032064,1
1.0400076587225537,0.7712198893922247,0.8286397148156911,0.28157109156423793,0.6320826247269538,0.5512925535279336,0.431052069401383,0.351371787492143,0.37706731561680495,0.7497827728081248,2
0.15715746696310048,0.6005871149752979,0.04264375040775372,0.2548355397361777,0.08809574106061659,0.5156372677772464,0.7043144609369133,0.15601424478789463,0.9787563630911287,0.036911060064783646,1
-0.10781448001526239,0.9214562853507987,1.032084493180819,0.47993528863962065,-0.057826126420564616,0.41571075316409367,0.8399556614620712,1.1163299938900122,0.7505934339759766,0.21132346376330002,3
0.20464469309026,0.7342533463428665,0.053963964984380004,0.24441299454582308,0.0019105072062679945,0.5978896027565782,0.6112681179638687,0.1609605451238711,1.0773219243828183,-0.0020874624278520645,1
0.7840132356351612,0.5657646028108775,0.626427896192047,0.19204221501951252,-0.0007633220750840053,0.5533662805517808,0.8438950899940607,0.5059011378594314,0.8733579437409285,0.9700766797862806,2
1.0282684299576614,0.2873013573471828,0.4866617205670791,0.9523590908959053,0.704645266168874,0.5901096973131208,0.9702884588950654,0.6475441709272962,0.8629175966404946,0.391744807439844,0
0.4585096557556169,0.10102750365237811,0.25325216063324885,1.0274136960813944,0.9559673415143093,0.2854610336250487,1.0999435819577243,0.45977644069482015,0.7342185340822066,0.17012002245821103,1
0.2896685555014449,0.7333836025780589,0.4173327371168294,0.7121089228886992,0.20120809609010915,0.3152723403236496,-0.23067912606090712,0.2520420342310694,1.087108859829916,1.2482413157535437,0
0.5457390411866045,0.2707821781922866,0.08865508431927098,0.9766514067403167,0.43359284558376693,0.7844732040142149,0.9963112884940236,0.6728599840837781,0.5188642259559826,0.018530348333119787,1
0.8924763935266351,0.4651141886122425,0.9403650768440432,0.37401712605190274,0.07782369701759764,0.4111447983290876,0.681725524364582,0.568485944812579,0.3487962583616642,0.26810486522050253,0
0.9390641570594991,0.3697312397423831,1.0744245172863756,-0.08787892278120468,1.2448447881273625,0.5303513407981923,0.8725292251254735,0.7435885544254066,0.9965581232943015,0.7188713322089652,0
0.00275057407474633,0.1055855072767278,0.6304987343780741,0.26527433804902406,0.033328463923561875,0.2200322095671012,0.5743304695413951,0.23197413690519314,0.6815083172054279,0.7733806911220086,0
0.5171633120207666,-0.0006883686221338713,0.320750270212452,0.3034612597182335,0.3286380745356838,0.6186177394129768,0.5000771209050189,0.9338449802203355,0.3988774251987632,0.13628216103340818,3
0.3991935714618923,0.24119053350896907,0.34133092010039257,0.7331299083322891,0.23120000144565045,0.31204318996032726,0.9529487299856084,0.026969872105697505,0.780442623127104,0.18017528606904093,3
-0.43141729597035144,1.0173288436418166,1.0535202761657907,0.025498990395151244,0.4429595981520867,0.6191742324132048,0.6502608282737753,1.3167316480716946,0.9051395162975534,-0.06921293896453617,3
0.5606113754377117,0.5700339606425326,0.9405033506056248,0.5400484258308376,0.458968742379788,0.7119691416766681,0.5121595887865251,0.5598647720032127,0.1428691530328714,0.4465431509276669,3
0.9611427716529636,0.5288404673120162,0.7187793049628395,0.34518172114910206,0.777980928560631,0.4632566447674181,0.536909002822558,0.35237871302435175,0.21830893285089142,0.6989946075351589,2
0.8911195755642124,0.8646236017348036,0.9236598702736484,0.673828942104972,0.619345187410621,0.8207648694430196,0.05785732499935824,0.7772519703742328,0.6854157826788632,0.5626056633507547,0
0.3153327296949886,0.013350432151912991,0.6724994540968288,0.25877473142029744,0.9141818887354705,0.057951196857422914,0.6535204542238539,0.8849834452858351,0.8550944836548371,0.2034050179405184,0
0.4948287916070956,0.3367134007513845,0.7807046769704243,0.34340362647872485,1.0473331466737141,0.1341887772400847,1.0708993557741728,0.3655061105468763,0.9719901741235871,0.04204296017312814,0
0.9264094420956428,0.965064066172513,-0.12535886245251493,-0.49790624614709433,1.7306887598103502,0.7730077606339489,-0.3406176683852201,0.4783060313182615,0.21154787404748043,0.5628793627792885,1
0.5331824221096149,0.8036361309138057,0.5324582383587914,0.35880744489514127,0.44092576747513623,0.7896512282300794,0.1620274099913229,0.8144519820532181,0.3484037056571606,0.3877133625357746,2
0.17482854550464838,0.1565871143683777,0.5402222981367759,0.9397518255751872,0.6362062327403367,0.922264657609936,0.44028266683953693,0.1147214352628774,0.6645449791444782,0.7246481737249704,3
0.8508977538842705,0.48642876251784317,0.25630531975560633,1.1178959031393727,0.775885089809893,0.5636411842186294,0.8783623050446292,0.6237363490882075,0.9983339197619161,0.6025399759877287,0
0.03642173116063818,0.5508559362670576,0.35671346220354544,0.1805150720762357,0.9487226572407823,0.4561958394904273,0.9199038081565614,0.3588377689507272,0.2036745192893502,0.6285603791894799,2
0.3541974834300608,-0.07464007076024007,0.8942351574731429,0.8616197032255891,0.48118648230827155,0.7885782606024693,0.1135996206110495,0.26178322258432535,0.3576345078908962,0.7989983983662499,0
0.6431834678533929,0.6056908081620053,0.9877400392384994,0.5954664560646943,0.5117790622870535,0.581438636819172,0.5266972102772285,0.4740420812168842,0.2175967272428446,0.5119156143330618,3
0.4413856806906267,0.7479342194760835,0.8797629700458379,0.8366668573812305,0.19494009762133022,0.09806710718434088,0.2978975961193478,0.5137049860651846,0.17868856490617469,0.17441393766434538,3
0.324069236056124,0.24813051617222565,-0.11295511697269262,0.18923290456732045,1.1654568327604875,0.2254531218441527,0.769151839924698,0.2126231157460145,-0.05136736786911761,0.3109606522541031,2
0.31404938077552225,0.12963122125884818,0.6460493462791869,0.8686140611643286,0.7560519948916307,0.8655752763130202,0.5596912052453648,0.22300386328709432,0.5187794477156943,0.7352573945405161,3
0.6226121434327229,0.1728221701776241,0.20880225519951195,0.42388519381833667,0.18408934718274014,0.4722962828437105,0.3559430979165577,0.8166159752464556,0.295983493780583,0.19203085910391646,3
0.4978997145265571,-0.01842251492370654,0.2878688414089717,0.33781782197314214,0.2739535846562735,0.5529203697559713,0.4691155185892679,0.9328917818862105,0.3907838739391206,0.04759771673990154,3
0.8577296635277556,0.37620566710786485,0.8031296352728395,0.5660662233037373,0.705237860665491,0.27315219791960704,0.7270272226496286,0.9880501518994672,0.9979299341150648,0.5193221829639522,0
0.23053225861666088,0.12360679053876134,0.8326643399608066,0.26749900681774486,0.8066398917407811,0.06768805301167534,0.8096656771430315,0.0912659667457221,0.24108489866354887,0.7841088303958068,0
0.8448813465158762,0.142453044834842,0.6495570377098475,0.08175444740604525,0.5267811537366478,0.3838845578102539,0.21422830444164265,0.932175477586146,0.9392245892360109,0.8195893136828103,2
0.7195994668881975,0.16277470532448263,0.4849739304273241,0.4762222886247298,0.6501046496041756,0.47061339645827904,0.012477121176964957,0.7362166987009849,0.2677796854424244,0.6405266197797392,0
0.023915154318457844,0.9060584246305758,0.9027947136519818,0.3935447306893753,0.06455637106813658,0.39460413186320065,0.8294091089908165,1.0312425273064123,0.7330140012215083,0.1190460181681322,3
-0.2635784739504105,0.6943448127252541,0.35609042647967526,-0.15207060490754026,1.0334448830275818,0.4359836086856935,1.1602602546032752,0.0859837501672282,-0.01939222241034194,0.8290771836480816,2
0.8613923399798058,0.7168626151613532,0.6139808890078858,0.08942855406146913,0.5121544600647324,0.9278076862713279,0.5830218214707749,0.6531459092113294,0.30790991871576257,0.21472749974674107,1
0.11485304178010403,0.1555379005085738,0.2670356241248203,0.7213738553678479,0.8243092935575086,0.2825773955334781,0.444763762257808,0.8244936505787326,0.6372912171807706,0.31707714117432234,3
0.12946734199458698,0.759465150039767,0.48842130812775875,0.5634176530358136,0.13870971506859014,0.8335004186216982,0.5303597452900272,0.7421444662498632,0.07160164918109008,0.7443965533187391,1
0.11175357145952888,0.8515829500083895,0.8208959618517839,0.8112467460304212,0.5301297868933044,0.7774408226891347,0.1557374039652354,0.8335536758203702,0.5812010454764788,0.6083576026807606,3
-0.09950196905598474,1.3236093086127745,1.5864660876134544,1.2445591811367909,1.302017570784822,0.29495704973433834,1.2689630104413143,0.4167380744415383,1.387547904452955,0.9147188889761454,2
0.6671621421606104,0.25613209563459705,0.357922471915299,0.7541614285490382,1.0971545380956242,0.937769255374325,1.3216482757132555,0.5672927499380236,1.1638869916265815,0.6387493362637795,0
1.2509283022869084,-0.11640563439190943,0.9443185035280383,0.2896759080753687,0.6709824469407601,0.7520434033042351,1.8149197885415025,0.8795382249915948,0.8621034977356115,1.0166272587825813,2
0.08255308847307165,0.8236467069834214,0.5488737548435942,0.5590345121135447,0.10085179059001481,0.8666292318665715,0.5295968956589705,0.7008712318904741,0.13341876786279347,0.7585566122415384,1
0.8313758732175377,0.18048585755756963,0.6311570563646655,0.09449769272890454,0.4958530370365929,0.3974550117307588,0.2334255106906426,0.966806657428966,0.964055597354329,0.8256515873910109,2
0.30544636021494675,0.6624764425011621,0.4080549214385698,0.4415937265596392,0.25362736183474344,0.7877057398733539,0.5980441763718529,0.6463191025833674,-0.08522438538191454,0.8693729105382046,1
0.1884089710979462,0.9233460000271055,0.9610949872502652,0.4877875136211767,0.9439651573195296,0.9675034404163898,0.9030332090889975,0.44234616319232417,0.7858929566718518,0.7904872773523329,2
0.4949177120697417,0.535146985518388,0.2591182722196897,0.6010251379600605,0.7967321298475594,0.9982349849427785,0.020449427529315185,0.7465928727984873,0.9771670823491746,0.17149054435049782,0
0.8601664222166107,0.16385539839864585,0.6636197879476919,0.08126903177864958,0.5325589055001746,0.3720980978861398,0.2119849706947909,0.9381868126500537,0.9296246190058518,0.840213011381184,2
0.345503481107429,0.05315961221527711,0.6597119205507364,0.2451594202280898,0.9578961036441843,0.010045304966388831,0.6075897967381629,0.8688585530902186,0.8029370468500487,0.13279661072645166,0
0.23331468395486943,0.12841599561211892,0.3317682694898325,0.7980097347151779,0.845293862290559,0.322718862374728,0.3479780405828761,0.9369527091830082,0.5906729416866169,0.26765162566308687,3
0.12592322472804696,0.5166321249365232,0.21817534758914,0.9631127746735839,0.10793535628646526,0.46773309002011665,0.17069751408899278,0.21550846442688854,0.5439327249321486,0.9422438600403769,1
0.7769077201515899,0.5094635082795607,0.4250031046204145,-0.0704242247827921,0.5312295423004624,-0.002714071760107054,0.7929181487603684,1.0742001583725298,0.8277647241563872,0.7322182764463109,1
0.8947689836756246,1.0801324222897932,0.9707376945756414,0.3621574185764802,0.9786980595391191,1.1626677407304982,0.008567354233259675,0.4238829117532594,0.4443530654827223,0.6823607283284981,0
-0.099972052407731,0.6474252585025725,0.16001126547415534,0.623679633467082,0.6224229421070102,0.9040814118815861,0.7975604739995248,-0.18942824180247958,1.0378756935305014,0.10975436896144669,0
0.335535071756186,0.6892610394055645,1.1654357020960302,1.1645201712985291,0.3079595018557171,0.49000347919941717,0.13463313921114395,0.5906495983426326,0.105678269255808,0.17212590638408504,3
0.878601664904411,0.40276720496611074,0.8106363675169778,0.6159947536454636,0.6093138381419033,0.3101593620130274,0.8559846500951859,0.9718229121760028,0.9195537943300905,0.6591281865490983,0
0.7918951504385056,0.21359096899540594,0.5105782699500597,0.4562920072047652,0.17434434082747918,0.18653117318003312,0.23968424921985768,0.7810717590554352,0.41031592114023574,0.629090727403842,2
0.23155165367592137,0.0840972628347148,0.6565617831533738,0.847835777888683,0.7072055737867082,0.8313228194658837,0.5777015961185942,0.14586919715648683,0.5822727176684095,0.8141465353399767,3
0.1474929983968005,0.4808334950642965,0.3136104623569569,0.9636812311521461,0.6279651965082105,0.8168089684616234,0.3734338103011723,0.08860151263266292,0.17380336746495742,0.06992053688377704,1
1.2418976317746468,1.0001412841405353,0.25613856384353395,0.1300208760053999,0.4138131456686212,0.24913969028723437,0.743526576268902,0.998630959522322,0.1655528936755486,0.21062708662355434,1
1.1530808364890017,-0.005568141324093917,0.17242718085966097,0.5354053998126062,0.2977782045710285,-0.11892782935168514,0.6226802676679524,1.032813593674251,0.36742282207835725,0.8078363013357887,2
0.7444800167999921,0.5617611017795459,0.49913617130605764,0.2531656722212589,0.511323394821167,-0.1794235572576736,0.7412038953932912,1.212619552178892,0.77039449761889,0.8694469742631028,1
0.1271508750037092,1.1735223873435214,1.0317483958069773,0.3484923062936797,-0.045790553675390616,0.33558465624160405,0.4936981528074819,1.2518383717504813,0.679566542574775,0.29427239773217506,3
0.529457623857067,0.24133335882938095,1.1988781766743588,0.8716375259397801,0.900317676119533,1.5015590440473003,0.34544774803023587,0.9424030867364094,0.33293386729434593,0.039842498147274884,1
0.14370342072210857,0.19574901068210399,0.2852290927354154,0.7132401274068702,0.8883520866121313,0.2528791624407457,0.43396911695160656,0.8210552849913803,0.6573994183048757,0.2935267855102784,3
1.0865406241870734,0.6806599337544577,0.8672615152738211,0.22636622156841218,0.5112136910477455,0.5152081658153326,0.44963794124101125,0.5481091405896817,0.309037731986546,0.7264509554234415,2
0.10012700945173991,0.15414380541269143,0.3400593222094315,0.7877455350117267,0.8247348147007495,0.27600588416677857,0.4048414312436612,0.8398977539532996,0.6549933877502827,0.3429267329972241,3
0.11694711209901551,0.9151808850427408,0.8682516131889124,0.5574043274709709,0.4377928556993639,0.9120628131812436,0.18514273649715693,0.9461573447467913,0.0004508240032577403,0.24000609048560412,3
0.30184325970495424,0.066778035541898,0.6671784094506471,0.19551698077998067,0.902634896880526,-0.00026770837899438207,0.5536789849406988,0.8590452589988293,0.8709326942375906,0.08068526971132932,0
0.19213711362781755,0.8601023242426485,0.7419006084527986,0.6908538270000458,0.3554378680028325,0.9280704478724573,0.14176410246822144,0.8374315132839376,0.07999748209900849,0.14188049750165327,3
0.12144431846174845,0.203549668577672,0.7585457564100038,0.11444959280820259,0.8358492396213234,0.16675371033862285,0.7293413138545624,0.17048124356885128,0.17530037872175622,0.7147622581631707,0
0.9201328162990692,0.6327914386714448,0.7611342319785532,0.36915434981173145,0.5954981734239613,0.6973456462133204,0.38735059570050584,0.379445638551349,0.43502033367060433,0.7783695530016401,2
0.35663650792259594,0.09312562665483645,0.5583284936372896,0.8933797648281019,0.7752384119643718,0.8871063025278071,0.5686600146554461,0.21338433225984973,0.5452136756607419,0.6720012718427201,3
0.6386050935849642,0.787869883561913,0.37659484613295724,0.040348995832019924,0.635914790434354,0.06678993080037104,0.8610026680474429,0.992904589703116,0.7898491446080591,0.9198919585789704,1
0.5364082901236832,0.8013579463275217,0.5412319363554579,0.35480022757183227,0.4446925746314207,0.7925633278533252,0.16367204660591483,0.8209136747859772,0.35776195216935225,0.3949317615409164,2
0.11662091868969338,0.7065846952562778,0.5436706065761232,0.5101407019901982,0.18738654492542764,0.8722716521172201,0.47266635892774167,0.6635100445747638,0.161962713565859,0.8007262527227317,1
-0.05588320735281374,0.7105553627507006,0.18735005439841945,0.5110272914177364,0.3561802201368473,0.9982938865230822,0.7342977944194453,0.0649592906819506,0.990335766139626,0.19556335334053773,0
0.6051980018911443,0.4732543099158283,0.7777565966014377,0.15019553714793887,0.2917557537886742,0.8972571356249833,0.7514019252420081,0.9121411653492938,0.06532629979216947,0.12369939238171027,1
0.330734088174506,0.2153837814519556,0.5866939288200609,0.6790113782579931,0.10622735815139626,0.5330447759012663,0.3541261340307182,0.526127763122489,0.23236469283031755,0.7599703988485251,3
0.7401806172128851,0.840928003625921,0.15980335197955786,0.7114412478313634,0.5004812629880866,0.3959071216902445,0.6361166336945463,0.03837574411099718,0.5440161681145257,0.08191714062189373,0
0.025049704329549588,0.557483266663912,0.01265514865183065,1.0124668248246,0.8849485751493382,0.7320613572333508,1.3558031189793556,-0.30324368205768665,-0.11283868307045342,1.1713293424825886,0
0.3887018945524878,0.1895598397774289,0.3309678991717042,0.7446974904529111,0.27076626754833666,0.32422670426851535,0.9940761671287088,0.06227559118340044,0.7924414301268312,0.19132560973660345,3
0.7672702852957247,0.689076380728237,0.21731675032588452,1.0210794745251268,0.6490839853877621,0.6301871783354424,0.7738807845181495,0.9502352213727567,0.9200193662851289,0.43833276828145856,0
0.8908807797695281,0.261264241703912,0.9570854474212669,0.42667650464343027,0.5278441264198928,0.6480027444805537,0.207863703521617,0.6992195876014851,0.8422590431338971,0.8461375311838651,1
0.028784531881217944,0.09466922581587259,0.5943935468312859,0.09038024131328051,1.05090048973357,0.6497718402593536,0.3601454957034613,0.7884678740652509,0.6370045900233727,0.5938104011326342,2
0.976853246822288,0.6169418153546576,0.8556010641431022,0.33897957763364056,0.6640922495513483,0.5505151038112803,0.410481879536788,0.47917721592442,0.35246571069693183,0.676359046591197,2
0.5485177653487125,0.8761543789703241,0.9620940395255972,0.8177782268510205,1.0009085127727277,0.13650420674014957,0.22062517798474685,0.4690043265592623,-0.08080415132112428,0.318423072576296,1
0.643551445871717,0.6362928554138352,0.9408929332275054,0.5151924151457942,0.864267930088028,0.9466083728712807,0.05720258928781633,0.7162420664773839,0.8477894052628152,0.6153459132136636,0
0.8298655611538852,0.1538528635152177,0.6575843749376156,0.10675651454587351,0.4919267021546586,0.36137491380932785,0.23892920160382813,0.9320582674172103,0.9353732049759271,0.8125761971702217,2
0.57634079534736,-0.27059132846111944,0.6870580698660157,0.005177415421007442,0.6488035098558975,-0.09121214587953895,0.7446848351559454,1.0793813294457717,0.9417660256852766,0.3146311892987169,0
0.0865160439823375,0.1658148332093505,0.2590584348412285,0.7809311617745218,0.8221536383995548,0.20097963432467775,0.389995567966738,0.7754604471828318,0.5896574019297585,0.2145985522626409,3
-0.002814422389649255,0.09969785045275194,0.6279174016676206,0.26659502466029555,0.036208774030833446,0.21868423441083953,0.57447680151042,0.23883006358730655,0.6885354517314755,0.7705184997791215,0
0.8228983646768173,0.6146535195400334,0.8111394148386539,0.6418913551173017,0.39313857286722753,0.4686682334457595,0.43172016675767616,0.33347150309881224,0.2628655473704445,0.3346901049725458,3
0.7163982058645054,0.9350029168572906,0.5892575657562782,1.1392990640824303,0.17523036447805823,0.8777408502090636,1.3674643595997695,-0.43858661024572276,1.6146775748729016,0.8602872652016336,0
0.7160866792533085,0.585643231361102,0.906151341815973,0.4627034051400578,0.17914069575043848,0.39354872193539153,1.0031345285721192,0.5627404862235474,0.1684923232364165,0.05881756890106804,0
0.9147169131338855,0.3860458122709524,0.8318632714339746,0.19207815368919773,0.9873513468327196,0.40960849132033006,0.750486749255446,0.882733247050236,0.7353383092987513,0.5991195596717177,0
0.7294203676567658,0.6799379361835459,0.08811526707895156,0.6996074658885143,0.5383300511283031,0.3770812210576972,0.651041977887996,0.18765512037337895,0.44441059830618923,-0.028367005213889955,0
0.3659038978055896,-0.14869830605100362,0.6918583014846313,0.4224447036948447,-0.014892408199004864,0.15652673352814134,0.5017120224945615,0.4266320734541146,0.5453479713601971,0.8078187082865527,0
0.5069701559890316,0.6593511952588748,0.14558863791448012,0.8514076763582501,0.6060506099212333,0.27868846657997404,0.5512074076925844,-0.10510863841762752,0.39899510250206005,0.14386747590393575,0
0.10910464495785609,0.6987203189791469,1.0609937308571387,0.10123892077282295,-0.04585626586657213,0.22228798661857296,0.7268616652786921,0.7243583135806462,1.0106985529234462,0.26482312905098704,3
0.5349992999882275,0.11430619934396616,0.26765317034065633,0.6705349144347688,0.32585595464469264,0.3399577497140017,1.007142983791799,-0.016888550723914285,0.8331055213206519,0.2528466811735248,3
0.8258084641997695,0.37841356328919035,0.7504214250125143,0.5053715598902287,0.742771852728368,0.6768987428452005,0.7741359563244393,0.30274356938436203,0.3204518615646345,0.2660450109837249,3
0.866318036911062,0.5853103096981918,0.818013938131381,0.1717938994069852,0.16500562121433776,0.4152011260242012,0.32997823482291416,0.7807657820416651,0.031016278836345335,0.3986481134502091,1
0.283971598375369,0.15047722929360968,0.7218972277466478,0.2662998966544182,0.8214287333437265,0.19916529259859964,0.8133813375666641,0.019161520052220035,0.3340147271362686,0.6681222095959802,0
0.9496217722859907,0.371128537568297,0.8272894460601189,0.16821387002791316,0.9763191188702651,0.373330261846771,0.7626825097664762,0.8920626971743547,0.7087269329223698,0.6039659286439396,0
0.10942014656244173,0.6214805098778178,0.5053723564856639,0.3718558697311135,0.005157281237649025,0.8317519516184436,0.4564408766968497,0.6207021261266061,0.07207153420588251,0.9323115994819522,1
0.4158910573550332,0.19944562875543614,0.29815129895793135,0.742314335727645,0.25174509291704905,0.3030000743450686,0.9729427714519961,0.03561786333586133,0.8076743398343117,0.20008524185999113,3
0.8107162700839847,0.1216912536534131,0.6134122252668659,0.12312536696714758,0.49174992156209785,0.4152326556362137,0.23126011193802795,0.9241791154340743,0.9596551834819648,0.8331793987076878,2
0.336232476079127,1.021591514178236,0.2977456403878708,0.5902377579600055,0.5105614182524809,0.37259831260184584,1.1823853985048571,0.30793523037819887,0.3329857673647312,0.8857929291899603,0
-0.007069336845064226,0.1184841919010744,0.6498154711120169,0.2569060831328373,0.04140689848639072,0.2217750153041321,0.5545112976921648,0.21958842691698935,0.6605301361018291,0.7753660571353351,0
0.6916818584465425,0.04860417582550103,0.5390479282295823,0.49810416981279676,0.5531084905998159,0.6286293794166927,0.04696524878866701,0.564753931147275,0.5001224131400279,0.664864378256865,0
-0.050479846261517594,0.09607737234589538,0.6668665666565025,0.22609996958110642,0.05675501734950156,0.1781333910401668,0.5531244125756627,0.26098057402597225,0.6221322472461432,0.8294377505172575,0
0.6782672726203066,0.3180119750992285,0.7183650024422522,-0.19718065231569537,0.1323162055453227,1.043197429532392,0.9900401883235754,0.40117978906053897,0.11562496784613602,-0.1182993015923865,1
0.7010283992265673,1.0248731652591365,1.0283098633299435,1.173438798831815,0.8541813525532513,0.4775384482121824,0.6184012991571604,0.4142960289911958,-0.09727636539954909,-0.11132256931332649,1
0.3519426213575198,0.046655343676427916,0.6388481966790184,0.2435095563511237,1.00834576174285,0.00585318760800313,0.5860238175279554,0.9060936316937594,0.7786634641296433,0.18919022165523447,0
0.11860080426231394,0.9171998427231727,0.8568888522463566,0.5687375410296779,0.4384095215314416,0.9126962837072295,0.19281058173215782,0.9509699342094288,0.011932980111909307,0.23111109472345628,3
0.451106830796915,0.02618925533809159,0.7688512753934869,0.78185666300816,0.7882509414736083,0.6969338877189434,0.4418273319642082,0.28221994397297395,0.6113450064686159,0.8316715923217383,3
0.020528893747346982,0.837756994995083,0.9398695224913393,0.37827641780951926,0.7082660274482847,0.9674152293379958,0.7579338653319387,0.5980612963159571,0.6497521375908935,0.9805100002729343,2
0.30188717302186635,0.435778478978292,0.7506807833610165,0.8515817595152406,0.25844551744901134,0.27655846213291224,0.3611448662233049,0.795696615828962,-0.16742877054638522,0.11448783970665508,3
0.7475266557277134,0.43557940057942635,0.6829645944120138,0.3362801753728454,-0.0754981545047233,0.25407448043145187,0.600368632765155,0.6202147032843344,0.19434515225411075,0.05389805581755261,0
0.8482948789081212,1.2610590609162653,-0.2131245855710558,0.51400647697707,-0.3138510747260147,1.1850970077018288,0.07854743214346382,1.3161221145517699,0.6595636450911502,0.2816962400989373,1
0.23715948768518777,0.9519010619830355,0.38293267858479224,0.011288577349975092,0.1811105799775612,0.9058053296176595,0.5417598678973077,0.2543348616794381,0.7598484127473706,0.5529828291573664,1
0.9417579308870133,0.34790519944011694,0.41916170533880986,0.9716892684821659,0.6405613122488149,0.5347257748778944,0.9773456922296351,0.636173453577369,0.9156050316476678,0.463299652590766,0
-0.023457708567894107,0.7143555568793692,0.6599745987438407,0.5791848626675393,1.5018503939840995,0.8151273724235062,0.9185741539074501,0.0305328483505809,0.21473304030751073,0.936713660454763,2
1.3366761182019316,0.8562873994882297,0.2457510823174428,-0.0760907651742399,1.0766985013474615,1.2932474149863449,0.8222138913804535,1.1594252061647583,0.630789505684269,0.3523103554515675,1
0.07036952319539393,0.643827237241844,0.2784683014949207,0.5846007021217927,0.5028119232358444,0.7550034633742166,0.6480888322738572,0.06615817264266864,0.8892629647024486,0.204017691058267,0
0.7876016433993535,0.7749986190690089,0.9208155091430157,0.7294658753487631,0.7202794923507523,0.7347031916914416,0.23961062366441938,0.684340042896088,0.5808411425362249,0.5877384497548044,0
0.693934566422398,0.9225843666113759,0.14739566849002037,0.6011463007394572,0.4907735071668418,0.3423428933775963,0.49284510597644887,0.11377154693519238,0.3995531993126358,-0.07965073270474327,0
0.7071524731817983,0.963204927571549,0.16115330077477624,0.7547319942458457,0.5655428987914668,0.33853911273395015,0.46242449077011416,-0.03578603232347792,0.4034245446538714,0.07285368965268917,0
0.6749757431944022,0.5860751747430684,0.8165705178131781,0.5822041013177853,0.4896267672563697,0.5539609114935438,0.661431175635333,0.45418361008590813,0.17765442706980736,0.32291558259223,3
0.6485758179154316,0.48983000962864187,0.6347231032568588,0.3821543436582495,0.11496135612959016,0.351268742117255,1.0779491693669125,0.48727236031337506,0.855758463814011,1.072655782687908,2
0.4689724073179743,0.2981556084972259,0.7677277589126128,0.7299617452535602,-0.11554064568036404,0.7360154668712203,0.5660280972775388,0.2979990449499458,0.10059269008526861,0.9861500184005254,3
0.38841406366385484,0.02966215705598618,0.719668452179989,0.24032578955915304,1.0196440058869658,0.027849220192438913,0.6032345430175067,0.8283914337856402,0.87864852746125,0.15953749855769025,0
0.10640013913271505,0.8448880414867255,0.8387964427919608,0.8000992742445844,0.5517070396098801,0.7706485003766491,0.13616711935180179,0.8523147091316823,0.5824064951310496,0.6191258261871598,3
0.2833970329528577,0.9844780466686346,1.0157072351727976,0.9034153599678119,-0.789521537141315,0.5120217039139594,0.6773006425916216,0.920945829847676,0.7781859402622718,0.8904227708567568,3
0.4360087131470548,0.3407243277039011,1.010210753635335,0.453418077411215,-0.08764223031657634,0.29410250097614,0.42841314433617467,0.43676812000842036,0.4974225363235407,0.856850471465005,0
1.049895396873032,0.3560365460801242,0.9700685705081082,0.05610898352569825,0.8524947011072648,0.484866009784586,0.8074249928108089,1.010397131002955,0.6695734876924239,0.693004034579468,0
0.9532249098151663,0.3424461266590789,0.41164043313806176,0.9826471459763487,0.6603753271907244,0.5308086801735363,0.9911356335249856,0.6152832770547301,0.9204219961918113,0.4380619855197883,0
0.1801935021922942,0.7301928225479501,0.2744875469164555,0.5118836887943604,0.5543836153544565,0.818441814208087,0.6054980763841963,0.02173482539111188,0.9404976871870215,0.1748673382079217,0
0.212515824216954,0.6796550367956471,0.7258305729344395,1.3061898896022284,0.30068414872872584,0.359481233369076,0.45654322471492925,0.3266005462856613,0.3575856879381511,0.5871760268577191,3
0.07242882255318608,0.9240762278160148,0.801248701821941,0.5852084123474669,0.37504796666184825,0.9123510899284236,0.26479223602851854,0.9138979272607732,-0.020588713043566572,0.28948956568615397,3
0.9312772181322806,0.3854388439659033,0.8518185350766746,0.19801909703543644,0.9788650093322067,0.40537370310920684,0.7467638558066924,0.8799173240512601,0.7138372074778768,0.5959336463592967,0
0.9608159434612006,0.31172773655630587,0.9387071615984532,0.12836477874586116,0.9680450261934721,0.3496837977550257,0.8040093073628789,0.8548307768148103,0.5669131139749011,0.6479456471484624,0
0.5075117967681856,0.7325463719146642,0.8173517869320701,0.9331626575572431,0.6577806582509286,0.4576055013859028,0.46598671553278603,0.3453509266773581,0.22287743546136377,0.08685176141592467,1
0.7595823430935579,0.6271703081502064,0.5509157253548501,0.05305346906088875,0.48312967209088153,-0.003058745299658985,0.8030763620163882,0.9454870180699524,0.791753237967375,0.7994491411848018,1
0.10166980548394333,0.5748146025498191,-0.05123070541180268,0.33469320678443054,0.025718518253692847,0.46295680602561234,0.6914556996096572,0.08518951753303454,1.0819059312320392,0.019430648601313993,1
0.03217560617802482,0.6272528092711237,0.17041362168258908,0.9628658017706436,0.04115405756530933,0.38386998416370033,0.24874803985840338,0.22452319195859918,0.49000809951058577,0.8988825455718364,1
-0.7477223406404031,0.25369501821439516,1.0215914855379598,-0.2753075739745686,1.0948654929053516,1.2369249932298911,1.64909773520913,0.5007168081937742,1.1295455316818948,1.4953470752860758,2
1.4015362053581162,0.4891228481096124,0.8231954458210587,1.14819991105242,0.7008296773084022,0.6130939487076621,1.0984861588965857,0.1905527260784166,1.1622659888098537,0.681181972851508,0
0.23838728049186042,-0.361504598081583,1.1424567108951802,0.7213172365402607,0.9593310209981919,0.30768519937193084,-0.4225547844392057,0.8705165406960156,0.8595723390250198,0.8684137999881711,0
0.14774169890179445,0.7822608281203366,0.497668582488706,0.577934263854473,0.154185704429611,0.8488569265743019,0.5128225145593124,0.7221068676434638,0.09322916149074509,0.7439257223089248,1
0.9327164766172592,0.6654909327433239,0.4764887933543081,0.08986010942702118,0.4420607769665313,0.803780751981607,0.667790313260093,0.5759684226357462,0.26079458524092053,0.07881970118788803,1
0.33085321293227793,0.15164849764091057,0.7039421491316002,0.8087851038816827,0.7670933658495066,0.8405266165996818,0.6123582142402569,0.1472320526428163,0.5397341425988308,0.7463335163221311,3
0.9081430240357898,0.3923994038050691,0.8431882466830993,0.15324127776035285,1.0206042419197625,0.3748994644697796,0.7747557329727182,0.8811352659739595,0.6929873104079699,0.5522144064438635,0
0.4333645504460092,0.7766569810400119,0.2751794398356314,0.7640912303134593,0.8970913663304176,0.19677630830420006,0.7784283329282357,0.8899307694916099,0.13873631331243186,0.4014222338654614,2
0.17707529348264917,1.1951850094372756,1.028909243118099,0.5191425237427838,0.30967641782821986,1.0562409965172457,0.10105562651944797,1.0580599692778894,-0.051288369441741186,0.19708014296084164,3
0.3532104411585998,1.0444909270405118,0.4447026702304797,0.5002841240781974,0.9728325668254891,0.17238052740913617,0.7002983351015528,1.0065974787727818,0.22831191690811933,0.3290932974992898,2
1.0613055035858625,0.5347231326355124,0.5292243886898141,-0.0701320820445692,0.3391149854549182,0.6391822860710213,0.5680058960160788,0.666558534865471,0.11020709562530126,-0.035949156730707074,1
0.13864739334233,0.15766780911416522,0.30982886730055953,0.7264719001058972,0.865074422872229,0.2803898446226959,0.4484617434760013,0.8153051321304492,0.6660359442763992,0.2708330119698091,3
0.9282822753366061,0.2560756170179745,0.9164880063344043,0.4085795905689444,0.5310083321915328,0.6268445820936753,0.22686900156081005,0.7265289179397697,0.8864521191293139,0.8001898661922447,1
0.27206435323075406,0.8459404045952175,0.9948964995591407,0.367330853494675,0.3055749241840028,0.4947048062562215,1.01256634623987,0.8748333260147457,0.6220617727249407,0.2780826727404117,3
0.01939256774567577,0.7719883146133708,-0.09034106022625638,0.08810886783444996,-0.09769475675553757,0.6816466923612111,0.8436537844621647,0.06335459792637387,0.8442340862611749,0.08934201982079823,1
0.708981523611079,-0.14075989185417753,0.7213509984280646,0.6836907339094949,0.24954231592076723,0.536370924009812,0.41934837596224317,0.08459427699317613,0.7045123769889299,0.497219520196868,0
0.4584268982996174,0.604508120518582,0.9304091210073987,0.5500457544526209,0.49376618658619376,0.648775692772618,0.7231916399818774,0.6854091899807029,0.011418347617875524,0.45613259667259204,3
0.3567165792469729,0.003268370998988357,0.6055072040700087,1.0440142465849342,0.9088786705004015,0.8352725552993433,0.4271297306992342,0.24446770578593818,0.6380977271080909,0.7903530348812053,3
0.21315584826042794,0.13467889449720452,0.6945417802670539,0.7948195300725167,0.13491412757355178,0.6604668310005121,0.4324518159669157,0.5857007942269306,0.2792370439696028,0.8837752256546044,3
0.24763204829213253,0.6173230267885585,0.37990885361916626,0.3940964425035832,1.1462077803500803,0.4042134191244985,-0.09516981479366976,0.8130822005711497,0.9389258395871429,0.3063097575046105,2
-0.007224257400333032,0.11460926121725425,0.617891205825687,0.2671848484849438,0.05187314800438224,0.2161626485041388,0.5647468809235779,0.21446233656617647,0.6627770358344417,0.7880228318590483,0
-0.10800095033058935,0.7822427454937593,0.8362493105700379,0.47174302859467293,0.10098011513342411,0.3891354578061124,0.8001195289259202,0.9512685697135271,0.6595336546389665,0.166381215646039,3
0.8054765376490202,0.8884191048216449,0.8752733665695652,0.6059882969717838,0.634020260271628,0.9116342796462223,0.14173338091674015,0.8268172256872713,0.6965256709661454,0.5106174598958245,0
0.5393313425964759,0.8043359017576005,0.5346891206977225,0.35666101865895533,0.4372957136507613,0.7930769259651252,0.1669464724640265,0.8164962864576404,0.3532194220044865,0.3883739066357005,2
0.7318930019622956,0.5110335591749054,0.9572464844093399,0.3042510992381702,0.06047538577940018,0.4683996277600738,0.8188269017380938,0.6319008354369203,0.3494310771154967,0.24968464181219455,0
0.7862167616329034,0.8582671558109842,0.686843029134456,0.5583308537046776,0.5149364737624461,0.720596360244628,0.3195063816049513,0.7631242250762156,0.637271438516657,0.4705205466522714,0
0.7719810588244378,0.42180160142885104,0.5911265767713458,0.4664086360781038,0.35883334919675974,-0.07160088303954507,0.36518090860613234,1.142774225719062,0.29593406899882974,0.4601875916807545,2
0.5565403467120783,0.5081009758287558,0.6892485168469296,0.32350904235525313,-0.11660322894947689,0.24094863890839363,1.11761763434594,0.6523723078657298,0.575799134064614,0.5472546901545174,2
0.7707151595039545,0.6116800207868535,0.49459460753666906,0.09133488145667053,0.49435970604377694,0.05747036039509681,0.757209163001848,0.9667191624876968,0.7689540005657562,0.7616285279304946,1
0.9599331344728488,0.33821655700511805,0.8466927352274785,0.36592198698867673,0.5228703477613089,0.6355413663037207,0.1858470936655503,0.6966282178175099,0.9177700828229229,0.7594687813093336,1
0.5368679695222578,0.2667989075679584,0.08984412736531097,0.988914153264639,0.4147842547774041,0.7759700619743223,1.0007638625045014,0.678666846901621,0.5141886610962837,0.01008460283489183,1
0.15467762872632893,0.8853113958281896,0.4473288495288875,0.8896752003810788,0.6289088048154757,0.20827332199604212,0.9191823999281166,0.030898797188825287,0.35795660496187964,0.8189602015053036,0
0.3639983932700986,0.11965416836692758,0.3949215145030986,0.14038233984017442,0.3601710708977791,0.6558390102207446,0.5812966219452802,0.07124103780841608,0.6878835028116762,0.7014941760717023,0
0.11012516826297224,0.4713519253446447,0.2950297339588618,0.9750312594172286,0.6059190526713433,0.7845003091500852,0.34667215362865444,0.09247252125536898,0.16046213447858837,0.07430971485619675,1
0.07381928860536649,1.0477836485836747,0.3795754739905106,0.7267198266415935,0.5902519915901948,0.16643380833692456,0.9559969333365079,-0.08550376075084465,0.24854975190918632,0.9510269873459034,0
0.299174578264458,0.33159975507220363,0.4525247746717432,0.23512009096200814,0.44538226906465345,0.7395617523078193,0.3716559406667823,0.14503878356899455,0.6764606225909572,0.6742374950448764,2
0.004306298909143682,0.11427570281554295,0.6404565389100408,0.2590605704227629,0.039006179803152616,0.2120598631091044,0.5628548126455902,0.23212179421267062,0.671559017724144,0.7659978118368646,0
0.6257283846711094,-0.08360524609438374,0.32340520598519285,0.5806632862982476,0.9235179240620996,0.6755062065613721,0.32723372089303515,0.9086993217123482,0.5822192452977977,0.9246465945557016,0
0.02100535084679279,0.09191583374787538,0.6300705474378092,0.29004370479465325,0.012921790898358768,0.17753620869390693,0.5466124071341867,0.18558220189743285,0.7286005819739259,0.7624682222256203,0
0.5373615576208097,0.7560054368985933,0.8521895809490946,0.8971093108790036,0.6831539512347248,0.4686280171646876,0.43493245982870127,0.37182305589071557,0.21050348299390528,0.06469978741296417,1
0.8531384420459656,0.442385797988017,0.8101895931381884,0.4402828360027079,0.10330552271299337,0.3223857051259347,0.8013424829829989,0.6316817852544849,0.3327282429103394,0.16293425182888685,0
-0.002100653957030521,0.10295319164669485,0.6266158402283842,0.2595494155082942,0.02772391682019823,0.2165471251884069,0.5725600744462305,0.2280648537660937,0.6846293419199924,0.7725072134849367,0
0.4689047921568055,0.5194003469270009,0.2050699615435836,0.6406991168363384,0.7683174557563851,0.9028368495492987,0.06167684472726418,0.6133895311348861,0.9760968691756073,0.213005627513649,0
0.4574026410274946,0.15579765557754718,0.8094909419974037,0.7475461297131718,0.7738924696017848,0.9792405731773522,0.6323458718694465,0.2545706860589643,0.6535558910619043,0.7966834245426535,3
1.0042759865409148,1.102041116847139,0.9333590631641653,0.7392044635057252,0.293678801177869,0.4900606649349146,0.10131944869265619,0.6755034822198136,0.35615882764694745,0.2890270542029636,0
0.08034827498792331,0.2907288871709059,0.44018529959925934,0.3406843287734711,0.9642748421864028,0.6608255808302711,0.23359366421162808,0.8723953107288235,0.7204909593086652,0.6575297938234557,2
0.6328837310790245,0.8405502259604598,0.13753364308816732,0.7088670088036423,0.5450495235509273,0.3875819175123289,0.5777462954055689,0.020930414402603265,0.5200496099280353,-0.030613955826290083,0
0.9824778361531141,0.3043958697113983,0.41246004122583,0.9452773758793965,0.6527473440875265,0.5551020409933468,1.0212655071953982,0.5870694239222858,0.8947480243289921,0.4486176434963475,0
0.5079276610075704,-0.19207922730058638,0.37628187355330756,0.32817282230727207,0.40716043666905977,0.49894065758011336,0.05071401460868394,0.6293728294023291,0.24648807878060722,0.4483888151651014,0
0.4702797700128755,0.039231834147185084,0.942103785505104,0.897940734397117,0.4773033680555093,0.7917660369452687,0.24899160424280636,0.0496235395573729,0.5983254680242875,0.6581849667851778,0
0.43207215070260613,0.5217302734397172,0.889827382746395,0.9675784996695997,0.12772456303929816,0.27730529516895236,0.15428771895674961,0.7407644701875153,0.12029396059421242,0.33949325809866204,3
0.9327643862527801,0.5326784679128985,0.7832769296446678,0.2217293734214218,0.7006763582325611,0.9180821560355982,0.4205820425587222,0.8589980571418174,0.33357605433584087,0.24220668521686564,1
0.5732752991349865,1.2375331631502515,0.876811188850571,1.205932553989146,0.03763153876822037,0.22656059759916214,-0.261030384412006,0.4657579165529391,0.7157062100838213,-0.2220303235670988,3
0.3740259264703334,0.22620797333100515,0.3891415673991745,0.772227140933597,0.30073235362032535,0.3371936247529466,1.0176949406263243,-0.025191037467200528,0.8132955029517052,0.14772182294483838,3
0.7617124416173191,0.787734837793846,0.9298675686179728,0.6440879145049003,0.4828312342957738,0.7827985538550091,0.05930416977707623,0.6607052325908133,0.6060325406787014,0.38468499174476806,0
0.09855802747086007,0.1816819405351512,0.28298226561796347,0.7246907855094773,0.8858345304277452,0.2360686549950088,0.4592288128667054,0.8559648236686146,0.6639515093044327,0.26832684834272974,3
0.21218919417288257,0.9311954694482694,1.038747784900505,0.4002336793205517,0.0990589451785646,0.3411581829923698,0.6944905425590056,1.1356620443682606,0.7823950256287043,0.27341245791697943,3
1.0503565742880068,0.2490984223279254,1.03363948344498,-0.03554574496916277,1.0719911747945305,0.5474107123117474,0.7060782024595504,0.7741437298290004,0.40940627917456524,0.8955446189973807,0
0.9416486483763933,0.30104057183875577,0.980765971835101,0.5548873247098329,0.45311006037100227,0.6450743542566133,0.12779282051702673,0.6762179825548292,0.9110522383361094,0.773497683589616,1
0.5360324648502262,0.7248993730237222,0.7111749080953647,1.060712068408563,0.9599602653920175,0.12817389394521628,0.6176247829934205,0.663475058473076,-0.15662153390322353,0.1514001112761803,1
0.29541746247265027,0.854498959909733,0.40505822170844524,0.8371401375744956,0.8499187970623875,0.31447482837368973,0.8648155246935822,0.9928676662230167,0.2294550822564943,0.43112534235113903,2
0.9484699416304888,0.7149375445101742,0.8713937942317831,0.3029388150950762,0.6005807024050729,0.49056739020519047,0.36759943649904886,0.4905837760907751,0.41010600596151653,0.6003606845616506,2
0.9007738572345948,0.1898376387489728,0.8628003790210236,0.5174608200512663,0.4946109031954683,0.5851862377543542,0.23215768511117205,0.7148068866990768,0.8657026004639422,0.7816578880013185,1
0.4302664509831133,-0.018059730868502058,0.9956572171904639,0.9462652939713478,0.35055779784676744,0.7718548107227409,0.30360849636190906,0.09561304764801835,0.7044316337853869,0.6347672369339622,0
1.073188394583714,1.4576554396470358,1.1152999667092678,0.4372675990097632,0.6036398637473812,1.4410984419711848,0.05123055654740047,0.22918400681777307,0.9120443475649029,0.2068551313582251,0
0.477168200396863,0.5484403931611885,0.20923827771449524,0.6396778515507494,0.7757093896742492,0.9282329165232843,0.0012174066510991753,0.6493418029301267,0.9762873207049418,0.1763778006250119,0
0.8780710154183505,0.3899480757103674,1.1604363031841751,0.6638423275818035,0.4975117462209797,0.19775052535577892,0.374137193458501,0.24436320521726945,0.7949365094814826,0.6587662887997559,0
0.11746391158307441,0.9804390911977414,0.8350039335327645,0.24679467808003336,0.029785530087396442,0.27678211456063423,0.7275992124182489,0.9661186554709488,0.6730871486018651,0.12653318417237996,3
0.15326963425141463,0.6987957743248138,0.3054452379087332,0.5193266935175731,0.5591986931034485,0.8580750276255907,0.5855407972540843,0.05242873120516489,0.9992314189773184,0.17938452821635684,0
-0.05476973035922805,0.21457116946743865,-0.19709667723730606,0.9694121932801152,0.42635576337454645,0.6877556375254343,0.7877757704151739,0.42870621260048314,0.9284471241618755,0.2414393407909015,0
0.7555390949785675,1.1126832498665804,0.0033285288336230012,-0.1336551215347539,1.3275883248897133,-0.9545473714374842,-0.27634471931853477,1.1092208372734844,0.7880728955532338,-0.05360618820756949,1
0.8498525395086345,0.3794641678208882,0.7700378515236148,0.5990777295767896,0.7437360582562833,0.27914894244479416,0.7141154211328561,0.999467943180491,1.003312641856987,0.49234815196110554,0
0.787818540894799,0.4610807786611485,0.8565352245679629,0.4250170732673453,0.7430933629828014,0.5960115813535221,0.5934247986649264,1.0147952711584038,0.18326445359828036,0.3565901917311995,1
-0.016206245069541235,0.5023608817304056,0.31147449907771096,0.14943176379973264,0.9599847071893277,0.4528510515298795,0.9679085376846792,0.38901724194478693,0.27713655621302996,0.6657749394917727,2
0.8609679174114319,0.25288788189928085,0.9208222224583233,0.5199704977307437,0.595111597671594,0.5728584213221013,0.1649578861450361,0.6938682160531552,0.8264007497470821,0.8899337140702218,1
1.0741813807909504,0.32721912181140167,1.3198361866394868,0.5441509889230299,0.6199305686607707,0.8828123847846612,1.1812779263817081,0.6343668613234648,0.5142482420475382,0.770555233828722,0
0.7154588666356985,0.3986560488416708,0.39214497825302347,1.1762357286264538,0.48788730124334134,0.3925887919469824,1.0201063801213568,0.8116953644793049,1.1411075226484555,0.4839506103465238,0
0.4907981088144716,0.21679556728536903,0.08416170351928161,0.9367165612412572,0.43389617916914897,0.8249997464134459,1.0277296834137986,0.6622403791510407,0.48587077751695495,0.023738408831683516,1
-0.00014336482929461257,0.09815256673771464,0.6180257324034751,0.26346180203965053,0.03815423521520112,0.2187481570548568,0.577480700211781,0.21241089317558873,0.6851992996800456,0.752003372244486,0
1.033859287331722,0.39532624197655575,0.3204979626468929,0.473654510009783,0.0005709357882022481,0.19373173045119635,0.32102812317222973,1.0498326318350946,0.3857896725598552,0.7216185363644252,2
0.3561653309036434,0.5916632430981926,0.4667230839933976,1.0630038294914264,0.9097512908056692,1.316852456132251,0.9521653756314699,0.3661531161269037,0.5364943785247958,1.07286402851793,1
-0.02211036712844583,0.5296525573589982,0.20168209076120208,0.3175302249829326,0.41039136648566216,0.24328508680546201,0.4003256992005996,0.39865434523263404,1.3343140334281298,-0.19451546474948805,1
0.4923730046939694,0.5890264782960136,0.5142318726323192,0.06092771291234017,0.6807660927370749,0.40676513462334374,1.1888202838264674,1.298185336955825,0.45919450936159484,0.9893507873255751,0
0.26670356365770886,0.6845409307897437,1.0604248852321776,0.3235582379428152,-0.0578112465513477,0.5955264474222197,0.8965999313362879,0.7517960757263972,0.831676897644278,0.3784101573041297,3
0.6081421062791661,-0.07412056310689893,0.11065423449253795,0.5286979464374763,0.1280150394994802,0.7695313807884859,0.2817673645293246,0.8080173043930707,0.2612044272954291,0.16531917228872817,3
0.4049732800500779,0.5869689848677891,0.8074882906740952,0.989482205362357,0.062391551110904,0.22941213645327269,0.22071652657497826,0.7962041848166179,0.23763968013958436,0.11189168549033801,3
0.13294532405140091,0.7107431731643398,0.43472960921650616,0.7291228767298661,0.8803204204178874,0.2638746337138405,0.9153900796382276,1.0826116667016017,0.5122120661114864,0.10511127788338476,2
0.2855135364903367,0.8292882426613363,0.39877683441352596,0.7131063602640266,0.9121864703009338,0.2958208986755232,0.8386738664222732,0.9493823635155835,0.2734856729951838,0.452018183547059,2
0.5723547744301122,0.2867406684092353,0.11307885570984975,1.0077521015443585,0.4616321745471602,0.8104151699458311,0.9899398390822898,0.6949387185188555,0.5372496842057476,-0.013822600278724232,1
-0.011733100402634214,0.6005561484486285,0.377370845422903,0.15178192881454372,0.927636210393183,0.5107251558752035,0.9647765606755098,0.41957053431545,0.31452605391119615,0.6115508109499711,2
0.3619548492018451,1.0374614078767348,0.42659545611397354,0.6266176161249363,0.9336148697735407,0.08215620043333169,0.7775593114868264,1.0719234805268918,0.0004924688881350336,0.717096815127521,2
0.004180283665558218,0.10760178479342417,0.6403628447840446,0.26132248559544136,0.03768145514069148,0.21347395382045958,0.5655651625581988,0.23408603600158157,0.6872225444802802,0.7807283328197392,0
-0.5598484466761218,0.42455434747675397,0.24744620788280475,0.5133403109696655,1.300842085830805,0.8453919732588624,1.2925287369412317,-0.12781501345594481,0.5183714676423148,0.7699891661893978,2
0.4358043118797083,0.23136857448655437,0.30027543394032086,0.6961669226062477,0.2676184750094533,0.28149569760710996,0.9773939089684749,0.02054786708616133,0.783454541295274,0.1800206582797249,3
0.11491942019324483,0.8601501806411597,0.8149947941671517,0.8072169165548646,0.5310011957095261,0.7841476324217825,0.15612806607299534,0.8385312676546715,0.5774969918815797,0.6031267952722117,3
0.7286158893386167,0.44463110580474513,0.6225836741432771,0.25844603452913095,0.14681787163646037,0.5421785421985515,0.9560401971153067,0.4020938066658621,0.7495489285748701,0.8935857205334099,2
0.9026504169514675,0.7981840579137562,0.8228359652713697,0.6504189792454818,0.6551601890758948,0.8011380739924705,0.07571710079708185,0.7796643847048296,0.7242286892039622,0.5397244927343074,0
0.33391378957551476,0.1709018922665774,0.6344980047810677,0.8723308569472193,0.7517499930807056,0.8675697774205837,0.5840570324549844,0.21173666263018812,0.5045255498666241,0.724731961083171,3
0.26292518971563,0.6014156205584049,0.7355900452836325,0.3504121401148958,0.9053910016758768,0.6560106981781745,1.1418666881199955,0.7653767893047363,0.6508567109366299,1.0589012877238018,2
0.5391131216725902,0.2631696714953143,0.09150853857910295,0.9780452534652727,0.4498966755611692,0.791074801129413,1.0159837038524855,0.6586209011360034,0.5376411251277327,0.0005429100772206957,1
0.3540709480888333,0.8643919498120618,0.342667082748223,0.8559290188573588,0.9251106395693937,0.1766381233279677,0.95151472797279,0.8974896494440533,0.19534395359244913,0.3963842187940178,2
0.9749792151319174,0.3059632653684183,0.6882438464945024,0.4637757674676833,0.08511283897642936,0.45148462332398354,0.9460464875894609,0.6175211664519955,0.2589260292139127,0.3919461955773299,0
0.3402689384138627,0.9341616837664865,0.33735113072337214,0.21766107914364155,0.2767016550770034,0.8161497286057835,0.35730967383663115,0.31906263738220214,0.5539954578335556,0.5877265269508077,1
0.9237640429401403,0.5748206054927595,0.8829178578811263,-0.049957260959706415,0.8669296044918802,-0.07914009938569387,0.6849774357138563,1.2183838162641747,0.7690008318566011,0.4255031188928901,1
0.12210387488198446,0.18531221126397954,0.2810482820851225,0.7239719182032005,0.8775313734005318,0.2514933916427921,0.44573104474629865,0.8318868896747041,0.6427463421943218,0.28968562783467716,3
0.8680562610766979,0.10957344074870326,0.6155524582135081,0.03709551030035911,0.5471125249925509,0.4257163981369069,0.1554314123721513,0.9520044397571058,0.9005825075336122,0.791557924133734,2
0.9503278264675347,0.654029482600524,0.8317749135716189,0.31153813398865515,0.6201341025352368,0.5686668202400303,0.40469562819551785,0.47025828855348367,0.3962315126914524,0.662771100660293,2
0.7607613921388737,0.28346052101905606,0.7911412299047371,0.5003879774659354,0.039740847655877334,0.4570273869581277,0.7256665516688792,0.5734952058462568,0.09530542750521462,0.2174278064795512,0
0.5910970776600221,0.5593830878997339,0.9160771295841708,0.5371793622023626,0.4746948860377629,0.6495357070500347,0.5718397975946827,0.5576506391437409,0.182744441260088,0.415696481415906,3
0.38388342498416395,0.98142905167483,0.5529497675123745,0.14342515713575058,0.32102667474680635,0.7640961854465635,0.49602365605158516,0.17691501803499535,0.8193429009610672,0.4513484975363792,1
0.12093516237770918,0.9941257275253099,0.8825601168900291,0.32768236916522886,-0.0063086810430271895,0.37927739030437313,0.8359280093982869,0.9100783173051971,0.6749295517199088,0.22997719266960376,3
0.49902144527802295,0.021292156300948818,0.9367310192697326,0.8421404761446086,0.4308324850391879,0.7739351045536549,0.2718090439848913,0.10533845304905695,0.5992802010287932,0.6250691261396202,0
1.0771186878542698,0.5498863508690073,0.9509506630005377,0.21924020956786056,0.7689299221886369,0.16279518697826248,0.8663019020589272,1.053990764396597,0.8992593453954202,0.34230411818264195,0
0.7628589489409316,-0.1891573720154212,0.6649197022493112,0.06940985104702131,0.6076046198174287,0.549553194177541,0.6610257158545856,0.1148231022910173,0.9995283732888638,0.9939994252071989,2
0.8015461456957812,-0.026341042557634364,-0.045872264498234686,0.5281011965510036,0.030749962040096945,0.8222748096596936,0.7073925224182309,0.3057972830964266,0.36126793202647955,0.7591316600226639,1
0.2711598628369296,0.7110615607477917,0.5033158665455225,0.4890860685633456,-0.03189379896105793,0.9924172659819209,1.0345490728571851,0.15538875401335894,0.694005834434813,1.1521523390285249,1
0.808793828111279,0.6391792822491659,0.624700159189255,0.11288440941299784,0.7764692136351821,0.17972965108765454,0.9689549175346341,0.6524207312570679,0.4454233101477578,0.7431001982121564,0
0.8506542348399602,0.3636293798772738,0.8214384509769785,0.5849100038230318,0.7108418835480662,0.25704910958005683,0.7324889526648646,0.9779820387304529,0.994617514429166,0.5026831731959581,0
0.0989044707191179,1.1439246096701488,0.5202332584713625,-0.5207466117104196,-0.32081451887743084,0.19816507601171274,0.38618499931538147,0.7388483035681297,0.7298099480115201,0.5530953408850514,1
0.8681164568501414,0.38678858959574836,0.8041399432863058,0.5673617749494639,0.7159886944747121,0.27439344388940834,0.7309125372403028,0.9784322753755156,0.9910943762907682,0.5203938974180962,0
0.7691319504669765,0.19955601036541057,0.4677540611793328,0.5987115079189194,0.5150886719172634,0.5411748617778473,-0.06348320336384361,0.9090841947598801,0.8695000017556107,0.34581102021664584,2
1.1585992929628381,0.26054302864791773,0.2701983304681827,0.3307591875584039,-0.05043317563000138,-0.20485106451507806,0.5807914163973034,1.1185016030368324,0.20064055794229396,0.9122281356029327,2
0.8934719256527702,0.3493288287148453,0.8458820730599059,0.5277865456762418,0.7533206177412805,0.24082184885161495,0.6959836132736468,0.9545890361968358,0.988055080347909,0.49867440154699294,0
0.03253518793695751,0.9135581215830281,0.9578682066332691,0.25317922595364817,0.13053670117588234,0.26922025642825115,0.8457802755942525,0.9014207233743339,0.6022491012949258,0.17883676063322848,3
0.8657048555584875,0.20906174764884317,0.6513352615883636,0.09864580232444671,0.4859286640344641,0.35412756665036854,0.19559945149355648,0.9273656088790664,0.891671120107058,0.8616330671115547,2
-0.012580747215228387,0.791965829205242,0.7082909189197699,0.5525582507036774,-0.17360112409235745,0.10179770315088077,0.8334064791258612,1.0644879182315539,0.6179394867501626,0.048310348235717324,3
0.4013785344353267,0.20103330275545317,0.3079088158418596,0.7464679285413542,0.24910610425528998,0.31709478131657975,0.9726200661513441,0.04175475292440191,0.7970097337259435,0.1980290196446202,3
0.15293473823408538,0.49983356581833743,-0.020951435619017453,0.22343236217283247,0.02552062503921157,0.45148801727277404,0.6041737682014788,0.22270803089824448,1.037888361517879,0.12521389589073045,1
1.1320913234876704,0.9486084602410443,0.5449990581752641,0.18489536943367066,0.5085973146548739,1.1246590694683105,0.5452574029156935,0.3517182366250131,0.09215245890397991,-0.04037973192785416,1
0.7695657416103879,0.40028766382039555,0.8745255855685835,0.3975055419572133,0.10939364646032587,0.3941058748049288,0.7676943941209284,0.6284179640647356,0.2719677091586724,0.18494156091477912,0
0.009508143519345796,0.09604649543803905,0.6157892971994205,0.28421917845800315,0.04008296646901103,0.20740319130471238,0.5609706021159184,0.25091949362195726,0.701903907930177,0.7623358225101918,0
0.6209475492598702,1.173001973074181,0.739374490720065,0.3096499553985409,0.7263786909141339,0.33194406965077566,0.6575387181326484,0.35962343964255694,-0.3236527186268401,0.15541938083076196,3
0.8233722168751711,0.17103409009047466,0.6202304882875824,0.09965242292321733,0.5080465052503128,0.4032959397711103,0.20500983640285286,0.9337669823521145,0.9536851611260785,0.8066233394800386,2
0.8442092339783382,0.521618673955304,0.3563470020352626,-0.1421154331580543,0.6361060120178958,-0.16955661655562124,0.6627171010420247,1.0361201581237738,0.9272069640248248,0.7419070826580103,1
0.05762628748670906,0.7926538785322467,0.17655819465930753,0.309787785820708,0.02919360238283788,0.5794411825472497,0.6908081240413807,-0.1484002076539424,1.2746429228250462,0.18251012342042303,1
0.14064854123268467,0.3342712106100172,0.31481290031444764,0.1518031251029075,0.32902994651905193,0.7899642947573059,0.2173726113090367,-0.012650526764811182,0.7245198974657914,0.625749723060667,2
0.1706914650198001,0.21029619779874636,0.828782474175047,0.19967574101469127,0.7579511409287023,0.09501644034476395,0.762958172078811,0.07219537610737714,0.2736427922155245,0.7624352488598904,0
-0.00336462392889292,0.1578087299927023,0.554059672418643,0.33274322092389197,-0.002659838723755449,0.26040269774995506,0.6355542439290401,0.21761960196603644,0.7160182846351067,0.7748730555737606,0
0.35437424806198536,0.8014437555665569,0.32219481145462525,0.829023882337424,0.861689038949344,0.22968983145188565,0.8699009623854883,0.9764274008698698,0.21092780302388167,0.3458561606091422,2
0.058345772041543564,0.8929093382833082,1.1162029192942429,-0.18672202298686924,-0.05115127972014055,0.8201363595417549,1.168653396683831,0.49776587763055874,0.17020065757128533,-0.32847305224769063,1
0.455509175907473,0.5494396844664019,0.18655858988492544,0.6809705200666065,0.8369736576359795,0.9150646797036319,0.029550774165389232,0.6596211703977111,0.9357810971693284,0.21368347937824372,0
-0.09329592169499101,0.809783889484497,1.0561209968864507,0.4382318653988106,-0.03388398215202901,0.4567815409511483,0.6488555571466912,1.1144442132293975,0.5892753026301553,0.024804972556118077,3
1.0753017857378921,0.4541088910534206,0.7829755658381778,0.19365098658407207,0.6903669554042124,1.022182475119553,0.7141928979970666,0.7885531660541432,-0.05174378579036304,0.1915613130771973,1
0.5172257884940341,0.7761962458496716,0.14174940918320172,0.7073101534499578,0.31741091303610647,0.4497349994083231,1.0552329996462055,0.4958156879153561,0.1613900813852071,0.5025257730654491,0
0.1352574625613768,0.9621828858592485,1.0003184530458045,0.45460519638057023,0.17580083287174852,0.2951355666460156,0.773373991216332,0.9893227861020146,0.7273795960958036,0.13365561108105778,3
0.2818442239911093,0.8059533106381097,0.42512380806178485,0.6936333848812833,0.8161298628784727,0.3304311448531287,0.7436425141328286,1.020457054397636,0.12055489748551948,0.3587681321624836,2
0.9828598365283172,0.6792235912106174,0.8743963905433514,0.319288289747547,0.6626460614390881,0.519124052549299,0.43031408818104105,0.4346424435295392,0.3378025451032845,0.6598986821322891,2
0.8439426061854317,0.14937173895711647,0.6402880389087264,0.09321922586234116,0.5320253129268976,0.38691976365348985,0.20308012653733257,0.9340205050138867,0.9358335245813056,0.8222356962324606,2
1.061212156790597,0.728704931035943,0.9394497263667154,0.4762187592651342,0.7485898388014682,0.6367463431980933,0.2889590114395036,0.9210791850840101,0.4572214843401355,0.6588969587042434,0
0.5333012601863775,0.2691742678470908,0.10883100490024664,0.9835114533928737,0.3979757751339079,0.7467534258254958,1.0178185056235824,0.6408174123513177,0.5263126935098874,-0.00085306513313586,1
0.04562284837651242,0.6347515935912752,0.19723983787443933,0.9644924306082504,0.050857745080419625,0.39934102448182224,0.222553260300664,0.2501825847294627,0.45680838659841727,0.901034833075326,1
0.8944228942685581,0.31892990254698933,0.8197148365197993,0.5683304741464434,0.6940245910451152,0.23415211627620708,0.795734960399182,0.9587824233627998,1.038753040517885,0.5878504497020807,0
0.17461829064996423,0.15865214607130396,0.2771756585249144,0.5960437584159539,0.9914858867390817,0.16311494061422277,0.3369050918054065,0.8895857843880697,0.7708129079026047,0.14492213056788075,3
0.787145923240644,0.3642213905121561,0.8868415593503126,0.4836927481241262,0.10391796414190978,0.27822905170149637,0.7826850842788566,0.5841217522737654,0.28719599252446465,0.1418412788941228,0
0.012625034339997544,0.2039798189826192,0.43582268282677017,0.2525224141398039,1.0561045989505913,0.6195486551049468,0.21559612986684878,0.9389662135060863,0.9203650507921998,0.6945508252673493,2
0.25129118872269357,0.7294569326678546,0.812120417459601,0.2138269929100396,0.1997078358291116,0.3580202189822401,1.405605526825545,-0.09409071637168298,1.1490276040993057,0.8698713406136341,2
0.14243342361171224,0.20184608394314274,0.2818034540627962,0.7428606362224818,0.8584069754182082,0.24957854053419185,0.42803863333675024,0.8292504382998553,0.6438430576813253,0.2969020070828525,3
0.1539657356064952,0.7567984306670092,0.5447521911554076,0.6551261049678242,0.15464116294756558,0.8374682243276154,0.45512970660633817,0.6993112040233153,0.12633041327023603,0.7186223135148242,1
0.7691190978456203,0.4456952401229897,0.5887120456197242,0.25372738650990917,0.14617653444939732,0.5754271329139111,0.9030379635127457,0.4036673266519311,0.7283375477167842,0.9043113647673172,2
-0.13558459627736164,0.717357637369246,0.7080399998166471,0.9023977352279148,0.0758241734833281,0.0789601024483478,0.447916473978181,0.7755163867010686,0.04335949577123738,0.6216344830893543,3
0.0777944424797129,0.12202288629377617,0.7794716528217993,1.006942479211807,0.8348491514405267,0.9859565460636592,0.7065338444688019,0.409010682924156,0.7004861132538227,0.9829715038211136,3
0.8687369597199859,0.3823329247383142,0.8024842361060243,0.5675232107193525,0.7184805235553695,0.27151800489139183,0.7304874312522278,0.9760578977063894,0.9925417509466686,0.5162313739643154,0
0.36791955234789997,0.14703493029766537,0.7556506733524343,0.9433902406230814,0.6748818358807972,0.9424584348732521,0.4952506210680599,0.10677307950863088,0.4255821822756878,0.7008282399174258,3
0.5447447525428821,0.3431311791953644,-0.3567288508288582,1.2018489738068303,0.6658389895810808,0.7160590435426288,0.6442642987803571,0.8674886534742527,0.27511653985613893,1.0154304807230399,1
0.34623665778203566,0.2116725197955664,0.5521651880199495,0.6440695460337017,0.13033805726271347,0.5239105516124948,0.3735717261858605,0.488929268546965,0.1886213659650104,0.7918735771181058,3
-0.3101982312919382,0.466613130598533,0.3113905901402795,0.6419922364040413,1.1506051262184434,0.8973534299164138,-0.01746875843558854,0.8302832386422628,1.0829467043054852,0.23581594478025208,2
0.9904176861017144,0.49476333278651174,0.6645185431485947,0.3566564917005519,1.0114631371340481,0.2681712180130215,0.8784255904419356,0.9650945811384404,0.7215837351230322,0.435914843093735,0
0.6435353810484374,0.9359190509998739,1.2695760129691533,0.3894224425306483,0.5835194332509204,0.8838007043877183,0.2177803993014542,0.5578133634710336,-0.07158289622593877,0.1775202654274638,3
0.29322351274335884,1.0425685854610776,0.46463894334267886,0.48434870349080433,0.13142466912419287,0.3524537714743962,0.21655502455142703,0.2257874547439349,0.997931031530707,1.0373767363362467,0
0.5064924195729089,0.11647308049127508,0.5905970793547541,0.19573305663910584,1.1130425043229142,0.13114506274621948,0.5286919867488575,0.9382141399344504,0.7367946312942053,0.15462835737917416,0
0.7234315901494245,0.9658314319769281,0.25212584389937726,-0.20036033299624917,0.2890286591067216,0.6461660421669314,1.236858447387875,0.5368414807291996,1.4108609575109796,0.959460894328467,2
0.7821367661083671,0.7040466867598811,0.8940187319559018,0.5558838505257377,0.675540871606214,0.6152502236945406,0.24144908183276675,0.7888441202245488,0.7474561062697738,0.6365768252005264,0
0.7696431930396592,-0.14395727420651178,1.0865848768530169,0.7321931881748845,0.8135257660120795,0.5594768884902679,0.5081531060857772,0.10929195263093433,0.2412159089157323,0.2776913963932274,0
0.34266343958519047,0.0453938466502873,0.6799858639906875,0.8009233347810554,0.870523091270354,0.7974413922933626,0.6025908275189709,0.12646068087687212,0.48928642247181553,0.6821360177909457,3
0.0914264687926986,0.2628174430604848,0.3553144118771763,0.25168929649585015,0.9550557094832218,0.5660676300320441,0.1872992806887123,0.8816931119252481,0.8017507193977084,0.5390325079176712,2
0.5127787279831701,0.6890686006074348,1.0103992026423085,1.0143874559278787,0.23998367839442183,0.16091490736369524,0.13732803171167132,0.6820641590761229,0.29099276341361663,0.07072654115264218,3
0.39246873134235427,0.20076583203670204,0.5454145356673098,0.6449760227599414,0.022641251735952467,0.47151776226487785,0.450642315656805,0.6044568785793669,0.25726761725786684,0.8601423016666832,3
0.4589217271923899,0.7480832910234904,1.1784349352792542,0.30116690516140576,0.7602624554391817,0.620467332586614,0.3364025156407078,0.8267507141569166,0.16231717067537726,0.5719744107782861,3
0.8125166942382703,0.45202279353974506,0.7594906218233356,0.6270657594002558,0.6547717620277284,0.17409118945733287,0.8097622084207738,0.9815151769687246,1.016093131660812,0.6063292086596197,0
0.30291586440119156,0.8470871044193791,0.3574539944430298,0.7758454611978474,0.8370180489429528,0.25161440723528533,0.8622773341011299,0.9475857724858859,0.27210108141441014,0.37616345568860704,2
0.5622965419746679,0.19405973147993552,0.5380935518196881,0.6837445523382867,0.38703586405479334,0.6993185388507214,0.8906830000862627,0.3122551781709734,-0.009108706460964733,0.37960169486611095,0
0.029746839617621076,0.625743054587385,0.16852701297370082,0.955630910195761,0.03515834198028066,0.37982979853845605,0.24787266957108864,0.2283941438428947,0.48705694679718203,0.896078613553224,1
0.9415474636751336,0.34482649022807554,0.8519355066657749,0.5825410523416544,0.8061874352363596,0.18038584357197313,0.6674870689540637,1.0759368246759142,0.9426654950000152,0.4766288418162239,0
0.12797203126581655,0.7395949567311361,0.4939881222166936,0.5952464212402157,0.13575367608609906,0.8177663773446082,0.4985320278484871,0.7120481475006396,0.10991573397836374,0.6954386400789339,1
0.6666019253326352,1.144829312669847,0.5873583854333211,0.06571116827788365,0.8348209564806193,0.6679643878565408,1.101274939258611,0.8220532642418727,-0.053842267055458415,-0.14269885642297445,1
0.9671570075985048,0.2583101485475417,0.8704115170032041,0.4971159028041194,0.586122197871908,0.6763795865227293,0.1608437634177405,0.6476887529748881,0.9105491754345056,0.7791977040434932,1
0.5241374683689118,0.8070440535526872,0.5460535099828536,0.35174422142869755,0.4424885451052258,0.7875731888300035,0.15154644935697628,0.8041710654256545,0.3625174883522895,0.3921702578673194,2
0.10557730140767511,0.7080974637923796,0.6515747252030014,0.7378110446978698,0.5931210402190159,1.1307979367047494,0.06253494421646874,0.975591657468123,0.22201235117990947,0.18717190699513156,3
0.07384702483742082,0.42813924243323676,0.361407074523087,0.3277523938148903,1.0084819406033805,0.5915322323603829,0.17980835026271405,0.9827462598953899,0.668399229830411,0.6207611364110054,2
0.30260539515076346,0.5984930526397861,0.5824388262095674,0.8051801008720267,1.0125547287157297,0.5107117657211824,0.8804763021982075,-0.3095365476264873,0.8181512690352959,-0.07209648564128229,0
0.10179382371064051,0.8559817609351269,0.8243492219648428,0.8153512441694704,0.5285962427289272,0.7880804920160916,0.14617882190881137,0.8190213513324782,0.5927189530074145,0.5980241494471088,3
0.8454549076339681,0.8316147241545809,0.8715840230485797,0.6350359284277043,0.6065878638530309,0.8211395035530119,0.1340914342075437,0.7526119429584552,0.6672675197113187,0.5010927668483842,0
0.8429685888347703,0.14831043449517775,0.6428379395942275,0.08939890044293115,0.5285150091430844,0.3889347951225396,0.20806077975677287,0.9296255879112959,0.934606122285822,0.8195469611296539,2
0.13378746409668435,0.2711357010699954,0.30641527833496507,0.2945611064294979,0.9964985355915861,0.6139543983535419,0.20223586191117024,0.8482625332597437,0.8247946041979514,0.6314199518852426,2
0.1094658453354034,0.8571827212112108,0.8209949675764854,0.8110729304431452,0.5325158810362212,0.7800345887068207,0.1544844590349129,0.8351994152603673,0.5784301760417225,0.606758744819789,3
0.12216765134421304,0.9898741973754429,0.3391600083243983,0.08473311316295712,0.28566391564202787,0.8052530031569782,0.34748102998436853,0.3987449853041033,0.7807322252442733,0.5230572683740512,1
0.5260098436892575,0.8610314582171543,0.07569178002558147,0.5700071910605582,0.6578226838875265,0.5347305052356065,0.4481660719594468,-0.09459142508744128,0.637019405317731,-0.12555703467234827,0
0.4514461560145896,0.5990417490201754,0.869613626961901,0.9672197750426987,0.18659695947762245,0.21024375112355054,0.2880229522805153,0.62945622451933,0.09598385308522561,0.16153109911087485,3
0.5698567175945701,0.2880452729207029,0.06065929525385884,0.9591203913205392,0.4122214699745204,0.7601632994738339,1.0093879153664662,0.6852024824258781,0.5371960126681359,0.03098346306585428,1
0.3990984717460021,0.4097834105626873,0.8914720061460516,0.523612142668701,0.33443853393246037,0.7929132760074598,0.7553047286250025,0.64128480040071,0.32392298911342027,0.5696569054808196,3
0.33522890420037793,0.8716909124179011,0.38071751598989245,0.7637943662909281,0.8347689646558318,0.24861106018071813,0.8857515381336183,0.9579393939514422,0.25307636980672643,0.371845317523846,2
0.49604783843706807,0.018155692704609504,0.8822015615220871,0.9284533338137528,0.5536578954920626,0.7683211462704098,0.15209582186576967,0.19044693936407903,0.7229694628312475,0.6599802130637907,0
0.8512933559894137,0.14564885915787376,0.6502117390381623,0.08413722803274032,0.5283426580319099,0.39265085708982045,0.20354770502848027,0.9285838568731829,0.9376069496203834,0.8142435627128598,2
1.0669938556305856,0.32404245362951456,0.8779023123802228,0.586886663453425,0.44737790078874906,0.4941366851513108,0.24620793048969675,0.636883589655108,0.7224916928803928,0.795950349292906,1
0.9320852598524485,0.26868392159392,0.42485403921722953,0.3781083496363326,0.31548311352794944,0.6467301787860888,0.910861050810038,0.3500715914422619,0.7030136825550035,0.9418174926605398,2
-0.018866348946102465,0.11778842750084144,0.6072504919196401,0.2815718804344124,0.030926879350809334,0.23319091016517748,0.578924749589758,0.2292055344368307,0.6578824637057323,0.8001295785853895,0
-0.004835626669573434,0.08314347859076407,0.6082507627458349,0.25987600008290535,0.03858549862355319,0.2620981792224909,0.5460188550712113,0.23174884170205712,0.6388423301017659,0.7339029299393269,0
0.82235579847018,0.8583888366812031,0.9064642685359889,0.6999897915586056,0.6297933158814208,0.8165473198177379,0.06711447206275081,0.777542470811518,0.6996886195955174,0.5437156612807375,0
0.9170013202364028,1.4339236708231455,0.33923072715138985,1.223573711562909,0.769282297175515,0.8969613915695709,0.18868268219292172,0.4525592628161028,0.32854493963007114,-0.31611067281917793,1
0.5522580529161853,0.2871252468652272,0.12269514331635913,0.9352182920610755,0.46772828012658124,0.721641044676559,1.0183432648420452,0.7033190206031877,0.46689112548770106,-0.0285103368617381,1
0.5351717824727015,0.7563058443450592,1.4087595898091594,0.41931566415637433,1.0933450017602426,0.7240220674266642,1.3155459761736987,0.2977401745263194,0.4739282688592218,0.721169905620873,2
0.5379441909316118,0.05803615713200905,0.8624040246353635,0.9799581382725803,0.4419828934628967,0.8327407507269273,0.3287115007135504,0.10891583003552088,0.6422118289639855,0.5953182807028105,0
0.9355366882414469,0.8650986110345616,0.8472689065239272,0.5904846887844709,0.5128091140437329,0.7384732966245017,0.12114678691370265,0.8370384180570909,0.7140157710671475,0.5519462337977183,0
0.32277829513021417,0.9185505016076476,0.7992785224605208,0.8249146541619456,0.6704468042484039,0.9866240123794856,0.3973491811451754,0.3362317875956689,-0.009425253632136893,0.26410237351575033,3
-0.04326917317130162,0.732939812043376,1.0060720417160562,0.0916458791731461,-0.1621224706795794,0.6104319143016297,0.609480774211873,1.1432236199861938,0.6090648578099743,0.004258423906560782,3
0.861044144856851,0.14214594586955948,1.167641791480126,0.8533755375835511,-0.003233507818506287,0.02904630920741627,0.2495134709298505,0.3263739382325753,0.14269241064332017,1.1716842378254988,2
0.6935983253699509,-0.03188128553583747,1.1126749139219636,0.2744915949273821,1.291171412089188,1.4451311043997448,0.6431077982939915,1.5680701966767416,0.22799447962101643,-0.26092119011691073,3
0.9159277482205395,0.583830397211601,0.6842856892568044,0.2680864466143971,0.637707639674365,0.9233742293860512,0.4720155320508919,1.0170978901655003,0.22554036215458426,0.22012817167761076,1
0.4167141161468769,-0.017941757987880835,1.0681814798638238,0.8313292633203704,0.5149847337825556,0.744255991249709,0.3104478712851434,0.11157754804803931,0.5003937643829811,0.7114938450231378,0
0.5155157331073479,0.4485678696341994,0.6745637272585138,1.026840524880542,1.299420126389952,0.7155886224013468,-0.49832921326013757,0.5583610842808702,0.4664193124039678,0.5658574163398418,0
0.7655800557767916,0.692817649422214,0.7272768062712757,0.6910794005542632,0.5389808416228634,0.7204741860176023,0.2706400491546277,0.6279937384716883,0.7120186890394558,0.36035292906604593,0
-0.07496142296943886,0.20747344959534653,-0.3677422863520604,0.9706261267932431,0.5254166494919372,0.25728200161415843,0.8608344644575088,0.3831163517841331,0.029337035572945536,1.3039112815136105,0
0.006070551065232965,0.4635047105031903,0.9028665933479608,0.7349614543886392,0.1365265492254943,0.9387044593419432,0.006864043140359516,0.06036771647693555,0.5427030015050416,0.5589822397457955,3
0.47999727532791603,0.5719247551963116,1.1862745083724104,0.26026143286991155,0.8568595431503343,0.9326561307276363,1.0393764274517305,0.7094289421536347,1.0602095640731415,0.9627388601674686,2
-0.09757235869883862,1.189448026575402,0.23834153465327518,-0.02843693873930847,0.7727051272432629,1.481578172226782,0.9691582359972788,1.1748264332135239,1.4406159123310331,1.2558789823220775,1
0.11825601253185206,0.8624665744624964,0.8199501579026639,0.8140244494823314,0.5359808320663978,0.7698089523377305,0.15619619993722136,0.8307790403664014,0.5877303694169952,0.6123501202604477,3
0.4647886872460925,0.19485485582803178,0.5209031484028777,0.1388888077316341,1.1762081034807808,-0.07597229281902342,0.548674137365196,1.005038345113835,1.0245399755846711,-0.0932068577160089,0
0.057909397766386636,0.5333217196375103,-0.08744514816353532,0.19331453798779058,0.19674223669064383,0.4203533706756791,0.708006793533716,0.2202024108306535,1.046547334967188,-0.01792553806766941,1
0.943022938285571,0.6920593599567207,0.6529412063189657,0.16171844817268777,0.3088101615540771,0.7732032256289456,0.6609881095101944,0.6441503746769002,0.3781814443395115,0.008205096815741428,1
0.5254823762314267,0.035086570322432835,0.9602205423519324,0.8218552764900127,0.4823706276949749,0.7496226569118091,0.27781551930516996,0.07808375320594796,0.6053267260091011,0.606827932624625,0
0.20980012153366134,0.7051154175265242,0.3238047000162695,0.810067249194323,0.9910088625828622,0.221996777411857,0.8237748285303373,1.0894686961661384,0.3759293351480605,0.23905619293318858,2
0.09299720509209031,0.34664935950904574,0.33661468676626377,0.15717041644946722,1.0520239320449947,0.6094077120732093,0.10382286178504593,1.0629610173462785,0.6372310703463504,0.5105596587422994,2
0.6592538874944812,0.40969710238873985,0.7307319294727626,0.44058761127857626,0.17715959002078716,0.37914454337629944,0.8235880075127939,0.5105251474187945,0.7488921415037251,0.7525107545268279,2
0.8522933822972754,0.16835527708576017,0.622557347570231,0.07541249432382174,0.5199116232853265,0.37562562767288904,0.20991221549731395,0.943523257617688,0.9238763580981253,0.8155975999481967,2
0.14726185201733433,1.1750027585723508,0.08159651428738995,0.46339163937164957,0.32664847489651433,0.22755467052800937,1.1865401648312583,-0.05571641497776182,0.3922435182839936,0.3553402343368425,0
0.20424910873483693,0.9839260199059884,1.0602108511516308,0.5987410447725715,0.8759567700415557,1.0335657870472126,0.9428346393023015,0.509742989986797,0.6594343163690551,0.9134256324183907,2
0.9496893025574068,0.6445769287750498,0.8464742483708404,0.3220124942390177,0.633058476164967,0.5513205543496017,0.39197140494854243,0.4791774635984292,0.37262834920065474,0.652642405501617,2
0.9277687607864625,1.050795153154085,1.5256960657549747,0.4346214011661779,0.539668357626027,0.3440929559093715,1.6451020581102478,0.9759397290325309,0.4823036175471388,1.2250714163077925,2
0.9306854535293169,0.39876082546944686,0.8558682040527166,0.1601239649292281,0.9644052492850909,0.4122251225498694,0.7926597427716753,0.890542069101658,0.6706116871752447,0.577543729931958,0
0.32894315243077143,0.8643097402464063,0.3665890658080686,0.788596804740226,0.8782576020006407,0.2445729650387689,0.8652421014250332,0.9750207547960644,0.2494612999021243,0.3864788522715499,2
0.45433995263697274,0.10230042668920095,0.9738583645261769,0.8304682824893702,0.4738190448763423,0.755866390631876,0.22285394973155548,0.13451954735625146,0.5786650170693398,0.6279050119677412,0
0.10829941593089318,0.8509539748108599,0.8221147621667844,0.8146998048905638,0.5265053979415475,0.7732095953374076,0.14753991448038417,0.829573730194308,0.5849244761588366,0.6105454967160923,3
0.7710031282288129,0.6320521015528302,0.5058977949593982,0.05418664931119227,0.537787996882882,0.0028156837286976155,0.818580953916884,0.969314729052133,0.8009987084233093,0.7952360354388265,1
0.4373657330455858,0.5119106001350778,0.2639840248041285,0.6255414325850528,0.825326681628907,0.917869180816777,0.05655850722935436,0.6493229269550135,0.9372113995775385,0.16341514859405867,0
0.16123769405418417,0.15775468506701867,0.2968395018377958,0.7416344202742811,0.8635073075604046,0.2788684977476314,0.41233437225065706,0.8109762548693388,0.6137717174878471,0.31151759115536964,3
-0.004714650170013334,0.8682844634824669,0.90870732886557,0.32704330693893985,0.11809794573328458,0.3558148095838302,0.7858386566414066,0.9930523459763119,0.7146265589656751,0.12667182563113402,3
0.5464319795303202,0.27238927238461935,0.08613939468330828,0.9823633713032709,0.42599555551374213,0.7732649909126258,0.996267115394751,0.6732599442726466,0.5119735567190622,0.02177769095088627,1
0.16090554899620754,0.6759755541827074,0.3453215358827504,0.5002339254273581,0.541568352001184,0.8070479821721723,0.5796986854294134,-0.011342143805876746,0.9716423373714901,0.19992267959251925,0
0.8293366176895911,0.38950158386073597,0.8140880928357892,0.5374662112014923,0.6736301602972689,0.29348230933579345,0.7433893849003733,0.9833480396008287,0.99229250921803,0.5234282660371522,0
0.18834422580174498,0.7971783059962813,0.2917232332666735,0.8441420422598871,0.99367360169371,0.2738205490466193,0.7883187870863952,0.9593312459861227,0.15990679536553687,0.40285415430271515,2
0.9968297366030104,0.2347129053290104,1.0102570686924364,0.43858417525063115,0.519785603381332,0.5926969378100985,0.24664428241679626,0.6288339602482319,0.927186604963946,0.7919676010821601,1
0.7620623131180898,0.6540348160908275,0.7334933334985563,0.14083568643839495,0.6647170255589382,0.9711535946451794,0.6286001123154155,0.9048612860982177,0.3311258452640814,0.14354696086329904,1
0.8741323342637826,0.39971794571626784,0.8144992362296732,0.4138951184800734,1.0983113252081005,0.5881311951957908,0.8313458601767056,0.794463330123824,0.8006290429935967,0.726531261214659,0
0.3852056489151342,0.3238377541377533,-0.3536975656312762,0.4184022076889372,-0.2059162813059927,0.93945860464345,0.7145742476933629,0.3115930656242893,1.3980485860742364,0.07150275512105791,1
0.5217693419515375,0.31428637503813733,-0.34150280327805005,0.787291300490764,0.34048802235084036,0.4832236393067513,1.244428732599328,0.4610539152564066,-0.48214325458438034,-0.41199758346947946,1
0.4636822013071561,0.038605628773642695,0.9617907160235512,0.8809051597092995,0.46546822429936524,0.7722993525350222,0.2411075445157594,0.09689130680695975,0.6205189136009267,0.6157017626861426,0
0.9993193272391068,0.41001796334266916,0.9044387892312375,-0.03968432693133572,0.6205520113290692,0.2392679230758325,-0.05188768738500042,-0.1412521980821887,1.4158923519232527,0.634280941109715,0
0.6094209666807816,0.26250091797202835,0.3246764487058985,0.32937408526458084,0.10766728626723579,0.0854094482361132,0.4835741782729911,1.0163736663295309,0.3210936058374973,0.51837392886088,2
0.5699572152055339,0.2607618575409425,0.10920176875857045,0.963645367891767,0.42828806172879214,0.8018803254604058,0.9946250541400635,0.6608802518045629,0.5104340996428798,0.04117657954104206,1
0.11154609969625974,0.8577681660194884,0.8143826493264368,0.8213922534514634,0.5415042058353928,0.7714950213037531,0.16827026981972004,0.8453629878663205,0.5696910109150549,0.5966061273816592,3
0.30387867080802594,0.7625095425901005,0.4626151932517338,0.46856359974438916,-0.0031116928200396188,0.7423098244474783,0.6488459004581889,0.6051343719566173,0.17089949103321228,0.6934938696376745,1
0.04725373999081736,0.9863704443822229,0.27367205476056267,0.8735604131551084,0.5651294629065543,0.03802374361069377,0.9378658453829486,0.028675335926118296,0.24816116341439834,0.786828817306058,0
0.14507105975534992,0.04064351664928251,0.27402642797735066,-0.09213523934944329,0.25028019685191627,0.5248502162967636,0.03838399578834842,-0.09132786910500526,0.5319124542611577,0.8871088119783199,2
0.1713818069363587,0.6668037090923699,0.4180600140589489,0.7198422765961048,0.034378730981727945,0.9166800629492403,0.6530921364626869,0.6689831689431008,0.24874097268125406,0.5917627646467727,1
0.16529260513404176,0.6960811215758144,0.3833494808511046,0.5753318651183053,0.4092181360788139,0.8702472937934783,0.5449839898048836,0.13167314548434683,0.9849319371637544,0.180551472821333,0
1.0517909858042325,0.2801368629911542,1.0881462226772176,-0.08916609788643443,1.2005319511625272,0.506695533770855,0.7298458816800238,0.6377096510333988,0.7578919417661583,0.7711140246071331,0
0.5492283590964046,0.6002414822317633,0.8753456173006512,0.5127859450402298,0.48171981414634446,0.6363161618924402,0.5417513872472093,0.5804336790310807,0.16911166802206817,0.4156183180143267,3
-0.004898045172051013,0.10774107997334456,0.6263096246913293,0.26377691187904395,0.050672112549553505,0.20656220299301117,0.5908411857540848,0.2313363402901641,0.6875365752018601,0.7888709546353616,0
0.15153108108373026,0.36102946580063394,0.4713238027640868,0.0895015597981737,0.5458502150935851,0.8506832850724543,0.2846453920296637,0.04153341965909757,0.6795621478392811,0.6975953552254253,2
0.6850725525275044,0.3365055597357974,0.6112076636823733,0.39220869051784363,0.2731458947140446,0.47267976798164607,1.0154159001131606,0.37111608824518066,0.8722299618796032,1.004392893125718,2
0.17757274745848606,0.2025056930171857,0.8246649533664135,0.19734428438759077,0.7557917653648603,0.08167158636295586,0.7658926008988477,0.07850905896492931,0.27148478958664396,0.7669586366743013,0
0.4010294720430849,0.033290135571234586,0.20421646059858944,0.26099037154647786,0.2270067663372204,0.6430525309290385,0.43314301857850673,0.9720932071356009,0.28514306233902065,0.13155961161881108,3
-0.14608167292885527,1.296201446913694,0.04907371929177634,0.9224478656466186,0.419175152063326,0.40128417758187407,0.7447650330337254,-0.37572113255954415,-0.015506999183670933,0.3525701466574763,0
-0.23846438893623462,0.5697583272149567,-0.017464725626468378,-0.1414905218086504,0.3131884198435605,0.7940830777932357,0.3113674874492372,0.5627518384393908,0.9094168010598459,-0.11808419566156492,1
0.14928104478760826,0.21208642553465015,0.8577409030134597,0.17773648154848146,0.7833776916807079,0.06749337662102715,0.7628243373418946,0.09699189136999882,0.2973095275966956,0.7697811058611385,0
1.1670481317756072,0.6202715667502667,0.3756572849040044,-0.06894143836749408,0.5604392044973908,0.9997250539317378,0.666593928621034,0.7313296409134775,0.5524577796753158,0.21761687682224556,1
0.8674574732345177,0.8385255197490022,0.9194956048463704,0.6533303573215568,0.6641309293825043,0.753583928768594,0.07887620540246229,0.8092057180664843,0.6823473278675826,0.5723293787771464,0
0.46202423989538544,-0.23263072860340445,0.36317553343881714,0.5917089720457639,0.4984213040004244,0.34725593586236636,0.3268462228239935,0.9701347044224399,0.41545243618064415,0.5857061058773023,0
0.3472794484027181,0.8864368858324233,0.3947584642560826,0.767994756006343,0.8505314306638259,0.22200397415388715,0.9025497140258149,0.9651763690214035,0.2373264765258482,0.38925808155224506,2
1.0866906528162201,0.6873124156447803,0.8550079104482255,0.1058690262850242,0.6109682131059229,0.2817572138321067,0.607579975758485,0.4715848989408426,0.5512790979477846,0.6930779946902859,2
0.1122875654022343,0.8617994233356437,0.8157044333281804,0.8059309831114186,0.5401309663270011,0.7865457673043441,0.16696928013884582,0.8261018078234086,0.5816356101809667,0.6062998462435337,3
0.6350366527007374,0.7815725745744835,0.7659975757028343,0.16026208398503083,-0.06691240501726897,0.5927080993732494,0.5947862475140024,0.6981361654599412,0.05029811203240023,0.5420730491195935,0
0.5345358864043879,0.8046381311341977,0.533619798354899,0.3600225494847322,0.43835324482494886,0.7876488909068959,0.163196929288419,0.8167395470950545,0.3498865072167985,0.38874149308423983,2
0.8799014497072362,0.3896257561104662,0.8189326280913288,0.568445883082019,0.7045800470985051,0.2807403120346525,0.7110447563959302,0.9853007776867035,1.0032295366277355,0.5365666515581734,0
0.49847459264503746,0.28666720493120396,0.13254520510380421,0.9964595275362113,0.39202051362189116,0.8159053989499289,0.967503515523297,0.69046529935043,0.5130095558396093,-0.011641043250890153,1
0.07988246363163568,1.0853232932910721,0.5449447639873629,-0.05038758450363552,0.20936924042117863,1.0147046242900195,0.6313208995573194,0.453829361506356,0.7403272835114225,0.5147410874265175,1
1.200436024100161,0.9850943420147455,1.4518117937322912,0.19921729679983521,-0.2418872646398721,-0.23458083356173964,1.5228087730369426,0.9789885817423638,-0.03510408330057874,-0.5494619340684194,0
0.537438905530091,0.27051588518768316,0.10304786003084637,0.9749456119351356,0.45257712653708515,0.7906100246890412,0.9806931985015536,0.6522384544558019,0.5355536472799947,0.013093952196791023,1
0.8398056293105032,0.1471328327469295,0.6383835616665257,0.09048222743559009,0.5317463468733776,0.393849916827588,0.2087636514772877,0.9365203758430005,0.9369574110602237,0.8219229341155637,2
0.6683639372933415,0.6211266751528078,1.0194220302691734,0.5602534371990024,0.3848127493252495,0.7756399186341921,0.7543808165256127,0.38599246089521366,-0.08884021920473889,0.3190688316103475,3
0.6648436991976914,0.04428322525414574,0.5863743091697772,0.5308821611944313,0.6026801176752262,0.5830889800162052,0.07587310220819328,0.6088879980738362,0.44424424932916246,0.7197557625702043,0
0.3537504109236794,0.8698195527230488,0.31839326023375886,0.5232160985720447,0.060547406848192875,0.026077064053718846,0.250369567782581,0.20572447456422244,0.7524512232089331,0.911130834100585,0
0.3373126271118545,0.025389351986783076,0.3343142873165815,-0.04475431780851022,0.32005652530068807,0.9545467834640434,0.4233507005088211,-0.046480962780009155,0.5616467625530268,0.5855790392647129,2
0.025246030808349283,0.8942247884124389,0.9069101335607739,0.34471472284485377,0.08560917678910565,0.3484051585658198,0.7993025935816589,0.9778143099931278,0.7362595892701811,0.13763038320829335,3
0.4343659064990907,0.6437432695163912,0.8826940763272241,0.9487885597864584,0.1795755451832119,0.14211337817089903,0.2531846724080766,0.6362621903221822,0.09310837547510181,0.21691440477067347,3
0.026502732895432046,0.08910726440653545,0.6352500991885742,0.23147756579662565,-0.007386060143891052,0.2707569840833041,0.601682546856449,0.26385880131680023,0.7230185996654224,0.7975606489897129,0
-0.0021362814607200353,0.5432137109212077,0.9659540216032257,1.2672624512432062,0.7132990094349814,0.16067317616603538,0.4843904239142511,1.2916841811291901,0.15961124514108788,-0.5059669702375903,3
0.8922810634314887,0.22946492707739896,0.5108209693224651,0.5116213007231772,0.20467568843427303,0.14868602716846158,0.21111657750528012,0.8364603797021706,0.584339630138668,0.6333041724251732,2
0.12526467515930662,0.18658029729034079,0.2533503624102871,0.7435950839695498,0.8684999462670119,0.22287307309094406,0.47068363022166904,0.8095188332850985,0.647256816684656,0.28559471044340146,3
0.0061448120992503704,0.0810151230066626,0.6562556375244193,0.25548136281246414,0.04881698271011044,0.256140802799478,0.569311792389528,0.25071076768276385,0.643558649236917,0.7598954206680771,0
0.5863185478525419,1.1296540252640597,1.394427330281176,-0.2924001053971177,-0.5675641846219033,0.10484998809792728,0.5527019352439144,0.16726855541758612,0.7095328604689712,0.07139791432113168,0
0.8458192379880254,0.3068562611403379,0.6568188316237187,0.4929645184548435,0.2795838741594576,0.25492706211029803,0.20658829882412122,0.9332286347101079,0.5038363436748029,0.5556501219945015,2
0.7240563425022506,1.204025144089734,1.24889073673741,0.9757235769357473,0.6833690582496722,0.5631099129148665,0.10352484296436965,0.6182196849071715,0.2750311130459387,0.14567321872573913,1
0.9348107731400953,0.6533359986840508,0.4762544708952637,0.07505588631926105,0.43987367755187173,0.8038956121084272,0.6596556282466128,0.5831278637844067,0.25951201459634055,0.07902735178904018,1
0.17098933612652267,0.7094131999617673,0.6357783360003313,0.4219857393274026,0.057948646716027105,0.782738818649164,0.571595780473265,0.853391743516158,0.06496983926968757,0.6686676183129152,1
0.5461771617642485,0.2714863266296882,0.08290293883220798,0.9828786105185289,0.42641532038045943,0.7809677375732156,0.9934282083529462,0.6673345990699346,0.5136007763602263,0.014939983528930046,1
0.214432071936854,0.3915987470323521,-0.2169765591104687,0.06606322333336268,0.34445206299482634,0.56031743636526,0.6883946368722463,0.04872260192702965,1.1779428570982224,0.2724914831851721,1
0.35917258764012194,0.23338055250569556,0.5635541259317975,0.6302853648152995,0.04778444137055204,0.5092225651666182,0.3627818366144821,0.4971523994125262,0.21185313705417305,0.7229125570808319,3
0.1981977808280077,0.021024028975225817,0.699962302256326,0.745554694105717,0.7757305692452307,0.8632027870918505,0.6196426385123471,0.18896856799944417,0.4640253953242996,0.8371340589723685,3
0.2291424666217502,0.10777006753703378,0.4051348474841777,0.9840945580180126,0.8347633991682778,0.7731023548257251,0.2529158680685382,-0.059330376720896916,0.8242564859029022,0.7315899457519871,3
0.46490753602621493,-0.062301624957075155,0.8413733189877906,0.7759625379161802,0.470562342748882,0.6524572095666925,0.2831832913434901,0.16347502501307623,0.607473500385096,0.505856614974548,0
0.36590433825902924,0.04807814592145979,0.2482849959925832,0.3122421019788325,0.3020386602624757,0.4958212924217954,0.5492197786889355,1.0298819576349239,0.38362789578822787,-0.03154627254236349,3
0.9059857175719729,0.3674574662718219,0.37840022238622695,0.9895192258528273,0.6525934189747474,0.5620687709330239,1.0015394084574007,0.6568601378050377,0.8953315232039101,0.4009953245932239,0
0.436578954895853,-0.5411424071027094,0.8419646427713471,0.6840869613198532,-0.044893900075834964,0.7139571296992955,-0.7288435657271757,0.4882186586628225,1.0425871182327349,1.0246268322821186,2
0.12045200545979935,0.46997096167295677,0.3140582990985542,0.952441063202913,0.5897850297054066,0.7764960126106262,0.35882494539656656,0.0705240554884761,0.1734259610520656,0.060482263649799445,1
-0.03573338468457399,0.44499235751939353,0.3775448906469412,0.20411669204170696,0.3043522378286755,0.8791840928014095,0.462868568470898,0.02356581527603413,1.0841094171874806,-0.07080137579192847,0
0.788575687296048,0.840361627223672,0.9586545242005301,0.7301081568613494,0.715474112628042,0.7614183383250275,0.11844360962201612,0.6745754581034813,0.5648150127067365,0.5785611528330138,0
0.8450455600011267,0.3602534394821785,0.8229992070833141,0.5832589254918353,0.7241735503987609,0.2568719853391625,0.7090895850469711,1.007713280465488,0.9996022903310166,0.5153638267513119,0
0.11103476249380165,0.8555270465649019,0.8207025843044423,0.8097008887449354,0.5321994175659485,0.7788038573621958,0.1545421116931446,0.8361691225728922,0.5778588588261393,0.6061917153849384,3
0.4338040750986115,0.5367761534080696,0.7729149963420507,0.9158884204003236,0.12321889310422837,0.2632376151784736,0.32756926887895915,0.6110579241931919,0.21775956341762626,0.15751082622307558,3
1.0124988187577204,0.2907276431525735,0.4998694532859988,1.033905722037484,0.5629126848831152,0.476461324930722,1.082000959245705,0.6009970582170805,0.9882109791979928,0.3487796998798876,0
-0.08212031607084494,0.9369417214348995,0.7850849911104766,0.3211196453924112,-0.0377519076215794,0.32467656733985456,0.6739042137150485,1.0922166337978554,0.6107317198196326,0.12446848373979251,3
0.948013681897716,0.22335108064798317,0.9660455807604231,0.41139811419437017,0.5396754152933171,0.6084589900355316,0.15220564794786554,0.6555156640343747,0.8023835901593266,0.8864373465433297,1
-0.014951081114880912,0.08680389986118717,0.6228451982242331,0.24689165886189224,0.0424826631274641,0.2055845487921549,0.5765676681267888,0.237123919658165,0.7019941088156546,0.7887202441795351,0
0.7965038076293239,0.5123257390490226,0.8594224048543738,0.28411632788111263,0.6625011576109325,1.35783396421722,0.37507194018663415,-0.3408564063932086,-0.16655449574644038,0.25628127057297384,2
0.45987176157705406,1.226432636250155,0.7544464593997998,0.32319008623542617,-0.026662741380385033,0.639529869019333,0.8936385831214493,1.0910076735060243,0.9649612979995501,-0.1878337851370377,3
1.13073467835776,0.9682209581768191,0.4785967884395439,0.47296152637389394,0.28761619291829676,0.7815586252229978,0.28877767409136906,1.2667210109584022,-0.15909850131187364,-0.01064886275015664,1
0.14236961006751042,0.9619381712526307,0.6986276672689654,0.6135880045102186,0.5526588900252996,0.7916861193083755,0.09920446114620202,0.9334060675376032,0.03650510692040902,0.21584147975968515,3
0.0046395169624547025,0.09922042280696183,0.6307377337887077,0.26669777173151915,0.03119363553613681,0.21724643260199278,0.5773581792010136,0.2298793614309037,0.6751096355308979,0.775223150108939,0
0.8088906967252988,0.5186690557022374,0.7663758428575151,0.2064067226089252,0.548645244807458,0.9058155322043971,0.5027558391930184,0.9631313686989227,0.2196436369128967,0.1199248440142917,1
-0.1118720649901758,0.5143819468268207,0.17642152262264327,0.8986459618055642,0.14453875654243886,0.45888129601234035,0.3080455758836512,0.3466644794996789,0.3816063068000708,0.9876984927295752,1
0.3686041773060255,-0.25588112594608625,1.081876357428753,0.5339080809004709,-0.43563513663827724,0.01152855299987321,1.0832088954954635,0.9342324676214,0.8026967009041068,0.3309203252951446,0
0.35957541393154124,0.37541033691671283,1.106002219951749,0.8577382123766899,0.0388471671331139,0.2795364761644498,0.5973973639720893,0.5369209477993047,0.4382476423412949,0.5173261774328702,3
0.2820860727886538,0.864464445033629,0.34207573516348844,0.7881987775894417,0.860131826282669,0.28579700151612525,0.8866833752599472,0.9467657800912291,0.25164050712330904,0.3590971984549484,2
0.9002202829004563,0.24024202907240216,0.9363265631735536,0.47068978075926476,0.506228443451802,0.6598231234356822,0.2267887379527343,0.6913327907926924,0.8495887672971246,0.8579417157301158,1
0.8046812164964476,0.17175750650599392,0.6274100664101956,0.07732492272634474,0.5184669222140598,0.3980421696035767,0.16595141731820007,0.9118029574622324,0.9358968555760964,0.8168676558523145,2
1.6285583878732024,0.7284414113887925,1.5948222579342073,-0.0032137454216085715,1.0644965719470476,0.6500415806704465,-0.367421105424299,0.039833826306181375,1.5940681034952113,-0.4399368952387196,0
0.5286761217873088,0.8125090274565361,0.5297049356438471,0.3511810618770419,0.43924288952460955,0.7899995503563522,0.16492151795544585,0.822583716755371,0.34784562004722025,0.3881712903933076,2
0.3541361040488239,0.2369477756890982,0.5749739715125708,0.6653578661946418,0.1011534232197062,0.5348153820171457,0.3568417850535642,0.5175374130013423,0.21138437965183288,0.7732737825219241,3
0.3358971398512123,0.02801366485939563,0.3204154662516627,0.05098926080869477,0.4134268008093323,0.7151205671833615,0.5857349329580298,0.08721648000776655,0.7762859749505783,0.6812925814166647,0
0.08036472957558816,0.5647384827766975,0.027937105837276474,0.2303534102657103,0.01708690866189659,0.5089442472749751,0.6117368162599581,0.17174869769746934,0.9443406875540633,-0.021053275567307204,1
0.10309278670879322,0.8555597223743076,0.822775550041795,0.811250634795524,0.5362243397308709,0.7861316786189237,0.15243377646625847,0.8225467214971701,0.5885228308625744,0.6057077103066638,3
0.025579301583546127,0.5509588281208972,0.30137858445034693,0.16983371565056268,0.9456383272460507,0.45257826800981854,0.9865287636451355,0.37772691691436516,0.2523781848270121,0.6325437295602943,2
0.25147154650512454,0.09738352301936906,0.5975765770430685,0.9341096444409138,0.8415583210713331,0.7806587025993355,0.6210589791440622,0.29248500770106156,0.4527904636210303,0.7352061938710012,3
0.8498424292407456,0.14591672692702748,0.6463955013606396,0.09016603307214512,0.52891466713227,0.38622120453134395,0.20021619695307646,0.92890154872888,0.9375098435880923,0.8262208734488239,2
0.4210254479235018,0.08889045157880618,0.967078551293031,0.8497695160051816,0.40572333405983974,0.7113519674151573,0.31204407729918865,0.057394417261966285,0.6148563298154023,0.6947141965638052,0
0.7806037708011451,0.6460670083410015,0.49627666990504377,0.04597049493280986,0.5478534362626403,0.00045998644049256507,0.8056704515947231,0.9940294628745362,0.7942821980173603,0.7886555340421734,1
0.13417840753017485,0.6330910668175586,0.3237370818337013,0.5425545858724204,0.5438936915056095,0.8679179771140377,0.6165799786110931,-0.00823462421017513,1.0431789361210497,0.21574473239487016,0
0.14512635668704887,0.893060683833468,0.9106540250774703,0.6065273980240163,0.9022362121792651,0.9451386451760422,0.9841416337804453,0.5788875913578686,0.7749234167095208,0.8668452260335003,2
0.2113898927545852,0.7814784251897369,0.6225247602936538,1.104920734596671,0.4573113911629016,0.017259133386762854,0.2092743564470706,0.3604163542893144,0.20237562884995494,0.34038600170899563,3
0.5149218106009137,0.893944127595717,0.4598890437011508,0.5535049724434644,0.7005313730593274,0.4245737971034521,0.8974390682731497,0.9449896043816084,0.06740875005749516,0.40924147977639735,2
0.1851315524237215,0.6265573326666428,0.0697054210876623,0.27047408668615863,0.11201547971712258,0.52168004710867,0.7122990706016363,0.17568163557354516,0.9745515107042562,0.047375854655206294,1
0.2651179961799633,0.7453979021009813,0.7805763556255559,1.0448768240937383,0.057166780706579046,-0.07529010947141657,0.07426329625620579,0.5156961001799425,0.2246527543701828,0.4510455389817575,3
0.5457099074178374,0.27284318622237697,0.08557264435792415,0.9835209700468766,0.43008127643108407,0.7815108839948652,0.9900099731284396,0.665153467798297,0.5125288949256503,0.019499260977955214,1
0.9767659947840474,0.7079667374473264,0.9215312927449728,0.13378434135321887,0.3546585193813093,1.0216328642192116,0.21220305429509517,1.07054662931953,0.24757564176591554,0.2630602528343377,1
0.12516046979578258,0.18759313429884455,0.2831373996149623,0.7293522435598242,0.8735919039639792,0.2548093969532459,0.4402621649429652,0.828430371570318,0.6425624222230373,0.2871996787468464,3
0.4287821539020768,0.7281372830514022,1.0127191165862433,0.7462741624575486,0.07954650732202986,0.16791512373676612,0.07944736086697238,0.7086089014569655,-0.07972318818690402,0.3028516146328727,3
0.562306189702386,0.24150670266094107,0.08154927439027335,0.979089000964436,0.43807908979013765,0.7851219473204212,1.0335866044235726,0.6330348042486021,0.5517165506758693,0.024750787852838484,1
0.10314855050676323,0.22200431371561619,0.4515152019580243,0.7901490840293078,0.9102316195319637,0.19382781838321914,0.3691747718633109,0.9694827675771727,0.7190612268321984,0.26390270104308344,3
0.46106814889513914,0.07721517507673044,0.9988141410387653,0.6975037586546637,0.6223878142089287,0.6390693625095639,0.13365188364048963,0.08138185480866028,0.6559212161205108,0.7696687950570182,0
0.18190158529731135,0.2598898165553261,0.883893290701172,0.14827121529776066,0.8074924221230966,-0.003629153269915364,0.8979772084302058,-0.049050132481350095,0.1861390524311281,0.6596787351802463,0
1.1799270691230102,0.6600464412620066,0.6597066023773702,0.3634472502021399,0.5393354225939961,0.8770816322717969,0.4693615741788909,0.8022105178860384,0.1714344965972141,0.143675714693353,1
0.8562696942318024,0.17317832122483906,0.6131624177790533,0.6045480653385411,0.14203720036141287,0.1273550799929982,0.2234710715891466,0.8663939159363601,0.44978454481018804,0.5483348931624836,2
1.245050391056227,0.4058803214919071,0.046903283281906405,0.5030993397134903,1.4609172697333777,0.5953534633884165,-0.020170893771592313,0.952048960601552,0.8507538544475368,-0.2058690510965449,1
0.9898239541729127,0.14126446359574987,0.43554037269635304,0.7455540933575717,0.08716104296511373,-0.015369462730743577,0.15595154138941553,1.136558695651216,0.673635000809317,0.7969007725183228,2
0.2459875032156429,0.9576062623123216,0.3841003618186734,0.05644368753718818,0.1935107814687427,0.8981570617037358,0.5045245921257118,0.2705875698221533,0.7582011747783378,0.5454231926018581,1
0.9751476969670765,-0.15034543818546003,0.552782127344845,0.7255614368548529,-0.19173928923275363,0.05386271826107902,0.572055900589277,1.0747865679381112,0.4325396747766501,0.3426943262035912,2
0.989526672798657,0.7111287305698631,0.4458816168552767,0.10737556804335557,0.45739286651241096,0.7746132542119563,0.6909737190113849,0.6096035847580984,0.22891689228412354,0.06067944117864621,1
0.6998920062373756,0.4028925250093643,0.6664004108021065,0.2776742849927206,0.14169789948021866,0.5005726295048891,0.9719379737562021,0.4013072925655081,0.728770290839319,0.9343670125293647,2
0.345731842066928,1.0547106518835276,0.5582231966635078,0.856142965093047,0.3206237625081361,0.3796110745021196,0.5411311699208512,0.6248739605747862,0.008093335811655972,0.43847876812382836,3
1.0412585451037115,0.053211789779948254,0.5545536979679491,0.5768975026856641,0.7733044111298384,0.6672453336409446,0.4876705663735609,0.7410934015056287,1.112538942536027,0.7730609615155841,1
0.15078205686812862,1.105600137495296,1.1632841017274047,0.8997463215670617,0.757145303045061,1.8289228472264338,0.8338140409604096,0.7351739434786129,0.7752356828082708,1.0286244742898414,1
0.7214333320269031,1.0407069944975482,1.2284182320161718,0.13589670273482368,0.16191163043692136,0.2805364706322463,0.05195300685669835,-0.42845168518189736,1.6433373693057165,0.7886941999456742,2
0.27613084954995676,0.9529497581195444,0.6466602469682629,0.3722791161868867,0.46223236042824195,1.1110230795621097,0.10127107380295482,0.8779443301812022,-0.17649758125433976,0.28245948686755346,3
0.5540827578209846,0.26844625541551703,0.08126896853383274,0.9768704877218627,0.42784855583606857,0.7709088690985383,0.9932687220607822,0.6697053886824483,0.5217783011767892,0.013631064840236169,1
0.9440671337552541,0.2596365729282759,0.9197903850355313,0.39388277923947035,0.5736531668842099,0.6896440677917365,0.14509898499710466,0.6421045630931523,0.9222148355987215,0.9045590775435298,1
0.12076534961729361,0.7744516607377445,1.0294504858044624,0.38532616443352513,0.20273695452632434,0.4354579538164716,0.9029006759595284,0.8484010341583891,0.8574186574571756,0.13610992942971392,3
1.221925266007053,0.7746743197837556,0.5742280049624108,0.5930790696101593,0.63732420462202,0.33137915686992914,0.5861624196467943,0.5121802565483772,0.23430356307175973,0.711493332695433,2
0.07117288473849936,0.8977295214699806,0.8348163877902757,0.585098782120216,0.4748183983362463,0.890935675600526,0.23763314186207973,0.9020953369511874,-0.03523018600907322,0.18231500200304046,3
0.32033662270075286,-0.05971387573247053,0.30102730524549626,0.24148508157435097,0.9048556659697482,0.295628595305791,0.8296763925528385,1.194265743732179,1.017353100586439,-0.18809304282333011,0
0.6206388837658185,0.8252805661383728,0.0041707507123856236,0.5651948880121016,0.6503359184762173,0.4714354881509121,0.4231502123821117,0.1800379017849609,0.4874009590387077,-0.07712421814289197,0
-0.29708693021283533,0.7584099543767595,0.6489152247227452,0.5661289343233671,0.13725551399870853,0.34907875530911747,1.226951547910057,0.9115936501327138,0.198383481256329,-0.07034505635384161,3
0.07384248221359892,0.08653176556380034,0.6661545011759982,0.34062049950359014,0.12039547143044987,0.16778349447666743,0.518326401400628,0.23446219696125334,0.7004024356139547,0.7846084289256,0
0.10802233213000934,0.8547051009343599,0.8177711169321925,0.8077249202481649,0.5342615772599496,0.7758524749716055,0.15376227685884625,0.833539734732819,0.5763388821743493,0.6073302729762052,3
0.878813447744634,0.652226722028057,0.8296884647888272,0.2953952836045432,0.4789135415305581,0.7673310608987607,0.6140481470294372,0.3532403406643242,0.4697255011484929,0.670261942241983,2
0.2930208728247162,0.7257206383858759,0.9344394854258046,1.0608375696205912,0.229886468637352,0.11206709716987448,0.1477438475535228,0.5906096312748413,0.03207793781708826,0.08673185195240775,3
0.8046380584340916,0.12183078210324717,0.6489667723839869,0.4962237323738066,0.04010974157144581,-0.09456998890080431,0.1222974577859186,1.1019705351282074,0.7083215765388932,0.8177541176697625,2
0.4547711535328933,0.07128317510019534,0.8999188847949615,0.24786261726475672,-0.045682098315075415,-0.31882565103909993,0.5994584338123239,0.45456185092491624,0.730069348723323,1.4118025419869813,0
0.6936920944513191,0.35717081622127045,0.6144687731333182,0.1803084902129676,0.12764450179348152,0.4654186122702051,1.0082965908871968,0.49380502783712094,0.6978978628501842,0.9477361529714884,2
0.08891108738635359,0.8531815827990461,0.7927437951542182,0.527850981038945,0.508378984234432,0.8672819465404005,0.24421871519264127,0.9089323122695713,0.058236625205569714,0.24821051217337992,3
0.5892074941639953,0.8092771106931175,0.8620803625863441,0.96855200704757,0.7422588675066497,0.5300759274495629,0.5172755069413902,0.3888276708738084,0.16810234529636853,0.14567207821218453,1
0.5393403454222954,0.6790415096728025,0.7516791530747285,0.9424183119904385,0.5741864531662604,0.5034343687463099,0.47916290223352187,0.2752331977879834,0.26790158276077136,0.10344705128356851,1
0.06341285042607414,0.7980590663967523,0.20408906121776443,0.7964265733770464,-0.08332096460659384,0.5966798446018192,0.48839102987008637,0.37988356691265845,0.2519512131353333,0.8333703580982236,1
-0.07458862088625054,0.8957247812632074,-0.13542535329918884,-0.07043899000932075,0.3767095549478041,0.7109079316900372,0.45323470532228816,-0.004682046611607538,0.472740109087753,0.08642189736667062,1
0.03102093135692465,0.07304327907978056,0.6582955489781874,0.30922871781400285,0.011844969550904146,0.22642436204199928,0.5901037130532879,0.256179649033791,0.6738207858243674,0.7382391950203414,0
0.8861110827057066,1.011339585379471,0.7196342992838515,0.6873310804534916,0.8281161077198206,1.0223497174126908,0.6335161798491076,0.9736110278792924,-0.3640368450271273,-0.0006268114851903372,3
-0.005448883379661797,0.8900959341286357,0.895290631902959,0.3037495445373535,0.10028891389293428,0.31064001635632427,0.807752102260328,0.9572523106010778,0.781292724358912,0.1702596175093193,3
1.021377978780333,0.4101089836604219,0.7406523039332966,0.31324454058667717,1.0406899156254998,0.5176049898974204,0.723549833812663,0.8483868356875414,0.6683453988202357,0.7098836154267469,0
0.09601578538689537,0.7569305604153633,0.39660774082324224,0.6117047057342613,0.07893063087537512,0.7340649493669661,0.4642928001547692,0.6247136160897343,0.06245593733781407,0.7760560656666423,1
0.809805167510823,0.5561430542642242,0.5874446315499836,0.10287207557283322,0.455858952802749,0.02534675883180905,0.798563717456897,1.0720681974368105,0.7563060649773156,0.8729904380238827,1
0.8614090113181839,0.5547103707383798,0.6058667739225179,0.12721746294459196,0.6577212406993884,0.9017831379036133,0.46719255250427505,1.0584422663043638,0.26210514349533887,0.15250237063653033,1
0.6572066964709905,0.7985137150795708,0.10136640326605514,0.7015190144990908,0.5124636978991004,0.4046743734497074,0.5469428340552503,0.06403596946924225,0.480670661516512,0.009540656728787419,0
0.49041892308760004,0.3486264391387257,0.5022710316956156,0.3722061614395593,1.1131497489505284,-0.0492767549971844,0.6374871212645462,0.9702562078878618,1.1058756924888549,0.0628318669083717,0
0.09322557213875518,0.49859968692366224,-0.0033828858774474085,0.2515883650593432,0.15378359053644852,0.41445038875293577,0.6098070747157036,0.23418148695753677,1.077063683332144,0.08681754427451902,1
0.9225277724095347,-0.13797269570564977,0.26421279419098836,0.5574041339447494,0.8446460194482621,0.6479725222090641,0.07769520646404507,0.8132212569559835,0.41529496283214434,0.5484920137386149,0
0.5356664539096085,0.8054355900473963,0.5296335133827637,0.3655775619200517,0.44350926447972505,0.797033765875945,0.15773726273433908,0.8124364224445118,0.3417735859007503,0.39880288251014007,2
1.1411404405258068,0.27640807700046655,0.7335251706218813,0.292764602985769,1.0377604957885684,0.15211881842090016,0.6379540810497747,0.8315268249318148,0.608677885801196,0.4574174666649607,0
0.16172043221081953,0.6087125418721913,0.2442212160925012,0.08961748376846444,1.0946888677491151,0.5733413388730608,0.9242276088685266,0.28476583414699336,0.14721285210150808,0.5251881615368474,2
0.8583710619906579,0.20001155624937964,0.4670240476323402,0.5378698223366888,0.23863501675735305,0.011588178906841787,0.317525947956533,0.9718519639703894,0.5829754902253608,0.5755941945005405,2
0.5340573140780536,0.78266510952786,-0.23083325825935452,0.5553489567872181,0.5654361124106351,0.5915526534301545,0.73649317743078,0.3596778541965756,0.66693074556608,-0.2855939990098292,1
0.9427207829305607,0.3902752139783576,0.8386259387545427,0.1754772140166685,1.0017463895475331,0.3901232754068387,0.7677692585092346,0.9001812572477529,0.6953235873165798,0.5772320855794777,0
0.8097659425880155,0.603127472337918,0.47877258274950213,0.06288875097842482,0.5270517901796234,0.014974742585582904,0.7747229240424109,0.9462030745913167,0.8166789746752912,0.7760074548184183,1
1.0681094471933013,0.808989012089576,0.7308639460458167,1.341233989563851,0.0680984389937962,0.39630944249366695,-0.2044071964436413,0.7625637781135919,0.1688691132374086,0.4108080501927265,3
0.5025692223523204,-0.004160609628247063,0.24269195373908273,0.33852532188961737,0.2610568638151228,0.556820215959505,0.41119035520720026,0.9512382893693017,0.3988094991620011,0.08652319398624755,3
0.07643069965773515,0.3300742832383403,0.0681709720597877,-0.025802507825548437,1.3808872937092926,0.44410372790073815,1.134839987744258,0.03316335759593869,0.3992629440368498,0.48113261633610693,2
0.5977730271992803,0.43406748808423934,0.3846213665638558,0.2507194627418833,0.42994105779797676,-0.017848732169855025,0.6085340258435215,0.6309421384091436,0.4059311971199076,0.3616920560940149,2
-0.24710494604827704,0.3599881681482733,0.07397731707849248,-0.10379095462950383,0.013805698057497318,0.7117092824748817,0.29513142325217867,0.06812331457806686,0.5001542479674796,0.9987335251043828,2
0.12092556874445634,0.16928062565153149,0.2819692632340083,0.7188878462096718,0.8727491466812992,0.2763642940870562,0.44564910842021926,0.8146619534831101,0.6611383469656417,0.26558899108252243,3
0.03960245897731493,0.7818395859824371,0.3066497483598073,0.6236599773894278,0.6113989896802486,0.7536207839064826,0.6623014170464764,-0.0679374028824828,0.9445046067725875,0.17794642541220798,0
1.434606401860591,-0.7386053816336806,-0.30309942912933574,0.3820549223762821,-0.6154269707405647,0.4385561231574746,0.940655875959706,1.005983617052482,1.167599032023943,0.9019673551357464,1
-0.04917706583637383,0.03882569025703289,0.6045546606642027,0.26849449815952003,0.0034104709541706545,0.2265491548581989,0.5728199265479953,0.2816629381325807,0.700543755035125,0.7495607807771887,0
0.6080630904831443,0.2954649149870556,0.4267878200764013,1.040900256636194,0.42019985076714794,0.19224382261091766,0.5420917670421854,0.792124199639421,0.4434598047382121,-0.007472254614684634,1
0.4091461895220974,0.1570529252308978,0.5609285160377897,0.84861301691611,0.7346479932657716,0.9271952492723252,0.4000768552439322,0.09911332266823875,0.3941763749653291,0.6288990499079241,3
0.23743666379397232,0.6181611651582729,0.11791928974331514,0.2966930807107712,0.023434984292656072,0.4089360037846266,0.6604852964252305,0.09164405332330844,0.8937602646459221,0.08886087289247814,1
0.05808686578716629,1.0211591125890802,0.2685364761355292,0.37437660062001377,0.9134962443990675,1.0079627364082178,0.45986297751621086,-0.036907971340149365,1.2859534307323388,-0.008496046998307333,0
-0.01397113931936167,0.4637147833087951,0.013202311433415007,-0.07687506855200277,-0.08570534929837156,0.5760001361290636,1.0186579170297791,-0.10256463557001105,0.674102521835142,-0.25588797807002656,1
1.029040835849755,0.0981399080948138,0.6620664474485702,0.14627416025029577,0.45042828660020195,0.3804089596835684,0.23204133320475234,0.7571932927319963,1.0872054689754085,0.692677885270683,1
0.9782219381340028,0.2437646547911975,0.8514536892531323,-0.05829684824967993,1.179157600251663,0.4543639097208785,0.563764513655434,0.6693303654602507,0.5035418028084551,0.35746465138543704,0
0.4708939276344535,0.04127301120119754,0.94123350915781,0.8545170280677047,0.4522545017047482,0.7596766214737334,0.2601333357453068,0.11269442561607584,0.6184458043670037,0.6350839671377954,0
1.5700673373312128,1.2703036030988968,-0.11300527493440016,0.9729199983968274,-0.19440546974100315,-0.6859364952383137,1.438070415306873,1.4183068145608273,0.08566412057504247,1.940123038753517,2
0.5687357557031616,-0.11977546932858876,0.35376511245251097,0.22010704087677482,0.3331730754319859,0.5850790661202236,0.35101142671531954,1.0259910917995607,0.46056207714638386,0.10024747343776308,3
0.534344395969712,0.7965456513125374,0.5280936705689153,0.3496288256000935,0.4301706274203097,0.7799517264141341,0.1759313522817165,0.8087620792112052,0.3413537094990115,0.40163100960112164,2
0.14100142189765524,0.7879133197391931,0.49593648348053276,0.5839679402905401,0.176550485268216,0.8238457005809082,0.5213570523044866,0.7414721248767984,0.06999135991082595,0.7435729183305076,1
0.5943801149692581,0.3158259875683562,0.06625607587279336,0.9380916894600931,0.4533889926014869,0.8307071059009359,1.0390594533421493,0.650665389064432,0.5591765312656437,0.04115665954554813,1
1.5076276594147748,0.47489325169875507,1.4347646071774705,0.04042767733938907,-0.6688433317590493,0.4369622980600358,0.26867388736658315,1.0005072477107626,-0.4241707530994343,0.5474786685738404,0
0.10883296992849044,0.8504778098624234,0.8187700256699009,0.8077056368529395,0.53957220210359,0.7746154572528898,0.1639106954151098,0.8486355395675983,0.5796095774104302,0.6217522737021386,3
0.42356632513849685,0.555675013684677,0.1390438978792592,0.6266432348092599,0.7049082492662787,0.9764637889709107,-0.07093647041504264,0.7134296562798802,1.0166841032480882,0.11420201389861159,0
0.8556869400862851,0.5572192607716727,0.6770143286972239,0.22806096173635582,0.6135689186386236,0.8715187319136022,0.5303756702093699,0.9843057652824427,0.26200607397759595,0.17913639909263807,1
0.3079559508701668,0.298945668975119,0.30967390175963533,0.09832795164718627,1.0537035386942375,0.768110450907846,0.16355188534331996,0.6296038954200128,1.0600933882607533,0.4743129135484778,2
0.5399019633638309,0.8081911049261605,0.5357393704723086,0.3605808404407215,0.4340641963898603,0.7819959599279761,0.16623893953461497,0.8201956897311496,0.3405185091173867,0.3809548870951634,2
0.5254333306248505,0.3103792713532752,0.08945362275881753,0.9353813906656337,0.3848295955611863,0.8372944088289029,1.0114687255377992,0.6276661848448157,0.5582289453424337,0.015545655641455058,1
-0.24439679800312425,1.1490597716937754,0.717180885838942,0.46271293060147867,0.14122657082245232,0.3664985874290638,0.5783059573571339,0.8146333731881935,0.9975102579384151,-0.009054453648869504,3
0.0381703131712592,1.012481334977181,0.7225721570138458,0.1385224356796652,-0.035433788762487345,0.19703907575087354,0.6611553202524022,0.9194263234729193,0.8452264447697979,0.29770640522376335,3
0.10515878703058408,0.8564260046267023,0.8260912566770208,0.8166695229416825,0.5258085120764681,0.7711710600876163,0.1603592520496658,0.8416620414176502,0.5877439211651793,0.6013289820759657,3
0.03201340882982624,0.2994155561095009,0.3550303491611628,0.3116875454492105,0.9652364811424583,0.5207073262422923,0.14651684282078464,0.8732928449955306,0.7572649998612626,0.5886510577000248,2
0.14929095622782096,0.6830457833005062,0.30688786812098634,0.515276120631111,0.5448540599323114,0.8391031784014072,0.5631445544909861,0.04179094904069522,0.9709564782030676,0.1756772572586887,0
0.7274414235139629,0.2267340741963906,0.30931289256335665,-0.01530987045176313,0.2707466885356169,0.731285184861341,0.71417803426792,0.41863386285108883,0.49494781629020174,1.2385838272191152,2
-0.0395083079534396,0.3031656638434143,0.3248311676831336,0.20653976809436092,1.0649711183808734,0.6368608982875592,0.2409295335064801,0.9461828175149538,0.7813968723969721,0.5894306731045895,2
0.17663047350491995,0.12567553906379905,0.2540498679078615,0.7743849142018239,0.8241751724634441,0.23967718613958372,0.5032561871712307,0.8170003033204896,0.5955797249426491,0.3617892146393882,3
0.11590658506095503,0.26658243515064045,0.8484573048937849,0.16902570155532923,0.7013037747599048,0.07488772303633097,0.8055468501169933,0.0988596553142761,0.2590093466307314,0.7437980476498762,0
0.8347145395147881,0.37565944674583895,0.8021716327909285,0.5678084741014168,0.7249455030911579,0.3178444914030073,0.7426625556353492,1.0051880175963097,0.9504839337581241,0.5082563499676959,0
0.2795795442083536,0.8328281810329488,0.361418311900476,0.7552924883384817,0.8163089092762317,0.2730841095993906,0.909413257148274,1.0103576320782806,0.26448196578693,0.40750773297228843,2
0.4804125113475289,0.0602396581472316,0.9634875504031413,0.8773307399502753,0.44470173583413863,0.7675422450503674,0.24366875301924473,0.10489501355315412,0.6189173895837782,0.611842490101446,0
0.8752482132922793,0.3895197654315975,0.7756254668910655,0.5252239832730994,0.7876847968777978,0.31227889169297457,0.761442811891694,0.9498578129790021,0.922380106276922,0.5185633175496043,0
0.8837072064361882,0.3581836464004259,0.7518987719130124,0.626870826913653,0.7443030357858516,0.2504426406359987,0.7447578836880182,0.9638830512029296,1.0396402862859753,0.4796905189278027,0
0.4468610562176689,0.03425450102381492,0.9347959464071108,0.8860245833077879,0.4612410338418332,0.795163638028159,0.2821011329342701,0.06236028465310974,0.6396537446139563,0.6324988858671609,0
0.11340214013720706,0.463161722547035,0.31271193077965626,0.9626212348184566,0.5948235373096892,0.7840508817710409,0.3592552321211084,0.07116170410951086,0.17944587324780334,0.05747059465794435,1
0.017851148929552557,0.6557074776690931,0.09858632662977747,0.8825138623839881,0.08945425259186016,0.36672548122158194,0.3011601201492402,0.2982847172364559,0.4660652421138693,0.9747156167800398,1
0.6174360464424028,0.013314960522380617,0.6211388931076495,0.5455384741236209,0.5896773982841333,0.5799426709326411,0.0369441256248523,0.6182637790417422,0.4882417766766972,0.7373720811377968,0
-0.00034571444962221143,0.2459979275648168,0.338807861870295,0.39776602429210167,1.100665398897564,0.6311622491417712,0.11139537789839629,0.7681076634618839,0.8535561817381391,0.5603351062758928,2
0.09381613874833764,1.0058000544039,0.31657358901452726,0.8732992101717297,0.5024587628403203,0.22299825662000244,1.0005916403939692,0.10950142892852407,0.4722111066685293,0.8356522427211767,0
0.3460217475557582,0.7799725469606378,0.2582663903732924,0.374244937836111,0.5899440954655288,0.6475378647580059,0.549872158949739,-0.16777520757539238,0.915088607352042,0.3099123402757711,0
-0.08656765472268613,0.11005731221791082,0.8857017203512975,0.4575401672112553,-0.46352623461026665,-0.015013054798713482,-0.20042494940897154,0.9269915452588753,0.3677806603438584,0.12888874259528438,3
0.8740905387620207,0.6351003095760479,1.0436278182562249,-0.11574362623519657,1.1691223976509475,0.5587554547772262,0.9257265428777409,1.014751807843834,1.0146489399788992,0.6048995647730584,0
0.4932853776680277,-0.11128798938196505,0.4166282744317985,1.030398489056518,1.0339972761030338,0.7713759023877265,0.638994763934759,0.3200942295990055,0.6258335815356602,1.0600533168030872,3
0.5545974402550359,0.20733452911564407,0.14951879862874462,1.0435212839889418,0.4022895941974864,0.7782138868830121,0.9637180350747433,0.603146257411075,0.5325755453011675,0.047439645168235046,1
0.0292145680295334,0.6453256947314839,0.33407856409731534,0.5307005339286707,0.6858549388050217,0.9972471048027189,0.4069721910455146,0.015761885559376014,1.0870078131592722,0.0013660904401770202,0
-0.06625146435039087,0.7453091633609337,-0.33068919543672703,-0.3020092730474833,0.522366074915203,-0.07057540442296095,1.0781707590238216,0.23203138028581197,-0.30367478881093424,0.7577256510266381,2
0.8720749531465786,0.23169255151514045,0.9478774320326808,0.42992776435489927,0.5025705521135212,0.6805021194866405,0.22494154939852587,0.6658168441849185,0.8622411123750133,0.8854032634814676,1
1.1408549127192111,0.6756522650144269,0.9753209428710196,0.6803813920962818,0.32347391031204575,0.38665336299021735,0.839026958222822,0.5628028772365017,-9.421302126966236e-05,0.33557220368404783,0
0.18628068063732406,0.23497287726665902,0.8603295058833489,0.1958678434838864,0.7278102238143587,0.06676867425420913,0.7890043949634089,0.06547623419432855,0.2791514253921255,0.7836195667533741,0
0.5248342751695294,0.8136444059819814,0.5399744895287881,0.35350560702105943,0.4483357610403568,0.7933851296441766,0.16503162338023242,0.8148842228827121,0.34729524561586705,0.39297592163316536,2
0.03787575207943021,0.06954840776980314,0.5962764505399103,0.2748094194710487,0.017864612538060442,0.21486863461698646,0.603156249568418,0.2374861735539888,0.7052758791160759,0.7608344101028334,0
0.3295719410790451,0.10569894285327669,0.42901881929361163,0.13730614985064843,0.35679970350213014,0.6257532909012576,0.5698242088210976,0.05413082908012025,0.7122237228193231,0.6798943303515079,0
0.6549834727295868,0.11856186942440344,0.7412400175699491,0.5335637975228229,0.9475964513747671,0.8844475189113667,0.6634263810289511,0.4606181368223333,0.4658605621380078,-0.30764017012367106,1
0.9186739723040614,0.29213836872180143,0.9261583650178198,0.4699852621874486,0.5180445413140812,0.6359027739480976,0.21254294847187605,0.717144383251939,0.8230394902924943,0.8450370291086003,1
-0.037515360678037235,0.6690194321610863,0.16631547744711592,1.1128860487951702,0.7591132346745537,1.2714472509964918,0.1892027746525075,-0.4720006186848177,0.8175010090396672,-0.39934658896680075,0
0.5256390898525419,0.46629533293638037,0.9830285699368981,0.5351880865621349,0.585055509804097,0.5263102778981661,0.5807507039178386,0.6305985162289394,0.22632362539829476,0.3821901365318099,3
0.7855312419885979,0.2023170018057356,0.6431111311107126,0.046847697641913454,0.4966958603116796,0.3875225818758876,0.1942722384279511,0.9177612941252054,0.9727317130775914,0.7911939624116071,2
0.9453238980227141,0.5116690675291191,0.8337732440742154,1.521825842791189,0.7916372207531783,0.4010676338434828,1.0672008402178297,0.30069611346223574,-0.11053685977170652,0.3057062421306298,1
0.1094457836766098,0.8549593427481379,0.81893066885467,0.8017025054770037,0.5415502882056338,0.7879180970743483,0.135990735723855,0.8558960666336859,0.5633972441777411,0.6204210057780049,3
-0.023699454817299164,0.18285612146158298,0.7046165803251342,0.21151152182634728,0.10007208952766708,0.23435254877926107,0.6511425375501441,0.27261305652738893,0.6637063470460912,0.6831285284077202,0
0.18767109387644562,0.9416904518373528,0.39553916295036773,0.9238486206676378,0.5672305975702815,0.140643059328487,0.8580051340536117,0.035653283225960536,0.3958391635913902,0.8635914234159279,0
0.20423046450789484,0.0661525051432161,0.770510636930024,0.9801379901325676,1.0976022150763014,1.1561783805664256,0.8424127923498366,0.510186200093355,0.8060877743176634,0.8443428200949538,3
0.5484704469456524,0.27108146466072874,0.08428134592974235,0.9837328979222425,0.42742555076768457,0.7813164242648053,0.9902537174950986,0.6699917554679655,0.5112500287673857,0.015870179160818506,1
0.125221445090809,0.7311013329500268,0.39007404467412815,0.041313918213942424,0.45771206791399227,1.2154438189981718,0.5123162037635834,-0.0004440400345548934,1.1733291656227598,0.3546538031172143,1
0.8613852885472157,0.5695884664399792,0.69655281365426,0.2114167661823895,0.5875568207714733,0.8712763628110592,0.5176093299535918,0.9633662246332277,0.23233269989690128,0.1921136285966545,1
0.565004980267648,0.661783806321138,0.779037260741905,0.09878309332848603,0.9857776640556838,1.5350934790984176,0.7639542343079317,1.3189086179216514,0.591846971511528,0.7295827544970456,1
0.3168458355012003,0.8550191827819666,0.4019627530556343,0.7837310439165384,0.8321754199000985,0.26338823030529407,0.7367993638716944,0.9245528981183838,0.2261977651857718,0.41436202516829407,2
0.834588691260757,0.26645189596141033,0.6108483893000404,-0.33019448468585255,0.5949498787208342,1.5994739229070618,-0.19567706836748466,-0.9229851319931482,1.180486676908239,0.03424923821082057,0
0.52673393684296,0.263797256591404,0.4655550678809741,-0.018252264717247446,0.9929779356132986,0.26061595343473454,1.5063479042159975,0.7498250839155782,0.5968951518368903,0.8716567994459908,2
0.9310603720810178,0.4247240603243042,0.8394413495150337,0.19255102929305884,0.9247458359676731,0.35176123318558267,0.8071454013884898,0.9639201933400502,0.6964099939986077,0.6506086997459921,0
0.2229790524417536,0.5901259727997694,0.26531431702482305,0.2554415744868007,0.627098206482346,0.44122469282083904,1.291143446946669,0.11650340797006531,0.1733945323916888,0.8024065401447525,2
0.7595968308413413,0.48684368577175396,0.427018302736918,0.8645703899310173,0.6429906359446191,0.6749062485215884,0.9533425547632055,0.49729409392532153,0.809133461311411,0.3882712997618923,0
0.5263164736270434,0.3044766307264905,0.6967140056733903,0.23902924795107144,-0.06635348868011631,0.5559677310100521,0.10893739253750845,1.097040108608635,0.2927707292382187,-0.17063126689003305,3
0.22771114776425694,0.5628757023750808,1.02824715393915,0.5995971954207908,0.1320294348379713,0.9329746719645382,0.17931600431813371,0.08600007612791934,0.3181890694482691,0.32438957188159007,3
0.4869984269696251,0.045399345807701524,0.9435293022430484,0.8568029739011004,0.440761943742569,0.7549141772292133,0.23573737315600515,0.10944755796574607,0.6057432074340391,0.6040875458004955,0
0.04011730936158697,0.43977636633375883,1.3579675826428106,0.4053566973911247,0.33083437546881395,0.7642154757375179,0.5239298119191843,0.019341009314098073,0.064439584644707,0.252666652635543,3
0.2263417139344234,0.9976438242795859,0.36050810181263093,0.8517010747871399,0.576032518406887,0.1902032911006094,0.965801437678368,0.01194195926363762,0.39322498210181184,0.9127677256415831,0
0.09059321386560443,0.15458472245402743,0.24221316522401973,0.7073201957592155,0.8523460102159133,0.2778443899617642,0.45255739515330196,0.8421997344756068,0.6262886252446124,0.3067926669971688,3
0.8098669043930966,0.17876257063971565,0.8322295195885369,-0.012298683764003893,1.2022653613802925,0.38482882563141774,0.6891180338352243,1.1066234689233658,0.5154490171634656,0.5183426408266876,0
0.8647182287184563,0.487811038351615,0.6760099793879476,0.41342193613380396,-0.12867040019210507,0.43784015597498055,0.9931953284799281,0.6741054452083214,1.0620264348007062,0.7484896764815451,2
0.4077506876952645,0.19391949113832524,0.3010165375686616,0.7411157041941638,0.2554789859749227,0.3106954414726449,0.9703975121020562,0.03407116733613758,0.8064470626755688,0.19992200951589034,3
0.8975169608827931,0.6221364582483011,0.8774775129571445,0.257353152875409,0.6754940248609458,0.5580054498414411,0.4317928353384516,0.4144073271435425,0.3339892934004848,0.5901376338376284,2
0.13093250096179904,0.9634900096744741,0.8008099840197863,0.6188882181184877,0.4865564577102,0.9722213839558944,0.13901167008409596,0.9355274363620432,0.04620135664081458,0.289397066808966,3
0.4148913959458595,0.7913578502673709,0.16794716267997975,0.4548188607700023,0.40958649055602003,0.3566387371529041,-0.15030212657532677,0.21880493098514428,0.9094589908890434,1.1176495843645007,0
0.720148208378604,0.13582418098085486,0.6253875553908292,0.16035291632234897,1.0145476981071204,0.7013934918991485,1.0427208124415297,1.232731994268034,0.7985894091994665,0.7504198787586496,0
0.8689783912597457,0.14353019403491427,0.6485763222774511,0.04959496139268281,0.5445702566161739,0.40241475695188994,0.16796907799132915,0.8958924644037705,0.9738178554890566,0.8098207400642224,2
0.30433759227134516,0.6187939492882878,0.1784431696702498,0.10398088769161931,-0.014321192891875403,0.44956492417824534,0.7991912315254089,0.1529573731187995,1.1144731075334138,-0.1090231403140948,1
0.9428627815454746,-0.17033424176145073,1.2664930234576914,0.7754170360926558,0.07868551087342433,0.13129459075360433,0.38111554099950995,0.16610941581080113,1.3744131192359044,0.8098069825585199,2
0.8842986153167778,0.1170566101871147,0.639694113802998,0.08256240138376891,0.49287674515541935,0.37250310319138813,0.24891307256257145,0.9128040160829383,0.9186742612953982,0.8203212920358778,2
0.009799649930661854,0.10214200424665178,0.635856789674174,0.2582171802872285,0.02649266527430197,0.2190841600791891,0.5665740812476733,0.2261636998151301,0.6821834307841553,0.7654604425131555,0
0.3008424513214666,0.9448377337761662,0.6076159801422675,0.39930870609748803,0.2538051811043488,0.8619833031822762,0.5156046083375815,0.8153695823677525,0.0707138962652809,0.7803729366793634,1
0.8153749290009522,1.181943715157643,0.8712794585946689,0.6100969849699555,0.5994892080489052,0.9579666321089239,0.10292689751643068,0.7985758936464111,0.7913833713918028,0.8011297763504146,0
0.9584985599168728,0.27125860663142815,0.8526346214253984,0.2344225621241868,1.019559715808411,0.229874052543432,0.6469754870424163,0.9193319695193729,0.6833082110348041,0.48038563815959073,0
0.9170602216434105,0.2138688316823303,0.6224314502004643,0.6442732569543068,0.07065473669576576,0.10540429112326066,0.14704461560603438,0.9556010653125514,0.6677133686815808,0.6331449932324811,2
-0.021559525861626315,0.6037972794753357,0.09630104743683959,1.060380960668617,-0.024551273953559202,0.2827474384725633,0.2759683079823628,0.1729497222366445,0.41687181709648546,0.9935275122254231,1
0.8607262705995129,0.8794488742146268,0.9895871661533733,0.5531345846829764,0.6253935760714923,0.8862914109775402,0.26082821408115986,0.7390361620592443,0.5859506812836522,0.3996202493249588,0
0.0012162329313782638,1.0497260325901894,0.1788466712361223,-0.033340676147371684,0.26204905597252603,1.0656868215535598,0.5881192322641319,0.17311371730107133,0.6971333647138827,0.637910872595135,1
0.720516313360016,0.8981205721226891,0.8171879398796699,0.4306919314390157,-0.3010949285038754,0.8024150140876889,0.49888375107203076,0.7360757909996484,0.8661103944994604,0.8689627406407624,2
0.00902800433919032,0.6397127357075704,-0.11498495423457342,0.07010050495973613,0.15455846494743467,0.38046336470637754,0.6058992112693805,0.08479775168169987,1.044394140722689,0.012342045279773426,1
0.6185899558707453,0.7123583540674896,-0.06987422666136844,0.7200384021158794,0.6898976137238951,0.5240347005097963,0.4901580809456533,0.09028881446976869,0.6066294819543244,-0.1486460754174974,0
0.0005193710037266729,0.6056932345071416,0.1674953116969398,0.9690538546799826,0.06424210918275079,0.4146057333134788,0.25901978660367647,0.27246958350628536,0.4531303955515711,0.8858678431705915,1
0.9275192223785236,0.6434762313985158,0.48726551969752085,0.036316766244037214,0.4285727527288745,0.8331742198804069,0.6873409794170434,0.5581949644338683,0.29644027931706174,0.08500236972774892,1
0.13960989784192507,0.2529185458816352,0.8473970312278531,0.1954395064728595,0.7645967126977583,0.03532603024556094,0.7773652811014714,0.11201845711424525,0.33622115379673845,0.7292493738945832,0
0.12541290823998683,0.17220390933789517,0.2680514590538421,0.7167715256625705,0.8684644475174337,0.2530466994401271,0.4494212532846645,0.8133382260583134,0.6397204642726496,0.2901062801181687,3
0.9043971532385423,0.09662478266599417,0.3797596529952343,0.5459777328991241,0.3223839020678563,-0.021507089401378215,0.4417303253734671,0.9577029731384734,0.6691492754633716,0.5660677582615893,2
1.1215913211496589,-0.2815445666394874,0.900852068355552,0.8303631190711112,-0.23737642869340542,0.5393224466898661,0.6729219044949366,1.599579500073006,1.1322374951842002,1.2709454623021372,2
0.4200265899833266,0.06808978444518007,0.9505357423444929,0.7133400674301655,0.5036535744621201,0.6809349017885956,0.14990773125553683,0.2289835133834659,0.6565086139509686,0.660741708744706,0
1.260408569505924,0.1771411737186786,0.6388213806324348,0.6578813959298616,0.5846829124296338,0.22045972422289867,0.9146031138349349,0.7923625453756202,0.6866513483784067,0.394165221340533,0
0.5333892640551333,0.8029599627337128,0.5335920708839854,0.36064140259710764,0.4374548582909864,0.7889714620371412,0.1619776581792067,0.8157911008644226,0.3502082090942893,0.38752687659974977,2
0.19475241164291449,1.0520900901455723,0.08096576350741203,0.18303320156229005,0.2143797914873425,1.0048041024986496,0.17947988397566556,0.491095784484898,1.1130764360998588,0.29887010339223724,1
0.4411031716392694,0.010633982247704038,0.5024963450402795,0.4035788633759927,0.5240958056697569,0.07888863623611161,0.2337230157476518,0.6103443926325147,0.5991312824050544,0.7646521272013368,2
0.09272546503079927,0.17013467613541522,0.3100751686707694,0.7223560105480503,0.9038272600813936,0.2752828162342656,0.46745968531137344,0.823486897842826,0.6097255221300343,0.28800200380718627,3
0.8762941001610357,0.4834740508877904,0.8934336487415387,0.849852474243677,0.2049596857128861,-0.34845732020127806,0.2949550496568893,0.791125242111297,0.28244987794986903,0.2718530238621314,2
0.13207625565573744,0.6680253404598809,0.1051952369695704,0.3017801838789506,0.07051460923321531,0.5220028509751415,0.7101317067690599,0.14314025070273068,0.9372685218717377,-0.024488682039595297,1
0.5360942606621312,0.7985863833496513,0.520072196417413,0.355215490641907,0.4393361356594207,0.7901129257348858,0.16077726990663666,0.8186915763964818,0.3514075567612716,0.3806066372208296,2
0.9669449647251125,0.871728794034188,0.9265386435560601,0.6675594363367403,0.5806676779436674,0.8555404654623666,0.11274228054226632,0.643187973449693,0.6546190017116859,0.6257126231132958,0
0.10933239079631228,0.8548840121692989,0.8332349790579017,0.801551765834736,0.5239778456200864,0.7793783139735898,0.14535898084252274,0.8193597402965538,0.5798515468082921,0.5939813293944105,3
0.7707023962800579,0.39320707224065093,0.6338430730918647,0.17644310988914969,0.09259527554166003,0.44186858487839004,0.9370968013333639,0.4386969956928602,0.8460592043394013,0.9717509758760018,2
0.37636767776269353,0.199476391188576,0.3080656787682405,0.7362715236808001,0.28855461630737456,0.3392820399750813,0.9434758767377224,0.01530198379025633,0.7786526388231942,0.22291781731781013,3
0.18931040186687953,0.7127581645416892,0.18252218105378462,0.15996980428611504,0.17374954973822568,0.5926770800518217,0.7903481057748099,0.2248408597286218,1.0127362648460072,0.135403992580343,1
0.8111255506010688,0.39156402241741506,0.5723036804780216,0.05165099495836248,0.31797385091998265,0.6194663140466173,0.8033880684937765,0.1790448339641841,0.9914543251265764,0.691719620849268,2
0.46101887680030856,-0.30372512076438307,0.9029919215626323,0.867586656281226,-0.6569590665026093,0.13577682056525056,0.7767289067462565,0.32617531190904947,1.0532845927366752,-0.3206830396893343,2
0.6464307124112437,0.8004884675817664,0.10600179842384778,0.6952046132875825,0.5191462417563837,0.4126829281139245,0.5590233464417041,0.051561736269863205,0.48216378343184824,0.008842852827379132,0
0.569770304151719,0.4728301406117912,0.2984363551024007,0.6819369875294394,0.6797217640216375,0.953908794061032,-0.02422845530843514,0.6191663118545924,1.0831422910409267,0.22234814186221552,0
0.9201331581948972,0.8293502974262892,0.9279084628705511,0.6995827985721674,0.6697524425508685,0.8518147722538268,0.06690826458511345,0.8267445259842287,0.6054573584777422,0.5507844581046965,0
0.0010840124227725774,0.10942120894306072,0.6266061869447027,0.2708216264743386,0.03533787252294465,0.22348520460663357,0.5761079790910828,0.22781662894883511,0.6833501431115115,0.7720015796358217,0
0.3788200861518606,0.06989710679678734,1.0031067272619347,0.9899726911838812,0.32722217831931816,0.6654713990155441,0.30932467103159106,0.22114922784156552,0.5146406945768986,0.709170137754344,0
0.3777870583640069,0.181373447614273,0.294082068179399,0.17870111725067575,0.34333605890847607,0.8479858300897165,0.27507876425714756,0.14347527778245878,0.7680105959355207,0.7903057543124428,2
0.8331492027860453,0.19731439286049768,0.5364986834024241,0.5572181095849732,0.14580842579394854,0.1092657214970004,0.2647453579567548,0.9103930781140672,0.5268963242623408,0.6161950221627446,2
0.013097662352790794,0.144355958950031,0.6116762806017454,0.26344393475119166,0.05800889528866059,0.25890892570096913,0.617236753291896,0.1793281292297089,0.7313886080001574,0.7882313937112764,0
0.19656638698771509,0.6212265747115905,0.17533896643159252,1.0680977823173332,0.3650457683220705,0.3118712285204329,0.7245111955147604,-0.12668243582480532,0.1668526002895343,0.45276379241421494,0
0.18426556279328707,0.978260991714469,1.0121658296720717,0.5287591300742901,0.9060576346699564,0.9940325898143635,1.0353367178906718,0.5288320274228556,0.6347754272300973,0.8142191095837062,2
0.5099659430792249,0.5514686576963811,0.23844549275235444,0.657124999699324,0.8067815528293872,0.9977555779032887,0.08117437789159221,0.5656656776652136,1.048952508357293,0.22173198067688848,0
0.3293121558033657,0.4858380650362414,0.8239646898122155,0.8401050340299887,0.02707530188103313,0.33167581079599073,0.40469799276597873,0.531459758940322,0.21976598009732073,0.10179142900229812,3
0.5888203973828091,-0.11271143588167037,0.9955132450828315,1.0362826051312797,0.3613615559402511,0.8737270159171193,0.22685198979979662,0.07788628169043435,0.5823167672814563,0.7518944599976838,0
-0.06019749643582874,0.5561665414085276,0.7108377062519171,0.047239752625564624,1.1931301169749151,0.03328899028527349,0.9921059391902541,0.25551920825851476,0.13643703717565203,0.9767417336010806,2
0.5028944769214507,0.26201310171188474,0.36338229485688034,0.37250194224748046,0.5435808568243158,0.8260100389744929,0.4035541189797281,0.4958055362980571,0.9290736491900089,0.3239586650640371,2
0.15260670244671204,0.22433127741145747,0.3106436247639156,0.6894263695038172,0.8482877985163806,0.28753533144706744,0.41299361725113953,0.8268275238611743,0.6610219215187472,0.35738394710220156,3
0.3421381741745986,0.2806816053472385,0.22997180428787467,0.6637447291850838,0.3077232888173858,0.2629643630429691,0.92640865873068,0.02254235594842023,0.7794708378080694,0.18092017382034212,3
0.28925142191322617,1.0893969178850127,0.5500933810351407,0.03277604610535681,0.15092389384774166,0.9171782433920519,0.4747323781941465,0.16448312604601004,0.5758278559290531,0.7410004279159588,1
0.6426275497928995,0.7971915008381031,0.09621015241851255,0.6877018625889497,0.5211801408381314,0.42643066570870813,0.5404784973269356,0.037940518492523195,0.4878902570567659,-0.007515033260591275,0
0.8794380942762539,0.20015705896386582,0.832019106045381,0.1384180015665411,0.4231524486653765,0.7978340127427099,0.871406068662286,0.5259299906587638,0.7923212679922651,0.6191557265540437,2
0.37144757988370314,0.8524540905285753,0.3665478278014028,0.837932349578266,0.8455368292906755,0.2033922221031201,0.8968798349265885,0.995765646762191,0.20219352803303126,0.44988545281544634,2
1.0244894484913558,0.4118115607023809,0.956004805060796,0.1724896442488718,0.9458613395930375,0.2702297094536282,0.7025961263362448,0.9181361864513926,0.8501967866323688,0.6720673358249767,0
0.1324267939332013,0.716574251304846,0.2856615794624313,0.5115697133045846,0.582782958417113,0.8080724807216845,0.5952437622868665,0.00014371263900680997,0.9918089824008741,0.2129605683154071,0
0.06726137455217185,0.2492513244610178,0.24902999787419194,0.4510894419673816,1.0675727850796568,0.5936529402763505,0.32024399204417614,0.9644043304675193,0.764506904001153,0.47433642196993175,2
0.010892504014361032,0.08341064014297857,0.6384370450959687,0.25168784293235846,0.029755577755089205,0.24247677788943647,0.5916130278013819,0.25546759231461885,0.6861323363762784,0.7915226563636788,0
0.6179818838986143,0.5707774522888036,0.8195770417025704,1.1434726618699014,0.28854957169952916,-0.03898039830858521,0.19994353513089347,0.7081651007656542,0.1617395753092722,0.1227120971678902,3
0.7906161132223405,0.4591264015098993,0.7177118803196693,0.5828097319182233,0.6993932585471379,0.3208662916473222,0.8186130496987509,0.9955622739191187,0.9695101997344494,0.4546385005140742,0
0.47392956897777366,0.5444917614638346,0.24245126023235145,0.676739161452146,0.8217613776125575,0.9330774143207349,-0.008716502760475694,0.6234777506812818,0.9476232276136682,0.13828475283778874,0
0.7081803983430377,0.5882139997450234,0.205777777250841,1.3187205945060314,0.32015660376107774,0.3387240743618918,0.9173508631210271,0.5769411526222284,1.0486639687732273,0.1573597814993169,0
0.2844115682769117,0.19213122586384404,0.7065041877157932,0.15833065517467793,0.8336457193922274,-0.12418292607899359,0.6725406574848467,0.8980226228737141,0.9292413243865036,0.12550504967111542,0
0.9222796733385227,0.21478457275643342,1.0461267879099774,0.004855761505919348,1.1426397485599389,0.5865632003166179,0.6414302021969461,1.0141920988860214,0.7895685632771442,0.7355792952273335,0
0.7195844176955422,1.05671480476055,0.8866278606752785,0.8827178771717092,0.5403201628400649,0.940127215840222,0.2427979004832862,0.6880559145701117,0.5704391936633003,0.6495200906882703,0
0.4336767352086227,-0.12395085923731192,0.7319722129638219,0.7180694270616981,0.5703915081693763,0.6187569205087431,0.12698448330044618,-0.1017793428095311,0.5635506828607332,0.5573884820658241,0
0.4112149037534246,-0.09495994885819548,0.29838595737543133,0.3073205101586396,0.3878949407372191,0.7072777137226528,0.40275772404609567,1.0704497739128938,0.2534053529615036,0.2258526064529442,3
0.10949460184418232,0.8461543977392403,0.8144780566526583,0.811915032172485,0.5295362396338232,0.7877262903909787,0.1486685108131965,0.8367356788469383,0.5883286049568378,0.6111163882877387,3
0.4703476229079894,0.043854542466988354,0.980725741721304,0.9280732029687471,0.37458625696540104,0.6828679630513012,0.19152345777713792,0.16640959806873737,0.5542886898815704,0.7165788229666673,0
0.6951538009553766,0.9307351967691735,0.32272968235457644,0.0905265839547722,0.4655866554142386,0.9575106573454247,1.4692801382543816,0.2930615517374222,0.1468982035300782,-0.33315884397060325,3
0.5291328159327968,0.7974740994537679,0.5293342587455327,0.36215765245252457,0.44064437106690546,0.7873299793327131,0.15619939838652946,0.8125602724371244,0.3512729007178227,0.3897010402200633,2
0.35198803968826203,0.09769328802017299,0.8594525653914347,0.47017168449329,0.13879038155041054,0.11405357466105095,0.2550180024351807,0.3756873125609781,0.6164636668845089,1.0111240842019928,0
0.0342367500193473,0.8727916903172317,0.4123892459496659,0.6030956097457227,0.37960871677392427,1.0753788799396033,0.7285858595292157,0.2472246163021278,0.7112876599879945,0.3852905241627461,0
0.05985734123286019,0.8651602993711897,1.0025080601485674,0.432959500544917,0.14608743068452384,0.320319499598707,0.7442245275548932,1.0107532428705888,0.6733460989721377,0.07785460814668962,3
0.44414702873590384,0.8201602282933823,0.8686925161988488,0.8813201522773444,0.5993105255995927,0.5098564985043366,0.4910377208790125,0.3230645875517167,0.26353447640941013,0.09936495224302207,1
0.0018964352175489104,0.10786163108126624,0.6432738605495426,0.27013715545471056,0.018539966474636734,0.21924515635861047,0.5776367964396398,0.24258735895079594,0.6658491418280903,0.7656121374931046,0
0.5352888806459908,0.802490130538779,0.5235714338755217,0.3499726174312667,0.42804976057223343,0.7832972260756311,0.16360191372414232,0.8158221343202529,0.34227905392230323,0.38669797053287497,2
0.8856313456832627,0.3103588981183683,1.0296100634528857,0.22554517322247045,0.30328635472634735,0.1690201897901127,0.6549039682877493,0.5207857715647839,0.358185093897358,0.37135904788037233,0
0.06250975048951453,0.14066691124078978,0.23615158854871027,0.7160897421602038,0.9065266385521575,0.2430520971038055,0.4985345411413829,0.8440551175525197,0.6539689589878531,0.3461087180821288,3
1.3656827825199795,1.248818985948207,0.6491853995719024,-0.14562748395363487,0.2885749990130507,1.2953744549605364,0.7669224886075138,0.9808900829186533,0.524709124998249,0.6752116083921921,1
-0.16352418816946993,0.6450687648098216,0.24220393800402457,0.10211662490789428,0.9289733427005287,0.30173883298557036,1.1373736495392999,0.46007532884233177,0.1627350624279224,0.45634655819697634,2
0.8716467390383047,0.5659397085159421,0.692039236039086,0.22170764077487015,0.6087589004237162,0.8861305322675337,0.5187184302611771,0.9751784559809871,0.23982288055855305,0.19328351172522482,1
0.9664983157018293,0.7709347075969308,0.7215140249715338,0.035893364960414176,0.48284857858899066,0.8339693932789054,0.41202517615864453,0.7945251148478459,0.2104143771510253,0.2041373088485955,1
0.466049893349587,0.5402205922583415,0.22852537172257822,0.6436654829812564,0.7863770434438753,0.9233154832741349,0.022054316796159563,0.6553713090389948,0.9839461385855423,0.1603929789914946,0
0.18437004920823508,0.5677123911689655,1.0313135688683956,0.6167533301484017,0.1649796223862897,0.929962998013372,0.13288047694668462,0.0426095199456722,0.2947321169438626,0.33526124808768504,3
0.8055769152773256,0.6615872726820444,0.3090959022207907,-0.12569507459573234,0.5165277304162478,0.8247472184537444,0.4758216656044225,0.7248392679575076,0.383455687341697,0.21287055881468606,1
0.24891589405192566,0.57334298680193,-0.26271945842125394,0.03823534590876068,-0.44376262637540353,1.1725940882345016,0.9445789850238591,0.3843953221161315,1.2793261633758237,-0.3846567911271404,1
0.3174253039166267,0.24428075518552098,0.7956006550788812,0.9454890665210272,0.5748219690813714,0.6089352591532253,0.3491345326784059,0.2760105167636928,0.3966234920423033,0.8113338517381862,0
0.5406200346768231,0.2773880390830771,0.09763470601688741,0.9894924665461832,0.4154097204553107,0.7920841227472215,0.9965969462223568,0.6818259124842921,0.5175692026728844,0.009182785453818358,1
0.3784299082990352,-0.029208685496445674,0.4507366967402402,0.41376560665947204,0.7946139203703612,-0.11714487326452258,0.8526809792960615,0.8407755237101957,0.7658869780048946,-0.024257653091103393,0
0.5351786213068196,0.6667933826398577,1.1498855958891,0.2298041016513893,0.6494229465072974,0.47845142182042294,-0.0153759372151821,0.8455978805953688,0.7116884611671679,1.2516503807618502,0
0.562753003421703,0.7218678151840658,0.4501557906959096,0.2974788658741272,0.4984033488887632,1.2269954225850759,0.15935446044940588,-0.23855233047347535,1.0118403162452416,0.27701274124158964,0
-0.1699541490342083,1.102989484754439,0.7250504689883408,0.6435151596861355,-0.276190093524314,0.26292013654949686,1.062771541875036,0.6913550163806148,1.0410097932121707,0.010037749034199295,3
0.40197368807111294,0.187000164243886,0.3116908081003715,0.7447076313015303,0.2732755131276058,0.298564761929353,0.9662185968297895,0.03402040137597858,0.8168465786955995,0.20049145257673542,3
0.9013512904911036,0.19037326705134205,0.8551318656872237,0.9139670840275984,-0.10893797749052425,-0.3290933363809819,0.4200950750443321,1.0439262996776082,0.527977333388596,0.09659605816600092,2
0.7717263019067978,0.8757346853416079,0.7964177249623753,0.6666381006006298,0.5232434902722422,0.7022092106380937,0.1345256470283061,0.8413609358480058,0.7030229651032214,0.5680920868254934,0
0.14285710920781863,0.7101717538313148,0.27906138138404657,0.5306008963328457,0.531918686685903,0.8749560606741354,0.5845497304747123,0.028693473165020328,0.9462452442173899,0.16800189831216883,0
0.2693175799946029,0.8676184531655021,0.3802420663376021,0.8841715086620331,0.6270058045215235,0.11754642506751048,0.9572630693380966,-0.002234051524590365,0.3856621964037314,0.8168931024233511,0
-0.2342594981896789,1.2760285208273352,0.48820323465306464,0.11007280875056369,-0.1512113734504183,0.7905392245484799,0.945408307701304,0.8578492766840885,0.907051649050826,0.07490079188838894,3
0.5287151743507066,0.8016049253067067,0.5307323312264738,0.36739933019483956,0.4328573306188286,0.7936144506448373,0.15989522387128896,0.8130110843485744,0.342708181564194,0.38653095513654734,2
0.37751952637578157,0.6609188507149275,1.0124291038270425,1.0567281805160833,0.17766858633661908,0.19673112179765928,0.31499793105015306,0.7867898174180314,0.24357823200371995,0.290281028137386,3
0.5342384372246681,0.8011949342751628,0.5339249351265837,0.3636882051888932,0.4380093337161795,0.7884845928255187,0.160543472292612,0.8135402520985727,0.35219985579815255,0.38621286188400744,2
0.22004674335426092,0.36298787657908427,0.9371677869608828,0.5307383069410576,-0.006781609314908815,1.027371916888383,0.3526353378157831,0.22262418654145416,0.24869892221841483,0.2051402866984372,3
0.5689218518595177,0.28772701772010395,0.0783059884696285,1.019099751738556,0.4775113498916619,0.7888725681656437,1.0400336552565614,0.6676354058480589,0.5271514328515184,-0.03303694632786433,1
0.8602511430283531,0.11625661960221553,-0.13778104180846623,0.675911187947082,0.5616722050722531,1.0443826401337573,0.8115927487758879,0.5170106178926903,0.773687872865946,0.8204289228832635,1
0.907756350379059,0.8429608298306127,0.8081905978812087,0.5991414004690002,0.5440392341568118,0.889316653269289,0.17451647602364306,0.6799575133111374,0.6690050155233082,0.439048728189042,0
0.6591642925068264,0.5878985252316258,0.9035081317244722,0.6111500136406863,0.3560696796377357,0.4793424906736072,0.39834527128003594,0.689765275732908,0.13172867832739296,0.5276467452790118,3
0.19317083317905018,0.24487859791263983,0.34150619704106466,0.17608184904212915,0.4505900370402414,0.7783196566037025,0.2738895570032981,0.06303019803928502,0.7373071510129033,0.7428564070014764,2
0.5531996362791097,0.14834667022451592,0.9197501942501123,0.8047701936328457,0.5294544377955942,0.8670717492149638,0.24163704784411535,0.021320951708143535,0.5606624156016098,0.5926343902383263,0
0.5546247336802882,0.26280277305080524,0.0817400883611685,0.9777405661604539,0.42626593987606964,0.7882174383460336,0.9984175979941374,0.6739211568827506,0.5179337370592346,0.007160823967209693,1
0.47245912664300566,0.0035497168337896056,0.17821589427026344,0.35989669202450375,0.2575882431809929,0.679001103445643,0.47682908681397446,1.067430598470143,0.37364890556499675,0.15567993056428603,3
0.5403324924903506,0.8081814867431631,0.5271088613162126,0.35968753914594387,0.4431274353064893,0.7932364642760997,0.15558715655277594,0.8090810079738576,0.34808753061182657,0.38021067927283775,2
0.009256328757860297,0.6273426296568702,0.19965287839709325,0.9796969842531477,0.008841437280218946,0.40063060133745243,0.24644129051874214,0.20199454472528872,0.48839424491759365,0.8886056712595185,1
0.7234235642932927,0.5173691822168833,0.15442840792555274,0.9013264661697626,0.5302063996312328,0.48582764086331964,1.256332040606556,0.564306291357616,0.8694704027210792,0.11110081597001975,0
0.5252195106981902,0.8110410722535363,0.540355963737036,0.3687504244854365,0.4297355042681522,0.7954576045442683,0.16012391877172297,0.8226100558349552,0.3519010218319176,0.3841269891780742,2
1.0648808818682698,0.30896779047016104,0.529675291190635,0.8606816989060078,0.7121139953927919,0.5460393215461015,0.9763275692825965,0.6980469961813371,1.0703882287485111,0.41703557244426376,0
0.3322458280974024,0.1594836598394045,0.6592161650433596,0.885975986086488,0.7665091656954682,0.883584709776093,0.5757131848557894,0.20471330838685686,0.5375385517359784,0.7100735397658393,3
0.4518302749354365,0.1239073022275543,0.28911704511939107,0.8153445340136996,0.29213544873055874,0.30883449705103894,0.8858341325931975,-0.022569486220520366,0.7406862792573929,0.1630725618071847,3
0.3332836102514761,0.392152801333072,1.0497826902492808,0.3339483530299999,1.0239007839808036,-0.11932550302233932,0.43967739715242116,1.0416495988781924,1.2453242724644351,0.32268976052953996,0
0.743308295148258,0.7233964935906505,0.8911290563589938,0.6850553082187283,0.5294444573506386,0.8019499493640405,0.1657817043986131,0.8232228441708551,0.6187064919480136,0.4241142890591316,0
0.7051280612892911,0.02694316224378723,0.5423449311119738,0.6235371737347362,0.671314537130306,0.6919674744287757,-0.037900887267188016,0.5134929731032938,0.46044877713901766,0.7476286593296901,0
0.6282533383275857,0.061972692414686205,0.3767231578968922,0.13234996299687912,0.3375675425694937,0.568886771631453,0.31534706813269847,1.0998579701478988,0.24820281107075381,0.018006491027968807,3
0.3918623870957704,-0.024499046064652655,0.9088305581605558,0.8594682900714254,0.46567179738192993,0.7648979975180161,0.2859413315410065,0.09481737043402683,0.6190928455609321,0.7105717674852213,0
0.8617581567210474,0.5703693470174813,0.695821732164721,0.2152256892748953,0.5983752461047038,0.8797444910375918,0.5245296622516774,0.9755377127146256,0.24397164715742456,0.18299477841848227,1
0.8439452226604621,0.15053636031107526,0.6535277644634261,0.08431632677180903,0.5429088711875552,0.4051437627385927,0.19710380986993178,0.9444508740473557,0.9466336143545239,0.83440392661285,2
0.49255043863711473,0.5518142919700835,0.23673359675322758,0.6250201056576169,0.8009493964390196,0.9521417744931272,0.04212937005329395,0.642287911836012,0.9543492449240775,0.18230761412262267,0
-0.01810073942554815,0.7500825846285969,0.5736997524845199,0.021316658290334717,1.162919079451574,0.3829569397563211,1.1406720744472545,0.4670692720354471,0.018573378419305453,0.4709956254159781,2
0.39053418925986766,0.6103040623639779,0.20867685399102245,0.7364564096256704,0.7940833275572297,0.8593304172813332,0.05458190593704065,0.6081383631344403,0.935380106254138,0.09498669658967537,0
0.0725121468904964,0.3214075204119305,0.34861431486318023,0.24918408339444842,1.0056367068730139,0.5874103471858867,0.23041817433983838,0.8349497416258813,0.8275909396227376,0.5324217814365791,2
0.9563398299564893,0.5302639346752622,0.7220302137793022,-0.08722629508105545,0.9855284213842184,0.5171602276012315,0.9462315577968289,0.6555314216964966,0.9740968464302613,0.6839002548240971,0
0.5288519665081953,0.27224020989143183,0.10063247950269433,0.9767564893276907,0.4505500235658032,0.8011793935975501,1.0006877764698252,0.661204052793852,0.493372889628835,-0.0045825041216023266,1
0.19283995868326728,0.1853242018753026,0.7985960034758005,0.20182760444019,0.7519362373562478,0.13390688961997868,0.7980354329704749,0.07562939496748358,0.26067627686326056,0.741998295927844,0
1.0541390209648371,0.45330687829775074,0.42476979652715424,0.2819099720045623,0.557016193882215,0.823835113320328,0.535560264390197,0.9659907769948575,0.35857778755710035,0.33395517899386423,1
1.0241788520763502,0.47603610205106206,0.42668658970975465,0.954451411129911,0.4808174110375011,0.4823881731087985,1.1172849570144892,0.4580497817631184,1.1083910350126867,0.32581986618771824,0
0.9573541417130764,0.33987018227645893,0.40488391244151045,0.9882586874173218,0.6533041364512889,0.5086933772652189,0.979584404198122,0.6360297204156395,0.933034882094087,0.44253586862217315,0
0.5491553755043463,0.2766735643429074,0.08354898356612556,0.9800285352788887,0.4264400723544495,0.777121031744926,0.9929068346684602,0.6675423489147227,0.5164014439335209,0.01408488184481615,1
0.0793907069198739,1.1376526578900577,0.6974727626401366,0.8048331154018815,1.1109760636173327,1.1065138936804122,0.7459465529435017,0.6054826559532978,0.7857340122468831,1.0201063854428576,2
0.2258549630335689,0.8129888092840212,0.4844488833034903,0.6582338248328307,0.17904088152676245,0.7712842609745493,0.5990299699854776,0.5994669887163884,0.12447367877898262,0.5670430900112139,1
0.8208474895864126,0.14253996372305128,0.6643380103338214,0.06289816550084773,0.5094296208128405,0.41215944049044384,0.22133602140254166,0.9064673739638607,0.9157668932653914,0.8040740741340229,2
0.3518297552075819,0.9446909819683627,0.5514297430335423,1.0009298081364557,0.5241764941556633,0.2890596665829004,1.0199184909581969,0.17491130657998516,0.41053235015307876,0.8603246743805315,0
-0.003945955388088472,0.5804287102893092,0.020433533119858543,1.036881487057929,-0.06865725088443216,0.3552268761687972,0.10760340952116842,0.41295414338843084,0.47214272354398445,1.008719986200293,1
0.20186146077611422,0.6325859691221486,0.4024741822337075,0.5316783063742168,1.0459545638196979,0.1276480149228491,0.269338147110357,0.581002523880345,-0.1551351960679393,0.40425926375462373,1
0.11761030461475833,0.8592054182176309,0.8593821393095779,0.28866762930964707,0.18843983268213882,0.4342115215154425,0.7026619451282348,0.9189603157219428,0.7679266095124563,0.12760742482268955,3
0.5152951761178138,0.04570352578118664,0.39043890415103955,0.8266324897922298,0.2411572009806842,0.3240939257713449,0.8963620173511294,0.11351818682096657,0.952137699374848,0.13700266644206943,3
0.1475091315779382,0.5563816090716296,0.4781346226660369,0.4558716285739124,1.0051195502896342,0.3873541992798693,0.024366880983830386,0.7411530094183607,0.5960545388677579,0.4206014730165353,2
0.8435123871606822,0.1491912534090396,0.6434469494356106,0.08833346994175696,0.5298053225875918,0.38815073435099856,0.20832779525631917,0.932446797079328,0.9325965007974073,0.8200513444810636,2
-0.2843905060171944,0.922710708763008,0.4396149564236745,1.0149289968705244,-0.1750762160509066,0.479240912498042,0.04646652702455478,0.5268906603658348,0.7269803035503765,0.9396707529539345,1
0.07773279224675582,0.47979274448860065,-0.13564609466826863,0.3973830640364905,-0.20885280816995955,0.7942851669354197,0.5262756276430182,0.14408886686374192,1.055749491401628,0.08378602475304517,1
0.10906486092371681,0.8571273911804518,0.8206148157036373,0.809272935788881,0.5329740691712673,0.7798026792540333,0.1543768931032309,0.836058238582206,0.5792311729729354,0.6060447521171104,3
0.09991641734947979,0.8500573021892017,0.8100755854540821,0.8232131606082687,0.5438270632107862,0.7886292112185811,0.1416679511755364,0.8487826552312623,0.5811712189582812,0.5999601706811596,3
0.29484189007828343,0.5599993516060192,0.7184046448279945,0.5286744463776206,0.6203371637043112,0.8458355347917097,0.15772484280650634,-0.30319305634396554,1.103531412785994,0.47071989600029346,2
1.1410809443772403,-0.22738442688647315,0.283948251714866,0.5746915034849509,0.5835314017082591,-0.03283247096985367,0.3049260842189084,1.4033190171909486,0.5400132614616097,0.3812444875032177,2
0.09617956551361331,0.5858090376899453,0.09966117004810257,1.0301315869011467,0.08143522510852849,0.4121141017201009,0.17074961180067172,0.32527713987478696,0.57133245839661,0.7960300298074506,1
0.9351946940980959,0.2244139726830388,0.3901432166420165,-0.18728583551701528,0.5501605520368991,-0.43847369613576875,0.5993972550305555,0.13376025773731337,0.8578995482267014,0.21538061585090254,0
0.808990204135121,0.20680081381757867,0.6620443215586794,0.12064418218291031,0.586229080508297,0.44360071734003015,0.20289221074026625,0.9431578411411529,0.9383812426017544,0.8631017413031044,2
0.8122834721455612,0.6330585761563436,0.5331735522652601,-0.01458430059749704,0.5417228545971131,0.02709995574350975,0.7753259694797492,1.0432854411221668,0.867401162731985,0.7746733528301104,1
-0.13889525514547252,0.8760083143898599,0.8610978345823008,0.4540415439446179,0.2677327225845769,0.45453230924415444,0.786191233433298,1.0799229578304173,0.8513680094202593,0.3118192205078657,3
0.32751171811454527,0.4420946632119651,-0.02135500586512562,0.045782942143991825,0.8426194451538975,1.3547552777311327,0.44057196711715285,0.5162244378005935,0.722803448221017,0.482917321177929,1
0.6380535664478874,1.005880858367775,0.08187017672210145,0.42182455026056626,0.8031731602213708,1.2023307100471192,0.530406292037971,0.9447470715378178,0.029940081161688503,0.40184085334811426,1
0.5355983502641076,0.2827010868207995,0.08090977592050123,0.9898218023535135,0.42987962386685435,0.7747079890718575,0.9956211737026762,0.6683100648572752,0.5127397379051809,0.02874556002871584,1
0.5585346948197184,0.25701697960899605,0.07313037955607878,0.9975255470890938,0.43438090975314153,0.7684072347971984,0.9786412846581706,0.6884836128338083,0.5258552666252051,0.02778957950432442,1
0.5505003291929802,0.27984307876389003,0.0969444961682759,0.9869326122654164,0.42563596758153815,0.7740952856272574,0.9899996839290006,0.6716219291003166,0.5072355127559057,0.02737279090150198,1
0.044901019808373466,0.6497725928997141,-0.03510501881349655,0.3308617359201406,0.1519381923911294,0.547862777710938,0.5783813237329601,0.09800081742624388,0.9822635713589007,-0.04216992070035523,1
0.7618779102601775,0.526889518085081,0.7301322142986623,0.26991425369464855,0.06395396702406776,0.5184314993692829,0.892485956170972,0.4558625856680106,0.7864256788883163,0.9202404676655774,2
0.12717901776259063,0.39112205058166843,0.2406955751944774,0.43723185474931103,0.03969438096152641,0.3372431524824625,0.844737470381166,0.23531178771684158,0.7714990927517977,-0.05123229645852115,1
0.001122567314315898,0.10165572320391376,0.6317173927464913,0.26227581077883333,0.037705156918445046,0.21690138478696755,0.570054119722582,0.22905953530985373,0.685197150124299,0.7775897341099607,0
-0.05311130076638847,0.1126762781752147,0.66874365796913,0.23777796247477412,-0.06077925702806734,0.23020099530897004,0.541675853555918,0.3015847501525941,0.7446775925941239,0.6777405297617968,0
0.15034179460014857,0.7295961801334738,0.37297115330626507,0.5439319029576019,0.4802324665153272,0.7993447483938166,0.4983715089075096,0.1136742823129438,0.9093573186427899,0.15028069466762925,0
0.8960316082821596,0.3491635060519484,0.7715694098311193,0.5828829232659717,0.7132271586743968,0.2687036764870647,0.7617818834735288,1.0075132308776422,1.022423193714911,0.5250216594037996,0
1.330306456828986,1.4681413333125912,0.7612311181212725,1.145452111323732,0.7009656101603144,0.9640987570667736,0.40174580450960984,0.09738713936855986,0.1875781654914816,0.24428137234408673,3
0.8389065343312826,0.4226522930805191,0.8503844491453171,0.6036483085266334,0.681112706251394,0.25321949974615254,0.7560893776031409,0.9732916696965285,1.0437442240499968,0.5584138012632028,0
0.20442948630655555,0.89391712999164,0.9674107371163927,0.5494820875687072,0.9122686838096656,0.9507110895132468,0.943392372642374,0.5023669418588325,0.7293811491565773,0.8328258313245457,2
0.773370825120677,0.3407585437189636,0.9275108679243527,0.10674243998241557,1.1598774873912192,0.5820085647030817,0.7623884201040876,0.722293025804395,0.7724281881663909,0.688510338552856,0
0.027782789970829787,0.11917487130419192,0.6586179849338254,0.2645935932402185,0.05085050165161461,0.22219488588450395,0.5716381857341606,0.23782698707736527,0.6742087860794995,0.7747176706232776,0
0.5859350806401136,0.2596300999303657,0.06284354019296111,0.9356210699114635,0.4568003518772336,0.8008298518155241,1.0326124048133665,0.7244179613664842,0.5361642113012695,0.047595825528813585,1
0.5216567046656967,0.5849461281102645,0.22714298264772395,0.678380683481415,0.8089334931393333,0.8823371217411444,0.04934351774731312,0.6483831751813364,0.9875179054229293,0.11792575442072988,0
0.0018150915286603286,0.13156745665396102,0.6352670421071845,0.24213090271732204,0.00797038202168545,0.2008139436682518,0.5926606955626406,0.20833447254485182,0.6716836133547447,0.7472153531356035,0
-0.4015905977537655,0.5346168157986608,0.6591364104437627,-0.013325489367866039,0.27566882473006815,0.4740198975514464,1.2288314404889469,0.8697403103363028,1.131918874651343,0.148466129963273,3
0.7307953202117523,0.06343062682825462,0.7356915414978091,0.46423306640223166,0.6398617370252315,0.26785873034145735,-0.4676290840502011,-0.2758602302817902,-0.11020348610027575,0.3139761279125194,1
-0.30161323827918235,0.5402610343758448,0.5277022402203133,0.12388441582233012,1.0439088580193403,0.15578716712158347,0.9036375536823922,0.6563268119074106,0.3522957518488502,0.2801264403109497,2
0.11515190113730643,0.4663820148329548,0.32519516930714476,0.9671392446791147,0.5852111917900824,0.8039875615217666,0.3822574725320205,0.08696715556440723,0.13810368514529126,0.08973781269830536,1
0.9405178577427917,0.3894420059434873,0.8431928052761722,0.17654004150916058,0.9957315610871098,0.3781090041137393,0.7436947309627076,0.885252996611358,0.688417819778735,0.594605669695411,0
0.5460665699037064,0.27249832737501245,0.1052525602800545,0.9605337160555333,0.4307302199099629,0.758444375591063,0.9822503780876226,0.6787519350186032,0.5160568601211266,0.0015844404560764573,1
0.27284548327209884,0.145423903522221,0.6036001438391152,0.8861728953338944,0.7374465921684282,0.8721035107809426,0.574566318029203,0.240884205938973,0.515820946365429,0.6884687145220771,3
0.13342612859995126,0.4380725730264883,-0.18511603057961543,0.1608129420492333,0.1903782672840265,0.6400330082602635,0.7693808940829576,0.39070328709093616,0.7775408010519473,-0.1963935253216001,1
0.9040168296271702,0.562149883054608,0.7116115997215082,0.27417521305853754,0.6172332204098366,0.8169541191733046,0.5734500781585298,1.007365681869698,0.287221504706364,0.2047822748224608,1
0.9999065523655969,0.9875597005167475,0.6912694586877559,-0.020434591154673387,0.2570962312024268,0.9455674204993709,0.6575243950970273,0.7603368218532002,-0.10499317521656909,0.2593011609173891,1
0.6465361509192606,0.7811747192869276,0.6810781644895793,-0.10071332045336395,0.6239648321041568,-0.11170540921689871,0.6897518883595383,0.904923879244751,0.6089736755789449,0.7670834178011446,1
1.0436504336046348,0.09486848596183325,-0.3355416802767606,0.8027457011899164,0.17352011465147366,1.0506908935410295,0.5809095003183009,0.19563734660470575,0.7549059110165366,0.25930187185278425,1
0.11061377454712538,0.8567882956222077,0.8193469032863259,0.8101880117135568,0.531850864451053,0.7793393306470093,0.15478090049754897,0.836008282428656,0.5787917498658001,0.6061704326094739,3
0.16344053978317416,0.7880386678359732,0.5075131900155425,0.5477473946723509,0.1717112702253846,0.8493143321146943,0.4954048732584992,0.6971028406163725,0.1177852184006047,0.7534750280551721,1
0.5304123450479727,0.6981192268273587,-0.09032457052217258,0.6583214066707245,0.29369366446881,0.07783070277891185,0.658542276814532,0.9834059947768441,1.2174460987958635,1.0510565874805478,0
0.9177565682501284,0.24895681021757393,0.9477521077024138,0.45552323782685755,0.5380576324018704,0.6312257019208218,0.1897706947247479,0.7130131645628238,0.8601582101000319,0.8604543233088322,1
0.12224046872115865,0.9283150273080689,0.8577770245313535,0.5273159769218436,0.3755040410608937,0.8526701283294723,0.16669815049013684,0.8819701046322186,0.004601147376029525,0.2640830749571885,3
0.4545328707520729,0.6393296583749689,0.8499138997805611,0.9364143662802905,0.21022394178690199,0.1673543489839149,0.2739902808288581,0.6271793438997126,0.12315400572317681,0.20146217321938412,3
0.18846684103574166,0.9543340821564525,0.48491889889904144,0.8667877850127443,0.5094304281313887,0.14188921100034846,0.8467631485790733,0.06566659509131242,0.49231220544638465,0.7796839353606791,0
0.5295992574271424,0.8146132170761351,0.5446994971811278,0.3502714487283402,0.44601009271825154,0.7970132139629661,0.16011715144989533,0.8190824158768707,0.35664396689454336,0.3888767410320422,2
0.41105820615518407,1.3849646684800323,0.35189100881125457,0.18870333222223173,1.388486834621789,0.7861051738797684,0.5287626018697827,0.6356116942346193,0.17972423676783944,1.3913698369990268,2
0.7591596718386256,0.4126215528371692,0.7169774812665943,0.2265450078740579,0.07417318023944093,0.5298062541894338,1.0120232298358225,0.3989818591496439,0.8249616001876898,0.9405648766057856,2
1.2345866086612256,0.038776391235435026,0.5180371263536945,0.7407040616750376,0.4477767900168306,0.6897053635579689,0.8167662508120159,0.4581967120025511,0.9455723486359259,0.15232503363524785,0
-0.0070198940130945225,0.10818450003332007,0.6114474537591218,0.24495359342735745,0.03939015282371431,0.2152502023291621,0.5718014913443928,0.22854007820061353,0.6884723039094325,0.791813319524297,0
0.005261009667495275,0.10291863474922291,0.6297274794749064,0.2592429072682117,0.031951796935531955,0.21680226320551638,0.5689172698733931,0.2271125433632624,0.6862152446421937,0.7790418885358021,0
0.3033131074171368,0.7224255870467371,0.7482140602445609,0.3545145678999648,1.1921975209895175,1.098897645846727,1.2735798685063475,0.6265971981969365,0.8109777977669588,0.8481013753840952,2
0.25170505372026375,0.6358390494897528,0.10375784750897397,0.24217402193688986,-0.002253468286076671,0.46178013753729147,0.716479516698389,0.23107547994235658,1.036348274774542,0.019134457716164815,1
0.12322745401689579,0.7022249265282458,0.44476793435430395,0.6294435920278068,0.22122550647788328,0.8010501906591204,0.4858794189498476,0.701501501692247,0.020706236299930098,0.7514121390699008,1
0.4073852212737288,0.10238240583613925,0.9839197219715449,0.8414526900335668,0.51101187460542,0.7960848306626568,0.30687563934758233,0.07615974069149102,0.6772903249648254,0.6721466099558822,0
0.8965501938097705,0.6103600341619795,0.9841500286563603,0.8514578435059743,0.643541368760544,0.8753183285869037,0.2365731048971666,0.5947939314191003,0.5153801676826557,0.46223083739786164,0
1.269422163200633,-0.7889779082512715,1.5710721262662435,-0.09528318222695786,-0.002545111119494625,-0.19733185700826883,0.2058694278761228,1.1375370450800717,0.352693734402817,1.0803185431724518,0
0.3422397933862348,1.1046801050595358,0.9779337336285135,1.023923565381851,0.5870547619290225,0.7724929449681219,0.10442953015747858,0.4159024177851572,0.20118303505861593,-0.17181972706938736,1
0.2583172548757502,0.16194494026859158,0.4996624710149364,0.27466350752383994,0.4569391330503062,0.7590615493483245,0.4539885322297651,0.24578001443906694,0.6360203643246398,0.5353475536318787,0
0.05858187663035466,0.8410381565543262,1.0189816380287897,0.44946279433162256,0.8411868634060267,0.8138975133502058,1.0347321151650348,0.3687186201073067,0.6035493336393339,0.7603660131448465,2
-0.01723204934907393,0.8312673182089755,0.64792711542981,0.20607545267843105,0.24210396095520387,0.5947054689470915,0.5504702779687924,0.9508286715465986,0.6729419402529789,-0.18715651674429024,3
0.9394532985005618,0.22636064554111807,0.7111349373044975,0.45143572969885915,0.4234164433435023,0.43577742274747927,0.14335946777140277,0.5446027808524256,0.8573819543562091,1.0396957351898546,1
0.8149952222924708,0.45082862984421257,0.9167880247182261,0.2702557345879556,1.092777651541216,0.45026181954608063,0.7884719827337456,1.0078546729097455,0.8051776842080804,0.4769520907812773,0
0.019822493517785554,0.08979753351320005,0.6518474726846426,0.2598758522262931,0.01046379106965976,0.20503304667090247,0.5847676497540144,0.24899280380119515,0.6863893637077557,0.7957415465504477,0
-0.024159585471637116,0.9302150375643236,0.8955948020803323,0.41045400087356054,0.07821362384636715,0.3928818824255427,0.8438066181357593,1.003798966466321,0.7736421627506839,0.16472875618516586,3
0.18565419870753502,0.858127734593863,0.42095537323144927,0.8355494236411128,0.9015694965548668,0.2212932633952244,0.9031868595667812,1.1083204793920125,0.4842694133618064,0.1283544246189311,2
0.10717788683682565,0.8569054494346877,0.810209935255142,0.8180367271326194,0.5259180970889722,0.7862334901766173,0.15831756243850503,0.8338589441052872,0.5697667585365781,0.5976478076219038,3
0.1253522062488755,0.18748623756131488,0.2834980585924551,0.7289261351151405,0.8733582254261295,0.25498460005592466,0.4407253149475764,0.8282062675699694,0.6424848850736096,0.28676159251998457,3
0.5437828447007306,0.7991422690932108,0.5414518932340062,0.3692376274678789,0.44471278406501674,0.7799335177158734,0.1536349510753775,0.8042362056291732,0.3424757887909838,0.3940954757918606,2
0.7008267438467659,0.8715670288922786,0.6865011833368436,0.011909988851104225,0.11128804154239902,0.5923247570789701,1.0425699142514568,0.35732759893481225,0.22547336543364185,0.4318464791121837,0
0.8823391057466635,0.3722073272999385,0.7902794864748929,0.5723238958190415,0.7151113420497209,0.2866994539630096,0.7296427507161592,0.9655746939823875,0.9895002026788194,0.5276202596735946,0
0.13339965108465582,0.47155165859001186,0.292926198119644,0.941505620556917,0.6195478035497678,0.7945280195100194,0.33671356568363836,0.09912646480743457,0.14448117423536977,0.056435711085867486,1
0.13073840947162846,0.219577345046152,0.3063675343392479,0.7458530603267308,0.8990196429589945,0.22268704421551694,0.45306929316727923,0.8055106450113041,0.624493185730303,0.29469510627729933,3
1.0423518243775494,0.4350563747013189,0.39185324509819947,0.9996355314283627,0.5334399113676971,0.5097306147918059,1.106455727676851,0.7122997736007125,0.8728325214578785,0.5510110612448853,0
-0.2268080888719809,1.254093726634379,0.6365424492724163,0.7231335626033959,1.0811076362238303,0.6352986242217723,0.7609556134855604,-0.10591908615126108,0.6486778389340844,0.18473963001634353,0
0.8416745339133394,0.35590953421176935,0.831042786378695,0.4670185433834924,0.5055604327234622,0.5544091380887312,0.13934308996663794,0.7959185613219629,0.7782388144857898,0.9317646336815343,1
0.3383449781443774,0.5030541629717692,0.41016933896571733,1.2587636748644901,0.5022799289106165,0.07207779846963436,0.35544789982982306,0.21332951296945687,0.4975808920412317,0.29508558375878224,1
0.20243979868957135,0.42651092289044007,0.8716928820177781,0.8012679903936152,0.050455869482826654,0.4192063355703482,0.4528617724452785,0.8023700666727894,0.13752168764149303,-0.05232749421755456,3
0.30522156987610327,0.14011428394026978,0.6267355210868679,0.8843370578678806,0.7949928363981028,0.9042881031783553,0.5815752143296872,0.20960206826595315,0.480735741268735,0.7023011833292795,3
0.7412050228745859,0.7107303275453749,0.9788938098365483,0.5361134608660911,0.7223949205153444,0.9098497520716399,0.15317973697807616,0.8276370976497152,0.6407292628822838,0.3680929611416126,0
0.8541450013257661,0.10524285724098209,0.6064704894154159,0.08786307098361537,0.513586716185769,0.4178933139989369,0.25879378253636953,0.9279817685547425,0.9487443831786403,0.7362786125660328,2
0.6563422298209103,0.7991406262312406,0.11395745490313715,0.6969400596034453,0.5191358568935366,0.40760148471383767,0.5514007990386566,0.05783490758534189,0.48322608961674285,0.013660453392462761,0
0.44508973198273866,0.5620296017653408,0.9338342294521993,0.41126405555802525,0.4058483947868756,0.6181527827059329,0.6250020719064873,0.5328128411481193,0.28216035585410565,0.4217526094020259,3
1.2317190460430953,-0.10305446280246244,0.23342682389157532,0.6791988365459057,0.28051396811962337,0.16150328065770372,-0.3111413098185041,1.0650524684384681,1.0265806276523695,0.33110596150357874,2
0.27006868845961673,1.1704950079180758,1.3182130316720078,0.4061281825452389,-0.3606528763114393,0.3772291523243686,0.3630648246760047,1.0259397134283679,0.8029944769191509,0.415866362644189,3
0.014064255721285154,0.6668687225044438,0.7901408108680777,0.5831583260966056,0.4107709582039594,0.7147298910042053,-0.05964321136289852,1.2456558617208415,-0.17191105296780756,0.427176955163335,3
0.13760043031796712,0.7406023579936659,0.5121337327701194,0.5626792553624139,0.15838908537700774,0.8396928802170862,0.5216281010137036,0.6866213538494635,0.10028564040811845,0.7145228899670374,1
0.569873165260991,0.5692768752695454,0.904284906240412,0.5373266044704188,0.5033578694690956,0.6378401833825941,0.5626627406359324,0.5614813877021357,0.19064706901787312,0.4298657855290701,3
-0.060038542084881366,0.01086215999723543,0.7007387260912841,0.22515542179739084,-0.023943248694825094,0.1773504243973524,0.6839146245012491,0.27244301591527975,0.5792878249131439,0.6895993329805568,0
0.8555052778496904,0.39649761875660156,0.7775719425828662,0.5415545032057609,0.7168156663434446,0.2777145341793984,0.7320768149649878,0.9730373794833185,0.9743958719190484,0.5098522544202614,0
0.4233320768660551,0.5465077663938381,0.25462133536228315,0.6670197347151713,0.8266602729751842,0.905235665785151,-0.022063773773298684,0.6829605475550488,0.9579377513154186,0.12035731523906577,0
1.6789762118128824,0.34131705640464705,0.6465079747642629,1.6508442827636298,1.0031561867583543,1.3170837070240973,1.645463887487578,0.9854482330684147,0.6071478701061697,1.2880344041761553,1
0.5642492890640285,0.08374660280861096,0.40084741254823986,0.03631299180094713,0.5304761859476226,1.0346933625599029,0.06886302892569898,-0.1412940657395239,1.0214688953034048,0.7511027664052073,2
0.15555684463387917,0.7901581212212693,0.44751866668793133,0.5260055109023333,0.1845223113959764,0.8788407132339295,0.5267846956685936,0.6482816986937475,0.04528900375815061,0.7666472462950842,1
0.8083126819297759,0.5607677553085931,0.8722018694694086,0.10017433991882121,1.0748348567020394,0.522111090668942,0.902298001711406,0.7287556589656041,0.6189153528335456,0.44781007321703015,0
0.917825705281283,0.18942911590865158,0.44303335670362076,0.9373237594611532,1.2348248620758038,0.882976861205556,-0.13789922079830438,0.5358850153726651,1.0524667640170728,0.053941806021454264,0
0.852834954628165,0.5666179231723562,0.48691645152730917,-0.024640550055874275,0.39958853666845723,0.886771002866051,0.6545411414295962,0.6012103016845878,0.37029591920372246,0.16338079569820013,1
0.7275279276517229,0.7927609172791912,0.759638411635084,0.14455475093897185,-0.30693103410450484,-0.1797624791412511,1.19648165381571,0.1341122231950881,0.24531242389182897,0.7936770168555114,0
0.09939670047291897,0.3840716302705983,0.5393909756981122,0.39323127177183614,1.0753278065995884,0.1485017898514992,0.7964689693073241,0.16312733833474458,0.5255408061962776,0.6748065506134023,2
-0.19961743146658156,0.4343200536505989,0.8873800813685961,0.44770254362765965,0.14236043213184202,0.19460344878522073,0.7319538465827806,1.2334991211793465,1.325647022589246,0.20047808686829627,2
0.004557637483114344,0.07435197916086626,0.6967638795109691,0.21341067942658615,-0.04804184884303721,0.1997640254433132,0.5407169616494125,0.1494969932105032,0.6654211108631517,0.8311829651587666,0
0.015542379188957293,0.12068490161520694,0.5884758454260414,0.2700724724566273,0.06701514316479013,0.23194321106273644,0.5698676464909772,0.2589120599237523,0.6812039852057212,0.770786378589542,0
0.8350141228833118,0.832861419838492,0.7219880035372247,0.544989422335208,0.8412134583254444,0.8471671772969036,0.18325036554522445,0.644095097252864,0.4521927950925177,0.3850906084210728,0
0.6605282212486316,0.578845577948739,0.8083187877560414,0.6135134474546499,0.5969055351747425,0.5746410755299616,0.5063494287131877,0.5646544723060739,0.24597326863427663,0.37718380997505957,3
0.4232442040705087,0.19774532043409335,0.3073675188762719,0.7464650483670832,0.2650062036025416,0.31617304061055773,0.9732818033760564,0.03658750363790223,0.7949628226430407,0.19207362351295626,3
0.8661058108605013,0.8288860628943115,0.8480538695031002,0.6384407555658093,0.6189296498202463,0.8073780391057712,0.11609400503886295,0.7574156561110391,0.6536866518037777,0.5135720287458226,0
0.1204874965711013,0.2113783277834833,0.26365861892998865,0.7411257592059549,0.8859828901236211,0.2571076273345405,0.4487534102949994,0.8174592915406291,0.664770950939399,0.29877474778504215,3
0.7751784918397964,0.30372908069154325,0.6862037681143036,0.642655458425877,0.009410900252469823,-0.05872922242419154,0.3872025285171732,0.8714777038491712,0.679508107810014,0.6944157635091588,2
0.8865645983469126,0.8921921115004128,0.9322401955232518,0.6004509513020126,0.5551111584577423,0.7675438883697027,0.16958704440420524,0.9258281246062103,0.7692481305738592,0.6294563346587021,0
0.778451234713379,0.5667348777915329,0.8283244985133704,0.6301630152461454,-0.1649909514402939,0.45578865300434523,0.5381332145434128,0.4810867303370949,0.10618992822401913,-0.04229517754258788,0
0.8517127429248805,0.3561797533038582,1.0678578410313668,0.5234735405539863,0.6683031749512086,0.8212420110245006,0.22572915380494965,0.5707327937458841,0.8054219916266797,0.838589295186508,1
0.8272590104670942,0.167236528039761,0.551062631406586,0.5234162563843447,0.16589432780993338,0.13916748497874687,0.2797621099663963,0.9143912780098228,0.5554392918400922,0.5929003314956097,2
0.8698511793164319,0.5619161767925153,0.6953272209998252,0.22584678813372347,0.6051732215430384,0.8665429678709246,0.5365001797606255,0.9654186322566756,0.23824617284295063,0.18774161591972552,1
0.8844950871251729,0.4419876610379223,0.11682153706195396,0.5677768772010314,0.5137915542074479,0.7935949253845831,0.9589659246388857,0.5885133763814447,0.45087664188240806,0.8907917303504815,1
0.8616292706181684,0.5703893877237941,0.6959877055086993,0.2139708615476752,0.6001643445856105,0.8784633225959577,0.5226350713737611,0.9749920590786508,0.24338036670435775,0.18436937129310105,1
0.39140344799193405,-0.13146540986725697,0.2075637251212321,0.2851730888701572,0.257835143299312,0.4593753165936815,0.2981138037194957,0.9249355053382231,0.29902737624526593,0.018517833954164224,3
0.4616578941184776,0.9818331986466002,0.3068412940303169,0.5605098266152677,0.1365358971739166,0.28304809348727417,-0.022144511433664485,0.42228902269345125,0.8893392692198928,0.9739856875652463,0
0.03561542947331657,0.2611828739122626,0.4099631682607932,0.3439291810185804,0.9070244214652583,0.6064147281057551,0.281142206130245,0.8679090857483539,0.7927399275518661,0.5612315381632004,2
1.0483445991603377,0.6747124413213194,0.7479290311129585,0.23933416355515275,0.7228251220972697,0.45635718133395614,0.29121893913674707,0.5820453302731803,0.36870987642788083,0.6932558904406358,2
0.10930549222667568,0.8561207256284251,0.8191529088665486,0.8104181721780779,0.5321433952779862,0.7798202688930259,0.1543598445117757,0.8360761035647981,0.5789795661287569,0.6054784576622159,3
0.04360935963754409,0.8394747018937043,0.8592528823417354,0.43973026847552016,0.08568995688548796,0.33499425082547757,0.7455116691479421,0.9263611199126894,0.7106016786057788,0.10454164006788015,3
0.6256724761144997,0.6032725958505671,0.6116658347112223,0.028996005719469975,0.380043824363653,0.7329634838724063,0.4700763706030824,0.9829430955146207,0.1771506764853584,0.4305417137747368,1
0.13212216008150016,0.18475386009697609,0.2840609522248773,0.734847685174533,0.8787651533859246,0.25790296512910993,0.44698201449889413,0.8261312724251634,0.6471218724893528,0.28679376274566076,3
0.8418572083086433,0.12949295847148043,0.7420117707323306,0.4194781912888861,0.27184538492199006,0.5710950357804548,0.4013154498271645,0.5973201583243838,0.618555764429706,0.9571383388466554,1
0.3425028242197387,0.06536868414573953,0.672893978458363,0.2374903964976029,0.9818573164504935,0.0009168388903327582,0.6080893774217984,0.8593684717503175,0.8038706181458255,0.14866796595993953,0
0.9280182010677097,0.3026447989858178,0.4964640212254192,1.2327410230507032,0.5567574121839068,0.3184232251074372,1.0052955901782878,0.713378182056022,1.0123855542787008,0.7115688704489718,0
0.6020477652406392,0.32878543155926243,0.046956272303020886,0.9196895751421377,0.442410111184327,0.8130423409229056,0.923929554519326,0.6940031163270426,0.563509548915701,-0.003912743055392617,1
0.1418333625737326,0.7257609723658424,0.482402766092831,0.5564670631045681,0.14056149814818264,0.8836500486057117,0.47257602246650526,0.6670097808894712,0.08500382961495878,0.7516696562840794,1
0.944561215327761,0.2021164417659538,0.6551351526875812,0.5491183255705511,0.1641554564362464,0.059320400355603514,0.3686578784272311,0.8282546143704796,0.4099443942764073,0.4771516697253214,2
-0.09834458120683726,1.4544577043564906,0.4839257135731918,-0.057240762597381756,0.8764256238683164,0.9307461627252073,0.9895184860427942,0.5612279901378239,1.544489136492024,0.47814995122930964,2
0.8446343016020446,0.14996271371153014,0.6439424632927074,0.08595046483880067,0.532093177296957,0.388345620377369,0.20846284282864092,0.9296925485409823,0.933361694941507,0.8186304905351938,2
0.11099567181726798,0.2093601112531308,0.396810301462272,0.2714659738070306,0.9972183713265285,0.5109262276642467,0.1391104084798649,0.9499935952190635,0.824901790143067,0.6264971153574822,2
0.826320423582243,0.8356684143648436,0.8918541948713694,0.6673560195878931,0.6277240711608423,0.8539580183089783,0.11552147538552145,0.7902542218197298,0.6803849931368187,0.4765554818663764,0
0.020694729053402194,1.0287453011224736,0.8159754480329904,0.49874264625827874,0.3893317587443626,0.8108518430361011,0.15542459471922443,0.9815606755872932,-0.05444532141566026,0.3309243329157279,3
0.5462568657009244,0.7946184466901726,0.5381522110732746,0.36363341955217676,0.4374631238973196,0.7791170949757166,0.17184118120154354,0.8289806545799709,0.3492663649166414,0.37745581423847485,2
0.08643398604371817,0.570666658898407,-0.06492924253455892,0.3120708584401098,-0.00265005393681475,0.5287868274122851,0.70909423136891,0.2586892735390911,1.048264541476081,0.04978099983352581,1
-0.11255554850890306,0.603973280214204,0.3252472728158151,0.2807491020187899,1.136785965471394,0.6115199669105349,1.0344186555010617,0.4567158014449403,0.3930967276212402,0.6935990521906352,2
0.8433913975801721,0.14982717879655003,0.6438687930503956,0.0890312010480877,0.5307905200874208,0.38886864247193104,0.2085566302529597,0.9313656935008234,0.9335874949208018,0.8195949262172147,2
0.5509636902397184,1.128536227442303,0.4875572670436177,-0.1036800088489051,0.18357502204076376,1.4348318642413942,0.23213515983912203,0.11847156084408386,0.3579631737015982,0.9293758634038087,1
0.2173443960615265,0.24095164409911113,0.8435871550104793,0.23606291541084912,0.6906138256364416,0.06054450072243929,0.7079579292920934,0.12503511374180426,0.3406714697870009,0.7707551829148336,0
-0.4079101274178589,-0.14429817287793578,0.4882891067690892,-0.18389300354318877,1.4531130999110413,-0.1519460835071258,1.0907131644978438,0.19680269373465473,-0.4439370027010243,0.19138099956143634,2
0.09343399108721384,0.8873824507782104,1.1353585091304914,0.4867867986041282,0.24497593298569148,0.5888107309346204,0.932582491433825,1.0202064943084417,0.8804764395696288,0.20613355100120534,3
0.09284066434460901,0.13039117259180869,0.3066485901638947,0.7085978910187596,0.8990226856036743,0.2925119074158772,0.4426084909088251,0.8772447392724303,0.6368481413127159,0.31327300707660277,3
0.7777396905346112,0.21206844146008394,0.05697555308328103,0.2631824885418422,0.36067118692040356,0.2077690056990817,0.5428253861839716,0.8221402466244666,0.5324793980715096,0.41447892933485364,3
0.3818636088629511,0.6126453300116128,1.0749190600893401,0.0020264548924843542,0.18055618113861516,0.5209361288771597,1.02569846669437,1.1870150653479563,1.0722868402962946,0.6727401638142315,1
0.6033371813446106,0.5328254901069395,0.981114367679017,0.4667685881053797,0.5414953681132552,0.670249150983107,0.45815935116809337,0.5509398800090254,0.17206807542542196,0.3357510455173429,3
0.11728654822262313,0.8732976778890543,0.8268374915417447,0.8082963965702121,0.5309401340356337,0.7607833090598763,0.16156928153571334,0.8203695181533674,0.5596035062066191,0.5994207687674398,3
0.752296568288634,0.48433331116141676,0.6584198497052846,0.25835375616669576,0.1572525749858755,0.551618349274468,0.9413329875987655,0.4032507138054171,0.7460365598515971,0.8926809574580857,2
0.32723533897306895,0.017391956309751582,0.5745729939571675,0.7911380818657398,0.747503088241131,0.7643456826203785,0.053889492734259276,0.7731668152053529,0.6120399347397042,0.36734348619483864,0
0.11189551194444097,0.8527840196145373,0.8189822509839264,0.8064677873032509,0.5357890064194886,0.7826447000058724,0.15862002671440767,0.8353427091896899,0.5812719607748554,0.6099895356877457,3
0.11220885008906084,0.46780382811566923,0.307309093247642,0.9486929922019903,0.5976013170360174,0.7784264140250903,0.3664377661984831,0.08326720067445852,0.1622570869441071,0.05350753079539998,1
0.7383771397656427,0.3060346777749029,0.6753826192620749,0.5388226979722831,0.2545558121060079,-0.03753350725013441,0.2305173626236284,0.7795337000054574,0.6544136652046921,0.6498516835717836,2
0.19969373472781976,0.8467453042447503,0.8710090864009533,0.5237884422745697,0.5150766320926974,0.8846969361824258,0.22576191824594236,0.9207416564971729,0.08614039727101927,0.21331092295583715,3
0.2606029461411001,0.9048088611335867,0.3618051199583244,0.7540077540964275,0.8996616995453115,0.31470588160928614,0.8656690637188497,0.9352352355085913,0.20233414332384186,0.3604856078832487,2
0.12295401479024953,0.19653527365190857,0.2802913798036584,0.7099976431852317,0.866930866962445,0.25426621686566675,0.4355631264381075,0.8465730079711952,0.6193849182570776,0.26248838378882916,3
0.16280756290407292,0.2340833026945782,0.3012807234161615,0.7661999075824018,0.8590097984882552,0.2265610779603627,0.3889572771445954,0.804350708625476,0.6096818583735667,0.25330915780816404,3
0.23859032219376675,-0.06299445046647575,0.6022465527236589,0.9333688111830692,0.8301654677687784,0.8604523284018265,0.6304014619888361,0.09556883311520029,0.48867347874782596,0.9130672596832246,3
0.1445158529444358,0.9729418417205865,1.6062729756884555,1.0455312355431001,0.7856677130076483,0.029137732238734837,0.26372566277157083,0.5480867308973338,1.5340247224991415,1.0707655526841406,2
0.4017041645816665,-0.022850040502956775,0.7623887667863328,0.32676031953271795,0.9065352565554199,0.15557739160350179,0.7019783665528596,0.8467724271539404,0.8858376756482663,0.2648278395747187,0
0.8455780549431182,0.1630418381165405,0.638912805123539,0.08811638435621284,0.5177013791700825,0.40189547136297427,0.21629979269606625,0.9316294653643734,0.9454363520696806,0.8136443476660642,2
0.3016469976151241,1.1085937002469304,0.5060353262089847,0.323818720726869,0.3906967232008734,0.2559906044943413,-0.03796231652088611,0.40160495145638864,1.0075811133189974,0.795381214148017,0
0.5762079311410464,0.01934616400127722,0.3322377651394215,0.36214600719460344,0.2594266309080432,0.6685748492479878,0.5119629946296681,0.9653902037141169,0.4558716916553836,0.04150429421903899,3
0.712671611741397,0.9479278062647241,0.7679040565682996,-0.19666181539517347,0.4255954235713966,0.8825116130911047,0.6546549688448992,0.38415726123626837,0.5410763393111053,0.21723658731934603,1
0.855057648852586,0.8242138233484602,0.8778949681322256,0.6524974642468201,0.6100613983607035,0.825102152464023,0.12431663443583488,0.7586481487888231,0.6757130438816237,0.5035629828469482,0
0.8431825808373181,0.1736622241726459,0.6241000094328356,0.0781909013129517,0.5322489984574729,0.398452362093216,0.18452666616573907,0.9552773186383176,0.9359324556457914,0.7952807380889898,2
0.854820093642943,0.3773857203219087,0.788137544356138,0.5639708877966553,0.7052606886519962,0.2605574489348323,0.7423361748234146,0.9837752026766008,1.0064182093421326,0.505953804466594,0
0.46155585449056385,0.4966864485232557,0.8115507717888535,0.6002326676410393,0.6937120352009947,0.2632186849229373,0.310860657322347,0.40537536792034207,0.5585686908284909,0.4568467512796323,1
0.8524154665937965,0.36486424184803845,0.8292831517314984,0.5699217246791254,0.7054538020963689,0.28055974305996584,0.7535517197934476,0.9644514988925013,0.9988828722079592,0.5139272206000337,0
0.41469883605859614,0.14043020122236688,0.2763823555094868,0.6545441867698715,0.3688110695535073,0.3672723836193724,0.9511034475684862,0.10233901701351532,0.7303754500607277,0.25679626114320486,3
1.0028452801040322,0.9232410343977671,0.1487169823933231,-0.1672438494283054,0.8554637753466362,0.5942037604012629,0.7461933027207742,0.8398722576241848,0.6123122055723224,0.32799700057868353,1
0.6793631024194408,0.10043316927501367,0.973396236900971,0.5709014230135363,-0.42867133350614894,0.5675735667362418,0.6858194883715574,0.9425547606803872,0.9154418636100536,0.9671428544147836,2
-0.030589378558241967,0.7946313841978179,0.9521073474118421,0.4312696115152556,0.21392722935220843,0.30665254441034584,0.8337661418320996,0.8350303565493895,0.6917620575431032,0.04009238104764809,3
0.23271679082048358,0.18847464422320614,0.43530643602745706,0.2203514529973712,0.3584283961094369,0.6819513239536833,0.2626614860175785,0.1610244071737178,0.7292886708620564,0.7979538952333123,2
0.8599044367898566,0.36440303235856164,0.821203824176925,0.5661019268431062,0.7689144814199451,0.19822231060997086,0.7936592135674543,0.9263850928522963,0.9550344537413415,0.5071352250744254,0
0.043753360946233076,0.29055454533229363,0.35086491825050586,0.2970197263272022,0.9926728160990513,0.5568239969844239,0.24232225468051777,0.851539499611056,0.8385431532750154,0.5847562881207762,2
0.8967053964624636,0.5938912022371438,0.511503858568247,0.015009301787518772,0.44040612905937154,0.07874876272242232,0.9205619667079645,0.8674831784895072,0.8003401584325738,0.7940999656138216,1
0.9332384093893814,0.6254634981815422,0.4817285785682634,0.09309302444458657,0.4682880124791947,0.840622073342642,0.6513881681986933,0.6310227985497763,0.20163615751169106,0.10044847271196652,1
0.4906328449141127,1.0009156803107149,1.5993081511263294,1.11579346640737,0.6038086189706557,0.7288124446351818,1.1479622449075315,0.06861281267952923,1.3486366293888206,0.9784356581130057,2
0.06148935784340974,0.32828695818661435,0.35795485436940605,0.30218651256452295,0.9427887127326434,0.5471409682095558,0.19503214768483518,0.8967329024316378,0.807458002821161,0.5542496999470348,2
0.00459577387754553,0.9343754454387712,0.9196826497254393,0.31590395255880266,0.044391542816425635,0.37838436636445355,0.8326192478846554,0.9921013544362636,0.7202410038228181,0.1235245422585881,3
0.5588498093038511,0.276784534814799,0.08419608322421046,0.9794991861530618,0.42128421670811933,0.7762678756650061,0.9953747599190309,0.6706795959481512,0.5146624215029473,0.009893444008718203,1
0.7941121191413454,0.27852102061153405,0.9918373909647407,0.6048748442729774,-0.02634296206021261,0.33264187534005135,0.9789430680002473,0.49056941725150444,0.1473201965409981,0.2718767476912429,0
0.046202450863349634,0.2808109322150402,0.3021349071508081,0.6632430411943521,0.8972821865719374,0.27895516961073175,0.525644528733111,0.9096486798295237,0.6998755270595525,0.363080015362716,3
0.5247718256793026,0.8196809996933938,0.5579047462430147,0.368619447922511,0.4449032461184404,0.7895787229444138,0.1476355440785731,0.8203896079306118,0.3233218069669249,0.39466802797470446,2
0.6105545573061999,0.4769789729784515,0.3384947669215176,0.7599391118288152,0.793479114581718,1.0856358916321813,0.1417430810307517,0.7193143373885003,0.9120118876692666,0.21703371505436453,0
0.6443283479070541,0.7642465636166381,1.4336657620556292,0.40245325622442596,1.423576442876132,1.1874804706379603,0.7810232878438436,0.7200322425082772,0.862333383854117,-0.6682944966958835,1
0.8187549719932519,0.31059648499520554,0.8185490832774738,0.09311025560262629,1.1254470004109067,0.514908850027108,0.6481354752525889,0.9221031100686705,0.5507443694325354,0.6254032632916781,0
0.4552159686941949,0.2945776281116652,0.5723963687034335,0.833108296719602,1.0221203162433408,1.0932590788964494,0.774761929293925,0.21566079687819767,0.6494762383290771,0.5354017519981996,3
0.9580460188762984,0.4184768956731865,0.8008584115472317,0.23808261192994679,0.970222708847537,0.3692240520728597,0.735076243479323,0.9321772750034643,0.7325584275701683,0.5764320865553,0
0.3877437648105524,1.0259848946500043,0.3659834397293938,0.672052226008947,0.733632653011116,0.24496883262535601,0.6142339150323337,0.7598659597351434,0.2744635181885863,0.3651278870468773,2
0.3073551361895761,0.5548376898338893,0.05599657498140409,0.8278926577570856,0.7642447140648304,0.8424843092899288,-0.09599891298992759,0.4849588971218206,1.1196471682934033,0.28453747589556605,0
0.407501569465551,0.48387297266323276,0.2844439604934987,0.6773063752964604,0.7660306978057506,0.9106464131037026,0.06378054807660241,0.6969604672420118,0.9750406847792069,0.2165342597580202,0
0.8008768167831964,0.32017568564962406,0.06594270198563751,0.7346633721307978,0.3807949970751457,0.9581127265465809,0.8859831979119724,0.4488535452790256,0.582486766209066,0.7093504921132056,1
0.9005237501398321,0.8992670920149091,0.8564062758354969,0.6531042369345659,0.6768155848120002,0.9059760828500636,0.15095924010564576,0.7830068618511941,0.6522944071558076,0.4844320564775967,0
0.8013187498926612,0.33881079331881014,0.5514321465754113,0.16285228022299708,0.22864781335712964,0.43758803822318426,0.972583950567506,0.4553681993139493,0.8577312787518767,0.9310799763849393,2
0.9111727076790216,0.39636799171793996,0.8334415428646008,0.5406502834146326,0.7401885638237842,0.24360424071757306,0.7284016779601845,0.9451290100671111,1.0161083743261015,0.4819488111450093,0
0.2575338106042703,0.8231209119592757,0.3123146800584744,0.7589421846687592,0.8185999734785505,0.23702181272291437,0.8025665769125888,0.9446388145919175,0.24027944781928184,0.4165084992507063,2
0.8571841860224562,0.7656555635134681,0.7772306410439569,0.64384508888988,0.5991718458954609,0.8487734202164999,0.13315004229105712,0.7892541762328543,0.7908985553684768,0.6034937135440444,0
0.3912537861450981,0.8028179278049232,0.5788163617634576,1.1409910549200617,0.09718083296983995,-0.03973898835645159,0.3625925512472282,0.6938457553768625,0.18382466254322727,0.19543841895699224,3
0.8435554173678766,0.5632974652334848,0.5680052994257883,-0.0041972466868094235,0.5542949127059558,-0.05941161855294623,0.7288841195443952,0.947068118367196,0.7348514817437366,0.796877698079011,1
0.181170587846933,0.21845168777501606,0.8374972557341314,0.1886837861244244,0.747823236994624,0.0837236446002442,0.7825344008471152,0.06633005492849009,0.2621316185684983,0.7710440253032952,0
0.6293696913953613,0.843737404011595,0.09253358299299583,0.6491028958870726,0.5352896958268227,0.4311139230447327,0.5954089563390622,0.06944646012659568,0.47685646494473233,-0.012696661160430365,0
0.5130592598961867,0.25701452354806054,0.11972030151333493,1.0318089144847422,0.4911794682127546,0.8334062203199003,0.9796537741668473,0.6439916713760296,0.5391603169912214,0.04162356264744456,1
0.08329837837257184,0.6281028871637379,0.15850008594940257,0.16598429820411592,0.014670626638336126,0.5584763441674653,0.7092217965438841,0.19153560179209,1.0844346268578717,0.028399066492331572,1
0.4611994719394536,0.7448595768192877,1.007638853238101,1.0471086074112077,0.7597062231753291,0.34199425644602405,0.5665568458327493,0.6181812483207476,-0.013393993202385102,0.08626605086962806,1
0.8554316004671579,0.16595636146533624,0.6562921625158703,0.07363132496752214,0.4987255930317875,0.3865775971167484,0.2045880172581485,0.9663191935042625,0.9246758224847317,0.8199563649465287,2
0.11473196066587081,0.85441551795806,0.8230530177118113,0.817526877171983,0.5383235110805259,0.7818799757614852,0.16027949248414114,0.8417379540384485,0.5729215410497244,0.6014810895673576,3
1.0815051974056993,0.2999582530102571,0.3263374913703451,0.8331482319587955,0.5134518629183296,0.6866747740429441,0.9617589075854999,0.4279920444821314,1.1138758131529847,0.42237871366522256,0
0.8598044638653215,0.17809575459657684,0.62311530219318,0.08824722201832509,0.5402201970306771,0.41960319899098775,0.17908397806744863,0.8966806217305007,0.9022320667188165,0.7785404172550034,2
0.9588022946498308,0.32962965011689105,0.8939081706387904,0.20198618040651484,1.0627700255846102,0.3476283152612387,0.7931013106141468,0.9415028886580722,0.7546701841625254,0.6273280102882255,0
0.6235566519748276,0.8463019281446853,0.567630014041129,-0.42461476007021304,0.046325922880622206,1.3172104187399334,0.41122850330153393,0.6166154225654511,0.2870225563808796,0.8147746367060014,1
0.09426949071039703,0.7764850990494793,0.6350274558596342,0.4173240575826787,0.20865303648251562,0.6913697554909483,0.3684597416983839,0.8745099262182054,-0.04667512796683557,0.6445575669649037,1
0.23204862604544113,0.7875162367252575,1.0244501836977196,0.4133689048970689,0.9099195829741077,1.0800343093746165,1.0248033277364197,0.4481240737671243,0.7069426006517677,0.6868302936340791,2
0.8578518325009148,0.17092597498681705,0.6385822690590849,0.07038202539963571,0.5149470484707288,0.35779650626514076,0.2131429372716362,0.9274230208610273,0.9313523957190591,0.8205013556177029,2
0.10441630305786533,0.21583950182149686,0.3417117713234411,0.6939432779437171,0.9263426849810792,0.24996140296686856,0.4455657285130808,0.8233265436066797,0.6187212052331158,0.24908746343151417,3
0.09482781595982137,0.5207287822586426,0.36105752725237006,0.1453328760443132,0.9642851845881004,0.4181637130244825,1.0040622273414939,0.30911507043817815,0.2791204789067839,0.6001582624836264,2
0.4865634610025261,0.5031837919281967,1.052368505946036,0.7521998873552165,0.4513116865204226,0.631774727290686,0.4634839772246331,1.2068520560154676,0.8554375273480914,-0.27787225055435116,3
0.8472316006989892,0.467121653720112,0.8292460564302231,0.6717134653422643,0.684525391289277,0.3256382835525654,0.799165410679154,0.9613579428824364,0.9881390526836623,0.4038992656734092,0
0.1231493556096375,0.1893528576754856,0.284561227917436,0.7287488448940248,0.8759842395568537,0.2568907712166842,0.43925148269612857,0.8282613368339402,0.6444631230893573,0.2847276740202173,3
0.028741378686829883,0.14968178932166099,0.22356012053975552,0.6959552478439691,0.8237979606911379,0.2727483668712576,0.471645514042371,0.8976326958898314,0.7145694714194597,0.3082975334813152,3
0.1590502598144944,0.7309001925691496,0.0008716033257001321,0.4967219387711775,0.27095557242838947,0.40047213918678065,0.6522641922203569,0.3109429626501113,0.9271012543009253,0.18028295036176406,1
0.8073126766868659,0.3598196958752867,0.5414723815112773,0.49006991821566,0.3552947613831284,0.19693204686967153,0.2444901372809467,0.9395899643969658,0.7405752988505733,0.7896648769659487,2
0.8312140527226247,0.6091173575641973,0.6510100482077198,0.15095373994574426,0.629514055859431,0.8223301094402524,0.5635221138411407,1.0030241260995103,0.30793853295270635,0.15899000912958672,1
0.794670041173453,0.6020048711190968,0.43331064162122324,-0.020039952788828794,0.5538226068642779,-0.03644253544914144,0.8208066170371483,1.0787641903860754,0.8714590036497132,0.7694792815710444,1
0.7370286345141683,0.828529984813259,0.4731031168441091,0.16607266528378017,0.7706277250263956,1.2295520792120633,0.6401196728653966,1.268878604678954,0.23365234587763628,0.24766733057138463,1
-0.3791956164874022,0.5271020631847947,0.7284434440263405,0.6275421401661252,0.8432055445828511,-0.1742000242687214,0.5027644647898839,0.5543945658491276,-0.5435237411543499,1.1257399500368557,2
0.34468386226631714,0.4433157064347881,0.6458857199207074,0.5197785267847375,0.6651514056406748,0.47715935159148415,0.6337314032487154,0.7311021052497007,0.11208590098369775,0.23300860237970347,3
0.5185500788453752,0.36303835649877847,0.847489643407367,0.24474257824862355,-0.15269090477618846,0.5319715858919404,0.021502465243837643,0.7058260244452907,-0.12936196647944764,0.9206532483261487,3
0.3413066018487082,0.3406833725607626,0.9659988258772367,1.3012256151772499,0.9841120582632517,0.7508240704809332,0.5745392472335913,0.45642749901772117,0.3470626786806006,0.4080197647057076,1
1.0594352215887792,0.021479344148421543,0.9890381964487875,0.4265724102929463,0.6667488097997436,0.6381792661507808,-0.20589356589192065,0.5670886926142883,0.5298155964807879,0.5804365010557734,0
1.3363994499870884,0.4736671828362897,-0.4749394578050845,1.286839893716211,0.5549458345929731,1.164044134133379,1.4280873696454006,-0.08499898916511328,0.2368903608158543,0.7944339620174886,1
1.3063787822940283,1.7620984005079419,0.8878602553759889,0.5903368235097102,1.3252293527469199,-0.3994573514173999,-0.21717566802767363,0.5341700429704748,-0.33381963144953475,0.6498826578540939,1
0.03192008310701683,0.11999630698464105,0.18415029621047774,0.6823214181493231,0.7968979987546803,0.28615589414462544,0.5094387721073185,0.9768936183587118,0.7103823794460978,0.31557641321370944,3
0.17262884855618732,0.12021408173439303,0.34473601372282997,0.7233287181053907,0.928751975434207,0.2888255317764546,0.3741980850955364,0.8423623462677124,0.7257663562236082,0.36293396697300606,3
0.9139844224091564,0.21035053889315175,0.9344783699749226,0.465625609222387,0.5911611680127147,0.6246794596816618,0.19687542031594638,0.6643116816970087,0.8194981735061463,0.7921913314869115,1
0.5575367207088286,0.5598004383863324,0.8915621063510896,0.526907209629013,0.5168293802047228,0.6525013238841068,0.5370441948973764,0.5443694748996839,0.17809247088258728,0.4192281860461842,3
0.8647760368340037,0.40212557846579994,0.7997357513062068,0.5770506845385508,0.7328971902364989,0.2784204339047312,0.7249949476143457,0.9817331670220575,1.0018492011706646,0.5189989003531796,0
0.3795095827912366,0.47874648790756485,0.1617168170351522,0.7261906230692136,0.750494400660143,0.9303152472064606,0.05819880965123354,0.6011624660255397,1.0067925325842637,0.07834491424285621,0
-0.1031085985464246,0.7730791831802263,0.802278608301672,0.6600550751834557,0.2529207565752846,1.0415982994889494,0.1654231816466578,0.9089447952204747,0.020618915262179238,0.37318252754962333,3
0.36521342551070324,0.9574818246463684,0.28704376725173236,0.8758948092328205,0.9241688550336555,0.297203846052802,0.7709727812449388,0.8406356176871875,0.17739074945324115,0.31946176695534445,2
0.47068905958032525,0.05735735520148275,0.9466544802060138,0.862121330634327,0.46009572388644543,0.7681229947313309,0.24778828715297696,0.10240331034340591,0.6031598371421363,0.624556948397397,0
0.3565487574469178,-0.054923059147795085,0.7564849855795639,0.3158998906472466,0.6980244278896786,0.33767940485207704,0.4840391079360749,0.45040207787551023,0.3875087777547182,0.13284884126577193,3
1.1609938112099036,0.1034765411001084,0.6650008461259923,1.3101996974985854,0.979882132507718,0.27831227966833844,0.8174117617465091,0.7170101242996461,1.0679881267985059,0.24872559002091188,0
0.35613284800716966,0.057904420747189864,0.6645661620240484,0.23398478594423067,0.9714378712676122,0.004758548338305101,0.613650545717463,0.856327379074943,0.8003668016733549,0.1435972439612193,0
0.47295371313925416,0.05526098123284855,0.9373473540833143,0.8674049775008539,0.4446965707267908,0.829686986202042,0.19406321878522503,0.09317969260822669,0.5611000987204995,0.6425382665032187,0
0.25376955376001126,0.4730902632168701,0.70252679054121,0.7597421371390508,0.013107980928096119,0.16006797845465665,0.20933266307523493,0.4564577793283317,0.07076443471043231,0.17474497500659525,3
0.444359214568222,1.0095202896308981,0.42734822158057406,0.8645902466427561,0.9546505354847573,0.1957771094466037,0.969484583539044,0.8403212403335772,0.3860255967099958,0.3458381018919864,2
0.339951149738625,0.1454736282777251,0.610166746469533,0.7178169763266858,0.030085914270945258,0.5594527721113216,0.4127469267485356,0.5352961095769116,0.24688974780365544,0.7704850848211112,3
0.8522839868788458,0.7358386647446822,0.7699623691559061,0.487200670295233,0.4054415385939022,0.6864121793820792,-0.01745479729242344,0.6652678679312888,0.7685445046986257,0.6062667226530053,0
0.8433425723295793,0.14744634452740918,0.6423589361294595,0.08638517160185627,0.5285986833190912,0.3897530309382758,0.20631127730194887,0.9316204354772113,0.9345031390780596,0.8195067189647849,2
0.25995398820475735,0.9344784462078609,0.968189113700454,0.6348153620021321,0.4975976752141822,0.9984823689483041,0.1164080027598939,0.8325718911539343,0.03468789440122788,0.1462242035521631,3
0.8535784486095916,0.11277848730596648,0.6708589743824825,0.04283412579490183,0.5532252377637287,0.42662876204052375,0.22654866891895495,0.8962904530417182,0.9585388405017258,0.8433563959940359,2
0.7864373515853986,0.661732225454189,0.24291255400695871,-0.056734527478855934,-0.1775009665741965,0.7068279481898954,1.2943049345241553,0.6887172773266168,0.466875943860611,0.8204368076628463,2
0.354300556469333,0.19718009991444277,0.27654462785103623,0.7333274112134716,0.30629569497308706,0.32105782426455315,0.997444106704806,0.007500076360865134,0.8095947229061131,0.13580289143448113,3
0.1504729179260439,0.4670002089233163,0.278987585827241,0.9281016226515028,0.5804185339759942,0.7781148827433976,0.36193048503604625,0.061544690282295436,0.14969641143486898,0.06016378861570939,1
0.08803884826953902,0.9773099714279496,0.8773592519837653,0.4159109513140214,0.15445794704135235,0.25101750610996243,0.7976937825403395,0.9150302777657136,0.7966669530272646,0.19614019325974916,3
0.8738731999480865,0.7058346605147798,0.6851847214977302,0.15809447697306048,0.8079074766130635,0.7327924572510746,0.4487049940608533,0.6024447154160854,0.2254391380850114,0.4786229234001921,2
0.3923238651216464,0.12893543682284647,0.3088109616545413,0.7280035331347474,0.31139742348924565,0.26438888779505054,0.9121717701607925,0.06440993066447437,0.8600452136539164,0.256231488322802,3
0.8052774600727196,0.8015299313002567,0.9311429451482055,0.7044308242646803,0.6406139451174806,0.8293949799470255,0.05161318774495438,0.7801681317278253,0.6403261611205509,0.5110837193368655,0
0.3707807307538431,0.10608244285330909,0.8738246016881257,0.47216988445997443,0.12930473084694283,0.06205052140551761,0.2936780772624481,0.34777485618657644,0.641813992136791,1.0044432406801995,0
0.7689501607493796,0.5015771214793606,0.7925026637408176,0.21673773180546696,0.7027908450820708,0.9482657363469796,0.5358312727858223,1.0593313952787367,0.1293706373939374,0.20150649278677224,1
0.35600823074892707,1.1098848475435728,0.3784876288302887,-0.027136949502631375,0.028837567920864754,0.855779804440248,0.6236814641913031,0.33089452155221205,0.8015735297888108,0.48494915089801,1
0.5365883686229379,0.8095086337696814,0.5337300539572719,0.36124321862656505,0.4448683978004059,0.7934688622231434,0.16176152973278707,0.8102309315337252,0.34832598893397604,0.39162123383739195,2
-0.036042603777719104,0.09389309046079472,0.5698040949849533,0.44515206253542816,0.9026712514700826,0.7938619231436175,0.4627952038694443,1.003588432850336,0.7040859054072435,0.6482102017549599,2
0.1346989168520443,0.16443443746718592,0.2324606134277646,0.7442387236665413,0.913523817913886,0.28477725893742645,0.4481068329049734,0.8255385409693089,0.6796068337072877,0.2785592691187,3
0.7724514596992528,0.5364081631907788,0.6298189634539596,0.24821238991458147,0.5105665257552722,0.8773215689079178,0.5081179221333684,0.86060578204429,0.22560911952849652,0.14774593901570646,1
0.12906720753841697,0.2758349650401978,0.7097022232978891,0.8541917451620877,0.6756067605371556,0.6274990413087596,0.7654920477943359,0.4677083208375966,0.8012331511248014,0.9542912101261943,3
0.6059524178917693,0.776027053814135,0.05652886780799335,0.6551978136991606,0.5553134269876154,0.4884230460735335,0.5719642543286707,0.045470832674197846,0.4712716334335949,0.010329001862731831,0
0.8745336420558067,0.35694783721142986,0.8193678086737459,0.5236672098335939,0.7040030097932268,0.26859810361986525,0.7750672117365387,0.9655540528850121,0.9532845305601607,0.48504785580142995,0
0.1140772448019092,0.19850911027387388,0.3143081032968351,0.7293543372929607,0.8666890978482517,0.25729090051579656,0.45210928509868153,0.8259922248807618,0.6592003255707363,0.2612370617987117,3
0.10698011686009355,0.19903684275198044,0.3278840048075982,0.7196214453575315,0.9079613536097012,0.3736724889073617,0.5333006169296747,0.9054429802674198,0.5995655384863006,0.11692025875825268,3
0.07035725763598871,1.352786972521903,0.3388368871476625,0.3034971082031128,1.589966805573318,-0.12108666320863903,-0.14999629224033162,-0.1491030114484736,-0.5939886739931994,-0.8026339881390426,1
0.8562317024035749,0.1607209518119289,0.8611367841401493,0.2534314244635201,0.34445701579941346,0.5509205612557014,0.16925497824177888,0.7172648410854701,0.9940640525143283,0.893536654459143,1
0.11416085820407396,0.4667992625526875,0.31597082614156097,0.9490085999423417,0.5950857277814081,0.7834896212633476,0.35264642331721446,0.07722417235447396,0.17264542178166814,0.05048503057919605,1
-0.27365373752226974,1.4328396858924644,1.8220010294412714,0.006737856636676365,0.9527447537516689,1.0350349532497312,0.6884859334611281,0.21192547381436763,0.282570672477335,-0.49567410716094296,1
0.23392695049171214,0.8278893850768455,0.9621974100700608,0.5230876286337666,0.5511303617524199,0.8070414115445119,0.10756076778306219,0.8468990833426325,0.0576367034960596,0.12405128128783206,3
0.5298559585741379,0.8139225179357485,0.5409052497329483,0.3645083795808386,0.4327159511350226,0.7929755348240897,0.16142328360291586,0.8051317771750073,0.35437482564579476,0.3958852495372815,2
0.6453265045339752,0.7683344917056072,0.06380777249942338,0.6832387999119846,0.5006769843520121,0.4158170114837346,0.5938943071775379,0.05251478186831964,0.44951200657773277,-0.030685378485887094,0
1.0760683697929558,0.5283513260437003,0.7502481710856795,0.3768287799258478,0.6098718209995999,0.3720897420160544,0.31630820755832106,0.23005790461678063,0.4396395216625562,0.5712275152938462,2
-0.015193241745072705,0.0955091411966422,0.6403544737463407,0.28100782129305346,0.0503975446518635,0.23413347474740076,0.5874518514582774,0.23761177168663797,0.6961974632104257,0.7812627258836027,0
0.5975643144447492,0.22608524314972378,1.0279241697496206,0.453581966735781,0.4308146429402552,0.16959659135226546,0.31164068820873425,1.0257523051554873,-0.07143758764313052,0.2773656092993658,3
0.35232944570069985,0.3254987765497651,0.49152245615155604,1.047183144251642,0.285454404260782,0.8870937324850833,0.04982380952789822,-0.2880313499421751,1.241203401872561,0.6682881286939246,0
1.014862027742609,0.1912517759459116,0.6449881566347069,0.3789640956652006,-0.022665611373738792,0.2756050729003354,0.9777605536506886,0.8419527799564979,0.5042497729403366,0.07332231930414367,0
0.0033207479705647473,0.09216890743475631,0.6116417151944037,0.2608648879084967,0.022849031933404856,0.22531131881008157,0.5605807036122186,0.2508770306926155,0.6882979554241455,0.7761848528120965,0
0.2528587699637921,0.2477196546896849,0.6937715760931242,0.40266668420574553,0.9606164081309925,-0.07977105225359506,0.5576977372988439,0.8172968389706503,0.8589585306094422,0.2778115132894391,0
0.5991099218574547,0.13266449635294886,0.5348060071459132,0.42325412969514864,0.6083568416314257,0.7853026074453734,-0.1426538560250452,0.7619825977247892,0.26419544062965694,0.83306147377477,0
0.6944160883121776,0.12351157307577967,-0.04299217478812886,1.143872636486203,0.7893000225234399,1.2038938800172205,1.0912094617255552,0.9791567644677591,1.0291758514682026,1.1260503779587154,1
0.5341605478711247,0.7530466819047617,0.9418424233102083,0.8142322344639524,0.8139660969417843,0.3909410745498632,0.2875431231359822,0.2339522735789225,0.0981806714085432,0.11972075763756658,1
0.8648488637755449,0.6466939789453197,0.8251941168403145,0.6985185253322674,0.6581377225272828,0.9894205738588049,0.06947679403645654,0.6196193018098426,0.6776332171201647,0.29430396380385976,0
0.5479106788340624,0.5163368751046155,0.2067658740213904,0.589784781390259,0.7786978520543926,0.8565509378253593,-0.0193636577260118,0.6564085232785347,1.0120055066712441,0.19717297083070728,0
0.8591078988513615,0.1552252724674357,0.6114036444089718,0.13099895027255112,0.5141256434959383,0.40876750985608684,0.15643114162962782,0.8741939239739571,0.9133393649913559,0.8470611793860933,2
0.12591460820172193,0.4937542138221712,0.3474858591010278,0.9758311984253168,0.6173510542797385,0.8072926125360423,0.33645878177920685,0.04898105229963965,0.19200417813749468,0.05859927283435365,1
0.9842887002500836,0.3401843955576782,0.9447578483817031,0.3957311019033323,0.5213639176910255,0.6630245585629502,0.14940829046271475,0.7600852844186453,0.8619130172159153,0.7833500798825664,1
0.24895307661353688,-0.051863289904034965,0.3916387541390296,0.8119378210721082,0.12182529629071293,0.39469570894084693,-0.12726677664938668,0.9788123052304781,0.09737256110745607,0.7681775291891513,0
0.11482878418252623,0.5715496363466237,0.042882895798878655,0.18543661890776225,0.060685418461305436,0.585609163285812,0.6600091870713944,0.2602808961065377,0.8597156178783667,0.0927605831043169,1
0.7700196656641949,0.5418638291700406,0.6408146562975405,0.25378559649162225,1.0427560685939377,0.22276712283421918,0.8780834359677999,0.6027714730525762,0.5939524243000527,0.3199872371138767,0
0.7668227607625842,0.7110182181329388,0.8033172709086902,0.7533012956844269,0.4013327800840768,0.6492650280473403,0.6326950073769704,0.591673339156835,0.06457108992874025,0.47226836160778923,3
0.04515489833907631,0.9244202662943425,0.8235087042897531,0.2980183112427073,0.13781939684517977,0.28973002404196097,0.8578166864301794,0.9395882015975985,0.801242245338712,0.10886881665320222,3
0.06526893937204588,0.8219297222949453,0.1566010241694548,0.7016298050318617,0.6557564298347088,0.7721605538462851,0.5705802328525396,0.1830742215596439,0.9238636837684736,0.05729765308575857,0
-0.0664358686807892,0.8245551239613812,0.8701942977960531,0.3307154489156019,0.05418908261443459,0.26955887827388475,0.7028699365248441,1.0352144453639742,0.6522870565962021,0.2045559831152992,3
0.5340102621159463,0.3035824362254902,0.09867233694566763,0.9818488393146926,0.4093946742435204,0.7686406184524264,0.9854730065570054,0.6588337161811386,0.4856302890941809,0.03707674772335566,1
0.5241411091585754,0.8298047509386317,0.6146825998603502,1.245147933329705,0.9485411112928518,0.6309988469793997,0.4889254508282157,0.615919940065026,0.33826269580792795,0.2726953718438212,1
0.3729040152874039,0.20486912897302728,0.732337608600438,0.8018819750037085,0.8429265783277898,0.8643912612800402,0.538430646904975,0.29144269090018593,0.4344384829397437,0.7387560824356985,3
0.8678553944001043,0.3864525554162503,0.8044117450783929,0.567195134637655,0.7161538856214398,0.2745252258127586,0.730878621505234,0.9785653316559437,0.991133595353208,0.5203839638603163,0
0.4166176798028012,0.6935826966808563,0.7919283186296525,0.8838755038910453,0.19899224706819693,0.13258773514915873,0.3145190162382168,0.6135166600986396,0.07198894167678799,0.1647639737269429,3
0.37932588305158005,-0.11680527990742612,-0.049722305711674644,1.0182849237932665,0.09215721975417834,1.2294834409340922,0.8207506193504719,0.3267985796715746,0.4899831030534713,0.19333394599549597,1
-0.09773055159968558,0.7654738884618796,-0.06421315850904576,0.5295155888198342,-0.08146527621257021,0.6674350262481459,0.6609915846689812,0.12872932432648412,1.0633950315195184,0.1670451644766027,1
0.819122932591166,0.18126140193778084,0.6160451247045652,0.12068971918064508,0.5105310897005236,0.35920741998504485,0.19392245212021347,0.9601675394872506,0.9295437919293834,0.8555639723928835,2
0.3894258988614678,0.2915918870092808,0.6000821859039102,0.7135922219570461,0.040886442602959816,0.495477147335598,0.2704624386061442,0.5302725107360754,0.17250459188033943,0.8435821476962322,3
0.7068800106457325,0.9861178999362905,0.7230127263541114,0.8358293793154437,0.5319387601859215,0.6059803212277894,0.19898072781638504,0.8268788183817457,0.4740857595655764,0.36870075880677544,0
0.785964387907246,0.6156891166196583,0.5045928985779033,0.05456249875409041,0.5238195988537666,0.009144325460714645,0.8308613273414526,0.9835179000661163,0.8354184373204322,0.7586593222337374,1
0.5333786459972861,0.8041008409290242,0.5348675569547178,0.36042447081511536,0.43813767388329145,0.7891538234686644,0.16197776457145419,0.8160791980086496,0.34927495393613034,0.38873300874075667,2
0.23226098836234504,0.5163807898081912,1.0302655840693622,0.6431250737502142,0.13881826435732972,0.92899857252485,0.20200250491374191,0.04763839101692163,0.32447751433163907,0.369193553865667,3
0.4872889772458257,0.6835666247188179,0.7053709772096384,0.967734113644235,0.8102955415775216,0.6331344988359754,0.8620202431673809,0.3749145841775353,0.34636537548314805,0.3432911232837542,3
0.9342752222720443,0.3532176511517559,0.3078416287542127,0.42341822036195875,0.15391610109264844,0.8373000288927293,0.6715082552883532,0.5046786339466337,0.005630696423294113,-0.24383064640456742,0
0.21694512522615106,0.2490921677729559,0.3249291749310055,0.21576005969687445,0.45393530450689973,0.7853847241964333,0.2616543286329199,0.07617441910786817,0.7027185690523863,0.7434724660578826,2
0.37312114437330535,0.6713776036976773,0.23293087106802368,0.7576904367104056,0.7623972218504174,0.11226010449328569,0.9561997358691603,0.7156275129380063,0.22957007386666106,0.5012058583994099,2
0.4222042687461375,-0.18190676329845207,-0.3946139323334232,1.3139894518839146,0.3427230747257093,1.4572762662507242,1.4031786096976422,0.516328551013932,-0.09991825968521284,1.1892110209011726,1
0.5370083966209512,0.9792921243517178,1.142690800153547,0.689079380930047,0.9895564240048396,0.40355834961448034,0.3058668328551847,0.4117770537782313,-0.0683262253660028,0.13852739542217907,1
0.851427944400695,0.1239624147128382,1.5992669813333995,-0.08273511465300604,0.9960058377244939,0.8114271990669228,0.43047543571105823,0.8812933014730733,-0.07513157588174013,0.6070816223044959,0
0.7851439643440485,0.2985758271469712,0.8413040456295868,0.548333164904034,0.713065751112879,0.2077601130360896,0.686147273331725,1.0166012960774926,0.9343069758262901,0.5991409247089076,0
0.1426693296274065,0.49208747327430435,0.3402531435163682,0.9322320986998552,0.6091151332800261,0.7823718363905703,0.37050061946230795,0.06245235815366322,0.1640443896660607,0.042051189034474815,1
0.7449511662255377,0.3082237679886428,0.29112706929821447,-0.13929929229490462,0.5571754507666711,0.23710682166328195,1.295940428447286,1.0267891868739492,0.43365879729219026,0.25060844157698003,2
1.283563773673982,0.3472599318278642,0.14496651394095428,0.4724005162199965,0.6549655837246322,1.0621348140078668,0.12101769811832352,1.1083447923178753,0.5109669460670854,0.17861849084977513,1
0.8708152681946274,1.1769677116909596,1.6534199235068145,0.1930442523709699,1.2986518607711506,1.6680929994492315,1.4858775729281972,0.48102306125743755,0.13736136201057825,1.3128281413110625,2
0.8587981776393073,0.12143528863170062,0.6640707015418104,0.06085584957884274,0.5081589948804196,0.3577600884007,0.18610095886799854,0.9637153548948663,0.9639423053972338,0.8394096368928972,2
-0.05983890628368985,0.5862468597075801,0.6021787135369459,0.5924968288545462,-0.07999384037450635,0.7285975004694543,0.43081448372527764,0.5267359598267978,0.465148996544262,0.0009425574031340644,3
1.1023074679593643,0.9174804865597055,0.23747430853944357,0.4337197127603224,-0.3402044868883483,0.4346365782844511,1.0270450903808033,0.6194997307561914,0.3426150375220915,0.5169812191193914,2
0.5316304701021828,0.8091583874885127,0.5292737673475338,0.36445971254393544,0.44147412053230833,0.7928021882483808,0.15934592416635532,0.8118972298863766,0.35062348130848275,0.38582112491082676,2
0.884397954153779,-0.0017761777117223376,1.4364873127024649,0.6588080912671423,0.2800877138653396,0.6722141026705889,0.8681093786753167,1.1147803667067326,-0.052951400977788304,0.28898796092918994,3
0.869850575534316,0.3871595359080358,0.8029365549699768,0.5692705265367417,0.716825478849552,0.2746897881748352,0.7316133437780828,0.9804465328905647,0.9896968966472434,0.5196826906021609,0
0.17815547777795018,0.21352189055042367,0.8301331753921627,0.18618009874307384,0.7641772187108897,0.08642660671380084,0.7779587762309085,0.07751419073862091,0.2739480821255607,0.7618990020762615,0
0.4210573943876965,0.011042065481220359,0.7371038867287337,0.901271434380797,0.7358897499035146,0.7417855373013392,0.5335935438198983,0.25761388193964285,0.672948074735298,0.8773460448165826,3
0.05429243719618129,1.0315742911031769,0.8921069401145706,0.20887736925698858,0.0038805095116059007,0.41656825918727264,0.7986500645809166,1.0645929179538718,0.6766904321363425,0.17475003553614163,3
0.1606552576699967,0.7032063201302221,0.27600359561563204,0.4866648659776683,0.5647378675344654,0.8758751951337186,0.5236307106903103,0.035431202352883016,0.9236125125407593,0.15722901837560904,0
0.31460739080602523,0.1511144435191968,0.6423942837290325,0.8518051950017996,0.7596592272757638,0.8285364658307418,0.5725367161784483,0.2523624522733736,0.5506399737543946,0.773134340009434,3
0.889167047605596,0.8295563851718897,0.8721168679453679,0.6789151945009329,0.5845339602183314,0.7909507797284162,0.07022619384780139,0.7939799084123619,0.6584665979201861,0.530581520825271,0
0.3556861469980658,0.05737793173674757,0.3370849025931676,0.2025851740243514,0.3127353249378008,0.616669802233991,0.5226364617374544,0.05105661768635253,0.633630575962335,0.748644221057801,0
0.8504261582566266,0.3991417185534974,0.8051971527486731,0.5530583923998236,0.7076436602720433,0.287564458078422,0.7225743644393406,0.9538588548472079,0.9681652858989135,0.5258858414329407,0
0.5334410225039055,0.8011680355407156,0.5314530476837469,0.3573988350833138,0.43774789470803316,0.784890422165834,0.16340846820574742,0.8178053302750492,0.3535648503438724,0.3875029974189987,2
0.29165816804289646,0.6558004597391915,0.585192096993646,0.7843855497470082,0.7885908459516882,0.15684120121115794,0.7478693799576799,0.10086135034387021,0.7301326692923875,0.9870155766032904,0
0.6495512391391647,0.9990663197024137,0.1340852697448456,0.7581331178672027,0.39093693051176076,0.9969134807840756,0.4917889249763744,0.524645154744846,0.625791257894357,-0.009750155607333187,1
0.2261554783247924,0.8800467469655998,0.9510050083845224,0.5704925847830182,0.8832144978337794,0.9594127302811714,0.9601413230110756,0.48651175388176776,0.727572984697235,0.8449414678998033,2
1.1876869722719934,0.5111986156324987,0.37766586973099525,0.08191934678715164,0.7273780695643852,0.6130047536705847,0.441497909525417,0.5520370445274401,0.5178934181880219,0.40014735261246065,1
0.22213783356765168,0.21900681794194124,0.8316863180824458,0.2282837315044247,0.78103950100173,0.05972411909714578,0.7805608716331807,0.0969440305522239,0.32875302002000534,0.766652170348268,0
0.9479139127461563,0.459273220307446,0.8512748127892731,0.5071264204101075,0.6543906783707243,0.2997025657840193,0.7741610880743853,0.9606714516225452,0.9420324112491075,0.5396793443959544,0
0.06934829676342172,0.2507457675783405,0.515743637375639,0.6230161626065944,0.7097942502884411,0.8920049330744534,0.48941465330375433,0.17594992924977,0.2894526515382398,0.6197530201253668,3
0.7268104096203769,0.7320953554631815,0.6061341466109998,0.38846961069526287,0.5171575443930021,1.0518907875096566,0.6056164224479332,1.0930864704910774,0.11489975607217523,0.1412611860997794,1
0.48617337051017684,0.5063492926693778,1.0341505197574197,0.9979416979212494,-0.009212056062480378,0.21131541264293016,0.35560855827282434,0.6078565831110178,-0.08909029362385562,0.24982649870305512,3
0.9810174781333486,0.04524507215314938,0.4677537394073969,0.43671086309314433,0.21168865465424366,0.13802595727860378,0.3763665913405243,0.9811670098219771,0.5652815012880392,0.6511364373329297,2
1.0021890138899723,0.3373243289663963,0.8641015190310988,0.34993351833351266,0.5561682890397701,0.6530094192050876,0.23662715366391163,0.5947286049773377,0.8516574723659018,0.7520093429800234,1
0.09551103555691387,0.8909506309578099,0.7952054471674939,1.179663834552839,0.8220985066022797,0.6289299203819531,0.3321308651688552,0.16598762268082964,-0.016668756660932982,-0.256900204147197,1
-0.009059143758495834,0.9375589786780932,0.8435104291138034,0.3260509298115422,0.00896135026635611,0.3570877445264687,0.856327733536945,0.9541088249899764,0.6829081911962573,0.08053794588303642,3
0.0681752827146788,0.25978945036783063,0.3450932275932337,0.27215074195756817,1.002122593170413,0.6244558140932183,0.19777976119407034,0.9048378248581026,0.8226999160320418,0.5499013531335393,2
0.09895447308252409,0.9351650785644391,0.8490989840043386,0.5626674465583972,0.46944490928712346,0.8934818860102833,0.2067630487014394,0.9692628516981336,0.007841536624832484,0.21848259782347343,3
0.5047647585261263,0.5742377115957852,-0.12131337438181194,0.33412332875673073,0.06938875055903063,0.29988063161322154,0.9907109868688043,-0.19425326681647814,1.1319775145196223,-0.06401872708015374,1
0.183179520504947,0.21303744352158632,0.8355134844950444,0.2001806652088479,0.7750018273108108,0.09188658056765484,0.7985537654974784,0.09002177541228917,0.2436179645702512,0.7658173200572029,0
0.15956239317451792,0.28669909135699134,0.7812072500537914,1.2129553628158884,0.32719044016295495,0.737213023598591,0.2731592950984495,0.0697459214038031,0.7981909625540708,0.6507602632664846,0
0.30235779804608154,0.13461905511608685,0.6579037137385134,0.8576390061897669,0.7664839032110637,0.8661707619144244,0.5562034113401714,0.21141815228721184,0.5314332188707787,0.73185738786018,3
0.7260268794434755,-0.015625021482030654,0.7302032897682437,-0.0709552487792075,-0.36570515777855206,0.53871281487496,0.8702658711797868,1.2198201908637198,-0.2939549088099639,-0.17128478934538105,0
0.5581884851680698,0.2764468712368776,0.07978171968929354,0.9796502054899466,0.41687025707178665,0.7652397312414957,0.9874381758411889,0.6549224439019568,0.5187759201532506,0.021537521799956754,1
0.21421267443135045,0.5894239398203457,1.0016427985003922,0.5560216117247113,0.13798166268123774,1.0259659859341708,0.26449747662211276,0.13963551205202618,0.4131456559711159,0.4109521960357614,3
0.05871147805588513,0.6637791562914781,0.3604503996297978,0.8178818957267955,0.6604407143799826,0.02595371820298098,0.4866299037162008,0.2777225697862288,1.3117401489979315,-0.4290558137482918,1
1.1868472507707164,0.40354015469445753,0.7492719885804633,0.13470643386399084,1.2445075326157533,0.5631328452516375,0.8573850592750774,0.9900885017102652,0.7117997958521347,0.4543425856990852,0
0.8764064429928842,1.0477458772805506,0.5852502895625036,1.5513707663661909,-0.32753129243756796,0.3389206190156291,0.5895558871166225,1.5229535846299698,0.7277058472257875,1.36631432197736,0
0.4138318695765411,0.6243592881339098,0.8630755231334813,0.922814504490074,0.29296447589472296,0.4197649930980925,0.4967160298500348,0.5195026917904099,0.14685632538119778,0.028254465662530565,3
0.9027366150888745,0.8221377793499636,0.3935183654320737,-0.09319214017364397,0.5953157985347001,0.8209095712043974,0.6614068393875452,0.6290267864382416,0.45211533654989494,0.2632932136892041,1
0.12453159229342052,0.6655110374247546,1.2249886249431419,0.7225837613798651,0.9400692021182676,1.0523574438795893,0.9589510673357869,0.31265274430701595,0.7936412945275111,0.7180517457443326,2
0.10145815760273369,0.2019224358331126,0.2798632267658786,0.6557639923702316,0.26180141053960293,0.36270744642083497,0.10464432905626647,1.4690090695278388,1.1781642381376138,1.1467806800983318,3
0.5369129094558718,0.8068084064645408,0.5306811368404336,0.3598075719564646,0.44570262087851964,0.7901816950528074,0.17092540093641787,0.8097318208976558,0.3563863971298168,0.381681673189137,2
0.903461155541031,0.2996151488508379,1.024143272180902,0.5697575580479975,-0.06613239030433748,0.2853652504518314,0.782768581850707,0.7357112341017641,0.410535971740803,0.28180232311302933,0
0.4963077651140847,0.3441761705532322,0.04152932400864507,0.9253032696719221,0.4144278731271435,0.7109433266205358,1.069690326803347,0.724372605348644,0.5049670080030045,-0.003320671733155544,1
0.9314108997260846,0.3664269297761187,0.24068708373054748,0.8558050870070864,0.9617244901224726,0.648869773114865,0.8113550194970447,0.8122572442593248,0.730681282977816,0.3268057989157425,0
0.5130959590412288,0.04051977621551417,0.9853925509686331,0.821159618000582,0.4884474227188251,0.7815044732972992,0.19222302625676274,0.15718974052112028,0.6408952126299536,0.622494268679673,0
0.9563458949215985,0.6528211484415573,0.8571889999816488,0.3131304331839452,0.6239648593547967,0.5528914905073763,0.395333634075166,0.4703360928964625,0.37531083769662116,0.6542089539187642,2
0.5288854374299361,0.288464989954933,0.07806921277879514,0.9689726243926667,0.3928685469345511,0.8036453077685533,1.0185919137217663,0.7015095735293582,0.5192268695147886,0.021877628820171392,1
0.3579620503093445,0.15911674901272715,0.904429818816557,0.7868045110246434,0.3359245208949601,0.7229230113543308,0.12815165101313963,0.16455635026680837,0.5892618232407757,0.555642313283734,0
0.8740277959330475,0.3814096786014274,0.782446950727025,0.5848556454061983,0.7224765230236488,0.2367867700869683,0.7176492552220716,1.0025239323558648,0.9551337864559468,0.5272159139526261,0
0.23316123115433932,0.8271269411023308,0.46770751589098647,0.6198012718952594,0.24598295534737563,0.7964796727234893,0.577973034056767,0.6721578882761771,0.08259621539618134,0.7132389524586201,1
-0.0007751726131989289,0.10912132866133652,0.628860862977012,0.2691347688989884,0.0294090699819488,0.22234393923822046,0.5747809294239766,0.23509920265366605,0.6785959588909143,0.7726863954645419,0
0.7630226644469569,0.007105565060558178,0.7999514554741596,0.5042032852077496,0.32710378230071135,0.1937787279734665,0.15694250495615852,0.9196197848527689,0.5220226725389994,0.887393916268559,2
0.8537535278844447,0.8249026770759894,0.8698349666777997,0.6449127945706762,0.6031560865223853,0.8171334715231687,0.11970499365414328,0.7570715192836931,0.6741046734631782,0.5019254551896367,0
0.24879631752048112,0.11845255001116897,0.7254724094725458,0.2609012682008099,1.0427141026921751,-0.05446353465621474,0.5055551633979187,0.8520017126746424,0.9034396975636613,0.23695339412276284,0
0.8874636023725486,0.5915036602706418,0.533615200692952,0.01566182372518765,0.3701153905303971,0.8711644020863227,0.5776068306871627,0.5017143135043174,0.3346195020620496,0.06273741007591047,1
0.9268998866685557,0.7916296463730109,1.0704186525499728,0.4981210661887628,0.47431085385495303,0.9851203500380016,0.15865783565045702,0.8839966550342715,0.8292532242784365,0.6360985501164829,0
0.9778594695020942,0.8882472008076339,0.4119698219540597,-0.27209704902343246,0.44640970073479913,-0.3800112904594457,1.1108570914071014,0.5937571764652576,0.5463602611878382,0.933131421664638,1
0.866667815440416,0.8750009832226531,0.8667479755830084,0.702151644079243,0.6381857163636321,0.8639918156599555,0.08493766170951467,0.8034479651256938,0.6203751326761031,0.4964373225174663,0
0.6840561182354762,0.44015327673206084,0.5976746106268012,0.7576281810927098,0.6301792337864014,0.6532448629722679,0.3434282051781462,0.39502866916914325,0.4221406219844423,0.12886539955355808,3
0.41581644025875264,0.2729600189193669,0.760838044665871,0.9152760870077504,0.6137115753551546,0.9296073698026092,0.3857210132344475,0.34932479260201504,0.6941736982083582,0.6175438691618105,0
0.4871761722623503,0.027035803004517023,1.1352243296849944,0.31746415049179,0.4001342829827643,1.1303257228392685,0.7200851573800076,0.7599079668459952,-0.33077672087891086,0.5259358716009004,3
0.39663584021354065,0.2364841038764901,1.43381446557075,0.6149758438927942,0.6749568940300762,1.502028999352592,1.3785817706232617,-0.5261659116907197,0.6496486027214302,0.8836138839417544,2
0.5410424656959395,0.2681086817956483,0.09230149822135862,0.9810274015046453,0.4333236317637,0.7664586854011997,0.985079559715325,0.6583039999549635,0.5137551319159702,0.012089670197629597,1
0.7327599112977156,0.8433841371299962,1.1143499862060526,0.3044580544302743,0.8911812754860481,0.37085587437730505,0.46224479774431976,0.6826335261783297,0.6160420072271937,0.5299566948720821,2
0.7758254764839898,0.6196321816548052,0.7477280599898215,0.06930230533534418,0.5130816065112759,0.7700338095090681,0.3760792367159981,0.9778408614081905,0.1589137163300933,0.17353521073183723,1
0.16091275125503815,0.5012558514132606,0.1759016253611647,0.5211110540496026,0.5759854660628395,0.9113853639173297,0.6518705809954083,0.0654136377871527,0.8222333844053665,0.13816380987288124,0
0.132820560326539,0.22141467915410182,0.7919780475714128,0.21771685643911456,0.7975020395359982,0.08371600089579428,0.7597405369312623,0.059495057743574366,0.26532749618419454,0.7878905051253486,0
0.94733352017737,0.38764937074241596,0.8551482243790856,0.5819054274802772,0.7658869598396644,0.35672415777681266,0.7471454782029454,0.9846574628414664,0.912969962444784,0.5367442775174586,0
0.27965914156238186,0.9381510469871075,0.3574342189456332,0.09367514639828987,0.1644547839686237,0.8442853055612249,0.4433248050643314,0.30126491582927156,0.809980166114734,0.49921029879068257,1
0.2544259129330149,0.9342538276799982,0.997888904854157,0.5563046645804908,0.8413824308643595,0.8956349974036829,0.9143112428478902,0.5137276062448718,0.7478873585778733,0.876338870414641,2
-0.10301997156330067,0.7428520212502626,0.7361881687056375,-0.16200113152625417,0.2268024982128944,1.1802515466672037,0.18158588194445913,-0.01142588580997106,0.8621039095738356,0.18169413135415435,1
0.22310212863514928,0.20679940992625506,0.3845091358663476,0.9987944831700701,0.3296239742878811,0.6261885533630267,0.15246769125627097,0.11627719208062232,0.7956161853933698,-0.1562662598807978,3
0.050992037552915814,0.7961221347550044,1.1404407853491296,0.6886299193709371,0.14374561033523547,0.04622988709927904,-0.11611828472515495,0.44682798583064665,-0.13216884162460496,0.29521109663811174,3
0.7350003901124904,0.5185788499603461,0.2814203892190561,-0.3056359492853152,0.5574414034626853,0.6908133080665271,1.0134851261284756,1.1106289598295782,0.5019085654750802,1.064350631864806,0
0.17423270183618234,0.47685847730639086,0.22819210228039521,0.4286764665379421,-0.09942335387075088,0.39422786547567107,0.8441373707975496,0.2211329129305716,0.936345732670758,0.040852587502155466,1
0.373816927006726,0.5977575559074397,-0.16745314565423028,0.1821979234146097,0.15193210678196892,0.39503006938786434,0.601287281601375,0.33782359206080026,1.2207825622502808,-0.2069967803953198,1
0.8139758470847531,0.6228978373335597,0.5778527145080434,0.23651687137224567,0.5128016763522643,0.8987471820324523,0.43217093081960467,0.9651819378130752,0.34076075925983873,0.21941291651228167,1
0.5386078086219227,-0.03078028125977881,0.3408698234749625,0.3409166588611367,0.17433553546860275,0.6682970173370996,0.2518248766176459,1.1448208417215522,0.38307715798444986,-0.08165522101397313,3
0.5449457418481972,0.19784678517167592,0.05336566709455454,0.9468812475292419,0.4886396046058851,0.8184480355852863,0.9712769191197322,0.7135308662020957,0.49407218029944916,0.04855114625853718,1
0.2576302353474383,0.9624251921260352,0.30860497766285366,0.15066732574296285,0.17142232941223876,0.8391233360247567,0.5319013262111991,0.2489703072689841,0.7314278111936919,0.5578464311977127,1
0.8722378730841762,0.40323865504956413,0.812939346536778,0.4605447808257936,0.0686058176246171,0.33030805700164273,0.8272477283364769,0.6746641479583408,0.33295310014057133,0.08334525506809039,0
0.08126221404061319,0.554236744204585,0.03639464213188198,0.22400611838260742,0.06577957517726178,0.49455497775476054,0.7020621939397664,0.17742234089334302,0.9166497098150885,0.07993984394850737,1
0.15839510661057127,0.5987288386968597,0.040808870725258586,0.2494243024902982,0.08640902734449547,0.5103728106827811,0.69954294208234,0.15235324911160028,0.9804650272045616,0.03812922076662434,1
0.37079992658327204,0.17287786723698412,0.2355902154090044,0.8248067620221134,0.24440158524968522,0.3490101285600893,0.9903883592764742,-0.02990066783460521,0.7149836901253993,0.1825037591367742,3
0.549722608708225,0.2726226692173304,0.0853699773935518,0.9808946835547162,0.4291325911477716,0.7803810383819229,0.989801164128067,0.6675966644937712,0.5113609868306903,0.014913344442208671,1
0.3400760073751749,0.13992502848939586,0.7027114158390817,0.9103499114850042,0.7681631644698425,0.9480411055314668,0.5905992931406069,0.2742868816098825,0.5032020294693915,0.6880704374227815,3
0.514880769016241,-0.03380643656168898,0.6926380774661424,0.07662478392333524,0.7886111686989433,-0.1765329113750092,0.45018855587042306,0.9278332278434342,0.718520018362975,0.32517279354169226,0
0.5594740428908158,0.015141530743880194,0.8738319384463867,0.9352466196724801,0.3790498274533227,0.7266032322760627,0.30023688262250253,0.01817610515443205,0.5305358161943953,0.7417083230791092,0
0.04107694817266297,0.9855151519628255,1.0006914678423358,0.397581675078411,0.16023653230528195,0.39840823013270754,0.8983375696187033,0.8794646484247136,0.8289491240296962,0.12701151386035137,3
0.12473676242587424,0.18798790442151983,0.28305577741279025,0.7281033757195949,0.8740584903885974,0.25477309952321064,0.44120052243248054,0.8277826745746392,0.6420653316823508,0.28665268065244187,3
0.35927101281251717,0.05149390396660994,0.6674304977673747,0.22537811128384772,0.9729301134356183,0.004777643897369621,0.6108716578156206,0.8649144510858182,0.8062105827506287,0.15122594719018287,0
0.8130370412176076,0.06767762404741205,0.5878315720922513,0.0818792527488808,0.5452075368304584,0.42704846518901673,0.2735234484909607,0.8997587663955222,0.9597343503147792,0.8069993831904481,2
0.7699632704361867,0.5577019641704888,0.6827727049778018,0.7288054606999036,0.9379505172298563,0.8023108699295646,-0.024114984841204945,0.6312562655595758,0.775837315393384,0.27974486291496636,0
0.45470238176624345,0.6403110206331155,0.8391525629636073,0.9348273653491,0.20107596728141336,0.15975085509172876,0.2692683535566592,0.6380732445356406,0.13127446585728977,0.1952896438595307,3
1.3729155003462366,0.39533621741084934,0.8911235837578317,-0.2092051256087918,1.1798201177432228,0.5081456338503836,0.6565903144518013,0.6857033343094376,0.6169445609908317,0.5398193676129461,0
0.8882149098373744,0.49164453717247886,0.851607698232684,0.36391907050772776,0.18747249451728676,0.27856162897757836,0.7638432462130573,0.6082373268534261,0.360994813433303,0.12928368601161572,0
0.25063454381333716,0.9313036868599485,0.36573737103743953,0.7681305647864167,0.9476010826326429,0.16861261075001746,0.9353251019847594,0.9219930892224463,0.14612409449032893,0.29517985154728804,2
0.7319886012898493,-0.02762094117233005,-0.037844680484442006,0.6447455670818919,0.4244811388075798,0.31686536960433676,-0.284192765111855,1.208280351429534,0.2673927454304513,-0.07772949675293395,1
0.1806732162389871,0.24318063595214964,0.7696035772059664,0.36749109791896883,0.9213563167127886,0.10566996396044655,0.5085546167332304,1.068355874907203,0.9891448614036233,0.350362823132518,0
0.8225653814729539,0.3678267226745804,1.0866671167546538,0.29321621637288187,0.6441076376084396,0.6787419984701429,0.17345602631546359,0.8512484046462041,0.8512995101314762,0.933583963812925,1
0.41682895425945715,0.04535667366737241,0.975589202750544,0.9022013525022807,0.4528031117166512,0.7433424785835153,0.32116971150063256,0.11579384055906482,0.562281940385375,0.5809690843282626,0
0.4231035743080095,0.7615690341050599,0.8912304590459139,0.9476902526021914,0.6056357684781297,0.527125720892735,0.5399982181997167,0.3661316043855374,0.3340134949895383,-0.016669108978225572,1
0.2689211027754666,0.1498865743203429,0.6611666637333838,0.8767389649724217,0.7776592046874897,0.8232051676087789,0.5674173291653456,0.20921081652249865,0.49206235749958177,0.7239336405429208,3
0.10869341174608711,0.8565523441870531,0.8224382040131095,0.8112935433875268,0.5293585316978333,0.782816223132872,0.16074982646425537,0.8410384755404001,0.5788487346760358,0.6080793771301788,3
0.36021189043854346,0.8821174094102731,0.2460634464060581,0.4466220732825552,0.30231292001490384,0.1691265126473814,-0.047247726681240346,0.3030483439236469,0.9878682068994113,0.9324879045086052,0
0.3059218046218236,0.1605610875189897,0.6566398807020983,0.8617379854914375,0.7447635617347852,0.8652306106769903,0.5634092096931358,0.2436276733133268,0.503542604080402,0.7483123964909106,3
0.547500308440752,0.5732436084030891,0.8808908303694528,0.5210350581687186,0.5106465790197782,0.668586689371315,0.5808002997994992,0.5535359096265038,0.1859722130500641,0.431235122568887,3
0.36977957688521956,0.16857703953454758,0.32474205211021784,0.7767009658634846,0.2631306383085545,0.2809032031389964,0.9631620461844665,0.013634694074118964,0.8000352078352564,0.20966074333719792,3
0.4184748386606763,0.014193014857981828,0.8825482546401371,0.8017846470600347,0.47670860494495887,0.7323012955868562,0.27346568697038753,0.03095907707429335,0.5620494798491288,0.5535054925297606,0
0.300286843323025,0.15763684663604902,0.6247232089348275,0.8762726044307597,0.7535955665519227,0.859184666654386,0.5188733994878298,0.2000558355679651,0.5450077549538149,0.7076947135436197,3
-0.025866525749376,0.6225631392153244,0.22873928068736757,0.2679627616012181,0.8626334094782981,0.4515546377073536,0.8695882920725034,0.44201139879185714,0.21732308907560446,0.6777822936563931,2
0.016230350293773767,0.48316693691952783,0.2515146032447305,0.13820663632546115,0.9513207254921184,0.5295592031251417,0.9044010808718604,0.36703681078558686,0.3277937941400314,0.5848968657815701,2
0.09078601833926778,1.023433755198583,0.8481849071251014,0.4729199097833635,0.4397373657714527,0.899238709993142,0.2787944932304938,0.8959745467656103,0.10069193661717052,0.2919519208647545,3
0.9024125773863785,0.19055202441375274,0.7066676559984312,0.1567387146240371,0.5795892004635049,0.360304518198278,0.1931382823427107,0.9808019679610473,0.878449553691032,0.8566873090954562,2
0.0415594161871605,0.3792849767262517,0.30424744098891415,0.28923807246314437,1.025632060822958,0.33898886790121247,1.0912188760078936,0.2621544989393008,0.2875263961911684,0.7947532740711605,2
0.09351320802156021,0.13740444373598754,0.5747000306818537,0.0015248988176604639,1.0541135038815883,-0.19545241513264433,0.8163044797151099,0.7478235072551159,0.9139103505979466,0.004758200215464664,0
0.5469966739443938,0.24158934753469544,0.11550609572692377,0.959005398258488,0.4150732353931871,0.7773794024134691,0.9991059851274412,0.6450623425247826,0.5253506949084739,-0.004344635295602008,1
0.30004809728889514,0.787051063591198,0.1812476057666143,0.8288640456002747,0.26105277923509485,0.5553150865080119,-0.006066029414274754,0.21484813947853634,0.4455174941216356,0.9690703422366648,1
0.8794749785113799,0.39123282208509125,0.9081782820709358,0.15650303918273026,0.7891703152676661,0.5920946548905118,0.8754959787319512,0.7637579697768132,0.658648888936022,0.6820635232850281,0
0.3389899587960721,0.14241365003021272,0.36599115382740005,0.1366499633271121,0.3749425827366615,0.6362395794433506,0.6040470252914455,0.04075740415597759,0.6912363223397904,0.7215395445313422,0
0.6770491971538662,0.6626247991678901,0.8333563836486257,0.3127321095455103,0.8198742150753294,0.7680500194510597,0.4957528412221656,1.11707890057001,0.07343499471606421,0.42494732893218656,1
0.5509584164309984,0.26855734623493627,0.08533797523326762,0.982371886176037,0.42526076256411277,0.7849997462072971,0.9988009658380993,0.6634816563673611,0.5120834247239996,0.012150224496937591,1
0.017377629918424023,0.9383354870257478,0.9173438497851435,0.6136913549802324,0.5525277138874642,0.8310195399390035,0.2776540037881693,1.0358632328424866,0.037030530284584556,0.3041957652005732,3
0.3998386274752427,0.9333822001491467,1.0106186033259512,0.8974272480909126,0.7382664073070307,0.25241653810657516,0.35374984086831207,0.5132534706997688,0.038531177201059474,0.11245201510024444,1
0.013647462078589164,0.12072383763044385,0.641279004574471,0.27175569607070554,0.012083098952356233,0.20627859814288585,0.5886244058103693,0.23023019854167678,0.6788461543415939,0.7511318374001037,0
0.8577647781028941,0.8265639257889001,0.8683834686599199,0.6468545006027924,0.6035435538510328,0.8202486155541293,0.12187823354298374,0.7545198562412427,0.6749702443958343,0.5020313610152858,0
0.11348868577979647,0.1540134822851545,0.29546803718948284,0.7787927354031281,0.8611866219143285,0.24872029962665324,0.4169437011905135,0.8204879332102466,0.5968114876214939,0.24330333410946753,3
0.6766294151687329,-0.003945222910702012,0.5350308561137038,0.5255157718260827,0.5605946778908026,0.5755788661155183,0.020101985519385718,0.6003906657009487,0.4286866683289082,0.6696891050716034,0
0.9526776340124725,0.36949940099476714,0.8491877377204133,0.2171623437782863,1.033247731365641,0.3601377571583852,0.7159618965635628,0.8347676025923854,0.7725216770056448,0.5428868892292152,0
0.09720314378051079,0.5508471559683656,0.4079845374726115,0.33497785133824187,1.1034106287043732,0.2971818130593257,0.910938227985955,0.4329990213501393,0.20632256958729484,0.5838179320173112,2
0.43662406070113396,0.7078328234844308,0.8806232680499854,1.1640730036352054,0.35427326472655585,0.21864256553908162,0.3950583121377701,0.22861159252498187,-0.09520124649490125,0.15615940608426096,3
1.1653857836807655,0.4828151132528035,0.80322453294375,0.7662961755554552,0.25251734783173585,0.2812769584212546,0.3650772928423516,0.9026348244797906,0.6071012610660863,0.8819168381129233,2
0.27691331307967887,0.7300415134588509,0.9834032558023131,0.8625010986957725,0.031195494380078848,0.08637520688873501,0.19689487964179234,0.7792863013259137,0.10152786207476802,0.1270529409861487,3
0.7536899291179046,0.09117439615004827,0.5065079992697329,0.6988254587285688,0.12018259148048258,0.1289545860490513,0.1525473122258018,0.7606428231902028,0.496351489984845,0.48321973274814,2
0.027412161566111884,0.30094465431569134,0.22241608977862962,0.7832446895755906,0.9019276796431261,0.34918054309012625,0.39433198387222745,0.845874969203224,0.5576324699514195,0.24578694133433107,3
0.7990354214887256,0.6968123274602602,0.8000444006185371,0.14373870270906103,0.5514137361480609,0.9496361188217176,0.3953357538220883,1.0516098180132762,-0.02631608067711555,0.0710772154018298,1
-0.028772150912607652,0.6815727883616718,0.49326780528977887,0.5957743579582373,-0.04042686843393786,0.6774794298051772,0.39306975201015104,0.813276806045103,0.14301828918247683,0.8180788421395773,1
0.1451354441899802,0.17380701781735977,0.804292061812078,0.15683450463008058,0.792374135990364,0.06899534702240888,0.8049305123246283,0.11387631670807025,0.2644244997622838,0.7822522879080765,0
0.2856242098679858,0.13742427931548518,0.6264207961314195,0.8385166397953533,0.7538951760196654,0.8828950089887024,0.5327760628954484,0.22524759369066782,0.49707719266330397,0.7236280389515397,3
0.31403640158907314,0.9606064495130162,0.5034275151731594,0.8991718949284354,0.5124128990030058,0.20252300363914613,0.8024459540672475,0.08428932088309506,0.3246150775982378,0.7886394981874679,0
0.8098078935105164,0.6335748768538384,0.5197960618767834,-0.009479324537132766,0.3427810403198319,0.8516422648065688,0.5877821498940237,0.47876092071536286,0.15446402291823863,0.01111485155953,1
0.49714092198738147,0.07166128991291715,0.9522611669909395,0.8815957254535567,0.46384027982775716,0.776564118980616,0.25618078457311827,0.11796266639284447,0.6202528957757918,0.6162993962343676,0
0.18160519438135692,0.40127074220230585,-0.13430270923050852,0.12672449618107842,-0.023832976271759662,0.5833307179558967,0.8234597825825316,0.3184625564253112,1.1652006380206634,-0.036463857593085444,1
0.13241181450478048,1.0084364786820619,0.16080209665028186,0.8008233446412344,0.7102911571277509,0.167657923911462,1.1694424388611258,1.2357064172476102,-0.08248898290606743,0.21655371102299226,2
0.6039971139032512,0.32560191063539157,0.08793756433527347,1.0329864523624532,0.4368434908485401,0.8106278643244633,0.9451570341052619,0.6689021672430429,0.44915218852625827,0.04013424911916394,1
0.3186275414269636,1.1740824776098209,0.6587240073868157,0.7943174524928882,-0.1599461884493963,0.08035463215218805,0.2773753397340227,0.35348506706819816,0.7210479341626956,1.120572269990138,0
0.3449053121878376,0.22488167843684473,0.897331845292368,0.3726265609517328,1.0423964045244702,0.10032010499561886,0.8945434219419044,0.9130555548727974,0.7287312462847787,0.2817537335761279,0
0.6298735721352092,0.39319949457096864,0.3016628660087719,-0.20551375286217483,0.7692668514936574,1.1418803400094377,0.47571302031372065,0.907131414583521,0.028542997006934107,0.33788460715871876,1
0.08068587208896057,0.7598998402739426,0.6174338022213441,0.5556343346993886,0.06939103518092987,0.9471501252239345,0.6368543915541005,0.5883760717474222,0.12364079210294926,0.6537276046774838,1
0.34011733380557374,0.06758649544120957,0.8424707613175084,0.8393201601019119,0.3266975225732751,0.7068160526578969,0.12686799551365274,-0.014978527719117979,0.5711903589492952,0.490415752670974,0
0.13498719279187693,0.9925170044259954,1.0367732359584263,0.5507548245004207,0.830007407477416,1.0451922773977138,1.0307100178670023,0.416984637600323,0.8011948461026113,0.8592639323995936,2
0.19525652421462913,1.0591478490099377,1.4312932623523298,0.8532846329977595,-0.18127331155302967,0.3084074270345619,0.40325705627774494,0.7346721023470797,0.5543882051313915,-0.15371225423671242,3
0.4878570877638557,0.7589851571311977,1.0789415544307077,0.7944166994742929,0.4887752074705686,-0.13341727650850554,-0.029424513281332887,0.9274874700399087,0.24552128718987873,0.5291272185862552,3
0.9325050333699654,0.3456813928205994,0.8502059845926708,0.1153529606282303,1.0520929168312287,0.36268931350761735,0.7082199203392425,0.9353859164511444,0.7426787437485549,0.5980094643467078,0
0.1705232267194642,0.5917373203559271,0.07138980933486347,0.21985785450002832,0.059922287058007936,0.5527561772448557,0.6501014917161226,0.19386610923941816,0.9820622859290932,0.08001798305769312,1
0.8319407136651821,0.5054897778956826,0.32652652311920805,0.23891849634517723,0.5301905149504004,0.9033928539602544,0.5902729748528195,0.5248940952805158,0.24857421161045873,0.0918502426458659,1
-0.06205843029678082,0.2649323165562525,0.3298234069913287,1.401510400086479,0.6249514113752233,-0.13926417052465584,-0.18999094453694715,0.6817950958818788,-0.34607574170969446,0.23611724868278725,3
0.34017854753946,0.5821182729988323,1.0467610957369997,1.088159178053053,0.7206396341509189,0.5202958972109619,0.417122807432934,0.5505398696731024,0.3724028208826081,0.08346624321103487,1
1.1918510133283335,1.050950933045377,1.47101691842989,0.6391224934576499,0.9791861172374644,0.49752553230522767,0.9796138096474989,0.8229559395630492,0.0941353670380346,0.6937845144110464,3
1.1574276072815657,0.14141059969340264,0.6152668677941828,-0.08840571040826145,1.0014860955865519,0.10759334325213438,0.9572884304951372,1.0700186558852371,0.46978951461299034,0.6104143818817327,0
0.8668169850443594,0.3923429986687712,0.80280433769726,0.5681932523095812,0.7344903060641462,0.26044056603983595,0.7441743267591913,0.9800371568333082,1.0024609120891002,0.5396111624206181,0
0.7705706566244246,0.6025758127838365,0.47529161376531803,0.011337314920603178,0.5054815031120574,0.02905173088826143,0.8114723609508859,1.0041016082117442,0.7986204084702561,0.7737247654173259,1
0.8807134330741421,1.0900839540500078,0.9225726475479318,0.3514502102512551,0.7559859212678786,0.605813507322209,0.4932461181098544,0.17982889469144853,-0.09782425598742567,-0.23645316390290322,1
0.11859662641591501,0.46807130354483356,0.311790488687651,0.9517672582259235,0.5962979173312298,0.7798117688101537,0.3580497686020825,0.07563316620279606,0.1689652184871526,0.05613864267378429,1
0.7422356304260476,0.42524344134427816,0.8465659322655588,0.4463748459905354,0.11124021021381003,0.35017092547231965,0.775611615321515,0.6187993078399877,0.3011591560662934,0.19249678715799365,0
0.5410442415110112,0.2791566685034291,0.07774873435413968,0.9789901966605515,0.4273701062342813,0.7706846121482519,0.9833544638657358,0.6733255612626619,0.5203223767744709,0.01819786917465187,1
0.5450837385134968,0.7693292528358824,0.7940212710831376,0.7399957376487238,0.3385059736917594,0.8331343579957456,0.34598877946381423,0.7979809592985506,0.38196603224281284,0.3817743555033789,3
0.4257367419778376,0.15171884413869396,0.5777529199789201,0.7388839900471857,0.1875161351930646,0.5377973402636814,0.45578125335070546,0.4071832004603899,0.3471822074336577,0.6564100823166581,3
0.34981391507587184,0.5146246927219843,1.0364763927283631,0.4854039289948038,0.1584558145263908,0.9307394628707393,0.04079460393960968,0.00932135830099147,0.2567290679692346,0.45563998146574236,3
0.09120937526371752,0.6797582060283311,0.5223736738549484,0.4922365803004826,0.21967974041340757,0.8721699924499824,0.5226140191672133,0.8325014284810511,0.17667951704172952,0.8368057277624807,1
0.1641467526792897,0.6037787586525833,0.6933645585560408,0.6364617466591864,0.05497781232893845,0.7483287875636855,0.5687344789157032,0.6575096810225763,0.037128418354677256,0.6715412751050123,1
0.5426005323748111,0.8120238140413245,0.5273694689370986,0.36918296418204966,0.4409822872799827,0.7928574632678085,0.1544963746929186,0.8175988170657731,0.3472211238742501,0.3854682072321388,2
0.7705211905934992,-0.02548128687258619,0.521088548818885,0.2835780055651463,0.4796071500809574,-0.05655401478300778,0.47408621181512167,0.6461344820499724,0.15830607976753608,0.37515415807940916,2
-0.17527454732936015,0.775685851294133,0.3994638881065987,0.9603517138037845,1.4822836131266701,0.5580445407809294,1.3102668901622423,0.13807043895139165,0.39306814054878053,0.8210123554080603,2
0.9894734699237022,0.49345750178301345,0.755196556652517,1.4220561013929023,-0.07594443652520128,0.3723871690518391,0.6082788027276926,0.37808551836984006,-0.17337054911207467,-0.028949852215472555,3
0.0192601656101494,0.6189514820594181,0.15972701514071413,0.9528204345860969,0.04174948104127776,0.38058939883618337,0.2591921858609871,0.2273042862124955,0.4904738298512452,0.8925877694815414,1
-0.16124059161210302,0.31167343408207193,-0.24761140066776405,0.5037480046913454,0.44748959727082044,1.0255632613297028,0.5324283185546219,0.2424823410547351,0.7531045616195665,0.12414878992425953,1
1.0498971491294515,0.3604937321087667,0.7924461632245214,0.6250381219107226,0.23714995147194362,-0.024297721852894194,0.1265018907740871,0.8554365487674994,0.6698197521738483,0.7768692463264066,2
-0.025404975977377342,0.7266220412280308,0.2225226504578749,-0.043525107073965175,0.9211891531113299,0.2571185906947783,0.6008286710737772,0.08915137922765498,-0.37527256335128056,0.4288464827658561,3
0.05605717012125361,0.9444611263717891,0.5469216119396088,1.5200617352089658,1.2992113729873898,1.2342486194545492,0.20426231522915694,-0.3936374634971236,-0.2987191980613756,0.18254612903765388,2
0.9814969317838468,0.6477636188598601,0.5369136319771219,0.05825550179271949,0.4192172409326616,0.8087109195724324,0.6179609233290484,0.5910007094604567,0.30759178269199094,0.05311669638182732,1
-0.3923281143838212,0.3107228879446798,0.42170965409784356,-0.19147151714556432,1.2944498068992822,0.7668626628946269,1.3403073986829166,0.45664932383351775,0.48029743002177894,1.0202315353149043,2
0.2193325836152807,0.03228098986236708,0.5337354027089403,0.35592622406795293,1.0435735150965835,0.1269938397219577,0.7375431406554337,0.9316224272493033,0.8190865210280178,0.019036525407875954,0
0.15590298190535817,1.0619246709011065,0.6948650246807542,0.3706844200769571,-0.2798427862836685,0.00702409795947892,0.6124511617012968,0.2560100785310247,0.5825089850613292,0.23116020604112747,3
0.9155686536189653,0.347911002691234,0.8253263285037751,0.1842989001645017,1.01428784237565,0.40175695929208316,0.7265806270991152,0.892219103190447,0.7149832385162961,0.5712701466522799,0
1.0335131369650947,-0.027511854937858904,0.44675539738564457,0.8315946658170019,0.2544027114594368,0.23099763494460474,0.9956252070944224,1.0186605406154108,0.6034797118235868,0.12910152648838658,0
0.8751626662110479,0.4133012605074121,0.7995346480406897,0.37919212712917777,-0.2287709545344308,0.2679535555736705,0.9115345465355109,0.44941851596486404,-0.11760203871123326,0.2824894791387014,0
0.2500412109886215,0.5643235479403574,0.9564572153707313,1.0063347258701911,0.0496599563542158,0.11124679847014377,0.4251948163153997,0.5599558527547549,-0.033663956158811625,0.1181284561730868,3
0.1590551937806034,0.7731437808011948,0.48976234808939606,0.5680222150953433,0.15096161920696965,0.8458428089281522,0.5113016853214742,0.7135989074959938,0.1010771242364774,0.7372893660481367,1
0.37104903418146407,0.34251794487564613,0.667860946333031,0.5277805038264196,1.1866436221559598,0.31176065758355587,0.6774060711158727,0.9670135846129331,0.8997078462756991,0.27909490169669005,0
0.41130397642456035,0.1997446262850585,0.30087455164054766,0.7369528369435362,0.25632174840834165,0.3081158074029972,0.9699841700931155,0.0362242522415205,0.8052347357792942,0.2021349590749602,3
0.05905495670814255,0.31235189024173643,0.2073619152787424,0.7679262524314999,0.9485902992896516,0.28054248595464465,0.3725058418705287,0.704847955016111,0.7410241779958109,0.2934032400591587,3
0.46510962699055297,0.8744970552693286,0.27016419694586347,0.9007361157012358,0.4409484054015612,0.352264694540992,1.0987567122110118,-0.051025924898193395,0.5507070802799569,0.7889329359662027,0
0.17429532665649317,0.2094265001735612,0.8266280399188982,0.19235519543510637,0.7589887518577364,0.08401819807941431,0.7701079114008045,0.08006150867257292,0.27624945695090863,0.7637152253174637,0
0.25195627129954434,0.5170551097102524,0.9302216187766672,0.08127732867741705,0.8277542496738173,0.03013252705450109,1.2874229952483496,-0.19155097144249655,0.7491835481154137,-0.5423261437066632,1
0.918744760995858,0.24720067400738333,0.9412616236269535,0.43738695483751344,0.5355651309419207,0.6160741828870672,0.22922177443819905,0.7264932722954801,0.8165697513127927,0.8798924445978662,1
0.20628535233842682,0.17939213748106522,0.8206595421459376,0.1829298195869075,0.8050385845872327,0.07355698321800853,0.7826732660891557,0.1081222324561602,0.26533216894857464,0.7635067801829383,0
1.1380366877196335,0.6094713861217709,1.018783999097853,0.16614212771914444,0.889613533651914,0.4601901957116683,0.6725078564598646,0.6918051858497745,0.7758186296208238,0.5306007248363159,0
0.1135864189137418,0.4774319531419033,0.2981351048451701,0.9623471979253407,0.6177386821774262,0.7817344463620254,0.35222644976059503,0.0773974681983415,0.17716680705917004,0.0429857158422757,1
0.36933397249383876,0.5646904512090842,0.8065908198365972,1.0149776140370852,0.20071918922579945,0.1481326202797459,0.34486360989287923,0.7113157062344423,0.14977793390172,0.23446371704776278,3
-0.0034615655722176047,0.1539440954094524,0.6102829726503551,0.23834344613665467,0.03247318562896952,0.26505462298884047,0.5854975051605584,0.24267953604789505,0.6788471437999878,0.7810709371143576,0
0.09191066688001737,0.26775884665058614,1.0468525991471758,0.7161329617847825,0.0780587676865831,0.04126990031893901,-0.11421157767296847,0.4876114059424098,0.3832625473950408,0.12296402075495193,3
0.7337814195602688,0.8228462493859225,0.18618280911998467,0.7736192964183487,0.5211097627250354,0.4284816095667452,0.6136414432251678,0.07683387383608427,0.5433407219705679,-0.03723369906333013,0
0.5498788799356836,-0.04709781660489244,0.9211167137074185,0.9346225567106563,0.3704948678679271,0.6822886452639886,0.15791317703910285,0.10003417684225055,0.6635678185925759,0.510330502463258,0
0.008953065735975445,-0.03814450266067393,0.5167624694769221,0.24378895132973044,1.6026083724650202,0.08520585687612126,0.5707237054198462,0.7403956371580385,0.7783018532066137,0.30670702941395644,2
0.8799335663103676,0.1486971907522782,0.663128039423152,0.1543043724811241,0.5738450584785291,0.4649442682786338,0.2750068113216336,0.8866040402078315,0.9651991155253967,0.8896808626843855,2
0.20428038483470196,0.7905154418797588,0.9976827318285795,0.287903445413061,0.29022823127336805,0.7453964072346875,0.43098509042136507,1.1570597565363088,0.17701087307896138,0.26001045074412654,3
0.2199587643629324,0.5628880047451288,-0.05747633048040114,0.26296018959645046,0.190647253975944,0.5287063941067848,0.7491803210538257,0.14974159814150087,1.1149142000227543,0.15809401043231086,1
0.6008820118614604,0.4810889756321869,0.5298859850554085,0.005695809774567878,0.5432926873637447,0.8814536331125096,0.6631104130438169,-0.32536090696268183,0.5236994342997776,0.735691816319983,2
0.1275940173491084,0.7368228317360315,0.5097846232261763,0.5575459453640866,0.1737755641369085,0.8489038016992889,0.526229198063714,0.6884923175235081,0.1315549648114664,0.72517127782554,1
0.2525157542928653,0.7170784525915341,-0.5491737812731362,0.862586745849094,1.0973392217563775,0.9884990431325917,1.322132190914438,-0.41287792354640107,0.11957339981198328,1.1604655633920902,1
0.5340175455472742,0.8044652039337756,0.5341011960993395,0.36089861840774284,0.4395319519722944,0.7879338483112365,0.16253143904409767,0.81496033626591,0.3495538325344532,0.38871825441608787,2
0.19398870194655007,1.0163637738470066,0.5690189282578443,0.9172972493136091,0.520601381198345,0.08467228374845977,0.9954473049363556,-0.05986352653781345,0.3897287650006179,0.8019282679793736,0
0.6726221934174337,0.7012213821301654,0.7863314958328896,0.850204071382918,0.8037173162492102,0.8324548316853759,1.1783340555154453,0.48418056578088603,1.0571255238622386,0.04148332752554523,0
0.24040452376865962,0.6938712108837115,0.0948974035118012,0.2976630363110303,0.1812426677509064,0.3864295478818174,0.6942367604678423,0.10617700622024118,0.8645266023607812,0.217468019707834,1
0.5399725405505826,0.44407670918294584,0.6423391465112172,0.7186371970047098,1.5946530421192078,0.061348803322272494,0.3974069785526949,1.401887942790645,0.9637557056461784,0.6756171914193602,0
0.33554060302870425,0.9584157639126657,0.32331954090223497,0.3053331701349802,-0.003036742623692551,0.7550655701427963,0.422999063091976,0.5033202195721153,0.7032623964963063,0.41878324103887876,1
1.0096330208002549,0.3673253387291255,0.8648665771503334,0.19341480404343805,0.8997676963837066,0.36393825524315976,0.875348266544292,0.9865776431756932,0.780715838335116,0.46720023180585046,0
0.30245215765258254,1.034483202675453,1.288912022493974,0.5322649637243501,-0.0951017201165672,0.5399655150621404,0.5240666450538879,1.3620604427048086,0.3648962666272591,0.029538767419367895,3
1.0648467528851087,0.3624325643894019,0.7941798744427095,0.09023890035214985,0.8169916112345037,0.08465436042344592,0.770195641936466,0.7260519986881095,0.8195280513954077,1.0126272019744258,1
0.9822209376906226,0.7611536227145831,0.6588565393768622,0.48473324210070956,0.43984913646461354,1.030579227881462,-0.1546762973445321,0.43692087148044995,0.8195883640286212,0.8001520697550399,0
1.1471361540260978,0.2447378700971914,0.7627127724243439,0.06408222501599474,0.781376324524877,0.20761565353039108,0.8583995706980251,0.8225204561491262,0.8832556050688221,0.5593088941291847,0
1.0841092011844788,0.36065165317089243,0.503366500392251,0.9773578464857655,-0.18901539881355356,0.3269974784882216,-0.11946488459748333,1.4937237033712367,0.03697411650055504,0.7587570669884325,2
0.5823339766420802,0.5165033107597868,1.080803498426346,0.7535345772473996,0.9188896838167181,0.6728568714280433,0.5596653580600595,0.26704110848040985,0.4283091782331422,0.15619426449092272,1
0.0684790629265594,0.23813742740178404,0.32345174581965747,0.7516177848316687,0.8674948361240493,0.23483709467648747,0.4332221463485919,0.8465222591722374,0.6120877421667799,0.30334583121956343,3
0.4308041680686656,0.4107363832015801,0.40016709210109475,0.4808841561117417,0.6470321526008211,0.9107044835474852,0.7522169213144414,-0.14041004457793838,1.246232263542756,0.19577201199697034,0
0.903730848966994,0.2745238087552253,0.20995131992034982,0.9705655388606851,0.582838267456051,0.3373107056792093,1.19044777277473,0.6607740051334097,0.8101423528598575,0.5388705545490724,0
0.6325493855076739,0.6516932689587064,0.029157753747146797,0.5696009602442126,0.4956405410893423,0.47077012133820795,0.6087761432502289,-0.0668409523585942,0.42301720237327056,0.12945031577678986,0
0.15367220645613708,0.5933583526114854,0.02105821613133098,0.2634045365749261,0.08685740809270384,0.529776822147022,0.6854716450283165,0.1529857350578859,0.9825017023404955,0.04038754629524999,1
0.0651305552925345,0.7190467985940675,0.31804583472865766,0.8714173097039705,-0.09912663723408738,0.3762266365066593,0.24821789708496242,0.06264351867116558,0.44844366817937853,0.9867158489539248,1
0.22321218365784992,0.5049450413642326,0.16727578893248032,0.2133931182041157,0.9103015398503551,0.3629191581633905,0.18503022683702902,1.00676744869746,0.8756446329641105,0.46472173538316314,2
0.4727102747264184,0.5400065995912934,0.2242407623484788,0.6478241077421951,0.7842398963582493,0.9225249818750635,0.019300289227590216,0.6568728533161219,0.9792317089346542,0.16211639746743228,0
0.48163548969220843,0.5515851788595925,0.23515321384298463,0.6373739243815013,0.7824729494811118,0.9308039731896809,0.019509061140332986,0.6606341320937652,0.9681571842199748,0.1751508487017742,0
0.4018648638026348,0.6623689430023882,0.7635822218774775,0.7096598977330226,0.38560014503136103,0.6964172915872512,0.6889892374016886,0.4020113984591386,0.22934475339178464,0.6965979649429741,3
0.8587253135506826,0.37418252912437455,0.8028828618754996,0.5764923971186365,0.6975573185416202,0.29254873083425853,0.7520058093844691,0.989740610676239,0.9712446028767567,0.5237017150134068,0
0.03301222114793162,0.11214800157738303,0.5534252792514891,0.2767747256582123,0.004306245293031252,0.12035199728208218,0.5081067611680128,0.2636579071967699,0.7306450405874866,0.7712258510436519,0
0.8595742099153878,0.19814153081949545,0.6480589474005243,0.08098400109491331,0.48252248112772644,0.39352857817237125,0.1881770836988557,0.9147158926283453,0.8961625278941474,0.8159557001229208,2
0.5407650929910122,0.8134007838779256,0.540902472743641,0.34580942979562534,0.44728197718430157,0.7891194550827175,0.14777389123830423,0.827557502575138,0.33532133771486716,0.38352004230905073,2
0.1386223947794946,0.7869059841083321,0.49281074119527335,0.5455611888824903,0.146418277117794,0.8369568252202381,0.486845267725818,0.6980668189803004,0.08821449973210686,0.7357536981138144,1
0.37768131413724293,1.1253327394899022,0.3815480233588886,0.9405602580971313,0.5124017567455051,0.10289692960910124,0.42273814166839463,0.27967665055055907,-0.1017762618291585,0.21770029563625676,2
0.9601189401900373,0.8360308505617706,0.9817504640778253,0.7595128990810576,0.652243016345068,0.8835956711966899,0.035853770091596085,0.8358095017312672,0.6774209759576238,0.5674522886293599,0
0.842276568795695,0.31233182196193043,0.7699005362449544,0.0999759898572795,0.9260783845595867,0.3170184126257495,0.6610616585218178,0.9319712605582421,0.8039639090003106,0.4715586941283266,0
0.49791037621327083,0.6259698025859637,-0.23487405731049138,0.1544418509255263,-0.21649752111047033,0.7302400758751878,0.6426542679636064,0.32770541278729914,1.1046480008994484,-0.29528743800235546,1
1.0122899466473805,0.32241468086671243,0.8656381851048044,0.20988801943613694,1.0110631155611045,0.4278216131283217,0.7522331579274575,0.9002008258985063,0.7721388479787353,0.5053893225808559,0
1.0641001099840026,-0.10308272383035044,0.8171825289889493,0.12367704012804692,0.39540652593277076,-0.15474680927457163,0.1830849567489784,0.2258390933158136,-0.050021112599925976,0.19891172687208256,0
0.577895602175957,0.5721339948096568,0.8927158181733924,0.5182587392875969,0.4969423895625002,0.6308169006132219,0.5488168341598518,0.5618278762297043,0.1957014874537115,0.4300731310500744,3
0.8971171902093612,0.44390090780400104,0.7915730397800849,0.6132914232533049,0.732697345047669,0.24108722454484277,0.7140384074608104,0.9723568558414369,1.003295782487773,0.5689696955805856,0
0.7273496827267191,0.4811184759199677,0.6004562574896349,0.28091773764427597,0.1880635027043755,0.49599757652063203,0.9331210385769161,0.4329307122495261,0.7699573295662151,0.9139906997082852,2
0.06845021388804698,1.0177645177855053,1.35290452613245,0.8240816839878387,0.2618230560272761,0.2250077993895553,1.1177158853594715,0.6380385562114356,0.7182395920759591,-0.18805620827393255,3
1.0936987578134576,0.4664349531703815,0.8076992573257047,0.08564632074785601,1.145787987785794,0.47315833724080036,0.6803595685746421,0.9078229242141479,0.6888511238100951,0.49078099461874924,0
0.7387602077514075,0.4854944856622525,0.637939579159602,0.24187661290112863,0.14842840340083127,0.5493767680545604,0.985080341268001,0.4043353164971497,0.7099559045103178,0.8384809754651061,2
-0.035823023219584776,0.7444123697946845,0.17291175254032762,0.6260267180835912,0.4431014462057084,1.0917923170313326,0.4173157695271327,-0.04143243207448577,0.7572314071832704,0.132861810273261,0
0.8026805305990459,0.8668089068063533,0.7941135049091519,0.6840388909138713,0.6265108472478859,0.7753327024180726,0.07353432178048874,0.7786299409906858,0.557575133624808,0.6005949588234543,0
0.05072790193478071,0.9209194525918686,0.9309584465906159,0.35110064192463647,0.0422798416200795,0.4554840857470543,0.8103789419633045,1.1097850597353962,0.734591816880516,0.07634861749742719,3
0.2327947061594955,0.9237039890808199,0.42239298084192095,0.8417655660762718,0.8874903718224826,0.2818725767618391,0.8560272964744075,0.8586145646139045,0.27501958737723453,0.25329428472479054,2
1.0376836251989987,0.48982245447038997,0.14403595651025003,0.7768106421262483,0.7342169227372308,0.7687735649089877,0.7633207031548039,0.8828004676209777,0.9522214124111551,0.40594282395700176,0
0.20382579727980624,0.045025267458546556,0.7419885075292361,0.21478384379400883,1.1364390658570402,-0.1533624032345305,0.6806830733506056,0.8361515530411734,0.6397827475915778,-0.009112642127431153,0
0.8725469218480144,0.96332792974795,0.2694939023909734,0.22166279305157818,0.07028636657830689,1.112985084285838,0.03475431568045234,0.4656403936724569,0.0038463588643690427,0.6377840311736156,1
0.546853611300238,0.2763090402281122,0.08490548232241679,0.9814386480288423,0.42510793190178786,0.7776354918523902,0.9926718434022272,0.6687910650912114,0.5098315319800388,0.019775190064457895,1
0.9292190345024147,0.3215871854517272,0.8974315087895439,0.23140551658961211,0.9770350158440104,0.39784375627983015,0.7595840559521967,0.8432240418208106,0.7450016331996518,0.5504561120200074,0
0.9274778563256497,0.6728868509893685,0.4936737903853133,0.09397953535444226,0.4567043121830655,0.790275806831397,0.6560054994220946,0.56046264897373,0.2703939382699115,0.08758173860373135,1
0.058524813420088674,0.9191318321537092,0.8458542629204497,0.3161065863836826,0.15582400380256056,0.32961872217090993,0.745292770200759,1.0658942433596397,0.6931185136923825,0.12093929008582566,3
0.3327683488537728,0.07519844316648039,0.30826921668354124,0.022114113048611522,1.1471529290633593,0.2958156124720545,0.24493536426546522,0.9596572330845888,0.852507522854033,0.572573647612798,2
0.24987518729801322,0.5709208566887188,0.22795614060041247,0.18308326279737167,1.0968505152842687,0.3818004985442411,0.7862602464399643,0.20989641968956713,0.2938129774696801,0.7048806764728298,2
0.8544085153143968,0.3191399913562178,0.9844878504533802,0.5006134502115005,0.512795038195847,0.7083021706667341,0.2442356131573702,0.760933577285495,0.8680865711667918,0.8387524328152173,1
0.6678005692236595,-0.23714077726837868,0.6606109088821228,0.7543227447422949,0.7453205329354984,0.4765396282691545,0.11112020338929743,0.3533943320175186,0.2752337757825027,0.4513509168394956,0
-0.0991126382156976,1.111265169330131,0.8444994938755587,0.2960728824744322,0.2954298517823304,0.5156643182816582,0.7013097491856706,0.9162109936579692,0.6276428241794483,-0.059659534264137254,3
0.7525010997840657,0.6282224355468262,0.4958614395854361,0.08981265504498162,0.5623359431702619,0.012531835319162795,0.7993602435206638,1.0371370021075297,0.8117687079560318,0.8445570734455893,1
0.8383553480523416,0.15638079119851395,0.6394639803829268,0.09035743569225214,0.5180667894339542,0.3890317284330078,0.21985908813578636,0.9380088220408551,0.9232808053774604,0.8129777778808431,2
0.7788963529921473,1.0414979872663441,0.9505150972567455,1.6288716058447785,0.8532242848866666,-0.19742290966702075,1.1464065095822407,1.0674994529457293,0.6809202192308877,-0.39362347005699994,3
0.3964424764521902,0.1425279415224017,0.2409266584267308,0.7040722704246563,0.2502013919542088,0.25657983327444756,0.982643671650351,0.06259544382252034,0.796279793830825,0.22615839461363965,3
0.9472071224384173,0.650844303489568,0.8409383955575508,0.33076108380485564,0.6347370264465353,0.5484167701951402,0.39588181613816914,0.47486916363088755,0.372079742068811,0.6455225147229128,2
0.48777657116644146,0.7723925228461749,0.8307023851109431,0.9292092475994519,0.675600470790879,0.4451962824142298,0.4515919310143746,0.35177990721309516,0.2326949814556281,0.0705907466425048,1
0.7613350529153649,0.047240195903671296,-0.12029931296984725,0.06640484467258106,0.3420586712568168,0.5405674634471391,0.18434617338824386,0.7180749377501758,0.40858034768471907,-0.11170021354701418,3
1.002841056143172,0.7980030774217778,0.4807836413010237,-0.05140161421760944,0.40728320884685615,0.8424537592288389,0.5268553401310936,0.6498311350882519,0.39323949370870237,0.01107891879579262,1
0.5332416033904829,0.8056892517800446,0.5319923791914601,0.35345486778600715,0.43153113763239676,0.7946150218448969,0.15876567308899603,0.8230932484115858,0.3424379981838409,0.3904027795240954,2
0.5352876783787323,0.8029398757291846,0.5346630791257636,0.3574138339640662,0.4376427366458741,0.789544907152003,0.16230587105113786,0.8165763769694367,0.3529299721864806,0.3835885418610635,2
-0.08176163834002112,0.6426974495910445,0.23626847584234273,0.0900807512712403,0.1478726375391879,0.41749788030476953,0.3981885239314703,0.19545269421896108,0.7342607773557106,-0.17395097745236587,1
-0.006479313579272339,0.45809855465556526,0.25805569234197023,0.1678070006480112,0.13258458909593174,0.3338735596650433,0.7502534580369126,0.27121499164362384,0.8507254084305814,0.1603521340525565,1
1.226236747635913,0.04255373836791959,0.2976632130535879,0.87805249626638,0.5237129835985218,0.9434687123705234,0.8045040911582519,0.6103323346892363,1.230404910775884,0.29064409186758666,0
1.1786026134544252,0.4156807053892173,0.8449304780496286,0.24535431652234307,-0.10751884214513852,0.1973233063243361,0.2952348646742706,0.6853184200921718,0.8157075492439847,0.9610178806620044,2
0.1336753296761286,0.16015470291557599,0.7981047439412076,0.18200992015786155,0.7129581354379084,0.061055685427407094,0.7922310378754346,0.09628788978443104,0.33095530698360104,0.7448370850003376,0
0.44130573730081,0.07391389015559807,0.9765528694205214,0.6989066520221208,0.6662880201885559,0.22342202329354532,0.22189574103989076,0.8759621746132928,0.5194518718641576,0.309055070909247,0
0.8690923104900198,0.6852012074704121,0.686025861733571,0.5860056586799839,0.3944813961353457,1.1352210904972186,0.049573992943066414,-0.020133223519956722,-0.14825432865987287,0.45202665136822223,1
0.915441860599829,0.41998128946518587,0.8423859077704727,0.5805634838956838,0.6622222008658879,0.28748974975094077,0.7713261819704202,1.01326233908848,0.9326839160383933,0.54577102549509,0
0.018630708865622236,0.423448488641218,0.7194774030106755,0.720924640913877,0.18760737878826803,-0.23913981837192894,0.033692373923742136,0.30846870813129496,-0.23859827121337746,-0.07925005605309765,3
0.12411488881919719,0.46096678386610107,0.31567352398601833,0.9500918501354484,0.594421501909125,0.785186946477949,0.35115677531548783,0.0692339697323831,0.17495532375550063,0.052970938264468026,1
0.12764256534632668,0.8347304885143845,1.0618974983998266,0.5541423687537145,0.9816908451130542,0.9164294805550954,0.950317781250301,0.5200216477926465,0.6960356743818229,0.8377068869427294,2
0.3531432205976422,0.10626572582881258,0.7254287277609461,0.9163844733815802,0.7086775903312278,0.8511277682131354,0.5390945105802255,0.2008996206559583,0.5645851809242591,0.6631723819154726,3
-0.07923648341405243,0.3320385704172262,-0.025177135718506993,0.4322415696390345,-0.17697438549333128,0.4151889439431358,0.9943861818444077,0.43840080326226466,0.5309065154885043,0.09692719832539332,2
0.27951141816629305,0.2848578547088962,-0.006896701957250444,0.829272184687235,0.2991157737798042,0.8752993493668796,0.2455969312404715,0.6893484256788154,0.7859095615676244,-0.4965020533672452,1
0.2086448136808124,0.7170753572255093,0.021695774235385122,0.2510994186084004,0.0764627018345684,0.4162985623499502,0.6302271926037946,0.08757498077430663,0.8637165408102417,-0.0566633725263745,1
0.45981197426115444,0.6506135304226028,0.8417496520328938,0.9376830809558172,0.20969883576646517,0.15232430962436103,0.28318544060158535,0.6395267215306107,0.12871848905922867,0.21564809774370217,3
0.8459067375927712,0.17245609409779672,0.6572280798435988,0.06290270003660108,0.5271651464594617,0.38417325178437606,0.23794863679359113,0.9471849529802996,0.9612168108373129,0.8219060480231052,2
0.9463793004109012,0.2844446179805392,0.9423692862651606,0.4389790308758405,0.5337537996499554,0.6935902664158616,0.1848369991195583,0.6894486931192728,0.8522238710460549,0.8243093835775375,1
0.023250982262151706,0.12815732664161075,0.649829979694699,0.28907208815958746,0.007008080419947927,0.24924666668355325,0.5541144683216367,0.23027853361098383,0.685469431656386,0.7656836255403003,0
0.742483283361467,0.3575184915633465,0.23205275418362237,0.8402869936062671,0.5792520771507077,0.49847845424812104,1.1867502198585385,0.7868329444251478,0.6912646965625959,0.4752835980815126,0
0.8833221388037101,0.5702725518707279,0.8502533371192164,0.5897880288001035,0.2827790862522629,0.41895451202506817,0.6563304704595537,0.8553617125832018,0.10511417164625839,0.09829358706394516,0
0.08376025968967059,0.5463965945435968,0.467006835072213,0.0705136043799119,1.1825527183041753,0.5331814363344183,1.009934547650816,0.2958315252456738,0.3200122491136836,0.5601428472283011,2
1.0999384962445744,-0.5945309713734744,0.920776568347994,-0.30526505441507257,0.04812849176207429,0.48360508026661947,-0.32168117259684226,0.46259825988516945,0.23935271414545928,0.5371676912169648,3
0.05052544728219026,1.0047619312196225,0.7968476670765209,0.3415711218266162,0.617370260148147,1.0595171045460627,0.1764128954041833,0.7713260017568927,0.10789362908593038,0.12284019305890898,3
0.3665541707236532,0.25823077069601896,0.7766140957169054,0.8564109752623307,0.7059156338824829,0.7430333383000787,0.5216257580060137,0.1727335971340074,0.5187403885450244,0.6276800969783182,3
-0.06232219999175509,0.6849850390527086,0.23913025084422548,0.6461743785939106,0.42578911450717816,0.9920320556550832,0.7427809206111513,0.16420100677377888,1.1137264590611191,0.19709127147133665,0
0.7851998555992536,0.4022328205936259,0.8845334590065543,0.421287128010319,0.0974741357049987,0.3850688285149723,0.8059697413721325,0.6614993925330651,0.2541575199952825,0.160141677137927,0
0.30581331836143766,0.2591936214175224,0.5272222628518839,0.02586047470842401,0.4868494745487139,0.9017781474621261,0.40403148959502605,0.10205651778579176,0.8464560235614197,0.6130809555104346,2
0.49683113809956003,0.4707715352499434,0.36431195349070544,0.5825932614063872,0.5848130008495508,0.002821243643428284,0.5187300239434768,0.43830220205830994,0.6958605884769407,-0.001435298561667936,3
0.7285828893083218,0.36111789082402374,0.8918405560774729,0.34860695800275093,0.10051248204988465,0.37771092093361575,0.8282985054451376,0.7025128492660504,0.2511201233564334,0.1924078138651061,0
0.7699820051783678,0.2638033252495398,0.0453825259146024,0.7858531037580341,0.3543154407115239,0.976035165998954,0.8788432757411397,0.46474762690150795,0.5768791094264157,0.6722424237914192,1
0.9230155430761297,0.7126808872401144,0.4548454223602049,0.06730808157346975,0.3676996589584732,0.7468637258653577,0.5894299924577371,0.5907706239670579,0.15218505421759942,0.05211235385997466,1
0.11949624478470791,0.7461576303326133,0.5039311481514065,0.560869706173326,0.1086308723893842,0.8468734454222197,0.49760915381607107,0.7170889805749453,0.12323648119008399,0.7687964871761591,1
0.3053932803755453,0.886645849352201,0.39563063087842854,0.7770321262819201,0.8879929000517383,0.23435071609582592,0.8942074121102592,0.9701887901087339,0.22677833478339893,0.37384328586637966,2
0.11630409561087793,0.46790908859038227,0.313498498327841,0.9522526649221409,0.5972308449549141,0.779002555804084,0.3587947626739024,0.07436387822048929,0.17028579861947687,0.0548654572036775,1
0.9616593050607387,0.35038823656474255,0.4000974319285558,0.9740886193884369,0.6635604925422242,0.5366527475393267,0.9969907775029588,0.6258844009350477,0.9114999743011013,0.4302540903486351,0
0.4088662090433273,0.008718805400713237,0.4147345564832714,0.6582915709704724,0.09803499944691352,0.15622537451260815,0.9628506577625026,-0.04245258548564017,0.7593428542119054,0.26309435497216366,3
0.028275747348956992,0.6533360392878446,1.1112896939992865,0.47430600626312136,0.2244616365122375,1.1427531054698385,0.2059824514804816,0.041306305210065085,0.2517540126761239,0.31407533532270043,3
0.5405456727566633,0.7970397143763489,0.539636807679529,0.3526460963099598,0.44116082948238067,0.7931972233060155,0.16568883481750277,0.8069608917183746,0.34235539003761734,0.38263977668069127,2
0.8300643649196803,0.5393815721062959,0.6837621818893361,0.1708366249020254,0.48427802914425083,1.0379787524632533,0.3771691267320252,0.9101793951323439,0.1941995449413183,0.03176754436684684,1
0.736091323870357,0.18038257053965043,0.6436821568505261,0.4312631639140755,0.23810156989893067,0.12463620917898076,0.394350998774792,0.7718724681833071,0.6680858277333188,0.6405833983033038,2
0.26416205391524156,0.9158530088895382,0.39624266716981454,0.8245944063563312,0.8258389416181123,0.28227809513947943,0.8683504387293869,0.9573001806611909,0.2449339071809801,0.3434960079476207,2
0.7599626380422012,0.459501789550905,0.7739332513905179,0.8062367050583359,0.3365082878329022,0.3797430323381622,0.27679194595712303,0.7699167269261842,0.4389658127265841,-0.005925451518896008,3
0.49013597489829713,-0.07958778465009572,0.978601446382288,1.0171706869943924,0.40607481585365207,0.5782838892659906,0.21217792761148763,-0.022339714799957944,0.6033973505755637,0.7270463808313573,0
0.3881643712347656,0.36173769897102304,0.5891760960736532,0.7872485924826231,0.7251156190799213,0.2888433897404764,0.5757413581412646,0.41236638675896076,0.08874980899411297,-0.2913002462216445,1
-0.03814069303912637,0.11444057672031312,-0.1773171252946668,-0.20755874011588993,0.7754252450414512,0.663787931863955,1.2398842545219915,0.4466307802884318,0.8115375809878143,-0.07597344433853587,0
0.7889649400106162,0.6369612123428835,0.5082107695956233,0.046663816284693516,0.5390617089899843,0.014040791504394337,0.8071357091478515,0.9877942168917596,0.7989452419090943,0.801140047732052,1
0.38309110280107883,-0.0391254403252243,0.29063699243419633,0.4926146328188482,0.6716283550456703,0.5814024475307802,0.16857727496626254,0.3225415262113297,0.9653804437196991,0.7316978920193541,2
0.5289100503264852,0.8027758628970073,0.5390583654162981,0.35685109975742363,0.4382767526204783,0.7916020049215026,0.16353025069934926,0.8123886510350321,0.3464699829022295,0.390748826155166,2
0.06857626419699506,0.7452955569809973,0.5900958862775145,0.27204046758924094,0.7256346790020007,0.32886208668935585,0.9815650786297421,0.008122886854766753,0.13956970779973557,0.9600111462997517,2
0.6448843029943935,0.6872409509812545,0.8559201786923645,0.7443279826556415,0.45306856146365065,0.5787947939137411,0.7565855332853182,0.7197668246047881,0.3560771045316466,0.5775594257556372,3
0.8631426573978286,0.6917602941199468,0.882112855792822,0.4070102480403781,0.7344237654133222,0.5830620554208908,0.4514537267086494,0.5170092617771964,0.4650393823910266,0.7420240869686247,2
-0.26399699100029406,-0.14717112380220476,0.3518892189412534,-0.352736597693986,0.5296738437501367,-0.2714224147365978,1.4055158256303952,0.18539799742310348,0.6779894215508624,0.20949899765909852,2
-0.40420183087788275,0.8225465984263665,-0.14669519178901314,0.7042457254258069,1.2991713973758605,0.2699598397565117,1.4852257279931076,0.028630357326249967,0.030065464174832357,0.22949456591478307,2
-0.008253467830544918,0.9196907286510709,0.8611436411094674,0.35505263156018985,0.08212259228634564,0.30728708343824856,0.7884534633632181,1.0284894673095362,0.7805289865296117,0.11860852487390135,3
0.8745619006541381,0.39020795196054775,0.8019592763165124,0.5601794615301324,0.7222014346160256,0.271106246966186,0.7307322113077145,0.9783919589610486,0.9943347257545642,0.5222539796032991,0
0.4048015460075647,-0.632889968797059,0.82752359554679,0.6582993258021723,1.2801864362435897,1.2175360584509636,-0.1766697876028249,1.0503092639078808,-0.1149784529780764,0.12728562224867457,0
0.8862180251273769,0.4045470432338945,0.8205325630871827,0.5727559819963551,0.697730168105308,0.2730861682097012,0.7320921808253117,0.9748288055035014,0.9916600517657138,0.5020862157873995,0
0.6493451366546491,0.3181408947521244,0.5653884267717769,0.29245427326918527,0.7606967819243975,1.1975026698176325,0.5530936780807999,0.744865666282506,0.10159462161870325,-0.003948392206756912,1
0.16130226361843078,0.18688548603033525,0.8006285077612558,0.23424452995773698,0.739405986276507,0.1438150291725659,0.7924507847570493,0.1349647020005787,0.28758378778528276,0.7986995878303439,0
0.4544872975869997,0.1584320475663066,0.3237125195482784,0.7640986247919661,0.21957566434963735,0.30298419403721427,0.9569655677271387,0.04390441826616716,0.8266371817619053,0.17104346667463677,3
0.8506412064138121,0.8225573493337646,0.870804965663815,0.6438657485799956,0.6001676480516026,0.8160624191856046,0.11829728393068877,0.7542611177021371,0.6752514345010198,0.5031062868360165,0
0.1057252576638125,0.9069469512998148,0.8568804813430009,0.5701699926426904,0.4517754967312222,0.8992679167283723,0.20803958038872208,0.9598642731027779,0.02670992077209546,0.21796908455335418,3
0.2053201896928889,0.16903157820063724,0.792323175104114,0.20187927381048199,0.7134851624903393,0.041307774155593065,0.8137589757417036,0.0831231026752386,0.29605191594842806,0.7905837490247563,0
0.6377485360363329,0.7911990394077885,0.09603654715571869,0.7174320752940037,0.5254451973344993,0.40827162479161516,0.5655912123211454,0.05307060424102611,0.4706973981447367,0.010498661439369433,0
0.1506736800972597,0.19438639028988305,0.30462530514792485,0.6989697646513243,0.8170688748961441,0.3141683655122225,0.4996878229329136,0.7924963256619061,0.6249518793613822,0.22433441138990096,3
0.5573565190900448,0.4372305713422989,0.6341186852698956,0.6667911639817982,0.14948841668321183,0.3825807379390592,0.0015637283908442878,0.12002823249088151,0.043527823034558405,1.089889572258881,3
0.5295715917189593,0.2897466323706215,0.07537296537248274,0.9999092199844251,0.4544751101015345,0.7937728833571325,0.9668428532086366,0.6510907849758704,0.5176874947916585,0.04791475272192475,1
0.10550831478363053,0.9183670315778556,0.8669444166427561,0.5335854128965302,0.4515686616824339,0.9121588995192571,0.16852452382668595,0.9867612003377824,0.038245990242303206,0.22861640247366977,3
0.9395740887269349,0.38090876241842087,1.0122086083002013,0.05660606574615251,0.3114895550645471,0.46787371066593275,0.9267634159856609,0.9707082868168051,0.5260502901861687,0.24190836515218217,0
0.5754396525352932,0.3496422135007508,1.2847221759857983,0.623362139900306,0.38564587550503304,0.9808075002481814,0.632936632580669,0.8376055122807169,-0.2975205033803452,0.1582159559649466,1
0.5332264300685964,0.79776493826557,0.533894073913062,0.35361403117312634,0.43093795684586195,0.790823399369169,0.15847019437944762,0.8129384374317071,0.3484772691303512,0.3934149019347062,2
0.1994049776023429,0.8456731217043846,0.3666571835262422,0.9047737829443664,0.6268422691419919,0.25022996725178825,0.8553737224080601,0.08594005238547757,0.45451022731356117,0.8643742748670489,0
0.08990285483114435,0.23581036129064245,0.2802017153410292,0.7768060904640965,0.8972220436603192,0.22605964460547626,0.40899640206945037,0.7810598865064409,0.61107908649353,0.3080266704928279,3
0.30723927377488536,0.1419410885294318,0.6577246565337651,0.851164341364228,0.7482200243352255,0.837837557185701,0.5293428994514495,0.2302125030777295,0.5431658900868936,0.7535998753377834,3
0.949912368890714,0.17875898017810862,0.6536447012057116,0.480289431725724,0.04734858812406908,0.4905694054429946,1.0098736337197423,0.6372559803124044,-0.05602235972830333,0.3386512704375846,0
0.12973631629725763,0.8630807444403712,0.8220214459277159,0.805021225229812,0.5243713661843264,0.7745555780626713,0.15111084303513295,0.8273640681027459,0.5876435352044515,0.6006801985706943,3
0.9030738437628215,0.8684679152150305,0.8814979877787638,0.5054066291850088,0.4692669922556464,0.7795401717301299,0.3595499727707292,0.7389529164520638,0.45925896908015895,0.6759107572947141,0
0.6722159622615413,0.4758765938355909,0.5851276341929235,0.08436918066937948,0.30188523843295273,0.9039539754179599,0.5242745805211881,0.5058567037733901,0.49160897950536914,0.05330859695730586,1
0.21467624114328387,0.22048810932469265,0.4929037168212128,0.8265184050921834,1.108670775163258,1.1223225825527106,0.8672686820985779,0.3259974719300847,0.4139308432981229,1.0472091940293313,3
0.1554682668866594,0.33198440607597607,0.29462919543923255,-0.03970535227687538,0.0224893612745993,0.788821024456343,0.8383877445000916,-0.0662208860735099,1.2476205380479368,-0.008100150434191766,1
0.3109583589755872,0.8599373357506901,0.36344190414494104,0.7895515151740563,0.8586955800909567,0.2601764720625986,0.866379044989861,0.9699026069207168,0.24318784483511827,0.38556009256046336,2
0.8440037854388419,0.19457533112632291,0.5401946009090034,0.5529007605725537,0.15566380983226732,0.11854705134565283,0.25648265174909285,0.9177744507187914,0.5342315174291918,0.606769976460338,2
0.7579205967293449,0.7662261138383049,0.9521646180947766,0.6991082945096033,0.5728425853278207,0.8108500099307967,0.12745711165801407,0.7917470095687354,0.7100238185918806,0.48447052992340056,0
0.7854563944158071,0.29780624049491716,0.8663098048025409,0.3114518398523833,0.9092357170603638,0.35593465824395565,0.7963031886407036,1.0181477032795414,0.6001934544000156,0.7150186543628715,0
0.14959249667222968,0.6052385308371102,0.013781880658215184,0.2519956210292349,0.12222161107163013,0.5009224758229742,0.6692557064512726,0.1729706539114063,1.0014000485562453,0.011452668840190257,1
0.8466785881145222,0.14801503206767386,0.653378384780346,0.06121667029224526,0.5100970880306819,0.3938255049310762,0.17489773362302843,0.9015324303663365,0.9495841063232687,0.8447440293010774,2
0.1612243744346692,0.2127235328144714,0.241923773637401,0.6808171284567027,0.817975790713219,0.24950671759071863,0.3956057746403452,0.7969304339284811,0.5985029459148715,0.32165946627659525,3
0.1546142544327678,0.5986955364310099,0.036026560772394155,0.24843750530558223,0.09582170386820546,0.5265743064095841,0.7074141180179001,0.14580245410139495,0.9952191020654046,0.02883968409693147,1
-0.30016018777284176,0.9720249517546613,0.5175979656829262,0.20518378700135032,-0.07150828912330556,0.5553975629048191,1.1846018130081177,0.5632917521862326,0.5924653940141662,-0.05500724359633974,3
0.15970798014497292,-0.07136504419175307,0.9220163711115323,0.15182199744903005,0.7886394447856309,0.22676655340511084,0.8298923380004888,1.0349716675197274,0.6102113755857439,0.1685209943505248,0
0.1865793619320063,0.1395552672989608,0.24504985324452075,0.6969995961560923,0.8993295263114568,0.24047037703878013,0.3928752605894553,0.8953634839967739,0.6368278151606219,0.2591743070750831,3
0.3430484677629168,0.23132068637976977,0.7777520135638332,0.7969533804594471,0.6968144775754457,0.8221921372956449,0.5687117037184534,0.22781615775544278,0.5010016089183581,0.7206411259938383,3
0.5574509594041314,0.9810948749296005,0.6408944180064307,0.6313757389681213,0.7285832127624124,0.5953145257446887,0.3092710623568078,0.5620754638118164,0.5826418516087262,0.19080704421542782,0
0.17138004582753608,0.7544894011076536,0.48941719925459637,0.5665840634698521,0.17514770130201093,0.8400727245104119,0.487889166520997,0.6969106808318678,0.07847142198816656,0.7365426764290216,1
0.13405218234129182,0.1895473803157947,0.27168745486404206,0.723605963181697,0.8662117299049097,0.2491277172806334,0.4403438307116359,0.8185836221142545,0.6290014926189114,0.28325552735856935,3
0.36129905347078384,0.39676722005530196,1.1243950741369426,0.650349131784064,0.3560733785323619,0.6991288691477691,0.7206995285858828,0.7684894940643985,0.3895040421489986,0.38948034055850866,3
1.0341674815048787,0.2215549301023649,0.8366509590257438,0.4796762792381999,0.589389504466272,0.6996042023260278,0.2407805444583265,0.675196229920457,0.9423000650589345,0.7881949900921683,1
0.8888768797399431,0.34748665526688244,0.881866663341995,0.5240009758869988,0.7802656929271399,0.304718246093935,0.6474025343811668,0.9632330143168388,1.0137578844925283,0.5138085043382626,0
0.9433368493807519,0.7660986612916783,0.7350764369987104,0.3107593744552033,0.6815800797949331,0.5434303691920166,0.3058064392648061,0.5614351923403532,0.40094493748557425,0.6886843112761454,2
0.11844105894409186,0.46755491829923745,0.3125828740813776,0.9532561030958153,0.5971488098084764,0.7804741186495306,0.3572240759678439,0.07544687211780805,0.16966435695735724,0.05596319358020068,1
-0.12854297872982817,1.1629156521089608,-0.12151393261407795,0.5236283541581991,0.8712617217488468,0.6018392586613155,0.3130847459843285,-0.30737290817350327,0.5295021840817364,0.630612842576491,0
0.12220199610239024,0.8646178322691357,0.823858321115297,0.8161961143211551,0.5360661257053357,0.7637639477035059,0.15939828362941136,0.8221426392154129,0.5869409479281724,0.6072934971151057,3
0.8315093281669936,0.21272702936878735,0.5349189681195416,0.5354447325410988,0.15934159722957417,0.13359628988030847,0.27279928276852844,0.9228223835341488,0.5094231615763276,0.6091850129478987,2
0.3456841975044971,-0.12182293464278818,1.0428721404602785,0.8681797181410444,0.293865534769362,0.7459405082009538,0.1712541643385301,-0.05546836740002359,0.43795566461417956,0.5692839672920212,0
0.5327332939126103,0.8055420098612635,0.531346070988251,0.36077513264899186,0.4361776920843689,0.78778584802274,0.16386552185165398,0.818341879940651,0.3463945606135584,0.3872073036900625,2
0.5877433173127415,0.05128350226353723,0.7071576456362884,0.6432455465810938,0.4019219806488188,0.3882279172517125,0.009535291900883563,0.6947304582869068,0.31914242375014107,0.5418065254643906,0
0.463951742584492,0.6025928343615621,0.8397914262517296,0.9624899629386712,0.24172506933674204,0.15557670537517249,0.29947643962084725,0.6229438142114009,0.0960737406562106,0.22018896915970254,3
0.15128335526825587,0.9385266409105117,0.856385558990328,0.5612852218287904,0.4205775094619138,0.931295284949239,0.19274652928922206,0.9326043494944991,-0.008938336227065944,0.2698660941956509,3
-0.4709006707167839,1.3432741662754435,1.0543705918068764,0.3162039076461255,0.23875246603619218,-0.182930805122285,0.7275604148886688,1.1398662468943568,0.557070542578154,0.28130874089449137,3
0.02580005406763764,0.8737486590680434,0.9223744006505318,0.3274506159190419,0.08073757524676084,0.3407042794527761,0.8086671576641187,0.9762673374912588,0.7508776773998919,0.10455941359540286,3
0.6434074877335492,0.1757113469624622,1.0860086827437676,0.946596095227176,0.3682487977172903,0.8082824139282787,0.07197433190337074,0.04634906909220197,0.5946384148456151,0.5658500189209933,0
0.9062045162942448,0.2333988533076301,0.9377646352405897,0.47618152493277444,0.5615082482018225,0.6473287091936826,0.19671183741658727,0.7271822691001946,0.8550962264531319,0.8760772794325047,1
0.825731602119623,0.36858910983474563,0.757522783397368,0.5764102906788072,0.7533322763913263,0.24944756537727775,0.763145624296576,0.9708912694273651,0.9826817414178606,0.5500740757969037,0
0.639955899467066,0.6392253153537738,0.9627733241553453,0.6652248603311982,0.4809497935216017,0.7839475016910692,0.4901158436468821,0.6966528358676225,0.2700392041123759,0.5468567059549173,3
0.6130664241528083,0.7174074713479738,-0.4275124742643667,0.8409861791280807,0.793673009799243,0.7510418446343036,0.9079462120368796,0.12618344309427587,0.8402530363021172,0.9366608447921445,1
0.3629188923660347,0.8252904903222174,0.46028900189058847,1.078685168679323,0.5612671880496933,0.14207216870218906,0.9139474148716811,-0.06286988814261218,0.4155218037147873,0.6473659356113021,0
0.5266064323479612,0.6230893989725665,0.8473164598273457,0.5571202088930278,0.5031487112594681,0.5813431917129716,0.5579573628840455,0.5736661530432247,0.13953609765978886,0.44865454376689207,3
0.08737622207732175,0.7720471890184692,0.5114491021694303,0.5006036211051305,0.11175731418808588,0.771584251219556,0.5159626267960554,0.7558067568735161,0.04934268630870429,0.761498959554382,1
0.37658846587568917,0.8689044433788263,0.3212938093823031,0.800412204763493,0.8265015954903513,0.3236415323225122,0.8253383692834558,0.9559765539812652,0.20634465679377628,0.4339636518923233,2
0.19055129805906756,0.8650015130640268,1.114174906360557,0.614879445465889,0.960303331237272,0.9427226703146157,0.8331435840106153,0.5135962377897544,0.8247196143938664,0.8964686568496371,2
0.9369978397737256,0.4198852056786989,0.8616683467360772,0.11680347417611053,1.0244663916669516,0.40424509182799595,0.8248140618804645,0.8576514192486855,0.6638989316326706,0.5705851974349903,0
0.9896339755734822,0.5677638023552029,0.7894255721100878,0.5759455286436892,0.3728801406067126,0.7334514204334126,1.1996203766504656,0.6491312118235223,0.5363404953951874,0.6349795556538738,2
0.6035672707138174,0.5452588123654911,1.1307457889219974,0.8908932979766419,0.36416287040834683,0.24036826063614317,0.6620376997942063,0.2660174905500629,0.0524004652795691,0.13920102739577514,1
1.0244929707246229,0.5447124726100732,0.6181566758940678,0.9107935819337767,-0.1383072598290177,0.4826751486543642,0.6518611440075015,0.8921181051049839,-0.728184759797379,-0.2322693375882947,1
0.525321247602425,0.706103937006171,0.9073848746113482,0.9511827326328306,0.16847396388612595,0.19527689730776993,0.1698342088016323,0.6407847309848868,0.1336221290527206,0.2286961508349649,3
0.8716433408308064,0.9138693117453602,0.45967030159976263,-0.020891197670609374,0.4015714006089136,1.0796572494348173,0.6743426228554147,0.8475604083546633,0.24395122082788354,-0.16960648773831377,1
0.14476047973496756,0.3727497137968285,0.5528495182280763,0.6446277752568653,-0.011331020583192658,0.41410895915476564,0.49922835639967494,0.745512990456341,0.4229766250690126,0.8500668898701448,3
0.297868763604253,0.09027624938517255,0.6007302153380735,0.8544478852276586,0.77891953320605,0.8223767366385342,0.5164496918450582,0.21795259014067858,0.5284272729399051,0.7093201335645631,3
0.8401437553222056,0.16162439142123666,0.646291280519952,0.11064526633524012,0.53824232717093,0.4109025528309369,0.21277075568053205,0.9435204567293043,0.9488064220689046,0.8124587384680867,2
0.2935162897311683,0.22452367444349575,0.8188004440641324,0.7970893534291874,0.13926518389492842,0.8046128806739303,0.2757259304655174,0.26594099282082095,0.4024674283019023,0.0651378027118436,3
0.3554386164276797,0.11440871611902911,0.6628966711526942,0.8510969034752344,0.7287636732221334,0.9773496228255709,0.48765521815454316,0.1063336055294953,0.43394566907154786,0.8279360661792781,3
0.3429656527778805,0.18392136420280492,0.6155064306718235,0.7065395311196325,0.15182315638530647,0.5395865441941562,0.3713569566083689,0.5523131795225391,0.20007727249352672,0.7479640811819105,3
0.22088452630491542,0.04500602303938253,0.6452614061852254,0.6511675666912053,0.5923483711397882,0.6038320547479239,0.5483446308614669,-0.003849050453382963,0.42308112438975154,0.7213387384237634,3
0.4096943101113962,0.22722199838931179,0.41718088779425094,0.8411330637905567,0.27140680644651294,0.5395882738511184,0.523810964227369,0.3681044644195267,0.37830771039919253,0.5526917166409813,3
0.5352163982413247,0.8043837207604827,0.535122508955724,0.36138172724722184,0.43890590399028584,0.7890287556766867,0.16395655220633162,0.8153883035502423,0.351537623262417,0.3875313873136752,2
0.7780183069085169,0.9070569192148804,0.7595178384155703,0.6542307760149707,0.625506575510666,0.8859599378814768,-0.00968520935927858,0.6037580804076275,0.5824872573938281,0.6088773615934201,0
0.14394602744827242,0.5965031852332981,0.02522183582280011,0.23156395709168864,0.0844907154523061,0.5127353369160494,0.7176299675760233,0.15679949009677918,0.991188488006161,0.037031994926859574,1
0.7795419616499981,0.9676435328254225,0.18806257060796328,0.00523982786222256,0.5591630002048129,0.7430845464763579,0.37697973159168446,0.3802399740946124,0.3731052233023001,0.36310928739450193,1
0.00027026532759011346,-0.26668785353530755,0.38427985076523097,0.26317207283974475,0.09479277812632547,0.955213454419624,0.4937571956931773,0.6901292943331404,0.9802496947340056,0.5293303694270326,3
0.010465746333887383,0.10141495650038489,0.6212979749628391,0.2733656683387212,0.038382495854529484,0.22556037802682233,0.5690278445710627,0.22743821494120803,0.6826500077766837,0.7736573268911955,0
-0.10915210755002674,0.41991540228409974,0.4933601183899856,0.3983646805483624,0.8287611407418514,0.6986176314426209,0.3078419608161217,1.0988720553050664,0.8463658427742264,0.4560381865827219,2
0.6036832875241435,0.0843658139062212,1.059940315860592,0.9567199923053775,0.5720246238914839,0.6902451313349816,0.16012285878663465,0.039600315888232346,0.6174270281780523,0.54545866506005,0
0.9762902772288333,0.6659374245786062,0.82912109422803,0.285759978750163,0.6434088525042817,0.5342797385077565,0.3661589051158668,0.45344672131159464,0.339817524411001,0.6835505846894104,2
0.3135606960778933,0.6179619550834423,1.183929835115594,1.2654685162636659,0.4836627156602563,-0.024013503029892108,0.05265032553969343,0.6369566710675227,0.16509036991035078,0.45245938974693417,3
0.5694289193679124,0.038280307096585565,0.7579606006062618,0.4223865290206522,0.762833459710507,-0.132146470240824,0.8141247981661703,0.960883051235243,0.9238113477142489,0.3651419202914973,0
0.28854508156056635,0.7297363121658191,0.286697901974975,0.7068764137157814,0.9775333942986068,0.2942646892670072,0.7590068026518112,0.9271776104163189,0.12281153002551691,0.40358959020284824,2
0.857511138665232,0.4348608086198516,0.8559607387464271,0.41697318144784534,0.14814044690807748,0.35206012403350945,0.8188669236806844,0.6946682862673648,0.24902918660631804,0.23200617878695495,0
1.4228690864692604,-0.19245923456850367,0.0931900892139691,0.13424496228420946,-0.21588815036094872,0.18426714896072577,1.2801605115827677,1.0607955198733714,0.06318552687435286,0.3640693511514026,2
0.21164165585308245,0.3905009212645686,0.8477551655946921,1.2054611959418293,0.22824919376166564,-0.03787405480497347,0.1584988102995336,0.7531778286923556,-0.025169865021652166,0.3925082491580617,3
0.19406647418728992,0.8721256717552197,0.7660688163299165,0.20786414714449578,0.10379798991582358,0.3534089409445057,0.8285885543819543,1.0376729438852965,0.6190845280242988,0.2263061558026906,3
1.1177678315705128,0.050134137906255094,0.39065564700488004,0.9559766953537107,0.4413565744928297,0.8469643667668134,0.8958035845644219,0.8196252711980361,0.7412072645166594,0.2932686903048032,0
0.7777941180924459,1.2544787914555675,1.018394775821569,0.14750385772564262,0.8176408674504033,1.026868878366747,-0.05950554629913474,1.1988872827979147,0.7891702190257716,0.28833095118609675,1
0.4809096648918908,0.5674966462135445,0.27832154324410446,0.6023192183424073,0.7682195942929534,0.9554018061118343,-0.01158757430431697,0.6300509791430287,0.9891649466535335,0.142580478393295,0
0.5303534611303661,0.7935729002193426,0.5365743613335641,0.36065519397672974,0.4434660398882043,0.7985307304387635,0.15481564244560794,0.8176991804874371,0.3382793623195366,0.3906412459233216,2
1.0543889287954484,0.3674769600780493,0.5133177940948701,0.7703805467883095,0.24324899681378293,0.15543043816153554,0.4515604675309621,0.8193629124417938,0.3831845757947754,0.6342419828202286,2
0.3285196880691073,0.844289410699514,0.36530755122370767,0.7683299999723573,0.8555649367927098,0.2836153428231615,0.8486641043749209,0.9533090147127778,0.2434952713161587,0.3980816620899468,2
0.8830461151491303,0.41415194365634656,0.9333491114235188,0.2626428712346869,0.9542189557334021,0.35024777865144,0.8024130069318883,0.949391171886628,0.732377634146317,0.5767866349832627,0
0.2739615330439987,0.05684634640462205,0.5675601092577827,0.28771496034396726,0.7914049947592258,0.7400072186976295,0.6072270277113495,0.010240611266598032,-0.1557615145532531,0.1456575466974031,2
0.5629915919051667,1.1293011911134863,-0.23048511301999508,0.3140761677842349,0.08214105957944098,0.9807838322854738,0.8219705092924768,0.615408232665681,0.9958772335533573,-0.16422354643007298,1
0.6193368541778796,0.37727147142116313,0.580847227993406,0.26093885184572835,0.7854835500053982,0.7159620876836463,0.35773379314092835,0.7386198588602051,0.11000266385666274,0.1415087973567078,1
0.2455413070867094,0.8434960430609022,0.333904571390456,0.7670171227800964,0.8458397108394033,0.2181738971287554,0.8104601047482713,0.9691100611695811,0.31472147937230316,0.3408239926487254,2
0.40150202581762157,0.6360558573708641,0.7643198248646186,0.858364657982721,0.12957982237145382,0.02852214465907832,0.29924216347988125,0.6614605880505231,-0.026318381004091312,0.07699626039283869,3
-0.009592466160281699,0.12527052033670516,0.39313594264991647,0.6999763610786289,0.9569777517045969,0.2819847825535055,0.5825781094444997,0.7121163721572407,0.6857704061880812,0.1381432709811927,3
0.04380124992774379,0.606816244651688,0.1804085401136305,0.9659366649361183,0.0046506631430498525,0.3503901291802739,0.255394842727479,0.2609259331666004,0.5310777148092546,0.9297916678256366,1
-0.011071727803864444,0.04253353542552839,0.6728900558271486,0.3007417179392201,-0.023905357737740045,0.25784561913934745,0.5964387661718145,0.2699519794790961,0.745060724285983,0.8352805665630787,0
0.25537280017069386,0.5992510228245493,0.9901296504278259,0.5704484353430834,0.25729265150948,0.48336216337096527,0.7631527224795772,0.7514525951795352,0.7160935999035015,0.08851798322353094,3
0.7664683917440771,0.4219920297362271,0.9309360902376859,0.36340015179209,-0.019978687552757918,0.42908489094553903,0.7206020883395275,0.6214936177071253,0.30980184741142786,0.17702597604643888,0
0.9176050001986247,0.23384271810580418,0.6950708860703115,0.11308618143604982,0.012875476531982483,0.3156766864808802,0.8047040469582416,0.35703462360355115,0.8568501658791403,0.8481741375932669,2
0.5048334131836423,0.15134745367351932,0.955545532970771,0.9176842456035512,0.4949857910164353,0.8024999395622633,0.25302734259597054,0.16519878742456845,0.5883775492833966,0.566212522110078,0
0.9539360284756067,0.807564294471714,0.7499780823207781,0.029236576250722623,-0.18394247718423623,0.6218615235169704,0.7891584027963643,1.1603216236086347,0.2865590687130425,0.11780871798797633,0
0.12316244541761957,0.46785752728454155,0.30815058843081106,0.9602183897466924,0.6037684899780587,0.7789313102458285,0.3616849688442995,0.07899852246896129,0.17878168184959484,0.05615932523426251,1
0.9248956803917646,0.14805837981776437,1.1271010577158704,0.4115724078731065,0.7157405551980633,0.7806019253336104,0.4309314467455266,0.6113982780009547,1.036573750273609,0.7286592600543524,1
0.7601996038002414,0.964253690995596,0.6535787609529322,0.9282746817698743,0.7276749767983457,0.2187171243689188,0.7153032575195535,0.27020037983326506,0.2070126890793637,-0.023021885133907002,1
0.03855921489310406,0.2746698230984578,0.3321284059922938,0.24347005345655282,0.9882592783591558,0.5501887793926379,0.22066462501285355,0.8492324858663854,0.8554350453209051,0.5663446091419054,2
0.830695167142155,0.16487995572688782,0.6533060805328309,0.09797474176763127,0.5387723403278541,0.373765391992038,0.19314510899651846,0.9252821512577197,0.9379459476901588,0.8046984317338097,2
0.9593364382531897,0.6656336654547945,0.761688168309919,0.527149190619087,0.5507429027583602,0.9129571411016849,0.19014020377008356,0.8260383937396741,0.5456581923737667,0.49405566373089105,0
0.8079920274170758,0.883431987381805,0.8172760471836181,0.5465192919510912,0.6984657051971724,0.9111297656347823,0.15312674287783481,0.8427724621628672,0.593556693867467,0.47001724066757433,0
1.1277497010295434,0.1228223936757416,1.0721743744968542,0.7096280494452588,0.3634539436479929,0.43957130329636346,1.0581623556366486,0.9218213990186749,0.11539972419004924,-0.020098205696400973,0
0.13527805803897802,0.19410206088519444,0.2654234663833474,0.7514527883837777,0.8894817841985828,0.2655651263751365,0.4679764916780482,0.8084578894575678,0.6586326733374137,0.3095134706787792,3
0.7435032233179228,0.5441585297238604,0.6730002584063602,1.0075339918847497,0.5937942087767395,0.690092630567305,0.5069782228590731,0.31291913194973153,-0.021564000472272693,0.22899118359525988,1
0.33154624841228103,0.8871529290929582,0.5482989231137263,1.0705308789665922,0.2564096460938964,0.11218159349636966,0.2866685986793282,0.8351094403556458,-0.03175223972030922,0.38277117401694444,3
0.00797093077933133,1.1800995502596452,1.017107091376811,0.49606746946535824,0.3802972301567735,0.2567002511722414,1.1392885662596643,0.5117098628030892,0.5899192290715358,0.19828044636398978,3
0.1138676250067569,0.18707540031395453,0.2703505475197136,0.73318240549688,0.8686520702188028,0.2639939798201396,0.432434273536905,0.8109225988665903,0.643262066290743,0.29924830329962765,3
0.15393875581311692,0.7284767225426251,-0.0723403653995736,0.08095751597778322,0.009261700700215425,0.6020591726752692,0.6633961133002754,0.36212074865322585,0.7574190822032976,0.16704587173168906,1
0.08794709031938985,0.861618654478757,0.5101012883920741,0.6100589405216199,0.13724241574029045,0.9055998951774082,0.529242122015127,0.6781950951494613,0.08625999042728472,0.7717990355575897,1
0.3491032476681782,0.15459479455070155,0.8484598671059711,0.14840851433550278,0.9067300130563065,0.016207065403774056,0.7276485644748644,0.6927558947300617,0.5389686362459583,0.1952412484626319,0
1.0030727043733658,0.6205555659850548,0.4664847508938476,0.8056422290984835,0.7594618529518158,0.9601665611242689,0.21095156059866382,0.09337307230980801,0.1323447728267772,0.16137149215257374,3
-0.26543446301084944,0.5006318025545424,0.9612170651803066,0.3291070901516786,0.11601172624650155,0.30435607338037757,1.0919892906563664,0.5760154842366609,1.082547135891541,0.26009487154886873,3
1.0329510936392579,0.48469788612666537,0.6004490945128738,0.24366772236344003,0.775527121751555,0.7223036113758041,0.6373496746703579,1.052908609264296,0.3950205791233194,0.3057787356173052,1
0.624876232220775,0.8067003067381628,0.6072320343477181,1.1913904499440349,0.286873137962786,0.1697151790605653,0.5304868120308217,0.5535023901212138,-0.15852399906820447,0.26433284266198764,3
0.7802123938998735,0.32452629615053485,0.05868806074399523,0.7580937972097856,0.35354771585692435,1.0019598877186104,0.8497001612655682,0.4608522610099639,0.5582929591916754,0.6672725265225173,1
0.7380522628954693,0.43825608512960146,0.6353600774157175,0.2646537502936867,0.15235756037316286,0.5318641877893778,0.9551216094461842,0.4049110613249756,0.7456617309344334,0.9021536200931435,2
0.3277808903264111,-0.0010756314842356868,0.9144533815133125,0.06463763407953393,1.0079037625592824,-0.11836928888903434,0.37047317714931616,0.898507818911175,0.585032283703305,0.41650156216647305,0
0.2013950734239275,0.967433883525544,0.4186241514529409,0.11691177814870246,0.16198345280416598,0.946885621536714,0.46433252477093184,0.29912669641878786,0.7653714367864658,0.4780853151205049,1
0.7212975817967255,-0.06085607547856729,0.7480434768290052,0.47579818380077843,0.6564414478926579,0.5439375979188515,0.13876796484616255,0.6518732498335248,0.3621152369865852,0.8157123158804378,0
0.24761123506153498,0.0603349087825156,0.7268730222242228,0.7646499064414182,0.7019033006074988,0.8183357747052548,0.474884235958561,0.11576518786740254,0.4446658748574046,0.6554760090454381,3
0.04890339506205479,0.19153881216390384,0.13817764387903128,0.23815455851346978,0.7932404311037294,0.04982817271304335,0.483270130567807,0.9362934259593603,0.3220927877243813,0.5886562237757729,2
1.0535995590576772,0.4161903892188889,0.5624129185650423,1.2176580070672838,0.5311766428478399,0.502136187895211,1.2718196523536476,0.619842036782823,1.2800283918104325,0.7146129262757066,0
0.37678092076742387,0.7207416970913338,0.4708756275215957,0.4060734950693031,1.1779093275188384,0.030168166760073667,0.6464857840336581,0.7916624112413081,-0.024925796588036925,-0.3998138821229707,1
0.9007685496337328,0.33627553361587514,0.7780381113938202,0.5138053610181983,0.666118241713672,0.2416338174400406,0.7685805916349302,0.9194460503270585,1.041347075876303,0.4871837069774159,0
0.5337017567016942,0.8039433813134791,0.5337056967933266,0.3608549841984015,0.43846762264360345,0.7886293312709625,0.16299976168739028,0.8152806379554408,0.3497433264330353,0.38925501114589206,2
0.3412705068159716,0.13504986578487102,0.39182749077315787,0.16262399198733923,0.37043905844776903,0.655400196650831,0.5993380731285588,0.042132734751459275,0.6971595025787257,0.7066325804515495,0
0.11172766572376547,0.526506992033257,0.46696997041930577,0.2904075821925163,0.8972042708861236,0.5826855588254825,0.959812359552534,0.5113410816751661,0.250314413629032,0.5149785982129795,2
1.1206135920482854,0.13607481910434724,-0.698234339022729,-0.06589410644870275,1.0003347456718703,1.159986596886248,1.1748308231832447,0.6717137892938327,-0.18721672649887977,1.5719501269846923,1
0.5091866930045722,0.5234137324144934,0.20056253397504625,0.6474857479938064,0.7606349038828899,0.9153446118714631,0.013279052040823405,0.6286844963518915,1.0040620490883294,0.16514864864099996,0
0.011657013953666218,0.10630177263372907,0.6373376557187204,0.25714244005586717,0.028272184459253502,0.21325299955136506,0.5655949644494449,0.23376119655132035,0.6732018856103811,0.7712909408896252,0
0.8262652227375015,0.7937241072568568,0.9363328524874237,0.022479156359390653,0.19222618351998233,-0.42148820090247274,1.054168017700882,0.5747879351462646,0.6278196494300945,1.0517978888454789,1
-0.12371261950870904,0.045500571552209934,0.1984614575850029,0.5657630162200675,0.06501899479188554,0.017866453520058445,0.9043302329342849,1.1387496373296215,0.19917675522422795,0.49126666689897935,2
0.2218066331441917,0.9356059533074819,0.38204189187512966,0.028240557362015355,0.20997450237408805,0.8808322517611743,0.4800640821689129,0.27068937167722096,0.7784575263572929,0.5687298578877561,1
0.12868064530709974,0.805066315788538,1.1303745633520927,-0.16398412494400494,0.32014519978003786,0.8187240479863735,0.5843461232557341,0.8163598854495178,0.6283476181453701,-0.07330539705943631,3
0.9168053669139326,0.38843552974275297,0.8539188652493896,0.16087538300350404,1.0030092741126415,0.4048477735404613,0.7657376998408792,0.8970068217119587,0.696161071183688,0.5818581958336959,0
0.14088277769622595,0.26217571182912247,0.33575494319564275,0.27323705087865985,1.0455978001623742,0.6681190437902975,0.29389057825981135,0.8032956781242278,0.8304697844820133,0.47256228952113566,2
1.3075714577401611,0.7393697654883359,0.8762206353666077,0.7216918758148594,1.1123825813950416,0.16333800737447451,1.4030869048411154,1.095764597258233,0.8706015919477176,0.5267488628527023,0
0.010995555179772826,0.5502386904772841,0.1659974567384907,0.35192347030422166,0.6144191862443817,0.7567070574982288,0.5408578490830903,0.14467605983259751,0.8245315491225258,0.08314493972947268,0
0.17772807412158956,0.8644427996240379,0.539266470289453,0.45656057544923256,0.049946140871500525,0.9852847872333279,0.5897030374819598,0.6107960601431017,0.06477444307777233,0.8755281343968708,1
0.690041494264999,0.46969928202471645,0.9635207852748864,0.23866973980624154,0.2763550586886634,1.078805702979426,0.7843856154947204,1.1522581672948302,-0.034617197103647634,0.20911395331553176,1
0.7991374452196498,0.024375638970016416,0.2400603595975392,0.16123412234766935,0.6093965558041672,1.4449420086840812,0.6597157461267528,1.4978852199342625,0.013468783510585725,0.13323269647383834,3
0.5357895374409749,0.8034442112518728,0.5353233412397667,0.3614953836443265,0.4359420802402477,0.7847853769025652,0.16024338466494426,0.8144660130136516,0.3502076707833965,0.38905150888321954,2
-0.178962562822867,0.5029130160153041,0.3853049982760727,1.378699805890013,-0.5400081824252138,-0.18719888390552653,0.4504791440536329,-0.3857406671665169,0.6546991254888471,1.1892595888158581,1
0.6512449057954208,0.5960536637712784,1.1072987519260031,0.5976206739310208,-0.04275827323715706,0.3111141633412437,0.710720809689512,0.8871308993128716,0.12485092289759178,0.11715233607695066,0
-0.10580014713210334,0.08768930041259032,0.37905546833451464,0.03614498407069544,0.9057784913780469,0.5894539147412111,0.08321423970184152,0.7951750313578327,0.6713470550188916,0.7823934342903381,2
0.2893476058052682,0.8393473319822017,0.3494561713098603,0.7729340849206013,0.888635842375116,0.27232149073027323,0.8585453621648305,0.9586493475884205,0.25919872202846883,0.394282344945495,2
0.6797925410230754,0.8248250809102936,0.9732421054152166,0.5778654989701031,0.45449028624993926,0.9743948145645497,0.18408265962362247,0.6385365582863998,0.6533888917879223,0.395668871611671,0
-0.0068105359099234,0.11915758383442962,0.6441312676746317,0.2794147453203777,0.025221820982842254,0.21824274114561834,0.5780535254745813,0.2260640297051925,0.6930227914028747,0.780054862467654,0
0.3525765844943329,0.054174616787553094,0.665131022927329,0.23652901980204988,0.967426255123736,0.000545447946759921,0.6191568610628579,0.8566827996416059,0.8034914457798538,0.1468169423105174,0
0.9432598266439896,0.2961016182086143,0.5489674259507735,0.057382047566717026,0.5482373220456979,0.5839512674520471,0.24840142857437714,1.1018601741016645,0.382922660421536,0.19587536065053204,1
0.17352066366318034,0.24049691557761463,0.8426916879688354,0.1977580873669007,0.7715655565717535,0.0562911117653368,0.7940901329392451,0.11286057302631056,0.24939665320722249,0.7693773337674197,0
0.2894326471383931,0.5315926408815492,0.7832018272041428,-0.07373889436190073,-0.04169187078604625,0.2940073446594838,0.6592508062864006,-0.08893145020017507,0.23284347291235985,1.0714355022941306,2
0.675944884781338,0.4558538938544423,0.6152890929614124,0.33728318828785814,0.16983430279700826,0.5643546845871945,1.0160709939405066,0.4625497555132469,0.8059491910533256,0.9220192002425359,2
0.3209036791234866,0.197660585945558,0.6075162227624874,0.657110683725601,0.09796974784551726,0.5624701993848208,0.3723680391548089,0.503348956548777,0.22458999093506007,0.7609318201927412,3
0.9088989300576968,0.19139991943329676,0.6617767898865243,0.11104826695021058,0.5128172933144697,0.3999845141162557,0.25142587257853133,0.9938824314928836,0.8824894762360742,0.7963867803167365,2
0.5664847051496411,0.5445895537308748,0.8617391926225115,0.5908405867545227,0.4741680941227198,0.6462471851771463,0.5328994292108092,0.5366956806007638,0.23809482414993913,0.3676465313062635,3
0.06569573242592017,0.9826224080797547,0.9260250258640845,0.4221439273973706,0.4691927338880292,0.9706862625335502,0.3286752648316643,0.7828169268577572,-0.155971576774408,0.2985460268007279,3
0.891642306197646,0.7122418392873402,1.0938094193222745,0.902809288184391,0.2785180332428076,0.4249233599424562,0.9920359199277363,0.30177529487405735,0.6199193576949525,0.33586101453142664,3
0.11410498158520464,0.5758993824332853,0.08135001371149589,0.1933396694501111,0.11511437926049077,0.6196826324822823,0.7871401030327198,0.08473382286118365,0.9047048655820238,-0.040374025160355195,1
-0.051466267891241146,1.0872746330442653,0.23244031812680319,0.7803810273788774,-0.3046259157255042,0.5810389262830764,-0.016033656378783068,0.5460972979275994,0.38340310518932214,0.7789661669137231,1
0.654020001888268,0.525672259327369,0.9503685089793259,0.3799170522964714,0.542194170859838,0.5743895689843256,0.7518924653592394,0.7684366484549227,0.23127075602945715,0.5754725414658866,3
0.6018696707346096,0.2217292672174706,0.04043709711714755,0.9751426276340028,0.4448306617614228,0.8096013024036633,0.9588853140094917,0.697529135747133,0.46720041248131505,0.01638075182686503,1
0.33194628086246536,0.8701692998872352,0.3501413946854061,0.7906889118044464,0.8551004171044874,0.27182638548793453,0.8457071498720055,0.9623841141438615,0.2631957620263263,0.40045095967038863,2
0.2549064055093054,0.8459882286621072,0.40024029396165495,0.7013825132331883,0.6912424798619433,0.3771180213711835,0.8596440905156406,1.0935052090011956,0.1403844434403363,0.46194097561636865,2
0.49666575539852953,0.7545153496363342,0.8101262546166829,0.943286519223213,0.6418348779237797,0.4353177244720901,0.45228261643490647,0.346207938393462,0.24836990406659515,0.054947395143072786,1
0.7091919372796763,0.7525338601819415,0.7080316657130135,0.5808005188072742,0.5561758591781403,0.7235620628691132,0.3114757739156607,0.790691819110025,0.6111160329513512,0.6221618500401347,0
0.9204563986918294,0.3116204048549247,0.7424028977675237,0.468010251672803,0.15755261347462907,0.4274619020441206,0.8194478757949195,0.6070912423049707,0.23199186140451314,0.30311439105180527,0
0.9883162703530417,0.5597752782171507,0.1845413395610057,1.0441209949832986,1.3093671471774568,0.5362306082319079,1.0276882236677363,0.12466429641545482,0.7376623731889559,0.5826111778841325,1
0.9508399168891318,0.6595042744250296,0.4917252439715213,0.09442515559053583,0.44255963233686624,0.7815934921552163,0.6778022883759824,0.5809352461190952,0.2531439899641964,0.07955082439410698,1
0.19071676978153781,0.2817600743280935,0.748747681173408,0.2656978951601199,0.7573335823941414,0.05621585908665805,0.8366767073379634,0.08666074291835467,0.33430963206629816,0.8498415725853137,0
0.3812480606195173,0.6051752713939974,-0.09730989385641159,0.17052397816691128,0.32107892926197634,0.5723056431076764,0.7856938157029816,0.11180332574057222,0.8411387051759074,-0.11861976575229183,1
0.9823507838791389,0.03489559217424551,0.37482481815552054,0.26873549736169294,0.37161396054039264,0.01518508993894474,0.4420831520769776,1.0964120891723688,0.7209465345861268,0.4911918184993263,2
0.0017751213869815472,0.10514429290737114,0.6319827350898574,0.2666220746166814,0.03243358591868834,0.21672823645993133,0.577501174907226,0.23230370699681838,0.6828872326394194,0.7724008387014512,0
0.31800524726865714,0.7942357288168731,0.38422347225049025,0.7006135063764675,0.7886335123871716,0.3419331751046573,0.8560099400021017,1.057523705106092,0.22702936012355943,0.3929089919688259,2
0.0005730303417840754,0.917030576588108,0.9451202038933989,0.23948429359292386,0.17047373433429897,0.3840154363656553,0.7007364367001968,1.060810939537895,0.7502630510252283,0.21535234147047821,3
0.11158832248719586,0.8685268524967703,0.8225568657199036,0.6578789097511807,0.3316001959486987,0.8104122040877366,0.227173124606469,0.9901942971531875,0.09267080458925611,0.3380676216037448,3
0.1788003130619067,0.23564479840590818,0.8039376198216311,0.3609207534124096,0.9696957586702314,-0.17500753364061786,0.3855237283263668,0.8507279042028153,0.5438758731969708,0.06696112066721235,0
0.2564599329712487,0.41008820329685103,0.1901056102087162,0.8057672057284456,0.8297323222292492,0.7639662722638398,-0.2486107211933321,0.9512683785798717,0.22869583786417452,0.6739222303583741,0
0.755887839751801,0.2480985419515423,0.7211059641914161,0.31001891423582384,1.2359697451634852,0.27265645916486503,0.9976799055194638,0.8009841674900289,0.6233772026408329,0.5407623790872056,0
0.8888906173298278,0.7776441690940665,0.9470859704915021,0.58719185538984,0.6644459618961884,0.8610015628450803,0.04463647315006604,0.6928487622719804,0.6972162367192074,0.44320318316746443,0
0.9489631644421191,0.7947518180240343,0.451814718376797,0.06329709508050717,0.5831373013874334,0.7608412803404272,0.7929892324999663,0.5858057723304433,0.3886966672484704,0.21223862651867975,1
0.8320537762964234,0.1425884667806314,0.6569413671781227,0.07159289186168148,0.5457790241250858,0.37304779242864833,0.20611069713776523,0.923964131865702,0.9384605048284603,0.8370878039266293,2
0.03978738304516735,0.46310947071423314,0.05065725543073768,0.2898294590662007,0.4001013279445982,0.8759918967248582,0.631868899490477,-0.22049247002742423,0.9098961972602337,-0.005098403843648958,0
0.2737054826136366,0.8660074794309772,0.32089114558977194,0.7463928083504778,0.879192932629908,0.3068704611660214,0.8707798275851448,0.9769467332586528,0.2543735556102869,0.3722147138928471,2
0.8210861879932666,0.5989701879270743,0.6058956925647939,0.18547940519087863,0.5028214516931973,0.8009821120194182,0.43360036492087706,0.9537695994410414,0.24340947972426394,0.09294527475288389,1
0.0019466432792803467,0.5193979797126639,0.2887194959337734,0.1516261076652577,0.9857137077380995,0.431818453156245,0.9286326003565986,0.3578499658416841,0.20999836980877165,0.6371850127969525,2
0.5667413072206425,0.789340819981544,0.877422331527273,0.892584705076361,0.5991187444829897,0.4472656477902156,0.3658444021528222,0.3708709055016769,0.2058404720984004,0.15628136090910494,1
0.6715912510951793,0.7849230087319226,0.1409651919711102,0.699615268140406,0.5392420885187503,0.3884255981627541,0.523724938056445,0.03298817784609537,0.5136413335082156,-0.0003508286816957043,0
0.8813856266554525,0.6189823044377989,0.74347406620584,0.25781358333885107,0.5841166371169593,0.9011252441207962,0.485878448562112,0.9263693156389032,0.27270789608939106,0.21386166260609485,1
0.20103193029525407,1.0745298254700835,0.7556356121616514,0.3660437283415966,0.47144632171643963,0.7770855518378066,0.04927358509851856,1.0987704314285012,-0.015606106049302501,0.3597792962671543,3
0.7077329633378608,0.037476555364830806,0.4850640348820978,0.643010851598979,0.5162896428888559,0.5670800417805362,-0.049940210453941355,0.5106106225115182,0.557898577482874,0.7756577892863189,0
0.25476731988087487,0.28242548804609846,0.5330575626039615,0.1581717447311401,1.118374903731155,0.44637221557627244,0.29250431225857887,0.9360101543621733,0.8954086969812909,0.48423103802135004,2
0.0019254328388339983,0.11127092242451939,0.6203643210815777,0.2682741991233756,0.036674486952147034,0.22736203854788148,0.5780067891543768,0.2223624138068588,0.6811911381649878,0.7800024520498551,0
0.8145636627811651,0.46468621280933786,0.7358789370907043,0.267238301196089,0.7933271288290952,0.5639496411272318,0.34877237753785706,0.60977527285376,0.5733358305220657,0.5911569163381576,2
0.2195733120627778,0.3608120268418792,1.576430181108393,0.652391784824445,1.3994980083689974,0.599788727133927,0.6699358972727658,-0.06246862369794559,1.1299229266299557,0.8589333794833918,2
0.6354089908345079,0.282287488586291,0.026051970580878103,-0.3881666918669142,0.7599051124836518,1.0119325307546267,1.056889562379709,0.3386866470819813,0.5124800328454205,1.2319291105627423,2
0.25508164135119377,0.8231789082398008,0.435640562964333,0.5396104647865224,0.4438965653663638,0.8625928800921334,0.6016728388946048,0.12642473003916624,0.971561706850399,0.08341438724135093,0
0.23411018500677094,-0.03516796991567196,0.4837571914373307,0.08245268432044117,0.7634625412369942,-0.1012503111970016,0.6303283245752084,0.6908638221290387,0.7408528942094376,0.21569624140584548,0
0.19192073692614844,0.1886101169612356,0.879708844456905,0.17148329897853867,0.754408187054601,0.10514315880279779,0.7270481558877451,0.11644024437673342,0.26287876642378394,0.7640645237215106,0
0.21701595978841842,0.21200186997336706,0.8214918576041011,0.24500581201756005,0.7397488696717957,0.1378027766604843,0.8146281306407827,0.08913856115610283,0.2532523673169706,0.811378777082965,0
0.523376814713591,0.8105142553527409,0.5348353302026144,0.34707717881201744,0.4176707821623222,0.7861501514286374,0.1643879449890043,0.7972104212901937,0.3671716943090428,0.3761907687438084,2
0.2852360970125329,0.08121119266826882,0.49521914158862174,0.745552084721248,0.03992170308808668,0.5957653876132248,0.1269143370207258,0.7576832147967504,-0.21493009879089459,-0.02724648894222481,3
0.7914110575852598,0.397164447441878,0.8694827362505787,0.4061357830744373,0.10397438998078354,0.3708286716894317,0.7819372873496833,0.6439910293075316,0.25611798895416027,0.18044626492936955,0
0.9624829801820574,0.3951641692181464,0.8665802823586168,0.18800306321300325,0.9769498164092212,0.37509182519701606,0.7603328822955255,0.9119785181365866,0.71714365023351,0.5791620329313626,0
0.24590233531530425,0.849679441394004,1.5272637624788308,0.9621036498275374,0.2052774241548878,1.0021407536647322,0.18209037245838067,-0.034709718685730695,-0.4677432088426029,-0.10863011522256705,0
0.01061558717803121,0.6049045171878787,0.060690673287992866,0.26629254913464745,0.2465510095871631,0.4970618836964789,0.5493459978453861,0.05411126550508383,0.8564330786943518,0.19403841958507403,1
1.0366350881930835,0.7458192672968397,0.843372915709953,0.01909074609475575,0.5432768959738878,1.1016958109497081,0.5829452567059692,0.7543764692431723,0.014216330380488973,0.03636687041164394,1
0.936006868921061,0.6413682257056286,0.6836856607418282,0.2228067776591763,0.5776542727954764,0.8430990517451321,0.4955127100365966,1.0122671155015968,0.23361725614074566,0.24529472553435314,1
0.8185016295140652,0.3512547024276725,0.854306800374648,0.5523687921824076,0.4240816023638593,0.675114068970468,0.12497317616631279,0.7462026430754187,0.849951577811001,0.8833660527881827,1
1.0089672839139543,0.6599632557067451,0.9798651429554921,0.637415055030525,0.3883880816611087,0.7016283318435698,0.37285677767874936,0.6997911996285043,-0.2831103579806139,0.7890335590871523,3
0.7604650580128555,0.6189317440211163,0.5012752125230263,0.02225054258440334,0.5389857456581033,0.007646270262426955,0.7901793872879309,0.9628347830589372,0.8160731580038533,0.793759963668129,1
0.03396438308644428,0.6505154087704937,-0.08187669141780089,0.4202209467442873,0.009841319307495072,0.5349085150163266,0.5757797539871583,0.2353252502990929,1.110096749890983,-0.1367254899857447,1
0.4733638280949669,-0.040913245905762716,0.25126167841557623,0.2794635923823835,0.32136689600248086,0.6246421761717124,0.403292181275664,0.9867700585584024,0.32093198751971563,0.09023636188026075,3
0.900008023095928,0.7964670606724301,0.7254080936119419,0.5211871669377188,0.7084059306425924,0.7411574777125025,0.2543244393983982,0.8039386750323845,0.5397525482151337,0.449408557253208,0
0.791036782036223,0.41076826036235853,0.8631223470053089,0.4218163834237121,0.08315099664141705,0.3760319318561943,0.7988835767742059,0.6517759872574829,0.27674477355824356,0.1883214483169225,0
0.14551902330202438,0.18757323791130204,0.3086602773174793,0.35447114999928386,1.0122554016070946,0.5914086244336829,0.28972006349456514,0.9237825414484061,0.8589781482252211,0.5923325973934914,2
0.47275952524096465,0.04303564805038842,0.7070327389393614,0.42335221168391113,0.870940937398572,0.06141288994565167,0.8202058941325352,0.8704317326271678,0.5985043221955763,0.07908424847412489,0
0.3429502668427783,0.3821439060334568,0.8770895668636534,0.6708251709994518,0.5385584860336778,1.0745908676408509,0.4181420968444933,0.1318897455439454,0.697135656471333,0.9339765626789018,3
-0.09342016566372899,0.40355481501233975,0.3253774080819519,0.38067693779659495,0.8229747932135462,0.7037189159562551,0.3165101936601664,0.8781165053437057,0.8588701443428537,0.6806436972789895,2
1.216363466154015,0.28114045108261154,0.4786757095139098,0.0977995945153481,0.3742274807582872,1.067486102728306,0.20286060913187826,0.9043132154159511,0.4424052780023099,0.3280628152332746,1
0.8404529363485822,0.16204525674898743,0.6278807714676119,0.10144644469144168,0.5123358856438417,0.3894250426074929,0.19916446957555412,0.9459606938368871,0.9461833512516417,0.8301265858474429,2
-1.0030918020200505,0.20562503109603014,-0.5409791705099055,0.6799388112980238,0.38382328164197976,1.3650511617491565,1.2759369370739928,0.0141330156907446,-0.12274083892692245,0.6558726558373287,2
0.5336812442430557,0.8031821922086273,0.5328252947601609,0.3595592491366511,0.44005382939458615,0.7887939397602948,0.1633239168592862,0.8156057215123113,0.3491139643038465,0.38929390546094655,2
0.1601074236551243,0.7626877128761541,0.9064661908071138,0.1815369079221838,-0.031150295092692223,0.4476225529965615,0.6561668437289913,1.0552260839999559,0.81772314126721,0.1449502180951061,3
0.7748994979030324,0.5469136706018014,0.6536472961281723,0.1942523268421824,0.03482167044993993,0.5364690391706739,0.8847537192302055,0.5351224851563549,0.7716581511695453,0.8656788854372985,2
1.0718977635600109,0.36312613443636904,0.7368330293934103,0.39632629423520377,1.2106526889042155,0.30131014188731997,0.8199622404794076,1.0957211189016127,0.4926013944631595,0.715137720207323,0
0.08757976612154572,0.23802864022548098,0.15322351055933586,0.36868199457967055,1.1874991721272,0.4655392485969514,0.32201161812099566,0.6676227396940824,0.9245859488219854,0.5170133332884407,2
0.2264790120737868,0.8169904782727277,1.1374844420484598,0.45723675665003016,0.10057691495528129,0.2376326620176969,0.8541466076932843,0.8563064702757359,0.6602467048949265,0.2190469770893918,3
1.0303450133007588,0.17268488163147555,0.603344680422901,0.5148825097471551,0.7482942776011485,0.6070749189988194,0.36531763292326896,0.8043317551077839,0.7128726076791603,0.43942700856906586,1
0.0008121507492017191,0.5307927461148665,0.3182719042481708,0.15626888658512075,0.9652264726267024,0.47116410863484925,0.9658574044377012,0.37055194147500325,0.25915554579510025,0.6347202286480254,2
0.04321730715078171,0.11580251578843027,0.591170553090017,0.2924779790847239,0.04163773721256218,0.26434563370911573,0.5982290277787159,0.2643746581412863,0.7032588126723339,0.7308931122626059,0
0.08164248073759439,0.48095687119726327,0.3184954363159284,0.9420378517066862,0.5830659213535528,0.7711984077093785,0.3491999108518076,0.0731678980225394,0.17767870616636403,0.06835503634949364,1
0.39446167605600974,1.0191756683132707,0.12526485922121733,0.39862000729204206,-0.2602400046281017,0.4194640825872133,0.5731338467254761,0.002126795700676948,0.20360782375908937,0.4105668040212819,1
0.19904602515076453,0.733791710220697,0.38324111897514485,0.451286564629862,0.17374836135504002,0.8896127605363201,0.43842962934466345,0.7130195479105385,-0.006604076872064407,0.7386273532651136,1
0.846842542348004,0.8196312782141457,0.864826105146198,0.6534981760563089,0.6119112475009363,0.8118043468729874,0.11611323535978903,0.7650483194289899,0.6811637298445593,0.5008517468778628,0
0.1396547769103497,0.8949531348868602,0.8356151345678823,0.5909859183578906,0.44101002594292993,0.8874294364300966,0.16247634718468074,0.9325474484576829,0.0229201663165907,0.23807931901203608,3
0.07797202837577655,0.5128027225112626,0.28437892560563904,0.2579685178627246,1.0208040427466643,0.43984790848630295,1.035569707782125,0.36772461464444683,0.1867008996697049,0.6445553628248416,2
-0.008920237467560653,0.13824707224871974,0.6230488970785676,0.2403387799202514,0.029437302302522728,0.19886264493111483,0.5739563522456291,0.2633224369345419,0.6912292532444155,0.7498795273809808,0
0.2171032852073182,0.8872869283652801,0.9769713900224268,0.5395919164882662,0.9006386811014666,0.9412189381643433,0.9571247619586477,0.49906281768711686,0.7334671649083276,0.820440455728767,2
0.11234376735677173,0.8563272353889939,0.8202325434240781,0.809495371894566,0.5343733178737571,0.7797269088819552,0.1548694167127062,0.8371319560741385,0.5793619054436541,0.6052419495654577,3
0.848056135917181,0.5624044962772865,0.6535725073933952,0.2373156881692408,0.5312487937502057,0.966248278077555,0.46283046149653484,1.0004766048217564,0.3192604463941431,0.19226908141284915,1
0.8876218078478432,0.3501268280367641,0.8222574116383523,0.5721450237888996,0.7144884674459796,0.23006566246396237,0.7149132706615751,0.9350784346540356,0.9981552948329868,0.5178042196366246,0
0.11066033566897461,0.8562355547845509,0.8207992321685429,0.8098103796823442,0.5319438060816735,0.779720963181961,0.15547307309665503,0.8352351929186309,0.5786390524152296,0.6062682269670614,3
0.18011268280323325,0.7619717112271754,0.4945903721838321,0.5896649863405393,0.16236889894914236,0.8666667795679981,0.49627355750240265,0.7137844840779433,0.11728863885483748,0.7495005098825416,1
0.8794364170076979,0.8520623808370023,0.9122502240370617,0.6713446605131845,0.6019832556785547,0.8306700445760279,0.09180177861411457,0.7201847936415638,0.6411135403575212,0.461428887893741,0
0.6827682416664768,0.3108045556095502,0.9019418766036594,0.34455147671770636,0.1187127689202753,0.32152142620628743,0.8466871876390925,0.6861126988937882,0.18439715993456457,0.11805312138441196,0
0.8503627417184105,0.7370175288084372,0.9355662877817199,0.6177042761197409,0.6089273584161146,0.8510603436386172,0.10307574204852252,0.648914188047087,0.6146293570526116,0.5519692610077299,0
0.46273670311260795,0.6594302925186618,0.831768657733459,0.9020478107263358,0.2118073143322457,0.19706382184648735,0.247819624448053,0.6304252041461267,0.10603776605892849,0.17515251648548824,3
0.10871775888431114,0.6452777294666224,0.006309930907697117,0.1920760415131488,0.10175276259426708,0.5090015986533106,0.7111795494048911,0.13517509468531233,0.989905778984081,0.07736626485784621,1
0.9647841943210764,0.45404679150258137,0.8351355172578228,0.464465020792959,-0.005074151424892925,0.48824286985429516,0.9910150921122094,0.6362367616231099,0.06984268223765222,-0.0650296765877813,0
0.8899296002132238,-0.027543226197211945,1.056390415842687,0.21610153757172854,0.5863527853911401,0.5606886954301747,0.2367982123808349,0.403062196287175,0.859834024560108,0.6561081047490591,1
0.7796590249460368,0.39942937443364795,0.8825058826233073,0.4169706656984875,0.08365556091980011,0.37206369251271965,0.7802933675787554,0.6331520949896613,0.2754078228708006,0.1761431470516672,0
0.14349019830191967,0.17203513430486211,0.30277957869260425,0.7043415025257063,0.8941850252447678,0.27477832867237,0.416326339341338,0.8368932818702586,0.6219083844701876,0.2839697990619216,3
1.1083140538856435,-0.12276794236381428,1.4450098414468897,-0.4464151310568636,-0.11371565753694085,0.6381405621883478,1.1482623716644433,0.949613352497529,1.4894277198605272,0.38089925587837314,2
0.07831899607893986,0.4497394773487974,0.32208598963535745,0.9620045724439299,0.6112689644599687,0.725021157103446,0.3084402385957166,0.09861114571501464,0.1288497952050904,0.03751383902110904,1
0.942059221485503,0.3791511514042411,0.8405391679846568,0.17632331005397012,0.9951897884321962,0.3927464604610878,0.7542228331787696,0.897816050577374,0.6965535052399285,0.5840175523295146,0
1.016196095748517,0.3937553200578159,0.7043072228702046,-0.023752780617282754,0.36459219401919707,0.9392976624475795,0.4909242073648718,1.0460725555714592,0.2797398635618046,0.3533010374716472,1
0.30272909975678997,0.1275043160714434,0.7097034518956681,0.8248336686770734,0.7461229896813701,0.8753573635948766,0.6088317905183723,0.2688290885825283,0.529384607081698,0.7173105499012205,3
0.8953259405588435,0.24380279753936385,0.4641093453394247,0.5477090223253526,0.1668394278400962,0.08850110571720794,0.1948841847691296,0.9988573851182232,0.4671596984715448,0.5291760166490107,2
0.12030383831557086,0.45078128214439117,0.32561196769667455,0.9624598783763264,0.5847489449267564,0.7628593543698784,0.3832289705762432,0.0619372523771351,0.15899974742138714,0.06508499909036455,1
0.7884626836268872,0.9137834892304797,1.0562213965114011,0.45195769178100953,0.6393701093620516,0.8124602748001832,0.09439930164831906,0.585092144479858,0.6872873776209951,0.3922386409754979,0
0.3133526377092033,0.13247652059663384,0.6534895211272961,0.8663772446095019,0.7693813485490665,0.855578904800465,0.5486720574315851,0.2267023624863595,0.5250789311001368,0.7318428297394862,3
0.11806153022930219,0.4717624259968648,0.3137414723325331,0.9563470295310372,0.6014375960134793,0.7815236853349782,0.3544723048704255,0.07774506820125589,0.16545906282335437,0.05851098184219195,1
0.10731642173637722,0.859066130047345,0.8153556562800377,0.8163215890304736,0.5299993245116204,0.7783142279791624,0.15630025672181874,0.8354342661278831,0.577166398147679,0.6051881691252146,3
0.9104523199858146,0.5253031801963192,0.6793775013273449,0.21996460622575678,0.6169050808212893,0.8557093187025084,0.48839209401199013,0.9133254661513073,0.2637876952287091,0.19320619999627078,1
1.0925434062883796,0.11729084561862124,0.9850815503521256,0.6467257387029516,0.23585780721015087,0.7368568338158777,1.0607333069019547,0.6926416925396058,-0.08903331806037518,-0.1055233815473769,0
0.016872767809681038,0.11806170788385788,0.6504538433461254,0.3133449304621413,-0.04847383181065332,0.21307465974777148,0.48903467360525665,0.29192609689966853,0.7006874539439234,0.7582577737914308,0
0.8372204698969312,0.14228150649616142,0.6394452544784042,0.08815507157429646,0.5232127831644136,0.38295666771471226,0.20757537148939836,0.9291069498053065,0.9254368035053481,0.8227112171309542,2
1.6105246083033236,0.9609757528987426,0.44121624612522264,1.2247400185029202,0.1375705397246424,0.7300272249999205,1.0981065327991049,0.5229741425840376,0.4692239872147243,0.521460320829282,0
-0.2771175682838938,0.7261535103907824,0.8914991767271706,0.5234841364339808,1.5730462590496561,1.2702033535763553,1.4981126295777512,0.3329292513642539,0.9366423516140125,0.5357174877934989,2
-0.6506726935498706,-0.6559015700207815,1.22200830557723,-0.3028758126766157,-0.25403496369529244,0.9522223886935052,-0.29676391140562364,0.662421727435927,0.7259030826174593,1.3673115366440194,0
0.9015791774998945,0.19436200975428258,0.4768012891041427,0.6219387454976731,0.26614229147275703,0.08150995272176664,0.13622983864361254,0.7898559682741203,0.42378214040282614,0.6094721640581608,2
-0.2934085423735706,0.5550875397316919,0.5736025788935317,0.5358790665417145,0.277187579973817,0.27632372838389696,0.8553219178223438,1.0994664269378303,0.811365175174827,0.41983299998310764,3
0.15844599568373707,0.9915234419052953,0.8688574788604108,0.5204669086465437,0.38602255142091046,0.8651650547781246,0.14749142291497014,0.9287868300240122,-0.030060434435468984,0.19784872935478476,3
1.1992927931452262,0.0550828819586858,1.083307031024001,0.5005330120143031,0.9009223945470898,0.23285384212316612,0.3113390859308649,1.0157038746193474,0.5411732162856087,0.14893909609335476,0
1.1888101827796675,-0.5949911666684242,0.18557334049824742,-0.4807162323820986,0.19494029699748605,0.2548092691161906,1.8501513351113874,1.548344409428466,-0.6343788848392043,-0.09710594651226523,1
0.3315364217487349,0.0882965567781819,0.3669604517025412,0.13384258693852166,0.3589421004653204,0.6753595998035689,0.5468832831934081,0.03990227671800167,0.7154566772945329,0.725608815966745,0
1.0076875605139177,0.18623328852341592,0.9438134918483914,0.48930206541809274,0.5126792065087872,0.5651534459513773,0.13955948382959057,0.7090232311465273,0.8411827180363626,0.7754029054114595,1
0.6347929578827057,0.77481604620339,0.11160391035559628,0.679320592914249,0.5035151457108586,0.44445556252015955,0.5422275358217035,0.04117139716077631,0.5015911792928917,-0.016610394316457264,0
0.7449316382276041,0.52147468724942,0.5838685328536816,1.2122268185563927,0.5655160875003087,0.3271991398179811,0.550094024356374,0.9948465614731267,0.27271748086704095,0.17453310322640733,3
0.4726143581082399,0.5454403945210053,0.22989609828421023,0.650695786535802,0.7848140289812673,0.919516395857406,0.024299842893312454,0.6520259652021458,0.980314449931917,0.16487039058757258,0
0.34156044013606784,0.03087457442183114,0.8796871457814688,0.9169792326953277,0.25018651681633586,0.8337685590018135,0.46172450743619997,0.6256134794104306,-0.038996039043822206,0.6150491551606331,3
0.036394002773218755,0.26658970387634173,0.33001813571334193,0.28920015914464675,0.9811473842478724,0.596070382807345,0.21903437779189483,0.8918448142214955,0.8472539165404344,0.5311200990421757,2
0.19262176607799086,0.16489745278780785,0.6278810630810988,0.7967983066755615,0.6899666036554863,0.8698349985036068,0.6555676187732143,0.17288884058818538,0.5853572376679543,0.6375113118129234,3
0.7283372795169787,1.1518167624576223,0.6543822210880457,0.5460078657772255,-0.17601329390614534,0.006611864696117825,0.5638039047709846,1.0874220621807553,0.03138315688827656,0.45047976055436384,3
0.1669860847852256,0.22990919267989549,0.3341267411844029,0.6917632501399716,0.8651592063568944,0.2775056472879016,0.4425508109217975,0.8039541276398283,0.6078868274387976,0.31127012073592797,3
0.5625908442462946,0.260411863311077,0.07259074558953225,0.9713307642294692,0.4107175744899995,0.7694218960303392,0.9926294212172883,0.6703871010088809,0.5063112894239092,0.01049782685964577,1
0.37369928424945464,0.8756439046255455,0.2807267151264235,0.9051724273513089,0.5270036692433372,0.1517390394849865,0.7943614628326747,-0.10887002117770889,0.37548112277148965,0.9689525104566501,0
0.7995643659487786,0.3695781929685174,0.8423871734738133,0.49204733510003523,0.6421755642537683,0.23984702634323318,0.8080402850045886,0.9720754080437264,0.9912796254365102,0.5894999227984954,0
0.8891204856592281,0.24178403880269567,0.6291796235529656,0.7678801725389883,0.4705859475154263,0.228702836965617,1.0727247907633424,0.88755661564347,0.6212837157591895,0.6781985301719916,0
0.5472732908588631,0.7271798456353789,0.6654793174979615,0.5732447447363672,1.219199675825124,0.7360555647062785,0.4746817838513593,0.6571880184898612,-0.07799263036066484,1.0629262699801432,3
0.20561319822387275,0.5309453020823779,0.051168620944721216,0.28571702684256334,0.1254535418624655,0.5450241059494054,0.753504857313996,0.08662535346496865,1.0428520766350595,0.09999670177066139,1
0.3622241018448293,0.8251840727345945,-0.06018957168358097,0.4060903445173699,-0.07756928524123333,0.6688203983694816,0.4174475916728429,0.3597667817549702,0.7320247283344298,0.11882443770284702,1
0.003954209978752159,0.8763494073351503,0.9126871260042608,0.33269167034544134,0.10838183085709154,0.3570461659294661,0.8045292831073643,1.000333834198492,0.7585165882838055,0.11098675421346897,3
0.07058511436294562,0.9435360424925144,0.9654186706243361,0.08454159900957281,0.4869231860055101,0.2149794485329563,0.2759821729954976,0.7549511592361507,-0.2997599452487747,0.09468407736604245,3
0.8673304431415312,0.4080139314584481,0.8353279215239994,0.576180528461885,0.6815197841187877,0.21743197111405296,0.7739364372476197,1.0150103181349999,0.9658835134658633,0.459779946681513,0
0.2834142418865001,-0.016447530931915116,0.7243290353096674,0.28639266553181586,0.9829257254441094,0.035717695451163906,0.5368482082434208,0.9222161019626494,0.7653567299984354,0.12290962061679943,0
0.8709053245757421,0.491462328620198,0.5532357064735265,0.0540403380152738,0.5461364737975416,0.7174624151617534,0.5240930002718133,0.5450719732238234,0.25381030573483465,0.49904063438696744,2
0.39930231951024797,0.1838604357090798,0.25937726722468857,0.7737187157927439,0.29829119536585214,0.3381528329440032,0.9628550854160483,0.05340954904182637,0.8395433016734618,0.250794615123306,3
0.4956511184877154,0.07370606582451147,0.9399367986372501,0.8487858702150208,0.44347853006144655,0.7651064187010344,0.23617855229266313,0.08261466574744969,0.5959371217641023,0.6458892822509662,0
0.5314135917830312,0.7876995581339813,0.5296614690673361,0.3698783898557204,0.4376013661405936,0.8055208136705386,0.1736735434896707,0.8088341122684335,0.34168105534512583,0.38459735319942706,2
0.9578086028155436,0.7971180529222095,1.0461569904726382,0.6724038589897237,0.813696745698792,1.0655267107904738,-0.18990828002759463,0.7625360647208225,0.4508467227703359,0.19150145828781995,0
0.10035430378849784,0.8598629326920372,0.8230394288308299,0.8185140449405126,0.5371897644547395,0.7736050464851266,0.16790626573918827,0.8517346013175442,0.5940375370351108,0.6076502689284513,3
0.3738197492648011,0.892083468593187,0.41266395346996093,0.05940711111133413,0.20618091138191388,0.7854197976040518,0.5885902574279069,0.252137195765253,0.6335921157340952,0.5275158634561252,1
0.6636607162417303,0.7640207152405242,0.09665653928020251,0.6807949774736617,0.4806652563993253,0.3778652426626856,0.5210647063053865,0.07104110291602708,0.43932707084528116,0.01248836642964126,0
0.11439266059041348,0.8602094992711842,0.8200224395773988,0.8150173236287744,0.5282012851261474,0.7798173920568723,0.15225558469459222,0.8311476922523896,0.5772174968629614,0.6091066674224889,3
1.0142990381941082,0.3123080274180317,0.5742914098387825,1.1024599793032577,0.7923397808790238,0.4845856467137787,0.9255663100589757,0.7846572767389708,1.0086780031297062,0.576208281946751,0
0.6381513930011617,0.3885756533777259,-0.4184554211358434,0.39802682283610136,-0.05753564994342267,0.2306215199148247,0.37223302911311934,0.30277121126958595,1.1111824093086993,-0.05628344254903407,1
0.38388411567591746,0.6908213632574743,1.1748427783773456,0.6362932797190094,-0.047158714466872614,0.6683113738811066,0.9180697076914829,0.9148765044582624,0.9635274393234965,0.10137441896906871,3
1.194224936610007,0.39569015961784687,0.6884100937500154,0.42240093888095603,0.5202086787736423,0.5152003512304062,0.6272175559143801,0.6176835479019307,0.2502784174200972,0.7439951889066668,2
0.9358265011751826,0.35035823414446887,0.7101110225510812,-0.07359261875875955,0.5311091373349388,0.7336339453994145,0.7084810064798244,0.6062584155251636,0.06861160120351167,0.05939221295226771,1
0.8588809265603989,0.28063389733472227,0.7409247502231161,0.7023108620671815,0.1161389070052307,0.14947348473009395,0.24207365823713778,1.0349716309820851,0.7282351212604913,0.653879629360393,2
-0.1340018069246469,0.4303673076235887,0.5428018803230706,0.5164627307743113,1.2236856500489914,0.3731968577104866,0.38654303988128214,1.1324156736719304,1.0027021033083297,0.4195581668244111,2
1.2721026166674445,0.8677837536333554,0.47558426465184006,0.2346819112288332,0.7588888751717895,0.6951805496130685,1.0141928605655848,0.7883571519836704,0.4376330745774665,0.3941456639208808,1
0.6229850767945633,1.2413163908521196,1.4624473201405568,0.4708972822485806,0.7025159876069867,0.19818127574546626,1.203351499973164,1.142777164133615,0.15007462001848615,-0.3990961645027763,3
0.11789695910460492,0.4682155283977673,0.30118594250231817,0.9533546058691373,0.5880418970355513,0.7726895010856284,0.37682998270226903,0.057656063448707676,0.1770048497779034,0.05806448851891283,1
0.4559159242502676,0.9622157481005178,0.21390165991856475,0.8794312469858259,0.37193745495511865,0.619984405939374,0.5625152736710508,0.11857262931775711,0.6092738614589904,0.033723420306940935,0
0.8161793218278093,0.5273171697796546,0.7502827084769994,0.3786203581425443,0.558051435464325,0.4554262475433237,0.48469364043500607,0.41389850220542757,0.2327802361167488,0.6544000555913138,2
0.7785909260270718,0.27635880827021536,0.7044990596343963,0.47847281082278215,0.29702187005293795,0.4497431612455759,0.2258473177904469,0.486703644964283,0.7863867048570998,0.8914990900661081,1
0.6755968659754465,0.7213312061057746,0.9759816216031812,0.21803393085801365,0.49898587912922115,0.28508588092245324,0.6010696693090312,0.44179408162006306,0.6170148491535452,0.6135128762320652,2
0.3287107891237326,0.4903385677765154,1.3970621206706246,0.6779487040938968,1.0126206423389568,0.518169493462399,0.32200363820975264,1.0316661723821445,0.6387473618416051,0.8512757892995806,3
0.5264596390461743,0.6768424666769665,0.8894991109470592,0.9367821157881925,0.1295971389894366,0.20511723668088855,0.16680990712104465,0.5891767508618193,0.22663908462841736,0.2976273439299075,3
0.7986171774506072,0.7559685652926539,0.881885055289785,0.7379006410823776,0.6584111640809566,0.6630353900957746,0.016557940380117875,0.45123884319368446,0.7810547537272252,0.48111143270284007,0
0.37337185110386817,0.04427165068538661,0.6958426526370752,0.22001807077402813,0.9651903395869258,-0.007059398721148788,0.5856473741631874,0.8231842452195287,0.7806180626820763,0.17195480290083215,0
0.10024980478393584,0.2490066844360327,0.3378917201094734,0.7050914170548239,0.9250211882642483,0.1918983925465135,0.39938907103308824,0.8140981921748328,0.5824544316445972,0.26051873879585674,3
0.05901245326498073,0.2971733210372661,0.352156431260858,0.2597421490256161,0.9743942116717862,0.5818978303567799,0.23683282263212863,0.8604844866140969,0.8313664140799465,0.5547114289434512,2
0.01536058454677044,0.075341170516268,0.58602066601738,0.2563025368106776,0.026435922778837294,0.17613657999281063,0.5613346464721021,0.19277670897485147,0.6685636427441093,0.7666697164829834,0
0.5084812146403064,-0.1412222302002933,0.8628837180173237,-0.023576423139304636,0.9110334606127294,0.1605421054043036,0.8069750001838165,0.8902497774630491,0.9829464139946456,0.10630318009155387,0
0.6672813327743128,0.3873658253183916,0.4730008607946221,0.6270487525691913,0.15760178161183927,-0.055727087808564724,-0.05506109589567476,0.899682891898143,0.7071428138678431,0.8243827867542174,2
0.053246210174964864,0.8892464297541225,0.8721295300080353,0.348598325750092,0.16821108488771264,0.20712412861658708,0.858126648026255,1.0272958064908544,0.7939980000117232,0.12879363486676576,3
0.9275636793418536,0.4677516860962531,0.8784893589067587,0.6524384996900175,0.7681819394461131,0.3523578880530425,0.7652159263538423,0.9490123602195653,1.0648066045363935,0.5602231531188882,0
0.16747382980721107,0.29758431463167945,0.6122542465962455,0.4654174706574008,-0.0618491588124285,0.44725971213303595,0.4108069721116583,0.7030873758000138,0.11192107571237517,0.7207792336530022,3
0.9472463380057491,0.6419684586009325,0.848872634815772,0.321409625542971,0.6310237367658247,0.5582950632303371,0.39667743685290713,0.4752216684804493,0.3829717164148288,0.6462238398574822,2
0.2477757835882434,0.9796931882641615,0.35379683343892604,0.849770400953265,0.5698271399710912,0.12746303613913917,0.9231672507011577,0.10185210092342868,0.41922783898699767,0.8910175311364781,0
0.12286552228132322,0.4643442088084817,0.3161694972350081,0.9526712201593485,0.5981788266054372,0.7870259508536863,0.35416721321488737,0.08224352212201609,0.1726258802324523,0.054064484230258864,1
0.9579715835089736,0.643642073499256,0.8260084591951622,0.20180418980895143,0.7554025495862102,0.6714540567877454,0.32814343750051667,0.4497725900625932,0.4620007722897992,0.7399121238398656,2
0.4023253450827058,0.15177785946229053,0.47996262006630386,0.7377251685710151,0.12536751787964787,0.4709029019032064,0.43494586177147243,0.5168476925164233,0.3282847233911093,0.80898026720344,3
0.590072426107217,1.1036316551420937,1.2238175562989064,-0.8724116801576969,1.472318727998435,0.09533943822040924,1.1922731995217313,1.8160800843034761,2.328813982340356,-0.0682094880861358,2
0.43153801497175526,0.6336319612484134,0.9425586855476233,0.8732044674464005,0.46922826907415205,-0.07852380363757758,0.23114360935385853,0.6797477344611073,0.3357068088953876,0.3143728801241589,3
0.7556835113500939,0.8245812569863983,0.9001713986179123,0.6448967394905347,0.6356789684834414,0.8656870951165296,0.20669475735090265,0.7459366684242656,0.8651221801499763,0.6535278283871719,0
0.5354286847307566,0.2912174869932332,0.0991657736672173,0.9660321388483906,0.41392635703959074,0.7632851459114888,0.9895593908997198,0.6525046615938949,0.5181816114991828,0.022081787144461264,1
0.013824724500455604,0.8423301663460564,0.1721513458315335,-0.19043927132361788,-0.6743100353212855,1.2072042796814941,0.2752598531844629,0.10602138664300073,1.6652982944188415,-0.0915084314708885,1
0.3652626441345235,0.8810138533621342,0.35613345725943774,0.7333461037147158,0.8069729672763025,0.2519566943779428,0.8409762302041348,0.9987807361209552,0.23474309770572982,0.4167046720955911,2
0.8041131777496684,-0.4584848981693287,0.9501708954520158,-0.5524878567986292,0.6685476061616327,0.753386233138228,1.3136513701581798,0.12342802663461608,0.9613041315523179,-0.12094094591993876,0
1.0789826445015276,-0.10118220845808334,1.146918582504856,0.7558795244280262,1.060315786015596,0.15554481404844978,0.46234915781006275,0.36659311377230563,0.21150567740559587,-0.04181496778014243,3
0.8876425613578778,0.24691421844264877,0.38293579147095264,1.112872768620927,0.7438430975169645,0.43046597031933426,0.904081995735948,0.5219635057208213,0.8909650067388406,0.32776762147070737,0
0.4541808280532528,0.6272740606214834,0.8583347289563314,0.9467622776965933,0.2135535792417736,0.176590035635544,0.26809731151583566,0.6222284270298679,0.13024725472738655,0.19407073690034,3
0.17079845625445703,0.10031844855180459,0.30334867444581975,0.7234510907020023,0.7990181301321806,0.18294972417961744,0.4708284000644924,0.7766715628320107,0.6843158349097538,0.23823335009229896,3
0.7433093204666097,0.3678756945184227,1.1633890580786517,0.09424062082985979,0.3078562055297972,0.13798917710954722,0.5038478381396579,0.4356877052449949,0.14689726575609288,0.13834290056334606,0
0.8545748378798858,0.13400291894114327,0.6498301590059637,0.09522228268670258,0.5108009721237208,0.3839675438156098,0.22444273439695608,0.9200468064773181,0.9379476600764048,0.8128371641434005,2
0.11008150183709632,0.8578144397352675,0.821404500404712,0.8105396294852727,0.5329898413007271,0.7797199054583728,0.15718525276291415,0.8335063686975228,0.5802766052670706,0.6062790141222081,3
0.9690851225187072,0.296301084067786,0.96453820122791,0.4144935868357065,0.5194257939625619,0.6491022229166394,0.24541279442559036,0.7499487866028575,0.8640369921453664,0.8648051056175977,1
0.8306265973800767,0.14498817986951465,0.6519156850034691,0.09636760566449262,0.5331870116002676,0.3989915737556396,0.20154220055787136,0.9155635391023393,0.9303760465176296,0.8259400246028484,2
0.8511315719408487,0.1521108419570113,0.636459274368511,0.08585275002792062,0.5247565405603004,0.38342117910829865,0.20665195271702097,0.9295824515651995,0.9343850077059193,0.8199323621748029,2
0.3137453013267399,0.8467875195509638,0.3817446461484735,0.7919218692765656,0.867828613405427,0.2792424916534857,0.8505158617100194,0.9838349768041182,0.26296025526792344,0.38120346946447414,2
0.5248120835773136,0.8083108283919732,0.5318283462182023,0.3605734944813376,0.449220569508124,0.7814086501307449,0.16795449776001814,0.8200993646665768,0.35270055097228964,0.3911399562062132,2
-0.025948454621034213,0.09784684569795746,0.6094390024417092,0.29575030625935994,0.0243110644683832,0.20301263387792534,0.56157788663678,0.24149104860310508,0.6574011575697951,0.7949341867225846,0
0.5451270094898133,0.2758693592774698,0.08816162241397522,0.9822405158754509,0.42624681597373804,0.7823644255642217,0.9936217846152572,0.6701524851859972,0.5097949810669414,0.01956835249488451,1
0.9548620771453878,0.33061749164773696,0.416843905423114,0.9690360869629168,0.656616645160169,0.5303871663566646,0.9904407098243436,0.6052150266102096,0.9205277311407947,0.4381126813510445,0
0.1493513073068237,-0.051290568425961774,1.160192445603587,0.6499030188136026,0.024205326725004,-0.23102640104746747,0.18533191201763533,0.5612089312979396,0.5564592644572791,0.9986156904008751,0
0.13195903146781712,0.5298810482388365,0.10233012403541053,0.8901498951958481,0.029239856344488526,0.3540264846144083,0.361468333548774,0.12349715135067342,0.4124002767855577,0.9432506490489984,1
-0.08935210828451484,0.9597473229684683,0.5248510476436709,0.5381622392877892,0.18829782522141264,0.9554747202239385,0.5591331640262146,0.011787702811914151,1.1761665307701321,0.5943895842488056,0
0.534124800837284,0.8183328486306042,0.7718333414323568,0.5696961332062618,0.6410054860516489,0.25266241794669564,0.6691791369159111,0.606292372800294,0.4882545345658988,0.29206398153987323,1
0.7644367858582051,0.6048034982119376,0.4944624227604088,0.03190437333886092,0.5245968937641599,0.004533256653483336,0.8157100863456571,0.9665194635029052,0.787775923780821,0.7717555768198935,1
0.8162143693753549,0.5541808654147161,0.5937029368397029,0.09308641441417795,-0.01931036580080603,0.4984346079056532,1.0697468798917473,0.2421776936688798,0.6807214202296852,1.0170740423077147,2
0.8558447358925851,0.1168904317195413,0.639159575312408,0.019303598071512038,0.6341181909376441,0.4476900016294194,0.27186454188002634,0.972797601616495,1.0006616685856784,0.8209482902729692,2
0.4138454117601962,0.22017847980744865,0.45189945559080985,0.7251639256228589,0.04511393940724746,0.5105142230427827,0.4232345915270555,0.49194496235141755,0.273278882202598,0.8959941002496905,3
0.8708671196667541,-0.09136404881174337,-0.05108934211913263,0.8929819686789342,0.36148801829999305,0.25088459706409466,0.7603104310789548,1.3846489240709634,0.8636739072952939,0.5555960039832318,2
0.5343217951286475,0.8023752168497348,0.5337128153864653,0.3622960614373829,0.4378960323437612,0.7879621756932188,0.16422690463259154,0.8158042194181001,0.34795322566888104,0.3899001136961781,2
0.9189660036317517,0.26804370091692853,0.9345636231274643,0.44329807801982957,0.5334487335554318,0.6501759582473602,0.210575030761382,0.6964640175815263,0.853604727852865,0.8344945222076132,1
0.22376574648769687,0.6828681025152901,0.3050275822200328,0.4573188663076561,0.565027588539074,0.9044674356602762,0.49927197701845205,0.10657531327857851,0.9290798866494622,0.14081026154233434,0
0.8196202390407037,0.16398654056011153,0.6212050982529524,0.05109767843982105,0.5253583714597355,0.3711878311862596,0.1978758114286639,0.9412107339673303,0.8953058251072772,0.8064163578353182,2
0.20542053043077613,0.21230796726861256,0.8466471777374737,0.2239918203368887,0.7386384587821042,0.10597918582882769,0.8135352341225425,0.06060031967198393,0.30767209387259264,0.8006699183688425,0
0.9038552542798235,0.39808377618537705,0.8177485361134336,0.22232840433960468,0.9663486773581731,0.388067670337175,0.7183277982808405,0.8626286395019659,0.6728156618545472,0.6350168173160383,0
0.5279318790575815,0.8102463525083332,0.5272600337648272,0.36676578922910447,0.43015603967400834,0.786861952432818,0.15438490059671905,0.8209132629613277,0.3516808213513062,0.3908365622205493,2
0.25960015991297963,0.8995080950315885,0.3092799572444795,0.7356579232403405,0.8563523065594627,0.27794011403984237,0.9250721670510225,0.9314198492730832,0.18851549557898928,0.4167764274299713,2
0.11083520728998354,0.8835892131037164,0.3944806485224027,0.8014689773083902,0.6512147107573392,0.31606461885714676,0.8829839401982957,0.13793083804809608,0.5411652853666732,0.9254850734764534,0
0.7370415127918882,0.14599051280501282,-0.20424275113684887,0.702120556018931,0.21290407579747264,0.9803128391616522,0.9819720464538373,0.3682252680040107,0.4845619777400395,0.6633289722461367,1
0.6835836306958144,0.9481678906748217,0.8593551799153362,0.8284867803144229,0.6853273586248785,0.7810001973404327,0.1231597800340177,0.9102801327128209,0.583213381054156,0.5188657152841161,0
0.49975594251670574,0.8587811061467111,1.2066055137430745,0.6665322293371971,0.2075607842015638,-0.16441609125529222,-0.11777165837194403,0.8631558105380681,-0.10921165759788348,-0.14978557130405884,3
0.5128071900818919,0.4091768469482283,0.9553453233429595,0.6016544463386793,0.531154895705149,1.065146032425166,0.5416357988019637,0.023711110047993193,0.7485914224203887,0.6061463335532492,0
0.5409050696234025,0.11271400730308222,1.0231186119451001,0.755115330841355,0.3932220097958646,0.7028485417597773,0.3103072290368432,0.21876051076968842,0.5602836218344217,0.6717717189761147,0
0.875431256576195,0.8196773131313194,0.3382545090639796,-0.13694149724666654,0.5529481314564256,-0.04655474887774598,0.9705757071834049,0.8027816406036995,0.8402742027325664,0.661546132591518,1
0.15570428874034362,0.8204297459701085,0.7375130342409671,0.6004859966343593,0.4118409021272476,0.5184844338143695,0.5842080187586872,0.19698639054448147,0.5203450716926287,0.3204307931918391,1
0.7976489730454365,0.7652440353152351,0.4393136922991955,0.12260642300410332,0.5246224921510156,0.8599453744959421,0.5813257406040914,0.5039587237056625,0.33193914836155325,-0.0504575751818471,1
0.37892685032684426,0.4314466230557913,0.3637737515908517,0.7128479965597524,0.8469432324191616,0.928665397041641,0.05486851582346478,0.7761797811262505,0.9648920769261108,0.2318755451236451,0
-0.4523912978299857,1.411561115789905,0.4422294510787587,0.32215816155449195,0.596325228835033,0.2354627350763466,0.7860456592344965,0.8003211967362933,0.4621251987782806,0.1511034779931621,3
0.5672857229329415,0.5737545694928547,0.9124756594494109,0.5273729115756349,0.49153341141322143,0.6393468751623478,0.5534413536053067,0.5625724588035084,0.19359449792240446,0.43181782442682376,3
0.018578119672112738,0.6334585467947248,0.18080215117729626,0.9504719876305054,0.03436351286720482,0.3748032762322907,0.2631486785777373,0.24389107279200445,0.49003067705994535,0.8964086194710141,1
0.5195960307371886,0.2457939372328509,0.14462911424612956,0.9808470509869908,0.4506511809960669,0.7209308040850193,1.0548844414937957,0.686439484189638,0.48675304793726387,0.04354821707177409,1
1.0148789781292964,-0.20187884382958082,0.8038245992407803,0.9260535139519636,-0.14374175358838442,-0.019001469485760758,-0.004484373038676659,1.0414067748218598,0.9186307482418115,0.24498461577646496,2
0.5379333409252798,0.7839163479410074,0.5380287025455738,0.3462988226221686,0.44494054408453443,0.7705626851216887,0.14548098363103365,0.8243352881700836,0.3451538536734017,0.3915117568764288,2
0.8751128522352613,0.33337126183127513,0.8829238677538959,0.1825035604916448,0.998005402194471,0.3705189185462184,0.8150007681880248,0.8699862313916055,0.6383786767565504,0.5517501129242026,0
0.19676394100842534,0.21477327005488497,0.8371497574862704,0.20585246049466752,0.7903775235750096,0.11234839619067462,0.8172076485130595,0.0615710131461213,0.21344417176285405,0.7709659044255589,0
0.5535259516259464,0.425882264933919,0.8196828365852816,-0.15285509467521632,0.5809238207277507,-0.1886731415199718,0.9447425081958938,1.1095756183278138,1.0087410702402995,0.8295567544215565,1
0.23852722237240348,0.9818687492599075,0.9659198427286996,0.43500397420963244,0.875508573482396,0.9486126498186708,0.8899784417934817,0.48158577025556587,0.7576084591573675,0.7343836861694596,2
0.13360940836914478,0.5678333585451179,0.0589462663282432,0.21934486783694357,0.06735672655880287,0.48422908483475013,0.6773013304079967,0.12709088222428278,0.9931667104238354,0.014353193492927692,1
-0.13118111899348445,0.7337201494996473,0.9729050455566151,0.1340265640790049,0.03859899587239159,0.5495861103101751,0.9551986552207734,0.7557092485464495,0.7110120380867829,-0.023375336127720248,3
0.8400779819771648,0.1436911207590789,0.6397229690495142,0.07928605230191733,0.5200883490402797,0.38129440266424486,0.19791783025626167,0.9394473419349447,0.9272080164209817,0.8124262803939425,2
-0.004846827337662506,0.1283331259505904,0.6275611795122847,0.26126105265359434,-0.009511991825611042,0.23358174289074926,0.5943597897605741,0.2716831582965412,0.6556939936961607,0.7530731512167099,0
0.8820391822750411,0.2701441770262999,0.039992345267235316,0.6813447417460455,0.3760929470148691,1.0072266298901817,0.9853485718826196,0.5077617586926654,0.5644982097640506,0.7607132460304962,1
0.0950409443480652,0.5347971820379901,0.4018876511266375,0.5615868801152498,0.6643773931025608,0.9946795741879862,0.6221923418270658,0.13191862734856608,0.8876999261824209,0.07145764783714713,0
1.0375386092301586,0.8570562020591226,0.8852577940747623,0.667158577225593,0.7259845395506153,0.77943825782444,0.09211357530248852,0.8164521929643416,0.8112232832907696,0.33558944490290377,0
0.3840562909198079,0.07967191541008523,0.6850580898565455,0.22534442957622736,1.000427403194129,-0.004043612030264659,0.6566079403885416,0.900747063646525,0.7865602819374811,0.17344367108758962,0
0.8570805108826297,0.7181872218593555,0.5266168283836258,0.060632658682668455,0.595099359931549,-0.007246710895249163,0.8785681758176415,0.9736568809619742,0.7129997496192663,0.8944893148520008,1
0.7001745082879951,-0.05316257299602235,0.7559808734896052,0.45919439667089434,0.6519377861946323,0.46599689236497277,0.07844657135674299,0.6469378132492141,0.4731004971346795,0.8066826895928277,0
0.5346108150104533,0.811037714940478,0.5244541653756125,0.35970357015355603,0.4456435072661979,0.778289495847183,0.16650881285412394,0.8087221748545482,0.35024677627313294,0.3953331155170459,2
0.06571981112871443,0.17364163380083095,0.3429339731420555,0.697365042429682,0.7997802412602258,0.31442535777071207,0.47766484490106836,0.9012402764463426,0.6355001172198138,0.32157951693333253,3
0.8380382806685506,0.653937250576291,0.4533586999317092,0.05859007611494716,0.4890730502440893,0.017836919288026568,0.7495345751253599,0.9947918723791603,0.7935794756601267,0.844545842063437,1
0.002684789383705417,0.10545580559476259,0.6304557250228163,0.2652282949663255,0.03331976098548092,0.2199537979709132,0.5744033346823098,0.2319663608312789,0.6815959398863284,0.7732912937763762,0
0.011551288140746407,0.8147367961432781,0.1695634828874003,0.16623108812528425,0.30790942553253764,0.5573614801275191,0.8785175791442215,0.16864925439240613,0.7961703331506289,0.136389534522172,1
0.6180047421207155,0.8277096086798357,1.0773733943737347,0.7881817263200201,-0.014439946081946542,0.05806192713971424,0.44726195534925794,0.3877914343343122,0.24248007639864835,0.3470666446358182,3
0.8323279933527479,0.10601698349618711,0.4678327531257549,0.5361043535656026,0.14240529667637372,0.028986732947757596,0.18018631540364122,0.822470661718586,0.5206087103747056,0.5222295717905803,2
0.7462270379374273,0.6745888517162844,0.7529024718310916,0.9044959317258341,0.9015976096064853,0.6687305786925501,0.24344460523314781,0.31849840322090456,0.2607187972634125,0.78751229787335,3
0.10848640924651606,0.47271898779105065,0.3113224751837509,0.9655184195420712,0.6099297811141058,0.7903855199042319,0.3479683146073593,0.06897828628676472,0.1620069594038222,0.05206984613944297,1
0.839039926950165,0.15108599179054288,0.6412012688103207,0.08533846633920678,0.5361624440330344,0.382325098164229,0.2056293832884875,0.9373327822958418,0.9261288034936186,0.827756057627549,2
0.6526719782622976,1.0926314825061572,0.873370895268215,1.0454430043048837,-0.15424569764576135,-0.16129647745714937,0.12224572314829826,0.8368736695616983,-0.27092913979016403,0.5772555398934699,3
0.6450493976816288,-0.007661473046886823,0.5908033103058725,0.5417139892054529,0.6238943033299156,0.5839267847976751,0.08831628254443286,0.5879675268827727,0.48272015860014017,0.730980414553337,0
0.6000699217412749,0.7499555646016973,0.39737724636795335,0.11427188386245068,0.5320695778820869,-0.10596063050498004,0.6246358728036943,0.9339528749712799,0.8837996283702322,0.6903915444988844,1
0.13747860400511636,0.20300336845886552,0.328179303440353,0.7005621323798469,0.8444645603289114,0.25226682186366933,0.45442767633952375,0.7816931115743708,0.5924474045306428,0.2681909334217737,3
0.8517042220277168,0.11063064550451057,0.6906005487798726,0.06257488060863975,0.4873503085547508,0.40574676125957726,0.2598592386175517,0.8924691164699443,0.8909580984241426,0.8178464414565594,2
-0.05438596097739194,0.8849784646855765,0.8949179277740943,0.3538873001999991,0.13925936189101035,0.3989523444854445,0.6660711577320144,1.0441851508972846,0.7788236574755295,0.17151787897960696,3
0.7721330960266768,0.507928209061995,0.5497039719669712,0.7245036690188218,0.6248221992660719,0.5992093905472895,0.8027229446768199,0.4613807457429929,0.8249330452763427,0.5742661024720881,0
0.6662257023461198,0.2275691300056848,0.07720596620472583,0.6662422317717859,1.172496529964433,1.1110569460053559,-0.07846088422202623,0.7183852768814594,0.8962647766512507,0.09498054408613778,0
0.18376387448020629,0.23848732446874707,0.8233912925215706,0.171369857777663,0.7347139918219607,0.06542713874792505,0.7752374094353144,0.08823503308697372,0.3019568370025516,0.7372270487156453,0
0.7944794831024682,0.4453107176778719,1.091289671680113,0.11315223850029886,0.7934090486100763,0.4248962914427643,0.7308703812492063,1.1374104720894689,0.5223265817087837,0.5373860227562888,0
0.3285044699138633,0.9018285968992834,0.315120315321565,0.9210171245720173,0.48991173175173885,0.0849221509501225,0.7708961543822223,-0.030581913799309662,0.29800372487836235,0.9706844341962645,0
0.08236926027411355,0.49740173003162735,0.2846918608906374,0.24543387915881326,0.8554819087259783,0.5478269144456481,1.0972493404205446,0.24576965143889437,0.3601403287506625,0.5527103624348312,2
0.670787833889447,0.43101686908693415,0.8851090774922147,0.6570510344585228,0.5532992907580949,0.6941599588981533,0.43505301443481603,0.4430648792854982,0.29346032481845546,0.30018585880849247,3
0.9318463117002977,0.2656679447108908,0.9200811498955719,0.3539001219319274,0.24660563735625432,0.4821962254941815,0.949661537405244,0.5719009488876108,0.386071417429947,0.07301618010220104,0
0.29525619685208737,0.8273558666000436,0.8870295978113018,0.5302733332964904,0.4612719198154547,1.086692444272966,0.12049803316302651,1.1380461331939313,0.13083390333535455,0.3886535055135968,3
0.5161116649436326,0.3640258205586358,0.8194977628844013,0.02611337339540787,1.1082869919823353,0.07504554841784901,0.7638516439339786,1.136441854635386,0.4480059303272664,0.3621333477268197,0
1.0195692451516347,0.1662420395713503,0.2716447226600411,0.8621707222897879,-0.11073755633850274,-0.2969289596665951,0.7629117793496214,1.0882235297777614,0.9357685803140156,0.38348081769376813,2
0.6103770823582174,0.7528702756395138,0.5001167161386805,0.3522498595120493,0.025643431882451648,0.4252754140209531,0.731990956921476,0.1934604179170012,0.3418788359876551,0.6919922397230623,2
0.8729887484390855,0.12732209154846816,0.6777362275194571,0.056121825505813114,0.5538962622887392,0.4277555905478182,0.1929023360484837,0.9469374894036583,0.9179359938825079,0.8530698158009674,2
0.8620533982170333,0.6300386516446775,0.646959885181712,-0.036054883391615736,0.5133699731695768,-0.030696937022284307,0.6641677718139889,0.9368309380941956,0.6943313487524455,0.9310158682038613,1
0.6714928377634628,0.7849123983081525,0.5005855401366428,0.5320402824289264,0.049327738119858314,1.0372351672995754,1.3723245268552038,0.9180074226895004,0.6595259141465123,0.7954613470514866,2
0.9043593855833448,0.345371858891442,0.3257198444544561,1.057246095653219,0.6526055377693494,0.4796977683978708,0.9444042779353683,0.6624921532047556,0.8397551666083595,0.49314334162006274,0
0.7336858078921574,0.2346721688630347,0.43698017674449185,0.4951793509381728,0.1266281615472703,-0.06662149227673525,0.2804739917946041,0.755868120456015,0.6746263840816165,0.7133810443602364,2
0.8659779954243909,0.3865471734164236,0.7569686548131349,0.6257737287657451,0.6780736041432539,0.2241762925792024,0.7085744406974929,0.9945290536894048,0.9604528513117195,0.4738385001454781,0
0.688702920333299,1.155338119277319,1.267935892747209,1.1965630285292708,0.9619142777663628,0.5801369464712083,-0.4448821801453545,0.7709659420342955,-0.19897332636888676,0.3923368332320119,3
0.17077116729969624,0.20907970099360826,0.8271642064914793,0.19582609654665153,0.7603787058159555,0.08378996661104743,0.7672408222543151,0.07668634321645189,0.27884845789896007,0.7598061651516895,0
0.6397265505527505,0.20047210454785713,0.594657965345927,0.8173862042169198,-0.0965816091987246,0.2794066421683921,0.5654603149304765,0.5802917474699856,0.42422861708472814,0.7309808332386711,2
0.1623349345985781,0.6464125996809177,0.07819997050636056,0.2655290104736077,0.08459706104768626,0.4416722969981386,0.6344851652935924,0.1568885453925953,0.9308463917248759,0.014312051554451234,1
0.22604765959932893,0.21665646858987142,0.5871970896995184,0.80146534360074,0.7246169591667445,0.8381627049428546,0.5292718776445381,0.2381615250671275,0.5649796126018388,0.6649304330121584,3
0.29989244732233,0.31392566812662187,0.07045673692633148,0.7170255285635675,0.6772647364830106,0.7870204594549964,0.8663188006480613,0.8391610631350804,0.29668845546140227,0.6015481224153023,2
0.8612619152024156,0.39917418698824275,0.8082578595703507,0.5672826873256622,0.7039329836135818,0.2780701805004267,0.7387067429559836,0.9683845237519401,0.9902838276722756,0.5154694020216841,0
0.46943417670892706,0.6461915754540399,0.8433869251490268,0.8849765317796595,0.18888390404226824,0.16512490181979278,0.2766925907925818,0.6322371771129889,0.09627974448010321,0.22517418617399784,3
0.2649701231375643,0.557091918693419,0.21028539159800191,0.27121332143816457,0.32782356754157216,0.8128831319404933,0.6918984005059552,-0.17923820214369496,1.2491138842754452,-0.029264529103099984,1
1.0554973167856776,0.39016524439326067,0.9918164040205455,0.5458030191117351,0.5388478925391991,0.7038933834102816,0.1996741475559958,0.8011816029696175,1.0758102093143815,0.9546586807931158,1
0.12755134436994142,0.7958593397329201,0.5072497688525035,0.5744962060023546,0.15816342022357655,0.8129152142858121,0.4821873868539457,0.7368819102344998,0.08568851782725596,0.7231122877681406,1
0.13102782367365493,0.6739510326079717,0.3815778354444608,0.4466535362830786,0.07966097981700404,0.8296777027798937,0.586461564182395,0.5925623299796772,0.24572649372315544,0.925300457640349,1
1.023838122563184,0.5052294215955981,0.3275123057877602,0.26224793066219076,0.5810800611046107,0.6830716259742065,0.4626671895431672,0.5489513283530083,0.08521438721310007,-0.11905950357410769,1
0.12382871798313186,0.15231409134422558,0.2991051802018517,0.7127849133066121,0.8131765374370985,0.2222712320889461,0.4011895831224559,0.7655180730724257,0.6828241171422484,0.306243794899381,3
0.23518149235010583,-0.04367888304940806,0.672722517648339,0.699969384205918,0.9009225633720903,0.9967533156298313,0.412979483417133,0.22271618349412844,0.6137401616847895,0.8377880456317498,3
0.20170665373172164,0.7454835571801653,0.3521476528182974,0.47152480040857725,0.5879234664653163,0.8652933673807587,0.5501570947722448,0.08651502785192527,0.9200610944547973,0.15001021845339152,0
0.38528814199912526,0.40330691381741,0.6197872876118409,0.3688488953407353,0.7125238518666193,0.1007533540216512,1.2493253057069071,0.0708490726006476,-0.02330716681657813,0.5211996963131488,2
0.8423927528395599,0.1475610098829166,0.6421071642223217,0.08732496762845456,0.5298587051157845,0.38766617236472967,0.20698716778779813,0.9328372193398878,0.9332278427527615,0.8199757102868365,2
0.5559756827679568,0.252124203571767,0.09048078871664729,0.97814845701706,0.43238597155670583,0.7721491375453537,0.9795580689853243,0.6821689653382478,0.5188768545158963,0.014363947599024048,1
0.39958910238947787,0.11601398682409247,0.5429600209784794,0.6374502000727781,0.09961867408393339,0.5049054491312208,0.4310037940431598,0.514475561850932,0.2907464644542094,0.7477733357170162,3
0.8730344586336705,0.12211611301775835,0.6001473898743983,0.060932451005566685,0.552495463065135,0.4037187977890729,0.19395664451611905,0.9154242253170842,0.9040968814449432,0.8547441171898948,2
0.0164557020715587,0.11055648894901163,0.6371570293345461,0.24502851272345003,0.0430740943049007,0.1992835463389682,0.5814631052325471,0.2338194805714911,0.7012256591983779,0.7661019560969126,0
0.5572561732042387,0.5865032334669166,0.9071777099758678,0.5275846788598966,0.5024477001771899,0.6459862180740371,0.5735005008644535,0.562527276494523,0.20571222242970422,0.44296037663327475,3
0.8654199338400117,0.5708978751797824,0.6981222198913829,0.21304808558333901,0.5998982111520439,0.8810740810435901,0.5268692350761103,0.9782444311248952,0.2451717626477354,0.18275972738049984,1
-0.21493504347822873,1.0987429747121111,0.1632336419019586,0.557340484515354,-0.14080345562580426,0.5000919011589524,0.8705990009843944,-0.23947527655459178,0.6276197364698742,0.47314301821197713,1
0.21251760546726822,0.7873618750507544,0.3192149694521673,0.7118619289635516,0.9662485991014661,0.3203212685842594,0.820029824954007,0.8971749901789304,0.2849641722199644,0.39828619747464616,2
0.3635639114969278,0.8623564666466331,0.43790427005266286,0.879738199043251,0.8162604147273822,0.12151359014076116,0.7898873031104441,1.0441517653680046,0.14701260898701196,0.38137231997047616,2
-0.12454569260567874,0.7660538562574188,0.07822941195791326,1.1187066874401341,0.22422331527238634,0.405865001618423,0.1656423998197461,0.06902782785544134,0.35772057416944497,0.781313721443105,1
0.8365148830865188,0.8357173234589911,0.875972197695571,0.651695746797943,0.6017244206281449,0.8319389966176116,0.12298106683168591,0.7366954322057025,0.6689985349484788,0.4811525228199662,0
0.8955716056021933,0.19457813209602237,1.0085816345876408,0.4501879234405279,0.5612775089977713,0.6354047594947098,0.15790404837896127,0.7585966043550869,0.9310004113728225,0.834073444256646,1
0.7181841994430408,-0.24536540349229652,1.640010427321523,0.9681871383408998,-0.3089829240588903,-0.3284767643015809,0.9141811937840006,0.1335241226457755,-0.03305095723319118,0.5434903036622618,0
-0.34142706141626034,-0.21894486990678602,0.12025136600278735,0.27426909352385453,0.5298307460248645,0.8677979277975406,0.5472144162926542,-0.41162489693176035,1.180393874302532,0.8224792017650019,2
0.7885647133849668,0.32711597066417675,1.1205556643498444,1.1087771549845455,0.014673283649228708,0.44332754645317024,0.819674117072992,0.08547779924170729,-0.23409736846266738,0.6361469673448906,1
0.6402618267702156,0.9859257073748219,0.8565438790277059,0.7079926285254831,0.5253262609159935,0.9554700133787646,0.16317588060352295,0.5980347004633031,0.7280985003527876,0.4862368931788999,0
0.1469774860995805,0.6505815276456606,0.5391450200662794,0.464441120607084,0.7461920095009285,0.9125475284662242,0.33325594065357445,0.05292624262941524,1.1350301774607046,-0.0034286902717401146,0
0.28036675281680734,0.8998055859117104,0.4163490197428979,0.8636838970625023,0.5437916460363925,0.1529473993843418,0.8800127363058481,0.012226201101222273,0.42562078195132197,0.8218485417192168,0
0.1667876245188374,0.21925478049206243,0.8202959408433782,0.1909477813185352,0.7668809190641716,0.07688778164974278,0.7794611492744599,0.07021978044614213,0.2731947621612077,0.7626226349894922,0
0.3185761569987571,0.1427003052457179,0.6438906644764989,0.8535988895939851,0.7735422719152911,0.8596075687709649,0.5422350675292352,0.22141831814545124,0.5222966174629772,0.7257843556100068,3
0.3450810653904587,0.3377586679148764,0.5311276743819275,0.5125356911353632,0.19758743492674016,0.36801462014172714,0.4738685446036971,0.6253914368234083,0.1964022897261222,0.6036985009524481,3
0.43031976190313326,0.19776879143912846,0.7956917898989903,0.27916563502699165,0.9435727424775326,-0.07876773308114313,0.5849950688293811,0.8980753950807471,0.714282193797835,0.22069285903662744,0
0.14259592885076214,0.22577091814831443,0.31555205309271905,0.6936317556347963,0.9082983906117799,0.2510743498347577,0.4169161696740979,0.8417656774397987,0.6133574460575046,0.30736885729247715,3
0.538325853696716,0.7986408569646849,0.5327215080742614,0.3582621407550726,0.4365829675988332,0.7874328888950805,0.1694099066389278,0.809539385223027,0.34827229414448063,0.39382165880826164,2
0.6216247314138936,0.6226083379154961,0.6268633987552661,0.5865637139204389,0.5901308186372095,0.8306416871118301,0.05095659760785459,0.9235241713944317,0.41828488537412745,0.8264624730564409,0
-0.012886900851773155,0.05959864214592753,0.6818227577028744,0.30919142980397285,0.036755248748659805,0.17161905448362036,0.5795629693149441,0.19988647822862649,0.7202685199452087,0.8044803525330907,0
0.82811281497665,0.09616099806354053,0.6344327725362392,0.08363826873946358,0.49889648379234103,0.41255103884378685,0.2348463946062901,0.9676098180934044,0.941169770690704,0.8590689808711206,2
0.4491192537342703,0.032062556753738175,0.933222226606372,0.9051119006305054,0.4659745733497971,0.7811496325769444,0.2264765535723531,0.05698174283159738,0.6575387844478832,0.626591032828561,0
-0.014451714823028192,1.0002622503626897,0.9298335324403726,0.2580004401672749,0.13388804999923792,0.3800601240617061,0.7531920914294857,0.9773550445201284,0.8466435640479069,0.2112758873305023,3
0.537754483411201,0.7957386290909233,0.5311148284285032,0.3543143293364521,0.4378506364318375,0.7883875696796452,0.15132729672841946,0.8169514252741501,0.3560974073804163,0.39173362910274606,2
0.42489522359628273,0.6033784059812396,1.1359974470252066,0.7459051213484712,0.7471620015603633,0.47761885624020084,0.7590434440662398,0.33613918785973684,0.4664287419029821,0.5086845514384545,3
0.6233414122673786,0.3514102817782707,0.4156962476203325,1.0229519055050624,0.8486910319730686,0.660417851378572,0.76740523462479,0.5260213047958523,-0.07967622945913289,0.6105141310520367,0
0.8929934950107268,0.38922278069599753,0.809688161299346,0.5491063540788433,0.7300642161278608,0.2863313055097719,0.7486134460466842,0.9884239976912444,0.9706394168330942,0.540536889105058,0
0.9304438555397359,0.37269647656402727,0.8489327309447888,0.1750059686824802,0.9939610405158332,0.3974686014073184,0.7525684360401457,0.907282999839171,0.6999364927225207,0.577798879636997,0
0.8439401817010055,0.14869920546735074,0.6436320844046647,0.08751342960675151,0.5303776783901893,0.38883627218823297,0.20708038204832657,0.9318001382433955,0.9328069558549352,0.8193479572036275,2
0.04584118594680925,0.5775927615599157,0.2234812029910368,0.9286757356668736,0.03878936120313962,0.3983245835143203,0.2549663978738166,0.20012565484090528,0.475406149213999,0.945150864687906,1
0.903767221659045,0.3106729463669345,0.8369412741072664,0.6523891375243163,0.7651622026579908,0.267990995986869,0.7359846760742478,0.9646842023049924,1.0044867470443963,0.45729221356696603,0
0.3121625964645717,0.8577152662122649,0.3662681269804407,0.7870454868424148,0.8610347625933695,0.2656090796261138,0.8714916591698547,0.9665640077204898,0.2479723078596566,0.38250851715021683,2
1.0553204856515583,0.5374811921133844,0.629656485433474,-0.033018707671056136,0.6048750672083236,0.9796797773236308,0.8284694736720574,0.7427572552355455,0.28287002044628135,-0.17516182342410125,1
0.3393117865678214,1.1511781894054738,0.9079883919873019,0.2691419210229681,-0.032737699229525824,0.36415810137705373,0.675670082689019,0.7422263449398275,1.0090062245015174,0.04430987404841025,3
0.21643368572944338,0.3004966758803461,0.4744536721173008,0.8830705695717307,0.8100891543925643,1.099619984370999,0.20845741025864456,0.8717646452255439,0.18760505848137443,0.07173580722827094,3
0.014599341365492902,0.2792700590080138,0.530203475827865,0.8268160007595746,0.7846327313417678,0.5799364210392379,0.6388466890185257,0.19155876087778748,0.3921341322704751,0.49245741431229734,3
0.23710484871090312,0.3212367810848581,1.0595651267049422,0.5753503695728048,0.29403145644867695,1.1184483060139734,0.376059454126226,0.001269304652367284,0.10161405152755248,0.5276100215471602,3
0.46689923694661795,0.8758938757256609,0.1225722786583876,0.884907573307235,0.6390998345678358,-0.005566441311067705,1.1309045749473845,1.022180331933868,0.4010853878682924,0.5582444173377988,2
0.7957986246741009,0.13915448996891994,0.5722133390666724,0.5963595393007451,-0.05063716503949173,0.11088539060117157,0.2074472631526615,1.107360961854865,0.37780376639425395,0.5696536288337632,2
0.2556004496323654,0.20860970506615573,0.5595580429193777,0.9481098434341315,0.7422276514512327,0.8507777216980453,0.5693532682965228,0.20420450417789776,0.5331013311700293,0.7322637109780123,3
0.2522706738177218,0.8552992168074781,0.44256285878144536,0.9490235557460772,0.547555674207402,0.14103303586358096,0.8788626153821174,0.08680366455744111,0.44174937939072795,0.7749232174957404,0
0.2770896933837717,0.530131442936169,0.3362645758089036,0.9486058701527075,0.5358768440159504,0.9654354667332979,0.2570275588053429,0.5014702539484894,0.6066197928685216,0.4536274120246043,0
0.392114499781009,0.5875216428105018,0.8727217350243524,0.994088266850938,0.7596542494694606,0.4862070406052082,0.3614353639493106,0.23323448151233844,0.06454344448540114,0.13488353572470518,1
0.8833777563892761,0.15558493317211886,0.6013297779923454,0.05428966565656826,0.555819944040574,0.3561262432045752,0.23715830871916474,0.9152873244071695,0.9410581057075177,0.819591178826976,2
0.5455039932114989,0.24789851204533092,0.09270845683891892,1.0171587520475909,0.43960829614050234,0.730780584640519,0.9584949913018957,0.6662711962681568,0.4832343465505393,0.002796036218305058,1
0.15917284729474174,0.2145949419326789,0.2814420980388435,0.7133123947695892,0.8794044679092854,0.287862935866746,0.4763108961141528,0.7910566793948852,0.6622686410725087,0.2903191905659241,3
0.8537298987225975,0.34059571742358236,0.7876766162260177,0.5665090250355798,0.6503896732817114,0.26071715842975435,0.7091790683183568,0.9632330553553076,1.0437519969859148,0.5474387942520929,0
0.5818080008237537,0.2575722583001172,1.1228655100127596,0.9440167858504978,0.5240204244510668,0.5892773203457483,0.41834032346851,-0.09667639892511784,0.81791326012705,0.5757781843315541,0
1.0414944860993123,0.6032052242479755,0.43357674106191574,1.3322801403659874,0.9564281736455005,0.3957077343286376,0.6107648071430446,1.1055584603884951,0.5706321162227015,0.33513992641308565,0
0.397383208336859,-0.09610480408848926,1.0066469426358164,0.8038385077881629,0.2876868886042826,0.6804063874183589,0.06673477356835636,0.31966331338681264,0.7433088363376845,0.8778006349645613,0
0.9371109784550473,0.3840329977158847,0.8491062563690241,0.17888528621737426,0.9955689652192073,0.38879978236791685,0.7576498188988561,0.8966604975681551,0.6990816849950063,0.5827466964671923,0
0.1244223071090881,0.9131966022086903,0.8621002048100685,0.564384247752862,0.4441836931905637,0.9100740540220519,0.19322379320938451,0.9563217652326326,0.009323627995125476,0.2313495176319532,3
0.203225690062353,0.9385603184105514,0.2578498433023574,0.6127884389249294,0.9931422745758285,0.2782109534164222,0.8898569182150302,0.874502206206887,0.252560783091607,0.3204856012092332,2
0.3126877748653651,0.14175616452101802,0.6527617290597472,0.8665096357507814,0.7599461832767933,0.8559640935528862,0.5480376545551895,0.22673971948421207,0.5223477368915289,0.7393483571214822,3
0.6462392601502625,0.3199668754447988,0.17807312803002573,1.1171856187566291,0.6803198177806346,0.3120736723019899,0.9779552112902474,0.37686863001662146,0.9255328310484751,0.15622497530874324,0
0.5438369640291466,0.8105372967284485,0.5306484521519463,0.37576185196522244,0.4393699913242919,0.8022302794837922,0.1491016828894296,0.8044616966569111,0.3469397140660569,0.4042141536425395,2
0.18695538411105653,0.6140019870573643,-0.04898832946520654,0.34946382028429224,0.1154164674878119,0.38718826175578575,0.6625122626475952,0.2586780664371995,1.107597501942172,0.0016240778427851418,1
0.8443880482985896,0.14894954581242908,0.643927293540329,0.08937094040021068,0.527488121841903,0.38993943481785404,0.20826685263579503,0.9324722129616106,0.9339391131367145,0.8211606639296872,2
0.736297865356377,0.3304938449533289,0.6203602804881081,1.2026315148862203,0.37008355829039885,-0.02688442389575299,0.4372045585961182,0.5990680385174609,0.06622874687252081,0.3909781820381927,3
1.016626386251926,0.37314619514185815,0.5953311846025872,1.0359107374924716,0.7027291560741686,0.45258662661294236,1.1297319507842702,0.4420272135211394,0.8085432558571148,0.6085190871027967,0
0.9301991245611161,0.8569784124284336,0.9634944327337974,0.6731677091547039,0.6468509326183877,0.8314474592099408,0.04660712940307386,0.8139143006368629,0.6646272317158951,0.47847375679976134,0
0.47899134947090555,0.5324483113391419,0.24211375017175277,0.6592548855456603,0.7791632465875722,0.935163308882126,0.00137196134335342,0.6715481369970764,0.9763996776500106,0.17079762101402485,0
0.6759622857582269,0.5980075711431685,0.5553025759310621,0.1754636606445701,0.4409308988441927,-0.04772037034048585,0.9055082460297341,1.0848573181214825,0.7628361677547488,0.8679483440591154,1
0.5336980433316246,0.8046451932611121,0.532901780679873,0.36091297058045874,0.4388551782481602,0.7888187928343341,0.16405214260384243,0.8142762799320206,0.3489257738623144,0.3898324317498302,2
0.25583481846843176,0.8618481536030282,0.9958370273249557,0.5205607413683133,1.003921286492778,0.7881637199365081,0.9858191437637633,0.7550080181178783,0.7090018610806192,0.43963908715012556,2
0.8453944804998267,0.809317540245043,0.9181119214975353,0.6936847108836904,0.6683590855914671,0.8442128452223042,0.13296389457447336,0.8269301699081496,0.6374107576959459,0.49956369416635876,0
0.8147692611391992,0.4328867913002632,0.9234324720950148,0.4077736462470355,0.09217287763269798,0.41843077974201204,0.8006088792024447,0.6447840167683929,0.22357753036534989,0.20022566198996952,0
0.10965676566453506,0.3450107235859148,0.5070853742580366,0.2744966179346268,1.0355153513826756,0.6632936127632048,0.21745007764960694,1.072162980841878,0.7242828750094209,0.752092533761801,2
0.20958103088166594,0.901376821340454,0.9477904692662685,0.5014653664216674,0.914417252243222,0.8963327812193883,0.921854495435994,0.537755460265724,0.7515260219591184,0.7942429939158229,2
0.5385999332956833,0.7979331416678639,0.5349674804291307,0.36784044328173565,0.4338176176789526,0.7898563244158444,0.16627688719517755,0.8162642499504521,0.34585558008852163,0.3820309041566099,2
0.6700779496086589,0.4936086658391398,0.8636923179654581,0.3514299086690768,-0.03142402561256327,0.3204268998960547,0.8383264391575984,0.6121682540136458,0.11744709096295125,0.04664608553313446,0
1.0702396691555978,0.5896246477817083,0.9121257556120022,0.3484216742810339,0.5455805519534886,0.8943238208889319,1.2845232454159792,0.2027820356877758,1.0018305809573511,0.7871360765572893,2
0.4278051276412548,0.6882672630217962,0.3929764838982255,0.9787250992349898,1.0705546477241736,0.5090716267169205,0.7362751259106357,1.134876974000377,0.08845360113819734,0.22108542225093458,2
0.5728264214795558,0.1984998856848596,0.8631293973287191,0.47631704012997966,0.32238622584742066,0.28941383515633506,0.9012705430911744,0.5296511888928381,0.8088023108679073,0.9516911378554067,2
0.8174244484245337,0.7689255134011808,0.9012352361637814,0.7160798921420227,0.5470603722809878,0.8071984101024463,0.11250620206236336,0.6947487723505649,0.6091869684864023,0.47989918264099785,0
0.2408179297579633,0.8527605379695761,0.4092921204679219,0.5600717141676727,0.15761491499248229,0.749388750254477,0.5577288906510971,0.8172139015813857,0.06382314834481356,0.7975421835742317,1
0.5324046416100799,0.26362970400503877,0.06986564463799452,0.9714852126522662,0.41614629126097824,0.78221143371961,0.9822707644592142,0.679698127289684,0.5098839343722793,0.01620623205935181,1
0.0011754771354641955,0.08992668017318248,0.6107715602603637,0.2632477439332533,0.00945418484908284,0.21712918378147694,0.5878127526128935,0.2050484509464618,0.6650096692384526,0.7609115343389536,0
0.3046523950272385,0.6892643486824896,0.41693577251328917,0.7024231827044677,1.0265307460123603,0.3240126392836853,1.0127196748917184,0.9767185990420882,0.12558836744034635,0.23825593785837776,2
0.13827089890373992,0.4637428173879831,0.3112648363418268,0.9725514735818811,0.6125554489334275,0.7645254981097661,0.35212810330425326,0.08988629951991761,0.18942106667185948,0.049967579267065354,1
0.24213583344813805,0.6498372070926712,-0.042719345946221426,0.34213804112168533,0.11513595950692274,0.6367123249466872,0.7745426786978258,0.25851251727051516,1.1054326521558937,-0.07593073169253668,1
0.8899320627054476,0.37642474914273616,0.8780229380199526,0.21771553242808353,1.011702138350839,0.5125914323279349,0.6494808147838458,0.9325990845409268,0.6221642756683475,0.6644827276511119,0
1.0953379370784337,0.657590906946867,0.36389705965444846,0.009074732324566098,0.5943944752423824,0.7279153168561778,0.47350149432513433,0.7704891383422025,0.24097764427274906,-0.0026732622484958307,1
0.7137260821455039,0.7159400125902684,0.5820980839814522,1.1492532877118908,0.09539390541047915,-0.03816589839916984,0.4021296019021939,0.5221854060574302,0.17803426715501341,0.2676719349569678,3
0.36577529561480304,0.05499253342199503,0.6716778412212853,0.18695553908127696,0.9731333259379871,-0.019812938981178866,0.6717852881916223,0.8829631864507332,0.7487867687886184,0.1819140284440851,0
0.8930485473984898,0.10425851044921317,0.6355930116066206,0.12120230121311376,0.5229158714757832,0.3774605322987908,0.21936057900982664,0.9623796509391721,0.918304311816446,0.7977760215599148,2
0.9595287958142106,0.665417172056836,0.5803472940519536,0.21674402784983315,0.4421762817612811,1.1113039914161313,0.38607123876753713,1.1469640988564702,0.4145819812570085,0.1754331715883047,1
0.07977560965188762,0.4497269064798434,0.30447381850220273,0.9947132148286798,0.6044716142440145,0.7866638249609378,0.3917118089841758,0.05776825621893958,0.19608464640392664,0.012474487461684197,1
0.13936502773576515,0.18590358037504034,0.47849834681333325,0.7839264744322153,0.8914414380614084,0.8123609655436146,0.3966759044681383,0.1557282860297137,0.3664900018751013,0.6708239814160433,3
0.40321435495151803,0.9663870790018522,0.4121959234519043,0.8537303446368328,0.8165945872709397,0.14887072686512148,0.9357448093620859,1.0017750401262926,0.2182574946155638,0.339349221582139,2
0.4797119700476305,0.032442449186323476,0.9464709746933251,0.8706409988287074,0.5252609710626874,0.7298677777567221,0.28302670291149173,0.11865592455101269,0.6323009394968919,0.6672951298780662,0
0.13089580190514327,0.8008561768395608,0.8947286728487207,0.18819047764721822,-0.06718851498172848,0.27286017785613575,0.720851123117281,0.8274908900343955,0.7166013133134781,0.0217998042640936,3
-0.09796392018665373,0.85911608436712,1.016505740284083,0.4606252384886329,0.14862837639045828,0.23769352739605987,0.8217036238649664,1.0402679240696964,0.6782750325277643,0.17628881760990717,3
0.11054092743474714,0.2042960447190041,0.2618288654211333,0.7418260861184767,0.8939020298099142,0.2354219231843765,0.45419736444416725,0.8154854375924263,0.663541111442713,0.30724731112136927,3
0.23985437672454205,0.5057726582882747,0.9777831884399799,0.9521512148364499,0.11933244595090062,0.2519295981144628,0.13933648465611095,0.5587990163269816,0.054280730284261586,0.266988663425641,3
0.3423997869295773,1.0358879036847104,0.4971897268877862,0.16230300022709698,0.0757147183456312,0.9740937836967001,0.5209363858978561,0.19612131312782663,0.7373707186918155,0.4389248469086221,1
0.6932523714332645,0.7940595950656445,0.12168356049463379,0.5966650885825346,0.5730388803197096,0.38568272181280283,0.5862120774232462,0.14095735628734396,0.42970600312087415,0.11292458864840949,0
0.13393901916669904,0.6654470009752855,0.3346337427997767,0.4592152379503823,0.5663630324908147,0.8256035366082182,0.5038664731013708,0.0707993893731454,1.0348119977675292,0.1748910201733393,0
0.5776834658217207,0.40898415169620017,0.766030767859334,0.8953270427319358,0.6976071583467831,0.6806323870087745,0.6754150627086567,-0.061148155808182614,0.2642830647914852,0.9564697072899935,3
0.2106461889221954,0.26763136469080673,0.14822429943592716,0.44978659318132685,-0.14329742123560082,0.3032256637220053,0.3485521928803628,0.5178568917938124,0.2356742096571945,0.6659228340609102,1
0.547521519723494,0.5400978844745553,0.9191496112839324,0.5789709701484531,0.5336034794124237,0.6420627251704487,0.5863071424775431,0.5792285107831232,0.14900988371838653,0.46172430237180784,3
0.2039769683979749,0.743551769289865,0.3518827652489176,0.7819869057417991,0.9526544592953818,0.34508949047733717,0.8085905402393676,1.0772368640287153,0.30270520179248805,0.2822969841268648,2
0.8731564600198399,0.3806782496516256,0.7996982461911619,0.5706794608791964,0.7160254035822692,0.2735040920707061,0.7289827775924163,0.9808133017165308,0.9934290163306269,0.5161535747482132,0
0.17494625879294343,0.21383573170307568,0.8296701056066625,0.18934254113651522,0.7557101017830818,0.08388717748494647,0.7631174451685504,0.08717827634945098,0.2851580053814278,0.7682112117362498,0
0.46193017257197355,0.45606577561511985,0.863375342243137,0.8483793142573448,-0.14698003435894685,0.7048556799972714,0.24108797560453843,0.7739551822529107,0.33377932876799316,0.5194106272806692,3
0.2548838926062847,0.12374138097878883,0.5947072107952958,0.8464057449685547,0.8100346346234137,0.8455981301715964,0.5886314862400357,0.1671404503848396,0.5094270540815178,0.7331037699121414,3
0.6880150230126539,0.6827084243200214,0.8366879567624621,0.3979664400577917,0.3561075705308621,0.6867064914964117,-0.06326824367657724,1.078951514517783,0.9355889876802127,0.3928710311345538,0
0.866799965984467,0.33930117711461555,0.8059700919572594,0.5494207208759189,0.6972779161296567,0.3230455564391733,0.7228929232826267,1.0193782244885772,0.9933929648635074,0.5151090475143156,0
-0.027307786677984405,-0.028472939964022753,0.7303779513730677,0.2711217597035225,0.12701306945831187,0.12083277923377622,0.5825058768729603,0.17906336392227973,0.794807524502083,0.779014321347454,0
-0.17923353734144365,1.0438408474939442,0.21551118334851438,1.6742242400293146,0.36481360913253796,0.3780483084930567,-0.3059093837781496,-0.1720704658898844,0.6726086429983419,-0.089128415681787,1
0.8499373522837366,0.8183706779529664,0.8654153677690836,0.6529529963153051,0.6132357134746356,0.8191290464421929,0.1253790879110641,0.764763479644244,0.6690422559128979,0.5092399301521893,0
0.38473863619877247,1.1482113595649954,0.5164292384067908,0.11599097407702286,0.7556149528076673,0.5404616309650301,0.41667788940731554,0.48666101991951477,1.3402515472503387,0.22464165529865882,0
1.0766639835046217,0.6997322306785825,0.26764929140781357,-0.013653775974840965,0.9913810502469541,0.3007795801045166,-0.6518399481112592,0.29146858002936127,0.2948525527729058,1.1834977771677027,1
0.5549511893203546,0.6194567713110355,0.9158647621250576,0.8107032399444909,0.7795951257101028,0.5312076654764627,0.5578374215557456,0.4044328953185805,0.11649554708754904,0.08436521587641835,1
0.16445658760201062,0.3651215921954754,0.4127466078324677,0.14466339679454807,1.0490731849267196,0.2973200130667235,0.9958417759058129,0.4092410896304921,0.23995430384737124,0.5403197696639079,2
0.24237251857392433,0.722681148959565,0.18720366517724313,0.629831503887963,0.5329532995664468,0.7062717184184668,0.4042615209360899,-0.033543798518019766,0.9474523694877628,0.2334056414174859,0
0.12715249307058915,0.8081315903799619,0.903343850634544,0.43779651979022255,0.953533753827971,0.9555196471388914,0.9848765116553547,0.42418228453322293,0.753258082027635,0.7820674118768893,2
-0.023729897273849106,0.09031246442959971,0.6555107940703638,0.24299958880912606,0.007729018162543819,0.19278618983556017,0.5732553514210139,0.2408789388741756,0.6622850719962103,0.7790568157937607,0
0.18653305642322854,0.21550666869296736,0.838871243588478,0.17717426013899493,0.7313810233398532,0.09012327289269467,0.749849745753945,0.0817439495932302,0.2647973551900106,0.7927684270809584,0
0.536062550097208,0.800716161240937,0.5341729898358256,0.35917950844225355,0.4430522949171552,0.7918881484587866,0.1627113522755639,0.8146116497251972,0.35345413399358694,0.391505708197811,2
0.9815544699682166,0.5372065928610519,0.7788170418874587,0.5380808144796592,0.7343500510220187,0.6633653662758348,0.13806324231084538,0.9330887415823315,0.7333471582010911,1.0763981686088873,1
0.7536808150634298,0.21431239060697724,0.5280218865775608,0.42274479221687766,0.2508324668479616,0.19086053003018555,0.26668681623848106,0.895734385058043,0.5841934989504789,0.7421093300211934,2
0.24408564543784061,0.908864666428854,0.42154080407138433,0.9063772443041035,0.5544341331962146,0.19651099137558717,0.9104791837898375,0.07152357902047089,0.4556927994156533,0.805907851817674,0
0.9799888295564972,0.6676141507534398,0.4875896008455172,0.12524912078819586,0.3915726939671128,0.7987854686383544,0.650067656118482,0.5653464418643561,0.23552214868888133,0.040221364915537905,1
0.48180836078798633,0.04790016108086969,0.8946224909665741,0.7976860659489323,0.45996637802971907,0.8531020247827715,0.24702350409192467,0.019646953024049216,0.6871145120145599,0.6970717926281175,0
0.5243224232386431,0.5940410167778352,0.7994125009245971,0.9614076612770605,0.283301682491069,0.2185373071689346,0.3765992134059671,0.6663162716636185,0.16767042505842805,0.09861621183137115,3
0.13343674281317958,0.15771836701474495,0.2923106188864618,0.7551015759068126,0.8672344177504254,0.24966879075311937,0.467830146777192,0.829777662511964,0.6605199057500746,0.3008196180241438,3
0.11374105526540923,1.0689526209617295,0.8176416694043909,0.31675210365366924,-0.07591584111575989,0.18461047559396143,1.0027981658226686,1.153066116341653,0.7837903424208187,0.07172524832960613,3
0.4576585564414695,0.5604443116148884,0.2197952451867138,0.6339471353552323,0.7866777175584092,0.9180192539638223,0.018574517038891347,0.6484823127309924,0.9827655625734675,0.18078900497333877,0
1.2184513063569802,0.8278459559619908,0.4429255973865237,0.0930870653250837,0.8012754672827287,-0.13163537006118067,0.7318270158170767,1.1369962795309634,0.5305526146463341,0.472609982556243,1
0.8276755047214521,0.6675557045096343,0.41780783981607134,-0.010036548781764978,0.42686779010403125,0.0011704134277033436,0.815392794080992,1.0789254748603505,0.7991043210117402,0.7904747996076379,1
1.0546663038254267,0.7384502612737339,1.1480636648353582,0.05607513637003164,1.2297165602424336,1.1848149773323993,-0.4804326584880738,0.0823346583352893,0.23986265783057228,1.0773780836080467,0
0.3701328127012873,0.13827953719651848,0.8621506143150536,0.679752402874671,0.3250924190116473,0.7276621160198522,0.16457869313122836,-0.022482864788580664,0.4116986894854224,0.6221942750612544,0
0.8296651474471415,0.5783064069147685,0.9775536724178667,0.5744334562592511,0.45422991969332116,0.8060745920949837,0.8129020434336489,0.35466511569016884,-0.11347494213450332,0.7231086573344605,3
0.7933552435564756,0.43650364272318837,0.8002099482931734,0.4932808017529605,0.6533752210782974,0.26336356158453855,0.7458628842767581,0.9424872482506946,1.0133814172182383,0.5331813893568281,0
0.3266744963384017,0.7169616586048879,0.14975621938670236,0.9833498597791043,0.7658723516349641,0.30532629280545764,0.815370186174276,0.9208367637451801,0.060855670315989346,0.2533696190139594,2
0.3219334036537532,0.08920926382961536,0.7146564858589087,0.9596784351093499,0.6655884481268611,0.9252892984299002,0.5023825966798809,0.31592362704121796,0.502392143373579,0.6501619123758886,3
-0.01000083247112178,0.11346884681438507,0.6234468217851608,0.2655465652936935,0.02729156525665177,0.2151284460496995,0.5846225020522029,0.21927950359324727,0.679876608536636,0.7714603494119635,0
0.3036729223048487,0.9026867437686132,0.33993579793093626,0.7775813920525604,0.8990035207024657,0.3058714492132166,0.8799268744230077,0.9376783948871268,0.3267598981555207,0.4150832715531766,2
0.9333367897456258,0.3818707418000899,0.8483152278352961,0.1805176385540142,0.9937268817040793,0.3859259882868242,0.7589228670699366,0.8946414772022667,0.697265931448189,0.5873168351855733,0
0.04606532666739631,0.8925671986519617,-0.03153637495864936,0.33174373581385125,-0.011124598560215831,0.5177192557283757,0.8729101236994752,0.40632555108197227,0.9608925363411368,0.27492496488498785,1
-0.5718423119526358,0.8585938391932689,1.306916482490169,1.4208061056432482,0.6900282801102187,1.434152778523645,-0.12893476587831376,1.0617346207230713,-0.3565967949802108,0.5730713690054592,2
0.493940701149948,0.9862666460740488,0.3689642913522112,1.1078064846115019,0.6803868418164652,0.0366797819982802,1.0402919422006471,-0.12782237793291626,0.3253779933508683,0.5472717415235999,0
0.5260228439698942,0.0745621382198699,0.3401926009506611,0.370803207112312,0.335891428884696,0.6082993075897405,0.4851817495949444,1.0120398293329655,0.35816711999734324,0.0219830768250614,3
0.3860991595999402,-0.2095996502381116,0.6454029523861998,0.25413433714753886,1.3005153898062682,0.1781828070037757,0.4696218491340528,1.0538402732953829,0.43895571527349936,-0.1062212726602344,0
-0.04034490793638955,0.6412301634200658,0.42394621590283804,0.30278386075376607,1.0229115164948483,0.2774078091044979,1.0406708763058194,0.2856640779266152,0.37443902305085597,0.5461304177784019,2
0.21388133911884394,0.08662884247008246,0.7415529686825875,0.8756626393052033,0.7884746507254596,0.7685273618078365,0.4426967588559214,0.19649790045833251,0.41542506121475015,0.6312506759315377,3
0.3966000973211201,0.11308392136332343,0.9895060306533138,0.7843839913284172,0.3932801820683118,0.7860225526470904,0.17050628416886712,0.03915678352472099,0.5426253870924057,0.5548939908177182,0
0.5659841048417065,0.5681898771245268,0.7880502690330817,1.1415775746245977,-0.018975669677451457,0.3753966280285576,0.4606966597799179,0.7349653052260872,0.3673641110354376,0.2662873037125148,3
0.30578320311911683,0.11151946417102926,0.6359266023801073,0.650328845300601,0.0067426372870125345,0.5896530582332306,0.45845272617719035,0.4594865113871449,0.2711778462636819,0.6949616980594285,3
0.3661013420681321,0.2298439344428373,0.29127955925658244,0.17556145800283038,0.26496353987736615,0.6035632694534868,0.5496241580290623,0.08594955395904644,0.7757903612197022,0.6500248592883481,0
0.34140530998792756,0.10390097978609722,0.6266443240156188,0.8978605654094207,0.7543231474581202,0.8866528077866553,0.5470089149301846,0.25194343655543217,0.48645669686019005,0.7421331535945105,3
0.1581958380651749,0.7781080687402552,0.4934317444837789,0.5667067423497767,0.14701545634970387,0.8418252331500621,0.5080042168724093,0.7080055876556163,0.0950419974860102,0.7344185790453003,1
-0.19657425211661544,0.12758189350540738,-0.37481640689311196,0.3553793910128111,-0.15785239101735835,0.8977140130224397,0.571177707322881,-0.03577301136296812,0.6529011582941175,-0.3711169783033398,1
0.23168810323300537,0.9043550375480035,0.4195308838333255,0.9066762876616882,0.5529722462277239,0.187981174420074,0.9002587923684423,0.051309198903439296,0.43859560872026226,0.808306437488038,0
0.5030690447742844,0.7113487404859083,0.7955983341668064,0.9462288157057619,0.6641963067165281,0.47078974305395804,0.461931344461584,0.32849905892075926,0.1995760136011823,0.07507012976634275,1
0.8039784549288549,1.4782871832505515,-0.3719777143216182,0.4203036871715729,1.2059378471768707,0.4762630647959739,0.9700515010990338,-0.19190073989181305,0.2780850152506824,0.6678413132085725,0
0.6848090357318408,0.4989171974661927,0.8638906447038995,0.39569562813046905,0.3826327868504345,0.4071666447703732,0.7899963217681295,0.5915604749550798,-0.007271679837954681,0.6528265624898415,3
-0.024324660308327455,0.13058882380009187,0.6246703193296582,0.2382128277319966,0.03579393438219504,0.20814897703175017,0.5887365110236864,0.2188262797264939,0.6586856959542412,0.7954543945738596,0
0.8748700781087817,0.8106218371073387,0.8326203894503021,0.6425635558081799,0.5371345553885701,0.7524823383370811,0.18195545398626145,0.8179502644842531,0.7263268273058154,0.4560169479485887,0
0.04610455281522893,0.7042915415721677,0.5963340349293393,0.6396143655989321,0.1527066234196076,0.7475907575650229,0.43727364598711127,0.7694386892676942,0.05500644043672469,0.6364010264579115,1
0.4670715191434281,0.0053805373230044395,0.3361237568900201,0.4001933477632385,0.29873249113044753,0.6609305220127681,0.5002751807282413,0.9523194735519547,0.4278264453125089,0.04134262565937453,3
0.25704093356982705,0.2758432940678746,0.3676372781448126,0.8415757806899468,-0.1795640901305964,0.5492227394997247,0.178425774405786,0.14105423438006714,0.10925684923893786,0.6369798002629972,1
0.013746696503554348,0.10984074760987765,0.6112987762898402,0.2681273015967307,0.0506827539214129,0.21731314896583495,0.5779573367300113,0.24007828584795532,0.6688365585430789,0.7647789095027709,0
0.03690797569638912,0.5825889830735159,-0.2028498307137246,0.2838816790844468,0.1785064356523851,0.669304018187767,0.48740587443370403,-0.10445121493496229,0.7578546721651942,-0.1855441586959967,1
0.7367628520718862,0.4721105943115932,0.9289400852855891,0.37293271112423126,-0.04055988210847955,0.3718341570214749,0.7286665121113594,0.6950911470990545,0.29477489366008497,0.0879485370220984,0
0.10638044923675301,0.6454398741078795,0.4011374038451177,0.4117689421119463,0.45534561269545454,0.9398211027978965,0.56797881829646,-0.03420529247159233,0.999451890531092,0.19602721996904532,0
-0.002876291567033005,0.09752060325998906,0.6205126585080765,0.26651714224236217,0.033382907982569945,0.2210512605345546,0.585280532989973,0.2335425301958629,0.6739863089585593,0.7781203913333936,0
0.8376311491110411,0.32219535692640916,0.9419983506655047,0.4865468102804829,0.4835941158184824,0.6166553563937025,0.29480294120043443,0.7224911419377945,0.8455609413988111,0.9012274060499671,1
0.7569254998791591,1.244235346195206,0.3010515973971919,-0.7304615039551976,0.48621757857570996,1.343995373436005,1.4321084840716014,0.4566972830360004,0.012478163522359087,0.9760243342644166,1
0.1756876754563675,0.7687003268151322,0.49475486909337973,0.5490935162719147,0.16464132154317174,0.8267308791967424,0.5080391603521024,0.6941848339737141,0.09024001848770401,0.7622353552367239,1
-0.038602810923245516,0.06317804699467928,0.5696164805685625,0.2498656779015669,0.019975665804921064,0.2501223255095145,0.5334196698408402,0.2642628413211327,0.6694389834982796,0.8324647559924638,0
0.6395516288557961,1.0024813285559167,0.9474506750811602,0.7864259749490629,0.8348246532963681,0.4697568784022703,0.24229614614968398,0.2851878759247398,-0.1442134620752376,-0.1636104588333824,1
0.23412878421827524,0.614892024954307,0.40685736563867353,0.5815453920543558,0.006239220567804543,0.7335640344778662,0.6415861903765974,0.804853414464561,0.14234564207299943,0.7134667077676273,1
0.47152871078477787,0.540894628521948,0.22638453572378053,0.6477495540871747,0.7894766349726987,0.9267221089572603,0.023881673125097466,0.6595023338471773,0.9828089996141577,0.1634433463862609,0
0.5316104461522446,0.6808522560619888,0.8486825737988418,0.9136970371978912,0.059870156833554206,0.1773093753112237,0.1680679926051976,0.5485187316166522,0.034749456082012936,0.2584571809027288,3
0.271543628408542,0.22036944271673642,0.8045598995173384,1.0216054316784184,0.7948356676583537,0.9303136077593285,0.6095368935490532,0.21948505400889745,0.6498750067280129,0.8111284018221283,3
0.49334613730399357,-0.19294633444432505,1.306611924388173,0.15677659059792998,-0.08806949882120263,0.40995928865374254,0.44830102482754364,0.4117076636719402,0.4849801264073727,0.4370413680116953,0
0.9817918422474312,0.34606506803467346,0.42384064590337345,1.0049461115167722,0.6801590124635747,0.5314562521327257,0.9944390287652721,0.591323534555233,0.9067379625044654,0.4476100796621081,0
0.5803468489642334,0.5652524352778735,0.9122421239693518,0.5060673921127545,0.5311611378974387,0.5681988130197797,0.4984063969407946,0.567223471399428,0.17284242738680733,0.41037181545276746,3
0.5492106822756239,0.2675865048379787,0.07745223991537126,0.9778183199074555,0.41926133059830156,0.7812856875971533,0.9845451774750538,0.6659036327076931,0.516196852099812,0.017500652562788214,1
0.5612537305290111,0.13177122306557748,0.967488980995486,0.8694231597562722,0.39649340625397295,0.6527405423476565,0.15663487695874248,0.10260104732304082,0.5544577018609078,0.5589388231249435,0
0.008583540362721936,0.8699473675035102,1.1923604838627198,0.3997139485567259,0.5385032043493507,1.0285463793701006,0.6064737194235916,0.3262907422348688,0.6404378467950231,1.0330244154201764,2
-0.0011698420963086016,0.10126860898813801,0.6211125155552525,0.27407585814214447,0.033456217592264526,0.21262624964071536,0.569870847777902,0.22491956435301994,0.676547164220694,0.7638898069689278,0
-0.3376420418283965,0.381126116330635,1.6620007993690908,-0.05426688808625557,0.8799725152249768,1.3705959474653167,0.5073873487759712,1.189706127520459,1.200376668451796,0.9412859362404661,2
1.003248611233896,0.4172694387868208,0.958653210582256,0.13173714903926076,1.0775258202911964,0.41052347489796986,0.6738036646560362,0.7794946869234552,0.6804163573700589,0.5560391701091609,0
0.5076689476153914,0.5218793466349355,0.7972670294336188,1.0222038972300849,0.1907931406954358,0.3271387060353875,0.38308486268111036,0.7591314600993532,0.22835516477863974,0.18179907654277894,3
0.14495925475790367,0.4846002402555746,0.30773151749907895,0.9418980616060035,0.6164678020440503,0.7940820819284895,0.3357739641685158,0.07462177876652437,0.17651000466973277,0.07850549395241188,1
0.9323640657892074,0.3907994719360436,0.8386536875277144,0.18256703742654,0.9991125341073535,0.3854163959522832,0.7669993456666864,0.8979792807737882,0.703587915912934,0.5873767597059778,0
-0.11550738432407648,0.050054550499479156,0.7168643113917524,0.3878296359293052,1.112422185544756,1.1139737936900134,-0.2300079446666038,0.7576787518295707,0.571921355914897,-0.18861407225701815,1
1.1078208481975305,0.4874451996660422,1.2019877618065062,0.3774610936800966,0.6623657587583723,0.5663271433783966,0.4677551379321073,-0.1400828758406908,0.5190749291682865,0.9723473805184022,2
0.14551558365971148,0.6287211934297359,0.0369672480406055,0.288352884834823,0.08486291735975111,0.4677914445429443,0.7492945382162611,0.15148461521703604,0.9903717888705027,0.06464721972409444,1
0.18847512797317106,0.7961766277222007,0.5133637114849099,0.8427562222291594,0.7707518195946372,0.1533544160824139,0.9768639883785363,0.9502645261292397,0.1759767341441173,0.4543855556604383,2
0.9651403257608604,-0.2974230930389264,0.5309172969546332,0.31960608169625526,0.6950704040988549,0.6894510401200022,0.412892577736716,0.719272759867655,0.37911392312486836,0.5571418191490316,0
0.8253179699431652,0.36287656380268224,0.9059698853106198,0.544418890482125,0.6416731517241989,0.7338992565513189,0.2211250824833967,0.7320973577975639,0.8357756331459897,0.9053057383682214,1
0.5431909425331258,0.8117328073649418,0.5400171111885737,0.3557201233273781,0.4438868049090167,0.7919292151389098,0.1599768282289483,0.8166520007475725,0.3560731156146865,0.396002564423635,2
0.13921403637544338,0.5586397074836336,0.014736342340164146,0.2650695794438954,0.12699953608069509,0.5210352683074949,0.6605013662726796,0.12037440306535613,0.9488178465657431,0.06211117533875856,1
0.02398990028235279,0.9571257299779531,0.3188244262932638,0.5855450738308822,0.2936405850936825,0.9536031787457023,0.9651738803941201,0.48015428843187724,0.8724567137067545,0.3643615024377769,1
0.33686353530814733,0.21230801360685025,0.5815705110259071,0.6834244219680657,0.11505486533650712,0.5402466416044224,0.3436621240738049,0.5152090340078429,0.22423052713655237,0.7644670251001097,3
0.29270149020255487,0.13609014478528206,0.6324706102525487,0.8727471649471461,0.7835143082466073,0.8664272767902975,0.5565416519088501,0.24315945020455826,0.5393375011494513,0.75636010556455,3
0.5374932135970547,0.8065731304306623,0.529590301159641,0.3581907165578665,0.44040842518244877,0.7912861705657545,0.1679682108559874,0.8157592037383111,0.3477132209335131,0.3855264505387798,2
0.047631189751218606,1.1729200529228727,0.19136444997606317,0.5801786511041737,0.36388294011514327,0.1394528812391996,0.726177848515068,0.10376399826059851,0.4868623932186043,0.6038252802160783,0
0.8450462724030189,0.349895345186877,0.8211597876780197,0.5851774955198954,0.6817952503074485,0.2946353991238203,0.7437510753567306,1.0233986868206446,0.9561316711153186,0.47139609808452565,0
0.19470772214675966,0.016536537168643492,0.711727811825788,0.9187682087665426,0.6706038512247408,0.814684284660059,0.4554495162312594,0.13673404744961257,0.5391220479849904,0.842425639507432,3
0.16753959763813117,1.0426868665235542,0.4036691115156053,0.983471828889618,0.5652715353318103,0.1788111801444986,0.8389100449317536,-0.02820108487843473,0.5172910802526479,0.8151062133848543,0
0.3757176406597133,0.3265420421103836,0.04962275615326828,0.2972355201587808,0.2735391426631175,0.882298553365557,0.40936913071596304,0.260412723465241,1.1791358506694685,0.5157765009604325,0
0.129495189397734,0.19053248964981148,0.28822821096371637,0.7282227465662912,0.8733347270219942,0.2573867174173973,0.44092320101041066,0.8238352483825332,0.6441394555738996,0.2847940423110439,3
0.7509121353215701,0.6675720036425731,0.2752448288878152,0.09717948783574104,0.28550810338919896,0.10175987740817316,0.302554742283109,0.8669247992453093,0.5048065711404535,0.25454611774865576,2
0.902989753698642,0.4162503627674604,0.8329797279928556,0.5458144841539685,0.7108972240264819,0.27711251450206364,0.7417904557828314,1.003619336674659,0.974594893254646,0.5509154793073984,0
0.7912237851598032,1.4112815929708027,0.5615806375533681,0.3617410471809667,-0.2912208691411215,0.14904486268748635,0.8817589452131012,-0.2013542569626724,1.4284778251453556,0.2674221294259457,2
0.1115735236720327,0.44811273800239854,0.33369753113476974,0.9440366628483353,0.5711594270616869,0.7935809762706113,0.37350687877946753,0.08245076942276282,0.16770572696290353,0.07895274603719375,1
0.3956003552015702,0.2922546078975335,0.0038878547341057237,-0.13374136530370234,0.12498001849890986,0.5273808102138531,0.7049124078624422,0.16656846850947665,1.0318528680059138,0.24414695013865972,1
0.6223213455732542,0.5632791707846098,0.8855788763820298,0.5560200096040361,0.4878226328341731,0.6432780721505231,0.5211418435342478,0.598987638615749,0.2510847940884624,0.4771962175197194,3
0.5620817524161331,0.23677913923154045,0.06315226114794321,0.9737808767499143,0.39836368396209415,0.7489925563306963,0.9324422349437349,0.721646290841773,0.5626898742613924,-0.037691111887637456,1
0.9185656891461766,0.25388482377053645,0.9459245561276277,0.43007723665929826,0.5294191781569135,0.6693569485505655,0.19842840766111444,0.681382105146081,0.8414408548678259,0.8404030235823896,1
0.12787294979882427,0.584772499049331,0.06741026415392792,0.2960796328529992,0.036039316804668375,0.46790801246979696,0.7073465072581948,0.1910981622024885,1.0062817958860713,0.04335426655841782,1
-0.13335753356648827,0.9944498999247986,0.9481692319482768,0.8232767038140247,1.6204314194047822,1.1179035426972745,-0.4370730640605378,0.6980906347970481,0.1581121323632086,0.1495778602519584,1
0.3420549484920558,0.17514628143046196,0.6674809970313065,0.8336287855784229,0.7440641587014176,0.8338699276607189,0.5728015191916116,0.2606459306694718,0.48358486344495416,0.7595405565630652,3
0.4859234748258411,0.19706573585642875,0.23736941355838587,0.10804594315396882,0.22874524795579895,0.5884331136553453,0.6891677247466603,0.15148133736493086,0.7789245989697273,0.8812610944947221,0
0.10444509755325104,0.8544255384371463,0.8189732067611657,0.8104878902587148,0.533604519333025,0.7790442427814486,0.1623519437517168,0.83225723847922,0.5842175447861231,0.6115251334650522,3
1.0551582272404643,0.4550555862083746,0.701889269677439,0.16473494962258667,0.8031617630994731,0.15967175528063177,0.6702946271053267,1.1567953527800192,0.6743415509577952,0.5585281962839945,1
1.4084318177528519,1.173816600982763,1.3509195420953377,0.3769513643685339,1.1126733356094798,1.0919879067379263,0.5694632847269893,0.40746503506501264,0.288758996538931,-0.16824214192862774,1
0.47479945759263065,0.0857042911425105,0.9893809048179035,0.9099986208902927,0.44180697147850184,0.80430773918773,0.2720463171846225,0.12218313867475965,0.6250657133036432,0.6120327083061584,0
0.8412043741173435,0.14252248119212949,0.6400020496000152,0.08257980460241438,0.5262912447015701,0.38295833376004074,0.21333774591049093,0.9253909562998653,0.9381584229953486,0.8197657986275623,2
0.5759687669325725,1.4649567325579267,-0.6753868651547537,0.5785956437923055,1.3472294156692266,0.981495928791613,1.0099567575240602,1.6242327448050893,0.9516763965174472,1.1354150384942197,2
0.950445709225739,1.3256787030627646,1.389524100691575,0.9407254880209098,0.27197511068043295,0.5170445338075205,0.6667579584193464,-0.08490869489223407,-0.3054163560435842,0.7539061381497757,1
0.3503800054778944,0.05949255640096231,0.6690286021690528,0.22980239036156594,0.9664958336517863,0.009034304414370066,0.6167175575630643,0.8529950956499103,0.7955402793540094,0.13968785130454037,0
0.19135339836102572,0.5990732315123812,0.07059557790831086,0.20337108294728484,0.14731852957815816,0.5588022349287936,0.7556784224545902,0.10728904216788697,0.9804707176575138,-0.023006889881739725,1
0.6437670460053974,0.5142993895362015,0.5468443358610953,0.18864960530603833,0.13647711893525125,0.4542197846475471,0.8921067971824878,0.3278956848928962,0.831319226643203,0.9677507833753373,2
0.9085646461365275,0.7666571029595649,0.8175592716945252,0.5448760833274661,0.4480370315669898,0.8054092583176802,0.3763970593528162,0.6026787928852493,0.1572283538131323,0.8880361228541503,2
0.8376105943239056,0.6217670673901948,0.44753012190151326,-0.01087908078509564,0.39075844568527085,0.9054134294046555,0.9014423332638286,0.6069684942238742,0.30606144431803495,0.2249725354666199,1
-0.5145575974577538,0.3003993214737508,0.1861022377208191,0.985622128759897,-0.2231992811387386,0.4093460672134281,0.5342428888261863,0.7167250134236758,0.5623877441876409,0.9769897517845556,1
0.7864408861962229,0.8989924283816325,0.1146828098593866,0.7536009354544776,0.6259432198615871,0.27072483953636717,0.7434156995501424,0.13198560253958208,0.41492959261878143,-0.0505698455075071,0
0.47716757748887945,0.05142023268346143,0.9501536576844363,0.8678333589276368,0.4568612855464051,0.7660740746510135,0.2473179273976848,0.09857943678767332,0.6096195836828819,0.621270040883651,0
0.8274142351002848,0.5866681911539763,0.5359190765375271,0.0018170927352783514,0.5688793413117047,0.04078010277985728,0.7891425462727588,1.0304088908364517,0.7559146572755001,0.7657429609833853,1
0.12677415162623218,0.8942864335825119,0.6196714736077655,0.7080099392281253,0.9068129768746576,0.035895265381446356,0.9835271644666429,0.7370884751800947,0.010433948234770535,0.3154473768920149,2
0.5248755031550285,0.49433033608847293,0.8060951346664701,0.8293506889556292,0.11307313024138232,0.0923117344804128,0.4312515742319305,0.6079419643965537,0.11118282577830424,0.322192944855142,3
0.4664336567179239,0.5485616867175285,0.2170660888338285,0.6404085207678238,0.7797984345031127,0.9152142083122465,0.030818376283012573,0.6489414631456678,0.9836951128208083,0.16318580189848328,0
0.11030046569194789,0.8527683054955602,0.8207604950707396,0.8090065901042843,0.5318326850133454,0.7802351674938955,0.15563746795466735,0.8353091171084291,0.5777669525642386,0.6069859168920805,3
0.1544539058324572,0.08087419403571439,0.5769948590777835,1.2309963736721998,0.9918014792364187,0.9580016530710811,0.5125758058142569,0.04398624605451698,0.6203191423618027,0.8614320726198219,3
0.8695458723557713,0.861976934951679,0.4858312615551419,0.5123835514604621,1.0469621936043882,0.06741191124716545,0.6706764974203012,1.0971492648980186,0.9605596992300123,0.8729971856925713,0
0.7643059486979503,-0.3761299814918324,0.12205328272195912,0.7900405196350258,0.49301182302784485,0.9433957608796065,0.03951828863921991,-0.14447685651189726,1.4282484265336324,0.664776207939346,2
0.22289993708347156,0.17045115188553744,0.8529318786121827,0.14141039464124264,0.7776668868021682,0.036549210816165176,0.7278025802459938,0.03655524873886732,0.29447087301629643,0.7474411164384731,0
0.3719996916835262,0.5455092913605086,0.5744458973135702,1.0277767089077576,0.07730914069902611,-0.1374502710584275,0.4621311773802057,0.7680946544099786,0.2662147267787121,-0.07317217596131748,3
0.6941433693767881,0.5271467002774208,0.6698752480085772,0.18110025184659334,0.5215122802772733,0.9737528782888062,0.4620423560979779,1.0923738215471481,0.18410454336581786,0.05593538182853974,1
0.386254599006202,-0.058620701088165666,0.5793083479053482,0.1750385540626237,0.8972699571917675,0.017804140583711797,0.5417293150871112,0.9595861746165164,0.7206411745305225,0.21751741452491086,0
0.2598622776508862,0.900327379443012,0.4439466559277557,0.9023374308974978,0.5351853648043604,0.1747412721247182,0.9245536035101616,0.11766455967569237,0.38214080049862864,0.8647354316239211,0
0.4689389650171397,0.8190903527712701,1.3686584473592098,0.7607754473587305,0.9797366137281724,0.9060765873617754,0.6005749474330546,0.31217641153921805,0.6131197060992655,0.43648809177976977,3
0.668067093871845,0.33198417521804313,0.7340784493748108,0.4159870321718739,-0.03837659009110325,0.33408472053145655,1.0756524820298445,0.43315168617504074,0.9607494644593096,0.780265535601991,2
0.8248328028975681,0.39805533136467086,0.840577334364889,0.4565912506578965,0.08960576112088826,0.3642593581763568,0.7628206508549285,0.6653601127799836,0.29302518391156546,0.17430091782819965,0
1.0902796114082751,0.5465605617137126,0.824874242981735,-0.004764771307719934,1.1241813448912872,0.4598785695645429,0.5819096302769942,0.7585874765037492,0.5313823676552437,0.5801747537098909,0
0.4922083918077537,-0.007671614845542976,0.9378672011101328,0.8099730658399552,0.6625250402543101,0.8758717876364416,0.1987478911602596,0.21656882451068582,0.5673856108338923,0.48846253901584497,0
0.9484864623730436,0.19294085037547706,0.8306580059933419,0.4380967950907582,1.087702602076427,0.1491912677384498,0.9975446436411985,0.8420009165479051,0.8690317401337171,0.6239308106502899,0
0.849547812310565,0.14868309772739785,0.6312007562203694,0.10389858216251965,0.5293324712953271,0.38758830737145494,0.169873855449685,0.926221457595991,0.958511331295668,0.8250335487651628,2
0.2478711937125076,0.6953266486416451,0.10004529648434296,0.5830865189262207,1.0328416338107798,-0.04912449780421868,1.0211379678540347,-0.41381436398892285,0.49183532730030227,0.6449096687121961,0
0.8609127021243588,0.4472621530414384,0.7897849122287189,0.504682006472803,0.6557811043010097,0.31533951407897065,0.7156780800020683,0.9246875285912756,1.0452239828394927,0.5457126888749273,0
0.12611862474386526,0.4933369102215724,0.4734170575296687,0.2919830116503025,0.3609254640414915,0.9001680694977617,0.20188169849951113,0.3597483161668796,0.9292767247881241,0.8826925857344012,2
0.6223623628754025,0.6973282472155764,1.190037110397928,0.8755277093317799,0.4754493012531408,0.8072167382632711,-0.18892409826968826,0.8015371654928383,0.5481551563887975,0.7726628097872157,0
1.1724902802157295,0.36100816128936164,0.6698685182133113,0.32026378497449326,0.8623392570363595,0.6131677713695541,0.8385939823878957,0.9574127630416173,0.8089589381139258,0.5884324431774276,0
0.8255796751196167,0.12878075175373455,0.6534046693460132,0.07965889729539617,0.5360398017021134,0.39131382252127334,0.19081419127306806,0.9378022076569105,0.9525245863445422,0.8167004470701779,2
0.666475909277541,0.42792255370961374,1.065910840712749,0.7046098447319719,0.6078071949150069,0.7417808159533883,0.4980240890876571,0.6486758484237705,0.11045935272571222,0.32032315666715144,3
0.7146629140611673,0.4032419411757848,0.800134214879757,0.11126613439502664,0.4499387119842729,0.9062556207070829,0.5650753811131098,0.9417744278965744,0.2619460388866398,0.18468692984589063,1
1.1813670461056123,0.30190788429450743,0.2515650903274035,1.1872614574631146,0.7970873178287962,0.7432290384805402,0.896163915503781,0.6512094628500669,1.2250114254348201,0.3760185745710742,0
1.0044903542142516,0.5916815869752063,0.8579068231382262,0.3122422144668185,0.5899216636793252,0.46528864974371503,0.48298125816265525,0.5011985703106542,0.4015726940991056,0.554804096901721,2
0.8993372486636,0.2909251651537685,0.7647030939911018,0.2057326224422807,1.0333710768394722,0.31456305327427975,0.7635092024527889,0.9808547994616814,0.6555937956890011,0.5044467853850731,0
0.8583303847769055,0.13149633575403089,0.628377140874085,0.10251379275235425,0.5134306982462555,0.3996102580922986,0.23040644825399526,0.9278620077319469,0.9217049184069823,0.8095215118389805,2
-0.07433306197183165,0.8551457745278096,0.7952983633960997,0.27014587165927584,0.02046272258816454,0.5005915902579263,0.8405924689641784,1.1313308716372448,0.7420835200897569,0.2865038448615631,3
0.5352470737708978,0.8078172253569462,0.5400160852488914,0.3649419615322229,0.43987050182717385,0.7888720691530579,0.15517104942089657,0.8157962187628799,0.3442322885301127,0.38062907346122793,2
0.1329898933593855,0.25494495893303715,0.8328605387511229,0.2201834516770576,0.7916033850677862,0.07281807860060312,0.7307341017316855,0.06088427376932262,0.3112155773921185,0.732629129695094,0
1.159265149637438,0.3068022870298708,0.08880289050111256,0.40923521294012744,0.042001635642508195,0.23248505238467287,1.133192295275918,0.44128635055188553,0.04117234837083342,-0.5110812470127196,1
0.31947178704294193,0.07651584273554804,0.6497801757856726,0.658896077800745,0.015217061126010178,0.5106751559853153,0.27146901271446444,0.6056776756545744,0.27522184621183615,0.6302815410014719,3
0.4855657692783953,0.7429484671057196,0.8184808972910289,0.8935109977141051,0.681075181487819,0.4820281899497772,0.4497036172446276,0.3304214626508687,0.23631113529665237,0.09508717074858716,1
0.8216877479438749,0.7920069351163235,0.8468841610397496,0.6637092466158255,0.6537496249740843,0.7968471039414227,0.08201534355318513,0.7064269785600537,0.6347428633443809,0.44844234853734233,0
0.6329820237637238,0.5919074159832787,0.8229173730196634,0.6474521263563582,0.1452802556822036,0.24712628620540805,0.7639660131753293,0.6079145587966921,0.0850467386235822,-0.09386726416996777,0
0.40628462591117787,0.7700735028606722,0.1634587615013412,0.4597399830951608,0.29535567916938676,-0.39996325754595363,0.9113262785658213,0.23662968169427187,0.6773397515214126,1.3065028377823695,0
0.5898651625743974,0.7372087027787284,0.11089455853917089,0.6106349436730971,0.5549183860592161,0.47802274599678685,0.587629904827333,0.14409150934657616,0.4283918118041757,0.013921501621087283,0
0.3120366775651799,0.16452325968422907,0.41745892391407,0.14413390092837114,0.4121367260322479,0.6686456226610407,0.6330197977110875,0.01831737272603636,0.7290931849123219,0.7495396661854017,0
0.46743189952455644,0.024000362724687935,1.1065020636729024,1.0015137479819562,0.3748330458149754,0.7968670429028183,0.2735654347347656,-0.024346353703978044,0.7240717182016914,0.5470712097895865,0
0.11257004435700212,0.8537415716511164,0.8213868349677176,0.8131179007418189,0.5326445792505574,0.777823655127154,0.15816397717022743,0.8348750886797077,0.5771631532611337,0.6074576135493325,3
0.28685091914659067,0.5780739443374648,1.1153778668576195,1.024799103634159,0.450417644218805,-0.00037985573329724076,0.2605053189390408,0.6716076686179814,0.337208603294487,0.37266197216922536,3
0.09149030969145044,-0.07339370783377477,0.717199690121316,0.7690188430294108,0.3969298986543325,0.7770394407610538,0.4409809737447743,0.05178387757878869,0.4635793332372592,0.5279642291722942,3
0.03365422820576096,0.9043502928751176,0.8992205713645897,0.3480144208820255,0.0793821853161211,0.3472513023792919,0.8036545880313922,0.9756724301229202,0.7457809080884047,0.14299922625060463,3
0.8023567407871297,0.125806436434454,0.48192045376359693,0.5533312921227762,0.16517695251858872,0.1590219230359002,0.2886152713154902,0.8814740494022894,0.5079719295315522,0.563110940460563,2
0.28411843846849943,1.1346804820016105,0.9380308388198186,0.2991272760621983,0.20724283202482302,0.7394750592339933,0.011853417225289153,0.9817535507013414,-0.16512531415582804,0.4061711233651727,3
0.1671698653227948,0.7513987733639358,0.36843443351644023,0.5316493889556861,0.5782043251764448,0.7965260414686229,0.5418675603942968,0.039226242956504044,0.9697802073288796,0.19567930256750618,0
0.1690437118388352,0.7842955943877542,0.5143452799973066,0.6083854368400081,0.14912543618056126,0.8789943412132215,0.49692122435714353,0.7416815787640304,0.06341515500191956,0.7253914029676707,1
0.5883587907654073,0.20920103204546814,1.2807915080221668,0.860866447894801,0.7763114775066955,0.6015709858691247,0.09511334764942198,1.0162061461279257,-0.6705933239139796,-0.23012496296764906,3
0.7999718734625384,0.12147534250342516,0.6902958259846182,0.11231253427578641,0.5069567664615268,0.44817756110080176,0.21369442367458444,0.9906256474557693,0.9439101522755182,0.7885981317514084,2
0.6149583601849102,0.17826214276259367,1.0692939105076613,1.155119310606948,-0.08775780108829545,-0.22102514094349301,-0.09999643351120452,1.0329140086500628,0.008741907289060477,0.6115295208489971,3
0.4735624927688135,0.6169969995737429,0.8688663230841615,0.9411352395807203,0.20441670669464448,0.1883830055394341,0.28642270821716126,0.5976659866220142,0.15387351178671813,0.18868685347396033,3
0.8693257184195641,0.5920634161450671,0.5333939883343551,0.14744155710026471,0.4418084456648235,0.7470663845982108,0.7140473013443113,0.5217099900522326,0.22991929972890104,-0.008779455088353885,1
0.5247411344450039,0.8095175383399231,0.5376330312576654,0.3579444711800631,0.4452725978561224,0.7919807526266177,0.16087306174321694,0.8223400969235724,0.3490479121369621,0.3874426193112467,2
0.8695347788539657,0.8187618488702956,0.8904628297102388,0.6048264065542269,0.6090581971695698,0.8140966573182454,0.07416280619695398,0.8009288845041417,0.6623720173296102,0.47662654148856,0
0.6221668899857736,0.5348058715185589,0.8994190095716086,0.47801558217788626,0.47908835605518524,0.5838568451338821,0.6460479826950206,0.5454985639528196,0.13922893739805026,0.45444033920526705,3
0.8455114449058597,0.14862574214318153,0.6447998133304618,0.08924033135192339,0.529605898143136,0.3900655799598273,0.2061242100983034,0.932548304239362,0.9319309465150869,0.820803484868924,2
-0.06866592334960497,0.669149158436769,0.12805502479523972,-0.1485737242723457,0.24619259866200538,0.8289275202185711,0.20713489896066384,0.4211983218574201,0.9001020792506353,0.5863671750430076,1
0.376607489275705,0.6388421998336664,0.8588805201045874,0.8565095178902855,0.2925990080648564,0.2451758761725874,0.21024879695429927,0.5800760759137337,0.21011528698173476,0.23339111786868527,3
0.9742415570299657,0.6472918186241564,0.38891675457381925,0.20914167199350023,0.6210077539664209,-0.004030023552622847,0.836702430736118,1.042397089672669,0.8066380481056349,0.6142013624070554,1
0.2278423243306341,0.9031655935104445,0.4161016181127734,0.9028813531835714,0.5235278604781527,0.17081297853045666,0.920194216212571,0.0823239990766462,0.4488113053680395,0.807922581871429,0
-0.007042660932188832,0.8557370089198636,0.8700927445541337,0.36523099359806593,-0.016658903234357397,0.36285264336287193,0.7737037137028522,1.030631945043025,0.6640975409156366,0.14935332256386707,3
0.5453629242396454,0.8217711006558669,0.5370533520424984,0.3553185695181468,0.43332482710270015,0.7718121288609976,0.1643778482601899,0.8263994815756613,0.33775971165043395,0.38815566179818733,2
0.3968840934449299,0.13868027990034604,0.864123011442473,0.7823536751126253,0.541855472165087,0.7818448997233344,0.25738628210721815,0.025336066395331175,0.5247587408973258,0.6215176261129578,0
0.10204770218767052,0.8482633202763741,0.8164136958414059,0.8015341269795984,0.520592823304606,0.7827776816919986,0.15189767103973523,0.8237325285633277,0.5889656996923679,0.608557456690598,3
0.010160976590629478,0.9037752824327281,0.4988432344516487,0.48689432314718667,0.12724225709029635,0.8524423587249668,0.4283665691180847,0.6771218304765372,-0.09445230712792813,0.6986460827160618,1
0.7561366585356917,0.817414659981171,0.11243529591813371,0.7300787677667289,0.506614459693697,0.4229207904251834,0.5283772795610192,0.0798605786403779,0.3667656930418172,-0.12556078547566477,0
-0.04210531605757883,0.17869133776244484,-0.5932307819408591,0.8026432005303276,1.78435341384774,0.018434856918476517,0.8730096065684388,-0.4373361579209508,-0.1187812103283743,0.5935490323703261,2
0.5070446753845482,0.23914176979566704,0.8518775099558284,0.7722309799443821,0.8097387319277547,0.638884875331272,0.3875674377430525,0.7322466735269874,0.5346624682681479,0.6255792483849985,0
0.5653346975717138,0.24516235999094885,0.059759400073911256,1.0039988748863535,0.495474382788645,0.7419046055854324,0.9743583706549169,0.740193858960546,0.5121500504848961,0.062466396179315715,1
0.6348865612809723,0.5289952943136578,0.4158515583654846,-0.1052094398537263,0.4886830908819018,-0.14228710173305056,0.7754946136983331,1.1219760913627423,0.7491770060788031,0.8385539001161314,1
0.10891786582431297,0.853724481286176,0.8177139187558307,0.8124279731863598,0.5320335508135973,0.7791385401664226,0.15655432948230533,0.8334257001175016,0.5789041702901571,0.608845462478024,3
0.8933593652031561,0.3869805238136937,0.7911515699415808,0.5472988594116392,0.7213059032549958,0.28519582500526397,0.7453152138160384,0.9814265375470363,1.0122966709107606,0.5158774939263955,0
0.3631121221815625,0.8746419958335433,0.12726933291675058,0.8171502595102661,0.3777450551596404,0.4322693544226872,1.107868972949295,-0.09289141962409328,0.16195405849052857,0.7802217822564953,0
0.6253054101179989,0.15069135724848254,0.8201478769847248,1.0346385338520534,0.5917836680000397,0.772069306277335,0.0745217580413087,0.08359780028175015,0.7455771807041153,0.4774601025455475,0
0.10482591185382549,0.8524985161939294,0.8253801485801221,0.8093991707619873,0.5363857294427608,0.7765709881701074,0.15712728335079917,0.8375252024876101,0.5805349234415247,0.6053332536387402,3
0.5076643130983782,0.005351766627600563,1.065974728104288,0.6960373470348755,0.36496623995802285,0.7787527033943623,0.21674203595527528,0.15162272173882324,0.6764859966346435,0.6676779155573224,0
0.2107323226139594,0.26534749838867205,0.3246850113011416,0.19640238200061133,0.4343545235909209,0.7727747604010216,0.2950267449247207,0.054238669688774374,0.7200080755075982,0.7344123604635057,2
0.4817712010223132,1.380882009145758,0.774626994850995,0.34166746859484937,0.4007674821258164,0.4449800357135937,0.5124054362808849,1.4239519757550854,1.1364092998258732,0.1810185403046623,3
0.042046797293123384,0.23054057194820954,0.07599500158142192,0.16610214745645335,0.45079546119866054,0.06768269792408899,0.048659636896411285,1.1359849836190412,0.8307497724825954,0.01806374602058023,3
1.0822097125070054,0.1782498725760583,1.121303484374994,-0.1439529265083247,0.3338979278466822,1.1838045058974962,0.39588347693432513,1.2780359661806746,0.24922521358381047,-0.19198394902607474,1
0.19052150439221854,0.00390759361929513,0.5267989885187823,0.7909395189840195,0.8565273115100688,0.9115329626718748,0.5186976015514313,0.11548987154666122,0.6320504962685118,0.8245002448505396,3
0.8314743828420949,0.5990964224159194,0.6892279535022824,0.4397207483783159,0.7940334061488692,0.4133587030743908,0.49762128057164146,0.4942569754110454,0.46329848486852665,0.6031441307602514,2
0.4577723654330389,0.22691295411916634,0.5957582594051941,0.7068254086031937,0.7860873366116993,0.9439611076830909,0.41794392999536767,0.30798147882669646,0.48172080956937763,0.7758540533977428,3
0.8456191449125726,0.5420485589710189,0.8373476605517148,0.6217785560805636,0.6754369679984963,0.953534732635352,0.18140243496369102,0.897344698316912,1.0948537765960857,1.0152204168119263,1
0.8416810483493581,0.17906758920225743,0.46456723520742615,0.49130184197313737,0.1791882548352276,0.17645489750660118,0.19222850607918715,0.8797976358743518,0.5316661529317764,0.5426724338613775,2
0.7966379883492094,0.4997990180805933,0.7154228026235953,0.5772311406256199,0.5862401655516187,0.3460475657346349,0.7999196865647755,1.0104005550966253,1.0173795228516644,0.4926911878438014,0
0.36716291606109125,0.09002035529535518,0.6292351142647963,0.24896514834022973,1.133991801321943,0.22362315123408946,0.47058260503341115,0.8043888611145424,1.0134108495491154,0.36105118094486144,0
0.21795644207260612,0.27668728859804576,0.5151225633686796,0.3281823370844322,1.1135645313990548,0.5898842098887849,0.14868181107140896,0.5098098203915455,0.4269452096775589,0.9005585824550335,2
0.23016098819881478,0.9201695965819361,0.42171942468573764,0.9109277431018875,0.5738198599342055,0.18832459386974895,0.9015094824378543,0.060691866989219474,0.4498645799662587,0.8022031062178875,0
0.5572129769273968,0.7314583231603796,0.8624650385467013,0.2866541453535228,0.7370643974820102,0.8288298163528267,0.4520709347822514,0.7492772877668262,0.361031964382732,-0.122536467024146,1
0.4961728833431518,0.03834508278648237,1.0015319304161379,0.871225940547167,0.47601340588343316,0.728589437861451,0.22803964067924967,0.07283650160249332,0.598437856958134,0.674130144209327,0
0.5508734101947674,0.6023803703205847,0.24470894163916088,0.6135278392430844,0.8257036462687651,1.0021235304652754,0.011980764686777876,0.5779769590865552,1.005941659311709,0.2253817491734931,0
0.5687379555137071,0.8012073665690603,0.7184947193661899,0.6406439715554099,-0.11229341430722456,0.8524360429292831,0.5385370524320314,0.04400676109880036,0.40322761647238997,0.0037877334985656486,3
0.09005792855316247,0.9813951384088362,0.8868561134133791,0.584148832811982,0.3623965604867129,0.8726945994201781,0.22828611590122222,1.0202820332195868,0.05164136586205983,0.27491435539033876,3
0.9491212315801332,0.3265619389790097,1.0439683193709073,0.4227669391733344,0.6015016362563239,0.6412762113514435,0.15153620302851264,0.729919289150002,0.998483816794239,0.7768049194900356,1
0.5327799502021676,0.8034039497192488,0.5323546092052198,0.3653011639476198,0.43982133025015885,0.7852902271793825,0.15797956941419475,0.8111206240607142,0.34789590858271846,0.39324292021985696,2
0.04443231104202744,0.29390964650854856,0.3233442868950306,0.27161472457178537,0.9312306874870995,0.5517314974186802,0.2728979647256982,0.8490258798302494,0.8648752053193605,0.5229064809651159,2
0.3824622170240475,0.2523322304550084,0.3189663589911107,0.7264532749675344,0.252223289681614,0.29924543911727336,0.9751887798216103,0.06279190183142391,0.776941426025884,0.23594682049198923,3
0.3199706375228786,0.7784533887266444,0.9744421778710906,0.8712941590980231,0.5612922516421052,0.09776331197316185,0.09626765418352062,0.2701024618334371,0.44404034346640053,-0.23267881067259072,1
0.08921794737950331,1.0175477391344874,0.06632885165427185,0.8603615121970456,1.364991619472573,0.8031290808819513,1.352966453547272,-0.008802842896714791,-0.33710179582286115,0.3842328197223297,2
0.6684772399822708,0.8999907473029447,0.24529399533786334,0.6909102565286156,0.5888651371971848,0.696001038287486,0.4540825853429479,0.7440193131555408,-0.10159114403462866,0.6650685673680781,1
0.10645987476301699,0.8586598150607425,0.8156977805368011,0.8072201929441359,0.5331337647875355,0.7747220937141506,0.15148887781438602,0.837895182036543,0.5724969476317093,0.60487572020611,3
0.17706303242357732,0.7174910089715231,0.4297677677237222,0.5083256430733557,0.15849564396708668,0.7709062601564786,0.5119318747742989,0.7849296492392908,0.03776129458822661,0.7323395646054229,1
0.054226049868161486,0.14018767274772487,0.4605998533607474,0.17525943686758869,1.3336133396863392,-0.15357062965415386,0.24827773754713844,0.611364328191962,0.45959422399911154,0.045935565651921625,0
0.9194571918249883,0.3331338695931849,0.7337585971902569,0.7512056557994435,0.3441049291180718,0.2188811987095982,0.09555356048843072,0.7889333062349049,0.699793747164679,0.47175906597000683,2
0.22124006681659333,0.6766780179054909,0.29739063289821305,0.8944318491968971,0.15051410436210583,0.432257543995539,0.43069618398848475,0.09209656854986248,0.7035999548532658,0.8182014101618329,1
0.197023227647459,0.9057680455481407,0.9769871780922511,0.5391049527350684,0.9096783869864049,0.9173369643859229,0.9361247706505149,0.4809897330677316,0.6970501171468022,0.844590898605916,2
0.5479977456281598,0.8116391531814474,0.5271538808350299,0.35325964647625424,0.4265721282778354,0.7823346764295842,0.15911648400697004,0.8072824724009379,0.3523629688848944,0.3937128094302626,2
0.5352364015932024,0.802022757171012,0.5323311753670027,0.35926530296822135,0.4395782305450475,0.7900063832591028,0.16070261785157464,0.8159679549806833,0.3499150741099637,0.3898931398640645,2
0.49818828754556826,0.7297824298829136,0.8456302312237917,0.9095933642520637,0.6876217910055462,0.46499171461234945,0.431856247171603,0.37115128755449583,0.22112414574252995,0.11062916482682969,1
0.19812515030505037,0.675137448918712,0.3715514664164064,0.455766627039899,0.5038697550190624,0.7911241047795305,0.5134114398857398,0.10168872098552104,1.0189759248046386,0.20367920490230945,0
0.9622461834284091,0.40712392952859683,0.6468028820967844,0.4497520395634677,1.2445192299043737,0.49479315732452533,0.6659452593381359,0.712383605119165,0.42756458285718135,0.32539086628475344,0
0.5302709854293032,0.8074911670213586,0.520358918092452,0.3528318225063969,0.43114287844218374,0.7991358829854158,0.15603616279282842,0.8125614645577122,0.3538510598078374,0.3904071128469242,2
0.3219687281274409,0.2140460028197375,0.6962697176281312,0.7711223521976355,0.06387363811354767,0.5061175522037448,0.4566452109741973,0.5649585818411175,0.14525621780502906,0.8554869331124577,3
0.9593738446726752,0.8772657995281331,0.8814304502410903,0.6212800534673629,0.4869254480731296,0.7366336839166371,0.09360917416044218,0.6715771497647329,0.6492172478182252,0.48899998781991383,0
0.3418788686361243,0.8103366316244583,0.12095097770495811,1.3548828580522359,0.02002280689753752,0.5612074949399637,0.6368805597180517,0.007688080658310864,0.1076753270395755,0.6629844206981592,1
0.11324159765129274,0.37610200672982486,0.3055742799321882,0.2469665046939164,0.9538480914618478,0.4931154552474341,0.28378141911728555,0.8653783185540983,0.752194926774403,0.5506564504991147,2
0.3156509357110926,0.13792246775322223,0.6359745845560046,0.8668979896484009,0.7558342100431045,0.8599280394144936,0.5443602930441976,0.213996488843761,0.5082385462207538,0.7236967805041625,3
0.8916781618239964,0.5023619432227303,0.9282272293273355,0.21296935269730938,0.9615979897142306,0.5027170593039928,0.6740248430121517,0.8685921067389991,0.736581924804851,0.4782259321075761,0
0.14535991266886453,0.748525985365442,0.5156727187565925,0.5369010976097991,0.12661999476588826,0.8111825164343966,0.5387913895843464,0.7432100124630792,0.08158303663642982,0.7713959372429513,1
1.2321161880839568,0.004726771301611754,1.2860250888691143,-0.17060085764996025,0.1710018308892286,0.031176350965855637,1.364117886088473,0.7911341595583068,0.48127989517734004,0.5719261393794292,0
0.7316493116431813,0.7101765088408033,0.8842361660736893,0.7098061690256221,0.6684944002408562,0.8734309115623967,0.12488663012049296,0.7112444837822373,0.7840970376746945,0.5703910928607724,0
0.5330682406318679,0.2865101465749669,0.801151879722046,0.5265742886672427,0.31489144029839644,0.09847288717594523,-0.22923476585321423,0.24225404065265976,0.052616748070703726,-0.27446393724819024,3
0.5342534516754596,0.8021608468405169,0.5275493484627584,0.3555078139856245,0.4384369566919357,0.7792719405803572,0.16434318650868107,0.8069964378076779,0.3392701219885762,0.38186895108187463,2
0.9438274231808095,0.7845037176314479,0.41748843635560123,-0.008258560632997389,0.47868441852232424,-0.15126612885316176,0.6332277125260634,0.8501653423577062,0.809757986458796,0.7271674763337258,1
-0.20962715330253162,0.4762342962359568,0.6910634446228074,0.45956356940311377,0.6028028975429262,0.6633866919805791,0.5493190599846784,0.8367973558827748,-0.20051901450105158,1.1155116353848498,2
0.7962738685364952,0.6832721125565737,0.7125139195668697,0.45913193248945794,0.6293179743596031,0.37434310961794837,0.302694946525116,0.6271770262314216,0.4027139572446887,0.8213029221468745,2
0.2423648611811539,0.7497606279299986,1.031929267571842,0.39103299938612235,0.3892637923061209,0.6194692329457845,0.7371437735693637,0.7308593848540464,1.02568891614279,0.210330325264799,3
0.867926123014762,0.4396955013000495,0.8398965051207514,0.521028063715636,0.6652277864371344,0.215596531022794,0.670421748998865,0.92134345289891,0.9705738638604727,0.4974129885288686,0
0.026389069306810068,0.11663200766153844,0.645263957192696,0.3096476905702995,0.0006455696884920398,0.20010921466092427,0.5547710159823687,0.21420090349893514,0.6858074567650305,0.788037633538869,0
0.4427692667306745,0.10342870654761273,0.9004525520339796,0.9036017947090765,0.43328198412187635,0.8027797949025934,0.3023848927379172,0.12799166390765576,0.6254860366053221,0.6399762798326051,0
0.9191926757408226,0.09771791230433807,1.1034915967134857,0.38382894058214473,0.7218173687044657,0.3983917970873694,0.8134181945054845,0.7904624255951389,1.1329681569611596,1.2632340108261375,2
0.10926032131881493,0.8571047806924809,0.8202351481976405,0.8111929007109093,0.5322204355264406,0.7782897839743911,0.15479818035318973,0.8358122152913235,0.5786585223678111,0.6059853350126376,3
0.27161739061833173,0.9707025925910824,0.49306737800031475,0.7278289794974981,0.9446898392652228,0.18363769983238332,0.9579916563558822,0.9721174473301839,0.13198766375386098,0.4778969611704498,2
0.8653395481414841,-0.2019505961889087,0.22574416300006678,0.09693081068182924,1.1705301784466011,0.2363754364259415,0.7550286374341195,0.8732416506680325,0.8909748194213779,0.18011860083850872,0
-0.04199953642338859,0.8445263755426776,0.8679277900971406,0.4162405207805554,0.16354316951714526,0.35463907378001763,0.7918872399192247,1.035880521142585,0.6711098960557456,0.15514061576039487,3
-0.007115081872718273,0.10193807016959314,0.6302396452574125,0.26335590344043786,0.039869377822249495,0.2263820402679085,0.5794390699509768,0.2309692732776098,0.6791753570280523,0.7793561096676604,0
0.15642656744445838,0.15758068078488804,0.2792089389512102,0.6864829976228581,0.8840527653420217,0.24216411917252148,0.4853553933312093,0.82846817467101,0.650683968291773,0.3117893643353635,3
0.16575871925060612,0.7911109193426917,0.4612015414395503,0.5346360417753875,0.2227669905994728,0.7969409394425305,0.48744287530983493,0.6458276765464024,0.027665232268698853,0.7065802158335022,1
0.05922712637429589,0.8229805138622499,0.9951749517838157,0.2908158824039346,0.4892513019443766,1.191924487313404,0.24411379405328304,0.7731469763531007,-0.260632731800372,-0.04103254560684527,3
0.05100108025271881,0.7238925560935766,0.04792679397576602,0.16533718693994437,0.09772272170519321,0.5736175962661005,0.6318467883063623,0.0483824125771177,1.067503946730481,-0.03791745127005326,1
0.13512018205172752,0.19563112718322484,0.2888315594459185,0.7197489512134476,0.8651978418991867,0.2519209951350073,0.44193332264719715,0.8231229967875466,0.6356595709798472,0.2867424236553461,3
0.5323961937994348,0.6578446568282628,0.8265431885704309,0.9550061294065461,0.12212569435794876,0.21709330067796817,0.19590000238381614,0.6856293659245747,0.16095474789765174,0.18966389693520871,3
0.5222484836147667,0.28636182107264485,0.06339568158781952,0.9982221925601067,0.3942924715865516,0.7808261771521611,0.9894183847667103,0.6888854497213017,0.5479356551033634,-0.006140967568328416,1
0.5650727722019803,0.23119504375706468,0.058914630541463286,1.0151606580237538,0.3955934345787251,0.7990104115584373,0.9360817547394316,0.6756878349641117,0.5532053079807708,0.0023240684354566953,1
0.4876641346997331,-0.0031826706620275216,0.26079837970197745,0.3227019258758541,0.26219218132301697,0.5958357612046725,0.43979176596522335,0.9377569664132852,0.3795135341373931,0.06963162897989546,3
0.9164235238629266,0.4099765228593342,0.83101790821904,0.5666695904352959,0.6925531247847866,0.2558530150438706,0.7822208348997249,1.0347259960383126,1.0063842385992576,0.47338903351943423,0
0.8639705366200794,0.900718541944341,0.7239327762558136,0.7424739298958543,0.7228910033496034,0.7602377900219759,0.017735044917723986,0.6238203192104856,0.5560744435256684,0.31194355013389075,0
0.5217757717990612,0.9181715659124209,0.4543971770293657,1.5513671742223423,0.09107989745862588,0.19314161836141247,0.5615440459224899,-0.41925281862747266,1.066776749466371,0.8284186448156776,0
0.10280494467514088,0.24299188297273006,0.36346522281110366,0.2582738040372785,0.4216933210645409,0.7251341731797379,0.29422161921736456,-0.0015524104904832137,0.6805469093546409,0.7796836156969122,2
0.4495039227296829,0.580000479863586,0.29108592888631213,0.5921119767713661,0.7892489560988446,0.9885714041128011,0.05539941906752485,0.7192379660048054,0.9221866340287924,0.1656349660125164,0
1.1545025285509753,0.06302453359288857,0.2218588291708137,1.1537538830971805,0.7881019318009005,0.5435188633950154,0.9738552260329211,0.37682345200732414,1.1704814700234696,0.4462466135100536,0
0.12743825937115505,0.19254027318103487,0.28412108221125687,0.7351153788020734,0.8776374674637796,0.2500742548082201,0.43815977548274726,0.8261463387961389,0.6401432200292134,0.2809004354390514,3
0.1382636620436492,0.16711312870833478,0.2773805393500223,0.7325555835343709,0.8863539084474209,0.2580415172131003,0.42887728056363783,0.842771543232575,0.6529353580005565,0.30268745862967356,3
0.5523910235689646,0.749251445408514,1.1475546341341891,0.28446403111141416,0.7437392913305838,0.5826489449568024,0.35434961863976394,0.622919699853069,0.5789719574375654,0.5217230682839198,0
-0.09897872448732789,0.6674272507192534,1.07337880216287,0.5154287567516777,-0.32666241515432254,-0.08565322100449807,0.830204402941039,1.4387348726756837,0.919375164222271,0.4895567409504091,3
0.12467764089669972,0.46583540906552595,0.3058383010656825,0.9534616864251996,0.6034024952938493,0.7808310496765194,0.3544706851155391,0.08114860538242653,0.16616055721613887,0.05832201159609546,1
0.7270457567797907,0.8933971647743667,0.17936122802164256,0.6359620116813514,0.4341244229509691,0.48071329126417717,0.5582420991239301,0.15707336231039326,0.41092323339505177,0.1909955954594113,0
0.8241633790432844,0.9213168606808684,0.18442696032825812,0.5810454998748699,0.6453371019059709,0.4464167812103003,0.5536039106243626,0.15226622844403537,0.29398581697398607,-0.21399526122481086,0
0.9432459585944083,0.17343076024206214,0.8695985678520693,0.34070176913381267,0.3747490044446529,0.13600286198260042,1.0053447332705436,0.99559924922858,0.2699592729350475,0.3717472863687698,0
0.17299331370339527,0.8666824925019709,0.43974344590079073,0.6223327715209421,0.41784078972064714,0.8221196758215787,0.551241279686479,-0.1363209590786345,1.0905350836533314,0.03517762063340135,0
0.44512391411480623,0.7048315267543421,0.08032330163551665,0.6807381267108212,0.6977317229693263,0.9813388784939392,0.05872947736362333,0.8606422120758841,1.0849384735625869,0.29967327628885065,0
0.18691414514662502,0.18470565126675806,0.31413994117946453,0.20594375524514796,0.8283448435981849,0.4222742928170504,0.18548424503406757,0.9696710844754217,0.8147478142299054,0.5206714982811933,2
0.6354170598436953,0.646660734161502,0.2108963528781122,0.6491755650399569,0.4537850240281994,0.21484360636115063,0.5043439944867426,0.19860908561383467,0.6588686030546232,-0.0637741648621884,0
0.8820953321569357,0.27031165418279657,0.9796192561018622,0.4884040400079062,0.606903900157431,0.7047908232590441,0.2613032144192515,0.7575444204791633,0.8008059956904469,0.8673960287094058,1
0.5051400121228223,0.22918407482342837,0.0595467771536843,0.9693446227955078,0.47908746434092,0.7868274961001414,0.9577539002420128,0.6303008108222681,0.5200497247098439,0.0014365571789080808,1
0.08528248943876329,0.20151410282129203,0.2312205317342486,0.7204936208462391,0.902970195427077,0.24285252445444663,0.481652777704332,0.7886778645187521,0.6326441235995357,0.3332405539077245,3
0.5763827077664629,0.7777214001495871,0.6983107265010065,0.7415378526617264,0.4551011462832998,0.49962325495994575,0.4053364587204958,0.44126538549482325,0.05774957113386622,0.10104481139769608,1
0.4260291271105683,0.6464652009077845,1.0446164281051062,1.0154351184695556,0.7280803880969748,0.21574594277401707,0.6404137909353873,0.4354918218921222,0.16349267201218945,0.07128373773061886,1
0.677032381269707,0.8738446862728382,0.7110404951739613,1.0312854698946947,0.6203201357359652,0.7082921611569944,0.08735972587036296,0.5467904052834514,0.5455558910815164,0.488280500738093,0
0.14566490606089677,0.5889691756034258,0.09561126118340502,0.22434631912615455,0.0913901304445687,0.4856801222663532,0.7567530690569129,0.16446269304361122,1.0186715541050524,0.06135704573160029,1
0.3724450668845399,0.031372975972945805,1.0948689485871703,-0.15760300675623073,0.2785002676377404,-0.1501849215442811,1.0249998233478064,1.2972770008427958,0.5823156930447967,0.2808682253572255,0
-0.6391396164756359,1.2354409300348677,0.9842856994770738,0.9019851646104151,0.011354837865773432,0.6770607032902922,1.1974679584311771,0.6393160759943775,0.7763989924001197,0.7584562429431867,3
0.1282487150639149,0.4702331189254331,0.3014356974879872,0.9401916523406714,0.5853467579976518,0.768405036740323,0.3492022854163578,0.08373795659998803,0.17779768151151326,0.057512675105453374,1
1.3049846225959865,0.29781802579090055,1.089625770131171,0.34649628428086393,0.5016872982512692,0.4706231140405942,0.41702204564806317,0.5095959560926661,-0.08616644663173811,-0.09945279430868378,1
0.134645591820248,0.3345536475234,1.1112341507264198,0.7547319916267656,0.4873496051109896,0.5724355094871009,0.2692658118060216,0.2704306401328075,-0.2655893909429814,0.02337691449712076,3
0.2902321693781326,0.9945394665923208,0.6599177617971405,1.0398762488423337,0.828250480911735,0.5701618852089307,0.5967535310317205,0.32747753534979385,0.33599617283571726,0.19811801270181273,1
0.19689317609403495,0.8356530887299641,0.4921425868188323,0.8932975414065001,0.6040237778657118,0.1304448874752006,0.9647046687748009,0.15981978639991556,0.42631625951599444,0.9105500108994825,0
0.458712825091435,0.7822827877175295,0.6237245230339094,0.9432297744985282,0.44114293216782635,0.15846041073200995,0.40672663129438935,0.4757807505608139,-0.07100829417551435,0.16859761076859725,3
0.12745910677337047,0.5666366122025583,0.09468121343761578,0.3067600913037879,0.046850970636633224,0.5467805039872439,0.6956243154608327,0.1703876042284877,1.0415518369362604,0.01710310652012562,1
0.12134991870165118,0.8363791426253939,0.8174347538755585,0.8110167425531146,0.5255180714029366,0.78237892829415,0.1567593828868201,0.8190226438667255,0.580943412893007,0.604529243565547,3
0.19722015760573858,0.9354573481937174,0.9813272279340496,0.5454189257819112,0.799713356650342,0.10136051874804664,0.2575063196683221,0.7992762548020644,0.007291373020717362,0.759230266868054,3
0.8725717520651605,0.3867032710558979,0.8116182314428527,0.5693595714686442,0.7230588756447256,0.27005673528947904,0.7367388777582914,0.9709420031548457,0.9977922692809998,0.5194867226494715,0
1.1370384523460957,0.6033335993386365,0.23121721670537299,-0.02176136254022086,0.3073791892714126,0.6706277478853918,0.5064192491091224,0.34247911320237356,0.30420890620000024,-0.08699964410293698,1
0.5305060675135128,0.6882627067407956,0.06833385598748684,0.6898416555672107,0.8216959949283805,0.7969888880935516,0.13155860109303935,0.49194946941093437,1.0942147206707058,0.03002792226991946,0
-0.02963716130206559,1.0017377954696258,0.9759189987250226,0.24700120805637626,-0.003164858058085737,0.2626659093038542,0.840311060525358,0.9751122628364441,0.782485970937502,0.19974107379748884,3
1.1058641086281975,0.1936122447852974,0.4574889564481113,0.9567070760747681,0.6263215197829339,0.51246363732751,1.046834794144132,0.6394974592388452,0.8075396542247906,0.3973232711564215,0
0.9160651125475365,0.3003511732784872,0.9058240054627926,0.4034039489867987,0.5979388984322835,0.6648914651871645,0.14979202536539904,0.6407895762726016,0.915352738887409,0.8402948208359214,1
0.6449004684643375,0.4543105224784379,0.8412752890959055,0.5503743639294009,-0.006244580586163159,0.21621829274841498,0.7453215045691178,0.8015966552294509,0.25129219146398063,0.22356076626972726,0
1.2043113329769433,0.8212099000867021,1.0200873641498132,0.5447757658328862,0.8915586230761052,0.8925205398189656,0.8434600700507033,0.7596284074669072,0.48737857470621176,-0.09923445650009277,1
0.8245940694174323,0.48047849798834463,0.7484872241527464,0.3564922083913114,0.47270015625391215,0.4330594898099551,0.47166674283996435,0.49314198313840835,0.32679753617170215,0.6467676656758675,2
-0.049761621179370524,0.8732229288304398,0.03889523533900702,0.482506067337629,0.7492363782178921,0.832745201530082,1.094088982348305,0.39964879134101955,0.6009891312433469,0.6116439063835324,2
0.852682387152552,0.38545796618831785,0.8013235423644512,0.5446131472253939,0.7006424939027232,0.268281894781873,0.7263930411276357,0.9861602974897421,1.013629669983516,0.5037432787899567,0
1.19717594951907,0.36869100359650986,0.40302054486110306,-0.12243386488207231,0.09360693020967786,0.9446587797465598,0.9165907158275953,0.7341121048584895,0.12747249565468,-0.004799047970502762,1
0.3701071611812362,0.9221051056872848,0.40071332762646167,0.6987542795498888,0.9318884455227293,0.3850987886269214,0.845501657035441,0.985214000003952,0.26244424792408755,0.33626342010739646,2
0.14143200852410187,0.1679670794423928,0.3019517239513426,0.7100485723930475,0.8843596778824506,0.274791947315285,0.45344484791486256,0.808382413353311,0.6418679625442644,0.29946383148241495,3
0.8236290364114592,0.7589044591254317,0.9209823637317672,0.5530981430444859,0.6731241579337485,0.9420578563489097,-0.05973408629725502,0.6863492832614035,0.6285634340263955,0.6184436922100696,0
0.35517999476257883,0.05368878402855592,0.6539020560432959,0.22753372398809515,0.9757432080533284,-0.005561162014729367,0.6254939182293643,0.8554320013990216,0.8034690710127541,0.13331800261219176,0
0.006455044556433517,0.8861572333734793,0.9478096491573282,0.3345602958804902,0.12336620324986006,0.35818945852685496,0.7509609597948784,0.9616154988900272,0.7568001747012558,0.1919058438462729,3
0.7344575965005191,0.24561807315993187,0.7679774207893931,0.8099592557151021,0.8881910422701538,0.7915251541734348,0.1614698406856765,0.376066910375485,0.19232319380052026,0.7369038048906071,0
0.7334266460856371,0.5493001435374514,1.0659901949997486,0.5589097458385975,0.8483636295962018,0.7546561999919625,0.3931130207471867,1.283130267861739,0.10483648429018774,0.4295312548511596,1
0.5510655135599409,1.159626388461977,-0.054640466757231554,0.5675695920548636,-0.5253150345511485,1.2003204224474686,1.5600051958005765,-0.15759176650011242,0.015589885377935597,0.92777316337371,2
0.7118667308586423,0.797078722987896,1.1179854504214828,0.6786994505681933,0.4725492193559293,0.1529070508605252,0.48018075311486236,0.16134593920849172,0.18937812729827375,0.22329139243203303,1
0.23371727084107977,0.8021229648351917,0.9537400273357075,0.46988655375288635,0.9630472409267117,0.8604609340474343,1.0102285889595914,0.5861114676646355,0.8224863400923722,0.8625372924740129,2
0.30274505368755084,0.12860695747050502,0.6490737726308787,0.8572175479360734,0.7593279153441128,0.8596906752486381,0.5606096646525472,0.21598734773225584,0.5251616359496691,0.7259235468843355,3
0.2062257597218332,0.9354210830872511,0.44539873565776994,0.08819562697841005,0.2063314708700197,0.9158207543874192,0.4695384535473308,0.3158175374961248,0.7447184293555832,0.5480911483599883,1
0.4649944852780584,0.5520111391141763,0.21759617370535894,0.6746320709969524,0.7905810117166284,0.9514699827265078,0.03306272310153911,0.6529053170036672,0.9808430675008288,0.19864117947293694,0
0.3421166944713786,0.08391888674413872,0.8563454811649353,0.4801261050465605,0.1634130321342994,0.0933632709015479,0.2679249277175133,0.3691035776427994,0.6279663801174946,0.9968374377900183,0
0.43800168574362575,0.08589681333148654,0.9949002558094504,0.8979462032433579,0.45911974405183587,0.7750528673668129,0.2692248073920113,0.037480588449970036,0.6617189158779776,0.5460565252696609,0
0.11127805373837132,0.4604245259888367,0.2772048191551674,0.9761302176808703,0.5702226683036423,0.8105920530216176,0.36576092679647565,0.07215754537738993,0.1959956522245376,0.04050380413971984,1
0.45602694602704213,0.7960478286501496,0.4384556809808936,0.7666237997096482,0.7403376558070325,0.17811928980182923,0.9053243717860104,1.0554424357877303,0.3723609740850734,0.2939796275402511,2
0.037394093929073724,0.14389132130492227,0.6295846364066925,0.23874124602711833,0.06301644224467626,0.1901363037801574,0.5358073414133754,0.2723671086496952,0.7445970304618239,0.8207005394008386,0
0.36909110338369183,0.06905450634919713,0.5409137050429202,0.3395806226907434,0.8946505858557336,0.04640234290601141,0.6716637771656319,0.9713210138129467,0.7836693653175296,0.22864200994669684,0
0.40752294584401216,0.31876510716574796,0.014436023423918865,0.09827467216948146,0.5584403561581066,0.6818612343671329,0.52132822576434,0.5824893701423978,0.7299774238378834,0.16924368273098073,2
-0.03524635674527892,0.5309105530015414,0.3214179591323545,0.1663881697025839,0.9504381536427549,0.45175142768034604,0.9160489094360911,0.2984457398309233,0.1742237662015339,0.6683723580955766,2
0.9069095357185966,0.5950699127882453,0.6479741655566602,0.16937698914993965,0.6118401342490485,0.826734340379189,0.538181087677341,0.9764045260105501,0.2154971435613058,0.15577236571654118,1
0.3392823187268591,0.9870823727942996,0.7629568665641167,0.06643356531574424,0.6336149429849188,0.8193589720043544,0.8582197301905043,0.6894616071266061,-0.031185842434373917,0.10437847874065764,3
0.8550938058510514,0.15483472826028938,0.6724693947317073,0.06294157338564499,0.504440196716264,0.41303379242287686,0.23557549249447732,0.918535379395571,0.957121664857326,0.814725622648501,2
0.545413161295494,0.7977013227762482,0.5482877990822461,0.36533745769873893,0.42815834082095744,0.802579405187065,0.17324279660613912,0.8097036523945367,0.35484582391563807,0.39755808011509025,2
-0.001164048219274542,0.10319574740968168,0.6347818677532099,0.26814143054499057,0.034259241943804614,0.2190652608809415,0.5747932039090463,0.23486392705482972,0.6824635510630433,0.7731587666838454,0
0.19593721006935305,0.4293779137167575,0.35889442950946243,0.27367409637463946,0.9663039126307233,0.5958254373782855,0.23035186258616636,0.7821671455309172,0.7599123039861861,0.37849077314252266,2
0.9357545829907901,0.13155900267155107,0.757833976349717,0.5628921141762823,0.15852294516647436,0.9519346908952253,0.5975682726628656,0.5550199013243822,0.597661771622607,0.7787351632486976,3
0.7520645756135131,0.6221660799481376,0.5180437937347611,0.11214149301065918,0.5043551112199478,-0.04576435856571121,0.8462666450789709,1.0246147015981768,0.8728981322771648,0.8113154544910668,1
0.3348027961389756,0.9197051893825533,0.3068679005706347,0.7969399302920188,0.8742780894519196,0.3075945666769117,0.9153788962151855,1.0083487529702857,0.1821208144880114,0.323692315026921,2
0.6786009095678834,0.8723684419662225,0.04877644049852399,0.7002231384576181,0.474733170568951,0.40473827427044456,0.5419709967590477,0.11700554251653827,0.4252303095947528,0.04036615628838973,0
0.11708576037008303,0.3604790369243888,0.2856089432512667,0.2895695531920576,0.9637400431224633,0.6064226136577275,0.18521483042855683,0.9123338346970067,0.7868383350499005,0.6266337109757382,2
0.5366111414502588,0.5058290298123953,0.11926068890783383,0.7377222802994039,0.6881546270006266,0.8132897861947811,-0.006957819576057886,0.7060167439286844,0.9871715189209541,0.08750434013810092,0
0.9835847996175435,0.6501571489948493,0.8247724939912723,0.27680981283049094,0.6373593172016829,0.5053886752952363,0.43703288193767403,0.434227229607131,0.3393119734200689,0.6050778713820608,2
0.7788926368640529,0.4286594856486418,1.0593702537956173,0.25757151227320474,-0.007242279632033971,0.5318413623569888,0.9424658448523751,0.4791919511933689,0.1807009202715889,0.04881234575832083,0
0.6050677421033034,0.05775254264027609,0.6406963859741428,0.48378327498112234,0.5869384222352398,0.4860906808156621,0.04363023573299865,0.6172473669053786,0.5263247183256448,0.72100507524167,0
0.6525362312518808,0.6713896750480278,0.5322190946813794,-0.03765825476559838,0.6399911695260466,-0.033675453688968626,0.6473746458314047,0.818792188453561,0.9113607497995051,1.010363353353791,1
0.734810427367721,0.07246913930195764,1.1872093115002689,0.3896897487832721,1.3103592964010742,0.5398008971623022,0.9004644201087219,0.8958906915958577,0.4870182076441861,0.3432303948299221,0
0.03644946201883663,0.875115538746037,0.9897965652256409,0.3463904696147678,0.06863583323571389,0.26425714505195375,0.7202244877500098,0.9067434719464647,0.8000646712122674,0.10705431316913286,3
0.8579362713642655,0.508235081463753,0.73898997455202,0.1593044574077658,0.56019830325793,0.9569698014711168,0.5234795246983631,1.0086616690932637,0.2970669084270841,0.24233744337324598,1
0.07831711642688755,-0.22408688262183085,0.7286903172971226,0.041406954235521876,1.216840549547915,-0.02860140665372203,0.7729595265337075,0.8692108664786287,0.7504660633957086,-0.10895255961820138,0
0.5331821649765923,0.8044181304367202,0.5340539166845537,0.36014964775509,0.438794334862529,0.788365836818053,0.16280116253836785,0.8155379144634571,0.35033790500000705,0.38934351899444836,2
0.9941825438629759,0.42032775481812246,0.41143985002427896,0.009181845703252256,0.17508722467076093,1.0429514731076082,0.35995679606977393,0.7784860214994423,0.0018518450723484237,-0.33045793856576494,1
-0.1323848569793798,1.4934533184538057,-0.1078164308293123,0.4488161429970749,0.3815078816138631,1.2941002621252398,0.8735591345628775,0.7720294292926249,0.2791143462254875,0.611865576697724,1
-0.005626708690815009,0.11609033969477378,0.6401291446013181,0.27151421739180265,0.046627097710290256,0.21540568040970837,0.5700317799668465,0.22135092838171583,0.6743330940816752,0.782739798485745,0
-0.020180253724140645,0.08654221658798833,-0.13984743533117905,1.4414941199293976,-0.4534440362691833,1.0104425022349557,-0.708900857033033,0.3312204856168188,1.816207073205272,0.4246595708281547,0
0.3445267307886757,0.25570906472644,0.7075747589997667,0.28976772457262795,0.797367915598823,0.13225275683553336,0.7962643672369669,0.7503882958783737,0.8908391120091559,-0.03249412454967712,0
0.09756646220534179,0.4547741902439776,0.3166328562604503,0.9422885460110608,0.6209646498079778,0.7716270794217951,0.3809091531274691,0.09392556211596761,0.17908029214099708,0.06812556722971305,1
0.3343869087619343,0.0028254268603759847,0.5735988073334756,0.8759014957059568,0.6474507898316549,0.7783895294199857,0.5481178786957824,0.26060452740014695,0.6401602437450404,0.7942058749244411,3
0.8116649321454601,0.586490480696583,0.6554801860894002,0.18483260276381536,0.593191433963631,0.908821274090328,0.48589353848237,0.9294532434274382,0.23652912536575765,0.21904610177089914,1
0.20338956041476025,0.7139606108782182,0.5661164963545546,1.190637866176434,0.85860273483667,0.2843371041177596,1.0267460608700092,-0.021423157107076665,0.6957628352398211,1.0149870045455978,0
0.11271869475359182,0.857771832833826,0.8173162170193826,0.8080926512512132,0.531476902949871,0.7775076227657837,0.1526657429967472,0.8373743890625356,0.5806475293507459,0.6076114038141341,3
0.9577369393467672,0.28755390432547834,0.9051863574087474,0.511973465541934,0.46157905986139647,0.714175766034368,0.24547917310088568,0.7094190519520656,0.7982432887243718,0.7664387516437218,1
0.8891475003179162,0.6158443850007195,0.5809350253692651,0.2065611237221488,0.3956450941860966,0.6903801498415402,0.5304765264423399,0.5275845040559629,0.32546243978785816,0.20160382619127942,1
0.7576277897543386,0.296880173977062,1.0824544596744283,0.6692752057098041,-0.10426880714286896,0.49545090808995595,0.4965602930372765,0.8403182525888333,0.17929483550785055,0.3923274932710873,0
0.8326178547351754,0.6224110865782888,0.601037237917984,0.3354117880892747,0.7047752812301147,0.9449601680746943,0.41052424560112316,0.9669069173295894,0.12163801442356212,0.06451589222091758,1
0.05636457226983481,0.6281199041181474,0.39936973490725364,-0.13685339149275905,0.6991090326577608,0.45876737259394207,0.5047193085694325,0.5908541866735602,-0.02210687940671341,0.8593193926771505,2
0.11963802970581786,0.6544710336227405,0.4740093781713838,0.745051199503969,0.7534506957529746,-0.007091620372573715,0.5856191925605837,0.9332505702052007,0.44306959026182735,0.33824626655964374,2
0.9722856143395152,0.6536201604440542,0.8465452132694358,0.3223857797228684,0.6028500300496403,0.5632457847332637,0.4223896444395655,0.4761936431565956,0.3950124551980848,0.6317677569379401,2
-0.02411910637540312,0.0877272817447521,0.6635942654800004,0.26097612533685227,0.003802256475517029,0.22624960275442105,0.5698620815301991,0.20970273040431955,0.6636167752856519,0.7532103692283062,0
0.8846871902468741,0.3654450630180179,0.8180221393811992,0.5876527595137585,0.7124965777693413,0.27127773789774373,0.7343438849900364,0.9722653001788092,0.9817248115767524,0.5098113962766625,0
0.08065373646863294,0.20323278787917726,0.2731641875311415,0.7428983110884647,0.8128081083872208,0.2243137270655679,0.42220884977836803,0.8004818768333389,0.6355173775004622,0.27285506556780265,3
1.0460653928040793,0.7713742514313935,0.4994656430343303,0.14682405738766677,0.43562975387562763,0.8330226166376946,0.7371677881566354,0.5917881264310438,0.15841847177224144,0.17100984743027423,1
0.553526355811889,0.29633017830452324,0.06516631384627783,0.9722672033077657,0.417205822796134,0.7693444139693377,0.9624638460832725,0.6554451317336222,0.5363033699895068,0.039760010346620495,1
0.7142878913071298,0.6279205341301913,1.0494379166556231,0.07269476507641316,0.4922615437253467,0.3653918826594298,0.6810403622376638,0.8723657885540884,0.6991263996683863,0.11449957712748665,0
0.04581836470505004,0.5157812603702383,0.344860011981003,0.1524770225831079,0.9906326252376652,0.44045157266795,0.988543471400954,0.3442858488044992,0.284413184537897,0.6113401350794753,2
0.7494905401280885,0.599756269328017,0.5134728892023661,0.049480903256184774,0.5053980598184453,0.003877513561986585,0.7906868373721485,0.9699637272498611,0.7984365259490697,0.77257281456538,1
0.49639775215775084,0.006734129453681563,0.24311159449156078,0.31665799559920227,0.2854310394386102,0.6102241556308653,0.4618846407355216,0.9310191803650615,0.3785473227192722,0.057526370347446926,3
0.20650560055594538,0.9670973143936789,0.31425413814682895,-0.0002567863767335282,0.24069282828269373,0.7955798254283747,0.5200913862630657,0.2751382183979002,0.882748147106011,0.6792524610864388,1
0.12722258226822059,0.2037144184172484,0.24935867531438227,0.7653092358405797,0.8799321418710255,0.20305108311365633,0.3779619016217591,0.7753188665036729,0.5863436675249795,0.24007114100965474,3
1.0140836149291994,0.37435700218975304,0.669735155747136,-0.024120901417996554,0.9880032272346724,0.24588837800937005,0.9590752424742948,1.0403090604554739,0.4688424655645951,0.682157961666863,0
-0.0764848610144706,0.992112695477923,0.9503552717946202,0.754922965754885,0.597592803530514,0.7107826825890797,0.4145359767597496,0.9638095348710569,0.11643418191502074,0.05771637305603877,3
1.1300353181288736,0.2526569663858036,0.5829533090299944,1.0662259724949548,0.8445297845666355,0.3406025057493231,0.9135041498108003,0.394636389366931,1.1484458539573879,0.2107293646197609,0
0.12486393902353767,0.7652702512928167,0.2090828568039199,0.329095383518157,0.07938134284681544,0.4663475646190777,0.5983987918235887,0.1426396581270896,0.8671443010173598,-0.026784855640181446,1
0.09781606634160475,0.47920225734126426,0.3121980353184608,0.9379371547336279,0.5985796237012828,0.7768534500659159,0.34858642318722544,0.0723769047029303,0.17481042243020548,0.050991470968647146,1
0.1198644753185211,0.7925454429316108,0.0994514769050108,0.19361267465045207,0.9471442204570741,0.8041676551075105,0.8492938782594299,0.7336535757181403,0.18682184229932308,1.042877685561311,2
0.8355232249943721,0.25694083430543274,0.3246761425705385,0.34872860341425854,0.6113503409914458,0.6205956202571299,0.43601962900101066,0.20367570034789356,0.5311179565983035,-0.3504259053804664,1
0.5382059700764329,0.8058182394291399,0.5387090356220072,0.363448887088784,0.442329237354322,0.7862687611115075,0.16758607529097258,0.8167951777114525,0.3538297931929682,0.39134041256923907,2
0.20532068756349653,0.7959161283860746,0.49224658880590055,0.5915812324339512,0.10806622484233755,0.8066224025270184,0.5551138425214248,0.6692513912176004,0.046805048646491425,0.686977272599907,1
0.01285991264459567,0.824162494958298,0.7139962840898599,0.7036956096500374,0.4784052793031376,0.861401533715228,0.28368679692896276,1.0283213251778733,-0.013181138769849946,0.1332402064345934,3
0.669925771613367,0.7726538846223273,0.3753231791408672,0.32148895927788895,0.15303655964840385,0.22880680322051894,1.0745300854686777,0.7799715990080697,1.1307732541139284,0.7111906821813674,1
0.865303505094189,0.60869246140627,0.8305576285378109,0.35800625125443863,0.6003059698581794,0.7455945441542791,0.5347578350749055,0.9226941150469238,0.37970885494452133,0.04302044309088768,1
1.005472648124099,-0.02467403959852099,0.8192861602848159,-0.11419224753878532,-0.5319684956735264,0.38732337605314604,1.6343960022449915,0.5151177709055518,-0.800493919131609,0.9008997760415296,3
0.5616724107594548,0.5718236616333341,0.9005293087435535,0.5365969044713711,0.507910727802794,0.6484185031770301,0.5596218407664387,0.5553536537296192,0.18838432151478787,0.4313011169037189,3
0.5144633338939026,-0.08659781625358973,0.8235608072185105,0.8898675632772891,0.5084202981215171,0.6494455486288042,0.38459116407664284,0.040916197866204165,0.46932095389836437,0.5184348578719897,0
0.917196341142608,0.3805015123922308,0.8589438200065173,0.19574386564342708,0.9887572123657625,0.4037865869080706,0.7566047930550556,0.9067645123460272,0.6947944659617543,0.5674591244345695,0
0.13074394213753612,0.15085462028816246,0.2987003793060077,0.7266661257970494,0.8727673244176423,0.20688456363767252,0.4352604220927026,0.8168523081095224,0.6501758869141633,0.2957651148907226,3
0.15492653661376213,0.9171168328981268,0.8759185810426405,0.5872864212213094,0.44662395223100737,0.9291875143606901,0.16974253412176607,0.9529898096556481,-0.0009852178717375988,0.2160164132828283,3
0.4690101654663082,-0.017463040662057547,0.2823327939428422,0.3308684894584569,0.25189112378489825,0.5719322223320038,0.4319152924925343,0.9258001866963307,0.36191054340414297,0.09684044578218867,3
0.6621055513732049,0.8357430131403538,-0.0630734085013328,0.5181291913084248,0.612203041792593,0.19208813007711995,0.7051941953338952,-0.2116640850938737,0.25324174344909123,-0.02965221154651708,0
0.40249035366650243,0.04434866599648052,0.19701461360890749,0.36277117074284104,0.2839831427544326,0.6587782189523914,0.4187187483588553,0.9780857053522057,0.31691514092365247,0.025221883095721265,3
0.9334500687639024,0.5246074850895849,0.7255093965979857,0.23214917560865256,0.5274252084323665,0.9236866003540027,0.5541216532225173,1.0573602748622943,0.1973933266828233,0.13309362372477365,1
0.871805101930825,0.39275998294005454,0.80349310429576,0.5647483500097822,0.7118814010378407,0.286077923699501,0.733388350873796,0.9834097951743432,0.9799225223473341,0.5088659441646304,0
0.3111271188184574,0.1567854653255965,0.6322598255499204,0.878235677853254,0.7510103593873194,0.8809931542248383,0.5634345800773074,0.23448191663695672,0.5025845844872552,0.7390306275367928,3
0.3477407390388639,0.477247682871204,0.6575381790079222,0.9721276918296033,0.0654721191593731,0.4044025036868074,0.47845149051926206,0.9101705932510064,0.3103893586883754,0.20207366393641263,3
0.8788737130853412,0.17256076677559343,0.6683878822621068,0.07696244867369768,0.4830716704592606,0.3964730598966193,0.19879957677114485,0.8927493789984021,0.918496273151311,0.7527995842146579,2
0.7845467219872082,0.27789787229019786,0.03686725208276753,0.7900807189729585,0.37941191433459487,0.9908268236603354,0.8735529028703494,0.43929153063564846,0.5710119604484737,0.6666313042699622,1
1.1669262379017475,0.6889544838415078,0.8350370804206138,0.01955625181499493,0.6792403269690771,-0.15984160160649644,0.48875730890372576,0.8369864346777722,0.46395298471845126,0.6904169037710559,1
0.854730746285465,0.8128773442896318,0.9708614091497773,0.6670621161680261,0.5874876895296409,0.8493970026854174,0.13585077186878852,0.753390453774809,0.6218881520334704,0.42391577046046164,0
0.031183941730086765,0.2921684632567915,0.33696843178787106,0.29334845239328666,0.9587734021273668,0.5539996454174871,0.1974851329211565,0.8951826569085025,0.8415329761700301,0.5457010909022919,2
0.11795017141446848,0.8482542674664556,0.8153675289406259,0.8182482753266679,0.5368950883037187,0.7752777735644687,0.1611145996989381,0.8433291934124472,0.5815477142255695,0.6110249457100723,3
0.6228743329137338,0.43347476924436423,1.209105724512002,0.15660898625206965,0.8228822642563638,0.22604901271950462,0.5782664856898933,1.0040205841505003,0.9967286927729627,0.9400281988075074,0
0.6881675972193336,0.9395641075916521,1.273775145491633,0.15701234645320133,0.5416687225575662,0.8597960868433367,0.25889881515551794,0.45607494612917077,0.6204542026923844,0.19479376468815188,3
0.22660021325011426,0.6270955289787767,0.5241543785375095,0.7924842458597903,0.2745547868230267,0.12536272529887427,0.660464769136776,0.03750403453507911,0.471278623238806,0.9473440333101777,0
0.46727451768662026,0.5413092761545266,0.24595215953823732,0.6471500195794182,0.7774006906055548,0.9125590243894597,0.021194492587165173,0.6392947405741272,0.9872540954553537,0.16119954224662347,0
1.3153340966451152,0.1719212202567694,0.895414726513826,0.04938918721341967,0.956504240046114,-0.06894628382775758,-0.6258184848720234,0.3315962855331085,0.5896666584968779,0.8214453655908641,0
0.05256299131791571,0.6553659896365798,0.16085266680397264,0.3842481445684307,0.25802940302047495,0.4408079824588541,0.5876876416845054,-0.0052951441077497274,0.9976802229786511,0.20404125081741648,1
0.21691593612027144,0.18213556451742935,0.16621189140753684,0.2330873453175873,0.3687924587710176,0.8044995793818187,0.44728934569346696,0.09112900100606014,0.5839471400526031,0.6820987300447023,2
0.16856003577585904,0.7103798327925803,0.5272142993638342,0.6114292390650045,0.22758690282789623,0.7401782635921572,0.4705560433333846,0.747033235877842,0.04105621186989418,0.7621760718921454,1
1.3196121414569402,-0.2685988526352374,0.5863486592671203,-0.2828643554750534,0.20166974127954346,-0.16482802075540504,0.4550756788154451,0.33524236508190897,-0.3852106346183163,0.5727054418450144,3
0.29879601121382277,0.8301915728847256,0.3321436369682226,0.739297384265019,0.7221993894746619,0.30827759654648,0.8715436856333966,0.15158358607616113,0.43923057651194375,0.8786349009569255,0
-0.5108786369689003,0.3649811247097069,-0.08433231768397609,0.12869410019535016,-0.0618878110270476,0.6246510982571096,0.049017619281524705,0.11734226583328117,1.3917943531612778,1.0600263901886522,1
0.05383758311627081,0.9556928583530594,0.86186305564608,0.3859377053525276,0.018462662994523052,0.4054864013326347,0.8244414762040777,0.9625757792327736,0.7664362766725188,0.17639196484712671,3
0.29272680516674127,1.0243997365398896,0.2210460200290142,1.3024065376283704,0.5617053035995239,0.6432750127342163,0.3209967965532632,0.6674091137974878,0.44017817500710554,0.18402987250364222,1
0.5264479640005212,0.08264333592583115,0.9418633569748126,0.8767273942206699,0.509731789669478,0.7650218407250592,0.27246746699644264,0.11812110376181413,0.6357783093834504,0.5879151319087225,0
0.30104981119707513,0.114731055634447,0.718694311506634,0.8867259347635781,0.772992379444282,0.8196991714309811,0.4689642857621653,0.15634375503940573,0.6251088469931675,0.6723601407502664,3
0.13534254744555166,0.4803840791496084,0.29709615743617757,0.9588799134050467,0.5809542191870859,0.7643224537595258,0.3413359765091916,0.05963072702475844,0.19466461168091242,0.025454451452106803,1
0.7136388790436747,0.7588598875806372,-0.03776711436837499,0.7517957943806647,0.501979911548089,0.5147957846392585,0.6499055928652876,0.20348552470420278,0.3506069330163641,-0.007379272702407579,0
0.4512326953003956,0.06554073738455837,0.17220284373278588,0.37832372301314926,0.2951710349917177,0.5287303217577835,0.35563244739428435,0.8465409923481623,0.3380355701115587,0.047029514681270215,3
0.3787682452697124,0.8558155458162237,-0.16471479177227089,1.090384876870659,-0.10566353792577018,0.5347147881826323,0.12482401255947961,0.40287818063801867,0.5178252125216035,0.8860219206589047,1
0.5638565409903395,0.11992773332109542,0.9794253977558909,0.846375298594318,0.374642228427931,0.8061718553244557,0.2764017656638235,0.014541115177758829,0.5858589046004762,0.5672122870801939,0
0.5082645423054363,0.6131965748035393,0.8018284420584197,0.9596145510089508,0.13454407449794292,0.09519657847095266,0.3240363346111919,0.6811212534382239,0.15207499744107428,0.23280909143287673,3
0.5422377778649853,0.80806036268046,0.5083076439528306,0.3581298349470011,0.42987812937811964,0.7599637586208774,0.14756985938757317,0.8060377854357931,0.3468713404842547,0.39710712057544495,2
0.4743621661072699,0.5411454119004735,0.21876352785602046,0.6531894683731274,0.7840830301741911,0.9346237436087675,0.029648016639585398,0.6693172282416984,0.9885787714008848,0.15504687379935783,0
0.5197832221100936,0.5186800987727509,0.9339783372471318,0.597131579704185,0.4415635537498491,0.6507676516242465,0.6463014418392501,0.6485217928623608,0.14446019671815197,0.3606864925584781,3
-0.1525317990327721,0.4642419882571601,-0.11772944711222674,-0.012494404582190366,0.20437999990789502,0.6124721603478265,0.9479647213062856,0.0547875239869159,1.221432413001748,0.2031855267596755,1
0.4634360347420601,0.05956415594846817,0.9499047719097813,0.8553019186412911,0.42274444445789766,0.713794502917164,0.2568657064672781,0.10564585855304547,0.6017043252882454,0.559389066455766,0
0.7012987737980182,0.4912869127096714,0.6045810030347946,0.31232141302977806,0.19246072036431242,0.6020405667328254,0.9244386451808255,0.3627061688530949,0.7335513312894588,0.8302611770789392,2
0.8794944602960701,0.4621960453582612,0.8612077972966956,0.46128066632895964,0.07656613911435942,0.3674060457879843,0.6944108970670206,0.542555457588931,0.15669465002085403,0.22978332296464682,0
0.22849090133493227,0.852846641377265,0.5297990043372824,0.5552140983162804,0.10599589697886444,0.8605981744490006,0.5344070063956652,0.7327868001516238,0.17733971985448171,0.8065004828287247,1
0.8439344537127055,0.42468672438428473,0.8457565620237054,0.5906273374074047,0.6896915181329126,0.3101885453050595,0.7417411410252006,0.9348533220946544,1.0112004186736312,0.506531707928812,0
0.30761319630786815,0.22381091634230568,0.5906395459553588,0.6688523131899551,0.07998114084557452,0.5555703462408509,0.37475082125671777,0.5505841208957467,0.23757822858171707,0.7324502768886318,3
1.030903525787464,0.3107309942173162,0.9758006624357485,0.31533401593714094,0.5102259231177374,0.7145800005641174,0.1669558114569789,0.856040311596113,0.7292553424014183,0.7748939647093349,1
0.5058501250473412,1.0649339801896218,-0.12482033673270712,0.7563648886602704,0.4745489370444015,0.29013950099334673,0.8165090598036522,-0.11440688205654018,0.4393700622111743,0.22482671232046267,0
0.17118117754548823,0.7354383148056909,0.33654999882941133,0.6798000291421593,0.9065731915684639,0.12699555320895797,0.7381107603967934,0.8490070282377213,0.23139404111769107,0.3323321813382213,2
0.5240499373263858,0.7506678944451614,1.2605298662012157,1.2161685389429553,1.1834490216764753,0.292379379953963,0.45591388619901757,0.08434054273492747,0.04601223329664192,0.6076193400188372,1
0.567440810232752,0.5796529747874638,0.90039402477817,0.53377949750951,0.5022614149756304,0.6458217583299808,0.5645966052496252,0.5676256823209376,0.19350662781602426,0.4284159665576815,3
0.16545897203850463,0.19375726477411953,0.2988689397002962,0.7015568467961546,0.8982088510084955,0.2293381925623294,0.39569353718213585,0.788394495629416,0.6868690159574083,0.30501045703751717,3
0.8694985249582967,0.3984323079796069,0.7954756000336134,0.5661780883634561,0.7128550689475469,0.2653630154833596,0.7132622443620318,0.9891365122172767,0.9999110096114808,0.5349259973079424,0
0.5068116483804489,0.5632122492309575,0.6221854238560608,0.5482317600798905,0.6956844555919341,0.3551208797665797,0.8578071961104219,0.030494383086883205,0.47106483125836024,0.3606383400851512,0
0.48426749723061224,1.0583965797117336,0.2444398768500871,-0.19596691841372382,-0.24135088216863404,1.3771879698873732,-0.3577063032044885,-0.15640656420506788,1.4765561323251604,1.403675278243339,1
0.49803355182540465,0.4649445909319162,0.49643387455133114,0.6447495010124484,0.9449853803579287,0.5117530680396466,0.6737774063246189,0.7197468168848342,1.4056474801223717,0.26044947062249985,0
0.49306055668922744,0.5750893779091759,0.17956386783019176,0.7068312021907528,0.8457309147184378,0.9701168809516917,0.05966908127622044,0.6611688445462311,0.9373821888241904,0.1715672476256432,0
0.1265993724389472,0.18876006655734295,0.2814570485701265,0.7273066636047516,0.8722445374905041,0.25687263009988237,0.4389856964708754,0.8295309491923174,0.6446103267989952,0.2883234928202954,3
0.4034188090277272,1.1392471920959548,0.4544498117664369,0.39941767426517494,0.8120533513735457,0.6951641042785182,-0.3740168430303246,1.1858197328618418,0.7575168930349068,0.46672440812874283,0
0.5774735522755133,0.2425217822780587,0.14434217890468698,1.0303331338615698,0.4511976279063081,0.7999547933132465,1.039337903632476,0.6152441848628019,0.5065464792185623,-0.0059906617079196235,1
0.4657707497669655,1.1016791091956466,1.1328545109874315,0.599793605390551,0.3510725959099653,0.407219132981395,1.120087724642408,1.3682103930993388,0.814867315898308,0.5513694550735129,3
0.7459491654415129,0.31882334829770004,1.1767180144731813,0.9505420536670554,0.29640665406978767,0.17799062333906054,0.17898842479371874,0.8411369763410015,0.16180993492445184,0.08929635899543283,3
0.42188981068679804,0.16016235047691205,0.26731086898058853,0.6908733155394366,0.24346004185197087,0.34729330103135203,1.0563964789793754,0.005300837778482774,0.7771700094396609,0.16415199353259247,3
0.16935934162873106,0.8749511440243262,0.8164111298988963,0.583148170012782,0.477298241672577,0.9551178566209829,0.1628499335400666,1.0026233049254059,0.02216058009159583,0.2231952368605422,3
0.25704507695909995,0.0850027544781328,0.5884757862007842,0.8761981445739906,0.8078997147109537,0.8917662991291584,0.5187289685307137,0.1659787917413335,0.47697461699283233,0.7122183192112329,3
0.2886801707621614,0.12772354287023927,0.6562283414483373,0.841726606547312,0.7948090255297732,0.8613854801379371,0.5778862607535894,0.2381799610468954,0.5487376478381027,0.741344864036521,3
-0.32998703266895657,0.880879880655481,0.1544999437500995,-0.037877796101009026,0.8858960994981474,0.4140404670734327,1.1298017536160827,0.46392235894882544,-0.05737431623349071,0.13657930864658657,2
0.23597721660315252,0.6937541941998973,0.469122741096945,0.528685780254987,0.2195496439986016,0.8288080635331964,0.5605313151510742,0.7740969785946236,0.07187208505657935,0.6769075443283342,1
0.13872383878762942,0.14370758657628857,0.25302686960346904,0.6878715101349826,0.917090992339868,0.2220115317396747,0.4285937749611098,0.8647753463725013,0.6146790905471526,0.28172293608072735,3
0.8885141990237437,0.6148529955674936,0.6147832367085905,0.10752483159688589,0.507514188055294,-0.057195631332737334,0.720894610924941,0.9470735574496281,0.7522706723107622,0.8242387509776775,1
0.9313484753695231,0.5637195664898221,0.7806723748635415,0.13953950965174816,0.5941636203532863,0.8077381661276002,0.5360909822747959,0.9440543378792796,0.19924003034300727,0.12931220049532421,1
0.0310744072436579,0.08260870545701011,0.6329608177804705,0.2781380044938586,0.00029961805258892776,0.2495244731127066,0.6025089347292331,0.20575241533535113,0.6542363907904359,0.7605383630794654,0
0.09701541272268194,0.8701220530996183,0.8147740413693491,0.8006278897865101,0.5494112514443087,0.782449434076277,0.14917762777901175,0.8402850117532633,0.5722859974765497,0.6010490759141314,3
0.3554960351936739,0.7313171224900924,0.37011373840533607,0.8124935446898112,0.8003480070797104,0.28267632277354665,0.9167201287265646,0.9235688635282172,0.18949114585190563,0.40448328775421993,2
0.476410076548742,0.989401711304936,1.1908109605802175,1.1770514064711042,1.0199753156563598,0.7080912484557123,0.381236515994699,0.7053212131417234,0.0831226869158884,-0.006554908916631297,1
0.5347453173252202,0.4432881410732215,0.29258636160308976,0.724022673662679,0.7082397209200656,0.8083045057443573,0.04205032025677193,0.7404091154636943,1.077220282921161,0.27245077758028247,0
1.3625622969992266,0.7830987831986358,0.9363181477857254,0.918871218464755,-0.20408383517092732,0.5898492670749427,-0.0966276919177338,0.33001592290125903,-0.10277425451970806,0.3024816858550483,3
0.5879128727581726,0.5806298394297507,0.2257721189413603,0.8549880856864003,0.9061350559872561,0.2689983069660429,0.958723603912069,-0.24274386998439496,0.788570294703596,0.8245065782454117,0
1.05786163459095,0.29940237521794727,0.8654180242874,0.2573503440046851,1.0907428221971336,0.30511606727998875,0.67986635048279,0.8821966314893748,0.7228384761638142,0.5869713688192907,0
0.14441543384452324,0.37337980401790155,1.2218620606064114,0.5042935046850251,-0.06504894907598438,1.0158693604156608,0.3383689549269093,0.20200104851726175,0.37168253221278014,0.5826896159089141,3
0.656719118806658,-0.06002899461206937,0.5340917004216218,0.1839589245805449,0.6557287098422748,0.2657581489894577,0.8980871985093084,0.8692224206476924,0.6451348026638004,0.373292826409724,0
0.19487703885790814,0.12697447857489544,0.7177964163338129,0.8657605705229708,0.7237629318722302,0.8059582681513839,0.6537018375959953,0.2283295366118724,0.6221207923754064,0.7294670797936962,3
0.15285951621998783,0.7750169484589614,0.5096210770669807,0.5660582872062527,0.13842352081533335,0.8475170799450285,0.5315617059182746,0.7155701368173544,0.08122583614684287,0.7522311521369085,1
0.7998742865252408,0.30235371211381057,0.7316586702737027,0.11024201897197303,1.1111816275034614,0.4335911141425983,0.7013185605741811,0.6990602425953624,0.8907820722498331,0.42200378906939157,0
0.3170013843219966,-0.0025075802823714497,0.4693277930205916,0.3082052014910064,0.1910210034842062,0.7790152797569252,0.255075146454091,0.8433626939379869,0.5259055165481035,0.24042501389094487,3
0.7383472175714155,0.7254899579843652,0.524979125674283,0.3070332365613258,0.9456730644617378,0.5387802955765317,0.8513779608506394,1.1811865035665001,0.17105401533175218,0.17901389298745093,1
0.8312719145138561,0.8072782361017949,0.8870921446025117,0.666797148574109,0.6252862489569517,0.8149789095904965,0.11489959064000489,0.7282410432507527,0.7133488043110993,0.5087493627263983,0
1.1381284701571075,0.241623520686117,0.29535487158312534,1.0521785545531002,0.505014788845934,0.6959345200079758,0.7502043187847485,0.7833313948163478,1.0288488433193876,0.223453875063857,0
1.0818141807405695,0.12782829979501759,1.1997365702323002,0.7192307391073076,0.16028883016305426,0.5619339488870908,0.4889423560501053,0.521181932542752,0.5993729516833077,-0.052415861311778944,0
0.8420427159085128,0.14733178521213405,0.6420476630419486,0.08677219750935733,0.5302824510222321,0.39114923836716364,0.20530154095597877,0.933442191517844,0.9334336607007157,0.8195769551473397,2
0.41763792305687136,0.6387333226506675,0.0947446656649021,0.06322642191772082,0.11674030273065256,0.5165550397493767,0.43710390377176533,0.02833699791999332,0.8872723946420071,-0.05434900852365941,1
0.4117423537350251,0.1941058096773852,0.2952399557010042,0.7322388816322365,0.2648218046608215,0.30454527459019354,0.961394392693007,0.029619673858690156,0.7994053741078491,0.19913254408178999,3
0.9077571365147004,0.3451557923743428,0.8239272842345069,0.16628282173953488,1.0291119498988037,0.3628942689667101,0.7327847617902914,0.9355722133030563,0.6736993091132308,0.5562911268638618,0
0.5322617635423579,0.04974150564241325,0.6104967425414846,0.4354349930293555,0.4498167730408062,0.6772171921289944,0.01632552173465797,0.7584602509197833,0.5456486162747631,0.661597189611496,0
0.6511964071128895,0.517420546371813,0.4894059875965243,0.0763096368268091,0.4451628156360523,0.048642027178262985,0.8151979195277388,1.0528139280126387,0.6699368495029573,0.7451942181941117,1
0.8976769458677436,0.3763592766254672,0.6863343382992418,0.6578382485867172,0.010218019934826239,-0.09630083022514374,0.5045061868662615,1.0468852433531735,0.30228618669122886,0.3556371394635204,2
-0.036123057766558386,1.1859726779317072,1.0809316988766575,1.310607276755512,0.9252968488663141,0.12651375203127882,0.8659654363346386,-0.10705385724971386,0.892928300562079,0.7525271623878784,0
0.9627373638008012,0.307878887993291,0.9197811738665931,0.025842766580024462,1.140672906097536,0.20520426693600113,0.9369050442349252,0.9354403778770778,0.8886966787084958,0.6363208288988882,0
0.5280465466344625,0.06780614846880212,0.8431914751652264,0.8073734997487493,0.4726559332202664,0.7566527138158068,0.22861709511140083,0.015551958516740613,0.5759524511185163,0.6249100198318259,0
0.8752979214864037,0.7554543546343221,0.7723282854612799,0.5200587297288177,0.526738547682809,0.638876482807717,-0.06361978159037379,0.566522256198718,0.5301298710689524,0.43906181385903864,0
0.8545885612796376,0.7766963258103884,0.8962888969052604,0.6079240227058822,0.5568966334517297,0.8066252221242295,0.06699351382606794,0.7050506788426727,0.6908848437861944,0.531960332006035,0
0.13312152603442895,0.9316973538519135,0.47585872523593714,0.9258127124238283,0.6060001850705056,0.2900474762354318,0.9630546575223023,0.05316949798932261,0.3718399962966618,0.858759104043462,0
0.36402811426168996,0.06944295686008868,0.661987730761088,0.25855303944706093,0.9668984848475658,0.028727980173216587,0.5981689088545872,0.856132417610524,0.7785169755642898,0.17289409199734387,0
0.1045788635968842,0.4801087895101677,0.33209723650515965,0.9394466519096704,0.5634440871660008,0.7751784380385245,0.3553554540586795,0.07717027961258385,0.15052275917982647,0.0898410346465442,1
0.8772613459277655,0.41454153597323956,0.8497478913808995,0.5867167310342339,0.7092161721125263,0.3127451166014488,0.7079940934890692,0.9973484578838067,0.91926086519189,0.4646243212905921,0
0.26939542295810753,0.8135273034502877,0.4027682358029235,0.7833960839841656,0.8068664068280402,0.22633917424822209,0.8164224805185968,0.9696613261645485,0.2997122351386437,0.38343063441553865,2
0.1112438757611838,0.8873995546014437,0.8870677246902815,0.5575113669482601,0.43948644438310785,0.9308549650123352,0.1952622823067506,0.9632160443453461,0.03311621340757251,0.23815863450528496,3
0.37652817286928963,-0.010818644950219558,1.3813577975499856,0.604854467693105,0.263264007896529,0.7072745930783463,-0.3961347843250931,0.5989932021622498,1.000069675570275,-0.6033612953927987,3
0.9278807013204539,0.7860271353661927,0.23967595540010186,0.02661299215757077,0.38026696265563414,0.6154501356317217,0.5400414660790143,0.35393048560774554,0.17681363779169296,-0.17518816982853425,1
0.3030868151838274,-0.04519854257909345,0.8920892505634748,-0.03179170548637955,0.47057530789162666,1.0353394582398636,1.2256056026066309,-0.11782237058338141,0.8440275536042727,0.858848391763048,2
0.3144299758712706,0.2072086370545358,0.577926873402029,0.6752550436038135,0.1281447556079393,0.5468279318715414,0.33924558409471933,0.501088917529958,0.22926870402850552,0.7506709306244225,3
0.01249651073175603,0.13116010971058423,0.6441540280255793,0.247146140134266,0.050697780040837234,0.20457913588768986,0.5935657483766376,0.25209366960897206,0.6565593283859024,0.7590090886244204,0
0.11053469318941611,0.6256422668258736,-0.013051179875283508,0.15645596496973885,0.19969939563511827,0.5227902873420486,0.6218313805292042,0.1531728275814559,0.869043219939334,0.023119453972213978,1
0.7362986781184566,0.8931011453398406,0.7979324538779761,0.743373062308558,0.5198715441225273,0.7653088648084692,0.09948471034187199,0.8021149955528853,0.5583379624204156,0.525022736714395,0
0.5288783285784077,0.8045904757531039,0.5318350534254135,0.3602965764617911,0.44310071342072216,0.7868318780576845,0.15738564713956876,0.8147032949851472,0.34702187474292207,0.3868829200176393,2
0.855617513806163,0.1447795936439834,0.6471555362139425,0.07728158087185899,0.5338457233510897,0.3972256224407714,0.21598593995333004,0.9392510865928826,0.9422907093209115,0.8334952083606484,2
0.18710725554021984,0.27501014794643786,0.6684698733460326,0.9130679407787029,0.9109347967153899,0.8042058777211516,0.5000668814314825,0.20160822246287732,0.3965848415417198,0.6701363773439601,3
0.8650820878063982,0.8193737155562923,0.8814652704715684,0.6541894317825603,0.6060157228955342,0.8031938855935519,0.13182038197223783,0.7456484793514919,0.6912728087280195,0.5041372502459605,0
0.1957625064989006,0.5507178983078346,0.9870525331287454,0.640669292101674,0.14512805199593526,0.9034153102833165,0.1545420924713885,0.06340722768770021,0.31366414155430766,0.33820432842574316,3
0.9398398273348252,0.3549168401307889,0.842939565903847,0.5054738103127215,0.794353047587655,0.3268948519508149,0.8100390693698022,0.9280740652043574,0.9668596074053482,0.5800586916284639,0
-0.011942084228607819,-0.32540574469007777,0.5166913445670009,1.0386070647450345,-0.16055506209281573,0.2928185879432036,0.43408202502062954,0.3631530164842784,0.498197062008814,1.0551063717119558,0
1.237040591231228,0.6912831841527856,0.8666392176431728,0.0493718276404722,0.10508544319364888,0.9736534985946436,1.0511831577737656,0.4075423220506624,0.28926684653138807,0.16189843791539332,1
0.13634010309349623,0.13141190824213453,0.37456529808657274,0.7311145232046058,0.8036486705430329,0.2976269833206626,0.39265895696657893,0.814113245022774,0.5714908544728443,0.2937841454438521,3
0.11875217578677633,0.5805701950089874,1.1468453989188114,1.1376828500646543,0.5309745759145905,0.14521145186164283,0.5080878190177283,0.4898866097112089,-0.1607007799062518,0.36311169300488644,3
0.7999930158361227,0.499663246653918,0.5079193531647697,0.18747259252227394,0.3711833415359829,0.9521585722631805,0.3832521647260673,0.7977096631957323,0.3830670338743476,0.2375411618490607,1
0.2493186051987381,0.8808465463881369,0.42061560658530095,0.8998886942435871,0.5430769484256037,0.1699055092556114,0.8930303502737266,0.040305544716429595,0.450000942095569,0.8385306824259722,0
0.5304820336714529,1.041272665558079,1.0982085879337709,0.7156359098688279,0.4171747804332077,0.40332070754161237,0.04240090063307167,0.8149914315468063,0.3397602572276655,0.5634400754835526,2
0.8989023758860172,0.5219329226515683,0.6833640486688769,0.2587347995965668,0.5500888747003504,0.9330040414766144,0.5431199117290476,1.0061551106902271,0.2089021423357092,0.15456800320970168,1
0.17082236509353158,0.2490290399145896,0.6629809345335513,0.7502065691285951,0.552697675540194,0.6413993719090174,0.38920577113538746,0.037776474841392654,0.7014303294930607,0.8026018948521363,3
-0.00447113114703739,0.0992991099656536,0.6238758044954824,0.26346496963573185,0.03341663000126757,0.21291799018960952,0.5742697649325248,0.2336149942491693,0.6883561535628862,0.7696405841214751,0
0.9411566807000611,0.3106580895062794,0.9136553641745405,0.4324235507178089,0.18918641377979173,0.5277982223880141,0.8569965088579536,0.5965670443443948,0.2466982543120441,0.22571952213738047,0
0.9428220041868637,0.6446024601675164,0.8408527468554599,0.31844349686415774,0.6238925557169565,0.5513710572323991,0.4003607283749165,0.4841179562518357,0.362630751284089,0.6597606956908367,2
0.09963720883880607,0.47078743539215984,0.1331105332544399,0.3827611123080701,0.19020112629967914,0.3830547826973082,0.7370210113230994,0.06760909736503946,0.911706960663948,0.0762242582616609,1
1.140710179371875,0.7512366897239404,0.4795499723479758,0.7625705596929255,1.022994046339362,0.7347221003167198,1.0712147188597427,0.9828362081215668,0.7616271647368112,0.5232615942150245,0
0.8906372324538118,0.5824648447684974,0.8512369414727194,0.2402453532200446,0.7509161998661432,0.45815125656293676,0.5270303726653132,0.3500207233816327,0.29969168912874355,0.7776399687731583,2
0.2138740550353989,0.9334546878500416,0.42477884561720164,0.909485948786319,0.5136765984367905,0.2125065237359896,0.8571159691342368,0.0836882212829904,0.4414749531773149,0.7996452100798745,0
0.3937268753428358,0.15995720362261426,0.6748842189784787,0.7662946610598512,0.783047596951488,0.8031048986609115,0.6539644444151538,0.18650071519570624,0.4494365853709188,0.6220954669835181,3
0.8440744042793846,0.14899613960244038,0.6408186832419083,0.08783325775063439,0.528371252352141,0.390640015261969,0.20508545634481523,0.9314583422823983,0.9326531494622733,0.81786961689739,2
1.001992492574489,0.711254247850673,0.7749465149637638,0.28803448148529465,0.6144206473634576,0.569835219185547,0.3862776477150205,0.42886475176442557,0.44346983838588766,0.6002944797362152,2
1.3406751748869894,0.4004309868789978,0.3199945331862463,0.37037787916371684,0.6648076257661732,0.36819877064650486,0.507014879262212,0.16121136116340662,0.5729905587269759,-0.13344954049183383,1
0.2078594713059813,0.6272329429845389,0.08462541282675501,0.21158107282650035,0.07737991020380075,0.505205831614673,0.6539316974083629,0.14297562448423132,0.9357058757408386,-0.00899400753756878,1
1.1414646244308795,0.8412807341879686,0.5081473834620183,1.2020003106181836,1.222138002185251,0.8379131964867147,0.9923376382206902,0.6484192716356315,0.3284275533906369,0.2620810497021637,1
-0.17005085796969624,0.3793544306138397,0.080909683937582,0.20120832908695174,1.0055280388989913,0.5352022670831578,1.2453231225355266,0.3281053903519793,0.4991013343548931,0.35571409246490515,2
0.22026249055714942,0.1895433131705504,0.5579182543438475,0.7354346268461269,0.8147436671050976,0.9839312027136672,0.43609896621250444,0.34373433986635266,0.6642628717104155,0.6765866376305871,3
0.8201813538198537,0.9127080540041657,0.8653837769574038,1.4344015507344225,0.5183339117136077,0.23899597170373935,0.0994611701969749,0.5380184637970145,0.38844104508805555,0.09921794945749031,3
0.7822674965016984,0.7310636244218549,0.6374019315667572,0.07203262617737421,0.4000027770048863,0.017995823564165236,0.6814479668274236,0.9691555938273888,0.9067404468362134,0.7933472990354203,1
0.535707592199895,0.8072485146877166,0.5378313396064082,0.3576759636661656,0.4431749730630187,0.7944784728657662,0.16616136704161083,0.8123704560596617,0.3513964519173114,0.38759059134383084,2
0.24047670735149151,1.041734171731087,0.8889725393919311,0.5050460183240348,1.1346584006789913,1.122810283701476,0.827274761670372,0.3056628100775821,0.46479642960828577,0.9426671220697219,2
-0.11104854502608769,0.8761321686657872,0.8850360097791615,0.4282553841416399,0.305421423123601,0.5355372910332278,0.6638704308445091,0.8183523126809726,0.5758767287401141,0.11452176717656723,3
0.21587900560793855,0.7189420671670107,-0.0029184527261496007,1.0983527091868523,-0.1353545496608539,0.23656553422246102,0.4059693501756363,0.3683143559378034,0.5698789247881331,0.8255870680182951,1
0.5448412436419895,0.1495211021375006,0.8751719071136947,0.9135191126502877,0.4775858625713162,0.8692349488849287,0.18277598572483877,0.02434012700863973,0.5983542200262381,0.7481380911310754,0
0.916253927750118,0.3348179750812551,0.8645573886820118,0.4875037487833909,0.790498862970493,0.26104349473318406,0.6886840692822256,0.9197001743190383,0.9113940159488199,0.5859546154889718,0
0.8315996828525132,0.9959439925855444,0.8590067978370031,0.8304563041353898,0.50893014894008,0.9177216977811588,0.00534036926145702,0.7784041923958769,0.5660949225917149,0.4293266865924422,0
0.9105303063957263,0.37103984791679356,0.8525450182601949,0.1634824587515255,1.0126827893497756,0.3807092656038877,0.7343617979573467,0.8887241873009741,0.7266183820971164,0.5852995952814637,0
0.17237324694186115,0.7865758725377393,0.5098810958903438,0.5769545658676493,0.15931416685688943,0.8317287841353933,0.5237654242061361,0.7213684557027084,0.09839529607980513,0.7423559494408148,1
0.5408685342138233,0.06193708193224811,1.0483947146810044,0.8203920258468476,0.42591337700900533,0.8751762746456623,0.3095059160875412,0.008026909024618875,0.5406298232828409,0.49892978827831824,0
0.9699117570641942,0.4350676200377037,0.4447055555563469,1.0243248964435485,0.5355987130222826,0.38741314945016636,0.853212444646026,0.7297498987728527,0.9441810841014541,0.4110684262165387,0
0.8195352635299725,1.0640434394765532,0.27489405575862713,0.4350144727306668,0.6367499630311897,0.2650108633970246,0.7328955169984364,0.0011809746518555084,0.2543049087196703,0.15365166443944162,0
-0.04702656905338942,0.08391089942187602,0.6103214110330173,0.255399326463449,0.05293714606321793,0.20160750346219367,0.587828591638589,0.1849440059111083,0.7105555410612847,0.7900999112263398,0
0.4527433912464638,0.5642099418221777,0.9338718564011624,0.42023567616279367,0.42544530491603266,0.5106191601068909,0.5276292244550402,0.6805885913592623,0.21250747088478694,0.2970080466914885,3
0.40326014418949174,0.10464792178808607,0.4288601578875634,0.28650644707474976,0.2805985696133325,0.7965596585254479,0.6079225897086188,-0.04121809731287561,0.8432642125424681,0.7579908158807696,0
0.7672015507692855,0.28370461767549787,0.3832933023504569,1.155378325475657,0.659738284551336,0.5407014121844566,0.8788280641828189,0.4748166925226872,0.7586877227849608,0.41284461087137186,0
0.5377478252347943,0.7394339146819451,0.9491529916025081,0.9894039064433756,0.20371271338444114,0.09788648086638474,0.199897332302296,0.7060533458123955,0.14612692313967793,0.31029108378032,3
0.9224842443042176,1.2996371572678407,1.6732165118234867,1.170683008259628,-0.0037026874020165135,0.8080777246380375,1.4093554426928891,1.2626435683716415,-0.2609379141563209,0.1615610801063193,3
0.25261980270597545,0.6145232675147132,0.60230751388147,0.7408567089033414,0.48283806958569864,0.7207321468641588,0.4387792948605812,0.4174557670521182,0.3167955279798811,0.1624513160813714,1
0.10415909713635248,0.9306995417299352,0.5820245295807065,0.8635948670407556,0.6702832152747259,0.22377989247815455,0.8241852366736196,-0.03872357248587649,0.5148473436886352,0.9709970013138026,0
0.48459393494522013,0.1197572928232744,0.6832622801349383,1.0583929831503072,0.9337753746771761,0.6068991111642406,0.5856172103065632,0.3136569336968838,0.5689859655934169,0.4629931845999719,3
0.5860547905255622,0.27377687567412395,0.054104372597170804,1.0127496367421058,0.4732012832526602,0.8055873700878792,1.0183763667985497,0.6357529389417228,0.4868293407948429,0.026199477033017057,1
0.7000739161566154,0.3822823592697602,0.7682836693845686,0.2612929510247743,1.4202873263173057,1.2426856320179434,1.5721409365162518,1.0346526522651898,1.051720557241855,1.1690412096454565,2
0.07431905754447314,0.19311689928968429,0.23560750544619893,0.7050911171818638,0.8411517177321722,0.300406801296178,0.4754925865627892,0.8469222177308273,0.6559518132035365,0.28389004902232523,3
0.41379686545132516,0.2336824488844703,0.3223881602735753,0.7201162111627433,0.2587669672045488,0.3279822579627546,0.9374828845766675,0.016140091325851303,0.777288259194983,0.17846821428966872,3
0.4998278624623603,0.5470807147030299,0.903714048215794,0.5575035086180706,0.3821872973572881,0.6681352367567224,0.6969439770789873,0.6297024551787904,0.061424209912935596,0.43340469886170707,3
0.8813290315292511,0.3646384467775993,0.817888226858512,0.57517180393174,0.7321623495026272,0.2822359704121679,0.7218868462734659,0.9775134370462834,1.00432968945149,0.5275684821843398,0
0.12940192275705484,0.6060963419954484,0.028365656537652575,0.26222773673217675,0.06419395141163611,0.4993842850467653,0.7243706433942901,0.17998176075068148,1.0119813320952715,0.029543778895497884,1
0.31252097679321006,0.12401760985515453,0.9176510177918134,0.3358538390574669,0.814941466551364,0.31489256280431316,0.23750448407528857,0.8471018199614315,0.5387695449807988,0.021592626847804067,0
0.38829776766466867,0.19283837613050797,0.3250906805552086,0.7044506258738576,0.2557414688474144,0.29346444641375513,0.9903473874377533,0.012077713820508484,0.8103692471715165,0.1713624863412639,3
0.1950175007797067,1.0312925017238834,1.278440695199582,0.6679409595542697,0.6778361306116161,0.639120519630699,0.7302667761899294,0.3949776968117923,0.7132829221678133,0.5282870063169118,2
0.4529837772431608,-0.02858525639090633,0.3131313186726702,0.3094620729199473,0.24624576558735892,0.6332865632327689,0.3998823862082381,0.9587490797166347,0.33326005026359146,0.09865109491011535,3
0.5203577164184345,0.7627241778007501,0.8483162058176852,0.940707767053806,0.6632092124101923,0.46473697017717513,0.4714751963259463,0.37590819179839136,0.2412233572490139,0.08785520291498017,1
0.5424808248389628,0.8099786232169345,0.5238416291614275,0.36759192507592847,0.44145481197538367,0.7941780096839189,0.1519499682803131,0.8152759433954225,0.34477650333957655,0.3847200682620753,2
0.867362288950048,0.13508102597125685,0.6613588108527941,0.08584221627275425,0.5164460733869284,0.4029969489483953,0.22131771682058507,0.9181596703277094,0.9254582567492814,0.8427247547855595,2
-0.09680652881154,0.820686144983843,0.8323852085218062,0.695542886805861,0.527393862336832,0.26439773467190153,0.5656399637920639,0.18152209344107637,0.4958427187513027,0.7445764759561972,0
0.4386957617784601,0.002726990155037745,0.5978517747467981,1.0017144513664997,0.6878792108441127,0.7153463149392957,0.4227365568276864,0.3249469452879442,0.5573469229028731,0.7323224377643304,3
0.03207314118725642,0.9061556071497753,0.9276655902553314,0.3657400539276016,0.07123386577241256,0.34767614428659094,0.7973028381123961,0.999371960143666,0.7612809457022234,0.12259907179290834,3
0.5554588084765041,0.31768815294383174,0.10424663833249237,1.0144515787782324,0.4631355993250059,0.8015273372179892,1.01443199852442,0.6347730404896645,0.4910372546315027,0.005125447453858725,1
0.6304426207579392,0.15267059248952913,0.34061539679040054,0.29894904962087837,0.07652131458145955,-0.06193440536436984,0.0045453197992396666,1.2350775439356472,0.7505562832024416,0.7581549496133688,2
0.5590500851023001,0.16016099708498044,0.8424597131818691,0.8255935417851085,0.7115409660385871,0.8615722786825899,0.14587471389191514,0.3363561412972419,0.6374081710992724,0.8971764036275156,0
0.5324911197992083,0.8017899349301661,0.5386874487326712,0.36259131419582347,0.43953958232832985,0.7877914030463805,0.15925331971092924,0.8145533860432678,0.3529140323058376,0.38957375564613905,2
0.18199771107171997,0.7953050434681915,0.9676845466321345,0.676046683535926,0.7983483538245209,0.9644996696833235,1.058659717879293,0.6389109130917806,0.6300177811533969,0.946048963036796,2
0.1145906829919516,0.47610117441533234,0.31617460071631237,0.9581306513627363,0.590704873065181,0.7820988437823551,0.3523958484825789,0.06858117522394497,0.1676723869274939,0.06459581769891479,1
-0.003855315099965611,0.08893925721090072,0.620162900717141,0.2822082728205858,0.03597796059371124,0.20714422877681044,0.5687783233707678,0.24253343157347923,0.6742530916296791,0.7879078806312084,0
0.05420815027277007,0.9898796666961979,0.7357916220254808,0.6544675569517225,0.47440408661643974,0.8194526592549919,0.11067424385696176,0.8304732316727026,-0.011106092738383623,0.11688549970499593,3
0.7027022568306573,0.6611467422810092,0.8405310707174546,0.7140823565179764,0.9995582737214739,0.6229164179417164,0.4224845307106399,0.6510623893490237,0.07602799999548093,-0.18836481528833865,1
0.3879651212740252,0.18286803457830542,0.2894052350260948,0.731347782247749,0.27421770135997686,0.2764284193884913,0.9760041594506892,0.01753649684427377,0.7817596697460788,0.22414705411797164,3
0.4364278505644692,0.04516384542001457,0.4245566969409679,0.16001729149254923,0.3527879597265659,0.5023874510033096,0.5224255930614317,0.0010874223368649433,0.8139393714639247,0.8293513253561396,0
0.15636159862934085,0.615279629099944,0.04953248057289897,0.26477241363414666,0.0847320168635165,0.5057132967054926,0.6850654465618972,0.13870999122823238,0.9846638678609919,0.035413450586219815,1
0.09989314793803078,0.8368960163331498,0.9256194134614588,0.4770274842196908,0.5166209381621908,0.9449506296510262,0.2554201378554329,0.9110761648412778,0.02059581594173989,0.3165738757167707,3
0.1521461198021245,0.5563823242476198,-0.0006381007162248875,0.12193358621565092,0.9250370298353962,0.1650126629859876,0.6972523149804868,0.48627369382605257,0.24499680401319865,0.7385507944039669,2
0.16938527095825032,0.21042062040390724,0.8309027525345242,0.18872936930329748,0.7651864897505033,0.08997149468657364,0.7719124238391549,0.07702268464368839,0.2840582460444846,0.7562535824571053,0
0.39635144784750304,0.10029253678309372,0.6649314013094697,0.24853885713567256,0.9875445841528416,-0.007641487966382905,0.5854761860362167,0.8965075933602602,0.845604268364305,0.12171334016235365,0
0.7909909373392108,0.6547727132607657,0.811836803196789,0.6477298645617126,0.6624178825679337,0.7011629605862968,0.10026634255700313,0.6057644952432032,0.7744625080722296,0.5790112303609878,0
-0.19992938793015888,0.7148963374971208,1.1058035794367238,0.39382519038625435,0.24613089665296292,0.2302508324899514,1.0168672438117143,0.7710467737844995,0.779704496020674,0.15985105221530135,3
0.7334571055789242,0.770683254768679,0.12559768843487634,0.7668472447474283,0.43660703449617927,0.32978724128701337,0.4540845967854844,0.05330448404748877,0.43332341709632904,-0.04280340995037889,0
1.1514961082306387,0.11565724714206238,0.9146524988580084,0.5983234577535392,0.6483354678793756,0.27889735407326355,1.0832880874672397,0.8636690733834315,0.730096064266496,0.6262932510757829,0
0.5533982549588535,0.2799486028744693,0.08524697118140015,0.9759586644470418,0.4218559595612261,0.7806501692950459,0.9840260729140025,0.675187288161083,0.5099518518414484,0.011337476801944898,1
0.8677759947448512,0.355071937233858,0.7325404404341228,0.6832517096051431,0.7836579933663115,0.3578622160201512,0.7442184297990878,0.9894902191793977,0.9431118884022862,0.40798662371471156,0
0.8874282479581932,0.3797274239409052,0.819934450649344,0.551741050019994,0.700889581533014,0.2923371514484045,0.7547963620817184,0.9794626225789298,0.9907656563167487,0.5153129725348129,0
0.1017323502088801,-0.16971470795786447,0.966498777098094,0.6702055547428222,1.0598400651376085,-0.008949841359954983,0.7533668763299279,0.9311256871284579,0.8113488297747312,0.09399206961247207,0
0.15848049928258015,0.16074547920647167,0.865933893243958,0.13991921639575058,0.7260582179444441,0.10825126384849337,0.7140347467977585,0.1223166597589673,0.24595849436373698,0.7093694484768506,0
0.1849015272745807,0.5833273621857064,0.015833628169561974,0.24213329360340255,0.11457500889164879,0.5095584364891369,0.705928746644526,0.15113400543287453,0.9704966449563002,0.03233271176086893,1
1.2169688516531227,0.5220561203472195,0.6248476768002955,-0.2982962744845782,0.7277854132136592,1.179959873291747,0.7588091945340284,0.5798737686546307,0.02882317165650533,0.3313415369089846,1
0.4171036695297678,0.20735694130948318,0.2904253130678685,0.7401456060739537,0.25572148368809466,0.3036094037279578,0.9664862018174114,0.03045704372282007,0.7986588457524632,0.195831284629702,3
0.24026264160975894,0.5348501835783857,1.3399000991205399,0.2082298701072994,0.22960520331736065,0.5509804626198178,0.5834443998073757,0.697170878927869,0.6193849210104145,0.48769191547795876,3
0.06373767348119536,0.8245477927510092,0.9110499942316155,0.5657444450183085,0.5277166636531352,0.9053930492579121,0.10670612180434741,0.9409135899443485,0.06277295900780422,0.20241009095704215,3
0.6762528392589784,0.5768544820381576,0.3273719211720122,0.5251375539642938,0.39294128038639353,0.41534835942393156,-0.20853476985719233,0.16084218840118306,0.9601950712331245,1.1759429828154297,0
0.3936491942080842,-0.022388249547005426,0.615934134525644,0.13714336218045664,1.0143353062972453,-0.01886714102281127,0.6661094836580596,0.8963205000397036,0.7061400675766619,0.11029211882229176,0
0.35169686705559094,0.12656845658618618,0.603386189246115,0.8808578652196137,0.7520073470506242,0.9091031712017004,0.6083260445849583,0.30813230709816686,0.5927520366555767,0.7437429297366613,3
0.45596483846827907,0.131452227431825,1.0295655997989968,0.8941894897059187,0.5222006665099683,0.754580548893995,0.17856343165754868,0.09887120605570944,0.6355967654788781,0.5813148328082759,0
0.39535821669338667,0.8076690674748163,0.9496548206383565,1.0185671476058242,0.5257118960882559,0.2551414572851023,0.41014009166186893,0.4037917182888119,0.3473647454820288,0.05038590754103433,1
0.8253841716538081,0.301311573140557,0.24967773174398222,0.4473992742430851,0.2097144006889477,0.155766231641943,-0.035500745146620605,0.7360988927952117,0.39531873015489555,0.6815494161065587,2
0.867916960981031,0.16758964984105126,0.6712777094452511,0.10608662891635183,0.524003409941738,0.4012917384009101,0.2292974311026232,0.9094145933092697,0.9387563681324432,0.8285959573597448,2
0.3894196484593902,0.9322108042160542,0.3141661059796977,0.5008139471935098,0.19026536021340418,0.21872020102683146,0.046223954876798326,0.3833400810332042,0.897287958082128,0.9378240140771933,0
0.6078310589648706,0.44692505257486564,0.39462626770446274,0.9074531019942321,0.5714753725094281,1.0803699134705083,0.6512702940572157,0.5494462865290232,0.2870690421481602,0.590453091709579,1
0.1588773485118472,0.1714119100248663,0.2251075237911663,0.7675277321968789,0.8320561048630389,0.21105923211973057,0.49715659078129065,0.7748925242507427,0.5915285851478223,0.2888453348712505,3
0.7064953125931135,0.3904708541488253,0.9313845693856322,0.44842023906717465,0.1855339730544429,0.4465453554645451,0.8775317576485642,0.5977213463440437,0.27574922677332553,0.24847878099733597,0
0.08236370547388538,0.5815485344276449,0.03397818344779759,0.3194638315584891,0.15128532044006734,0.5776742260450128,0.6651506135404175,0.1588912444540518,0.9315099205164669,0.014892966673655837,1
0.019780164690176537,0.8390801541287829,-0.16916740520664514,0.2476937011437555,0.6266789664739455,0.3626324826673347,0.7350426275111911,0.5983116205374572,0.1308263232797268,0.38949899027838386,2
0.9411144718274529,0.4153422934306753,0.3510364039736798,0.4945198017825603,-0.160514625510557,0.470055855260259,1.0161941046971845,0.667938736752171,0.6684141988557752,0.7351390172538571,2
0.07175561795466329,0.29405846259396473,0.3459588142450572,0.2755887896257764,0.9661637738640675,0.5648719627101357,0.21079451856839462,0.8659414457536697,0.8293743277306834,0.5635314605649437,2
0.4005803825239828,0.236586396042404,0.2642279141162712,0.7383142900570105,0.24183395630244858,0.28059549141519785,0.9447880446085922,0.040206635665397714,0.844042589717453,0.21568468670450672,3
0.016825799559110746,0.1065782869460393,0.5947670762152738,0.2353370161475274,-0.013619593837614373,0.19507329084619918,0.6102062189520497,0.20785996212219612,0.6991628908743172,0.7981023548638619,0
0.6710999173608384,0.7472137112586807,0.1530635542818758,0.7064209630034092,0.5739773995536144,0.3614122860217032,0.4915228684496424,0.0003551640708332471,0.4857049391786269,0.017947354379584175,0
0.5413995281266756,0.8025793391921293,0.5382877930547367,0.3641994849203788,0.4464380256056978,0.7878857274681035,0.1572899315729282,0.8144560914412601,0.3525310208907832,0.38935371268392205,2
0.7861708814767334,0.48108151807386906,0.6425876865107643,0.17581927658390917,0.203679186012579,0.5534890610052137,1.0189106897078002,0.43397911662520045,0.7882665536336242,0.8275806168303003,2
0.5341066297369237,0.7952340002998787,0.5423920621405726,0.3655005327645813,0.44205377078428315,0.7795008044907519,0.17379980782428786,0.8032832519196066,0.3446642298658637,0.38164100945010615,2
-0.32562601759135457,-0.6210138569483623,0.13809063589258946,1.236472947891237,1.1989033799973885,0.20075867183258916,0.18059708825457232,0.30930401818555103,0.5273424240439416,1.1333050122518826,0
0.8649213963181062,0.3740939290165395,0.7668510463702,0.5673379452203072,0.7493829227133677,0.24700666424767254,0.7660293668968192,1.0219840288242377,0.9833514045010291,0.5341005027094108,0
0.06466248238143917,0.6762731110777155,0.3155456157630946,0.5846953771196187,0.5461153676950659,0.7939796971458273,0.572657003828389,0.004884412967834102,0.9212606641578148,0.14242363557912,0
1.1972231688446016,1.36238226836105,1.4086557588503252,0.040638517396427036,0.6643049190372413,0.8375342929416928,0.8691344992697417,-0.06832985961362392,0.6075940341943074,-0.7673204754365588,1
0.18979550585719282,0.7594728503330384,0.7972056242744017,0.2850705968125698,0.27536347533858263,0.5651721902529275,0.8979973856826821,0.9321114574338123,0.8401491551317473,-0.09486018903132357,3
0.1464390881486621,0.2092568874819498,0.8451002695753703,0.1806387638367438,0.7759953489754918,0.07822983309228743,0.7971593806487934,0.053390192329480606,0.2941217557038758,0.8007608766722943,0
0.1244503153729597,0.4660620002203616,0.3155531968462156,0.959913466294729,0.5918574003176112,0.7835411921790425,0.3584045653807017,0.08017478073688179,0.17334409619615274,0.0523078446431952,1
0.3587996938301991,0.8323858232740853,0.38278573817635625,0.8211973930127817,0.8942681324882463,0.29302522869247977,0.840177070813805,0.9775673054227795,0.19975912053876588,0.3700729097133364,2
0.7788975677325527,0.6359979407054982,0.5171844529765772,0.05757910704515696,0.5467471947746947,0.00847554581488829,0.7942041055220973,0.9876357341453696,0.7945053148056181,0.7973497269800918,1
0.6985952304853397,0.07196044148506375,-0.09879905422279789,0.7115520140414562,-0.19777672655863532,0.3681105445330763,1.2221742480508886,0.26198212074353006,0.4746358873833547,-0.34750308253140283,1
0.9049544970088041,0.22274519186915595,0.946073376298774,0.5118572037593134,0.5907249793253289,0.6202462440061759,0.2647164278272691,0.6329170214151486,0.8714940287980106,0.864426403431735,1
0.11156428490361514,0.8552903186307972,0.8206106413766278,0.809078975571776,0.5325033560462918,0.778029617356893,0.15367825271407104,0.8376476104566176,0.57681944893975,0.6064436949049707,3
0.7334289310386661,0.1729814237744952,1.3041879712959252,1.001449934969774,0.4372944720801534,0.3877767856636225,1.0669661080839354,0.3278827188661849,0.07286868971481725,-0.2709631574765618,1
0.16149008757953626,0.5980648043539161,0.037918194841812324,0.24769214399794529,0.08839654859427759,0.5090314763952091,0.7020630488758762,0.15030688147875504,0.97970299396412,0.03787654897424878,1
0.3327688757773435,0.168991560245341,0.36662633714034126,0.18485502518672461,0.3761411583050222,0.700813465115231,0.5759623303216796,0.0346267544172104,0.6442991497832242,0.7440429794588268,0
0.7917061760404934,0.5417811701122133,0.6363555708210817,-0.04008763887045369,0.767744630840721,0.7145871719389467,0.47509433206231416,1.1436939570057085,0.0946152832779999,0.3157536415667999,1
0.09258644293092202,0.9005746251930326,0.9716287911168121,0.5429248434006347,0.5502725701931797,0.8918796882896136,0.22781737909072278,0.8537498356811224,0.06175316089735515,0.13348805576915188,3
0.8337350749444572,0.15945337182670347,0.6222368419105906,0.07298544791078415,0.5399220212841407,0.40137390595512057,0.18916011773353128,0.9171031692857828,0.9320724144400053,0.8113659277415081,2
0.10614948204839052,0.7096022556557153,0.17305283079904177,1.1354814253120649,0.30271408530959604,0.1875151668664099,0.7078392782513867,0.05777623652006383,0.6069930146393812,0.6809553424672197,0
0.30599314657050053,0.8508515794177727,0.3602126828389966,0.7803281223556258,0.8613273119254136,0.2608967630632326,0.8710281541506959,0.9674868694657411,0.23765046677667942,0.37840478850100484,2
0.8604446875972851,0.7471713832986723,0.13277118984413516,0.2832206088733943,0.0649300632433363,0.003757353502425842,0.5187266699254587,0.44715834316731173,-0.10190479156974477,0.03772994646524591,3
0.22567664251405714,0.673965218445338,-0.0128596643461679,0.1512973438884047,-0.035279188421465976,0.4307031144220874,0.8224482063696894,0.05468193894013394,1.0661891503349952,0.08808750771868698,1
0.7716288268125916,0.03580431140951984,0.31330922639500647,0.6269474691298303,-0.12720992303492512,0.13624288253688022,0.11651985487281563,0.7278918243563043,0.8001101814920712,0.6309096679564794,2
0.05597060862022762,0.2895270699176643,0.34499197207958504,0.26928434624597813,0.9672012734558665,0.5710664487782583,0.22339159022077842,0.8713942479745941,0.831141274536344,0.5575893185697893,2
0.7597756972100902,0.5747492386573285,0.47139673928187403,-0.023824571280550294,0.5930642855938593,0.7384197663259846,0.6067000284698176,0.5694380962507396,0.3709760009998415,0.2500200448681741,1
0.7885205098775612,0.6348884764849995,0.5058045678585302,0.04781214428293746,0.5337575475063335,0.008822461685497877,0.805541960408208,0.9869280288591388,0.8021029213423815,0.8077289539571061,1
0.4296961722460422,0.8911298189299242,0.35976199253577534,0.6988043853615468,0.957281564142065,0.31125862268325183,0.8879579482017446,1.047556190651961,0.2781576406785342,0.3097312727338741,2
0.6913046898287637,0.6450922432975646,0.588513071184647,-0.07536091536163297,0.7361100274888702,0.6952294734325609,0.375606084489742,1.2260030799517185,-0.12059732780850829,-0.14524216079814367,1
-0.1464539218613924,0.45445068779329545,0.3946088000458695,0.548361731589679,0.3623949790544593,0.8812715005678932,0.6692477680689899,0.4349590190228528,-0.003255754643146841,0.7978304706521129,1
0.21065046014039185,0.5784960751458408,0.9984584074288617,0.6622921901797533,0.15872898699433685,0.9472145904527502,0.1626436701823391,0.09596041423353724,0.3513451312756261,0.35255746858798925,3
0.0026566933966907782,0.10548811819582225,0.6303815179022157,0.26528849810196575,0.033274744765717776,0.21991124221101635,0.5744905490404401,0.23192115216457926,0.6815431802246601,0.7733012767320927,0
0.5313903069856625,0.785598787114843,0.8079905891399413,0.8969051485397661,0.6114971774537615,0.46080671205538476,0.4230657179154323,0.39606489536679507,0.2640343837957939,0.05786709137312396,1
0.8577689528136143,0.29903556997773384,0.9957195876038671,0.24958148726162177,0.9059403182149007,0.32438985320495406,0.8206885647073342,0.9016910184897269,0.6654960469108502,0.7459465165734733,0
0.7671497549653767,0.40853132699924755,0.5966685870828925,0.2806850700268217,0.12498791607357379,0.5381164059659255,0.9306263440457223,0.43222172339140846,0.7465607351166843,0.8964910178666446,2
0.17481816938854775,0.19600164949535143,0.34738433031819504,0.18691023639499987,0.38703648125415313,0.7777129407587601,0.33136441825502666,0.045470828826167264,0.7785370516931425,0.7635182795782293,2
0.2139950131932962,0.7737587822503025,0.40609025203464405,0.07953669482691039,-0.6728757907884177,-0.4100380896842416,0.7427885139315167,1.1895405399029453,0.5034618161349041,-0.43924844104303995,3
0.2133472576173737,0.8503974843658496,0.4315969451604048,0.09609254928516447,0.2589487284918565,0.8601231623789007,0.376151934938592,0.35193755509055863,0.7372361277137116,0.6473421047606007,1
0.46386940580063013,0.4585662708522872,1.0785782131303763,0.6871142307394674,0.41415608003200954,0.3599899864105822,0.164149495733118,0.8851311710546985,0.21015049171882616,0.5232784758272622,3
-0.0003901915018769144,0.10465372122830512,0.6292974291361515,0.26746806329646394,0.03231858412032016,0.21899019005542422,0.5732804964840165,0.22985897028315225,0.6849266424879298,0.7714950109591058,0
0.08138028118589649,0.15531392204224456,0.3275190087052278,0.6906443343154076,0.904793138048021,0.24202537979389574,0.41956974921510465,0.8641477141413924,0.6800933524729926,0.3086244054191078,3
0.8142801725990444,0.6288585077773393,0.9282136235418492,0.16474524914295727,0.9225482183133742,0.5106978436931192,0.5805361889378535,0.8881749089244735,0.43638672899619707,0.3406807628983879,0
0.29304641312008395,0.1766957358019403,0.5237228549327825,0.726797250366129,0.04535280540105912,0.4739063278168364,0.266085772878206,0.5729019805720192,0.11919698639582663,0.8245242474784973,3
0.5581281789976695,0.6169628080933169,0.2189473886595467,0.6332891364053338,0.7568788533332437,0.8147789788083721,-0.03657838198617447,0.7311090407029706,1.0334509547442923,0.1114928836828286,0
0.47154044250080385,0.3126730831415305,1.3667853240378909,0.7221272210977318,0.5354641104275436,1.0415794568873977,0.9159151676458457,0.563057385366031,-0.04350451473427727,0.32530737942417287,3
0.8610980313150999,0.6274458352064097,0.9362472220719443,0.12321476365333035,1.240478748468646,0.31348215614494895,0.8786814320069389,0.9782873878901925,0.5296126043556926,0.6494943150003558,0
1.0758909077364078,0.253057566932387,0.272740112937073,0.8990878076066654,0.5129538933117758,0.5052970606578231,0.8570496904687717,0.6522344326673751,1.021447828206272,0.40609442410884544,0
0.0041236976989209966,0.9523764398051142,0.952710313554092,0.3843286014858388,0.02826253346078638,0.3787260467493654,0.8024112052794365,1.0335330772376983,0.7043900526615722,0.21944053885371922,3
0.34332548539855245,0.965741205641268,0.06212606467467724,0.44223110361856344,-0.015148730464302984,1.412141146859261,1.1079340628082992,0.5211454611751855,0.7154408655162547,0.628157676651121,1
0.30155470298444564,0.869094818917735,0.7960370239369603,0.8690309209307292,0.958115193609165,1.256273938125062,0.8485396588878066,0.6114662733630217,0.9923462793451485,0.814083253098715,2
0.9631926389708798,0.16431369596518997,0.7972351727517077,0.3744890464807826,0.6189633442439013,0.8384501257610331,0.28972745392356564,0.8617996658420207,0.6925133399652638,0.9828481743938744,1
0.12126995313528909,1.2350310111171263,0.4948211889840792,1.2603172756606318,0.8340116295467762,0.4874885899799285,0.6015285283368108,0.07653447020443539,0.2290695867422209,0.9574093565533475,0
-0.005901184833408575,0.9648272026528958,0.9764182443749286,0.31980529459694446,0.07759125871911454,0.3420193557548062,0.7304358575996968,0.9892746697239777,0.6972772131765338,0.18633095905975577,3
0.6467551732598553,0.8356707983440869,0.7589809539075395,0.7957495389994087,0.6514613645479989,0.31243752942638126,0.5935153469365455,0.4619474633153586,0.28921964754725,0.07627839482250215,1
0.5601606410709243,0.2716668017775236,0.07551100057623339,0.9925301969669909,0.43247661949552646,0.7873770509020764,0.9935928895917125,0.6730632139899624,0.5167682843544907,0.011204937859151328,1
0.19985646021586745,0.8172700491589091,0.36439702308132693,0.8669251210025678,0.8735411809043881,0.2376973071100492,0.7717719106202606,0.849078174508697,0.11483423268271895,0.5182345195756343,2
0.024555874565592474,0.12420636374550152,0.662612056913334,0.25019897806367936,-0.0038772547374433947,0.20274917007073623,0.5739090858278468,0.2687242154249124,0.6849354007894468,0.8033016371733726,0
0.07869877214491264,1.0335804225433036,0.4873162058639996,1.0759949224147625,0.7235619360692371,0.044721255045142655,1.0111625706392813,-0.13343494441385176,0.3275105345270732,0.6922347724925357,0
0.9333743053524737,-0.3629580336081269,0.9785445247844085,0.7800507120663321,0.860132413716685,0.7415279083127636,0.3967397998482155,0.23698071999699127,0.2279308413421797,1.0640787111190049,0
0.11080949293809786,0.22821373422954427,0.310119885069748,0.7875957974259441,0.814418423455585,0.28764927729228884,0.4905901032202436,0.7776220166310632,0.6996544568740238,0.2432326242627085,3
0.6281994395107771,0.11755298355173124,0.5723860732080253,0.5336619909481005,0.6649933848516756,0.6999585575370766,0.14381352269588393,0.6558788036932589,0.41015591576077054,0.707842055945028,0
0.29332856984057615,0.609686725716809,0.28219854128442967,0.5768054786018901,0.14043072060413586,0.3189752827144899,0.7735424339346559,-0.29919840812361304,0.8635493760518449,0.6963063484133417,0
1.1077664884178335,0.3667530027754916,0.18945671209083892,0.4644178418552873,0.741631987797257,0.5002041970691655,0.2942745269391766,0.882953532438282,0.5937038007349712,0.3388141040640896,1
0.5595984825336218,0.25448580146044675,0.10344402749150748,0.968504793136083,0.44854580289153023,0.8029626035431388,0.9800754543826591,0.6641974720562199,0.536324345483,0.015358813778514939,1
0.15404411455140515,0.6152178229797135,0.0014346602640855632,0.23170632977604524,0.07886532600650821,0.5210559494990324,0.6942597673079196,0.15405734102762708,0.997007523618167,0.029491668903149824,1
0.21721057712193081,-0.1742638159821347,0.6842357852587834,-0.08859445773832386,-0.19819328916807666,-0.029600695674962596,1.7282277506456922,0.05319064636994403,1.2916822043519351,0.3420090670622411,2
-0.010095331199207155,0.12098606639257882,0.6357043050059625,0.28958826848830066,0.010303649162796493,0.20566423311319143,0.602672425405651,0.2163985096987053,0.6794368159166325,0.7551440487786183,0
0.2914557263252137,0.11064191364954887,0.6523855704401826,0.8838629034460439,0.7515967993642299,0.8747258609101306,0.5717252436411943,0.24408288249340648,0.5316749071637337,0.761670154516903,3
0.4194664202450189,0.23509424649699234,0.7469402583417626,0.5083409762779556,0.11603449543913351,0.3267423436335528,0.3701502367052864,0.7700652395224996,0.26235354169630304,0.9367638905247389,3
0.8778390881573497,0.953882250481809,0.7368640348852009,-0.1549607112199645,0.803494185991334,0.1806295270571265,1.120785253288038,1.1508534684490306,0.9368596945924209,0.808660805560265,1
0.4447772936675136,0.5207311470855234,0.2612792014907601,0.6375452763783818,0.7178755593014943,0.927948125962716,-0.03678545883027143,0.7110326892776109,0.9528533676391429,0.22170749956292563,0
0.2540586549325441,0.9668061149703788,0.38847603467448355,0.06072933247721574,0.18312478351615835,0.8947237660154809,0.5024885100003158,0.268266473312165,0.7639130954544121,0.5344055042488268,1
0.38419447421354874,0.09797972254445478,0.9861111986990203,0.8611861180040403,0.5429803719701926,0.7748476146298371,0.3261682806934125,0.18823459433742237,0.6790838818372198,0.6688287247091942,0
0.26630865648296603,0.7447995249144881,-0.14835557501686103,0.3077660663032212,0.16302051404109014,0.35879866039584374,0.5713330360393923,0.029019198979557265,0.8845720663549411,0.2076347747184384,1
0.07824810971255369,0.20921287446977785,0.27314695836325587,0.7594399930653003,0.8134648384272758,0.2352505192739083,0.432357339353516,0.8148539821078833,0.7029015512671885,0.3050288742768558,3
0.35403310795612275,0.00805023909895991,0.29357079279375886,1.001334665385243,-0.19048636006803565,0.10232515729390984,1.2474119761326499,0.03657992555753797,0.3730237535053803,-0.4628238401939646,0
1.128252607618588,0.42201817202170777,0.21164344235592736,0.1963791016218946,-0.19277616985402313,0.35039098248463,0.7694874635245459,1.0050113930993463,0.9136168746121526,-0.2957271241483321,1
0.8742889981578668,0.7884410898087768,0.893577403857074,0.6755973206848667,0.65409092841463,0.8575670476984807,0.08604530204241477,0.7457028156935441,0.6745818119644471,0.4583344902777238,0
0.17586920322893748,0.24917713016080287,0.38340794666168587,0.187531052108388,0.48416712889052166,0.7548351260022319,0.301452914739144,0.0683844406599027,0.7661427811180563,0.7147606800322489,2
1.0257522146465754,0.4732108772222724,0.003408167983972532,0.025552746643535407,0.020440870878872863,1.6173396021465534,0.6158463784275343,0.40352336370626773,-0.38479517868968083,0.35689676856340685,1
0.2633178347079932,0.914238005900554,0.3984075775745094,0.9173215412449316,0.5562744366599005,0.17951768749238306,0.8551951253808464,0.032515909437035306,0.43781025474360513,0.8399269129303703,0
0.7467482062334136,0.4685608993465292,0.7614181671483493,0.3254966844313574,0.6354509368904825,0.9985601330308944,0.5721339454867261,1.1506410549508026,0.12425329561933103,0.19242243982264642,1
0.53399823737806,0.8038466738191377,0.5338188530310116,0.3609559269074983,0.43864974626791015,0.7882907295651006,0.16282056564289693,0.8157361998978406,0.3495787420137935,0.388704737748102,2
0.9032305993405355,0.7001564877330778,1.0454845135013093,0.5212237315485025,0.03245407591171032,0.2785694647137197,0.9312811330854762,0.36120305237161066,0.44307907386891987,0.442651629436233,0
0.12335845371177714,0.5915233315308266,0.08994091569098839,0.2562079287703002,0.07339331474304486,0.48235406422654403,0.7346447814722468,0.14768661880550435,0.941199523871785,0.039130130216691754,1
0.1934101329622489,0.20784478226921224,0.8536980373716485,0.2086462287354698,0.7434235425729729,0.06703395329761463,0.742970361134685,0.06945672981580424,0.29418974870367615,0.7380479206486283,0
0.8503264791398465,0.8350809651374683,0.869349373326415,0.633831963733461,0.6110501395458626,0.8163850649203195,0.10790700158370711,0.7537892253792209,0.67703509692098,0.5084548536003894,0
0.9940620553934492,0.6310890606046142,0.480482258659922,0.05813970825585309,0.48515569116369,0.896544981636831,0.6260043924118384,0.5923660120876332,0.2353850518811322,0.03322979445178142,1
0.6440168245037097,0.6153922410433043,0.7917170993342386,0.21142277676519644,0.4833666885996049,0.827390460504007,0.29405552397278883,0.9495048433522468,0.19165302927642275,0.7584434402044505,3
0.8748677596698461,0.8743192228560753,0.8226481643498019,0.7037162617336677,0.6013564559401875,0.8248005346899369,0.12589967256947443,0.769377988347117,0.7323236065929548,0.49576542361614284,0
0.7667359307111148,0.8895970338613092,0.9876481806839345,0.7999759201930219,0.5688140825777297,0.7222006258082827,0.13557373068949524,0.7012485575173124,0.7016901540468599,0.5005517036902635,0
0.14890142921868693,0.8236139658018777,-0.05309349312637855,0.4548650902615604,-0.12862215049759046,0.727983030632505,0.6707515086435074,0.389472898556088,1.0431654388398681,-0.012068366892954534,1
0.7277233209169124,0.4009184424960498,0.8244012485299252,0.3753471221517636,0.12948210756124456,0.37839260725440826,0.8341658796744453,0.7028373744589769,0.31905017370602795,0.2290897472969223,0
0.1333520041021561,0.1723170638544877,0.2688166069778128,0.7195482493831284,0.858773919271677,0.25529887468353346,0.4270969514856417,0.8172464481191487,0.6331800215864386,0.2972080107254192,3
0.5331407454676041,0.8049967074425075,0.5329990502038785,0.35979846656805553,0.43844464129071997,0.7885936230134282,0.16173438265600956,0.8156071828345505,0.34872193955946357,0.3888554001980881,2
0.2403884547836459,0.20870261892584208,1.2613723218940374,0.654847993156962,0.2993390624468571,0.13497239517210236,0.2919552419937798,0.448147948114323,-0.07651420316941937,0.6345810704616559,3
0.580292115820668,-0.09421936763110877,0.04232730821581959,0.6790460757348484,0.782436526316272,0.24651587848727619,1.0570655241293,0.4471726314951409,0.7525254345786911,0.5936065567610528,0
0.5704420856464528,0.7837986127871275,0.06531137177154944,0.391919181817274,0.12160173196427337,0.9429017171411054,0.3500761926304934,0.18476572535242858,0.5666268773249071,0.19986081606239886,1
0.31181922210914026,0.7364368081940078,0.17990214286731887,0.5002798623309483,1.2146789731291816,0.20174944849052934,1.0188838163965779,0.7226065405186965,0.3376265722373093,0.8549715082156178,2
0.3765674443063958,-0.12387033887324644,0.23712869806087464,0.38665425981100804,0.44071714998059663,0.7726557047992665,0.35804234454849587,1.0944140547590238,0.16658728013182963,0.14430596501296422,3
0.0026080698704818643,0.10547575870233464,0.6299134515577722,0.264829975639904,0.03330502710740877,0.22022850406890304,0.5747126877991917,0.23205563619065359,0.6810037696541803,0.7737397272901214,0
0.8499697382709217,0.1529301032146499,0.630253882558698,0.08873777358401735,0.540045266486016,0.3874978937973085,0.1955672008267108,0.940142584939948,0.9259111412864579,0.8175436676517137,2
0.7069894976490597,-0.004386571293960778,0.5285136102689747,0.6888661388610375,-0.005650230780882642,0.17682318015079682,0.0987032366374459,0.6508628312392201,0.7372986502844444,0.7712705236815758,2
0.004309613371976223,0.11907060866696191,0.621201198285057,0.25491427408334805,0.04031252583570131,0.2069535667647485,0.5657670569288252,0.22567817956844577,0.6952595092796722,0.7635230599314133,0
0.0029084762329484085,0.10547153464462912,0.6301398857575665,0.2655484040089958,0.033522174720960966,0.22027367196386455,0.5746556160151808,0.2318783544923344,0.6816226571052886,0.7736622489144304,0
0.043252323591124076,0.11768776646784784,0.8565408484531967,0.5524697867612968,1.166470129306943,0.08105412715711754,0.6311238469687517,1.1669013623217985,1.0920649123113377,0.43335604660257065,0
0.9572546401067583,0.8019426305520008,0.9535569052866499,0.43837814980575235,0.7961950649143681,0.578875473721153,0.10006160287467214,0.7143952094277943,0.20370427577434297,0.32125540823580323,1
0.9730165444874791,0.3141275845267396,0.392511592800581,0.9477713137284368,0.6360160295089043,0.5485110341775487,1.0251004655783,0.6082214820182706,0.9154529852242148,0.4759485612948543,0
0.3504365630665053,0.7462907513737913,0.9014969530836316,0.739031665211805,0.11349699888240106,0.24311944894653392,0.32006480699215084,0.7502949389308579,0.32252899061586443,0.028776392424150227,3
0.05348045669241461,0.5602973533575015,0.38484714178724466,0.20302830626134374,1.062411262840454,0.5621828074473948,1.0394725674385812,0.2531242765316126,0.31747568261159037,0.676576404535768,2
0.9834900237296818,0.28715791365363713,0.8460454279492549,0.07672745521342125,1.0953379264546705,0.3082037732726728,0.7309572098319862,0.8011635528595185,0.6858839864576177,0.6819616424195905,0
-0.1368335189771023,0.813316554285928,0.09512018199462018,1.357179715675794,0.4825237829138984,0.5532237846749775,0.3601936779330757,0.3417534712250144,0.36394576940308326,0.9402642664147691,1
0.8825136988855542,0.4021033462145898,0.8261072473432889,0.5819033755322284,0.6800842798730488,0.26067690972496727,0.7011716100885382,0.9482723888587405,0.9814554323818442,0.5153667567075133,0
0.11314417990144472,1.1037006654133228,0.5441684429372969,0.6323367249173554,0.6556197505771265,-0.05598039659803927,0.8126554566159244,0.047266180503248476,0.20418734059070312,0.7236739989315379,0
0.12118616578409544,-0.06596600577191183,0.7069538202595358,0.8929406038607197,0.6095442454995462,0.9018834246738471,0.5675758774298488,0.08353158015309423,0.5449679650500854,0.6473580312264107,3
0.8592807222739965,0.3800406675252417,0.7936073319780342,0.5743343506236112,0.7227930898203191,0.28108899809991994,0.7165519507172261,0.9820801210241358,0.9770128715190681,0.5057926959884421,0
0.4148433299726958,0.8095935268269692,0.7919340331459701,0.9716944574330468,0.6431042717480343,0.3625400335060589,0.4198516116899006,0.4385214122473458,0.21230469093606646,0.08094213594964027,1
0.19528426568935645,0.561522946978104,-0.02535832927202851,0.30975857809495877,0.057046930916207196,0.5393611524446912,0.6910586704534165,0.09849061125823175,0.9375156244784267,0.08415743343512949,1
0.9508116549635447,0.320948754414544,0.3587183504791273,0.984427427435615,0.6159032407780537,0.48003932611740247,0.9597475354119915,0.6247173337836102,0.9214456406189536,0.4585071404321995,0
0.12394425212283523,0.18867636194737764,0.281975522388076,0.7303580832373007,0.873850421036563,0.25325052030418793,0.440305547269224,0.8296688394549493,0.640743909207796,0.2893702201338006,3
0.03287658705739747,0.8910192587268214,0.9153113453940721,0.3493003301621033,0.08075444910346104,0.34887125862089374,0.7886883757961785,0.9671917779067325,0.7460228080890224,0.13574775574168327,3
0.5311810986470968,0.8025803225902318,0.5341505093213995,0.3628662100831306,0.4380622426560384,0.7867317615155399,0.16109981780658886,0.8159254168873107,0.35110719055330886,0.3894873498339864,2
0.43654402649049406,0.5029726471081977,0.187547761182705,0.6505890377754903,0.7882764371791471,0.8758398262338,0.04893617968728739,0.6268847780436303,0.9910282090889626,0.17050183538224886,0
0.9496065439940043,0.6229111942350211,0.3410109273116637,0.020953260989211374,0.6281414788457429,0.8699902193423232,0.6241992425537852,0.3637171370404783,0.3482214513829918,0.3294782012867591,1
0.8676370551813117,0.386833296904765,0.8039958122965574,0.5673921449893474,0.7155852782573977,0.2741824028225265,0.7310426148102815,0.9785540312817544,0.9913151541087862,0.5207967186402996,0
0.48751364197945296,0.6156570499515751,0.8493199394554447,0.9732786893295223,0.200829518691026,0.12371986323968781,0.30484086457986,0.5875926621892619,0.1439594206340442,0.23325363479770475,3
0.8667451549552072,0.4245512167815205,0.8390002319493921,0.573917348706284,0.7208645964052028,0.31551793374072634,0.7666259549901796,0.9642570340956662,1.0295436188458635,0.5516181425524733,0
0.11322797501001781,0.8653361012067218,0.809059081317673,0.7926445310795486,0.5185731451464921,0.7814606944664919,0.13317097407423667,0.8195699307500881,0.5547987652854391,0.601573783201936,3
0.9421768096450338,0.32219434059424434,0.9687871272216216,0.3483825121438338,0.41121297277289676,0.7017600305124697,0.2161242737253854,0.7643368578211566,0.880137208364609,0.879751443965989,1
0.08454064500125924,0.5812390071072243,0.14695759644681688,0.2527622895695404,0.02114669418324372,0.4924846811443947,0.8135889701295422,0.09203899193150707,1.139821058896593,-0.08672270232768195,1
0.8448993476901033,0.15131604167944987,0.642219266070953,0.08755958074698346,0.5312314065121908,0.38655806780833085,0.20606079155128348,0.9337544285856071,0.9327882233654634,0.8207556487947983,2
0.4044206217854863,-0.032854893261737406,0.7838543514526571,0.23459583023435124,0.8463867944632608,-0.07709608674300368,0.7791106016463492,0.7698929963639016,0.9131749954845311,0.23029247389097762,0
0.5344916268729111,0.7265930040299367,0.7917607870745912,1.010157321716203,0.2676046456324705,-0.01361933381102326,0.13538230794333517,0.7363050975378219,0.013576033526033426,0.13565393385205243,3
0.19207979696145303,0.7201497776396236,-0.10043765652167524,0.40962821564708274,-0.008018489042831492,0.5936913773192484,0.6061650957581022,0.14827990012131398,1.0658597984921034,0.002185078933632574,1
0.9924829407986803,0.48155799684325773,1.1648493572650223,0.42282412303827055,1.0201774379869186,0.32456789241523115,1.0581988871429262,1.045199912315205,0.916727554421684,0.7521541708713579,0
0.8439502514699267,0.15865568293071283,0.651306950088366,0.0865991768913563,0.5205009093911885,0.3893456373231518,0.19961323798326233,0.9379199060351452,0.9441940223988335,0.812121427475967,2
-0.06597459192346361,0.9890550493553265,0.6391083215008639,0.31724281757483075,0.5187688263452468,1.18221170344072,-0.07640159038494015,1.1619969496855331,0.018608483583370528,0.3983451953518804,3
0.5377354930377705,0.6766930789132201,0.9875984350921836,0.49074710458575366,0.03219378937603301,-0.1513814788455482,0.5575056353041709,0.5630867749313448,1.0194448525994217,0.6348159970260138,1
0.07067550294645043,0.6273836763243192,-0.03466136626145466,0.08730777449431021,0.1928907726619043,0.5212547191595703,0.6353017646300696,0.2834584165456535,1.0800424156856199,0.1004433805939944,1
0.783963451231702,-0.4477070886614316,0.23850419048445182,0.3077072095754353,1.4029009119944111,-0.15994836461631948,0.16395594887355164,1.1873163301134968,0.3929759766253452,-0.1899532739573218,0
0.11705758784462035,0.45514395608851316,0.3115521842498233,0.9688603624645867,0.5835529031190658,0.7823885406565779,0.36748581796605184,0.08963304196104123,0.16928258188479814,0.06553557944185927,1
0.15315335986499656,0.22939787005219225,0.8546092652853416,0.18446076426734465,0.8063275668719123,0.10177127026265094,0.7628485714618422,0.12081365278935718,0.33168022102710254,0.7930599209854018,0
0.07062761049286925,0.6738171562359344,0.2750013466348023,0.501045743831435,0.51175324604971,0.9046287112618827,0.5179738791680135,-0.026724528104568976,1.071098287835562,0.14226797847611994,0
0.28637994201623534,0.13213916830426808,0.6633447933220554,0.14971156210675696,0.8843850204506476,0.025543556848837648,0.6581072531370931,0.9461063247933098,0.8737093073350741,0.1652546171100781,0
0.8348874387010743,0.14430642107364752,0.6266198672358363,0.05327267504189905,0.5299117709911767,0.41428436554142944,0.21576343893578062,0.8969275808345215,0.9655194808891113,0.8345573875716348,2
0.05766782438848124,0.6329411836293438,-0.05652627745963505,0.14714871420806008,0.5822768338168085,0.49894397244231425,0.6866926586565122,-0.17441088249221542,1.1424163322563576,-0.20004189654992216,1
0.3317319377181706,0.6121622951362101,0.7229390145129874,1.0595946426115193,0.4635335150663607,0.4432729719413211,0.6292711661541897,0.3464984590820666,0.2078411728776999,0.11235895873141341,1
0.11500340930061538,0.6352206928131815,0.6068036375326693,0.43276578997216386,0.18887766185864824,0.6700558401020695,0.6252879627462526,0.6404642193048781,0.1885594376478804,0.6738549486710611,1
0.10781445169756984,0.8524471716786707,0.8184114977100316,0.8131905292859964,0.5330812978583448,0.7839104880300812,0.15253025806244563,0.8312714146515096,0.5788855640595061,0.6041040027162106,3
0.9339853992065759,0.28622865148082927,0.37078029532486123,0.9179135753049324,0.6771998994135058,0.4815429986920394,1.014730138575417,0.6224931754856663,0.8621147345838466,0.41098788151842935,0
0.05727865857962349,0.9261018245010313,0.910990496015268,0.33638012005948714,0.10241310115833588,0.3244967610722621,0.797620323706031,0.9613827608332798,0.76121381493688,0.16108668012604857,3
0.43146598719070306,0.05437463087470566,1.0241335601025725,0.9312652989037619,0.5234144841108018,0.812515937067664,0.24771419358504507,0.0395914029160334,0.6132272393621173,0.5741829476845377,0
0.4531649051632899,0.9932019436067961,0.9332054599441655,1.5589204618527717,0.3979808884849591,0.3415232868157875,0.7282652537229852,-0.3459505311095076,0.7737575653238071,0.3177758845725872,1
0.7044109624395316,0.26635241588309844,0.8905228610410134,0.027282816452941783,-0.11401863941640905,0.27180521597135415,1.092771104767729,0.6032614042832162,0.49262250861336027,0.919297588433168,2
0.31008777217734873,0.9208634117173514,0.9962064621831344,0.4720929520451458,0.6694150779652656,0.768685249722363,0.05502390261090703,0.9083442590918491,-0.16963836224251894,0.3378312048872008,3
-0.06993967278277723,0.5127006492444924,0.445129775386385,0.19172353725627672,1.0110192780604046,0.4491475420960282,1.1395905531532935,0.4202021784797394,0.3335439797152049,0.5354697157877893,2
0.41789699285908977,1.2201534296813987,0.4159455441399702,-0.07223308642114237,0.14198159993786716,0.9565423181064596,0.4344410242860196,0.4876428523630433,0.5959445313500463,0.5759310069883751,1
0.20624201428474928,0.2488883057254698,0.8508493078335927,0.17696322825977445,0.738814855681615,0.06744936618494682,0.8190569930061385,0.03440675334191932,0.25400219501547444,0.7817817564989242,0
0.42492164809523597,0.21823165758610313,0.2849834343696299,-0.15978811583551467,0.5750595451859633,-0.043029234955854756,0.8735271307395256,1.338836100995853,-0.0038375238530245492,0.5419859398811803,3
1.0505285868454193,0.634610277340509,0.8635817251614456,0.002144149250101368,0.6633876193462558,0.9058990692812721,0.3184706681941514,0.7822380193333915,0.18676498964314198,0.09605756253327155,1
0.015465410385039069,0.5451507127869678,0.15617418848035106,0.06888822180676932,0.06161891428279984,0.5505331310481507,0.8011584736664357,-0.05261434849490612,1.0467037086850735,0.14161796842807667,1
0.5629151564991719,0.19356898961781926,0.9827460299205026,0.7627408017273671,0.3801961197729533,0.7238623954251484,0.29379556591325234,0.01888970760811333,0.6518337841377196,0.505590443920745,0
0.47609778062972036,0.5440047913681839,1.0144073660589281,0.582210683303404,0.5870161255158814,0.5574228498961625,0.4554826924868547,0.4304977706387052,0.30128672195494655,0.5088378404260369,3
0.0037110513015801826,0.10593701739924213,0.628820150821134,0.2629599305461007,0.034658991801372066,0.21689044764200266,0.5743154260785567,0.23031309124896018,0.6796757409757189,0.7738125443216335,0
0.1154021060214668,0.8581477022066634,0.826704602069176,0.8123693471481278,0.5354518647488089,0.7851061935930219,0.1500446599235601,0.833311019964257,0.5803755597876618,0.6043262000705786,3
0.9328432973614752,0.0017533563969887034,0.05833755301627597,-0.2693664198856671,0.7084425917698461,0.3610975158367682,0.9269819392678218,0.8394423014903117,-0.21506122310740883,0.5076870977810815,1
0.5355222389681373,0.5958048207880663,0.9371540552249942,0.5642864663329115,0.467048945451075,0.6463873601058301,0.5327877597645712,0.5382834324361574,0.16998482229777956,0.4336125683094882,3
0.8744289404303688,0.43241577638119966,0.7697375506603863,0.5567000535618698,0.7587947161101819,0.31068199514074124,0.7683519152801914,0.9509250254063671,1.0131999233085547,0.4770983284062164,0
1.2754193219755785,0.30495563454644564,1.1645135304819803,0.5205767301029043,1.0437079334081758,0.1859039339590311,0.5551551468689847,0.5966201051061897,0.8477109085718418,0.6486603270328574,0
0.25882325719428506,0.9512361105746177,0.41706075609900534,0.042544544268907025,0.19773501845801073,0.8678402497700931,0.5097764883914931,0.2749257793034023,0.7854703431615732,0.512901186619873,1
0.6821819275992891,0.5159831036759975,0.6668052614670722,0.5753004009363165,0.24249482082827772,0.788161917346908,0.2231717148403478,0.8344732530917618,0.35276117801444273,0.11805297955706472,1
0.4386436268408116,0.06085249818759661,0.9889431951156594,0.85700297372076,0.40767413540006003,0.7691789963373092,0.23018888785168706,0.06082786804021296,0.5805383153457486,0.6742741299204288,0
0.994447027944606,0.21637613405838785,0.8853482313668563,0.4639370972323911,0.5140236876771763,0.5976284105786748,0.16084297871112252,0.6255135314817899,0.7847408436233858,0.7917262773140705,1
0.5866246690747429,0.12258451490966828,0.4986256135808259,0.47927588419590744,0.588899835713885,0.49164843638119476,0.1568677695280148,0.5658134784173253,0.5165265098481262,0.604064133265463,0
1.0572823397808844,0.44643297658129744,0.8143731846755736,0.11447383879745325,0.7570517980173104,0.9882805860444901,0.6941991949813708,0.9715139030471478,0.2786253120673379,0.02722436952878854,1
0.535239917249378,0.4344712150503437,-0.03951675655894814,1.038116284009193,0.5214002315976733,1.1802091622296056,1.230434289455268,0.11263944977053458,0.967533999976361,1.0106947711734677,1
0.7832483021331801,0.40120088950424093,0.87287303296487,0.41110998158650586,0.09364870740655773,0.37307904780219975,0.7886630804324785,0.6474538911668373,0.2652959866409679,0.18061821433522807,0
0.42848481684479195,0.19690785928766022,0.321147119124529,0.7018625081429409,0.2755014534404847,0.3314058299965295,0.923514415198238,0.07331092036660865,0.8350195721120786,0.15746200510034847,3
0.05985392236853737,0.6011911398440943,0.8711989154571114,0.9076420344093707,1.4923995114560116,1.208765349294821,1.0048123640207067,-0.41600248001635154,1.1054897287436243,1.5718115298554116,3
0.36860147104800184,0.4672315571002221,0.6347917131632299,1.0695242593801058,0.10559945233749288,0.2742910883208277,0.2480657869743033,0.809940862039795,0.12216849952333753,0.21846693454142804,3
0.8589777828314111,0.11652746683436208,0.6023555482917691,0.07378337792666048,0.505935745313166,0.34626499501500607,0.16636174334180237,0.9344164573702551,0.9237979514445466,0.8228228968723516,2
0.8974925889030433,0.36211111889436143,0.7935589716181829,0.5788410557068608,0.7002197756994339,0.2759081810302641,0.7325357153438912,0.9856250626443338,1.0094698150650956,0.5388087731700029,0
0.061753508017183587,0.9132424210067359,0.16183096246704365,-0.06543742475531372,1.070462200580925,0.20160489457718206,0.7368143872874854,0.4903283217559403,0.6184033136986242,0.42570520999851075,2
0.39346219618958606,0.10033604429305798,0.9651477553555761,0.797508825494827,0.4592271397804667,0.8521461820785518,0.2909105002507642,0.12267333513160417,0.6717309012180037,0.5751814613921965,0
0.39670497661017956,0.16659096135485751,0.3509844940375253,0.7040516328524838,0.19565839009225494,0.3264098878724952,0.9950903018117975,-0.015990685290855247,0.7330165751402774,0.15667124567658153,3
0.6916973698703065,0.6037044507486358,0.10783188151105512,0.8537450498056085,0.6007210245722452,0.5023872646424299,0.4449900798746279,0.09693826254744631,0.3893755671391359,-0.03633463140645946,0
0.10578469176121369,0.4750836225912009,0.2794811307112283,0.9357295443302678,0.6440514303612788,0.7645196613633347,0.35315661331853576,0.07569431356527023,0.1792453283041405,0.08035964680101237,1
0.9409362876575518,0.3421588479921999,0.34468844002758997,1.0141990664602658,0.6303280801931606,0.5821390288843272,1.0675933073186916,0.6723001144053797,0.9191178474941327,0.48081689306113284,0
0.8265666560754931,0.18976139463326486,0.5395675822600589,0.5356144701581578,0.15177930117884778,0.0870226022813948,0.2782160499105993,0.9352749830825373,0.5198241806464314,0.6326650700960489,2
0.45462843839565775,0.9859438913080365,0.833010929635347,1.3036408867292315,0.3954090457083423,0.5155550447310538,0.6302116602442958,0.8942181791517154,-0.25335086564694276,0.4610367637991553,3
0.801518596187993,0.32074316596569286,0.9231947950022199,0.48723205029672034,0.20092852017659119,0.2795950907988122,0.8552658484438873,0.7360844276834434,0.32051146873641617,0.15459762247426012,0
0.8539568243754639,0.31719316001576964,0.8657989219819813,0.6596535543374749,0.6454312533065952,0.30757163359661055,0.6840698293926323,1.014529414643863,1.080861793744386,0.5704580197034864,0
1.2113299528097143,0.6973913050082565,0.7526061551538151,0.18250157017003982,0.2454575550788908,0.899675050813811,0.7229059434397969,0.39147304461809385,0.38917984522690824,-0.2026142709540507,1
0.9059752433291506,0.7806288142000805,0.7879286820033199,-0.15648954596809353,0.6122362941889559,0.45418486199711194,0.421375081143031,0.506389749655223,0.3863863167460716,0.2106275957320853,1
0.9369466660398648,0.382835271590511,0.8456231103955714,0.18053828479500975,0.9932869707701453,0.3870115766339998,0.7592335588670592,0.8962079704300727,0.6976694718258601,0.5859601048274475,0
0.8562888795374267,0.1285103642480034,0.6233140015883853,0.061511349737191454,0.5119522324381702,0.4154440135995214,0.20583383564279134,0.9650154081037785,0.8869455386541634,0.8156119913996032,2
0.8182738208852279,0.361618837966049,0.7873546140714363,0.5483767436139633,0.6673819657980014,0.2827873867671784,0.7582149961768682,0.9782788725434294,1.031365179890301,0.5265262388503668,0
-0.10011029196675719,0.3961547355232872,0.08094772492469987,0.13936312852647817,-0.16510036421096352,0.5369361209542117,0.9505959987287652,-0.12259998376667824,1.0906765397778397,0.23737116592557417,1
0.07674717474758111,0.1500344745790292,0.30072260287200736,0.7500841443236757,0.9149894489547318,0.29963850308834344,0.3838183467324859,0.7869589723281203,0.6991488112860402,0.3138748493793037,3
0.8051449757171522,0.9025763131313087,0.9294949505930516,0.5688181218588338,0.5567005259999959,0.7999166416060083,0.10595715510340167,0.7393084569355323,0.747951790459577,0.4728736540811517,0
0.539631696967749,0.8031285408151912,0.5331070346459881,0.35467248559472164,0.4384822743910292,0.7931045755941081,0.1610912712138258,0.8228680317153716,0.3527431198542918,0.3830769868413193,2
1.134554245975847,0.9603348998593367,1.317015905821159,0.9740378290431332,-0.3422966959740083,0.6813706629262158,1.2303771196312963,0.4942529356347786,0.8017715382227543,-0.04840250269790314,0
0.3117392772622055,0.0832409923388118,0.5583067480854524,0.8002353106355095,0.6517077455402646,0.7304495179101832,0.4367966393124757,0.32337777648507054,0.43615826430057675,0.8657683069675537,3
0.342051756635711,0.16535421154015967,0.5645326164076876,0.7314727211533154,0.09366284352037861,0.5082140639614873,0.3911951937800552,0.5698908191919093,0.19588710440293466,0.742364564902694,3
0.10369126040660903,0.8118349541077011,0.44494535497699783,0.5201305462127824,0.14624786481297372,0.8376821512903374,0.5175113243327784,0.6941279053789868,0.08405065713153306,0.7527011241900475,1
0.5218201120825299,0.7889633847927128,0.5351483868506496,0.34584513626253927,0.4298835743914949,0.7966189681426358,0.17810979271653893,0.8104088643198281,0.35546682828851134,0.3833286921351707,2
0.474870843443365,0.47801603549376154,1.2072916113300514,-0.08995650946626177,0.9191611427754304,1.290211106782241,0.6251077928312342,0.9678455801406021,1.1187970709102806,1.0865713574856026,2
0.3345380511797916,0.2839377703121133,0.5917686139069721,0.8525475910811985,0.8379157114320129,0.8508735191889855,0.3875663434699572,0.32213687682292913,0.6633864957865692,0.7269604463618489,3
0.12407189455469272,0.717260779573457,0.41675744314850227,0.6276320331402632,0.5479514598044056,0.7453540238040318,0.4516201206708359,-0.04734664081103748,0.9566844461147556,0.19712168941716787,0
0.5757334696694711,0.9087816781392889,0.6318804024570976,0.6347275747976732,0.7149530775924009,0.7490908289966763,0.5431459472322613,0.617844220944901,-0.12189680451701346,-0.17887657652162958,1
0.29333379888284783,0.6609754887472248,0.562477910144118,0.4758562553693047,0.02006504018257471,0.8243881722419135,0.43836658088624364,0.8647441501697994,0.047552292849003044,0.702668018601767,1
0.468548139230205,-0.18658436529365566,0.5364329841563752,0.27452654967427753,0.8433845572937558,0.6139629022896184,0.28949686635913346,0.3935183061735089,0.42158720957371676,0.41742741078440604,0
-0.001635342968083849,0.10132321267008484,0.5807623259171235,0.3087048902538388,0.0022980395819524463,0.23488762190109008,0.6082978019501393,0.28645261934370325,0.7253484619556609,0.7821118984124529,0
0.14205280662139994,0.8254064189832819,0.5241219988414048,0.5053633346380895,0.17112033064356003,0.7868197968652584,0.4772375191793219,0.7120540775567714,0.048425090005575454,0.6963414959381514,1
0.9582509442936582,0.23380094089954317,0.7785647429199523,1.213696301474358,0.19185046537477268,-0.014508859380042205,0.22843455261554638,0.16183415418250008,-0.24746013560977498,-0.2655736251667558,1
0.240261422483557,0.974875383936725,0.40344430767752426,0.07294153970089837,0.17329060444651107,0.8826321155227392,0.49430520484669777,0.2491034507590339,0.7564313022092201,0.5317130592220994,1
0.5728682561294448,0.5416815720451508,0.8781046917418135,0.537788406155068,0.5084693875827415,0.6727693954523238,0.5347705860575402,0.5810170859615902,0.19615773744986334,0.39119387468471767,3
0.8663075068478762,0.3546764807497704,0.7893563329357748,0.5886457555741329,0.713018887145683,0.24400743163247887,0.7662192187700114,1.0106514849468369,0.9535364809704716,0.5476268071580366,0
0.3749284387004671,0.512743422985703,0.12443171887696655,0.5968749679652178,0.8435808801985223,0.8430660075264022,0.057181476706667296,0.6929662830516532,1.0648607164388206,0.0979076193728471,0
0.4805855820711328,0.24987714315519297,0.07051368497329119,0.9380438449394719,0.47920708353464864,0.8548064785940592,0.9265547998620349,0.6183980081244727,0.45194000919550126,0.08080655299302673,1
0.5413752031895792,0.8039169382056698,0.5486327847896476,0.34990233166486656,0.44134987418982224,0.7838702293986446,0.1728832099598509,0.8207067038359298,0.35766320331660284,0.38950745570803336,2
0.46760344261547837,0.627299866620341,0.8476697703709343,0.948087146713894,0.20828354381476816,0.165687860568886,0.26464347421173023,0.63867263145132,0.11862364676414695,0.1933249351440112,3
0.10847806649195883,0.927056610779841,0.8269117950433942,0.38172453419280805,-0.026224397186915216,0.3155404532363899,0.6787344562098737,0.9149847713886463,0.7442895146607696,0.16454691749206954,3
-0.03109894499028279,0.5849836886677838,0.2607606738278635,0.5084424448162272,0.5089629766870191,0.9341762073748946,0.7706373249055692,0.23239074797873208,1.1669748660801602,-0.04017955611106741,0
0.9195019152437506,0.4066236197234185,0.8430735739183597,0.20883788099482925,0.986778439917038,0.40069318170408924,0.7902233824701947,0.9216864449051558,0.7069934183924271,0.568010240269739,0
0.7477231045157449,0.6906873274046915,0.533540016236935,0.01867202000038134,0.5058493085233194,-0.03252020980324059,0.7972991018128586,0.9569597848559023,0.8557421366705323,0.7792643078123913,1
0.8078984362049281,0.4729814206561983,0.7956033329824611,0.534325668514813,0.702119277739623,0.255352264733835,0.6940062663271994,1.0178705222877023,1.0379375273777023,0.5844473854252701,0
0.10941647315169573,0.8602385341574841,0.8234885877847636,0.809327227876453,0.5374362807590617,0.7748704023267042,0.15946367484824867,0.8276737671857993,0.5795697424812436,0.6106633743500143,3
1.0501829169683743,0.49184980275652634,0.34073192198564956,0.24400144715324246,0.35226722081778966,0.918213457215542,0.7192307355100808,0.5725452710255491,0.4423419588220583,-0.10295111526322503,1
0.8669265987064887,0.3833041138903914,0.8054895891540139,0.5706934614100565,0.7253131885767968,0.28379305423118634,0.7343115030618013,0.9730090478060913,0.9812213036668276,0.5281666297311713,0
0.5337093234204076,0.8041298780736253,0.5341041422944991,0.3609264583469584,0.43853532516252175,0.788579726408966,0.16291111539574477,0.8152960081528183,0.3493859756756745,0.3889931996848796,2
0.12869305129798167,0.6234806871265018,-0.03580448621602711,1.0761191075837833,-0.0714750430783402,0.5475100671833081,0.02524523834405512,0.3101559762574727,0.4872845830927231,0.5667288719514145,1
0.8567609394547446,0.10791114598978879,0.6758402550219182,0.052801301233148946,0.5394877471241499,0.4122174642369554,0.223893563613377,0.970731483445508,0.9630467502273716,0.8032488631712372,2
0.2993683809020681,0.9215498295721942,0.7131706156942927,0.617259664032606,0.0047749314468276405,0.8453621781452144,0.6111766454809373,0.7869915395535979,-0.0336566661862992,0.7556527941981429,1
0.5479328752551763,0.274491419070323,0.08476170179662611,0.9808354655179117,0.4284555252883382,0.7794296951054666,0.9894905378132145,0.6681189537842358,0.512758974918239,0.01743222413247638,1
0.17553366807739107,0.761669001357739,1.12085947342334,0.2855868267448238,0.8744729280741795,1.0753142506746909,0.8638432766464264,0.6968053108896046,0.8157829742624643,0.7194463422153101,2
0.6418714837214885,0.22682750459977696,0.7995247851711921,0.4643343697668738,-0.02261906145091855,0.49696726075620173,0.6253663670984311,0.7798166610855578,0.3827967182015012,0.024529074942419682,0
0.7293305364839882,0.6750520860444151,0.41128948604721816,0.015631202948829075,0.5999539033412732,0.03738032034779691,0.9028998084274633,1.085976564103635,0.8624379926508922,0.8695796587812593,1
0.8680570126262022,0.3862624496402315,0.804283533386835,0.5672349465504416,0.7159422519578247,0.27476602918414916,0.7311920002921016,0.9787024050693038,0.9914368226414026,0.520724492547059,0
0.8558173201676613,0.15032831007047007,0.6301831624952934,0.10580274391463397,0.5573962194804827,0.4155136704173715,0.18289936174605742,0.9305570124584313,0.9224716149638058,0.8454988106542549,2
0.8386081450028866,0.1446633445667403,0.64597977195181,0.0891128078738666,0.5247103486572491,0.38228225795712517,0.20104302517176884,0.9319047458084467,0.9351996053507372,0.8161848884838167,2
0.2315927527892636,0.8761925760282818,0.8780817837868177,0.604171713611592,0.3539499034660071,0.8127639736979712,0.14323373354932267,0.860605481796787,-0.0381003028731851,0.28299739300927507,3
0.16368499822353572,0.5970553233679678,0.03756035826661968,0.25177121547637393,0.08750585484825608,0.5071374637597795,0.697755069251294,0.15624690557380677,0.9769386139642865,0.040596687762559105,1
0.5455105066169557,0.585951406981234,0.8329607316935257,-0.06320744823781613,0.1172485585726436,0.7839364986169252,0.7126205059816635,0.5991427329840461,-0.0032745098406040674,-0.27574720792579843,1
0.964881861733646,0.39064852793124205,0.9911449704360032,0.28344143338835265,0.6578885900960849,0.6139391777299105,0.2517320559519924,0.7049516100023996,0.9420521481675734,0.9420259546571117,1
0.8346557466313995,0.1706858019350577,0.6912537093319591,0.07500349468682974,0.5513649097798465,0.39093992258224347,0.2508665365068521,0.970832703876997,0.9349674947995202,0.8627164051673843,2
0.7564801744392443,0.47270818707569434,0.5968501231519291,0.2364189178823841,0.12253504960608096,0.5296502452246189,0.944290279990052,0.41553965521588093,0.7884243477080419,0.9177952720779449,2
0.4255802805465304,-0.017446459160685088,1.0324067093507594,0.9107836528860417,0.5502345507169635,0.6774583011217187,0.20676322737379707,0.09084290886461671,0.6984516248201588,0.6870680824159694,0
0.9365983115143184,0.9282524172508047,1.3004815629185522,0.9946209727983301,0.6735763460327805,0.531837663796593,0.7362237947984449,1.1997808457925947,0.3159795259588472,-0.33849646182097637,3
0.33561571155468656,0.3845127328192446,0.2181583474233723,-0.22081267163523194,0.2495476732080631,-0.25832247656308427,1.1495875285802928,0.9830373744592883,0.8749268264235981,0.8180079151352726,1
-0.005159319428561768,0.5182489331161051,0.28824911270060066,0.13992056965817418,0.9360818964508538,0.44682772490616,0.9959378816442173,0.34498001939370476,0.24700741937632906,0.6320643848150812,2
0.33229461194385257,0.4064095507701213,1.2198452663700592,0.4628856893123379,0.3781361988331776,1.011613230387296,0.15423255376574163,0.2140012368354061,0.04791207336063691,0.6477000401831396,3
0.8913097846152384,0.8139891582549411,0.8951906150967827,0.5966071578244746,0.5916314188653122,0.7958735769639945,0.1872998617499469,0.7111468940241762,0.6118300517462185,0.5431145081287501,0
0.8904123561351796,0.8147212093483324,0.8411525773286893,0.6052215515805258,0.6062136794007368,0.8189622696854447,0.14516767409791126,0.7623751446489158,0.5993707922739397,0.462137824630501,0
0.029756349380762673,0.1275865160199458,0.6708457632582026,0.2366929080279893,0.0029503925427510347,0.18704554125857362,0.5410837656018106,0.21462336795203196,0.6684692046319036,0.7749034825317096,0
0.3337683005601933,0.8648165463803693,0.3524601023446682,0.8062005331775659,0.8746059834674074,0.265488976141835,0.8489441689534922,0.9404196078683144,0.260020711195468,0.39366672820091037,2
0.11944495895649185,0.8196510169183356,0.482703398330432,0.6145946649148456,0.09139011866401225,0.7950735214520026,0.591950825172742,0.7508427116261532,0.06642487074043962,0.7458325427980322,1
0.5178733970203275,0.47085834196633347,0.08746153661885692,0.49833581098031987,0.6295839148433514,0.9462454047912443,0.49884046899352696,0.2858082399515027,0.810403345561876,1.1353214711770865,0
0.7969902660241108,0.7345851317549538,0.23168096293816154,0.5948116453016751,0.5652531254637406,0.2962925002363684,0.5302838425078856,0.12204884409404067,0.545891273508792,-0.06912786616376737,0
0.5996067217192915,0.2510608950355601,0.06301317568667739,0.9971082937213823,0.39744956711601004,0.7851496348025597,1.021707121847591,0.7055953021301608,0.4779687614150137,0.03432349402380824,1
0.5020757258012557,-0.007427051008246095,0.8752525825261035,0.9575629424543312,0.4589219404621688,0.7341963756008753,0.29540190745206424,0.17899105339021282,0.5575958987899652,0.7126053504102567,0
0.514044894704015,0.8423308987102179,0.017336892663715492,0.5439018658358521,0.44916921223268924,0.35713837449370867,0.706745661994697,-0.08415789990617975,0.5190512095769345,-0.09592446302869247,0
0.043754975765686856,0.2610573210064491,0.36119844013916075,0.2177975200649935,1.0199303743300228,0.51849667462225,0.23276889799415232,0.8484931775701582,0.8239944933172786,0.5720566883919614,2
0.27478904568206425,0.4568089058556701,0.7552142841439858,0.8487714968242253,0.844088568681082,-0.2586719852921004,1.104228056520628,0.36088388520567705,0.5048796042281374,0.834331010516523,0
0.4311541604138617,0.2877462808246197,0.33086453428074997,0.23846713268113587,0.21919768402011916,0.6328917921897818,0.7035244801501895,0.25750945238140216,0.8135316661122645,0.6388929325477305,0
0.7665379090851342,0.6362452821161914,0.4654546999687504,0.08509772772835933,0.5117172589146318,0.03177429721527926,0.7983948977180804,1.0268270565111925,0.8114963353893715,0.8050309039958264,1
0.36162115605493866,0.5300920945797358,0.7674850713889472,0.7926630265121251,-0.008137358413289025,0.6842939591584185,0.29997977782653523,1.1014178509143646,0.7530531426883167,0.054372772070933856,3
0.12176734709271377,0.18504841327626928,0.29283390992870767,0.7137136468033901,0.8763114694705516,0.25181593999773527,0.45091127528165265,0.8184485736767209,0.6327545890110359,0.28363772043137814,3
0.19208122450530085,0.5880323790274602,0.0049312284457111236,0.24016084355054232,0.12333328988570647,0.48629988950101904,0.7199327494744081,0.19122500814354343,0.9437739297104686,0.07262594758904181,1
0.265123909962569,0.9554967804716352,0.44929308885825553,0.9145109566096238,0.6140242497025368,0.19210789100956066,0.8873245488071712,0.030770050984104024,0.43648141427717074,0.8747028770736066,0
0.16312554926008616,0.7595306501362237,0.5006915693719468,0.5662523628749879,0.1584344724675917,0.823321789085735,0.47958557158488824,0.7256553686590895,0.1282118615394202,0.7168266858192752,1
-0.19573659728670328,0.2263588365269068,-0.0858222946078781,0.38234431329532914,0.7812672920729297,0.06968303632616213,1.1490627923726455,0.15471045783141804,0.5142082327089145,0.9283577154351296,2
0.23316978118015766,0.05625032614457742,0.6512377688868949,0.6353237035598134,0.29204831163836514,0.38182867560329425,0.4088302253215698,0.5162012204399803,0.053116028208266414,0.7536639991327906,3
0.3532712976261137,0.8680854093513735,0.284837363750866,0.7156267973658214,0.9732973147950267,0.27886771364853136,0.8440985262282644,1.1012861370314975,0.20685262214991346,0.3541076692458347,2
0.11050738557244497,0.20010431636623524,0.2981768337532236,0.7722754346487534,0.8987676013082373,0.21678346655379274,0.4048229752983172,0.7921461658376491,0.6757752671417585,0.2915662387978755,3
0.34387937218523984,0.18218905078696662,0.31614696442949847,0.7218837441414536,0.21022575297685683,0.34396849196377827,0.9897360515599278,-0.015245577635600499,0.8015220281093056,0.23262976076057024,3
0.16169388838514767,0.7678097004485366,0.4978590700743604,0.5704050340080541,0.15217065041197864,0.8468435325944107,0.51452987327804,0.7161293296247169,0.09935024225463956,0.7424986421660723,1
0.6097725945362913,0.538070388946177,0.3640739618729467,0.017101170681274792,0.16082840025117973,0.028842189173592294,0.9110379191722996,1.3456276477796807,0.5208285384987417,0.6681607620239989,1
0.9251904320447976,0.5798676942118179,0.6726709937858011,0.15182214344752168,0.5305724407036163,0.9193549972496355,0.5246735393742575,0.939155765375792,0.1805763467557449,0.12007983534924903,1
0.5487044648843287,0.2373055026256376,0.11440174075833223,0.9106108867191554,0.3845395150719186,0.7390571563251354,1.0362483118535988,0.6026830961327598,0.47558081296984944,0.0023933681128710284,1
0.5401481913969773,0.8020170702847038,0.5332505615413412,0.35988866828483185,0.4338368884489782,0.7845146520719508,0.167217417551221,0.8151775641056389,0.3450674956659746,0.39487736308784627,2
0.27013081061336824,0.16141966694639626,0.6451566268234413,0.2137782531889258,0.9832641586924705,0.08393920428922126,0.7156823234851769,0.8456109442397811,0.9031771817348061,0.1430609803083555,0
1.017273239967318,0.41395213521676155,0.3455252058692342,0.9250233525905112,0.5883412918630452,0.5896552820430682,1.0190859928570857,0.6184883811270396,0.9012271715853418,0.44439129894743573,0
0.6733541642354683,0.7459901524520695,0.1333919862881135,0.6377531983508653,0.47361588205189115,0.40619978503223614,0.6162356948129257,0.0028491799939603865,0.5567110515062426,0.019428313781628265,0
0.8725893763739155,0.37506475600690525,0.8099909589214264,0.5737375070936319,0.7176551959636585,0.28581074905600123,0.7336143898339841,0.9783762745926748,0.9898856749310438,0.5233529251374115,0
0.7053000901957356,0.716616133007748,0.7590330292662086,0.04625277293425356,0.6507247712743789,0.40599915614230725,0.05888890717036399,1.0107110410478555,0.3259379105972072,0.7628243879651067,2
-0.13627296712569353,0.8447360681427849,0.4011056674864966,0.7450050481455768,0.10105051662683286,0.48643927778761825,-0.12919527344732845,0.1278748955981924,0.2647353140341201,1.090418751459989,1
0.8195901918259091,0.4609192039117941,0.8282953137174872,0.5193043269752784,0.05674646002172209,0.3001887982472284,0.9196202372078133,0.6323442144652003,0.3549348067178957,0.2581141252486811,0
0.2140594937431426,0.568337241917456,-0.03299269142227661,0.2073204361263637,0.1166157485087228,0.46176383433517426,0.7699172900637425,0.21090799202258878,0.9609528693810361,0.02584483713654842,1
-0.3001253506683606,0.9554005656512913,0.8350259007560056,0.3682777847672391,-0.08841405937502489,0.49937536932499327,0.8458658020436772,0.7186273601145661,0.8672812988890644,0.3647527150222809,3
0.6060080643658161,0.09387986837331758,0.33478690309238124,-0.21476844877191364,0.7995371122415033,-0.43872889843925483,1.0385587333127375,0.9949244383310325,0.5592664329426498,-0.27500725814827803,0
0.42674405216763645,0.45336204247622125,0.9153950600801598,0.49957558807632807,0.3557917488471085,0.8111836912256647,0.40655642738255643,0.7163725754722711,0.3571559724641509,0.2713662882208626,3
0.029888037588230627,0.8957667146017271,0.9133349836758861,0.34439186458623,0.0870294922875568,0.35458129984081316,0.7950672934085375,0.9630281656596407,0.7342136757602953,0.13609608088240224,3
1.2457872448609906,0.9374449557159035,0.9606694469745453,0.5162728373754105,1.0689088353664753,0.6698605217050169,-0.34319721029908823,0.8943694252682048,0.35450296379873597,0.48337501434072533,0
0.49925869177376914,0.06098699932340819,0.5776955317334237,0.2258124070820558,0.8891174190228445,-0.09582915053887742,0.5354945838654388,0.9361440597136939,0.7750129029778828,0.32139500122050224,0
0.8826576388849837,0.18505611654117715,0.6841594764792025,0.12225726245257093,0.5670693038312042,0.44102659326544874,0.1366576206542947,0.9537559411413542,0.9389006101967194,0.8971283645243148,2
0.5392778661706222,0.09888151002695927,0.9056038422679423,0.8016718918134672,0.46248412982528864,0.7338025699421102,0.3123309759706318,0.11704300325443649,0.6287266008743833,0.5836390928864914,0
0.6069767363953238,0.42668132036426953,0.8870692434897937,0.47151219972086766,-0.06998271627841005,0.5755104541680541,0.6771795032678196,0.394833550688679,0.554651319265379,0.9583277791616234,2
0.5789012597690031,0.8179612696957405,0.18480610858670346,0.6443175251941583,0.48804986213343216,0.43022735442590787,0.6065541812685977,-0.002482559526901122,0.48293592965180493,0.026842320795910913,0
0.1443298404111809,0.114038616784259,0.16251983621319938,0.586448965812514,0.8387642255767479,0.2818682289471842,0.5761877549236222,0.702101248819947,0.7808912139038336,0.18834270024328992,3
0.10692209054388402,-0.41127588666737264,1.1008132061721223,0.46024509051696905,0.655666281599077,-0.4075391586484684,0.5929649059676211,0.6324275943326256,0.8737999748398837,0.0777400295067511,0
0.38032080223144793,0.1893565768514514,0.25638161100772483,0.7477029007564908,0.27150606752174367,0.29696555160470994,0.9483595483395538,0.06614639114386958,0.810040096786836,0.2206517762095272,3
0.6654974011688309,0.833501028540956,0.07154001311268274,0.6957586578277416,0.5594322109180634,0.40757948385475185,0.5977844891407118,0.06015756503176738,0.48852897009848034,0.037616376025636826,0
0.28364102674431196,1.224228084697751,0.5178395084477136,0.7122715486554354,-0.1829606705768549,0.18818065957869046,0.6621095135110838,0.9411314281867703,1.0231328159572308,0.1758940742304324,3
0.34597747118020483,0.3853646885605224,0.1707288711641614,0.16542337601532223,0.1265914699437901,0.37966406456276613,0.6440812395975509,0.29861112388736055,0.8424463305026525,-0.17354336423520123,1
0.7979326758214904,0.305419240559909,0.03980606137204876,0.8094552848772516,0.38497964166473697,0.9796032939069163,0.8616841866106573,0.46652146056184585,0.5723038926873832,0.6894010400912507,1
0.18413039587439836,0.842754616833153,0.5126721825419867,0.6428817557959899,0.20070021324956985,0.8741774186374837,0.5898549735746146,0.6364605030375159,0.044908063768924894,0.7215565845499143,1
0.8002268785033506,0.12282679316683881,0.5646708206043994,-0.006673806498461443,0.4844318684441867,0.3861595830815476,0.22413621397424532,1.040799716169607,0.9585614271279957,0.7587620497648602,2
0.20073198395683475,0.186330497315207,0.8537426409520331,0.5725603542332001,0.28859539821366603,0.08758350987774827,0.21829921734379826,0.5248192082430814,0.7893965803801607,0.8232387728675752,0
-0.5228926562605267,1.343735602318075,-1.0385560001939131,1.1473698387719045,-0.5088270916907971,0.19461668693851153,1.6143454333552976,0.2680101183729572,0.4365733746572406,1.127870271687594,1
0.5503661368978274,0.2688148171211398,0.08953600254565833,0.9712100450883666,0.4186443859403015,0.7822721507412763,0.9916064031934972,0.6621624256709275,0.5046519448043736,0.02238822092321507,1
0.4173181730432754,0.5745435449386553,1.0655307874647422,0.627578046874778,0.28111626728543326,0.3705954490109975,0.5134925166161456,0.924132747255841,0.9021161476352766,0.17411534774325654,3
0.1273185493956934,0.9441117711953317,0.8785513126981177,0.5851074894111227,0.4223011041657725,0.9325499027101279,0.1860278839682733,0.967004846890865,-0.007955648293832582,0.19859917632404256,3
1.0543444114959466,0.8154023904875155,0.4727390316407633,0.2680611537968679,0.5212428909128598,0.5916411500474289,0.45235732350500707,0.7662112806952844,0.3567362137370495,-0.12473462368736288,1
0.15052795365788504,0.1950392946302487,0.8233352845132053,0.20550509698638544,0.7436025346897965,0.08946616618818076,0.7709220096776713,0.06024682119383921,0.2662201628769265,0.7368606820466054,0
0.9684861114563976,1.1445172022295909,0.901440739607297,0.10730496357503487,0.41489313507482484,0.8097227107942806,0.774115665817677,0.2749075503046045,0.6049488583331003,-0.3888196443665307,1
0.5624402285777542,0.2447151918813556,-0.2154706259909937,0.877217326437268,0.293137312438142,1.2193835070619925,0.68526134035473,0.1990520948259164,0.5338674872991691,0.4090338528130738,1
0.11430716203878628,0.8650928902251664,0.8098383234022973,0.8011020191897013,0.5266770361507465,0.7722743835138743,0.1497730994241672,0.8431647896645369,0.5916744118537832,0.6143835934362154,3
0.3869537338564674,0.19627503131348167,0.3151085473850341,0.7533263055906433,0.2927772084803079,0.33102911231877863,1.0038373728355858,0.07361686530669198,0.8205724394213161,0.23039545906941944,3
0.2696062863087424,-0.08259617787741655,0.40235562291796023,0.16092277370280875,0.41881555371639345,0.45880263907018026,0.45335090651300025,0.9120493666024306,0.4851135295313189,-0.050007073195907054,3
-0.16386410045819633,1.0923779716788076,0.9752391657580274,0.3457781860187892,0.380473478985047,1.268334741071767,-0.09375094794324912,-0.23319363872491483,1.3589605070328576,0.10688470936432934,0
0.8806644987294654,0.3009015243014692,0.6516811093408909,0.47949393352301356,-0.0007830632351651379,0.5103369243693006,1.4462979654093449,0.7046918346713276,0.7068626345536676,1.129413052794002,2
0.8905446330388749,0.3469210583330996,0.8557214026402146,0.4695737393035805,0.5173828153476266,0.6301099400213712,0.23075481963959849,0.6982787567289463,0.8745157425530051,0.7707899709630204,1
0.8406213137156874,0.14774849662745704,0.6417281165276368,0.13607296299006055,0.5565468684701096,0.40602553817439346,0.2496381971625236,0.9812767123573347,0.8829645446978835,0.8059623405582509,2
0.8659207599048824,0.3013925002718094,0.8055855810045693,0.5420516096683152,-0.2208812978698545,0.5289842008752825,0.3940906347679115,0.47427959436173955,0.27882026153568895,0.38951641262677883,0
0.5388103311744861,0.8093495429707074,0.5412276812356064,0.3651801636952668,0.4343429065843493,0.7946104622799746,0.16078302622413748,0.8209037145981638,0.3502411659784769,0.39602572837543126,2
1.0028321441780068,0.3591340420235694,1.3318283868127372,1.0745820131037487,1.1037663981754493,0.8513308396887198,0.736975496057614,0.5473117242790362,1.0160811572260555,-0.5124737353452047,1
0.5375713751359246,1.3965877780964635,0.3684691982650301,1.0522372644761118,0.8493857360069313,0.7111852820550987,1.382067825389071,0.9572965713192678,0.37801931528408017,1.119638547740046,2
0.3283312713589747,0.8155538504621481,0.3110083983133968,0.5971049453407413,0.8186493932842146,0.33432567196417634,0.7199288773443876,1.1370595094372105,0.4299372083887457,0.48013519808666516,2
0.8985292362396824,0.3805979820200835,0.6418887659019399,0.16838628200761352,0.6470889424357678,0.9094119341980013,0.9528070560202285,0.44628587680544257,0.5399961286355648,0.019644468406120157,1
0.4703334409428921,0.5387750844023821,0.22900387027818267,0.6439205235205459,0.7888370045948805,0.9269390672165286,0.02055083588497297,0.660461681253691,0.9817789765121596,0.16435429125556306,0
1.191959273293509,1.1234652806526462,0.9246716575087337,0.2374120317301533,0.07221867566657925,0.4519079302579567,0.5662049207376249,1.2026404934160873,0.5102612819862824,0.3444970395498653,1
0.35729761756265227,0.1360780442822827,0.6098806086266425,0.9064572173077744,0.764436331032624,0.865403064026943,0.5874810901075693,0.23518066527062087,0.5088649416027654,0.7640705982346628,3
-0.0029530694582910466,0.11803416852175896,0.2472901592281288,0.7052249706164169,0.8100990324998146,0.1492651487831138,0.4294774502091421,0.881038381455864,0.700667383342603,0.4070061625960192,3
0.11626647429923355,0.7613351800439664,1.05640065198308,0.20780371626148766,0.15937489703765206,0.4619352784906261,0.8035902777374356,1.0086224354175852,0.8400258204241632,0.07615169151598639,3
0.6419350514825086,0.11719784708820014,1.095610763116239,0.855881781043387,0.34826660081975847,0.6823072422570283,0.2196931199706596,0.1742910840713916,0.6711761390263502,0.47619555736755176,0
0.178893170032857,0.8250014056265111,0.32729211657161417,0.5235100283065004,-0.1909594478033898,0.36217876197990856,0.3595516120794319,0.3042486675486785,0.7071944097029421,-0.14544324024678915,1
0.1563195566696033,0.613381503883418,-0.09091064631666013,0.34424718486227585,0.142909823762171,0.47977858636876264,0.7293223942908924,0.1560636221192425,0.8556594796988357,-0.010094150485459898,1
0.42873960241211945,0.005624601253553116,0.861231833865452,0.9109640056545701,0.377950415658014,0.8545169433139572,0.1734592725597038,0.16480695601397224,0.5567724002074492,0.6369058664266598,0
0.033677063834547605,0.4269123294497047,0.3640195648021201,0.6700787960055566,-0.12747615845503,0.538679046463765,0.6681351399517481,0.3413656416312959,-0.0729633753652042,0.5682038705985026,3
0.5398889122178409,0.7943697425391539,0.5433907079794673,0.36606392597812065,0.4359189106806748,0.7834058274542178,0.15027686492738346,0.8270756434285522,0.3563347524099759,0.4022710946231049,2
0.4967011204102864,0.33637122040779177,0.797009733892707,0.7383629026782849,0.8107030063705019,0.9701556895031624,0.6435711666072221,0.22408870128484779,0.39001634316057204,0.8452678481235358,3
0.9209599838401906,0.7712152573083659,0.9139805116067681,0.6421136618036065,0.5797562640219724,0.757280652227371,0.16042072698206988,0.7049977322822856,0.71454010341221,0.5054992788765651,0
0.8179801256979635,0.8561798869278757,0.8413112065983792,0.6172994124465623,0.625455443160767,0.8216576971748389,0.153882100346263,0.7416296033271664,0.7018365207711236,0.5143278737534296,0
0.8462441946926059,-0.18390394299838142,0.19978476583477167,-0.37366009642692277,-0.5927606583096448,0.6591399271512893,0.5610374349976316,0.40324405723561696,1.0278795708453072,1.5836306694097897,2
0.1937622056411068,0.823463926144916,0.9209608049481587,0.4400158555897074,0.21276697500951905,0.5319307319731865,0.6693691909344511,1.075693370785118,0.6768339494320227,0.03779683461078949,3
0.4774639490781088,0.544445910720661,0.22614673529248686,0.6368269770512849,0.7932092449809709,0.9304880121157709,0.028510866785693468,0.6681665904182312,0.9825921024865457,0.15636277454914224,0
0.7161358211999551,0.5111362079176924,0.8631539218556736,0.4705070040267148,0.03332958070875551,0.36342406692954676,0.8604966319439219,0.5536544664756969,0.27352938456057696,0.18095612873244132,0
0.32242000102435286,-0.1676724370616859,-0.28393946525545943,-0.1233419570747083,0.4749458660952244,0.908320073729262,1.3006195308520159,1.1130237542831505,0.32761316682767777,-0.0625685182486578,1
0.009972040593295445,0.12197150954433708,0.6402449360691493,0.29233131033790544,-0.0008438907709644727,0.19192035032319296,0.5445393438213836,0.2291440003820445,0.7098949643685527,0.8044656474224909,0
0.0024561283572398576,0.10263768677789079,0.6356098973854346,0.2592385396892508,0.031583118366992374,0.2197871960966276,0.5695579643456823,0.22633541957636946,0.6792314872206403,0.768444218262909,0
0.9336595243351311,0.2217402393539086,0.48544351697662413,0.3847715516219181,-0.08191589655916534,0.6045643287459516,0.6883667799375877,0.7223651979135634,0.18503104450616958,0.6561425586904139,0
0.11462961746113821,0.8602255478459696,0.816465926381518,0.8078558176373981,0.5354821771622731,0.7797593224684457,0.15877256268435727,0.8337868658078946,0.577125351418825,0.6051810401430224,3
0.05496251528586604,0.1833442230859716,0.4830384518390123,-0.051019986852259946,0.457283002866949,0.8750684422824675,0.3484818793414932,0.3157527547092367,0.6530526156914928,0.4959118468928636,2
0.4413729910472304,-0.15054820147058467,0.9226777157240758,-0.018431267002562007,1.0437025896342256,1.1893984092025467,1.6147467284056423,0.6318450063914753,0.6120189890856123,-0.598108207004807,1
0.833869165489195,0.4985047092183308,0.6104647942016819,0.3038325854562022,0.1663665258025505,0.5630512179991645,0.8744151535934801,0.3622956050422556,0.7254032708716436,0.9699671561417076,2
0.834407614313326,0.3541796866129365,0.7732098054928273,0.5607219491801148,0.7151298953728121,0.2608810263341411,0.7156567688999911,0.9608200781068771,1.0137429751950118,0.49455445802895787,0
0.21757411312432606,0.7520597093098307,0.44828545614033777,0.6225932453857279,0.15869825343823396,0.8664525013404664,0.5500040915633486,0.7775620397747398,0.04126670873938843,0.6623620568604078,1
0.431075676508695,0.1926535090418678,0.306234350798033,0.061237062517009985,0.39854553864054065,0.732894002899211,0.6602283986342027,0.11556847128704142,0.6873662712508636,0.6324798364579298,0
0.7660935516525651,-0.005133486032772527,0.2796282149628664,0.38058552656682243,0.5915404127933666,0.30395007470677715,0.9969430312770549,-0.5667910364877039,-0.8368586123725877,-0.7493361351966535,1
0.8993730986210792,0.5262592358603988,0.7464043073129314,0.5161421899358475,0.17476259146398332,0.28893470605493976,0.7692768167408792,0.6832807476975663,0.24583637901541702,0.09889450813218187,0
0.4312054833152231,0.03132403027621758,0.6138394572348458,0.9155764374355377,0.8932160851028642,0.9372303717463907,0.514098953383266,0.15042213226379347,0.5313054769668768,0.6364956652561182,3
1.0958332322359667,0.9767521644792454,1.5083324624342058,-0.33709460318944384,0.008970089440837464,0.39522018903201706,0.46084520988589983,-0.018969629514775987,-0.17718634619783447,-0.5367964931841379,0
0.20443239277497768,0.9082793734930327,0.4609340171908609,0.8942532139952241,0.5748434358954818,0.19399094303399494,0.8672374741111207,0.028753790174845622,0.45338218254404367,0.7807192993157095,0
0.8465849307583695,0.6635948383281334,1.15714013890967,0.45392735741311974,0.8894309037577558,0.861125001439734,0.4560458866180753,1.0276786231335657,0.37929931023499774,0.41001380459934067,0
-0.0004731788737550829,0.10812029874481115,0.628401923156469,0.2659709396477534,0.030969798447686714,0.2193730523059601,0.5721570678989801,0.23205884157307466,0.680339242757255,0.7761897345286908,0
0.8941435128183601,0.12838870687428663,0.5931741151057358,0.09156742566184012,0.6113547433010063,0.2676016163118383,0.14743296071945175,0.9504227304321401,0.8567007338720568,0.7036785122740681,2
0.008070349606915939,0.5587243365607513,0.10386887156464356,0.907846148853517,0.08764244817184104,0.3291522800591306,0.292709318680392,0.25123170715771187,0.5034765038647508,0.8538015618449031,1
0.32449899732343185,0.887079538170175,0.49369694361091904,0.49492624119021716,0.3302700510691846,0.6556195432521583,0.6326149730985728,0.6698283770474864,-0.010863621466762952,0.9417642302712435,1
-0.07079127393959059,0.8954597494084434,0.9302566388172198,0.28104858977404107,0.00914535552565239,0.44661529060967164,0.7485229995262676,0.9375792536263527,0.6569198305272451,0.06639321560144641,3
0.6913118654433988,0.9940224454863198,0.4154761458919801,0.6347486434083516,0.2799590915165262,1.0217479399948797,1.0855123019440869,0.8565765015369979,0.7494576135434681,-0.3807915293785519,1
0.20798427045411472,0.2322257530704175,0.6895238511810479,0.7208767407405672,0.128616322355158,0.5565598354334372,0.2616456172313511,0.4062762268974177,0.1133725116038826,0.6381627061594526,3
0.9368009816305222,0.4413837058608509,0.6412365999165919,1.267943775158251,0.7896365718630879,0.33873271803481453,1.115899226361796,0.8802433995522153,0.7474456392255184,0.7435630331444906,0
0.037899535962329166,0.28217863660861325,0.3316702289616045,0.28008854199893435,0.9699368275534286,0.5863422670644065,0.2430130985521328,0.8820609592122572,0.7970038058890923,0.5389864340804661,2
0.5204204877839654,0.3569323616167234,0.12749248083836862,0.9028117960378659,0.48820597431799584,0.8449014299810983,1.0091797984947826,0.7301328655805256,0.6053377719708509,0.07795323357414143,1
0.6918571536205589,0.7045963350727278,1.1013698375493306,1.0974534522386181,0.3191321243638589,0.4003567708245996,0.12232888876233391,0.5668144127447143,-0.08988886157534112,0.12684526749731806,3
0.2969451428869104,0.20946187602399738,0.25439809706014593,0.15565415557746487,0.5205645440831639,0.9109162963167537,0.2035521295861598,0.08548382794739616,0.7104124913829137,0.6761723366048729,2
0.8777313867374257,0.37420167622229117,0.8134742765718667,0.5614591955921997,0.7236347281621935,0.2820059905676445,0.7419996626556045,0.9699269845154934,0.9911979163775716,0.5120959378042458,0
0.38615948726098126,1.0617436117785677,0.33567930992901046,0.6150641967669404,0.7844205937519795,0.44061032357341223,0.9289640067781175,0.3021571269841008,0.7069297228624121,0.13749005602700468,0
0.3006712941968631,0.8945049663985959,0.47201573721810414,0.7997856868774511,0.6148477051150528,0.07784770977709798,0.9602298569028436,0.068830507457003,0.5029354398179504,0.7531494320781229,0
0.016701817230784344,0.7625751902114606,0.1397465968693174,0.1538770194583425,0.02433504297783464,0.5787902440502121,0.600449266655011,0.348874162199111,0.9552496172428493,0.1438082744747467,1
0.09894090478408193,0.8575439425762522,0.823715207723614,0.7930849656684797,0.5355081078950248,0.794528194424606,0.15925871666706834,0.824158384613901,0.5709372968695248,0.6184881675468014,3
0.3019646690539673,0.8467503139495913,0.35887555976985047,0.7944393049654704,0.9427869834069619,0.37283560570329,0.8428422402360062,0.9444112984454486,0.3109123662168163,0.29088400705366796,2
0.36011739130444975,-0.27708524665833517,1.0860018837608472,0.7599405798657607,0.33915371163353836,0.5855901943847107,0.5811429894044526,-0.1723010329747664,0.8371748725170184,0.6370933663602656,0
0.9775514013811698,0.6742374207763733,0.8810902163250789,0.2762335252465101,0.6489594593682757,0.4977232895220024,0.36625504398057396,0.4606744702395323,0.3438677361726635,0.6757414404763864,2
0.10129328468737642,0.6078135724627217,0.004688349700702449,0.24801178166446694,0.09908383365055094,0.4568449815634154,0.6723822821626313,0.17653153462747498,1.0266879113925842,0.04526268163304187,1
0.45990378999074016,0.5575121288842415,0.21708368804500786,0.6478258337703315,0.7521814427762799,0.947332439208501,0.017503785516072477,0.6364899251275827,0.9894514863964892,0.1807997567971459,0
0.7277441585145958,0.6959330286456995,1.0004063368314724,0.46766858639755493,0.7071151528741009,0.685137107079265,0.29337015270979977,0.8637812216494769,0.8712594435635164,0.5805991849723295,0
0.5038949658114708,0.4518223831022962,0.40750132116407295,0.23589972315898786,0.512493933962372,0.8041797033411293,0.30159349818456016,1.1160297107712862,0.29915198744481813,0.310943176733142,1
0.5336033480966348,-0.10238251107782184,0.744750227819566,0.6959961298613376,0.5756662444812709,0.9204304762031204,0.7249205885409319,0.06351592253754007,0.6024776391679413,0.7161526502240461,3
0.41943649569267283,0.9090977863355132,0.3045060161098164,0.48039706054460946,0.20299773552616263,0.19824107346252662,0.03720008954968279,0.34010896714243893,0.8836492489247888,0.8972093885330139,0
-0.16420280581137403,0.3729269577370802,0.2888989964259866,0.43906442211582136,1.0195899881260915,0.6019397006307231,0.8997556501447317,0.1784907620009889,0.42372066614001336,0.5889435692573076,2
0.17068671490204623,0.17787128865676427,0.8525687437390088,0.2096899914151315,0.7920696324501083,0.060022386050686424,0.7790549862573348,0.09807137490917435,0.2665833659414629,0.7303960703866399,0
0.7902030726973086,0.1357291695969347,0.6071626275729912,0.008199885105196411,0.5826229651249523,0.3322804327961253,0.18766872215361907,0.9315287721882418,0.8663151749153062,0.8486470044399229,2
0.9730843758703503,0.2985888039519494,0.4135590479656153,0.9817649652542563,0.6191954170118742,0.5722362545345964,1.0194193699528922,0.5693305770494397,0.8711930452146643,0.47194513958035916,0
0.17189017184884792,0.8936172569763683,1.2927147525049203,0.8877824436226799,0.7281720343903371,0.13796951720818829,0.28926204139085815,0.46943230370204647,0.4220070725049094,0.38706430566381733,1
0.9183728732563232,0.16222561669322366,0.40486952959886424,0.5466621247010409,0.20390520117662117,-0.11040547446149415,0.18284128332406308,1.1699086695485164,0.8055943609576326,0.42727464077419325,2
0.5349384223386326,0.37787542480619396,0.35172741146981124,-0.1715820104892407,0.08342640998822448,0.8121926272653398,0.012629436448659437,0.014424443010239471,0.7026161606345013,0.7325437525263292,2
0.533144717775001,0.804787548706005,0.5327088770041043,0.3620676581454076,0.4361947723494821,0.7889839165399042,0.16268255589924624,0.8172424388353408,0.3524296705454214,0.3865419981705601,2
0.9879110233155071,0.311610829193707,0.8348799664090981,0.15063224208016832,0.9249754552631315,0.34934514084949764,0.6811493465149001,0.8004107739774722,0.7131438704991271,0.5616171426777484,0
0.15034990818594549,0.7734035784954636,0.4882374496315603,0.5687023396377888,0.157665227294217,0.8508428407190878,0.5124643264789419,0.7222766102323873,0.09292517753815055,0.7447414293484313,1
0.8779571927138186,0.5715722265702667,0.5755055758216872,0.13402844537312444,0.48576717964602056,0.8651399647338707,0.7271890255110182,0.6828033878526377,0.20906358907721626,0.1606505916295186,1
0.4796123858211685,0.05277868114565091,0.9533938470203083,0.8589674239605878,0.4594652111872878,0.7570816362690914,0.24311374998314728,0.09602713882990385,0.6135502437802691,0.6269752755535023,0
0.004346362920720953,0.1084032290850253,0.6154800416043007,0.24966897232925722,0.019336984418773833,0.23303971854512937,0.5647118795806677,0.23643287629383547,0.6804402247106299,0.7716394779401975,0
0.1156676044107099,0.862787100415927,0.8139681225378864,0.8162969517988587,0.5383605597053238,0.7824399258183653,0.1574531985317798,0.8388105903412653,0.5809732551509283,0.6097961076521708,3
0.10990595461027611,0.8562324497569157,0.8209483903034183,0.8112683380363228,0.5332690613302807,0.7791640430839305,0.15556620146073497,0.8349357226593145,0.5775697185530481,0.6060473185866441,3
0.10868433655007895,0.8562721916220808,0.8189765236657337,0.8082867082565496,0.5303969427185767,0.7780242302061938,0.15939916460953812,0.8391372872277649,0.5774227518355292,0.603135769513575,3
0.5196205218022172,0.10580358938352145,0.20259839850507871,0.7469748307270548,0.14695531097314032,0.3181855353156226,0.9870147383807336,0.1350807358851378,0.737798122214382,0.19100336692936323,3
0.11885164852115727,0.8572984048974016,0.814143953324913,0.8153928855146692,0.5274528878915457,0.789245171744739,0.14942432643563122,0.8366893088311892,0.5674088374372558,0.5926085027602949,3
0.5045720066347721,0.031182970556713274,1.068869934824709,0.8167349701250095,0.4910165046806717,0.6883806636900531,0.3755456255245366,-0.008800467902106007,0.5409020907111793,0.6108891144271164,0
0.00039083513525915367,0.6650001462608853,0.6982508374304718,0.4031309600420701,-0.10197760939691869,0.19866394101798607,0.542197715698933,1.2645241235613,1.0541855390361743,-0.16487090586333564,3
0.23654916806609472,1.0301065479751443,1.6266926135864987,0.8932216186207842,0.5809056246250331,0.17099071722428516,1.4256608278266691,0.306391787977437,1.4783970757973555,0.5762804929997984,2
-0.25190397098230716,-0.0041650988435459335,0.02907187256152738,0.5430667584109767,0.5291762970164233,0.8017128601962823,0.24749599264219413,0.7572216799290344,0.7129251275269536,0.7691624030448441,2
1.0208633455395035,0.24016807390070474,1.1629625837062647,0.23659710851491403,0.3203797809467991,0.635200699865816,0.86469628541146,0.8859938801250361,0.364889134272503,0.23052636548177885,0
0.8500409649819849,0.15265797594853164,0.6726831555712074,0.0735827419491508,0.4946854908586971,0.376843088679353,0.19232003396602695,0.9020887087743359,0.948549982228836,0.8041254760356887,2
0.11393503370550281,0.46294818182965364,0.3086469163523953,0.9477598855147529,0.5993043535427616,0.7799136087264339,0.3542699078985175,0.08117782253315715,0.1753740155260006,0.05180667421242636,1
0.016462204185686447,0.07996489653494532,0.7998639909421772,0.26132824376125635,1.2946515272420194,0.22844137142112675,-0.07021861648680439,0.9883357536842032,0.5703584549533685,-0.12143614283676973,3
0.23764770973899887,0.08406219934114278,0.42382796510950616,0.34312289171247456,0.3378161384241969,0.7699211156585721,0.1500637670980903,-0.15011959170978745,0.7709562415007832,0.6341214057311528,2
0.6475905596861367,0.4306696623908383,1.1448247989907778,0.3383822978889821,0.9543640295911491,0.8670551590828771,1.15904918643932,0.9512723105485766,1.165444028187929,0.9934839121076512,2
0.13846714331821033,0.901024846556763,0.8390613775302707,0.5840483038091036,0.46081129854577546,0.9279659784577602,0.19949145380211483,0.9821562659503806,-0.006508226403697668,0.2682370117908295,3
0.5554319130086849,0.27302108658635443,0.08333135231437529,0.9864697305204714,0.4349594279805528,0.7721284667894981,0.986388654041756,0.6748327711507364,0.5132283603616012,0.009100379129483707,1
0.4889634557398984,0.05301388116910953,0.9966931999398545,0.8565815868661113,0.4967362831767247,0.7365254948620786,0.2918627651934127,0.13625783949132073,0.5913354899398123,0.6162707471596389,0
0.723664703194233,0.5794399406736148,0.512628333608913,0.04620199403752345,0.5917492960146478,-0.039797284538828,0.8692092266114453,0.9195554075097823,0.8246785532747406,0.8123166053828779,1
0.6458771174415369,0.8083219187046217,0.10288908708998754,0.6935676590883839,0.5111364015211367,0.40814843741752543,0.5525466127711139,0.062251227475914495,0.49363553062900345,0.005371048439229374,0
0.5119179703967359,0.7353845330774745,0.843487655561392,0.9336352649865004,0.6536247886525617,0.4692599164755393,0.4480355318565115,0.3634989783596139,0.2091397127142103,0.08765920684449745,1
0.22278381468879022,0.8338956519310816,0.9407661944824275,0.5825084916897099,0.9260670576366342,0.90130523502567,0.9174414733752921,0.48859481763101387,0.7369798084220045,0.8605826990280669,2
-0.013221281961173035,0.08608058337927599,0.6257737432117502,0.2620199330714417,0.04400536429781324,0.23375865711105068,0.5846552120447241,0.2475942647255637,0.6849529580266929,0.7869954239088962,0
0.15065579630417122,0.6887160411050158,0.30670616672718615,0.5130101352199635,0.5354196999740257,0.845207559743347,0.5702497832847965,0.03624939911444996,0.9776672443338329,0.18441088933442806,0
-0.0149686304662703,0.12846046461665875,0.6035289958210003,0.25199563133203934,0.004544684257218403,0.20400484204212335,0.5711641618400575,0.22470453945169777,0.6618890042031215,0.7491258528171469,0
0.9541926535466602,0.6995669280606718,0.8271321750738454,0.5724452597650402,0.7210895978546792,0.7308176775162374,0.22220458373661692,0.6391936530472334,0.7092432418194772,0.4582104291015004,0
0.9298008047952626,0.3461299183760111,0.7322282576292198,0.5203866305214695,0.7510760468252119,0.2529156943184782,0.6779765938898974,0.9569851199756145,1.004418954528902,0.5567054009554638,0
0.11135050393770389,0.8562652166007887,0.817363408898754,0.8111450233716592,0.5314594233383236,0.7780566583964968,0.15274638610108887,0.838743041939302,0.5788708604246516,0.6070555395567891,3
0.0067008043435114245,0.11842309152987446,0.6228672013261229,0.26332176421610737,0.032965156257819185,0.22662406623937353,0.5759479061478809,0.24785577573368664,0.6576096833815525,0.7969859261648683,0
0.25610348591543897,0.5905189685495186,0.9805062971555728,1.1079056196657455,0.16516606278573298,0.27951908882658927,0.314604344760406,0.37599458807072494,0.385153170183124,0.1827173775042694,3
0.49161426591784485,-0.08747215500739558,0.4105357985344652,0.3927727309179644,0.27783501958804385,0.6004139700500127,0.30937173987566413,0.9170673668161309,0.31760477718154784,0.21180387083134056,3
0.3633331318059312,0.06524933114630249,1.5174504601698109,0.8063986800232329,-0.1152710718726831,-0.016340945373690824,0.6862030335036179,0.5322545671667421,0.020215966935850746,0.703595450187039,3
0.545140477263751,0.2768600272275724,0.09813629907101795,0.9782902005102297,0.4121119245227658,0.7733259153528816,0.9909783397822031,0.6814374220391178,0.5241923773401748,0.020267859893996185,1
0.9175379951888183,0.1363871883087591,0.4922982912739853,0.5826808671318853,0.08069473652307853,0.1528278852719654,0.33909029132639296,0.9123573449531431,0.6191979030642117,0.6795945391204794,2
0.45910112473097314,0.5738950385454978,0.24265003159506907,0.6492358571701488,0.8214224725717294,0.9512820534796325,0.0439708195545247,0.7021395429971014,0.9796737617457684,0.14889837180927765,0
1.0174472004017694,0.3934083339466722,0.3770853894973859,0.10120453286162305,0.1687882428369739,0.98745048103023,0.8213955975219012,0.7683257680232761,0.5214398444090156,0.05663285745443587,1
0.7821834701677038,0.29129358850467346,0.13365249085004938,1.0092717857377205,0.38915579592554295,0.5558859168245832,1.2720792279978606,0.4432051318364084,0.838504599460933,0.5056232927441684,0
0.5539479377081279,0.7854569034731329,0.8714296261097648,0.8720053279857626,0.6436268284395517,0.49756723580125284,0.45685440555890783,0.3723679138496676,0.2728025606326959,0.0702650933510504,1
0.14209427612705555,0.1764338282105806,0.2629806839721143,0.7038139601459728,0.85652115473328,0.27480430661965666,0.4282981810846241,0.8322143382591807,0.6300114199441683,0.27369582770040435,3
0.5365383137856534,0.7994577911454287,0.5371341725913906,0.35427698979330996,0.44009801393852366,0.7813714568247351,0.1694728931068439,0.8197447902839181,0.34385727656259146,0.38542815659853086,2
0.8497512235798864,0.359008275211641,0.3688862442447567,1.02317360234325,0.6098519059268378,0.5283697398515057,0.906629717910392,0.5218086310358611,0.9849696114339594,0.4276665997513363,0
0.47103633468216316,0.7341646498176707,1.3483091300275438,0.47208036981526086,0.26025145576693953,0.4980837949288365,0.33907134248216114,0.8441456782466235,0.45828411649113976,0.8494609159645921,3
0.7029188472769675,0.3513336802197571,0.7614320943830372,0.3732664254852752,0.44596425714695404,0.9426067548654051,0.36928189212548146,1.1434002908540362,0.33780038504497195,-0.04267503372473913,1
0.041242959287082236,1.1227577905016544,0.7104680984720736,0.7316867264599525,0.09037955371591458,0.27504995338008953,0.7089021265605195,0.8547614667995022,0.6975592010786301,0.4586633350526405,3
0.11015717808207112,0.856874946833781,0.818859852904485,0.8107357432436525,0.53149761896229,0.7790013785244201,0.15648439527305844,0.8357409185264011,0.5793227055680118,0.6052473270816346,3
0.5331791370838674,0.25325046682633123,0.07638588247626368,0.9755809748939555,0.41522004834309933,0.7749461996147233,1.005083658842848,0.6796434885972521,0.5170039742855085,0.0012206259100339088,1
-0.01024552355159114,0.8713208939815777,0.9874993387634149,0.23341426327902443,0.04082504607307128,0.2355738730426704,0.6851392969348202,1.020493559831105,0.7305571218860392,0.006159466082471116,3
0.5377401310915548,0.49353676256865525,0.25904101375066685,0.5830004527062795,0.6943825355834856,0.9882898333574499,-0.0303793562532213,0.6807452370276121,1.0504861588028838,0.1785262910276422,0
-0.036930598829909754,0.5883756512454907,0.5102973289489245,-0.014808320281325588,1.2086526382294889,0.09124388742526862,0.8268427263104388,0.3804315810548262,0.37885431588099694,0.5195523653812038,2
0.9172007271565951,0.022961620350789025,0.5652875568931084,0.5654442032481992,0.26730604760322607,0.09593842361028529,0.13600691416265093,0.8475473987654021,0.4416187365572646,0.47576898276181523,2
0.966926195237063,0.37514972734424623,0.7725986467581747,0.218069105054718,1.0821708134712313,0.25702101744379163,0.63044605726515,0.8911056327679557,0.8330124923607951,0.5141454262606163,0
-0.008571149872792484,0.09623553018264303,0.621135575535387,0.2650406611161133,0.030316390948278878,0.23232104920548355,0.5706988143685233,0.24315022894215346,0.6735323063034628,0.7791903103423922,0
0.8013120790929844,0.4638936645740903,1.1242705807244715,0.18047735540082374,0.8505199418719409,0.9357515268022283,0.5796841361193602,0.7215219265600373,0.20716407575091564,0.828523262756126,2
-0.011488059377983991,0.1265920149934258,0.5986103722329181,0.25417337315196054,0.053021407697569606,0.20554306324467428,0.5604589342243224,0.19485833673086925,0.7203660992206697,0.7656120733680547,0
0.014328555469885415,0.5319698479841457,0.31413033302360605,0.16137178212904352,0.963105072709181,0.4643044519023746,0.9734950037272292,0.36935540753713847,0.2591820345899746,0.635833295755207,2
-0.006236623938041657,0.0449498268486223,0.5760919046793914,0.20824302229922786,-0.019002258969445726,0.21451668462782073,0.546192846514311,0.2810781944752857,0.66258586934298,0.7505358484452224,0
0.6661799187262502,0.7901998040677358,0.12864923236668563,0.6943958318186558,0.4996566539879952,0.41489875809856885,0.5696557161472401,0.05885763528528302,0.5071515878256,0.014733840021710425,0
0.12099361017794201,0.5270185246747497,0.19997770482757005,0.6522470572545964,0.4093450539899355,0.8617105926173763,0.4890895264491245,-0.061797491422220185,0.8443811096199351,0.2450335946152254,0
0.5761116060776976,0.5790761938015837,0.9041625444462399,0.5248425876198505,0.5051619633641665,0.6441330873255816,0.5729811983925304,0.55142519572729,0.1930136353199624,0.4399209864433259,3
1.1727848462327324,0.6101849968324635,0.09335434411635501,0.49058901597976523,0.36289345960606545,1.1011619173059315,0.4994196830511325,0.31509848632241505,1.0151782358027794,0.620767803291703,0
0.2905478352921188,0.5438423187122476,-0.2249333158666737,-0.2923046573618241,0.6281910402797259,0.9780837413344741,0.45071304911735743,-0.007552682333253513,1.2131465744527534,-0.1985005684950265,1
1.0046066839797994,0.23935488580920122,0.4057322603579656,1.1785682997500744,0.8895187991492595,0.615167532688005,1.0788086405352462,0.5912741159893795,0.802883117349717,0.6309614938814053,0
0.44806242893669046,-0.1813771710229365,0.3201624396872352,0.6107173119699284,1.2997204181913278,-0.15402545158433104,0.6080297916064915,1.3180884951236824,0.6428441676365579,0.09216589259030859,0
0.17643957512597688,1.1881420169517478,1.0387777021287465,0.31805919703606217,0.28049556044591484,0.1602383068658074,0.7565348402129125,0.8616913217642497,0.3412722832168935,0.15975304627244827,3
0.930618715411559,0.9427690536190207,0.7613892904118389,0.4608889363121854,0.5338504194254212,0.9597061941398315,-0.01303809575679074,0.7935503227944345,0.5193451699725661,0.6082012656238411,0
0.5050135320630029,0.06475180376490973,0.9620313650185492,0.8315345308080926,0.38051422756612696,0.7049585162136643,0.1297677502684455,0.0866537885944323,0.7143646357923634,0.6106406817702741,0
0.7373359778209807,0.11922640610892123,0.5130108447045231,0.6459970812960711,0.2631008609137688,0.013327412108873116,0.29980163226138634,0.8446955186908081,0.48840119819408245,0.7300793445082832,2
0.23480183194649548,0.9153939895075417,0.9353670722804296,0.5201416352570153,0.8674652396088782,0.9532699006224559,0.9170459202367628,0.4502374353197969,0.7676734836688053,0.7974734390534923,2
0.7012406681933916,0.678893354443057,0.8573090707557035,0.5790986175908499,0.4604281860907907,0.8486059542591458,0.14841610521137188,0.6876796822639674,0.7098435323028981,0.3710005591740648,0
0.12446013428661487,0.5388292244551427,0.06880785152757123,0.2866656069825485,0.0656014410660879,0.5181252938523749,0.6807103837856725,0.1913872472135975,0.9243799978497715,0.022159320049420984,1
0.48278914236769394,0.6249479641036466,0.8277941254137879,0.7881717810069055,0.6369685229706147,0.46296387087988405,0.5059879262977213,0.34263708959379846,0.16105550054178075,0.05010339407964065,1
0.9285459319968126,0.6944204864822089,0.8283337743116533,0.3665186193057702,0.5985782818879143,0.5499986175806743,0.3400234462304494,0.4450285489107144,0.35778543510208555,0.6786352288401041,2
0.09498356519978819,0.8430455509862046,0.8290910517641873,0.82043177587892,0.5445550894325119,0.7919404685329194,0.1536395748797078,0.8530431996864507,0.5876123450758297,0.6203496893913873,3
0.9072638555106024,0.8015946561200231,0.4258264622484348,0.23388017407150985,0.5935630437073194,0.13791199146060837,0.7339225938293852,0.9517923704758053,0.9141470696295848,0.6238071594371627,1
0.9400213131859674,0.1931880024084046,1.3917486717947534,0.9039017231287844,1.6916216361409564,1.484224162818541,0.8387459933620738,0.29250289375263905,0.5344780605180728,-0.862759638402431,1
0.5551475906211565,0.5106228573155596,0.42170461911437707,-0.06871000612283534,-0.08217933213792386,0.8902628169813003,0.8362951528285746,0.7030587071316219,0.4727977797344217,1.220078301282116,2
0.9245128362588724,0.56764805619355,0.6286078046677165,0.33518273352294425,0.3512193704529712,0.540293817980406,1.1332696238128444,0.2356566528122518,0.7068074237323556,0.8527097022515121,2
0.8767822375994561,-0.16856656105385703,0.8254427427685953,0.6989148311423374,0.9463086230086907,-0.23867619376377272,0.4506560020956772,1.2109007972260013,0.7724004753354322,0.3086464738874329,0
1.2905356861096784,0.5519171496072796,1.2985256127648959,0.48800218068697165,0.14428501937071625,0.967459088931395,-0.02138453800104756,0.8647893403361541,0.30257277275974226,-0.04611021359361278,3
0.7090809307926044,0.015865076850258675,0.587331732845119,0.3484194887368819,0.4464884293430081,0.42363376994891816,-0.14093785282290588,1.0918623570240613,0.4520915607391409,0.8147766676417063,2
0.5133530720541594,0.2945981528735018,0.11249026294946479,1.0153243684496873,0.37752887582209427,0.7875690058037971,0.9437127142093938,0.6299340714724307,0.486835823644054,0.003509382334018622,1
0.8698734312714556,0.8381037751909193,0.8528450683880239,0.6581975528704221,0.594284642645235,0.8317345420729537,0.12039549282514489,0.7527142247559241,0.6783379138608794,0.4848216481656856,0
0.13394491650599916,0.4883578792473053,0.3354023671376797,0.9700083167110312,0.5787593209868328,0.7836594404741616,0.3613974581117628,0.09426996664460513,0.14502878591455903,0.08131960973562706,1
0.9824825617577584,0.2712421652506072,0.7919618632270987,0.09687695655785124,0.9292844755451325,0.48737287207564933,0.6366941300810527,0.7440419126705689,0.7826321584030225,0.44844250959822757,0
1.5775305710821832,0.499827649865196,0.6759222040822349,0.824600514871084,-0.36844775868617274,0.3672159628924465,0.31111469481499426,0.2082101285513318,0.10756876148376054,0.17451026282182086,2
0.9008475960935577,0.4009458407791968,0.8212466162984583,0.5279121729267133,0.6981316786126381,0.29679935562548454,0.6866625891880478,1.0115289388441115,1.0086254543361037,0.48886440150683985,0
0.5259222143501493,0.2944722012185271,0.08404794198701791,0.9755181634058946,0.4474575413408254,0.7752087734306963,1.0041955650430885,0.646885109012063,0.5253042260949318,0.019484544203607734,1
0.1699029212554282,1.0945291839495512,0.8928120794719453,0.46199794909659614,1.0792570121659772,1.1897862356470585,0.8258955469515414,0.6384735442036884,0.5004869563318564,0.8398190395991704,2
0.4508549543059978,0.6312113946281046,0.8984150402282828,0.9671280425806349,0.14131107729461728,0.15346906180038447,0.30374665399642137,0.6467354796320373,0.1038454103110697,0.21720832250163336,3
0.19923558308689582,0.1011024328392548,0.5939040298066424,0.6129457799815713,-0.08702590628211346,0.5649229543218405,0.2644654549228336,0.5036725768383034,0.3548968958273774,0.9547195445428455,3
0.9681269206387864,0.355625514838966,0.6881241259683398,0.20604122908907252,0.8693538880530205,0.37322421314803844,0.784743277241479,1.0554486695870064,0.7847559135916318,0.5131657185920555,0
-0.04176672923684563,0.8532218291388636,0.7587343480677705,0.43102823282431685,0.03507493569926843,0.21301661857433943,1.016654325131512,0.9507951124755056,0.9404828320300291,0.12474081851076345,3
0.9802151712886331,0.2648274574506727,0.8117945587565416,0.30906062243603494,0.4205588401648482,0.4566490928324801,0.2502681899812523,0.5292285092020248,0.8000743507911524,1.0504872770130842,1
0.870212734980606,0.20825626140834153,1.000996470402415,0.4669146229649403,0.5818866906694379,0.5846433414517257,0.21439864678775394,0.7154646414802667,0.8363773236640094,0.8189892997396482,1
0.8414541244977147,0.14859342773702627,0.6380273279038583,0.08509811275525053,0.5276089043932348,0.39091888273124953,0.21024150218327983,0.928343429336027,0.9336368481365172,0.8191940043303925,2
0.6752701054985248,0.5778642306303086,0.6905829729425993,0.92571002780806,0.5435266048652001,0.015619743109017564,0.23384063545409306,0.3553169831156776,0.08336268989034876,0.42505259144306085,3
0.4107701474830321,0.16839834454689262,0.8424658697411853,0.7521736605008017,0.4649721070588455,0.6838329363260072,0.33562909896761584,0.06546859676034766,0.6095248980726088,0.6865168294002405,0
0.1083091884364654,0.8552807255679518,0.8196538820548732,0.80903522161547,0.5322405775071966,0.7820724063901553,0.15705231975826722,0.8359839327492015,0.5785296122990031,0.6047049347214951,3
1.1591438490570087,-0.013532062651382737,0.8351550448963698,0.8436434267641788,0.7981457202198907,-0.3997632207873857,0.09423061738047889,0.6764227257881661,0.2586729912482946,0.9048030534933778,2
0.3057379491166774,0.14017777060413522,1.364938593295854,1.0763356635538566,0.9391951917045194,0.843524625263459,0.9637484855129492,0.5289424591104481,0.16217905467530275,0.06601162127624022,3
0.20736152965084803,0.6467820609254328,0.13712885905508182,0.314609714478253,0.07171967414413147,0.658733595455929,0.723916190296543,0.015551051065486043,0.9912100647815512,0.14414544551394587,1
0.3432586581004563,-0.018324437086693623,0.8063274881324286,0.5359260943941221,0.27411333048768466,0.053777111067174456,0.3334975461669363,0.366048339966781,0.5999627105763485,1.0341976038258724,0
0.877242876099674,0.802765934043862,0.9510421346858238,0.6315482925255251,0.6728374730757535,0.7359860888160479,0.1827539161955416,0.760149699335734,0.7772798144800319,0.536483356649279,0
0.581311938506232,0.6290222767705952,0.29134391522278535,0.5270215429170425,0.8231198516847577,0.990778630667174,0.1005996784068448,0.6423647493793745,0.9652714531845711,0.2572142389115314,0
0.6985572636262017,0.4255261766984457,0.6006869109078198,0.28319914636940136,0.18372147691363133,0.5149450935028804,0.974153638870458,0.4400679108027785,0.7620798408709544,0.8331123425251452,2
0.21996265262565234,0.5264445966206996,0.23788964598569023,-0.017252661434467076,0.07694478641016436,0.8127873352638153,0.7242491958673446,-0.002841027983826294,1.091845353568885,0.36700774331911634,1
0.5454649929262348,0.27510785944001503,0.08662514562736433,0.9816296176979875,0.4277660034747188,0.7770492007388845,0.9877485360980183,0.6662839469616347,0.5123486520092,0.01768836347413419,1
0.8611473610101936,-0.3745116335514367,0.3957882701971266,0.4627554371633468,0.2961649501459074,0.8223268862844728,1.6872230184760508,0.29678095057128,1.12118814203812,0.2911566892185389,0
0.8412473618596861,0.1837560260231367,0.6273261246391177,0.02640559463911587,0.5159896637408959,0.38020251193524146,0.22374393447042668,0.8729187379943852,0.9635459855781623,0.8528375596553436,2
0.1061330166548977,0.8546294317063686,0.816206486899116,0.8126272760858907,0.5341571291135718,0.778224265828646,0.15456140263290408,0.8309773424741562,0.5766498129716935,0.6102987909198974,3
0.14720053371545772,0.8387746005845216,0.9319806932046775,0.575744602702484,0.3967821605171878,0.8778064636933486,0.268542231396053,0.9822474941839573,0.03181155958212944,0.29492479325264376,3
0.857231227429559,0.38750851521796675,0.7771429211381486,0.544099338729241,0.7187665586946624,0.2999273717421503,0.7554264752886294,0.9996229572990698,1.0033592283972101,0.5052322310019692,0
0.3470207349812448,0.20672673245095805,0.5833449623298416,0.6817082216468889,0.11572557393722616,0.5434387527626785,0.362474796339334,0.5234484364324515,0.21749126516961734,0.7660239341509106,3
0.88612414209235,0.872076281725241,0.9183213475164799,0.6554223813287814,0.6510907312130754,0.8635970379484633,0.16832627362329622,0.8068654574007728,0.6435120632296417,0.45502147928109116,0
0.8947236462578589,0.12122711437324664,0.6476826862051485,0.06273150598969238,0.4911084617735894,0.3407605067391525,0.2338334821544744,0.899952204501403,0.9371693898718858,0.8474575665870893,2
0.11038744207810827,0.8578665264029763,0.8218091641864682,0.8110356230099341,0.5302922386934666,0.7784213273175338,0.1569892883706419,0.8364345314627247,0.580466005765083,0.6075305345598756,3
0.5764643152086389,0.8670428898325959,0.06143947269714367,0.4333769352536822,0.6939587786548465,0.8388180967156859,0.5817470705575818,0.8387910776056915,0.059336349031775065,0.3379892432586355,0
0.7063772626192089,0.4765136560855266,0.5414240260801659,0.3973353507977724,0.6648961227225181,0.7022431861952951,0.32249721464432446,1.0739418945679136,-0.1958266659675848,-0.18902811331265157,1
0.908541973881053,0.39215590670890993,0.3693875461322282,0.5039724498165745,0.2254357029214002,1.288637250718191,1.1983746273942177,0.8148244712378577,0.22264455200748917,0.3146800524974919,1
-0.003718006868889492,0.08485177091248793,0.6336117858306425,0.24433032434444502,0.04024178886494843,0.21518657425443632,0.5476701987673274,0.222484990189439,0.6512657326205449,0.7552988983572736,0
0.4563576253455953,0.3444016114599999,1.118347274467049,0.6055217732082167,0.6727948674092366,0.7443377809917403,0.5442392207784997,0.7443729120709637,0.1677242129063327,0.05857029855810664,3
0.9770526625967084,0.21914496170052525,0.36545592171312546,1.0611939419462186,0.6269920467037637,0.3798412269888114,0.9131963649323039,0.5273425919311856,1.0022284560153238,0.5100908775523234,0
0.8947173820069142,0.3727508988233905,0.8379622185642486,0.576815552987156,0.7064283675286946,0.30470235094576176,0.7657701573261001,0.9544077702154476,0.982420321493527,0.5426092019743025,0
0.8395531537536417,0.3321743973211796,0.38342911608473534,1.018388151834179,0.5762403484084733,0.5297790859472712,0.9565973525541039,0.5966150155986796,1.0025612565459405,0.3921234707549758,0
0.5041591859189547,0.49635947257285673,0.2888683781955934,0.6495617810764955,0.8582400273715349,0.8966320699807072,0.05025801346868157,0.683566032323311,1.0041791417384107,0.18906461513612094,0
0.839666963325764,0.543411650996415,0.6269390914595495,0.05986582519682754,0.3376146411305883,0.6404378767390423,0.7026188125709444,0.5457587048151831,0.4136979907494221,0.03928950417938679,1
0.193946143666587,0.8103447284353834,0.8043470564727192,0.6593932616812861,0.7725632678311547,0.9411440154548228,0.9582614032395361,0.4812185814993324,0.8903782767261466,0.9824165244231557,2
0.9095320929261699,0.3471674422883634,1.115646283238564,-0.12067565842448169,0.7405850853547173,0.6134430276469223,0.49687369113116336,0.9038745289293377,0.8918297418805018,0.8115540241640317,0
0.841637447285429,0.18091246949878273,0.6689277251859839,0.1044633694474709,0.5132809865371711,0.3686773660200646,0.19201465629381698,0.9639747763452728,0.9391207148558016,0.8313049254533658,2
0.8541368805976969,0.16929867417295644,0.5903061431710923,0.06577665585324502,0.5186639219758157,0.39249914932687013,0.19325516367462686,0.9609592635973607,0.8965919992635648,0.7863048785236066,2
0.712583572209448,0.6047414765107333,0.26117816868264065,1.1266928798411686,0.6450879194459713,0.9652338308445203,0.3394748680559434,-0.4789107326356492,0.5729764664833835,0.8400007527338973,2
0.8091717299011637,0.13291414946212485,0.6499370189952891,0.07530402688565081,0.5207662485156856,0.34670642374627003,0.24068914651394324,0.938983123285521,0.9813385897591895,0.770192428075891,2
0.823069864217224,0.7633275614457312,0.8757316099482246,0.7008397561846219,0.6523901535645137,0.9407215575923777,0.04945831822968304,0.8443146412917856,0.685602175902896,0.41089785518780736,0
0.3961112032690957,0.087168757412791,0.6529327641937567,0.2090818593452059,0.9753109205906293,-0.03054861621067971,0.6455953051396263,0.8171486550846098,0.7760733448655319,0.1522351987538011,0
0.37879973407383116,0.15980862492669198,0.7007542433668839,0.8436769061531632,0.7222809820220559,0.7802249886590821,0.6133540216750559,0.19262710159497592,0.6097582364337051,0.6964549926732849,3
0.8099751523231131,0.506209483871932,0.7729717583828469,0.29228960256168995,0.8111393020500917,0.5606951478452914,0.7064969936062246,0.8572372902104508,0.6363967830235784,0.761627682677723,0
0.11405628454400195,0.8508150988323563,0.8307830477450854,0.8121046325336526,0.5337335914499888,0.7772649965557475,0.14822146407686282,0.8403940339128854,0.5776752667148618,0.6027206211198397,3
-0.0760597974737991,1.3717620724724244,1.4996671936220944,-0.05868669037704066,-0.07286538180661589,1.2809632946274019,1.6283583985767236,0.9968963295535093,1.4570048102478745,1.4687217451857513,2
0.19789999602491243,1.0156141752865804,0.3385791118565824,-0.013120694489739002,0.24741240533982878,0.9502233098963825,0.43987032614719407,0.31637025582882883,0.785266036246293,0.5158494362966771,1
0.15188752941639527,0.16133490448508148,0.3077207229834033,0.7160259228471336,0.8353419745283566,0.27499346205759345,0.40345468403048573,0.8535626056158817,0.6021090635991556,0.3330178126865927,3
0.9807237499635563,1.1124101415493972,1.246969772067045,0.5684302686835216,0.7549164007894114,0.2328497013315294,0.06181550141036907,0.4447159247682995,0.46661221966908584,-0.07831123571456247,1
0.8002279427085608,0.85921552941502,0.9434388631120827,0.6608100607805466,0.5822361627313992,0.85592751892005,0.1872392361259851,0.6917388248662963,0.6048644693524122,0.5599706193467253,0
0.8923170862611189,0.4098988245177988,0.7722538178336686,0.5885709173577856,0.7426152519339979,0.2576935008864308,0.7581198839108556,0.9500369432368123,1.0176723280894115,0.5018745830242368,0
0.29094881754212315,0.8023970793426385,0.30005062775463265,0.48657783979868663,0.9345196409110621,0.42531511837384284,0.7974231255988293,0.9745549807767976,0.3821680317646068,1.380400647320327,1
0.7623678952262688,0.4962125011364369,0.7234128442330027,0.1408176994013296,0.5270929209610904,0.7511272899511487,0.5573536427708945,1.0807137769869914,0.37088463500141333,0.14108019747740158,1
0.46527839753508404,0.5449269427776744,0.22293719378323093,0.6462983236560483,0.7921238762262838,0.9287503315401531,0.02156997691295176,0.6541954055975114,0.9794766504258409,0.16585881374009737,0
0.41657729131791865,0.06846967164573062,0.9400614035088892,0.7532883687110036,0.3786020236241221,0.6308289299656025,0.2561636289215568,0.12147879743238328,0.7197842237192588,0.6106645537896441,0
0.1282357481656987,0.18925716694288713,0.28363535532739587,0.7312977785104915,0.8719513499924112,0.25729051109745515,0.43877339820755074,0.8310557529979483,0.6411183899447414,0.2842431857814638,3
0.2350308308362792,0.9035116270242072,0.4310293927471558,0.7353077778255628,0.9466572926344501,0.27075282407378987,0.8940284819412051,0.8788193066711133,0.33281696569223745,0.31210781653201985,2
0.3127768761917553,0.21228640737848653,0.6044914415968446,0.9158995224489445,0.7719866573243396,0.8542889412117094,0.5551843434960024,0.21905898704541152,0.5465710994452633,0.7228324930957719,3
0.3264284568988496,0.09668121571326958,0.3154336977672475,0.0959974489467176,0.31607889326635147,0.6354003017315403,0.656767665420818,0.17097316199137524,0.7575857029085382,0.6058596799069427,0
0.3076813046320474,0.39749496894935454,0.13540591162531396,0.318415784487347,0.6542067134985139,0.6659565227194117,0.16166848448339924,0.7578845623389717,1.0772473524334247,0.3145767930191417,2
0.8683770099996814,0.6876300061018349,0.8820958035632207,0.8235604987544852,0.46897995910464824,0.883940616792323,0.22537060233686695,0.7699634752837496,0.4884388651503505,0.3505968515241123,0
0.4812668912050148,0.4712366354748311,0.1467703183821364,0.5023386321615458,0.7314208487622628,0.9178272445578406,0.12972625979738994,0.5868495489578572,0.9647965549950416,0.05190530616639891,0
0.21480172881943962,0.7501491864462182,0.2886400794189644,0.7091609372576555,0.7871943139154408,0.26526024441387547,0.9664878827899216,0.1860453244982167,0.48686740902815206,0.8756003461128571,0
0.545245418010925,0.7342414903891963,1.017779644523418,0.8705987433356416,0.36977307197720066,0.15399869223846988,0.30232076675756536,0.7616642587940656,0.07515284180733407,0.1627240926101478,3
0.8898046993081767,0.3567963154153505,0.8624176696737749,0.5663601018273274,0.7118399945896062,0.34216062861091023,0.7590186987017817,1.0182549020286031,1.0213471135425112,0.5637572485391587,0
0.8839181515263249,0.6278826264696743,0.4739085898136864,0.009318367483645208,0.7591193003623786,-0.06718902677603249,0.6213859707883279,0.8918389919629504,0.575911968181682,0.5800378657585123,1
0.9746384428039035,0.37187268181218625,1.193209503427438,0.6814278371224712,0.312491060496047,0.571760777872945,0.6967004027070179,0.48104854616344633,0.5217161361124778,0.15907011160326653,0
0.04669204384451746,0.07595661981216531,0.6774487963130721,0.21308671003667684,0.06933970741278839,0.26174235439263493,0.5623481004231743,0.28014452069801865,0.7168528034025727,0.7121576777908929,0
0.2913275885066798,0.02086543305092564,0.27950983203546875,0.011972531890998783,0.22710471781965663,0.5244458424887567,0.675947535780594,0.12736720827948406,0.6484857578025458,0.5906666854572176,0
0.9338713875022416,0.35041069343146736,0.4286713858360144,0.9818754716370398,0.6283787067854065,0.5219338984463738,1.0119642281901562,0.6033251430403997,0.9249623890621897,0.40978736055993226,0
0.3514770571633687,0.21377469732806864,0.2619543597236259,0.8001065723139958,0.2056443037417934,0.27278722751047013,1.0330768946630537,0.013987814709679875,0.8661003601210665,0.21165759099790346,3
0.8437335383220995,0.41367742059129753,0.8223991666873856,0.5666057218538623,0.7236167630169293,0.28322860941418226,0.7044807317125237,0.9891811751769283,0.9705156814025045,0.5432315647269859,0
0.047533225862264245,0.8760703451976103,0.9632403089469204,0.36468244121541415,0.08452602939827382,0.3354761246872278,0.7593174318847248,0.9072630741534246,0.6871765176438955,0.19855904953106024,3
0.3038547098124007,0.8497443095075048,0.3925677256450111,0.7955070657125091,0.8665609320842454,0.28858435126716664,0.8885511556356634,0.9541641756089789,0.23918443564798736,0.4103371263068184,2
0.4469531747361096,0.5296599825189294,0.1513998867684551,0.6724004235874042,0.8444282403145773,0.9216394958840638,0.04393486816781436,0.5922327349805129,1.070865396671833,0.14030936991058288,0
0.1274422058887049,0.18579244204511838,0.2826294911634167,0.7278192362611269,0.8740601988662413,0.2562419466974026,0.44203793063807173,0.8262945197600124,0.6404931664074497,0.28508434669105626,3
0.15918553722016351,0.7044292764604169,0.0911377180119558,0.1820052160272686,0.12936509296814824,0.41216650670417637,0.7189612021049907,0.02694880244886516,0.9162718041294189,-0.03140363234012805,1
0.8881748499749831,0.4173158926749945,0.3755514458166953,0.8464664426606967,0.7455125439839293,0.5334265009588435,0.9047858325543332,0.6064085799329514,0.7949074904057426,0.5961883201153065,0
0.11752417880579329,0.4704300674132733,0.31047512397151705,0.9505189192829384,0.5964968247772391,0.7799356301297173,0.35733875724572667,0.07493242512432866,0.17122470069290194,0.05559684939813062,1
0.3363608645052938,0.6321140844495176,0.24614687772037933,0.5443281084242875,0.7191245730562716,1.0481195708929485,0.11045105879911694,0.6116706576918353,1.1114966787181029,0.11049554489367985,0
0.760108251787515,0.638948188915107,0.7225512357985955,0.3966403309465039,0.9342451350281624,0.5619582031035137,0.5906265198340143,0.764065167997392,0.51606632776929,0.6294248838677329,0
-0.03013141597758963,0.1920619485241153,0.26843806720809527,0.06462427289534914,0.9817202195600009,0.32621295933246164,0.13059506758529976,0.700354865163373,0.6392274655058697,0.5921401346436856,2
0.5317857351048013,0.7981169820734317,0.5372597460792241,0.3492389039695684,0.45027424008648154,0.8013214522831962,0.15837465278680732,0.8075644193046714,0.3406892005752731,0.37388515697733243,2
0.7736187161326136,0.7558334175780608,0.9337697345504622,0.6950515347555177,0.6320199055610789,0.8182506453576293,0.03359776374007685,0.7435230777848356,0.7285003312995304,0.4609545722338211,0
0.4469496724600809,0.6572340220072245,0.8318198688361427,0.9602971499629261,0.18286094307247408,0.1931179390545388,0.2929618601732668,0.6564663372346257,0.13956226417170534,0.20859699536725979,3
0.14946975210879826,1.0282030394460466,1.21794444929417,0.6433056082300543,1.0934929464735452,0.6839768987634178,1.023328729679445,0.411243958165038,0.6996816770769172,0.7095465628301701,2
0.23866056142801984,0.8811896017843223,1.244531802394636,0.5195720124616178,1.0130660034527295,0.7400448745183932,0.7304456664716938,0.7432801267442314,0.9899682593898509,0.8499231590826399,2
0.1477337577146739,0.2001016364338617,0.26276139496613443,0.7326083396686927,0.8616086799087004,0.2645082514202554,0.465408235475938,0.8496185504420036,0.6338962844466868,0.29139149879284426,3
0.5818403364090421,0.7381094447135887,0.5339812103916673,0.5889610729047317,0.9266746207859429,0.8123792346522563,0.25393841323943395,0.7354337272449187,0.06957849912747038,0.4794141548095545,2
0.5865293676666407,-0.009080865294430529,0.8674196355061331,0.9567896454294235,0.4563742295983299,0.7253918943073487,0.21028558804276698,0.1245596769028183,0.5086300269917149,0.6215115211737599,0
0.646263488284281,1.0823289926211004,1.0963016289697336,0.3689566214866433,0.4200411257382103,0.5433062341477074,0.05671963504786598,1.0939066352124396,0.2210380826995621,-0.10478448157603476,1
0.8661078993444185,0.013869939153596812,0.382999565789497,0.16971494011697275,0.2961561901407416,1.0387496910183511,-0.007675618370938608,0.38325605861990963,0.4179056335365826,1.0642432469404624,0
0.11274319806178242,0.21383392742028737,0.34376359989160155,0.7069388901595357,0.8600344280223862,0.30235263736908913,0.43583202544137256,0.8312671774486307,0.6699731179355234,0.27174378160825763,3
0.4593076435018394,0.3598018004020686,0.5495197488852981,0.34047361577608565,-0.6072746795717703,0.4648663189783332,0.7962303806176536,0.1022148953178843,0.4748442854334507,-0.02539384024965649,0
0.406749712940949,0.19387749771501023,0.30446624773399417,0.7397531259573243,0.2508339253291665,0.3148878747363351,0.9784730994242206,0.04077512508685012,0.7943676584153745,0.19262247491022308,3
0.5665964998066045,0.4631128600004796,0.8109021355608407,0.5715148918734344,0.5718891211548278,0.7269983555294568,0.7032641213238428,0.49757730263414046,0.28598941616998524,0.4272503315071104,3
0.535449819072234,0.7997907353697835,0.5337178920308071,0.35428263461556136,0.44320470801134393,0.787025711090739,0.17020679825908203,0.8147184281937098,0.3558034262071016,0.38380511081372515,2
1.1569666650475807,0.948509155871696,-0.021883087548729918,0.2003502378806706,1.1009930942044792,0.028829419386605864,0.5076949164725756,0.39467939575736133,0.9974302654176069,1.1223185353138039,1
0.8809369656140824,0.38667759559573045,0.7923054407844492,0.5779989231507165,0.7115971386908576,0.2711671093109152,0.7234062277777246,0.9736853082535357,0.991218069596999,0.5333542511585097,0
0.869674388126716,0.5687239463204752,0.6749534211902982,0.22789622933114345,0.621802532250576,0.8887919044415603,0.5068148326329066,0.9972847860054324,0.2545595394572709,0.20671280302575418,1
0.8223602338043539,0.4129006015956538,0.29019746933647217,-0.07042241385680459,0.6451777230202056,-0.1678753039298093,0.8578773563947572,0.9923643597813362,0.5719844136433837,0.8794490103673711,1
0.3347468917877748,0.0340453328310502,0.6642740060948364,0.24405496084610062,0.9860393280430766,-0.014484981606244385,0.6069517124465925,0.8344208689646652,0.7799403785587846,0.13016171510638652,0
0.7967054662177726,0.12276018801236113,0.9593842891655779,0.34151643029187323,0.5380626778888039,0.5704575420355416,0.13525711948484626,0.7061571728358792,0.9154488668268277,0.6934934604854142,1
0.03779075679403565,0.3816274652585395,0.263526591828922,0.19447464528938177,0.8902317856494449,0.43196758239604344,1.1780419329368335,0.4113432221268044,0.3317427329312852,0.8024871876943447,2
0.12625591486959636,0.8576469599944954,0.8218891390175208,0.8187494589090529,0.5461502501944694,0.7855252698306046,0.14596421881994992,0.8299971953446784,0.5849477737055069,0.617780910362086,3
0.20105243435008638,0.7478481388472891,0.5299112242197855,0.6030868066740006,0.17495768570963444,0.8244303448659216,0.503212770794833,0.7332386025265436,0.10256356160879342,0.7205969301043319,1
1.0651474799355019,0.4177032139643898,0.4728725559868331,1.099868547337257,0.7156186044699769,0.44736112880330403,0.8766710220366775,0.6904797413384723,1.031051850319903,0.5786835029283562,0
0.9140434632937656,0.8861124950868534,0.8896222313861276,0.7183717475952537,0.5395164666799621,0.8362381670253716,0.11182749806726747,0.7088184396933568,0.7510691551073126,0.5509754924023383,0
1.0221467194267764,0.9103553904443382,0.8818119824348385,-0.40044786133326316,0.26076999009091956,1.3369683085217534,0.4997113949845584,0.6435678691516689,0.6157259084162288,0.7248176200487162,1
-0.23772364914023397,0.5522984728796473,-0.13352236794395328,0.7186142565926055,-0.08606068294364827,0.4185739050917819,-0.07344455237232828,-0.0724752570284315,0.24624626425806398,1.015208349984702,1
0.1461135172239417,0.4943871409907371,0.337969609602264,0.9479010790763837,0.6225766960624127,0.762170624763863,0.37916284045800835,0.10825001428248004,0.17313229844817393,0.03579659313445194,1
0.6223848236729398,0.3870674335990216,1.1132619673759336,0.39700899026888,0.09035195520769222,0.16353086637807482,0.6694795342842187,0.6295203045477556,0.3962316407522999,0.327500545693854,0
0.4285295818997773,0.24485086408477139,0.35682700900031455,0.7680519735007693,0.2777450928833679,0.8120647951048985,0.2063752939026074,0.29879139960446743,0.6653304930640758,0.5229113251931807,0
0.16507740275226748,0.14696526531640963,0.46744536905197825,0.8704943837673836,0.9202221466903376,0.9299017480452407,0.5510601303367818,0.23586679497558233,0.53337744716506,0.558768723132427,3
1.0814688457376636,0.4958251887652233,0.7410555833436966,0.3207928122859644,1.174588415561436,0.2298644707155528,0.7049701688095199,0.8770579131995246,0.6326113865858011,0.39894576976253815,0
0.42965989357610457,0.47411604363336773,0.19764079095365142,0.7012108536037122,0.7780185673226149,0.9918943291473786,-0.015616446961299171,0.674496473563921,0.9158392362285226,0.15199861720747157,0
0.9746643086424333,0.32512529810060076,0.46858278848660895,1.0030619687560924,0.567579454279786,0.5153722265027345,1.0046206781784914,0.6648928322305623,1.0285225748714983,0.34964876643792664,0
0.12048200063744788,0.8960494848793028,0.8558070907052068,0.5733726835724297,0.44903064567226963,0.9051694829118355,0.20492283438633413,0.9694987547872426,0.0007660950816530329,0.2167395622183964,3
0.8316445763238922,-0.010091728659090471,0.01442045563001082,-0.4343136517024295,0.31027661128091744,1.013779106504014,1.1038345149104412,0.15362479608144441,0.1375347824810842,0.30563220616512987,2
0.49670952151860814,0.708330358931151,0.7619891526853435,0.896556703670957,0.608629342431716,0.41365495242676853,0.5134672523659058,0.32177070287941545,0.22707974517292276,0.152293621889739,1
-0.21837258610102395,0.8641460652883115,0.8070928899568461,0.9270044104666522,0.5245068790868452,0.6506059474912059,1.179521662462289,0.15289473391440628,0.9985793183381362,0.5954233269940448,2
0.25281124887970463,0.8840838391500238,0.4060761845463977,0.9269750614508835,0.7142177248904783,0.28271616443061537,0.81053733961559,0.8298601199244435,0.3027790307511112,0.23782974769341636,2
0.20539597147397612,0.2206981705989898,0.8601515146693426,0.17624163394625875,0.7953778433726467,0.05662040580403486,0.7804919596647488,0.07356069297398687,0.26859857683155663,0.7503738214867038,0
0.027678521433556588,0.6236626691341155,0.1695748381052253,0.9578803677243798,0.03612674455621681,0.3785400512106943,0.24825944254382257,0.23019367848997146,0.48765403501987353,0.895734952827183,1
0.5339246338471155,0.8041144366285048,0.5339232630989497,0.3604891117715064,0.4389317915775955,0.7881260176424433,0.1628924703391514,0.8152648676512905,0.349593051703779,0.38900358192305734,2
0.28848757204265185,0.8953282509146283,0.3837965012042779,0.9789306875306657,0.46012525564465345,0.33468055279855735,0.7127367044273625,0.11765252184794861,0.3869424659577282,0.9558442164815144,0
0.554936623021821,0.5184116564305739,0.904276348858646,0.6374679575425408,0.13186330171085575,-0.16822325711968644,0.3705067933222185,1.2572897332878585,0.4870440070051325,0.4290955963774943,2
0.1345515300945539,0.5543779126780211,-0.26577234150506646,0.3020150769559065,0.17656568532968278,0.28040814660354174,0.8956232049925961,0.036048624832689016,0.9095632471601326,-0.15044749975843932,1
0.38815526030095754,0.9352069773357548,0.32208127757207805,0.49642229621763256,0.1968500370851228,0.2158797316710198,0.05705429429807641,0.3873283173174197,0.8967336963717615,0.9372921845780204,0
0.9132676108070757,0.25728103732591895,0.9152999281929054,0.43886764809638557,0.5336603707656867,0.6582642700316693,0.18281036170024845,0.720763554892543,0.8261999475686974,0.8468186742536541,1
1.0244803846130255,0.32653238679880847,0.7998962527854402,0.08166210415547966,1.0588429669972297,0.29039431529847304,0.7572100468847285,0.984042828156727,0.6385641464483658,0.5890171637455016,0
0.2908646402983521,1.013376679478931,1.3285874094865926,1.2974033410722254,0.2656057931084871,0.10514749791994873,0.35105305385783925,1.1200172625143487,0.4123905892159746,-0.09658572427688095,3
0.16770445829393274,0.8917726582038172,0.4639638464607389,0.8810132503080302,0.7817876803820898,0.29329596901990107,0.9510901658534249,0.8169846911816212,0.2271903210508781,0.29374783840086427,2
0.8833242551377557,0.8209190621674206,0.8887057034917465,0.6690187128890213,0.6197537048771823,0.8315806424714719,0.13834789707801146,0.7759225287732906,0.702858216715952,0.49902415704818864,0
0.543803866370042,0.2700372711468049,0.0910648094471088,0.982909779403677,0.4314154954577667,0.7760424276802116,0.9845943640060479,0.6673710790619727,0.5156354991349085,0.025134180795912304,1
0.8849296271432308,0.7848514048670382,0.8866327062127533,0.6183379392345301,0.6040388955176722,0.7490194663712596,0.05477750988754071,0.7890635535753152,0.6201291200698164,0.4492906368552638,0
0.10717679016988452,0.855355864027574,0.8177297191881358,0.8115809936544975,0.5358376773053336,0.7795140916819318,0.15611494073211657,0.8349464799254416,0.5751082129017138,0.6093245056893941,3
0.914307341810392,0.6987005972482988,0.9076019047748458,0.2657962644437757,0.6907740382002561,0.5755931156570384,0.3579233551735288,0.5142078675938837,0.3698087839659704,0.6161673838863925,2
-0.37444623148631123,0.22087568625440462,0.3675952604449815,0.394623220124964,0.7180658418210084,0.7289856751282215,0.9358734830274964,0.08710259659698122,-0.02623447803409157,0.7984969713822914,2
0.5297460041596468,0.7970458369894806,0.5253323838628299,0.3562732303201401,0.44097715957165945,0.7909979549509023,0.15774293513299487,0.8179263656554471,0.3589519172350023,0.39071096712464887,2
0.8300094823005205,0.8577602885171086,0.9888865084476797,0.7486823632191386,0.557636536748281,0.8148341512487604,0.0712214914482052,0.6228196480068702,0.628891883496584,0.38476634842795265,0
0.7922137640247157,0.15331911386388478,0.500245960377766,0.606397389149689,0.192620180874502,0.07578174670962512,0.30602688983543697,0.8751774549294716,0.5560178031295809,0.6689643583450495,2
0.3032355632289742,0.15157310560707374,0.6367456209697491,0.8763369685778051,0.7529798440429346,0.8584368679985489,0.5619100234575898,0.20774353203818025,0.5285015280266365,0.7373331337632489,3
0.1103808074078311,0.8561513229313646,0.8202454201270977,0.8102747790289976,0.5324255834193894,0.7793459973838404,0.15525623103519226,0.835571486762356,0.5783655591229798,0.6066188452813074,3
0.029562471920138993,0.49701996700751955,0.8217203699426434,-0.2851144197761703,1.4608266387107784,0.3614981741223384,0.5528014812114589,0.27195802678320025,0.038937416598047586,0.9060954666926944,2
0.7689182228994977,0.25562632538425156,0.6129014252856929,-0.07200507454422211,0.27768256915981215,0.6083226262783483,0.890245869597786,0.7129431663182083,0.5271015112310617,0.7253801277144363,2
0.016000761074927705,0.09438090009578412,0.6440223651313605,0.26457426068928563,0.045300461978388565,0.2041338977951483,0.5550478922550366,0.22397748038080514,0.6659057642821516,0.7823093027442078,0
0.029902577756049358,0.13744177710422276,0.6407077058921632,0.24234015758163202,0.034355805491149055,0.19665657631931455,0.5846278515598913,0.25750477075618666,0.6735983616297087,0.751696206972091,0
0.5041255730497787,0.8583788206095881,0.6563051162279048,1.1539598124783517,0.3496479665827614,0.3134173967350873,0.4343372771247226,0.6396864711831517,0.0390843799029196,0.17341715079545106,3
1.1358668932196714,0.44345146394048085,0.936221030154183,0.11330917961407164,1.0071649041153612,0.583553319064642,0.5181348941566697,0.8442995231216368,0.5662117320568731,0.5749143864951964,0
0.8212740931477485,0.2245814588341282,1.0262133829851863,0.37893201819639927,0.47856761435092116,0.6611921594849101,0.23490392025387793,0.6168227890452007,0.9159958628573972,0.9009789611807701,1
0.8465653211593305,0.14698360788778037,0.6227434236085646,0.11333012024395109,0.5316357904397948,0.3660802892753343,0.22356569236519153,0.9561918190380067,0.9082876270384205,0.84212309901136,2
0.805318609133735,0.12038427666245947,0.6507091878995847,0.11650985877890593,0.5674162825648377,0.3820928438636945,0.19863983377080663,0.9494939408201786,0.9077202686838001,0.8134559268027298,2
0.21265121995779634,0.13324865206133418,0.29682580786503987,0.7128566997723269,0.900273818022103,0.3474552600546705,0.47811084171728785,0.7817568598687082,0.601219817736255,0.3551403757301505,3
0.9606567782228822,0.2395420540826572,0.9308499611445308,0.4028427513485435,0.5728814129861081,0.696867536112828,0.2589830504342444,0.7081902166571805,0.8853457873064039,0.8684753686712269,1
0.5466541045484052,0.2735909500148625,0.09302368276491747,0.9551851132193553,0.41376529245395977,0.7860751809074855,1.003253019994947,0.6384883549130957,0.4985257925594198,0.04652095612948985,1
-0.02518771575408792,0.11964356977357632,0.6333247594360353,0.2600615675943675,0.032164818611039626,0.21237698951937145,0.5616764207085232,0.26027992959422913,0.6482807314403366,0.7602289012834426,0
0.6523779576110023,0.3925655657313626,0.47295398653442,0.6130068245700663,0.3381622707924065,0.18219889154056945,0.06269121200847144,1.0154531000110316,0.6474965167928081,0.6384156608275073,2
0.7905046505882022,0.482226936241473,0.7085291610520239,0.37417144034564964,0.7141739031380283,0.9569929336347345,0.3965585031047711,0.8749566819435692,1.1577389966920073,1.0208310757598758,1
0.17184367178373192,0.18831086642470765,0.813665549300776,0.18068828184096522,0.7675151862174595,0.09897158924898715,0.7521810816627238,0.063702267621146,0.29370622095426346,0.769674092670617,0
0.3646668890271158,0.5733340121749514,0.950249299049527,0.8002919093509997,-0.08205479323779177,1.0535993566301673,0.04809810566516434,0.1936343903923607,0.3356179785431452,0.4180838270074519,3
0.6342649794114528,0.7935275881148693,1.3950444136114308,0.771012935890378,0.7711966787708503,-0.23909096938631236,0.32820087015630645,-0.04796830593386703,-0.04274357068880802,-0.46079591599445613,0
0.9945417676448824,0.38105837814951754,0.8914663213130928,0.3545544807205623,0.5324811021923505,0.7030607338600359,0.2218471607422334,0.5922701265590459,0.7830577239940455,0.7424404687164838,1
0.10554387910096523,0.6655366992618198,-0.006677959795712889,0.28389799017915973,0.016955733387113828,0.565772590658594,0.7530809126501284,0.21249673922187937,0.9678602646281866,-0.013632402367756473,1
-0.00047909020536943125,0.8485582935250766,0.8416456537133286,0.7048935364187052,0.5667886232967674,0.7829680447575115,0.29458071221895465,0.8829807892356459,0.14078344694472703,0.17756320905508632,3
-0.021393116154083378,0.1269584732424893,0.6196113971875353,0.28433675216379356,0.010879555296388461,0.21941780288767992,0.5676960331542976,0.242050959573658,0.6561750308635073,0.7866066454628486,0
0.5432816203941085,0.2705989530508607,0.09702489562862535,0.9731572028962298,0.41866475547692555,0.7949059308693982,0.9766877791202981,0.6837066491239961,0.5041881930918142,0.0019511421355254445,1
0.8410150401887193,0.21588097963920327,0.3470056154247416,0.973616055339017,0.6811776070791304,0.4328014948794381,0.9575156393285659,0.621707246960409,1.055312883545427,0.32596385403273526,0
0.9421410323844458,0.5407935278037795,-0.1787637587081795,-0.3502051425391197,0.37447133506440794,0.9766925680290802,0.796829700262093,0.43752714506018986,0.0009830060514268157,0.7692121868031582,1
0.717875297146465,0.8680607863596781,-0.05807946612001316,0.4878636130067499,0.36838682780448817,0.48319944525923886,0.7609195229394752,0.268320795421841,0.6080968981809449,0.20460613484803256,0
0.9978685138158203,0.7022687255945769,0.4923130856224026,0.1269433083106092,0.396551117332152,0.8098499650681596,0.6356267334193028,0.556766645498743,0.2980592126392768,0.1083485587961359,1
0.7959089021591123,0.4319204767212606,0.43123762266606036,0.16452503554619852,0.8518402479601161,1.0262667243446102,0.23528867156403022,0.8457119856951592,0.24021544647051934,0.5535501378687812,0
0.0021765140786505766,0.868124523735486,1.1000726089072914,0.6776291915478406,0.6470974612873643,1.1091793891112256,-0.09698002246559911,0.8702981372077792,0.16073166557935933,-0.06983718856078608,3
0.03879256841843188,0.6493116161459486,0.1460318362733279,0.9315363479586329,0.011952503258248853,0.3650105358726665,0.2508514564042241,0.2611051138816708,0.4680655172666012,0.8772153090769509,1
0.9879168797157293,0.6802338603282292,0.3971447554884058,-0.04490387501210796,0.3773269892356722,0.9187604710181393,0.8152018678933135,0.43967957162435634,0.3567244857084381,0.16709529377015758,1
0.3972223414978064,0.7898869270491666,0.3634623857766998,0.8426735538633031,0.9304291127715862,0.22615920508536252,0.8979119574279685,0.955894641801234,0.19688807309787903,0.34891114557315156,2
0.11430813369264284,0.8525047182291484,0.815293284210231,0.8088743774535742,0.5321809598618619,0.7797992673077444,0.15521471543280385,0.8318176801030202,0.5791696647335518,0.6083225498429734,3
0.16087663836000984,0.5512572114354267,0.014091107380316263,0.25666727267991396,0.08648867957622532,0.4854111639631087,0.7111468449578059,0.18144952794536343,0.9345401278400209,0.011784602822979499,1
-0.004585906970340111,0.11910875977206849,0.6272150397984295,0.29142029309848244,0.02632074683493224,0.22343180633081355,0.5735797617174767,0.23889241388908203,0.6760314071977306,0.775401416263122,0
0.0829618948962659,0.5575959120972237,0.3709292262334531,0.18462217417688498,0.8793665824217941,0.4689065202582676,1.0502535491240539,0.3971162427415789,0.27979413897121824,0.5604935850793782,2
0.8064912553574101,0.8860956918719255,0.336897661312658,0.1551575117265776,0.3300833583683674,0.99874558725087,0.5341117999628411,0.8189032894956862,0.5003246809314059,-0.16922772466522118,1
0.17661357856675808,0.2047842746228628,0.8471626339645213,0.17286715300367345,0.7666470236384696,0.10409498211037295,0.7797309363462519,0.06088032056457668,0.2983312279300138,0.74181321295564,0
1.112210330353416,0.5794535006925917,0.8568509886881368,0.17007112964988416,0.8406363058586785,0.5278029654749254,0.9103414312958334,0.9995680994234799,0.7070990975400624,0.8032631090770137,0
0.4056424977246358,0.6131891817781858,0.8312975583455164,0.882587652093496,0.07016194722168842,0.1695849731945746,0.28918857216878174,0.5312224027643624,0.023072498649867712,0.23061441839258895,3
0.6064978256369216,0.8084423066753866,1.003451207112141,-0.14536749724569548,0.590875424409475,0.744350976170129,0.7380207966827653,0.6816964302476418,0.17833892696422488,0.42213243376956594,1
0.9560819566381861,0.30920568464590253,0.4864053907402804,0.8914006698583918,0.6105660427856562,0.5397656028777216,0.9044467257548333,0.5391799204016264,0.8645365623792312,0.3407887631483529,0
0.3369106718093422,0.741563627051884,0.13688902252586607,0.7457735758528548,0.19049988379786564,0.5198234382826987,-0.06402967538887783,-0.03428995929574713,0.39293531722368646,1.0575707589960095,1
1.3029166667425076,0.4429322278332552,0.9868916671327667,0.47056152664947987,0.6447739643968434,0.12016054041301011,0.6072848545031179,0.428769058939857,0.9304853717734125,0.15475938102898146,0
0.7864239262583732,0.3521152550513416,0.7244758511364702,0.0530449798629474,0.8910239714091854,0.49534827895072786,0.6505528410683317,0.8981613249403022,0.7032734466550522,0.4450394984595119,0
0.7109926764517229,0.5975155390799208,0.9062535486851162,0.21425227580618889,0.24433617889337209,0.3001343136607874,0.7654319004721213,0.6827970469979326,0.26059009711033876,0.11317422879981377,0
0.8736380783941564,0.4859817341033496,0.6819830773074105,0.6001530422808763,0.5410313656969914,0.4907591335060978,0.4095381145287704,0.9525409697483215,1.0977856277135727,1.0013988439873904,1
-0.3284299931940865,1.3188028793557616,0.06696040920159602,0.9313322916211109,-0.06327099721017425,1.0076469286255998,0.6319861829637321,0.4107881421528445,0.9147175258954053,0.5372461468622056,1
0.2882336173379711,0.8666908338840631,0.38555162732992765,0.7816954014357417,0.8709958066018602,0.2317001721985404,0.7909877086483088,1.0438247296600467,0.14119812023789585,0.2860377053252766,2
1.0774306489809276,0.382336358765081,0.8491656760352981,0.49681200586103097,0.44956812090094345,0.8429929985232612,0.2791581166057671,0.7613382616498607,0.8172358455366627,0.9055188945164713,1
0.17360857456534015,0.02262127982341286,0.7979891992074236,0.1329832951870046,0.9271242534267405,-0.2275446962916701,0.8469482835940518,0.5604490711925916,0.5942153875516274,-0.05059684012474394,0
0.9160046396060294,0.6628783342714589,0.779404165657043,0.2933733223804627,0.6343530582842333,0.606836124518818,0.45308240248704046,0.5224087749677281,0.32888081712448086,0.6258013694844599,2
0.09163913713396697,0.968598394127837,0.8323182321377762,0.313848220906478,0.07633769368948351,0.40323325410983035,0.7535287424718482,1.0238973690555233,0.7630770947985756,0.06739019242798228,3
0.14976451349449565,0.6013162754989253,0.035421436697302564,0.24342461330342666,0.0806821818926591,0.5180475176927141,0.6972189702284823,0.14348355420572317,0.9905771941777809,0.04913138650919064,1
0.90955842760767,0.269063138068639,0.9313769285463545,0.43458550161092835,0.525861454524991,0.6627922768048202,0.1975930799010982,0.6898887690674399,0.8620727087653431,0.8409096199937884,1
0.9018024935490196,0.8551747581967171,0.7989481098999535,0.5841912057418036,0.5485333037065154,0.8440993107061959,0.1013764915227793,0.8238202868893523,0.590641240260148,0.5392767652254244,0
0.009049735057087532,0.7743416227083293,0.18838237096921093,0.8646687301513317,0.3078263795756777,-0.03909632287112111,0.8820302053213007,0.22276593477682313,0.3456437154124801,0.6357121340153136,0
0.10971341703637287,0.8529032254244074,0.8184212132270868,0.8093067811548418,0.5298767503638032,0.7840164384644085,0.15621246291862176,0.8372080271284406,0.5812160323757621,0.6111509453644001,3
0.15834998460904778,0.5972199053510767,0.04111964216551732,0.24903642591721611,0.08799552522268884,0.5109575733751076,0.6987231594735179,0.15190142400347612,0.9813808980652982,0.0372699482575626,1
0.08419953495493174,0.2693430685498831,0.3529039677394825,0.238916622809158,0.9784468665182576,0.5502449709269895,0.2499171221125275,0.8925240295743101,0.8575759670946352,0.5449009180842781,2
0.4942264480481733,0.031499335642646814,0.9435976882084844,0.8768779584262345,0.44023764187703407,0.7457652470329739,0.228892973813814,0.10554916764256277,0.6301532871799554,0.6272660965545985,0
0.014587194238857293,0.8785989669243878,0.9055203292060223,0.31993528609850713,0.10274539254566606,0.35431040441392475,0.8067601515618384,0.9498793139790311,0.7623940940010522,0.1531445355226747,3
1.1841871391356968,0.8350388070025465,0.6937030938671536,0.19523369161038281,0.37333426044183937,0.8674506563664259,0.6012762645109058,0.3571076704738624,0.45195576092830037,0.20900878896867015,1
0.1110312008719465,0.8530995175751314,0.8190572499545256,0.8078418381963228,0.5346767029540156,0.7788372426246079,0.15381717753572582,0.8361278058166325,0.5801341055173637,0.609141350081303,3
0.02369622401287519,-0.050616664296619054,0.7359206640542537,0.13752112475737777,0.8897397896663284,-0.27449588132155994,0.15369269933273805,1.3010787051445607,0.2974778400567749,0.12771302498936588,0
0.5453115905574387,-0.13718387678493207,0.6180622164048932,0.46825500834468026,0.7690019274413875,0.25295423769876546,0.4541801131915002,0.6668843646198169,0.8713254679795158,0.2470355522290129,0
0.2821659559708889,0.6213003134076085,0.8550435094443986,0.9014947505364472,0.5262658248909464,0.3018604400032726,0.25819135909513713,0.23257793798067705,0.32877287138412786,0.2899629172947269,1
0.445400331282794,0.04197643142743711,0.986833878017525,0.8430459664364409,0.473527986986798,0.7373529900587018,0.26291944247969495,0.11799083583571213,0.6028900912061557,0.6495963864651665,0
0.8420416032988429,0.14793698821337906,0.6525058927447597,0.07981023639596253,0.5200877867625681,0.3945539873359381,0.21678114380881155,0.9267097648398364,0.9319210569476273,0.8112024979857915,2
0.18535869989478676,0.9572223841843717,0.39997319044030133,0.6641992668703047,0.7561844212626698,0.13855993266164174,0.7303958768461762,0.2984267215846519,0.3174576237129721,0.7028598065338074,0
0.3855155866225466,0.2091201147439946,0.304490952957988,0.7621301997971117,0.2535160766448234,0.3457611074285928,0.9251637382215794,0.06681496360058942,0.827696616170664,0.1906948558935485,3
0.4730397228132036,0.3222838677469002,0.3387108974480471,0.14479417486889645,0.23853451900892142,0.6450800731103955,0.7706277164106703,0.28767675057114167,0.448628260603409,0.6257113018844624,0
0.7519772447125495,-0.2088613781236005,0.3424542592102424,0.03773398260929989,1.2743462859385861,-0.14461090152953057,0.7954055428860439,0.8317045271878521,0.5970036767693776,-0.26201973957526487,0
0.4551482904709932,-0.0780150486856524,0.43777116115293824,0.34240491491581115,0.9946467797956438,0.218009037088871,0.43832588198644107,0.7968116925325803,0.8207817843912104,-0.007121564465795399,0
0.9560723200890162,0.9264022429521248,0.7850020487637032,0.5902895712281315,0.45446362782953553,0.6703550950542919,0.03597572511761135,0.6837017696861835,0.7257422363355407,0.4906529384932289,0
0.9373518946844049,0.6584604159461173,0.4829927829440735,0.08900773330730287,0.448334579829233,0.7943214920116356,0.6661040463217148,0.5732353760947575,0.257626590831333,0.07409536185142451,1
0.44464488549209835,0.6265621597480139,0.8329748541322238,0.9679380649592727,0.15936984166955953,0.22546164216119818,0.23997733967270823,0.6300328517276761,0.11761733195253679,0.19088586071856836,3
0.4876796388741242,0.5612972901732164,0.22657614638667825,0.657688886619587,0.7846977967824864,0.9147817697791284,0.03819459496738308,0.6692100709028047,0.958972504318477,0.17914119367951373,0
0.2913715648466506,0.12177875133710482,0.6367280458166096,0.8673787372381339,0.7598248012906824,0.8605874386526666,0.5588546051266852,0.2044711442025786,0.5303158501352064,0.7215183673084005,3
1.1528217647498609,0.2348118572001685,0.8358026840481843,0.1672059797630828,0.7090156771532818,-0.32514858381840217,1.1885364518751644,0.767130279959264,0.470799134085619,1.0715356214493394,1
0.12057916012379973,0.7562724229123026,0.8026059976459665,1.217329742070202,0.5066308165830025,0.3839110166740569,1.2705742105343962,0.1083903254645181,0.4855659506234101,1.1526328568188093,0
0.2609042714757965,0.5916072260201487,1.0639244364304399,0.7034812895083016,0.09826712671335602,0.9234739377216056,0.11138155764915983,0.09381121815051996,0.3860048788241755,0.36411179153147183,3
0.851037977030631,0.1485748732601447,0.639601030788828,0.09167516838890677,0.527507986052195,0.38616532235461803,0.21194645168177587,0.9357064010795175,0.9329609061247667,0.8151438052511115,2
0.3688357471967316,-0.2798239026836624,1.4711409589172653,-0.5341329038259442,-0.8839636700289027,1.2509897704157509,1.4469077258248166,1.407199721608976,0.45850293824545046,-0.6425168266543655,0
-0.07007564285568002,-0.1733252273299899,1.1128261370674595,1.0684354743495716,0.1770896139293695,0.18988823777641367,-0.207769097122805,0.34784813308252993,-0.2942664569685898,0.6166477081077137,0
0.10734379770634174,0.8565868117274337,0.822076027472103,0.8116526161228232,0.5331766508386688,0.7797840062950478,0.1550558327709075,0.8368312555326943,0.5800681907308984,0.6064388631744184,3
-0.0037985144809678977,0.1250837435854782,0.6406685235792099,0.27937776562682926,0.043381626202235186,0.19938700817444827,0.5775841221686424,0.24753801508954423,0.7061818987739547,0.7565878591796626,0
0.9164477008173503,0.27907443057160386,0.9847816361856273,0.40640394250189726,0.014280163608994798,0.3746695207177197,0.8947417742873061,0.5324553896676794,0.230121756552051,0.22233803874353636,0
-0.00687190615671081,0.1143864985861198,0.6273419074434512,0.26961853249702156,0.039800784401236515,0.20432400429753886,0.5803580562560563,0.22051663260730942,0.6863063425681447,0.7829041574582727,0
0.13351908225747944,0.19039219738798022,0.2816959780406421,0.727609082835194,0.8772062339379616,0.2591704531180843,0.43368516153469927,0.8304146471859019,0.6493951706581444,0.28958506141676066,3
0.3476074611819335,0.06812647717628179,0.6849460163439622,0.2516079134747733,0.9607581117987072,0.004408077386153262,0.5993050088363433,0.8533782445608474,0.8214307692527092,0.15377302248191932,0
0.5078210461468338,0.654426991625354,0.6348379117963336,0.49944555497727866,-0.23026323586857833,-0.0952831029773441,0.5344403204361897,0.11698865156242322,0.6102364380675078,0.37282527863580905,0
0.09085930443804129,0.22480176613315053,0.27340387167520996,0.7263616021852257,0.8816781370084045,0.22290494516616172,0.44531595362946585,0.8204886231116513,0.6621842299079519,0.3015431704486095,3
0.38682149744047606,0.6245748075959451,0.9229447204475018,1.0106383250364748,0.2810142442054354,0.22371209139281129,0.24288143916442678,0.7058927337058278,0.09958045576453602,0.2705825855515216,3
0.9643405882963698,0.8714811874524735,0.317021972234532,0.2163566302412386,0.3597820742000506,0.09608453910073175,0.5465026936309427,1.2217095786735617,0.5500282013385437,0.7904984084358132,1
0.49853846784461725,-0.04439844374450813,0.17334030309200843,0.18819447774038284,0.05265453692102649,-0.004226198870867212,-0.06133148828750379,0.683671392035614,0.7685812928102447,0.2704918873240069,2
-0.1444444929307125,1.3928537780171362,0.9050182749298955,0.5174772639964113,-0.0240799876567587,0.9161687300417566,0.9419038648518748,0.5486219935206054,0.9734757747562077,0.6489306557091017,3
0.8894581193891221,0.36435362416497563,0.8013445061729656,0.5627693929243461,0.7049655418131547,0.27767662970852935,0.7427656936828068,0.9952284756988384,0.9719828693704842,0.5348472769066691,0
0.10162512372848814,0.15716326163172584,0.28316678144928553,0.7756931817967958,0.911817228780816,0.19624727530363517,0.4087878990231249,0.8386334360147365,0.6293392305746708,0.25067878389578396,3
1.0472513502886578,0.3284569307271784,0.7750124938128825,0.1077664399449235,1.0379010599899692,0.31302570953635744,0.7374650105915179,0.8105187747506752,0.6911708766899683,0.5285707022341192,0
0.8394258328645616,0.15114301867921784,0.6231812908954677,0.0942433896146641,0.5494778088169128,0.3981685196354024,0.20196916937170767,0.9422209436339269,0.9469683894175789,0.8329847201676231,2
0.4305383227680209,0.029221045341126177,0.9502984776730637,0.8729712091362061,0.4032395599647011,0.7763932398505832,0.19261021309825851,0.044782101139289904,0.6648101903192325,0.5997397102427895,0
0.5371014916475219,0.12893515296772268,0.9187294663974752,0.26723803932377976,0.41002972571905344,0.4791125495685762,1.0670376219515734,0.11288664731308073,0.8308699279302345,0.6031538858724443,2
0.45974686073981513,0.08626422708675645,0.6358184449236245,0.17446007135957292,1.1031598534389502,-0.12989617756500202,0.5523046874296101,0.9224546031993789,0.8717793469455332,0.18216611458094886,0
0.445161061484563,0.44596116979433775,0.9280913488165021,0.669419213081593,0.5880448895749077,0.7891419520869775,0.6999784097467163,0.599991555919813,0.19127360140729177,0.29262344936434603,3
0.2592162982757251,0.7938759565598673,0.31771851193394374,0.7844946111319966,0.8150490345057644,0.21601859588512362,0.8143426691767867,0.9543144069416195,0.31580933773593106,0.4493631928829268,2
0.8882464304075034,0.19213945450293773,0.8829819923129649,0.5231195307200712,0.6153046254632224,0.5478992412652731,0.02769579898556776,0.646722771095378,1.1054454566517933,1.0857356017163253,1
1.2914101632884978,0.3837506049138944,0.7186978859570061,0.12195421844705097,0.7691679621195583,0.30868130508355457,0.5411994249174592,1.2014235586523507,1.1088321618921346,0.7983784923961973,0
0.03197443501435629,0.18701872421729188,0.2398062740607288,0.7606232783538671,0.9419569954955187,0.2020244043187348,0.43433304226639996,0.7912962204696146,0.5548675659440343,0.2882946571108377,3
0.12039772193776763,0.316986576540616,0.40971845330331425,0.8387018586094814,0.6486690030094869,0.9565432305097904,0.3676122621552521,0.36481586430808755,0.6411760630006421,0.6352587830930396,3
1.21229248395492,0.06601476791652067,0.7255845861845055,1.0569535183679066,0.9216259330240935,0.5154765759898609,0.6879697059974195,0.46262591736951847,0.7366948362402652,0.6706919398374785,0
0.3682733266605975,1.0728953540766852,0.6108628195309209,0.11032086090216123,0.3709980769071853,0.09250087440422478,1.0822497525647334,1.3209179125050174,1.0366447182225156,0.42380050098126865,3
1.0999179469175149,0.8866189483203047,0.6143378701562656,-0.02497633784281185,0.46242612302178576,0.7221176963875605,0.5385929822456534,0.646558275663744,0.4293622028045794,0.01597158136512279,1
0.5251867374249936,0.6183754316229544,0.8581928309433543,0.5073180065183797,0.5469507555392177,0.6880973639214586,0.5833070271053015,0.5802253772785843,0.2254643511101782,0.46365574583838665,3
0.3397027795032564,0.7943989058544347,0.3050471729670634,0.7549753224266118,0.9213728229688506,0.3045179363396588,0.8966738096833322,0.9362431288863939,0.1922367108000739,0.3747813553272285,2
0.21257468077501648,0.4007641078736736,0.4748594943815052,-0.05139331535887337,0.23903627807999261,0.7008539963229184,0.4277861853446435,-0.1497285390980815,0.8060569130547279,0.6999278395300396,0
-0.029596449162691628,0.08871569673260424,0.6243924707222019,0.24388072651108628,0.012696088608977855,0.1940015729613147,0.6048361344607831,0.2173276528408628,0.667889281868981,0.7493784059608942,0
0.5354908900975156,0.2403834317439077,0.10193796600903107,0.9626967495750729,0.4474299558364505,0.7784211779296315,0.983915157902633,0.6459549442794543,0.521023546936642,0.01379961023123482,1
0.9230217265818612,0.41319322052279917,0.6673443613465662,0.26294331511992286,0.5244784728931616,0.6453358607220123,0.6927174872866788,0.6902519197385645,0.36450566155889097,0.3767157312829814,1
0.0014856164463331247,0.10591986241195685,0.6307427300450817,0.26529698179245653,0.03200430120621783,0.22106893541893197,0.5750485747113452,0.23144417910528786,0.6824184605076266,0.7740619004565855,0
0.44545456293740937,0.205996301295097,0.3231470574961659,0.7045252836030671,0.3020925767871544,0.34003873752672825,0.937510385120946,0.034151151073081434,0.7730696687602474,0.1730533248663688,3
0.7171503486872268,1.3914014240244388,1.2290864678598257,0.3327286677103923,0.5939392182289657,0.5856567629309056,0.9290307845978567,1.1696796757458685,1.1568622825532264,-0.3422087173791616,3
0.48807488007452615,0.8172530207943519,0.7721120162649898,0.907354809921728,0.44080678930259437,0.2620285687234657,0.6688579450436405,0.21704853210465125,0.42558523591496544,-0.10403538243637611,1
0.00604384457802902,0.34764765972717826,0.24416725347431764,0.412153180607171,1.0697693821422412,0.751126153516857,0.06993088487289181,0.9293535723207373,0.9137766140311347,0.6463787541784015,2
0.7206421215957379,0.5514703994912457,0.5024243570960324,0.3652289363257555,0.7942580114253853,0.3416775754646996,0.8020468431440884,0.7872768205719204,0.9816298879551645,0.2778397317125316,0
0.5250939348440702,1.0327710178335816,1.4678145776877165,1.2728938411225705,0.9851776578220035,0.12080399644010886,0.2601565623800336,0.5667990912688878,1.3248364106072694,0.886725993701613,2
0.060841713702015354,0.9493178029360463,0.8723833105196773,0.410240680139055,0.7562945633520226,1.104176146295632,1.0448267816548138,0.3564397559891131,0.5602514842270447,0.8700802697110687,2
0.20857884445535557,1.0496994275977316,0.278733737349705,0.2525198556890117,0.3476733452334351,0.9486521336069937,0.170237890339258,-0.0032373767847931334,0.5108773101905305,0.4789190439483778,1
0.38046004998805205,0.1537666603440424,0.5960386791361748,0.7863562697667077,0.8850602752415835,1.1897324297022627,0.5337866688109788,1.0301916968102882,0.22015196905740203,0.26557869637600107,3
0.8044206025754419,0.12087296549948387,0.6843006808091536,0.06474633528298175,0.5052960318749398,0.4236403650044235,0.20676201867799568,0.9592674333937773,0.9302377127907009,0.785862484571026,2
0.7893772020825673,0.3901010959423817,0.7279826505013369,0.5969321151308118,0.674781523831982,0.2675647056259112,0.7814464355311049,0.9173802077502556,1.00976023541961,0.4716277334755453,0
0.5750783150536969,0.21013865953634528,0.5698062290965256,0.15877998728792925,0.2768015275562636,0.8089189378407529,0.7005100055747439,-0.034550300677355233,0.717856799133577,0.46549588157401395,0
0.24077381949948723,0.8960842983444414,0.3192783841047289,0.8656529069168358,0.9415288563345344,0.2719624767061392,0.7855702270965611,0.92925294743954,0.18907116442850386,0.35606426448234757,2
0.6033548186073672,0.7671674752553832,0.12793718914740113,0.635523797873462,0.5036358301287638,0.4363680231578909,0.5046559314203297,-0.03282664071500836,0.5294589487222491,0.060660041410780116,0
0.7640073463810251,0.02772220884610016,0.7729646609931851,1.0107194869610188,0.31193779915714703,0.4113187023697814,0.6523785942490283,0.7863797211238269,0.9744420375649004,0.488421424509789,0
0.04515268728346797,0.9531690918385576,0.8956160762018491,0.4070734844255399,0.11154645577327815,0.362823665087035,0.8422738958390374,0.9619705291366841,0.701280866663688,0.15127825989964117,3
0.3079952728121732,0.1386400424210485,0.6494872887949246,0.8608998364733468,0.7667106060207057,0.8584766044324803,0.548473226842834,0.22227789081050528,0.5198384200322811,0.7387810391433397,3
1.0281020627683417,0.5598686746634408,1.7318417223522302,-0.10785698674956523,0.20098661158414932,0.6298231598877453,1.9140868216371434,0.7065085818342689,0.7231860704654678,0.4053260958126616,2
0.5162405486045415,0.004136606056049347,0.9465405495274943,0.9494716670600812,0.3909992325500756,0.8866138877707541,0.12822094871493717,0.06264648513978685,0.5192756989931487,0.6840596837220833,0
0.7793054429536606,0.4024743424452783,0.8757612555502073,0.4054642921621686,0.08602530755242138,0.3764007258151835,0.7964345699388872,0.6397757150907187,0.26361566268464803,0.18410920781789442,0
0.24283639803883925,0.9998692980654109,0.37691151895066244,0.07220785587545106,0.22409954009536556,0.9182405404156475,0.5217372457084589,0.2514401843012516,0.7816973100269378,0.5281508490123592,1
0.05736678619798201,0.373421761885262,-0.030627056575206604,0.07485788816371561,0.6260458042349367,0.6222594162998665,0.9023855116492855,-0.35180129343577726,1.4690452269492575,0.3116197721744225,1
0.11299945428993417,0.8537926556602913,0.8181105728536268,0.8133446006624735,0.5311563114373755,0.7775525764409883,0.1557694087570698,0.8387307052150523,0.5813774791774029,0.6087166142245201,3
0.1430879529033084,0.8132391016669149,0.433458851636974,0.9979234877342031,0.4875826108924131,0.09537421159977179,0.9932064446219304,0.02654381147225659,0.35672446459846163,0.7695643778223704,0
0.3590649071086522,0.09737547539098795,0.878439209190532,0.5129045370746849,0.12607935541495494,0.11519290978910868,0.2515330235570342,0.36868369040305465,0.6004813571896864,1.005267980105044,0
-0.7765622851710897,0.4566194878375767,-0.33697409307086745,0.6400990200957579,0.4702375311059189,0.8230664007100228,1.480635302240402,0.0415553735696389,0.9585968921852845,0.48935159268366657,2
0.372897120707946,0.5134406758653283,0.14891721337198474,0.6856526723830104,0.6899150761824615,0.8245889643774448,0.022914090153686152,0.7202279719650797,1.1076347040724155,0.2048694251693875,0
0.7108708205886736,0.7822895468587049,0.03725330547854523,0.738631217920905,0.5351535211679715,0.39917099235298936,0.5279933388032471,-0.003729675395281601,0.3878746983897283,0.09776739040778813,0
0.12017745728428901,0.18743137473271326,0.28085783463009717,0.733193393310566,0.8694421066315677,0.24813530413660054,0.4437520988099799,0.8357456248071211,0.6424269031581641,0.2792679047743332,3
-0.4758232549521798,-0.101868901032096,-0.018833856403314808,0.668968381024664,1.4656403911699376,-0.016429145918682553,1.6007489251686389,0.3259056670269838,0.5369262191960884,0.6139890479258907,2
0.47136761277940453,0.022145256224627576,0.9454487801917534,0.8930063353590637,0.4747676654940446,0.7457495271543776,0.2594199099850035,0.09867213041280902,0.5797805894018153,0.6320004126329445,0
0.8981145107816743,0.6800708586437597,0.5064345152539282,0.09957378265699321,0.4942944064251923,0.8625046228222477,0.6924959725075684,0.6260322093497471,0.27312960400823805,0.11037739808852924,1
0.4719277190828773,0.5627256499056966,0.2223519791915464,0.6699991600186688,0.7597344472458267,0.9379933432022999,0.03251813822130693,0.6518097842551246,0.9822556718887397,0.19671000533239658,0
0.155711546011196,0.13804993250752945,0.39788675659621625,0.7314743621790877,0.9408490271005638,0.14549007041638662,0.48930350511886905,0.72805443337431,0.7330676338360345,0.2698714035511359,3
-0.5171536774970017,1.1262799992899462,0.49202378217765386,0.26681491628583376,0.2710050734793785,0.2555463493199579,1.027055644330218,0.861443078835745,-0.822711922137929,-0.08301085759909688,2
0.6807673692613951,0.9483962643305437,0.10334197707116671,-0.619919143779559,1.0183427135423442,1.2892948709506653,0.8869411070927258,0.6447440288854001,-0.1865764251055851,0.7861167165935257,1
0.8989112863503974,0.1765399184840174,1.063872683132376,0.5545037399800117,0.6567843934801934,0.48765930878203967,0.1973727389996309,0.8056585756696201,0.848134072839463,1.0082373926147652,1
0.1086468874797221,0.6145275546976036,0.0574739357682883,0.2618331171221405,0.05589468417665333,0.5115483739690717,0.6895651560928333,0.16269549645310588,1.0135592601178107,0.04046699096145248,1
0.7922677866635128,0.11104063540742753,0.7014287636240286,0.1464819079324637,0.5876386252673989,0.3451920841756629,0.2379785601319118,0.9446462736286168,0.9368442213208463,0.8767073490546362,2
0.5506049632654905,0.7813808438544458,0.5552611054577732,0.37829231903877486,0.4591213283556203,0.778064261371302,0.16122680007060977,0.8125072020071449,0.3574663587728429,0.3824692587325938,2
0.22901031081824583,0.1147951901826553,0.5481041111164251,0.34084540195488433,1.085875403902088,0.08348196760275954,0.6235941689220071,0.9730670552593432,0.7540561903696889,0.08839451732254308,0
0.2657291508310241,0.8610885543303566,0.4760346049561314,0.4602695731726726,0.18043779427743756,0.9164409448279687,0.5787039825460956,0.7071558418034182,0.08248041894905689,0.6175751925280467,1
0.8677500943800465,0.37194885114512205,0.793883202043676,0.5899821857505294,0.7302045712286964,0.2690523272332663,0.7516266102329662,0.9821807579142426,0.9858222598138139,0.5336948668726039,0
0.8908039499296311,0.28180111340702524,0.9521982692176391,0.4146268269050129,0.5201344808828029,0.6316333364743052,0.17517539550987554,0.6760416517302267,0.8331105534845706,0.84750826522309,1
0.8319554082188209,1.1577371205636267,0.41280036652485913,-0.4712629651004562,0.41756124674745715,1.1807822674135653,0.118129544455714,0.6264357746815187,0.5479436882545026,0.02836102827351942,1
0.050416110621551644,0.2887116717951555,0.35616044908038974,0.2568703860522948,0.9422726930253101,0.549391717181324,0.19441135292045075,0.8792024131891856,0.8027835691342315,0.5540430376641773,2
-0.11621701336580531,0.43390743703920975,0.4099417933542187,0.115388576990275,0.7896318391354887,0.5760316155416317,0.21175194460695942,0.8730865855230929,0.8499051905308278,0.6532936452256562,2
0.9215698728702264,0.1547518639092793,0.5171741966708553,0.7067894748471772,-0.14179865490926977,0.6905207190781985,1.128087280192959,0.4599300970600022,0.650185531914369,0.25158111136845474,0
0.5052071974895295,-0.0042063871796689176,0.8959322259665093,0.9146854630188552,0.4147873147128046,0.7779747530379489,0.23947186806217927,0.05514729985932966,0.690513581419209,0.6522962116415292,0
0.3543681759862678,0.08367329630086168,0.6859879079568096,0.9419904826141408,0.5906466329938991,0.9898733954614097,0.6567589408946285,0.3781988545997343,0.5195365542752732,0.7199900185380622,3
0.5325647758839892,0.8040708471084396,0.5344352974443414,0.3604872145131296,0.43877459826453213,0.7892915332138771,0.16393326161086594,0.8157971168449718,0.34862949692959205,0.3889820253530886,2
0.8713187346623029,0.610886388103096,0.30524840780170226,0.29691818775132006,0.21405996765918636,0.8381969854170782,0.4968526791719004,0.3719282490257123,0.25985711932355937,0.05012022929870405,1
0.3254904887198748,1.288693672761946,0.8934539071915019,0.6206773682811971,0.5322385100113662,0.42281753095459085,1.166362296359265,0.4506984456173753,0.4581530337036368,0.8772177254368662,0
0.5332362387336356,0.8051625099364697,0.5337738478702486,0.36147889330223215,0.4393343446860655,0.7877748036862903,0.16290892157873782,0.8149986674429438,0.34959455063882894,0.38953516240078767,2
0.6672124100381169,0.7753000976645936,0.12595379094083953,0.6932998325820537,0.5741091249001815,0.39517996359194146,0.5813453023733411,0.1113992164535935,0.5311227107316696,0.06276201879450738,0
0.7864895352889546,0.04996308311628983,0.7427200793589704,-0.13966071924909879,0.713047475978976,0.7714782027448297,0.7155491539126035,0.8213042690127823,0.6140272029674633,0.44547590652550184,0
-0.037542850422636664,0.8366787432460467,0.9046596302873885,0.31290047718723657,0.07111618470112277,0.2773233678671808,0.7513183287690284,0.9110905573245196,0.6697151849977125,0.20620270056101167,3
0.5793630856282721,0.25687069839346777,0.819982255038431,0.13324164723712362,0.825815290974373,0.004189697867376521,0.5210704547436186,0.1493115194131267,1.164697398300853,0.32826501692046395,0
0.4776405396192888,0.04883591050446326,0.9661946142411834,0.8567857240300392,0.4792223577474029,0.7820690368428713,0.22517415964042303,0.10055658634780691,0.6308661094548471,0.6241433801441123,0
0.049202367196671516,0.26910744488282473,0.3318235187138375,0.28857258933394414,0.9781844516867558,0.5608389692383837,0.20429913075750397,0.8845020560225705,0.8131430529528376,0.5705094364750034,2
0.8304411958021578,0.29872789551682366,0.8721968901521111,0.639361117309051,0.7563889461632829,0.31410783101363415,0.7349709374575559,1.0509585958553684,0.9056937667025372,0.4986011305622862,0
0.2502132000554069,0.9943583041213131,0.24444780074230976,0.7951694892685974,0.8741636678553936,0.3258269916239917,0.8193891197195864,1.088731618572427,0.2698574460618888,0.45399288857229225,2
0.27491516712791686,0.6121809337295974,-0.14987777528251406,0.32032854113928233,0.07372893597053316,0.6238599011961542,0.7995675269154341,0.12028112821658221,1.069630906099723,0.052656511261386416,1
0.11513214196514698,0.8523116876690876,0.8144328127989269,0.8044848270348062,0.5381487857451556,0.7769732876829593,0.15437297856554205,0.8327815943064082,0.5750859644632111,0.6050767488435072,3
1.3689343365796511,0.25302124848921315,0.2637735116826748,0.6579098715952799,0.621318080396333,0.49794971197833465,1.5542624535998273,0.8501166115039885,0.4579727813277384,0.22958933678181212,0
0.44840653812711273,0.18818310576611616,0.2499732504042638,0.6993876439979281,0.21876158660437417,0.3711979154928821,0.9343758163082181,0.04028328096448276,0.803238720994784,0.21881501766817896,3
0.8655921070312066,0.37635665026362336,0.8041397874736693,0.5585005600391952,0.7070382252194087,0.27268890204347124,0.7395154499095341,0.9814092075694957,0.9835902349325304,0.5247416322985331,0
0.0016411259254431945,0.8652170778898298,0.9371094272543228,0.3523455120084356,0.05064861368987066,0.3377429547645518,0.7866467921264609,0.9650339577496747,0.7722455015039402,0.14205452571373917,3
-0.07010663503131029,0.8471854612399264,0.6980745323775466,0.4990329083793097,0.5471763978156727,1.0200876898601305,0.42453729201476975,1.0444907928397313,-0.08129418403659508,0.36098625507879634,3
0.8332037689389725,0.7838942749896187,0.8149502535489738,0.5859899760273002,0.6859293354127152,0.843042313818354,0.1477017665521195,0.7786027486419647,0.6763703885337152,0.46149567704090755,0
0.615620616760134,0.2940500013451397,0.1210355044739211,0.8985735512109885,0.478908491648589,0.8418958606941306,1.0211402199849342,0.638684136997262,0.4679713646816277,0.05440307807210756,1
0.3314689425942069,0.23730841705534209,0.7790463789698566,0.8786927633522066,0.3208960983628124,0.6795282730466676,0.4848937934516599,0.7334414205136749,0.37281509826799153,0.6569311474258195,3
0.6711987607391182,0.5779523029694563,1.0665613356750911,0.48801749224637664,0.27108011624022943,1.002523975304304,0.028915991141386974,0.42267821774183667,0.7928208226868352,0.6532607042713597,0
0.10164963293518808,0.06580133136058194,0.8678664215510915,0.4209092624415456,1.1331081525503541,0.11972597079802264,0.6667301727339157,1.1026354616849847,0.7374467417704654,0.37487078537855145,0
0.2864094447964426,0.6358202628525231,0.4487076977227903,1.3553266644808275,0.6256794673818971,0.33742339881927197,1.3294577351062877,-0.3963801253532757,0.5796649356701231,0.5876407909446411,0
0.022724729993906262,0.5260403727075674,0.32747594768922045,0.16311393100445212,0.9514140078142267,0.47325353215083116,0.9564096698018911,0.36194919392954455,0.2609452628790712,0.6182291630963509,2
0.17228117815496408,0.618863490600809,0.1598222594735778,0.2546757176398892,-0.0925358478873255,0.6277865488633846,0.8415861055078185,0.3176760365783837,0.8219517991902691,0.038903926501856215,1
0.3885218217473909,0.5322263530204806,0.7865096725084898,0.8923750924837339,0.1378898414286669,0.07879560243420296,0.36128118244778146,0.5815793565080922,0.15928112097003924,0.15929086492271155,3
0.13609372132669054,0.9160010612773688,0.9416186203841874,0.5341773044034511,0.40610131553967077,0.8284292234252585,0.16177457379828736,0.929766310205027,0.04564476796729084,0.1337938416631217,3
-0.17187515366940995,0.6331415994398362,0.42911702205265523,0.5509082959897201,-0.41319764955663774,0.1490059675823433,1.0899628078911614,0.6492169670574115,0.14523926241947127,-0.32338840859123225,3
0.6109115293727334,0.8588758172054791,1.089089498902006,0.9688164936875987,0.2175999003897249,0.04298995456303696,0.36864641693499345,0.4238702827801504,0.3704180638351504,0.38890041826151583,3
1.0134538374139859,0.30965685957798667,0.38650934730790454,0.9959456985391637,0.6322605912902013,0.463162521162368,1.0554167236109384,0.6449279260870572,1.0025839907001182,0.5292106583200871,0
0.07554565285562848,0.03349180034186727,0.2958289239270526,0.6638934909560331,0.7973496267980619,0.36111411997050247,0.3841008199540302,0.946762841982551,0.6332694560934278,0.4054621143613031,3
0.09415423917304587,0.42094228078313356,-0.031977505521412194,0.17323855022454748,-0.0005314455702764148,0.33565738663481565,0.8560653013537681,-0.04643522383115048,1.1007230088110698,0.2222608300078624,1
0.6856217175814,0.5231854431912596,0.5894344506971376,0.8216561191347836,0.4546535593737412,1.0063200775637613,0.9426526142344646,0.7549255072926421,0.9990100413842322,0.880091175570098,0
0.19902180867067362,0.8086839212382563,0.19506182813045173,0.7065193710403626,0.6251710623834635,0.5318555706340027,1.0416367588963877,0.9482218047181097,0.12189865905968299,0.48356649342670627,2
0.1326397259754925,0.5571134590726973,-0.00039507455531502533,0.1663200026615823,0.006495512950223395,0.5874868918665297,0.7421816408140895,0.17407512818168394,0.9219021300438757,0.07751828037786689,1
0.3703214462841594,0.11145367244632816,0.9643833322859873,0.8744074663046936,0.5093633237880405,0.7354813148641776,0.27206284064318265,0.21632063211981326,0.6148543849890176,0.5989360112095384,0
0.4398862621641819,1.0130932427908,1.0971462278778878,1.6073626724024555,0.9098433246853805,0.022628225523781575,0.34606764707643445,0.3483096970367629,0.618646125955669,0.01921317724567148,3
1.0792507786882473,0.6539249441871271,0.8764210107306556,0.38462192124172445,1.1346932360198583,0.17243450039149777,0.5056693813295576,1.1546214578244198,0.6206141261588521,0.8032462697268349,0
0.5473786495077312,0.23939659277703076,0.09041997058845583,0.9671999142957176,0.446661181571967,0.7193591526241688,1.0155827182470327,0.6448865630043835,0.5797464859177096,0.011589549483389295,1
0.38774519608372604,0.06637395471909632,0.7066667356681932,0.20976892977273023,0.9943703051755571,0.006052410489385204,0.6062461099990074,0.8843601897950346,0.8452618908692504,0.17606764242722311,0
0.8080326457718899,0.3378915340733036,0.8084649279945784,0.5908107895534267,0.6539409007865663,0.2732412786481713,0.7641557209342953,0.9172863522172183,1.018678110521693,0.570902502021968,0
0.8159532246669627,0.3713819263110575,0.712969094024554,0.32127161246101776,0.1391600659034931,0.45516074405656964,0.9437721823050023,0.3997601070216888,0.7943900161739531,0.9350735045714434,2
0.2427201822490173,0.8851591116728086,0.40136528968032187,0.9304186494083256,0.5264686124289027,0.20280338902780062,0.8880630046238422,0.029659583021538673,0.42067276812026067,0.7857032798809069,0
0.07382535002376542,0.7865221871151787,0.9661687868544352,0.26988905725750834,0.12093467828438001,0.3091692988145974,0.8021348356317081,1.0943230606820833,0.6744632801282631,0.16629096510564723,3
1.1212748774193484,0.6818023653652875,1.055602846691019,0.42970266916894373,-0.3551332434689778,0.6961919431370539,0.44162395124126236,0.6358617598215591,0.5683482096691949,0.2827797921910423,0
0.11820288451898803,0.46879848492716675,0.3112046474817334,0.9523392887613418,0.5974688266492604,0.7803148445573307,0.3574101109204273,0.07640865596247665,0.1709179960053569,0.05665401456905521,1
0.765602258865874,0.9219347083788842,0.5021228337961066,-0.5096064532661091,0.34191488445144713,0.6228608306230168,0.9643705983650913,0.9783463278332928,1.0327329271744008,-0.500518703903511,1
0.9039546493164881,0.2566757228147832,0.4401285383703032,0.9312570347376898,0.721311029070882,0.4955266954011492,1.0342618766679799,0.7114927626936706,0.8974198859460787,0.49435081592679536,0
-0.1023468303424952,0.9924019969580216,0.15602750768701784,0.5832233471047219,0.42233300086205117,0.641261683718547,0.5189258691025866,-0.24863298069738665,0.9668583058948559,0.10024788202266556,0
0.8831988580228496,0.5526167551802533,0.7086308319151061,0.2245009313063158,0.5754601582057086,0.8764854246550267,0.4971043795663249,0.9670645063922624,0.22265752392266547,0.20721784677596655,1
0.9561978544263124,0.39759685412537854,0.8486172116453503,0.17584880104424203,1.0195732808420308,0.36322600600372235,0.7825677874296966,0.8999759298377582,0.7127859916426887,0.5958701541847975,0
0.3314107500579632,0.22786879563573312,0.6076993676374784,0.7052853928204978,0.12434435400274634,0.49681500663862266,0.31464695009387555,0.5232538491325124,0.20516109664031568,0.7856831685470153,3
0.5892365173781418,0.9584279265424639,0.3100887257526389,0.38354138448786473,-0.04559251809587275,0.7418874388109575,0.5715351303507648,0.12584715191188992,0.4253888942321465,0.7004790496961463,1
-0.11969886346641151,0.3413874929847118,0.7223762496114936,-0.1946745342345057,0.6645365555099565,0.6102477409716283,0.6270648853096894,-0.021275324643563187,0.2983469339911903,0.7056501506211831,2
0.6718844157921087,0.2606672570751433,0.4736715237056155,0.4909864744440008,0.7011729212128555,1.1949029321851123,0.5760966379326503,0.9894399530033247,0.5042626019437102,0.35342845428661607,1
0.2711762030575934,0.8716406470468888,0.31998206995545064,0.8261072968419276,0.8892286377212913,0.2547097424945588,0.8513982245202687,0.908743629871622,0.2388454285906602,0.3125903139458445,2
0.42527210679363314,-0.020202265152517454,0.9395819850665478,0.7893007865254464,0.4555618002594762,0.8597705311870147,0.3315481269161033,0.06949235517832292,0.6198951251727787,0.687875100446918,0
-0.05602881424266419,0.7749209507699266,0.9616499011122522,0.24002071328655056,0.17375696508782598,0.27294631864895463,0.7522376498360268,1.0171861237292634,0.8423928914960531,0.20249992195853841,3
0.2292819188897625,0.8987790829910026,0.4003828088192007,0.9077717573584339,0.5247880261773911,0.15887067725405485,0.884381243192999,0.0906020818241888,0.42179407767473553,0.8062535038303404,0
0.15079201185439683,0.8354694080433963,1.099580296747094,0.6688280689973503,0.8286209587525701,0.8275878256472162,1.1430921410795811,0.7620015082908174,0.7216132129234797,0.5466984217611586,2
0.17880748581164102,0.9580058417107215,0.7970855759364451,0.5118771668022207,0.4270926959428404,0.9442582310841904,0.1900653178270568,0.9045193271694614,0.060539313470660064,0.2281514663965585,3
0.32489456801093175,0.12977665867738136,0.6309547776494473,0.8815008939709392,0.7562571567695738,0.8543602362105633,0.5542048428312824,0.24117698327283088,0.5356386463661594,0.7218431162066603,3
0.8558950610628158,0.8233109257219895,0.8705164376755153,0.6439005708798344,0.6043758089278969,0.8191815750893827,0.12177765134178274,0.755581016046728,0.6760330080943096,0.5037346506966298,0
0.8596863689708283,0.8091949828205841,0.8809638920521509,0.6399716001236854,0.6087798962279637,0.8125032141107831,0.11031059961811254,0.749601380951748,0.6764630711593667,0.4920323942172557,0
0.17616662696680221,0.8611899687198401,1.0528120818658522,0.48193930624569564,0.8572431386918592,0.9172229387405552,0.9102614666771067,0.5141254743032666,0.8066925695151952,0.8635187311100708,2
0.48252740195373944,0.44028124698858345,0.15953547856408057,0.6042150223263073,0.8558135389174146,1.0212270733117321,0.028746178098752607,0.758089616374199,1.0264471837801388,0.06567023829221873,0
0.8756986310612382,0.8410711769419689,0.8511978095842505,0.631763200975727,0.604499749768332,0.8088568647788341,0.10680077842112047,0.7395277833905707,0.6693216547105271,0.5043150904579065,0
0.8551201400415428,0.5418530471649892,0.7285908574471114,0.24534625967775409,0.5700313971556307,0.8896420949734244,0.5000407610965063,1.014090054884479,0.2148913197379395,0.1667020042683765,1
0.5870424074361031,0.30162427908884254,0.14763459780121113,1.0207188551453423,0.4799556429795216,0.8203248484830236,1.0139231190582014,0.6535143154639071,0.46062749389892965,0.022501966431104574,1
0.9033279782290294,-0.03988860344187761,0.2403404450679831,-0.415843131844955,-0.037728489413780375,0.9634664102997912,0.9261809262072985,0.23744303804856975,-0.44421860596298124,0.3884515445225303,1
0.05700835462048991,0.9321630356326578,0.9679043385450181,0.4713500348600743,0.03055771621673111,0.3072735729206245,0.7250399634679405,0.8291793353002868,0.7501941928074475,0.25624486017439646,3
0.47470250797317454,1.0775772523411336,0.7299230145300838,0.6723638332793124,-0.04845967355231473,0.5495148256867829,0.15084038726030552,0.4807395567001528,-0.029187512623457146,0.08303105255824818,3
0.8863450922598212,0.30937717634940626,0.9757876990976017,0.44864244787421714,0.5482590101404958,0.6418418007773551,0.20997814196569903,0.7298482840738502,0.8494867399300918,0.8066922456962118,1
0.23731000943365682,0.9638228369815399,0.3830422388164891,0.041802838062165365,0.16479685151381046,0.853887974573179,0.5162200226052891,0.23630922331158,0.8033870936416846,0.5374275891065375,1
0.5526826233952404,-0.22449646112747784,0.9931183442472181,0.8663678673231794,0.1225976260437046,-0.8113127237716492,0.9994262292352768,1.1744482567512609,1.2392429791242008,1.1450511900934233,2
0.1129656441252801,0.5756682625115483,0.09207583694395505,0.324196754128414,0.06462107054098629,0.5705414541891007,0.7969975630836702,0.2209257022830329,0.8922709655412384,0.0038848660390270948,1
0.5687037675359407,0.264631905859915,0.059536260752105025,0.8984295052086816,0.4238285092284324,0.8034791537481197,0.9441225403295277,0.7685850692554569,0.4518565199463317,-0.046482830752021434,1
1.344175134045685,0.7526619991973504,0.7965033920732237,-0.15713846644830254,0.969447191478391,1.3460290454847725,0.7488481565749512,0.8448149887628943,-0.249198111282382,-0.19508506607622605,1
0.12354218118688913,0.6896595958572168,0.2777012094160011,0.4818299752021548,0.5090247817272171,0.8591570114601235,0.5855159422407034,0.011533155266578658,0.9628627910347054,0.2097584461006546,0
0.16740446822751284,0.8183778934358366,0.5395547542964233,0.6259991826568866,0.12355336385366354,0.921225893938145,0.5024573310104774,0.6857329034899752,0.15875906190415914,0.7338042985767365,1
0.7693865091653755,0.19142527993651,0.46894248874424577,0.7329181490781687,-0.08505513286252739,0.07017713378690495,0.31631592340941656,0.7001273138129238,0.31062454053038424,0.7063912694552877,2
0.17338302612258338,0.5577537248549208,-0.01107378127896165,0.3047314569718454,0.1280305481349921,0.5391403253842009,0.6681338226300043,0.08459385376747558,0.9228794155853799,0.09073935381266829,1
0.5139477059978809,0.516417225947978,0.25381927169207574,0.740376796319958,0.843497058099408,0.8354099263839414,0.09242072340304817,0.6638910576573714,0.9005020774973602,0.17785162782786124,0
-0.04120004199066873,0.12949964697941824,0.65360497847131,0.2657326541776375,0.03382380436890592,0.1839074224762558,0.5680390997434555,0.17935853732206078,0.6543339482502875,0.7970414266804986,0
0.39591511943813545,0.29384998610393986,1.1057432280925117,0.3649845731643175,0.20701174803012634,0.14355291797595712,0.6664112945773071,0.7399238695776156,0.48699402127400343,0.027881218932329643,0
0.620977178909117,0.15277681655586348,0.2742195551951472,0.47990529341064125,0.21139405918974796,0.5444534812941866,0.4647826790758448,0.8927855831628924,0.4161032886727312,-0.0302489212146633,3
0.942535409356184,0.6691245240574472,0.4833692458333546,0.0910311131637702,0.4394953367169752,0.8133930108599283,0.6672659604070935,0.5771829590688476,0.25582975728210816,0.09241373375082859,1
-0.010225661605392122,0.08312935621654216,0.6106030052269763,0.2839017287904342,0.05744604963579819,0.24466184033267685,0.5505702729426546,0.20356725388026983,0.6794200947305546,0.7871108627034942,0
0.21726532406497845,0.5966742879052617,1.0151389648337026,0.7122516589578363,-0.06899546444790278,-0.07657065283724951,0.23147193163081956,0.5398309055125187,0.3278995602953483,-0.0051674578146433114,3
0.3648463633873058,0.22836546924835155,0.41249554637714164,0.3950013582662723,0.7419055751423944,-0.15609256111783637,0.40511739576638695,0.826700197022869,0.7194326437900833,0.09580006785036488,0
0.8783379171050674,0.36403460832012996,0.8179188464602414,0.5862879817621024,0.7382691374930658,0.25271000217778244,0.7542500022445957,0.9640785030319189,0.9664324868007029,0.5304839710148037,0
-0.05052726650692055,0.11934729339546352,0.6209281737338611,0.2574138301052255,0.005662110403915271,0.16145525414050865,0.5521213371064911,0.1876762018649361,0.7182719974773248,0.7639451743702154,0
1.30877158025873,0.6718914359430153,0.31584360378693055,0.6168056985603636,0.011988176181897736,0.8091403138101585,0.09359893103428502,0.27928811991515007,0.6015762275853642,0.20233444694371264,3
0.8419613495203367,0.48627968167968194,0.6044271906906511,0.030327577376599038,0.5890540274542233,0.8487774063165882,0.7257297184030391,0.42603557550593,0.3304259354772463,0.06524016324767329,1
0.009464794582483387,0.7276470728979139,0.5899100038210165,0.15179083914759622,0.31927335371170706,0.5602079876100875,1.0349027188659297,0.751065246647906,1.0865080856754112,-0.17234579963450908,3
0.5343185909447249,0.805783975928244,0.5339829729999468,0.3614030518002631,0.4376632409300537,0.7887808705133083,0.16166199421285954,0.8134074352397398,0.34915928699597415,0.3904571164609666,2
0.4509243824726824,0.38251620586588386,0.9117599623266481,1.0281328555505223,0.6933042445284526,1.0491189613610705,-0.44893285354719226,0.6942556325341573,0.05647272167165346,0.6866255291408444,0
0.6692364409534036,0.7241771504147952,0.0185361262046555,0.6710972809712984,0.5183333950651803,0.38304822929325083,0.5534480639228384,0.054143807868835,0.33597273794032645,-0.14421891654251418,0
0.6853594621224217,0.014589678987163046,0.5483580366785166,0.5402013333846152,0.5744945282626591,0.536357005783453,0.058641802035360284,0.5828349862097736,0.41938377596185605,0.6337363885077221,0
0.8816181157425892,0.13402557032507556,0.6573783370994685,0.07104196595785008,0.5112378319426311,0.44040197820740284,0.1808740128040224,0.9832426755896431,0.932579737885126,0.8273217452193119,2
0.12408939074004789,0.8510219751890676,0.8139692054855547,0.8093408127079498,0.5367022964992976,0.7789858977088137,0.14856679802230263,0.8330882795630592,0.5925106355940227,0.6144574197649035,3
0.8431598618718256,0.1953578077890876,0.5394445679878905,0.5441915973155445,0.15714380796291458,0.10914097335164445,0.25385009994646013,0.9187356152955686,0.5343956156102481,0.6088478345514684,2
0.22467382958907645,0.1000306740668575,0.22811010381193086,0.7004394204192532,0.9703803452929123,0.21011085478014466,0.49490046329096454,0.9073975102162826,0.7271433224283612,0.31181360632256355,3
0.7624575137356028,0.5928764428666133,0.49553809412446476,0.09285062020161583,0.5561209409831404,0.004944230034586514,0.8463894332823971,0.9766052261775137,0.8338718913290655,0.8040123121311274,1
0.9129201074267927,0.23858676015914734,0.9088625163956758,0.4614032691709803,0.566578700023812,0.6039426866939961,0.18149982483298602,0.725637603757039,0.811522391749334,0.7842313416556913,1
0.4736467767627147,0.28420200769054915,0.17656165380865918,0.9679260613161729,0.17295701477699432,0.9061769900087597,-0.2706948540201434,0.49809365168661934,0.23108401238054754,0.2765729008007704,0
0.5184044971575843,0.3883312535339255,0.9356523336989296,0.418057039195797,0.3308116201741994,0.8045083894815144,0.4627588277726714,0.7447722082065611,0.19325342625570685,0.5135049162721746,3
0.10747643684066518,0.7005293493273913,0.3422517895552963,0.5270506848560229,0.5099790516803255,0.807374153136388,0.6013640547842085,0.06117102796370397,0.9529740251501125,0.1714368995057701,0
0.706015802320943,0.6596954198170163,0.5329533657623104,0.06274869476821028,0.49188859861299883,0.03766140464512076,0.7251067128188953,0.9024682367532616,0.808443867956547,0.7157767873353728,1
0.10180163216977203,0.8411153192346283,0.8193614917488331,0.8143056730409491,0.5256784775594037,0.7668836964779501,0.1556668038677611,0.8332457194511139,0.5847742771608737,0.5964062538331006,3
0.9027889841367791,0.232395922834876,0.3513973676084007,0.6266450406820723,0.002641458012300618,0.22605204064530948,0.44126737880561595,0.7258403004584836,0.37478197962303894,0.7557527508858093,2
0.8459964901505324,0.14485444219275628,0.6587689932529451,1.0681599078160688,0.7767263461146237,0.6282472090799802,1.1559850185605909,0.6924531163635907,0.7970070467021655,0.2849798662926567,0
0.847326490064757,0.36361607692826264,0.7246226431987933,0.4767900725120183,0.624512294940902,0.8549257140165356,0.21841479677756487,0.5023401090998524,0.6822004680598704,0.6964598139777652,1
0.5424606446802562,0.8101280405828549,0.5260524236020246,0.3720213614989459,0.44210238580681194,0.7999471738980489,0.14787181714452527,0.8254719207198383,0.34485920041678325,0.3910331606623461,2
0.7299272151956085,0.9358290998086292,1.0279918134969757,1.1222809157432554,0.6845252930633503,0.3818866365369338,0.637450065334941,0.2874984167866004,0.19930972020747723,0.2461505636565528,1
0.7560610096530216,0.7834862083736647,0.8668698371567536,0.4931164571953272,0.36689795378931883,0.8513828672211917,0.7037092203795309,1.0814295904745426,0.07989282730547384,0.4404851268127559,1
0.24306713057547588,0.9301753389014408,0.3454298444859986,0.8203134886408258,0.6393223435999136,0.1385511216665635,0.8239899355551826,0.007187329534694802,0.4577636324928125,0.7544748251785715,0
0.05070467762914378,0.41117094018486483,-0.06862907392672678,0.08379763873179927,-0.09287743871147303,0.683155622222389,0.6148922990946041,0.3187698505208138,1.2004057219144482,0.04796278203126892,1
0.08503303131599943,-0.061888802874871085,0.4564605373877283,0.935004377462528,0.7802145306427108,1.0832077155412443,0.6375159439687511,0.41012586906818305,0.45259995611816295,0.9407776558702344,3
0.13374561160349596,0.18070779174914697,0.2700284651104942,0.7280912178110412,0.8633884944460011,0.24741412999030635,0.4501683567376579,0.8428793601312381,0.6543684301818842,0.28863608993682727,3
0.23238387699338647,0.9776352518469721,0.40811551292561626,0.0397985482605691,0.15620266132267266,0.8943599413869354,0.49039202977594937,0.2616498014313613,0.7550449853196626,0.5160583961918842,1
-0.607002084815813,0.8794175515063253,-0.09944294842742785,0.6120203658627118,0.7581194681512633,1.0352145046431982,0.7908067009167759,-0.0007423709039526827,0.7664239756918292,0.9015960875786964,2
0.8664660445562233,0.3802394168365726,0.8103538372128396,0.5597597468502054,0.7099262197526837,0.2696674601721203,0.7309668856747689,0.978186401332261,0.9842759294293811,0.5175084670463006,0
1.0722363934108639,0.20407084021577912,0.23685293858547485,0.2672700336032705,0.030019147569311178,-0.021744800376244294,0.10654062119935304,1.0125959512704479,0.19272725950900044,0.9360197101468518,2
1.0514609448851664,0.520563617746469,0.997532049841671,0.2514734918689038,0.8388647633093868,0.414533054617289,0.8426487599901255,0.8914838510224925,0.690557455182442,0.46401890044817956,0
-0.010251988848359997,0.22625802600770925,0.3750558811987296,0.31161658082550137,0.9673033022762285,0.3775856226967481,0.3676798369289303,0.7097093177945588,0.7748681908377678,0.6569897559359821,2
0.8228531543070592,0.13691050977887992,0.6208662265392473,0.13273679313801043,0.49071572576736255,0.3608051132111638,0.2307595103471226,0.939607272051673,0.933850963097236,0.808662324144549,2
0.2842218099187312,-0.29551285294359947,0.7417719313645806,-0.031211613350550615,0.9744845505935253,-0.12582927520278997,0.9434170197831568,1.1099871925134024,0.7742534145084238,0.16168464741179542,0
0.7881817947528683,0.7344687173313561,0.8885299620115051,0.7989748882330058,0.5662678304846278,0.8706784694760856,0.05106691445482539,0.7302636193766177,0.5417456181036783,0.6078270011269917,0
0.8497828423349354,0.15218636119144205,0.6465694585940676,0.0877622830480034,0.523853391109755,0.3898383972268394,0.2051072769350795,0.9313388947676445,0.9256530676914828,0.8113134567229003,2
0.7835998322444365,0.6435716083876734,0.40530039869231294,0.029781178029961625,0.48051643919401826,0.028121089425044467,0.8644639324468922,1.0249018266416505,0.8255653982595258,0.6993388199820069,1
0.8935993312270654,0.4687576683524002,0.38512499637203196,0.2965157662167892,0.6649243849195179,0.9945013414258531,-0.4645473548243666,0.007628533057319975,0.35019239392934964,0.5605933508969868,1
1.1152197049957677,0.9047204190948537,0.6060420185194929,0.35061791633550077,0.35536719692554897,0.7844378545234268,0.7499698212784873,0.7647785301363013,0.4748123025381167,-0.07744183962465148,1
0.7381110282064152,0.440585343752445,0.6310637909156319,0.25984506897858417,0.14751260578374334,0.5370767666143093,0.9499555974212481,0.4104484679939847,0.7529594248102,0.897909622494848,2
0.9700807260458724,0.7248454052356113,0.4257376676684811,0.09007685467346746,0.36584452505239407,0.7895826864659653,0.5717103265261977,0.5895220365360244,0.24085264412597399,0.12305477429983698,1
0.11735433253121696,0.8577022838366631,0.8188812598569492,0.8157309345849508,0.5370737853475634,0.775389369066183,0.15102175286803787,0.836537813175818,0.5787799150038844,0.6116665489696806,3
0.8271273090939794,0.3161761305579155,-0.06542854004442544,-0.038064230971529625,0.061285370998881844,1.5740278043198836,0.7363388877952836,0.34532075009866087,0.17944382471961529,-0.143217007581235,1
0.18476792963883548,0.18679320368126234,0.8159306557988729,0.18137234997101678,0.7406180962364698,0.08300025950791025,0.7886099716420564,0.07349570110412727,0.28667235003415736,0.7814642339210277,0
0.9022731598533719,0.47853085933365147,0.7510429995745829,0.3978978909275352,0.8040003915661903,0.8726929914824446,0.3360350733078995,0.8585287901576562,0.47367128109622003,-0.3331939375777493,1
0.8888490373982336,0.6885196593730145,0.4513479667918667,0.15971125426073096,0.49107432952490815,-0.10548162575569205,0.8978727761062563,1.1199342346936842,0.9047924001879046,0.9621765840241314,1
0.48122266275737813,-0.4566980976248738,1.185677524378514,0.6702708775654516,0.10776989022062278,-0.01730993882485754,0.05271749303447171,1.072604484546225,-0.20865590193129452,1.2290241051464381,2
0.160939592835079,0.1571575992896285,0.30711260331539814,0.7429919698481031,0.8424481569846854,0.22056744419847785,0.4487060768547009,0.8041418381818906,0.6576995762595124,0.3179982141497502,3
0.29391566646899964,0.9929038230135355,0.27473503839503277,0.7186465336073657,0.941638912451694,0.131921195909236,0.7995317270707054,0.9389563941691764,0.1467104905356782,0.27133289135351596,2
0.25760412628501783,0.8207684252142755,1.1151765832215101,0.8963596886266368,0.460815058448156,0.7219616732880578,0.17738184145733088,0.2484569794757263,0.05426508821300255,-0.2236577619800128,1
0.5601103946277943,0.27129454262492797,0.09335202454715524,0.9731653035632036,0.4166774262069443,0.7868149744243284,0.9864497114611958,0.6663556532524888,0.5131972639125774,0.027055783960314377,1
0.41814148325920036,0.20681260992389988,0.3000915552079658,0.7184674858665134,0.2668802023542989,0.321313871830887,0.9545818278093406,0.02850985695830625,0.8193051365573577,0.19476430006983378,3
0.8700670276292053,0.38108910243338623,0.8079689078933194,0.5665482544791156,0.709883350007714,0.28248373294259665,0.7389186414106226,0.9798318805717134,0.9894136226388278,0.5269110625351573,0
0.9477557237383135,0.34674240168864506,0.39974042424403716,0.9861201920826037,0.653590194681149,0.5219112251668749,0.9886851220677195,0.6185372266919124,0.9257292758893225,0.42889387355656333,0
0.8434828927642032,0.4500665265677325,0.24808289323032895,0.9977908221295714,0.8253771321253326,0.35245454848432156,1.008912876427634,0.6289879305293783,0.9140866734106153,0.42426656479353336,0
0.9710368340345721,0.6694946592392412,0.7470389092018654,0.4293847745450036,0.39058898145427773,0.33199704414170617,0.9149386217744239,0.52017198787958,0.9556343635788986,1.0616929641788495,2
1.0093692521440414,0.2819024308834423,0.3207326967171872,1.032170466432488,0.7215746442659243,0.6303619758018365,1.103250061747976,0.6296737136882683,0.9917731445083166,0.32627482808551067,0
-0.285563861087013,0.565079509551804,0.6879366623006687,0.0317548541838491,0.3601925293527301,0.2193043829659371,1.173036458768519,1.2878905797023923,0.7979383475641335,-0.21326093963705384,3
0.7181674309957357,0.34273801786865743,0.7830392547797859,0.31857766390961084,0.019595476366229644,0.36307384740027276,0.8747134854168198,0.726230690372586,0.20633908425793918,0.22553604825978418,0
0.8453782316278339,0.14717606333156774,0.6442928832877529,0.0898747537193033,0.5301465818884661,0.38989097609749573,0.2093954129810871,0.9337508234207312,0.9310160937162145,0.8189450486506209,2
0.8783450955907673,0.2952143711852164,0.9084300986524564,0.4693674830780031,0.559716509944517,0.6306444024419259,0.20241624571337244,0.6978682738415104,0.8545745093769221,0.8581227278559074,1
0.6709926139564807,0.9175944305759741,0.061220878285999696,0.536178285812547,0.5673729935095693,0.47261088292189785,0.3997163223136848,0.019092457929808418,0.332478452771639,-0.12855605497598815,0
1.1630568826141745,0.23840340498501367,1.0227874285050835,0.2666707366446244,1.0524424172667581,0.638173707221138,0.9403018316548819,1.0089927704489992,0.45907273780845737,0.558938258838205,0
0.3401905972631745,0.05278245715124971,0.6581892941515332,0.2492063834117739,0.9663643922908817,-0.0092228583490499,0.6236756800580436,0.8379645153749699,0.8147047750287736,0.16256208277137033,0
0.11855978944625122,0.46752413984683755,0.31193422799409287,0.9550809909980865,0.5971447556599094,0.7825980065669689,0.35621913012893597,0.07527900013290338,0.16975104188860002,0.05542736462511688,1
0.10087162724679163,0.8446918255231622,0.8138081570072551,0.8183742496146164,0.5229479029095037,0.7916814808915902,0.15204528700658246,0.8352660396911187,0.5811723458788083,0.6191085793984462,3
0.8802166160465961,0.6433428068816202,0.6996416666559137,0.15479493157728147,0.6448250072447894,0.9546745677241214,0.5771125975988242,1.0380364306329983,0.2055221193652809,0.11293429301245976,1
-0.04963620629307029,0.2772448970856684,0.4952069233023974,0.3021869671757836,1.0178939344334352,0.4725471611294999,0.26072695312099736,0.976759958427998,0.6792737592272133,0.4927565008143146,2
0.8625695980915367,0.32211879574798863,0.966237406683785,0.40804051566901867,0.5492963592848155,0.6616278959679466,0.22411392983588357,0.6771601269822086,0.8728367264241838,0.9108068565176985,1
0.3398120804605338,0.019779068962506016,0.7470918022700516,0.15249190556683168,0.9679476689413279,-0.07226326386342428,0.5341787430355625,0.9415865367055641,0.7085565867066537,0.041674094938764006,0
0.8524096518660479,0.14014321155028123,0.6323921039741603,0.10057924139788321,0.5447822549673473,0.3950528956782202,0.20799087556608126,0.9415109383064182,0.9284993184900605,0.8222974611281398,2
0.6401778103606695,0.8102213982230168,0.09309661714543617,0.6961283759864654,0.5281224851101494,0.42332339268662533,0.5544463054794008,0.06075875784456007,0.497136510734843,-0.0011768585390450562,0
0.023724588981354936,0.0825955377943724,0.6135496647682647,0.2615174521581893,0.05309942064513828,0.19753023458095645,0.5553819452125288,0.25028347431976017,0.6587356440647244,0.7764294742031479,0
-0.16417322331837642,-0.06369943596961858,0.3456416909955719,0.5272923326515373,0.18735921107178094,0.9554826263003632,0.25637728474693405,-0.05955726488245154,1.0019012856015594,0.7040240238082003,2
0.8480093801296914,0.3023139818055838,0.6714990554663706,-0.12284279327783293,0.8318533331497474,0.38986473409918926,0.5936786198208032,0.9935946479557896,0.9169729191152435,0.6291649760551916,0
-0.019909016321225666,0.5317273913226898,0.3708529833157763,0.27050243069296476,0.8837192226142773,0.4329889491717761,0.9959993129912096,0.3728747683378764,0.2525313143770436,0.6125131218763405,2
0.7041517755291684,-0.09961593724961357,0.4803023512626027,0.38195529019864044,0.6129740690805583,0.550830680002778,-0.13221384875067058,0.45686943929310675,0.33058649399711326,0.8007471433621866,0
0.7666668436769943,0.7037565282816752,0.787923759378942,0.22330814339965357,0.48300424808878145,0.8228624449323332,0.612707410147598,1.072216636342228,0.11416462705136787,0.2549765163196918,1
0.8597076138529453,0.3879005769569624,0.8027621747890545,0.5843624563375069,0.7233832559276787,0.29185592366467855,0.7121634739911247,0.9711427507653155,0.9893610020254288,0.5089084821601653,0
0.26150775878471977,0.11269614737536209,0.6029396459495268,0.5927034712847854,0.0369503564854331,0.5215324588226937,0.3849367308496334,0.6616558929416817,0.3290412335708746,0.723695519986139,3
0.11846753496318659,0.4701507907315431,0.31459769808332266,0.9543294760503748,0.5985923606561266,0.7789677125189991,0.35946827412805543,0.07815948136595596,0.16862715441737208,0.05644547213888642,1
1.1337213691233692,1.3408393175025948,1.6596607407655384,0.1848552338952864,0.0574748798741585,0.07295100600682869,0.8969622264083599,1.231525323988843,0.33838535748223053,0.8632634465109361,3
0.8363713201200093,0.15632550869724374,0.6304891780795646,0.08011212476554896,0.5343300404044554,0.4016058509720209,0.21964208638521823,0.9333435660049398,0.9207750961763878,0.8215191354886421,2
0.5729663485908738,0.24450895452788451,0.09282298846888998,0.969006430245956,0.45322277760394913,0.8135702131348055,1.0104729190040425,0.6703977942687402,0.5525256243373962,0.042569682142434395,1
0.2195106107887438,0.5527978064909455,0.09860104577141884,0.31862101439381296,0.040386502603466524,0.4032831166012135,0.618223379833037,0.1532097036223226,0.9636484862279869,0.13659313296281894,1
0.10036926045399,0.861693399333601,0.8361674012406686,0.8136133736788991,0.5266782642554889,0.7840497296791354,0.14259497459701995,0.8334228896135731,0.5846103741742831,0.5992865730882162,3
0.6124581083148943,0.4654467711556463,0.723397648719209,0.18641846405060722,0.1485369291569946,0.5215950750325419,1.0090917452209034,0.5040825997978606,0.7320420976167759,0.9368415494317083,2
0.5543540299222874,0.2766713186025654,0.07007026601081515,0.9885557014149577,0.4347148685837958,0.7683388556040043,0.9985294728829852,0.6779951035728131,0.5160859633105177,0.02282339906910511,1
0.8705113982285034,0.3929112545732025,0.8134704576356353,0.564060745297946,0.7120223158088803,0.2911455204004631,0.7343611580293262,0.9469310027821201,0.9638945920196198,0.5110120429230885,0
0.2581331405996039,0.5372969528901419,1.4116350929431274,1.005537302972969,0.841623882902549,0.9102136508769916,1.5774370153064337,0.21328459104093606,0.37936644638655603,1.2617764747092024,2
0.26095399216592274,0.9661276671209794,0.4041220676904999,0.06025757869618239,0.1737044055998556,0.9006906714953609,0.5034354740073254,0.2638777753015879,0.7767650290499165,0.5313041152142485,1
-0.1417053563447798,0.2606223234999567,0.5079099445257798,0.57013035638308,1.334248987264829,0.21215612263115108,0.8251680379295132,0.6225423420252612,0.3078949215084336,0.9957838811310742,2
0.5144079621069866,0.47105569035117023,0.3161356944973896,0.6871153406536487,0.7473636903466585,1.0360285959760394,0.10444732177714323,0.7378258455212662,1.075447810847761,0.268648834779072,0
0.4211346716602665,1.1189320631214492,0.2786627477640528,0.5250491875446825,0.3350852611310924,0.9479373664781994,0.8946354993310331,0.35156266863892865,1.563141111722299,-0.2660862149377982,0
0.1190935223766367,0.7270771169045013,0.33039718671405643,0.5154055222034757,0.5458620410785243,0.8352086355455707,0.5868503595560308,0.013707261313114474,1.0328681766773722,0.2387204227190116,0
0.5380418229557974,0.8094022151864162,0.5418784765408563,0.35678922555333237,0.4370896867181693,0.7917371592508529,0.1580375798632767,0.8190632583633276,0.3613072153204845,0.3975974914316089,2
0.9640430196706058,0.38936211586784963,0.6203841456005037,0.14232552557805964,0.7297084676066765,0.871516968950676,0.5666577808006346,1.125241713642794,0.23928537057990026,0.35122033464175895,1
0.9198665762521201,0.3542093846728402,0.8710222027224183,0.7618953800811281,0.42267700670116415,0.3883600924729767,0.827778430092,0.34900342609082335,0.4037418649355152,0.15156148095538724,3
0.17373951973579582,0.2093316103499153,0.8262120299985547,0.19159788160793084,0.758138057022002,0.08459050245963032,0.77008093516244,0.08008363534181724,0.27716459827758816,0.7628408776983906,0
0.7044724937142395,0.9257324504666075,0.9298429970843924,0.6571896940289399,0.6310505739485915,0.7206772903568628,-0.08451018835380236,0.7636409034973833,0.46786735330849083,0.6737311887047974,0
0.7513281096212032,0.9321672723512346,1.0865674279183037,0.5563139161413397,0.6645147664061754,1.0552019100770633,-0.03260161743277876,0.5596676384160125,0.46385947808282224,0.47818422546105094,0
-0.0013380118066765312,1.101994828421458,0.24726658033709123,0.2687062887180909,0.04335617781795029,0.7815392313906026,0.257789567269055,0.08675235126179445,0.608292405394205,0.31257457910229114,1
0.11622165836607941,0.13781504782366188,0.3200868143409932,0.6717783773269033,0.9189183592069177,0.2515620928861896,0.3800127174511343,0.8816994618179916,0.6263767277763634,0.3339206013744247,3
1.2619980890136926,0.9918293190385382,0.6742256297705442,0.6606267131034504,-0.11242073057388491,0.24831388708081203,1.0871792434301146,0.37947425416194885,0.31392205529146466,-0.36158254650362354,1
0.07736428680561352,-0.2548464308331274,0.28600466377330375,0.4386340702611712,1.1451449753126202,1.1609778963501505,0.4190977889279887,0.6700445288628389,0.2646425084043538,0.9939674444425022,3
0.2096749019638416,0.6410021101541257,0.06457824650239101,0.30761005911768846,0.1620434419896076,0.443227807382086,0.6813153466833936,0.20663863802137905,1.0567884348708803,0.09263890619934925,1
0.454517309610906,0.7688117521166908,1.0256638017092696,0.8392003426298893,0.8365734178939603,0.41753938544966823,0.4183368942629496,0.4404430879955002,0.275220429563826,0.004109848642082789,1
0.03272549330946645,0.8233902316773947,0.4586813688455958,0.8768226951336902,0.5285806546864853,0.3498811149668666,1.0962208605079282,-0.0945193951240404,0.2760675205190626,0.6458294741478865,0
0.16417043900160266,0.5993379748546107,0.01623321630475037,0.2516254690102153,0.1086316737482407,0.5301310902600209,0.6722052948240187,0.12744845582600528,0.9723374701514389,0.027419436428235633,1
0.5360721538604796,0.2997483889422864,0.16198172548592843,0.9111710037318812,0.4048168439769845,0.7199767664073785,0.9187846772095363,0.6977076246987942,0.5357514612369049,-0.015923601803160846,1
0.03210691862314957,0.8889614752574423,0.9222556570872187,0.34259707816187834,0.08665507969859623,0.3447815249998,0.7905384723445812,0.9808236396800488,0.7545660924705933,0.14199114244436414,3
0.6168610097475368,0.8077081778024818,1.1076141779151725,1.1026560710545896,0.26655976517783125,0.2806959590510104,0.3768723345260011,0.8657377287606581,0.24107050506473188,0.016891929849644327,3
1.1231124280158857,1.537003378868825,1.5865748230935797,1.449702112717128,0.6157605892427125,0.011053826308563386,-0.11272186544143536,1.0818451369371789,-0.12255442158673019,-0.13639411742282764,1
0.12356849045021599,0.8511087314500484,0.8311216292085241,0.7876272195487982,0.5432322536069923,0.7888368312576441,0.14742768497194184,0.828766659429082,0.5975653917005448,0.6174525813682048,3
0.120725871875862,0.48349163422400904,0.3040584227262375,0.938446308093265,0.5947737512327052,0.7863548115901722,0.3726573030490126,0.08559618581227188,0.1801491036218715,0.05357707418729,1
1.3675651599362568,0.3639576174107607,0.5207306379291261,0.6570914395673615,0.8391670899741294,0.7530534445725742,0.6384779108400302,0.551238553386873,1.1513835588298476,0.2780633215564414,0
0.8185053146616998,0.1255208845170541,0.6437541670979432,0.11622211962749271,0.517692832282192,0.4215427834562667,0.1971447980161645,0.9186165788937443,0.9226396390638376,0.8049791366114084,2
0.7625398067566005,0.6284338607291603,0.48773487721470427,0.0513726618045108,0.5610429136807338,0.012884286491793887,0.8042147241410532,0.9881648706180861,0.771366662146077,0.8011697461286993,1
0.16086516051066807,0.77296218133425,0.49294607123120826,0.5834038112607253,0.15950527558387817,0.8577564301822116,0.4992568979824748,0.7153074255179216,0.09266278981587067,0.751506471556142,1
0.689101300391748,0.3768385106316125,0.9853745843329624,0.47367112413927875,0.6560124628155939,0.39985279418780456,0.4174164794991394,0.7039696403809702,0.3786616033235143,0.5860960797301298,3
0.11651639677470331,0.8254003766170177,0.9916699514128804,0.35153859438689566,0.08148343908832674,0.28550057181441224,0.7671292617859918,0.9311864794281699,0.7667057987530574,0.1797580435451326,3
0.37061485985100034,0.8044206914969464,0.43335670077805993,0.8016700321822411,0.9608642899758797,0.33649265795902183,0.8311070111883286,1.0747006561509254,0.1517039562017511,0.46238667601569866,2
0.5070052311244758,0.07252712024451652,0.6475947332375128,0.5124423967487183,0.4741883882604998,0.7367600427916738,0.21169112470107593,0.7072065100189324,0.5185863191058504,0.7301552704156276,0
0.0018041766739073338,0.8611397461945112,0.8694654433149192,0.31469496129417185,0.09477299024038623,0.3174262250371813,0.8553933787405674,1.0092549325910452,0.6934618250377644,0.08347850626192499,3
0.12038689075518158,0.8573831597588124,0.8305155015663596,0.8051162620862149,0.5470800826612379,0.7916777479155565,0.15587168194006482,0.8448712353054616,0.5916820948479135,0.5858309405606359,3
0.41341431995198313,0.26085475006112696,0.5339098552765681,0.3471947818427022,0.2650754436413105,0.6461140115427825,0.4446010523113022,0.028436491846324193,0.6168126449615088,0.8885856760912063,0
0.18798328242663226,0.7685270020698884,0.1443848503111172,0.7641588124618964,1.0829005179554987,0.06398179145486543,0.6199450957227177,0.9660725319824314,0.20161603222446517,0.5447317221816108,2
0.21573510331316267,0.9049872260648941,0.5332719515613195,0.45150016757344924,0.03232455962751386,0.8341018865165354,0.6201597072434856,0.49621635577493095,0.05023064300110662,0.9266275911751681,1
0.9063802657267708,0.48682515237236873,-0.10788643527673702,0.6061075419267499,0.8371901073900497,0.492484849489303,1.203759381027682,0.6426295849090131,0.9258461446785037,0.5180419279035241,0
0.4572667511227595,0.4633249634445267,-0.23961789385354776,0.718005015527959,0.3156510751013006,0.38955791324705924,0.5063571226678698,0.2316383074774328,0.5326532509758675,-0.0386822968625169,0
0.038113423299360565,0.050056143872334403,0.5906967734727673,0.21021074279143864,0.002051872697190052,0.27503687995559,0.5538160389974891,0.1927226032988334,0.6987637811721952,0.7894762548300982,0
0.7178779616871769,0.5725182280658352,0.8293487332359226,0.2795501159706327,0.7751684101475939,0.8304708269554422,0.37525789186126324,0.8516546773115468,0.27662275300601563,0.007233868393324322,1
-0.17552361857916024,0.902022789235994,-0.7134885597211956,-0.0816206878144152,1.6826520623171435,-0.5522326233830303,0.8483081229487403,1.223272933190218,-0.5794010919772861,0.782310305670489,2
0.5088870213961344,0.7462707336031448,0.8291490298006928,0.9230914562645713,0.6545584584907685,0.45706541470409284,0.45435258761483244,0.35371590180396517,0.22574338261471835,0.07951716084615601,1
0.6536767171200303,0.40830052940162015,0.5869344464435609,0.5665143416843968,-0.03214859146662569,-0.13922402065236184,-0.023908055595304956,0.3101981513530599,0.5589990524215664,1.3733468837810363,0
0.8515217812386456,0.16660279625747054,0.6457642433300079,0.08961378696567338,0.5357652081959909,0.3949247603317128,0.19977605949945254,0.9307387319467184,0.9197217449663595,0.827258759827772,2
0.11081040224944463,0.855433505515175,0.8208491559734844,0.8110195861820071,0.5321044951228784,0.7797141189232187,0.15420838580161375,0.8363305871523122,0.5768957427331938,0.6055887855028214,3
0.7129427819011844,0.7324402936969165,0.031419869619598084,0.667925821862195,0.4446638267276851,0.3510019014610175,0.5367875313511585,0.0654491104212539,0.4511453653500565,-0.05725133969399178,0
1.2739681969310501,0.5941983184325899,0.5100223234307424,0.43136845629557846,1.1256357321225106,0.9770920326126482,0.314825345652429,0.7231436338851331,-0.36172656618311927,-0.17588613859765373,1
0.42502337762350434,0.742033270073159,0.9017804663255896,0.9756093995736378,0.38075580588164704,-0.057654463277953844,0.5355007513562194,0.5535340042566126,0.05272902219876277,-0.05399876771657891,3
0.8469070853374395,0.1330888412577326,0.6014943507174635,0.09913578364008949,0.5277115199523409,0.3873870994891822,0.2079298959349151,0.9325541654003091,0.8900926935997076,0.8110427970395192,2
0.8530292111580787,0.14916701239492378,0.6410551359286588,0.08963159688084951,0.5312801449749287,0.385172700089671,0.20178563146791736,0.9294204341027095,0.9325900216101184,0.8214737078029096,2
0.8031886474817399,0.7444610514393356,0.9388687199941159,0.622025135138858,0.5264611932261659,0.8391880293250077,0.20322788176633236,0.6765558246700123,0.6567961832425454,0.5025689030519347,0
0.12367451001733329,0.7722354917558977,0.49946125390724616,0.5868696512502055,0.10883687186397883,0.8610964264101651,0.49639435820270383,0.723728631375028,0.06844458841135384,0.7170366381191267,1
0.3510284792627333,0.04077839547965029,0.6283220129376712,0.9500396814533726,0.70624797650557,0.8060358455460908,0.47333947213922084,0.2867486891949227,0.5487389700232677,0.7563221764071816,3
0.4824582213665303,0.16963507435912714,1.0373003496152253,0.8560403661804861,0.3534847957268997,0.8723386012015706,0.3608225559399463,-0.018107891021474087,0.7047570745400075,0.4911136866677231,0
0.596346586926564,0.09752640539072162,1.0460534928484404,0.7481578015713443,0.44325232225758865,0.8566383795177829,0.1967345524294605,0.012646667718200805,0.4942932270670601,0.5347680580521951,0
0.9753651733378514,0.47741499937402143,0.7909178107437234,0.42079505129110534,1.012223233471355,0.6188501815197348,0.5692803912215494,0.707312022815878,0.8022761085235846,0.444845296407793,0
0.1048769916083124,0.8997013754403607,0.9023205427509805,0.5741772213376918,0.5022245903493123,0.93477819536314,0.164873712731823,0.9280915947729437,0.0034552764360020532,0.2099948236993313,3
0.511530075484549,0.24358073244740092,0.252856361295784,0.755676662729222,0.33780335382046145,0.3858979870923768,1.0668938211623946,0.06444488333759754,0.7438826476261153,0.13103549749590068,3
0.8154808606119597,0.3794196228960244,0.833316960898273,0.5394343633421661,0.6962144780908123,0.2657657526742247,0.6996260924279348,1.0233289496385387,0.9753221727996488,0.48732430149735007,0
0.9529426280373888,0.12130970129895652,0.9716549430276467,0.36805023075137944,0.8233147689625541,0.4825558956106281,0.504204818379385,0.6173761739629116,0.6780275676489638,0.6803065633015519,0
0.7155289758734398,0.5889387730731873,0.092614521896635,0.5037390003924334,0.8683770311399985,0.9472521438050171,1.0901501849618291,0.3819309405548873,0.5808282746062514,-0.07332528071860331,1
-0.15935419023687267,0.5459657228751019,0.5071926849186387,0.03505271607093233,1.1364591890546187,0.47335600796759036,0.8085715410781575,0.5360359802344395,0.2959130301231667,0.47331135610548225,2
0.20543653797079464,0.8229647436555377,0.5224067947901687,0.5886188509338197,0.16612139823277233,0.8462319524652548,0.528218621770902,0.7391675802771903,0.06991851828522028,0.7157536376249332,1
0.13228129841561367,0.567461509905365,0.03346104169903575,0.23444528459270195,0.09091708828030375,0.5294647332209492,0.7029894937183276,0.17076934527707333,0.9963817902794537,0.06919228976296034,1
0.5013866071050063,0.03683174772197002,0.9508862368128728,0.8769658803816853,0.42398045020653174,0.73883062115722,0.26227343097916483,0.12409504681203737,0.639235920554288,0.5957058181796797,0
0.7080754184876976,0.16134976114393987,0.37196372240818865,0.6229941973268944,-0.03512900028722857,0.12014048242195852,0.32996217417599955,1.1090016249334844,0.33279436613214064,0.41177825007508195,2
1.2726346657991288,-0.16546157860194055,-0.41560167960276084,1.014504724928,0.39459206138035136,0.6311593701488925,0.6682205531256566,0.09653754240960288,1.0985995964826802,0.49302304561364085,1
0.8616921001653746,0.40848418293853433,0.78426070471817,0.3482983574254842,0.6121377982648478,0.6774646892057032,0.06686306374651518,0.6356114304605232,0.6861007642248302,0.7038334884896218,1
0.8550715186778539,0.1431610944662597,0.6353077404798274,0.07764180712821278,0.5255691823184059,0.37766602403522564,0.20504336152068814,0.9200215261083668,0.930334937430084,0.8069970072692463,2
0.5435837937223371,0.28029356663627153,0.08178494878891061,0.9757461759281885,0.42660229003739836,0.7752853405403407,0.9833588300360394,0.6641523068095522,0.5102752450196472,0.026586044246129942,1
0.8512373714582728,0.8269140660621218,0.8699059163154109,0.6463647456436065,0.605227060298487,0.8191150091275864,0.11969164842142996,0.7551971693807069,0.6742549307112673,0.499074524489273,0
0.7949521416747595,0.5902798126085521,0.8451375895769341,0.2548801105432487,0.825717238658199,1.0761607664525603,0.26694310310408403,1.0203379701638582,0.3023243123946384,0.21975946181755857,1
0.5338423085169867,0.8014992107429803,0.5350611918497729,0.3603917983602093,0.44144186312345124,0.788543716527983,0.16012103851427964,0.8139237759428196,0.3492084078015956,0.3883129102965814,2
0.2793930956874641,0.0884109209763179,0.8139656045629923,0.9668716720073538,0.8949516129640962,0.8117554509863889,0.49248391240971673,0.3830402418737968,0.4188675648694083,0.6736391640038082,3
0.023250094489521714,0.3112343146094583,0.2842676700188744,0.6128718212733489,0.7359552521030602,0.18939976259396962,0.44301577515995005,0.7629123008547228,0.6994007418149625,0.1424964796030035,3
0.7990348921168569,0.6754790210953303,0.553241305452536,0.18204074045064264,0.5011197668942251,0.9729698626742228,0.6282254154056348,1.1174344456838436,0.41806261531721023,0.1734368588558729,1
0.5824045470688984,0.24608410311614598,0.08967725581148542,0.9718474470119315,0.4023123043074127,0.7943898189252887,0.9878594419907409,0.6516344805723318,0.5186556230764787,0.014765085036927163,1
0.5368466121111849,0.8019642853433663,0.531219904758653,0.3607979764641747,0.4373760136389285,0.7888643132157104,0.16175728835569536,0.8185115299218003,0.35003893834531424,0.39228553278713946,2
0.08629948910971783,0.06553787580628753,0.4008061410029267,0.6316568292873265,0.8720641752897158,0.33180405503136784,0.5137819442330741,0.7404836883297867,0.6771485666558474,0.28679521369107935,3
0.003541327288946284,0.10471059202842495,0.6362539886325317,0.2622842034543375,0.02733184219877705,0.21415857693684684,0.5761889704942739,0.22481664672477025,0.6868916308555193,0.7788563440276229,0
0.14356968277261672,0.8730267530947391,0.8248780331938872,0.5881481509587911,0.4230586082783884,0.9306272144567616,0.23073788082753832,0.9823939471298514,-0.020402465193547957,0.24368026383576627,3
0.3259988410050988,0.07584205031321817,0.6343807658179685,0.24596016871842646,1.0004476515612684,-0.0019386400059952253,0.6293721706420147,0.8387479632018484,0.8252413926865627,0.17092386789327468,0
0.3382580578178443,0.03505562289110756,0.41708570468101075,0.4867250138087321,0.26248067835765854,0.7497556114439496,0.19070605997322918,0.45006499002650824,0.25514164036311976,0.726177089150696,3
0.04606591823842794,0.2216066316354691,0.6101211477941293,0.17509239525496778,0.02971588171892232,0.22622705894938985,0.5357848826738557,0.27943492310099916,0.6877637747848404,0.718842142964137,0
0.8593912879470976,0.17720146781828808,0.6246330030678506,0.06669464937423311,0.5136168844544723,0.40557682202187334,0.2378654315950384,0.8937617965242765,0.9078648550087905,0.8054465333357494,2
0.4137592265049419,0.19919865606741136,0.2997393967492962,0.7378531766689052,0.2571820346700651,0.307973659484468,0.969056849240152,0.03475868694872563,0.8061192671035379,0.20198052506898861,3
0.19825208756495044,0.5611086910174541,0.05741033356371106,0.2033284272047292,0.13143953521356297,0.4623151350128589,0.6764807066515826,0.1516639077078506,0.9878261139390097,0.041455934679593465,1
0.4283645632015569,0.22398359750715294,0.3286080348418853,0.7269201777431188,0.26708607104732573,0.3361083071465191,0.9854905795083091,0.06467490650659531,0.7813351562491099,0.2031495684052787,3
0.6916364073704606,0.4532879200199015,0.5854272209271938,0.23652231663115308,0.16120416397019033,0.578404935981216,0.9897107465975233,0.3589194824452081,0.8059102103104777,0.9323441639280752,2
0.47059646310198133,0.004717509670096744,0.27370188894760783,0.330482515166967,0.27174555501787845,0.5851503232712986,0.4361569665127581,0.9422726838608723,0.37263205134760796,0.08126021081643756,3
0.4983451208941129,0.2538796148889322,0.0365466429965429,0.9288973532985355,0.37969286524451784,0.726813758650663,1.0591685631739292,0.6201579601955381,0.5528956349343264,-0.01606541846585479,1
0.25146634005272234,0.5523476731586618,1.02384475127535,0.6910778854375343,0.1843777365024867,0.33868767086924684,0.37445619531590985,0.9334051476412051,0.03358644017008586,0.05546733623492395,3
0.18214373212320745,0.25882724357305725,0.2557649110375544,0.8036021049799629,0.9001222965175503,0.31612078638606633,0.4187015335447576,0.8588102510198363,0.5824815042846676,0.2705104373666855,3
0.5517234113851182,-0.1229134548712276,0.2692384741620074,0.41119706601806943,0.2212053260119869,0.615423729220692,0.3825001581073471,1.085949406293521,0.44178203035631464,0.045578556342139386,3
0.5460484947229091,0.2739006390695734,0.08701030610930441,0.9830124752518296,0.42610331765763665,0.7784975476806177,0.9919615001312337,0.670043522025595,0.512270365784493,0.017264415084100027,1
1.1048427564634022,1.0651484857254687,1.0667012955693003,0.8076070082914975,1.0084060518758542,1.1097297910653694,0.06707023296724013,0.5656494413043893,0.6582554909384739,-0.04401065614797128,3
0.533082539944844,0.8036183287733487,0.5345268176042312,0.3612321150704484,0.43821947502326275,0.7887731250880617,0.1627023391654745,0.8148006093910058,0.34997193888770867,0.38934604411286866,2
0.27429393534338387,0.4041904994036713,-0.5337678038272398,-0.07040834206480134,-0.0025657789313551643,0.1236534149475555,0.5755178395548091,-0.12279619744068276,1.368802241330985,0.2930842627963289,1
0.4174553489627564,0.4632232089466776,0.3641881516634462,0.7778178252258522,0.9163164642742867,0.8823835866005765,0.1420861815161737,0.5435837622116712,0.9663824123219598,0.30498250481037914,0
0.9410582291799955,0.6523569996558697,0.8467559103940675,0.3290760087246394,0.6387443200367922,0.5563284517372332,0.38877766329897306,0.48388760853923,0.38068281424633443,0.6435949457591967,2
0.2881988804711302,-0.16898550764505713,0.22588741564791687,0.25012895452218936,0.14240030076844312,0.7432424565334793,0.4700540667978003,0.9387568816656474,0.4849274445819022,0.30002790288322,3
1.049348914427682,-0.06019238391541909,-0.045125136556055434,0.8230912017836371,0.4830248055288328,0.1725898005012474,-0.12972991327761385,0.3752795109944622,1.1186329422986283,0.8013152548667095,2
1.408807917872831,-0.02593403967215735,0.7792457657159667,-0.12927191282771094,0.26583426100306834,0.41489663904627294,0.32384693006887133,0.46654249429250494,0.19449496350361573,0.967437523555449,2
0.11400297352621286,0.8535018518110861,0.8166935731734991,0.8098763833247483,0.5358042866428525,0.7796096124355475,0.15190444396379973,0.8323785049838592,0.5757000182865203,0.6066573513309514,3
0.39204896136650286,0.22027332545173123,1.0237743153115906,0.7034282083400468,0.8472161714745976,0.7858966544161599,0.7736838880366915,0.22008970506012066,0.16667222511874313,0.7438432386588909,3
0.8048157563597665,0.14006722792094525,0.6445464299139234,0.12974614107027427,0.5721864981593384,0.33176163209719894,0.22108466364695362,0.8903359842967502,0.9170439446892901,0.8220661271441295,2
0.45335175637727615,0.04346425301650185,0.974501381636322,0.8926921436569566,0.4365016331658213,0.7591353206215591,0.24946504614781337,0.10524115056814573,0.627868464267521,0.6418202375122108,0
0.5246799613779187,0.8140484807199327,0.5293736436310252,0.36739467399843817,0.4455395344935245,0.7935336997251974,0.15307207160387126,0.8117180246686336,0.34961490099405995,0.3962234544452357,2
0.17926113534311633,0.5063973103146768,-0.04363808210539831,0.1561145674432498,0.023563066530484178,1.0659806736926607,1.0885300528678732,-0.16697440867921015,1.3608016604128972,0.23759638147431503,1
0.7657473677170069,0.051972084254295337,-0.045619546040798875,-0.0681862089415469,1.212260095811288,1.4780546080246775,0.16093996585666748,0.49851293671193353,0.7606467553768077,-0.286693500737352,1
0.24186506458679435,0.03548287672952631,0.35863320768450924,0.2667840257433433,0.3936264278322615,0.745973651495307,0.5936060719496798,0.06789538468283624,0.7328480836751257,0.8157288883667042,0
0.5935398142453521,0.14209636479387094,0.6752700016384381,0.08570384561897615,0.5039950053980058,0.8192400612293242,1.2681163168754062,0.711843859048436,0.6008993323647577,0.8881955441336491,2
0.0025622934826071567,0.10525905826125555,0.6307575855734787,0.26524041679234106,0.03334836899636353,0.22017784041071897,0.57440086559384,0.23177948071138982,0.6815651105125353,0.7734849586853836,0
0.23686644526795952,0.7928356140276392,0.4382451984483408,0.5894823226677598,0.17759875658925106,0.7777835777534402,0.5894830428516296,0.6955428441222417,0.07348503849506047,0.7289494146397455,1
0.10345820121750376,0.38279908678706387,0.8930906649374658,0.9364862900502965,0.2991443991217678,0.15727669166412184,0.4247266738939333,0.4807660929633867,-0.17732874084713857,0.18495699443124625,3
0.09648771169738982,0.5592074812187873,-0.002833389214164428,0.30071477212046777,-0.2892907918037027,0.9492254079716355,0.3042009758516225,0.942339454538312,0.5118326150788307,0.6286383084850966,3
0.3039580309640259,0.16541827138307943,0.634675422971495,0.9804881177153746,0.5731053273056615,0.7961917747698657,0.482439397542432,0.1153207505404191,0.6672507355613018,0.6593291005682318,3
0.12260254130298617,0.44774847024088815,0.3399104721348186,0.9211785180737287,0.6274849542293387,0.7955262152327138,0.3338395022369543,0.10654652368858075,0.13948063770611133,0.05084817437265633,1
0.7794266471989442,0.639974554809472,0.49713668132553923,0.055084605155717906,0.5424024377331969,0.0036315998991869047,0.7854778193583611,0.9736421927662205,0.7811908138571269,0.808867212899922,1
0.6261372666395536,0.851289608511086,1.0216413287263943,0.910830382267775,0.729706698627475,0.42312326844251724,0.467169541713909,0.31637296633638506,0.037075355400481375,-0.05850430961610667,1
0.9386309141429429,0.31618300946068195,0.45960940782240545,0.9641023205977046,0.6032407472521075,0.5682664738573283,0.9327191240906713,0.5975439725759873,0.9879331765321274,0.37090600306763943,0
0.5019604739825352,0.34256509636607985,0.15941079849257028,0.8927487459405915,0.4924405819776994,0.7685927676644727,1.0094001901616225,0.6211016513593901,0.5340438979185363,0.07527588053043346,1
0.004773440759144196,0.0766627645414348,0.5918496886983267,0.26810281534194674,0.05777628862209408,0.25777261517778244,0.572862942955814,0.23620024818811547,0.6430389995165263,0.7520456576864851,0
0.682867076760418,0.5270496835338577,0.8752612263921921,0.7008364205504317,0.6126070017310781,0.7499941646730486,0.6382486147243633,0.4953065336709973,0.32322047034577883,0.46672885243139406,3
0.5024462276763799,0.6896057990756508,0.5477800500429153,0.7680085746837284,0.45084478969524683,0.47527178127513964,0.910875497591304,0.27272449620412864,0.4675817989123571,0.7659257834736,0
0.121311300056107,0.8629463423038869,0.7295520133803732,0.44260975644876854,-0.07345259928457493,0.5631625080237882,0.8873868752029912,1.1130293924087744,0.6683798286373204,-0.07570620620821758,3
0.7965136718285665,0.8660461331281449,0.9121580402037991,0.8353631119590128,0.23852882520342533,0.5933233541203423,0.13947492424034152,1.1846387047020077,0.329400826877126,0.36090326857791355,0
-0.2546938802421818,0.6102487844921217,0.6700160103886833,0.01674530895500323,0.8428855767908653,0.18849078674236963,1.1253738154855286,0.0076927325115350165,0.19338572238716983,0.8280656729660985,2
1.3088351510368588,0.16815965050738862,0.9396605070562629,-0.029515869544904233,0.8342257232903031,0.2747634287330081,0.435525873109307,-0.042688414899256566,0.1255162011968508,0.40917539178138634,1
0.007383721480517389,0.6575736294361658,0.159127495634516,0.9006934724600559,0.018006272791382335,0.3398570870096842,0.2018191995843887,0.2783518250163616,0.46948329813997736,0.9506934119829261,1
-0.16306271407289075,0.9609855974679185,1.1168006099752656,0.3597325945216477,-0.024446164277296747,0.3966220706227049,0.6069310506638549,1.0930245261061227,0.7303162841111502,0.05240734041718546,3
0.3904906652133563,0.6628973867746238,0.8026050751873575,0.8942513836440434,0.7399274428838173,0.5417283659846244,0.5976672614483697,0.24368070041640932,0.18092158690244203,0.16072118075986178,1
-0.07384366329198705,1.0281637285662533,0.06186198826825872,0.6361340894066074,-0.05765145993392187,0.9034833262858519,0.8656398236595672,0.4720227659719164,0.7025552648923937,0.24773820841508506,1
0.1465663943990687,0.6853898451268119,-0.11741860563742693,0.31237455177561757,0.11869833975546895,0.2923380020658478,0.5261463743214772,0.2711829352295251,0.9013557257752336,-0.13835657552076505,1
0.9705520656675493,-0.15503670575062511,0.8505956761452109,0.5520656973506848,0.1007260384531458,0.8270023934183346,0.37940860101165574,0.8001163150629762,0.6502126644464344,0.1316130557552138,0
0.8364262101113027,0.13915883469846826,0.6540655580154086,0.08287828048545089,0.5348163350565299,0.3890208554687915,0.2071703181419317,0.9279824966398718,0.9243856813065926,0.8196634830847099,2
-0.047807375585415784,0.5951408973997483,0.7791732226145685,0.639638982078957,-0.07049976326906549,0.4938568325190461,1.1511370668063217,1.3322914903202776,0.9542541102637956,0.38223674046872025,3
0.4242043864514122,0.7110418606038672,0.9279627508692534,0.8938465127335813,0.21619796600351845,0.09562024119723704,0.22937865038395022,0.5757870039495883,0.16922747065555746,0.20628333473000934,3
0.9189175273752074,0.6423338793877504,0.6824960727014608,0.7477282705823606,0.6493640061462109,0.297784564965068,1.200155273467981,0.7421684426148979,1.0442958937218012,0.33003519022267236,0
1.357171417394191,0.43087363736275264,0.2404218288861166,0.5462811882333639,0.15528160647280442,0.759653441199362,0.8634806779364788,0.2814659689904731,0.715194414481768,0.1796044796672271,0
0.18125299831212616,0.8918276905015944,0.439743689476137,0.9158191273025956,0.6071808907347404,0.23088079006030707,0.8932742042196739,0.031854595174913146,0.41955502672890704,0.7941903560446946,0
0.7715378372165267,0.48194241104650193,0.8926108129407653,0.4493128132180453,0.34393515335028946,0.4245894325286493,0.7056869338452681,0.4228591232046971,0.26783023938905187,0.3435558911904536,0
0.5727858723130781,1.211941910718063,0.3245565298762479,0.1156521439601293,0.07018328974881222,0.9919058802171811,0.7543361112371654,-0.03809176373486184,0.759289094688076,0.7417178138775697,1
0.8789075651912428,0.36289820230251546,0.7689950121044529,0.5672168868458775,0.7398949325272449,0.23311886770694146,0.7594222652449957,0.9369938303162424,0.9885927849582627,0.5228250171509305,0
0.7187864162254848,0.4298452768628358,0.6184681244237973,0.2578411401465104,0.14574460578753734,0.5333453701133798,0.9643004756441773,0.40573782339995207,0.7429126967850816,0.8843481282351164,2
0.5659831046496218,-0.05888860312276814,0.6085147242215312,0.3410923499533311,1.1663380817559752,-0.13833403383030368,0.7369740931484104,0.9370664860315793,0.9665518979351191,-0.005914831874222953,0
0.7447721977076475,0.21051636122356518,0.5075930784019919,0.5267523514816683,0.1850319795532334,0.08324198918348726,0.27276971385655435,0.9422240690878033,0.5632398887497245,0.7305197136572573,2
1.0422807693351952,0.4265524589040643,0.9234007804521748,0.1570116670206108,1.0574848560548866,0.36011698822011823,0.7193906646746893,0.8683653313486365,0.6823332656464359,0.577211988058971,0
0.4257471198466186,0.9795271923992381,1.1764935782121748,0.3330251134920885,0.9912896368819866,0.8039487349298089,0.7847274649549009,0.510447642593896,0.8519673270093451,0.7762835506420442,2
-0.03998029378936234,0.38782233713186426,0.3043947152261357,0.3698814556655349,0.929157650736959,0.7608374146443225,0.22449587746507824,1.0019647300895935,0.9728890896927495,0.4546550354333991,2
0.13838026524151445,0.7124719702978904,0.2980758592905395,0.4520878940299708,0.4802768418872834,0.8439883729043682,0.5408331819088299,0.10673488086971457,0.9705643140147248,0.12272672507633287,0
0.9626257013721307,0.4801116254319009,0.8899761491296185,0.18876243830607636,0.6811885980152289,1.0665228287846886,0.35694547537656834,1.1783735782179798,0.07088466282497363,-0.042258336174797934,1
0.12778568597842213,0.5796790139276593,0.24273049636139254,0.5080625607886279,0.532042157330116,0.7787550474668151,0.6834937236517583,0.10227592028295657,1.0265167639656172,0.15198861985493473,0
0.21882882698225126,0.9609481686727832,0.8665710187551807,0.6073723660237351,0.4325412667718438,0.9210288477098276,0.21016145903147962,0.8927439554513178,0.05189117261829103,0.23654483773546334,3
0.9486962070774261,0.7495791651561234,0.7764771399254083,0.5687464008310413,0.6601728013393431,0.924518998391679,0.16682549390801005,0.7987519395454058,0.7076077287810538,0.4276854974203351,0
0.1126692714772297,0.48450215138282565,0.29578869110525086,0.9457361816668313,0.5795542588851841,0.7672657074196564,0.3683413925330517,0.0862894173425152,0.1824131475322065,0.04148132028833214,1
0.1442007275302668,0.7572745129156881,0.48083386849495646,0.5776061934292263,0.16485017011730507,0.8454421931302394,0.5209119261199998,0.7233967688481664,0.0906396349189557,0.7321014731635019,1
0.5603002921943588,0.8260436394665753,0.919444541960494,0.8498371688970606,0.6941839143399536,0.45592237546776415,0.3468834637471505,0.4115226107025166,0.2701154673283475,-0.03581260780759678,1
0.47539009826263945,0.02068012654271519,0.9188105856482571,0.8719031917406769,0.47265881466191906,0.7949105825888124,0.23507361813452668,0.07198748973925548,0.6336965330886997,0.6056968755633307,0
0.8951756348041818,0.6090332539257166,0.7629159601655173,0.22002748327611618,0.6177698905511254,0.8045253585885779,0.5532358762285295,0.9015382373105056,0.32631367513053805,0.24324637170576197,1
0.6238900418771156,0.23368578818096772,1.1176811961826187,0.38254404793470465,-0.03081275482579629,-0.0103417073720532,0.7536790969963716,0.3897063509249371,-0.06665122951049063,-0.12625777699700835,0
0.8725216114931992,0.3706354017659825,0.8096733329976176,0.5555731505539001,0.7150492515750514,0.27899288391389293,0.7239776122295611,0.9705470120744625,0.992721253941995,0.5044125309653096,0
0.09767546858133522,0.25819258816187296,0.2636738515216687,0.8007144067858423,0.9175996142755801,0.30871485041807656,0.4688303379217571,0.8336529260430566,0.7004741093751696,0.27131422664609905,3
0.5277435135927749,0.8025184656104346,-0.0038026983771735773,0.6978943900946298,0.5440702212836568,0.32376282304786724,0.4930536749137833,0.13311379419312153,0.5951875902863552,0.03744824545895014,0
0.41372296677860604,-0.10849416164385,0.49525575178850945,0.31501321063351223,0.10124839936352245,0.441657609202333,0.6298049987208381,1.1914988614162287,0.3728288904351178,0.08259043714696697,3
-0.050889095014443345,0.07346350694734705,0.6639922428193735,0.2732504545464208,0.030207105431579753,0.19032434750781743,0.6154837114981078,0.2837985929988803,0.6694617191719915,0.7746949065155836,0
0.4064692139693383,0.19753488392524945,0.2938451542055638,0.7318929452753645,0.2506835156424519,0.30644727236341746,0.9618139374194786,0.040156887986228615,0.8019892932623484,0.20562052541012163,3
0.8874435818300878,0.7907153895039581,0.8592525652411387,0.6204038802732001,0.5717949781862206,0.7903643535481429,0.08364970998882014,0.7722443843792782,0.7228588633233034,0.5186264584867417,0
0.5458512320072709,0.27384488033216153,0.08661026431925563,0.9802582264106124,0.4245660635426073,0.7783256277175474,0.9926768091348348,0.6700396370289625,0.5118436323306587,0.015901583750530586,1
0.4920563195377261,-0.007178027886245905,0.3014370233576012,0.2950996627720449,0.28620100519797403,0.5501174123843121,0.4307074229001932,0.9556584395923597,0.34242884717733313,0.06896000754054712,3
0.858626746457615,0.8322369423905281,0.8634085437328585,0.652964185893066,0.6049749095504742,0.8205277914194534,0.12738805910393425,0.7476379488530996,0.6697873536144396,0.498176094703038,0
0.4246827831651947,0.5415797992029474,0.12361646170559032,0.6439183644082918,0.8120837189495994,0.9733128174936916,0.0456142101508923,0.6479308894186765,0.993295537433638,0.12197539030979326,0
0.011046148556014278,0.1269592047136262,0.6111232650286507,0.25732196792991135,0.0027857629001210027,0.2584967351842688,0.5881542425440417,0.20621357962483503,0.6924373478996834,0.8095204320159352,0
0.0856265385277128,0.5058840923505964,1.0577178777659932,0.5048988108033385,0.10562970816323866,0.9456052930998099,0.22903599239514116,-0.09802448063683855,0.35321740650838623,0.34763219292646785,3
0.18406837710695095,0.20427275555150204,0.8144185451561315,0.20263717285327357,0.7577700444180181,0.07890212951418366,0.7651209886016709,0.09378931474949131,0.2704325298093535,0.754255536523386,0
0.10186842318198536,0.010530336980047572,1.2211923169308887,0.836069234948587,1.0416206598892954,0.14260676335763328,0.2127971729444294,0.6015386619119799,0.42463458464024906,0.43028649710581346,3
0.16362812366656448,0.17986271416515925,0.24907580098374849,0.7736657726354662,0.9126677555681507,0.29689446920755147,0.42182375781824427,0.7987070992781816,0.683946723622644,0.265860692202905,3
0.5360380696065735,0.7953147928767933,0.5318067616600027,0.35966359994300673,0.4304400053709844,0.7931200631640907,0.16497742481459443,0.8105271244177006,0.3444048563258606,0.38957656979074146,2
0.8403533053699088,0.14866439882240265,0.6461935787628211,0.08597900941880368,0.5325710789040262,0.3925738839428507,0.21005672217958168,0.9341400234492937,0.9335445501148939,0.8181075718387371,2
0.3103046046175508,0.13913794412086644,0.6513634251206922,0.8666172840773001,0.7632790405095233,0.8587288190507876,0.5514051178950965,0.22197590073323378,0.5221893160181911,0.7416209802547988,3
0.34609469847400254,0.208096950638193,2.0853120147729918,-0.4245353500779334,0.014602668890941195,0.6292212497423766,0.536886212715476,-0.7816941388732658,1.5741943874240296,-1.2271290753014985,1
0.5411816876080405,0.8114463839794938,0.5373475788901595,0.3627670171253535,0.43004997523096905,0.7936136889821781,0.1553339381716719,0.805631969084514,0.34855392994462225,0.3877396639913947,2
0.12855204130728903,0.8844243181072516,-0.033665667288604095,-1.083678970030637,0.14500029145946775,0.3823744641184704,-0.4640654646791932,0.09422004593437161,0.6741995093924691,0.4323562521988365,1
0.9382848761502546,0.3587593885758243,0.4066755883414477,0.9495977918165412,0.6343689343197356,0.5297699846189575,0.9830373358603015,0.5972627304046523,0.894621558475784,0.4261811991291493,0
0.5593987584001117,0.6526994592271966,0.520275725967503,0.17817445775774143,0.5664013758512686,0.7225333937177552,0.4930439360472368,0.7363002178860177,0.18254251800662605,0.45742686381129455,1
0.9336795475927697,0.657216389310674,0.8789957236066775,0.4474012005241407,0.6715797579495235,0.576904609432832,0.23520204640339615,0.31318158331939744,0.2697450059006462,0.7587187416722583,2
1.3273124284398665,0.47737328510138166,0.637147581041935,0.4841005431964139,-0.5728646692519316,0.13694473420312267,-0.13503783588857649,0.4082985491312414,-0.06950326143741811,0.537474535306594,3
0.11796917351855914,0.4679571612792716,0.31194580460565924,0.9530473072401514,0.5965791423779725,0.7804879131776465,0.3574824141953015,0.07605447637225417,0.1700677276937249,0.056067068815988295,1
0.1998074511275464,0.8170972940246829,0.21952717633201968,0.4598855569338019,0.47764595705820306,0.8883747367235613,0.532477990998485,0.11321860024497311,0.8162676589018392,0.025655444882628553,0
0.8435130677769376,0.17862538515622198,0.6348603318362651,0.1026646273069832,0.5605447454655799,0.35118974005772075,0.23030029899644466,0.8967416277070616,0.9338500524405935,0.8118596578171772,2
1.1682101435761523,1.025065360500195,0.12795325943805885,0.3823913217039987,0.6867918354960545,1.3238197467838746,0.8548629951284399,0.7976257446498645,0.34936394315062014,-0.3124539844549554,1
0.1664139187030181,0.603091614072192,0.08557761554596963,0.2569609580793469,0.09875421162262185,0.5225168328896477,0.6669503852789006,0.17350262220542323,1.0242845268084695,-0.00456251608555034,1
0.2688916482574616,0.5809681501269018,0.878894024509359,0.5550082940583547,0.28618900969406136,0.9430418500690091,0.13605531057904047,0.14924113013082663,0.35766036028855847,0.5025869996098598,3
0.8267491978382574,0.17236557389153684,0.6477146365766105,0.09404062802722869,0.5300493841360986,0.38872252480886144,0.1947026370217775,0.9311638934556328,0.916363880352961,0.8307709824869005,2
0.03001058332788334,0.09017798106778764,0.6603828182259942,0.23569865382123595,-0.009272509281527237,0.17972418302153628,0.552925694847902,0.2533360730306342,0.6414290025500455,0.718741662053986,0
0.5019713333690624,0.27580086879815846,0.28465211086322156,0.1086337031336442,0.11390113945904351,0.8413060780865032,0.38703809260764777,0.01561437087607273,1.2559440682902359,0.33687456270332444,1
0.8653641134251916,0.3884212299869219,0.8097530935047991,0.5714661286414339,0.7110165192659569,0.2687055243126408,0.7262784171518145,0.9731146218388796,0.9895047053243273,0.5176738761910163,0
0.8423556610612257,0.20627634644613121,0.47645037882078395,-0.20618598703200425,0.9898158262591428,-0.3545371956281067,0.4477366958943208,1.4068280803800683,0.8166529550171647,-0.17809478564601167,0
0.789330067724972,0.6368412863771454,0.8260957520088391,0.34808448937145486,0.6232485214972835,0.902992129531816,0.4579435639620849,0.9670386519269001,0.14922702467120377,0.11392615767273952,1
0.9052792530460269,0.5232038967608952,0.9941216368814749,0.39998807224941074,0.790810863522412,0.6111902731815733,0.4014374253933151,0.2983031394486795,0.23502373253070968,0.716151156626824,2
-0.24523017038802586,0.7762168988156272,0.49485767486255866,0.383030543373452,1.2191119500190228,0.5178799900214123,0.8587728785605184,0.20668022952812992,0.11329888870723212,0.8624661249899717,2
0.18757182128545669,1.035048479180982,0.7548746689131351,0.5130147547187915,0.395248031565126,0.8941369102255325,0.1478821794071783,0.9214057607999457,0.05017432906943487,0.24321286238076764,3
0.4101049517629577,0.039083949295095614,0.26197557872299293,0.355631250926471,0.2107732440142499,0.5455975505278476,0.40935528692212925,0.8838583268610332,0.3038415334162126,0.04116545185932286,3
0.5593797423042626,0.262030228184021,0.02325577909796351,0.9285972915537276,0.37055017102072146,0.7784912848666378,0.9977897613411743,0.7197518937493601,0.5692710422318842,0.018620765519110502,1
0.05753871910210752,0.3732666510438394,0.22300698018266835,0.3448898126120291,1.0201097213781551,0.651784992005583,0.353410452031136,0.8232342021379274,0.8790398343800266,0.4295663095812231,2
0.988842301537113,0.42900242563316204,0.212594224069952,-0.2346736445740481,0.5843227717554658,1.0338616729859282,0.9354107473127491,0.3131544329383286,0.1975753721144198,0.03365450956178008,1
0.6398302861791993,0.08891088198880198,0.43306755781654976,0.9362425577676687,0.5718608568379232,0.6351156859330066,0.7941168863005231,0.8343917663361973,1.0825585797927428,0.5512730395305445,0
0.8543878780200108,0.1365760486148455,0.645467641340606,0.09575847269031437,0.5130906304709538,0.3762468930711296,0.1967240599822461,0.9389087899187264,0.9177953492747578,0.8162413832254353,2
-0.008324340196346966,0.08742389468944997,0.621949107133092,0.2735320747757819,0.0600085487178264,0.2008826888052504,0.5917642751968855,0.2171500678767536,0.6909958227521161,0.7725589870894982,0
0.677817221925296,0.6832612466202649,1.1228463015553953,0.5665576368245819,1.0840006072834916,0.07462145920867369,0.39722859793566156,-0.07781126133349692,0.20333229623565421,-0.18138207064452155,1
0.41060256564858083,0.19402227171881478,0.8367705599849933,0.8483206992962959,0.4587302845958658,0.8246686065858311,0.11516188274818534,0.062399379834219906,0.6400643869271503,0.5727839716771295,0
0.7969606478725672,0.20949236435780832,0.5686620455384717,0.5440553839768794,0.17704469885901009,0.08804820211891173,0.22580589226741604,0.9065308030839346,0.5523038556286953,0.5938735208710638,2
0.17715691782115056,0.3992596975007398,0.4439095029305056,0.06264443664129404,0.773522642177207,0.25959008034115094,0.7701213329683303,0.23427030236467342,0.056121545304562814,0.6925331586424284,2
0.482895342942874,0.5863812012397963,0.20764820394765654,0.7253153742203049,0.7743916200610881,0.8240388151576236,-0.008004167442420957,0.6055189036876621,1.0361477433953006,0.0978868557337448,0
0.13153302400673997,0.3380328462044071,0.3021030636537405,0.25347220273387905,0.5084065193242296,0.8497981025555336,0.1559414827212322,0.027235685274136508,0.7359822396204677,0.5671158554908499,2
0.6115100340993761,0.5091461289492364,0.4318842431851466,0.5610425123378936,0.7341306401695642,1.0672732970567294,-0.0021950782217444037,0.6079139873335154,0.9540560882456633,0.20758753823761306,0
0.5058364809083045,0.8291472844120173,0.30550335480521407,0.5391317893558244,0.04205995525152317,0.412217695345038,0.044970911081777594,0.5664937977412208,0.9590588245953728,0.9604893252691832,0
1.1261599165356464,0.3427059317210717,0.5532629271286299,0.9523482482188881,0.5665103686932889,0.5764837779031482,1.0754540396216392,0.7907082515194402,1.041454728336483,0.5172619189117833,0
0.3417742873617689,0.13610681070459046,0.34620393794754156,0.6666535928708627,0.27634030117689584,0.32428640829432004,1.0022381910369413,-0.008894068132361342,0.8809821706602384,0.22498540801122044,3
0.5503728252644661,0.040399992076047594,0.9029530100182935,0.9553239413114394,0.5539859323020868,0.8101405662810546,0.26640330276003077,0.15581280314850834,0.6644087721544459,0.623001089294017,0
0.9476386007626405,0.267553471451863,0.9311525506663938,0.46958854175969744,0.5509873825098507,0.6812559850472452,0.24005971083513467,0.7072268644563562,0.8695968323159847,0.8290503739585715,1
1.3011173042634097,0.1671898316883284,2.154711733589278,0.5048294716535153,0.5658096575484362,0.28048469692140576,0.9904564910741007,-0.621830407630165,0.5137170586393243,-0.004663428031151606,3
0.6362377399308798,0.6157904616735271,0.21210774466428098,0.6185579688391505,0.8568207233319833,0.8927514072777913,0.13361424754893064,0.6396936097011188,1.0701225014685227,0.20708474122950216,0
0.03117685481962329,0.5967925953438418,-0.011293117120868681,0.3465630155849024,0.05302669821483861,0.6341823481494612,0.5825762516746811,0.2828864576075689,0.9999249818220804,0.028775502712161047,1
0.3738647191940501,0.5031324279171547,0.8764721180726088,1.0740231625289298,0.7509559632389844,0.5276454495721314,0.6021307118667106,0.45193599088827235,0.38498693120174665,0.1766836048341484,1
1.0155775006071504,0.09066012337295937,1.1979317731299233,0.7563930885160377,0.39357281457047283,0.6003957616402529,0.6696195024315825,0.4168774949029145,-0.0285466963280267,-0.034907685642667635,0
0.8875490670676026,0.4292808158933426,0.8856856625058667,0.19653039545314965,1.0534012380453865,0.39209929173090596,0.8102308767495429,0.8670910040562202,0.6539179693086487,0.6084787551258198,0
1.2457120801483452,-0.24540631886107112,0.7966417952270725,1.084691097033105,-0.03408171328777376,0.4305710854919544,0.4508078030962347,0.5210852872141011,0.6887443577585877,0.513515723270112,2
0.8182572118281277,0.14922916516633505,0.6599202573399724,0.0966198074063688,0.5488993737749618,0.40314108893913747,0.1919862135861181,0.933965698558331,0.9080102686025127,0.7997207233234164,2
0.5456151202283371,0.15956233335836778,0.02916408358611214,1.0717039453256494,0.43771112825143277,0.8737969635457286,0.9400682157038819,0.7279352687715323,0.5171184208319041,0.005235377856537906,1
0.0923801229355767,0.9121526489578814,0.8908661858951376,0.5466034834886736,0.4490229950020873,0.9095781349987687,0.19787790685514198,0.9697321057895811,0.007844975632287955,0.2335575706710835,3
0.8606975543977099,0.7647604786660654,0.8872488685011009,0.6404050617854715,0.5969719535078521,0.843217990749919,0.07615856741663232,0.6982417046557751,0.6958454594926275,0.4789137430355507,0
0.08005755192611283,0.19452915749327912,0.2855545318038696,0.6865384275440634,0.8068452802685915,0.29779442237252146,0.3821487029817939,0.8294074160381564,0.6352939814523144,0.22723014494784083,3
0.9865400067290081,0.38987706174518566,0.8047822674326732,0.10746843429323881,1.0261913209076223,0.3095806545814424,0.6631143246825818,0.9512876473443649,0.7700191478839945,0.5433109801401582,0
0.8909950715190502,0.13205806932156672,0.6219434385624337,0.12189404795319905,0.5988882360665294,0.43887342129883045,0.2618721281617736,0.9311565273326794,0.9797080412431931,0.8256030475201586,2
0.829604258106142,0.5835713456111358,0.5554433128316961,0.0012109891760437377,0.5871191619809161,0.03339458927884067,0.7667177181417992,0.9993047179095317,0.7618269291128766,0.7563943028747505,1
0.8309601995800451,0.21076868139358124,0.5542816341543851,0.5214574979665441,0.18531120506112997,0.13229382611878987,0.23551465260191448,0.8915603777563006,0.5099191690569979,0.6125432520288538,2
0.03491207719758456,1.0272585256038047,0.8889190959363896,0.5752808957806284,0.3816544540151539,0.8663218664267045,0.06107391617817179,0.9082580441168324,-0.0810742766366851,0.3296830834476513,3
0.07075602134713538,0.2939402620339051,0.5893414842702506,-0.0276590633264861,0.4973705736942059,-0.1650798805287792,0.3626212610480316,0.9150260177637319,0.6129386604968678,-0.0780828547842787,0
0.16046931256976635,0.6006033937087653,0.04053386320691837,0.24773640606824926,0.08841955154429762,0.50924789583679,0.6994415455051528,0.15543132622543848,0.9767642213912411,0.039666380706543096,1
0.7338007311691984,-0.053761225158049736,0.6686920983125789,0.5241092658508884,0.5450652325901342,0.651552630126877,0.09057977655364802,0.5281517234179696,0.5137958826876154,0.7889795714507213,0
0.16435888149340303,0.716213381404289,0.9972559411757689,0.17349959212985588,0.09069771650575047,0.24183825021822028,0.8401286038345596,0.7555599949979113,0.9622782261350546,0.2650656800050524,3
0.5940195076208015,1.1114706002607517,0.21520044601738864,0.8533155455476418,0.34033580236015204,0.5609634860656898,1.0048125786443438,0.43045613737146127,0.4243913954437675,0.4914985216745554,0
0.5274392762556009,-0.11031941998102643,1.09084625800236,1.043894697448538,0.30747436927767613,0.679127329691492,0.4036942593400015,-0.08945290244348109,0.5628340100717449,0.40612420145763795,0
-0.0020169640983334113,0.10065149695047676,0.6314951845192784,0.2746497822585289,0.028592897208106063,0.21668661597763228,0.5670248700604185,0.2418872911680328,0.6808295280000594,0.7778983519987894,0
1.015278047943958,0.5993818481906774,0.4281953748070637,0.18417730855164594,0.32903936418704705,0.8428004569262476,0.6409463498222892,0.7072445289120086,0.0873505529784796,0.19180022587900042,1
-0.09516691475749767,0.4501608481955801,0.1970620849195218,0.279414151572393,-0.0036712254983836123,0.8171836911906416,0.41236222770934194,0.13653628618971442,1.3097288572656665,0.2040815994864949,1
1.5570748902620342,0.6002869037207433,1.0841309808103705,0.4547698321543652,1.07598524428208,0.88227565849339,0.36256397112829414,1.1218365681856042,0.8263303078824374,-0.06940804756145552,1
0.09819931164592166,0.17583050162445854,0.27869666389482134,0.7117762565183823,0.8848613308753912,0.27340114770833246,0.45211652815503567,0.8303670921758307,0.6605618330007773,0.29464063338728874,3
0.2829324669734561,0.6407761069954038,-0.06946698088944236,0.19698315456875692,0.04335757683327893,0.44308710542636953,0.7004974892066325,0.06641991708495866,0.9708822898731865,0.16054415470606115,1
0.726859890202672,0.5287363654629527,0.8766108931797764,0.17601751626351061,0.905266720703956,0.4525866623592846,0.9230687509203419,1.07034242117955,0.520466805549018,0.5566819371718559,0
0.840878657416844,0.14992353425475355,0.6359835919254928,0.08166319109652188,0.5398779440935452,0.40228813675276054,0.21961550241740957,0.9461463258286353,0.9469433766764742,0.8245109635375215,2
0.38636936018850637,0.3552607412999193,0.8136912762150231,0.6014624624729095,-0.05601885067018045,0.712196511202688,0.46878344892776524,0.3002674406088258,0.34974815665598546,0.8022774779020603,3
0.7130994660397556,0.28943044597187667,1.0599693853710574,0.4801791146207269,0.4162909214026491,0.7417279122057783,0.265218106261749,0.5343696284146521,0.7485378434307121,1.0267203627004453,1
0.5625044111400526,1.655949929873652,1.6563539983100364,-0.13707437705293946,-0.17033912267061557,0.9214827653871246,1.0858733544297143,1.4697732815905007,0.39022919646356524,0.695599062207848,3
0.1539031250447871,0.9572519746916993,0.9041902357492002,0.5191846049476129,0.39620470534838487,0.8607668473236411,0.17473183197679287,0.9810060364260991,0.05803265613421809,0.2413000898880246,3
0.7267699077518079,0.3053799552355219,0.6581983610529935,0.4330792988611135,0.08479361588814514,0.12517444408156436,0.32780306500507056,0.9240003005377614,0.41781120508696334,0.732721732934247,2
-0.03286943161938749,1.0081284901361731,0.8104797373339586,0.5673782455541367,0.4353543699533428,0.7567136651659054,0.26312526779541817,0.846135006292333,0.060241413166952834,0.2684403611927803,3
0.9324668117262936,0.3087934235868988,0.7290220026505613,0.30881552474568563,1.0957291833490528,0.2743949927175546,0.8829322417950893,1.0411527495246609,0.8528454146456674,0.5567733465474471,0
0.16121949730827057,0.46174040353583634,-0.07757034437343589,0.11077179162138054,0.12154430057980103,0.35316132755220364,0.6498070124656475,-0.033446550929509794,1.134400575775581,0.08617891144915277,1
1.0354858532204878,0.6567709167110372,0.8921011365582449,0.2332069234433371,0.5101294449682983,0.5463344608008802,0.46615568216349473,0.559867244708187,0.4628339377060608,0.7921236469453001,2
0.12026149069722315,0.26097040493777474,0.29655428997402167,0.202939378532701,1.0093036082891986,0.6628838058815466,0.18523942571695384,0.8678589099573994,0.8110461197075892,0.534072402246859,2
0.7839982308431881,0.16634882030753648,0.6141144372784477,0.6751702430059943,0.28792095112890215,0.16834334672336457,0.28717218412434065,0.871746790628712,0.6394228240260214,0.5532155959528712,2
-0.3567971580949195,1.616710091895219,0.672459656461945,0.2452601830183927,0.32159854443456176,1.052364849811356,0.9977838956696765,1.0113573038306654,0.857807310270776,0.6375557614448496,1
0.2357375391421207,0.6885023876091915,0.08858649549924942,0.23599999069017993,0.10717590312063892,0.5460300085279195,0.6073003480261162,0.20957138456842142,0.9338770760864696,0.08359311435184719,1
0.7890517347591782,0.29413431041274185,0.4464556660644288,0.47356836216775744,0.057356807953721486,0.18279548243503374,0.30268713895770033,0.8093726421423221,0.46191238016427943,0.6433143946406075,2
0.27980586652139106,0.05988327846938682,0.7855603127593517,0.8807256475106544,0.8817591327544898,0.909201810706631,0.5887040311442983,0.17014892277026056,0.578336625857807,0.7015943968327406,3
0.7958198015956004,0.6767094381102657,0.5659288247495401,0.09974745210820805,0.5944623092098757,0.10418802438269745,0.8362335069884782,0.9483079101301727,0.7832880976899126,0.9312560075901883,1
1.0286051188169347,0.8780913914331723,0.620359122633188,-0.18955064762096163,-0.3664704596731483,0.9279855516519979,1.0510207296237737,0.38836576808854884,0.6055237409930212,1.1043332748327417,2
0.6399906738064063,0.8208701997917729,0.11703381057547468,0.70170122066234,0.5262110024124832,0.41257144516318217,0.571598102789163,0.049054570331528095,0.4966418280955826,0.02290425092931139,0
-0.019811139756997595,0.4084905470176512,0.31169894027445855,0.2780330811676211,1.0555400053229573,0.7013620492679798,0.4005973074890242,0.6103993515415937,1.0570166873525217,0.46406083250520164,2
-0.0030830923287458456,0.11213694444309219,0.6232079391686043,0.26210661051856876,0.035210408901987025,0.22200787008550352,0.5806881801406056,0.2311395143184418,0.679685451771598,0.7791518421099164,0
0.5310190459286349,0.8065398824575081,0.5301280961344811,0.36162210256182065,0.4388208176757137,0.7914315511177404,0.1648592189643035,0.81500713655651,0.34852341714154195,0.3851384568233637,2
0.15786455333107333,0.274046169135557,0.3442875451680072,0.16881428377143873,0.5141099253445636,0.7969495450327976,0.21759916737699686,0.04191571327662295,0.7240948604420593,0.7597923318202862,2
0.08771857242667454,0.7417230140898383,0.8306209303764462,0.551852093930139,0.5318606484429158,0.684988600242701,0.7018690959819236,0.5645642490368148,0.8676620453964946,0.7302293238863218,2
1.2056279910226275,0.1288978092974567,1.0947689407265935,0.339685042159677,0.7336647126618345,0.7739676755427845,0.7067743179536312,1.2073485205991563,0.7127561352632792,0.5448961419592092,0
-0.11361941279322446,1.1337711861693918,0.8261766981224612,-0.28726885937284724,0.23966372152407925,1.3248363254597397,0.3738506203283784,-0.09309429407809655,1.2921112276311928,0.30455488744268355,1
0.3397852415207577,0.035247663509358804,0.6761045704429426,0.2252152917704116,0.9481922921649483,-0.014009399999433472,0.6236888084226969,0.8552935663686034,0.8241915718753663,0.11944134018161456,0
0.8224303248630079,0.15740693513650902,0.6380657736967897,0.13473936337856146,0.5346013462408075,0.4012315567457401,0.25450264740988043,0.9630261522537944,0.9373232872783961,0.7825583815557339,2
0.3842822105431477,0.6959541516181605,0.7811582434089921,0.9121418238274158,0.23671750954304913,0.2555779793001345,0.32465000445498,0.7049898047998582,0.039424354211653564,0.10772598936830315,3
0.4306812402774113,0.9132981119430624,0.30418439594432733,0.45363233487793797,0.18785643019821266,0.1600116042590899,0.016808358022002576,0.390074874935799,0.8425078740744633,0.9158546471017494,0
0.2155451258506553,0.2602530875835224,0.3018754611824675,0.7529226305560162,0.8421547387573803,0.3258799850918865,0.5472771554228191,0.8120588563759173,0.5522696808782684,0.2839629019012159,3
0.4308623149687897,1.043389556201976,0.17064458189258663,0.4888586099091187,0.21525075989761058,0.5201562177582875,0.41244649065033484,0.7892208179975829,0.35719559963510644,-0.38575488235651884,1
0.15071526328999,0.8856742729907894,0.3536530227474177,0.6833127966032021,-0.01855023933567812,1.0241045893447946,0.6655808444083704,0.949299645302194,-0.10981002965407058,0.6375000960158071,1
0.10776429562108868,0.21644017575458813,0.30150224988840113,0.6838389655468722,0.8473782118891188,0.2515439646137247,0.47822962419752374,0.7848250118143362,0.6284462402672838,0.284135997158363,3
0.2090462853283268,0.2603157078233782,0.7448400270707656,0.21829743818926903,0.6756342149176288,0.02881439586649833,0.7997937542837721,0.018094207630516924,0.3184286565501822,0.7794057588222933,0
0.006749428589212502,0.09571214315213315,0.625282528832677,0.27190012559649124,0.04084592267517867,0.22765864704874422,0.5860244096877332,0.22911551720603898,0.6779763358116557,0.7681458057022577,0
0.5320064079573745,0.7986168864308318,0.5366221176270174,0.34862610453318554,0.4384343438352263,0.7770445608921812,0.16373786673174517,0.8138025537713399,0.36686522657991066,0.3943582755381092,2
1.08552609746225,0.0881073797348701,1.2643138667387803,0.8517720335262451,-0.01843724702644839,0.5479106150585809,0.7936051566798723,0.24048795147627694,0.0316785855821379,-0.13615390599242366,0
0.5141633212853567,0.7679698446835066,0.29476674757928323,0.7085635811933221,0.5553554767641362,0.47250791313437557,0.42033527757223854,-0.0634138608876766,0.7036466913347504,0.2396895050452644,0
0.8898223039832432,0.9791898823122538,1.061476698305804,-0.07418253294791782,0.9202803495944774,0.555319478595907,0.08260066490340873,1.0644671127542331,0.6991369696867664,-0.053256351938588214,1
0.22357319376980633,0.8793362319145042,0.9944377951395752,0.542848009408671,0.9241187781166561,0.9185270742686623,0.9411499359893438,0.521632578835252,0.7151005313966989,0.8456397733150519,2
0.1697371957839052,0.15653659884515997,0.913590493516584,0.7709051497176428,0.9135531122904571,0.8757901821011167,0.406937546931025,0.09827366465055658,0.249910583159905,0.7800108073836436,3
0.9322509741477786,0.30598950067673725,0.8619351116798674,0.42443768244124136,0.6236359634631111,0.6068591780635925,0.20446297747634662,0.6092984393927552,0.9396573078843774,0.9176979574869432,1
0.4270612828494732,0.07276418552615052,0.43635704534451275,0.3379992694779814,0.37445295734728734,0.8677810147552636,0.7730560270038247,0.26648440371567267,0.6093081134861065,0.5492411828174015,0
0.8626031642073083,0.39153094619757367,0.9249632061101388,0.09560646336417661,0.9376794711883275,0.4951052512917258,0.8146161937686722,0.8279422509112154,0.7064832573622384,0.6949819387195272,0
0.9526436872036966,0.33960783425096663,0.8082841182466379,0.18538747465073926,0.959436704329915,0.3850283353248158,0.7710851734930482,0.9102938009967809,0.6636381655391926,0.6022986958261185,0
0.5046302144914817,0.30068083337954477,0.09409911505525718,0.9931802578605489,0.4180239554519352,0.7583650861715235,0.9510137065982,0.6897015911194379,0.495471133295261,0.05893474200201382,1
0.12031395261063527,0.9527197964627812,0.49190313011082953,0.8955606006145226,0.3847658522121859,0.18894054276331718,1.0465372494609197,0.17920345883482836,0.22759601409468797,1.038636193503946,0
0.39972561797583983,0.2724948439997106,0.22193308210377238,0.6491538312555072,0.323657112794173,0.26241804298978266,1.003267845280736,0.10729084111989365,0.8832689490367761,0.2584443693189256,3
0.13014522756757402,0.4834444696438729,0.3121172695110037,0.9655256307657647,0.5882335271559189,0.7835802366227935,0.3546128910446506,0.06917625864352342,0.15359957243520295,0.07229273404946356,1
0.17970806746844026,0.4621634625641081,0.01290413623543371,1.0825159772377162,0.18057728260787148,0.2033017123738189,0.1280304012239231,0.3674744021350139,0.47510977459007875,0.8643838790115974,1
0.36212788555121733,0.7523623006536715,0.451564013463355,0.882951133422764,0.823409035866573,0.1656159396079524,0.8346710779321982,0.977551934589803,0.2297596681859862,0.4472884988601484,2
0.5398932489755313,0.2783647573346662,0.07743427447837577,0.990700820587758,0.4187636827431303,0.7783004548346769,1.0029601017975447,0.6584066028866866,0.5037101974287853,0.026919367815831503,1
0.8519772055080109,0.8316731966503703,0.8621547835295954,0.6533072622151136,0.6088266634603506,0.8226923910617708,0.11124678909663721,0.7494369306476021,0.669567688533819,0.5062908460411095,0
0.29900431289520224,0.09400001523827597,0.6595650058482614,0.9109262419438248,0.7386265144925386,0.8989083319440525,0.523086450898413,0.20853634540568144,0.5215797470422264,0.7462847748064457,3
0.3991418077411567,0.2407257571771801,0.4967162927662316,0.06626667078088877,0.47364170172377806,0.23499237429180847,0.5376991225709621,0.3402657086710598,0.11531107152613002,0.1031192687264928,0
0.05388036819177445,0.2919505187450203,0.3476119122033494,0.2649151265399862,0.9685706744686587,0.570545985766238,0.22374494715259058,0.8681789911036925,0.828272045703586,0.5548788654859881,2
0.96555727466787,0.3924232042795614,0.35757935887838815,0.3494743459700906,0.19031759963750347,-0.05008510141944761,0.43317792527754606,0.9925789329605722,0.7301597118180025,0.5308265661858116,2
0.9024008452436412,0.8987787541198738,0.9303408892913871,0.626573411573747,0.571656331030832,0.7549643797870483,0.18512775538454523,0.74989928635519,0.6654310471257183,0.5618079726081875,0
-0.005254806793671074,1.2548296943925166,0.08800848798755778,0.9518693642605824,0.9331248825317268,0.569021708917872,0.5486995186283222,-0.18180858853197046,-0.1574766145815017,0.18819472079495417,3
0.2563130990434205,0.8133616108055914,1.3071881823138742,0.739699686817175,0.35949007073659695,0.519259513338664,1.01039539203724,0.5521788964189753,0.6911432138288087,-0.1299555328454919,1
0.5718024072642306,0.28380439398619334,0.06694755743323638,0.965194968724396,0.4677060103707514,0.8148990925651682,0.9649726900214827,0.6569208586771612,0.5351807904260493,-0.02597812224423448,1
0.8956687492382588,0.6783719753210538,0.9139516475406929,0.3914479988643442,0.7299738642132193,0.5062444666672956,0.3543989021924504,0.37781358652638214,0.43537952662772517,0.6700714366328173,2
0.4394047566109185,0.47902964308550766,0.8492297176997488,1.3254929376299447,0.9229477629120438,0.07916896807150231,0.424325874660464,0.9718191819371353,1.3560010311149275,0.6149069833938153,0
0.0899828265164015,0.7592843136791374,0.13664589399394986,0.2015922659725804,0.7542702705017603,0.3385266031319799,0.8414778349187134,0.18935383174214465,0.08000452451242532,0.8693054436726859,2
0.25347952962410836,0.9209573034906019,0.40854133633812256,0.7748621443101161,0.8133134282025366,0.2360667468112042,0.9054165837315405,0.9179222171403574,0.1946853265232164,0.4363779649086642,2
0.3836139054971348,0.5411868613881481,0.021498000448540534,0.38898964698290683,0.11810447192810242,0.3933907635787969,0.7050716978732416,0.05010824492604822,0.718242862934916,0.2562288065313592,1
-0.01208109559330095,0.8331196908121576,1.1046837343522382,0.44949640834711363,0.040958836626926315,0.48305142927942113,0.9092349757617193,1.0301483709964292,0.8414273968457586,0.2374290673952645,3
0.8578021656879107,0.19895794298352174,0.5630605908663816,0.5703204897557745,0.13269575261475275,0.10907855768545165,0.26927304590072954,0.9122565677454504,0.5537976714177832,0.6146230372763635,2
0.11072134895433092,1.0119145693304354,0.5382633542560071,0.9154060716999763,0.6758341383830373,0.2363098556870306,0.9737425709201707,-0.04270252246795454,0.552534118469288,0.8099810168218948,0
0.4690431054977298,1.072284683544204,0.20389946753860927,0.39051231503252126,0.21840976714216512,0.3620723341335792,-0.09096873038188544,0.4405077772052551,0.9669538347635931,1.014783097258345,0
0.6492776122321727,0.8078297146986946,0.10071408743537434,0.6964724810940143,0.526854020828917,0.41203831094196347,0.5490408079025751,0.05628276161753558,0.4825674838982408,0.0022099723769121718,0
0.5475377309703892,0.6085117356427835,0.870150951230172,0.9225962811651723,0.1010106376495484,0.04754411765469693,0.3592901763951458,0.6437886672430508,0.12486671479181116,0.15731852856141557,3
0.3509578863111239,0.05602352631061147,0.6655375478714088,0.23184553952632614,0.9689045235854676,0.0009364112068180413,0.6093589378536368,0.8540316663354554,0.8012099021004062,0.14628723505890895,0
0.9895852854650712,0.10369965068362602,0.9814289845673904,0.33197028578036236,1.2083829733934879,0.24995735787094106,0.6730504458898605,0.8131184052526996,0.5372385073498326,0.4193056403421142,0
0.1003572615818655,0.5568461233311411,0.07200603679873122,0.21154738830114922,0.052464536947823485,0.5404148368831744,0.742832402715036,0.15190360198290373,0.9681397789263536,0.026120988497009053,1
0.11351322177217955,0.8576015465162744,0.8246311362742206,0.8086682960136121,0.5260601093462438,0.7731333117271422,0.151300021211846,0.8319732097563539,0.5703923143925911,0.6021960426037306,3
1.005596109999987,0.28131205864372244,0.9967025902481339,0.3578928538123275,1.0820257145205276,0.2659477170972045,0.6110372095907273,0.9836158420524432,0.6722766541276791,0.4152108615070818,0
1.1141541163831017,1.0105656828234624,0.5878278369472443,1.1888875388247597,0.7458845051114614,0.8891146723638514,-0.4397222053343456,1.2588137923204372,0.7789413618951821,0.8879881992565244,0
0.06806153031372678,0.7705382339525568,0.8090006755043313,0.4065713479776068,0.3160702278349934,0.8238602707882184,0.07679864767342441,0.9219371826578278,-0.046207293991482025,0.2056629289135209,3
0.021366598248020133,0.38502292661752546,0.4211108234668579,0.318986401394911,0.8686865789310234,0.4374298611527179,0.28740176693355485,0.7344378381875093,0.9198271321920305,0.5181916061413144,2
0.4308013773257019,-0.16877814251433576,0.5226687631936936,0.028054302626400213,0.8685337088330526,-0.1481663473543587,0.7513918685507824,1.0903693618877865,0.5833978654501947,-0.10568090865508342,0
0.17396091277392972,0.20847203488137894,0.825315111815889,0.19145951045422663,0.7591965858561484,0.08635773175862649,0.7714941761536069,0.07877727502897236,0.2778734407491999,0.763624348068309,0
0.465040001835116,0.5338846002861685,0.21900168358096223,0.6519812394988458,0.7831882146449269,0.9180628399489581,0.02945863167728303,0.6551339187824525,0.977876798495064,0.1696012446383616,0
0.35421724344888617,0.12342801635350395,0.7219199266603569,0.24771551937596842,0.9989234208348458,-0.07765222234976449,0.7010802190011654,0.8328376947586753,0.726540647474589,0.16252535941429191,0
0.037322112751805275,0.8912157393678839,0.6400505366382847,1.0791877480176375,0.4349270554911223,0.43767733176724694,0.7649826681425287,0.34500169884748255,0.21478490926620827,0.709386800260635,0
0.11298833327781567,0.6283824706070908,0.2954529700736203,0.4383075208515334,0.5483587466567041,0.8324360096444574,0.6218029191625464,-0.027763335167527436,0.9282799856293301,0.17678455894674336,0
0.8505412941439334,0.15537060784464587,0.648256934747564,0.08896234328456032,0.5258979194322599,0.38115872560949493,0.20264212870041212,0.9336896974147504,0.9350686629751567,0.812057789641207,2
0.8954460675322322,0.46813187566233894,0.588412487104671,0.2431729109707946,-0.0026016942471514815,0.7147779942120929,0.9041175598016802,0.34818041342392697,0.4473479848525941,0.6552559311520428,2
0.4747753484518281,0.03717789076527479,0.9320472062550235,0.8540097660282234,0.47932607587352677,0.7438799461121589,0.26206290916874486,0.1262010784587374,0.6342668404487364,0.628236096192816,0
0.8443647702699041,0.1493940110875867,0.6432410789954773,0.08674354538658978,0.5289619879116709,0.3902144632883555,0.20773520199876913,0.9322831941158952,0.9319759376724583,0.819082874358567,2
0.2897991624856311,0.9668063178443695,0.376704006849926,0.8911876652848568,0.5060009218939927,0.13479056198795966,0.9246297104964228,0.06311649063430153,0.46010712283664196,0.756569342778402,0
0.9901178845002964,0.45594665387811983,0.7819515648784969,0.14660195857725572,0.9876494354199206,0.3370220383858093,0.7161969746744707,0.8443940035839712,0.6935164158832644,0.6412744718205842,0
0.5295793978443353,0.8033501421233165,0.5351913183862754,0.3590943723090523,0.434144851368401,0.7854324567302827,0.16830619516086281,0.8184757712434353,0.34606102544794665,0.3893564446261473,2
0.1415892783045161,0.7072424010814347,0.1592990870057361,0.12095720757920084,0.20415831847415677,0.5610735407304012,0.638280890339584,0.3474646049123555,1.0400849752809749,0.166163518486138,1
0.8236711634048384,0.3288613995645098,0.8157462589994752,0.6261564627468474,0.7240814974333167,0.31270926415398026,0.7815530462397042,0.969063624242668,1.007329853009536,0.5359591819348816,0
0.27027377175875056,0.7840541187350483,0.40898578934722085,1.2648362619630278,-0.07149364144833581,0.5518372833998573,0.40272913362667945,0.3358506990741044,0.5037453012390016,0.5668978193912011,1
1.158889300447351,0.5742770194003084,0.2905892889893182,0.20067016353425085,0.6341911341180928,0.8594067229023556,0.4200843987994999,0.7857831500346762,0.04771462841081189,0.15988465688707884,1
0.04111057738759661,0.029314339702099956,0.6931607996312931,0.23774060265201963,0.002648514828454837,0.18249457138303604,0.5690761927964386,0.28691979168950166,0.7315144057349414,0.7568247334367864,0
0.22286609487175896,0.039230300697041295,0.27739535192950115,-0.03560566943337576,0.17066586971449016,0.7087779763944049,0.6352344049788948,-0.24551577613802805,0.8425547838401657,0.7633658469097852,0
0.7388879076162126,0.6840859638848336,0.02308937491777728,0.7691163230826257,0.6419940103810755,0.34963384074503256,0.6004135287777725,-0.021273120244116858,0.36797385987753234,-0.1581859722443094,0
0.9202334266093304,0.3437067717905291,0.8198877950105661,0.5232935876885406,0.7391516034566629,0.32896360325292706,0.7268037898227002,1.039737566946822,1.0080518864132237,0.4803828159081477,0
0.8356667837112673,0.7428411765946094,0.8243531379388285,0.28064668608491977,0.6488419433417296,1.0187891241940215,0.5219588685727877,0.8959273013793427,0.2916720329890388,0.3394873179875317,1
-0.11562300655429947,0.887622393219523,0.7199169792035476,0.675963844792916,0.632907296118999,0.9681010996375912,0.19553118242675302,0.9530304008176702,0.07652481325058413,0.33194042073693997,3
-0.11950467522820132,0.20970445605687385,0.5148756593455566,0.16859284699360294,0.8698953861767651,0.3743542085071826,0.19704149879049693,0.9440246395689282,0.9743376835185413,0.4912481662185332,2
-0.09138503776513766,0.8347866871520802,1.1706223802091524,0.20047887947881665,0.028920170730114415,0.24933048843796832,0.6034676764509178,0.7655452864646474,0.620730178443034,-0.12644340040884228,3
0.5330666287680677,0.8032064730931306,0.5360533840105979,0.3601928607090777,0.43990331962269974,0.786441552936912,0.1609720204358045,0.8155963006167969,0.3512535260712027,0.390544480896509,2
0.3556770071197306,0.9154125011010386,0.37983591876791606,0.7477807799805145,0.8153992688877493,0.3017334801660814,0.814349257749144,0.880176679049845,0.2866462002245137,0.4676615410645047,2
0.8992756537855016,0.4231879312092444,0.82727874410802,0.545787274739068,0.6887641882724133,0.19216028454567619,0.7222066681278314,0.9654625983478607,1.0031089741853294,0.4527205191030774,0
0.26294085855387767,0.19945929604344606,0.8592024731170225,0.6023423294226108,0.7029708822372294,0.5346817235492294,0.3345100757521959,0.7956637795729192,0.6100853363290792,1.02032275644529,0
0.4387770024219759,0.6387012654249383,0.7662628847563209,0.9687927599696446,0.08078496846072519,0.3228164185270934,0.10638813473311398,0.8195773398729467,0.18640014852715298,0.1994154729456717,3
1.0630048651875248,0.38025443433485145,0.79756960100684,0.2160573944712294,0.9007370668335098,0.25891812439725753,0.6914491669406727,0.8127067467703948,0.8246028834896004,0.6068877670252888,0
0.5467719057066368,0.4844227556752767,0.9822153512848619,0.9572603654329506,0.16958776086282742,0.13815713469682916,0.3856674634644651,0.5439893547093904,0.2807319653524303,0.11692050848169074,3
0.11813505793898035,0.8593452645089785,0.8164902340517847,0.8219566878251338,0.5259510611180712,0.7721464230490752,0.1444623731807829,0.845187712336235,0.5742202331691919,0.5963736563213544,3
0.8772102688006811,0.163054904382426,0.6168152614249617,0.0900399757724425,0.534484042542882,0.44611400108078036,0.26826560864071075,0.9441250571382106,0.9186548218824431,0.7820785620000228,2
1.078034871816322,0.30083617059228435,0.4181574661537031,1.0483554668985022,0.17592078133242267,-0.1223050553729138,0.8566121776320852,0.9502986813309293,0.20738208715047354,0.35373782196468706,1
1.1291827002611308,0.4427551515880872,1.069850974494553,0.03277132407766553,-0.2433789164878064,0.15089623619278972,1.2136081059682913,-0.11475624146199981,0.3864126829488222,-0.16023760157365002,0
0.12215579086872934,0.4720320809280578,0.3065262441615351,0.9510719219797994,0.5963605038777086,0.7752135577997292,0.36364318797488565,0.08183449750297922,0.16452363676772128,0.06086782047318942,1
1.2268713654311962,0.3496601409102247,0.4374959700762817,0.6324401971349043,1.0912779663729713,0.42127880856039246,1.1432961277246065,0.12402413039354143,1.0894104307567067,0.15624924249037347,0
0.2686796777177599,0.6849359849176877,0.500491574457267,0.6689821018183806,0.02424090936728429,0.8419188533051574,0.5938156792402454,0.6947491973493326,0.09932963229872081,0.716992442527113,1
0.48172301002797974,0.21426308354671955,0.5607406893383287,0.638134367333989,0.43883983813073063,0.4696735670591967,-0.1470976233975796,0.5583825307780861,0.6148856044442361,0.6130233766236469,0
0.2963106781099852,0.8649311615387063,1.0411446536043891,0.9493747702358433,0.5852753667907101,1.1746070327914555,1.354302677592477,0.2710361646641535,0.8744695194399779,0.6992843242270274,2
0.19893366219267233,0.6219016322775002,0.05462506445834997,0.23296573265692705,0.11097398778698084,0.4942329165646543,0.7370506375055375,0.14228223706950419,0.9752042657712318,0.028104926933407257,1
0.5480763432561817,0.28461242265136133,0.09700269145500319,0.9889023774940449,0.4338514599379461,0.7676425274299793,1.0010572420975294,0.6676668497420722,0.5078091845900613,0.016089211766840587,1
0.5515888053515594,-0.046150490682232995,0.3950870927021986,0.56357676394422,0.3465797810001018,0.37329864764655507,0.5382363254410895,1.1222711451167984,0.3707648094118574,0.3218686664161497,3
0.9358495588452385,0.7752532430440239,0.7982815090781642,0.5773824408058221,0.5169586444133525,0.9496432168603816,0.053558393363384735,0.6652616196997159,0.6257523285762774,0.5498510427354466,0
0.08232418592588656,0.7518394111568364,0.6032139013712923,0.7236910474932738,0.3715959155971413,0.08370146062979239,0.8100702977731983,0.1226612988926409,0.33613271803282585,0.9683861011947403,0
0.05893302600198108,0.7228434449975317,0.585902039058921,0.525011885864111,0.4220478821832304,0.9023955831500383,0.3342557419103558,0.7780752650471396,0.010090091616989413,0.877045004398719,1
0.12437772881067699,0.17260016165889028,0.2618984669343831,0.7379572618158476,0.8972758051318493,0.26157533550517026,0.426849464599199,0.8395396525637703,0.667287593386214,0.31278833393749605,3
0.45588388580421907,0.16484371590438693,0.3216694539658166,0.7159715504595509,0.23796971618597185,0.3454008824654311,1.022176840456645,0.06946567594295908,0.7969434936962292,0.2030395629499143,3
1.0975855547514572,0.9257144281636037,0.18894081177273503,0.4860798235652184,0.6516231697263988,0.17684808446844236,0.7669538259240681,0.17669858752661965,0.91672964907462,0.43203264032543837,2
0.8439158279503779,0.9067179763956641,0.9705291981307963,0.6793444415238987,0.542986776938103,0.8265205347086791,0.07506719274710578,0.6567111784132166,0.7477612639004821,0.5003114256320951,0
0.013095285656233581,0.8892476050062401,0.9172410168578061,0.33122330247133686,0.06656990566649092,0.3654887460974851,0.7919916669756369,0.9599162909033008,0.7545984976023921,0.13159690435193616,3
0.8791225588326723,0.38642858921185597,0.7963894453450351,0.6170779308304662,0.7150014375261151,0.24958742362405242,0.7846890955604185,0.9646340835021171,0.9552630592189715,0.532525589771193,0
0.08314443055995374,0.4635950595169847,-0.15044405914433734,0.11184466318961131,-0.19739586650323565,0.6859201942147349,0.44604927250666193,0.09106436461645495,0.8069876454641306,0.2799749576455727,1
0.8383779279524805,0.8032835423871271,0.8697776028514445,0.6591340250153302,0.5917139551051519,0.7960357206513713,0.13274416226687752,0.7584174879028666,0.6730638115488448,0.5216682669604074,0
0.5542919345524421,0.38414927903410073,0.8379161058255138,0.43625406693098845,0.32430320003233937,0.44436463376776053,0.7048773130519619,0.49394183560375593,0.22155312743685274,0.1760111190274251,0
0.20219572704832417,0.5853306071639286,0.04484890023812208,0.22610839214276154,0.10534318473357408,0.5318048453521367,0.7094355740119306,0.1901048742784496,0.9451477077386303,0.08283688822580994,1
-0.23480523162623623,0.34707459325214574,0.1001331715817908,0.16762247047555395,1.1365691304197643,0.4820074586763852,0.8692516858405626,0.48674387390519874,0.022026766629046318,0.5307153148580227,2
1.0457348908162636,0.11531773550288815,0.7826841326258288,0.6128736091455381,0.5916054646766871,0.6552252324227992,0.05199834927869129,0.7353418242584544,1.0025766853517397,0.670309624679924,1
0.7335463413078673,0.6434127379731649,0.4483159761876397,0.06082779169229553,0.5297009987749992,0.04475941808779904,0.848783065450808,0.9343097674424821,0.8466858411029642,0.8482348034573428,1
0.12738340648986046,0.8494624472775838,0.7970587810325843,1.1366856038769702,0.30836083263776287,0.06687403328499314,0.568657309229951,0.7520258486192585,-0.022019986871001707,-0.08015297536510108,3
0.8805682405122586,0.2026251201555246,0.6608365711116355,0.10247693134010866,0.4795135948408481,0.3502116571689625,0.21543083804706428,0.9164285267207889,0.9419678627160543,0.7753912412515866,2
0.5521782734586733,0.2797720937014522,0.07597289292585274,0.9713653742165705,0.4145038336647633,0.7679094147688853,0.9885520870399138,0.6755978160396969,0.5121667959273916,0.02143313488234482,1
1.2947545817892452,0.9786008902564698,0.9088591881321525,-0.4445025550880064,0.5657616174015809,0.8401204188222913,0.6812025398739378,1.1933343945361123,0.7079662816481569,-0.45957983332117447,1
-0.2373348646854176,0.8002923419583885,0.8121998496739693,0.3449400486583995,0.14196017696395397,0.0904263220283828,0.948729917933942,0.9703773826784386,0.6022786544946501,0.4127483580778979,3
0.8870703642371423,0.3735789015627677,0.8852401731537911,0.2689235215731353,1.0818037365469482,0.352666768638389,0.6734879657157118,0.9466927283677804,0.7290527051074133,0.6497594927163413,0
-0.0015367726963420305,0.09142352482986932,0.6141130265283126,0.2780999808007734,0.043021655090868256,0.21909283873089705,0.599752431101383,0.24860022751102756,0.7055836754678422,0.7644681258333094,0
0.6443813891771669,0.28845226003674346,0.8107518375649327,0.8050346786571105,0.37852065531481277,0.5974577804767285,0.7473784157885301,0.3231072818318743,0.1208704084456262,0.05048992788692308,3
0.5452827412617474,0.04171194288942758,0.8946566018950511,0.8893153120882117,0.44496327642101136,0.8054708202839989,0.2729184982416385,0.05904262118919084,0.5877284193705774,0.6088572823157874,0
0.5703213780148862,0.25870035363092064,0.0921132805074357,0.9936753083545848,0.4399741774272272,0.756226554894084,1.0164004427967428,0.6879731362514645,0.5078789980522627,0.02967490396954397,1
0.9557937757764965,0.4607329071471745,0.8565397000659531,0.5872988841586849,0.18845006181320995,0.427878321573017,0.8815082985785571,0.8507835952836101,0.1917014029902431,0.22372662243986008,0
-0.10691133315482243,0.6179660752746494,0.2610633566423577,0.7235412726907265,0.5002998941783573,0.7214094404508437,0.9503750796250368,-0.17733913417890607,0.7174044849573993,-0.18093675238225337,0
0.7597396939925205,0.29884753011078646,0.9150382356452945,0.49613151532910504,0.3683931315765008,0.49534023637513486,0.23076037588181073,0.8508379127535699,0.8794057267405972,0.9355858760320719,1
1.2180248464387589,-0.2400938392098798,0.15709198661542578,0.375114946632912,0.006624864256171148,-0.29792421870657515,0.5904410952852404,-0.3726567139258763,1.0387870932334065,-0.8329948312370262,1
0.10248877857835718,0.837330880423375,0.940624402462653,0.5336262307108861,0.36929740673434447,0.9508889537621704,0.2372731588817725,0.9372451284468047,0.05143916246696214,0.23647677963503824,3
0.8677914827072314,0.4263339075915503,0.7696970156389437,0.10764747984034843,0.9520207096710674,0.38359943845622774,0.8160738558537578,0.9543716291351815,0.7983963217525385,0.6504182537628761,0
0.01862667561850764,0.1083772469373212,0.6279388838112189,0.2843893042385206,0.02195196944216037,0.19693163089323953,0.6026266324886826,0.22422665524548768,0.6640271816093087,0.7850255029305012,0
0.8752164686320736,0.8215971847218186,0.8902123529850753,0.6537253424510062,0.5839162639047865,0.8293164913396052,0.14335859686622388,0.7423486143048016,0.6876861614970994,0.5189547356097571,0
0.889966607349169,0.2530002649488715,0.9544703094136279,0.40806185019687846,0.5844450764216321,0.6083491702720482,0.21409060603224037,0.685656702367875,0.8808785073849181,0.8708151238491574,1
1.2229383786829275,0.7988349003218933,0.8935927230047787,0.38764574631366067,0.5853229862667829,0.657650188571854,0.5878544824270977,1.092422951138422,0.5507353973709752,-0.004680215795674542,1
0.5689812212459323,0.042274426926041844,0.8756218105482817,0.7481490171458406,0.5772915273858192,0.7947095365968228,0.37794205860521196,0.15660822949240902,0.5790559865464255,0.49767974583290153,0
0.553687495729386,0.7971511504836157,0.5550113342548489,0.362461031181418,0.4227913375152496,0.8054676889076305,0.16993152123081012,0.794956734291744,0.33814039858498635,0.37624633117369377,2
0.7552390734688261,0.8168063654543244,0.785984794313776,0.6462044826215071,0.5467873219280002,0.7397841530180557,0.07244506922755772,0.8465247278959217,0.5982839320621769,0.4648720134709877,0
0.2341796240874602,0.34763261295748094,0.14575159224581075,-0.40036817336231945,0.7416712617557026,0.6533195801833354,0.5247108314028387,1.2374035099579377,0.10382563111407983,-0.0021816194797044386,3
0.501077333494413,0.49043187401269156,1.0937928849525298,0.7550884321748882,0.2997769370362316,-0.03539436985942304,0.4168713992781924,0.3751335350328585,0.3579326761386901,0.27889201668992425,3
0.6031839743331929,0.6756591886024171,0.8101672295117848,0.695786573355636,0.6824489171974204,0.25590477669231393,0.5684720430675364,0.3668030160992601,0.42289131237652955,0.10023387469650537,1
0.8140542778333356,0.01632836861547371,0.6580174333541305,0.41502491836179767,0.5322636225209794,0.6296512349504617,0.013397335424827204,0.6176868186511665,0.46283968210423565,0.8388366469312879,0
0.5432330321557899,0.27875312213421516,0.08402637840413006,0.9781260810283782,0.4232954503135154,0.776080291236246,0.9883538915852698,0.6697374195162665,0.5147875737311735,0.015208025909091942,1
0.47133682556768147,0.5328226428185453,0.2247863543856688,0.6260056125617366,0.7992938319802286,0.9158747295053418,0.032610636794006255,0.6806330796187867,1.0019458968773858,0.14652726341534447,0
0.8473805196979022,1.442621874449669,1.2670913247301194,0.44668608898387724,0.17129320091745848,0.5015297965182752,1.3039507435623525,1.3286137941617269,1.1160792411112557,1.3180174012612411,2
0.38077186564111365,-0.01356284891304499,0.7191165635622566,0.30415115372938706,0.8810369426445032,0.10326261295892548,0.623000781088374,0.9049001176262799,0.7388876323647008,0.04564337658119283,0
0.921766761069737,0.6492442626142465,0.5025330337982554,0.06893378238591612,0.47714599576308636,0.7679053969141515,0.7011115919243606,0.5970058968786415,0.21543112182399055,0.07943444114995017,1
0.8600825593100416,0.3787448220761081,0.8063081735596944,0.5736636590462555,0.7199769976771205,0.26462582613677516,0.7208084438065843,0.9838634327448843,0.984428465166272,0.5136941378334194,0
0.003178105284753834,0.10550667274138471,0.6298058474665484,0.26485334695685603,0.03267009276988949,0.22057944860225884,0.5741778619175529,0.2322670460990704,0.6821892346505396,0.7734690441679967,0
0.5073799255284299,0.594619472006935,0.8672291560582519,0.6863769311068538,0.49396885290249387,0.5274753328790245,0.6678736873203592,0.6996081241634767,0.2343712782358181,0.43826692367858705,3
0.16564434839781889,0.6712085288958696,0.4065997770577858,0.650282329034952,0.160192506732098,0.8798681424938554,0.3935599319278083,0.8175623149532236,0.19955974681053368,0.6781398883552819,1
0.9552314600578136,0.3351705894150032,0.5681202376432118,0.15981896248622196,-0.06001383101981492,0.3416817716955344,1.1932031285984006,0.26097658225743325,0.5872267864766765,0.9829322956915642,2
0.44492081593453175,0.5112389384922704,0.6897163843907862,0.3039536706526548,-0.06716303349638825,0.38730000880216736,1.4270498907162472,0.7238227337180294,0.7464081928760777,1.2042273190382802,2
0.35175462232162386,0.9392777527096192,0.6742413501267217,0.3832141885503523,0.27690992208774434,0.9510508088263723,0.40285577914527815,0.4749684819583323,-0.0699026221162192,0.6958622093844253,1
0.9503475749718989,0.41233987299967767,0.890581193938914,0.1297878552681846,1.0003292000201702,0.3206239008869036,0.7750803643145019,1.0042464390287216,0.638114868678614,0.6031169466960813,0
0.9246840441354672,0.2781047758866962,0.9614051949934568,0.33687822492418773,0.5362909062424728,0.5461119239691323,0.30205328453318375,0.7712099159192041,0.9553784144811517,0.8548655519933023,1
0.4225906348549052,0.26107965614093265,1.1030632938513203,0.31252325374865986,0.41659217019221867,0.25139719640713726,1.1659993386562926,0.8313148210251635,0.5782247344347615,0.3477083563376052,0
0.1547010637482077,0.4589644036593422,0.8278525546153894,-0.1449147185714056,0.549863312880405,0.14065273806662876,0.5973927614690626,1.065975737169314,0.5152622415614703,0.13249006526837462,0
0.9481195173920455,0.5237152457379372,0.7161506340690927,-0.12711900290742661,0.03443830186959841,0.5056633881053809,0.9531722924634273,0.4377567015892238,0.7992180502862845,0.6052369938417466,2
0.129284934730177,0.7989860938648439,0.9754653737421628,0.6538637711736983,0.9052442186994412,0.99705813061779,0.9944735581295503,0.5478699349213909,0.6372015356286529,0.7452929845205609,2
0.06409980098808293,0.09201832815998619,0.29763155316095274,0.7572083391148537,0.7779748731113588,0.18476056362607007,0.4252500264207782,0.7608517108881573,0.7266275810288827,0.22142403631968371,3
0.08224366610472952,0.20481162541904285,0.21809912851424443,0.7459521176087718,0.859005045404703,0.22410802240887476,0.4505916565996451,0.8124567845390855,0.7050023904586675,0.26681803364502177,3
0.15976060324496533,0.6710017842401794,0.2589092710501728,0.35634271722320654,-0.26935888130664815,0.499195305133599,0.6464231664533576,0.39121870174564843,0.7075370354936468,-0.051273948163505695,1
0.8730519244876067,0.4482085326571234,0.7771038176673967,0.5585478653733964,0.6521180658814674,0.22106937166806795,0.7142202719183894,1.0514956430962652,0.9163622275223378,0.5859309190655384,0
0.8757336773382378,0.9478147668951692,0.8557281473912268,1.2097933581788256,0.3999268455836895,0.6122360977805128,0.569782689506956,0.06199748222678325,0.25035284124442636,0.30928721518728736,1
0.45280433246274426,0.6368841993382998,0.8496975486937349,0.9355200719415864,0.2092709094658485,0.1671773194273557,0.2738936562488159,0.6254168054613494,0.12245618076864377,0.20507431211289362,3
0.18856953718855277,0.8510953395189028,0.6999938923890496,0.7782967113380704,0.37791170466551216,1.0951621654243242,0.3086006615889416,1.00848094771756,0.0014520786784949606,0.12511461978741037,3
0.4662599555005667,-0.02930361499683065,0.9302384479842796,0.9211750457237591,0.3568813585406605,0.8926298886138677,0.22797101160148356,0.10746753288518637,0.5046699817796917,0.5489557163755022,0
0.10140696154414772,0.8445150847002617,0.8197965223254848,0.8184372811091577,0.5404559104772112,0.7703930450975968,0.16396922302354416,0.8299182672922173,0.5895346542100233,0.6174605943686682,3
0.9169569910462121,-0.047636537135749155,0.8627196817339062,0.5547111181272122,0.3439949852152162,0.3611286121140388,0.1112049583578704,0.8170575245546562,0.6105707535677635,0.5610805452975759,0
0.9232597599793778,0.2852726950460981,0.5588711605957082,0.6088903360120116,0.23827874017097303,0.12514553352242763,0.27059233407833794,1.0013816940774054,0.6211009893205902,0.588827025375407,2
0.4071112553241022,0.1959904074132824,0.30514803943129665,0.733714975538661,0.2615580056756337,0.3012040974485397,0.9705348199743713,0.035727479994680025,0.805853767397959,0.2042291794638027,3
-0.02819114771043959,0.7654152002449245,1.0315341267523737,0.28118056030738237,0.10860692302093318,0.41801523912613464,0.7528954374533026,1.051223520986632,0.6640714625650089,0.19119706726769264,3
0.5156760487890688,0.34170694721039496,0.597848665507153,0.5842680670583477,0.021743876571650472,0.8956389774363778,0.9545964709257869,0.05723344199211289,0.667078307284299,0.7067854438586332,2
0.2871264134010078,1.043605455108486,1.579347399962724,1.1634374951350468,0.5412656218500898,0.9486034314120225,0.04698738093720245,1.404084043869422,-0.47453765487315835,-0.0687755621541149,0
0.3001779808177371,0.4786255797138976,0.34916942437702286,0.18645883148104256,0.7648483979807092,0.6609400588341838,0.8305880678068387,0.20257065895645449,0.7875292195723038,0.8106570662821149,0
0.780566510524471,0.7974161889222281,-0.0749393092207381,0.10383940829723085,0.6891619542738958,0.3748193488236534,1.1820048826818943,0.6215821481924838,-0.14279996340607903,-0.522496280835859,1
0.9365880693481163,0.4304769997548541,0.7827255351276141,0.497817626461145,0.6801293112780695,0.2827606720184337,0.7365817263756193,0.9655624150542151,0.9605197247336233,0.5133109861450345,0
0.5380395088946021,0.11715300661910726,0.8678061954749023,0.8837451543908428,0.4085782648806139,0.6955763541386052,0.2707740755937885,0.08456422739132682,0.5532268215037804,0.6036010450603427,0
0.1648588644125773,0.6132700844573831,0.04507604407254537,0.24040228527173124,0.08505700810812926,0.5116490878060483,0.7093087340604232,0.15610423245643626,0.9801655287473988,0.04690954191018799,1
0.24186208465340028,0.8375593285384713,0.39966034971970504,0.8144762011276573,0.8781268556359604,0.33847692780782107,0.8290423537378018,0.9512832071300608,0.24026521756897562,0.4363220342662227,2
0.4767227929134369,-0.16957032401951994,0.4898223121724079,0.39633963484879803,-0.0940489041341449,0.2886009573498506,0.26703865852996533,1.3231102413930593,0.16324995770184406,0.4375899593959418,3
-0.33169306964294343,0.9116986862499405,-0.05327321591762314,0.13977794452634823,0.6172123004069291,0.8305490685930426,0.6979569247113666,0.15740507864244624,0.5088134807246647,-0.39125824242720797,1
0.9229526039216037,0.19386501015211138,0.8662715089017583,0.39307553352848196,0.4557385418255985,0.5788658535727997,0.19263589537234843,0.7311906497339358,0.8990832520946169,0.8887666017014539,1
0.855040434721156,0.14785153788249092,0.6857575390673563,0.11704294288726351,0.5328756203512548,0.3664802350993895,0.25171879333428615,0.9313646549508473,0.9104428155950736,0.7764497521636806,2
0.9618331086119543,0.3338353508377904,0.40456682825813806,0.9743075432561428,0.6578018051425307,0.5274695169364217,1.0078531488329576,0.611671568909465,0.9176461229304282,0.44259248338370205,0
0.44492453254009406,0.06542179987755636,0.9680546003565094,0.9000605558697219,0.4000486053790872,0.714181845303415,0.19110131893192542,0.048528543071930295,0.5995325358177325,0.5650556358655097,0
0.05572051543189626,0.020592705920583432,0.6644993280962826,0.17041253103914547,0.02434279346775968,0.299637596184462,0.5219099767490258,0.14758894428589686,0.714154351275473,0.7529755313976175,0
0.0033767445690631765,0.08592316378486767,0.5825434441171801,0.2318337697463239,0.037687741821507144,0.26613223896047855,0.5545992317256714,0.262071357502433,0.6367304636573896,0.7575561724365484,0
-0.008363599170958707,0.10992269168854736,0.6593093608677788,0.28257066128875113,0.05286070066203678,0.21947833275373552,0.5808920293542934,0.21767089212243143,0.7012914224430331,0.797750146632684,0
0.4897273204375292,0.5096949382852838,0.845468623054431,0.888240512558698,0.3829359279497607,0.29625961753096874,0.12258808875389038,0.5815483480208431,-0.05036589200941341,0.15761868717285615,3
0.3223989776972278,1.1441693420040118,1.193811342634581,0.13647077955880696,0.3676183997862838,0.19607648303325115,0.5931057325480078,1.0520134497029703,0.5943343346065753,-0.031728048961016,3
0.6316789193089021,0.6631426678869978,0.8142360184798627,1.2497002080642579,0.31584474648294647,0.48022396711875004,0.9997102497702827,0.845690569806741,1.1328403312230169,0.05120373299915215,0
0.03139948044611093,0.08272434769128775,0.6250306804341406,0.3053191432610101,-0.009966856027855436,0.2656616986606427,0.5500052055904335,0.2040480644447827,0.6367501593262764,0.7897217915630526,0
0.11046976319843284,0.06647818735063139,0.19481110130442564,0.7316778734418694,0.8379252248629888,0.1084478377866584,0.4446453031429279,0.7202069722466291,0.7842519789121348,0.08668104529973938,3
0.672496271355477,0.47294891135294914,-0.06457618806450537,0.8225979096764668,0.39973493176639313,1.0608839194669912,1.119846471399646,0.42366381182605223,0.6680857527011919,0.8581884746933145,1
0.1326821997550291,0.17188458245419821,0.2944421621254052,0.7329071050124277,0.8825365645673144,0.26653324354129204,0.4245513621478624,0.8396731335913037,0.6523644201993223,0.3028645307865744,3
0.8025077328444665,0.38448689936626,0.2773460224907106,0.48831174957291046,0.6952048538441359,0.05232488734282345,0.3528303304964311,0.293564062558755,0.49650968305010695,-0.23842438117143572,3
1.0035531645802498,0.6232447991410803,0.579913503109755,0.08271768937800836,0.4217390331006373,0.8631339479066963,0.7632100007546525,0.6190975908044813,0.16238538225479893,0.08589697668865526,1
0.5538087404730275,0.276134867288985,0.08892129878764514,0.9752054591297407,0.4370069736017834,0.7689881092165423,0.994735473183925,0.676122750408949,0.5049969624502334,0.01243532852254818,1
0.06804472147363061,0.6527737281900419,0.6286977773124046,0.6491716917063628,0.5456260156340415,0.4555775747787235,1.079332355596468,-0.14317593279779858,0.4182929609126149,0.631295871359041,0
-0.15166176868334785,0.8746291351325687,0.04505021084154964,-0.02893163918892991,0.28059620337512337,0.7045722431874731,0.46875496366148073,0.7323879133450584,0.6553324308716431,0.5262132933870827,1
0.19869774077295,0.7204611881177775,0.5194314755812005,0.5621467589266892,0.1691658150075711,0.8936666711513848,0.4698848639130817,0.7326517476048953,0.08100044191065649,0.762586821228563,1
0.6604675085238774,0.9272928990173306,0.8299885105356763,1.1199073850784147,0.6556394106092354,0.6368472505242865,0.6223908864219782,0.4098773068674312,0.3653405790047735,0.22384964110591143,1
0.1557750743720635,0.5283747828619159,0.939927861414812,0.550247748503962,0.07867331092219364,0.85843861637508,0.13951515852953017,0.11793323061178843,0.37050979138092227,0.2882689993626717,3
0.6331393290511569,0.7827126222051877,0.12392215146804914,0.6967597432175042,0.5064142112892906,0.39515071237735044,0.5500471444792872,0.06818819614472334,0.5072589779932529,-0.0003252462815904276,0
0.43410790219291245,1.089313402887017,0.5586676990002757,0.2201769659702968,0.1254335505463732,0.7191772227052589,0.6777636613061575,0.466106273991302,0.7652882973711297,0.5465639809136679,1
0.8385089193763636,0.87268862325844,0.4582285034788711,-0.02260714684238746,0.3046324011989119,0.865733854583168,0.7804236116092089,0.6969662820458272,0.4171854066558364,-0.10228434240056372,1
0.8645361335364148,0.2641581746999965,-0.26123028261155995,0.5366408083387562,0.41558092469088226,1.2646997252481813,0.8252781530711374,0.31450266183510406,0.7098899896513626,0.32355491034557127,1
0.06035624987956885,0.21539540575388172,0.327348247777749,0.3395352902592403,0.8745226772186273,0.6069151109869073,0.15783169123222976,0.7687152683573611,0.8456905988509822,0.6354654257460004,2
0.10638122082269119,0.8493468733327785,0.8222440838968499,0.8095154093858683,0.520546356250988,0.7681106441019399,0.15927390685018536,0.8294319093932565,0.5889980033519134,0.6089624770639229,3
0.7321443465744747,0.6549449265020637,1.0790793786791617,0.6622422832413039,0.6912014404840415,0.7418461599056998,0.31896427630491964,0.8401867845953848,0.5807256316870973,0.6921970765756384,0
0.1512625964522626,0.7399861672061052,0.5306511624694521,0.5924765257226484,0.16840591630858237,0.8407783603322964,0.5498052909718909,0.6490939315338482,0.06350719768517483,0.7424161145033199,1
0.5309231971919031,0.8040838378610434,0.5311957976952402,0.35974515461324624,0.4406897860665278,0.788296130908182,0.16140414209253778,0.8134885376979075,0.34675578475264757,0.3884103736924069,2
0.8909436840941094,0.5236337074634794,0.8613997080603994,0.2620082728710353,0.7939396906837783,0.5129873686332267,0.6669602164637138,0.9301131263468507,0.659044127389204,0.7753250054618259,0
0.926725607509015,0.6846957141212318,0.5021903700152172,0.10048890048930788,0.441207727046922,0.7801566431718107,0.6860039099231819,0.5871681809375223,0.261580897197035,0.08633517999855841,1
0.5028131460573759,0.0290638965257388,0.9543548383770937,0.8441644419223631,0.48033679505948956,0.7837029506443443,0.26270663038171127,0.08840355887725117,0.6075281951398342,0.602623800067581,0
1.0057414506700855,0.032517200958450176,0.6630456340873532,0.6567443657827852,0.5704553157455717,0.8764491251962614,1.3846626077142554,0.1862629157124368,0.5635594726607873,1.0084128189589048,2
0.46727633585159767,0.9575440756873308,-0.06531469019356712,0.0553628276046919,1.2478503538209196,0.7298661637786967,0.8662065158143685,-0.22141022131528643,0.0449543885607821,0.9538362473548347,2
0.15183838432026545,1.05726411275459,0.7587244456202793,0.4427983761344646,-0.04615170847192135,0.24357358380423524,0.7403841115919199,0.535057729179131,0.8704039836785429,0.10154777339290454,3
0.1178688673208525,0.19187313876572598,0.2785561982829965,0.7236037032663739,0.867792942707347,0.2481803118498085,0.43937355106173637,0.8262511821423272,0.6497681550314172,0.29049465438611216,3
0.1136782133759328,0.8619978175317486,0.8266353968875334,0.8172375148230823,0.5398522791890743,0.7725125944608695,0.15000901985843337,0.8348526452134629,0.5760085053250225,0.6111355659437571,3
0.9442385154291814,0.40526663612029906,0.8301231625221294,0.17740421468686132,0.992303557014767,0.3845561018957111,0.7470827710263298,0.8938148331459873,0.7173535729342285,0.5734449596710017,0
0.431415783746397,0.03763313189324301,0.3167814326184155,0.3599472266967873,0.2468370932774823,0.6009584443398396,0.48963670429615225,0.8910755892561617,0.35709695975433325,0.12900433688282406,3
0.06443812263945564,0.2918663916347895,0.38911723571007395,0.26177454889650936,0.9794800992217636,0.578164998749716,0.25635214708839993,0.9001415502755166,0.8258177007845755,0.5642185872630736,2
1.1637772847597083,0.319004365896247,0.8813940561113585,-0.0003815478664110361,-0.4349024242809748,1.1486380378655294,1.0737669602287998,0.19980538070191176,0.5131904691586381,0.44547668986577516,2
1.1165933530845114,0.5600372559153688,0.6796019607795459,0.1820849694941831,0.851957380928273,0.8654238518555394,0.5456960091448555,1.0814712842553835,0.4248706509885227,0.16904739039392155,1
0.37071483430917496,-0.2415305583596437,0.34696778325767025,0.7043404604209301,0.8337008924088118,0.8920900914612895,0.3177410905301379,0.4513711663878185,-0.02032021959843222,0.9104785540580056,0
0.8735491191570783,0.468570976062407,0.9664530677631912,-0.0017582774952779323,0.9888009450392476,0.4194660415135234,0.9909144001722119,1.040071128795383,0.768123157452698,0.6857140344040108,0
0.4439298392619009,-0.00468678044700044,0.27621333413645593,0.33075309615506565,0.26380739401481906,0.6017638125400087,0.4556473251701408,0.9501400331511923,0.40205512021151496,0.10605695118290019,3
0.7258544005390997,0.4568973076803755,0.8365892292373592,0.055690280950551584,0.7969788230605226,-0.1300880088041956,0.7296493311320628,1.2424543918396034,0.7461439706075734,0.6801150497633416,1
0.7920262863213506,0.8186894165701607,0.8292108783225645,0.7073396827755606,0.617319935982691,0.8016525320347528,0.11019562242573278,0.6588646644768943,0.6086161912266898,0.5006085451871889,0
-0.047826569861941254,0.8219999722486176,0.20931160258103454,1.164646483113992,0.13492953918966738,0.5433331556504721,-0.0065063616908281885,0.4296899682183447,0.3702672492931138,1.1329296324701645,1
0.3276170205652182,0.15545442221932715,0.44340552445951437,0.14076727774882572,0.25806665669760603,0.5424282317135845,0.5843213136489444,0.09791076246737555,0.6333149168173134,0.7107174504186982,0
0.06760916070462417,0.24231329147564118,0.35695957113056054,0.6428806692127981,0.856813971262324,0.20921114436707886,0.5240382411728911,0.7543150371464581,0.6422990518057554,0.3702955423634825,3
0.47932071586462727,0.0047352506472779395,0.2699657699093623,0.33093086719879483,0.2714958530568362,0.5827519231340076,0.4300784684138425,0.9473651313584852,0.3689468957572543,0.08103571824224882,3
0.11100265142195265,0.23625068023058504,0.3916767400209438,0.13596090212805165,1.0744958015786494,0.5436329915860056,0.13871001560235346,0.9658732639207217,0.8076911221503169,0.5253605755102074,2
0.28189246697159787,0.8414356181208456,0.45930571186434854,0.8434368709367585,0.6711637697394071,0.19414558468013704,0.9184770909815985,0.11990558888390493,0.33639482569789,0.8891678136005327,0
1.218633817261125,0.49269100095629137,0.5359141431615486,0.7352812099097672,-0.08848184398982467,-0.0931531506926237,0.6347436866441312,1.063843683999544,0.8560991712890724,0.8106724176052519,0
0.14215140475688298,0.7989705462406291,0.17335371671563848,0.3986927606455256,0.4849137960236043,0.822645551020474,0.5543700215452868,-0.0817260818693324,0.9728149087405649,0.042415463406442366,0
0.0037794130355792805,0.10621877682739876,0.5690836846849805,0.2733664658596893,-0.025050273120558283,0.22657247148325768,0.6157973105030993,0.21289454497899035,0.664027723534961,0.8204339488428949,0
0.48352234646151915,0.6417517558742427,1.0309972559111205,0.857252940670362,0.35208490627863603,0.3370103749652677,0.3673847388011351,0.7903939447953239,0.10500956146850804,0.05148931533874465,3
0.04084929469068806,0.5898958752891185,0.3648933359729635,0.1144532251524282,1.01741173600889,0.4343743252332624,0.9158606985999664,0.38515818353170905,0.1805919051726702,0.6469465081217918,2
0.5348787997204282,0.24991851119878444,0.10412325274696767,0.9587683683030134,0.41888773814344676,0.8046495521380861,0.9789286279772071,0.6572603423785396,0.5418824057515972,0.04692170125009455,1
0.9675415868871711,0.6270245064607537,0.8204229111055985,0.34540405604730223,0.6079427969555758,0.5424336474194212,0.42217435046656104,0.45803306769634705,0.38971646921106906,0.6286192011840526,2
0.04951796043882232,0.6430051713763031,0.07268101046591627,0.39043849118373913,0.9507293609051467,0.3499433417671649,0.9910156495061311,0.14605379319837622,0.07799386878167683,0.6989550003093871,2
0.4680191677377202,0.5330168983053238,0.22440769993731646,0.6278642967824761,0.7927951029482279,0.9065267699880412,0.00022996005606991388,0.6778382726209523,0.9729943104773385,0.13575380507911367,0
0.03065376903894365,0.11557916023213179,0.5987283824107579,0.2434174764984697,0.043977968950877105,0.23262439426929638,0.5569869129840982,0.22042558714076615,0.7123401145656482,0.7711588321607067,0
0.41517851236117376,0.821173911907656,0.8739900357440981,0.9445135731553407,0.5391630463330126,0.5971099603484848,0.3959448542884736,0.34818609628163744,0.2654135267004043,-0.05183834597159773,1
0.9091027117795885,0.24764528274271208,0.945837457017389,0.45174719542185726,0.5244810436668833,0.6724512510222953,0.21928767103044383,0.6673727029007938,0.8605143644855853,0.8295275907709163,1
0.7809455446122252,0.44092743639594995,0.3337884518351111,-0.02255763513974919,0.6299051669800222,0.19905787038144393,0.7148228632026191,0.9283114757129673,0.992759043364515,0.8703411730933219,1
0.14816601055800382,0.19638552906412954,0.2938618746828036,0.7223720978292641,0.8705573506250868,0.24632991201388582,0.4564297253470777,0.8029337569626619,0.6267428144562864,0.2905294599845226,3
0.5337952028547508,0.8040826562086482,0.5340298510229375,0.36062933753820475,0.4388835712857929,0.7883407242853663,0.16268808245490626,0.815542781217038,0.34980783103106833,0.3890190867255252,2
1.5622807329819735,-0.13396360633370297,0.7162729841556175,1.5562178497368657,0.4527135647239199,1.171862042320199,0.13643950883236577,1.09060670301955,0.6744263754089372,1.1795892061165043,1
-0.017130043532786382,0.2710921762333502,0.4066276384856128,-0.003244521353400809,0.5957683509755441,1.1971326535886009,0.5833443917353643,-0.3330231687563815,0.7167773285334774,0.2943194227584568,2
1.1399207577592616,0.8820019347063113,0.987636578007445,0.19344917841580295,0.369431549552313,0.8851742631180282,0.7614401895051466,1.024863665623543,0.04130723784560819,0.5330845216723903,1
0.432242585931202,0.6123298812923064,-0.23387970869380503,-0.3002760905031469,0.9087857910109984,1.2689238965088614,0.39620226250520485,0.6802767415271762,-0.11335179602221279,0.6568085922256384,2
1.0430849393953645,0.38304389167070274,0.2649918849828751,0.2822962947096064,0.509253179195323,0.6096163043100409,0.6334517899270035,1.696613445299517,-0.12614660957082463,-0.5554030123044936,1
0.5766423494015447,0.3171307604478856,0.11757965264172182,0.9918309388186507,0.45786526803197825,0.7808785393686158,1.0271369975532303,0.6412462818104863,0.5507707560422129,0.016826338743351557,1
0.8680598360337536,0.3865201027079191,0.8041662908336523,0.5674544344332846,0.7161625760943702,0.27481943506173706,0.730728315177362,0.9786981684494642,0.991111347188244,0.5202647041219269,0
0.4370874833046395,0.6143615204482481,0.8541486779528334,0.8930174392083128,0.47033862961889594,0.6788802761313406,0.2714808546691903,0.41423670250092703,0.3756594439766938,0.12614640672195226,1
0.10527523053901786,0.2368429971563907,0.22745902941865134,0.7408163978170227,0.845369391076747,0.2513636604831358,0.5072534284943244,0.7897306102150452,0.6226462993586768,0.2365632299115511,3
0.812364777037822,0.14776177301825064,0.6442109652730986,0.08661022534938126,0.5550951380326775,0.42100404454324664,0.20691042739733656,0.9044832132680004,0.9256363395144545,0.8160387915070683,2
0.719112334638566,0.2852893247399731,0.6684292117719416,-0.03600604141410768,0.8397011725139576,0.44817828791969727,0.8567578397446963,0.7080670638006726,0.6708672730511042,0.35125722484328287,0
0.3926670635635534,0.5038038753290836,1.1761134726863527,0.6536504809364891,0.30166023351729254,0.9514330480721735,0.37175132408920625,0.5687217362744158,-0.11863963821464113,0.745905439504609,3
0.8720457952330308,0.18215632637099194,0.6270961780027833,0.044122116909186194,0.5295867006933774,0.40748054829631125,0.2081642619823226,0.9484189574258886,0.9609428225415438,0.869264401162364,2
0.3476741407571348,0.19683122163342176,0.6735508138732186,0.8454936835678472,0.841392875726278,0.8712400991735956,0.5854040517194165,0.1688459575052026,0.567359042783822,0.7402317759088082,3
0.5326003941660995,0.8035437164278912,0.5147046032699301,0.3664203293393283,0.45677888253951604,0.7848790483830805,0.180228733754572,0.8162300465704838,0.33845070200267624,0.37957009151635507,2
0.4134098630746492,0.2027488192617528,0.2954457837184904,0.7314377345228334,0.26113714436206736,0.3040491969374519,0.969630183306634,0.03812189859324162,0.808364212280403,0.19895308438118722,3
0.8069947217268818,0.7986789540495118,0.7786003558386283,0.5393700919596823,0.7673393879197752,0.922429417978707,0.25488301424666304,0.8581468636773532,0.590848140512905,0.5357105341831736,0
0.4999471153872655,0.5042793935068948,0.30173608255704465,0.7032303013768965,0.8550566246735308,0.844724027478416,-0.055059551503881976,0.6754811787306277,0.9130602869944098,0.18104898443847373,0
0.3345647910691341,0.8830086384734568,0.35072975553932917,0.7943204713016132,0.8275221912645558,0.2468006334664773,0.8560962476983057,0.9796912078575051,0.27477126171378874,0.35024085912598224,2
0.8436550318961088,0.14780376481216198,0.6420156421374329,0.08628197037004856,0.5315964077196844,0.3877721484742061,0.20812887956170323,0.933070909995842,0.9340443612285627,0.8183682502702843,2
0.10799203320687473,0.24029432491221184,0.2785951928703963,0.7605703678640244,0.8252349719436736,0.21073657940749363,0.46138946086292965,0.8226102897826766,0.610980887942556,0.3023100599268413,3
0.9672755402048694,0.5760850339979622,0.5145632415713969,0.5258798434927212,0.600595909884523,0.0669261019511474,0.463283076265517,1.3968371093955387,0.6565603870000949,0.4911583744035234,0
0.10730493790659508,0.8525125995636426,0.8308474378380861,0.8055009350693136,0.5270859721336191,0.7903218498022526,0.16851400855421736,0.8328091966992317,0.5881598750093048,0.607093113514923,3
0.044043516330793925,0.3210323772925699,0.3295232781151832,0.26097235139106184,0.9406818195621283,0.5311666141098678,0.2536834930897759,0.9065664606138423,0.8141539635470878,0.587804241143884,2
0.8908404829733311,0.21347253373707545,0.726948123626068,0.3222100974335622,0.7563806855839532,0.8108530598305111,0.060098803138118856,0.5532516782028334,0.9528502043413037,0.6242188434909601,1
0.8810285998814489,0.6494508482305292,0.4372988767746417,0.041516114410883494,0.4854029523182482,0.7515179856313109,0.6293093429278237,0.6340863369834682,0.37044515432340575,-0.0032832405148858768,1
0.14248041229609432,0.2900838117916408,0.25260332584496936,-0.13235146886848498,0.7955578779832391,0.9325821760111206,0.5486840467161774,-0.2732084286068265,0.8459060551316218,0.7286676636310947,2
0.9045047277224695,0.1602718463581479,0.15628968489850212,0.7675811310822016,0.36632584236830873,1.0650832444589682,1.0661180337336924,0.5925604300293746,0.5246717215528328,0.49661892143252295,1
0.8650645507070316,0.3823665085516898,0.8086976531795169,0.5688416320844853,0.7215741020467745,0.2718580230632927,0.7248113476760947,0.9808861692889901,0.9902352359157816,0.5265737881513534,0
0.34019734750607966,0.06066190988966388,0.6405815783663028,0.2187000346217885,0.9446624892085699,-0.022381777303598287,0.605094231804712,0.861527528408061,0.8095640439262638,0.1141010793241655,0
1.0258989151432316,0.2776761211775627,0.7995281676721597,0.2789052379934696,0.35681749294106324,0.4836376157785335,0.2386059844530455,0.6240517410973849,0.8512678147212905,0.9435177734231706,1
0.2681718589266992,0.10451338861492906,0.6693054556469012,0.8683972642543004,0.7150565724480547,0.8507646057450471,0.601049750864018,0.1713140749380031,0.5346403716859087,0.7792154877046099,3
-0.38474844596311675,0.8305038941338616,0.16902886102759965,0.3201764719713637,1.0924143406176727,0.06131602335519026,0.753888211395784,0.34960288352887314,0.0777079768866113,0.9846620932122041,2
0.7728785157003069,-0.10289769959634584,0.6689480732527078,0.4437802714929319,0.547265900613173,0.5199492306121207,0.06432746843199989,0.5904271665331075,0.3839569989658611,0.5515342934276196,0
0.5476294413502949,0.2725814074975378,0.08500287269629168,0.9802341785494155,0.4279544548704463,0.7796982592275552,0.9891898249786577,0.6678421955890479,0.5137992208621497,0.016558629652813725,1
0.5212028811030509,0.7993201134089813,0.5482861009242954,0.3417841439333723,0.4181216555561835,0.7988024128846409,0.14956987079554543,0.8127176432561196,0.3554754249985718,0.3803932200488199,2
0.5857953084601435,0.2552278486203139,0.06132002036229085,1.0312334421213045,0.4105233847491398,0.7673207494225325,1.0102889965159845,0.6836656537216573,0.4721500927162518,0.03650188356575576,1
0.5216045573416287,0.06427066731210615,0.26697560490184785,0.3550535996116128,0.32051145999658365,0.5438765194116985,0.4561449950819682,0.8937372347291015,0.422368190519076,0.02258053419175718,3
0.3300925260523883,1.001894670297402,0.3239014848819731,0.5351834137997059,0.14660088493659248,0.2008916509072791,0.11751055452474711,0.34216438995849535,0.9363075173252685,0.9028403906428928,0
0.09925045816311388,0.8535416165368079,0.8240487256280724,0.8043596411230721,0.5300626655310352,0.7884451448106489,0.14796114334491792,0.8277764883582107,0.5871057352525394,0.6095565631799467,3
0.13077652511142926,0.2604751442026848,0.2572312853782667,0.7761283461837131,0.9312827533051846,0.3255610671042479,0.4420375090125421,0.8161597587343999,0.6204307012031183,0.2509977593399066,3
0.05574398062503895,0.8404930070506516,0.8306645822373783,0.626396482616745,0.39231431842085746,0.9810944439483545,0.23959780851554796,0.9745051336747437,0.004099154324484365,0.28769467939128057,3
0.5293283888666722,0.8038000640126618,0.538610058083284,0.3622928945132827,0.44176597737325923,0.7911503443845036,0.16809958539148784,0.8135919726877637,0.34997097676165756,0.38906855479425584,2
0.4494115594647077,0.6389003953422292,0.8814031708506495,0.9174904583395541,0.16799238383388612,0.16104267830523536,0.25093610113338927,0.5859397800159596,0.15902260475321014,0.21154952442257483,3
-0.1526482199165874,0.3438299567160373,0.959728161452569,0.7145681608345306,0.33477405550668693,0.13125143393140637,1.3401959425559866,-0.29296325452743033,0.8103297409069643,-0.2032710877197056,1
0.8882522457379537,0.552396243638693,0.6724144443424499,0.23582733331744204,0.6189379418878962,0.9115385345366119,0.48876657845006943,0.9818816793735691,0.267455162691878,0.16378891294736647,1
0.7570325027359386,0.4182813990288496,1.297796759939552,0.37914918264581604,0.775875381394325,0.476227494256382,-0.0517850472748167,0.9254335818660013,1.0559149840043978,0.5234869940005823,0
0.45741464283028754,0.39174812844996704,0.679571542110297,0.18549290148511074,0.21740415101865027,0.7333641501413302,0.9296259437363474,1.0517529485241843,0.26546877613979614,0.09722798602970623,0
0.8324983533994889,0.0175337537316278,0.5793291057285652,0.6657390857701874,0.00905832910822671,0.3214207611315877,0.24940458171004307,0.9354652710400242,0.6360785773895857,0.546529039396315,2
0.9671086558792332,0.41699197069241917,0.8506307363177652,0.19407337036412614,0.9974265920267227,0.4264378305500226,0.7769683383596478,0.9180909744105606,0.6982762111745453,0.5607348218309401,0
-0.0022404625273026967,0.09697361821612496,0.6224304387718996,0.26051526425131205,0.025547454843484543,0.21929155931420907,0.5627109056308549,0.24484063171223924,0.6855050140911152,0.7702621972998656,0
0.09717890031149268,0.4689379917300037,0.3273952138573127,0.08486565964358105,0.8630677387321888,0.40332765036153473,0.9778285159096279,0.4092323946491238,0.33888918055321504,0.611910295654293,2
0.2567281776811572,0.1668392238737027,0.6395631182192332,0.6259722608879438,0.16976219199114,1.2869698905209523,0.46620675393989575,0.13509761662855596,-0.45677541147263323,-0.609918115776723,1
0.12231787917101279,0.46587400168095755,0.31820161151678694,0.9603156136042617,0.5912636203148012,0.7760321952057081,0.35710296163967054,0.0769141609029224,0.16848961673579346,0.05486030517837731,1
0.8549745635373157,0.3702972811257148,0.8153992043489829,0.5650788164586501,0.7318879555073902,0.2769330839067641,0.7185773111734479,0.9804721569479153,1.004573029681615,0.5241029800221623,0
0.043059125658646044,0.7968026636070549,0.20285593299877722,0.49546092984397727,0.5198773759313954,0.9508701755929246,0.5386265958580887,-0.05918554193626693,1.0928829809360994,0.06951076707760617,0
0.15692178208915056,0.6365220436149932,0.0838434760770011,0.20380102062781894,0.10269917325057748,0.5019724700732644,0.6756913020164268,0.11436832878190084,1.0154925775675467,0.08586460505258808,1
0.13069501719043197,0.1888820039393911,0.27796154124980216,0.7282776038515926,0.8722768782949368,0.24932544627859352,0.43870431246778885,0.8252338216744649,0.6448047624758048,0.28373735599637306,3
1.0500134465054507,0.564115886275171,0.9200280591152762,0.3895617774087716,0.6862418492538248,0.4542524185314982,0.5303886611387458,0.6058533668760393,0.49136225195120464,0.6850096054379803,2
0.6288820496907297,0.13712336807459746,0.6381150006302306,0.6411818889656191,-0.0650751695380673,0.2986815521666022,0.10063098899590667,1.1072510126211776,0.4122128575116307,0.752175073891852,2
0.7180071549053566,0.7371443768298278,0.2105693914725495,0.8409803577738902,0.38236919170315803,0.48359811754223603,0.6032608860880009,-0.029076763218087262,0.5187060154705314,-0.13575169466173354,0
-0.015621501631278765,0.12549141394127097,0.5975919902355082,0.26029192871145096,0.06477863192323675,0.25560948763852975,0.6036495512168639,0.2140312557182545,0.6888621713516248,0.7426595060744952,0
-0.1505871720361711,1.35274435321688,1.0430242798892237,0.7300446844117527,-0.038208821967918485,0.6924660090838114,0.7061406062375852,1.3491859518446436,1.0957337494503308,0.41383469740236756,3
0.34811225551148256,0.6126623265244346,0.7186618648633598,0.8928324726973491,0.6796205934582374,0.5100732517770682,0.3179588533443206,0.30256020852382876,0.1691430709957402,0.17475668805949368,1
0.122089604759581,0.18455922903119945,0.27794916516897494,0.7335348731073189,0.8752476010333992,0.2577452960710491,0.4444919221386562,0.8256665811163596,0.642859129607048,0.28166115069796066,3
0.5441852635480219,0.27132681688094834,0.07458293964327471,0.995742671473798,0.4195727613906723,0.7743299206938561,0.9705548487014611,0.6790747271526745,0.5058566005082706,-8.313679265169877e-05,1
0.3291344697883386,0.19830814062699004,0.6252987420338781,0.917406865493022,0.805144832581372,0.8641522351032457,0.548149163103372,0.2361466883107524,0.5113499658009341,0.7242115244429459,3
0.1368165584748799,0.19057978611875145,0.2938877486139204,0.7307077020596783,0.8565407007318171,0.2630346897808724,0.43031485727590135,0.844306732478443,0.6359146021884213,0.2872172232153435,3
0.8536704293377547,0.1376272395043989,0.6464918934854548,0.0762442572640466,0.5215462633305936,0.3905398642519535,0.20461505318293624,0.9394497601474232,0.9293574392308321,0.8184626787514288,2
0.7871441357450051,0.543147599169084,0.8314193848099688,0.257950779361273,0.45272401105973226,0.6294306544458219,0.4777223793204561,0.6346438043193634,0.4659452263639901,0.7429309296950845,2
0.8828194332314079,0.7476630331751595,0.8174307550920148,0.13107877197800083,0.4738802116948365,0.6792607845036733,1.1845550024293976,0.6484406219861516,1.0681298672664346,0.6666956912140747,2
0.44372048397996167,0.5990251743481384,0.7992506512465718,0.4142019902164596,0.5233107300632794,0.5123576612726294,0.5016261574145778,0.4641897076988268,0.09332679202497131,0.44785348470779013,3
0.017703962606373906,0.10959053447444159,0.6253249698189925,0.25149095484942713,0.02402104427079344,0.23045965035160315,0.5806057284703927,0.24222668386843094,0.6599103030568293,0.7911540707543432,0
0.13467584900325263,0.18074925027388183,0.2027035680380307,0.7049022806061875,0.8204906829531943,0.3144797781422976,0.3565683663226128,0.7954891347592854,0.6486364177768796,0.28119745675954166,3
0.44139041125221795,0.9966438412341003,0.9746137978768146,0.46424166558290714,0.8131755823847612,0.7393782661094744,0.7279475091645213,0.3269059858506381,0.5790864648076492,0.8731751948119896,2
0.39902706260753,0.1057338959303776,0.694581676599069,0.2508357396735341,0.9888701898034753,0.02362353129875708,0.6295683734370665,0.8931807880726822,0.7825035756222154,0.12030810779568535,0
0.03669074079465962,0.3300959289161373,0.3339550142907695,0.2373656621000575,0.948207220329235,0.550565716147189,0.149030275126052,0.8673948533246616,0.8609353014993726,0.559921558979674,2
0.5500022218877056,0.598782782843356,0.1865505793278716,0.4324218549512538,0.08324513223994962,0.8934165799303214,0.938152589338944,0.21977804141281382,0.19251068547642936,0.1043967968847381,1
0.33852226340025743,0.05418005528901039,0.5752148503604695,0.18688134238129242,0.9981978420777986,0.0975597080465434,0.6501564591424674,0.7929505647417391,0.8715979751855796,0.21366611042600206,0
0.8765905610529855,0.14070350516668428,0.6383131987563856,0.12524481070680027,0.5552130064634302,0.34859716897435833,0.19032375926785286,0.9342589048453791,0.9288619991941609,0.7952149479214798,2
-0.003566261924615833,0.8787851384338726,0.8966508838915941,0.31302060434180523,0.09049124478974382,0.3285725502620571,0.8022109940773396,0.9442966314732606,0.7343242782771389,0.13557114682021887,3
0.4978853046864458,0.4504684529951543,0.9064828862050417,1.0907350573054602,0.3512104748970757,0.28312829489377506,0.467026996166281,0.5014315564734391,0.09574994547646422,0.20929296145616683,3
0.24687110943198248,0.3022753616411985,0.6520755427366143,0.7137995184302262,0.3909582108276065,0.8958720260884041,0.32119765490193586,0.8058721376172271,0.26731109068757347,0.2062720999855174,3
0.3624367276720929,0.060522829364233977,0.6863583178407839,0.8151330035019267,0.7961746285613233,0.9413893229966794,0.60384916379486,0.2836643372456184,0.423575290172122,0.6390646160596232,3
0.7707669701085011,1.0573679024427207,1.0386874608415024,1.353646387552688,0.13754162296622097,0.8209390512437784,0.9891776289500128,0.522569575589736,0.6612104249879586,-0.26996669582928606,1
0.4570216499143576,0.6971435164712341,0.8347280461254742,0.5101429256552954,0.5527862081546665,0.5269709019851537,0.6786431944327469,0.6544276897658408,0.19826559657846818,0.35131216771429663,3
0.12911787579710537,0.42515370636000777,0.3173312129340529,0.9432097078266612,0.6341516010162143,0.7870800277646842,0.35619782148275375,0.040871843929980035,0.1387874844784443,0.06865918820569958,1
0.04470382302249452,0.0865024115830052,0.6423714630367389,0.23067409350897794,0.013843997797088642,0.25604460483122254,0.5333652976636165,0.20703377118013805,0.702281380767469,0.7985777501704812,0
0.16040114307721934,0.9682219205500664,0.12952149149369988,0.4972237757797923,-0.15173324350094797,-0.06163253495720611,0.5788300465674168,0.20856380900089266,0.22570649525972525,1.2678225047676184,1
0.006116732369938049,0.5212966918942074,0.816188315527885,0.4511494950478203,0.33117768284265237,0.1477425403906074,0.2403038618650527,0.6981113237785955,0.3317889844514259,-0.06059915863389842,3
0.4051091645069324,0.9091499975446221,0.7907750748123163,1.0559485501939396,0.6760342957329253,0.2240774021264844,0.5988422687724697,0.2204728980595223,0.21752798645744317,0.13065094778332498,1
0.16252517850235976,0.5865020263158358,0.026532101583487386,0.2801598369742978,0.0639409236457138,0.5115263769067426,0.7228140384306903,0.18306430964086273,0.9891149192485665,0.06332676959540148,1
0.4783575548697735,-0.03133163406883223,0.9907579365652693,0.9485971217572231,0.4648397817919916,0.786516079290302,0.14747770660909354,0.08176785103967611,0.6857507710532502,0.5748181827644597,0
0.09610575861113947,0.8442044461612387,0.8265561718792943,0.8040056957516384,0.5412996019636541,0.7813400840764547,0.16800368055865816,0.8418994782064642,0.5618430606568942,0.619279204870729,3
0.3101753558189058,0.15635511011630174,0.6055030340104809,0.9311888125745897,0.869145879141631,0.8065652665182562,0.5471388087925817,0.29392896965627413,0.6002952286019207,0.8434908734453422,3
0.9216609101330753,1.520187161649985,1.1472512051176642,0.6807426244248773,0.88874246578988,-0.24881463208502763,0.5834604615368705,0.45344272049437073,-0.6936520377489488,-0.41904295813097947,1
0.8926286625269684,0.550873846277391,1.0684439436923012,0.02925092542146654,0.7711409216856955,0.1566208192380966,0.9603512644014233,0.6892983741271221,0.713740392344623,0.5461846046417164,0
0.1585761682971123,0.5995902346412031,0.04035381313728938,0.2501423505090353,0.08689079677217912,0.5096530526537437,0.6997142799786337,0.15234741995636833,0.9808554821887513,0.037426942194474934,1
0.7128656176591264,0.4278560868761271,0.6106976500800891,0.3437960517317623,0.11434706426669439,0.30577813592159464,0.7458269137598433,0.3428531771805592,0.7289183819924486,1.1370911327378097,2
0.8483767195445298,0.3767679537775602,0.9257962093997705,0.4257787132492722,0.045678294964912616,0.4304273937550649,0.8323449007402824,0.6683521007225763,0.2907758212960433,0.17736170384962224,0
1.0011178165514751,0.242355775950372,0.8933602565256735,0.21202288791051413,0.1867877616837208,0.5572849468041984,1.1242502108168293,0.27425294008849405,0.6582182532997617,0.9814648224334568,2
0.5630719776611893,0.6616852485468121,0.758883451800625,0.9872494686438122,0.6793181740604161,0.35914139101163267,0.3531984871422677,0.3966872342701263,0.11907368603417352,-0.002075142648674838,1
0.951745816219945,0.834060408893833,0.956171062287792,0.6053857598773662,0.5257966125310541,0.8422282123603653,0.04949529648271378,0.9088615312668253,0.5669813313009413,0.5391449137333705,0
-0.0999854862788877,-0.045506265035771126,0.7171517865236202,0.9783706380721333,0.524347026506916,0.775022857471014,0.3839389611984656,0.21558743668532251,0.633405671170166,0.5148057916582452,3
0.5601634174300416,0.4980198155294761,1.0910657588991688,1.071230040286705,0.5200303308300958,0.6208727887730604,0.5138760674526648,0.13908193552210765,0.3705821743810241,-0.09308834915757194,1
-0.012535659727953617,0.12031838173793051,0.6312542134713949,0.2783841242125663,0.0229485268367945,0.19754395055333737,0.5758886738307484,0.22495962069093273,0.6683752020791046,0.7872551991205649,0
0.05387012979266717,0.280088939912626,0.3419819278131533,0.2897405667602707,0.9535433570882659,0.5962115595037348,0.1983220611662203,0.8920865284042114,0.8420826231574915,0.5449562835033314,2
0.9042647474155814,0.3792751584584127,0.8438272655596636,0.6072927639088863,0.7122530509458039,0.29457024937625775,0.7884193015193655,0.9953769508256942,0.9858036951654244,0.464324674297293,0
0.9488576961783518,0.2972894127214352,1.0004106154936325,0.36654371769133876,0.46142571900454543,0.7398112172800314,0.22629856014926938,0.7180048335120259,0.8139120492322773,0.7767664284996697,1
0.4386895577411161,0.22303799485867828,0.4091316438559008,0.8158521737571807,0.2453617517577457,0.192706703479213,0.9856242729007301,0.10913257511321553,0.8950001260876376,0.13639917347108532,3
0.5517104093155338,1.0526339217657559,0.5192801064252632,-0.3373961870631844,0.8988086306304995,-0.6505840055838636,0.6788259920872068,0.9269278828195102,0.9695672250635778,1.0489970399707662,2
0.8434697631585932,0.13596560651467826,0.6640511509806762,0.08753087617191997,0.5528432198743088,0.37254626027741844,0.19625757351394293,0.9311002643664991,0.9346912866682867,0.7946657451629232,2
0.10522639842888148,0.15220111953392226,0.8081502992603504,0.17444537859423925,0.7384133649688815,0.14639806995791027,0.7755128714593726,0.11120094036657979,0.2525999483707162,0.7109371462797036,0
0.0544821524571516,0.008624804401540564,0.6036530856047487,0.8530165013081551,0.9150225660356645,0.7868867792309922,0.6880879059277246,0.26440692763335005,0.5086939730398576,0.5227059565679769,3
0.10349144492651058,0.7654610778200193,0.3663517530220734,0.455342956760179,0.477946285741081,0.8986720517990303,0.6159046044475285,0.08566560036826887,1.0113471442214361,0.24230537177826844,0
0.1027641646706239,0.863140765103229,0.8475257414551819,0.5176364889044744,0.42837258823078656,0.8886391593722167,0.24158707145265937,0.9300382099135247,0.06475908276333817,0.1904682586477557,3
0.8435578453411583,0.7495138765297377,0.9120447918708906,0.2696787131684888,0.8149367054019395,0.7643671648509531,0.4435534043778254,0.8571656006283828,0.10661736043131287,0.32592641210324735,1
0.2557352975900753,0.863120275795284,0.4401430829500563,0.8896235242287601,0.5970425146884311,0.17707801112066957,0.9274799198404523,0.058344380832477775,0.45513713964902586,0.8493856889011628,0
0.0040604732296424945,0.8847987178530706,0.9064950508390546,0.35014730368145885,0.06642187273545279,0.34402046810134884,0.7855706132261592,0.9775047785165192,0.7461132534483448,0.11404741811432251,3
0.12361365240944029,0.6374462557201337,0.06056783981066176,0.2709711587612078,0.07385269648547711,0.5081694414111646,0.7295793252469163,0.1810469911056645,0.9489218522678544,0.011827422753072473,1
0.8443151255491746,0.7785211964449409,0.9462223098384923,0.5182461200382118,0.4583712986846336,0.7508576879140857,0.18040040380432057,0.9467564903124225,0.639914841919656,0.4244537217370854,0
0.9537902711715723,0.7183477260170417,0.43021554672594015,0.053994587577942676,0.3775955598559714,0.7313812580481701,0.673657283846247,0.6440645555952359,0.2834583092940485,0.07257667932350491,1
0.9185070741678492,0.26638323585776824,0.9374122505902255,0.44412314232442207,0.534771206308087,0.65057052266366,0.21058720438234543,0.6969491406976281,0.8529343505335986,0.8392020608754419,1
0.9568201867648126,0.33705361378085547,0.4103761404841298,0.9745292116880891,0.659724604127841,0.5229595633757567,0.9970885594319309,0.6162965225580385,0.922592480057458,0.4421777095652387,0
0.16309631366961147,-0.5146952542122718,0.32241571961698146,0.11313950068509848,0.5330248369039438,0.2813279319404771,-0.3144886213138342,0.26817111012079553,0.34832239948444843,0.17481549787464357,0
0.13500613441314246,0.8218696097895989,1.3289513971976374,-0.19670891524811618,-0.46821122657316705,0.5531099444988272,0.11606260501544885,0.9990724285229394,-0.1296439336218168,0.06771019063496074,0
0.5784276626597613,0.5513658881437816,0.866296198152754,0.4826310103369449,0.5138839700226318,0.6808383513431442,0.5714655590092874,0.6099049825183862,0.16455051225016395,0.4269366299831975,3
0.3152248153282324,0.14109722269992833,0.6319705494895441,0.6732645437770093,0.09639531585844917,0.5114656047992966,0.2997367372596259,0.44924828086568847,0.18256369597635436,0.7451106239781118,3
0.8405370131566581,0.1600701077175694,0.6500894467998249,0.09808401962394644,0.5362310451262319,0.38828434837395176,0.2050890858855828,0.9341377556787842,0.9284103426739684,0.8213955003070722,2
0.08865656498897675,0.22509866049971372,0.31953657059605767,0.6769296784871901,0.8206980469043392,0.24940571545945112,0.49870813476356113,0.860179735798221,0.5794982045027746,0.3149025087936095,3
0.5698893860032221,0.7763192931370898,0.8566365964666844,0.7810133859622373,0.5257684884467162,0.6559256377652779,0.3846227635382089,0.5358827598404591,0.2589963520290849,0.4246239215895926,3
0.2656038708641223,0.18594058661624538,0.5031609999638853,0.952787685149789,0.7306100187300293,0.9320514703395506,0.5754086719374287,0.1645255218695071,0.623184428948265,0.8355523688585952,3
0.923375202455258,0.41727626609092683,0.8608783493118777,0.07558121800050617,0.9716217162142787,0.30654931260662066,0.7270023834080802,0.9077607661977765,0.6226597358893615,0.480050211607699,0
1.1343278226013074,0.8427613035583978,0.6730488351550569,0.5677594942037258,0.29150894216073303,0.809835035446722,0.10907456672319862,0.9289485644487571,0.7755813620529551,0.45817454023426524,0
0.4150447460900031,0.17524890936549428,0.49931767631065777,0.6860427489790798,0.21176822589994593,0.4911202379419293,0.3746092008176861,0.4342909568670935,0.34347823569052915,0.7716612508419336,3
-0.2875169098983287,0.4995780054675776,0.0475833903716212,0.22825860612357388,0.5408767221139282,0.37926434207190757,0.8118926168961944,0.6268755441406136,1.2210344043474872,-0.34781726897829784,1
0.8180555581703756,0.1866824251485195,0.44552105933999414,0.38312122815530625,0.09259541096192193,-0.02999438740745558,0.16572956157215085,0.949195464637503,0.6096702196774503,0.49124486443600535,2
0.4098351825172848,0.13445692745595875,0.37626582058331587,0.6636273699938596,0.2202166208341861,0.24288013914567996,0.9330210614570849,0.023657790439628297,0.7875475722428972,0.19941551462017498,3
0.8992020782720902,0.5907000345290201,0.4285361665409898,0.1512249269778706,0.4557408093901627,0.8875855527023945,0.7489557634491175,0.5853219220324446,0.2618764928402849,0.02126290461604305,1
0.9968750771501672,0.19127101378099848,0.7647067422896119,-0.17236015071598643,0.3412484738865063,1.1998121644435655,0.4374218949785659,0.8294269665094932,0.2760358748367969,0.07253630397626669,1
1.03002937037387,0.2942022199996369,0.25973045365296515,0.43764494928618414,0.030630670630649337,0.33159192889136524,0.9257183931423276,0.9062304973793236,1.0490453473823615,0.885228205152956,2
0.17432080861528448,0.2224833728956772,0.55645073415778,0.4645235420092477,0.6206064225611057,0.28089641726426345,-0.13179601572202387,1.0431967885686806,0.5340590545609248,-0.44112070903049627,3
0.5351369553309344,0.8036638490089516,0.535111546211,0.35984162511087614,0.43940694956313925,0.7872672637815314,0.16284060759520666,0.8148834488070433,0.3488323586105678,0.38891863513413005,2
0.9310010807693818,0.5732587439943154,0.6002346975126261,0.3638989888990525,0.24862215170611457,0.3150841951490817,0.8558030769962442,0.5007665284609107,0.6919497430833174,0.7767319671285828,2
0.5686813305165833,0.24573018059353413,0.11022360385767165,0.9552547564116618,0.43343120294008813,0.8030475002959345,0.997545769010324,0.6351371582501909,0.49175364172199265,-0.010330301023796788,1
0.5674555141459199,0.40518443013862127,0.40785205620861215,-0.07900449373237656,-0.2588631698501134,0.7877858110116968,1.374225333656095,0.4787905757710131,0.7387983928353206,0.9706666085708535,2
-0.002870205363914328,0.1132133179097214,0.6327081032334468,0.2732323317844177,0.028222585406141264,0.21152475072544014,0.5704183607301662,0.2303263648798588,0.6793600975369098,0.7728803980618748,0
0.47983174933155726,0.5829098189563736,0.19100064661431532,0.6592054411250351,0.8058046190542207,0.8774394045344365,0.034057604171764067,0.6795016580746321,1.0164205220216553,0.14886501368303795,0
0.8600902215742842,0.2936217329288354,0.9399646842564497,0.4445089214672807,0.5866938122795391,0.5568366185775284,0.20952255436438447,0.7166033778533476,0.9157833051132653,0.8268006502484018,1
0.18762074376712637,0.10104762255981131,0.4209791633218013,0.34649286767754317,0.26209400222478585,0.7375106828917185,0.5972897990539752,0.3824265094770978,0.9142099277907366,0.6413953533218361,2
0.8468450556741259,0.1468998600489561,0.6459988286023508,0.08867490327494618,0.5300997032332784,0.3898330535304858,0.20268325693061912,0.9348450914569901,0.9357617467911441,0.8154927368350467,2
0.9833355221782419,0.9892497193306355,0.40684959532142095,1.0206764597060092,0.3695556600455121,0.6797685019797068,0.7444327794850514,0.5519111375785285,-0.23153951334287354,0.5847684133255299,3
0.21905803488760817,0.9078548177967091,0.4243491008087096,0.914116212854888,0.5599378213703833,0.18570623059853886,0.8874352179326189,0.05386351982224308,0.4532827522093591,0.8153107568824892,0
0.17250806175908848,0.784250880210582,0.5074665986671809,0.5650739407885931,0.14620499111524768,0.8633137006228216,0.5244327238517278,0.7257872100337678,0.1107128725349306,0.7387162873449985,1
0.11013612483191884,0.8519014319537254,0.8146804858536407,0.8177499345635798,0.522655289251788,0.7739997291877457,0.154822960962176,0.8346936582475458,0.5878591669280837,0.6000795624747528,3
0.8443848856473193,0.14883465620447373,0.6435746468756607,0.08166814917742844,0.5257759651613603,0.3907559462460749,0.21255500875714156,0.9297672279646115,0.9361391886966749,0.8207536349237171,2
0.5411291014083962,0.8079772130045977,0.5366910649610558,0.35844957041091297,0.43171896314183117,0.7838679265278693,0.16998110230534888,0.8043368287770128,0.345557336648783,0.3961437495177935,2
0.2743354292856106,0.0909480277589775,0.637297710135168,0.8243296830746243,0.7845450911766167,0.8364191990344199,0.5688456759908012,0.22893786865416177,0.5163342673988145,0.7007892656604439,3
0.11139418315166359,0.6616877037254716,0.25112841943168007,0.940492852667002,0.08385556093786573,0.43840255478945067,0.26601032036059363,0.06779517078362257,0.42477598121369087,0.9265879495722009,1
0.8841337919821666,0.3632679793296019,0.767477475216409,0.5894451035335203,0.737181517756489,0.2768292455073388,0.7118670935367081,0.9705558064110639,0.9704676966440543,0.48976398920685893,0
0.8405819426055492,0.8507998775952346,0.8384622951218335,0.6007896481847029,0.5839924571229054,0.8536676708303266,0.09066268480706148,0.7120567432184778,0.699730282276237,0.5002673764148151,0
0.0398528722151945,0.8661580832054143,0.8834654573920323,0.3106020022435314,0.05703136944900554,0.3714706604541391,0.8093243423037495,0.9521943996788451,0.7661738954600662,0.16220066021222554,3
1.3647104483492778,1.1925034740844094,1.5651015183002728,0.03415574217506567,0.4157055846935859,0.8247294718334081,-0.08978275117149725,1.2321617339031063,0.8061753075608247,-0.007399509817414163,3
0.6577066933265722,0.5489743277240843,0.6561687778361975,1.2982769328104158,0.568322970658207,0.3347096960922408,1.1318011291457162,0.6743433719586409,1.033914076184204,0.5759709345396193,0
0.0951146359021677,0.9844278183785947,0.8140417664029872,0.5020074583346272,0.5378886339942593,0.9079401007524165,0.24103693458698427,0.8779150615525979,-0.08685009205144031,0.22444249493587914,3
0.04236136747466898,0.5612150646812248,0.10476620390183587,0.9540749655610391,0.005953621097042065,0.38852948645533697,0.2997312352332763,0.2413116137451864,0.5120675434570107,0.9361300783201184,1
0.5387681778383926,0.06364272783689222,0.9625310955369912,0.813838149711743,0.4173254248111836,0.7813238238281228,0.27694256633078607,0.046653695108657675,0.5845255121540928,0.6796770264764553,0
0.23637496761689408,0.6232374390998728,-0.050422935156692814,0.14915862126646867,0.05182760634532635,0.5690164157305556,0.7695672508084048,0.10540042414071585,0.9068288692105175,0.08240994228561774,1
-0.08636469940783366,0.7693293576995444,0.1466639666138649,0.8114883032279596,0.01616683416705637,0.4072267896119149,0.1510483162014007,0.25194019361807735,0.39116471735443914,0.8207101616365179,1
0.8437463407066798,0.15004285183105312,0.6354456629660442,0.08089362288029561,0.5273293118482736,0.3889241118948776,0.20094125989341924,0.9387703687091679,0.9408206240002024,0.8226618602090461,2
0.8101076105383741,0.647867022907244,0.5214759472783366,0.04288371017276677,0.5075319564071848,0.021118483553171186,0.7376726868982189,0.9508912327750333,0.7250964499421352,0.8719402642365863,1
0.03512091807108432,0.2725492997684449,0.3337148742439071,0.24950958430453704,0.952898377667179,0.5589412833512523,0.23437531049757657,0.8529805737758319,0.8236642134464275,0.5386211354402639,2
0.6460373209770653,0.41761793004849923,0.7592306344223961,0.8264775802701481,0.339271549312055,-0.09125945153465523,0.15536178682312096,0.8580548985351868,0.8602820583652802,0.4970748623115114,2
0.8442988713717118,0.12897051820485841,0.6288947949603383,0.0681217884241476,0.5507484024546613,0.3955557429739508,0.23233280110602278,0.9358264452127559,0.9526892474616352,0.8570993232924613,2
-0.09605568090886554,0.2866228493183983,0.03872997634966474,0.06340501749884608,0.9549477359044751,0.6220801840779008,0.8874307139393416,0.5568895739286273,0.46923165065543615,0.42152888360498764,2
1.409870493504168,-0.47701698391702674,-0.17290686053961835,0.16883363628039447,-0.44018041993893076,-0.5098952907411142,0.7691222275860041,0.23312994602391673,-0.25644042684131296,-0.2467312975623837,0
-0.005288358279427892,0.10676401511989204,0.6313750515897328,0.2706803426362723,0.027170038272310286,0.22660032884315653,0.5737752355628261,0.23129634441113808,0.679322897452469,0.7708897124613318,0
0.864986583980467,0.6626844499277972,0.4517973622819885,0.9070520154286444,-0.2922397949122205,0.41527034174724387,-0.22629408325339218,0.12032312124821865,0.265923334974669,0.18884117658613275,3
0.8978432493072788,0.3704997340832247,0.8052048252832212,0.5921253346347283,0.7050964227611977,0.30659292728506193,0.7122837812247332,0.9921650916277244,0.961310142295297,0.5454578986628206,0
0.017805161774207802,0.41336375965459143,0.23283460348701013,0.2180889278018265,1.072331653418714,0.37594538999788707,1.1063181911614721,0.4424606457021136,0.3154175809098765,0.5942987204424909,2
0.7810198040863846,0.6467732244073509,0.5210482655158436,0.0341334645088673,0.522340307608533,0.02524328151780654,0.7870780811595005,0.9824913990855496,0.8026476794550448,0.8113151859770803,1
0.8418228741097302,0.20346768235800908,0.4992085277587022,0.5427758022815533,0.14719463817148756,0.15232519704017644,0.2661365919869684,0.9296034000108094,0.5228054791207821,0.5841926681617575,2
0.44693575177996875,0.488995194787948,0.24939430059151912,0.6989417804091023,0.7849736559079176,0.8824584818556915,0.042603822187056405,0.6804334541298341,0.9890070754694525,0.19922084803183515,0
0.8697644536997475,0.5697196164176461,0.6573274652096119,0.5612284995580579,-0.10172247886012004,0.9204072762277163,0.5140750795533591,0.43336606588398857,0.3840250609691361,1.0379957197971441,2
-0.026404123261243258,0.9374330156780684,1.1559486436144604,0.2242614027230001,0.028261830685346392,0.13180777266536983,0.9407717140201761,1.0276436209657542,0.830935334070917,0.2621150572247556,3
0.019536492457428216,0.18266060502980142,0.4318076048028163,0.22596014754450744,1.001706701900166,0.46010008062493946,0.1626016874327482,0.9355235611272006,0.7794741113523934,0.4893635589634177,2
0.3371540591758737,-0.050314862386878656,0.5925052665249919,-0.2769406193050087,-0.13844538571053577,0.021231248800943736,0.3838611879472982,0.7479707970680761,-0.8389339642976259,-0.4902236197778157,3
0.7798926768582003,1.1590218020792025,0.4612520895957263,0.9126117602159538,0.5687213856624456,0.7048788890714688,0.28939440630484997,0.12709296470501882,-0.17468385498184907,-0.32207391059016943,1
0.2990613646132083,0.05465185132230885,0.6663515409983019,0.22749716658490676,0.9390728698026888,0.11085668795822179,0.5095515167969393,0.8882917133415467,0.8522114518293576,0.12905163316946286,0
0.023530878996287363,0.9135801760280909,0.9739535001297798,0.39107016553797236,0.09565501169029131,0.3882980007271634,0.8429596611207903,0.913002049514213,0.7927660699740606,0.11639107937465777,3
0.8382944455066508,0.17198109057640681,0.6913985800091966,0.08437676306571212,0.5409459936690558,0.38207188246482476,0.21113799354444907,0.9068474924325869,0.9472280110802297,0.7832461548163083,2
1.1520482065680946,0.458041811039725,0.6875832330559183,-0.0548408852714585,0.7544111462840613,0.13812218386945302,0.6808443055351311,0.7222244073330244,0.9524891176669402,0.667072486803876,0
0.5417141385547535,0.27434728517872176,0.07742102517717708,0.9729755919612041,0.4306164613406394,0.775753366295063,0.9856630585898287,0.6690133357440162,0.5117797075866215,0.01687198942908555,1
0.33418816543334745,0.9779615281507292,0.6883484329954779,0.36088011260223113,0.40222388724341884,0.47892404167241087,0.524956946615655,1.1307993766664732,0.8208487434852112,0.06724515185715557,3
0.4824528363654282,0.5428123091427047,0.2114262814369986,0.663948055094151,0.7904601098158932,0.9347426225897949,0.011495402156850814,0.6653587856047327,0.9959620592900081,0.1464145399770849,0
0.11312667034097464,0.8604619156161781,0.8157480842832113,0.811190187677208,0.5361203450228106,0.7822849056914235,0.15756063536704173,0.8412273990078657,0.5768713384331311,0.6108629436951112,3
0.3712202418339151,0.6887755726293724,0.8281941383887714,-0.1573861969776548,0.09828540022350335,0.24905211555937148,0.8510748481676591,1.4740625827519458,0.8406558213779743,1.2191214955541805,1
1.0435495296429391,0.4598147443988002,0.7098889627407106,1.0458644515367916,0.4530819392544595,0.30542549643279626,1.2017672589879633,0.9212244734177861,0.8885876737720997,0.14709248780552725,0
0.13928396980479418,0.8240667010180405,0.372393497574022,1.0730641732300523,0.17318369286527688,0.29345697075516947,0.11212482698375234,0.37066693997552314,0.49098741673916374,0.7381393705034572,1
0.6995287570868537,0.4736553943695387,0.82411441313675,0.3301481109358232,0.00011338697099158579,0.369303303520647,0.799925993643527,0.7441583399441213,0.18469363344007927,0.09837735264472926,0
0.4554888290929387,0.31822163827867855,0.11430485841435961,1.07207686528373,0.4801864543960842,0.7003451668742824,0.9325547906082492,0.6854810181785094,0.47007487669944636,-0.07906376862646025,1
0.7648267647264262,0.21419583610674578,0.4641455405569329,0.623118512410972,0.1911535572390641,0.19660552500153672,0.251287120242334,0.9136036323260196,0.5853602492559007,0.5924818738165966,2
0.3100675992727824,0.15313021637461638,0.2222307911637365,-0.10746713238628719,-0.2721499850990167,0.12318286481554319,0.6855020853974096,0.10621924011804568,0.6914470453417962,1.2348971220854856,2
0.5316977635101366,0.7449607067324905,0.6057425883597294,0.8410703565476861,-0.2440631175965674,0.4330400351857643,1.430129677562602,0.12234037958167149,0.7976937803866432,0.7190801562491935,2
0.11535308422246018,0.8653827021211554,0.8212010059389051,0.808498266509285,0.5367501555567081,0.7714145805426986,0.15515703328394867,0.8376399357278521,0.5873372812060891,0.5981673361441577,3
0.6768755026726023,0.4563686587110323,1.2768098538574706,0.3485403040137005,0.7877983350761477,0.6549664423872636,0.4239176766990575,1.272086628531666,0.6886391016495533,0.9212310780400519,0
-0.07835111742719307,0.4061435056739791,-0.0069407346804516434,0.26210451126579154,1.3490628463734926,1.136414031272401,1.089905590167256,0.10743212084883452,-0.3029046503400832,0.7641397175521629,2
1.0434729227050394,0.2030030395261203,0.4281895881453923,0.5465221063714758,0.05777990460881041,0.15093219708522593,0.179857644561027,0.7133178494919634,0.477375665863616,0.7869885561952595,2
-0.013539979270250163,0.08729176671588802,0.6516702112537303,0.26251669932453153,0.04776560564329845,0.20116297050203386,0.5757135967556437,0.2361189334428265,0.6741551233331158,0.762954588591068,0
0.7266709297730045,0.5609390008546796,0.8853530224595598,0.5507623428617766,0.6455433183560426,0.7275459388033556,0.5386556745484272,0.6866930543729732,0.08369977639832188,0.29507335457390566,3
0.2963273935534695,0.6387680658051451,0.4481576980043175,0.5523531094177774,0.11195009243340898,0.9368360257924785,0.7241303662070234,0.6954081006110044,-0.054954842673654386,0.8454615387784881,1
0.5341193750033049,0.8020046142677503,0.5327784794199666,0.36041934601614073,0.44051889645376635,0.7888128604914061,0.1667129179631625,0.8145829726733396,0.34992004015213574,0.39147088626474646,2
0.14762709362092988,1.0685484907089315,1.1112215652306814,0.6380719194954281,0.9925491087205434,0.9252071635455923,0.8342472219021266,0.42883803073826515,0.5575797423669623,0.6577353305459503,2
0.072207744034432,0.599230069239414,0.002700040168236939,0.7662503848560619,-0.11273656398814186,0.7079533564577403,0.06202992880031599,-0.0009361620019721628,0.5731598500230184,1.2387062569041436,1
0.2461689832253403,0.78755909124705,-0.08024092012043707,0.11657997668835532,-0.08051993006467023,0.3709321597284239,0.8316374619118185,0.23093337499921146,1.0305671640261416,-0.002624132087299502,1
0.18903025167754647,0.19973532899293156,0.7999685994553186,0.16570511095819412,0.7731116736291243,0.09644741597402663,0.8099672687746686,0.11058794981691476,0.2435098880569448,0.7565556336377391,0
0.31223794725048093,0.6978464959233815,0.721678473324883,1.1153819164371481,-0.02097567676819248,0.12697976993149224,0.5693254547597201,0.4560875066965796,0.11042031825113065,0.2345712564082781,3
0.10208482740443826,0.12586066776098304,0.2940335775112674,0.7767307418823608,0.9856813396771664,0.21383909952516542,0.3640313929640874,0.832311564544215,0.5978498308524496,0.19120101140278464,3
-0.005843487173632939,0.1300455527261441,0.6399281954631748,0.2466055504851116,0.012780163038410362,0.20628787807888005,0.5675933253780712,0.20616064359626604,0.6960775523746243,0.7849690413628042,0
0.5683152469571834,0.022237612305216474,0.19708917239134574,0.2698677783444363,0.3543427940961841,0.5671551846202494,0.39891725549935875,0.8874591783381873,0.3705405371713564,0.17150203670111897,3
0.8574764024143606,0.22151293263389343,0.5390101315477749,0.7729872078863584,0.6144484723902168,0.49899727407316075,-0.08059908035294264,0.34935289548311255,0.41883737914669106,0.615132294339422,0
0.07643493161894799,0.23277597393972468,0.6583383505720922,0.747326014285614,0.5997159383507746,1.1930056617428606,0.5408621179954998,-0.12113735279794197,0.7952806473190684,0.6680542149924923,3
0.868565152655442,0.06886384524816516,0.46266249359198774,0.12827450314890698,0.7939285291220313,0.8455715293796036,-0.3208870363667635,0.6878710276151037,0.8221732133187843,0.6368967849391057,0
0.3529475512315138,0.7726293781625566,0.7749331983916533,1.1236793677919406,0.5265847239341273,0.7286163969223813,0.6305884910831212,0.4052042442642563,0.22447244239230452,0.02909308364128571,1
0.9714507168368389,0.9280631669550339,0.6623826415149627,0.8209651249462306,0.6841339939688353,0.7902585219797654,-0.0723081093438146,0.7242946254340193,0.6947738514270658,0.29862368652943305,0
0.867888886238064,0.4422691172385016,0.7910966579748229,0.6425930937197439,0.4161863913807784,0.3299843496543026,0.6319871262623709,0.8366094727616682,0.017361206714572863,0.39951822348837296,3
0.0069657373617957215,0.11063341598022441,0.6257256264617687,0.27155316519228534,0.027885763582106253,0.21562950490193714,0.5743713652132044,0.22813647959052819,0.6870961419635749,0.7793768672560392,0
0.16124236097488703,0.5034763436011127,0.9014695806398114,1.2628435131757603,0.5592495527642235,0.7310769519693283,0.15768425650636952,0.6564929186302717,0.5006270760968883,-0.0672760454019872,1
0.037810177922699174,0.5225513488146625,0.31458455420138165,0.17863982567816045,0.9815872361786695,0.49077138095337886,0.9982355284162512,0.37648757258903726,0.2564055264373963,0.6438629933042419,2
0.4558688236214404,0.9531790397623163,-0.08869169726879475,0.5671560973408041,-0.08747894340673668,0.7405801979184659,0.8334942227265034,-0.10293980468863906,0.6647314970643117,0.0060244059661562835,1
0.6316368595283699,0.055945130376519915,0.8337116602990056,0.28691699182962893,0.6335072445216944,0.8108822613080773,0.11844679700321804,0.3361625558353194,0.6497111064136469,0.726628263134116,0
0.8425010088891239,0.1590965037771049,0.6345167845857841,0.09012854477732243,0.5211884996156904,0.3858549751004456,0.19929770616492917,0.9278077304111981,0.928401580575118,0.8107742046997067,2
0.507502556065316,0.620974972517845,1.0987373345468718,0.6915491600351642,0.6626392211706537,0.5121925024308154,0.7523150452773144,0.3733605016797465,0.05700785638551051,0.007948985626335503,1
-0.2353195289801252,0.08630463335677549,0.6879019985714876,0.5327982001156594,0.8258862416221164,-0.3014570942677633,0.6058401611236667,0.7394309543745345,0.3906865465409108,0.5002709673317659,0
0.621157621807921,0.8896409841371394,0.6003941283243476,0.2777859254935134,0.4302755895536454,0.9847672935166932,0.5758532625918437,0.6549744576211394,0.409135991989682,0.14658379930022883,1
0.9664825879471567,0.11272459688943609,0.10793625592207629,0.9094490212810996,0.38994212454071464,0.23918404841197888,1.0094605767549931,0.8218213823036283,0.8377179071751726,0.15511864306519146,0
0.9223969423869843,0.25456170465202954,-0.24590161088135642,1.437731335228368,0.6350528274500178,0.6891453149878821,1.0803625761859816,0.647072489033046,0.6177550149547244,1.220963244803662,1
0.8059547078762088,0.28885107447347663,0.4128119803430839,0.5711546663670491,0.3100639646059833,0.17544117524164188,0.20225638744804042,0.8164344065747005,0.702415445546097,0.4472350421738149,2
0.14153382082279387,0.5455520702345766,-0.014017933646494049,0.2527292215125254,0.06304604810185918,0.5498828921975412,0.7465934143275298,0.15314495261866898,0.9977777142203806,0.02897219622767945,1
0.8345408812007484,0.16255545605063842,0.638134489369099,0.08613762496719095,0.5291898698516618,0.39401988038852376,0.21409517135485973,0.935006004643977,0.9262578066594773,0.8307714245736123,2
1.0778268152227903,-0.47495138276939997,0.40593632491990406,0.9200225921033947,0.7645762028658174,1.220125109816403,0.7254413345676278,0.12464192527359769,0.2862467764864982,1.027286400715729,0
0.4018667288441107,0.05280279858354528,0.9553838723478869,0.8698375379977731,0.3911503905475065,0.7258919435627529,0.21911038686006729,0.18758403310165056,0.7010148030647405,0.7136890209081372,0
-0.2882638734727454,0.9810309665431816,0.19568288154801114,1.003213270753601,0.8779540671653832,0.2374722076754845,1.0741664003987526,0.46020915877131174,0.881163432383312,0.6846556807747464,0
0.9571455328841852,1.120880670651721,0.3417459233345443,0.7598468727342809,0.6463336269688912,0.8046470166070381,0.7478083517641949,0.5948693473579688,-0.19061704253776524,-0.09578848450615951,1
0.47981863475234454,0.5232947701681854,0.2199031059582721,0.6501453886181535,0.7947898958074721,0.9075293395588694,0.018153736682383088,0.6432376387961433,0.9612924006422786,0.1494046316106737,0
0.3542799533336736,0.05399962768556104,0.6696890237005602,0.2607437371036223,1.0151952606429182,0.0208686885991186,0.6271635760090336,0.8996058354347714,0.8457875619244054,0.1119075781395101,0
1.0382563794693687,-0.022747287679795898,0.30837792085894267,0.34843983670652645,0.3430770661787757,1.1363403664694416,-0.07818473994951747,0.6427665082463717,0.9778182695110474,1.0855693737856664,0
0.8514756184511674,0.19946249365509064,0.5495916394817297,0.5056214881761377,0.08710600991444516,0.13765625990912958,0.2217181956310757,0.9778336062243713,0.4950509102457983,0.6515705170733858,2
0.6125098727920099,0.4684868913233364,0.7075195347708559,0.14142590435119384,0.16250945146165693,0.6369537930583237,1.0883562298855325,0.4817171032691475,0.7802415201244658,0.9192314316740453,2
0.7398382738686312,0.345735016723525,0.65704375153066,0.5626210862577504,0.17318347411603302,0.22872436018938713,0.4056716888920191,0.8891710860441542,0.5307310141402437,0.5551139108421252,2
0.48551766635016436,0.06223600294835573,0.9444722340247328,0.8566076721646543,0.44486925609238703,0.7634990205282441,0.2317130502716473,0.1070120774251152,0.6129380532666019,0.6240685974623823,0
0.7720562896210719,0.28757445129314024,0.023592837907898942,0.8029608383048027,0.363670311627647,0.9671214171441235,0.8796109435549252,0.4572592151448198,0.5738157237098472,0.6716924742375991,1
0.36888174759411135,0.18687581426861868,0.5364279774005506,0.7363147488446343,0.06807035607479975,0.531128663351229,0.34064529544871064,0.5651656673374529,0.2832853092900549,0.8001365121787365,3
0.2514390505979214,0.8686210178158046,0.36970626897484127,0.9056217820610206,0.5530060406677186,0.11974318536066937,0.8722773011371567,0.10301977886769516,0.5143527927808339,0.747145581051654,0
0.38507083718466256,0.0849948127187754,0.5206272457777459,0.11723851393827839,0.3498458511694653,0.740639878373575,0.6798708364575463,-0.0024537257768428578,0.7605310121481871,0.7586316726345069,0
0.5184383462678764,0.42381991969659205,0.862440537800154,0.3541398702191527,0.4461869755072728,0.37257405609904176,0.5426460495504705,0.5543645337306208,0.01769366648278861,0.28915307915500754,3
0.5396540370509668,0.8054634549366879,0.5308129869327359,0.3580762096113599,0.43484673531195595,0.7830510434643182,0.15798155590298743,0.8093750157902437,0.35213085453944465,0.3941458569243381,2
0.5511105673349947,0.5896428109613713,0.6736548596035726,0.3213611264029315,0.3603820748523476,0.523868425924136,1.065265096665217,0.9817742595399473,-0.013373240555597576,-0.14650857083462177,0
0.8482587190630728,0.15303717419654717,0.6474676841610241,0.0759488767315346,0.5396979231003591,0.3799662516438209,0.19548840878829077,0.9447267788441921,0.9361168844770497,0.8311305067237077,2
-0.06553458887735757,0.9080218861398696,0.8761236566465099,0.2808761502332551,0.0003267173931347789,0.378098516677082,0.8172666242897227,1.0133262451297054,0.6874189052883538,0.0432007487397741,3
1.4696718682494478,1.1417342049111312,1.6446547639384046,-0.18193224951573295,0.9991905883046893,1.0514505355021095,1.9691767818314774,1.2729157027518045,-0.049050331559520655,0.9948061796010532,0
0.41511737682727506,0.2711334619933158,0.7476740024423756,0.12944159643609804,0.8687701133133816,0.07177053893714957,0.6660446314661367,1.081043133004905,0.6514861963333487,0.0876720806304285,0
0.5097575637542427,0.05629718874886512,0.9712668612021101,0.8430615137460139,0.436476313796851,0.7667195086976093,0.23253839982191557,0.10439293328998214,0.604489595295077,0.6084678826027524,0
0.5311736902983856,0.8014015144478586,0.5304254866557768,0.3578096231982879,0.43925674205558707,0.7899530635583195,0.1661370160370796,0.8170511993517383,0.35010736246708984,0.3867824711332754,2
0.8650277781265274,0.7141408265602618,0.5329446057161034,0.09854067951687581,0.6380647332578683,0.10566380531263156,0.7105270854919532,1.0666809608202916,0.7179538669541496,0.7646024685302406,1
0.3758376929619092,0.17297283664068844,0.24545383723677267,0.7196256772255163,0.2034273209499804,0.34063872725878663,0.9284985543374594,-0.038994309371484306,0.7765018615639606,0.25515821733222843,3
0.835735405715834,0.17124751620848533,0.5146725350957256,0.5690118350024758,0.1565320216937139,0.1102057958770182,0.2703571751645758,0.8972992217414413,0.5498185499323238,0.6360567561966404,2
-0.17416059582488602,0.7605453498428111,0.9078735729283617,0.44807281377581387,0.47880683871054974,1.1201696013042608,0.4816180188503326,-0.22007561442099832,0.7743067369588852,0.6389978362118447,3
0.9615170189590673,0.3635518012167115,0.8724273152961544,0.18441550586687108,0.9840910820398623,0.3797887867551446,0.7380719969934275,0.9152414782710748,0.6944456482554804,0.6055343741928196,0
0.9230934762180552,0.2973073996920629,0.963840348414479,0.4461861008795088,0.5050379483930914,0.6459925824324799,0.24033479456449489,0.7295827918835822,0.8906121268220237,0.8008801205572574,1
0.30169327957538195,0.046748670957897365,0.3408414146615972,0.12116015823455852,0.43660822370076097,0.6330163494579616,0.6083600683228085,0.09318541696282984,0.603397219228336,0.687596624978661,0
0.156490309835874,0.17571222963493588,0.25805303083772474,0.7071928033909226,0.879610008595968,0.28284162622930076,0.480126542295678,0.7981346315175124,0.6741940196656803,0.2977315586323248,3
0.9033145071317257,0.6811194288994581,0.8697610523250793,0.6849998986058238,0.7033522927557043,0.8904420164043135,0.21123669227308345,0.7364517019443437,0.562233777707037,0.47997761994575583,0
0.9482419175597038,0.9530351510008959,0.5482301150618398,0.24507371213553486,1.0032868334762668,0.20908809333855527,0.12665038966379005,0.5644072154206227,0.2670123658356241,0.8566819881175189,2
0.8685339636593741,0.18435089303056276,0.6686699520179336,0.0932379777874238,0.561515643679879,0.37006791304809655,0.2028621377455578,0.9624464125971686,0.9642091939801242,0.7884051208463355,2
0.8045429210197181,0.3137080541563722,0.8897935159143444,0.30031762222410235,1.065490896630342,0.3514697924352118,0.7984466099097358,0.9810028150926696,0.7681295080703117,0.6061767116675814,0
-0.03734845450297396,0.8261355139543034,0.9122247198012834,0.29196107479821953,0.01109247936154939,0.4002964855416344,0.8021466394638315,0.9339825504945779,0.6871550680034931,0.09183850370192606,3
0.8519735583191753,0.5387092497134217,0.6237367003670962,0.24022966560110784,0.6782761436401255,0.759298127744194,0.5373339547279812,0.9305763480040508,0.15691339538488364,0.09138868293066357,1
0.8381621054689115,0.12731122526558486,0.6715807811559992,0.07385024943585423,0.5235099347125355,0.3786966076130732,0.23561897418230504,0.9587919255078298,0.936296147975178,0.8223137441781609,2
0.5845974761154265,0.5939045697872902,0.3189457738519149,0.49276067050670835,0.5381821075297383,-0.28061687082651726,-0.15837852717463724,0.7582763967971379,0.7046042759501812,0.4258457171775527,2
0.4604317972668136,0.2641425021583915,0.03006666679145907,0.987877979159641,0.48954374500191644,0.790460376723656,1.0369597263657766,0.6844606977580798,0.5994509607798222,0.009118433115129441,1
0.17171559968703556,0.9437737628228382,0.8375295682219396,0.5214295236973356,0.47860653346500315,0.9246185294677092,0.16553461218548604,0.9265273714033383,0.04208009036247952,0.2198961112046572,3
0.8672287956523144,0.6933882153153617,0.6589364801457932,0.3451297675545826,0.6269755427239149,0.85985202599605,0.605664104089181,1.018065076390216,0.1560332919266929,0.1686899952247231,1
0.15849015364744828,0.21901116669377724,0.30616412958503936,0.7459008765587333,0.8399530141422233,0.22402065906097374,0.4345704758023244,0.8551880616898421,0.6452244423161787,0.31825253654779084,3
0.01459065581687749,0.5347512209829448,0.3132964561522174,0.16363588810277022,0.9590292103101206,0.4653762265768143,0.9706593475873377,0.36876584158502085,0.25504825020433,0.6347126463318512,2
0.20079345353870914,1.2918139921284624,0.4753267326678259,0.08561002908057719,0.9295329655400955,0.710400606779293,-0.17827417966665415,-0.0931852711977916,1.0791026561377683,0.05271150392842905,0
0.11666846711324813,0.8568478046484255,0.8196485740612639,0.8016206642759433,0.5309475953679049,0.766720110986189,0.15524556086918978,0.8480775232283094,0.590091092088165,0.6103726149216837,3
0.5205784375474475,0.5328981674361264,0.25568910171741827,0.6339697911193382,0.7645991283961872,0.9277374565630762,-0.038122411141970264,0.7243487356890252,1.0036977259167876,0.13544481587608645,0
0.8812463236237421,0.29887435628147463,0.7976262465017785,0.6298821530090264,0.4240556335105109,0.13704951107167376,-0.04287666503195414,0.6485321652952813,0.8578428698014633,0.6726036340299762,2
0.9144509435918484,0.3634764825041013,0.8219250480531674,-0.2149309187664113,0.6663237781611052,0.4631929538510832,0.7360359047777393,0.38773968444328444,0.4536740238273545,-0.12270488733718588,1
0.42792887877220376,0.7392690333342394,0.7267750939165547,0.9054463617735387,0.6710170603319336,0.34388836419881397,0.5567453363296355,0.45663721190551027,0.2747749104977857,0.11035182234119874,1
0.13693913195801474,0.23890838606916678,0.2636052555625149,0.6593026459503164,0.9218165133890437,0.3042985632589565,0.43643848330769247,0.8443078840083964,0.7255517562382359,0.24952414642963286,3
0.5218853097489133,0.28946148479918354,0.0702443555484455,1.0389121387820575,0.45317888141244583,0.7448689138670506,0.9582347953169458,0.6983622578738352,0.5794239483457481,0.07255008073807086,1
0.27026521630806544,0.7600340650794686,0.22573154791043415,0.810623437327698,0.7777105826346875,0.25682377066222767,0.8235673919396346,0.9095372858557426,0.10650221364581636,0.2723615801438743,2
0.004548936913619074,0.1047599747513876,0.6278051876591125,0.2677517346662024,0.03551988341774492,0.21749222780557542,0.5766529391584857,0.22923556842029358,0.6811111945290476,0.7743125820529304,0
0.3291445610309135,0.031340746987383844,-0.3202610551109636,0.5634125193072735,0.8645487816448344,0.17666644209691007,-0.0034589294765639544,-0.05016625072234068,1.058024076761135,0.38627446525362336,2
0.7538588502297908,0.6010302632849428,0.490233807678607,0.0699193835351269,0.565203815462914,-0.0012428658092756388,0.7846515547073294,0.9617114369685587,0.7699817821051893,0.7965490385064868,1
0.8447306007865554,0.5055967672886772,0.3778110949253013,0.8197709943523328,0.5741042438898479,0.4525280134997175,1.1021869976362357,0.7004384549909934,0.9997454264015778,0.3681438353083555,0
0.3253304844010944,0.8663220820303333,0.34575398112293365,0.7729086325529495,0.8825620656168129,0.24912949625189448,0.879395470656519,0.9498142825099143,0.2226667249213534,0.3590375879719754,2
0.48298141926770644,0.09094044064907422,0.034656791574050716,-0.1283686543876852,0.5778469666208048,0.5405459578224928,-0.043027897653260816,0.15320955833095906,0.5795455374805014,0.8537384953295154,2
0.7972350466540197,-0.09956411793474856,0.31086088199131917,0.48200420808035854,-0.09175154409403471,-0.11815862842392608,0.25850027914760487,0.8193680486216159,0.5732991972592564,0.32316762562094875,2
0.1754201937921412,0.2101867866094992,0.8329610171285328,0.19661805407989313,0.7532754875420351,0.08874176102627566,0.76552709446139,0.07913437375292134,0.28497674855037747,0.7617335201950015,0
0.5958575704177618,0.62100827973281,0.9716322320238038,0.683042244666145,0.6505487653389103,0.6029238535128,0.6732745353045263,0.4295216245453808,0.32882402268131794,0.38849814570520746,3
0.9917123364062752,0.6780736419488088,0.7781101604645273,0.8589885191874183,0.9380456509147889,0.974627973478791,0.552209463384685,0.6150145664868704,0.34462984444533373,0.10168870558763138,3
-0.31978161947976613,0.22807868499796113,0.5700165968790869,-0.4041174074335693,0.7165734967067853,0.4031192121690533,0.8248748333330247,-0.3613575723810421,0.1348885290403503,0.28958055422482315,2
0.17763926465308916,0.6640844039043742,0.43541170424304065,0.43303676719885265,0.6522141092364382,0.7811822434775604,0.6509143482784027,-0.05008099581816362,0.9775566213434812,0.24657646211763362,0
0.3024063042680636,0.6711962452622515,0.7284397115882889,0.7906527667514232,0.5176136085423007,0.4136242899243687,0.27000599923520996,0.5584205893783232,0.37628747945946694,0.2314187686993292,1
-0.0004086400996273949,0.8718084954815016,0.8770161325329139,0.3294467551944966,0.056772018614488357,0.3239156851971596,0.788118381137976,1.0230146693289424,0.75185808672531,0.13454069323988493,3
0.4375608715169651,0.6240389699792476,0.9810777140338878,1.024573226503811,0.4811700330755966,0.4620271864701465,0.3444420848077075,0.26691797206101187,0.35054366665299663,-0.01300828683827139,1
0.887899814782585,0.7547146555029253,0.5977350567813131,0.03431116607139371,0.5272081143300801,0.8393950452386181,0.5610490839876079,0.5668466445572805,0.2515253402360763,0.04948116073940325,1
0.059514033320759274,0.8517209657034639,0.8980522324837953,0.5494712994853543,0.4123740290319311,0.9430820394320596,0.22156979428967927,0.9140108676150263,0.056818971815411734,0.26105251416818026,3
0.36965752867420953,0.9117424272689667,0.35142238302409307,0.8091269041996055,0.7941922707353674,0.2508214246402896,0.8788650716185039,0.9381528717946475,0.246442264622686,0.4596810115212372,2
0.12101072764681287,0.8114121686301945,0.49544807825160253,0.14888535898353616,0.34444602686238734,0.8109614602940765,0.4057752546809754,0.4176512818114141,0.6399857242658745,0.49625208920397845,1
0.5870535431905625,0.5642891523311564,0.4246745511303823,-0.21638158909006705,0.5518051672804101,-0.09966535389723513,1.1040642720008884,0.9276218740317721,0.9607263611733374,0.643772393322376,1
0.6058503502306989,0.8959133977044141,0.2865799640034462,0.5338989386392237,0.5703875646046868,1.1742564835931046,0.6904683880260505,1.0471947008322817,-0.48122663628229656,0.8229251983409784,1
0.10958053876460289,0.8496450603063239,0.8131658915274471,0.8096505512478447,0.5353211530833831,0.7758778178586935,0.1637451538522004,0.8437285406148552,0.5837265761401911,0.6071804765523409,3
0.13940671775631694,0.596265096427974,0.17033115503118104,0.8064583498905536,0.16925977638116826,0.5594389961967176,0.06409314898947416,0.36572527527696563,0.7530614838146108,0.6058491471855691,1
0.8539952301094664,0.828684067378908,0.8705941224983458,0.6380241159550525,0.606411055803021,0.8245729947057847,0.11917867405870768,0.7568387036481917,0.680922736896596,0.49979347691536713,0
0.8418753642105601,0.7004771287109408,0.30002985587498154,0.7907527259737634,0.3322076307335405,0.2761944932005021,0.46629376311985715,0.05083445967552745,0.6292101935587869,0.22354459301037663,0
1.0724753190866299,0.43335449153570854,0.2712736200396646,-0.4280880869971787,-0.20429370436262456,1.0523861871956661,1.366824002451666,1.0583444418627206,0.5712071306850579,0.34944441435652984,0
0.38248914306629483,0.6798450852619211,0.6889367873325933,0.960023844197926,-0.011483041850191195,0.38965963417482263,0.24743682887597537,0.5294096554324734,0.044805355752149556,0.271192550328254,3
0.07068491830226116,0.15142457169520232,0.28472222725908536,0.16524817767980954,0.5231262926215525,0.8035009787207598,0.21516557252332677,0.1451123567258319,0.6708824354547419,0.6226586220578751,2
0.9004324418316125,0.7112748768581728,0.725020863687617,0.6423985721346268,0.7529267063337296,1.3638501805543009,-0.049713665947392904,1.1554074320407857,0.3204967862275373,-0.06784726943993769,1
0.37671849215727204,0.9425787478473073,0.2677783667903959,0.20030974268991203,0.5377265772548844,0.7329631556272543,0.48137917847332057,0.2952549740735552,1.0910936782959961,0.18349002541936724,0
0.5467858353077591,1.4432214699707293,0.09360653422337928,0.5441392219764352,0.16058882162761762,1.4365213018719014,0.3459612535952149,0.14422907205428553,1.1665484402982704,-0.02314394227085459,3
0.8574174061197192,0.7360468188878284,0.49752963872396394,0.3727011439094158,-0.024320624237770178,0.5667721201663752,0.7672028960662534,0.4971134300840051,0.7592874000748696,0.9720170019121435,2
0.8823788240687002,0.3654451384356361,0.7822128802816789,0.5842093704052742,0.7010437120120758,0.26286354679057844,0.7486304191363128,0.9983870587936408,0.9744750233419629,0.5332660707928389,0
0.32398755934092616,0.18888401995376292,0.9719523613023328,0.8431213047417114,0.2626398012913712,0.331659114252278,0.48316861034308045,0.5232284853086561,0.8726302895051223,1.0730872182725453,0
0.8686809641244291,0.7775522285907147,0.9790591095978941,0.6340172156132486,0.5862399813868394,0.7190675103493225,0.06063727041246709,0.627887399986057,0.5489231618455868,0.484126997065508,0
0.35227199113467916,0.6794760819542669,0.3205971758586464,0.056710569968111385,-0.16948300320631954,0.3543781898188305,0.5640865582163216,0.19794993018348842,1.2038219629414275,0.061859820176141944,1
0.8651194575656856,0.3929951139539253,0.8130932180080132,0.5822031546789084,0.7054584672462813,0.2835295129790947,0.7351181155266046,0.9545819988783781,0.9804782127174939,0.5206851197175956,0
1.454993250401332,0.11008632060885504,1.0661426725408643,0.47590922685690074,0.528131387969691,-0.29213803980853104,1.1474840738099479,0.6307352236540175,0.32890778157765815,0.6752447266413097,0
0.6032267220057211,0.9886092021782786,0.5027025508372437,0.21764729592835524,0.23003858978638897,0.7519350567100627,0.49363164470600085,0.23378395538745875,0.6100268952971182,0.08721901808369642,0
1.066019628262135,0.04398470912350172,1.2351196158824505,0.09324678859229257,1.139660218178232,1.4153791834950142,0.5498217132933314,0.45116064906561126,0.017403063447622102,0.31455970601643346,1
0.7065404444854131,0.9349250376533386,0.7132518686925091,0.6005383266583139,0.6656771528398738,0.6209067438798074,0.27997123393622014,0.9601751846993869,0.6258132026378065,0.4009346300122198,0
0.015206922309650595,1.0203347352147247,0.7139649062366661,0.44207903030657975,0.4962089581210283,0.7189377788002,0.35272316737512044,1.1211342987086121,-0.12482095075151514,0.2801593518218792,3
0.6836511429754722,0.40454676650756805,0.7607474350822412,0.24097586414711303,0.5999963140455352,0.790639473327524,0.5691803724657153,1.1435922212521132,0.1953167803491721,0.3476906941317264,1
0.5809253925599377,1.4137383307838696,0.32722771715636423,0.9991137429712519,0.8320670739146113,0.30812690896038664,0.4907097889170931,0.3356013163584882,-0.0927304891007274,0.047175007890359555,3
0.17050254555463062,0.22239184576771875,0.8080511863726031,0.18370975807414425,0.7391078622436545,0.10423156555851333,0.7600801400695394,0.07785798120634622,0.2574521254395232,0.746763075742915,0
0.1252092183948723,0.7092089887718943,0.3839527012328078,1.1458906668667161,-0.08557748750417121,0.33752881036437155,0.48098576866997234,0.26922434739455453,0.35483757165134444,0.7976677746664194,1
0.01843713861029082,0.09245585933793275,0.643154125304686,0.2794048737628643,0.04806677964523394,0.20794289117916454,0.5719479534009511,0.22035408309303212,0.6958900372222234,0.7743880995731569,0
0.29417361725977037,0.1527458818401866,0.6339885061792142,0.8742529000872357,0.7459512572053268,0.8567490379216418,0.54359774990437,0.21263298042265805,0.5181208649325044,0.7353168967179214,3
0.6363721207480209,0.8884026805859229,-0.06641374551040241,0.08658499328459235,0.17518829913233072,0.647644115107163,1.0059495324539898,0.5272340110159003,0.4613333591537008,0.3710081142243966,1
0.1369661056098903,0.6873650038520912,0.3758739589139948,0.4609501466467558,0.11795681184195231,0.8943764747321497,0.45408458330878554,0.8290516542227886,0.05139184474688169,0.8307138302444438,1
0.282816831606824,0.8864590923087698,0.8461452910965369,0.5693246222081623,0.4887054405197049,0.9104786185305512,0.1687283441467925,1.0136535984540391,0.22024987833610465,0.26857728312236834,3
0.10723748547807824,0.8766559550920453,0.889061363876176,0.5746124075374957,0.46824240775784975,0.9373470585052299,0.20442672969864675,0.9874521824842376,0.013981384809774133,0.2638073260253441,3
0.6249450889733733,0.05866983108641026,0.9945846814769612,0.8780216968866832,0.4007028180693134,0.7633154472722867,0.20848025890812935,0.18768858084776885,0.4703970692737944,0.6155639070078917,0
0.8657489694035905,0.39619950213660515,0.4750877901334337,-0.10433642639943816,0.8936130243680132,0.9917468938829307,0.38595782894566194,0.5097545326277513,0.25273364605605,-0.31598455424062716,1
0.46243252499921117,0.5330683874324471,0.22762152660400053,0.6511472441077938,0.7850990695440982,0.9290848171588216,0.02930259068371448,0.6529030804093131,0.9686343477494305,0.15149579518867748,0
0.27039968489942945,0.8846638960539458,0.4363465393581838,0.9380521269673073,0.5161289882011674,0.21196014707015656,0.9141086157439965,0.06967728499364609,0.45385541717192723,0.8447568762603102,0
-0.0037330207629514608,0.08731635761562345,0.7491065254755022,0.2487113441458791,-0.07015474808605207,0.11400282356655644,0.5777853111588421,0.21571004511990233,0.6552335251245388,0.7516644468929935,0
0.023145245775156968,0.08902793807495178,0.6276997651919058,0.25789840487073823,0.046895127967738356,0.21395412608923164,0.595711505415819,0.2252423278965672,0.6908288919579125,0.7734251230809311,0
0.03375504432902615,0.7800209925607455,0.25877548821017377,-0.027177560635438913,0.28416110730884925,0.7823679684022686,1.0890711124053047,0.5306346272899958,0.9273397682368871,0.13698059143776253,1
0.06829546648064955,0.2692784546600307,1.4921601374083768,0.4343325332174519,-0.14265016249003482,0.6854755500406537,0.4128810698541762,1.2070136822039106,-0.3716766164287032,-0.21245434210829717,1
0.8276461673811262,0.14921305387814515,0.674920334206018,0.12370852771446769,0.576347295569904,0.381852844023764,0.24043953741431548,0.9115320923394242,0.9158230644688609,0.8391060143524157,2
0.09529021237747749,0.8513466714787873,0.8105203158404556,0.8017202657431476,0.5487301381128101,0.7864316947239952,0.15796133686852415,0.8336474734679394,0.579544319855142,0.5936270403977836,3
0.38267948536051816,0.9070059017866167,0.4556018743471748,0.7579793067155763,0.8985281319591835,0.3112563198717354,0.9573300028294246,0.9152429987153281,0.1859407864487308,0.29433633639341494,2
1.110993349962915,0.8543010064566736,0.40854928233375665,0.11902777118792468,-0.21887383901587265,0.3116915684090724,1.1203606049648485,1.087527626395154,0.8130713038549233,0.08107625696594287,0
0.03509444526180741,0.1357326056375039,0.18559348203416295,0.6844277767710549,0.7454231500846249,0.3079887904119192,0.492784216514478,0.7530251953257723,0.598839367668249,0.21889848530972736,3
1.3688346037315564,-0.36803058513294995,0.6369985070070142,0.8205480327293855,1.145061751186073,-0.037251879690479495,-0.35834996661236884,1.2235898668923224,-0.04785538716555948,0.05649400724914122,0
0.30926217154686453,0.1750207933828308,0.5223376025719081,0.7564237747363448,0.15093166102883832,0.5636036495369495,0.4166340005950931,0.5525393481325092,0.14970839775179723,0.8326966720066574,3
0.2299706177210737,0.7870146020242728,0.28524264112502323,0.8269909657632281,0.7638861239778107,0.2151722567075895,0.9520020607641151,0.946830263326144,0.16225827204227808,0.4348157042813772,2
0.8446442631660923,0.22234238389062913,1.0392539908966087,0.37124820889317034,0.653082774454294,0.7805421017441042,0.28248007890599086,0.6560820119723906,0.877908503172009,0.8345601574573189,1
0.7757772995013242,0.6555950156295544,0.5194944686280374,0.06084414997158645,0.5061504311845677,0.02373254976815177,0.8241273134234143,0.9951801770710258,0.7885213503199637,0.8051640830412724,1
-0.2686904678945543,-0.06705622515312848,0.5143796424904603,0.8784117004814282,-0.4264514668464797,-0.3141858216870499,0.9222733719574399,1.0746537592122594,0.3737316677171548,0.9422386210080763,3
0.8784984403700182,0.3196344987384517,0.9248761554331523,0.48793027371518455,0.5465038014816376,0.702329026250092,0.14968022964973282,0.6940384532231405,0.8106936092019215,0.8144843270149851,1
0.9450186257877471,0.16164056401091523,0.560914337521487,0.5537143063962214,0.22860900883369725,0.1717648797321703,0.1991746505776008,0.9172011206188331,0.570055240842706,0.5092645586972557,2
0.8782291175813037,0.3542390358801114,0.7872921652987899,0.5439072307353736,0.7219470099531566,0.2980898464797955,0.7155527841894248,0.9633150457757295,1.0139652441169946,0.5575761357257422,0
0.5510956632346942,0.7873405251857628,0.5509709498273831,0.3464949509488384,0.4496770827956862,0.7775675069834637,0.15268032437417062,0.8144825854700692,0.33743924786053553,0.38194788317473427,2
-0.16827323147080792,0.27241807066006873,-0.26468726916737156,0.4263130391744904,0.5275646703088592,1.0001107697552396,0.44800444883974505,0.6058461070479113,0.6697789373443774,0.11271213260983237,1
-0.066577879130559,0.9570554545590282,0.41419225378111807,0.8945493552832194,-0.02855791442332506,-0.23627604590165607,1.0631455694930092,0.7450499760503687,0.9126307222183038,0.11677729023351124,3
0.05903135862019543,0.2381956149325194,0.3022938105707712,0.6688786955080435,0.8097280965313322,0.26758436392196827,0.485572992706342,0.8182502124177781,0.6840012397207408,0.260324136590981,3
0.5225780191439908,0.29593993360140436,0.0617359966461693,1.0153172776297699,0.38959710478897586,0.7565204307417412,0.9809185479077195,0.6758381518724698,0.5054235805066966,0.06647733284813655,1
0.8732398890374449,0.6645658938287746,1.0522788114987371,0.5477773900904979,-0.1527650389264107,0.1741269744676033,0.7611592624093436,0.342740848625303,-0.07068907167067806,-0.012654857925807284,3
0.9203837380242688,0.26926044137360217,0.9414395468482465,0.4373708486899362,0.5309047231888278,0.6480035453801044,0.21034646868769116,0.6951131631100151,0.8480103936027101,0.8351279024732002,1
0.19231828743720925,0.8211873785437294,0.5117462953349293,0.5148175651921107,0.15902820110055998,0.8544064842674253,0.5890923349180734,0.6419392206342159,0.11900272117043652,0.7518043298320009,1
0.5589151929913436,0.9137653312774682,0.949583102905778,0.37274727224057924,0.38926969393054245,1.029274974773868,0.8963349513281574,0.4949298934270264,0.7917254016553581,1.1373646247774036,2
0.2983756917294493,0.14202467979722422,0.7215402524978143,0.21186787731353635,0.9096458782280494,-0.008407023917745707,0.6032537935396701,0.7787801960633982,0.7989085979744691,0.1555484372344404,0
1.0969277342182613,0.7746903360574907,0.9855664967864728,0.4714350059277034,0.2065190685351425,0.7318138760297682,0.98034889764482,0.6473428974485453,0.5825748949072402,-0.06500936902484394,0
0.30986873659081043,0.26652503876056144,0.7644653009189939,0.7403960419356098,0.6897084913535012,0.786161271722531,0.44496862915166935,0.3016444410212372,0.5203870576195426,0.5811224468336301,3
0.3182865347563209,0.8104607660693596,1.0202046664425657,0.4611828899318621,1.0390627345319838,1.0237054260711331,1.0753415141470546,0.4568534755679709,0.840507743669859,0.84893072781894,2
-0.0603001103406601,0.957687944097599,0.8283963993703575,0.35348691774015994,0.030512483787235888,0.29752606662747955,0.8145769544755315,1.0170044925330037,0.6997583550793537,0.09460729802080647,3
1.0325013769581892,0.6853944778046395,0.24061032936211882,-0.10564609310699144,0.6190195726392379,0.6365925168769084,0.8825028357339855,0.4725879203216578,0.4071683692709741,-0.07226631717095203,1
0.9800300851196013,0.36536125708199196,0.7749988897563282,0.20209343450215542,1.019782378963484,0.33527813434623377,0.6898383252674811,0.9668491409306922,0.6963651476972627,0.553725598912654,0
0.41706088461619895,-0.04681671909643977,0.3089516940728962,0.3422288062643505,0.3357312753622904,0.6818837340611017,0.3885276104368083,1.0439095352360286,0.3184255721706385,0.012835154149966652,3
-0.008336030190131488,0.5081151632600439,0.07609639421452824,-0.10144613547686815,-0.041111731868289536,0.10670337426251808,0.011528644923955111,0.6903581797493729,0.9175657330141435,-0.45303592595505227,1
-0.07522952186794923,1.0882135251733636,0.8919108959926803,0.7103159232424013,1.028089297270853,0.9910832989017041,0.9199466841896473,0.6752982313282359,0.9938451210023543,0.7684491839899408,2
0.17598651327166215,0.5607583633053355,0.12174644441511141,0.10634906739950437,-0.04472906723978334,0.5124806885320246,0.774247321200647,-0.005556631480785945,0.928249437168838,-0.04133866124680516,1
0.14016584581227792,0.7957618952507395,0.5057910687778574,0.5670629066020341,0.17055965597890757,0.8612278419444067,0.5255381443134405,0.7107746419310698,0.10708678999924799,0.739340376234216,1
0.29647739543387297,0.13975786697233006,0.7035724090749936,0.9404103341703589,0.8097019852944828,0.898485783181657,0.6349087299136715,0.2276848296802855,0.5780165820848946,0.839674097486218,3
0.8969242729469831,0.8254230828481066,0.8768691779781077,0.6029851830831299,0.5786112453655426,0.8542432154150299,0.07255708353954121,0.7127907385724712,0.6471461506415777,0.5200446143321208,0
0.19196443840494734,0.6541756909205119,0.029675705666752324,0.17106960450861242,-0.0012734391177261634,0.5934084237778141,0.7098208618645523,0.06873642115405307,0.926928590017816,0.09198648528376335,1
0.29608316360712855,0.8550090202349896,0.34344083639748446,0.7997577510007712,0.8681899749884128,0.2852636685550559,0.8930932474778893,0.9461998971776526,0.23090133627718637,0.3604008768581616,2
0.10152787764318252,0.2092108377442437,0.25113429225892697,0.6961977896840935,0.8386775915880496,0.28226484857731887,0.46898175725600455,0.844422475487891,0.6647960801032381,0.29439466231935635,3
0.5395827101754014,0.16631900925132376,0.5488647605051615,0.3650988999401231,1.0846709854203476,-0.1784730417826571,0.6805516268560525,1.0071924033260002,0.9787987638774664,0.1605709857384041,0
0.2534341819761995,0.7183079937818141,0.8944667478447379,0.6115871027261391,0.7992662724929475,0.7810540797249872,1.113772162408525,0.3583188345434301,0.8893331124552626,0.9704064219303715,2
0.10290370820599863,0.8627917613257879,0.80259355118031,0.7941513655717493,0.533430341668884,0.7739049865444292,0.15522235757332872,0.8489813906738181,0.5769882498248736,0.5973654638287306,3
0.21977707942144825,0.8224770506520542,0.8040611844584217,0.5338386353834613,0.4569458750299784,0.7885416476814199,0.2216482333971046,1.041299102998205,-0.029058626989421174,0.1633675404255784,3
0.6162848373638992,0.9670537868995716,0.31588050389058314,0.9924974102075219,0.5505200154688191,-0.1725844078353781,0.550242704212081,-0.07386139411027398,0.11251859628134764,1.0003246970659505,0
1.0405550256253058,0.36483107544147875,0.4905843651248032,0.9012960431586441,0.7675730608204412,0.6236443577095252,1.0711886568295685,0.6662629174470271,1.0119816889902418,0.411604792009947,0
0.19298195028255477,0.9172486405621043,0.4901677526323421,0.11612680644653617,0.34854366935809444,0.2626280903144597,1.2672759165033325,1.1925946877692875,0.3604732511847578,0.2054557505501705,3
0.09308470925971729,0.21633828756813211,0.3076981828572005,0.742598081835323,0.8704914288315231,0.2868460594012334,0.4423282741070316,0.8078312587417782,0.635357068489095,0.27889950881997727,3
1.1068785697997796,0.21931632225100325,0.46020166445362487,1.0928970610715982,0.8914164159143567,0.31232066249219764,1.08781925370995,0.3568485361351833,0.708720802332875,0.4820965702061041,0
0.11548878507351987,0.1820809649949755,0.27158763017145876,0.7313066732942494,0.8521293593518926,0.26989260877173815,0.41858708853127463,0.8168226648545845,0.652283684692278,0.292235752836149,3
1.0620725846991241,0.7937233298558638,0.5579517913598196,0.2524787255239285,0.7008052359786748,0.8750276446620844,0.4887847040978051,0.7720298256505114,0.04942985229621946,-0.019199787365207666,1
0.8466368247673498,0.8137336741196648,0.865986472538538,0.6505030206245528,0.6031801199254115,0.8273958953363942,0.11375653072833963,0.7625282004113972,0.668451388791903,0.4937829116534981,0
0.15265658335098545,0.2498763326870635,0.7850313770022281,0.2290377879814439,0.7470205487838082,0.05855410075720144,0.8049467499475156,0.14734680479170204,0.2546830584233726,0.722724130958296,0
-0.0888722459357546,1.0337754737766618,0.8116025670374695,0.5013226103211477,0.04050803415808826,0.1531219011152779,1.0426391369347896,1.1720117729992126,0.5149254141225046,0.08192963053422593,3
1.0119081501056015,0.4818897258058783,0.9599139507463875,0.25896946585891734,1.0171848782847963,0.28475398897134163,0.6136457745718764,0.8187050797886722,0.7824632091855653,0.4666224427424195,0
0.9291116488838194,0.3468229088713888,0.4187266954376871,0.4135128219470049,0.1814226345185247,0.2095006938217714,0.3175940987974944,0.9285778680336905,0.5865308179669411,0.7412602429553666,2
0.345668088516342,0.1902410915012071,0.3431142359734188,0.12235961948608418,0.3991497456015388,0.7108249005388676,0.507630417038641,0.01207821264127363,0.7547768311158652,0.7592948326174577,0
0.076217884378579,0.6707200978425469,0.5966910306569219,0.6225243228512783,0.16916491115093593,0.8745438468571711,0.5933240080240076,0.7247917567176264,0.2042822902861928,0.7011541827372829,1
1.0483009997402732,0.08342945437768659,0.9575957572354497,0.34534897963058886,0.44786342523949974,0.5045179555466017,0.25180809485778083,0.6030413164908618,0.9068951909453807,1.0287094584424628,1
0.554380504854824,0.4761957940935617,0.6688241260112537,-0.13132497563500947,0.37452780088940635,-0.09151302725422476,0.5693959330411984,0.8081730524090589,0.7544915201097162,0.9912078578768174,1
0.5444277949880577,0.28681003577905845,0.07365644977796926,0.9757111417229992,0.432103085485883,0.7752468992534384,0.9998755061227407,0.653830613807142,0.515707888517401,0.009930767874348469,1
0.5089954316710347,-0.032942916785260457,0.8049237561582426,0.777042893544613,0.4616969742099205,0.7950201961087022,-0.02847120134956821,0.02245083624692866,0.817311545261996,0.2929094513708939,0
0.2496768065836087,0.14698001448536746,-0.11468845831024987,0.7255262713981624,0.0982959781031462,0.5889211920706368,0.6897594964595741,0.04683110868778313,0.8138019150111859,-0.17927095752992334,1
0.07959987162368515,0.7040177129430903,0.39560861557257354,0.5113344888094147,0.03608343355153129,0.7626094382893127,0.4009381706651902,0.7653672553818481,-0.008722933050078457,0.7419773375342926,1
0.025265885748019745,0.07861753286950157,0.34166009785697565,0.8315774467927235,0.8821039787495458,0.2711542206926541,0.3811101461196495,0.9386252417632733,0.6674240432044094,0.32538055436115876,3
0.27275168553048057,0.6991209207629556,0.49926848496118215,0.455736283799374,0.2257983335996533,0.8725592283688164,0.662855526670246,0.886320449159949,0.16803308182762638,0.6944391914248289,1
0.31125422072613906,0.8540988772447174,0.3635154503333062,0.7833229138025423,0.8623027610511479,0.26203879468254115,0.8725819333455719,0.9631571386024473,0.24202208809425976,0.3839513262771182,2
0.48189802649606306,0.28630835945174576,0.26623786194369903,0.7350069272781649,0.2528691624381696,0.231572339475546,1.0416891804033523,0.0557860734345062,0.7933572644016711,0.1896077843028959,3
0.1487067031908201,0.5597848495910607,0.04841573380209337,0.2188556097218123,0.1445778178906074,0.4631516923803661,0.7600516276021134,0.09234730898430088,1.0366585279409135,-0.014896129956550867,1
0.2494543140521655,0.16464776425324748,0.7049442093412843,0.8571371477572635,0.7106710189070959,0.8876813814548046,0.5272677485728001,0.1733349284667385,0.460264821441802,0.6682521761119191,3
0.7802284004675433,0.35952559901009995,0.23525795810793285,1.0091716130064634,0.5331352712549404,0.5921855959226563,1.0553027357200402,0.582768651507125,0.7450552653760639,0.5982504796346066,0
0.5170546527325934,0.7824364338997294,0.5344446663140554,0.3700052898065115,0.45898643739415956,0.8083608132897094,0.17407541308688762,0.7998735185519978,0.3502881299893658,0.39078692144182847,2
0.11177177563042945,0.8541725991548849,0.8209873452588549,0.8087579793897101,0.5293310890849207,0.7807891742931519,0.15723478637750885,0.830712773797359,0.5752160515812894,0.6074933604708638,3
0.2504579079116825,0.09856998975753362,1.353742140615108,-0.03996890482223492,0.38537239708237936,0.7916329646968717,1.6641802040562363,0.3844321174481153,0.4931031931359555,0.5913317748166126,2
0.6532000636622868,0.7680029525386558,0.07056672092076385,0.6262856057276913,0.5452605337495776,0.3920238604314187,0.5600016279160636,-0.05348686751866284,0.5392833014791941,-0.03014310494324203,0
0.26114296365261236,0.14930677072467322,0.6888432968155582,0.9316157517085234,0.829367583939988,0.8615218744194605,0.6034552038675955,0.21273972526672164,0.6095979346549185,0.676047462352979,3
0.022804447086449853,0.41099600709390904,0.6551515550221849,0.5855709648897743,0.5062854249961649,0.9644117065805344,0.5085903260993915,0.018215133772615577,0.4003805681027531,0.8050829579178798,3
0.5672424590319777,0.05385394227640902,1.0352741008650712,0.88370046916841,0.4741684824702109,0.7354051064842636,0.32432292663179146,0.22419918720879153,0.5975834520023766,0.6750957353424564,0
0.5342343325188398,0.8058633048448842,0.5322019123910368,0.3608392852683349,0.4384209923914433,0.7871744969073741,0.16099254199887914,0.8143621836213217,0.34944438212272527,0.38856078717608833,2
0.8515334859361179,1.1027544755256091,0.5469991025985367,1.4671877745458368,1.3442341833299252,0.2274402825077444,0.7745885111043143,-0.7191196317763133,1.1762567861599953,1.2191694936601403,0
0.42728362676410053,0.27210651402338987,0.6576734296809109,0.661947439182152,-0.014682369832674153,0.559545308008715,0.4517157158104632,0.3992321589234028,0.14045221117275486,0.7844299650719727,3
0.9384771505033089,0.3753793635192863,0.8200224155403761,0.5038627607142774,0.7521327118154215,0.2964984247214332,0.6800977064901714,1.0313951160343668,0.9632302345009804,0.46763513990737043,0
1.0428958567927584,0.6871550796845861,0.782697090835087,0.3418441412931336,0.5367216864981298,0.43891893879630817,0.32530934242433984,0.49220337615410975,0.33716315330850133,0.5729753133523656,2
0.14971510999882087,0.18603751353574066,0.7960516080140525,0.15090584764475332,0.7484181707136797,0.05070860633093488,0.7659367096962331,0.06991932938708934,0.2803545850790052,0.7703162859312865,0
0.7889283703571329,0.19808287899993934,0.915739535130998,-0.044165572968095757,1.075968978376622,0.19201238780935936,0.6228160826439074,0.9754793402079863,0.7026639507664761,0.8080601257885114,0
0.5179674876507407,0.48700367002808914,0.7002879371197679,1.2558725180805987,0.14539216006489286,0.6994728932575016,-0.0003384348004881188,0.40301048728229205,0.03257672177424524,0.5263379366189758,3
0.837317186865346,0.5415342675114989,0.3798402579870672,-0.008773520939324035,0.5915644618892992,-0.14876072505380086,0.7126583609509304,0.9794423648016454,0.6445626775051061,0.6600450069776872,1
0.683207123603438,0.4843668460921591,0.8086013552493401,0.8186254902902956,0.6659241343764233,0.17660435162922622,0.26006773496314245,0.589074061092761,0.24243463488778128,0.04106428661441762,1
0.8202691180985319,0.3274506385896998,0.08488068437832721,0.9439941571731495,0.5489474210265786,1.0419085658130125,1.0265755121635467,0.5721626223143925,0.5117653923899738,0.6174054388447028,1
0.23701442540968043,0.2189330307200637,0.7530365378389856,0.8358290759253973,0.8684257103334201,0.7549779497944964,0.6155414550337135,0.32610417017773574,0.5213687151481835,0.7700449138097426,3
0.8735848634427476,0.20598106405809388,0.8169490663345251,0.08326724504920414,0.9430987432763057,0.236734507096167,0.7510318823623643,0.8359986789081203,0.7260493500686995,0.7490202858791339,0
0.8652227469325576,0.8282512514873225,0.8651890330010541,0.6297039350910154,0.6027176695335338,0.8284928268550271,0.12068375604727352,0.7501920680256331,0.6861441045738534,0.5020230304097784,0
0.41254270371894075,-0.005485385598065018,0.2652191570174171,0.35485081278149994,0.2648072113270513,0.6059487653906899,0.43278012625533036,0.890933030832498,0.35230297503774033,0.08307978049462549,3
0.9110200270975255,0.36393939888648985,0.8132382226800074,0.5572480835394752,0.6915018746732798,0.32183144602675623,0.704676939430465,0.9535092106347631,0.9545917133143349,0.5594327814675402,0
-0.0049456989451644815,0.1354724947243851,0.6012510436337882,0.23522288555611084,0.059667695371487986,0.21171453164160478,0.596496019535614,0.2587584032341931,0.6928125585123557,0.7766949000385897,0
0.9742671419007383,0.7658083846018432,0.4205454615980623,0.03685375192094937,0.37729893092227984,0.8283211907054499,0.6277869893946822,0.6855630656548688,0.2869989311782907,0.15880975515433776,1
1.2199738554506616,0.6286012677299622,0.9122949657378229,1.0211241664246427,0.21395885487355637,-0.30179097106622943,0.3316549014857736,0.5388626662602147,0.914965425429412,0.16648287845319837,2
0.6921927251824709,0.7433966766116291,0.8314130365906235,1.055137271180956,0.512134026229451,0.6842556988536967,0.3873425316620708,0.5101905661238878,0.2689537866711515,-0.05556162988651686,1
0.20730117528061587,1.0476872931837995,0.5088547848710412,0.4259881926486334,0.4094151798472802,0.6191301113122376,0.685892145682541,0.7755632119195556,0.9470117615566017,0.4906306107964691,3
0.6329186133625583,0.3372475540731502,0.025162074612495984,0.8898237392068402,0.4947775492220781,0.7311172827247225,0.9226431315241205,0.6872757430160793,0.5016570407144257,-0.004514073070414463,1
0.5351565517683443,0.8023587081911703,0.5344628707032025,0.3597204487204742,0.440623662504847,0.7871917463059996,0.16177148092573457,0.814052516514296,0.3483760425618148,0.390791952909534,2
0.12025129751890601,0.7812915316104884,0.33672174603930477,-0.32763856819227566,-0.18541909344903085,1.0232902752627187,0.13186771621740415,0.3737252617989223,1.181066978309968,1.2514175787799329,2
0.6327335422031414,0.13124118986623454,0.5245458841164011,0.035121689075649165,-0.1894957832197417,-0.3876869620206904,0.5564590603878837,0.4263131581742454,1.0070561545397827,0.3282556502402002,2
0.2564824636190294,1.1892254196607421,0.9146322747840462,0.33301395328309524,0.20191033580780338,0.14790121869281006,1.0303131037072,1.1268072813773202,1.015711371733093,0.2521235953052311,3
0.4774553758705709,0.21526736875215877,0.015495966550082271,1.0509550402757655,0.3749395505588951,0.7787702594570799,0.9438065405961522,0.6510489351097002,0.5765991693591287,-0.029128646724947124,1
0.8799371767447132,0.39703514129243817,0.7744573301864077,0.5693094348411935,0.7435786344886978,0.2539340552649745,0.7536002142729712,0.9774064550124901,0.9608921668036235,0.5228242798913704,0
0.6488433324508763,0.03855053043136347,0.057292393408419684,0.9324757446602028,0.8082776390512597,0.5499807043289064,1.1586864898003797,0.4346086894172916,0.8388422736056115,0.5480502669009961,0
0.04928311861885716,0.637655701291129,-0.0326175537770111,0.40427720309309567,-0.009546919772661755,0.4781874613372997,0.672835411951936,-0.019438781166127683,0.9578899886962996,0.03605532304500698,1
-0.006229819718226698,1.1621955743516104,0.7585061387375059,0.8428522346799273,0.8179155159763556,0.056718068867641885,1.1639519855771963,0.10878230954310694,0.48600587050936817,0.5362532509526095,0
0.6153922864119745,0.14305658005352537,0.6999339459144447,0.40929399868356076,0.5587132001422583,0.6305113941148565,0.07974015339831828,0.5391922506785151,0.3662007182650081,0.6025626490111939,0
0.8645703323656487,0.37907618484435884,0.80697346679532,0.5603174705015876,0.723680409069505,0.2837348271555854,0.7198230889288378,0.9775909402649117,0.9812846811084062,0.5119269981239648,0
0.10069900511206403,0.7957696652336433,0.45424869648417876,0.6453483155803145,0.14671618431334385,0.8768017409320242,0.5252470624861532,0.6578910197496217,0.10712571475893316,0.6648199683630875,1
1.1015259588425679,0.18628802150374799,0.41393469597956306,0.9866529287658279,0.741686700711526,0.5927965476995926,0.8120260206801901,0.5332875195347071,0.7923911808346166,0.5428314419991143,0
0.28863313960377346,-0.08129508897654746,0.4237967900630951,0.3978613931019003,0.46369484661931226,0.6304840106637579,0.34965142117529424,1.0100363493308018,0.7260132297506818,0.3943243795565342,3
0.46790067727156215,0.18858453654901225,0.36566072801742566,0.7952375216632469,0.24749764406932484,0.27588667786204285,0.9562826634356777,-0.027344494014846926,0.824419797993253,0.12752417072632005,3
0.146694019321654,0.772746024296861,0.48742394814539197,0.5788239917272798,0.15898027900990383,0.8420983831008253,0.5104824243449165,0.7219879673521165,0.11078974635934655,0.7334641475968213,1
0.38744825757994117,0.08309213090543191,0.636754245193493,0.2459665069311056,0.960871883602058,-0.028304722184284946,0.5978196794436536,0.8654454294968423,0.8230862583705267,0.1484092283776331,0
0.8484732507095561,0.15231917100731926,0.6418969679586221,0.08512858517813945,0.5341060971549665,0.39270875719931686,0.2043602836696446,0.9321652010905337,0.9375193559887106,0.8203966617764504,2
0.18362383766293974,0.6667340084284237,0.30376493616762484,0.5061026358328797,0.5704854433440592,0.848451286948874,0.5303586338616155,0.07819287552664791,0.9735332404203382,0.20013124346184052,0
0.12703173698703255,0.9403545515975398,1.1101051816991334,0.5612334150033613,0.7685668141945289,1.0527251500567427,0.9520404266432301,0.38257905774786655,0.8267996066004617,0.8908659834748353,2
0.1584319624963134,0.5475870100372653,-0.033170070086741416,0.2953540854047782,0.0005199336190765819,0.49455031886307177,0.6955162782411162,0.08341432389992427,1.008462428530412,0.026389889300946587,1
0.6184151218154108,0.10986811367062496,0.14113019178636071,1.419511323154212,0.53985029973752,0.37829315579598166,1.080793653355098,0.47773026005360586,1.4041635207939247,0.12480540014671065,0
0.12861908220869495,0.1897815305434576,0.27471277606895467,0.7321875499577202,0.8639822851548757,0.2590303490676805,0.4369369222159505,0.8297185797386664,0.6314653667062792,0.2850906664610391,3
0.6626825244191102,0.4274447339325291,0.929512872948754,0.47579886752792305,0.15804274894066364,0.49347521744082723,0.8645600721604392,0.6532940456050724,0.14596665140223009,0.29780071067340275,0
0.9023232966991308,0.16820227923800424,0.8834729523342305,0.5660605621462244,0.48451267975394924,0.7094331984468903,0.3308583003196129,0.5777623839364844,0.9421443601652661,0.9082174952336564,1
0.8525648621333348,0.941753339035541,0.8813073055774309,0.5853247619463415,0.4846596147493806,0.8792835437789667,0.09529503365042184,0.7543361422337671,0.7098268536647124,0.6145232217023213,0
0.539733006702043,0.8026504692981168,0.5314043103114234,0.3540068191981479,0.44071864639075936,0.7798643736870735,0.1672005557258274,0.8101920310793971,0.3536033748050522,0.39636779172983116,2
1.0011954289455969,0.7501597570083817,0.8673106147879478,0.7336906019462804,0.7377677234184853,0.7533250926804379,0.042259950625167575,0.8945587447881287,0.8041968454690862,0.46194703125936804,0
0.17159010459743715,0.4205951766484486,-0.01996362209878677,-0.2971659416564717,0.8800846736871428,0.897358866069698,0.6232736607560705,0.027771249796826547,0.3101086409976769,0.945376171810365,2
0.13685641497841686,0.7994319473979359,0.46284231999538095,0.5581914333509442,0.13992612628860926,0.824778459411059,0.4884824956735917,0.7432648490142854,0.09098413289914643,0.7451003960586928,1
0.7863763788967968,0.6421479268351734,0.5103596315220676,0.05564041722212438,0.5241941679164097,0.02540764864055028,0.8111122041576696,0.9738756892688447,0.7908809772306578,0.7955077565749044,1
0.8240172902188789,0.41543318758079656,0.8513788125029922,0.5189127531520829,0.698382171464023,0.2567254816837541,0.7141899730840755,1.0123858619036452,1.0182889892219007,0.5337655969820514,0
0.5244028812623228,0.057558947198097676,0.5228924108858135,0.8606351928985517,0.7337756123399614,1.0517813885698761,0.8629909888302956,-0.08056262391448693,0.63148777101841,1.0132808711732695,3
0.9644299092972981,0.7356086360979194,0.40480881058488183,0.20395780376787895,0.5934611591585416,0.18471813921615834,0.7141387497389851,0.9356495748440495,0.9273252848219031,0.9427390642095091,1
0.592005606336427,0.6212236210922938,0.7149273912504301,1.0172259778109776,0.5239329904705777,0.5798588853063696,0.5724507802881539,0.28398932296801027,0.09566556474193241,0.01150944107180471,1
0.556536991727019,0.648684635348941,0.22750263351152072,0.030512070179846182,0.7512543894144281,-0.15760895824100415,0.8025063683483095,1.1817708113530252,0.6354969460714877,0.7598369480772342,1
0.6967754209117071,0.6562032637511406,0.9121766741643569,-0.07896363506643456,1.1973211107230928,0.11164233708965843,0.9430341719199413,1.014923234263869,0.992676404825495,0.49162336067105006,0
0.1812075020475009,0.2024035501695343,0.8193077062018659,0.1985893030545579,0.7648060331571455,0.08076603919854144,0.7683492308279601,0.08055306144040651,0.27076720224078804,0.7671266569628299,0
1.2544510023570439,0.4962319603371349,0.3581728474870323,-0.14181024288311006,1.4405724727754907,0.7963683531874628,0.8102230329549672,0.9696245630396377,0.9547895862511473,0.27812058118257504,0
0.6828690083009792,0.7065608654156172,1.0552186813730335,0.8958448440712143,0.15069410714021658,0.7735964264206031,0.3261293030630692,0.8288968483373866,-0.1197823192710159,0.47798179550324815,3
0.48175657249056747,0.04414697737808716,0.9454805215763272,0.8729135676237034,0.4452783797616991,0.7599721101740693,0.24901736651992873,0.1110233765926511,0.6139375301525134,0.6353354471147592,0
0.7620832464923399,0.24634005376903684,0.5706232300616866,0.3203739574278277,0.3288039143863861,0.5504915013567946,1.235973981335848,0.33685890916998656,0.49926633402408177,0.8258120658878523,2
0.12814130687220582,0.1685006347744269,0.8463259465454845,0.17797755284417893,0.7922842497911072,0.09214428724913748,0.733304185424861,0.11704680524007834,0.31668872956254135,0.7933875530605285,0
0.33770646506482815,0.3115493042989879,0.4046299762402973,0.516503368683248,0.11697432098784677,0.7921679996660453,0.3650473869451719,0.6985315071450136,0.4491461542967121,0.576054132323552,0
0.004464379782215431,0.10748226061480146,0.6288205468618983,0.2636183123698755,0.030418794505290062,0.22047473341677012,0.5765039870481172,0.2367464932502393,0.6838477101811566,0.7733535473917584,0
0.22013731336344855,0.39887545127292356,0.8489138972279622,0.7534196724912661,-0.0294255063794005,0.7379172503261822,0.1391804857306989,0.1942026306655757,0.38747246348093667,0.5352232604423878,3
1.2817140658085822,0.3366582982212997,0.7919504309126068,-0.20115887884288758,0.7632780800342382,0.11257141792124165,0.46481829688607573,0.8365521286187154,0.9969031646262138,0.9313234323399059,0
0.8171905481357667,0.7991568909079947,0.8454209591920703,0.6555336090057134,0.5436534636832955,0.8194056551882669,0.13307549670969343,0.6914266696670458,0.6964322827957895,0.49307396821311233,0
0.4637663057154273,0.06921079954779603,0.9572273361530436,0.8780075083334111,0.4414892408226929,0.7494791506919042,0.22873766515976582,0.0968331114505799,0.594760663833461,0.6252723126073406,0
0.3671695562232067,0.6015550449357426,0.7319628900378303,0.9885800592839777,0.15261174459440896,0.19523086196054873,0.21051264840175066,0.7098443232645447,0.04570747811229338,0.30243295263466113,3
0.20718070921781787,0.7429337209277882,0.3770719888221379,0.51596014716663,0.1355322514751741,0.7934403025657966,0.40492605725940184,0.7846202548822965,0.01966868221079285,0.693377359534856,1
0.08123583244295844,0.7928382419518007,0.9175863231893424,0.4456747833746681,0.27315068639647,0.801450291936366,0.38625968556406376,0.9773894524501212,0.1970984970261975,0.3935957223207529,3
0.4951266901474284,0.058251608900249975,0.9719191035266235,0.876977191360854,0.4363064193762994,0.7722392196757032,0.25716089626659044,0.1029025753330989,0.6275324776744577,0.6058048988058387,0
0.6960263317815745,0.4425455985016731,0.8411612931348746,0.2022610581315366,0.5734811911981925,0.7458412639418986,0.5614024346039718,1.0167641050584164,0.37924767866246223,0.2790696901520369,1
0.4366164169278418,0.13281875018040654,0.9471671796738949,0.8422278915616318,0.4605858812618076,0.8028246067026269,0.28022991064955866,0.13052367145843552,0.6640190368580001,0.5640081724769812,0
0.0934621820292578,0.8440371879534888,0.7995364109015293,0.8171125905115855,0.5526356650465167,0.7807696211038658,0.16978075975587822,0.8420322463202294,0.573303644363064,0.6081720625692341,3
0.8103503907940316,0.657843038847884,0.5282754841931043,-0.13311441874448926,0.7484136106457506,0.04642190488607242,0.8370143934203315,1.1559463035025355,0.6859380743453896,0.6038957716673032,1
0.37803214022818343,0.5611700054662528,0.21513398234301825,0.08452621918087538,0.10475797174281459,0.49090119749099503,0.13122224140630606,-0.2768668914236563,1.1523878895982234,-0.06654846431712208,0
0.04375394936791957,1.0384605652085772,0.3605228585074274,0.806487034806441,0.7023448600253132,0.29490727002098305,1.0323955307032617,-0.05241397378212648,0.5066786169213097,0.8493769109305002,0
1.0211024915690816,0.43525192344404506,0.9267529426088981,0.24263664411797736,1.073761589008112,0.4153577197967083,0.8367512341239363,0.8901511321531848,0.6292632726900524,0.5625930486392462,0
0.45296882809661104,0.27384170589800766,0.8535370611149986,0.8774254109908255,0.42094519552575604,1.0393455658198065,-0.013299157493430025,0.3645917325005894,0.44280948743542786,0.5024740014355991,0
0.13330019817927444,0.2013193938727808,0.26839888781722737,0.751877547643199,0.8864353185736005,0.23786683148280652,0.4659911556671754,0.8150246477537971,0.6678864443231647,0.2570277761552041,3
0.37620798872487493,0.37637108003417397,1.0198284350732185,0.693561382878701,0.18911550302893654,0.19651922841315514,0.4615997750758519,0.5548042774499597,0.014465602960817295,0.42089091293885866,3
0.34407173564919724,0.9251990375688985,0.5564726843672883,0.8078187841327814,0.5071271595352154,0.1883319218822587,0.8850635545779376,0.1655814309596536,0.4501133018019778,0.8024461021417387,0
-0.008586399537546245,0.5214002282520964,0.2899807025472387,0.8839910859929747,-0.08166160337778687,0.42851421622939584,0.32179103164552286,0.20486874602950947,0.44630658761303615,0.7983368559190617,1
1.047315948152216,0.2743471259610466,0.9192305528154876,0.12528165623906573,1.112324058513727,0.39049302576875544,0.6835693048427609,0.9181185046314804,0.5774781302203041,0.6119421985950779,0
0.8356950596153624,0.8235455093343264,0.9202389015982967,0.6028230825942013,0.6431299115979406,0.7660848893826809,0.12025714309355115,0.6693977003070103,0.7344863513794933,0.5050021386451298,0
0.5319778888810173,0.8063780220602569,0.5285329398147356,0.3619434041031786,0.4364954633626165,0.7905312038485373,0.16330581622741946,0.8124095698145555,0.3460566312468337,0.3836953779478492,2
0.12606485543225543,0.820633492786809,0.8258466904887234,0.8946741402301959,0.06813291169263946,0.5235416592987578,0.08529359122097407,0.6705673141933159,0.26490058563425267,0.3954141584531011,3
-0.23624187770050453,0.628206296905992,0.024003976649749098,1.1151018360431428,-0.1295731770766952,0.45874212776947965,-0.01531860315508271,0.19680973841837798,0.7796151473233618,0.7912574786972395,1
-0.12618585234467974,0.3888047710997688,0.5071500581946136,0.09128296984434128,1.1353948644111276,0.46469652470165224,0.14056461431198802,0.6779022097560035,0.8474294960517417,0.4545151839407914,2
0.3615114416936073,0.8769289665242431,0.3747934593762535,0.8414447982328283,0.8295601574200757,0.28580768015062924,0.8273384677637796,0.9358560188088128,0.19667508270151146,0.4407946847308895,2
0.1703443941907236,0.5619959665177017,0.443952242287313,0.6356666215533376,0.6229617710271005,0.7312658527258843,0.45499321532758913,-0.09566848013973597,0.8976240507143426,0.2022535396829737,0
0.2255598226477576,0.6473021886532361,0.08545514514730346,0.09264547240699475,0.009951444734405401,0.5794272210226183,0.8572190622844053,0.08071449345198821,1.1404667416132306,0.033304945429819155,1
-0.014646220751047573,0.05636316411219658,0.5282290997580548,0.039080426486307496,1.2741233720423506,0.5711061335285261,0.41559727927255286,0.6878695610755072,1.031165000007942,0.6018045252656024,2
0.27831717648340937,0.7550829232642811,0.02960332387355874,0.4668786855800267,0.7355059819976916,0.2927196934141316,1.0186657293811887,0.22546528239455232,0.46399204433540686,0.47266330691523883,2
0.7487389402442084,0.2146417920971887,0.48184467370656314,0.5266636774420155,0.23790458162575212,-0.04044208743898142,0.4063730522611513,0.7821452206687,0.41402059085110327,0.7278969641125893,2
0.9330913768744077,0.4235897576532254,0.8439303809609123,0.20817277364467343,1.018470793981829,0.36413848582312974,0.754338948315367,0.8909603792787905,0.6377947601805661,0.5662724270703208,0
0.1599521087638929,0.14864761139424365,0.7923264198485542,0.8046913789229672,-0.07910452356300979,0.3608551350851594,0.5752521510409844,0.31021136104568153,0.3150418020574597,0.9286520126725732,3
0.8752675784743489,0.7554607119714083,0.8470918667887483,0.620047560332546,0.7051565312191407,0.8102884701941386,0.1632046813718812,0.7611448279564025,0.7435887415708421,0.4174669617699893,0
1.0191132190482448,0.46146275167495654,0.4489714850316194,0.7273332602974831,1.1491198344605478,0.08519072582804849,0.17947547264329566,0.8792441392186927,0.767609314215084,0.22741532216451343,0
0.10413280978793417,0.18738969381332102,0.31234619516119627,0.6891999421706693,0.8708621200419929,0.24488568647321737,0.4069297576521682,0.8452594240796886,0.6402922678810474,0.3106371445502485,3
0.4437954585866042,0.11864543912704739,1.0275952383404352,0.8180605457972141,0.40465401794007555,0.7250312942339799,0.3078812122351429,0.02427105155141951,0.5482066064438775,0.6159082467212756,0
0.21123934988317342,0.9248897147776366,0.9221547220237896,0.5998022980604268,0.9677578854189683,0.9620160881437776,0.9554217480857438,0.5272515335151603,0.6851291550092202,0.7925476183213066,2
0.4688537096128547,0.31521721821182913,0.35429118235122636,0.534162477690798,0.14521651771034597,-0.1963673650632361,0.05836195722919435,1.0504316385204842,0.8938572365022899,0.7351221705230259,2
0.3951492770594678,1.164763191085939,0.7918930199920873,1.2290662109227162,0.746584458606539,0.08120346014345109,0.20793714344150804,0.15871532151482345,0.612312887928199,-0.3039416321615538,1
-0.10893505728248898,0.3676875411099627,0.7063775413587154,1.0503094397173136,1.160289854790491,0.8183800745202773,0.5933611903140928,0.33312653746043397,0.47903366600852015,0.6501452813595368,3
0.6420825018488676,-0.3181812189963622,0.8454542553889002,0.7185600409449604,-0.314298041046361,0.5806769113027958,0.7572300619965431,0.6905431583497973,1.0595831596939123,1.0052510940158825,2
0.11151171203344318,0.8569353999034692,0.819648804881058,0.8091908659666671,0.5321631020932864,0.7798031954268805,0.15470432556447156,0.8359466282224577,0.5792040609022834,0.607531811863943,3
0.48949665894450345,0.4927546081376633,0.33536318035780327,0.7020734454529665,0.759503617729003,1.0443520752557773,0.03195455184179337,0.6043740117325325,0.875368978898286,0.1318706785189404,0
0.9271741283206267,0.6127276559754089,0.7436570197653153,0.16343405586901433,0.5657559077141785,0.8264597125695305,0.4639633253247386,0.9760770111158611,0.24170309141277374,0.19462159880127067,1
0.5022826554453477,0.0770437028178807,0.5819819804298783,0.6300379837540748,0.5314154849140165,0.6044528518825211,0.13711516723788297,0.4664380481128919,0.5395840960546506,0.6507708309927729,0
0.45644031903308585,0.7725418501873298,0.7904189242783184,0.9122159107735239,0.6404457383093047,0.46645650973413266,0.4383188082433713,0.34565174349744443,0.25881871206161083,0.10612787717058692,1
0.540661660983203,0.5560005252520427,0.9096258680789098,0.44429357643144946,0.570405289095847,0.5173601478996234,0.5333343832343229,0.5170917569460639,0.25986819430532926,0.4036913389804837,3
0.5304777180331554,0.8023023408126183,0.5391309259344588,0.36432422009864973,0.4418086022950377,0.784852829991081,0.16729193156589675,0.8187100672216077,0.3484955187591563,0.39131357008799,2
0.8850323420063202,0.31968400905307665,0.5590498105953704,0.45606532535379235,0.2846507692239601,0.22096603840848428,0.26296900182905586,0.7937793891378808,0.42646162138490284,0.751785869705146,2
-0.002651709782141791,0.08039599162597973,0.5924116734146618,0.3036569963279534,-0.03044846085156959,0.2938297540894744,0.6458629822884078,0.2627290596326791,0.6740278444528718,0.745833604423832,0
0.47602216695634236,0.18017061031914883,0.834945787697454,0.7754882888010305,0.07271878761669653,0.8136773237124669,0.7082184412514245,0.4285942136129772,-0.060808948594723855,0.64638389197247,3
0.5340768184463992,1.5004646973367235,0.8264132343421675,0.32971546886165803,1.2901650501360167,0.3818371492731737,0.6263608547824793,0.39992954316198237,0.0060045175460300415,0.133345311647184,2
0.33285091520999677,0.07116899018443347,0.6357297567935986,0.8670718980571477,0.7085675955764269,0.8972842404294977,0.5458801207730016,0.23374547050880876,0.5692988223389746,0.693187587088017,3
0.555985737076928,0.2608622346666348,0.1029210591655507,0.9966017381661012,0.44369422314538726,0.7606077524133376,0.9911994282332061,0.6640633266197667,0.5317908476214929,0.022147971920635057,1
1.0818441100120317,0.2873281483819471,0.8304476649862075,0.40213523314813643,0.613151936311155,0.8225497232839861,0.1510643263937879,0.8381960174206426,1.0230102406647075,0.9591107405987545,1
0.1016638456617624,0.9487022897965057,0.8277240707710187,0.5152701333960664,0.4206832941218478,0.9150541435577654,0.18158398072649748,0.9637070212372274,0.04906525481672352,0.24200729500925622,3
0.8385017994909878,0.25519494779922847,0.6571040527739276,0.35407616282049237,0.8786088209424591,0.5372341477032094,0.688291383631155,0.7195963201462822,0.7374123198320538,0.3978935572357491,0
0.2419848092314998,0.8295012465298932,0.3701705381482393,0.6662987813379797,0.8405646681950073,0.34387760045730686,0.7109046394042033,1.155104828212949,0.3513804760708775,0.523143850255321,2
0.9652472296858948,0.7655262475354201,0.9797985873410044,0.679258780893338,0.501025687455267,0.7360447633204563,0.20729461787906794,0.8667499250098559,0.7944907258882538,0.3898725040411612,0
0.3285845394072124,-0.06342631887280803,0.8216838469282318,0.37497476682442643,0.0630761449214184,0.1820697718341045,0.14364169188942777,0.2209460500251895,0.5147607044388155,0.889197830204804,0
1.5167064717167063,0.7968804893391079,0.5698463302263546,0.4288083243447153,-0.030590057867103837,0.31771101019732534,0.9938653122476522,0.14967035424060404,-0.18579414346869072,0.12355923408180015,1
1.0103163219323816,0.5400735867198726,0.7222652658009102,-0.25103057622169955,-0.3073206284542926,0.587141897032235,0.4261963224257571,-0.14411522494674245,0.4371894814191512,0.38218292596147163,2
0.8708789429391081,0.13755685202290263,0.6629897239438327,0.091044184355794,0.5244872441660288,0.4100309905293362,0.18261205883235065,0.9357787265835169,0.9377843067370991,0.792155778643652,2
0.6339754238413434,-0.01412972317497422,0.6361094792802886,0.6345333544950507,0.6202476616184037,0.6141154630073641,0.11084243948140737,0.6963018562784223,0.444508440582965,0.7197499614069782,0
0.1161809295882138,0.21491613834770082,0.2842674090586682,0.24050548699098487,0.8950423453521462,0.4268099963445835,0.15643805960709853,0.7863588653713807,0.8529503813150904,0.5647068145215711,2
1.0423294035162525,0.1342237254030577,0.8394203365719879,0.4344244256085556,0.650117763461085,0.6079749313722455,0.10658705041009212,0.7163158709855824,0.9221477484469208,0.8596295814095404,1
0.49150880095595506,0.5423648794887873,0.24517313792451828,0.6489422291347055,0.78790054688113,0.9445263826981715,-0.0002218937606785036,0.6591774248957469,0.982661768798771,0.17145852093272684,0
0.9691297235201041,0.7358456863051347,0.5171554763295283,0.13820890405987302,0.44465802677819855,0.8148800346742613,0.6261552049888234,0.6438448911601703,0.21209228634361488,0.09324994578643411,1
-0.05978666311844888,0.6395232949560015,0.5909637663251301,1.0270859596903557,0.29885503670740077,0.4494816396493288,0.9051561065757178,0.20118345234231583,0.3643699827932469,0.571937299218939,0
0.5288759289741951,0.3759806659583197,0.6515620826149996,0.4814579620800793,0.310390840434848,0.6404250718744158,0.15506358951595486,0.31580929032630284,0.2930542387972809,0.9317021981716964,3
0.2469505216827007,0.9135283651443231,1.1773114020669284,0.20003484484393014,0.6093273685532343,0.4871888322849022,0.7707779797301966,0.9202584688493831,-0.15309882611315256,0.6399946764844555,3
1.5272904287149691,0.19992326352902734,0.5134278444353919,1.6562752534364664,1.193771665175639,-0.31840112803049414,-0.15023780684723248,0.8595398120318809,1.4459170492222673,0.5715030136964513,0
0.5351420053667975,0.16810808048081666,0.7183735777085825,0.2702581041688184,-0.09890408785065727,0.3083909100730537,1.2097044090294027,0.16330716531920186,0.8823020473468468,0.9266503415035542,2
0.8545217655236521,0.37226210710737884,0.8529229514682329,0.23109892893375164,0.3642992198765398,0.9718507132573404,0.7231204436252767,1.0205953557994762,0.3499892271634227,-0.07560480668747765,1
0.3280236048263673,0.1868683777352863,0.2622144532484813,0.613906338489853,0.18173286295045932,0.28451409134232525,0.9451576561223681,0.15406951032300226,0.7497210358085474,0.3658951988150746,3
-0.02425086164194562,0.8307950871483178,1.012590258821854,0.41019775574822614,0.8280129297779573,1.3145293826234419,0.5759977897863637,0.19902696145013243,0.9370481929362324,0.6139666921808286,2
0.4204663478009322,0.00026095332439243085,0.9292298671819722,0.8470791920020537,0.41341989474381347,0.741605123136102,0.2425168002921555,0.14267113414810662,0.6369264685602952,0.6190911445785586,0
0.12408014074008837,-0.19139101223684662,0.8737175980945934,0.07765152078758679,0.21207455096619812,1.2659402052865856,-0.11740601044761895,-0.3605812101755158,0.5468333268350191,0.5194012957188142,2
0.5894091896207858,0.1898868415660272,0.7395662079931117,-0.06675305860980069,0.4679891823089104,1.0241714022405148,0.3648875867693053,1.3218815707015117,0.17354258305465747,0.06300362657276805,1
0.3147906730439112,0.858966372458393,0.39177376310136935,0.8205607326559478,0.8713594530941006,0.2735745027534619,0.8251320662994523,0.9749044424883604,0.2681319691126519,0.3745762518819435,2
0.09446125541079133,0.690998406324385,0.20015445472822857,1.0682867666909865,0.04117957362162422,0.3871784660122098,0.16082696984249764,0.3037142244847978,0.5672205848552845,0.9986658291782755,1
0.8773989793930898,0.391578301066786,0.8090061034369473,0.576041613612323,0.7190030256849553,0.27164917897355323,0.716328831150969,0.9717447735452555,0.978023674585138,0.5249553485574168,0
0.8597060616485013,0.12536721666495687,0.638799181942212,0.05812987231819455,0.5049982453705494,0.3797348068635719,0.21297566138446797,0.9074366433303067,0.8798903097377289,0.8116917076793194,2
0.5520084377163502,0.2595591632934736,0.04269694970989222,0.938027123318271,0.4699149888190274,0.7958721408987227,0.9959172692497438,0.6994973477051931,0.47586526242021837,-0.01851075737155842,1
0.10404634682969102,0.6880286191223697,0.881302990237873,0.522506629289073,0.029976251563147052,0.43536121628957,0.5805577513700367,1.2658419189485557,0.8842133603968663,0.26863082580592823,3
0.9692725617778388,0.12551007551494756,0.8321631627439651,0.38439856803187944,0.7785150524644138,0.45330524098525626,0.2067661741858926,0.7842442578194702,0.9167269697232991,0.808454137535035,1
-0.29099639973472907,1.0415060027279832,0.6767784546354731,0.45168300102407594,0.3384028105885052,0.4611710668409216,0.6742498345853672,1.0537301951691664,0.7062514976221151,0.3535951343717365,3
0.9404517286931741,0.5760251934406934,0.586322259288538,0.04844536466105478,0.3659899123995327,0.6822435318873139,0.6800589225484759,0.48956856196200355,0.31704084174844244,0.005343288401873189,1
0.8622621623588119,0.38245016484411076,0.8006545839406636,0.5702044061499967,0.7147690323568241,0.27465995336098675,0.7336045124853511,0.9838628476248095,0.985139771541716,0.5208464057585878,0
0.5203249686377154,1.0921199780563207,1.0239211274795452,0.970059542280884,0.8974995021671986,1.0937435411835028,-0.088774545927707,0.6969146494077503,0.4523045184394775,0.4094119582653599,0
0.03943801577066064,0.5899736301517619,0.320499375436041,0.5659110680673638,0.6582107709720904,0.8273788918909933,0.4810134296600532,0.027041506004733307,1.0949795204639048,0.09295433299730882,0
0.29796982550580653,0.20540683177747088,0.7554883851699041,0.9758686558257069,0.8337389610105225,0.8571007990564385,0.460192944566951,0.2651013269323024,0.42188487186178947,0.6187003944345112,3
0.13849387924750187,0.4821637573038925,0.2943249238387833,0.9584356853419708,0.5832125255426075,0.7590594938852034,0.35255536634620327,0.06930073521259747,0.16999588872672697,0.041026222105432206,1
0.5413011309371387,0.2610299465040941,0.09855866893388218,0.9695893017699238,0.4170720310392966,0.7756970757423635,0.9789780670362903,0.6763534115943401,0.5235083815510381,0.005960966938919352,1
0.2175298475862559,0.4464688697373677,0.664982571886797,0.4137672520929955,0.33305096873198775,0.7032083209599465,0.48641925929080077,0.8764152703484541,0.5283195544643707,-0.27284108806873103,3
0.8549538081572214,0.14399440439514155,0.6523433620045176,-0.10538160310190686,0.19902103058513118,0.9427924664467005,1.236236825527595,0.1722649333523901,0.4090452150253701,1.279146752655198,2
0.5190084787290845,-0.08745506117993279,0.34054371678858153,0.35285779314897536,0.40556358219074723,0.6761593427074216,0.3403348841355943,0.8722368998401366,0.29347306682941054,-0.05337989798560033,3
0.45437628502111393,0.036281478467399604,0.9185742951717194,0.8415202977659819,0.4666572328255888,0.7532010793313083,0.2348495633580815,0.07275713194457256,0.6006304563550011,0.6248881475307814,0
0.5144849022248014,0.48879505202317064,0.18651426549669528,0.7302195527053768,0.7491211335137872,0.9709312710382212,0.12724402445052907,0.7082158417759667,0.9822716298616461,0.2055909590357784,0
1.023247445837344,0.4139093912094156,0.990641715749055,0.38690380077413433,1.0182701420255036,0.2904960978283648,0.7098408663618608,1.0484312359336818,0.7209271014590553,0.6006452896790856,0
0.6533758443872808,0.41564566772200345,-0.015396505039117159,-0.5281513583063899,1.3448951778496285,1.2334523911644486,1.1731066483968333,1.4920185786339437,0.7664843721314871,0.44582738602124683,1
0.4534298323498479,0.5410099336152522,0.23526162942735715,0.734449885583351,0.6722648995659741,0.9436671997379892,0.12220928062162377,0.6304855201179267,1.0038532648581708,0.04744135253008104,0
0.7424477770486456,0.5792795029893104,0.38639843877149355,0.04880500863128438,0.5941694028717707,0.8143525154834428,0.29023760558818035,0.756210696180464,0.012250314373116827,0.0009945873190720378,1
-0.058219087180298654,0.03304793760329959,0.624366399164916,0.28705956178411574,-0.0257256480698927,0.20431062061137661,0.6146328105306088,0.2067874454698651,0.6916583578928311,0.8026978039675469,0
0.8811103041457855,0.42670379814993303,0.5000133538548246,0.37916051373597603,0.24589387564667198,0.5833946752500863,0.3876003668342182,1.0182590621672711,0.6068014334496923,0.1766624019530733,1
0.2046149350209231,0.6023067351783222,0.6638721412184151,0.8526995174816235,0.2647870102407911,0.17333779514191563,0.12371130675395858,0.4639151029141736,-0.07938982423484156,0.34231779898221715,3
0.11108269248267821,0.8551718742740044,0.8182288677508613,0.8129325819985469,0.529738324123292,0.7787767261758206,0.15216759172975738,0.833758816431583,0.5819055621973983,0.608424154217177,3
0.6427185907007555,0.46297364611038216,1.0319718373210303,0.290260124628072,0.27940968893771284,0.3392332455084197,0.9045856385463651,0.6458484850631387,0.19582293647586474,0.27463895502679847,0
0.8716618080874291,0.3835393778005615,0.8045164165357506,0.5649671067750088,0.717151151993301,0.27223040263297366,0.7262357142459993,0.9750270703047771,0.9958146475578321,0.5183401829337854,0
0.5592481378846265,0.024698365111364584,0.9046744625555914,0.8467865120647872,0.4652295662911954,0.7134506503260877,0.21748045475021233,0.13044292444654684,0.6549948866406298,0.6093502534729852,0
0.6034357689778734,0.3306392746136383,0.8339573552213773,0.6792787055355578,0.5415788141004318,-0.2808167107852011,0.3704906125267552,0.5462145715327096,0.19360176813177282,0.5047593916305064,2
0.8773165340070085,0.6315071266864676,0.6598562080341213,0.1777399064103818,0.5131064181141219,0.8159841939513462,0.4487516641180084,1.0034083921731176,0.3334288046799752,0.29069712045331275,1
0.1482099190951789,0.6033835324243567,0.07032783410756344,0.303104984866583,-0.03731428376833583,0.6223695030757285,0.73412927394257,0.23310289152339925,0.9600092339100059,0.13184775051093117,1
0.9649572182990889,0.3437558674221437,0.8298430903695937,0.1245470940322807,0.9574085053028561,0.41346185912501254,0.7621489179019222,0.940267533822548,0.7380154531000679,0.6430648654652745,0
1.1242951068045886,0.565829712722985,-0.12681301625393962,0.7618311487611189,0.5588009998007196,0.5797262493749702,1.177004398696089,0.8361944349761773,0.4211480280255566,0.7276012927757224,1
0.1998699360111727,-0.1565751561141664,0.8017310915528407,0.8591942725759679,0.5988050606498747,1.1227534334319078,0.46087794499929174,0.015571279449657333,0.415380027120733,0.9009526799514554,3
0.7377838733620885,0.4458853475173183,0.630451926314868,0.25873390886494707,0.1423557324391731,0.5412199439571892,0.9460473500741255,0.40848667154082036,0.7490274580716653,0.9010703122134247,2
0.49990213779672193,0.8411721909304485,0.6426129622915777,0.9479636631522077,0.5006208697627073,0.6501441239332365,0.7012498631195399,0.5931480880032028,0.2586755976400914,-0.10018003220401156,1
-0.1085071606616768,0.4759147315119136,0.35696141211835675,0.18170145980610133,0.8093435875439676,0.6659468601753522,0.8258743146135978,0.559973733974185,0.2562758765000886,0.7221773869773331,2
1.1469668571616338,0.24145641212091648,0.6947909531465403,0.3268416575633807,0.9962705125175718,0.5693951424487607,0.8849037400708072,0.7785281932269399,0.760356500313741,0.7317925979413338,0
0.843438528720311,0.18405803173733826,0.5909594197134633,0.5249316186989182,-0.016375106462524464,-0.16041990568295195,-0.012422471352085795,0.9102481077918269,0.5833162857052303,0.5075126287186874,2
0.43471846054229524,0.9305235552257289,0.37601295367265924,0.9289904921250436,0.49388375059379686,0.307061943681075,0.696099702974303,-0.055345291189378185,0.5743113767868211,0.9928335491125345,0
0.15963658610074283,0.6039639319291088,0.034749588562780535,0.23614702719128353,0.09071350119227461,0.5237246663178098,0.7127381008788889,0.14720955331633934,0.987402533068489,0.0424853976388195,1
0.5488089178495973,0.27683586350725187,0.08809259832329787,0.9826180688047523,0.43297218563452283,0.7801410089148465,0.9847543810645342,0.675669589828852,0.5167784383079682,0.018600992411049226,1
0.3560203757290826,0.24601320430541787,0.3516328278192354,0.8015261415121312,0.3058841768206009,0.3432160852240258,0.900683410123711,-0.030418102565438712,0.7885102920989225,0.20992658016912796,3
0.5873256133129475,1.022264183291548,1.0424940197575563,1.0653305195490623,0.17937055858805093,0.3558887532912444,0.5111079366025618,0.9630762331830606,-0.17358245257765748,0.5896593997631194,3
-0.03261772962779045,0.5188135638312681,0.3005382573963293,0.20623672155974312,0.9522580671273357,0.4886427792624922,0.9217700710252853,0.3738878459147184,0.2560616791002358,0.5977406334643575,2
0.12438184219478,0.61897188908387,0.3030626382673433,0.15609840454148616,0.9995611060620737,0.43228928673011163,0.9445248121191073,0.26752388873781763,0.17141178985806657,0.6135646662512825,2
0.2510309802114427,0.9157518621532884,0.37466772827183925,0.8392469836703339,0.9172840587018681,0.29802650524025526,0.8211490421028897,0.976023119136549,0.3000090552487159,0.4511906073801981,2
0.7928483258736314,0.7046080623618926,0.7967966272072783,0.5646766448570093,0.6737978768336803,0.9352912106370028,0.06500378177490784,0.8375703305796184,0.713473999956953,0.5073967168927385,0
0.8005410597522207,0.6665992564232069,0.47910700500021797,0.04852012149216091,0.511143071186774,-0.007683801319623033,0.8064641702193065,0.9989965889485345,0.8258201643097823,0.8351153963208199,1
0.5719918871470983,0.2997176320316675,0.04140637655435628,0.987960599682933,0.4087708360425202,0.8307597708746837,0.9756836413388638,0.6663775201311182,0.5154437282708222,0.07398738123129998,1
0.49438603834632694,0.9271345132983007,0.7815204181479243,0.9621254731186857,0.5967831156002665,0.5469528041395897,0.5699998044165829,0.3875548932009063,0.17705222623194078,0.07962132076618732,1
1.175499503723069,0.21521181353251212,0.883728840642151,0.4738263616911405,0.43653386159639646,0.7588649236007654,0.34467733069726636,0.8696163832477968,0.593687504152522,-0.2450255253920196,1
0.10876467708828219,0.20466701104378276,0.26189710874723704,0.7012005735638439,0.8818798188203096,0.23485578205345747,0.4448386162916925,0.8209096166201195,0.6279707357164277,0.2908955469542953,3
0.8398648004462136,0.15024491452411534,0.6407158853452055,0.08122889633468133,0.5251262490050128,0.38764392701077033,0.21436898012390407,0.9409282235027505,0.9189717898254327,0.8287494685074117,2
0.8133142781793616,0.25280129007648267,0.9179125970018942,0.2318175987548544,1.1016435667096185,0.5435083211609979,0.6207173959029681,0.7293411490753674,0.8462098821807063,0.6672554507869626,0
1.2033594301931307,0.565039331356527,0.6220253317723097,1.5491806761444957,1.4063627203104603,1.1356385794150337,0.7238978823687121,0.3548577602945009,0.32731382806216547,0.643003527691445,1
-0.348333169557172,0.6995135127851837,1.219445709208315,1.0139842160376857,0.4934607968884572,-0.07504675900646332,1.271352692774936,0.35498493269058073,1.1275915757362087,-0.07636023781641105,0
0.6182736657817122,0.8277958467651709,0.9027358588259086,0.48870204898848685,1.0176687860524332,1.2786041155116779,0.6196645018321654,0.42981014507591864,0.6972857896313237,0.6413309256446297,2
-0.08230393395468949,0.42856210119463717,0.43001835657802523,0.2411895578685106,1.0457542755719447,0.5238076357185628,0.9812040542632566,0.24587650254238666,0.27186220417881174,0.7096574184658733,2
0.48254440265489584,0.005653768864962971,0.2736705135880321,0.3347735835738474,0.276953942379418,0.5788249412375422,0.42610478405341856,0.9470332594684792,0.37256662379960537,0.08492822802758444,3
0.2208777300058408,0.68931546345796,0.21269174781064765,0.5947366374367359,0.3826590608699465,0.7478650421748703,0.5671248496443894,-0.12817191001870748,1.0727179564655334,0.21538185607763535,0
0.6701514340135003,0.6764942570838149,0.9734643059686028,0.32596276276005176,0.003433934898694313,0.9731301895497004,1.131810900729454,0.7691825331575224,0.9020598970091109,1.0361432428439363,2
0.009951285141983419,0.6459131662234713,0.1534945155697558,0.9414368174758142,0.018439207554097347,0.38988182302373064,0.2519786994317795,0.2385535782432968,0.48348453514063144,0.907131771303919,1
0.24600674340575662,0.8633909941066318,0.3948993634766695,0.7451288810233524,0.8240997909231753,0.3458895242857059,0.9343855151033373,0.96468723095429,0.254746232145093,0.29539113635514896,2
0.8565062657366853,0.16034738807237556,0.625768321956189,0.09118730292999902,0.5182283486854048,0.39816413793876204,0.2182458310104161,0.9375604890946964,0.9214496202904923,0.8072996565982935,2
-0.2388007326908888,0.9018002696382458,0.2118904128335124,0.07740496398161792,1.029259943617715,0.2916652210208031,0.7801154013442267,0.7674551745871205,0.2845057620485915,0.4918986265392825,2
0.012477402857541446,0.1219519790712936,0.6225885153951183,0.28348859361420725,0.019358479296299677,0.20381800464219682,0.5597055231578839,0.22298730953378074,0.6906499875032035,0.7767966656885424,0
0.7815380526627423,0.40316604625282876,0.8895563965451478,0.39358361595714453,0.07546661165484873,0.4051587631476935,0.7857945004725367,0.656134002240539,0.28046761036449164,0.2070748633314759,0
0.716376355183201,0.8423165989668843,0.7136167786007069,0.45516753245956676,0.41409134955070065,0.6413864529213873,0.36127552439109367,0.9066293670006182,0.47282641087438604,0.6333825332916283,0
0.8183286441410287,0.6363765608308394,1.1749749628184025,0.3772994096352764,1.0077699424306992,0.36535903534519976,0.6951845167244282,0.4032126380531405,0.44356884285204223,0.4232333864656452,1
0.2990779618095034,0.14086069045789437,0.34375592120359943,0.17313589671267138,0.36307122213885745,0.6966887112776305,0.4910913071438341,0.011782820901307917,0.7426341601705377,0.7376176383247786,0
0.5352289627671302,0.8027934040388923,0.533250971682416,0.3635618910758266,0.43572640605265045,0.7863746276779695,0.16421366759967604,0.814627018743893,0.3481024102098985,0.3888859403115909,2
0.11283366346020923,0.8581277816483551,0.8179092242746746,0.8102560899283349,0.5317685075048469,0.7769920842476539,0.15831822517387392,0.8372208068660085,0.5803736301832986,0.6034795328330559,3
0.5242939869696137,0.2542405766567494,0.13135226525291924,1.017650864157628,0.44549406780294926,0.7472758256135625,0.9726721153455294,0.6512696455449767,0.48034169059179566,0.06723328796760089,1
0.15239231074348217,0.7772066965574904,0.5338998383358539,0.5300111554680504,0.09293866639998853,0.7829242119320144,0.5314133889675273,0.7102049834036491,0.13102092501785706,0.7890721565290445,1
1.5956230645355804,-0.5991477138427269,-0.17692189790218382,0.5162953055054339,0.31162333041050844,-0.25182405138956077,0.8255995611172824,0.8915373578126381,0.17533262509172592,0.7031851566171652,2
0.8072370372579223,0.17252681762175934,0.6324827016215763,0.10564780380440869,0.5655427960739596,0.3560115871797817,0.22732976109374656,0.9335593017513282,0.9158841642284731,0.8419523190722962,2
0.8515784832853577,0.37641635579797694,0.7914357592385896,0.579622456075599,0.7178786646320374,0.28642925965053323,0.7328811269769123,0.9703122739170408,0.9957600223914969,0.5106489995233822,0
0.24298467153940356,0.9410114625538368,0.458097254801148,0.6274592322558962,0.954828772723321,0.19358504637622015,0.9041644416515613,0.9396501826651882,0.2691744451337197,0.2693016684148447,2
0.14101596360329005,0.6670618819080083,0.06495418599029279,0.24381970768724373,0.08286071341516418,0.4135447110184071,0.6973558139100265,0.17560671860748436,0.9588772637914775,0.008623096705541254,1
0.11006502684324582,0.853884476678652,0.8193308413601639,0.8101693127539985,0.5344201165659059,0.7778948957005899,0.15164323017244657,0.8321114934673572,0.5813159562797103,0.6096021253656501,3
0.6061419735743993,-0.07426650977864835,0.2719478679594232,0.4173165779257236,-0.14158307998083802,-0.12234440078424857,0.1794266376982916,0.809818918126863,0.7847540557422321,0.646882434075379,2
0.8442790469943885,0.4071602897063925,0.8037609513196474,0.5904250975761309,0.7004580004233917,0.2893869757271975,0.723581282714957,0.9566968963332428,1.006642654753344,0.5006634135949526,0
0.4160614517851924,0.20166157163808474,0.30444251219323226,0.7310190816216744,0.25756156334728597,0.30703034974238635,0.9711305005260361,0.04005436327053234,0.8112901430759052,0.20743375513155754,3
0.17841019614251125,0.9947451119685266,0.31745383067547595,0.9799755832204535,0.5840123919738871,0.1442577584639012,0.9790165258460162,0.11869066790748907,0.5578974421186423,0.7676653267135398,0
0.3107896366810237,0.16993886834029975,0.7918668442262866,0.41432027289907636,1.0723357605287502,-0.1371128269925208,0.6300915870912409,0.9937220519063122,0.7912446113150515,0.2693147207993828,0
0.5385973385180438,0.7896129385247428,0.2101445012141907,0.6616324182898586,0.6688062056304906,0.2648077808262223,0.5520375560813284,0.04692657125132742,0.4062675576949064,-0.06627878399740109,0
0.16758696988378788,0.23986014943895928,0.8657218726827156,0.23582354632721675,0.8020855884293314,0.1342162311871022,0.731905614365873,0.05527223118483409,0.31549212511846486,0.808730116605392,0
0.22450054964493593,0.5618813624741377,0.1582451096653095,0.7593550211293211,-0.010551660558243116,0.2643946723332493,0.34311394651508265,0.36649919622917193,0.21175969193175082,1.0656061978959988,1
0.9709597258249336,0.5837130320145507,0.7259997313801085,0.13683793610927078,0.392184552803844,-0.17750589167322633,0.8074925534726103,0.79883001575999,0.6612474500097538,0.9229384818879328,1
0.6535848537363046,0.9317068771095647,0.8691161675193168,0.7470862214298895,0.6312432261404054,0.7016349433226496,0.711721923829594,0.12801067905037197,0.24165381524933421,0.003558214882558308,1
0.2129218061143741,0.5164626154349342,0.9898386902693066,0.5567246478982559,0.08864383339523052,0.8559714625112813,0.14085873069230798,0.035857107690136454,0.3216558312248796,0.28860468648756354,3
0.08164293357269299,0.6510783927594563,-0.13130780263009353,0.2675098775217834,0.015683757419120342,0.5634245283548731,0.5946144478353695,0.3374962219825304,1.0997353305097555,-0.09521795068758251,1
-0.10279564541230776,0.9059916470551775,0.7632009286476374,0.5099205189791705,0.03527345736263225,0.49401638784634055,0.7446381534863424,1.0434113450462672,0.7500940939477763,0.06965382773914401,3
0.7743754358404584,0.38822565572402296,0.8382250792814703,0.3542063880399998,0.07764574619163463,0.32993847947735266,0.8526651495740147,0.6036280997982945,0.30385026241828184,0.21058908645523433,0
0.8189183627983785,0.1779713129293518,0.5826778387718983,0.11300760832693285,0.46968992398837817,0.36153522940214006,0.19897123245167755,0.988183656194291,0.9094497271309272,0.8788139575953119,2
-5.477039142900292e-05,0.17275451110818668,0.49418223868739986,0.17701128132516716,0.944296347830882,0.45322790115670086,0.12685629018034217,0.9450752311504539,0.78221256793116,0.6902932832504324,2
0.044340689348652096,0.235848917620262,0.22717965205729196,0.2142632862361894,0.5152935894225915,0.8858666907955318,0.2483865567612944,0.13788917858597877,0.7909562909192231,0.7520258825042496,2
0.8383995047898881,0.129235376845672,0.6671080254384185,0.09453014513453428,0.5484411044761737,0.38497628534782535,0.23741687573012596,0.9448300572684523,0.9524252951564955,0.8439736896341836,2
0.8271518667382508,0.785673702794558,0.9082367526630567,0.7072705105601291,0.5285299496541762,0.8509455136604095,-0.009802682538275348,0.8783895617341642,0.7162165296996753,0.43193178643689834,0
0.7228440683834243,0.6909312264840527,0.7916773821931442,0.06261100862434316,0.890127429799444,0.23130188516617511,0.19358177284028186,0.07035118461308393,0.39013255483151693,1.0816709433260296,2
0.7858100188037935,0.40772807726007165,0.6980904865736791,0.784868019623859,0.14349359492957253,0.30514181752805436,0.39352621324577275,0.760158099294099,0.4321255255268205,0.6783949460948601,2
0.8451104696652418,0.850153379561544,0.8475407539430139,0.673640693516965,0.5805067930450816,0.7834755942687593,0.15409274358791109,0.7588909610458848,0.6658385512160742,0.5334511060351079,0
1.1192715781648457,0.6686288687448694,0.4358810494836212,0.07911200510144803,0.42362588894954617,0.9853461304158486,0.8254563636755743,0.5550699076381937,0.12391966723836459,-0.009707214702438419,1
0.5270355903203328,0.7490036211770332,0.839107687652523,-0.04474012621176393,0.3288645358650862,1.1915979086611537,0.3270070099829963,0.99611389840654,0.32432056625901157,0.45053831315932724,1
0.11547201455687776,0.8553902676455323,0.8162923411464655,0.8067975485152467,0.5358272735351477,0.782464960450341,0.15184603352545406,0.8339478627048474,0.5748155590516988,0.6039467440165329,3
0.9484756637991384,0.3903096258122036,0.8162992861894696,0.1895104320763423,1.0289248157828155,0.36543624979681505,0.7340064100186775,0.8948690171491399,0.6824230871322345,0.6002944210988483,0
0.7722022304847004,0.33605906561918863,0.35043393922863686,1.226628631905508,0.7939959408817389,0.37447198784766195,1.264859281301226,0.3901616233173466,0.6385110582997104,0.7276127764123157,0
0.30223723129501123,0.13796378850053087,0.6469646183217931,0.8594745819217136,0.7635860297069275,0.8559052131210668,0.5469815480175877,0.21571370028200934,0.5203920658817224,0.7370470875811824,3
-0.21495371673983035,1.0583233936473937,1.0914648826450752,0.1797269316971086,-0.05218398446242889,0.3126212512868215,0.6547411982231338,1.175729780765563,0.6553214045118092,0.3299619037847713,3
0.821445416577357,0.21108443072961275,0.5288825595938389,0.544313151767359,0.1824749297140004,0.09616528481418576,0.24540930264407418,0.9317283558969989,0.5580417109697678,0.5908021931229029,2
0.3847725491996943,0.16993844778358483,0.44429477811035817,0.15053379040449844,0.2947869559458714,0.6401211746569031,0.6283471514176938,0.05616022071812261,0.6794305648864127,0.7660060109762998,0
0.4986264523316237,0.6153258107393204,0.8224783337612613,0.9365103549117615,0.251468470757045,0.1474163066037079,0.3570134957056917,0.7050367094522252,0.1089254716437936,0.28767773580775696,3
0.3393868758517471,0.2118433560454768,0.22970612816121483,0.7957796589494539,0.19613354819352868,0.24672252110208842,1.0402587690391363,-0.04440335296769861,0.7888856945302755,0.17788026965217993,3
0.43883288675726123,0.49603657453574257,0.24368356428711513,0.666937510527223,0.7645358980060752,0.9760660787725831,-0.005525931376691846,0.599713312869153,1.0070279232979,0.1500144701194838,0
0.6139159300489494,0.14457373653915528,0.9219880707150407,0.8712361275345315,0.5472800225326455,0.9040013422550863,0.23554006746244802,0.1757197249514021,0.597958784865791,0.7412006368709411,0
1.094682075399171,0.27371620145523756,0.29212977250044153,0.11343456480562869,0.6114480092779718,0.8803579719384822,0.8382605631102382,0.6766596287186046,0.6662695992505394,-0.3498129292327165,1
0.7138916583537405,0.6275130399420347,0.8360741367110087,0.16970912064319804,0.15979881760294995,0.5801285060905201,0.9762376684007348,0.8017824885173501,0.5071615260856315,-0.02237600197237194,0
0.825232918832324,0.10887288227417546,0.40035813785392504,-0.17493240192968906,1.3497150439656096,0.9404655620631434,0.38952863857799447,0.29866574219328323,0.8304821038037011,0.21419489442895512,2
0.21640902123815575,0.8125373431301964,0.5510659944433827,0.7436947385450398,0.6679245176117765,0.3462653418824513,0.7943081080537785,0.07452072230646337,0.42089170482471105,0.9287068445741726,0
0.24263632888945688,0.6123369746160512,0.656979765042855,1.1372147320096666,0.07750801845879901,0.34779984880886483,0.3631604299339081,0.7589799074487981,-0.019742933672002694,0.24240694383344838,3
0.6520103261672526,0.8740739305940017,0.8587818701713549,0.7380991967757091,0.7128281161656231,0.3161083713583991,0.4167126851521321,0.6240001837279207,0.19071791315351355,-0.18351908583149407,1
0.042649046073429966,0.8948262147214919,0.8961422916383289,0.3248032059291595,0.10238572193786884,0.34658328749237144,0.8110080473222546,0.9892487055068806,0.7411711846784376,0.11907624988779825,3
0.8441538295431134,0.1492084066451601,0.6625908333439305,0.05895782412816011,0.5472679934613628,0.38726938375924735,0.21467462445405577,0.91197767474766,0.9144878086437089,0.8004719521547183,2
0.11026637277377162,0.8596195598378162,0.8154736723496877,0.8097801422419494,0.5359817062724666,0.783230013822275,0.15962932676068523,0.8307144284357533,0.5797744591223933,0.6080055134732117,3
1.0088671935924245,1.194000544946106,1.062395704291278,0.8972488797146254,-0.1009120026643272,1.3159614421986603,1.0023452790339813,0.9971210601901148,-0.06459613387830065,0.2436481604185113,3
0.9539977633817598,0.5080494673581357,0.7076199544764332,0.3562615136919435,-0.06295969213093519,0.5496820948457521,0.550885233147998,0.6891340949031776,0.03507611165294092,0.21860525028568764,0
0.14139025446544234,0.8212432932726168,0.4371000155604196,0.9531858974472506,0.642813246265878,0.22243857269166967,0.8044818547066558,0.09521910018027563,0.4438789499962837,0.7490349537344588,0
0.15248058208861867,0.7611863057607919,0.5085114000870932,0.5814610799492186,0.13667588141094905,0.8570234901047605,0.5127237689642213,0.725592891518071,0.10205730519212686,0.7330102780048277,1
0.92237737498822,0.49531434747716774,0.75360960562731,0.47474598665744083,0.55481551902883,0.4170466547762316,0.2664978811219597,0.3177313251208933,0.37191178716067047,0.6453445767998051,2
0.8265715371204546,0.603462748242602,0.5523678566066539,-0.001478471854141808,0.5527205776672732,0.02362287655640207,0.7717401896888798,1.0120103917932686,0.8230555007242921,0.7987346113081081,1
0.3031323217192288,0.8685798756158579,0.3698330658380441,0.7772882037389329,0.8554713464253932,0.25417449944843307,0.863623804786225,0.9778174239898888,0.2557372433122872,0.3877015152064084,2
0.7833437219699659,0.295318105205946,0.02607019335502789,0.7889952598276868,0.37021983587492346,0.9757587763698378,0.8884113044505364,0.43768313131681186,0.5949715277794566,0.6668569408553876,1
0.5279397489679478,0.3934542326056954,0.6727592937952932,0.531767486966469,0.40299006323241043,0.36767008057572037,1.3098518623606714,0.7434478818591714,0.4664405832587859,0.9573458733747578,2
0.1045658213057073,0.9845996847092859,0.20470003107859486,0.7104049035689144,1.0784103773296454,0.15914831606223306,0.9566286987299584,0.9422034184507789,0.03308284391393582,0.3191477433797058,2
0.45290233465833857,0.6383293012737701,0.8461766565821146,0.9359486680616919,0.20655886819050048,0.1674063370450775,0.27616434888189334,0.6264135844969506,0.12541171800087392,0.20618275583902593,3
0.6946383861358376,-0.05300197193705808,0.6909363890586292,1.3680092194640818,0.9933311770003652,0.5508207956894177,0.6203655475280322,0.6294735185230951,0.5479815448612295,0.4884159973790155,0
0.12858246531306547,0.7376462559706072,0.4903267138342573,0.5343297912969983,0.09522764796330634,0.8445041353492893,0.5640905182517184,0.707855024968293,0.12254762810243922,0.685521670873709,1
0.10781941174390536,0.8991963888407583,0.8404119833334969,0.5631121444766714,0.45590776970151914,0.8918380101199025,0.20043418295777526,0.9756675489562131,0.03148532015081097,0.21550002288458653,3
0.5296227277940831,0.8137596866639095,0.528715737034328,0.35400858668802554,0.43230380732424395,0.7863609401431004,0.1681835864724243,0.824262481505704,0.35436727817937663,0.3874006364536136,2
0.9821942003982176,0.33571992753684265,0.8956715456115703,0.1158580801493335,1.0554127567949823,0.29829477623823786,0.6564396000371553,0.8140159295992236,0.6706854654896771,0.5148220655389047,0
0.758627345721507,0.30331846816189034,0.4741037651482026,0.6925267196310713,0.03729657377360886,0.24991864315828255,0.16999580864741476,1.0056797858562236,0.4565714764239025,0.5568018266890589,2
0.276211114330725,0.3733612874717196,1.159515896355252,0.6486273561058642,0.6486304632405973,0.22930671193435848,0.9516142696596892,0.25886791243455315,0.1428223958709242,0.5451567280092819,3
0.16110978908857337,0.1986323950036326,0.8333834815519241,0.19431178802819002,0.7444527270069208,0.07738285605291975,0.781549619569473,0.08790831941871721,0.29508071840539296,0.7818064343449054,0
1.1976253386386588,0.6512759570959535,0.36199741458028256,0.3510322065645331,0.6682372302333722,1.0736627494563529,0.7965182114937732,0.6095133004425708,0.2284369370175873,0.3035258666303686,1
0.12553505096829778,0.18756083627774744,0.2833882429411423,0.7291805783564299,0.8733292052217311,0.2547074509860457,0.44090012587333605,0.8281990693617444,0.6421951260343427,0.2868791277318767,3
0.6886017633230728,0.771428133277205,0.5715574788701853,1.4353664669705388,0.5568314188303054,0.5265420194801893,1.0202274235495103,0.68097521703588,0.7285759710489902,0.417343251524824,0
0.5616229714734178,0.5664012812234006,0.9458833699038662,0.4958154944157742,0.4749907367404202,0.6656576536936906,0.5240274728920851,0.5910396139051426,0.20713859226698947,0.39775722272048225,3
0.960602269652154,0.3955083272313107,0.3744041136656179,0.9410449437191196,0.5973455820155253,0.45853812503331326,1.0721569842225753,0.6749205069478139,0.9236600895024089,0.5016982156012508,0
0.8340501111293044,0.443038447258928,0.7596771487314633,0.5901256116317191,0.6569789453889314,0.2683972647743381,0.6780701650255103,0.9496628643115628,0.9673877091414269,0.5494832245865827,0
0.7863728773621848,0.21092278690190558,0.712439860208983,0.645110103739392,0.5564017771132415,0.7769349800347046,0.3669360914121933,0.7401711020079282,0.7638380073946887,0.6490391527520493,1
0.08701038769734804,0.15485342866404606,0.10383419313121214,-0.021803714501523352,0.40292402950528644,0.7033062768063437,0.28316150014176034,0.09725227999904512,0.7770126207888034,0.5373127572704554,2
0.21816105965789906,0.9102838425571855,0.9888629552592489,0.5622074263252356,0.9193504114803708,0.9494338615398005,0.9358996272149827,0.5173377759683638,0.7094461027655008,0.8292509610808688,2
0.32889272358847355,0.15912209151104909,0.3812691204321505,0.1799699692294588,0.35596895026432496,0.6682890567189941,0.5839315020637654,0.04708260713815347,0.683441793881064,0.6804250470660416,0
0.3368510075833009,-0.014872279728095211,0.5875740110526833,0.16501033643697466,1.1094612691480226,0.13191565335315955,0.5466092287387931,0.8614826484287456,0.6980935376126356,0.006306961851126808,0
-0.011890778276124433,0.5217156221542462,0.32680476233387207,0.19099662609908577,0.9495891085243876,0.4468641614054075,0.9577288126392196,0.3944736915530141,0.2858824228444451,0.642761760772538,2
0.9283870737030858,0.34062148214653487,0.9373776192000951,0.5180972275348272,0.5219297995509662,0.617351793791675,0.12996828153476003,0.7325763867828892,0.9087606533029277,0.8788355583151748,1
0.8671103076597076,0.37033877929001136,0.7857090316102475,0.5813346317282273,0.7494075524163754,0.2938033345303748,0.7616996685739161,0.9815881015717036,0.9890543978831016,0.4856458996116257,0
1.0302241094110123,0.09259945480282968,0.7950823092184509,0.12964017003907696,0.5397746254453804,0.26717398223389055,-0.09033031518214035,0.6056273733476536,0.3665469387679146,0.6871662131650542,2
0.8783220936448474,0.15973101111287982,0.9453469359013725,0.2810855270314747,0.5443250857406752,0.6142250452940544,0.36820152255844185,0.5109906170945234,0.9309069185354011,0.7968444725000747,1
0.5405608063354954,0.28603177684618314,0.09571816439542234,0.953807513532608,0.44100786542230824,0.7772507242183644,1.0142235312580954,0.6390240966632377,0.5438127596249314,-0.00013420814716915905,1
0.7561655650875301,0.7610015343360936,0.9892006428419765,0.9501100292101371,0.8525011037844151,0.6037454030419097,0.7203829181616679,0.48672248338307633,0.4049661661383137,0.22266111963573237,1
0.3335974576843831,0.07472353138967602,0.6676959385306344,0.23406433133691754,0.9913962098495402,-0.01804520208214333,0.633056413644551,0.8782748734013023,0.8111207243855574,0.1494765636467095,0
0.8688796255242536,0.30052175139656395,0.7626882174922287,-0.07667374917597147,0.7412780555770728,0.36474300479991284,0.9184015749149032,0.9459014942549083,0.6338463535808296,0.5712292592713835,0
-0.16492012424343294,0.7457964004679265,0.7585859982462607,0.4808298076476746,0.17172030130340982,0.336900171535062,0.8822340138416805,0.8807688656645715,0.9024020454509257,0.1595191112396906,3
1.0008873234889595,0.7163612707209239,0.7177672443393153,0.17243137068567643,0.6712770360952328,0.5690498299987242,0.24716675070020008,0.4972623596500613,0.44315340290677935,0.7828549812332981,2
0.9344951326690282,0.38623013177090626,0.8500347622542741,0.18119069206735322,0.9917161846936312,0.3906513479845745,0.7618013112890775,0.9005303274854861,0.6928861364735807,0.5896476814329598,0
0.48178188492071006,0.02086796557803009,0.9864974970279613,0.9354650236773909,0.5756209156592336,0.8082748967891482,0.3230543058624792,-0.08472307311847985,0.725368438099375,0.8333107762668919,0
0.4632315376579827,0.5355530432540543,0.6044758395366578,0.5782555660684724,0.44373964204951255,0.49565165107690085,0.7412767392381008,0.5697785493294513,0.45294584644195984,0.43739096854243387,3
0.5920076505263876,0.28705050126004505,0.09191306632517164,0.9839637227927047,0.4600840594777348,0.7738266967555439,0.9700645916025104,0.6252812122758294,0.4834519665992079,0.05888887534360402,1
0.6889009818593077,0.9897098989442922,0.7279607795409622,-0.07810232289789151,0.5544976923513655,0.8215767836386506,1.157368812557007,0.4753988499656562,0.25760652763594455,0.15608321522940943,1
0.3501591481891598,0.09870012677505767,0.6918541428134647,0.8542946802957594,0.7281726302603685,0.8231101824459086,0.5551008895638592,0.2115493208324643,0.519237977669104,0.6935933312194845,3
0.476952939390215,0.05223772510450144,0.9508990190339767,0.8681131974293999,0.45611705312424833,0.7665692787706238,0.24645577299558502,0.09843355927311823,0.6095765115078973,0.6217519790558295,0
0.5738660683262539,0.5743694072746318,0.9022641351168764,0.538851244436882,0.5052229507460473,0.6466960104881512,0.5697557137635598,0.563705446955127,0.19312712371627172,0.43819800818155713,3
0.03798223361320817,0.5515645747137076,0.3280059853080006,0.16311295028105383,0.9513151181685139,0.48174533281459353,0.9430278334749389,0.3902505604837253,0.2557812460840042,0.6576678487037377,2
0.9850607669882976,0.7092115043081673,0.7745952980570794,0.6014681343934035,0.44325153856135485,0.7830998817393492,-0.03228885342445531,0.6170111538534601,0.5513990260658819,0.6937422257243353,0
0.25947174712381665,0.6697138540794323,0.38199759929758675,0.2961892092623817,0.40620505798852274,0.10919576238721018,0.6679896426162713,0.3493368812657097,0.8418149701493445,-0.03502305740736668,1
0.9955513897284427,0.185863627442464,0.9848786789901317,0.47809889878642475,0.5656549058641129,0.6882070798512495,0.25727449558058685,0.7271934886881962,0.8176352958051551,0.9172371100817273,1
0.6382207797157263,0.09050002118448973,0.5536361432521656,0.6430822335051257,0.6288553307452611,0.5384772056174995,0.060145744509104294,0.6088103386524123,0.4828869695391154,0.7518058129519691,0
0.53228608317224,0.8035908262692408,0.536459685371578,0.3633755648647884,0.44141061248257696,0.7907270218741355,0.16658084970558185,0.8165279874935293,0.34847474149770774,0.3877254696973983,2
0.8954035758914747,0.4422796836019981,0.8812773427625062,0.5959830758670702,0.7937777946939583,0.2639618377076374,0.6410744949440472,1.0495901670031416,0.9618202958851162,0.6001626795585884,0
0.4705125520773069,-0.1547786696642288,0.88950851267254,0.9929691232773311,0.487544090871763,0.8968255221515761,0.05730749818633471,-0.07002375839499861,0.7105367302639269,0.6767891953718101,0
0.6068844369637437,0.08254977238268704,0.5016114743703214,0.564689578853021,0.7738639959291845,0.5507610386147159,-0.0837882280073386,0.5609539354543281,0.29813912317796243,0.5869610542152666,0
0.19730273812694665,0.7060166175897031,0.10693632120576946,0.12476517959717376,0.026569534159032238,1.114091488244606,0.592008293448267,0.024274320864451637,0.7395273033319892,0.6309956312540848,1
1.3494518762703611,0.3507619009021893,0.5594029293989013,0.45772813748221663,0.7307944061067952,0.3981474370505619,0.6485597625058138,0.24569438096470647,0.3115678266406694,0.20306553044280923,1
0.13814984102991262,0.18063740043954818,0.27239349147963127,0.7509024164304543,0.8964174677360167,0.2575916403087218,0.4291149643687331,0.8255553898059795,0.6605555297231449,0.3123606679906416,3
0.3619951547430317,0.8052731918722537,0.32206075575942966,0.7363932021293915,0.8006590878949724,0.24398341427557596,0.8799818711959491,0.9805565974913029,0.23276786183548467,0.43543390804618665,2
0.37547237206241435,0.06248341434368787,0.6578238636900539,0.2275407696238501,0.9550067231240176,-0.017596523841790297,0.6251383260424435,0.8704573326098747,0.819297536063513,0.14308461996091917,0
0.13481311793488543,0.8565607387716422,0.9195470923535001,0.4603300462110802,0.9525047563868771,0.9348472915586387,1.0178138244411876,0.5175756416437042,0.6914258315504948,0.9019399489306303,2
0.9164164198257405,0.34202211964067086,0.7708463222336958,0.580731921222422,0.7523516332926745,0.27457847299361426,0.7002899897291749,0.9716875829924678,1.013946379221621,0.47644518587273377,0
0.19886008276018238,1.1288686389764229,0.13280618868401906,1.142582962305739,0.9589399142909474,0.042913933857226555,0.908837262256718,0.5000298869601284,0.21477206017559106,0.7450992120581434,0
0.12175826433038704,0.45864868128371744,0.315525831482077,0.9471555706207727,0.5823850225007506,0.7883433064075663,0.3527423248851476,0.08441110651953801,0.1811249701392192,0.04180196347528072,1
0.6929029221315623,1.4203761254095661,1.4705994388436885,1.1915001430054304,-0.18155237956018067,1.0160195173935107,1.2726778848654936,0.048675311427818335,0.06874114823320926,1.36909658435603,3
0.4102435182867392,0.22089919805883018,0.273849415140122,0.7592878128299081,0.23577198170890068,0.28508966273800435,0.9634571479597167,0.03160289909692868,0.7911394223351378,0.18842604387391929,3
0.09293358488519515,0.6989051286866194,-0.052072694577765616,0.1546018065955445,0.1649682720933306,0.5996313724390848,0.7666185239588312,-0.007629001395907192,1.1390266232423836,0.08240558227674553,1
0.17841135294434915,0.2108933035680746,0.8240686148168513,0.18646687192552538,0.7615057631937495,0.08529373841732107,0.7724337651424787,0.08050219954294409,0.2817171085266948,0.7619500256043357,0
0.1414021669958329,0.7505091335766916,0.49846912026088874,0.5845285045142317,0.14802393815584589,0.8404854710489118,0.5303616002600535,0.7047201928967487,0.1268766867164148,0.7443601353975897,1
0.18985585716113523,0.09258043856387599,0.6718311839863136,0.9676437855627494,0.08704968102361393,0.21881251386248762,0.3407222774103216,0.20361544628726663,-0.09535399782857429,0.21404684655637407,3
0.8191946701081863,0.12286166961857281,0.639787370383205,0.07880499529474139,0.5199502476718636,0.36789942922490304,0.22295976762706607,0.9246387670998731,0.9168179034505032,0.7933209917253738,2
0.58811453937085,0.5411487234096084,0.16407704111477106,-0.03352683076833313,-0.22387789473544306,1.0172580256442785,0.6017076461448432,-0.12671969411280817,0.18993186850542054,0.29610576975361647,2
0.10611485361408608,0.8612197232978273,0.8089984022350418,0.8146297887817421,0.5318402439591661,0.7889812205539075,0.1594789643927092,0.8374894084001714,0.5802296793028965,0.6065600771393874,3
0.42458817782137553,0.17004153023036792,0.2819458818399554,0.7611619266830729,0.24278712534620758,0.19236111482468427,0.886884555716165,-0.06872756002234669,0.8008280242291278,0.17629645356870569,3
0.8405383599718778,0.14941938884321346,0.6411350986072628,0.08643640934588047,0.5365965638970309,0.38575239612579343,0.20424462136390523,0.9381827601537487,0.9295647245102269,0.8162493060826095,2
0.14129935239472816,0.7893731583775638,0.4745279710304926,0.9420381623487355,0.5565685832999802,0.26437304822336916,0.9823507151585829,0.18461770665878982,0.4873286599065722,0.861855436958706,0
0.9685222344643315,0.6587192558182668,0.15997218803056706,-0.05495068596114244,0.6039259322673285,0.43559138821596927,0.9194901796478995,0.49104225377654087,0.6703632738686867,0.052599908541355336,1
0.3596633165247694,0.9626632207892308,0.35876847860207467,0.7502301521991324,0.6878991054145873,0.31525451193974763,0.9847238325263655,0.973589574436673,0.23824109900968957,0.34112902941407763,2
0.9121977087253911,0.21676262432628726,0.9060950785193971,0.405858434712866,0.5240706337402273,0.6682517120117485,0.21264632005039938,0.6610241635461692,0.8640484393675874,0.8448072524061124,1
0.8367175190315697,0.25299870225806687,0.3411841189212631,1.0045481781174175,0.5440476843669421,0.6340008011298034,0.9150993085802294,0.6817175078792918,0.945458794831315,0.3864561793279083,0
0.40441191704813373,0.07777297733454197,0.5850777765236888,0.807606322498336,0.7448237028824445,0.7490940324702503,0.5715105091011251,0.31965216440465927,0.6516105811009725,0.586010084539939,3
0.31733625223657963,0.7691007053381318,0.993434824448846,0.5368254590524224,0.4301103646257122,0.5131125437974738,1.233082384764261,0.3017035328312746,0.5272480335400145,0.2708111166192148,0
0.21266959661124937,0.7464675326537723,1.02005841243006,0.7215766009472548,-0.03647590320322616,0.12309620056164275,0.2436116790386932,0.9983432017865218,0.10656458510522357,-0.13266663273420565,3
0.5958563557092053,0.28427873697357,0.5406426522282697,0.8918837049641255,0.10573021730864655,0.46449706573724214,0.5900240997717994,0.31235585612194705,0.26579632851248214,1.0938948072229977,3
0.6491687467470927,-0.007128809316404104,0.5825954449236417,0.5440704077797212,0.5728887268539987,0.6119435515110768,0.026067487007315676,0.651922535540475,0.5060574201394452,0.7152396772603157,0
1.0157706985584019,0.9201925481172706,0.7507411659759312,0.5290779820542515,0.8290643548204997,0.8092040255610772,0.35312661302454196,0.5621532970125758,0.5171984454557331,0.47680783623686307,0
0.14513341692999104,0.20678362877514003,0.3029712965225793,0.7247015278596117,0.8725746436451256,0.26411675378566896,0.4563192853062664,0.8150262138771179,0.6690713812725391,0.25934406276112704,3
1.1131571343957796,0.6798199623693327,1.201930032312635,0.08804426445907687,-0.2410984610875052,0.6539017723533697,0.8710958416813559,0.6572522535344262,0.07578504867473476,0.052319256691962385,0
0.8725962193104241,0.381150913111159,0.8124088352056682,0.5707438465714634,0.7141088619793943,0.2682456864052558,0.7353068940478331,0.983803197154866,0.9926002550103097,0.5201434631637212,0
0.12190901843248984,0.16022397096239038,0.2606492354569387,0.6701081957113576,0.9086212388548753,0.22321687973918247,0.3835867000051053,0.779443967326519,0.6304106676443157,0.31341024788963073,3
0.4502155301919007,0.5648402159554075,0.7796768339939137,0.9067618764673331,0.23208728419567076,0.23533156102341782,0.33276748933297934,0.6571677510786768,0.08995693520957712,0.17790819668399924,3
1.0145897748168102,0.7344595970664918,1.5087198666325883,0.5797761554671557,1.348904074977754,0.038151332567659346,1.2047821045656057,-0.5858767024511224,0.5176109174157884,-0.6952330015770494,1
0.8242854671658508,0.18288885778628974,0.983845436483872,0.44481858707191024,0.5485779433343343,0.7387822171485932,0.20425485621538686,0.7289380797434314,0.8389791013371539,0.8632425885970031,1
0.14697900577733253,-0.03609523985150365,0.4603449964452868,-0.31255009663037603,0.7561568957161635,0.007985690581966964,0.5988566992800295,0.1039403935546656,1.0090478099852656,0.18150392944072163,0
1.1001771797070812,0.49242134604339866,0.9996072396995614,0.11522703943616129,1.0310335501097019,0.43157118691586427,0.8457881497811729,0.9859764373015567,0.6466905238618045,0.7367997208413977,0
0.9401920514139689,0.4465575566095647,0.5506639550894346,0.9558465000004632,0.38206583086264834,0.5841853337135746,0.7655407544444086,0.6165100185050677,0.42694006209986946,0.5827357789604032,1
-0.28027949388359436,0.9719432879253036,0.23399006090988483,0.601994280474963,1.133476766870083,0.5557722926589448,0.605397692046737,0.3451754143417858,0.0353525920327141,1.0156368517054475,2
0.5287091794288018,-0.18747507044393222,0.4813046827829737,0.20957897297236497,1.1149553282223694,0.2672606020954227,0.6134995950333714,1.0088093484370264,0.9550793027817577,-0.12673383476045863,0
0.032012249256661296,0.5262908972737412,-0.029135953183286975,0.29619547098715565,0.027104634267511245,0.612883572408202,0.5988908305668732,0.13485788777348948,0.8991090233379213,-0.08528249016763337,1
0.0908132280176162,0.4458260990270559,0.3513328290711068,0.9547849039976022,0.6344813530864568,0.8020156349709292,0.3426627027771326,0.10936398937738027,0.15482769306720362,0.08123081711651262,1
0.8160783414287516,1.3898395247795827,0.6302296592191976,0.664555278879592,0.4861860850568311,0.04554228550192002,1.0734399719213101,0.18008844622817624,0.7624164170692774,-0.2698905658539116,1
0.4174147344200896,0.2164143034777513,0.31251731352780976,0.7575725363309102,0.27992531190231673,0.27304676880844686,0.9333802657950028,0.07375951838269,0.808044956627722,0.22616830976731345,3
1.0739645264123796,0.9498116017210094,0.40161282625784667,-0.0704205526560891,0.48747356103707007,0.6772434693755779,0.680021163362099,0.467844995436034,0.325272916984653,-0.07323131505539407,1
0.29142960645340993,0.8557153049212868,0.39358515412671097,0.8388871790115906,0.5179696699135933,0.16921258500097344,0.8884670281598145,0.0518821192445345,0.4247305475983744,0.8956189270329673,0
-0.03153265573098703,1.1021649617258498,1.0135515013915775,0.3315960068725318,-0.11269412443297891,0.1856535390967408,0.6868419164253474,1.0742710112886178,0.801542988382827,-0.006014337593424179,3
0.38852679100603993,0.9167572451872591,0.6483635117246658,0.4091462267875452,0.9052087292764498,1.2183802356040896,0.6633954711560544,0.14342080038179367,0.6348090539518902,0.735433244906204,2
0.6231334074813968,0.6011463190283627,0.7527758484422191,0.1401698725971208,0.7934850598849734,0.8713647591754118,0.7324558298813959,0.9633190283457644,0.4949719678841753,-0.22104443034859084,1
0.4700020313364309,0.08452465082219074,0.9124642394415026,0.9296839316985849,0.4419651483419721,0.6932955540660468,0.17006869781002903,0.12819645040267102,0.6486614915961753,0.6813048378797163,0
0.05431435559115723,0.9331262881019459,0.9250597956691041,0.3495065104968579,0.14343216228485262,0.4368146028412728,0.9321628064142785,0.9864506515972242,0.6184197111209417,0.24238991375148833,3
0.07510966892649382,0.25763095901013744,0.22937669970383417,0.6041260960989716,0.11494753232128124,0.4976472126649199,0.2982452742125082,0.3262168955143768,0.5171001254287313,0.6902541132958975,1
0.875030054341752,0.3894170808747528,0.8232402465906181,0.5489967351783837,0.7110236463651457,0.27180410260585564,0.7417764170709272,0.995804432015662,1.0072627221022183,0.5128085283155841,0
0.1585595661592625,0.5981764116571998,0.04043416260319845,0.2500275947581976,0.08694724383717005,0.5107228806909869,0.6998021868428131,0.15295409771716717,0.9808189046560988,0.038302234310346496,1
0.03762625310427789,0.8415961301697691,0.7854223238044055,0.5500690722250003,0.28188247466699556,0.48610464970015393,1.0951677978390715,1.327285934642821,0.4620285230632198,-0.14933836566830788,3
0.4815684785804468,0.006962589593528849,0.9595827936459663,0.8464187682550621,0.43746166811475173,0.7910968604014945,0.20454530975478408,0.13498066915306903,0.6289165947980755,0.653807828200126,0
-0.2691770241557114,0.5045302988959353,0.31523333662798475,0.20669414675000558,0.6609618795350667,0.5040335901329951,0.32515120102895756,1.2366681126944639,0.4835296103721605,0.6067700576198483,2
0.36666412884493665,0.09105635916328664,0.6223623158357554,0.24444789855908558,0.9025221809711347,-0.012601957625306297,0.6822260558509639,0.8383108312765968,0.7349270215690152,0.13572005915711724,0
0.27119456500104266,0.8719316129618588,0.37999018825369973,0.5999679718307489,0.5657183745020237,0.8648211057893344,0.39323890999652544,0.21411945416629044,0.9743812833892039,0.3444074616649796,0
0.9321416116362574,0.32079332159606105,0.5607900998977625,0.659725968252327,0.15714494885641567,-0.027049261670370778,0.36748956325129045,0.7811256025343296,0.5868537091606536,0.5070916183695746,2
0.2787074954025039,0.14949280542408594,0.6516870084477052,0.2411688279170958,1.0568104948479153,0.07805670452454234,0.6507019624001802,0.7363782222851613,0.7640919867580368,0.029718122725037113,0
0.6481691832641612,0.8467449347767219,0.1412831214077735,0.6768317108828982,0.48027838758596186,0.4580424828170629,0.5902549112145512,0.04645554474461708,0.43419185484661643,0.02120917047426163,0
0.9448460338646592,0.06078194334698628,1.221871989484789,0.5752333189435852,0.8333624087383245,0.6858955957987165,0.7820847603386428,1.1061372475135791,0.31653563866895107,0.981671858691186,0
1.0331950646168637,0.5859565681831601,0.32608156639134,-0.03646844677746286,0.43069508856929983,0.7053656365950488,0.7899105787347988,0.4229898847988668,0.27375173206258113,-0.04688905895897391,1
0.3730015733629984,0.9016498556526608,0.3467591690657821,0.843873736484957,0.826843496290705,0.29338660811782963,0.9059928863846112,0.941381953685312,0.18303582999599527,0.3320981132948848,2
0.10107255691259356,0.8483445446480308,0.8292304384087531,0.8061330715160478,0.5394221942887368,0.7907893661943286,0.14952161492720512,0.8290468119556125,0.5818328460421683,0.5975679259884193,3
0.8208974798293529,0.7546607036621895,1.0578235341042455,0.48369846559615093,0.5065019495832027,0.8838870461835009,0.2528827285027317,0.7158969264658162,0.5400714147044885,0.47422911122382705,0
0.7251178881285107,1.176255606361664,1.4935288045129078,0.5380145009840435,0.36171660437992775,0.7141506865000988,-0.009268246535807989,-0.23525877398735384,1.1428390760171365,0.25087090862715733,1
0.25803663657555137,0.5764379752429435,-0.2627791359358545,0.43630379477881126,-0.12950833233560544,0.8038120937161661,0.9415311523054662,0.27979301581520855,1.1999859934027013,-0.01932132285956839,1
0.42642398812618143,-0.25602432394654295,0.9873222347651173,0.8965416946092419,1.412975640025753,0.024506790200631345,0.5165065882380548,0.5659779040484251,0.09426806147356004,-0.5768873951773311,1
0.5350706386522256,0.8020447990114722,0.5349622332534442,0.36098594626023955,0.43641327794706397,0.7866405137849733,0.1645051990128287,0.8149878303071879,0.35128642946913613,0.3887240686000259,2
0.4961500516771648,0.5665851906477929,0.30206086556490735,0.6204805505603003,0.7378086447763521,1.0045129446688912,0.020404350012194365,0.7091736147170227,0.9542218316774943,0.2375298642160959,0
0.8973966345741333,0.7772948123402484,0.8373526104886654,0.6654346757964924,0.558087428449032,0.772348691102581,0.09510039036679278,0.7470156486558168,0.6322440664042441,0.5309334810368607,0
0.28287190126005607,0.2650706121319525,0.5938698240863585,0.980427285920916,0.817016463981917,0.8311287874680646,0.6346870499754191,0.343794074313169,0.45431276324755554,0.7653254746765024,3
-0.0181395443726593,0.24501342554256603,0.46223182512731364,0.2796464884354343,0.9813545776038172,0.5765910942674554,0.10679754641131227,0.8603286864622567,0.7683322548554896,0.3689002956925539,2
0.9895939906530401,0.2467883476983843,0.8843991027499488,0.26902655449944246,0.39993164319630947,0.6166348800623571,0.22889269803474557,0.6133668404244196,0.7705890896732757,0.7287840436693216,1
0.13231520221763585,0.2080615539499911,0.25686708107320677,0.7396532792362175,0.8462137771757408,0.2277679471042571,0.41832565093189056,0.8445939868497752,0.6487980318413762,0.2632304435100991,3
-0.01121688832157866,0.4279142271428684,-0.10945652628789504,0.06235217150086611,-0.14834143784557804,0.6169716720180956,0.5266468430055141,0.26668686095215555,1.1825862411935382,-0.0988935697103692,1
0.4839627484362221,0.47400650824024915,0.19065384249095377,0.6896272098794844,0.7156958241536735,0.9260733440581643,-0.06099288081705034,0.5773874407323948,0.9359438913711167,0.2501025029551336,0
0.43970007043182135,0.0328748419516765,0.8884532698488188,0.8151578586613598,0.45807680264973805,0.7254329326516376,0.2963994916005589,0.06601685088538925,0.681892832917151,0.5539475796825245,0
0.39227742194296056,0.004340960608746169,0.7569977229823708,0.8194773810594933,0.40106389962201056,0.7223461844600864,0.1598904286149628,0.18486421080461204,0.5429949041619796,0.46427107608633966,0
0.1567170392525255,0.17429504332632081,0.3142452021093174,0.718085454298787,0.9047054209951425,0.26845047264416483,0.45186037274341434,0.8511586875279326,0.6352240950917729,0.2819331964561271,3
0.31302444813696917,0.13398591381606043,0.6412046002314664,0.8335168966361938,0.7656884506767364,0.8358345510285545,0.5277295566370122,0.24897269078450376,0.5325230496454204,0.7178659796282674,3
0.4822176058355993,0.0046138685213032715,0.9073798569788808,0.8448599859428562,0.4215450687574466,0.7612387985421973,0.21959856231452693,0.14181534372233776,0.6536182485769138,0.602772183875896,0
0.10128339773599215,0.45358929585231095,0.3009823417470877,0.9678033653582022,0.6073398155771127,0.7828321226887035,0.3727050598567631,0.07418716837109851,0.16451621257143637,0.06148111002452173,1
0.4957852761099038,0.37777369574083564,0.2866054240818642,0.3665483697567711,-0.3576885859434763,0.4340096919749438,0.3462001509830401,0.5282949595981579,0.5380955523933941,0.08275333599205431,1
0.32228826422604195,0.831631139487987,0.3908704692949324,0.8195470223760217,0.8244011307671059,0.31558069315508036,0.8905271037607416,0.9902616910320137,0.23313798249919476,0.4166184714662059,2
0.8695380896149459,0.35508899853087916,0.8321360490410871,0.543474208717798,0.7113603376045747,0.3031920012794553,0.7531246069936364,1.0138574960830573,1.019098287450334,0.5082410300970661,0
0.8330009711097335,0.6132609278898796,0.6931036054110775,0.16682297944182936,0.5747409790099482,0.8843185042026502,0.5767714541603104,1.0222404569878412,0.1908589698646056,0.16174280051315681,1
0.37571027341088337,0.2033591074222226,0.34982795824260665,0.7533335034679346,0.22998795909004952,0.26868610283817657,0.9155826581467694,0.07161912938849321,0.866271403559599,0.19385312342576802,3
0.4688152174863102,0.1073257727862268,0.8974106340026768,0.8452736091096161,0.48326046234744,0.7367496830884563,0.22211602106870645,0.15695639454416,0.6640667604939725,0.5492343234390382,0
0.005960202536893024,0.10416360636132159,0.6330764281596676,0.26645359538330876,0.02980698065836349,0.22038254775710556,0.576735361337225,0.22823252943957367,0.6827813008923749,0.7705258486671389,0
0.17249937475622615,0.9769890787237461,0.9509139049689436,0.5457443194599861,0.36219505726568,0.8922732331767242,0.24004887540522174,0.9781044321808403,-0.11898798457903303,0.1788539434322787,3
0.18066329812897217,0.21043516933281367,0.825971110236325,0.19557322155412538,0.7565381204674546,0.07788348267059435,0.7672513904424628,0.07528716245308231,0.2825516495216379,0.7584909743694149,0
0.8682620895899977,0.6231956459328829,0.7927494766466047,1.0000288234164654,0.0283697132890868,-0.08251093040579943,0.5271861432746414,0.44899475230624963,-0.16114174981833318,0.6596897236831875,3
0.31602481999673887,0.013615272033159598,0.749987513251908,0.09386853096179854,-0.35289356605380845,-0.0654328794838464,0.6575630017999854,1.0825039052960963,-0.16337388777552586,-0.07621735899541526,0
0.12298454164369871,0.9214367778571804,0.8719043419915559,0.5897224730387471,0.46264424976007607,0.9343354958397244,0.20607505698898876,0.9493628356299798,-0.023400865259483657,0.18848507181397545,3
0.13969369315305133,0.23946153968170047,0.25924042112072526,0.782580404132979,0.8426297885263281,0.3172222202476595,0.4876584724125602,0.8131627299656005,0.6713252734657409,0.2821854412711164,3
0.24004029312377392,0.17044296593675748,0.5938701633566138,0.8170978969089164,0.7607413089241827,0.8840944104864416,0.5390166774757122,0.20158111629628755,0.5539330393147119,0.7156330741822852,3
0.03221352661604193,0.4385055743788272,0.6301234453644269,1.1581361830572696,-0.08456004001312045,0.33090068737810013,1.0950702309220777,0.9837010924150471,0.24655970814225656,0.32913023604285785,3
0.11862389471559931,0.8257635251369275,0.9029258629439942,0.32887699510063517,0.03452968625469358,0.28644984404492074,0.6766322376198192,0.8674914696682305,0.8214343602946679,0.21763973944946502,3
0.33000065625392183,0.23093465062273652,0.987864028288798,0.17236749239744792,0.43933480071669184,0.3753254931644952,0.9129677314501168,0.28869365558270543,0.4080733274550891,0.5285363499076019,2
0.3351223789454545,0.3048372225213525,0.3836678651612489,0.6493665859074778,0.16043835498123543,0.3872896679713509,0.9569574175778917,-0.07395179928998301,0.7320025385276667,0.12597946815429195,3
0.9702090796999155,0.29433865014883703,0.4142490174740452,1.0013104735147031,0.6925919938543301,0.5391084444137804,0.9891477014324173,0.6321183872375246,0.9605266322293532,0.44820085873832016,0
0.09169949092743968,0.20914071881248172,0.2836738223537278,0.7260573327044096,0.9002237809474897,0.26644531733983556,0.4446104926379119,0.8593044508105567,0.6646082305870247,0.2621014838273864,3
0.4043434011630158,0.9813108703821048,0.5132657354852033,0.806072644204829,0.6849229556755261,-0.15149845632544562,1.0102777766247484,0.2434574291067334,0.2995896403747677,0.48700649579820343,0
0.7375298644448455,0.7355985861315824,0.3226650946601931,-0.029947769260343843,0.3176404936947965,-0.008673080299864858,0.7169670083569771,0.8795989153955583,0.6040548265609946,0.5666978248017698,1
0.1719080471740454,0.8296908929416351,0.9017274141590789,0.5376967160895761,0.31642674624313927,0.9762095789568923,0.2760334171780944,0.8620275254711308,0.1013174210371206,0.13926853939039713,3
-0.1125017346722123,0.9226489747440594,0.07240876824127018,0.2735498817187432,-0.4056179734365197,0.6864967011352452,0.9275075683184377,-0.4703329192838286,1.5816533553933085,-0.06739793431096032,1
0.06441238831565549,0.8731190377982038,0.834628806118092,0.4426882383810502,-0.02902850681770361,0.41959583163470016,0.8769698464286457,1.2063118004772002,0.5035250083333541,0.056403105836023607,3
0.6769255596142458,0.9497485937654866,0.7429895368607693,0.03246800506174025,0.3904543608304873,0.9763517947863778,0.3252016539345335,0.18621962944782772,-0.15483872353605738,-0.019808356659353044,1
0.5225903451019144,0.7570828602806277,0.8461621199951375,0.7948385433531975,0.9398142242061178,0.2203642968166212,0.22489347758863584,0.5677634276146535,0.12690511240954352,-0.14278319590007027,1
0.4624784493856595,0.0729531926460793,0.9514786948803841,0.8746701066577082,0.4451962766433979,0.7756810281368751,0.23298564702017313,0.10311984831396637,0.6063690787608194,0.6071373195452935,0
0.9730191754238092,0.6113967526218195,0.8457309998513349,0.2933735958671248,0.6911226616144559,0.4934103322346845,0.3791769751026312,0.4236925562030303,0.30986626359945574,0.617185776053436,2
0.14281526615618045,0.6206761882369488,0.045333962432369763,0.27139395567723607,0.07596884134886474,0.5149802889597331,0.7014089968279644,0.13363315688279392,1.0006014422422205,0.033755334809058665,1
0.3385154311461981,0.5094429848249494,0.4835053375411865,0.00616968312349353,0.539154909407841,0.5190086721217593,0.09437161728378637,0.172233077357211,1.0542802675618757,1.0629933554717654,2
0.49743411864478937,0.7262957647390239,0.21247688286979072,0.4443658313704073,0.7860086131835482,0.8847345491808256,0.17939103302092013,0.3168866550648346,0.26073114345857656,0.017805509777434003,1
0.11820500570395037,0.4665053106245931,0.3112447977743985,0.9566718031783867,0.5971129016248693,0.7794413633701843,0.35494059686802915,0.07331453822638298,0.17320317487255024,0.05319076032565165,1
0.44908396249991994,0.020866264429022764,0.24318875357390254,0.3080795561935071,0.2649649479905933,0.5320920469905641,0.4206189340956252,0.9746592665963261,0.31708538915915085,0.10491650262044802,3
0.1545744598681816,0.8477585680301488,0.7900073033423688,0.5374038171914289,0.5494361862217827,0.9683737750743637,0.18095826653145464,0.9431095481217588,-0.09649003261979433,0.2831844958317438,3
0.27703886271450584,0.40262570202874054,1.110753942497475,0.838541059924139,0.4623888448803614,0.6456311481935477,0.7293762790260218,0.9634470533864911,-0.027820670280408105,0.07528546981048717,3
0.853752067071186,0.5074891356991942,0.7111517259945854,0.25481655755862476,0.620260700214672,0.901437726857043,0.4609221840428615,0.9305703919887153,0.17184903818365554,0.11663372751608848,1
0.3075840648988177,0.8605421673375441,0.3716887983662083,0.7794027120453825,0.8605904275796855,0.2743814305883735,0.8778072527527192,0.9742871193625393,0.24158466489634225,0.39003106040278573,2
0.3311598953718396,0.8434107932911259,0.34489736092036416,0.7930871864166341,0.8783370978837679,0.2493908646693979,0.8702829036975109,0.9641093313082425,0.24264026298178035,0.37861941928288884,2
0.8063636436695025,0.2604473031363739,0.8937755904435827,0.46150968461373837,0.5809364326336391,0.796087197740091,0.05729285119097602,0.737722443740743,0.797826905863119,0.8688525626432554,1
0.8639648011540694,0.5636690786128449,0.7015354919059708,0.24008688343363224,0.5887507242235316,0.8596604833781668,0.4960676913366623,0.976073048922616,0.2463333147390856,0.19602917694298239,1
0.33042233064963633,0.30654132699202624,0.286099646282473,0.737631398698401,0.35108389595447204,0.4150874370400382,0.8781633223718733,0.012911405410962525,0.7565467683958755,0.29215107265416246,3
0.537679881919423,0.8081297396247235,0.5358239940578285,0.36412518942511307,0.4342794727536612,0.7925012332364331,0.1616520020694391,0.8216556132410813,0.34855697884157516,0.3862188719087622,2
0.531480527120959,0.7998843833673173,0.5383367642714445,0.3683856076634467,0.4468463682639825,0.7859542454900403,0.1686065879734207,0.8087018415897387,0.3557308910068179,0.39176687563354484,2
0.5264563123641317,0.8037673048105967,0.5417513182393366,0.3567614168306327,0.4297052185519558,0.7914079828434292,0.15637797725337163,0.8125758473152765,0.3430692638151448,0.3915490917521679,2
0.8516102328859795,0.37509601602657894,0.8156404617077001,0.4902703844053624,0.5726475242982965,0.5975278209195308,0.09510145747888642,0.6052367210298144,0.9673745682019422,0.9323103697305863,1
0.037682643439851005,-0.002334268348082147,0.4387359659722265,1.0262715008963292,0.05503549143897046,0.630587501042192,0.7223283636646861,0.11914631908239237,0.052011373377851666,0.48819814967462105,3
0.4675834471581536,0.426762452781382,0.9354158351845657,0.5340765704565715,0.4458609194860551,0.4858510795719586,0.46585569098884855,0.6017040202771442,0.1401157375687695,0.5433562614544809,3
0.8626682334806687,0.8611894594433647,0.7251568650304198,0.7566903799500208,0.7474404430500148,0.8550804387260315,0.29484556233036996,0.6062281729276853,0.7179433639904811,0.43098611043419083,0
0.2991978765656427,0.04421264620343841,0.7264634781074779,1.0833562927737521,0.9797612581509646,0.9386019102915745,0.3689884280730831,0.06922781389745372,0.5129187513185709,0.6907108160565681,3
0.8377174336238092,0.14384349112349704,0.6481773993558175,0.07398832158701228,0.5409132351841862,0.40020909624832707,0.2118957119246903,0.9430223870127048,0.9206567624671742,0.82655216475744,2
0.005716605251664406,0.11069020436387952,0.6246741987644151,0.26891950502831513,0.03128365172614024,0.22027387755360692,0.5714430000565472,0.22873582246439036,0.6756505217924766,0.7748217273990979,0
0.860118548337474,0.2706535786337581,0.6393319075685141,0.306835603695407,0.4216404980292921,0.3119471382346962,0.7270829382355207,0.2376422584958612,0.7190150722224834,0.7921533899063767,2
0.5408040273258264,0.7947505879190342,0.9132349630858035,0.9161755010977651,0.6715036157422796,0.46989588703301505,0.37648175352181495,0.39862525200520627,0.2440363676089845,-0.015507217556292419,1
0.2799618804745033,0.7201274463562711,0.19937008318809707,0.5420583466743703,0.8935638325965816,0.7344438999952198,0.02957657526687977,0.555939336885126,1.1644979090430874,0.3290377496375356,0
0.5384348042993741,0.8031181464777372,0.5291586217301723,0.3597887510352462,0.4428958642045936,0.7877882050281237,0.16008065205318997,0.8179229845623888,0.3448990105267493,0.3912977041377109,2
0.04941125002327451,0.6616012069668197,0.13843579341544673,0.9759538246480565,0.020713508877133073,0.41319863929438194,0.22282076807746276,0.21855333129974164,0.5261821698823471,0.9160408981006934,1
0.41377643217568105,0.6256502160166665,0.8132354373843017,0.8961641376693458,0.19454995151557833,0.15977789882822135,0.2649618613640065,0.5961492577902753,0.15316742966147776,0.22516477454992362,3
0.6915524039299237,-0.028895886378640323,1.1440839567776138,0.5744240498828043,0.6176257947571998,0.2657664931604097,1.1970641238668125,0.6432391772343768,0.5978419511615467,1.2046897975384598,2
-0.024815109417353542,1.0280056080927797,0.9867577160790924,0.6091285295682892,0.3211860297375312,0.8008796343954111,0.3413439384365825,1.020565656323405,0.022436110892860836,0.2866070959312633,3
0.6537328177402459,0.2888066063854493,0.5427431807977061,-0.039803760132557375,0.7315706137984239,0.07570754829973192,0.602574477574027,0.6671232599749578,0.9338653257826506,0.5717280544408663,0
0.18510879038027672,0.7451345397681123,0.24031432572128575,0.4669663904187656,0.5543408094675593,0.8716460356846277,0.5897798772890699,-0.023538922662796426,0.9532996966706008,0.1669209884407732,0
0.6092633275819419,-0.26213269296299346,-0.011453212113637527,0.43437008665517785,-0.29653140292921576,0.2371850028829865,1.5348241144674377,0.6880512821588202,0.13277595000438064,0.9659649717077058,1
0.7877349132680443,0.6428193468318484,0.4937454799685949,0.05647190089095366,0.5242864441044935,0.009551792401187493,0.7892196471706734,0.973395573005273,0.7901677969092421,0.7960626518975745,1
0.2744054188015153,0.9980692255107098,0.36569859239905467,0.5869507438767827,0.26158909341472153,0.28576147667720164,0.017531978812173422,0.2907806748141203,0.9271232743044746,1.001139139160996,0
0.9926734783689535,0.7439708467966102,0.9309314451459553,0.5510830285381674,0.7417817576654545,0.944456238194176,0.24112411775322584,0.8604203817654842,0.7864799284119387,0.3651361469070614,0
0.11950202534611806,0.6964975737333495,0.4764976710046738,0.6235277090772247,0.7302883295875952,0.1577723096015288,0.7782479168237384,1.0122660223727802,0.43495372594917964,0.2934304456042174,2
0.965001413951709,0.7182794905070033,1.0675535409536212,0.7121577338695542,0.7581762530712068,0.9019154124277987,-0.08602401410333513,0.8264867713692399,0.7675135017182774,0.5218353322754486,0
0.4738814478858862,0.03281169789636878,0.34826696475041946,0.5917862451919995,0.15185136549634268,0.6533618844352687,0.5551738036779849,0.9826899686433993,0.429151589328687,-0.02194835054813432,3
0.36360819456338184,0.27042139837694834,0.8747546678949419,0.22388952913711013,0.21711892066796074,0.49208783531282685,1.2625763451368868,0.4872169364113702,0.5127696370588384,-0.2574801274303069,0
0.7791102205946331,0.3580274889816261,0.46593973163558444,-0.1349171589475037,0.620694640098886,0.7545825806225095,0.7077892897119745,0.36008036454843767,0.15516303741029908,0.005153439672393956,1
0.7155269104788317,0.7306523358353492,0.5512995249487436,0.03410005081370737,0.4821793102119407,-0.05777682818970124,0.8000619593655628,1.0086641602072763,0.7379802225726707,0.760730079361404,1
1.3464045090220913,0.07804340586069536,0.6637087031076367,0.8935877575267025,0.7392104183219858,0.6584776786035348,1.3891274201050847,0.7191831014046824,0.8008836525845038,0.34666159434130395,0
0.9396930930634024,0.06766985596552377,0.5056598490664065,0.671040047185172,0.24730412826488693,0.22730605227778822,0.36972030673076495,0.6879948159269129,0.5157085473921988,0.7418656947087836,2
0.13150806597213138,0.7815562008277258,0.5233199538485939,0.5691516624092441,0.16089452992559067,0.8543279748082033,0.5050725398034444,0.6929394216128429,0.07749989922968434,0.7304871118892328,1
0.9343521392392491,0.44856458662627824,0.819111508697898,0.1536301817691736,1.0574876587209796,0.29427477048109907,0.6959422418167417,0.989764426148101,0.6041122192538839,0.6555849638092075,0
0.2784213592848779,0.7856728003532054,0.9064415098837966,1.2078938035492173,0.33399567377526485,0.4351406618015497,0.11003872763363684,0.7900937929760856,0.2172315715443568,0.42893848216336083,3
0.5510529006810142,0.2753691619533444,0.08251726060364982,0.9833562142445567,0.4282271500229875,0.779297875735708,0.9906361277414845,0.6709888792413784,0.5126759824805224,0.01509084765691457,1
0.8606560540122405,0.3899837185866646,0.7983460937228286,0.5628302721916657,0.7154761843167772,0.2713136281594745,0.7296686570167897,0.9814394750065986,0.9840814932781956,0.5269399705395067,0
0.02175905923519475,0.537755418692588,0.5061975513168269,0.3995812353813404,0.7012744716823766,0.6594132003111831,0.5199039732110521,-0.17953007674085114,0.8477798001318346,0.1387776587669726,0
0.418837969746305,0.5674303792816356,0.8070152103502772,0.981625021598217,0.18740699841409988,0.1700783443996127,0.3057485665897393,0.7065494075166291,0.2111433102701749,0.15645221878402502,3
1.290231124910784,0.6250580340385098,0.07770945530425688,0.4356104591676344,-0.09117487113727007,0.27987215905634166,-0.1773474148145629,0.8631596857870711,0.1368978467791645,0.8652678374622408,2
0.44767533629076955,0.9393939308811048,1.118736172922134,1.17365832704845,0.13556751403497044,0.274563638237977,0.6544121742181185,0.9094743966112546,-0.082773249856056,-0.11708929125262885,3
0.11850544752203139,0.8788223727177157,0.2958987909575454,0.4886326967997666,0.25167215359520534,0.7781630673122629,0.4966088912799662,0.607707146318017,0.16118778946668713,0.8513523365007716,1
0.2552201192481989,0.9438140398038557,0.9347203738215083,0.206775895374308,-0.10705138468451025,1.3746563550270223,0.8722908500041073,0.9324918703787212,0.7716113172636404,0.7016503374067857,2
0.5904252120629765,0.23346102766296442,0.08162633358527281,1.0242900064733849,0.3803305301124999,0.8146296559147228,0.9395634277011836,0.6842434449242264,0.46251604350303627,-0.0024364095656185768,1
0.06243422088385289,0.729730677827733,0.40267683785381925,0.0509103601973522,0.2595652411668666,0.7225692622354798,0.4965905206592004,0.26171545139343544,0.630973390205859,0.7329876700740944,1
0.33660532400916376,0.9573466923872613,0.32590254990868656,0.9556315170179972,0.9979142477909031,0.23626192928528364,0.8941100092983097,0.8156160934186987,0.2863947729962276,0.2763079758816724,2
0.29636758097284477,0.8848165985676395,0.3766896291964554,0.7737266204787396,0.8560464400586046,0.2655499101265151,0.9131735462494591,0.9484754038428038,0.27674260146197327,0.35259167352708226,2
0.058058673363165184,0.2853808367405419,0.34854697648647753,0.2659000814346938,0.9721147076481694,0.5707069157075574,0.22391668307550014,0.8677658935897063,0.8299210312256025,0.5549779983542006,2
0.5948747823842804,0.28045588642030195,0.8990962183503954,0.932598099578795,0.47342721585685915,0.5694631956608595,0.07346748484325158,0.2878377901415062,0.4760922006939394,0.5889144850831289,0
1.8284300281454855,0.31281818468096656,0.0897965040264152,-0.11121901319784344,0.9158570636883921,0.3010247775326309,0.6463305457214524,-0.023194592860888874,-0.5956031416433409,0.850223059249812,1
0.26499142674251774,0.9042928974302804,0.4149535735708313,0.7714557687160793,0.8253284349002896,0.25542370755811833,0.8347556230374341,0.9557191092548306,0.2758474906471251,0.3501639581107798,2
0.8629025956627543,0.3879007792801907,0.8126243589489316,0.5566881685442278,0.7033344367114089,0.2824665801115732,0.7389304766291749,0.9797090740000836,0.978647040183225,0.5257224522822511,0
0.1301134822668005,0.19422720669625906,0.28824619161960374,0.734747194255831,0.8726063285602023,0.25294026897067295,0.4373105047845152,0.8229307048091162,0.6443798580703259,0.2796305476127464,3
0.06863103279027254,0.022644308271543623,0.3214883372652095,-0.09407956175551663,0.30958104069461356,0.6078716952043257,0.6161654389425674,-0.010537659464722238,0.9750418865414758,0.9493155725280834,2
0.3411805456750763,0.8909868711614315,0.33501826936578083,0.8221578713830769,0.757438249280996,0.23538183430263826,0.8727066634726593,1.026255755173672,0.24823679999441386,0.29846623397117356,2
-0.0015676618430758961,0.13972785483726358,0.6612022561749386,0.23308580615994035,0.05599191610476241,0.18859473972703483,0.5862115971892338,0.20712590304674702,0.6773322036263224,0.7470081744755807,0
0.5294259371359791,1.1561709633490242,0.7142672224168108,0.5748475107536316,0.39201491197993454,0.8917133220027418,-0.1698791296903408,0.6195108810255889,0.9717080895102499,0.21150821993371105,0
0.8343558108852405,0.12896709422871908,0.6395519733426165,0.07244920102716086,0.5066765643252527,0.3700269612427598,0.2283883436789083,0.9323582028787386,0.9073736292439213,0.8374539554268957,2
-0.05971662590325997,0.1568199516486546,0.6816954306941606,0.3072352381255766,0.02361374179064163,0.20858833035194727,0.6179824180731539,0.2765891953656012,0.7125969011783196,0.8100699664709167,0
0.32741664078654725,0.5997909738543155,0.8647140424529064,0.5678180799089748,0.40588260730933334,0.5423921727694018,0.5468132926731368,0.7779025107111245,0.2300191271849027,0.3399025924387216,3
1.3336572806950098,0.6959357643755388,-0.006817216249499269,-0.5018355555770541,0.5425966447240815,0.32895103087625405,0.6673211477437858,1.2409037629401745,0.23540187227532172,1.2785853612569422,0
0.6587302077196656,0.7843934250905044,0.0747936902429141,0.6988530899727493,0.4907148071330604,0.4097615761569998,0.5666817213979575,0.054435985152128365,0.4634200883933358,0.0046402379048233995,0
0.7725651735342143,0.4557712034010252,0.8663301807953347,0.4094925798720326,0.0252004714084781,0.427468882476965,0.8171145166862398,0.6119802312906473,0.25041516610047543,0.19999352040844925,0
0.14498704536627988,0.19633401023947916,0.8286897318547018,0.148142888832831,0.7786691065515702,0.10991349168085982,0.7934406086583206,0.09476034380330242,0.30286732225522794,0.7852559301945935,0
0.2608288893538596,0.9870842700772151,0.33931792874401184,0.5272598249557573,0.3254732097545295,0.1604631882724807,0.054101884080339016,0.5118546734700178,0.8283384170648275,0.9260256016656446,0
0.4499428832834925,0.5223635191012596,0.22709161349975002,0.6406004644374829,0.7801194125978961,0.938756352889707,0.041556356416342796,0.6686156912374507,0.9749430481549027,0.16342219418855797,0
0.1241506882196224,0.4577964191443734,0.3206549193219159,0.9599015096582272,0.6003211023470373,0.7740841517359683,0.34100354900266266,0.06215357403196822,0.160818762567514,0.05178583589532942,1
0.46493687553162577,0.2577765300660817,0.12413963504860737,1.225538791620093,0.4197522803811584,0.9863618176272053,0.533393631371651,0.4746226005073225,0.5379182133277214,0.6985635218831461,0
0.8627563931007249,0.36954054369218314,0.7641638755278902,0.5416356172780976,0.7308698268286614,0.33083242514275335,0.739006441409438,1.0018976787591214,1.0360218686995906,0.4932367202437224,0
0.33394989160839256,0.35162307506516455,0.8059294586276701,0.5878175141071464,0.009310923361689774,0.7918561676485051,0.2804837535235225,0.20672809250114846,0.4376723904245433,0.36641083452398127,3
0.8679649910105465,0.5582012943428843,0.6831221465785697,0.2107348815033078,0.6076315614102868,0.8678556454022188,0.5130291559330337,0.9710760023429066,0.24343142749922525,0.18894428694707785,1
0.6858072920966547,0.7506609068916393,0.6954273204305039,0.6021647775351373,0.7499683119197643,0.8754552805512709,0.10791315550352462,0.8411102475678678,0.5146698439102463,0.6930773844735308,0
6.315080855683053e-06,0.1098086486507986,0.642003507616781,0.25325337731426223,0.03213023819952222,0.20847030436443625,0.5729323379342598,0.24198846293993082,0.6927322860014868,0.7919641166494958,0
-0.08381381366901439,0.6068965722321094,1.230310385899282,0.16763879407225996,0.4025309741586017,0.8014057396534777,0.4558740638906039,0.5535790851387221,0.8014419590305956,0.5796805484243862,3
0.26548195903064126,0.9136815703662924,0.33743002314602,0.7794723179110571,0.9021505600237658,0.21415026414710747,0.8797438066093121,0.9874510645679577,0.21384940824111862,0.3608406798827043,2
0.5969212611169595,0.21667518387849966,0.8553151158011251,0.8018974432404513,0.39788495535572854,0.2485001590990491,0.2895489133111968,0.5149353582193014,-0.21013189962920975,0.7647549607649502,3
0.9206274500820599,0.2283785349342048,0.6226181673887057,0.6069900130054159,0.11041712269784662,0.19871945581095093,0.2978540980913455,1.0019625913735979,0.6081033767660619,0.6884359058560312,2
1.0541107344224436,0.582249619722651,0.6510866589359859,-0.08602181382138452,0.45797690598919794,0.8129244482242344,1.3276194047421888,0.24839808535529884,0.9006922539457023,1.236078186976203,2
0.11048739699044437,0.856342401223373,0.8199919904033877,0.8106079671709567,0.5327398542273957,0.7794648574419507,0.15521041394279686,0.8357227372173576,0.5781245208992749,0.6068398807964823,3
0.8676322869327482,0.8703509339012421,0.9125666562461484,0.6672586602107441,0.6090754004532394,0.8023602553128426,0.1558122020927174,0.7748219540056231,0.6845921900949867,0.5507097319291078,0
0.45287144507413096,0.5539792113465185,0.2042228925335786,0.6334220577353646,0.7966754262413894,0.9150554631592343,0.013295156556677259,0.6330775239767368,0.9511731556227387,0.17723568345014254,0
0.7219421545653484,0.11993621269879598,0.6569669138771712,0.3509124293975116,0.6575320475642737,0.5870579857017572,0.2449026853490444,0.7613992100161711,0.6434073242092819,0.6247423077541748,0
0.20721915586775924,0.15998878627234847,0.3115172806039019,0.69894546439524,0.8280781950179799,0.2661702305377356,0.4681393502211597,0.7392518832583587,0.7121008606778407,0.2694825432785488,3
0.5261278135566211,0.2933707428181011,0.08096133102414997,0.984484371422717,0.44806866472495954,0.7711193232421499,0.9637876128291659,0.6781714637486046,0.5288067945289624,0.0306356963363277,1
0.14945065704093896,0.2382145798456264,0.24792848032037773,0.7249017183009825,0.8542030848398598,0.27832765135810555,0.43888265817376865,0.8388089397925279,0.6736133993266188,0.2631857076679565,3
0.5575898708809723,0.041179692031104026,0.862546822471506,0.861797384705728,0.41142394810083616,0.7712879108686405,0.19740752796595712,0.17059747921630825,0.6300896003555132,0.6486629738085437,0
0.42183170606460196,-0.12270183114004726,1.0022673901581742,0.26229165302871166,0.662518143648277,-0.2551298622258916,0.9996044995212223,0.538684998992615,0.6147459670831625,-0.13039058918422525,0
0.2358053772374065,0.7974113662939805,0.6132629118047077,0.17126614997127582,-0.2667495011280201,0.7020889831637103,0.8747297055689673,0.9135778813354215,0.9948207403124499,0.49826306762464584,3
0.5338700174644636,0.8063835704768116,0.5351278409976981,0.35990287871638577,0.43859495457650965,0.7869622844090709,0.1634021769911149,0.8135390623593366,0.3494405252558578,0.3896932661561519,2
0.1444533648460174,0.639757078486758,0.07946652842127812,0.15412083712395871,0.20479928161510685,0.4594373202360541,0.8000434044394713,0.22544430686650196,0.8617394389922063,0.05484337704516602,1
0.15290014336453314,0.6359465994088387,0.07969078178286626,0.21374463806534058,0.059934554860254646,0.475739630583316,0.7293300402209059,0.11964002147742318,1.018540706324897,0.050108354717947584,1
0.305883155146621,0.13678816534709587,0.6527976116026268,0.8642937941453903,0.7678367235924569,0.8580700084619817,0.54721688929336,0.22304284248060022,0.5216323342447884,0.735840192005968,3
0.11352858502901354,0.46270596758306776,0.30799293902863123,0.9576549839567242,0.6018045637865287,0.7781133994299392,0.35409654260538664,0.07246247578409988,0.1700011921073343,0.0554786589990739,1
0.16646792524248588,0.1808405958999458,0.2893564175388274,0.7282439955706494,0.8584954138265207,0.2972318793382239,0.46556085686300286,0.8077098980776758,0.6484259286934322,0.28846700696876904,3
0.5035528732795018,0.23031979536655423,0.11603201655425407,0.9410537092362024,0.4334047035285653,0.8179724217446089,1.0256693047992047,0.6360944876306808,0.5456093296055277,-0.0023228118764696062,1
0.38283113265472746,0.02719906881543524,0.6368795189439604,0.27636049891433423,0.9501554469375427,0.04352255483463826,0.6413595072814402,0.8769247766326881,0.8030265190513388,0.10628668390294618,0
0.11380022010148302,0.7343723113064303,0.27934381527471464,0.5616861816352949,0.5755201658247698,0.8324128301059178,0.5664912414750155,-0.012947786890690857,0.9283558239434336,0.19934623602406015,0
0.22643257949694315,0.20924177366622032,0.5795005985246034,0.8752870935344043,0.6885100387076374,0.9598852860431335,0.5181660217896268,0.2624405174326557,0.6153014484993099,0.7426409891598788,3
0.903888276672734,1.1314079575043705,0.5344144588388023,0.030370294500471344,0.5503676977011258,0.846111519774933,0.9668407101141919,0.5549675838473733,-0.22493972317936078,-0.3714937787368399,1
0.8222115048782848,0.5255929224728239,0.9715455065938609,0.9793804936894253,0.5922546223223343,0.35679903222771703,0.7000960924864336,0.8903723139836235,0.5248239340572292,0.8094847646055467,3
0.556687358416661,0.5141750805129246,0.170853750751596,0.555835453836838,0.751732100602743,1.0063471678476454,0.018646562229883173,0.6202929087930235,0.9143556892804613,0.2295208578536715,0
0.14208356326053365,-0.06809556783944229,0.649256973422046,0.3364916250307313,0.8501542422779618,-0.01517038853285909,0.8269361625506633,0.8000410240496766,0.9676825328506486,0.3637464850727703,0
0.07228126277769484,0.697066848980883,0.3681214027573189,0.8155958623515315,0.9243430353221155,0.07666242474117402,0.9263511359322547,0.8033277580784969,0.47395451263287613,0.6693323887643006,2
1.3825266968784442,0.10593278932634914,0.35770398411695836,0.8211417582524669,0.3036258815147443,0.9303081506568327,0.7302812836279422,0.81855214871319,1.3939650798295653,0.4636212759707715,0
0.1292628402460099,0.4755763314203424,0.29470792104217586,0.9469857879360537,0.5833441940446213,0.7674100559594714,0.3391844363483643,0.0931537233902549,0.18569209434661701,0.06526672955757055,1
0.16395888186454527,0.7699321527978052,0.49155149797467146,0.568298462053835,0.1537397915011112,0.8460929909235331,0.5095068284554037,0.7175043397288803,0.09773419260965584,0.7325853649654785,1
0.538294379764151,0.8060179719724151,0.5360254002457603,0.3639567980629097,0.44332085139246524,0.7915373895269466,0.15868540288481542,0.8189314970321575,0.34866880123101746,0.3889850310050583,2
-0.0441548074920477,0.41655357655167813,1.3771896838299948,1.0855496986157154,-0.03060641736733849,0.5001294584851037,0.24465030974793084,-0.04543393454722744,-0.2797501969454457,0.8363186595544684,3
0.2570855418292306,0.6411849735466963,0.23235049542290498,0.7894370778424235,0.6487137770113028,0.8072820750373906,-0.14093336226450845,0.9178894072867905,1.0390556994846882,0.029879099686046545,0
0.31694787635029753,0.5103290057217215,-0.01317988611641379,0.07331772295515868,0.13753233753984775,0.5604752134176969,0.3335094810624949,0.29253271241096734,0.6577363703259056,-0.09898546466511446,1
0.8603005314330496,0.16515137260792462,0.640034963156878,0.09819779925540752,0.549156014490315,0.3823626883301967,0.22013437680438425,0.9162729987607946,0.9157853527157661,0.8219911167843705,2
0.833853778227077,0.1827083500157565,0.5226758520241968,0.5385840944124722,0.15480350507673674,0.12968440481658505,0.2563840373805349,0.8930330046099616,0.5590027670129853,0.6311898627669985,2
0.3642630014101429,0.6716736457490897,0.06971444467609095,0.3725856509064932,-0.12629373234954702,0.27911245431995557,0.6407506273553671,0.13745663687657672,0.808391659667616,-0.19591637385779628,1
-0.051136954282265834,0.6640301259139658,0.24276934216800283,-0.054296585763640604,0.9499085938244115,0.8426517241238956,1.3857370518212244,-0.14100684644568218,0.8205144518429904,0.09926178378907324,2
0.9722039315463725,0.7981500102218669,0.7894733675282963,0.6315319602340703,0.6609479808939908,0.7545701695514271,0.23596599854526934,0.6749708936312458,0.7774342545384427,0.45405133597232616,0
0.1280939562084531,0.15693840393981526,0.2801440266697339,0.6629959135392297,0.8055684970059345,0.30845543377372575,0.38850502971277867,0.7764195856618403,0.6978299979525491,0.2500416253956572,3
0.7869396139415101,0.6365453803086493,0.5083829522138785,0.04477624937133738,0.5363920923898666,0.012188946498023814,0.8038591437733492,0.9838524578116996,0.8002474988741864,0.8054020975287639,1
0.9030836566369689,0.4971973233522035,1.1091104224892028,0.3886717779050527,0.30687959848457314,0.5124494708549017,0.3493712596114815,0.7524660146124594,0.6363430544047757,0.6040701129697614,1
0.7997029552844281,0.8678934326267144,0.9244704375409935,0.5823890120330789,0.591792547113238,0.8885106203892328,0.0620144174474907,0.7207455846065809,0.6474320323775256,0.4905298220500397,0
0.49986769678509313,0.5381686231575619,0.16869071643175987,0.6666507620305844,0.7614343520087817,0.8643600380235514,0.0014737053968464121,0.6485850454096218,0.9928286482788684,0.17168309456402883,0
0.11929578014698057,0.7919673653295547,0.46309019559706094,0.5415107690582837,0.19835726180251168,0.8267590145984032,0.5610389994483496,0.7051923985451508,0.07861058185247644,0.7137869953449814,1
0.7831629447120344,0.04612337412574491,0.7360825990058701,0.7260670258518728,0.33580848106675953,0.311816388213362,1.2027644991002218,0.3892169198969498,1.0093037259664766,0.6102777633094135,0
0.11526925699241179,0.7779116357667175,0.4383840082339483,0.5906411466955326,0.16296035962882835,0.8217003998949675,0.46047843968674207,0.7698607090264346,0.1386112265172938,0.7826955160532671,1
0.944072280755149,0.41071678962687713,0.8575745355512807,0.18343220630157747,0.9974483293797108,0.35177291208537187,0.7584652568657879,0.9032437747616069,0.6869492174502538,0.6054680540041221,0
1.1196141498859762,0.3619940835567036,0.6568394516855265,0.5529261007494022,0.20124279433329872,0.3145872849544721,0.8664042735149872,0.7360705116779713,0.17574630512554032,0.3521309459467097,0
0.10958597964837347,0.8443536437900252,0.8098589210171456,0.810313041432381,0.5437546648039344,0.7649255864765281,0.14899485952700414,0.8272179916644753,0.5767413495998013,0.6157315247416382,3
0.5447468827665466,0.027545514559662556,1.00706125492604,0.8228183691069819,0.4322407645784115,0.7790408345158776,0.16129588046606647,0.18882581826664258,0.6222432880770107,0.7076118417557161,0
1.0387734981217094,0.1612485275141521,0.9980287729256909,0.3621916237893628,0.6412502644676613,0.5290402903562809,0.36475038305638324,0.5854877308235988,0.7071215855764187,0.6794989208534832,1
0.8781376282119647,0.2730377975964242,0.8241456292302971,0.47170113101254735,0.5831128462101712,0.6307226586427805,0.12875379813122872,0.6152333447627703,0.8050619365953119,0.8058192875273399,1
0.4846725805120272,0.02624869583816143,0.8836888772421384,0.9469455959305604,0.4695534578694391,0.6771122662901075,0.23559527539840214,0.15539653744386592,0.6353905592003929,0.6801824387166725,0
0.6811531390695263,0.34462689212116854,1.1392898793169368,0.28231151942293387,0.17027920805134578,0.4294463634808113,0.9669569377476906,0.8152638407049397,0.43845584320492015,0.028221950670453466,0
0.04710020017204322,0.908906382895849,0.9275189559148019,0.32199851308771127,0.06669558700039266,0.3478696243473456,0.783330162028844,0.9525440503682266,0.735958518448378,0.15737373845504335,3
0.2900380662165402,0.9705221164420518,0.9943223671392323,0.1305805424863488,0.11759911816212537,0.19856748623169398,0.8074191904331965,0.749018984860522,0.5298853112349384,0.3825928952532355,3
0.1135312463114059,0.7419900948982319,0.121781045605793,0.327455377545282,0.030256128232318408,0.4954691829827693,0.7124968614239623,0.1586388462872698,0.840674585684106,0.1677430197660244,1
0.10125379025021364,0.892158999687073,0.8563694777560121,0.5744875827346986,0.4268141843558175,0.9627553205383036,0.15409642751870675,1.0049377421911396,0.013635177078752473,0.21826294893402545,3
0.6012285140750727,0.16945151997054392,0.8720342626723369,0.8186954676657923,0.5773833812348309,0.9049193024173248,0.2086547957264244,0.24927990217666687,0.7152901830876839,0.6428667146660163,0
0.1725076542289784,1.0629487105164892,0.3122081322190986,0.8216268307714518,0.9111977134901075,0.7632352139397729,-0.015878454958215715,0.45139926324378776,-0.3037714491151592,0.5954160128690278,1
0.8921954751575369,0.5131453766447063,0.9077458294296203,0.3480806575445641,0.2617323403187749,0.4653496175015184,0.9356952113076339,0.522866430535654,0.01665870700654498,0.10169276491178686,3
0.7607250618883431,0.5531042066034215,0.8262735418681294,0.40712287301488626,0.8283066426122223,0.5928365035937273,0.4002785441114983,0.5251220846515138,0.32993796876270604,0.5887102326881283,2
0.17438649956541266,0.22646361573604382,0.8400127999954541,0.1951740961392025,0.7518537507547169,0.0897461665284262,0.7873195516081698,0.06383361670017078,0.2790356514678706,0.7521860522408298,0
0.019257122531682037,0.14641772925011326,0.6600982121328002,0.2985237036630398,0.04572346850204166,0.22271874202182332,0.614840392030397,0.22528361985477846,0.6564072188462,0.7723944108429168,0
-0.11031018616659993,0.30280328296289083,-0.049687021556783575,0.15799447755205598,0.23181180951163813,0.4465822203582159,0.4300911230508417,0.24884473250474168,0.8509746372536077,-0.01989239739802997,1
0.2968363862888807,0.5374972119659835,-0.13892637666329483,1.0150630872868596,0.30151682200210383,0.6807306130473645,-0.10272396802291772,0.1534691427213312,0.6078212482760517,1.0048120582765083,1
0.13588768671799897,0.4855431972826734,0.30712423773447967,0.9530254572411293,0.581869218334281,0.7714598760976504,0.3418569358290885,0.09179134324731016,0.17644094851322203,0.03515860616682291,1
0.824124757689311,0.8079829595192421,0.829708799091476,0.6387725548049394,0.6230640405959433,0.8351819683392042,0.11935382249714595,0.7177555637660126,0.6887181797694506,0.5111681173724322,0
0.12926186394403033,0.23352883371673538,0.32243253154692586,0.67434923082429,0.8758952792445256,0.22824613527211762,0.43908828287077234,0.8084072393093144,0.6742766079886243,0.29440180290761614,3
0.4080569113067606,0.5079754153872221,0.7289859351506744,0.33602801021615636,0.4687626894462889,0.44121660334199675,0.36884193544108923,0.7533646085132866,0.19649677557482198,0.5587118808852887,3
0.14051473398953357,0.7500992860619402,0.5062674168124908,0.5859272090265434,0.16435856970442383,0.849058220259483,0.49909698508520856,0.7382214927855278,0.10481452400252117,0.719463142252148,1
-0.6149831203900631,1.0930192438939537,0.8203863527226031,0.846987301660538,-0.6058985760931612,0.9664839716215538,0.3948866009159806,0.8297811742209735,0.7587826814386477,-0.5543982634453973,3
0.5513798483324107,0.07997995122626186,0.6812764074409028,0.8702437957713882,-0.19430295837722422,0.7961075298859972,0.08123583843652449,0.43030721158510843,-0.09655763355491037,0.6610960508853858,3
0.9183163180926794,0.2599267493756312,0.9339862838990003,0.433452181647705,0.5332825833153096,0.6617867310450369,0.21145444190878082,0.6931295481352306,0.8478415905135255,0.8343527625661762,1
0.49276399532004467,0.7338316391323334,0.8806337775606582,0.9756152444872142,0.6843597073686745,0.46997325864590034,0.4046755971565229,0.35954120302566955,0.18726151090094723,0.06637483635128798,1
0.6634400107841583,0.048645241583139334,0.772178666963092,0.42741795627100126,0.7616231363144925,0.5591864396971447,-0.09592059385246532,0.6711111688527232,0.4403222729334685,0.846520064759957,0
0.7050605585076015,0.4348440958282295,0.6038718623235163,0.2866009347128805,0.26203038539177537,0.5008326206353465,0.8685540006639019,0.4021302988830491,0.8615671559681912,0.9374426766537316,2
0.2312594726837708,0.90700216620625,0.4326935845884067,0.8808144450378449,0.5759810238716134,0.17708790427099763,0.8927233440136462,0.06495161015292651,0.4684470850622535,0.8414209540667467,0
0.32436158432241524,0.8438705289473498,0.3507393876379698,0.7915689007927031,0.8434605057726949,0.2915412762715686,0.8402855538794987,0.9799517346443984,0.2506030926200199,0.40843515890448484,2
0.5363674474411992,0.30203593100685866,0.06084185969021649,0.9479784698487271,0.44022796190121877,0.7827165827550636,0.9723104662988691,0.6697650231544348,0.5428317187171102,0.04077639212977256,1
0.04102647194774341,0.08357668927363782,0.6333841507998985,0.25207619834061046,0.06700086604506397,0.240086096120346,0.5416718866921779,0.2617284350970437,0.6695295348754334,0.7708926646087023,0
0.6631678021595881,0.7375454687438328,-0.015078136459226399,0.7217479152779173,0.44446543413006784,0.39101402082664766,0.6184017070696184,-0.036493327525018424,0.577871152600454,0.13212369784261835,0
0.8636549469330806,0.388518930703018,0.8734696353150486,0.27606143997238464,-0.02202033822376484,0.6523985198136603,1.3214333275487857,0.8000274747435219,0.6116584009366038,1.1388003773170943,2
0.8849382378100883,0.4036452204406217,0.8231569391622485,0.5491212517511064,0.7323292445214609,0.2852797895239814,0.7023785653084755,0.9932636598169727,0.9649437754991688,0.5257098594566736,0
1.0662511887239656,0.3733459248736538,0.3308017471754121,0.35588856916028855,0.415988664873845,-0.03885392982563618,0.08458908890374986,1.0076750704725697,0.5465999272119679,0.4975951521665837,2
0.7927511562872711,0.7110448506513044,0.7066833626806741,0.25462024877479367,0.657897160208198,1.0879384281842237,0.6226477878384471,0.9517164920959482,0.3715483170121553,-0.059007294736957705,1
0.8664094434842997,0.37869654477646886,0.8106011205630468,0.576781165229349,0.7286358837309057,0.2677578892238019,0.7170854494851744,0.9653465320086901,0.9918395609918726,0.5326223605167791,0
0.352390918935773,0.10222537826476408,0.405882926521635,0.14480908325740732,0.34221414416867735,0.6510679551925385,0.5444854765925673,0.06186888592318757,0.6671655911331053,0.6769093366098049,0
0.25120693652705817,0.09739631931691003,0.6048981512228822,0.8816484058525922,0.7089170294590563,0.8930577358030125,0.5513927644395361,0.17121625838659363,0.5498983336088793,0.7347466980195814,3
0.8670525066462935,0.37704284924268905,0.8037072832931167,0.5616110233649926,0.7203277162174395,0.2765060058554243,0.7347128863563352,0.9869015851036426,0.9947601489806529,0.5139813070373667,0
1.1328745018662028,0.5211798135392396,0.7825247702532406,0.29085429691158654,-0.11879463216312808,-0.302133295309611,0.22844980827859163,0.9148468511542207,0.5226506362265628,0.9753495530915417,2
0.4287182691216381,0.6772632242208386,0.8599224550222392,0.6772455880356978,0.22755807474981368,-0.0035575115033476268,0.20907401644168722,0.4483254933161138,0.03995291615480981,0.4130604827522407,3
0.6598589378817256,0.1361949508204252,0.3312046935557542,0.38385036147293183,0.3493976856046894,0.8456914482863835,0.5979428598656445,0.5407348187938441,0.457542444969382,0.7051236479773813,3
0.08188308612838899,1.094207644828394,0.8482701006269109,0.2923315858806852,0.17218128465572702,0.2921277462459846,1.0200059648783883,0.8255697451933732,0.7937909952026743,-0.014110922603601528,3
0.00995515678172514,1.0743179773504548,-0.29161274946118915,1.3053691938519658,0.2207013231403646,0.08170094526199323,0.7234724701843263,0.6196792863847893,0.42576622027813166,0.8701405563539678,1
0.42861764330664204,-0.044206649872628914,0.962418048957532,0.9227779816632499,0.4522279320872703,0.7706774857526753,0.30501671060360586,0.18016472788584903,0.5736274497113456,0.585315781208202,0
0.4757645566818356,0.49706576804781,0.19375742487675957,0.6210338869770844,0.7418818935879734,0.9035422099390458,0.04630120476647199,0.63752469132304,0.9594346674115993,0.16439648914202634,0
1.7478118379311747,0.8158112667434235,0.8662372556146658,0.8061716645075988,-0.2938634647545616,0.23004035415864454,0.7106223776637606,0.16882837715718746,0.07514127868469622,-0.17261029713869908,1
-0.2979120371285769,0.2953070887151815,0.6707449468394051,-0.07820915624775732,0.913911980511987,0.19311731517022523,0.45369558953347466,0.36840500164083295,-0.2547556067871214,0.6014736340854816,2
0.10948897817078498,0.9446560374389583,0.850306736318454,0.5955047165249604,0.42412267560848277,0.8823298639573953,0.2118898583396925,0.9412298333987325,0.01550686827556834,0.2470699617762006,3
0.8938539915236876,0.8890837830406343,0.8859926524037939,0.7105776644669601,0.5804057520946195,0.7674793270054229,0.04903479121993701,0.6778838083568421,0.5861431364713793,0.4598872936879307,0
0.37421600445373526,0.7835191686304289,0.38296109018681807,0.7395954402535525,0.8925408866321122,0.3065069173299728,0.8230770171583028,0.9277441510628801,0.2211147279421518,0.4504723924202618,2
0.8295775150478955,0.36963035531927,0.9303746439119284,0.4070521813155036,0.4362945981231311,0.6989191945606641,0.24614157864464759,0.6090223172936862,0.8468767934129229,0.8750100517820154,1
0.8023258217455721,0.20977150660681915,0.40072226832463204,0.8674673147152347,0.6240619885828078,0.6757830272775589,1.0935962812682143,0.5688750143217857,1.064959396859575,0.5711101833540132,0
0.05789784508027332,0.36753508059773354,1.1022601187994858,0.905708630364527,0.07758595502489715,0.6423576390640637,-0.031658040051356306,-0.20388590282569274,0.20857403557518278,0.5121358486157992,3
-0.05389755194225654,1.4552977733185783,1.1988441165579835,0.23647648453468728,1.0359742506891196,1.242718834284365,0.8487359491759345,-0.0732823937348232,0.8556944730070225,0.8093980055427041,1
0.679833235130352,-0.03844320255490674,0.5545601336913965,0.43559639224738833,0.726226857189186,0.45549602060751987,0.12038203519641422,0.6127786669023869,0.32156856835217806,0.6830493268396772,0
-0.23917495111455667,0.03320329925690502,-0.27277041015357995,0.28372934059681654,1.0068268372228402,0.642998414534179,1.2687455932011507,-0.14330551330274008,0.9801679074118437,0.8777550279622602,0
0.5764703364002016,-0.08571279726974651,1.189749681494732,0.5473562032652692,0.3227003981736181,0.8564580890667555,0.5238706424972764,-0.0663378166355903,0.4396467110173294,0.972896121562016,0
0.7103404333852186,0.7737869677608306,0.14253175281051453,0.682528141629189,0.4593299864120265,0.3238768005576296,0.6025869196040906,-0.01088240869281612,0.5374978804012431,0.02091510754394816,0
-0.04114813947345003,0.8009994811349381,0.585293620184413,0.49652880710737757,0.38860404664196774,0.6580083572011151,0.7905127096940897,0.9254048879086203,0.6988676098336386,-0.16631835474305545,3
0.5595339248060928,0.25997809442460407,0.08691619511201161,0.9671567429744641,0.4362672743245262,0.7664611080038214,1.007045767841807,0.6595327457286032,0.5260461702599829,0.015148845462047299,1
0.12707889869025463,0.11033470671184395,0.4007267360157114,0.9788955774015131,0.9906847347635017,0.8079728616823673,0.6208274074595808,0.27556949261060093,0.7383125769945345,0.6973981959434912,3
0.6502273370590176,0.008958688645424664,0.603949302018404,0.5426155748615015,0.5900589430353632,0.6133689575736531,0.0432713437806999,0.6003368960233061,0.447712110872869,0.6872276668855265,0
0.4707755324460501,0.6017096313112382,0.11988051514213754,0.8182499534924804,0.2776485574222193,0.22780134067124047,0.9673355579842874,0.2855405069712994,0.10221526414384624,0.7610890055939618,0
0.1582696766134171,0.20003672126066474,0.21284359070244713,0.7276850002524204,0.7955697248305835,0.3441407157116835,0.4746714247876223,0.8789005359490946,0.7066250370150718,0.2260070655223902,3
0.6104456424575166,0.5848459351976647,0.34869062599552725,-0.131913509950721,0.4937353810839056,0.2085848630542927,0.5799443050000789,0.7541339489038842,0.6904835060687632,0.8704908063424531,1
0.20541288046323547,0.4645988227254343,-0.06758547887022512,0.1540343329117136,-0.037862754662350034,0.4608422362178752,0.6590373608217319,0.27614637703715406,1.1003894850062212,0.08838798383343816,1
1.1217616722119863,0.4086756963386142,1.1480555558096461,0.31560591760389234,0.30427295339606614,0.8006645666304802,-0.2603654831493064,0.10084761605137127,0.997671842939435,0.8351114803248277,0
0.14626910132012494,1.0253191458661868,0.726944002057158,0.49742254956973125,0.3553060879291574,0.8123251105479649,0.2118801714483955,0.926628887223859,-0.05601085237027803,0.10745366823612786,3
0.43699522201577035,0.0017688792549205856,0.5162845135101826,0.8735478665770583,0.6516092871375737,0.7027400705629324,0.42055583062310703,0.11259921302362465,0.36593039888915735,0.8747841539527734,3
0.782568843750617,0.5704682879818279,1.2139786710785907,0.7377796448061297,-0.6060794291379868,0.46234368637604556,0.34347027268465047,1.0599646695001317,0.1875517876172309,1.2473035680377667,2
0.5523626595458399,0.2745608822025232,0.07935817338095277,0.983116928831484,0.42470418536389887,0.7759557829230935,0.9850799660171868,0.6625271271930868,0.5107161098343356,0.00942864958633164,1
0.8674907059208457,0.8208607463607362,0.8802038257029657,0.6910652817094622,0.6172554864383886,0.824872924420936,0.10823560043662327,0.7928587774009613,0.7190028507561874,0.47776636129916783,0
0.5490751597062381,0.6118166532506991,0.7082379550779211,0.19005881784298945,0.12690044176069817,0.2938064695248826,0.592036310867982,0.40264787633812565,0.9583417050818137,0.8813793711668162,2
0.016921892990809123,0.6216185958025082,0.18800076694474174,0.9511465301622427,0.04057295511497584,0.3735410166002528,0.2525783929816928,0.24395011655196194,0.48917176542597834,0.892677163265993,1
-0.24190469431650852,0.5009433235599126,0.6574040966842015,0.5323212265426042,0.29413763250114644,1.4786530209629474,1.7966617165565522,0.6268957408984158,1.0705735788756465,1.2745433221227158,2
1.273110114702888,0.1773818328607234,0.8312373864409996,-0.3417027286269605,-0.07752541791666578,0.38194973359319156,0.8221190328910135,0.8858578830667451,0.7401906966309135,0.14110993193281912,1
0.34960589732121644,0.9658703577240094,1.0714672850372242,0.6465501910679455,0.7869103343154511,0.9295737418039056,1.000474568625208,0.4687809214919607,0.7597176825190877,0.6857090701216534,2
0.8871639988529315,0.5535855268001062,0.4786675255680807,0.14242383086851795,0.5396427814718163,0.761342556769149,0.7457594472977894,0.6752437869923603,0.17570382186416844,0.178292885766429,1
0.8343247112678598,0.14733507033130971,0.6552636411371004,0.07855839422829573,0.5541430069611409,0.39881445219443556,0.18693265050870495,0.9421283400978078,0.9520255046146389,0.8205971356310077,2
1.13882428503013,-0.14548358069039802,-0.3704247929283008,1.0009878460504003,0.023043807275059836,1.5667428013432487,0.889334240669428,0.6764885886353972,0.8012645942588361,0.42627406012714053,1
0.3168562505111303,0.23591412781453946,0.762450302611809,0.2682384314171175,0.8029780220800581,0.026534019024786238,0.7972280098890507,1.0057875682628952,0.7988472723008206,0.10875724042667057,0
0.31242535877869426,0.3437100605599228,0.7662307399624294,0.6807078282564982,0.25783765753843435,0.2841343685876845,0.4420909366924466,0.4272509386328992,0.4272034639321551,0.5234864981759139,3
0.2093767095383531,1.0034377759260416,0.2854090262857567,1.0280989526426396,0.3915757018883993,0.3405097635075842,0.7427853268494151,0.1397362568551626,0.603484946552983,0.815704406529032,0
0.9221473244834902,0.3266321114076144,0.48212039365186155,0.8955058856013345,0.6585585282976872,0.5595987425972635,0.9297272619414663,0.6404928420124852,0.9716998314030791,0.35078858578046135,0
0.24899523609348956,0.8891989504435475,0.43069889598585515,0.9139641707225766,0.6059205404827638,0.17100559410573946,0.8724009857395232,0.09390328802514658,0.40122508950396313,0.8080901203629064,0
0.9847829600224418,0.22758868801587817,0.584149528001648,0.4206882808162199,1.030883210800028,0.3709939996825634,0.6041118143277211,1.115193120012856,0.6652663586103682,0.6936191007442543,0
0.3815511074515968,0.3137033934955382,1.1540898288505084,0.005806843914866078,-0.16249665356874188,0.48181214260518157,1.0760881241851779,0.7648531334456551,-0.1372674764088161,0.6558214000764528,0
0.22720309477583478,0.8898131239860329,1.1610248791887288,0.672678545784694,0.8218111338109967,0.25561247158408273,0.17390021850107168,0.019471899823770233,-0.1330456358492315,-0.0435429996186682,1
0.11277888687726015,0.4593518665330428,0.30476422082612753,0.9444726244256231,0.5984621245756014,0.7819380547200547,0.34013647361014937,0.05421283926187641,0.1589651407446096,0.0725075326163015,1
0.7927415120323954,0.7514015193739042,0.9144619377251731,0.6673138087449995,0.6808702937602178,0.8105309506611116,0.08356102174076882,0.7910946798792229,0.7262510410928673,0.4436944393712267,0
0.5898833592520396,0.5496886913400066,0.890877715354976,0.5237702846729486,0.208767539724257,0.5195167632320772,0.6322148508891288,0.7837168322385444,0.019172787802572727,0.052747930442643615,0
0.7267898000398098,-0.24505471655037336,1.0060745074133872,0.7274480369149752,-0.3508838873958455,0.4090947711295246,0.1948005858008709,-0.30291403468400335,0.8783511510215388,0.4365403637302709,2
0.9443670533486686,0.622609661877286,0.7693474554633878,0.14646375260028743,0.5364593540391333,0.8873170406736263,0.6204245697745914,1.069366239083273,0.21356098437469684,0.13575742685208508,1
0.7632944057975528,0.19977746914409117,0.6507603362586339,0.09897335734392738,0.5513448227360845,0.42132658127617095,0.250610352766831,0.9444942835887693,0.9410546119215609,0.8710775612553656,2
0.2519827046798223,0.9689082360669127,0.3882148162656273,0.06095794073685085,0.1830006925204885,0.8966529482568181,0.4915063604434241,0.26707336878599824,0.7600449568169589,0.5353896400170517,1
0.5362179339240409,0.1887400093930708,0.4148672404429835,1.1201188291472213,0.7830846466885049,0.9318709207062228,0.6421075439994679,-0.021874360396337778,0.32640902655323545,0.5502846815430811,3
0.8808331223324184,0.294126403992428,0.900094348698636,0.42070028514561697,0.49821368343835865,0.6667112420057382,0.2360408483180034,0.7053479967532976,0.8586459130682241,0.8650533618079109,1
0.480779195945424,0.594752535364843,0.8382449586649728,0.911353193950126,0.19374868083383298,0.1327137098610803,0.31998913634172754,0.5910610127401458,0.10703360443581722,0.1624709851417587,3
0.8353696022702218,0.7110911558268473,0.7002893030763722,0.27357333577654686,0.6741961669117583,0.6546321347714318,0.8108863388575469,0.7526151032964542,0.24823238982022572,0.28461500031559817,1
0.30879962132668504,0.1382083565742863,0.651191821862682,0.8624716420519554,0.7657212551247333,0.858600302748354,0.5504491159013528,0.2235561173047988,0.523348010634141,0.7366972355800131,3
0.11824465138118323,0.4682315777259864,0.31221578718607995,0.9533060837131947,0.5962863143139334,0.7801874975850968,0.35757910203282256,0.07625452821931755,0.17012988042229318,0.05572748764465665,1
0.9069088196442562,0.23393579710514797,0.8791654302810756,0.4139850303027724,0.5024137079791123,0.7163139069828084,0.22676071708777687,0.6527209799502738,0.8454217034621431,0.9051953899530841,1
1.1442635975733502,0.4832481136008664,0.9289555088718142,0.34264824379082565,0.693351399126881,0.4500420126746401,0.1971459870656953,0.32638212879958045,0.29484375530545115,0.6026757562730779,2
-0.16657183954810445,0.503086250043063,0.13810628903365035,1.0999020061634885,0.08052173323345146,0.5517895749218433,0.2679510531439868,0.2015263559390133,0.42208905344946873,0.7172449413436152,1
0.07503657150042237,0.5867930893512554,0.4066626002422402,0.09423932834002845,0.9903451636679023,0.498031076601772,0.892791278253601,0.34836455566776686,0.3380007987770809,0.7071382820295385,2
1.0663991870051954,0.327766499725133,0.6278522932364727,0.08341767891751056,0.42554385995563515,0.9208170580290054,0.4974460366748421,0.974368692537219,0.40601238432463305,0.3258057970862914,1
0.8985752316366913,0.18744520567169445,0.4463166486518124,0.5782640318153843,0.22820667832646457,0.17365327797190716,0.14922345011201965,0.9323522699499146,0.47031745081357734,0.5181663515835092,2
0.8584695074027675,0.38375693623536605,0.8029937609939765,0.5703221148375706,0.7201568830593447,0.2805824850269791,0.7425940471002448,0.9871567082299826,0.9997985050625564,0.5168652868649563,0
0.6138455452039929,1.312217569321907,1.4772922356783544,1.0978573599793102,0.6427672400047767,1.0069178818364684,0.6834317897505672,0.441257907850199,0.40707555204468293,0.1527766406849641,3
0.9550078832282157,0.32746266998598905,0.9792175303945271,0.45601636665577944,0.4662574441428567,0.6647154722339979,0.19844584630330486,0.6312485020396159,0.8680317541241225,0.8262273842172339,1
0.3132403242430456,0.8684918732728177,0.8668037656539882,0.47413646768810797,0.960633731900641,1.093611564366338,0.8908732510536072,0.4825492932174623,0.8431065396680724,0.8380666286985282,2
0.6513729923596168,0.8463409268969222,0.042765690043550686,1.5775506812688862,2.223363577346104,0.6411307185850875,0.669051710197115,-0.46685181362276307,1.2313445635169833,1.8085702695010282,2
0.1631871369378396,0.20947540515427,0.5431809797411159,0.28184308057036955,0.11045510370571482,0.12622266259082898,0.5873051242924292,0.35924795533657755,0.6377733103029084,0.8095627931693179,0
0.9270279426550576,0.2930440460210261,0.9096057618561627,0.4591512921198815,0.5353276810298052,0.6397460822067622,0.207456273362073,0.7178321721604509,0.82862082044395,0.8594626179967112,1
0.36694993863492226,0.11539183126373259,0.4196056711967286,0.16709878830843825,0.33539653294144983,0.6248215920210658,0.6137633616272046,0.07249029708269636,0.6544359059989718,0.7402999926583466,0
0.09731658313123473,0.9289146644732234,0.8368011999282556,0.5642782876883911,0.4727199593757056,0.9360721718226135,0.18050617267699676,0.9501837046307845,0.013718560323477843,0.2596534241708461,3
0.5041042174003617,0.005786538200975669,0.3459063189602753,0.2010825079516306,0.16683595131206058,0.6582283503499804,0.323458880978847,0.8507538770919416,0.3760146057837922,-0.03173078711991119,3
0.9855811675582274,0.5598594446572064,0.9418298656173322,0.24781263359479655,0.35461723743291157,0.78598112799722,0.5054215949960952,0.7640754362519184,0.4045223487938707,0.6044246009922347,2
0.8768373570250467,0.6969549776464564,0.8446962812074652,0.09618071926623166,0.6326066198111308,0.9249074725470963,0.6736270096942024,1.1137670099877506,0.2027486784245291,0.19967168478175323,1
0.8412424491704517,0.30035945516467766,0.7388260570546787,0.26185978196376114,0.9599293350672798,0.40615216434559315,0.7464672921917993,0.8700559155399841,0.6164300868701708,0.6803285592380336,0
0.4579602605449512,1.147826672602449,0.6454817648996789,0.3534437163607421,0.2375021816782119,0.9714525641357371,0.20057922262732583,1.0470891712453254,0.28590724539720935,-0.010332398667610848,3
0.32352311473764217,0.48306961524162134,0.37582659001306984,0.6005618210687251,0.8118288742133364,0.8781037670797028,-0.11515004327290693,0.5766409104398857,0.8402081089953074,-0.039904054951244106,0
0.468676514116178,0.5475581431945273,0.23426805701801784,0.6379660632573367,0.7850229452125175,0.9267716105403815,0.02382582781795143,0.6505285007880186,0.9892160638816299,0.1669395898492839,0
0.2586355386680757,0.37827667447323843,0.8270108078999437,0.6218319607056313,0.8281174962224367,0.9635791436859441,0.6361829202733154,0.13622756067351838,0.2245077552146738,0.7704606174625288,3
0.8673546688092987,0.12595124723830736,0.6573279076134675,0.07587086028094084,0.5289790982384338,0.3990769143145447,0.1855225582520171,0.9228589178922367,0.9460831416453717,0.8329005315321819,2
0.003374485049705193,0.10394254645296988,0.6252013050920733,0.26696907900522215,0.03764155928120168,0.215766194164715,0.5708004630099671,0.22931930936599565,0.6831845536536151,0.7747898726844608,0
0.28078524591827037,1.0906559045718731,0.3452600186117642,0.8115886821782198,0.7533799420484508,0.40198426578278335,1.1030772197550094,0.07075130906569682,0.5139404824347245,0.7065157002699601,0
0.5672826084817378,0.45881466001326443,0.19919067359537818,0.7890600144462874,0.8610585540053677,0.9323745965915191,0.19155464781349416,0.5895262678221243,0.9771840224983926,0.19031458112723842,0
0.8757817494290402,0.39220487312207536,0.7968201765215326,0.569731595846351,0.7125953766671953,0.27985918858111947,0.7325147961729048,0.9856657513068847,0.9836249956889497,0.5144417621958713,0
0.3759625718669466,0.7724926497511118,0.36734901996590325,0.7693108333155473,0.92822247662944,0.34425492750262054,0.8182885579346515,0.8649530157649099,0.25085521462347804,0.36248260214563877,2
0.28936951495283936,0.2660936591817834,0.5521107317224825,0.8368380245222263,0.8311698299821861,0.8608908986318828,0.427669053294624,0.34545190708425944,0.6495173495760849,0.7086241337997579,3
0.036378508369116505,0.5996657416050307,0.42407709673551625,0.07708416456141608,0.9988593473628649,0.5529351213498872,0.9507735379128948,0.3930046420577639,0.33732066210299144,0.5758865515090861,2
0.11828555318501272,0.5221990335548983,1.070903370832371,0.5926979600554468,0.15657473233178765,0.9289348322912104,0.23584564834819327,0.1560530091131775,0.3369956578234441,0.2682470881442604,3
0.9757506581030216,0.33767659248883747,0.4412899160645523,1.0203882669142732,0.6494256273330037,0.4824025740931808,1.0056656004517457,0.5902600380640702,0.9468039604701755,0.4059850279195834,0
0.8065462000459911,0.5045586858482913,0.7294529414282949,0.21470164964253688,0.9333182841919038,0.2918437425171157,0.805453154657902,0.7392126705450826,0.761793854147792,0.5504491270777425,0
0.29195204584578355,0.2914764364366435,0.459946884807361,0.3186331614698486,0.5696365004304298,0.8033958527679438,0.2403268933013149,-0.09657286589431077,0.856013141708189,0.7659523200828651,2
0.4478999382066415,-0.04976541097637277,0.9658980506834105,0.8089391585473116,0.45881015291703725,0.830434030302342,0.19102899119975078,0.11548061666709332,0.7007874681827826,0.6914800639452701,0
0.8320017675584704,1.1766017448841697,1.5966958925178452,0.5463010062343931,-0.47368510535131114,1.1267412396227257,0.6151701497771259,1.3489430045195037,0.2362516497665694,0.19431096926864955,0
0.1814647893092565,0.7238126913042131,0.7192073139831561,0.3335033983886183,0.1487938345273313,0.4926096269291027,0.9480067948128746,1.1340753240628008,0.789353221941675,0.2905847249291924,3
0.5681236779753106,0.5780252927355978,0.9019550769609079,0.5379540293022868,0.5072578747400759,0.6418289954411533,0.5636765259579813,0.5625750777105082,0.19116987142491262,0.4328635207415968,3
-0.01920912199757801,0.13519532673413331,0.6078916286403402,0.30044233571307843,0.038115020227228,0.2079976219131333,0.5431368463066482,0.24115016169362977,0.7244875673620862,0.7756431784092056,0
0.17230438973659543,0.3774367582541951,0.16644259901520272,0.2584935926519491,0.27443979425464105,0.5561819662703461,0.6825102018178918,0.22970154189356673,0.9422929137032865,0.14907944411414795,1
0.8714816706177031,0.3845079468516204,0.8053604044744488,0.5684051310641102,0.7166933729786873,0.27888279475987215,0.7281606637710805,0.9730904255809026,0.9894768535956654,0.5259756497676745,0
-0.04139921260397465,0.7648047181384642,1.0267192137158772,0.5061915211907843,0.2303556007268465,0.48650833227205864,0.9038116403654389,1.047091361562936,0.8079357209588421,-0.01344771402299444,3
0.9283375948860672,0.442813193699231,0.18664604537435042,0.8237451227050646,0.49479519900814484,1.0302788714655184,0.8903048807813874,0.3177730536133918,0.7774435224804774,0.6195795793775528,1
0.12004724991471846,0.47029400508315916,0.31485862262878234,0.9520048368283273,0.5938985258000846,0.7805062001129462,0.35609249255975245,0.07778160874682412,0.1719232064732497,0.052403344265402774,1
0.3434147255184429,1.5967381439693442,1.938643891730257,0.23394371782431328,0.3328228989475486,1.1208393644602102,0.07358503225253349,1.0366035764899415,0.544376992092412,0.16309566724153574,3
0.20154377799317666,0.5447975814678891,0.9601201644690802,0.5469921900602768,-0.17480686267284895,0.2250124977140844,1.0761035097483997,1.0228761363049417,0.8229346526363635,0.46439587711441127,3
0.17931318105892322,-0.13815716741581452,0.5799422260940883,-0.06889937489769954,1.047703862521135,0.21701532189150025,0.6801186809932451,1.1436355715325037,1.0314905094667393,0.021164709772983917,0
0.11859649790477475,0.4702901595345344,0.31107322801088144,0.955780948696448,0.6003340774517667,0.7776206821382221,0.35691250969058697,0.07939019896311705,0.17049032498883046,0.05389804915492591,1
-0.25742831427482304,0.10503329095500757,0.7137371910045617,-0.029227292140110606,1.2277924167930947,0.3032158627707711,0.3628768324144892,1.0509167342539607,0.9346777911410687,0.43278557803419226,2
0.33388297616173945,0.8961915407165092,0.5074980334051413,0.9507606953986191,0.5820815064949473,0.1751313810203881,0.7865426079675742,0.18260181903894956,0.38449803002665545,0.8701313332198102,0
0.4772462523967244,0.5330205098672844,0.21183049956808742,0.6308100977097946,0.8032428099214416,0.9248917358162811,0.017693787001690817,0.6536365695232563,0.9848124052583368,0.1702747762636461,0
0.8475682726282052,0.17403625014287863,0.6370780063929071,0.06359614073669928,0.5766226776917377,0.389578828769697,0.2492873865715634,0.9185216673747834,0.9040501970202388,0.8238938944465816,2
0.5939475552587757,0.5864572172431901,0.5048915658672277,0.18775861514662262,0.01060135114207883,0.39702519679123915,1.0337694146954486,0.4939746910953019,0.6037562242608333,0.8725734000928,2
0.7895389451096305,0.6448225012825739,0.6386844540637954,0.2703433959213345,0.5542980881355265,0.8620706881046918,0.5383139349798939,1.0208658955215915,0.25665165002465906,0.2551509584861443,1
0.8753226839451516,0.7664779180585046,0.5498533704554358,-0.09257314509986556,0.42832906252728487,-0.04195777968583572,0.7345752538134425,0.949385545597897,0.7067151731905912,0.9313367967206233,1
0.2878300662236693,0.8519712410302102,1.11950764057982,0.2002187297240544,1.2105544729391289,1.4368018763636101,0.7951959019557613,0.16681981753417296,0.5694184784941129,0.847606019367924,2
0.2276174072041767,0.8138453394615157,0.5158582164962842,0.8540985317475747,0.5460354245085709,0.1707843830853084,0.9752675473990237,0.1538736503773798,0.5106917251024082,0.7039050050667003,0
1.0836434794673178,0.5136761299612512,0.8542341755633114,-0.029352443216475427,0.6268131637022553,1.0882112280454204,0.62279633600768,0.8252989528299948,-0.0045027101991131635,0.37627740088420936,1
0.4363640549147998,1.1128050258892825,0.2195873728820664,0.872352961624967,0.5855120530848156,0.23288095803848693,0.9089200723377556,0.09694156843402439,0.5152589810533867,0.724616004093719,0
-0.016960517406771576,0.8085036789852711,0.8449539518051323,0.2966139120650932,0.17639855437509308,0.44328578850181105,0.7430336250576505,0.9945621237838761,0.6848794560324397,0.11161526930961732,3
1.2664025610694871,0.6656049810629693,0.7869481568977291,0.4174870217578888,0.36881940318579365,0.5670918075782697,0.6015608234721974,0.5488988252124618,0.6099636489709086,0.3167146032043036,2
0.19618963878866186,1.0075831849636137,0.38561813020553254,0.20710557030958507,0.21471539359167233,0.7907481601072982,0.41466273430476974,0.17531844450699385,0.7313386986162942,0.4574290894719011,1
0.14691531825142404,0.6858859646083937,0.34046752735853164,0.46906771113545626,0.5152934478989832,0.8494478678068658,0.5445806151720173,0.06454828812446878,0.9922248005917611,0.22514301136138007,0
0.2924111259784316,0.7181023122072988,0.294835626516757,0.20307002745094177,0.3783210095097054,0.8669524941865777,0.5011445416848893,0.10437431203679134,0.8849536479876356,0.45878775017514273,1
0.2552716483358579,1.1566147258663344,0.24423037920118382,-0.029709958994062646,0.38038083577606463,1.0600424570952502,0.3483851884178766,0.1102166514157206,0.6434112543262024,0.3529654951608311,1
0.4365836975759592,0.5594107641798153,0.35485745777176547,1.0061363438164665,-0.006271008524466035,0.25616240825643555,0.006539598940578761,0.4616534937905189,0.5083666851291152,0.7210609068961072,1
0.7044656142787974,0.7894460921594214,0.05731273078725819,0.6499026642686722,0.5182537823975669,0.41604043427036436,0.5801325619477706,0.09674086136359716,0.514366688959146,-0.012649656651304565,0
0.10938412206695797,0.47205251654208397,0.30920611942443066,0.9536739935030182,0.5889551843615459,0.7759421738826355,0.3496618712338208,0.08274194738717898,0.17633633822215766,0.04977548130461569,1
0.06834129184622112,0.4548294327791469,0.002380620885903406,0.29386921404785055,0.0966545722569535,0.5885631880234198,0.8005465579269107,0.03946258305897249,0.9916452791518925,-0.05060757279098947,1
0.01868691647669323,0.20108778549977502,0.2809504608789575,0.20098704771009432,1.0319909745884022,0.6338531793648468,0.3240274210123441,0.8138778684135711,0.7779875982966036,0.594936115495322,2
0.5335987277208358,0.8042248946377754,0.5339997879900147,0.3605164438770612,0.4383232548042171,0.7877370902270914,0.16332744734888527,0.8152111088869989,0.34933576737264876,0.38892308587786717,2
0.8504915242097323,0.8242507330562711,0.8730869255908742,0.64262592983202,0.6016076776578736,0.8135575585454318,0.11898559384151652,0.7605492190513592,0.670320883428777,0.5030115607218166,0
0.3120747318426682,0.17052389232724657,0.5901733096037464,0.8575434506133087,0.7161512900438435,0.8324848831419518,0.5787153189918343,0.19544423991286172,0.5268692523501067,0.745083842708757,3
0.32125255055653595,0.8919947737820448,0.323657515919542,0.7656808580548147,0.8093607432404076,0.2770591810901001,0.8993283801359566,0.940883211982509,0.2539688853397156,0.4304322671050469,2
0.9195734631768379,0.2603149854364538,0.9161743587283695,0.45818115720211045,0.5203596601177739,0.656175660166691,0.20993043056253308,0.7056735481211441,0.8719672987225842,0.8299229157248801,1
0.5176213015245086,0.24788870253031534,0.12012403443755683,0.9614832851015727,0.444443263696714,0.8049523337844968,1.0028770122803061,0.6733250187839352,0.5358843040443391,0.033035549072990195,1
0.8854572187394204,0.05427628212735203,0.44384335154834426,0.7467679292734613,-0.029254839069743854,0.07706531157607063,0.07237100031493016,1.0892362735387222,0.3447901464435334,0.6744220998752731,2
0.2887853244806545,0.04136818340379918,0.3586858257324838,1.0556746634275709,0.8730004698373495,0.6697835899253339,0.3347206402161444,0.18614613421305626,0.7100486754428681,0.9989456901162985,3
0.37856352679192035,0.9436426730629071,0.638204657765793,0.9526408536704143,0.7821838996491608,0.26692299993046614,0.23360153265768402,0.5565341978009303,0.1426990468184995,-0.1329510243291327,1
0.8546003973705008,0.5499433641524305,1.122427799585564,0.5818862976283711,0.07919607540848936,-0.28357569840240027,0.16657913054705914,1.506837701751646,0.1377096509611302,0.12669198303634566,2
0.46519132181752876,0.19344681269145064,0.2737997925539032,0.7276073569327305,0.21914212647787368,0.32506107997186495,0.9874962992409835,0.04512227123504675,0.8103961578941005,0.16634355817923002,3
0.9077381279111374,0.36330987391627956,0.9159393259613545,0.19122280045694376,1.0274158493326282,0.32088205948323556,0.7377299449238905,0.950214217931376,0.7525900538958923,0.5399904159115471,0
0.49533849252333484,0.06427884111814199,0.9061921482774457,0.8555316058014367,0.47854616335271233,0.7710447293316999,0.2320223304985673,0.08327783411012092,0.5756779514232319,0.6559110595817016,0
0.7439435182290653,0.39907546056223697,0.8259593919708855,0.4177726685078743,0.12551385899517575,0.3907539496456506,0.7446974952841177,0.6880703220304154,0.23578123626572128,0.13236583420258624,0
0.1290863084720788,0.1837254066884667,0.28085417588814304,0.7267228263643611,0.8723932092452836,0.25076330968728017,0.4421377700213882,0.8242525472822259,0.6395898800697939,0.28404035263532634,3
0.036918211320838695,0.2859118660564912,0.16967168479736106,0.6652489658906263,0.8171393559161326,0.2383073707915418,0.3543485561274519,0.8462005184514682,0.5722046396175214,0.2556834598502846,3
0.4778747788492263,0.05326697348054258,0.9499686200936667,0.8676264135587252,0.4569403411449405,0.7638714461591146,0.24505082714163834,0.09766472116410577,0.6110007225101751,0.6190345899680014,0
0.034548129661807515,0.8835518631455457,0.9205293775614309,0.3611237881321055,0.08774250259765129,0.3476055315241102,0.820359551250015,0.9881586351473529,0.746752168292396,0.13033933404062675,3
0.01085832625190387,0.11069296485429753,0.6548299106990907,0.2954952139888028,0.0610130584856769,0.20777561499052605,0.5529129411096366,0.2528949720699257,0.6724058686727709,0.7708881971856186,0
0.7285918932935266,0.7392764237297653,0.4836061975615511,0.10923349292092616,-0.1106088748877404,0.2848880278760933,0.6952870716171878,0.1910429753629948,0.9299921926054219,0.9902260569433191,2
0.2892053633195065,0.5136919643683678,0.5380213578429993,0.536805010927,-0.2656147942598712,0.5941199958512203,0.8558178366744935,1.1846504268186528,0.4746985291148828,-0.24159821542266352,3
0.11144419908766375,0.8577241371127381,0.8200903139249118,0.8088631202441892,0.531787176829275,0.7787184657618357,0.1543507226803238,0.8350483940545673,0.5770901565192658,0.6060771131928965,3
0.3655671869305772,0.6671750411422628,0.8123940810425061,1.0048282875972743,0.2663890708054231,0.24392897439705125,0.305088899338525,0.6304410371256127,0.11861052212586973,0.2626754978431953,3
-0.07815838504007305,0.08319019010683062,0.5515734870493486,0.27813099245661493,0.0763862823661762,0.22346716901911334,0.5243423666474263,0.30136622496356946,0.6687114941826613,0.8060478809308634,0
0.5554992143389118,0.6839673379071466,0.9099466807032073,0.5787067934288654,-0.13581893994248484,0.43025340985695726,0.7354868898154616,-0.14622824248682564,0.9190853236757733,1.3279298508219783,2
1.569406476313794,0.32504660902340243,0.9729764075326871,0.1556139261897756,-0.02761785994963284,0.23533647147130837,0.3611844091797238,1.516370341172736,0.9546013257791404,0.6755635234999876,2
0.054540938020356367,0.1305335882607798,0.24347167118689286,0.6950602580679565,0.8247733473286241,0.169580069991289,0.4451129168968971,0.907480216335239,0.6938093094952588,0.33755590918736106,3
0.12492259008214832,1.224480815251146,0.8181018621281879,0.18341579862016266,-0.09878274960804082,0.4317816879841768,0.8883788386568433,0.9869429545797841,0.8496415311326881,-0.11608381590792927,3
0.32420750609081034,0.08340106616966847,0.6464193304227027,0.2713015481224493,0.9728292907970844,-0.033291553894693716,0.6241505461592094,0.8354446356712022,0.8001941543317223,0.10929859707019221,0
0.27175762440982176,0.16812671490637957,0.31299435392769065,0.07160133768395882,0.39899123660125957,0.6779839172723973,0.21816336798845207,0.07908376869243029,0.850053142444694,0.6999968132034432,2
0.4773980362832322,0.6929303196610952,0.26862868541099694,0.5409994723090386,-0.7258917998984852,0.9304823827311077,0.16629169533356147,0.13220748126155957,-0.18334335902336957,0.8911006922704755,0
0.02947320749197303,0.08988017574010684,0.6122447458884658,0.2596176700863647,0.02220750233887582,0.21542488755495895,0.5479505323168029,0.23828075670680132,0.7060681306482971,0.7688294473196028,0
0.27905214764814923,-0.00451622698179191,1.021576811533782,-0.0121609607543397,0.561463901730936,0.19629477667620743,-0.2641309845945361,1.0056637541406992,0.1508886179425688,1.095797058422335,2
0.7606657434348159,0.23185773017981726,0.8705326568008648,0.014713400643390662,0.8194683742814378,0.27961401275185727,0.8803024058728619,0.8118267014181199,0.8484892482260978,0.4631762576145421,0
0.3069364087411891,0.8883287515792073,0.3974952902979828,0.7358068466718294,0.8436496249380097,0.28872358006976623,0.8241049631543326,1.0470077343674564,0.2793790173914832,0.4145506424581621,2
0.6498266515688302,0.16948567783866453,0.255406642012536,0.22458275109601727,0.18155196501901394,0.6023868342261549,0.3838834816236284,0.9571961143166051,0.2196434699419486,-0.05778617741040676,3
0.8722892415544675,0.16720016950748662,0.6032196016827142,0.12101187097332759,0.5147484357504071,0.34689028955908013,0.2397717800401935,0.9709695672779339,0.937973100773288,0.8295684282893612,2
0.6362238247882289,-0.11648378120750855,1.156191513103161,0.7926814941394427,0.5509170733664351,0.6404066713298384,0.12230504422256877,0.030273253664335698,0.7477322943489523,0.7681541778332298,0
0.6022880523919694,0.6035183930284282,0.8650860305704782,0.47607824074197136,0.3957032544058051,0.6449624667389232,0.5751943362676526,0.5336451771127985,0.10949518718936278,0.5081253314052696,3
0.879405464663347,0.619265537845926,0.6441088473345759,0.15322013195067496,1.2043674864276652,0.21348655735660055,1.0036630117693408,0.9702977105355145,0.9011698320262443,0.4728789959516712,0
0.4575923339765861,0.12524897899922652,0.4871387980004601,0.09754737195364223,0.3783135277495038,0.7429961798079416,0.48444323094706554,0.09885569635551696,0.5838388105571901,0.767900109907499,0
0.9993738877603755,0.4380112158417978,0.540997149622657,1.1129508377276613,0.8310669665272583,0.4646524345371121,1.1831158510857478,0.5550237391426396,1.0319698883657906,0.4447049299607502,0
0.17156763971917946,0.7266176835179602,0.48754174401461237,0.6382606576809551,0.2348709495948865,0.8940043271034118,0.4255963386763678,0.8063664370311764,0.16636108078656453,0.7200879148753335,1
0.9817828593096336,0.35009028284138616,0.5880281712594616,0.615396263666971,0.3049901956881333,0.38517370845521265,0.7913728400424768,0.7354319572671484,0.40269046408892417,0.34028445366078497,0
0.20463513156764135,0.7154531681031147,0.6729104697181053,0.4493705103265405,0.4927666867195001,0.9904230155319171,0.3122951194524378,0.9214252906430673,0.07259690371523693,0.29322940337407655,3
0.544886003970287,0.2766933262722852,0.08661501506340719,0.9848750952806291,0.42967302686564235,0.779283221601765,0.9898440982342943,0.6671363046440928,0.5093256970905738,0.014283993805128372,1
0.08162297494428125,0.818558102502038,0.8340853517865052,0.4683134260374937,0.5189883113222921,0.9900911944634764,0.09352771564136628,0.9079462215275876,-0.012407021260278438,0.1886255421080218,3
0.47387199139068265,0.04650327849429647,0.9582169410317346,0.8708138240055268,0.45473285208887776,0.7626662886689806,0.24661996154702034,0.09663628375465241,0.6117348257548189,0.6189321623200358,0
0.11226013579467332,0.8222730806405406,0.8432846053840657,0.7765550011146732,0.5501734391074554,0.7790087791540287,0.18843132084054764,0.8075156734973041,0.5859421982479237,0.6040946725185984,3
0.8172830053212501,0.40496243270892224,0.7804739698273034,0.5954900651889716,0.6658469503406587,0.3217230389691133,0.7532007416566455,0.9316569157513821,0.9870814944492794,0.4802081901224775,0
0.42090131099276223,0.20314638507978913,0.21061668099966485,0.7198129107146819,0.14593126418495572,0.4029350757502495,1.0131104079267148,0.03667448411997823,0.7507027408458582,0.3125585420174031,3
0.5008197330972769,0.10589990925467818,0.5892627634429537,0.4661790486413915,-0.09350695370352974,0.42775779662998364,1.2144374105725042,0.7532531344511068,0.8294016824079782,1.2117984840394673,2
-0.24882040000470157,0.1686461874035684,0.3207539912562136,1.2214490884634777,-0.3363230967953701,0.20418818455074286,0.6506594154578855,0.4594760230060365,0.30031557703828843,1.2822854513242685,1
0.6092000368047956,0.36908298474199797,0.6961966257703645,0.15175253081226406,0.7742277490402213,-0.23416953292844894,0.5374275232709806,0.8976122225467017,0.7287410117000538,0.7842411002473259,1
0.9560606241937035,0.27035016889632585,0.9815767499027014,0.4529874332583248,0.49511070082854314,0.6982513692918809,0.20433250014957516,0.6552622414010706,0.8626296363667469,0.878226295657169,1
0.3789743944612569,0.6491459697433813,1.115779672048234,0.3313935856214203,1.042449801810734,0.7061945803037095,0.8379403073598337,0.645568515879711,0.4867122181832421,0.8098136634317593,2
-0.1701547860567283,0.6206440236077962,0.20225942107639566,0.07994832504747526,0.9164158160330796,0.6145947842605327,0.8149225610969152,0.3174584060437933,0.429074251562379,0.5313136938438952,2
0.04588927447798667,0.5486022564701487,0.32561709686334034,0.16758828529727615,0.9736370365957421,0.44922688654728515,0.9164475338679914,0.3518403685875401,0.303626345567779,0.6236653059204678,2
0.5456425087624377,0.571937176746978,0.8624574838059984,0.5550279256303129,0.44220261608165995,0.6150495719288078,0.5497422261208124,0.5299697038121192,0.17878766639453564,0.38390137532140695,3
0.7143853064634202,0.8262758578076119,0.5443890954732016,0.3434601985580528,0.6558934379380053,0.2665946551563772,0.7861247796392946,0.8158667994888826,0.6067667993696794,1.0114736547875354,1
0.11214905130804068,0.7186758795610654,0.32045396423234423,0.5183496830777136,0.5838742214397357,0.898516479008035,0.528441634272891,-0.009123334699459869,0.9285812897433716,0.13906684811557213,0
0.15804426863228144,0.8775667322289816,0.9013984076894757,0.5869675823054872,0.45985810670164523,0.8542308301355905,0.23551031998592853,0.9118363516236573,0.06149910475155314,0.15923152240218053,3
0.0019371710959604233,0.5192081592580907,0.40752414757190164,0.2924638423542074,0.9471929450579389,0.4002634381407423,0.9136149833974428,0.46652557343704065,0.29515226226273206,0.7307313443341035,2
-0.29632196704107516,0.3676934516763112,1.3178751411847418,0.6418160127653716,0.36014592616093666,0.5455448565895471,0.9091216877990498,1.425553451434643,0.9766238162001419,0.2866357548397006,3
0.81410563099927,0.45086378208124533,0.6505265762294906,0.6792848178027415,0.13279092332679104,0.05939735313925201,0.13418781544219843,0.9112202686546333,0.46321020253997874,0.33812420643319063,2
0.7063417226554332,0.4075955807254011,0.5734025523501023,0.33119801867679016,0.23067971102425486,0.5429355121503937,1.047224963305108,0.4653114945493367,0.7076767356069035,1.0073444503698472,2
0.16913423156910998,0.03621972445769936,0.26864333927199335,0.7412054559170955,0.7921841527634017,0.30636528960094445,0.6595414136713721,0.7306481077552601,0.5704573250131071,0.10622599497424526,3
-0.1807499965174497,0.7918290897813868,0.8267321877669047,0.2374267431246206,-0.13063982816930914,0.10224248980200606,0.9225104957141748,1.031310208882391,0.7977193649278498,0.09747352721791852,3
0.5454166728603453,0.2534655885524052,0.09966116988077495,0.9601351748079808,0.4451728625657546,0.7722250147101701,1.0010764982593003,0.6601414176729921,0.4917965514502471,0.011969742166693768,1
1.2459055698254418,0.1656558722376104,0.6640926801573659,1.090552712356212,0.16328191350079369,0.28167949285916977,0.8028489377536138,0.3547816050058098,0.06692475088904715,0.7310477404737408,3
0.8659966245885502,0.3888428817095355,0.8130299615483363,0.5636235379163526,0.7127704463504534,0.2774456506462372,0.7226921354584338,0.9805245630088361,1.0000420931207878,0.5243300816271198,0
0.8682148568849125,0.2961864873642101,0.5102556468815513,0.9525346867403658,0.5549517749614118,0.5031418669449492,1.068141924200817,0.672945585462809,0.8196144039889381,0.4683283352090253,0
0.8210850469180777,0.10363883780441202,0.5039318210918582,0.21006075454365727,1.0781261325235216,1.0000988002463054,0.8605343338926612,1.3749803000399288,0.5060346616943137,-0.23647523191983633,1
0.1489197079843991,0.6389459295690676,0.11438760081456491,0.31456750379669907,0.16078631530930074,0.5162829918184313,0.7254191640081652,0.21860851415844865,0.9733513092499017,0.06296709402108536,1
0.18238405250085013,0.7101812992824281,0.5119188370578353,0.548134024862369,0.08915737302898949,0.8832720860365855,0.4920988087737169,0.6585082162823959,0.15174926076899076,0.6949815664001406,1
1.0680433145654273,1.2706664485743335,1.182570960583372,0.6929287941196054,0.2910032754394692,1.2162290366046231,-0.04716170400947606,1.150103993935772,0.6447439401799826,0.5691855068684513,1
0.8749222800104591,0.2927679867690095,0.46807339330530984,0.19239414876081432,0.33719730093106337,0.42297977735010706,0.7082732059272068,0.611351215022921,0.9422352296397756,0.6725077217100094,2
0.26537743422617394,0.49265019468381444,-0.034685513641795174,0.2513106877715293,-0.015186717684114628,0.5545597318559319,0.7793014289366151,0.08726518911178568,1.0781767101260313,-0.04162138099962401,1
0.0784157294500038,0.8889719718645098,0.952062453759725,0.30837902698912945,0.030466056896523444,0.36200735268104045,0.773770036662908,0.9358999975096528,0.7003132899411889,0.1548346839355273,3
0.22626179438721516,0.6610312150759818,0.0038052946261588547,0.1603023615420568,0.09463752957701844,0.4913979416150062,0.7811571380370795,0.16630727541439513,1.0603697176367668,0.11231213523274106,1
0.39826087939706734,0.581968251326074,0.2762044225192689,0.6908545519023891,0.7421029084233917,0.9316598829204868,0.009943586188448773,0.7017167082295445,0.9596409738506114,0.1404498495049812,0
0.01926812684058809,0.8994221988479891,0.9639432131109776,0.3981271503481716,0.11351150255370104,0.3293744098424903,0.8224138389567303,0.9765475844844588,0.7310519185397171,0.17137591143102376,3
0.1787264549181122,0.9313179646564391,0.8451225308300487,0.5775928421927324,0.41701068443810446,0.8451012365253545,0.14442448905652872,0.9450857376866157,0.036424172755203044,0.2946265426084271,3
0.5439717745277887,0.7988369292899669,0.5188313437309171,0.3594149577279799,0.42798887497974897,0.7684270099124104,0.14877570643312565,0.8148126591924172,0.35858850741897497,0.3761777138500403,2
0.6625772893687916,0.8201285567011057,0.6777573060960973,0.6416173596308408,0.8298085417588584,1.296490813252193,0.8285818264485105,0.8423463207021321,0.2869777985510065,0.6609587870648269,2
0.29224222193429605,0.06192011921726243,0.5898733292909456,0.2589651390785845,0.9166845205742014,0.020887672734487033,0.6490438805242419,0.9341014346930746,0.8503998367016,0.2522791327103821,0
0.1149193556148025,0.46762575592400724,0.3103819116016132,0.9560225029369378,0.5985631200890315,0.7742776224223661,0.36205903691067665,0.06906948638600972,0.1672707411040871,0.05423218796947057,1
0.11008417068501343,0.8582025260400189,0.8110808573644698,0.8057464163708759,0.5333894726781723,0.774795312139938,0.15560344083793,0.8357926031016972,0.5775026550132694,0.5974023334775876,3
0.1091497911470281,0.8357817640380822,0.9021123242615396,0.383483680779077,0.6752588077704675,1.1406012103998928,1.0442222318746341,0.29141192595220256,0.5567174625404054,0.7336951282592525,2
0.20821099828070969,0.6299247953419109,0.3409016776436228,0.5059216691836018,0.5163900204439484,0.7785345255565114,0.6282109017906935,0.07067882457508023,0.9730237533177724,0.17409101702600493,0
0.29934045902374745,0.23643646019338663,0.5531061523447112,0.7019065085873615,0.15193556212849418,0.5618586159844849,0.38014899592923085,0.5547058940782879,0.18418021445977992,0.7563865176760942,3
-0.02279243360684506,0.07652855009470155,0.6073627321589747,0.25126611362925333,0.03287389105373097,0.20869501469673174,0.5494356357937218,0.22011507205343814,0.7109577225806926,0.7648205202639543,0
0.11930323479864777,0.4734366561792322,0.3115886971666632,0.9459545019436608,0.5895494689768337,0.7770028555948025,0.35006108193539215,0.07138798663082035,0.163869463117289,0.05271721491236567,1
0.7845799436141996,0.48841580391158335,0.6396678359463773,0.22396733853920467,0.13479764708823333,0.6311556164327391,1.0005662594923226,0.3499531615431932,0.6657875528469621,0.856658099575905,2
0.5084536047547104,0.5074316772675482,0.3541664218944304,-0.2900479244214578,-0.17163925891269494,1.4121490103335408,0.49646336353904214,0.7356920498841786,0.2520551149778171,0.32661610638439187,1
0.37457083608336517,0.21716854720820883,0.5512020960115437,0.7337838783149528,-0.004126567132858999,0.6591617678364645,0.3637801222892558,0.4158426431490111,0.3883321587862124,0.7829453716827744,3
0.903276389814387,0.1640721591998757,0.6736162725836979,0.08810209813181344,0.5263542267265009,0.4188816475969099,0.2227569804896716,0.9349396722350148,0.8663643088490072,0.8422019301423108,2
0.6473267244732325,0.7994399211726274,0.11372880348029335,0.7011495715574091,0.5223143033608602,0.41313223898764323,0.5487432199820077,0.05385394239463461,0.47943481693293477,0.005737206472342338,0
0.8817771614209482,0.40396037238164423,0.767729603253916,0.5694505996015361,0.7188351865313417,0.24469546543110154,0.6971372253416146,0.9411570982219384,0.9675948950662323,0.49757377780022405,0
0.13613775115058793,0.34428621894799294,0.6352001942809992,0.4595015697814952,0.2165101320678681,0.34139206429612046,0.2983014566684927,0.6263716143341628,0.040022068567392266,0.8526101554719079,3
0.2691693927097966,0.8022612417303863,0.43117550109650965,0.781253134004065,0.8161412240832336,0.28198604566148533,0.8624057156008347,1.0055726651867918,0.30467835255221865,0.332548352983146,2
0.32196102350288397,0.41497917677555324,0.3538786783675102,0.7534601584410561,0.6326722947107896,0.8417891227832379,0.04229493183160611,0.7331458798039481,0.8821794686355487,0.27591604013065785,0
0.7888129185058401,0.5401920684265844,1.0580571671064487,0.35107838204093417,0.5149822190880458,0.7469787661695535,0.35062666896869255,0.8848581145641227,0.5292771175326227,0.3001153698111034,0
0.939131162543871,0.4310197285120149,0.6087937411368782,0.22178330502808083,0.5750134000017995,-0.08209862080042864,1.0542634268674047,1.004253640672098,0.6039271390438898,0.6706708760107551,1
0.9640014667457288,0.4715973481663652,0.3920628527621881,0.7648899698861791,0.6240092106771986,0.41845101139254853,1.223462637473893,0.4223926370749101,0.9913922150710769,0.20191343755775554,0
0.38008036982952215,0.25365051202267075,0.7945599642116503,1.4512155349250608,0.8553230107978533,0.7674319534128164,0.11280161182242032,-0.13859819530498552,0.5059817296962031,0.2041541772376815,1
0.31898442459636533,1.045332093411286,0.18572115784609264,0.8208864488914698,0.7050043429688441,0.2851288593751333,0.6096549257930126,0.7149041625411215,0.2815480141445461,0.4838112562455674,2
-0.026699074066938333,0.529683489460605,0.17752190318521008,0.905941496538594,0.05019615492875484,0.3262736495593781,0.3259080003729018,0.2954521424646278,0.43964196135988354,0.9253421352914492,1
0.4465538845118647,0.16082022724221595,0.3383504325097639,0.6219973035469917,0.2825951234125986,0.1332299218918414,0.9085965016804642,0.02581775245453989,0.8283457194716979,0.31683009636139725,3
0.4459783989889177,0.8056202504164904,0.8722603359616208,0.2769027150077395,-0.20376385090883226,0.7651160401718693,1.1712977179229287,0.7919465749987727,0.2098588235546751,0.06090081003069289,0
0.4608180221487113,0.029319271338036627,0.6167877424654948,0.3558107280986889,0.8604183517337487,0.17781364201216912,0.5053878965767526,0.9124647397576809,0.9574768662708742,-0.0014188197810579561,0
0.026198462921929705,0.5208982150761343,0.1541441188671565,0.09281520500750474,1.098520775933882,0.41380177198674606,0.8735921589920199,0.3291145787129407,0.23422651130520908,0.5225646369965522,2
0.09145456584770957,1.1857866426404526,1.2560216557074984,0.29417656722238583,0.8256628995977178,1.2264772613346833,0.8621254084525245,0.6532369812909915,0.8859913021367414,1.06245235568735,2
0.3285771894118628,-0.0625923064822185,0.2806784626078247,0.17612595354327845,0.5492898187084175,0.707474157350889,0.5056165485518351,-0.15656277477407204,0.9253076304034354,0.899272304389415,0
0.9467903402528629,0.4229086297842674,0.6772376988986797,0.10123027531288474,0.8594818251134586,0.3263174866218895,0.8045590446071438,0.7970476175274677,0.5155224343304525,0.49621487020319355,0
0.13209931019041413,0.6293787543423277,0.3650289915303381,0.35351037701525434,1.0273725755493335,0.48299758654436376,0.7645243567411266,0.19598962052748978,0.14736108407100015,0.7952625356674896,2
1.0082722169511595,0.5329728200824005,0.7856144090045233,0.4440787764203649,0.6936856759562154,0.8135287390031449,0.7107263709541046,0.923755910523528,0.481083422337017,-0.09696187425521574,1
0.9037379041528568,0.27154306583831966,0.9265754968947599,0.44240852650522294,0.5401843635553517,0.6088050672207614,0.18998394349021933,0.6482236559689144,0.8390686206739321,0.8682234719828553,1
0.21296659594552358,0.6727459359612357,0.7857800316170085,0.5400567021309021,-0.17761747720210558,0.5783244548257378,0.6012162339803153,1.0660703028531109,0.5552657693225413,-0.07026228606679533,3
0.6181188411386312,-0.05146476250275997,0.746001976519309,0.8371996195650185,0.7620690909872374,0.9126931154732841,0.32979892958065954,0.3573182495733508,0.758885376253169,0.6947683347825514,0
0.8184067305650341,0.41122877312966993,0.8566440594050836,0.5798236316851517,0.7026902610872231,0.31526317694827277,0.6764698026160426,1.0298760030598257,0.9540869645951182,0.5337124107505204,0
0.8683356583096506,0.5977715536618307,0.7084131339539678,0.6313669084056701,0.07754537335679873,0.46646096750970556,0.7282201476892531,0.7996301748723763,0.04634475637425797,0.09576566833304426,0
0.1851672072443969,0.5323612753853005,1.0439709539056787,0.627741363706135,0.09950147979475558,0.9633123504407108,0.11882701825384683,0.06183015718473368,0.33240067954988267,0.3718699736823575,3
0.8194663693963049,0.8702217634578361,0.9136057542120894,0.6582177791963056,0.6004684263810242,0.8727873156954041,0.11334640749873276,0.7693698971025794,0.6496077106187291,0.5419091603198474,0
0.4447221039418556,0.13781658150522996,0.04663533369745537,0.6679319625472627,0.3674639507588368,0.3034442819450279,0.37029368910163607,0.5968898312871367,0.6866718817105589,0.4094920390264334,2
0.5618008234665569,0.617410948463165,0.944519117375847,0.5071823938347593,0.5229160452189484,0.42711741189175856,0.6666611563013183,0.7003706808218554,0.5508945037232426,0.06581536926514592,3
0.4943312098937567,1.194967757752419,1.0106988723855546,0.6080030290103675,0.35927802413947985,-0.25458100480407064,1.37754110607559,0.26878461152095956,0.40497774604657194,0.1980254185971546,3
0.6660154022104406,0.5660592830942134,0.8014572755710894,0.40979364039940464,0.4402745230868421,0.7271040140258558,0.6616002262423056,0.6172084335129324,0.12303190306281221,0.3625908798155105,3
0.8201670933053946,0.789463862134394,0.8983675659402286,0.6543457842117759,0.5675424671745111,0.84227932870848,0.07101348890481295,0.7868578034169659,0.7107221016354605,0.48005749674709813,0
1.037692612409226,0.27668641882066314,1.1632258465911578,0.3036120831381853,1.2761008176754416,0.5790322757878908,1.0870209476515602,0.6568942295376923,0.5893902596477604,0.6284972908250228,0
0.08869160387305519,0.9098781677969396,0.25417350449683873,-0.06120212641900488,0.19130311017629922,0.9862730266514664,0.6717340013118746,0.4512874348338797,0.7294831210500505,0.3595010810933108,1
0.7495823848050138,0.786839072392617,0.9831004274016075,0.8257827335367298,0.43677135317740484,0.718696619083455,0.24021271273194794,0.9340157621275565,0.5742689570430501,0.6714319250219457,0
0.5295126044637541,0.3022735835252464,0.08200946141675867,0.9730628119470259,0.43573779282039526,0.7633108733215541,0.9707844052143626,0.675517437433793,0.527057067635691,0.04262262929002297,1
0.8100108422870763,0.983777109798447,0.6574691925250785,0.3253037082595244,0.18994210106939335,-0.05932891842029679,0.5568534656544603,0.7262748059108324,1.0858756911930731,0.4975507382168045,1
0.6302529551411804,0.2258124754299864,0.9039342489070521,-0.3079101890881306,0.4823884174967011,0.8023397191944698,0.5885374286901681,0.5817417138302241,0.631286827412273,0.29689174801522533,1
0.4501755188795505,0.5140395878228141,1.0555650935930405,1.1374217463623872,0.0003187625692614715,0.5238300685156767,-0.03967640476493273,0.4364092251112847,0.31605239883569014,-0.07021980092484514,3
0.32215748884184825,0.8123607778427294,0.6150401364615653,-0.1017279078093919,0.8979387940321453,0.30310087804527913,1.1263944418538505,0.7611229529442294,0.08560421625701709,1.0372934706898478,2
0.7625134099298309,0.845852428001605,1.1025301619956318,0.7660020223943984,0.825207926075404,0.4058966232866974,0.7033096458415521,0.24259786087577584,0.5981739153567283,-0.17740827064631365,1
0.9162974579292631,-0.0021022382969980713,-0.18782118308023696,0.6882208696328764,0.14137012135421456,0.9109843066212195,0.9846966994582442,0.39377616851327013,0.6726644614639918,0.7485044740316678,1
0.37305074803765587,0.03864259647459558,0.6978597192350908,0.2875938685377122,0.9496368359773154,0.018800995255720404,0.6690523500710437,0.8993237486316997,0.8459033264172683,0.16553452755691203,0
0.09079438891320472,1.0004435503395392,0.4899138290100718,0.1871841945663799,0.4556058736211106,0.6936355877716286,0.9059071602661348,0.3133445789281365,0.2331820864710628,0.5232655077255242,2
0.26158001060352803,0.4030140829227627,0.11361843007958916,0.9518912878524826,0.9595442511515172,0.7618908258439548,0.5022736493583771,-0.03527899341231794,0.5630113713083092,-0.07067112555245092,0
0.8723216527351659,0.39978237216480583,0.7269577400634437,0.5711077212037025,0.6419480369813798,0.2503837753416736,0.7608198132247863,0.983287548941342,0.97240774160706,0.5299977789267405,0
0.631697914481821,-0.38730673290433804,-0.3011362266655432,0.25884901483313233,0.5565463447014949,0.0416168661910406,0.8589922996766552,-0.6007083692610333,-0.23178881878826718,0.3038033746255635,2
0.4474304423126164,0.5175554204832733,1.0624192618236763,0.23424204951683325,0.8473843808311622,0.30730856620274716,0.25010777840079107,0.6276419307831381,0.5073949013490585,0.5688898484869281,3
0.6518148885318016,0.812370939494033,-0.012524973352211297,0.5963455718662105,0.43307705259908463,0.572507284263595,0.4117766939199278,0.14278456181405352,0.6174439101478234,0.16090325851564238,0
0.6891877938072494,0.7248290716155772,0.014723702561608903,0.6001536213893379,0.5955791126270386,0.3957187733845179,0.5092917274863042,0.024489345073708903,0.4412612378723527,0.028693976880816787,0
0.12869679061477415,0.8456150603297645,0.8302102686989578,0.7878098882876023,0.5130976685165629,0.7878211093875183,0.16667607817771843,0.8507516344991527,0.5837562438480346,0.6297292753278274,3
0.10565130899636714,0.8527104712356989,0.8192512123373794,0.8094022125221478,0.5318659237918972,0.7794401811902354,0.15073106106538148,0.8318661385078651,0.579929469624031,0.6024135100699375,3
0.7119273974065088,-0.3942458797094869,0.08122184659484133,0.8134745024812101,1.4109944629275675,0.09625264853566196,1.2271090904852833,0.24795302854272705,0.5982653072834161,0.003318298637054129,0
0.06433219285327921,0.7793116867316844,0.5434402990367818,1.0158508944733624,0.8170464607203782,0.1402890519972636,0.8025244766342832,-0.017398350121828943,0.7125514034028537,0.8595221871377006,0
0.9100916348653805,0.12434102942533985,0.7798946948125991,0.042550632467807326,0.8548671971365371,0.9210087668683788,-0.16354872319439023,0.1550100399663472,0.7146216212824876,1.1701907778017087,0
0.5491921197211378,0.27580909341279036,0.077427463198885,0.9808407542123672,0.4342814943687593,0.788157105871832,0.997185170982311,0.6640582007632552,0.5209437562054644,0.020980935048739227,1
0.7206647325232058,0.68711957621908,0.7562380819826355,-0.046049655744951096,0.7100723250856782,0.15064521261612693,0.3764797770737588,0.6144392212962799,1.048835410614086,0.37004234323065677,0
1.031810443755324,0.20359532847882206,0.45421322093260874,-0.11866184468778618,0.6605367326718498,1.0579674859578219,0.25925890670046203,1.2529821924896767,0.4202006851048149,0.533842047919179,1
-0.04787931359286225,0.6740829524653007,0.8159702382057048,0.3000894365696311,0.07938720220504421,0.21589617838841185,0.6819506690609185,0.900650480024958,0.9334983524565068,0.25625731537147056,3
0.5400230251736949,0.8072349997208209,0.5416027238870837,0.36740640308852646,0.4384543843494544,0.7804742398903469,0.1553258360630916,0.8138632951169271,0.3480771492022988,0.3859563204512407,2
0.7807989390828259,0.12442846790793093,0.6430505905608626,0.8845384287566178,0.26419272178658676,0.3400610003233581,-0.23734531551488353,0.2465565857560102,0.3080667013726973,0.46672176805779975,0
0.3410610072536692,0.0601115322115093,0.6651377748765656,0.23649709526532953,0.9689363089206506,0.0058152246511637955,0.5945667969528711,0.8521546388918445,0.8164397826482639,0.12421044813372555,0
0.11951613083163395,0.6240820275545962,0.04580765846108393,0.26540603421176434,0.08660261978714004,0.542441331439125,0.7123622935336723,0.18766811572949532,1.0007468435905127,0.07111063571599786,1
0.8559674383628695,0.375726134066691,0.7983217470077049,0.14622777819527807,1.0757215877077,0.33883214238848347,0.7475636471854669,0.944551858540744,0.6166361528262921,0.6661567577742128,0
0.3838991579377363,0.18203417219647783,0.3092667633462516,0.7407808401980492,0.23935070441618614,0.31912795730991095,0.9528725859553949,0.054094011659870725,0.811535261081447,0.2070540157270207,3
0.4810406026207248,0.55330792974339,0.22888232676188303,0.6359101930351675,0.7692969671848843,0.9403323322063389,0.0005289486750314557,0.6440971470460799,0.9699455028711066,0.16313632487694962,0
0.03926453196491172,1.2153433035322159,0.6433264847044088,0.6568035561349209,0.1910944457185725,0.3980783320712049,0.5535831225159595,0.8834882969619988,0.7547152483417013,0.20241169235726839,3
0.23858804078614845,0.5634390210448014,-0.004879285530621585,0.13335910982106033,0.1268541008137003,0.5776603214774768,0.6784216957196176,0.1597605391721615,1.0682141652511956,-0.03245492805157109,1
0.6783933904120056,0.28256565868418004,0.6663876247801516,0.46122479085279444,0.28586927106808174,0.5749207019144383,0.7718203934871894,0.40820092430821886,0.2491748935450114,0.42408272621828075,0
1.0912980895188917,0.6832180401960205,0.43650697066783023,-0.007582852259645209,0.44087432177365543,0.940757758582074,0.787279915049562,0.5367022312830291,0.25746618447985986,0.09045890406634502,1
1.0112849329071094,0.43646017218685507,0.3434538839643796,1.0744085963873817,0.5721526447110844,0.5857497737730001,0.9846355625521973,0.5775013228469987,0.9096831886176001,0.5249185370624819,0
0.6247663778450271,0.460773758269094,0.6731954824413073,0.0692632027210294,0.7481537769651598,1.0024727603332384,0.3725789771027448,0.9192071967516824,0.16382030151543514,-0.028604233924459127,1
0.5268991926522506,0.8164756900330234,0.5208471791299768,0.36086062609857067,0.41730662757553855,0.7783968666522842,0.16117904924739557,0.8078092624896723,0.35055788614694716,0.4057647569172641,2
0.9302047102251279,0.08583289384180401,0.3376533527681761,0.6198342587291463,0.3916482313190681,0.055040334521436036,0.2811045493143364,0.6647796500304759,0.7578326723280043,0.6720879696845452,2
0.3146625381966728,0.1884834777365862,0.636858214189908,0.033913547783492703,1.1522349268602317,0.7693214979101834,0.6384725229788937,0.46284950918833706,-8.139850374661028e-05,0.3362886667329673,2
0.9544588517006426,0.3392674369107879,0.4332789708016258,1.0197632333821678,0.6764857550070489,0.5196759525840994,0.991491922946473,0.652607220087943,0.9419260998297528,0.4168102228264943,0
0.16176606775982277,0.11504898586772214,0.22503068078421884,0.7506013259820786,0.8165374525903494,0.19051962657322336,0.41149092022771666,0.7875686115898518,0.7143721520020364,0.2666030179800388,3
1.0300991622679423,0.36694041675762834,0.8190927082445143,0.33933839737992727,1.177134120373013,0.1477474455347908,0.7264407783368992,0.8561216538674634,0.4967253353622457,0.815810740017362,0
0.8637715822697971,0.4001137517658878,0.81549646550169,0.5589686896745295,0.7160115899535275,0.27783951128011053,0.7155290341417203,0.9893779466776558,1.0061188349698764,0.5336852561665472,0
0.12186173485523524,0.8585176162440312,0.8827682289710451,0.2914271852682684,0.045934243208798804,0.3214830298717698,0.7251030076295633,0.9224722360590791,0.6761594535874703,0.03607599779135043,3
0.9005901310791735,0.4640467451118858,0.7047360963931655,0.0618329820635779,0.04243740668716957,0.6609223503187442,1.2002009028098506,0.3963923891498738,0.7350998400782452,0.8022989371436089,2
0.3623734892630689,0.5442287628537587,0.854162865397464,1.0677601735687927,0.0499864555537608,0.277931091112093,0.33992058299358274,0.6700733065190051,0.1293774066062101,0.11108480611127196,3
0.7477624466588297,0.020208518191522112,0.4975461893580977,0.4810929000217685,0.10073139380146134,-0.040648843725277134,0.07626649048769277,0.7564509850975398,0.5700117740442961,0.6285823622407581,2
0.09813788877895242,0.14608707314071784,0.25948643873046673,0.6961017830583611,0.8387310905523397,0.28471639063165616,0.3793565280947212,0.8626357853829044,0.6111871840383625,0.2766362874094037,3
0.5243394983382911,0.9718447071451944,0.6072355031529139,0.23043739955626646,0.027168314479033895,0.9533775652779082,0.45477176307148953,0.34575921195476983,0.3838537932157122,0.8624708545422473,1
0.9747448099738164,0.5497419723785772,0.8432592120882313,0.234627511220375,0.6505153021372904,0.5210958700475459,0.4010046238594355,0.4023428299459588,0.4707820068849309,0.5973635399062577,2
0.5006806631275408,0.6201040622275817,0.8249079872442049,0.9239948400268346,0.2133338808452756,0.1925715720743972,0.23228680445554856,0.5957214958345609,0.13599188062730644,0.13690546607402598,3
0.11096522925198771,0.8584670205720979,0.8192523823683749,0.8094922980907359,0.5340032935403166,0.7817011275393174,0.15739456320380962,0.8357747895986767,0.580290306800538,0.6068271558370204,3
0.0066545956419372145,0.10614685579019682,0.6311000127299102,0.2679872846899638,0.03194978610319339,0.22008382535322624,0.5737303215114316,0.23393825933675438,0.678531148920787,0.7766262819589734,0
1.328893925473576,0.5782342617512757,0.4924400102575052,-0.24547482328326492,0.45991391043263585,-0.2579979747250419,1.493288335592366,0.22560895428537142,0.6219662507769229,0.4175170012225258,1
0.3507419084305361,-0.021252575693935655,0.6468129425690623,1.0006236952061234,0.5984836897578546,0.7706668277548745,0.5666437829956483,0.3417878512236081,0.3521807974458536,0.6578495305818467,3
0.16877221279004606,0.7216264381009893,0.4965246100043954,0.5886792089971232,0.19859774105570271,0.8359126622814657,0.48347103692397414,0.6516823617675794,0.09980480639658265,0.7711656550455976,1
0.13579300582469267,0.4750382596634151,0.33161389223548715,0.9507851364483157,0.6149150763847013,0.7644392949321979,0.34341691275328123,0.06656428587850717,0.14939546023287206,0.04753657201437788,1
0.25554224240798373,0.15870278528638285,0.5793485552785103,0.16974889454436054,0.9551786814232016,-0.09186136786280728,0.6746918138394102,0.7805930846111324,0.9146813474730351,0.08397820109326912,0
0.8743731338334735,0.7952785615889947,0.9203867810328369,0.4868769624880878,0.6694025235870743,0.8191168645992082,-0.029465123098539797,0.5961849193207063,0.5736734226992122,0.3703591545487067,0
0.5332079119163888,0.8068789665517676,0.5342947071694915,0.3609741035877969,0.4361373852944878,0.788210306724062,0.16213444031564928,0.813386173702333,0.34934079097365095,0.38797222656297453,2
0.5591788634052903,0.03639961289973028,0.5808956332964562,0.5366436131427585,0.5946727617806338,0.6648060330671663,0.08184325688446074,0.6528506908676075,0.536009955295871,0.8117456010085102,0
0.33254984102595014,1.062695329838134,0.4196474526184452,0.7270289921355603,0.6419650023634083,0.02714858670556844,0.7589698329281372,-0.09440801277467956,0.4832802427572816,0.9942031926695427,0
0.26930468090656023,0.8688889315927546,0.39516110660728543,0.9185195227734202,0.8470019129413692,0.39386991360449664,0.8136535651422742,0.9030452969428886,0.30136181125757056,0.4602547346723228,2
0.15106136226085917,0.16770993941505105,0.3066827401792261,0.7473946395229026,0.8458103844416934,0.28406786646112503,0.4392645059411613,0.839309056234451,0.660298096680504,0.284438119810133,3
0.8543822305968788,0.146849365843285,0.6477569322013375,0.09578768594379809,0.5167705538385755,0.40236330243351526,0.20870423192222132,0.9268389900583873,0.9446229792098404,0.8219959798022557,2
1.067221352580845,0.7535707428189676,0.32983031103617133,0.18761961937715596,0.5210001741427245,0.6596348145488176,0.632118088440158,1.0248296630718159,0.333606639539175,0.5094271180942455,1
0.7971037781004973,1.1886446775225337,0.5437693937454826,0.6168974652266255,0.602925607920197,0.6354353035134435,0.05692860657841753,0.7323958657492767,0.6989876663115274,0.09111313020896807,1
-0.02497819155002181,0.8506262782736186,0.920186295927952,0.3036659526875079,0.07329318090550963,0.31182944488177233,0.817688004395446,0.9308162306708895,0.8151905444214442,0.1976212937545243,3
-0.22366033151140108,1.2156839272296422,1.2102287790982464,0.30178392536082077,-0.4594117966746075,0.0729138221832532,0.6352746795055193,-0.023291069136790687,0.5992840166536444,0.18847495540545314,3
0.18252082375655224,0.7227730795129593,0.752436790664551,0.3067574277386135,-0.09044292461677339,0.25768514905579354,0.9883307941608319,1.1523709161221825,0.6193803938358091,0.2958751479906371,3
0.08232048690713162,0.18286578192191766,0.26583363415424893,0.6876790868688558,0.8288565769229493,0.300581556714236,0.3979688193092321,0.8101336229942413,0.6774522087826264,0.27023791505479416,3
0.8353950112383951,0.7615055528220932,0.9549879882543173,0.2608624041437412,0.709723553362571,0.5163380934063024,0.42641608336748116,0.39199172809588634,0.26989613440674926,0.7840977226947871,2
0.7578497957820443,0.297929916336849,0.684507352644279,0.5555340869575791,0.7525408086355643,0.4381438501361371,0.10132661051916053,0.7408355877875721,0.17062915692538547,-0.060900747858322335,3
0.932953219325684,0.36303025488130997,0.9474694361713575,0.27897721765472955,0.9284562794875667,0.3991301371811691,0.7158518458169456,1.0423635099107336,0.7367688913394421,0.5029878000914627,0
0.28155804320699496,0.15354835058264865,0.6551664890444637,0.657157105762833,0.24476007145728954,0.6911635436548118,0.21621604340598763,0.4318735981408985,0.09960457243837822,0.7380526142723498,3
0.7448911345984224,-0.09598862641732735,0.4368401525584968,0.6162142879822079,0.7639186112363062,0.49061869046322654,-0.04217798987622526,0.4329688330226814,0.5789558589277611,0.5970419661233007,0
0.4559920989224642,0.5264941861315565,0.24261319741055715,0.6623193738855556,0.8001317610591461,0.9437546610282188,-0.0010573085412847842,0.6814095648516392,0.9773791638387341,0.1417622571230778,0
0.3177610483029691,0.8613460688285003,0.36416872077178986,0.7828706432999266,0.8574288080768375,0.2597598061587888,0.8721598151052051,0.9655398959305289,0.2473524303635326,0.3828123005326627,2
0.3106523985498436,0.7257347302740633,0.007413346224315262,0.27403540736014503,0.23835077935161514,0.5952810064945057,0.9248898972455095,0.3929839610989737,0.8253217063624413,0.13969084853376074,1
0.1186667067171335,0.20264611823689763,0.41348142580011815,0.235600368052615,0.9048709260352844,0.5555048593682593,0.1398803933711507,0.9584141322866401,0.8902882562268475,0.5288060305039923,2
0.7587182820740596,0.4255866967798931,0.9308227287398817,0.45351124214273597,0.06973558927807746,0.3931669306809712,0.8198672657849667,0.7122658947298711,0.2458310028085435,0.2028238656186181,0
0.1097055781483128,0.8565413421210227,0.8192138443800334,0.809725439506912,0.5312377024891006,0.7780123390118912,0.15397545570411067,0.8345646750674086,0.5794030809792924,0.6073152842945112,3
-0.20108227597171907,0.6733770716423212,-0.3398456214976855,-0.09646582985879143,0.28097831915053983,0.8779882997468613,0.5496981946344645,0.44141509667476575,1.2244611601308206,0.1632740917306706,1
1.0081511060452226,0.3305450759736905,0.991224136243531,0.5229668037238805,0.5715463868438622,0.7351894076956321,0.240136027635092,0.6741725106689384,0.8722178500439398,0.766696347639225,1
-0.04183473763361284,0.1275578413118242,0.6684167749344717,0.21964067463547132,-0.015907912012331,0.1984739486180324,0.5541383572771702,0.2557038581562005,0.7026175770789026,0.785655658556789,0
0.5301794592157469,0.4475961011912857,0.9804764246184215,-0.13433014380975727,0.8903181367881852,0.18484208703986021,0.13997136991618236,0.8214766166688758,-0.04972035180478013,0.8120735665527741,2
-0.35650134258064503,0.4130312247512336,0.376911031569037,0.08450196185179248,0.19126004763876164,1.1092906028387963,0.4669198213915918,0.07755037723940963,0.6784122554464285,-0.15830009667872968,0
1.016597167985535,0.7416897415575199,0.7705252708501789,0.11958078709694372,0.8324789688162717,0.7963408255846761,0.29134406932692114,0.7814797368435709,0.6130394216567936,-0.37517313014769405,1
1.0108043340372812,0.7154709694192964,0.8340322684685859,0.7781711653630285,0.7119975364335565,0.8693470158834594,-0.03441848949033888,0.6190087938187708,0.8317667353835958,0.5918827092130681,0
0.5657539668167925,0.27886818788164053,0.0858135102703582,0.9385237797745136,0.48474892477996695,0.8452854080639428,1.0409889579601836,0.6140961877614506,0.5066880927576981,-0.03934724403974365,1
0.6965941670796935,0.4317891489597272,0.6516903660465283,0.23820480211660433,0.1290197978345113,0.5577655292239169,0.9460571893323576,0.37109606989393373,0.7485676239239974,0.8696253861681231,2
1.0253332113311602,0.524429236248054,0.7807814183919544,0.23193082228677137,0.29514183346756695,0.5167851070187184,0.4239561650034463,0.7178142383227224,0.58270546776989,0.23346425514129474,1
0.27011749632915005,0.4117352089683589,1.1567804543323923,0.9053360267796107,0.5835489001287805,0.14081876840512075,-0.11668664738435947,1.0127639344391155,-0.13074844814059416,0.09674122053955135,3
0.48998246925273203,0.45888296985526905,0.7505638173226304,0.5398207316467271,0.8438173294323075,0.36143153843484044,0.6177447084491337,0.472408399333875,0.5640123198007236,0.5326070417896811,0
1.0093557502014154,0.4687973584176707,0.7187223959373846,0.27608762043646845,0.42922144926347694,0.3947369237142542,0.5227673913191037,0.515449008259113,0.2607807772705556,0.836468376794605,2
0.28717826372463784,0.9081309306716204,0.3139680299638746,0.8081194466125536,0.8787988125364057,0.2567286180946186,0.8193170970781509,0.9442979350754761,0.2225922617611304,0.3284034517647525,2
0.8471521500453009,0.6658483470547778,0.796263519751802,0.11501806676860234,0.5119700811133574,0.7752134518836233,0.572530788428127,1.0292745377692831,0.254816121291428,0.16887184784754702,1
0.7471069380930786,0.27808806501987515,0.016245332745957623,0.8010341237776464,0.36815017040891224,0.9699490337275883,0.8705500324253012,0.47402687778248065,0.5829339503998944,0.703509072114321,1
0.2833523427096973,0.2247316258485852,0.9923968108155781,0.40640893204154616,0.7545369498757633,0.7797333575263641,0.7253877239691865,0.5653486945885438,0.11276642109720543,0.46198237206784376,3
0.7784796280511013,0.6924780334387501,0.23493468216835423,-0.11701586195091496,-0.09117249459817364,1.222070869321176,0.5974639250563807,0.6052867887521224,0.990823025783435,1.0306655213022642,2
0.3086960100626757,0.10663839803857793,0.5865965582137269,0.8747562663701964,0.720110300212032,0.8021628002313294,0.5288049005890284,0.30406699758536676,0.48771908882666737,0.7181968830580885,3
0.5122009528377887,1.1558864704393936,0.8907602659498634,0.2680172930630745,0.03242197260861113,-0.17833498300867712,0.0278429510894575,2.0880332751439283,0.6557311511643471,-0.1014298125145186,1
0.721536457936327,0.4275791635809377,0.5749662325029219,0.2460640505262583,0.12150467540627535,0.5443267189910408,0.8773048579751606,0.4327028161834202,0.6723456543308381,0.8476740195270308,2
0.32837338678746897,0.0738335568632549,0.6609190453441119,0.2057967049001125,0.9939239362884824,-0.0015031099607074865,0.631890880044038,0.8280741312414525,0.7886902814924626,0.16391110819982213,0
0.21903800570690846,0.29617140874749265,0.5386083202059675,0.5437186970360528,0.06740754746214347,0.6729479512577339,0.24717534952685838,0.6491646321578759,0.18298658808469187,0.6822246400282803,3
1.036312013832799,0.7886812440635156,0.642909518293179,0.08839771216104213,0.37515217165293907,0.9415442305079476,0.7518547933418547,0.4079417149885225,0.07444567551412334,0.23546707377274892,1
0.4208628169709375,0.892647405828822,0.2996356249532244,0.23371788642877717,0.4024625619778999,0.7842188050815906,0.6049543457887311,-0.17775731948553963,0.7958622676176619,0.3697130654143099,0
0.9435285341882419,0.6600025287514437,0.4867005635400319,0.08332694471357699,0.4441864551740741,0.801607700883652,0.6695636986746496,0.5736669889866117,0.25388958187938293,0.08103086666851364,1
0.6255102447911614,0.6056758677536187,1.1296243271293092,0.7742561912931669,0.303322973267918,0.5718972003278464,0.10936534424393768,0.6833494456646805,0.3434049526039933,-0.1721374971732021,1
0.6814127294864177,0.2420470197538227,0.36929934365005157,0.7583233185261418,-0.02291521136326058,-0.10341470325324953,0.15121333912937768,0.9569961031755347,0.45716653761564563,0.8119935923246443,2
0.11176114919854747,0.8535329559737888,0.8172112363011447,0.812118269332231,0.529351050325079,0.7814592495030143,0.15670826080547554,0.8325438206264631,0.5769080855847055,0.6037636228403322,3
0.22130952718814942,0.7650764630039638,0.9642235665547584,0.5264908773826901,0.8374465737307393,0.8857565117593864,0.885281648153804,0.6449761698132483,0.8833103206532222,0.6944623898360037,2
0.08289804876343329,0.9829922820871012,0.8952061398955542,0.330543640964951,0.03959635334713817,0.3151125170994916,0.8796054667499481,1.0524017210725587,0.6485186895788909,0.09231860560884333,3
0.14285192670051294,0.8109265229944708,0.03486404483139502,1.0672509581093659,-0.005734592545915823,0.5289448701440056,0.10174913392049764,0.2042662987251373,0.3422280120131548,0.7039309844359456,1
0.1852936241367742,0.5694306232355566,-0.012554369483943888,0.17595524961740644,0.0755197547824615,0.4956331154065445,0.6633737040524395,0.20209738570717178,1.0129155037595416,0.007906729185650621,1
0.22110389899636496,0.897180209085187,0.43337681433549324,0.8971691499472814,0.5622305508324342,0.18560395221572787,0.8884433949069886,0.05274345232485705,0.43839066896544016,0.8133123193511875,0
1.0129823148996728,1.0263326114781508,0.27256143469617744,-0.2600672476089678,0.7079674141535315,0.7521750205500086,1.045361996414278,0.9242062122994623,0.4493961099072877,-0.1752147568738972,1
0.6626671538067217,0.017490426845147868,0.6059444146901841,0.5701515751628343,0.5579485753766639,0.5436896334773521,0.02192567879829914,0.6645825947132106,0.5203391577211671,0.643677822220261,0
0.9329796453910825,0.3772789833121146,0.837486859988566,0.18372352748947923,0.9879363583882221,0.3927785926659199,0.7648796549079114,0.9041068988825435,0.6916640790121097,0.5937937727250677,0
0.8713678715042733,0.1705906822858624,0.5133481042701031,1.068445112705019,0.5334970745277126,0.6003119594547315,0.8780855849590645,0.647074313429898,0.9228883161905409,0.4085739631036005,0
0.36360547789424774,0.7310536920013267,0.3400885960520102,0.8107556464211202,0.6520096396634423,0.15379768491027207,0.848531462960359,0.7527841359543788,0.40608565906935623,0.32239629009382476,2
0.8565481446556983,0.8253059655259066,0.8745192992766341,0.6355296530548461,0.613603291533658,0.8200174492821857,0.11697183270073827,0.7698573519976021,0.663044649643905,0.4951032711329993,0
0.4451698898328474,0.9539656485360472,0.4186071883838667,0.6781826395399861,0.8699517387307615,0.3036926796677203,0.8334477075532487,0.8050285132273733,0.27089672725228864,0.3260553597137939,2
0.6229404049862437,0.38699204731146386,1.0696604458067864,1.2204662338052223,0.5982919960199797,0.39620946207203045,0.2148984252172363,0.49423026151699856,0.1538665618613994,0.5025912179038661,3
0.7977375661881368,0.8790112392476256,0.8300796049067432,0.5914092825087525,0.5836600697575984,0.7206235015658657,0.09761121583356361,0.7818398657483343,0.6847852955992529,0.5075258527288432,0
0.06425569221841626,1.1435574591971096,0.5998379394630865,-0.1669476064104014,0.11766197252270386,0.8049856467245856,0.7197962149049623,0.34037611564098136,0.8571704928434283,0.3346275535479073,1
0.5756412510503661,0.3177664714319614,0.0773593014163475,1.01657271769861,0.38632165238414307,0.7401321078409347,0.9451947189165504,0.655594974408965,0.5520863977203843,0.007082340043736094,1
0.28538717129456836,0.45037522591457657,0.1655911635695102,0.16936143025349343,0.3143750436745988,0.6112967158578093,0.13335824732660212,0.26446829932109517,0.8306207374514015,0.7519915149839936,2
0.9950349110591933,0.0025457029823104382,0.0012917471362256516,0.6100159950643951,0.5132442535639721,0.8107145919014211,0.8318738806840776,0.8867547853135238,1.182272327263759,-0.09748499230746022,0
0.0678701079574232,0.8661390244742945,-0.37425549197919544,0.47783333736524575,0.02418425791334152,0.3696525077946249,0.7397004583618817,0.5802723361035602,1.3022362990217702,-0.03358532525767932,1
0.0718201600824778,0.7821413977320198,1.0298148008885792,0.3997971650118774,0.013355828386373447,0.5255488350917675,0.9080751630832483,0.8630777927091717,0.883614989551323,0.3195897242505876,3
0.5483389923126605,0.2749858677896965,0.08862469499600717,0.9823558500184045,0.43078012768417984,0.776488346034909,0.9947298056566037,0.6716432475273081,0.5146040461264043,0.019591241101246003,1
0.3549111643210965,0.21377828862947215,0.2796387011695209,0.4649317103791191,1.1342352945825216,0.03089725446066536,0.9954657073917982,0.8686961650798006,0.9157614290516624,-0.032655736250012,0
0.4978682649852536,0.6165677997533685,0.6726679088557759,0.477134099420831,0.5703980515579292,0.9239784682570445,0.38246837807593637,0.8291881228650476,0.1996276083030789,0.6904678279127587,3
0.0023737994624612587,0.08607655426475068,0.6237767943929233,0.25125748044655666,0.021741798616246193,0.2277574971806885,0.5587958502695474,0.2550016254449995,0.6721720246145967,0.7734506385917992,0
0.11566439114572363,0.46586465499759494,0.31281387249885473,0.9539582120012576,0.6002439187914602,0.7815059513944327,0.3512756155184167,0.0769540791850572,0.1664680785180005,0.05676958295914103,1
0.1323418640885887,0.21251229894329,0.2755587532988087,0.730305276481539,0.8495983239305457,0.24638214277058137,0.4648257104134213,0.8148866482474151,0.6576257266696361,0.30765217485181967,3
0.5265312981623019,0.8047210573517977,0.5331462016705737,0.3643276845489242,0.4301471672175576,0.7887840468815706,0.15854809147390794,0.8130906224071868,0.3517044081093699,0.3875992503327137,2
0.9173388937514529,0.21216557986616502,0.9837641866194914,0.4399481120580606,0.5400712086443392,0.6624110271921233,0.19902520326323253,0.7341958539567874,0.8591717196433334,0.8245600061324556,1
0.45972416218494705,0.5129743661105594,0.22653626180683134,0.673961761067924,0.8104116121741893,0.8972469130631235,0.0007395711098409918,0.6855009521129719,0.9746492405254731,0.1489329399086558,0
0.10787373325197577,0.8462420382190697,0.8164361697241991,0.8082437767452544,0.5222435543796117,0.7780433299050501,0.14431723283316347,0.8420960409743707,0.5778856327156875,0.6034527271752828,3
0.8562645029279883,0.4372257896176568,0.9469592293054179,0.5112805510194185,0.5291431070761519,0.4655252959573669,0.3085570296807865,1.0857188241166429,0.09518638167439533,0.3438608427946668,1
0.41778055831643124,1.079872485256102,0.32115142172854627,0.4365864704413387,0.9922912406842463,0.6483969392702909,0.8372255980525336,0.5592079886234201,0.051623174697148166,-0.11551785739557427,1
-0.11674208001319289,0.7948993981903084,0.8231458530590652,0.25564790328490977,0.1433977213974722,0.41719832148730474,0.726265144420144,1.1345404327562187,0.8538542379755921,0.11424585294533082,3
0.69639505912605,0.6691916448861809,1.1817919523825067,0.741093492962773,0.5985905254912727,0.2423154191726512,-0.17509593732701645,0.1543791032553913,0.5025104113650972,0.7210519739150606,1
0.9515595014674421,0.2514625658279219,0.9665908177832229,0.4367464199593254,0.5122691417853513,0.6598516018109756,0.2424690506349906,0.6824225913068035,0.8850412531807871,0.8190049303448188,1
0.9416275048060663,0.8918503990388685,0.8455117236660901,0.7117437460400089,0.5076589881303949,0.9802336561923728,0.2564879151052114,0.7078412160577974,0.39541170404708514,0.18282246143248104,0
0.28074924152344966,0.15198956760079968,0.7462276630672435,0.9733307128006088,0.8547905341816351,0.7828158450372729,0.47819276183194664,0.3204432848460911,0.6199725641809051,0.641952080846189,3
0.18484744962193927,0.21736530017170438,0.8237353971819078,0.2004969365219013,0.7451016384540087,0.07124136238527919,0.7754495995216517,0.09078996007062418,0.2914546668701153,0.7685848306091145,0
0.8114112337486142,0.7981209406222186,0.8056374392183259,0.5365289836618318,0.5837132402205814,0.8369744344401535,0.02218434156690223,0.8184469207848616,0.7020315620002461,0.4755628883997974,0
0.21185620212419393,0.5060037687473043,0.028534284372277785,0.3199438104210798,0.09215496726808148,0.5518821955111837,0.7146291151843076,0.11689937258493882,0.9330245349640687,0.00479667885045177,1
0.7888306044819493,0.9938286891315264,0.7097731454450596,0.5816627414627998,0.6172055402615289,0.7441376470198912,0.25156659888721333,0.5998527276854699,0.6810426384123628,0.3978369456294635,0
1.4352253680455291,0.4874950863006987,0.7299143192642322,-0.075240539767579,1.1162506552405878,0.13270483042354647,0.7855913904543305,0.7351887903433505,1.094044615132241,0.3782640863702966,0
0.531226834729619,0.815054821517974,0.5425291481621196,0.3637947232806451,0.43979639548262506,0.7910905163780727,0.1525330745588132,0.8107725752637053,0.3600904000728049,0.38382731395049086,2
0.45407732547254853,0.5211958602708052,0.2259585087113523,0.6335121423720218,0.7707595837849236,0.9181319886991888,0.02351375044122085,0.6536569163362874,0.9688087940015697,0.16837703499891915,0
0.8562230521224927,0.7368839618551972,0.9479731303541317,-0.022710306586116835,0.47719524978158084,0.24441817370697644,-0.04381066286685176,0.023288612786553586,0.8153672506686425,0.4243877759314778,2
0.8896301556896604,0.19284558672061983,0.8343876795501367,0.15618018697650587,0.9441831716768675,0.44359816017819087,0.8954752235975026,0.9071438870758883,0.4979302484118222,0.6260293310170348,0
0.3475509793996974,0.17447781212275548,0.6545257950557019,0.8062228420225654,0.8409621868008297,0.8990837745467037,0.5768155673447389,0.22098245438655464,0.5909916801388598,0.7244958001600115,3
0.9589327175268971,0.49401181353313023,0.8079334699068069,0.4941029318796122,0.0784724673688671,0.5563631624635132,0.8963513589934156,0.6012187873026003,0.4388547855762055,0.09590083224816108,0
0.18444194436083822,0.6970660032238265,0.11811198543365485,0.16352995295070974,0.02004945582192222,0.40913164608844843,0.8110027658027714,0.2325416220615429,1.0516817481073626,0.054253948449577025,1
1.0038927211364466,0.9553188199275382,1.0335850128028712,0.6047888570859232,0.822763720079361,0.7964399833866274,0.0973538560790106,0.972800595815247,0.6604606783146156,0.3832404461088442,0
-0.14917243889901727,0.3367899729969878,0.4216271334159586,0.39213893762531277,0.8560447414638716,0.6300120939451277,0.4167614618730836,0.6870970715803794,0.7294497809291248,0.6726967730750253,2
-0.03131572482471088,0.14730096070630394,0.6491041687610838,0.31863822156376614,0.01946875145516594,0.15153254675269245,0.5398385629754728,0.2080061947821231,0.7009640099987046,0.7726218827840147,0
0.5037941262973161,0.7305651053075488,0.7778577897730987,0.8683200705864762,0.6073871532337445,0.4012450206288328,0.44309396269856766,0.38112308275672746,0.20071758717399954,0.07998471717860955,1
0.360765470495371,0.2902583248155577,0.5719660326970338,0.7789298734164671,0.11679119516686959,0.652071943284826,0.239491643503486,0.5615551512240081,0.27155052720125505,0.6854034718950154,3
0.46036823770790763,0.565473346363688,0.2612916386358306,0.6404044104486333,0.7979057362730128,0.9012878288396629,0.04476422904037597,0.661853889750109,1.0039239759736884,0.18045403719943318,0
0.04059576078475688,0.7990954409402544,0.4180912878213611,0.5559823233748018,0.5646977502570025,0.9901173336983469,0.5581794826138462,0.017491484863770893,1.1111523602654938,0.08661055680829097,0
0.18528948696007141,0.14379744626514634,0.6470026294473281,0.9543519023884599,0.9278797235134562,0.7621615001884863,0.7237847327057423,-0.024221836477877512,0.4443907607863804,0.5423773012078855,3
0.5704194988177236,0.27949111796643594,1.1877330590205522,0.797316382299268,0.1873489382292064,0.7602758778718639,0.9802042829143699,0.375243094097931,0.4719762900360262,-0.18279897989383515,0
0.6842545277091863,0.9052034411915395,0.8597521488382902,1.4017601719840862,0.5502371332034764,0.14622560468903686,0.7894750522037518,0.3817241949790786,0.10343313165618438,0.5949785821717293,3
1.2547405879281952,0.9131783545829084,0.37176102921097554,0.09755581853531062,0.8107493325601793,0.9102933640685881,0.7162734351002935,0.47594420600772663,1.1201843790497747,0.31020108017907044,0
-0.24503726313167423,0.9091543664267709,0.7569666524889929,0.5238575784065975,1.310330532956426,0.49538394907268335,1.0888624355959058,0.659735205148477,-0.0425919781684434,0.23830901215331018,2
-0.037555822421540236,0.7341760293626524,0.18951868403520233,1.0447424306626232,-0.22043351144334994,0.2698433235840941,0.23397196770143683,0.27245123172358826,0.5754285336527748,1.0216684791858823,1
0.1556732270260447,0.5705926750257525,0.05726271680348044,0.1922435573629784,0.04115800126971004,0.46625882448476147,0.7548950806133045,0.06082676975852655,0.9401547143828709,0.03832329112886579,1
0.7768004893445247,0.36652535733297253,0.835129786040491,0.23921929801023917,0.9742870030165983,0.38095513486548715,0.5983342310866515,1.0798982107488344,0.6685170499366266,0.421338938625448,0
0.45366766288052507,0.12224282025488459,0.6085868993768764,0.16515979207439418,1.0065808081316052,0.027638615621211036,0.5748672614814917,0.7544200902086068,0.8069403801579333,0.15289355225430348,0
0.873945410792029,0.10358579486910316,0.3270807275058935,0.8297471593254102,0.5687064855127933,1.249025393618115,0.8007091150681085,0.29913357463959334,0.3949749586099018,0.8641717277882554,1
-0.05454225937698243,0.305217542548362,1.0722171638537485,0.4982217087319355,0.11496207431550332,0.7077926213812679,0.10978987251985164,0.16468356922866684,1.1186326329475356,1.2160413505159973,0
0.48241049052046225,-0.27121435920190096,0.8763869423915474,0.25684441108267936,0.8193560504211952,0.5167730145795796,-0.3765861307474592,0.8734043358057222,0.034659864657773376,0.9392104404504072,0
0.17215500545201373,0.23299969396835188,0.26630965920685185,0.7694377083140078,0.9365872279700321,0.30504305166182816,0.48958017075906357,0.7972026765036594,0.6581219507557108,0.255221633144313,3
0.022838486206147583,0.6269976179832889,0.1646352984805706,0.9518374769803467,0.03865026078057911,0.3819818922562316,0.24510125053315945,0.23245487866155554,0.483468339142125,0.8907403572648765,1
0.10779473710663998,0.8573376086998116,0.8183391207220637,0.813157054761973,0.5317325047338173,0.780088018448723,0.15805675017156798,0.8365084810620581,0.5801900860594228,0.6045844428279065,3
-0.12565024710841433,0.4061045241840304,1.319496180299521,0.679791927976963,0.19855164142440923,0.4070482856417758,0.5801348462191223,0.5194211812609999,0.9793292238762095,-0.28990466838305984,3
0.7158277898731975,0.2471368707129381,1.082208366553377,-0.23341442624591968,1.3105012281044353,0.3495367225364535,0.4667917981520843,0.9175541382524168,0.21143651582389222,0.18393995267305907,1
0.10034884248995998,0.3142109532053941,0.4088753844882275,0.14430974526470752,1.078972196020674,0.6201505764132768,0.3008366341100043,0.7372743426032757,0.824147513247255,0.5636438553883184,2
0.4538156648327805,0.6351382773646856,0.8483168489056443,0.9372389062318894,0.20319094202497445,0.17089882038752074,0.27506816393347655,0.6283336139976022,0.12381919127895785,0.2023254772385067,3
0.12139913402515116,0.20898645264224147,0.29896844230681424,0.7502444469428015,0.8916030075251433,0.2721247388705638,0.4326697790744549,0.8128845424762393,0.6573804827343737,0.2864883942095676,3
0.5846399714417048,0.7217262815419752,0.9421550440860826,0.23535881428696087,0.8370602303044651,1.208726627846587,0.579827265546039,0.732878160641391,0.13024171782593566,-0.08990777109451997,1
-0.1580571373955463,0.7613245495242772,0.7536766738476479,0.2890734918135115,-0.07266618665948926,0.1825674728276431,0.7150725078695965,1.1684032544516467,0.7614885258801736,-0.05152943710484448,3
0.07613035602678095,0.8758449358746373,0.893552272293993,0.27972583336075163,0.12719272240534135,0.2866396725237231,0.7385717695534237,0.9620944961831428,0.6958200549498454,0.06268161291551082,3
0.5993092272183176,0.5790664547227178,0.8668562699261274,0.5086389251819521,0.49540737761399395,0.6484227725689307,0.5395748986554232,0.5673458049827144,0.17666182467093774,0.4044251098402845,3
0.9569961397894536,0.21706921789145162,0.9462781852021518,0.4726256170430606,0.6868024906416319,0.6011878359311424,0.062232940355847616,0.6780648668531765,0.8959792401687187,0.8543456248790834,1
0.6905151497057227,0.8127030460105692,0.9549041422120784,0.5135028764938627,0.45122422326426326,0.950497449568726,0.3329269700462294,0.7408525696582875,0.596746465251996,0.4246107344348552,0
0.6871537694387658,0.2972054159177342,0.9404828344756636,-0.045720546015245056,0.8424622718954438,0.16191185751804135,0.9614390917624305,0.6266125322091554,0.6123192096208151,0.9331330389198913,0
0.17305843364629547,0.22811018672940306,0.7875958824147448,0.2147880252149752,0.7777935907583184,0.08627479534554258,0.7530289668532564,0.1047287116697374,0.31000219126405487,0.7402414170779122,0
0.5015376359317094,0.5312493356381702,0.25677312739433694,0.6786620219336094,0.7895593980044023,0.9042896931921733,0.05776205255969085,0.6243953956609305,0.9442235618837986,0.15187122947175452,0
0.1789061809294542,0.20478542505617597,0.26323503665915465,0.7943744410921642,0.941799001478774,0.30005581897456696,0.4285647549817061,0.8022460104482405,0.6310136915779275,0.2384616245916134,3
0.10637401049068597,0.8578676110964903,0.8174930122638969,0.8094436676469668,0.5355245283578857,0.7808019347536398,0.1560295549883174,0.8335218737461151,0.5777429769195496,0.6109829450434388,3
0.4651928665955933,0.03128525106349912,0.22197433581887094,0.36784772619862866,0.3031038191360045,0.5729898279721766,0.4008566313845768,0.9184029330210774,0.38772453845743143,0.07335538325464319,3
0.8696230381923322,0.8246095547272158,0.8713296740003437,0.6334932135839868,0.6096491337775463,0.8025860007095127,0.12388282607893565,0.7564464179444292,0.689112461462744,0.5113827743315478,0
0.28195701388519734,0.07429874368904935,0.9964173700003499,0.921813610687781,0.6046729061301702,0.6775971484516922,0.2807115681070767,0.17805818471092905,0.5045753858869507,0.7029796940622529,0
0.7964506225129326,0.602731379707173,0.4985562465986301,0.029580088074424065,0.5346165824240391,0.042659591022287204,0.774906947428425,1.0203615704215527,0.8337202668213148,0.8463862107278688,1
0.5337750375331882,0.059380059918467,0.9524942742830069,0.2460459994016589,0.5376973389020357,0.9959465628253239,-0.08786619940765727,0.641276685566362,1.1844533890741062,1.1278180346534799,0
0.39086891042354865,0.20183617941055124,0.6447583404473026,0.9001817854637716,0.8468667706275609,0.8747184849785254,0.5746678519598977,0.2214944434167955,0.5032936110560134,0.8138830748194418,3
0.8579178403825388,0.40985383171814105,0.7987368723784204,0.5745336467769944,0.7136028173450022,0.27976475171900456,0.7102749958590224,0.9910684731044139,1.0031234502339028,0.5219709442345589,0
1.164028356183007,0.4073306287053427,0.9437080512578051,-0.0054940865395967375,1.163325046550019,0.09890362760647525,0.260455387200337,0.7553167902033766,0.7602303161644604,0.7406334810650586,0
0.11246311643899852,0.2830925588230996,0.19553052048452274,0.6658479936476719,0.9312957355341765,0.20905085850165522,0.45376389690077173,0.8991741712040401,0.5706188102418802,0.314038692157103,3
0.3247736752247618,0.8683015345355749,0.438525221975894,0.12722426039930856,0.22814585662891826,0.9770460359018024,0.5851334388556162,0.2429142558400501,0.7845387567027995,0.635153915966482,1
0.1994698724476927,0.8122840747185149,0.7361575158375087,0.46860785383037684,0.42497998286707384,0.9889945837115547,0.055949561852694035,0.9018942942177255,0.1017324281663002,0.2818675939903759,3
0.20486502557244668,0.03294021657804316,0.8177566666703078,0.6524037097137374,1.1138165343569126,1.0619217111048338,0.3822937160837811,0.33542748092658004,0.8181909725750811,0.7416589662525317,3
-0.0626545184568128,1.3564326230459103,0.34248823596872435,0.8524714796063966,-0.024165865965627198,0.11484187246441428,0.8694134190414262,0.05731142664896102,0.6982279637984017,0.8449910346434845,0
0.4531686164219075,0.2914756403777288,1.1644145857718706,0.928444774040811,0.6036383873468365,0.923352656892918,0.2145538104687209,0.14316747435342514,0.713100261843115,0.8079977974983202,0
0.5332126718365742,0.8034467321845428,0.5337536436051671,0.35959348450794193,0.43822614202619936,0.788310734169566,0.16383073557981173,0.8143681251206244,0.34984253519128133,0.3883709804005115,2
0.07604648627080693,0.6627554871555437,0.1158044480948249,0.9859526292310062,0.07248422345390174,0.4348853478330406,0.20442291049808733,0.1819494539189593,0.4374912701422101,0.8699857798009338,1
0.5644325759609787,0.30034048769351457,0.5303416780593627,0.9024512684916222,1.0290086501185491,0.673533734963659,0.6710844057363283,0.47108756459844736,0.9872003125944755,0.27343081013868364,0
0.4763116473882788,0.6346747692575099,0.7740688388097995,1.0415407132111403,0.13289807204131923,0.06492620707743278,0.19229820446017304,0.5778019994592831,0.09492703806428195,0.225366516663937,3
0.5528490311484452,0.22220193525958926,0.18550967157475207,-0.4386832653274339,0.42672467677974923,-0.47714726655761935,0.5345980120064214,1.0286431074658053,1.2596975820730498,0.40637059746681586,1
0.932453330073183,0.1798695526821812,0.649570497483567,0.08115912658804557,0.46176420011533237,0.3451532618795664,0.11683199598944051,0.9539329949720395,0.9813921261555824,0.7753752194982202,2
0.8791648558856737,0.3246254856888723,0.7902845308025415,0.5215629150226494,0.7276971297961509,0.3322274898999,0.6948456623652555,1.0151171922020692,0.9238137499116608,0.5331029484147003,0
0.3905753879663766,0.5631162907899595,1.2809495551870649,0.9318256026123543,1.3651649011287974,0.9294544702766196,0.6479761036054611,0.1609576112935293,0.7873456925596402,0.6263736430476534,2
0.868837814355772,0.3878176182482681,0.8037241747555922,0.5680765549754196,0.7151773983095125,0.2744962171836121,0.7307630117465573,0.9786349948156526,0.9900499654067809,0.5201691112879991,0
0.6615437349595539,0.7280655125895352,1.2298799600808246,0.6094180233693804,0.7885339444377748,0.4537455550016625,0.3500336211989299,0.48912617559196003,0.21983792103439465,-0.2827000808498289,1
0.6396694073015928,0.7007674936803056,0.7961033211218566,1.0173029759452152,0.5451586083159774,0.5630765158227962,0.3454556681009986,0.12262958983728406,0.4279623360614855,-0.0944413097065285,1
0.9295758374116401,0.2430934736499441,0.9740479981290233,0.40779178985798864,0.5010759412973865,0.6352435894569678,0.16621404398241132,0.7416571789295836,0.84745815767633,0.8267313189883708,1
0.9164951697133759,0.6247287120749986,0.7805057307386593,0.19370749730918843,0.5266891133727458,0.47736368807496843,0.34118160626512745,0.4842586062991951,0.5257442917248115,0.6375845411246724,2
0.9186801774235059,0.2700650402569098,0.9396865153338028,0.44533484715366217,0.5294235768725791,0.6536745804928029,0.20596216716550433,0.7009112292535594,0.8488442017181493,0.8342892721815693,1
1.0857415199669536,0.6184635682727041,0.7512125423376906,0.5893502846317615,0.404726425517413,0.37482561171241185,1.2009645039624042,0.36566902612398616,0.12114696132860447,0.33601496593996044,0
0.6127073552648947,0.04277233113893785,0.8143741268913892,0.8456218602283293,0.4941189289461014,0.7700419568490584,0.0946506296532533,0.17396816227485162,0.6544387067461694,0.540664765147444,0
0.9521761763288683,0.30268706517079114,0.9754781867208868,0.5055651795062881,0.5556019539956317,0.6136917438845193,0.27531978020324976,0.6663275420734203,0.7768688122404329,0.8386248056962274,1
0.5259329604642058,0.00445017181193913,0.47287911117096904,0.12262240839025884,0.022975132350542382,-0.01591749622612748,1.0625068961921829,0.42673074568487596,0.44262051345678266,0.46925917732397787,0
0.7642016201102612,0.558084506913996,0.7316686954968363,0.3877397909292367,0.6050551748590883,1.211800759953606,0.4471467744184443,1.2208223537866911,0.3042714346985047,0.17899563551032338,1
1.1151144990916204,0.3020736307783661,0.08851917527274406,0.0051910331330147635,0.33954973824373735,0.38754265094500456,0.865551350192689,0.7714704730129608,0.3578265151941944,1.0646303514237185,1
0.7521543739016949,0.7892301165141153,1.315510378634839,1.1233703053628232,0.21828821250122127,0.7054902568995033,0.13006755590501545,0.8509237130685592,0.4022876171414991,0.37731918398690595,1
0.6070065838752841,-0.5026313154200551,0.9012525904877582,0.7145004025828393,0.8218145630261118,-0.17184975473935019,0.9481701036980212,1.326772438745285,0.47243361143694784,-0.1957045823108885,0
0.20628026007515893,-0.320456952488062,0.14166574178753916,0.720862349730087,0.42052368120080863,0.15474337576528974,-0.08288974937049925,0.8221140180367802,0.8467084843904148,0.26714030192265686,0
0.10633847005484852,0.853844690655131,0.8166817465207796,0.8083313984792285,0.5313671007550127,0.7798682815489405,0.15301545329231203,0.8346950875690995,0.5757886934973919,0.6055432383939712,3
0.30807020305592137,0.791507131692234,1.0097359708251117,0.447308972943363,0.9948753647202465,0.8901557645553642,0.9064186640203603,0.6048958457144313,0.7828520943809714,0.8691642819532199,2
0.8767365922368969,0.37787971558425415,0.8107429915165447,0.5760698375799433,0.7136797274383145,0.26707881319514454,0.7287125785925881,0.9851099947283559,0.9985449137286413,0.5288137930071097,0
0.24297164874717622,-0.1445596343695212,1.1055537903278185,0.6524416130365023,0.5498889301145674,0.8688628983569915,0.19464229944553332,-0.021221857153165366,0.7278238302627532,0.8039957538335661,0
0.10038945349349916,0.8419907297585283,0.8092946079434084,0.8071901289674048,0.5340525519107241,0.7788917764151242,0.14261459353647962,0.8311842386326846,0.5750850158356478,0.6007427632283716,3
0.3255156343520588,0.0831549348204682,0.6741207335786259,0.9215311163141429,0.7678707705123612,0.8421467125007812,0.4979498651237476,0.22704976108251,0.5033057346072227,0.7489616277186442,3
0.2866016339090244,0.7101458860988339,0.05903906659705527,0.2991565755590428,0.13539581477942003,0.5092607642010542,0.5753179294259225,0.19360871239416458,1.06796377958959,-0.08640248015816547,1
0.5310542318998331,0.8023518978968781,0.5308922645442767,0.36444030213635176,0.43647484979707524,0.7944050473205329,0.15390100350188615,0.8210304981953567,0.3495084493719058,0.3866171663464654,2
-0.011205297504095954,0.08156879148439419,0.6415720934819652,0.2891806889401386,0.04837164042804698,0.20251331417788257,0.5716218562841856,0.20810629970525138,0.7042583803131058,0.7940330142066595,0
0.15040115713501578,0.7262887198423716,0.8688933616630182,0.3719898375850985,-0.026229495752668988,0.05289477719740471,0.7800681198707594,1.3315545456043154,0.7005848085133927,0.49144321186624074,3
0.13004443694051307,0.1845027386349828,0.2788208819693571,0.730110593404796,0.8782628773612937,0.2501754831940151,0.4486134552133476,0.8308330604156221,0.6475913329216826,0.27825112781413475,3
0.5342846874249328,0.8041007594191432,0.5338350681507911,0.36109379829496313,0.43796587626937833,0.7882959529961752,0.1618265595339535,0.8147168745239335,0.3485406867276021,0.3888995538844581,2
0.5425640841630561,0.4783034034570186,0.7035498357448691,0.2741571326149799,0.5277887617201236,0.695799025963304,0.8545040751179741,0.30980300980822284,0.07823887013751353,0.2328094479749987,3
0.8789459840756902,0.3921324230659798,0.6253384704516541,0.06180130966694716,1.1852392318786078,0.49290324603987967,0.5590218655313606,1.0458432474962613,0.7921216842896149,0.7227253356046652,0
1.1371430463280188,0.8103336339437917,0.648100689475461,0.8350003083240953,0.7874802059591497,0.7791602440207374,0.36706108179035535,0.7909672362521571,0.5146871563675718,0.47747743323413633,0
0.4552800695563,0.6166625583766673,0.8589709346482299,0.9597683414588167,0.20791861967769612,0.1788896393438233,0.2907343065552531,0.6440484881277571,0.1478893842073843,0.2055634860121894,3
0.17239751718060792,0.21597396580377556,0.8271302291831919,0.19621989895235958,0.7640197589790579,0.08826220138907219,0.7741925836115198,0.07833680178181801,0.27847742243775614,0.7692930119617704,0
0.3853611048646884,0.21574611829250717,0.37165629696291874,0.6386650332685097,0.2706990001716278,0.23684250312023253,1.0622931872967136,0.08981763293962666,0.7801623299580805,0.2271024572865961,3
0.5366578853420261,0.8063503583130338,0.5318122346361759,0.3591622811034495,0.4418903743428354,0.7880324713704362,0.16002139260763643,0.814612423610763,0.34864576460326613,0.3885225290370673,2
0.5029382927266194,0.547275488100365,0.6590547822036554,0.9185105805168983,0.4111809830133711,-0.03388459362820051,0.5623817768389158,1.2587284323328891,0.5134934213748757,0.7237392588785192,2
0.7713343464778717,0.978666203038609,1.266965677868245,0.43836350103845506,0.6357471274105703,0.9760142453856862,-0.3061846395084084,0.8434781472457122,0.7891204038577322,0.8443867614241729,0
1.0982585143550636,0.34834660112253524,0.5611966025626176,1.0669009035698582,0.5224212795406272,0.6771163493894163,0.8987013265053714,0.7814955332868924,0.8503417894360076,0.6248682595200972,0
0.11786924546351084,0.4678437559285157,0.3118438060963592,0.9532052493898215,0.596804257029936,0.7801694657891936,0.357288530002433,0.07598452405247523,0.17023057957203222,0.05607754870224167,1
1.201119211489007,0.9571557346295323,0.25855963070304877,-0.06959342278794009,0.5658780660590935,1.1612061302948586,0.33843744525161373,0.6995611913468615,0.010687044916246807,0.04966204328157518,1
0.1919491063739437,0.956340340682524,0.699904735626749,0.36124157560778114,0.2819297979145694,0.00659786340759172,1.136321513686343,0.9606628717777141,0.6517351064988224,1.3153887236055772,2
0.7733486947000812,0.4740484002241854,0.7556971619770682,-0.01642079196336929,0.5586678860456397,0.6274630137634164,0.23257246265758524,1.2909796295602343,0.32609777729690137,0.0835412001493053,1
0.8782292347056619,0.40834903165085973,0.8467755529018755,0.607642452514621,0.7227760895406047,0.30968443865576617,0.7025486888529381,0.9874226700246906,0.9593650595517568,0.5931314363175131,0
0.17714569793142376,0.1722633082729831,0.31320523036634673,0.9318441260194257,0.23347156452217463,0.23313402752037804,0.19205651263869877,0.3259550200068949,-0.08667213070203722,0.45646366551752326,3
0.5248988302769348,0.8006248139174977,0.5345482234487624,0.36529142025757283,0.44690192300795406,0.7827009610730251,0.16868236086259464,0.8064756738576349,0.3476771716479238,0.3968067083453748,2
0.2130536158950876,0.886438030397098,0.9772747405307,0.5438662151206738,0.9004392995527416,0.9414731229487638,0.9590066931675644,0.5027277914210008,0.7350196087256147,0.8234150350301083,2
0.8688495608785106,0.5749462924586194,0.7043484625331445,0.21960611922180678,0.600709771898064,0.8806677261373402,0.5392614929609103,0.9606747858695451,0.2303454833776572,0.18048465784848366,1
0.29338650436783587,0.11172981406370697,0.604611165952449,0.9046172844745417,0.7441883867938448,0.8811760147838259,0.549963077062993,0.21184539978184866,0.5124847455993531,0.7885420714201509,3
0.2740368180110972,1.0130059091447823,0.4319723149101617,0.006273421436528995,0.18672980060872357,0.9242516472803036,0.547706142038209,0.22464338237839065,0.8020875214966358,0.5315597494762835,1
0.10708135873385385,0.8549044284800734,0.8281457921507459,0.8174392228079461,0.5294842549262998,0.7826229098335994,0.1608145802897116,0.8296695671233428,0.5826823123014236,0.5992936010939957,3
0.7305261423212246,0.015429226819439451,1.1262323353374857,0.643523556291266,0.569205619427465,0.333145752486263,0.7120798211188649,0.49915181497435634,0.21813386289177222,1.145022827901934,0
0.7963388447721756,0.4092301772688548,0.8793448183120632,0.4052547476213302,0.11268420310139363,0.4564907174045286,0.8614875786359999,0.6416158519537376,0.3210794011479304,0.11321001847988223,0
0.389067803086536,0.9467841923036514,0.9977897714561635,0.6651782962346839,0.6963776346837907,0.7941385462081878,1.0443150209620555,0.36123781232957836,0.920201804587628,0.7889077658212797,2
0.4470187588034482,0.07055029806181,0.93051623349442,0.8527084110335679,0.4788438838844027,0.773189674429207,0.2044438889508821,0.08226409553788389,0.5841649383774686,0.6015110135257884,0
0.8749301103737215,0.374209208267919,0.8052069401164174,0.5592910358837183,0.7292355771648654,0.26519883295111146,0.724160194085909,0.9702736169648073,1.0036349570919123,0.5309778694108437,0
0.444445877477174,0.03583549299026281,0.9523296192414468,0.8317692321626691,0.4655198359935937,0.7982065216389227,0.2092433256827457,0.07767889808116576,0.6309612852648818,0.590225919069313,0
-0.026795142065083828,1.1744621487752518,0.8494612375806201,0.6194750637008576,0.3248064445301687,0.5276067826305777,0.7764583048133209,1.0393333160209546,0.6062722378761504,0.4248272108823489,3
0.02764460874187713,0.6179726530176954,0.27883915603922227,-0.05746166195511848,0.25612845972265463,0.5536371820476981,0.946463225399495,0.12402987171137925,0.6764967484047057,0.217384986382699,1
1.2680011893016365,0.17002261898914264,1.3874472526918886,0.26784428169723307,0.001686121925128417,0.31747137468267783,0.2857011916591975,0.911002359531028,-0.201340186354513,0.6298757785684682,0
1.4355660944031703,-0.15529903082831698,0.11796030427575871,0.29283603368148103,0.16668040147711588,1.1161390589719509,0.4112889872962152,0.3343205341845189,0.5684117007108662,-0.09403401929333849,1
0.5328897002123946,0.8072223140469992,0.5308090903547337,0.3648697321481948,0.4369798754557223,0.7911880690352019,0.1623066409967864,0.8132958366116001,0.3474471306643908,0.3901267131359056,2
0.5235187104802896,0.19150525530832418,0.5421622737052831,0.4629623800887137,0.7429312696544047,0.523334862389935,0.025933148161445076,0.4890460887549095,0.3885456757283543,0.7262369429323736,0
0.36269436647778,0.04762352100739245,0.7013414059166512,0.2028922234172682,0.982983221133821,0.039216437022185247,0.6377076150776774,0.8767595798723006,0.7863266941901993,0.14135330106627067,0
0.9592587613063989,0.6330573859373523,0.8450140867549671,0.3094780226548687,0.6253356911192992,0.5391136936961505,0.3894648442910092,0.49169259755262057,0.36369021874196106,0.665108387136371,2
0.4010342133655844,0.5880435869181511,0.15707653126427878,0.7356571139856326,0.7608369027842617,0.9690811416402921,-0.005503903291534374,0.7097977507041986,0.9711193211463883,0.22895481607613527,0
0.21493615510258735,0.9975002743716171,0.8591353938985646,0.5299057196919175,0.4569590776854989,0.938407405400387,0.1487589814396834,0.9550701657176955,0.04446262306163299,0.2359899254881599,3
0.2981478837500871,0.6573915136757829,1.0685637748586452,0.5931714217377654,0.2911767877849176,0.5898279086538026,0.07171204360945305,0.1950017934224545,0.3081987203656668,0.9446142214102118,3
0.30968881030383016,0.08844520864682583,0.665508363942725,0.8202185997341456,0.7783763684317658,0.8845192240511479,0.5456859770349766,0.17074306479530865,0.5081337282858622,0.6826746839577023,3
1.0587612258882355,0.09494785045852416,0.6996619733770191,0.6562470913093182,0.21288054508316326,-0.07650388620089063,0.4302288019336039,1.1593179428087672,0.2927191881032475,0.5018691075371635,2
0.4433455248865395,0.04754245568718352,0.8884692786340099,0.8747827432138748,0.42131272952464605,0.7441214761409274,0.33520630701906107,0.15252170398696432,0.5227565413124329,0.5423772721459315,0
0.6017462239450522,0.613651530660002,-0.04910351082378106,0.340629066835904,1.0879315163091288,0.9606710061435902,0.7133121613243895,0.433548314911646,0.7111756480982226,-0.3215804046872487,1
0.8384411142668025,0.17102874992668474,0.6805586131596252,0.08178703320871666,0.4938263282992976,0.4150875338112782,0.2295693430891992,0.9586361020433553,0.8937312271507807,0.8299239464990533,2
0.11684283402171786,0.17244072293878504,0.28040469945282187,0.7372608594788219,0.8900402801143718,0.23816442784483788,0.4508152337526853,0.8449591441582487,0.6565158382134729,0.2951679338808498,3
0.009500760150206955,0.28813957610514146,0.9058631234857782,0.4559937874009612,0.4330630665026471,1.1168777508115686,-0.10515777901096052,-0.22788809054492137,0.32533706206123303,0.4503045958655283,3
0.03534781663234507,0.24931321845711846,0.2708470772404457,0.19448118344843002,0.9930019750009889,0.45717397856893827,0.2996893221937418,0.9437966890689768,0.849201413920893,0.6221164443832271,2
0.4989530096300468,0.035650977607680386,0.9622348357664466,0.8530901341847842,0.440285819270151,0.7239348711291625,0.2148106173427538,0.11264022984442337,0.637307271129395,0.6042519030288235,0
1.0983582227754547,0.07883281191023589,0.6062304313563504,0.7835702308672363,0.26480293795606247,0.28847244444978404,0.505298269231589,0.827117762620736,0.7575666751873225,0.36607493453257967,2
0.7067453473546663,0.5444320010484661,0.6564351035984798,0.2957004522205615,0.26551919474354313,0.4457563126096932,1.0036614037522407,0.4748953874343654,0.7058622859613449,0.8509510663980576,2
0.16930331152776845,0.6484084177891151,0.4274741460958821,0.07045310615249699,1.0007806235314025,0.44273136576307964,1.011876185339019,0.5111497036702193,0.1205090342869278,0.7831335330549415,2
0.9780227133297962,0.45886282893298486,0.23993180582953177,0.7809960549294128,1.4702041886588084,0.5513404826477849,-0.013122550371257147,0.7313225442027955,0.5056473749562074,1.0951662636991908,1
0.7757291380260252,0.6286162710676167,0.4686225227451514,0.09942513906639291,0.506257383186977,0.009761402569475386,0.8210332848158375,0.9627455781567692,0.7733459737682914,0.8393776154827954,1
0.5393661759032544,0.2717659756465598,0.08657933701865815,0.9768331798849801,0.43455722386272505,0.7829317167071271,0.9835722306155597,0.6618663661253518,0.5110258569141627,0.01306810215113322,1
0.6767654553934986,0.9260772141680887,0.1038078350574424,0.464034838626348,0.5770710374598955,0.33062786498842145,0.32576085634121543,0.048195325655476184,0.5671649056811717,-0.12331536102253032,0
0.23549549576238837,0.2693638440943409,0.3210973653384072,0.12664102222420087,0.471886643561118,0.7448357187355931,0.27220100278065235,0.020460058708199343,0.6868454348170503,0.7914035385604207,2
0.9316657163709108,0.5070613283605243,0.7135444120503506,0.19085468388360644,0.6446462470765624,0.9467568650336396,0.4521550503321318,0.9888904610821497,0.29230513423090265,0.17615746256882128,1
0.8035717544946352,0.7802227092405584,0.8400769861985571,0.62065604517005,0.5739965657541412,0.7711054579547897,0.0542665949670372,0.7608346022625578,0.6924287734653174,0.5546392746537679,0
0.6849347800194917,0.8298145448088682,0.14305223882119422,0.7505079651017297,0.47660835289861664,0.41378660806143713,0.5864362019167156,0.10162442575794794,0.5266831759117329,-0.0026608602911129663,0
0.4419224062950391,0.0030469946044278584,0.19678894238343722,0.3137571704721327,0.5298470580974781,0.7898123909669515,0.215874030503458,1.2206385168935532,0.2544584554684884,-0.0785389415451706,3
0.14302504755017736,0.20670591959877638,0.27239771525248735,0.7122376180892566,0.8775689385072885,0.25651603507205806,0.44137307054920016,0.815029770610818,0.6392863407792253,0.2768896915313834,3
0.7392304138022301,0.3297155765543679,0.8431322334504623,0.44748192248559643,0.03376470501487778,0.4616851585755608,0.7921178000117249,0.6152684729352929,0.34713778361984204,0.19309075755210045,0
0.14728214797850736,0.6591315759386644,0.29726294230164396,0.5368771860313031,0.5064372257553278,0.8151539771541398,0.5555567435945523,0.021371801488958106,1.0016629120526206,0.209932373571736,0
0.1926518412464589,0.7636095906948285,0.2654949432294396,0.6106734584545301,0.4139809166811831,0.9036562503617489,0.6191900019117885,-0.06509026764446052,0.9859786274312973,0.26251698770134735,0
0.3696140564053906,0.05052486702747115,0.7140750825295297,0.24777704562086617,0.9550035853740415,0.057914871160721346,0.7232249553877453,0.7786126341768951,0.939733511960031,0.2882408640724293,0
0.8909622007986235,0.41335818215774767,0.7832296496700532,0.6116732017980904,0.6711669883461268,0.2587297201322183,0.7314525159887166,1.0052679002545777,1.0045174425184662,0.5649135762667473,0
-0.4768013918891211,0.6147121621455299,1.1171970770211677,0.3476752830332342,1.4526907173675512,1.2481719833128748,1.3541959784737485,1.0594774147432213,0.26389896161933757,1.091589280326872,2
0.533685682484232,0.8042544579727513,0.5339075828091421,0.3606708899409793,0.43875974564167014,0.7882056241557786,0.16283544599976954,0.8154309704355116,0.3496192319533074,0.38892099875701164,2
0.9140006063634318,0.2645201797482507,0.5774766735573167,0.6518093367111918,0.10248098799891586,0.13537108270995352,0.3414578268981671,0.9523117532919009,0.5544854369291422,0.626325027748105,2
1.1391804220389397,0.20380383700013288,0.9166543285616786,0.42216138446910556,0.5550990341103499,0.5018640988003644,0.41056645493619126,0.745135555460911,0.8269242873558141,0.9475058149326216,1
0.8398651520388918,0.1534047505598902,0.6458335745752483,0.08862164479628941,0.5294071116380947,0.38556260604338943,0.2046121860520538,0.9291150629204208,0.937988407558842,0.8229376578999219,2
0.761003676937472,-0.05254018459675236,0.8745060525148857,0.7155329114332595,0.20535748831869427,0.9264378833842307,0.09522335639979931,0.5863244650869168,0.7527442559686696,0.4642419336500791,1
0.8292933312652147,0.4043804452880414,0.061960006332768325,0.5549815607099344,0.46404761566563724,-0.1228374177497572,1.0803907834216844,0.6767944432810609,-0.32144017744971076,-0.03347279125106606,3
0.6305471273743612,0.09948433431843466,0.6334652148996789,0.47455084259551866,0.7245280595965041,0.6624020609870691,-0.024216013551711546,0.6306783115439238,0.5116165312976395,0.7227188670091235,0
0.5473408138869463,0.3040919266343331,0.050740378525668504,0.9870068570394703,0.45725981366954555,0.7625680201412642,0.972636662842338,0.6882936755274492,0.5456106866181946,0.042213849909590956,1
0.8328838794754536,0.1973609708565531,0.5437444552986307,0.5435926896111404,0.15022966459835357,0.10612332178292179,0.25238361246450985,0.9103806733467055,0.5376365178885172,0.6165200134632499,2
0.25505625452244873,0.140629385702759,0.7156693796866698,0.18549494155309437,0.988874231467057,-0.1686881678226314,0.764937462390558,1.0392340189213696,0.9660192157782826,0.15146305162260484,0
1.1412625930516391,0.4517578209279641,0.3093226459408368,1.2944018772015031,0.8094645437261492,0.402113559866807,1.3824983726564428,0.4494277429218286,1.2137338889405864,0.7175095567951049,0
0.9356863109030114,0.2010281116411417,0.5044100411355477,0.49584837765164047,0.10356774054103668,0.11498317145770863,0.30994446349703536,1.0463486675103142,0.4732622364114191,0.625100688101586,2
0.11422895620095481,0.8526643641457462,0.8288730164785328,0.8197817421960681,0.5298228491671705,0.777387710341045,0.1408069280631254,0.8254083092375261,0.5860213877624934,0.5951366359510258,3
0.1664111490211146,0.2079555552137756,0.33128921917990667,0.6693012010555492,0.8884925680006966,0.296979226302049,0.4115993269786413,0.7949820979770306,0.6079086237370533,0.31106728227801433,3
0.8699465030863056,0.3249911480713061,0.9189073217755594,0.4968922261509646,0.5022196818071902,0.7023389554912032,0.22789323738669337,0.6657279051918453,0.8151620723395012,0.8945820042870866,1
-0.008120174181141375,0.06071917038074886,0.6410930341913539,0.27663883033618364,0.02212026053738453,0.25336332013591223,0.5675958112427039,0.2508719239120079,0.6456359003873745,0.7610857182400766,0
0.8569665806386277,0.16580013753768963,0.4620632004752192,0.4989201295082576,0.009362203836322802,0.48459792603098667,1.0079096909764818,0.3989919356121575,1.0054699647570942,0.7792127449228406,2
0.4159729882818042,-0.008231046048615333,0.9357578762229084,0.9705090801342897,0.4460672827718447,0.7652247073597126,0.24238430813197748,0.06736619801809621,0.6344380847358625,0.6498862682330008,0
0.3816496553530989,0.7369527186612842,0.11092857342449138,0.5092432821466055,0.34219285528867655,0.2999368297425996,0.8158034014961294,-0.05136349011659033,0.928646753396508,-0.12088302871433118,1
0.9035348375759658,0.4151020120767856,0.9495432290625624,0.11363972008857293,0.9536385637143058,0.49319508732842116,0.7103455379842815,0.9502924053259966,0.7834857594960138,0.5047338050093386,0
0.5733031544430863,1.157310729668556,0.8916936119952751,0.09890224082778182,0.2705670233590137,0.49405954635771243,0.5205716617553687,0.6369035178813381,-0.28324245388361785,0.4266438043232761,3
0.42793260547287454,0.23929726936792772,0.5859361805943663,0.9806108716463049,0.6648003579420056,0.9108807719952084,0.49260312233054393,0.08886178891353386,0.5740586432839975,0.7509074511880031,3
0.837861151528654,1.0820808665562813,0.6105067249061725,0.9727998271282774,0.7803796146840661,1.9139501199596523,0.391337910400108,-0.3181296333513366,1.7305327416526395,0.9364934058982528,2
0.839270076500494,0.7478605417462589,0.7812926774895962,0.7957561750556447,0.7092164348862101,0.9369324490195907,-0.15193312257522124,0.9283904842129707,0.4896086448766285,0.4504272888729718,0
0.8001694825593056,0.2354892057609557,0.9808581414651186,0.5668474234748917,0.5161798084632538,0.7669641770125882,0.17459152005566858,0.7708499550389475,0.7701241811342228,0.9157326656975375,1
-0.08058440127780338,0.929304039283323,0.7703237950145206,0.4433578674748394,-0.018225874674483084,0.31375504917829894,0.7386340812345837,0.8175084090921656,0.636759079137555,0.12023632626580023,3
0.7829835547263588,0.6367708057803823,0.504259642416961,0.04298247775581824,0.5325592924789255,0.015929975046193492,0.8019905490367708,0.9883161182470989,0.7972600050551049,0.8035507100848697,1
0.2790594146095703,0.9046457245234255,0.33551576937916455,0.7495528474164851,0.8321087763136411,0.20593992105864933,0.8112996254436493,0.9140912828588121,0.27109416166205397,0.34435255091581046,2
0.8632315733287068,0.9251558775004265,0.8473327677988838,0.7265168347913443,0.6677022213257384,0.7938969371662271,0.12618262204162067,0.6783065640304013,0.6914430059924982,0.4963040576441502,0
0.2827146285408283,0.8979447955891895,0.35915023573891747,0.7719263031410956,0.8309535604132732,0.26315426584139673,0.8350011759291746,1.0071971074399229,0.23378089945544453,0.390391651511494,2
0.5319814947599975,0.41232590013236314,0.25558846916884936,-0.1899822932203729,-0.012826989144275283,0.4020400975165472,1.0799612752381957,0.5759916259131086,1.2415998123126997,0.2418186585453045,1
0.31021987184108585,0.1377602447408683,0.6317528589766508,0.854099103965047,0.7266393333112057,0.8732361981662393,0.5091914878246513,0.2489910738297628,0.5109855298846053,0.7108888978671007,3
0.8734695696797362,0.40882367068657965,0.8244446452732552,0.5702171858077888,0.7405086028833539,0.26134520054272015,0.7543766153533248,1.0012868487106532,0.9757165680087508,0.5272485936443263,0
0.5509098540432527,0.20613099860874118,0.4352056686500165,0.8687198082057009,0.8052104037907245,0.809281144284794,0.3374045980250629,-0.04516112577489234,0.6177877353984826,0.9734304968411799,3
0.8541061021676848,0.33951658017766767,0.7923922554021566,0.43394890785541773,0.020625332270069754,0.3437934015997836,0.8127695767757166,0.687939308938849,0.31850768394015266,0.1328759229247542,0
-0.041735674916353285,0.8970775791091777,0.9815192721648421,0.512835111440165,0.2624583761107455,0.3948727810752113,0.5836611968338676,1.0629642520375637,0.5298324235069904,0.0924685700417888,3
0.7108265086605398,0.2529778571124521,0.8840432207466978,0.34753397331947533,0.12798808432685047,0.4409024212253396,0.9490597409859548,0.6626499093103603,0.11016007534388031,0.20412339746734232,0
0.6505140124873157,0.8886854104634913,0.2515853855563125,-0.046252333954453634,0.6575005318649416,0.8186462962897589,0.8813831384517737,0.6334442064397778,0.09294938782426124,-0.21000700072441758,1
0.06585507300052704,0.3004445018076579,0.33752329732399955,0.2818421676842367,0.9658146549346727,0.5666528256986728,0.22313800421532276,0.8619855177049063,0.8343291575386841,0.5608405593579806,2
0.688197066431001,0.6355532510119455,0.8911288978019278,0.46577409180695317,1.2042636240225322,0.7447434699517823,0.5714436423625019,0.7827923530515575,0.48072384702241727,0.7930097379274041,0
0.9555263159242942,0.2842616525797293,0.7896025938478652,0.11933502116208694,1.0384432383945337,0.28484853258737175,0.5779452578716484,0.7413412246268662,0.7898726352505712,0.7469774369187898,0
0.620963066718202,0.527585860990284,0.8360090246397661,0.46192498660205333,0.41474683160429904,0.7671227695751849,0.6875520147643044,0.7115774862898584,0.08388157787825641,0.4905762889682068,3
0.9553913102854423,0.326744894393597,0.384292722294207,0.9864209251931801,0.613664261605679,0.545267475787097,0.9616844759258484,0.6634353335142088,0.9419418603920633,0.495854019037502,0
0.32597063511107205,0.6078261337483852,0.7548788922064543,0.7137117002643123,0.6176304224055433,0.36160623728248487,0.3878493018662766,0.46150207425246825,0.26276988188363926,0.2558076182574805,1
0.33718810552261447,0.11941005465184956,0.37763018347867644,0.1456592126460947,0.37139382068849935,0.6311478718483895,0.5865578001377398,0.043531187938023214,0.6672856953308457,0.7277089202918073,0
1.0723196254430434,0.5973755898944743,1.4429698169747356,-0.4156450178085903,0.6685991584965316,0.2335743883497356,1.6848184305597023,0.8030436311790163,-0.24990707113050237,0.0709610222014879,0
-0.2623638806410926,1.321065034786717,0.7067147073974172,1.4083694596300567,0.2150471870052728,0.8072377815879307,1.09792111443793,0.9841269818807632,0.36897129073551477,0.7819174956637499,1
0.8351137990104406,0.41790590838462893,0.8098113487224202,0.11411782627445005,0.6705019118698557,0.6863075908162033,0.5598803468539504,0.8989877248901721,0.12752161980064394,0.09844063106396275,1
-0.048992900719384766,0.9494255774398962,0.8741117933116395,0.4185268680639147,0.1515221887636488,0.4068998755545811,0.8521863049576417,0.916997396307584,0.7560397743878494,0.0918622208720875,3
0.12553586444415088,0.8426059541440609,0.7982533690283442,0.8338497132711957,0.555835914703246,0.7803342307948393,0.1483494811092984,0.8382329040267319,0.5645056061478394,0.6324866127461313,3
0.8912255378942623,0.3675466466557798,0.817052560973102,0.592223846635961,0.7084314005186575,0.3048205361061066,0.7035784218382066,0.9995675941444642,0.9892840125567638,0.5027048937506109,0
0.49865443002782917,0.6886656403394545,0.7624290883543814,0.8860211695783713,0.627703903362856,0.39840105355527783,0.4046965964158882,0.4235791494326493,0.21037878276258448,0.03393551043213122,1
0.47571470395125826,0.052157497530811114,0.9512301571754496,0.8660159442928158,0.4568472434857587,0.7648039139710626,0.24828310897846165,0.09966705209567549,0.6077713251835994,0.6201545634592015,0
0.8705793221272106,0.3890515986637116,0.800214582040983,0.5687434963570706,0.7093093125111365,0.27971528384654737,0.7341455502815504,0.9859376703569408,0.9966007620672522,0.5178843815262004,0
0.417083902001422,-0.03785129079603447,0.0672598834111704,0.7614049354201367,1.2827337295818533,-0.468266616542218,-0.05693324274309697,0.19162935774595868,0.7843221307050738,-0.4030365795252563,0
0.6291684327286996,-0.06665309412498548,0.9857050667726172,0.8695049617157051,0.31465859521318024,0.660212689197215,0.41570790772951094,0.25929013388842914,0.5637825657911042,0.6036935972230839,0
0.4846864232204011,0.0695226855285371,1.009626896788898,0.7800696996198363,0.397484045577365,0.6879119802109523,0.2770469730449407,0.1856715441335673,0.5727540981265471,0.6566931596217135,0
0.1982254940430544,0.9002286841071753,0.8564061469579681,0.5288373380676359,0.9644510149624539,1.0762782948814733,1.0007703003508448,0.6270390407465855,0.7833808973709234,0.8840991931785694,2
0.843151448685857,0.1780703187515881,0.5320642139588343,0.5517351189671209,0.1769745618271443,0.12638810078404042,0.27900106550389875,0.9246997295602758,0.5426130651144042,0.6178375277600112,2
0.7365446025625793,0.4028341274538377,0.5346920650196014,0.48781108555418684,1.295785318591299,0.12824923833161483,0.4922437038520219,0.4436922408398119,0.4066037281035796,0.8773444603641086,0
-0.08191061032661545,0.1323457190480104,0.10950448005954443,0.07188670737379305,-0.02594657942224808,-0.29329187590852124,0.26945472267638026,0.3204529960827517,0.28595385421024044,-0.6602225209247093,1
0.48026575107223984,0.04597956347720117,0.9532228410648689,0.8649087449768453,0.4621013342565616,0.7571117249433136,0.2590140289481701,0.11036895428354687,0.5968355592807013,0.6199148861272258,0
0.8618210592072383,0.93645222918686,0.5509113055168593,0.32235141791237815,0.7942393418024728,0.22798381635218806,0.04894340806528985,0.6464099268506507,0.15262767819747236,0.478074766320378,2
0.8637006561244303,0.3800331907357173,0.804356570779548,0.5705739345507196,0.7094558650661918,0.263615404497965,0.7184568557762105,0.9716726452184522,0.9920260652562427,0.5323160353994477,0
0.05717958313278225,0.6620245836680044,0.325922725198511,0.538524620856013,0.12929596773785446,0.7987818527812642,0.45275914571358,0.577215703104393,0.1463887423015178,0.7770715407645368,1
0.8810097545802382,0.39013762459584883,0.8026689715877294,0.5782337584259616,0.7196628506644359,0.2711322654468771,0.7285946317521645,0.9903907958626927,0.9976599110925166,0.5113916021723848,0
0.8832231358500755,0.2603815634973208,0.9740814018957724,0.4067765795035393,0.5685909021785559,0.6333641695379351,0.20498746893040462,0.6626987449316092,0.8888223232616982,0.7990745240149226,1
0.9273451407349929,0.3267190665590946,0.9054106542190791,0.3576540290095284,0.5470539414532016,0.6637648385591159,0.18346322504966528,0.6264771817292752,0.8862316074756875,0.7930323990410659,1
0.6699765538393719,0.9984415053221274,1.0512237109186886,0.7803509445694622,0.48539406778314964,0.8524233921215849,0.29020497517582267,0.6071539298523292,0.8442388875358231,0.5530670217546414,0
0.9406352094957963,0.456042265069314,0.5482118226770897,1.0256567109164005,0.7483277383480126,0.4987989295827181,1.1041037274240848,0.5578589922703112,0.9684884750527325,0.3338808060085092,0
0.5397363666088968,0.3675457187965976,0.6443004085011652,1.3926108849927403,0.38664436892215265,0.049544144925090516,0.04302887983857173,0.4769344602447909,-0.10788558752092198,0.10498254216712777,1
0.7428937371039304,0.7276429600253653,0.05327422448111689,0.6836871034445853,0.5279924603757304,0.4232322377413536,0.48037137082802284,-0.031150291400237493,0.5278775805376508,0.0677966730533426,0
-0.10584265635327372,0.6027586296400036,0.7300053984115276,-0.27377416647682234,-0.14726243906704228,1.2889692158883124,0.16429065823900518,-0.08889295681985881,0.6448268093704856,0.15404324981951378,1
0.0885520004697492,1.1187669363487647,1.5912342790810783,0.38972708639487824,0.2212418073118452,1.0945325419497158,0.4764359920346881,0.16511306955139682,0.4905211385826702,-0.35075968408359104,0
0.09100813155827481,0.4145918662408159,0.36573142136293546,0.0841429817793334,0.9291505322006497,0.5044182760168523,0.8845185468103683,0.38108574739920026,0.29949069487034385,0.7093313221751446,2
1.0376104855106938,0.545653025136511,0.16337164270383922,0.6666375357852369,0.1232629787098139,0.9345552145569561,0.8924450219808283,0.26779270892488233,0.4340367501383523,0.5164716393616926,1
0.7408089746285333,0.8560092697122073,0.8608675829475153,0.8815129366274257,0.6627064277629634,0.5623023861406912,0.4410191967389173,0.48450596231284554,0.016477408364603208,0.1674515909329884,1
-0.03455245617796848,0.6961689962408243,0.13783909622160503,0.8710830197260565,-0.010686019540335559,0.4698346863225462,0.3059280881220023,0.2125682768971076,0.5146272878713452,0.9918250088160322,1
0.15731204247560027,0.5995659258094729,0.039800352955725954,0.24830132262299398,0.08652980478830656,0.5111111322120107,0.6994126918919435,0.15300034005887944,0.979516324363188,0.039409434516285896,1
0.9841925838602923,0.7773935614242947,1.0672616191389266,0.7367653614089481,0.5657823089955283,0.6982211166025664,0.05969625591294023,0.6216859616126795,0.6683530860338436,0.625242352121889,0
0.7947280293855028,0.8050626514646531,0.8872157536887028,0.5921079519780492,0.5731593910495955,0.7838870369505327,0.07454899502782468,0.8254514872343363,0.7055641908574374,0.5161282812842712,0
0.5913146756660638,0.3085808091901081,0.04993107186089762,0.9807367540424974,0.44294119478987526,0.7646019119860602,1.0135465506887722,0.6206837937570773,0.48646902761363675,-0.00823385415959622,1
0.7961673266136193,0.09024716051161397,0.23079131118050777,1.1270779454932267,0.4233699094313405,-0.5056902171864274,-0.19715168281599083,1.1208974390517363,-0.7041767244877413,-0.564447644900755,3
0.3474707878546454,0.8153421175192082,0.5686520244022228,0.48327137221304395,-0.04806593116287816,0.5052990921048315,0.18752746662659958,0.719781888235286,-0.025468050440070444,0.24345403813187882,3
0.11811087512193331,0.23780547006050862,0.24884378659543194,0.75799618029268,0.8743770334436893,0.2157312441606433,0.43519369973513156,0.8902135204447874,0.5801537872277246,0.2730160237651348,3
0.11025714096357059,0.8643624670078871,0.8125843727890476,0.8021292091184408,0.5304476976542118,0.7809091634050015,0.15239249174882225,0.8319312438167152,0.571759700165209,0.6056485922742805,3
0.03038350737928822,0.11140895629072116,0.6621288506404746,0.22201370246919758,0.0017053816855159276,0.20002654771196518,0.6176612823155736,0.25685161778057386,0.6400420093855413,0.750014429472563,0
1.346948231154045,1.2482510098807127,0.40069491666524953,0.9412588560147744,-0.6224316939288237,1.3895019516955887,1.4502177549488857,1.4030571367650508,0.006803049659403759,-0.19682048334118024,0
0.5464339162509749,0.7985194954102811,0.5455861765878681,0.36197772128058103,0.4341600343643071,0.7875263349908562,0.17063697885405474,0.8078463120557106,0.3382319086718909,0.3805266494804235,2
0.930744946290733,0.9870330956784366,0.684127970639009,0.18230721706849923,0.19463261999278042,0.48316331180057226,0.515116104728041,0.3949506505398733,0.6003619735508356,-0.01322982283468875,1
0.25374297375215726,0.8152651666682549,0.7140965334700222,0.37486406507066206,0.8191767034507617,0.7189722218840475,0.6934722880114333,0.6076427555552374,0.7421070710293124,1.0039516170220315,2
0.8887168297501324,0.39145149212624397,0.9062130157689706,0.582731619200686,0.1985361435951687,0.26285420886704275,0.8757032411172136,0.6897845484145584,1.2028943481619696,0.42169919202437456,2
0.13229424117821323,0.9135521623969944,0.844472129151665,0.5927426639304842,0.46806863230603735,0.9133403028447796,0.19526993678317367,0.943016202384784,-0.01858876086962393,0.2250760772147866,3
-0.052130747305703246,0.4077323395797026,0.40213401203400856,0.5698364281269773,0.5120233502674001,0.5862164442910455,0.5913155410080713,0.24279160410760203,1.4988868307918535,0.401349648871995,1
0.3523832524815636,0.23303202377793972,0.2909922178547398,0.7396515787064076,0.2976765986360622,0.2996480493715428,1.0205140532896173,0.053462364717106095,0.850264217002651,0.2344092594106666,3
0.9367722181672172,0.4013292185963189,0.7817146716617763,0.35783164890449193,0.45745610086228905,0.5154396543609301,0.3393907900543134,0.654869149738717,0.9517560253806383,0.8584638175442106,1
0.1125397236284208,0.15282202562680694,0.390274774209578,0.3321852832443035,0.9232800702017375,0.45299975818017557,0.2582149224695303,0.8506760425356086,0.9930271817310539,0.500322248676717,2
1.0556432652773406,0.7440018097588569,0.9542907657292299,0.36518060286433385,0.5819542691854097,0.6385655158686838,0.382738204192863,0.4681158765194309,0.3537646991154826,0.6155243635332664,2
0.19559072464004273,0.7546244880703814,-0.5442829716528905,0.020650280910543106,1.0483932283012363,0.574444448429663,0.9713216550450591,-0.5857823360106335,-0.36080387857462204,0.09782705529263769,0
0.20750278360910318,0.9192206279168511,0.36299135689090056,0.11491231425468039,0.3032213853263376,0.9434440681146666,0.3806628317866144,0.3409687113780747,0.6526502464870081,0.5772871989813246,1
0.2996924204135747,1.1110789501071423,0.3910341945378221,0.7489728119133473,0.5171689481479136,0.25804381136758014,0.828947525928596,-0.09600738951978802,0.6068055594881545,0.7274089064564241,0
0.09322845111870273,0.4440715447652722,0.3269649143928918,0.9321699209067723,0.5737875427698597,0.7736679005790061,0.37645064302329584,0.0956207442737496,0.15920398495384602,0.05259571783188617,1
0.7528049119275677,0.6578031212128532,0.23781093542180015,-0.020240921307936643,0.4959623881734903,0.6254160159518084,1.2726147000324906,-0.02838402801134754,0.8072850483126001,0.743101426138495,2
0.21467376201986782,0.8106737691060395,0.5113475766550215,0.6092363479668371,0.05868752166416362,0.7686462438157192,0.5005702043783103,0.7427536457766867,0.05347631305501937,0.7991784742225637,1
0.13395398260144295,0.9063172878507212,0.869604941801099,0.5804924169008726,0.4464432654852904,0.8970226097748943,0.19485717579541434,0.9637024449216053,0.0007745348801912327,0.2324583031321074,3
0.8350377827596362,0.7786168481539242,0.3013394343757704,0.24371625564778746,0.7391112062414931,-0.03237128579605188,0.8962970139048254,0.9908726049585377,0.7976889287167437,0.6733304070397336,1
0.8904680948070305,0.407178277199192,1.1886743678007294,0.26243963982963253,0.34399921139914286,0.48083936375099684,0.2760954928497579,0.8852508472008338,1.0434521426825614,1.0059847683250336,1
0.8453686658852211,0.795467683501207,0.9065374871584918,0.6759222273124539,0.6160060591845206,0.803635728909487,0.09008598029741917,0.7875794485985479,0.6439476342614674,0.47749357326447345,0
0.5451656596294241,0.6802294150810998,0.7423850595430243,0.8857422706846058,0.7554321534955862,0.5172156205595186,0.2893723809996035,0.2542903540642818,0.34485431060704297,0.023553694297423364,1
0.8770760810331737,0.38664132336518015,0.7968004401491848,0.5692355552603934,0.7219342991165932,0.2747645041533712,0.7398060601882935,0.9724033257714202,0.9981722727501252,0.5290848720316242,0
0.3161411003029322,0.8439765174671552,0.37154093932604376,0.7766488308754971,0.8389251704253536,0.26943695583319344,0.903114207870081,0.9672186283336714,0.27668770283624605,0.42182085994694396,2
0.9126485224740086,0.27489237752136825,0.9279439013667331,0.4448218865014451,0.538689212336729,0.6554968311426648,0.21218144053845372,0.688349174450107,0.8409457489635654,0.8441013874628637,1
0.013026213944654298,0.0946829493604617,0.6257749507458622,0.25944103358322895,0.047918156624465476,0.23189503964087418,0.565810931490153,0.21821069218354736,0.6946990571224863,0.7825573734962634,0
0.8633108954867027,0.15534500097409135,0.6658120860503015,0.09295888813983365,0.5359310852977496,0.3896978997398114,0.2516536600959958,0.9570681814024046,0.9787766772991758,0.7898809095916108,2
0.10679991672589612,0.9469173748197186,0.863551523295955,0.5620620251945357,0.441942431005537,0.9305430417951789,0.17567769461509813,0.9840944945437747,-0.011749877816711718,0.1985840261508426,3
0.4016332665253408,0.870550337360617,0.3336422302638897,0.7463731479519007,0.996303134442893,0.41386150758521983,0.6776642633018064,0.7935381784754547,0.19786613854769436,0.44524157738665077,2
-0.005146421701805209,0.20569405668673857,0.23768405173757434,0.7496162033243156,0.7270730590553036,0.25097074250861023,0.27242691924186113,0.7028463277246058,0.6240557188080942,0.15722639988616574,3
0.9302311560015295,0.26344635641994907,0.9256668980279494,0.4473982373787918,0.5329358231802886,0.6465413906247092,0.20165276886510985,0.7020649643638702,0.8404763242407881,0.8296778662888571,1
0.8410899044537172,0.19588239268331906,0.5354080735388128,0.5482391065378607,0.15135849041885582,0.11458891899960903,0.2583828792008049,0.9120015992803072,0.5299894137289209,0.6106685745190887,2
0.1728093691302317,0.7918235176095463,0.09702344222390072,0.9616501789434453,0.12216686473056643,0.22994948961030148,0.250497764170403,0.23646307810934708,0.3174434885198892,0.8346603010862084,1
0.8211549347328738,0.3832155249399614,0.8268175670291351,0.5905444445346083,0.6798858141226268,0.24881768946453076,0.7427549080894572,0.9783789004223665,1.0213409838451368,0.47416492980682484,0
0.6365000651269096,0.8294363736960232,1.0254473666245403,0.897004909335214,0.6048750664559149,0.36824683052395757,0.5969356925509006,0.5164057809625912,0.0524946992052433,-0.033128624870811973,1
0.47105167025599864,0.8161842055747642,0.21384818275850714,0.8498989473844691,0.9598353078300964,0.33167048499520296,1.009544502130626,1.0391846182379065,0.20960519949451334,0.2893936901458807,2
-0.023654333909956693,1.1085823024448465,0.6755161355199887,1.232440034047692,0.7268077833708111,0.24896312168150056,0.9521743676220698,-0.23258154192600605,0.45893709944992345,0.6877895428128189,0
0.11432870046993887,0.8567837726136694,0.8156588965222478,0.8023800517156182,0.5348496036780607,0.7852576144254758,0.15635432930423843,0.8304033459344085,0.573388543790591,0.6131900195966989,3
0.6910292073710723,0.6341362738610669,0.08519737806757832,0.11164695761701607,0.17386805366220753,0.8781812809767886,1.1286698396732784,0.268489573275952,1.297640762118498,1.3703400971286588,2
0.5646079665248481,0.2696013264317539,0.0722880090480853,0.9663708719122692,0.43694374360675087,0.7895668198120751,0.9769904969000659,0.6719970406536911,0.4997328981534812,0.019796805643776314,1
-0.09617026593301636,0.2486321656142156,0.22511342592512382,0.47082215898612095,0.9111409173049094,0.7335756520676961,0.1906311700711563,0.8082263916186172,0.730899605016867,0.7522398253440503,2
0.35334234065669723,0.7202858615131404,0.9640255347796485,1.069064202323654,0.09699109745400443,0.17208752633591196,0.15785855847260238,0.6563071667590774,0.2289019727928474,0.06273068100373361,3
0.3543631358718394,0.026008202720049202,0.6389491123983121,0.2864334397989683,0.979209205987773,-0.008316997587555497,0.6582743163503727,0.8511849621050798,0.7754428121434921,0.13555667823336523,0
0.9090721001019548,0.5632915805313571,0.8061325960130791,0.22063227389480283,0.2945372590876342,0.7948552561731199,0.8011789104167086,0.8051216877424404,0.18030126969557708,0.2723236169033698,1
0.41394156768709417,0.6602854945647817,0.8208328288567025,0.9779057873515096,0.22030995914183304,0.19144828791304108,0.288890727688307,0.62259985400584,0.1598376061489518,0.24820904608653244,3
-0.06202699499913053,0.3350076269524854,0.4378052183889863,0.0807058933084126,1.128772531620176,0.20796074305880208,1.250376057050228,0.22883666526884108,0.23146986565373026,0.8762865713137498,2
0.8716876819661608,0.8056182324222354,0.8813771011593011,0.5940634045319155,0.549563991524836,0.8312540995587449,0.17454054028566984,0.7818505406673475,0.6822834619744688,0.4886943349670954,0
0.19524090118015663,1.0598675123334993,0.7166404064806591,1.314292944628479,0.5795243919843821,0.3671993565038352,0.8354750532081516,-0.0029640410476118317,0.4667844964748865,1.2197547302645533,0
0.44101280888729627,0.5057881453637472,0.20354989821353292,0.6201453860653222,0.849006816151994,1.0311050457883488,0.03506385252367794,0.569367723946076,0.9795183218371124,0.1503456185286892,0
0.028801448676123526,1.0083540642928865,0.9647289200150686,0.3210432207031589,0.11609172138045518,0.31323227337578036,0.9300777653729008,1.116183098661057,0.6231385643790073,0.18964368700916612,3
0.136518425448318,0.5945623810252272,-0.167911134141032,0.2551223507140694,0.2603803669452733,0.3431477754287353,0.70301443994723,0.265754950432319,1.1929777651915026,0.14199532888080837,1
0.6435897771047054,0.6436135468798085,0.2377238055557538,0.49475935966840284,0.7160469580083834,1.1130963937451777,-0.034976854427384824,0.4853721544768739,1.1676057502047217,0.04394080352048117,0
0.08792850712480639,0.17913749556779532,0.3124598422522831,0.7376778174182306,0.793921011362254,0.25518364149617384,0.3959356536356883,0.8371622685478931,0.5954785928045454,0.3613552985672971,3
0.0490611666648716,0.29678260741057083,0.36210257449744515,0.3023945719159444,0.9867886022381954,0.5801605583435014,0.2001250688121765,0.8802757235813333,0.7840431672699534,0.5935135688998652,2
0.832178943044293,0.3510264944076678,0.8660775977643562,0.5290285960949016,0.4702773429929773,0.5646651183641398,0.20688520622622092,0.7913100857169201,0.8148869848004242,0.8344002369671215,1
0.5869270016691142,0.4665329290388887,0.5700882310084795,0.3424705501869767,0.20572985418368994,0.6362529358593009,1.1238471634675908,0.3242197000202284,0.997626053876091,0.9255348830015723,2
0.11304402288611154,0.6506758906882042,0.08013657819536821,0.21215573502304438,0.07390509188655647,0.5216938400359538,0.7327992533578459,0.19246870087408827,0.9828788356430292,0.05257452675602594,1
0.20799934666358996,0.5051172668857872,0.04941021329721525,0.25959157371597363,0.16030975852635032,0.44965779726360866,0.6649367422940761,0.20591865734387316,0.9820086545868916,0.07217445132173302,1
0.6811066223280611,0.2974872444051594,0.8324257732153963,0.19000837927069564,-0.04481547172755587,0.4734622793931743,-0.06006669398353637,0.7835335528001901,0.610967439122686,0.9664058493210999,2
0.8663825800826519,0.5745831451577216,0.6953338470631105,0.21020018729656834,0.5958845680690514,0.8847222238347884,0.522243291989023,0.9729415829758838,0.23885527047452715,0.18488159509945618,1
0.1724893901219175,0.8586856182016096,0.5854368503535682,0.6014222500756854,0.1612236408620452,0.7771569766125808,0.4065893780162072,0.6109520304444305,0.06588817483133241,0.69794028709646,1
0.526954310717339,0.2919166489603912,0.06062485519723923,0.9668083619628874,0.4351895304322874,0.7738115218720311,0.9598474107319027,0.6702921269463282,0.5078106374244628,0.023061745122242513,1
0.2347893914781736,0.37953709450236545,0.6700712327366445,0.9981606115167001,0.46697720882457516,0.055986144820564215,0.15049966627602035,0.5690737443759898,-0.059984288831917865,0.5023344350020191,3
-0.030776417531019194,0.8932893993043174,0.9050710604167655,0.5660521932625514,6.097402502672211e-05,0.33446958034176755,0.6061217744028494,0.8606413759447235,0.5820395131904318,0.07151627808804718,3
0.6691302529920957,0.5832200890711704,0.5260012124951201,0.1235039908698422,0.48367998212594976,-0.012110184779492175,0.8307972444545763,0.8547657531261006,0.8840911543661802,0.7695176621838421,1
0.00918980353561748,0.5241928992486963,0.3151961718612265,0.16436891581725177,0.9554075773392754,0.47092567695814047,0.9670905596065373,0.37009090904783876,0.26350371978883114,0.6252756257115339,2
0.5269700619675539,0.29095131294865045,0.103447994181508,0.9448530119445914,0.4240833655548678,0.7883937970395345,0.9515869751206582,0.6364445807563032,0.48641439755903215,0.00710347289240967,1
0.21886419019529998,0.2442760560583554,0.48735132790566715,0.8375986891938563,0.4365499207732584,0.08006420763661404,0.06608683171547489,-0.07689551331472905,0.24015543143159207,1.153363597921123,1
1.0267836920255777,0.4574173208237927,0.8181841261531786,0.3223437932712325,0.9873550388122266,0.50667460995528,0.7300483340544144,0.7968708424517116,0.8501359456917823,0.6740762164976014,0
0.24840177643039166,0.18338786311406863,0.5890033189633508,0.08584615453022021,1.1213135697652135,-0.10754867109822323,0.5288879039583062,0.6385171411643039,0.5932118914984869,-0.007583775732912884,0
0.874319730415423,0.08393358428239978,0.4937631389877349,1.424591847499585,0.13385813952158998,0.5077158743617936,1.3974645226375613,0.3358293233163691,0.6612421815028526,-0.04815301994910559,0
0.45378137981152783,0.6197546941619091,0.8717480231049374,0.9445662626882512,0.19784222365516382,0.202672769631652,0.301358649853934,0.5847936534502576,0.09476281988259619,0.19993347187212934,3
0.15543411675867094,0.03679183913720947,0.3027690849747009,-0.16292449128351455,0.22674954998238142,0.4664674947768058,0.6612341757875895,0.07162752008195862,0.502880025477751,0.9050444910511688,0
0.6761792154794799,0.6117596541036677,0.6451062154551965,0.6511378470892097,0.4886805170773194,0.7978132620868468,0.28258976320557305,0.7377953084790084,0.14122535565720987,0.3077392966746948,2
0.6060169702620768,-0.11694720830665972,0.4023086544654946,0.6727401882384574,0.8694885726161252,0.7452153802067274,0.9286687063177032,0.5833457486484901,0.6626314640798199,0.618812213331422,1
0.19110520026661432,0.9772599701052872,1.0174504291114808,0.6649670783633815,0.5255205328887589,0.931331642133428,0.13427361366296026,1.1053139865219628,-0.12077596689455192,0.1925554391268772,3
0.8927932830584409,-0.08540994524315026,0.6100856813815402,0.12276533003950657,0.5839587679895779,0.4792510745271774,0.6251524989427395,1.2070592954661485,0.5916016544145483,0.19477775480992082,2
0.07333379461891346,0.704967045358205,0.9988753249359381,0.7683120129180115,0.3477427510390236,0.7578180774448083,0.15114655633038435,0.808575412193477,0.045366158364922506,0.10243163131599536,3
0.13276560519964717,0.19545868854233792,0.2823434587099237,0.7268447345917985,0.8690434240275708,0.2521192677305179,0.4451323031651637,0.832531147705583,0.6487413193480323,0.2939647065344859,3
-0.2899710584486171,1.0452503645731537,0.7910845157300972,0.22059637336295979,0.48622447055932105,-0.17871997311189636,0.9308469557753443,1.1014518315177964,1.126320386883058,0.027584154017819842,3
0.12505913359458715,0.20262858390856395,0.31110765232091314,0.7027527524436629,0.8925313516173902,0.261514194807704,0.44134999047783596,0.8478361915928156,0.6490864161427092,0.2938327275456773,3
0.14326158624314986,0.20126425586654867,0.2682750245101465,0.7418458423201829,0.8622701463804586,0.26596541963310605,0.4418217783765966,0.8504227018487128,0.6396905588387819,0.2934919812369924,3
0.30777493400509487,0.16288042928554303,0.42857860639690937,0.6800016711312962,0.9673169589885263,1.0459664516432772,0.36342197904977,0.17727469300144558,0.45802960925745845,0.6179003933355249,3
1.123389523640462,0.20119448025124484,0.5477233044222578,1.2169864844108158,0.5452106559497045,0.6482149234710677,0.710167132231921,0.3766448391959938,1.1070175031789682,0.6407731877997427,0
0.8327470785017587,0.3547997844579553,0.7764008742474706,0.5490248820544991,0.6757988370579928,0.2614657955891498,0.7077381146694012,0.9709575213489761,0.9937434881854903,0.5558978337339371,0
0.28791476828047524,0.6073121850610194,0.03095903014006684,0.14658801788117753,0.24568007829692454,0.4595631861803609,0.7399308479979843,0.13691422849957322,0.8283026575001311,0.07608544803070863,1
0.13479825791367564,0.16278096629663685,0.29625181970250786,0.7105584137935597,0.8952759334059787,0.27489941039312477,0.4545786979402182,0.8176671767798254,0.6424535507325968,0.2973068959596757,3
-0.0012262083946443809,0.10769641628012429,0.625574034858058,0.25846751650875716,0.03940018965980005,0.2154359634426253,0.5817596999826549,0.22718274391809448,0.6878846661187902,0.7779642237383914,0
0.11753999053076584,0.8610102038010216,0.8298918653011763,0.8179687221752916,0.5254451501955008,0.789520798478792,0.15221577897292593,0.8395957009767222,0.580822099371272,0.6004487188357575,3
1.0003516098174627,0.3572283346701089,0.4623509754552383,1.0648531912067742,0.6269263786288013,0.5341124955380973,1.0642523596954299,0.6385491152388245,0.8878530501987092,0.5008115679167381,0
0.1015554587238944,0.2868498259027794,0.43879131596712606,0.17489772773231188,1.0027729515849817,0.5555867798000929,0.13241596444984094,0.847835007816283,0.8904869698577437,0.6555459834433158,2
-0.10091148160615607,1.3801972962718614,0.6689622419321326,0.9284950078333064,0.2359401116000232,0.09295444026385691,0.449205783334137,0.6195060391337928,0.8547674569101841,-0.19778214905833236,3
0.571294275778629,-0.25435121047719067,1.5555294911619413,0.25385566741517285,0.9045549436866493,0.2208953535777598,0.33516578151452137,1.3261226241684714,-0.37453212722521445,0.8483904032441278,0
0.018933252914157424,0.12091732742726247,0.6654125237746885,0.274338005870442,0.03464430795402096,0.21358793353942662,0.5573807841735774,0.2650232221779484,0.7137782511484062,0.7466148404381602,0
0.16652206490353716,0.6832754369246111,-0.013999933996369833,0.20157147145567839,0.055313249173848444,0.5335664282476718,0.7476491390192023,0.08621261244887003,1.052048512650087,0.00012721323106446025,1
0.18139068387554033,0.6942934426449774,0.9078097388288988,0.4398969488969054,0.032526589896433075,0.567842866645831,0.8479861411724017,0.7759371058895805,0.8988698325799462,0.23722515940345423,3
0.13761764442735944,0.16761656495318916,0.7948738624198224,0.24019079889837552,0.7363782112609346,0.06993698581900183,0.7717260887894888,0.07538692256483114,0.27177201074055823,0.7831596614285395,0
0.9446170962796556,0.6406760554260257,0.8508107050451988,0.32687226591603147,0.6408358106337042,0.552850442119721,0.39550830704757617,0.47315005636023305,0.3683173049783128,0.6459377573366849,2
0.9443438517200363,0.2730477566149205,1.2781351975932507,-0.22308182375514096,0.6107858255390799,0.03845226866438739,1.0447418009269225,0.5238751217726794,0.6933581887288556,0.2065857592787212,0
0.6983698358343535,0.17844900913447517,0.775547116173603,1.397226588264917,0.26717711390979587,-0.011351269635453187,1.4599134366752464,0.550622638150454,0.6225501692094272,0.9349152501249374,0
0.532788643186371,0.8223089416497537,0.5427891291655523,0.3484196274764892,0.45685714447699055,0.7904555326826851,0.17333715644686937,0.8120843756832551,0.35416744288219537,0.37600541640671675,2
-0.06691326740581449,0.9953076754594081,0.041964096654003136,1.5101246533068067,-0.07390526929297858,0.08263566873738415,0.7068739939438207,0.13568994893961647,0.41152448542340786,0.4911234721955123,1
0.8628266023569929,0.19788576521443674,0.538819719916848,0.3019973857596737,0.06042848783847016,0.5522011741293039,0.7571134973821517,0.3277222262153567,0.576646916286979,1.0978217897284683,2
0.983492770998882,0.40262790480218125,0.27722227452451725,-0.11794076488592722,0.5951437712254457,-0.018442270361092937,0.9349891241517133,1.1592933242831072,0.975174140638985,0.8464127447411331,1
0.6348046596706498,0.8253566513088967,0.14555576080830387,0.7516991834655383,0.4826758279067595,0.4164361771296946,0.598051572468468,0.08612494573987087,0.43686017907441194,0.03243626264288163,0
0.42324718837563197,0.6068263275517393,0.9165078415340188,0.8786810044319007,0.2017103253299152,0.15337900627633808,0.22258228290680712,0.7085630707380816,0.18765208613727796,0.2775022665518964,3
0.7172119690271783,0.3617075975846736,0.5770590820280388,0.14955093023001856,0.2636531392510596,0.589941175306338,0.9210215873506131,0.30310199317695363,0.7797719215565223,0.8318745825389172,2
0.36940379541823354,0.10508708496000918,0.5253283793831685,0.1273201545388355,0.2764527007155414,1.018052043367295,0.13597559421271876,0.173385385213094,0.4732147801309332,0.7236308781427621,2
0.4535186345965572,0.5362212206304232,0.20704094396238093,0.6611225154923686,0.8134607574511358,0.9209241870984288,-0.00408663821979811,0.6370516452069368,0.962554155556801,0.13756291825084052,0
0.8153851312761741,0.18850965063018865,0.5890114683601865,0.12032080142757182,0.5855590833796661,0.4472041293566924,0.22657169960894663,0.9460697978985265,0.9643611994157899,0.8696235986331279,2
0.38081310066614377,0.29403594445934605,0.650176264785884,0.6543596407347431,0.17809063242442819,0.5443529588083517,0.2717114567747224,0.5291854777859755,0.2214377139957167,0.6425507119111818,3
0.7131742545490836,0.4650438281260173,0.6426088659440656,0.23306944174230362,0.1430883929777131,0.52514740680144,0.9558882066741515,0.40105408648311147,0.7485708528081081,0.9185913167698033,2
0.9663631262223493,0.26056390561809,0.98483870957071,0.40311271690222106,0.5256699980952141,0.6610474031219701,0.2036526879753332,0.7208321063943548,0.8171067495813246,0.8745070823321044,1
0.9274030834524185,0.3685529677967003,0.37409851627939006,1.014761195473972,0.6839882971236819,0.5202416185748376,0.967142741480398,0.5989389300829583,0.9394975080897241,0.40455282564052525,0
0.908972425367035,0.8051508217157797,0.9406788867162326,0.5837266669804184,0.5357202532196714,0.8221919153460819,0.04288477704090014,0.6872372583963039,0.6671257208562597,0.5791758117622232,0
0.9784712443907342,0.5895021925103251,0.5451708802206046,0.5206437360940216,0.5332176949394422,0.6333168687577992,0.38170170942048826,0.24054610916750893,0.060275414944342076,0.37512339780989246,2
0.24864009725914393,1.0192901502582208,0.29382340703661997,-0.026430442193545414,0.12318626948328651,0.7892440621342673,0.5277670762921719,0.34926898380471694,0.9265052018693064,0.627909364434615,1
0.2964966801570442,0.3740075039488291,0.3739230289844003,0.3093384175115197,1.143571843726812,-0.24171743105289578,0.4679049496396951,0.908521705789988,0.7251523116958892,-0.09836118429807758,0
0.6831239475771499,0.18548856896306465,0.7384590429368579,0.7839665251292481,0.5635360522432822,0.49003433159848664,-0.168369540685311,0.6555016756490992,0.6240803712348232,0.954867925996914,0
0.07546137089661015,0.5431463475963192,0.5248912277831799,0.582536784756141,0.3443901933186332,0.71991875278952,0.7493584653757741,-0.06326215479905804,1.0782388337185216,0.017501657782934527,0
0.10995482480327182,0.8553886679135212,0.8200250996168129,0.8097854327436946,0.531993645788091,0.7800866700590317,0.1555297147193604,0.8361653256627988,0.5782108390716059,0.6064503300716159,3
0.5719282950850012,-0.20398118582615682,0.40683150199862717,0.16882687560875587,0.4938223240159645,0.8087230149861502,0.24324185665395967,1.0856302363660755,0.4948832504318401,0.07225019811674431,3
-0.003535330247239803,0.1121971770639211,0.6420646402876451,0.2969050625705063,0.025856050781142982,0.2224378631406911,0.5386310877830458,0.2214713397730624,0.6597572936061473,0.7586732692917361,0
0.8497559390329933,0.1472007130454063,0.6485748407300246,0.09246246148399428,0.5253414849978507,0.38694359018251734,0.21286239874199306,0.9291051190935774,0.9302183150744289,0.8159538764619227,2
0.8546221422829061,0.3904273788770707,0.8067589402354663,0.5714060443103148,0.7020409565191024,0.27740441124800985,0.7284737678100732,0.9813781559176435,0.9803192884287688,0.525951653409114,0
0.8873685441708055,0.2846193712585756,0.9561257224612498,0.4180264611200296,0.5787471354790875,0.6545929149593093,0.1746987550218164,0.7578172667765848,0.869741540359723,0.7886494660007366,1
0.5393368747550289,0.28384674568442136,0.08283950442857511,0.9810051248522301,0.4190456145752138,0.7757545844910155,0.9960783318163179,0.6525860448084503,0.5345932781122403,0.04372489039192326,1
0.5361912635446373,0.8039707073742235,0.5371791973661824,0.36156108393095937,0.4353390468723885,0.7859629675056952,0.15936602293888907,0.8170110920144532,0.35308770325965105,0.39025028195044076,2
0.4633703072084574,0.672633713997065,0.30243992551555077,0.7734730074766748,0.18916453516032133,0.9555468946086727,-0.1156875932213759,0.10577214198221241,0.04352266923208353,-0.48090235105769463,1
0.10993035411090102,0.8562526407905753,0.8199381849765784,0.8102263616707394,0.5322840781729687,0.7790731090435957,0.1551981483989346,0.8351085644877199,0.5783884140494281,0.6065680687193821,3
0.21675292019794212,0.7756685682153222,0.3484324872669902,-0.0005844649971020188,1.2117565992953812,0.2181367759722069,0.8578518200932186,0.6386798205207818,-0.02137769111854715,0.39205731357105833,2
0.15808398493054812,0.7739125484899674,0.49094897592904685,0.5692328672500487,0.14962969156941763,0.8448005675166635,0.5116833352636806,0.7142763892066891,0.10151936058187533,0.7382115440731741,1
0.3993031055769294,0.5026211086326502,0.26376381821013306,0.6952314951954762,0.7605946576835274,0.9834662061704338,-0.009445234878872853,0.6101478382401322,1.0369127699232288,0.1538882617804495,0
-0.03274659859326391,0.149240639363029,0.5889665666894099,0.15420632181861352,0.07149085711748282,0.2616751524860902,0.4713938200866237,0.21562219115741565,0.6265222733882061,0.838137796377472,0
0.7708339974446836,0.9231337447770172,0.7555044727888737,0.6028752204165437,0.6784867852664273,0.7961262025654162,0.24008513977858248,0.7674122575115477,0.7408924346047729,0.38961227895627903,0
0.28688312867003135,0.8516588170114726,0.2979733347429937,0.7312679347708879,0.8533713174016864,0.28148233315774773,0.9833279036234286,0.9894385740190256,0.2925066410135814,0.25010632214223094,2
0.11821739383902934,0.8476649767028703,0.8216116244174783,0.8138988796769522,0.5384097552335817,0.784873099382387,0.1662358632767949,0.8331978514153644,0.5828976546025537,0.6024249914564118,3
0.09146446790503124,1.2376377570211494,0.5060524737838283,-0.08974912884988798,-0.1013257355220345,0.6164888496995534,0.5161887641325852,0.31323390667755036,0.5137764863927743,0.6687749202689667,1
0.5044835007545134,0.7213273342735892,0.814696473224313,0.9500023322553474,0.686095401907938,0.4445702000707852,0.472611857387002,0.3691125903416125,0.25361115033464404,0.07823995803625172,1
0.3034375424576192,-0.05972350719267705,0.07887821366999984,0.3998437667996968,1.5097244966804886,0.5977808900009725,1.22940922323734,0.9225213743233193,0.39774128147409304,0.68590952708425,2
0.09180930289524705,0.8448693277702038,0.8379563254626534,0.7988599777184696,0.5512372706435067,0.7995103334691668,0.170731843554237,0.8372701512851112,0.600384720412614,0.5982782674115469,3
1.0077128261644406,0.007311854899714643,0.721030201407515,0.6025771397611919,0.5114677379128996,0.5002724478866493,-0.040498813308901094,0.7871650063002431,0.8531173145632882,1.0256534441841922,1
0.89662415631496,0.14655779853504833,0.6925324808459392,0.16252334710281863,0.5395847443232725,0.38598164603306573,0.2607277501558786,0.8649308744156712,0.9446459895523067,0.8272002205615144,2
1.3856595601669552,-0.34911691547335455,0.8129195415206363,-0.025170647025740567,1.2887986336957482,0.9887886599204421,0.07946082463954099,0.4656677114664317,0.4692426976823725,0.11782156256007237,0
0.9114418297568596,0.24590225901873408,0.9156085619685296,0.45423046967403263,0.5382423782703526,0.6624469969309243,0.19189324628861737,0.6781768580861441,0.8488102440040847,0.847346457875476,1
0.11096269020620345,0.8581288619071765,0.8186141440168356,0.8111526268996877,0.532354228493836,0.7817430524493074,0.15557641032248976,0.8351060356126595,0.5769825319511187,0.6073857965344496,3
0.4511767903641068,0.5975535779408212,0.20717177179791108,0.6634451611233707,0.7686769249272317,0.9569364055118056,0.02343034404217284,0.6077222980843514,1.0157374778060957,0.11524259461050673,0
0.9138133457573917,0.4954508439632091,0.8382519549955788,0.2968028460324491,0.19735921672720508,0.4824758525427481,1.1291809630079153,0.18881124010558206,0.46749533725355974,0.654180261683287,2
0.85113562295855,0.25341774448982474,0.1767619672699782,0.7118247632246906,0.7721201214307513,0.28523132094290915,1.03346064823351,0.3428107120151569,0.7474704876995495,0.5961938251695104,0
0.4096455131104245,0.18844613453753856,0.3090107674344303,0.7335292361985147,0.20318172197329293,0.3210830503971593,0.9959623351133537,0.03628349363303775,0.7861970429865826,0.22109588739847397,3
-0.1306176478776463,0.47744407913961695,1.2860937479413597,0.4478600366998249,0.27747096288343887,0.5188340727827359,1.3594726228631486,1.2640668855337622,1.0472545971749876,-0.03535738817554765,3
0.151910271271291,0.09418416155407064,0.5032912576142716,-0.06363785441091557,0.4935560626472971,0.5389023154217067,0.4681924970175437,0.11491129689782201,0.5367451737482041,0.7601584580286072,0
-0.05732334220540103,-0.07345185070461002,0.9386828325096017,0.7198527905194454,-0.13045976327110131,0.4975478761180028,0.733421380372432,1.1740869456997938,-0.027230672829996472,0.18297492323707662,3
0.15368066765203228,0.2034900144464166,0.25627172632588036,0.7030799334992127,0.8551471287099861,0.2723316487571092,0.42812092579933975,0.8334615768338605,0.6324506513864759,0.2565561584714849,3
1.0264861169514803,0.7094242637837717,0.5178713820642239,0.31521576747751945,0.5933335094783355,0.9422232976847188,0.6591160391136239,1.022661926996003,0.325045489575792,0.18776434771966752,1
0.5598575643636707,0.6480661293816812,-0.010454249081067235,0.6727602797195413,0.7163342067296928,0.5178248410608376,0.9830105593451468,0.06335143844512174,0.6001275277966625,0.5503778904213362,0
0.48858294357874504,0.9528853112924152,1.4276678393066957,1.079716540957809,0.23425190295662218,0.5566023845466482,0.7850773451059119,0.6677897415404972,0.1245915566384686,0.7765394786102054,3
0.5895309074128494,0.23805816300182914,0.07618095123620874,0.9910589741431568,0.4589451899481717,0.8221032869778935,0.9459913391917241,0.7042670521029222,0.47757308882131755,0.028606622389709707,1
0.861267326832797,0.38451730198745626,0.8154034246697482,0.5407905239863114,0.6923848342584494,0.24799516300710028,0.7117523192682782,1.0010370501211423,0.9931063110751919,0.5131102283661173,0
0.3243328072439303,1.0125174418367968,1.5329602719709912,0.15513038041918437,-0.263868260369766,0.2001664472985517,0.2387162159996643,0.43628186258502066,0.3527726414984806,0.496219932377865,0
-0.5336429058423472,0.9474160109738373,0.04424414921521719,0.5327958780740808,0.7494604714627042,0.759952919393439,0.05799481678670382,0.6774452810672427,0.8457104654097565,-0.09593883926639085,0
0.4129831094616895,0.1465890952810786,0.621783680401967,0.6794794592227558,0.02271708751735871,0.4894571312784134,0.33603787977061944,0.6016676102389839,0.14124896311298304,0.8173383438525013,3
0.28758169779028664,0.11895088771302166,0.681265862867577,0.8827422414745504,0.8253359633667838,0.8651016056012082,0.4814169858063134,0.2031053955454269,0.5690302650193106,0.6874371011037993,3
0.1455493555848701,0.7970158485090404,0.8515306397100505,0.20701947159443762,0.47858201418832585,0.6994143195459847,0.26954531247170727,0.903960575980242,0.04026602094887666,0.38120586989671607,3
0.385430650770171,0.49365352253958344,0.24928352124941608,0.7178820313903819,0.864752843627299,0.9457572692417652,0.07457240075686769,0.6020786735265968,1.011922875300298,0.1411626335787492,0
1.0803527021062527,0.5550670967561042,1.0310868118061807,0.28244372287915354,1.1199178480484464,0.17457638181261007,0.6262774586331057,0.8547330082090037,0.6960267784456334,0.7860924597797284,0
0.6172359612200548,0.8540603248074077,0.7443852862695863,0.5845842729897792,0.2608053080726456,0.35112523706953547,0.07881510971479447,0.8455802302370503,0.45001292220299594,-0.10688008232195406,3
0.11991864948298424,0.469664294206736,0.31289904889146336,0.9532616869221541,0.5947299894386601,0.7820918808467376,0.35554883908673096,0.07599000884200484,0.17092231749370426,0.053693446790125984,1
0.17971436870559446,0.19650936007710032,0.8379243189989526,0.20604377442780808,0.7586414535768115,0.07416606490966825,0.7635925415573181,0.09324447040940859,0.2887978148954118,0.7614370518866072,0
1.2795816330910355,1.251463829229127,1.2223127730304504,0.33403923684415215,1.0370010073161176,0.6978396852756868,0.6862023393117808,-0.4900587677259548,0.9007454460744659,-0.4617637942096472,1
0.8831431962037346,0.37127511346808184,0.8207916013343879,0.5561467315181027,0.716931243642,0.2732107891582469,0.7319084626788689,0.9732241177589797,0.9953164990922054,0.529079444324715,0
0.7878501135893758,0.10463348386120566,0.645521211981614,0.060983985870085626,0.4911480373085489,0.332838788332172,0.2286865987370133,0.96444379215068,0.9220485333597324,0.8134211901551767,2
0.1184836646524692,0.6391534606844234,0.031101127391211736,0.25090162521678777,0.061061279018752336,0.4762930220496168,0.6843201969463506,0.1590242270652166,1.0089170065489865,0.05962507973455691,1
1.1743671135898923,-0.019443303077059326,1.345262648907273,0.7137224752577128,1.3270876570514032,0.6978771943101906,1.2437289320493277,0.8459835744210598,-0.03181179598051451,-0.2538371966472276,3
0.23115574709711995,0.45454571941426436,0.009370198417232682,0.5375559168309322,-0.07415635317252114,0.683634092783193,0.696568190382067,0.04288505576702149,1.0828444970752522,0.31196285677779373,1
0.12663730598253628,-0.0912256070287859,0.79693776392238,0.780068414221968,0.6953303789023304,0.9075311187796443,0.7130341031543487,0.040247914204233626,0.7710819873788267,0.8782704559425107,3
0.8289186400362465,0.07920269818352628,0.23856571616346672,0.7949260716763947,0.4849844790879393,1.1996776201792796,0.06835876235725315,0.5913881631720844,0.03094886578622924,0.1706305613908684,0
0.7810284160490781,0.7990076412349947,0.6766797113115646,0.032395959083045774,0.5958444764864702,0.7860521675390587,0.5194148109103377,0.6904815722306201,0.13440089925565152,-0.05558440893649366,1
0.12366859153602867,0.1940439328483813,0.2938455294404111,0.72921579982977,0.8648162935380969,0.2644067003194185,0.44490856899469383,0.8370530631116971,0.6509376300518948,0.2912926907385935,3
-0.029631723823361135,0.9863825925987962,0.9589015418508605,0.27579543773145254,0.13706709994837965,0.43559431391230213,0.715847009440473,0.8870961502475962,0.6883560068494278,0.08369175032720719,3
1.0904875444922864,0.2316470646370447,0.9434451835721246,0.5721508915511742,0.1489295536913883,0.16532687917878286,1.3239794005826182,0.35269804803893595,0.4702689899248224,0.9866075206781629,2
0.35293662602907394,0.7936648203855518,0.3738559434437712,0.7458430796452359,0.8385903152565258,0.20656992253192039,0.9564318901815437,1.0251236723898929,0.3430705982897714,0.4748217172129041,2
-0.17636251824374183,0.2649506753084667,0.5274584086639799,0.8071245735585142,0.8022641910155948,1.2756764744478888,0.27621509353360496,0.15797310510451223,0.7191231627241017,0.3084717594775346,0
0.43753954261151434,0.4789961329004909,0.0957232781979562,0.7571564963742721,0.638342426269629,0.8685256989617364,-0.08288166595899395,0.5974309835825757,1.04689083951083,0.144540668915925,0
0.16360359488350817,0.677241281204496,0.3171988880133733,0.5162854510943979,0.5223083374688071,0.8367432268172534,0.5700469079095364,0.02698666027222093,0.9808184138421057,0.18566859563692487,0
0.701253529898522,0.9380785166796918,1.0715148816795455,0.849325177622669,0.708453898938276,1.0031233079704502,-0.057965922556019345,0.6925687007399955,0.5970431938050671,0.48938069743371904,0
0.09937131071267362,0.48684646255527364,0.3100276029646739,0.9510639660615401,0.6140769600089562,0.7927336547993854,0.3687026763910939,0.09484394783797653,0.14659277888025324,0.051525002593788595,1
0.710367021863283,0.9780923738391002,0.9722472036753466,0.7283194533124348,0.7483893296637091,0.9903991645203958,-0.013325357845049235,0.6269625798488947,0.8434407542247165,0.3584443229521618,0
0.08219737099931076,0.6032430333699025,0.30498463260516656,0.5013740735938512,0.5881194947258895,0.7665245208303773,0.5004987875832558,-0.05633024601522693,1.069908645143027,0.11623173651738135,0
0.2394731792962114,0.9590098785205594,0.42933010851307596,-0.13857749256082122,0.285017035899343,1.1207076714167612,0.8074403798835361,0.17029839852920745,0.4756410482498129,0.35248399030826105,1
0.3820903984821557,0.27584930002316116,0.4948353307237745,0.6345285488670463,0.0839032770844958,0.4577233309486069,0.4244232089782804,0.4628245438123717,0.31236720704357607,0.7880773937698461,3
0.4730233811249966,0.05091696381220607,0.9528586721626736,0.8677557683014508,0.45318139065464574,0.761354751190848,0.2457263499632241,0.09451181725792406,0.6063247780241033,0.6213675856147896,0
-0.08144068802806398,0.13103713990106575,0.5570393855806215,0.26341057704069826,-0.03405454136915266,0.28116901891147866,0.6554099004450532,0.2743937275499456,0.6298520829468178,0.7930385150869561,0
0.34571306403850943,0.019670253613522114,0.6838842091854044,0.25608464330832587,0.9843540312159297,-0.025732002582161163,0.6128825321807647,0.8899576715026188,0.8033748867897655,0.1223256916931189,0
0.839440766807642,0.19326090944704807,0.536511513064887,0.551528481679283,0.15329214517785952,0.11339386654212247,0.2585689825232862,0.9119103986191961,0.5311499877988335,0.6124835548477171,2
0.7586544235402335,0.6094414694921398,0.4238770807478263,-0.04170145113196598,0.6156536097909893,0.033382314207071065,0.8743590758773461,0.9993867133515658,0.893750082959591,0.8684302279157587,1
0.3278523513354399,0.6443633605244945,0.6242549241156462,0.4796315609483108,0.07908813392211321,0.734068787747715,0.47599704804354653,0.6100870708461499,0.07510997914708867,0.6630996580850389,1
0.8202184778725065,0.5566882428572221,0.6719565998654886,0.23991801170128468,0.6282291200567338,0.8538979097547198,0.48937337240466505,0.9380304889041771,0.21150493509701565,0.14081371376169585,1
0.8647461539460499,0.1359147719978538,0.6510151459364089,0.08866214831536988,0.5449029972474625,0.4008640368186571,0.1966142709282947,0.9169461940984087,0.942110671307713,0.834137284899372,2
-0.0044100332335831995,0.10880690198507703,0.6237076043887757,0.2687919384123744,0.04151938414356484,0.21545067760033743,0.579211875261917,0.23305576404612324,0.6898262070016772,0.7651726616203967,0
0.5267655221527449,0.4019264515447653,0.5920843189113094,1.0647554382960434,0.8635337312056649,0.7915622247191233,0.3261776184487195,0.4218444559558252,0.24689456748487282,0.5148428731577521,3
0.4696407806158534,0.2837093773212112,0.45867159157971193,0.9851661282227318,0.48543031871241155,0.4496089661976046,0.6131239384598506,0.5371426397231177,0.45158013156898313,0.22538531864236908,3
0.9498824972285889,0.38387198720629584,0.9918791654192659,0.317917203828388,-0.20956065161841986,0.0808045433258231,0.9071987586906672,0.4537688982136703,0.5976889009329363,0.09112865966868394,0
0.454374883821014,0.23838725518088488,0.41223562081011655,0.6090892724545143,0.6042020128848604,0.5570878703440382,0.6831530313703253,1.0159703451176276,-0.3060261650483207,-0.19883746588841567,1
0.1101564263164511,0.8547857945997429,0.8192334123966549,0.8109857807058064,0.532176679321029,0.7768468554858873,0.157493040073552,0.8329671235041555,0.5776659066267579,0.6073376505654449,3
0.21440762403994315,0.7011249982199002,0.4280154448149413,0.5531449447389019,0.068877103131346,0.8290036877061153,0.5055007518666046,0.6655623157462152,0.10147882220623537,0.7262181861513657,1
0.2890295592316442,0.1682550747419584,0.3592676141777898,0.03879441544531158,0.40882919369472914,0.6343815761229169,0.672573114959404,0.07035560350996098,0.7303161179571988,0.7192059173252453,0
0.9107489593036711,0.15516534367238724,0.46661615664335887,0.5347383349682245,0.19041680556001672,0.16600561481887313,0.26822752514002185,0.97389235726794,0.5182995015633934,0.6809977401178882,2
0.8233138226986431,0.7417687317105616,1.0477643392653009,0.56379982137485,0.7789469579788246,0.8799959236602896,-0.12455539525537823,0.756127021295039,0.658403848439943,0.5724224121356509,0
0.9276213733849118,0.7164559279965669,0.28060987914792207,-0.23674271887703763,0.5694638662080599,0.6693173489639989,1.1183466842736678,1.0833591027001037,-0.34285314901419317,0.666650768557396,1
0.8365620432955934,0.1269320238359137,0.9929400583868366,0.9381162186334613,0.09829477307712012,0.0923150603978682,-0.014083386776593765,1.06891179487646,0.9094345388790397,0.18680919924672973,2
0.44663530146169533,0.754399970424404,0.5273773737065075,0.7356170879297446,0.30444419353952035,0.22930685892643787,0.5484896692033832,0.5190912127004961,-0.04168198151725483,-0.1751228617426815,1
-0.023540313380450997,0.6344751062703988,0.146498985360027,1.004896297122839,-0.041336671687413895,0.43830182467227513,0.2964213514506008,0.25090752771899877,0.5646275888922524,0.9327106600664714,1
0.018094497007679875,0.9009087531795702,0.9032800957890543,0.34832587485145466,0.08942114036668516,0.3548755351901415,0.7939551467010258,0.970525932696739,0.7332309176928137,0.13073958561991433,3
0.9056295093280639,0.3586262691254064,0.808088264071884,0.20456780689289214,1.0235173037814036,0.3325224296802182,0.8292045383270098,0.9465745337607904,0.6455328771339851,0.5169126603835543,0
-0.13794399891701778,0.7546584687903191,1.0358400616979335,0.18994197260047752,0.2542125629576571,0.3432480922839403,0.6775450148211177,0.8664906288097378,0.7108540257834646,0.2063726793865328,3
0.6301689272428408,0.7371162413895026,0.3621215996647599,-0.4069987598135759,0.9450871346937879,0.3268455158306435,-0.06775976829239899,-0.008381387527461481,0.1778396325738647,0.836560232498805,2
0.7402842875108767,0.271517098718122,0.47029609909094217,0.2955789241533264,0.2812973546555798,0.7298928808374946,0.8423281647960451,0.3304178491801668,0.6551522927828222,1.031963806710073,2
0.6949090825857364,0.6661676827660946,0.5233515007804055,0.05480882752399321,0.534682973390479,0.030800407471275767,0.7406042782395473,1.0043706572452866,0.8631807441786428,0.8313869804227119,1
1.09398472879868,0.3035153973972291,0.8844676845931572,0.212081555331713,0.7964649076540551,0.7074627681651693,0.7276602350831582,0.8786417140043816,0.16826010601351277,-0.03760525452510732,1
0.25460356961890485,0.19166817923053853,0.5920524362246343,0.8387769598597524,0.7920507352729218,0.8875933163708394,0.5394157344493198,0.19971956271049593,0.5058817689371085,0.7380590804756372,3
0.2553024802171746,0.8919859747815119,0.9620128671166391,0.5541893494575298,0.8945789711473114,0.9792759491106507,0.9428271744847365,0.4523752886138522,0.7259361657503831,0.8712709733086753,2
0.5122625240515499,0.7779677580149965,0.8114580254684061,0.951820278731504,0.6539903195620642,0.4213117610961289,0.4151334249459495,0.3574251784880173,0.2210180170210074,0.06863961861641937,1
0.10151256037358634,0.848692507566029,0.823525021824746,0.807898774553288,0.5421228986505232,0.7724563935382882,0.1415886268436695,0.8252316627028635,0.5776990055339076,0.6030257605240492,3
0.31385651123123814,0.14166841173995914,0.41467439313733145,0.10146576523344378,0.3369804944219774,0.6776790558334301,0.5816428592591052,0.022117140675702515,0.6714514855290877,0.6580641945658912,0
0.04769179026533667,0.35505945945774836,-0.06637511297632727,0.08384333254307322,0.4080765541439937,0.2224545934082613,0.6483557426071614,0.3667125181558538,0.849140972143147,-0.157692652196536,1
0.11003117325955575,0.8606822119356509,0.8171366185264132,0.8077217462208262,0.5323299062415109,0.7774899547670966,0.15804131593760626,0.8310854634003005,0.576047871139658,0.6076387988873706,3
0.34557720578073764,0.5325190474053895,0.4424720200334943,-0.20609737354471908,1.254854663415863,0.21425725516087601,1.2001025300732906,0.6524114218232363,0.1237168813733645,0.6317566169596821,2
0.17951063821643834,0.7730461938187522,0.26140663620282695,0.6887360489281357,0.8919642623484824,0.30387738489526805,0.8373825155842087,0.9473812100294849,0.22875715987009504,0.5125883593788574,2
0.2402305939077955,0.5525567727600652,0.1013303972958427,0.3428302743099176,0.11134262750401494,0.6430476192670809,0.5228547458897189,0.33680548418541206,0.8927139288658535,0.17593439126224816,1
0.1875341979976678,0.43006144746797026,0.9103939392841599,0.24990363624739165,-0.1051218307908558,0.24197836184254767,-0.03975166262748314,0.02049191707084408,0.8793855566418827,0.8002747253435496,0
0.12362864294570342,0.07830050153479101,0.45978464817428377,0.8898263349495911,0.3506454268631248,0.5943368087547944,0.28542233886092805,0.5699684388151669,0.38640889500768627,0.7433017768495965,3
-0.2670938109883794,1.3086636924659794,0.12238388279453544,0.9834776763891425,0.3220263524024354,-0.10911071627314295,1.037979288265157,0.0324927232466799,0.5220565686963243,1.2801851787681708,0
0.929341250649446,0.33450370431650683,0.3790209474704303,0.9909389740943213,0.6926005550655676,0.5088764408277343,1.0215964377773041,0.6410789477951999,0.9210195617302507,0.41064523062628333,0
0.7759934987436241,0.4168088289948345,0.6200935141570227,0.7829929027275871,0.7436666853987222,0.6056311888333572,1.223979408660811,0.4485616125212879,0.9102857288752317,0.6694635918134236,0
1.010103098136668,0.47242469710220775,0.2961057365999966,0.8799535682299352,0.8110105594953876,0.6063275589287656,1.0446622334861195,0.7748837970943281,1.0238888292161659,0.2745526608352067,0
0.8392326619725842,0.15119073377680972,0.6477261513314931,0.08998261663811861,0.5242966941046915,0.3840469080649777,0.21203298306327933,0.9295499089329893,0.9338382926391037,0.8145340096836203,2
0.8219724710324123,0.12170402052294996,0.6823980217005475,0.0899899451708862,0.4619556244047961,0.41732375682952544,0.2590690134136115,0.8708114868888716,0.9152935172641565,0.814572061427662,2
0.8562338963466837,0.39927334744826665,0.7997397449161046,0.5757947372520132,0.7233833178303143,0.2778857794183274,0.7460820022465648,0.9820666052982858,1.000656932113523,0.5329578304971807,0
-0.05905671246371416,0.6435044928742919,1.122232159433763,0.4061159941586524,0.3038811172216628,0.7243209836173035,0.6459026208482398,0.7751882253174017,0.9200187950503171,0.4220191597494081,3
0.9817633794905517,-0.04144775664728284,0.6570242772886372,0.08749101048116864,0.41296360172225444,0.5167106189873565,0.284367689480179,0.48419667206272743,0.2163538844202283,0.9570670490802559,0
0.5209529409438585,0.2956066300306869,0.04191181527730572,0.9384393824532352,0.4342387329699997,0.7591184532649242,0.9493527621806627,0.6658786804457877,0.5110621747281401,0.03176613281280843,1
0.8218270018975401,0.17436906259397003,0.6089675149505885,0.04903307100799849,0.5557629171621624,0.34944255369728905,0.23552557270292168,0.8923699894750381,0.9459562267478128,0.8075157383431241,2
0.5372800155620925,0.8079336945662892,0.526383988180383,0.35763060626934373,0.4393444098941753,0.781552119315174,0.163583382771651,0.8067578586758652,0.35117352631894605,0.3818475208021658,2
0.24505885887255496,0.21404661881629944,0.3804809171358585,0.17216568254118064,0.4614302965424584,0.7216325918873313,0.24150700472072403,0.12168007919220403,0.6906504780596039,0.6846636107953705,2
0.5818528542437091,0.25058560223853027,0.11314965912857756,0.9989378550594757,0.42337060925533415,0.7331962251313944,0.9736090902319442,0.661645076145239,0.5249288103219648,0.0055946503936482855,1
-0.038970772220082134,0.5485963011108608,0.28879541317042606,1.0083913596108682,-0.026205139302295843,0.2743341914785353,0.2812466880566727,0.15963617771576966,0.5398378555741221,0.8324872617791608,1
0.09336524776262757,0.6757163771812749,0.21684916857822775,1.0314146115212643,-0.004936497392388231,0.37150321285075116,0.28136074396282207,0.20637067990531596,0.5266619700023232,0.9407555511412532,1
0.002280845465791573,0.07827866289586856,0.6171443249709939,0.22237074849224278,0.005054977833789755,0.24345754602643732,0.5919401293761405,0.18952195466360083,0.7180842124763984,0.7926771086671962,0
0.9135961048244161,0.7353127128877472,0.8076614501884912,0.6903814704544323,0.563130248519619,0.7280396303734356,0.07209478101160191,0.6772331672246104,0.7100900037556153,0.46520731654562314,0
0.9862980363234409,0.9326139213565007,0.6987962776149662,0.7412903975043366,0.7463353434143126,0.8939766544425342,0.24667081852109501,0.7036006645614054,0.4948509706918692,0.3233877258639351,0
-0.003758714994952006,0.5840714007276109,0.5048255568475113,-0.08431800955230506,0.3496099476183006,0.9156368730588049,0.10367369469762658,0.3946420865516295,0.4135400587061459,0.9874702295908604,2
0.04034715065717888,0.8476948272166892,0.8694675503264648,0.3303551456035834,0.11355891336489903,0.3189165376114793,0.7866875839251536,0.999368564613056,0.694347651170362,0.14160872509752434,3
0.29700068888561876,0.47401456400939784,1.232919007107128,0.799872676485243,0.7119202172445648,0.5789686432897942,0.5850829953744877,0.37647030657943914,0.0001513059730330335,0.7119068891912114,3
-0.004301351094465743,0.6672414552419836,0.1853398115019765,0.9165197186181051,0.08726228915719955,0.45306020130028535,0.31629040551315923,0.25619815114701094,0.5235663163546793,0.9215089697819464,1
0.9184361815376515,0.5766132005662666,0.7810459017214944,0.22516867036704544,1.1466622404230176,0.3649017599955839,0.6951258255789565,0.8292661631219546,0.6047906783710002,0.715493189685462,0
0.17367957905705483,0.2090488741727274,0.8263319940128246,0.19126672871210457,0.7587663211001099,0.08504492040861078,0.7700876986111237,0.08047172155762976,0.2767187204555584,0.7635972758419086,0
0.2539051761385188,0.22515803912002563,0.644960064609052,0.616898847014347,0.06651530225284451,0.43166474904588403,0.38340157933604174,0.5644636836549981,0.22144925204984175,0.8274172960537352,3
0.909364077343904,0.2921045321904832,1.0599636807742925,0.415503992736164,0.5191684780665002,0.6834514959224434,0.1945914872131032,0.8136028609491124,0.7702918904482683,0.8363065684220172,1
0.8666038523139715,0.3855650068507328,0.8052246633371124,0.5673027145476618,0.7162686349004772,0.27472457900532865,0.7299298462011042,0.9783953476322159,0.9915917682241342,0.5219486921288607,0
0.1435049186839844,1.0830975925606934,1.2441415912335436,0.2258227956869875,0.7295046036866386,0.9168930255693628,1.1800804502109803,0.34173411279741417,0.8259760633609949,0.5517963214674348,2
0.7438260268109157,0.10076557804737918,1.0347186039771177,0.2429850085155394,0.8427213974480301,0.42290193169711926,0.6615742776647451,1.0513587254693708,0.5119549498767481,0.4286078412751383,0
0.3655717151468855,0.8505808923643784,0.37924028199508836,0.7751762602869079,0.9300509622336481,0.334878220352374,0.8970935670431085,1.0876182024530456,0.29049113732362164,0.3891941802032644,2
0.6079682876144743,-0.38415995026399186,0.005032674085451938,1.2912863200184708,-0.003874318279643324,0.14459051860603406,0.6163963527042893,1.1533273867344191,0.7594455886792923,0.5207125217202184,2
0.5402931864238599,0.27744348197489827,0.08051620438012393,0.9863823725111424,0.43277957404704553,0.7763901832733868,0.985914304969035,0.6702072888635705,0.5180868577001652,0.024609322188779828,1
0.39756712227881075,0.5256983714600614,0.9437200082488275,0.5428414785404414,0.7353105382948301,0.9183871825020622,0.277317682706529,0.7977745208218826,0.3080320665792865,0.24922577114542765,3
0.12326084544889525,0.3372299149984869,0.3391224707250602,0.31295055758841,0.9699200581875632,0.6411669712380773,0.27669708328916354,0.9300060857862261,0.8933748946163054,0.5946879048961632,2
0.13191992498795324,1.0816757652159232,0.9985019134767126,0.47792530545522743,0.31360447776508293,0.9273177972072743,0.18964820168718863,0.8900266883643112,0.20223503319632413,0.1093971959443179,3
0.4973624835102231,0.47460184156217766,0.31392482639278846,0.5880733409515784,0.7671090010593932,0.9804402490190163,0.1089758825072957,0.6933241169563238,0.9299290181893966,0.16566491634271713,0
0.4343240637474104,0.19787333725267195,0.3007117569022502,0.6971902836949344,0.2953300176407326,0.26151177261934616,0.9221100959834172,0.08768666833132749,0.7817812054625833,0.24029323642484335,3
0.7850807252358982,0.4058635380106129,0.8719677724549239,0.41186447388883096,0.09568622981267635,0.37311409235912985,0.7867517322669545,0.6513735426130282,0.2653410225570102,0.18537837449973407,0
0.5676457008967561,0.722123180236279,1.0201668173099034,0.5485484712598887,0.7211846245954332,0.5056169256698654,0.6009553101599837,0.841596763810279,0.30831713132201566,0.6258075359501591,3
0.7596101218168815,0.46282865604043066,0.7572305801237987,0.24826113975166675,0.7256426073483871,0.8447876301801917,0.5735382954211854,1.0675536451667134,0.13827226609749899,0.24831287276468736,1
0.9677838031816858,0.5298964461062888,0.5938839865781228,0.27806604100586546,0.7431954448614625,0.7398014888950761,0.38828380547588087,1.0179318058797013,0.33599870526471914,0.12349115224797266,1
0.536009389752735,0.6042075588588627,-0.1126085855257423,0.7159072735122533,0.44734297217687097,1.2964041538765603,1.29253213852414,0.5453928135544603,0.9049784153844834,0.7445007790496522,1
0.1603660494080947,0.5833623890650523,0.09243337172038776,0.2891308586566775,0.14491743974998728,0.48123754732683705,0.6405753167299738,0.2082757678330272,0.9080492501038309,0.011158009080545261,1
0.5754613120969525,0.638116055222436,0.912932145176315,1.096533214981099,0.4458438287460006,0.3789231461338651,0.13969894557480855,0.19598975280244027,-0.004699636321808004,-0.16274888690782044,1
0.5856044039328728,0.8487134479343406,0.18109976989378496,0.7396535904282983,0.574019490921948,0.3884323542492333,0.5664680235290501,0.10932772442262928,0.4851782337195138,-0.026373068937167607,0
0.5232785963047399,0.7774886405174202,0.8697931177222923,0.8542212445196435,0.6554700212819666,0.36042024753052015,0.45043075278359296,0.42725577132692893,0.29919529994408156,0.026257552970910036,1
0.959251268637415,0.36011653983418046,0.8939566673259909,0.29098450306838824,1.0352105766405537,0.37038976165487486,0.6095938775664588,0.7984733936378404,0.5361495840553886,0.5707101766349365,0
0.7973701152577359,0.8144149077701733,0.8112795760733287,0.6341381573529085,0.6470427997184516,0.9058675021320998,0.20069789767257734,0.7871897361435024,0.5683777650782096,0.5619915548504306,0
0.15525595415346968,0.7701506759283907,0.49371582278080506,0.5722491911916804,0.1523195376756876,0.846142829864344,0.5135800525501933,0.717126694657043,0.10069322185278266,0.7365459329929002,1
0.20803856323712228,0.8822611872023431,0.9490115069168226,0.21661131739295028,-0.203740340294559,0.5091412724362215,0.9539718010153967,0.7016947786864967,0.9592110528232403,0.24894319101925141,3
0.16383471988173798,0.45910281640269796,0.21610152044237146,-0.32218726770349837,1.416610299506094,0.24199957003261194,1.3041524455912823,0.40928142638876325,0.21292218594450008,0.47322237182911325,2
0.11118568600537354,0.5733340383567129,0.027356613033406082,0.12606331076452715,0.16925861143604032,0.49506730726564796,0.597360178013681,0.041088829461415274,0.8916688572005611,0.01756275397468155,1
0.7568628374011196,0.6703157736022536,0.07374091078294615,0.942367535672097,0.34789718857835183,0.37517206293407246,1.0624545612598941,-0.44444441677251234,0.29706325516277626,0.8258804848196865,0
0.457411698559016,1.0124598535395195,0.36958246037694814,0.771147911584625,1.0956800314384687,0.9083757801149053,1.2046980046815607,0.7841008120543698,0.5587838864315047,1.1589583337128948,2
0.22158118738240307,0.5604958061564976,1.000234180393754,0.6543542473487802,0.12296634953512339,0.9256438515356481,0.15477887345733823,0.09331182896475328,0.337591544173714,0.3445260644996145,3
1.0751973461077053,0.5805459386232565,0.9240492105099396,-0.2457549030625622,0.9239098360615908,0.7813449501792252,1.2204954803216421,0.9936131047309751,0.25079228983106533,0.8309401741363953,0
0.3068374525925849,0.14622429426756073,0.6541864550316223,0.8547368255381869,0.7717418734058716,0.8559970155964064,0.5409027905926239,0.21133658176621495,0.5135120278144636,0.7412012024038265,3
0.5548532376876744,0.9879947014053593,0.4944961678557357,0.14565691690385385,0.13670373879967246,0.4930798235782412,0.7527900624209098,1.3540777637482062,0.47828134336365535,0.0709689890557808,0
0.5309231822382819,0.8023688086812794,0.5427212904274896,0.37087330950169994,0.4296705789781067,0.7783980795527117,0.1706471324180735,0.8161144618452972,0.34321143872810983,0.3951868249784419,2
0.4164596139352504,0.1994879453419259,0.29182019108432766,0.7270006129515848,0.26490085802592883,0.29713995830771484,0.9796322899771546,0.0434219258071687,0.79654404262477,0.2085050149233597,3
0.7184717545953423,0.9797528642502977,0.6806305617216741,0.7145797622777583,0.47650439729801575,0.7732817519048649,0.027505708943323035,0.8280026375034404,0.8085555660739852,0.4651147581797883,0
1.0068917500983232,0.4201622959713057,0.8927526437149894,0.22055662876407153,0.9744642314985065,0.3466999434984267,0.7653018548509133,0.9729050854281769,0.6501967794089536,0.537083669978982,0
0.042859095717174084,0.7387969729150772,0.8433883132029814,0.47681345778189166,0.7321039607949977,1.0590492399398082,0.9171740346910184,0.7470650728599285,0.7501185158471311,1.0151585140234853,2
0.8037264983306346,0.29470687592073197,0.22347690962606598,1.1416659632351651,0.3730146660195414,0.5136264668893976,0.8942183073876897,0.7226962094596664,0.9789080933144623,0.6659603086531378,0
0.25904947702456,0.8869641423828555,0.41806046021154813,0.7985516002399033,0.8655416299973955,0.27738971988733785,0.822975259172142,0.940008740604255,0.2027764706295826,0.4074451547967928,2
0.2686707657420411,0.32069258946965856,0.4624291310094007,0.9239192505622049,0.8953407652055956,0.7067647225065518,0.5249337221511868,0.22104175193938155,0.5292002331047536,0.5451690639425133,3
0.4861124698171351,0.19851870122841692,1.017534994029978,0.341251582871462,0.8758429299454744,0.663927610224752,0.8324158496516341,0.947550441366765,0.19321701159809185,0.712301638143745,3
0.83584285547442,0.8332374495990107,0.8569275411212446,0.6338482872251608,0.6294207535905202,0.8065847464552087,0.11075079209025696,0.7453624616552194,0.6947746486550709,0.4741387393856909,0
0.5368728784252949,0.6003270612492928,0.15599530203399276,0.6651025745237198,0.749635186784712,0.9223184767795126,0.09437225492589124,0.7076661423154629,0.9082647750074911,0.15843892979638996,0
0.19372219911612262,0.26911183050787996,0.8048560412683887,0.21711127211848275,0.8025038099795486,0.07069621746070892,0.7839216055503019,0.10527461385114188,0.2248823454684854,0.7437889463459473,0
0.8151738949550418,0.3505955264171262,1.1543638369500673,-0.24262423681918405,0.4742437210313779,0.413565306553173,0.5408217467956901,0.8255613598715589,0.38705706328829653,0.5735166872426447,1
0.8115721363624923,0.3257655609246426,0.8191003032056552,0.590368450542552,0.7808144183901505,0.37197681831548923,0.8091036975611136,0.9827157398739446,1.0109430603596954,0.5513273604621121,0
1.005535153755072,0.4286982501262045,1.03685049145556,0.20430402831660066,1.1955389102897183,0.2281024402899898,0.5611743864294685,0.7468455125206961,0.7304579311119327,0.4206358688365345,0
0.5696135124850773,0.5817030403888035,0.9333077138844572,0.5230082660191061,0.5182346200588357,0.6536736770470938,0.5431598263990065,0.5372467813484847,0.1876038043027154,0.4347211604413767,3
0.8779770271955472,0.48598106323021206,0.6300723970114683,0.19969510969138152,0.959877060904004,0.4581896603850295,0.9285802602113635,0.9711233129978936,0.7459625245671144,0.5850085320524107,0
0.3515468002211871,-0.024949281802918638,0.8369147693172256,0.29198951591148903,1.1325549715504568,-0.04271670026172849,0.39490380199133446,0.9495315443652063,0.8266880044282243,0.3435357356517681,0
0.22168147902842067,0.3615607314688256,1.2826824436638282,0.9713822314324123,0.9340069866521308,0.2008917643034518,0.23427749421692862,0.773737801300869,0.5949616841615175,-0.13405691639062423,3
0.07004664475047147,0.7434110118863956,0.6414201384441783,0.43264716338046755,0.23278681195701575,0.7898843829840869,0.5318365111202079,0.7866843465531532,0.16922378780223954,0.8414525712394865,1
0.9557178009702894,0.3228240663664351,0.9262878118623956,-0.23048896594003465,0.5046234799939422,0.9845943488096084,1.0247226042779538,1.5696024009191853,-0.2407425405465844,-0.6871681578821964,0
0.685301521949081,0.8022011318222512,0.08971979880615384,0.743113420678975,0.5811945150883298,0.35411811015429795,0.6030481835213173,0.039115908925150586,0.504390563953871,0.008893759628274555,0
-0.19337922348273878,0.6235919819004887,-0.09265850949225912,-0.61625762791239,1.0487775337352185,0.3276260184919111,0.1951933722053092,-0.3829546788382173,0.028292225703518137,0.17008435004340372,2
0.28539853257511866,0.9361004025241919,0.35208626753416733,0.7800121509080662,0.9278817678711644,0.29333319809380176,0.8997238753840056,1.0323286007401726,0.18281835167688304,0.3668038016492858,2
0.1103761087938138,0.8564845832883564,0.8202774163717701,0.8105480727740013,0.5328014569763883,0.7790852614594463,0.15556270504884065,0.8355142878565261,0.5783488256694918,0.6065152150195767,3
0.586978615265316,0.5622680950185801,0.9039366274240772,0.5639490493850805,0.735829101779271,0.7046825299604011,0.8816372206730512,-0.044410545143044766,0.48530277448307524,0.9553429809481226,3
0.5127792081539626,0.26229267469398787,0.06429195873511268,0.9849139254106712,0.4601860011795288,0.7469818953254481,0.966327718399688,0.675546896563588,0.4902299157160679,0.050523157153542116,1
0.36442432645173894,0.5199679164015629,0.795245501205893,0.7837971995338325,0.20515034658319173,0.3069647464352659,0.09257600982659578,0.8173080108124241,0.28092013635979407,0.3065807996748976,3
-0.02628399778998436,0.7425480965941604,0.48169001032596287,0.705077696693185,0.5464392794677008,0.018190952079792655,1.0650416102398212,-0.02891028328850262,0.6467474333604983,1.0620504162861977,0
0.06268980038358032,0.13147740109963452,0.3238543152444845,0.31106949160204034,1.0884020594066284,0.6727027532174855,0.26098293549763657,0.9005788796133949,0.7961655967810793,0.4323625190109127,2
-0.024009640864002972,0.6386288769052855,1.0020022056371907,0.5091130581980184,0.2832773334325934,0.09085253501768159,0.805807861027887,1.2643130834896787,0.8708423792637677,0.3611400085434807,3
0.5557827344670777,0.7350560167961666,0.9260801648257948,0.18251013551774103,0.5796147289586313,1.3929637745618026,1.0250676973262236,0.4971858459862444,1.0570611512835693,0.43257260295585453,2
0.1310366988607791,0.8670691155058455,0.8044034408944113,0.40618716100959024,0.049141299356318516,0.5142214275502699,0.8003569395402654,1.0963234898646224,0.7333315259571606,0.29838107819066373,3
0.03387823621767064,0.17287367975955484,0.33801879174440763,0.7293395212617815,0.872028936873963,0.37835349483006453,0.37771811329271054,0.7376972943806033,0.6809590960531545,0.14853591909428202,3
0.42588619358030244,0.11947789605183257,0.7674715111137322,-0.06486124537226073,0.44836750400722347,0.1525172130833347,1.1689629560926436,0.7376999956931767,1.0990708088316044,0.9518628482482208,2
0.7789242034138129,0.40262580921547697,0.8801606499252458,0.41204436258852745,0.08954875846365405,0.3655671711865571,0.7873909136585757,0.6452979818888248,0.2721321904916122,0.1815091398229787,0
0.21883363891174717,0.883253566222242,0.4668558444321522,0.9200192588056441,0.5933379246945952,0.20553717014888587,0.8954510680237948,0.0466317203508871,0.4644061534593574,0.825799213758793,0
0.0011791693052811063,0.1055228502479577,0.6288936344449194,0.2667823111547159,0.03337026494305391,0.2197298750054834,0.5747867818576146,0.2303738643875257,0.6828571944364489,0.7717485875953475,0
0.20697976584830857,0.22326284642514738,0.5399274818308952,0.9771958014708307,0.6388781692569259,0.7367023656702963,0.6163266503637409,0.2071137584844743,0.34036512981913836,0.6857122346320359,3
0.22469032003624023,0.7950246972558663,0.42213906949562496,0.7758373958476436,0.8249839044640095,0.20232589827451453,0.8669806692722568,0.9764910945960885,0.16517091941815906,0.3370612658983113,2
0.6170892370048847,0.7711342791352436,0.12071227745894442,0.7094520620865609,0.550978737567047,0.38195464821375424,0.5337321405339545,0.025703685904918498,0.4694054539705467,0.0055507942483455225,0
0.8668674893171053,0.38855936240954697,0.810990146214526,0.5705946443826647,0.7180240382764261,0.2755291985237878,0.7304916205625175,0.974711214751688,0.9890310830997896,0.524608162751531,0
0.41211297661097607,0.19906527333475363,0.2991212070346477,0.7372524374819224,0.25824644789492307,0.3067512217009041,0.9694804747670656,0.035506227759409134,0.8062118957759077,0.2015915094579778,3
-0.0031579795471376867,0.12346546452017532,0.6504316812879791,0.24496630677266865,0.04918533231050058,0.2430071565843836,0.5989852079250148,0.2205015414309848,0.6993197539763983,0.7933587023968582,0
0.45193373027126227,0.515086018782086,0.758054290957625,0.951152695468375,0.13849111275298798,0.1452975837599618,0.2668748354573888,0.5231126614257446,0.17473814604418558,0.26991380548248145,3
0.6497775614564621,0.8193081503340931,0.11102935072158696,0.7070947457887216,0.5232981957063684,0.40548060821344006,0.5491886271029826,0.06921106271618997,0.47683360349493953,-0.005739941154968637,0
0.6690878405117184,-0.04692095766062389,0.5121906930678981,0.6026099565995839,0.6167459404448747,0.6043202182973781,0.07457824692920831,0.6423951919720694,0.4454851751611504,0.7041700466473462,0
-0.010610107132239421,0.4861578650785875,0.11534340057869015,0.1791865480866397,0.2589327634169901,0.5832701341395569,0.6322325829253804,0.005975023214855518,1.0494846311214467,0.15818521521831352,1
0.2167795225124869,0.885975090404497,0.9771998887929806,0.5483570844013139,0.8928825411390185,0.9390934594183409,0.9541872566857839,0.49128523222319076,0.7267677505689758,0.8155615600687922,2
0.22358537776240792,0.7900765447833936,1.3115639267393142,0.3683972935149817,0.39408951608884857,0.48956423120363385,1.107546633021073,1.373601572735601,1.1346052428957965,-0.2702494935843802,3
0.9596359371711478,0.2916375525030195,0.9159223863669748,0.32404871175628647,1.0365683596329383,0.2575641649513684,0.6465683439170182,0.8453285763919648,0.7776559823700661,0.5323739974034782,0
0.7009617755547641,0.3840729791810203,0.8284008731358866,0.4629918635069025,0.16563660221620702,0.28869529351786,0.7363313158194789,0.7274524123159598,0.3365344296852499,0.26605117588114124,0
0.5385875185935186,0.6435614945944075,1.0027746346167863,0.7842480445794604,0.5331199281430189,0.35889948142172867,0.6312069079736502,0.336629557418026,0.41785571683041306,0.03134162134338202,1
0.5126257128342597,0.17370692794296183,1.0440704181245235,0.7689222406797891,0.2999090330947164,0.8406696045550618,0.3228642886120774,0.13436712407855222,0.6380323882616911,0.5616497074916615,0
0.8356629812862141,0.1505106309067038,0.6331089042146201,0.08678072377102115,0.5229037672167594,0.3974936021255179,0.19818821362338346,0.9361112240078882,0.9241849050977843,0.8173692212493511,2
0.8699173818467216,0.8546689146677333,0.8948675936916424,0.6151284328324029,0.5928453736463607,0.8148275339513474,0.0847253256022422,0.7878403498693521,0.6760789933900557,0.48516602275068393,0
0.27700957018375894,0.8096255000837748,0.7567647670739572,0.7104157737669267,0.4281314772715978,0.8665941597124656,0.34763252613845663,1.0481477984028638,-0.1438753302030416,0.3962533802690915,3
0.051968603559561094,0.31011612307126607,0.3334364811943371,0.18065128897785313,0.5298102147457405,0.7715047377738176,0.2430341738059992,0.01393796649180453,0.750172175028078,0.7674371935420194,2
0.9586859693866485,0.5220733466870396,0.7049632089817884,0.29186785425354494,0.534148301905236,0.7142480180635514,0.4194423996682913,0.32587016450050377,0.2144826373238735,0.5670220835411703,2
0.0048102683217524115,0.10380594881273243,0.6285867587236436,0.2666667074861104,0.03463470554720232,0.21761415689215002,0.5749514911540474,0.22906350271076226,0.6811518796349028,0.7724287979371306,0
0.1460128700456414,0.7301894756814188,0.4987634373755489,0.529120530513569,0.17936231850443973,0.8848520117907163,0.5429368302699559,0.6909197975740498,0.1438137068131443,0.7448533596787814,1
0.11075165946581524,0.6681920675041574,0.5679920643580237,0.5695756380716613,0.17301348123628213,0.8432306212415471,0.6065169605659814,0.7248342524119279,-0.009813857654927899,0.8033607961913155,1
0.11252720563988615,0.8570644323361495,0.818103354035372,0.8107345167573748,0.5338834017484113,0.778944533947012,0.15404359862869887,0.8387198690171386,0.5790662337695784,0.6018660569232234,3
0.6083509885693545,0.511118484830432,1.4795617446468297,0.6606310664926175,0.9135577408904405,-0.14636605364649613,0.11494077549194459,0.9351987942581339,0.5633451352674291,-0.5317863986897986,1
-0.10814897552096125,0.26961622474209,0.41876086353882835,0.20550599974217332,0.8716453022409402,0.467941226876952,0.29302162593839004,0.9355865175218221,0.80488777626321,0.6209988528151212,2
0.8592397974976967,0.4239508629091135,0.6598599743086632,-0.1495896741179348,0.6624552144882933,0.01834346894189133,0.7241694802093117,1.1603696792471114,0.6514844610966131,0.9354841879335494,1
0.02637079176732887,0.572212839203227,-0.03370941040024712,0.3887617773008105,0.20112200927411272,0.5744846569761343,0.6058121635638676,0.25422396844429923,0.9249265233144551,0.046379119719249864,1
0.6531233725543885,0.49211937928276867,0.729142249862911,0.4479769128493926,0.23635573483444314,0.2073110390055966,0.3796826704830991,0.9002361449209582,0.7187395353543296,0.8483377177899935,2
0.6509637260645991,0.8165784944763445,0.0658574556467908,0.661094511460641,0.5449139220772589,0.452512261680881,0.5954382869065299,0.058203470348009136,0.4602733018858262,0.038748526101676714,0
0.16327560075433645,0.8977152833727379,0.8318052262389132,0.5002596298870197,0.4894214079874032,0.9512791502702886,0.1291493176532029,0.917641453421012,0.004594594345683242,0.27697118673235066,3
0.4514392903465752,0.2348944840408427,0.33091257556561765,0.7062813787594324,0.28229859574382027,0.3022388195272598,1.0019385080558705,0.03159529107100468,0.8323161098760601,0.20418638277809004,3
0.7929805582428895,0.398631988291034,0.8795504056242112,0.4080328401641346,0.08964364593354122,0.3626851705196431,0.7876397172407332,0.6510716938193293,0.27209653886933666,0.17309060217372127,0
-0.009114570195049309,0.4844006157835549,0.2650910409172663,0.24400281650062067,0.9338525071582159,0.38084840488981975,0.9261039133269025,0.3067458130093186,0.32818379599360814,0.708115642157916,2
0.305199731249649,0.8502840817228091,0.3483189520899101,0.7748541156413059,0.8450672851082573,0.2586387520193471,0.8561136966400942,0.969615485303696,0.25863913005206485,0.38177269462261054,2
0.47143016560032475,0.5410214646075558,0.22725924822751778,0.6443982429103596,0.7874292360512027,0.9260514390636951,0.021062074487003556,0.6573115583702572,0.9815162454879672,0.16502831797342574,0
0.5208445535128017,0.6332103241474466,0.031621242918334236,0.8752568827700746,0.7260739791463987,0.26926274832999864,0.7187963874522946,-0.09642569180092983,0.6642527374843914,-0.04293852751520785,0
0.984109077734448,0.6762475661122377,0.4104722504135131,0.17312240638601256,0.32228119857747073,0.7514584192033091,0.6213145319959372,0.53089600946344,0.18231810432771062,0.03864775833636901,1
0.5557992604181657,0.9129255668623318,1.0919719634109157,1.128265939539417,0.48254678237944953,0.5303920779654101,0.49149468625277837,0.6389777560437289,0.2509422800344979,0.35273469212761743,1
0.36195200904739905,0.3770752493428362,0.8838012266286462,0.7546213911005624,0.4882843487261996,-0.010604809123557435,0.30630378903711114,0.9400061026392892,0.17405615514327322,0.5367862453119934,3
0.26018216952356876,0.165010071375164,0.7804954918963115,0.7885516572145554,0.39230434944162657,0.984874309335068,0.35905782936606034,0.1860729866170003,0.5962213274857083,0.7189451717208324,0
0.9652176526969143,1.225702799955866,1.120799526561584,0.5696094940398558,1.2801589451332087,0.9182009329142627,0.01769109079610648,0.7900150085422528,-0.07900147965427584,0.6129467778767084,1
0.34285383125474217,0.8152057719347539,0.30900471596599605,0.1299725089593269,0.3083963818374947,0.5124168730570051,0.9980235795293697,0.017636273822445203,1.2590446984998924,-0.005012014424706487,1
0.5561700934743534,0.25414678534520535,0.07606881928264284,0.935864986761091,0.3962521441935149,0.7623067690193983,0.9910869439389012,0.6154269441319552,0.5310482906653949,-0.008601069413889627,1
0.8412876366936435,0.5631473785757296,0.8650473110180767,0.010768097224871404,0.9699242622754058,0.5041619818895846,0.8558665160232941,1.0749741330853073,0.7842571561659493,0.5326677547915297,0
0.43964924851692616,-0.01226489951937973,0.25127062104525505,0.36108304809409897,0.17142181047056904,0.6448014571196328,0.4156081070590246,0.9874794211815273,0.2662795994134442,-0.028520640060936672,3
0.322607538190633,0.9432591228594176,0.6310935431793423,0.772388280899686,1.0268992614360404,-0.0020293384598602526,0.8079123347451976,1.262172558941387,0.1830859359274113,0.5106977220175475,2
0.8472964221637862,0.13861338126246184,0.623697366007251,0.11194481315981186,0.528231593575595,0.3877202033763306,0.18474926324010543,0.9599688287964275,0.9146119077346689,0.8089690407110941,2
0.3362846560459735,0.8658942379339998,0.35846550516868536,0.7975262768336829,0.8744724371806494,0.2686483279905623,0.8663464800885458,0.9493366024742902,0.2551110285242175,0.38613160592219464,2
0.917826604253595,0.3831811395829993,0.8217622039692232,0.20386260668928405,1.1043151346897637,0.45973239982522895,0.7031543130408734,0.7610366079540731,0.6407316680646434,0.6296035507050954,0
0.8495069855684744,0.14607639688434013,0.6460109289829405,0.09329782218411622,0.5320237270840013,0.386331850027102,0.20336040293355764,0.9370764808301716,0.9344851339628488,0.8210574754331625,2
0.35109887019624103,0.6697110584222228,0.09755785988453688,0.6907419096787564,0.8231530209754666,0.9588054431576437,0.08852736346002021,0.5498227248243575,1.1299415131127948,0.12423987351820116,0
0.8382261181707783,0.1570832644410423,0.6477922588279901,0.10352254925828877,0.5493015565657294,0.3769279781617035,0.22709811946657563,0.9182630455081717,0.9199382362786725,0.8119670499552948,2
1.4024470157381734,0.8458803431717626,0.5224430275817933,1.7232351055509545,0.5203943662970875,1.1565297082922523,0.865355256370864,0.3218261811765558,0.8947498509573797,-0.15246039765316477,0
0.6428946115615756,0.02274510519141012,0.5863076383472902,0.5435066817703736,0.6029796473582976,0.6025821499297935,0.057377753846149564,0.6109760582276237,0.45543827097948625,0.7020716527660675,0
0.14861501213651682,0.9792958879336899,0.8443016435725731,0.4651675103555361,0.5271763247401179,0.8462227059620971,0.28477455055576706,1.0263543287357266,-0.08495173398212551,0.32040121941963623,3
0.761296083925454,0.4452709064704692,1.0159653535747022,0.7123557588306108,0.6933856149341371,0.5670766540250335,0.7463948590034588,0.4140239195306638,0.1484083318569771,0.2664340135755631,3
0.1111568353848271,0.8793533408067113,0.8208331512817884,0.8317712990348016,0.5488026416678962,0.7782831840565155,0.13682515188312053,0.8301679192606598,0.5881742158265992,0.6293007786218765,3
0.8072492465913255,0.46473826290460496,0.289757002051044,1.1044723636103624,0.534571147214519,0.37047985153902163,0.8605281916731314,0.5829264119055181,1.0527983946772965,0.6004174032011798,0
-0.009501715587815096,0.9871546097639894,0.8941362362889692,0.6425522198509308,0.40854652385476636,0.7685037834596756,0.2686786288189155,0.8466391367623057,-0.07769593517178768,0.3784475500468495,3
0.049497105327830235,0.21488100495569495,0.3331097649083957,0.7213966240213036,0.9289478449200299,0.24963671567844298,0.49278236173686024,0.7824412804987625,0.5928822459946599,0.38148889686352594,3
0.3664031490749931,0.1311222664722906,0.39080120219865866,0.13535500143840776,0.3476455437867619,0.6605395381510646,0.5618953208298176,0.050712308303207054,0.7006625449605606,0.6890479576896424,0
0.3335248530064273,0.8279711555061016,0.8468830744359439,0.9522125687619846,0.04955658677467034,0.5382584364010872,0.5346867294136199,0.3188651897664404,0.1945207647684252,0.29831774576552234,3
0.8863797038298864,0.6684824057567197,0.5285629340134909,0.01978148759907225,0.36930098467127825,0.7491795918621491,0.684159841808137,0.5131353947952179,0.20092191658367875,0.044726213937434034,1
0.4921044242281705,0.7028626071041422,0.7624094564516803,0.8710158956560997,0.1934862755325441,0.05679879209211823,0.2817362509789571,0.647695281031929,0.11549105859479034,0.2804989990004042,3
0.3637775883464981,0.8932748904335102,0.42529503363558796,0.8778378438966392,0.9473681406550261,0.3511000525235973,0.8132551329566217,0.908856402354397,0.3187051556408281,0.41794601682576904,2
0.892750565721374,0.8264231223465857,0.9775394377492802,0.7230593292284774,0.5780094559153007,0.8971449914822714,0.15310737330171115,0.6875540515073376,0.7197488618210152,0.45624566617140194,0
0.559603919242222,0.7283458444721681,0.7919166461880356,1.0018535284217078,0.5463798036386774,0.4305394689923439,0.5179333975674495,0.3413546585784659,0.2085361881070094,0.06410738022852443,1
0.5183171043334797,0.8257143949606078,0.5491226301756608,0.37892985578941657,0.43691363802794425,0.7828854345500214,0.15275835200945775,0.8199391141386069,0.35091872474130487,0.38422466603055905,2
0.4026790057488839,0.6853986051414904,0.9602705518721985,1.138976548985326,0.7066658219085254,0.5894138749456876,0.24899660873825963,0.274061531789125,0.3835218139244523,0.2732188118958382,1
0.41451506430275054,0.22954880795939633,0.1784103068246084,0.842888023764506,0.25135996114770726,0.26252985779927135,0.9876341004340693,0.11545840028002845,0.7155026405873313,0.26594781731021866,3
0.11303763214861297,0.8620182988608459,0.8080548532710209,0.8132532904947273,0.5429898446684431,0.7929998007091085,0.1591175747527639,0.8260899960459632,0.5598353152344019,0.5888756198080483,3
0.017038594487909793,0.2629565020592611,0.37836357302851736,0.31175346442918084,1.010340198796082,0.6018448463287882,0.22623037202008123,0.8561232201075661,0.821791485479262,0.5221399449965035,2
0.39272794745044337,-0.03750325858227832,0.6725400711818843,0.17077430380294684,0.8660475088561926,0.020869754115693966,0.5482541196583692,0.847919551985596,0.9095029067127373,0.12376311619273367,0
0.45784204822226515,1.0709234963233987,0.7122209674280857,1.1965631129397616,0.7029728157687666,0.3598998128755976,0.28651941500815936,0.0530048591132381,-0.17024791165084463,0.2656237816022444,1
1.1452345897222482,0.294324486504352,0.8117696630560901,-0.11883988619313368,-0.3908271310110408,0.026991398230409636,0.4831745317435323,0.9299804269296201,-0.26894518716626226,-0.1522881286345915,0
0.008113329898822956,0.10590066918762474,0.6326634553152555,0.27946398453982063,0.02711896966530522,0.22277889779408566,0.5662356260791976,0.24308987028550524,0.6889304313855773,0.768230206416929,0
0.7882940113656258,0.41797954815001137,0.23869306215644875,0.8620982571966329,0.4845698719060618,0.5411246092120126,1.1833255855551001,0.6244620156643838,0.9973701528645167,0.5293976131534487,0
1.0171561616744187,0.6041593375452895,0.3069809986822311,0.025906169338217974,0.5296853521244842,0.8278336061254582,0.5335325661138198,0.4133992880881484,0.109646934666594,0.0014403700674566755,1
0.8576133508349426,0.8194946814499944,0.8662212160953436,0.642559747484156,0.597879377520243,0.8165541350378619,0.11862148805635181,0.7490668008609269,0.6812389909133579,0.5084737077072394,0
0.10559986920456749,0.86349002628491,0.8297717154824491,0.8257545113379217,0.5201757227472389,0.7782554883615076,0.16891428792806165,0.8199163941264505,0.5886142205793845,0.5906987880756617,3
0.09346120653048412,0.8500033892936228,0.5198298105760653,0.8940654363021309,0.5639223508767379,0.017520836316891497,1.025994571598983,-0.07782506943512871,0.373946434791532,0.7419296161216536,0
0.18719036841302936,0.19589326751915462,0.8242313980131243,0.1873267199081063,0.747384076411414,0.08101977406974219,0.7642985331680461,0.07132740425084927,0.27848873712285616,0.7600416845061685,0
0.3847450776138984,1.0972380083621014,1.138701905749286,0.5877984558805006,-0.4442622616060301,1.1074203689088349,0.635498953004426,0.5463165242485288,0.14491110822497233,0.5832312609162307,2
0.9253200781441812,0.44860212058252624,0.8391219983200715,0.06777325004182799,0.9554234728370534,0.40125048925398654,0.7891467686214557,0.9245586222600248,0.6995787701894381,0.4971664699856352,0
0.7404282816221629,0.12196581780029517,1.0641504096166317,1.0738024096972496,0.6144552175018095,0.8930376680430108,0.4461082313638335,0.22412972549630536,0.7205771041294223,0.7672133227403054,0
0.797857240460236,0.8272197186321539,0.7752957493400097,0.355058848460754,0.7508206423433618,0.9016245560078702,0.34958202156552165,0.5330661962305905,0.33036758148012335,0.5763474733103696,3
1.1458707543976172,0.9436740921998211,0.06200064515796577,0.7395598247725591,0.39858420390573795,0.08909646263782656,1.1413033874419702,0.36984063666082245,0.2814804095678428,0.9229238282633345,2
0.18927935140619748,0.5103094659737739,0.08195395118865628,0.3731296949233807,1.1013905524119394,0.5770667171365068,-0.007039482451966533,0.9426363075921786,0.7242675315338535,0.663250741686131,2
0.09372646307407909,0.06410399414621892,0.5341592678953845,0.25225276264367985,0.14832503978223327,0.10795594345354063,0.5737877166941238,0.1522485700150068,0.6082900065789585,0.7917783951261282,0
0.5465500058734085,0.05853061317098957,0.27000731140796025,0.30074518565950065,0.3581173135294839,0.6850987214878036,0.5293519528874814,1.1222378012965941,0.4975441885984506,0.16279316986443435,3
1.0145032933253535,0.3518941558428589,0.8679262500689372,0.26906347584083656,1.0154288787649912,0.4564611361952627,0.6999568979147549,0.9973897527517457,0.7421523102260537,0.616201681464617,0
0.5639467693498421,0.26446685208509096,0.10374363410148471,0.970117833081718,0.44355803494127827,0.7960775738302951,1.0067160526543588,0.6855625521394094,0.516502430364446,0.004761661581843671,1
0.4761469163107892,0.22631646136874214,0.5370999714326413,0.28324722219793735,0.902692529810673,0.03902613175955589,0.4206879103767003,0.8869778405861694,0.7574760986388784,0.3141974338844077,0
0.03530915650394521,0.5525782028753125,0.05271510370666653,0.8654583459518236,-0.09841147723881061,0.3158568126760377,0.2086357779201976,0.17459179766107558,0.6341140078990675,1.0386015756804101,1
0.4879578802079866,1.0586830928175672,0.15656569009377477,0.8521345019296607,0.9056264843164908,0.408873355419632,0.9746253922318914,1.0186158892409547,0.07262101476150326,0.5205979686752858,2
0.8772655219239995,0.3827732884831442,0.8229487624427657,0.21318765733943018,0.7863311197026925,0.5173236563653341,0.5438078886426548,0.9478062622593111,0.8048830913949986,0.6527570386410632,0
0.34446882135114854,0.05793469304656906,0.9391911104791891,1.0437342189327148,0.48989461763984216,0.9033116174948688,0.1001041233083956,0.19730569347271965,0.5819024512929893,0.6025524926586777,0
-0.11725319175696633,0.2410572809952896,0.4972212346758029,0.21145989344608657,0.8531335573033567,0.41594022115550444,0.094856538647202,1.0120478283890035,0.9696922491268433,0.6802139683750364,2
0.5335982346068504,0.25884425285215606,0.08283049194362453,0.9961174351136175,0.41143287175580284,0.7864565315381795,0.983802632128167,0.6741675001933684,0.5247610181911871,0.019075896468860685,1
0.2750998506579032,0.8902672856328632,0.992901701992152,0.3714565525193312,0.43614971227637506,1.126390862157057,0.3138063288804822,0.7958275724619007,-0.003996223749318921,0.4152189149141644,3
0.8598350302523483,0.835587676773297,0.8654183336940338,0.6522448664529668,0.602034429266836,0.8299339502987145,0.13075445930347288,0.7597751916643508,0.6859915612833396,0.49700248670921643,0
0.5046260854781085,0.7233981975287437,0.8148354086510821,0.9136008983383412,0.6385835870149276,0.48247445861038163,0.46812860794359396,0.3390175676932624,0.20253649550432323,0.09301467377681027,1
0.08117708988639667,0.7247368738118971,0.487294451853845,0.5140587291780765,0.08602924860635748,0.7983079899887632,0.5246937029528586,0.7252909189926983,0.03063836237556826,0.6767075551928456,1
0.12413168421260515,0.18862803158951885,0.2881241832888678,0.729824067155451,0.8781665133126857,0.2554205607747612,0.4356811763224807,0.8320488332316963,0.6384123431462754,0.281592359826141,3
0.2656213255547529,0.9757896704133426,0.14646787874889258,0.6090593359455707,0.08073375176016746,0.435660009781198,0.5368170007095041,0.2597094475170093,0.8558725933675393,-0.205184738832689,1
0.29029866310838726,0.6711573765906973,-0.2716616279574896,-0.029637988388028558,-0.09513260785438779,0.17971297976903117,0.7843633837181746,-0.03135624662256922,1.127366721862961,0.08886439520240061,1
0.6921331532758506,-0.27306804080257135,0.47856256836227745,0.8285947088496675,0.5504274870212147,0.9035099467067311,0.1246259203425267,0.22074326392591692,0.6495059222065218,0.7918388000272116,0
0.8911562416013207,0.35362804797534947,0.8226179121268831,0.18217847660193298,1.0023821756259261,0.404068471780175,0.7944540068148503,0.9410063933433233,0.6792443523224988,0.5612602094885806,0
0.8756105103724078,0.40581507747985973,0.8161499876030653,0.594458402680178,0.7315502419260351,0.2410524917570694,0.7509998563065661,0.9661985530599781,0.9627590634612357,0.5175822900389889,0
0.9898037975310431,0.6026912258435991,0.5022034477897637,0.13779990742789797,0.5106135217059158,0.8640970486522462,0.6908561743444326,0.6212780232796035,0.2530918239352462,0.00661652959216906,1
0.13470257154108417,0.17083292246262263,0.30810773220317045,0.7733628879294184,0.8815774083471777,0.2926854484942462,0.4515037028053727,0.8646114354556231,0.6443526136587193,0.3064992151660022,3
0.0026915311300816872,0.10508723427567784,0.628828270516764,0.26685877187760604,0.03218663287956051,0.22160569785975373,0.5743040511249287,0.23071625601401247,0.6818273801534181,0.7723444041048498,0
-0.0141684240948928,0.7564616985574392,-0.004484839972045282,0.1360548683822294,0.11504375326245886,0.3764068056651896,0.5853036663759983,0.2901019761277428,0.9879359217847414,-0.08147953677808105,1
0.8160722515994526,0.17433267908012087,0.6676270584965657,0.07965784949485577,0.519824488407496,0.366567862025694,0.210860352133609,0.9057071413451743,0.9621408304465073,0.8326368462470967,2
0.8184452425255861,0.42148344772491747,0.870088157519751,-0.2185178890911702,0.4171103667569416,-0.19450600523417438,0.3786244840141992,0.3785813637637888,0.4648498219803723,1.14252050695911,0
0.25855887418463547,0.9875823317825648,0.41621736490120226,0.03307297378906188,0.16629929114487155,0.8863482329211664,0.49547605986964116,0.27622157326302227,0.7657481770206042,0.5386603599269103,1
0.8755177467749389,0.7058929727384148,0.957670563749634,0.5588027035444709,0.8761268585589048,1.0035229834418828,0.18849796216565357,0.7100450897484618,0.9516354596253642,0.4223348567928089,0
0.5271606540761733,0.8102309214574557,0.5287504138606413,0.3571214713934878,0.43337357424338396,0.7950018337926145,0.16922336059507584,0.81741180359318,0.34320295394493755,0.38589190014001357,2
0.5354766607156282,0.24293006604670783,0.1077828618009849,1.021498544454857,0.4235850125426598,0.7521172944804765,0.9564928098639657,0.6407908185818831,0.4809196262718107,0.0537962505758518,1
0.6629103412157694,0.3258538434796762,0.6270194657646557,0.2655685174223032,0.5282546894256377,0.7132590748358012,0.32424163004248374,1.0617444360728,0.014241940159773758,0.37469275888203163,1
0.5273502945156048,0.8119151528807949,0.5260186466164722,0.3698733285410782,0.4390651689855285,0.7855622278184838,0.1701251260718064,0.8220692950345193,0.34736357231919945,0.39093690504209627,2
0.013467649814776054,0.0939080894646738,0.643559857424567,0.25184292203052056,0.032979224567580845,0.20750102385744867,0.5803422777065455,0.23112758439947612,0.6876890459789861,0.7802063036388139,0
0.7089329255788037,0.3140255097592638,0.5420983698266604,0.007635117548536741,0.2523262798178849,0.2919118008937539,0.7367442304754118,-0.1638906378259215,0.22979180663721122,1.1223934191685514,2
0.4682862476512209,0.5342041699122324,0.2313898088204177,0.6538480144672362,0.7939895214068852,0.9194339614861137,0.016902261303276333,0.6553388217923871,0.9779753022106379,0.1598094694693694,0
0.9367888093141551,0.7890760618462966,1.0264579507219966,0.12279939974065021,0.903638707960016,0.40591182227464306,0.44348440851512727,0.36301696238845504,0.09658914696992854,0.4303170906464592,2
0.8448786571927293,0.14741237315201924,0.6425564927002598,0.08657673477976074,0.530950900380689,0.3887025952242017,0.20624923113023091,0.9305933020818701,0.9332941159954488,0.8211561149250883,2
0.8901633456551122,0.3988784323683718,0.8219597367842588,0.5787360266672158,0.6927134016508006,0.2954040707829169,0.7416661777909376,0.9906371826734316,0.9750602051351749,0.5049810471865024,0
0.25331649911449683,0.9505335642713134,0.4158814168415295,0.03774425260772153,0.20859135105282578,0.8855247594462451,0.5103863418354445,0.2565721014421996,0.7587260194601727,0.5015730143997396,1
0.36898270883047496,0.21257449438966755,0.30028807639423605,0.7914698035647618,0.28716730146909786,0.24703575462745364,0.9025751671616646,0.11783214032555894,0.8449771915391896,0.14232058208054715,3
0.4485142993100307,0.621937634806168,0.8432943688378554,0.9097507783491924,0.2104622533018845,0.1805205838571251,0.25888691837017586,0.6082486204757298,0.13895856568050136,0.2166656288596042,3
0.12435009688410271,0.9109803820335521,0.8590670936420435,0.5590826104754243,0.4217655831094022,0.9280937285637467,0.20188242580185306,0.9386503395469454,-0.016611280842205284,0.2375517640040273,3
0.7285488780492793,0.4337284370915444,0.6396495019641694,0.24852011033829174,0.15444897781712752,0.5313309867646923,0.9483394715854936,0.397491211849526,0.7634548408676616,0.894086261268455,2
0.8552378810444138,0.3715843104578962,0.8059804732833608,0.5691046077983962,0.7174764858165403,0.2657985596150999,0.7325530523752342,0.9672158869733426,0.9955863149426045,0.5122321413387446,0
0.001062152060964785,0.09962564764685583,0.6395925894583521,0.25850767998632407,0.03981298833389156,0.22947539208036657,0.5822225322373665,0.24306751698953002,0.6799062685951407,0.7681188068612668,0
0.1761232171206371,0.9390453433035506,0.7623508716556608,0.6228743048828074,0.34072653694351973,0.8598506429780018,0.13814053415549943,1.039250668722036,0.07758737935799362,0.1291322688974202,3
0.7673660617329815,0.13120708971285572,0.02670874502672327,0.847911325422041,0.2996055684136366,0.4655960578104415,0.6073490829651368,0.67762817010902,0.5387085366392823,0.7614492441151959,0
1.0810027345156448,0.6170469292787676,0.7588594653627069,0.21510910813555645,0.7666871443414331,0.6293592584215972,0.5437178907639268,0.4242543566950665,0.437499184371421,0.6651817641483803,2
0.5578816963981199,0.5714309782054267,0.9077289361237187,0.5404329136592044,0.4856338684950747,0.6248981007040907,0.5827049629369433,0.5425899149139923,0.20235540452370335,0.4379748398171459,3
0.16576332499569157,0.7747452028613233,0.4975304089850339,0.5666513830836027,0.14396301811924855,0.8428979753241432,0.5169122174470485,0.7123212040206388,0.09351414589552248,0.7339538803345156,1
0.07310460258947472,0.5909618598274379,0.14074029279658407,0.8701436621930232,0.07000992736746062,0.2851327649465841,0.22486283866324014,0.15730185751197337,0.39764295883841083,0.8396632109690143,1
0.20078306247734878,0.9223933052249841,0.886997073021709,0.6682272266717021,0.5488336128966457,0.8948743505522582,0.2748867801758053,1.0079292896013,-0.07468441531705948,0.32664623851544256,3
0.5798773830668854,0.6790779625179385,0.9139980823111059,0.38872813710836773,0.7092015710552704,0.584767619449177,0.487755864170536,0.5615490117158451,0.4158673261414663,0.4834852007505505,3
0.3797311997647183,0.3239729334619419,0.9644256326538252,0.22811617107976823,1.1110234239976542,-0.16434132005402813,0.7936503971178417,0.7285166272914433,1.1364254469229595,0.30135068315783176,0
0.11038816131173089,0.8561368135570073,0.8202445775876275,0.8103137186102565,0.5324425826770443,0.7793339142534185,0.15520644550926765,0.8355532972303237,0.5784462529079611,0.6065669603215837,3
0.5221494531082719,0.8170804353406106,0.5289408434184657,0.3364533372829637,0.44442438002334367,0.7974485797079028,0.16979325112263127,0.8365070393085624,0.3422076072650981,0.3993804951963174,2
0.5488261875663822,0.28762509891036764,0.06575223713110141,0.9077479551882166,0.4014788875254553,0.6875507056627332,0.9397992499055662,0.5851106343275123,0.5882185736754981,-0.06849878222311857,1
-0.1431688386149197,1.1949809298170684,0.7237736663847836,0.6691902822523313,0.9986543176787557,0.7556919181489657,0.8642849878459725,0.6965800089387393,0.4228672690298171,0.5916049830976458,2
0.2981689441370574,1.1108986256379698,0.8117581740780886,-0.10312481904620269,0.5302429560449083,1.219459736144398,1.0303646362537335,-0.04793934716190951,-0.06509047878184465,0.8937489119168723,1
0.4194939696697968,-0.04470611727126969,0.8880881701111798,0.8607598623361288,0.5968291068001942,0.5860089864101644,0.07385630636905621,0.04417019585637752,0.7461881245686266,0.5717977848523637,0
0.28560073705316186,0.7716539773017959,0.7453396338596783,0.5484580777123421,0.35981115320604057,0.7643703643001939,0.2978023148481515,0.6849336564139118,0.12309580434139587,0.06237889112022249,3
0.03786277449414666,0.14136314617289153,0.6085103517125187,0.2982880511052141,0.02155970369620076,0.2472058361192181,0.5594988654295616,0.20351518995555445,0.6777969640328237,0.7538202043966497,0
0.2090170539687534,0.8097889606937972,0.7651962735626183,-0.12629295059393342,0.31552579692858684,0.4887016738366137,1.1378387283913136,-0.37419394509607706,0.8816228942271048,-0.056014436229070846,0
0.7321811903455444,0.4276848031937737,0.615787163004967,0.2431928286877537,0.14117193735112857,0.5368821644717481,0.9681067713298238,0.3963593200888061,0.7607648175468624,0.8997908697527398,2
0.1265198507035429,0.20153945592108174,0.3412624790710395,0.8990779389201753,0.8394739422066887,0.2863869365086075,0.5578376454631486,0.890847017741627,0.6520777356364205,0.4180657708933281,3
1.7441450402264136,1.15863330565301,1.270162975584575,0.3685554934905731,0.6974015500391897,0.37261164197144453,1.595110173593322,1.5606028363281341,0.6880239186798747,-0.8460769361048995,1
0.13879137116707455,0.6800265613766284,0.5799311762952625,0.5821573313162798,0.10553903119333859,0.7650601362146723,0.4725987861989693,0.7720491309257138,0.0592724412163346,0.7860208460637648,1
0.13910218264960064,0.8700468080326487,0.8261308540369539,0.5959908286651646,0.42017674617224776,0.981363471539756,0.12074023843573424,0.996715176956044,0.032840193297342786,0.1912372922590711,3
-0.11235156287215486,0.599534451141995,-0.03506956028475389,0.070423860017723,0.06654792825699773,0.5271885880949191,0.9750374714716579,0.2839989221638258,0.711143284506508,-0.06281703802725491,1
0.09875683832115978,0.24162876282696547,0.3155159193484484,0.29518593590747233,1.005769848919992,0.5425374464514182,0.1835990185212113,0.8742674581214405,0.854121684576051,0.518141050067437,2
0.46989301907819475,0.673826630123922,0.82178632336229,1.0780581978327293,0.1590472571297037,0.048298254974771915,0.2218555925319692,0.7134144096691882,-0.04792961886256775,0.0937105372073469,3
0.8954101031767235,0.4738545859364768,0.7896012157781055,0.20286043726809136,1.0686019295112232,0.3217784610284692,0.6969549242744869,0.951699905176418,0.7212209170016083,0.5366141591658502,0
0.013397164222233145,0.9007890985227048,0.9168387506189132,0.3486871897845594,0.0888003741733848,0.33989097992126194,0.8000368382636838,0.9640058181305174,0.7262759748934171,0.14145077035673553,3
1.00069350813746,0.4649471808898219,0.33253732661698177,0.7931627518494926,0.40729661988651683,0.6119297019313146,0.7302627106589614,0.7621643767113836,0.7892391584615617,0.5940982863617772,0
-0.05855949298068561,0.5136772304436421,-0.10656815044547965,0.19339055746516695,0.21877547679163345,0.6294185204442206,0.8857147755457396,0.34160828124034603,1.1356038252410259,0.03183781423482519,1
0.3066630893173853,0.8505806754586087,0.16126027993789838,-0.025414380344258525,-0.03982568108598156,0.23250169012486976,0.5480134984725408,-0.04323183929158775,0.7801293855453452,-0.08749108220273644,1
0.5386834977255546,0.2761523869635035,0.08342778906298066,0.9814647612449658,0.42870851378381186,0.7571990252012872,1.0169585378069228,0.6541962011769087,0.5332875276108162,-0.003550176908005371,1
0.2552099901212772,0.8223184247362352,0.36987196137439593,1.0095877752022027,0.6462599816520557,0.21356385542260947,0.9065037376915352,0.12008803074925418,0.4308406669669538,0.8809623872385098,0
0.9883977549564293,0.4915591094505959,0.5193461632737967,1.1853499094243762,0.9776507224414098,0.5802202958853666,0.6708538014129487,0.5913897560222099,1.0144463995858994,0.40817964453855315,0
0.9667803358919114,0.3371154159724487,0.8309433092556405,0.49016869941174074,0.6758145006623343,0.3030956991100998,0.8154842032869296,0.9579816096297818,0.9066569650451907,0.5311487844502434,0
0.29354329203826873,0.5340501526167667,0.7639665123850812,0.5413681106037972,0.8510576607507951,0.9688306325445114,0.08740604099322669,0.3137398915148033,1.3209047714755622,0.35669269844429685,0
-0.1372966388837883,0.38082078289002563,0.9586356917500283,0.463806840955356,0.5904466705420727,0.6322156971957725,1.2841638019092882,0.2918022908673233,1.2443952361428745,1.1092864735947385,2
0.8560109823313033,0.9134267223041702,0.8245803149697648,0.5869396858074308,0.5375400891198314,0.908716468065639,0.14384069621757345,0.7608127497398677,0.7350823476140013,0.48605747246644937,0
0.3920554582831731,0.9887999846863432,0.49225017116644443,0.6253822466716016,0.012997967673096467,0.3009433707102917,-0.0023932655667940825,0.396021068082325,1.0226892665765714,0.8828280173016937,0
0.8855575179988062,0.15101583500122004,0.6083375080459791,0.05880139793039192,0.5173157046819391,0.4331455603867983,0.2531771208716825,0.911093370642102,0.8986381248744969,0.8416595833566529,2
0.11483726829391781,0.21972961632911603,0.26982811518151784,0.7531999413900413,0.8992040985789012,0.24001864513823062,0.452861476970343,0.7969856201720463,0.6579776747527714,0.2846930580343726,3
0.8867922925394306,0.5549325855703511,1.0611063178325875,0.4413456107300149,0.5636147738692174,0.8240314999083956,0.19690084603313812,0.5029139436668018,0.4152200858552246,0.3802042714826808,0
0.4073760595355717,0.2057273358892981,0.3071824924986515,0.7372412283731026,0.2549238480016891,0.3071206198303273,0.9672166222783665,0.03746210866618277,0.80197019778553,0.20394262819120992,3
0.8260435856458811,0.14849349054428773,0.6358482730484901,0.10267044764113119,0.5363965074222569,0.39549630426091886,0.21469450012469085,0.9190759004256447,0.9510128971430313,0.8173060277404481,2
1.0326000875316785,0.7814677945650859,0.9259652002054299,0.5553147811064607,0.6131419258174385,0.6712680138563333,0.28353525448501704,0.9393055987537346,0.5781657618193713,0.4343033665369738,0
0.7266145056005038,0.39052743693955666,0.8227344877486287,0.4641684243079166,-0.035510606657365024,0.5158195984575928,0.8198172617799636,0.5375990780665358,0.25755317997517374,0.19818962023183626,0
0.4714440835413847,0.005644160244336811,0.26324996290108943,0.3317327256462205,0.2741169731729621,0.5887310923466342,0.42887554713946685,0.9484317101535371,0.3714149657860076,0.0744837500861932,3
0.15599656578363036,0.16596590033032002,0.2720080005452487,0.751349954542339,0.8944910382846039,0.22988067971154313,0.42392940200139057,0.8087224647570543,0.6133207394288779,0.2772865020835908,3
0.5595918153698858,0.7991369488813385,0.5398537158590628,0.34734365234885695,0.43310885732422055,0.7799332103884787,0.1666461252605145,0.8191332013460327,0.368636773102673,0.38221348071494055,2
0.22308381517483575,0.9571595797485791,0.3227285547419475,0.06712073553736987,0.22171351634015635,0.8689519355267358,0.4851831660657556,0.19084171734810973,0.8115696893191519,0.4808453187529611,1
0.05495551186129154,0.2899414900624404,0.3448279785762615,0.2690559207472511,0.9681677569865746,0.5705167429599242,0.22353526346778785,0.8710269850791119,0.8306227420766046,0.5586799361280466,2
0.31198679248670064,1.0489508680685642,0.7276672162211616,0.4254939639636779,0.6190227434752362,0.7848719081788935,0.4089469570162497,1.1378738489243363,0.10956001531100677,0.19384222252300518,3
0.3350595454620283,0.6277931677048021,0.08090873783383162,0.3879616424686312,0.004022888705680558,0.5163679523389112,0.7501407438136036,0.03648465040478671,1.1434062443226154,0.05195178722513147,1
0.1299565744302755,0.6118025133043239,0.1434007833727423,0.10438158187377011,0.17747415696822677,0.5505301575042609,0.682393067021744,0.025836529015766635,1.1387638692625117,-0.00016434723751351799,1
0.03834758573559327,0.6345246397579836,1.616558232686479,1.3350523895761062,0.5865203166349668,0.8405877859295241,0.8318814437822896,0.8184913755510298,0.7454499845755606,0.8983601460378909,0
0.8368814921641716,0.13663158515820167,0.6531918325188302,0.05940504360380568,0.5295162155272268,0.38170066296618677,0.20899775236534382,0.9082856797033849,0.9114236858635633,0.7871640843407103,2
-0.08986734368457899,0.7634705114290183,1.1114367378814347,0.13473370129082113,0.06582657701285483,0.4776598343651042,0.6576362661030984,0.951414726077278,0.5769273369913986,-0.04357866336807656,3
0.5436169027869363,0.3004680634541746,0.08790387197233779,0.9758233789272884,0.43055518853727537,0.7489349697480696,0.9656419704212688,0.6966682526892701,0.5253018585271076,0.020648171855738612,1
0.8651442489004098,0.19550855219905278,0.8594625151396048,0.6021164836338642,0.10697962877373261,0.0764243748123567,-0.07271695458099281,0.7844922642795621,0.27084335526125575,0.2995642146390558,2
-0.03647462669723683,0.22682086513877986,0.6539539963684764,0.1708977973862754,0.1673911357841585,0.15831941237474417,0.4606178997872076,0.1555548709691294,0.655463076087345,0.6384085326684548,0
0.029488375174181097,1.29510917808631,-0.050308950979890854,0.9046005542119225,0.6836107097826516,-0.35348956398580467,1.5585064495122942,0.6638562363006076,0.40038479768260404,1.3896519102544647,0
1.1437847610986334,0.27135755093960456,0.7462611205009025,0.39654457984255187,0.7606766716308253,0.12279751436876174,1.1106185285024255,0.6901967906232025,0.6083515358276681,0.7525226312232196,0
-0.8488158691307159,0.8489933984243525,0.8621522980974669,0.3237763860443741,1.9682478365922242,0.14579918085741161,0.0734421889678526,0.8889354745975124,1.9927038865875533,-0.47384237382800165,2
0.8753622589493906,0.3849779421492532,1.0756318439091601,0.6516476896334784,0.29907367344826497,0.21729746026622765,1.0084995799564713,0.7177774726753577,0.4131526771880779,-0.022112879782166917,0
0.47716283767472634,0.04856790160191302,0.9530426747508571,0.8667927734449179,0.45951960352815335,0.7661507278974262,0.24449325909927966,0.09849948105826152,0.6070131005922562,0.6182380213309605,0
0.10750615860962243,0.265372284140815,0.33407476518765844,0.2579818825925926,1.0454250020100564,0.5054621393744152,0.27393991519901406,0.906668311261511,0.8565005317620547,0.5843982201170991,2
0.11020759474329693,0.8563954749415089,0.8182689986674458,0.809267306578695,0.5325290135881273,0.779409565450518,0.15633565847742553,0.8352768398362094,0.5802931622403266,0.6077143252710827,3
-0.1459854807453228,-0.36031917975628736,0.0802590637384468,-0.2537646639951833,1.7392842357765987,1.0138754579884173,1.0177185599635021,0.3948728602761022,1.1716175550039103,-0.0243160524465742,2
0.47349012297864435,0.037105442900017896,0.9342787328485066,0.8794732127547311,0.4523725996030281,0.7639021283782838,0.2348426252411388,0.10428062518829899,0.6037589900365977,0.6217211688328599,0
0.8924239876282835,0.4823766642459039,0.5388744428255119,1.2093358507356515,0.4975150698550671,0.6920741126545873,0.8580018915807837,0.5458359542675274,0.6757713036705324,0.5144020085576508,0
0.10635864937569253,0.172305642014812,0.3046827060286017,0.7284973060233071,0.8620331804851049,0.2674378709882339,0.4214731924962446,0.836458274660602,0.6189627114943821,0.29381220938283376,3
0.005767905670212115,0.09658516858634057,0.614573112060449,0.28197332037463346,0.024207041217754577,0.21997928871778627,0.5588976570647223,0.23251275657860102,0.683336704665555,0.7856122626172568,0
0.38465998406540186,0.2000346441412442,0.6448171746670167,0.8152256923932927,0.7606346315258531,0.9062613235966499,0.6327932885780885,0.2896275544507685,0.4992911571013729,0.6849809721532423,3
1.2239777884210556,0.5911190879205849,1.0927251883096165,-0.060377046985718,0.468301911752842,0.032986910744454256,0.4819343567567994,0.7534613063010226,0.6672363943798445,0.6950200202666289,0
0.8332373782806368,0.4908127115051402,0.8108556783181343,0.5147109175166131,0.6429724042053307,0.261278242280029,0.7553477114335311,1.074868904218327,1.111427643547458,0.4420506819142025,0
0.38947541827043186,1.4987767549459976,0.5349913867137955,0.3841597168929606,-0.27516812991776934,-0.005320711457097949,0.39605713214419236,0.7609923547554769,0.2373847773636132,0.015150471482683517,3
0.7535704647531394,0.06537487778593157,0.634251802191794,0.5816369108976833,0.6941909847597164,0.5541111090714396,0.1744493830133923,0.5732591091582067,0.38506689679874606,0.6550899784735468,0
0.8171042232590356,0.8611691868306377,0.8647297369559485,0.6881015853806702,0.5680702554227848,0.8794149940464908,0.16462149014798133,0.7557369832701688,0.6018526163941306,0.524124377799217,0
0.4412902134479727,0.5253841415028729,0.2468811547046334,0.6748845304434864,0.8086876843814048,0.9254057415635453,-0.0014591368163397005,0.6779185133956586,0.9589982981547742,0.1515747720273154,0
0.862881983586496,0.1437584770691973,0.9188567109258194,0.45117039371439677,0.44318111948793526,0.7399806624864711,0.2268319451084112,0.5761213203024349,0.842013002405799,0.8560973541803167,1
0.11125633929862991,0.859637406718727,0.8211263412796241,0.8132232916666315,0.5325577525972304,0.7822954718589734,0.15631358454134958,0.8367009188131694,0.5780014825702168,0.6037744117317416,3
0.9216656222561067,0.3720189975222115,0.8340423282422103,0.19582386965832133,0.9924527579926191,0.41038936795981995,0.7391639838296691,0.9015545659975092,0.7018759028622442,0.5834577155517999,0
-0.379575313311307,0.26458458522615863,1.9687952043510082,0.3172110438082911,-0.5094615002558447,0.5934898745961507,0.7968035677527496,1.3641819156709105,1.190252785295407,1.0732035145494798,3
0.4128140647859399,0.19868907087282142,0.27952243989564163,0.7457347867282565,0.24625761408274788,0.3006939985665826,0.9624684014989752,0.06038977963276607,0.8105335600441552,0.17078609117734783,3
0.2995846159839225,0.15925321156782682,0.6447762368596942,0.864389142666677,0.7738234514065474,0.8369305252225244,0.555806645352709,0.22503900992557613,0.527992964695277,0.7330550868548021,3
0.04121203395574041,0.6468602777029505,0.16069566926980908,0.2444874436611819,-0.017168809540569485,0.4055617556129298,0.6323022937566214,0.045970742203544065,0.9938636784670422,-0.05503305638633174,1
0.4195286747286423,0.4302806510215552,0.4320119046989391,1.3094466251623993,0.6318549157466841,0.9249782997619052,0.8412463845948159,0.5026513525617368,0.43767851704149546,0.17864691832778623,1
0.30232448404054363,-0.3674522307597075,0.9250856109117368,0.7170161475479464,0.8769566919066414,0.8686660597825668,-0.3465172066236859,0.9738347036133435,0.2497358664081655,1.0516188548627903,0
0.8974481451741243,0.2720077066897015,0.7849748554416471,0.46678721856916083,0.28563320074881177,0.18204065650578247,0.9457843617791487,0.8588527525322793,0.10065600658698479,0.1493893475435052,0
0.934079138345807,0.6537728876813507,0.4929468743526093,0.07590206836713875,0.4557784589072634,0.8138098981759985,0.6622723358972903,0.5853334332314867,0.24877271935684442,0.08409436208780073,1
0.14527922749486671,0.8646419657021241,0.5670875148763568,0.9516484436084885,0.6618808713368427,0.0913543414932501,0.9802824984152325,0.1144145510175166,0.47024944654259615,0.8197674257866396,0
0.018375445620572237,0.15569158288531884,0.5995163780772571,0.31664176402890054,0.011108940179843336,0.17687092297997348,0.5757259444013274,0.18220356899579135,0.6906248372916465,0.8328475038025261,0
0.049943809312318996,0.862486597248172,0.8185246560514118,0.349623815395778,0.06598935933199084,0.28335642481914797,0.8157862581402786,0.9122645154904853,0.6286757970109184,0.16481052058382173,3
0.7867753996594825,0.7473823216986857,0.5371527664465072,0.062078891711149435,0.6451850828529457,0.0925080301853262,0.9359861255734598,1.018381141387443,0.7184689523203733,0.7481409934043399,1
0.8618084628043265,0.39821344341002024,0.7947665690392166,0.5886326491440648,0.7298954234706517,0.2808925940092816,0.7547722754680484,0.9545497589673342,0.9997116037958145,0.5077390977754619,0
0.5270060379529975,0.005577095825420079,0.16190937271091987,0.395807968227658,0.27557763427560705,0.708899373493076,0.30234945100067656,0.8576369312106219,0.45052617741345413,0.030497959951695193,3
0.023957689821925365,0.018778326974485213,0.35094696225563465,-0.36130902806995235,0.4090483433197407,-0.11264980758142282,0.32215129079851273,1.239973984646561,0.9292291509832309,-0.4083773083349137,0
0.1427596192239694,0.24313614575628506,0.2936011958499015,0.7564669846219976,0.8405730327975806,0.3112461659978966,0.4310848089711292,0.8438975061001003,0.6024049437605241,0.24756319947086594,3
0.32788332627107486,0.0730434338990594,0.9864581011413546,0.9533113431139544,0.529442445417821,0.6291568810791387,0.10636244907138862,0.11847924995310843,0.47888784349161556,0.5266313746253478,0
0.7960908333308538,0.6640899715410731,0.5113612204699305,0.0613225786269616,0.5232337160056635,0.02156206499702009,0.781827524745,0.972108005739071,0.812128254401836,0.833949726808183,1
0.9289206187613497,0.38511183914401376,0.862664734189776,0.19761226679775679,0.9829981726865036,0.3725374438226045,0.7509088020626703,0.8893098009487893,0.6813725625989824,0.6044585031778571,0
0.506239808252254,0.7980501202537869,0.8143932964862434,0.9028873318467643,0.6511227288058358,0.5000965706011894,0.4161868189992539,0.35888819805403466,0.2790372882249869,0.07566424454616097,1
-0.1442836466985549,0.381946223046873,0.37172636410711307,0.010953121548573252,1.0953142814380734,0.5120859769150377,0.9741165808492579,0.5132380507024755,0.24243282173256653,0.6725954872112522,2
0.45458822962876133,0.5443389984207967,0.14843218044472514,0.5090450775438355,0.7101571366633416,1.074729354231689,0.04834532067527533,0.5715766198552529,1.0706145588186384,0.2076828005085166,0
0.7786244918889953,0.599322444068227,0.8935947948470842,0.45507827897947517,0.17106769716450937,0.6472124492025196,0.8987358331253373,0.484780097916492,0.5019921031072936,0.7484470226556498,2
0.8444435333298752,0.1376123141523468,0.6455090503829402,0.08515950195037765,0.5329658627137808,0.3975570263914493,0.21853043014995382,0.9213718753924725,0.9219632852814971,0.8188402469642048,2
0.1472083439175469,0.916651140463082,0.8888369724949404,0.5528367920114955,0.46085284195102133,0.8975654528434355,0.17660034779006306,0.9703747151628229,-0.024004540167969997,0.19531583336868155,3
0.18664090370643402,0.16216576004660496,0.2758901375726013,0.6696657132830758,0.9350598208271363,0.1857294649574795,0.49179856705295727,0.7440197558121326,0.6085384432291961,0.24748724103135394,3
0.9446240695408935,1.0196612392202309,0.8777635452028387,0.9563396319429109,0.9143036174365384,0.7133994846354977,0.1260889885414046,0.8037376480873302,0.8395025476995931,0.30492378934405473,0
0.8513423916797942,0.0203774445288466,0.7221857971437644,1.094680145594368,0.5122031924551586,0.276488646570055,0.9584134575029928,0.7885586697465159,1.2442074640466547,0.2544300238233178,0
0.1175666197125591,0.46772468034087433,0.31163619168738255,0.9539070765137497,0.5960468943870377,0.7798430640831051,0.3571254881552163,0.07700134327559192,0.16981068647056524,0.05543545026394862,1
0.6727623779544754,0.7743922684953145,0.12018656446767871,0.7178118585943066,0.5307210814561817,0.4405935395777942,0.5455471200403581,0.060729854973699045,0.4947356915533599,0.0027568073785129345,0
0.4838306188604521,0.07615180796054193,0.9684178631908007,0.8915370326574372,0.50675946767123,0.7625210924813431,0.2283332663459658,0.05633881838561092,0.6514350793793758,0.6539074638278013,0
0.9478919344701137,-0.03393972763160291,0.21486917187064022,1.45113929756229,1.2492754537900654,0.788332650403818,0.45507144121476706,0.8243960449196734,1.3767461020017946,0.6676166565017558,0
0.36446213202684125,0.13210530389885083,0.3831160371421693,0.1413758495858822,0.37098187290834006,0.6666739938300015,0.5676861739562625,0.06626333277929074,0.6769860181002156,0.6957007932226885,0
0.29883641364815705,0.28257532931733575,0.2538631795703947,0.7178384510211381,0.22609507588756003,0.35707446408465493,0.9495777679860936,0.02262090244492123,0.8937453720293971,0.11507205988303189,3
0.39581255281368544,0.2798013034023294,0.6318940415446117,0.6760482743037659,0.07132310411489771,0.6210682858373606,0.4325908326686863,0.5509828916517213,0.2589818063572408,0.718579287194986,3
0.16670623808087026,0.5938525967738466,0.028074356835021783,0.24454276506064382,0.09638118099932691,0.49652367161024963,0.7073249353011909,0.1665213662553317,0.964548045961967,0.05749172583456687,1
0.11939837672932883,0.47378662972422475,0.29221048873754885,0.9402594704317765,0.5975492092564291,0.782972597341072,0.3485704588891111,0.07059590972394694,0.17899475220440222,0.06046391502102651,1
0.14408428785699495,0.4529812089040225,0.6349566741400618,0.23376997817769063,0.24894767875498125,0.6032476389177694,0.5198606450786177,0.8769523306010641,0.11557702608631697,0.8567360077596045,3
0.5370611909700114,0.8035029134286386,0.534329421250813,0.3632525756886645,0.43591214016147006,0.7851581695293127,0.16378802752724786,0.8140200649522085,0.3497298267432766,0.38513807401820604,2
0.8003731456542196,0.12007063172050493,0.7255959250250303,0.3729578220601152,0.8002173768424619,0.7128155351251101,0.19323375005270313,0.818501874391868,0.33191201861680153,0.851012731617952,0
0.0456142720149553,0.365391875042968,0.3339950410074091,0.29361387498626607,0.8932820393644416,0.5432037679865876,0.8449191490665855,0.3830154146708487,0.3594029196095265,0.7763629948785734,2
0.9116361571173041,0.27801195705784126,0.5729590419464349,0.3366702331217652,-0.03753024113226408,0.5751011082069893,0.802124466834618,0.533884384584462,0.8655367087035288,1.1116807518301564,2
0.11389136875261663,0.8583075593974964,0.8229580970132918,0.8115471459702672,0.5320901586774096,0.7766815751490047,0.15811165717597142,0.8327706019495656,0.5786423751402189,0.6053900740279771,3
0.6636054983947137,0.03305202064583035,0.651449195887148,0.5647310426291257,1.2878676058206162,0.6160747297658514,0.6500610781718917,0.7484985743977084,1.0251465610613424,0.754137930832008,0
0.8064596034934498,0.07958969855404484,0.9663146208720967,0.3702695604661421,1.1575441164951559,0.4105512625087052,0.5438243277650291,1.5515947268938262,0.15385242035980318,0.1680262451699874,0
0.8488298992397287,0.1513053785029155,0.6423086386384947,0.08410477503843974,0.5315537531661256,0.3894083303101069,0.20578850508611066,0.9278365306190408,0.9384772160223808,0.8195130548880107,2
0.0017054540469138256,0.10561696343438612,0.6299788686583678,0.2652387463437502,0.03417438657919035,0.2209132819077549,0.5749316113775153,0.232443156303882,0.6814458911526587,0.7722574840714229,0
0.4100926768681368,0.0441951017716251,0.2740541134150012,0.3086420418776915,0.31837956239535936,0.6318806177610012,0.41010198709428664,1.006209149984876,0.3107606034059159,0.04688957337608118,3
0.4312651351707549,0.23051411689723653,0.44443794213432597,0.9666753105770405,0.5462400564339307,0.7503741488038713,0.6359120281590538,0.06500004736066167,0.5915582779390978,0.6252710712179894,3
0.057775747006970635,0.8999007472824965,1.0577124676940355,0.6463564782555937,0.702987697708278,0.8541275315727024,0.9790504840366441,0.6339402017804137,0.7521281806268822,0.6987762716396494,2
0.8777678819599595,0.38694589387450795,0.8003390573882003,0.5613258024127377,0.7213531196365314,0.27475553885333487,0.7358199303899783,0.9667139674779566,1.0001943144594296,0.5311423420828975,0
0.18905620577916388,0.8324874439864269,0.6531189250302503,0.122125408876115,0.2652319627912636,0.7457524657388895,0.5247930725266771,0.32583901997809595,-0.23993882397758726,0.3958094088118418,3
-0.024406214389022934,0.9242824508965383,0.9339206439256802,0.5617125584197414,0.014683633379937819,0.16387713677314628,0.7557685119691625,0.7915986312764796,0.5782288617666294,0.34526790090467296,3
0.09679615184695384,0.8992582375803476,0.8868473380415678,0.5766108629687844,0.42127289638684046,0.9039075533963449,0.1671333216687086,0.9300304137258325,-0.012260275614803834,0.22273192505306874,3
0.5410090829901463,0.23934379452666696,0.07815049493466102,0.9915880588131293,0.4413922172657589,0.7637237659925858,1.025725664223253,0.6423957088129729,0.5161098254178348,0.05455484109844545,1
0.8560826394306875,0.38775396638653603,0.8062117794329704,0.6019257305670722,0.6983709082236277,0.24301585086030997,0.7032915520366425,0.952718256535494,1.0035760118054464,0.535811463229437,0
1.0393077952762357,0.4575821373667397,0.9986095923270037,0.20883082144035253,1.0604737312663768,0.23398694390869862,0.6231346071800563,0.860040191379884,0.8339242091873056,0.6073213554239493,0
0.7180207197221704,0.03918044957499307,0.5032640262649908,0.8130530111796523,0.3722523823078733,0.3533410697815483,-0.11773655130094526,0.6580917264914179,0.5107798212876518,0.6225617570851666,0
0.1608814981160399,0.22753290167032003,0.3204991755144794,0.6890607891326331,0.883036124137636,0.24062356800974394,0.4612155988923553,0.8476595416274973,0.6445281453790017,0.2528386617180057,3
-0.003534470003054015,0.1058517182658435,0.6350155747523909,0.2592600765584729,0.030345418352156282,0.22414131467760015,0.5809155943005317,0.23410200353266664,0.6756652904974151,0.766444716126347,0
0.8411267881295076,0.5748340551808824,0.825015170906205,0.34870333618304356,1.2314926192021858,0.6031584685616903,0.5247592104516577,0.8492380806466624,0.46421627700216417,0.48787510239915893,0
0.9838061825243339,0.11239828286903014,0.5534938774466367,0.6840726520833165,0.1822926059453475,0.2231878980569062,0.4362451327728232,1.0538924495151853,0.3997584639312638,0.7001795267602303,2
0.36079276993663206,0.9434915656405242,0.3442842619682187,0.842530175699586,0.9154867536225433,0.3359934833233382,0.7981446732332091,1.0523608040772834,0.2520642137950647,0.3304044229030326,2
0.35314028092341,0.11196446516273267,0.5841030817533022,0.1962237996157548,1.0524735222102652,-0.016268254362392907,0.6008727769568162,0.78052355465718,0.8701393511747304,0.07457215580190943,0
0.5353422481626008,0.8074533809923604,0.5468291866341893,0.35785336562958686,0.44621126462841154,0.7881083009429325,0.16392275740304366,0.8233657100848365,0.3501785920161158,0.39627640531490604,2
0.6728520609792199,1.1497628768524186,1.2831725751836556,0.2295194316675948,0.23483888034786088,0.1291787308785769,0.07065026057932633,1.0318951709855058,-0.33843927038317545,-0.08049636383115821,3
0.19834668618986706,0.8773262393932334,0.43841954678689327,0.7634248697151192,0.7588102216664424,0.309320366254013,0.8101297541835881,1.0713839703890928,0.1224386146756388,0.49205636469042024,2
0.5380803148993566,0.5935803803957191,1.1014937898043202,0.3336465732515557,-0.1487122291732765,0.38699816958467065,1.017735444037325,1.0741743408265725,0.42740088947835786,0.5415005012349643,0
0.1274193702221991,0.13592477277038595,0.2549859929918652,0.7439683571290594,0.8613099741262976,0.20826508788868286,0.4800453420610148,0.8274297993662301,0.5975990970620321,0.2593362995880021,3
0.5740557655633632,0.6389824207038961,0.8487818631297004,0.5763841829165512,0.46218019378000336,0.6710681714149609,0.5350169260973764,0.5883233855818718,0.27365347723120903,0.427789891708112,3
0.4749978649927723,-0.04628318666827949,1.0882935400591707,0.5732560626054785,0.24615100336105417,1.0271191475727104,0.4488625821050899,0.14397314853788162,0.4994937591336791,0.32975472450433685,0
0.17678268555907242,0.7895786981195195,-0.03454595366817237,0.6508480961044285,0.2960222373714436,1.097563593425419,0.15624586670326784,0.5445624219695889,0.8810497580663772,0.321808701664009,0
0.6286329920545168,0.6825158487783233,0.5422287210595723,0.5542553287866876,1.1446222931300833,0.46148963343451477,0.5339530125001426,0.8345752091921643,0.49648559153975336,0.6731289505621725,0
-0.005267961125871535,0.11506376702929548,0.6404705340244677,0.2651567347106157,0.03204892633343772,0.22713928982608078,0.5773847109566551,0.22001086819989585,0.6723663864155683,0.7814849733987644,0
0.3133720682282905,0.1405913050625523,0.6526631516294925,0.8584908984725877,0.758992282860633,0.8597837708460325,0.5486351507640888,0.22134160864090965,0.5236541143272563,0.7324102064350498,3
0.8615666519046308,0.36361284991698123,0.7918316718099466,0.5822811595445843,0.6967886866783781,0.294599242604949,0.7377715798189245,0.9680525068055807,0.9684872500593746,0.515277690712643,0
0.6810186159426476,0.8418860052485195,1.4468027147386096,0.08743662145535641,0.9104670037976297,1.0582211816575497,0.5828310528886778,0.8273815705602379,1.1281155089331838,0.3736241539345825,2
1.0201509088399452,0.5317790945146476,0.6174163382210247,0.254483180603761,0.2631671641022486,0.9430938478781385,0.7372280529037667,0.7448655826400429,0.37518622777264243,0.09713201915318423,1
0.5825247060003308,0.3077678692381253,1.350955826656845,0.3511753341218228,0.525993183475479,0.7563522779126264,1.175106570121227,0.6210066256512107,0.5678678062742626,0.1299307865954661,0
0.2390358611317845,0.8814361606088142,1.0062147607126017,0.5294878013034148,0.8805243447995975,0.9184040767160804,0.9605350250135839,0.5304425244939542,0.7269842167892205,0.7917378503710693,2
-0.0043720639529276056,0.10380049816433441,0.6278826061778497,0.27064403603403114,0.041094060314079583,0.21326772514231088,0.5720456008178415,0.22894406878308415,0.6837904172258795,0.7794700088594357,0
0.5512437417033133,0.2745896666797239,0.08371509362573365,0.9771873695192493,0.4231230395350065,0.7826900677294952,0.9946574303681893,0.6648922241625633,0.5144668771251848,0.01661159987195322,1
0.5193587974863929,-0.011154658415011426,1.002156407712747,0.8211779094530645,0.39876298860117654,0.7808358611890235,0.2926462220076279,0.14610026107677312,0.6791080300747835,0.5581219229417806,0
0.9188639874588305,0.35561367216879114,0.8208292342188863,0.15622843292569913,0.9949587780609096,0.36858721671248196,0.7872119112173858,0.8991084082439835,0.6922165365080483,0.6101227270028381,0
0.8926413401170098,0.6392963826230096,0.7427560670686761,0.2847902744342456,0.5299922829493663,0.8677682883354679,0.6327422576561871,1.0186181167071888,0.13238400473383072,0.31816079839340855,1
1.1240107383089857,0.2444242064981817,0.42703044099813386,-0.25049135613280504,0.48244623170430967,0.6729100889712276,0.9249213162941634,1.0402076845623707,-0.22045171190507484,-0.36273606098922906,1
0.10333588380320795,0.35738265594866203,1.1966388503025132,0.458992807231178,0.16838160948790004,1.09880005224244,-0.023655879080399678,0.21087419623990766,0.5406328739267583,0.48775810646610296,3
0.1751277956086023,0.31447341982102117,0.29736586519224983,1.232566740564173,0.08195830259281411,1.0343788765197242,0.807203440038359,0.2619266916472199,0.6347807208702867,-0.049742188630858886,1
0.8454961797283962,0.14685496134397993,0.6465919901430938,0.0862370611305182,0.5277951384761,0.38495715836396394,0.20962157619704733,0.9309750121992276,0.933734407620965,0.8162645584057725,2
-0.07248874973759535,0.14986777646299254,0.6605393798669167,0.20578339811708327,-0.028955131838748135,0.26979777183000325,0.603240421044936,0.27927356077610394,0.6567016805151693,0.7353417193951765,0
0.43764136950097676,0.8632091449368338,0.983149988844656,0.8982195481312709,0.09767260997279431,-0.04758037441807153,0.22579484486299112,0.4209716802769712,-0.011343045075101837,0.10641507395495937,3
0.059342532648698154,0.65751586040783,0.12936930517656187,0.930616787805232,0.031121620697583126,0.35713939239996007,0.2842173557580153,0.22372057300748754,0.4417360016467035,0.8667875565729758,1
0.2288267015261064,1.911080664835946,0.040535769306522806,1.1600582820444447,0.8239664540537319,1.0356568065673712,1.9839607119128986,1.5396522684470888,-1.0425603494824625,1.5785072732402758,3
0.5128470718175746,0.07613191593431781,0.977799061273673,0.91281005456289,0.49688640600113876,0.7731133631795548,0.26198815994562047,0.13370037159546436,0.6519304629328345,0.6207819297240627,0
0.3469257027302851,0.5990879615903781,1.0253284155232085,0.99960984321539,0.4425440229125117,0.07849326329789191,0.29322933860534117,0.5035218564663235,0.24656581254432208,-0.02137216449566756,3
0.14830872330218295,0.6813490230436364,0.29609957772461354,0.5014722622256429,0.5480105333777653,0.8467510672426656,0.5634340110334516,0.03966287032279836,0.9929629134110257,0.18700989769817758,0
0.9603151431621415,0.7341047383858158,0.433894058005358,0.050998745381484745,0.48559469986986936,0.7413444351685531,0.7272938707947816,0.6537803317952007,0.2328959053761227,-0.03965811028526195,1
0.016813243385279064,0.5508907875622536,0.2018458878931612,0.9837335244053417,0.021380285944382016,0.44998581448141617,0.1690615109371884,0.2484531728653468,0.46703977212513065,0.8195132180342101,1
0.8903339599204125,0.35231962553656143,0.7975138662803222,0.5642330552388098,0.7131108543784008,0.2950264026982594,0.7231421802628545,0.9835341926180912,0.9612272527490907,0.49525593154985387,0
0.5158651677742204,1.4140418304138764,0.44179134460867625,0.3107266540852408,-0.15457407762478736,-0.06974958886298105,1.152451543974125,1.1371768203813897,1.0753821898333085,0.22632687779600352,3
0.7320054333284873,0.46624248651119093,0.6761556658696051,0.07296038483826349,0.7954695846655406,0.28208323567013605,0.7244522981990709,0.8921617070720778,0.7055006720739563,0.42060391640700895,0
0.5657859112155456,0.24484514423565665,0.1345525856619083,0.9437856082425118,0.42426137843003453,0.7253737562542497,0.9687412442398665,0.7151910198810921,0.5466140844904426,0.03156339903717485,1
0.4947591949718752,0.20321898547637907,0.26536678681103526,0.19540580793744877,0.9901791286846608,0.6904900166365885,1.1000669925034054,0.06754573643284556,1.2101188961387053,1.068717760745272,1
0.06713304967902894,1.1565203663533197,0.046853409115273914,0.270546997908085,0.4686256239086709,0.06175434203072522,0.32155418968587995,0.721617431204701,1.213211772239501,0.8171482044732813,0
0.42811404214708504,0.6537835310490658,0.8718819138832741,0.9201554284489262,0.21490883348998002,0.16306065362657385,0.2782068222578661,0.6237145605002588,0.12946352588476384,0.19327630045457908,3
1.0592210834236295,0.14341346864012738,1.0043154051948153,0.4701508931966716,0.5916503001176513,0.554685461292337,0.2854615048566785,0.7812160425421296,0.9380447390493979,0.8368101399005528,1
0.8245643687705837,0.7035941618470585,0.57199306090566,0.2869018221029159,0.5955860089429009,0.9675164807089415,0.4988674960370991,1.0129363310480441,0.2108973859593728,0.0988085420381364,1
0.14932662310673928,0.24071542476037383,0.5096392712633523,0.39227747275728586,1.084454831786648,0.7317571389612553,0.28596125375411174,0.8723402189340701,0.8679732740400437,0.3937666655140463,2
0.7039255772761169,0.7348400681227962,0.0584829882442262,0.6561725137631309,0.4873439122017049,0.4871218309287322,0.5515555345643401,0.12743198690514712,0.567289808335961,0.07233235603203737,0
0.7944328657364836,0.14699973346401257,0.5495865009783812,0.5790871464366311,0.08931380822428109,0.058659417549723404,0.2762399395348215,0.8547636898577098,0.593603904423132,0.6754569028570576,2
0.9486643805151559,1.1872054150336648,0.6723308790184725,0.287856821586546,0.23870356416279714,0.7179105547730913,-0.07357676382170303,0.8401652031343673,0.7468707378975373,0.6545074964150666,0
0.5246017879814969,0.7961413221470863,0.5322374360930507,0.3570398353590038,0.43497026496046304,0.7997199590491562,0.1617981498220204,0.8152786859483769,0.3572284927477691,0.3786510359516693,2
0.15668461645565127,0.8802527433235575,0.8437203931623216,0.5799817984122341,0.4218728817105796,0.9004684781531342,0.1674711730331504,0.969244695861005,0.03664909916466611,0.20797604625863064,3
0.06849168745377121,0.27431454604741057,0.3584209765240257,0.24954153290633313,0.9877422390282703,0.578070669685166,0.2045192747681031,0.8907312726240781,0.8170979601011998,0.5373310700963622,2
-0.16263896178835696,0.3697052967280598,0.21918212132804032,0.11062879236267006,0.8138973381791398,0.6463125702666122,0.7848541438104429,0.5043644509055927,0.25918382857358635,0.5331896340259326,2
0.21646415000166278,0.3555305702029525,0.047424329676852284,-0.1634782285606517,-0.054931930749837266,0.9536755037559943,0.11893174227691597,-0.2012069526699678,0.4546598385967061,0.25691320580635285,2
0.9010420994401269,0.26728046063188565,1.0111906416494512,0.4045039965016495,0.6024310998830811,0.5529465923229463,0.291165678938326,0.7850135861060216,0.8297542799928,0.808812155548795,1
0.42003287117029303,0.4690759143011231,0.16789728351947034,0.6688678931471592,0.7751172252825647,0.9298665681827082,0.09333303147567011,0.6600379912001141,1.038707431910416,0.08446533286725777,0
0.5474484997225535,0.27445327740672804,0.08517332117746264,0.9818839597560408,0.42794009426641366,0.7783176471032633,0.9904598278759645,0.668965261737584,0.5133470954933367,0.017457079988514524,1
-0.007892277583136353,0.12790511739093752,0.6043494427056175,0.2542207900731291,0.07124783333462124,0.20047932370700133,0.5893788419794944,0.26780757882269485,0.6968218253781283,0.7628054793638579,0
0.23803196332106585,-0.15173066959603104,0.6222350094624353,0.1360162340014715,0.772885220722672,-0.1332498156923947,0.5525446909753335,0.719875976392056,0.6990201429282671,-0.06122053570483363,0
0.42551956438294164,-0.10943669614659143,0.8262500518293553,1.028597673539478,0.2914698435596512,0.7671224429686866,0.4064160429704283,-0.06547204674309684,0.5676110811404239,0.7166483868597292,0
0.8883042720994262,0.8888138143123744,0.772208993769614,0.47011858327922007,0.6722953351139674,0.5218615163924859,0.3546768049183381,0.24959213005932804,0.15704935078109739,0.5755288845720071,2
0.9650213738802902,0.271967488694877,0.9929580083648506,0.4761694291249401,0.5824453070903821,0.6820850527149123,0.206412040190285,0.7524719152737624,0.8312757727109323,0.8237410767627578,1
0.13179796728188628,1.024444527090668,0.7999652475828803,0.4841423131059005,0.41121423086441655,0.815404622261146,0.11962966028818628,0.9784260037405734,0.02438539900915414,0.22303723901694336,3
0.41933570213262944,0.7977855017801271,0.2949556913423473,0.6713981756076843,0.9095428364760981,0.23022340691435195,0.817533527458253,0.9072690011663388,0.27534883386657544,0.292993412334837,2
0.5982622254550201,-0.11018159343873013,0.8050899984290175,0.7157442411830128,0.4071986550430893,0.8895474565085912,0.37227431242424747,0.006719852014277189,0.8191684489835296,0.39234190174534594,0
0.20274040708086938,0.5329255127373097,1.0096946389624504,0.5869227873276133,0.11725972076492899,0.9027337727901208,0.17514459990759854,0.06264786173726526,0.31375968926878284,0.33171087352135453,3
0.5328652716687359,0.800685890659347,0.5346192855130343,0.3625773323547511,0.44292448577942983,0.7845283230645779,0.159371776302025,0.8116635802079177,0.348390496845597,0.3867178855581234,2
0.7009703061461255,0.08621923320168047,0.24598823984272933,-0.18823566773694894,1.5251284880237048,0.2782973787183237,0.3483873662053038,0.4238003727948456,0.2699425562238936,-0.29016305176199414,0
0.8194324157964503,0.8729672630919276,0.9038822328071048,0.6357550351882761,0.4767131831151011,0.8298553671310068,-0.025855203979698982,0.6661081631373758,0.7201173801373422,0.46883720818993396,0
0.11735182321066884,0.5866177343988512,0.16776866583280553,0.24100499164273023,0.23109247412222186,0.6075814075924205,0.7891710869386158,0.18674146810917616,0.8386627922088649,-0.013132476801022981,1
0.7205107253634322,0.6488555181092668,0.9246694328604158,0.2682959830827501,0.6123767750231347,0.8886092216728609,0.8067918720426606,0.3112927244450078,0.35737187233786266,0.6426559472641571,3
0.46957606891814724,0.22716539794573404,0.8659457382181756,0.3780587603098543,0.16538554748990825,0.9084050936311607,0.48377704306194974,0.5191377071585099,0.5196499657345977,0.20959940237485383,3
-0.01637010162716969,0.44659823904596274,0.44126519667728725,0.27929508957257254,1.0320050602333124,0.45825027346017083,0.8568832595553695,0.33971122030616674,0.16925416964486734,0.7318851133502944,2
0.19924559758903376,0.6018099140991409,1.019651051434579,0.7714514693017902,1.0279061345656948,0.7017888557889624,1.2436278931300426,0.6023238057685302,0.8904074151836041,0.9829001009189038,2
0.005480083610453674,0.9279728582124835,0.9395710697685725,0.3341358566690888,0.09597624692615556,0.32184169769276444,0.8215765466918864,1.0089947327180284,0.7082176854624378,0.16885251378145089,3
0.9131406031946224,0.37909555309946386,0.9753261971766697,0.4266218506893346,0.6404106995062128,0.6249572276196234,0.25365408124428357,0.7575064945254559,0.7186293032122218,0.7598165001487558,1
0.21899691510602157,0.12817782443079706,0.7539911620336144,0.8205640898164461,0.6027035619347408,0.8083769186577996,0.5582529999466755,0.34107868330888924,0.5201199380383537,0.6367316399636198,3
0.24488102060877848,0.2035493041667412,0.789102169994663,0.73275960132604,0.8377987801589556,0.8785284891060524,0.3499571634456029,0.2857139767980877,0.6768967668350101,0.656560631847946,3
0.9096703705645836,0.46444877672611673,0.550218468752479,0.28001090896210334,0.5636815845660665,1.001432322025203,0.6365125455709271,0.7626125052909389,-0.0018586482083974842,-0.06453390108853932,1
0.03481767413589844,0.7465559761520779,0.9424327514803402,0.2572862467191318,0.20449808376177703,0.24614642229675698,0.6850385101185175,0.9473336933384962,0.7553031502813637,0.2655902805722291,3
0.09949670386404644,0.8232647126643147,0.9974173568642787,0.28114794322164405,0.04225090451158047,0.3956717343074292,0.7477885874187843,0.9267182208098352,0.7145540437003541,0.2090032882736062,3
0.24654190861494663,0.914406864425906,0.5773977244770119,0.48862481618474474,0.1884334468418305,0.8195051307000358,0.43005478703577343,0.7245711591985183,0.03687108209509411,0.8471015020811611,1
0.1748994984106389,0.20732177880256267,0.8273132623170605,0.1906410686185099,0.7607829998371136,0.08286955119249123,0.7692751878754541,0.08111198345960285,0.27638190631090204,0.7606089693988208,0
0.11092020363763737,0.8562129517483078,0.8156601638344161,0.8135189754281628,0.5326304009807783,0.7745115157091785,0.15791130717903434,0.8310011499274268,0.5820738295346053,0.6022515938811857,3
-0.059740093965903074,0.7521371784546996,-0.10044914847239086,0.1947465720390481,0.3343784322638776,0.722524128290821,0.7389468665497276,0.3312344162871742,1.1807335104548933,0.279825295152209,1
0.864646646777284,0.5670259800598664,0.6853788095016595,0.2218854931717499,0.599072924607244,0.8984007087163304,0.5057721899638714,0.96540050688067,0.26187892819364905,0.18640000231240478,1
0.8886406042338548,0.892403283352155,0.8864138509810566,0.697576168696409,0.6146131447054298,0.745852070381697,0.17856502433136812,0.7583603750536735,0.6455401012337483,0.5616844440110288,0
0.49936218573213675,0.23865662333764953,0.137111136809576,0.9868560960021123,0.3787905859085099,0.7480958624266245,0.9516918498233444,0.6315762392901924,0.46264272002206397,0.035368589710598405,1
0.5318157857502391,0.8035466234972987,0.5368601143872045,0.3568210116252663,0.43251542258860864,0.7878113385656939,0.1679192832763713,0.8123095608089054,0.349734395367222,0.3868559684245398,2
0.6339254248289696,0.7919804248786754,1.1195742787529954,1.2020307012193112,0.48232650842474534,-0.1021966651384073,0.33888711146951855,0.588042530086064,0.1186180398222645,-0.10042542097310753,3
0.18619096579244876,0.9324986024580793,0.6985340809575926,-0.12739838422824318,-0.4189870458206957,0.11764845282747213,1.03087278480801,1.3060851544025527,0.3489715855562027,0.38148797414471675,3
0.05760473439135367,0.13750986145804805,0.5921629987353443,0.33282229117365025,0.08824867902642043,0.2136376313693115,0.5862904257882336,0.2856559318440022,0.7246561800739112,0.81352251276605,0
0.31445289311264585,0.9369104770037562,0.28669077187172565,0.7810209519588606,0.8095427184269999,0.19148709645631928,0.8616047350649516,1.0589224367357544,0.1819767014001265,0.4498271656893269,2
1.183945304202712,0.5417793341268122,0.4867497337121948,0.42319771002136636,0.5697529798000167,0.3913558058932212,0.5349983883735285,0.7879428008604576,1.122850035849815,0.9718481706218034,0
0.5666396792636288,1.0163584184971959,0.3363119349984126,0.349722150712639,0.11533124342256072,0.7564505870121826,0.5952643585551267,0.4837183283853685,0.3054123933330307,0.48386750157568487,1
0.5271646819675808,0.8097538293749085,0.5192079241131474,0.36048906029151145,0.4330587641042165,0.7798795464872734,0.1676061627615939,0.823309850528327,0.3439963591724502,0.38122215015676,2
0.32266372310819286,0.374586397198692,-0.2802958031735797,-0.03248032185890526,0.2921411925528249,0.4738476048147301,0.3702170553215334,0.30760627768484294,0.735779463454447,0.13038776458552306,1
0.14296725852866504,0.19022121643527,0.39176843428213287,0.37855966965583143,0.9204159872737309,0.6272501324014086,0.1063272231156279,0.7912711331489714,0.963766654798825,0.6505642772397163,2
0.05211389461008503,0.20009469236813462,0.8666083173940149,0.6595786934758622,0.5043582963926929,0.6569384723598288,0.7854643117725986,0.24771549961041076,0.30701974079072025,0.6822780679776189,3
1.031436917697225,0.7906802379601621,0.717444213612832,-0.1115672873846193,0.33109538935128324,0.7175164619620785,1.1369398624682625,0.6690429537918271,1.0054779271245682,0.9413990038663758,2
0.9506030255911064,0.4122552419319999,0.39411363469672706,0.9820597197785664,0.6741910874734626,0.4776703382278215,0.9590345744484053,0.6493102735544262,0.9384161573084654,0.3906037578581274,0
0.7413714988045101,0.6479659270071151,0.5998167666041224,-0.05777885806341507,0.46314754394758284,0.6481618054583871,0.6096071113232644,0.7621388486461633,0.34405008960864025,0.07799795977457931,1
0.2453404431790534,0.23589713413907154,0.5654808524636556,0.9656676108610476,0.8128737825038644,0.9589189977357045,0.6965191012137762,0.10115234255322221,0.44387272651729004,0.6265260169172444,3
0.9505188005715371,0.6449140365794619,0.8452099108760794,0.32096079205924194,0.6317139413977396,0.551742216201552,0.3896725667938379,0.47926047915386333,0.3743500277367811,0.6516712911498069,2
0.47571363824215473,0.6788850944819875,0.8743017939828944,0.9315936652149795,0.17861256812431023,0.13660408452512285,0.27383311440574076,0.5922654296454154,0.08359397517646841,0.23841001523375194,3
0.8259510549441963,0.15576444291864866,0.6326345276197016,0.06429448150734293,0.5144606394313185,0.36133880228200776,0.20538653804123466,0.9316806423332337,0.9324391765216649,0.8036065439861309,2
0.851595119555769,0.21488863248456458,0.7150566028233212,0.33296164943179085,0.8050244192095309,0.5932987292749591,0.6620935313939418,1.0818707246094428,0.6074740637445103,0.5036151768429888,0
0.600321648352395,0.1360640572507927,0.9884311461797445,0.9969549207527588,0.34156064257641394,0.71383164903499,0.19996839291941773,-0.0034709819514265328,0.5031132585190305,0.6614484851311755,0
0.08706852685967872,0.3050585962906783,0.3777890589428573,0.2687467953213217,0.9348923375392244,0.5740302917518735,0.258035547972142,0.8557308863894773,0.861484787142313,0.5493698002851766,2
0.8733615428334436,0.4898811594991097,0.26323865123174883,1.2157956143104531,0.7912800414754775,0.48220855247311084,1.1007503801895633,0.3059517776902353,1.0061205173877057,0.5517336160483546,0
0.006888287130467605,0.09176222826756267,0.6451098069328649,0.27671980388092576,0.03975551057716681,0.2160742548239692,0.5818107943083577,0.2528503908419901,0.6674064125963977,0.762609547301464,0
0.0855339100438578,0.7969779498801965,0.154268607694873,1.0326810553031676,-0.017856984021886083,0.22688467071475993,0.4251600781484085,0.31529729451740574,0.39015686565801677,1.0316782316401731,1
0.5057719569110275,0.9655398933417769,1.083922107518165,0.8634775574506773,0.45447156406013955,0.5226224488918583,0.09707569357384702,0.7145636406346132,0.4134083832204821,0.07286205425592152,3
0.48392620713743423,0.41702748207530627,0.8436160280194375,0.6521488459933854,0.6211448606644203,0.6787855155321034,0.4096961873432621,0.6822411975175969,0.288984117109594,0.5541250542895058,3
0.29216149225320553,0.24746157060818627,0.26508350477345344,0.11962247684957945,0.38519907351352906,0.8465065571742744,0.2435522769143174,-0.014775835384455122,0.7103094980691983,0.8310905979537005,2
0.012577370003938547,0.08810094628040036,0.6042183060630737,0.24207151339199814,0.027095274925916134,0.19600864144502889,0.5787027125931927,0.2573163081826023,0.7058363132092644,0.761779849014492,0
0.18050182261871725,0.5289684000914976,0.3901852371843983,0.4508867201888096,0.7152090840700689,0.8522978257326986,0.3691040849571562,0.24254902589214172,0.7767454741776003,0.21869048447212397,0
0.3348417523139783,0.33663136554336365,0.313075789634931,0.6709108576042748,0.8851503784176511,0.9647938601602508,0.12107493894577734,0.6048292013857759,0.914365993077551,0.12189315185380298,0
0.8395934531079636,0.1442447849301746,0.6424381616356413,0.09410834726839515,0.5261137946621621,0.39370666837816026,0.21099225758229612,0.9319565609127965,0.9310284634814407,0.8170788460208834,2
-0.009649011762336174,0.08845480390152281,0.6509438233980542,0.2738925942899544,-0.0009947401656167157,0.21654286816198534,0.5611123558037601,0.21594282222610234,0.6601409979788926,0.7395519299455455,0
-0.010322230393929543,1.017298254790083,0.10262798748749513,0.0448297511290938,0.21895915237569624,0.4875139222403721,0.23246337868522876,0.5702134865152495,0.3321014849306043,0.9398880739268161,1
0.02974145140044411,0.62578408211525,0.16731726543725253,0.9561146368785414,0.03478377353166821,0.3777194129111461,0.24864248684220788,0.2295573746936598,0.48598537978182565,0.8944925606980778,1
0.9716412423237664,0.21124797984133176,0.1925737576160525,0.17681508424006115,0.30276341950314223,0.7483436617364526,0.3829817622683381,0.6290502695576918,0.256981460895977,0.39706364422348106,0
0.5506529986177884,0.2699543321915486,0.08068457594736943,0.9765337286510708,0.4090838003357534,0.7820908658658438,1.0050429914988486,0.6642695838956754,0.5216604161640617,-0.003884693233141695,1
0.42843552555626124,0.5716219503433319,0.165643990500414,0.6439060199576893,0.8244349574300224,0.9467607224507787,-0.034871663266243136,0.6429593978939706,1.077703553880526,0.15046682843501613,0
-0.011850263333189417,0.08806927380883414,0.6353027867580637,0.3038989198014232,0.03722137499449629,0.24605829122172793,0.5762808557665973,0.21474813293192413,0.716685667658942,0.7707183787539175,0
0.1250514790896793,0.45422209009594855,0.3022817112704214,0.9596447647879633,0.5775243151084172,0.7757097679698978,0.3751930035436615,0.08904706264996398,0.1551783207972139,0.06127371735883505,1
0.6615495159498646,0.8196557861714198,0.12445764778960852,0.6287256891156684,0.5322480465568407,0.4106525763948027,0.5025383909116368,0.07350737695026695,0.46078282690719197,0.039148603498233826,0
0.115238303938155,0.8911013513566166,0.8665438629816937,0.5605725763718761,0.44671212812518013,0.8871072939367095,0.211652004562103,0.9712175307622337,0.02941927354526743,0.23645418492734088,3
0.8867608132447367,0.36948297157314963,0.8465346768144656,0.5687594673680249,0.7196411244080285,0.2538223775433613,0.7252917974932007,0.9654846870118617,1.0272937669505642,0.531116480107189,0
0.06330181318676359,0.17446242339993778,0.24121163221762126,0.7651651623642223,0.9036233922203548,0.2946778825168153,0.4133398580591253,0.8578379162738559,0.6748190037383787,0.24696095969250867,3
0.35467860758322156,0.5303611236329621,0.1370341365778464,0.7796646896409635,0.8132473291941077,0.9514826400324107,0.0563293056000442,0.5791546818986639,1.099377992716141,0.22102268194861682,0
0.015864080842914997,0.5209288130194802,0.3754729506203568,0.18720787203596792,0.944103400358813,0.44078976566328737,0.9777562166971853,0.3542341208778348,0.32363150658543155,0.6157072965190419,2
0.995596191807287,1.6382129084968204,1.172734146468186,-0.5163504147351845,1.3121650848982593,0.5777394685570582,1.4988386489426633,-0.5784506410198819,-0.41985868531308357,0.01998355427940013,2
0.18691444438120614,0.1667906309804048,0.40764455395293897,0.19791384660452951,0.9509645204935298,0.4495742778562057,1.174211986608304,0.7827140455111825,0.4082752182261832,0.8789688549759624,2
0.5455892094718485,0.26910277440067426,0.09012065776687134,0.9793907242345082,0.4258174685172601,0.7777450889974643,0.9879072271096071,0.6649626618224056,0.5082811481372841,0.012430050920632839,1
-0.11565897537173894,0.47950021313858715,0.2672696145947375,1.0732443303444055,0.10298509345119533,0.31431843854592867,0.3217246147847824,0.22903447915066355,0.5677527424172084,0.9390575315598385,1
0.31168003882054107,0.16221928251024895,0.6795477896403173,0.8280010814874621,0.7727223719417899,0.822394138947492,0.5261464593154627,0.221203436175743,0.5053781630692693,0.7126651079668646,3
0.4248225833265507,0.08754624060539952,0.7226374973850503,0.1299739521836305,0.7847476967458992,-0.007388459449736526,0.6001821862058606,0.9781528451476843,0.7608107780302948,0.15719465282318937,0
0.689937211500408,0.480504367750593,0.7288320808595334,1.2305181753574994,0.5269086574403845,0.45211762410522743,0.4837893071643516,0.15911121543998583,0.2937265432394197,0.22616217139800274,1
0.49617875830804004,0.06234327844528047,1.0962706511078657,0.7304774358303372,0.4707862567394264,0.9265715416898743,0.0380256830217352,0.22268697505190738,0.5143067362216961,0.8160561519468654,0
0.9084234165627647,0.8088941575164952,1.1957001341876172,-0.25374326986899187,-0.5642461127558237,0.6200423201698817,0.6794521191243097,1.402752070963066,0.2955447347515484,0.4841212249902206,0
0.8503125481801757,0.5914957702420209,0.6971679743526951,0.1300911391055537,0.6268315494570131,0.9303080917535019,0.5119954367028169,1.0119273361587358,0.25075091770752933,0.2535829499748843,1
0.1208480822347471,0.5556397933976056,0.2594079192762616,0.1538150085827766,0.9052616992605316,0.5516978014099597,0.9634720270664336,0.3396824099243685,0.12325626879202883,0.7327038890644555,2
0.5827496279538977,0.5733829855540102,0.9402825334032524,0.535353377543371,0.4934255472972153,0.6322042880869537,0.5373875221973324,0.5139011239486043,0.16708663992728068,0.46419812228405755,3
1.0964092829096368,0.5368393573810394,0.8507107702451935,0.045428486132467194,1.1950335358378765,0.4120530158060318,0.903415473634009,0.9948805352925041,0.6511895147206636,0.3412788312251088,0
0.2939054588872262,0.801556560508109,-0.05151883393394631,0.3332482246686873,0.12413870027152815,0.14439403598688927,0.5412191770143375,0.35844422673303944,0.619631846969513,-0.240624799795979,1
0.19510118141515884,0.537001304482562,1.020389152477905,0.6405365147955356,0.10819301025729178,0.8944733497710619,0.13633461062515023,0.054756858747159395,0.33476247169030604,0.3838170566163727,3
0.4950886181936668,0.926809825852072,0.1702918266784459,0.015660892810641203,0.46420882387277895,1.4075507388638429,1.3751686093677826,-0.23372022666946213,1.5412571529332437,1.3533063580089641,2
0.5516975314238792,0.2826335342138438,0.09236428617072476,0.9807209024237289,0.4371850685869479,0.787703367334074,0.9878560202640758,0.6572472393561279,0.5058291180341891,0.026510606009078695,1
0.852696348945123,0.4989888172111622,0.7796882049293528,0.15459324650461856,0.4908271664712249,0.7737902407151035,0.44215633083810296,0.9310625701275028,0.3516565377781841,0.0916189400904012,1
0.41556850531421424,0.8496552888552413,0.5111133319505528,0.6188856940186725,0.7650163348536221,0.30925404998702566,0.6978559988956494,0.8319166913908497,0.21066021526999362,0.4115942160055315,2
0.19474168529522196,0.23613219592843673,0.7979487040118965,0.2152127849388866,0.7359288367585389,0.05432658419131951,0.7894019406970691,0.10781274518173493,0.25050217574193134,0.7937092427474934,0
0.5685374796217901,-0.18892654202247744,0.043861084369708536,0.8547406035827747,0.6332937066983099,1.2244534124515214,-0.41396588314691085,0.3444033673409462,1.3295165451974094,0.00543492165658177,2
0.9453222063957463,0.3875479154650579,0.8403606605658167,0.1718162463906921,0.9940059799729285,0.39117102706236345,0.74875934664738,0.9049730915468694,0.6936769924991373,0.5878000018848558,0
0.0019328724696407625,0.10325064634798126,0.6452681495700416,0.2736277689243146,0.04450343912965572,0.20697640637683293,0.5727385108362015,0.24365009066124257,0.6872678773663551,0.7625182649141902,0
0.8338448486805135,0.15259834972348849,0.6311239771065783,0.09846675426128992,0.5205738343371944,0.3802550559820836,0.19866011862718586,0.940684904832551,0.9338471094306372,0.8281308174296879,2
1.0649031041051709,0.5958128600462393,-0.04309207877419052,0.6135436098630522,0.3635956594462321,0.894887874601797,0.9720686121818384,0.7055689698277784,1.2117670022520173,0.039928024716568256,0
0.4385934082563649,0.5785282989652042,0.18967112788315488,0.5996232489749869,0.8150687800308846,0.9852548433556934,-0.027411514095836198,0.6229560622454418,1.0375955895855273,0.11275997554575089,0
0.8589007203524303,0.14427066596314614,0.6360450169767677,0.09895901549285863,0.5163443561970736,0.3814631499468681,0.21001936919902994,0.9412030902510364,0.9313736683921009,0.8366528132037754,2
1.2519567693762872,-0.02199396271529902,0.9142323784801288,0.6520025058643104,1.381036263114873,-0.08413448416712388,0.5447412405571738,0.8879522797335035,0.9323836147724199,0.04942596650605563,0
0.06649963295286535,0.8107450013670532,0.5180738486742107,0.8822500597205156,0.6832002178409383,0.09465004071402258,1.0035328148107432,0.016296468519022188,0.385855251454519,0.6859294291141413,0
0.1686700565477903,-0.03672074964069591,0.4590477904377951,0.6207087731677172,0.5176279662510486,0.8140667877254046,0.8072297700024007,0.399229573588857,0.5932682958746801,0.6279260207067376,3
0.47777236504589493,0.04916282880131312,0.9518088953960352,0.864854157127803,0.4580959411229062,0.7632089755694755,0.2438211354070277,0.0958959220048074,0.607703211657898,0.6193904870537428,0
0.38194079830290684,0.7463327541877105,0.1925076987296177,0.6952106411745389,0.5577936663910221,0.9323562416621934,0.5017477196590007,-0.10567904407424755,1.0219420660832326,-0.09078197826884288,0
0.20758077062216473,0.735903404528803,0.34249942986147586,0.2297599701161145,0.7946041640221515,0.3250706092128038,0.7592881750885379,0.45591980981005287,0.23667919679128455,0.8548930724396651,2
0.24840549100086756,0.1884065540687024,0.3193755186397966,0.13099692500492455,0.48360345664217225,0.7539072993795305,0.24215143148969845,0.027789022969495834,0.712370908403457,0.7976253589509004,2
0.8835976206901052,0.37621313551475943,0.789648588953799,0.5592588338227852,0.760612841859293,0.25533076015745293,0.7812500314719227,1.0163452050164707,1.0093806430869856,0.517371646787945,0
0.21866933560006885,0.9093240465356003,0.43740886140400764,0.9051549500006202,0.5388459201538139,0.2029519800395747,0.8727047349860192,0.043582535997399044,0.4376277966192711,0.8248356247291553,0
0.8453703488555064,0.1468394259065307,0.6446762489468768,0.08794406161474055,0.5325040534072064,0.39079003510593396,0.21021347704767854,0.932615741666393,0.9329811970627633,0.819525633236682,2
0.3619864103019671,0.9534456954547902,0.28015081167632566,-0.19914556144995083,0.11056651553760825,0.8637743940159077,0.15366335584724,-0.022964794707195813,0.8260125712491143,0.2990963371991699,1
0.850280296132516,0.6397573563293478,0.5419804665749097,0.0911223251930808,0.5294307177142158,-0.05025931526565641,0.7414655902762879,1.0417735607839103,0.7407497760390691,0.7748302199694662,1
0.8500718194148363,0.1359394781866304,0.6318157810291398,0.1268378884412014,0.5624229169486191,0.4315054247957906,0.18103951137448365,0.8866726738346531,0.9076277827497333,0.8248252128267004,2
0.08978971174228247,0.8268048727900489,0.4339934736673357,0.6146310693618747,0.21398951500234495,0.856764442016142,0.5358962343964698,0.6690646085474664,0.019240074682578337,0.6657400777296733,1
1.2113456298552385,0.596857891024337,0.0985697828681702,0.7744993367377586,-0.1760115592584534,-0.005532686204157228,0.1036376910948695,0.5173991295863305,1.1149179968218075,0.2637422234457426,2
0.12171825224954172,0.1876864352366483,0.2969215476787286,0.3614527785612156,0.6954090477944517,0.27533760070759783,1.2166620511389743,0.6656559814271125,0.27454924484373755,0.5973368738277467,2
0.5330659285454308,0.8027173766983051,0.5338981899061108,0.3624500376365604,0.4359002287357748,0.7896261432973007,0.16388616021781552,0.8170559073725118,0.35048185539989135,0.3884615599529924,2
0.22176271445946197,0.906172297492992,0.45367849707039826,0.9378066035449543,0.5719235722777976,0.15964149975534092,0.9143086274511987,0.05403772457814885,0.45852537233278795,0.7817936261462359,0
-0.0007029329949244101,0.6030295654198077,0.802547087001717,0.7735859851567453,1.120277864624494,0.755918899693703,0.7258724770239564,0.6252387816405339,0.3844324218773584,-0.24313039192471808,1
0.1316954045955293,0.1515194439840617,0.27737644261276473,0.7075286575732584,0.8781298608310348,0.2862186369686006,0.4259763443006408,0.7880979748777266,0.6289601843126291,0.29872919688189964,3
0.5291078010212409,0.28640258214802744,0.07996393395553211,0.9918260750696513,0.4328103289883443,0.7594920188685618,0.9890277580453632,0.6793105228221623,0.5073166717356267,0.002568095388549657,1
0.6096768525423428,0.006676999301881176,0.36680740036537157,0.5283661486235893,0.608346021897863,0.8378275418412892,0.2476850285525326,0.4842911883321764,0.7771061164774669,0.4348364908627596,3
0.8784405903222297,0.20361073026103127,0.5145484200992215,0.4928927467394123,0.19128869843523738,0.09505631356521548,0.26115068045115764,0.8952834239268677,0.5205204089991919,0.5557463040286361,2
0.9442410930372203,0.8965455030191049,0.7478802942756941,0.7315807020773251,0.5248690406724,0.7959449785892365,0.21957882021954395,0.6506371343519327,0.7509047863585107,0.4865724515928129,0
0.31587614409360254,0.7759313510897562,0.4228704544069604,0.8717427002076946,0.8677717622244533,0.25497524876338284,0.862142603950821,1.03526017743444,0.3221850077518386,0.37000679205836556,2
0.41109221028791115,0.6486844733350562,0.8121860829007193,0.9523601393458052,0.17832425881273647,0.19356727722143313,0.3125755180988144,0.5811301242023377,0.1219566556766826,0.24723774502499107,3
-0.14755677879385032,1.085349225229504,0.7559295969180734,0.24507105255604023,-0.1563993059110112,0.36786418014761907,0.4521961503763635,0.8444622555611474,0.6393222164072838,-0.042084527830220764,3
0.1428143676240595,0.6135151315731262,0.036206427778188284,0.24038507671927672,0.07292679864595214,0.524761746455301,0.7060662521044875,0.16150827311411445,0.9797240825827245,0.04961380349945412,1
0.91232830705381,0.16542806638701651,0.8835384608424137,0.4337180457740908,0.42934959327169975,0.7021961079799566,0.19188032258257648,0.7124125398225435,0.7640204981853497,0.7515130299113166,1
0.3142067907445262,-0.5981848857692943,-0.2574081794731454,0.9858870821766553,0.9597968382355068,0.5853517714355623,1.0568331879376194,0.884812008882747,1.1235422830958313,0.16255528277502285,2
0.2763288067187503,0.785051756194702,0.5993787336807097,0.7913662348412371,0.8676017789130022,0.4407570340803923,0.5142883719987195,0.5928791059860198,0.27463326465454707,-0.16954163529211244,1
0.1066285302308376,0.8529683138532961,0.8204273525249024,0.812108047466207,0.5327944616720338,0.7778484534578828,0.15430258593135912,0.8357166723935778,0.5791624215130828,0.6083797407141576,3
0.004503629364413871,0.11556623427228196,0.6233637465190267,0.25585947564783995,0.023084960923418666,0.2173587221334981,0.5742916398699884,0.2278658978648388,0.6760515176641211,0.7690679068661882,0
0.8215064774294325,0.5473876057742594,0.41749924828482354,-0.08952685108444536,0.4090905163359534,0.12378146301973857,0.8821719577154994,0.8646873132902788,0.7406124329389745,0.9107140117934176,1
0.2560284596294879,0.19663715567903053,0.5803903252004341,0.9704750969210598,0.6856729157338373,0.9534791843255432,0.6497429723583596,0.3149348267910065,0.48125013648311166,0.7497995735591167,3
0.4448444674425662,0.2275523270280046,0.6015800309798004,0.11242647076940848,0.6744820848033051,0.8589145736444687,0.3075046152522215,1.2280453785498726,0.4124303645233893,0.422039779733714,1
0.6058329821972407,-0.18948963359972823,1.0046781820234525,0.7065502877605807,0.6653548521048684,0.8628365931882281,0.07611607588671196,0.1439668051094566,0.6033394564981105,0.5065912982559171,0
0.5559902285744863,0.5158844362314943,0.9382248104959507,0.48280569125541833,0.4960318364386887,0.6271755819428413,0.5121231689865761,0.6057543809669416,0.25879458324600535,0.4280841010953928,3
1.197784426394052,1.4907573265291885,1.2562910812780796,0.4927380424643666,-0.4590748702552393,1.133859212563776,1.36458561802813,-0.3369495466572966,0.4739940839271487,0.5301715671634003,1
0.5889864585941226,0.3677358899883992,0.7813634629420096,0.006100536271393536,0.6705417279309913,0.13131934573341053,0.6993104514054608,1.0954210859262026,0.9901097773845955,0.9808353006617954,1
0.8265421584692851,0.5409499210199834,0.9001159847570632,0.8692746602072178,0.46006699407707463,0.22121798555166095,1.155757994113792,0.3988375987885524,0.4032006818164996,0.6316239153431227,0
0.32306911507143793,0.121712583848257,0.5948385127022943,0.9965517539753195,0.8594232299054692,0.7957916078466423,0.7250274124234343,0.3159832794666621,0.449922307967463,0.8236139786279703,3
0.8442763669324888,0.40624362923510154,0.7860505729786115,0.5794984714471014,0.7226572305208759,0.2487110385403544,0.7059468739232787,0.9983869759622739,0.9967770207825049,0.5404454631341465,0
0.058324267935430746,0.060989165476386276,0.4543864212846557,0.12095674117301661,0.3139503227959539,1.0043359569426964,0.5093436182080406,-0.14496259675528825,0.7652752950159625,0.5508973144984171,2
-0.39384541943440976,0.32795367300062533,0.24244168691246218,-0.004442972184140248,0.10065524932513498,1.0532523117266757,0.4773869966503286,-0.08952513910199947,1.253302431415873,0.17271780785139593,0
0.1711877990363183,0.4659705247235575,1.0643917300370256,0.5814471941896359,0.1811405035107298,0.9869640523184109,0.22008140736532902,-0.0014429911939250195,0.33566117032730197,0.31285378946399534,3
0.0800459711991088,0.6340681423347212,-0.019949603553502247,0.18026789974591367,0.06521017866067814,0.5567677526757773,0.774984832345694,0.20481473146325657,0.9202971416569599,-0.007220428618542982,1
0.8267536632562928,0.1552459617281979,0.656788489574789,0.0765686911253141,0.5365355826060717,0.40122501540990096,0.2003622196517611,0.9386219993864499,0.9196616117568746,0.821432190480857,2
0.5561275558279826,-0.029663312903419836,0.5373592709336932,0.8403022582879232,-0.19312877115940325,0.0755032999583009,0.49167073572773584,0.4578734619448982,-0.28509983478772616,0.3203748790779851,0
0.041442641765252544,0.9374470233364751,0.8870048536351998,0.3681013604911945,0.062322949325442856,0.35596797449878803,0.772374270329624,0.9475579906725367,0.7644667421083718,0.10483025152892791,3
0.7681843387380968,0.6070998080465889,0.49118074484728524,0.026014063758628924,0.5381442542756,0.027653559343940363,0.8001273153188212,0.9723649947359355,0.7882515615487623,0.8209614208616487,1
0.1407238809714935,0.4174077577301927,0.1418199265306332,0.32225688839825983,0.16295954959787862,0.5991967449095746,0.6618620142464017,0.13317280099039944,1.075864762178361,-0.0035379861701675813,1
0.5571601667370886,0.4801518458976054,0.6812541349063979,0.7622017808465089,0.048588735574645214,0.029786625347161894,0.21037907893287544,0.5999492752236858,-0.059318056804795405,0.11081934401997624,3
0.00019386487142829647,0.10312490804737445,0.6330644297278079,0.2601330369009706,0.028282836905186907,0.21303903549055103,0.5677773294720871,0.2297082806863549,0.6750019848315177,0.7725064227889104,0
0.4333209369078867,0.20396080496234226,0.3037373554667914,0.713060891481305,0.24816136916130427,0.2793741464048743,0.9996393443229774,0.00670701356371016,0.7822756941430412,0.19661013607757596,3
0.6560136219041004,0.39169551327225427,0.8027369451303561,0.702372913877416,0.36631669214818124,0.2043462660761139,0.6582271024374828,0.8199292465534491,0.667500202193116,0.4825217930460871,2
0.38936688681079884,0.6202996934683807,1.0018266868503585,0.7251976394559694,0.42488281215176765,0.4495613740747811,0.4474834992668568,0.5602191882000215,0.08182764215318067,0.15156788975738184,1
0.6309755028074711,-0.24449607237862941,0.6420063036351866,0.2579150168026499,1.1734600002004891,-0.2671080343881781,0.6580575141401754,0.7020894484655897,0.9342182111788231,0.007031027353653491,0
0.15190218416322618,0.7621780950089612,0.48959029690488953,0.564131220301416,0.14222626557226384,0.8397750006436796,0.5004264414765948,0.7137426348828284,0.09775927660396554,0.7361350271486793,1
0.9973367853129396,0.36883696760438267,0.4851838704216959,0.6413338627254236,0.5859169546628972,0.880506537781651,0.0735322530838069,0.8487797722661189,0.4149334386126236,0.3513044198882746,0
0.04843631727781196,0.5323674100788099,0.03330290748838331,0.05076689108096838,0.004701557211700472,0.5206935475525075,0.735276084502026,0.022915805929052763,0.8434300176706613,0.0545911034057061,1
0.4253848701794077,0.6436687356256958,0.44176259145305574,0.08726696940630407,0.4359743246214804,1.139182797860388,0.38623322032247065,0.49634946083194614,1.140216190647277,0.45757381039157397,1
0.23182309504021914,0.819943286989789,0.27691882431602083,0.13810321072562715,0.15559642165114196,0.6358466213855382,0.5036303895508031,0.25893552453795465,1.0293692055370718,0.3183839194901168,1
0.029963349029080263,0.2742660232720102,0.3278576472396659,0.2619768288236378,0.9549179430586877,0.586439159186655,0.21371112952733734,0.8551765118119082,0.8306366735972106,0.5474359772116837,2
0.4985215823303386,0.5358943749659386,0.25148824093970884,0.6632691868923485,0.795532791439558,0.9201122122997902,0.04974263438844896,0.6742805751506312,1.009482584981302,0.1633901880078814,0
1.3062276070215648,0.39123525713010276,1.042400492477906,-0.39656851660407655,-0.18072975981213601,0.7228206398314115,1.5010987792145123,-0.4312231031040584,0.38981891625085746,1.200590557169449,3
0.8752822224180572,0.3567480458938469,1.0588054907947322,0.3826158166458264,0.4060127544554991,0.6147048192930838,0.2356250837542357,0.8316996558194316,0.9010507305705887,0.8526163365387482,1
-0.7032718470384787,1.1178460735570455,-0.3399861664900167,0.7319885732602261,1.2411592542084335,0.6687021907951416,0.14974968834478997,0.6888363940439233,0.8295409661029398,-0.07025536917966713,2
0.8473044919221322,0.14106031392661306,0.6389098421182509,0.09088213170224126,0.5245472232994729,0.3875222654537722,0.21659880984075175,0.9410022458028606,0.9305888678038365,0.8104163868379639,2
0.22968236561162825,0.6892338623222879,0.2461842433195834,0.5736259836145985,0.4844548438257498,0.8459562499209766,0.519619987371593,-0.056024938215373174,0.9281461358276255,0.1724757904289237,0
0.5275229833495643,0.8071955136869065,0.5276733250324327,0.35293450365359136,0.4450232653080518,0.7802378126720052,0.1667457247687719,0.8125882413769498,0.35440506835680385,0.3871061729421891,2
0.05930864613918432,0.8018155246802657,0.2887328688429804,1.1924977482112633,0.46715368786121386,0.3910941402610906,1.1438748336921023,-0.04879334581023831,0.20471059965915614,1.0730429898592344,0
0.02741236026142475,0.09017391801387052,0.6607320396385836,0.2516415310161255,0.04618723695095139,0.20686043897444314,0.6008421139022712,0.24857434556147165,0.6882577492164302,0.7511289478812458,0
0.8386919216899352,0.1571548034294467,0.6555168015374901,0.09056906106365252,0.5433727268186469,0.38703495312148517,0.21546292334173647,0.928167415941054,0.94272759050972,0.8328097143906963,2
0.817140452597151,0.8337616145982488,0.9102774022463764,0.6084970615167108,0.5484273916087481,0.7855179980195167,0.13132141030960093,0.7125952946477803,0.639129702673583,0.5467135594860658,0
0.8135352002729451,0.865456783847433,0.859191519009789,0.6929711722048338,0.7002536426647878,0.721720406778971,0.14754865046164187,0.8387262445747073,0.5943026049707729,0.5664408642028995,0
0.06715165784340824,0.28390869067613483,0.45774330560368237,0.08179010961014777,0.35640109145124566,0.9114540127082178,0.2222842333181372,0.06871184742802786,0.819871576260118,0.7004468332311373,2
0.18683294570102926,0.2225701992711215,0.5975124869850232,0.3076672414728884,0.9524913371348992,-0.2281223014818559,0.38498132813384683,0.8486220376170901,0.8882547532846249,0.01733539631952724,0
0.8613519680584849,0.1589845966054057,0.6199157561269637,0.08217336787333772,0.51395997586739,0.37206113789323764,0.22779445508951918,0.9455187343994331,0.9141216407266096,0.8338158850451347,2
0.8824996044057212,0.8729814918011461,0.9191873367018156,0.6723191674112351,0.6009419675936392,0.8465766156206684,0.11167637754669515,0.732244068114286,0.6185910034570753,0.5400409869497839,0
0.1153600506290598,0.23036798920526902,0.5641999627442975,0.8482658279650355,0.6103648431047944,0.7759826792056331,0.4176397897403912,0.10961956849698376,0.6156981770952287,0.6300452258334331,3
-0.014781980224149255,0.1189466148414969,0.6434118407077649,0.2823596280298002,0.02363739579506626,0.1921096475606452,0.5959966755788378,0.2642464014089255,0.6878687536850505,0.7927801626327293,0
1.1902844646035553,0.3014158080859068,0.5393046048404792,0.00991857205635742,0.13159968888166018,1.2297622028058761,0.369367508093176,0.7263742739629346,0.38275508651208284,-0.2628122647126658,1
0.27617743601462147,0.9659072372417998,0.4102393205342236,0.041679068898856884,0.1609193412466044,0.8801667881308652,0.5188196487956848,0.25701650855842995,0.7500107666860872,0.5580506349049684,1
0.0024552606666763156,0.09887382010238169,0.6356054421438652,0.25811972437099134,0.035249485545824744,0.22145707215523966,0.5764425039727177,0.23316914424392957,0.673537003835733,0.777644392341151,0
0.12667468514278554,0.11472421658563775,0.18271194204628372,0.38351276525532124,1.093049969670914,0.5176015479821771,0.08476830509669775,0.8043389719390126,0.8070526739201509,0.5820009517814076,2
0.8956577487957557,0.15572752119740613,0.6577844419453741,0.1285481944005307,0.5053663879908075,0.3731340723085783,0.15790216421457215,0.9338508289783294,0.9196237220635206,0.7711708150435526,2
-0.008520233295021266,0.09847772499956378,0.6194878298937789,0.258930061548247,0.03266602976172201,0.20744733944745627,0.5835475105659994,0.2379530067215192,0.6686161578197222,0.7771591451768747,0
0.644356060336883,0.754318813884521,0.24990119411613876,0.8425409580797052,0.618505572865259,0.2789452647258344,0.5214019283917984,-0.031148877441093514,0.5872186994473773,-0.03588824525276439,0
0.5323346158761809,0.8051532968517667,0.53518432900056,0.36049817009101937,0.44107319243875553,0.7896962941671016,0.16195083094984183,0.8152944205533326,0.35035546942181817,0.3901527853736765,2
0.726385075193392,0.7816401932449989,0.5756482846639015,-0.19672710275809796,0.45585041960936973,0.6808246424983497,0.5951216379206532,0.4846538074065203,0.5536685427422512,0.3668857481644814,1
0.8583877746396794,0.36027990191123516,0.831855280371112,0.5464747177243574,0.7219715774229698,0.2843047537237616,0.7001782545833293,0.9730030796429456,1.0128022634038611,0.5172782539772407,0
-0.18630622201796565,0.620140026783109,0.9569184942301485,0.7312184161138039,0.6681233669177862,0.9146635180163116,1.0553232316294505,0.6351060602555973,0.7170414656058586,1.184529360878952,2
0.8953648037553017,0.8327302577693421,0.7008935945565302,0.3972650536665026,0.7834120749530057,0.16652481683391082,0.8586071478025399,1.3246780603305828,1.129353480104476,1.0686554747891144,1
0.49777378867837097,0.5737644886299568,0.7158780142654688,0.8007575635161491,0.2985741899507034,0.0554620553565755,0.07583447139688917,0.49468891154655675,-0.02615848579708588,0.05351163662412073,3
0.19310107158821935,0.5328422074534986,0.025072861339420646,0.21015166938469154,0.17365017903699312,0.5415825394190616,0.5987955043011072,0.15311238261305085,0.9733308938989571,-0.06861834940360297,1
0.5317698956899473,0.5095631689212321,-0.007823478329027196,0.8485296585508448,0.21121036323644124,0.7507621949492956,0.8395653494816959,0.45425988626596714,0.6006519798316509,0.5995567604570841,1
0.11464741445225483,0.8575093467522188,0.8142814697586092,0.8142101843468583,0.5261090506728975,0.7720382856768734,0.1603094703330559,0.8299300831984007,0.5771384858711232,0.6025629106762714,3
0.45722061900864763,-0.09472817076903622,0.8249510447375751,0.9884195071531315,0.37992279442023047,0.7259982416655317,0.07870501303485392,-0.06382786436010873,0.488041598476108,0.5521808925084127,0
0.10007989613794593,0.8160392118550027,1.4573203432183979,0.32129370868696294,0.5624204515037624,0.40449210993461365,0.5768867945442648,-0.2939041753088273,0.7001179170705907,0.29118283250474275,1
0.57006239207172,0.5835611745257129,0.7190634998255057,0.45243606465452607,-0.16266462779356694,0.903660800844532,1.038978640458428,0.2896393120251939,0.43462624039202935,1.1864505482895644,2
0.17370941482140012,0.25358071115781894,0.3344521154683519,0.18221256940564104,0.45268227728439775,0.7964557162905592,0.2698265210600449,0.0657122047938313,0.720659843037767,0.7402320435843694,2
0.17274298459494417,0.2134965109642274,0.8290660712296625,0.19154697998844086,0.7604696437608557,0.08961379817756429,0.7718758073458771,0.081492405218879,0.2816236961668603,0.7629738024649768,0
0.15415335046675727,0.22728238592639116,1.091547210739809,0.7839235280710687,0.2549509971749776,1.1169708097321842,-0.16892279534769133,0.004931091368889029,0.5721911239097076,0.42512066701058815,3
0.8136596974558592,0.39606823211482656,0.8335700895631586,0.5812583844652836,0.7381523903635225,0.3319572891887533,0.7905915265551962,0.9870114311591871,0.9838973284495792,0.5371211646909045,0
0.9353678676757592,0.8051554880152362,0.6550462470891967,1.2394166277825673,0.3835384050642289,0.5910880670995917,0.32645258474637884,0.13384394765820057,-0.26597623624416433,0.4175179990514438,3
0.0629640133983713,1.0060956482376362,0.4535638349029558,1.0531429175104312,0.6913879112646443,0.24232567544638495,0.8275966168454908,-0.09401803737766953,0.5712075293894692,0.7994432556472485,0
0.4898388763162211,0.026021553777234786,0.2543493517541916,0.32802669544276675,0.2896550765443261,0.5869585949689935,0.4300561647332275,0.9708006000730793,0.36904973592215523,0.07931611103286652,3
0.2541156893379677,0.8863896277636947,0.43216660359227355,0.9077500474295973,0.5739723502782219,0.22510065965206907,0.916079240954931,0.07886314590174237,0.40550259760665475,0.796603685041622,0
0.3675290773534173,0.5995371025594759,0.09294431049397239,0.7657091830908751,0.7235518365048721,0.859930026325166,-0.10495218181039859,0.5033786050235445,1.0932714674331256,0.04812906137069679,0
0.4327193793450536,0.5150386757248816,0.2459057307043955,0.6842174134690022,0.8600578663531958,0.8922182219380119,0.026592601192274905,0.6831210639618297,0.9259800729696293,0.2283802994860133,0
-0.35565294353468835,0.7715927945560912,-0.05183645329903014,0.17709323807382218,1.1087980181527644,0.17665680264293004,0.36224294496083254,-0.5148278049215972,1.4387326667112674,0.5197697105923653,2
0.11517768564318151,0.1915691658651213,0.29066929867785596,0.7295159930596005,0.8872352536228201,0.2310836291426299,0.44668728645575634,0.8522727435197821,0.6214339664366758,0.2997953101293781,3
0.9282109000327381,0.39075002863455033,0.8373299870851783,0.17886999054311284,1.004813454662098,0.3999363729032449,0.7630446672725683,0.8890189976438458,0.6958834079077909,0.5966763577998144,0
0.6495015801570834,0.3394045780883383,0.4924326286518773,0.12043487269196766,0.5146652964358817,-0.07918932546698264,0.6565995561958855,1.21637317426029,0.8685910552198104,0.7929793209165571,1
0.5803653763280655,0.5836918700061237,0.8990711807569587,0.5414847702794584,0.49026761494526894,0.6454405785948714,0.5751726618386859,0.5705555440720225,0.19011129603410723,0.42158433899642483,3
0.7614102357599652,0.5394551023284735,0.7440051498963661,0.6521695902152809,0.334689332929729,0.4190936973066963,0.5934788120898425,0.20730425040853223,0.17036909394366473,-0.08843859352476491,1
0.6361513988649692,-0.2760392533397737,0.4911778255129201,0.5806259619779295,0.03042820577335173,0.8317880790657153,0.17284868905290912,1.2121729196600657,0.2953888542659613,0.2197062291990534,3
0.5725144093874663,0.2827130630178004,0.09332857858092783,1.003620968090479,0.4008075224338369,0.7961365110988918,1.0017698929605028,0.6938336649598073,0.5081007684452185,0.03883535384756021,1
0.9090572202589216,0.7319712029747071,0.4917544519386832,0.010939365382079659,0.5843165965422027,0.12759102828656987,0.8737251500126869,0.9145142396233823,0.7537221034705098,0.8942273453482524,1
0.2711403483855765,0.858103697539843,0.3438555881298688,0.7614972646102287,0.7924865375991533,0.36547619217517147,0.9275088446296411,0.9844074220507372,0.19537398315041515,0.47956990716339926,2
0.11127151535408719,0.8569868209301231,0.8205228642516954,0.8111778435122626,0.5326331369388656,0.7789104858376799,0.15517486252258558,0.8348134371722574,0.5781848461550003,0.6069827066560809,3
0.11732423963554003,0.4676826475205631,0.3117265884849658,0.9524742862626346,0.5967021161985362,0.7795573305417285,0.35822734188074845,0.07733056516378363,0.16994322893547684,0.05590329766189073,1
0.6051215303942847,0.7684762893031685,0.1218131907884388,0.6587420209265984,0.5074614182578342,0.37161750171469965,0.599516502658574,0.012793803140225483,0.5290062640802731,-0.005287476390170369,0
0.1990622437310413,0.2950873230579206,0.32667889146276813,0.3909942854179139,1.1217099828685124,0.34187431280961944,0.18523463674434182,0.9433741705255914,1.0305578943134428,0.09116746348566257,2
0.2659387496614112,0.09604190994631778,0.598690364225065,0.9188858464968613,0.7180044387660502,0.8747840282284076,0.5853387855240212,0.21854729987258578,0.4625301842139326,0.74924951493895,3
0.8969688247001265,0.2719631789126588,0.88892982128213,0.44539409944404523,0.5310116164162213,0.6720739373870993,0.2214001782641174,0.7424691217728252,0.8304637964658557,0.8523680831085092,1
0.7224815746907209,0.4930036766396702,0.7535416793525354,0.26186126393980463,0.6110722897971154,0.5379626349767777,0.3482946407941154,0.1305698108679495,0.6524633034126985,0.8343688598260426,2
0.36750807218613024,0.831798585562599,0.8589887956578418,1.0847889745511834,0.6533794998329873,0.5955106896533454,0.5506098565508637,0.5663447749153706,0.004865920233996596,0.01543453409736513,1
0.37397643219493426,0.9514681063717298,0.39802605962417814,0.7496079573718437,0.6362917947564725,0.2669076605234548,0.9642987859675304,-0.017852670588307334,0.4311321439708106,0.7292059798175554,0
0.2182257091032027,0.8838160677389607,0.9768456141219525,0.5429675174756964,0.9038364978089662,0.9395189408739469,0.9582607324081465,0.5019727135788767,0.7294105904123219,0.8218181808449594,2
0.7864348333351245,0.6887741997629004,0.78070593668509,0.08172816362225518,0.5635711431024905,0.84318363502803,0.54028440283625,0.9625714419069369,0.3485972325126109,0.2699216203242438,1
0.3611365791957342,0.8618871847803344,0.2253509699325587,0.44192478443396327,0.11695800532162196,0.30873147008312174,0.1372859223746433,0.32090216088820345,0.8250551901961943,0.8244638779418051,0
0.13242754578052443,0.1820407561215866,0.27199836878261807,0.7432804556641385,0.8886322822930458,0.27219668390417406,0.4333891158118604,0.8318709621752497,0.639063894324954,0.2733001745837871,3
0.48001387156928255,0.029536709091257676,0.9756456241983775,0.8488635035870914,0.4520703079139389,0.7738994398092853,0.2380066569593926,0.0872800668762654,0.6308253021319981,0.6259967290023658,0
0.24732247136379293,0.46339807927263876,1.2835953293882238,0.36030523081334753,0.6266458251050053,1.0652606578838917,1.1208737473683916,0.37813696589236667,0.280292273585983,1.0699161389572327,2
0.07254704845617299,0.20960150944821979,0.27884615120784767,0.6940898934347843,0.8235559801106258,0.31125987523711646,0.47381246940396327,0.836339692716961,0.5843474606288076,0.21985016049677975,3
0.3334565190349118,0.07872622327728807,0.7008479940105632,0.20151971873854854,0.974027157912273,0.02171847738257517,0.576487021005953,0.8280323299669483,0.7699351190084305,0.1554316118173488,0
0.25069383036282267,0.6637722305545126,-0.12888691100526412,0.17975546983211887,-0.16332484778229667,0.7511574026860204,0.5864508045241398,0.3223436663343077,0.7281053258269611,-0.2044039525326815,1
0.8910968338103696,0.5941853656903942,0.9333626992728878,0.35595697764987616,0.5359850244490969,0.5505147149931668,0.36625219472935067,0.5419186822746088,0.3968453883631189,0.6412430436830032,2
0.4881702720838148,0.19503064204992143,0.9134518183496586,0.4729085735897837,0.27240117984661594,-0.04751333552913156,0.23179204149510554,0.26752047022347036,0.7750529624274296,0.9572066733415643,0
0.5727762813490792,-0.08778439202829816,0.766478819717306,0.80893026734046,0.567311530469322,0.6439439532686843,0.4493309496436988,0.21966567842724494,0.4100588369154915,0.5194111472771482,0
0.5566754071591651,0.607508199082521,0.9280940964588225,0.5400568405297954,0.5301297485276191,0.6767397798463453,0.5691593249358087,0.5637297126104351,0.17466179430502476,0.4297226769540815,3
0.6123321879113617,0.4086066000229257,0.10815630375628066,0.49577897502688667,0.4430049204340168,0.06103832986311497,0.18177504046968246,1.1964007960746275,0.6576745754734361,1.043997996348917,0
0.8699316417217253,0.37299404986743084,0.8654703281704522,0.5490680215282557,0.6720565485544374,0.2546228045030124,0.6897638020699212,1.0420492748599643,0.9438231958350154,0.49960375046919264,0
0.5390234963213223,0.3366074795957411,0.26960409596015245,0.6805719058579257,0.7655370767925396,1.0115786502096031,-0.10632083474584189,0.6205619579248528,1.0296733797095983,0.04343092288501067,0
1.1383606214967648,0.4730034605380321,0.9346592452688016,0.17892246123500938,0.8098037362971022,0.5705557030954826,0.5926807620249863,0.8012045063387434,0.34887369956134384,0.42578963789563795,1
0.42651665881866113,0.27420337162669334,0.22961782412335324,0.7732885280374111,0.29616347472724475,0.331862669434145,0.9555308221878795,0.07453945482284727,0.7732467096901617,0.22095575402386694,3
0.4499340562351239,0.22486913428353197,0.3254353787949255,0.8358254963435755,0.16056666000776382,0.27906113104234015,0.943777984895565,0.06312784692636882,0.7709631858716764,0.10748287943333111,3
0.5485168558026,0.2791066262370459,0.08436639391711989,0.975984718675319,0.4318015905280887,0.7731311242343191,0.9890011504994232,0.6636434053767963,0.5185206304868674,0.013301231048707023,1
0.7929838300312078,0.31156886615360024,0.9395773589528408,0.4216127154300533,0.5313056413492607,0.5546818306403684,0.33151886840264433,0.5472929298299141,-0.09656339213909698,0.43488998626462844,3
0.09868045897846726,0.16544969827339961,0.2800286804997559,0.7187974049572012,0.8925877829411555,0.2504766916652975,0.43056649723499296,0.857493385215659,0.6590846619338191,0.2934733268752315,3
0.9645554384579911,0.2515407959868941,1.035843994707005,-0.023895474484080886,0.8334485626670037,0.2014934913793486,0.8742432138704647,0.9916885697802996,0.6691136774916591,0.631391563874156,0
0.19652890433022352,0.6762426279840328,0.5533446391915805,0.5395933761989461,0.05923825199506445,0.8158019897716289,0.4096938505549808,0.6831134104132051,0.04793231816972107,0.8236738973511806,1
-0.10891796349171642,0.9613868843234719,0.7665708863052556,0.21192020490659128,0.09646305208454282,0.31317805263166437,0.9036861794751457,0.9709735831526924,0.6913357832340531,0.26730480204634666,3
0.4158596954185274,0.47356021579482854,-0.11089861443072035,0.15093881306203927,-0.0832014819031438,0.69746057970023,0.6180387187202315,-0.04451357106336895,1.1599591254453472,-0.0933503388643385,1
0.34703945258281194,1.089595902175208,0.5153731798515274,0.24953930655129727,0.30753350142286046,0.7266394666129041,0.48955169087020284,0.13845525840699852,0.7183186443586062,0.48527805825983217,1
0.26721602089872154,0.8026299010202685,0.451496637923745,0.8440347128849208,0.559872356378498,0.16510249575467703,0.9630521335740616,0.014636544164465762,0.4546490538311457,0.7263029564171543,0
1.1160036186923061,0.6905901354991394,0.8482831742596775,0.5149302072762627,0.4668732691562675,0.6922354115620922,0.390781459122156,0.6574658672610584,0.45564295129945953,0.695337282354057,2
0.05429570270860834,0.7521909737935446,0.43090759156628844,0.6201373650512269,0.27277934793000014,0.7706706842166147,0.4048676518864598,0.6164111657248942,0.01119655386936469,0.8058091946168535,1
0.7605877750517672,0.27150376198664533,0.011622806065546162,0.8132553124740582,0.3484889758503526,0.9996717455182074,0.874064626465957,0.4443969508408011,0.5697799055397232,0.676999798141547,1
0.732956229153827,0.1621991466622567,0.6869014742331812,0.45970856152728123,0.5596106381992799,0.6282795978649344,0.06836796383208853,0.48541299380812175,0.592071123439016,0.5883015751773568,0
0.7918185885814295,0.5995640569633423,0.545858355699532,0.013068639994300989,0.5594055590185826,0.018447158596422084,0.7940913127318766,0.9747327025761415,0.79475619735341,0.7937153911601491,1
0.2095263043629456,0.5906225916294544,0.10225889011573001,0.3376130514264979,0.025900816081426435,0.4468562889763079,0.6299117044466211,0.10454182166838107,1.004676890007423,0.12997429369591687,1
0.8406008316806564,0.3758244603823597,0.8408792353403729,0.5421681046145099,0.6740702803956968,0.2569631754625267,0.7541134109623341,0.9417490040743718,0.9802219127261069,0.5395313067861707,0
0.7333190207454879,0.3297307331160506,0.4784959944796711,-0.176952199501337,0.6078652488506862,0.1901242855831043,0.887338809988081,0.8883991352010122,0.9627190449067461,0.6566100186652545,1
0.2391199448371376,1.0696941120052907,0.33979000041363006,-0.04948441760341174,0.1724532012834201,0.7031926591653368,0.47150799496757495,0.42061730910921064,0.6550278148696508,0.4213349818596098,1
0.6047828411594137,-0.18992822697972256,1.081020786263897,0.6319489205078473,0.5026730557606738,0.9668231792723856,0.27543729881627205,0.13957616748558982,0.5967096953152253,0.5876001867911937,0
-0.5697512603240682,-0.060389576489144,1.1910586748725258,-0.0028268776331675516,1.3785117266088984,1.015805227921714,0.9954052031062735,0.027157570360175576,-0.3543987479216867,0.37801720887843776,2
0.25974797574530506,0.6912898639096232,0.16966609188743859,0.14614536245009951,-0.051526839452640444,0.38391910562916853,0.7921330361014893,0.14287106416229872,0.881019059516374,0.13030077386422828,1
0.7936839165471171,0.6408957380242828,0.5000699599195473,0.04234597457525137,0.5333706575245006,0.0067589267163750515,0.802944207216619,0.9823750795555866,0.804530519533374,0.8013390732212875,1
0.8045465051714631,1.0085394346517398,0.546185414051738,-0.5459209361635646,0.6761223816022286,0.6899039416168031,1.5669703232966286,0.687308782908714,0.4000274857047773,0.3720842243562601,1
0.9441371656722375,0.7859723096205683,0.552999476919542,-0.018609187895926416,0.38570597841188964,0.5026993185140247,0.6049586848926757,0.6926445696236637,0.546150354738863,0.12373713426748867,1
0.36671521903717264,0.07161311128725782,0.6667287081258884,0.238534582415013,0.973086378779239,0.005808101960077136,0.624430436958231,0.8365399128722113,0.8194077920422578,0.12269838907214474,0
-0.038523336833832536,0.49757134449999607,0.25407283171965667,0.1791835653165776,0.9827856537019547,0.5075230913251605,0.9540887411299214,0.29716012561662725,0.2022381717016506,0.6014671006093693,2
0.7997913405663597,0.5236972445055142,0.7243886059288348,0.25975857732073904,0.6066994641153988,0.9116330377305638,0.511204641130053,1.055165721557156,0.29122672949632167,0.110443276201581,1
0.021701941514179778,0.2515745467413205,0.29428277957392424,0.2376678167642107,0.9153028299584058,0.5558399691395144,0.20636931811812959,0.8985146074371317,0.8574384933196054,0.606484582935291,2
-0.20336221912119112,0.7454596531393163,0.9332251884066782,0.05743862380528625,-0.1897823796316977,0.44047665283693227,1.0908940149749777,1.266974724384909,0.6588088285458777,0.32073876916295885,3
0.19268188921717427,0.7414498800166719,0.8148966207256229,0.4540296583758022,0.601777914679905,1.0296300985971787,0.26382508570308716,0.8264141482657572,-0.024792850352412847,0.3857658054458887,3
0.41066332242638603,0.3105448389460208,0.5313591375382818,0.8219480337014979,0.3017718808404189,0.3794520031798261,0.4251119542691527,0.6989899255454983,0.4572285310604967,0.9009740714956559,3
0.9260414247874971,0.2538413687859055,0.927299691024389,0.44491776547193085,0.5452651907291838,0.6666667193022282,0.18322910621003038,0.677302329414862,0.8764278843746485,0.8612083069416567,1
-0.015468266753676213,0.12666474503610425,0.1473267312922484,0.48018059501547605,0.42438435890050275,0.981116124479011,0.2848685296494498,-0.20865413652927722,0.4849030307231954,-0.31288973437347056,1
0.8092780643195867,0.30401694490186276,-0.009068212357215562,0.7679760885121258,0.42009100386157017,0.971985719575343,0.9131508244746538,0.46889905265324144,0.5355385198848748,0.6235400998482716,1
0.8494589356695349,0.13335238626297397,0.644651725778213,0.08365317660137521,0.5237924659716345,0.3801620701358403,0.19709562427992097,0.9185557474552477,0.9460722899062569,0.8306287235450386,2
0.4778336169433241,0.0822434606727841,0.8846183798861772,0.9050628323830326,0.49002930729985256,0.8244703772450754,0.19890047664762442,0.03111814450845811,0.5649390944034938,0.5868205187603993,0
0.06893198578030096,0.8462461511337714,1.0025795289760946,0.6819075314854102,0.3118202205024747,0.9217916454779718,0.1567833614983667,0.9208009202256221,0.14302675364923564,0.33562654286531907,3
0.17163826938084442,1.1279765214948296,0.688260939505899,1.056447457110039,0.7590307033256725,-0.12975990934088583,0.9677997772874753,-0.19279549185051575,0.5758983995291117,1.2383560249992045,0
0.5855291880492125,0.5925582082403098,0.8914743913859086,0.5423613732419186,0.4946145480405083,0.6257407704470053,0.5373123257589241,0.5523618823985736,0.16610792182549028,0.4514119932703465,3
0.3210958922042547,0.9253302458115585,0.24032440336735894,0.8270400019996059,0.6839550639858968,0.19623422714024147,0.8108112434323278,0.9283970134189508,0.2921331901588817,0.560218067681935,2
0.3579643689978075,0.30847578945089216,0.10599032820575821,0.05493846069723596,0.268486992227312,0.5565669945684395,0.8265709258529829,0.12761137947620915,1.157710034998093,0.3390216844928732,1
0.4251903464674358,0.22113353932052232,0.29477324177277586,0.7323506415437367,0.2268790126382029,0.2671673643304513,0.9621058508583278,0.02233135188714553,0.7850127732833496,0.18211181347345531,3
0.5732186668139297,0.2850360454589832,0.09773390177779713,0.9781861549084911,0.44848376497745,0.8047683812729781,1.0020666956291457,0.6793966578839988,0.5363830975776726,0.05337385476879613,1
0.303021393345084,0.1855113647330041,0.733924741634003,0.9424079503926289,0.8128701745917709,0.7880526371380399,0.5005381196705118,0.13816744012192766,0.5092475891171723,0.6833138242735063,3
0.4801911716896459,0.6816305058255172,0.8440125812910391,0.9497847554919646,0.1904630223549789,0.2121978133653908,0.32773440510360063,0.6214196260064708,0.1369162223877022,0.1964317236392283,3
0.13448589968617058,0.7727322159626335,0.6229669526441481,0.6496770606575818,-0.133926762208188,0.13853259507954774,0.21498955944032866,0.5068595039633399,0.08411399678800206,0.05308036053847806,3
0.38615718181099473,-0.05027832901565286,0.29300525705497266,0.332820288453304,0.18467098828915163,0.6636059562553126,0.49156877156346407,1.015983528325429,0.44077988065861795,0.12209044465140777,3
0.026750470824479792,0.6249982539963594,0.16956672238987444,0.9554718612111589,0.0371683311055378,0.3786677005601087,0.24660663187695436,0.23160713907181235,0.48610382912737615,0.8983584660734326,1
0.845823805987738,0.14428925077704424,0.662718468087253,0.09845372551852591,0.5494458006383307,0.3722825466355627,0.2084901152984556,0.9192187196396377,0.9446854341146228,0.8396882560912181,2
-0.016789391656968272,0.10248364934821859,0.6249443278211825,0.2994290453483884,0.06409681110043679,0.22675750689804314,0.5510825615421506,0.23689058925281029,0.6851568062186104,0.7427095308683692,0
1.048129527291791,0.5754416775372193,0.4457722125574589,0.9274065987707628,0.8994982320201405,0.6895445213649445,0.8091716206181696,0.6637907128332666,0.6563370778444497,0.35785133018504833,0
0.8793088461465866,0.6881718246867846,0.585260697636177,0.09449381697098785,0.6692406684320397,-0.018751339815204826,0.9259907534357605,0.9923745690497512,0.6766194992666033,0.9108508471466625,1
0.8563817623629038,0.8202886382810194,0.8638627804832709,0.6435396010608025,0.5969912989884718,0.8211242509547839,0.12206156226271131,0.7609490928269527,0.6714261465699859,0.5014430203483002,0
0.9223235425812424,0.3049136886139957,0.9119475027653139,0.47966799314257835,0.4977966120560967,0.6857973014665296,0.20530023375816037,0.6978955806446279,0.8298512970911137,0.8690446868074816,1
0.6175304943066899,0.7634072555121374,0.46770762117924125,-0.1084058124692929,0.45279899859756845,0.14111114469417546,0.6976329580769651,0.9424852098400647,0.6159186052102054,0.6630147856065388,1
0.8381613041771817,0.5958046500503571,0.7051126894486885,0.270665658505973,0.642772220744438,0.8481354284751623,0.5016568804614251,0.9672853998628248,0.3051248298163309,0.23664044294173037,1
0.821461603674213,0.1004135082502001,-0.005070184451334905,0.783248049262072,0.3480815169615739,0.8561461859665053,0.7036291035789873,0.5830656858012008,0.42446267672703286,0.7721877938504149,1
0.479634303482298,0.5325918354413374,0.22030704840724533,0.6544996121923926,0.7862417236467524,0.9216666195012012,0.009533074722401256,0.6538079451335653,0.9698391198114305,0.15325766921007442,0
0.44897635093792004,0.7710976055269884,0.8423031146565817,0.9064880106333427,0.6955399537680554,0.42173331718631213,0.4276904572024782,0.4104205980430208,0.17813968226937418,0.10591438496904051,1
0.575575218892256,0.8678465574590677,0.2006760608540448,0.6572842512119512,0.44672405548076,0.4072040984195319,0.6000599322209774,0.07870946725507391,0.43701492856725566,0.021024864998888018,0
0.8538420432323239,0.8249190103609848,0.8700913550375237,0.6447035464907752,0.6028392846564583,0.8175614775457065,0.11942667062086414,0.7567121373928947,0.6745912868327885,0.501709010952045,0
0.4621730346080441,0.03950151956821779,0.9413687505511169,0.8700169947490539,0.4484747575173194,0.7727602130715143,0.2369998561318176,0.09768704420578297,0.6075587503155896,0.6349822130687237,0
0.8982805877011254,0.49416689913873457,0.8607558054963143,0.11794947614488169,0.5045737243642369,0.3241702324509521,1.235979879978759,0.9199216882717444,0.36199179728201847,0.7671247894060721,2
0.022223058960210634,0.7394132953108044,0.2156457576839063,0.9348798232102306,-0.018982742825284345,0.43107595982910446,0.3145606962820526,0.16258059205317887,0.560816744179319,0.9655875452394685,1
0.30098432764416116,0.9220230468131798,0.22152794433074657,1.285854658120634,0.560311047251243,-0.10609969574684536,1.2413337121013848,0.20905443162251264,0.7275684858740952,1.2149509553126496,0
0.3651484889021386,0.661306626656173,1.006577958965819,0.5892834322828316,1.0799974335152722,0.8712574974077696,0.8127609322469598,0.7066243189846255,0.9690102953849709,0.6684203702891247,2
0.5366489510488546,0.817503101606606,0.5442397388745532,0.3438561358255353,0.44035091045474867,0.7798461222329182,0.15159492493258964,0.8323861370578132,0.34991565388808243,0.3770666750481608,2
0.6018106643113773,-0.03608282639459845,0.9401186961110137,0.754993636657811,0.4515800777293499,0.8253926446998618,0.30587293086285033,-0.025583806536195436,0.6430262211743205,0.6295712943150061,0
0.1973256605594217,0.5970663390102876,0.003934060697146129,0.22493993122818826,0.06624511881525824,0.465086186957163,0.7502892481336105,0.21193717800188677,0.9579055416821355,0.010554580821617945,1
0.8101755552787853,0.4533452030814499,0.8080998419584198,0.5455394083216448,0.713751020934977,0.2123394734285892,0.6865943632991595,0.9726916384533484,1.0486289809872105,0.5414453469622319,0
0.12300041990404602,0.46148041651171934,0.3170686300435656,0.9563426690679495,0.6304268060799213,0.799424056858016,0.38793745829903403,0.08576781199997249,0.15410689583132722,0.0754402678564666,1
0.1885046197060287,0.25782695478247913,0.3561449526411223,0.17115177110673133,0.4356650894095247,0.7658201240821291,0.28424311555541953,0.05518095070639782,0.7436916822514421,0.7585606263577218,2
-0.4638820232362447,0.4994632978162228,1.3639960154660855,0.5761845333581697,0.008149326063511625,1.236480404574596,1.0721723446727989,-0.7310947474354359,1.0702954035166012,1.5667643684523238,1
0.47091665522068477,0.5471158726442394,0.231028816056808,0.6567205122158774,0.7780576588226615,0.9159643757021984,0.01652119786598461,0.6546926780463501,0.9908999767366824,0.17937154990404203,0
0.2613329382684544,0.1009094557889369,0.6207756304311133,0.9078427333431376,0.7572079220527144,0.881729342063645,0.5716434263133789,0.26119603977672956,0.4948037537525198,0.7124590495549353,3
0.9409286708262462,0.37234578059991513,0.8470954350360296,0.18411756879667296,0.998143060887327,0.37608566951811895,0.742547657708378,0.9001762613382988,0.6868228169490516,0.6028954532280295,0
0.5618558428331495,0.8404999421430799,0.15239210794792885,0.7237255374432126,0.5067500991757419,0.31849756738557355,0.5879044898763639,0.13223106339536247,0.5065938791158952,-0.08236164862059907,0
0.8665947973583961,0.5717070226834174,0.6922627601560464,0.20768921610370433,0.6064433040263196,0.8814173693099168,0.519400278420385,0.9753320672001534,0.23855268467975174,0.18095838247740906,1
-0.0010456163717100682,0.6232699210832474,0.26498476875424903,1.075018960424194,0.02182353426449583,0.36495747672754225,0.12110971554603495,0.18819915853410218,0.5297030510642113,0.9855580085394381,1
0.10455222246204161,0.8990132792936959,0.8696042152817862,0.57367772577025,0.46205573624985485,0.9169110807264993,0.18943549133518436,0.9567120833035283,-0.007097593665676926,0.229039413896947,3
0.6780164486873704,0.6791172538064113,0.43517030270089124,0.2081634485227138,0.5791527852048823,1.174281805995653,0.6174400277009293,0.7103080405431897,0.5750129864109179,0.9294686724005992,3
0.315393509429674,0.5829767275930023,1.4974589088462162,0.48753390262939733,1.3197281093563973,1.3230896877490683,0.696715303147198,-0.4214710388883778,0.4360592819766814,0.5780365517173691,2
0.6461590362851676,0.7996551647194003,0.1095572831805736,0.6946860536320847,0.525907909633187,0.42049961918469503,0.5574553313078068,0.05481379940729429,0.4824140713967579,0.013529814477822656,0
0.42479725634371207,0.04808100970709265,0.9510984949387964,0.8907113665473005,0.4363690955467364,0.803171659416777,0.24049714749858367,0.05982276040480001,0.5613304233492707,0.6362293126071237,0
0.6760009776398748,0.9022108689437892,1.1080908431116014,1.214333691275347,0.1486048790232962,0.5348192113872121,0.1841057411332547,0.20759612824664309,0.34349791386086825,0.3649002927812578,3
0.6808985180178709,0.1219066893410018,-0.10358043138436954,0.7256483459365591,0.2888448170009065,1.096283522408373,0.8924886471651217,0.5922747417768417,0.4430446862986921,0.5361651529210565,1
0.5343637488161121,0.7882469052329655,0.5199162851490462,0.35485506731282807,0.4543252642952674,0.8087936664387818,0.15713173547672002,0.8080357806397589,0.3479314655844019,0.4068425666706565,2
0.4464772299996889,0.013173345483837494,0.9654353942308711,0.8712002794150338,0.48475493815053694,0.7645420481847477,0.2517044117425179,0.05919401328465097,0.5842164108578438,0.6608695969436278,0
0.14670470209599223,0.20703417472251656,0.847110925780354,0.125242489617216,0.7356288823624205,0.08852109680805995,0.8367453261401618,0.06076908934244425,0.224198207560327,0.8202779744252965,0
0.4636113857054437,0.5507741070395499,0.23382640878541455,0.6392837126316185,0.8000284984796076,0.9252229337593716,0.02749912851682376,0.6569989384508073,0.9898638404020186,0.16866460767374442,0
-0.0013776690285529714,0.09812965973271154,0.6366169917670019,0.2818143501499014,0.022739687256675883,0.2189014281628963,0.5762736045747936,0.21634182008213243,0.6928310460562678,0.7578902170872993,0
0.8696841051133279,0.39044595985713054,0.8105127202976015,0.5627401994210839,0.7165698923441479,0.26283433206027174,0.7260923807488099,0.9926275314945635,0.979957486876961,0.5322228215931116,0
0.01585892907770786,1.028467145450663,0.8520783252028882,0.6909165112130372,0.23698420603721454,0.6562788788447551,1.1227635883303164,1.0642588628850644,0.41118496340175686,0.11904342651633705,3
0.23648335506506424,0.8627010296956321,0.45909617511138506,0.9039774852556554,0.6158479431886761,0.23058596020166017,0.8647916468535926,0.12780237842940398,0.4783705531118,0.8876471018265337,0
0.811217056941813,0.30365700226239944,0.6929935392357406,0.09053355116257926,1.1939209517692508,0.2992156988104764,0.8995596248618994,0.8959365982136515,0.617062894644619,0.7189481353936381,0
0.3845072497557503,0.618324114472714,0.7854575010905901,0.9690934209183845,0.13876528516819112,0.16443146814286758,0.380468429635928,0.5294610761096716,0.07570272552624688,0.2296199681721901,3
0.0918228153431171,0.6950324678648866,0.07196100232503594,1.0938484074848733,-0.07333136918727706,0.27018042490818506,0.3390817440757541,0.294331180764336,0.46959157633523474,0.9289164744477193,1
0.9564466731653427,0.33898493310044797,0.4138545936350538,0.9818197217698276,0.6583553107376107,0.529213731275065,0.9937248877538422,0.6170913313465869,0.924382370048754,0.43673186062954505,0
1.0096117518346148,0.7421530266655738,0.43560345516905247,-0.03197642549871017,0.5449854799695872,0.7005692842248189,0.5666804680181227,0.6710241619839318,0.31092931221814835,0.09723951558203339,1
-0.0379145088044493,1.1886831611826163,0.2828108300736678,1.0507210096889867,0.7118200796903125,0.22508040620413128,1.160748641764458,0.06643862160148664,0.2093167119242592,0.8079780327574301,0
0.14161834777372714,0.17869281634487916,0.7980812224658167,0.15654554592796877,0.7715767656835552,0.12392174688138227,0.7973398267921936,0.0790014548112264,0.2980424710281282,0.7379098659863526,0
1.0568809099111518,1.0003116687410278,1.0886628293896905,-0.17618193672142674,0.44374699702680764,1.0727801603029354,0.05628631789307381,0.620929549924697,0.5233153212332182,0.28081349732711786,1
0.19509051899197144,0.8594463930643329,0.9798066072953647,0.473136752257998,0.4405208086853837,0.9428922071862096,0.07420530258111843,0.8415187921113112,-0.09343154535158209,0.10881188427033087,3
0.13328579012483177,0.20189978963358807,0.26443650624705733,0.7357876470793362,0.8808122977083171,0.24320504502287263,0.43142839246639847,0.8151212400823054,0.6559157577056131,0.2838501916833453,3
0.6916310594660404,0.541805906823062,0.8480352016649281,0.514452287622038,0.4484443433629907,0.6716391899135682,0.6714901296333161,0.5929389163540654,0.12169995404294302,0.43657693927252245,3
0.11241374804054732,0.4633089259370329,0.30116802281991556,0.9518196931616542,0.588358731603741,0.7856496025451066,0.34737145893815424,0.08143284720154376,0.16605848933927467,0.06189608549734654,1
0.10980145568047954,0.8552769795251549,0.8209275885898468,0.811819513761776,0.5286211592406066,0.7798468157107926,0.15125570852366824,0.8333146136393866,0.5809241232124791,0.6081317871544553,3
0.29187057800050137,0.9933253983003033,1.3298724057400089,-0.12234421607307305,-0.07813990987785693,0.4106010953735945,1.1584768474652098,0.48351212315855957,0.6295210204135576,0.3240054949898779,3
0.5331749563556649,0.8055972682205714,0.5323322141044922,0.35968941643519764,0.4395024137792898,0.7864005919839582,0.16222724067423225,0.8157198967087987,0.34849584391164345,0.38771119463195336,2
1.0738495477891024,0.3566236874984146,0.4845209177779147,0.031132017247579892,0.5590796641003279,0.6647506825907827,0.6109026076526339,0.4911664276745846,-0.05511815649258689,0.3412415241990444,1
1.040292096131874,0.5843379357514408,0.46755962689430897,1.0641706991680637,0.2883372992827676,0.6698409423983112,0.9606234595731759,0.5118162025873323,-0.1738506001343853,0.6260685099520553,3
1.3154785206940498,0.07093301745479164,0.7747620969599551,0.9554843119144685,0.322010212558021,0.6845492405950794,1.0360154028470718,0.9839940849404102,1.1967745792473607,0.6920182982918848,0
0.3347143831880628,0.9104382993491754,0.4078218486540499,0.8988891846851528,0.8875908486835757,0.2826608312312775,0.8836023983291614,0.9098838099949812,0.1335337980205401,0.39811336794869334,2
0.2686916627898809,0.39124490677918633,1.010992211753143,1.0505215281444518,0.22061580215483956,-0.13238779828627728,0.05858064936938706,0.44553725785667103,-0.01972517771650112,0.3143955640518529,3
0.2974366872864039,0.8439140431078301,0.37915734072029605,0.796475071568218,0.8590818760570831,0.2796033511215719,0.8820615280721942,0.954916136011366,0.2319962331238496,0.3944505253391239,2
0.5239918578101015,0.7798004615547187,0.5338564483248578,0.3868324492614207,0.468689576833126,0.8081290662458216,0.16453920766313326,0.8012701574486338,0.3228591044254156,0.4175511350411564,2
0.5277495985294547,0.12399895344050958,0.9825837091482689,0.7794241724726827,0.3671096717241953,0.8122977182260662,0.26699678039541014,0.10863017168227228,0.5251158413213641,0.555995961099155,0
0.8792579717688949,0.3298907357527327,0.8928133411195863,0.40257911541954927,0.5557009047318313,0.6990777179135542,0.24169809510605006,0.6388648121688008,0.8440126045433085,0.8966807917691427,1
0.964015455638298,0.24995094147018612,0.9013963574173463,0.19228799044630238,1.1940627751984447,0.3893989120775291,0.8184808833031102,0.6985850070565376,0.7939916457741947,0.5189613435752415,0
0.489513637870732,0.05315261044759826,0.9580678932220769,0.8819509661881889,0.44264802595187985,0.7506213079827003,0.2584322256282205,0.09481482919176075,0.6213765334549184,0.6339545370837683,0
0.24006031653697207,0.7194915639159053,-0.054118452923703916,0.3713253917073541,-0.02287570324875149,0.548580475461015,0.61608958882982,0.09507983360383795,0.8614054274742735,0.028263330706006687,1
1.3790318320879358,0.07176649985141509,0.4365374735450967,-0.0752146021881982,0.9957537011682364,0.732051881648571,1.4893805032497676,0.9853974083432814,-0.13395551212369028,1.2511762678995908,2
0.2642141165001443,0.8914227755412143,0.42003765768283047,0.9957470234224111,0.6571539585162991,0.09834225062950921,0.8434683728851975,-0.029996447098624368,0.4457723416462904,0.763425939645476,0
0.8238790855366522,0.5698219677584355,0.9274751754815602,0.3201142610332117,1.0190221714567846,0.21468588170634906,0.9078231680668604,0.7626255660271408,0.6546610983964016,0.4732496428026008,0
0.23561241724857154,-0.03980346213982311,0.466878637678215,0.37670756429223784,0.9735828612000381,0.28698765273356497,0.3154315772600515,0.6664872375220567,0.8427065411055898,0.8152515475263955,2
0.9005589442755465,0.4174296206334841,0.7786922407180857,0.5999831722255807,0.724292676022382,0.2891268502721018,0.716905755441569,1.0185422923188994,0.9646938597283967,0.4919402652424223,0
-0.016907660430815055,0.06881468493865026,0.22328598047049397,0.4960956697559061,1.2495443040730754,0.8365015888583387,0.39453203496317746,0.9933045556901823,0.7874959245401004,0.32624748916353474,2
0.8626397146258621,0.8237737165920674,0.8581158779224296,0.6465761745385501,0.6152582515359171,0.8204126806323327,0.12401076011755577,0.7661339411808347,0.679075784494823,0.5095419476716604,0
0.8297132395239364,0.24383212948964522,1.1794978484008358,0.8977947706974843,0.44729335385054847,0.6192359503981341,0.2479648180258801,0.7888356014231314,0.1245048013190607,0.1456789222429778,3
0.310723429649757,0.8621078024474252,0.33092635597071957,0.8251039113557009,0.8409880256346484,0.24476786252642932,0.8338646135966481,0.976040273860828,0.2389161736912129,0.4178577203058984,2
0.42400899799333086,0.6458733282494208,0.8504867615372173,0.9122566406049516,0.19982939020695034,0.1358436214396124,0.25219154871180255,0.6314978241307158,0.11916960998839848,0.1831325722541307,3
1.3407146346880385,0.047322232037357304,0.3706708351784121,0.7755133669735722,0.3173239457424641,0.7393659996691977,0.7982589069622011,0.542654888883875,0.9195844771306635,0.23274149730235255,0
0.17723733337430436,0.7040353642415966,0.2698837272870433,0.49295589810341,0.4995722602079398,0.8173745314824618,0.560181488258348,0.0008154674127230782,1.0203522386882014,0.23994591275620197,0
0.3463099512333664,0.41415680214436373,-0.11491208022763791,0.1510953237949783,0.16265102989196112,0.3731620797846035,0.8618524092410286,0.12463604379778445,0.8832672351119364,0.1831929398484191,1
0.6875080353217031,0.05628144256171497,0.6089113848179458,0.49680323354203126,0.9728064795804603,0.2918640834185058,1.0138728026206247,0.581311641211348,0.5849007806917805,0.4793578261930384,0
0.06241595173248113,0.19169287901635562,0.2694766069990555,0.19962141700417058,0.592637311876452,0.8678613149593011,0.3117710397512298,-0.04002684191042391,0.8404375989599223,0.7705105155850618,2
1.3355913413661085,0.716109138038784,0.17541041535207963,1.2562704211386222,0.864812501762672,0.1552209458993019,0.8749868729078951,0.9447637428535598,1.0934758916327727,0.656710986909505,0
-0.028112156927186882,0.9989994244114889,1.2047010550965063,0.7136701613086527,1.0108479514574953,1.1973722826564555,1.096565050495367,0.3190968554524164,0.9720270570630176,0.6808811082295089,2
0.8315241993024998,0.16489392510181172,0.6292091271769653,0.10442877334309589,0.5213102229673089,0.3813483606551241,0.21771003557817742,0.9482374550562246,0.9331213710339535,0.8215870572183137,2
0.31771099730967994,1.4168671097621541,-0.0006616145780176108,-0.1754801811569341,0.6677783292987767,1.4258441983706795,0.4717936767882441,0.6059294306753604,0.7991314599930481,0.36361407114867617,1
0.6092592787337124,-0.015614115717544584,0.5994530082519733,0.5292483419213384,0.5607403848355369,0.6230472182882991,0.032422945981189,0.6402489598946346,0.41750469473293983,0.6844249230055984,0
-0.05758560068503657,0.829417155683015,0.42011836816401216,1.2052421480326132,0.24986188740038554,0.5953777401168375,0.22256232955745137,0.19291944153146112,0.45594536166041144,0.7132415174706666,1
0.7251614702378599,0.6011351385776493,0.5969296203535935,0.08028041721084439,0.6666850162746856,0.7472564832315117,0.3275173909955166,0.8875421699664291,0.3064456711527923,0.3344957850903252,1
0.30923824659786986,0.8619383007475784,0.3724868554151657,0.7872335859760153,0.8514660439746898,0.2587571547888261,0.8630652213085754,0.9693642939258241,0.24305558323256973,0.37750771379788733,2
0.12289696265656459,1.0505592659562264,0.8475228303872898,0.13276379853237275,0.1096077008866043,0.4097884603977732,0.5725136068529475,1.0291927736488073,0.896523691007602,0.29978003252787844,3
0.12034265644222526,0.8052548582195024,0.37500297414100625,0.609287700941519,0.29823733091382676,0.8388608212020707,0.4167487543088729,0.6676393189681767,0.17655562316761833,0.7707352921723696,1
0.6977204291216208,0.17969256664546812,0.30422994697722583,0.38112310533731847,0.15264268256683766,0.41609203703103076,0.5922095000172991,0.4652440049608182,0.5563091445081862,-0.2927795463817682,1
0.30987263260973585,0.35988054039251727,0.993511389509743,0.49051669621635186,-0.08817225600022777,0.7912412689458346,0.003907653680798651,-0.1541247886992666,0.3573641773952849,0.21172024401131662,3
-0.12480550269010965,0.08236219083272384,0.6081132323535552,-0.05957253509661997,1.3100147871406709,0.6418827673926517,0.14076908184599946,1.1614452931660988,0.9914914892359425,0.3067281707144148,2
-0.006521544751727892,0.09239580216157131,0.6199874235760291,0.257386994637699,0.028658689154541277,0.20389024425238006,0.5630250153911949,0.2415825496450882,0.6722460746944793,0.7694221766586639,0
-0.055414768656170454,0.2599315732630487,0.888723038288791,0.3084015535600132,-0.006718408044322333,0.20355769922641387,0.9521271154747275,0.34810537567911265,0.18567256942009366,0.37454830932515687,1
0.3505738247267882,0.9041446573158639,0.3165578008625961,0.7586867933523519,0.8267432807182069,0.30925282438062257,0.8639096918317872,0.9456957355850872,0.28974182668209847,0.3556598190739498,2
0.17585667091950993,0.8757851988026624,0.3319115414131387,0.4652408990440288,-0.11856221826835389,0.15452899220558125,0.8276556198677848,-0.04116826567003251,0.9576801933687347,-0.09341198913345641,1
0.936874690559509,0.28666968277978955,0.9108296978471793,0.41289136764364726,0.5004665272221882,0.645168812109892,0.19887580321216952,0.7188483297682265,0.8466230508867825,0.8202011580643401,1
0.23419883869495314,0.061697724170877974,0.7252107595646478,0.7785918942154183,0.80121401873006,0.8989707129060109,0.5553174423697066,0.14426689939657864,0.47372166356054035,0.7882984063043845,3
0.48925033162494436,0.003693888327020896,0.9792952524978432,0.7802933815511263,0.35308274046831345,0.7603458190926404,0.2201528677955365,0.11417976680040881,0.5449090199442459,0.7339156114314078,0
0.7848340799495783,0.6489310011201394,0.36650094651854703,0.22169465191658091,0.8979533137490616,0.03188965114706477,0.8763953298619118,1.0065917090119494,0.5043927669381765,0.5610509031539813,1
0.1389541418373559,0.5849042984332622,0.0372041993275268,0.2252541361240864,0.08718752922872476,0.5401578015874767,0.6777704278668918,0.14776370565716573,0.9462020567500036,0.03245195780820961,1
0.34508544528846585,0.8898646866711942,0.30548145953673,0.7117985676267247,0.9073918769736067,0.2864806486371426,0.8851991827027531,0.9177150427211018,0.1991482330099178,0.3087527754859676,2
-0.0014637913716974973,0.10387946636181827,0.6333716674225572,0.26871896728158384,0.03814233289450731,0.2239655207927942,0.5816990742518738,0.23698108814586855,0.6811370881363411,0.7775365380166591,0
1.0531357568820827,0.4774147775952875,0.679750744083131,0.7163896413345295,1.0022447197697233,0.40736074895595903,0.3810173425458727,1.0369790575329092,0.4085348129087112,0.6393797510571537,0
1.3554421992664802,0.6464895552945448,0.13908698964899813,0.09111201121636528,0.7354436540223773,0.41393767920408836,0.24941396018888456,0.3490716463865309,0.3184240361891019,-0.09459415648932568,1
0.8114225162045485,0.24363243284442856,0.7228622373762537,0.3085553129908727,0.8731932043162866,0.38722409493599436,0.8794794586607135,0.7766409256237552,0.5292627919657094,0.5508974321681962,0
0.7841521764572871,0.5312826455211535,0.6710405411578259,0.10914523684980457,0.6473314680066109,0.8643211048746461,0.574904567823434,0.980017224133495,0.33670992728627624,0.2438798592542012,1
0.13691505366110274,0.21658177861228245,0.3383936934407288,0.7257495003802314,0.7994468321916904,0.26288244892767604,0.4840395015773143,0.876435378617452,0.6259951849067852,0.2183638510832318,3
0.945853851475711,0.740943924485337,0.8958213011760908,0.7270047557008601,0.7029949162459157,0.7683296696114938,0.011432788714653364,0.655057268099944,0.6825542066091598,0.5814213619982975,0
0.1454880193322704,0.24922895412053803,0.3255409687746411,0.09078878762376119,0.3252102379464428,0.8583283481658798,0.07144743164298428,-0.02067770177434468,0.8270365102317838,0.9308352376345089,2
0.5899484177528153,0.33321408666340674,0.049700136734888274,1.0025052383508655,0.3641447512242141,0.8124388439769838,0.9671840654922756,0.707361946858698,0.5269382481581955,0.04223795578756594,1
0.8937411205378324,0.37667198643145305,0.7714041691846001,0.17695066671633414,0.9884302266567594,0.40996894619526636,0.8362905288953651,0.9816550037571117,0.6579885310597279,0.5560038412426802,0
0.06530666309065922,0.3091107277131705,0.3593686786076874,0.2535698029429454,0.9690309001053901,0.5439941858853392,0.23233555263510572,0.8506856724975053,0.8537261480493078,0.5469994503808673,2
0.8902467534394017,0.18635685465202445,0.6003607811044132,0.04467762380402553,0.5817154601744206,0.42883134141246476,0.15448400432916126,0.9569758312314116,0.9046478169664934,0.8492768553280553,2
1.105010806226939,-0.061791884433047894,0.2697755077680611,0.2400519028069953,0.6124026329474324,0.6988977444800968,0.8010700274835696,1.024099396393338,0.5929441806101747,0.8314332641619655,2
0.8517138336183669,0.8507429874966642,0.8227863778959029,0.6854767740550746,0.8402636789307147,0.8898940670384026,0.057841585291446375,0.7706470683427117,0.8203737027965825,0.30275045688955454,0
0.35853660149907296,0.8915335227195086,0.2692694061430887,0.5147714078592495,0.26210105675479667,0.2119671293883434,0.04820822761724967,0.43167488172168117,0.8633369207408185,0.9578212234255603,0
0.8324907806489491,0.13904975962930757,0.9279210503593714,0.47061379881729715,0.5180750569750613,0.48872590061633125,0.13576680090682813,0.7796517431711292,1.0253502934903893,0.7445659783708085,1
0.24505222401871984,0.5098554940608879,1.0003397484167018,0.6057191017752406,0.10515138159669257,0.9446435806562753,0.1512444225889597,0.05152875110408811,0.3404333363687213,0.37985296650462896,3
0.7397981197860185,0.6816447490820138,0.7387088174372365,0.49997499946001167,0.4454121092023732,0.8704181820342258,0.15884140235761865,0.8055827830478209,0.8017906400331488,0.636724784599089,0
1.0742417899536827,0.4929454880690727,0.38646671847203007,-0.06693412966955958,0.41848562502250897,0.6928268667783314,0.6589064326481907,0.6013448569791928,0.3560678131415445,-0.004841040368112337,1
0.2881582502518044,0.6548508878797512,0.486548845977483,0.27358760086847445,0.27057973523804457,1.211576055870792,0.33224238143233786,0.06632270405991894,0.9320639502261141,0.7035154718027349,1
0.9153530655542175,0.2733357517806896,0.9837646900356978,0.4834909602798761,0.6339608613241845,0.5885525825908432,0.2294560198797837,0.6558651477279783,0.8443754529549193,0.7150318467746571,1
0.7726863945250741,0.4115879853382604,0.8920906944878518,0.4140080030046212,0.06852687022116428,0.3860009337683822,0.7988290288382185,0.6309089658081017,0.2863133864293186,0.18333614578181376,0
0.8346530983143058,0.1514079173505105,0.6506175090937366,0.09603965637862967,0.5278161092098367,0.38922023470571865,0.20070929621487446,0.939154717089719,0.9263188950309035,0.8142438674415609,2
0.6915772229403758,0.2205820264945529,0.43371797931599565,0.4271723540588148,0.08014249339991529,0.020179388155235095,0.10492444198476206,0.9720763423917687,0.6491156051954797,0.5951051057616988,2
0.8964080984232901,0.2018648611733677,0.49019410247585327,0.9941129253719474,0.6264644824682056,0.5218002813540534,0.9628376301449149,0.6388403512271852,0.7871038148508868,0.4893791229985312,0
0.1376196827354014,0.9103794982875376,0.8632869667647941,0.5665304635683714,0.4548135734429003,0.9212905510529205,0.18024467219415646,0.9492650896401924,0.008587239491466383,0.22384465180980717,3
-0.05082362794063647,0.7397095886657673,0.28859518660191424,0.9755117840507501,0.12549907252996928,0.4180790819450401,0.3662287633813211,0.3313400009796449,0.35501334922166017,0.909430371321947,1
0.6883993277359499,0.5605818671924114,0.5528148945414696,-0.19292346278748668,0.5338378057702993,-0.11474463190239961,1.0877235879959735,1.2670700303313673,0.7158014674984139,0.6231210149550759,1
0.2617347276034277,0.25929393336938555,0.5485954254314798,0.7619059126085709,0.799498540463591,0.9905135500679342,0.650123466108852,0.20052034182717324,0.4664025069821191,0.6016673002662309,3
0.9196525839613116,0.3040217880850371,0.726514387858751,0.61031024690046,0.7694486752439853,0.207167816516232,0.8193245243882872,0.9192901820803305,0.983145802185106,0.5269022449158514,0
0.031115516367376264,0.2027264774424478,0.28954428395576126,0.8096844845222978,0.8726481801065139,0.2777877007102061,0.43713224017005264,0.8838255733063592,0.5707924635796471,0.20434792345363273,3
0.21471407129973288,0.8325408565814695,1.0242924565940936,0.47308963467275494,0.8441188324025578,0.8920768809055698,0.8789881312104936,0.4293268602361653,0.7311094757417712,0.770977421329232,2
-0.371827746520436,0.03548215650275044,0.24583202139408045,0.6616789409776522,1.5957700687985459,0.7668702064939901,0.2535231138863473,1.1204378769453784,-0.10412863322711524,0.7505902686532134,2
0.516430569527399,0.09275537306701534,0.9463972345951466,0.8271680374675936,0.49410314124661064,0.7661228875550783,0.22533874340299645,0.0782788823745597,0.6218667552924732,0.669120445852585,0
0.4078730760847962,0.042291349636186366,0.19166453308033005,0.2660258586312314,0.2642829438427644,0.575594424242015,0.412428419173501,1.0651146814947445,0.475150422305947,0.18392349582397208,3
0.5398334313890069,0.7971996387131974,0.539446937101459,0.35563599950009295,0.43507811656156004,0.787326726250986,0.1649705070389854,0.8228211041223313,0.34432996126121285,0.3901855619877126,2
0.516415328775871,0.05107916482096665,0.974718894718879,0.8230736847476136,0.46042571111021907,0.8102642519683353,0.24388843058800305,0.13331894205870856,0.6280223378371353,0.6668940239569884,0
0.8930959582055945,0.27399514214967685,0.9698107251839202,0.5485576629989813,0.5077321929886986,0.7115785787012271,0.32944780397423346,0.5795315674447397,0.9843594936065181,0.9084661032631637,1
0.562211157092585,0.27035346815363964,0.08849247142735732,0.9663626158556619,0.4113604805649383,0.7708102157243435,0.9926945388701267,0.6796631616341753,0.5120114657317179,0.019920072297670146,1
0.2970990205065295,0.4055611090083007,0.6244435608971693,0.39656118450396116,1.1774330829342772,0.126800636997485,0.8555988131363319,0.8779629631086793,1.1445383615251508,-0.12342708010403802,0
0.3699590392348501,0.6367506784095573,1.053017248137475,0.99275170718993,0.5235974935735976,0.6261170562395996,0.18473053502832704,0.5794500517300534,0.4737036853548028,0.13959798105928317,1
0.3440999661927546,0.9692832119216888,0.2829181334744999,0.7378340995724049,0.9878256889865844,0.12057756021443009,0.8198108578404748,0.86372093382408,0.31821133272123525,0.4115611148025934,2
0.7054773844579394,0.43973204527439225,0.5834726757001834,0.23477070138320993,0.183221457007593,0.5383806945083577,0.9748342738437038,0.4585790296464675,0.7898786835542718,0.8649286026924033,2
1.0309546553147284,0.21012564158207553,0.9144033398121265,0.011686757159401512,0.9310180998261898,0.5247801204263436,0.6687205030722569,0.9789993661413107,0.5168867108411533,0.4308005646553533,0
0.33278760218316594,0.8238134513180482,0.541853304554863,-0.25767996232154494,0.5978046569318863,1.2007128240643024,0.2474784740029926,0.9877958464571861,-0.1529740285103518,-0.2713070961110102,2
0.315929692360628,0.019548335328699512,0.6599717120338622,0.2733853810331232,0.9105153515933041,0.04194536328770591,0.5876856797024481,0.8799406362467252,0.8516862229741043,0.15614082765942058,0
0.13007289387936588,0.24102173494903184,0.5061448469268253,0.17726603150882075,0.8764244254383331,0.4730967354956571,0.07334218363709935,0.701820902760091,0.7991839837753512,0.7131587530916391,2
0.15886566715678016,0.5142420392747986,0.012701502205768846,0.4604768647452693,0.11762727425557482,0.6626685636401245,0.4724775479373333,0.2120478807353294,1.2316327229316208,0.11712668295904516,1
0.35056986742959256,0.04551447377170027,0.6882216455036436,0.2213469431310344,0.9679992801449522,0.022124888729309056,0.5967572973772358,0.8730482076231133,0.8112275408635033,0.16926865098149993,0
0.9477256256495258,0.5816271968490389,0.4306572205615782,0.010931398384917315,0.3544319905417624,0.7185594185607261,0.7001157266321699,0.5153831669942655,0.24375673241052648,0.13045900242889907,1
0.08643667722174672,0.35057939393585036,0.4051063261748384,0.251079648845296,0.9238179076703474,0.5796332819748123,0.3004294797713988,0.8294653310226265,0.8558676250316813,0.4801992911950694,2
0.7646379427354962,0.3658793134735526,0.8489124408056429,0.44358036115193067,0.019889791647462254,0.4484126793373874,0.7972809895916052,0.6831458578696556,0.18057938998737866,0.11017650181572851,0
0.8495275690287775,0.5167936511610162,0.6402099183871801,0.03094778253832356,0.39521613074618495,0.6489304945200008,1.1840197535099248,0.49493514995624666,0.693694002627553,1.030757408155419,2
0.631879697033639,0.4979989690640696,0.7598857013899635,0.2415657905055266,0.044650019950242106,0.40968151195203983,0.8747079927133389,0.49880240156583866,0.862526942874331,0.9065995728021646,2
0.9078052777573261,0.6072091838634687,0.880149399324949,0.3155463902144742,0.6372481588077848,0.5488938854766215,0.40043492418820326,0.46129353226736697,0.3845146911646943,0.6143763345867118,2
0.8284355670256652,0.5737600497338449,0.39329907986768375,0.23200837021447954,0.5603977020604562,0.7434754472570707,0.7764656041089849,0.37183625679925836,0.26680091903934583,0.13282883740816492,1
0.8324331092040086,0.14575566923981798,0.6366323150627382,0.08688149438375749,0.5349894985119321,0.3903678536101464,0.21833073919727944,0.923486115393282,0.9243066122677478,0.830782704224253,2
0.4109632515715677,0.21431155995477089,0.32316158902982023,0.7466680530425558,0.26032744129671415,0.30088424841072425,0.958320247855941,0.02020135321525331,0.8270284176423981,0.18512300903383275,3
0.5164114844904916,0.9081398221562069,0.8351831116965195,0.8547960368877923,0.6035220874175254,0.5128135890864994,0.36616104949820594,0.13810621828119754,0.07724349250281462,0.2001524448036407,1
0.9646446150076264,0.37526683235051506,0.38409522205836316,0.8638155303961824,0.5413457588875543,0.5822189515627375,1.0036477296460318,0.5006039836627636,0.9816821863480832,0.3620468595910674,0
0.639345224302321,0.8159277522519088,0.11530582888547189,0.6895760337064717,0.5120082992782488,0.41870882086587713,0.5630038479584846,0.04922173862794098,0.4788981106491318,-0.004356456621878758,0
0.418179300845536,0.25726385577148986,1.1290067676012079,0.7240261525177756,0.5846397399952131,0.7131709821985149,0.39940940167735034,0.15832605741310457,0.463112729307944,0.7238157560159397,0
0.023322062336683918,0.09062858154718387,0.6227144040106983,0.2669212721129774,0.023002247872458463,0.2285673187384196,0.5939004791146908,0.20616149034520664,0.6974820887856034,0.7639551346782337,0
0.4500655365541222,0.42677472796198335,0.28280393647337765,0.35333580216920785,-0.07071760274382782,1.0478235469535455,0.16465575901902674,0.856024040837901,1.1859546896760258,-0.03142741117739345,1
0.9001837537851559,0.619807955122216,1.0781536122945812,0.764206459940406,0.5858056662778308,0.8662314964614785,0.30168399413259195,0.669872027128671,0.736594069422055,0.6058769427986209,0
0.18622253698326477,0.1688322003322143,0.8558498656292817,0.17336500644120278,0.7490660810288265,0.08356278538124993,0.7234427873550167,0.1175752449219625,0.241504412806691,0.7778375530972207,0
0.7535001426468987,0.6726097472668966,0.5638326206346334,0.0982926661973363,0.5443101691392617,-0.026498027494750706,0.8132827987530541,1.0023428936803713,0.7625886113218349,0.8107292301189772,1
0.6077919145431789,0.6546364870064112,-0.07979589739057127,0.7400491467652474,0.5028818824432896,0.480974987633156,0.7377580451491086,-0.0910508895302288,0.5151338459973971,-0.05263592339486131,0
0.01437712388085495,0.10768630681154398,0.6419224216535129,0.27058997397103485,0.033269641227041215,0.23227841980384473,0.5682811670457917,0.2158179839399656,0.6985149525814803,0.7626378906533785,0
0.16403596034823925,0.26358026134722834,0.41768795865824926,0.22824937466439726,1.020542584008092,0.606981946216509,0.15350960399849306,0.8725941283923196,0.804860933112839,0.5386147508939355,2
0.4537878551851565,0.022784536344208302,0.9524685781659764,0.8512380914148929,0.48266570582307183,0.75584306742885,0.2765781045477678,0.08887425763821287,0.6394050981014814,0.5998538183179976,0
0.4563597197040582,0.5245974436002178,0.23352793098792388,0.6688774077680939,0.8935302639839117,0.8585436861645483,0.05766089044937545,0.6375360146101972,1.0643394893094158,0.07754829561600327,0
0.1799894048169804,0.6172930053487816,0.03989875219652383,0.2667008317571962,0.07186070357745733,0.48127201240596734,0.714334835568585,0.13703914847363827,0.9835932168209074,0.014422148286697904,1
0.5480843641379605,0.27607646080126574,0.07510509773681923,0.9899428201911687,0.4248216210500495,0.7753313229949995,0.9910660889186553,0.6609897885181009,0.5191944131410805,0.022253984243861505,1
0.1796300056925877,0.20325893842767065,0.8217570147629033,0.19553710473053648,0.7575962647523063,0.0876790113309116,0.7675864550995667,0.07593588162210917,0.2804976742178811,0.7688038266068694,0
0.2667428112775271,1.2184259520015472,0.5620588096371892,0.7123743873306191,-0.37037743401186346,-0.062236527801665,1.2429535128808884,1.3281041385087604,0.8294776748352588,0.3517627315298135,3
0.15290785456142653,0.7786121558020925,0.49563218404269516,0.5750049060161373,0.14877407028683262,0.8382495640230635,0.5062214608445886,0.718529810527244,0.10122470227075887,0.7417351952366342,1
0.93773805341519,0.7497609926009852,0.8093779934460913,0.6690989366320512,0.9279663984906101,0.2526885667404775,0.5999551090474156,0.5474288683054565,0.20628962242332397,0.5522601794887589,2
0.8719429465905698,0.2324565249507155,0.5314800338347276,0.5474429248277136,0.11094550324036893,0.1091869131601898,0.23994735466270642,0.9582826970936335,0.5330222236801428,0.6552241951696757,2
0.7421912491969316,0.9320396337134731,0.7333382085450127,0.5335994247740143,0.13444630515686445,0.8999336651322575,0.04915103595678494,0.7470735730435893,0.10221551300475043,0.4917842077908191,1
0.3103893460235735,0.8542731486985274,0.36710825308695255,0.7874226867394876,0.857496607494499,0.2620650375375306,0.8641541312379286,0.9687611273532273,0.24454466945843178,0.38306151857837256,2
0.9087644763365267,0.38346788688948125,0.8667523949605968,0.13657883296610274,1.0244160897840173,0.3450008471389291,0.7600237177354592,0.9388854643374802,0.6605816837042703,0.55845553847949,0
0.6623318751010825,0.4947686958346163,0.8375763323621147,0.3372218324278293,0.15413482436227707,0.24286137910270647,0.7465397582953213,0.6199846097714977,0.13808976893912966,0.27551112764225166,0
0.1454371228511965,0.3676827589366452,0.4269577410771127,0.1337944017740233,0.8546708925012918,0.7491305202183062,0.38049842038393256,0.8425710111591358,0.6657135105943547,0.7102284318234542,2
0.25889779757504733,0.6130812811639006,-0.0776823912440619,0.34119567838810383,0.03774727223395811,0.5139026723171578,0.8102797748519609,0.2083937011931279,0.8923236662752209,-0.07425864724082194,1
0.9008464744849602,0.4003347977529395,0.8066263771004774,0.5432790563801444,0.7468943328465858,0.30195544209361236,0.7264755983532236,0.9633224674139709,0.9658296793331115,0.5185634166036112,0
0.818879913290349,0.3851273371967623,0.4963325120180669,0.49698062849630076,0.1338698817247286,0.11051838870488685,0.4373534980793816,1.1480293451582329,0.6680163745007062,0.39202359872569004,2
1.2441517367838593,0.6870597451852385,0.44733480856613006,0.14207459586355592,1.0407902800728381,-0.019545775465873327,0.5986487379996259,0.6711202226688686,1.005834631110405,0.5008305560719655,0
0.5197409102919582,0.7270781786365904,1.021774321591185,0.4658868396202611,0.3578709262531339,0.47098820038218847,0.44465859539997615,0.572121793601065,0.2771628868053451,0.5556098745269301,3
1.2050170822355342,-0.1828048868697189,-0.07365784998445049,0.8247148243682735,0.15602777407974028,1.294078521368605,0.8443129661272613,0.30729958977266303,0.9355892100421823,0.2716533867447426,1
-0.042180456061081534,-0.10937214162669501,0.8172501915874097,0.27504878744854255,0.45087223508253654,0.9141834994044088,0.5358384274660399,-0.04567195245610353,1.2158597125207387,0.4007418293822614,2
0.11862918384360593,0.47000214231924625,0.31553555809183365,0.9542726964674144,0.6002205722765438,0.7814013137407791,0.3581303242005501,0.07331429177657345,0.17414072249461793,0.055452373813913935,1
1.0712745403337736,0.6136750311165664,0.6163491259102999,0.12950342728452957,0.23566080582262677,0.48001523213974884,0.4519118634487181,0.7307519121975316,-0.0507132165620397,-0.08566692253956204,0
-0.008126198088817742,0.10499654369249241,0.6412811505451441,0.30157974961884326,0.005967450569592372,0.18191668898213156,0.5845813916239023,0.2176089538855094,0.6559415818350384,0.784957091359894,0
0.5393909754690918,0.8131201005102952,0.529659681904168,0.35386201213057095,0.43021228356171437,0.7858077645389288,0.166647312343487,0.8228607179750255,0.3494263010712341,0.3821715897067546,2
0.140073221305686,0.9455495796282227,0.6886178846884851,0.5986511480708219,0.35692410781745065,0.5087755224559336,0.8033592970337751,-0.020208851584560428,0.4487518320333957,0.009881170665900246,3
1.006047363420272,0.3703805264879481,0.7577802011955914,0.22817372556840637,0.9827997858379603,0.3172477394681251,0.7162827079402203,0.9748851924182376,0.7675043505052909,0.6574300381939061,0
0.5282176196021875,0.4264814779414055,-0.09489670881051382,0.7200385062115016,0.1395400384157888,0.8482942482754187,0.7123584011977656,0.418675709065678,0.5239780917054849,0.5298000934761127,1
-0.07035841866735576,1.4181214069416221,1.5888754056502905,0.4600618870678733,1.2032860961633656,1.3893378579743907,0.49639662609331714,0.8394844502328863,1.0759599054919788,1.3302510715606037,2
0.4483535297506241,0.2503184136278224,0.3768031880936312,0.7530463827336515,0.23931361731210368,0.36726500412702157,1.003694405106039,0.013093162044282451,0.8013278612181044,0.19060725562807052,3
0.8006217690818798,0.3645509373974618,0.9359928323591765,0.5006979310376387,0.6435988357337719,0.6894640911831771,0.2765653496275367,0.7265445656062656,0.9490074714568701,0.9302586438655579,1
0.6177824431825796,1.0947775193520553,0.6704370923293703,0.36700399161659064,0.5895652796943268,1.1029462378904404,0.032774291456731164,0.7989422518268949,0.10819589459060684,0.6048332152049519,3
0.33818375790240124,0.2194118803593915,0.5819693111227769,0.6711467113200633,0.10480070817613192,0.5393254334353192,0.3538365257084635,0.5204057421384393,0.2260839112371955,0.7557695794960626,3
0.8130952123220988,0.7224619726679158,0.7182416954437021,0.5937409392989758,0.53623246665334,0.4618795389969728,0.3840757926360778,0.2893584282683704,-0.218587042605568,-0.16570061459451124,3
-0.19469836269421875,1.1446372686691033,0.9447204959763587,0.7568594964777158,0.3432766222041994,0.29638192817224446,0.5853741047862235,0.19019989702282805,0.01198382103002188,1.001030067128913,0
0.8104631771334474,0.6614705880699562,0.575037052936501,0.432142920494109,0.1184566206115818,0.9326080301022505,0.14254248320986834,0.494713468259831,0.3853672918028106,0.5683192735395546,1
0.184955722944524,0.5775554042205752,0.06325268905156695,0.20187082980834423,0.09343816152365657,0.5371937027405069,0.7393008159536775,0.11739202686196787,0.9404678501601833,0.07325326172056065,1
0.6156346693010598,0.4979866171796375,0.8296135720871206,0.4686093077870268,0.4879977257481753,0.582973122824443,0.5069244380820827,0.5816886598614563,0.22862788598443723,0.36604541835325144,3
0.26835849682564056,0.7851315499506041,0.4373100477387141,0.6057653535600778,0.22292687812312284,0.770606685647977,0.3932336728832231,0.6039787457458088,0.018772457502003542,0.634790394963219,1
-0.051713661765030006,-0.034907109856035456,-0.17862703365424837,0.5824765997269804,0.6251860006684953,0.8111939485209582,0.5628453450353583,-0.028574730781079527,0.3103412561981145,0.6180238834836111,2
0.814665956391574,0.643039758399527,0.43094020594050947,-0.0063282277686335445,0.5153139276499639,0.055214919311410156,0.7339734666535054,0.953191603476982,0.7462261755715464,0.8566572008622406,1
0.41089677881026665,0.077350963938947,0.7314346642987668,0.14688223906271086,0.9851059026161281,0.11949107044106776,0.6540028701321293,0.8583444343765246,0.8204904304966856,0.18384732723934194,0
0.911477926056554,0.33378735952966615,0.8671298084048213,0.10725211608375054,1.0511477649795506,0.3255132838794753,0.771700560495235,0.8821860728004346,0.6583631766739836,0.5791051895893338,0
0.22805161926624085,0.7979011276415334,0.368853089544337,0.8213629535371713,0.8923641183072095,0.26417942474067363,0.7943157665523994,1.01685298326886,0.247732906457671,0.31575042147617255,2
0.010168400245247969,0.5885660745332971,0.14627282593295346,0.9400325641650753,-0.005582668218984427,0.3665007995475781,0.2931975536896396,0.2570645653993272,0.4527815938695723,0.853348799368457,1
0.32365488789082514,0.8364379155554237,0.4162200157865472,0.7996953878872901,0.896250389606555,0.23094756447758136,0.8669738485832366,0.9424593283956335,0.26472235497553653,0.4292922024099669,2
0.8088646895666465,0.11325314695818287,0.6591347795070385,0.042413124517483816,0.4985653641356237,0.4091560940584662,0.2280406332553559,0.9322177775903286,0.9043110560286113,0.7833596843107626,2
0.11947478245545073,0.8589197318384937,1.143905909251867,0.7814641793016553,0.4888414815788007,0.4215668888287736,0.030108700266160193,0.8310003091017029,-0.1351226055282379,0.03167960913805798,3
0.9746311736781914,0.4055810602344235,0.8339931839272935,0.341589866075888,1.0849976233482355,0.43610980819452716,0.8688279767210623,0.7835542399486893,0.7524433617284256,0.560049334101961,0
0.1598366999981723,0.21963739548728256,0.320981365702699,0.6877129947382855,0.8437908601722689,0.23953843850003934,0.4243270647793649,0.8329101380377814,0.6618533689821936,0.30583405514809503,3
0.8708442135562471,0.3921462010531876,0.7959355030136812,0.5556583450902258,0.709783959405463,0.2751265348710004,0.7422850515707559,0.9772735110726462,0.9902947463448986,0.5110743412654724,0
0.9849471116677972,0.3004591153491889,0.9269335165704912,0.3738656328960013,0.521876322617803,0.6679702830564224,0.14776651760057935,0.6465590978875407,0.9206073526968346,0.789660588418474,1
0.16144880950273977,0.8879522060120377,0.5475508635496368,0.5369424577342111,0.11409947286387692,0.8507279617769111,0.5219331071973071,0.7896102011279601,-0.021052003421495907,0.7592577192339894,1
-0.006095402745478739,0.08665041695034378,0.5889682218374273,0.28588578376655144,0.02094992953610214,0.16971262904093845,0.5685429215720945,0.20030467355638157,0.6693045795146547,0.7754366132141186,0
0.5446963301615302,0.9173643859493437,0.7969147073324414,0.47591374349273763,0.7772205424330544,1.0196667163019333,-0.06229937028587437,0.8358727913994555,0.8829650838508101,0.7315833693631122,0
0.35850671476111673,0.5754038463943303,0.6486823824751478,1.0220048821891061,0.5786721508468741,0.5693122380226524,0.6296320535149581,0.3582853019270668,0.1291993321321521,0.20331329675133047,1
0.4413230766101609,0.05340211558995443,0.9509510680192146,0.739876816442683,0.5084394922382401,0.8540567210319665,0.3358181135721741,-0.007239409354823631,0.5400772332524532,0.7115813280907778,0
0.37152131928791676,0.11010652061509042,0.3915859475654068,0.1358841981890272,0.34403791920314486,0.665629285213955,0.5720646145829142,0.06863956544401902,0.6869927287535881,0.7031085923029192,0
-0.1590148814432042,0.6050124888849896,0.1200177271391688,0.9488812514926075,-0.12046976645175761,0.18721305066409938,0.19501618774498936,0.20804859741754494,0.651611985271016,0.9204455637001145,1
-0.1779947875651756,1.0735930703016747,1.0018514229542281,0.5526045003340151,0.1641568859829367,0.3121888752329538,0.8267534549881022,0.7910337073194589,0.6470798792608633,-0.06604305009037478,3
-0.16981651535401457,1.0609527814029984,0.9077475597523026,0.5316019870417305,-0.17064818455309344,0.41896808388203177,0.6444749159127197,0.9976440786675005,0.46683680870305533,-0.07353417127074785,3
0.9865324510265585,0.4265907593541262,0.926571649129939,0.09687462644009835,0.9786828298968153,0.3325670881692334,0.6913806754416086,0.9688753221383767,0.6978289303195323,0.6326979604300222,0
-0.1816164723740188,-0.29860682053579646,0.4162389866895468,0.02288221008332228,0.669688376438158,0.8961113269122248,0.5269445804183632,-0.6025698945528806,0.8125389679666468,0.14769854700385787,2
0.9888847636549051,0.3609929281202542,0.4562468453099861,0.6119701162556732,0.38316193247384445,0.3567847157391997,0.18466461035295906,1.0197260334572744,0.6121347434412692,0.6632409708469136,2
0.4181590989711379,0.8882024191564084,0.4079229096458704,0.7202619358141531,0.7963351492753346,0.25427170297660256,0.9564272493875359,1.0201806923852357,0.25173509369436736,0.4483646769689704,2
0.9199476743908378,0.38075346777916963,0.8546407295696892,0.15578874759872732,1.0147195034283356,0.41141380583790127,0.7368704313462603,0.9104497869507124,0.7269160751246864,0.5957485036597368,0
0.35045778039516656,0.6475066443689989,0.8324277658418775,0.8284451339412678,0.26589047572512836,0.16791283107731345,0.1950477943293763,0.537668086113482,0.06779279720932305,0.24147321981953035,3
0.32784542683043766,0.4455530948682241,0.4082453341130108,0.41252401718172216,0.5833801305448166,0.8309817749825389,0.17505807868763545,0.22557238853724026,0.5593410545714699,0.9748927170207699,2
0.5018649202522492,0.15562022485419041,0.21370120577911073,0.7720241702579345,0.2443273865152194,0.3784997446261199,0.9561637360730995,0.08213678791835388,0.8512401622236888,0.24574752042406603,3
0.14604278998368253,0.6091481457756319,0.046370919331976984,0.26243561921623704,0.09638781244874937,0.5006390816658679,0.7066763737367748,0.1428457189308433,0.9690178060824994,0.03816405502069098,1
0.11519951655254555,0.8554083729693932,0.8204138797748289,0.8087345795493317,0.5305331273160561,0.7788266321789036,0.15269102138820537,0.836997815828729,0.5747163693873548,0.6040303611572057,3
0.8584162575374489,0.3877526610041714,0.7989552359337273,0.5617473675795601,0.718534759357224,0.2665438470460705,0.7217645514416151,0.9735811435414259,0.9815085730220103,0.5164874596224257,0
-0.08819748395096891,0.8164749201928866,-0.20124949091490785,0.423420296280415,-0.07501623709523791,0.6899184260549234,0.6563699697261155,0.36208026474377064,0.9376925830194761,0.24644187618455352,1
0.8936603282163771,0.6079330157055063,0.7538556438903454,0.2519916098083872,0.8771952047462895,0.7626637973263515,0.6270122142501002,0.6815781715235649,0.44554610713789156,0.4006561527750082,2
0.685252946921233,0.6797126451720891,1.0066309857687161,0.48394355968880165,0.7504443247558281,0.8206955419885704,0.10698795834687112,0.6580845338936411,0.5956268876142379,0.3406166926019168,0
0.9324509055433077,0.3768350167860386,0.8605561497455934,0.18290648617723548,0.9734738972660417,0.44389215925264397,0.7542281776393476,0.9399312444402386,0.716184490908843,0.5317466129009454,0
-0.03827609272592282,0.5939419620507564,0.08870599410498346,0.9684484073948318,0.08231842145240056,0.4169269618209811,0.20794906465799315,0.19698094693736112,0.4270943280683944,0.9281046945671855,1
0.9630714490913277,-0.25314965492259794,1.0166126093645698,-0.08917954695975416,0.3739720746094284,0.54830522207158,-0.36445465117670506,0.32680957804364713,0.5481422051306369,0.10274786037631556,0
0.08147842114175953,0.5766010118071642,0.09139634799038086,0.3306606702028857,0.19781743695812626,0.5271498309025342,0.7396710367112854,0.14504135192333376,0.9630474997863843,0.00855015686469909,1
0.6443053206029559,0.9273277909330012,0.8638654271681122,0.7425243860684732,0.48390110615138504,-0.17327303369585645,0.09783365351893414,0.6092528133718808,0.943507184033032,0.21786335594756506,3
0.16706649233706786,0.8883551824046796,0.5135462542721053,-0.06166409432151261,0.17340737132072492,0.960738291422178,0.4119652336250679,0.3810652147926773,0.657038995020109,0.4120302722861179,1
0.7030677078858705,1.2938423555833496,1.2603854300116968,-0.5702994257666608,1.03318353049293,0.24753024325969908,1.2349178598971795,1.2824755040227562,0.6608954450067073,0.23579568047038552,1
0.7396014091484635,0.6000492584033419,0.46503071727466144,0.02160425623310091,0.5908154114655488,-0.04488696517659993,0.8360664088431463,1.0513222572614405,0.7989190764136687,0.7600815285726489,1
0.8825581390344865,0.3809269124098724,0.8188469227005575,0.5712837794593958,0.7269087481599751,0.270803129932699,0.7261707239817898,0.978892828873154,0.994484297333529,0.5183993303081366,0
0.8725199286171772,0.37648336569237745,0.8073956302774821,0.570041844497599,0.7349296528528005,0.26541903905399217,0.7398077461260433,0.9851973414596502,1.0037826724464125,0.5297278027839196,0
0.28237051297854143,-0.15484952984375033,0.5455130764732927,0.4040105734710547,0.14696404274375788,0.7684424585072317,0.6171578372549229,1.1259098789340998,0.1459278247794053,0.3462636153818233,3
0.8653848156094079,0.46893050294797783,0.627406140023876,0.10986285496883214,0.6662071823138617,0.8618414077583855,0.5714234789287898,1.0043489396361245,0.30221664920505165,0.22191806231118869,1
-0.0900446706414107,0.23463870151394028,0.9572869159101817,0.6349864889203763,0.8628880400683447,0.6317515506975291,0.7791682174767575,0.6199108795301108,-0.14782305021988973,1.3746295189984532,0
0.09830318676180251,0.44539824470398554,0.3293451836001755,0.928782035064319,0.5935529227349224,0.7985165477008899,0.37316897038780267,0.06685759043881881,0.19388035514868676,0.03173270924017033,1
-0.0047019890331466445,0.10558728879961247,0.656857122742111,0.27791849390852585,0.010385144039243212,0.19609042222507056,0.6061397646617273,0.2656959313439716,0.6925686080065806,0.8020798121496342,0
0.9483111071371465,0.6506329726883567,0.49432747932119564,0.06951305735261203,0.44926577185558614,0.809090762942156,0.6800069096549995,0.5790010870299231,0.24416241232282382,0.07152803993194004,1
0.9626938297788735,0.6983957834792871,0.5681700870772917,0.04981189994443975,0.39844322769898316,0.681987120924195,0.7784201173114519,0.6184822421863292,0.17066539567630756,0.2038526100819955,1
-0.13731609037798748,0.582615970015663,0.5265873401336411,0.6687989200201545,0.7332334723506359,1.0402544119150587,0.5639830223727481,0.2976216178108165,1.0920745951308166,0.2433717195068577,0
-0.013028940696658331,0.17197505947634162,0.5277372176086276,0.250218342246582,1.1729499996527462,0.10164067244456937,1.3365671684592195,0.14778141256146327,0.0317181839892611,0.6226061122238519,2
0.41033086963787013,0.08724486258372263,0.45066603384992576,0.5879016991285966,0.980142160633911,1.1254164951482566,0.27572301662289334,-0.14190082547861355,0.6808399161553996,0.77838654328034,3
0.21474421984163392,0.6553147633785118,0.04805108458850636,0.28129606133905116,0.054023958253484175,0.4565673607940335,0.6501117577920625,0.1348676038453329,0.9588302040398932,0.016145895641926745,1
1.0275904731333094,0.41114815021786655,0.42489170038499857,1.0655426721199157,0.7262068964834861,0.4267596247349307,0.9806320752073158,0.5723189479444017,0.7967657833609596,0.4628147721715331,0
0.8192110340270231,0.46867588439371666,0.8559351073882944,0.5206924702590934,0.20552834096898107,-0.2069150445098603,-0.22055549474355507,0.5810176124930543,-0.11579168719464925,-0.15889192433627514,3
0.8860744979617466,0.4107340692897068,0.8279744293503206,0.507312617566087,0.6978561242695329,0.32937803148741207,0.6999596630599135,0.9590171643040215,1.0327211392500384,0.49881639090713314,0
0.8670470954682082,0.37837904801697425,0.8010860719999281,0.5738963992931695,0.7108314681469261,0.2734735935924936,0.7252730144765729,0.9845034492389573,0.9883044296515439,0.5228183276945094,0
0.056367357274086406,0.6456818223842068,0.1078330877983998,0.868553439068422,0.1127602508170613,0.34478141752884617,0.165005498323324,0.22425451366750834,0.4775247590305304,0.9652438165789673,1
0.2069969393724845,0.44785859637760606,-0.008828716544468429,0.7748971253456182,-0.09853002927944782,0.4127234373758924,0.4511636208393228,0.4173023558716914,0.5866369386460064,1.031940184596263,1
-0.08387306122533855,0.29155738247740426,1.204321578970856,-0.04390370118601539,1.0590437695654988,1.2668438863802414,1.4012531891883122,0.14244346637091648,-0.17332073633810308,-0.30550694086845454,3
0.4559012837282382,0.9560114294489815,0.8286227994916203,0.5652741008795337,0.16319299005046844,0.8779614362883397,0.26282844798371735,0.8177575322790752,0.6953484587714885,0.42552944833546097,3
0.12804676300284354,0.5807249397451294,0.06443241490749167,0.2711194191344268,0.05981092530987258,0.511147899388077,0.7302011210647864,0.11826735026196829,1.0031007345792367,0.003610308831264737,1
0.8649741309433431,0.13889837217594864,0.6168799501697361,0.12090462281997634,0.5348505171018297,0.3922447903959921,0.2353208128460891,0.9394426826996879,0.9202131823497066,0.8281173624079606,2
0.5333136434265326,0.8052337019453732,0.5339703007824731,0.3582223421001925,0.4350376776554148,0.791271963949501,0.15985007808116147,0.8141781294406248,0.35034271672637,0.38873788701629425,2
0.1342689194765956,0.16737966995532413,0.29767156126604166,0.7304024679089015,0.8623669264615377,0.26249573522468106,0.45070040883192847,0.8389729056132479,0.6546747533002958,0.28111941830116066,3
1.2272305085493527,0.7106849877415155,0.8151423034155536,0.26199173376288853,0.8729182265235547,0.6630835386579033,1.0889125691311605,0.7772164170677769,0.37216552608010434,0.37506728774555903,1
0.2606570836585154,0.9036841405077416,0.48312672949083757,0.9581994392176559,0.529284728667943,0.22212648659777195,0.8234303104162898,0.026232561525786013,0.3854370217677734,0.8726180615620261,0
0.5711672532545817,0.058455212910783046,0.5650362096045839,0.5579854992635997,0.6848455697254368,0.47278127468864006,0.10738717952049592,0.5268831624826622,0.4383468563336581,0.6039605551167916,0
0.40866446039816223,0.22120118222873086,0.2792367039139088,0.7577236120006462,0.27829285832264145,0.30186818605603066,0.9790823574450208,0.02307167730453176,0.81316304364721,0.18865680180380673,3
0.1361763428995079,0.9137145002921123,0.8453510232132722,0.6094690218320583,0.461202264431448,0.8999907628847754,0.2679397989544161,0.9583491735722588,-0.04386310457762269,0.2563388789826362,3
0.9492832577656363,0.32174335621074857,0.8042330479356328,0.43695897444532766,0.449268676256129,0.5820095219394683,0.1424183177574257,0.7951634062829296,0.9656382241732651,0.8682629661935127,1
0.6077026394317976,-0.037228493146213515,1.3243227590103004,0.19914708360545097,0.4266034368906494,0.31831405728883844,0.8936655072767089,0.4322892307585493,0.35272050895202545,-0.14785591364664769,0
-0.16573521801907198,0.5799533286082312,1.0946991670438984,0.6263622783111145,1.254100125256536,0.9732778712714354,0.6022656683274562,0.5434761295229767,0.45927028854380225,1.0377444498819322,3
0.4726097875968851,0.5891019971988591,0.5867761610446409,0.767327868603054,-0.22031099378132946,-0.03613710622034083,0.28747936494595566,0.00235728369967958,0.5323549082474248,0.8426644102042318,3
0.7997924042718514,0.5802688931964369,0.6082153736156768,0.3211168227536704,0.5504999463299564,0.8070349205950549,0.6318504293097381,0.9019020974152822,0.33613230157099555,0.2880675578397307,1
-0.3082519120416561,0.6752233785694887,-0.2053993472254536,0.0800348814327212,0.44653429590519,0.036743775223810726,1.2213605100369462,0.3160217387915319,-0.1966591298527201,1.0280718209596365,2
0.28913157551510593,0.687116522429898,0.9933097407041492,0.48904735412136663,0.621890509526411,0.6898826463407634,0.3275761657701983,0.8236419560245749,-0.1490227900727264,0.43309103515762043,3
0.8261628731999375,0.15068451336362362,0.6556814522539824,0.10659521497589684,0.5189423560378135,0.3848929455736888,0.2153895354208348,0.9407139145796225,0.9477051159275952,0.8182190220698549,2
0.334494006923215,0.8434343368977498,0.35153219927008195,0.7713058488345587,0.8379786583180397,0.26913312467690365,0.8690755591809398,0.9625699519320075,0.2607620996381271,0.38250088689405554,2
0.9784727103628076,0.4509868829521729,0.7715359853947779,0.11487565134671025,0.6735641403267348,1.045862223626183,0.4752606211318263,1.0331668990277958,0.24335821761291043,0.052220064249503234,1
0.14990438358780503,1.2692937992222708,-0.11012557572610038,0.16998157696484878,-0.016487342045157838,0.5095800515436255,-0.05162141757450288,0.7163152690205841,0.7487906377037966,0.9061390664897332,0
0.536382165139735,0.41698155850048435,0.14014731037110376,0.5231111855067262,0.8068507985057882,0.9451915397290303,0.10196895252489681,0.5400464689756319,0.8777864943953086,0.052611543480235515,0
0.8811591040664796,0.5581424322583218,0.6430303119682896,0.23126457313355572,0.6368069942897999,0.8936307462500545,0.46243440677197944,0.996610397737233,0.2405374457412113,0.24556150264565735,1
1.0394348180166442,0.10415886096640514,0.9199114989823055,0.003268684302787761,0.14211361840680153,0.7476014309835405,0.7748405810652668,0.3589784227292083,0.5188732026450823,1.2259982177011242,2
-0.5185996813243914,0.366513927626255,1.6165628132412801,0.14867239518659983,0.15940256554258198,-0.17990651207566966,1.0717963642674735,1.358536298403478,0.9448731457857407,0.8325993623707268,3
0.4053548949474184,1.1212703167328832,0.8796674510917835,0.443454650327873,0.6202626527022619,1.0079400913647345,1.0805533760794261,0.915323505707914,1.1958283688017342,0.7776518573749021,2
0.5486664941422574,0.27351321523436356,0.0869396705770299,0.9829377240660844,0.42747128102125875,0.7797270318285684,0.987934063328171,0.6660432299966172,0.5125313437324346,0.016171669269100578,1
0.6148946977906378,0.3240700187386744,0.7695417415724487,0.17610415174698602,0.20777677012479462,0.6674623945020622,1.060659191211205,0.6252914810325655,0.8797691720753499,0.7905795938383333,2
0.5167277710223352,0.8118740253256276,0.5458188445942892,0.3664697677924849,0.44561841260092955,0.7956319417578039,0.1735409487520848,0.8121146416721079,0.3629617031637136,0.37111997402236585,2
0.3260482394345289,0.051213213129868755,0.3592010203846286,0.393834289188743,0.21924223465484985,0.7669524892465344,0.6302751170644693,0.8008522679984571,0.4621585171814937,0.2660010723706311,3
0.030015158914515755,0.8518387562255947,0.5901057266236465,1.1146903659505327,0.30886216616648726,0.294607459326485,1.005938870296579,0.29158245859350773,0.49718085295472936,0.6488870009329943,0
0.29453478983783943,0.7418086374627655,0.8022701476105011,1.00690532192682,0.07340105270898897,0.2370753708912791,0.12227948881957579,0.46699733403075466,0.2199744208649945,0.21140301081939278,3
0.41219269324327423,0.5436419132772841,0.8402439880389604,1.0325514561588847,0.2291165795415642,0.10555109959178396,0.3316458729884449,0.718301286960064,0.0877543600205766,0.29643598575717883,3
0.2893673048672334,0.6664257639137341,0.11055519166750982,0.31493521272457226,0.20715710433236112,0.46826911385921516,0.7922971581834309,0.06387317486200277,0.9220715075240754,0.18139458565098363,1
0.07000747140226023,0.2950725490289259,0.32537889530293984,0.2870915541002565,0.9558449300685746,0.5780282174795524,0.2168218129411729,0.8586510802870554,0.8381201925066444,0.5388935599047565,2
0.329846805229886,0.08033440948208884,0.9889418710940727,0.47507185469121765,0.25765967490059016,0.01312644628224785,0.2165452726085882,0.3572650642180403,0.5749337468270624,0.9625867544242258,0
0.12271121587152342,0.19068729524816824,0.2860402525683002,0.7260574990655099,0.8780460341095018,0.253146362532768,0.44535650314654934,0.8272666627591869,0.6415209923007151,0.2854068345727877,3
0.07259515228448493,0.23153785618578865,0.2677001882799945,0.6583444672789566,0.9005140029648955,0.18658283743071158,0.5013272705732889,0.8215440886678254,0.6424708914525223,0.24070400606817613,3
0.47350554071963247,0.4590222004455148,0.8464666351314528,0.5654040571760877,0.5927374887195077,0.728169179237751,0.6775424307655644,0.5624633054999779,0.12176546320827675,0.38714521283973957,3
0.4180732974829366,0.20974506930343298,0.3921649172905739,0.1484191976768414,0.36051156694833836,0.6933106911975168,0.6373280730535906,-0.05736943069629108,0.679944057669732,0.7154368349227822,0
0.026547276898370997,-0.1316383979994294,0.9590826543067422,0.35512036368785554,1.19120742796453,-0.04401190148613695,0.6845529207043569,0.9510511826331041,1.0345724923613329,-0.016648005912112185,0
0.5365295790005372,0.282923277670562,0.08966071680275774,0.9826894200941763,0.42748493609195504,0.7829103594768112,0.9853054504011273,0.6770294536068966,0.5168279645416307,0.029282195492148742,1
-0.13215249422032538,0.854433125414078,0.3826241918960094,0.2808931800813516,0.609042214165689,0.8216576441526668,0.7739984739564599,-0.11299340087693047,1.0256909124571516,-0.0029754601606795106,0
-0.08557543434377007,0.9554769199112434,0.8558226919476675,0.2564624227080177,0.009995268047378505,0.268299060843295,0.7416030098513618,1.1172383065689777,0.6514865747061388,0.21375376456325398,3
0.920718827667568,0.2664058571142304,0.9366955289585074,0.4433840477201945,0.533645034428262,0.6539158846469078,0.21055305496555166,0.6959085148016259,0.8519998414681839,0.8377511539538796,1
-0.0898271604003618,0.5245526350003017,0.32734737437540873,-0.05634247130069947,1.3092739590580003,0.49243981484335564,0.9198509846564316,0.26631717974271096,-0.14357297333870633,0.5319537288469913,2
-0.26673940618820435,0.39823328178201717,0.3181916879030502,0.3383867333984599,1.1518097243636791,0.6240741733534898,0.24507177679140366,0.7010320053619791,0.9270103475489712,0.2632688318649535,2
0.3459670553577644,0.10385702247350058,0.3839583547761724,0.12935689591727725,0.34825013815507283,0.6626050922376892,0.5709851954595473,0.07980125730128138,0.6994642991697465,0.7175990894489466,0
0.8092208702231856,0.24680963377015297,0.9280144862801036,0.2641495932339336,0.9099345021087283,0.23752023579320633,0.7094070793948168,0.8036177348780711,0.7795654510134455,0.7255885715708363,0
0.8220997012581114,0.432584360497474,0.35185271192447337,0.930830488224713,0.6623495094891984,0.4407203056370793,1.1429053267244533,0.6147421747166986,1.0312880869498837,0.559154444170441,0
0.13646067811280654,0.17954724827568241,0.4378993826257789,0.08663856281925077,0.374510439040986,0.8149781276258159,0.1912563506537735,0.13228208147032183,0.6653296979034209,0.7773687479605167,2
-0.36740612054201455,1.3394287435102263,0.899828731221831,0.17806104598586187,0.6062914411619299,-0.34911736977455565,0.5474962326530444,1.188553869795001,1.3346977276833905,0.08689818888119552,3
-0.09901047502869825,0.6059405855426507,0.9746025482284366,0.34644555017215717,-0.15576510119967107,-0.05892736087001876,0.39737424171078545,1.1243912280630177,1.3030358137827016,0.06152908790416034,3
0.12278842327361657,0.1943570107212718,0.27294770560393294,0.7166893646965533,0.8623702201650543,0.24557025560566786,0.4420460276350308,0.8290810713020457,0.6357017655134733,0.2744114733435896,3
0.7010704377520698,0.18113656131386702,0.5728987725913536,-0.14389759709870106,0.5815228694421732,-0.4593882473018496,0.19368643983173506,1.3560266904394354,0.5967451180220569,0.5109434052356343,1
0.3814052156143781,0.5738461693401087,0.062464373085682125,0.12787424013956017,-0.023704501130222266,0.5860196098209597,0.5205270361178651,0.2056154857388444,1.176473281089212,-0.1175023678033563,1
0.8630130160383762,0.5350812151953995,0.601100711968693,0.16808551675712208,0.6639375925549472,0.8713741773078632,0.4748432571493515,1.09698989860767,0.3233364991956804,0.34198383039055913,1
0.8101863021975333,0.12825962686508086,0.6995538170877594,0.4085287648167472,0.40322584718050736,0.6523215867515817,0.25197374173416254,0.987392354400983,0.5719295025925644,0.5211529855826782,1
0.17893259896061228,-0.23344257310276628,0.8716080994253264,-0.33360398044030504,0.3930050145294329,0.8983541504318071,0.9175156114416894,0.22266057761693492,1.407631924322641,0.37494500097120775,2
0.6451656929506449,0.4807169313861265,0.38234536492384164,0.14363811094000045,0.5137575230278832,0.07295632384340592,0.770114901647022,0.8089491418735197,0.5442424926583893,0.8256013956874202,1
0.9886196636837097,0.5885416559723311,0.45473581176481864,0.0965437565909892,0.48402802100605546,0.887381737919472,0.608255212543467,0.6110620053540634,0.1750901490055808,-0.010832090697736371,1
0.7660954428497166,0.25348207915367754,1.233832040938544,0.42627079144822655,0.9596586992948086,1.3853738747150708,-0.270715744982834,0.6822897429280845,0.5151994940418012,0.023374963712097463,3
-0.031190790090410613,0.15130336810481365,0.5980888855402999,0.33516711877805766,0.011227869561898914,0.16628883356006613,0.5443097839281448,0.24219940761574366,0.6451045623919349,0.7709968093343925,0
-0.13259486126821457,0.5312377236607504,0.020660956687107046,0.6340558514485974,0.5031843705676244,0.3345924710598586,0.9505184697858573,-0.34353236810640086,0.13718465071506875,0.5666008969570631,0
-0.014292700409609782,0.92812648056302,0.8525072657229276,0.6012672594898157,0.5719324431882564,0.7637232345950815,0.3177656789043076,0.9445884981250402,0.107097753365812,0.3293865235027786,3
1.1068602402639587,0.37996906286371723,0.797947048812909,0.4863926499630913,0.5420209683738972,0.786340920349405,0.10074662503736219,0.6817342786851336,0.8924288933233245,0.9950838387421372,1
0.1930735361548554,0.9982546907696384,0.8527541445888699,0.4608954605142361,0.4120244478197185,0.8544340350448467,0.19295283061964766,1.043500103402153,-0.1184008558203534,0.3503310344070693,3
0.06465528375247875,0.25635396434635555,0.5959995511044642,0.20946120996618625,0.21647568829389627,0.635437155591754,0.0374844361523442,0.28580739539092664,0.9378893153627306,1.0005732563163932,2
0.4599681886612797,0.6281365943040037,0.8589576682824911,0.9315760349102717,0.21306321495715916,0.17921108779178513,0.2827901704848887,0.6250699093910399,0.12220688789660557,0.21773086419513993,3
0.7742458637405738,-0.07291040807029855,0.4689076154843351,0.6097593596818585,0.6549980400535395,0.5927565399211995,-0.01044638043746697,0.6026862994095287,0.3667089939176843,0.6346048859651734,0
0.14879202825544033,0.7231715187717148,0.25902440962381085,0.5399323674378594,0.5108727241441882,0.8858923040936578,0.5236927996022671,0.0075529391425110635,0.9310899299747686,0.24703432788326904,0
0.420814301426233,-0.017809989900194265,0.5687816224632538,0.2610164266436197,0.9806703814762342,-0.09140981686819406,0.7159927940516831,0.9473630673122106,0.901772770915674,0.2143725621550458,0
0.40447684056053346,-0.01981295922783885,0.6648164915080893,0.7491389559263002,0.9448076575733808,1.0057830987850793,0.38442907647972113,0.15417216309735038,0.5441530765428046,0.7789986804685614,3
0.5893674465263359,0.5941603728431372,0.8867461934630843,0.5316384599813191,0.48158961106999393,0.6386570059726392,0.5833371317276936,0.5591840032951685,0.21150776344729466,0.44556574401500476,3
0.0383496251526562,0.8491916652120638,0.8502013337881643,0.2962534476545148,0.13287007565505338,0.29990346323115785,0.8435395230406859,1.0056827956502106,0.766602507013431,0.11580203725627959,3
0.7975170365346759,0.6426771710334734,0.5025976735855725,0.04126368742186528,0.5445727877619524,0.001578331243523863,0.8051825356686328,0.9738511945286175,0.8040643644792075,0.7980035428460489,1
0.43845733405888665,0.8243065601285913,0.9615555921959329,0.20860009480210756,0.3197205347498252,0.30691159893274006,0.1760618093332838,0.8470769946550258,-0.15057835074838533,0.9165137736346958,3
0.019718461781602855,0.1751967471486568,0.6867120183078415,0.28212996460292344,0.10891454379854948,0.2813945000252679,0.5586818006260429,0.19990433615650174,0.7366849904368948,0.6790844575371895,0
0.8421889864678743,0.15413986078595326,0.6568419847529662,0.0912338475638686,0.517008868705664,0.3803812413270175,0.19803485786586672,0.9455201356222369,0.9374644605558269,0.8075287443491207,2
0.31368381585998983,0.3670288832135715,0.8270774925644506,0.17503754335807065,0.4192983659122333,1.0841137559232779,0.9660132389467775,0.33103409154916486,0.27733561947399055,0.7264160959767048,3
0.5493922650935857,0.2724779393783802,0.09166794517226544,0.9850919448350688,0.42723223053420645,0.7842038109370496,0.9897796472940252,0.6716629154617582,0.5233954345726335,0.009596118876930085,1
0.7341669067247137,0.4410747957075297,0.6257303983636603,0.2559396791650365,0.1517905138947169,0.5328824059018121,0.9524552083394168,0.40832311555382717,0.7518636187660329,0.8970232397548408,2
1.1181744512451215,0.7027957433387646,0.9792868526138625,-0.058815482227426275,0.34712911634153926,0.3850140608431808,0.7345843897265129,0.456660072481305,0.3824775423879255,1.1790049503608375,2
0.3752808224710623,0.038904167968006706,0.33153600527589205,0.15906092563987018,0.9297871388210677,-0.23688045153597345,0.6722346380161369,0.6798578473492087,0.8406088712218134,0.4277187906081843,0
0.2428093623382277,0.28841428925900575,0.8238184480103703,0.22702604815042388,0.8367200717419808,0.10260678168200354,0.7399271967089187,0.028307678767708476,0.321730402753573,0.8381925469600853,0
0.07777918815884291,0.7285019364073726,0.3508720642522978,0.43757307459423067,0.5990624784567515,0.7780679879042911,0.5883544650460568,0.06736060392506044,0.9263145252394015,0.17074810070533827,0
0.11768955370614438,0.17661422352140466,0.8854071071714689,0.1455387386864708,0.8142988409027597,0.05998953926098124,0.6990215799385755,0.10614432645227596,0.34930427223445976,0.7321893407119382,0
0.6565592605559505,0.0928317956490909,0.5257665134994759,1.2190803584223138,0.5810984455093774,-0.15087577914889366,-0.33362044495848,1.015076503843787,-0.05821913457965355,0.8934731951987085,2
0.0033512014888841383,0.1045048682435153,0.6299984975748473,0.2654934493037907,0.03421083931286074,0.2200174385538868,0.5754568379504912,0.23236126588164424,0.6809198963255654,0.773615720499763,0
0.07349494323665506,-0.39438171174240966,0.038232434856751124,0.520656626241673,0.0545255463625563,0.9792753343960408,0.6681919979963451,0.9539738169008636,0.14782001332006467,0.0532438482354754,3
0.956156227851516,0.7597480843504214,0.4635545088444371,-0.5449478694188908,0.2725903616289481,0.383604630996775,0.6298964782736591,0.20260711329347325,-0.030853950417398412,0.0780821252717999,1
1.0361205336156312,0.03410758613358217,0.3782835324886252,0.9151633593900735,0.8941822836489086,0.12890960237130816,0.2079876824397185,1.3781832488048518,0.4808148949692291,-0.42555237175745075,3
0.4831960626182847,0.03876490288392934,0.9252054978455374,0.8342519884963655,0.5162884795184703,0.7364374474932183,0.24070444458789664,0.044306171105416,0.6742744134305894,0.5643404933127882,0
0.7449992190846595,0.4644466652605862,1.0233775176088056,0.46124518047979896,-0.01104681653568837,0.5192905536676393,0.8566814303427318,0.6978654247499946,0.2942393347445332,0.33873024114303063,0
0.13611365777095236,0.5816743329977412,0.019278456830525554,0.22777221223012484,0.06151199035185333,0.5005210341488161,0.6846093461362562,0.1595287452219052,0.9933660713495505,0.04207042240509713,1
1.4525407355470445,0.8655441638517821,1.1804311706767945,0.2010643744193194,0.8357724029129756,0.4949355341189949,0.8949166782245208,1.0792341678194837,0.003578984398923707,-0.31980598008300254,1
0.471085614359118,0.5365848560906099,0.23044966170571254,0.6443611191531188,0.7906527660994571,0.9214682261467778,0.026359932771888417,0.6568919041985641,0.9849988234901814,0.16582530745821214,0
0.13305876609850598,0.8847032865000418,0.42003248381138414,0.39149089567389717,0.4703716724393307,1.1824652757785759,0.5232442935863565,0.0017350072371068032,0.6780759093381008,-0.06545246512581882,0
0.44964763497730476,0.23345582130535655,0.8649948465393716,0.6539361475189635,0.8542933660747141,0.8910083278104071,0.7315365971540206,-0.19084133167275608,0.614262888734601,0.17057896148251217,2
0.24891019894436758,0.9384976549753326,0.3771604283846677,0.9589518549390442,0.6241087530627503,0.060003756463879065,0.9168956859461861,-0.01890983543064148,0.6146984976970269,0.882011609083321,0
0.18824461540292697,0.24001737820365895,0.2823136066333175,0.6471598500915446,0.8442788509218495,0.2594096959705542,0.560929683294595,0.7521516603590062,0.5745982852227909,0.36092082972335743,3
0.8885695174688784,0.6638143847620337,0.5574906286278349,0.16345976133525153,0.5043769428386657,0.8407979107327915,0.600502779778484,0.538966349616374,0.18220677220308829,0.06275305550795977,1
0.15070992586949197,0.8110536671066402,0.18481216314994964,0.08429543181275917,0.2615125473107009,0.36989368396581135,0.891264160057454,0.055906231902227696,1.0124878911213637,0.07231388804549563,1
0.5270827188570609,0.5791912954927299,0.9395374402721803,0.3594966742403858,-0.1108309045533162,0.12163982643686938,0.70355025940456,0.4293752769403569,0.0791547697220279,0.5051582392955889,0
0.18966961603833424,0.9208305069381402,0.42229435830541046,0.8337300170381708,0.5415683229358554,0.16491934442955042,0.8738166110009239,0.10256305264801546,0.39554838214333476,0.7834197052797224,0
0.7049159269401988,0.009942049416415966,0.506884803096727,0.34942303370064054,0.34800528496170974,0.18134612358594687,0.1418152779893666,0.8734891497807451,0.4210314234831736,0.542584511931241,2
0.9915641935147734,0.6383632407420097,0.8072615055506751,0.343317733470306,0.6484165044756247,0.579211712298397,0.4110296299788408,0.49555459611375113,0.33765681062557845,0.6205140759580258,2
0.9716068974149108,0.3113322391362691,0.9014030938251749,0.3629416701659406,0.4846777883248634,0.7086903789947216,0.20309650009863275,0.671444937521431,0.7897234894807688,0.8036948894202315,1
-0.03921165447902519,0.9229816115350198,0.15388381722075595,0.19795675032809945,1.7146747771021036,0.6027578465010457,0.6103422313371158,0.7549842761643195,0.368149564190253,-0.1386740994523535,1
1.3878477084644487,0.8947318907494122,0.7401386655236134,0.5387674124656234,-0.5000746328641321,0.24458954406502917,0.8334180966165,0.5566146675362056,0.10360159022824902,0.033984361265110063,0
0.9234499788215718,0.523276039448684,0.5952666194680961,1.0852136435200113,0.4646072957804964,0.3298202663396977,1.0855751509332232,0.4575899821707959,0.8085352370844807,0.6921450284331094,0
0.17358936093611632,1.7235022289612545,0.715020686063053,0.6463607742256618,0.9051133289483055,-0.01819382200248587,-0.14562729895459547,0.25446484357621413,-0.18935550467688939,0.2992761262891038,1
0.8232044234276982,0.5278982222470014,0.49003053839954713,0.15991421455598281,0.42820933946510953,0.647010480665061,0.7949205657687121,0.5872222229108395,0.3696584840205273,0.19731457540318081,1
0.8706102743033955,0.382591957250103,0.7982713045261024,0.5729108461713177,0.7105850513551458,0.2730552068910571,0.7343754260767333,0.9743258931848613,0.9841046562366217,0.5218036198493976,0
0.530815802269471,0.8010470127836136,0.542441103234987,0.3564389804707354,0.43873373655046355,0.779468274953353,0.15219466449035643,0.8124240384463277,0.3366758951256065,0.3962444641827662,2
0.9585655710494424,0.5077460125048943,0.9494480729674901,0.5275667977462846,0.014409152263338054,0.7293830445591802,-0.11818340307365216,0.8263431239714645,0.10284990668027139,0.22454811485691495,2
0.26065305746014633,0.5544878781423761,0.31603048915535614,0.4800547227141775,0.38652404415506625,0.8089562917014573,0.4974759769920812,0.045388049819511014,0.8249684823955186,0.31223753447675584,0
0.188134721122951,0.6074131407605954,0.31768472881575477,0.6207150501784868,0.6006509762532738,0.8305793432983108,0.5333798617089582,0.07314788159133093,0.8932477876710653,0.2558611415384092,0
0.8796662443204178,0.1017270027810823,0.6250258728673647,0.05331713469843483,0.49491403936995304,0.4316631349854223,0.16440834705005852,0.8857914619219347,0.9182403775127738,0.8337745446355606,2
0.4461352752520195,0.010114033860256336,0.24736931989338742,0.31949123854069694,0.286272615303632,0.5589992048687604,0.46316632400589003,0.9665633889629917,0.3450197868184768,0.09932577374170022,3
0.19066142785840481,0.6897967137877293,0.32158763833139875,0.4809320578591775,0.5101227082062347,0.81664642930559,0.5957853253356391,-0.01193604552294486,1.0267281221666626,0.23569863335727909,0
-0.18529588901169725,0.5933671989083844,0.9301882035044169,0.526088700271159,0.2812892466215877,0.877828490928747,0.8669894454208271,0.00047236959141294665,0.32930629240146697,0.5788628726310899,1
0.2588662168876724,0.5670695288569259,0.6636872851288333,0.38292619330753686,1.0371665296527035,0.8475336979299329,0.3649627389738942,0.8695761192020003,0.6136134305529904,0.6856723608681077,2
0.6401426863941273,0.6094034301229984,1.1899580495051136,0.42933660603502455,0.8663323526645667,0.09782562526664845,0.455288231890174,0.9680891815453533,0.6407933600355679,0.9366291117099983,0
0.9361685927314728,0.2369208870126559,0.9770452251451697,0.4453971543375981,0.4829997063917475,0.6725674451282271,0.2018158917546401,0.682724977705679,0.8254832973200922,0.771629697367184,1
0.6604440419019159,0.8119679836269338,0.11805194733789731,0.691539088450685,0.5089385517536112,0.4034321034607665,0.561449403000191,0.05275893978804046,0.48237487102185783,0.011032695166052146,0
0.854044978382406,0.30399472996729027,0.83019859474795,0.5798280354836133,0.7315977307548223,0.3496452774129551,0.7204849802148909,0.9238672716400533,1.0780668135033304,0.509857326146727,0
0.35684893975378706,0.23001639504697663,0.2546810573882528,0.7546499481523992,0.20118429133677382,0.34406270636875697,0.9857912561696796,-0.007002771266053726,0.7644878071905639,0.2300594495137504,3
0.5632864741667947,0.4527813848557218,0.7322516226307422,0.4021260596032461,-0.0808955194424181,0.23507243766916797,1.263606853477827,0.6784134400872458,0.8773594422493127,1.0648510233873145,2
0.46553884920902844,0.6900451897597685,0.16215095228568993,0.44686999773196345,0.9176663759100907,0.818598427111392,0.12160975326079132,0.5407807357628419,1.020672810731375,0.11853235831851702,0
0.12278102029078897,0.58350611840283,0.03349748081911215,0.2110866433562618,0.07760667879613131,0.5380090952409065,0.7388577553236512,0.19497373788857256,0.9666530328564255,0.04423879447392011,1
0.5310948281107221,0.7975078271870216,0.5359170384368432,0.3664272325857688,0.4421652041186873,0.7847469754893709,0.16427922541213208,0.8104766683211486,0.3521190635545921,0.38234130258009424,2
1.006412938510003,0.1572556974579511,0.464600083215345,0.36889184270046904,0.30553952918324884,0.04057341754888244,0.302963141953286,0.7569855344564527,0.5540858931233614,0.5157156070947522,2
0.7083641433313352,0.3256645007971176,0.17618072021849907,0.6662498653311053,0.8634740782910215,0.7694067696056652,0.32852742973454313,0.5172649664009672,0.6791548152878811,0.4081373666758494,0
0.16346557427853337,1.0204307780201993,1.040667832551618,0.323913144865689,-0.029719646892313573,0.5124623389030074,0.8725517935401346,1.1411935324892837,0.818917691288009,0.31016324215358027,3
0.23727625833402635,0.8973944402604725,0.42433424862112634,0.9064203240116522,0.5472785706985667,0.17767655683138248,0.8941853470062158,0.05748368122928612,0.43920484079749794,0.8163126337253546,0
0.16865316589938778,0.21058414247174742,0.8270647043634692,0.19587806866626525,0.7644127175581608,0.08058656608672533,0.7699547753710062,0.08643947367836664,0.2821329335350725,0.7534958949417689,0
0.5361977721524118,0.8015664136160777,0.5353785643315169,0.36298813241303013,0.4406659855992488,0.7908797687334009,0.16567353853161867,0.81498298529965,0.35117123755402485,0.38575157458665327,2
0.9444216217364347,0.5327598857623754,0.5670742680978175,0.0031502495417565224,0.4958955284529723,0.6942360877581218,0.7389279455328819,0.6621862455353416,0.1371958701133469,0.06676513933923932,1
0.07639192208009242,0.2027439306102295,0.33601681449506715,0.6700745873323914,0.7986596797828658,0.23294147904519144,0.44539843378175714,0.7571484611817975,0.5599945954560217,0.29355809310930203,3
-0.05337666230803148,1.031743190807849,0.6877716608470099,0.593566066299968,0.31459680865784234,0.9797806161222598,0.15075031986593795,0.929773075087426,-0.17568133731639624,0.05080723721521893,3
0.7009453656139963,0.5712506289399932,0.5449270392539597,-0.007185157103891789,0.5643274676047128,0.03316221236310027,0.7983503062644132,1.028430043968254,0.8794628395879688,0.7393335599919362,1
0.5763470219763346,0.5107266260373525,0.84830454314344,0.44790684196920216,0.4464861965159277,0.6842569886073306,0.6504700657845944,0.47434616992745593,0.2161977421987208,0.40705273178456197,3
0.9164772676370151,0.6152626547694875,0.7167110967452748,0.18327141135919336,0.6484241414642797,0.8791753091030023,0.4824069415820258,0.9349889322869197,0.2976194136007511,0.2249200026468482,1
0.34478521003298684,0.14542894598910314,0.6488828602036135,0.8872769072948555,0.7431305478709105,0.8194379208414984,0.5837097108058688,0.20457604671073082,0.4939679525205186,0.7772506719955814,3
0.380026338400147,0.4923324632667642,0.2831884854501698,-0.09299145927227609,0.50771131538003,0.47737666580316357,0.5899239441271314,0.008409252288392621,0.164279854398447,0.48903560396430434,2
0.3987792495954731,0.45378656741651635,1.0666877329349989,0.9796968406753152,0.30203227930003007,-0.17650673133725753,0.447979099879728,0.6800665122485569,0.37260247559901827,-0.05537556451359971,3
0.5671204630572477,0.28106047688150126,0.09431344865536515,0.9936326664893002,0.46048755826606735,0.7399692081760995,0.9504406574774036,0.710464672042431,0.49021212552079296,0.032381489479072184,1
0.32312217891347034,-0.051852389148443645,0.8420721455833005,0.1351412961942247,0.5944138605337168,0.022853062047079375,0.5781190150501734,-0.02336128985387176,1.0294407981604454,1.2461321989964371,2
0.8349995303964926,0.15432426925579887,0.6438375697020576,0.09508785452124317,0.521055970479168,0.3839762855715758,0.21027068568386179,0.9359022223667256,0.9331278901097403,0.8221967256008431,2
0.48474473384431677,0.6617138319436189,0.8004496895702964,0.9856454335265837,0.16669405469969195,0.17977914058877095,0.2996892310731488,0.6742489947587108,0.20498455980574953,0.20473822898584487,3
-0.08539037547232106,0.7017016868954785,0.015012736063707094,0.3552354386815774,0.3677503990584064,0.6988621534363364,0.8655465748171554,0.025985799018718003,1.0540042755553336,-0.2395006642897468,1
0.31517757122481377,0.1298135729850652,0.6505533591137952,0.8575827317010859,0.7632945333935728,0.864955623297174,0.5408515446589162,0.21919547811596835,0.5214810513755535,0.7348427649051377,3
-0.2711046245280103,0.8924176682480638,0.7089457186892281,0.4664427278505435,-0.3868290197903898,0.8880505904140842,0.9392905672790046,0.9346414663480129,0.9607868201024934,0.1808165523358975,3
0.3380756028179637,0.07165178108154559,0.6414754042615075,0.7969552210899086,0.8162383267426939,0.8565955083372102,0.520652344528868,0.21667599504080415,0.5142083574588354,0.7302545498694929,3
-0.29472384374965205,0.4506344564148156,0.8464118323372795,0.05790232069185414,-0.014755115365139237,-0.05891543381339304,0.8000973176467069,1.2955961670566212,0.8346779289147521,-0.302328921727187,3
0.9266273532088134,0.27955276405583407,0.9071900949526047,0.3423328767817988,0.35866901263337314,0.6177778056483532,0.21238804985650397,0.7233541198783371,0.9721872457701317,0.6446303922493126,1
-0.39924273875623784,0.8222322865202467,-0.04026805336053041,0.04472521017239385,1.3870416124210652,0.25440270176374824,1.0474883723578567,0.7383033958767335,-0.2117181763941448,0.5662872221140973,2
0.8335063356334805,0.1645265796834187,0.6361350693331741,0.0894599347491803,0.5279489257081852,0.385445130179116,0.196391325143708,0.9456204698062374,0.9396039685690352,0.8193369357857473,2
0.5308081291390752,0.5035288879341268,1.1955895152844342,0.502907076719594,0.7084787927826406,0.8131648477535229,0.915518395609157,0.6161698365598616,0.25839823278365237,0.3020617321093715,1
0.05243573004767621,-0.8802872231377654,0.03899996622231888,-0.7860918321402095,-1.1584167577417306,1.7732740767612745,0.05689318346538652,-0.24805758040783377,-0.6050115190305295,1.3442733284309114,1
1.0364204750612391,0.4926592989085003,0.730693114251995,0.43338910975514056,0.04676549176813327,0.9784408472291892,0.6355057322405109,0.3566125965044208,0.21193443785500873,-0.27137105640679005,1
0.5588551320621565,0.24644948875880832,0.08454882333319594,1.0064408465902124,0.39182858180918123,0.7985115147657276,0.9804049140272209,0.689734440077565,0.5136975672507721,0.03688625003626232,1
0.4556456603743395,0.5674084495836285,0.21705165461932813,0.6452908742120343,0.760603571364256,0.9361737883111486,0.010609185067015027,0.6410068623164905,0.9625669590383694,0.15976665322882827,0
0.865922823644119,0.8440891187389302,0.8590229855634831,0.596085070982875,0.6520489803859363,0.8045049267592081,0.1714169157506977,0.695624392569065,0.6153253593369458,0.4285286555603114,0
0.9369115221801224,0.42731206117680787,0.8844579896231435,0.32447902329064837,0.4535741974948655,0.79291455065192,0.08846120140751143,0.5928725322929852,0.9500499880419062,0.8687685844219845,1
0.9304731386575285,0.26983584741559874,0.9250434545710166,0.4556236520403034,0.5248313592539184,0.6502900704378054,0.21657734108104343,0.7044258860373952,0.8613691592418976,0.8467866324843385,1
0.5340365414493019,0.8032496917886625,0.5337615527501833,0.36014701915980063,0.44018586214960775,0.7869098234146996,0.16420030284201012,0.8140060958662853,0.35119925178820105,0.38930576467524686,2
0.4691687362485691,0.06411525277525021,0.9584469759658762,0.8603043732594784,0.45881639585661216,0.7425375170131229,0.23294413944325013,0.09397959509070215,0.6197689446655029,0.6384406815759539,0
0.19895879355247423,0.9777151333166749,0.9023081538271087,0.36585420000155805,-0.05276399380409641,0.35664347155926623,0.6977949422361776,1.0772031955409518,0.6726005401043303,0.09068627824347493,3
0.038121425055139685,0.23525453068302032,0.4228844964929319,0.3865416133900005,0.38553464794263936,0.8198358029087126,0.08539664650629208,0.02148682826542382,0.7125131147069375,0.7323858158492415,2
0.03671285361097079,0.32697583609109915,1.2463110019178183,0.36174353139559207,0.2026010659602773,0.8425249305591718,0.2845305611737193,0.33074461648427095,0.16915809278933736,0.6038971318689124,3
-0.01392332255698871,0.11270477768973279,0.6804711668335586,0.26145628307129876,0.08928158913658843,0.2051245309301994,0.5619973942938102,0.1622830937025345,0.6513665913070243,0.7692759506776702,0
0.14491259549293078,0.4868157449113928,-0.17773243332547956,1.4063409704210184,-0.18138142391116974,1.524875635912756,0.8157254719282797,-0.2280682557958157,0.28857944140114744,1.1994704786021484,1
-0.006963880308080187,0.11230348904307284,0.6227228063992629,0.272257050538651,0.020613429780235937,0.23677867071803227,0.584918915087375,0.24433628529270193,0.683141015822462,0.7657038696957355,0
0.853336861278447,0.666837756989474,0.5965561769746066,0.6024566414449483,0.4515849628287137,0.5816796728186111,0.5421801119515284,0.2545703681640956,0.12318254012603293,0.47410360890727193,3
1.1014837754917384,0.008232075804352312,0.45968060897187807,0.4325220311505701,0.2812974706256933,0.12259646172020655,0.5807207887902031,0.7583532821414734,0.4120275363797371,0.4059496869394269,0
0.5123290617937764,0.12035156625628458,0.613963341523339,0.5534041462637221,0.6820017966524071,0.47538930125334283,0.19330614331367796,0.4906801703840314,0.36426934837092884,0.8543694230037795,0
0.8305114303280091,0.15278470003184624,0.6531661556486087,0.07906116690059585,0.5419312494768377,0.3768127076239595,0.21790780615619332,0.9213238943847649,0.9361920712723707,0.831124585718168,2
0.9227676436677619,0.09319859655325041,0.7728516115145222,0.6436424514163617,0.35299842289398603,0.5391325289232617,0.12341893580670049,0.8284840238883735,0.8361182791651304,1.00602647915085,1
0.7167482014557195,0.8793111817708587,0.08510474715110171,0.7813233371273144,0.5347993244300042,0.332388983018884,0.5480395544224335,0.14037522599528446,0.3903272073715074,0.057327200138712675,0
0.8788498899465498,0.38241154212963635,0.8031316623570893,0.5672053945825137,0.703911741355675,0.2771231523579029,0.7185850591450104,0.9821940981240838,0.9768328509451678,0.5271748596365736,0
0.8017014727279269,0.3397215790151971,0.8240233828981078,0.5811950385211658,0.15261947350435084,0.3241216828773819,0.7565717806936835,0.7001657025686673,0.27521560356377134,0.1807097410047678,0
0.5957342279634137,-0.0747366640228348,0.8011661256863031,1.1341917031769722,0.7558540418212344,0.7913661417984336,0.25628032514881177,0.4659649901258068,0.26084879923502025,0.9221149351653559,3
0.8024403526366615,0.4683697298686993,0.9241753571329804,0.12561500259573197,1.0849662352127223,0.24434365507551314,0.7736820615932668,0.827646229877086,0.7205954348334228,0.48426714304211416,0
1.0217904611139013,0.0971863257815464,0.6724940941817222,0.7269148893297399,-0.07189625682183168,-0.084877351333292,0.25858302791957827,0.9010507186021377,0.5693903173185102,0.5417207857787135,2
0.842773726651684,0.3445853624636374,0.7771403359701621,0.5936735591669892,0.7422339636676315,0.30899166992325106,0.7200270914392906,1.0122758190754333,1.0146159750653503,0.5171614953508228,0
0.17129815902916376,0.5565517169453122,0.6482265351740748,0.32660204411856497,1.0371601739192922,0.564701188077928,0.5601261583033869,0.9550598983201717,1.174772183272856,0.5647635951170101,2
0.8870480819994342,0.3769914750769228,0.7922087112215899,0.5395917781792072,0.7324978355683551,0.2704765705464882,0.7383417514779852,0.9663565461246659,0.973410818470033,0.5506773410028196,0
0.9525698993935853,0.7776550998124302,0.8214117296608929,0.6694124900011845,0.6538557211218508,0.8752099238470128,0.18945951738482059,0.69576797412435,0.5705941397865456,0.4438003345234004,0
0.5587559717443302,0.2686997781417125,0.06811494896569215,0.9565105085434354,0.45362064473153996,0.7846550326165191,0.9961794958516217,0.6471785357895713,0.5189495386366226,0.023455535851073912,1
0.9038762927733623,0.6066741529159683,0.6217561414926396,0.24282049308647452,0.8029437663639868,0.2832745936039738,0.5257220253496753,0.7139194109070608,0.7071117088875127,0.4382910920417672,0
1.0549560443061972,0.15419971701188137,0.9512447159233198,0.416414556154777,0.5101369331290468,0.5737339806848435,0.21760310761946325,0.6469908046736392,0.9771492571565946,0.9524416742347781,1
0.3015760429582199,0.9248097086296334,0.45047978989559145,1.029639238741225,0.7343139860270915,0.08137482907425941,0.6680878715321847,0.8001461457468038,0.44426295721779785,0.3547720098742479,2
1.0820610372493513,0.6035028096990233,0.6351966305610457,0.24197286038448756,0.9959512500083042,0.35537571128612205,0.38517857941407047,1.119606918253501,0.7495222884656416,0.807282633306613,0
0.7093865715481318,0.28628492682400386,0.741278921857258,0.41533110146369384,0.3235294583412106,-0.0729368534519585,0.42608829356114586,0.7916032942666823,0.3160016272127346,0.440202762405461,2
0.8840044775212073,0.4710120419462158,0.980327135553203,0.22999178401498593,0.13801259333527383,0.15041850080732633,0.7821771442971267,0.8497805063441648,0.18802573518722926,0.017591223176793624,0
0.9198364834258291,0.4650907973103495,0.5775310242029179,0.031704335385184385,1.051741668143856,0.32338747653171024,0.8329760528362653,1.1620415782655211,0.788162079686005,0.23900297520978098,0
0.4800818449597435,0.049043882923052666,0.9481551102721051,0.8668575787047424,0.45411337089832066,0.7703144013433294,0.25286011538129904,0.10095399755866148,0.6149190117953888,0.617221213344407,0
0.27408633900958784,0.7047537301265413,0.6220095687147287,0.6731516211072769,0.25839223123660987,0.9079802001393198,0.6262081834086338,0.6521847587748609,0.022020011346773297,0.8614233740391752,1
0.13780612343177664,0.3419368189758013,0.5702172214373927,0.2854496761888713,0.882380297552082,-0.000379348655625558,0.8640693481351679,0.5568945162505481,0.982749555285151,-0.03691406563097921,0
0.841640129182806,0.44470308966363714,0.8439726298757005,0.23029674046803725,0.9552102132368929,0.24135385086647823,0.6760156440597345,0.9411976196365314,0.6253777541893779,0.7166102438990852,0
0.10672681713480603,-0.43240086518836884,0.9718412876623634,-0.45969589214647943,-0.8312280514050415,0.7281001637079496,0.423776792180601,-0.11598158810919512,0.2956768931331437,0.3320909542220624,2
1.2006801012267552,0.45928187307171764,0.6740932318081275,0.1582369185610359,1.3977871316253463,0.4982459392601751,1.1299491640485608,1.0558373788626065,1.0772754666910118,0.9845293754448653,0
0.4048905126706801,0.10585110047066967,1.0892525960909547,0.8830800959619357,0.4385168055185271,0.6573783686860918,0.10968187356754336,-0.020943397985637074,0.522253813489239,0.4934462617721869,0
0.15540821792665327,0.15719552393115055,0.2567218115747289,0.7453958967512734,0.8656000993612946,0.24842183066591722,0.4329334624049203,0.8065943490775337,0.6503643738291789,0.2652020567054861,3
0.4033365358872626,0.5177927625469756,0.8931358345135921,1.1805552876908383,-0.005863335843334899,0.19268382577542245,0.13570384143440106,0.6965772077734714,-0.03182650551356614,0.04689148101002599,3
0.1739509648248098,-0.08641281490450045,0.7548158316991275,0.8174675358367051,0.7912120641837422,1.0472141411273306,0.601941484160451,0.3009007221946936,0.7247589722020538,0.9348256481827734,3
0.7397704933958309,0.8067756159903148,0.6925918357088338,0.09415173928964726,0.5679233177881771,0.039722965274065034,0.9315394781028696,0.7910905137655647,0.8580194519706943,0.6369945883226568,1
0.6791218843702088,1.0249247401781623,0.6198522004094141,0.10543234208606697,0.7782456054809687,0.6058046848314118,1.0418967341214893,1.203906865677102,0.04489181775669804,0.23803424027313644,1
0.8429065931962036,0.14965255461094776,0.6432814339487903,0.08828337974268383,0.5291311853519,0.38972073395950374,0.20763882154449095,0.9311343707733462,0.9330939372440841,0.8210099458203413,2
-0.40611390472178865,0.4087810792637528,0.5716130932897006,0.2636693406801853,0.22869647562117795,1.45720454176058,1.2034165878385705,-0.05131041301174212,0.6847082980760599,0.7292921154829144,0
0.46470968039724125,0.06775392664630078,0.943422023248968,0.8606203562814582,0.46043126844934734,0.7671249862207613,0.22327013475348564,0.09978381339447007,0.5942659572776711,0.6435266098648036,0
0.8664475853583702,0.3824416057625515,0.806273638849562,0.5659705396427034,0.7199667786380926,0.2762369974168449,0.7338439516634937,0.9761926371908323,0.9914073213526204,0.5186439914011012,0
0.6182144844271716,0.3881248612869138,0.37595866063837086,0.9599155054885103,0.41462105227060775,0.4570871823291776,0.047675032793623645,0.5639061867668399,-0.21937661847512724,0.330214377591753,3
0.8567720436142049,0.37765449853328786,0.8016401653292395,0.5580822410950118,0.7169487051832544,0.2683587124134661,0.7380211109279402,0.991684660835004,0.9767497570056999,0.5274348238049107,0
0.5339791298734761,0.49071843520433756,0.9634981629819499,0.9490367164625757,0.23360303140007893,0.1466372077335724,0.15486549322673154,0.6885963610098941,-0.020992557139651202,0.28135145588210075,3
0.13725501223775965,0.19728616471289898,0.2951447099470216,0.7190976775656415,0.856109451620646,0.23970011362359966,0.4479847842819539,0.8201827801782737,0.6313046713837775,0.2706503593824,3
0.9277169193254903,0.6807356384198523,0.16751077983032636,0.36433761797986397,0.764816125581486,0.22776217024866918,-0.18897832179331275,1.211751347510009,0.19749279993175553,0.818127591616405,3
0.9078844093613738,0.6541435803926071,1.133746511880778,0.5928096954796642,0.3919407307692475,0.6129542245601972,0.44175846738555324,0.3045604804090769,0.6471307835026852,-0.15856487095048882,0
0.4970434314922162,0.020849240129136425,0.9964396351332475,0.8503672619807592,0.43164598812109434,0.742318062205194,0.20226644465865062,0.13450725593110543,0.5845860418951392,0.6087352005643722,0
0.5490985739610504,0.2702109483297983,0.08926287674747116,0.9857686716310566,0.427195510023004,0.7823449681239988,0.9910529710312777,0.6689733853653792,0.5098023948606616,0.0172016150836235,1
0.9430945199737606,0.39529848166889076,0.8677683310402077,0.18045843331525338,1.0160502551975534,0.38891021579816976,0.7407678687074994,0.8913710239299759,0.7076305580318923,0.5720177204360956,0
0.9554630863082058,0.9887253359654964,0.9562219577261424,0.6317592809695228,0.7965271443104139,0.610391905704988,0.22609347175479733,0.8174478973809147,0.8554302749544701,0.5870653696443519,0
0.5297016420088263,0.8110715971170601,0.5257590575270693,0.3635142218841884,0.4423096031258952,0.7848182244858368,0.1631113844796518,0.8166893181759864,0.3474125120708332,0.3804307714335523,2
0.9443643384475472,0.3669136308540503,0.4359318426959716,0.8110976551821553,0.7352047799379936,0.616508361011743,0.8574351168312517,0.7519663069119059,0.9197822274262378,0.56345549961068,0
0.9506611481144646,0.4669900947338919,0.045271148244572845,0.6483127811038669,0.3976911762341874,0.4565655441366759,0.07851106947551784,1.1706278212030647,0.4621525407540685,0.11836581782380436,3
0.8260827337200058,0.3075223145455561,0.4464977791079569,1.1113579997170262,0.633390124233363,0.4952211542415394,1.1059682205781796,0.6492512189439039,1.0598268646423956,0.3045655934625484,0
0.1981327838019352,0.9937458050014266,0.6039051081865752,1.0561285901967232,0.4444446777658271,0.1649929809709939,1.0666256448240428,-0.014811098409647422,0.5778743939062931,0.6676318602261959,0
1.0800891783603042,0.7527309677471623,0.44144106137395905,1.0395818679283828,0.8553046234691184,0.04993065397847968,0.910008892210943,0.8626691275704199,0.6702958800139186,0.45307394747913726,0
-0.3862806337905147,1.2303447719659921,0.3564283298845638,0.8430212067129992,0.5651482338862419,0.9179963767572074,0.355481851469285,0.17321776256284593,0.396117289287666,-0.38347160307014694,0
0.7176327046943513,0.4132353283134238,0.7940746904931363,0.5371913246349886,0.35118880077766507,0.7150777137685614,0.755909494925501,0.3822517370327238,0.36577774853551676,0.2726210124784515,3
0.7547868198703267,0.5601118053330523,0.6148118947089282,0.16747428492511324,1.0452946763891193,0.7568511429793064,1.0025607359713284,1.2929511175962194,0.9538993825343112,0.6704755146157996,0
0.28636507662650784,0.3229751704118931,-0.2396084685757578,0.8308055200386703,0.46499125718101003,0.3983426064007707,0.051397485433476664,0.10437571220208998,0.2289720171339658,0.7875129466269388,1
0.8969201519177822,0.9833675314538912,0.8283664894467431,0.6820946836161111,0.7875018371969564,0.5875254707638429,0.024566633187529704,0.832589652987405,0.6307764486588481,0.44736335435885616,0
0.11272235096884627,0.8574620698092271,0.8154180410504336,0.8131025677918617,0.527274494501264,0.7841863879372974,0.15681363347142524,0.8310634740658669,0.5741295722230708,0.6046362721763521,3
0.4118768623330543,0.20702663330175908,0.2839208760648317,0.7208259323436043,0.27442034781966806,0.31114918752228327,0.9845981770034914,0.041211782916517746,0.8233820712916915,0.21519790456214508,3
0.7924706674571247,0.3904582792464285,0.46103568449695,1.228937088441774,0.8856770031430279,0.7113639743778014,0.7145179779300312,0.7941728560481212,0.9571084879547267,0.2997646744958343,0
0.7773111807847838,0.11291081892427093,0.7537852892447428,0.6830642033118715,0.4347536216923917,0.5722728052642954,0.22866822207404214,0.5290743676099511,0.705098288699641,0.6226495089360173,1
0.3810011432554232,-0.054508044835125,0.7401113908482022,0.9749383970260495,0.9387099488563904,0.5545601863613259,0.7077075536219747,0.34520614592003096,0.41502453111551996,0.7501075509432106,3
0.8481052904531683,0.40666525955261695,0.9517997949922832,0.4374570463715073,0.6112246812086225,0.5326617993287497,0.27564365248795447,0.7511273468704999,0.7218364037395704,0.868517130943693,1
0.002733324696069522,0.12468876728124859,0.6309885498114619,0.2490628430935214,0.0341346975167383,0.20099812677519197,0.5774504409453485,0.2360578340606318,0.6773182626101668,0.7881225075955741,0
1.0542624208920368,0.21350006117162082,0.460510005757284,1.0503689748138425,0.7832397502498505,0.522468667990268,1.0557832934206235,0.663950358811682,0.831843505992461,0.32626408955559655,0
1.1692729147386016,0.571148524525087,0.8418888814745921,0.39027769441523197,0.3874936898619924,0.9194322970842629,0.5300311001444157,1.198934332253039,0.1366771689355566,0.25745012850101867,1
0.8019108156550806,0.4037979040694212,0.7559668278141768,0.3223194711723606,0.6837763269359702,0.5631059619337555,0.3622439670518674,0.931722714434176,0.8779849126993308,0.6518079595702828,1
0.15379603161293867,0.6772423022579691,0.30252787258293323,0.5079098434025511,0.538299550084166,0.854115353100451,0.5730350416780727,0.04366045879034615,0.9763127331954485,0.1847983095775347,0
0.8415495494332368,0.44928639448668195,0.8279817530087583,0.4523786766799449,0.04639494847177062,0.3821170197970777,0.7532106747759225,0.6893558598723663,0.2712673202163152,0.22068231540401378,0
0.4155119873851433,0.19857919723147996,0.3011225759472176,0.7361418309540629,0.25876176537813295,0.31082049885539415,0.9660139007021152,0.03852293407912708,0.8038712400358563,0.19777993416556186,3
0.5312616531283687,0.8039811003904066,0.5349011223911312,0.35745673077404444,0.4386959568815968,0.7873237815847073,0.16564769353884554,0.8138265775759771,0.35179064467970295,0.3903657776137306,2
1.1960871363485355,1.419286224470229,0.8244152904321786,1.6210849645641803,0.515073619433095,1.4530544994705283,0.23053347811962335,1.08938955509568,1.176186539730114,-0.8776253373247436,1
0.8593828869406286,0.7295763430344302,0.47839255759219423,0.04873323302083524,0.5355846130074183,0.8686011304432759,0.7622368928799278,0.564171208279682,0.32255632651910565,-0.010148752011090667,1
0.9919989996874038,0.2671474707981748,1.0567404707956585,-0.022770331681090078,1.1414082460700565,0.3144766070750335,0.9895876836571148,0.657008242496708,0.516240558693047,0.6162153752630853,0
0.938287210117354,0.45978114098855416,0.7606473199400332,0.5117453251677101,0.6374376011662488,0.26000052737313356,0.7617842129307533,0.9499249043396246,0.9059157956001178,0.45377383683651656,0
0.30802234346281343,1.287028305503244,0.6212945769238043,0.5538029043840655,-0.6542983678089029,-0.2798241566320602,0.20475507047614816,0.5363356580033831,0.2851508634438749,-0.44111339509717973,3
0.11605331063966585,0.9059147707477327,0.8518634552302772,0.4490145008398194,0.750583230608355,0.9867302257703333,0.8261673259900792,0.5394677231986347,0.6442830724338457,0.9709018756679773,2
0.8974023747871912,0.24846279745693722,0.7611805243690528,0.37979983661055416,1.0047972666782525,0.39331856723404207,0.7347406392345466,1.016880477980509,0.5584725435578888,0.44809756461395833,0
0.6273602006887932,-0.1697993625951468,0.4037911551418321,0.7050868490356424,0.5463901731808415,0.5622621164480948,0.16235667867064596,0.5202239776261722,0.27464368653930116,0.57855617407387,0
1.0514257120876107,0.7644259705684985,0.9536029573492099,0.2222091682724237,0.5236411524024361,0.5370739545611585,0.4753718882574785,0.3716716229210272,0.333061225081591,0.7639484359733336,2
-0.10034624316355834,0.19342882618391571,-0.23740538307228687,1.4154599739581293,0.4921142698030923,0.49221009059963755,0.11868820397655999,-0.15209254503720682,0.5393039032959823,0.495553702252384,1
0.8255997809588509,0.7925333051697215,0.6916597456037463,0.0548656347749332,0.24133081589418887,0.7165668493144284,0.6349355746595513,0.29429507433855956,0.06691407496806517,-0.24127312809845874,1
0.14201507405296251,0.5993655941001792,0.04494888007394145,0.270221680543973,0.09442823184240584,0.4967506927260766,0.6910676461818934,0.15866251886200206,0.961397521308175,0.012587296285069077,1
0.021330632119465065,0.46978361910228505,0.47523882362954306,0.4208864447301457,0.6903298380141217,0.8663625222277429,0.8298056406669923,-0.12227200962037835,0.9754786732452836,0.0964874111794432,0
0.536581764692986,0.2823224044563737,0.5769968408687636,0.4787679738108438,-0.045054384364412225,0.8014012472251957,0.3257874027685022,0.5992626994585182,0.29152137425619695,1.0219433976711387,3
0.6762821069602434,0.71242690932638,0.25451315666874963,0.5704940199379361,0.6678686841685177,0.43580357529352826,0.5443682829011887,0.022600518597379972,0.3916312301684347,0.0504627402471803,0
0.5431062457218595,0.9005391476156606,-0.062294923714555306,0.22368227762085463,-0.0026868219194313703,0.4339585910994268,0.369675483779477,-0.6706135344264165,0.5318707943273449,0.5554181305794508,0
-0.02580604881504234,0.10686723287818226,0.6689736977474149,0.23990203287851725,0.007792236408616749,0.18664035370199977,0.5413338760228364,0.24688778995002925,0.668283338510207,0.7510708469034736,0
0.9117779634189981,0.21440989520312798,0.5940499904859127,0.14661627206057415,0.5442492829247175,0.44627390799013905,0.20215977429492307,0.9186978596109469,0.9756692924676423,0.7646173580780516,2
0.5373191523946332,0.31023644789128674,0.07899042089642622,0.9545995496010324,0.4838573402392319,0.7757822049902464,0.9792500199915282,0.6528697533482903,0.5524857560656747,0.00408140369112393,1
1.3990567135132785,-0.2935143577532259,1.5969943551129822,-0.004086622903297643,1.6293521325709346,0.397747493839018,0.4555311007412684,1.2548938324512917,0.5722850027359112,-0.2035324625375906,0
0.26911652150001786,0.8275333768613516,0.32569675791790254,0.7705088470596974,0.8731526122740584,0.26269869101147997,0.8790879466936651,0.9893590551096201,0.2116082856151109,0.3956070608025446,2
0.8694296341233658,0.3786082828642082,0.8162209158297653,0.5592848646700168,0.7093621543191327,0.26745610619337434,0.7429019524384894,0.9804021162213871,1.0008414255886637,0.5154260514224706,0
0.4683402873827439,0.5367948958117047,0.22767594608532304,0.6503194475088827,0.7858813285260019,0.9244192274224142,0.022432539788583665,0.6560325934080384,0.9802499621379644,0.16642659777807314,0
0.9456034883048468,0.2769623971528739,0.9142478012931575,0.4520491248138586,0.5589828776764099,0.6329748781052351,0.18968934026413287,0.6976970719377703,0.8401967749049408,0.8643780399393118,1
0.869702225054252,0.38103676315363044,0.8085163624817295,0.5646837509673428,0.7196216181418844,0.2698316194097948,0.7319957369163015,0.9819304191877836,0.991135894617708,0.5244845879385958,0
0.31559775558627756,0.8929408785283078,0.6806000353451831,0.6506370521620513,0.8005476614524165,1.0343594749012623,0.9117020507930325,0.9180208963368426,-0.006731232601769083,0.7291178457951016,3
0.06337148357584232,0.2940898985243757,0.3192969292304442,0.27203125141578716,0.9900871914540366,0.5517431909055017,0.2087989999766698,0.8902066487335406,0.8217665505133233,0.5520092291002537,2
1.072509655352815,0.5743924472286542,0.911906271192816,0.45912223748910796,0.6944359823987478,0.5677463401200253,0.35861493630746993,0.4090732319891418,0.3141254161563529,0.6980351692937472,2
0.12334485875204061,0.8846856336673589,0.8930156895022308,0.5935695481971288,0.4197360017331224,0.9460623144546945,0.1956720558593443,0.9871923715975661,-0.026085765382671856,0.24580220663130792,3
0.497047777093972,0.6375520409272821,0.84742682305154,0.9229165615698118,0.23458317648051843,0.2042264441387942,0.2743253145221566,0.5595226928956012,0.08379499230658716,0.16368585025816612,3
0.9744990018892206,0.8220862654094321,0.9539863967799402,0.5802005141237389,0.5222133119110484,0.8567711430618791,0.0135568561691128,0.7274300426898589,0.8002757605658223,0.6264172702419138,0
0.8420256761988396,0.6346411760081903,0.840499283398739,0.517709548408328,0.10689364187021366,0.42942485190477175,0.5043093971322228,0.31738794260852654,-0.07488139525670029,0.4775302378360359,0
0.11819794200854408,0.461853121853339,0.31921959596825933,0.9477604122563982,0.5892523729889585,0.785356702992631,0.36511723977733357,0.07370129416861919,0.16766109658904874,0.061605727487622886,1
0.05076192664996362,0.24374373925867338,0.33123759437310346,0.2956008148782011,0.9717855613779195,0.5948039792825214,0.2098335484733607,0.9056190332430005,0.8338221004335616,0.5591825157672744,2
0.2525038201176544,0.9423512483135839,0.7628169283452197,0.5025983646751534,0.10690585766885616,0.260754860875818,0.7207440297496666,0.8516109625248711,0.9789144241225654,0.1547831009655417,3
0.10816129713343037,0.45558076660234725,0.9352024490375085,0.562013982989584,0.2545530209152072,0.8078831719021444,0.16629088508678713,0.14716811582285094,0.4030107376352054,0.3122308523843854,3
0.8839237327968898,0.8804690198464822,0.8831216302104261,0.7554128432662914,0.6799595261038061,0.93047530006977,0.16835075124528873,0.6863677921253023,0.7193458928178189,0.534298171191314,0
0.8169414185938862,0.1418587431045092,0.6690968530951479,0.07403627094302297,0.5104312457710624,0.41162133397191153,0.2009651022711196,0.9536711805517387,0.9523970728929941,0.805251731645063,2
-0.151776153329231,1.3946854117838219,0.25484916662351487,2.969793207258098e-05,0.6996345694221273,0.5706878460050151,0.221024134689896,0.43232946433485925,0.3777202133710864,0.5615868410573094,0
0.2889100033360815,0.5899954114355747,0.6078251708116778,0.9071628512475108,0.8449814694147134,0.5363018087390123,0.2196411525644105,0.5219647438291901,0.1309045589192627,0.25213429807477283,1
0.5529950036129918,0.3427532448371884,0.1324657938713338,1.024058058460218,0.34875597900336064,0.8017289190639495,1.0526572318135639,0.6589714772187892,0.48526731195658157,-0.02042992940074302,1
0.5429598775408692,0.03298783050315566,0.9936013607895497,0.9373940237229812,0.38838942959870315,0.7701588615014419,0.2461257450161611,0.12990839291953257,0.6006745837834376,0.5758960707081707,0
1.0307354673412121,0.43090740807292505,0.9102229881167563,0.07489832514367732,0.9098801057187914,0.3584188282831773,0.8373633669083,0.9601696036191776,0.7266769726180138,0.6615013547358268,0
0.0302110081111971,0.303745069058973,0.35887001194928025,0.30005462119545606,0.9125054606805789,0.547880116044002,0.2794003443487238,0.8405002148181581,0.8255162452716636,0.5676561007192407,2
0.5325031273313621,0.7937175742845358,0.5324609530029055,0.37131190695243493,0.4409752233709331,0.7890860937426509,0.1581001350876622,0.8186885214001639,0.35665902975715924,0.385494785238728,2
0.18502939679148586,0.2276819678238935,0.6110826568294132,0.2079873975950866,-0.02864736754710162,0.8997828672355045,0.10075855078972298,0.06219481021489931,0.029982620955290584,-0.20126228314555195,3
-0.0053847809132295255,0.1738755720588508,0.13039019027723592,0.7476144101258275,1.0411944313324406,0.34973764238299593,0.5429060531104251,0.8882298533695624,0.581186006646518,0.09591543994510937,3
0.19584386069636017,0.5975935194661385,0.000485551613820856,0.21339974879144397,0.041389339055129384,0.5506464476034808,0.667257444978331,0.20287690712609185,1.0316817076084315,0.049270980367623174,1
0.20428798552626604,0.6224708946976005,1.0764063352035123,0.5428391997585568,0.19365933257035606,0.8390630356297435,0.20116365092424282,0.051938697012791135,0.40158843805314093,0.3068761902176558,3
0.19643209785746835,0.6081671908280338,1.0834527949480073,0.5773400435612005,0.11021756062196311,0.8378555508709283,0.1182939298131345,0.053222231025458915,0.33831699706979423,0.35049148741110137,3
0.8571834863649257,0.7475858756712332,0.9378123222384602,0.6813075658835556,0.5953525545856303,0.8003702272483129,0.07785886429339625,0.7415071771108583,0.7498033435224287,0.5521504099706859,0
0.8770029965809559,0.37158321093744423,0.7909671554574339,0.5579638476126141,0.7014089229198085,0.2757623182309652,0.7472141441260447,0.9743835213012769,0.9849529199309309,0.5146024617033615,0
0.9311242601868166,0.40179634300210104,0.8483825659732077,0.19704039282722224,0.9831884600511797,0.4000097557565275,0.7467697054899828,0.9173482839546853,0.7158754656498094,0.5714422921472281,0
0.14047312702734213,0.2162512191531262,0.27767072491347594,0.7077043188004851,0.8874292779856572,0.24441265792411873,0.412856613768355,0.8061506470242574,0.6206392712918282,0.2613514673298691,3
0.11397967306826459,1.234110298814831,0.8577228260710037,0.6977794535277707,0.8560776438646867,0.5390630085702711,0.43041727464520096,-0.01624629825112056,0.5939617135594059,0.9220091900564222,2
-0.34092081064176827,1.3956344809609873,0.783563562819109,-0.6959783078757998,-0.19783331800817827,0.5395690083923608,1.08927731130776,-0.09542118420968948,0.18413695183357393,0.688498932509092,0
0.1102253558849617,0.8634983762379671,0.8282847769578069,0.8083721882550301,0.5370006239853653,0.7738795928613336,0.1477613631330779,0.8382375128240946,0.5837297718476528,0.6127031689238279,3
0.7355499708120072,-0.21998430819424708,0.15982828587024284,0.6098512785963908,0.07390192125373593,0.7607740137281922,0.21433959047882975,0.9698413805004557,0.5271124751300849,0.13895098449236995,3
0.1152322341702822,0.4722597433072396,0.3158268351543169,0.9563155770297046,0.6004731575272267,0.780632518122139,0.35762008317966565,0.07410253501752688,0.1707003326425444,0.058233131558616785,1
0.42406748989479987,0.6334704019174531,0.39062665829483006,-0.5164040003783772,0.47285651396251044,1.1961971225968653,0.14047297028081557,0.2816406092250162,0.5860534254131854,0.6067511060580014,1
0.38400701998449865,0.03986622665129794,0.7750113924541051,0.689436434376741,-0.06483560131054775,0.37580473433939615,0.12918874575294909,0.6066090616056546,0.214557316183399,0.6045772386462651,3
0.6802568308124547,0.6218177348897762,0.5859997865975268,0.2990061298586393,0.5686258808998889,0.3759607623354251,0.45655663023482485,1.2732579096483696,0.8038243702699881,-0.059955098181200345,1
0.3175670437026424,0.7005413474755671,0.6986887953116778,0.8355113658827376,0.13113578709795212,0.10382589105795796,0.41099744755698187,0.5827399720114099,0.03363587693159294,0.29605941658438323,3
0.17247642813458833,0.6541428840426121,0.09516541912934076,0.2970577974454505,0.12490431584590411,0.44624211511086276,0.7447483849904136,0.06651053625508284,1.0014812436877425,-0.015624088074071597,1
0.10290692362680809,0.8734622839557123,0.9027130685099707,0.6078496220836591,0.45766277470980327,0.8385201509350296,0.208951714148519,0.9199944841447072,0.036115939028121845,0.1577509396861096,3
0.648654424918564,0.7890832704668967,0.12206026555159137,0.6829126808175475,0.5295738403798639,0.39871734400303616,0.5555238864573435,0.07084513344894564,0.4665283488823308,0.009465460890604136,0
0.4791762194580647,0.6276292265252219,0.1594056370182208,0.3932932156000015,0.5379176869020683,0.29901984959369415,0.08329695981775395,0.8111215749640205,0.6904924151668775,0.7483715365204998,2
0.5416133393651679,0.5337312617794921,0.6452930941987275,0.7781594361295607,0.4380700691908827,-0.07383646427494459,0.3440752406940024,0.7959785280977661,-0.0787568478051282,0.3261730108734468,3
0.40818603851159724,-0.1010622078518848,-0.31454106200295473,-0.22998437052279924,1.6020592401011973,0.593447429610681,1.6038163356256385,0.11870403904784627,0.3179052481137144,0.3368226384378623,2
0.36058592111298926,0.5029566293959624,0.2691032870623964,0.422177271143186,0.14691478246153933,0.30645450858803247,0.46415396418844956,-0.015858007915013128,0.9188075491208254,0.21058462113134396,1
0.3905910211292576,0.17198041976470463,0.2543819353545268,0.7291113659403318,0.31304033941917936,0.3421888621963769,0.9875968527080685,-0.017028257732326302,0.7972142942075953,0.21845170013220197,3
0.14509221702196362,0.7738633429152281,0.49990941332734545,0.5621161734300195,0.1622957710012252,0.8385975960330643,0.52347687340534,0.7104655925335502,0.0949019930686607,0.7411865243051643,1
0.15136614466807655,0.7641405296662034,0.9070154238481648,0.5333046707212289,0.43901334874676756,0.9316929220959856,0.32277003742946797,0.8668240403262254,0.10561863766207359,0.12350102605588688,3
0.8876256985334172,0.5863114564260652,0.6606334556423605,0.19417461328089616,0.581094488565037,0.9031754208271137,0.5123664048757847,0.9668138115713505,0.22695737571718644,0.17112925975228252,1
0.38627902998731134,0.2369567917087756,0.5950954145458164,0.6948507311772963,0.6073465654644874,0.2809741659094376,0.38467354854660524,0.9139253729326091,0.21663293909692177,0.7475935083121699,0
0.6474926638461675,0.7436196548079993,0.7903333848721136,0.22689925197885905,1.123791450810356,1.4398688756038676,0.39191932483760183,1.2949459130249825,0.718459365749295,0.1394796096652304,1
0.13214102208929757,0.12914852308748437,0.9729416544458297,0.6284536866613055,0.10490310308918104,0.9439673672748998,0.45035821955295685,0.10849706419406657,0.5586983369320426,0.17994670811961053,0
0.5360374717770643,0.7987257454151815,0.5350405992737847,0.36018639272808295,0.4441238919621698,0.7882534565923368,0.17323384414320647,0.8105967887820719,0.3419816948043758,0.3783694108215272,2
0.8377632565168633,0.43459365605970945,0.8528439879814682,0.43618477162110825,0.05710747195228029,0.32865505345827234,0.791527968258677,0.6955999196120126,0.404538673369261,0.1933865183992435,0
0.7544891870710624,0.7464214121213513,0.8612432332563101,0.624079158912812,0.6510180493497129,0.8327288754639347,0.10521164574432235,0.7963923915490767,0.6455427299990298,0.5967768218326568,0
-0.1319070635378934,1.8148150000198764,0.10332198725409647,1.1865840375453511,0.4778663767508449,1.7487409610112394,0.17790534102073052,1.1096128368094367,1.27782818411131,0.6265720635551862,2
0.9695509169835256,0.13308451207360655,1.0422360764124632,0.6102709106871609,-0.31705204972687684,0.4022840397898436,0.2312124010785722,0.6839862832187811,0.2597967289399151,0.39046491532778105,2
1.5718862363559145,1.2655800701735576,0.9034989884160207,0.613801209770531,0.8234926509105881,1.145040118277271,1.1172454320328504,-0.06472951945903238,-0.02996316149172068,0.13298893390096175,1
0.46177007737274256,0.2478336904962563,0.4927124603487,0.5205282917970537,0.9300160912543891,-0.13289378569391877,0.8066169326821577,0.8481566011730125,1.1267018189754112,0.038711008462276444,0
-0.003593854065422619,0.18637901899824327,0.22059650768255798,0.6608154614402617,0.7375264536526691,0.20091695954060979,0.417180100550529,0.938599763211154,0.5778850548843424,0.2015308516705798,3
0.5385907521840694,0.7953952819274397,0.5355166352885531,0.35944934761073866,0.42957827898209033,0.7982770447282675,0.1656960543123796,0.8136189949909681,0.3579503318774945,0.3931557983562627,2
-0.010423643960795037,0.28255849685443707,0.228822948135403,0.625744279925,0.8997481745624751,0.352313102620163,0.41333009850193203,0.871907076634775,0.5336008461893811,0.1762102202278624,3
0.10616206117921803,0.6719510585303224,0.06674140875047474,0.1796103980425048,0.13404802140725972,0.5417636768377221,0.7519815221014291,0.19877595826949598,1.0617754418588718,-0.020213907542310443,1
0.10561313307415321,0.8548552683504258,0.826371220784038,0.809852881761482,0.5307060062541258,0.774779964077466,0.15644050538818352,0.8386306438357686,0.5732461856538161,0.6016096350586567,3
-0.06393363707397366,0.7258679973965865,0.1028522859641759,1.0375021638170998,0.10508113997008484,0.4682351050847094,0.18143236346652455,0.3188121187088535,0.5562498956509786,0.9728758716497865,1
0.2793182212929457,0.6744704982382459,0.6030029293261411,0.4640782241381213,0.05121084904315833,0.8290438099614954,0.39055636559059537,0.659670616722583,0.11636613134888064,0.6528763952520479,1
0.17962115197360717,0.7313817754824639,0.4357066728493497,0.5330346573106722,0.12457182518668347,0.8269525450895854,0.49355013002919407,0.6894558023375859,0.05094269877858242,0.7728649818232456,1
0.968486433360731,0.849582377621025,0.7456638101428721,0.5777636793320434,0.5994352589360544,0.7607021942615878,0.13693475705047323,0.7091885085843789,0.7696590608294924,0.4975262921060152,0
0.5801442724372282,0.7184123663231177,0.8611599517732583,0.9890864563917053,0.6354806144621612,0.42876998481781115,0.46184569574526463,0.4385154848759112,0.2871491083497257,0.05415935251172993,1
0.7415797164247582,0.3648117307279449,0.6749762876958321,0.18357813067992948,0.07266343145578419,0.445195469938743,0.9060888189414894,0.39381364799421265,0.6835527181359983,0.8732500146793081,2
0.18690468474396305,0.20196612107304984,0.834858283546367,0.17012902268198773,0.7445599680823196,0.07164265582641849,0.7622816764336149,0.06236484728568273,0.2666858046926185,0.7426954500016613,0
0.8174853832234995,0.22291397746891797,0.8115241896208932,-0.0335727680598496,1.0364132594740092,0.33121461129424756,0.5159226604507265,0.9447224105075291,0.9052041113706316,0.4592375672142287,0
0.8658035279095517,0.38517310386000236,0.8051550107200345,0.565464874703459,0.7133528656993641,0.2765039059495414,0.72844621123653,0.9783495577841587,0.9897511836759894,0.5204747861484121,0
0.12238128314969426,0.8294516423111453,0.5606691563297661,0.5125752231479893,0.09770110216471434,0.8888209253736631,0.4535263639086747,0.7163310669318013,0.10440978448453732,0.7145899833422461,1
0.05092850452619396,0.7088518342742419,0.21619493979514343,0.9723948571544848,0.19541847918758676,0.22021383743258305,0.30693184354365466,0.2152856515311473,0.6171932025782022,0.8698226324852177,1
0.08580480112728411,0.8071668819270365,0.8211556964042109,0.2909522659065291,0.1345156425911255,0.35111209955932593,0.8025048656295868,0.9854842269895094,0.7539717904850094,0.08496878144850314,3
0.7352833704888643,0.4394223924744621,0.6299472603894849,0.2608007204590579,0.14644032470923932,0.5358968624374935,0.9505209038053327,0.4091747769773454,0.7551528900180604,0.898669504302029,2
0.015783703672887228,0.26864021892259826,0.24289793433402626,0.6239957344521893,0.8765836062951253,0.29982062768234874,0.5310365716290577,0.8490285012646683,0.6167947934747119,0.18429437394570738,3
0.470982937658467,0.5372000856116287,0.21910375953331002,0.6429138363931896,0.784791435256926,0.9305930860559305,0.031522930764648,0.650005354349545,0.9875728460298515,0.15392082842424307,0
0.15845234848809545,0.8142551522204381,0.925802710663258,0.634254140262185,0.4880082161554071,0.9218561205929897,0.30558574145373063,0.8789594933840379,-0.021395279448519346,0.1431935466032511,3
0.4899000509790961,0.05506444676230756,0.31983879553798217,0.34800545473678823,0.21097653990268558,0.5719285193427748,0.4567716675063633,0.9812664372014636,0.37755486120066567,0.07466364351607283,3
0.17796338454579325,0.2353265184743598,0.26200169255391664,0.7199243594645709,0.919844047179148,0.2190253652878218,0.40569975464661295,0.788142255860675,0.5963568223319172,0.3004449130779465,3
0.32414940477702686,0.9541974440349953,0.9831458096702468,0.6694677919229244,0.8129547484774289,0.8164964633158395,1.0043696947938756,0.612669242270842,0.7990458569668342,0.7573774309428146,2
0.20588145932599625,0.5558497359634318,0.08767993276515228,0.22245051459462065,0.08434499709727987,0.5590868427303785,0.6576045905862793,0.14582061585992492,0.9716196765501461,-0.01260179200773217,1
1.1140145380495732,0.7756561824654223,0.5877216012785166,0.1354621207167841,0.4640680083036799,0.9103070038809982,0.5480270784228785,0.5725114689688887,0.27713895572208647,0.12236445931801515,1
0.29779437136525155,0.16795316382214223,0.6678988196288795,0.9230697998468343,0.7235246810641738,0.8713686661669274,0.5333476841721392,0.24500510828024796,0.5173398124679199,0.7490188855212756,3
0.40917501894104985,0.6134983909759305,0.247384832002728,0.5782556511503621,0.6881614303465253,0.8869956627035178,0.09111035886093453,0.7033869749275825,0.8785635514947211,0.2624372302818615,0
0.8587047661142155,0.22859489739786681,-0.048101525336641096,0.6914776237208443,0.34677387503156915,0.9189607831257098,0.9208895186012257,0.44427884733011797,0.5374912611563348,0.7696883813197556,1
0.6764771333173056,0.6975116354190779,0.7041281227730666,0.38570129905937867,0.07265648786904488,0.2522017376591954,0.2568575615270234,0.20474606427664105,-0.7160458743865887,0.09299727960053975,3
0.8166216949008777,0.2749004271915172,1.1399264113489376,0.48697061299375494,0.4298739363785761,0.5245368638489893,0.02196749694759853,0.7568756450017686,0.9296114093939079,0.6617264919694859,1
0.3771034179875751,0.9244284672268688,0.3408943970191189,0.5136122329746565,0.1830740716091609,0.2028668870753601,0.04165681663391596,0.3976940895658637,0.9139158898746635,0.9453222574450079,0
0.0328063564253579,0.6496298841972934,0.41072014507236393,0.3833994717533006,1.0139130486249415,0.5643096751837706,0.8794764291228218,0.4404483167425697,0.4091319472150785,0.6709540480815317,2
0.7128376905277273,0.6966543418956773,0.9341865128045667,0.3462446501727023,0.5552461889766721,0.835999752330326,0.7773283454696821,1.0631137602597451,0.058892164561000326,0.28792812280171004,1
0.08230830695211407,0.4370324426193547,0.2604881548701711,0.34669328752767015,0.8104792688877219,0.721730491655717,0.33519308292791417,0.7046137141726213,0.8685465675842816,0.43216019068622213,2
0.3645153903256808,0.5068008535941516,0.5199226524696059,0.5878054922500708,0.4543245117688147,0.5552841596863503,0.1605394954425402,0.06832435561271943,-0.04232530731224243,0.1120979219107047,1
0.7904118973131394,0.744857883942395,0.8036336067721738,0.5910008720204334,0.652377501129881,0.82002852828704,0.16766638699331227,0.8111473652682979,0.603640505745326,0.4388671731751685,0
0.4511388449851541,0.660680194292496,0.7095527529910858,0.8547747593814408,0.6437404212579355,0.5602842978092556,0.5141191136762826,0.44690013622994695,0.13913850534633443,0.02620460931467109,1
1.3632299886260544,0.29583221757125333,1.045079537845489,1.0502164397894789,0.11600435922153873,0.5989373120918647,0.9130937161164128,1.2126945008197527,0.1843958977650929,0.3001898646231655,0
0.7254998632970625,1.0108455904983324,0.7247771028697714,-0.14782989842007832,0.07789243604417578,0.08733879282896641,0.6990941133614428,1.3855885177521607,0.6723709778362363,0.4686491542001973,1
0.45145063142525166,0.1335273575204978,0.4739961189529732,0.19825385745762517,0.45361668386587983,0.6602027497615062,0.4873584086901462,0.1897225674527512,0.7709459282070726,0.580215217339506,0
0.031198552633416005,0.5692352135293872,0.3463201774067995,0.14067902992664366,0.9826800778623039,0.49899905783720755,0.9975945113655114,0.3317533850190402,0.2335016743464673,0.6474463539408156,2
1.0731062433203433,0.2589261627102397,0.9607502488081979,0.16265540823575447,0.8961231180523693,0.26075334229476677,0.8882794469352149,1.0357001248154645,0.6714680839887833,0.6844249691723441,0
0.8122606621871905,0.6518240773984583,0.47133605390991906,-0.020161287375477094,0.5836131469789898,-0.012442383819840839,0.8392742678863041,0.9991682370829629,0.8369122136894126,0.753696532224961,1
0.41146526358364727,0.19982175478963063,0.29839207517516175,0.7371535438661029,0.2551208931786857,0.3043885086262738,0.9690836427738482,0.03785742741303003,0.809110065070893,0.20102528979116172,3
1.0081559138117397,0.7553698423218148,0.5464219799302432,0.3038231231155809,0.4425464180941511,1.115271645268424,0.5089742222026207,0.6823332807746545,0.30884408432895405,0.16136258504566187,1
0.8639563862014684,0.7974606065487434,0.8552253853514546,0.6627891243877813,0.5812977996954061,0.8157807395306159,0.12645181398752994,0.7733648371479894,0.6585651147021317,0.4742750950822312,0
-0.038713300080747394,0.01988319533483339,0.6316609680389522,0.28679774182086043,-0.017228688747015518,0.32207738104973904,0.6300047533321194,0.1120886470821611,0.6832740064564345,0.7665719091505679,0
1.0457525951900504,0.17914900640492823,0.37289561494924106,1.1296599915973426,0.9606580630362588,0.5031900913316989,1.1936089289685183,0.9281310164937323,1.160770044353866,0.47922998148989077,0
0.7996186763735506,0.5853932393670737,0.37097022930732904,-0.04502711902825504,0.4586207687875332,0.7857035845759611,0.7983858146567907,0.7548119382690888,0.28086775615750426,0.23327350203697225,1
0.9491592855573586,0.41280988650839445,1.1903047539949942,0.650929612481763,0.6942320639052558,0.1072434744574956,0.917210898123384,0.8989246709729052,1.174129270782249,1.3267581251833593,2
0.1081675561790239,0.20336565537779275,0.2677174141993939,0.7256525969008053,0.8904942767079301,0.24484952063260584,0.4645733820732901,0.8455356235798122,0.6146999751892757,0.2813561494008165,3
0.35861166899401753,1.2691387847416116,1.4884306767375937,0.7503104399312873,1.1229605491311883,0.6332225674350971,0.9743767862047609,0.6189489216801867,0.6829210981765598,1.281300304204057,2
0.7834238582484576,0.4033443816251404,0.8798477050669007,0.5952587513802886,0.7332053503746483,0.29841136623518477,0.6277531366832161,1.0728304083532505,0.9918052475299887,0.4190505345765189,0
0.5755753116008511,0.5312224384151564,0.014640554692864322,0.7295242517685637,1.0346101014860412,0.6779465663122838,0.06402032947301575,0.4795706235829217,0.7800002334723499,0.19102243085776732,0
0.13798000529557966,0.8498867153616442,0.2943726396545947,0.2783703151647613,0.5221916056176525,0.6405174240147421,0.6312357671953879,-0.07106326832689529,1.0283985262126125,0.20293688483075512,0
0.13055256609205348,0.3237428485708216,0.4529897214013184,0.3931083033174917,1.0243484253516175,0.6891090739342982,0.1643384280818062,0.9846082519249956,0.958711430639122,0.46023834914015316,2
0.9022580839211868,0.3881856961313474,0.7937420796676171,0.5481632254006286,0.7455048307142237,0.2560457888623666,0.6663173011322473,0.9939244701322967,0.9295612340990781,0.49307554638939144,0
0.23828280530107643,0.9185756374006859,1.0763806451643807,0.6384405192027278,0.8015699463713847,0.8808186426924741,0.9076125853343515,0.5561347363434569,0.8278337856135215,0.9106021055817719,2
1.0759365571312791,0.7922769543516923,0.38514728582771396,-0.1452010257345991,0.5189941466945172,0.26251053064299007,0.5518168960486587,0.7356713009732001,0.7384196211420097,0.9381032687074431,1
0.5399191361991097,0.8210685452602468,0.5279786218847254,0.36071528002879355,0.43039301611060476,0.8031517179978405,0.15953291710292727,0.8153791954030871,0.33684794151962144,0.3852484324156526,2
0.18752588972385384,0.6690763423767067,0.24946745039743085,0.14879803186056328,0.27336246105676043,0.5620011138067651,0.9206421237037511,0.10271847167114753,1.0129068054359684,0.25162993027763647,1
-0.08928064541641206,0.7645733148576093,0.3130254826517078,1.0369049856981083,-0.12124450352518851,0.5212972514869023,0.08938834752984895,0.13822829438524825,0.352820998695129,1.1173937909207234,1
0.9591166086399308,0.3975472647875824,1.042896428918769,0.1403268450379121,0.796668577097182,0.3186408870312344,0.6486197430593434,0.8118497989033207,0.680655266113804,0.4220488135580841,0
0.4945775265747821,0.6045153660213052,0.8726905830392263,0.9085827157053079,0.206649905406595,0.20578273191135887,0.248205407526939,0.6227020798110002,0.09239992038224691,0.2380180858288814,3
0.027233304926090298,0.2638141394165047,0.33431431253004146,0.2413589343473829,0.9414560282669557,0.5955211923341889,0.19555944420517427,0.859330337458385,0.8051461842313341,0.5760078740722916,2
-0.1646095467773918,0.2924265406513037,0.0023544603680166754,0.0983905093354297,0.708477486379943,0.3586750176472725,1.0725079120535082,0.1394948260109908,0.4478640027013798,0.8600366422631471,2
0.531674325106437,0.8031826017444171,0.533957624719284,0.3592161441467529,0.4378757507365351,0.7889869819962282,0.164129017699526,0.8158411830008689,0.3503863546911965,0.38773705799215313,2
0.11302943755583801,0.4789909130039899,0.3247029879847816,0.9597034644537131,0.5635536284381129,0.768480722013898,0.34008211317669357,0.08816659253287097,0.21629758549260816,0.09112355868855082,1
0.9005202522888351,0.3017747038970633,1.0324160241413969,0.41661002898743604,-0.04469763156869033,0.40401407191915,0.723571528188061,0.6177094340863426,0.30581310152283714,0.11466873529305051,0
0.24526898254013912,0.24863123356195596,0.8430867181438977,0.17946325801159674,0.8187241223131095,0.030252011623932568,0.7544480564983604,0.16014823180961577,0.2556329248961661,0.7326346239611685,0
0.249883881288458,1.2573198652518216,1.2677509762645873,0.9428599852606211,0.3510569363755464,0.0025514338049720253,0.16016977544397853,0.8328176918735071,0.35317335799690464,-0.020448801831403615,1
0.08473415319972083,0.8056107506028231,0.5120904190922656,1.026789262550953,0.4517548011726243,0.17965007294436278,0.9562849432771774,0.16911007473981576,0.3400591909549682,0.7043556721315013,0
0.6908247623189735,0.41354793404457263,0.28063297449473623,0.28470482539871245,0.034768017116631716,-0.03964579400335952,0.5505747338485999,0.9650839948858719,0.7705494468499094,0.3524076498779948,2
-0.4596886428180835,0.8571866232488186,0.6804757997050536,0.4234921044115181,0.7271180521766138,0.7757758194967616,1.0191195299720477,0.2599284924017522,0.31917440615360526,0.8967028634086992,2
0.2796152483506089,0.7995689317966587,0.4665572185991611,0.9055435842024612,0.5379689183625617,0.12065980371300498,1.0518018138414045,0.0838764201284942,0.5997426746728551,0.8174326229808889,0
-0.020235384862617445,0.40963447172354,-0.012269374373932052,0.14012250434743523,0.8036296897261818,0.9399649582000013,0.0553591915878906,-0.4161676997167231,1.1531150361424496,0.32571763356732086,0
-0.008356969023191566,0.5933989178703539,0.14884466418592998,0.9234684346692836,0.015894419974897284,0.3917652287384431,0.23145131072252928,0.2131518917572951,0.4802362863816878,0.8808608875981119,1
0.5501100155568242,0.2773357270331877,0.0671345366508532,0.9720375161626031,0.40804870428433954,0.7963688045655092,0.9859095532584691,0.6504084993480455,0.5303735877465755,-0.0018759336074706222,1
-0.19960041553361924,0.16004843963381674,0.3301254160345548,-0.0343637731369239,0.884588903984483,0.6288620250354728,0.5005862871383906,0.5987494657631169,0.9719528479618991,0.2500036056683073,2
0.4850016994023329,0.7449879938108906,0.9000996217657297,0.8252133757864961,0.6349666824935192,0.45985811385552966,0.5360324876435161,0.30085769753674596,0.22161258506178946,0.10454345671411605,1
0.20204357083079555,0.966882722846572,0.492855960817943,0.6876110165571816,0.8287595794755332,0.32638704645849304,0.7889856412630311,1.190110577731963,0.4121197732269713,0.2956880971254369,2
0.8287442222028993,-0.11890477049545661,-0.053824650868656454,0.4901521914138187,0.10533317714549115,0.3060021927560709,0.5874384721186574,0.5236605953432547,0.44144091704487337,0.17554524287992232,3
0.004728201112006607,0.1036130412735781,0.630451186265673,0.26718609666485427,0.03201622367134956,0.21804398789501309,0.5726667175168518,0.23340353323079174,0.6832133058834166,0.7724283352081978,0
0.5335448047240331,0.8047987858259457,0.5331905915911334,0.3598083680814384,0.4398393925358991,0.7879466174573614,0.16277490591468952,0.8153814310300112,0.349646643934722,0.3890034617033372,2
0.8150634091225923,0.17727763831973495,0.6146949045860823,0.09827562048511927,0.5309578755053083,0.40344475526261564,0.22627921286038055,0.9461560504558308,0.9176623866472322,0.8194392802396921,2
0.16717844089609327,0.20259326052381846,0.8277735353538014,0.19282816408378312,0.7613796026564478,0.07931044096993628,0.7662562959286422,0.0760515128497613,0.28054203315142584,0.7551838576511078,0
0.4398691254654828,0.19561555804399272,0.24012527839535477,0.6806224139502582,0.25382690617303916,0.3303104535810786,1.0115292922802064,0.014319209227722677,0.8610672332423216,0.15760311844015065,3
0.9133847983180554,0.2742464462232006,0.9482338304822397,0.4752284574082829,0.5451148535327714,0.6578726913952256,0.20537838913656584,0.7031620532988538,0.831595146887999,0.8243650790034079,1
0.899170181148465,0.6197288015481806,1.0571401605996544,0.4338042119520351,0.6565009861552804,0.08784402885196785,0.5033753358056452,0.807427313815784,0.5581727823408942,0.3487859001578534,0
0.6951250610297899,0.2445712327208936,0.23199550199740232,0.08156871839058241,0.8201633944961605,0.31105806659998325,0.8760515256179424,1.178222544980584,0.7649982951943618,0.24109177704606805,0
0.26850420666411,0.8984772046799044,1.0207905749920598,0.5099979276481992,0.8267232347434086,0.88319021437183,1.0425084322283178,0.45671627201238985,0.7209465858112045,0.8384358824781075,2
0.7940873250049221,0.44213706599678576,0.6285816271781303,0.11429134520529045,0.660821401055115,0.8537573547282218,0.5933642966469375,1.088143653583411,0.14396791925718033,0.1796256366599337,1
0.4205296956408659,0.21236507734377164,0.27714388740271584,0.7560371151878215,0.24734960733065167,0.3176894255276973,0.970931755766694,0.04315004844843026,0.8044587557063444,0.19576518616845437,3
0.24761367460845307,1.3740495607393146,0.04517559495983359,-0.4567098246593233,-0.008982514707682313,1.2220886036018275,1.33621542857232,0.18967399778367589,0.35696660379219425,0.9231681396046283,3
0.5721597043090795,0.7459626284135282,0.8385714401158562,0.9418444614046431,0.6140018717820046,0.3966383508913929,0.4122437196331369,0.37121199803979493,0.21143726724899722,-0.005554791248026561,1
1.24143555141369,0.7542877532116372,0.17515955828946606,1.0841701949191007,0.7652084347290248,0.31754938373544206,0.2696531401983375,0.9722455595198889,0.968001956895438,-0.2899184920281088,0
0.12703123601040792,0.18001348688889435,0.2818978931385391,0.7343271777252278,0.8701129813326911,0.2613830519363558,0.43682761510645185,0.8279753090127734,0.6465693115022533,0.28454057480791894,3
0.16423313054388902,1.0095155940427354,0.35457681058335067,1.0328388193881217,0.6270021068607927,0.16313844951992104,1.0208468477160149,0.007610000704166321,0.29865808196495036,0.798206811899281,0
0.2926716194991603,0.5419284722649358,0.195365428011832,0.571863847076173,0.5410758486575321,0.5777094438701829,0.8438332703780951,0.1311525827380427,0.9396118301136654,0.36035043500207287,0
0.060695412568233534,0.24455401706352883,0.3039903519885374,0.6773044897399624,0.8500417748274538,0.3149746396520205,0.4461068371965881,0.8824029285604956,0.6081313403026618,0.2809843160902329,3
1.0201807076497653,0.5409662885851713,0.7864029149849138,-0.008149432286374714,0.3116220064099202,0.6926737930203837,0.7511237956462851,0.8372075335570378,0.15850112928932727,0.1516126995626298,1
0.9073018410902342,0.513380922142271,0.30228521312563106,1.047757833538276,0.600173457736659,0.4332079658997944,1.193222630455657,0.7325175967705544,0.9198020580665814,0.4775158355565794,0
0.10885060136836368,0.8504862407536322,0.8207161098829168,0.8122874843479813,0.528800209549213,0.7763416527486553,0.15072311840480265,0.838264865073348,0.5775640383755832,0.6106570642444212,3
0.4461689253442023,0.7205811445819178,0.23469099487496956,0.9036220109483543,0.6370495688939127,0.17297555705925588,1.1250855957493298,-0.17720019613990134,0.19879865008166925,0.494459465895171,0
1.0881860956325968,0.513482913130904,1.1779996000033743,0.8298731222650273,0.387000022900626,0.024956412686336693,0.4043146763085569,0.5203598210924719,0.24784585714157106,-0.39567019671147374,0
0.9821212596318154,0.7121631436166923,0.7478508637454089,0.5056808963314476,0.7308878069274151,0.6784407470641182,0.1962018218989334,0.6916874319020868,0.5475493343736496,0.602886650074687,0
0.7970706448471012,0.7829582054188774,0.6238674817522528,-0.05067325719367362,0.5323895183546612,-0.07228337797443456,0.6143843234586062,1.1707273648920644,0.8014492265998108,0.6590571109709876,1
0.5504722546404968,0.5541020089254787,1.1014334740078324,1.1267649478203083,-0.030206134727792017,0.4639759902122491,0.03221676877127447,0.7556709477410692,0.2214789650749936,0.12660543229463872,3
1.2240401681001611,0.3342352236563415,0.3629042382853035,1.498453139439571,0.8239756877314707,0.9615180371258126,1.4235201396880555,0.1511082961863488,0.4594963005038175,0.03752032399438199,0
0.7184762767558551,0.29110098645182303,0.4753003832667053,0.35094250574852054,0.2107454107849903,0.20061944983310936,0.1456833299480213,0.7893280652578801,0.5959890915814368,0.6542694261602068,2
0.8016378154832882,0.22803185803701548,0.8856641085979359,0.44061060865788115,0.6556612786325069,0.7170474997086176,0.292977693570608,0.7611052723846068,0.8426736236115412,0.8356875410953505,1
0.8629864333215819,0.171316821946588,0.6829600969962962,0.11053329682317506,0.5706148982276847,0.35099445743566116,0.17749452968537427,0.8903756113279453,0.9698015045114854,0.8366067270311989,2
0.8459177450397075,0.1502007086708858,0.6425674463944254,0.0882301197841954,0.5301680362912433,0.3900853242180685,0.2065575584598208,0.9304256275255792,0.9353325942023004,0.819963550964366,2
0.978805941409296,0.3378822012692067,0.9081018056886696,0.2794662713895571,1.0674564562985625,0.41109216047091307,0.832243869333856,0.9542696078986181,0.6027112120966556,0.6313335324739942,0
0.40272709348107494,0.07827589182094839,0.6317916621810316,0.2581841606760753,0.9878778690781079,-0.03614376409913766,0.5834917978347873,0.8244436959849611,0.812950061767719,0.09986735616729489,0
0.6987283019911954,0.6987634056061955,0.8680423629468311,0.6018546163436506,0.6608708740055272,0.8766120521660757,0.08597213862450212,0.7843952662466129,0.794964149849737,0.38066955958102855,0
0.4191718632160207,0.4464192860245767,0.07417037464434947,0.6182068268406717,0.5958377489768641,0.8131134056572195,-0.02014786972865544,0.45972636260390276,0.9701034765590706,0.2935433119431738,0
0.10718910582863535,0.8562828804952677,0.8162176347958331,0.8120513604402898,0.533551553812059,0.7815480985144417,0.1526254406884311,0.8372141143622527,0.5754907556304226,0.6056871299365681,3
0.5275394430554147,0.8047630633368099,0.5392679990631696,0.36435403906609,0.42928097347714766,0.791407764405409,0.17149383492358533,0.8133621252163643,0.3565348272889194,0.3813944625379639,2
0.15230548176142233,0.2859499613575125,0.2089994976757485,0.31510453725756615,0.33172082296599276,0.7535824163332084,0.39580941487384746,-0.017290272005583238,0.7801482242878847,0.7504183561976114,2
0.9278270559753536,0.3740025606772671,0.8379593428720813,0.1847382734840929,0.9963613084738137,0.38278918193987327,0.7520780671330028,0.907775919011915,0.7037824718617195,0.591263157245673,0
0.10339115146339528,-0.05614154021420799,1.0109317580814707,0.18372018750732821,1.1557168650117353,0.07627045439626429,0.19056515126514706,0.6337082666415264,1.073416270970179,0.13104844905558485,0
0.4114036275395551,0.21274367494083435,0.3209005176056733,0.7519003234691639,0.2518524039843104,0.2920068137912144,0.9631881161316126,0.016707312731716623,0.8210908156049185,0.21997687601186844,3
0.1611118641080077,0.317619423273812,0.38530675818103866,0.2994979416398299,0.9019429414052725,0.46894760813588754,0.21529652487844556,0.8794076013838438,0.8891109122693481,0.5452700111242019,2
0.5733656272673435,0.2824474298723188,0.052733916265803225,1.0056682900530662,0.4539772497154224,0.7543706223553737,0.9817058199178376,0.6841594708665784,0.4811515060732104,0.05189090312195135,1
0.9002263149889763,0.3970396960638892,0.8255745126878732,0.15818067535941777,1.0041174366697796,0.4242308780508792,0.743800398912638,0.8602032904506945,0.6802905209697097,0.5668256917519453,0
0.8082370736511079,0.13996258619660318,0.6825889390185533,0.3590275924723937,-0.012779242051413703,-0.08108900817712306,0.15180702649919559,1.1019748900282171,0.3451503932275909,0.5817661489920005,2
0.7336108819248747,0.6870060611191899,0.47101054477765386,0.07812835497426798,0.5965937658049897,0.009922665054465096,0.8764588149034207,0.9509231569332963,0.7301796702345522,0.8124974298806998,1
0.8914379499474551,0.34097327451523163,0.4240542452433847,1.0203286212372105,0.5964754864169992,0.4340765846907826,1.1802914045598671,0.5292684968279474,0.8827892843296568,0.5477941659585972,0
1.5228120240088772,-0.4377354726424845,1.0646053055232108,1.0514213573750437,0.6953582701254551,1.3386018900917824,0.8335248478074068,1.108607097721471,-0.4031856297654254,0.8125884407315631,0
-0.155871597650487,0.199931676616787,0.4703552796637538,0.4827187009729489,0.8290519351796684,0.648370303040269,0.17398657096451225,0.7531723603722087,0.9399677109750996,0.5254578346509062,2
0.4768438751376235,0.5141060686074641,0.27118265613911047,0.5974169841491817,0.8280608504639497,0.9357261266262448,0.05112911690186665,0.6981682148456017,0.9231225412614258,0.11777557050217051,0
0.11179502442001181,0.8561106251183422,0.8205091239173976,0.8107668748023175,0.5343145190609264,0.780409598515459,0.15636772014641437,0.8355297584799427,0.5797781819759156,0.6071481523367345,3
0.6117607458724956,0.5063403916182795,0.30988467760718963,0.47099799515895513,0.8381265122276684,0.8816718657706121,-0.11995346212364641,0.8508403560658508,1.0551645136440067,0.20765161602300938,0
0.8803847832517018,0.5613817148358184,0.5603973393128284,0.16179147368658076,0.5648245020262013,-0.07464772730836734,0.8314368001344739,0.9063544435018318,0.908490426966342,0.780736707310416,1
0.4265612513225398,0.1747902199914763,0.774140780713623,0.9572262040843263,0.2686456008490483,0.6961506505681483,0.2715615486276085,0.1899586046943011,0.5975788682672688,0.43320711128889045,0
0.48842190568692523,-0.06899751847746087,0.7368177053516118,0.6317499058216668,0.5597989234828368,0.7338359317081614,-0.08086858772882563,0.6698180388710872,0.5223710921436703,0.7919386989085418,0
0.10500407058588349,0.20914191286106135,0.28847489164182594,0.7154672036967414,0.8671319985928189,0.25280261147306465,0.4487494595793289,0.8391816589364351,0.6626254078193823,0.30187766598604404,3
0.21062993616649184,0.9928323721291048,1.0267450419667672,0.4205211595910341,0.8315138417629575,0.8261074226241524,1.0332070643910463,0.4375720521594608,0.6205213572730217,0.7092352584818221,2
0.8370801649815929,0.2559908795034021,0.3119082933257168,0.9193818434913567,0.8164281183066525,0.5161146146220954,1.2735236602588051,0.4507279034391536,0.9224859157264113,0.5975203452726691,0
0.475364222205491,0.01867687579472778,0.9503076588942014,0.8812110955700481,0.4038075798567895,0.8287802207278959,0.13780823703986378,0.03231857498069465,0.5919707599682362,0.6485283287455192,0
0.08918495538283645,0.469305431416669,0.3015399326034651,0.9424897565873591,0.6168698144405881,0.7921007326622982,0.3520622829041248,0.08149759635183784,0.15362218214438006,0.05700699936364,1
0.00429450606929746,0.6338107498488796,0.5049740405988116,0.6462590695264195,0.24096711176544033,1.118593773145401,0.8772136591017627,-0.2885778272536488,1.1358385385077114,-0.028057809187417487,0
0.7473948293137898,0.8224473803690826,0.9714011052756102,0.06520671215694923,0.8744547906941044,0.9751788612798399,0.2763145620229142,0.5525883624805847,0.2641544795245778,0.6027445890884089,1
0.7845679510760185,0.551491708665605,0.5026202213751525,0.37120436443408755,0.25408329623583265,0.4325201437454198,0.8600415179943874,0.5045095874846669,0.6914170214952636,1.0088331793915124,2
0.8593479115976512,0.15142068511106063,0.6449272081725085,0.10673160816972353,0.5152937215937784,0.39086495624080897,0.21964347990996308,0.9358797403009366,0.9173827976422293,0.8102794151590811,2
0.5273860621599599,0.8098487123150785,0.531362180978261,0.3568522139685146,0.4362469918987374,0.7858892955789318,0.15939640183522777,0.8209294268573121,0.3505119651251256,0.38262562841548287,2
-0.036095468521079685,0.6052722546384176,0.32127628816660586,0.14234058387365323,0.6780961839002015,0.5193973868332045,-0.09533576757982237,0.9422997190680668,0.8834879705633262,0.3860972490058667,2
0.22353756667249913,0.16045949957845063,0.1616947199696887,0.11459601287010701,0.3520919895246998,0.6039863255199531,0.3928788863156466,0.011425568972845537,0.6525296625840281,0.9266501107913627,2
0.8099642796634489,0.7638922282230812,0.994521841215562,0.7024910279378552,0.7229734533328361,0.6914842379400082,0.11765766263140032,0.8523106042948166,0.7468904142231361,0.37575620334491777,0
0.2874838215270141,0.8042056594492072,0.3751705875907061,0.8125557754449301,0.9094313170325682,0.24784720289118445,0.9217212209530544,0.982527572893422,0.27079105349133586,0.3377834786249855,2
0.5064630941886343,0.16363790322718996,0.8111147443601324,0.4024584195396207,0.8412396946024042,0.02290372249275232,0.7562194960996005,0.7222196550008733,0.9308446989221335,0.03773778774951621,0
0.05635741750534714,0.2882829246085839,0.3426524388141845,0.2710019979786698,0.9683268572430126,0.5689046241062776,0.22417636876849065,0.8693881950148685,0.8285172215810233,0.5608660378258502,2
0.726341646181583,0.70037761580551,0.48164677617697943,0.15247554498482024,0.6123790500747908,-0.14065488564432355,0.7780405572360325,0.9331605159397354,0.7620773884831009,0.7445062687061127,1
0.5375172061322502,0.28471788215695937,0.07172103232687763,0.9711136680750012,0.4154780590163495,0.7833453930790203,0.996292369876338,0.663266489055606,0.4989056378303607,0.0018753936893722341,1
0.43392611896246525,0.4981165478104139,0.22897247469936635,0.6654812726814543,0.770220727474914,0.9699590407893681,0.06388645915472557,0.6938490037244341,1.0501226312764123,0.17953146345468007,0
0.8631207919167516,0.3818465824518062,0.8002819673019382,0.5642247532750975,0.7166998761737056,0.2809338093680767,0.7364505650554289,0.9842445340773078,0.9904728785279694,0.522883285777855,0
0.8227149902512466,0.2664467274796434,0.9379676491049279,0.27631073599351613,1.00895607819365,0.46459915779649325,0.7595082661811072,0.9382338279617001,0.6180420704172193,0.5541558508875338,0
-0.016635320836167422,0.870436284353683,0.8019579423456394,0.3779983861401517,-0.041938780773800574,0.2565036352826451,0.6758187515034737,0.8637642237663323,0.6158731096312049,-0.01665427750504969,3
0.10681305842417987,0.4586976066984348,0.31060236086739984,0.9522067287737652,0.610139401992285,0.7890622040847532,0.3492383617127983,0.08499273927434398,0.16461070334559105,0.069444406562619,1
0.6984537042015142,0.3413261104359168,-0.09232873336861948,0.6570321870317299,0.4806024906626538,1.0085227638465954,1.005563171556504,0.3277438106523034,0.49287242442461676,0.5034913865317919,1
0.7876683855468183,0.6220896219774428,0.49711804036323354,0.038753197001283705,0.5062255182757384,0.04110520423235877,0.7993637262177006,0.9510121854052405,0.8099620357627049,0.771985024244649,1
0.365580889925636,0.9284303977819934,0.9283811787709154,0.4631034119630599,0.1599960654319732,0.13274026184738297,0.5018119383890209,0.15367503574592528,0.47572085192263697,1.5409447098629718,2
0.16405644457863344,0.2363575605618582,0.8257332398390915,0.2105406052187622,0.7721140894920783,0.08441156637017737,0.7990255813790543,0.06949155865854637,0.30652438709711644,0.7931068848408351,0
0.9502548681072852,0.7624910738381473,0.44903188400069904,0.40048855978279363,0.8158192390356858,0.9662659124484018,1.1248073625790997,0.7526098091673881,0.5728593708463667,0.45189638525727144,1
0.8613971438295859,0.39398787508006483,0.809250919628057,0.5569397112126602,0.719588219651034,0.2809401583713156,0.7213005668569238,0.9861134839856045,0.9927085265576981,0.5247273087634022,0
-0.12807059796436016,0.35896722479438414,0.8762142247508106,0.2834285025026258,0.45371915513213235,1.007796825810778,0.5236919073751694,-0.040567932662035705,0.6030619821087553,0.5413373436766695,3
0.8344688157194688,0.6536161495918482,0.5394202123730568,-0.05638455765950548,0.586400777440226,0.9824151411097162,0.8185249800916956,0.7292065856476044,0.3664302593757403,0.21258642632537367,1
1.2608510039720584,-0.5571401970456091,1.9010064384554162,1.2386298892385397,0.6871531486220458,1.6938476917205842,-0.497202811498477,1.8215221759546676,0.7855476472644576,-1.5763783177927726,1
0.9529089194061511,0.2583432152375203,0.988056339753769,0.4508250032115896,0.5396475355149646,0.6061822797831697,0.19990435456357558,0.6708216065050825,0.82153591592029,0.8976426700700484,1
0.12825362808889515,0.12602904538210385,0.30185849095566386,0.6847664115908899,0.8672768116109228,0.17900968998970307,0.4416140278920359,0.7766154281326993,0.6858709135270838,0.24334158791903207,3
0.5324525930872133,0.8059695682412674,0.541241221789498,0.36649209832598556,0.44005953508380485,0.7967427452400118,0.16974143802267555,0.8156355812654007,0.34952105549253837,0.3849337317439363,2
0.5011101689719571,0.053415310763491715,0.9830108946721036,0.857543040368503,0.41749488882870966,0.7691163796340439,0.24694869497908,0.07304854368855364,0.5673707688095808,0.6577910448317015,0
0.48889896560829793,0.8291967058602,0.733581402474419,0.725867340248715,0.278030795803088,0.2733327257246152,0.14163125166732463,0.8227690635644564,0.1625640479437201,0.14845994555863956,3
0.608155058749603,0.4033367766561462,0.8615386801370271,0.6840535831425099,-0.2828636745605588,0.03309889505842961,1.2557189885706577,0.4083003426896749,-0.19304980215256173,0.40705083730116665,0
0.8798295447497977,0.3176652366681377,1.030496185688501,0.44064366218258055,0.4984278275482414,0.6056932102946297,0.20566688770922592,0.7260389811460616,0.8257452184658106,0.8640238845122614,1
0.30656517489926244,0.8832341217352144,0.3803025776420815,0.8068377832787021,0.8348043787736633,0.27829791707320684,0.8816417274737822,0.9813376897162737,0.23992140679368212,0.3740697752671421,2
-0.04344192557349158,0.47857768343790774,-0.09554125309186076,0.4440563237409462,-0.07138068941401748,0.48093558417485865,0.780468706439662,0.07053425301486137,0.8516522418107257,-0.1162331747222202,1
0.311313385220714,0.30289973999956876,0.7758245477679389,0.5332696056580031,1.4308007187720726,0.0031333511103388283,0.707268869104179,1.3875231845695333,1.2472656213406343,0.1356611269913711,0
0.9046694833773221,0.5611740972676578,0.6959384449780576,1.0710937586138245,-0.011288939261621694,0.017821491048121113,0.1810808109861738,0.5203520480241247,-0.4151387951942792,0.6178979473203101,3
0.6699151381020692,-0.06923997912694418,-0.13829618378178576,0.41420646920520976,0.6152462023575445,0.26980920804577274,0.5354337500377186,1.4128592008063794,1.0261663853475207,0.23798360864140178,0
0.18570854928596411,-0.10728948088289691,0.39405909313447957,0.20429411011079024,1.0986146619377586,-0.012052045312524413,0.925252676408706,0.6992773519035627,0.9261363719775412,0.3645293144006707,0
0.2116445574122489,0.19546914981478683,1.1887530763384737,0.8953725159749649,0.37861647531095355,0.5352528261280333,0.19109394187243423,0.005594589337745523,0.6091654512130082,0.4389199241084455,0
0.9868641843208702,0.755889673300431,0.8737294385040735,0.5772043287925245,0.6753307160029636,0.9018279025148661,0.2040618086818422,0.6229470654813309,0.597038699808076,0.5089402211270501,0
0.037940446466601094,0.805522602277488,0.9211531024219768,0.24442197654367603,0.19412464914033997,0.25536832534145393,0.8172413012476668,0.8802971407840992,0.6826262832617408,0.027113160542275833,3
0.001240555580247901,0.11625477139591857,0.6138792364009571,0.25207265870584367,0.022081549997854902,0.20938052889442454,0.5736087877334757,0.24523263787881944,0.6971579671530156,0.7721352201453294,0
0.11003833493394743,0.8568785175145076,0.819177034444707,0.8093562312191177,0.5316613071402664,0.7798582196673617,0.15448787297600428,0.8351098834503462,0.5791741188655555,0.6059759572831449,3
0.9081302088072079,0.7462811961744311,0.8354948963791503,0.5426468482383663,0.7578940974997461,0.932464545844073,0.3314322794466279,0.5343311010136222,0.29398660703467,0.41512798386861716,3
0.6862681699606137,0.4275239869867642,1.0539158705231082,0.8171408136722281,0.43578697120795623,0.375626195263466,0.43053088799377015,0.15126267843183844,-0.2056105494717741,0.17404372208817662,3
0.4805851082834148,0.7341364465801511,0.7241564989045617,0.8494925675606237,0.5587480976392056,0.5485477300648955,0.34156132259489924,0.3079736449622501,0.10358799503891293,0.1450544622468719,1
0.1171130799644158,0.9045635116816584,0.6623958273245846,0.3081502298756055,0.10813054810108866,0.5207111711905805,0.5082965516326794,1.0430150023962732,0.7955739287531097,0.24179911514778013,3
0.7747299691441861,1.3517436452510814,0.9011038757806038,0.11058546394892979,1.1910008627967077,0.9223612984852874,1.8147003145969767,0.6205637983047724,0.5561711373462624,0.35853666756764624,2
0.6938966325074297,0.17236284434427598,0.127250430297219,0.8793656091850832,0.33335334083628954,1.061699423391292,0.937958520615889,0.5207702882264822,0.6284430797755209,0.6449376653807574,1
-0.004102292830569295,0.12152080020419463,0.6422933593782937,0.240541455030149,0.022995813892066917,0.21012957727277723,0.560849211020284,0.24745730587349274,0.6682660447622152,0.7765725435624363,0
0.9660300754303062,0.6551534675330227,0.4812828408800448,0.09808847514394341,0.46617296816517084,0.7875301997707725,0.673027853125348,0.5883590037749885,0.2581052991875532,0.07684035525836908,1
0.14500773633584232,0.9515167794120833,0.8969772566546614,0.2227059286359816,0.07294619429730002,0.3171234752561272,0.8847056989332739,1.0447373659345685,0.8186352434352945,0.03114971301033166,3
0.10015203162863553,0.6132478272808205,-0.07657273937287314,0.24116482270207357,0.18402947707191897,0.5143246733163842,0.6173533354658255,0.15767409588181588,1.0650059083178947,0.0863325603067936,1
0.2910108033183336,0.9205040333898242,0.40275462223087166,0.7544208815663026,0.8006004427624929,0.1745494669550397,0.9441788428379503,1.0714844246671638,0.1584558933546745,0.4258745416633296,2
1.2811504942323744,0.7932741901408236,0.5715081189803218,0.3177053160339826,0.9512011666668656,0.46813778797576383,0.5816782932744923,1.3235753803207306,0.6295055145921604,-0.08245463992927216,1
0.30875990600545955,0.13473773017772628,0.6524433827968023,0.8583903978876762,0.762246555898151,0.8671271132215755,0.558373486064818,0.22520310147142708,0.5244694817261332,0.744628958166613,3
0.5871100661238611,0.6805272292231029,0.8019450371976526,1.0389203012482429,0.7122412491978969,0.5278871941391615,0.5048303791353197,0.4373880329809717,0.25461872235333977,0.15806109960366127,1
0.6140201109359799,0.33415160642245667,0.09542853485135189,0.2957601991717712,0.983831701728666,0.3903962445023926,0.11904779146436305,0.4265667175532686,0.44765618041176025,0.5561143989358626,0
0.8986273404063936,0.2737752567901449,0.9481306998500105,0.4181264655268671,0.5199546875031013,0.6513258278533526,0.21791933176231634,0.6910439739194069,0.8485482150425457,0.8489577161589833,1
1.0793445471010035,0.6492301190083363,1.1760461783510499,0.5061167707730483,0.017791571983795954,0.13024807087876747,0.5825989216993687,0.781145443883188,0.578575850579292,0.24588140742683698,0
0.11850736685925997,0.4653475097556428,0.3065966172005805,0.9474408836167488,0.5964493625425911,0.7774234583455367,0.35062062870118005,0.07157514516521418,0.17067412974695836,0.05219881381775767,1
0.13537093461245298,0.8928676730112332,0.8921138947416388,0.5404394883310724,0.41855466514847095,0.9029558505980957,0.16507303784179866,0.9444925072662912,0.03690603154346668,0.24673505356046074,3
0.3495757032058866,1.0649055214409282,1.011723719899653,1.227549230254943,0.02585117292184025,-0.25512522893406314,0.37762007763462224,1.005800453392486,0.21699844479486946,-0.07070824149756089,3
0.8344488637127532,0.07326014046458315,0.9176179227760989,0.5200817572031069,0.45660242183642696,0.6762702605069143,0.1996676534165639,0.7839413215384192,0.9512609001076554,0.8194194999868547,1
0.28929378903439945,-0.5174700370840816,0.5350726558580569,1.134019719073076,0.5080164725599634,0.28764276904254826,1.6272861199929265,1.0068672804839038,0.56213755737626,0.1436100953683931,1
0.1024052246902019,0.8705737580729106,0.8136090301190702,0.8172578741324346,0.5296356076155915,0.7860846186557783,0.15256691313536644,0.826513541230811,0.5787938737088251,0.6039114048174767,3
0.31753830620324586,0.8624378151841331,0.6292169801581436,1.0528029721719745,0.5574634392762392,0.3026733191460034,0.891035728392642,-0.12180732749849826,0.3253031411079841,0.9619437747846009,0
0.13300469511314653,0.7631830496279844,0.48986325017182714,0.5477462110062824,0.20167476638326975,0.80707624183393,0.559672177352377,0.6788992986837974,0.14858961998260065,0.7863701288365771,1
0.8447668321745412,0.38871681863144425,0.8086483584751502,0.5710428686980356,0.6871932792758956,0.24704436347401956,0.7297328861009981,0.9787619559141331,0.9958420325854606,0.4900605160719565,0
0.18449629913343177,0.24434932637438328,0.3412055543409757,0.17232155116675757,0.46160949031968657,0.7836397582057374,0.2719430730017739,0.07447344726900812,0.7288685566007069,0.7430817269179234,2
-0.07328864965672831,0.9417629997302439,0.8218351340368661,0.33354606770750866,0.11714936487126004,0.4640568796018031,0.8074447627164613,1.0643484161087728,0.7395095348844157,0.12737668570511657,3
0.6672146002707737,0.17877944483308544,0.16495732513195963,0.6377500001519796,0.4202118336586128,0.8116067631753743,0.35288192293999754,0.8899518802993968,0.1243922470983716,-0.15777667861441813,3
0.8842050883957113,0.25241977646864094,0.8639509885779143,0.3985559885337801,0.4592450037966874,0.5706326696741565,0.11664628521658367,0.7440893447781343,0.8468933632432306,0.8612809071421036,1
0.3168448562352214,0.6433624172368375,1.4628082373053828,0.03950471669043698,1.1377419805040412,0.8596369778401278,0.8267777523324655,-0.0022106635446470513,0.7621588170745021,0.5531722405118877,2
0.827017814724289,0.8284256602460652,0.8575205298540245,0.6274164716197764,0.58037358560234,0.8000101350005127,0.09697979668741052,0.752121686061435,0.7013513371154001,0.5130253403821784,0
0.8626975760985334,0.40867766203926353,0.7898465845662587,0.5852258626127192,0.7144748797263093,0.29581458436985,0.7438965159333789,0.9702043641532235,1.0184839354696782,0.5395173068559143,0
-0.03478696802213138,0.24279206703273545,0.3760941285707501,0.33328768060969716,1.037270756758312,0.5823099172934535,0.2740336742296741,0.8004164146904107,0.8036626086691465,0.6297668637363584,2
0.1774311388442653,0.8727399254185749,0.026690355910317543,0.2515356202568075,0.6219868183774561,0.7281091037948396,0.8333624144764851,0.11044169727957759,0.7943237336898005,0.4433861287211591,0
0.3122653611364231,0.12041864032024135,0.621770317217022,0.8569982459283129,0.7852484064642411,0.8351602266811834,0.5706977677622388,0.23255698007332637,0.5545391794631562,0.7202564419266261,3
0.9961259817077324,0.7538687611399726,0.956849717614886,0.46128867386279376,0.5486699068160032,0.958442579200903,0.21236246675140613,0.6487899468823136,0.6235273752249266,0.4324941064625619,0
-0.2324280346557221,0.6500058689231198,0.6508620972902391,0.08361037873719812,0.28156679345280133,0.4737577391120611,0.5068491530660664,0.8468575307259413,0.814578665725779,0.06041417125467542,3
0.7363022468135845,0.37413381166372967,0.6117630549039017,0.20682038253370535,0.1429243951707109,0.5550813167405683,0.9091599248269845,0.37779105965509835,0.7300277498588568,0.9479363232337582,2
0.6035033453637849,0.6665774338704946,0.9762524034814003,0.7749171552444507,0.368776696640341,0.3583372259907459,0.3366777721085835,0.4577528467233839,0.10432518858039926,0.062226510449304495,3
0.7790511735363786,0.3934484700396019,0.7898866442746607,0.2248169976634956,0.49006247813705317,1.0404065690934992,0.4026565290957511,0.9465069282735331,0.2809756462450211,0.23111734724754074,1
0.012315825411384596,0.2543068806775988,0.30001587633348603,0.7339036737859491,0.889429303365616,0.2528833180946921,0.5315628541730861,0.8264168530269173,0.6224762269725406,0.38714303188119054,3
0.13898081660524275,0.17074651279089867,0.28330756920176586,0.7043362336051356,0.8595182838504106,0.24941403171464924,0.4294492956381506,0.8044926025397953,0.6210307158473206,0.26554093577588905,3
0.7577241934990796,0.7084696424255771,0.4242689172605914,0.017980316131254514,0.530596922946677,0.10413067176787126,0.7818344934996461,1.077377757251928,0.7303431020355653,0.7405398449118814,1
0.657540071359238,0.8062811844193766,0.08367087722328859,0.7114223985529796,0.5330659216663376,0.4144454079406093,0.5835960657104444,0.04094833872980477,0.4626789220147401,0.023962055807665725,0
-0.5950887740220591,1.1807965024103522,0.6761221146688372,0.08512413727463973,1.0892422040319625,-0.09044723894507922,0.72735704647417,0.33105505128221185,0.1716706902469805,0.6222138956772951,2
0.30554624458754076,0.8721970066523643,0.3669940340666784,0.7737182714484322,0.8411152134885864,0.2449275248126233,0.8787763060313806,0.9525584754158611,0.22937563687372414,0.38940510177390325,2
-0.3711983622584672,0.5104477383808816,1.3715219937673933,0.18933099521533028,0.5336264529708105,0.06630030692182293,0.9410973984305091,1.0905736812676106,0.4413238968481776,0.38117330830150886,3
0.122561845817279,0.13186319238904048,0.30120744448543535,0.7706188009543946,0.8618832730113487,0.2520881324638334,0.46025141679310333,0.8445648399820473,0.6023103992405728,0.27972920514127136,3
0.107326397600644,0.850272284248368,0.8155027392507612,0.8155860587063952,0.5288480101599948,0.7805624007243518,0.16074382174679536,0.828547428458967,0.5744911202429757,0.6126585424137194,3
0.3491488761295348,1.0546912894516234,1.1691018732407756,0.7731688527860119,0.07397483316185607,0.5145221999210856,0.5298329512120674,0.47660861172889113,0.16504002044036153,0.6100216662754567,0
0.39551845447355494,0.038099895159820776,0.5687892149039937,0.7997386952713943,0.6862861422520942,0.7891384002135846,0.5536698098416465,0.12655894200048484,0.5974981507983894,0.7297891354361687,3
0.16260196590523868,0.7481995675698893,0.5088283835408739,0.5964995659699968,0.1637965545816406,0.8786028058937366,0.5180094819962748,0.744331725645926,0.11310113465927542,0.7053783645755619,1
-0.21397903305990423,0.6917999804884841,-0.03761914139530953,-0.06388975608233882,0.5586785501810828,0.21212139145476067,1.2686206537322244,0.3978928655368372,0.0028658191078627104,0.8609591549008361,2
0.3094008038260361,0.900284046212376,0.7367432374644695,0.38787201094226825,0.5948851266259556,0.18171858923150416,0.6920788506093434,0.7657265676737818,0.8455304340467926,-0.2807716099326112,3
0.8717840074304644,0.03542087468122418,0.3162597772180994,0.6959431711023445,0.43325122426039087,0.7231070594812243,0.9563370928326023,0.3626256846212957,0.7437024570397296,0.5987990752448027,0
0.6826060977225492,0.2634918909234865,-0.07340492887647866,0.7687759838592029,0.46446777834903435,1.0871420070569793,1.0001843143962852,0.4205624471973939,0.6768801982813125,0.5804298074899348,1
0.13849371214114026,0.6160228523519878,0.05563642833525323,0.24659102299627272,0.08627652041764168,0.5240567598385448,0.7086045585222042,0.1719354445300075,0.9847326994380875,0.02949048888566266,1
0.7061817522245449,-0.02799120291088586,0.566377413569877,0.47663752444373814,0.5857637240816408,0.519445916178606,0.08873950113195965,0.5228300152073251,0.3953873630823275,0.6651263769974244,0
0.616940368805551,1.1243163428272518,0.6523163591996475,0.8655264751543266,0.6019862681166762,0.5310531889485732,0.5366157875342314,-0.18182561496671307,0.531178370667234,-0.37218476061907874,1
0.8287696132895895,0.09533172445111716,0.6350096392759462,0.07625368597676291,0.5029125264046187,0.4049812875772264,0.1781730526885549,0.9843869301016714,0.9655289621448118,0.821897943630624,2
0.9572626605157714,0.4404987896287114,0.8082053126484504,0.22085980577021583,1.0003595568473516,0.4187074855353417,0.7648154936070386,0.8573936751149687,0.7211877332330381,0.6002489771410546,0
0.5290880112660765,0.19846298150365627,0.06749695167911449,0.9735145932833034,0.48294240659041493,0.8311073450059475,1.002414722499716,0.7007262118969777,0.448456942560046,0.002973912392360367,1
0.39973564400463923,-0.7375915979822307,-0.5390102312190865,0.46296673717081743,-0.03910398675808169,0.9110043003458679,1.7032136411583294,0.6897022449536507,0.5230170919447279,0.3214361905644829,1
1.157571153863773,0.6720040985001384,0.5066445628671408,0.5781656256905239,0.8806206269658442,0.5428974699366875,0.49707074975476956,0.8117835215282706,0.026331721516154177,0.5145861113650765,1
0.7545549020379289,0.32691035396775614,0.9588407112297423,0.2618224061585666,0.9234453016025495,0.8311828432907344,-0.1966044590974601,0.9305559672590433,0.409398602049892,0.53129557613403,0
0.8535560845704115,0.8251889197690202,0.870150296934632,0.6452197976473741,0.6026053442405387,0.8170519384685037,0.11911476526321305,0.7562120139299061,0.674306116970552,0.5021965648325458,0
0.5537994766466091,0.0333015356730411,0.8902889294166125,0.9439598269221705,0.40406896585834196,0.6842325883451191,0.3343070170325755,0.15218707061020134,0.7022114370387984,0.5514668206863403,0
0.32088353090560184,0.4916818165666186,1.0004857227879231,0.6465426026205965,0.2397529671151813,0.8083826748886306,0.5903500523163807,0.4654884899258719,0.09481814175150541,0.23494464983565774,3
0.03179436945310968,0.6604092264560283,0.0031567248043090565,0.1006033460044018,0.13982198009949334,0.3812861357328544,0.8139960732705491,0.1993744765859483,0.9676983038365174,-0.03953674539138034,1
-0.21059120339715565,1.6137701455495492,-0.24035716803287133,-0.10839811809735522,1.370116246297704,1.4629399242740506,1.4330303720593012,0.8569434262188796,-0.17849904262505967,0.09496030135852868,1
0.10435744009622,0.6055973616120413,0.18798826728330834,0.096062547001177,0.09028370581563268,0.5361380725460726,0.8510379644103634,0.24349103111493492,1.0759154278355114,-0.052229309075445096,1
0.21870332420155314,1.0242373405940373,1.0327826785996765,0.1763296005348579,0.2571482892044738,0.16858231345849986,0.7031921356600188,0.9016152622973886,0.7895699073380349,0.036830836339111064,3
0.8842903255721792,0.1750377854884273,0.6730020739786494,0.05380526845983811,0.5033483038994765,0.3490502717066584,0.1718705339466967,0.9091446019399617,0.9348734344906853,0.7920096010265434,2
-0.09763076267286966,0.8482111630031128,1.0385516273160393,0.28770211729790784,0.03404387441267802,0.27115388855307243,0.6634268687743853,0.8937007869357175,0.6619394798572757,0.0069337331744363795,3
0.750922835630766,0.5638292373056093,0.4515339582880857,0.00145625176840114,0.6055218543319153,-0.0027313901185639627,0.8937299176193277,1.0725314644981256,0.8337461642009987,0.8645378730701663,1
0.5424681495531538,0.8092000192054691,0.5251355198595069,0.3587374020518434,0.44141291455921833,0.7906868636919594,0.16022132473465103,0.8228273051434286,0.3469477342181876,0.3961649128248472,2
0.5417403998449806,0.8026038878741311,0.5273021342411451,0.36809978913469465,0.43179325832500126,0.7794674668934346,0.15590380282865043,0.8098842143536259,0.35595095914033376,0.3796825621915452,2
0.5235798074000153,0.2663137643807647,0.10024649733655712,0.9744665358531587,0.4365620149434024,0.7660810206798255,1.0007435759147545,0.6487428641719899,0.5096152533720547,-0.0013967532884393181,1
0.4242538520765773,0.6098633028285086,1.1623461685778487,0.8046890317809601,0.517164984195922,-0.13337026902183452,0.41147494934557044,0.45865999540595837,0.3718655124585365,-0.15028693078404237,3
0.5448807483861631,-0.18114460497957607,0.8791885024416208,0.19024591529585602,1.1282237253570737,-0.11131718994912293,0.5711336475265657,0.7437697116464667,0.8323432795708346,0.21941259367176752,0
-0.03362793084373835,0.11649768204078975,0.6479051959888026,0.23639062866593374,0.02157554144815129,0.18499966919892025,0.5369343913077121,0.25701143711942737,0.720917359840082,0.7436255271403177,0
0.2208939980308979,0.05992982940063977,0.6411440614131321,0.36232138311749906,1.136659563148857,0.13799126778563242,0.35722343634456416,0.9102980174859262,0.6758034793383485,-0.1209949608731497,0
0.5386340967657243,0.7903497938969103,0.5421739460656763,0.3500766640756409,0.4384979613211999,0.7849599758087981,0.15850019235142326,0.8114895014567469,0.3679601089658028,0.39545906591624935,2
0.09377406649879148,0.6952602555581422,0.13743335569234366,0.9612391279454771,-0.010420478841456922,0.4585159676172049,0.24192138035673783,0.20594042626132364,0.4586764859639798,0.9636548996626944,1
0.378504412121537,1.0467620773117439,0.38223753929582915,0.43703081055216414,0.3283769254109161,0.22637162306084396,-0.01659071489742983,0.3075866412813162,0.8523986142950146,0.8355250221033612,0
0.6526511144365423,1.0984406524722745,0.48942221342304526,0.2923024549043811,1.085445481847031,0.45376073800188066,0.4390725415585986,0.002040050875583066,0.3746283139466883,1.0503524005916134,2
0.05203548480642116,0.44112853731281093,-0.1958539064232489,-0.036647524896606,0.4937446283400822,0.8234046675691244,0.4256670061015183,-0.20836754489712872,1.0747429071392287,-0.06906817326000533,1
0.8276824272094274,-0.5501766725012645,0.1583293217318169,-0.12641510923658394,0.3185274725828343,0.7832394431961757,-0.30024776590655056,-0.7056011202482589,0.028011009521249214,0.5293980754929108,1
0.48974417897650424,1.2452218496124847,-0.32372622198386913,-0.24527905623079482,0.0037356530757656353,0.9824431994133935,0.89675331437602,0.031960051104984524,1.076856717942726,0.27849181686062285,1
0.1113636101844202,0.20103191866118872,0.2722002012223809,0.7313701141347052,0.9553967257179452,0.2598678633179149,0.4221896283922974,0.9409931989137865,0.5298857940557041,0.2061779073696407,3
0.46181243651897175,-0.18131895235820042,0.9059220945015636,0.775829233867389,0.46353756842931476,0.6842934641505812,0.23831324586810707,0.2720207277912786,0.6533033063513423,0.4090175533803072,0
0.12901428770604814,0.0907329846066438,1.1232859448618713,-0.10445452664702343,1.015095963584212,0.10530865517550674,0.4332287173815674,1.2440873374065098,1.122866779234053,0.5957765298919404,0
0.8693173314928454,0.14243260437001018,0.6242422998951028,0.06422841638233301,0.5594977657461763,0.440993404600216,0.2447579437060975,0.8932121136408148,0.963320940842105,0.819173196184976,2
-0.20133369498126244,0.6547073076864327,0.705128713670345,0.22339688038225347,0.37212595590621955,0.37065437533217976,0.660001075847146,0.8784012586562823,0.9427987064540171,0.4229022345867643,3
-0.03340908575794652,0.48177043631662764,0.25265071731284633,0.1948323302464125,0.9760843309162486,0.51086881491288,0.9348668866805087,0.4221770009211314,0.31419374172807846,0.6352838544765878,2
0.8575551782697908,0.14184118151168823,0.6568203888338374,0.07695439769310407,0.5244659046072301,0.3993365079559876,0.2004965016286867,0.945560939081712,0.9247874917736123,0.8053018133826062,2
0.5362189760816619,0.9863460991921926,0.24243687277524295,0.5990868429716683,0.45548412344382816,0.48150968046947934,0.744075614588746,0.002540840819293483,0.618676064666314,0.12174029817835147,0
0.5264802615943379,0.3057759044310355,0.1320438542108093,0.9387298990856867,0.3812441061530822,0.8643815187345539,0.9611988769233127,0.6687534012304849,0.4737065665896576,0.10093590749353135,1
0.6604357404774435,0.39424948710892865,0.8591462349652561,0.2910515355674065,0.03385501641229371,0.4912469956750407,0.8613573093315936,0.739798153393359,0.2631853859612858,0.09261178606278292,0
0.5348475328455381,0.8186070742977803,0.5271513841722274,0.379167836957635,0.45612109241904075,0.8112061927103381,0.141964958104501,0.8027259863906622,0.36071083473450416,0.4078194758043613,2
-0.02456140094807352,0.9619337876495888,0.6306472313569623,0.7787025423530487,0.6838214137255648,0.39875620828807146,0.5403639802451121,-0.1381791127881312,0.7525587944167866,1.1926259101846168,0
0.8995791092397387,0.8667593107143096,0.8473940553101528,0.6312969462515934,0.5984985529133898,0.8194328247095476,0.10538817663921149,0.7112975085938585,0.7126080787444786,0.4946655716331981,0
0.5973276069637037,0.6415396230541945,0.9859925219282487,0.6467049996348692,0.4475461749051392,1.0071324283512513,0.3356020440396392,0.7421949465625272,0.5037828138518787,0.2813450512114401,0
0.2972846023396249,0.02105384629963664,0.1631799972508413,1.014540686043005,0.8533586134515133,0.6188225930459335,0.2574333668423934,0.22723933925990342,0.9136560219103476,1.0701421071567694,0
0.798337893811582,0.19530115935579953,0.5920951863503489,0.5614472211792072,0.13958663007153616,0.10593716887493063,0.21661336077349436,0.9035787289927836,0.506656428507896,0.5770509610934209,2
0.9581123494933365,0.2936548267059457,0.8791973525262688,0.37622070079598496,0.5979003753705078,0.5998574312296496,0.20216237592934216,0.6311690998339451,0.8192799281832326,0.8925708844361041,1
0.16842027662071404,0.7657253568476587,0.5352638371161659,0.4199624554614304,0.07941993689666361,0.8325491168452254,0.31620570561026834,0.6528967216170546,0.09248972667820071,0.9439118694449822,1
1.0821674362505391,0.34844940739698504,1.1273729821402558,0.2873001711341909,0.6647049903166455,0.8461736120665156,0.09860220538308309,0.8845379993498653,0.7566734700545644,0.8224292739278224,1
0.8675546354601252,0.2666729036044403,0.5708614069882438,0.6296714901145011,0.11728102351875339,0.062017890723895214,0.31045758737147666,0.8985285444599082,0.4720195937786211,0.5896397684659488,2
0.031100448430230243,0.2971656874363212,-0.1093642662506763,0.49660559599314813,-0.32010483789939914,-0.11233550277085985,0.3566205132090554,-0.1138221362973329,0.828095432749136,1.1378579540737175,1
0.8885862836841953,0.2896355851876,0.8831975538810347,0.18765611773104404,0.9673913162277695,0.40135947394517185,0.8566751524911131,0.8620598184123124,0.7362209144990222,0.6844903039985424,0
0.13760462796842826,0.15607781307110144,0.2570173029879709,0.747937164111107,0.8999457418238048,0.3077482804631066,0.4661085355188674,0.8838249510059436,0.6464796543313676,0.30214955863148757,3
0.3055272515397771,0.342309876921695,0.45151758434689576,0.1713138885998224,1.4857370177171672,0.9020589071476782,1.0758204917374727,1.2267761120453504,0.8285389525790312,-0.037951873206958475,2
0.7613532189389112,0.5505614448571484,1.1081005178072991,0.26814244098921,-0.32804050037214394,-0.015331737169626838,0.5029579746869052,0.6249354015805075,0.6609382906094399,1.1086410493378858,0
0.6363292749259952,0.30229266571877844,1.0624230442057425,0.6921744802441365,0.28346338875879473,0.4599488085508892,0.5492380062012325,0.49194169467066434,0.11798385959576752,0.054629331823958766,0
0.052233545912090375,0.13092119977945488,0.6192474125556499,0.34067556286032097,-0.04417090638266348,0.16462270016351022,0.6222393503368674,0.22302745152236603,0.7027095372199552,0.7660443810359946,0
0.5881009199778287,-0.09676857435602304,0.6382378614801207,0.6679195783742391,0.4526159812067946,0.58993322768132,-0.012038917234613297,0.8038262629788391,0.3025762416743907,0.707605359573922,0
0.5154836093905999,0.7623631678261606,0.827857193588528,0.9324277971304538,0.6408185099111803,0.4694314322561187,0.47003872712173117,0.346936924796696,0.23918865314563487,0.06767628002380693,1
0.29110567201938525,0.35700422097018525,0.33590319864539087,0.14700954631511623,0.3907376322824576,0.7421687877133677,0.36664571141883023,0.00396839628249708,0.7659494629202496,0.8366468847109392,2
-0.3695441479032564,0.8985052877546409,0.411036752702847,0.7219646572144369,-0.03886436493639678,1.2728440947817063,0.2580022509660981,-0.39976899915634934,1.383763839595339,-0.08364106319066617,0
0.7385132454513532,0.6485231727113894,0.6144889853764145,-0.09828602409386994,0.5531294137239129,0.012320444136482183,0.7392159932177295,1.046266593839041,0.7895005006222933,0.7077501434681941,1
-0.00401495675763908,1.0122087785987501,1.1019392522076852,0.28668583580916873,0.09771110014449996,0.25219352027353764,0.6795643762759287,0.7544804683058668,0.7894079367485624,-0.02051976993662208,3
-0.19049676975046406,1.1519993732860947,1.0205798952510639,0.3054665931507775,0.02073772506090344,0.690705060232921,0.9634807322942731,1.041924195691167,1.0461788172577924,-0.10414416646335109,3
-0.01654850797921808,0.8039256397482396,-0.11479297046226045,0.8237371337416053,0.06492380742601846,0.3430378906965337,0.1598149534850422,0.09203408119324324,0.7724632429298208,1.1457960758730694,1
0.10967953887706486,0.11616056536920583,0.47537935376769336,0.18100998922550576,1.050204136275185,0.5511466027597913,0.35884175979148447,0.9652886788128503,0.7924174220933562,0.6982232605787053,2
1.2031656004210411,0.0785843692631929,0.8461959328045754,-0.051759762678114885,-0.048540107388006154,0.05948676520640672,1.3145106653768002,0.5751581040275954,1.0317758781119277,1.0732063445159983,2
0.367342764204277,0.6831047133854542,0.15812482436366349,0.6113093749455946,0.9431120048842779,0.9401438114393033,0.0516150800496864,0.7370245190439855,0.8377612868451391,0.0030562486024048596,0
0.9449609111047789,0.6981009463907539,0.5857796196610202,-0.2355209277076798,0.6937114166177045,-0.29951209208575913,1.0191484200086178,0.9147751968321138,0.7089412164203489,0.807608070063895,1
0.7849473600884106,0.6339565724689183,0.5402825521301378,0.05886597896098726,1.0300957319849733,0.7440101227420759,0.44270065256382346,0.7200530591438309,0.30299736807855926,0.4715609518226846,0
0.14452185742732956,0.16274895260503222,0.23799907086404226,0.10598728554550824,0.4160009521794604,0.7351671445364639,0.3538310686137962,0.0697724806653181,0.8237750666064597,0.7849343594831043,2
0.17635238394085123,0.20249975996668274,0.8190556404894973,0.1934470930315068,0.7522297803931131,0.09157510202830965,0.7756844189932897,0.07469397460278492,0.27156582743567925,0.7693759300754468,0
0.11531043335253917,0.1673834167710494,0.29524581218284834,0.705897976228036,0.9075368106406977,0.29379776621383047,0.47738782740187125,0.8835164528333976,0.6440560880438971,0.23419643339013274,3
1.109211962207123,0.9537504345578689,0.3671383244358417,0.43302031230262494,0.1791639189473736,1.0490289949191447,0.5915971712604002,0.36429773202760385,0.42830021540634106,1.2436751804700892,2
0.5376380143170147,0.2725538083199792,0.08091495399599634,0.9918910189640715,0.43162015292893596,0.7725386026745349,0.9939711123982072,0.6690561366063286,0.5151189667868774,0.016260622038413552,1
0.8325803986127324,0.37972724085481624,0.760588265154383,0.6454493329228963,0.7251962335925101,0.3195260305903382,0.7076991439199165,0.9180602785491336,1.05518557859261,0.5123269292229183,0
0.25845495772518956,0.7956846961329025,0.5194256684216803,0.9023578517851182,0.5918881359324304,0.4104542523198262,0.4799750168200098,0.6503713683828108,0.12427410778521362,0.031760427343365205,2
0.5739514129847341,0.530571955919635,0.959992777382695,0.562551928321274,0.47232773014137147,0.5803196637103347,0.5402265244364653,0.5905230301729358,0.1497800170849156,0.4763923141977466,3
0.7863118995233859,0.40246776475766977,0.8774100481663631,0.4168929450747972,0.09863664589508388,0.3758828035733511,0.7781791185361461,0.65250682437257,0.27023704565616746,0.18364657475583523,0
0.26851113166757884,0.6535279630178596,0.06183680941018104,0.2566277720975953,0.16945050443391366,0.39646743619826175,0.7804075623877953,0.196086793933636,0.991738399360525,0.013612945704182963,1
0.7181608390579973,0.6198636604304701,0.5769834361331297,0.031567344594291655,0.5219775619740592,0.07996631340423764,0.8070420148303757,0.9184843146369627,0.7697904261136305,0.7505789666201368,1
0.053167824040506545,0.1923150972246752,0.24939320409214055,0.3693986973076155,0.889414288579609,0.6343572086031578,0.2002730437517789,0.8142331760055685,0.8230816400905175,0.5902990747671483,2
-0.06056266486364403,0.8091722347567631,0.10233683780028152,-0.07984189417210974,-0.11583208067705653,1.0760271758994038,0.3286837257160917,0.1301112646109733,0.4316436885626748,0.6786021340722683,1
-0.0349722428103658,0.8361261435963507,0.6153536876883381,0.5234506054058419,-0.2144752156086181,0.533194424806184,1.0955820331518122,1.0400836384520074,1.0491530194174519,-0.03984343840452986,3
0.5589240654542331,0.2604603874946864,0.10302710506604865,0.9687469409689204,0.4289023289835628,0.7979766623649288,0.9837928458795111,0.6669952211965392,0.5262206639559814,0.013314382664431587,1
0.9353164009602147,0.4094832040193207,0.4764915367743297,0.7312990354051527,0.05535119272764415,0.021251045486410575,0.4507780047446204,0.9924193178977431,0.730569720492598,0.6785573233820716,2
0.13006820237562763,0.46099376180828944,0.32533277091602314,0.9560545157874424,0.598194829846778,0.7942913967573365,0.3676019504290721,0.07894814651351424,0.15509003519274264,0.049665516202343565,1
0.39022102561944255,0.16252446784963837,0.766108069328743,0.3403301182420705,1.0680334632461579,-0.03811803899743549,0.6382544857762794,0.9669420550342809,0.888431054484227,0.2586835485526982,0
0.7954954726959802,0.23719876091646536,0.8096314750871412,0.2513995507150576,1.1571333945023254,0.2660001337153298,0.728912952624188,0.8013323964646231,0.5800514268918042,0.5177089805004482,0
0.5407774520572883,0.8072695762922383,0.5433920336650206,0.3728556993308351,0.4555959135376227,0.7956225989208293,0.14774424137367717,0.8066688979789696,0.3355670055228877,0.381983214191277,2
0.18295246176774355,0.24195346670640275,0.8243190931406371,0.1884570747892686,0.7725864101341046,0.04907520545256421,0.8023725443965384,0.05231975164556101,0.24750285164343705,0.7805131589597886,0
0.7975695029489382,0.4429155409464138,0.8733354007475395,0.5644430300857508,0.6919004272561611,0.30273178100315706,0.6743398162767497,1.0539522881099508,1.0350621352801577,0.5278573633850933,0
0.31737720672977077,0.1720040281498875,0.6729396861731762,0.8367560013729675,0.7998665811292931,0.8511865488835799,0.5431172141703279,0.21806286964007843,0.5460236862732809,0.7062548817313334,3
0.527625113151615,0.57280270152046,0.8733495936727578,0.6842714392079388,0.23863709984259845,0.952063430738072,0.4622407861931447,0.4649242878800497,-0.04737427850041476,0.6646407965254089,3
0.7735506372992654,0.5120855238308524,0.5429547891556494,0.30614259514759695,0.10786079031096728,0.6314864178944172,0.8738952894333675,0.35357821032722675,0.661842962570217,0.8620527779609658,2
0.42728868787357643,0.8812417678149492,0.26976009448224214,1.0342624879193432,0.582102291482574,-0.020339403547571494,0.7848220576938243,0.21813194228996718,0.3800516156523119,0.97432088693636,0
0.16531316595261586,0.8744767353657115,0.4643364995001794,0.10348954303798247,0.24238457192789944,0.9677439244309151,0.4361697239549619,0.34949333468933197,0.729375652731901,0.6187808904551702,1
0.3704393489816209,0.22234801276948055,0.6376999059778731,1.2060902187168157,1.0353335299392177,0.2715350409867701,0.8249827292635388,-0.16110692396576543,0.9272561046112182,0.11457780882336333,0
0.7997420675634342,0.8768660005944955,0.95776032500656,0.7627888420775523,0.47926965687663076,0.9373328168960297,0.05929673376844821,0.8273709208572446,0.767059977887876,0.5612397145371115,0
0.9421780502539882,0.31615637281358855,0.15649272997972108,-0.006125538916649478,0.25099418459215467,0.6472963096615308,0.3107548341604484,1.010935872071658,0.6789740270973574,0.16555042376388152,1
0.8339183808619197,0.5592371874660281,0.6552141090339324,0.19514118879902614,0.6355155984915446,0.8532936802723132,0.5831344671629557,0.9610077372363578,0.25333272696733145,0.24312195055032843,1
0.8371678164394192,0.8596636457014099,0.8488664143507331,0.6208831557027985,0.5746585511476846,0.766148498193463,0.0699459482220649,0.7503497078675593,0.7063846653167046,0.5264032619776119,0
0.15867029040370734,0.6247992382654548,0.35012664429089846,0.5925215292952084,0.15098090701789613,0.9577707544264431,0.5909050879752927,0.8340427821257483,0.1298526288145475,0.881485698723733,1
0.8555000660974206,0.12173900943843372,0.5899996604373922,0.12849259372448585,0.48764327269097996,0.33797193613892407,0.218842735960199,0.9776575429073364,0.917828625306317,0.8161757968256083,2
0.8438129745624584,0.4085052142639927,0.7880064060675964,0.5085683669101686,0.7296017468206429,0.3192864522942382,0.8017258800418589,0.9120089492143013,1.0358854549537866,0.4782255638908949,0
0.8915415867857859,0.5608243222253217,0.7704588818207674,0.6230362838243325,0.20320824106698473,0.4576529165519004,0.8092158111886676,0.509804805672375,0.1871707213959529,0.2742810992258746,0
0.6807591035016237,0.6023771703944675,0.5777221034935252,0.6593685442893299,0.7830745898803649,0.5912437852438598,0.7314047088748382,0.6644462761775379,1.051000755584651,0.3603319212603465,0
0.6792842753667456,0.8278603616528293,0.0951889265586224,0.7061629621453807,0.5901622910944847,0.36868931298335317,0.5657864090668172,0.012786335280236913,0.5531068660156219,-0.05440026535206722,0
0.11225220933015631,0.34857185461263207,0.30492244550537856,0.19241554636424768,1.0177815988104244,0.46877783398122974,0.22792670456314157,0.9834415131913982,0.7416114544108369,0.5122882731260502,2
1.3162764734955532,0.9237127641061699,0.8508140183475792,0.12589086432942545,0.015343862346089476,0.041931179705715915,0.33885219467783045,0.12320020759743894,0.8754390053576501,0.7482896368918286,2
0.3202077468200125,0.8477609058319342,0.3583988209462004,0.7751356446076842,0.8694351455424838,0.2755303548433968,0.8594096194375432,0.9721356623365617,0.23338550993699891,0.38616699219704737,2
0.9587537160511671,0.2748701183489115,0.9502533000620272,0.4784517966524461,0.48604330324536515,0.6328721537437879,0.24738190508544924,0.6855104857767342,0.8723587851894208,0.829546266289542,1
0.2700976730562388,0.8298641614963378,0.40486204533588127,0.7426885552046737,0.8212104779504333,0.2433417758800691,0.8706633203445598,0.9933176165618353,0.2238393033353504,0.38836748332716114,2
0.10814345288868144,0.9196206367709924,0.9159676635274152,0.6463590604898498,0.8154391028788818,0.8321927661315983,0.891757799956461,0.48927419549414486,0.7167601962690394,0.7877377629019542,2
0.1238014272945933,0.644780643480243,0.08415575547702059,0.28637746618394266,0.07562359303660421,0.4764698166487085,0.7353072040910975,0.13490698145757357,0.9573087433485801,0.009690487411046153,1
0.11457445785259439,0.8583415425820824,0.8163626239130609,0.8115006298832609,0.5283084187369804,0.7804896287411661,0.1590419056924015,0.8327919246554064,0.5767374580025296,0.6059726402551424,3
0.5865887813460131,0.38678284293036047,0.36256909930635,0.4189046060431233,0.6528662209203376,0.9680673378433853,0.741472694543339,0.7906214737876958,1.0303231359376812,0.8424533013300862,0
-0.006821855061185239,0.8948875922678357,0.7404254054441686,0.5472951252243904,0.434584992912121,1.053421691378635,0.1406959163286362,0.914770952825667,-0.08328943755047045,0.1236248797084851,3
0.7275764664462876,0.5802706574913292,0.6413892733296066,0.1325887814334133,0.2852951087032859,0.4130060832034187,0.8544958156841801,0.3490825647645993,0.7249465104947569,0.7828579829046883,2
0.7056145270308103,0.6563446434979159,1.0752688412520883,0.9197294651988286,0.38664670749017194,0.03421228610071428,0.4172247709596087,0.9589755003500862,0.13799506453863877,0.14486392945905402,3
0.11667762759872224,0.4694044503189893,0.31587020069325694,0.9597327419217034,0.5926772846868601,0.7883778573984714,0.3559151680528794,0.07431117294530441,0.16969002345060544,0.05843248940977136,1
0.9012781211340574,0.24746396081550726,0.8761313039284836,0.39951535832566537,0.49306239394433304,0.6735559280044037,0.19862293466801084,0.6848790870127499,0.792925275530398,0.8334022263853798,1
0.2605762755385243,0.12754784704813873,0.37957079278605055,0.12605316791105198,0.34584325230419266,0.577720700261012,0.5860885542917702,0.07920689553525391,0.703418554722371,0.6689684050795991,0
0.11062155919418881,0.8383078739655943,0.7924042513700467,0.27405439109725044,-0.055154854955804855,0.2860087935681922,0.7360563013624191,0.9927371466787321,0.5915367408593367,-0.0033531827362545397,3
0.15116049000005172,0.34283390975329153,0.4124975116839383,0.18283903542397553,0.36194515055404725,0.7442642581345877,0.36262046643695306,0.16161761546670694,0.7689384791740823,0.6824261184850839,2
0.5590497020689988,-0.21337080876668407,1.0553095836641062,0.7369570979934545,1.0223890116737209,0.8851046409521959,0.5400096037758301,-0.04956225242784751,0.17372822862288995,0.27358504384689986,3
0.4895827070982044,0.589024885444926,0.003927904835498985,0.7883792556755789,0.7338165557544741,0.30843674711638813,0.5713313084860507,-0.1730536731013478,0.7280381849494816,0.8401811018571257,0
-0.13412735857502509,0.631235901358043,0.29805461213550627,1.1144256453968582,0.11635477526059962,0.4668215818604275,0.3144939541527568,0.17118653797280786,0.3899972397261392,0.8123883653818118,1
0.8155105805062481,0.4177520376796466,0.9128937683014197,0.44340790746958897,0.08403214659091683,0.40132906485160064,0.8164602682747444,0.7043809293373996,0.3093177404460753,0.19565777541297008,0
0.9843259365511949,0.08104580312429381,0.7397264011406111,0.4776668787556947,0.0446724144190558,0.29147343606271825,0.1743528062303915,0.8899782936026294,0.6523484957498109,0.47770760918524,2
-0.2349482259006797,0.3594676963582594,0.43449433683268973,0.06906603337375253,0.004310458039959858,0.5665312852848873,0.3043554339717424,0.2861725126486889,1.038754089495053,-0.2016872508954278,1
0.7834838040643283,0.23669163677513702,1.2345092967723021,0.6130291666634538,0.4812027412962441,0.9190386502214145,0.03103014633636869,0.1706322170410301,0.38814181443296975,0.6244923233289196,0
0.7502820534450816,0.766444512464319,1.0393244867401168,0.6612353236188174,0.5037453612078628,0.8640127725124718,0.012742574278597124,0.845777102623903,0.7028561194997422,0.636759706158421,0
0.09487592385530219,0.5242304991527301,0.8932915227282189,0.5449935541586748,0.18880786434906977,-0.05295548384149634,0.19742691589807929,0.6673028124849639,0.13291506957626922,0.4664178331506593,3
-0.1050323595969429,0.3150542106866487,0.3208055673713619,0.3405321018380256,0.013401960632889731,0.49117882095472976,0.7517220140172887,0.3946237377943086,1.081359625049666,-0.23740920718989805,1
0.8060319887852574,0.393227058787811,0.783706642736054,0.5085287339906797,0.6937400210870183,0.21271905659724316,0.7562566931740011,0.9393376790307724,1.0351955640636472,0.5167441355518017,0
0.6302151131801706,-0.031092950189947788,0.4628509175754555,0.5921328252404923,0.02115588478500849,0.7520337357143378,0.6561238114764028,-0.010817280584989264,0.6226724997724952,1.0252484388817087,2
0.37922009460556555,0.8087287180979419,1.274889197604973,0.36155973421934673,-0.3624451851570646,0.08287870101184613,0.5867926297425206,0.4409822306396635,0.09792960344295001,0.058821255989186624,0
0.905457004105951,0.29566980870249404,0.4204126276705493,1.0357843793606316,0.7186284498386293,0.6070232702958122,0.9290091188852473,0.6021806771763762,0.893121431094267,0.4314959020552457,0
0.12343517470693205,0.6350502348002484,1.6284278494833455,0.39069052509724655,0.28402261073910445,0.18397609568379908,-0.06901033430319947,1.0619583498290863,0.8526059180774413,-0.15867904316515435,3
0.1654264828828161,0.8337701482676438,0.36341615457915366,0.9793202828722152,0.5960155337399398,0.08108047238477244,0.7609077195238216,0.134503255855826,0.38173069647141894,0.7052596082413238,0
0.35397027627017447,0.1406355965077254,0.6830530618912616,0.8957793845114002,0.7330856987755607,0.8701185102497584,0.5726376644688308,0.22731535838597736,0.5127454344847163,0.7181525344731521,3
0.8653623935676044,0.8238688223283409,0.8756072241524976,0.6483877153820646,0.6125758571172415,0.8065547172208715,0.12639078690207572,0.7590799402690215,0.6843771630486011,0.48954721060513345,0
0.9113059117110309,0.35075178425519943,0.7919391674076396,0.21982826877237868,0.9375690862977918,0.43865836942089315,0.7321340830352583,0.8448105033035309,0.7287272146533852,0.6425187688633571,0
0.45528914717277663,0.5337004485260749,0.23653035171060374,0.6297806269214872,0.7853039830564373,0.9361100335635549,0.01751247534116835,0.6743664195133512,0.9885447321601035,0.18512841564728522,0
0.8236667976511941,0.12749292602532197,0.6350730031625937,0.10882942463808624,0.5124587431503989,0.3755004892512689,0.20585813408371662,0.9496443152225861,0.9498871806657564,0.8062855336024322,2
0.12670122147921645,0.756318680524519,0.5263778824389695,0.7026693050169344,0.02246764699936102,0.9638018324486242,0.43304442968373397,0.8508625770953148,-0.03931064049052091,0.8644057659959513,1
0.7456074710321832,0.5870271064843658,0.606746905014946,-0.04022307717940651,0.567031906130761,0.02303997320251916,0.9103124403229786,1.0581939197021697,0.8279057904333411,0.7543657982960391,1
0.8009465821610748,0.741997346955761,0.5850724777367797,0.048143375246793685,0.5913766301285863,-0.04825729560191157,0.9168081268654316,0.8695306101497171,0.862443017046573,0.7559996933583736,1
0.27504399269760665,0.2137454877309083,0.5555644616119733,0.6643993779929215,0.09609695775418498,0.5254275717121327,0.3309890034790154,0.5061904259086224,0.1998230511073272,0.7706687469697182,3
0.3195815666615339,0.6147631610327994,0.8076568796037041,0.5684721704739022,0.6070789961684332,0.8219383339168349,0.3182131870149246,0.37572023932102205,0.06336449921846743,0.5126600069142292,3
0.19872288254520346,0.5645351812046081,1.1484169661452337,0.7931577433731111,0.16021737619781098,0.7856233032491948,0.18995772808622235,-0.07004855867946047,0.1729813975934522,0.38833594940149313,3
0.15049484993947582,0.9430520697580521,0.24615181966707303,0.7834640307744605,0.41909049770392287,0.14749386607195752,1.1272633356533057,0.09531420450903585,0.5231028958571119,0.9115891843918182,0
0.8553245729141477,0.4757664487465526,1.203006240399783,0.768172339971397,0.7233552396971252,0.9427126679512952,0.7651938248358178,0.5742448522563165,0.1899920340514254,0.23964496780454603,3
0.8788604423206884,0.3820293586416072,0.7500316065195191,0.5296619862013776,0.7114823289656289,0.31074047270766864,0.7434824362700704,0.9452675953842143,1.0255693601194305,0.48118011424010443,0
1.033122140660917,0.8872884196225551,0.6251374077161868,0.33921074005001367,0.4634411762839724,0.6814899370617008,0.4444569756189024,0.6466171385935437,0.507218729706413,-0.15299434967326847,1
-0.16625534969062683,1.1122360461359884,1.0446837197799692,0.5419352963033038,-0.03832582641210404,0.12147351893269445,0.7598224484927342,0.9767065556102263,0.978465154946587,0.3329593360530598,3
0.5497305883775913,0.6112497070831144,1.086929490414417,0.6832735395920824,0.2161960719370279,0.8804999698595808,0.45581005690499643,0.35791588819743225,-0.023486995737499156,0.13883759997005518,3
0.6317081395281539,0.7341344326514873,0.3177834245542657,1.3279441770216458,0.4728978784488027,0.5154413278536637,0.6487703014810388,0.8526430526050509,1.3152965240718548,0.3031823309545818,0
0.8301062331054732,0.13554577361964087,0.6398909389448695,0.0929800122180956,0.5145926855678838,0.3881727520267668,0.2072004064833048,0.931436906369184,0.9229189533024549,0.8062410695157987,2
0.8866034186075638,0.46975503929487306,0.2972406379915855,1.114991097196745,0.5703971795116484,0.4958096296265606,0.907582393159919,0.660322633838689,1.018689934437851,0.30448843232850703,0
0.7495269227157599,0.43630819579889707,0.6274039362885157,0.24736631249522625,0.14323076213336527,0.5334256762282652,0.9399211355395468,0.4139251085483918,0.7608567259443718,0.9098921482908355,2
0.24621610788925713,0.22894515796646805,0.23999473709808428,0.2817081317482487,0.44074260566363477,0.8551042283647122,0.3794094505159574,0.1054313660456038,0.7948720773772775,0.8298164217347821,2
0.3598324995985254,0.8570686326225625,0.15988358127562624,0.5652399659442453,0.3529936747431628,0.18550118584696482,0.17784394775274753,0.3057647289023787,0.9718998662370307,0.9073032130146829,0
-0.05896013299711908,0.6623598030642881,0.9506401774656286,-0.059105961410878705,-0.07733417351934341,0.4377982763400987,1.008787775227559,0.8769952823032782,0.4136701106063472,0.49922638476241743,3
1.129909801075145,0.876046649206353,0.9299537854187305,0.7787079076506713,0.5684004618015724,0.8972542791201938,-0.2073897986408646,0.7040022332225555,0.7478447965669922,0.46159869939180437,0
0.8408751797105166,0.3425367924710034,0.7966838506931353,0.5514551460709086,0.6920767322138764,0.28289361522582174,0.7067574614345086,1.0016926419737329,1.0363678207658795,0.5246736678345548,0
0.6412608823595147,0.9734032220476048,0.3333452551295073,0.02931936953703993,0.21955555703145344,0.9887133874363754,0.9699483258745539,0.2574320293948018,0.5865333495769769,-0.20986250254731942,1
0.9072886139540992,0.34448375889525235,0.8069059953906238,0.13542681774920678,1.0022341476688288,0.34954830214337373,0.7130435714153874,0.9492779645086471,0.7342097384811602,0.614403473978984,0
0.8700881444672253,0.3936599121638765,0.7922055259160167,0.5935991851201595,0.6917248508252678,0.25521775379036166,0.7180768145139306,0.9975291452501996,1.018629300474669,0.49353460564826024,0
1.0173859996793229,1.4654213689602549,0.32759841452180016,0.2879476140198787,0.28612668834783517,1.2137487012492265,1.133292142112689,0.9531904412354452,1.2970503129647537,0.6749929004382307,2
0.8731217331903975,0.23255444084303953,0.5903279134243147,0.49189810082188584,0.12231670086652634,0.14883176832632877,0.26717292501518713,0.9366192171470183,0.5750149669521474,0.5976346947856149,2
0.17603332789427328,0.6479138154080347,0.14848396859222193,0.2091915476105348,0.02133731703127295,0.4802853880259806,0.6425583245997859,0.07613945902270133,1.0674519008820813,-0.007473671231747324,1
0.19630117320241164,0.7105207660228744,0.17226348513153109,0.7536376745031662,0.8623696908695517,0.6715288646856892,0.7903419174144701,0.1960528834118879,0.9328609246347613,0.485527679997291,0
0.3331803345872931,0.3245908722703784,1.3065028490887862,0.07564114707586905,0.4780349350281777,0.32376747477109347,0.6481602695398867,1.1843544242018904,0.529341358034443,0.17597468219215007,0
0.8530934530549713,0.201798989662354,0.5287585762853081,0.5382332443408562,0.15292750176536604,0.09203728088527262,0.2570543389641238,0.9339995458700123,0.5319614419442945,0.6279321159484192,2
0.3566053332294371,0.47348862562511207,0.4456075575742389,0.28940239327531847,0.20331499984896,0.6671998478222123,0.09046820278552728,-0.16289538804867024,0.4915154636064154,0.5710861565233621,2
1.0059162846125114,-0.020781813548929468,0.6396083455857158,0.5865212133538499,0.2660802366600155,0.23932742857401454,0.020245473686736654,0.7877755184683557,0.33908945818272784,0.4862305606961015,2
0.35114859503335405,0.1466860720729665,0.5781874768785757,0.2742165273505174,1.0370209459499968,-0.06164161747752518,0.5287112540233924,0.7590126975495928,0.7884531334423543,0.00736313799905744,0
0.7639467483935225,0.40216989697244643,0.5114646665859246,0.09011424186541644,0.5031383577417995,0.6759958014347316,0.3494079863887898,1.1419576853830113,0.4242862528263591,0.21127191113671018,1
0.471348250430961,0.5381499026269084,0.22579739765863158,0.6456986024106964,0.7858878932288937,0.9238043409135682,0.020766133554175323,0.6572442503872833,0.9815980321841965,0.16596118765001155,0
0.15786678809283164,0.78128316869889,0.5543486508776346,0.5970571739419384,0.04627522481927529,0.6866484931929353,0.6504601348924377,0.7004041874077521,0.17671067051577316,0.7863697786079458,1
0.135776786175053,0.6116812000459255,0.02967372828909775,0.269128583125014,0.10731604119857822,0.5290405138537428,0.7191398411170248,0.15645922314336103,0.9773038444689642,0.03168179340282384,1
0.7445736793577101,0.35683119975390476,0.7091025905717938,0.3677785506083989,0.3486800147475204,0.7643917998173696,0.4756280854572739,0.6251501652097673,0.1050773953619185,0.546876402722716,3
0.23770179044264927,0.8079217391404317,0.34440574376445093,0.7494180126990259,0.9170046816493201,0.3426639044101264,0.8489386238246216,0.8991953538400413,0.32277618220848014,0.3593179157243811,2
0.24019486947392277,0.5522245560113147,1.0269708460418774,0.657489113905237,0.04525157809600987,0.8486742605743276,0.159697097272672,0.11363870306862148,0.38932810092240144,0.4082528521650718,3
0.5912960687292459,0.3957432679631915,-0.17650545681457017,0.9781918901345099,0.24387673927045028,1.1999728879975564,1.0649943373376438,0.4772081862202947,0.3683938754161375,0.8625821260072666,1
0.30436179966412696,0.8808109325367975,0.511754819527132,0.728536056106032,0.7014437759023304,0.6762274909988589,0.4226210787529896,0.0497732324546438,0.7728627047329322,0.25419427838341,0
0.1715646549531355,0.6490975316139903,0.03428564644740617,-0.5240083241860999,0.06065422070069515,-0.10794787314371326,1.1307870657405115,0.8453828925928376,0.7917727914706852,-0.7120697634672838,0
0.5935655991032176,0.6101092589162247,1.1441883354170863,0.5735715111317526,0.6432941610210108,0.5325156894471457,0.30029121679049353,0.7270368289753474,0.5473776871649412,0.40635926106002207,0
0.2307672112226949,0.029780434287768193,0.5087601673364537,-0.44750779774286586,1.0534245114424228,0.4374993977771369,0.9402904943073859,-0.4959194916857109,1.137744724295961,0.3156030914060277,2
0.9818568127621701,0.43087436315673733,0.5477375408013957,0.06734478789798332,0.48895275492656065,0.7594119057008716,0.6307261608543099,0.9917094324079211,0.15041417562751536,0.026826552767043654,1
0.9790950774422231,0.4329935312395633,-0.05011487951008209,0.028847641009598024,0.0973927889192613,0.6314934491656975,0.30005504650338316,1.1982590784933755,0.5267894791082476,0.5746984283264299,2
0.021726105202689583,0.8703439377708098,0.573870613865303,0.9090643696769634,0.7399309136379433,0.31449510894175164,0.7089540694511661,-0.07405841269262481,0.3892872233332697,0.9744963534698633,0
1.1234828684947917,0.19194508219823447,1.3767250451258093,0.9609685264148433,-0.0361632487780878,0.1097775895643543,1.3669624799511815,1.1460793400214044,-0.22401574589918177,-0.22666577787133974,0
0.18032817095558282,0.7465972133807616,0.4703996890118042,0.5541534258656499,0.14376538955045057,0.857476357088639,0.5181495705042005,0.7063885902530816,0.10232592555522582,0.7249177946254804,1
0.8721157186731545,0.811431375961422,0.885075512512299,0.6638933789823649,0.595123889039419,0.8095077619841937,0.1310873231513408,0.7377780238542541,0.6783966222974335,0.5071035943279343,0
0.01866181336067545,1.0071039177289727,1.0165695239554156,0.2439008736726606,0.15150670015316475,0.41326717438623356,0.8069456696743538,1.0670739324514944,0.8112776892399841,0.1130924567662567,3
0.8902404871023482,0.39131879597234887,0.6371016060347863,0.19990463035807354,-0.15427355631595105,0.342135531118967,0.529553638463484,0.45063591900763644,0.13499759827320598,0.24894194043000417,0
-0.023681781016954243,0.45090197989042324,0.2409287149354158,0.277479473481381,1.0528583695937928,0.640670718714089,0.9754005755467969,0.5283922027637068,0.23878218792000325,0.6139542449080195,2
0.9343804469253407,0.3422852622909318,0.4261420980846716,0.9577982496379853,0.6631128481548255,0.5413852030948215,0.9957151174154535,0.6042968096760623,0.9169364160728032,0.43516250710098836,0
1.5049016189795086,0.5528247112339636,1.1168719656390937,-0.41543083605264086,0.3855568206539437,0.24585062628454013,1.326909102241812,1.655198696229924,1.286356318385291,1.060378310842487,2
0.8179165479798127,0.650647486815529,0.5302724524436644,0.024395020645831357,0.55976046279789,-0.011661336917473227,0.7859781556290514,1.0137702538425462,0.8234149793932777,0.8290963185155347,1
1.0489864396840864,0.46507810634269,0.5512834626435861,0.9405122741370109,0.5313844057750341,0.5462229105792628,1.1558174124415506,0.5493639646078199,1.0312943140301398,0.27781373600249315,0
0.8162674280268503,0.8062669316080182,-0.0007147070761258506,0.7805616033784128,0.11370931166184123,1.4802831105616774,0.9393982983568481,-0.023981899740846913,0.5805968913959281,0.9460967225208216,1
0.3601618636591258,0.9060667672834665,0.2936803876463113,0.30985174061275833,-0.5510028947009897,0.2900723796460447,0.39734120550436797,1.0237083364971484,0.38362700110839176,0.12346992270968757,3
0.11358824657056588,1.0162175261179138,0.9174230644482738,0.23524591968380404,0.033030677111670396,0.230420131164847,0.9078484251226211,1.0355078357799166,0.6946174781573735,0.24137786907288367,3
0.7597563000079771,0.07144473003932898,0.5751577673593755,0.846536299282881,0.9021738083537285,0.8741665085770652,0.26403264787539815,0.8086528908984671,0.46782504756718407,0.47841643344478757,0
0.7958242855492373,0.22851758936102745,0.046231523715619505,0.702342675836375,0.3483636298947882,1.0264877201193081,0.7855981854664057,0.45835171950459425,0.6501882811062628,0.5858973235984428,1
1.00414867378341,0.5475498911698059,0.559549542476364,1.2006100098656385,0.3893891937950218,0.46922457400698236,0.8930388922366602,0.45496248951662743,0.7725013849888189,0.5472963750573526,0
0.533639778621701,0.8041262039445632,0.5337828875356652,0.36070511512977715,0.43853461634648433,0.7884750189422173,0.16295596841570426,0.8152300548478545,0.3497151487291476,0.38888360567907315,2
0.9487540477324069,0.5258711998659682,0.3955773917151525,0.3312093481907201,0.5117967528965244,0.3894017155038746,0.6243373603274883,1.1518924681288158,0.8324510944469523,0.2965615991193619,2
0.1605932893996437,0.7439340149408359,0.48394160024017113,0.579073922930509,0.130660652369303,0.8505555175311259,0.5185318076082076,0.7224922207774888,0.1266306254784214,0.737313256575679,1
0.8503441061052052,-0.04692756368935508,0.8763817944321723,0.10435928923807361,0.8648253925715744,0.34632798084142613,0.8852760737657143,0.4668967974158251,0.6283386581911476,0.31567551410073796,0
0.41995234589038327,0.2017427883237331,0.2991412173318748,0.7442676714899753,0.2579639313777175,0.3085796730253778,0.9625985231948626,0.04146758518423629,0.8070019877861935,0.194205593987606,3
0.6503493046077322,0.7999003274727127,0.10226775849037567,0.6961641420259365,0.5257442907362379,0.41805713411764545,0.5539131926840868,0.04902246440518076,0.48153003481494994,0.002727006496767894,0
0.46196685970823576,0.5124259386687635,0.9275046618900222,1.0476921615612134,0.335166371641053,0.193489530852425,0.2960929876489478,0.5697276339942638,0.25360211706297686,0.2968817440176113,3
-0.09002263182819768,0.7694029867625172,0.03465160053021313,0.7914935503539008,0.04963291135619022,0.4912576480888427,0.36978698564359314,0.36486524405541776,0.4048541872619036,0.9752680605268074,1
0.5102714313407263,0.7437255810400482,0.8296818365273666,0.9265863297722864,0.6534277598898555,0.4526831984840602,0.4497674254711496,0.3569848235597905,0.22342862266513924,0.08298342785004541,1
0.41598213749806523,0.33765576315019186,0.10867103928902813,0.6166748973901631,0.4425242773103809,0.23996974893248632,1.088617498474007,0.0797010193270564,0.6567008840998704,0.1944992191915611,3
0.40863128240842667,0.7480251091857287,0.3233392672748521,-0.11125474210323977,-0.06851168977394465,0.8303108246717208,0.6648820235646288,0.07205799034963559,0.6646372264396666,-0.007397098229599441,1
0.7271283063168322,0.4447771395919267,0.8805869805213803,0.33415418000797636,0.08255200515796518,0.35877118424643156,0.7835713657403378,0.547811081688002,0.30698744076422535,0.16767885573535796,0
0.1148901952499561,0.3539246481890934,0.25099547075900014,0.1859673847698335,0.48838022938235476,0.89561055003081,0.2046390073858156,0.033401052007251686,0.7667826728471802,0.8170012986048394,2
0.6207304652206769,0.5569550128019398,0.4186813181940362,0.41859712057983894,0.05499707939502241,0.6158912647772085,0.7629390169206391,0.656752814896829,0.7778877001077708,0.8423871753101156,2
0.7589814955305839,0.4371485198314629,0.6364500567237206,0.24557677988719084,0.15276689420742867,0.5600739614938947,0.9456600388702109,0.40819637295409716,0.7404124729543444,0.9152508321030355,2
0.3461733184718462,0.19541894591337372,1.6982392634432357,0.6661176049903328,1.325563985456951,0.8974742017286138,0.3747114287711092,0.952170456188621,0.12883078271109694,-0.27973187785616066,1
0.16741950100383593,0.1576145183801413,0.8592825069475774,0.20935188854558817,0.7274419532637649,0.07142386504145722,0.7374177770524953,0.029673269966674895,0.3260887548905482,0.7499609412121905,0
0.05980395334736627,0.24886281919018083,0.3234138018370767,0.3010717327696702,0.9813731098436518,0.5739277505229889,0.2602534747861062,0.8340148575838209,0.8346062259512568,0.5255519215516665,2
0.8200963548251246,0.7446504652147433,0.9170446361915707,0.6104994232738679,0.6088651331034759,0.8446989313704897,0.06619924186178362,0.72470249231315,0.7255486173467534,0.4531442076964823,0
0.87932106552059,0.3071301356064558,0.9437789481843012,0.3988635356721847,0.5219216566311581,0.6728878203027202,0.2112026794834617,0.6789228727136278,0.8920844106395506,0.794245298653298,1
-0.319724332611126,0.585634692313057,0.6444628891620355,0.41285570897605084,1.0327871818331886,0.11624050840923494,1.0903675517004023,0.26946960979743323,0.03872870386128169,0.5626929609818067,2
0.8737445765078448,0.37052792738788737,0.7954449274451656,0.5556182627723713,0.7247356417768924,0.2782864965132474,0.7450322677199483,0.9886561315350122,0.9904598570479576,0.5236660354847252,0
-0.012976304866185395,0.08653987297489332,0.6366605307235833,0.2813645219229603,0.04930964506501197,0.23527533641065995,0.5537991657551629,0.21068851953637757,0.6845329257724585,0.7798219755473134,0
0.5965532577404725,0.3325169286847887,0.14341787292503966,1.09076967146115,0.41699333484344225,0.8556553647915627,1.0963721805524016,0.5962350136791515,0.47530727769104,0.0386943293476225,1
-0.12847187807450988,0.7320051720414763,-0.004746004198009579,0.9165324410802139,0.04493035971293724,0.4794773360885851,0.011529913650942497,0.3809311890878051,0.5775693899956988,1.1465728575086482,1
0.7370969349279072,0.5589114594800373,0.493176461880484,0.12070631953637348,0.5125793677439219,0.04783005688528264,0.7626700683758566,0.9101874164898677,0.8039908918186444,0.8438840986280102,1
0.040823962055737566,0.2842608388708954,0.28906156309541997,0.29880945260410574,0.9274029534335784,0.6139163800457983,0.27722838795453114,0.9030080833873289,0.8208745668715905,0.5622236891080638,2
0.19096703454914546,1.01477993608345,0.39976874109444444,0.02241494145112396,0.15002003771743352,0.9012848205476881,0.5119361651313732,0.21005435324478686,0.7260162858221355,0.5980216676416105,1
0.8943293983646285,0.2352240993235704,0.4126693322568095,1.0178387730966068,0.5699535107720366,0.575891323138932,1.072933033265033,0.7011844250778108,0.8976422354278194,0.3355626618681627,0
0.11526515573352396,0.4638818393674758,0.3165192294215352,0.9436402283474695,0.6005434413539649,0.7949393358395362,0.374591050694839,0.089264960663792,0.17568946055495036,0.07206678117829778,1
0.13173958634601862,0.653178501226412,0.8821186129538117,0.883522461981811,0.4275383738207868,0.6085292259140692,1.0107425135721093,0.11562538767432773,-0.42672911771083644,0.5564842848300905,3
0.8727639769221294,0.20548420723923116,-0.14465977555963944,0.6652329574663605,0.21404067872692595,0.8718489516959006,1.0062942912570412,0.28184601451975755,0.42867775636379923,0.5738172620175639,1
0.8880758653137499,0.28921966218559264,0.6673156579304895,0.11847290754288975,0.2256072794114351,0.6522830238906792,0.7844245761982975,0.3952762867053088,0.6935513947418064,0.8096964432110447,2
0.9533121623832881,0.8607063872543211,0.336591061561872,0.16104718061291656,-0.43811154415414044,0.6387556583231637,1.2022202474193633,0.5580306446184472,0.527447031654031,0.4873907234991167,0
0.8744396086556899,0.6483158258364208,0.8851456048872601,0.3630744129771696,0.9205409962119192,-0.058465897330017794,0.8810850151820586,1.2129569716380202,0.6266059804320647,1.0390610059949685,1
1.1922572877410555,0.5794971506923599,0.9010470925899321,0.2017712788961332,0.7420138208991722,1.1429833235385571,0.3409689350698517,0.88468087713045,0.16618633062245974,0.30829272543645414,1
0.14690044822278278,0.2793279939625972,0.18696962133382086,0.6517646933885619,0.87034856410588,0.18572092281454808,0.49751475700715697,0.8407199347326177,0.5397688461605156,0.36918279290789935,3
0.8318906866011841,0.13536128950262485,0.6597738743355723,0.06668133268418361,0.5347957561635738,0.3922427694341878,0.1807841119845708,0.9386679368519877,0.9166977505415261,0.8214106157521608,2
0.577748267439514,1.5550044285607632,0.9779128763613637,0.921369266970523,0.2181320329928818,-0.28901868642955686,1.3174060680708055,-0.11711481181740757,0.6727824742872032,-0.7433468905608569,1
0.9753555660489628,0.7782130811192418,0.8934494551823459,0.6105064903669685,0.5863306307319854,0.8217049434113426,0.014247655778861987,0.9020587880652704,0.8247271187416205,0.5748344432853695,0
0.539609615604894,0.8027856254681988,0.5370059351248821,0.3640800327985727,0.44694656259651816,0.7831272540145213,0.15991494758519798,0.8138180830130579,0.357448467048947,0.39183855443161225,2
0.038902049852147416,0.8342888541686121,0.8551672646254767,0.40705969056501684,0.022861370211339445,0.30450576053687906,0.7766576581344605,0.9370266931888088,0.6882938451651428,0.16822642867247367,3
0.08839209372480712,0.33156020492274907,0.26149399054475797,0.7690427020670925,0.948491421299517,0.37781663777777397,0.5562052588697283,0.7433629683851836,0.5861615753992425,0.4322379455706917,3
0.4116842771713096,0.6610338430458915,0.704616493394256,0.37734495559892534,0.3070970549796723,0.7010015560498115,0.3818571921911833,0.39408521795091744,0.21268276944045364,0.644165178130216,3
0.012447927910234309,0.8202826804482771,0.994160818059358,0.27208722976521305,-0.04030168084924281,0.44440445616658725,0.915141247058537,0.8891549070747906,0.8344325672423119,0.16946765078938328,3
0.0022861267698879115,0.09005974347877911,0.6330869184359984,0.273418350866596,0.023502020162784028,0.20016411594609956,0.5952699514477413,0.2449998207233948,0.6636456021849758,0.7653277764956644,0
0.16770562923615723,0.16861620663263596,0.29566610539673466,0.7480635834824626,0.886355677971823,0.2847284823968874,0.4330926007621578,0.8722443011176131,0.6023466455684284,0.2977287382188844,3
-0.13125982925459792,1.1789089671536361,0.644454124434128,0.294022695471013,-0.07672047060040332,0.19206257235100746,0.6707545796717346,1.1729949186057689,0.41613888801562376,0.20287475296353688,3
0.45959560755099604,0.39146543961835134,1.084517039696242,0.11416763879456465,-0.12929886323616793,0.082052227525436,0.7154945148890399,1.1202705010968672,-0.22558843530097344,0.31301208445805695,0
0.12245384988823294,1.03412827304025,0.4290025343392109,1.3212501653988178,1.0189657076912035,0.47640718604168125,0.8609364696720646,0.6282384823250833,-0.0252308283497249,0.2307328584480942,1
1.3677516334810964,0.6462492826000282,0.4571547011703815,-0.08233422613581629,0.20370117703052068,0.9329616531621899,1.0604100185557432,0.18262174776194684,0.03233191263991897,-0.0190616202106985,1
0.47674796300914835,0.19682968817622493,0.11064727084241142,1.0338780457186851,0.48311886828372436,0.828271531551795,0.9562666230904069,0.73344483509788,0.5159180033928158,-0.05905869495230977,1
0.6063126153335067,-0.050499686390823674,0.24287845836583422,0.24855886023625823,0.3453995344453925,0.5428851540854085,0.34421459093220264,0.8485960278623219,0.450097812846643,-0.015560121751206316,3
0.9189058359174229,0.21581023749770745,0.9003784763918042,0.388611498393043,0.4874586444051273,0.7346499953590541,0.15205491909264757,0.7186181433298334,0.8549974174469135,0.9076444923481565,1
0.43404704537502087,0.02652120726389255,0.5265839155477905,1.1001139588353492,0.9673103093510262,1.1007764437575454,0.7505385463558535,1.1988400293062411,1.147423835921444,0.9480232833682944,0
0.4701446270544849,0.1585308702765108,0.7253330369361151,0.17959586430572483,0.9834161867990621,0.11973561282900304,0.4126130641581993,0.9900469461424628,0.7279680735509138,0.303195721588768,0
-0.11529826753044978,1.0131534572232122,1.0387873412259525,0.4237488913128872,0.11444339894357305,0.3359820956698317,0.8970137083949064,1.0501599140444045,0.7263468479533861,0.03515219655473567,3
0.7985607882495305,0.2655781970382785,0.9659997525082755,0.14556543583696285,1.0050892315681816,0.23556926930990135,0.7496379156937101,0.9965771223208592,0.6892839383692059,0.6588238454461242,0
0.6739506092736904,0.523930807543023,0.9615965730086085,-0.10698344141285698,0.9107094661825414,0.2879106248369197,1.1112248124968742,1.0380315603213446,1.0419286992746721,0.8571765657715081,0
0.8113581437841646,0.1441483941572167,0.6714606079425346,0.11258716023202345,0.515994677319123,0.39963024885535026,0.17837143987420498,0.9080003113040463,0.9397714774245228,0.7919310743893144,2
-0.09545108168319724,0.16903356591970561,0.6880214406573292,0.1743636117600668,-0.003824151233486499,0.2180064725938344,0.6081693338729217,0.20673680877829925,0.7082910401891738,0.7127840924972999,0
0.22488437785394275,0.18279874948329652,0.6038920717925034,0.2104324246499241,0.9765946831860821,0.11209490842419555,0.6489172761229267,0.853745306090676,0.6763066714671315,0.2218605081415676,0
0.8069379198206779,0.23648255733332757,0.7592811812024806,-0.027847968057301914,1.2098823338070055,0.22952326550261568,0.9414636392037607,1.0070945312491921,0.8473640253209775,0.48474196712548706,0
0.025101450054009735,0.1535455379197841,0.6665072155680473,0.29920908621070763,0.037140849459178546,0.17214442134384872,0.5183622553534051,0.2488226702753558,0.6734227879390546,0.7372093600257972,0
0.6234848569112595,0.21642099682709082,0.1351695990837008,0.9066908944209018,0.40136767950224955,0.8405274402566493,1.064138965751319,0.5975396757892928,0.5563670943660853,0.06882966680793318,1
0.8666242918407073,0.4020089004770955,0.8127932565665329,0.5577856025979343,0.7209809878522783,0.28038813444489263,0.7391268091992258,0.9905455957665711,1.0096022048475466,0.518746785555921,0
0.6680808533982265,1.0201974280707324,0.33428158975629163,0.34585944520557077,0.2804594644817406,0.874012059094156,1.1225906561235914,0.13856252364071098,0.9600649376042141,0.014005311491861488,0
0.3734930811322037,0.2033166528655987,0.3440464574272144,1.3022020411306832,0.08162605628775069,-0.3553819968805131,0.08804562262514493,1.0997869527882167,-0.1832449330201038,0.7186403916091743,3
0.11609382508818628,0.24364406548758016,0.6774896320188979,1.04847378850098,0.7557585762849411,0.9563129850170866,0.5761287821767525,0.41018367978498416,0.42419789800971625,0.539895953809361,3
-0.4212315267085558,0.8463741209996402,1.3398833819989648,0.41755297580765827,0.7427323726331109,1.087497830110781,0.7856755613014692,0.2917075561649999,0.2063019003309543,1.1627502197678667,2
0.934795313317625,0.2738146801824328,0.3448097508305388,0.9281625445188517,0.5637388929553453,0.48798805483809937,1.072063176078995,0.5258667214890731,1.0147403116343061,0.4344740518588143,0
0.4499389399881941,0.5448479775884429,0.2248530529657001,0.6219221872719118,0.8129924140161967,0.970733681366993,0.05216217258578532,0.6780105610451165,0.9690877243695959,0.1542066126239575,0
0.839412227742441,0.16994704064175503,0.5492551066952647,0.5315682259770762,0.15124049026477798,0.10207962748698586,0.25989104084376513,0.9064538120066098,0.5100480612227251,0.6103457552640735,2
0.09317475972020872,1.402558315632365,0.881980401064671,0.2041656546048204,0.11428326120735778,0.41520452847486367,0.6064535599619926,0.4410625185651105,0.27794593574352633,0.09092039496144266,1
0.2920027114307996,0.22710763743023132,0.388902714652892,0.4114379004392271,0.28256121620858654,0.8137230069661983,0.17149396187535784,-0.1482011228255202,0.6399380758716312,0.8961945378426406,2
0.5293731636180602,0.15938169931801055,1.0456760208572402,0.6851022373978026,0.3603632606951036,0.8746210984135585,0.29122105258273373,-0.03531181728363866,0.4182798990939537,0.5402482758001717,0
0.7370031951978405,0.6894737440707868,0.990072944025314,0.6991522248429077,0.43810533826244774,0.726904803269828,0.5554959438419317,0.6933931281327642,0.3627101691072021,0.29321035046341587,3
0.11003190204325429,0.8575367737939773,0.8222104974660288,0.8102370297355898,0.5318034557907712,0.7781945284005615,0.15347003960302116,0.8357091534835617,0.5774416196223509,0.6077216047972209,3
0.6583836403139268,0.9813008111657594,0.8423576077535747,0.8094195186317547,1.0277847458012563,0.18119715504295952,0.7948844336664878,0.42074384592116043,0.46477413836325704,0.4802984630118748,1
0.2927576712343205,0.5309595363379724,0.17569154406514412,0.6586624510059153,0.8174656126281845,0.6065537988884984,-0.16271735562772682,0.6051635979444213,1.051078036502934,0.40044628748462263,0
0.30983908270209076,-0.1274957191507981,0.44113655787000017,0.5598180556662455,0.6030049833192388,1.0357118660288684,0.7417102074449812,0.2570381767843323,0.3659362523045889,0.882019919592678,3
0.0035240380943702826,0.13285685751842535,0.34302971460584397,0.8409306545864672,0.9624514997433682,0.22691629201559066,0.4183200034071767,0.8313416518949477,0.6678720795574233,0.38199083500722897,3
1.0220842831804382,0.6867899422152025,0.8222416228465251,0.26476116363849217,0.7059303327589682,0.49473747207333,0.47107033933748294,0.44921213380908764,0.41097347850177035,0.5829644872050929,2
0.8965582142693724,0.38194907185398164,0.8377042288213241,0.5422715538474348,0.7387684696652774,0.30456831764018455,0.7605932211968176,1.0070823621791842,1.007639839520905,0.5543902327492619,0
1.1233960975994957,0.32116145122065265,0.537332570651674,0.8212543820920166,0.8835921098166791,0.37244794742894805,0.9084820546784945,0.8026724549897933,0.940176614761635,0.2663936583367905,0
0.5373583728914882,0.2733819720223157,0.05971773989301209,1.0073633847294863,0.4095970133915937,0.7836402606327936,0.9713761868410292,0.6773736010224208,0.535874800922043,0.038828956345133656,1
0.5773530149800274,0.6190158947141592,1.1281011109716679,0.23771748633022033,0.6494967503666453,0.5646741982548783,0.37518221476977287,0.5210456575747832,0.21632778489458154,0.6851241328303121,3
0.11558736124415515,0.8414516151172832,0.8162168771517002,0.82817636134145,0.5252004740708791,0.7645664010627518,0.14814342981198791,0.8194807634012073,0.5773951986959428,0.5959242093443119,3
0.9282941396041697,0.6654132371907021,0.8243549682991017,0.3134363964664429,0.6318598680159163,0.5415370758395623,0.3774783329479288,0.46246155076376405,0.37728448467691433,0.6446366546805985,2
-0.26803058209452113,0.3971755099482329,0.42605827776952837,0.003223205107141275,1.1793505797316395,0.13741407944953588,0.9605813842054214,0.21557672649321097,-0.3008054332266098,0.5602054520200194,2
0.9135672615384218,0.07371125871008666,0.557432369325298,0.4362484160668735,0.19535932716349333,0.0889846423941521,0.2571687453803001,1.061116681965126,0.43691564017544315,0.697810178005681,2
0.14694595128982274,0.20306472878003953,0.30815695371375,0.7148392547021512,0.9029507115899528,0.26238784250723396,0.41763063581873144,0.8120627382912772,0.6202025518399621,0.2947106400789454,3
0.6588107448379916,0.08101550899757531,0.5077217733913587,0.4887955312660369,-0.34008450966387094,0.346861735455267,1.232459300425501,0.9125600762200095,-0.11149347451174191,0.5539617880713708,0
0.32551275586189254,0.15432715119720503,0.4242946446063187,0.10759850599831498,0.575568076025259,0.8012460473211699,0.28623153041631955,-0.0158451903539394,0.7803087574212956,0.6881596547863653,2
1.0354147805665204,1.5457749269488723,1.0827433112609333,0.5920247942351327,0.039011223336830214,1.6814898486429595,1.1068780890922523,0.4148412655554523,1.0303220496730794,0.34156260934854943,3
0.16255322594557006,0.7713871735623549,0.48045637344630904,0.5815734291678446,0.1417564691580693,0.8338202006120053,0.5128951064330599,0.7202252782241947,0.10334006599372038,0.7318083993856953,1
0.9509210954453837,0.3230303370740619,0.3790497972506364,0.9989650163850808,0.6454014323224233,0.5740913893926687,0.9712750957600321,0.5733295226316155,0.9401957675418169,0.4884548340844435,0
0.6610972320089304,0.05851336152114451,0.7569756082220764,1.0167917884994098,0.530917137685977,0.909608561566924,-0.047766069869724204,-0.20525747877724326,0.4970999958744786,0.8410913291023138,0
0.10823492812077343,0.4742510657205431,0.3036035888292953,0.9551973198113052,0.5906671824281363,0.7740498890833174,0.3630318069540959,0.08036229100383485,0.16221330991672264,0.06574410604416503,1
0.14623560656365864,0.6872066308841599,0.3105525792773574,0.5087135662468654,0.5347254595903685,0.8433812311122239,0.5748152401875397,0.042438457243932026,0.9734656685130388,0.1879977800165017,0
0.976302581710293,0.35626847828176544,0.3472829684704678,1.0262951099870652,0.5949487031890539,0.5421950827209098,1.0047265777703562,0.5301264396020395,0.9733110822309554,0.42213428521417556,0
0.19819883486633932,0.6275641443242075,0.8323307758697982,0.3952424646996901,0.3056992843578821,0.5926589885269422,0.8893790615739352,0.4824177542082161,-0.07140730265613776,0.07502551689786036,3
0.647600954463333,0.411630597906608,0.6792539671807227,0.27668954735176154,0.41098607089940614,0.4675557497474769,0.6985194151602239,0.5733862355741035,0.7258271687534136,1.033374233724112,2
0.8688579280597778,0.308364912586659,0.38314775837458154,0.8832838010556178,0.7395579132815329,0.433034770954692,0.9854456009554016,0.5973781491795757,0.8909774057242432,0.3596290452241258,0
0.1327545367745179,1.3033294198169365,0.7185684108696784,0.8872528574278689,0.6667167057062466,0.14632207746346207,0.64864226678293,0.266299364648911,0.6313907392097025,0.5747302618395935,0
0.6926134170219241,0.6864700853480763,0.6078428389644804,-0.038651304316823995,0.508867013857843,0.07781091905930147,0.8544681973440477,1.0673392627223224,0.7188170888372234,0.8510585398757378,1
-0.06374911067400776,0.3653784942650307,0.5467962356609289,0.13503992107246207,1.0146874182343077,0.6962635960040034,0.14734383427381603,0.7164345279705193,1.0236158621760052,0.5076211437810189,2
0.23295301573471336,0.46055488389295923,0.20651436003216006,0.8342686458003409,0.1222505861566877,0.36622487783675894,0.3382825333713592,0.2281425622727961,0.49153626234448056,1.0473314896305599,1
0.44439838588494024,0.9247161536394064,0.36527580024006395,-0.09771596135071564,0.0485033515218814,0.8800710055912568,0.49603103642709856,0.11357351467831428,0.9850947125252659,1.157464922494905,2
0.25862630828866306,0.6794594734258907,1.1139406840635857,0.8109247717212109,1.008899689319053,0.05049893044871023,0.45188218535964486,-0.07351628173473901,-0.07825062352540729,0.9934899003053966,3
0.06195321100880344,0.8925572706966347,0.7691743871840279,0.48631923722481907,0.4689340162675618,0.9287846248683486,0.21311257705001688,0.8935471350735097,-0.004082630916436517,0.1997923243547306,3
1.1155129448247774,0.8886688706138707,1.4415667309122293,0.47531866613405244,0.1395648612389852,0.4114348142700401,0.653664056008258,-0.08359457648996249,0.14588706809109397,-0.19165264973618867,3
0.6027967295876583,-0.23770802557333026,0.7884868620934717,1.0917030596105286,0.0935659298505892,0.4865023368584558,0.4532664695615257,0.9380497213332655,-0.08970116113150062,1.2459475134408051,0
0.7495774162972427,0.8438702121897488,0.8533992174732911,0.6196121732009104,0.735054993771166,0.8800349828478601,0.09985973783167779,0.7430950989075434,0.7028195061739577,0.436410782318996,0
0.5090473919995107,0.582414423854498,0.9177316991356623,0.45881922014499477,0.4414792278870381,0.7018224185873044,0.6117413672998805,0.5114280556882999,0.29162340082133636,0.3997505174207134,3
0.5350499201914645,0.8101198904966803,0.5324180918020437,0.361393820208859,0.447709023978697,0.7857314573112514,0.1666312374576825,0.8164578134980518,0.34842183789531345,0.3983119284064816,2
0.20522246759453297,0.3725982723738256,0.23629023936706317,0.18393767213359127,0.4676876309796826,0.8534630927427681,0.30614576834473484,0.05382097338264805,0.7813245066447001,0.8591941884197262,2
0.8545768810461889,0.3709018330809105,0.7871862722159481,0.5487146025654493,0.70917675608321,0.28086298149142974,0.732834131009605,0.996698208975028,0.9857741188131991,0.5222804038792705,0
0.38642997393005224,1.2683241036326787,0.3833606988819465,0.9311793015273091,0.8728800929101396,0.3099241577149777,-0.10977911055446443,0.8049376372307453,0.10614668536016565,-0.04885932811529628,1
0.43114773070357193,0.07652826083516817,0.26219590456669645,0.268402754293356,0.2815361611925745,0.53965628351491,0.43979112658942376,0.9487226717598559,0.3347314507369509,0.11515103059605566,3
0.9274881694566202,0.6033705493478724,0.4287478731722024,0.07942260322573003,0.3792040143917924,0.7314127065504724,0.6938927996592468,0.591117454949336,0.19917058518056796,0.13517471162721245,1
0.05261516323695002,0.05382291620150978,0.6347019900128131,0.2563245833388577,0.059722823311042283,0.2433296951940585,0.5438673382655533,0.2051134412703715,0.7405850334148303,0.7669499231529533,0
0.5330196817281603,0.8057929602978632,0.5348923341221733,0.3491498928488047,0.4453009821695727,0.7872701091132562,0.17049826506551205,0.8056712879154337,0.35502176268735314,0.37837716235442675,2
0.5138706411263934,0.531253542674115,0.9412029486088452,0.589721740355969,0.5576639304233393,0.6960874773158233,0.5554196426197258,0.6079908159003555,0.1723286761263792,0.45510387782045947,3
0.20624791235836668,0.14606277455911065,0.34410084192128443,0.7093229819892473,0.813686721862757,0.1946865302335982,0.49087612391155516,0.7898474838117692,0.5563930335608107,0.3689660574494888,3
0.0688704522068065,0.6534686890001548,0.23503514292110142,0.28617324283447376,-0.07308396319218252,0.3545041580300257,0.5492780075401015,0.36032098670638335,1.1249007947624639,-0.16686409517319953,1
0.0999384192475931,0.14171026614303683,0.3104591507563209,0.7439255388077498,0.8259232187632021,0.26889751330121897,0.4052752829021567,0.8028604827038335,0.6852916404602949,0.2463448622991467,3
0.33242712711837163,0.5576236721046561,1.0682288102486768,0.9939931021530699,0.03586643899956532,0.12877444283049816,0.5537696041622593,0.43597074055880813,-0.10148956542192505,-0.05842093739108034,1
0.2208884863819195,0.8362692025012107,0.3705149276189122,0.8957255103243376,0.48805276790991586,0.21729678691219365,0.896649957638195,0.056715301502093515,0.4363108732833235,0.8870833232878713,0
0.5038081717207432,0.04186186567341074,0.9664365235062614,0.9238325142839209,0.4903333352238232,0.6958618987729625,0.23011382938631098,0.03172976695315577,0.6600644013468824,0.5228316888328249,0
0.7397573942731438,0.7642241221574269,0.976015664254532,0.5989165683302775,0.6703827417281959,0.7927162931642308,0.12586899967702442,0.7686487016811854,0.7848676888397681,0.5810161008952343,0
0.048672650802069374,0.28640499244694834,0.3470327395101931,0.26290395674562456,0.9651436659647052,0.5694830576805876,0.21971502189816972,0.871518040594367,0.8332662162914918,0.5595450203453219,2
0.412619189733227,0.5116997852442217,0.7279098714572725,0.356137434686408,0.3900172374920136,0.8704174688318729,0.9399468078770264,0.4186254645041693,1.202084897722925,0.8929366997775143,2
0.46505512226963736,0.5819588878316628,0.7487489375927205,0.9399398958529102,0.667566099385968,0.6875426309431579,0.5655877312715207,0.03957067668614733,0.31570096381820345,-0.4295646825308028,3
0.4670646176511629,0.5429875897601856,0.2300324504970657,0.6431741581003493,0.784473877466332,0.9242319137757562,0.020900243370153927,0.6572911125943302,0.9777166965152334,0.16211012603457992,0
0.15485361710466858,0.5995742451231839,0.04599809268779295,0.24773236342673668,0.08463835040578484,0.5076092340767618,0.6961257266415729,0.1498678188232722,0.9851758415821763,0.04205648044903261,1
-0.20518841253038306,0.6448743643567079,0.10916699092265342,1.0873146720094224,0.8767768868703387,0.028832168334273517,0.4431191622267021,0.4944857806923172,0.6976083033491877,0.40120922313139507,0
0.14413891208782562,0.30872098694381933,0.3581931315268982,0.10907852760129695,0.40162324927234894,0.7115615987080741,0.2819515234684522,0.047538843919302076,0.6879418023323687,0.679322828007561,2
0.29085847979310253,0.15625258183883634,0.6735098432508877,0.8951016312986196,0.7975160436878743,0.8449501706341899,0.5618283429145104,0.2362586238342777,0.48294466337151887,0.6955912201865294,3
0.4972760861939044,0.47808534530839275,0.21536954334047143,0.7395409024308773,0.8320096558423797,1.0037623141792649,-0.04289286432780097,0.5735330806715361,0.8928218147901679,0.06760700804043845,0
1.0727530839107353,0.39227228262509745,0.7133916312344062,0.1456636293525072,0.9936667157325709,0.3588262061845445,0.7161127592785425,0.872098850336118,0.7654188746133247,0.6835454703070863,0
0.8657343329464272,0.40456009048200203,0.8210655777832918,0.5787886423501054,0.7200328550040798,0.2867013515450904,0.734850619699689,0.9886926800518939,0.9849880559273315,0.5174176823606322,0
1.2153398049340556,0.27663998865204,0.8700810102437269,0.5285697402430636,-0.14526778356562695,0.062488065174989615,1.2120111556348758,0.8987012831213187,0.6302935761901349,-0.10497998656644497,0
-0.029106610080311512,0.7422290114617979,0.5428067620408074,0.7494602039129075,0.5721413210150752,0.9184919380806098,0.47193215182809384,-0.19240211910608632,1.2065978801100548,0.024123707008020523,0
0.24438026939854302,0.7736432797391611,0.46546844588543923,0.4481488442694603,0.7443326277045842,0.6765779546911157,0.6210815339488938,-0.17222509472779826,1.1009375465740359,0.265175383255769,0
0.7785313346953857,0.478524027823404,0.7216086902318073,0.4893621501007594,0.6594764709428238,0.35424602442947034,0.7172114283048284,0.9973402807475578,1.069160664998595,0.4468667084044824,0
0.9718970977780793,1.199977615168677,0.015494525742562049,0.5434529531488046,0.5213495081564659,0.5835036148378341,0.8219245554456557,0.605018688387844,0.6970123987686697,-0.12664054183978696,1
0.4938353379243848,0.7091405656217082,1.0435207235494715,0.8347415550028456,-0.05922481583607331,-0.062497566797397486,0.2802605142061896,0.6826690063209432,-0.021703532198678904,0.27214575614331293,3
-0.17513701897907252,0.7698955892469269,0.25437267196981955,0.7264139029765795,-0.1187458340462674,0.5979168095353367,0.49509633772645334,0.04387138270636942,0.8045009556110617,0.8856636543412862,1
0.0025684061593053906,0.655248239677663,0.055991447654209284,0.9511633151141098,0.09500709697246018,0.562766320983327,0.0484291554510152,0.23221860880899148,0.45853937591239646,1.0744219291211805,1
0.12990768087035817,0.21202661085051663,0.2640871966383843,0.7115348050656156,0.8807341993873655,0.25648804298508304,0.426538821093323,0.8053464680386457,0.6307943086167245,0.28228018512921865,3
-0.0006270391868464301,0.5345081466266046,0.302196079499922,0.17869143079267674,0.9592804570526282,0.4758923859512791,0.9735622775600263,0.3603804416932439,0.23570565323687603,0.6292227824733033,2
-0.0826068782948529,0.358597663772936,1.1857890208813386,-0.1516232398155859,-0.0246386219926389,0.2546541122247595,0.593333504262745,1.4935680286404374,0.2666095467324307,-0.2758954067030882,3
1.3215933699553237,-0.2099018877647844,-0.21735780743728403,0.9513863659881343,0.8078555685532569,0.26775099826858384,0.43017987996398815,0.9775852323281907,1.1285847427999491,0.4005672869967381,1
0.09589485463324252,0.22872697026909128,0.18272607600747443,0.6847316907927985,0.8345119542142609,0.26300682184771434,0.48877461003428624,0.8580958375963895,0.6773654508313702,0.3641818338194272,3
1.0395036442569245,0.6524243352377102,0.598954642316479,0.1893178202583877,0.43495001131331296,0.7097095752654902,0.5983665042432244,0.6036948375174165,0.3094712576396877,0.10948729042273461,1
0.9335163078297838,0.23027473893516107,0.918324802160617,0.40969098460681413,0.5702013361901382,0.6236911589776627,0.2183138090044749,0.6806205669615438,0.8858029383447326,0.8582780145917841,1
0.31732619591674804,0.16867853098508953,0.6863955711177114,0.7512177072589368,0.8672881298995427,0.8683103215571009,0.4857293471200464,0.1965235860768016,0.49338903711698934,0.8438991066576571,3
0.5758208780191715,0.038505228483856235,1.8927770778192956,0.12213597008465665,-0.9009602826729708,1.0477994418140044,0.1623636791176868,1.1369725681757266,0.8985544780718848,0.10767547745418014,0
0.8135904269357899,0.23483445282866588,0.5899995205334624,0.5910425174279482,0.16934870415805017,0.07414940452256641,0.28442176803804,0.8654296158762621,0.5747540610917021,0.5850699666641601,2
0.7785940441877155,0.25512834354025904,0.5358160268740233,0.5424259518440401,0.21566259061144988,0.056110402065972,0.3176514490277248,0.9879948919688897,0.6113840681779128,0.6435778590313388,2
0.8033328568611551,0.7265566956245373,0.8367285162628324,0.5796309944291743,1.1278588446865356,0.3778481768965779,0.45144416169568397,1.0884015456197902,0.337123598314025,0.9448237225770482,0
0.17331736409504847,0.20979058187451743,0.8262607077487877,0.19112949274856703,0.7580925959846688,0.0847005201733796,0.7710151689770082,0.07993616660328998,0.27709596687435295,0.7627956750661357,0
0.1760448252241134,0.6657999011554211,0.2915496616710231,0.4912017100595149,0.5114678862503824,0.8452167977502472,0.5676426794517543,0.055744363018521925,0.9663623713668462,0.20074926355487197,0
0.32142379655241005,0.13991160967022478,0.6512924264489944,0.8731341038962194,0.7549186836685933,0.8531948071584141,0.5432533681545529,0.21118534004138792,0.516736410594485,0.7329110695848639,3
0.8517965483259757,0.847862487673861,0.8797514102074515,0.642009982951621,0.5888565338113693,0.8184274960229515,0.10772182356730411,0.7584294790357698,0.6903659219499503,0.525250583623105,0
0.000753217427309803,0.09476631301659276,0.6381641114589297,0.26081572030675093,0.029556082523813716,0.2289902663945386,0.5704155007720432,0.2364914308134723,0.6820115312810663,0.7709698702459601,0
0.8933998089927988,0.17536143132449017,0.6095360186963332,0.09136053120783333,0.5052595211956051,0.42428371881177235,0.21751306263322315,0.9435266804584971,0.948031662312981,0.7985248453118139,2
0.1420119951985407,0.2386172868970288,0.8171011893302733,0.20309157920009507,0.7941995686496629,0.1196740927254629,0.8030885122807242,0.07575412334744341,0.2682315736442028,0.7664060320055979,0
0.2890383397847248,0.32022235630637724,0.5535258394259943,0.6915450297193232,0.18535768410904335,0.5972333788895832,0.4087006497704725,0.4671387885820828,0.15867874003496402,0.8476009420491369,3
0.8313760215616625,0.841643019904617,0.7557141863403869,0.537106361551502,0.6694745045994736,0.8002520982430231,0.1122002308043256,0.8811237237542421,0.7369656809321967,0.5953335155684636,0
0.368197700667782,0.7485676170576525,0.3921703916404577,0.7146059432633093,0.8021130065595555,0.26211552370726987,0.7687557899070055,0.9332978185311406,0.17165289181273988,0.2661796391123656,2
0.712563763725343,0.32920744095435156,0.9542841960518627,0.35083169710836587,0.010223615675074224,0.44608476309776246,0.8495649767677145,0.635824257186972,0.22056864093183814,0.14268507879251296,0
-0.43335596727008663,0.8755758682791308,1.3063055030941717,0.8486186041506,0.3525331787907526,0.8513389885456564,0.6738729445123435,0.965868085319681,1.272506663295251,-0.5160326123330327,3
0.31263789377234963,0.9002222177993022,0.36544484208485306,0.7797946200812861,0.8938020489966985,0.2522837810710924,0.8207973103165394,0.9531792375438861,0.3006193829476208,0.3198097387458435,2
0.9209343651899768,0.7498657756731715,1.038035911608405,0.8560860921819352,0.736518512825504,0.9898060943935195,0.2620762789813973,0.7285886088783585,0.8867214171546315,0.4353948277632811,0
0.44756973869937533,-0.021007841863112817,0.898914279137946,0.8974704909945314,0.5349972127722223,0.6999898224633795,0.237608867817905,0.13636635569447592,0.5490601751867495,0.6180360219438459,0
0.5300177365127301,1.1676963734778596,0.08708447369975936,-0.17751838550502524,0.6090370923659112,0.5651785301512153,0.7037113284134587,0.10231352522570475,0.8076037511510998,0.6517708545934723,1
0.7447473682785165,0.7651638758354973,-0.012708175448722575,0.5866661111857332,0.5939334862126278,0.4635784503780317,0.6767251754095135,0.10233284133502499,0.5987724065622377,-0.0633638839102515,0
0.09646593976132763,0.843834526335478,0.8327701380707743,0.8051445412412516,0.529316828283014,0.7781125890956577,0.1476455876334253,0.8381093693684016,0.5816432734141403,0.5911645828805506,3
0.6946265881866224,0.3547921008553265,0.8580741961269244,0.47747536870567614,0.003379435503497452,0.16411959950904012,0.9376984909676866,0.4329798601363736,0.4065643723125987,0.4068536280948587,0
0.9573045067439003,0.3520282901830787,0.3805443616828865,1.014105422868016,0.6688772660044118,0.5158724882294997,1.0728515112596775,0.6477802213004102,0.9264730824455634,0.3789515108289566,0
-0.02262387287620661,0.3220945597147611,0.23367437584216202,0.20063174465802788,1.0531225532624207,0.555889420423966,0.2956794902373602,0.7516183654063783,0.8584552124126444,0.6686598275065736,2
0.5211815297203859,0.7125556773926697,0.8525179415287002,0.8927896526342198,0.6319133496753594,0.47527615035691295,0.4798075682481371,0.35779939501150065,0.2234316263126368,0.034675016377246085,1
1.1154303051391603,0.13897149530645958,0.3289118694956702,0.9455480641484639,0.5193658003809458,0.4542742376316107,0.960954986306024,0.8122761035179978,1.0098427686110936,0.5475222254859209,0
1.059059299752824,0.5522633927601613,0.9529816238856432,0.4100995825804966,1.357524247482316,0.3727497036282408,0.9238156124054899,0.8084619348597049,0.859072820783866,0.2472516346220176,0
0.2502947184066084,-0.05055463409517022,0.7262452852875217,0.21393230815482628,1.0871731208950441,-0.05013461017805842,0.5305583069361994,0.7899015415363331,0.8116212291860101,0.15893611483159079,0
0.8418984076944557,0.36227623919654606,0.8386214041503663,0.5362157829124573,0.6824480705203195,0.28406770587110813,0.7118692492263714,1.010196698887157,0.9862078237161602,0.5550786696223138,0
0.2554060835568865,0.6887483001719203,0.3312801801508841,0.5757836159165906,0.4110856875526445,0.9977044572485417,0.6715923921084446,0.1410697590962141,0.9276155506070022,0.21672393761140515,0
0.44795295657344275,0.49346469351822925,0.3040096174269287,0.6903956500765378,0.8355685017833275,0.971952974954703,0.07702088592874595,0.7388605885504083,0.906048504496282,0.20360870362123468,0
0.6999710769396688,0.41174107059213666,0.6034945854389804,0.24144105288289738,0.12263550315475918,0.5592234498939864,0.9279432652132137,0.39596584774161514,0.7757856832384946,0.8599460025350248,2
0.16491177877662339,0.11157963389489824,0.43704535933144406,0.4867054187348907,0.4479935393493962,0.643524723736097,0.8848896454392519,0.9443637617403422,0.1905597079393099,0.2428665055773616,3
0.9988467407856615,0.6110190230803271,0.8611128165346288,0.33719480201329083,0.6205884036347191,0.5118681828569107,0.3295565069715007,0.4533301786133221,0.27452068707281185,0.6297494866468366,2
0.6313329812469075,-0.11933488225053718,0.33257019369604673,0.6997385429905487,0.7215805243951564,0.6685583737662082,0.7954564098386049,0.4529984976813529,0.27809964068489035,0.9481101852293197,3
0.37918005204137917,0.6311254220529323,-0.19189474853786576,0.3007600877076422,0.25258890206098583,0.5012921141622941,0.8440276794839877,0.04818851698294267,0.9606115074451871,0.08764487165347654,1
0.050585474452995396,0.27899996014491063,0.3581487078483313,0.27367946378509855,0.9547126924368106,0.5940095997747715,0.19770249182593014,0.8807004991819339,0.8445602511508221,0.5560572917126141,2
0.9499237013229636,0.30055354960009917,0.8177301387063736,0.25196572638299697,1.0795116087525343,0.3559638439974997,0.6735708090379854,0.9230326203614099,0.7128660072272162,0.6453388795054938,0
0.2875702907064357,0.8364434033012085,1.1017027118588556,0.6480135957296272,0.8182997764074257,0.8398528230185669,1.0766227985141248,0.5829961211208794,0.8631381836826213,0.9607695694377332,2
0.11958329229317381,0.48789165463834866,0.303420077562342,0.9740270002170761,0.6113241152561524,0.8020211430068083,0.3651040761995779,0.06757910692811475,0.19377783047826913,0.05870235207416497,1
0.8572808580007245,0.5982792921554839,0.6901556112722158,0.19187373583735065,0.5720202508609784,0.8540526552018869,0.49762921005807426,0.959444329088341,0.23401949556956742,0.16693002243213617,1
0.4660604794733273,0.06421723506103974,-0.09607573757919086,1.219770809434983,-0.08702383750027565,0.7614968537505267,0.6309085059766953,1.3736733265111782,0.6531061168655986,0.45244256888666423,0
1.1416330976392417,0.7757805547041046,0.7517910554667482,0.7867412570141765,0.38809951084061634,0.8534680140331223,-0.14130158803473225,0.5455449694205953,0.6358388500155137,0.597197643954061,0
0.9747204235644611,0.34404125667226787,0.8506340714768545,0.1688393426120518,0.6060031364872198,0.27392244885734973,0.023908652753252047,0.7450760452804103,0.8993269531588726,0.5676336336652964,2
-0.2914147634726057,0.9384669198326709,0.6360097715982964,0.030637357740633142,0.4139527999977414,0.3647206051831541,1.1337830241314084,0.9002395003891124,0.6765593690779088,-0.08831669946018086,3
0.40816687161830056,0.09972128050484984,1.1336547090582443,0.8230359787686269,0.5228159893055967,0.5696614017606645,0.36169895401827035,0.22755788796380627,0.58114841295356,0.770969978080764,0
0.8202173841625892,0.5226048693219995,0.6990813400971582,0.1574311876981943,0.6636750182144199,0.8242761609114203,0.45843964034463935,1.0579315839762773,0.26546707478264936,0.19536110942553656,1
0.8619938746344329,0.38101112412147276,0.8032882109710044,0.5365127131897877,0.7237753618047087,0.2791274775579384,0.7580856761637549,0.9959634957935206,0.9776034352853934,0.5174073493403295,0
0.4700195835475324,0.6021175911179079,0.1136016012558694,0.5929897746853912,0.6474242421955625,0.9730154797904771,0.3767026247334393,0.17325006359538045,0.6743052889112158,0.27671511087446965,0
0.2927491340409739,0.9896858130821339,1.1607422698150662,0.6257069581097882,0.9600732716022664,0.9646249038288061,0.9392945559861451,0.3781903555198962,0.8371466840207283,0.9410800900334774,2
0.017571237277096752,0.1112501950504682,0.6557470414019281,0.2600201236045023,0.0477331822683689,0.2440643681845721,0.5687830889667379,0.2358976887848321,0.6948507002541349,0.7657858759270058,0
0.5962518200137191,-0.013868627855429465,0.5395421424777448,0.5592691865481488,0.5911157172980962,0.615069653562661,0.10188036793939328,0.6539346263462145,0.43501770876012485,0.7167508365169317,0
0.5438768164438715,0.8039117285242442,0.5322825562445401,0.35504192600002565,0.42539508839641266,0.7988753229315417,0.16161993595970114,0.8386394916121407,0.3340089108265815,0.37192621290440675,2
0.9094698557319575,0.2485576910176849,0.807257849110176,0.284925965172693,1.1419377175319023,0.36905602070093163,0.7105555421080255,0.8996790654759289,0.6836286882180527,0.5117439562113363,0
0.7073384461870791,0.5071430567928745,0.9902697367058905,0.03944155173932354,0.9851519006303164,0.7288524290728677,0.296106710490502,1.134549169355206,0.6662330382236186,1.0758772565409838,0
0.7938166083293532,0.5501181497494022,0.8183586667659926,0.2823615622742823,0.5159228137540197,0.2284569926002793,1.3701976217535792,0.41330970004114326,0.9679070429063641,1.0804486081368574,2
0.5680905900011325,0.7789585412153792,1.1147036876637864,0.43319954026264584,0.5307092658825984,-0.14675692956621733,0.18029899389376414,1.299389897181461,0.857927227182187,0.7030654600134338,0
0.1659598839337051,-0.016740881658658113,0.6128114423778559,0.2009264758461732,0.989719700195837,-0.04113432394209115,0.5848354784554721,0.8689650448061986,0.8506485605625004,0.28776098905731906,0
0.24364665130435817,0.38854049588888817,1.1434237923457193,0.6828179232384675,0.0853292289013898,0.19111362561744125,0.5509431816863286,0.41682441844590556,-0.015943629397777492,0.19636806892874542,3
0.9691879910640213,0.31328357030632303,-0.37146793211214,0.7746207989354222,0.09976469846164804,1.42211476650082,1.1575344510965238,0.4021070190806398,0.6626391957717626,0.5815111392161919,1
0.11177679111032111,0.20099353272708334,0.3045105245302907,0.7397408667057668,0.8774919921400257,0.24673809563464763,0.44732821444613785,0.8135116999125437,0.6239156835573351,0.2713374072936177,3
0.8662349621931652,0.3468649929552018,0.8372355519882888,0.1808670065450462,0.9364314186699607,0.3677278053399274,0.8473851412395615,0.9849177127449783,0.6176549251558503,0.5136864480981166,0
0.5272907425898101,1.2461531074363845,0.22368409694655123,1.4092612368959885,0.7967035945318014,0.676919424444927,0.8903190209672296,-0.049694350020602976,0.8705238755285106,0.9669929297699681,0
0.7736453385017595,0.7178169168501652,0.4385174659152386,0.04165623998868554,0.562367164661506,0.024353916810989362,0.8787417400285289,0.9327503021913132,0.8575738768625678,0.7678085183911145,1
0.9571929164276735,0.6644076245189723,0.8388465577543247,0.3029608845324404,0.6332247462980609,0.5338738731076406,0.3663558725460754,0.4496018150205935,0.38934848698621044,0.6253984787966809,2
0.7694346204938156,0.8042900765018591,0.6269095493702301,0.9672358096886019,0.22809742857582282,0.5748846320465737,0.053424272231397896,0.24884725110204742,-0.19656444582521865,0.2800680002255413,3
1.4343009946281984,0.7022342939975461,-0.1378388416089843,0.44196787805607785,-0.22329896002411526,0.08305642409790637,0.19836461663920246,0.5723631514036469,0.4843409296739956,0.5125140824768682,2
0.17158447032108104,0.31669422172041456,0.5281133622042111,0.8074947175194547,0.17051582620346237,0.6819385627293924,0.3445502112410377,0.5679220785068104,0.13472812809030854,0.8539213750446523,3
0.43332332605004537,0.17615132678528872,0.663271221584785,0.8478465260650588,0.8595212058748496,1.0074575871343732,0.6288819343675047,0.07465575417219397,0.6065140373654985,0.6698073713141584,3
0.13928497888455804,0.20333546177916945,0.28309501026852857,0.745849379522827,0.8531911783254784,0.26403350221189015,0.4560716008910457,0.8525709025600812,0.6550265023221682,0.2813263930114044,3
0.12143003271745328,0.6371887709811752,0.04199222696296135,0.22558182881979028,0.0959115513696956,0.512513282993986,0.6618197342008831,0.18094348954043785,0.9483838050830344,0.017649535857741174,1
0.5572633854819279,0.5676317351328463,0.895854085113581,0.5286604997250135,0.517972007112131,0.6580107369761181,0.5848237186935685,0.5577858716089704,0.19046893138603735,0.4100015252577188,3
0.8346409866253952,1.0723936738647737,0.7631987672895794,0.6651214145683888,0.600958182428194,0.6490596554699135,0.7037275144656889,0.22224331176379017,0.07355765132739783,-0.2750775724556342,1
1.009105263575662,0.3867851871303987,0.4482928321011641,0.9354322068341183,0.696743822278501,0.466988786992859,1.039217132244824,0.5679711986251401,0.9015461341802314,0.45271186942700015,0
0.048346273136709986,0.8418896988940867,0.7715581674229048,0.5814582704392022,0.5044568645763864,0.31963276908529237,1.0865753390493427,1.5075435752033606,0.16309998590013997,0.6792644325804821,3
0.10238476950596283,0.8428992432240408,0.8267686137808266,0.8148795814745837,0.5437467354300917,0.77771464431159,0.14200068575527028,0.8415158286539337,0.5845568306318798,0.6026925544196468,3
0.12481975452545845,0.18745738778209184,0.2838089200894919,0.7300578584439317,0.8743944204339172,0.25417953242417124,0.44001352879405997,0.8275597148837524,0.6427258527909933,0.2858379544074583,3
0.9432650644131867,0.04483325446509956,0.8253679633905836,0.5747143383042916,0.3297882151051991,0.6512976993280526,0.5769843533185797,0.840794856873911,0.3049242613599411,0.5108419047388468,0
0.4805005921062618,0.4119237032605445,0.10125645034688108,0.7485401444427227,0.18037660747449158,-0.4611256550361367,0.9446845743179243,0.3204816088226585,0.07441124955216888,1.0557202689455514,2
0.5437237135003092,0.19331967743403977,0.6972614892516988,0.19857981751823078,0.9029870785690137,0.12169484225595213,0.5520739102909593,1.013081484111703,0.8399404819505261,-0.021179044469340713,0
0.3073038302786257,0.9971963533887296,0.2435560952322852,0.11935142186193776,0.09990640998164423,0.7369813134181068,0.6754139547586253,0.2592148788861343,0.7186480678910948,0.5170532716155369,1
0.09810110563860616,0.7891137528428835,0.4549844581739909,-0.04713678533035599,0.3124841329698382,0.8066228986602749,0.556259907262784,0.13202992528771804,0.5686216413320696,0.7530278035802838,1
0.06852789655882616,0.7889134814920457,0.3471360065827179,0.05111587242588447,-0.06244053173583447,0.8011850885935082,0.5456571323726314,0.2986976753420764,0.8142588297892124,0.3577837432350264,1
1.1129315283495576,0.4239218179065621,0.22096020916676193,0.9261150251100287,0.5043740594204554,0.6714603146905919,1.0264832865571243,0.8308187928185368,0.9270812904440895,0.5617005284057437,0
0.5327813426339171,0.8063354928888619,0.5359085946288302,0.3593312152959308,0.44090467149274765,0.7900441869599928,0.16198929114228552,0.8150560890654482,0.35046274818916123,0.3905721527477834,2
0.6655652520953391,0.19779651562233178,0.8422173587320767,0.7677413863676713,0.2782632267620963,0.13410931385140473,1.03340985967173,0.8703155467551159,0.17552944503395917,0.4857063884544286,0
0.44923516162547333,-0.09055566421906663,0.7809969731546442,0.07696968630010942,0.9981644158240615,-0.12474617924357945,0.6931521576023895,1.15972870661855,0.5736378002374938,0.16423036381566114,0
0.8571496910299994,0.14276760958930687,0.6443274906669455,0.06962291764685208,0.5300676748967447,0.4015772144265253,0.17748317489652396,0.9564979834558571,0.9074608832919723,0.8351041970730344,2
0.5650968566930955,0.34638785276291784,0.9558211202823462,0.5543962854193385,0.1281075799845778,0.931432403740253,1.4639538333787687,-0.04004320692248947,1.0548023161017681,1.024091343954518,2
1.2107727193915032,0.5162521800541816,0.429022460487178,-0.006194428522280415,0.5227715899527576,0.7240593641816218,1.0438308118990167,0.3498805745248731,1.133472462998514,0.47399269597993643,0
0.2166898573449716,1.0079179670832425,0.30015150116133904,0.8134780187574904,0.43487788764980084,0.05774799972388922,0.9592598846559834,0.07880989576637293,0.3341457519375177,0.7482069681113135,0
0.9361013820991139,0.3625664705114496,0.8619782732442636,0.14247325633476837,1.037262247634877,0.439380461911219,0.7628448384852906,0.8619502802519466,0.6981026575489416,0.6166843876592846,0
0.35232237867050875,0.6854078898116136,0.8545155941709954,1.0959608120132724,0.1871147043951905,0.27689958845779905,0.13706478547178066,0.6000365421154351,0.14936137121088688,0.22420607231323675,3
0.059869011776545265,0.46363539545515525,0.3439709762083736,0.21975471050549558,0.9685034679629918,0.5113750505988086,0.9751200848163861,0.381914109915444,0.19688033808133154,0.6683029701922466,2
0.791569623701459,0.3415609938936888,0.8234742520849251,0.36618859337423604,0.012944948586217364,0.27197270462213036,0.733827702693603,0.5977110683461129,0.3376513743752212,0.0882618530038572,0
0.37118447812632727,0.617022874856093,0.9976188898849464,0.7651011503336582,0.43494665850746006,0.6870783575724503,0.3277815347230619,0.3545523789525269,0.3075145603334414,0.6496613499914679,3
0.5013410187146213,0.07209810988384152,0.9708255027607856,0.8676471772957446,0.4353696358325412,0.7876090076290225,0.2731716695730667,0.06520635149412837,0.5956286108076754,0.6166736311771263,0
0.1959345505892093,0.9870078182085474,0.7924831243097634,0.6485102225506155,0.43684266168807845,0.8292579584906286,0.23951709047369044,0.9052328277959832,-0.00040334541275452267,0.20622034241534376,3
0.053881271096895514,-0.09896715673645673,-0.3714200822233573,0.4200087186983414,0.8211375012267433,1.1313592424855927,1.285926443578587,0.5621235459958744,-0.5241251659561297,0.6307256584307133,2
0.018080206271338897,0.5872598198556175,0.0916612201307257,1.007372367256921,0.12091197382304275,0.3367738065518521,0.29336173949352723,0.15530597222378495,0.4592594779984187,0.835306391139214,1
0.8740240236528799,0.13312223575044546,0.664599299157913,0.10160853659312685,0.5247885542037758,0.3911295460671426,0.21246567825867085,0.9423514202168131,0.9486287120388938,0.8036107595180738,2
0.0747764397461938,0.9085282370718437,1.0837601437519142,0.6502281125276992,0.5441647027908629,0.3424623792504117,-0.10185518525807935,0.5911645866745401,0.26096110792366867,0.5539255627016793,3
0.4626507142706443,0.5284109371576782,0.22637226216312817,0.6366032975860478,0.7645521143585006,0.9457822987353477,-0.0011334133439421627,0.6398224322826873,0.9838746693381482,0.18166747593473284,0
0.15831831356360618,0.44796845086007037,0.33698173340471954,0.9698351122074258,0.5637852822733466,0.7746313021860645,0.3268798655746315,0.10569411175229985,0.13988324408833688,0.0538655490813768,1
0.2577211204026328,0.19864993359891414,0.49935291161074347,0.12807475947104935,0.248037161205342,0.550446507275741,0.7170031160918107,-0.05457406908417611,0.7561265594376867,0.6828688792337106,0
1.109515953751563,0.5710796494283839,1.2558904170822047,-0.19909162242873757,-0.05659982591774351,0.950432406743146,1.5250149502623187,-0.4029825747557474,0.6063459705550928,0.24220111968132962,2
0.11929346892601628,0.4658245847717395,0.31009999968801355,0.9602981679289827,0.5897067350098754,0.7881779612324636,0.36725395573289893,0.07338625541280396,0.16521738440140904,0.06144843830170611,1
0.08873538978074053,0.8216957827535456,0.8984219619916181,0.6986393505723156,0.6497080850517362,0.8022850636452741,0.3170548451624011,1.1780171203863372,-0.19583639105925563,0.37737470749512114,3
0.07861854570064228,0.864458162831776,0.8993397444007426,0.6215351098838977,0.4295829784964798,0.938561152156609,0.19785014900597084,1.0143474747010741,-0.010358812910424571,0.2144524328334643,3
1.331331934792018,0.5556217535195924,0.9469497523994682,0.40989106328183933,-0.352138476047017,-0.03431335586354611,-0.2651537157533349,0.4620282307377063,0.46915457727866106,0.4857430831190209,2
0.19301499444841835,0.9817984012478463,0.40066389613287207,0.9262820955544626,0.6323338389482037,0.22149680417327566,0.9154754803510909,0.08645993450007866,0.4735414705693301,0.8028020253942563,0
0.47378095830625033,0.25777693226901355,0.37393685135688504,0.6435315086357555,0.21823263699703913,0.39918409827972035,0.9687681319075778,-0.0399153398835391,0.7488794251645687,0.17976109787971886,3
0.9793628604672465,0.6492038057459002,0.8105045740012338,0.2888383695247765,0.6206679132742118,0.5484088311085616,0.3878872649314517,0.4696587325230246,0.3528636558039167,0.6313923173381846,2
0.8230283450109964,0.8097941996685805,0.8635824979298831,0.6604456485132788,0.5857361014873079,0.7817948688451914,0.08999171039976814,0.7516754244391604,0.6480624900174247,0.503766489824781,0
0.5814656717353653,0.7856062954430796,0.9331627876857965,0.9146668969274657,0.8433882764552922,0.6202975312822566,0.24264347411810608,0.5517440929448008,0.36946560719706933,0.17008594495145773,1
0.8367621886487607,0.14377823261548786,0.6544419518253556,0.08004303183607928,0.5481776345828506,0.38132016460052864,0.2101363891515926,0.9551630074147646,0.9355920111716484,0.8430015349282387,2
0.01929222042881576,0.42764490955780476,0.20901750498771204,0.4314465858868073,0.20047014613453523,0.3823092435312842,0.502412466445579,-0.053090506823182476,1.0262635818328854,-0.11440068859326141,1
0.46046089029367887,0.031143625942483454,0.9667106393891908,0.8819191026392452,0.465059259412004,0.7484082132264781,0.25119809573474744,0.11045214775398882,0.6308417091767603,0.6053074397089397,0
0.3014486795648784,0.12722998753025913,0.6344814948772212,0.8588497014859323,0.7727808615816648,0.8527891333374644,0.5671466758549297,0.20575882032906173,0.5213083689364242,0.740674615070534,3
0.1498903303076166,0.7436839156229995,0.7307217384239735,0.44226342168224053,0.5867307079551268,0.9275650439207936,0.15061956926556444,0.9719941906538413,0.1330772288563794,0.2438745183763829,3
-0.03352235171478687,0.03832688399771217,-0.042384182502610945,-0.3604012083318603,1.0137619709083927,-0.12535145348757915,1.486252182086242,0.10099719161771725,-0.11922469423641896,0.13557258732907862,2
0.1108107493012222,0.634777314340653,0.10226877447552794,0.2942969801233935,0.020999659763740824,0.5207935605046222,0.7624044189710535,0.11644327085924108,0.9805625114835255,0.03013150051102528,1
-0.2643160548571103,0.6806656567234723,0.6116500451253581,0.286650935370691,-0.1823603440289343,0.3755603255695664,0.9096617597973289,1.1314809440109266,0.8251243068569137,0.26179596036686403,3
0.5272904465990459,0.5243972707670389,0.9207981464669345,0.45494644356593317,0.2558006823238034,0.3786455180343188,0.7930695352856993,0.5224626418497074,0.7145159047789378,-0.5734438453328755,1
0.8685952581868623,0.30245994408068594,0.81670803698472,0.5315656439383477,0.6482600347545731,0.2796161337090727,0.6769361841193376,1.0356472386886546,1.0441162982836845,0.46838765721628656,0
0.5613937109302356,-0.004403236988700376,0.395667117335559,0.6498314013389004,0.4000771520731028,1.4440543613608319,0.04091496336561873,0.474613628331316,-0.18756861432086452,-0.059010844451114264,1
0.20278813432847978,0.1458131711179435,0.4049319422658721,0.11202664681999033,1.0575010179358757,0.1680962063986721,0.7113458825195246,0.7429800840970497,0.7449226948261576,0.055232326800854006,0
0.14292626605313719,0.7555921081671695,0.9509755016149328,0.2568479457091947,0.5794977493459722,0.8504854356411163,0.37823594185359133,1.2639971646179764,0.013374631845164832,0.10890271641929414,3
0.07468356175803287,0.5674809434208475,0.2125759415786429,1.0052716540273168,-0.03384928066742483,0.3316659130515269,0.19863853911342372,0.20863422891637654,0.44790444800341206,0.9560584257768702,1
0.5494272013451047,-0.19318673027704036,0.25114530239901045,0.5267978406384848,0.16510882071897692,-0.22215677189410898,0.11371576034309694,0.21391006509837707,-0.08093424001886196,-0.08209876896807017,0
-0.047824939757884766,-0.11524620567232735,0.7795132446262332,0.6158353900316462,0.8347752392613081,-0.5290058866976634,1.013118237066522,0.6927015841445399,1.1078334439183841,0.7170233766381978,0
0.8529158307065683,0.8240195668688591,0.8702927284561579,0.6485388438256481,0.59046931858604,0.8097523216423876,0.11794911346566324,0.7637314727984992,0.6837767073683545,0.49089056286906774,0
0.9682354946381645,0.6724176522482388,0.898244453508961,0.2727825186441158,0.5983969825641895,0.6452156907948124,0.3173688335513252,0.39299164909043816,0.374464759532949,0.6080894289113074,2
0.08972698339794437,0.31203791907378003,0.07057192597067241,0.42709666689241543,1.3252098749704042,0.577503208905263,0.7893002233698652,0.34787223276354884,0.6250941330338139,0.5356088531608085,2
0.10646904786963561,0.8531608636404371,0.8224987131181458,0.8088496483675344,0.53866369023952,0.7858746083146224,0.15517893669732197,0.8296914128392437,0.5758338643083255,0.6129417666268874,3
0.2397220133568942,0.8799139428376102,0.4247305021336262,0.14259305023786767,0.22878267685633769,0.9704260262965438,0.5573264168025982,0.15176166389923568,0.6807987451090173,0.5819785601586787,1
-0.0772751984456519,0.9512766496081881,0.9198981651571458,0.7319649819036593,-0.2559734584013229,1.339790454571249,-0.018424106630880843,-0.2698322185848866,-0.11035091248692297,-0.7081202049184153,1
0.6128768117135779,0.13730256411547648,0.8158375043716818,0.758628745316059,0.3187183148331748,0.9037430610201818,0.11235228316475984,0.14090132130695843,0.49938965813884806,0.6468716330058131,0
0.5432407607027928,1.0426718090765952,0.7792593506821517,1.097298304666334,0.8376794137796584,0.10755770569444675,0.6178303280506473,0.18758924794091342,0.36396758528016043,0.7573658279940959,0
0.11319954727016532,0.4635076494022799,0.31708691893011226,0.9574429362438232,0.5975695337794578,0.7809314247208141,0.3534299133044476,0.07919596818188002,0.17010023971609006,0.054594737056514756,1
0.005573047430437999,0.10218836684875687,0.6245002835275479,0.2586011978180461,0.027580450244689185,0.21876028507067757,0.5670352949395384,0.2358177696683237,0.6851981318766983,0.7699853348111331,0
0.6107384267869983,0.875372663315794,0.03386608354479506,0.6764447042590966,0.5272728759911848,0.4215381792605102,0.5724490608572892,0.12191326948551548,0.47518152656204254,0.003173992483077305,0
0.519748005617999,0.48370948291840055,0.31087447249694544,0.07448212719764903,0.6606086025281183,0.6595278735060094,0.2516553138419571,0.21560551343233833,0.8906183630496982,0.7158372247049615,2
0.38504152007201714,0.8454252643518189,0.27281120207111825,0.9888287511138879,0.9052129942335562,0.22333231418249047,0.9194415669255134,1.141122325182572,-0.006158879844819831,0.43715788308462444,2
0.5761931275363588,0.3676816576981867,0.2867101003289829,1.382603376779708,0.8271859872697069,0.49488959988018116,1.3596384651541176,0.2871548997557688,0.5174103694803204,0.20482546357931736,0
0.1388423316583211,0.7007045718998587,0.0991324875806216,0.17372988292282315,0.20594832297290372,0.5758145256120014,0.7515683353931285,0.2758666978739842,0.8362607093673272,0.14239117344139113,1
0.11077038049972576,0.4677705094913206,0.30882783332395314,0.9602935995480284,0.5902880741931875,0.774490404557708,0.3610189407393638,0.07376393479660118,0.17610245684310316,0.050087352577858735,1
0.16607570376118957,0.5972384843936734,0.040329097833383724,0.2549499128508509,0.09828312751904847,0.5302964819599743,0.6935182427537798,0.16731656801362566,0.9653819050623288,0.04000228220232517,1
0.4381918891771348,0.9020555758484669,0.5959832441187302,0.944654233180685,0.4462725322038427,0.14073673762011213,0.8639660912055503,-0.10527709116124137,0.5559780503532421,1.0140903942992714,0
-0.13838387792186874,0.8545426705436964,0.4306138575282515,0.7571868309131089,0.4751729648242348,0.7838049522029211,0.6082696248686673,0.668997740161837,0.9421579238715876,1.361141756343422,1
0.5186811691764832,0.7378598327244601,0.47436980923404626,0.3394565449635716,0.24638717803602758,0.4251274679430097,0.9477384045473507,0.5114488048780287,0.46886886565560365,0.8951367152253751,2
0.3559730435269132,-0.1936278237792028,1.1223040924643835,0.7820194347739475,0.4143555732681798,0.5677625500148988,0.35450954130915585,0.4046556578691572,0.8606759729900697,0.7935409505051946,0
0.4455104925204459,0.10593324299977994,0.907648188658076,0.8926884343556366,0.4036188485048175,0.8078964310470046,0.22389034730758126,0.08688894370729944,0.6542411510952902,0.6350520229569219,0
0.9002345799997973,0.04856045945641094,0.3393893740372989,0.8536974378112671,0.585199474684451,1.2438317516205064,0.5494617133420536,0.505287812119795,0.28242950070479983,0.7054034856267098,1
0.843599278451586,0.14798295934599026,0.6433468765631677,0.08738488418063502,0.5315842640376665,0.39101276377573085,0.20704220121253805,0.9349992019900344,0.9299979799635819,0.8217162049893174,2
1.2888069795702282,0.8472967639021942,1.1377756221564366,-0.11293429936424138,-0.5730595379555306,0.2889778721604758,0.38180431956141375,0.26431990711209696,0.6906008445494102,-0.2821317791242011,0
1.2363120124258673,0.8628442961013132,0.6026621947141652,0.552649689090419,0.3455515978532268,0.5508489288975225,0.3203657814920881,0.5420412784886716,0.5644084724346796,0.8760982870627992,2
0.8782223897003208,0.5230315950328936,0.30845751024898566,0.38453064971624495,-0.20183083039535288,0.2561766481113674,0.2025495414926503,1.0687085408908361,0.7794909647866995,-0.08679612870319081,1
0.1156553976434483,0.5226889563293311,0.3819591699741614,0.7208333198508143,-0.15712839523742286,0.05445972132442606,0.3319627097087536,0.5367445494608294,0.39778952450861305,0.8420810781470142,1
0.1325636663862227,0.9721318548313385,0.9063508279526171,0.8555546215118714,0.8508652484162227,0.45945741416231173,0.5312861556870248,0.31321594151285226,0.59255443301886,0.7455166085671157,3
0.6114357031575514,0.19488253638110098,0.9957157656271093,0.9091892521740292,0.4198845095626205,0.6200295603841045,0.2116515481609917,0.046118871959221576,0.7137645168945166,0.5801062040301138,0
0.4894876899126068,0.5154541840172973,0.8297348020491864,0.43399586276593183,0.3125769359175633,-0.20686161879599874,0.04385917257114316,1.285760865905887,0.6568607312702031,1.042788561920831,2
1.2843414199035545,0.2187710030114121,0.4812430203692976,1.067924718167507,1.0774173211009488,1.3224830567532189,0.4128209872052597,0.21865131564033313,0.3824680404923009,0.08133745500175094,3
0.17951811725124678,0.10530131194291459,0.328381908168803,0.21682504103083924,-0.034493081564307804,0.6574299771308978,0.6524201579646446,0.9999317068502498,0.24161998175828933,-0.018322428252308287,3
0.3058728017988107,0.8483789419210048,0.35778795552510023,0.7707097238771945,0.8588745395051388,0.27773674357380446,0.8832814471966873,0.9816064148648276,0.22938522129357236,0.3960823049940024,2
0.8640897307300685,0.569220697833682,0.693960900555128,0.21543247082529665,0.5963355772843875,0.8755650267206865,0.5240662881574183,0.9753414265054887,0.24179090448047627,0.1844528190855773,1
0.7785026610396263,0.7846286849490329,0.7765854861981702,0.6198270894700217,0.570886183677862,0.8967926723558506,0.11542830032210916,0.7219296877910935,0.6333170346807303,0.4920441101343044,0
0.08269129886683199,0.20452004628682197,0.3258416775051512,0.35265661704450013,0.9327080866169855,0.5327928842071146,0.2195733400535903,0.9258464785217508,0.7403714276217866,0.5518873982645711,2
0.15799618462967882,0.7727301716723577,0.49487621786822406,0.5676207901309087,0.1527970212364665,0.8430586991552498,0.5148713270500215,0.7126183066113893,0.09735164479681296,0.7360404315802214,1
0.5654717551145647,0.46436684260218536,0.30741078152073803,0.7442593704986125,0.7895502090142248,0.9880842633124479,0.010578521310427897,0.619563209780459,0.93764092323581,0.0717192596794309,0
1.1001548851108072,0.6564217984758818,0.3754176377015279,0.02371083322312001,0.3816391688973324,0.6279606541243056,0.23860183851240124,1.0262425816036596,-0.01962944162213809,0.3344532340028762,1
0.537572802444036,0.8072074025764612,0.5353840773229825,0.3628554916223122,0.4376812088522628,0.7921405467499543,0.166452164241331,0.816309222159942,0.3447049327832695,0.3894300321004205,2
0.7517441528254077,0.3015274520761322,0.9499034465345257,0.5650328854600606,1.0675945422389204,0.11056546071202827,1.1644451551567325,0.9783267574122994,1.0166190099590855,0.3099199685919677,0
0.15514874924478278,0.6775431099444174,0.3427114190981927,0.4831134771782976,0.5696067517284504,0.8849266445802667,0.5628340833587258,0.07319630350374931,1.0183846029335977,0.20851686284887844,0
-0.05130412767242368,0.6023174145961773,0.69015603804949,0.6376869545307128,0.20669143088136088,1.2193611855319308,1.0152535801998355,0.44972257893062206,1.4659277325992761,0.3067021300491814,0
0.3827844597897263,0.9108191057870638,0.43666963040043527,0.6848273039524377,0.7928864249358224,0.21812817869675022,0.7712925022253918,0.9517448065686727,0.29801250456928,0.34260443328690554,2
0.913493393625596,0.7698751477052733,0.9617550200567501,0.686044323010894,0.6980157034871731,0.7529123513215321,0.11428145396905885,0.7526696899218239,0.7510966645520397,0.43638436169632094,0
1.0504061250055683,0.7683823147680284,0.9344647765970729,0.3289716636332198,0.44424310445753856,0.7804560616612919,0.5203498890344307,0.3050253406607289,0.4371120405414146,0.40278558144192234,2
0.1358528435556681,0.19591790555835026,0.2866122209715716,0.7332885000214397,0.8809688789271688,0.24574794613462944,0.45046890677125934,0.8217754601018812,0.643524756363405,0.2956787614492308,3
0.18633789216511912,0.2196221864222911,0.8358789257972522,0.19977660229234148,0.7625104364791895,0.08382355206584607,0.780861133151842,0.06832373262670706,0.2817652674735876,0.7519833757552707,0
-0.29528678498724603,1.0915625219508904,0.6547944894646636,0.14555108813565548,0.103481721888335,0.05585399359184279,1.2150353333179345,0.7682692090653712,1.0450297207301655,0.2039621900305631,3
0.9434777146771011,0.2135212281812444,0.3561602750182045,1.09831828919077,0.5408712683451833,0.5002244042073888,0.9001887008142753,0.6333748411672386,0.8429708314509782,0.38570722644998345,0
-0.008477286916000418,0.11898235103285366,0.6760844388367365,0.2917747722740969,0.05490751936184754,0.24484745504624084,0.5426034469313965,0.25319461031794255,0.67541201123627,0.7529526053659783,0
0.0326175933720926,0.16021959474868036,0.3067899602745624,0.30016127488546795,0.9898784154686707,0.47280815220584166,0.15578259462684454,0.8881262309112545,0.9301489243385183,0.6181603444395809,2
0.09209764741922419,0.8468622988782071,0.8212105608970052,0.8119888780904485,0.5171422353439894,0.7627593862367515,0.14189113268787307,0.8379623870802698,0.5861221741937412,0.6081361490308032,3
0.46904919110382065,0.05699409155131719,0.45542148160507523,0.7081639039036881,0.43824978247463553,0.5947484350206128,-0.08928315065349376,0.7267586981725742,0.5696800672479911,0.757992535447957,0
-0.2818984735799012,0.9079058350436189,0.7318830224029678,0.4957292684584289,-0.2409432222220354,0.07316367818047059,1.1066883711979258,1.1785014041493356,0.960636587781242,0.1647651163401419,3
-0.02556578228138468,0.6644270295978806,0.10798725670247603,0.9753153409119037,0.06904900824911678,0.38147082162194157,0.31322741690705225,0.2783695713379091,0.4908528964669834,0.8589154937826268,1
0.1086585115094849,0.4557926583967059,0.3165739303352113,0.958989160541352,0.6030894708858932,0.7740291438658904,0.35415441342912735,0.06754103143028832,0.15986256434278792,0.06714204989247669,1
0.06049821647206033,-0.25700927184830813,0.9950127967205881,-0.11783952223645677,0.8295875410444765,-0.25405309162693585,0.3539863855449201,1.0917684524493199,1.0691468051556825,-0.17400406603494006,0
0.9440896803314979,-0.001473602535701779,0.26218135698377426,0.7010237808620418,-0.11416697505177842,-0.042467957160862796,0.3379274464198337,1.1427058195241588,0.839062267584038,0.3943342478881894,2
0.7213421973234254,0.4699810048956398,0.5686196717352635,0.2973034791686465,0.17432675148512972,0.6312073320277003,0.9981141450331568,0.47152518768029733,0.8150443388485931,0.8474695021604007,2
0.16846763294890432,0.22171663607124334,0.3458996933402347,0.18114557089990113,0.44557947347382376,0.7889127507655348,0.29589609560991453,0.04145252915423639,0.7506319846063905,0.7242030851336503,2
0.5381678838664888,0.808191667263784,0.5298520089192148,0.3630410288758507,0.4305441268102766,0.8036115910169104,0.1510453171266766,0.8214422331524218,0.34732815271274164,0.3946068884628903,2
0.10917552550757105,0.85575511767755,0.8209175867279711,0.8088375921424982,0.5322948880786136,0.7791458314664138,0.1549948035886226,0.8352822074466457,0.5794252943107376,0.6060694044520105,3
0.8454441552101312,0.23917725762805764,0.4693479573858124,0.437029803691918,0.10301792946299573,0.18957557079157422,0.3492939280603083,0.9407910226892215,0.48171995039451276,0.6859122439699747,2
1.0788823168672197,1.0138438817861268,0.8623700497506553,-0.06058843568256253,0.21460699087799148,0.46630279597665925,0.47704774196491834,0.8229418198386262,0.22776579817115208,-0.07808706847189664,1
-0.013530106922041263,0.5941617133526091,0.1601233251192913,0.9172776961761734,0.08415357170416896,0.36876467007725666,0.28862319217431,0.18563918612767524,0.4755717085746458,0.932266344318461,1
0.737968644460405,0.05448992676045855,0.5167084985284818,0.6141030251122965,0.5578587480973642,0.6841726024226806,0.14612798350761863,0.5635094972083737,0.47283267133699064,0.6800177784738931,0
0.9820603062038656,0.39199863596322526,0.6895305034609953,0.48738487467532177,0.8267977639498045,0.3863301845570235,-0.13415474564251076,0.5872068885051334,0.18483032743768113,0.650729728120967,0
0.47027716593344776,-0.11656193010541374,0.6170653465709571,0.47495167989716486,0.40056354756445056,0.5638275446691225,0.043062979122778726,0.7852049889108237,0.3605269816032576,0.8778380097453949,0
-0.015643340565998594,0.653437063871361,0.8959348668290225,0.5009145601837672,0.13320124147711232,0.10919591214281252,0.6398679381669287,0.7131653567128637,1.02340849317799,-0.08838807337896232,3
0.5802002678000515,0.5587554362292676,0.7957573304644453,1.023822694569525,0.16157647780991646,0.19073478042311612,0.15067023212936237,0.6091229168472228,-0.032479921724998306,0.24012749891650711,3
0.6982177781247256,0.44043160148654764,0.6324890673227008,0.22197862957219297,0.12579185386921488,0.5296612980015256,0.9625515632686287,0.41543028947063293,0.7424601555595702,0.8788817897296521,2
0.8749094390282469,0.5208827752493794,0.8652621641065953,0.3059007124940555,0.9983652294697342,0.5832349070976449,0.6342214356331971,0.7835223671185295,0.7626543362221544,0.4548607094087464,0
0.5280603858979448,0.8047259407483939,0.5332145480917168,0.3634704434130701,0.44097718107940614,0.7969780379542971,0.1724398556306936,0.8140113293888406,0.34454776416844335,0.37894201130255484,2
0.5438135630408198,0.784824885550508,0.5356004463354236,0.36187734878761874,0.44042801380344176,0.803925756167661,0.16412640823364297,0.8050073559505087,0.3489307945895564,0.39477863168091165,2
0.3147628306903029,0.8602019635199575,0.35554356521732405,0.7733731956524819,0.8602081239957617,0.2748922378465458,0.8829773678012042,0.964127984448585,0.2505959616684418,0.37543461174399234,2
0.23222775523089975,0.23906128224193102,0.608267631018219,1.0841002344322985,0.6111714187156407,0.8082200650537498,0.42326591788610435,0.07005221201946135,0.5680953978806581,0.8283118253587751,3
0.9079170451582328,0.681122294887118,0.49019726265157476,0.044204891143017844,0.47090481424409175,0.8333398644426407,0.6413827978536428,0.5576219654437482,0.2463057183563108,0.11562326038384854,1
0.4263620375618552,0.594805434017797,0.8024179340782929,0.9040829997075907,0.16730708372114195,0.16182850367076798,0.290687122994544,0.6565386409536972,0.08847742633232833,0.21343498889672488,3
0.32437092872927553,0.3033888972685376,0.3287637879546235,0.08398478761453598,0.37392794077310965,0.9249174176602258,0.17194171674264014,0.03003157346011836,0.7666085626158036,0.6954365429403283,2
-0.0017048463261254716,0.10556244287254407,0.6334696837502813,0.2699421107001521,0.0329214512174027,0.2194646421685423,0.57131986377837,0.2314500464928976,0.6850779941281556,0.769305954396531,0
0.3709605706856732,-0.31906141488042705,1.0664767831894477,0.6791375150124157,0.6794791688332116,0.31118145112398343,0.3937876150063491,0.43398842689789446,0.9377707357051891,-0.3012360953518855,0
0.25944669146269383,0.8623518602374498,0.9508824450700402,0.49153423282362346,0.8642298237246756,0.9334971325511843,0.8964580430424468,0.507021700407907,0.6893068057399182,0.7710002010859771,2
0.9682612815891539,0.6190245622838961,0.8726854470487155,0.3484703302140952,0.6402571033778128,0.5542614496097156,0.40724706982034864,0.4641642322410955,0.39023861802314175,0.6296579000819831,2
0.018497844336257813,0.533393906304986,0.31638468696900873,0.17147205706573285,0.9676434243540474,0.4733252513646298,0.9573691652461941,0.3784171004708592,0.2502583527523127,0.6271184968188357,2
0.413539768120228,0.20135321503272074,0.3087722105865327,0.7213126814202774,0.24415311596127282,0.32066798961284226,0.9716552392219312,0.03128359158521848,0.8083610780820831,0.21437160629708374,3
1.2166989141202171,1.398021615580531,-0.12319123822934985,0.9642266635119203,0.5768032040256227,1.3649367660960587,0.3010954643825122,1.5418708441505757,1.3557759623982677,-0.08074265931051217,2
0.30595650976320504,0.8648136400174397,0.37520662987706893,0.7831083291056679,0.8541995650456468,0.27298042149322954,0.8636198326908018,0.9749259666557546,0.24382606664124715,0.3909740757639763,2
0.7858882356301659,0.4035195971959969,0.8719310009790916,0.40998407890843636,0.09232703623419486,0.3738440447582757,0.7884623246231826,0.6472434319217455,0.26585187221128936,0.18349284977729027,0
0.6500829304749078,0.5338313481167334,0.5953395770862578,-0.06300742943547033,0.2866760446715279,0.42997390440261124,0.9716441459062749,0.26570201452727515,0.7270374571791304,0.8575327419369544,2
0.9701796517239725,0.14394943544084904,0.856844916609243,0.4516339485643136,0.45886662852673843,0.7613178344795485,0.3275099195222294,0.7970448693752603,0.8773570062671204,0.9344491458393688,1
0.5690513942836508,0.6560493488908757,0.5760514525782964,1.0066505718730105,-0.1154653195813442,-0.04691132833732148,0.4268388534287276,0.44746077343021595,0.22419132563597555,0.2892182411281227,3
0.09402427158091063,0.5291870127562731,0.2865504512606173,0.9502583358627464,0.057416886744018014,0.2512717318476014,0.13647952763526988,0.10625259179002454,0.5950776109260375,0.77038292072353,1
1.0280902805799605,0.6942260024231628,0.8644809101477813,0.31045239851682155,0.5905062211755003,0.4898148847682119,0.3630787244485258,0.5566488958503096,0.364659646158606,0.6751464968003191,2
0.7788603355664183,0.34659851596081204,0.5053408249649478,0.2869748992278631,0.1955018929659895,0.6020083504675345,0.8434952876599616,0.35938718777945833,0.7735092013459653,0.8283815789419724,2
0.13168000221881884,0.19531233156634598,0.28226170098674913,0.7248093573908636,0.8720680506721703,0.2579442114285747,0.44242674718932495,0.828992233457892,0.6414970532427553,0.2952009803721001,3
0.11828159468646274,0.45533190618921593,0.3019440599210502,0.9626546332682742,0.6027531816040665,0.7739842626011696,0.3451851608300415,0.08868195400540133,0.16796718489569196,0.04361656049455121,1
0.4626654866907698,0.5613042410872802,0.234645597435337,0.6231075245135902,0.7937259160620596,0.9328697237589212,0.025480261486930996,0.6404294991663607,0.9875848636845738,0.1786481667921467,0
0.27472137626601423,0.6573431032629904,0.5511490638939067,1.2158493298881785,0.5022773100167488,0.27656624629522186,0.661090127609152,0.5119233784440672,0.17037176482247196,0.09540384944316019,1
0.9402326512640139,0.25365579981001524,0.8319804683526669,0.5033019134563116,0.5076932204587051,0.5136055664818517,0.06574970595599866,0.6190767258964641,0.8647477150301278,0.9815524013132788,1
0.40034943569842396,0.20873780881819737,0.5714252335139248,0.9342976123481668,0.769709415874448,0.8296037638488145,0.6261366145671048,0.19380922640660128,0.483213184204728,0.709070527971246,3
0.13825765460718814,0.787361221039964,0.45534804611019547,0.49777574560391435,0.2086756769808318,0.80455985190978,0.537610727101308,0.6287404748700983,0.09625225749944628,0.7369303124280426,1
0.1454191308786422,0.16854267915970894,0.312374322745351,0.7601997040416252,0.8834874764058328,0.22120185957579358,0.4916656211496663,0.8773487661877799,0.6186876589159536,0.26632599336975893,3
0.5465503743654994,0.274160587186236,0.0819545653437549,0.977180285641739,0.43086253532026825,0.7793897536509752,0.9920531638088411,0.6709271695635927,0.5169113011389307,0.013533591937464368,1
0.5224359088577994,0.792661743844518,0.5313412723644757,0.35933897165100687,0.44846359644551015,0.794251553097114,0.1539848791066147,0.8142165608828469,0.3460151056296465,0.38789900582738157,2
0.3394239900483336,0.9008607365691786,0.6857966949167489,1.0807004053775697,0.3051821045388259,0.6227583756222163,0.6527718690096913,0.7147423837047936,-0.15515595436705582,-0.12384056909488847,1
-0.012356404966756785,0.12417945394827318,0.6439822772031251,0.2819407799456771,0.030884340505818245,0.23025468710807023,0.5904126259482404,0.24690217879602583,0.6985446113779288,0.7650561450368979,0
0.2270784252727742,0.9232400177754208,0.4332504748747072,0.9136892037645861,0.5448768735900004,0.18990258073064534,0.8719042493519985,0.07085766652522212,0.43580121243796466,0.8411433629974303,0
1.2633742182970493,0.7310892510294424,1.437926752655435,0.802272268181488,0.6835673060728221,1.14870441128805,-0.0036970728087384747,0.8937881245192605,0.7057510475680276,0.14068395435030046,0
0.20158901119927505,0.4982920158608007,0.020042733203727126,0.37460268135472025,0.6506194993801736,0.9850799231196772,0.40085136406151944,-0.10153252923614883,0.3832579193807396,0.7200514469157893,2
0.6762608207619872,0.8033223255352412,0.1321359022266717,0.7242297813777763,0.49852558273551045,0.43543082221245727,0.5255804404971024,0.06793191843932334,0.4749701595050333,-0.0018625350346795312,0
0.5231397625600237,0.045280688353747885,0.24461981297853563,0.14130173141611385,0.05361050497812611,0.3546761418729044,0.3573977892326002,1.143385867495999,0.31591009114256363,-0.06489896097068146,3
0.9271127254309776,0.23377662345872005,1.038340373914597,0.6711776450143956,0.7865901978640848,0.4918873278242485,0.23527541410236924,0.4411073642129536,1.0490285968838897,0.8089108766905951,1
0.4205036781491033,0.9475853738325777,0.3744602996356499,0.8566657400503733,0.7847522075062178,0.18926203566683075,0.8866565485844404,0.9493541487641639,0.1052068657429078,0.3975133793839455,2
0.31849664655642695,0.1737634193688029,0.2266252115708693,0.8119652011392834,0.2068255690391075,0.2420928851510685,0.8299993508294907,0.06921778298375682,0.746087961401956,0.11432264311097833,3
0.5550820246389448,0.2686297276343216,0.08669687961464576,0.9736454685365771,0.4198793020981511,0.7738192850456804,0.9862730112980306,0.6757577143186088,0.513868945982272,0.02054344552334104,1
0.9601611222786824,0.6525754252450799,0.8762951648147729,0.3371417559079056,0.6125157528583939,0.533034864681843,0.3841602903493293,0.47884019731817434,0.34472232695319877,0.6621494899350805,2
0.711612420084789,-0.024570467658797404,0.6085014820120299,0.5122627295325082,0.5780506279329671,0.5712400298252046,0.09345744190138455,0.623134481668513,0.5293301502498382,0.719338085494906,0
0.20445324692667632,0.8408225226829572,0.8279798413001889,0.5090489234695575,0.46572430427001554,1.0335292659265691,0.31418810088064214,0.9246292847425921,0.05492216879939535,0.13935722538635253,3
0.14293144738168717,0.19585593508826177,0.26227169537159706,0.7138565166010887,0.8844499757530732,0.25878952757713786,0.4645904584851595,0.8534657885802347,0.6473137864987902,0.2720348247572666,3
0.012198179111054919,0.871046982716766,0.9544818686859231,0.47872260992650106,0.2885034714643392,0.13385370686966558,0.3132978195000364,-0.0238914824286256,-0.09089923713568554,0.6397666384259864,3
0.1467443709157668,0.8634267582766763,0.1542588401578524,0.6974279940537025,0.8032216269441487,0.29705383488284876,0.8935471019950891,1.1244175882447127,0.47735303615226543,0.558642187600612,2
0.18614472055426262,0.20594007839509684,0.8361287062119874,0.21401436910626645,0.7468071401839972,0.10835652382439549,0.7406189196246556,0.10838355554827221,0.29900586146481745,0.7688346264633966,0
0.5490831790547948,0.2774566079488414,0.08697581023687236,0.9780420542351965,0.42755589389886556,0.7744908777126439,0.9890909445980236,0.6679444851821537,0.5118528585743453,0.019594705843972694,1
0.15840365497535602,0.5435580772219812,1.2782533272090195,0.3950682917178092,-0.013100238611080284,0.6466018661487997,0.18443871337600815,-0.08607006696337804,0.3754908165255103,0.33273279112608073,3
1.0101492825837273,0.7638969113695313,0.8445998121749769,0.6164842472232861,0.4519189265093358,0.9131835060503273,0.006428812099939646,0.7161205925233806,0.6720322822218565,0.5801634027688255,0
-0.007286124177540073,0.09496122546907462,0.6313749524294577,0.25267242934611556,0.035598483965204826,0.20797056026354238,0.5826994745948614,0.21895557483921266,0.6882456809894583,0.7652659056451449,0
0.11432814925147926,0.8542261575076567,0.8153051113985753,0.8109599343731317,0.5344689503735965,0.7835882932727185,0.15797384570975287,0.8376488988020686,0.5750416306573151,0.6087408046543409,3
0.8407454505794987,0.13650897110691057,0.6294628302900448,0.07714626888281632,0.5313796131786537,0.4018016495250554,0.2077521934298932,0.9259795347356828,0.9224563699500983,0.8328225029219458,2
0.14130877812263182,0.9084692360890594,1.1126079062721854,0.8273823901438568,0.9174371304504138,0.10055323683193845,0.6025777617158523,0.03417675133824105,0.6019724401352762,-0.11625100692124615,1
0.10013779679789536,0.32401619264235393,1.0817388982319711,0.6289271712844713,0.18235168992540213,0.6966550588231599,0.7578626906754922,0.9004875295005371,1.5809976074436463,1.594735641507802,2
-0.11935102774439516,0.36928078482353766,0.020212290755427964,0.13027962801926563,0.699801704744387,0.6006359356042088,0.9865182053089487,0.3955995373316543,-0.01729653926153185,0.4674518189400193,2
1.2721398139589153,0.47456850085293956,0.8023754881686429,0.223713643721002,0.6948286491347899,0.8161203476394104,0.5729544232953143,0.6838600672225782,0.17975877207280944,-0.10256386439727622,1
0.4223195464582661,0.1063691404929841,0.41564453081393427,0.21347481144827757,0.38229984492064206,0.6125921925899399,0.483430545456218,0.172181897356912,0.7131292202491939,0.6611161369824647,0
0.16439316393846698,0.8783884101586635,0.8179921951425224,0.5939618746263041,0.3900656391097486,0.8832782995438775,0.15836959276260548,0.9893708750965922,0.06249290207030709,0.2393387928320839,3
0.2624398189732548,0.5463918432844284,0.11682636974898658,0.22553101411560295,0.6904720423551332,0.3236065000831687,1.1498093902999436,0.6161589100680094,0.17041256087658394,0.37184520589731546,2
1.1337906958861277,0.782927953084937,0.572951702850493,0.07993129975436628,0.0639092940002502,0.5355769069752345,0.5982009658814172,0.07317007948831805,0.8586106470435265,0.8518911174715467,2
0.8586426992520518,0.6785672931846708,0.74283043149467,0.33983325904062117,0.24148211506547435,0.7366688077061403,1.0045291986486629,0.301631213843233,0.6297053430774078,0.9741879840687471,2
-0.0093341869031357,0.9049170600423253,-0.18357098101641597,0.3351311473890429,-0.12195418142798739,0.4758340920644914,0.9856709699399027,0.3311829658480757,1.1607226213604451,-0.2105917130802074,1
0.682626957193954,0.6942161510020233,0.9602386125968817,-0.48415527723250296,0.29428165235471027,0.6720318642172819,1.0444848774126108,0.39788794192279653,-0.10548134239995988,-0.22198971455793504,1
0.9219863335027932,0.7722703476986102,1.3883952876165182,-0.03641732474085285,0.8377530711974441,1.3947947307739574,0.004770001897584364,1.6357409353381134,0.32083141199852705,-0.0203179071256335,1
0.8454710478750742,0.14378067723319593,0.639140155047679,0.09486968969474217,0.5286390262332691,0.386594267426666,0.21156513700210927,0.9239813212685186,0.9290196496018805,0.8181608367233083,2
0.44611127973154285,0.8918161020998796,0.3415097102426915,0.4571010570305098,0.23986630086942595,0.23748226310572626,0.07736829832147155,0.3395702235238121,0.9084521443049769,0.9688766260842713,0
0.6659277494470239,0.4884830312793298,0.6873545640494989,0.11134139525428174,1.2150883044349077,0.5951391439126963,0.6548179455242782,0.7528110320538575,0.9310986221111657,0.2980862537148521,0
0.09163789600303612,0.1813091531399349,0.2495448279056636,0.7403049146654088,0.8491178989084835,0.27321315167894467,0.4535042704825165,0.8240225706802168,0.672318779797353,0.26966802183639477,3
-0.12180337794014576,1.2329957580359023,1.2025123041579326,0.01848923262447938,0.26499627128903025,0.34544859149137463,1.1464768135510048,0.8438771531871595,0.6156675900323184,-0.19049951743629207,3
0.7879633178366162,0.33835639674309875,0.04447881973617063,0.7568740834535591,0.26839761960587427,0.9142437191555874,0.9805302676618587,0.4809466700960597,0.44852720004072805,0.8064294018540478,1
0.18452049593523734,0.8783922581815642,0.8579174826467677,0.9480157387428609,0.5084350846898888,1.4247072976744757,0.7153141632417858,0.538914937385259,0.12168104912382716,0.5594420349432423,2
0.2827004942747103,0.5088158764040328,0.369271587784202,-0.017712234239300295,0.3191076472947445,0.5232479340535319,0.023778053048511494,-0.06808769737928422,0.9737709826117116,0.4909862491652257,2
1.0065603183947374,0.3272587902072764,0.8698463380892807,0.1598807492336713,1.084798086895721,0.2897128096254896,0.8080067377912049,0.832432763381775,0.6145263783468151,0.5111515338766492,0
0.8495527606560874,0.2763156550079653,0.8838742950490666,0.39305673710732864,0.5114027373805706,0.6576465862473748,0.2532209752230238,0.7389129648123927,0.8494551474672055,0.8070293534859239,1
0.8504248761653754,0.8323947249406454,0.8697263704463533,0.637837218266083,0.6103015867367805,0.808436744787681,0.11917101903492902,0.7515548754775814,0.6682552048653206,0.49445008494093734,0
-0.0003786481669436283,0.10690480486016381,0.6243480379828085,0.2748317767260782,0.04221303226647847,0.23448719658185757,0.5839544537987627,0.25117598981692646,0.6885720192377693,0.788055661601261,0
0.0972606739893499,0.9310791530279415,1.0338767512241969,0.44583056430098056,0.10176251328927598,0.24949541140250192,0.911669291542543,0.9645085792125377,0.7518309419795375,0.030554797413827578,3
0.4301650988423878,-0.015615695139801378,0.6657796558174653,0.12317611225675604,1.0657959174148297,-0.023663294420417057,0.6738896033451215,0.8276834266695103,0.881294475767922,0.13059500076683234,0
0.4739853036349216,0.05329804633481315,0.2959972179487815,0.2501052095354993,0.33418026409782464,0.5600077317258783,0.43512608723430707,0.9332193528155968,0.28880292924996814,0.09729811860948166,3
0.9952172070425587,0.3849684814312636,0.4274114845245083,0.9355901920089887,0.6568436182322388,0.48442792106111404,0.9955815364154602,0.6522183358828874,0.9408995810127538,0.45368337039684054,0
0.28857611517186926,0.1732861047800559,0.3458368681440135,0.22312645551725102,0.40538829857203307,0.6526873247787941,0.6521451087846876,0.10860753778954282,0.6779248010580647,0.730237670793433,0
0.8700885549244296,0.3908113469193626,0.80004229699084,0.5723882631582791,0.7107938466988379,0.2743979430528272,0.7338008927463323,0.9749338821646987,0.992216758379902,0.5195743017253699,0
0.09336819196950091,0.19938637566142525,0.27002649603948553,0.7607326294811643,0.8406084928503336,0.27212297288425075,0.41928658345385744,0.8554199442082864,0.6786163027596092,0.32720734409359264,3
0.5962058901184213,0.7308866026536199,0.6684602579011928,0.8077347920904353,0.8130741529067682,0.5261003898736307,0.5570215458320392,0.45301632680178766,0.05781823348042128,0.05708592318420681,1
0.34541450859280026,-0.32891014410230773,0.41305928409907916,0.4169458421787946,0.7788673888409193,0.9655603495235885,-0.4337866441854136,0.38512343357439116,-0.14330677677605486,0.1233939366780944,0
0.156667948750905,0.7742233444457588,0.3817925395956676,0.4295215973950966,0.5603753896414352,0.9384476779722628,0.6442558209148814,0.11575437326017281,0.9703873042015605,0.2829287098067935,0
0.8909310269809508,0.38764656211486,0.7927683050996664,0.5626015010191648,0.7266358961443379,0.28110084711778444,0.7187599727314191,0.9602163089744143,1.0057540285160114,0.5093062744370564,0
-0.08753914618186132,0.8347379416715963,0.9603792707225065,0.29146511111417245,0.0974808544862252,0.2436339735710853,0.8634824858714969,0.841712412667079,0.7620666520362241,0.22443148401446594,3
0.04637061900860143,0.29183320142243085,0.3526795541185628,0.2594169045693232,0.9661499271098094,0.5647003191012422,0.21250675375708744,0.861976869533854,0.8295987266280139,0.5513957774813163,2
0.8642423571861569,0.9318443925810864,0.7810790534669905,0.7362417858393204,0.8280249682067744,0.6385205668297139,0.02089437182969306,0.5986973822680272,0.7243756873790449,0.3496887256024502,0
0.5407717357654102,0.24031305310749976,0.8889107965919446,0.8484143928777342,0.28177087207057167,0.4940670876369736,-0.12430680243885953,0.9329183753594869,0.7381403617088235,0.7527474057942235,0
0.8365048571175068,0.7712886765981303,0.8866389919696622,0.6264536583035766,0.628697654990977,0.8519941902342866,0.1180070680654467,0.7918536125690188,0.6978660462758031,0.5552303752639669,0
0.464909632991473,0.010672673007353986,0.9207939659934044,0.8651781223462435,0.41729938864756305,0.7294162297888417,0.191287121506606,0.05148994707108085,0.6619381939091722,0.675910215430774,0
0.5499850991403764,0.27335255278776704,0.08619776378628953,0.9829303214244922,0.4261228842314912,0.7803432529523423,0.989715585787172,0.6667168679692264,0.5153252591042549,0.016847449318398648,1
0.8960924852712813,0.6180507076455639,0.8099258162114624,0.297068098068017,0.41639931402879754,-0.22759257030378965,0.5868525664628951,1.128229152559412,0.5789405768100102,0.4075569455844125,2
0.010281064438984598,0.09279994924061095,0.6673681448660445,0.21505321872967995,0.06968370751886163,0.19721150941327928,0.6190215200498902,0.28188696856663525,0.7172634400570103,0.7688620345051844,0
0.6509421064828689,0.8111663989831496,0.11610054960823292,0.6898664350142585,0.5200646217125373,0.41056491605648077,0.5472101669834045,0.04792399897975114,0.4801541537820762,-0.0010074599036670843,0
-0.2244128677615872,1.1384734495017739,0.7443474185538379,0.6466223932852839,-0.040145241624728795,0.2601990553319038,0.602484688072083,1.1131349822493197,1.030879569754783,0.40696043177442776,3
0.26198302079412583,0.48042922098621177,0.8018243161776595,0.17071707076924986,0.39450735170220425,0.3568614134204816,0.4060700641237093,0.549790253875982,0.5214443811812237,0.1474970686283164,3
1.2949259429888529,1.2930774626538664,0.37953428153208474,0.8561744708059769,1.5251167488777122,1.441801146587754,0.43469899575915144,-0.25485919211941466,0.5240690860056462,0.9398324418901485,1
0.12641465231542628,0.8819555046927164,0.8307712814048579,0.5409693110136664,0.47003330707719804,0.9380793225333527,0.16924199908215817,0.9307787524316975,-0.01176329828655243,0.21287653220217562,3
-0.013616201445595066,0.13063686671116423,0.6248752420676316,0.26508726547911965,0.05676189860811037,0.269131515458431,0.5470741828276595,0.20281750980174806,0.72409474086895,0.8088530731970848,0
-0.03453963302717436,0.5043332425699768,0.2621359168742641,0.15361568191041822,0.8942313034770901,0.37091208388392416,0.9565810152054536,0.4145783833056638,0.18417011119113197,0.652212685780865,2
0.12040172117305846,0.19668712558851348,0.3123701094433767,0.7124974298376854,0.8431535338214868,0.25481923879232943,0.43491745822526817,0.79414703493356,0.6446835405456309,0.30232234111198714,3
-0.4859154071400478,0.6931569763604087,0.5693780361987577,0.5626884659488991,0.652556149922144,0.6472024946763569,0.808799529754223,0.169478304043132,0.27666606753129874,0.1960936884739723,2
-0.010712176868743178,0.8153486259948879,-0.07603828482742042,0.38725946992186566,0.04381057874796545,0.668889003365599,0.6935165084797079,-0.08147583074745493,0.8189469787124309,0.23375064789309544,1
0.8734143398629758,0.3870595071781492,0.8048337030414185,0.5677604519134184,0.716035339269091,0.27071026941369064,0.7386427058319738,0.9746266518998077,0.9881354328948732,0.5229864369345806,0
0.28294347436591105,0.8496707384590834,0.32613961544302716,0.761329085009384,0.8616398345082371,0.22830701801946646,0.9056831200798101,0.9316135669016797,0.21891629150082864,0.36492741929572015,2
0.4442944667319213,1.1475400885121334,0.151394549619422,0.7432306969299807,0.47830665813127365,0.03906965500517687,0.6403429726375136,0.06740728829000663,0.7117066668983462,0.9246494296359262,0
0.31010233161457657,0.456330312538159,0.07572114553692406,0.11918512700263739,0.06315162107033655,0.5487275039126228,0.7432740191148425,0.19583370362569544,0.9764698174854929,0.07168824268677329,1
1.0119851338288774,0.41575871245632456,0.42475695863981094,1.023138351166579,0.7173875201874492,0.5739741173019255,1.068337871568424,0.6475111892283142,0.8948875341597569,0.36023563816434634,0
0.24876650804832437,0.6514429229656992,0.18840920251710047,0.5683635901911315,0.4521563982183777,0.8469977544521954,0.49778909728883997,-0.026673960534401117,0.9426412482928066,0.06696937748371702,0
0.45082787420464293,0.04979197544590323,0.9946706107165056,0.8457659754096823,0.3961632606315286,0.7064758239831382,0.29393863665359965,0.0552276501928796,0.5946620227131912,0.5997583713044945,0
0.4180900642291657,0.30058238109832985,0.14186660038853285,0.05625048644263092,0.3494833075481737,0.5806629167464273,0.367838932014209,0.17740816168843876,0.5558096594533394,0.7855295155394965,2
0.1124420530664079,0.46396494897936785,0.3092663194035747,0.9578619480411563,0.5928196940195735,0.7795409912851177,0.35901848763895966,0.08205118066554715,0.17573192160514176,0.06084927234498378,1
0.9560550404293914,0.5626112129859675,0.6016635598516362,0.08425944874610009,0.3710556049394125,0.9156233175875218,0.6226112423188322,0.5133814447794912,0.3762582786642838,0.20126854185066062,1
-0.21599722607080168,1.00384085503937,0.343760205653994,-0.5631690398128859,0.8106025378343198,1.3001557542287892,0.5322289875552,0.6958698168052095,0.7580288205267676,0.8439247638868479,1
0.8542138134507851,0.8247811815745667,0.8706664513525644,0.6451720165650048,0.6026504546002134,0.8174174314936783,0.11844586840835217,0.7559782288212024,0.6750622868953737,0.5009327542075693,0
0.11898326660459119,0.6470260504076805,-0.0665221307858595,0.1973658538777962,0.014712876430161129,0.4786139080738242,0.5725243376832588,0.06656147847301117,1.072660218847381,0.08762452505152361,1
0.885177103136911,0.6042352156494636,0.3255522860318617,0.11146186396589923,0.4641195055311577,0.74698219341196,0.7281418566427129,0.5661251788400963,-0.06465567744240464,0.35274986350520576,1
0.004096404446131394,0.39005506800269796,0.28844095697526845,0.3759280406172195,1.0522372007727094,0.6803861850688633,0.10551030265652157,1.005692337731053,0.8875241325548834,0.43545317518686694,2
0.9492711124878285,0.3736088369003962,0.37471444032752765,1.0222312770708728,0.6556407755649863,0.571329366529925,0.9896151089781675,0.6598343408693105,0.9275866265535471,0.41338507863296686,0
0.7929226808240566,0.5688329517879519,0.38053888179685175,1.00183963647215,0.5206176282633814,0.6172469912713505,0.8489938979969398,0.7133101415895376,1.060516459694779,0.5552678459419746,0
0.4327802771462518,0.5307343226269488,0.8793307808077705,0.598114638289161,0.5086591838887421,0.5926971891380748,0.49877282043246335,0.7033500378836572,0.288295371428247,0.31293663175023934,3
0.9642337788627628,0.8760477971314071,0.8344515220802989,0.7805562896408521,0.7839590784137269,0.9120786187051034,0.27608662871165585,0.6449550609445964,0.8433881208715235,0.5635294576386936,0
0.90799427220445,0.2699575505055411,0.9473784915872842,0.4336502896189206,0.5401669829987031,0.6482745397266373,0.2013953653542116,0.7099926642518306,0.8646926414680536,0.8188428312910312,1
0.11444592841994677,0.19609727894951182,0.29158859231364626,0.7509589832920716,0.8473090600040719,0.2583961534193414,0.46484896673411197,0.803956579159384,0.6283689287518146,0.3256466692896091,3
0.2732022913890642,0.8850044160440953,0.30934975500792666,0.7363564591697569,0.8032426232352398,0.31166676210540795,0.9193800837163144,0.9161551376886568,0.16860639707762057,0.376899836467369,2
0.24091881390904762,0.8985586166160647,0.44095396839832834,0.9160115231760274,0.565944111195115,0.21616790447191023,0.8702722571087165,0.02849621740848418,0.41673031334056915,0.8400954456823377,0
0.10746726988701158,0.8513351781386195,0.8239340955087515,0.8046834181971926,0.5339956071327947,0.7813826901988759,0.15498632709380875,0.8403751301418714,0.5720408429362873,0.606025588780021,3
0.5897809778827502,0.22493820654517196,0.14392936727273248,1.0662309213574384,0.46547633513998876,0.7620149067588131,0.9854505230168747,0.7304566280128866,0.5079123341588878,0.049535028955110014,1
0.04727307673206396,0.9056862584790603,0.9341132689495169,0.3946285382331947,0.024547214796571903,0.29071366736945276,0.8011659795192514,0.9952297316951647,0.7628910137594074,0.07302324743575882,3
0.17487249669431001,0.7938434821430114,0.8318436340021105,0.19118967388476768,-0.0837999993319675,0.16894759225388528,0.7964660475907717,0.8543221374621013,0.8404892345266715,0.31466751058203,3
0.05448318549889322,0.6329379559396309,0.13336662391338439,0.9310249061466226,0.0520782309959872,0.3837346567020685,0.23876975314270207,0.22191641431178738,0.48564071667770575,0.9222001873460214,1
0.5346986274277755,0.6072627810602982,0.9847975514468471,0.4246576130880038,0.48023446596971164,0.5309103652565619,0.4411019407173409,0.6144856875353387,0.29632635803365753,0.4365561797187465,3
0.9364968609846556,0.42533813002755705,0.7620189375039642,0.16232137548030112,-0.0275022915902004,0.5237300826661269,0.9047178500920795,0.2555690259336939,0.6994159718083881,1.0676659062768559,2
0.4190551300267583,0.8947240951113795,-0.024809472123253754,0.5083206485137285,-0.23810191468995895,0.46510758146091136,0.4844507741402779,0.26121003908282936,0.8460719671754018,0.11377082845043364,1
-0.0922866782291648,0.7940039919339146,1.0356291298259346,0.05686730250531685,-0.22236924915143663,0.6047931333921599,1.067289502660786,1.2709987648323215,0.5635517941946431,0.32107673627670613,3
0.0036714080327111265,0.8854833064988261,0.897278959788875,0.6618204009154172,0.8309679647301262,-0.45374252096063494,1.0777751229022767,-0.019372472568861154,0.2683370064766222,1.0908629251282633,0
0.8712380186925252,0.42832300703284965,0.7258917575201007,0.5762577560691502,0.8094822530156994,0.1990159035740447,0.8231803443904632,1.0015981452400917,0.9667457422378987,0.5163941492979984,0
1.075034749135096,0.24564990306476553,0.6345193565365624,-0.11499286852787222,0.981722262236204,0.28381220836368554,1.0351378721391238,1.1876271747421703,0.7130518425761005,0.8068423266906373,0
0.10966665163177391,0.8560975840930766,0.8199242831479112,0.8106757362691855,0.5318455830441995,0.7792426185859496,0.15588696303505223,0.835802105919396,0.5792187194883094,0.606854176882435,3
-0.030051856198706095,-0.0861374748214414,0.7961073611373013,0.044862312433314844,0.3818880461855445,1.4261397872312784,0.9352118450057408,-0.061857265024046926,0.21932189271333968,1.4236168242121554,2
0.885272806312378,0.757335685138472,0.9268441184736163,0.5953133984375465,0.5480013632894922,0.8388153879877585,0.0519878549224219,0.8228260392958635,0.6222915149251456,0.49969568572038997,0
0.7491626725185478,0.38938406289441363,0.5955816691812484,0.3081690988719472,0.1189323607118186,0.4921956579902122,0.9186263883430532,0.4231083365104406,0.7991582196297584,0.923333729440745,2
0.5029472580642256,0.43066847568308986,0.9597680185615718,0.1379806731142063,0.6629667719649556,0.07018681743989963,0.7731701527402117,1.041397514351038,0.861417864618692,0.2817670291859583,0
1.0730652770865894,0.560454258901028,1.1635400262032702,0.41167520792269235,0.8735272912168152,0.24890882487089633,0.4387685736807085,0.6189371982345233,0.38044932941802695,0.7792120752466843,2
-0.3209653057421076,0.7349418722602552,0.8178179000034417,0.06643262448174653,0.22038929384669376,0.17820324125188314,0.7738162379557988,1.1080862310163395,0.9649852327431268,-0.04919794666007621,3
0.9301963382857841,0.27332413710511977,0.9554694326271048,0.394682891160388,0.5679762792425092,0.6378704877434157,0.19249010801850108,0.691307479626105,0.8997019003536515,0.8426213546425839,1
0.8332353534362602,0.14338488038705097,0.6414988404692183,0.082738641612627,0.5244343532593803,0.39688008278176734,0.186933919475027,0.9430080906648147,0.9401709273156793,0.8274201352088366,2
0.8337318593308002,0.12457496037888575,0.6297662471215864,0.10687485261327816,0.5259883536145891,0.37356408669639,0.20537008047715882,0.9222260578690012,0.9365876484518605,0.8259863925433193,2
0.10797135339697861,0.49342818318335135,0.34248278137777904,0.9498404256193392,0.6257156782171703,0.799377099780331,0.3679065610277698,0.06107266400865942,0.1675927899797446,0.06404693095119782,1
0.1440193693310889,1.041558298386718,0.7424163910981322,0.19048368502142113,0.09273868731735149,0.22139052576604193,0.6744287229237088,0.9674423690418436,0.8401980815647171,0.19242502239007325,3
0.09727830786342412,0.7749121725628986,-0.21105745282132504,0.20517226670851865,0.0919866216813271,0.4640841151110149,0.46572051230509576,0.3946293073228315,1.067157995746672,0.3044959608137308,1
0.9819514196071877,0.20710484548840308,0.8272600157419743,0.4199771227534872,0.19738049894426246,0.2221722892571356,0.6637120913550605,0.6338608240201848,0.1880804052942967,0.04531503637190043,0
0.7786191590814895,0.24343591437819886,0.877539917673122,0.5413153393432539,0.5918053070191566,0.3554338954088165,0.751318469670942,0.9771386403581606,0.9066852534106964,0.6295026220235764,0
0.09753599313590328,0.6656085982805681,0.03246656633839622,0.19089103695997964,0.07064185795278125,0.44203391724457197,0.653927506363355,0.07643030816253457,0.9631906151688366,0.06382902617718203,1
0.13839734608304494,0.6535784812477576,0.30851054681759316,0.48442753514597314,0.5339932751403296,0.8674204346873591,0.5963435299610161,0.03543282385809235,0.9579643454213068,0.18008043531743922,0
0.11614303508023348,0.988484323188887,0.5783289314849726,0.7887133159235542,0.7074692366000658,0.25164719938716673,0.7738975221192907,0.0695034456658692,0.4645959001659415,0.921145603898132,0
0.4977340562855084,0.15292684174456364,0.23944592334886627,0.8225076068429784,0.2898949538411438,0.2767505074141204,0.8925517833334113,-0.025318426976572918,0.6958760781361877,0.10599341592055868,3
0.581294965898427,0.4164545504493705,0.7542499977942418,0.33938581995391004,0.3997808290364391,0.33249863728924833,0.4711513494222815,0.9816274809367841,0.5898617936987453,0.5784766775358751,2
-0.23444504445163133,0.7924161012904856,0.7113113113073071,0.0614114025748293,0.48623208126889134,0.6452556121602805,0.7523535218766955,-0.27401131670150153,0.9131806552020284,0.43014959255671514,0
0.7188802693736619,0.3912986363918526,0.1568187146553611,-0.028713447254468172,0.23106313041739324,0.22884483645037074,0.5751981791643987,0.5866469499073481,0.8409667190526907,0.09009700685127012,1
0.9990562658135334,0.2156558951457658,0.4290035360214295,0.9505684911270568,-0.10865256195649392,-0.1186947128490024,0.7767468069998321,0.43164338235411276,0.151877091700449,0.12274700367229008,2
0.19896618804960475,1.0576074172838008,0.8507619154300816,0.7184107003192207,0.34872075042963313,1.0446419686093844,0.21161252929085303,0.809247433293026,0.036255132319815545,0.14890984450736167,3
0.42582180415562815,0.19301719548086305,0.2897402992126582,0.6865861544303644,0.31431672059079985,0.2433558870341554,0.9215665145785165,0.10302962402683721,0.8173336188597022,0.23731080295472168,3
0.9275770781660992,0.3998410242300915,0.8541497633536996,0.18577890196269364,1.0075906009048687,0.4053575994777871,0.7741203845748159,0.8929554788720859,0.7144293280996062,0.6017464913905927,0
0.8439993472264321,0.14289281291489972,0.6343059861698377,0.08751545762765367,0.5765117627868046,0.4034690391637879,0.20359065605303114,0.9063815213494302,0.977988661900146,0.7850647946662384,2
1.0308661820106033,0.38911319972851055,0.21218601877186577,1.1238219605467312,0.8229908282306787,0.5672541863874191,1.08761534297402,0.7546729853260319,0.806305142236899,0.26865420661726797,0
0.5734447809378823,0.5493623377619995,0.8959100128649479,0.551409502933406,0.5168151172431332,0.6612478850931521,0.5814958625639935,0.5798069275561037,0.19714510639765367,0.4435147354025848,3
0.729384253501237,0.07092814734164801,0.6398248195486559,0.45696702405449596,0.6461069769857983,0.5764399596760418,0.012538074187430949,0.49568568747098235,0.5653949284011777,0.7061990209241018,0
0.5437327967043218,0.8092548230018897,0.5269799777183106,0.34615926843313366,0.4247157697656973,0.8149350756071921,0.14042320952387013,0.8318708603367657,0.3534800232537846,0.41659953137108424,2
0.01953323987223904,1.0212880287482147,0.5158581049334285,0.04435692219139706,0.045750601239552935,0.851992528983285,0.4086448595820168,0.47663157385137644,0.5726615799201652,0.3274619799467615,1
0.12634213173150374,0.9651600028163516,0.8433647099670345,0.5679593188764916,0.39074654661830244,0.910148597073126,0.1565616194792933,0.9198546839708718,0.04842938780388071,0.2154064407477799,3
0.9678844548718419,0.3650609647223928,0.389286380020933,1.0663787006026213,0.614806004890271,0.4599037873788032,0.7767228504107034,0.6817425478114013,0.8887985539758161,0.4234836355724336,0
0.5471554706146272,0.2639675899691862,0.09057998287680417,0.9929225986703628,0.4296339986322142,0.7694882802856763,0.9938845615904742,0.6774450917548204,0.5260422957158732,0.01352559996110256,1
0.6944521267022681,0.8344128500923942,0.7529038428820419,0.8032796340707903,0.7591465162959775,0.6456699448027237,-0.016352975735557024,0.8970543620499744,0.6510949089497832,0.4266170091237406,0
0.11623898493045334,1.3834611870941906,-0.0002288384888977646,0.423307979620304,0.6423542066827083,0.6811128193997009,0.6888315878927939,0.17957301828005243,0.3810411390924438,0.0935822389814302,1
0.20840337971747572,0.5688292370873651,0.05507957600560349,0.27162372745254026,0.06861778132953462,0.5463371316167626,0.7511459069802706,0.19732552751062782,0.9234155998537383,-0.01675992888003293,1
0.3493225528228898,0.16750824167835104,0.2728288789520849,0.7553750682779511,0.20247413508068013,0.363052424733962,0.9606993641086276,0.009760743291095043,0.7504158765291044,0.17567811156800517,3
0.17232879127500178,0.20864571851439784,0.8261405822735611,0.19187546258658336,0.7594214294251443,0.08500480880827169,0.7691196853466736,0.08036496134201034,0.27787248950941806,0.7637535098271226,0
1.0501260733863536,0.6686737408348709,0.7685042082274642,-0.17247813552463803,0.8233071512532761,0.41505516449352076,0.8921052266460681,0.5361024873533013,0.5131091777613541,0.7776108964452317,0
0.3674632214309193,-0.0043031704954726024,0.4840423928791785,0.7502853100674108,0.8018339115122282,0.9902446814546515,0.3347384847397836,0.25753960779251484,0.6907547358381123,0.535606125836562,3
0.3397197135601174,0.03634940995862241,0.36583165716238997,0.4187008213574585,0.4089434775355075,0.5043501003403319,0.29221463077575144,0.8325513191036552,0.2600173660943484,0.052659711154634914,3
0.7984122532548468,0.20486692473976745,-0.1302312439729263,0.8078175195478556,0.23948716890568011,0.7710872911372325,1.0226192009993023,0.6596868864639814,0.466086096866758,0.5600363724706918,1
0.2054908709326213,0.555571583438254,0.05335110296506589,0.2868793389086421,0.0859326974867399,0.4930574579383746,0.7373375963258794,0.12355043892028827,0.9995868476939189,0.012663541499265536,1
0.7741362731838607,0.6195239345195459,1.0035077654794422,1.2184785557276403,0.33634770562094496,-0.17698489754754382,0.13530366500372507,0.9469131137441962,0.41349332493451435,0.007834304808824716,3
0.8542541359464317,0.15532897541357168,0.6287209377806261,0.08429201427394932,0.5301078086597596,0.3791840640212359,0.1958588229230119,0.9335639046266697,0.9387295294413955,0.8303547900428583,2
0.5223849031633733,0.2940510070928822,0.05973946292310059,1.006179876625513,0.44281609281098583,0.8031723671395891,1.006970091692684,0.691718223172397,0.5219493647494265,-0.008093774662161535,1
0.1863767259626255,0.4901034744912818,0.9392854331954469,0.6635830108617058,0.08430751843746948,-0.13225284388371195,0.5284790772520556,0.35100390188960234,0.4433832278687915,0.2547583737728085,3
0.9626625679482418,0.07917127668340401,0.8308728367217788,0.24995042874719883,0.547253356437541,0.8106337910967382,0.15792213848146283,0.8042601210096673,1.009520034999152,0.8325884301948511,1
0.15654746877865022,0.8941392033074528,1.0223584889163897,0.5286795339523936,0.8811778924475914,0.8778182264149083,0.99217314845383,0.566840799855598,0.7374154289307431,0.7601106662038913,2
1.0103053227982692,0.3705469557006935,0.48305883447479137,1.0350559113913465,0.6252379779358709,0.5993021277626082,0.979240079193658,0.6508916627332985,0.957598144581045,0.38572371788981213,0
0.27912052444449864,0.6844217201691063,1.027570194424519,1.2719305374113066,0.484633565591927,0.3681717831776916,0.5366014839664104,0.36133436059224544,-0.0818997801576225,0.3195746760073983,3
-0.07503642254939273,0.9088310802219999,0.5347060918377428,-0.22343578475007198,0.4881535318819427,0.15866497971566734,0.928187101731986,0.4398668925900069,-0.08264593407598764,0.771023787153623,2
0.359557772298385,0.6406920233399858,0.7570504109052114,0.983374400557296,0.2400601176242843,0.2253447654708825,0.31947912560933,0.666418063782904,0.0929953022639308,0.2591966019356812,3
0.4147662222574152,0.1944328669498233,0.30907781837759,0.7310413826161372,0.25889751051147153,0.314059405683933,0.9634079153838051,0.04040016693516291,0.7986611961820201,0.19582272750261243,3
0.9560465935634502,0.3390516116937618,0.4094455894750318,0.978870323261123,0.6575104309232179,0.5276137607439036,0.9954456345589147,0.6188873264077895,0.922861586303556,0.4407811976586556,0
0.5688491529697028,0.5736809697084863,0.729242235234525,0.7179639584514076,0.3014982598535163,0.0563740916069365,0.19296444107942282,0.6164189377156077,0.2449513157802104,0.2711052844634385,3
0.12255528288052076,0.19210270000745186,0.28298790196825746,0.7157702438565454,0.8669481822021502,0.254324064314514,0.435103360020296,0.8287626162485908,0.6377715478611199,0.2731853527669966,3
1.0370429897474205,0.16075153615894586,0.5417161124492884,0.6819239504962857,0.34144208482665467,0.28172583817301666,1.1778199492199408,0.32742847628859273,1.0683729981354615,0.5669728304632471,0
0.8516902003190254,0.49008328751709196,0.801443108734409,0.23215235528479772,0.5480672767233534,0.8211632013957108,0.527195246272009,1.043014563101843,0.15074186268003242,0.2303718763504378,1
0.3556074104296543,0.1662553144022164,0.6138569947298936,0.9040070169101818,0.730519086662212,0.8822606767417023,0.6038259447219985,0.17276065796205006,0.5772822898141284,0.7387794581651512,3
0.20669049036115894,0.5661789362918064,0.0971825732051656,0.19769118393818563,0.06031376901237334,0.49722165305093585,0.6740379494914613,0.15286644974680738,1.0314580980382035,-0.0013513194316590663,1
0.34850955128365213,0.32096649992363785,0.6301204027666929,0.6062267147555545,0.6656445707190227,0.7868512989420505,0.37968135100901984,-0.026493938785199483,0.7428060194144086,0.7231536261202838,0
0.840729246995349,0.6144209765849213,0.5685761660778862,0.09594878188065314,0.5611534095569755,0.026685997343180487,0.8281097885171398,1.0538031599168014,0.7842768712451399,0.8472277908299545,1
0.574687480792262,0.6571449019083816,1.1483924768950595,0.7262149392125328,0.40731413709364556,-0.11275108883785068,0.31924843884126547,0.8476331086917317,0.35427451558443945,0.422035451442078,3
0.6505101185062848,-0.007502624942489607,0.5614296318002967,0.5281065980834875,0.6254118133527267,0.548967526660709,-0.029055228199738284,0.701268547833313,0.4700308599464719,0.6557345665353566,0
0.9615534875057011,0.4564583391331536,0.5488618057360164,0.30687441654655045,0.6629185870714622,-0.4852938431507144,0.8699182382753932,0.6185867259286629,0.3945756120930619,0.14964996335996095,1
0.15903906379056323,0.8220856251185775,0.17967851706557345,0.4912156035232156,0.6433142601774912,0.8169897283397063,0.6532215669743783,0.11837464180618265,0.9793903203266773,0.28502323089941123,0
0.5335272629108223,0.8039589575253935,0.5344656999647531,0.3623294099396128,0.43930213906132565,0.7871615728156348,0.16248132994754114,0.8168354092821696,0.35120112230139405,0.38838577342382924,2
0.4745290241639143,0.5346900827261926,0.2277356111013726,0.6461739315131215,0.7829544300161727,0.920297458542045,0.021744718462661627,0.6535481084408257,0.9756730041342632,0.1661863791199504,0
0.8881910396291203,0.5865837369073013,0.806712527747329,0.33739835172122795,0.6308549455503962,0.5841865171830836,0.39704024285973627,0.43044860061167856,0.4225112117203944,0.6242752154003007,2
1.0088958325884483,0.5264690688115281,0.6068609213091264,0.4106126774290738,0.5536786452696706,0.7569644108229727,0.8260682964620161,0.20095161300726722,0.3872299578872299,-0.320746188291528,1
0.42053897420966263,0.4528584951449067,0.7762261606837298,0.4375616467793469,0.577725688227545,0.7502384851195966,0.5911608504746697,0.6246187514298813,0.32561414112195364,0.5443580150491188,3
0.7831182589045005,0.6353845082699023,0.5057076092968349,0.04709304964943167,0.5371701084118341,0.008421950763075104,0.8076035819207253,0.9833211457214603,0.8002029912828831,0.8054910657041358,1
0.8551438350448793,0.8202043730549663,0.8763313626499243,0.6438250660225259,0.6073341999382965,0.8217523476899649,0.12524338865601936,0.7553654533291617,0.6723166588334816,0.49650151500853335,0
0.2302334549616725,0.8650552671881949,0.7819021838621887,1.1659345504305167,0.2645569965403047,0.23286021638023768,0.48794297793246044,0.855423900493734,0.36095132557180676,0.3295152585052704,3
0.318085760906569,0.8061201783011842,0.368085716737217,0.6762330730805397,0.939911087404806,0.159280117555469,0.8659174607242314,0.8873846061938261,0.11441135924662468,0.24705176660105796,2
0.4213646783196556,0.4490153311718906,0.44487516513828246,0.18190830517930012,-0.18898134920594312,-0.2990106395624024,0.7545341275501685,1.4091479386680128,0.9672987007999277,0.17302823937453882,2
0.7462311831554832,0.32600585311955566,0.8145600902292103,0.4458568089763034,0.0720203004420072,0.3030678426243999,0.8062008092209553,0.5937420388706264,0.25017060400161484,0.18399779717636752,0
0.9576733041355604,0.3337277400023822,0.40558383134579146,0.9831043965952431,0.6552219548361549,0.5139467412761046,0.9846982632601139,0.6090237398279739,0.9061872299617423,0.42660723040231135,0
0.16347435072216449,0.16559929280925276,0.8533404009657516,0.2272831922170987,0.8159618985453208,0.11425477452565155,0.7033657161725871,0.07220059369060688,0.31423984777346814,0.7569950092944395,0
0.532987925550704,0.7917196237465023,0.5352122813878493,0.37189121005264053,0.43677074605260063,0.7744018655941527,0.1486786179448436,0.8295746020245061,0.3517985222692091,0.3999736063658438,2
0.3186646885462256,0.86904723076578,0.3231184982495352,0.8434239146923553,0.8947882667636553,0.3241245255366658,0.9260916093097965,0.963600543567017,0.2722392122030611,0.4105810141823801,2
0.5178214820459524,0.7204053888670426,0.8084728640818514,0.918808700735811,0.6722090899544212,0.41827953444416593,0.4725283672168114,0.3855316688347916,0.23039536110635553,0.04597972608483968,1
0.09618977174236862,0.9071250709706836,0.998995269516767,-0.27007946352551726,0.3692530488960394,0.4998993512123013,0.6033627430331409,0.045327432894874564,0.416211848636697,1.0145967632617665,1
0.9391815286775325,0.38866018148905546,0.8422725055894457,0.178996327684217,0.9985946752460991,0.3916804651429723,0.7600015324263558,0.8966059283897405,0.6996836418304327,0.5861281909838146,0
0.10686287455465839,0.8516180483951828,0.8248088833048247,0.8128911692004176,0.5337376242363402,0.7819173386904729,0.1533722198812822,0.839990864960141,0.5818740916854838,0.6105935763644603,3
0.36050108635452827,0.472633865764739,0.8751380776131242,1.0572806934997805,-0.09196028706048726,0.09493653167883391,0.42893064199742237,0.47007401948020316,0.2570184911236988,0.2220898708874593,3
0.3794304626197861,0.147439181584898,0.685574656909271,0.8135505073605153,0.6840968288369262,0.8972126864081728,0.5507099102736684,0.27277378677498965,0.469482070898205,0.7680977365919648,3
0.752403311237948,0.33838667827896146,0.7200147763139447,0.26877389336751156,0.1716895691263743,0.5327429129729881,1.0759331659684874,0.44068132498480567,0.8397864439477907,0.9392442310210674,2
0.3614676539752374,1.102910037590668,1.220771308310144,0.15666712315115475,0.41666909627828697,0.6344513373926983,0.1311548481357276,-0.027253524985457078,0.49116966519190464,1.0987024405826502,2
0.12874990623168697,0.6028229982608165,0.12006455722511511,0.6089483465511043,0.5400948294250428,1.0606277373433324,0.4755807104869926,0.19484515608830044,1.1353133658399779,0.007877122113973706,0
0.12679235656316765,0.18649788795656508,0.2808856891238374,0.7273756746181681,0.8710187887304214,0.2543626769648019,0.44181292045367965,0.8256237514983493,0.6441790425759186,0.2857189354724836,3
0.9604476338766985,0.4786617165824691,1.0913154052509835,0.4522824959122601,-0.03767112937090841,0.2572268942244705,0.5554175366149674,0.6810868207941106,-0.034041558063637845,0.10337893136474549,0
0.6179251176774985,0.5172174824840529,0.6282837768500967,0.45711473754821574,0.029056282174314836,0.3051333771244088,0.03834815220523047,0.047539060633482455,0.12203317696515392,1.218069323912676,1
0.9315399006799376,0.2600968196461537,0.9072465630565011,0.42521225559162884,0.5425318114409264,0.6347109656216621,0.22698602606702362,0.675509448802816,0.883736052286476,0.86244133610731,1
0.7521081446464759,0.21145850694998666,0.7419633403550685,0.3733703637723905,1.0641023455478669,0.39967591165097827,0.767335779040186,1.1091434913162597,0.5277336763776059,0.47528433868460296,0
0.25744054377045866,0.8957601065385598,0.44074021590570567,0.8803286626465245,0.5405415278973779,0.15347788289638986,0.8606265455964957,0.05499619220681042,0.40647242372478887,0.8566569906083614,0
0.5636960932723759,0.6316110347173662,0.8438754938880176,0.892699626097461,0.2050302871277654,0.23973134088887435,0.23572804103389336,0.7201243591717414,0.02996260602982019,0.2851146762671668,3
0.4843499674053152,0.975391410425247,0.4061387365995419,0.5916562452800644,0.10785237818118264,0.16541720870130855,-0.02479777652212549,0.39948977165676264,0.9730358012814244,0.9247893480627556,0
0.13500205221867242,0.47113624163697254,0.30816025070329395,0.9520779979385904,0.6221362420586608,0.7524246656810585,0.35759703042090185,0.05130345260453746,0.1451762759714361,0.05213476804542715,1
0.5229966440964993,0.5508739758245956,0.33631856590038706,1.2426947899304657,0.19873745785597674,0.0891120503681531,0.8915137221665539,0.43565309354963644,0.5001800374636561,0.9569160933606371,0
0.13906341514653192,0.9068323758009011,0.8881602370628896,0.5830571492156176,0.4540429012566542,0.9475375533196441,0.19560622540264025,0.9766388730843615,0.011780338490462037,0.22426842111567433,3
0.4564224056258605,0.19075954780536625,0.9801002793143067,0.8154060523024822,0.5463149540942741,0.6253327700640594,0.260167253231444,0.014406160099352236,0.6785963574127827,0.6749228041616246,0
0.2697644161858272,0.10241781708870124,0.3746915508175241,0.2013060728801876,0.38263231330737907,0.6364366688394483,0.7061668233417009,-0.04850227104961402,0.7356911841210557,0.7673320608087668,0
1.0381635071550914,0.3954102366372572,0.9364789238157021,0.07597726482224977,0.9523394154928302,0.3814227235074961,0.7062852158468751,1.0249740066001354,0.7513670659925296,0.6249738572243982,0
0.23830909148369,0.7062103813564087,0.4191756614747192,0.5937959299328229,0.12365421765587783,0.9341973737450074,0.481574307774326,0.7865289969832812,0.19521793319250294,0.7718228299547526,1
0.16241675746667197,0.5929074059348985,0.04325844859126643,0.25514619700470925,0.08171603350483703,0.5123647819096485,0.6957043560618167,0.1589531984402477,0.9824478991244565,0.031671454241512034,1
0.2599446937652085,0.20891446581083178,0.49003771830214937,0.0699051513588382,0.2902719615232008,0.6528388696698385,0.4423086963812818,0.07931485268090781,0.8004139841413316,0.833233950246599,0
0.18726066126314062,0.8087836411365509,0.4699368413582623,0.5343998736625512,0.130826066252356,0.8651046030839233,0.5336810583096335,0.7304066777840343,0.13978598086595798,0.7346879555379208,1
0.37947732366693204,0.5828635099574999,0.8566644684545751,0.8547189964328379,0.23024420855854394,0.24961204307823648,0.18125437860191462,0.5635318888387131,0.20746128721690177,0.1931879465288085,3
0.2837547270486469,0.8230492300527518,0.2565336594730121,0.383720722174991,0.15158662948098936,0.17115942808075946,0.16852819291317328,0.3727674908797109,0.8993192582757457,0.9006620340894061,0
0.49677824452456143,0.5584713447647588,0.7911557142967792,0.9970074669913789,0.19721299990011135,0.111664900086033,0.24120595481139354,0.5435571524337022,0.19901396185749082,0.267417876387125,3
0.16551345371168635,1.0536146609212302,0.7184555980082904,1.0779034030258219,0.684409398880907,0.0807212379286211,0.9843211742774922,-0.24398691234333458,0.19172016582763063,0.8696993135919859,0
0.13713709543414004,0.7986925807814563,0.36791828224459616,0.5087000578010238,0.4626140970475179,0.7158671551963288,0.6281273088774076,0.04430365466700085,0.8959514436117691,0.24292948064466208,0
0.2949180567612758,-0.40051613740279346,-0.23109657265817918,0.7366721381864463,-0.5661223166202289,0.7170887843778834,0.03220935648305834,1.7351212995332839,-0.20743946563365634,-0.11722983805145393,2
0.23376913299513924,0.5150589416190773,1.0546412377196654,0.5505840152424211,0.28708395551051547,0.764547022611425,-0.003886433538757783,-0.061904181176907075,0.4201583204485665,0.29515755140926053,3
0.8237287300876098,0.43509151227990417,0.9282103295775016,0.36537208082311634,0.14834572473239607,0.3217746570000174,0.7531051421250796,0.6420168234386154,0.21373897746015869,0.1604203876729507,0
0.9371096724699307,0.6539372950940721,1.2612257307896702,0.9394595681755096,0.5770457033846826,0.4052573866476909,0.23115598054133968,0.1153780390799975,0.4376079363977795,0.7761406654088273,3
0.3322364324546264,0.04037951764169409,0.7034459881101808,0.7830777586617429,0.823452149261285,0.8050241054811478,0.4513353036699142,0.13760971493814744,0.48547041887630704,0.7914001297690578,3
0.3694689029374868,0.30504956619307577,1.5941652037441822,-0.04640633897477242,0.8547538157363214,0.9422080647971995,0.30679603624036694,0.8573839650504813,0.26163057162749775,0.17573599201827544,3
0.5288785859164066,0.799055821441751,0.5396807418356575,0.35992644155786213,0.4354796893559876,0.7929755981264434,0.16367984349002884,0.8078649527447697,0.3429367112321824,0.3888551411541845,2
0.826445612262037,0.39971863591235246,0.8619956353248254,0.4589761886419534,0.0930200909484941,0.3518496494962181,0.7983305072437272,0.6759719612118537,0.24410167852067718,0.19595442938282062,0
0.11245314630378352,0.8469910739308436,0.4539422185547776,0.5337979165176219,0.17680271603878434,0.8341780689563696,0.5898712339787417,0.7008131032602514,0.2098607552096604,0.6798050067410616,1
0.7004354492370523,0.4609548608678805,0.5230065036461907,0.2443924522937734,0.5022500746049657,0.7964700858360632,0.7568370973598258,0.7479890294484589,0.13913154109694298,0.36318276184562404,1
0.8312590149921301,0.14898144766350147,0.6264098771301054,0.10709742940431331,0.5350203159316486,0.40429479022273357,0.20669531592884588,0.932719980653299,0.9443900959038607,0.8280640218325592,2
0.8365017676071385,0.15507035303156272,0.641950806699136,0.09552505158663208,0.5357297738226223,0.387697974453129,0.19997649474134355,0.937159177010701,0.9342706210285986,0.8270504491765259,2
0.9735506938887759,0.7081749947760527,0.6165916938756357,1.2489118157744499,1.2160918962673275,1.0603771676127223,0.03662491291767933,0.2146610947838043,-0.029870848573225972,0.3730614167153702,3
0.4284566625715455,0.4844850594741485,0.2939235665979797,0.6928002092274527,0.8140991125713428,0.9526616772447608,-0.026254070041885152,0.6536929053357043,0.948458922796938,0.20004391928420195,0
0.004805477617688449,0.13329275497623838,0.6198473934929607,0.3033295324019724,0.07759554977517269,0.2094240957271406,0.5932337469155282,0.24725054375260197,0.6906022551259072,0.7417413847680419,0
-0.7269988749960732,0.9083046333227852,1.9583610069984865,0.08326407349886916,1.4032727634219722,0.47468050416858265,1.1139175383546815,-0.052154153090286814,1.1826820413857386,1.05021938074728,2
0.828327774915568,0.46320901250029045,0.9466819715389924,1.077662680453652,0.5584329509054319,0.8360237037176,0.41722355697589647,0.462212026303091,0.4621729641833678,0.018108781110475335,1
0.5603890781277461,0.2756339279636294,0.11321572605038861,0.96104970644875,0.4434310787349456,0.7695385400999618,0.9722313596792466,0.6616220082765033,0.49809508510957545,0.015016934348734154,1
0.8962188188435348,0.735057579058669,0.481719981438029,0.10440983388083173,0.4758566450284874,0.01397682054359886,0.9068470664757555,0.8655114141818419,0.9000584521083075,0.9373168830636223,1
1.0491375170415724,0.3493347670642735,0.9295097168880371,0.3225211138713548,0.4449471449742554,0.6860804160713535,0.07366776626116217,0.7865972078729737,0.7521035933825957,0.7263118973793016,1
0.959381523060917,0.3281300007940002,0.4073702951144111,0.9785431013143011,0.6657418693137157,0.525129969918888,0.995236883245424,0.6052909045782215,0.9217511692879746,0.4425820894629367,0
1.0624414997348959,0.32071554343698266,0.8877114719771403,0.3011437035998226,1.0231218759689749,0.4123637943119055,0.8470586180691764,0.8051221209305531,0.6703475536726984,0.4721951284904561,0
1.1909718323101735,0.4622649532691279,1.100211921795361,0.21275360821885736,1.027054306065956,0.34259413107907194,0.519670982910446,1.0481198221866532,0.6899480556342964,0.5613814331999775,0
0.054847224179247,0.13400305486247316,0.6121959679729619,0.31786870023089225,0.014423924000602852,0.20350878246161508,0.551627522937258,0.2395924180602956,0.680156525163035,0.7609098264015435,0
0.9012300709280993,0.5829506689643215,0.6585290065834135,0.17277300585423686,0.6036800485895143,0.8654382673828891,0.5442153407298705,1.0055468166867765,0.26918385446583054,0.2075139077999602,1
0.8516859904752571,0.4436158919308004,0.7711323454105309,0.6244741433659194,0.7525280207230985,0.2832713498795328,0.771131394740214,0.9699528900512688,0.9907637000511711,0.4874119182480375,0
1.3629404688360367,0.8117694477796376,0.8383541989539939,-0.06182081775842346,0.627870959384081,0.3436359588067759,1.0179003361611498,0.47170152163377776,0.6157502685280372,0.21580666713799307,0
0.1358546151370884,0.9000546681470283,1.1012598898649402,0.6248370488842978,0.8760475734428678,0.9159215009742192,0.9432847074930438,0.4442418293075105,0.6253016290129645,0.8491477962198892,2
0.1393250238963803,0.9555371673011792,0.4629491718692616,0.07175106400334408,0.248964039521953,1.00572574110474,0.42882538286981675,0.3148957858531592,0.6598691205403424,0.6207468223307372,1
0.1235202751154048,0.17262245498138765,0.3086540370800335,0.7335248568264833,0.882763380982566,0.27319115600404625,0.4307562632278887,0.8102966169780267,0.6430355570772438,0.26873096633158516,3
0.6081750655422724,0.6067407874133928,0.2954074320554678,-0.17521903160440877,0.4195943089912413,-0.07352389588817716,0.6336764031859012,0.5520113801194635,0.5841929852852696,0.5226338082897904,1
0.20962438958392177,0.2130985916126651,0.2926413049256837,0.22539324456986787,0.4286229382367035,0.7986915406911644,0.2635281198072774,0.10746964214349736,0.724637064773207,0.7515983063455313,2
1.0476618005780607,0.6302587558719577,0.3677628485402162,0.13666249610226033,0.21280689905535738,0.09788263343873535,0.8518404556684744,0.8212104022782649,1.0340783725039848,1.0634920351449189,1
0.8497235113680703,0.17204856556519207,0.6200767285264992,0.11795912985718585,0.5138089252964698,0.36013808059314867,0.2450031202608571,0.950823293422451,0.9371735128368,0.8009017263270956,2
0.798165453314885,0.03572658711186669,0.5566725067933581,0.4295552854679052,0.29016802348193216,0.09610270847234008,0.41941107429365343,0.8817128022419112,0.6925012896874996,0.7656014889400529,2
0.2279860121687084,0.7385165047716824,0.3186948754558597,-0.4131490963420392,-0.18118851576508432,0.4867431207570912,1.0716656627331724,0.7119697902314057,1.0124558846948566,0.024946064893166406,1
0.46685976922696387,-0.14809513495664794,0.367018026454932,-0.08434022995559146,0.30281067978147413,0.5585653936013103,0.7137488235057176,-0.08780724496646061,0.981978622482832,0.79562027203592,0
0.8888552973935292,0.7786018902167006,0.8483513006027772,0.5969679251180504,0.6257683085493402,0.7943605001672385,0.11213124410901532,0.787266635581721,0.7181282874838558,0.5359848067460088,0
0.846417475414167,0.13812352615924248,0.6217537820354336,0.08676760587761141,0.5296344073154859,0.37257497652356036,0.1898745153580085,0.9433743589591541,0.9313566828920775,0.8239071871214505,2
0.4215536374048316,0.20678551426977917,0.2935733347147423,0.7252023545570767,0.2684312097216695,0.2998348562529417,0.9599515909697101,0.036877011411604925,0.8057556787344863,0.2084226990814615,3
0.8070731249851113,0.2795750317029897,0.8417018443092035,0.3252916829229188,1.1164350911207621,0.3091755852155566,0.7197028687678043,0.9524548588301487,0.7573168929549703,0.5237541829749207,0
0.4915793352304444,0.6107445220625424,1.0590223925471296,0.19962924018192962,0.9340967906639541,-0.3122705070627738,0.9433353999053966,0.6137800334731389,1.332516734391064,0.023942457512246232,0
1.0319609360702215,0.948234235407226,0.5516118494922869,0.33949259424484246,1.0099612399477862,1.054889724323146,0.7500347570516723,0.09193954427424189,0.30791245494705466,0.5806248554596196,1
0.9543685349716702,0.848584868614151,0.5839721806622432,0.29299226693178143,0.4286046224296336,0.650574460029703,0.5391895781849744,0.7349661027524328,0.09067473319279662,-0.07533373975763488,1
0.12862112387754648,-0.12025976549377554,0.6140636386014625,0.8349706687782388,0.5262169967816415,0.6884040225784275,0.49342598613353006,0.2973428332335062,0.5996303827915868,0.6220852748939467,3
0.42611512992744666,0.0011855314222413427,0.5298715457766088,0.9662309144843213,0.7569206939817053,0.9324086391732703,0.5927519943485868,0.3510089924126155,0.5693340287629669,0.6135492386325846,3
0.5997545392736751,0.9478511622441601,0.6863873137154776,0.5651249110669513,0.8075460536666781,1.2909863089812577,0.5331177983730768,1.364598784972828,0.6887121927656029,-0.19933313959317484,1
0.2307566216154718,0.7771610837578357,0.43031051793583003,0.6475207746497254,0.16902124388816647,0.9067048238848205,0.6055179058978033,0.7865348895397407,0.05430145692736597,0.6988667364391571,1
1.0697439498395465,0.6856661009918579,0.4347035920413106,0.20241882447241177,0.4538319816069957,1.0743841121373507,0.5776292765142771,0.642242841525832,0.16799421044329735,-0.16546186641140337,1
0.5369938021184706,0.7946941888269239,0.5374245924585426,0.36327002867680513,0.45251900689542596,0.8031475823485607,0.15275175888183654,0.8158691880968774,0.3415448776130053,0.3825734716066992,2
0.8373780873789256,0.5429733034383251,0.7172736090175862,0.2603201042276884,0.608970018516687,0.8527097063138984,0.4845997572378773,1.0008682677110852,0.2991723868321533,0.22742385730188686,1
0.11467044668792147,0.22317202485899593,0.3091077347027711,0.697924847217396,0.8646451834145066,0.25759050964372215,0.510721913010149,0.8776157585565955,0.5796913196581833,0.31323693272793707,3
-0.18165874496503925,1.0344660326661763,0.7904919383891708,0.5238658385546444,1.049714465596959,0.33040793296856363,0.3114828497461875,0.18247837596351815,1.0626189346115555,-0.05571126105683638,0
0.014216364971092112,0.14258837838568103,0.3641105211595022,0.3979304607568025,0.8847930064738364,0.5051768242971422,0.2571318135747452,0.8514507480123417,0.745902233329438,0.4087615257427212,2
0.8629769624748663,0.39771680125262976,0.8022139260360868,0.5685089182107292,0.7124964387889847,0.28115122729428044,0.7376069898060366,0.9681001603127621,0.980530412115228,0.5283867672163544,0
0.47994702782876747,0.5487314539203386,0.21800469932297367,0.6631884109349412,0.7944101788506214,0.9179822187923475,0.029407218154842887,0.6490345538977758,0.969864475328487,0.1672321209783288,0
0.5176914650248323,0.8167739693396097,0.5085472070612241,0.3741137887940788,0.4184535075886893,0.7897315278969679,0.1815877933892344,0.8388299307633476,0.3464163315622796,0.40822928740186504,2
0.5287545006095274,0.7952027802434597,0.5384766120713694,0.3614337351380972,0.434640766785811,0.7918957740972798,0.15759120206035082,0.8089258721565376,0.3603104560544507,0.3805239069346202,2
0.1893940247006657,0.9842653578753061,0.5881461970463169,0.06587143644175456,0.4131650867657946,1.1038339770981669,0.3889818838870957,0.3633572035536722,0.7233810349121799,0.6361251539486129,1
0.07818059045165204,0.5350746270349657,1.1807413958986184,-0.2016371131293408,-0.39822823562385234,0.3699563009564596,0.1942823506564334,0.07972583570215369,0.1902179058568676,0.9036706419187189,2
-0.09496896019634746,0.2695025675396661,0.44425295234189394,0.11685792655205521,1.0979642922532835,0.5423496581587429,0.2747506029995911,1.0120821236479904,0.9418241613626903,0.7432964984657281,2
0.5529141919542389,1.0027919997160248,0.6048606046402332,0.4489961782204929,0.8053637153036148,0.9822573604950492,0.09906097542779635,0.4304842644939903,0.9405553725026943,0.43566518360761297,0
0.5134335521265465,0.8331189608212177,0.34879357170378605,0.43359193201481705,0.46687397595185437,0.8846334425661531,0.9763990154446052,0.7357268406017113,0.5713804067309559,1.0826719384434087,2
0.5791798337127256,-0.05373264710497341,0.8255146422357889,0.984553037092197,0.40134584050284866,0.791537323577726,0.1660718330431616,0.07865207852412634,0.5145289129558765,0.7499625284811993,0
0.4761741429366999,0.5418220759462373,0.9280371485082815,0.9432696826181698,0.19511550099879535,0.1786014725466588,0.28576692861300357,0.5899253090584348,0.02785779521930637,0.14677284411077435,3
0.17781031231592367,0.7338901014208699,0.2533120033385379,0.5743134591336688,0.5734482777652864,0.8641767755228646,0.5533235413469763,0.04670468519165992,0.9907097462186665,0.24497487278412244,0
-0.054428716256103515,0.9456721368864295,0.9946118812121592,0.39835853542238525,0.5967418972838131,1.0726281749497697,0.3559300897376655,0.8957744492732939,0.20036231253185427,0.3778331698767291,3
0.11789239708277989,0.46679916827569046,0.3095991037785966,0.9521032303415272,0.5963471555833937,0.778256208198169,0.3544586778466693,0.07918213431040431,0.1683460873429467,0.05093404669076258,1
0.15394038321888986,0.7933919477754848,0.5412649935279533,0.5206500572787037,0.14986697070071892,0.8249536513992133,0.538312733658447,0.6919859558087947,0.14562052437406198,0.809424339231412,1
-0.20545222066836027,-0.012276904220979601,-0.012561407184300877,0.3924655370893969,0.05551330940414961,0.314673959236514,-0.12328504001875962,0.06190290526767554,0.4518314740106205,1.067271384386915,2
0.31165569151726735,0.8615346807657606,0.36372980167452956,0.7997552000941484,0.8629397245994719,0.27453847584341473,0.8538111882667662,0.9591143067047131,0.24887233533388964,0.38757788595445164,2
0.6400643220177759,0.9001283714859885,0.10788510668453972,0.6931140339547814,0.6144539691664694,0.5164265632071516,0.46247761130707293,0.14412763619504365,0.4126111259948476,-0.0682722334789761,0
0.39646257769898197,0.03643331605231134,0.5471202087540278,-0.09314633145142731,0.35296199233812825,0.59847744529865,-0.003955481449069709,0.16021124973667664,0.8854538741510647,0.7673256270434434,2
0.06972401259291905,0.2640995260135708,0.3422432644247775,0.28664515333838153,0.9761640022647812,0.5810707361884423,0.21712591140896156,0.8573094528210957,0.8115873816737706,0.5493740255617853,2
0.8792614325097229,0.48008514015429377,0.7616403005673976,0.5730040013583887,0.73662328871785,0.3921944843055868,0.6474281161642039,0.9029750244066906,0.9833394456840369,0.5232165269838277,0
0.40227515176057604,0.7052630716750303,0.35437228922924463,0.8055299385034824,0.9603378486623639,0.3232658449078812,0.9293933682914782,0.8832007270016877,0.1908526217618044,0.5053017798088792,2
0.874846411599104,0.1621763201260908,0.6391188071615215,0.09132600893145096,0.5390842813783091,0.38828311825092554,0.2047162167041263,0.9366863785254228,0.9572194785183871,0.8192743794328571,2
0.7157271058996267,-0.42605102296937847,0.9759371334572213,0.4656738446083396,1.037110812037164,0.5461844971650853,0.1393746852712523,0.32297528568838224,0.5277415855667628,0.9193351017169121,0
0.9234374143138468,0.6215653121830593,0.7188497030358163,0.7948411937095323,0.40407836300125355,0.8538340429661778,0.31904230000123657,0.7835894542324581,0.6508186546162201,0.29123403894906835,0
0.9313911383531833,0.6148147951825432,0.7864824135562125,0.3014552501677103,0.6814236409653148,0.5228881869155957,0.35425512366736694,0.5114076820313114,0.3974519298111876,0.6131541120078418,2
0.6957178668809656,0.42941301988591896,0.6273126583827241,0.22773135270379377,0.11131249577092209,0.5231686075970589,0.9889202406315384,0.37064095313979145,0.7621065197954013,0.8915133602416424,2
0.7877917147653987,0.3375335974232539,0.4569571586443891,1.1292147519414415,0.6958216904462805,0.7533440843627516,0.8862047169398496,0.76418147251167,0.8633185505707061,0.2604333758539922,0
0.8223598464346386,0.8458203306702722,0.8928263838907644,0.6049655036096165,0.5801898739398568,0.7912319340726351,0.15484363757562614,0.7443399656301966,0.6331543202287315,0.4566030835696956,0
0.367519206394028,0.13257377371919832,0.40622162555259866,0.14569334557050476,0.3650048794139831,0.657575238103785,0.5763773775500632,0.06577529232665442,0.6893076596335299,0.6915409576855164,0
1.0617762440182958,0.7106764530302185,0.4660611710989671,0.1998256609662934,0.38590857643538723,0.6593735524873889,0.7083446967304208,0.6383126115096784,0.33833836771754977,0.07143454042409626,1
0.8625416134776476,0.15221269361256112,0.6471377324666052,0.0671331614058051,0.5301458189008985,0.3579419340602256,0.21891981128234644,0.9492596064743549,0.922040701019228,0.8034931104401247,2
0.6233824742971297,1.0223406676385516,1.2084986928423431,0.662022299272594,-0.2437157231729568,-0.02579991028852288,-0.07580268251130834,0.3246233408713847,0.16286254599486621,0.055661657789703695,3
0.2779589077769709,0.7333100513262765,0.4220923822401214,0.21526974598049733,0.2291400816343124,1.0791005664352182,0.4395973385657864,0.2444688755371896,1.0170914281468768,0.41659033803554163,1
0.6773467957061252,0.34879522945916186,0.6126102613648907,0.35207844303400915,0.030386550462267015,-0.14772644304369154,0.13101426699719004,1.1032447992055423,0.6167989391572002,0.7662648916902762,2
0.9671491861176178,0.7264454267237366,0.8838473299785907,0.7446572746208688,0.6618314734183616,0.9176602366115968,0.018839212720809143,0.7208376043271957,0.7756745934100148,0.3875793541170597,0
0.39601007798267673,0.6014670730323152,0.16142595009185687,0.7247206681896992,0.6939033987827394,0.8183832548360865,0.08107698059093632,0.6295327325408189,0.8809932638111879,0.1548494785502472,0
0.8309957541681255,0.8473713659859111,0.8562106519342987,0.6265055376794012,0.6031040435204512,0.8044793566886435,0.14018192003956634,0.7607278662581746,0.6742676131507737,0.5158534530479472,0
0.29411175633885045,0.8372873100960534,0.9284188665925268,0.6104579406296932,0.8179787429298053,0.9543248289173999,0.9272647792747896,0.49604019260195736,0.6904123279767495,0.7508637660386813,2
0.09003009736972589,0.529821424299516,1.3316556940640845,0.14446574143729649,0.22065413405871562,-0.0641655976456208,0.4005212765622183,0.5256667845425683,1.1220410441698387,0.12974915128593129,3
0.9305457151780023,0.5695108798409222,0.8591610636076529,0.20639258339314548,0.5687799867316955,0.5306495578007722,0.3796396758280219,0.5319617514027412,0.21785994611673798,0.7462734767166546,2
1.0641502652576578,0.7694693442233966,1.1295862859125751,-0.16573810889613383,-0.3186339100114739,1.038557133833992,-0.2257875292292144,1.071025262191241,-0.5608235249485406,0.7948829570877374,3
-0.19677595845892684,0.8983839269545851,0.8385677584838177,0.2606205451630724,-0.036708070225034806,0.20420277233258194,0.9714241000012386,1.012288798319409,0.8326047917452192,0.027042330464363024,3
0.7852169004245344,0.35172147457569436,0.7415324846352984,0.4838747416708116,0.6297490826725003,0.33726234722511367,0.7447886152969476,1.0236770182621941,1.0252537743065475,0.4717082169131846,0
0.8393557536147184,0.6304451993005611,0.7037827099943988,0.41575008667611923,0.37979791152156384,0.9052707509533627,-0.16727155420884576,0.5923582514006873,0.7365823365143898,0.6700190881438944,0
-0.019757111047770844,0.8283290150106065,0.805429528684653,0.38098095334588145,-0.013303622825659403,0.47966799174212155,0.6684620600651588,0.9895784157891779,0.8435418850613569,0.0727061608826606,3
0.1206981608878791,0.46520315753008495,0.30772325087911223,0.9527710887469413,0.59986938507007,0.7797605310730157,0.3629032858787129,0.08109786869090861,0.16912342033365393,0.051527557195409836,1
0.09602866822698936,0.7617165220752453,0.15888983925273775,0.9295237942559941,0.0834078942412875,0.40017927549312127,0.2599583275541218,0.12279016869967349,0.6159912750127292,0.9495446154481905,1
0.736629166854323,-0.09326676832645539,1.2106884123229764,0.7898711220416442,0.46295968245687186,1.0514890280386078,0.5536663947444269,0.27827955105096647,0.3833984080492856,0.680401635497004,0
0.3591956014528907,0.033507724532381544,0.7200469146519646,0.26123404207896456,0.9792100803464366,-0.047230255251308785,0.5364191882167474,0.8301494497500641,0.7956522350650103,0.1966515890030279,0
0.2541150232156234,0.21489062103031192,0.39584180672159897,0.2315202067015842,0.4061476197091432,0.7037831463722342,0.2680182713674717,0.14241188503124244,0.8169378517798236,0.6649452396981381,2
0.6303778778732061,0.6422362864469447,-0.20248549584440045,1.2166450901967392,0.6673071792615022,-0.1366659391674137,0.8115080443733078,0.5212850820225301,0.4602732842146107,0.4963749167110025,0
0.38402143605483213,0.02277689413748183,0.8952449966503118,1.0255492249247082,0.6550135436579982,1.059304661593285,-0.05228482173768628,0.2419571708763723,0.6703191905808621,0.7195234611309169,0
-0.11019019296380547,1.0477906053003485,1.0210584979418755,0.2727294726291052,0.05926960327227432,0.2597337949039828,0.8508352159716595,0.9806862020149242,0.8276546332767007,0.026721232075946844,3
0.747792188780501,0.8476761474966202,0.8454983725063807,0.7421270498713266,0.6095527906756159,0.8666653276273368,0.23123581201283966,0.8865155711153193,0.7935812077965246,0.5714966891236806,0
0.49876432577128893,0.6270424207963305,0.902857734700838,0.88514399279134,0.28212463509438357,0.11072147058386225,0.3459242138826751,0.6910181959991697,0.05143258617557994,0.18743435982131876,3
1.221829200042214,0.485901801338816,0.1733500724216928,-0.1436103962065063,0.5536994596736011,0.7876163626834952,0.6280948262742011,0.29641889207324973,0.20841027656855746,-0.1919640884080141,1
0.869531661272196,0.3899122519435662,0.7993799731308743,0.5584014621573814,0.711895730234808,0.2810920716932441,0.7238275865627817,0.9861679268215842,0.9964745412624159,0.5116102436737537,0
0.63677799211077,0.9542606582514883,1.055441396353938,0.90495940947271,0.23708724127973135,0.7856192962263892,0.34625526998714656,0.9074494054119366,0.25912729205509905,0.04345081536137013,3
0.5747994845072634,0.40770242695230313,1.0937436039610504,0.43173936526966955,0.05260158956179034,0.7956938536773654,0.11085308146414935,1.0200579358875992,0.5996579883766865,0.6675401293200465,3
0.8602684121752778,0.21811047644433768,0.5732462892545889,0.5867873652754941,0.1746884240565346,0.13414768738261512,0.22756570136174972,0.8842776661782605,0.508385534455396,0.6089757804907454,2
0.8296353707763536,0.7795863268646741,0.3790815956428475,-0.11474202220297261,0.6499199848587354,0.031795244111944974,0.9240212783502432,1.0150975902038524,0.7318859815397242,0.8851960005012831,1
0.8307102701857615,0.239912203916513,0.6082353291925627,0.6429132632649661,0.479372567510956,1.0549715959087582,-0.1270784481879783,0.37990706779837546,0.9638082306572282,0.5830530599599848,2
0.9758060378818976,0.8855225260476925,0.8703645553603796,0.7006058884528229,0.6788797709912249,0.8673741647132807,0.14085571546135123,0.690471401542257,0.6688975062615659,0.4648367614599931,0
0.8172792339825747,0.4082732931362297,0.809394963930766,0.5802734606907449,0.6882639477053877,0.3253317319782999,0.6759757050852,0.9625942895512343,1.0008700682872822,0.5276094458529978,0
0.3548877122200724,0.11929149006794103,0.39700667546293283,0.13047881884868304,0.3598296932111677,0.6669808347886783,0.5790887418344017,0.0730528616796286,0.6760948690613896,0.7014391358884108,0
0.28716684615996213,0.8081560898513646,0.40679930505662787,1.0177111118643074,0.5658143785620721,0.20549478545662722,0.9095559036089282,0.11110390999710278,0.4922937801632803,0.7947424173208428,0
0.4393543842138109,0.15990025461994592,0.5305339647841945,0.724375417196041,1.104674379522654,0.8455416503049796,0.34951188688907475,-0.071308633576878,0.3294709727659003,0.8501082161543889,3
0.3082604524551349,0.5213560500743623,0.7508465352299257,0.8387810908348022,0.33428027129627613,0.16335927336383962,0.3347802575727273,0.5106293589372083,0.16556894349613063,0.21174457412464243,3
0.5864211835130638,-0.16527178196646453,0.8825135397494339,0.2392774557975178,-0.0113558770897004,0.10554506341609612,0.19547007862280516,1.0775817429542978,0.8078499403468292,0.28547117976055575,2
0.12440620175368104,0.5916033920988528,-0.03110293985108127,0.32420067114687917,0.09475468547181581,0.4531186234163177,0.6293071137118319,0.19505373579075203,1.0273005883907218,-0.002412231700967632,1
0.09700782374373029,0.19084185415801824,0.26308762268085567,0.7556801536132762,0.8975148737051082,0.2695838153361982,0.4411930019085024,0.8118493094573468,0.6556037302988466,0.27544348039951244,3
0.09794248204583376,0.6176657223347053,0.06060305400172014,0.3142919609016775,0.0028356842579764924,0.4500134027498415,0.6667636474374857,0.080742243219103,0.9156827592441067,0.010557184869958495,1
0.6433413622548171,0.4497187326770671,1.044871848891163,0.6111554215885787,0.5730872301109541,0.76051410071689,0.6633910134608862,0.6894030487706212,0.1410655898824177,0.38686828705884196,3
0.17331846215474733,0.24801899405900302,0.3140555661816333,0.7319635388896543,0.8442585235175258,0.30026777315459463,0.5206646924665557,0.7986973484265644,0.6571363391881982,0.34335046196605085,3
-0.3681808310771383,0.8200800997951831,1.1444788980254574,0.44177224483477895,0.04738728558336145,-0.19641963813626828,1.0704792944164205,0.8279046710827564,0.7265514948756666,0.2648222960674813,3
0.9013616533510459,0.7857643571065259,0.889762835777498,0.6216751972650175,0.51124405343083,0.8616965171528098,0.17489017474778468,0.8015214465319893,0.7048877135848992,0.5406035299725296,0
0.6413423705674355,0.8028560642471636,0.6869598766011866,0.885060523079829,0.4543801393327309,0.7838461772646682,0.1712578125167618,0.6290326815152502,0.7145138685597622,0.6945201525002435,0
0.37135607192210135,0.49131907911292494,0.9485649816009742,0.4659141588458019,0.6893515493715027,0.7981414880829343,0.5432176601849439,0.3563713020604896,0.014410032385129112,0.5790428070302628,3
0.2829590941640242,0.4114039688057721,0.06657401321145989,0.30355185051310296,1.1521493407097554,0.42714878128903233,1.3024381641871097,0.41717674730763477,0.1412952720054787,0.6018302619299117,2
0.18597297559040105,0.0937538728954268,1.0211452877274956,0.7203223888987329,0.22426082687985566,0.6380756445646212,0.8849243065161969,0.08347167001110734,0.5178090977087182,0.7338008970186938,2
0.2340388119747306,0.5119341054537014,-0.13798136665252822,0.1267670627985854,0.14402604063416274,0.4733451899158014,0.5283251984138286,0.09438225072388051,0.9569442834343336,0.19726622780877603,1
0.18538941498752753,0.7618175329962542,0.5838564662845614,0.8153222616854545,0.5108605183003919,0.01496516269869283,0.7265488657708046,0.07604226033705304,0.5790408132435779,0.9872213201031272,0
0.961369678946438,0.5240755470729047,1.0012978100317573,0.3211646856707967,0.8983073588274977,0.2711533594157711,0.7546819741657098,1.0707033052215873,0.9474764056934215,0.36389443099491237,0
0.2772046254961787,1.0521935161541704,0.4350882818307228,0.7855792007207063,0.8367315111926846,0.3035998390977415,0.8990439518922332,0.9178322160045694,0.4648816681880018,0.48656037849649886,2
0.1170559927606032,0.3300044454103902,0.24996627474297245,0.31572440196903184,0.8782396794178933,0.46207296854000507,0.13329180174534877,0.8180394226127404,0.7805836663645858,0.674313864271095,2
0.4191031233261549,0.81836045144937,0.697293214266218,0.37490123874948145,0.9952284540356768,0.7140333897605134,0.9240526637063154,0.6524997839776815,0.5792748555765574,0.6052415529906637,2
0.38266202043067893,0.30753764614086615,0.34780464620346224,0.7378928738199771,0.34265024478617073,0.6625356469193551,0.399466268494601,0.5269109929143739,0.41259205022547607,0.6642972347533074,3
0.7558558726798031,0.2929389951831657,0.5960499999665554,0.876250166170562,0.4469456939422871,0.6114329163562596,1.252519770353289,0.5348049482857147,1.1697029747655363,0.18147533325091852,0
0.8648439565753209,0.17089239295841663,0.4627973226976262,0.4757855243414026,0.22470510324591209,0.17311867619953625,0.26261276215768264,0.8689950502697699,0.46429571836107564,0.6850607764429049,2
0.570961492466915,0.02055874400121001,0.37569586723577875,0.2405248027790719,0.17960385164545,0.683357392045061,0.3642508152378865,0.9103539301171315,0.29555115277570965,-0.07293043814530789,3
0.4060918543410761,0.9475775493564565,0.301690161525639,0.5073479956642645,0.1819424790756579,0.1942804573431436,0.06168907401812481,0.39624718136773046,0.8864724988341102,0.9291896332111051,0
0.9655198900413007,0.3494339128345578,0.7714612343312482,0.23161868499434246,1.007231829232337,0.5567040616653154,0.812035746373149,1.0593284646479568,0.5308462638043917,0.7181701144325937,0
0.837872653353428,0.3572532642446916,0.7746545239325411,0.4527175556767906,-0.15584518482361698,0.036188530218316306,0.24617159987249532,0.7295221541967079,0.8337400907651547,0.6109051525565632,2
0.40791763215979804,-0.0037216579449093415,0.9121072316480415,0.8920130262712611,0.49119795011303735,0.6886506623019721,0.1610548265400595,0.13894615395962417,0.5392093684508222,0.6269833269388543,0
0.5704806755123734,0.3135777368323508,0.13448048027397594,1.0354374330102316,0.38528749263425044,0.787718882701021,0.9735517977637717,0.6488448825222621,0.5360237569956005,-0.032118586573865286,1
0.3597852807747519,0.023517672628144796,0.6330909392427942,0.2592711940380347,0.9362367882903581,-0.0006510693804387584,0.5925425429801036,0.9115185287853436,0.7569241298374525,0.15331698860006074,0
0.5949979100185926,0.6580204493664333,0.33997642590683824,0.3404353935688891,0.4386728429594237,1.1186056483203077,0.3293010374924396,0.8363561930933239,1.2000350141130744,0.12610499292435934,0
0.13290476964900005,0.1784932483938459,0.3015649976327002,0.7433939032746184,0.9042213777452955,0.2678501484166103,0.41229116941386074,0.8142686256998725,0.61395714674747,0.2607185243811934,3
0.9102793784931947,0.6540631250126687,0.4728987844369536,-0.019680210789775124,0.4833315484933124,0.09487830192890757,0.7716506040458804,0.9211786680853908,0.7155778202249541,0.7644581833864319,1
-0.23170265511885418,0.5747185492978641,0.34704743107361496,1.2802940684278887,0.18691620391898767,0.43076191466418184,0.49391940437693416,-0.06943693771116233,0.2047479163139786,1.163174510034262,1
0.14375899284742363,0.7888874894549736,0.4830971878076078,0.6099862941147342,0.16790635961540168,0.7922273637267204,0.5125659112942365,0.6754944278879617,0.06372797232449343,0.7721134972614938,1
-0.10288450688747786,0.20360148668989558,0.29260891985447085,0.20792727424266477,0.40626395931957204,0.8841208578702457,0.22831105981176186,0.1776015660592411,0.7356788995831048,0.6821836113500288,2
0.9737357024266395,0.7066815041108474,0.7293603873125389,0.4697804854376544,0.5991481523421857,0.6403885094244115,0.37793323148885066,0.6141525364504031,0.35910900727895695,0.6943452709016711,2
0.8485640509935258,0.3598691404610857,0.7939823861546756,0.5593837395770308,0.7064472671850514,0.2539905247716892,0.7317004469435012,0.9678804126579914,1.0144643285439376,0.4943718098751747,0
-0.7535028503625943,-0.07870343935685398,0.9038608033528384,0.6998173134389085,0.7804226680803232,0.12184387989612278,0.37746548502008637,-0.39366121602156723,0.06705590415093468,0.1769093697386973,2
0.634003575708158,0.024807791711013747,0.5877177810903804,0.5563428919026027,0.5750977420772162,0.6421676243681712,0.040222047361875506,0.6407826781088625,0.4522858296562667,0.7310579595650201,0
0.8655453624501817,-0.0864258528821068,0.26202258808047196,0.2303655078301797,0.5575691976016586,-0.14928488616477142,-0.2250575162318682,0.2588643607531036,1.0398108288169865,0.33842473493851877,0
0.044088291347341046,0.8711811546048439,0.8970489573809148,0.331745725906045,0.08727572794692191,0.372446765694887,0.8207059123450036,0.9493549627858907,0.721938917981882,0.16129300069641764,3
0.49522329632253304,0.5881868945058532,1.0203385017221587,0.6060120454407177,0.42402583209513806,0.5508408729017766,0.4568411605076897,0.5239613455356038,0.07793933773331643,0.5162893687292082,3
0.2853688765542903,0.2808318211691479,0.32568408282166766,0.2505174518251578,0.8333975673258047,0.33954817982682706,0.2744889779623721,0.6452188564845012,0.30540895876271884,1.0848851081534692,0
1.2246298257598462,0.5451905373770309,0.7562757734239336,0.04724247014522456,0.6346025368299429,0.7575452559458113,0.6493828227384542,0.8540213048971877,0.2818546341853238,0.12898512472172796,1
0.8309632893471876,0.35645767495455205,0.06805885408396756,1.2098327295291873,0.35049871187549,0.7339091383112047,0.7722718226930605,0.7012781269822573,1.0027760826935133,0.4498186741064057,0
0.07065237556100146,0.7858188826787944,1.043226298099079,0.3062301687185794,0.05828783594486536,0.31180839591878345,0.8272933900991245,1.0610934700390229,0.7045884899948982,0.18884346341727937,3
0.6418455461832901,1.0811403416610497,0.8238287686707401,0.8060834938874812,0.8543554195358964,0.7688053355142851,0.15880762530504275,0.9099624118931137,0.6783607874735041,0.7378896531690511,0
0.8265212833854184,0.5838922871555978,0.62866397095485,0.24208310470701586,0.5385360944596219,0.8925098834955921,0.47354765769315704,0.9188054730002875,0.17370523802650578,0.19708529147943665,1
0.7322312080319083,0.4198946970660731,0.7217328784169803,0.2543003614596977,0.11866415375912678,0.5958610965736346,1.0257251184704619,0.49639582945078814,0.6967385969007971,0.9809952258372547,2
0.11132957299982349,0.7819411203191924,0.4341928104652614,0.6075281734084097,0.23012957351813076,0.8758503660009079,0.5868768866869744,0.7675934252438837,0.12267795921174862,0.7764655606285765,1
1.2404385540179577,0.6562680962469087,0.9390844567893796,-0.2784232196711433,-0.04969602476386131,0.7025212960805864,0.4523004994109019,0.35277482642915015,0.25112724619782933,-0.10636731144417494,1
0.841956551817057,0.3584271117122726,0.8371446904409023,0.5510022759402535,0.7521236610087642,0.2718482626006044,0.7836110553002699,0.9272223645399946,0.9711404457114423,0.5048832477208637,0
0.7162951795013187,0.8616773761833242,0.16153416832495196,0.7518076481304337,0.5081543765910628,0.47973887469748583,0.6069015991198621,0.08982216262109961,0.5266953521195465,0.029708413629956916,0
0.22871054810385172,0.866207994975853,0.27665064629888264,0.861444202339892,0.9216489590682667,0.21929184662633153,0.9604825436669719,1.0026354372187858,0.17783395142032757,0.4772696285408063,2
0.8574205196650521,0.38018738257447965,0.806567080147736,0.5779217098585715,0.70137539260684,0.2862492028095532,0.7444500420886128,0.9915615704352894,0.9975904321652458,0.5158994695881742,0
0.7876701363748096,0.238946103117065,0.5499044483769807,0.5029263772914514,0.09244783009900051,0.08900644095224725,0.3149290709244459,0.8837916494688046,0.5609631557999171,0.650101884873478,2
0.29346891000710423,0.01987222747146397,0.6327154481457955,0.681029689409945,-0.0445987921595887,0.6175400284818579,0.3378043740824126,0.5063731473763722,0.1734804661439655,0.84912630579583,3
0.8544192911423745,0.39325880959231874,0.7844385690317337,0.53948872703535,0.7329013923586994,0.24411478450848595,0.7470281602128375,0.9668301070176027,1.006560728287164,0.49508826055181443,0
0.14845955996809987,0.9372013777720529,0.2179375222191619,0.29624284657301714,-0.13697528096110717,0.46511329662250706,0.5614849105606102,-0.19046295937026736,1.096051818850508,0.020035145349541084,1
0.8331586675680569,1.1536867551281176,-0.18873558854404215,0.5615668141176632,1.1383741773888594,0.5935744188556509,0.3537014552669602,0.17840706271685164,0.5140965922157246,0.7039493822528434,0
0.11242000175195958,0.87176459497933,0.8213449186083723,0.8039977445204819,0.5343405981359967,0.7672081154593263,0.165102079807965,0.8415742046869079,0.5690029272904252,0.6130226856298214,3
0.6135674067586805,0.7650795516530626,0.006115999098236638,0.9009122133301221,0.7679307930837145,0.6310884344232864,0.344961079189663,-0.11519612712744395,0.448321041623569,0.08839209839789522,0
0.255845860757809,0.1497658405814365,0.8777949569350986,0.9539657776378503,0.6419072516553086,0.8950777898180272,0.36597950287721687,0.28358836515643326,0.328520929428081,0.6624846253800694,3
0.7201888998959427,-0.2667638373787583,0.4199076080904787,0.9573110607474353,-0.4028057321047712,0.5807637088310975,0.6929253113434476,0.4012660026488357,0.41473215963660287,-0.002564410479347301,1
0.12778763338344618,0.19159202829002345,0.28374878933821196,0.7210017745285169,0.8691593481511781,0.24760988168279952,0.4359881714947678,0.8241878912804279,0.6438896075964657,0.2878438744501424,3
0.8414086159217885,0.1716328782560394,0.6563587398709366,0.0976688431519861,0.5228647806880031,0.3730348932977705,0.19573856267487777,0.9522872503569364,0.9538032857711365,0.8382568242788399,2
0.15442672204268912,0.7821780962584025,0.4828287116201621,0.5841975723913926,0.13868203977587312,0.834632170282519,0.5091797015351672,0.7250362801598325,0.08388780069342106,0.7426468238939051,1
0.2685691026772825,0.7929838758069545,0.3708009799985914,0.5007905810863982,0.16645357174799966,0.9110970565730506,0.4767047712521404,0.6540774268647681,0.041970676665705885,0.6582431747181196,1
0.3601487509765251,1.0256817096456918,0.3930049007097758,1.0412451248801615,0.653537462052957,0.21900624473972125,0.9156120933773344,-0.049055190379586236,0.5955398226494137,0.8997054961418931,0
0.10727887640861836,0.6988668568320453,0.2864309662107698,0.45242703547191454,0.5957411578191814,0.8514901584969857,0.5995848597224892,0.09652690757808507,0.9392413784080369,0.13692817436570934,0
0.7917521314359559,0.4050978097709387,1.2825726299141351,0.4537774375137738,0.321046134010778,-0.28187984745299555,-0.020653925147902652,0.6201758312428234,0.3502603724417036,0.26459436756907884,3
0.20737340001590543,0.6029292020544285,0.02012049931048064,0.201335814045095,0.09277843522477432,0.48030037350344673,0.7137850686843561,0.15909797923327482,0.9343264793751374,-0.005279354523052823,1
0.5415078372276638,0.7958526545152664,0.5333058326281276,0.359023580549974,0.44555923206371634,0.7829991378348251,0.16199503227509696,0.8092265185703817,0.3444900944075766,0.3984969828407901,2
0.3056953468709503,0.13600525727834162,0.6474485675345396,0.862895740372072,0.7628318729676997,0.8577835643696111,0.5497239153847399,0.2234626495134984,0.5213705041539977,0.7418783325190829,3
0.15770236002607327,0.7731464348635816,0.49120074387975404,0.5692476418409625,0.1514015621731652,0.8458593791346931,0.5112595708960789,0.7126344767324452,0.09939196376709292,0.7369511302798195,1
0.39794801101655336,0.9350343290556417,0.7992911968770406,0.5573718789685754,0.7743787747571219,0.9833503850385718,0.7837997867885252,0.2627556525262226,0.7112023317290371,0.6705841421994807,2
0.20589637016402237,0.708387766303022,0.6479260827816979,0.6979496216730472,0.3226720720994106,0.7218463803079781,0.09039098230939219,1.0040796295293133,-0.057342644976716955,-0.02580583814047538,3
0.891119609923663,0.3524049112930716,0.8139632098633098,0.5315052149920523,0.6718717110580563,0.23978347657911103,0.741532247463068,0.9990816783531169,0.988725011406339,0.47245920451627227,0
0.1880474914363579,0.23947629730787498,0.8094943506134554,0.16990928381602916,0.7686837747864097,0.11635685548684688,0.782817877682523,0.06650081635383945,0.26058775392790934,0.787182545623109,0
0.04744600002862366,0.32293654732584415,0.3753806497388588,0.29287906487972065,0.9453168513793193,0.5373992741529939,0.21616002622771735,0.8756891152063898,0.8262892243474439,0.5525394557559083,2
-0.13184149717016747,1.2479533688670248,0.26265860567785354,0.565755354414309,0.6779197020308125,-0.012870953170994542,0.9875565940987013,0.20470664816569775,0.7218089677713384,0.9066902836103053,0
0.5341327589201924,0.8048866847947274,0.5336970124326231,0.3600018736021907,0.43879365295936945,0.7877204698776872,0.16265334116256638,0.8144414829467589,0.34983168957064037,0.39023706813968373,2
0.31682345280917196,0.005119408876733296,0.6231596698318876,0.22498625045553536,1.0258437299681693,0.04663361706540065,0.5730790274964751,0.8600732996009413,0.8140487365032774,0.2013630435094924,0
0.5365289307344744,0.801967119894844,0.5308744546634693,0.3655409803396313,0.4439268039735121,0.7899983898761997,0.16001109215250767,0.8140938590387736,0.352133121205555,0.387561328282724,2
0.8696195318529673,0.4014595552870766,0.3839329806823787,0.958012729198724,0.6620753970908653,0.6012325107166206,0.9790840094755304,0.6658105567088836,0.8957587070954878,0.4735900724100139,0
0.839036077950656,0.1539601145370778,0.6463219845379709,0.09123473618512051,0.5310139966622283,0.38603081544765183,0.20825342962332916,0.9317831322903863,0.9344848165207966,0.8230743997806954,2
0.5529201207413807,0.9679266816102918,1.8441668652841332,0.16375960523651992,0.016115237886557818,0.24491318546535065,1.3862702474449178,0.8221907863964575,0.06076968602787847,-0.2290582435416747,0
0.27366698362913616,0.6992847894779808,0.3076913390918665,0.895970982509189,0.8789862668063622,0.22892173560667964,0.6747808697155575,1.1174333280279796,0.08482428470103812,0.4890208925064223,2
0.4508118956386276,0.28058091661656026,0.74688421758624,0.9748243791597919,0.47099077225021246,0.7505255059446614,0.025446647314856963,0.3229574309919153,0.781144228903788,0.4308101682466257,0
0.09348103384608719,0.4001636819567256,0.816271326769659,0.53718295846316,0.042213805583930064,0.1969788437565138,-0.2268533073557002,0.2702877270719747,-0.3675517844648437,-0.1476084829513732,3
0.1348050387239646,0.1983184139064657,0.28819998179521994,0.7244088574785039,0.885952800697347,0.24757608535861497,0.45014186905699893,0.8223663328661487,0.6455733536330225,0.2923066576427448,3
0.15547678794163616,0.2063278004061902,0.8468385468997208,0.16649407391410623,0.7275064953548969,0.08261669492339489,0.7734899369813457,0.10070011628717465,0.2740418269763372,0.7666872795367798,0
0.7198621364921683,0.7725447053350127,-0.016108268928734057,0.8211367656912217,0.569808133465577,0.5434058549822715,0.4875908342210651,-0.05250247001012538,0.45306419360896494,0.03884749530638478,0
0.012034945118342529,0.10090187149185126,0.28022912032280095,0.1182050421275612,1.0994988982125442,0.717703748464414,0.03865692709517368,0.9060853207559595,1.0071410646092895,0.6726158313839274,2
-0.6299997592469914,0.6067639234663955,0.765280723811248,0.46985520413357174,0.3084650001227175,1.0972090241282508,1.5493497453931773,-0.2728696765385584,1.5492815610966257,0.786784565698201,0
0.5379387153598008,0.1190037930633796,0.5242077649496786,0.03404198354558613,0.004265592366689427,0.2946017585571306,0.7459037089292024,0.5107106813552763,0.6360571130534136,-0.2730171714443174,0
0.8414944058785941,0.558398365224599,0.5290811562716928,-0.0973275780846456,0.3701418856325094,-0.18485396629026207,0.9039709583147304,0.965783989876665,0.7535576806880171,0.7629322811432763,1
0.5328569197746263,0.8029546816493072,0.5338517812520683,0.36239338274376376,0.4390439024190772,0.7885639488089301,0.16462359557526754,0.8166051675073555,0.3500043328346311,0.3880741994943442,2
0.30618282327893576,0.32485713951850087,0.6089328787800384,-0.011492340638632859,0.28369750449814257,0.26035334652280195,0.6380076978934693,0.7548355078887722,0.4620113024257802,0.9868914113496328,2
0.39375722173729166,0.21168586311847307,0.28021535444747075,0.7400027846031607,0.23824877881724185,0.2910992806419414,0.9796042697085056,0.02131418826489399,0.8103676182686009,0.1852822671594157,3
0.04606250603467654,1.1716659148803987,0.1582492774671514,-0.1245843423290299,0.27388912579831703,1.049492458701811,0.4866875076019979,0.28755026010580764,0.7098991530661063,0.46268666000398406,1
0.7373505415008192,0.31831220084067924,0.8035896557669524,0.9966803272958329,0.42350859948834063,1.0372366601676668,0.210826372041999,0.18521035747568493,0.37170949639957135,0.8504563933191467,0
0.826289855114134,0.7864822571811483,0.0715165400626197,-0.037002228454963065,0.28276179300772614,0.2967933102567259,0.9325094776927195,0.742282430751164,0.5048632208170305,0.41916049108853015,1
0.24719404398775646,0.13538307121464963,0.5901499628286881,0.831053382816811,0.7935692509991397,0.8137390964911492,0.4872543736797079,0.2969631124034763,0.4778560701207174,0.6844024289309842,3
0.4821374419870981,0.06149271742606933,0.9591647986919869,0.8591690769328769,0.45478334800627795,0.7559423525770725,0.2602680351605045,0.0903025351203946,0.6116434286456086,0.6156705959677997,0
0.7933655918718533,0.6246130258364524,0.730686036885754,0.5395900625278093,0.2955667477771412,0.21511970910733033,0.719674837713676,0.6547144061267425,0.07117608803358672,0.1607521236110954,0
0.8675336883795464,-0.29627487617894355,0.512965915517446,-0.11824627675409782,-0.19714418830858144,1.0744855775048703,0.9121075306289098,0.8977862543961024,-0.3938656912451888,0.5336871609145584,0
0.5514516088616149,0.10280435626215711,0.502370114843177,0.5410393186965696,0.0998988885382945,-0.44728089778813684,-0.114830584099395,1.1226805857373594,0.26922222167606347,0.16454579809367154,3
0.17752534735851933,0.21643679706875468,0.8448795061502193,0.19011499028089446,0.7335076186002418,0.0686384650055537,0.7467939459160788,0.08428945793152379,0.284536932174122,0.7469076620071524,0
0.45144712350036625,0.638063882760949,0.8470301503492562,0.9382445913183369,0.20877372947413306,0.16729091482981456,0.2733070839121663,0.6267180512341555,0.1212544247733926,0.20463251691049097,3
0.5070832985031438,0.6451991985555986,0.820823392428791,0.9608635997846636,0.19264072693365467,0.1534073224067763,0.26644466014233725,0.5790716113216534,0.1196088833365413,0.23199861253210424,3
0.8879525142932883,0.34628315779168034,0.7513853945739988,0.13085577666050696,0.9903577827322654,0.3287911535074781,0.829173834484389,0.9307389950945859,0.7708753071434096,0.6799294066473014,0
0.34393696753535785,0.7766252679416726,0.8224925955095745,1.169187166298141,-0.02722196404151525,0.34190755125295696,0.1054066556532727,0.513085637253747,0.02451379854759235,0.08442206266017463,3
0.6107179833291768,0.5752166944205097,0.472789515254809,0.4053879133843733,0.13297999556873516,0.5132217069707212,0.9591452102247282,0.5681409251793467,0.849490040247663,1.0563633716684777,2
0.5485906659897671,0.5498384369597833,0.8956042350662551,0.49458451276262644,0.4895673248371942,0.6134941858165169,0.5659218860064655,0.588307365354215,0.18637410119914546,0.4434293816254288,3
0.006698053781497973,0.32496218735101534,0.4109304071069141,0.36542971354280307,0.9113838186299008,0.625773890841928,0.2530607847405886,0.7883950678879053,0.763821138550467,0.6202071185915193,2
0.09388835876839956,0.2000445463466988,0.306041025258598,0.7102004396313515,0.8637637609122609,0.2516973193735727,0.47718324815189916,0.7998005609585169,0.67125535401341,0.25839242920292593,3
0.3148768136223912,0.1363047412115633,0.6470026322929185,0.8626329132012348,0.7584239147420654,0.8570839368954833,0.5546058763035957,0.22396534505822457,0.510993580998408,0.7282173392890022,3
0.23425942248381842,-0.4078599732230285,1.2776741516526497,0.04186130576716229,0.2194337103948132,-0.05352244585784083,-0.030083641620744422,0.4611071738945427,-0.0038369712688055557,0.6621453124202312,0
0.12876020680940364,0.9146960215258013,0.8648249788117348,0.5664974468953338,0.4458449786842954,0.9091678936876555,0.189796112677212,0.9525263901511963,0.0020307614443758233,0.2387291068979876,3
0.8854690287626339,0.38840652802771725,0.8100985323109123,0.5530976577158475,0.7016324004112026,0.27189979288706684,0.7339404021079527,0.9829338084979369,0.9967086545114981,0.5329844452449428,0
0.6989655391105737,0.008121606799937321,0.594871765534035,0.6327580664323039,0.8173809619759526,0.9898631506219313,-0.10720996890234175,0.2650647942710417,0.5592519841208462,0.49116922028524257,0
0.1006987477361958,0.18424893556197325,0.3132691019947221,0.6953723637902687,0.8922828554230754,0.23923750276715677,0.45723202730338103,0.8435153757086674,0.676363865117315,0.3188367689394512,3
0.9373484048567277,0.4210459182235913,0.8511968752318827,0.546487590559934,0.6702372013453648,0.2737409150765154,0.668209705242474,0.9728173551345843,1.046800210094135,0.5543818107923087,0
0.5533357280646538,0.7788491345312909,0.8191820681094555,0.9891756815526762,0.7045916246946246,0.4154384954555086,0.5100937319005521,0.40964017950249837,0.19274706500304212,0.006196404321316476,1
0.6658916448181156,0.13109336741508454,0.2804044695924565,-0.1140873654308262,0.2830362630490744,0.45998686139504513,0.3831118722393593,0.3420558674965314,0.15145011966775934,0.8293692777737847,2
-0.10405914057108451,0.2361638600738789,1.0087575759400467,0.5997225739985422,0.791804822377766,-0.4138741937603778,0.29494491272638435,0.0849340677524581,0.19780733954767726,0.6692064852245192,0
0.4043813263132387,0.16226253375073924,0.7925770588333653,0.10663030783319125,1.085117511965086,-0.07969339250064819,0.5708026973018788,0.9158022219664403,0.6885183685340863,0.06600899103412748,0
0.8628011474475332,0.8233355524105662,0.8686190980294973,0.649337815830497,0.6088584681745894,0.8088178910994943,0.12368845964426187,0.7502049872590305,0.6666022960436643,0.506139719083468,0
0.3580149073386654,0.2613908062686774,0.6295931910680006,0.6563953453868637,0.06142434086217535,0.6277705768237534,0.3011614664280244,0.47985059960310716,0.32967743490775414,0.763937419827017,3
0.1401000482059528,0.8162113638007219,0.765276243946688,0.48113391204005257,0.06020767263368653,0.3838360901806178,0.694839099977741,1.048486248884703,0.6116133669947502,0.1459489703427897,3
1.0183131906196872,0.32119953375770144,0.7437870365610804,0.2754951734551325,0.979172712526077,0.45089930901922437,0.7954804333566489,0.9694822458537761,0.7720183288149872,0.5152766722408532,0
-0.007720291130560941,0.35901317929621734,1.579419048050923,0.560203539237055,0.21371103597745733,1.4804980006693764,0.2999533392227775,0.36691146794995433,-0.26075565869063455,0.269242737499835,0
0.0764763520880658,0.7859287057936429,0.5345829754880077,0.4790109963931152,0.1271863149653672,0.8835213137939527,0.5025588460500643,0.7554166210310854,0.15025842260623645,0.714978815411222,1
0.32513758941799614,0.9190889205404156,0.7110401969659884,0.6741133126122161,-0.35966037836847853,0.04668666082617884,1.4311404556198397,0.423421423946893,1.3702451406847755,1.4857058118491828,2
0.06683289693059032,0.760654415200094,0.18623047473095067,0.4633863503950115,-0.14590358619102267,0.6962207755192913,0.6153661524209775,0.03906593280454766,0.8915898402090583,0.04624510647683129,1
0.852589565672894,0.7005150707527354,1.0869969049048307,0.34901055985369117,0.8695332783880136,0.9390600328639146,0.4606857468413185,0.7341438086534503,0.6254032109732467,0.42272743404576996,0
0.3555213929094156,0.9019084586796875,0.37273304372561805,0.8426705258481261,0.7981160385683149,0.3331664086605841,0.9509133786240646,0.9696899488327416,0.20950595219270854,0.31778489553165523,2
0.33915509012811607,0.15033809421627048,0.4220248845256218,0.143440724468976,0.3256486832431542,0.6392437599114549,0.5873069319786224,0.09700785060821301,0.7073500960082417,0.7238500863212127,0
0.8796184067839736,0.37661871048654416,0.8154892274971168,0.5765183582072656,0.7116654099532933,0.2832580208530281,0.7256066058919973,0.9740239592331771,0.9838818866999435,0.5296501566649363,0
-0.07550368334024382,0.6347475709442789,0.17479802360219981,0.026191068769779502,1.0331850863116492,0.31211648942503795,1.0018189479121697,0.43134075707272923,0.34628728265310227,0.636776088864861,2
0.15261270102704672,0.8008308850258622,0.6247651198253881,0.4928482463181396,0.2065972170601615,0.8065258475780499,0.6845352394481978,0.5511090745944618,0.13111575373782036,0.5871632664803172,1
0.8545115349145205,0.7654897292619233,0.9732885492118649,0.5017197116435728,0.47794041395414166,0.8862024219839013,0.06158743884932631,0.8914748237354315,0.7009897234178036,0.6505779023628826,0
0.854338744160649,0.3090275650793771,0.3533050644935549,0.9505250039621459,0.21538386550590183,0.9520423596051578,0.681802361244564,0.41815001534946683,0.7399153291381423,0.4468714766961846,1
0.3501305911389025,0.8819932504342803,0.65200816797057,1.1136092820609904,0.463225574296557,0.29267898254646596,0.30405099203356145,0.33852351499514327,0.31344626944601695,0.032263480758325774,1
0.5471135220190033,0.6375861000675587,0.7480499711169484,0.8617477916103728,0.23623521108299034,0.2976314209652808,0.32785781582596424,0.6334159983265936,0.20144326307451468,0.17774813015028731,3
0.9702062804373863,0.1753414630952863,1.3075986294938997,0.7134486579282597,0.5943127930662556,0.3065818485846902,0.4210619055924409,0.15773652917089642,0.4921999371652397,0.5879620885435104,3
-0.15174214242216674,0.8161670782027501,1.246223516683008,0.19723773863480615,0.08618995797208863,0.32520295887505757,0.8800125015914781,0.8184195613904651,0.39769668746352665,0.36406652947438733,3
0.6089932999183477,0.8420736076973305,0.05436299328670065,0.7192445665836685,0.4663009018015668,0.4567263636022646,0.5879306027606925,0.0008623023006434846,0.46730554869743907,0.006359523984282293,0
0.10245428288268163,0.5370259510671601,0.078196944535142,0.30540369473269413,0.1385372507434771,0.459568016631476,0.713198123219607,0.08882174318308404,1.0371151539699155,0.04175336835838546,1
0.8881718531484879,0.26098562341041737,0.9890628655194053,0.44887617153038856,0.5022478774026704,0.6537048089009059,0.22938483861182643,0.6596162226385651,0.8212618843485735,0.892416159389162,1
0.9269124811664484,0.3369386248623445,0.8458304520362024,0.6148214880056925,0.7026178657158376,0.27690777963168955,0.7398048199503028,0.9893420656010343,0.9679373995771698,0.47916278146450725,0
0.12040610384464098,0.4632360521195875,0.3112120304974933,0.9541233858975556,0.6012507883261375,0.7803821681684359,0.3617831013611771,0.07720264900748362,0.1680107604388729,0.056417898393852216,1
0.8332703282599546,0.403185879037055,0.8251507018160723,0.5858135440164938,0.7652734003160717,0.2616895408841355,0.6797367527175486,1.0148575702945068,0.9994913267179962,0.5617766269455492,0
0.8321546486917609,0.17870435376705965,0.6357827413071906,0.04801875079129534,0.5711431600298125,0.37996099882752327,0.2521263812821818,0.951216205929491,0.974536407324289,0.8391285184550688,2
0.5279742633431366,0.8062855047762778,0.5413563479853291,0.3571253790517921,0.4322131676052775,0.7826803562775813,0.16831930928788072,0.8118673560121958,0.3465402075951209,0.38213419646674945,2
0.3648483947388223,0.12371225921438458,0.39326663922000876,0.14261306860684173,0.35765048826539597,0.6534845039246986,0.5807645372574046,0.07180634922984594,0.6901883090953821,0.703476271857548,0
0.3108864257767624,0.8562129795687087,0.36185607125612407,0.7936659887725837,0.8676566314809748,0.2612510021180806,0.8699258278115503,0.9651252833802149,0.24129095254709784,0.3884815212110572,2
0.1860477737232269,0.06360800332552913,0.4053800663360823,-0.1474380194683983,0.3270355165768562,0.9181305712730087,0.20051076430580425,0.4001278662576582,0.6818143752215402,0.5069354649828848,2
0.15352354588216574,0.7738928283797759,0.49036181115053773,0.5647734547588418,0.15826163655410783,0.8371656787376719,0.5112186887038644,0.7015482409026033,0.10040948263805104,0.72844184886407,1
1.0626134188356127,0.06572396973468603,0.05531431298195759,0.9289891060407738,0.6276753937999804,1.221785177574851,1.0566912459830704,0.6098236556562837,0.3750996395762503,0.7695361571485702,1
0.8470703863598482,0.44335326786842566,0.9221216945491943,0.3229137987788331,0.6260674370273112,0.731787820571441,0.14576761222506485,0.6708345260144423,0.7708246715684403,1.0140472876883628,1
-0.18340066585478385,0.8168608805095916,-0.010110052140836906,1.064428140437533,0.24845096625009816,0.38550206443172846,0.017569193102575764,0.16190853766418425,0.609318707611371,0.83248991302778,1
0.20645290275795763,0.2748582898746531,0.19489456761049306,0.7362165661327483,0.8208322258836994,0.2097620319793536,0.49298559909640044,0.7461708925390954,0.6805018557453982,0.37810013216429594,3
1.0186698326418688,0.23586926919573287,0.7718134373081081,-0.24288369330761667,0.27391506601245147,0.9974685423116149,0.7221498243011389,0.5071427352824771,0.29976233541166875,0.31188840919114424,1
1.279536401870463,0.9226463048072242,0.2433259205348837,0.23157535501913973,0.48523228033085475,1.0342873909039927,0.8586891652480422,0.39765284014814345,0.5707045249909332,0.040215526308129065,1
0.7999570372358372,0.09548367438197614,0.6856367685308022,0.10327434231413236,0.5315238874546098,0.3463260336218614,0.16965839458941157,0.8851248880042972,0.9558246999047599,0.8258323780623279,2
0.5331813238748269,0.8031375894198748,0.535093813507819,0.3594802860118116,0.4402573065552592,0.787619939672677,0.16288422809328637,0.8138925616926718,0.3494097974014729,0.38926808568482446,2
0.16054335270494435,0.6414910799880361,0.4431409724989428,0.4747283465120489,0.39589387174636914,1.148615665032283,0.2715317368976327,-0.28731274688944347,1.265123423271871,0.1618236022406704,0
0.12306006768986114,0.8341366953873612,0.8351971698739035,0.7873630514467577,0.5376988324353033,0.8052158868725608,0.14526669513412835,0.8125412899377665,0.593685648026559,0.6029797219076198,3
0.14869456434986023,0.6379478942821833,0.0794804683789912,0.27455918608008056,0.15253951107193336,0.5260150347999231,0.708761110255514,0.20297140983531223,0.9355427266595802,0.07482602575648037,1
-0.058241529665065184,0.8088866938896675,0.008847666995869315,0.17597508414897975,-0.17560401783263896,0.4458135355328368,0.4517185081600904,-0.05071321586789343,1.0217183362958662,0.2079342006107877,1
0.5339227869446096,0.8052748028450841,0.5341449216485823,0.3607024207421473,0.43844821943264284,0.7878603227178405,0.16320911800140794,0.8158370269171585,0.35046842214171076,0.38969614199615216,2
0.533900108877858,0.8046197413608808,0.5320403564770696,0.3587479145932483,0.4375583568029281,0.7902963929680973,0.16265469219120693,0.8177961910921434,0.35279026491547905,0.38869107859802493,2
0.8390494891058414,0.14574724490778612,0.6378507298670187,0.09441251884113377,0.5361490216976272,0.39759243734040817,0.20827808507817694,0.9402414199806631,0.9307860639473459,0.8254565408220128,2
0.599393969721028,0.08297916458657587,0.5742030379346749,0.6028733145956219,0.6299989839609288,0.6057897329181838,0.014083340265281595,0.659557234328451,0.4613307049764109,0.761044154119276,0
0.3951944609630799,0.9015932643070677,0.16750840647039733,0.8303766445569372,0.5013659444869085,0.00479246429158231,1.1433392912672757,-0.01569138459580885,0.24880456124131692,0.9287384851243419,0
0.3452038128304836,1.0793426654657905,-0.017682035791742323,0.2171934187793823,0.7170589029248251,1.0875475116465836,0.43179493520836315,-0.4266402711416009,1.4021460611578354,-0.0893419880974729,0
-0.01701928962876309,0.11830932688945348,0.6354464859319044,0.25122293644500443,0.01618960539597941,0.21937822899565232,0.5606882832712949,0.23052883400145982,0.7021710350592265,0.788473806998973,0
-0.1373715377535778,0.40267802716439827,0.1317471114321287,0.07342830723933294,0.906296133270156,0.18291433016963604,0.8670597631656697,0.4225206169671597,0.12950129466851684,0.5236926647014606,2
0.4835684815639723,0.6577106603966045,0.8675093166441633,0.9005094374238654,0.23541548245641153,0.19136951611289374,0.30566087956755006,0.5950973159635431,0.0859987130724344,0.1946579816595361,3
0.11030959652015944,0.8559970051556203,0.8200890422809692,0.8101624703355172,0.5325128196688013,0.7792146352958347,0.15504054287146948,0.8356643509217554,0.578418216563224,0.6065177517830318,3
-0.4588595549911499,1.3727311177175008,7.294821785908123e-05,-0.28594357815127097,0.5964943738051594,0.15296735887921548,1.277196052099086,-0.29327127385657625,1.0398064081187601,1.1994527339635317,2
0.8479756723007044,0.3777537483525791,0.7881063735986805,0.545075329526926,0.7370342771662045,0.2864775176172101,0.7157345925486815,0.9658532401680135,1.0025531913017327,0.5040521704338683,0
0.14708550854900854,0.826049237423384,0.5096083808944336,0.4974069853334448,0.15275280369126396,0.7969269237563232,0.46698828133157166,0.6599733061319861,0.0738409165189481,0.8277849259105838,1
0.8382858075454688,0.10669366835161892,0.6800091957246552,0.0902379030873095,0.5697951715456645,0.37572741502225954,0.21701911119418,0.9225970103984732,0.9600293915776017,0.8098164516624803,2
0.40223926811594646,0.3483343437957214,0.4857057304105168,0.2490066297417869,0.5509410067340205,0.6153806545690117,0.218273503674092,0.007237555779481354,0.8367653274568723,0.816256239319318,2
0.8311958011684935,0.1281395708683032,0.6593775508588768,0.06853075291067366,0.5415152213327555,0.38125904832606683,0.2066889900648506,0.9517688935794792,0.9233450888512709,0.806740786263943,2
0.7815424132150856,0.6828849489799388,0.5807027697371926,0.26384524692914163,0.580631827863019,1.025030766473006,0.3822016809644263,1.0839386045753867,0.3479818526971659,0.35154864802442787,1
0.8868578860432066,0.37636397713589653,0.750081390645437,0.5406257531412204,0.7597816691308744,0.2972035667090689,0.7013448524274302,0.9489719067897336,1.0159314766643661,0.5382298537940189,0
0.3113401973542484,0.8168423401110846,0.389935727308909,0.8444588075199079,0.8521458087340461,0.260233681119332,0.8207619336301565,0.9875651612803852,0.27817481226020707,0.40985262089077207,2
0.7945226838122341,0.4440260760872433,0.6098266644307629,0.1724887448511639,0.07264161187208205,0.4574795026665071,1.015031921173489,0.34715102974710554,0.7580065168066932,0.9103005419201722,2
0.5484899022375445,0.2734014217144639,0.09225786066689534,0.9786884625540063,0.4205111073284196,0.783497411915996,0.9983434702755033,0.6721231042557402,0.5054229497236111,0.008934906823056064,1
0.13925690977893113,0.6482176123954244,0.09595422000175982,0.19431442303929655,0.12987017291438174,0.4936042448565684,0.7709989729630253,0.13993678751027336,0.9890545727294368,0.02641117643221541,1
0.1359336577698738,0.60404653982455,0.47909508180897903,0.7584666315822889,0.27297837166632055,0.8987408166155733,0.7462491083220504,0.4606794276180569,0.31261066137433235,0.6873983990434352,1
1.0298434410820851,0.6685331581459633,0.7218523061891998,-0.0994133273538032,1.0908649181344832,0.3385110776776893,0.7271223395934494,0.7328035581277705,0.5322805007769589,0.4346656139397611,0
0.8934429408851838,0.2621485819747328,0.9339653417952845,0.4695873440329461,0.5682118199184262,0.6329788073889017,0.21482681503688408,0.7163824608884649,0.8806999412096089,0.8684608269039314,1
0.06394270100149013,0.723321393745739,1.3848735005931823,1.2219358924167558,-0.7190688546879196,0.36040259057004836,0.448108146167807,0.9032602965518726,0.06526987466561868,0.7466102190698595,0
-0.09806349230946709,0.38449183313157004,0.19172444326998755,0.1557955163432829,0.8164652067558981,0.48249369056571634,0.7893110931020152,0.5386092459768488,0.19971392440562513,0.5445767003966523,2
0.4673928183449445,1.189627010404252,0.22793215975531952,0.8667171746873015,1.021850410095896,0.051495934985646336,0.8861700424205883,0.8933621237185756,-0.021737232189571742,0.38619006092339037,2
0.6150458430389061,0.6415630613429435,0.9165434483588649,0.47828391351803556,0.4408012832761728,0.6938156232463969,0.527505043068105,0.5727923421745438,0.16459704712919607,0.369964750601519,3
0.8633162807477105,0.33997371248241426,0.8224994387284557,0.5753827636408114,0.6969473343328072,0.3070001089787087,0.7004771546729767,1.017079242474323,0.9883059596685398,0.5624474753059008,0
1.391123624525548,0.6613688242263189,0.8258221547053608,0.6092177815472611,0.33580950230200374,0.7176295502411407,-0.30034089328239993,0.8503204004372,0.7906883335184758,0.3390940313744224,0
0.2054097000459838,0.881104542792573,0.997274062993869,0.5234702784264585,0.9092314174333644,0.9227357553468961,0.9337859950679069,0.5086002229314704,0.7257605843737751,0.8428440347447509,2
0.18985715725845922,0.33732861675044,0.333408335013366,0.25659403011755555,0.39999341831133534,0.6464601071929063,0.8019435523406641,0.1116060490905855,0.845147811458524,0.5694137416258885,0
0.024805592186149417,0.06385421110058927,0.4414846068941196,0.41798464361533527,1.1246475637181588,0.2262510847057591,0.8904777825930204,0.8428045903686336,0.4901591030304038,0.3764434835664029,0
-0.6685087853626924,1.0587893788978082,0.4097502572091756,0.8271761289820947,0.04214589032390203,0.3714195127597662,1.0992880109712408,0.7180269885846347,0.8048339035270962,0.5911272966733503,3
0.17838369024204656,0.2231089664528512,0.3271975575755097,0.17787461687408626,0.47117054226307703,0.7645406271792783,0.28544933466407224,0.07858509406957292,0.7148102494443476,0.7580355974393452,2
0.21402237165027144,0.9124586669882442,0.4533592848340548,0.8876338277536847,0.5396480678884307,0.15849576020760742,0.9031896506276367,0.05682422546540591,0.4426694718244189,0.8305150169779937,0
0.6512110697543696,0.8083711657510464,0.10260945294335377,0.7079240275041713,0.5201785478019034,0.416985635860029,0.5665423576918506,0.04626991973955534,0.48388656074404357,-0.00875161977504391,0
0.06638251876571974,1.3867563937304423,0.7672935953977025,-0.10098711145791334,0.4373817467302091,0.677881771488289,0.6341070207883606,1.223210429420774,1.1215558783152269,-0.11055399099170321,3
0.32272903323902796,0.10568212839198803,0.567175681859368,0.7866916341103714,0.6288044243772648,0.9191536928292395,0.6671229704782147,0.27992385974557915,0.5720872158408217,0.7860666366738349,3
0.1482944288657823,0.7814508107809024,0.49356321060228703,0.5814508236081484,0.16467338367665862,0.8491999965957947,0.5207216591748598,0.7111390752708069,0.09671397283236306,0.7332505578406192,1
0.8230932788346883,0.6998654193672263,0.626531883529357,0.0029547002867771066,0.45041603199883207,0.8305487486055076,0.47284212282643007,1.0540525072289404,0.10066560229175964,0.03673112540997539,1
0.8526665783468239,0.1832463818846416,0.855103299734279,0.42930859194888715,0.551787893862828,0.6221568423670081,0.1538552321374062,0.7002027114546189,0.839152370311345,0.7883580987505345,1
0.498391232337202,-0.21544615192296684,0.649292573935251,0.48105827233086434,-0.16706433129159903,0.38705679994556047,0.6407652710705923,0.30889512152507625,0.8913313461605759,0.7831550319119562,2
-0.05705382509972573,0.5697414349964983,0.22457231659587373,0.17451908625990634,0.252947347393082,0.31719940054251006,0.9272219161718667,0.12498356393011498,1.2245992743265872,0.14438290556525785,1
0.7482240117568664,0.30079987373762623,0.8809195743025692,0.6789900105492539,0.40984828068236656,0.9912629116339751,0.8724204637593661,0.7987455350633956,0.42325664903881116,0.18735338016954114,3
0.12360085237460515,0.14943068836601464,0.29043905006824605,0.7479529926030571,0.9273179827191812,0.2604111853341185,0.4241023221617358,0.806615143233343,0.6464612566829945,0.3457237337761008,3
0.7386327013240417,1.2089791744758651,1.0407093759633068,0.670258283300891,0.4316514583796912,-0.030885279675596233,0.6460625857325895,0.9357516787005224,-0.14024792736548708,-0.19696163059978766,1
0.5711369333650325,0.6262604824188462,0.39999438697667433,0.5367556628323732,-0.24180862469879455,0.8138730740736964,0.5701627704448597,0.18648133389029053,-0.18014994901909032,-0.166508807722637,0
-0.003142993163383799,0.09849893232586387,0.6239464110877756,0.25782710705478956,0.040945414315710894,0.21829654169329268,0.5759700638118591,0.2323100727315136,0.6881480972992757,0.7704094112890375,0
0.37655773108766005,0.07940131326408942,0.6802543478374505,0.865836078063695,0.7793954178662983,0.8128474442904614,0.5911476972554706,0.1649740294265235,0.48914877392974176,0.8149054555872798,3
0.8101991425653087,0.15000424735644213,0.6108150221341968,0.2594376699092426,-0.19535133801571097,0.6384546852555975,1.0235927049146762,0.709946324338003,0.26729330992379996,0.07512753654979802,0
0.32258651241289027,0.21112224202268598,0.5972665892776082,0.6954030513088466,0.10306683366440032,0.5284221250381432,0.3560319362356803,0.5045754866687036,0.24135271995505658,0.7455747499623,3
0.437524645952756,0.07308732733175222,0.9881930369676267,0.8694640219947728,0.47117960716586216,0.7450287037596289,0.1823255436345424,0.11749574952598671,0.5822788552126164,0.6995445459767822,0
0.20615339436661084,0.8554123257499406,0.972573640762661,0.47205192508974064,0.5616750489382163,1.0369507254350194,0.10613652127811583,0.9361072186491688,0.05119251873495121,0.23563613019017718,3
0.39524836989405215,0.7124387324954363,0.9594944714210772,0.9629377705367438,0.2536450884740481,0.1577242228690192,0.22772605525469983,0.626860266290311,0.22743472611712054,0.25312483630438803,3
0.16760208114375172,0.9684772874171309,0.3519007887739548,0.8781097107745417,0.47464766291566335,0.19999263096277914,0.9704932660269605,0.11507583573003809,0.5041374475819711,0.8329110175846132,0
0.8785342952048699,0.8530323584267491,0.8678355114915994,0.6535934748776713,0.5557971366950198,0.8588380587291344,0.1610727553475264,0.7507157249145833,0.7305409122650302,0.5122450592765376,0
0.19046091429477086,0.6246830776763661,0.05947391963295026,0.22832541461668332,0.0581117589769443,0.5139627263810876,0.634091405064337,0.19448901268677773,1.0527684205355428,-0.006070698056315327,1
0.4994933695853874,0.152897829633686,1.1090681369490956,0.8321444925791646,0.6097944673707092,0.6192002702707078,0.10470663359853755,0.0027125499602145275,0.6612338390050825,0.693175897670944,0
-0.11433008096569791,0.23357332428220845,-0.15755070870520763,0.2377809012004691,0.16638792501827238,0.8789257604146832,0.850197114707353,0.03830262899462966,0.9138319766210932,0.25706389753964354,1
0.3850819582565761,0.8496626215415384,0.36033819775357867,0.7894806401321304,0.8421398609487509,0.2716471072492449,0.8014799676641632,0.9289780959836542,0.30960081817668866,0.3277078376749487,2
0.5652905567321697,-0.1746381119923407,-0.43407993834032454,0.8403922566870078,1.1920762347548184,0.9147387596118828,0.8357147937059273,-0.2643549654099212,0.17097083197280138,0.36153764720187714,2
0.9533401081273438,0.2290364683338889,1.070352155501863,0.320891661961002,0.5956835927854569,0.5446997001207873,0.04601780019296553,0.8580738841899258,0.813419219076596,0.9605641300946703,1
0.32916285775749565,0.10740047889831947,0.6173232865706284,0.8442088942828633,0.804455472546804,0.8925328118148698,0.559510338810649,0.23345939022886716,0.5269009621542725,0.7377762848547327,3
0.4863198154030037,0.5300227886919616,0.22731580801097748,0.6664840447148029,0.7925709610517012,0.9271051769236496,0.011017610643332728,0.6488488290198501,1.0017272346593706,0.18394266142523286,0
0.6424795521642722,-0.0828393925129632,0.630649825970665,0.6212785794953253,0.6772119088096159,0.594378894890849,0.09271097083253937,0.6770430527304584,0.36385852612709685,0.6390360511241441,0
-0.10693200540914621,0.6238977388633529,0.6974620293144099,0.34595199968297463,0.2339795369963672,0.05008221915784261,0.7923860745871277,1.3678827658771229,0.31738338500600916,-0.2613909503776315,3
0.7068981609040883,0.7439718735842338,0.5860595612108901,1.2066280545247627,0.19954526847514947,0.04493589089137237,0.5221166442065033,0.7859691104615486,0.06072519433461676,0.3432008239598804,3
0.601126225320532,0.14795616161720979,0.2414613822447733,0.9460034046570261,0.5993272670549759,0.360249285368182,0.8123056454988408,0.6891996249880504,0.7120891212698197,0.07063067674095985,0
0.13666256809613664,0.11715553514826826,0.7661593445208974,1.112580261973187,0.6549267952872675,0.3491434940860641,0.6295630485938706,0.319914665024669,0.9249369352880643,0.44192974834245247,0
0.9177772276061656,0.275161088299686,0.9382185986150309,0.4318235603733936,0.5443529087888854,0.643586634614725,0.19929641099123152,0.6992478736824749,0.8442534415957154,0.8375460170659478,1
0.309126465956991,0.573436068492384,0.2959417271135155,0.6707474959170551,0.2943817656648362,0.7728014133063758,0.5778208048051076,0.9590648937825312,0.061133406381139795,0.7510287928293838,1
0.1308204263868338,0.47722950790370994,0.30002811366018284,0.9654285925558601,0.5867125596391939,0.7690336943875661,0.36964850105797653,0.08505833600988497,0.1671976490031125,0.07073989335305253,1
0.23354423075877231,0.8947783715859301,0.4484801555615108,0.9037085852378091,0.5589378121891835,0.20219561186995855,0.8858822608242074,0.04826041624042216,0.44759870898014265,0.8130618176874493,0
0.9165102007288592,-0.31582101662491024,0.3826764956597466,1.0238081855154157,0.43404447452474637,0.6680844970761178,-0.3177012271438881,0.3646282308561587,0.524744544186118,0.4489317677706635,0
0.8323571188608268,0.7920734790606332,0.6797222938395324,0.36178105093786134,0.6784917857185433,0.6144418832226409,0.37512692564836037,0.5763905425478708,0.32510648418503024,0.6731855035564827,2
0.3106193238960458,0.13947868441157996,0.6519943878902568,0.8628475625028142,0.7642693766760862,0.8595183526795619,0.5464430624556316,0.22474576893183093,0.5197854481496847,0.7369008910099895,3
0.6371294187544793,0.7293721823722157,0.11081320532918684,0.666014298274062,0.5901474439520193,0.4738419393447969,0.5473625375404062,0.019636294562943954,0.532965626641686,0.05745863039359131,0
0.5648445363459927,0.590553802930536,0.8638921968760667,0.4734773423497647,0.5505260339858971,0.696234458382938,0.5011733959441925,0.5105053790654783,0.19979192638907542,0.467806428536909,3
1.3009421165424988,-0.059816363005901485,0.30007197808749464,0.5008646462741326,0.9858970432521391,0.7744716310385699,1.0486994926585136,0.3847020585337675,-0.0102596654419711,0.38252246505917636,1
0.034940567575806505,0.7740573655863423,0.26532731912448326,0.5276136115599169,0.6707396357493633,0.7911357658329414,0.4536885741327638,-0.017357632043338504,0.8891838397244154,0.2688318576891369,0
0.8269217969081539,0.5696206892316511,0.6785624975127216,0.26093038139686386,0.6329640100909057,0.8060540613979388,0.5308475765487538,0.9995011996483251,0.3192138550128592,0.24509749237466233,1
-0.11861649241712685,0.4537137121187562,0.3706742036266445,0.3188175244675841,0.9332561635997785,0.645804315049558,0.4080423375420228,1.049371776626621,0.664893455217513,0.4227628824575974,2
2.104748363515982,0.878640328976557,0.7464057173782959,-0.09617630009393108,1.6525267980957525,-0.21416329541353984,-1.7896294741775898,-0.5662772389169127,-0.7035526170975113,-0.44320331356615406,0
0.11527568510361777,0.1250961282370116,0.5974561689029121,0.6020006779383793,0.7933448705380036,1.0109048686551396,0.6106259566663473,0.41911249099428477,0.35304900242824766,0.9280069901991624,3
0.16632069378752676,0.7630402482613853,0.5263925819883987,0.5131651144814091,0.17148709338224793,0.8259988292658735,0.5182162779432502,0.6843822562062666,0.15230546719788363,0.7567247357327247,1
0.8716042870798628,0.38736109933015034,0.8019576195652678,0.5629398695839549,0.7133489432250346,0.2737714405917474,0.7331344415546441,0.9779208098575819,0.9852871952026467,0.5266910583097885,0
0.16816762279795808,0.2510558465057817,0.36541702959269745,0.20344442324950174,0.4809622744406448,0.7540619099552086,0.30080150578179743,0.07278608031104924,0.7635349302673222,0.7475351451007732,2
1.0591583718485755,0.2771948539726229,0.2782783979552469,0.8960414892174448,0.7856362868029086,0.5244725488846594,0.9935418120727069,0.6644213656006518,0.9648813351034168,0.3700413814743251,0
0.48461314981431064,0.5651885611621492,0.21472696118911183,0.7029666614109293,0.9013370156467486,1.081218651103542,0.1607955036505658,0.6443906664854253,0.8966774545854241,0.07745251974123879,0
0.8290704262076313,0.22023367322412865,0.5247217136700897,0.5577111088410549,0.1398984287204117,0.11165887434303923,0.23863764713134497,0.9337825852242367,0.5080430829028657,0.6323038454078554,2
0.9216382606016076,0.659407896631807,0.8643710650392422,0.32860408672115393,0.6365934191686812,0.5678674301671315,0.3914499861572818,0.49070966498451074,0.3566872960750654,0.6504425296742312,2
0.8475538600255085,0.12575312756931029,0.6377180803772828,0.06360704050305792,0.5506815276945627,0.372497060580327,0.23890437114316904,0.9012935946412531,0.9635476610248822,0.8184172203836272,2
0.30002375748194665,0.22376956977908757,0.6194568773840858,0.8611617597849587,0.7462989112175322,0.7556147754138988,0.6587709037486935,0.09835397652029385,0.5310661016909206,0.6672904244143578,3
0.6529481412950144,0.7881360699716131,0.7781180476787631,1.1464222996840703,0.29384841679405865,0.1776530204782529,0.748577086095943,0.9279696633045569,-0.29602759200388273,0.5265844317265957,3
0.3700342652515447,0.42537106167280514,1.0953018144041677,-0.297499046645501,1.3451838525933337,0.16495497924230487,0.4053904673819359,1.0494794489969244,0.5842453158302718,0.2975334895712242,0
0.9138135926685776,0.5179522334535978,0.9027209492166907,0.12345133576141312,0.8665992421038045,0.2639355760823142,0.8007565097630509,0.8802791353584084,0.6452998509833425,0.6213858243038146,0
0.3627627927428898,0.7968060888895213,0.8803204182945005,0.9877538320586937,0.5701661698165692,0.39363297613887305,0.5863057988640911,0.2885861843087175,0.15610582651720833,-0.052899901728588244,1
0.010759616746052768,0.29328142901567145,0.40224536873392097,0.2181253207372535,0.9918281388384467,0.5224676463757578,0.17689781481412756,0.8278732783375695,0.8606935992613257,0.5741732743782672,2
0.03230066167062268,0.121771100006152,0.6328564922711571,0.2601193151540446,0.011297437259269155,0.24933338306597108,0.557495463391944,0.2232812664525537,0.681746576767446,0.7874495657183018,0
0.564159537740438,1.6939380340354122,1.037469197699659,1.0200933875835392,-0.4715164097582669,0.6169363208820002,1.3191486281137628,0.5316067920406493,0.18612498863828775,0.8522817108976644,3
0.7120625734522275,0.5518135415265801,0.45511151558941865,0.05851871574071589,0.5411550445503127,0.006287844755918446,0.7272216672507326,1.0710014740367513,0.8517947955088834,0.7228572594256989,1
0.28699601932261465,0.33819547578312165,0.5986992082626389,-0.18992978753941675,0.5882438187776526,0.4599947356027167,1.2759500882278212,0.6914375416019534,0.258473673776353,0.47534274705686236,2
0.5278386271211343,0.04703823944679883,0.9207254029062046,0.8964629081085848,0.5167129205950356,0.7095410669355607,0.1930367131457392,0.07825919263502178,0.6494836973876298,0.6675059146779577,0
0.7846571161465749,0.8197134839867766,0.9888716908844382,0.5815840297914103,0.3400859498105282,0.4042497132089674,0.3183288178591023,0.39876850917032375,-0.08149033201554423,0.43294546009487495,3
0.17974672969947447,0.6834184567886381,1.057847271521323,0.4096112922633393,1.01828530145261,0.9743404789354632,0.8952156123739508,0.5086065677677094,0.8332148941388766,0.9184113767347238,2
0.16665370185194375,0.5779139343414872,0.11063595705986992,0.2689608561198926,1.102163929001878,0.4846747997208719,0.07965918487214593,0.9609775835244748,0.36707381141238976,0.4261212625321459,2
0.7016932217426063,0.6563526281156258,0.3236947890009443,1.1754404573243278,0.21745027455070132,-0.12438953053061441,0.30748588766760304,0.4640103301797703,0.8393189597835702,0.39571017022871646,3
0.19077508205412835,0.9949200622660982,0.44633420108633626,0.11861621484641509,0.14130711742498217,0.9314568708934461,0.46448179425897357,0.28800468938187257,0.8150485029788633,0.5382139002168731,1
0.7557753582146048,0.4392683105194255,0.6341789773532661,0.2576919213329336,0.1602468930153706,0.5138091382655323,0.9648383907722022,0.42268532076634335,0.7759385168318861,0.8864267693755858,2
0.20784899764998402,1.0076282988214398,1.1065223422503128,0.39949719799920297,0.13260425756792785,0.33447358456225645,0.5978225731524536,1.0166619784023772,0.6043931395222938,0.04651510234190177,3
0.5584051338481785,0.9659873116808089,0.54005709369393,0.8493618639699666,0.36673897609552736,0.6937564623563116,0.5427479023241059,0.5426412153885309,0.13607738002942432,-0.13103897238306703,1
-0.012153578452196421,0.12449286908366727,0.6422491154569296,0.24883427028871613,0.05800709729874867,0.23592813508486346,0.5783717848832853,0.21119325533267294,0.7096264431111521,0.7660215538081939,0
0.29542555269024895,0.8798194024964976,0.36062766541864516,0.05433262772939461,0.2720793588149287,0.8311169831066295,0.4178968455798252,0.3661478518579018,0.7785411138031562,0.557339474933511,1
0.11066082287725418,0.21397707807018881,0.31798222001767434,0.730483253647356,0.9180214726878809,0.2875258681554941,0.4403495235205738,0.7718065567263492,0.6442524998631253,0.23650512559081327,3
0.3100494165819888,0.0395007184711178,0.3303266646970792,0.1237415441789589,0.3137931136978367,0.6530401553696112,0.6224679024620959,0.01248147531596841,0.6772485000399695,0.6302056229948558,0
0.5673619472819702,0.5680192712058498,0.9013797633751374,0.5401924423154785,0.5017922735648453,0.6411640718286057,0.5620592090896592,0.568000983943421,0.1959022847622739,0.4299557952703473,3
1.0187932605028918,0.22616589814270577,0.4684382946753317,0.5315086844022638,0.3374100849424385,0.1498885152112314,0.3310067446089889,1.0425381449982052,0.4093641367821925,0.47836116456908045,2
0.11864165599411935,0.9084412363688509,0.8724522009238379,0.573052011133796,0.43225424759614095,0.8965989174918305,0.20257976458805105,0.9492570132007611,-0.0034639070923522756,0.2232577918236236,3
0.6296336884291218,0.6827483651474382,0.9881390200875495,1.0662760680836894,0.22922733636933607,0.08302636812398942,0.15173065884751297,0.5650219125503076,0.1128003395327952,0.1529599488146945,3
0.14440728368657368,0.2106816275536923,0.31225912859093197,0.7424707065102041,0.8961024914095426,0.278127129241555,0.4050942981787294,0.8157348406658795,0.6478720716932036,0.31159749519042007,3
0.5243508492330307,0.2199866794788372,1.014223276927877,0.8824553599121788,0.2761206326374245,0.7910710775568037,0.2044541816764265,0.21919303625161568,0.6139285935313321,0.6178556468877504,0
0.13537688490375666,1.252679943118504,0.32454825542001875,1.0865630659417864,0.9307672709751448,0.24950099568779988,0.48601189106398546,0.14668217497325137,0.3801752703890831,1.0890882297734932,0
0.49542464469870656,0.24200528363105733,0.13385787689954542,0.95303420633724,0.4726653073904246,0.8134832689108984,1.022987041060312,0.661143495522277,0.45705823174836646,0.05874687032683621,1
0.10430102899783458,0.8641695202795611,0.8225711638463545,0.8081623187943328,0.531805919145783,0.7865941190776424,0.154370331326039,0.8410617938023646,0.5784770579344559,0.603372185193397,3
0.441389322688457,0.01892550723812443,0.9041990526804098,0.8247570769150032,0.5068741514104238,0.7923454345266474,0.25446310788027365,0.052784230252468915,0.6499250597580553,0.6366724207965778,0
0.8704038472596707,0.3692560066315164,0.8005599319556626,0.5704283418563253,0.7282326636100261,0.2770984592268216,0.7115231938960744,0.9979631795565466,1.004091752402662,0.5194665577188485,0
0.3686638436456433,1.0028265503654905,0.47626688077523,1.0101156136918472,0.814560013545949,0.14367456069510084,0.9425200790078511,-0.06558277886862773,0.636741245437924,0.7021097394606068,0
0.02845142458486277,0.16739225793932022,0.4161212233764163,0.34357504894004676,1.1731521494498818,0.4894826681266693,0.30189552332711234,0.67491620413513,0.8781609096646307,0.6102160006781305,2
0.49584185241177514,0.5275758210625039,0.2522194703851443,0.6425732464920968,0.803190528507429,0.9443439194471086,0.032787778300873295,0.6409686250050814,0.9975404566279207,0.18785844816070857,0
0.8882839462148142,0.4257731801978705,0.9861956839483017,0.26438002362979235,0.880112250436301,0.38456108179049536,0.7093869050451548,0.9955966133092489,0.7858779811108323,0.7229290304998924,0
-0.8061905476309146,0.8609107742526947,-0.05175861813543753,0.4973776112212074,0.24115082081703143,-0.32000832699562143,0.8691200746913182,0.7679417636684543,0.6436693087288866,0.7529174607282029,2
0.19930526192781922,0.7687543756823385,0.4224349486914532,0.5008300324486388,0.08657415181292806,0.9007056637460653,0.44480181518708306,0.7227726706088549,0.10917123453340272,0.7750445464163661,1
1.3654754134821634,-0.38336319791115814,0.803526335988415,1.3018374504738772,-0.5605925418999406,0.40106613853752876,0.18907677029152026,1.307834766686304,0.6246357071967532,0.012824095222166598,0
0.2570380732715583,0.9755132612207659,0.7503381124603934,0.17459142483767406,0.453527551175892,0.971831852860774,0.6292589118849596,-0.06243790169529112,0.48154705663831465,0.7477082131754913,1
0.03982661250955656,0.7987685110665276,0.9354884363774879,0.680457404327289,0.34276138266265416,0.9093780493975427,0.09164290416235438,0.8503618434659423,-0.009589324684667146,0.19610896502143285,3
0.9460861121229857,0.5185832340629406,0.37593802072127036,0.16157485994385262,0.5743411086329582,0.0760417053864494,0.9507581634225581,1.1090932955752675,0.7836499712549935,0.6881186217161948,1
-0.18615718142664162,1.284391109453951,0.8580704359726612,0.04920902112796771,0.2757138814868023,0.481501405622309,0.9774261237729999,0.5516214737503061,1.1657348323080772,0.1887360572961574,3
0.284823097722991,0.17832803648415865,0.5471300493323517,0.9139937335962239,0.6383974605534879,0.9260388156259753,0.39923455298029387,0.22934988385194094,0.4518054763967715,0.6233637928448174,3
0.6769096057166782,0.8193441698009105,0.7845815383369306,0.4567443498453856,-0.011510498955829701,0.7331290783205842,0.7165369806910693,0.018588069279306896,1.1596142184498381,0.6213197241136437,2
0.17546042098015646,0.21397763913570578,0.8300289356012905,0.190813163841227,0.7603412135863201,0.08272854161869425,0.7762080388859605,0.08734029593058193,0.27372611517609735,0.7570587994634954,0
0.5111405812675527,0.5200563616314333,0.3279614590919278,0.631129379034555,0.8781246153711153,1.0295890758352642,-0.06529901090484833,0.6013488669083954,1.0731228144891882,0.098745780430904,0
-0.16065410079177028,0.6758173469690153,0.01801949073755161,0.19164933307366727,-0.14477472345232947,0.13665685834280444,0.946625073373683,0.10753699822542398,0.9132400200979801,0.0781485616736669,1
0.2272767314443676,0.004996377938226576,0.4780685077228336,0.29137060914202506,0.41669523175478657,0.6400947120031776,0.7297291309926399,-0.07210962140855784,0.6366454896272387,0.7054243282911101,0
0.4650590729066082,0.037884942545046776,0.9753088977394528,0.86096710582635,0.461759483427178,0.7181368268371937,0.2156033303134202,0.05236043096515824,0.6725409586245698,0.5555120167801393,0
0.0675985587111527,0.2901580707479248,0.33598468018867195,0.2545459534574519,0.9767178199516877,0.5572542914822375,0.2156159553655195,0.867513608547781,0.8254180688050786,0.5530205151245752,2
0.2611015193804733,0.2960446890134705,0.31124610737987923,0.11128984161898156,0.4931759687494025,0.7709122777339521,0.3494623441310329,-0.01210291043935234,0.7792941589228486,0.7041335000362156,2
0.9105172915932117,0.06768373877919526,0.42412882432588267,1.1517057876187837,0.4882181809509937,0.3139194806416476,1.1890108557510461,0.6947505186254321,0.6754833865817323,0.30673839457706514,0
0.23368614936018628,0.9399329096500104,0.34923124496353325,0.010155894569420704,0.22618440978597798,0.8995098952578989,0.49556533889460536,0.2862487999814423,0.7118602204041186,0.5392359557560781,1
1.0199080885051344,0.7769395944055185,0.7754522497146481,0.42391113011309656,0.6823313813809498,0.9382445128023282,0.691015607636981,0.7508093962217866,-0.012332269981763122,0.035369936520494534,1
0.5287368614774408,0.816388501770255,0.5254805533980701,0.3720234706481661,0.45007823884966724,0.7894826276226135,0.163335837631917,0.8026600645760587,0.33573017242144776,0.39325724868600237,2
0.5280731736707652,1.50657288988626,0.4808982431873132,0.030961392604571036,0.2794406834502522,-0.07648487933763587,0.9883194324611577,1.510265938199156,0.6850411812568248,0.4062062585773171,3
0.2321132580370881,0.9115009957294374,0.41116037629936375,0.9351146280091275,0.5752335880440657,0.17873898460934454,0.8682054542322499,0.019975912398772555,0.40697344500120197,0.8376902002978039,0
0.03591325659965833,0.9289901817852606,0.967522880768842,0.2867035942585535,0.14579024927686995,0.2711371031342724,0.8589844220530503,0.9234309941402906,0.8093149108657437,0.14109994104515552,3
-0.012092821590523314,0.5146748549534503,0.38569387813788036,0.18832300754350326,0.9320099900986685,0.39672413407154505,0.9544795499206139,0.3974094046604351,0.22585177989666239,0.6071320309853524,2
0.8494434658660508,0.2768801588182336,0.986201134354927,0.4882306439609059,0.16473193074197662,0.43466736683397655,0.6468769980295439,0.5067156121664057,0.1972519055747608,0.3235731734350611,0
0.018483723244109247,0.6391467281225436,0.18320740223415405,0.951849503151214,0.0302898902433419,0.3843650318367414,0.2606131588015547,0.2220769078840653,0.48889088555640386,0.9044226549537909,1
0.09653564611759624,0.4827890971770583,0.28501167605991373,0.9531275629950541,0.623267217322539,0.785731114211049,0.3490918577819816,0.1006460473588192,0.14059591563343196,0.05227961045234364,1
0.8336058961345322,0.8352217043434834,0.8208811859720401,0.5886688081072935,0.5639603460189854,0.7678110957048615,0.15854845312684235,0.8092283807994364,0.6543159938096588,0.5064676313210451,0
0.11306035426352806,0.867363803967141,0.8198641333570107,0.8157241819981155,0.5184622535904354,0.7735480997086374,0.1545064575551031,0.845658507380509,0.5923960611247159,0.6189777879274496,3
0.34531694709279825,0.06301388197200218,0.6862162178230732,0.24175199726189614,0.9458550721622987,0.0211058362526929,0.5932401607771598,0.8772809312046863,0.8022594535255073,0.13054328677542837,0
0.8884429490726066,0.41138836965273884,0.8118982437009915,0.6047187114883901,0.7199711935090317,0.23704579199768816,0.7303021594053758,0.9603906296713158,0.9829501698076636,0.49748210538415405,0
0.6034293990152796,0.5518658286686955,0.3334853565760653,0.5049731713361438,0.6652057374873807,1.2430167508152246,-0.6581899084617836,0.5475623472089259,-0.26917688288699715,1.0891180015425566,0
0.15968628265491724,0.7636393220089909,0.47111601737741177,0.5437908429334911,0.16158064014747797,0.8506759110271787,0.5336533575384822,0.694293906857671,0.09154013144200536,0.7570183047284941,1
0.8470596658868084,0.14860449160470515,0.6464461034161897,0.08563875220125024,0.5255055791760767,0.39142807012240055,0.20666613373311027,0.9322110081867085,0.9295324714714502,0.8199022121534093,2
0.11276049646204907,0.4859547945033881,0.31683895001357704,0.9635498550466001,0.5812105271434191,0.7798928839017126,0.32189203707304526,0.08407806710069372,0.1356496720388997,0.0732780087995688,1
0.4292984535483869,0.19991185055704064,0.732646923382819,0.6953617675247912,0.6562348536838928,0.9949716946984857,0.4080477941289695,0.3273966016037498,0.40860419421136374,0.7586055774301596,3
-0.31394444048286907,1.5920956597221636,0.7646902088800221,0.06321803880509419,0.05318505516278765,0.46072367873186965,0.865670055236055,1.0610463219222883,1.0038191725984713,-0.39060317417231816,3
0.6594277773484916,0.022978440097843413,0.5863905713719788,0.5352997726581487,0.5915378997824298,0.5779260746299756,0.07605220402158679,0.6017164126802853,0.44417059923388025,0.7111105410813181,0
0.8782857565435749,0.8233726634821176,0.8857162737985795,0.6701190870872229,0.607935618683913,0.7981439227497878,0.13841523017923393,0.7693280722359624,0.6573148865769186,0.5229967186868146,0
0.13071071343677879,0.17793798661401528,0.2626386137654568,0.7143226473277805,0.8899230444132886,0.21138481556187133,0.47145020027328477,0.8465159841879468,0.6863983124695958,0.29208213264491933,3
0.16833684695568488,0.2247949538525688,0.501138380669804,0.49501673739153085,0.5315618197945546,0.1979493868475329,1.0309270520677696,1.2128627228163655,0.6807350941925839,0.3301247038442414,0
0.903067075331041,0.37897267101719884,0.9136925578726671,0.1574594595665357,0.8174298376824312,0.4779872970788649,0.7380467309903438,0.782025536342098,0.9417757813529946,0.5322677253333148,0
0.5817491083546833,0.42735049789466295,1.3086137820670045,0.9336632258600749,0.2614407147311188,0.2041122758879631,-0.11602366889722904,0.8230302037699566,-0.05088109051544992,-0.2103053287354854,3
0.4763159860381919,0.5613002578486864,0.9228422389429471,0.6072312300140051,0.6980968977482715,-0.32772285835984777,0.08694078530139093,0.7627825556794335,0.7355759637446778,0.2728363164490468,1
0.9599964008028695,0.495568927591157,0.9315119469172823,0.3001529858137323,0.7622981516362701,0.6838063406408126,0.3725060013831221,0.6576742850410077,0.31526001871069725,0.5932759703414255,2
0.8689536708037596,0.37720032096499495,0.8062123614026996,0.5406107692346286,0.7073695071755111,0.29129857691513567,0.7476546602821351,0.9954063761579613,0.9965333380140061,0.4939415902493274,0
0.14155026811305324,0.24754573873240837,0.25096353901042423,0.6778049268360264,0.8058200233788453,0.26617916614320786,0.37552320928644334,0.7740646220118402,0.5990455545026606,0.3520513260128824,3
0.007704342511854612,0.09758481008463962,0.6379752837216583,0.2701357773596502,0.02755275321092691,0.2251897310031624,0.574073434810452,0.23928400202788047,0.687375378040718,0.7758526082266942,0
0.7146210158823451,0.7217887290473473,0.138342430223594,0.5190065290949588,0.6555617483832664,0.3741128741138333,0.5790663550444257,0.055407827894899855,0.3544468652035553,-0.10492830829581154,0
0.07920809673012819,0.10391592423460999,-0.03339663970389639,0.5594290501970485,0.6209887045115074,0.3341908932259259,1.130061575573354,0.2877161215625277,0.12066867206794696,1.4796220687845885,2
0.1104061669710829,0.8519932738041541,0.8172918880060764,0.8122264839915772,0.5348625269674671,0.7767382923201779,0.15974544419830417,0.8339212112213868,0.575761798175342,0.6057841496823614,3
0.4954659207673999,-0.08878083220889871,-0.22421350597679013,0.43765568514098385,0.7628744820844569,1.5223883061737482,0.7930606548694678,0.045631400160747015,1.0032866618201668,1.4477019617139089,1
-0.08370111667928368,0.48255659695338227,0.27010247854873126,0.09195012189158505,-0.21606970381768414,0.8267819411389217,0.4420917098260678,0.547932436606327,1.238838788926036,-0.048308171881355236,1
0.8097729337986139,0.1558808401479781,0.4164543817757936,1.2620453596574075,0.886204434167184,0.7441221103690641,0.911915855640608,0.8430219997885642,1.115812004244384,0.6835980018598762,0
0.5342423480515872,0.8028938163329911,0.5361634684816439,0.3609343002526612,0.4386902487063339,0.7892855078598593,0.16097117043684026,0.8138393275015473,0.3525243590677415,0.38916351675234523,2
0.8668248518027695,0.8345543696035298,0.836504323812213,0.6206102357860277,0.5790616572020824,0.7975113833476026,0.09808285279133877,0.7440348179320712,0.6396826881249054,0.4650452335818204,0
-0.05265797379331211,0.39229936950759636,0.04414142869217874,0.20168900451427416,0.22693273597500208,1.2800439347707133,0.8042434239673271,0.2528482490833346,0.3869650179268408,0.5773168503987514,2
0.9407980560937237,0.7754698439032784,0.7556880526996279,0.7171278691774166,0.5616148498489917,0.769379270688812,0.16225828821061714,0.7378613178396278,0.5612051805075026,0.42024136376870513,0
0.8424806454328135,0.3968975432710966,0.9096642204680475,0.5326606757438911,0.6543205543061258,0.6993217317163324,0.16815465256548623,0.7549694687614846,0.7898189787530898,0.9227420315400389,1
0.8360743994759676,0.797029226311207,0.8861849426372715,0.6500355284677806,0.6099949842886554,0.7897824693142858,0.1462189669019898,0.7403793856678794,0.702300753016398,0.47482243940661145,0
0.13924569929363692,0.6942592648411103,-0.18161006287936374,0.5025268232649708,-0.11155652058068921,0.7061796786097425,0.8459807747499025,0.47965365553444417,0.6906058643158106,0.20236620400308375,1
0.40310290340488814,0.1932454061136492,0.2897711467447697,0.7241924013542758,0.26784543272102007,0.2924754861432061,0.9831340064103121,0.0328359942008944,0.7989081063242229,0.2010995500663684,3
0.7197458582964963,0.7481872463388293,0.14479043216318327,0.648998534294285,0.5200216285522662,0.3984416300740374,0.5040536371248198,0.05706153084890252,0.48323248797675955,0.019058646058992275,0
0.9521237842089071,0.6294482320158964,0.8589331316844352,0.3370549234802034,0.6462113744444736,0.5435098168192676,0.37693517336212246,0.48746167866234824,0.3684977591673675,0.6584346329415286,2
0.02015417341611858,0.05740265834327924,0.6189280642968245,0.6865474115952132,0.9002801709889137,-0.14668986475517973,0.9364030235392236,0.5429707627442826,0.9256872615251928,-0.0944710582588372,0
0.5378527524822003,0.24608164213749598,0.12412350861497218,1.031792642900095,0.411614270267497,0.7000392353987306,0.9476728335992035,0.6356609691767192,0.5092599528153599,0.00944287029096938,1
0.3178534234913927,0.1864960793276429,0.43712240185457324,0.8005902747353204,0.03651261271152324,0.5418314759693856,0.3970985826878726,0.6271936005955471,0.2586929966462016,0.7679534812119932,3
0.3058114910691147,0.14507411302906006,0.7004827422961264,0.877677515585192,0.7976732824453112,0.887799038571433,0.5665444896295815,0.18500894143545907,0.575672297477456,0.7200956587293824,3
0.878772414091921,0.23196938932212713,0.9411475361130798,0.4352882879908525,0.5132716250097457,0.622206389965148,0.1729635955917553,0.65547510918664,0.8687928690995127,0.844751663780047,1
0.08571607897432985,0.5739692909331909,0.30489303242035315,0.11035599428451945,0.9461188199803706,0.5383564016739603,0.9866893316436818,0.30097958268281344,0.15308522229552315,0.5972211841908929,2
0.14168959135348194,0.8990426895708955,0.8722711694644062,0.5732324516568189,0.4565545933145847,0.9362533104539768,0.18681434022456217,0.9613286879002185,-0.0017968606153287749,0.20596072598587914,3
0.5673281042389636,0.3627685020607049,0.2665005798522067,0.7004174229790863,0.37881571402132297,0.10611534965564266,0.46634831233867,0.7276456924988772,0.7633768596355535,0.4412807247750933,2
0.4984966863386964,0.18822168506197556,0.04464276025314213,1.0868258854598367,0.41489574341112323,0.7751709682068041,1.0892995778764925,0.6831381622332738,0.5912154252842942,-0.0614145316685034,1
0.10834225873230213,0.8536198271448427,0.8205839582699401,0.8082052097686081,0.5329349773453411,0.7785341268803035,0.15304274306624857,0.8393561744764705,0.5799212672051695,0.6075652463274582,3
-0.005587549934673792,0.10510448411939961,0.6309050852760356,0.2653554912370628,0.03481060258877241,0.21909587087457674,0.573552307825853,0.22991447273262755,0.6742237108155629,0.7730108965377144,0
0.5090511163942975,0.14068977399316254,0.68763073114431,0.4765115208014018,0.24427726329142915,0.3055572186807126,0.18610815046030768,0.5533053417269795,-0.02131510891131161,0.6836055876896565,3
0.2768632499984523,0.8160527038500133,0.40695593804768015,0.7861271375028481,0.8841089264167116,0.2129827478462217,0.8502292824775269,0.9173251445884173,0.26049771672168326,0.39997904268553947,2
-0.026722526190551165,0.11989770774042896,0.6512090509334344,0.27443017514277407,0.03294131343660254,0.21838502322277442,0.6082774618714168,0.24540482718948944,0.6519260303420971,0.7528047603165777,0
0.1258846444333182,0.8906526464295668,1.0924047353583637,0.6618090021519691,0.9488497589533762,0.9132720047058293,1.0769355228025714,0.6191405753223844,0.6942729779955266,0.823851377933485,2
0.11589763525941654,0.8537596341202552,0.8037217762367779,0.8187429652504483,0.5335696419980388,0.7721563855475435,0.17043609800087936,0.8301976567359226,0.5883828301391987,0.6185756431579698,3
0.14244049759128685,-0.7359030053808153,0.3230919975964367,-0.5017466391718186,0.8553999507482427,-0.10358979006828173,1.897211246792505,0.18810742030006242,1.3096546353300127,0.9691232787299788,2
0.6497521850229715,0.49714525780918395,0.1962156258488555,-0.053855203648409705,0.694350169311384,0.977895804428968,0.5961328553454954,0.33553188464451966,0.16781977546059862,0.33795638326668703,1
0.7939156991912678,0.21141852450035037,0.09999083366699668,0.4342791442650535,-0.3209701169553985,0.1169465704182135,0.685302205143316,0.5735160763976128,0.624547730220772,0.6372616462335161,2
0.1664866429522191,0.6000171386981744,0.03809934031643603,0.25752972786595396,0.08182900040000674,0.5076860840486901,0.6969967014350448,0.15040999860165793,0.9751511433652646,0.033256673958776635,1
0.16627019883813654,0.7875909134780896,0.5353254422927993,0.590198882728112,0.15868177776543954,0.8612321604282629,0.5163875420361467,0.762966709465893,0.1123380142535187,0.7328573471003057,1
0.5305277467684129,0.25594048005595443,0.09175265493595529,0.9797214656627855,0.4318784215687602,0.7880920709559466,0.9680416505683885,0.68433009037767,0.5016907602435532,0.032828127223803294,1
-0.003601656509764963,0.08440828017079884,0.6124736873652619,0.24912376202430758,-0.027969854502330714,0.17359728918249331,0.6251112044912102,0.23228450981612242,0.7780649175676984,0.7089141119858642,0
0.9852162088442563,0.12490716868906193,0.48835103910080585,-0.4568522959576934,0.7832835487119996,0.31389578814448954,0.1437324939733593,0.6751593991491907,0.15637163967011736,0.0143282396839442,1
0.08015704098546494,0.8305924430192357,0.5895201955214868,0.1192178605526619,0.25132062024553564,1.093465108296126,0.5203530721442542,0.25672215376002905,0.9366139632016858,0.5669655581706229,1
0.5730631928329127,0.5710602670741189,0.8994190716706283,0.5254110891378976,0.4962567817039642,0.6391828585440387,0.5638915838827722,0.5653688238079024,0.1900376100724379,0.4278868216676321,3
0.2509078010275334,0.05063443508051267,0.6567337989070876,0.7634715032204148,0.6592373076573098,0.9363261931931792,0.5389252039005378,0.27536835680412897,0.5745533613323162,0.6724961454506301,3
0.18538998288281727,0.5312208872545102,0.31425661401091265,0.44598340814128284,0.41349641108102925,0.914375584903125,0.4192270632646664,-0.08149252142934311,1.1108092954842568,0.22923243392042086,0
0.6116766937285905,0.7956076180953358,0.7119470988771467,0.48550741796835695,-0.07131702535824178,0.6965563235622239,0.5855290225717922,0.9248676453077592,0.46924537321346166,0.23385882833036453,0
0.5333881270987223,0.803221779108543,0.5327778031608545,0.3598185616618819,0.4382465189166394,0.7891602075081436,0.161897003925592,0.8145438940311786,0.3487957382213934,0.389913434631981,2
0.6704058974427971,0.17372241779812644,0.34065829129165215,0.5881220802652993,-0.10215284606307484,0.0710883376807484,0.4431408535587038,0.9257199694046808,0.6797358624602198,0.8505610640775124,2
0.15271876039426513,0.6781124509455803,0.31284418534505365,0.5467788550408258,0.5454772583553196,0.8220914366087284,0.5469962571798205,0.046299442810837546,0.9558512244154235,0.19469810290857312,0
-0.11825272875152995,0.6794662661844725,0.24475793701898296,0.34136043277635664,0.9062480693459793,0.27584071995637416,1.3096917843243987,0.5797724972369194,0.5702892707139504,0.7558619430151798,2
0.7831425424975419,0.03427745819159472,0.37602930565299464,0.40353119200817655,0.4956209252828839,0.4428386027515192,-0.010283096736897798,0.8068402761428248,0.46257519878892117,0.48091905854584743,0
0.943898894998099,0.660677893639257,0.4862846155255322,0.0842167018814042,0.44363619138600124,0.8026180398979958,0.670113687804952,0.5731857661661338,0.2530108106802131,0.08029249317988688,1
0.009058971659688622,0.6421308464204915,0.07996477592605444,0.9221919997183589,-0.030824943894408013,0.3467064863759155,0.2091589928583591,0.28863750991293485,0.4030743541117494,0.8585718122373053,1
0.9040906092099631,0.7101395426442121,0.4969534440776105,0.09708873386700732,0.5525567810847588,0.8785310876564916,0.575884961041055,0.6798494644111218,0.2674543612141199,0.04727480930967014,1
0.5347754099357752,0.6029833797898225,0.2430838849527608,0.6071271366305692,0.8076125471198099,0.8800067698691848,-0.0034839834059694486,0.6430137047198577,0.9169368497029224,0.2270536800432858,0
0.5796026888321073,0.7813027936411066,0.8439769139685223,0.9654168552705047,0.24875638454534144,0.02611276996202533,0.19888287485478817,0.6397307519443737,0.2731929432781008,0.059146123217677676,3
0.04908693835175107,0.8134356164323017,0.4234948599674335,0.6001498407572479,0.640854853884654,0.9911891335433157,0.44664455877668585,0.09827139295932405,1.0781320937411092,0.03828073932307255,0
0.07712409833004345,0.35925386816882676,0.3184465316449474,0.32803639802149553,0.8849522751747152,0.6040278345452947,1.1335413944309058,0.4762239382352752,0.24431223887515036,0.6846370770565153,2
0.24287755944244568,0.48463588707960537,1.0237483332525783,0.8616842190994627,-0.016984610908046482,0.37189683179051736,0.35017275980776474,0.744099024702207,0.019036666661016485,0.3696904473578813,3
0.8372078749664433,0.15184248186156313,0.6369572936661154,0.09258652238992067,0.5214455097295883,0.37515882697998393,0.20022645352192778,0.9440964499645559,0.938600789674002,0.8203221135171076,2
0.37066197694273184,0.16169001284281878,0.3440282072499081,0.252092133389505,0.3971820469104451,0.5727430644588072,0.6408162675721758,0.007182815603022238,0.7929766623258152,0.6581245525440874,0
0.755958497286691,0.4211446886725531,0.9205156510365329,0.4644820683174894,0.14391904748621154,0.3966068032833207,0.8352923236323503,0.6775243386243359,0.32417734005412613,0.2365772108167261,0
0.4658783736813481,0.5372968153551343,0.2238536296959438,0.636216565694603,0.7778159947926371,0.9312145908075965,0.026961568522862488,0.6565709928802059,0.9801700231413698,0.17397838496949486,0
1.3334920572734934,0.6030353948683805,0.6618323238448119,0.4406689299121839,0.10828452516771003,1.0398261468461636,1.1547437591671013,0.4615518978988535,0.14506244874252183,-0.0963677371031535,1
0.15987757860763957,0.20132315584940025,0.8136817645577062,0.22032435030733893,0.7585249867616064,0.058513075925046974,0.7835348463660501,0.1287382842257269,0.21364523606736363,0.7043517027267421,0
-0.03245243596883293,0.8954894321367092,1.083424844472971,0.20409041903359199,0.010617251245380627,0.29854093585716374,0.8909610757391864,1.0134767129025875,0.7477625903942443,0.15760936239443402,3
0.9679235487901791,0.3263263150723837,0.4254011180419035,0.9658304077291413,0.6383919259948821,0.5105640456515731,0.9959134254468691,0.5965974171545192,0.9374603035682736,0.4524185025298039,0
0.6334571585278174,0.5108240093983114,0.5115897718452421,0.19521051549139729,0.16832351453243488,0.5054733694103504,1.053016238949156,0.400035919182852,0.7811021073653635,0.8614986345702143,2
0.6473608335264698,0.6713870864644442,0.9818061349375646,0.3599341485188645,0.3490007643855122,0.6742465528812682,0.844783289914497,0.6196706571266026,0.7894293050618606,0.6823991733161671,2
0.23859605186257998,0.7511408341786493,0.3704846780240386,0.8869743926145609,0.7103906528603963,0.05809880148536445,0.8703090330612043,-0.04996352986414963,0.32498836203479303,0.9104221347986585,0
0.17538804810570321,0.3998456353735733,0.6720846173753925,0.7434302132190411,0.887740746207337,0.8017677915005228,0.9035399325751833,-0.03819321410601867,1.335203402302319,-0.007217198569366284,0
0.43778034105953195,0.6504059536284753,0.9305479716024917,0.9983795095134491,0.1221391613566849,0.22140875447917535,0.35023681799926126,0.632375378165416,0.18613386857014802,0.2175710358606588,3
0.14060094440429435,0.7148651486279454,0.2513099308723093,0.5321374855360735,0.47993029168008494,0.8283794667073002,0.5892348781451884,0.11576330818408699,0.9209418821179772,0.2788938198432957,0
0.1232950886495621,0.3956699290738801,-0.17235026902560033,0.5963076526438313,-0.10907288009724056,0.7862964109828703,0.5799440542517402,-0.13771792047395587,1.0186549092463166,-0.30953455587667766,1
0.918896721637773,0.24147223964235806,0.9519694346359424,0.4310462623725383,0.513901702563563,0.6252748254561061,0.23330663489375567,0.6700131875678011,0.8761353110215476,0.8349588954611776,1
-0.023101629017808947,0.0733186853513331,0.6029074712389664,0.2827141947470715,0.02245149474477133,0.19872481156339064,0.5908172149166689,0.20396400927957603,0.6964376509744729,0.7713926338126424,0
0.9015637466914788,0.5102453115606773,0.5981455965324027,0.1667709633721186,0.6344725065919542,-0.026922969871550018,0.7598648992307883,0.96098758311896,0.9323322173569727,0.9358621680429431,1
0.11177597644098612,0.8600981593750507,0.8086818404476805,0.8247817218621465,0.5469085997667721,0.7706282449672788,0.15199909935688793,0.8421384390935521,0.59223329864328,0.6132876514021629,3
0.6831271049758999,0.12696214487476565,0.5940032294608897,0.6583170614261566,0.19940864718507303,0.08416614214037825,0.17443663444914548,0.7934017313753917,0.576888893188212,0.5380741300872165,2
0.569698954383359,0.2898471454588817,0.07868651632415359,0.9956858720742587,0.4103116295894835,0.7939945681574909,0.9838787832363733,0.690142148451447,0.49297045002026485,0.0031153260056107634,1
0.4472822874918693,1.096979940742779,0.32902270000621714,0.26493878508399793,0.1677656488037758,0.6715371020672858,0.5241316771271591,-0.1243162308864541,0.8910316717797242,-0.17598248962746305,0
0.19612015203038097,0.30675071501485285,0.5284905571732899,-0.044414103686544915,0.9180882516305366,0.2702290281987731,0.7477647861197458,0.44563269751171314,0.13241112243901276,0.6145081295173784,2
-0.024673032242501725,0.7337638275105541,0.4286784945275701,0.36186616187444287,0.2841646626442807,0.5661355928505951,1.0830833498638943,0.6219011065701426,0.2783360512184933,0.6614088340421151,3
0.7374831561168467,0.708670816613763,0.04191149806034142,0.8114038153628061,0.5071067840719927,0.5358087515106762,0.5811235690373009,0.059279924395518394,0.5180900099002713,0.045237194681052785,0
0.46934737900398826,0.5460204943942945,0.21378904926867182,0.6637714279131055,0.7896528849829396,0.9384563439174828,0.01913991555163085,0.6577872763278784,0.9703263424606343,0.15240808504291256,0
-0.025000527863838468,0.8594592327652191,0.15727597202911797,0.8401400556299439,-0.022935027027512052,0.20854117377325365,0.08947456175950688,0.5242633617474574,0.7011021592808682,0.8888133749576312,1
0.21319447471342154,0.9454422041774416,0.8555746000466732,0.5046182515943529,0.4701714533393708,0.847172657076656,0.18391693323557215,0.9766119776060062,0.04972452887903517,0.21191027598387382,3
0.9249033825643693,0.7451453210151571,-0.4302173568860824,1.0621449090454274,0.9769635380094367,0.5196285163302568,1.9218508127563365,0.12959236726766238,-0.3583884370388317,1.0664872302651818,2
0.4896439685630172,0.05994709570329965,0.484266521784037,0.021811616429233377,0.7861527029501181,-0.20624962392961876,0.679107398399398,0.9125330602185981,0.7107969517471391,-0.01988617891758515,0
0.751827631050459,0.4414705734864925,0.6506950473061885,0.28584029940712125,0.1262571296517605,0.5293279219957745,0.9181146460571932,0.37842051487479245,0.7124375564191971,0.8655265705945192,2
1.122611883808098,0.5268673991973136,0.5496754759783881,0.4038209449885831,0.18347280057990867,0.5387896576152592,1.0203780864235419,0.9637258409526384,-0.06547958138298177,-0.01683653602896648,1
0.46314462432246095,0.38603597339626894,0.33516262987416,1.164100893348661,0.4196844477971303,0.856494930391381,0.3380605934444106,0.028418966011834995,0.3736845484494835,1.1688222711309555,3
0.002590837506715724,0.11628386757037538,0.6430290345381442,0.24513450308586304,0.03184560937473293,0.18990923968197262,0.551741930327218,0.2513019210461134,0.6451950238926261,0.8019257357950041,0
0.6946974290761991,0.9851571849708032,0.6588418891155978,0.7530188107873599,0.8616499407957177,0.8692258330179651,0.6394513606655707,0.5134124533825948,0.1673751993491957,0.2556279597060199,3
0.002198030751250496,0.832316320616006,0.9353826305947666,0.6953052628592425,0.4083897629360786,0.8945557969895711,0.048264494920817386,0.9727114576357826,0.12036375052254147,0.19077215895153443,3
0.3136696427634618,0.5115388356478866,0.9469863339296078,1.1957635830483024,-0.007175465051013991,0.28116730382103267,0.10730061439899524,0.36542829495293777,0.241446671689099,0.4116133016748238,3
0.13245787621491933,0.4143448199147149,0.8662984995878935,0.6587258667763971,0.155450069264195,0.9017222751561175,0.20372772650608792,0.059046323620572154,0.3319448092533919,0.2831324048324742,3
0.36723698038291774,0.12715322668229526,0.9975422868139612,0.7825884894126933,0.45234457992896704,0.6971184752942348,0.16778505408434066,-0.07924934848575144,0.43560725596030986,0.6074791480460491,0
0.9580778174622954,0.6099537342252007,1.1021912264349067,0.47770429513914553,0.06473705348417169,0.18529156511598405,0.7074527488721952,0.7898585707526071,0.13221014662718583,0.042350248518446404,0
0.7137357851071288,0.41242465150570384,0.7175362301203879,0.21699368011161688,0.8339565067765486,-0.0951012594075945,0.8130757736545174,1.304455510806906,0.4843072179167617,-0.33816156413895687,0
0.6683658004766714,0.44090471354863503,0.7812502520414495,1.0655780520284428,0.1686089211588467,0.27751653642024776,0.5743628578010282,0.5751006957356078,-0.05919218148136551,0.34696957378967946,3
0.8544080350889292,0.4514731833896727,0.7331786116826947,0.1734003366160049,0.6126219926353109,0.8665340510300242,0.5918140768058526,0.9234818265477921,0.13772811165453996,0.1295713243693877,1
0.8300207828360306,0.16606185323963368,0.6242958878107044,0.09347214337946978,0.548305616636442,0.3910698287572253,0.22278994297570517,0.9492293618561286,0.9373862396849082,0.815809298518639,2
0.7658321959492826,0.6852318114519687,0.3336027956663759,0.6218107578162478,0.6668856891422784,0.4398683301471213,0.6378855616200014,0.11092964088216291,0.3047099622235978,-0.08485319512512716,0
0.6794175712301402,0.7894063500534592,1.1937522030676402,0.7860525912911227,0.7704152610309257,0.8785172416671405,0.43112462103038307,0.7728395129818798,0.32577634813004597,0.3908041279036684,3
0.8090663670580143,0.8418015870393106,0.2745829428038825,0.6158904612581408,0.549545454243544,0.5467088775714515,0.5676369312275811,0.09793908490892689,0.5829924955825049,0.12298906855571895,0
0.8673148976496418,0.38482989697372816,0.8028736860246559,0.558515451536648,0.7199831362360272,0.2747154117889559,0.7246147583622593,0.9843104867197239,0.9897337402588963,0.5283989695142166,0
1.0725259548820265,0.950502632484572,2.105426711760075,-0.6510604695137192,2.4361229762857723,2.3268375007823234,2.452022181319008,-0.17725576186105862,0.5961317718738056,1.0652569872666235,2
0.8564412433273503,0.7557628049733821,0.7379929825187403,0.18564931540161766,0.6265613305813237,1.0662672596417324,0.6483200888134812,0.29915484813546556,-0.09098728350395341,-0.18746132238102242,1
0.6892746392461494,0.051724039100183444,0.15668917736973534,0.8715695182853752,0.6406721098536456,1.0361385231095928,1.0728453483009501,0.6845939055603083,0.8577073948343901,0.4500717862348496,1
0.3832646941778445,0.88921483511408,0.42860552320562895,0.8055318706264414,0.8293102253753022,0.20398601187598261,0.9224035019629746,0.9288368343260878,0.2090018742757815,0.4030733211739778,2
0.2320725771015147,0.3235073186820123,0.6454667543204662,0.6783325067350374,0.2161071497068271,0.333013417984773,0.32883572949527307,0.5974104460766727,0.1180385645017459,0.612956171226412,3
0.21263754928498968,1.151673210094856,0.9412257408870546,0.30868772946749923,0.6178407575989926,1.0115536366010862,0.04892264240969871,0.7469473747699579,-0.015132361528650148,0.3540788529659875,3
0.013228787749464233,0.4412837276442655,0.8470076933702562,0.48394559402245513,0.5168053937737861,0.5353547634194132,0.9876877414778282,0.9527876475050587,0.9592392603549893,0.3370699480710168,0
0.7646610092643072,0.44942538824120815,0.62382434879771,0.20736435601354342,0.6277459392293261,0.8659079108408348,0.6865269031141987,1.0872799584349082,0.2055111226150114,0.3085577654287557,1
0.9811684527250993,0.2922259707255588,0.9375271214755281,0.4579245395916595,0.4374040196119369,0.5606343718552416,0.2344947573868049,0.7606348436259518,0.8286757464136559,0.8599383574348374,1
0.20201608205837862,0.6066896625304011,0.10018105947902162,0.2744892072005536,0.052400900204483944,0.489638759492094,0.7215892210916964,0.20917205253448726,0.9304314977013791,0.0318201077943146,1
0.7096804320489356,0.5652081470401488,-0.03338144279668831,0.5194321293554962,0.9625484021060898,1.2392579014619638,-0.23719642917936923,0.5049463410175978,0.3473439706921912,0.9377304812675862,2
0.3183652804777417,0.9374024704243032,0.40633399800091696,0.9948523388829114,0.565573891973901,0.22301000924030914,0.9374110727159689,0.0193069483860926,0.5142188563932225,0.7826770525878725,0
0.5427996669255508,0.792566988117888,0.530615377641594,0.3674909908070615,0.43625840712535974,0.7877179055751433,0.16049294886748455,0.8226956207310067,0.3500797523718491,0.39773596539589456,2
-0.15650263260181313,0.6167883108602956,1.5850950667177406,1.321778745667578,1.5901231933776687,0.908667829030466,0.41314215021841905,-0.0586427572785172,0.26323214821083296,0.7578354471189266,2
0.20466109671139976,0.5474858652679665,0.09804051335687053,0.2862933494450415,0.009615162174007763,0.525324504152966,0.6954921237279842,0.17661853593839474,0.9654522955895861,0.09056791423158728,1
0.1609046725213702,0.215142613817094,0.8341877221313901,0.19843732472386819,0.7434834583879825,0.08527295459514996,0.7629655692543724,0.07766164982090341,0.2634790842672223,0.7654031770326416,0
-0.022177957157936412,0.7761330449050511,0.6708271484861867,0.304259347234073,0.7835728075849707,1.1898880166140542,0.826485905942924,0.0035163630246780597,1.037112261295443,0.8203666760643479,2
0.8985071216201372,0.8983221764645839,0.921006152467891,0.6366405809516235,0.5293426655445777,0.8092407815269128,0.19348491203665205,0.704876242860105,0.691220059299431,0.5334759402528934,0
0.11005634576164168,0.864291073240194,0.8141338865573414,0.814672439203748,0.5321734501211396,0.7823561564147176,0.1519550512414023,0.8415154846640925,0.576730195960628,0.6127801098654065,3
0.12034382768256548,0.4692550235222871,0.3100266841508157,0.952411195899702,0.5974495800988111,0.780373153968044,0.35788577698952895,0.07518992894163153,0.16893158853646648,0.05334045098473943,1
0.6660129839410212,0.9793143918687335,0.8225475836016027,0.7038639031535721,0.48182963735522044,0.19108111742010914,0.40463906694759644,0.1920018541154442,0.21052739339186968,0.1896019329205348,1
0.2506506978411447,0.9238655394482422,0.42868571007631134,0.7466288645476303,0.8683393116077347,0.17504498908273997,0.8181918999189554,0.9922267722574764,0.18878238354416899,0.47598350710356147,2
0.09731049722022202,0.7211102063601567,0.9116719060823176,0.47700721053227035,0.15590875078076116,0.4235666822639532,1.015407758210226,0.9645896882446565,0.63983459176753,0.07649491044106896,3
0.523167800946288,0.7448903337883027,0.8343845626146792,0.9319141145104003,0.6810279070283551,0.43201149465926497,0.4320379818435176,0.3653002045375348,0.2071932492451124,0.07797552340276628,1
0.5761189054906857,0.0899360324075717,0.8488096035262628,0.73483043613071,0.5299822530259037,0.6653608943411223,0.361554560416093,0.05202658511511883,0.7510546071511488,0.508142098498741,0
0.3692913699197365,0.1320935229761381,0.23336463792266046,0.6713962404189985,0.18713535072509818,0.2867318923098702,0.8833386862363231,0.11939059642358679,0.8881561112740283,0.15102372289235005,3
0.2944878147889709,0.8707392177561409,0.3812170596199533,0.7769662442697604,0.8698875773658422,0.2565188433290039,0.866251484021515,0.9573408035690509,0.23294459460451297,0.37746236170438824,2
0.9867719791997316,0.473421666388,0.724039903967151,0.08682564291851354,0.7638767922317943,0.6538510203530085,0.9623950980637775,0.8253447415946613,0.9348178402682648,0.6546088528518738,0
-0.18250991353657298,0.24107979599656693,-0.21792023305569747,0.3410756384021677,-0.07365496874946212,0.2981639738023581,0.4179745505311259,0.22015015498804485,0.6173329781495481,0.22387474129583423,1
-0.007206513063469644,1.2121117743530898,0.6443314561399605,1.086526724060669,0.11125093010515574,0.273878489984527,0.5725439971117475,0.5602047065816996,0.44573070440640294,0.5662185012752414,1
0.3839864044098539,0.3654433452992919,0.5741463517624312,1.2114750008812618,0.010458660123548263,-0.11592336458115393,0.461772237504957,0.3927905370579421,-0.15009244741243977,-0.03593801757974502,3
0.8841527160983839,0.3941029106141009,0.9470216353197094,0.5184511973282249,-0.017862972442190483,0.34278716874562143,0.7862719464348575,0.758948216735634,0.30123374215110615,0.22917496945405472,0
0.8763438864128618,0.646430666608991,0.8570078083526543,0.27325924252092876,0.7126466701030472,0.8996018454455379,0.4698543326782019,1.0348366746274908,0.41582770005078407,0.10035493188510203,1
0.09685887552757483,0.8715686888492103,0.8360090806059699,0.8155221141419972,0.553115690761098,0.7933360816450638,0.1744457748059129,0.827244833762083,0.5573316187449951,0.5964354705426633,3
0.4329461558052202,0.9248010108331318,0.5587836398822911,0.7265367998938966,0.7160295213020564,0.07446040918586758,0.6569246554847565,1.0031167409263777,0.44768074215843257,0.2251554333598517,2
-0.039316492022555924,0.12566102692345665,0.6336201265868056,0.16589138988769134,-0.0805115083562354,0.22250955474541131,0.5800621742576988,0.31929275947917796,0.740829261840888,0.8339394062652531,0
0.015206551770069493,0.8164349067532594,-0.26132967803516094,0.5720217227658908,-0.16965488004741913,0.49066946609862827,0.45022455193400923,-0.20589537411475528,1.2898073708804547,0.2877646064366822,1
0.5588801556023918,0.25148417217816255,0.1110784836268749,0.9809708429316146,0.4320603548976449,0.7781900365131377,0.9906069223081192,0.6873336821309084,0.49120282897124995,0.0441806936196318,1
0.062330294969288054,0.3493520232392206,0.31724246854312044,0.32709732025873683,0.935736065753995,0.5561825798114073,0.3034002744780261,0.8877541181325964,0.7735553224784153,0.5614659779142592,2
0.5187044077491512,0.46692981294828795,0.30825409451677827,0.667343160380106,0.8503428471835267,0.9688499473184267,0.06290750875302871,0.6451750156513754,0.9329169589665472,0.07340465197267564,0
0.5344575909809537,0.7219486760557893,0.7930243655224797,0.9176854788742432,0.6676349276261214,0.4228739140651601,0.45222225824675144,0.35988310554629116,0.19904017295715942,0.09761546851048238,1
0.08709917604358242,0.18807127281077574,0.2700426605067965,0.7489559844949086,0.8873849579509083,0.22784522899323134,0.41744920786126866,0.8151899857129162,0.6074516516761832,0.2704494259405609,3
0.4902356663413221,0.38322238290070887,0.10330375163386141,0.5687295830987894,0.7599996663738291,1.0263574343278892,-0.11613084315395955,0.5460496181929326,0.9516666853693032,0.2875404785687161,0
0.37595240125887447,0.5369663570753845,0.49318323073155124,1.453567336785362,-0.1306576468493552,0.28909358869106816,0.33714510664670444,0.5504267206667117,0.7814465912889661,0.8660909425776042,1
0.8217196096443652,0.9648529361275067,0.4097312230111166,0.29796605530580844,0.5966539946712237,0.673907236565556,0.6576770065380798,0.7435606786550266,0.5683221248225807,-0.20353715889655066,1
0.7337277575363973,0.37775544815069684,0.8939346007208353,0.4450934190683879,0.06813367456472916,0.3136248611356115,0.749285020805227,0.6220844553726418,0.2603722181068264,0.20170383510445186,0
0.09338528618767855,0.6724817389509338,0.39010512738360603,0.6286228529466936,0.2070766429969369,0.8662035210175685,0.5489634609190293,0.7673227470224542,0.09176844533510539,0.6617033790873198,1
0.37849257755811444,0.15599395481592876,0.875695915755504,0.9170123964927278,0.5859189394158038,0.7629842969911103,0.40190791022375205,0.0552711740808709,0.5624395075493291,0.6865552373155813,0
-0.005678207289471547,0.10654740003415142,0.6189196413137993,0.2763135736790227,0.02990589782186966,0.22038169627892465,0.5883161055643129,0.22832570788641582,0.6859103772763427,0.7687175216222882,0
0.4195361207948966,0.5307243207174602,0.3051817743498314,0.6096958587251631,0.7112087870163445,0.8728606599038602,-0.036132954504260434,0.5991538577061559,0.9780307501550417,0.18214707313942932,0
0.5908365742717395,0.7633719437149613,0.03530016419632655,0.7574625034599227,0.5639303919675274,0.47797257721789516,0.627393285288606,0.010084552815123861,0.4444514579626547,-0.000727109378720025,0
0.23725117494163345,0.5657472535511906,0.0485412231401946,0.24911027049514659,0.07264245644417724,0.4877300907433275,0.6745172824124067,0.13133955650784912,0.9386690677204568,-0.031441390274167424,1
1.2185913825398542,0.32428604623116564,0.6612297880199236,0.2948387188738277,-0.30035834312993215,0.38775670795957595,0.9024567028003099,0.48456870045279865,1.2511309360777019,1.000952105034234,1
0.12726361947224515,0.6345222606250425,0.046249667525995325,0.24639531951938415,0.0750009194546259,0.5272241590737452,0.7257249017027068,0.1815192263525937,0.9735842285081182,0.02683626472412784,1
0.015285937638101522,0.533171849213604,0.3145509495734417,0.16430787812656214,0.9617932022820688,0.46442250718441835,0.9724396605917618,0.36686167003912756,0.25691007918789455,0.6368470151234283,2
0.18758913450761502,0.4481948161022162,0.2978970839530795,0.31321523986463307,0.49300115372694614,0.761989475063531,0.41151580552178857,0.26715233140143774,0.5953795425435482,1.0477369660259097,2
1.0232505063313198,0.1635670646826961,0.3523625310605587,0.5626152825793511,0.06436968592877162,0.4375389228194231,0.43812331387473935,1.0364527971795496,0.7310463145003473,0.8882341433206544,2
-0.0008386419555286222,0.11195269857280113,0.631752929611852,0.2672302038762439,0.030626135995615388,0.22255539643239122,0.5725452383457054,0.2304098623128238,0.6788603801590647,0.7690838184070379,0
0.03158637571196993,0.8928470995474069,0.9017592188087996,0.3429397149120203,0.0867433047495102,0.3456941174379315,0.7930209329286069,0.9722106307182821,0.7403823815080818,0.13399928542134146,3
-0.0045550928030191964,0.2805379943938564,0.31355069745294206,0.3004315096549939,1.1034433505461734,0.5777294995755817,0.09559247090963299,0.8785315980393215,0.7531265185472904,0.43013658707298985,2
0.27365463476789614,1.0450906191020335,0.31434626750139427,0.8875919425469874,0.7028249404690579,0.3893738239166532,0.9492155724272886,0.09382291073040797,0.2698087622882306,0.7260862159010593,0
0.6431699369614269,0.021489916497365532,0.5933217157949372,0.5448767554503248,0.6030467468773573,0.604275065316521,0.0563461409746833,0.6108007142574949,0.457814069756906,0.7052646543906707,0
-0.0013023347734230709,1.0541664104502773,0.08093246841972161,1.0825639001518423,0.021911086615648022,0.2433566239363513,0.23643280375271014,0.5326962748323741,0.221646373375678,0.43592938837890394,1
0.7214488609164136,0.48837752599883916,0.6194099062014641,0.16807768865879827,0.46104167748931746,0.7606576464228335,0.4168972283921741,1.1287372293497722,0.1176893845685939,0.2113344883625929,1
0.7746267324620759,0.762603256027193,0.9611580009998287,0.7450504582603953,0.5343592255120287,0.8795664495871698,0.014689374802428365,0.8303861106497926,0.5690027013734408,0.5918304363794443,0
-0.41448203601811257,1.0724306822291971,1.1605119157259725,0.09087913470132064,-0.32846744960714674,0.7803389473994156,0.6486175939198984,0.8127384778043063,0.36804613279639165,0.32838077787705067,3
0.33454405413716753,0.2528703039475755,0.3861667355752835,0.7738901771422307,0.21156352265634026,0.2948366108428833,1.0197980828271,-0.04725005659258577,0.8675344458328892,0.2093693600409136,3
0.9572168523455635,0.28396632615039524,0.4942913158554954,0.850016430043221,0.7745537881044269,0.6229287449991179,0.8926065387320806,0.49849011043079244,1.007691540440429,0.39000704314015777,0
0.11101872870495466,0.8552424056504462,0.8208796291267317,0.8109122763867465,0.5319208465129246,0.7791504686010564,0.15501862840345462,0.8343353625359126,0.5771478864818776,0.6053948137440897,3
0.2500341743302389,0.9932873280772817,0.2388753159751656,0.7407472017892963,0.822296516676913,0.435154452110352,0.8065820366217171,1.1243422466771675,0.13587694613745935,0.2670973781970092,2
0.0037271181127121046,0.0805049488894134,0.6088044005793676,0.24138456771723976,0.04484507410499618,0.24106533800850208,0.5695118272924251,0.23414470826803063,0.6759888512337707,0.7723113630229501,0
1.002952406699649,1.3537540787893572,1.5119023095894493,0.6758738492085645,1.294038582988378,0.8219330283274792,0.4665481448430688,-0.746492445173255,1.4411644095011882,-1.0993613745251984,1
0.4828680911500132,0.6097001350883646,0.8463329688582277,0.4899040861514105,0.5961979461633811,0.5774528252043047,0.5480366215987049,0.4785508086224201,0.25955369891418445,0.3431831287420923,3
0.569067854576926,0.4067321179043235,1.042711488076081,0.4821136677148516,0.4960091901560526,0.36736294061478647,0.5559292752184138,0.49766268956247817,0.05478428846639369,0.30761532749374826,3
0.49248226717790694,0.5401195587607724,-0.471742832263636,0.6342733425165092,0.49018326972897824,0.6108741610212839,0.7197886832983938,-0.27737843831072034,1.1344080167724644,-0.002429334451583602,1
0.3064133869924868,0.09609481453958243,0.6215356322594416,0.8580684823045621,0.7426466599662986,0.8750031193086805,0.5389493664385709,0.21828476871408098,0.5515896256960869,0.7697232141398687,3
0.35710869627857217,-0.00933302249899745,0.5824209011520848,0.17746661386982301,1.0747094411905276,0.07355334461956975,0.6216243688724511,0.7742453827596284,0.8993484244749701,0.10752276574989128,0
0.9346155186678367,0.6459723302835609,0.8454413521759052,0.149013481478974,0.824036782061614,0.3962954095672242,0.29766122140844614,0.7159581685412981,0.2333386393492375,0.557546431812508,2
0.25852030190838204,0.2710298382604335,0.8851616864508198,0.947631568051313,0.6525883625570147,0.5957154271596179,0.3627770811327161,-0.5635262978705728,0.6822536386209742,0.803438583319144,0
-0.11873649316752283,0.6894041727103821,0.0552012128025154,0.25867358542514957,0.12979608799619302,0.6431825067070528,0.7937656572133668,0.39993026202495185,0.9945460904602023,0.014426945656059679,1
0.8437211221816993,0.14788538324055844,0.6421043250610856,0.07821281929491461,0.5178827604943925,0.37626892457625283,0.2188888234917811,0.927655952335566,0.9283840786917059,0.8110240419081406,2
0.8017548791127493,0.8518072569442903,0.11899302833090784,0.7764934453689172,0.4404690627290034,0.654740743974265,0.5875979130131512,0.027595437677712966,0.6926085455934055,0.06832162337424486,0
0.3134281782003744,0.855056303715586,0.3653188050021316,0.7871470999720652,0.8661216825113701,0.25958044705748423,0.8653146741936341,0.9610688136899793,0.24290816003189963,0.3783768357866862,2
0.3352927885642595,0.21407005185275632,0.5824864742261889,0.6753223693574425,0.10495520179961682,0.5351372817668028,0.3461988489081455,0.5255493265729696,0.22487428811885515,0.75861788157664,3
0.923994769246989,0.5902353382182163,0.7890310863862386,0.27110435130659954,0.6709121227605392,0.5994722524904874,0.42535453785838057,0.43219675609341696,0.398170117611623,0.6599453009939377,2
0.04905167776882441,0.19367179981594515,0.8561107843582247,0.7247410143129852,0.7602829676733007,0.6652357817023227,0.27857207766673225,0.2532756557952941,0.6719589283749792,0.3982482471356667,3
0.5581397089011946,0.5885762153959707,0.9276967619006599,0.5311290967940077,0.496298071325441,0.6426410057444641,0.571217939098937,0.5766391592083429,0.2060673931695041,0.4386774038489057,3
-0.15289351017898162,0.7914916081433487,-0.13290261134478823,-0.010253867771714387,-0.08404371947181022,0.7014669126271682,0.4073504342150952,-0.17627434552901372,0.766703547901711,0.020018335476591098,1
0.16553845283490198,0.7868872481925203,0.4936454106551666,0.9634478515441861,0.7145344897426057,0.14839653437740657,0.9064941292054592,-0.26377815872472865,0.8571522807329712,0.3675001648220622,0
0.5353315185495026,0.776552111488347,0.5364075805901195,0.388077016674096,0.4275430037959287,0.7996905929457505,0.15576384341833682,0.796296389835947,0.3399512036871837,0.39738734358804556,2
0.8419561651059442,0.15133869821927684,0.6456143521092385,0.08561642806031548,0.5319379721313477,0.3865950708841482,0.21000240409552318,0.9326351890634835,0.9363382346618843,0.8213305100482474,2
0.8719375661202023,0.14340316392205296,0.6732410834351322,0.07080960132919537,0.519250129031066,0.3510949659656236,0.21577862437642764,0.8959857170239732,0.9385555134832074,0.8513442541328223,2
0.012449305470589173,0.7846761870536028,0.043265722089283754,0.29546502768297433,-0.08502880888955638,1.1273892623735977,0.8329237757194813,0.34759409397844165,0.46623541535002305,0.4156949881791856,1
-0.23110425177042326,0.4599706955123602,0.7168918588550259,1.0422514888729317,0.7684717805988708,-0.18339003408575272,1.0808193482432635,0.13057763176679343,0.7534736362745893,0.9916245982024867,0
0.42063551394842436,0.3014824060122423,0.6980121118190793,0.6402102827536318,0.7704320979867069,0.6889291218110603,0.4869920425581368,0.017720396546784034,0.5969990848822015,0.8873931036930773,3
0.7276360806461631,0.4235208528242029,0.6511480160689275,0.1909135207482647,0.49577240006435996,0.8286710974169823,0.537577807607501,0.9166479099207648,0.06225445092020951,0.17015134178858468,1
0.847331909519792,0.15164646779916569,0.6452051787993006,0.08467042932080959,0.5271316054955995,0.39238644556268754,0.20816144548698154,0.9351286217274767,0.9319476424336016,0.8215435208091256,2
0.5210616237133374,0.3818103826895197,0.5574529046981523,0.22564691611131255,0.5068878340830094,0.45963030134118715,0.23998254984631673,0.6962280182587559,-0.16267778805579702,0.7614414057602177,3
0.4359648815509974,0.7023204932762035,0.9551684047627674,0.4466713698365315,0.5857610536963156,0.784380111554418,0.37436877057248386,0.7060657419575622,0.27289871749640965,0.48501215895320576,3
0.5144164232702442,1.11751569367566,0.7279630059321363,0.3121978360873121,0.42279926754086206,0.7716753699123833,0.08380538465076615,0.9745896582799934,0.26374978725875,0.5813569908370497,0
0.10367811030687367,0.19851262289940863,0.2923120448890221,0.7606212307514666,0.8644903261323292,0.25764893008676854,0.4468005952371413,0.821797354112792,0.633507308717144,0.25457072499323696,3
0.29544032554816696,0.6051487094129744,1.0532919324156633,0.7242943727544625,0.2765684750716496,0.22855960905759426,0.8507000800902627,0.729751569833937,-0.14294241033758281,0.584233695227002,3
0.5307311729472054,0.8044997884732403,0.53432438317855,0.3624772088683408,0.44178534370042094,0.7871052466549938,0.16241171618694464,0.8184653591105403,0.34676288071203887,0.3866412040976933,2
0.5446910353330187,0.2712241204203708,0.08629998331669624,0.9823311882310711,0.4304054898401292,0.7821270863992673,0.9944901067607518,0.665626709918373,0.5109601898933099,0.020521963630682784,1
1.0128334587551653,0.2962156876816932,0.8767931143256369,0.42060902278665946,0.564290443728654,0.5577650263108775,0.22337341926760734,0.8479500457815905,0.7014503707288571,0.8781556280162401,1
0.07592058650167757,1.0148117712173639,0.7555143812982794,0.7527401587095499,0.8260396743729705,0.8360588881494496,0.8909832147133037,0.4907925746849653,0.7230465714544607,1.1291185518117204,2
0.8578394242075508,0.3624434552895643,0.783903798929094,0.5574056478700002,0.741335989457685,0.28702570107492,0.755351103383967,1.0029294483976607,0.9760731079583785,0.5048689997085188,0
0.41191020143887747,0.20005461849239514,0.3000160353152262,0.7359966264197242,0.25707801061548813,0.30743417851579036,0.9690910291736508,0.035959944530661626,0.8056580796509369,0.2016759142039175,3
0.06841500206465322,0.8720341667500873,0.7914174376961002,0.572148988472787,0.4212679590034768,0.9479531394092001,0.2590127674258227,0.9587423165338309,0.06512633096683738,0.20844116443036562,3
0.37342384984838906,0.5775787301951655,0.756627581919152,0.8649647548383813,0.6187936385905913,0.34542225418059913,0.5656921720835982,0.5480299947790885,0.056651537586206946,0.24168761662562976,1
0.21649767631329517,0.9218534919002853,0.3019478780475421,0.8750112476503711,0.660764712447734,0.2727149042942563,0.99898030905128,0.014241076200319301,0.43611654050364856,0.9533751999389252,0
0.801929346277371,0.5198340932744359,1.1497265919091708,0.5391694119708497,0.8230106850558273,0.9504450658890538,0.027182879405911575,0.8472683511306441,0.9541089583066535,0.7941979798857697,0
0.8434082916256794,0.4716192825342835,0.46534633917050244,0.15031381407573258,0.37497256035592474,-0.07625625165934215,0.6150615324714923,0.7953751786639423,0.8278969024126962,0.675417412843148,1
1.185936176238521,0.39024770924336494,0.6118439945654984,0.08423425468183715,1.1133881847400873,0.44811604953942336,0.8565642230610381,1.0022612965872224,0.4478748179884229,0.3992419857896117,0
0.8459361172416695,0.15821645868766473,0.6220767193998088,0.1071717613271368,0.5428460693119207,0.38572504231537963,0.2285914533228603,0.922494121479037,0.9346664641584496,0.7992555228487422,2
0.6402451082777318,0.8650051703010876,0.310184469816867,0.5771199323660897,0.6259917114596314,0.44627353672975256,0.3873786715806499,0.343683129965818,0.7651768571057658,-0.010429872033445017,0
0.5581304939844879,0.6862796461928102,0.2575722136075335,-0.341056912011432,0.3929079969153251,-0.06420108688989594,1.2913826366561443,0.7008152690936391,0.88643856827308,1.1143102677366221,1
0.06415947578566247,0.4678546943329054,0.03188495927928503,0.5897296809985688,0.7634622515619655,0.7901731725304642,0.49311506455378745,0.7242133501832626,1.1526939420487856,0.4821767447950243,2
0.21343995058714982,0.14640839065178513,0.6674105789751905,0.795299179380337,0.13792653296068808,0.6954817197993924,0.23454771243340883,0.34004431619183095,0.3040893556118773,0.6077230012041706,3
1.002183822789794,0.8536440718598863,1.0648553680462856,0.3114851503186532,1.3813378533530831,0.1636600598276102,0.8614035639088581,0.6873457847273937,0.9069608076927003,1.0528871982740984,0
0.4817061311283387,0.04448036548983506,0.9796963335764926,0.8577346143623452,0.46749053489535375,0.782072051720847,0.2339276424161286,0.07560383395986578,0.6020429527127436,0.6410304764198902,0
0.44319307209330794,0.4930536325908391,0.1445294690500769,0.8760705336176566,0.9473078641040906,0.9949635238596068,0.2955091488758964,-0.2977349736215982,0.22610709208265026,-0.5623738393049247,1
0.7906924785907113,0.6085733768791204,0.540353740093529,0.07746374545764792,0.5290618702364972,0.035455034240340404,0.7826435731358441,0.9659273825112871,0.7670252368898602,0.7980074516936897,1
0.4984475405714719,0.034393975210215255,0.9451181465069091,0.8763846812822795,0.45787889463801357,0.7851773663138775,0.2465628272624733,0.09943056593370062,0.6285680744010396,0.6155188090257557,0
0.0901346026916873,0.8424188033426245,0.47559535847823614,0.6376706604028202,0.12194982274456234,0.7888658360923904,0.47282077185031685,0.7638764061706945,0.08611953490267853,0.6720279722888487,1
0.9593071892576711,0.43250745350907516,0.7446435167333071,0.5871326973176425,1.0880911481814046,0.14696488667647822,0.979782959465739,0.47548021211804087,0.3621700765714931,0.39753552602860054,0
0.31206244203071426,0.27754225823665635,0.30928145374432436,0.2637767268366188,0.34777303407262405,0.7434931894074149,0.3070127512665041,-0.020602666058246358,0.8432569388821163,0.7938592189522276,2
0.9043419835697851,0.33150107558550995,0.8181892965885773,0.22698870502401358,0.9580928204455286,0.3545993892920245,0.7064104911253098,0.8231694033743334,0.6889743706645971,0.5173984441510012,0
0.5408439622364105,0.6722927610416718,0.7226962218922677,1.057622682044285,0.32909019741986334,0.29505574539066404,0.37582582027208206,0.5004245483985563,-0.11930860517496591,0.013524654986473678,3
0.34361409917217833,0.24603329476405716,0.2729873941582873,0.7901878660292816,0.21151399673134577,0.26583385066502285,0.9453935088814863,0.03899292044675461,0.7342338618343931,0.15263591415733122,3
0.9376063905815879,0.8456641117987171,0.38584306826270837,-0.1316876175156653,0.4153218299426171,0.10524098077853852,0.5184037826157792,1.1024006466922824,1.0285487416829686,0.5285043885772963,1
0.7197965799234841,1.0768278190812959,1.150143783839533,0.36505307860902614,0.42180872584736007,0.8221803911571194,0.42290512514103923,0.6208649549231953,0.5490429743509163,0.2553432251529908,0
0.11110610589215045,0.8543811766234986,0.8219681522756009,0.8104950446238631,0.5338527399850623,0.7774942657026357,0.15284730393341878,0.8334184066015803,0.5785660836676123,0.6042678055000458,3
0.5783743141548057,0.8264796994359072,1.070929690914855,0.9234676897613675,0.44921322544953324,0.2714145739159228,0.4166989648528219,0.6194439824614401,-0.09794791321983518,0.24779258997047302,3
0.3762272725396783,0.011688710495497273,0.6882105086215393,0.23765992479829545,0.9265245618747626,-0.008173627628263454,0.5966250971681238,0.8716467087406845,0.8402200729172155,0.10025847692332468,0
0.05404733139155961,0.20105412191774033,0.29511983651139845,0.6073268950652978,0.7979564054343683,0.3808182624036893,0.5558925374562907,0.7713034109699494,0.6472795431330864,0.2721146644324394,3
0.8607628086214986,0.3919381960955524,0.8073539419003685,0.5716228985947748,0.7109736695746602,0.27466997586737624,0.7326923189143484,0.9853878599478875,0.9857992662228467,0.5221245196987985,0
0.6429909245345816,0.457896843139354,0.5323144513650738,0.7222328728194563,0.3249896717288069,0.21635703241327306,0.16575289670005755,0.8929665989105254,0.5999402274057798,0.3525419917801765,2
0.04081654436419049,0.08563795148404293,0.6661105228153181,0.2685188361262908,0.0899201921020037,0.23723877839003574,0.5189208544716161,0.23101475514110267,0.6576357252405554,0.7503175414171902,0
1.122762334845916,0.8192076408244612,0.6818036732278789,-0.03262942970561811,0.2894904270202749,0.9398180296325106,0.8985581683008055,0.7296795808857139,0.4272475303125114,0.15808458336980163,1
0.41292745396140357,0.15894852188416903,0.7198992607135761,0.7976390264588168,0.8357176573500058,0.784419102600632,0.6483441253607117,0.3154923888889524,0.42958550297441167,0.8101954205307542,3
0.17673615774559148,0.5508100034251615,0.19665671037543533,-0.1910305024086988,0.8810005974998636,0.7616964088965504,0.09286977277431416,0.05052755370346183,0.5694320234150896,0.5737224471930602,2
0.4635525015951913,0.5399395355676933,0.23584108992057748,0.6514985361838577,0.78468134138993,0.9248201293191705,0.027982090585767273,0.6524165982677823,0.9777248013237634,0.1735930575528038,0
0.9272721571423508,0.5254481638138935,0.9768659649390105,0.3011874951635449,0.006590820172215017,0.5225065892238901,0.900220536145059,0.584786990179554,0.170013571607455,0.23755266502202182,0
0.19903491575899196,0.9439663641689773,0.5132271844003591,0.8786439500782824,0.533156867816069,0.12463937786008303,0.8561058964701058,0.0557138026320205,0.46189180706640315,0.8582015225252306,0
0.13110893722369965,0.8434051989138676,0.8195669656640078,0.7975792558308525,0.5192306650025978,0.7574911217845806,0.16948571619907815,0.8467151904535188,0.5818518417782521,0.6168315862787189,3
-0.10725652684430359,0.37291441452774976,0.3548056048472787,0.05774715505401132,0.8771370084286174,0.3769925918545671,0.04618628276597306,0.7745695249294198,0.873477458547959,0.5678119796735049,2
0.7341759177165655,0.5077057750961317,0.8982793822686448,0.4916286923256163,0.06353932258368887,0.27229460882194284,0.7201552879731434,0.6027568953076412,0.2706601990395895,0.2343359447214367,0
0.8930103959183235,0.37598541299775184,0.7981850869053728,0.6121492639007421,0.7078299330011828,0.2498630768457321,0.6755025489602974,0.9550718257475662,1.0353608453021603,0.4945681038495562,0
0.5356639370775444,1.003120540390877,1.206076379830209,0.9411470474316873,-0.29265143889111317,0.40150294318839264,0.7029718026966973,0.7578156947167788,0.5894137866662759,-0.042677363820945835,3
0.6031205521232187,0.5952664507179954,0.4779775079450279,0.05456651053092637,0.2462090757537737,-0.06723079122858416,0.8968843760067736,1.0012374935477337,0.8897002051822938,1.0292276533502764,1
0.5393647287320539,0.2127385978510485,0.046266979682818406,0.9742126968293193,0.46141303298467257,0.7699490107045326,0.9721305870358705,0.7304135195609721,0.5446243932981689,-0.03279402304297453,1
0.477482032243182,0.11919074939191936,0.7488623852579434,0.32393817692367366,0.5030147723726992,0.13066385237684833,0.012656609412786013,1.409751006395374,0.7022942403893915,0.4639107310300349,2
0.9635573237755861,0.7280362655647732,0.711334322841964,0.2001116219699928,0.5622133911431482,0.4719870868467536,0.5195981469817387,0.585696297503946,0.33669189185442483,0.6513285441846146,2
0.7748154705051397,0.1132788216151612,0.9608463036523239,0.23310476634759236,0.8314938782570155,0.7646503038362128,-0.10698838817604994,0.4001607733225297,1.0915061685850893,0.6326251873142557,1
0.11486500524272933,0.18301168355180586,0.27028935140532845,0.7408621851984866,0.8799251705857757,0.25908450721579085,0.4440024191467546,0.8272186052098454,0.6485695439695351,0.29970271775589324,3
0.14096964232007175,0.32796633131420955,0.406163136659603,0.3371243097043674,1.0765358326767256,0.5335073671077591,0.24457095202080043,0.9585381504606583,0.8570310915093212,0.6750907336210418,2
0.9100826720538782,0.43743657590697776,0.8206989284012816,0.15019705820247253,0.9613149170012683,0.36898304916476166,0.8084018848599567,0.8341748044817724,0.7563331080397794,0.5313886715376438,0
-0.053318836910926426,0.8177628012086018,0.3933544581477262,-0.11756476100385696,0.4429913494112664,0.602255375526983,0.293851643113436,0.662017181669041,0.7760916405691287,0.5810222045155419,1
0.8402328391595896,0.1292541006943866,0.6425086501127671,0.06874615536739644,0.5403820227706357,0.36890448459193254,0.22775792993024124,0.9259004443451762,0.9432586877867326,0.8290418908204096,2
0.42433103319481735,0.6475562392171712,0.8924721287761398,0.9635828888448528,0.19292869628821602,0.18540973364773697,0.2707844874592611,0.6742082076067907,0.17923345040886368,0.16621983667610196,3
0.13021518842420407,0.1867150928935411,0.30735117196518297,0.7363475430562332,0.8927389453162249,0.24603516637637557,0.45337800222241564,0.8236601293683429,0.6273510047311837,0.29310884098016154,3
0.7283428504083299,0.37444353866311025,0.3270702805459702,0.7879490806820164,0.3460616992677963,0.5339649543347476,1.2447223052410004,0.5776666360452828,1.2229541473823815,0.4235211067600803,0
0.12490999501967637,0.2822908230649072,1.2804373157070583,0.7443174816570168,0.6387241327369096,1.1112046878979003,-0.03987693851912488,1.21509174527922,0.9764537799754748,0.9583699291212135,0
0.9254319527784614,0.7725053915397795,0.47453665171178344,-0.06236739814924268,0.7062891586351874,-0.09323462391001942,0.9271250483525179,1.353644201438152,0.9439854496668796,1.1553740512093897,1
1.5414504689002855,0.9617763385084503,0.5586643709309365,0.4295653369859462,0.8410644986038875,0.7550947226198148,1.037390242843706,0.29353921421080004,-0.0818742879164816,-0.0732727920062502,1
-0.08565342975065787,0.9194653891755316,0.07120561808336788,0.2249113687885728,-0.09404350304083467,0.2068001497950387,0.33969596072194513,0.4766983938301141,1.3399742757988158,-0.2141826109514704,1
0.9386106786855886,0.38489374523543546,0.8428226705972702,0.1699538409097368,0.9831184612744123,0.39374046496581605,0.7436366715616958,0.8955868770049794,0.7114318366904502,0.6013985970386786,0
0.5737638166729457,0.5751580403784101,0.9007915671131,0.5373403021626549,0.5074274706927303,0.6451863510757339,0.569399651584928,0.5578937991327226,0.19464914230126007,0.43579714577150513,3
0.05354461498295967,0.684351392593832,1.1908902041073566,0.5312094419308407,0.35567233163474615,0.1357080646374569,0.9455956712500084,1.247487990871817,1.0505441423618782,-0.0634526942257472,3
0.9065502301859105,0.3927420224814095,0.8101003201802286,0.6104715748846798,0.6817040178075906,0.28304006396244674,0.7608813126384614,0.9741404622329698,0.9866389475996407,0.4937919578659188,0
0.431151474633384,0.044116003664670826,0.7394102017258197,0.15969435303768093,1.030336286927961,0.08570084531068509,0.6055990880095224,0.736338689292346,0.7573830543371375,0.17091898738722044,0
-0.009142965680352208,0.8444853424362241,0.8805727258142682,0.2796167785594609,0.016050743680045845,0.2693793938902972,0.7698139803920803,0.9704496432372722,0.7045899688657447,0.22287760795280237,3
0.044978986257318096,0.0894455027505138,0.1368786406935084,0.2684544207216174,0.9148786137151268,0.5344177532344024,0.12321047603171952,1.0329629970848684,0.840628434937118,0.5608718738955042,2
0.12673286228169714,0.7289629998249348,0.3150288873839241,0.4728677912653449,0.5117337836803549,0.8740699329188177,0.5382096290905122,0.06890666724454873,1.021236960518946,0.18169568510050724,0
0.8949049400635773,0.6824624203613013,0.4814054013496429,0.11195944192174287,0.3852146000473957,0.8279246881057919,0.711957462495327,0.5823594618908975,0.2347818440454871,0.08024900347588154,1
0.32296668383942106,0.8875342826116344,0.510899132337918,0.5651621398264155,0.36136300763822904,0.9394546107249779,0.4964015546798878,0.858807639607548,-0.04015278542759115,0.28977705452270297,3
0.9541060342100915,0.3979546312307203,0.5947750902547968,0.5072788832907531,0.41266334171974184,0.8991889291038319,0.7960039347288861,1.1022502663905667,1.2105161210254765,0.4699532620702712,0
0.6819318593178434,0.7853840182586885,0.09601981294784528,0.7143290428787857,0.5250784834490069,0.3959833585003557,0.5277368379301077,0.07361673171925516,0.4780419921418467,-0.01821674646582971,0
0.1993655204327323,1.0205972121162206,0.4096838078471621,0.9473295439327576,0.5871639613051729,0.3598161660672558,0.7851621805149395,-0.07194762630275042,0.4833246083449835,0.8018384252749853,0
0.10554882300430404,0.13943614459181128,0.3206077331459107,0.734956451094092,0.8902510834865215,0.2720755027282732,0.5132360601295307,0.7690858843663543,0.6322855100646552,0.3162355022484952,3
0.8240959472769341,0.20381829718995986,0.6032983384543282,0.10570924619070445,0.4963518120176579,0.38339925775376466,0.24792152490790417,0.9568948284187957,0.9282796355818421,0.8508827694335078,2
0.8406032975558723,0.14789459475125274,0.6793418444717655,0.10257795236071005,0.5167276845785768,0.34799127012988834,0.18957930013066018,0.9709141566982785,0.9119906825286865,0.8540409566259608,2
0.3926158882101497,0.8876534325983008,0.3586735922911913,0.8212387558086938,0.9299845226273162,0.20589160420291877,0.803452757227157,0.8877175850143928,0.30806521922779373,0.37474491994792863,2
0.2592222916789687,0.08962421201460277,0.8670159470682982,-0.10456756203174411,0.8931844221828764,0.015099374591053625,0.49805410238866377,0.8723270684985228,0.5658401090032383,0.3873186366142903,0
0.14293480003464687,0.1436931111021525,0.22460693097990614,0.652113643266445,0.7979894988602788,0.17418003446103092,0.4486672467884127,0.8494297765727524,0.5575371576244325,0.2649722655905057,3
-0.0030448596554670526,0.9824654677456577,0.7757686245826569,0.47209174399146203,0.4640829731188732,0.8862606177836146,0.22336197698113977,1.0103177356802198,-0.03998506462438,0.13800715416954243,3
0.0857135059554455,0.5877407278118003,0.7829913676300055,0.9178317898685989,0.3694209294261447,0.22017227493058014,1.140794013795486,-0.07099132096345495,0.4214107202343899,0.5432281391003261,0
0.5480753649299118,0.28305898300815846,0.09688727805107564,0.9995161895226383,0.4114044992598154,0.7671254758291767,0.9820526396582621,0.65052913446926,0.5271423786186071,-0.0004895205493366216,1
0.5602936610483404,0.707829794648067,0.08091109965512597,1.5349671876099964,0.5268944960434258,1.3524838823570682,1.5539121618709077,-0.059799017150333644,1.033406450908597,-0.001898897708983216,1
0.8005150281443405,0.43290495591878236,0.8807245555951934,0.3949314794143404,0.07470740013285739,0.36512064510878584,0.7793137513405306,0.6700398548554725,0.2626724272927478,0.180130868224428,0
0.5866827988992147,0.6208081812335428,1.0358225094731517,0.6036081033578591,0.5671909586103658,0.68155515312981,0.6024876880156946,0.4925156992337619,0.23203925782992035,0.45897728838794244,3
0.48365102903996104,0.5204687182429281,0.8777979937628743,0.38952716581357594,0.46301904593650434,0.715278515614739,0.684189212408585,0.4658835547568878,0.09493775272364532,0.4019033995672596,3
0.5429364911993232,0.27879681678506985,0.07008926692696364,0.9932930160511594,0.44361746005868674,0.7895771287808525,0.9829548697381119,0.6813348924588105,0.5309086315704543,0.013243366992181343,1
0.9814831359912036,0.4564346915863599,0.9858856977152605,0.7871739800885162,0.012152448827187773,0.34243197555388294,0.9365480280564811,0.25118806649327474,0.36921425565231103,-0.24129721152188371,0
-0.12050771537762303,0.5026042238334818,0.7658043826822392,0.1308641882571436,0.28598559176081395,0.2849184240845428,0.5356748013940972,0.8545606435240419,0.8685713354256619,0.07293324388232023,3
0.09685690666965648,0.2797383788179406,0.42278941384963176,0.17688003567946084,0.42917298934880566,0.8342692556057301,0.18245937820228303,-0.0386428743662305,0.6678685503248855,0.7275390050777779,2
0.9070876337591702,0.5638312488907602,0.6471297378069909,0.26292277094407246,0.5081441237408967,0.9200551509162417,0.4390588239185456,0.9555552969138579,0.22756798238830883,0.09748951040887414,1
0.14185015982831825,0.5875472315769996,0.37551384205125915,0.5199016365295657,0.41505667515119665,0.9074775265909919,0.4919362416548561,0.09833519750790999,0.8777450916738565,0.08519909297326796,0
0.9137625367163398,0.6313489603967058,0.46227366775206474,0.07914559972842206,0.12160605424238263,0.4577311266403977,1.0227757572830798,0.2582053418812166,0.7882163391614113,1.0379987803064017,2
0.26899866891220325,0.5412305443963091,0.16823103735713638,0.1877629842934168,0.039583232900730084,0.46586608984442285,0.6988103361396952,0.001666173872471921,1.1506148197813517,-0.005404055167941901,1
1.2585151041958214,0.7327689660850115,0.5826411477201346,0.07257717101186281,0.38096148061173113,0.5197316356716006,0.2710090117091425,0.8285914000108873,0.027743419691776433,-0.0865203762493838,1
0.8116112829331652,0.40861577211050104,0.10747528064471218,0.5855325186753285,0.8377332984013501,0.8650963307218101,-0.10005041832343953,0.7596171833314175,0.44602207252794973,0.71108796058728,0
0.2926056229727182,0.15091382632779166,0.6474821541224209,0.8850585139827806,0.7880345365413706,0.8518511042857083,0.5446663097204901,0.23880082348357146,0.54348797395236,0.7386433467118,3
0.18670716627525502,0.20347033616678736,0.8268630614039381,0.18869495549111467,0.7480549918555827,0.07024523892443771,0.7795041594068409,0.07067367668614577,0.2663474139799946,0.7777048678913802,0
0.8439071171939915,0.1491559185348753,0.6430925260289326,0.08817232403660025,0.52987169524064,0.3888039690400474,0.207618268096127,0.9321015035186544,0.9327520773037534,0.8199593791493645,2
0.4418049499647342,0.6073826550314012,0.9226691878038427,0.4563534053765257,0.38888362496467493,0.5348613354169635,0.6793760117368868,0.4648527784759589,0.2512546212763433,0.31101466791476984,3
0.7254595296093234,0.8743891184097436,1.2646073908833029,0.4470078939760529,0.719806998590758,0.5494438470541425,0.6037828465267805,0.6053086331484623,0.3676585699751228,0.7639656416747874,3
0.842503491460283,0.35100360537066283,0.7697887353999289,0.6034925381258847,0.725824948853156,0.27481271162771315,0.7682043312766623,0.956402158051169,0.962900620650181,0.5263162480290278,0
0.04855196236321325,0.3437294438783135,0.31616797479542247,0.3383912501412454,0.9647907017097089,0.48623809186479067,0.18573545586536871,0.9631188564148511,0.920027102504769,0.5349863196638242,2
0.8215756611221755,0.43102954519552916,0.8244903312902689,0.562521170642324,0.7611978622656921,0.2810522468876622,0.6721491074583251,1.0066067453417988,0.92931742414371,0.5752262360844168,0
0.3839600768420617,0.030410010629689066,0.9232266061820067,0.7613840897640618,0.3971306810281738,0.8040890262565479,0.3448805838800053,0.06294611996950689,0.7340365594700855,0.7380546942335174,0
1.2723576017061777,-0.34415791181283983,0.7040047618119468,0.6588703089752055,0.8198181119297484,1.0039980382176892,0.9123107701107921,1.4603969676669637,1.1486428892865788,0.40360850530445896,0
0.5418745920038728,0.7992783597636566,0.5275211755503169,0.34906138647811513,0.42844786618646546,0.7927001129797022,0.16538791527103888,0.8102252308169805,0.3518235151120292,0.40033023725494793,2
0.10628689000833685,0.8434274187828933,0.8180864021621576,0.8064935090307712,0.5434138228874422,0.7832938418322668,0.1511532483063071,0.849799860109461,0.584784234583015,0.5915297103388915,3
0.40692028873249353,0.11400420198298945,0.6782051665965118,0.7157278867973401,0.21083897473022278,0.4390305282065038,0.4374572742389413,0.5285248427931383,0.18609404280314967,0.8134380750820258,3
0.737430663207542,0.44235451862661573,0.6289492424628953,0.25861850107589573,0.14917624853401465,0.5372809516392589,0.9486565451860233,0.411692862749908,0.7555739805761064,0.8981059683876271,2
-0.17893883233788158,0.21997853322376376,0.42907099394616904,0.7797484919493871,-0.4922331511828797,0.48848110416764123,0.7238005553967448,0.4096099224143987,0.07907069686821305,1.1074837035361138,1
0.8666476890134788,0.3873910834366439,0.8056342826607185,0.5670351284718774,0.7169067800294852,0.27497849641754146,0.7304673309993304,0.9774735284868457,0.9923396272386849,0.5199172729477308,0
1.4009539844091112,1.0526932159843252,0.09440117762568301,0.656603183792125,-0.19422993495304935,1.140229099230405,0.9182195026205247,0.8164917783849261,0.9915982348941562,0.7170844591933606,2
-0.0900660667713451,1.315829809940745,0.7114285835310772,0.23291701649474014,0.35209406224438455,0.6774926808165326,0.8062263418271371,0.18386144055901146,0.5791758661099944,0.5012492372902828,1
0.5340328867127403,0.8081938026107689,0.5351948824682338,0.35760103886639416,0.4344658871666432,0.7919484525863784,0.16585086378115507,0.8113336900726392,0.3523287331497191,0.39232326706764914,2
-0.44301926023255395,1.2671171574751767,0.5977961897337574,-0.014452601285303207,1.219284071303721,-0.016888761312581047,0.22240309234686595,0.956288328361785,0.8987880088237218,-0.051233062521994555,2
0.5164257828472403,0.4196574188978948,0.24454900917092381,0.008491698656714508,0.2123010759296296,0.6815425930046499,0.40434254847337514,0.5879719144618457,1.309602162870012,0.7989270286680019,2
0.8459781650111776,0.14840224458269052,0.6415462087226949,0.0887240314783629,0.528714633598237,0.3872074325311948,0.20680364652033412,0.9318085997825527,0.9347682838331618,0.8205684335558083,2
0.8988758497796983,0.30050166148671853,0.4161108968741582,0.9551346585977691,0.665241507991372,0.5063167540165626,0.9921304280515382,0.6949072199907684,0.8410590673892309,0.4059821529378522,0
0.8532246359312479,0.8217065786538313,0.8663265841190168,0.6418321135946166,0.6086467454214523,0.8117719131850082,0.11108940723506017,0.7497549781329705,0.6746317910220015,0.5010628230839844,0
0.10130250510617984,0.7131719644189333,0.786542108865632,0.2452433239846033,0.02768750569659887,0.4294094034760369,0.8067264099039273,0.7576351538289363,0.9407894809704085,0.16753695814331,3
0.5582420675314239,0.28021286758333974,0.0765243062597518,0.9863969467545788,0.4227777021561545,0.7871719513690113,0.9997478225921633,0.6677042425526295,0.519102516415077,0.02375003740951961,1
-0.12636060486765577,-0.058558757751342616,0.9123131039931186,0.5175767833943183,0.49759269057261096,0.5434743983964525,0.6348299794169019,0.19080660032670715,-0.06906576780351087,-0.4261863025347644,0
0.07110356048866652,0.45451316559186117,0.13509143449457478,0.2744540952904042,0.017116090649854115,0.574450737358613,0.6716594504870461,0.1970769644240577,1.012856323452566,0.03775774181669055,1
0.5932277330809439,0.623018069834273,0.6703950538250365,0.6678285358512956,0.8366645168159557,0.9219300190171128,-0.15241687474473742,0.953977327121766,0.7924283765120677,1.1436840452630483,1
0.8485649338644801,0.18446026664093954,0.46145808914690334,0.5959031602815641,0.10082065074540242,0.15128659700339184,0.2392545180369963,0.9646406831549914,0.5475884952817605,0.678152898920644,2
0.8532799547350968,0.2107782717107245,0.6206245721900103,0.08149880352370581,0.4977500974760567,0.367215156235342,0.14420477231399903,0.9030258793488396,0.9378357539611322,0.754982213805409,2
1.1488250105679403,1.2436829246328747,1.0211530510076856,0.13540529735910012,0.302515447866204,0.7032619810145914,0.8980329398710271,-0.5050788084780268,0.9374955219175811,1.0873843283386377,1
-0.4621512286672411,0.7656960232175871,0.17283549311246926,0.06033000870644145,-0.10106762284261014,1.047413174952704,0.5479100106843016,0.8741164903597107,0.5790292929444087,0.22784188425151594,3
0.004324950791600721,0.18078809172666918,0.6142059017600611,0.273524725176489,0.010103737986204252,0.17432636498545984,0.5274460429212793,0.15713885920317064,0.7460413556786448,0.7263045599571993,0
0.025631808294192177,0.9487960711527768,0.6525578783442262,0.17912538992293586,-0.5332213739410568,0.6649953797746725,0.9081659969193259,-0.2707883318067955,1.05804428660581,0.4341596149946312,1
0.3027929160123335,0.8432838775640491,0.37835892778077534,0.7773779320305758,0.8467957253694592,0.23887098906142368,0.8505622942231491,0.9464584776650403,0.2389461265154021,0.4020711808085186,2
1.0517159794355346,-0.260864698216927,0.8738911355638668,0.23931569497955052,0.18436652318556362,0.6741636347350166,0.44026063552671013,0.9664331846241465,0.022972853623484613,0.7684174751095779,0
0.3184759003146872,0.4557707587081967,0.3764819084228662,0.6153375920517168,0.8872125437952375,1.0614665036006297,-0.07720005777374574,0.7774000528252877,0.8817452703010625,0.31206962530581805,0
0.11773297853486989,0.8495938727120398,0.8112727972734883,0.8174789994650359,0.5257715533915678,0.7824436718699883,0.1547982448837381,0.8399915525042165,0.5824045417109026,0.606755702072608,3
-0.09763565553080927,1.2733569787826426,0.8990686869186326,-0.11034452815620935,0.39683180419240127,0.5335124733577584,0.8695168271494645,0.19788698556988496,0.7482544824796864,0.4654895182043419,1
0.45794767840787554,0.2322638516214422,0.3443543172365303,0.6946567313844985,0.252332438023064,0.31425975118971616,0.9668467386752058,0.005656237786195114,0.8028772186775045,0.22966767471285082,3
0.864718274324874,0.33558531118620016,0.18712871810950746,0.5787343145347824,0.45000829174087725,1.1450827922452045,0.875558643886689,0.5724876824763052,0.3928837594208197,0.6102311864991697,1
0.3448124504704201,0.8760037649621647,0.667183998998406,0.8269821697234667,0.5045555426599049,0.4966415245434835,0.4898504918642714,0.35870300978049413,0.23906666206854166,0.15893614381593194,1
0.5193980451273504,0.2507504403949474,0.09181354712167848,1.0020498243758011,0.4086006774856995,0.7939779837976748,1.0126128357590711,0.6888161888200576,0.48664454099284093,0.024347546401578848,1
0.04456312374098051,0.5452127581608098,0.3045905703867516,0.14282482183975795,0.9357365130651519,0.47537538582283034,0.9972784545995621,0.3467074097139387,0.27569177869569106,0.6585226128516565,2
0.8941669839501964,0.16591103182707334,-0.06476287193940389,0.04426247434653303,0.9240038789005836,1.372597731325715,0.7023116073391467,0.4373644017117264,0.6885464795146925,0.5668299089009832,1
0.17234335586704183,0.20539073712861305,0.8250162136737913,0.18990818158602954,0.7642659639902911,0.08161727041637484,0.776156701631522,0.08100849965006389,0.28081162090120854,0.7675780300912833,0
0.39392573542403875,0.28645304201890376,0.6296832255118984,0.8713431311197789,0.6903850844168199,0.9663003252514218,0.6949510376371812,0.2591857671589154,0.4181440307177719,0.6864668516500299,3
0.27002701943581037,0.9315743224686855,0.4957215778394277,0.8402596695331194,0.5961341075999624,0.1661041076192116,0.7664972935388101,0.12939955228194322,0.45342586421169845,0.9143299541056326,0
0.3683274007302784,0.047845792983609484,0.6719925801410023,0.2130099497854508,0.9897165947764881,0.02749421343350096,0.6121934773686127,0.8753529431589075,0.8126284482296005,0.17183105949216348,0
-0.05223232024721214,1.254161477759495,0.04861982289404798,0.8532564653519994,0.7720953046077776,0.0274594371205501,0.9744784265884329,1.5679706971148142,-0.446917331141089,0.8317760647137998,0
0.9350160284954753,0.3927027965358651,0.685554095359212,0.3336748984423417,0.8222326907711414,0.5366913225513086,0.887414095771559,1.0990308800305715,0.8384013167970339,0.6103105317898165,0
0.32195634424139485,0.3511028427004384,0.3498108678180156,0.2249409317313813,0.5674315907523844,0.8086903698570607,0.3130238285327706,0.13147987773121383,0.7856454753556319,0.6692815224788554,2
0.32021387663461237,0.19262614058280902,0.736666678269631,0.824245702819856,0.8383508857043348,0.8489409056249104,0.6066072671774593,0.14524846202443487,0.5548711700940719,0.6942083609703503,3
0.03242551465259251,0.9022727567927168,0.908809828125494,0.3364107031309203,0.07982932074282585,0.34779530680554405,0.8004676411333871,0.9744672151754759,0.7390574077315588,0.1390353412555473,3
0.014834051023418449,0.14634385531361832,1.335985711762315,0.9078613091439935,0.6162159654524211,0.3535398870556373,-0.1367365281694668,0.9420356755346103,0.5274036979401306,-0.06201819248048235,3
0.7799665732510548,0.6241229021344543,0.5091236338506235,0.05074676261044155,0.53556469904615,0.015599329431782822,0.8143521577097177,0.9924375256939233,0.7901121784735023,0.7925563681512086,1
0.0354379579071738,0.28999556202100324,0.43121059965712877,1.2112096017075782,1.0942026980087547,0.9720758136274741,0.18852263859252966,0.32920155108870885,0.42241601174115856,0.5590324353722824,3
0.11241495613173279,0.19699633155445348,0.29111669449055644,0.7252510243299201,0.8895569337549547,0.24549461038457832,0.42033841207015116,0.8424581482456829,0.6237228368856461,0.30174627735631904,3
0.30055148303457774,0.13565930433721127,0.6500415782641572,0.872600142893069,0.7726624136588668,0.8508548705470051,0.5376377742124152,0.21151476449977924,0.5274742188311793,0.7373749986444853,3
0.7574379482598881,0.7088686437728877,0.7661815404898332,0.587161986634575,0.5451665242915037,0.8024437705604225,0.18376269614675558,0.8839769702801664,0.5377776761695123,0.6784509184655542,0
0.4314291705826696,0.22294786340010542,0.27359823516981796,0.7277905096511502,0.2535695871382755,0.2996588560575075,0.9537288404458273,0.03151800774383515,0.7918474779386856,0.17470651674522497,3
0.8560720861916946,0.5674768931779289,0.6977591847540544,0.22147227726698354,0.6054283386396423,0.8825060659519971,0.517650463543534,0.9709703076045978,0.23686323126614292,0.18067915278131216,1
0.4910462124133386,0.2476848667222227,0.029558205646404385,0.9775916474239884,0.46133679381091364,0.7181973571689559,0.9718340629873612,0.6321097918681192,0.4795582361372881,0.06433822518184965,1
0.29887641023135936,0.9163655645716058,0.4666360492605189,0.47255414994726724,0.08360103866750102,0.9058829623719314,0.4224950257184883,0.6277662785706334,0.03483335652250183,0.8111237330610429,1
0.4832605596202536,0.04769607548555685,0.946330196259409,0.8722405569336581,0.4487097677659345,0.7644191779183226,0.24486957925560388,0.10051991145606914,0.6150578065453689,0.6228573829802899,0
0.9932925374950196,0.3018763060159624,0.4589006471341318,1.0137500954661542,0.6856842830963461,0.588532794019861,0.9637927728519335,0.5793605492840141,0.8631913512419602,0.3751826703793891,0
0.9205252121262049,0.7438404005398915,0.8529816383419968,0.6599621715634523,0.6930909035877353,0.7913180578782688,0.019921157598302056,0.8638414466074348,0.5706864197995143,0.580607270400566,0
0.4311158228691307,0.7035691073236965,0.08742259780444639,-0.08852807139692681,0.4505766286855588,1.1600555678361197,0.651495650106648,0.44760018977706384,1.0105081818435546,0.8215812262855023,1
0.11041114365164739,0.8559753417283985,0.820147404177643,0.8102884220387195,0.532370651241531,0.7792295307084106,0.1551924242921639,0.8354148055925052,0.5785721516105315,0.6066493592109855,3
0.7844251359154412,0.5091118637229559,0.8711728603157814,0.22470555160994474,0.5396281860333954,0.7837159007711405,0.23087431868567748,0.771218574456922,1.0426608392886807,0.8487420714307641,1
0.5280290228274163,0.7826477148260587,0.6665378371205648,0.40017962047181677,0.2846787593769371,0.5306123394419748,0.7827489140252776,0.07228454110396315,0.5168198074718742,1.1854246679208191,2
1.119658277316126,0.4559912014143999,1.150704552685248,0.3481735219646824,0.8516660210616915,0.6491223860968977,0.31046908751004343,0.707887263309814,0.6232040484122591,0.9684956148425529,1
1.113418655321217,0.2018768966284161,0.7638797373700601,0.0688705256709548,1.1834047106443828,0.5013007174611906,0.8244997255335252,0.7734264311274763,0.5560488148338248,0.5644170101534738,0
0.8573702160400273,0.39631865612983797,0.7912000767747478,0.559357522400561,0.7019530684401178,0.30015797724390236,0.716993649963672,0.9617311875716592,0.9677008019100707,0.5195219937538779,0
0.0020981341171759336,0.1032530965306255,0.6265855967291466,0.26351749845066064,0.034051555784264644,0.21954495768661014,0.5787084270658016,0.2313913486312259,0.6820941071906454,0.7732617226693977,0
0.8029483289402896,0.7518219611303587,0.3220038332644007,0.10116516770334522,0.655680938383886,-0.10830166252347698,0.8194874758529161,0.8868289342706,0.9518414580853354,0.6335383582765097,1
0.5385421329672146,0.797983602525586,0.5435243695269938,0.3511216487317852,0.4493260636028384,0.8012743538429413,0.1569657867510985,0.8241548097533121,0.33965396539322207,0.3834449395551383,2
0.4638568205552314,0.0016418438413525263,0.7253704674297929,0.26558308238702644,1.1028224121522407,-0.02736088678205115,0.8280132714597794,0.8161249557401667,0.8095601495399056,0.3763359807058187,0
0.833222005251036,0.15941372399695455,0.6316447270366735,0.09325835473152205,0.5498443675647176,0.377061440693448,0.21847342831214578,0.9427700381984656,0.9311432789596197,0.79968835913937,2
0.4938469771218024,0.014398391151731776,0.9952051258893531,0.8488986529789562,0.4679647420827314,0.7237220337011533,0.2567397426241954,0.12573627224350295,0.5921434644005562,0.5900463832838893,0
0.8661232376827325,0.8346370681680838,0.9095127110642613,0.6779981143359337,0.7264947226651681,0.8835186814327974,-0.0033424256972093003,0.8333400981777299,0.7504468600194247,0.392426994868683,0
0.7345726191808932,0.24322727556899346,0.9453552979184482,0.4447572636070068,0.07077682110922992,0.1942005329329629,0.6399265051531798,0.556693451436219,0.32627610048324873,0.33268363861418193,0
0.9489189427331935,0.6569214238522111,0.8221946149616735,0.37852497859758255,0.6223323280879571,0.5458695861070313,0.4513055787773787,0.4968681073919349,0.3876365909063355,0.6925023248704059,2
0.5322783848908833,0.6279888313127086,0.26775000904188284,0.6581437043009795,0.7865637185624177,0.9326757576995272,-0.026055162514835237,0.7060257164610497,0.9290076555406733,0.13799734185721196,0
0.9323631529686199,0.6148645664315618,0.8708737109237444,0.3117106702937679,0.6538675971668525,0.522382797039434,0.4189684942694857,0.4547123770709739,0.3461936746600457,0.6264245476696415,2
0.5216606595589142,0.7948954671531392,0.5403685412185746,0.36959782214545533,0.4402824037081517,0.7989849532996917,0.16583620949098016,0.8016793468147769,0.355066984259551,0.3792369320533354,2
0.4430064696877518,0.6567763925254626,0.8932226104642642,0.9729160584184605,-0.05593826957180614,0.23820777495355847,0.24810303927181182,0.9006768687074882,0.08838230699329522,0.09593935849536028,3
0.9005444447811286,0.7213730467350313,0.4899834113149767,0.04312147662822719,0.4176708215981574,0.8200899603969608,0.6202851715668519,0.5740708974498306,0.22006050252692136,0.14093822003040418,1
1.0138772373469132,0.2928213687538442,0.7238190873417938,0.24108048412109964,0.9179122602403589,0.41500864520276426,0.6339734873458621,1.0067085686133852,0.5752674255454314,0.565479520907853,0
0.7028574343123885,0.4105393634793313,-0.03739561631772188,0.8949056721199417,0.2840240292557464,1.1215928887918047,0.7192955916269702,0.5190782229581676,0.6869299728149902,0.5135200737195778,1
0.28713671328282353,0.16992408639173243,0.6721018293202233,0.8235598755061311,0.7770376706031402,0.8351026690345257,0.5340054818935223,0.2404240727659605,0.4930672239880245,0.7384770126394661,3
0.5474001660675828,0.271907908945061,0.08693674205824768,0.9795487753614569,0.4282964481528497,0.7760085513079057,0.9886299558518953,0.6705573455194825,0.5123229736121111,0.01449454320558442,1
0.13032764021390456,0.8725585585779339,0.8130383394148255,0.7976125973721085,0.520321879451343,0.7727467667648847,0.1501022220834212,0.8641943761231501,0.5952835070225981,0.6180731353221848,3
0.38900222798323575,0.6372068756719336,0.801739331414586,0.9124592366567351,0.26406098664429783,0.24256005409796408,0.3302414217564807,0.7073304226411796,0.12112068479437575,0.26058236678760976,3
0.7550817945756731,0.6412105124661188,0.6138249349892462,-0.02493382317640136,0.9582177500862373,0.25778214171426883,1.400589424729396,1.2154582506415885,0.03254596918704572,0.16427558711823817,1
1.0336776515070225,0.4697790043115482,0.4449280031559134,1.155135101473709,0.7740156280924031,0.6815076383023853,1.0998838830854465,0.5898981878363241,0.935303472186827,0.4155263250508231,0
0.06382429762891839,0.6470630217191312,0.5472547155082401,-0.02815768163343707,-0.48355051768924695,0.6002187481364251,0.44741418154386065,-0.06835366900078377,0.9958076260514306,0.6662788521932086,0
-0.1668350793201542,0.7247449093479421,0.734189973370484,0.6324110884096896,0.06471849297396533,0.36549634420183996,1.0121649055607296,0.8220663111394222,0.6165137369603778,0.08565692274764336,3
0.6226299782815577,0.7311612542107426,0.9830810090738302,0.7035612223104444,-0.18554436130430757,0.5465093746062796,1.0589163886082489,0.5218746191765282,-0.0133754664672035,0.27118483096845075,0
0.8207205828223361,0.188363050424442,0.6477142105998641,0.11351585539978018,0.5206840238504211,0.32730892684171453,0.23244455936803987,0.9948022394855409,0.9878840827218753,0.8885737827485632,2
0.9106505455084558,0.2610465404773228,0.9474704854005985,0.4331630316051652,0.5216267455599847,0.6423544513154067,0.2084416325629012,0.695001339825708,0.8635791340028284,0.8269112253907935,1
0.8520093306760946,0.8237932058685492,0.8713345885238376,0.6453666410775081,0.6048668929167874,0.8174528929288009,0.11775234911223248,0.758321991478514,0.6753175202751531,0.49953513799233984,0
0.05601595282614577,0.7019980099170863,0.018632640245502676,0.3199796633917158,0.2044654429773367,0.6586016903780011,0.5900504975927615,0.2802620341348959,0.8594544085551379,-0.06475046811255107,1
0.5283023621054715,0.2497020118911737,0.09099693913687645,0.9652524001649544,0.4322734091364391,0.7662601916348822,0.9964694859857626,0.6446833073618385,0.5120129334054532,0.006384035192799863,1
0.3188510635814571,0.7624577212050716,0.8161152434999293,0.47340582435382583,0.6426009022977421,0.538329716325471,-0.46393376130788433,0.9670965045876683,-0.13715467241295165,0.5361921024818598,2
0.13615938736294136,0.2832617439501872,0.7271443964901917,0.6533131688545435,0.2561777425445595,0.18758145651131267,0.34680259302021116,0.5752071055084724,0.6488309093335648,0.9532127472298862,0
0.2089716188217133,0.5460778670128339,1.8405598316770244e-05,0.26489233815154556,0.10407244996057785,0.5396091362663895,0.633381514895853,0.21931257174313118,1.0034825241178813,0.12313195980924403,1
0.2177249950841963,0.22647100859250352,0.8333930174099085,0.1868499693054037,0.7362533443341758,0.12311500911958878,0.7144926980353971,0.021549870585664495,0.31849373688598526,0.7974801011914304,0
0.8065529804510366,0.44887754553408576,1.1008434310088573,0.8730836592976893,0.4378839258679728,0.5951018207858196,0.6903938150397844,0.4246717471994738,-0.19002081187880077,0.3241140890047383,3
0.8124076852686292,0.5402292563157667,0.9157087548803169,0.5412384533426475,-0.07136809089655466,0.17501055946642763,0.9566056384594828,0.5357531842880134,0.2705957335188206,0.07415941675039768,0
0.02488808035869342,0.4888942968067622,0.2165498765409327,0.7944241921121904,0.19936373038314031,0.2908470595299552,0.2865847682481873,0.0903126565016798,0.6454901996632655,0.9200688427256624,1
0.9277360058229069,0.4345322239247815,0.7924029543050749,0.1943618641746223,0.9575740921229003,0.38535873761093636,0.7187039402990807,0.8504558130079343,0.683830160372951,0.5925642077712518,0
1.0266350750438287,0.28289645985047207,0.8194927150535846,0.06677087448777778,0.8999424028123651,0.5347529928235883,0.6731277241885407,0.9322769525128903,0.6782529444859834,0.48668015198535564,0
0.06418735579703116,0.0795274156898974,0.682188139363088,0.2070871889837241,-0.046170709484756656,0.21568820391166127,0.5022419923326731,0.2780213033852115,0.7640855015686364,0.7614645569894354,0
0.3113777527920066,0.11457273093696937,0.6855263408799144,0.1229201744034356,0.9808879053701121,0.039335057225156574,0.6605628731757691,0.9158456282695022,0.6926028329718934,0.03677142969046723,0
0.2843930555079162,0.9503140324719803,0.24321756128951644,0.7435268243134934,0.8207317830797356,0.2346926371622839,0.9587996304767794,1.110827925681027,0.09813751776603108,0.2535597637478362,2
0.8570591936823735,0.8373843151581754,0.9799038510098111,0.5957841571691936,0.7071327135840701,0.8003075654048822,0.19828436263576754,0.7074937975521001,0.5709976470817397,0.483774954926987,0
0.8939508059482772,0.8466097702526947,0.8790532610164452,0.6653505658655015,0.5947018611920074,0.8600190986505338,0.10732512876498017,0.7369261620861003,0.672296371386605,0.5312793753819193,0
0.8572075426768978,0.3762456743137314,0.8072516536235848,0.5606564970020378,0.7099665792734601,0.2829958787673723,0.7379427668970242,0.9788514977289948,0.986508457484733,0.5193694653819785,0
-0.23888147881477656,1.1436633139503396,0.7702945779797917,0.26418217103612074,0.5392934495212185,0.625004930204548,1.050925193432542,1.002681939766034,0.6637323781135009,-0.18254104104156638,3
0.8371789943828537,0.4326821691741365,0.7572887884203308,0.09286307192158419,0.21138397766942377,0.34210367925123525,0.9547805440256104,0.5445925627697042,0.7612589598382002,0.9387583546305764,2
0.6245544091060043,0.6405051780971472,0.815947702830923,0.5199042754391056,0.527041831382033,0.7353458244552397,0.5762752106944976,0.6055876355998707,0.2457982433947853,0.34018716351653566,3
0.1407006437569732,0.4829766896993022,0.3107163340840681,0.9571176336675913,0.581957178777086,0.7753827474691657,0.3811757303298509,0.0993517759635951,0.1878043474425619,0.07603630847112654,1
0.1507912824135677,0.8904735563175296,1.0348678510992793,0.27877333047251135,-0.043417217430715305,0.4059261286291939,0.7302521791518891,1.0800775756865004,0.8208374828069745,0.238758297694245,3
0.19768358602580777,0.05615479752307197,0.77231579278789,0.9851098970234504,0.7357008557777645,0.9886632189456709,0.6711785038368224,0.16592651755960458,0.6409365354652289,0.661831256007537,3
0.4735871680584369,0.5652558116139916,1.2385607484768368,0.8392371771540763,0.6307953779384742,0.7122227690455244,0.5124966990137586,0.24292786141815803,0.45218334898438284,0.5321591174205775,3
0.24268923607918685,0.9380965270842296,0.4546538056521653,0.9322071879268171,0.564116628940776,0.19854688724680794,0.8569144637513549,0.06931600443319015,0.44121510899914945,0.7971118812537187,0
0.8396614041626225,0.2884741132203911,0.6353840185406926,0.6092149179216171,0.18985703030818757,0.0381363939012969,0.22999648786570856,0.9537425659275222,0.506592671247864,0.5435084545415986,2
0.5871745742781538,0.21420980649285573,0.9142678201331604,0.9609656351721569,0.5174110976406177,0.7177694705648059,0.24030860239511348,0.23076558780529496,0.6707538298849248,0.6116154102113003,0
0.3568169983529875,0.04962974494461426,0.8851155883457091,0.4591465620266746,0.11317624063854886,0.10364027471421419,0.24460341082844028,0.4016329381437871,0.6588945682593517,0.9400590334316328,0
0.1323431021701175,1.042021103001738,0.24426907303964496,1.1960677114225042,-0.08805366692117253,0.08462328601262803,0.19161590472058276,0.07040080238636146,0.6730366530015981,0.90553464991697,1
0.2555333526923158,0.8312658136567054,1.129255050418896,0.15561386839003263,0.2285484907334597,0.2536548449357149,0.7666720526026533,0.93758718739518,0.7892346682850255,0.10285115016593578,3
0.3068752039343302,0.13273924526247086,0.6551369461828211,0.859204439955625,0.768698001417465,0.8601910464845525,0.5494645581654084,0.22323586130529452,0.5194869488226788,0.7412714138809025,3
0.013514798456541298,0.1329781785572071,0.6294420719090615,0.272911060732612,0.016690260098185795,0.24740516454957734,0.5583783662941049,0.23071122972613695,0.7015291597042496,0.7582986016627336,0
0.8172721111386495,1.0005367854719245,0.9347941882542542,0.6275755602534494,0.7168386238576437,0.999326584051458,0.23040673794725175,0.8783490146207904,0.5811790224042,0.7137515527058377,0
0.26572145654296603,0.28182717930973733,0.5070525110872989,0.7180379206763966,0.005252736980322428,0.5377950397038271,0.3921163911992354,0.6177123377769211,0.15785952301013392,0.7978930628458715,3
0.0619659000752389,0.47717595155536674,0.14084429456951386,0.2692638966699416,0.14665383064205978,0.5355262773002408,0.8317498082690872,0.11785370352333072,1.1055450585306665,0.060935169957265514,1
0.1407168850921505,0.07502164762101256,0.6938448088847211,0.7803958315214032,0.5999238197282538,0.7092612638132465,0.49191905951327164,-0.010161718516058293,0.7301647821743137,0.7637299449102329,3
0.1766598805126725,0.6022232158279448,0.03035161543664599,0.2387150084528576,0.08218334361460797,0.5262412093064335,0.6805036392029721,0.15618442221876014,0.972343855233819,0.03881889346189086,1
0.10269205547221205,0.6192590068170415,0.33720582581412184,0.45419877704081335,0.11549693794176191,0.747361982999765,1.045570325711706,0.01992409009454854,1.0577184097505234,0.05213807796771208,1
-0.06290913704318798,0.46185007267917855,0.21531130294872017,0.26681634136819293,0.876367256825348,0.4454915124975947,0.2689996125234488,0.9211758642700489,0.6520980841629352,0.44602522581657605,2
0.8435479165833162,0.20168964600703204,0.5249223054057396,0.5501301141691338,0.14403551589518515,0.12593653792565512,0.2548653855438772,0.9136190272084687,0.5399113730264621,0.6075947513183437,2
0.8067167029640329,0.39430490114539407,0.8709706430162536,0.38923036275389,0.1078408027049828,0.39246581519851514,0.8013131071142452,0.6373991745217581,0.258359324260418,0.1664606609659185,0
0.41998267928342853,0.6483117332073713,0.8249342424789521,1.0093830642287245,0.40910573932289895,0.006137640788755755,0.4800980301922374,0.6982691600651417,0.19383340625124035,0.03877491701196459,3
0.908467483698498,0.5318513602046593,0.9601978253468202,0.34347104344355694,0.5832273831459097,0.6881813091046274,0.41300231589837594,0.42498425437077303,0.42404915254808373,0.7036644183974635,2
0.3381197264140493,0.8963406764363965,0.38792472613110873,0.8430486716190612,0.842303249023709,0.25073461321681334,0.8798869161568537,0.9489323087237616,0.24593481638787454,0.4583898954402693,2
1.166787693952055,0.8643741948076428,0.8945604649022758,0.2332583898850677,0.5111293427143725,0.36767436409307963,0.3353480469144794,0.5842059191768761,0.13353885015037328,0.5108221368150085,2
0.7907558313641813,0.25397490619253393,0.5192489970198756,0.5319196307159217,0.21628723535324962,0.18809328618549964,0.27975038963046556,0.8938754788467778,0.49211612725243953,0.6359348840136301,2
0.7795577535158539,0.3780322592376942,1.0005787340680978,0.3458942180913916,0.2063499335117977,0.35621300574781517,0.8174503388918403,0.5636194000055369,0.21842692265724106,0.08361244047924961,0
0.7137139747218452,0.7948696330174114,-0.5807401858628172,1.7391210649540503,0.6113094029046121,1.78928619350902,1.5097976685157743,1.2847532215780448,1.0286283737201125,0.019756043935756584,1
0.8498153048547292,0.05051686711349221,0.5879801993965428,0.6540453068748051,0.01807321797850997,0.18108065388719685,0.09393817491036668,0.89589105082485,0.40987102258182156,0.8088875326679164,2
0.18561950326377533,0.07772978085166432,1.4316298654894002,0.36441699632527913,-0.317630171898287,1.2414162833019082,0.029495647143662235,0.056930352364032724,0.38306672039527967,0.728154980710919,3
0.6516198159925579,0.02847935231346943,0.5719762932584638,0.5395912414770971,0.6101370216436682,0.618686247553683,0.04013179901545608,0.6100975257696696,0.45098876828119383,0.7041417461130872,0
0.7698230023229008,0.6124614019518494,-0.027757711653185912,0.8375297309657285,0.9898126985182356,0.2676713202491916,1.327024179399738,0.5554766970521177,0.9636873937955917,0.13784070099294243,0
0.7775318399674157,0.48099546185887193,0.6479920722219765,0.6409044354661233,-0.014565663449086441,0.2988181970051562,1.045299768875354,0.8165808989838452,0.39999704460753804,0.3273136190308913,0
0.5195088691898156,0.32144470706612266,0.04471665276654858,0.9349622308706445,0.3822094004250586,0.7927735140037658,1.0023427731436687,0.720467513284142,0.5521491823866672,-0.016803780651510607,1
0.8203765374960907,0.2125598701520676,0.5390085936737972,0.4295256802338875,0.11874873179896961,0.5789973325634376,0.6241919737525193,0.34577463811225406,0.6461099015445484,1.2518879168964925,2
0.6146696792624413,0.18840910818074974,0.03788191932082723,1.031959508216564,0.49804462542216155,0.8106279243544572,0.9251651446577729,0.7219222296446279,0.5005202288066084,-0.059024711958376094,1
0.4343944289955802,0.16058816543790605,0.25992735698503683,0.7755515430913751,0.2782103814301567,0.3366404833329641,0.9809647549832342,0.02148732235157479,0.7700327129586979,0.2218795466244379,3
0.4861294875797924,0.40102084922628334,-0.02073545268838245,0.036303796703143404,0.040443163090575725,0.7203261278911102,0.6617956520532896,0.1301904853360943,0.7544688764116232,0.22650140865116702,1
0.47118309092025545,0.4300702391376977,0.5483974905280533,1.0515352134140086,0.5038737198488621,0.09892546943250986,-0.10962693009895313,0.6223833763224422,0.09974496134641253,-0.22938027256806875,3
0.8925475353341183,0.1872765902009783,0.8770674369376448,0.4042877543306219,0.5678508957946182,0.5767733968838095,0.19532197697440953,0.6927886266468515,0.9406133951249882,0.7417317108589532,1
0.02748150722946352,0.3184924697396728,1.4269168714192877,-0.027056899415204394,-0.799121976871132,0.76421659323913,0.7540879623776757,1.4185474152489053,0.011597533378404856,0.003815771024257786,2
1.0389819825211966,-0.1391090039492805,-0.206731383843463,0.6245508521621623,-0.024196142091643058,0.9410655172975915,0.26181269422902714,0.7035507702599937,0.21996244499371886,-0.2627397357638583,1
0.5494416012078833,0.2599094263047924,0.08337722324821699,0.973045159068356,0.42197011185349853,0.7790712322153296,0.9833973067663686,0.6834163102515672,0.5197679283370045,0.014898157667990445,1
-0.41984167329617506,0.0379542508672967,0.2994620841142868,-0.40102039569106296,-0.7001945250900958,1.1192895295902505,0.9321557182839028,0.1661861382064761,0.4189755613059949,-0.1261270699932121,2
0.4650940532327196,0.11784918545566413,0.23927535758634716,0.762779609631028,0.19046114675924378,0.3828621245144776,1.001365017382069,-0.04510044112218446,0.8618798210688683,0.21114421132886568,3
0.028065597470817157,0.15108141745806086,0.6694243480395425,0.2620353379318751,0.050760279907735115,0.2678297570022258,0.5581173316460805,0.22620109843670036,0.6416487990180885,0.7636990980147501,0
1.223885711058929,0.9031438465756901,0.25270977823841523,-0.33198534937582624,-0.4493613029457386,0.3946324995004429,1.478378018812971,0.5268516453666858,0.6232360846952611,0.7410606805334513,2
0.14606533282467535,1.0872135873447433,0.6901835422565561,0.8566669719376582,0.7405379410369648,1.0882033262489237,0.19659624675915355,1.202943621874704,0.4353923013584401,0.683240305440204,2
0.3808353740657139,0.06929175883520078,1.0513821809047297,0.17466286567024147,0.19183331711308116,0.9743464791621115,0.7600936724524611,0.04068799159956127,-0.22494545437001323,-0.05264399838321576,3
0.6816602052693967,0.1492818456512859,0.7220854958510827,0.8149247464611098,0.3652983135794812,-0.1637970287143442,0.0439021191885306,0.92956817209516,0.45377779284108494,0.8658291498146019,2
0.018626882700808367,1.0262637379426078,0.6094183921146241,0.6496468972097718,0.8963868357112346,0.2777807520062401,0.30284914774230876,0.22792322154565864,0.6677390945050548,0.17719929165822662,1
-0.08458075429547074,0.7999213991142985,1.11768646369331,-0.45989462191152763,1.5845872309043392,0.06932373898549701,1.4249929374616563,0.5194081979738354,1.2478437954480701,-0.08428429538593174,0
0.9594544982664898,0.5997293543867707,0.7268557113335502,0.09745392276865161,0.5745098607026748,0.7596498992110426,0.9883486130034072,0.6182910126008652,0.5035262772102693,-0.051028425550371015,1
-0.18106877306621416,-0.16020685110118124,0.6593784086050103,0.23046797133726968,0.6565693712140941,0.1406115707772848,0.42798746166385526,0.031211326436999476,0.1888053827537889,0.7059785083444368,0
0.4346067029718125,0.06732092988997368,-0.4515338281998048,0.09071070721905675,0.05954645714787288,-0.691935852694605,2.0693652074396534,0.040324829353737046,1.3048574969087032,-0.01176782034717827,2
0.3252178906098618,0.0824007649251612,0.6895601351050692,0.2870842092406171,1.0177464653517945,-0.02877771435631983,0.5793686892487633,0.8117387929180749,0.7603135934238544,0.19030920821626085,0
0.03623718806643693,0.5657107491393697,0.285163510350027,0.16680590653471197,0.8547885937001117,0.42243468517764104,0.998783953737763,0.27948052908216164,0.16230121839807396,0.5609166098461598,2
0.1467990194499773,0.4958693382623416,-0.050414455477400075,0.2442985911325777,0.12397104090819294,0.5009230816570375,0.5951812869428978,0.14152334187860321,0.9151185707409415,0.11145857126240075,1
0.6983593847102932,0.8384259291031687,0.18610469918296524,0.7138314750275386,0.45538253585489075,0.3742743723762841,0.510550510950194,0.12709192462503005,0.5247379414092092,0.028868951865595897,0
0.8671758038131699,0.5618471486989873,0.4033513511849626,0.004970134404780481,0.5841881357274809,-0.06465068654193361,0.877878472377066,1.0429015078118802,0.8913565716104023,0.7408541809455262,1
-0.005832723015245546,1.3076291125363393,0.9535701142334491,0.33733907483725967,0.5942009286619431,0.07845778622364669,0.42565476694589016,0.7585477357209301,0.7063684986318288,-0.3772475422657299,3
0.5707378341341418,0.28213860545049874,0.08054182063733879,0.9814956205233226,0.4504914108878535,0.7850084037460799,1.0056175554057614,0.6542430145319978,0.49679919334545064,0.0072261203659118,1
0.13020529861336186,0.47261076236774857,0.26100756497043753,0.9521758226065602,0.5942464598890465,0.7327098145250133,0.3182778822151532,0.06043647919319771,0.1410542726164184,0.07689078828834492,1
0.754404436833047,1.271783757901828,-0.1532378946349593,0.5216814898793698,0.281427087399859,0.09339776104242592,0.5904071485892379,0.49496322768499695,0.9831477031102096,0.41526836903863795,1
0.9856947769127804,0.24973145016342513,0.9372065444909474,0.4415615830981678,0.5766267571315995,0.698584210300661,0.18806169712620419,0.721187216290149,0.8322809437896219,0.7723032578505511,1
0.11194112793397944,0.8543731700836937,0.8209376453192498,0.8122933001695576,0.5339964310510227,0.7784812559334264,0.1542440190230889,0.8364608118284393,0.5770122362995975,0.6078142118863346,3
0.8461775224119222,0.17695726391769867,0.5478102592182922,0.6484708494453466,0.08369909545253527,0.059261032050443606,0.16964411160713527,0.9552282993862353,0.46164171956312994,0.5743490791165987,2
0.13423014761735724,0.20207664144839435,0.32956184221693297,0.7758921869162905,0.906431841507527,0.24511287473609078,0.48269017793992464,0.8416425238102029,0.6114160016045712,0.28396652887963203,3
0.5224916223478223,-0.11283275104622034,0.2845411661865718,0.4685819547048574,0.4971525182083208,0.40669429846480365,0.6574225784092049,1.1162730372965195,0.5321974730471345,0.024668854965852992,3
0.8802589585754714,0.27312499453342887,0.44967979841905176,0.9223827897945444,0.6215161133908178,0.51682212969399,1.055039632395586,0.5735647438875244,0.8707851630086154,0.4252283570940681,0
0.49018125375447474,0.2435265708205506,0.3726643652250609,0.6938378503345032,0.17016064210254667,0.40037632764503744,0.8908929224685319,0.1236027722948154,0.8326331535421103,0.10699422840322442,3
0.4353671983943968,-0.1254951333138836,0.3198173000106098,0.5643276517132759,0.3856195571354662,0.2368007766910351,0.4564030306716537,0.733811246337277,0.38922210417070313,0.16970168955444323,3
0.8482697782292213,0.12494109370612333,0.6348375232177419,0.07494567651653126,0.5343366088506507,0.39901754365144565,0.22379579920095097,0.9296167948994175,0.9505157372595189,0.8181309474262846,2
0.9823087041390459,0.6023216997651013,0.49783472190634903,-0.03176486427906433,0.561609041887487,0.9132487163303573,0.6383373893421043,0.5407204821227767,0.17877179331183948,-0.008416843127943385,1
0.40820888209576855,0.23490113057457673,0.5570232115269038,0.8272620762855288,0.6519347550306335,0.8657410341811396,0.47094122027751817,0.18331890315636287,0.5016019273560718,0.7788543645510111,3
0.13094699615525784,0.5201373424528417,0.11850071998789227,1.03137698111201,-0.04481662782454465,0.4334166730615011,0.27546550293804795,0.27154101005898656,0.4834427865326629,0.9838772475857025,1
0.7094687224920982,0.41718710056740216,0.8982871131841624,0.4562117134785945,0.13424214193701076,0.3217525065001501,0.8471400811210925,0.7086379904931956,0.28408500857175095,0.21051673890161132,0
0.31001125206601776,0.13636642891921866,0.6512189707614446,0.8615209818646493,0.7659695850910636,0.8563266278644762,0.5496331431661697,0.22035487767113737,0.5230103172335189,0.73633403419492,3
0.9358619741026214,0.33494040348624227,0.4246072950835512,0.974989443488121,0.6815173930575343,0.5527223546059445,1.0185013096072626,0.6231345553095446,0.9400097794702454,0.43732370087262046,0
0.14874966362802558,0.09709410195539908,0.4316905631295937,0.3985510225147052,0.35988437818709657,0.7102539131800875,0.3145150127126857,0.17873531237446433,0.7094980188398436,0.9555157384049733,2
0.6650353829689236,0.03677871716004593,0.5822996376554092,0.6249639792087417,0.6269763327649143,0.5504139849436328,0.08567085929006937,0.6569533154537599,0.4351680765112933,0.6130008753043008,0
0.4878307993456682,0.894749648180477,0.4408627220525909,0.6623520679638237,0.7624354285274015,0.25020008324125154,0.8237907035621258,0.9041629110816998,0.3476261763396307,0.5793040857390546,2
0.9070449998741413,0.2668825356080168,0.09271979203491262,0.8273722987328104,0.3138712692878303,1.0973633017275617,0.8206908019390821,0.3567461873158683,0.6905483401006453,0.7382953243709443,1
0.5323355505277727,0.584596857261198,0.9498848723372226,0.8453078304938354,0.15984107244036136,0.1464045499632047,0.22875953122616116,0.7215006810350653,0.02420923706473789,0.17139523719780353,3
0.10731934768780932,0.8593321008193082,0.8164158015378538,0.8132717275476907,0.5286096908908265,0.775652008449335,0.1531612786701964,0.8370413357234351,0.5765511716418984,0.6106133951407664,3
0.36957450321185936,0.530769863971984,0.1598788112613655,0.6637271478372019,0.86898684171059,0.9197662444727293,-0.0022322047202232055,0.7592920760365107,0.9629976476885931,0.17389627775730357,0
0.8547527337166778,0.15586355430248536,0.6392692406050299,0.10377687420227771,0.5396621589357866,0.383776378383835,0.18691753447721998,0.9158097778410093,0.9523204554765856,0.8304551780365905,2
0.16456125630365995,0.9893188350264503,1.0642940807172976,0.6690424022128134,0.9265960841632651,0.7221965117343144,1.1292952205638467,0.7508179824256258,0.9603009559892256,0.9954379438238652,2
0.5900693870068751,0.3499924026344017,0.5864275126153978,0.692881838447658,0.4322456085214702,0.44009787633268055,0.1793320527703665,0.8607791692016029,0.8430505660883557,0.35716015832778086,2
0.23396710563125633,0.7137201941565909,1.0086792712914179,0.8477358133228309,0.12842663942318375,0.07855391434528271,0.30493469333653606,0.8194710308859392,0.3407855691462365,0.11403740726085311,3
0.8539015710702184,0.15750292251722584,0.6521127141767045,0.10345356212114357,0.5492465119018884,0.38095834769154074,0.21144832604207814,0.9167590279257977,0.9445894085694244,0.8143558405747743,2
0.09479835180631024,0.6628240939406574,0.13642437037875824,0.3028875683067008,0.12996749461259427,0.41570167123178514,0.7991520544920075,0.2785818190562017,0.8547475760353671,0.16437025838640792,1
0.3184061433109815,0.9177828665509066,0.33372820235248835,0.4390792332180308,0.16532994627784742,0.2446203590294201,0.027284535398291874,0.3218194955056466,0.9193104471560668,0.9060335310094438,0
0.31284526000576107,0.7891731658236059,0.7324294369275232,0.640726987582262,0.3977150647897452,0.1423718436193512,0.5849533834711971,1.118909050486695,0.4999563438768044,0.29949839447964854,3
0.6220204280489319,0.8071483854106004,0.21205731522330473,0.6642534147803839,0.3598788044050985,0.28552631233281606,0.518903582943037,0.028750997019212937,0.4880572533651134,-0.10556923601265016,0
0.865315806689355,0.39892150110263097,0.7676952015403775,0.5018992561711235,0.7114701823608772,0.2100944603913526,0.6725797065015642,0.9518933608689163,0.9430227126373655,0.471254883268434,0
0.4277184517859611,0.6673526005783684,0.8223768186333995,0.9111247474993053,0.192166053540354,0.15265383116958173,0.27050265063951917,0.613548011487761,0.12439794333750644,0.21082986488423686,3
0.32644594721808967,-0.04526795124337432,0.5284654307317143,0.38145969056532164,0.9581711011334125,0.004053405954451341,0.5147104349272389,0.7122254526599466,0.6821400696627768,0.17769176082267696,0
1.2209544588425763,0.8664525476157873,0.7533445013092741,0.8889591368482637,0.3602007664993255,0.7844862882409828,0.7717999601512067,0.23911818172511679,1.3070743697015041,-0.09659949212485974,0
0.27302182929793806,0.7140855051383913,0.2042326627398919,0.37354000741885285,0.24718980212890612,0.2865277332359277,0.6088123060610279,0.008047267198430519,0.8609669927857456,0.06699852136094654,1
-0.012180855859583332,0.8992012626098054,0.961392420026355,0.3417689053071746,0.13607581923687329,0.39692978981373206,0.8760976985908523,1.0164416740921687,0.6992838785119437,0.20047471520033688,3
0.653038583672012,0.49596602718957306,0.8106690889437175,0.5123625639496807,0.506156133144658,0.714967314272668,0.6100088061482573,0.5473225592198746,0.28556925083217355,0.4198279037023903,3
0.5877812762788373,0.3100465641460069,0.3957544704218529,0.4243401608415796,1.0013719142176403,0.322475969696277,0.294651660946619,0.8195162676611822,1.1840212560238736,0.5760848794023357,0
0.5208896759582274,0.3000725861035772,0.10183606990650984,0.9884900467560175,0.45116890765811957,0.777108417108395,0.9741000642422383,0.6587517980084363,0.5404902127592002,0.021314532042466045,1
0.8194803238757822,0.3797328071878452,-0.01886328256399316,0.6808438738886534,0.15189917855692048,0.9759869506407873,0.6853591963872979,0.20646274960826996,0.7232537534411554,0.5778146477785006,1
0.3366499293645462,0.44824788544642247,0.09629956119546518,0.1559168372459679,-0.16824952102216922,0.25581683871164357,0.5524223667652632,0.11285651747093951,0.9978449230398688,0.15262123532474411,1
0.27004892061198577,0.1650493079656486,0.6785837780489603,0.8335536345674727,0.7353423324951853,0.8516129685015764,0.5173341196186014,0.19996469062377625,0.4922666406137481,0.7181721468546343,3
0.684729524735695,0.5456684050744751,0.5431683790827061,0.020477186172966583,0.4260555589187862,-0.025040464815032137,0.6610475343846456,1.1437399875892689,0.8176029821277871,0.69513055404088,1
0.45288043586643245,0.8437464875998454,0.42402281653599494,0.5855405330716174,0.2070710777294939,0.20887272056409592,-0.028003326131191705,0.4410333948705282,0.9525611620032619,0.8865885757346265,0
0.44286662357955936,0.6392042309604823,0.8305287678715586,0.9322470045914416,0.22090787657092648,0.17368170689141088,0.28122102612289646,0.6363333503581257,0.11565382880987685,0.2118322590238753,3
-0.08416623700715363,0.1681593191335505,0.7064752379447958,0.2906573647641721,0.053462141251958126,0.30530794781592635,0.6760388914307534,0.1285891037848283,0.7792811319957227,0.6869782006876335,0
-0.010804773962389188,0.11599657714739475,0.6155435246757998,0.28015887623312324,0.025182467194415026,0.23128297274475043,0.5727990434959623,0.23525457760314308,0.6972182988767255,0.7842538888385352,0
0.6735485946683903,1.1487631847888058,0.8935250222488055,1.019469165333982,0.9987960544667517,0.34759095853845856,0.5511035498775637,0.1971236363630847,0.4645466203860383,0.209623983212298,1
0.9311134485112663,0.39143966245853257,0.8280431407064085,0.162979764148242,0.9834347429806811,0.37757671790254355,0.7642207828283455,0.8888202727262488,0.715994537685912,0.6006569226822459,0
0.3122543800294993,0.6841693729572764,0.3890928080505235,0.5647930980994127,0.20925204004445533,0.953789754738499,0.6354496314819913,0.6675554795209718,0.06179938834747998,0.7090428024516044,1
0.13997110809082242,0.9661241495590449,0.5426628540352838,0.02825547089380609,0.20999061600328958,0.9443556142009858,0.37498125045898534,0.30890168696161174,0.8855728873398314,0.46516389319433044,1
0.9657617178937046,0.43327584019649,0.21023255905755725,1.0057274796296205,0.5322064937082026,0.3202818047832041,1.0508199663358744,0.4997376313564508,0.9903779351784439,0.6548275230613274,0
0.6063111191941075,0.8384724168547153,1.0256609578894396,1.0585501298101012,0.201621214432639,0.47100891892112223,0.3740092192008062,0.462649468204367,0.24336830609450327,0.1698199545026293,3
0.004209586342534195,0.10404342897674379,0.627703236274246,0.26801728814860465,0.03023841126477046,0.21850244654580087,0.573831945011371,0.23068222512910277,0.6804254894947364,0.7698851723258183,0
0.5315669330567849,0.8039688131669643,0.5334581752872389,0.35854661662965454,0.44011128113126524,0.7878987122963989,0.16224775581771667,0.8144138984444541,0.3489339644973633,0.38932525181922023,2
0.7186713809081771,0.11905697125659542,0.5403477561351757,0.4440076279383157,0.10707860029568195,0.10201795171954037,0.3121399927670948,0.8323708928872583,0.44449812225423524,0.706694218926416,2
0.11594292427192293,0.5301396496281934,0.13892795620455087,0.9199718467831618,0.003057466368702591,0.43981453338317794,0.16934774826213825,0.2725949701675641,0.5084272945423537,0.999443775232366,1
0.538024417684616,0.7911439465261644,0.5294875197499713,0.35183059616255374,0.43037952371133364,0.7965294907492545,0.16863167478046762,0.8256764435003976,0.34233251809804316,0.389467409990585,2
0.8751064927380349,0.6692144909908131,0.5366195353533776,0.010579852537968684,0.4885201333307966,0.19159831747694478,0.9505815008163808,1.1628773130013266,0.6272533518558776,0.654027691724976,1
0.19926019790372723,0.9163219605455754,0.4339252775820478,0.7070800376274633,0.8371085985947943,0.36170893099309026,0.9464005404762611,0.9665139367976191,0.22744389941323867,0.3058043485909439,2
0.627511249968744,0.3558308522583997,0.6190478300883038,0.6252126016906178,0.3006761331576806,0.12942003464667395,0.12525123406909713,0.9837467445015631,0.7301407155465763,0.39965855089215696,2
0.26469626143106706,0.7779446796904624,1.0995812919193135,0.6896413598847929,0.5400684340135686,0.57217894791571,0.7178198574444468,0.7999786754419378,0.5230547469878126,0.15452637163785715,3
0.5481845952967137,0.9229315817356301,0.785305150595408,0.8582629514045327,0.21947881824733298,0.040319961272979016,0.1295442921202819,0.3316954007803861,-0.10531352864487231,0.014522569741644675,3
-0.060767651516740795,0.9797133359228645,-0.20772683801990402,0.3794456898448801,0.24783572622358743,0.8585954424714225,0.7462285788549694,0.44546287924799205,1.028017880250201,-0.3395936335486595,1
0.4420090743933687,0.03323485667741118,1.0285050044185924,0.9559940629576904,0.43422479594025676,0.8570895381632431,0.21427923571513652,0.14802754928850934,0.6931599864266403,0.5895040477172759,0
0.37592062514565094,0.9170716756712154,0.6467232901851272,0.19475643206638696,0.10096015233087294,0.8891461731205826,0.2616674308066702,0.12100176328842133,0.5892736534726188,0.1759831931014118,1
0.8992115110788889,0.4605778741824136,0.8446185789087083,0.13839033409083537,0.9225764261462446,0.4368298376522419,0.723243218925659,0.845156690241055,0.7293779962847435,0.5437672945042853,0
0.14224702169442022,0.8034478366661225,0.9409589895775938,0.4004331750679665,0.7982690608475849,1.040596872175466,0.887730293247188,0.418140403768331,0.7264370589636209,0.8365083665385672,2
0.45019002634696914,0.01221494476236594,0.2543579056501289,0.336057417667387,0.27550987372401564,0.6226608367162603,0.43776981370927615,0.9134058384248648,0.3790354314157997,0.09410873941012123,3
0.5914952320787483,0.2686674674501718,0.07177014450802356,1.0285593730133042,0.48028699422701376,0.7254066121165379,1.0361245595320503,0.6155378420157803,0.49619110755829066,0.03579932947875086,1
0.5178846784741733,0.5791344548845371,0.20560895168958734,0.6108540996332754,0.7558197105160704,0.9454861031248919,0.04715201873600877,0.6249667715682212,0.9834090042011955,0.12370583941293023,0
0.5392632583105276,0.803988367305855,0.5369277156851223,0.3578384281895792,0.44375505484918154,0.7870839831923233,0.1677228266581026,0.8171488991935644,0.34833138933897395,0.39284167883128795,2
0.9730009252232279,0.6278927089580081,0.8475966251713922,0.3333882988678986,0.6169780443324504,0.5170170069389874,0.3656112903993222,0.5100821330632725,0.3869138756527467,0.6139866560757405,2
0.8459128749898902,0.4235325749557279,0.7615780306890205,0.3851646067585365,0.7436742200344378,0.340596564254932,0.5021665273358734,0.8121640524677322,0.59693726682792,0.4464218382871401,0
0.1407126835743213,0.677212284378127,0.3034078889923701,0.5231092774119435,0.5293392779581159,0.8338252727604263,0.5707138869467901,0.029777709130463563,0.982549008618791,0.17878662559942815,0
0.5380763329801358,0.802830587374889,0.5320611364066101,0.3586923544476148,0.44218132130928245,0.7979547005182837,0.16815386960547263,0.8147843568340198,0.3580092207796571,0.39727881260433395,2
0.06323129134807703,0.93083615124151,0.9577300492658731,0.31189723503047007,0.10549436889182748,0.25347709978372257,0.7380130390742776,0.9612939448676827,0.6436173186316181,0.07410754573690603,3
0.4807504418151973,0.0803497966180178,1.0451636536496587,0.81639153252981,0.43140341484636235,0.7439952039147287,0.3802044245826935,0.06696278392606356,0.536711083229942,0.6290588929419525,0
0.15555254248761846,0.5820642912314329,1.0469630440376068,0.5767939186599295,0.16944373910632327,0.9453125196054941,0.22284269753431696,0.05446170016204635,0.31387268988183464,0.3243980401969847,3
0.8608032340166494,0.3293754061716669,0.8142561445044809,0.7094248765134381,0.9476489095711697,0.21550136864512032,0.11941961567927152,0.9130135269660964,0.40714296632948277,0.8749004627765836,0
0.07707501858014021,0.9457370277935728,0.8673091239023504,0.5342156254127065,0.47637273763182925,0.926885167442722,0.18806455656534388,0.9359815806450013,0.018629679953666985,0.24588781717558666,3
0.132585388134119,0.1883983227681384,0.2732406813182968,0.7326991624607186,0.8686941662913508,0.24422859025897484,0.4565715489313111,0.8256025879586417,0.6380753689694549,0.2748768180980024,3
0.5835683311240064,0.5443681727673355,0.08894728863454651,0.43151069072034565,0.6397051043206798,0.7429200851392987,-0.09499491320748772,0.4790725627635888,1.1662377204909753,0.22357791265908736,0
0.18922319805890225,0.6510680397097726,0.14614342947753833,0.5026122076990511,-0.07784096724415537,0.659520063197265,0.6994278093384262,0.2823068716403869,1.2304350540301638,0.2276283517638908,1
0.1392856987054553,0.18590741851933187,0.3121936943708476,0.7424427512607049,0.9001867349710467,0.2799881668998926,0.4502629314600449,0.8557864072280358,0.6362403421671669,0.31908247442974025,3
0.1350178177954762,0.4623047170320079,0.2944060790389571,0.970595928633986,0.6054243377173271,0.774535445819916,0.3634397488197709,0.08716023352406939,0.17234467383404667,0.05347901223821071,1
0.5163149396020515,0.47016419030925927,1.3892423544824308,0.45834898573489047,0.5971729060324298,1.3234666603044403,1.3612799202051076,0.7410359187457572,1.0275686601325171,1.0566372694926707,2
0.9734948534354457,0.3468505589489569,0.399275024216222,0.9672832102665935,0.6703874226121435,0.5286984187260384,0.9701507248381873,0.6263874485017551,0.9128009653985428,0.44487302763800785,0
0.013856913765603125,0.9212173630472684,0.8973910544045139,0.3628187133702013,0.0642180187880018,0.35620097183747956,0.7839728475706215,0.976108511205149,0.7559439941813257,0.11977807278649481,3
1.1477935023219183,0.9217218365291414,0.7167208474265718,0.444301661651328,0.40366651553233335,0.798574145543509,0.010329302152558575,0.6971899927303657,0.6039640879540368,0.4876780685743429,0
-0.43790287822604956,1.5405085152551825,1.6422469633668846,-0.1433550329902682,1.36003893185868,0.8739748880129973,1.4257237948519894,0.05301954157527217,0.29856911638509764,0.8648302483649125,2
0.006372801726094696,0.06205537082991556,0.6448695021725919,0.24404663358331655,-0.00369968718671658,0.23159978352300287,0.5639977894358064,0.27994037125601573,0.6871900399637304,0.787287589777374,0
0.5673465450530959,0.9902649727615048,0.4968840598043727,0.6100927416156174,0.32151057355568047,0.0752107668623645,0.925248669126888,0.7741173243468452,0.25886660527550465,0.2491775010388801,1
-0.17915824090427726,1.1553822195374397,1.1489872494629572,0.15642718163617295,-0.17125229590591334,0.12098742029000009,0.916077677198616,1.0842194183788756,0.5326348025823686,0.08641196805637383,3
0.8564494027340578,0.1960900026199207,0.8051025038177206,0.5787573913553288,0.5988737826419496,0.7861926399120471,0.31758582783024963,0.7611048385772157,0.8979891075707326,0.9700044669843835,1
0.9627037696670077,0.2566980141367352,0.8373790452950626,0.31243080475540597,0.9412591308825587,0.4888534564103817,0.6390497884407073,0.9335363518911194,0.8799122029018657,0.37894147439838055,0
0.7692349906491307,0.6436262853491718,0.630535575854491,0.20178659924434703,0.5264045419565943,0.8987906092161198,0.4414409896181917,1.0722761402890484,0.25460811544447964,0.14778245393125822,1
0.4135721742912457,0.104411279196747,0.15090271028274418,0.2916023959855307,0.37626975102726534,0.6119035064591433,0.3768497799995383,1.012498446452297,0.2686457084553276,0.18117319551677322,3
1.0949364128995864,-0.19214556278802553,0.9346951387101161,0.7244458258057174,-0.7995811272407565,0.7958549706318526,1.440970933710619,0.25355753228008837,1.020649744952589,-0.30415913959483354,0
0.8263117504384547,0.84655749968582,0.782859301159971,0.8042643395632052,0.5603831923547181,0.8422677501739995,0.17767598104724516,0.6463360473153829,0.7376486392326559,0.41953882813767224,0
0.08827838322484685,0.161147202958267,0.2722210503892263,0.7494576106741995,0.8863360824460663,0.2151596945377312,0.45693962134732197,0.8088716289881572,0.6783723153130292,0.2798104625627651,3
0.8825579046802378,0.475508671016129,0.6873251669803226,0.19767121433337415,0.9165446595019129,0.4395678311928001,0.8639081518162577,0.9363229058139563,0.5175025947763348,0.510163229267692,0
-0.03943629732988069,-0.0931114842651315,0.48988770596220954,-0.11892028755502104,1.493840819709991,-0.4263095716636945,0.12001832981117788,0.6895957297008346,1.1340993827311654,0.30206942540900733,0
0.7347943128434042,0.3191184539255634,0.8150542275891002,0.8143517820568924,0.4368956397557029,0.026049953789318347,0.5060122884624103,0.5815189282136176,0.13667038299184203,0.3313899248861476,3
0.8551311063106862,0.36538852475869454,0.8193359525047814,0.5462084230432502,0.7216359117691113,0.27364010411885786,0.7445285158802384,0.9847044282062594,0.995788363338859,0.5260713705584273,0
0.507406465645296,0.6097213789317562,0.8554720147772884,0.5140454615373357,0.5732190030852715,0.5651849765394925,0.4542754592158617,0.5547390121339678,0.1521300187815681,0.4764469519794953,3
0.8680402490585437,0.38986434285334814,0.7963829808289207,0.5558989916789129,0.7094117420958392,0.2684554309068064,0.7425811061723959,0.9805344948929723,0.9916935728056505,0.5088520495874772,0
0.26055614147574346,0.959165718586583,0.21261730012402363,0.8393724047795778,0.9960523825125756,0.41250060648228437,0.7241183411084565,0.7728000759401698,0.2669234908398847,0.5430375737344698,2
0.12715188584280568,0.4714465410818266,0.31193879203748404,0.9565429965253878,0.5957318066444595,0.7787459798803854,0.352143919763704,0.0766645649750288,0.17223356313981614,0.05667434395331128,1
0.8092788980531477,0.5034915238440992,0.6218081292945733,-0.12929743353128978,0.24382573233986335,0.8006647142937433,0.737585662384988,0.6473565530578612,0.3515142947119108,-0.013561527668032064,1
1.0400076587225537,0.7712198893922247,0.8286397148156911,0.28157109156423793,0.6320826247269538,0.5512925535279336,0.431052069401383,0.351371787492143,0.37706731561680495,0.7497827728081248,2
0.15715746696310048,0.6005871149752979,0.04264375040775372,0.2548355397361777,0.08809574106061659,0.5156372677772464,0.7043144609369133,0.15601424478789463,0.9787563630911287,0.036911060064783646,1
-0.10781448001526239,0.9214562853507987,1.032084493180819,0.47993528863962065,-0.057826126420564616,0.41571075316409367,0.8399556614620712,1.1163299938900122,0.7505934339759766,0.21132346376330002,3
0.20464469309026,0.7342533463428665,0.053963964984380004,0.24441299454582308,0.0019105072062679945,0.5978896027565782,0.6112681179638687,0.1609605451238711,1.0773219243828183,-0.0020874624278520645,1
0.7840132356351612,0.5657646028108775,0.626427896192047,0.19204221501951252,-0.0007633220750840053,0.5533662805517808,0.8438950899940607,0.5059011378594314,0.8733579437409285,0.9700766797862806,2
1.0282684299576614,0.2873013573471828,0.4866617205670791,0.9523590908959053,0.704645266168874,0.5901096973131208,0.9702884588950654,0.6475441709272962,0.8629175966404946,0.391744807439844,0
0.4585096557556169,0.10102750365237811,0.25325216063324885,1.0274136960813944,0.9559673415143093,0.2854610336250487,1.0999435819577243,0.45977644069482015,0.7342185340822066,0.17012002245821103,1
0.2896685555014449,0.7333836025780589,0.4173327371168294,0.7121089228886992,0.20120809609010915,0.3152723403236496,-0.23067912606090712,0.2520420342310694,1.087108859829916,1.2482413157535437,0
0.5457390411866045,0.2707821781922866,0.08865508431927098,0.9766514067403167,0.43359284558376693,0.7844732040142149,0.9963112884940236,0.6728599840837781,0.5188642259559826,0.018530348333119787,1
0.8924763935266351,0.4651141886122425,0.9403650768440432,0.37401712605190274,0.07782369701759764,0.4111447983290876,0.681725524364582,0.568485944812579,0.3487962583616642,0.26810486522050253,0
0.9390641570594991,0.3697312397423831,1.0744245172863756,-0.08787892278120468,1.2448447881273625,0.5303513407981923,0.8725292251254735,0.7435885544254066,0.9965581232943015,0.7188713322089652,0
0.00275057407474633,0.1055855072767278,0.6304987343780741,0.26527433804902406,0.033328463923561875,0.2200322095671012,0.5743304695413951,0.23197413690519314,0.6815083172054279,0.7733806911220086,0
0.5171633120207666,-0.0006883686221338713,0.320750270212452,0.3034612597182335,0.3286380745356838,0.6186177394129768,0.5000771209050189,0.9338449802203355,0.3988774251987632,0.13628216103340818,3
0.3991935714618923,0.24119053350896907,0.34133092010039257,0.7331299083322891,0.23120000144565045,0.31204318996032726,0.9529487299856084,0.026969872105697505,0.780442623127104,0.18017528606904093,3
-0.43141729597035144,1.0173288436418166,1.0535202761657907,0.025498990395151244,0.4429595981520867,0.6191742324132048,0.6502608282737753,1.3167316480716946,0.9051395162975534,-0.06921293896453617,3
0.5606113754377117,0.5700339606425326,0.9405033506056248,0.5400484258308376,0.458968742379788,0.7119691416766681,0.5121595887865251,0.5598647720032127,0.1428691530328714,0.4465431509276669,3
0.9611427716529636,0.5288404673120162,0.7187793049628395,0.34518172114910206,0.777980928560631,0.4632566447674181,0.536909002822558,0.35237871302435175,0.21830893285089142,0.6989946075351589,2
0.8911195755642124,0.8646236017348036,0.9236598702736484,0.673828942104972,0.619345187410621,0.8207648694430196,0.05785732499935824,0.7772519703742328,0.6854157826788632,0.5626056633507547,0
0.3153327296949886,0.013350432151912991,0.6724994540968288,0.25877473142029744,0.9141818887354705,0.057951196857422914,0.6535204542238539,0.8849834452858351,0.8550944836548371,0.2034050179405184,0
0.4948287916070956,0.3367134007513845,0.7807046769704243,0.34340362647872485,1.0473331466737141,0.1341887772400847,1.0708993557741728,0.3655061105468763,0.9719901741235871,0.04204296017312814,0
0.9264094420956428,0.965064066172513,-0.12535886245251493,-0.49790624614709433,1.7306887598103502,0.7730077606339489,-0.3406176683852201,0.4783060313182615,0.21154787404748043,0.5628793627792885,1
0.5331824221096149,0.8036361309138057,0.5324582383587914,0.35880744489514127,0.44092576747513623,0.7896512282300794,0.1620274099913229,0.8144519820532181,0.3484037056571606,0.3877133625357746,2
0.17482854550464838,0.1565871143683777,0.5402222981367759,0.9397518255751872,0.6362062327403367,0.922264657609936,0.44028266683953693,0.1147214352628774,0.6645449791444782,0.7246481737249704,3
0.8508977538842705,0.48642876251784317,0.25630531975560633,1.1178959031393727,0.775885089809893,0.5636411842186294,0.8783623050446292,0.6237363490882075,0.9983339197619161,0.6025399759877287,0
0.03642173116063818,0.5508559362670576,0.35671346220354544,0.1805150720762357,0.9487226572407823,0.4561958394904273,0.9199038081565614,0.3588377689507272,0.2036745192893502,0.6285603791894799,2
0.3541974834300608,-0.07464007076024007,0.8942351574731429,0.8616197032255891,0.48118648230827155,0.7885782606024693,0.1135996206110495,0.26178322258432535,0.3576345078908962,0.7989983983662499,0
0.6431834678533929,0.6056908081620053,0.9877400392384994,0.5954664560646943,0.5117790622870535,0.581438636819172,0.5266972102772285,0.4740420812168842,0.2175967272428446,0.5119156143330618,3
0.4413856806906267,0.7479342194760835,0.8797629700458379,0.8366668573812305,0.19494009762133022,0.09806710718434088,0.2978975961193478,0.5137049860651846,0.17868856490617469,0.17441393766434538,3
0.324069236056124,0.24813051617222565,-0.11295511697269262,0.18923290456732045,1.1654568327604875,0.2254531218441527,0.769151839924698,0.2126231157460145,-0.05136736786911761,0.3109606522541031,2
0.31404938077552225,0.12963122125884818,0.6460493462791869,0.8686140611643286,0.7560519948916307,0.8655752763130202,0.5596912052453648,0.22300386328709432,0.5187794477156943,0.7352573945405161,3
0.6226121434327229,0.1728221701776241,0.20880225519951195,0.42388519381833667,0.18408934718274014,0.4722962828437105,0.3559430979165577,0.8166159752464556,0.295983493780583,0.19203085910391646,3
0.4978997145265571,-0.01842251492370654,0.2878688414089717,0.33781782197314214,0.2739535846562735,0.5529203697559713,0.4691155185892679,0.9328917818862105,0.3907838739391206,0.04759771673990154,3
0.8577296635277556,0.37620566710786485,0.8031296352728395,0.5660662233037373,0.705237860665491,0.27315219791960704,0.7270272226496286,0.9880501518994672,0.9979299341150648,0.5193221829639522,0
0.23053225861666088,0.12360679053876134,0.8326643399608066,0.26749900681774486,0.8066398917407811,0.06768805301167534,0.8096656771430315,0.0912659667457221,0.24108489866354887,0.7841088303958068,0
0.8448813465158762,0.142453044834842,0.6495570377098475,0.08175444740604525,0.5267811537366478,0.3838845578102539,0.21422830444164265,0.932175477586146,0.9392245892360109,0.8195893136828103,2
0.7195994668881975,0.16277470532448263,0.4849739304273241,0.4762222886247298,0.6501046496041756,0.47061339645827904,0.012477121176964957,0.7362166987009849,0.2677796854424244,0.6405266197797392,0
0.023915154318457844,0.9060584246305758,0.9027947136519818,0.3935447306893753,0.06455637106813658,0.39460413186320065,0.8294091089908165,1.0312425273064123,0.7330140012215083,0.1190460181681322,3
-0.2635784739504105,0.6943448127252541,0.35609042647967526,-0.15207060490754026,1.0334448830275818,0.4359836086856935,1.1602602546032752,0.0859837501672282,-0.01939222241034194,0.8290771836480816,2
0.8613923399798058,0.7168626151613532,0.6139808890078858,0.08942855406146913,0.5121544600647324,0.9278076862713279,0.5830218214707749,0.6531459092113294,0.30790991871576257,0.21472749974674107,1
0.11485304178010403,0.1555379005085738,0.2670356241248203,0.7213738553678479,0.8243092935575086,0.2825773955334781,0.444763762257808,0.8244936505787326,0.6372912171807706,0.31707714117432234,3
0.12946734199458698,0.759465150039767,0.48842130812775875,0.5634176530358136,0.13870971506859014,0.8335004186216982,0.5303597452900272,0.7421444662498632,0.07160164918109008,0.7443965533187391,1
0.11175357145952888,0.8515829500083895,0.8208959618517839,0.8112467460304212,0.5301297868933044,0.7774408226891347,0.1557374039652354,0.8335536758203702,0.5812010454764788,0.6083576026807606,3
-0.09950196905598474,1.3236093086127745,1.5864660876134544,1.2445591811367909,1.302017570784822,0.29495704973433834,1.2689630104413143,0.4167380744415383,1.387547904452955,0.9147188889761454,2
0.6671621421606104,0.25613209563459705,0.357922471915299,0.7541614285490382,1.0971545380956242,0.937769255374325,1.3216482757132555,0.5672927499380236,1.1638869916265815,0.6387493362637795,0
1.2509283022869084,-0.11640563439190943,0.9443185035280383,0.2896759080753687,0.6709824469407601,0.7520434033042351,1.8149197885415025,0.8795382249915948,0.8621034977356115,1.0166272587825813,2
0.08255308847307165,0.8236467069834214,0.5488737548435942,0.5590345121135447,0.10085179059001481,0.8666292318665715,0.5295968956589705,0.7008712318904741,0.13341876786279347,0.7585566122415384,1
0.8313758732175377,0.18048585755756963,0.6311570563646655,0.09449769272890454,0.4958530370365929,0.3974550117307588,0.2334255106906426,0.966806657428966,0.964055597354329,0.8256515873910109,2
0.30544636021494675,0.6624764425011621,0.4080549214385698,0.4415937265596392,0.25362736183474344,0.7877057398733539,0.5980441763718529,0.6463191025833674,-0.08522438538191454,0.8693729105382046,1
0.1884089710979462,0.9233460000271055,0.9610949872502652,0.4877875136211767,0.9439651573195296,0.9675034404163898,0.9030332090889975,0.44234616319232417,0.7858929566718518,0.7904872773523329,2
0.4949177120697417,0.535146985518388,0.2591182722196897,0.6010251379600605,0.7967321298475594,0.9982349849427785,0.020449427529315185,0.7465928727984873,0.9771670823491746,0.17149054435049782,0
0.8601664222166107,0.16385539839864585,0.6636197879476919,0.08126903177864958,0.5325589055001746,0.3720980978861398,0.2119849706947909,0.9381868126500537,0.9296246190058518,0.840213011381184,2
0.345503481107429,0.05315961221527711,0.6597119205507364,0.2451594202280898,0.9578961036441843,0.010045304966388831,0.6075897967381629,0.8688585530902186,0.8029370468500487,0.13279661072645166,0
0.23331468395486943,0.12841599561211892,0.3317682694898325,0.7980097347151779,0.845293862290559,0.322718862374728,0.3479780405828761,0.9369527091830082,0.5906729416866169,0.26765162566308687,3
0.12592322472804696,0.5166321249365232,0.21817534758914,0.9631127746735839,0.10793535628646526,0.46773309002011665,0.17069751408899278,0.21550846442688854,0.5439327249321486,0.9422438600403769,1
0.7769077201515899,0.5094635082795607,0.4250031046204145,-0.0704242247827921,0.5312295423004624,-0.002714071760107054,0.7929181487603684,1.0742001583725298,0.8277647241563872,0.7322182764463109,1
0.8947689836756246,1.0801324222897932,0.9707376945756414,0.3621574185764802,0.9786980595391191,1.1626677407304982,0.008567354233259675,0.4238829117532594,0.4443530654827223,0.6823607283284981,0
-0.099972052407731,0.6474252585025725,0.16001126547415534,0.623679633467082,0.6224229421070102,0.9040814118815861,0.7975604739995248,-0.18942824180247958,1.0378756935305014,0.10975436896144669,0
0.335535071756186,0.6892610394055645,1.1654357020960302,1.1645201712985291,0.3079595018557171,0.49000347919941717,0.13463313921114395,0.5906495983426326,0.105678269255808,0.17212590638408504,3
0.878601664904411,0.40276720496611074,0.8106363675169778,0.6159947536454636,0.6093138381419033,0.3101593620130274,0.8559846500951859,0.9718229121760028,0.9195537943300905,0.6591281865490983,0
0.7918951504385056,0.21359096899540594,0.5105782699500597,0.4562920072047652,0.17434434082747918,0.18653117318003312,0.23968424921985768,0.7810717590554352,0.41031592114023574,0.629090727403842,2
0.23155165367592137,0.0840972628347148,0.6565617831533738,0.847835777888683,0.7072055737867082,0.8313228194658837,0.5777015961185942,0.14586919715648683,0.5822727176684095,0.8141465353399767,3
0.1474929983968005,0.4808334950642965,0.3136104623569569,0.9636812311521461,0.6279651965082105,0.8168089684616234,0.3734338103011723,0.08860151263266292,0.17380336746495742,0.06992053688377704,1
1.2418976317746468,1.0001412841405353,0.25613856384353395,0.1300208760053999,0.4138131456686212,0.24913969028723437,0.743526576268902,0.998630959522322,0.1655528936755486,0.21062708662355434,1
1.1530808364890017,-0.005568141324093917,0.17242718085966097,0.5354053998126062,0.2977782045710285,-0.11892782935168514,0.6226802676679524,1.032813593674251,0.36742282207835725,0.8078363013357887,2
0.7444800167999921,0.5617611017795459,0.49913617130605764,0.2531656722212589,0.511323394821167,-0.1794235572576736,0.7412038953932912,1.212619552178892,0.77039449761889,0.8694469742631028,1
0.1271508750037092,1.1735223873435214,1.0317483958069773,0.3484923062936797,-0.045790553675390616,0.33558465624160405,0.4936981528074819,1.2518383717504813,0.679566542574775,0.29427239773217506,3
0.529457623857067,0.24133335882938095,1.1988781766743588,0.8716375259397801,0.900317676119533,1.5015590440473003,0.34544774803023587,0.9424030867364094,0.33293386729434593,0.039842498147274884,1
0.14370342072210857,0.19574901068210399,0.2852290927354154,0.7132401274068702,0.8883520866121313,0.2528791624407457,0.43396911695160656,0.8210552849913803,0.6573994183048757,0.2935267855102784,3
1.0865406241870734,0.6806599337544577,0.8672615152738211,0.22636622156841218,0.5112136910477455,0.5152081658153326,0.44963794124101125,0.5481091405896817,0.309037731986546,0.7264509554234415,2
0.10012700945173991,0.15414380541269143,0.3400593222094315,0.7877455350117267,0.8247348147007495,0.27600588416677857,0.4048414312436612,0.8398977539532996,0.6549933877502827,0.3429267329972241,3
0.11694711209901551,0.9151808850427408,0.8682516131889124,0.5574043274709709,0.4377928556993639,0.9120628131812436,0.18514273649715693,0.9461573447467913,0.0004508240032577403,0.24000609048560412,3
0.30184325970495424,0.066778035541898,0.6671784094506471,0.19551698077998067,0.902634896880526,-0.00026770837899438207,0.5536789849406988,0.8590452589988293,0.8709326942375906,0.08068526971132932,0
0.19213711362781755,0.8601023242426485,0.7419006084527986,0.6908538270000458,0.3554378680028325,0.9280704478724573,0.14176410246822144,0.8374315132839376,0.07999748209900849,0.14188049750165327,3
0.12144431846174845,0.203549668577672,0.7585457564100038,0.11444959280820259,0.8358492396213234,0.16675371033862285,0.7293413138545624,0.17048124356885128,0.17530037872175622,0.7147622581631707,0
0.9201328162990692,0.6327914386714448,0.7611342319785532,0.36915434981173145,0.5954981734239613,0.6973456462133204,0.38735059570050584,0.379445638551349,0.43502033367060433,0.7783695530016401,2
0.35663650792259594,0.09312562665483645,0.5583284936372896,0.8933797648281019,0.7752384119643718,0.8871063025278071,0.5686600146554461,0.21338433225984973,0.5452136756607419,0.6720012718427201,3
0.6386050935849642,0.787869883561913,0.37659484613295724,0.040348995832019924,0.635914790434354,0.06678993080037104,0.8610026680474429,0.992904589703116,0.7898491446080591,0.9198919585789704,1
0.5364082901236832,0.8013579463275217,0.5412319363554579,0.35480022757183227,0.4446925746314207,0.7925633278533252,0.16367204660591483,0.8209136747859772,0.35776195216935225,0.3949317615409164,2
0.11662091868969338,0.7065846952562778,0.5436706065761232,0.5101407019901982,0.18738654492542764,0.8722716521172201,0.47266635892774167,0.6635100445747638,0.161962713565859,0.8007262527227317,1
-0.05588320735281374,0.7105553627507006,0.18735005439841945,0.5110272914177364,0.3561802201368473,0.9982938865230822,0.7342977944194453,0.0649592906819506,0.990335766139626,0.19556335334053773,0
0.6051980018911443,0.4732543099158283,0.7777565966014377,0.15019553714793887,0.2917557537886742,0.8972571356249833,0.7514019252420081,0.9121411653492938,0.06532629979216947,0.12369939238171027,1
0.330734088174506,0.2153837814519556,0.5866939288200609,0.6790113782579931,0.10622735815139626,0.5330447759012663,0.3541261340307182,0.526127763122489,0.23236469283031755,0.7599703988485251,3
0.7401806172128851,0.840928003625921,0.15980335197955786,0.7114412478313634,0.5004812629880866,0.3959071216902445,0.6361166336945463,0.03837574411099718,0.5440161681145257,0.08191714062189373,0
0.025049704329549588,0.557483266663912,0.01265514865183065,1.0124668248246,0.8849485751493382,0.7320613572333508,1.3558031189793556,-0.30324368205768665,-0.11283868307045342,1.1713293424825886,0
0.3887018945524878,0.1895598397774289,0.3309678991717042,0.7446974904529111,0.27076626754833666,0.32422670426851535,0.9940761671287088,0.06227559118340044,0.7924414301268312,0.19132560973660345,3
0.7672702852957247,0.689076380728237,0.21731675032588452,1.0210794745251268,0.6490839853877621,0.6301871783354424,0.7738807845181495,0.9502352213727567,0.9200193662851289,0.43833276828145856,0
0.8908807797695281,0.261264241703912,0.9570854474212669,0.42667650464343027,0.5278441264198928,0.6480027444805537,0.207863703521617,0.6992195876014851,0.8422590431338971,0.8461375311838651,1
0.028784531881217944,0.09466922581587259,0.5943935468312859,0.09038024131328051,1.05090048973357,0.6497718402593536,0.3601454957034613,0.7884678740652509,0.6370045900233727,0.5938104011326342,2
0.976853246822288,0.6169418153546576,0.8556010641431022,0.33897957763364056,0.6640922495513483,0.5505151038112803,0.410481879536788,0.47917721592442,0.35246571069693183,0.676359046591197,2
0.5485177653487125,0.8761543789703241,0.9620940395255972,0.8177782268510205,1.0009085127727277,0.13650420674014957,0.22062517798474685,0.4690043265592623,-0.08080415132112428,0.318423072576296,1
0.643551445871717,0.6362928554138352,0.9408929332275054,0.5151924151457942,0.864267930088028,0.9466083728712807,0.05720258928781633,0.7162420664773839,0.8477894052628152,0.6153459132136636,0
0.8298655611538852,0.1538528635152177,0.6575843749376156,0.10675651454587351,0.4919267021546586,0.36137491380932785,0.23892920160382813,0.9320582674172103,0.9353732049759271,0.8125761971702217,2
0.57634079534736,-0.27059132846111944,0.6870580698660157,0.005177415421007442,0.6488035098558975,-0.09121214587953895,0.7446848351559454,1.0793813294457717,0.9417660256852766,0.3146311892987169,0
0.0865160439823375,0.1658148332093505,0.2590584348412285,0.7809311617745218,0.8221536383995548,0.20097963432467775,0.389995567966738,0.7754604471828318,0.5896574019297585,0.2145985522626409,3
-0.002814422389649255,0.09969785045275194,0.6279174016676206,0.26659502466029555,0.036208774030833446,0.21868423441083953,0.57447680151042,0.23883006358730655,0.6885354517314755,0.7705184997791215,0
0.8228983646768173,0.6146535195400334,0.8111394148386539,0.6418913551173017,0.39313857286722753,0.4686682334457595,0.43172016675767616,0.33347150309881224,0.2628655473704445,0.3346901049725458,3
0.7163982058645054,0.9350029168572906,0.5892575657562782,1.1392990640824303,0.17523036447805823,0.8777408502090636,1.3674643595997695,-0.43858661024572276,1.6146775748729016,0.8602872652016336,0
0.7160866792533085,0.585643231361102,0.906151341815973,0.4627034051400578,0.17914069575043848,0.39354872193539153,1.0031345285721192,0.5627404862235474,0.1684923232364165,0.05881756890106804,0
0.9147169131338855,0.3860458122709524,0.8318632714339746,0.19207815368919773,0.9873513468327196,0.40960849132033006,0.750486749255446,0.882733247050236,0.7353383092987513,0.5991195596717177,0
0.7294203676567658,0.6799379361835459,0.08811526707895156,0.6996074658885143,0.5383300511283031,0.3770812210576972,0.651041977887996,0.18765512037337895,0.44441059830618923,-0.028367005213889955,0
0.3659038978055896,-0.14869830605100362,0.6918583014846313,0.4224447036948447,-0.014892408199004864,0.15652673352814134,0.5017120224945615,0.4266320734541146,0.5453479713601971,0.8078187082865527,0
0.5069701559890316,0.6593511952588748,0.14558863791448012,0.8514076763582501,0.6060506099212333,0.27868846657997404,0.5512074076925844,-0.10510863841762752,0.39899510250206005,0.14386747590393575,0
0.10910464495785609,0.6987203189791469,1.0609937308571387,0.10123892077282295,-0.04585626586657213,0.22228798661857296,0.7268616652786921,0.7243583135806462,1.0106985529234462,0.26482312905098704,3
0.5349992999882275,0.11430619934396616,0.26765317034065633,0.6705349144347688,0.32585595464469264,0.3399577497140017,1.007142983791799,-0.016888550723914285,0.8331055213206519,0.2528466811735248,3
0.8258084641997695,0.37841356328919035,0.7504214250125143,0.5053715598902287,0.742771852728368,0.6768987428452005,0.7741359563244393,0.30274356938436203,0.3204518615646345,0.2660450109837249,3
0.866318036911062,0.5853103096981918,0.818013938131381,0.1717938994069852,0.16500562121433776,0.4152011260242012,0.32997823482291416,0.7807657820416651,0.031016278836345335,0.3986481134502091,1
0.283971598375369,0.15047722929360968,0.7218972277466478,0.2662998966544182,0.8214287333437265,0.19916529259859964,0.8133813375666641,0.019161520052220035,0.3340147271362686,0.6681222095959802,0
0.9496217722859907,0.371128537568297,0.8272894460601189,0.16821387002791316,0.9763191188702651,0.373330261846771,0.7626825097664762,0.8920626971743547,0.7087269329223698,0.6039659286439396,0
0.10942014656244173,0.6214805098778178,0.5053723564856639,0.3718558697311135,0.005157281237649025,0.8317519516184436,0.4564408766968497,0.6207021261266061,0.07207153420588251,0.9323115994819522,1
0.4158910573550332,0.19944562875543614,0.29815129895793135,0.742314335727645,0.25174509291704905,0.3030000743450686,0.9729427714519961,0.03561786333586133,0.8076743398343117,0.20008524185999113,3
0.8107162700839847,0.1216912536534131,0.6134122252668659,0.12312536696714758,0.49174992156209785,0.4152326556362137,0.23126011193802795,0.9241791154340743,0.9596551834819648,0.8331793987076878,2
0.336232476079127,1.021591514178236,0.2977456403878708,0.5902377579600055,0.5105614182524809,0.37259831260184584,1.1823853985048571,0.30793523037819887,0.3329857673647312,0.8857929291899603,0
-0.007069336845064226,0.1184841919010744,0.6498154711120169,0.2569060831328373,0.04140689848639072,0.2217750153041321,0.5545112976921648,0.21958842691698935,0.6605301361018291,0.7753660571353351,0
0.6916818584465425,0.04860417582550103,0.5390479282295823,0.49810416981279676,0.5531084905998159,0.6286293794166927,0.04696524878866701,0.564753931147275,0.5001224131400279,0.664864378256865,0
-0.050479846261517594,0.09607737234589538,0.6668665666565025,0.22609996958110642,0.05675501734950156,0.1781333910401668,0.5531244125756627,0.26098057402597225,0.6221322472461432,0.8294377505172575,0
0.6782672726203066,0.3180119750992285,0.7183650024422522,-0.19718065231569537,0.1323162055453227,1.043197429532392,0.9900401883235754,0.40117978906053897,0.11562496784613602,-0.1182993015923865,1
0.7010283992265673,1.0248731652591365,1.0283098633299435,1.173438798831815,0.8541813525532513,0.4775384482121824,0.6184012991571604,0.4142960289911958,-0.09727636539954909,-0.11132256931332649,1
0.3519426213575198,0.046655343676427916,0.6388481966790184,0.2435095563511237,1.00834576174285,0.00585318760800313,0.5860238175279554,0.9060936316937594,0.7786634641296433,0.18919022165523447,0
0.11860080426231394,0.9171998427231727,0.8568888522463566,0.5687375410296779,0.4384095215314416,0.9126962837072295,0.19281058173215782,0.9509699342094288,0.011932980111909307,0.23111109472345628,3
0.451106830796915,0.02618925533809159,0.7688512753934869,0.78185666300816,0.7882509414736083,0.6969338877189434,0.4418273319642082,0.28221994397297395,0.6113450064686159,0.8316715923217383,3
0.020528893747346982,0.837756994995083,0.9398695224913393,0.37827641780951926,0.7082660274482847,0.9674152293379958,0.7579338653319387,0.5980612963159571,0.6497521375908935,0.9805100002729343,2
0.30188717302186635,0.435778478978292,0.7506807833610165,0.8515817595152406,0.25844551744901134,0.27655846213291224,0.3611448662233049,0.795696615828962,-0.16742877054638522,0.11448783970665508,3
0.7475266557277134,0.43557940057942635,0.6829645944120138,0.3362801753728454,-0.0754981545047233,0.25407448043145187,0.600368632765155,0.6202147032843344,0.19434515225411075,0.05389805581755261,0
0.8482948789081212,1.2610590609162653,-0.2131245855710558,0.51400647697707,-0.3138510747260147,1.1850970077018288,0.07854743214346382,1.3161221145517699,0.6595636450911502,0.2816962400989373,1
0.23715948768518777,0.9519010619830355,0.38293267858479224,0.011288577349975092,0.1811105799775612,0.9058053296176595,0.5417598678973077,0.2543348616794381,0.7598484127473706,0.5529828291573664,1
0.9417579308870133,0.34790519944011694,0.41916170533880986,0.9716892684821659,0.6405613122488149,0.5347257748778944,0.9773456922296351,0.636173453577369,0.9156050316476678,0.463299652590766,0
-0.023457708567894107,0.7143555568793692,0.6599745987438407,0.5791848626675393,1.5018503939840995,0.8151273724235062,0.9185741539074501,0.0305328483505809,0.21473304030751073,0.936713660454763,2
1.3366761182019316,0.8562873994882297,0.2457510823174428,-0.0760907651742399,1.0766985013474615,1.2932474149863449,0.8222138913804535,1.1594252061647583,0.630789505684269,0.3523103554515675,1
0.07036952319539393,0.643827237241844,0.2784683014949207,0.5846007021217927,0.5028119232358444,0.7550034633742166,0.6480888322738572,0.06615817264266864,0.8892629647024486,0.204017691058267,0
0.7876016433993535,0.7749986190690089,0.9208155091430157,0.7294658753487631,0.7202794923507523,0.7347031916914416,0.23961062366441938,0.684340042896088,0.5808411425362249,0.5877384497548044,0
0.693934566422398,0.9225843666113759,0.14739566849002037,0.6011463007394572,0.4907735071668418,0.3423428933775963,0.49284510597644887,0.11377154693519238,0.3995531993126358,-0.07965073270474327,0
0.7071524731817983,0.963204927571549,0.16115330077477624,0.7547319942458457,0.5655428987914668,0.33853911273395015,0.46242449077011416,-0.03578603232347792,0.4034245446538714,0.07285368965268917,0
0.6749757431944022,0.5860751747430684,0.8165705178131781,0.5822041013177853,0.4896267672563697,0.5539609114935438,0.661431175635333,0.45418361008590813,0.17765442706980736,0.32291558259223,3
0.6485758179154316,0.48983000962864187,0.6347231032568588,0.3821543436582495,0.11496135612959016,0.351268742117255,1.0779491693669125,0.48727236031337506,0.855758463814011,1.072655782687908,2
0.4689724073179743,0.2981556084972259,0.7677277589126128,0.7299617452535602,-0.11554064568036404,0.7360154668712203,0.5660280972775388,0.2979990449499458,0.10059269008526861,0.9861500184005254,3
0.38841406366385484,0.02966215705598618,0.719668452179989,0.24032578955915304,1.0196440058869658,0.027849220192438913,0.6032345430175067,0.8283914337856402,0.87864852746125,0.15953749855769025,0
0.10640013913271505,0.8448880414867255,0.8387964427919608,0.8000992742445844,0.5517070396098801,0.7706485003766491,0.13616711935180179,0.8523147091316823,0.5824064951310496,0.6191258261871598,3
0.2833970329528577,0.9844780466686346,1.0157072351727976,0.9034153599678119,-0.789521537141315,0.5120217039139594,0.6773006425916216,0.920945829847676,0.7781859402622718,0.8904227708567568,3
0.4360087131470548,0.3407243277039011,1.010210753635335,0.453418077411215,-0.08764223031657634,0.29410250097614,0.42841314433617467,0.43676812000842036,0.4974225363235407,0.856850471465005,0
1.049895396873032,0.3560365460801242,0.9700685705081082,0.05610898352569825,0.8524947011072648,0.484866009784586,0.8074249928108089,1.010397131002955,0.6695734876924239,0.693004034579468,0
0.9532249098151663,0.3424461266590789,0.41164043313806176,0.9826471459763487,0.6603753271907244,0.5308086801735363,0.9911356335249856,0.6152832770547301,0.9204219961918113,0.4380619855197883,0
0.1801935021922942,0.7301928225479501,0.2744875469164555,0.5118836887943604,0.5543836153544565,0.818441814208087,0.6054980763841963,0.02173482539111188,0.9404976871870215,0.1748673382079217,0
0.212515824216954,0.6796550367956471,0.7258305729344395,1.3061898896022284,0.30068414872872584,0.359481233369076,0.45654322471492925,0.3266005462856613,0.3575856879381511,0.5871760268577191,3
0.07242882255318608,0.9240762278160148,0.801248701821941,0.5852084123474669,0.37504796666184825,0.9123510899284236,0.26479223602851854,0.9138979272607732,-0.020588713043566572,0.28948956568615397,3
0.9312772181322806,0.3854388439659033,0.8518185350766746,0.19801909703543644,0.9788650093322067,0.40537370310920684,0.7467638558066924,0.8799173240512601,0.7138372074778768,0.5959336463592967,0
0.9608159434612006,0.31172773655630587,0.9387071615984532,0.12836477874586116,0.9680450261934721,0.3496837977550257,0.8040093073628789,0.8548307768148103,0.5669131139749011,0.6479456471484624,0
0.5075117967681856,0.7325463719146642,0.8173517869320701,0.9331626575572431,0.6577806582509286,0.4576055013859028,0.46598671553278603,0.3453509266773581,0.22287743546136377,0.08685176141592467,1
0.7595823430935579,0.6271703081502064,0.5509157253548501,0.05305346906088875,0.48312967209088153,-0.003058745299658985,0.8030763620163882,0.9454870180699524,0.791753237967375,0.7994491411848018,1
0.10166980548394333,0.5748146025498191,-0.05123070541180268,0.33469320678443054,0.025718518253692847,0.46295680602561234,0.6914556996096572,0.08518951753303454,1.0819059312320392,0.019430648601313993,1
0.03217560617802482,0.6272528092711237,0.17041362168258908,0.9628658017706436,0.04115405756530933,0.38386998416370033,0.24874803985840338,0.22452319195859918,0.49000809951058577,0.8988825455718364,1
-0.7477223406404031,0.25369501821439516,1.0215914855379598,-0.2753075739745686,1.0948654929053516,1.2369249932298911,1.64909773520913,0.5007168081937742,1.1295455316818948,1.4953470752860758,2
1.4015362053581162,0.4891228481096124,0.8231954458210587,1.14819991105242,0.7008296773084022,0.6130939487076621,1.0984861588965857,0.1905527260784166,1.1622659888098537,0.681181972851508,0
0.23838728049186042,-0.361504598081583,1.1424567108951802,0.7213172365402607,0.9593310209981919,0.30768519937193084,-0.4225547844392057,0.8705165406960156,0.8595723390250198,0.8684137999881711,0
0.14774169890179445,0.7822608281203366,0.497668582488706,0.577934263854473,0.154185704429611,0.8488569265743019,0.5128225145593124,0.7221068676434638,0.09322916149074509,0.7439257223089248,1
0.9327164766172592,0.6654909327433239,0.4764887933543081,0.08986010942702118,0.4420607769665313,0.803780751981607,0.667790313260093,0.5759684226357462,0.26079458524092053,0.07881970118788803,1
0.33085321293227793,0.15164849764091057,0.7039421491316002,0.8087851038816827,0.7670933658495066,0.8405266165996818,0.6123582142402569,0.1472320526428163,0.5397341425988308,0.7463335163221311,3
0.9081430240357898,0.3923994038050691,0.8431882466830993,0.15324127776035285,1.0206042419197625,0.3748994644697796,0.7747557329727182,0.8811352659739595,0.6929873104079699,0.5522144064438635,0
0.4333645504460092,0.7766569810400119,0.2751794398356314,0.7640912303134593,0.8970913663304176,0.19677630830420006,0.7784283329282357,0.8899307694916099,0.13873631331243186,0.4014222338654614,2
0.17707529348264917,1.1951850094372756,1.028909243118099,0.5191425237427838,0.30967641782821986,1.0562409965172457,0.10105562651944797,1.0580599692778894,-0.051288369441741186,0.19708014296084164,3
0.3532104411585998,1.0444909270405118,0.4447026702304797,0.5002841240781974,0.9728325668254891,0.17238052740913617,0.7002983351015528,1.0065974787727818,0.22831191690811933,0.3290932974992898,2
1.0613055035858625,0.5347231326355124,0.5292243886898141,-0.0701320820445692,0.3391149854549182,0.6391822860710213,0.5680058960160788,0.666558534865471,0.11020709562530126,-0.035949156730707074,1
0.13864739334233,0.15766780911416522,0.30982886730055953,0.7264719001058972,0.865074422872229,0.2803898446226959,0.4484617434760013,0.8153051321304492,0.6660359442763992,0.2708330119698091,3
0.9282822753366061,0.2560756170179745,0.9164880063344043,0.4085795905689444,0.5310083321915328,0.6268445820936753,0.22686900156081005,0.7265289179397697,0.8864521191293139,0.8001898661922447,1
0.27206435323075406,0.8459404045952175,0.9948964995591407,0.367330853494675,0.3055749241840028,0.4947048062562215,1.01256634623987,0.8748333260147457,0.6220617727249407,0.2780826727404117,3
0.01939256774567577,0.7719883146133708,-0.09034106022625638,0.08810886783444996,-0.09769475675553757,0.6816466923612111,0.8436537844621647,0.06335459792637387,0.8442340862611749,0.08934201982079823,1
0.708981523611079,-0.14075989185417753,0.7213509984280646,0.6836907339094949,0.24954231592076723,0.536370924009812,0.41934837596224317,0.08459427699317613,0.7045123769889299,0.497219520196868,0
0.4584268982996174,0.604508120518582,0.9304091210073987,0.5500457544526209,0.49376618658619376,0.648775692772618,0.7231916399818774,0.6854091899807029,0.011418347617875524,0.45613259667259204,3
0.3567165792469729,0.003268370998988357,0.6055072040700087,1.0440142465849342,0.9088786705004015,0.8352725552993433,0.4271297306992342,0.24446770578593818,0.6380977271080909,0.7903530348812053,3
0.21315584826042794,0.13467889449720452,0.6945417802670539,0.7948195300725167,0.13491412757355178,0.6604668310005121,0.4324518159669157,0.5857007942269306,0.2792370439696028,0.8837752256546044,3
0.24763204829213253,0.6173230267885585,0.37990885361916626,0.3940964425035832,1.1462077803500803,0.4042134191244985,-0.09516981479366976,0.8130822005711497,0.9389258395871429,0.3063097575046105,2
-0.007224257400333032,0.11460926121725425,0.617891205825687,0.2671848484849438,0.05187314800438224,0.2161626485041388,0.5647468809235779,0.21446233656617647,0.6627770358344417,0.7880228318590483,0
-0.10800095033058935,0.7822427454937593,0.8362493105700379,0.47174302859467293,0.10098011513342411,0.3891354578061124,0.8001195289259202,0.9512685697135271,0.6595336546389665,0.166381215646039,3
0.8054765376490202,0.8884191048216449,0.8752733665695652,0.6059882969717838,0.634020260271628,0.9116342796462223,0.14173338091674015,0.8268172256872713,0.6965256709661454,0.5106174598958245,0
0.5393313425964759,0.8043359017576005,0.5346891206977225,0.35666101865895533,0.4372957136507613,0.7930769259651252,0.1669464724640265,0.8164962864576404,0.3532194220044865,0.3883739066357005,2
0.7318930019622956,0.5110335591749054,0.9572464844093399,0.3042510992381702,0.06047538577940018,0.4683996277600738,0.8188269017380938,0.6319008354369203,0.3494310771154967,0.24968464181219455,0
0.7862167616329034,0.8582671558109842,0.686843029134456,0.5583308537046776,0.5149364737624461,0.720596360244628,0.3195063816049513,0.7631242250762156,0.637271438516657,0.4705205466522714,0
0.7719810588244378,0.42180160142885104,0.5911265767713458,0.4664086360781038,0.35883334919675974,-0.07160088303954507,0.36518090860613234,1.142774225719062,0.29593406899882974,0.4601875916807545,2
0.5565403467120783,0.5081009758287558,0.6892485168469296,0.32350904235525313,-0.11660322894947689,0.24094863890839363,1.11761763434594,0.6523723078657298,0.575799134064614,0.5472546901545174,2
0.7707151595039545,0.6116800207868535,0.49459460753666906,0.09133488145667053,0.49435970604377694,0.05747036039509681,0.757209163001848,0.9667191624876968,0.7689540005657562,0.7616285279304946,1
0.9599331344728488,0.33821655700511805,0.8466927352274785,0.36592198698867673,0.5228703477613089,0.6355413663037207,0.1858470936655503,0.6966282178175099,0.9177700828229229,0.7594687813093336,1
0.5368679695222578,0.2667989075679584,0.08984412736531097,0.988914153264639,0.4147842547774041,0.7759700619743223,1.0007638625045014,0.678666846901621,0.5141886610962837,0.01008460283489183,1
0.15467762872632893,0.8853113958281896,0.4473288495288875,0.8896752003810788,0.6289088048154757,0.20827332199604212,0.9191823999281166,0.030898797188825287,0.35795660496187964,0.8189602015053036,0
0.3639983932700986,0.11965416836692758,0.3949215145030986,0.14038233984017442,0.3601710708977791,0.6558390102207446,0.5812966219452802,0.07124103780841608,0.6878835028116762,0.7014941760717023,0
0.11012516826297224,0.4713519253446447,0.2950297339588618,0.9750312594172286,0.6059190526713433,0.7845003091500852,0.34667215362865444,0.09247252125536898,0.16046213447858837,0.07430971485619675,1
0.07381928860536649,1.0477836485836747,0.3795754739905106,0.7267198266415935,0.5902519915901948,0.16643380833692456,0.9559969333365079,-0.08550376075084465,0.24854975190918632,0.9510269873459034,0
0.299174578264458,0.33159975507220363,0.4525247746717432,0.23512009096200814,0.44538226906465345,0.7395617523078193,0.3716559406667823,0.14503878356899455,0.6764606225909572,0.6742374950448764,2
0.004306298909143682,0.11427570281554295,0.6404565389100408,0.2590605704227629,0.039006179803152616,0.2120598631091044,0.5628548126455902,0.23212179421267062,0.671559017724144,0.7659978118368646,0
0.6257283846711094,-0.08360524609438374,0.32340520598519285,0.5806632862982476,0.9235179240620996,0.6755062065613721,0.32723372089303515,0.9086993217123482,0.5822192452977977,0.9246465945557016,0
0.02100535084679279,0.09191583374787538,0.6300705474378092,0.29004370479465325,0.012921790898358768,0.17753620869390693,0.5466124071341867,0.18558220189743285,0.7286005819739259,0.7624682222256203,0
0.5373615576208097,0.7560054368985933,0.8521895809490946,0.8971093108790036,0.6831539512347248,0.4686280171646876,0.43493245982870127,0.37182305589071557,0.21050348299390528,0.06469978741296417,1
0.8531384420459656,0.442385797988017,0.8101895931381884,0.4402828360027079,0.10330552271299337,0.3223857051259347,0.8013424829829989,0.6316817852544849,0.3327282429103394,0.16293425182888685,0
-0.002100653957030521,0.10295319164669485,0.6266158402283842,0.2595494155082942,0.02772391682019823,0.2165471251884069,0.5725600744462305,0.2280648537660937,0.6846293419199924,0.7725072134849367,0
0.4689047921568055,0.5194003469270009,0.2050699615435836,0.6406991168363384,0.7683174557563851,0.9028368495492987,0.06167684472726418,0.6133895311348861,0.9760968691756073,0.213005627513649,0
0.4574026410274946,0.15579765557754718,0.8094909419974037,0.7475461297131718,0.7738924696017848,0.9792405731773522,0.6323458718694465,0.2545706860589643,0.6535558910619043,0.7966834245426535,3
1.0042759865409148,1.102041116847139,0.9333590631641653,0.7392044635057252,0.293678801177869,0.4900606649349146,0.10131944869265619,0.6755034822198136,0.35615882764694745,0.2890270542029636,0
0.08034827498792331,0.2907288871709059,0.44018529959925934,0.3406843287734711,0.9642748421864028,0.6608255808302711,0.23359366421162808,0.8723953107288235,0.7204909593086652,0.6575297938234557,2
0.6328837310790245,0.8405502259604598,0.13753364308816732,0.7088670088036423,0.5450495235509273,0.3875819175123289,0.5777462954055689,0.020930414402603265,0.5200496099280353,-0.030613955826290083,0
0.9824778361531141,0.3043958697113983,0.41246004122583,0.9452773758793965,0.6527473440875265,0.5551020409933468,1.0212655071953982,0.5870694239222858,0.8947480243289921,0.4486176434963475,0
0.5079276610075704,-0.19207922730058638,0.37628187355330756,0.32817282230727207,0.40716043666905977,0.49894065758011336,0.05071401460868394,0.6293728294023291,0.24648807878060722,0.4483888151651014,0
0.4702797700128755,0.039231834147185084,0.942103785505104,0.897940734397117,0.4773033680555093,0.7917660369452687,0.24899160424280636,0.0496235395573729,0.5983254680242875,0.6581849667851778,0
0.43207215070260613,0.5217302734397172,0.889827382746395,0.9675784996695997,0.12772456303929816,0.27730529516895236,0.15428771895674961,0.7407644701875153,0.12029396059421242,0.33949325809866204,3
0.9327643862527801,0.5326784679128985,0.7832769296446678,0.2217293734214218,0.7006763582325611,0.9180821560355982,0.4205820425587222,0.8589980571418174,0.33357605433584087,0.24220668521686564,1
0.5732752991349865,1.2375331631502515,0.876811188850571,1.205932553989146,0.03763153876822037,0.22656059759916214,-0.261030384412006,0.4657579165529391,0.7157062100838213,-0.2220303235670988,3
0.3740259264703334,0.22620797333100515,0.3891415673991745,0.772227140933597,0.30073235362032535,0.3371936247529466,1.0176949406263243,-0.025191037467200528,0.8132955029517052,0.14772182294483838,3
0.7617124416173191,0.787734837793846,0.9298675686179728,0.6440879145049003,0.4828312342957738,0.7827985538550091,0.05930416977707623,0.6607052325908133,0.6060325406787014,0.38468499174476806,0
0.09855802747086007,0.1816819405351512,0.28298226561796347,0.7246907855094773,0.8858345304277452,0.2360686549950088,0.4592288128667054,0.8559648236686146,0.6639515093044327,0.26832684834272974,3
0.21218919417288257,0.9311954694482694,1.038747784900505,0.4002336793205517,0.0990589451785646,0.3411581829923698,0.6944905425590056,1.1356620443682606,0.7823950256287043,0.27341245791697943,3
1.0503565742880068,0.2490984223279254,1.03363948344498,-0.03554574496916277,1.0719911747945305,0.5474107123117474,0.7060782024595504,0.7741437298290004,0.40940627917456524,0.8955446189973807,0
0.9416486483763933,0.30104057183875577,0.980765971835101,0.5548873247098329,0.45311006037100227,0.6450743542566133,0.12779282051702673,0.6762179825548292,0.9110522383361094,0.773497683589616,1
0.5360324648502262,0.7248993730237222,0.7111749080953647,1.060712068408563,0.9599602653920175,0.12817389394521628,0.6176247829934205,0.663475058473076,-0.15662153390322353,0.1514001112761803,1
0.29541746247265027,0.854498959909733,0.40505822170844524,0.8371401375744956,0.8499187970623875,0.31447482837368973,0.8648155246935822,0.9928676662230167,0.2294550822564943,0.43112534235113903,2
0.9484699416304888,0.7149375445101742,0.8713937942317831,0.3029388150950762,0.6005807024050729,0.49056739020519047,0.36759943649904886,0.4905837760907751,0.41010600596151653,0.6003606845616506,2
0.9007738572345948,0.1898376387489728,0.8628003790210236,0.5174608200512663,0.4946109031954683,0.5851862377543542,0.23215768511117205,0.7148068866990768,0.8657026004639422,0.7816578880013185,1
0.4302664509831133,-0.018059730868502058,0.9956572171904639,0.9462652939713478,0.35055779784676744,0.7718548107227409,0.30360849636190906,0.09561304764801835,0.7044316337853869,0.6347672369339622,0
1.073188394583714,1.4576554396470358,1.1152999667092678,0.4372675990097632,0.6036398637473812,1.4410984419711848,0.05123055654740047,0.22918400681777307,0.9120443475649029,0.2068551313582251,0
0.477168200396863,0.5484403931611885,0.20923827771449524,0.6396778515507494,0.7757093896742492,0.9282329165232843,0.0012174066510991753,0.6493418029301267,0.9762873207049418,0.1763778006250119,0
0.8780710154183505,0.3899480757103674,1.1604363031841751,0.6638423275818035,0.4975117462209797,0.19775052535577892,0.374137193458501,0.24436320521726945,0.7949365094814826,0.6587662887997559,0
0.11746391158307441,0.9804390911977414,0.8350039335327645,0.24679467808003336,0.029785530087396442,0.27678211456063423,0.7275992124182489,0.9661186554709488,0.6730871486018651,0.12653318417237996,3
0.15326963425141463,0.6987957743248138,0.3054452379087332,0.5193266935175731,0.5591986931034485,0.8580750276255907,0.5855407972540843,0.05242873120516489,0.9992314189773184,0.17938452821635684,0
-0.05476973035922805,0.21457116946743865,-0.19709667723730606,0.9694121932801152,0.42635576337454645,0.6877556375254343,0.7877757704151739,0.42870621260048314,0.9284471241618755,0.2414393407909015,0
0.7555390949785675,1.1126832498665804,0.0033285288336230012,-0.1336551215347539,1.3275883248897133,-0.9545473714374842,-0.27634471931853477,1.1092208372734844,0.7880728955532338,-0.05360618820756949,1
0.8498525395086345,0.3794641678208882,0.7700378515236148,0.5990777295767896,0.7437360582562833,0.27914894244479416,0.7141154211328561,0.999467943180491,1.003312641856987,0.49234815196110554,0
0.787818540894799,0.4610807786611485,0.8565352245679629,0.4250170732673453,0.7430933629828014,0.5960115813535221,0.5934247986649264,1.0147952711584038,0.18326445359828036,0.3565901917311995,1
-0.016206245069541235,0.5023608817304056,0.31147449907771096,0.14943176379973264,0.9599847071893277,0.4528510515298795,0.9679085376846792,0.38901724194478693,0.27713655621302996,0.6657749394917727,2
0.8609679174114319,0.25288788189928085,0.9208222224583233,0.5199704977307437,0.595111597671594,0.5728584213221013,0.1649578861450361,0.6938682160531552,0.8264007497470821,0.8899337140702218,1
1.0741813807909504,0.32721912181140167,1.3198361866394868,0.5441509889230299,0.6199305686607707,0.8828123847846612,1.1812779263817081,0.6343668613234648,0.5142482420475382,0.770555233828722,0
0.7154588666356985,0.3986560488416708,0.39214497825302347,1.1762357286264538,0.48788730124334134,0.3925887919469824,1.0201063801213568,0.8116953644793049,1.1411075226484555,0.4839506103465238,0
0.4907981088144716,0.21679556728536903,0.08416170351928161,0.9367165612412572,0.43389617916914897,0.8249997464134459,1.0277296834137986,0.6622403791510407,0.48587077751695495,0.023738408831683516,1
-0.00014336482929461257,0.09815256673771464,0.6180257324034751,0.26346180203965053,0.03815423521520112,0.2187481570548568,0.577480700211781,0.21241089317558873,0.6851992996800456,0.752003372244486,0
1.033859287331722,0.39532624197655575,0.3204979626468929,0.473654510009783,0.0005709357882022481,0.19373173045119635,0.32102812317222973,1.0498326318350946,0.3857896725598552,0.7216185363644252,2
0.3561653309036434,0.5916632430981926,0.4667230839933976,1.0630038294914264,0.9097512908056692,1.316852456132251,0.9521653756314699,0.3661531161269037,0.5364943785247958,1.07286402851793,1
-0.02211036712844583,0.5296525573589982,0.20168209076120208,0.3175302249829326,0.41039136648566216,0.24328508680546201,0.4003256992005996,0.39865434523263404,1.3343140334281298,-0.19451546474948805,1
0.4923730046939694,0.5890264782960136,0.5142318726323192,0.06092771291234017,0.6807660927370749,0.40676513462334374,1.1888202838264674,1.298185336955825,0.45919450936159484,0.9893507873255751,0
0.26670356365770886,0.6845409307897437,1.0604248852321776,0.3235582379428152,-0.0578112465513477,0.5955264474222197,0.8965999313362879,0.7517960757263972,0.831676897644278,0.3784101573041297,3
0.6081421062791661,-0.07412056310689893,0.11065423449253795,0.5286979464374763,0.1280150394994802,0.7695313807884859,0.2817673645293246,0.8080173043930707,0.2612044272954291,0.16531917228872817,3
0.4049732800500779,0.5869689848677891,0.8074882906740952,0.989482205362357,0.062391551110904,0.22941213645327269,0.22071652657497826,0.7962041848166179,0.23763968013958436,0.11189168549033801,3
0.13294532405140091,0.7107431731643398,0.43472960921650616,0.7291228767298661,0.8803204204178874,0.2638746337138405,0.9153900796382276,1.0826116667016017,0.5122120661114864,0.10511127788338476,2
0.2855135364903367,0.8292882426613363,0.39877683441352596,0.7131063602640266,0.9121864703009338,0.2958208986755232,0.8386738664222732,0.9493823635155835,0.2734856729951838,0.452018183547059,2
0.5723547744301122,0.2867406684092353,0.11307885570984975,1.0077521015443585,0.4616321745471602,0.8104151699458311,0.9899398390822898,0.6949387185188555,0.5372496842057476,-0.013822600278724232,1
-0.011733100402634214,0.6005561484486285,0.377370845422903,0.15178192881454372,0.927636210393183,0.5107251558752035,0.9647765606755098,0.41957053431545,0.31452605391119615,0.6115508109499711,2
0.3619548492018451,1.0374614078767348,0.42659545611397354,0.6266176161249363,0.9336148697735407,0.08215620043333169,0.7775593114868264,1.0719234805268918,0.0004924688881350336,0.717096815127521,2
0.004180283665558218,0.10760178479342417,0.6403628447840446,0.26132248559544136,0.03768145514069148,0.21347395382045958,0.5655651625581988,0.23408603600158157,0.6872225444802802,0.7807283328197392,0
-0.5598484466761218,0.42455434747675397,0.24744620788280475,0.5133403109696655,1.300842085830805,0.8453919732588624,1.2925287369412317,-0.12781501345594481,0.5183714676423148,0.7699891661893978,2
0.4358043118797083,0.23136857448655437,0.30027543394032086,0.6961669226062477,0.2676184750094533,0.28149569760710996,0.9773939089684749,0.02054786708616133,0.783454541295274,0.1800206582797249,3
0.11491942019324483,0.8601501806411597,0.8149947941671517,0.8072169165548646,0.5310011957095261,0.7841476324217825,0.15612806607299534,0.8385312676546715,0.5774969918815797,0.6031267952722117,3
0.7286158893386167,0.44463110580474513,0.6225836741432771,0.25844603452913095,0.14681787163646037,0.5421785421985515,0.9560401971153067,0.4020938066658621,0.7495489285748701,0.8935857205334099,2
0.9026504169514675,0.7981840579137562,0.8228359652713697,0.6504189792454818,0.6551601890758948,0.8011380739924705,0.07571710079708185,0.7796643847048296,0.7242286892039622,0.5397244927343074,0
0.33391378957551476,0.1709018922665774,0.6344980047810677,0.8723308569472193,0.7517499930807056,0.8675697774205837,0.5840570324549844,0.21173666263018812,0.5045255498666241,0.724731961083171,3
0.26292518971563,0.6014156205584049,0.7355900452836325,0.3504121401148958,0.9053910016758768,0.6560106981781745,1.1418666881199955,0.7653767893047363,0.6508567109366299,1.0589012877238018,2
0.5391131216725902,0.2631696714953143,0.09150853857910295,0.9780452534652727,0.4498966755611692,0.791074801129413,1.0159837038524855,0.6586209011360034,0.5376411251277327,0.0005429100772206957,1
0.3540709480888333,0.8643919498120618,0.342667082748223,0.8559290188573588,0.9251106395693937,0.1766381233279677,0.95151472797279,0.8974896494440533,0.19534395359244913,0.3963842187940178,2
0.9749792151319174,0.3059632653684183,0.6882438464945024,0.4637757674676833,0.08511283897642936,0.45148462332398354,0.9460464875894609,0.6175211664519955,0.2589260292139127,0.3919461955773299,0
0.3402689384138627,0.9341616837664865,0.33735113072337214,0.21766107914364155,0.2767016550770034,0.8161497286057835,0.35730967383663115,0.31906263738220214,0.5539954578335556,0.5877265269508077,1
0.9237640429401403,0.5748206054927595,0.8829178578811263,-0.049957260959706415,0.8669296044918802,-0.07914009938569387,0.6849774357138563,1.2183838162641747,0.7690008318566011,0.4255031188928901,1
0.12210387488198446,0.18531221126397954,0.2810482820851225,0.7239719182032005,0.8775313734005318,0.2514933916427921,0.44573104474629865,0.8318868896747041,0.6427463421943218,0.28968562783467716,3
0.8680562610766979,0.10957344074870326,0.6155524582135081,0.03709551030035911,0.5471125249925509,0.4257163981369069,0.1554314123721513,0.9520044397571058,0.9005825075336122,0.791557924133734,2
0.9503278264675347,0.654029482600524,0.8317749135716189,0.31153813398865515,0.6201341025352368,0.5686668202400303,0.40469562819551785,0.47025828855348367,0.3962315126914524,0.662771100660293,2
0.7607613921388737,0.28346052101905606,0.7911412299047371,0.5003879774659354,0.039740847655877334,0.4570273869581277,0.7256665516688792,0.5734952058462568,0.09530542750521462,0.2174278064795512,0
0.5910970776600221,0.5593830878997339,0.9160771295841708,0.5371793622023626,0.4746948860377629,0.6495357070500347,0.5718397975946827,0.5576506391437409,0.182744441260088,0.415696481415906,3
0.38388342498416395,0.98142905167483,0.5529497675123745,0.14342515713575058,0.32102667474680635,0.7640961854465635,0.49602365605158516,0.17691501803499535,0.8193429009610672,0.4513484975363792,1
0.12093516237770918,0.9941257275253099,0.8825601168900291,0.32768236916522886,-0.0063086810430271895,0.37927739030437313,0.8359280093982869,0.9100783173051971,0.6749295517199088,0.22997719266960376,3
0.49902144527802295,0.021292156300948818,0.9367310192697326,0.8421404761446086,0.4308324850391879,0.7739351045536549,0.2718090439848913,0.10533845304905695,0.5992802010287932,0.6250691261396202,0
1.0771186878542698,0.5498863508690073,0.9509506630005377,0.21924020956786056,0.7689299221886369,0.16279518697826248,0.8663019020589272,1.053990764396597,0.8992593453954202,0.34230411818264195,0
0.7628589489409316,-0.1891573720154212,0.6649197022493112,0.06940985104702131,0.6076046198174287,0.549553194177541,0.6610257158545856,0.1148231022910173,0.9995283732888638,0.9939994252071989,2
0.8015461456957812,-0.026341042557634364,-0.045872264498234686,0.5281011965510036,0.030749962040096945,0.8222748096596936,0.7073925224182309,0.3057972830964266,0.36126793202647955,0.7591316600226639,1
0.2711598628369296,0.7110615607477917,0.5033158665455225,0.4890860685633456,-0.03189379896105793,0.9924172659819209,1.0345490728571851,0.15538875401335894,0.694005834434813,1.1521523390285249,1
0.808793828111279,0.6391792822491659,0.624700159189255,0.11288440941299784,0.7764692136351821,0.17972965108765454,0.9689549175346341,0.6524207312570679,0.4454233101477578,0.7431001982121564,0
0.8506542348399602,0.3636293798772738,0.8214384509769785,0.5849100038230318,0.7108418835480662,0.25704910958005683,0.7324889526648646,0.9779820387304529,0.994617514429166,0.5026831731959581,0
0.0989044707191179,1.1439246096701488,0.5202332584713625,-0.5207466117104196,-0.32081451887743084,0.19816507601171274,0.38618499931538147,0.7388483035681297,0.7298099480115201,0.5530953408850514,1
0.8681164568501414,0.38678858959574836,0.8041399432863058,0.5673617749494639,0.7159886944747121,0.27439344388940834,0.7309125372403028,0.9784322753755156,0.9910943762907682,0.5203938974180962,0
0.7691319504669765,0.19955601036541057,0.4677540611793328,0.5987115079189194,0.5150886719172634,0.5411748617778473,-0.06348320336384361,0.9090841947598801,0.8695000017556107,0.34581102021664584,2
1.1585992929628381,0.26054302864791773,0.2701983304681827,0.3307591875584039,-0.05043317563000138,-0.20485106451507806,0.5807914163973034,1.1185016030368324,0.20064055794229396,0.9122281356029327,2
0.8934719256527702,0.3493288287148453,0.8458820730599059,0.5277865456762418,0.7533206177412805,0.24082184885161495,0.6959836132736468,0.9545890361968358,0.988055080347909,0.49867440154699294,0
0.03253518793695751,0.9135581215830281,0.9578682066332691,0.25317922595364817,0.13053670117588234,0.26922025642825115,0.8457802755942525,0.9014207233743339,0.6022491012949258,0.17883676063322848,3
0.8657048555584875,0.20906174764884317,0.6513352615883636,0.09864580232444671,0.4859286640344641,0.35412756665036854,0.19559945149355648,0.9273656088790664,0.891671120107058,0.8616330671115547,2
-0.012580747215228387,0.791965829205242,0.7082909189197699,0.5525582507036774,-0.17360112409235745,0.10179770315088077,0.8334064791258612,1.0644879182315539,0.6179394867501626,0.048310348235717324,3
0.4013785344353267,0.20103330275545317,0.3079088158418596,0.7464679285413542,0.24910610425528998,0.31709478131657975,0.9726200661513441,0.04175475292440191,0.7970097337259435,0.1980290196446202,3
0.15293473823408538,0.49983356581833743,-0.020951435619017453,0.22343236217283247,0.02552062503921157,0.45148801727277404,0.6041737682014788,0.22270803089824448,1.037888361517879,0.12521389589073045,1
1.1320913234876704,0.9486084602410443,0.5449990581752641,0.18489536943367066,0.5085973146548739,1.1246590694683105,0.5452574029156935,0.3517182366250131,0.09215245890397991,-0.04037973192785416,1
0.7695657416103879,0.40028766382039555,0.8745255855685835,0.3975055419572133,0.10939364646032587,0.3941058748049288,0.7676943941209284,0.6284179640647356,0.2719677091586724,0.18494156091477912,0
0.009508143519345796,0.09604649543803905,0.6157892971994205,0.28421917845800315,0.04008296646901103,0.20740319130471238,0.5609706021159184,0.25091949362195726,0.701903907930177,0.7623358225101918,0
0.6209475492598702,1.173001973074181,0.739374490720065,0.3096499553985409,0.7263786909141339,0.33194406965077566,0.6575387181326484,0.35962343964255694,-0.3236527186268401,0.15541938083076196,3
0.8233722168751711,0.17103409009047466,0.6202304882875824,0.09965242292321733,0.5080465052503128,0.4032959397711103,0.20500983640285286,0.9337669823521145,0.9536851611260785,0.8066233394800386,2
0.8442092339783382,0.521618673955304,0.3563470020352626,-0.1421154331580543,0.6361060120178958,-0.16955661655562124,0.6627171010420247,1.0361201581237738,0.9272069640248248,0.7419070826580103,1
0.05762628748670906,0.7926538785322467,0.17655819465930753,0.309787785820708,0.02919360238283788,0.5794411825472497,0.6908081240413807,-0.1484002076539424,1.2746429228250462,0.18251012342042303,1
0.14064854123268467,0.3342712106100172,0.31481290031444764,0.1518031251029075,0.32902994651905193,0.7899642947573059,0.2173726113090367,-0.012650526764811182,0.7245198974657914,0.625749723060667,2
0.1706914650198001,0.21029619779874636,0.828782474175047,0.19967574101469127,0.7579511409287023,0.09501644034476395,0.762958172078811,0.07219537610737714,0.2736427922155245,0.7624352488598904,0
-0.00336462392889292,0.1578087299927023,0.554059672418643,0.33274322092389197,-0.002659838723755449,0.26040269774995506,0.6355542439290401,0.21761960196603644,0.7160182846351067,0.7748730555737606,0
0.35437424806198536,0.8014437555665569,0.32219481145462525,0.829023882337424,0.861689038949344,0.22968983145188565,0.8699009623854883,0.9764274008698698,0.21092780302388167,0.3458561606091422,2
0.058345772041543564,0.8929093382833082,1.1162029192942429,-0.18672202298686924,-0.05115127972014055,0.8201363595417549,1.168653396683831,0.49776587763055874,0.17020065757128533,-0.32847305224769063,1
0.455509175907473,0.5494396844664019,0.18655858988492544,0.6809705200666065,0.8369736576359795,0.9150646797036319,0.029550774165389232,0.6596211703977111,0.9357810971693284,0.21368347937824372,0
-0.09329592169499101,0.809783889484497,1.0561209968864507,0.4382318653988106,-0.03388398215202901,0.4567815409511483,0.6488555571466912,1.1144442132293975,0.5892753026301553,0.024804972556118077,3
1.0753017857378921,0.4541088910534206,0.7829755658381778,0.19365098658407207,0.6903669554042124,1.022182475119553,0.7141928979970666,0.7885531660541432,-0.05174378579036304,0.1915613130771973,1
0.5172257884940341,0.7761962458496716,0.14174940918320172,0.7073101534499578,0.31741091303610647,0.4497349994083231,1.0552329996462055,0.4958156879153561,0.1613900813852071,0.5025257730654491,0
0.1352574625613768,0.9621828858592485,1.0003184530458045,0.45460519638057023,0.17580083287174852,0.2951355666460156,0.773373991216332,0.9893227861020146,0.7273795960958036,0.13365561108105778,3
0.2818442239911093,0.8059533106381097,0.42512380806178485,0.6936333848812833,0.8161298628784727,0.3304311448531287,0.7436425141328286,1.020457054397636,0.12055489748551948,0.3587681321624836,2
0.9828598365283172,0.6792235912106174,0.8743963905433514,0.319288289747547,0.6626460614390881,0.519124052549299,0.43031408818104105,0.4346424435295392,0.3378025451032845,0.6598986821322891,2
0.8439426061854317,0.14937173895711647,0.6402880389087264,0.09321922586234116,0.5320253129268976,0.38691976365348985,0.20308012653733257,0.9340205050138867,0.9358335245813056,0.8222356962324606,2
1.061212156790597,0.728704931035943,0.9394497263667154,0.4762187592651342,0.7485898388014682,0.6367463431980933,0.2889590114395036,0.9210791850840101,0.4572214843401355,0.6588969587042434,0
0.5333012601863775,0.2691742678470908,0.10883100490024664,0.9835114533928737,0.3979757751339079,0.7467534258254958,1.0178185056235824,0.6408174123513177,0.5263126935098874,-0.00085306513313586,1
0.04562284837651242,0.6347515935912752,0.19723983787443933,0.9644924306082504,0.050857745080419625,0.39934102448182224,0.222553260300664,0.2501825847294627,0.45680838659841727,0.901034833075326,1
0.8944228942685581,0.31892990254698933,0.8197148365197993,0.5683304741464434,0.6940245910451152,0.23415211627620708,0.795734960399182,0.9587824233627998,1.038753040517885,0.5878504497020807,0
0.17461829064996423,0.15865214607130396,0.2771756585249144,0.5960437584159539,0.9914858867390817,0.16311494061422277,0.3369050918054065,0.8895857843880697,0.7708129079026047,0.14492213056788075,3
0.787145923240644,0.3642213905121561,0.8868415593503126,0.4836927481241262,0.10391796414190978,0.27822905170149637,0.7826850842788566,0.5841217522737654,0.28719599252446465,0.1418412788941228,0
0.012625034339997544,0.2039798189826192,0.43582268282677017,0.2525224141398039,1.0561045989505913,0.6195486551049468,0.21559612986684878,0.9389662135060863,0.9203650507921998,0.6945508252673493,2
0.25129118872269357,0.7294569326678546,0.812120417459601,0.2138269929100396,0.1997078358291116,0.3580202189822401,1.405605526825545,-0.09409071637168298,1.1490276040993057,0.8698713406136341,2
0.14243342361171224,0.20184608394314274,0.2818034540627962,0.7428606362224818,0.8584069754182082,0.24957854053419185,0.42803863333675024,0.8292504382998553,0.6438430576813253,0.2969020070828525,3
0.1539657356064952,0.7567984306670092,0.5447521911554076,0.6551261049678242,0.15464116294756558,0.8374682243276154,0.45512970660633817,0.6993112040233153,0.12633041327023603,0.7186223135148242,1
0.7691190978456203,0.4456952401229897,0.5887120456197242,0.25372738650990917,0.14617653444939732,0.5754271329139111,0.9030379635127457,0.4036673266519311,0.7283375477167842,0.9043113647673172,2
-0.13558459627736164,0.717357637369246,0.7080399998166471,0.9023977352279148,0.0758241734833281,0.0789601024483478,0.447916473978181,0.7755163867010686,0.04335949577123738,0.6216344830893543,3
0.0777944424797129,0.12202288629377617,0.7794716528217993,1.006942479211807,0.8348491514405267,0.9859565460636592,0.7065338444688019,0.409010682924156,0.7004861132538227,0.9829715038211136,3
0.8687369597199859,0.3823329247383142,0.8024842361060243,0.5675232107193525,0.7184805235553695,0.27151800489139183,0.7304874312522278,0.9760578977063894,0.9925417509466686,0.5162313739643154,0
0.36791955234789997,0.14703493029766537,0.7556506733524343,0.9433902406230814,0.6748818358807972,0.9424584348732521,0.4952506210680599,0.10677307950863088,0.4255821822756878,0.7008282399174258,3
0.5447447525428821,0.3431311791953644,-0.3567288508288582,1.2018489738068303,0.6658389895810808,0.7160590435426288,0.6442642987803571,0.8674886534742527,0.27511653985613893,1.0154304807230399,1
0.34623665778203566,0.2116725197955664,0.5521651880199495,0.6440695460337017,0.13033805726271347,0.5239105516124948,0.3735717261858605,0.488929268546965,0.1886213659650104,0.7918735771181058,3
-0.3101982312919382,0.466613130598533,0.3113905901402795,0.6419922364040413,1.1506051262184434,0.8973534299164138,-0.01746875843558854,0.8302832386422628,1.0829467043054852,0.23581594478025208,2
0.9904176861017144,0.49476333278651174,0.6645185431485947,0.3566564917005519,1.0114631371340481,0.2681712180130215,0.8784255904419356,0.9650945811384404,0.7215837351230322,0.435914843093735,0
0.6435353810484374,0.9359190509998739,1.2695760129691533,0.3894224425306483,0.5835194332509204,0.8838007043877183,0.2177803993014542,0.5578133634710336,-0.07158289622593877,0.1775202654274638,3
0.29322351274335884,1.0425685854610776,0.46463894334267886,0.48434870349080433,0.13142466912419287,0.3524537714743962,0.21655502455142703,0.2257874547439349,0.997931031530707,1.0373767363362467,0
0.5064924195729089,0.11647308049127508,0.5905970793547541,0.19573305663910584,1.1130425043229142,0.13114506274621948,0.5286919867488575,0.9382141399344504,0.7367946312942053,0.15462835737917416,0
0.7234315901494245,0.9658314319769281,0.25212584389937726,-0.20036033299624917,0.2890286591067216,0.6461660421669314,1.236858447387875,0.5368414807291996,1.4108609575109796,0.959460894328467,2
0.7821367661083671,0.7040466867598811,0.8940187319559018,0.5558838505257377,0.675540871606214,0.6152502236945406,0.24144908183276675,0.7888441202245488,0.7474561062697738,0.6365768252005264,0
0.7696431930396592,-0.14395727420651178,1.0865848768530169,0.7321931881748845,0.8135257660120795,0.5594768884902679,0.5081531060857772,0.10929195263093433,0.2412159089157323,0.2776913963932274,0
0.34266343958519047,0.0453938466502873,0.6799858639906875,0.8009233347810554,0.870523091270354,0.7974413922933626,0.6025908275189709,0.12646068087687212,0.48928642247181553,0.6821360177909457,3
0.0914264687926986,0.2628174430604848,0.3553144118771763,0.25168929649585015,0.9550557094832218,0.5660676300320441,0.1872992806887123,0.8816931119252481,0.8017507193977084,0.5390325079176712,2
0.5127787279831701,0.6890686006074348,1.0103992026423085,1.0143874559278787,0.23998367839442183,0.16091490736369524,0.13732803171167132,0.6820641590761229,0.29099276341361663,0.07072654115264218,3
0.39246873134235427,0.20076583203670204,0.5454145356673098,0.6449760227599414,0.022641251735952467,0.47151776226487785,0.450642315656805,0.6044568785793669,0.25726761725786684,0.8601423016666832,3
0.4589217271923899,0.7480832910234904,1.1784349352792542,0.30116690516140576,0.7602624554391817,0.620467332586614,0.3364025156407078,0.8267507141569166,0.16231717067537726,0.5719744107782861,3
0.8125166942382703,0.45202279353974506,0.7594906218233356,0.6270657594002558,0.6547717620277284,0.17409118945733287,0.8097622084207738,0.9815151769687246,1.016093131660812,0.6063292086596197,0
0.30291586440119156,0.8470871044193791,0.3574539944430298,0.7758454611978474,0.8370180489429528,0.25161440723528533,0.8622773341011299,0.9475857724858859,0.27210108141441014,0.37616345568860704,2
0.5622965419746679,0.19405973147993552,0.5380935518196881,0.6837445523382867,0.38703586405479334,0.6993185388507214,0.8906830000862627,0.3122551781709734,-0.009108706460964733,0.37960169486611095,0
0.029746839617621076,0.625743054587385,0.16852701297370082,0.955630910195761,0.03515834198028066,0.37982979853845605,0.24787266957108864,0.2283941438428947,0.48705694679718203,0.896078613553224,1
0.9415474636751336,0.34482649022807554,0.8519355066657749,0.5825410523416544,0.8061874352363596,0.18038584357197313,0.6674870689540637,1.0759368246759142,0.9426654950000152,0.4766288418162239,0
0.12797203126581655,0.7395949567311361,0.4939881222166936,0.5952464212402157,0.13575367608609906,0.8177663773446082,0.4985320278484871,0.7120481475006396,0.10991573397836374,0.6954386400789339,1
0.6666019253326352,1.144829312669847,0.5873583854333211,0.06571116827788365,0.8348209564806193,0.6679643878565408,1.101274939258611,0.8220532642418727,-0.053842267055458415,-0.14269885642297445,1
0.9671570075985048,0.2583101485475417,0.8704115170032041,0.4971159028041194,0.586122197871908,0.6763795865227293,0.1608437634177405,0.6476887529748881,0.9105491754345056,0.7791977040434932,1
0.5241374683689118,0.8070440535526872,0.5460535099828536,0.35174422142869755,0.4424885451052258,0.7875731888300035,0.15154644935697628,0.8041710654256545,0.3625174883522895,0.3921702578673194,2
0.10557730140767511,0.7080974637923796,0.6515747252030014,0.7378110446978698,0.5931210402190159,1.1307979367047494,0.06253494421646874,0.975591657468123,0.22201235117990947,0.18717190699513156,3
0.07384702483742082,0.42813924243323676,0.361407074523087,0.3277523938148903,1.0084819406033805,0.5915322323603829,0.17980835026271405,0.9827462598953899,0.668399229830411,0.6207611364110054,2
0.30260539515076346,0.5984930526397861,0.5824388262095674,0.8051801008720267,1.0125547287157297,0.5107117657211824,0.8804763021982075,-0.3095365476264873,0.8181512690352959,-0.07209648564128229,0
0.10179382371064051,0.8559817609351269,0.8243492219648428,0.8153512441694704,0.5285962427289272,0.7880804920160916,0.14617882190881137,0.8190213513324782,0.5927189530074145,0.5980241494471088,3
0.8454549076339681,0.8316147241545809,0.8715840230485797,0.6350359284277043,0.6065878638530309,0.8211395035530119,0.1340914342075437,0.7526119429584552,0.6672675197113187,0.5010927668483842,0
0.8429685888347703,0.14831043449517775,0.6428379395942275,0.08939890044293115,0.5285150091430844,0.3889347951225396,0.20806077975677287,0.9296255879112959,0.934606122285822,0.8195469611296539,2
0.13378746409668435,0.2711357010699954,0.30641527833496507,0.2945611064294979,0.9964985355915861,0.6139543983535419,0.20223586191117024,0.8482625332597437,0.8247946041979514,0.6314199518852426,2
0.1094658453354034,0.8571827212112108,0.8209949675764854,0.8110729304431452,0.5325158810362212,0.7800345887068207,0.1544844590349129,0.8351994152603673,0.5784301760417225,0.606758744819789,3
0.12216765134421304,0.9898741973754429,0.3391600083243983,0.08473311316295712,0.28566391564202787,0.8052530031569782,0.34748102998436853,0.3987449853041033,0.7807322252442733,0.5230572683740512,1
0.5260098436892575,0.8610314582171543,0.07569178002558147,0.5700071910605582,0.6578226838875265,0.5347305052356065,0.4481660719594468,-0.09459142508744128,0.637019405317731,-0.12555703467234827,0
0.4514461560145896,0.5990417490201754,0.869613626961901,0.9672197750426987,0.18659695947762245,0.21024375112355054,0.2880229522805153,0.62945622451933,0.09598385308522561,0.16153109911087485,3
0.5698567175945701,0.2880452729207029,0.06065929525385884,0.9591203913205392,0.4122214699745204,0.7601632994738339,1.0093879153664662,0.6852024824258781,0.5371960126681359,0.03098346306585428,1
0.3990984717460021,0.4097834105626873,0.8914720061460516,0.523612142668701,0.33443853393246037,0.7929132760074598,0.7553047286250025,0.64128480040071,0.32392298911342027,0.5696569054808196,3
0.33522890420037793,0.8716909124179011,0.38071751598989245,0.7637943662909281,0.8347689646558318,0.24861106018071813,0.8857515381336183,0.9579393939514422,0.25307636980672643,0.371845317523846,2
0.49604783843706807,0.018155692704609504,0.8822015615220871,0.9284533338137528,0.5536578954920626,0.7683211462704098,0.15209582186576967,0.19044693936407903,0.7229694628312475,0.6599802130637907,0
0.8512933559894137,0.14564885915787376,0.6502117390381623,0.08413722803274032,0.5283426580319099,0.39265085708982045,0.20354770502848027,0.9285838568731829,0.9376069496203834,0.8142435627128598,2
1.0669938556305856,0.32404245362951456,0.8779023123802228,0.586886663453425,0.44737790078874906,0.4941366851513108,0.24620793048969675,0.636883589655108,0.7224916928803928,0.795950349292906,1
0.9320852598524485,0.26868392159392,0.42485403921722953,0.3781083496363326,0.31548311352794944,0.6467301787860888,0.910861050810038,0.3500715914422619,0.7030136825550035,0.9418174926605398,2
-0.018866348946102465,0.11778842750084144,0.6072504919196401,0.2815718804344124,0.030926879350809334,0.23319091016517748,0.578924749589758,0.2292055344368307,0.6578824637057323,0.8001295785853895,0
-0.004835626669573434,0.08314347859076407,0.6082507627458349,0.25987600008290535,0.03858549862355319,0.2620981792224909,0.5460188550712113,0.23174884170205712,0.6388423301017659,0.7339029299393269,0
0.82235579847018,0.8583888366812031,0.9064642685359889,0.6999897915586056,0.6297933158814208,0.8165473198177379,0.06711447206275081,0.777542470811518,0.6996886195955174,0.5437156612807375,0
0.9170013202364028,1.4339236708231455,0.33923072715138985,1.223573711562909,0.769282297175515,0.8969613915695709,0.18868268219292172,0.4525592628161028,0.32854493963007114,-0.31611067281917793,1
0.5522580529161853,0.2871252468652272,0.12269514331635913,0.9352182920610755,0.46772828012658124,0.721641044676559,1.0183432648420452,0.7033190206031877,0.46689112548770106,-0.0285103368617381,1
0.5351717824727015,0.7563058443450592,1.4087595898091594,0.41931566415637433,1.0933450017602426,0.7240220674266642,1.3155459761736987,0.2977401745263194,0.4739282688592218,0.721169905620873,2
0.5379441909316118,0.05803615713200905,0.8624040246353635,0.9799581382725803,0.4419828934628967,0.8327407507269273,0.3287115007135504,0.10891583003552088,0.6422118289639855,0.5953182807028105,0
0.9355366882414469,0.8650986110345616,0.8472689065239272,0.5904846887844709,0.5128091140437329,0.7384732966245017,0.12114678691370265,0.8370384180570909,0.7140157710671475,0.5519462337977183,0
0.32277829513021417,0.9185505016076476,0.7992785224605208,0.8249146541619456,0.6704468042484039,0.9866240123794856,0.3973491811451754,0.3362317875956689,-0.009425253632136893,0.26410237351575033,3
-0.04326917317130162,0.732939812043376,1.0060720417160562,0.0916458791731461,-0.1621224706795794,0.6104319143016297,0.609480774211873,1.1432236199861938,0.6090648578099743,0.004258423906560782,3
0.861044144856851,0.14214594586955948,1.167641791480126,0.8533755375835511,-0.003233507818506287,0.02904630920741627,0.2495134709298505,0.3263739382325753,0.14269241064332017,1.1716842378254988,2
0.6935983253699509,-0.03188128553583747,1.1126749139219636,0.2744915949273821,1.291171412089188,1.4451311043997448,0.6431077982939915,1.5680701966767416,0.22799447962101643,-0.26092119011691073,3
0.9159277482205395,0.583830397211601,0.6842856892568044,0.2680864466143971,0.637707639674365,0.9233742293860512,0.4720155320508919,1.0170978901655003,0.22554036215458426,0.22012817167761076,1
0.4167141161468769,-0.017941757987880835,1.0681814798638238,0.8313292633203704,0.5149847337825556,0.744255991249709,0.3104478712851434,0.11157754804803931,0.5003937643829811,0.7114938450231378,0
0.5155157331073479,0.4485678696341994,0.6745637272585138,1.026840524880542,1.299420126389952,0.7155886224013468,-0.49832921326013757,0.5583610842808702,0.4664193124039678,0.5658574163398418,0
0.7655800557767916,0.692817649422214,0.7272768062712757,0.6910794005542632,0.5389808416228634,0.7204741860176023,0.2706400491546277,0.6279937384716883,0.7120186890394558,0.36035292906604593,0
-0.07496142296943886,0.20747344959534653,-0.3677422863520604,0.9706261267932431,0.5254166494919372,0.25728200161415843,0.8608344644575088,0.3831163517841331,0.029337035572945536,1.3039112815136105,0
0.006070551065232965,0.4635047105031903,0.9028665933479608,0.7349614543886392,0.1365265492254943,0.9387044593419432,0.006864043140359516,0.06036771647693555,0.5427030015050416,0.5589822397457955,3
0.47999727532791603,0.5719247551963116,1.1862745083724104,0.26026143286991155,0.8568595431503343,0.9326561307276363,1.0393764274517305,0.7094289421536347,1.0602095640731415,0.9627388601674686,2
-0.09757235869883862,1.189448026575402,0.23834153465327518,-0.02843693873930847,0.7727051272432629,1.481578172226782,0.9691582359972788,1.1748264332135239,1.4406159123310331,1.2558789823220775,1
0.11825601253185206,0.8624665744624964,0.8199501579026639,0.8140244494823314,0.5359808320663978,0.7698089523377305,0.15619619993722136,0.8307790403664014,0.5877303694169952,0.6123501202604477,3
0.4647886872460925,0.19485485582803178,0.5209031484028777,0.1388888077316341,1.1762081034807808,-0.07597229281902342,0.548674137365196,1.005038345113835,1.0245399755846711,-0.0932068577160089,0
0.057909397766386636,0.5333217196375103,-0.08744514816353532,0.19331453798779058,0.19674223669064383,0.4203533706756791,0.708006793533716,0.2202024108306535,1.046547334967188,-0.01792553806766941,1
0.943022938285571,0.6920593599567207,0.6529412063189657,0.16171844817268777,0.3088101615540771,0.7732032256289456,0.6609881095101944,0.6441503746769002,0.3781814443395115,0.008205096815741428,1
0.5254823762314267,0.035086570322432835,0.9602205423519324,0.8218552764900127,0.4823706276949749,0.7496226569118091,0.27781551930516996,0.07808375320594796,0.6053267260091011,0.606827932624625,0
0.20980012153366134,0.7051154175265242,0.3238047000162695,0.810067249194323,0.9910088625828622,0.221996777411857,0.8237748285303373,1.0894686961661384,0.3759293351480605,0.23905619293318858,2
0.09299720509209031,0.34664935950904574,0.33661468676626377,0.15717041644946722,1.0520239320449947,0.6094077120732093,0.10382286178504593,1.0629610173462785,0.6372310703463504,0.5105596587422994,2
0.6592538874944812,0.40969710238873985,0.7307319294727626,0.44058761127857626,0.17715959002078716,0.37914454337629944,0.8235880075127939,0.5105251474187945,0.7488921415037251,0.7525107545268279,2
0.8522933822972754,0.16835527708576017,0.622557347570231,0.07541249432382174,0.5199116232853265,0.37562562767288904,0.20991221549731395,0.943523257617688,0.9238763580981253,0.8155975999481967,2
0.14726185201733433,1.1750027585723508,0.08159651428738995,0.46339163937164957,0.32664847489651433,0.22755467052800937,1.1865401648312583,-0.05571641497776182,0.3922435182839936,0.3553402343368425,0
0.20424910873483693,0.9839260199059884,1.0602108511516308,0.5987410447725715,0.8759567700415557,1.0335657870472126,0.9428346393023015,0.509742989986797,0.6594343163690551,0.9134256324183907,2
0.9496893025574068,0.6445769287750498,0.8464742483708404,0.3220124942390177,0.633058476164967,0.5513205543496017,0.39197140494854243,0.4791774635984292,0.37262834920065474,0.652642405501617,2
0.9277687607864625,1.050795153154085,1.5256960657549747,0.4346214011661779,0.539668357626027,0.3440929559093715,1.6451020581102478,0.9759397290325309,0.4823036175471388,1.2250714163077925,2
0.9306854535293169,0.39876082546944686,0.8558682040527166,0.1601239649292281,0.9644052492850909,0.4122251225498694,0.7926597427716753,0.890542069101658,0.6706116871752447,0.577543729931958,0
0.32894315243077143,0.8643097402464063,0.3665890658080686,0.788596804740226,0.8782576020006407,0.2445729650387689,0.8652421014250332,0.9750207547960644,0.2494612999021243,0.3864788522715499,2
0.45433995263697274,0.10230042668920095,0.9738583645261769,0.8304682824893702,0.4738190448763423,0.755866390631876,0.22285394973155548,0.13451954735625146,0.5786650170693398,0.6279050119677412,0
0.10829941593089318,0.8509539748108599,0.8221147621667844,0.8146998048905638,0.5265053979415475,0.7732095953374076,0.14753991448038417,0.829573730194308,0.5849244761588366,0.6105454967160923,3
0.7710031282288129,0.6320521015528302,0.5058977949593982,0.05418664931119227,0.537787996882882,0.0028156837286976155,0.818580953916884,0.969314729052133,0.8009987084233093,0.7952360354388265,1
0.4373657330455858,0.5119106001350778,0.2639840248041285,0.6255414325850528,0.825326681628907,0.917869180816777,0.05655850722935436,0.6493229269550135,0.9372113995775385,0.16341514859405867,0
0.16123769405418417,0.15775468506701867,0.2968395018377958,0.7416344202742811,0.8635073075604046,0.2788684977476314,0.41233437225065706,0.8109762548693388,0.6137717174878471,0.31151759115536964,3
-0.004714650170013334,0.8682844634824669,0.90870732886557,0.32704330693893985,0.11809794573328458,0.3558148095838302,0.7858386566414066,0.9930523459763119,0.7146265589656751,0.12667182563113402,3
0.5464319795303202,0.27238927238461935,0.08613939468330828,0.9823633713032709,0.42599555551374213,0.7732649909126258,0.996267115394751,0.6732599442726466,0.5119735567190622,0.02177769095088627,1
0.16090554899620754,0.6759755541827074,0.3453215358827504,0.5002339254273581,0.541568352001184,0.8070479821721723,0.5796986854294134,-0.011342143805876746,0.9716423373714901,0.19992267959251925,0
0.8293366176895911,0.38950158386073597,0.8140880928357892,0.5374662112014923,0.6736301602972689,0.29348230933579345,0.7433893849003733,0.9833480396008287,0.99229250921803,0.5234282660371522,0
0.18834422580174498,0.7971783059962813,0.2917232332666735,0.8441420422598871,0.99367360169371,0.2738205490466193,0.7883187870863952,0.9593312459861227,0.15990679536553687,0.40285415430271515,2
0.9968297366030104,0.2347129053290104,1.0102570686924364,0.43858417525063115,0.519785603381332,0.5926969378100985,0.24664428241679626,0.6288339602482319,0.927186604963946,0.7919676010821601,1
0.7620623131180898,0.6540348160908275,0.7334933334985563,0.14083568643839495,0.6647170255589382,0.9711535946451794,0.6286001123154155,0.9048612860982177,0.3311258452640814,0.14354696086329904,1
0.8741323342637826,0.39971794571626784,0.8144992362296732,0.4138951184800734,1.0983113252081005,0.5881311951957908,0.8313458601767056,0.794463330123824,0.8006290429935967,0.726531261214659,0
0.3852056489151342,0.3238377541377533,-0.3536975656312762,0.4184022076889372,-0.2059162813059927,0.93945860464345,0.7145742476933629,0.3115930656242893,1.3980485860742364,0.07150275512105791,1
0.5217693419515375,0.31428637503813733,-0.34150280327805005,0.787291300490764,0.34048802235084036,0.4832236393067513,1.244428732599328,0.4610539152564066,-0.48214325458438034,-0.41199758346947946,1
0.4636822013071561,0.038605628773642695,0.9617907160235512,0.8809051597092995,0.46546822429936524,0.7722993525350222,0.2411075445157594,0.09689130680695975,0.6205189136009267,0.6157017626861426,0
0.9993193272391068,0.41001796334266916,0.9044387892312375,-0.03968432693133572,0.6205520113290692,0.2392679230758325,-0.05188768738500042,-0.1412521980821887,1.4158923519232527,0.634280941109715,0
0.6094209666807816,0.26250091797202835,0.3246764487058985,0.32937408526458084,0.10766728626723579,0.0854094482361132,0.4835741782729911,1.0163736663295309,0.3210936058374973,0.51837392886088,2
0.5699572152055339,0.2607618575409425,0.10920176875857045,0.963645367891767,0.42828806172879214,0.8018803254604058,0.9946250541400635,0.6608802518045629,0.5104340996428798,0.04117657954104206,1
0.11154609969625974,0.8577681660194884,0.8143826493264368,0.8213922534514634,0.5415042058353928,0.7714950213037531,0.16827026981972004,0.8453629878663205,0.5696910109150549,0.5966061273816592,3
0.30387867080802594,0.7625095425901005,0.4626151932517338,0.46856359974438916,-0.0031116928200396188,0.7423098244474783,0.6488459004581889,0.6051343719566173,0.17089949103321228,0.6934938696376745,1
0.04725373999081736,0.9863704443822229,0.27367205476056267,0.8735604131551084,0.5651294629065543,0.03802374361069377,0.9378658453829486,0.028675335926118296,0.24816116341439834,0.786828817306058,0
0.14507105975534992,0.04064351664928251,0.27402642797735066,-0.09213523934944329,0.25028019685191627,0.5248502162967636,0.03838399578834842,-0.09132786910500526,0.5319124542611577,0.8871088119783199,2
0.1713818069363587,0.6668037090923699,0.4180600140589489,0.7198422765961048,0.034378730981727945,0.9166800629492403,0.6530921364626869,0.6689831689431008,0.24874097268125406,0.5917627646467727,1
0.16529260513404176,0.6960811215758144,0.3833494808511046,0.5753318651183053,0.4092181360788139,0.8702472937934783,0.5449839898048836,0.13167314548434683,0.9849319371637544,0.180551472821333,0
1.0517909858042325,0.2801368629911542,1.0881462226772176,-0.08916609788643443,1.2005319511625272,0.506695533770855,0.7298458816800238,0.6377096510333988,0.7578919417661583,0.7711140246071331,0
0.5492283590964046,0.6002414822317633,0.8753456173006512,0.5127859450402298,0.48171981414634446,0.6363161618924402,0.5417513872472093,0.5804336790310807,0.16911166802206817,0.4156183180143267,3
-0.004898045172051013,0.10774107997334456,0.6263096246913293,0.26377691187904395,0.050672112549553505,0.20656220299301117,0.5908411857540848,0.2313363402901641,0.6875365752018601,0.7888709546353616,0
0.15153108108373026,0.36102946580063394,0.4713238027640868,0.0895015597981737,0.5458502150935851,0.8506832850724543,0.2846453920296637,0.04153341965909757,0.6795621478392811,0.6975953552254253,2
0.6850725525275044,0.3365055597357974,0.6112076636823733,0.39220869051784363,0.2731458947140446,0.47267976798164607,1.0154159001131606,0.37111608824518066,0.8722299618796032,1.004392893125718,2
0.17757274745848606,0.2025056930171857,0.8246649533664135,0.19734428438759077,0.7557917653648603,0.08167158636295586,0.7658926008988477,0.07850905896492931,0.27148478958664396,0.7669586366743013,0
0.4010294720430849,0.033290135571234586,0.20421646059858944,0.26099037154647786,0.2270067663372204,0.6430525309290385,0.43314301857850673,0.9720932071356009,0.28514306233902065,0.13155961161881108,3
-0.14608167292885527,1.296201446913694,0.04907371929177634,0.9224478656466186,0.419175152063326,0.40128417758187407,0.7447650330337254,-0.37572113255954415,-0.015506999183670933,0.3525701466574763,0
-0.23846438893623462,0.5697583272149567,-0.017464725626468378,-0.1414905218086504,0.3131884198435605,0.7940830777932357,0.3113674874492372,0.5627518384393908,0.9094168010598459,-0.11808419566156492,1
0.14928104478760826,0.21208642553465015,0.8577409030134597,0.17773648154848146,0.7833776916807079,0.06749337662102715,0.7628243373418946,0.09699189136999882,0.2973095275966956,0.7697811058611385,0
1.1670481317756072,0.6202715667502667,0.3756572849040044,-0.06894143836749408,0.5604392044973908,0.9997250539317378,0.666593928621034,0.7313296409134775,0.5524577796753158,0.21761687682224556,1
0.8674574732345177,0.8385255197490022,0.9194956048463704,0.6533303573215568,0.6641309293825043,0.753583928768594,0.07887620540246229,0.8092057180664843,0.6823473278675826,0.5723293787771464,0
0.46202423989538544,-0.23263072860340445,0.36317553343881714,0.5917089720457639,0.4984213040004244,0.34725593586236636,0.3268462228239935,0.9701347044224399,0.41545243618064415,0.5857061058773023,0
0.3472794484027181,0.8864368858324233,0.3947584642560826,0.767994756006343,0.8505314306638259,0.22200397415388715,0.9025497140258149,0.9651763690214035,0.2373264765258482,0.38925808155224506,2
1.0866906528162201,0.6873124156447803,0.8550079104482255,0.1058690262850242,0.6109682131059229,0.2817572138321067,0.607579975758485,0.4715848989408426,0.5512790979477846,0.6930779946902859,2
0.1122875654022343,0.8617994233356437,0.8157044333281804,0.8059309831114186,0.5401309663270011,0.7865457673043441,0.16696928013884582,0.8261018078234086,0.5816356101809667,0.6062998462435337,3
0.6350366527007374,0.7815725745744835,0.7659975757028343,0.16026208398503083,-0.06691240501726897,0.5927080993732494,0.5947862475140024,0.6981361654599412,0.05029811203240023,0.5420730491195935,0
0.5345358864043879,0.8046381311341977,0.533619798354899,0.3600225494847322,0.43835324482494886,0.7876488909068959,0.163196929288419,0.8167395470950545,0.3498865072167985,0.38874149308423983,2
0.8799014497072362,0.3896257561104662,0.8189326280913288,0.568445883082019,0.7045800470985051,0.2807403120346525,0.7110447563959302,0.9853007776867035,1.0032295366277355,0.5365666515581734,0
0.49847459264503746,0.28666720493120396,0.13254520510380421,0.9964595275362113,0.39202051362189116,0.8159053989499289,0.967503515523297,0.69046529935043,0.5130095558396093,-0.011641043250890153,1
0.07988246363163568,1.0853232932910721,0.5449447639873629,-0.05038758450363552,0.20936924042117863,1.0147046242900195,0.6313208995573194,0.453829361506356,0.7403272835114225,0.5147410874265175,1
1.200436024100161,0.9850943420147455,1.4518117937322912,0.19921729679983521,-0.2418872646398721,-0.23458083356173964,1.5228087730369426,0.9789885817423638,-0.03510408330057874,-0.5494619340684194,0
0.537438905530091,0.27051588518768316,0.10304786003084637,0.9749456119351356,0.45257712653708515,0.7906100246890412,0.9806931985015536,0.6522384544558019,0.5355536472799947,0.013093952196791023,1
0.8398056293105032,0.1471328327469295,0.6383835616665257,0.09048222743559009,0.5317463468733776,0.393849916827588,0.2087636514772877,0.9365203758430005,0.9369574110602237,0.8219229341155637,2
0.6683639372933415,0.6211266751528078,1.0194220302691734,0.5602534371990024,0.3848127493252495,0.7756399186341921,0.7543808165256127,0.38599246089521366,-0.08884021920473889,0.3190688316103475,3
0.6648436991976914,0.04428322525414574,0.5863743091697772,0.5308821611944313,0.6026801176752262,0.5830889800162052,0.07587310220819328,0.6088879980738362,0.44424424932916246,0.7197557625702043,0
0.3537504109236794,0.8698195527230488,0.31839326023375886,0.5232160985720447,0.060547406848192875,0.026077064053718846,0.250369567782581,0.20572447456422244,0.7524512232089331,0.911130834100585,0
0.3373126271118545,0.025389351986783076,0.3343142873165815,-0.04475431780851022,0.32005652530068807,0.9545467834640434,0.4233507005088211,-0.046480962780009155,0.5616467625530268,0.5855790392647129,2
0.025246030808349283,0.8942247884124389,0.9069101335607739,0.34471472284485377,0.08560917678910565,0.3484051585658198,0.7993025935816589,0.9778143099931278,0.7362595892701811,0.13763038320829335,3
0.4343659064990907,0.6437432695163912,0.8826940763272241,0.9487885597864584,0.1795755451832119,0.14211337817089903,0.2531846724080766,0.6362621903221822,0.09310837547510181,0.21691440477067347,3
0.026502732895432046,0.08910726440653545,0.6352500991885742,0.23147756579662565,-0.007386060143891052,0.2707569840833041,0.601682546856449,0.26385880131680023,0.7230185996654224,0.7975606489897129,0
-0.0021362814607200353,0.5432137109212077,0.9659540216032257,1.2672624512432062,0.7132990094349814,0.16067317616603538,0.4843904239142511,1.2916841811291901,0.15961124514108788,-0.5059669702375903,3
0.8922810634314887,0.22946492707739896,0.5108209693224651,0.5116213007231772,0.20467568843427303,0.14868602716846158,0.21111657750528012,0.8364603797021706,0.584339630138668,0.6333041724251732,2
0.12526467515930662,0.18658029729034079,0.2533503624102871,0.7435950839695498,0.8684999462670119,0.22287307309094406,0.47068363022166904,0.8095188332850985,0.647256816684656,0.28559471044340146,3
0.0061448120992503704,0.0810151230066626,0.6562556375244193,0.25548136281246414,0.04881698271011044,0.256140802799478,0.569311792389528,0.25071076768276385,0.643558649236917,0.7598954206680771,0
0.5863185478525419,1.1296540252640597,1.394427330281176,-0.2924001053971177,-0.5675641846219033,0.10484998809792728,0.5527019352439144,0.16726855541758612,0.7095328604689712,0.07139791432113168,0
0.8458192379880254,0.3068562611403379,0.6568188316237187,0.4929645184548435,0.2795838741594576,0.25492706211029803,0.20658829882412122,0.9332286347101079,0.5038363436748029,0.5556501219945015,2
0.7240563425022506,1.204025144089734,1.24889073673741,0.9757235769357473,0.6833690582496722,0.5631099129148665,0.10352484296436965,0.6182196849071715,0.2750311130459387,0.14567321872573913,1
0.9348107731400953,0.6533359986840508,0.4762544708952637,0.07505588631926105,0.43987367755187173,0.8038956121084272,0.6596556282466128,0.5831278637844067,0.25951201459634055,0.07902735178904018,1
0.17098933612652267,0.7094131999617673,0.6357783360003313,0.4219857393274026,0.057948646716027105,0.782738818649164,0.571595780473265,0.853391743516158,0.06496983926968757,0.6686676183129152,1
0.5461771617642485,0.2714863266296882,0.08290293883220798,0.9828786105185289,0.42641532038045943,0.7809677375732156,0.9934282083529462,0.6673345990699346,0.5136007763602263,0.014939983528930046,1
0.214432071936854,0.3915987470323521,-0.2169765591104687,0.06606322333336268,0.34445206299482634,0.56031743636526,0.6883946368722463,0.04872260192702965,1.1779428570982224,0.2724914831851721,1
0.35917258764012194,0.23338055250569556,0.5635541259317975,0.6302853648152995,0.04778444137055204,0.5092225651666182,0.3627818366144821,0.4971523994125262,0.21185313705417305,0.7229125570808319,3
0.1981977808280077,0.021024028975225817,0.699962302256326,0.745554694105717,0.7757305692452307,0.8632027870918505,0.6196426385123471,0.18896856799944417,0.4640253953242996,0.8371340589723685,3
0.2291424666217502,0.10777006753703378,0.4051348474841777,0.9840945580180126,0.8347633991682778,0.7731023548257251,0.2529158680685382,-0.059330376720896916,0.8242564859029022,0.7315899457519871,3
0.46490753602621493,-0.062301624957075155,0.8413733189877906,0.7759625379161802,0.470562342748882,0.6524572095666925,0.2831832913434901,0.16347502501307623,0.607473500385096,0.505856614974548,0
0.36590433825902924,0.04807814592145979,0.2482849959925832,0.3122421019788325,0.3020386602624757,0.4958212924217954,0.5492197786889355,1.0298819576349239,0.38362789578822787,-0.03154627254236349,3
0.9059857175719729,0.3674574662718219,0.37840022238622695,0.9895192258528273,0.6525934189747474,0.5620687709330239,1.0015394084574007,0.6568601378050377,0.8953315232039101,0.4009953245932239,0
0.436578954895853,-0.5411424071027094,0.8419646427713471,0.6840869613198532,-0.044893900075834964,0.7139571296992955,-0.7288435657271757,0.4882186586628225,1.0425871182327349,1.0246268322821186,2
0.12045200545979935,0.46997096167295677,0.3140582990985542,0.952441063202913,0.5897850297054066,0.7764960126106262,0.35882494539656656,0.0705240554884761,0.1734259610520656,0.060482263649799445,1
-0.03573338468457399,0.44499235751939353,0.3775448906469412,0.20411669204170696,0.3043522378286755,0.8791840928014095,0.462868568470898,0.02356581527603413,1.0841094171874806,-0.07080137579192847,0
0.788575687296048,0.840361627223672,0.9586545242005301,0.7301081568613494,0.715474112628042,0.7614183383250275,0.11844360962201612,0.6745754581034813,0.5648150127067365,0.5785611528330138,0
0.8450455600011267,0.3602534394821785,0.8229992070833141,0.5832589254918353,0.7241735503987609,0.2568719853391625,0.7090895850469711,1.007713280465488,0.9996022903310166,0.5153638267513119,0
0.11103476249380165,0.8555270465649019,0.8207025843044423,0.8097008887449354,0.5321994175659485,0.7788038573621958,0.1545421116931446,0.8361691225728922,0.5778588588261393,0.6061917153849384,3
0.4338040750986115,0.5367761534080696,0.7729149963420507,0.9158884204003236,0.12321889310422837,0.2632376151784736,0.32756926887895915,0.6110579241931919,0.21775956341762626,0.15751082622307558,3
1.0124988187577204,0.2907276431525735,0.4998694532859988,1.033905722037484,0.5629126848831152,0.476461324930722,1.082000959245705,0.6009970582170805,0.9882109791979928,0.3487796998798876,0
-0.08212031607084494,0.9369417214348995,0.7850849911104766,0.3211196453924112,-0.0377519076215794,0.32467656733985456,0.6739042137150485,1.0922166337978554,0.6107317198196326,0.12446848373979251,3
0.948013681897716,0.22335108064798317,0.9660455807604231,0.41139811419437017,0.5396754152933171,0.6084589900355316,0.15220564794786554,0.6555156640343747,0.8023835901593266,0.8864373465433297,1
-0.014951081114880912,0.08680389986118717,0.6228451982242331,0.24689165886189224,0.0424826631274641,0.2055845487921549,0.5765676681267888,0.237123919658165,0.7019941088156546,0.7887202441795351,0
0.7965038076293239,0.5123257390490226,0.8594224048543738,0.28411632788111263,0.6625011576109325,1.35783396421722,0.37507194018663415,-0.3408564063932086,-0.16655449574644038,0.25628127057297384,2
0.45987176157705406,1.226432636250155,0.7544464593997998,0.32319008623542617,-0.026662741380385033,0.639529869019333,0.8936385831214493,1.0910076735060243,0.9649612979995501,-0.1878337851370377,3
1.13073467835776,0.9682209581768191,0.4785967884395439,0.47296152637389394,0.28761619291829676,0.7815586252229978,0.28877767409136906,1.2667210109584022,-0.15909850131187364,-0.01064886275015664,1
0.14236961006751042,0.9619381712526307,0.6986276672689654,0.6135880045102186,0.5526588900252996,0.7916861193083755,0.09920446114620202,0.9334060675376032,0.03650510692040902,0.21584147975968515,3
0.0046395169624547025,0.09922042280696183,0.6307377337887077,0.26669777173151915,0.03119363553613681,0.21724643260199278,0.5773581792010136,0.2298793614309037,0.6751096355308979,0.775223150108939,0
0.8088906967252988,0.5186690557022374,0.7663758428575151,0.2064067226089252,0.548645244807458,0.9058155322043971,0.5027558391930184,0.9631313686989227,0.2196436369128967,0.1199248440142917,1
-0.1118720649901758,0.5143819468268207,0.17642152262264327,0.8986459618055642,0.14453875654243886,0.45888129601234035,0.3080455758836512,0.3466644794996789,0.3816063068000708,0.9876984927295752,1
0.3686041773060255,-0.25588112594608625,1.081876357428753,0.5339080809004709,-0.43563513663827724,0.01152855299987321,1.0832088954954635,0.9342324676214,0.8026967009041068,0.3309203252951446,0
0.35957541393154124,0.37541033691671283,1.106002219951749,0.8577382123766899,0.0388471671331139,0.2795364761644498,0.5973973639720893,0.5369209477993047,0.4382476423412949,0.5173261774328702,3
0.2820860727886538,0.864464445033629,0.34207573516348844,0.7881987775894417,0.860131826282669,0.28579700151612525,0.8866833752599472,0.9467657800912291,0.25164050712330904,0.3590971984549484,2
0.9002202829004563,0.24024202907240216,0.9363265631735536,0.47068978075926476,0.506228443451802,0.6598231234356822,0.2267887379527343,0.6913327907926924,0.8495887672971246,0.8579417157301158,1
0.8046812164964476,0.17175750650599392,0.6274100664101956,0.07732492272634474,0.5184669222140598,0.3980421696035767,0.16595141731820007,0.9118029574622324,0.9358968555760964,0.8168676558523145,2
1.6285583878732024,0.7284414113887925,1.5948222579342073,-0.0032137454216085715,1.0644965719470476,0.6500415806704465,-0.367421105424299,0.039833826306181375,1.5940681034952113,-0.4399368952387196,0
0.5286761217873088,0.8125090274565361,0.5297049356438471,0.3511810618770419,0.43924288952460955,0.7899995503563522,0.16492151795544585,0.822583716755371,0.34784562004722025,0.3881712903933076,2
0.3541361040488239,0.2369477756890982,0.5749739715125708,0.6653578661946418,0.1011534232197062,0.5348153820171457,0.3568417850535642,0.5175374130013423,0.21138437965183288,0.7732737825219241,3
0.3358971398512123,0.02801366485939563,0.3204154662516627,0.05098926080869477,0.4134268008093323,0.7151205671833615,0.5857349329580298,0.08721648000776655,0.7762859749505783,0.6812925814166647,0
0.08036472957558816,0.5647384827766975,0.027937105837276474,0.2303534102657103,0.01708690866189659,0.5089442472749751,0.6117368162599581,0.17174869769746934,0.9443406875540633,-0.021053275567307204,1
0.10309278670879322,0.8555597223743076,0.822775550041795,0.811250634795524,0.5362243397308709,0.7861316786189237,0.15243377646625847,0.8225467214971701,0.5885228308625744,0.6057077103066638,3
0.025579301583546127,0.5509588281208972,0.30137858445034693,0.16983371565056268,0.9456383272460507,0.45257826800981854,0.9865287636451355,0.37772691691436516,0.2523781848270121,0.6325437295602943,2
0.25147154650512454,0.09738352301936906,0.5975765770430685,0.9341096444409138,0.8415583210713331,0.7806587025993355,0.6210589791440622,0.29248500770106156,0.4527904636210303,0.7352061938710012,3
0.8498424292407456,0.14591672692702748,0.6463955013606396,0.09016603307214512,0.52891466713227,0.38622120453134395,0.20021619695307646,0.92890154872888,0.9375098435880923,0.8262208734488239,2
0.4210254479235018,0.08889045157880618,0.967078551293031,0.8497695160051816,0.40572333405983974,0.7113519674151573,0.31204407729918865,0.057394417261966285,0.6148563298154023,0.6947141965638052,0
0.7806037708011451,0.6460670083410015,0.49627666990504377,0.04597049493280986,0.5478534362626403,0.00045998644049256507,0.8056704515947231,0.9940294628745362,0.7942821980173603,0.7886555340421734,1
0.13417840753017485,0.6330910668175586,0.3237370818337013,0.5425545858724204,0.5438936915056095,0.8679179771140377,0.6165799786110931,-0.00823462421017513,1.0431789361210497,0.21574473239487016,0
0.14512635668704887,0.893060683833468,0.9106540250774703,0.6065273980240163,0.9022362121792651,0.9451386451760422,0.9841416337804453,0.5788875913578686,0.7749234167095208,0.8668452260335003,2
0.2113898927545852,0.7814784251897369,0.6225247602936538,1.104920734596671,0.4573113911629016,0.017259133386762854,0.2092743564470706,0.3604163542893144,0.20237562884995494,0.34038600170899563,3
0.5149218106009137,0.893944127595717,0.4598890437011508,0.5535049724434644,0.7005313730593274,0.4245737971034521,0.8974390682731497,0.9449896043816084,0.06740875005749516,0.40924147977639735,2
0.1851315524237215,0.6265573326666428,0.0697054210876623,0.27047408668615863,0.11201547971712258,0.52168004710867,0.7122990706016363,0.17568163557354516,0.9745515107042562,0.047375854655206294,1
0.2651179961799633,0.7453979021009813,0.7805763556255559,1.0448768240937383,0.057166780706579046,-0.07529010947141657,0.07426329625620579,0.5156961001799425,0.2246527543701828,0.4510455389817575,3
0.5457099074178374,0.27284318622237697,0.08557264435792415,0.9835209700468766,0.43008127643108407,0.7815108839948652,0.9900099731284396,0.665153467798297,0.5125288949256503,0.019499260977955214,1
0.9767659947840474,0.7079667374473264,0.9215312927449728,0.13378434135321887,0.3546585193813093,1.0216328642192116,0.21220305429509517,1.07054662931953,0.24757564176591554,0.2630602528343377,1
0.12516046979578258,0.18759313429884455,0.2831373996149623,0.7293522435598242,0.8735919039639792,0.2548093969532459,0.4402621649429652,0.828430371570318,0.6425624222230373,0.2871996787468464,3
0.4287821539020768,0.7281372830514022,1.0127191165862433,0.7462741624575486,0.07954650732202986,0.16791512373676612,0.07944736086697238,0.7086089014569655,-0.07972318818690402,0.3028516146328727,3
0.562306189702386,0.24150670266094107,0.08154927439027335,0.979089000964436,0.43807908979013765,0.7851219473204212,1.0335866044235726,0.6330348042486021,0.5517165506758693,0.024750787852838484,1
0.10314855050676323,0.22200431371561619,0.4515152019580243,0.7901490840293078,0.9102316195319637,0.19382781838321914,0.3691747718633109,0.9694827675771727,0.7190612268321984,0.26390270104308344,3
0.46106814889513914,0.07721517507673044,0.9988141410387653,0.6975037586546637,0.6223878142089287,0.6390693625095639,0.13365188364048963,0.08138185480866028,0.6559212161205108,0.7696687950570182,0
0.18190158529731135,0.2598898165553261,0.883893290701172,0.14827121529776066,0.8074924221230966,-0.003629153269915364,0.8979772084302058,-0.049050132481350095,0.1861390524311281,0.6596787351802463,0
1.1799270691230102,0.6600464412620066,0.6597066023773702,0.3634472502021399,0.5393354225939961,0.8770816322717969,0.4693615741788909,0.8022105178860384,0.1714344965972141,0.143675714693353,1
0.8562696942318024,0.17317832122483906,0.6131624177790533,0.6045480653385411,0.14203720036141287,0.1273550799929982,0.2234710715891466,0.8663939159363601,0.44978454481018804,0.5483348931624836,2
1.245050391056227,0.4058803214919071,0.046903283281906405,0.5030993397134903,1.4609172697333777,0.5953534633884165,-0.020170893771592313,0.952048960601552,0.8507538544475368,-0.2058690510965449,1
0.9898239541729127,0.14126446359574987,0.43554037269635304,0.7455540933575717,0.08716104296511373,-0.015369462730743577,0.15595154138941553,1.136558695651216,0.673635000809317,0.7969007725183228,2
0.2459875032156429,0.9576062623123216,0.3841003618186734,0.05644368753718818,0.1935107814687427,0.8981570617037358,0.5045245921257118,0.2705875698221533,0.7582011747783378,0.5454231926018581,1
0.9751476969670765,-0.15034543818546003,0.552782127344845,0.7255614368548529,-0.19173928923275363,0.05386271826107902,0.572055900589277,1.0747865679381112,0.4325396747766501,0.3426943262035912,2
0.989526672798657,0.7111287305698631,0.4458816168552767,0.10737556804335557,0.45739286651241096,0.7746132542119563,0.6909737190113849,0.6096035847580984,0.22891689228412354,0.06067944117864621,1
0.6998920062373756,0.4028925250093643,0.6664004108021065,0.2776742849927206,0.14169789948021866,0.5005726295048891,0.9719379737562021,0.4013072925655081,0.728770290839319,0.9343670125293647,2
0.345731842066928,1.0547106518835276,0.5582231966635078,0.856142965093047,0.3206237625081361,0.3796110745021196,0.5411311699208512,0.6248739605747862,0.008093335811655972,0.43847876812382836,3
1.0412585451037115,0.053211789779948254,0.5545536979679491,0.5768975026856641,0.7733044111298384,0.6672453336409446,0.4876705663735609,0.7410934015056287,1.112538942536027,0.7730609615155841,1
0.15078205686812862,1.105600137495296,1.1632841017274047,0.8997463215670617,0.757145303045061,1.8289228472264338,0.8338140409604096,0.7351739434786129,0.7752356828082708,1.0286244742898414,1
0.7214333320269031,1.0407069944975482,1.2284182320161718,0.13589670273482368,0.16191163043692136,0.2805364706322463,0.05195300685669835,-0.42845168518189736,1.6433373693057165,0.7886941999456742,2
0.27613084954995676,0.9529497581195444,0.6466602469682629,0.3722791161868867,0.46223236042824195,1.1110230795621097,0.10127107380295482,0.8779443301812022,-0.17649758125433976,0.28245948686755346,3
0.5540827578209846,0.26844625541551703,0.08126896853383274,0.9768704877218627,0.42784855583606857,0.7709088690985383,0.9932687220607822,0.6697053886824483,0.5217783011767892,0.013631064840236169,1
0.9440671337552541,0.2596365729282759,0.9197903850355313,0.39388277923947035,0.5736531668842099,0.6896440677917365,0.14509898499710466,0.6421045630931523,0.9222148355987215,0.9045590775435298,1
0.12076534961729361,0.7744516607377445,1.0294504858044624,0.38532616443352513,0.20273695452632434,0.4354579538164716,0.9029006759595284,0.8484010341583891,0.8574186574571756,0.13610992942971392,3
1.221925266007053,0.7746743197837556,0.5742280049624108,0.5930790696101593,0.63732420462202,0.33137915686992914,0.5861624196467943,0.5121802565483772,0.23430356307175973,0.711493332695433,2
0.07117288473849936,0.8977295214699806,0.8348163877902757,0.585098782120216,0.4748183983362463,0.890935675600526,0.23763314186207973,0.9020953369511874,-0.03523018600907322,0.18231500200304046,3
0.32033662270075286,-0.05971387573247053,0.30102730524549626,0.24148508157435097,0.9048556659697482,0.295628595305791,0.8296763925528385,1.194265743732179,1.017353100586439,-0.18809304282333011,0
0.6206388837658185,0.8252805661383728,0.0041707507123856236,0.5651948880121016,0.6503359184762173,0.4714354881509121,0.4231502123821117,0.1800379017849609,0.4874009590387077,-0.07712421814289197,0
-0.29708693021283533,0.7584099543767595,0.6489152247227452,0.5661289343233671,0.13725551399870853,0.34907875530911747,1.226951547910057,0.9115936501327138,0.198383481256329,-0.07034505635384161,3
0.07384248221359892,0.08653176556380034,0.6661545011759982,0.34062049950359014,0.12039547143044987,0.16778349447666743,0.518326401400628,0.23446219696125334,0.7004024356139547,0.7846084289256,0
0.10802233213000934,0.8547051009343599,0.8177711169321925,0.8077249202481649,0.5342615772599496,0.7758524749716055,0.15376227685884625,0.833539734732819,0.5763388821743493,0.6073302729762052,3
0.878813447744634,0.652226722028057,0.8296884647888272,0.2953952836045432,0.4789135415305581,0.7673310608987607,0.6140481470294372,0.3532403406643242,0.4697255011484929,0.670261942241983,2
0.2930208728247162,0.7257206383858759,0.9344394854258046,1.0608375696205912,0.229886468637352,0.11206709716987448,0.1477438475535228,0.5906096312748413,0.03207793781708826,0.08673185195240775,3
0.8046380584340916,0.12183078210324717,0.6489667723839869,0.4962237323738066,0.04010974157144581,-0.09456998890080431,0.1222974577859186,1.1019705351282074,0.7083215765388932,0.8177541176697625,2
0.4547711535328933,0.07128317510019534,0.8999188847949615,0.24786261726475672,-0.045682098315075415,-0.31882565103909993,0.5994584338123239,0.45456185092491624,0.730069348723323,1.4118025419869813,0
0.6936920944513191,0.35717081622127045,0.6144687731333182,0.1803084902129676,0.12764450179348152,0.4654186122702051,1.0082965908871968,0.49380502783712094,0.6978978628501842,0.9477361529714884,2
0.08891108738635359,0.8531815827990461,0.7927437951542182,0.527850981038945,0.508378984234432,0.8672819465404005,0.24421871519264127,0.9089323122695713,0.058236625205569714,0.24821051217337992,3
0.5892074941639953,0.8092771106931175,0.8620803625863441,0.96855200704757,0.7422588675066497,0.5300759274495629,0.5172755069413902,0.3888276708738084,0.16810234529636853,0.14567207821218453,1
0.5393403454222954,0.6790415096728025,0.7516791530747285,0.9424183119904385,0.5741864531662604,0.5034343687463099,0.47916290223352187,0.2752331977879834,0.26790158276077136,0.10344705128356851,1
0.06341285042607414,0.7980590663967523,0.20408906121776443,0.7964265733770464,-0.08332096460659384,0.5966798446018192,0.48839102987008637,0.37988356691265845,0.2519512131353333,0.8333703580982236,1
-0.07458862088625054,0.8957247812632074,-0.13542535329918884,-0.07043899000932075,0.3767095549478041,0.7109079316900372,0.45323470532228816,-0.004682046611607538,0.472740109087753,0.08642189736667062,1
0.03102093135692465,0.07304327907978056,0.6582955489781874,0.30922871781400285,0.011844969550904146,0.22642436204199928,0.5901037130532879,0.256179649033791,0.6738207858243674,0.7382391950203414,0
0.8861110827057066,1.011339585379471,0.7196342992838515,0.6873310804534916,0.8281161077198206,1.0223497174126908,0.6335161798491076,0.9736110278792924,-0.3640368450271273,-0.0006268114851903372,3
-0.005448883379661797,0.8900959341286357,0.895290631902959,0.3037495445373535,0.10028891389293428,0.31064001635632427,0.807752102260328,0.9572523106010778,0.781292724358912,0.1702596175093193,3
1.021377978780333,0.4101089836604219,0.7406523039332966,0.31324454058667717,1.0406899156254998,0.5176049898974204,0.723549833812663,0.8483868356875414,0.6683453988202357,0.7098836154267469,0
0.09601578538689537,0.7569305604153633,0.39660774082324224,0.6117047057342613,0.07893063087537512,0.7340649493669661,0.4642928001547692,0.6247136160897343,0.06245593733781407,0.7760560656666423,1
0.809805167510823,0.5561430542642242,0.5874446315499836,0.10287207557283322,0.455858952802749,0.02534675883180905,0.798563717456897,1.0720681974368105,0.7563060649773156,0.8729904380238827,1
0.8614090113181839,0.5547103707383798,0.6058667739225179,0.12721746294459196,0.6577212406993884,0.9017831379036133,0.46719255250427505,1.0584422663043638,0.26210514349533887,0.15250237063653033,1
0.6572066964709905,0.7985137150795708,0.10136640326605514,0.7015190144990908,0.5124636978991004,0.4046743734497074,0.5469428340552503,0.06403596946924225,0.480670661516512,0.009540656728787419,0
0.49041892308760004,0.3486264391387257,0.5022710316956156,0.3722061614395593,1.1131497489505284,-0.0492767549971844,0.6374871212645462,0.9702562078878618,1.1058756924888549,0.0628318669083717,0
0.09322557213875518,0.49859968692366224,-0.0033828858774474085,0.2515883650593432,0.15378359053644852,0.41445038875293577,0.6098070747157036,0.23418148695753677,1.077063683332144,0.08681754427451902,1
0.9225277724095347,-0.13797269570564977,0.26421279419098836,0.5574041339447494,0.8446460194482621,0.6479725222090641,0.07769520646404507,0.8132212569559835,0.41529496283214434,0.5484920137386149,0
0.5356664539096085,0.8054355900473963,0.5296335133827637,0.3655775619200517,0.44350926447972505,0.797033765875945,0.15773726273433908,0.8124364224445118,0.3417735859007503,0.39880288251014007,2
1.1411404405258068,0.27640807700046655,0.7335251706218813,0.292764602985769,1.0377604957885684,0.15211881842090016,0.6379540810497747,0.8315268249318148,0.608677885801196,0.4574174666649607,0
0.16172043221081953,0.6087125418721913,0.2442212160925012,0.08961748376846444,1.0946888677491151,0.5733413388730608,0.9242276088685266,0.28476583414699336,0.14721285210150808,0.5251881615368474,2
0.8583710619906579,0.20001155624937964,0.4670240476323402,0.5378698223366888,0.23863501675735305,0.011588178906841787,0.317525947956533,0.9718519639703894,0.5829754902253608,0.5755941945005405,2
0.5340573140780536,0.78266510952786,-0.23083325825935452,0.5553489567872181,0.5654361124106351,0.5915526534301545,0.73649317743078,0.3596778541965756,0.66693074556608,-0.2855939990098292,1
0.9427207829305607,0.3902752139783576,0.8386259387545427,0.1754772140166685,1.0017463895475331,0.3901232754068387,0.7677692585092346,0.9001812572477529,0.6953235873165798,0.5772320855794777,0
0.8097659425880155,0.603127472337918,0.47877258274950213,0.06288875097842482,0.5270517901796234,0.014974742585582904,0.7747229240424109,0.9462030745913167,0.8166789746752912,0.7760074548184183,1
1.0681094471933013,0.808989012089576,0.7308639460458167,1.341233989563851,0.0680984389937962,0.39630944249366695,-0.2044071964436413,0.7625637781135919,0.1688691132374086,0.4108080501927265,3
0.5025692223523204,-0.004160609628247063,0.24269195373908273,0.33852532188961737,0.2610568638151228,0.556820215959505,0.41119035520720026,0.9512382893693017,0.3988094991620011,0.08652319398624755,3
0.07643069965773515,0.3300742832383403,0.0681709720597877,-0.025802507825548437,1.3808872937092926,0.44410372790073815,1.134839987744258,0.03316335759593869,0.3992629440368498,0.48113261633610693,2
0.5977730271992803,0.43406748808423934,0.3846213665638558,0.2507194627418833,0.42994105779797676,-0.017848732169855025,0.6085340258435215,0.6309421384091436,0.4059311971199076,0.3616920560940149,2
-0.24710494604827704,0.3599881681482733,0.07397731707849248,-0.10379095462950383,0.013805698057497318,0.7117092824748817,0.29513142325217867,0.06812331457806686,0.5001542479674796,0.9987335251043828,2
0.12092556874445634,0.16928062565153149,0.2819692632340083,0.7188878462096718,0.8727491466812992,0.2763642940870562,0.44564910842021926,0.8146619534831101,0.6611383469656417,0.26558899108252243,3
0.03960245897731493,0.7818395859824371,0.3066497483598073,0.6236599773894278,0.6113989896802486,0.7536207839064826,0.6623014170464764,-0.0679374028824828,0.9445046067725875,0.17794642541220798,0
1.434606401860591,-0.7386053816336806,-0.30309942912933574,0.3820549223762821,-0.6154269707405647,0.4385561231574746,0.940655875959706,1.005983617052482,1.167599032023943,0.9019673551357464,1
-0.04917706583637383,0.03882569025703289,0.6045546606642027,0.26849449815952003,0.0034104709541706545,0.2265491548581989,0.5728199265479953,0.2816629381325807,0.700543755035125,0.7495607807771887,0
0.6080630904831443,0.2954649149870556,0.4267878200764013,1.040900256636194,0.42019985076714794,0.19224382261091766,0.5420917670421854,0.792124199639421,0.4434598047382121,-0.007472254614684634,1
0.4091461895220974,0.1570529252308978,0.5609285160377897,0.84861301691611,0.7346479932657716,0.9271952492723252,0.4000768552439322,0.09911332266823875,0.3941763749653291,0.6288990499079241,3
0.23743666379397232,0.6181611651582729,0.11791928974331514,0.2966930807107712,0.023434984292656072,0.4089360037846266,0.6604852964252305,0.09164405332330844,0.8937602646459221,0.08886087289247814,1
0.05808686578716629,1.0211591125890802,0.2685364761355292,0.37437660062001377,0.9134962443990675,1.0079627364082178,0.45986297751621086,-0.036907971340149365,1.2859534307323388,-0.008496046998307333,0
-0.01397113931936167,0.4637147833087951,0.013202311433415007,-0.07687506855200277,-0.08570534929837156,0.5760001361290636,1.0186579170297791,-0.10256463557001105,0.674102521835142,-0.25588797807002656,1
1.029040835849755,0.0981399080948138,0.6620664474485702,0.14627416025029577,0.45042828660020195,0.3804089596835684,0.23204133320475234,0.7571932927319963,1.0872054689754085,0.692677885270683,1
0.9782219381340028,0.2437646547911975,0.8514536892531323,-0.05829684824967993,1.179157600251663,0.4543639097208785,0.563764513655434,0.6693303654602507,0.5035418028084551,0.35746465138543704,0
0.4708939276344535,0.04127301120119754,0.94123350915781,0.8545170280677047,0.4522545017047482,0.7596766214737334,0.2601333357453068,0.11269442561607584,0.6184458043670037,0.6350839671377954,0
1.5700673373312128,1.2703036030988968,-0.11300527493440016,0.9729199983968274,-0.19440546974100315,-0.6859364952383137,1.438070415306873,1.4183068145608273,0.08566412057504247,1.940123038753517,2
0.5687357557031616,-0.11977546932858876,0.35376511245251097,0.22010704087677482,0.3331730754319859,0.5850790661202236,0.35101142671531954,1.0259910917995607,0.46056207714638386,0.10024747343776308,3
0.534344395969712,0.7965456513125374,0.5280936705689153,0.3496288256000935,0.4301706274203097,0.7799517264141341,0.1759313522817165,0.8087620792112052,0.3413537094990115,0.40163100960112164,2
0.14100142189765524,0.7879133197391931,0.49593648348053276,0.5839679402905401,0.176550485268216,0.8238457005809082,0.5213570523044866,0.7414721248767984,0.06999135991082595,0.7435729183305076,1
0.5943801149692581,0.3158259875683562,0.06625607587279336,0.9380916894600931,0.4533889926014869,0.8307071059009359,1.0390594533421493,0.650665389064432,0.5591765312656437,0.04115665954554813,1
1.5076276594147748,0.47489325169875507,1.4347646071774705,0.04042767733938907,-0.6688433317590493,0.4369622980600358,0.26867388736658315,1.0005072477107626,-0.4241707530994343,0.5474786685738404,0
0.10883296992849044,0.8504778098624234,0.8187700256699009,0.8077056368529395,0.53957220210359,0.7746154572528898,0.1639106954151098,0.8486355395675983,0.5796095774104302,0.6217522737021386,3
0.42356632513849685,0.555675013684677,0.1390438978792592,0.6266432348092599,0.7049082492662787,0.9764637889709107,-0.07093647041504264,0.7134296562798802,1.0166841032480882,0.11420201389861159,0
0.8556869400862851,0.5572192607716727,0.6770143286972239,0.22806096173635582,0.6135689186386236,0.8715187319136022,0.5303756702093699,0.9843057652824427,0.26200607397759595,0.17913639909263807,1
0.3079559508701668,0.298945668975119,0.30967390175963533,0.09832795164718627,1.0537035386942375,0.768110450907846,0.16355188534331996,0.6296038954200128,1.0600933882607533,0.4743129135484778,2
0.5399019633638309,0.8081911049261605,0.5357393704723086,0.3605808404407215,0.4340641963898603,0.7819959599279761,0.16623893953461497,0.8201956897311496,0.3405185091173867,0.3809548870951634,2
0.5254333306248505,0.3103792713532752,0.08945362275881753,0.9353813906656337,0.3848295955611863,0.8372944088289029,1.0114687255377992,0.6276661848448157,0.5582289453424337,0.015545655641455058,1
-0.24439679800312425,1.1490597716937754,0.717180885838942,0.46271293060147867,0.14122657082245232,0.3664985874290638,0.5783059573571339,0.8146333731881935,0.9975102579384151,-0.009054453648869504,3
0.0381703131712592,1.012481334977181,0.7225721570138458,0.1385224356796652,-0.035433788762487345,0.19703907575087354,0.6611553202524022,0.9194263234729193,0.8452264447697979,0.29770640522376335,3
0.10515878703058408,0.8564260046267023,0.8260912566770208,0.8166695229416825,0.5258085120764681,0.7711710600876163,0.1603592520496658,0.8416620414176502,0.5877439211651793,0.6013289820759657,3
0.03201340882982624,0.2994155561095009,0.3550303491611628,0.3116875454492105,0.9652364811424583,0.5207073262422923,0.14651684282078464,0.8732928449955306,0.7572649998612626,0.5886510577000248,2
0.14929095622782096,0.6830457833005062,0.30688786812098634,0.515276120631111,0.5448540599323114,0.8391031784014072,0.5631445544909861,0.04179094904069522,0.9709564782030676,0.1756772572586887,0
0.7274414235139629,0.2267340741963906,0.30931289256335665,-0.01530987045176313,0.2707466885356169,0.731285184861341,0.71417803426792,0.41863386285108883,0.49494781629020174,1.2385838272191152,2
-0.0395083079534396,0.3031656638434143,0.3248311676831336,0.20653976809436092,1.0649711183808734,0.6368608982875592,0.2409295335064801,0.9461828175149538,0.7813968723969721,0.5894306731045895,2
0.17663047350491995,0.12567553906379905,0.2540498679078615,0.7743849142018239,0.8241751724634441,0.23967718613958372,0.5032561871712307,0.8170003033204896,0.5955797249426491,0.3617892146393882,3
0.11590658506095503,0.26658243515064045,0.8484573048937849,0.16902570155532923,0.7013037747599048,0.07488772303633097,0.8055468501169933,0.0988596553142761,0.2590093466307314,0.7437980476498762,0
0.8347145395147881,0.37565944674583895,0.8021716327909285,0.5678084741014168,0.7249455030911579,0.3178444914030073,0.7426625556353492,1.0051880175963097,0.9504839337581241,0.5082563499676959,0
0.2795795442083536,0.8328281810329488,0.361418311900476,0.7552924883384817,0.8163089092762317,0.2730841095993906,0.909413257148274,1.0103576320782806,0.26448196578693,0.40750773297228843,2
0.4804125113475289,0.0602396581472316,0.9634875504031413,0.8773307399502753,0.44470173583413863,0.7675422450503674,0.24366875301924473,0.10489501355315412,0.6189173895837782,0.611842490101446,0
0.8752482132922793,0.3895197654315975,0.7756254668910655,0.5252239832730994,0.7876847968777978,0.31227889169297457,0.761442811891694,0.9498578129790021,0.922380106276922,0.5185633175496043,0
0.8837072064361882,0.3581836464004259,0.7518987719130124,0.626870826913653,0.7443030357858516,0.2504426406359987,0.7447578836880182,0.9638830512029296,1.0396402862859753,0.4796905189278027,0
0.4468610562176689,0.03425450102381492,0.9347959464071108,0.8860245833077879,0.4612410338418332,0.795163638028159,0.2821011329342701,0.06236028465310974,0.6396537446139563,0.6324988858671609,0
0.11340214013720706,0.463161722547035,0.31271193077965626,0.9626212348184566,0.5948235373096892,0.7840508817710409,0.3592552321211084,0.07116170410951086,0.17944587324780334,0.05747059465794435,1
0.017851148929552557,0.6557074776690931,0.09858632662977747,0.8825138623839881,0.08945425259186016,0.36672548122158194,0.3011601201492402,0.2982847172364559,0.4660652421138693,0.9747156167800398,1
0.6174360464424028,0.013314960522380617,0.6211388931076495,0.5455384741236209,0.5896773982841333,0.5799426709326411,0.0369441256248523,0.6182637790417422,0.4882417766766972,0.7373720811377968,0
-0.00034571444962221143,0.2459979275648168,0.338807861870295,0.39776602429210167,1.100665398897564,0.6311622491417712,0.11139537789839629,0.7681076634618839,0.8535561817381391,0.5603351062758928,2
0.09381613874833764,1.0058000544039,0.31657358901452726,0.8732992101717297,0.5024587628403203,0.22299825662000244,1.0005916403939692,0.10950142892852407,0.4722111066685293,0.8356522427211767,0
0.3460217475557582,0.7799725469606378,0.2582663903732924,0.374244937836111,0.5899440954655288,0.6475378647580059,0.549872158949739,-0.16777520757539238,0.915088607352042,0.3099123402757711,0
-0.08656765472268613,0.11005731221791082,0.8857017203512975,0.4575401672112553,-0.46352623461026665,-0.015013054798713482,-0.20042494940897154,0.9269915452588753,0.3677806603438584,0.12888874259528438,3
0.8740905387620207,0.6351003095760479,1.0436278182562249,-0.11574362623519657,1.1691223976509475,0.5587554547772262,0.9257265428777409,1.014751807843834,1.0146489399788992,0.6048995647730584,0
0.4932853776680277,-0.11128798938196505,0.4166282744317985,1.030398489056518,1.0339972761030338,0.7713759023877265,0.638994763934759,0.3200942295990055,0.6258335815356602,1.0600533168030872,3
0.5545974402550359,0.20733452911564407,0.14951879862874462,1.0435212839889418,0.4022895941974864,0.7782138868830121,0.9637180350747433,0.603146257411075,0.5325755453011675,0.047439645168235046,1
0.0292145680295334,0.6453256947314839,0.33407856409731534,0.5307005339286707,0.6858549388050217,0.9972471048027189,0.4069721910455146,0.015761885559376014,1.0870078131592722,0.0013660904401770202,0
-0.06625146435039087,0.7453091633609337,-0.33068919543672703,-0.3020092730474833,0.522366074915203,-0.07057540442296095,1.0781707590238216,0.23203138028581197,-0.30367478881093424,0.7577256510266381,2
0.8720749531465786,0.23169255151514045,0.9478774320326808,0.42992776435489927,0.5025705521135212,0.6805021194866405,0.22494154939852587,0.6658168441849185,0.8622411123750133,0.8854032634814676,1
1.1408549127192111,0.6756522650144269,0.9753209428710196,0.6803813920962818,0.32347391031204575,0.38665336299021735,0.839026958222822,0.5628028772365017,-9.421302126966236e-05,0.33557220368404783,0
0.18628068063732406,0.23497287726665902,0.8603295058833489,0.1958678434838864,0.7278102238143587,0.06676867425420913,0.7890043949634089,0.06547623419432855,0.2791514253921255,0.7836195667533741,0
0.5248342751695294,0.8136444059819814,0.5399744895287881,0.35350560702105943,0.4483357610403568,0.7933851296441766,0.16503162338023242,0.8148842228827121,0.34729524561586705,0.39297592163316536,2
0.03787575207943021,0.06954840776980314,0.5962764505399103,0.2748094194710487,0.017864612538060442,0.21486863461698646,0.603156249568418,0.2374861735539888,0.7052758791160759,0.7608344101028334,0
0.3295719410790451,0.10569894285327669,0.42901881929361163,0.13730614985064843,0.35679970350213014,0.6257532909012576,0.5698242088210976,0.05413082908012025,0.7122237228193231,0.6798943303515079,0
0.6549834727295868,0.11856186942440344,0.7412400175699491,0.5335637975228229,0.9475964513747671,0.8844475189113667,0.6634263810289511,0.4606181368223333,0.4658605621380078,-0.30764017012367106,1
0.9186739723040614,0.29213836872180143,0.9261583650178198,0.4699852621874486,0.5180445413140812,0.6359027739480976,0.21254294847187605,0.717144383251939,0.8230394902924943,0.8450370291086003,1
-0.037515360678037235,0.6690194321610863,0.16631547744711592,1.1128860487951702,0.7591132346745537,1.2714472509964918,0.1892027746525075,-0.4720006186848177,0.8175010090396672,-0.39934658896680075,0
0.5256390898525419,0.46629533293638037,0.9830285699368981,0.5351880865621349,0.585055509804097,0.5263102778981661,0.5807507039178386,0.6305985162289394,0.22632362539829476,0.3821901365318099,3
0.7855312419885979,0.2023170018057356,0.6431111311107126,0.046847697641913454,0.4966958603116796,0.3875225818758876,0.1942722384279511,0.9177612941252054,0.9727317130775914,0.7911939624116071,2
0.9453238980227141,0.5116690675291191,0.8337732440742154,1.521825842791189,0.7916372207531783,0.4010676338434828,1.0672008402178297,0.30069611346223574,-0.11053685977170652,0.3057062421306298,1
0.1094457836766098,0.8549593427481379,0.81893066885467,0.8017025054770037,0.5415502882056338,0.7879180970743483,0.135990735723855,0.8558960666336859,0.5633972441777411,0.6204210057780049,3
-0.023699454817299164,0.18285612146158298,0.7046165803251342,0.21151152182634728,0.10007208952766708,0.23435254877926107,0.6511425375501441,0.27261305652738893,0.6637063470460912,0.6831285284077202,0
0.18767109387644562,0.9416904518373528,0.39553916295036773,0.9238486206676378,0.5672305975702815,0.140643059328487,0.8580051340536117,0.035653283225960536,0.3958391635913902,0.8635914234159279,0
0.20423046450789484,0.0661525051432161,0.770510636930024,0.9801379901325676,1.0976022150763014,1.1561783805664256,0.8424127923498366,0.510186200093355,0.8060877743176634,0.8443428200949538,3
0.5484704469456524,0.27108146466072874,0.08428134592974235,0.9837328979222425,0.42742555076768457,0.7813164242648053,0.9902537174950986,0.6699917554679655,0.5112500287673857,0.015870179160818506,1
0.125221445090809,0.7311013329500268,0.39007404467412815,0.041313918213942424,0.45771206791399227,1.2154438189981718,0.5123162037635834,-0.0004440400345548934,1.1733291656227598,0.3546538031172143,1
0.8613852885472157,0.5695884664399792,0.69655281365426,0.2114167661823895,0.5875568207714733,0.8712763628110592,0.5176093299535918,0.9633662246332277,0.23233269989690128,0.1921136285966545,1
0.565004980267648,0.661783806321138,0.779037260741905,0.09878309332848603,0.9857776640556838,1.5350934790984176,0.7639542343079317,1.3189086179216514,0.591846971511528,0.7295827544970456,1
0.3168458355012003,0.8550191827819666,0.4019627530556343,0.7837310439165384,0.8321754199000985,0.26338823030529407,0.7367993638716944,0.9245528981183838,0.2261977651857718,0.41436202516829407,2
0.834588691260757,0.26645189596141033,0.6108483893000404,-0.33019448468585255,0.5949498787208342,1.5994739229070618,-0.19567706836748466,-0.9229851319931482,1.180486676908239,0.03424923821082057,0
0.52673393684296,0.263797256591404,0.4655550678809741,-0.018252264717247446,0.9929779356132986,0.26061595343473454,1.5063479042159975,0.7498250839155782,0.5968951518368903,0.8716567994459908,2
0.9310603720810178,0.4247240603243042,0.8394413495150337,0.19255102929305884,0.9247458359676731,0.35176123318558267,0.8071454013884898,0.9639201933400502,0.6964099939986077,0.6506086997459921,0
0.2229790524417536,0.5901259727997694,0.26531431702482305,0.2554415744868007,0.627098206482346,0.44122469282083904,1.291143446946669,0.11650340797006531,0.1733945323916888,0.8024065401447525,2
0.7595968308413413,0.48684368577175396,0.427018302736918,0.8645703899310173,0.6429906359446191,0.6749062485215884,0.9533425547632055,0.49729409392532153,0.809133461311411,0.3882712997618923,0
0.5263164736270434,0.3044766307264905,0.6967140056733903,0.23902924795107144,-0.06635348868011631,0.5559677310100521,0.10893739253750845,1.097040108608635,0.2927707292382187,-0.17063126689003305,3
0.22771114776425694,0.5628757023750808,1.02824715393915,0.5995971954207908,0.1320294348379713,0.9329746719645382,0.17931600431813371,0.08600007612791934,0.3181890694482691,0.32438957188159007,3
0.4869984269696251,0.045399345807701524,0.9435293022430484,0.8568029739011004,0.440761943742569,0.7549141772292133,0.23573737315600515,0.10944755796574607,0.6057432074340391,0.6040875458004955,0
0.04011730936158697,0.43977636633375883,1.3579675826428106,0.4053566973911247,0.33083437546881395,0.7642154757375179,0.5239298119191843,0.019341009314098073,0.064439584644707,0.252666652635543,3
0.2263417139344234,0.9976438242795859,0.36050810181263093,0.8517010747871399,0.576032518406887,0.1902032911006094,0.965801437678368,0.01194195926363762,0.39322498210181184,0.9127677256415831,0
0.09059321386560443,0.15458472245402743,0.24221316522401973,0.7073201957592155,0.8523460102159133,0.2778443899617642,0.45255739515330196,0.8421997344756068,0.6262886252446124,0.3067926669971688,3
0.8098669043930966,0.17876257063971565,0.8322295195885369,-0.012298683764003893,1.2022653613802925,0.38482882563141774,0.6891180338352243,1.1066234689233658,0.5154490171634656,0.5183426408266876,0
0.8647182287184563,0.487811038351615,0.6760099793879476,0.41342193613380396,-0.12867040019210507,0.43784015597498055,0.9931953284799281,0.6741054452083214,1.0620264348007062,0.7484896764815451,2
0.4077506876952645,0.19391949113832524,0.3010165375686616,0.7411157041941638,0.2554789859749227,0.3106954414726449,0.9703975121020562,0.03407116733613758,0.8064470626755688,0.19992200951589034,3
0.8975169608827931,0.6221364582483011,0.8774775129571445,0.257353152875409,0.6754940248609458,0.5580054498414411,0.4317928353384516,0.4144073271435425,0.3339892934004848,0.5901376338376284,2
0.13093250096179904,0.9634900096744741,0.8008099840197863,0.6188882181184877,0.4865564577102,0.9722213839558944,0.13901167008409596,0.9355274363620432,0.04620135664081458,0.289397066808966,3
0.4148913959458595,0.7913578502673709,0.16794716267997975,0.4548188607700023,0.40958649055602003,0.3566387371529041,-0.15030212657532677,0.21880493098514428,0.9094589908890434,1.1176495843645007,0
0.720148208378604,0.13582418098085486,0.6253875553908292,0.16035291632234897,1.0145476981071204,0.7013934918991485,1.0427208124415297,1.232731994268034,0.7985894091994665,0.7504198787586496,0
0.8689783912597457,0.14353019403491427,0.6485763222774511,0.04959496139268281,0.5445702566161739,0.40241475695188994,0.16796907799132915,0.8958924644037705,0.9738178554890566,0.8098207400642224,2
0.30433759227134516,0.6187939492882878,0.1784431696702498,0.10398088769161931,-0.014321192891875403,0.44956492417824534,0.7991912315254089,0.1529573731187995,1.1144731075334138,-0.1090231403140948,1
0.9428627815454746,-0.17033424176145073,1.2664930234576914,0.7754170360926558,0.07868551087342433,0.13129459075360433,0.38111554099950995,0.16610941581080113,1.3744131192359044,0.8098069825585199,2
0.8842986153167778,0.1170566101871147,0.639694113802998,0.08256240138376891,0.49287674515541935,0.37250310319138813,0.24891307256257145,0.9128040160829383,0.9186742612953982,0.8203212920358778,2
0.009799649930661854,0.10214200424665178,0.635856789674174,0.2582171802872285,0.02649266527430197,0.2190841600791891,0.5665740812476733,0.2261636998151301,0.6821834307841553,0.7654604425131555,0
0.3008424513214666,0.9448377337761662,0.6076159801422675,0.39930870609748803,0.2538051811043488,0.8619833031822762,0.5156046083375815,0.8153695823677525,0.0707138962652809,0.7803729366793634,1
0.8153749290009522,1.181943715157643,0.8712794585946689,0.6100969849699555,0.5994892080489052,0.9579666321089239,0.10292689751643068,0.7985758936464111,0.7913833713918028,0.8011297763504146,0
0.9584985599168728,0.27125860663142815,0.8526346214253984,0.2344225621241868,1.019559715808411,0.229874052543432,0.6469754870424163,0.9193319695193729,0.6833082110348041,0.48038563815959073,0
0.9170602216434105,0.2138688316823303,0.6224314502004643,0.6442732569543068,0.07065473669576576,0.10540429112326066,0.14704461560603438,0.9556010653125514,0.6677133686815808,0.6331449932324811,2
-0.021559525861626315,0.6037972794753357,0.09630104743683959,1.060380960668617,-0.024551273953559202,0.2827474384725633,0.2759683079823628,0.1729497222366445,0.41687181709648546,0.9935275122254231,1
0.8607262705995129,0.8794488742146268,0.9895871661533733,0.5531345846829764,0.6253935760714923,0.8862914109775402,0.26082821408115986,0.7390361620592443,0.5859506812836522,0.3996202493249588,0
0.0012162329313782638,1.0497260325901894,0.1788466712361223,-0.033340676147371684,0.26204905597252603,1.0656868215535598,0.5881192322641319,0.17311371730107133,0.6971333647138827,0.637910872595135,1
0.720516313360016,0.8981205721226891,0.8171879398796699,0.4306919314390157,-0.3010949285038754,0.8024150140876889,0.49888375107203076,0.7360757909996484,0.8661103944994604,0.8689627406407624,2
0.00902800433919032,0.6397127357075704,-0.11498495423457342,0.07010050495973613,0.15455846494743467,0.38046336470637754,0.6058992112693805,0.08479775168169987,1.044394140722689,0.012342045279773426,1
0.6185899558707453,0.7123583540674896,-0.06987422666136844,0.7200384021158794,0.6898976137238951,0.5240347005097963,0.4901580809456533,0.09028881446976869,0.6066294819543244,-0.1486460754174974,0
0.0005193710037266729,0.6056932345071416,0.1674953116969398,0.9690538546799826,0.06424210918275079,0.4146057333134788,0.25901978660367647,0.27246958350628536,0.4531303955515711,0.8858678431705915,1
0.9275192223785236,0.6434762313985158,0.48726551969752085,0.036316766244037214,0.4285727527288745,0.8331742198804069,0.6873409794170434,0.5581949644338683,0.29644027931706174,0.08500236972774892,1
0.13960989784192507,0.2529185458816352,0.8473970312278531,0.1954395064728595,0.7645967126977583,0.03532603024556094,0.7773652811014714,0.11201845711424525,0.33622115379673845,0.7292493738945832,0
0.12541290823998683,0.17220390933789517,0.2680514590538421,0.7167715256625705,0.8684644475174337,0.2530466994401271,0.4494212532846645,0.8133382260583134,0.6397204642726496,0.2901062801181687,3
0.9043971532385423,0.09662478266599417,0.3797596529952343,0.5459777328991241,0.3223839020678563,-0.021507089401378215,0.4417303253734671,0.9577029731384734,0.6691492754633716,0.5660677582615893,2
1.1215913211496589,-0.2815445666394874,0.900852068355552,0.8303631190711112,-0.23737642869340542,0.5393224466898661,0.6729219044949366,1.599579500073006,1.1322374951842002,1.2709454623021372,2
0.4200265899833266,0.06808978444518007,0.9505357423444929,0.7133400674301655,0.5036535744621201,0.6809349017885956,0.14990773125553683,0.2289835133834659,0.6565086139509686,0.660741708744706,0
1.260408569505924,0.1771411737186786,0.6388213806324348,0.6578813959298616,0.5846829124296338,0.22045972422289867,0.9146031138349349,0.7923625453756202,0.6866513483784067,0.394165221340533,0
0.5333892640551333,0.8029599627337128,0.5335920708839854,0.36064140259710764,0.4374548582909864,0.7889714620371412,0.1619776581792067,0.8157911008644226,0.3502082090942893,0.38752687659974977,2
0.19475241164291449,1.0520900901455723,0.08096576350741203,0.18303320156229005,0.2143797914873425,1.0048041024986496,0.17947988397566556,0.491095784484898,1.1130764360998588,0.29887010339223724,1
0.4411031716392694,0.010633982247704038,0.5024963450402795,0.4035788633759927,0.5240958056697569,0.07888863623611161,0.2337230157476518,0.6103443926325147,0.5991312824050544,0.7646521272013368,2
0.09272546503079927,0.17013467613541522,0.3100751686707694,0.7223560105480503,0.9038272600813936,0.2752828162342656,0.46745968531137344,0.823486897842826,0.6097255221300343,0.28800200380718627,3
0.8762941001610357,0.4834740508877904,0.8934336487415387,0.849852474243677,0.2049596857128861,-0.34845732020127806,0.2949550496568893,0.791125242111297,0.28244987794986903,0.2718530238621314,2
0.13207625565573744,0.6680253404598809,0.1051952369695704,0.3017801838789506,0.07051460923321531,0.5220028509751415,0.7101317067690599,0.14314025070273068,0.9372685218717377,-0.024488682039595297,1
0.5360942606621312,0.7985863833496513,0.520072196417413,0.355215490641907,0.4393361356594207,0.7901129257348858,0.16077726990663666,0.8186915763964818,0.3514075567612716,0.3806066372208296,2
0.9669449647251125,0.871728794034188,0.9265386435560601,0.6675594363367403,0.5806676779436674,0.8555404654623666,0.11274228054226632,0.643187973449693,0.6546190017116859,0.6257126231132958,0
0.10933239079631228,0.8548840121692989,0.8332349790579017,0.801551765834736,0.5239778456200864,0.7793783139735898,0.14535898084252274,0.8193597402965538,0.5798515468082921,0.5939813293944105,3
0.7707023962800579,0.39320707224065093,0.6338430730918647,0.17644310988914969,0.09259527554166003,0.44186858487839004,0.9370968013333639,0.4386969956928602,0.8460592043394013,0.9717509758760018,2
0.37636767776269353,0.199476391188576,0.3080656787682405,0.7362715236808001,0.28855461630737456,0.3392820399750813,0.9434758767377224,0.01530198379025633,0.7786526388231942,0.22291781731781013,3
0.18931040186687953,0.7127581645416892,0.18252218105378462,0.15996980428611504,0.17374954973822568,0.5926770800518217,0.7903481057748099,0.2248408597286218,1.0127362648460072,0.135403992580343,1
0.8111255506010688,0.39156402241741506,0.5723036804780216,0.05165099495836248,0.31797385091998265,0.6194663140466173,0.8033880684937765,0.1790448339641841,0.9914543251265764,0.691719620849268,2
0.46101887680030856,-0.30372512076438307,0.9029919215626323,0.867586656281226,-0.6569590665026093,0.13577682056525056,0.7767289067462565,0.32617531190904947,1.0532845927366752,-0.3206830396893343,2
0.6464307124112437,0.8004884675817664,0.10600179842384778,0.6952046132875825,0.5191462417563837,0.4126829281139245,0.5590233464417041,0.051561736269863205,0.48216378343184824,0.008842852827379132,0
0.569770304151719,0.4728301406117912,0.2984363551024007,0.6819369875294394,0.6797217640216375,0.953908794061032,-0.02422845530843514,0.6191663118545924,1.0831422910409267,0.22234814186221552,0
0.9201331581948972,0.8293502974262892,0.9279084628705511,0.6995827985721674,0.6697524425508685,0.8518147722538268,0.06690826458511345,0.8267445259842287,0.6054573584777422,0.5507844581046965,0
0.0010840124227725774,0.10942120894306072,0.6266061869447027,0.2708216264743386,0.03533787252294465,0.22348520460663357,0.5761079790910828,0.22781662894883511,0.6833501431115115,0.7720015796358217,0
0.3788200861518606,0.06989710679678734,1.0031067272619347,0.9899726911838812,0.32722217831931816,0.6654713990155441,0.30932467103159106,0.22114922784156552,0.5146406945768986,0.709170137754344,0
0.3777870583640069,0.181373447614273,0.294082068179399,0.17870111725067575,0.34333605890847607,0.8479858300897165,0.27507876425714756,0.14347527778245878,0.7680105959355207,0.7903057543124428,2
0.8331492027860453,0.19731439286049768,0.5364986834024241,0.5572181095849732,0.14580842579394854,0.1092657214970004,0.2647453579567548,0.9103930781140672,0.5268963242623408,0.6161950221627446,2
0.013097662352790794,0.144355958950031,0.6116762806017454,0.26344393475119166,0.05800889528866059,0.25890892570096913,0.617236753291896,0.1793281292297089,0.7313886080001574,0.7882313937112764,0
0.19656638698771509,0.6212265747115905,0.17533896643159252,1.0680977823173332,0.3650457683220705,0.3118712285204329,0.7245111955147604,-0.12668243582480532,0.1668526002895343,0.45276379241421494,0
0.18426556279328707,0.978260991714469,1.0121658296720717,0.5287591300742901,0.9060576346699564,0.9940325898143635,1.0353367178906718,0.5288320274228556,0.6347754272300973,0.8142191095837062,2
0.5099659430792249,0.5514686576963811,0.23844549275235444,0.657124999699324,0.8067815528293872,0.9977555779032887,0.08117437789159221,0.5656656776652136,1.048952508357293,0.22173198067688848,0
0.3293121558033657,0.4858380650362414,0.8239646898122155,0.8401050340299887,0.02707530188103313,0.33167581079599073,0.40469799276597873,0.531459758940322,0.21976598009732073,0.10179142900229812,3
0.5888203973828091,-0.11271143588167037,0.9955132450828315,1.0362826051312797,0.3613615559402511,0.8737270159171193,0.22685198979979662,0.07788628169043435,0.5823167672814563,0.7518944599976838,0
-0.06019749643582874,0.5561665414085276,0.7108377062519171,0.047239752625564624,1.1931301169749151,0.03328899028527349,0.9921059391902541,0.25551920825851476,0.13643703717565203,0.9767417336010806,2
0.5028944769214507,0.26201310171188474,0.36338229485688034,0.37250194224748046,0.5435808568243158,0.8260100389744929,0.4035541189797281,0.4958055362980571,0.9290736491900089,0.3239586650640371,2
0.15260670244671204,0.22433127741145747,0.3106436247639156,0.6894263695038172,0.8482877985163806,0.28753533144706744,0.41299361725113953,0.8268275238611743,0.6610219215187472,0.35738394710220156,3
0.3421381741745986,0.2806816053472385,0.22997180428787467,0.6637447291850838,0.3077232888173858,0.2629643630429691,0.92640865873068,0.02254235594842023,0.7794708378080694,0.18092017382034212,3
0.28925142191322617,1.0893969178850127,0.5500933810351407,0.03277604610535681,0.15092389384774166,0.9171782433920519,0.4747323781941465,0.16448312604601004,0.5758278559290531,0.7410004279159588,1
0.6426275497928995,0.7971915008381031,0.09621015241851255,0.6877018625889497,0.5211801408381314,0.42643066570870813,0.5404784973269356,0.037940518492523195,0.4878902570567659,-0.007515033260591275,0
0.8794380942762539,0.20015705896386582,0.832019106045381,0.1384180015665411,0.4231524486653765,0.7978340127427099,0.871406068662286,0.5259299906587638,0.7923212679922651,0.6191557265540437,2
0.37144757988370314,0.8524540905285753,0.3665478278014028,0.837932349578266,0.8455368292906755,0.2033922221031201,0.8968798349265885,0.995765646762191,0.20219352803303126,0.44988545281544634,2
1.0244894484913558,0.4118115607023809,0.956004805060796,0.1724896442488718,0.9458613395930375,0.2702297094536282,0.7025961263362448,0.9181361864513926,0.8501967866323688,0.6720673358249767,0
0.1324267939332013,0.716574251304846,0.2856615794624313,0.5115697133045846,0.582782958417113,0.8080724807216845,0.5952437622868665,0.00014371263900680997,0.9918089824008741,0.2129605683154071,0
0.06726137455217185,0.2492513244610178,0.24902999787419194,0.4510894419673816,1.0675727850796568,0.5936529402763505,0.32024399204417614,0.9644043304675193,0.764506904001153,0.47433642196993175,2
0.010892504014361032,0.08341064014297857,0.6384370450959687,0.25168784293235846,0.029755577755089205,0.24247677788943647,0.5916130278013819,0.25546759231461885,0.6861323363762784,0.7915226563636788,0
0.6179818838986143,0.5707774522888036,0.8195770417025704,1.1434726618699014,0.28854957169952916,-0.03898039830858521,0.19994353513089347,0.7081651007656542,0.1617395753092722,0.1227120971678902,3
0.7906161132223405,0.4591264015098993,0.7177118803196693,0.5828097319182233,0.6993932585471379,0.3208662916473222,0.8186130496987509,0.9955622739191187,0.9695101997344494,0.4546385005140742,0
0.47392956897777366,0.5444917614638346,0.24245126023235145,0.676739161452146,0.8217613776125575,0.9330774143207349,-0.008716502760475694,0.6234777506812818,0.9476232276136682,0.13828475283778874,0
0.7081803983430377,0.5882139997450234,0.205777777250841,1.3187205945060314,0.32015660376107774,0.3387240743618918,0.9173508631210271,0.5769411526222284,1.0486639687732273,0.1573597814993169,0
0.2844115682769117,0.19213122586384404,0.7065041877157932,0.15833065517467793,0.8336457193922274,-0.12418292607899359,0.6725406574848467,0.8980226228737141,0.9292413243865036,0.12550504967111542,0
0.9222796733385227,0.21478457275643342,1.0461267879099774,0.004855761505919348,1.1426397485599389,0.5865632003166179,0.6414302021969461,1.0141920988860214,0.7895685632771442,0.7355792952273335,0
0.7195844176955422,1.05671480476055,0.8866278606752785,0.8827178771717092,0.5403201628400649,0.940127215840222,0.2427979004832862,0.6880559145701117,0.5704391936633003,0.6495200906882703,0
0.4336767352086227,-0.12395085923731192,0.7319722129638219,0.7180694270616981,0.5703915081693763,0.6187569205087431,0.12698448330044618,-0.1017793428095311,0.5635506828607332,0.5573884820658241,0
0.4112149037534246,-0.09495994885819548,0.29838595737543133,0.3073205101586396,0.3878949407372191,0.7072777137226528,0.40275772404609567,1.0704497739128938,0.2534053529615036,0.2258526064529442,3
0.10949460184418232,0.8461543977392403,0.8144780566526583,0.811915032172485,0.5295362396338232,0.7877262903909787,0.1486685108131965,0.8367356788469383,0.5883286049568378,0.6111163882877387,3
0.4703476229079894,0.043854542466988354,0.980725741721304,0.9280732029687471,0.37458625696540104,0.6828679630513012,0.19152345777713792,0.16640959806873737,0.5542886898815704,0.7165788229666673,0
0.6951538009553766,0.9307351967691735,0.32272968235457644,0.0905265839547722,0.4655866554142386,0.9575106573454247,1.4692801382543816,0.2930615517374222,0.1468982035300782,-0.33315884397060325,3
0.5291328159327968,0.7974740994537679,0.5293342587455327,0.36215765245252457,0.44064437106690546,0.7873299793327131,0.15619939838652946,0.8125602724371244,0.3512729007178227,0.3897010402200633,2
0.35198803968826203,0.09769328802017299,0.8594525653914347,0.47017168449329,0.13879038155041054,0.11405357466105095,0.2550180024351807,0.3756873125609781,0.6164636668845089,1.0111240842019928,0
0.0342367500193473,0.8727916903172317,0.4123892459496659,0.6030956097457227,0.37960871677392427,1.0753788799396033,0.7285858595292157,0.2472246163021278,0.7112876599879945,0.3852905241627461,0
0.05985734123286019,0.8651602993711897,1.0025080601485674,0.432959500544917,0.14608743068452384,0.320319499598707,0.7442245275548932,1.0107532428705888,0.6733460989721377,0.07785460814668962,3
0.44414702873590384,0.8201602282933823,0.8686925161988488,0.8813201522773444,0.5993105255995927,0.5098564985043366,0.4910377208790125,0.3230645875517167,0.26353447640941013,0.09936495224302207,1
0.0018964352175489104,0.10786163108126624,0.6432738605495426,0.27013715545471056,0.018539966474636734,0.21924515635861047,0.5776367964396398,0.24258735895079594,0.6658491418280903,0.7656121374931046,0
0.5352888806459908,0.802490130538779,0.5235714338755217,0.3499726174312667,0.42804976057223343,0.7832972260756311,0.16360191372414232,0.8158221343202529,0.34227905392230323,0.38669797053287497,2
0.8856313456832627,0.3103588981183683,1.0296100634528857,0.22554517322247045,0.30328635472634735,0.1690201897901127,0.6549039682877493,0.5207857715647839,0.358185093897358,0.37135904788037233,0
0.06250975048951453,0.14066691124078978,0.23615158854871027,0.7160897421602038,0.9065266385521575,0.2430520971038055,0.4985345411413829,0.8440551175525197,0.6539689589878531,0.3461087180821288,3
1.3656827825199795,1.248818985948207,0.6491853995719024,-0.14562748395363487,0.2885749990130507,1.2953744549605364,0.7669224886075138,0.9808900829186533,0.524709124998249,0.6752116083921921,1
-0.16352418816946993,0.6450687648098216,0.24220393800402457,0.10211662490789428,0.9289733427005287,0.30173883298557036,1.1373736495392999,0.46007532884233177,0.1627350624279224,0.45634655819697634,2
0.8716467390383047,0.5659397085159421,0.692039236039086,0.22170764077487015,0.6087589004237162,0.8861305322675337,0.5187184302611771,0.9751784559809871,0.23982288055855305,0.19328351172522482,1
0.9664983157018293,0.7709347075969308,0.7215140249715338,0.035893364960414176,0.48284857858899066,0.8339693932789054,0.41202517615864453,0.7945251148478459,0.2104143771510253,0.2041373088485955,1
0.466049893349587,0.5402205922583415,0.22852537172257822,0.6436654829812564,0.7863770434438753,0.9233154832741349,0.022054316796159563,0.6553713090389948,0.9839461385855423,0.1603929789914946,0
0.18437004920823508,0.5677123911689655,1.0313135688683956,0.6167533301484017,0.1649796223862897,0.929962998013372,0.13288047694668462,0.0426095199456722,0.2947321169438626,0.33526124808768504,3
0.8055769152773256,0.6615872726820444,0.3090959022207907,-0.12569507459573234,0.5165277304162478,0.8247472184537444,0.4758216656044225,0.7248392679575076,0.383455687341697,0.21287055881468606,1
0.24891589405192566,0.57334298680193,-0.26271945842125394,0.03823534590876068,-0.44376262637540353,1.1725940882345016,0.9445789850238591,0.3843953221161315,1.2793261633758237,-0.3846567911271404,1
0.3174253039166267,0.24428075518552098,0.7956006550788812,0.9454890665210272,0.5748219690813714,0.6089352591532253,0.3491345326784059,0.2760105167636928,0.3966234920423033,0.8113338517381862,0
0.5406200346768231,0.2773880390830771,0.09763470601688741,0.9894924665461832,0.4154097204553107,0.7920841227472215,0.9965969462223568,0.6818259124842921,0.5175692026728844,0.009182785453818358,1
0.3784299082990352,-0.029208685496445674,0.4507366967402402,0.41376560665947204,0.7946139203703612,-0.11714487326452258,0.8526809792960615,0.8407755237101957,0.7658869780048946,-0.024257653091103393,0
0.5351786213068196,0.6667933826398577,1.1498855958891,0.2298041016513893,0.6494229465072974,0.47845142182042294,-0.0153759372151821,0.8455978805953688,0.7116884611671679,1.2516503807618502,0
0.562753003421703,0.7218678151840658,0.4501557906959096,0.2974788658741272,0.4984033488887632,1.2269954225850759,0.15935446044940588,-0.23855233047347535,1.0118403162452416,0.27701274124158964,0
-0.1699541490342083,1.102989484754439,0.7250504689883408,0.6435151596861355,-0.276190093524314,0.26292013654949686,1.062771541875036,0.6913550163806148,1.0410097932121707,0.010037749034199295,3
0.40197368807111294,0.187000164243886,0.3116908081003715,0.7447076313015303,0.2732755131276058,0.298564761929353,0.9662185968297895,0.03402040137597858,0.8168465786955995,0.20049145257673542,3
0.9013512904911036,0.19037326705134205,0.8551318656872237,0.9139670840275984,-0.10893797749052425,-0.3290933363809819,0.4200950750443321,1.0439262996776082,0.527977333388596,0.09659605816600092,2
0.7717263019067978,0.8757346853416079,0.7964177249623753,0.6666381006006298,0.5232434902722422,0.7022092106380937,0.1345256470283061,0.8413609358480058,0.7030229651032214,0.5680920868254934,0
0.14285710920781863,0.7101717538313148,0.27906138138404657,0.5306008963328457,0.531918686685903,0.8749560606741354,0.5845497304747123,0.028693473165020328,0.9462452442173899,0.16800189831216883,0
0.2693175799946029,0.8676184531655021,0.3802420663376021,0.8841715086620331,0.6270058045215235,0.11754642506751048,0.9572630693380966,-0.002234051524590365,0.3856621964037314,0.8168931024233511,0
-0.2342594981896789,1.2760285208273352,0.48820323465306464,0.11007280875056369,-0.1512113734504183,0.7905392245484799,0.945408307701304,0.8578492766840885,0.907051649050826,0.07490079188838894,3
0.5287151743507066,0.8016049253067067,0.5307323312264738,0.36739933019483956,0.4328573306188286,0.7936144506448373,0.15989522387128896,0.8130110843485744,0.342708181564194,0.38653095513654734,2
0.37751952637578157,0.6609188507149275,1.0124291038270425,1.0567281805160833,0.17766858633661908,0.19673112179765928,0.31499793105015306,0.7867898174180314,0.24357823200371995,0.290281028137386,3
0.5342384372246681,0.8011949342751628,0.5339249351265837,0.3636882051888932,0.4380093337161795,0.7884845928255187,0.160543472292612,0.8135402520985727,0.35219985579815255,0.38621286188400744,2
0.22004674335426092,0.36298787657908427,0.9371677869608828,0.5307383069410576,-0.006781609314908815,1.027371916888383,0.3526353378157831,0.22262418654145416,0.24869892221841483,0.2051402866984372,3
0.5689218518595177,0.28772701772010395,0.0783059884696285,1.019099751738556,0.4775113498916619,0.7888725681656437,1.0400336552565614,0.6676354058480589,0.5271514328515184,-0.03303694632786433,1
0.8602511430283531,0.11625661960221553,-0.13778104180846623,0.675911187947082,0.5616722050722531,1.0443826401337573,0.8115927487758879,0.5170106178926903,0.773687872865946,0.8204289228832635,1
0.907756350379059,0.8429608298306127,0.8081905978812087,0.5991414004690002,0.5440392341568118,0.889316653269289,0.17451647602364306,0.6799575133111374,0.6690050155233082,0.439048728189042,0
0.6591642925068264,0.5878985252316258,0.9035081317244722,0.6111500136406863,0.3560696796377357,0.4793424906736072,0.39834527128003594,0.689765275732908,0.13172867832739296,0.5276467452790118,3
0.19317083317905018,0.24487859791263983,0.34150619704106466,0.17608184904212915,0.4505900370402414,0.7783196566037025,0.2738895570032981,0.06303019803928502,0.7373071510129033,0.7428564070014764,2
0.5531996362791097,0.14834667022451592,0.9197501942501123,0.8047701936328457,0.5294544377955942,0.8670717492149638,0.24163704784411535,0.021320951708143535,0.5606624156016098,0.5926343902383263,0
0.5546247336802882,0.26280277305080524,0.0817400883611685,0.9777405661604539,0.42626593987606964,0.7882174383460336,0.9984175979941374,0.6739211568827506,0.5179337370592346,0.007160823967209693,1
0.47245912664300566,0.0035497168337896056,0.17821589427026344,0.35989669202450375,0.2575882431809929,0.679001103445643,0.47682908681397446,1.067430598470143,0.37364890556499675,0.15567993056428603,3
0.5403324924903506,0.8081814867431631,0.5271088613162126,0.35968753914594387,0.4431274353064893,0.7932364642760997,0.15558715655277594,0.8090810079738576,0.34808753061182657,0.38021067927283775,2
0.009256328757860297,0.6273426296568702,0.19965287839709325,0.9796969842531477,0.008841437280218946,0.40063060133745243,0.24644129051874214,0.20199454472528872,0.48839424491759365,0.8886056712595185,1
0.7234235642932927,0.5173691822168833,0.15442840792555274,0.9013264661697626,0.5302063996312328,0.48582764086331964,1.256332040606556,0.564306291357616,0.8694704027210792,0.11110081597001975,0
0.5252195106981902,0.8110410722535363,0.540355963737036,0.3687504244854365,0.4297355042681522,0.7954576045442683,0.16012391877172297,0.8226100558349552,0.3519010218319176,0.3841269891780742,2
1.0648808818682698,0.30896779047016104,0.529675291190635,0.8606816989060078,0.7121139953927919,0.5460393215461015,0.9763275692825965,0.6980469961813371,1.0703882287485111,0.41703557244426376,0
0.3322458280974024,0.1594836598394045,0.6592161650433596,0.885975986086488,0.7665091656954682,0.883584709776093,0.5757131848557894,0.20471330838685686,0.5375385517359784,0.7100735397658393,3
0.4518302749354365,0.1239073022275543,0.28911704511939107,0.8153445340136996,0.29213544873055874,0.30883449705103894,0.8858341325931975,-0.022569486220520366,0.7406862792573929,0.1630725618071847,3
0.3332836102514761,0.392152801333072,1.0497826902492808,0.3339483530299999,1.0239007839808036,-0.11932550302233932,0.43967739715242116,1.0416495988781924,1.2453242724644351,0.32268976052953996,0
0.743308295148258,0.7233964935906505,0.8911290563589938,0.6850553082187283,0.5294444573506386,0.8019499493640405,0.1657817043986131,0.8232228441708551,0.6187064919480136,0.4241142890591316,0
0.7051280612892911,0.02694316224378723,0.5423449311119738,0.6235371737347362,0.671314537130306,0.6919674744287757,-0.037900887267188016,0.5134929731032938,0.46044877713901766,0.7476286593296901,0
0.6282533383275857,0.061972692414686205,0.3767231578968922,0.13234996299687912,0.3375675425694937,0.568886771631453,0.31534706813269847,1.0998579701478988,0.24820281107075381,0.018006491027968807,3
0.3918623870957704,-0.024499046064652655,0.9088305581605558,0.8594682900714254,0.46567179738192993,0.7648979975180161,0.2859413315410065,0.09481737043402683,0.6190928455609321,0.7105717674852213,0
0.8617581567210474,0.5703693470174813,0.695821732164721,0.2152256892748953,0.5983752461047038,0.8797444910375918,0.5245296622516774,0.9755377127146256,0.24397164715742456,0.18299477841848227,1
0.8439452226604621,0.15053636031107526,0.6535277644634261,0.08431632677180903,0.5429088711875552,0.4051437627385927,0.19710380986993178,0.9444508740473557,0.9466336143545239,0.83440392661285,2
0.49255043863711473,0.5518142919700835,0.23673359675322758,0.6250201056576169,0.8009493964390196,0.9521417744931272,0.04212937005329395,0.642287911836012,0.9543492449240775,0.18230761412262267,0
-0.01810073942554815,0.7500825846285969,0.5736997524845199,0.021316658290334717,1.162919079451574,0.3829569397563211,1.1406720744472545,0.4670692720354471,0.018573378419305453,0.4709956254159781,2
0.39053418925986766,0.6103040623639779,0.20867685399102245,0.7364564096256704,0.7940833275572297,0.8593304172813332,0.05458190593704065,0.6081383631344403,0.935380106254138,0.09498669658967537,0
0.0725121468904964,0.3214075204119305,0.34861431486318023,0.24918408339444842,1.0056367068730139,0.5874103471858867,0.23041817433983838,0.8349497416258813,0.8275909396227376,0.5324217814365791,2
0.9563398299564893,0.5302639346752622,0.7220302137793022,-0.08722629508105545,0.9855284213842184,0.5171602276012315,0.9462315577968289,0.6555314216964966,0.9740968464302613,0.6839002548240971,0
0.5288519665081953,0.27224020989143183,0.10063247950269433,0.9767564893276907,0.4505500235658032,0.8011793935975501,1.0006877764698252,0.661204052793852,0.493372889628835,-0.0045825041216023266,1
0.19283995868326728,0.1853242018753026,0.7985960034758005,0.20182760444019,0.7519362373562478,0.13390688961997868,0.7980354329704749,0.07562939496748358,0.26067627686326056,0.741998295927844,0
1.0541390209648371,0.45330687829775074,0.42476979652715424,0.2819099720045623,0.557016193882215,0.823835113320328,0.535560264390197,0.9659907769948575,0.35857778755710035,0.33395517899386423,1
1.0241788520763502,0.47603610205106206,0.42668658970975465,0.954451411129911,0.4808174110375011,0.4823881731087985,1.1172849570144892,0.4580497817631184,1.1083910350126867,0.32581986618771824,0
0.9573541417130764,0.33987018227645893,0.40488391244151045,0.9882586874173218,0.6533041364512889,0.5086933772652189,0.979584404198122,0.6360297204156395,0.933034882094087,0.44253586862217315,0
0.5491553755043463,0.2766735643429074,0.08354898356612556,0.9800285352788887,0.4264400723544495,0.777121031744926,0.9929068346684602,0.6675423489147227,0.5164014439335209,0.01408488184481615,1
0.0793907069198739,1.1376526578900577,0.6974727626401366,0.8048331154018815,1.1109760636173327,1.1065138936804122,0.7459465529435017,0.6054826559532978,0.7857340122468831,1.0201063854428576,2
0.2258549630335689,0.8129888092840212,0.4844488833034903,0.6582338248328307,0.17904088152676245,0.7712842609745493,0.5990299699854776,0.5994669887163884,0.12447367877898262,0.5670430900112139,1
0.8208474895864126,0.14253996372305128,0.6643380103338214,0.06289816550084773,0.5094296208128405,0.41215944049044384,0.22133602140254166,0.9064673739638607,0.9157668932653914,0.8040740741340229,2
0.3518297552075819,0.9446909819683627,0.5514297430335423,1.0009298081364557,0.5241764941556633,0.2890596665829004,1.0199184909581969,0.17491130657998516,0.41053235015307876,0.8603246743805315,0
-0.003945955388088472,0.5804287102893092,0.020433533119858543,1.036881487057929,-0.06865725088443216,0.3552268761687972,0.10760340952116842,0.41295414338843084,0.47214272354398445,1.008719986200293,1
0.20186146077611422,0.6325859691221486,0.4024741822337075,0.5316783063742168,1.0459545638196979,0.1276480149228491,0.269338147110357,0.581002523880345,-0.1551351960679393,0.40425926375462373,1
0.11761030461475833,0.8592054182176309,0.8593821393095779,0.28866762930964707,0.18843983268213882,0.4342115215154425,0.7026619451282348,0.9189603157219428,0.7679266095124563,0.12760742482268955,3
0.5152951761178138,0.04570352578118664,0.39043890415103955,0.8266324897922298,0.2411572009806842,0.3240939257713449,0.8963620173511294,0.11351818682096657,0.952137699374848,0.13700266644206943,3
0.1475091315779382,0.5563816090716296,0.4781346226660369,0.4558716285739124,1.0051195502896342,0.3873541992798693,0.024366880983830386,0.7411530094183607,0.5960545388677579,0.4206014730165353,2
0.8435123871606822,0.1491912534090396,0.6434469494356106,0.08833346994175696,0.5298053225875918,0.38815073435099856,0.20832779525631917,0.932446797079328,0.9325965007974073,0.8200513444810636,2
-0.2843905060171944,0.922710708763008,0.4396149564236745,1.0149289968705244,-0.1750762160509066,0.479240912498042,0.04646652702455478,0.5268906603658348,0.7269803035503765,0.9396707529539345,1
0.07773279224675582,0.47979274448860065,-0.13564609466826863,0.3973830640364905,-0.20885280816995955,0.7942851669354197,0.5262756276430182,0.14408886686374192,1.055749491401628,0.08378602475304517,1
0.10906486092371681,0.8571273911804518,0.8206148157036373,0.809272935788881,0.5329740691712673,0.7798026792540333,0.1543768931032309,0.836058238582206,0.5792311729729354,0.6060447521171104,3
0.09991641734947979,0.8500573021892017,0.8100755854540821,0.8232131606082687,0.5438270632107862,0.7886292112185811,0.1416679511755364,0.8487826552312623,0.5811712189582812,0.5999601706811596,3
0.29484189007828343,0.5599993516060192,0.7184046448279945,0.5286744463776206,0.6203371637043112,0.8458355347917097,0.15772484280650634,-0.30319305634396554,1.103531412785994,0.47071989600029346,2
1.1410809443772403,-0.22738442688647315,0.283948251714866,0.5746915034849509,0.5835314017082591,-0.03283247096985367,0.3049260842189084,1.4033190171909486,0.5400132614616097,0.3812444875032177,2
0.09617956551361331,0.5858090376899453,0.09966117004810257,1.0301315869011467,0.08143522510852849,0.4121141017201009,0.17074961180067172,0.32527713987478696,0.57133245839661,0.7960300298074506,1
0.9351946940980959,0.2244139726830388,0.3901432166420165,-0.18728583551701528,0.5501605520368991,-0.43847369613576875,0.5993972550305555,0.13376025773731337,0.8578995482267014,0.21538061585090254,0
0.808990204135121,0.20680081381757867,0.6620443215586794,0.12064418218291031,0.586229080508297,0.44360071734003015,0.20289221074026625,0.9431578411411529,0.9383812426017544,0.8631017413031044,2
0.8122834721455612,0.6330585761563436,0.5331735522652601,-0.01458430059749704,0.5417228545971131,0.02709995574350975,0.7753259694797492,1.0432854411221668,0.867401162731985,0.7746733528301104,1
-0.13889525514547252,0.8760083143898599,0.8610978345823008,0.4540415439446179,0.2677327225845769,0.45453230924415444,0.786191233433298,1.0799229578304173,0.8513680094202593,0.3118192205078657,3
0.32751171811454527,0.4420946632119651,-0.02135500586512562,0.045782942143991825,0.8426194451538975,1.3547552777311327,0.44057196711715285,0.5162244378005935,0.722803448221017,0.482917321177929,1
0.6380535664478874,1.005880858367775,0.08187017672210145,0.42182455026056626,0.8031731602213708,1.2023307100471192,0.530406292037971,0.9447470715378178,0.029940081161688503,0.40184085334811426,1
0.5355983502641076,0.2827010868207995,0.08090977592050123,0.9898218023535135,0.42987962386685435,0.7747079890718575,0.9956211737026762,0.6683100648572752,0.5127397379051809,0.02874556002871584,1
0.5585346948197184,0.25701697960899605,0.07313037955607878,0.9975255470890938,0.43438090975314153,0.7684072347971984,0.9786412846581706,0.6884836128338083,0.5258552666252051,0.02778957950432442,1
0.5505003291929802,0.27984307876389003,0.0969444961682759,0.9869326122654164,0.42563596758153815,0.7740952856272574,0.9899996839290006,0.6716219291003166,0.5072355127559057,0.02737279090150198,1
0.044901019808373466,0.6497725928997141,-0.03510501881349655,0.3308617359201406,0.1519381923911294,0.547862777710938,0.5783813237329601,0.09800081742624388,0.9822635713589007,-0.04216992070035523,1
0.7618779102601775,0.526889518085081,0.7301322142986623,0.26991425369464855,0.06395396702406776,0.5184314993692829,0.892485956170972,0.4558625856680106,0.7864256788883163,0.9202404676655774,2
0.12717901776259063,0.39112205058166843,0.2406955751944774,0.43723185474931103,0.03969438096152641,0.3372431524824625,0.844737470381166,0.23531178771684158,0.7714990927517977,-0.05123229645852115,1
0.001122567314315898,0.10165572320391376,0.6317173927464913,0.26227581077883333,0.037705156918445046,0.21690138478696755,0.570054119722582,0.22905953530985373,0.685197150124299,0.7775897341099607,0
-0.05311130076638847,0.1126762781752147,0.66874365796913,0.23777796247477412,-0.06077925702806734,0.23020099530897004,0.541675853555918,0.3015847501525941,0.7446775925941239,0.6777405297617968,0
0.15034179460014857,0.7295961801334738,0.37297115330626507,0.5439319029576019,0.4802324665153272,0.7993447483938166,0.4983715089075096,0.1136742823129438,0.9093573186427899,0.15028069466762925,0
0.8960316082821596,0.3491635060519484,0.7715694098311193,0.5828829232659717,0.7132271586743968,0.2687036764870647,0.7617818834735288,1.0075132308776422,1.022423193714911,0.5250216594037996,0
1.330306456828986,1.4681413333125912,0.7612311181212725,1.145452111323732,0.7009656101603144,0.9640987570667736,0.40174580450960984,0.09738713936855986,0.1875781654914816,0.24428137234408673,3
0.8389065343312826,0.4226522930805191,0.8503844491453171,0.6036483085266334,0.681112706251394,0.25321949974615254,0.7560893776031409,0.9732916696965285,1.0437442240499968,0.5584138012632028,0
0.20442948630655555,0.89391712999164,0.9674107371163927,0.5494820875687072,0.9122686838096656,0.9507110895132468,0.943392372642374,0.5023669418588325,0.7293811491565773,0.8328258313245457,2
0.773370825120677,0.3407585437189636,0.9275108679243527,0.10674243998241557,1.1598774873912192,0.5820085647030817,0.7623884201040876,0.722293025804395,0.7724281881663909,0.688510338552856,0
0.027782789970829787,0.11917487130419192,0.6586179849338254,0.2645935932402185,0.05085050165161461,0.22219488588450395,0.5716381857341606,0.23782698707736527,0.6742087860794995,0.7747176706232776,0
0.5859350806401136,0.2596300999303657,0.06284354019296111,0.9356210699114635,0.4568003518772336,0.8008298518155241,1.0326124048133665,0.7244179613664842,0.5361642113012695,0.047595825528813585,1
0.5216567046656967,0.5849461281102645,0.22714298264772395,0.678380683481415,0.8089334931393333,0.8823371217411444,0.04934351774731312,0.6483831751813364,0.9875179054229293,0.11792575442072988,0
0.0018150915286603286,0.13156745665396102,0.6352670421071845,0.24213090271732204,0.00797038202168545,0.2008139436682518,0.5926606955626406,0.20833447254485182,0.6716836133547447,0.7472153531356035,0
-0.4015905977537655,0.5346168157986608,0.6591364104437627,-0.013325489367866039,0.27566882473006815,0.4740198975514464,1.2288314404889469,0.8697403103363028,1.131918874651343,0.148466129963273,3
0.7307953202117523,0.06343062682825462,0.7356915414978091,0.46423306640223166,0.6398617370252315,0.26785873034145735,-0.4676290840502011,-0.2758602302817902,-0.11020348610027575,0.3139761279125194,1
-0.30161323827918235,0.5402610343758448,0.5277022402203133,0.12388441582233012,1.0439088580193403,0.15578716712158347,0.9036375536823922,0.6563268119074106,0.3522957518488502,0.2801264403109497,2
0.11515190113730643,0.4663820148329548,0.32519516930714476,0.9671392446791147,0.5852111917900824,0.8039875615217666,0.3822574725320205,0.08696715556440723,0.13810368514529126,0.08973781269830536,1
0.9405178577427917,0.3894420059434873,0.8431928052761722,0.17654004150916058,0.9957315610871098,0.3781090041137393,0.7436947309627076,0.885252996611358,0.688417819778735,0.594605669695411,0
0.5460665699037064,0.27249832737501245,0.1052525602800545,0.9605337160555333,0.4307302199099629,0.758444375591063,0.9822503780876226,0.6787519350186032,0.5160568601211266,0.0015844404560764573,1
0.27284548327209884,0.145423903522221,0.6036001438391152,0.8861728953338944,0.7374465921684282,0.8721035107809426,0.574566318029203,0.240884205938973,0.515820946365429,0.6884687145220771,3
0.13342612859995126,0.4380725730264883,-0.18511603057961543,0.1608129420492333,0.1903782672840265,0.6400330082602635,0.7693808940829576,0.39070328709093616,0.7775408010519473,-0.1963935253216001,1
0.9040168296271702,0.562149883054608,0.7116115997215082,0.27417521305853754,0.6172332204098366,0.8169541191733046,0.5734500781585298,1.007365681869698,0.287221504706364,0.2047822748224608,1
0.9999065523655969,0.9875597005167475,0.6912694586877559,-0.020434591154673387,0.2570962312024268,0.9455674204993709,0.6575243950970273,0.7603368218532002,-0.10499317521656909,0.2593011609173891,1
0.6465361509192606,0.7811747192869276,0.6810781644895793,-0.10071332045336395,0.6239648321041568,-0.11170540921689871,0.6897518883595383,0.904923879244751,0.6089736755789449,0.7670834178011446,1
1.0436504336046348,0.09486848596183325,-0.3355416802767606,0.8027457011899164,0.17352011465147366,1.0506908935410295,0.5809095003183009,0.19563734660470575,0.7549059110165366,0.25930187185278425,1
0.11061377454712538,0.8567882956222077,0.8193469032863259,0.8101880117135568,0.531850864451053,0.7793393306470093,0.15478090049754897,0.836008282428656,0.5787917498658001,0.6061704326094739,3
0.16344053978317416,0.7880386678359732,0.5075131900155425,0.5477473946723509,0.1717112702253846,0.8493143321146943,0.4954048732584992,0.6971028406163725,0.1177852184006047,0.7534750280551721,1
0.5304123450479727,0.6981192268273587,-0.09032457052217258,0.6583214066707245,0.29369366446881,0.07783070277891185,0.658542276814532,0.9834059947768441,1.2174460987958635,1.0510565874805478,0
0.9177565682501284,0.24895681021757393,0.9477521077024138,0.45552323782685755,0.5380576324018704,0.6312257019208218,0.1897706947247479,0.7130131645628238,0.8601582101000319,0.8604543233088322,1
0.12224046872115865,0.9283150273080689,0.8577770245313535,0.5273159769218436,0.3755040410608937,0.8526701283294723,0.16669815049013684,0.8819701046322186,0.004601147376029525,0.2640830749571885,3
0.4545328707520729,0.6393296583749689,0.8499138997805611,0.9364143662802905,0.21022394178690199,0.1673543489839149,0.2739902808288581,0.6271793438997126,0.12315400572317681,0.20146217321938412,3
0.18846684103574166,0.9543340821564525,0.48491889889904144,0.8667877850127443,0.5094304281313887,0.14188921100034846,0.8467631485790733,0.06566659509131242,0.49231220544638465,0.7796839353606791,0
0.5295992574271424,0.8146132170761351,0.5446994971811278,0.3502714487283402,0.44601009271825154,0.7970132139629661,0.16011715144989533,0.8190824158768707,0.35664396689454336,0.3888767410320422,2
0.41105820615518407,1.3849646684800323,0.35189100881125457,0.18870333222223173,1.388486834621789,0.7861051738797684,0.5287626018697827,0.6356116942346193,0.17972423676783944,1.3913698369990268,2
0.7591596718386256,0.4126215528371692,0.7169774812665943,0.2265450078740579,0.07417318023944093,0.5298062541894338,1.0120232298358225,0.3989818591496439,0.8249616001876898,0.9405648766057856,2
1.2345866086612256,0.038776391235435026,0.5180371263536945,0.7407040616750376,0.4477767900168306,0.6897053635579689,0.8167662508120159,0.4581967120025511,0.9455723486359259,0.15232503363524785,0
-0.0070198940130945225,0.10818450003332007,0.6114474537591218,0.24495359342735745,0.03939015282371431,0.2152502023291621,0.5718014913443928,0.22854007820061353,0.6884723039094325,0.791813319524297,0
0.005261009667495275,0.10291863474922291,0.6297274794749064,0.2592429072682117,0.031951796935531955,0.21680226320551638,0.5689172698733931,0.2271125433632624,0.6862152446421937,0.7790418885358021,0
0.3033131074171368,0.7224255870467371,0.7482140602445609,0.3545145678999648,1.1921975209895175,1.098897645846727,1.2735798685063475,0.6265971981969365,0.8109777977669588,0.8481013753840952,2
0.25170505372026375,0.6358390494897528,0.10375784750897397,0.24217402193688986,-0.002253468286076671,0.46178013753729147,0.716479516698389,0.23107547994235658,1.036348274774542,0.019134457716164815,1
0.12322745401689579,0.7022249265282458,0.44476793435430395,0.6294435920278068,0.22122550647788328,0.8010501906591204,0.4858794189498476,0.701501501692247,0.020706236299930098,0.7514121390699008,1
0.4073852212737288,0.10238240583613925,0.9839197219715449,0.8414526900335668,0.51101187460542,0.7960848306626568,0.30687563934758233,0.07615974069149102,0.6772903249648254,0.6721466099558822,0
0.8965501938097705,0.6103600341619795,0.9841500286563603,0.8514578435059743,0.643541368760544,0.8753183285869037,0.2365731048971666,0.5947939314191003,0.5153801676826557,0.46223083739786164,0
1.269422163200633,-0.7889779082512715,1.5710721262662435,-0.09528318222695786,-0.002545111119494625,-0.19733185700826883,0.2058694278761228,1.1375370450800717,0.352693734402817,1.0803185431724518,0
0.3422397933862348,1.1046801050595358,0.9779337336285135,1.023923565381851,0.5870547619290225,0.7724929449681219,0.10442953015747858,0.4159024177851572,0.20118303505861593,-0.17181972706938736,1
0.2583172548757502,0.16194494026859158,0.4996624710149364,0.27466350752383994,0.4569391330503062,0.7590615493483245,0.4539885322297651,0.24578001443906694,0.6360203643246398,0.5353475536318787,0
0.05858187663035466,0.8410381565543262,1.0189816380287897,0.44946279433162256,0.8411868634060267,0.8138975133502058,1.0347321151650348,0.3687186201073067,0.6035493336393339,0.7603660131448465,2
-0.01723204934907393,0.8312673182089755,0.64792711542981,0.20607545267843105,0.24210396095520387,0.5947054689470915,0.5504702779687924,0.9508286715465986,0.6729419402529789,-0.18715651674429024,3
0.9394532985005618,0.22636064554111807,0.7111349373044975,0.45143572969885915,0.4234164433435023,0.43577742274747927,0.14335946777140277,0.5446027808524256,0.8573819543562091,1.0396957351898546,1
0.8149952222924708,0.45082862984421257,0.9167880247182261,0.2702557345879556,1.092777651541216,0.45026181954608063,0.7884719827337456,1.0078546729097455,0.8051776842080804,0.4769520907812773,0
0.019822493517785554,0.08979753351320005,0.6518474726846426,0.2598758522262931,0.01046379106965976,0.20503304667090247,0.5847676497540144,0.24899280380119515,0.6863893637077557,0.7957415465504477,0
-0.024159585471637116,0.9302150375643236,0.8955948020803323,0.41045400087356054,0.07821362384636715,0.3928818824255427,0.8438066181357593,1.003798966466321,0.7736421627506839,0.16472875618516586,3
0.18565419870753502,0.858127734593863,0.42095537323144927,0.8355494236411128,0.9015694965548668,0.2212932633952244,0.9031868595667812,1.1083204793920125,0.4842694133618064,0.1283544246189311,2
0.10717788683682565,0.8569054494346877,0.810209935255142,0.8180367271326194,0.5259180970889722,0.7862334901766173,0.15831756243850503,0.8338589441052872,0.5697667585365781,0.5976478076219038,3
0.1253522062488755,0.18748623756131488,0.2834980585924551,0.7289261351151405,0.8733582254261295,0.25498460005592466,0.4407253149475764,0.8282062675699694,0.6424848850736096,0.28676159251998457,3
0.5437828447007306,0.7991422690932108,0.5414518932340062,0.3692376274678789,0.44471278406501674,0.7799335177158734,0.1536349510753775,0.8042362056291732,0.3424757887909838,0.3940954757918606,2
0.7008267438467659,0.8715670288922786,0.6865011833368436,0.011909988851104225,0.11128804154239902,0.5923247570789701,1.0425699142514568,0.35732759893481225,0.22547336543364185,0.4318464791121837,0
0.8823391057466635,0.3722073272999385,0.7902794864748929,0.5723238958190415,0.7151113420497209,0.2866994539630096,0.7296427507161592,0.9655746939823875,0.9895002026788194,0.5276202596735946,0
0.13339965108465582,0.47155165859001186,0.292926198119644,0.941505620556917,0.6195478035497678,0.7945280195100194,0.33671356568363836,0.09912646480743457,0.14448117423536977,0.056435711085867486,1
0.13073840947162846,0.219577345046152,0.3063675343392479,0.7458530603267308,0.8990196429589945,0.22268704421551694,0.45306929316727923,0.8055106450113041,0.624493185730303,0.29469510627729933,3
1.0423518243775494,0.4350563747013189,0.39185324509819947,0.9996355314283627,0.5334399113676971,0.5097306147918059,1.106455727676851,0.7122997736007125,0.8728325214578785,0.5510110612448853,0
-0.2268080888719809,1.254093726634379,0.6365424492724163,0.7231335626033959,1.0811076362238303,0.6352986242217723,0.7609556134855604,-0.10591908615126108,0.6486778389340844,0.18473963001634353,0
0.8416745339133394,0.35590953421176935,0.831042786378695,0.4670185433834924,0.5055604327234622,0.5544091380887312,0.13934308996663794,0.7959185613219629,0.7782388144857898,0.9317646336815343,1
0.3383449781443774,0.5030541629717692,0.41016933896571733,1.2587636748644901,0.5022799289106165,0.07207779846963436,0.35544789982982306,0.21332951296945687,0.4975808920412317,0.29508558375878224,1
0.20243979868957135,0.42651092289044007,0.8716928820177781,0.8012679903936152,0.050455869482826654,0.4192063355703482,0.4528617724452785,0.8023700666727894,0.13752168764149303,-0.05232749421755456,3
0.30522156987610327,0.14011428394026978,0.6267355210868679,0.8843370578678806,0.7949928363981028,0.9042881031783553,0.5815752143296872,0.20960206826595315,0.480735741268735,0.7023011833292795,3
0.7412050228745859,0.7107303275453749,0.9788938098365483,0.5361134608660911,0.7223949205153444,0.9098497520716399,0.15317973697807616,0.8276370976497152,0.6407292628822838,0.3680929611416126,0
0.8541450013257661,0.10524285724098209,0.6064704894154159,0.08786307098361537,0.513586716185769,0.4178933139989369,0.25879378253636953,0.9279817685547425,0.9487443831786403,0.7362786125660328,2
0.6563422298209103,0.7991406262312406,0.11395745490313715,0.6969400596034453,0.5191358568935366,0.40760148471383767,0.5514007990386566,0.05783490758534189,0.48322608961674285,0.013660453392462761,0
0.44508973198273866,0.5620296017653408,0.9338342294521993,0.41126405555802525,0.4058483947868756,0.6181527827059329,0.6250020719064873,0.5328128411481193,0.28216035585410565,0.4217526094020259,3
1.2317190460430953,-0.10305446280246244,0.23342682389157532,0.6791988365459057,0.28051396811962337,0.16150328065770372,-0.3111413098185041,1.0650524684384681,1.0265806276523695,0.33110596150357874,2
0.27006868845961673,1.1704950079180758,1.3182130316720078,0.4061281825452389,-0.3606528763114393,0.3772291523243686,0.3630648246760047,1.0259397134283679,0.8029944769191509,0.415866362644189,3
0.014064255721285154,0.6668687225044438,0.7901408108680777,0.5831583260966056,0.4107709582039594,0.7147298910042053,-0.05964321136289852,1.2456558617208415,-0.17191105296780756,0.427176955163335,3
0.13760043031796712,0.7406023579936659,0.5121337327701194,0.5626792553624139,0.15838908537700774,0.8396928802170862,0.5216281010137036,0.6866213538494635,0.10028564040811845,0.7145228899670374,1
0.569873165260991,0.5692768752695454,0.904284906240412,0.5373266044704188,0.5033578694690956,0.6378401833825941,0.5626627406359324,0.5614813877021357,0.19064706901787312,0.4298657855290701,3
-0.060038542084881366,0.01086215999723543,0.7007387260912841,0.22515542179739084,-0.023943248694825094,0.1773504243973524,0.6839146245012491,0.27244301591527975,0.5792878249131439,0.6895993329805568,0
0.8555052778496904,0.39649761875660156,0.7775719425828662,0.5415545032057609,0.7168156663434446,0.2777145341793984,0.7320768149649878,0.9730373794833185,0.9743958719190484,0.5098522544202614,0
0.4233320768660551,0.5465077663938381,0.25462133536228315,0.6670197347151713,0.8266602729751842,0.905235665785151,-0.022063773773298684,0.6829605475550488,0.9579377513154186,0.12035731523906577,0
1.6789762118128824,0.34131705640464705,0.6465079747642629,1.6508442827636298,1.0031561867583543,1.3170837070240973,1.645463887487578,0.9854482330684147,0.6071478701061697,1.2880344041761553,1
0.5642492890640285,0.08374660280861096,0.40084741254823986,0.03631299180094713,0.5304761859476226,1.0346933625599029,0.06886302892569898,-0.1412940657395239,1.0214688953034048,0.7511027664052073,2
0.15555684463387917,0.7901581212212693,0.44751866668793133,0.5260055109023333,0.1845223113959764,0.8788407132339295,0.5267846956685936,0.6482816986937475,0.04528900375815061,0.7666472462950842,1
0.8083126819297759,0.5607677553085931,0.8722018694694086,0.10017433991882121,1.0748348567020394,0.522111090668942,0.902298001711406,0.7287556589656041,0.6189153528335456,0.44781007321703015,0
0.917825705281283,0.18942911590865158,0.44303335670362076,0.9373237594611532,1.2348248620758038,0.882976861205556,-0.13789922079830438,0.5358850153726651,1.0524667640170728,0.053941806021454264,0
0.852834954628165,0.5666179231723562,0.48691645152730917,-0.024640550055874275,0.39958853666845723,0.886771002866051,0.6545411414295962,0.6012103016845878,0.37029591920372246,0.16338079569820013,1
0.7275279276517229,0.7927609172791912,0.759638411635084,0.14455475093897185,-0.30693103410450484,-0.1797624791412511,1.19648165381571,0.1341122231950881,0.24531242389182897,0.7936770168555114,0
0.09939670047291897,0.3840716302705983,0.5393909756981122,0.39323127177183614,1.0753278065995884,0.1485017898514992,0.7964689693073241,0.16312733833474458,0.5255408061962776,0.6748065506134023,2
-0.19961743146658156,0.4343200536505989,0.8873800813685961,0.44770254362765965,0.14236043213184202,0.19460344878522073,0.7319538465827806,1.2334991211793465,1.325647022589246,0.20047808686829627,2
0.004557637483114344,0.07435197916086626,0.6967638795109691,0.21341067942658615,-0.04804184884303721,0.1997640254433132,0.5407169616494125,0.1494969932105032,0.6654211108631517,0.8311829651587666,0
0.015542379188957293,0.12068490161520694,0.5884758454260414,0.2700724724566273,0.06701514316479013,0.23194321106273644,0.5698676464909772,0.2589120599237523,0.6812039852057212,0.770786378589542,0
0.8350141228833118,0.832861419838492,0.7219880035372247,0.544989422335208,0.8412134583254444,0.8471671772969036,0.18325036554522445,0.644095097252864,0.4521927950925177,0.3850906084210728,0
0.6605282212486316,0.578845577948739,0.8083187877560414,0.6135134474546499,0.5969055351747425,0.5746410755299616,0.5063494287131877,0.5646544723060739,0.24597326863427663,0.37718380997505957,3
0.4232442040705087,0.19774532043409335,0.3073675188762719,0.7464650483670832,0.2650062036025416,0.31617304061055773,0.9732818033760564,0.03658750363790223,0.7949628226430407,0.19207362351295626,3
0.8661058108605013,0.8288860628943115,0.8480538695031002,0.6384407555658093,0.6189296498202463,0.8073780391057712,0.11609400503886295,0.7574156561110391,0.6536866518037777,0.5135720287458226,0
0.1204874965711013,0.2113783277834833,0.26365861892998865,0.7411257592059549,0.8859828901236211,0.2571076273345405,0.4487534102949994,0.8174592915406291,0.664770950939399,0.29877474778504215,3
0.7751784918397964,0.30372908069154325,0.6862037681143036,0.642655458425877,0.009410900252469823,-0.05872922242419154,0.3872025285171732,0.8714777038491712,0.679508107810014,0.6944157635091588,2
0.8865645983469126,0.8921921115004128,0.9322401955232518,0.6004509513020126,0.5551111584577423,0.7675438883697027,0.16958704440420524,0.9258281246062103,0.7692481305738592,0.6294563346587021,0
0.778451234713379,0.5667348777915329,0.8283244985133704,0.6301630152461454,-0.1649909514402939,0.45578865300434523,0.5381332145434128,0.4810867303370949,0.10618992822401913,-0.04229517754258788,0
0.8517127429248805,0.3561797533038582,1.0678578410313668,0.5234735405539863,0.6683031749512086,0.8212420110245006,0.22572915380494965,0.5707327937458841,0.8054219916266797,0.838589295186508,1
0.8272590104670942,0.167236528039761,0.551062631406586,0.5234162563843447,0.16589432780993338,0.13916748497874687,0.2797621099663963,0.9143912780098228,0.5554392918400922,0.5929003314956097,2
0.8698511793164319,0.5619161767925153,0.6953272209998252,0.22584678813372347,0.6051732215430384,0.8665429678709246,0.5365001797606255,0.9654186322566756,0.23824617284295063,0.18774161591972552,1
0.8844950871251729,0.4419876610379223,0.11682153706195396,0.5677768772010314,0.5137915542074479,0.7935949253845831,0.9589659246388857,0.5885133763814447,0.45087664188240806,0.8907917303504815,1
0.8616292706181684,0.5703893877237941,0.6959877055086993,0.2139708615476752,0.6001643445856105,0.8784633225959577,0.5226350713737611,0.9749920590786508,0.24338036670435775,0.18436937129310105,1
0.39140344799193405,-0.13146540986725697,0.2075637251212321,0.2851730888701572,0.257835143299312,0.4593753165936815,0.2981138037194957,0.9249355053382231,0.29902737624526593,0.018517833954164224,3
0.4616578941184776,0.9818331986466002,0.3068412940303169,0.5605098266152677,0.1365358971739166,0.28304809348727417,-0.022144511433664485,0.42228902269345125,0.8893392692198928,0.9739856875652463,0
0.03561542947331657,0.2611828739122626,0.4099631682607932,0.3439291810185804,0.9070244214652583,0.6064147281057551,0.281142206130245,0.8679090857483539,0.7927399275518661,0.5612315381632004,2
1.0483445991603377,0.6747124413213194,0.7479290311129585,0.23933416355515275,0.7228251220972697,0.45635718133395614,0.29121893913674707,0.5820453302731803,0.36870987642788083,0.6932558904406358,2
0.10930549222667568,0.8561207256284251,0.8191529088665486,0.8104181721780779,0.5321433952779862,0.7798202688930259,0.1543598445117757,0.8360761035647981,0.5789795661287569,0.6054784576622159,3
0.04360935963754409,0.8394747018937043,0.8592528823417354,0.43973026847552016,0.08568995688548796,0.33499425082547757,0.7455116691479421,0.9263611199126894,0.7106016786057788,0.10454164006788015,3
0.6256724761144997,0.6032725958505671,0.6116658347112223,0.028996005719469975,0.380043824363653,0.7329634838724063,0.4700763706030824,0.9829430955146207,0.1771506764853584,0.4305417137747368,1
0.13212216008150016,0.18475386009697609,0.2840609522248773,0.734847685174533,0.8787651533859246,0.25790296512910993,0.44698201449889413,0.8261312724251634,0.6471218724893528,0.28679376274566076,3
0.8418572083086433,0.12949295847148043,0.7420117707323306,0.4194781912888861,0.27184538492199006,0.5710950357804548,0.4013154498271645,0.5973201583243838,0.618555764429706,0.9571383388466554,1
0.3425028242197387,0.06536868414573953,0.672893978458363,0.2374903964976029,0.9818573164504935,0.0009168388903327582,0.6080893774217984,0.8593684717503175,0.8038706181458255,0.14866796595993953,0
0.9280182010677097,0.3026447989858178,0.4964640212254192,1.2327410230507032,0.5567574121839068,0.3184232251074372,1.0052955901782878,0.713378182056022,1.0123855542787008,0.7115688704489718,0
0.6020477652406392,0.32878543155926243,0.046956272303020886,0.9196895751421377,0.442410111184327,0.8130423409229056,0.923929554519326,0.6940031163270426,0.563509548915701,-0.003912743055392617,1
0.1418333625737326,0.7257609723658424,0.482402766092831,0.5564670631045681,0.14056149814818264,0.8836500486057117,0.47257602246650526,0.6670097808894712,0.08500382961495878,0.7516696562840794,1
0.944561215327761,0.2021164417659538,0.6551351526875812,0.5491183255705511,0.1641554564362464,0.059320400355603514,0.3686578784272311,0.8282546143704796,0.4099443942764073,0.4771516697253214,2
-0.09834458120683726,1.4544577043564906,0.4839257135731918,-0.057240762597381756,0.8764256238683164,0.9307461627252073,0.9895184860427942,0.5612279901378239,1.544489136492024,0.47814995122930964,2
0.8446343016020446,0.14996271371153014,0.6439424632927074,0.08595046483880067,0.532093177296957,0.388345620377369,0.20846284282864092,0.9296925485409823,0.933361694941507,0.8186304905351938,2
0.11099567181726798,0.2093601112531308,0.396810301462272,0.2714659738070306,0.9972183713265285,0.5109262276642467,0.1391104084798649,0.9499935952190635,0.824901790143067,0.6264971153574822,2
0.826320423582243,0.8356684143648436,0.8918541948713694,0.6673560195878931,0.6277240711608423,0.8539580183089783,0.11552147538552145,0.7902542218197298,0.6803849931368187,0.4765554818663764,0
0.020694729053402194,1.0287453011224736,0.8159754480329904,0.49874264625827874,0.3893317587443626,0.8108518430361011,0.15542459471922443,0.9815606755872932,-0.05444532141566026,0.3309243329157279,3
0.5462568657009244,0.7946184466901726,0.5381522110732746,0.36363341955217676,0.4374631238973196,0.7791170949757166,0.17184118120154354,0.8289806545799709,0.3492663649166414,0.37745581423847485,2
0.08643398604371817,0.570666658898407,-0.06492924253455892,0.3120708584401098,-0.00265005393681475,0.5287868274122851,0.70909423136891,0.2586892735390911,1.048264541476081,0.04978099983352581,1
-0.11255554850890306,0.603973280214204,0.3252472728158151,0.2807491020187899,1.136785965471394,0.6115199669105349,1.0344186555010617,0.4567158014449403,0.3930967276212402,0.6935990521906352,2
0.8433913975801721,0.14982717879655003,0.6438687930503956,0.0890312010480877,0.5307905200874208,0.38886864247193104,0.2085566302529597,0.9313656935008234,0.9335874949208018,0.8195949262172147,2
0.5509636902397184,1.128536227442303,0.4875572670436177,-0.1036800088489051,0.18357502204076376,1.4348318642413942,0.23213515983912203,0.11847156084408386,0.3579631737015982,0.9293758634038087,1
0.2173443960615265,0.24095164409911113,0.8435871550104793,0.23606291541084912,0.6906138256364416,0.06054450072243929,0.7079579292920934,0.12503511374180426,0.3406714697870009,0.7707551829148336,0
-0.4079101274178589,-0.14429817287793578,0.4882891067690892,-0.18389300354318877,1.4531130999110413,-0.1519460835071258,1.0907131644978438,0.19680269373465473,-0.4439370027010243,0.19138099956143634,2
0.09343399108721384,0.8873824507782104,1.1353585091304914,0.4867867986041282,0.24497593298569148,0.5888107309346204,0.932582491433825,1.0202064943084417,0.8804764395696288,0.20613355100120534,3
0.09284066434460901,0.13039117259180869,0.3066485901638947,0.7085978910187596,0.8990226856036743,0.2925119074158772,0.4426084909088251,0.8772447392724303,0.6368481413127159,0.31327300707660277,3
0.7777396905346112,0.21206844146008394,0.05697555308328103,0.2631824885418422,0.36067118692040356,0.2077690056990817,0.5428253861839716,0.8221402466244666,0.5324793980715096,0.41447892933485364,3
0.3818636088629511,0.6126453300116128,1.0749190600893401,0.0020264548924843542,0.18055618113861516,0.5209361288771597,1.02569846669437,1.1870150653479563,1.0722868402962946,0.6727401638142315,1
0.6033371813446106,0.5328254901069395,0.981114367679017,0.4667685881053797,0.5414953681132552,0.670249150983107,0.45815935116809337,0.5509398800090254,0.17206807542542196,0.3357510455173429,3
0.11728654822262313,0.8732976778890543,0.8268374915417447,0.8082963965702121,0.5309401340356337,0.7607833090598763,0.16156928153571334,0.8203695181533674,0.5596035062066191,0.5994207687674398,3
0.752296568288634,0.48433331116141676,0.6584198497052846,0.25835375616669576,0.1572525749858755,0.551618349274468,0.9413329875987655,0.4032507138054171,0.7460365598515971,0.8926809574580857,2
0.32723533897306895,0.017391956309751582,0.5745729939571675,0.7911380818657398,0.747503088241131,0.7643456826203785,0.053889492734259276,0.7731668152053529,0.6120399347397042,0.36734348619483864,0
0.11189551194444097,0.8527840196145373,0.8189822509839264,0.8064677873032509,0.5357890064194886,0.7826447000058724,0.15862002671440767,0.8353427091896899,0.5812719607748554,0.6099895356877457,3
0.11220885008906084,0.46780382811566923,0.307309093247642,0.9486929922019903,0.5976013170360174,0.7784264140250903,0.3664377661984831,0.08326720067445852,0.1622570869441071,0.05350753079539998,1
0.7383771397656427,0.3060346777749029,0.6753826192620749,0.5388226979722831,0.2545558121060079,-0.03753350725013441,0.2305173626236284,0.7795337000054574,0.6544136652046921,0.6498516835717836,2
0.19969373472781976,0.8467453042447503,0.8710090864009533,0.5237884422745697,0.5150766320926974,0.8846969361824258,0.22576191824594236,0.9207416564971729,0.08614039727101927,0.21331092295583715,3
0.2606029461411001,0.9048088611335867,0.3618051199583244,0.7540077540964275,0.8996616995453115,0.31470588160928614,0.8656690637188497,0.9352352355085913,0.20233414332384186,0.3604856078832487,2
0.12295401479024953,0.19653527365190857,0.2802913798036584,0.7099976431852317,0.866930866962445,0.25426621686566675,0.4355631264381075,0.8465730079711952,0.6193849182570776,0.26248838378882916,3
0.16280756290407292,0.2340833026945782,0.3012807234161615,0.7661999075824018,0.8590097984882552,0.2265610779603627,0.3889572771445954,0.804350708625476,0.6096818583735667,0.25330915780816404,3
0.23859032219376675,-0.06299445046647575,0.6022465527236589,0.9333688111830692,0.8301654677687784,0.8604523284018265,0.6304014619888361,0.09556883311520029,0.48867347874782596,0.9130672596832246,3
0.1445158529444358,0.9729418417205865,1.6062729756884555,1.0455312355431001,0.7856677130076483,0.029137732238734837,0.26372566277157083,0.5480867308973338,1.5340247224991415,1.0707655526841406,2
0.4017041645816665,-0.022850040502956775,0.7623887667863328,0.32676031953271795,0.9065352565554199,0.15557739160350179,0.7019783665528596,0.8467724271539404,0.8858376756482663,0.2648278395747187,0
0.8455780549431182,0.1630418381165405,0.638912805123539,0.08811638435621284,0.5177013791700825,0.40189547136297427,0.21629979269606625,0.9316294653643734,0.9454363520696806,0.8136443476660642,2
0.3016469976151241,1.1085937002469304,0.5060353262089847,0.323818720726869,0.3906967232008734,0.2559906044943413,-0.03796231652088611,0.40160495145638864,1.0075811133189974,0.795381214148017,0
0.5762079311410464,0.01934616400127722,0.3322377651394215,0.36214600719460344,0.2594266309080432,0.6685748492479878,0.5119629946296681,0.9653902037141169,0.4558716916553836,0.04150429421903899,3
0.712671611741397,0.9479278062647241,0.7679040565682996,-0.19666181539517347,0.4255954235713966,0.8825116130911047,0.6546549688448992,0.38415726123626837,0.5410763393111053,0.21723658731934603,1
0.855057648852586,0.8242138233484602,0.8778949681322256,0.6524974642468201,0.6100613983607035,0.825102152464023,0.12431663443583488,0.7586481487888231,0.6757130438816237,0.5035629828469482,0
0.8431825808373181,0.1736622241726459,0.6241000094328356,0.0781909013129517,0.5322489984574729,0.398452362093216,0.18452666616573907,0.9552773186383176,0.9359324556457914,0.7952807380889898,2
0.854820093642943,0.3773857203219087,0.788137544356138,0.5639708877966553,0.7052606886519962,0.2605574489348323,0.7423361748234146,0.9837752026766008,1.0064182093421326,0.505953804466594,0
0.46155585449056385,0.4966864485232557,0.8115507717888535,0.6002326676410393,0.6937120352009947,0.2632186849229373,0.310860657322347,0.40537536792034207,0.5585686908284909,0.4568467512796323,1
0.8524154665937965,0.36486424184803845,0.8292831517314984,0.5699217246791254,0.7054538020963689,0.28055974305996584,0.7535517197934476,0.9644514988925013,0.9988828722079592,0.5139272206000337,0
0.41469883605859614,0.14043020122236688,0.2763823555094868,0.6545441867698715,0.3688110695535073,0.3672723836193724,0.9511034475684862,0.10233901701351532,0.7303754500607277,0.25679626114320486,3
1.0028452801040322,0.9232410343977671,0.1487169823933231,-0.1672438494283054,0.8554637753466362,0.5942037604012629,0.7461933027207742,0.8398722576241848,0.6123122055723224,0.32799700057868353,1
0.6793631024194408,0.10043316927501367,0.973396236900971,0.5709014230135363,-0.42867133350614894,0.5675735667362418,0.6858194883715574,0.9425547606803872,0.9154418636100536,0.9671428544147836,2
-0.030589378558241967,0.7946313841978179,0.9521073474118421,0.4312696115152556,0.21392722935220843,0.30665254441034584,0.8337661418320996,0.8350303565493895,0.6917620575431032,0.04009238104764809,3
0.23271679082048358,0.18847464422320614,0.43530643602745706,0.2203514529973712,0.3584283961094369,0.6819513239536833,0.2626614860175785,0.1610244071737178,0.7292886708620564,0.7979538952333123,2
0.8599044367898566,0.36440303235856164,0.821203824176925,0.5661019268431062,0.7689144814199451,0.19822231060997086,0.7936592135674543,0.9263850928522963,0.9550344537413415,0.5071352250744254,0
0.043753360946233076,0.29055454533229363,0.35086491825050586,0.2970197263272022,0.9926728160990513,0.5568239969844239,0.24232225468051777,0.851539499611056,0.8385431532750154,0.5847562881207762,2
0.8967053964624636,0.5938912022371438,0.511503858568247,0.015009301787518772,0.44040612905937154,0.07874876272242232,0.9205619667079645,0.8674831784895072,0.8003401584325738,0.7940999656138216,1
0.9332384093893814,0.6254634981815422,0.4817285785682634,0.09309302444458657,0.4682880124791947,0.840622073342642,0.6513881681986933,0.6310227985497763,0.20163615751169106,0.10044847271196652,1
0.4906328449141127,1.0009156803107149,1.5993081511263294,1.11579346640737,0.6038086189706557,0.7288124446351818,1.1479622449075315,0.06861281267952923,1.3486366293888206,0.9784356581130057,2
0.06148935784340974,0.32828695818661435,0.35795485436940605,0.30218651256452295,0.9427887127326434,0.5471409682095558,0.19503214768483518,0.8967329024316378,0.807458002821161,0.5542496999470348,2
0.00459577387754553,0.9343754454387712,0.9196826497254393,0.31590395255880266,0.044391542816425635,0.37838436636445355,0.8326192478846554,0.9921013544362636,0.7202410038228181,0.1235245422585881,3
0.5588498093038511,0.276784534814799,0.08419608322421046,0.9794991861530618,0.42128421670811933,0.7762678756650061,0.9953747599190309,0.6706795959481512,0.5146624215029473,0.009893444008718203,1
0.7941121191413454,0.27852102061153405,0.9918373909647407,0.6048748442729774,-0.02634296206021261,0.33264187534005135,0.9789430680002473,0.49056941725150444,0.1473201965409981,0.2718767476912429,0
0.046202450863349634,0.2808109322150402,0.3021349071508081,0.6632430411943521,0.8972821865719374,0.27895516961073175,0.525644528733111,0.9096486798295237,0.6998755270595525,0.363080015362716,3
0.5247718256793026,0.8196809996933938,0.5579047462430147,0.368619447922511,0.4449032461184404,0.7895787229444138,0.1476355440785731,0.8203896079306118,0.3233218069669249,0.39466802797470446,2
0.6105545573061999,0.4769789729784515,0.3384947669215176,0.7599391118288152,0.793479114581718,1.0856358916321813,0.1417430810307517,0.7193143373885003,0.9120118876692666,0.21703371505436453,0
0.6443283479070541,0.7642465636166381,1.4336657620556292,0.40245325622442596,1.423576442876132,1.1874804706379603,0.7810232878438436,0.7200322425082772,0.862333383854117,-0.6682944966958835,1
0.8187549719932519,0.31059648499520554,0.8185490832774738,0.09311025560262629,1.1254470004109067,0.514908850027108,0.6481354752525889,0.9221031100686705,0.5507443694325354,0.6254032632916781,0
0.4552159686941949,0.2945776281116652,0.5723963687034335,0.833108296719602,1.0221203162433408,1.0932590788964494,0.774761929293925,0.21566079687819767,0.6494762383290771,0.5354017519981996,3
0.9580460188762984,0.4184768956731865,0.8008584115472317,0.23808261192994679,0.970222708847537,0.3692240520728597,0.735076243479323,0.9321772750034643,0.7325584275701683,0.5764320865553,0
0.3877437648105524,1.0259848946500043,0.3659834397293938,0.672052226008947,0.733632653011116,0.24496883262535601,0.6142339150323337,0.7598659597351434,0.2744635181885863,0.3651278870468773,2
0.3073551361895761,0.5548376898338893,0.05599657498140409,0.8278926577570856,0.7642447140648304,0.8424843092899288,-0.09599891298992759,0.4849588971218206,1.1196471682934033,0.28453747589556605,0
0.407501569465551,0.48387297266323276,0.2844439604934987,0.6773063752964604,0.7660306978057506,0.9106464131037026,0.06378054807660241,0.6969604672420118,0.9750406847792069,0.2165342597580202,0
0.8008768167831964,0.32017568564962406,0.06594270198563751,0.7346633721307978,0.3807949970751457,0.9581127265465809,0.8859831979119724,0.4488535452790256,0.582486766209066,0.7093504921132056,1
0.9005237501398321,0.8992670920149091,0.8564062758354969,0.6531042369345659,0.6768155848120002,0.9059760828500636,0.15095924010564576,0.7830068618511941,0.6522944071558076,0.4844320564775967,0
0.8013187498926612,0.33881079331881014,0.5514321465754113,0.16285228022299708,0.22864781335712964,0.43758803822318426,0.972583950567506,0.4553681993139493,0.8577312787518767,0.9310799763849393,2
0.9111727076790216,0.39636799171793996,0.8334415428646008,0.5406502834146326,0.7401885638237842,0.24360424071757306,0.7284016779601845,0.9451290100671111,1.0161083743261015,0.4819488111450093,0
0.2575338106042703,0.8231209119592757,0.3123146800584744,0.7589421846687592,0.8185999734785505,0.23702181272291437,0.8025665769125888,0.9446388145919175,0.24027944781928184,0.4165084992507063,2
0.8571841860224562,0.7656555635134681,0.7772306410439569,0.64384508888988,0.5991718458954609,0.8487734202164999,0.13315004229105712,0.7892541762328543,0.7908985553684768,0.6034937135440444,0
0.3912537861450981,0.8028179278049232,0.5788163617634576,1.1409910549200617,0.09718083296983995,-0.03973898835645159,0.3625925512472282,0.6938457553768625,0.18382466254322727,0.19543841895699224,3
0.8435554173678766,0.5632974652334848,0.5680052994257883,-0.0041972466868094235,0.5542949127059558,-0.05941161855294623,0.7288841195443952,0.947068118367196,0.7348514817437366,0.796877698079011,1
0.181170587846933,0.21845168777501606,0.8374972557341314,0.1886837861244244,0.747823236994624,0.0837236446002442,0.7825344008471152,0.06633005492849009,0.2621316185684983,0.7710440253032952,0
0.6293696913953613,0.843737404011595,0.09253358299299583,0.6491028958870726,0.5352896958268227,0.4311139230447327,0.5954089563390622,0.06944646012659568,0.47685646494473233,-0.012696661160430365,0
0.5130592598961867,0.25701452354806054,0.11972030151333493,1.0318089144847422,0.4911794682127546,0.8334062203199003,0.9796537741668473,0.6439916713760296,0.5391603169912214,0.04162356264744456,1
0.08329837837257184,0.6281028871637379,0.15850008594940257,0.16598429820411592,0.014670626638336126,0.5584763441674653,0.7092217965438841,0.19153560179209,1.0844346268578717,0.028399066492331572,1
0.4611994719394536,0.7448595768192877,1.007638853238101,1.0471086074112077,0.7597062231753291,0.34199425644602405,0.5665568458327493,0.6181812483207476,-0.013393993202385102,0.08626605086962806,1
0.8554316004671579,0.16595636146533624,0.6562921625158703,0.07363132496752214,0.4987255930317875,0.3865775971167484,0.2045880172581485,0.9663191935042625,0.9246758224847317,0.8199563649465287,2
0.11473196066587081,0.85441551795806,0.8230530177118113,0.817526877171983,0.5383235110805259,0.7818799757614852,0.16027949248414114,0.8417379540384485,0.5729215410497244,0.6014810895673576,3
1.0815051974056993,0.2999582530102571,0.3263374913703451,0.8331482319587955,0.5134518629183296,0.6866747740429441,0.9617589075854999,0.4279920444821314,1.1138758131529847,0.42237871366522256,0
0.8598044638653215,0.17809575459657684,0.62311530219318,0.08824722201832509,0.5402201970306771,0.41960319899098775,0.17908397806744863,0.8966806217305007,0.9022320667188165,0.7785404172550034,2
0.9588022946498308,0.32962965011689105,0.8939081706387904,0.20198618040651484,1.0627700255846102,0.3476283152612387,0.7931013106141468,0.9415028886580722,0.7546701841625254,0.6273280102882255,0
0.6235566519748276,0.8463019281446853,0.567630014041129,-0.42461476007021304,0.046325922880622206,1.3172104187399334,0.41122850330153393,0.6166154225654511,0.2870225563808796,0.8147746367060014,1
0.09426949071039703,0.7764850990494793,0.6350274558596342,0.4173240575826787,0.20865303648251562,0.6913697554909483,0.3684597416983839,0.8745099262182054,-0.04667512796683557,0.6445575669649037,1
0.23204862604544113,0.7875162367252575,1.0244501836977196,0.4133689048970689,0.9099195829741077,1.0800343093746165,1.0248033277364197,0.4481240737671243,0.7069426006517677,0.6868302936340791,2
0.8578518325009148,0.17092597498681705,0.6385822690590849,0.07038202539963571,0.5149470484707288,0.35779650626514076,0.2131429372716362,0.9274230208610273,0.9313523957190591,0.8205013556177029,2
0.10441630305786533,0.21583950182149686,0.3417117713234411,0.6939432779437171,0.9263426849810792,0.24996140296686856,0.4455657285130808,0.8233265436066797,0.6187212052331158,0.24908746343151417,3
0.09482781595982137,0.5207287822586426,0.36105752725237006,0.1453328760443132,0.9642851845881004,0.4181637130244825,1.0040622273414939,0.30911507043817815,0.2791204789067839,0.6001582624836264,2
0.4865634610025261,0.5031837919281967,1.052368505946036,0.7521998873552165,0.4513116865204226,0.631774727290686,0.4634839772246331,1.2068520560154676,0.8554375273480914,-0.27787225055435116,3
0.8472316006989892,0.467121653720112,0.8292460564302231,0.6717134653422643,0.684525391289277,0.3256382835525654,0.799165410679154,0.9613579428824364,0.9881390526836623,0.4038992656734092,0
0.1231493556096375,0.1893528576754856,0.284561227917436,0.7287488448940248,0.8759842395568537,0.2568907712166842,0.43925148269612857,0.8282613368339402,0.6444631230893573,0.2847276740202173,3
0.028741378686829883,0.14968178932166099,0.22356012053975552,0.6959552478439691,0.8237979606911379,0.2727483668712576,0.471645514042371,0.8976326958898314,0.7145694714194597,0.3082975334813152,3
0.1590502598144944,0.7309001925691496,0.0008716033257001321,0.4967219387711775,0.27095557242838947,0.40047213918678065,0.6522641922203569,0.3109429626501113,0.9271012543009253,0.18028295036176406,1
0.8073126766868659,0.3598196958752867,0.5414723815112773,0.49006991821566,0.3552947613831284,0.19693204686967153,0.2444901372809467,0.9395899643969658,0.7405752988505733,0.7896648769659487,2
0.8312140527226247,0.6091173575641973,0.6510100482077198,0.15095373994574426,0.629514055859431,0.8223301094402524,0.5635221138411407,1.0030241260995103,0.30793853295270635,0.15899000912958672,1
0.794670041173453,0.6020048711190968,0.43331064162122324,-0.020039952788828794,0.5538226068642779,-0.03644253544914144,0.8208066170371483,1.0787641903860754,0.8714590036497132,0.7694792815710444,1
0.7370286345141683,0.828529984813259,0.4731031168441091,0.16607266528378017,0.7706277250263956,1.2295520792120633,0.6401196728653966,1.268878604678954,0.23365234587763628,0.24766733057138463,1
-0.3791956164874022,0.5271020631847947,0.7284434440263405,0.6275421401661252,0.8432055445828511,-0.1742000242687214,0.5027644647898839,0.5543945658491276,-0.5435237411543499,1.1257399500368557,2
0.34468386226631714,0.4433157064347881,0.6458857199207074,0.5197785267847375,0.6651514056406748,0.47715935159148415,0.6337314032487154,0.7311021052497007,0.11208590098369775,0.23300860237970347,3
0.5185500788453752,0.36303835649877847,0.847489643407367,0.24474257824862355,-0.15269090477618846,0.5319715858919404,0.021502465243837643,0.7058260244452907,-0.12936196647944764,0.9206532483261487,3
0.3413066018487082,0.3406833725607626,0.9659988258772367,1.3012256151772499,0.9841120582632517,0.7508240704809332,0.5745392472335913,0.45642749901772117,0.3470626786806006,0.4080197647057076,1
1.0594352215887792,0.021479344148421543,0.9890381964487875,0.4265724102929463,0.6667488097997436,0.6381792661507808,-0.20589356589192065,0.5670886926142883,0.5298155964807879,0.5804365010557734,0
1.3363994499870884,0.4736671828362897,-0.4749394578050845,1.286839893716211,0.5549458345929731,1.164044134133379,1.4280873696454006,-0.08499898916511328,0.2368903608158543,0.7944339620174886,1
1.3063787822940283,1.7620984005079419,0.8878602553759889,0.5903368235097102,1.3252293527469199,-0.3994573514173999,-0.21717566802767363,0.5341700429704748,-0.33381963144953475,0.6498826578540939,1
0.03192008310701683,0.11999630698464105,0.18415029621047774,0.6823214181493231,0.7968979987546803,0.28615589414462544,0.5094387721073185,0.9768936183587118,0.7103823794460978,0.31557641321370944,3
0.17262884855618732,0.12021408173439303,0.34473601372282997,0.7233287181053907,0.928751975434207,0.2888255317764546,0.3741980850955364,0.8423623462677124,0.7257663562236082,0.36293396697300606,3
0.9139844224091564,0.21035053889315175,0.9344783699749226,0.465625609222387,0.5911611680127147,0.6246794596816618,0.19687542031594638,0.6643116816970087,0.8194981735061463,0.7921913314869115,1
0.5575367207088286,0.5598004383863324,0.8915621063510896,0.526907209629013,0.5168293802047228,0.6525013238841068,0.5370441948973764,0.5443694748996839,0.17809247088258728,0.4192281860461842,3
0.8647760368340037,0.40212557846579994,0.7997357513062068,0.5770506845385508,0.7328971902364989,0.2784204339047312,0.7249949476143457,0.9817331670220575,1.0018492011706646,0.5189989003531796,0
0.3795095827912366,0.47874648790756485,0.1617168170351522,0.7261906230692136,0.750494400660143,0.9303152472064606,0.05819880965123354,0.6011624660255397,1.0067925325842637,0.07834491424285621,0
-0.1031085985464246,0.7730791831802263,0.802278608301672,0.6600550751834557,0.2529207565752846,1.0415982994889494,0.1654231816466578,0.9089447952204747,0.020618915262179238,0.37318252754962333,3
0.36521342551070324,0.9574818246463684,0.28704376725173236,0.8758948092328205,0.9241688550336555,0.297203846052802,0.7709727812449388,0.8406356176871875,0.17739074945324115,0.31946176695534445,2
0.47068905958032525,0.05735735520148275,0.9466544802060138,0.862121330634327,0.46009572388644543,0.7681229947313309,0.24778828715297696,0.10240331034340591,0.6031598371421363,0.624556948397397,0
0.3565487574469178,-0.054923059147795085,0.7564849855795639,0.3158998906472466,0.6980244278896786,0.33767940485207704,0.4840391079360749,0.45040207787551023,0.3875087777547182,0.13284884126577193,3
1.1609938112099036,0.1034765411001084,0.6650008461259923,1.3101996974985854,0.979882132507718,0.27831227966833844,0.8174117617465091,0.7170101242996461,1.0679881267985059,0.24872559002091188,0
0.35613284800716966,0.057904420747189864,0.6645661620240484,0.23398478594423067,0.9714378712676122,0.004758548338305101,0.613650545717463,0.856327379074943,0.8003668016733549,0.1435972439612193,0
0.47295371313925416,0.05526098123284855,0.9373473540833143,0.8674049775008539,0.4446965707267908,0.829686986202042,0.19406321878522503,0.09317969260822669,0.5611000987204995,0.6425382665032187,0
0.25376955376001126,0.4730902632168701,0.70252679054121,0.7597421371390508,0.013107980928096119,0.16006797845465665,0.20933266307523493,0.4564577793283317,0.07076443471043231,0.17474497500659525,3
0.444359214568222,1.0095202896308981,0.42734822158057406,0.8645902466427561,0.9546505354847573,0.1957771094466037,0.969484583539044,0.8403212403335772,0.3860255967099958,0.3458381018919864,2
0.339951149738625,0.1454736282777251,0.610166746469533,0.7178169763266858,0.030085914270945258,0.5594527721113216,0.4127469267485356,0.5352961095769116,0.24688974780365544,0.7704850848211112,3
0.8522839868788458,0.7358386647446822,0.7699623691559061,0.487200670295233,0.4054415385939022,0.6864121793820792,-0.01745479729242344,0.6652678679312888,0.7685445046986257,0.6062667226530053,0
0.8433425723295793,0.14744634452740918,0.6423589361294595,0.08638517160185627,0.5285986833190912,0.3897530309382758,0.20631127730194887,0.9316204354772113,0.9345031390780596,0.8195067189647849,2
0.25995398820475735,0.9344784462078609,0.968189113700454,0.6348153620021321,0.4975976752141822,0.9984823689483041,0.1164080027598939,0.8325718911539343,0.03468789440122788,0.1462242035521631,3
0.8535784486095916,0.11277848730596648,0.6708589743824825,0.04283412579490183,0.5532252377637287,0.42662876204052375,0.22654866891895495,0.8962904530417182,0.9585388405017258,0.8433563959940359,2
0.7864373515853986,0.661732225454189,0.24291255400695871,-0.056734527478855934,-0.1775009665741965,0.7068279481898954,1.2943049345241553,0.6887172773266168,0.466875943860611,0.8204368076628463,2
0.354300556469333,0.19718009991444277,0.27654462785103623,0.7333274112134716,0.30629569497308706,0.32105782426455315,0.997444106704806,0.007500076360865134,0.8095947229061131,0.13580289143448113,3
0.1504729179260439,0.4670002089233163,0.278987585827241,0.9281016226515028,0.5804185339759942,0.7781148827433976,0.36193048503604625,0.061544690282295436,0.14969641143486898,0.06016378861570939,1
0.08803884826953902,0.9773099714279496,0.8773592519837653,0.4159109513140214,0.15445794704135235,0.25101750610996243,0.7976937825403395,0.9150302777657136,0.7966669530272646,0.19614019325974916,3
0.8738731999480865,0.7058346605147798,0.6851847214977302,0.15809447697306048,0.8079074766130635,0.7327924572510746,0.4487049940608533,0.6024447154160854,0.2254391380850114,0.4786229234001921,2
0.3923238651216464,0.12893543682284647,0.3088109616545413,0.7280035331347474,0.31139742348924565,0.26438888779505054,0.9121717701607925,0.06440993066447437,0.8600452136539164,0.256231488322802,3
0.8052774600727196,0.8015299313002567,0.9311429451482055,0.7044308242646803,0.6406139451174806,0.8293949799470255,0.05161318774495438,0.7801681317278253,0.6403261611205509,0.5110837193368655,0
0.3707807307538431,0.10608244285330909,0.8738246016881257,0.47216988445997443,0.12930473084694283,0.06205052140551761,0.2936780772624481,0.34777485618657644,0.641813992136791,1.0044432406801995,0
0.7689501607493796,0.5015771214793606,0.7925026637408176,0.21673773180546696,0.7027908450820708,0.9482657363469796,0.5358312727858223,1.0593313952787367,0.1293706373939374,0.20150649278677224,1
0.35600823074892707,1.1098848475435728,0.3784876288302887,-0.027136949502631375,0.028837567920864754,0.855779804440248,0.6236814641913031,0.33089452155221205,0.8015735297888108,0.48494915089801,1
0.5365883686229379,0.8095086337696814,0.5337300539572719,0.36124321862656505,0.4448683978004059,0.7934688622231434,0.16176152973278707,0.8102309315337252,0.34832598893397604,0.39162123383739195,2
-0.036042603777719104,0.09389309046079472,0.5698040949849533,0.44515206253542816,0.9026712514700826,0.7938619231436175,0.4627952038694443,1.003588432850336,0.7040859054072435,0.6482102017549599,2
0.1346989168520443,0.16443443746718592,0.2324606134277646,0.7442387236665413,0.913523817913886,0.28477725893742645,0.4481068329049734,0.8255385409693089,0.6796068337072877,0.2785592691187,3
0.7724514596992528,0.5364081631907788,0.6298189634539596,0.24821238991458147,0.5105665257552722,0.8773215689079178,0.5081179221333684,0.86060578204429,0.22560911952849652,0.14774593901570646,1
0.12906720753841697,0.2758349650401978,0.7097022232978891,0.8541917451620877,0.6756067605371556,0.6274990413087596,0.7654920477943359,0.4677083208375966,0.8012331511248014,0.9542912101261943,3
0.6059524178917693,0.776027053814135,0.05652886780799335,0.6551978136991606,0.5553134269876154,0.4884230460735335,0.5719642543286707,0.045470832674197846,0.4712716334335949,0.010329001862731831,0
0.8745336420558067,0.35694783721142986,0.8193678086737459,0.5236672098335939,0.7040030097932268,0.26859810361986525,0.7750672117365387,0.9655540528850121,0.9532845305601607,0.48504785580142995,0
0.1140772448019092,0.19850911027387388,0.3143081032968351,0.7293543372929607,0.8666890978482517,0.25729090051579656,0.45210928509868153,0.8259922248807618,0.6592003255707363,0.2612370617987117,3
0.10698011686009355,0.19903684275198044,0.3278840048075982,0.7196214453575315,0.9079613536097012,0.3736724889073617,0.5333006169296747,0.9054429802674198,0.5995655384863006,0.11692025875825268,3
0.07035725763598871,1.352786972521903,0.3388368871476625,0.3034971082031128,1.589966805573318,-0.12108666320863903,-0.14999629224033162,-0.1491030114484736,-0.5939886739931994,-0.8026339881390426,1
0.8562317024035749,0.1607209518119289,0.8611367841401493,0.2534314244635201,0.34445701579941346,0.5509205612557014,0.16925497824177888,0.7172648410854701,0.9940640525143283,0.893536654459143,1
0.11416085820407396,0.4667992625526875,0.31597082614156097,0.9490085999423417,0.5950857277814081,0.7834896212633476,0.35264642331721446,0.07722417235447396,0.17264542178166814,0.05048503057919605,1
-0.27365373752226974,1.4328396858924644,1.8220010294412714,0.006737856636676365,0.9527447537516689,1.0350349532497312,0.6884859334611281,0.21192547381436763,0.282570672477335,-0.49567410716094296,1
0.23392695049171214,0.8278893850768455,0.9621974100700608,0.5230876286337666,0.5511303617524199,0.8070414115445119,0.10756076778306219,0.8468990833426325,0.0576367034960596,0.12405128128783206,3
0.5298559585741379,0.8139225179357485,0.5409052497329483,0.3645083795808386,0.4327159511350226,0.7929755348240897,0.16142328360291586,0.8051317771750073,0.35437482564579476,0.3958852495372815,2
0.6453265045339752,0.7683344917056072,0.06380777249942338,0.6832387999119846,0.5006769843520121,0.4158170114837346,0.5938943071775379,0.05251478186831964,0.44951200657773277,-0.030685378485887094,0
1.0760683697929558,0.5283513260437003,0.7502481710856795,0.3768287799258478,0.6098718209995999,0.3720897420160544,0.31630820755832106,0.23005790461678063,0.4396395216625562,0.5712275152938462,2
-0.015193241745072705,0.0955091411966422,0.6403544737463407,0.28100782129305346,0.0503975446518635,0.23413347474740076,0.5874518514582774,0.23761177168663797,0.6961974632104257,0.7812627258836027,0
0.5975643144447492,0.22608524314972378,1.0279241697496206,0.453581966735781,0.4308146429402552,0.16959659135226546,0.31164068820873425,1.0257523051554873,-0.07143758764313052,0.2773656092993658,3
0.35232944570069985,0.3254987765497651,0.49152245615155604,1.047183144251642,0.285454404260782,0.8870937324850833,0.04982380952789822,-0.2880313499421751,1.241203401872561,0.6682881286939246,0
1.014862027742609,0.1912517759459116,0.6449881566347069,0.3789640956652006,-0.022665611373738792,0.2756050729003354,0.9777605536506886,0.8419527799564979,0.5042497729403366,0.07332231930414367,0
0.0033207479705647473,0.09216890743475631,0.6116417151944037,0.2608648879084967,0.022849031933404856,0.22531131881008157,0.5605807036122186,0.2508770306926155,0.6882979554241455,0.7761848528120965,0
0.2528587699637921,0.2477196546896849,0.6937715760931242,0.40266668420574553,0.9606164081309925,-0.07977105225359506,0.5576977372988439,0.8172968389706503,0.8589585306094422,0.2778115132894391,0
0.5991099218574547,0.13266449635294886,0.5348060071459132,0.42325412969514864,0.6083568416314257,0.7853026074453734,-0.1426538560250452,0.7619825977247892,0.26419544062965694,0.83306147377477,0
0.6944160883121776,0.12351157307577967,-0.04299217478812886,1.143872636486203,0.7893000225234399,1.2038938800172205,1.0912094617255552,0.9791567644677591,1.0291758514682026,1.1260503779587154,1
0.5341605478711247,0.7530466819047617,0.9418424233102083,0.8142322344639524,0.8139660969417843,0.3909410745498632,0.2875431231359822,0.2339522735789225,0.0981806714085432,0.11972075763756658,1
0.8648488637755449,0.6466939789453197,0.8251941168403145,0.6985185253322674,0.6581377225272828,0.9894205738588049,0.06947679403645654,0.6196193018098426,0.6776332171201647,0.29430396380385976,0
0.5479106788340624,0.5163368751046155,0.2067658740213904,0.589784781390259,0.7786978520543926,0.8565509378253593,-0.0193636577260118,0.6564085232785347,1.0120055066712441,0.19717297083070728,0
0.8591078988513615,0.1552252724674357,0.6114036444089718,0.13099895027255112,0.5141256434959383,0.40876750985608684,0.15643114162962782,0.8741939239739571,0.9133393649913559,0.8470611793860933,2
0.12591460820172193,0.4937542138221712,0.3474858591010278,0.9758311984253168,0.6173510542797385,0.8072926125360423,0.33645878177920685,0.04898105229963965,0.19200417813749468,0.05859927283435365,1
0.9842887002500836,0.3401843955576782,0.9447578483817031,0.3957311019033323,0.5213639176910255,0.6630245585629502,0.14940829046271475,0.7600852844186453,0.8619130172159153,0.7833500798825664,1
0.24895307661353688,-0.051863289904034965,0.3916387541390296,0.8119378210721082,0.12182529629071293,0.39469570894084693,-0.12726677664938668,0.9788123052304781,0.09737256110745607,0.7681775291891513,0
0.11482878418252623,0.5715496363466237,0.042882895798878655,0.18543661890776225,0.060685418461305436,0.585609163285812,0.6600091870713944,0.2602808961065377,0.8597156178783667,0.0927605831043169,1
0.7700196656641949,0.5418638291700406,0.6408146562975405,0.25378559649162225,1.0427560685939377,0.22276712283421918,0.8780834359677999,0.6027714730525762,0.5939524243000527,0.3199872371138767,0
0.7668227607625842,0.7110182181329388,0.8033172709086902,0.7533012956844269,0.4013327800840768,0.6492650280473403,0.6326950073769704,0.591673339156835,0.06457108992874025,0.47226836160778923,3
0.04515489833907631,0.9244202662943425,0.8235087042897531,0.2980183112427073,0.13781939684517977,0.28973002404196097,0.8578166864301794,0.9395882015975985,0.801242245338712,0.10886881665320222,3
0.06526893937204588,0.8219297222949453,0.1566010241694548,0.7016298050318617,0.6557564298347088,0.7721605538462851,0.5705802328525396,0.1830742215596439,0.9238636837684736,0.05729765308575857,0
-0.0664358686807892,0.8245551239613812,0.8701942977960531,0.3307154489156019,0.05418908261443459,0.26955887827388475,0.7028699365248441,1.0352144453639742,0.6522870565962021,0.2045559831152992,3
0.5340102621159463,0.3035824362254902,0.09867233694566763,0.9818488393146926,0.4093946742435204,0.7686406184524264,0.9854730065570054,0.6588337161811386,0.4856302890941809,0.03707674772335566,1
0.5241411091585754,0.8298047509386317,0.6146825998603502,1.245147933329705,0.9485411112928518,0.6309988469793997,0.4889254508282157,0.615919940065026,0.33826269580792795,0.2726953718438212,1
0.3729040152874039,0.20486912897302728,0.732337608600438,0.8018819750037085,0.8429265783277898,0.8643912612800402,0.538430646904975,0.29144269090018593,0.4344384829397437,0.7387560824356985,3
0.8678553944001043,0.3864525554162503,0.8044117450783929,0.567195134637655,0.7161538856214398,0.2745252258127586,0.730878621505234,0.9785653316559437,0.991133595353208,0.5203839638603163,0
0.4166176798028012,0.6935826966808563,0.7919283186296525,0.8838755038910453,0.19899224706819693,0.13258773514915873,0.3145190162382168,0.6135166600986396,0.07198894167678799,0.1647639737269429,3
0.37932588305158005,-0.11680527990742612,-0.049722305711674644,1.0182849237932665,0.09215721975417834,1.2294834409340922,0.8207506193504719,0.3267985796715746,0.4899831030534713,0.19333394599549597,1
-0.09773055159968558,0.7654738884618796,-0.06421315850904576,0.5295155888198342,-0.08146527621257021,0.6674350262481459,0.6609915846689812,0.12872932432648412,1.0633950315195184,0.1670451644766027,1
0.819122932591166,0.18126140193778084,0.6160451247045652,0.12068971918064508,0.5105310897005236,0.35920741998504485,0.19392245212021347,0.9601675394872506,0.9295437919293834,0.8555639723928835,2
0.3894258988614678,0.2915918870092808,0.6000821859039102,0.7135922219570461,0.040886442602959816,0.495477147335598,0.2704624386061442,0.5302725107360754,0.17250459188033943,0.8435821476962322,3
0.7068800106457325,0.9861178999362905,0.7230127263541114,0.8358293793154437,0.5319387601859215,0.6059803212277894,0.19898072781638504,0.8268788183817457,0.4740857595655764,0.36870075880677544,0
0.785964387907246,0.6156891166196583,0.5045928985779033,0.05456249875409041,0.5238195988537666,0.009144325460714645,0.8308613273414526,0.9835179000661163,0.8354184373204322,0.7586593222337374,1
0.5333786459972861,0.8041008409290242,0.5348675569547178,0.36042447081511536,0.43813767388329145,0.7891538234686644,0.16197776457145419,0.8160791980086496,0.34927495393613034,0.38873300874075667,2
0.23226098836234504,0.5163807898081912,1.0302655840693622,0.6431250737502142,0.13881826435732972,0.92899857252485,0.20200250491374191,0.04763839101692163,0.32447751433163907,0.369193553865667,3
0.4872889772458257,0.6835666247188179,0.7053709772096384,0.967734113644235,0.8102955415775216,0.6331344988359754,0.8620202431673809,0.3749145841775353,0.34636537548314805,0.3432911232837542,3
0.9342752222720443,0.3532176511517559,0.3078416287542127,0.42341822036195875,0.15391610109264844,0.8373000288927293,0.6715082552883532,0.5046786339466337,0.005630696423294113,-0.24383064640456742,0
0.21694512522615106,0.2490921677729559,0.3249291749310055,0.21576005969687445,0.45393530450689973,0.7853847241964333,0.2616543286329199,0.07617441910786817,0.7027185690523863,0.7434724660578826,2
0.37312114437330535,0.6713776036976773,0.23293087106802368,0.7576904367104056,0.7623972218504174,0.11226010449328569,0.9561997358691603,0.7156275129380063,0.22957007386666106,0.5012058583994099,2
0.4222042687461375,-0.18190676329845207,-0.3946139323334232,1.3139894518839146,0.3427230747257093,1.4572762662507242,1.4031786096976422,0.516328551013932,-0.09991825968521284,1.1892110209011726,1
0.5370083966209512,0.9792921243517178,1.142690800153547,0.689079380930047,0.9895564240048396,0.40355834961448034,0.3058668328551847,0.4117770537782313,-0.0683262253660028,0.13852739542217907,1
0.851427944400695,0.1239624147128382,1.5992669813333995,-0.08273511465300604,0.9960058377244939,0.8114271990669228,0.43047543571105823,0.8812933014730733,-0.07513157588174013,0.6070816223044959,0
0.7851439643440485,0.2985758271469712,0.8413040456295868,0.548333164904034,0.713065751112879,0.2077601130360896,0.686147273331725,1.0166012960774926,0.9343069758262901,0.5991409247089076,0
0.1426693296274065,0.49208747327430435,0.3402531435163682,0.9322320986998552,0.6091151332800261,0.7823718363905703,0.37050061946230795,0.06245235815366322,0.1640443896660607,0.042051189034474815,1
0.7449511662255377,0.3082237679886428,0.29112706929821447,-0.13929929229490462,0.5571754507666711,0.23710682166328195,1.295940428447286,1.0267891868739492,0.43365879729219026,0.25060844157698003,2
1.283563773673982,0.3472599318278642,0.14496651394095428,0.4724005162199965,0.6549655837246322,1.0621348140078668,0.12101769811832352,1.1083447923178753,0.5109669460670854,0.17861849084977513,1
0.8708152681946274,1.1769677116909596,1.6534199235068145,0.1930442523709699,1.2986518607711506,1.6680929994492315,1.4858775729281972,0.48102306125743755,0.13736136201057825,1.3128281413110625,2
0.8587981776393073,0.12143528863170062,0.6640707015418104,0.06085584957884274,0.5081589948804196,0.3577600884007,0.18610095886799854,0.9637153548948663,0.9639423053972338,0.8394096368928972,2
-0.05983890628368985,0.5862468597075801,0.6021787135369459,0.5924968288545462,-0.07999384037450635,0.7285975004694543,0.43081448372527764,0.5267359598267978,0.465148996544262,0.0009425574031340644,3
1.1023074679593643,0.9174804865597055,0.23747430853944357,0.4337197127603224,-0.3402044868883483,0.4346365782844511,1.0270450903808033,0.6194997307561914,0.3426150375220915,0.5169812191193914,2
0.5316304701021828,0.8091583874885127,0.5292737673475338,0.36445971254393544,0.44147412053230833,0.7928021882483808,0.15934592416635532,0.8118972298863766,0.35062348130848275,0.38582112491082676,2
0.884397954153779,-0.0017761777117223376,1.4364873127024649,0.6588080912671423,0.2800877138653396,0.6722141026705889,0.8681093786753167,1.1147803667067326,-0.052951400977788304,0.28898796092918994,3
0.869850575534316,0.3871595359080358,0.8029365549699768,0.5692705265367417,0.716825478849552,0.2746897881748352,0.7316133437780828,0.9804465328905647,0.9896968966472434,0.5196826906021609,0
0.17815547777795018,0.21352189055042367,0.8301331753921627,0.18618009874307384,0.7641772187108897,0.08642660671380084,0.7779587762309085,0.07751419073862091,0.2739480821255607,0.7618990020762615,0
0.4210573943876965,0.011042065481220359,0.7371038867287337,0.901271434380797,0.7358897499035146,0.7417855373013392,0.5335935438198983,0.25761388193964285,0.672948074735298,0.8773460448165826,3
0.05429243719618129,1.0315742911031769,0.8921069401145706,0.20887736925698858,0.0038805095116059007,0.41656825918727264,0.7986500645809166,1.0645929179538718,0.6766904321363425,0.17475003553614163,3
0.1606552576699967,0.7032063201302221,0.27600359561563204,0.4866648659776683,0.5647378675344654,0.8758751951337186,0.5236307106903103,0.035431202352883016,0.9236125125407593,0.15722901837560904,0
0.31460739080602523,0.1511144435191968,0.6423942837290325,0.8518051950017996,0.7596592272757638,0.8285364658307418,0.5725367161784483,0.2523624522733736,0.5506399737543946,0.773134340009434,3
0.889167047605596,0.8295563851718897,0.8721168679453679,0.6789151945009329,0.5845339602183314,0.7909507797284162,0.07022619384780139,0.7939799084123619,0.6584665979201861,0.530581520825271,0
0.3556861469980658,0.05737793173674757,0.3370849025931676,0.2025851740243514,0.3127353249378008,0.616669802233991,0.5226364617374544,0.05105661768635253,0.633630575962335,0.748644221057801,0
0.8504261582566266,0.3991417185534974,0.8051971527486731,0.5530583923998236,0.7076436602720433,0.287564458078422,0.7225743644393406,0.9538588548472079,0.9681652858989135,0.5258858414329407,0
0.5334410225039055,0.8011680355407156,0.5314530476837469,0.3573988350833138,0.43774789470803316,0.784890422165834,0.16340846820574742,0.8178053302750492,0.3535648503438724,0.3875029974189987,2
0.29165816804289646,0.6558004597391915,0.585192096993646,0.7843855497470082,0.7885908459516882,0.15684120121115794,0.7478693799576799,0.10086135034387021,0.7301326692923875,0.9870155766032904,0
0.6495512391391647,0.9990663197024137,0.1340852697448456,0.7581331178672027,0.39093693051176076,0.9969134807840756,0.4917889249763744,0.524645154744846,0.625791257894357,-0.009750155607333187,1
0.2261554783247924,0.8800467469655998,0.9510050083845224,0.5704925847830182,0.8832144978337794,0.9594127302811714,0.9601413230110756,0.48651175388176776,0.727572984697235,0.8449414678998033,2
1.1876869722719934,0.5111986156324987,0.37766586973099525,0.08191934678715164,0.7273780695643852,0.6130047536705847,0.441497909525417,0.5520370445274401,0.5178934181880219,0.40014735261246065,1
0.22213783356765168,0.21900681794194124,0.8316863180824458,0.2282837315044247,0.78103950100173,0.05972411909714578,0.7805608716331807,0.0969440305522239,0.32875302002000534,0.766652170348268,0
0.9479139127461563,0.459273220307446,0.8512748127892731,0.5071264204101075,0.6543906783707243,0.2997025657840193,0.7741610880743853,0.9606714516225452,0.9420324112491075,0.5396793443959544,0
0.06934829676342172,0.2507457675783405,0.515743637375639,0.6230161626065944,0.7097942502884411,0.8920049330744534,0.48941465330375433,0.17594992924977,0.2894526515382398,0.6197530201253668,3
0.7268104096203769,0.7320953554631815,0.6061341466109998,0.38846961069526287,0.5171575443930021,1.0518907875096566,0.6056164224479332,1.0930864704910774,0.11489975607217523,0.1412611860997794,1
0.48617337051017684,0.5063492926693778,1.0341505197574197,0.9979416979212494,-0.009212056062480378,0.21131541264293016,0.35560855827282434,0.6078565831110178,-0.08909029362385562,0.24982649870305512,3
0.9810174781333486,0.04524507215314938,0.4677537394073969,0.43671086309314433,0.21168865465424366,0.13802595727860378,0.3763665913405243,0.9811670098219771,0.5652815012880392,0.6511364373329297,2
1.0021890138899723,0.3373243289663963,0.8641015190310988,0.34993351833351266,0.5561682890397701,0.6530094192050876,0.23662715366391163,0.5947286049773377,0.8516574723659018,0.7520093429800234,1
0.09551103555691387,0.8909506309578099,0.7952054471674939,1.179663834552839,0.8220985066022797,0.6289299203819531,0.3321308651688552,0.16598762268082964,-0.016668756660932982,-0.256900204147197,1
-0.009059143758495834,0.9375589786780932,0.8435104291138034,0.3260509298115422,0.00896135026635611,0.3570877445264687,0.856327733536945,0.9541088249899764,0.6829081911962573,0.08053794588303642,3
0.0681752827146788,0.25978945036783063,0.3450932275932337,0.27215074195756817,1.002122593170413,0.6244558140932183,0.19777976119407034,0.9048378248581026,0.8226999160320418,0.5499013531335393,2
0.09895447308252409,0.9351650785644391,0.8490989840043386,0.5626674465583972,0.46944490928712346,0.8934818860102833,0.2067630487014394,0.9692628516981336,0.007841536624832484,0.21848259782347343,3
0.5047647585261263,0.5742377115957852,-0.12131337438181194,0.33412332875673073,0.06938875055903063,0.29988063161322154,0.9907109868688043,-0.19425326681647814,1.1319775145196223,-0.06401872708015374,1
0.183179520504947,0.21303744352158632,0.8355134844950444,0.2001806652088479,0.7750018273108108,0.09188658056765484,0.7985537654974784,0.09002177541228917,0.2436179645702512,0.7658173200572029,0
0.15956239317451792,0.28669909135699134,0.7812072500537914,1.2129553628158884,0.32719044016295495,0.737213023598591,0.2731592950984495,0.0697459214038031,0.7981909625540708,0.6507602632664846,0
0.30235779804608154,0.13461905511608685,0.6579037137385134,0.8576390061897669,0.7664839032110637,0.8661707619144244,0.5562034113401714,0.21141815228721184,0.5314332188707787,0.73185738786018,3
0.7260268794434755,-0.015625021482030654,0.7302032897682437,-0.0709552487792075,-0.36570515777855206,0.53871281487496,0.8702658711797868,1.2198201908637198,-0.2939549088099639,-0.17128478934538105,0
0.5581884851680698,0.2764468712368776,0.07978171968929354,0.9796502054899466,0.41687025707178665,0.7652397312414957,0.9874381758411889,0.6549224439019568,0.5187759201532506,0.021537521799956754,1
0.21421267443135045,0.5894239398203457,1.0016427985003922,0.5560216117247113,0.13798166268123774,1.0259659859341708,0.26449747662211276,0.13963551205202618,0.4131456559711159,0.4109521960357614,3
0.05871147805588513,0.6637791562914781,0.3604503996297978,0.8178818957267955,0.6604407143799826,0.02595371820298098,0.4866299037162008,0.2777225697862288,1.3117401489979315,-0.4290558137482918,1
1.1868472507707164,0.40354015469445753,0.7492719885804633,0.13470643386399084,1.2445075326157533,0.5631328452516375,0.8573850592750774,0.9900885017102652,0.7117997958521347,0.4543425856990852,0
0.8764064429928842,1.0477458772805506,0.5852502895625036,1.5513707663661909,-0.32753129243756796,0.3389206190156291,0.5895558871166225,1.5229535846299698,0.7277058472257875,1.36631432197736,0
0.4138318695765411,0.6243592881339098,0.8630755231334813,0.922814504490074,0.29296447589472296,0.4197649930980925,0.4967160298500348,0.5195026917904099,0.14685632538119778,0.028254465662530565,3
0.9027366150888745,0.8221377793499636,0.3935183654320737,-0.09319214017364397,0.5953157985347001,0.8209095712043974,0.6614068393875452,0.6290267864382416,0.45211533654989494,0.2632932136892041,1
0.12453159229342052,0.6655110374247546,1.2249886249431419,0.7225837613798651,0.9400692021182676,1.0523574438795893,0.9589510673357869,0.31265274430701595,0.7936412945275111,0.7180517457443326,2
0.10145815760273369,0.2019224358331126,0.2798632267658786,0.6557639923702316,0.26180141053960293,0.36270744642083497,0.10464432905626647,1.4690090695278388,1.1781642381376138,1.1467806800983318,3
0.5369129094558718,0.8068084064645408,0.5306811368404336,0.3598075719564646,0.44570262087851964,0.7901816950528074,0.17092540093641787,0.8097318208976558,0.3563863971298168,0.381681673189137,2
0.903461155541031,0.2996151488508379,1.024143272180902,0.5697575580479975,-0.06613239030433748,0.2853652504518314,0.782768581850707,0.7357112341017641,0.410535971740803,0.28180232311302933,0
0.4963077651140847,0.3441761705532322,0.04152932400864507,0.9253032696719221,0.4144278731271435,0.7109433266205358,1.069690326803347,0.724372605348644,0.5049670080030045,-0.003320671733155544,1
0.9314108997260846,0.3664269297761187,0.24068708373054748,0.8558050870070864,0.9617244901224726,0.648869773114865,0.8113550194970447,0.8122572442593248,0.730681282977816,0.3268057989157425,0
0.5130959590412288,0.04051977621551417,0.9853925509686331,0.821159618000582,0.4884474227188251,0.7815044732972992,0.19222302625676274,0.15718974052112028,0.6408952126299536,0.622494268679673,0
0.9563458949215985,0.6528211484415573,0.8571889999816488,0.3131304331839452,0.6239648593547967,0.5528914905073763,0.395333634075166,0.4703360928964625,0.37531083769662116,0.6542089539187642,2
0.5288854374299361,0.288464989954933,0.07806921277879514,0.9689726243926667,0.3928685469345511,0.8036453077685533,1.0185919137217663,0.7015095735293582,0.5192268695147886,0.021877628820171392,1
0.3579620503093445,0.15911674901272715,0.904429818816557,0.7868045110246434,0.3359245208949601,0.7229230113543308,0.12815165101313963,0.16455635026680837,0.5892618232407757,0.555642313283734,0
0.8740277959330475,0.3814096786014274,0.782446950727025,0.5848556454061983,0.7224765230236488,0.2367867700869683,0.7176492552220716,1.0025239323558648,0.9551337864559468,0.5272159139526261,0
0.23316123115433932,0.8271269411023308,0.46770751589098647,0.6198012718952594,0.24598295534737563,0.7964796727234893,0.577973034056767,0.6721578882761771,0.08259621539618134,0.7132389524586201,1
-0.0007751726131989289,0.10912132866133652,0.628860862977012,0.2691347688989884,0.0294090699819488,0.22234393923822046,0.5747809294239766,0.23509920265366605,0.6785959588909143,0.7726863954645419,0
0.7630226644469569,0.007105565060558178,0.7999514554741596,0.5042032852077496,0.32710378230071135,0.1937787279734665,0.15694250495615852,0.9196197848527689,0.5220226725389994,0.887393916268559,2
0.8537535278844447,0.8249026770759894,0.8698349666777997,0.6449127945706762,0.6031560865223853,0.8171334715231687,0.11970499365414328,0.7570715192836931,0.6741046734631782,0.5019254551896367,0
0.24879631752048112,0.11845255001116897,0.7254724094725458,0.2609012682008099,1.0427141026921751,-0.05446353465621474,0.5055551633979187,0.8520017126746424,0.9034396975636613,0.23695339412276284,0
0.8874636023725486,0.5915036602706418,0.533615200692952,0.01566182372518765,0.3701153905303971,0.8711644020863227,0.5776068306871627,0.5017143135043174,0.3346195020620496,0.06273741007591047,1
0.9268998866685557,0.7916296463730109,1.0704186525499728,0.4981210661887628,0.47431085385495303,0.9851203500380016,0.15865783565045702,0.8839966550342715,0.8292532242784365,0.6360985501164829,0
0.9778594695020942,0.8882472008076339,0.4119698219540597,-0.27209704902343246,0.44640970073479913,-0.3800112904594457,1.1108570914071014,0.5937571764652576,0.5463602611878382,0.933131421664638,1
0.866667815440416,0.8750009832226531,0.8667479755830084,0.702151644079243,0.6381857163636321,0.8639918156599555,0.08493766170951467,0.8034479651256938,0.6203751326761031,0.4964373225174663,0
0.6840561182354762,0.44015327673206084,0.5976746106268012,0.7576281810927098,0.6301792337864014,0.6532448629722679,0.3434282051781462,0.39502866916914325,0.4221406219844423,0.12886539955355808,3
0.41581644025875264,0.2729600189193669,0.760838044665871,0.9152760870077504,0.6137115753551546,0.9296073698026092,0.3857210132344475,0.34932479260201504,0.6941736982083582,0.6175438691618105,0
0.4871761722623503,0.027035803004517023,1.1352243296849944,0.31746415049179,0.4001342829827643,1.1303257228392685,0.7200851573800076,0.7599079668459952,-0.33077672087891086,0.5259358716009004,3
0.39663584021354065,0.2364841038764901,1.43381446557075,0.6149758438927942,0.6749568940300762,1.502028999352592,1.3785817706232617,-0.5261659116907197,0.6496486027214302,0.8836138839417544,2
0.5410424656959395,0.2681086817956483,0.09230149822135862,0.9810274015046453,0.4333236317637,0.7664586854011997,0.985079559715325,0.6583039999549635,0.5137551319159702,0.012089670197629597,1
0.7327599112977156,0.8433841371299962,1.1143499862060526,0.3044580544302743,0.8911812754860481,0.37085587437730505,0.46224479774431976,0.6826335261783297,0.6160420072271937,0.5299566948720821,2
0.7758254764839898,0.6196321816548052,0.7477280599898215,0.06930230533534418,0.5130816065112759,0.7700338095090681,0.3760792367159981,0.9778408614081905,0.1589137163300933,0.17353521073183723,1
0.16091275125503815,0.5012558514132606,0.1759016253611647,0.5211110540496026,0.5759854660628395,0.9113853639173297,0.6518705809954083,0.0654136377871527,0.8222333844053665,0.13816380987288124,0
0.132820560326539,0.22141467915410182,0.7919780475714128,0.21771685643911456,0.7975020395359982,0.08371600089579428,0.7597405369312623,0.059495057743574366,0.26532749618419454,0.7878905051253486,0
0.94733352017737,0.38764937074241596,0.8551482243790856,0.5819054274802772,0.7658869598396644,0.35672415777681266,0.7471454782029454,0.9846574628414664,0.912969962444784,0.5367442775174586,0
0.27965914156238186,0.9381510469871075,0.3574342189456332,0.09367514639828987,0.1644547839686237,0.8442853055612249,0.4433248050643314,0.30126491582927156,0.809980166114734,0.49921029879068257,1
0.2544259129330149,0.9342538276799982,0.997888904854157,0.5563046645804908,0.8413824308643595,0.8956349974036829,0.9143112428478902,0.5137276062448718,0.7478873585778733,0.876338870414641,2
-0.10301997156330067,0.7428520212502626,0.7361881687056375,-0.16200113152625417,0.2268024982128944,1.1802515466672037,0.18158588194445913,-0.01142588580997106,0.8621039095738356,0.18169413135415435,1
0.22310212863514928,0.20679940992625506,0.3845091358663476,0.9987944831700701,0.3296239742878811,0.6261885533630267,0.15246769125627097,0.11627719208062232,0.7956161853933698,-0.1562662598807978,3
0.050992037552915814,0.7961221347550044,1.1404407853491296,0.6886299193709371,0.14374561033523547,0.04622988709927904,-0.11611828472515495,0.44682798583064665,-0.13216884162460496,0.29521109663811174,3
0.7350003901124904,0.5185788499603461,0.2814203892190561,-0.3056359492853152,0.5574414034626853,0.6908133080665271,1.0134851261284756,1.1106289598295782,0.5019085654750802,1.064350631864806,0
0.17423270183618234,0.47685847730639086,0.22819210228039521,0.4286764665379421,-0.09942335387075088,0.39422786547567107,0.8441373707975496,0.2211329129305716,0.936345732670758,0.040852587502155466,1
0.373816927006726,0.5977575559074397,-0.16745314565423028,0.1821979234146097,0.15193210678196892,0.39503006938786434,0.601287281601375,0.33782359206080026,1.2207825622502808,-0.2069967803953198,1
0.8139758470847531,0.6228978373335597,0.5778527145080434,0.23651687137224567,0.5128016763522643,0.8987471820324523,0.43217093081960467,0.9651819378130752,0.34076075925983873,0.21941291651228167,1
0.5386078086219227,-0.03078028125977881,0.3408698234749625,0.3409166588611367,0.17433553546860275,0.6682970173370996,0.2518248766176459,1.1448208417215522,0.38307715798444986,-0.08165522101397313,3
0.5449457418481972,0.19784678517167592,0.05336566709455454,0.9468812475292419,0.4886396046058851,0.8184480355852863,0.9712769191197322,0.7135308662020957,0.49407218029944916,0.04855114625853718,1
0.2576302353474383,0.9624251921260352,0.30860497766285366,0.15066732574296285,0.17142232941223876,0.8391233360247567,0.5319013262111991,0.2489703072689841,0.7314278111936919,0.5578464311977127,1
0.8722378730841762,0.40323865504956413,0.812939346536778,0.4605447808257936,0.0686058176246171,0.33030805700164273,0.8272477283364769,0.6746641479583408,0.33295310014057133,0.08334525506809039,0
0.08126221404061319,0.554236744204585,0.03639464213188198,0.22400611838260742,0.06577957517726178,0.49455497775476054,0.7020621939397664,0.17742234089334302,0.9166497098150885,0.07993984394850737,1
0.15839510661057127,0.5987288386968597,0.040808870725258586,0.2494243024902982,0.08640902734449547,0.5103728106827811,0.69954294208234,0.15235324911160028,0.9804650272045616,0.03812922076662434,1
0.37079992658327204,0.17287786723698412,0.2355902154090044,0.8248067620221134,0.24440158524968522,0.3490101285600893,0.9903883592764742,-0.02990066783460521,0.7149836901253993,0.1825037591367742,3
0.549722608708225,0.2726226692173304,0.0853699773935518,0.9808946835547162,0.4291325911477716,0.7803810383819229,0.989801164128067,0.6675966644937712,0.5113609868306903,0.014913344442208671,1
0.3400760073751749,0.13992502848939586,0.7027114158390817,0.9103499114850042,0.7681631644698425,0.9480411055314668,0.5905992931406069,0.2742868816098825,0.5032020294693915,0.6880704374227815,3
0.514880769016241,-0.03380643656168898,0.6926380774661424,0.07662478392333524,0.7886111686989433,-0.1765329113750092,0.45018855587042306,0.9278332278434342,0.718520018362975,0.32517279354169226,0
0.5594740428908158,0.015141530743880194,0.8738319384463867,0.9352466196724801,0.3790498274533227,0.7266032322760627,0.30023688262250253,0.01817610515443205,0.5305358161943953,0.7417083230791092,0
0.04107694817266297,0.9855151519628255,1.0006914678423358,0.397581675078411,0.16023653230528195,0.39840823013270754,0.8983375696187033,0.8794646484247136,0.8289491240296962,0.12701151386035137,3
0.12473676242587424,0.18798790442151983,0.28305577741279025,0.7281033757195949,0.8740584903885974,0.25477309952321064,0.44120052243248054,0.8277826745746392,0.6420653316823508,0.28665268065244187,3
0.35927101281251717,0.05149390396660994,0.6674304977673747,0.22537811128384772,0.9729301134356183,0.004777643897369621,0.6108716578156206,0.8649144510858182,0.8062105827506287,0.15122594719018287,0
0.8130370412176076,0.06767762404741205,0.5878315720922513,0.0818792527488808,0.5452075368304584,0.42704846518901673,0.2735234484909607,0.8997587663955222,0.9597343503147792,0.8069993831904481,2
0.7699632704361867,0.5577019641704888,0.6827727049778018,0.7288054606999036,0.9379505172298563,0.8023108699295646,-0.024114984841204945,0.6312562655595758,0.775837315393384,0.27974486291496636,0
0.45470238176624345,0.6403110206331155,0.8391525629636073,0.9348273653491,0.20107596728141336,0.15975085509172876,0.2692683535566592,0.6380732445356406,0.13127446585728977,0.1952896438595307,3
1.3729155003462366,0.39533621741084934,0.8911235837578317,-0.2092051256087918,1.1798201177432228,0.5081456338503836,0.6565903144518013,0.6857033343094376,0.6169445609908317,0.5398193676129461,0
0.8882149098373744,0.49164453717247886,0.851607698232684,0.36391907050772776,0.18747249451728676,0.27856162897757836,0.7638432462130573,0.6082373268534261,0.360994813433303,0.12928368601161572,0
0.25063454381333716,0.9313036868599485,0.36573737103743953,0.7681305647864167,0.9476010826326429,0.16861261075001746,0.9353251019847594,0.9219930892224463,0.14612409449032893,0.29517985154728804,2
0.7319886012898493,-0.02762094117233005,-0.037844680484442006,0.6447455670818919,0.4244811388075798,0.31686536960433676,-0.284192765111855,1.208280351429534,0.2673927454304513,-0.07772949675293395,1
0.1806732162389871,0.24318063595214964,0.7696035772059664,0.36749109791896883,0.9213563167127886,0.10566996396044655,0.5085546167332304,1.068355874907203,0.9891448614036233,0.350362823132518,0
0.8225653814729539,0.3678267226745804,1.0866671167546538,0.29321621637288187,0.6441076376084396,0.6787419984701429,0.17345602631546359,0.8512484046462041,0.8512995101314762,0.933583963812925,1
0.41682895425945715,0.04535667366737241,0.975589202750544,0.9022013525022807,0.4528031117166512,0.7433424785835153,0.32116971150063256,0.11579384055906482,0.562281940385375,0.5809690843282626,0
0.4231035743080095,0.7615690341050599,0.8912304590459139,0.9476902526021914,0.6056357684781297,0.527125720892735,0.5399982181997167,0.3661316043855374,0.3340134949895383,-0.016669108978225572,1
0.2689211027754666,0.1498865743203429,0.6611666637333838,0.8767389649724217,0.7776592046874897,0.8232051676087789,0.5674173291653456,0.20921081652249865,0.49206235749958177,0.7239336405429208,3
0.10869341174608711,0.8565523441870531,0.8224382040131095,0.8112935433875268,0.5293585316978333,0.782816223132872,0.16074982646425537,0.8410384755404001,0.5788487346760358,0.6080793771301788,3
0.36021189043854346,0.8821174094102731,0.2460634464060581,0.4466220732825552,0.30231292001490384,0.1691265126473814,-0.047247726681240346,0.3030483439236469,0.9878682068994113,0.9324879045086052,0
0.3059218046218236,0.1605610875189897,0.6566398807020983,0.8617379854914375,0.7447635617347852,0.8652306106769903,0.5634092096931358,0.2436276733133268,0.503542604080402,0.7483123964909106,3
0.547500308440752,0.5732436084030891,0.8808908303694528,0.5210350581687186,0.5106465790197782,0.668586689371315,0.5808002997994992,0.5535359096265038,0.1859722130500641,0.431235122568887,3
0.36977957688521956,0.16857703953454758,0.32474205211021784,0.7767009658634846,0.2631306383085545,0.2809032031389964,0.9631620461844665,0.013634694074118964,0.8000352078352564,0.20966074333719792,3
0.4184748386606763,0.014193014857981828,0.8825482546401371,0.8017846470600347,0.47670860494495887,0.7323012955868562,0.27346568697038753,0.03095907707429335,0.5620494798491288,0.5535054925297606,0
0.300286843323025,0.15763684663604902,0.6247232089348275,0.8762726044307597,0.7535955665519227,0.859184666654386,0.5188733994878298,0.2000558355679651,0.5450077549538149,0.7076947135436197,3
-0.025866525749376,0.6225631392153244,0.22873928068736757,0.2679627616012181,0.8626334094782981,0.4515546377073536,0.8695882920725034,0.44201139879185714,0.21732308907560446,0.6777822936563931,2
0.016230350293773767,0.48316693691952783,0.2515146032447305,0.13820663632546115,0.9513207254921184,0.5295592031251417,0.9044010808718604,0.36703681078558686,0.3277937941400314,0.5848968657815701,2
0.09078601833926778,1.023433755198583,0.8481849071251014,0.4729199097833635,0.4397373657714527,0.899238709993142,0.2787944932304938,0.8959745467656103,0.10069193661717052,0.2919519208647545,3
0.9024125773863785,0.19055202441375274,0.7066676559984312,0.1567387146240371,0.5795892004635049,0.360304518198278,0.1931382823427107,0.9808019679610473,0.878449553691032,0.8566873090954562,2
0.0415594161871605,0.3792849767262517,0.30424744098891415,0.28923807246314437,1.025632060822958,0.33898886790121247,1.0912188760078936,0.2621544989393008,0.2875263961911684,0.7947532740711605,2
0.09351320802156021,0.13740444373598754,0.5747000306818537,0.0015248988176604639,1.0541135038815883,-0.19545241513264433,0.8163044797151099,0.7478235072551159,0.9139103505979466,0.004758200215464664,0
0.5469966739443938,0.24158934753469544,0.11550609572692377,0.959005398258488,0.4150732353931871,0.7773794024134691,0.9991059851274412,0.6450623425247826,0.5253506949084739,-0.004344635295602008,1
0.30004809728889514,0.787051063591198,0.1812476057666143,0.8288640456002747,0.26105277923509485,0.5553150865080119,-0.006066029414274754,0.21484813947853634,0.4455174941216356,0.9690703422366648,1
0.8794749785113799,0.39123282208509125,0.9081782820709358,0.15650303918273026,0.7891703152676661,0.5920946548905118,0.8754959787319512,0.7637579697768132,0.658648888936022,0.6820635232850281,0
0.3389899587960721,0.14241365003021272,0.36599115382740005,0.1366499633271121,0.3749425827366615,0.6362395794433506,0.6040470252914455,0.04075740415597759,0.6912363223397904,0.7215395445313422,0
0.6770491971538662,0.6626247991678901,0.8333563836486257,0.3127321095455103,0.8198742150753294,0.7680500194510597,0.4957528412221656,1.11707890057001,0.07343499471606421,0.42494732893218656,1
0.5509584164309984,0.26855734623493627,0.08533797523326762,0.982371886176037,0.42526076256411277,0.7849997462072971,0.9988009658380993,0.6634816563673611,0.5120834247239996,0.012150224496937591,1
0.017377629918424023,0.9383354870257478,0.9173438497851435,0.6136913549802324,0.5525277138874642,0.8310195399390035,0.2776540037881693,1.0358632328424866,0.037030530284584556,0.3041957652005732,3
0.3998386274752427,0.9333822001491467,1.0106186033259512,0.8974272480909126,0.7382664073070307,0.25241653810657516,0.35374984086831207,0.5132534706997688,0.038531177201059474,0.11245201510024444,1
0.013647462078589164,0.12072383763044385,0.641279004574471,0.27175569607070554,0.012083098952356233,0.20627859814288585,0.5886244058103693,0.23023019854167678,0.6788461543415939,0.7511318374001037,0
0.8577647781028941,0.8265639257889001,0.8683834686599199,0.6468545006027924,0.6035435538510328,0.8202486155541293,0.12187823354298374,0.7545198562412427,0.6749702443958343,0.5020313610152858,0
0.11348868577979647,0.1540134822851545,0.29546803718948284,0.7787927354031281,0.8611866219143285,0.24872029962665324,0.4169437011905135,0.8204879332102466,0.5968114876214939,0.24330333410946753,3
0.6766294151687329,-0.003945222910702012,0.5350308561137038,0.5255157718260827,0.5605946778908026,0.5755788661155183,0.020101985519385718,0.6003906657009487,0.4286866683289082,0.6696891050716034,0
0.9526776340124725,0.36949940099476714,0.8491877377204133,0.2171623437782863,1.033247731365641,0.3601377571583852,0.7159618965635628,0.8347676025923854,0.7725216770056448,0.5428868892292152,0
0.09720314378051079,0.5508471559683656,0.4079845374726115,0.33497785133824187,1.1034106287043732,0.2971818130593257,0.910938227985955,0.4329990213501393,0.20632256958729484,0.5838179320173112,2
0.43662406070113396,0.7078328234844308,0.8806232680499854,1.1640730036352054,0.35427326472655585,0.21864256553908162,0.3950583121377701,0.22861159252498187,-0.09520124649490125,0.15615940608426096,3
1.1653857836807655,0.4828151132528035,0.80322453294375,0.7662961755554552,0.25251734783173585,0.2812769584212546,0.3650772928423516,0.9026348244797906,0.6071012610660863,0.8819168381129233,2
0.27691331307967887,0.7300415134588509,0.9834032558023131,0.8625010986957725,0.031195494380078848,0.08637520688873501,0.19689487964179234,0.7792863013259137,0.10152786207476802,0.1270529409861487,3
0.7536899291179046,0.09117439615004827,0.5065079992697329,0.6988254587285688,0.12018259148048258,0.1289545860490513,0.1525473122258018,0.7606428231902028,0.496351489984845,0.48321973274814,2
0.027412161566111884,0.30094465431569134,0.22241608977862962,0.7832446895755906,0.9019276796431261,0.34918054309012625,0.39433198387222745,0.845874969203224,0.5576324699514195,0.24578694133433107,3
0.7990354214887256,0.6968123274602602,0.8000444006185371,0.14373870270906103,0.5514137361480609,0.9496361188217176,0.3953357538220883,1.0516098180132762,-0.02631608067711555,0.0710772154018298,1
-0.028772150912607652,0.6815727883616718,0.49326780528977887,0.5957743579582373,-0.04042686843393786,0.6774794298051772,0.39306975201015104,0.813276806045103,0.14301828918247683,0.8180788421395773,1
0.1451354441899802,0.17380701781735977,0.804292061812078,0.15683450463008058,0.792374135990364,0.06899534702240888,0.8049305123246283,0.11387631670807025,0.2644244997622838,0.7822522879080765,0
0.2856242098679858,0.13742427931548518,0.6264207961314195,0.8385166397953533,0.7538951760196654,0.8828950089887024,0.5327760628954484,0.22524759369066782,0.49707719266330397,0.7236280389515397,3
0.31403640158907314,0.9606064495130162,0.5034275151731594,0.8991718949284354,0.5124128990030058,0.20252300363914613,0.8024459540672475,0.08428932088309506,0.3246150775982378,0.7886394981874679,0
0.8098078935105164,0.6335748768538384,0.5197960618767834,-0.009479324537132766,0.3427810403198319,0.8516422648065688,0.5877821498940237,0.47876092071536286,0.15446402291823863,0.01111485155953,1
0.49714092198738147,0.07166128991291715,0.9522611669909395,0.8815957254535567,0.46384027982775716,0.776564118980616,0.25618078457311827,0.11796266639284447,0.6202528957757918,0.6162993962343676,0
0.18160519438135692,0.40127074220230585,-0.13430270923050852,0.12672449618107842,-0.023832976271759662,0.5833307179558967,0.8234597825825316,0.3184625564253112,1.1652006380206634,-0.036463857593085444,1
0.13241181450478048,1.0084364786820619,0.16080209665028186,0.8008233446412344,0.7102911571277509,0.167657923911462,1.1694424388611258,1.2357064172476102,-0.08248898290606743,0.21655371102299226,2
0.6039971139032512,0.32560191063539157,0.08793756433527347,1.0329864523624532,0.4368434908485401,0.8106278643244633,0.9451570341052619,0.6689021672430429,0.44915218852625827,0.04013424911916394,1
0.3186275414269636,1.1740824776098209,0.6587240073868157,0.7943174524928882,-0.1599461884493963,0.08035463215218805,0.2773753397340227,0.35348506706819816,0.7210479341626956,1.120572269990138,0
0.3449053121878376,0.22488167843684473,0.897331845292368,0.3726265609517328,1.0423964045244702,0.10032010499561886,0.8945434219419044,0.9130555548727974,0.7287312462847787,0.2817537335761279,0
0.6298735721352092,0.39319949457096864,0.3016628660087719,-0.20551375286217483,0.7692668514936574,1.1418803400094377,0.47571302031372065,0.907131414583521,0.028542997006934107,0.33788460715871876,1
0.08068587208896057,0.7598998402739426,0.6174338022213441,0.5556343346993886,0.06939103518092987,0.9471501252239345,0.6368543915541005,0.5883760717474222,0.12364079210294926,0.6537276046774838,1
0.34011733380557374,0.06758649544120957,0.8424707613175084,0.8393201601019119,0.3266975225732751,0.7068160526578969,0.12686799551365274,-0.014978527719117979,0.5711903589492952,0.490415752670974,0
0.13498719279187693,0.9925170044259954,1.0367732359584263,0.5507548245004207,0.830007407477416,1.0451922773977138,1.0307100178670023,0.416984637600323,0.8011948461026113,0.8592639323995936,2
0.19525652421462913,1.0591478490099377,1.4312932623523298,0.8532846329977595,-0.18127331155302967,0.3084074270345619,0.40325705627774494,0.7346721023470797,0.5543882051313915,-0.15371225423671242,3
0.4878570877638557,0.7589851571311977,1.0789415544307077,0.7944166994742929,0.4887752074705686,-0.13341727650850554,-0.029424513281332887,0.9274874700399087,0.24552128718987873,0.5291272185862552,3
0.9325050333699654,0.3456813928205994,0.8502059845926708,0.1153529606282303,1.0520929168312287,0.36268931350761735,0.7082199203392425,0.9353859164511444,0.7426787437485549,0.5980094643467078,0
0.1705232267194642,0.5917373203559271,0.07138980933486347,0.21985785450002832,0.059922287058007936,0.5527561772448557,0.6501014917161226,0.19386610923941816,0.9820622859290932,0.08001798305769312,1
0.8319407136651821,0.5054897778956826,0.32652652311920805,0.23891849634517723,0.5301905149504004,0.9033928539602544,0.5902729748528195,0.5248940952805158,0.24857421161045873,0.0918502426458659,1
-0.06205843029678082,0.2649323165562525,0.3298234069913287,1.401510400086479,0.6249514113752233,-0.13926417052465584,-0.18999094453694715,0.6817950958818788,-0.34607574170969446,0.23611724868278725,3
0.34017854753946,0.5821182729988323,1.0467610957369997,1.088159178053053,0.7206396341509189,0.5202958972109619,0.417122807432934,0.5505398696731024,0.3724028208826081,0.08346624321103487,1
1.1918510133283335,1.050950933045377,1.47101691842989,0.6391224934576499,0.9791861172374644,0.49752553230522767,0.9796138096474989,0.8229559395630492,0.0941353670380346,0.6937845144110464,3
1.1574276072815657,0.14141059969340264,0.6152668677941828,-0.08840571040826145,1.0014860955865519,0.10759334325213438,0.9572884304951372,1.0700186558852371,0.46978951461299034,0.6104143818817327,0
0.8668169850443594,0.3923429986687712,0.80280433769726,0.5681932523095812,0.7344903060641462,0.26044056603983595,0.7441743267591913,0.9800371568333082,1.0024609120891002,0.5396111624206181,0
0.7705706566244246,0.6025758127838365,0.47529161376531803,0.011337314920603178,0.5054815031120574,0.02905173088826143,0.8114723609508859,1.0041016082117442,0.7986204084702561,0.7737247654173259,1
0.8807134330741421,1.0900839540500078,0.9225726475479318,0.3514502102512551,0.7559859212678786,0.605813507322209,0.4932461181098544,0.17982889469144853,-0.09782425598742567,-0.23645316390290322,1
0.11859662641591501,0.46807130354483356,0.311790488687651,0.9517672582259235,0.5962979173312298,0.7798117688101537,0.3580497686020825,0.07563316620279606,0.1689652184871526,0.05613864267378429,1
0.7422356304260476,0.42524344134427816,0.8465659322655588,0.4463748459905354,0.11124021021381003,0.35017092547231965,0.775611615321515,0.6187993078399877,0.3011591560662934,0.19249678715799365,0
0.5410442415110112,0.2791566685034291,0.07774873435413968,0.9789901966605515,0.4273701062342813,0.7706846121482519,0.9833544638657358,0.6733255612626619,0.5203223767744709,0.01819786917465187,1
0.5450837385134968,0.7693292528358824,0.7940212710831376,0.7399957376487238,0.3385059736917594,0.8331343579957456,0.34598877946381423,0.7979809592985506,0.38196603224281284,0.3817743555033789,3
0.4257367419778376,0.15171884413869396,0.5777529199789201,0.7388839900471857,0.1875161351930646,0.5377973402636814,0.45578125335070546,0.4071832004603899,0.3471822074336577,0.6564100823166581,3
0.34981391507587184,0.5146246927219843,1.0364763927283631,0.4854039289948038,0.1584558145263908,0.9307394628707393,0.04079460393960968,0.00932135830099147,0.2567290679692346,0.45563998146574236,3
0.09120937526371752,0.6797582060283311,0.5223736738549484,0.4922365803004826,0.21967974041340757,0.8721699924499824,0.5226140191672133,0.8325014284810511,0.17667951704172952,0.8368057277624807,1
0.1641467526792897,0.6037787586525833,0.6933645585560408,0.6364617466591864,0.05497781232893845,0.7483287875636855,0.5687344789157032,0.6575096810225763,0.037128418354677256,0.6715412751050123,1
0.5426005323748111,0.8120238140413245,0.5273694689370986,0.36918296418204966,0.4409822872799827,0.7928574632678085,0.1544963746929186,0.8175988170657731,0.3472211238742501,0.3854682072321388,2
0.7705211905934992,-0.02548128687258619,0.521088548818885,0.2835780055651463,0.4796071500809574,-0.05655401478300778,0.47408621181512167,0.6461344820499724,0.15830607976753608,0.37515415807940916,2
-0.17527454732936015,0.775685851294133,0.3994638881065987,0.9603517138037845,1.4822836131266701,0.5580445407809294,1.3102668901622423,0.13807043895139165,0.39306814054878053,0.8210123554080603,2
0.9894734699237022,0.49345750178301345,0.755196556652517,1.4220561013929023,-0.07594443652520128,0.3723871690518391,0.6082788027276926,0.37808551836984006,-0.17337054911207467,-0.028949852215472555,3
0.0192601656101494,0.6189514820594181,0.15972701514071413,0.9528204345860969,0.04174948104127776,0.38058939883618337,0.2591921858609871,0.2273042862124955,0.4904738298512452,0.8925877694815414,1
-0.16124059161210302,0.31167343408207193,-0.24761140066776405,0.5037480046913454,0.44748959727082044,1.0255632613297028,0.5324283185546219,0.2424823410547351,0.7531045616195665,0.12414878992425953,1
1.0498971491294515,0.3604937321087667,0.7924461632245214,0.6250381219107226,0.23714995147194362,-0.024297721852894194,0.1265018907740871,0.8554365487674994,0.6698197521738483,0.7768692463264066,2
-0.025404975977377342,0.7266220412280308,0.2225226504578749,-0.043525107073965175,0.9211891531113299,0.2571185906947783,0.6008286710737772,0.08915137922765498,-0.37527256335128056,0.4288464827658561,3
0.05605717012125361,0.9444611263717891,0.5469216119396088,1.5200617352089658,1.2992113729873898,1.2342486194545492,0.20426231522915694,-0.3936374634971236,-0.2987191980613756,0.18254612903765388,2
0.9814969317838468,0.6477636188598601,0.5369136319771219,0.05825550179271949,0.4192172409326616,0.8087109195724324,0.6179609233290484,0.5910007094604567,0.30759178269199094,0.05311669638182732,1
-0.3923281143838212,0.3107228879446798,0.42170965409784356,-0.19147151714556432,1.2944498068992822,0.7668626628946269,1.3403073986829166,0.45664932383351775,0.48029743002177894,1.0202315353149043,2
0.2193325836152807,0.03228098986236708,0.5337354027089403,0.35592622406795293,1.0435735150965835,0.1269938397219577,0.7375431406554337,0.9316224272493033,0.8190865210280178,0.019036525407875954,0
0.15590298190535817,1.0619246709011065,0.6948650246807542,0.3706844200769571,-0.2798427862836685,0.00702409795947892,0.6124511617012968,0.2560100785310247,0.5825089850613292,0.23116020604112747,3
0.9155686536189653,0.347911002691234,0.8253263285037751,0.1842989001645017,1.01428784237565,0.40175695929208316,0.7265806270991152,0.892219103190447,0.7149832385162961,0.5712701466522799,0
1.0335131369650947,-0.027511854937858904,0.44675539738564457,0.8315946658170019,0.2544027114594368,0.23099763494460474,0.9956252070944224,1.0186605406154108,0.6034797118235868,0.12910152648838658,0
0.8751626662110479,0.4133012605074121,0.7995346480406897,0.37919212712917777,-0.2287709545344308,0.2679535555736705,0.9115345465355109,0.44941851596486404,-0.11760203871123326,0.2824894791387014,0
0.2500412109886215,0.5643235479403574,0.9564572153707313,1.0063347258701911,0.0496599563542158,0.11124679847014377,0.4251948163153997,0.5599558527547549,-0.033663956158811625,0.1181284561730868,3
0.1590551937806034,0.7731437808011948,0.48976234808939606,0.5680222150953433,0.15096161920696965,0.8458428089281522,0.5113016853214742,0.7135989074959938,0.1010771242364774,0.7372893660481367,1
0.37104903418146407,0.34251794487564613,0.667860946333031,0.5277805038264196,1.1866436221559598,0.31176065758355587,0.6774060711158727,0.9670135846129331,0.8997078462756991,0.27909490169669005,0
0.41130397642456035,0.1997446262850585,0.30087455164054766,0.7369528369435362,0.25632174840834165,0.3081158074029972,0.9699841700931155,0.0362242522415205,0.8052347357792942,0.2021349590749602,3
0.05905495670814255,0.31235189024173643,0.2073619152787424,0.7679262524314999,0.9485902992896516,0.28054248595464465,0.3725058418705287,0.704847955016111,0.7410241779958109,0.2934032400591587,3
0.46510962699055297,0.8744970552693286,0.27016419694586347,0.9007361157012358,0.4409484054015612,0.352264694540992,1.0987567122110118,-0.051025924898193395,0.5507070802799569,0.7889329359662027,0
0.17429532665649317,0.2094265001735612,0.8266280399188982,0.19235519543510637,0.7589887518577364,0.08401819807941431,0.7701079114008045,0.08006150867257292,0.27624945695090863,0.7637152253174637,0
0.25195627129954434,0.5170551097102524,0.9302216187766672,0.08127732867741705,0.8277542496738173,0.03013252705450109,1.2874229952483496,-0.19155097144249655,0.7491835481154137,-0.5423261437066632,1
0.918744760995858,0.24720067400738333,0.9412616236269535,0.43738695483751344,0.5355651309419207,0.6160741828870672,0.22922177443819905,0.7264932722954801,0.8165697513127927,0.8798924445978662,1
0.20628535233842682,0.17939213748106522,0.8206595421459376,0.1829298195869075,0.8050385845872327,0.07355698321800853,0.7826732660891557,0.1081222324561602,0.26533216894857464,0.7635067801829383,0
1.1380366877196335,0.6094713861217709,1.018783999097853,0.16614212771914444,0.889613533651914,0.4601901957116683,0.6725078564598646,0.6918051858497745,0.7758186296208238,0.5306007248363159,0
0.1135864189137418,0.4774319531419033,0.2981351048451701,0.9623471979253407,0.6177386821774262,0.7817344463620254,0.35222644976059503,0.0773974681983415,0.17716680705917004,0.0429857158422757,1
0.36933397249383876,0.5646904512090842,0.8065908198365972,1.0149776140370852,0.20071918922579945,0.1481326202797459,0.34486360989287923,0.7113157062344423,0.14977793390172,0.23446371704776278,3
-0.0034615655722176047,0.1539440954094524,0.6102829726503551,0.23834344613665467,0.03247318562896952,0.26505462298884047,0.5854975051605584,0.24267953604789505,0.6788471437999878,0.7810709371143576,0
0.09191066688001737,0.26775884665058614,1.0468525991471758,0.7161329617847825,0.0780587676865831,0.04126990031893901,-0.11421157767296847,0.4876114059424098,0.3832625473950408,0.12296402075495193,3
0.7337814195602688,0.8228462493859225,0.18618280911998467,0.7736192964183487,0.5211097627250354,0.4284816095667452,0.6136414432251678,0.07683387383608427,0.5433407219705679,-0.03723369906333013,0
0.5498788799356836,-0.04709781660489244,0.9211167137074185,0.9346225567106563,0.3704948678679271,0.6822886452639886,0.15791317703910285,0.10003417684225055,0.6635678185925759,0.510330502463258,0
0.008953065735975445,-0.03814450266067393,0.5167624694769221,0.24378895132973044,1.6026083724650202,0.08520585687612126,0.5707237054198462,0.7403956371580385,0.7783018532066137,0.30670702941395644,2
0.8799335663103676,0.1486971907522782,0.663128039423152,0.1543043724811241,0.5738450584785291,0.4649442682786338,0.2750068113216336,0.8866040402078315,0.9651991155253967,0.8896808626843855,2
0.20428038483470196,0.7905154418797588,0.9976827318285795,0.287903445413061,0.29022823127336805,0.7453964072346875,0.43098509042136507,1.1570597565363088,0.17701087307896138,0.26001045074412654,3
0.2199587643629324,0.5628880047451288,-0.05747633048040114,0.26296018959645046,0.190647253975944,0.5287063941067848,0.7491803210538257,0.14974159814150087,1.1149142000227543,0.15809401043231086,1
0.6008820118614604,0.4810889756321869,0.5298859850554085,0.005695809774567878,0.5432926873637447,0.8814536331125096,0.6631104130438169,-0.32536090696268183,0.5236994342997776,0.735691816319983,2
0.1275940173491084,0.7368228317360315,0.5097846232261763,0.5575459453640866,0.1737755641369085,0.8489038016992889,0.526229198063714,0.6884923175235081,0.1315549648114664,0.72517127782554,1
0.2525157542928653,0.7170784525915341,-0.5491737812731362,0.862586745849094,1.0973392217563775,0.9884990431325917,1.322132190914438,-0.41287792354640107,0.11957339981198328,1.1604655633920902,1
0.5340175455472742,0.8044652039337756,0.5341011960993395,0.36089861840774284,0.4395319519722944,0.7879338483112365,0.16253143904409767,0.81496033626591,0.3495538325344532,0.38871825441608787,2
0.19398870194655007,1.0163637738470066,0.5690189282578443,0.9172972493136091,0.520601381198345,0.08467228374845977,0.9954473049363556,-0.05986352653781345,0.3897287650006179,0.8019282679793736,0
0.6726221934174337,0.7012213821301654,0.7863314958328896,0.850204071382918,0.8037173162492102,0.8324548316853759,1.1783340555154453,0.48418056578088603,1.0571255238622386,0.04148332752554523,0
0.24040452376865962,0.6938712108837115,0.0948974035118012,0.2976630363110303,0.1812426677509064,0.3864295478818174,0.6942367604678423,0.10617700622024118,0.8645266023607812,0.217468019707834,1
0.5399725405505826,0.44407670918294584,0.6423391465112172,0.7186371970047098,1.5946530421192078,0.061348803322272494,0.3974069785526949,1.401887942790645,0.9637557056461784,0.6756171914193602,0
0.33554060302870425,0.9584157639126657,0.32331954090223497,0.3053331701349802,-0.003036742623692551,0.7550655701427963,0.422999063091976,0.5033202195721153,0.7032623964963063,0.41878324103887876,1
1.0096330208002549,0.3673253387291255,0.8648665771503334,0.19341480404343805,0.8997676963837066,0.36393825524315976,0.875348266544292,0.9865776431756932,0.780715838335116,0.46720023180585046,0
0.30245215765258254,1.034483202675453,1.288912022493974,0.5322649637243501,-0.0951017201165672,0.5399655150621404,0.5240666450538879,1.3620604427048086,0.3648962666272591,0.029538767419367895,3
1.0648467528851087,0.3624325643894019,0.7941798744427095,0.09023890035214985,0.8169916112345037,0.08465436042344592,0.770195641936466,0.7260519986881095,0.8195280513954077,1.0126272019744258,1
0.9822209376906226,0.7611536227145831,0.6588565393768622,0.48473324210070956,0.43984913646461354,1.030579227881462,-0.1546762973445321,0.43692087148044995,0.8195883640286212,0.8001520697550399,0
1.1471361540260978,0.2447378700971914,0.7627127724243439,0.06408222501599474,0.781376324524877,0.20761565353039108,0.8583995706980251,0.8225204561491262,0.8832556050688221,0.5593088941291847,0
1.0841092011844788,0.36065165317089243,0.503366500392251,0.9773578464857655,-0.18901539881355356,0.3269974784882216,-0.11946488459748333,1.4937237033712367,0.03697411650055504,0.7587570669884325,2
0.5823339766420802,0.5165033107597868,1.080803498426346,0.7535345772473996,0.9188896838167181,0.6728568714280433,0.5596653580600595,0.26704110848040985,0.4283091782331422,0.15619426449092272,1
0.0684790629265594,0.23813742740178404,0.32345174581965747,0.7516177848316687,0.8674948361240493,0.23483709467648747,0.4332221463485919,0.8465222591722374,0.6120877421667799,0.30334583121956343,3
0.4308041680686656,0.4107363832015801,0.40016709210109475,0.4808841561117417,0.6470321526008211,0.9107044835474852,0.7522169213144414,-0.14041004457793838,1.246232263542756,0.19577201199697034,0
0.903730848966994,0.2745238087552253,0.20995131992034982,0.9705655388606851,0.582838267456051,0.3373107056792093,1.19044777277473,0.6607740051334097,0.8101423528598575,0.5388705545490724,0
0.6325493855076739,0.6516932689587064,0.029157753747146797,0.5696009602442126,0.4956405410893423,0.47077012133820795,0.6087761432502289,-0.0668409523585942,0.42301720237327056,0.12945031577678986,0
0.15367220645613708,0.5933583526114854,0.02105821613133098,0.2634045365749261,0.08685740809270384,0.529776822147022,0.6854716450283165,0.1529857350578859,0.9825017023404955,0.04038754629524999,1
0.0651305552925345,0.7190467985940675,0.31804583472865766,0.8714173097039705,-0.09912663723408738,0.3762266365066593,0.24821789708496242,0.06264351867116558,0.44844366817937853,0.9867158489539248,1
0.22321218365784992,0.5049450413642326,0.16727578893248032,0.2133931182041157,0.9103015398503551,0.3629191581633905,0.18503022683702902,1.00676744869746,0.8756446329641105,0.46472173538316314,2
0.4727102747264184,0.5400065995912934,0.2242407623484788,0.6478241077421951,0.7842398963582493,0.9225249818750635,0.019300289227590216,0.6568728533161219,0.9792317089346542,0.16211639746743228,0
0.48163548969220843,0.5515851788595925,0.23515321384298463,0.6373739243815013,0.7824729494811118,0.9308039731896809,0.019509061140332986,0.6606341320937652,0.9681571842199748,0.1751508487017742,0
0.4018648638026348,0.6623689430023882,0.7635822218774775,0.7096598977330226,0.38560014503136103,0.6964172915872512,0.6889892374016886,0.4020113984591386,0.22934475339178464,0.6965979649429741,3
0.8587253135506826,0.37418252912437455,0.8028828618754996,0.5764923971186365,0.6975573185416202,0.29254873083425853,0.7520058093844691,0.989740610676239,0.9712446028767567,0.5237017150134068,0
0.03301222114793162,0.11214800157738303,0.5534252792514891,0.2767747256582123,0.004306245293031252,0.12035199728208218,0.5081067611680128,0.2636579071967699,0.7306450405874866,0.7712258510436519,0
0.8595742099153878,0.19814153081949545,0.6480589474005243,0.08098400109491331,0.48252248112772644,0.39352857817237125,0.1881770836988557,0.9147158926283453,0.8961625278941474,0.8159557001229208,2
0.5407650929910122,0.8134007838779256,0.540902472743641,0.34580942979562534,0.44728197718430157,0.7891194550827175,0.14777389123830423,0.827557502575138,0.33532133771486716,0.38352004230905073,2
0.1386223947794946,0.7869059841083321,0.49281074119527335,0.5455611888824903,0.146418277117794,0.8369568252202381,0.486845267725818,0.6980668189803004,0.08821449973210686,0.7357536981138144,1
0.37768131413724293,1.1253327394899022,0.3815480233588886,0.9405602580971313,0.5124017567455051,0.10289692960910124,0.42273814166839463,0.27967665055055907,-0.1017762618291585,0.21770029563625676,2
0.9601189401900373,0.8360308505617706,0.9817504640778253,0.7595128990810576,0.652243016345068,0.8835956711966899,0.035853770091596085,0.8358095017312672,0.6774209759576238,0.5674522886293599,0
0.842276568795695,0.31233182196193043,0.7699005362449544,0.0999759898572795,0.9260783845595867,0.3170184126257495,0.6610616585218178,0.9319712605582421,0.8039639090003106,0.4715586941283266,0
0.49791037621327083,0.6259698025859637,-0.23487405731049138,0.1544418509255263,-0.21649752111047033,0.7302400758751878,0.6426542679636064,0.32770541278729914,1.1046480008994484,-0.29528743800235546,1
1.0122899466473805,0.32241468086671243,0.8656381851048044,0.20988801943613694,1.0110631155611045,0.4278216131283217,0.7522331579274575,0.9002008258985063,0.7721388479787353,0.5053893225808559,0
1.0641001099840026,-0.10308272383035044,0.8171825289889493,0.12367704012804692,0.39540652593277076,-0.15474680927457163,0.1830849567489784,0.2258390933158136,-0.050021112599925976,0.19891172687208256,0
0.577895602175957,0.5721339948096568,0.8927158181733924,0.5182587392875969,0.4969423895625002,0.6308169006132219,0.5488168341598518,0.5618278762297043,0.1957014874537115,0.4300731310500744,3
0.8971171902093612,0.44390090780400104,0.7915730397800849,0.6132914232533049,0.732697345047669,0.24108722454484277,0.7140384074608104,0.9723568558414369,1.003295782487773,0.5689696955805856,0
0.7273496827267191,0.4811184759199677,0.6004562574896349,0.28091773764427597,0.1880635027043755,0.49599757652063203,0.9331210385769161,0.4329307122495261,0.7699573295662151,0.9139906997082852,2
0.06845021388804698,1.0177645177855053,1.35290452613245,0.8240816839878387,0.2618230560272761,0.2250077993895553,1.1177158853594715,0.6380385562114356,0.7182395920759591,-0.18805620827393255,3
1.0936987578134576,0.4664349531703815,0.8076992573257047,0.08564632074785601,1.145787987785794,0.47315833724080036,0.6803595685746421,0.9078229242141479,0.6888511238100951,0.49078099461874924,0
0.7387602077514075,0.4854944856622525,0.637939579159602,0.24187661290112863,0.14842840340083127,0.5493767680545604,0.985080341268001,0.4043353164971497,0.7099559045103178,0.8384809754651061,2
-0.035823023219584776,0.7444123697946845,0.17291175254032762,0.6260267180835912,0.4431014462057084,1.0917923170313326,0.4173157695271327,-0.04143243207448577,0.7572314071832704,0.132861810273261,0
0.8026805305990459,0.8668089068063533,0.7941135049091519,0.6840388909138713,0.6265108472478859,0.7753327024180726,0.07353432178048874,0.7786299409906858,0.557575133624808,0.6005949588234543,0
0.05072790193478071,0.9209194525918686,0.9309584465906159,0.35110064192463647,0.0422798416200795,0.4554840857470543,0.8103789419633045,1.1097850597353962,0.734591816880516,0.07634861749742719,3
0.2327947061594955,0.9237039890808199,0.42239298084192095,0.8417655660762718,0.8874903718224826,0.2818725767618391,0.8560272964744075,0.8586145646139045,0.27501958737723453,0.25329428472479054,2
1.0376836251989987,0.48982245447038997,0.14403595651025003,0.7768106421262483,0.7342169227372308,0.7687735649089877,0.7633207031548039,0.8828004676209777,0.9522214124111551,0.40594282395700176,0
0.20382579727980624,0.045025267458546556,0.7419885075292361,0.21478384379400883,1.1364390658570402,-0.1533624032345305,0.6806830733506056,0.8361515530411734,0.6397827475915778,-0.009112642127431153,0
0.8725469218480144,0.96332792974795,0.2694939023909734,0.22166279305157818,0.07028636657830689,1.112985084285838,0.03475431568045234,0.4656403936724569,0.0038463588643690427,0.6377840311736156,1
0.546853611300238,0.2763090402281122,0.08490548232241679,0.9814386480288423,0.42510793190178786,0.7776354918523902,0.9926718434022272,0.6687910650912114,0.5098315319800388,0.019775190064457895,1
0.9292190345024147,0.3215871854517272,0.8974315087895439,0.23140551658961211,0.9770350158440104,0.39784375627983015,0.7595840559521967,0.8432240418208106,0.7450016331996518,0.5504561120200074,0
0.9274778563256497,0.6728868509893685,0.4936737903853133,0.09397953535444226,0.4567043121830655,0.790275806831397,0.6560054994220946,0.56046264897373,0.2703939382699115,0.08758173860373135,1
0.058524813420088674,0.9191318321537092,0.8458542629204497,0.3161065863836826,0.15582400380256056,0.32961872217090993,0.745292770200759,1.0658942433596397,0.6931185136923825,0.12093929008582566,3
0.3327683488537728,0.07519844316648039,0.30826921668354124,0.022114113048611522,1.1471529290633593,0.2958156124720545,0.24493536426546522,0.9596572330845888,0.852507522854033,0.572573647612798,2
0.24987518729801322,0.5709208566887188,0.22795614060041247,0.18308326279737167,1.0968505152842687,0.3818004985442411,0.7862602464399643,0.20989641968956713,0.2938129774696801,0.7048806764728298,2
0.8544085153143968,0.3191399913562178,0.9844878504533802,0.5006134502115005,0.512795038195847,0.7083021706667341,0.2442356131573702,0.760933577285495,0.8680865711667918,0.8387524328152173,1
0.6678005692236595,-0.23714077726837868,0.6606109088821228,0.7543227447422949,0.7453205329354984,0.4765396282691545,0.11112020338929743,0.3533943320175186,0.2752337757825027,0.4513509168394956,0
-0.0991126382156976,1.111265169330131,0.8444994938755587,0.2960728824744322,0.2954298517823304,0.5156643182816582,0.7013097491856706,0.9162109936579692,0.6276428241794483,-0.059659534264137254,3
0.7525010997840657,0.6282224355468262,0.4958614395854361,0.08981265504498162,0.5623359431702619,0.012531835319162795,0.7993602435206638,1.0371370021075297,0.8117687079560318,0.8445570734455893,1
0.8383553480523416,0.15638079119851395,0.6394639803829268,0.09035743569225214,0.5180667894339542,0.3890317284330078,0.21985908813578636,0.9380088220408551,0.9232808053774604,0.8129777778808431,2
0.7788963529921473,1.0414979872663441,0.9505150972567455,1.6288716058447785,0.8532242848866666,-0.19742290966702075,1.1464065095822407,1.0674994529457293,0.6809202192308877,-0.39362347005699994,3
0.3964424764521902,0.1425279415224017,0.2409266584267308,0.7040722704246563,0.2502013919542088,0.25657983327444756,0.982643671650351,0.06259544382252034,0.796279793830825,0.22615839461363965,3
0.9472071224384173,0.650844303489568,0.8409383955575508,0.33076108380485564,0.6347370264465353,0.5484167701951402,0.39588181613816914,0.47486916363088755,0.372079742068811,0.6455225147229128,2
0.48777657116644146,0.7723925228461749,0.8307023851109431,0.9292092475994519,0.675600470790879,0.4451962824142298,0.4515919310143746,0.35177990721309516,0.2326949814556281,0.0705907466425048,1
0.7613350529153649,0.047240195903671296,-0.12029931296984725,0.06640484467258106,0.3420586712568168,0.5405674634471391,0.18434617338824386,0.7180749377501758,0.40858034768471907,-0.11170021354701418,3
1.002841056143172,0.7980030774217778,0.4807836413010237,-0.05140161421760944,0.40728320884685615,0.8424537592288389,0.5268553401310936,0.6498311350882519,0.39323949370870237,0.01107891879579262,1
0.5332416033904829,0.8056892517800446,0.5319923791914601,0.35345486778600715,0.43153113763239676,0.7946150218448969,0.15876567308899603,0.8230932484115858,0.3424379981838409,0.3904027795240954,2
0.5352876783787323,0.8029398757291846,0.5346630791257636,0.3574138339640662,0.4376427366458741,0.789544907152003,0.16230587105113786,0.8165763769694367,0.3529299721864806,0.3835885418610635,2
-0.08176163834002112,0.6426974495910445,0.23626847584234273,0.0900807512712403,0.1478726375391879,0.41749788030476953,0.3981885239314703,0.19545269421896108,0.7342607773557106,-0.17395097745236587,1
-0.006479313579272339,0.45809855465556526,0.25805569234197023,0.1678070006480112,0.13258458909593174,0.3338735596650433,0.7502534580369126,0.27121499164362384,0.8507254084305814,0.1603521340525565,1
1.226236747635913,0.04255373836791959,0.2976632130535879,0.87805249626638,0.5237129835985218,0.9434687123705234,0.8045040911582519,0.6103323346892363,1.230404910775884,0.29064409186758666,0
1.1786026134544252,0.4156807053892173,0.8449304780496286,0.24535431652234307,-0.10751884214513852,0.1973233063243361,0.2952348646742706,0.6853184200921718,0.8157075492439847,0.9610178806620044,2
0.1336753296761286,0.16015470291557599,0.7981047439412076,0.18200992015786155,0.7129581354379084,0.061055685427407094,0.7922310378754346,0.09628788978443104,0.33095530698360104,0.7448370850003376,0
0.44130573730081,0.07391389015559807,0.9765528694205214,0.6989066520221208,0.6662880201885559,0.22342202329354532,0.22189574103989076,0.8759621746132928,0.5194518718641576,0.309055070909247,0
0.8690923104900198,0.6852012074704121,0.686025861733571,0.5860056586799839,0.3944813961353457,1.1352210904972186,0.049573992943066414,-0.020133223519956722,-0.14825432865987287,0.45202665136822223,1
0.915441860599829,0.41998128946518587,0.8423859077704727,0.5805634838956838,0.6622222008658879,0.28748974975094077,0.7713261819704202,1.01326233908848,0.9326839160383933,0.54577102549509,0
0.018630708865622236,0.423448488641218,0.7194774030106755,0.720924640913877,0.18760737878826803,-0.23913981837192894,0.033692373923742136,0.30846870813129496,-0.23859827121337746,-0.07925005605309765,3
0.12411488881919719,0.46096678386610107,0.31567352398601833,0.9500918501354484,0.594421501909125,0.785186946477949,0.35115677531548783,0.0692339697323831,0.17495532375550063,0.052970938264468026,1
0.12764256534632668,0.8347304885143845,1.0618974983998266,0.5541423687537145,0.9816908451130542,0.9164294805550954,0.950317781250301,0.5200216477926465,0.6960356743818229,0.8377068869427294,2
0.3531432205976422,0.10626572582881258,0.7254287277609461,0.9163844733815802,0.7086775903312278,0.8511277682131354,0.5390945105802255,0.2008996206559583,0.5645851809242591,0.6631723819154726,3
-0.07923648341405243,0.3320385704172262,-0.025177135718506993,0.4322415696390345,-0.17697438549333128,0.4151889439431358,0.9943861818444077,0.43840080326226466,0.5309065154885043,0.09692719832539332,2
0.27951141816629305,0.2848578547088962,-0.006896701957250444,0.829272184687235,0.2991157737798042,0.8752993493668796,0.2455969312404715,0.6893484256788154,0.7859095615676244,-0.4965020533672452,1
0.2086448136808124,0.7170753572255093,0.021695774235385122,0.2510994186084004,0.0764627018345684,0.4162985623499502,0.6302271926037946,0.08757498077430663,0.8637165408102417,-0.0566633725263745,1
0.45981197426115444,0.6506135304226028,0.8417496520328938,0.9376830809558172,0.20969883576646517,0.15232430962436103,0.28318544060158535,0.6395267215306107,0.12871848905922867,0.21564809774370217,3
0.8459067375927712,0.17245609409779672,0.6572280798435988,0.06290270003660108,0.5271651464594617,0.38417325178437606,0.23794863679359113,0.9471849529802996,0.9612168108373129,0.8219060480231052,2
0.9463793004109012,0.2844446179805392,0.9423692862651606,0.4389790308758405,0.5337537996499554,0.6935902664158616,0.1848369991195583,0.6894486931192728,0.8522238710460549,0.8243093835775375,1
0.023250982262151706,0.12815732664161075,0.649829979694699,0.28907208815958746,0.007008080419947927,0.24924666668355325,0.5541144683216367,0.23027853361098383,0.685469431656386,0.7656836255403003,0
0.742483283361467,0.3575184915633465,0.23205275418362237,0.8402869936062671,0.5792520771507077,0.49847845424812104,1.1867502198585385,0.7868329444251478,0.6912646965625959,0.4752835980815126,0
0.8833221388037101,0.5702725518707279,0.8502533371192164,0.5897880288001035,0.2827790862522629,0.41895451202506817,0.6563304704595537,0.8553617125832018,0.10511417164625839,0.09829358706394516,0
0.08376025968967059,0.5463965945435968,0.467006835072213,0.0705136043799119,1.1825527183041753,0.5331814363344183,1.009934547650816,0.2958315252456738,0.3200122491136836,0.5601428472283011,2
1.0999384962445744,-0.5945309713734744,0.920776568347994,-0.30526505441507257,0.04812849176207429,0.48360508026661947,-0.32168117259684226,0.46259825988516945,0.23935271414545928,0.5371676912169648,3
0.05052544728219026,1.0047619312196225,0.7968476670765209,0.3415711218266162,0.617370260148147,1.0595171045460627,0.1764128954041833,0.7713260017568927,0.10789362908593038,0.12284019305890898,3
0.3665541707236532,0.25823077069601896,0.7766140957169054,0.8564109752623307,0.7059156338824829,0.7430333383000787,0.5216257580060137,0.1727335971340074,0.5187403885450244,0.6276800969783182,3
-0.06232219999175509,0.6849850390527086,0.23913025084422548,0.6461743785939106,0.42578911450717816,0.9920320556550832,0.7427809206111513,0.16420100677377888,1.1137264590611191,0.19709127147133665,0
0.7851998555992536,0.4022328205936259,0.8845334590065543,0.421287128010319,0.0974741357049987,0.3850688285149723,0.8059697413721325,0.6614993925330651,0.2541575199952825,0.160141677137927,0
0.30581331836143766,0.2591936214175224,0.5272222628518839,0.02586047470842401,0.4868494745487139,0.9017781474621261,0.40403148959502605,0.10205651778579176,0.8464560235614197,0.6130809555104346,2
0.49683113809956003,0.4707715352499434,0.36431195349070544,0.5825932614063872,0.5848130008495508,0.002821243643428284,0.5187300239434768,0.43830220205830994,0.6958605884769407,-0.001435298561667936,3
0.7285828893083218,0.36111789082402374,0.8918405560774729,0.34860695800275093,0.10051248204988465,0.37771092093361575,0.8282985054451376,0.7025128492660504,0.2511201233564334,0.1924078138651061,0
0.7699820051783678,0.2638033252495398,0.0453825259146024,0.7858531037580341,0.3543154407115239,0.976035165998954,0.8788432757411397,0.46474762690150795,0.5768791094264157,0.6722424237914192,1
0.9230155430761297,0.7126808872401144,0.4548454223602049,0.06730808157346975,0.3676996589584732,0.7468637258653577,0.5894299924577371,0.5907706239670579,0.15218505421759942,0.05211235385997466,1
0.11949624478470791,0.7461576303326133,0.5039311481514065,0.560869706173326,0.1086308723893842,0.8468734454222197,0.49760915381607107,0.7170889805749453,0.12323648119008399,0.7687964871761591,1
0.3053932803755453,0.886645849352201,0.39563063087842854,0.7770321262819201,0.8879929000517383,0.23435071609582592,0.8942074121102592,0.9701887901087339,0.22677833478339893,0.37384328586637966,2
0.11630409561087793,0.46790908859038227,0.313498498327841,0.9522526649221409,0.5972308449549141,0.779002555804084,0.3587947626739024,0.07436387822048929,0.17028579861947687,0.0548654572036775,1
0.9616593050607387,0.35038823656474255,0.4000974319285558,0.9740886193884369,0.6635604925422242,0.5366527475393267,0.9969907775029588,0.6258844009350477,0.9114999743011013,0.4302540903486351,0
0.4088662090433273,0.008718805400713237,0.4147345564832714,0.6582915709704724,0.09803499944691352,0.15622537451260815,0.9628506577625026,-0.04245258548564017,0.7593428542119054,0.26309435497216366,3
0.028275747348956992,0.6533360392878446,1.1112896939992865,0.47430600626312136,0.2244616365122375,1.1427531054698385,0.2059824514804816,0.041306305210065085,0.2517540126761239,0.31407533532270043,3
0.5405456727566633,0.7970397143763489,0.539636807679529,0.3526460963099598,0.44116082948238067,0.7931972233060155,0.16568883481750277,0.8069608917183746,0.34235539003761734,0.38263977668069127,2
0.8300643649196803,0.5393815721062959,0.6837621818893361,0.1708366249020254,0.48427802914425083,1.0379787524632533,0.3771691267320252,0.9101793951323439,0.1941995449413183,0.03176754436684684,1
0.736091323870357,0.18038257053965043,0.6436821568505261,0.4312631639140755,0.23810156989893067,0.12463620917898076,0.394350998774792,0.7718724681833071,0.6680858277333188,0.6405833983033038,2
0.26416205391524156,0.9158530088895382,0.39624266716981454,0.8245944063563312,0.8258389416181123,0.28227809513947943,0.8683504387293869,0.9573001806611909,0.2449339071809801,0.3434960079476207,2
0.7599626380422012,0.459501789550905,0.7739332513905179,0.8062367050583359,0.3365082878329022,0.3797430323381622,0.27679194595712303,0.7699167269261842,0.4389658127265841,-0.005925451518896008,3
0.49013597489829713,-0.07958778465009572,0.978601446382288,1.0171706869943924,0.40607481585365207,0.5782838892659906,0.21217792761148763,-0.022339714799957944,0.6033973505755637,0.7270463808313573,0
0.3881643712347656,0.36173769897102304,0.5891760960736532,0.7872485924826231,0.7251156190799213,0.2888433897404764,0.5757413581412646,0.41236638675896076,0.08874980899411297,-0.2913002462216445,1
-0.03814069303912637,0.11444057672031312,-0.1773171252946668,-0.20755874011588993,0.7754252450414512,0.663787931863955,1.2398842545219915,0.4466307802884318,0.8115375809878143,-0.07597344433853587,0
0.7889649400106162,0.6369612123428835,0.5082107695956233,0.046663816284693516,0.5390617089899843,0.014040791504394337,0.8071357091478515,0.9877942168917596,0.7989452419090943,0.801140047732052,1
0.38309110280107883,-0.0391254403252243,0.29063699243419633,0.4926146328188482,0.6716283550456703,0.5814024475307802,0.16857727496626254,0.3225415262113297,0.9653804437196991,0.7316978920193541,2
0.5289100503264852,0.8027758628970073,0.5390583654162981,0.35685109975742363,0.4382767526204783,0.7916020049215026,0.16353025069934926,0.8123886510350321,0.3464699829022295,0.390748826155166,2
0.06857626419699506,0.7452955569809973,0.5900958862775145,0.27204046758924094,0.7256346790020007,0.32886208668935585,0.9815650786297421,0.008122886854766753,0.13956970779973557,0.9600111462997517,2
0.6448843029943935,0.6872409509812545,0.8559201786923645,0.7443279826556415,0.45306856146365065,0.5787947939137411,0.7565855332853182,0.7197668246047881,0.3560771045316466,0.5775594257556372,3
0.8631426573978286,0.6917602941199468,0.882112855792822,0.4070102480403781,0.7344237654133222,0.5830620554208908,0.4514537267086494,0.5170092617771964,0.4650393823910266,0.7420240869686247,2
-0.26399699100029406,-0.14717112380220476,0.3518892189412534,-0.352736597693986,0.5296738437501367,-0.2714224147365978,1.4055158256303952,0.18539799742310348,0.6779894215508624,0.20949899765909852,2
-0.40420183087788275,0.8225465984263665,-0.14669519178901314,0.7042457254258069,1.2991713973758605,0.2699598397565117,1.4852257279931076,0.028630357326249967,0.030065464174832357,0.22949456591478307,2
-0.008253467830544918,0.9196907286510709,0.8611436411094674,0.35505263156018985,0.08212259228634564,0.30728708343824856,0.7884534633632181,1.0284894673095362,0.7805289865296117,0.11860852487390135,3
0.8745619006541381,0.39020795196054775,0.8019592763165124,0.5601794615301324,0.7222014346160256,0.271106246966186,0.7307322113077145,0.9783919589610486,0.9943347257545642,0.5222539796032991,0
0.4048015460075647,-0.632889968797059,0.82752359554679,0.6582993258021723,1.2801864362435897,1.2175360584509636,-0.1766697876028249,1.0503092639078808,-0.1149784529780764,0.12728562224867457,0
0.8862180251273769,0.4045470432338945,0.8205325630871827,0.5727559819963551,0.697730168105308,0.2730861682097012,0.7320921808253117,0.9748288055035014,0.9916600517657138,0.5020862157873995,0
0.6493451366546491,0.3181408947521244,0.5653884267717769,0.29245427326918527,0.7606967819243975,1.1975026698176325,0.5530936780807999,0.744865666282506,0.10159462161870325,-0.003948392206756912,1
0.16130226361843078,0.18688548603033525,0.8006285077612558,0.23424452995773698,0.739405986276507,0.1438150291725659,0.7924507847570493,0.1349647020005787,0.28758378778528276,0.7986995878303439,0
0.4544872975869997,0.1584320475663066,0.3237125195482784,0.7640986247919661,0.21957566434963735,0.30298419403721427,0.9569655677271387,0.04390441826616716,0.8266371817619053,0.17104346667463677,3
0.8506412064138121,0.8225573493337646,0.870804965663815,0.6438657485799956,0.6001676480516026,0.8160624191856046,0.11829728393068877,0.7542611177021371,0.6752514345010198,0.5031062868360165,0
0.1057252576638125,0.9069469512998148,0.8568804813430009,0.5701699926426904,0.4517754967312222,0.8992679167283723,0.20803958038872208,0.9598642731027779,0.02670992077209546,0.21796908455335418,3
0.2053201896928889,0.16903157820063724,0.792323175104114,0.20187927381048199,0.7134851624903393,0.041307774155593065,0.8137589757417036,0.0831231026752386,0.29605191594842806,0.7905837490247563,0
0.6377485360363329,0.7911990394077885,0.09603654715571869,0.7174320752940037,0.5254451973344993,0.40827162479161516,0.5655912123211454,0.05307060424102611,0.4706973981447367,0.010498661439369433,0
0.1506736800972597,0.19438639028988305,0.30462530514792485,0.6989697646513243,0.8170688748961441,0.3141683655122225,0.4996878229329136,0.7924963256619061,0.6249518793613822,0.22433441138990096,3
0.5573565190900448,0.4372305713422989,0.6341186852698956,0.6667911639817982,0.14948841668321183,0.3825807379390592,0.0015637283908442878,0.12002823249088151,0.043527823034558405,1.089889572258881,3
0.5295715917189593,0.2897466323706215,0.07537296537248274,0.9999092199844251,0.4544751101015345,0.7937728833571325,0.9668428532086366,0.6510907849758704,0.5176874947916585,0.04791475272192475,1
0.10550831478363053,0.9183670315778556,0.8669444166427561,0.5335854128965302,0.4515686616824339,0.9121588995192571,0.16852452382668595,0.9867612003377824,0.038245990242303206,0.22861640247366977,3
0.9395740887269349,0.38090876241842087,1.0122086083002013,0.05660606574615251,0.3114895550645471,0.46787371066593275,0.9267634159856609,0.9707082868168051,0.5260502901861687,0.24190836515218217,0
0.5754396525352932,0.3496422135007508,1.2847221759857983,0.623362139900306,0.38564587550503304,0.9808075002481814,0.632936632580669,0.8376055122807169,-0.2975205033803452,0.1582159559649466,1
0.5332264300685964,0.79776493826557,0.533894073913062,0.35361403117312634,0.43093795684586195,0.790823399369169,0.15847019437944762,0.8129384374317071,0.3484772691303512,0.3934149019347062,2
0.1994049776023429,0.8456731217043846,0.3666571835262422,0.9047737829443664,0.6268422691419919,0.25022996725178825,0.8553737224080601,0.08594005238547757,0.45451022731356117,0.8643742748670489,0
0.08990285483114435,0.23581036129064245,0.2802017153410292,0.7768060904640965,0.8972220436603192,0.22605964460547626,0.40899640206945037,0.7810598865064409,0.61107908649353,0.3080266704928279,3
0.30723927377488536,0.1419410885294318,0.6577246565337651,0.851164341364228,0.7482200243352255,0.837837557185701,0.5293428994514495,0.2302125030777295,0.5431658900868936,0.7535998753377834,3
0.949912368890714,0.17875898017810862,0.6536447012057116,0.480289431725724,0.04734858812406908,0.4905694054429946,1.0098736337197423,0.6372559803124044,-0.05602235972830333,0.3386512704375846,0
0.12973631629725763,0.8630807444403712,0.8220214459277159,0.805021225229812,0.5243713661843264,0.7745555780626713,0.15111084303513295,0.8273640681027459,0.5876435352044515,0.6006801985706943,3
0.9030738437628215,0.8684679152150305,0.8814979877787638,0.5054066291850088,0.4692669922556464,0.7795401717301299,0.3595499727707292,0.7389529164520638,0.45925896908015895,0.6759107572947141,0
0.6722159622615413,0.4758765938355909,0.5851276341929235,0.08436918066937948,0.30188523843295273,0.9039539754179599,0.5242745805211881,0.5058567037733901,0.49160897950536914,0.05330859695730586,1
0.21467624114328387,0.22048810932469265,0.4929037168212128,0.8265184050921834,1.108670775163258,1.1223225825527106,0.8672686820985779,0.3259974719300847,0.4139308432981229,1.0472091940293313,3
0.1554682668866594,0.33198440607597607,0.29462919543923255,-0.03970535227687538,0.0224893612745993,0.788821024456343,0.8383877445000916,-0.0662208860735099,1.2476205380479368,-0.008100150434191766,1
0.3109583589755872,0.8599373357506901,0.36344190414494104,0.7895515151740563,0.8586955800909567,0.2601764720625986,0.866379044989861,0.9699026069207168,0.24318784483511827,0.38556009256046336,2
0.8440037854388419,0.19457533112632291,0.5401946009090034,0.5529007605725537,0.15566380983226732,0.11854705134565283,0.25648265174909285,0.9177744507187914,0.5342315174291918,0.606769976460338,2
0.7579205967293449,0.7662261138383049,0.9521646180947766,0.6991082945096033,0.5728425853278207,0.8108500099307967,0.12745711165801407,0.7917470095687354,0.7100238185918806,0.48447052992340056,0
0.7854563944158071,0.29780624049491716,0.8663098048025409,0.3114518398523833,0.9092357170603638,0.35593465824395565,0.7963031886407036,1.0181477032795414,0.6001934544000156,0.7150186543628715,0
0.14959249667222968,0.6052385308371102,0.013781880658215184,0.2519956210292349,0.12222161107163013,0.5009224758229742,0.6692557064512726,0.1729706539114063,1.0014000485562453,0.011452668840190257,1
0.8466785881145222,0.14801503206767386,0.653378384780346,0.06121667029224526,0.5100970880306819,0.3938255049310762,0.17489773362302843,0.9015324303663365,0.9495841063232687,0.8447440293010774,2
0.1612243744346692,0.2127235328144714,0.241923773637401,0.6808171284567027,0.817975790713219,0.24950671759071863,0.3956057746403452,0.7969304339284811,0.5985029459148715,0.32165946627659525,3
0.1546142544327678,0.5986955364310099,0.036026560772394155,0.24843750530558223,0.09582170386820546,0.5265743064095841,0.7074141180179001,0.14580245410139495,0.9952191020654046,0.02883968409693147,1
-0.30016018777284176,0.9720249517546613,0.5175979656829262,0.20518378700135032,-0.07150828912330556,0.5553975629048191,1.1846018130081177,0.5632917521862326,0.5924653940141662,-0.05500724359633974,3
0.15970798014497292,-0.07136504419175307,0.9220163711115323,0.15182199744903005,0.7886394447856309,0.22676655340511084,0.8298923380004888,1.0349716675197274,0.6102113755857439,0.1685209943505248,0
0.1865793619320063,0.1395552672989608,0.24504985324452075,0.6969995961560923,0.8993295263114568,0.24047037703878013,0.3928752605894553,0.8953634839967739,0.6368278151606219,0.2591743070750831,3
0.3430484677629168,0.23132068637976977,0.7777520135638332,0.7969533804594471,0.6968144775754457,0.8221921372956449,0.5687117037184534,0.22781615775544278,0.5010016089183581,0.7206411259938383,3
0.5574509594041314,0.9810948749296005,0.6408944180064307,0.6313757389681213,0.7285832127624124,0.5953145257446887,0.3092710623568078,0.5620754638118164,0.5826418516087262,0.19080704421542782,0
0.17138004582753608,0.7544894011076536,0.48941719925459637,0.5665840634698521,0.17514770130201093,0.8400727245104119,0.487889166520997,0.6969106808318678,0.07847142198816656,0.7365426764290216,1
0.13405218234129182,0.1895473803157947,0.27168745486404206,0.723605963181697,0.8662117299049097,0.2491277172806334,0.4403438307116359,0.8185836221142545,0.6290014926189114,0.28325552735856935,3
0.36129905347078384,0.39676722005530196,1.1243950741369426,0.650349131784064,0.3560733785323619,0.6991288691477691,0.7206995285858828,0.7684894940643985,0.3895040421489986,0.38948034055850866,3
1.0341674815048787,0.2215549301023649,0.8366509590257438,0.4796762792381999,0.589389504466272,0.6996042023260278,0.2407805444583265,0.675196229920457,0.9423000650589345,0.7881949900921683,1
0.8888768797399431,0.34748665526688244,0.881866663341995,0.5240009758869988,0.7802656929271399,0.304718246093935,0.6474025343811668,0.9632330143168388,1.0137578844925283,0.5138085043382626,0
0.9433368493807519,0.7660986612916783,0.7350764369987104,0.3107593744552033,0.6815800797949331,0.5434303691920166,0.3058064392648061,0.5614351923403532,0.40094493748557425,0.6886843112761454,2
0.11844105894409186,0.46755491829923745,0.3125828740813776,0.9532561030958153,0.5971488098084764,0.7804741186495306,0.3572240759678439,0.07544687211780805,0.16966435695735724,0.05596319358020068,1
-0.12854297872982817,1.1629156521089608,-0.12151393261407795,0.5236283541581991,0.8712617217488468,0.6018392586613155,0.3130847459843285,-0.30737290817350327,0.5295021840817364,0.630612842576491,0
0.12220199610239024,0.8646178322691357,0.823858321115297,0.8161961143211551,0.5360661257053357,0.7637639477035059,0.15939828362941136,0.8221426392154129,0.5869409479281724,0.6072934971151057,3
0.8315093281669936,0.21272702936878735,0.5349189681195416,0.5354447325410988,0.15934159722957417,0.13359628988030847,0.27279928276852844,0.9228223835341488,0.5094231615763276,0.6091850129478987,2
0.3456841975044971,-0.12182293464278818,1.0428721404602785,0.8681797181410444,0.293865534769362,0.7459405082009538,0.1712541643385301,-0.05546836740002359,0.43795566461417956,0.5692839672920212,0
0.5327332939126103,0.8055420098612635,0.531346070988251,0.36077513264899186,0.4361776920843689,0.78778584802274,0.16386552185165398,0.818341879940651,0.3463945606135584,0.3872073036900625,2
0.5877433173127415,0.05128350226353723,0.7071576456362884,0.6432455465810938,0.4019219806488188,0.3882279172517125,0.009535291900883563,0.6947304582869068,0.31914242375014107,0.5418065254643906,0
0.463951742584492,0.6025928343615621,0.8397914262517296,0.9624899629386712,0.24172506933674204,0.15557670537517249,0.29947643962084725,0.6229438142114009,0.0960737406562106,0.22018896915970254,3
0.15128335526825587,0.9385266409105117,0.856385558990328,0.5612852218287904,0.4205775094619138,0.931295284949239,0.19274652928922206,0.9326043494944991,-0.008938336227065944,0.2698660941956509,3
-0.4709006707167839,1.3432741662754435,1.0543705918068764,0.3162039076461255,0.23875246603619218,-0.182930805122285,0.7275604148886688,1.1398662468943568,0.557070542578154,0.28130874089449137,3
0.02580005406763764,0.8737486590680434,0.9223744006505318,0.3274506159190419,0.08073757524676084,0.3407042794527761,0.8086671576641187,0.9762673374912588,0.7508776773998919,0.10455941359540286,3
0.6434074877335492,0.1757113469624622,1.0860086827437676,0.946596095227176,0.3682487977172903,0.8082824139282787,0.07197433190337074,0.04634906909220197,0.5946384148456151,0.5658500189209933,0
0.9062045162942448,0.2333988533076301,0.9377646352405897,0.47618152493277444,0.5615082482018225,0.6473287091936826,0.19671183741658727,0.7271822691001946,0.8550962264531319,0.8760772794325047,1
0.825731602119623,0.36858910983474563,0.757522783397368,0.5764102906788072,0.7533322763913263,0.24944756537727775,0.763145624296576,0.9708912694273651,0.9826817414178606,0.5500740757969037,0
0.639955899467066,0.6392253153537738,0.9627733241553453,0.6652248603311982,0.4809497935216017,0.7839475016910692,0.4901158436468821,0.6966528358676225,0.2700392041123759,0.5468567059549173,3
0.6130664241528083,0.7174074713479738,-0.4275124742643667,0.8409861791280807,0.793673009799243,0.7510418446343036,0.9079462120368796,0.12618344309427587,0.8402530363021172,0.9366608447921445,1
0.3629188923660347,0.8252904903222174,0.46028900189058847,1.078685168679323,0.5612671880496933,0.14207216870218906,0.9139474148716811,-0.06286988814261218,0.4155218037147873,0.6473659356113021,0
0.5266064323479612,0.6230893989725665,0.8473164598273457,0.5571202088930278,0.5031487112594681,0.5813431917129716,0.5579573628840455,0.5736661530432247,0.13953609765978886,0.44865454376689207,3
0.08737622207732175,0.7720471890184692,0.5114491021694303,0.5006036211051305,0.11175731418808588,0.771584251219556,0.5159626267960554,0.7558067568735161,0.04934268630870429,0.761498959554382,1
0.37658846587568917,0.8689044433788263,0.3212938093823031,0.800412204763493,0.8265015954903513,0.3236415323225122,0.8253383692834558,0.9559765539812652,0.20634465679377628,0.4339636518923233,2
0.19055129805906756,0.8650015130640268,1.114174906360557,0.614879445465889,0.960303331237272,0.9427226703146157,0.8331435840106153,0.5135962377897544,0.8247196143938664,0.8964686568496371,2
0.9369978397737256,0.4198852056786989,0.8616683467360772,0.11680347417611053,1.0244663916669516,0.40424509182799595,0.8248140618804645,0.8576514192486855,0.6638989316326706,0.5705851974349903,0
0.9896339755734822,0.5677638023552029,0.7894255721100878,0.5759455286436892,0.3728801406067126,0.7334514204334126,1.1996203766504656,0.6491312118235223,0.5363404953951874,0.6349795556538738,2
0.6035672707138174,0.5452588123654911,1.1307457889219974,0.8908932979766419,0.36416287040834683,0.24036826063614317,0.6620376997942063,0.2660174905500629,0.0524004652795691,0.13920102739577514,1
1.0244929707246229,0.5447124726100732,0.6181566758940678,0.9107935819337767,-0.1383072598290177,0.4826751486543642,0.6518611440075015,0.8921181051049839,-0.728184759797379,-0.2322693375882947,1
0.525321247602425,0.706103937006171,0.9073848746113482,0.9511827326328306,0.16847396388612595,0.19527689730776993,0.1698342088016323,0.6407847309848868,0.1336221290527206,0.2286961508349649,3
0.8716433408308064,0.9138693117453602,0.45967030159976263,-0.020891197670609374,0.4015714006089136,1.0796572494348173,0.6743426228554147,0.8475604083546633,0.24395122082788354,-0.16960648773831377,1
0.14476047973496756,0.3727497137968285,0.5528495182280763,0.6446277752568653,-0.011331020583192658,0.41410895915476564,0.49922835639967494,0.745512990456341,0.4229766250690126,0.8500668898701448,3
0.297868763604253,0.09027624938517255,0.6007302153380735,0.8544478852276586,0.77891953320605,0.8223767366385342,0.5164496918450582,0.21795259014067858,0.5284272729399051,0.7093201335645631,3
0.8401437553222056,0.16162439142123666,0.646291280519952,0.11064526633524012,0.53824232717093,0.4109025528309369,0.21277075568053205,0.9435204567293043,0.9488064220689046,0.8124587384680867,2
0.2935162897311683,0.22452367444349575,0.8188004440641324,0.7970893534291874,0.13926518389492842,0.8046128806739303,0.2757259304655174,0.26594099282082095,0.4024674283019023,0.0651378027118436,3
0.3554386164276797,0.11440871611902911,0.6628966711526942,0.8510969034752344,0.7287636732221334,0.9773496228255709,0.48765521815454316,0.1063336055294953,0.43394566907154786,0.8279360661792781,3
0.3429656527778805,0.18392136420280492,0.6155064306718235,0.7065395311196325,0.15182315638530647,0.5395865441941562,0.3713569566083689,0.5523131795225391,0.20007727249352672,0.7479640811819105,3
0.22088452630491542,0.04500602303938253,0.6452614061852254,0.6511675666912053,0.5923483711397882,0.6038320547479239,0.5483446308614669,-0.003849050453382963,0.42308112438975154,0.7213387384237634,3
0.4096943101113962,0.22722199838931179,0.41718088779425094,0.8411330637905567,0.27140680644651294,0.5395882738511184,0.523810964227369,0.3681044644195267,0.37830771039919253,0.5526917166409813,3
0.5352163982413247,0.8043837207604827,0.535122508955724,0.36138172724722184,0.43890590399028584,0.7890287556766867,0.16395655220633162,0.8153883035502423,0.351537623262417,0.3875313873136752,2
0.7780183069085169,0.9070569192148804,0.7595178384155703,0.6542307760149707,0.625506575510666,0.8859599378814768,-0.00968520935927858,0.6037580804076275,0.5824872573938281,0.6088773615934201,0
0.14394602744827242,0.5965031852332981,0.02522183582280011,0.23156395709168864,0.0844907154523061,0.5127353369160494,0.7176299675760233,0.15679949009677918,0.991188488006161,0.037031994926859574,1
0.7795419616499981,0.9676435328254225,0.18806257060796328,0.00523982786222256,0.5591630002048129,0.7430845464763579,0.37697973159168446,0.3802399740946124,0.3731052233023001,0.36310928739450193,1
0.00027026532759011346,-0.26668785353530755,0.38427985076523097,0.26317207283974475,0.09479277812632547,0.955213454419624,0.4937571956931773,0.6901292943331404,0.9802496947340056,0.5293303694270326,3
0.010465746333887383,0.10141495650038489,0.6212979749628391,0.2733656683387212,0.038382495854529484,0.22556037802682233,0.5690278445710627,0.22743821494120803,0.6826500077766837,0.7736573268911955,0
-0.10915210755002674,0.41991540228409974,0.4933601183899856,0.3983646805483624,0.8287611407418514,0.6986176314426209,0.3078419608161217,1.0988720553050664,0.8463658427742264,0.4560381865827219,2
0.6036832875241435,0.0843658139062212,1.059940315860592,0.9567199923053775,0.5720246238914839,0.6902451313349816,0.16012285878663465,0.039600315888232346,0.6174270281780523,0.54545866506005,0
0.9762902772288333,0.6659374245786062,0.82912109422803,0.285759978750163,0.6434088525042817,0.5342797385077565,0.3661589051158668,0.45344672131159464,0.339817524411001,0.6835505846894104,2
0.3135606960778933,0.6179619550834423,1.183929835115594,1.2654685162636659,0.4836627156602563,-0.024013503029892108,0.05265032553969343,0.6369566710675227,0.16509036991035078,0.45245938974693417,3
0.5694289193679124,0.038280307096585565,0.7579606006062618,0.4223865290206522,0.762833459710507,-0.132146470240824,0.8141247981661703,0.960883051235243,0.9238113477142489,0.3651419202914973,0
0.28854508156056635,0.7297363121658191,0.286697901974975,0.7068764137157814,0.9775333942986068,0.2942646892670072,0.7590068026518112,0.9271776104163189,0.12281153002551691,0.40358959020284824,2
0.857511138665232,0.4348608086198516,0.8559607387464271,0.41697318144784534,0.14814044690807748,0.35206012403350945,0.8188669236806844,0.6946682862673648,0.24902918660631804,0.23200617878695495,0
1.4228690864692604,-0.19245923456850367,0.0931900892139691,0.13424496228420946,-0.21588815036094872,0.18426714896072577,1.2801605115827677,1.0607955198733714,0.06318552687435286,0.3640693511514026,2
0.21164165585308245,0.3905009212645686,0.8477551655946921,1.2054611959418293,0.22824919376166564,-0.03787405480497347,0.1584988102995336,0.7531778286923556,-0.025169865021652166,0.3925082491580617,3
0.19406647418728992,0.8721256717552197,0.7660688163299165,0.20786414714449578,0.10379798991582358,0.3534089409445057,0.8285885543819543,1.0376729438852965,0.6190845280242988,0.2263061558026906,3
1.1177678315705128,0.050134137906255094,0.39065564700488004,0.9559766953537107,0.4413565744928297,0.8469643667668134,0.8958035845644219,0.8196252711980361,0.7412072645166594,0.2932686903048032,0
0.7777941180924459,1.2544787914555675,1.018394775821569,0.14750385772564262,0.8176408674504033,1.026868878366747,-0.05950554629913474,1.1988872827979147,0.7891702190257716,0.28833095118609675,1
0.4809096648918908,0.5674966462135445,0.27832154324410446,0.6023192183424073,0.7682195942929534,0.9554018061118343,-0.01158757430431697,0.6300509791430287,0.9891649466535335,0.142580478393295,0
0.5303534611303661,0.7935729002193426,0.5365743613335641,0.36065519397672974,0.4434660398882043,0.7985307304387635,0.15481564244560794,0.8176991804874371,0.3382793623195366,0.3906412459233216,2
1.0543889287954484,0.3674769600780493,0.5133177940948701,0.7703805467883095,0.24324899681378293,0.15543043816153554,0.4515604675309621,0.8193629124417938,0.3831845757947754,0.6342419828202286,2
0.3285196880691073,0.844289410699514,0.36530755122370767,0.7683299999723573,0.8555649367927098,0.2836153428231615,0.8486641043749209,0.9533090147127778,0.2434952713161587,0.3980816620899468,2
0.8830461151491303,0.41415194365634656,0.9333491114235188,0.2626428712346869,0.9542189557334021,0.35024777865144,0.8024130069318883,0.949391171886628,0.732377634146317,0.5767866349832627,0
0.2739615330439987,0.05684634640462205,0.5675601092577827,0.28771496034396726,0.7914049947592258,0.7400072186976295,0.6072270277113495,0.010240611266598032,-0.1557615145532531,0.1456575466974031,2
0.5629915919051667,1.1293011911134863,-0.23048511301999508,0.3140761677842349,0.08214105957944098,0.9807838322854738,0.8219705092924768,0.615408232665681,0.9958772335533573,-0.16422354643007298,1
0.6193368541778796,0.37727147142116313,0.580847227993406,0.26093885184572835,0.7854835500053982,0.7159620876836463,0.35773379314092835,0.7386198588602051,0.11000266385666274,0.1415087973567078,1
0.2455413070867094,0.8434960430609022,0.333904571390456,0.7670171227800964,0.8458397108394033,0.2181738971287554,0.8104601047482713,0.9691100611695811,0.31472147937230316,0.3408239926487254,2
0.40150202581762157,0.6360558573708641,0.7643198248646186,0.858364657982721,0.12957982237145382,0.02852214465907832,0.29924216347988125,0.6614605880505231,-0.026318381004091312,0.07699626039283869,3
-0.009592466160281699,0.12527052033670516,0.39313594264991647,0.6999763610786289,0.9569777517045969,0.2819847825535055,0.5825781094444997,0.7121163721572407,0.6857704061880812,0.1381432709811927,3
0.04380124992774379,0.606816244651688,0.1804085401136305,0.9659366649361183,0.0046506631430498525,0.3503901291802739,0.255394842727479,0.2609259331666004,0.5310777148092546,0.9297916678256366,1
-0.011071727803864444,0.04253353542552839,0.6728900558271486,0.3007417179392201,-0.023905357737740045,0.25784561913934745,0.5964387661718145,0.2699519794790961,0.745060724285983,0.8352805665630787,0
0.25537280017069386,0.5992510228245493,0.9901296504278259,0.5704484353430834,0.25729265150948,0.48336216337096527,0.7631527224795772,0.7514525951795352,0.7160935999035015,0.08851798322353094,3
0.7664683917440771,0.4219920297362271,0.9309360902376859,0.36340015179209,-0.019978687552757918,0.42908489094553903,0.7206020883395275,0.6214936177071253,0.30980184741142786,0.17702597604643888,0
0.9176050001986247,0.23384271810580418,0.6950708860703115,0.11308618143604982,0.012875476531982483,0.3156766864808802,0.8047040469582416,0.35703462360355115,0.8568501658791403,0.8481741375932669,2
0.5048334131836423,0.15134745367351932,0.955545532970771,0.9176842456035512,0.4949857910164353,0.8024999395622633,0.25302734259597054,0.16519878742456845,0.5883775492833966,0.566212522110078,0
0.9539360284756067,0.807564294471714,0.7499780823207781,0.029236576250722623,-0.18394247718423623,0.6218615235169704,0.7891584027963643,1.1603216236086347,0.2865590687130425,0.11780871798797633,0
0.12316244541761957,0.46785752728454155,0.30815058843081106,0.9602183897466924,0.6037684899780587,0.7789313102458285,0.3616849688442995,0.07899852246896129,0.17878168184959484,0.05615932523426251,1
0.9248956803917646,0.14805837981776437,1.1271010577158704,0.4115724078731065,0.7157405551980633,0.7806019253336104,0.4309314467455266,0.6113982780009547,1.036573750273609,0.7286592600543524,1
0.7601996038002414,0.964253690995596,0.6535787609529322,0.9282746817698743,0.7276749767983457,0.2187171243689188,0.7153032575195535,0.27020037983326506,0.2070126890793637,-0.023021885133907002,1
0.03855921489310406,0.2746698230984578,0.3321284059922938,0.24347005345655282,0.9882592783591558,0.5501887793926379,0.22066462501285355,0.8492324858663854,0.8554350453209051,0.5663446091419054,2
0.830695167142155,0.16487995572688782,0.6533060805328309,0.09797474176763127,0.5387723403278541,0.373765391992038,0.19314510899651846,0.9252821512577197,0.9379459476901588,0.8046984317338097,2
0.9593364382531897,0.6656336654547945,0.761688168309919,0.527149190619087,0.5507429027583602,0.9129571411016849,0.19014020377008356,0.8260383937396741,0.5456581923737667,0.49405566373089105,0
0.8079920274170758,0.883431987381805,0.8172760471836181,0.5465192919510912,0.6984657051971724,0.9111297656347823,0.15312674287783481,0.8427724621628672,0.593556693867467,0.47001724066757433,0
1.1277497010295434,0.1228223936757416,1.0721743744968542,0.7096280494452588,0.3634539436479929,0.43957130329636346,1.0581623556366486,0.9218213990186749,0.11539972419004924,-0.020098205696400973,0
0.13527805803897802,0.19410206088519444,0.2654234663833474,0.7514527883837777,0.8894817841985828,0.2655651263751365,0.4679764916780482,0.8084578894575678,0.6586326733374137,0.3095134706787792,3
0.7435032233179228,0.5441585297238604,0.6730002584063602,1.0075339918847497,0.5937942087767395,0.690092630567305,0.5069782228590731,0.31291913194973153,-0.021564000472272693,0.22899118359525988,1
0.33154624841228103,0.8871529290929582,0.5482989231137263,1.0705308789665922,0.2564096460938964,0.11218159349636966,0.2866685986793282,0.8351094403556458,-0.03175223972030922,0.38277117401694444,3
0.00797093077933133,1.1800995502596452,1.017107091376811,0.49606746946535824,0.3802972301567735,0.2567002511722414,1.1392885662596643,0.5117098628030892,0.5899192290715358,0.19828044636398978,3
0.1138676250067569,0.18707540031395453,0.2703505475197136,0.73318240549688,0.8686520702188028,0.2639939798201396,0.432434273536905,0.8109225988665903,0.643262066290743,0.29924830329962765,3
0.15393875581311692,0.7284767225426251,-0.0723403653995736,0.08095751597778322,0.009261700700215425,0.6020591726752692,0.6633961133002754,0.36212074865322585,0.7574190822032976,0.16704587173168906,1
0.08794709031938985,0.861618654478757,0.5101012883920741,0.6100589405216199,0.13724241574029045,0.9055998951774082,0.529242122015127,0.6781950951494613,0.08625999042728472,0.7717990355575897,1
0.3491032476681782,0.15459479455070155,0.8484598671059711,0.14840851433550278,0.9067300130563065,0.016207065403774056,0.7276485644748644,0.6927558947300617,0.5389686362459583,0.1952412484626319,0
1.0030727043733658,0.6205555659850548,0.4664847508938476,0.8056422290984835,0.7594618529518158,0.9601665611242689,0.21095156059866382,0.09337307230980801,0.1323447728267772,0.16137149215257374,3
-0.26543446301084944,0.5006318025545424,0.9612170651803066,0.3291070901516786,0.11601172624650155,0.30435607338037757,1.0919892906563664,0.5760154842366609,1.082547135891541,0.26009487154886873,3
1.0329510936392579,0.48469788612666537,0.6004490945128738,0.24366772236344003,0.775527121751555,0.7223036113758041,0.6373496746703579,1.052908609264296,0.3950205791233194,0.3057787356173052,1
0.624876232220775,0.8067003067381628,0.6072320343477181,1.1913904499440349,0.286873137962786,0.1697151790605653,0.5304868120308217,0.5535023901212138,-0.15852399906820447,0.26433284266198764,3
0.7802123938998735,0.32452629615053485,0.05868806074399523,0.7580937972097856,0.35354771585692435,1.0019598877186104,0.8497001612655682,0.4608522610099639,0.5582929591916754,0.6672725265225173,1
0.7380522628954693,0.43825608512960146,0.6353600774157175,0.2646537502936867,0.15235756037316286,0.5318641877893778,0.9551216094461842,0.4049110613249756,0.7456617309344334,0.9021536200931435,2
0.3277808903264111,-0.0010756314842356868,0.9144533815133125,0.06463763407953393,1.0079037625592824,-0.11836928888903434,0.37047317714931616,0.898507818911175,0.585032283703305,0.41650156216647305,0
0.2013950734239275,0.967433883525544,0.4186241514529409,0.11691177814870246,0.16198345280416598,0.946885621536714,0.46433252477093184,0.29912669641878786,0.7653714367864658,0.4780853151205049,1
0.7212975817967255,-0.06085607547856729,0.7480434768290052,0.47579818380077843,0.6564414478926579,0.5439375979188515,0.13876796484616255,0.6518732498335248,0.3621152369865852,0.8157123158804378,0
0.24761123506153498,0.0603349087825156,0.7268730222242228,0.7646499064414182,0.7019033006074988,0.8183357747052548,0.474884235958561,0.11576518786740254,0.4446658748574046,0.6554760090454381,3
0.04890339506205479,0.19153881216390384,0.13817764387903128,0.23815455851346978,0.7932404311037294,0.04982817271304335,0.483270130567807,0.9362934259593603,0.3220927877243813,0.5886562237757729,2
1.0535995590576772,0.4161903892188889,0.5624129185650423,1.2176580070672838,0.5311766428478399,0.502136187895211,1.2718196523536476,0.619842036782823,1.2800283918104325,0.7146129262757066,0
0.37678092076742387,0.7207416970913338,0.4708756275215957,0.4060734950693031,1.1779093275188384,0.030168166760073667,0.6464857840336581,0.7916624112413081,-0.024925796588036925,-0.3998138821229707,1
0.9007685496337328,0.33627553361587514,0.7780381113938202,0.5138053610181983,0.666118241713672,0.2416338174400406,0.7685805916349302,0.9194460503270585,1.041347075876303,0.4871837069774159,0
0.5337017567016942,0.8039433813134791,0.5337056967933266,0.3608549841984015,0.43846762264360345,0.7886293312709625,0.16299976168739028,0.8152806379554408,0.3497433264330353,0.38925501114589206,2
0.3412705068159716,0.13504986578487102,0.39182749077315787,0.16262399198733923,0.37043905844776903,0.655400196650831,0.5993380731285588,0.042132734751459275,0.6971595025787257,0.7066325804515495,0
0.11172766572376547,0.526506992033257,0.46696997041930577,0.2904075821925163,0.8972042708861236,0.5826855588254825,0.959812359552534,0.5113410816751661,0.250314413629032,0.5149785982129795,2
1.1206135920482854,0.13607481910434724,-0.698234339022729,-0.06589410644870275,1.0003347456718703,1.159986596886248,1.1748308231832447,0.6717137892938327,-0.18721672649887977,1.5719501269846923,1
0.5091866930045722,0.5234137324144934,0.20056253397504625,0.6474857479938064,0.7606349038828899,0.9153446118714631,0.013279052040823405,0.6286844963518915,1.0040620490883294,0.16514864864099996,0
0.011657013953666218,0.10630177263372907,0.6373376557187204,0.25714244005586717,0.028272184459253502,0.21325299955136506,0.5655949644494449,0.23376119655132035,0.6732018856103811,0.7712909408896252,0
0.8262652227375015,0.7937241072568568,0.9363328524874237,0.022479156359390653,0.19222618351998233,-0.42148820090247274,1.054168017700882,0.5747879351462646,0.6278196494300945,1.0517978888454789,1
-0.12371261950870904,0.045500571552209934,0.1984614575850029,0.5657630162200675,0.06501899479188554,0.017866453520058445,0.9043302329342849,1.1387496373296215,0.19917675522422795,0.49126666689897935,2
0.2218066331441917,0.9356059533074819,0.38204189187512966,0.028240557362015355,0.20997450237408805,0.8808322517611743,0.4800640821689129,0.27068937167722096,0.7784575263572929,0.5687298578877561,1
0.12868064530709974,0.805066315788538,1.1303745633520927,-0.16398412494400494,0.32014519978003786,0.8187240479863735,0.5843461232557341,0.8163598854495178,0.6283476181453701,-0.07330539705943631,3
0.9168053669139326,0.38843552974275297,0.8539188652493896,0.16087538300350404,1.0030092741126415,0.4048477735404613,0.7657376998408792,0.8970068217119587,0.696161071183688,0.5818581958336959,0
0.14088277769622595,0.26217571182912247,0.33575494319564275,0.27323705087865985,1.0455978001623742,0.6681190437902975,0.29389057825981135,0.8032956781242278,0.8304697844820133,0.47256228952113566,2
1.3075714577401611,0.7393697654883359,0.8762206353666077,0.7216918758148594,1.1123825813950416,0.16333800737447451,1.4030869048411154,1.095764597258233,0.8706015919477176,0.5267488628527023,0
0.010995555179772826,0.5502386904772841,0.1659974567384907,0.35192347030422166,0.6144191862443817,0.7567070574982288,0.5408578490830903,0.14467605983259751,0.8245315491225258,0.08314493972947268,0
0.17772807412158956,0.8644427996240379,0.539266470289453,0.45656057544923256,0.049946140871500525,0.9852847872333279,0.5897030374819598,0.6107960601431017,0.06477444307777233,0.8755281343968708,1
0.690041494264999,0.46969928202471645,0.9635207852748864,0.23866973980624154,0.2763550586886634,1.078805702979426,0.7843856154947204,1.1522581672948302,-0.034617197103647634,0.20911395331553176,1
0.7991374452196498,0.024375638970016416,0.2400603595975392,0.16123412234766935,0.6093965558041672,1.4449420086840812,0.6597157461267528,1.4978852199342625,0.013468783510585725,0.13323269647383834,3
0.5357895374409749,0.8034442112518728,0.5353233412397667,0.3614953836443265,0.4359420802402477,0.7847853769025652,0.16024338466494426,0.8144660130136516,0.3502076707833965,0.38905150888321954,2
-0.178962562822867,0.5029130160153041,0.3853049982760727,1.378699805890013,-0.5400081824252138,-0.18719888390552653,0.4504791440536329,-0.3857406671665169,0.6546991254888471,1.1892595888158581,1
0.6512449057954208,0.5960536637712784,1.1072987519260031,0.5976206739310208,-0.04275827323715706,0.3111141633412437,0.710720809689512,0.8871308993128716,0.12485092289759178,0.11715233607695066,0
-0.10580014713210334,0.08768930041259032,0.37905546833451464,0.03614498407069544,0.9057784913780469,0.5894539147412111,0.08321423970184152,0.7951750313578327,0.6713470550188916,0.7823934342903381,2
0.2893476058052682,0.8393473319822017,0.3494561713098603,0.7729340849206013,0.888635842375116,0.27232149073027323,0.8585453621648305,0.9586493475884205,0.25919872202846883,0.394282344945495,2
0.6797925410230754,0.8248250809102936,0.9732421054152166,0.5778654989701031,0.45449028624993926,0.9743948145645497,0.18408265962362247,0.6385365582863998,0.6533888917879223,0.395668871611671,0
-0.0068105359099234,0.11915758383442962,0.6441312676746317,0.2794147453203777,0.025221820982842254,0.21824274114561834,0.5780535254745813,0.2260640297051925,0.6930227914028747,0.780054862467654,0
0.3525765844943329,0.054174616787553094,0.665131022927329,0.23652901980204988,0.967426255123736,0.000545447946759921,0.6191568610628579,0.8566827996416059,0.8034914457798538,0.1468169423105174,0
0.9432598266439896,0.2961016182086143,0.5489674259507735,0.057382047566717026,0.5482373220456979,0.5839512674520471,0.24840142857437714,1.1018601741016645,0.382922660421536,0.19587536065053204,1
0.17352066366318034,0.24049691557761463,0.8426916879688354,0.1977580873669007,0.7715655565717535,0.0562911117653368,0.7940901329392451,0.11286057302631056,0.24939665320722249,0.7693773337674197,0
0.2894326471383931,0.5315926408815492,0.7832018272041428,-0.07373889436190073,-0.04169187078604625,0.2940073446594838,0.6592508062864006,-0.08893145020017507,0.23284347291235985,1.0714355022941306,2
0.675944884781338,0.4558538938544423,0.6152890929614124,0.33728318828785814,0.16983430279700826,0.5643546845871945,1.0160709939405066,0.4625497555132469,0.8059491910533256,0.9220192002425359,2
0.3209036791234866,0.197660585945558,0.6075162227624874,0.657110683725601,0.09796974784551726,0.5624701993848208,0.3723680391548089,0.503348956548777,0.22458999093506007,0.7609318201927412,3
0.9088989300576968,0.19139991943329676,0.6617767898865243,0.11104826695021058,0.5128172933144697,0.3999845141162557,0.25142587257853133,0.9938824314928836,0.8824894762360742,0.7963867803167365,2
0.5664847051496411,0.5445895537308748,0.8617391926225115,0.5908405867545227,0.4741680941227198,0.6462471851771463,0.5328994292108092,0.5366956806007638,0.23809482414993913,0.3676465313062635,3
0.06569573242592017,0.9826224080797547,0.9260250258640845,0.4221439273973706,0.4691927338880292,0.9706862625335502,0.3286752648316643,0.7828169268577572,-0.155971576774408,0.2985460268007279,3
0.891642306197646,0.7122418392873402,1.0938094193222745,0.902809288184391,0.2785180332428076,0.4249233599424562,0.9920359199277363,0.30177529487405735,0.6199193576949525,0.33586101453142664,3
0.11410498158520464,0.5758993824332853,0.08135001371149589,0.1933396694501111,0.11511437926049077,0.6196826324822823,0.7871401030327198,0.08473382286118365,0.9047048655820238,-0.040374025160355195,1
-0.051466267891241146,1.0872746330442653,0.23244031812680319,0.7803810273788774,-0.3046259157255042,0.5810389262830764,-0.016033656378783068,0.5460972979275994,0.38340310518932214,0.7789661669137231,1
0.654020001888268,0.525672259327369,0.9503685089793259,0.3799170522964714,0.542194170859838,0.5743895689843256,0.7518924653592394,0.7684366484549227,0.23127075602945715,0.5754725414658866,3
0.6018696707346096,0.2217292672174706,0.04043709711714755,0.9751426276340028,0.4448306617614228,0.8096013024036633,0.9588853140094917,0.697529135747133,0.46720041248131505,0.01638075182686503,1
0.33194628086246536,0.8701692998872352,0.3501413946854061,0.7906889118044464,0.8551004171044874,0.27182638548793453,0.8457071498720055,0.9623841141438615,0.2631957620263263,0.40045095967038863,2
0.2549064055093054,0.8459882286621072,0.40024029396165495,0.7013825132331883,0.6912424798619433,0.3771180213711835,0.8596440905156406,1.0935052090011956,0.1403844434403363,0.46194097561636865,2
0.49666575539852953,0.7545153496363342,0.8101262546166829,0.943286519223213,0.6418348779237797,0.4353177244720901,0.45228261643490647,0.346207938393462,0.24836990406659515,0.054947395143072786,1
0.7091919372796763,0.7525338601819415,0.7080316657130135,0.5808005188072742,0.5561758591781403,0.7235620628691132,0.3114757739156607,0.790691819110025,0.6111160329513512,0.6221618500401347,0
0.9204563986918294,0.3116204048549247,0.7424028977675237,0.468010251672803,0.15755261347462907,0.4274619020441206,0.8194478757949195,0.6070912423049707,0.23199186140451314,0.30311439105180527,0
0.9883162703530417,0.5597752782171507,0.1845413395610057,1.0441209949832986,1.3093671471774568,0.5362306082319079,1.0276882236677363,0.12466429641545482,0.7376623731889559,0.5826111778841325,1
0.9508399168891318,0.6595042744250296,0.4917252439715213,0.09442515559053583,0.44255963233686624,0.7815934921552163,0.6778022883759824,0.5809352461190952,0.2531439899641964,0.07955082439410698,1
0.19071676978153781,0.2817600743280935,0.748747681173408,0.2656978951601199,0.7573335823941414,0.05621585908665805,0.8366767073379634,0.08666074291835467,0.33430963206629816,0.8498415725853137,0
0.3812480606195173,0.6051752713939974,-0.09730989385641159,0.17052397816691128,0.32107892926197634,0.5723056431076764,0.7856938157029816,0.11180332574057222,0.8411387051759074,-0.11861976575229183,1
0.9823507838791389,0.03489559217424551,0.37482481815552054,0.26873549736169294,0.37161396054039264,0.01518508993894474,0.4420831520769776,1.0964120891723688,0.7209465345861268,0.4911918184993263,2
0.0017751213869815472,0.10514429290737114,0.6319827350898574,0.2666220746166814,0.03243358591868834,0.21672823645993133,0.577501174907226,0.23230370699681838,0.6828872326394194,0.7724008387014512,0
0.31800524726865714,0.7942357288168731,0.38422347225049025,0.7006135063764675,0.7886335123871716,0.3419331751046573,0.8560099400021017,1.057523705106092,0.22702936012355943,0.3929089919688259,2
0.0005730303417840754,0.917030576588108,0.9451202038933989,0.23948429359292386,0.17047373433429897,0.3840154363656553,0.7007364367001968,1.060810939537895,0.7502630510252283,0.21535234147047821,3
0.11158832248719586,0.8685268524967703,0.8225568657199036,0.6578789097511807,0.3316001959486987,0.8104122040877366,0.227173124606469,0.9901942971531875,0.09267080458925611,0.3380676216037448,3
0.1788003130619067,0.23564479840590818,0.8039376198216311,0.3609207534124096,0.9696957586702314,-0.17500753364061786,0.3855237283263668,0.8507279042028153,0.5438758731969708,0.06696112066721235,0
0.2564599329712487,0.41008820329685103,0.1901056102087162,0.8057672057284456,0.8297323222292492,0.7639662722638398,-0.2486107211933321,0.9512683785798717,0.22869583786417452,0.6739222303583741,0
0.755887839751801,0.2480985419515423,0.7211059641914161,0.31001891423582384,1.2359697451634852,0.27265645916486503,0.9976799055194638,0.8009841674900289,0.6233772026408329,0.5407623790872056,0
0.8888906173298278,0.7776441690940665,0.9470859704915021,0.58719185538984,0.6644459618961884,0.8610015628450803,0.04463647315006604,0.6928487622719804,0.6972162367192074,0.44320318316746443,0
0.9489631644421191,0.7947518180240343,0.451814718376797,0.06329709508050717,0.5831373013874334,0.7608412803404272,0.7929892324999663,0.5858057723304433,0.3886966672484704,0.21223862651867975,1
0.8320537762964234,0.1425884667806314,0.6569413671781227,0.07159289186168148,0.5457790241250858,0.37304779242864833,0.20611069713776523,0.923964131865702,0.9384605048284603,0.8370878039266293,2
0.03978738304516735,0.46310947071423314,0.05065725543073768,0.2898294590662007,0.4001013279445982,0.8759918967248582,0.631868899490477,-0.22049247002742423,0.9098961972602337,-0.005098403843648958,0
0.2737054826136366,0.8660074794309772,0.32089114558977194,0.7463928083504778,0.879192932629908,0.3068704611660214,0.8707798275851448,0.9769467332586528,0.2543735556102869,0.3722147138928471,2
0.8210861879932666,0.5989701879270743,0.6058956925647939,0.18547940519087863,0.5028214516931973,0.8009821120194182,0.43360036492087706,0.9537695994410414,0.24340947972426394,0.09294527475288389,1
0.0019466432792803467,0.5193979797126639,0.2887194959337734,0.1516261076652577,0.9857137077380995,0.431818453156245,0.9286326003565986,0.3578499658416841,0.20999836980877165,0.6371850127969525,2
0.5667413072206425,0.789340819981544,0.877422331527273,0.892584705076361,0.5991187444829897,0.4472656477902156,0.3658444021528222,0.3708709055016769,0.2058404720984004,0.15628136090910494,1
0.6715912510951793,0.7849230087319226,0.1409651919711102,0.699615268140406,0.5392420885187503,0.3884255981627541,0.523724938056445,0.03298817784609537,0.5136413335082156,-0.0003508286816957043,0
0.8813856266554525,0.6189823044377989,0.74347406620584,0.25781358333885107,0.5841166371169593,0.9011252441207962,0.485878448562112,0.9263693156389032,0.27270789608939106,0.21386166260609485,1
0.20103193029525407,1.0745298254700835,0.7556356121616514,0.3660437283415966,0.47144632171643963,0.7770855518378066,0.04927358509851856,1.0987704314285012,-0.015606106049302501,0.3597792962671543,3
0.7077329633378608,0.037476555364830806,0.4850640348820978,0.643010851598979,0.5162896428888559,0.5670800417805362,-0.049940210453941355,0.5106106225115182,0.557898577482874,0.7756577892863189,0
0.25476731988087487,0.28242548804609846,0.5330575626039615,0.1581717447311401,1.118374903731155,0.44637221557627244,0.29250431225857887,0.9360101543621733,0.8954086969812909,0.48423103802135004,2
0.0019254328388339983,0.11127092242451939,0.6203643210815777,0.2682741991233756,0.036674486952147034,0.22736203854788148,0.5780067891543768,0.2223624138068588,0.6811911381649878,0.7800024520498551,0
0.8145636627811651,0.46468621280933786,0.7358789370907043,0.267238301196089,0.7933271288290952,0.5639496411272318,0.34877237753785706,0.60977527285376,0.5733358305220657,0.5911569163381576,2
0.2195733120627778,0.3608120268418792,1.576430181108393,0.652391784824445,1.3994980083689974,0.599788727133927,0.6699358972727658,-0.06246862369794559,1.1299229266299557,0.8589333794833918,2
0.6354089908345079,0.282287488586291,0.026051970580878103,-0.3881666918669142,0.7599051124836518,1.0119325307546267,1.056889562379709,0.3386866470819813,0.5124800328454205,1.2319291105627423,2
0.25508164135119377,0.8231789082398008,0.435640562964333,0.5396104647865224,0.4438965653663638,0.8625928800921334,0.6016728388946048,0.12642473003916624,0.971561706850399,0.08341438724135093,0
0.23411018500677094,-0.03516796991567196,0.4837571914373307,0.08245268432044117,0.7634625412369942,-0.1012503111970016,0.6303283245752084,0.6908638221290387,0.7408528942094376,0.21569624140584548,0
0.19192073692614844,0.1886101169612356,0.879708844456905,0.17148329897853867,0.754408187054601,0.10514315880279779,0.7270481558877451,0.11644024437673342,0.26287876642378394,0.7640645237215106,0
0.21701595978841842,0.21200186997336706,0.8214918576041011,0.24500581201756005,0.7397488696717957,0.1378027766604843,0.8146281306407827,0.08913856115610283,0.2532523673169706,0.811378777082965,0
0.523376814713591,0.8105142553527409,0.5348353302026144,0.34707717881201744,0.4176707821623222,0.7861501514286374,0.1643879449890043,0.7972104212901937,0.3671716943090428,0.3761907687438084,2
0.2852360970125329,0.08121119266826882,0.49521914158862174,0.745552084721248,0.03992170308808668,0.5957653876132248,0.1269143370207258,0.7576832147967504,-0.21493009879089459,-0.02724648894222481,3
0.7914110575852598,0.397164447441878,0.8694827362505787,0.4061357830744373,0.10397438998078354,0.3708286716894317,0.7819372873496833,0.6439910293075316,0.25611798895416027,0.18044626492936955,0
0.9624829801820574,0.3951641692181464,0.8665802823586168,0.18800306321300325,0.9769498164092212,0.37509182519701606,0.7603328822955255,0.9119785181365866,0.71714365023351,0.5791620329313626,0
0.24590233531530425,0.849679441394004,1.5272637624788308,0.9621036498275374,0.2052774241548878,1.0021407536647322,0.18209037245838067,-0.034709718685730695,-0.4677432088426029,-0.10863011522256705,0
0.01061558717803121,0.6049045171878787,0.060690673287992866,0.26629254913464745,0.2465510095871631,0.4970618836964789,0.5493459978453861,0.05411126550508383,0.8564330786943518,0.19403841958507403,1
1.0366350881930835,0.7458192672968397,0.843372915709953,0.01909074609475575,0.5432768959738878,1.1016958109497081,0.5829452567059692,0.7543764692431723,0.014216330380488973,0.03636687041164394,1
0.936006868921061,0.6413682257056286,0.6836856607418282,0.2228067776591763,0.5776542727954764,0.8430990517451321,0.4955127100365966,1.0122671155015968,0.23361725614074566,0.24529472553435314,1
0.8185016295140652,0.3512547024276725,0.854306800374648,0.5523687921824076,0.4240816023638593,0.675114068970468,0.12497317616631279,0.7462026430754187,0.849951577811001,0.8833660527881827,1
1.0089672839139543,0.6599632557067451,0.9798651429554921,0.637415055030525,0.3883880816611087,0.7016283318435698,0.37285677767874936,0.6997911996285043,-0.2831103579806139,0.7890335590871523,3
0.7604650580128555,0.6189317440211163,0.5012752125230263,0.02225054258440334,0.5389857456581033,0.007646270262426955,0.7901793872879309,0.9628347830589372,0.8160731580038533,0.793759963668129,1
0.03396438308644428,0.6505154087704937,-0.08187669141780089,0.4202209467442873,0.009841319307495072,0.5349085150163266,0.5757797539871583,0.2353252502990929,1.110096749890983,-0.1367254899857447,1
0.4733638280949669,-0.040913245905762716,0.25126167841557623,0.2794635923823835,0.32136689600248086,0.6246421761717124,0.403292181275664,0.9867700585584024,0.32093198751971563,0.09023636188026075,3
0.900008023095928,0.7964670606724301,0.7254080936119419,0.5211871669377188,0.7084059306425924,0.7411574777125025,0.2543244393983982,0.8039386750323845,0.5397525482151337,0.449408557253208,0
0.791036782036223,0.41076826036235853,0.8631223470053089,0.4218163834237121,0.08315099664141705,0.3760319318561943,0.7988835767742059,0.6517759872574829,0.27674477355824356,0.1883214483169225,0
0.14551902330202438,0.18757323791130204,0.3086602773174793,0.35447114999928386,1.0122554016070946,0.5914086244336829,0.28972006349456514,0.9237825414484061,0.8589781482252211,0.5923325973934914,2
0.47275952524096465,0.04303564805038842,0.7070327389393614,0.42335221168391113,0.870940937398572,0.06141288994565167,0.8202058941325352,0.8704317326271678,0.5985043221955763,0.07908424847412489,0
0.3429502668427783,0.3821439060334568,0.8770895668636534,0.6708251709994518,0.5385584860336778,1.0745908676408509,0.4181420968444933,0.1318897455439454,0.697135656471333,0.9339765626789018,3
-0.09342016566372899,0.40355481501233975,0.3253774080819519,0.38067693779659495,0.8229747932135462,0.7037189159562551,0.3165101936601664,0.8781165053437057,0.8588701443428537,0.6806436972789895,2
1.216363466154015,0.28114045108261154,0.4786757095139098,0.0977995945153481,0.3742274807582872,1.067486102728306,0.20286060913187826,0.9043132154159511,0.4424052780023099,0.3280628152332746,1
0.8404529363485822,0.16204525674898743,0.6278807714676119,0.10144644469144168,0.5123358856438417,0.3894250426074929,0.19916446957555412,0.9459606938368871,0.9461833512516417,0.8301265858474429,2
-1.0030918020200505,0.20562503109603014,-0.5409791705099055,0.6799388112980238,0.38382328164197976,1.3650511617491565,1.2759369370739928,0.0141330156907446,-0.12274083892692245,0.6558726558373287,2
0.5336812442430557,0.8031821922086273,0.5328252947601609,0.3595592491366511,0.44005382939458615,0.7887939397602948,0.1633239168592862,0.8156057215123113,0.3491139643038465,0.38929390546094655,2
0.1601074236551243,0.7626877128761541,0.9064661908071138,0.1815369079221838,-0.031150295092692223,0.4476225529965615,0.6561668437289913,1.0552260839999559,0.81772314126721,0.1449502180951061,3
0.7748994979030324,0.5469136706018014,0.6536472961281723,0.1942523268421824,0.03482167044993993,0.5364690391706739,0.8847537192302055,0.5351224851563549,0.7716581511695453,0.8656788854372985,2
1.0718977635600109,0.36312613443636904,0.7368330293934103,0.39632629423520377,1.2106526889042155,0.30131014188731997,0.8199622404794076,1.0957211189016127,0.4926013944631595,0.715137720207323,0
0.08757976612154572,0.23802864022548098,0.15322351055933586,0.36868199457967055,1.1874991721272,0.4655392485969514,0.32201161812099566,0.6676227396940824,0.9245859488219854,0.5170133332884407,2
0.2264790120737868,0.8169904782727277,1.1374844420484598,0.45723675665003016,0.10057691495528129,0.2376326620176969,0.8541466076932843,0.8563064702757359,0.6602467048949265,0.2190469770893918,3
1.0303450133007588,0.17268488163147555,0.603344680422901,0.5148825097471551,0.7482942776011485,0.6070749189988194,0.36531763292326896,0.8043317551077839,0.7128726076791603,0.43942700856906586,1
0.0008121507492017191,0.5307927461148665,0.3182719042481708,0.15626888658512075,0.9652264726267024,0.47116410863484925,0.9658574044377012,0.37055194147500325,0.25915554579510025,0.6347202286480254,2
0.04321730715078171,0.11580251578843027,0.591170553090017,0.2924779790847239,0.04163773721256218,0.26434563370911573,0.5982290277787159,0.2643746581412863,0.7032588126723339,0.7308931122626059,0
0.08164248073759439,0.48095687119726327,0.3184954363159284,0.9420378517066862,0.5830659213535528,0.7711984077093785,0.3491999108518076,0.0731678980225394,0.17767870616636403,0.06835503634949364,1
0.39446167605600974,1.0191756683132707,0.12526485922121733,0.39862000729204206,-0.2602400046281017,0.4194640825872133,0.5731338467254761,0.002126795700676948,0.20360782375908937,0.4105668040212819,1
0.19904602515076453,0.733791710220697,0.38324111897514485,0.451286564629862,0.17374836135504002,0.8896127605363201,0.43842962934466345,0.7130195479105385,-0.006604076872064407,0.7386273532651136,1
0.846842542348004,0.8196312782141457,0.864826105146198,0.6534981760563089,0.6119112475009363,0.8118043468729874,0.11611323535978903,0.7650483194289899,0.6811637298445593,0.5008517468778628,0
0.1396547769103497,0.8949531348868602,0.8356151345678823,0.5909859183578906,0.44101002594292993,0.8874294364300966,0.16247634718468074,0.9325474484576829,0.0229201663165907,0.23807931901203608,3
0.07797202837577655,0.5128027225112626,0.28437892560563904,0.2579685178627246,1.0208040427466643,0.43984790848630295,1.035569707782125,0.36772461464444683,0.1867008996697049,0.6445553628248416,2
-0.008920237467560653,0.13824707224871974,0.6230488970785676,0.2403387799202514,0.029437302302522728,0.19886264493111483,0.5739563522456291,0.2633224369345419,0.6912292532444155,0.7498795273809808,0
0.2171032852073182,0.8872869283652801,0.9769713900224268,0.5395919164882662,0.9006386811014666,0.9412189381643433,0.9571247619586477,0.49906281768711686,0.7334671649083276,0.820440455728767,2
0.11234376735677173,0.8563272353889939,0.8202325434240781,0.809495371894566,0.5343733178737571,0.7797269088819552,0.1548694167127062,0.8371319560741385,0.5793619054436541,0.6052419495654577,3
0.848056135917181,0.5624044962772865,0.6535725073933952,0.2373156881692408,0.5312487937502057,0.966248278077555,0.46283046149653484,1.0004766048217564,0.3192604463941431,0.19226908141284915,1
0.8876218078478432,0.3501268280367641,0.8222574116383523,0.5721450237888996,0.7144884674459796,0.23006566246396237,0.7149132706615751,0.9350784346540356,0.9981552948329868,0.5178042196366246,0
0.11066033566897461,0.8562355547845509,0.8207992321685429,0.8098103796823442,0.5319438060816735,0.779720963181961,0.15547307309665503,0.8352351929186309,0.5786390524152296,0.6062682269670614,3
0.18011268280323325,0.7619717112271754,0.4945903721838321,0.5896649863405393,0.16236889894914236,0.8666667795679981,0.49627355750240265,0.7137844840779433,0.11728863885483748,0.7495005098825416,1
0.8794364170076979,0.8520623808370023,0.9122502240370617,0.6713446605131845,0.6019832556785547,0.8306700445760279,0.09180177861411457,0.7201847936415638,0.6411135403575212,0.461428887893741,0
0.6827682416664768,0.3108045556095502,0.9019418766036594,0.34455147671770636,0.1187127689202753,0.32152142620628743,0.8466871876390925,0.6861126988937882,0.18439715993456457,0.11805312138441196,0
0.8503627417184105,0.7370175288084372,0.9355662877817199,0.6177042761197409,0.6089273584161146,0.8510603436386172,0.10307574204852252,0.648914188047087,0.6146293570526116,0.5519692610077299,0
0.46273670311260795,0.6594302925186618,0.831768657733459,0.9020478107263358,0.2118073143322457,0.19706382184648735,0.247819624448053,0.6304252041461267,0.10603776605892849,0.17515251648548824,3
0.10871775888431114,0.6452777294666224,0.006309930907697117,0.1920760415131488,0.10175276259426708,0.5090015986533106,0.7111795494048911,0.13517509468531233,0.989905778984081,0.07736626485784621,1
0.9647841943210764,0.45404679150258137,0.8351355172578228,0.464465020792959,-0.005074151424892925,0.48824286985429516,0.9910150921122094,0.6362367616231099,0.06984268223765222,-0.0650296765877813,0
0.8899296002132238,-0.027543226197211945,1.056390415842687,0.21610153757172854,0.5863527853911401,0.5606886954301747,0.2367982123808349,0.403062196287175,0.859834024560108,0.6561081047490591,1
0.7796590249460368,0.39942937443364795,0.8825058826233073,0.4169706656984875,0.08365556091980011,0.37206369251271965,0.7802933675787554,0.6331520949896613,0.2754078228708006,0.1761431470516672,0
0.14349019830191967,0.17203513430486211,0.30277957869260425,0.7043415025257063,0.8941850252447678,0.27477832867237,0.416326339341338,0.8368932818702586,0.6219083844701876,0.2839697990619216,3
1.1083140538856435,-0.12276794236381428,1.4450098414468897,-0.4464151310568636,-0.11371565753694085,0.6381405621883478,1.1482623716644433,0.949613352497529,1.4894277198605272,0.38089925587837314,2
0.07831899607893986,0.4497394773487974,0.32208598963535745,0.9620045724439299,0.6112689644599687,0.725021157103446,0.3084402385957166,0.09861114571501464,0.1288497952050904,0.03751383902110904,1
0.942059221485503,0.3791511514042411,0.8405391679846568,0.17632331005397012,0.9951897884321962,0.3927464604610878,0.7542228331787696,0.897816050577374,0.6965535052399285,0.5840175523295146,0
1.016196095748517,0.3937553200578159,0.7043072228702046,-0.023752780617282754,0.36459219401919707,0.9392976624475795,0.4909242073648718,1.0460725555714592,0.2797398635618046,0.3533010374716472,1
0.30272909975678997,0.1275043160714434,0.7097034518956681,0.8248336686770734,0.7461229896813701,0.8753573635948766,0.6088317905183723,0.2688290885825283,0.529384607081698,0.7173105499012205,3
0.8953259405588435,0.24380279753936385,0.4641093453394247,0.5477090223253526,0.1668394278400962,0.08850110571720794,0.1948841847691296,0.9988573851182232,0.4671596984715448,0.5291760166490107,2
0.12030383831557086,0.45078128214439117,0.32561196769667455,0.9624598783763264,0.5847489449267564,0.7628593543698784,0.3832289705762432,0.0619372523771351,0.15899974742138714,0.06508499909036455,1
0.7884626836268872,0.9137834892304797,1.0562213965114011,0.45195769178100953,0.6393701093620516,0.8124602748001832,0.09439930164831906,0.585092144479858,0.6872873776209951,0.3922386409754979,0
0.3133526377092033,0.13247652059663384,0.6534895211272961,0.8663772446095019,0.7693813485490665,0.855578904800465,0.5486720574315851,0.2267023624863595,0.5250789311001368,0.7318428297394862,3
0.11806153022930219,0.4717624259968648,0.3137414723325331,0.9563470295310372,0.6014375960134793,0.7815236853349782,0.3544723048704255,0.07774506820125589,0.16545906282335437,0.05851098184219195,1
0.10731642173637722,0.859066130047345,0.8153556562800377,0.8163215890304736,0.5299993245116204,0.7783142279791624,0.15630025672181874,0.8354342661278831,0.577166398147679,0.6051881691252146,3
0.9104523199858146,0.5253031801963192,0.6793775013273449,0.21996460622575678,0.6169050808212893,0.8557093187025084,0.48839209401199013,0.9133254661513073,0.2637876952287091,0.19320619999627078,1
1.0925434062883796,0.11729084561862124,0.9850815503521256,0.6467257387029516,0.23585780721015087,0.7368568338158777,1.0607333069019547,0.6926416925396058,-0.08903331806037518,-0.1055233815473769,0
0.016872767809681038,0.11806170788385788,0.6504538433461254,0.3133449304621413,-0.04847383181065332,0.21307465974777148,0.48903467360525665,0.29192609689966853,0.7006874539439234,0.7582577737914308,0
0.8372204698969312,0.14228150649616142,0.6394452544784042,0.08815507157429646,0.5232127831644136,0.38295666771471226,0.20757537148939836,0.9291069498053065,0.9254368035053481,0.8227112171309542,2
1.6105246083033236,0.9609757528987426,0.44121624612522264,1.2247400185029202,0.1375705397246424,0.7300272249999205,1.0981065327991049,0.5229741425840376,0.4692239872147243,0.521460320829282,0
-0.2771175682838938,0.7261535103907824,0.8914991767271706,0.5234841364339808,1.5730462590496561,1.2702033535763553,1.4981126295777512,0.3329292513642539,0.9366423516140125,0.5357174877934989,2
-0.6506726935498706,-0.6559015700207815,1.22200830557723,-0.3028758126766157,-0.25403496369529244,0.9522223886935052,-0.29676391140562364,0.662421727435927,0.7259030826174593,1.3673115366440194,0
0.9015791774998945,0.19436200975428258,0.4768012891041427,0.6219387454976731,0.26614229147275703,0.08150995272176664,0.13622983864361254,0.7898559682741203,0.42378214040282614,0.6094721640581608,2
-0.2934085423735706,0.5550875397316919,0.5736025788935317,0.5358790665417145,0.277187579973817,0.27632372838389696,0.8553219178223438,1.0994664269378303,0.811365175174827,0.41983299998310764,3
0.15844599568373707,0.9915234419052953,0.8688574788604108,0.5204669086465437,0.38602255142091046,0.8651650547781246,0.14749142291497014,0.9287868300240122,-0.030060434435468984,0.19784872935478476,3
1.1992927931452262,0.0550828819586858,1.083307031024001,0.5005330120143031,0.9009223945470898,0.23285384212316612,0.3113390859308649,1.0157038746193474,0.5411732162856087,0.14893909609335476,0
1.1888101827796675,-0.5949911666684242,0.18557334049824742,-0.4807162323820986,0.19494029699748605,0.2548092691161906,1.8501513351113874,1.548344409428466,-0.6343788848392043,-0.09710594651226523,1
0.3315364217487349,0.0882965567781819,0.3669604517025412,0.13384258693852166,0.3589421004653204,0.6753595998035689,0.5468832831934081,0.03990227671800167,0.7154566772945329,0.725608815966745,0
1.0076875605139177,0.18623328852341592,0.9438134918483914,0.48930206541809274,0.5126792065087872,0.5651534459513773,0.13955948382959057,0.7090232311465273,0.8411827180363626,0.7754029054114595,1
0.6347929578827057,0.77481604620339,0.11160391035559628,0.679320592914249,0.5035151457108586,0.44445556252015955,0.5422275358217035,0.04117139716077631,0.5015911792928917,-0.016610394316457264,0
0.7449316382276041,0.52147468724942,0.5838685328536816,1.2122268185563927,0.5655160875003087,0.3271991398179811,0.550094024356374,0.9948465614731267,0.27271748086704095,0.17453310322640733,3
0.4726143581082399,0.5454403945210053,0.22989609828421023,0.650695786535802,0.7848140289812673,0.919516395857406,0.024299842893312454,0.6520259652021458,0.980314449931917,0.16487039058757258,0
0.34156044013606784,0.03087457442183114,0.8796871457814688,0.9169792326953277,0.25018651681633586,0.8337685590018135,0.46172450743619997,0.6256134794104306,-0.038996039043822206,0.6150491551606331,3
0.036394002773218755,0.26658970387634173,0.33001813571334193,0.28920015914464675,0.9811473842478724,0.596070382807345,0.21903437779189483,0.8918448142214955,0.8472539165404344,0.5311200990421757,2
0.19262176607799086,0.16489745278780785,0.6278810630810988,0.7967983066755615,0.6899666036554863,0.8698349985036068,0.6555676187732143,0.17288884058818538,0.5853572376679543,0.6375113118129234,3
0.7283372795169787,1.1518167624576223,0.6543822210880457,0.5460078657772255,-0.17601329390614534,0.006611864696117825,0.5638039047709846,1.0874220621807553,0.03138315688827656,0.45047976055436384,3
0.1669860847852256,0.22990919267989549,0.3341267411844029,0.6917632501399716,0.8651592063568944,0.2775056472879016,0.4425508109217975,0.8039541276398283,0.6078868274387976,0.31127012073592797,3
0.5625908442462946,0.260411863311077,0.07259074558953225,0.9713307642294692,0.4107175744899995,0.7694218960303392,0.9926294212172883,0.6703871010088809,0.5063112894239092,0.01049782685964577,1
0.37369928424945464,0.8756439046255455,0.2807267151264235,0.9051724273513089,0.5270036692433372,0.1517390394849865,0.7943614628326747,-0.10887002117770889,0.37548112277148965,0.9689525104566501,0
0.7995643659487786,0.3695781929685174,0.8423871734738133,0.49204733510003523,0.6421755642537683,0.23984702634323318,0.8080402850045886,0.9720754080437264,0.9912796254365102,0.5894999227984954,0
0.8891204856592281,0.24178403880269567,0.6291796235529656,0.7678801725389883,0.4705859475154263,0.228702836965617,1.0727247907633424,0.88755661564347,0.6212837157591895,0.6781985301719916,0
0.5472732908588631,0.7271798456353789,0.6654793174979615,0.5732447447363672,1.219199675825124,0.7360555647062785,0.4746817838513593,0.6571880184898612,-0.07799263036066484,1.0629262699801432,3
0.20561319822387275,0.5309453020823779,0.051168620944721216,0.28571702684256334,0.1254535418624655,0.5450241059494054,0.753504857313996,0.08662535346496865,1.0428520766350595,0.09999670177066139,1
0.3622241018448293,0.8251840727345945,-0.06018957168358097,0.4060903445173699,-0.07756928524123333,0.6688203983694816,0.4174475916728429,0.3597667817549702,0.7320247283344298,0.11882443770284702,1
0.003954209978752159,0.8763494073351503,0.9126871260042608,0.33269167034544134,0.10838183085709154,0.3570461659294661,0.8045292831073643,1.000333834198492,0.7585165882838055,0.11098675421346897,3
0.07058511436294562,0.9435360424925144,0.9654186706243361,0.08454159900957281,0.4869231860055101,0.2149794485329563,0.2759821729954976,0.7549511592361507,-0.2997599452487747,0.09468407736604245,3
0.8673304431415312,0.4080139314584481,0.8353279215239994,0.576180528461885,0.6815197841187877,0.21743197111405296,0.7739364372476197,1.0150103181349999,0.9658835134658633,0.459779946681513,0
0.2834142418865001,-0.016447530931915116,0.7243290353096674,0.28639266553181586,0.9829257254441094,0.035717695451163906,0.5368482082434208,0.9222161019626494,0.7653567299984354,0.12290962061679943,0
0.8709053245757421,0.491462328620198,0.5532357064735265,0.0540403380152738,0.5461364737975416,0.7174624151617534,0.5240930002718133,0.5450719732238234,0.25381030573483465,0.49904063438696744,2
0.39930231951024797,0.1838604357090798,0.25937726722468857,0.7737187157927439,0.29829119536585214,0.3381528329440032,0.9628550854160483,0.05340954904182637,0.8395433016734618,0.250794615123306,3
0.4956511184877154,0.07370606582451147,0.9399367986372501,0.8487858702150208,0.44347853006144655,0.7651064187010344,0.23617855229266313,0.08261466574744969,0.5959371217641023,0.6458892822509662,0
0.5314135917830312,0.7876995581339813,0.5296614690673361,0.3698783898557204,0.4376013661405936,0.8055208136705386,0.1736735434896707,0.8088341122684335,0.34168105534512583,0.38459735319942706,2
0.9578086028155436,0.7971180529222095,1.0461569904726382,0.6724038589897237,0.813696745698792,1.0655267107904738,-0.18990828002759463,0.7625360647208225,0.4508467227703359,0.19150145828781995,0
0.10035430378849784,0.8598629326920372,0.8230394288308299,0.8185140449405126,0.5371897644547395,0.7736050464851266,0.16790626573918827,0.8517346013175442,0.5940375370351108,0.6076502689284513,3
0.3738197492648011,0.892083468593187,0.41266395346996093,0.05940711111133413,0.20618091138191388,0.7854197976040518,0.5885902574279069,0.252137195765253,0.6335921157340952,0.5275158634561252,1
0.6636607162417303,0.7640207152405242,0.09665653928020251,0.6807949774736617,0.4806652563993253,0.3778652426626856,0.5210647063053865,0.07104110291602708,0.43932707084528116,0.01248836642964126,0
0.11439266059041348,0.8602094992711842,0.8200224395773988,0.8150173236287744,0.5282012851261474,0.7798173920568723,0.15225558469459222,0.8311476922523896,0.5772174968629614,0.6091066674224889,3
1.0142990381941082,0.3123080274180317,0.5742914098387825,1.1024599793032577,0.7923397808790238,0.4845856467137787,0.9255663100589757,0.7846572767389708,1.0086780031297062,0.576208281946751,0
0.6381513930011617,0.3885756533777259,-0.4184554211358434,0.39802682283610136,-0.05753564994342267,0.2306215199148247,0.37223302911311934,0.30277121126958595,1.1111824093086993,-0.05628344254903407,1
0.38388411567591746,0.6908213632574743,1.1748427783773456,0.6362932797190094,-0.047158714466872614,0.6683113738811066,0.9180697076914829,0.9148765044582624,0.9635274393234965,0.10137441896906871,3
1.194224936610007,0.39569015961784687,0.6884100937500154,0.42240093888095603,0.5202086787736423,0.5152003512304062,0.6272175559143801,0.6176835479019307,0.2502784174200972,0.7439951889066668,2
0.9358265011751826,0.35035823414446887,0.7101110225510812,-0.07359261875875955,0.5311091373349388,0.7336339453994145,0.7084810064798244,0.6062584155251636,0.06861160120351167,0.05939221295226771,1
0.8588809265603989,0.28063389733472227,0.7409247502231161,0.7023108620671815,0.1161389070052307,0.14947348473009395,0.24207365823713778,1.0349716309820851,0.7282351212604913,0.653879629360393,2
-0.1340018069246469,0.4303673076235887,0.5428018803230706,0.5164627307743113,1.2236856500489914,0.3731968577104866,0.38654303988128214,1.1324156736719304,1.0027021033083297,0.4195581668244111,2
1.2721026166674445,0.8677837536333554,0.47558426465184006,0.2346819112288332,0.7588888751717895,0.6951805496130685,1.0141928605655848,0.7883571519836704,0.4376330745774665,0.3941456639208808,1
0.6229850767945633,1.2413163908521196,1.4624473201405568,0.4708972822485806,0.7025159876069867,0.19818127574546626,1.203351499973164,1.142777164133615,0.15007462001848615,-0.3990961645027763,3
0.11789695910460492,0.4682155283977673,0.30118594250231817,0.9533546058691373,0.5880418970355513,0.7726895010856284,0.37682998270226903,0.057656063448707676,0.1770048497779034,0.05806448851891283,1
0.4559159242502676,0.9622157481005178,0.21390165991856475,0.8794312469858259,0.37193745495511865,0.619984405939374,0.5625152736710508,0.11857262931775711,0.6092738614589904,0.033723420306940935,0
0.8161793218278093,0.5273171697796546,0.7502827084769994,0.3786203581425443,0.558051435464325,0.4554262475433237,0.48469364043500607,0.41389850220542757,0.2327802361167488,0.6544000555913138,2
0.7785909260270718,0.27635880827021536,0.7044990596343963,0.47847281082278215,0.29702187005293795,0.4497431612455759,0.2258473177904469,0.486703644964283,0.7863867048570998,0.8914990900661081,1
0.6755968659754465,0.7213312061057746,0.9759816216031812,0.21803393085801365,0.49898587912922115,0.28508588092245324,0.6010696693090312,0.44179408162006306,0.6170148491535452,0.6135128762320652,2
0.3287107891237326,0.4903385677765154,1.3970621206706246,0.6779487040938968,1.0126206423389568,0.518169493462399,0.32200363820975264,1.0316661723821445,0.6387473618416051,0.8512757892995806,3
0.5264596390461743,0.6768424666769665,0.8894991109470592,0.9367821157881925,0.1295971389894366,0.20511723668088855,0.16680990712104465,0.5891767508618193,0.22663908462841736,0.2976273439299075,3
0.7986171774506072,0.7559685652926539,0.881885055289785,0.7379006410823776,0.6584111640809566,0.6630353900957746,0.016557940380117875,0.45123884319368446,0.7810547537272252,0.48111143270284007,0
0.37337185110386817,0.04427165068538661,0.6958426526370752,0.22001807077402813,0.9651903395869258,-0.007059398721148788,0.5856473741631874,0.8231842452195287,0.7806180626820763,0.17195480290083215,0
0.10024980478393584,0.2490066844360327,0.3378917201094734,0.7050914170548239,0.9250211882642483,0.1918983925465135,0.39938907103308824,0.8140981921748328,0.5824544316445972,0.26051873879585674,3
0.05901245326498073,0.2971733210372661,0.352156431260858,0.2597421490256161,0.9743942116717862,0.5818978303567799,0.23683282263212863,0.8604844866140969,0.8313664140799465,0.5547114289434512,2
0.01536058454677044,0.075341170516268,0.58602066601738,0.2563025368106776,0.026435922778837294,0.17613657999281063,0.5613346464721021,0.19277670897485147,0.6685636427441093,0.7666697164829834,0
0.5084812146403064,-0.1412222302002933,0.8628837180173237,-0.023576423139304636,0.9110334606127294,0.1605421054043036,0.8069750001838165,0.8902497774630491,0.9829464139946456,0.10630318009155387,0
0.6672813327743128,0.3873658253183916,0.4730008607946221,0.6270487525691913,0.15760178161183927,-0.055727087808564724,-0.05506109589567476,0.899682891898143,0.7071428138678431,0.8243827867542174,2
0.053246210174964864,0.8892464297541225,0.8721295300080353,0.348598325750092,0.16821108488771264,0.20712412861658708,0.858126648026255,1.0272958064908544,0.7939980000117232,0.12879363486676576,3
0.9275636793418536,0.4677516860962531,0.8784893589067587,0.6524384996900175,0.7681819394461131,0.3523578880530425,0.7652159263538423,0.9490123602195653,1.0648066045363935,0.5602231531188882,0
0.16747382980721107,0.29758431463167945,0.6122542465962455,0.4654174706574008,-0.0618491588124285,0.44725971213303595,0.4108069721116583,0.7030873758000138,0.11192107571237517,0.7207792336530022,3
0.9472463380057491,0.6419684586009325,0.848872634815772,0.321409625542971,0.6310237367658247,0.5582950632303371,0.39667743685290713,0.4752216684804493,0.3829717164148288,0.6462238398574822,2
0.2477757835882434,0.9796931882641615,0.35379683343892604,0.849770400953265,0.5698271399710912,0.12746303613913917,0.9231672507011577,0.10185210092342868,0.41922783898699767,0.8910175311364781,0
0.12286552228132322,0.4643442088084817,0.3161694972350081,0.9526712201593485,0.5981788266054372,0.7870259508536863,0.35416721321488737,0.08224352212201609,0.1726258802324523,0.054064484230258864,1
0.9579715835089736,0.643642073499256,0.8260084591951622,0.20180418980895143,0.7554025495862102,0.6714540567877454,0.32814343750051667,0.4497725900625932,0.4620007722897992,0.7399121238398656,2
0.4023253450827058,0.15177785946229053,0.47996262006630386,0.7377251685710151,0.12536751787964787,0.4709029019032064,0.43494586177147243,0.5168476925164233,0.3282847233911093,0.80898026720344,3
0.590072426107217,1.1036316551420937,1.2238175562989064,-0.8724116801576969,1.472318727998435,0.09533943822040924,1.1922731995217313,1.8160800843034761,2.328813982340356,-0.0682094880861358,2
0.43153801497175526,0.6336319612484134,0.9425586855476233,0.8732044674464005,0.46922826907415205,-0.07852380363757758,0.23114360935385853,0.6797477344611073,0.3357068088953876,0.3143728801241589,3
0.7556835113500939,0.8245812569863983,0.9001713986179123,0.6448967394905347,0.6356789684834414,0.8656870951165296,0.20669475735090265,0.7459366684242656,0.8651221801499763,0.6535278283871719,0
0.5354286847307566,0.2912174869932332,0.0991657736672173,0.9660321388483906,0.41392635703959074,0.7632851459114888,0.9895593908997198,0.6525046615938949,0.5181816114991828,0.022081787144461264,1
0.013824724500455604,0.8423301663460564,0.1721513458315335,-0.19043927132361788,-0.6743100353212855,1.2072042796814941,0.2752598531844629,0.10602138664300073,1.6652982944188415,-0.0915084314708885,1
0.3652626441345235,0.8810138533621342,0.35613345725943774,0.7333461037147158,0.8069729672763025,0.2519566943779428,0.8409762302041348,0.9987807361209552,0.23474309770572982,0.4167046720955911,2
0.8041131777496684,-0.4584848981693287,0.9501708954520158,-0.5524878567986292,0.6685476061616327,0.753386233138228,1.3136513701581798,0.12342802663461608,0.9613041315523179,-0.12094094591993876,0
1.0789826445015276,-0.10118220845808334,1.146918582504856,0.7558795244280262,1.060315786015596,0.15554481404844978,0.46234915781006275,0.36659311377230563,0.21150567740559587,-0.04181496778014243,3
0.8876425613578778,0.24691421844264877,0.38293579147095264,1.112872768620927,0.7438430975169645,0.43046597031933426,0.904081995735948,0.5219635057208213,0.8909650067388406,0.32776762147070737,0
0.4541808280532528,0.6272740606214834,0.8583347289563314,0.9467622776965933,0.2135535792417736,0.176590035635544,0.26809731151583566,0.6222284270298679,0.13024725472738655,0.19407073690034,3
0.17079845625445703,0.10031844855180459,0.30334867444581975,0.7234510907020023,0.7990181301321806,0.18294972417961744,0.4708284000644924,0.7766715628320107,0.6843158349097538,0.23823335009229896,3
0.7433093204666097,0.3678756945184227,1.1633890580786517,0.09424062082985979,0.3078562055297972,0.13798917710954722,0.5038478381396579,0.4356877052449949,0.14689726575609288,0.13834290056334606,0
0.8545748378798858,0.13400291894114327,0.6498301590059637,0.09522228268670258,0.5108009721237208,0.3839675438156098,0.22444273439695608,0.9200468064773181,0.9379476600764048,0.8128371641434005,2
0.11008150183709632,0.8578144397352675,0.821404500404712,0.8105396294852727,0.5329898413007271,0.7797199054583728,0.15718525276291415,0.8335063686975228,0.5802766052670706,0.6062790141222081,3
0.9690851225187072,0.296301084067786,0.96453820122791,0.4144935868357065,0.5194257939625619,0.6491022229166394,0.24541279442559036,0.7499487866028575,0.8640369921453664,0.8648051056175977,1
0.8306265973800767,0.14498817986951465,0.6519156850034691,0.09636760566449262,0.5331870116002676,0.3989915737556396,0.20154220055787136,0.9155635391023393,0.9303760465176296,0.8259400246028484,2
0.8511315719408487,0.1521108419570113,0.636459274368511,0.08585275002792062,0.5247565405603004,0.38342117910829865,0.20665195271702097,0.9295824515651995,0.9343850077059193,0.8199323621748029,2
0.3137453013267399,0.8467875195509638,0.3817446461484735,0.7919218692765656,0.867828613405427,0.2792424916534857,0.8505158617100194,0.9838349768041182,0.26296025526792344,0.38120346946447414,2
0.5248120835773136,0.8083108283919732,0.5318283462182023,0.3605734944813376,0.449220569508124,0.7814086501307449,0.16795449776001814,0.8200993646665768,0.35270055097228964,0.3911399562062132,2
-0.025948454621034213,0.09784684569795746,0.6094390024417092,0.29575030625935994,0.0243110644683832,0.20301263387792534,0.56157788663678,0.24149104860310508,0.6574011575697951,0.7949341867225846,0
0.5451270094898133,0.2758693592774698,0.08816162241397522,0.9822405158754509,0.42624681597373804,0.7823644255642217,0.9936217846152572,0.6701524851859972,0.5097949810669414,0.01956835249488451,1
0.9548620771453878,0.33061749164773696,0.416843905423114,0.9690360869629168,0.656616645160169,0.5303871663566646,0.9904407098243436,0.6052150266102096,0.9205277311407947,0.4381126813510445,0
0.1493513073068237,-0.051290568425961774,1.160192445603587,0.6499030188136026,0.024205326725004,-0.23102640104746747,0.18533191201763533,0.5612089312979396,0.5564592644572791,0.9986156904008751,0
0.13195903146781712,0.5298810482388365,0.10233012403541053,0.8901498951958481,0.029239856344488526,0.3540264846144083,0.361468333548774,0.12349715135067342,0.4124002767855577,0.9432506490489984,1
-0.08935210828451484,0.9597473229684683,0.5248510476436709,0.5381622392877892,0.18829782522141264,0.9554747202239385,0.5591331640262146,0.011787702811914151,1.1761665307701321,0.5943895842488056,0
0.534124800837284,0.8183328486306042,0.7718333414323568,0.5696961332062618,0.6410054860516489,0.25266241794669564,0.6691791369159111,0.606292372800294,0.4882545345658988,0.29206398153987323,1
0.7644367858582051,0.6048034982119376,0.4944624227604088,0.03190437333886092,0.5245968937641599,0.004533256653483336,0.8157100863456571,0.9665194635029052,0.787775923780821,0.7717555768198935,1
0.8162143693753549,0.5541808654147161,0.5937029368397029,0.09308641441417795,-0.01931036580080603,0.4984346079056532,1.0697468798917473,0.2421776936688798,0.6807214202296852,1.0170740423077147,2
0.8558447358925851,0.1168904317195413,0.639159575312408,0.019303598071512038,0.6341181909376441,0.4476900016294194,0.27186454188002634,0.972797601616495,1.0006616685856784,0.8209482902729692,2
0.4138454117601962,0.22017847980744865,0.45189945559080985,0.7251639256228589,0.04511393940724746,0.5105142230427827,0.4232345915270555,0.49194496235141755,0.273278882202598,0.8959941002496905,3
0.8708671196667541,-0.09136404881174337,-0.05108934211913263,0.8929819686789342,0.36148801829999305,0.25088459706409466,0.7603104310789548,1.3846489240709634,0.8636739072952939,0.5555960039832318,2
0.5343217951286475,0.8023752168497348,0.5337128153864653,0.3622960614373829,0.4378960323437612,0.7879621756932188,0.16422690463259154,0.8158042194181001,0.34795322566888104,0.3899001136961781,2
0.9189660036317517,0.26804370091692853,0.9345636231274643,0.44329807801982957,0.5334487335554318,0.6501759582473602,0.210575030761382,0.6964640175815263,0.853604727852865,0.8344945222076132,1
0.22376574648769687,0.6828681025152901,0.3050275822200328,0.4573188663076561,0.565027588539074,0.9044674356602762,0.49927197701845205,0.10657531327857851,0.9290798866494622,0.14081026154233434,0
0.8196202390407037,0.16398654056011153,0.6212050982529524,0.05109767843982105,0.5253583714597355,0.3711878311862596,0.1978758114286639,0.9412107339673303,0.8953058251072772,0.8064163578353182,2
0.20542053043077613,0.21230796726861256,0.8466471777374737,0.2239918203368887,0.7386384587821042,0.10597918582882769,0.8135352341225425,0.06060031967198393,0.30767209387259264,0.8006699183688425,0
0.9038552542798235,0.39808377618537705,0.8177485361134336,0.22232840433960468,0.9663486773581731,0.388067670337175,0.7183277982808405,0.8626286395019659,0.6728156618545472,0.6350168173160383,0
0.5279318790575815,0.8102463525083332,0.5272600337648272,0.36676578922910447,0.43015603967400834,0.786861952432818,0.15438490059671905,0.8209132629613277,0.3516808213513062,0.3908365622205493,2
0.25960015991297963,0.8995080950315885,0.3092799572444795,0.7356579232403405,0.8563523065594627,0.27794011403984237,0.9250721670510225,0.9314198492730832,0.18851549557898928,0.4167764274299713,2
0.11083520728998354,0.8835892131037164,0.3944806485224027,0.8014689773083902,0.6512147107573392,0.31606461885714676,0.8829839401982957,0.13793083804809608,0.5411652853666732,0.9254850734764534,0
0.7370415127918882,0.14599051280501282,-0.20424275113684887,0.702120556018931,0.21290407579747264,0.9803128391616522,0.9819720464538373,0.3682252680040107,0.4845619777400395,0.6633289722461367,1
0.6835836306958144,0.9481678906748217,0.8593551799153362,0.8284867803144229,0.6853273586248785,0.7810001973404327,0.1231597800340177,0.9102801327128209,0.583213381054156,0.5188657152841161,0
0.49975594251670574,0.8587811061467111,1.2066055137430745,0.6665322293371971,0.2075607842015638,-0.16441609125529222,-0.11777165837194403,0.8631558105380681,-0.10921165759788348,-0.14978557130405884,3
0.5128071900818919,0.4091768469482283,0.9553453233429595,0.6016544463386793,0.531154895705149,1.065146032425166,0.5416357988019637,0.023711110047993193,0.7485914224203887,0.6061463335532492,0
0.5409050696234025,0.11271400730308222,1.0231186119451001,0.755115330841355,0.3932220097958646,0.7028485417597773,0.3103072290368432,0.21876051076968842,0.5602836218344217,0.6717717189761147,0
0.875431256576195,0.8196773131313194,0.3382545090639796,-0.13694149724666654,0.5529481314564256,-0.04655474887774598,0.9705757071834049,0.8027816406036995,0.8402742027325664,0.661546132591518,1
0.15570428874034362,0.8204297459701085,0.7375130342409671,0.6004859966343593,0.4118409021272476,0.5184844338143695,0.5842080187586872,0.19698639054448147,0.5203450716926287,0.3204307931918391,1
0.7976489730454365,0.7652440353152351,0.4393136922991955,0.12260642300410332,0.5246224921510156,0.8599453744959421,0.5813257406040914,0.5039587237056625,0.33193914836155325,-0.0504575751818471,1
0.37892685032684426,0.4314466230557913,0.3637737515908517,0.7128479965597524,0.8469432324191616,0.928665397041641,0.05486851582346478,0.7761797811262505,0.9648920769261108,0.2318755451236451,0
-0.4523912978299857,1.411561115789905,0.4422294510787587,0.32215816155449195,0.596325228835033,0.2354627350763466,0.7860456592344965,0.8003211967362933,0.4621251987782806,0.1511034779931621,3
0.5672857229329415,0.5737545694928547,0.9124756594494109,0.5273729115756349,0.49153341141322143,0.6393468751623478,0.5534413536053067,0.5625724588035084,0.19359449792240446,0.43181782442682376,3
0.018578119672112738,0.6334585467947248,0.18080215117729626,0.9504719876305054,0.03436351286720482,0.3748032762322907,0.2631486785777373,0.24389107279200445,0.49003067705994535,0.8964086194710141,1
0.5195960307371886,0.2457939372328509,0.14462911424612956,0.9808470509869908,0.4506511809960669,0.7209308040850193,1.0548844414937957,0.686439484189638,0.48675304793726387,0.04354821707177409,1
1.0148789781292964,-0.20187884382958082,0.8038245992407803,0.9260535139519636,-0.14374175358838442,-0.019001469485760758,-0.004484373038676659,1.0414067748218598,0.9186307482418115,0.24498461577646496,2
0.5379333409252798,0.7839163479410074,0.5380287025455738,0.3462988226221686,0.44494054408453443,0.7705626851216887,0.14548098363103365,0.8243352881700836,0.3451538536734017,0.3915117568764288,2
0.8751128522352613,0.33337126183127513,0.8829238677538959,0.1825035604916448,0.998005402194471,0.3705189185462184,0.8150007681880248,0.8699862313916055,0.6383786767565504,0.5517501129242026,0
0.19676394100842534,0.21477327005488497,0.8371497574862704,0.20585246049466752,0.7903775235750096,0.11234839619067462,0.8172076485130595,0.0615710131461213,0.21344417176285405,0.7709659044255589,0
0.5535259516259464,0.425882264933919,0.8196828365852816,-0.15285509467521632,0.5809238207277507,-0.1886731415199718,0.9447425081958938,1.1095756183278138,1.0087410702402995,0.8295567544215565,1
0.23852722237240348,0.9818687492599075,0.9659198427286996,0.43500397420963244,0.875508573482396,0.9486126498186708,0.8899784417934817,0.48158577025556587,0.7576084591573675,0.7343836861694596,2
0.13360940836914478,0.5678333585451179,0.0589462663282432,0.21934486783694357,0.06735672655880287,0.48422908483475013,0.6773013304079967,0.12709088222428278,0.9931667104238354,0.014353193492927692,1
-0.13118111899348445,0.7337201494996473,0.9729050455566151,0.1340265640790049,0.03859899587239159,0.5495861103101751,0.9551986552207734,0.7557092485464495,0.7110120380867829,-0.023375336127720248,3
0.8400779819771648,0.1436911207590789,0.6397229690495142,0.07928605230191733,0.5200883490402797,0.38129440266424486,0.19791783025626167,0.9394473419349447,0.9272080164209817,0.8124262803939425,2
-0.004846827337662506,0.1283331259505904,0.6275611795122847,0.26126105265359434,-0.009511991825611042,0.23358174289074926,0.5943597897605741,0.2716831582965412,0.6556939936961607,0.7530731512167099,0
0.8820391822750411,0.2701441770262999,0.039992345267235316,0.6813447417460455,0.3760929470148691,1.0072266298901817,0.9853485718826196,0.5077617586926654,0.5644982097640506,0.7607132460304962,1
0.0950409443480652,0.5347971820379901,0.4018876511266375,0.5615868801152498,0.6643773931025608,0.9946795741879862,0.6221923418270658,0.13191862734856608,0.8876999261824209,0.07145764783714713,0
1.0375386092301586,0.8570562020591226,0.8852577940747623,0.667158577225593,0.7259845395506153,0.77943825782444,0.09211357530248852,0.8164521929643416,0.8112232832907696,0.33558944490290377,0
0.3840562909198079,0.07967191541008523,0.6850580898565455,0.22534442957622736,1.000427403194129,-0.004043612030264659,0.6566079403885416,0.900747063646525,0.7865602819374811,0.17344367108758962,0
0.8570805108826297,0.7181872218593555,0.5266168283836258,0.060632658682668455,0.595099359931549,-0.007246710895249163,0.8785681758176415,0.9736568809619742,0.7129997496192663,0.8944893148520008,1
0.7001745082879951,-0.05316257299602235,0.7559808734896052,0.45919439667089434,0.6519377861946323,0.46599689236497277,0.07844657135674299,0.6469378132492141,0.4731004971346795,0.8066826895928277,0
0.5346108150104533,0.811037714940478,0.5244541653756125,0.35970357015355603,0.4456435072661979,0.778289495847183,0.16650881285412394,0.8087221748545482,0.35024677627313294,0.3953331155170459,2
0.06571981112871443,0.17364163380083095,0.3429339731420555,0.697365042429682,0.7997802412602258,0.31442535777071207,0.47766484490106836,0.9012402764463426,0.6355001172198138,0.32157951693333253,3
0.8380382806685506,0.653937250576291,0.4533586999317092,0.05859007611494716,0.4890730502440893,0.017836919288026568,0.7495345751253599,0.9947918723791603,0.7935794756601267,0.844545842063437,1
0.002684789383705417,0.10545580559476259,0.6304557250228163,0.2652282949663255,0.03331976098548092,0.2199537979709132,0.5744033346823098,0.2319663608312789,0.6815959398863284,0.7732912937763762,0
0.011551288140746407,0.8147367961432781,0.1695634828874003,0.16623108812528425,0.30790942553253764,0.5573614801275191,0.8785175791442215,0.16864925439240613,0.7961703331506289,0.136389534522172,1
0.6180047421207155,0.8277096086798357,1.0773733943737347,0.7881817263200201,-0.014439946081946542,0.05806192713971424,0.44726195534925794,0.3877914343343122,0.24248007639864835,0.3470666446358182,3
0.8323279933527479,0.10601698349618711,0.4678327531257549,0.5361043535656026,0.14240529667637372,0.028986732947757596,0.18018631540364122,0.822470661718586,0.5206087103747056,0.5222295717905803,2
0.7462270379374273,0.6745888517162844,0.7529024718310916,0.9044959317258341,0.9015976096064853,0.6687305786925501,0.24344460523314781,0.31849840322090456,0.2607187972634125,0.78751229787335,3
0.10848640924651606,0.47271898779105065,0.3113224751837509,0.9655184195420712,0.6099297811141058,0.7903855199042319,0.3479683146073593,0.06897828628676472,0.1620069594038222,0.05206984613944297,1
0.839039926950165,0.15108599179054288,0.6412012688103207,0.08533846633920678,0.5361624440330344,0.382325098164229,0.2056293832884875,0.9373327822958418,0.9261288034936186,0.827756057627549,2
0.6526719782622976,1.0926314825061572,0.873370895268215,1.0454430043048837,-0.15424569764576135,-0.16129647745714937,0.12224572314829826,0.8368736695616983,-0.27092913979016403,0.5772555398934699,3
0.6450493976816288,-0.007661473046886823,0.5908033103058725,0.5417139892054529,0.6238943033299156,0.5839267847976751,0.08831628254443286,0.5879675268827727,0.48272015860014017,0.730980414553337,0
0.6000699217412749,0.7499555646016973,0.39737724636795335,0.11427188386245068,0.5320695778820869,-0.10596063050498004,0.6246358728036943,0.9339528749712799,0.8837996283702322,0.6903915444988844,1
0.13747860400511636,0.20300336845886552,0.328179303440353,0.7005621323798469,0.8444645603289114,0.25226682186366933,0.45442767633952375,0.7816931115743708,0.5924474045306428,0.2681909334217737,3
0.8517042220277168,0.11063064550451057,0.6906005487798726,0.06257488060863975,0.4873503085547508,0.40574676125957726,0.2598592386175517,0.8924691164699443,0.8909580984241426,0.8178464414565594,2
-0.05438596097739194,0.8849784646855765,0.8949179277740943,0.3538873001999991,0.13925936189101035,0.3989523444854445,0.6660711577320144,1.0441851508972846,0.7788236574755295,0.17151787897960696,3
0.7721330960266768,0.507928209061995,0.5497039719669712,0.7245036690188218,0.6248221992660719,0.5992093905472895,0.8027229446768199,0.4613807457429929,0.8249330452763427,0.5742661024720881,0
0.6662257023461198,0.2275691300056848,0.07720596620472583,0.6662422317717859,1.172496529964433,1.1110569460053559,-0.07846088422202623,0.7183852768814594,0.8962647766512507,0.09498054408613778,0
0.18376387448020629,0.23848732446874707,0.8233912925215706,0.171369857777663,0.7347139918219607,0.06542713874792505,0.7752374094353144,0.08823503308697372,0.3019568370025516,0.7372270487156453,0
0.7944794831024682,0.4453107176778719,1.091289671680113,0.11315223850029886,0.7934090486100763,0.4248962914427643,0.7308703812492063,1.1374104720894689,0.5223265817087837,0.5373860227562888,0
0.3285044699138633,0.9018285968992834,0.315120315321565,0.9210171245720173,0.48991173175173885,0.0849221509501225,0.7708961543822223,-0.030581913799309662,0.29800372487836235,0.9706844341962645,0
0.08236926027411355,0.49740173003162735,0.2846918608906374,0.24543387915881326,0.8554819087259783,0.5478269144456481,1.0972493404205446,0.24576965143889437,0.3601403287506625,0.5527103624348312,2
0.670787833889447,0.43101686908693415,0.8851090774922147,0.6570510344585228,0.5532992907580949,0.6941599588981533,0.43505301443481603,0.4430648792854982,0.29346032481845546,0.30018585880849247,3
0.9318463117002977,0.2656679447108908,0.9200811498955719,0.3539001219319274,0.24660563735625432,0.4821962254941815,0.949661537405244,0.5719009488876108,0.386071417429947,0.07301618010220104,0
0.29525619685208737,0.8273558666000436,0.8870295978113018,0.5302733332964904,0.4612719198154547,1.086692444272966,0.12049803316302651,1.1380461331939313,0.13083390333535455,0.3886535055135968,3
0.5161116649436326,0.3640258205586358,0.8194977628844013,0.02611337339540787,1.1082869919823353,0.07504554841784901,0.7638516439339786,1.136441854635386,0.4480059303272664,0.3621333477268197,0
1.0195692451516347,0.1662420395713503,0.2716447226600411,0.8621707222897879,-0.11073755633850274,-0.2969289596665951,0.7629117793496214,1.0882235297777614,0.9357685803140156,0.38348081769376813,2
0.6103770823582174,0.7528702756395138,0.5001167161386805,0.3522498595120493,0.025643431882451648,0.4252754140209531,0.731990956921476,0.1934604179170012,0.3418788359876551,0.6919922397230623,2
0.8729887484390855,0.12732209154846816,0.6777362275194571,0.056121825505813114,0.5538962622887392,0.4277555905478182,0.1929023360484837,0.9469374894036583,0.9179359938825079,0.8530698158009674,2
0.8620533982170333,0.6300386516446775,0.646959885181712,-0.036054883391615736,0.5133699731695768,-0.030696937022284307,0.6641677718139889,0.9368309380941956,0.6943313487524455,0.9310158682038613,1
0.6714928377634628,0.7849123983081525,0.5005855401366428,0.5320402824289264,0.049327738119858314,1.0372351672995754,1.3723245268552038,0.9180074226895004,0.6595259141465123,0.7954613470514866,2
0.9043593855833448,0.345371858891442,0.3257198444544561,1.057246095653219,0.6526055377693494,0.4796977683978708,0.9444042779353683,0.6624921532047556,0.8397551666083595,0.49314334162006274,0
0.7336858078921574,0.2346721688630347,0.43698017674449185,0.4951793509381728,0.1266281615472703,-0.06662149227673525,0.2804739917946041,0.755868120456015,0.6746263840816165,0.7133810443602364,2
0.8659779954243909,0.3865471734164236,0.7569686548131349,0.6257737287657451,0.6780736041432539,0.2241762925792024,0.7085744406974929,0.9945290536894048,0.9604528513117195,0.4738385001454781,0
0.688702920333299,1.155338119277319,1.267935892747209,1.1965630285292708,0.9619142777663628,0.5801369464712083,-0.4448821801453545,0.7709659420342955,-0.19897332636888676,0.3923368332320119,3
0.17077116729969624,0.20907970099360826,0.8271642064914793,0.19582609654665153,0.7603787058159555,0.08378996661104743,0.7672408222543151,0.07668634321645189,0.27884845789896007,0.7598061651516895,0
0.6397265505527505,0.20047210454785713,0.594657965345927,0.8173862042169198,-0.0965816091987246,0.2794066421683921,0.5654603149304765,0.5802917474699856,0.42422861708472814,0.7309808332386711,2
0.1623349345985781,0.6464125996809177,0.07819997050636056,0.2655290104736077,0.08459706104768626,0.4416722969981386,0.6344851652935924,0.1568885453925953,0.9308463917248759,0.014312051554451234,1
0.22604765959932893,0.21665646858987142,0.5871970896995184,0.80146534360074,0.7246169591667445,0.8381627049428546,0.5292718776445381,0.2381615250671275,0.5649796126018388,0.6649304330121584,3
0.29989244732233,0.31392566812662187,0.07045673692633148,0.7170255285635675,0.6772647364830106,0.7870204594549964,0.8663188006480613,0.8391610631350804,0.29668845546140227,0.6015481224153023,2
0.8612619152024156,0.39917418698824275,0.8082578595703507,0.5672826873256622,0.7039329836135818,0.2780701805004267,0.7387067429559836,0.9683845237519401,0.9902838276722756,0.5154694020216841,0
0.46943417670892706,0.6461915754540399,0.8433869251490268,0.8849765317796595,0.18888390404226824,0.16512490181979278,0.2766925907925818,0.6322371771129889,0.09627974448010321,0.22517418617399784,3
0.2649701231375643,0.557091918693419,0.21028539159800191,0.27121332143816457,0.32782356754157216,0.8128831319404933,0.6918984005059552,-0.17923820214369496,1.2491138842754452,-0.029264529103099984,1
1.0554973167856776,0.39016524439326067,0.9918164040205455,0.5458030191117351,0.5388478925391991,0.7038933834102816,0.1996741475559958,0.8011816029696175,1.0758102093143815,0.9546586807931158,1
0.12755134436994142,0.7958593397329201,0.5072497688525035,0.5744962060023546,0.15816342022357655,0.8129152142858121,0.4821873868539457,0.7368819102344998,0.08568851782725596,0.7231122877681406,1
0.13102782367365493,0.6739510326079717,0.3815778354444608,0.4466535362830786,0.07966097981700404,0.8296777027798937,0.586461564182395,0.5925623299796772,0.24572649372315544,0.925300457640349,1
1.023838122563184,0.5052294215955981,0.3275123057877602,0.26224793066219076,0.5810800611046107,0.6830716259742065,0.4626671895431672,0.5489513283530083,0.08521438721310007,-0.11905950357410769,1
0.12382871798313186,0.15231409134422558,0.2991051802018517,0.7127849133066121,0.8131765374370985,0.2222712320889461,0.4011895831224559,0.7655180730724257,0.6828241171422484,0.306243794899381,3
0.23518149235010583,-0.04367888304940806,0.672722517648339,0.699969384205918,0.9009225633720903,0.9967533156298313,0.412979483417133,0.22271618349412844,0.6137401616847895,0.8377880456317498,3
0.20170665373172164,0.7454835571801653,0.3521476528182974,0.47152480040857725,0.5879234664653163,0.8652933673807587,0.5501570947722448,0.08651502785192527,0.9200610944547973,0.15001021845339152,0
0.38528814199912526,0.40330691381741,0.6197872876118409,0.3688488953407353,0.7125238518666193,0.1007533540216512,1.2493253057069071,0.0708490726006476,-0.02330716681657813,0.5211996963131488,2
0.8423927528395599,0.1475610098829166,0.6421071642223217,0.08732496762845456,0.5298587051157845,0.38766617236472967,0.20698716778779813,0.9328372193398878,0.9332278427527615,0.8199757102868365,2
0.5559756827679568,0.252124203571767,0.09048078871664729,0.97814845701706,0.43238597155670583,0.7721491375453537,0.9795580689853243,0.6821689653382478,0.5188768545158963,0.014363947599024048,1
0.39958910238947787,0.11601398682409247,0.5429600209784794,0.6374502000727781,0.09961867408393339,0.5049054491312208,0.4310037940431598,0.514475561850932,0.2907464644542094,0.7477733357170162,3
0.8730344586336705,0.12211611301775835,0.6001473898743983,0.060932451005566685,0.552495463065135,0.4037187977890729,0.19395664451611905,0.9154242253170842,0.9040968814449432,0.8547441171898948,2
0.0164557020715587,0.11055648894901163,0.6371570293345461,0.24502851272345003,0.0430740943049007,0.1992835463389682,0.5814631052325471,0.2338194805714911,0.7012256591983779,0.7661019560969126,0
0.5572561732042387,0.5865032334669166,0.9071777099758678,0.5275846788598966,0.5024477001771899,0.6459862180740371,0.5735005008644535,0.562527276494523,0.20571222242970422,0.44296037663327475,3
0.8654199338400117,0.5708978751797824,0.6981222198913829,0.21304808558333901,0.5998982111520439,0.8810740810435901,0.5268692350761103,0.9782444311248952,0.2451717626477354,0.18275972738049984,1
-0.21493504347822873,1.0987429747121111,0.1632336419019586,0.557340484515354,-0.14080345562580426,0.5000919011589524,0.8705990009843944,-0.23947527655459178,0.6276197364698742,0.47314301821197713,1
0.21251760546726822,0.7873618750507544,0.3192149694521673,0.7118619289635516,0.9662485991014661,0.3203212685842594,0.820029824954007,0.8971749901789304,0.2849641722199644,0.39828619747464616,2
0.3635639114969278,0.8623564666466331,0.43790427005266286,0.879738199043251,0.8162604147273822,0.12151359014076116,0.7898873031104441,1.0441517653680046,0.14701260898701196,0.38137231997047616,2
-0.12454569260567874,0.7660538562574188,0.07822941195791326,1.1187066874401341,0.22422331527238634,0.405865001618423,0.1656423998197461,0.06902782785544134,0.35772057416944497,0.781313721443105,1
0.8365148830865188,0.8357173234589911,0.875972197695571,0.651695746797943,0.6017244206281449,0.8319389966176116,0.12298106683168591,0.7366954322057025,0.6689985349484788,0.4811525228199662,0
0.8955716056021933,0.19457813209602237,1.0085816345876408,0.4501879234405279,0.5612775089977713,0.6354047594947098,0.15790404837896127,0.7585966043550869,0.9310004113728225,0.834073444256646,1
0.7181841994430408,-0.24536540349229652,1.640010427321523,0.9681871383408998,-0.3089829240588903,-0.3284767643015809,0.9141811937840006,0.1335241226457755,-0.03305095723319118,0.5434903036622618,0
-0.34142706141626034,-0.21894486990678602,0.12025136600278735,0.27426909352385453,0.5298307460248645,0.8677979277975406,0.5472144162926542,-0.41162489693176035,1.180393874302532,0.8224792017650019,2
0.7885647133849668,0.32711597066417675,1.1205556643498444,1.1087771549845455,0.014673283649228708,0.44332754645317024,0.819674117072992,0.08547779924170729,-0.23409736846266738,0.6361469673448906,1
0.6402618267702156,0.9859257073748219,0.8565438790277059,0.7079926285254831,0.5253262609159935,0.9554700133787646,0.16317588060352295,0.5980347004633031,0.7280985003527876,0.4862368931788999,0
0.1469774860995805,0.6505815276456606,0.5391450200662794,0.464441120607084,0.7461920095009285,0.9125475284662242,0.33325594065357445,0.05292624262941524,1.1350301774607046,-0.0034286902717401146,0
0.28036675281680734,0.8998055859117104,0.4163490197428979,0.8636838970625023,0.5437916460363925,0.1529473993843418,0.8800127363058481,0.012226201101222273,0.42562078195132197,0.8218485417192168,0
0.1667876245188374,0.21925478049206243,0.8202959408433782,0.1909477813185352,0.7668809190641716,0.07688778164974278,0.7794611492744599,0.07021978044614213,0.2731947621612077,0.7626226349894922,0
0.3185761569987571,0.1427003052457179,0.6438906644764989,0.8535988895939851,0.7735422719152911,0.8596075687709649,0.5422350675292352,0.22141831814545124,0.5222966174629772,0.7257843556100068,3
0.3450810653904587,0.3377586679148764,0.5311276743819275,0.5125356911353632,0.19758743492674016,0.36801462014172714,0.4738685446036971,0.6253914368234083,0.1964022897261222,0.6036985009524481,3
0.43031976190313326,0.19776879143912846,0.7956917898989903,0.27916563502699165,0.9435727424775326,-0.07876773308114313,0.5849950688293811,0.8980753950807471,0.714282193797835,0.22069285903662744,0
0.14259592885076214,0.22577091814831443,0.31555205309271905,0.6936317556347963,0.9082983906117799,0.2510743498347577,0.4169161696740979,0.8417656774397987,0.6133574460575046,0.30736885729247715,3
0.538325853696716,0.7986408569646849,0.5327215080742614,0.3582621407550726,0.4365829675988332,0.7874328888950805,0.1694099066389278,0.809539385223027,0.34827229414448063,0.39382165880826164,2
0.6216247314138936,0.6226083379154961,0.6268633987552661,0.5865637139204389,0.5901308186372095,0.8306416871118301,0.05095659760785459,0.9235241713944317,0.41828488537412745,0.8264624730564409,0
-0.012886900851773155,0.05959864214592753,0.6818227577028744,0.30919142980397285,0.036755248748659805,0.17161905448362036,0.5795629693149441,0.19988647822862649,0.7202685199452087,0.8044803525330907,0
0.82811281497665,0.09616099806354053,0.6344327725362392,0.08363826873946358,0.49889648379234103,0.41255103884378685,0.2348463946062901,0.9676098180934044,0.941169770690704,0.8590689808711206,2
0.4491192537342703,0.032062556753738175,0.933222226606372,0.9051119006305054,0.4659745733497971,0.7811496325769444,0.2264765535723531,0.05698174283159738,0.6575387844478832,0.626591032828561,0
-0.014451714823028192,1.0002622503626897,0.9298335324403726,0.2580004401672749,0.13388804999923792,0.3800601240617061,0.7531920914294857,0.9773550445201284,0.8466435640479069,0.2112758873305023,3
0.537754483411201,0.7957386290909233,0.5311148284285032,0.3543143293364521,0.4378506364318375,0.7883875696796452,0.15132729672841946,0.8169514252741501,0.3560974073804163,0.39173362910274606,2
0.42489522359628273,0.6033784059812396,1.1359974470252066,0.7459051213484712,0.7471620015603633,0.47761885624020084,0.7590434440662398,0.33613918785973684,0.4664287419029821,0.5086845514384545,3
0.6233414122673786,0.3514102817782707,0.4156962476203325,1.0229519055050624,0.8486910319730686,0.660417851378572,0.76740523462479,0.5260213047958523,-0.07967622945913289,0.6105141310520367,0
0.8929934950107268,0.38922278069599753,0.809688161299346,0.5491063540788433,0.7300642161278608,0.2863313055097719,0.7486134460466842,0.9884239976912444,0.9706394168330942,0.540536889105058,0
0.9304438555397359,0.37269647656402727,0.8489327309447888,0.1750059686824802,0.9939610405158332,0.3974686014073184,0.7525684360401457,0.907282999839171,0.6999364927225207,0.577798879636997,0
0.8439401817010055,0.14869920546735074,0.6436320844046647,0.08751342960675151,0.5303776783901893,0.38883627218823297,0.20708038204832657,0.9318001382433955,0.9328069558549352,0.8193479572036275,2
0.04584118594680925,0.5775927615599157,0.2234812029910368,0.9286757356668736,0.03878936120313962,0.3983245835143203,0.2549663978738166,0.20012565484090528,0.475406149213999,0.945150864687906,1
0.903767221659045,0.3106729463669345,0.8369412741072664,0.6523891375243163,0.7651622026579908,0.267990995986869,0.7359846760742478,0.9646842023049924,1.0044867470443963,0.45729221356696603,0
0.3121625964645717,0.8577152662122649,0.3662681269804407,0.7870454868424148,0.8610347625933695,0.2656090796261138,0.8714916591698547,0.9665640077204898,0.2479723078596566,0.38250851715021683,2
1.0553204856515583,0.5374811921133844,0.629656485433474,-0.033018707671056136,0.6048750672083236,0.9796797773236308,0.8284694736720574,0.7427572552355455,0.28287002044628135,-0.17516182342410125,1
0.3393117865678214,1.1511781894054738,0.9079883919873019,0.2691419210229681,-0.032737699229525824,0.36415810137705373,0.675670082689019,0.7422263449398275,1.0090062245015174,0.04430987404841025,3
0.21643368572944338,0.3004966758803461,0.4744536721173008,0.8830705695717307,0.8100891543925643,1.099619984370999,0.20845741025864456,0.8717646452255439,0.18760505848137443,0.07173580722827094,3
0.014599341365492902,0.2792700590080138,0.530203475827865,0.8268160007595746,0.7846327313417678,0.5799364210392379,0.6388466890185257,0.19155876087778748,0.3921341322704751,0.49245741431229734,3
0.23710484871090312,0.3212367810848581,1.0595651267049422,0.5753503695728048,0.29403145644867695,1.1184483060139734,0.376059454126226,0.001269304652367284,0.10161405152755248,0.5276100215471602,3
0.46689923694661795,0.8758938757256609,0.1225722786583876,0.884907573307235,0.6390998345678358,-0.005566441311067705,1.1309045749473845,1.022180331933868,0.4010853878682924,0.5582444173377988,2
0.7957986246741009,0.13915448996891994,0.5722133390666724,0.5963595393007451,-0.05063716503949173,0.11088539060117157,0.2074472631526615,1.107360961854865,0.37780376639425395,0.5696536288337632,2
0.2556004496323654,0.20860970506615573,0.5595580429193777,0.9481098434341315,0.7422276514512327,0.8507777216980453,0.5693532682965228,0.20420450417789776,0.5331013311700293,0.7322637109780123,3
0.2522706738177218,0.8552992168074781,0.44256285878144536,0.9490235557460772,0.547555674207402,0.14103303586358096,0.8788626153821174,0.08680366455744111,0.44174937939072795,0.7749232174957404,0
0.2770896933837717,0.530131442936169,0.3362645758089036,0.9486058701527075,0.5358768440159504,0.9654354667332979,0.2570275588053429,0.5014702539484894,0.6066197928685216,0.4536274120246043,0
0.392114499781009,0.5875216428105018,0.8727217350243524,0.994088266850938,0.7596542494694606,0.4862070406052082,0.3614353639493106,0.23323448151233844,0.06454344448540114,0.13488353572470518,1
0.8833777563892761,0.15558493317211886,0.6013297779923454,0.05428966565656826,0.555819944040574,0.3561262432045752,0.23715830871916474,0.9152873244071695,0.9410581057075177,0.819591178826976,2
0.5455039932114989,0.24789851204533092,0.09270845683891892,1.0171587520475909,0.43960829614050234,0.730780584640519,0.9584949913018957,0.6662711962681568,0.4832343465505393,0.002796036218305058,1
0.15917284729474174,0.2145949419326789,0.2814420980388435,0.7133123947695892,0.8794044679092854,0.287862935866746,0.4763108961141528,0.7910566793948852,0.6622686410725087,0.2903191905659241,3
0.8537298987225975,0.34059571742358236,0.7876766162260177,0.5665090250355798,0.6503896732817114,0.26071715842975435,0.7091790683183568,0.9632330553553076,1.0437519969859148,0.5474387942520929,0
0.5818080008237537,0.2575722583001172,1.1228655100127596,0.9440167858504978,0.5240204244510668,0.5892773203457483,0.41834032346851,-0.09667639892511784,0.81791326012705,0.5757781843315541,0
1.0414944860993123,0.6032052242479755,0.43357674106191574,1.3322801403659874,0.9564281736455005,0.3957077343286376,0.6107648071430446,1.1055584603884951,0.5706321162227015,0.33513992641308565,0
0.397383208336859,-0.09610480408848926,1.0066469426358164,0.8038385077881629,0.2876868886042826,0.6804063874183589,0.06673477356835636,0.31966331338681264,0.7433088363376845,0.8778006349645613,0
0.9371109784550473,0.3840329977158847,0.8491062563690241,0.17888528621737426,0.9955689652192073,0.38879978236791685,0.7576498188988561,0.8966604975681551,0.6990816849950063,0.5827466964671923,0
0.1244223071090881,0.9131966022086903,0.8621002048100685,0.564384247752862,0.4441836931905637,0.9100740540220519,0.19322379320938451,0.9563217652326326,0.009323627995125476,0.2313495176319532,3
0.203225690062353,0.9385603184105514,0.2578498433023574,0.6127884389249294,0.9931422745758285,0.2782109534164222,0.8898569182150302,0.874502206206887,0.252560783091607,0.3204856012092332,2
0.3126877748653651,0.14175616452101802,0.6527617290597472,0.8665096357507814,0.7599461832767933,0.8559640935528862,0.5480376545551895,0.22673971948421207,0.5223477368915289,0.7393483571214822,3
0.6462392601502625,0.3199668754447988,0.17807312803002573,1.1171856187566291,0.6803198177806346,0.3120736723019899,0.9779552112902474,0.37686863001662146,0.9255328310484751,0.15622497530874324,0
0.5438369640291466,0.8105372967284485,0.5306484521519463,0.37576185196522244,0.4393699913242919,0.8022302794837922,0.1491016828894296,0.8044616966569111,0.3469397140660569,0.4042141536425395,2
0.18695538411105653,0.6140019870573643,-0.04898832946520654,0.34946382028429224,0.1154164674878119,0.38718826175578575,0.6625122626475952,0.2586780664371995,1.107597501942172,0.0016240778427851418,1
0.8443880482985896,0.14894954581242908,0.643927293540329,0.08937094040021068,0.527488121841903,0.38993943481785404,0.20826685263579503,0.9324722129616106,0.9339391131367145,0.8211606639296872,2
0.736297865356377,0.3304938449533289,0.6203602804881081,1.2026315148862203,0.37008355829039885,-0.02688442389575299,0.4372045585961182,0.5990680385174609,0.06622874687252081,0.3909781820381927,3
1.016626386251926,0.37314619514185815,0.5953311846025872,1.0359107374924716,0.7027291560741686,0.45258662661294236,1.1297319507842702,0.4420272135211394,0.8085432558571148,0.6085190871027967,0
0.9301991245611161,0.8569784124284336,0.9634944327337974,0.6731677091547039,0.6468509326183877,0.8314474592099408,0.04660712940307386,0.8139143006368629,0.6646272317158951,0.47847375679976134,0
0.47899134947090555,0.5324483113391419,0.24211375017175277,0.6592548855456603,0.7791632465875722,0.935163308882126,0.00137196134335342,0.6715481369970764,0.9763996776500106,0.17079762101402485,0
0.6759622857582269,0.5980075711431685,0.5553025759310621,0.1754636606445701,0.4409308988441927,-0.04772037034048585,0.9055082460297341,1.0848573181214825,0.7628361677547488,0.8679483440591154,1
0.5336980433316246,0.8046451932611121,0.532901780679873,0.36091297058045874,0.4388551782481602,0.7888187928343341,0.16405214260384243,0.8142762799320206,0.3489257738623144,0.3898324317498302,2
0.25583481846843176,0.8618481536030282,0.9958370273249557,0.5205607413683133,1.003921286492778,0.7881637199365081,0.9858191437637633,0.7550080181178783,0.7090018610806192,0.43963908715012556,2
0.8453944804998267,0.809317540245043,0.9181119214975353,0.6936847108836904,0.6683590855914671,0.8442128452223042,0.13296389457447336,0.8269301699081496,0.6374107576959459,0.49956369416635876,0
0.8147692611391992,0.4328867913002632,0.9234324720950148,0.4077736462470355,0.09217287763269798,0.41843077974201204,0.8006088792024447,0.6447840167683929,0.22357753036534989,0.20022566198996952,0
0.10965676566453506,0.3450107235859148,0.5070853742580366,0.2744966179346268,1.0355153513826756,0.6632936127632048,0.21745007764960694,1.072162980841878,0.7242828750094209,0.752092533761801,2
0.20958103088166594,0.901376821340454,0.9477904692662685,0.5014653664216674,0.914417252243222,0.8963327812193883,0.921854495435994,0.537755460265724,0.7515260219591184,0.7942429939158229,2
0.5385999332956833,0.7979331416678639,0.5349674804291307,0.36784044328173565,0.4338176176789526,0.7898563244158444,0.16627688719517755,0.8162642499504521,0.34585558008852163,0.3820309041566099,2
0.6700779496086589,0.4936086658391398,0.8636923179654581,0.3514299086690768,-0.03142402561256327,0.3204268998960547,0.8383264391575984,0.6121682540136458,0.11744709096295125,0.04664608553313446,0
1.0702396691555978,0.5896246477817083,0.9121257556120022,0.3484216742810339,0.5455805519534886,0.8943238208889319,1.2845232454159792,0.2027820356877758,1.0018305809573511,0.7871360765572893,2
0.4278051276412548,0.6882672630217962,0.3929764838982255,0.9787250992349898,1.0705546477241736,0.5090716267169205,0.7362751259106357,1.134876974000377,0.08845360113819734,0.22108542225093458,2
0.5728264214795558,0.1984998856848596,0.8631293973287191,0.47631704012997966,0.32238622584742066,0.28941383515633506,0.9012705430911744,0.5296511888928381,0.8088023108679073,0.9516911378554067,2
0.8174244484245337,0.7689255134011808,0.9012352361637814,0.7160798921420227,0.5470603722809878,0.8071984101024463,0.11250620206236336,0.6947487723505649,0.6091869684864023,0.47989918264099785,0
0.2408179297579633,0.8527605379695761,0.4092921204679219,0.5600717141676727,0.15761491499248229,0.749388750254477,0.5577288906510971,0.8172139015813857,0.06382314834481356,0.7975421835742317,1
0.5324046416100799,0.26362970400503877,0.06986564463799452,0.9714852126522662,0.41614629126097824,0.78221143371961,0.9822707644592142,0.679698127289684,0.5098839343722793,0.01620623205935181,1
0.0011754771354641955,0.08992668017318248,0.6107715602603637,0.2632477439332533,0.00945418484908284,0.21712918378147694,0.5878127526128935,0.2050484509464618,0.6650096692384526,0.7609115343389536,0
0.3046523950272385,0.6892643486824896,0.41693577251328917,0.7024231827044677,1.0265307460123603,0.3240126392836853,1.0127196748917184,0.9767185990420882,0.12558836744034635,0.23825593785837776,2
0.13827089890373992,0.4637428173879831,0.3112648363418268,0.9725514735818811,0.6125554489334275,0.7645254981097661,0.35212810330425326,0.08988629951991761,0.18942106667185948,0.049967579267065354,1
0.24213583344813805,0.6498372070926712,-0.042719345946221426,0.34213804112168533,0.11513595950692274,0.6367123249466872,0.7745426786978258,0.25851251727051516,1.1054326521558937,-0.07593073169253668,1
0.8899320627054476,0.37642474914273616,0.8780229380199526,0.21771553242808353,1.011702138350839,0.5125914323279349,0.6494808147838458,0.9325990845409268,0.6221642756683475,0.6644827276511119,0
1.0953379370784337,0.657590906946867,0.36389705965444846,0.009074732324566098,0.5943944752423824,0.7279153168561778,0.47350149432513433,0.7704891383422025,0.24097764427274906,-0.0026732622484958307,1
0.7137260821455039,0.7159400125902684,0.5820980839814522,1.1492532877118908,0.09539390541047915,-0.03816589839916984,0.4021296019021939,0.5221854060574302,0.17803426715501341,0.2676719349569678,3
0.36577529561480304,0.05499253342199503,0.6716778412212853,0.18695553908127696,0.9731333259379871,-0.019812938981178866,0.6717852881916223,0.8829631864507332,0.7487867687886184,0.1819140284440851,0
0.8930485473984898,0.10425851044921317,0.6355930116066206,0.12120230121311376,0.5229158714757832,0.3774605322987908,0.21936057900982664,0.9623796509391721,0.918304311816446,0.7977760215599148,2
0.9595287958142106,0.665417172056836,0.5803472940519536,0.21674402784983315,0.4421762817612811,1.1113039914161313,0.38607123876753713,1.1469640988564702,0.4145819812570085,0.1754331715883047,1
0.07977560965188762,0.4497269064798434,0.30447381850220273,0.9947132148286798,0.6044716142440145,0.7866638249609378,0.3917118089841758,0.05776825621893958,0.19608464640392664,0.012474487461684197,1
0.13936502773576515,0.18590358037504034,0.47849834681333325,0.7839264744322153,0.8914414380614084,0.8123609655436146,0.3966759044681383,0.1557282860297137,0.3664900018751013,0.6708239814160433,3
0.40321435495151803,0.9663870790018522,0.4121959234519043,0.8537303446368328,0.8165945872709397,0.14887072686512148,0.9357448093620859,1.0017750401262926,0.2182574946155638,0.339349221582139,2
0.4797119700476305,0.032442449186323476,0.9464709746933251,0.8706409988287074,0.5252609710626874,0.7298677777567221,0.28302670291149173,0.11865592455101269,0.6323009394968919,0.6672951298780662,0
0.13089580190514327,0.8008561768395608,0.8947286728487207,0.18819047764721822,-0.06718851498172848,0.27286017785613575,0.720851123117281,0.8274908900343955,0.7166013133134781,0.0217998042640936,3
-0.09796392018665373,0.85911608436712,1.016505740284083,0.4606252384886329,0.14862837639045828,0.23769352739605987,0.8217036238649664,1.0402679240696964,0.6782750325277643,0.17628881760990717,3
0.11054092743474714,0.2042960447190041,0.2618288654211333,0.7418260861184767,0.8939020298099142,0.2354219231843765,0.45419736444416725,0.8154854375924263,0.663541111442713,0.30724731112136927,3
0.23985437672454205,0.5057726582882747,0.9777831884399799,0.9521512148364499,0.11933244595090062,0.2519295981144628,0.13933648465611095,0.5587990163269816,0.054280730284261586,0.266988663425641,3
0.3423997869295773,1.0358879036847104,0.4971897268877862,0.16230300022709698,0.0757147183456312,0.9740937836967001,0.5209363858978561,0.19612131312782663,0.7373707186918155,0.4389248469086221,1
0.6932523714332645,0.7940595950656445,0.12168356049463379,0.5966650885825346,0.5730388803197096,0.38568272181280283,0.5862120774232462,0.14095735628734396,0.42970600312087415,0.11292458864840949,0
0.13393901916669904,0.6654470009752855,0.3346337427997767,0.4592152379503823,0.5663630324908147,0.8256035366082182,0.5038664731013708,0.0707993893731454,1.0348119977675292,0.1748910201733393,0
0.5776834658217207,0.40898415169620017,0.766030767859334,0.8953270427319358,0.6976071583467831,0.6806323870087745,0.6754150627086567,-0.061148155808182614,0.2642830647914852,0.9564697072899935,3
0.2106461889221954,0.26763136469080673,0.14822429943592716,0.44978659318132685,-0.14329742123560082,0.3032256637220053,0.3485521928803628,0.5178568917938124,0.2356742096571945,0.6659228340609102,1
0.547521519723494,0.5400978844745553,0.9191496112839324,0.5789709701484531,0.5336034794124237,0.6420627251704487,0.5863071424775431,0.5792285107831232,0.14900988371838653,0.46172430237180784,3
0.2039769683979749,0.743551769289865,0.3518827652489176,0.7819869057417991,0.9526544592953818,0.34508949047733717,0.8085905402393676,1.0772368640287153,0.30270520179248805,0.2822969841268648,2
0.8731564600198399,0.3806782496516256,0.7996982461911619,0.5706794608791964,0.7160254035822692,0.2735040920707061,0.7289827775924163,0.9808133017165308,0.9934290163306269,0.5161535747482132,0
0.17494625879294343,0.21383573170307568,0.8296701056066625,0.18934254113651522,0.7557101017830818,0.08388717748494647,0.7631174451685504,0.08717827634945098,0.2851580053814278,0.7682112117362498,0
0.46193017257197355,0.45606577561511985,0.863375342243137,0.8483793142573448,-0.14698003435894685,0.7048556799972714,0.24108797560453843,0.7739551822529107,0.33377932876799316,0.5194106272806692,3
0.2548838926062847,0.12374138097878883,0.5947072107952958,0.8464057449685547,0.8100346346234137,0.8455981301715964,0.5886314862400357,0.1671404503848396,0.5094270540815178,0.7331037699121414,3
0.6880150230126539,0.6827084243200214,0.8366879567624621,0.3979664400577917,0.3561075705308621,0.6867064914964117,-0.06326824367657724,1.078951514517783,0.9355889876802127,0.3928710311345538,0
0.866799965984467,0.33930117711461555,0.8059700919572594,0.5494207208759189,0.6972779161296567,0.3230455564391733,0.7228929232826267,1.0193782244885772,0.9933929648635074,0.5151090475143156,0
-0.027307786677984405,-0.028472939964022753,0.7303779513730677,0.2711217597035225,0.12701306945831187,0.12083277923377622,0.5825058768729603,0.17906336392227973,0.794807524502083,0.779014321347454,0
-0.17923353734144365,1.0438408474939442,0.21551118334851438,1.6742242400293146,0.36481360913253796,0.3780483084930567,-0.3059093837781496,-0.1720704658898844,0.6726086429983419,-0.089128415681787,1
0.8499373522837366,0.8183706779529664,0.8654153677690836,0.6529529963153051,0.6132357134746356,0.8191290464421929,0.1253790879110641,0.764763479644244,0.6690422559128979,0.5092399301521893,0
0.38473863619877247,1.1482113595649954,0.5164292384067908,0.11599097407702286,0.7556149528076673,0.5404616309650301,0.41667788940731554,0.48666101991951477,1.3402515472503387,0.22464165529865882,0
1.0766639835046217,0.6997322306785825,0.26764929140781357,-0.013653775974840965,0.9913810502469541,0.3007795801045166,-0.6518399481112592,0.29146858002936127,0.2948525527729058,1.1834977771677027,1
0.5549511893203546,0.6194567713110355,0.9158647621250576,0.8107032399444909,0.7795951257101028,0.5312076654764627,0.5578374215557456,0.4044328953185805,0.11649554708754904,0.08436521587641835,1
0.16445658760201062,0.3651215921954754,0.4127466078324677,0.14466339679454807,1.0490731849267196,0.2973200130667235,0.9958417759058129,0.4092410896304921,0.23995430384737124,0.5403197696639079,2
0.24237251857392433,0.722681148959565,0.18720366517724313,0.629831503887963,0.5329532995664468,0.7062717184184668,0.4042615209360899,-0.033543798518019766,0.9474523694877628,0.2334056414174859,0
0.12715249307058915,0.8081315903799619,0.903343850634544,0.43779651979022255,0.953533753827971,0.9555196471388914,0.9848765116553547,0.42418228453322293,0.753258082027635,0.7820674118768893,2
-0.023729897273849106,0.09031246442959971,0.6555107940703638,0.24299958880912606,0.007729018162543819,0.19278618983556017,0.5732553514210139,0.2408789388741756,0.6622850719962103,0.7790568157937607,0
0.18653305642322854,0.21550666869296736,0.838871243588478,0.17717426013899493,0.7313810233398532,0.09012327289269467,0.749849745753945,0.0817439495932302,0.2647973551900106,0.7927684270809584,0
0.536062550097208,0.800716161240937,0.5341729898358256,0.35917950844225355,0.4430522949171552,0.7918881484587866,0.1627113522755639,0.8146116497251972,0.35345413399358694,0.391505708197811,2
0.9815544699682166,0.5372065928610519,0.7788170418874587,0.5380808144796592,0.7343500510220187,0.6633653662758348,0.13806324231084538,0.9330887415823315,0.7333471582010911,1.0763981686088873,1
0.7536808150634298,0.21431239060697724,0.5280218865775608,0.42274479221687766,0.2508324668479616,0.19086053003018555,0.26668681623848106,0.895734385058043,0.5841934989504789,0.7421093300211934,2
0.24408564543784061,0.908864666428854,0.42154080407138433,0.9063772443041035,0.5544341331962146,0.19651099137558717,0.9104791837898375,0.07152357902047089,0.4556927994156533,0.805907851817674,0
0.9799888295564972,0.6676141507534398,0.4875896008455172,0.12524912078819586,0.3915726939671128,0.7987854686383544,0.650067656118482,0.5653464418643561,0.23552214868888133,0.040221364915537905,1
0.48180836078798633,0.04790016108086969,0.8946224909665741,0.7976860659489323,0.45996637802971907,0.8531020247827715,0.24702350409192467,0.019646953024049216,0.6871145120145599,0.6970717926281175,0
0.5243224232386431,0.5940410167778352,0.7994125009245971,0.9614076612770605,0.283301682491069,0.2185373071689346,0.3765992134059671,0.6663162716636185,0.16767042505842805,0.09861621183137115,3
0.13343674281317958,0.15771836701474495,0.2923106188864618,0.7551015759068126,0.8672344177504254,0.24966879075311937,0.467830146777192,0.829777662511964,0.6605199057500746,0.3008196180241438,3
0.11374105526540923,1.0689526209617295,0.8176416694043909,0.31675210365366924,-0.07591584111575989,0.18461047559396143,1.0027981658226686,1.153066116341653,0.7837903424208187,0.07172524832960613,3
0.4576585564414695,0.5604443116148884,0.2197952451867138,0.6339471353552323,0.7866777175584092,0.9180192539638223,0.018574517038891347,0.6484823127309924,0.9827655625734675,0.18078900497333877,0
1.2184513063569802,0.8278459559619908,0.4429255973865237,0.0930870653250837,0.8012754672827287,-0.13163537006118067,0.7318270158170767,1.1369962795309634,0.5305526146463341,0.472609982556243,1
0.8276755047214521,0.6675557045096343,0.41780783981607134,-0.010036548781764978,0.42686779010403125,0.0011704134277033436,0.815392794080992,1.0789254748603505,0.7991043210117402,0.7904747996076379,1
1.0546663038254267,0.7384502612737339,1.1480636648353582,0.05607513637003164,1.2297165602424336,1.1848149773323993,-0.4804326584880738,0.0823346583352893,0.23986265783057228,1.0773780836080467,0
0.3701328127012873,0.13827953719651848,0.8621506143150536,0.679752402874671,0.3250924190116473,0.7276621160198522,0.16457869313122836,-0.022482864788580664,0.4116986894854224,0.6221942750612544,0
0.8296651474471415,0.5783064069147685,0.9775536724178667,0.5744334562592511,0.45422991969332116,0.8060745920949837,0.8129020434336489,0.35466511569016884,-0.11347494213450332,0.7231086573344605,3
0.7933552435564756,0.43650364272318837,0.8002099482931734,0.4932808017529605,0.6533752210782974,0.26336356158453855,0.7458628842767581,0.9424872482506946,1.0133814172182383,0.5331813893568281,0
0.3266744963384017,0.7169616586048879,0.14975621938670236,0.9833498597791043,0.7658723516349641,0.30532629280545764,0.815370186174276,0.9208367637451801,0.060855670315989346,0.2533696190139594,2
0.3219334036537532,0.08920926382961536,0.7146564858589087,0.9596784351093499,0.6655884481268611,0.9252892984299002,0.5023825966798809,0.31592362704121796,0.502392143373579,0.6501619123758886,3
-0.01000083247112178,0.11346884681438507,0.6234468217851608,0.2655465652936935,0.02729156525665177,0.2151284460496995,0.5846225020522029,0.21927950359324727,0.679876608536636,0.7714603494119635,0
0.3036729223048487,0.9026867437686132,0.33993579793093626,0.7775813920525604,0.8990035207024657,0.3058714492132166,0.8799268744230077,0.9376783948871268,0.3267598981555207,0.4150832715531766,2
0.9333367897456258,0.3818707418000899,0.8483152278352961,0.1805176385540142,0.9937268817040793,0.3859259882868242,0.7589228670699366,0.8946414772022667,0.697265931448189,0.5873168351855733,0
0.04606532666739631,0.8925671986519617,-0.03153637495864936,0.33174373581385125,-0.011124598560215831,0.5177192557283757,0.8729101236994752,0.40632555108197227,0.9608925363411368,0.27492496488498785,1
-0.5718423119526358,0.8585938391932689,1.306916482490169,1.4208061056432482,0.6900282801102187,1.434152778523645,-0.12893476587831376,1.0617346207230713,-0.3565967949802108,0.5730713690054592,2
0.493940701149948,0.9862666460740488,0.3689642913522112,1.1078064846115019,0.6803868418164652,0.0366797819982802,1.0402919422006471,-0.12782237793291626,0.3253779933508683,0.5472717415235999,0
0.5260228439698942,0.0745621382198699,0.3401926009506611,0.370803207112312,0.335891428884696,0.6082993075897405,0.4851817495949444,1.0120398293329655,0.35816711999734324,0.0219830768250614,3
0.3860991595999402,-0.2095996502381116,0.6454029523861998,0.25413433714753886,1.3005153898062682,0.1781828070037757,0.4696218491340528,1.0538402732953829,0.43895571527349936,-0.1062212726602344,0
-0.04034490793638955,0.6412301634200658,0.42394621590283804,0.30278386075376607,1.0229115164948483,0.2774078091044979,1.0406708763058194,0.2856640779266152,0.37443902305085597,0.5461304177784019,2
0.21388133911884394,0.08662884247008246,0.7415529686825875,0.8756626393052033,0.7884746507254596,0.7685273618078365,0.4426967588559214,0.19649790045833251,0.41542506121475015,0.6312506759315377,3
0.3966000973211201,0.11308392136332343,0.9895060306533138,0.7843839913284172,0.3932801820683118,0.7860225526470904,0.17050628416886712,0.03915678352472099,0.5426253870924057,0.5548939908177182,0
0.5659841048417065,0.5681898771245268,0.7880502690330817,1.1415775746245977,-0.018975669677451457,0.3753966280285576,0.4606966597799179,0.7349653052260872,0.3673641110354376,0.2662873037125148,3
0.30578320311911683,0.11151946417102926,0.6359266023801073,0.650328845300601,0.0067426372870125345,0.5896530582332306,0.45845272617719035,0.4594865113871449,0.2711778462636819,0.6949616980594285,3
0.3661013420681321,0.2298439344428373,0.29127955925658244,0.17556145800283038,0.26496353987736615,0.6035632694534868,0.5496241580290623,0.08594955395904644,0.7757903612197022,0.6500248592883481,0
0.34140530998792756,0.10390097978609722,0.6266443240156188,0.8978605654094207,0.7543231474581202,0.8866528077866553,0.5470089149301846,0.25194343655543217,0.48645669686019005,0.7421331535945105,3
0.1581958380651749,0.7781080687402552,0.4934317444837789,0.5667067423497767,0.14701545634970387,0.8418252331500621,0.5080042168724093,0.7080055876556163,0.0950419974860102,0.7344185790453003,1
-0.19657425211661544,0.12758189350540738,-0.37481640689311196,0.3553793910128111,-0.15785239101735835,0.8977140130224397,0.571177707322881,-0.03577301136296812,0.6529011582941175,-0.3711169783033398,1
0.23168810323300537,0.9043550375480035,0.4195308838333255,0.9066762876616882,0.5529722462277239,0.187981174420074,0.9002587923684423,0.051309198903439296,0.43859560872026226,0.808306437488038,0
0.5030690447742844,0.7113487404859083,0.7955983341668064,0.9462288157057619,0.6641963067165281,0.47078974305395804,0.461931344461584,0.32849905892075926,0.1995760136011823,0.07507012976634275,1
0.8039784549288549,1.4782871832505515,-0.3719777143216182,0.4203036871715729,1.2059378471768707,0.4762630647959739,0.9700515010990338,-0.19190073989181305,0.2780850152506824,0.6678413132085725,0
0.6848090357318408,0.4989171974661927,0.8638906447038995,0.39569562813046905,0.3826327868504345,0.4071666447703732,0.7899963217681295,0.5915604749550798,-0.007271679837954681,0.6528265624898415,3
-0.024324660308327455,0.13058882380009187,0.6246703193296582,0.2382128277319966,0.03579393438219504,0.20814897703175017,0.5887365110236864,0.2188262797264939,0.6586856959542412,0.7954543945738596,0
0.8748700781087817,0.8106218371073387,0.8326203894503021,0.6425635558081799,0.5371345553885701,0.7524823383370811,0.18195545398626145,0.8179502644842531,0.7263268273058154,0.4560169479485887,0
0.04610455281522893,0.7042915415721677,0.5963340349293393,0.6396143655989321,0.1527066234196076,0.7475907575650229,0.43727364598711127,0.7694386892676942,0.05500644043672469,0.6364010264579115,1
0.4670715191434281,0.0053805373230044395,0.3361237568900201,0.4001933477632385,0.29873249113044753,0.6609305220127681,0.5002751807282413,0.9523194735519547,0.4278264453125089,0.04134262565937453,3
0.25704093356982705,0.2758432940678746,0.3676372781448126,0.8415757806899468,-0.1795640901305964,0.5492227394997247,0.178425774405786,0.14105423438006714,0.10925684923893786,0.6369798002629972,1
0.013746696503554348,0.10984074760987765,0.6112987762898402,0.2681273015967307,0.0506827539214129,0.21731314896583495,0.5779573367300113,0.24007828584795532,0.6688365585430789,0.7647789095027709,0
0.03690797569638912,0.5825889830735159,-0.2028498307137246,0.2838816790844468,0.1785064356523851,0.669304018187767,0.48740587443370403,-0.10445121493496229,0.7578546721651942,-0.1855441586959967,1
0.7367628520718862,0.4721105943115932,0.9289400852855891,0.37293271112423126,-0.04055988210847955,0.3718341570214749,0.7286665121113594,0.6950911470990545,0.29477489366008497,0.0879485370220984,0
0.10638044923675301,0.6454398741078795,0.4011374038451177,0.4117689421119463,0.45534561269545454,0.9398211027978965,0.56797881829646,-0.03420529247159233,0.999451890531092,0.19602721996904532,0
-0.002876291567033005,0.09752060325998906,0.6205126585080765,0.26651714224236217,0.033382907982569945,0.2210512605345546,0.585280532989973,0.2335425301958629,0.6739863089585593,0.7781203913333936,0
0.8376311491110411,0.32219535692640916,0.9419983506655047,0.4865468102804829,0.4835941158184824,0.6166553563937025,0.29480294120043443,0.7224911419377945,0.8455609413988111,0.9012274060499671,1
0.7569254998791591,1.244235346195206,0.3010515973971919,-0.7304615039551976,0.48621757857570996,1.343995373436005,1.4321084840716014,0.4566972830360004,0.012478163522359087,0.9760243342644166,1
0.1756876754563675,0.7687003268151322,0.49475486909337973,0.5490935162719147,0.16464132154317174,0.8267308791967424,0.5080391603521024,0.6941848339737141,0.09024001848770401,0.7622353552367239,1
-0.038602810923245516,0.06317804699467928,0.5696164805685625,0.2498656779015669,0.019975665804921064,0.2501223255095145,0.5334196698408402,0.2642628413211327,0.6694389834982796,0.8324647559924638,0
0.6395516288557961,1.0024813285559167,0.9474506750811602,0.7864259749490629,0.8348246532963681,0.4697568784022703,0.24229614614968398,0.2851878759247398,-0.1442134620752376,-0.1636104588333824,1
0.23412878421827524,0.614892024954307,0.40685736563867353,0.5815453920543558,0.006239220567804543,0.7335640344778662,0.6415861903765974,0.804853414464561,0.14234564207299943,0.7134667077676273,1
0.47152871078477787,0.540894628521948,0.22638453572378053,0.6477495540871747,0.7894766349726987,0.9267221089572603,0.023881673125097466,0.6595023338471773,0.9828089996141577,0.1634433463862609,0
0.5316104461522446,0.6808522560619888,0.8486825737988418,0.9136970371978912,0.059870156833554206,0.1773093753112237,0.1680679926051976,0.5485187316166522,0.034749456082012936,0.2584571809027288,3
0.271543628408542,0.22036944271673642,0.8045598995173384,1.0216054316784184,0.7948356676583537,0.9303136077593285,0.6095368935490532,0.21948505400889745,0.6498750067280129,0.8111284018221283,3
0.49334613730399357,-0.19294633444432505,1.306611924388173,0.15677659059792998,-0.08806949882120263,0.40995928865374254,0.44830102482754364,0.4117076636719402,0.4849801264073727,0.4370413680116953,0
0.9817918422474312,0.34606506803467346,0.42384064590337345,1.0049461115167722,0.6801590124635747,0.5314562521327257,0.9944390287652721,0.591323534555233,0.9067379625044654,0.4476100796621081,0
0.5803468489642334,0.5652524352778735,0.9122421239693518,0.5060673921127545,0.5311611378974387,0.5681988130197797,0.4984063969407946,0.567223471399428,0.17284242738680733,0.41037181545276746,3
0.5492106822756239,0.2675865048379787,0.07745223991537126,0.9778183199074555,0.41926133059830156,0.7812856875971533,0.9845451774750538,0.6659036327076931,0.516196852099812,0.017500652562788214,1
0.5612537305290111,0.13177122306557748,0.967488980995486,0.8694231597562722,0.39649340625397295,0.6527405423476565,0.15663487695874248,0.10260104732304082,0.5544577018609078,0.5589388231249435,0
0.008583540362721936,0.8699473675035102,1.1923604838627198,0.3997139485567259,0.5385032043493507,1.0285463793701006,0.6064737194235916,0.3262907422348688,0.6404378467950231,1.0330244154201764,2
-0.0011698420963086016,0.10126860898813801,0.6211125155552525,0.27407585814214447,0.033456217592264526,0.21262624964071536,0.569870847777902,0.22491956435301994,0.676547164220694,0.7638898069689278,0
-0.3376420418283965,0.381126116330635,1.6620007993690908,-0.05426688808625557,0.8799725152249768,1.3705959474653167,0.5073873487759712,1.189706127520459,1.200376668451796,0.9412859362404661,2
1.003248611233896,0.4172694387868208,0.958653210582256,0.13173714903926076,1.0775258202911964,0.41052347489796986,0.6738036646560362,0.7794946869234552,0.6804163573700589,0.5560391701091609,0
0.5076689476153914,0.5218793466349355,0.7972670294336188,1.0222038972300849,0.1907931406954358,0.3271387060353875,0.38308486268111036,0.7591314600993532,0.22835516477863974,0.18179907654277894,3
0.14495925475790367,0.4846002402555746,0.30773151749907895,0.9418980616060035,0.6164678020440503,0.7940820819284895,0.3357739641685158,0.07462177876652437,0.17651000466973277,0.07850549395241188,1
0.9323640657892074,0.3907994719360436,0.8386536875277144,0.18256703742654,0.9991125341073535,0.3854163959522832,0.7669993456666864,0.8979792807737882,0.703587915912934,0.5873767597059778,0
-0.11550738432407648,0.050054550499479156,0.7168643113917524,0.3878296359293052,1.112422185544756,1.1139737936900134,-0.2300079446666038,0.7576787518295707,0.571921355914897,-0.18861407225701815,1
1.1078208481975305,0.4874451996660422,1.2019877618065062,0.3774610936800966,0.6623657587583723,0.5663271433783966,0.4677551379321073,-0.1400828758406908,0.5190749291682865,0.9723473805184022,2
0.14551558365971148,0.6287211934297359,0.0369672480406055,0.288352884834823,0.08486291735975111,0.4677914445429443,0.7492945382162611,0.15148461521703604,0.9903717888705027,0.06464721972409444,1
0.18847512797317106,0.7961766277222007,0.5133637114849099,0.8427562222291594,0.7707518195946372,0.1533544160824139,0.9768639883785363,0.9502645261292397,0.1759767341441173,0.4543855556604383,2
0.9651403257608604,-0.2974230930389264,0.5309172969546332,0.31960608169625526,0.6950704040988549,0.6894510401200022,0.412892577736716,0.719272759867655,0.37911392312486836,0.5571418191490316,0
0.8253179699431652,0.36287656380268224,0.9059698853106198,0.544418890482125,0.6416731517241989,0.7338992565513189,0.2211250824833967,0.7320973577975639,0.8357756331459897,0.9053057383682214,1
0.5431909425331258,0.8117328073649418,0.5400171111885737,0.3557201233273781,0.4438868049090167,0.7919292151389098,0.1599768282289483,0.8166520007475725,0.3560731156146865,0.396002564423635,2
0.13921403637544338,0.5586397074836336,0.014736342340164146,0.2650695794438954,0.12699953608069509,0.5210352683074949,0.6605013662726796,0.12037440306535613,0.9488178465657431,0.06211117533875856,1
0.02398990028235279,0.9571257299779531,0.3188244262932638,0.5855450738308822,0.2936405850936825,0.9536031787457023,0.9651738803941201,0.48015428843187724,0.8724567137067545,0.3643615024377769,1
0.33686353530814733,0.21230801360685025,0.5815705110259071,0.6834244219680657,0.11505486533650712,0.5402466416044224,0.3436621240738049,0.5152090340078429,0.22423052713655237,0.7644670251001097,3
0.29270149020255487,0.13609014478528206,0.6324706102525487,0.8727471649471461,0.7835143082466073,0.8664272767902975,0.5565416519088501,0.24315945020455826,0.5393375011494513,0.75636010556455,3
0.5374932135970547,0.8065731304306623,0.529590301159641,0.3581907165578665,0.44040842518244877,0.7912861705657545,0.1679682108559874,0.8157592037383111,0.3477132209335131,0.3855264505387798,2
0.047631189751218606,1.1729200529228727,0.19136444997606317,0.5801786511041737,0.36388294011514327,0.1394528812391996,0.726177848515068,0.10376399826059851,0.4868623932186043,0.6038252802160783,0
0.8450462724030189,0.349895345186877,0.8211597876780197,0.5851774955198954,0.6817952503074485,0.2946353991238203,0.7437510753567306,1.0233986868206446,0.9561316711153186,0.47139609808452565,0
0.19470772214675966,0.016536537168643492,0.711727811825788,0.9187682087665426,0.6706038512247408,0.814684284660059,0.4554495162312594,0.13673404744961257,0.5391220479849904,0.842425639507432,3
0.16753959763813117,1.0426868665235542,0.4036691115156053,0.983471828889618,0.5652715353318103,0.1788111801444986,0.8389100449317536,-0.02820108487843473,0.5172910802526479,0.8151062133848543,0
0.3757176406597133,0.3265420421103836,0.04962275615326828,0.2972355201587808,0.2735391426631175,0.882298553365557,0.40936913071596304,0.260412723465241,1.1791358506694685,0.5157765009604325,0
0.129495189397734,0.19053248964981148,0.28822821096371637,0.7282227465662912,0.8733347270219942,0.2573867174173973,0.44092320101041066,0.8238352483825332,0.6441394555738996,0.2847940423110439,3
0.7509121353215701,0.6675720036425731,0.2752448288878152,0.09717948783574104,0.28550810338919896,0.10175987740817316,0.302554742283109,0.8669247992453093,0.5048065711404535,0.25454611774865576,2
0.902989753698642,0.4162503627674604,0.8329797279928556,0.5458144841539685,0.7108972240264819,0.27711251450206364,0.7417904557828314,1.003619336674659,0.974594893254646,0.5509154793073984,0
0.7912237851598032,1.4112815929708027,0.5615806375533681,0.3617410471809667,-0.2912208691411215,0.14904486268748635,0.8817589452131012,-0.2013542569626724,1.4284778251453556,0.2674221294259457,2
0.1115735236720327,0.44811273800239854,0.33369753113476974,0.9440366628483353,0.5711594270616869,0.7935809762706113,0.37350687877946753,0.08245076942276282,0.16770572696290353,0.07895274603719375,1
0.3956003552015702,0.2922546078975335,0.0038878547341057237,-0.13374136530370234,0.12498001849890986,0.5273808102138531,0.7049124078624422,0.16656846850947665,1.0318528680059138,0.24414695013865972,1
0.6223213455732542,0.5632791707846098,0.8855788763820298,0.5560200096040361,0.4878226328341731,0.6432780721505231,0.5211418435342478,0.598987638615749,0.2510847940884624,0.4771962175197194,3
0.5620817524161331,0.23677913923154045,0.06315226114794321,0.9737808767499143,0.39836368396209415,0.7489925563306963,0.9324422349437349,0.721646290841773,0.5626898742613924,-0.037691111887637456,1
0.9185656891461766,0.25388482377053645,0.9459245561276277,0.43007723665929826,0.5294191781569135,0.6693569485505655,0.19842840766111444,0.681382105146081,0.8414408548678259,0.8404030235823896,1
0.12787294979882427,0.584772499049331,0.06741026415392792,0.2960796328529992,0.036039316804668375,0.46790801246979696,0.7073465072581948,0.1910981622024885,1.0062817958860713,0.04335426655841782,1
-0.13335753356648827,0.9944498999247986,0.9481692319482768,0.8232767038140247,1.6204314194047822,1.1179035426972745,-0.4370730640605378,0.6980906347970481,0.1581121323632086,0.1495778602519584,1
0.3420549484920558,0.17514628143046196,0.6674809970313065,0.8336287855784229,0.7440641587014176,0.8338699276607189,0.5728015191916116,0.2606459306694718,0.48358486344495416,0.7595405565630652,3
0.4859234748258411,0.19706573585642875,0.23736941355838587,0.10804594315396882,0.22874524795579895,0.5884331136553453,0.6891677247466603,0.15148133736493086,0.7789245989697273,0.8812610944947221,0
0.10444509755325104,0.8544255384371463,0.8189732067611657,0.8104878902587148,0.533604519333025,0.7790442427814486,0.1623519437517168,0.83225723847922,0.5842175447861231,0.6115251334650522,3
1.0551582272404643,0.4550555862083746,0.701889269677439,0.16473494962258667,0.8031617630994731,0.15967175528063177,0.6702946271053267,1.1567953527800192,0.6743415509577952,0.5585281962839945,1
1.4084318177528519,1.173816600982763,1.3509195420953377,0.3769513643685339,1.1126733356094798,1.0919879067379263,0.5694632847269893,0.40746503506501264,0.288758996538931,-0.16824214192862774,1
0.47479945759263065,0.0857042911425105,0.9893809048179035,0.9099986208902927,0.44180697147850184,0.80430773918773,0.2720463171846225,0.12218313867475965,0.6250657133036432,0.6120327083061584,0
0.8412043741173435,0.14252248119212949,0.6400020496000152,0.08257980460241438,0.5262912447015701,0.38295833376004074,0.21333774591049093,0.9253909562998653,0.9381584229953486,0.8197657986275623,2
0.5759687669325725,1.4649567325579267,-0.6753868651547537,0.5785956437923055,1.3472294156692266,0.981495928791613,1.0099567575240602,1.6242327448050893,0.9516763965174472,1.1354150384942197,2
0.950445709225739,1.3256787030627646,1.389524100691575,0.9407254880209098,0.27197511068043295,0.5170445338075205,0.6667579584193464,-0.08490869489223407,-0.3054163560435842,0.7539061381497757,1
0.3503800054778944,0.05949255640096231,0.6690286021690528,0.22980239036156594,0.9664958336517863,0.009034304414370066,0.6167175575630643,0.8529950956499103,0.7955402793540094,0.13968785130454037,0
0.19135339836102572,0.5990732315123812,0.07059557790831086,0.20337108294728484,0.14731852957815816,0.5588022349287936,0.7556784224545902,0.10728904216788697,0.9804707176575138,-0.023006889881739725,1
0.6437670460053974,0.5142993895362015,0.5468443358610953,0.18864960530603833,0.13647711893525125,0.4542197846475471,0.8921067971824878,0.3278956848928962,0.831319226643203,0.9677507833753373,2
0.9085646461365275,0.7666571029595649,0.8175592716945252,0.5448760833274661,0.4480370315669898,0.8054092583176802,0.3763970593528162,0.6026787928852493,0.1572283538131323,0.8880361228541503,2
0.8376105943239056,0.6217670673901948,0.44753012190151326,-0.01087908078509564,0.39075844568527085,0.9054134294046555,0.9014423332638286,0.6069684942238742,0.30606144431803495,0.2249725354666199,1
-0.5145575974577538,0.3003993214737508,0.1861022377208191,0.985622128759897,-0.2231992811387386,0.4093460672134281,0.5342428888261863,0.7167250134236758,0.5623877441876409,0.9769897517845556,1
0.7864408861962229,0.8989924283816325,0.1146828098593866,0.7536009354544776,0.6259432198615871,0.27072483953636717,0.7434156995501424,0.13198560253958208,0.41492959261878143,-0.0505698455075071,0
0.47716757748887945,0.05142023268346143,0.9501536576844363,0.8678333589276368,0.4568612855464051,0.7660740746510135,0.2473179273976848,0.09857943678767332,0.6096195836828819,0.621270040883651,0
0.8274142351002848,0.5866681911539763,0.5359190765375271,0.0018170927352783514,0.5688793413117047,0.04078010277985728,0.7891425462727588,1.0304088908364517,0.7559146572755001,0.7657429609833853,1
0.12677415162623218,0.8942864335825119,0.6196714736077655,0.7080099392281253,0.9068129768746576,0.035895265381446356,0.9835271644666429,0.7370884751800947,0.010433948234770535,0.3154473768920149,2
0.5248755031550285,0.49433033608847293,0.8060951346664701,0.8293506889556292,0.11307313024138232,0.0923117344804128,0.4312515742319305,0.6079419643965537,0.11118282577830424,0.322192944855142,3
0.4664336567179239,0.5485616867175285,0.2170660888338285,0.6404085207678238,0.7797984345031127,0.9152142083122465,0.030818376283012573,0.6489414631456678,0.9836951128208083,0.16318580189848328,0
0.11030046569194789,0.8527683054955602,0.8207604950707396,0.8090065901042843,0.5318326850133454,0.7802351674938955,0.15563746795466735,0.8353091171084291,0.5777669525642386,0.6069859168920805,3
0.1544539058324572,0.08087419403571439,0.5769948590777835,1.2309963736721998,0.9918014792364187,0.9580016530710811,0.5125758058142569,0.04398624605451698,0.6203191423618027,0.8614320726198219,3
0.8695458723557713,0.861976934951679,0.4858312615551419,0.5123835514604621,1.0469621936043882,0.06741191124716545,0.6706764974203012,1.0971492648980186,0.9605596992300123,0.8729971856925713,0
0.7643059486979503,-0.3761299814918324,0.12205328272195912,0.7900405196350258,0.49301182302784485,0.9433957608796065,0.03951828863921991,-0.14447685651189726,1.4282484265336324,0.664776207939346,2
0.22289993708347156,0.17045115188553744,0.8529318786121827,0.14141039464124264,0.7776668868021682,0.036549210816165176,0.7278025802459938,0.03655524873886732,0.29447087301629643,0.7474411164384731,0
0.3719996916835262,0.5455092913605086,0.5744458973135702,1.0277767089077576,0.07730914069902611,-0.1374502710584275,0.4621311773802057,0.7680946544099786,0.2662147267787121,-0.07317217596131748,3
0.6941433693767881,0.5271467002774208,0.6698752480085772,0.18110025184659334,0.5215122802772733,0.9737528782888062,0.4620423560979779,1.0923738215471481,0.18410454336581786,0.05593538182853974,1
0.386254599006202,-0.058620701088165666,0.5793083479053482,0.1750385540626237,0.8972699571917675,0.017804140583711797,0.5417293150871112,0.9595861746165164,0.7206411745305225,0.21751741452491086,0
0.2598622776508862,0.900327379443012,0.4439466559277557,0.9023374308974978,0.5351853648043604,0.1747412721247182,0.9245536035101616,0.11766455967569237,0.38214080049862864,0.8647354316239211,0
0.4689389650171397,0.8190903527712701,1.3686584473592098,0.7607754473587305,0.9797366137281724,0.9060765873617754,0.6005749474330546,0.31217641153921805,0.6131197060992655,0.43648809177976977,3
0.668067093871845,0.33198417521804313,0.7340784493748108,0.4159870321718739,-0.03837659009110325,0.33408472053145655,1.0756524820298445,0.43315168617504074,0.9607494644593096,0.780265535601991,2
0.8248328028975681,0.39805533136467086,0.840577334364889,0.4565912506578965,0.08960576112088826,0.3642593581763568,0.7628206508549285,0.6653601127799836,0.29302518391156546,0.17430091782819965,0
1.0902796114082751,0.5465605617137126,0.824874242981735,-0.004764771307719934,1.1241813448912872,0.4598785695645429,0.5819096302769942,0.7585874765037492,0.5313823676552437,0.5801747537098909,0
0.4922083918077537,-0.007671614845542976,0.9378672011101328,0.8099730658399552,0.6625250402543101,0.8758717876364416,0.1987478911602596,0.21656882451068582,0.5673856108338923,0.48846253901584497,0
0.9484864623730436,0.19294085037547706,0.8306580059933419,0.4380967950907582,1.087702602076427,0.1491912677384498,0.9975446436411985,0.8420009165479051,0.8690317401337171,0.6239308106502899,0
0.849547812310565,0.14868309772739785,0.6312007562203694,0.10389858216251965,0.5293324712953271,0.38758830737145494,0.169873855449685,0.926221457595991,0.958511331295668,0.8250335487651628,2
0.2478711937125076,0.6953266486416451,0.10004529648434296,0.5830865189262207,1.0328416338107798,-0.04912449780421868,1.0211379678540347,-0.41381436398892285,0.49183532730030227,0.6449096687121961,0
0.8609127021243588,0.4472621530414384,0.7897849122287189,0.504682006472803,0.6557811043010097,0.31533951407897065,0.7156780800020683,0.9246875285912756,1.0452239828394927,0.5457126888749273,0
0.12611862474386526,0.4933369102215724,0.4734170575296687,0.2919830116503025,0.3609254640414915,0.9001680694977617,0.20188169849951113,0.3597483161668796,0.9292767247881241,0.8826925857344012,2
0.6223623628754025,0.6973282472155764,1.190037110397928,0.8755277093317799,0.4754493012531408,0.8072167382632711,-0.18892409826968826,0.8015371654928383,0.5481551563887975,0.7726628097872157,0
1.1724902802157295,0.36100816128936164,0.6698685182133113,0.32026378497449326,0.8623392570363595,0.6131677713695541,0.8385939823878957,0.9574127630416173,0.8089589381139258,0.5884324431774276,0
0.8255796751196167,0.12878075175373455,0.6534046693460132,0.07965889729539617,0.5360398017021134,0.39131382252127334,0.19081419127306806,0.9378022076569105,0.9525245863445422,0.8167004470701779,2
0.666475909277541,0.42792255370961374,1.065910840712749,0.7046098447319719,0.6078071949150069,0.7417808159533883,0.4980240890876571,0.6486758484237705,0.11045935272571222,0.32032315666715144,3
0.7146629140611673,0.4032419411757848,0.800134214879757,0.11126613439502664,0.4499387119842729,0.9062556207070829,0.5650753811131098,0.9417744278965744,0.2619460388866398,0.18468692984589063,1
1.1813670461056123,0.30190788429450743,0.2515650903274035,1.1872614574631146,0.7970873178287962,0.7432290384805402,0.896163915503781,0.6512094628500669,1.2250114254348201,0.3760185745710742,0
1.0044903542142516,0.5916815869752063,0.8579068231382262,0.3122422144668185,0.5899216636793252,0.46528864974371503,0.48298125816265525,0.5011985703106542,0.4015726940991056,0.554804096901721,2
0.8993372486636,0.2909251651537685,0.7647030939911018,0.2057326224422807,1.0333710768394722,0.31456305327427975,0.7635092024527889,0.9808547994616814,0.6555937956890011,0.5044467853850731,0
0.8583303847769055,0.13149633575403089,0.628377140874085,0.10251379275235425,0.5134306982462555,0.3996102580922986,0.23040644825399526,0.9278620077319469,0.9217049184069823,0.8095215118389805,2
-0.07433306197183165,0.8551457745278096,0.7952983633960997,0.27014587165927584,0.02046272258816454,0.5005915902579263,0.8405924689641784,1.1313308716372448,0.7420835200897569,0.2865038448615631,3
0.5352470737708978,0.8078172253569462,0.5400160852488914,0.3649419615322229,0.43987050182717385,0.7888720691530579,0.15517104942089657,0.8157962187628799,0.3442322885301127,0.38062907346122793,2
0.1329898933593855,0.25494495893303715,0.8328605387511229,0.2201834516770576,0.7916033850677862,0.07281807860060312,0.7307341017316855,0.06088427376932262,0.3112155773921185,0.732629129695094,0
1.159265149637438,0.3068022870298708,0.08880289050111256,0.40923521294012744,0.042001635642508195,0.23248505238467287,1.133192295275918,0.44128635055188553,0.04117234837083342,-0.5110812470127196,1
0.31947178704294193,0.07651584273554804,0.6497801757856726,0.658896077800745,0.015217061126010178,0.5106751559853153,0.27146901271446444,0.6056776756545744,0.27522184621183615,0.6302815410014719,3
0.4855657692783953,0.7429484671057196,0.8184808972910289,0.8935109977141051,0.681075181487819,0.4820281899497772,0.4497036172446276,0.3304214626508687,0.23631113529665237,0.09508717074858716,1
0.8216877479438749,0.7920069351163235,0.8468841610397496,0.6637092466158255,0.6537496249740843,0.7968471039414227,0.08201534355318513,0.7064269785600537,0.6347428633443809,0.44844234853734233,0
0.6329820237637238,0.5919074159832787,0.8229173730196634,0.6474521263563582,0.1452802556822036,0.24712628620540805,0.7639660131753293,0.6079145587966921,0.0850467386235822,-0.09386726416996777,0
0.40628462591117787,0.7700735028606722,0.1634587615013412,0.4597399830951608,0.29535567916938676,-0.39996325754595363,0.9113262785658213,0.23662968169427187,0.6773397515214126,1.3065028377823695,0
0.5898651625743974,0.7372087027787284,0.11089455853917089,0.6106349436730971,0.5549183860592161,0.47802274599678685,0.587629904827333,0.14409150934657616,0.4283918118041757,0.013921501621087283,0
0.3120366775651799,0.16452325968422907,0.41745892391407,0.14413390092837114,0.4121367260322479,0.6686456226610407,0.6330197977110875,0.01831737272603636,0.7290931849123219,0.7495396661854017,0
0.46743189952455644,0.024000362724687935,1.1065020636729024,1.0015137479819562,0.3748330458149754,0.7968670429028183,0.2735654347347656,-0.024346353703978044,0.7240717182016914,0.5470712097895865,0
0.11257004435700212,0.8537415716511164,0.8213868349677176,0.8131179007418189,0.5326445792505574,0.777823655127154,0.15816397717022743,0.8348750886797077,0.5771631532611337,0.6074576135493325,3
0.28685091914659067,0.5780739443374648,1.1153778668576195,1.024799103634159,0.450417644218805,-0.00037985573329724076,0.2605053189390408,0.6716076686179814,0.337208603294487,0.37266197216922536,3
0.09149030969145044,-0.07339370783377477,0.717199690121316,0.7690188430294108,0.3969298986543325,0.7770394407610538,0.4409809737447743,0.05178387757878869,0.4635793332372592,0.5279642291722942,3
0.03365422820576096,0.9043502928751176,0.8992205713645897,0.3480144208820255,0.0793821853161211,0.3472513023792919,0.8036545880313922,0.9756724301229202,0.7457809080884047,0.14299922625060463,3
0.8023567407871297,0.125806436434454,0.48192045376359693,0.5533312921227762,0.16517695251858872,0.1590219230359002,0.2886152713154902,0.8814740494022894,0.5079719295315522,0.563110940460563,2
0.28411843846849943,1.1346804820016105,0.9380308388198186,0.2991272760621983,0.20724283202482302,0.7394750592339933,0.011853417225289153,0.9817535507013414,-0.16512531415582804,0.4061711233651727,3
0.1671698653227948,0.7513987733639358,0.36843443351644023,0.5316493889556861,0.5782043251764448,0.7965260414686229,0.5418675603942968,0.039226242956504044,0.9697802073288796,0.19567930256750618,0
0.1690437118388352,0.7842955943877542,0.5143452799973066,0.6083854368400081,0.14912543618056126,0.8789943412132215,0.49692122435714353,0.7416815787640304,0.06341515500191956,0.7253914029676707,1
0.5883587907654073,0.20920103204546814,1.2807915080221668,0.860866447894801,0.7763114775066955,0.6015709858691247,0.09511334764942198,1.0162061461279257,-0.6705933239139796,-0.23012496296764906,3
0.7999718734625384,0.12147534250342516,0.6902958259846182,0.11231253427578641,0.5069567664615268,0.44817756110080176,0.21369442367458444,0.9906256474557693,0.9439101522755182,0.7885981317514084,2
0.6149583601849102,0.17826214276259367,1.0692939105076613,1.155119310606948,-0.08775780108829545,-0.22102514094349301,-0.09999643351120452,1.0329140086500628,0.008741907289060477,0.6115295208489971,3
0.4735624927688135,0.6169969995737429,0.8688663230841615,0.9411352395807203,0.20441670669464448,0.1883830055394341,0.28642270821716126,0.5976659866220142,0.15387351178671813,0.18868685347396033,3
0.8693257184195641,0.5920634161450671,0.5333939883343551,0.14744155710026471,0.4418084456648235,0.7470663845982108,0.7140473013443113,0.5217099900522326,0.22991929972890104,-0.008779455088353885,1
0.5247411344450039,0.8095175383399231,0.5376330312576654,0.3579444711800631,0.4452725978561224,0.7919807526266177,0.16087306174321694,0.8223400969235724,0.3490479121369621,0.3874426193112467,2
0.8695347788539657,0.8187618488702956,0.8904628297102388,0.6048264065542269,0.6090581971695698,0.8140966573182454,0.07416280619695398,0.8009288845041417,0.6623720173296102,0.47662654148856,0
0.6221668899857736,0.5348058715185589,0.8994190095716086,0.47801558217788626,0.47908835605518524,0.5838568451338821,0.6460479826950206,0.5454985639528196,0.13922893739805026,0.45444033920526705,3
0.8455114449058597,0.14862574214318153,0.6447998133304618,0.08924033135192339,0.529605898143136,0.3900655799598273,0.2061242100983034,0.932548304239362,0.9319309465150869,0.820803484868924,2
-0.06866592334960497,0.669149158436769,0.12805502479523972,-0.1485737242723457,0.24619259866200538,0.8289275202185711,0.20713489896066384,0.4211983218574201,0.9001020792506353,0.5863671750430076,1
0.376607489275705,0.6388421998336664,0.8588805201045874,0.8565095178902855,0.2925990080648564,0.2451758761725874,0.21024879695429927,0.5800760759137337,0.21011528698173476,0.23339111786868527,3
0.9742415570299657,0.6472918186241564,0.38891675457381925,0.20914167199350023,0.6210077539664209,-0.004030023552622847,0.836702430736118,1.042397089672669,0.8066380481056349,0.6142013624070554,1
0.2278423243306341,0.9031655935104445,0.4161016181127734,0.9028813531835714,0.5235278604781527,0.17081297853045666,0.920194216212571,0.0823239990766462,0.4488113053680395,0.807922581871429,0
-0.007042660932188832,0.8557370089198636,0.8700927445541337,0.36523099359806593,-0.016658903234357397,0.36285264336287193,0.7737037137028522,1.030631945043025,0.6640975409156366,0.14935332256386707,3
0.5453629242396454,0.8217711006558669,0.5370533520424984,0.3553185695181468,0.43332482710270015,0.7718121288609976,0.1643778482601899,0.8263994815756613,0.33775971165043395,0.38815566179818733,2
0.3968840934449299,0.13868027990034604,0.864123011442473,0.7823536751126253,0.541855472165087,0.7818448997233344,0.25738628210721815,0.025336066395331175,0.5247587408973258,0.6215176261129578,0
0.10204770218767052,0.8482633202763741,0.8164136958414059,0.8015341269795984,0.520592823304606,0.7827776816919986,0.15189767103973523,0.8237325285633277,0.5889656996923679,0.608557456690598,3
0.010160976590629478,0.9037752824327281,0.4988432344516487,0.48689432314718667,0.12724225709029635,0.8524423587249668,0.4283665691180847,0.6771218304765372,-0.09445230712792813,0.6986460827160618,1
0.7561366585356917,0.817414659981171,0.11243529591813371,0.7300787677667289,0.506614459693697,0.4229207904251834,0.5283772795610192,0.0798605786403779,0.3667656930418172,-0.12556078547566477,0
-0.04210531605757883,0.17869133776244484,-0.5932307819408591,0.8026432005303276,1.78435341384774,0.018434856918476517,0.8730096065684388,-0.4373361579209508,-0.1187812103283743,0.5935490323703261,2
0.5070446753845482,0.23914176979566704,0.8518775099558284,0.7722309799443821,0.8097387319277547,0.638884875331272,0.3875674377430525,0.7322466735269874,0.5346624682681479,0.6255792483849985,0
0.5653346975717138,0.24516235999094885,0.059759400073911256,1.0039988748863535,0.495474382788645,0.7419046055854324,0.9743583706549169,0.740193858960546,0.5121500504848961,0.062466396179315715,1
0.6348865612809723,0.5289952943136578,0.4158515583654846,-0.1052094398537263,0.4886830908819018,-0.14228710173305056,0.7754946136983331,1.1219760913627423,0.7491770060788031,0.8385539001161314,1
0.10891786582431297,0.853724481286176,0.8177139187558307,0.8124279731863598,0.5320335508135973,0.7791385401664226,0.15655432948230533,0.8334257001175016,0.5789041702901571,0.608845462478024,3
0.8933593652031561,0.3869805238136937,0.7911515699415808,0.5472988594116392,0.7213059032549958,0.28519582500526397,0.7453152138160384,0.9814265375470363,1.0122966709107606,0.5158774939263955,0
0.3631121221815625,0.8746419958335433,0.12726933291675058,0.8171502595102661,0.3777450551596404,0.4322693544226872,1.107868972949295,-0.09289141962409328,0.16195405849052857,0.7802217822564953,0
0.6253054101179989,0.15069135724848254,0.8201478769847248,1.0346385338520534,0.5917836680000397,0.772069306277335,0.0745217580413087,0.08359780028175015,0.7455771807041153,0.4774601025455475,0
0.10482591185382549,0.8524985161939294,0.8253801485801221,0.8093991707619873,0.5363857294427608,0.7765709881701074,0.15712728335079917,0.8375252024876101,0.5805349234415247,0.6053332536387402,3
0.5076643130983782,0.005351766627600563,1.065974728104288,0.6960373470348755,0.36496623995802285,0.7787527033943623,0.21674203595527528,0.15162272173882324,0.6764859966346435,0.6676779155573224,0
0.2107323226139594,0.26534749838867205,0.3246850113011416,0.19640238200061133,0.4343545235909209,0.7727747604010216,0.2950267449247207,0.054238669688774374,0.7200080755075982,0.7344123604635057,2
0.4817712010223132,1.380882009145758,0.774626994850995,0.34166746859484937,0.4007674821258164,0.4449800357135937,0.5124054362808849,1.4239519757550854,1.1364092998258732,0.1810185403046623,3
0.042046797293123384,0.23054057194820954,0.07599500158142192,0.16610214745645335,0.45079546119866054,0.06768269792408899,0.048659636896411285,1.1359849836190412,0.8307497724825954,0.01806374602058023,3
1.0822097125070054,0.1782498725760583,1.121303484374994,-0.1439529265083247,0.3338979278466822,1.1838045058974962,0.39588347693432513,1.2780359661806746,0.24922521358381047,-0.19198394902607474,1
0.19052150439221854,0.00390759361929513,0.5267989885187823,0.7909395189840195,0.8565273115100688,0.9115329626718748,0.5186976015514313,0.11548987154666122,0.6320504962685118,0.8245002448505396,3
0.8314743828420949,0.5990964224159194,0.6892279535022824,0.4397207483783159,0.7940334061488692,0.4133587030743908,0.49762128057164146,0.4942569754110454,0.46329848486852665,0.6031441307602514,2
0.4577723654330389,0.22691295411916634,0.5957582594051941,0.7068254086031937,0.7860873366116993,0.9439611076830909,0.41794392999536767,0.30798147882669646,0.48172080956937763,0.7758540533977428,3
0.8456191449125726,0.5420485589710189,0.8373476605517148,0.6217785560805636,0.6754369679984963,0.953534732635352,0.18140243496369102,0.897344698316912,1.0948537765960857,1.0152204168119263,1
0.8416810483493581,0.17906758920225743,0.46456723520742615,0.49130184197313737,0.1791882548352276,0.17645489750660118,0.19222850607918715,0.8797976358743518,0.5316661529317764,0.5426724338613775,2
0.7966379883492094,0.4997990180805933,0.7154228026235953,0.5772311406256199,0.5862401655516187,0.3460475657346349,0.7999196865647755,1.0104005550966253,1.0173795228516644,0.4926911878438014,0
0.36716291606109125,0.09002035529535518,0.6292351142647963,0.24896514834022973,1.133991801321943,0.22362315123408946,0.47058260503341115,0.8043888611145424,1.0134108495491154,0.36105118094486144,0
0.21795644207260612,0.27668728859804576,0.5151225633686796,0.3281823370844322,1.1135645313990548,0.5898842098887849,0.14868181107140896,0.5098098203915455,0.4269452096775589,0.9005585824550335,2
0.23016098819881478,0.9201695965819361,0.42171942468573764,0.9109277431018875,0.5738198599342055,0.18832459386974895,0.9015094824378543,0.060691866989219474,0.4498645799662587,0.8022031062178875,0
0.5572129769273968,0.7314583231603796,0.8624650385467013,0.2866541453535228,0.7370643974820102,0.8288298163528267,0.4520709347822514,0.7492772877668262,0.361031964382732,-0.122536467024146,1
0.4961728833431518,0.03834508278648237,1.0015319304161379,0.871225940547167,0.47601340588343316,0.728589437861451,0.22803964067924967,0.07283650160249332,0.598437856958134,0.674130144209327,0
0.5508734101947674,0.6023803703205847,0.24470894163916088,0.6135278392430844,0.8257036462687651,1.0021235304652754,0.011980764686777876,0.5779769590865552,1.005941659311709,0.2253817491734931,0
0.5687379555137071,0.8012073665690603,0.7184947193661899,0.6406439715554099,-0.11229341430722456,0.8524360429292831,0.5385370524320314,0.04400676109880036,0.40322761647238997,0.0037877334985656486,3
0.09005792855316247,0.9813951384088362,0.8868561134133791,0.584148832811982,0.3623965604867129,0.8726945994201781,0.22828611590122222,1.0202820332195868,0.05164136586205983,0.27491435539033876,3
0.9491212315801332,0.3265619389790097,1.0439683193709073,0.4227669391733344,0.6015016362563239,0.6412762113514435,0.15153620302851264,0.729919289150002,0.998483816794239,0.7768049194900356,1
0.5327799502021676,0.8034039497192488,0.5323546092052198,0.3653011639476198,0.43982133025015885,0.7852902271793825,0.15797956941419475,0.8111206240607142,0.34789590858271846,0.39324292021985696,2
0.04443231104202744,0.29390964650854856,0.3233442868950306,0.27161472457178537,0.9312306874870995,0.5517314974186802,0.2728979647256982,0.8490258798302494,0.8648752053193605,0.5229064809651159,2
0.3824622170240475,0.2523322304550084,0.3189663589911107,0.7264532749675344,0.252223289681614,0.29924543911727336,0.9751887798216103,0.06279190183142391,0.776941426025884,0.23594682049198923,3
0.3199706375228786,0.7784533887266444,0.9744421778710906,0.8712941590980231,0.5612922516421052,0.09776331197316185,0.09626765418352062,0.2701024618334371,0.44404034346640053,-0.23267881067259072,1
0.08921794737950331,1.0175477391344874,0.06632885165427185,0.8603615121970456,1.364991619472573,0.8031290808819513,1.352966453547272,-0.008802842896714791,-0.33710179582286115,0.3842328197223297,2
0.6684772399822708,0.8999907473029447,0.24529399533786334,0.6909102565286156,0.5888651371971848,0.696001038287486,0.4540825853429479,0.7440193131555408,-0.10159114403462866,0.6650685673680781,1
0.10645987476301699,0.8586598150607425,0.8156977805368011,0.8072201929441359,0.5331337647875355,0.7747220937141506,0.15148887781438602,0.837895182036543,0.5724969476317093,0.60487572020611,3
0.17706303242357732,0.7174910089715231,0.4297677677237222,0.5083256430733557,0.15849564396708668,0.7709062601564786,0.5119318747742989,0.7849296492392908,0.03776129458822661,0.7323395646054229,1
0.054226049868161486,0.14018767274772487,0.4605998533607474,0.17525943686758869,1.3336133396863392,-0.15357062965415386,0.24827773754713844,0.611364328191962,0.45959422399911154,0.045935565651921625,0
0.9194571918249883,0.3331338695931849,0.7337585971902569,0.7512056557994435,0.3441049291180718,0.2188811987095982,0.09555356048843072,0.7889333062349049,0.699793747164679,0.47175906597000683,2
0.22124006681659333,0.6766780179054909,0.29739063289821305,0.8944318491968971,0.15051410436210583,0.432257543995539,0.43069618398848475,0.09209656854986248,0.7035999548532658,0.8182014101618329,1
0.197023227647459,0.9057680455481407,0.9769871780922511,0.5391049527350684,0.9096783869864049,0.9173369643859229,0.9361247706505149,0.4809897330677316,0.6970501171468022,0.844590898605916,2
0.5479977456281598,0.8116391531814474,0.5271538808350299,0.35325964647625424,0.4265721282778354,0.7823346764295842,0.15911648400697004,0.8072824724009379,0.3523629688848944,0.3937128094302626,2
0.5352364015932024,0.802022757171012,0.5323311753670027,0.35926530296822135,0.4395782305450475,0.7900063832591028,0.16070261785157464,0.8159679549806833,0.3499150741099637,0.3898931398640645,2
0.49818828754556826,0.7297824298829136,0.8456302312237917,0.9095933642520637,0.6876217910055462,0.46499171461234945,0.431856247171603,0.37115128755449583,0.22112414574252995,0.11062916482682969,1
0.19812515030505037,0.675137448918712,0.3715514664164064,0.455766627039899,0.5038697550190624,0.7911241047795305,0.5134114398857398,0.10168872098552104,1.0189759248046386,0.20367920490230945,0
0.9622461834284091,0.40712392952859683,0.6468028820967844,0.4497520395634677,1.2445192299043737,0.49479315732452533,0.6659452593381359,0.712383605119165,0.42756458285718135,0.32539086628475344,0
0.5302709854293032,0.8074911670213586,0.520358918092452,0.3528318225063969,0.43114287844218374,0.7991358829854158,0.15603616279282842,0.8125614645577122,0.3538510598078374,0.3904071128469242,2
0.3219687281274409,0.2140460028197375,0.6962697176281312,0.7711223521976355,0.06387363811354767,0.5061175522037448,0.4566452109741973,0.5649585818411175,0.14525621780502906,0.8554869331124577,3
0.9593738446726752,0.8772657995281331,0.8814304502410903,0.6212800534673629,0.4869254480731296,0.7366336839166371,0.09360917416044218,0.6715771497647329,0.6492172478182252,0.48899998781991383,0
0.3418788686361243,0.8103366316244583,0.12095097770495811,1.3548828580522359,0.02002280689753752,0.5612074949399637,0.6368805597180517,0.007688080658310864,0.1076753270395755,0.6629844206981592,1
0.11324159765129274,0.37610200672982486,0.3055742799321882,0.2469665046939164,0.9538480914618478,0.4931154552474341,0.28378141911728555,0.8653783185540983,0.752194926774403,0.5506564504991147,2
0.3156509357110926,0.13792246775322223,0.6359745845560046,0.8668979896484009,0.7558342100431045,0.8599280394144936,0.5443602930441976,0.213996488843761,0.5082385462207538,0.7236967805041625,3
0.8916781618239964,0.5023619432227303,0.9282272293273355,0.21296935269730938,0.9615979897142306,0.5027170593039928,0.6740248430121517,0.8685921067389991,0.736581924804851,0.4782259321075761,0
0.14535991266886453,0.748525985365442,0.5156727187565925,0.5369010976097991,0.12661999476588826,0.8111825164343966,0.5387913895843464,0.7432100124630792,0.08158303663642982,0.7713959372429513,1
1.2321161880839568,0.004726771301611754,1.2860250888691143,-0.17060085764996025,0.1710018308892286,0.031176350965855637,1.364117886088473,0.7911341595583068,0.48127989517734004,0.5719261393794292,0
0.7316493116431813,0.7101765088408033,0.8842361660736893,0.7098061690256221,0.6684944002408562,0.8734309115623967,0.12488663012049296,0.7112444837822373,0.7840970376746945,0.5703910928607724,0
0.5330682406318679,0.2865101465749669,0.801151879722046,0.5265742886672427,0.31489144029839644,0.09847288717594523,-0.22923476585321423,0.24225404065265976,0.052616748070703726,-0.27446393724819024,3
0.5342534516754596,0.8021608468405169,0.5275493484627584,0.3555078139856245,0.4384369566919357,0.7792719405803572,0.16434318650868107,0.8069964378076779,0.3392701219885762,0.38186895108187463,2
0.9438274231808095,0.7845037176314479,0.41748843635560123,-0.008258560632997389,0.47868441852232424,-0.15126612885316176,0.6332277125260634,0.8501653423577062,0.809757986458796,0.7271674763337258,1
-0.20962715330253162,0.4762342962359568,0.6910634446228074,0.45956356940311377,0.6028028975429262,0.6633866919805791,0.5493190599846784,0.8367973558827748,-0.20051901450105158,1.1155116353848498,2
0.7962738685364952,0.6832721125565737,0.7125139195668697,0.45913193248945794,0.6293179743596031,0.37434310961794837,0.302694946525116,0.6271770262314216,0.4027139572446887,0.8213029221468745,2
0.2423648611811539,0.7497606279299986,1.031929267571842,0.39103299938612235,0.3892637923061209,0.6194692329457845,0.7371437735693637,0.7308593848540464,1.02568891614279,0.210330325264799,3
0.867926123014762,0.4396955013000495,0.8398965051207514,0.521028063715636,0.6652277864371344,0.215596531022794,0.670421748998865,0.92134345289891,0.9705738638604727,0.4974129885288686,0
0.026389069306810068,0.11663200766153844,0.645263957192696,0.3096476905702995,0.0006455696884920398,0.20010921466092427,0.5547710159823687,0.21420090349893514,0.6858074567650305,0.788037633538869,0
0.4427692667306745,0.10342870654761273,0.9004525520339796,0.9036017947090765,0.43328198412187635,0.8027797949025934,0.3023848927379172,0.12799166390765576,0.6254860366053221,0.6399762798326051,0
0.9191926757408226,0.09771791230433807,1.1034915967134857,0.38382894058214473,0.7218173687044657,0.3983917970873694,0.8134181945054845,0.7904624255951389,1.1329681569611596,1.2632340108261375,2
0.10926032131881493,0.8571047806924809,0.8202351481976405,0.8111929007109093,0.5322204355264406,0.7782897839743911,0.15479818035318973,0.8358122152913235,0.5786585223678111,0.6059853350126376,3
0.27161739061833173,0.9707025925910824,0.49306737800031475,0.7278289794974981,0.9446898392652228,0.18363769983238332,0.9579916563558822,0.9721174473301839,0.13198766375386098,0.4778969611704498,2
0.8653395481414841,-0.2019505961889087,0.22574416300006678,0.09693081068182924,1.1705301784466011,0.2363754364259415,0.7550286374341195,0.8732416506680325,0.8909748194213779,0.18011860083850872,0
-0.04199953642338859,0.8445263755426776,0.8679277900971406,0.4162405207805554,0.16354316951714526,0.35463907378001763,0.7918872399192247,1.035880521142585,0.6711098960557456,0.15514061576039487,3
-0.007115081872718273,0.10193807016959314,0.6302396452574125,0.26335590344043786,0.039869377822249495,0.2263820402679085,0.5794390699509768,0.2309692732776098,0.6791753570280523,0.7793561096676604,0
0.15642656744445838,0.15758068078488804,0.2792089389512102,0.6864829976228581,0.8840527653420217,0.24216411917252148,0.4853553933312093,0.82846817467101,0.650683968291773,0.3117893643353635,3
0.16575871925060612,0.7911109193426917,0.4612015414395503,0.5346360417753875,0.2227669905994728,0.7969409394425305,0.48744287530983493,0.6458276765464024,0.027665232268698853,0.7065802158335022,1
0.05922712637429589,0.8229805138622499,0.9951749517838157,0.2908158824039346,0.4892513019443766,1.191924487313404,0.24411379405328304,0.7731469763531007,-0.260632731800372,-0.04103254560684527,3
0.05100108025271881,0.7238925560935766,0.04792679397576602,0.16533718693994437,0.09772272170519321,0.5736175962661005,0.6318467883063623,0.0483824125771177,1.067503946730481,-0.03791745127005326,1
0.13512018205172752,0.19563112718322484,0.2888315594459185,0.7197489512134476,0.8651978418991867,0.2519209951350073,0.44193332264719715,0.8231229967875466,0.6356595709798472,0.2867424236553461,3
0.5323961937994348,0.6578446568282628,0.8265431885704309,0.9550061294065461,0.12212569435794876,0.21709330067796817,0.19590000238381614,0.6856293659245747,0.16095474789765174,0.18966389693520871,3
0.5222484836147667,0.28636182107264485,0.06339568158781952,0.9982221925601067,0.3942924715865516,0.7808261771521611,0.9894183847667103,0.6888854497213017,0.5479356551033634,-0.006140967568328416,1
0.5650727722019803,0.23119504375706468,0.058914630541463286,1.0151606580237538,0.3955934345787251,0.7990104115584373,0.9360817547394316,0.6756878349641117,0.5532053079807708,0.0023240684354566953,1
0.4876641346997331,-0.0031826706620275216,0.26079837970197745,0.3227019258758541,0.26219218132301697,0.5958357612046725,0.43979176596522335,0.9377569664132852,0.3795135341373931,0.06963162897989546,3
0.9164235238629266,0.4099765228593342,0.83101790821904,0.5666695904352959,0.6925531247847866,0.2558530150438706,0.7822208348997249,1.0347259960383126,1.0063842385992576,0.47338903351943423,0
0.8639705366200794,0.900718541944341,0.7239327762558136,0.7424739298958543,0.7228910033496034,0.7602377900219759,0.017735044917723986,0.6238203192104856,0.5560744435256684,0.31194355013389075,0
0.5217757717990612,0.9181715659124209,0.4543971770293657,1.5513671742223423,0.09107989745862588,0.19314161836141247,0.5615440459224899,-0.41925281862747266,1.066776749466371,0.8284186448156776,0
0.10280494467514088,0.24299188297273006,0.36346522281110366,0.2582738040372785,0.4216933210645409,0.7251341731797379,0.29422161921736456,-0.0015524104904832137,0.6805469093546409,0.7796836156969122,2
0.4495039227296829,0.580000479863586,0.29108592888631213,0.5921119767713661,0.7892489560988446,0.9885714041128011,0.05539941906752485,0.7192379660048054,0.9221866340287924,0.1656349660125164,0
1.1545025285509753,0.06302453359288857,0.2218588291708137,1.1537538830971805,0.7881019318009005,0.5435188633950154,0.9738552260329211,0.37682345200732414,1.1704814700234696,0.4462466135100536,0
0.12743825937115505,0.19254027318103487,0.28412108221125687,0.7351153788020734,0.8776374674637796,0.2500742548082201,0.43815977548274726,0.8261463387961389,0.6401432200292134,0.2809004354390514,3
0.1382636620436492,0.16711312870833478,0.2773805393500223,0.7325555835343709,0.8863539084474209,0.2580415172131003,0.42887728056363783,0.842771543232575,0.6529353580005565,0.30268745862967356,3
0.5523910235689646,0.749251445408514,1.1475546341341891,0.28446403111141416,0.7437392913305838,0.5826489449568024,0.35434961863976394,0.622919699853069,0.5789719574375654,0.5217230682839198,0
-0.09897872448732789,0.6674272507192534,1.07337880216287,0.5154287567516777,-0.32666241515432254,-0.08565322100449807,0.830204402941039,1.4387348726756837,0.919375164222271,0.4895567409504091,3
0.12467764089669972,0.46583540906552595,0.3058383010656825,0.9534616864251996,0.6034024952938493,0.7808310496765194,0.3544706851155391,0.08114860538242653,0.16616055721613887,0.05832201159609546,1
0.7270457567797907,0.8933971647743667,0.17936122802164256,0.6359620116813514,0.4341244229509691,0.48071329126417717,0.5582420991239301,0.15707336231039326,0.41092323339505177,0.1909955954594113,0
0.8241633790432844,0.9213168606808684,0.18442696032825812,0.5810454998748699,0.6453371019059709,0.4464167812103003,0.5536039106243626,0.15226622844403537,0.29398581697398607,-0.21399526122481086,0
0.9432459585944083,0.17343076024206214,0.8695985678520693,0.34070176913381267,0.3747490044446529,0.13600286198260042,1.0053447332705436,0.99559924922858,0.2699592729350475,0.3717472863687698,0
0.17299331370339527,0.8666824925019709,0.43974344590079073,0.6223327715209421,0.41784078972064714,0.8221196758215787,0.551241279686479,-0.1363209590786345,1.0905350836533314,0.03517762063340135,0
0.44512391411480623,0.7048315267543421,0.08032330163551665,0.6807381267108212,0.6977317229693263,0.9813388784939392,0.05872947736362333,0.8606422120758841,1.0849384735625869,0.29967327628885065,0
0.18691414514662502,0.18470565126675806,0.31413994117946453,0.20594375524514796,0.8283448435981849,0.4222742928170504,0.18548424503406757,0.9696710844754217,0.8147478142299054,0.5206714982811933,2
0.6354170598436953,0.646660734161502,0.2108963528781122,0.6491755650399569,0.4537850240281994,0.21484360636115063,0.5043439944867426,0.19860908561383467,0.6588686030546232,-0.0637741648621884,0
0.8820953321569357,0.27031165418279657,0.9796192561018622,0.4884040400079062,0.606903900157431,0.7047908232590441,0.2613032144192515,0.7575444204791633,0.8008059956904469,0.8673960287094058,1
0.5051400121228223,0.22918407482342837,0.0595467771536843,0.9693446227955078,0.47908746434092,0.7868274961001414,0.9577539002420128,0.6303008108222681,0.5200497247098439,0.0014365571789080808,1
0.08528248943876329,0.20151410282129203,0.2312205317342486,0.7204936208462391,0.902970195427077,0.24285252445444663,0.481652777704332,0.7886778645187521,0.6326441235995357,0.3332405539077245,3
0.5763827077664629,0.7777214001495871,0.6983107265010065,0.7415378526617264,0.4551011462832998,0.49962325495994575,0.4053364587204958,0.44126538549482325,0.05774957113386622,0.10104481139769608,1
0.4260291271105683,0.6464652009077845,1.0446164281051062,1.0154351184695556,0.7280803880969748,0.21574594277401707,0.6404137909353873,0.4354918218921222,0.16349267201218945,0.07128373773061886,1
0.677032381269707,0.8738446862728382,0.7110404951739613,1.0312854698946947,0.6203201357359652,0.7082921611569944,0.08735972587036296,0.5467904052834514,0.5455558910815164,0.488280500738093,0
0.14566490606089677,0.5889691756034258,0.09561126118340502,0.22434631912615455,0.0913901304445687,0.4856801222663532,0.7567530690569129,0.16446269304361122,1.0186715541050524,0.06135704573160029,1
0.3724450668845399,0.031372975972945805,1.0948689485871703,-0.15760300675623073,0.2785002676377404,-0.1501849215442811,1.0249998233478064,1.2972770008427958,0.5823156930447967,0.2808682253572255,0
-0.6391396164756359,1.2354409300348677,0.9842856994770738,0.9019851646104151,0.011354837865773432,0.6770607032902922,1.1974679584311771,0.6393160759943775,0.7763989924001197,0.7584562429431867,3
0.1282487150639149,0.4702331189254331,0.3014356974879872,0.9401916523406714,0.5853467579976518,0.768405036740323,0.3492022854163578,0.08373795659998803,0.17779768151151326,0.057512675105453374,1
1.3049846225959865,0.29781802579090055,1.089625770131171,0.34649628428086393,0.5016872982512692,0.4706231140405942,0.41702204564806317,0.5095959560926661,-0.08616644663173811,-0.09945279430868378,1
0.134645591820248,0.3345536475234,1.1112341507264198,0.7547319916267656,0.4873496051109896,0.5724355094871009,0.2692658118060216,0.2704306401328075,-0.2655893909429814,0.02337691449712076,3
0.2902321693781326,0.9945394665923208,0.6599177617971405,1.0398762488423337,0.828250480911735,0.5701618852089307,0.5967535310317205,0.32747753534979385,0.33599617283571726,0.19811801270181273,1
0.19689317609403495,0.8356530887299641,0.4921425868188323,0.8932975414065001,0.6040237778657118,0.1304448874752006,0.9647046687748009,0.15981978639991556,0.42631625951599444,0.9105500108994825,0
0.458712825091435,0.7822827877175295,0.6237245230339094,0.9432297744985282,0.44114293216782635,0.15846041073200995,0.40672663129438935,0.4757807505608139,-0.07100829417551435,0.16859761076859725,3
0.12745910677337047,0.5666366122025583,0.09468121343761578,0.3067600913037879,0.046850970636633224,0.5467805039872439,0.6956243154608327,0.1703876042284877,1.0415518369362604,0.01710310652012562,1
0.12134991870165118,0.8363791426253939,0.8174347538755585,0.8110167425531146,0.5255180714029366,0.78237892829415,0.1567593828868201,0.8190226438667255,0.580943412893007,0.604529243565547,3
0.19722015760573858,0.9354573481937174,0.9813272279340496,0.5454189257819112,0.799713356650342,0.10136051874804664,0.2575063196683221,0.7992762548020644,0.007291373020717362,0.759230266868054,3
0.8725717520651605,0.3867032710558979,0.8116182314428527,0.5693595714686442,0.7230588756447256,0.27005673528947904,0.7367388777582914,0.9709420031548457,0.9977922692809998,0.5194867226494715,0
1.1370384523460957,0.6033335993386365,0.23121721670537299,-0.02176136254022086,0.3073791892714126,0.6706277478853918,0.5064192491091224,0.34247911320237356,0.30420890620000024,-0.08699964410293698,1
0.5305060675135128,0.6882627067407956,0.06833385598748684,0.6898416555672107,0.8216959949283805,0.7969888880935516,0.13155860109303935,0.49194946941093437,1.0942147206707058,0.03002792226991946,0
-0.02963716130206559,1.0017377954696258,0.9759189987250226,0.24700120805637626,-0.003164858058085737,0.2626659093038542,0.840311060525358,0.9751122628364441,0.782485970937502,0.19974107379748884,3
1.1058641086281975,0.1936122447852974,0.4574889564481113,0.9567070760747681,0.6263215197829339,0.51246363732751,1.046834794144132,0.6394974592388452,0.8075396542247906,0.3973232711564215,0
0.9160651125475365,0.3003511732784872,0.9058240054627926,0.4034039489867987,0.5979388984322835,0.6648914651871645,0.14979202536539904,0.6407895762726016,0.915352738887409,0.8402948208359214,1
0.6449004684643375,0.4543105224784379,0.8412752890959055,0.5503743639294009,-0.006244580586163159,0.21621829274841498,0.7453215045691178,0.8015966552294509,0.25129219146398063,0.22356076626972726,0
1.2043113329769433,0.8212099000867021,1.0200873641498132,0.5447757658328862,0.8915586230761052,0.8925205398189656,0.8434600700507033,0.7596284074669072,0.48737857470621176,-0.09923445650009277,1
0.8245940694174323,0.48047849798834463,0.7484872241527464,0.3564922083913114,0.47270015625391215,0.4330594898099551,0.47166674283996435,0.49314198313840835,0.32679753617170215,0.6467676656758675,2
-0.049761621179370524,0.8732229288304398,0.03889523533900702,0.482506067337629,0.7492363782178921,0.832745201530082,1.094088982348305,0.39964879134101955,0.6009891312433469,0.6116439063835324,2
0.852682387152552,0.38545796618831785,0.8013235423644512,0.5446131472253939,0.7006424939027232,0.268281894781873,0.7263930411276357,0.9861602974897421,1.013629669983516,0.5037432787899567,0
1.19717594951907,0.36869100359650986,0.40302054486110306,-0.12243386488207231,0.09360693020967786,0.9446587797465598,0.9165907158275953,0.7341121048584895,0.12747249565468,-0.004799047970502762,1
0.3701071611812362,0.9221051056872848,0.40071332762646167,0.6987542795498888,0.9318884455227293,0.3850987886269214,0.845501657035441,0.985214000003952,0.26244424792408755,0.33626342010739646,2
0.14143200852410187,0.1679670794423928,0.3019517239513426,0.7100485723930475,0.8843596778824506,0.274791947315285,0.45344484791486256,0.808382413353311,0.6418679625442644,0.29946383148241495,3
0.8236290364114592,0.7589044591254317,0.9209823637317672,0.5530981430444859,0.6731241579337485,0.9420578563489097,-0.05973408629725502,0.6863492832614035,0.6285634340263955,0.6184436922100696,0
0.35517999476257883,0.05368878402855592,0.6539020560432959,0.22753372398809515,0.9757432080533284,-0.005561162014729367,0.6254939182293643,0.8554320013990216,0.8034690710127541,0.13331800261219176,0
0.006455044556433517,0.8861572333734793,0.9478096491573282,0.3345602958804902,0.12336620324986006,0.35818945852685496,0.7509609597948784,0.9616154988900272,0.7568001747012558,0.1919058438462729,3
0.7344575965005191,0.24561807315993187,0.7679774207893931,0.8099592557151021,0.8881910422701538,0.7915251541734348,0.1614698406856765,0.376066910375485,0.19232319380052026,0.7369038048906071,0
0.7334266460856371,0.5493001435374514,1.0659901949997486,0.5589097458385975,0.8483636295962018,0.7546561999919625,0.3931130207471867,1.283130267861739,0.10483648429018774,0.4295312548511596,1
0.5510655135599409,1.159626388461977,-0.054640466757231554,0.5675695920548636,-0.5253150345511485,1.2003204224474686,1.5600051958005765,-0.15759176650011242,0.015589885377935597,0.92777316337371,2
0.7118667308586423,0.797078722987896,1.1179854504214828,0.6786994505681933,0.4725492193559293,0.1529070508605252,0.48018075311486236,0.16134593920849172,0.18937812729827375,0.22329139243203303,1
0.23371727084107977,0.8021229648351917,0.9537400273357075,0.46988655375288635,0.9630472409267117,0.8604609340474343,1.0102285889595914,0.5861114676646355,0.8224863400923722,0.8625372924740129,2
0.30274505368755084,0.12860695747050502,0.6490737726308787,0.8572175479360734,0.7593279153441128,0.8596906752486381,0.5606096646525472,0.21598734773225584,0.5251616359496691,0.7259235468843355,3
0.2062257597218332,0.9354210830872511,0.44539873565776994,0.08819562697841005,0.2063314708700197,0.9158207543874192,0.4695384535473308,0.3158175374961248,0.7447184293555832,0.5480911483599883,1
0.4649944852780584,0.5520111391141763,0.21759617370535894,0.6746320709969524,0.7905810117166284,0.9514699827265078,0.03306272310153911,0.6529053170036672,0.9808430675008288,0.19864117947293694,0
0.3421166944713786,0.08391888674413872,0.8563454811649353,0.4801261050465605,0.1634130321342994,0.0933632709015479,0.2679249277175133,0.3691035776427994,0.6279663801174946,0.9968374377900183,0
0.43800168574362575,0.08589681333148654,0.9949002558094504,0.8979462032433579,0.45911974405183587,0.7750528673668129,0.2692248073920113,0.037480588449970036,0.6617189158779776,0.5460565252696609,0
0.11127805373837132,0.4604245259888367,0.2772048191551674,0.9761302176808703,0.5702226683036423,0.8105920530216176,0.36576092679647565,0.07215754537738993,0.1959956522245376,0.04050380413971984,1
0.45602694602704213,0.7960478286501496,0.4384556809808936,0.7666237997096482,0.7403376558070325,0.17811928980182923,0.9053243717860104,1.0554424357877303,0.3723609740850734,0.2939796275402511,2
0.037394093929073724,0.14389132130492227,0.6295846364066925,0.23874124602711833,0.06301644224467626,0.1901363037801574,0.5358073414133754,0.2723671086496952,0.7445970304618239,0.8207005394008386,0
0.36909110338369183,0.06905450634919713,0.5409137050429202,0.3395806226907434,0.8946505858557336,0.04640234290601141,0.6716637771656319,0.9713210138129467,0.7836693653175296,0.22864200994669684,0
0.40752294584401216,0.31876510716574796,0.014436023423918865,0.09827467216948146,0.5584403561581066,0.6818612343671329,0.52132822576434,0.5824893701423978,0.7299774238378834,0.16924368273098073,2
-0.03524635674527892,0.5309105530015414,0.3214179591323545,0.1663881697025839,0.9504381536427549,0.45175142768034604,0.9160489094360911,0.2984457398309233,0.1742237662015339,0.6683723580955766,2
0.9069095357185966,0.5950699127882453,0.6479741655566602,0.16937698914993965,0.6118401342490485,0.826734340379189,0.538181087677341,0.9764045260105501,0.2154971435613058,0.15577236571654118,1
0.3392823187268591,0.9870823727942996,0.7629568665641167,0.06643356531574424,0.6336149429849188,0.8193589720043544,0.8582197301905043,0.6894616071266061,-0.031185842434373917,0.10437847874065764,3
0.8550938058510514,0.15483472826028938,0.6724693947317073,0.06294157338564499,0.504440196716264,0.41303379242287686,0.23557549249447732,0.918535379395571,0.957121664857326,0.814725622648501,2
0.545413161295494,0.7977013227762482,0.5482877990822461,0.36533745769873893,0.42815834082095744,0.802579405187065,0.17324279660613912,0.8097036523945367,0.35484582391563807,0.39755808011509025,2
-0.001164048219274542,0.10319574740968168,0.6347818677532099,0.26814143054499057,0.034259241943804614,0.2190652608809415,0.5747932039090463,0.23486392705482972,0.6824635510630433,0.7731587666838454,0
0.19593721006935305,0.4293779137167575,0.35889442950946243,0.27367409637463946,0.9663039126307233,0.5958254373782855,0.23035186258616636,0.7821671455309172,0.7599123039861861,0.37849077314252266,2
0.9357545829907901,0.13155900267155107,0.757833976349717,0.5628921141762823,0.15852294516647436,0.9519346908952253,0.5975682726628656,0.5550199013243822,0.597661771622607,0.7787351632486976,3
0.7520645756135131,0.6221660799481376,0.5180437937347611,0.11214149301065918,0.5043551112199478,-0.04576435856571121,0.8462666450789709,1.0246147015981768,0.8728981322771648,0.8113154544910668,1
0.3348027961389756,0.9197051893825533,0.3068679005706347,0.7969399302920188,0.8742780894519196,0.3075945666769117,0.9153788962151855,1.0083487529702857,0.1821208144880114,0.323692315026921,2
0.6786009095678834,0.8723684419662225,0.04877644049852399,0.7002231384576181,0.474733170568951,0.40473827427044456,0.5419709967590477,0.11700554251653827,0.4252303095947528,0.04036615628838973,0
0.11708576037008303,0.3604790369243888,0.2856089432512667,0.2895695531920576,0.9637400431224633,0.6064226136577275,0.18521483042855683,0.9123338346970067,0.7868383350499005,0.6266337109757382,2
0.5366111414502588,0.5058290298123953,0.11926068890783383,0.7377222802994039,0.6881546270006266,0.8132897861947811,-0.006957819576057886,0.7060167439286844,0.9871715189209541,0.08750434013810092,0
0.9835847996175435,0.6501571489948493,0.8247724939912723,0.27680981283049094,0.6373593172016829,0.5053886752952363,0.43703288193767403,0.434227229607131,0.3393119734200689,0.6050778713820608,2
0.7788926368640529,0.4286594856486418,1.0593702537956173,0.25757151227320474,-0.007242279632033971,0.5318413623569888,0.9424658448523751,0.4791919511933689,0.1807009202715889,0.04881234575832083,0
0.6050677421033034,0.05775254264027609,0.6406963859741428,0.48378327498112234,0.5869384222352398,0.4860906808156621,0.04363023573299865,0.6172473669053786,0.5263247183256448,0.72100507524167,0
0.6525362312518808,0.6713896750480278,0.5322190946813794,-0.03765825476559838,0.6399911695260466,-0.033675453688968626,0.6473746458314047,0.818792188453561,0.9113607497995051,1.010363353353791,1
0.734810427367721,0.07246913930195764,1.1872093115002689,0.3896897487832721,1.3103592964010742,0.5398008971623022,0.9004644201087219,0.8958906915958577,0.4870182076441861,0.3432303948299221,0
0.03644946201883663,0.875115538746037,0.9897965652256409,0.3463904696147678,0.06863583323571389,0.26425714505195375,0.7202244877500098,0.9067434719464647,0.8000646712122674,0.10705431316913286,3
0.8579362713642655,0.508235081463753,0.73898997455202,0.1593044574077658,0.56019830325793,0.9569698014711168,0.5234795246983631,1.0086616690932637,0.2970669084270841,0.24233744337324598,1
0.07831711642688755,-0.22408688262183085,0.7286903172971226,0.041406954235521876,1.216840549547915,-0.02860140665372203,0.7729595265337075,0.8692108664786287,0.7504660633957086,-0.10895255961820138,0
0.5331821649765923,0.8044181304367202,0.5340539166845537,0.36014964775509,0.438794334862529,0.788365836818053,0.16280116253836785,0.8155379144634571,0.35033790500000705,0.38934351899444836,2
0.9941825438629759,0.42032775481812246,0.41143985002427896,0.009181845703252256,0.17508722467076093,1.0429514731076082,0.35995679606977393,0.7784860214994423,0.0018518450723484237,-0.33045793856576494,1
-0.1323848569793798,1.4934533184538057,-0.1078164308293123,0.4488161429970749,0.3815078816138631,1.2941002621252398,0.8735591345628775,0.7720294292926249,0.2791143462254875,0.611865576697724,1
-0.005626708690815009,0.11609033969477378,0.6401291446013181,0.27151421739180265,0.046627097710290256,0.21540568040970837,0.5700317799668465,0.22135092838171583,0.6743330940816752,0.782739798485745,0
-0.020180253724140645,0.08654221658798833,-0.13984743533117905,1.4414941199293976,-0.4534440362691833,1.0104425022349557,-0.708900857033033,0.3312204856168188,1.816207073205272,0.4246595708281547,0
0.3445267307886757,0.25570906472644,0.7075747589997667,0.28976772457262795,0.797367915598823,0.13225275683553336,0.7962643672369669,0.7503882958783737,0.8908391120091559,-0.03249412454967712,0
0.09756646220534179,0.4547741902439776,0.3166328562604503,0.9422885460110608,0.6209646498079778,0.7716270794217951,0.3809091531274691,0.09392556211596761,0.17908029214099708,0.06812556722971305,1
0.3343869087619343,0.0028254268603759847,0.5735988073334756,0.8759014957059568,0.6474507898316549,0.7783895294199857,0.5481178786957824,0.26060452740014695,0.6401602437450404,0.7942058749244411,3
0.8116649321454601,0.586490480696583,0.6554801860894002,0.18483260276381536,0.593191433963631,0.908821274090328,0.48589353848237,0.9294532434274382,0.23652912536575765,0.21904610177089914,1
0.20338956041476025,0.7139606108782182,0.5661164963545546,1.190637866176434,0.85860273483667,0.2843371041177596,1.0267460608700092,-0.021423157107076665,0.6957628352398211,1.0149870045455978,0
0.11271869475359182,0.857771832833826,0.8173162170193826,0.8080926512512132,0.531476902949871,0.7775076227657837,0.1526657429967472,0.8373743890625356,0.5806475293507459,0.6076114038141341,3
0.9577369393467672,0.28755390432547834,0.9051863574087474,0.511973465541934,0.46157905986139647,0.714175766034368,0.24547917310088568,0.7094190519520656,0.7982432887243718,0.7664387516437218,1
0.8891475003179162,0.6158443850007195,0.5809350253692651,0.2065611237221488,0.3956450941860966,0.6903801498415402,0.5304765264423399,0.5275845040559629,0.32546243978785816,0.20160382619127942,1
0.7576277897543386,0.296880173977062,1.0824544596744283,0.6692752057098041,-0.10426880714286896,0.49545090808995595,0.4965602930372765,0.8403182525888333,0.17929483550785055,0.3923274932710873,0
0.8326178547351754,0.6224110865782888,0.601037237917984,0.3354117880892747,0.7047752812301147,0.9449601680746943,0.41052424560112316,0.9669069173295894,0.12163801442356212,0.06451589222091758,1
0.05636457226983481,0.6281199041181474,0.39936973490725364,-0.13685339149275905,0.6991090326577608,0.45876737259394207,0.5047193085694325,0.5908541866735602,-0.02210687940671341,0.8593193926771505,2
0.11963802970581786,0.6544710336227405,0.4740093781713838,0.745051199503969,0.7534506957529746,-0.007091620372573715,0.5856191925605837,0.9332505702052007,0.44306959026182735,0.33824626655964374,2
0.9722856143395152,0.6536201604440542,0.8465452132694358,0.3223857797228684,0.6028500300496403,0.5632457847332637,0.4223896444395655,0.4761936431565956,0.3950124551980848,0.6317677569379401,2
-0.02411910637540312,0.0877272817447521,0.6635942654800004,0.26097612533685227,0.003802256475517029,0.22624960275442105,0.5698620815301991,0.20970273040431955,0.6636167752856519,0.7532103692283062,0
0.8846871902468741,0.3654450630180179,0.8180221393811992,0.5876527595137585,0.7124965777693413,0.27127773789774373,0.7343438849900364,0.9722653001788092,0.9817248115767524,0.5098113962766625,0
0.08065373646863294,0.20323278787917726,0.2731641875311415,0.7428983110884647,0.8128081083872208,0.2243137270655679,0.42220884977836803,0.8004818768333389,0.6355173775004622,0.27285506556780265,3
1.0460653928040793,0.7713742514313935,0.4994656430343303,0.14682405738766677,0.43562975387562763,0.8330226166376946,0.7371677881566354,0.5917881264310438,0.15841847177224144,0.17100984743027423,1
0.553526355811889,0.29633017830452324,0.06516631384627783,0.9722672033077657,0.417205822796134,0.7693444139693377,0.9624638460832725,0.6554451317336222,0.5363033699895068,0.039760010346620495,1
0.7142878913071298,0.6279205341301913,1.0494379166556231,0.07269476507641316,0.4922615437253467,0.3653918826594298,0.6810403622376638,0.8723657885540884,0.6991263996683863,0.11449957712748665,0
0.04581836470505004,0.5157812603702383,0.344860011981003,0.1524770225831079,0.9906326252376652,0.44045157266795,0.988543471400954,0.3442858488044992,0.284413184537897,0.6113401350794753,2
0.7494905401280885,0.599756269328017,0.5134728892023661,0.049480903256184774,0.5053980598184453,0.003877513561986585,0.7906868373721485,0.9699637272498611,0.7984365259490697,0.77257281456538,1
0.49639775215775084,0.006734129453681563,0.24311159449156078,0.31665799559920227,0.2854310394386102,0.6102241556308653,0.4618846407355216,0.9310191803650615,0.3785473227192722,0.057526370347446926,3
0.20650560055594538,0.9670973143936789,0.31425413814682895,-0.0002567863767335282,0.24069282828269373,0.7955798254283747,0.5200913862630657,0.2751382183979002,0.882748147106011,0.6792524610864388,1
0.12722258226822059,0.2037144184172484,0.24935867531438227,0.7653092358405797,0.8799321418710255,0.20305108311365633,0.3779619016217591,0.7753188665036729,0.5863436675249795,0.24007114100965474,3
1.0140836149291994,0.37435700218975304,0.669735155747136,-0.024120901417996554,0.9880032272346724,0.24588837800937005,0.9590752424742948,1.0403090604554739,0.4688424655645951,0.682157961666863,0
-0.0764848610144706,0.992112695477923,0.9503552717946202,0.754922965754885,0.597592803530514,0.7107826825890797,0.4145359767597496,0.9638095348710569,0.11643418191502074,0.05771637305603877,3
1.1300353181288736,0.2526569663858036,0.5829533090299944,1.0662259724949548,0.8445297845666355,0.3406025057493231,0.9135041498108003,0.394636389366931,1.1484458539573879,0.2107293646197609,0
0.12486393902353767,0.7652702512928167,0.2090828568039199,0.329095383518157,0.07938134284681544,0.4663475646190777,0.5983987918235887,0.1426396581270896,0.8671443010173598,-0.026784855640181446,1
0.09781606634160475,0.47920225734126426,0.3121980353184608,0.9379371547336279,0.5985796237012828,0.7768534500659159,0.34858642318722544,0.0723769047029303,0.17481042243020548,0.050991470968647146,1
0.1198644753185211,0.7925454429316108,0.0994514769050108,0.19361267465045207,0.9471442204570741,0.8041676551075105,0.8492938782594299,0.7336535757181403,0.18682184229932308,1.042877685561311,2
0.8355232249943721,0.25694083430543274,0.3246761425705385,0.34872860341425854,0.6113503409914458,0.6205956202571299,0.43601962900101066,0.20367570034789356,0.5311179565983035,-0.3504259053804664,1
0.5382059700764329,0.8058182394291399,0.5387090356220072,0.363448887088784,0.442329237354322,0.7862687611115075,0.16758607529097258,0.8167951777114525,0.3538297931929682,0.39134041256923907,2
0.20532068756349653,0.7959161283860746,0.49224658880590055,0.5915812324339512,0.10806622484233755,0.8066224025270184,0.5551138425214248,0.6692513912176004,0.046805048646491425,0.686977272599907,1
0.01285991264459567,0.824162494958298,0.7139962840898599,0.7036956096500374,0.4784052793031376,0.861401533715228,0.28368679692896276,1.0283213251778733,-0.013181138769849946,0.1332402064345934,3
0.669925771613367,0.7726538846223273,0.3753231791408672,0.32148895927788895,0.15303655964840385,0.22880680322051894,1.0745300854686777,0.7799715990080697,1.1307732541139284,0.7111906821813674,1
0.865303505094189,0.60869246140627,0.8305576285378109,0.35800625125443863,0.6003059698581794,0.7455945441542791,0.5347578350749055,0.9226941150469238,0.37970885494452133,0.04302044309088768,1
1.005472648124099,-0.02467403959852099,0.8192861602848159,-0.11419224753878532,-0.5319684956735264,0.38732337605314604,1.6343960022449915,0.5151177709055518,-0.800493919131609,0.9008997760415296,3
0.5616724107594548,0.5718236616333341,0.9005293087435535,0.5365969044713711,0.507910727802794,0.6484185031770301,0.5596218407664387,0.5553536537296192,0.18838432151478787,0.4313011169037189,3
0.5144633338939026,-0.08659781625358973,0.8235608072185105,0.8898675632772891,0.5084202981215171,0.6494455486288042,0.38459116407664284,0.040916197866204165,0.46932095389836437,0.5184348578719897,0
0.917196341142608,0.3805015123922308,0.8589438200065173,0.19574386564342708,0.9887572123657625,0.4037865869080706,0.7566047930550556,0.9067645123460272,0.6947944659617543,0.5674591244345695,0
0.13074394213753612,0.15085462028816246,0.2987003793060077,0.7266661257970494,0.8727673244176423,0.20688456363767252,0.4352604220927026,0.8168523081095224,0.6501758869141633,0.2957651148907226,3
0.15492653661376213,0.9171168328981268,0.8759185810426405,0.5872864212213094,0.44662395223100737,0.9291875143606901,0.16974253412176607,0.9529898096556481,-0.0009852178717375988,0.2160164132828283,3
0.4690101654663082,-0.017463040662057547,0.2823327939428422,0.3308684894584569,0.25189112378489825,0.5719322223320038,0.4319152924925343,0.9258001866963307,0.36191054340414297,0.09684044578218867,3
0.6621055513732049,0.8357430131403538,-0.0630734085013328,0.5181291913084248,0.612203041792593,0.19208813007711995,0.7051941953338952,-0.2116640850938737,0.25324174344909123,-0.02965221154651708,0
0.40249035366650243,0.04434866599648052,0.19701461360890749,0.36277117074284104,0.2839831427544326,0.6587782189523914,0.4187187483588553,0.9780857053522057,0.31691514092365247,0.025221883095721265,3
0.9334500687639024,0.5246074850895849,0.7255093965979857,0.23214917560865256,0.5274252084323665,0.9236866003540027,0.5541216532225173,1.0573602748622943,0.1973933266828233,0.13309362372477365,1
0.871805101930825,0.39275998294005454,0.80349310429576,0.5647483500097822,0.7118814010378407,0.286077923699501,0.733388350873796,0.9834097951743432,0.9799225223473341,0.5088659441646304,0
0.3111271188184574,0.1567854653255965,0.6322598255499204,0.878235677853254,0.7510103593873194,0.8809931542248383,0.5634345800773074,0.23448191663695672,0.5025845844872552,0.7390306275367928,3
0.3477407390388639,0.477247682871204,0.6575381790079222,0.9721276918296033,0.0654721191593731,0.4044025036868074,0.47845149051926206,0.9101705932510064,0.3103893586883754,0.20207366393641263,3
0.8788737130853412,0.17256076677559343,0.6683878822621068,0.07696244867369768,0.4830716704592606,0.3964730598966193,0.19879957677114485,0.8927493789984021,0.918496273151311,0.7527995842146579,2
0.7845467219872082,0.27789787229019786,0.03686725208276753,0.7900807189729585,0.37941191433459487,0.9908268236603354,0.8735529028703494,0.43929153063564846,0.5710119604484737,0.6666313042699622,1
1.1669262379017475,0.6889544838415078,0.8350370804206138,0.01955625181499493,0.6792403269690771,-0.15984160160649644,0.48875730890372576,0.8369864346777722,0.46395298471845126,0.6904169037710559,1
0.854730746285465,0.8128773442896318,0.9708614091497773,0.6670621161680261,0.5874876895296409,0.8493970026854174,0.13585077186878852,0.753390453774809,0.6218881520334704,0.42391577046046164,0
0.031183941730086765,0.2921684632567915,0.33696843178787106,0.29334845239328666,0.9587734021273668,0.5539996454174871,0.1974851329211565,0.8951826569085025,0.8415329761700301,0.5457010909022919,2
0.11795017141446848,0.8482542674664556,0.8153675289406259,0.8182482753266679,0.5368950883037187,0.7752777735644687,0.1611145996989381,0.8433291934124472,0.5815477142255695,0.6110249457100723,3
0.6228743329137338,0.43347476924436423,1.209105724512002,0.15660898625206965,0.8228822642563638,0.22604901271950462,0.5782664856898933,1.0040205841505003,0.9967286927729627,0.9400281988075074,0
0.6881675972193336,0.9395641075916521,1.273775145491633,0.15701234645320133,0.5416687225575662,0.8597960868433367,0.25889881515551794,0.45607494612917077,0.6204542026923844,0.19479376468815188,3
0.22660021325011426,0.6270955289787767,0.5241543785375095,0.7924842458597903,0.2745547868230267,0.12536272529887427,0.660464769136776,0.03750403453507911,0.471278623238806,0.9473440333101777,0
0.46727451768662026,0.5413092761545266,0.24595215953823732,0.6471500195794182,0.7774006906055548,0.9125590243894597,0.021194492587165173,0.6392947405741272,0.9872540954553537,0.16119954224662347,0
1.3153340966451152,0.1719212202567694,0.895414726513826,0.04938918721341967,0.956504240046114,-0.06894628382775758,-0.6258184848720234,0.3315962855331085,0.5896666584968779,0.8214453655908641,0
0.05256299131791571,0.6553659896365798,0.16085266680397264,0.3842481445684307,0.25802940302047495,0.4408079824588541,0.5876876416845054,-0.0052951441077497274,0.9976802229786511,0.20404125081741648,1
0.21691593612027144,0.18213556451742935,0.16621189140753684,0.2330873453175873,0.3687924587710176,0.8044995793818187,0.44728934569346696,0.09112900100606014,0.5839471400526031,0.6820987300447023,2
0.16856003577585904,0.7103798327925803,0.5272142993638342,0.6114292390650045,0.22758690282789623,0.7401782635921572,0.4705560433333846,0.747033235877842,0.04105621186989418,0.7621760718921454,1
1.3196121414569402,-0.2685988526352374,0.5863486592671203,-0.2828643554750534,0.20166974127954346,-0.16482802075540504,0.4550756788154451,0.33524236508190897,-0.3852106346183163,0.5727054418450144,3
0.29879601121382277,0.8301915728847256,0.3321436369682226,0.739297384265019,0.7221993894746619,0.30827759654648,0.8715436856333966,0.15158358607616113,0.43923057651194375,0.8786349009569255,0
-0.5108786369689003,0.3649811247097069,-0.08433231768397609,0.12869410019535016,-0.0618878110270476,0.6246510982571096,0.049017619281524705,0.11734226583328117,1.3917943531612778,1.0600263901886522,1
0.05383758311627081,0.9556928583530594,0.86186305564608,0.3859377053525276,0.018462662994523052,0.4054864013326347,0.8244414762040777,0.9625757792327736,0.7664362766725188,0.17639196484712671,3
0.29272680516674127,1.0243997365398896,0.2210460200290142,1.3024065376283704,0.5617053035995239,0.6432750127342163,0.3209967965532632,0.6674091137974878,0.44017817500710554,0.18402987250364222,1
0.5264479640005212,0.08264333592583115,0.9418633569748126,0.8767273942206699,0.509731789669478,0.7650218407250592,0.27246746699644264,0.11812110376181413,0.6357783093834504,0.5879151319087225,0
0.30104981119707513,0.114731055634447,0.718694311506634,0.8867259347635781,0.772992379444282,0.8196991714309811,0.4689642857621653,0.15634375503940573,0.6251088469931675,0.6723601407502664,3
0.13534254744555166,0.4803840791496084,0.29709615743617757,0.9588799134050467,0.5809542191870859,0.7643224537595258,0.3413359765091916,0.05963072702475844,0.19466461168091242,0.025454451452106803,1
0.7136388790436747,0.7588598875806372,-0.03776711436837499,0.7517957943806647,0.501979911548089,0.5147957846392585,0.6499055928652876,0.20348552470420278,0.3506069330163641,-0.007379272702407579,0
0.4512326953003956,0.06554073738455837,0.17220284373278588,0.37832372301314926,0.2951710349917177,0.5287303217577835,0.35563244739428435,0.8465409923481623,0.3380355701115587,0.047029514681270215,3
0.3787682452697124,0.8558155458162237,-0.16471479177227089,1.090384876870659,-0.10566353792577018,0.5347147881826323,0.12482401255947961,0.40287818063801867,0.5178252125216035,0.8860219206589047,1
0.5638565409903395,0.11992773332109542,0.9794253977558909,0.846375298594318,0.374642228427931,0.8061718553244557,0.2764017656638235,0.014541115177758829,0.5858589046004762,0.5672122870801939,0
0.5082645423054363,0.6131965748035393,0.8018284420584197,0.9596145510089508,0.13454407449794292,0.09519657847095266,0.3240363346111919,0.6811212534382239,0.15207499744107428,0.23280909143287673,3
0.5422377778649853,0.80806036268046,0.5083076439528306,0.3581298349470011,0.42987812937811964,0.7599637586208774,0.14756985938757317,0.8060377854357931,0.3468713404842547,0.39710712057544495,2
0.4743621661072699,0.5411454119004735,0.21876352785602046,0.6531894683731274,0.7840830301741911,0.9346237436087675,0.029648016639585398,0.6693172282416984,0.9885787714008848,0.15504687379935783,0
0.5197832221100936,0.5186800987727509,0.9339783372471318,0.597131579704185,0.4415635537498491,0.6507676516242465,0.6463014418392501,0.6485217928623608,0.14446019671815197,0.3606864925584781,3
-0.1525317990327721,0.4642419882571601,-0.11772944711222674,-0.012494404582190366,0.20437999990789502,0.6124721603478265,0.9479647213062856,0.0547875239869159,1.221432413001748,0.2031855267596755,1
0.4634360347420601,0.05956415594846817,0.9499047719097813,0.8553019186412911,0.42274444445789766,0.713794502917164,0.2568657064672781,0.10564585855304547,0.6017043252882454,0.559389066455766,0
0.7012987737980182,0.4912869127096714,0.6045810030347946,0.31232141302977806,0.19246072036431242,0.6020405667328254,0.9244386451808255,0.3627061688530949,0.7335513312894588,0.8302611770789392,2
0.8794944602960701,0.4621960453582612,0.8612077972966956,0.46128066632895964,0.07656613911435942,0.3674060457879843,0.6944108970670206,0.542555457588931,0.15669465002085403,0.22978332296464682,0
0.22849090133493227,0.852846641377265,0.5297990043372824,0.5552140983162804,0.10599589697886444,0.8605981744490006,0.5344070063956652,0.7327868001516238,0.17733971985448171,0.8065004828287247,1
0.8439344537127055,0.42468672438428473,0.8457565620237054,0.5906273374074047,0.6896915181329126,0.3101885453050595,0.7417411410252006,0.9348533220946544,1.0112004186736312,0.506531707928812,0
0.30761319630786815,0.22381091634230568,0.5906395459553588,0.6688523131899551,0.07998114084557452,0.5555703462408509,0.37475082125671777,0.5505841208957467,0.23757822858171707,0.7324502768886318,3
1.030903525787464,0.3107309942173162,0.9758006624357485,0.31533401593714094,0.5102259231177374,0.7145800005641174,0.1669558114569789,0.856040311596113,0.7292553424014183,0.7748939647093349,1
0.5058501250473412,1.0649339801896218,-0.12482033673270712,0.7563648886602704,0.4745489370444015,0.29013950099334673,0.8165090598036522,-0.11440688205654018,0.4393700622111743,0.22482671232046267,0
0.17118117754548823,0.7354383148056909,0.33654999882941133,0.6798000291421593,0.9065731915684639,0.12699555320895797,0.7381107603967934,0.8490070282377213,0.23139404111769107,0.3323321813382213,2
0.5240499373263858,0.7506678944451614,1.2605298662012157,1.2161685389429553,1.1834490216764753,0.292379379953963,0.45591388619901757,0.08434054273492747,0.04601223329664192,0.6076193400188372,1
0.567440810232752,0.5796529747874638,0.90039402477817,0.53377949750951,0.5022614149756304,0.6458217583299808,0.5645966052496252,0.5676256823209376,0.19350662781602426,0.4284159665576815,3
0.16545897203850463,0.19375726477411953,0.2988689397002962,0.7015568467961546,0.8982088510084955,0.2293381925623294,0.39569353718213585,0.788394495629416,0.6868690159574083,0.30501045703751717,3
0.8694985249582967,0.3984323079796069,0.7954756000336134,0.5661780883634561,0.7128550689475469,0.2653630154833596,0.7132622443620318,0.9891365122172767,0.9999110096114808,0.5349259973079424,0
0.5068116483804489,0.5632122492309575,0.6221854238560608,0.5482317600798905,0.6956844555919341,0.3551208797665797,0.8578071961104219,0.030494383086883205,0.47106483125836024,0.3606383400851512,0
0.48426749723061224,1.0583965797117336,0.2444398768500871,-0.19596691841372382,-0.24135088216863404,1.3771879698873732,-0.3577063032044885,-0.15640656420506788,1.4765561323251604,1.403675278243339,1
0.49803355182540465,0.4649445909319162,0.49643387455133114,0.6447495010124484,0.9449853803579287,0.5117530680396466,0.6737774063246189,0.7197468168848342,1.4056474801223717,0.26044947062249985,0
0.49306055668922744,0.5750893779091759,0.17956386783019176,0.7068312021907528,0.8457309147184378,0.9701168809516917,0.05966908127622044,0.6611688445462311,0.9373821888241904,0.1715672476256432,0
0.1265993724389472,0.18876006655734295,0.2814570485701265,0.7273066636047516,0.8722445374905041,0.25687263009988237,0.4389856964708754,0.8295309491923174,0.6446103267989952,0.2883234928202954,3
0.4034188090277272,1.1392471920959548,0.4544498117664369,0.39941767426517494,0.8120533513735457,0.6951641042785182,-0.3740168430303246,1.1858197328618418,0.7575168930349068,0.46672440812874283,0
0.5774735522755133,0.2425217822780587,0.14434217890468698,1.0303331338615698,0.4511976279063081,0.7999547933132465,1.039337903632476,0.6152441848628019,0.5065464792185623,-0.0059906617079196235,1
0.4657707497669655,1.1016791091956466,1.1328545109874315,0.599793605390551,0.3510725959099653,0.407219132981395,1.120087724642408,1.3682103930993388,0.814867315898308,0.5513694550735129,3
0.7459491654415129,0.31882334829770004,1.1767180144731813,0.9505420536670554,0.29640665406978767,0.17799062333906054,0.17898842479371874,0.8411369763410015,0.16180993492445184,0.08929635899543283,3
0.42188981068679804,0.16016235047691205,0.26731086898058853,0.6908733155394366,0.24346004185197087,0.34729330103135203,1.0563964789793754,0.005300837778482774,0.7771700094396609,0.16415199353259247,3
0.16935934162873106,0.8749511440243262,0.8164111298988963,0.583148170012782,0.477298241672577,0.9551178566209829,0.1628499335400666,1.0026233049254059,0.02216058009159583,0.2231952368605422,3
0.25704507695909995,0.0850027544781328,0.5884757862007842,0.8761981445739906,0.8078997147109537,0.8917662991291584,0.5187289685307137,0.1659787917413335,0.47697461699283233,0.7122183192112329,3
0.2886801707621614,0.12772354287023927,0.6562283414483373,0.841726606547312,0.7948090255297732,0.8613854801379371,0.5778862607535894,0.2381799610468954,0.5487376478381027,0.741344864036521,3
-0.32998703266895657,0.880879880655481,0.1544999437500995,-0.037877796101009026,0.8858960994981474,0.4140404670734327,1.1298017536160827,0.46392235894882544,-0.05737431623349071,0.13657930864658657,2
0.23597721660315252,0.6937541941998973,0.469122741096945,0.528685780254987,0.2195496439986016,0.8288080635331964,0.5605313151510742,0.7740969785946236,0.07187208505657935,0.6769075443283342,1
0.13872383878762942,0.14370758657628857,0.25302686960346904,0.6878715101349826,0.917090992339868,0.2220115317396747,0.4285937749611098,0.8647753463725013,0.6146790905471526,0.28172293608072735,3
0.8885141990237437,0.6148529955674936,0.6147832367085905,0.10752483159688589,0.507514188055294,-0.057195631332737334,0.720894610924941,0.9470735574496281,0.7522706723107622,0.8242387509776775,1
0.9313484753695231,0.5637195664898221,0.7806723748635415,0.13953950965174816,0.5941636203532863,0.8077381661276002,0.5360909822747959,0.9440543378792796,0.19924003034300727,0.12931220049532421,1
0.0310744072436579,0.08260870545701011,0.6329608177804705,0.2781380044938586,0.00029961805258892776,0.2495244731127066,0.6025089347292331,0.20575241533535113,0.6542363907904359,0.7605383630794654,0
0.09701541272268194,0.8701220530996183,0.8147740413693491,0.8006278897865101,0.5494112514443087,0.782449434076277,0.14917762777901175,0.8402850117532633,0.5722859974765497,0.6010490759141314,3
0.3554960351936739,0.7313171224900924,0.37011373840533607,0.8124935446898112,0.8003480070797104,0.28267632277354665,0.9167201287265646,0.9235688635282172,0.18949114585190563,0.40448328775421993,2
0.476410076548742,0.989401711304936,1.1908109605802175,1.1770514064711042,1.0199753156563598,0.7080912484557123,0.381236515994699,0.7053212131417234,0.0831226869158884,-0.006554908916631297,1
0.5347453173252202,0.4432881410732215,0.29258636160308976,0.724022673662679,0.7082397209200656,0.8083045057443573,0.04205032025677193,0.7404091154636943,1.077220282921161,0.27245077758028247,0
1.3625622969992266,0.7830987831986358,0.9363181477857254,0.918871218464755,-0.20408383517092732,0.5898492670749427,-0.0966276919177338,0.33001592290125903,-0.10277425451970806,0.3024816858550483,3
0.5879128727581726,0.5806298394297507,0.2257721189413603,0.8549880856864003,0.9061350559872561,0.2689983069660429,0.958723603912069,-0.24274386998439496,0.788570294703596,0.8245065782454117,0
1.05786163459095,0.29940237521794727,0.8654180242874,0.2573503440046851,1.0907428221971336,0.30511606727998875,0.67986635048279,0.8821966314893748,0.7228384761638142,0.5869713688192907,0
0.14441543384452324,0.37337980401790155,1.2218620606064114,0.5042935046850251,-0.06504894907598438,1.0158693604156608,0.3383689549269093,0.20200104851726175,0.37168253221278014,0.5826896159089141,3
0.656719118806658,-0.06002899461206937,0.5340917004216218,0.1839589245805449,0.6557287098422748,0.2657581489894577,0.8980871985093084,0.8692224206476924,0.6451348026638004,0.373292826409724,0
0.19487703885790814,0.12697447857489544,0.7177964163338129,0.8657605705229708,0.7237629318722302,0.8059582681513839,0.6537018375959953,0.2283295366118724,0.6221207923754064,0.7294670797936962,3
0.15285951621998783,0.7750169484589614,0.5096210770669807,0.5660582872062527,0.13842352081533335,0.8475170799450285,0.5315617059182746,0.7155701368173544,0.08122583614684287,0.7522311521369085,1
0.7998742865252408,0.30235371211381057,0.7316586702737027,0.11024201897197303,1.1111816275034614,0.4335911141425983,0.7013185605741811,0.6990602425953624,0.8907820722498331,0.42200378906939157,0
0.3170013843219966,-0.0025075802823714497,0.4693277930205916,0.3082052014910064,0.1910210034842062,0.7790152797569252,0.255075146454091,0.8433626939379869,0.5259055165481035,0.24042501389094487,3
0.7383472175714155,0.7254899579843652,0.524979125674283,0.3070332365613258,0.9456730644617378,0.5387802955765317,0.8513779608506394,1.1811865035665001,0.17105401533175218,0.17901389298745093,1
0.8312719145138561,0.8072782361017949,0.8870921446025117,0.666797148574109,0.6252862489569517,0.8149789095904965,0.11489959064000489,0.7282410432507527,0.7133488043110993,0.5087493627263983,0
1.1381284701571075,0.241623520686117,0.29535487158312534,1.0521785545531002,0.505014788845934,0.6959345200079758,0.7502043187847485,0.7833313948163478,1.0288488433193876,0.223453875063857,0
1.0818141807405695,0.12782829979501759,1.1997365702323002,0.7192307391073076,0.16028883016305426,0.5619339488870908,0.4889423560501053,0.521181932542752,0.5993729516833077,-0.052415861311778944,0
0.8420427159085128,0.14733178521213405,0.6420476630419486,0.08677219750935733,0.5302824510222321,0.39114923836716364,0.20530154095597877,0.933442191517844,0.9334336607007157,0.8195769551473397,2
0.41763792305687136,0.6387333226506675,0.0947446656649021,0.06322642191772082,0.11674030273065256,0.5165550397493767,0.43710390377176533,0.02833699791999332,0.8872723946420071,-0.05434900852365941,1
0.4117423537350251,0.1941058096773852,0.2952399557010042,0.7322388816322365,0.2648218046608215,0.30454527459019354,0.961394392693007,0.029619673858690156,0.7994053741078491,0.19913254408178999,3
0.9077571365147004,0.3451557923743428,0.8239272842345069,0.16628282173953488,1.0291119498988037,0.3628942689667101,0.7327847617902914,0.9355722133030563,0.6736993091132308,0.5562911268638618,0
0.5322617635423579,0.04974150564241325,0.6104967425414846,0.4354349930293555,0.4498167730408062,0.6772171921289944,0.01632552173465797,0.7584602509197833,0.5456486162747631,0.661597189611496,0
0.6511964071128895,0.517420546371813,0.4894059875965243,0.0763096368268091,0.4451628156360523,0.048642027178262985,0.8151979195277388,1.0528139280126387,0.6699368495029573,0.7451942181941117,1
0.8976769458677436,0.3763592766254672,0.6863343382992418,0.6578382485867172,0.010218019934826239,-0.09630083022514374,0.5045061868662615,1.0468852433531735,0.30228618669122886,0.3556371394635204,2
-0.036123057766558386,1.1859726779317072,1.0809316988766575,1.310607276755512,0.9252968488663141,0.12651375203127882,0.8659654363346386,-0.10705385724971386,0.892928300562079,0.7525271623878784,0
0.9627373638008012,0.307878887993291,0.9197811738665931,0.025842766580024462,1.140672906097536,0.20520426693600113,0.9369050442349252,0.9354403778770778,0.8886966787084958,0.6363208288988882,0
0.5280465466344625,0.06780614846880212,0.8431914751652264,0.8073734997487493,0.4726559332202664,0.7566527138158068,0.22861709511140083,0.015551958516740613,0.5759524511185163,0.6249100198318259,0
0.8752979214864037,0.7554543546343221,0.7723282854612799,0.5200587297288177,0.526738547682809,0.638876482807717,-0.06361978159037379,0.566522256198718,0.5301298710689524,0.43906181385903864,0
0.8545885612796376,0.7766963258103884,0.8962888969052604,0.6079240227058822,0.5568966334517297,0.8066252221242295,0.06699351382606794,0.7050506788426727,0.6908848437861944,0.531960332006035,0
0.13312152603442895,0.9316973538519135,0.47585872523593714,0.9258127124238283,0.6060001850705056,0.2900474762354318,0.9630546575223023,0.05316949798932261,0.3718399962966618,0.858759104043462,0
0.36402811426168996,0.06944295686008868,0.661987730761088,0.25855303944706093,0.9668984848475658,0.028727980173216587,0.5981689088545872,0.856132417610524,0.7785169755642898,0.17289409199734387,0
0.1045788635968842,0.4801087895101677,0.33209723650515965,0.9394466519096704,0.5634440871660008,0.7751784380385245,0.3553554540586795,0.07717027961258385,0.15052275917982647,0.0898410346465442,1
0.8772613459277655,0.41454153597323956,0.8497478913808995,0.5867167310342339,0.7092161721125263,0.3127451166014488,0.7079940934890692,0.9973484578838067,0.91926086519189,0.4646243212905921,0
0.26939542295810753,0.8135273034502877,0.4027682358029235,0.7833960839841656,0.8068664068280402,0.22633917424822209,0.8164224805185968,0.9696613261645485,0.2997122351386437,0.38343063441553865,2
0.1112438757611838,0.8873995546014437,0.8870677246902815,0.5575113669482601,0.43948644438310785,0.9308549650123352,0.1952622823067506,0.9632160443453461,0.03311621340757251,0.23815863450528496,3
0.37652817286928963,-0.010818644950219558,1.3813577975499856,0.604854467693105,0.263264007896529,0.7072745930783463,-0.3961347843250931,0.5989932021622498,1.000069675570275,-0.6033612953927987,3
0.9278807013204539,0.7860271353661927,0.23967595540010186,0.02661299215757077,0.38026696265563414,0.6154501356317217,0.5400414660790143,0.35393048560774554,0.17681363779169296,-0.17518816982853425,1
0.3030868151838274,-0.04519854257909345,0.8920892505634748,-0.03179170548637955,0.47057530789162666,1.0353394582398636,1.2256056026066309,-0.11782237058338141,0.8440275536042727,0.858848391763048,2
0.3144299758712706,0.2072086370545358,0.577926873402029,0.6752550436038135,0.1281447556079393,0.5468279318715414,0.33924558409471933,0.501088917529958,0.22926870402850552,0.7506709306244225,3
0.01249651073175603,0.13116010971058423,0.6441540280255793,0.247146140134266,0.050697780040837234,0.20457913588768986,0.5935657483766376,0.25209366960897206,0.6565593283859024,0.7590090886244204,0
0.11053469318941611,0.6256422668258736,-0.013051179875283508,0.15645596496973885,0.19969939563511827,0.5227902873420486,0.6218313805292042,0.1531728275814559,0.869043219939334,0.023119453972213978,1
0.7362986781184566,0.8931011453398406,0.7979324538779761,0.743373062308558,0.5198715441225273,0.7653088648084692,0.09948471034187199,0.8021149955528853,0.5583379624204156,0.525022736714395,0
0.5288783285784077,0.8045904757531039,0.5318350534254135,0.3602965764617911,0.44310071342072216,0.7868318780576845,0.15738564713956876,0.8147032949851472,0.34702187474292207,0.3868829200176393,2
0.855617513806163,0.1447795936439834,0.6471555362139425,0.07728158087185899,0.5338457233510897,0.3972256224407714,0.21598593995333004,0.9392510865928826,0.9422907093209115,0.8334952083606484,2
0.18710725554021984,0.27501014794643786,0.6684698733460326,0.9130679407787029,0.9109347967153899,0.8042058777211516,0.5000668814314825,0.20160822246287732,0.3965848415417198,0.6701363773439601,3
0.8650820878063982,0.8193737155562923,0.8814652704715684,0.6541894317825603,0.6060157228955342,0.8031938855935519,0.13182038197223783,0.7456484793514919,0.6912728087280195,0.5041372502459605,0
0.1957625064989006,0.5507178983078346,0.9870525331287454,0.640669292101674,0.14512805199593526,0.9034153102833165,0.1545420924713885,0.06340722768770021,0.31366414155430766,0.33820432842574316,3
0.9398398273348252,0.3549168401307889,0.842939565903847,0.5054738103127215,0.794353047587655,0.3268948519508149,0.8100390693698022,0.9280740652043574,0.9668596074053482,0.5800586916284639,0
-0.011942084228607819,-0.32540574469007777,0.5166913445670009,1.0386070647450345,-0.16055506209281573,0.2928185879432036,0.43408202502062954,0.3631530164842784,0.498197062008814,1.0551063717119558,0
1.237040591231228,0.6912831841527856,0.8666392176431728,0.0493718276404722,0.10508544319364888,0.9736534985946436,1.0511831577737656,0.4075423220506624,0.28926684653138807,0.16189843791539332,1
0.13634010309349623,0.13141190824213453,0.37456529808657274,0.7311145232046058,0.8036486705430329,0.2976269833206626,0.39265895696657893,0.814113245022774,0.5714908544728443,0.2937841454438521,3
0.11875217578677633,0.5805701950089874,1.1468453989188114,1.1376828500646543,0.5309745759145905,0.14521145186164283,0.5080878190177283,0.4898866097112089,-0.1607007799062518,0.36311169300488644,3
0.7999930158361227,0.499663246653918,0.5079193531647697,0.18747259252227394,0.3711833415359829,0.9521585722631805,0.3832521647260673,0.7977096631957323,0.3830670338743476,0.2375411618490607,1
0.2493186051987381,0.8808465463881369,0.42061560658530095,0.8998886942435871,0.5430769484256037,0.1699055092556114,0.8930303502737266,0.040305544716429595,0.450000942095569,0.8385306824259722,0
0.5304820336714529,1.041272665558079,1.0982085879337709,0.7156359098688279,0.4171747804332077,0.40332070754161237,0.04240090063307167,0.8149914315468063,0.3397602572276655,0.5634400754835526,2
0.8989023758860172,0.5219329226515683,0.6833640486688769,0.2587347995965668,0.5500888747003504,0.9330040414766144,0.5431199117290476,1.0061551106902271,0.2089021423357092,0.15456800320970168,1
0.17082236509353158,0.2490290399145896,0.6629809345335513,0.7502065691285951,0.552697675540194,0.6413993719090174,0.38920577113538746,0.037776474841392654,0.7014303294930607,0.8026018948521363,3
-0.00447113114703739,0.0992991099656536,0.6238758044954824,0.26346496963573185,0.03341663000126757,0.21291799018960952,0.5742697649325248,0.2336149942491693,0.6883561535628862,0.7696405841214751,0
0.9411566807000611,0.3106580895062794,0.9136553641745405,0.4324235507178089,0.18918641377979173,0.5277982223880141,0.8569965088579536,0.5965670443443948,0.2466982543120441,0.22571952213738047,0
0.9428220041868637,0.6446024601675164,0.8408527468554599,0.31844349686415774,0.6238925557169565,0.5513710572323991,0.4003607283749165,0.4841179562518357,0.362630751284089,0.6597606956908367,2
0.09963720883880607,0.47078743539215984,0.1331105332544399,0.3827611123080701,0.19020112629967914,0.3830547826973082,0.7370210113230994,0.06760909736503946,0.911706960663948,0.0762242582616609,1
1.140710179371875,0.7512366897239404,0.4795499723479758,0.7625705596929255,1.022994046339362,0.7347221003167198,1.0712147188597427,0.9828362081215668,0.7616271647368112,0.5232615942150245,0
0.8906372324538118,0.5824648447684974,0.8512369414727194,0.2402453532200446,0.7509161998661432,0.45815125656293676,0.5270303726653132,0.3500207233816327,0.29969168912874355,0.7776399687731583,2
0.2138740550353989,0.9334546878500416,0.42477884561720164,0.909485948786319,0.5136765984367905,0.2125065237359896,0.8571159691342368,0.0836882212829904,0.4414749531773149,0.7996452100798745,0
0.3937268753428358,0.15995720362261426,0.6748842189784787,0.7662946610598512,0.783047596951488,0.8031048986609115,0.6539644444151538,0.18650071519570624,0.4494365853709188,0.6220954669835181,3
0.8440744042793846,0.14899613960244038,0.6408186832419083,0.08783325775063439,0.528371252352141,0.390640015261969,0.20508545634481523,0.9314583422823983,0.9326531494622733,0.81786961689739,2
1.001992492574489,0.711254247850673,0.7749465149637638,0.28803448148529465,0.6144206473634576,0.569835219185547,0.3862776477150205,0.42886475176442557,0.44346983838588766,0.6002944797362152,2
1.3406751748869894,0.4004309868789978,0.3199945331862463,0.37037787916371684,0.6648076257661732,0.36819877064650486,0.507014879262212,0.16121136116340662,0.5729905587269759,-0.13344954049183383,1
0.2078594713059813,0.6272329429845389,0.08462541282675501,0.21158107282650035,0.07737991020380075,0.505205831614673,0.6539316974083629,0.14297562448423132,0.9357058757408386,-0.00899400753756878,1
1.1414646244308795,0.8412807341879686,0.5081473834620183,1.2020003106181836,1.222138002185251,0.8379131964867147,0.9923376382206902,0.6484192716356315,0.3284275533906369,0.2620810497021637,1
-0.17005085796969624,0.3793544306138397,0.080909683937582,0.20120832908695174,1.0055280388989913,0.5352022670831578,1.2453231225355266,0.3281053903519793,0.4991013343548931,0.35571409246490515,2
0.22026249055714942,0.1895433131705504,0.5579182543438475,0.7354346268461269,0.8147436671050976,0.9839312027136672,0.43609896621250444,0.34373433986635266,0.6642628717104155,0.6765866376305871,3
0.8201813538198537,0.9127080540041657,0.8653837769574038,1.4344015507344225,0.5183339117136077,0.23899597170373935,0.0994611701969749,0.5380184637970145,0.38844104508805555,0.09921794945749031,3
0.7822674965016984,0.7310636244218549,0.6374019315667572,0.07203262617737421,0.4000027770048863,0.017995823564165236,0.6814479668274236,0.9691555938273888,0.9067404468362134,0.7933472990354203,1
0.535707592199895,0.8072485146877166,0.5378313396064082,0.3576759636661656,0.4431749730630187,0.7944784728657662,0.16616136704161083,0.8123704560596617,0.3513964519173114,0.38759059134383084,2
0.24047670735149151,1.041734171731087,0.8889725393919311,0.5050460183240348,1.1346584006789913,1.122810283701476,0.827274761670372,0.3056628100775821,0.46479642960828577,0.9426671220697219,2
-0.11104854502608769,0.8761321686657872,0.8850360097791615,0.4282553841416399,0.305421423123601,0.5355372910332278,0.6638704308445091,0.8183523126809726,0.5758767287401141,0.11452176717656723,3
0.21587900560793855,0.7189420671670107,-0.0029184527261496007,1.0983527091868523,-0.1353545496608539,0.23656553422246102,0.4059693501756363,0.3683143559378034,0.5698789247881331,0.8255870680182951,1
0.5448412436419895,0.1495211021375006,0.8751719071136947,0.9135191126502877,0.4775858625713162,0.8692349488849287,0.18277598572483877,0.02434012700863973,0.5983542200262381,0.7481380911310754,0
0.916253927750118,0.3348179750812551,0.8645573886820118,0.4875037487833909,0.790498862970493,0.26104349473318406,0.6886840692822256,0.9197001743190383,0.9113940159488199,0.5859546154889718,0
0.8315996828525132,0.9959439925855444,0.8590067978370031,0.8304563041353898,0.50893014894008,0.9177216977811588,0.00534036926145702,0.7784041923958769,0.5660949225917149,0.4293266865924422,0
0.9105303063957263,0.37103984791679356,0.8525450182601949,0.1634824587515255,1.0126827893497756,0.3807092656038877,0.7343617979573467,0.8887241873009741,0.7266183820971164,0.5852995952814637,0
0.17237324694186115,0.7865758725377393,0.5098810958903438,0.5769545658676493,0.15931416685688943,0.8317287841353933,0.5237654242061361,0.7213684557027084,0.09839529607980513,0.7423559494408148,1
0.5408685342138233,0.06193708193224811,1.0483947146810044,0.8203920258468476,0.42591337700900533,0.8751762746456623,0.3095059160875412,0.008026909024618875,0.5406298232828409,0.49892978827831824,0
0.9699117570641942,0.4350676200377037,0.4447055555563469,1.0243248964435485,0.5355987130222826,0.38741314945016636,0.853212444646026,0.7297498987728527,0.9441810841014541,0.4110684262165387,0
0.8195352635299725,1.0640434394765532,0.27489405575862713,0.4350144727306668,0.6367499630311897,0.2650108633970246,0.7328955169984364,0.0011809746518555084,0.2543049087196703,0.15365166443944162,0
-0.04702656905338942,0.08391089942187602,0.6103214110330173,0.255399326463449,0.05293714606321793,0.20160750346219367,0.587828591638589,0.1849440059111083,0.7105555410612847,0.7900999112263398,0
0.4527433912464638,0.5642099418221777,0.9338718564011624,0.42023567616279367,0.42544530491603266,0.5106191601068909,0.5276292244550402,0.6805885913592623,0.21250747088478694,0.2970080466914885,3
0.40326014418949174,0.10464792178808607,0.4288601578875634,0.28650644707474976,0.2805985696133325,0.7965596585254479,0.6079225897086188,-0.04121809731287561,0.8432642125424681,0.7579908158807696,0
0.7672015507692855,0.28370461767549787,0.3832933023504569,1.155378325475657,0.659738284551336,0.5407014121844566,0.8788280641828189,0.4748166925226872,0.7586877227849608,0.41284461087137186,0
0.5377478252347943,0.7394339146819451,0.9491529916025081,0.9894039064433756,0.20371271338444114,0.09788648086638474,0.199897332302296,0.7060533458123955,0.14612692313967793,0.31029108378032,3
0.9224842443042176,1.2996371572678407,1.6732165118234867,1.170683008259628,-0.0037026874020165135,0.8080777246380375,1.4093554426928891,1.2626435683716415,-0.2609379141563209,0.1615610801063193,3
0.25261980270597545,0.6145232675147132,0.60230751388147,0.7408567089033414,0.48283806958569864,0.7207321468641588,0.4387792948605812,0.4174557670521182,0.3167955279798811,0.1624513160813714,1
0.10415909713635248,0.9306995417299352,0.5820245295807065,0.8635948670407556,0.6702832152747259,0.22377989247815455,0.8241852366736196,-0.03872357248587649,0.5148473436886352,0.9709970013138026,0
0.48459393494522013,0.1197572928232744,0.6832622801349383,1.0583929831503072,0.9337753746771761,0.6068991111642406,0.5856172103065632,0.3136569336968838,0.5689859655934169,0.4629931845999719,3
0.5860547905255622,0.27377687567412395,0.054104372597170804,1.0127496367421058,0.4732012832526602,0.8055873700878792,1.0183763667985497,0.6357529389417228,0.4868293407948429,0.026199477033017057,1
0.7000739161566154,0.3822823592697602,0.7682836693845686,0.2612929510247743,1.4202873263173057,1.2426856320179434,1.5721409365162518,1.0346526522651898,1.051720557241855,1.1690412096454565,2
0.07431905754447314,0.19311689928968429,0.23560750544619893,0.7050911171818638,0.8411517177321722,0.300406801296178,0.4754925865627892,0.8469222177308273,0.6559518132035365,0.28389004902232523,3
0.41379686545132516,0.2336824488844703,0.3223881602735753,0.7201162111627433,0.2587669672045488,0.3279822579627546,0.9374828845766675,0.016140091325851303,0.777288259194983,0.17846821428966872,3
0.4998278624623603,0.5470807147030299,0.903714048215794,0.5575035086180706,0.3821872973572881,0.6681352367567224,0.6969439770789873,0.6297024551787904,0.061424209912935596,0.43340469886170707,3
0.8813290315292511,0.3646384467775993,0.817888226858512,0.57517180393174,0.7321623495026272,0.2822359704121679,0.7218868462734659,0.9775134370462834,1.00432968945149,0.5275684821843398,0
0.12940192275705484,0.6060963419954484,0.028365656537652575,0.26222773673217675,0.06419395141163611,0.4993842850467653,0.7243706433942901,0.17998176075068148,1.0119813320952715,0.029543778895497884,1
0.31252097679321006,0.12401760985515453,0.9176510177918134,0.3358538390574669,0.814941466551364,0.31489256280431316,0.23750448407528857,0.8471018199614315,0.5387695449807988,0.021592626847804067,0
0.38829776766466867,0.19283837613050797,0.3250906805552086,0.7044506258738576,0.2557414688474144,0.29346444641375513,0.9903473874377533,0.012077713820508484,0.8103692471715165,0.1713624863412639,3
0.1950175007797067,1.0312925017238834,1.278440695199582,0.6679409595542697,0.6778361306116161,0.639120519630699,0.7302667761899294,0.3949776968117923,0.7132829221678133,0.5282870063169118,2
0.4529837772431608,-0.02858525639090633,0.3131313186726702,0.3094620729199473,0.24624576558735892,0.6332865632327689,0.3998823862082381,0.9587490797166347,0.33326005026359146,0.09865109491011535,3
0.5203577164184345,0.7627241778007501,0.8483162058176852,0.940707767053806,0.6632092124101923,0.46473697017717513,0.4714751963259463,0.37590819179839136,0.2412233572490139,0.08785520291498017,1
0.5424808248389628,0.8099786232169345,0.5238416291614275,0.36759192507592847,0.44145481197538367,0.7941780096839189,0.1519499682803131,0.8152759433954225,0.34477650333957655,0.3847200682620753,2
0.867362288950048,0.13508102597125685,0.6613588108527941,0.08584221627275425,0.5164460733869284,0.4029969489483953,0.22131771682058507,0.9181596703277094,0.9254582567492814,0.8427247547855595,2
-0.09680652881154,0.820686144983843,0.8323852085218062,0.695542886805861,0.527393862336832,0.26439773467190153,0.5656399637920639,0.18152209344107637,0.4958427187513027,0.7445764759561972,0
0.4386957617784601,0.002726990155037745,0.5978517747467981,1.0017144513664997,0.6878792108441127,0.7153463149392957,0.4227365568276864,0.3249469452879442,0.5573469229028731,0.7323224377643304,3
0.03207314118725642,0.9061556071497753,0.9276655902553314,0.3657400539276016,0.07123386577241256,0.34767614428659094,0.7973028381123961,0.999371960143666,0.7612809457022234,0.12259907179290834,3
0.5554588084765041,0.31768815294383174,0.10424663833249237,1.0144515787782324,0.4631355993250059,0.8015273372179892,1.01443199852442,0.6347730404896645,0.4910372546315027,0.005125447453858725,1
0.6304426207579392,0.15267059248952913,0.34061539679040054,0.29894904962087837,0.07652131458145955,-0.06193440536436984,0.0045453197992396666,1.2350775439356472,0.7505562832024416,0.7581549496133688,2
0.5590500851023001,0.16016099708498044,0.8424597131818691,0.8255935417851085,0.7115409660385871,0.8615722786825899,0.14587471389191514,0.3363561412972419,0.6374081710992724,0.8971764036275156,0
0.5324911197992083,0.8017899349301661,0.5386874487326712,0.36259131419582347,0.43953958232832985,0.7877914030463805,0.15925331971092924,0.8145533860432678,0.3529140323058376,0.38957375564613905,2
0.18199771107171997,0.7953050434681915,0.9676845466321345,0.676046683535926,0.7983483538245209,0.9644996696833235,1.058659717879293,0.6389109130917806,0.6300177811533969,0.946048963036796,2
0.1145906829919516,0.47610117441533234,0.31617460071631237,0.9581306513627363,0.590704873065181,0.7820988437823551,0.3523958484825789,0.06858117522394497,0.1676723869274939,0.06459581769891479,1
-0.003855315099965611,0.08893925721090072,0.620162900717141,0.2822082728205858,0.03597796059371124,0.20714422877681044,0.5687783233707678,0.24253343157347923,0.6742530916296791,0.7879078806312084,0
0.05420815027277007,0.9898796666961979,0.7357916220254808,0.6544675569517225,0.47440408661643974,0.8194526592549919,0.11067424385696176,0.8304732316727026,-0.011106092738383623,0.11688549970499593,3
0.7027022568306573,0.6611467422810092,0.8405310707174546,0.7140823565179764,0.9995582737214739,0.6229164179417164,0.4224845307106399,0.6510623893490237,0.07602799999548093,-0.18836481528833865,1
0.3879651212740252,0.18286803457830542,0.2894052350260948,0.731347782247749,0.27421770135997686,0.2764284193884913,0.9760041594506892,0.01753649684427377,0.7817596697460788,0.22414705411797164,3
0.4364278505644692,0.04516384542001457,0.4245566969409679,0.16001729149254923,0.3527879597265659,0.5023874510033096,0.5224255930614317,0.0010874223368649433,0.8139393714639247,0.8293513253561396,0
0.15636159862934085,0.615279629099944,0.04953248057289897,0.26477241363414666,0.0847320168635165,0.5057132967054926,0.6850654465618972,0.13870999122823238,0.9846638678609919,0.035413450586219815,1
0.09989314793803078,0.8368960163331498,0.9256194134614588,0.4770274842196908,0.5166209381621908,0.9449506296510262,0.2554201378554329,0.9110761648412778,0.02059581594173989,0.3165738757167707,3
0.1521461198021245,0.5563823242476198,-0.0006381007162248875,0.12193358621565092,0.9250370298353962,0.1650126629859876,0.6972523149804868,0.48627369382605257,0.24499680401319865,0.7385507944039669,2
0.16938527095825032,0.21042062040390724,0.8309027525345242,0.18872936930329748,0.7651864897505033,0.08997149468657364,0.7719124238391549,0.07702268464368839,0.2840582460444846,0.7562535824571053,0
0.39635144784750304,0.10029253678309372,0.6649314013094697,0.24853885713567256,0.9875445841528416,-0.007641487966382905,0.5854761860362167,0.8965075933602602,0.845604268364305,0.12171334016235365,0
0.7909909373392108,0.6547727132607657,0.811836803196789,0.6477298645617126,0.6624178825679337,0.7011629605862968,0.10026634255700313,0.6057644952432032,0.7744625080722296,0.5790112303609878,0
-0.19992938793015888,0.7148963374971208,1.1058035794367238,0.39382519038625435,0.24613089665296292,0.2302508324899514,1.0168672438117143,0.7710467737844995,0.779704496020674,0.15985105221530135,3
0.7334571055789242,0.770683254768679,0.12559768843487634,0.7668472447474283,0.43660703449617927,0.32978724128701337,0.4540845967854844,0.05330448404748877,0.43332341709632904,-0.04280340995037889,0
1.1514961082306387,0.11565724714206238,0.9146524988580084,0.5983234577535392,0.6483354678793756,0.27889735407326355,1.0832880874672397,0.8636690733834315,0.730096064266496,0.6262932510757829,0
0.5533982549588535,0.2799486028744693,0.08524697118140015,0.9759586644470418,0.4218559595612261,0.7806501692950459,0.9840260729140025,0.675187288161083,0.5099518518414484,0.011337476801944898,1
0.8677759947448512,0.355071937233858,0.7325404404341228,0.6832517096051431,0.7836579933663115,0.3578622160201512,0.7442184297990878,0.9894902191793977,0.9431118884022862,0.40798662371471156,0
0.8874282479581932,0.3797274239409052,0.819934450649344,0.551741050019994,0.700889581533014,0.2923371514484045,0.7547963620817184,0.9794626225789298,0.9907656563167487,0.5153129725348129,0
0.1017323502088801,-0.16971470795786447,0.966498777098094,0.6702055547428222,1.0598400651376085,-0.008949841359954983,0.7533668763299279,0.9311256871284579,0.8113488297747312,0.09399206961247207,0
0.15848049928258015,0.16074547920647167,0.865933893243958,0.13991921639575058,0.7260582179444441,0.10825126384849337,0.7140347467977585,0.1223166597589673,0.24595849436373698,0.7093694484768506,0
0.1849015272745807,0.5833273621857064,0.015833628169561974,0.24213329360340255,0.11457500889164879,0.5095584364891369,0.705928746644526,0.15113400543287453,0.9704966449563002,0.03233271176086893,1
1.2169688516531227,0.5220561203472195,0.6248476768002955,-0.2982962744845782,0.7277854132136592,1.179959873291747,0.7588091945340284,0.5798737686546307,0.02882317165650533,0.3313415369089846,1
0.4171036695297678,0.20735694130948318,0.2904253130678685,0.7401456060739537,0.25572148368809466,0.3036094037279578,0.9664862018174114,0.03045704372282007,0.7986588457524632,0.195831284629702,3
0.24026264160975894,0.5348501835783857,1.3399000991205399,0.2082298701072994,0.22960520331736065,0.5509804626198178,0.5834443998073757,0.697170878927869,0.6193849210104145,0.48769191547795876,3
0.06373767348119536,0.8245477927510092,0.9110499942316155,0.5657444450183085,0.5277166636531352,0.9053930492579121,0.10670612180434741,0.9409135899443485,0.06277295900780422,0.20241009095704215,3
0.6762528392589784,0.5768544820381576,0.3273719211720122,0.5251375539642938,0.39294128038639353,0.41534835942393156,-0.20853476985719233,0.16084218840118306,0.9601950712331245,1.1759429828154297,0
0.3936491942080842,-0.022388249547005426,0.615934134525644,0.13714336218045664,1.0143353062972453,-0.01886714102281127,0.6661094836580596,0.8963205000397036,0.7061400675766619,0.11029211882229176,0
0.35169686705559094,0.12656845658618618,0.603386189246115,0.8808578652196137,0.7520073470506242,0.9091031712017004,0.6083260445849583,0.30813230709816686,0.5927520366555767,0.7437429297366613,3
0.45596483846827907,0.131452227431825,1.0295655997989968,0.8941894897059187,0.5222006665099683,0.754580548893995,0.17856343165754868,0.09887120605570944,0.6355967654788781,0.5813148328082759,0
0.39535821669338667,0.8076690674748163,0.9496548206383565,1.0185671476058242,0.5257118960882559,0.2551414572851023,0.41014009166186893,0.4037917182888119,0.3473647454820288,0.05038590754103433,1
0.8253841716538081,0.301311573140557,0.24967773174398222,0.4473992742430851,0.2097144006889477,0.155766231641943,-0.035500745146620605,0.7360988927952117,0.39531873015489555,0.6815494161065587,2
0.867916960981031,0.16758964984105126,0.6712777094452511,0.10608662891635183,0.524003409941738,0.4012917384009101,0.2292974311026232,0.9094145933092697,0.9387563681324432,0.8285959573597448,2
0.3894196484593902,0.9322108042160542,0.3141661059796977,0.5008139471935098,0.19026536021340418,0.21872020102683146,0.046223954876798326,0.3833400810332042,0.897287958082128,0.9378240140771933,0
0.6078310589648706,0.44692505257486564,0.39462626770446274,0.9074531019942321,0.5714753725094281,1.0803699134705083,0.6512702940572157,0.5494462865290232,0.2870690421481602,0.590453091709579,1
0.1588773485118472,0.1714119100248663,0.2251075237911663,0.7675277321968789,0.8320561048630389,0.21105923211973057,0.49715659078129065,0.7748925242507427,0.5915285851478223,0.2888453348712505,3
0.7064953125931135,0.3904708541488253,0.9313845693856322,0.44842023906717465,0.1855339730544429,0.4465453554645451,0.8775317576485642,0.5977213463440437,0.27574922677332553,0.24847878099733597,0
0.08236370547388538,0.5815485344276449,0.03397818344779759,0.3194638315584891,0.15128532044006734,0.5776742260450128,0.6651506135404175,0.1588912444540518,0.9315099205164669,0.014892966673655837,1
0.019780164690176537,0.8390801541287829,-0.16916740520664514,0.2476937011437555,0.6266789664739455,0.3626324826673347,0.7350426275111911,0.5983116205374572,0.1308263232797268,0.38949899027838386,2
0.9411144718274529,0.4153422934306753,0.3510364039736798,0.4945198017825603,-0.160514625510557,0.470055855260259,1.0161941046971845,0.667938736752171,0.6684141988557752,0.7351390172538571,2
0.07175561795466329,0.29405846259396473,0.3459588142450572,0.2755887896257764,0.9661637738640675,0.5648719627101357,0.21079451856839462,0.8659414457536697,0.8293743277306834,0.5635314605649437,2
0.4005803825239828,0.236586396042404,0.2642279141162712,0.7383142900570105,0.24183395630244858,0.28059549141519785,0.9447880446085922,0.040206635665397714,0.844042589717453,0.21568468670450672,3
0.016825799559110746,0.1065782869460393,0.5947670762152738,0.2353370161475274,-0.013619593837614373,0.19507329084619918,0.6102062189520497,0.20785996212219612,0.6991628908743172,0.7981023548638619,0
0.6710999173608384,0.7472137112586807,0.1530635542818758,0.7064209630034092,0.5739773995536144,0.3614122860217032,0.4915228684496424,0.0003551640708332471,0.4857049391786269,0.017947354379584175,0
0.5413995281266756,0.8025793391921293,0.5382877930547367,0.3641994849203788,0.4464380256056978,0.7878857274681035,0.1572899315729282,0.8144560914412601,0.3525310208907832,0.38935371268392205,2
0.7861708814767334,0.48108151807386906,0.6425876865107643,0.17581927658390917,0.203679186012579,0.5534890610052137,1.0189106897078002,0.43397911662520045,0.7882665536336242,0.8275806168303003,2
0.5341066297369237,0.7952340002998787,0.5423920621405726,0.3655005327645813,0.44205377078428315,0.7795008044907519,0.17379980782428786,0.8032832519196066,0.3446642298658637,0.38164100945010615,2
-0.32562601759135457,-0.6210138569483623,0.13809063589258946,1.236472947891237,1.1989033799973885,0.20075867183258916,0.18059708825457232,0.30930401818555103,0.5273424240439416,1.1333050122518826,0
0.8649213963181062,0.3740939290165395,0.7668510463702,0.5673379452203072,0.7493829227133677,0.24700666424767254,0.7660293668968192,1.0219840288242377,0.9833514045010291,0.5341005027094108,0
0.06466248238143917,0.6762731110777155,0.3155456157630946,0.5846953771196187,0.5461153676950659,0.7939796971458273,0.572657003828389,0.004884412967834102,0.9212606641578148,0.14242363557912,0
1.1972231688446016,1.36238226836105,1.4086557588503252,0.040638517396427036,0.6643049190372413,0.8375342929416928,0.8691344992697417,-0.06832985961362392,0.6075940341943074,-0.7673204754365588,1
0.18979550585719282,0.7594728503330384,0.7972056242744017,0.2850705968125698,0.27536347533858263,0.5651721902529275,0.8979973856826821,0.9321114574338123,0.8401491551317473,-0.09486018903132357,3
0.1464390881486621,0.2092568874819498,0.8451002695753703,0.1806387638367438,0.7759953489754918,0.07822983309228743,0.7971593806487934,0.053390192329480606,0.2941217557038758,0.8007608766722943,0
0.1244503153729597,0.4660620002203616,0.3155531968462156,0.959913466294729,0.5918574003176112,0.7835411921790425,0.3584045653807017,0.08017478073688179,0.17334409619615274,0.0523078446431952,1
0.3587996938301991,0.8323858232740853,0.38278573817635625,0.8211973930127817,0.8942681324882463,0.29302522869247977,0.840177070813805,0.9775673054227795,0.19975912053876588,0.3700729097133364,2
0.7788975677325527,0.6359979407054982,0.5171844529765772,0.05757910704515696,0.5467471947746947,0.00847554581488829,0.7942041055220973,0.9876357341453696,0.7945053148056181,0.7973497269800918,1
0.6985952304853397,0.07196044148506375,-0.09879905422279789,0.7115520140414562,-0.19777672655863532,0.3681105445330763,1.2221742480508886,0.26198212074353006,0.4746358873833547,-0.34750308253140283,1
0.9049544970088041,0.22274519186915595,0.946073376298774,0.5118572037593134,0.5907249793253289,0.6202462440061759,0.2647164278272691,0.6329170214151486,0.8714940287980106,0.864426403431735,1
0.11156428490361514,0.8552903186307972,0.8206106413766278,0.809078975571776,0.5325033560462918,0.778029617356893,0.15367825271407104,0.8376476104566176,0.57681944893975,0.6064436949049707,3
0.7334289310386661,0.1729814237744952,1.3041879712959252,1.001449934969774,0.4372944720801534,0.3877767856636225,1.0669661080839354,0.3278827188661849,0.07286868971481725,-0.2709631574765618,1
0.16149008757953626,0.5980648043539161,0.037918194841812324,0.24769214399794529,0.08839654859427759,0.5090314763952091,0.7020630488758762,0.15030688147875504,0.97970299396412,0.03787654897424878,1
0.3327688757773435,0.168991560245341,0.36662633714034126,0.18485502518672461,0.3761411583050222,0.700813465115231,0.5759623303216796,0.0346267544172104,0.6442991497832242,0.7440429794588268,0
0.7917061760404934,0.5417811701122133,0.6363555708210817,-0.04008763887045369,0.767744630840721,0.7145871719389467,0.47509433206231416,1.1436939570057085,0.0946152832779999,0.3157536415667999,1
0.09258644293092202,0.9005746251930326,0.9716287911168121,0.5429248434006347,0.5502725701931797,0.8918796882896136,0.22781737909072278,0.8537498356811224,0.06175316089735515,0.13348805576915188,3
0.8337350749444572,0.15945337182670347,0.6222368419105906,0.07298544791078415,0.5399220212841407,0.40137390595512057,0.18916011773353128,0.9171031692857828,0.9320724144400053,0.8113659277415081,2
0.10614948204839052,0.7096022556557153,0.17305283079904177,1.1354814253120649,0.30271408530959604,0.1875151668664099,0.7078392782513867,0.05777623652006383,0.6069930146393812,0.6809553424672197,0
0.30599314657050053,0.8508515794177727,0.3602126828389966,0.7803281223556258,0.8613273119254136,0.2608967630632326,0.8710281541506959,0.9674868694657411,0.23765046677667942,0.37840478850100484,2
0.8604446875972851,0.7471713832986723,0.13277118984413516,0.2832206088733943,0.0649300632433363,0.003757353502425842,0.5187266699254587,0.44715834316731173,-0.10190479156974477,0.03772994646524591,3
0.22567664251405714,0.673965218445338,-0.0128596643461679,0.1512973438884047,-0.035279188421465976,0.4307031144220874,0.8224482063696894,0.05468193894013394,1.0661891503349952,0.08808750771868698,1
0.7716288268125916,0.03580431140951984,0.31330922639500647,0.6269474691298303,-0.12720992303492512,0.13624288253688022,0.11651985487281563,0.7278918243563043,0.8001101814920712,0.6309096679564794,2
0.05597060862022762,0.2895270699176643,0.34499197207958504,0.26928434624597813,0.9672012734558665,0.5710664487782583,0.22339159022077842,0.8713942479745941,0.831141274536344,0.5575893185697893,2
0.7597756972100902,0.5747492386573285,0.47139673928187403,-0.023824571280550294,0.5930642855938593,0.7384197663259846,0.6067000284698176,0.5694380962507396,0.3709760009998415,0.2500200448681741,1
0.7885205098775612,0.6348884764849995,0.5058045678585302,0.04781214428293746,0.5337575475063335,0.008822461685497877,0.805541960408208,0.9869280288591388,0.8021029213423815,0.8077289539571061,1
0.4296961722460422,0.8911298189299242,0.35976199253577534,0.6988043853615468,0.957281564142065,0.31125862268325183,0.8879579482017446,1.047556190651961,0.2781576406785342,0.3097312727338741,2
0.6913046898287637,0.6450922432975646,0.588513071184647,-0.07536091536163297,0.7361100274888702,0.6952294734325609,0.375606084489742,1.2260030799517185,-0.12059732780850829,-0.14524216079814367,1
-0.1464539218613924,0.45445068779329545,0.3946088000458695,0.548361731589679,0.3623949790544593,0.8812715005678932,0.6692477680689899,0.4349590190228528,-0.003255754643146841,0.7978304706521129,1
0.21065046014039185,0.5784960751458408,0.9984584074288617,0.6622921901797533,0.15872898699433685,0.9472145904527502,0.1626436701823391,0.09596041423353724,0.3513451312756261,0.35255746858798925,3
0.0026566933966907782,0.10548811819582225,0.6303815179022157,0.26528849810196575,0.033274744765717776,0.21991124221101635,0.5744905490404401,0.23192115216457926,0.6815431802246601,0.7733012767320927,0
0.5313903069856625,0.785598787114843,0.8079905891399413,0.8969051485397661,0.6114971774537615,0.46080671205538476,0.4230657179154323,0.39606489536679507,0.2640343837957939,0.05786709137312396,1
0.8577689528136143,0.29903556997773384,0.9957195876038671,0.24958148726162177,0.9059403182149007,0.32438985320495406,0.8206885647073342,0.9016910184897269,0.6654960469108502,0.7459465165734733,0
0.7671497549653767,0.40853132699924755,0.5966685870828925,0.2806850700268217,0.12498791607357379,0.5381164059659255,0.9306263440457223,0.43222172339140846,0.7465607351166843,0.8964910178666446,2
0.17481816938854775,0.19600164949535143,0.34738433031819504,0.18691023639499987,0.38703648125415313,0.7777129407587601,0.33136441825502666,0.045470828826167264,0.7785370516931425,0.7635182795782293,2
0.2139950131932962,0.7737587822503025,0.40609025203464405,0.07953669482691039,-0.6728757907884177,-0.4100380896842416,0.7427885139315167,1.1895405399029453,0.5034618161349041,-0.43924844104303995,3
0.2133472576173737,0.8503974843658496,0.4315969451604048,0.09609254928516447,0.2589487284918565,0.8601231623789007,0.376151934938592,0.35193755509055863,0.7372361277137116,0.6473421047606007,1
0.46386940580063013,0.4585662708522872,1.0785782131303763,0.6871142307394674,0.41415608003200954,0.3599899864105822,0.164149495733118,0.8851311710546985,0.21015049171882616,0.5232784758272622,3
-0.0003901915018769144,0.10465372122830512,0.6292974291361515,0.26746806329646394,0.03231858412032016,0.21899019005542422,0.5732804964840165,0.22985897028315225,0.6849266424879298,0.7714950109591058,0
0.08138028118589649,0.15531392204224456,0.3275190087052278,0.6906443343154076,0.904793138048021,0.24202537979389574,0.41956974921510465,0.8641477141413924,0.6800933524729926,0.3086244054191078,3
0.8142801725990444,0.6288585077773393,0.9282136235418492,0.16474524914295727,0.9225482183133742,0.5106978436931192,0.5805361889378535,0.8881749089244735,0.43638672899619707,0.3406807628983879,0
0.29304641312008395,0.1766957358019403,0.5237228549327825,0.726797250366129,0.04535280540105912,0.4739063278168364,0.266085772878206,0.5729019805720192,0.11919698639582663,0.8245242474784973,3
0.5581281789976695,0.6169628080933169,0.2189473886595467,0.6332891364053338,0.7568788533332437,0.8147789788083721,-0.03657838198617447,0.7311090407029706,1.0334509547442923,0.1114928836828286,0
0.47154044250080385,0.3126730831415305,1.3667853240378909,0.7221272210977318,0.5354641104275436,1.0415794568873977,0.9159151676458457,0.563057385366031,-0.04350451473427727,0.32530737942417287,3
0.8610980313150999,0.6274458352064097,0.9362472220719443,0.12321476365333035,1.240478748468646,0.31348215614494895,0.8786814320069389,0.9782873878901925,0.5296126043556926,0.6494943150003558,0
1.0758909077364078,0.253057566932387,0.272740112937073,0.8990878076066654,0.5129538933117758,0.5052970606578231,0.8570496904687717,0.6522344326673751,1.021447828206272,0.40609442410884544,0
0.0041236976989209966,0.9523764398051142,0.952710313554092,0.3843286014858388,0.02826253346078638,0.3787260467493654,0.8024112052794365,1.0335330772376983,0.7043900526615722,0.21944053885371922,3
0.34332548539855245,0.965741205641268,0.06212606467467724,0.44223110361856344,-0.015148730464302984,1.412141146859261,1.1079340628082992,0.5211454611751855,0.7154408655162547,0.628157676651121,1
0.30155470298444564,0.869094818917735,0.7960370239369603,0.8690309209307292,0.958115193609165,1.256273938125062,0.8485396588878066,0.6114662733630217,0.9923462793451485,0.814083253098715,2
0.9631926389708798,0.16431369596518997,0.7972351727517077,0.3744890464807826,0.6189633442439013,0.8384501257610331,0.28972745392356564,0.8617996658420207,0.6925133399652638,0.9828481743938744,1
0.12126995313528909,1.2350310111171263,0.4948211889840792,1.2603172756606318,0.8340116295467762,0.4874885899799285,0.6015285283368108,0.07653447020443539,0.2290695867422209,0.9574093565533475,0
-0.005901184833408575,0.9648272026528958,0.9764182443749286,0.31980529459694446,0.07759125871911454,0.3420193557548062,0.7304358575996968,0.9892746697239777,0.6972772131765338,0.18633095905975577,3
0.6467551732598553,0.8356707983440869,0.7589809539075395,0.7957495389994087,0.6514613645479989,0.31243752942638126,0.5935153469365455,0.4619474633153586,0.28921964754725,0.07627839482250215,1
0.5601606410709243,0.2716668017775236,0.07551100057623339,0.9925301969669909,0.43247661949552646,0.7873770509020764,0.9935928895917125,0.6730632139899624,0.5167682843544907,0.011204937859151328,1
0.19985646021586745,0.8172700491589091,0.36439702308132693,0.8669251210025678,0.8735411809043881,0.2376973071100492,0.7717719106202606,0.849078174508697,0.11483423268271895,0.5182345195756343,2
0.024555874565592474,0.12420636374550152,0.662612056913334,0.25019897806367936,-0.0038772547374433947,0.20274917007073623,0.5739090858278468,0.2687242154249124,0.6849354007894468,0.8033016371733726,0
0.07869877214491264,1.0335804225433036,0.4873162058639996,1.0759949224147625,0.7235619360692371,0.044721255045142655,1.0111625706392813,-0.13343494441385176,0.3275105345270732,0.6922347724925357,0
0.9333743053524737,-0.3629580336081269,0.9785445247844085,0.7800507120663321,0.860132413716685,0.7415279083127636,0.3967397998482155,0.23698071999699127,0.2279308413421797,1.0640787111190049,0
0.11080949293809786,0.22821373422954427,0.310119885069748,0.7875957974259441,0.814418423455585,0.28764927729228884,0.4905901032202436,0.7776220166310632,0.6996544568740238,0.2432326242627085,3
0.6281994395107771,0.11755298355173124,0.5723860732080253,0.5336619909481005,0.6649933848516756,0.6999585575370766,0.14381352269588393,0.6558788036932589,0.41015591576077054,0.707842055945028,0
0.29332856984057615,0.609686725716809,0.28219854128442967,0.5768054786018901,0.14043072060413586,0.3189752827144899,0.7735424339346559,-0.29919840812361304,0.8635493760518449,0.6963063484133417,0
1.1077664884178335,0.3667530027754916,0.18945671209083892,0.4644178418552873,0.741631987797257,0.5002041970691655,0.2942745269391766,0.882953532438282,0.5937038007349712,0.3388141040640896,1
0.5595984825336218,0.25448580146044675,0.10344402749150748,0.968504793136083,0.44854580289153023,0.8029626035431388,0.9800754543826591,0.6641974720562199,0.536324345483,0.015358813778514939,1
0.15404411455140515,0.6152178229797135,0.0014346602640855632,0.23170632977604524,0.07886532600650821,0.5210559494990324,0.6942597673079196,0.15405734102762708,0.997007523618167,0.029491668903149824,1
0.21721057712193081,-0.1742638159821347,0.6842357852587834,-0.08859445773832386,-0.19819328916807666,-0.029600695674962596,1.7282277506456922,0.05319064636994403,1.2916822043519351,0.3420090670622411,2
-0.010095331199207155,0.12098606639257882,0.6357043050059625,0.28958826848830066,0.010303649162796493,0.20566423311319143,0.602672425405651,0.2163985096987053,0.6794368159166325,0.7551440487786183,0
0.2914557263252137,0.11064191364954887,0.6523855704401826,0.8838629034460439,0.7515967993642299,0.8747258609101306,0.5717252436411943,0.24408288249340648,0.5316749071637337,0.761670154516903,3
0.4194664202450189,0.23509424649699234,0.7469402583417626,0.5083409762779556,0.11603449543913351,0.3267423436335528,0.3701502367052864,0.7700652395224996,0.26235354169630304,0.9367638905247389,3
0.8778390881573497,0.953882250481809,0.7368640348852009,-0.1549607112199645,0.803494185991334,0.1806295270571265,1.120785253288038,1.1508534684490306,0.9368596945924209,0.808660805560265,1
0.4447772936675136,0.5207311470855234,0.2612792014907601,0.6375452763783818,0.7178755593014943,0.927948125962716,-0.03678545883027143,0.7110326892776109,0.9528533676391429,0.22170749956292563,0
0.2540586549325441,0.9668061149703788,0.38847603467448355,0.06072933247721574,0.18312478351615835,0.8947237660154809,0.5024885100003158,0.268266473312165,0.7639130954544121,0.5344055042488268,1
0.38419447421354874,0.09797972254445478,0.9861111986990203,0.8611861180040403,0.5429803719701926,0.7748476146298371,0.3261682806934125,0.18823459433742237,0.6790838818372198,0.6688287247091942,0
0.26630865648296603,0.7447995249144881,-0.14835557501686103,0.3077660663032212,0.16302051404109014,0.35879866039584374,0.5713330360393923,0.029019198979557265,0.8845720663549411,0.2076347747184384,1
0.07824810971255369,0.20921287446977785,0.27314695836325587,0.7594399930653003,0.8134648384272758,0.2352505192739083,0.432357339353516,0.8148539821078833,0.7029015512671885,0.3050288742768558,3
0.35403310795612275,0.00805023909895991,0.29357079279375886,1.001334665385243,-0.19048636006803565,0.10232515729390984,1.2474119761326499,0.03657992555753797,0.3730237535053803,-0.4628238401939646,0
1.128252607618588,0.42201817202170777,0.21164344235592736,0.1963791016218946,-0.19277616985402313,0.35039098248463,0.7694874635245459,1.0050113930993463,0.9136168746121526,-0.2957271241483321,1
0.8742889981578668,0.7884410898087768,0.893577403857074,0.6755973206848667,0.65409092841463,0.8575670476984807,0.08604530204241477,0.7457028156935441,0.6745818119644471,0.4583344902777238,0
0.17586920322893748,0.24917713016080287,0.38340794666168587,0.187531052108388,0.48416712889052166,0.7548351260022319,0.301452914739144,0.0683844406599027,0.7661427811180563,0.7147606800322489,2
1.0257522146465754,0.4732108772222724,0.003408167983972532,0.025552746643535407,0.020440870878872863,1.6173396021465534,0.6158463784275343,0.40352336370626773,-0.38479517868968083,0.35689676856340685,1
0.2633178347079932,0.914238005900554,0.3984075775745094,0.9173215412449316,0.5562744366599005,0.17951768749238306,0.8551951253808464,0.032515909437035306,0.43781025474360513,0.8399269129303703,0
0.7467482062334136,0.4685608993465292,0.7614181671483493,0.3254966844313574,0.6354509368904825,0.9985601330308944,0.5721339454867261,1.1506410549508026,0.12425329561933103,0.19242243982264642,1
0.53399823737806,0.8038466738191377,0.5338188530310116,0.3609559269074983,0.43864974626791015,0.7882907295651006,0.16282056564289693,0.8157361998978406,0.3495787420137935,0.388704737748102,2
0.9032305993405355,0.7001564877330778,1.0454845135013093,0.5212237315485025,0.03245407591171032,0.2785694647137197,0.9312811330854762,0.36120305237161066,0.44307907386891987,0.442651629436233,0
0.12335845371177714,0.5915233315308266,0.08994091569098839,0.2562079287703002,0.07339331474304486,0.48235406422654403,0.7346447814722468,0.14768661880550435,0.941199523871785,0.039130130216691754,1
0.1934101329622489,0.20784478226921224,0.8536980373716485,0.2086462287354698,0.7434235425729729,0.06703395329761463,0.742970361134685,0.06945672981580424,0.29418974870367615,0.7380479206486283,0
0.8503264791398465,0.8350809651374683,0.869349373326415,0.633831963733461,0.6110501395458626,0.8163850649203195,0.10790700158370711,0.7537892253792209,0.67703509692098,0.5084548536003894,0
0.9940620553934492,0.6310890606046142,0.480482258659922,0.05813970825585309,0.48515569116369,0.896544981636831,0.6260043924118384,0.5923660120876332,0.2353850518811322,0.03322979445178142,1
0.6440168245037097,0.6153922410433043,0.7917170993342386,0.21142277676519644,0.4833666885996049,0.827390460504007,0.29405552397278883,0.9495048433522468,0.19165302927642275,0.7584434402044505,3
0.8748677596698461,0.8743192228560753,0.8226481643498019,0.7037162617336677,0.6013564559401875,0.8248005346899369,0.12589967256947443,0.769377988347117,0.7323236065929548,0.49576542361614284,0
0.7667359307111148,0.8895970338613092,0.9876481806839345,0.7999759201930219,0.5688140825777297,0.7222006258082827,0.13557373068949524,0.7012485575173124,0.7016901540468599,0.5005517036902635,0
0.14890142921868693,0.8236139658018777,-0.05309349312637855,0.4548650902615604,-0.12862215049759046,0.727983030632505,0.6707515086435074,0.389472898556088,1.0431654388398681,-0.012068366892954534,1
0.7277233209169124,0.4009184424960498,0.8244012485299252,0.3753471221517636,0.12948210756124456,0.37839260725440826,0.8341658796744453,0.7028373744589769,0.31905017370602795,0.2290897472969223,0
0.1333520041021561,0.1723170638544877,0.2688166069778128,0.7195482493831284,0.858773919271677,0.25529887468353346,0.4270969514856417,0.8172464481191487,0.6331800215864386,0.2972080107254192,3
0.5331407454676041,0.8049967074425075,0.5329990502038785,0.35979846656805553,0.43844464129071997,0.7885936230134282,0.16173438265600956,0.8156071828345505,0.34872193955946357,0.3888554001980881,2
0.2403884547836459,0.20870261892584208,1.2613723218940374,0.654847993156962,0.2993390624468571,0.13497239517210236,0.2919552419937798,0.448147948114323,-0.07651420316941937,0.6345810704616559,3
0.580292115820668,-0.09421936763110877,0.04232730821581959,0.6790460757348484,0.782436526316272,0.24651587848727619,1.0570655241293,0.4471726314951409,0.7525254345786911,0.5936065567610528,0
0.5704420856464528,0.7837986127871275,0.06531137177154944,0.391919181817274,0.12160173196427337,0.9429017171411054,0.3500761926304934,0.18476572535242858,0.5666268773249071,0.19986081606239886,1
0.31181922210914026,0.7364368081940078,0.17990214286731887,0.5002798623309483,1.2146789731291816,0.20174944849052934,1.0188838163965779,0.7226065405186965,0.3376265722373093,0.8549715082156178,2
0.3765674443063958,-0.12387033887324644,0.23712869806087464,0.38665425981100804,0.44071714998059663,0.7726557047992665,0.35804234454849587,1.0944140547590238,0.16658728013182963,0.14430596501296422,3
0.0026080698704818643,0.10547575870233464,0.6299134515577722,0.264829975639904,0.03330502710740877,0.22022850406890304,0.5747126877991917,0.23205563619065359,0.6810037696541803,0.7737397272901214,0
0.8499697382709217,0.1529301032146499,0.630253882558698,0.08873777358401735,0.540045266486016,0.3874978937973085,0.1955672008267108,0.940142584939948,0.9259111412864579,0.8175436676517137,2
0.7069894976490597,-0.004386571293960778,0.5285136102689747,0.6888661388610375,-0.005650230780882642,0.17682318015079682,0.0987032366374459,0.6508628312392201,0.7372986502844444,0.7712705236815758,2
0.004309613371976223,0.11907060866696191,0.621201198285057,0.25491427408334805,0.04031252583570131,0.2069535667647485,0.5657670569288252,0.22567817956844577,0.6952595092796722,0.7635230599314133,0
0.0029084762329484085,0.10547153464462912,0.6301398857575665,0.2655484040089958,0.033522174720960966,0.22027367196386455,0.5746556160151808,0.2318783544923344,0.6816226571052886,0.7736622489144304,0
0.043252323591124076,0.11768776646784784,0.8565408484531967,0.5524697867612968,1.166470129306943,0.08105412715711754,0.6311238469687517,1.1669013623217985,1.0920649123113377,0.43335604660257065,0
0.9572546401067583,0.8019426305520008,0.9535569052866499,0.43837814980575235,0.7961950649143681,0.578875473721153,0.10006160287467214,0.7143952094277943,0.20370427577434297,0.32125540823580323,1
0.9730165444874791,0.3141275845267396,0.392511592800581,0.9477713137284368,0.6360160295089043,0.5485110341775487,1.0251004655783,0.6082214820182706,0.9154529852242148,0.4759485612948543,0
0.3504365630665053,0.7462907513737913,0.9014969530836316,0.739031665211805,0.11349699888240106,0.24311944894653392,0.32006480699215084,0.7502949389308579,0.32252899061586443,0.028776392424150227,3
0.05348045669241461,0.5602973533575015,0.38484714178724466,0.20302830626134374,1.062411262840454,0.5621828074473948,1.0394725674385812,0.2531242765316126,0.31747568261159037,0.676576404535768,2
0.9834900237296818,0.28715791365363713,0.8460454279492549,0.07672745521342125,1.0953379264546705,0.3082037732726728,0.7309572098319862,0.8011635528595185,0.6858839864576177,0.6819616424195905,0
-0.1368335189771023,0.813316554285928,0.09512018199462018,1.357179715675794,0.4825237829138984,0.5532237846749775,0.3601936779330757,0.3417534712250144,0.36394576940308326,0.9402642664147691,1
0.8825136988855542,0.4021033462145898,0.8261072473432889,0.5819033755322284,0.6800842798730488,0.26067690972496727,0.7011716100885382,0.9482723888587405,0.9814554323818442,0.5153667567075133,0
0.11314417990144472,1.1037006654133228,0.5441684429372969,0.6323367249173554,0.6556197505771265,-0.05598039659803927,0.8126554566159244,0.047266180503248476,0.20418734059070312,0.7236739989315379,0
0.12118616578409544,-0.06596600577191183,0.7069538202595358,0.8929406038607197,0.6095442454995462,0.9018834246738471,0.5675758774298488,0.08353158015309423,0.5449679650500854,0.6473580312264107,3
0.8592807222739965,0.3800406675252417,0.7936073319780342,0.5743343506236112,0.7227930898203191,0.28108899809991994,0.7165519507172261,0.9820801210241358,0.9770128715190681,0.5057926959884421,0
0.4148433299726958,0.8095935268269692,0.7919340331459701,0.9716944574330468,0.6431042717480343,0.3625400335060589,0.4198516116899006,0.4385214122473458,0.21230469093606646,0.08094213594964027,1
0.19528426568935645,0.561522946978104,-0.02535832927202851,0.30975857809495877,0.057046930916207196,0.5393611524446912,0.6910586704534165,0.09849061125823175,0.9375156244784267,0.08415743343512949,1
0.9508116549635447,0.320948754414544,0.3587183504791273,0.984427427435615,0.6159032407780537,0.48003932611740247,0.9597475354119915,0.6247173337836102,0.9214456406189536,0.4585071404321995,0
0.12394425212283523,0.18867636194737764,0.281975522388076,0.7303580832373007,0.873850421036563,0.25325052030418793,0.440305547269224,0.8296688394549493,0.640743909207796,0.2893702201338006,3
0.03287658705739747,0.8910192587268214,0.9153113453940721,0.3493003301621033,0.08075444910346104,0.34887125862089374,0.7886883757961785,0.9671917779067325,0.7460228080890224,0.13574775574168327,3
0.5311810986470968,0.8025803225902318,0.5341505093213995,0.3628662100831306,0.4380622426560384,0.7867317615155399,0.16109981780658886,0.8159254168873107,0.35110719055330886,0.3894873498339864,2
0.43654402649049406,0.5029726471081977,0.187547761182705,0.6505890377754903,0.7882764371791471,0.8758398262338,0.04893617968728739,0.6268847780436303,0.9910282090889626,0.17050183538224886,0
0.9496065439940043,0.6229111942350211,0.3410109273116637,0.020953260989211374,0.6281414788457429,0.8699902193423232,0.6241992425537852,0.3637171370404783,0.3482214513829918,0.3294782012867591,1
0.8676370551813117,0.386833296904765,0.8039958122965574,0.5673921449893474,0.7155852782573977,0.2741824028225265,0.7310426148102815,0.9785540312817544,0.9913151541087862,0.5207967186402996,0
0.48751364197945296,0.6156570499515751,0.8493199394554447,0.9732786893295223,0.200829518691026,0.12371986323968781,0.30484086457986,0.5875926621892619,0.1439594206340442,0.23325363479770475,3
0.8667451549552072,0.4245512167815205,0.8390002319493921,0.573917348706284,0.7208645964052028,0.31551793374072634,0.7666259549901796,0.9642570340956662,1.0295436188458635,0.5516181425524733,0
0.11322797501001781,0.8653361012067218,0.809059081317673,0.7926445310795486,0.5185731451464921,0.7814606944664919,0.13317097407423667,0.8195699307500881,0.5547987652854391,0.601573783201936,3
0.9421768096450338,0.32219434059424434,0.9687871272216216,0.3483825121438338,0.41121297277289676,0.7017600305124697,0.2161242737253854,0.7643368578211566,0.880137208364609,0.879751443965989,1
0.08454064500125924,0.5812390071072243,0.14695759644681688,0.2527622895695404,0.02114669418324372,0.4924846811443947,0.8135889701295422,0.09203899193150707,1.139821058896593,-0.08672270232768195,1
0.8448993476901033,0.15131604167944987,0.642219266070953,0.08755958074698346,0.5312314065121908,0.38655806780833085,0.20606079155128348,0.9337544285856071,0.9327882233654634,0.8207556487947983,2
0.4044206217854863,-0.032854893261737406,0.7838543514526571,0.23459583023435124,0.8463867944632608,-0.07709608674300368,0.7791106016463492,0.7698929963639016,0.9131749954845311,0.23029247389097762,0
0.5344916268729111,0.7265930040299367,0.7917607870745912,1.010157321716203,0.2676046456324705,-0.01361933381102326,0.13538230794333517,0.7363050975378219,0.013576033526033426,0.13565393385205243,3
0.19207979696145303,0.7201497776396236,-0.10043765652167524,0.40962821564708274,-0.008018489042831492,0.5936913773192484,0.6061650957581022,0.14827990012131398,1.0658597984921034,0.002185078933632574,1
0.9924829407986803,0.48155799684325773,1.1648493572650223,0.42282412303827055,1.0201774379869186,0.32456789241523115,1.0581988871429262,1.045199912315205,0.916727554421684,0.7521541708713579,0
0.8439502514699267,0.15865568293071283,0.651306950088366,0.0865991768913563,0.5205009093911885,0.3893456373231518,0.19961323798326233,0.9379199060351452,0.9441940223988335,0.812121427475967,2
-0.06597459192346361,0.9890550493553265,0.6391083215008639,0.31724281757483075,0.5187688263452468,1.18221170344072,-0.07640159038494015,1.1619969496855331,0.018608483583370528,0.3983451953518804,3
0.5377354930377705,0.6766930789132201,0.9875984350921836,0.49074710458575366,0.03219378937603301,-0.1513814788455482,0.5575056353041709,0.5630867749313448,1.0194448525994217,0.6348159970260138,1
0.07067550294645043,0.6273836763243192,-0.03466136626145466,0.08730777449431021,0.1928907726619043,0.5212547191595703,0.6353017646300696,0.2834584165456535,1.0800424156856199,0.1004433805939944,1
0.783963451231702,-0.4477070886614316,0.23850419048445182,0.3077072095754353,1.4029009119944111,-0.15994836461631948,0.16395594887355164,1.1873163301134968,0.3929759766253452,-0.1899532739573218,0
0.11705758784462035,0.45514395608851316,0.3115521842498233,0.9688603624645867,0.5835529031190658,0.7823885406565779,0.36748581796605184,0.08963304196104123,0.16928258188479814,0.06553557944185927,1
0.15315335986499656,0.22939787005219225,0.8546092652853416,0.18446076426734465,0.8063275668719123,0.10177127026265094,0.7628485714618422,0.12081365278935718,0.33168022102710254,0.7930599209854018,0
0.07062761049286925,0.6738171562359344,0.2750013466348023,0.501045743831435,0.51175324604971,0.9046287112618827,0.5179738791680135,-0.026724528104568976,1.071098287835562,0.14226797847611994,0
0.28637994201623534,0.13213916830426808,0.6633447933220554,0.14971156210675696,0.8843850204506476,0.025543556848837648,0.6581072531370931,0.9461063247933098,0.8737093073350741,0.1652546171100781,0
0.8348874387010743,0.14430642107364752,0.6266198672358363,0.05327267504189905,0.5299117709911767,0.41428436554142944,0.21576343893578062,0.8969275808345215,0.9655194808891113,0.8345573875716348,2
0.05766782438848124,0.6329411836293438,-0.05652627745963505,0.14714871420806008,0.5822768338168085,0.49894397244231425,0.6866926586565122,-0.17441088249221542,1.1424163322563576,-0.20004189654992216,1
0.3317319377181706,0.6121622951362101,0.7229390145129874,1.0595946426115193,0.4635335150663607,0.4432729719413211,0.6292711661541897,0.3464984590820666,0.2078411728776999,0.11235895873141341,1
0.11500340930061538,0.6352206928131815,0.6068036375326693,0.43276578997216386,0.18887766185864824,0.6700558401020695,0.6252879627462526,0.6404642193048781,0.1885594376478804,0.6738549486710611,1
0.10781445169756984,0.8524471716786707,0.8184114977100316,0.8131905292859964,0.5330812978583448,0.7839104880300812,0.15253025806244563,0.8312714146515096,0.5788855640595061,0.6041040027162106,3
0.9339853992065759,0.28622865148082927,0.37078029532486123,0.9179135753049324,0.6771998994135058,0.4815429986920394,1.014730138575417,0.6224931754856663,0.8621147345838466,0.41098788151842935,0
0.05727865857962349,0.9261018245010313,0.910990496015268,0.33638012005948714,0.10241310115833588,0.3244967610722621,0.797620323706031,0.9613827608332798,0.76121381493688,0.16108668012604857,3
0.43146598719070306,0.05437463087470566,1.0241335601025725,0.9312652989037619,0.5234144841108018,0.812515937067664,0.24771419358504507,0.0395914029160334,0.6132272393621173,0.5741829476845377,0
0.4531649051632899,0.9932019436067961,0.9332054599441655,1.5589204618527717,0.3979808884849591,0.3415232868157875,0.7282652537229852,-0.3459505311095076,0.7737575653238071,0.3177758845725872,1
0.7044109624395316,0.26635241588309844,0.8905228610410134,0.027282816452941783,-0.11401863941640905,0.27180521597135415,1.092771104767729,0.6032614042832162,0.49262250861336027,0.919297588433168,2
0.31008777217734873,0.9208634117173514,0.9962064621831344,0.4720929520451458,0.6694150779652656,0.768685249722363,0.05502390261090703,0.9083442590918491,-0.16963836224251894,0.3378312048872008,3
-0.06993967278277723,0.5127006492444924,0.445129775386385,0.19172353725627672,1.0110192780604046,0.4491475420960282,1.1395905531532935,0.4202021784797394,0.3335439797152049,0.5354697157877893,2
0.41789699285908977,1.2201534296813987,0.4159455441399702,-0.07223308642114237,0.14198159993786716,0.9565423181064596,0.4344410242860196,0.4876428523630433,0.5959445313500463,0.5759310069883751,1
0.20624201428474928,0.2488883057254698,0.8508493078335927,0.17696322825977445,0.738814855681615,0.06744936618494682,0.8190569930061385,0.03440675334191932,0.25400219501547444,0.7817817564989242,0
0.42492164809523597,0.21823165758610313,0.2849834343696299,-0.15978811583551467,0.5750595451859633,-0.043029234955854756,0.8735271307395256,1.338836100995853,-0.0038375238530245492,0.5419859398811803,3
1.0505285868454193,0.634610277340509,0.8635817251614456,0.002144149250101368,0.6633876193462558,0.9058990692812721,0.3184706681941514,0.7822380193333915,0.18676498964314198,0.09605756253327155,1
0.015465410385039069,0.5451507127869678,0.15617418848035106,0.06888822180676932,0.06161891428279984,0.5505331310481507,0.8011584736664357,-0.05261434849490612,1.0467037086850735,0.14161796842807667,1
0.5629151564991719,0.19356898961781926,0.9827460299205026,0.7627408017273671,0.3801961197729533,0.7238623954251484,0.29379556591325234,0.01888970760811333,0.6518337841377196,0.505590443920745,0
0.47609778062972036,0.5440047913681839,1.0144073660589281,0.582210683303404,0.5870161255158814,0.5574228498961625,0.4554826924868547,0.4304977706387052,0.30128672195494655,0.5088378404260369,3
0.0037110513015801826,0.10593701739924213,0.628820150821134,0.2629599305461007,0.034658991801372066,0.21689044764200266,0.5743154260785567,0.23031309124896018,0.6796757409757189,0.7738125443216335,0
0.1154021060214668,0.8581477022066634,0.826704602069176,0.8123693471481278,0.5354518647488089,0.7851061935930219,0.1500446599235601,0.833311019964257,0.5803755597876618,0.6043262000705786,3
0.9328432973614752,0.0017533563969887034,0.05833755301627597,-0.2693664198856671,0.7084425917698461,0.3610975158367682,0.9269819392678218,0.8394423014903117,-0.21506122310740883,0.5076870977810815,1
0.5355222389681373,0.5958048207880663,0.9371540552249942,0.5642864663329115,0.467048945451075,0.6463873601058301,0.5327877597645712,0.5382834324361574,0.16998482229777956,0.4336125683094882,3
0.8744289404303688,0.43241577638119966,0.7697375506603863,0.5567000535618698,0.7587947161101819,0.31068199514074124,0.7683519152801914,0.9509250254063671,1.0131999233085547,0.4770983284062164,0
1.2754193219755785,0.30495563454644564,1.1645135304819803,0.5205767301029043,1.0437079334081758,0.1859039339590311,0.5551551468689847,0.5966201051061897,0.8477109085718418,0.6486603270328574,0
0.25882325719428506,0.9512361105746177,0.41706075609900534,0.042544544268907025,0.19773501845801073,0.8678402497700931,0.5097764883914931,0.2749257793034023,0.7854703431615732,0.512901186619873,1
0.6821819275992891,0.5159831036759975,0.6668052614670722,0.5753004009363165,0.24249482082827772,0.788161917346908,0.2231717148403478,0.8344732530917618,0.35276117801444273,0.11805297955706472,1
0.4386436268408116,0.06085249818759661,0.9889431951156594,0.85700297372076,0.40767413540006003,0.7691789963373092,0.23018888785168706,0.06082786804021296,0.5805383153457486,0.6742741299204288,0
0.994447027944606,0.21637613405838785,0.8853482313668563,0.4639370972323911,0.5140236876771763,0.5976284105786748,0.16084297871112252,0.6255135314817899,0.7847408436233858,0.7917262773140705,1
0.5866246690747429,0.12258451490966828,0.4986256135808259,0.47927588419590744,0.588899835713885,0.49164843638119476,0.1568677695280148,0.5658134784173253,0.5165265098481262,0.604064133265463,0
1.0572823397808844,0.44643297658129744,0.8143731846755736,0.11447383879745325,0.7570517980173104,0.9882805860444901,0.6941991949813708,0.9715139030471478,0.2786253120673379,0.02722436952878854,1
0.535239917249378,0.4344712150503437,-0.03951675655894814,1.038116284009193,0.5214002315976733,1.1802091622296056,1.230434289455268,0.11263944977053458,0.967533999976361,1.0106947711734677,1
0.7832483021331801,0.40120088950424093,0.87287303296487,0.41110998158650586,0.09364870740655773,0.37307904780219975,0.7886630804324785,0.6474538911668373,0.2652959866409679,0.18061821433522807,0
0.42848481684479195,0.19690785928766022,0.321147119124529,0.7018625081429409,0.2755014534404847,0.3314058299965295,0.923514415198238,0.07331092036660865,0.8350195721120786,0.15746200510034847,3
0.05985392236853737,0.6011911398440943,0.8711989154571114,0.9076420344093707,1.4923995114560116,1.208765349294821,1.0048123640207067,-0.41600248001635154,1.1054897287436243,1.5718115298554116,3
0.36860147104800184,0.4672315571002221,0.6347917131632299,1.0695242593801058,0.10559945233749288,0.2742910883208277,0.2480657869743033,0.809940862039795,0.12216849952333753,0.21846693454142804,3
0.8589777828314111,0.11652746683436208,0.6023555482917691,0.07378337792666048,0.505935745313166,0.34626499501500607,0.16636174334180237,0.9344164573702551,0.9237979514445466,0.8228228968723516,2
0.8974925889030433,0.36211111889436143,0.7935589716181829,0.5788410557068608,0.7002197756994339,0.2759081810302641,0.7325357153438912,0.9856250626443338,1.0094698150650956,0.5388087731700029,0
0.061753508017183587,0.9132424210067359,0.16183096246704365,-0.06543742475531372,1.070462200580925,0.20160489457718206,0.7368143872874854,0.4903283217559403,0.6184033136986242,0.42570520999851075,2
0.39346219618958606,0.10033604429305798,0.9651477553555761,0.797508825494827,0.4592271397804667,0.8521461820785518,0.2909105002507642,0.12267333513160417,0.6717309012180037,0.5751814613921965,0
0.39670497661017956,0.16659096135485751,0.3509844940375253,0.7040516328524838,0.19565839009225494,0.3264098878724952,0.9950903018117975,-0.015990685290855247,0.7330165751402774,0.15667124567658153,3
0.6916973698703065,0.6037044507486358,0.10783188151105512,0.8537450498056085,0.6007210245722452,0.5023872646424299,0.4449900798746279,0.09693826254744631,0.3893755671391359,-0.03633463140645946,0
0.10578469176121369,0.4750836225912009,0.2794811307112283,0.9357295443302678,0.6440514303612788,0.7645196613633347,0.35315661331853576,0.07569431356527023,0.1792453283041405,0.08035964680101237,1
0.9409362876575518,0.3421588479921999,0.34468844002758997,1.0141990664602658,0.6303280801931606,0.5821390288843272,1.0675933073186916,0.6723001144053797,0.9191178474941327,0.48081689306113284,0
0.8265666560754931,0.18976139463326486,0.5395675822600589,0.5356144701581578,0.15177930117884778,0.0870226022813948,0.2782160499105993,0.9352749830825373,0.5198241806464314,0.6326650700960489,2
0.45462843839565775,0.9859438913080365,0.833010929635347,1.3036408867292315,0.3954090457083423,0.5155550447310538,0.6302116602442958,0.8942181791517154,-0.25335086564694276,0.4610367637991553,3
0.801518596187993,0.32074316596569286,0.9231947950022199,0.48723205029672034,0.20092852017659119,0.2795950907988122,0.8552658484438873,0.7360844276834434,0.32051146873641617,0.15459762247426012,0
0.8539568243754639,0.31719316001576964,0.8657989219819813,0.6596535543374749,0.6454312533065952,0.30757163359661055,0.6840698293926323,1.014529414643863,1.080861793744386,0.5704580197034864,0
1.2113299528097143,0.6973913050082565,0.7526061551538151,0.18250157017003982,0.2454575550788908,0.899675050813811,0.7229059434397969,0.39147304461809385,0.38917984522690824,-0.2026142709540507,1
0.9059752433291506,0.7806288142000805,0.7879286820033199,-0.15648954596809353,0.6122362941889559,0.45418486199711194,0.421375081143031,0.506389749655223,0.3863863167460716,0.2106275957320853,1
0.9369466660398648,0.382835271590511,0.8456231103955714,0.18053828479500975,0.9932869707701453,0.3870115766339998,0.7592335588670592,0.8962079704300727,0.6976694718258601,0.5859601048274475,0
0.8562888795374267,0.1285103642480034,0.6233140015883853,0.061511349737191454,0.5119522324381702,0.4154440135995214,0.20583383564279134,0.9650154081037785,0.8869455386541634,0.8156119913996032,2
0.8182738208852279,0.361618837966049,0.7873546140714363,0.5483767436139633,0.6673819657980014,0.2827873867671784,0.7582149961768682,0.9782788725434294,1.031365179890301,0.5265262388503668,0
-0.10011029196675719,0.3961547355232872,0.08094772492469987,0.13936312852647817,-0.16510036421096352,0.5369361209542117,0.9505959987287652,-0.12259998376667824,1.0906765397778397,0.23737116592557417,1
0.07674717474758111,0.1500344745790292,0.30072260287200736,0.7500841443236757,0.9149894489547318,0.29963850308834344,0.3838183467324859,0.7869589723281203,0.6991488112860402,0.3138748493793037,3
0.8051449757171522,0.9025763131313087,0.9294949505930516,0.5688181218588338,0.5567005259999959,0.7999166416060083,0.10595715510340167,0.7393084569355323,0.747951790459577,0.4728736540811517,0
0.539631696967749,0.8031285408151912,0.5331070346459881,0.35467248559472164,0.4384822743910292,0.7931045755941081,0.1610912712138258,0.8228680317153716,0.3527431198542918,0.3830769868413193,2
1.134554245975847,0.9603348998593367,1.317015905821159,0.9740378290431332,-0.3422966959740083,0.6813706629262158,1.2303771196312963,0.4942529356347786,0.8017715382227543,-0.04840250269790314,0
0.3117392772622055,0.0832409923388118,0.5583067480854524,0.8002353106355095,0.6517077455402646,0.7304495179101832,0.4367966393124757,0.32337777648507054,0.43615826430057675,0.8657683069675537,3
0.342051756635711,0.16535421154015967,0.5645326164076876,0.7314727211533154,0.09366284352037861,0.5082140639614873,0.3911951937800552,0.5698908191919093,0.19588710440293466,0.742364564902694,3
0.10369126040660903,0.8118349541077011,0.44494535497699783,0.5201305462127824,0.14624786481297372,0.8376821512903374,0.5175113243327784,0.6941279053789868,0.08405065713153306,0.7527011241900475,1
0.5218201120825299,0.7889633847927128,0.5351483868506496,0.34584513626253927,0.4298835743914949,0.7966189681426358,0.17810979271653893,0.8104088643198281,0.35546682828851134,0.3833286921351707,2
0.474870843443365,0.47801603549376154,1.2072916113300514,-0.08995650946626177,0.9191611427754304,1.290211106782241,0.6251077928312342,0.9678455801406021,1.1187970709102806,1.0865713574856026,2
0.3345380511797916,0.2839377703121133,0.5917686139069721,0.8525475910811985,0.8379157114320129,0.8508735191889855,0.3875663434699572,0.32213687682292913,0.6633864957865692,0.7269604463618489,3
0.12407189455469272,0.717260779573457,0.41675744314850227,0.6276320331402632,0.5479514598044056,0.7453540238040318,0.4516201206708359,-0.04734664081103748,0.9566844461147556,0.19712168941716787,0
0.5757334696694711,0.9087816781392889,0.6318804024570976,0.6347275747976732,0.7149530775924009,0.7490908289966763,0.5431459472322613,0.617844220944901,-0.12189680451701346,-0.17887657652162958,1
0.29333379888284783,0.6609754887472248,0.562477910144118,0.4758562553693047,0.02006504018257471,0.8243881722419135,0.43836658088624364,0.8647441501697994,0.047552292849003044,0.702668018601767,1
0.468548139230205,-0.18658436529365566,0.5364329841563752,0.27452654967427753,0.8433845572937558,0.6139629022896184,0.28949686635913346,0.3935183061735089,0.42158720957371676,0.41742741078440604,0
-0.001635342968083849,0.10132321267008484,0.5807623259171235,0.3087048902538388,0.0022980395819524463,0.23488762190109008,0.6082978019501393,0.28645261934370325,0.7253484619556609,0.7821118984124529,0
0.14205280662139994,0.8254064189832819,0.5241219988414048,0.5053633346380895,0.17112033064356003,0.7868197968652584,0.4772375191793219,0.7120540775567714,0.048425090005575454,0.6963414959381514,1
0.9582509442936582,0.23380094089954317,0.7785647429199523,1.213696301474358,0.19185046537477268,-0.014508859380042205,0.22843455261554638,0.16183415418250008,-0.24746013560977498,-0.2655736251667558,1
0.240261422483557,0.974875383936725,0.40344430767752426,0.07294153970089837,0.17329060444651107,0.8826321155227392,0.49430520484669777,0.2491034507590339,0.7564313022092201,0.5317130592220994,1
0.5728682561294448,0.5416815720451508,0.8781046917418135,0.537788406155068,0.5084693875827415,0.6727693954523238,0.5347705860575402,0.5810170859615902,0.19615773744986334,0.39119387468471767,3
0.8663075068478762,0.3546764807497704,0.7893563329357748,0.5886457555741329,0.713018887145683,0.24400743163247887,0.7662192187700114,1.0106514849468369,0.9535364809704716,0.5476268071580366,0
0.3749284387004671,0.512743422985703,0.12443171887696655,0.5968749679652178,0.8435808801985223,0.8430660075264022,0.057181476706667296,0.6929662830516532,1.0648607164388206,0.0979076193728471,0
0.4805855820711328,0.24987714315519297,0.07051368497329119,0.9380438449394719,0.47920708353464864,0.8548064785940592,0.9265547998620349,0.6183980081244727,0.45194000919550126,0.08080655299302673,1
0.5413752031895792,0.8039169382056698,0.5486327847896476,0.34990233166486656,0.44134987418982224,0.7838702293986446,0.1728832099598509,0.8207067038359298,0.35766320331660284,0.38950745570803336,2
0.46760344261547837,0.627299866620341,0.8476697703709343,0.948087146713894,0.20828354381476816,0.165687860568886,0.26464347421173023,0.63867263145132,0.11862364676414695,0.1933249351440112,3
0.10847806649195883,0.927056610779841,0.8269117950433942,0.38172453419280805,-0.026224397186915216,0.3155404532363899,0.6787344562098737,0.9149847713886463,0.7442895146607696,0.16454691749206954,3
-0.03109894499028279,0.5849836886677838,0.2607606738278635,0.5084424448162272,0.5089629766870191,0.9341762073748946,0.7706373249055692,0.23239074797873208,1.1669748660801602,-0.04017955611106741,0
0.9195019152437506,0.4066236197234185,0.8430735739183597,0.20883788099482925,0.986778439917038,0.40069318170408924,0.7902233824701947,0.9216864449051558,0.7069934183924271,0.568010240269739,0
0.7477231045157449,0.6906873274046915,0.533540016236935,0.01867202000038134,0.5058493085233194,-0.03252020980324059,0.7972991018128586,0.9569597848559023,0.8557421366705323,0.7792643078123913,1
0.8078984362049281,0.4729814206561983,0.7956033329824611,0.534325668514813,0.702119277739623,0.255352264733835,0.6940062663271994,1.0178705222877023,1.0379375273777023,0.5844473854252701,0
0.10941647315169573,0.8602385341574841,0.8234885877847636,0.809327227876453,0.5374362807590617,0.7748704023267042,0.15946367484824867,0.8276737671857993,0.5795697424812436,0.6106633743500143,3
1.0501829169683743,0.49184980275652634,0.34073192198564956,0.24400144715324246,0.35226722081778966,0.918213457215542,0.7192307355100808,0.5725452710255491,0.4423419588220583,-0.10295111526322503,1
0.8669265987064887,0.3833041138903914,0.8054895891540139,0.5706934614100565,0.7253131885767968,0.28379305423118634,0.7343115030618013,0.9730090478060913,0.9812213036668276,0.5281666297311713,0
0.5337093234204076,0.8041298780736253,0.5341041422944991,0.3609264583469584,0.43853532516252175,0.788579726408966,0.16291111539574477,0.8152960081528183,0.3493859756756745,0.3889931996848796,2
0.12869305129798167,0.6234806871265018,-0.03580448621602711,1.0761191075837833,-0.0714750430783402,0.5475100671833081,0.02524523834405512,0.3101559762574727,0.4872845830927231,0.5667288719514145,1
0.8567609394547446,0.10791114598978879,0.6758402550219182,0.052801301233148946,0.5394877471241499,0.4122174642369554,0.223893563613377,0.970731483445508,0.9630467502273716,0.8032488631712372,2
0.2993683809020681,0.9215498295721942,0.7131706156942927,0.617259664032606,0.0047749314468276405,0.8453621781452144,0.6111766454809373,0.7869915395535979,-0.0336566661862992,0.7556527941981429,1
0.5479328752551763,0.274491419070323,0.08476170179662611,0.9808354655179117,0.4284555252883382,0.7794296951054666,0.9894905378132145,0.6681189537842358,0.512758974918239,0.01743222413247638,1
0.17553366807739107,0.761669001357739,1.12085947342334,0.2855868267448238,0.8744729280741795,1.0753142506746909,0.8638432766464264,0.6968053108896046,0.8157829742624643,0.7194463422153101,2
0.6418714837214885,0.22682750459977696,0.7995247851711921,0.4643343697668738,-0.02261906145091855,0.49696726075620173,0.6253663670984311,0.7798166610855578,0.3827967182015012,0.024529074942419682,0
0.7293305364839882,0.6750520860444151,0.41128948604721816,0.015631202948829075,0.5999539033412732,0.03738032034779691,0.9028998084274633,1.085976564103635,0.8624379926508922,0.8695796587812593,1
0.8680570126262022,0.3862624496402315,0.804283533386835,0.5672349465504416,0.7159422519578247,0.27476602918414916,0.7311920002921016,0.9787024050693038,0.9914368226414026,0.520724492547059,0
0.8558173201676613,0.15032831007047007,0.6301831624952934,0.10580274391463397,0.5573962194804827,0.4155136704173715,0.18289936174605742,0.9305570124584313,0.9224716149638058,0.8454988106542549,2
0.8386081450028866,0.1446633445667403,0.64597977195181,0.0891128078738666,0.5247103486572491,0.38228225795712517,0.20104302517176884,0.9319047458084467,0.9351996053507372,0.8161848884838167,2
0.2315927527892636,0.8761925760282818,0.8780817837868177,0.604171713611592,0.3539499034660071,0.8127639736979712,0.14323373354932267,0.860605481796787,-0.0381003028731851,0.28299739300927507,3
0.16368499822353572,0.5970553233679678,0.03756035826661968,0.25177121547637393,0.08750585484825608,0.5071374637597795,0.697755069251294,0.15624690557380677,0.9769386139642865,0.040596687762559105,1
0.5455105066169557,0.585951406981234,0.8329607316935257,-0.06320744823781613,0.1172485585726436,0.7839364986169252,0.7126205059816635,0.5991427329840461,-0.0032745098406040674,-0.27574720792579843,1
0.964881861733646,0.39064852793124205,0.9911449704360032,0.28344143338835265,0.6578885900960849,0.6139391777299105,0.2517320559519924,0.7049516100023996,0.9420521481675734,0.9420259546571117,1
0.8346557466313995,0.1706858019350577,0.6912537093319591,0.07500349468682974,0.5513649097798465,0.39093992258224347,0.2508665365068521,0.970832703876997,0.9349674947995202,0.8627164051673843,2
0.7564801744392443,0.47270818707569434,0.5968501231519291,0.2364189178823841,0.12253504960608096,0.5296502452246189,0.944290279990052,0.41553965521588093,0.7884243477080419,0.9177952720779449,2
0.4255802805465304,-0.017446459160685088,1.0324067093507594,0.9107836528860417,0.5502345507169635,0.6774583011217187,0.20676322737379707,0.09084290886461671,0.6984516248201588,0.6870680824159694,0
0.9365983115143184,0.9282524172508047,1.3004815629185522,0.9946209727983301,0.6735763460327805,0.531837663796593,0.7362237947984449,1.1997808457925947,0.3159795259588472,-0.33849646182097637,3
0.33561571155468656,0.3845127328192446,0.2181583474233723,-0.22081267163523194,0.2495476732080631,-0.25832247656308427,1.1495875285802928,0.9830373744592883,0.8749268264235981,0.8180079151352726,1
-0.005159319428561768,0.5182489331161051,0.28824911270060066,0.13992056965817418,0.9360818964508538,0.44682772490616,0.9959378816442173,0.34498001939370476,0.24700741937632906,0.6320643848150812,2
0.33229461194385257,0.4064095507701213,1.2198452663700592,0.4628856893123379,0.3781361988331776,1.011613230387296,0.15423255376574163,0.2140012368354061,0.04791207336063691,0.6477000401831396,3
0.8913097846152384,0.8139891582549411,0.8951906150967827,0.5966071578244746,0.5916314188653122,0.7958735769639945,0.1872998617499469,0.7111468940241762,0.6118300517462185,0.5431145081287501,0
0.8904123561351796,0.8147212093483324,0.8411525773286893,0.6052215515805258,0.6062136794007368,0.8189622696854447,0.14516767409791126,0.7623751446489158,0.5993707922739397,0.462137824630501,0
0.029756349380762673,0.1275865160199458,0.6708457632582026,0.2366929080279893,0.0029503925427510347,0.18704554125857362,0.5410837656018106,0.21462336795203196,0.6684692046319036,0.7749034825317096,0
0.3337683005601933,0.8648165463803693,0.3524601023446682,0.8062005331775659,0.8746059834674074,0.265488976141835,0.8489441689534922,0.9404196078683144,0.260020711195468,0.39366672820091037,2
0.11944495895649185,0.8196510169183356,0.482703398330432,0.6145946649148456,0.09139011866401225,0.7950735214520026,0.591950825172742,0.7508427116261532,0.06642487074043962,0.7458325427980322,1
0.5178733970203275,0.47085834196633347,0.08746153661885692,0.49833581098031987,0.6295839148433514,0.9462454047912443,0.49884046899352696,0.2858082399515027,0.810403345561876,1.1353214711770865,0
0.7969902660241108,0.7345851317549538,0.23168096293816154,0.5948116453016751,0.5652531254637406,0.2962925002363684,0.5302838425078856,0.12204884409404067,0.545891273508792,-0.06912786616376737,0
0.5996067217192915,0.2510608950355601,0.06301317568667739,0.9971082937213823,0.39744956711601004,0.7851496348025597,1.021707121847591,0.7055953021301608,0.4779687614150137,0.03432349402380824,1
0.5020757258012557,-0.007427051008246095,0.8752525825261035,0.9575629424543312,0.4589219404621688,0.7341963756008753,0.29540190745206424,0.17899105339021282,0.5575958987899652,0.7126053504102567,0
0.514044894704015,0.8423308987102179,0.017336892663715492,0.5439018658358521,0.44916921223268924,0.35713837449370867,0.706745661994697,-0.08415789990617975,0.5190512095769345,-0.09592446302869247,0
0.043754975765686856,0.2610573210064491,0.36119844013916075,0.2177975200649935,1.0199303743300228,0.51849667462225,0.23276889799415232,0.8484931775701582,0.8239944933172786,0.5720566883919614,2
0.27478904568206425,0.4568089058556701,0.7552142841439858,0.8487714968242253,0.844088568681082,-0.2586719852921004,1.104228056520628,0.36088388520567705,0.5048796042281374,0.834331010516523,0
0.4311541604138617,0.2877462808246197,0.33086453428074997,0.23846713268113587,0.21919768402011916,0.6328917921897818,0.7035244801501895,0.25750945238140216,0.8135316661122645,0.6388929325477305,0
0.7665379090851342,0.6362452821161914,0.4654546999687504,0.08509772772835933,0.5117172589146318,0.03177429721527926,0.7983948977180804,1.0268270565111925,0.8114963353893715,0.8050309039958264,1
0.36162115605493866,0.5300920945797358,0.7674850713889472,0.7926630265121251,-0.008137358413289025,0.6842939591584185,0.29997977782653523,1.1014178509143646,0.7530531426883167,0.054372772070933856,3
0.12176734709271377,0.18504841327626928,0.29283390992870767,0.7137136468033901,0.8763114694705516,0.25181593999773527,0.45091127528165265,0.8184485736767209,0.6327545890110359,0.28363772043137814,3
0.19208122450530085,0.5880323790274602,0.0049312284457111236,0.24016084355054232,0.12333328988570647,0.48629988950101904,0.7199327494744081,0.19122500814354343,0.9437739297104686,0.07262594758904181,1
0.265123909962569,0.9554967804716352,0.44929308885825553,0.9145109566096238,0.6140242497025368,0.19210789100956066,0.8873245488071712,0.030770050984104024,0.43648141427717074,0.8747028770736066,0
0.16312554926008616,0.7595306501362237,0.5006915693719468,0.5662523628749879,0.1584344724675917,0.823321789085735,0.47958557158488824,0.7256553686590895,0.1282118615394202,0.7168266858192752,1
-0.19573659728670328,0.2263588365269068,-0.0858222946078781,0.38234431329532914,0.7812672920729297,0.06968303632616213,1.1490627923726455,0.15471045783141804,0.5142082327089145,0.9283577154351296,2
0.23316978118015766,0.05625032614457742,0.6512377688868949,0.6353237035598134,0.29204831163836514,0.38182867560329425,0.4088302253215698,0.5162012204399803,0.053116028208266414,0.7536639991327906,3
0.3532712976261137,0.8680854093513735,0.284837363750866,0.7156267973658214,0.9732973147950267,0.27886771364853136,0.8440985262282644,1.1012861370314975,0.20685262214991346,0.3541076692458347,2
0.11050738557244497,0.20010431636623524,0.2981768337532236,0.7722754346487534,0.8987676013082373,0.21678346655379274,0.4048229752983172,0.7921461658376491,0.6757752671417585,0.2915662387978755,3
0.34387937218523984,0.18218905078696662,0.31614696442949847,0.7218837441414536,0.21022575297685683,0.34396849196377827,0.9897360515599278,-0.015245577635600499,0.8015220281093056,0.23262976076057024,3
0.16169388838514767,0.7678097004485366,0.4978590700743604,0.5704050340080541,0.15217065041197864,0.8468435325944107,0.51452987327804,0.7161293296247169,0.09935024225463956,0.7424986421660723,1
0.6097725945362913,0.538070388946177,0.3640739618729467,0.017101170681274792,0.16082840025117973,0.028842189173592294,0.9110379191722996,1.3456276477796807,0.5208285384987417,0.6681607620239989,1
0.9251904320447976,0.5798676942118179,0.6726709937858011,0.15182214344752168,0.5305724407036163,0.9193549972496355,0.5246735393742575,0.939155765375792,0.1805763467557449,0.12007983534924903,1
0.5487044648843287,0.2373055026256376,0.11440174075833223,0.9106108867191554,0.3845395150719186,0.7390571563251354,1.0362483118535988,0.6026830961327598,0.47558081296984944,0.0023933681128710284,1
0.5401481913969773,0.8020170702847038,0.5332505615413412,0.35988866828483185,0.4338368884489782,0.7845146520719508,0.167217417551221,0.8151775641056389,0.3450674956659746,0.39487736308784627,2
0.27013081061336824,0.16141966694639626,0.6451566268234413,0.2137782531889258,0.9832641586924705,0.08393920428922126,0.7156823234851769,0.8456109442397811,0.9031771817348061,0.1430609803083555,0
1.017273239967318,0.41395213521676155,0.3455252058692342,0.9250233525905112,0.5883412918630452,0.5896552820430682,1.0190859928570857,0.6184883811270396,0.9012271715853418,0.44439129894743573,0
0.6733541642354683,0.7459901524520695,0.1333919862881135,0.6377531983508653,0.47361588205189115,0.40619978503223614,0.6162356948129257,0.0028491799939603865,0.5567110515062426,0.019428313781628265,0
0.8725893763739155,0.37506475600690525,0.8099909589214264,0.5737375070936319,0.7176551959636585,0.28581074905600123,0.7336143898339841,0.9783762745926748,0.9898856749310438,0.5233529251374115,0
0.7053000901957356,0.716616133007748,0.7590330292662086,0.04625277293425356,0.6507247712743789,0.40599915614230725,0.05888890717036399,1.0107110410478555,0.3259379105972072,0.7628243879651067,2
-0.13627296712569353,0.8447360681427849,0.4011056674864966,0.7450050481455768,0.10105051662683286,0.48643927778761825,-0.12919527344732845,0.1278748955981924,0.2647353140341201,1.090418751459989,1
0.8195901918259091,0.4609192039117941,0.8282953137174872,0.5193043269752784,0.05674646002172209,0.3001887982472284,0.9196202372078133,0.6323442144652003,0.3549348067178957,0.2581141252486811,0
0.2140594937431426,0.568337241917456,-0.03299269142227661,0.2073204361263637,0.1166157485087228,0.46176383433517426,0.7699172900637425,0.21090799202258878,0.9609528693810361,0.02584483713654842,1
-0.3001253506683606,0.9554005656512913,0.8350259007560056,0.3682777847672391,-0.08841405937502489,0.49937536932499327,0.8458658020436772,0.7186273601145661,0.8672812988890644,0.3647527150222809,3
0.6060080643658161,0.09387986837331758,0.33478690309238124,-0.21476844877191364,0.7995371122415033,-0.43872889843925483,1.0385587333127375,0.9949244383310325,0.5592664329426498,-0.27500725814827803,0
0.42674405216763645,0.45336204247622125,0.9153950600801598,0.49957558807632807,0.3557917488471085,0.8111836912256647,0.40655642738255643,0.7163725754722711,0.3571559724641509,0.2713662882208626,3
0.029888037588230627,0.8957667146017271,0.9133349836758861,0.34439186458623,0.0870294922875568,0.35458129984081316,0.7950672934085375,0.9630281656596407,0.7342136757602953,0.13609608088240224,3
1.2457872448609906,0.9374449557159035,0.9606694469745453,0.5162728373754105,1.0689088353664753,0.6698605217050169,-0.34319721029908823,0.8943694252682048,0.35450296379873597,0.48337501434072533,0
0.49925869177376914,0.06098699932340819,0.5776955317334237,0.2258124070820558,0.8891174190228445,-0.09582915053887742,0.5354945838654388,0.9361440597136939,0.7750129029778828,0.32139500122050224,0
0.8826576388849837,0.18505611654117715,0.6841594764792025,0.12225726245257093,0.5670693038312042,0.44102659326544874,0.1366576206542947,0.9537559411413542,0.9389006101967194,0.8971283645243148,2
0.5392778661706222,0.09888151002695927,0.9056038422679423,0.8016718918134672,0.46248412982528864,0.7338025699421102,0.3123309759706318,0.11704300325443649,0.6287266008743833,0.5836390928864914,0
0.6069767363953238,0.42668132036426953,0.8870692434897937,0.47151219972086766,-0.06998271627841005,0.5755104541680541,0.6771795032678196,0.394833550688679,0.554651319265379,0.9583277791616234,2
0.5789012597690031,0.8179612696957405,0.18480610858670346,0.6443175251941583,0.48804986213343216,0.43022735442590787,0.6065541812685977,-0.002482559526901122,0.48293592965180493,0.026842320795910913,0
0.1443298404111809,0.114038616784259,0.16251983621319938,0.586448965812514,0.8387642255767479,0.2818682289471842,0.5761877549236222,0.702101248819947,0.7808912139038336,0.18834270024328992,3
0.10692209054388402,-0.41127588666737264,1.1008132061721223,0.46024509051696905,0.655666281599077,-0.4075391586484684,0.5929649059676211,0.6324275943326256,0.8737999748398837,0.0777400295067511,0
0.38032080223144793,0.1893565768514514,0.25638161100772483,0.7477029007564908,0.27150606752174367,0.29696555160470994,0.9483595483395538,0.06614639114386958,0.810040096786836,0.2206517762095272,3
0.6654974011688309,0.833501028540956,0.07154001311268274,0.6957586578277416,0.5594322109180634,0.40757948385475185,0.5977844891407118,0.06015756503176738,0.48852897009848034,0.037616376025636826,0
0.28364102674431196,1.224228084697751,0.5178395084477136,0.7122715486554354,-0.1829606705768549,0.18818065957869046,0.6621095135110838,0.9411314281867703,1.0231328159572308,0.1758940742304324,3
0.34597747118020483,0.3853646885605224,0.1707288711641614,0.16542337601532223,0.1265914699437901,0.37966406456276613,0.6440812395975509,0.29861112388736055,0.8424463305026525,-0.17354336423520123,1
0.7979326758214904,0.305419240559909,0.03980606137204876,0.8094552848772516,0.38497964166473697,0.9796032939069163,0.8616841866106573,0.46652146056184585,0.5723038926873832,0.6894010400912507,1
0.18413039587439836,0.842754616833153,0.5126721825419867,0.6428817557959899,0.20070021324956985,0.8741774186374837,0.5898549735746146,0.6364605030375159,0.044908063768924894,0.7215565845499143,1
0.8002268785033506,0.12282679316683881,0.5646708206043994,-0.006673806498461443,0.4844318684441867,0.3861595830815476,0.22413621397424532,1.040799716169607,0.9585614271279957,0.7587620497648602,2
0.20073198395683475,0.186330497315207,0.8537426409520331,0.5725603542332001,0.28859539821366603,0.08758350987774827,0.21829921734379826,0.5248192082430814,0.7893965803801607,0.8232387728675752,0
-0.5228926562605267,1.343735602318075,-1.0385560001939131,1.1473698387719045,-0.5088270916907971,0.19461668693851153,1.6143454333552976,0.2680101183729572,0.4365733746572406,1.127870271687594,1
0.5503661368978274,0.2688148171211398,0.08953600254565833,0.9712100450883666,0.4186443859403015,0.7822721507412763,0.9916064031934972,0.6621624256709275,0.5046519448043736,0.02238822092321507,1
0.4173181730432754,0.5745435449386553,1.0655307874647422,0.627578046874778,0.28111626728543326,0.3705954490109975,0.5134925166161456,0.924132747255841,0.9021161476352766,0.17411534774325654,3
0.1273185493956934,0.9441117711953317,0.8785513126981177,0.5851074894111227,0.4223011041657725,0.9325499027101279,0.1860278839682733,0.967004846890865,-0.007955648293832582,0.19859917632404256,3
1.0543444114959466,0.8154023904875155,0.4727390316407633,0.2680611537968679,0.5212428909128598,0.5916411500474289,0.45235732350500707,0.7662112806952844,0.3567362137370495,-0.12473462368736288,1
0.15052795365788504,0.1950392946302487,0.8233352845132053,0.20550509698638544,0.7436025346897965,0.08946616618818076,0.7709220096776713,0.06024682119383921,0.2662201628769265,0.7368606820466054,0
0.9684861114563976,1.1445172022295909,0.901440739607297,0.10730496357503487,0.41489313507482484,0.8097227107942806,0.774115665817677,0.2749075503046045,0.6049488583331003,-0.3888196443665307,1
0.5624402285777542,0.2447151918813556,-0.2154706259909937,0.877217326437268,0.293137312438142,1.2193835070619925,0.68526134035473,0.1990520948259164,0.5338674872991691,0.4090338528130738,1
0.11430716203878628,0.8650928902251664,0.8098383234022973,0.8011020191897013,0.5266770361507465,0.7722743835138743,0.1497730994241672,0.8431647896645369,0.5916744118537832,0.6143835934362154,3
0.3869537338564674,0.19627503131348167,0.3151085473850341,0.7533263055906433,0.2927772084803079,0.33102911231877863,1.0038373728355858,0.07361686530669198,0.8205724394213161,0.23039545906941944,3
0.2696062863087424,-0.08259617787741655,0.40235562291796023,0.16092277370280875,0.41881555371639345,0.45880263907018026,0.45335090651300025,0.9120493666024306,0.4851135295313189,-0.050007073195907054,3
-0.16386410045819633,1.0923779716788076,0.9752391657580274,0.3457781860187892,0.380473478985047,1.268334741071767,-0.09375094794324912,-0.23319363872491483,1.3589605070328576,0.10688470936432934,0
0.8806644987294654,0.3009015243014692,0.6516811093408909,0.47949393352301356,-0.0007830632351651379,0.5103369243693006,1.4462979654093449,0.7046918346713276,0.7068626345536676,1.129413052794002,2
0.8905446330388749,0.3469210583330996,0.8557214026402146,0.4695737393035805,0.5173828153476266,0.6301099400213712,0.23075481963959849,0.6982787567289463,0.8745157425530051,0.7707899709630204,1
0.8406213137156874,0.14774849662745704,0.6417281165276368,0.13607296299006055,0.5565468684701096,0.40602553817439346,0.2496381971625236,0.9812767123573347,0.8829645446978835,0.8059623405582509,2
0.8659207599048824,0.3013925002718094,0.8055855810045693,0.5420516096683152,-0.2208812978698545,0.5289842008752825,0.3940906347679115,0.47427959436173955,0.27882026153568895,0.38951641262677883,0
0.5388103311744861,0.8093495429707074,0.5412276812356064,0.3651801636952668,0.4343429065843493,0.7946104622799746,0.16078302622413748,0.8209037145981638,0.3502411659784769,0.39602572837543126,2
1.0028321441780068,0.3591340420235694,1.3318283868127372,1.0745820131037487,1.1037663981754493,0.8513308396887198,0.736975496057614,0.5473117242790362,1.0160811572260555,-0.5124737353452047,1
0.5375713751359246,1.3965877780964635,0.3684691982650301,1.0522372644761118,0.8493857360069313,0.7111852820550987,1.382067825389071,0.9572965713192678,0.37801931528408017,1.119638547740046,2
0.3283312713589747,0.8155538504621481,0.3110083983133968,0.5971049453407413,0.8186493932842146,0.33432567196417634,0.7199288773443876,1.1370595094372105,0.4299372083887457,0.48013519808666516,2
0.8985292362396824,0.3805979820200835,0.6418887659019399,0.16838628200761352,0.6470889424357678,0.9094119341980013,0.9528070560202285,0.44628587680544257,0.5399961286355648,0.019644468406120157,1
0.4703334409428921,0.5387750844023821,0.22900387027818267,0.6439205235205459,0.7888370045948805,0.9269390672165286,0.02055083588497297,0.660461681253691,0.9817789765121596,0.16435429125556306,0
1.191959273293509,1.1234652806526462,0.9246716575087337,0.2374120317301533,0.07221867566657925,0.4519079302579567,0.5662049207376249,1.2026404934160873,0.5102612819862824,0.3444970395498653,1
0.35729761756265227,0.1360780442822827,0.6098806086266425,0.9064572173077744,0.764436331032624,0.865403064026943,0.5874810901075693,0.23518066527062087,0.5088649416027654,0.7640705982346628,3
-0.0029530694582910466,0.11803416852175896,0.2472901592281288,0.7052249706164169,0.8100990324998146,0.1492651487831138,0.4294774502091421,0.881038381455864,0.700667383342603,0.4070061625960192,3
0.11626647429923355,0.7613351800439664,1.05640065198308,0.20780371626148766,0.15937489703765206,0.4619352784906261,0.8035902777374356,1.0086224354175852,0.8400258204241632,0.07615169151598639,3
0.6419350514825086,0.11719784708820014,1.095610763116239,0.855881781043387,0.34826660081975847,0.6823072422570283,0.2196931199706596,0.1742910840713916,0.6711761390263502,0.47619555736755176,0
0.178893170032857,0.8250014056265111,0.32729211657161417,0.5235100283065004,-0.1909594478033898,0.36217876197990856,0.3595516120794319,0.3042486675486785,0.7071944097029421,-0.14544324024678915,1
0.1563195566696033,0.613381503883418,-0.09091064631666013,0.34424718486227585,0.142909823762171,0.47977858636876264,0.7293223942908924,0.1560636221192425,0.8556594796988357,-0.010094150485459898,1
0.42873960241211945,0.005624601253553116,0.861231833865452,0.9109640056545701,0.377950415658014,0.8545169433139572,0.1734592725597038,0.16480695601397224,0.5567724002074492,0.6369058664266598,0
0.033677063834547605,0.4269123294497047,0.3640195648021201,0.6700787960055566,-0.12747615845503,0.538679046463765,0.6681351399517481,0.3413656416312959,-0.0729633753652042,0.5682038705985026,3
0.5398889122178409,0.7943697425391539,0.5433907079794673,0.36606392597812065,0.4359189106806748,0.7834058274542178,0.15027686492738346,0.8270756434285522,0.3563347524099759,0.4022710946231049,2
0.4967011204102864,0.33637122040779177,0.797009733892707,0.7383629026782849,0.8107030063705019,0.9701556895031624,0.6435711666072221,0.22408870128484779,0.39001634316057204,0.8452678481235358,3
0.9209599838401906,0.7712152573083659,0.9139805116067681,0.6421136618036065,0.5797562640219724,0.757280652227371,0.16042072698206988,0.7049977322822856,0.71454010341221,0.5054992788765651,0
0.8179801256979635,0.8561798869278757,0.8413112065983792,0.6172994124465623,0.625455443160767,0.8216576971748389,0.153882100346263,0.7416296033271664,0.7018365207711236,0.5143278737534296,0
0.8462441946926059,-0.18390394299838142,0.19978476583477167,-0.37366009642692277,-0.5927606583096448,0.6591399271512893,0.5610374349976316,0.40324405723561696,1.0278795708453072,1.5836306694097897,2
0.1937622056411068,0.823463926144916,0.9209608049481587,0.4400158555897074,0.21276697500951905,0.5319307319731865,0.6693691909344511,1.075693370785118,0.6768339494320227,0.03779683461078949,3
0.4774639490781088,0.544445910720661,0.22614673529248686,0.6368269770512849,0.7932092449809709,0.9304880121157709,0.028510866785693468,0.6681665904182312,0.9825921024865457,0.15636277454914224,0
0.7161358211999551,0.5111362079176924,0.8631539218556736,0.4705070040267148,0.03332958070875551,0.36342406692954676,0.8604966319439219,0.5536544664756969,0.27352938456057696,0.18095612873244132,0
0.32242000102435286,-0.1676724370616859,-0.28393946525545943,-0.1233419570747083,0.4749458660952244,0.908320073729262,1.3006195308520159,1.1130237542831505,0.32761316682767777,-0.0625685182486578,1
0.009972040593295445,0.12197150954433708,0.6402449360691493,0.29233131033790544,-0.0008438907709644727,0.19192035032319296,0.5445393438213836,0.2291440003820445,0.7098949643685527,0.8044656474224909,0
0.0024561283572398576,0.10263768677789079,0.6356098973854346,0.2592385396892508,0.031583118366992374,0.2197871960966276,0.5695579643456823,0.22633541957636946,0.6792314872206403,0.768444218262909,0
0.9336595243351311,0.2217402393539086,0.48544351697662413,0.3847715516219181,-0.08191589655916534,0.6045643287459516,0.6883667799375877,0.7223651979135634,0.18503104450616958,0.6561425586904139,0
0.11462961746113821,0.8602255478459696,0.816465926381518,0.8078558176373981,0.5354821771622731,0.7797593224684457,0.15877256268435727,0.8337868658078946,0.577125351418825,0.6051810401430224,3
0.05496251528586604,0.1833442230859716,0.4830384518390123,-0.051019986852259946,0.457283002866949,0.8750684422824675,0.3484818793414932,0.3157527547092367,0.6530526156914928,0.4959118468928636,2
0.4413729910472304,-0.15054820147058467,0.9226777157240758,-0.018431267002562007,1.0437025896342256,1.1893984092025467,1.6147467284056423,0.6318450063914753,0.6120189890856123,-0.598108207004807,1
0.833869165489195,0.4985047092183308,0.6104647942016819,0.3038325854562022,0.1663665258025505,0.5630512179991645,0.8744151535934801,0.3622956050422556,0.7254032708716436,0.9699671561417076,2
0.834407614313326,0.3541796866129365,0.7732098054928273,0.5607219491801148,0.7151298953728121,0.2608810263341411,0.7156567688999911,0.9608200781068771,1.0137429751950118,0.49455445802895787,0
0.21757411312432606,0.7520597093098307,0.44828545614033777,0.6225932453857279,0.15869825343823396,0.8664525013404664,0.5500040915633486,0.7775620397747398,0.04126670873938843,0.6623620568604078,1
0.431075676508695,0.1926535090418678,0.306234350798033,0.061237062517009985,0.39854553864054065,0.732894002899211,0.6602283986342027,0.11556847128704142,0.6873662712508636,0.6324798364579298,0
0.7660935516525651,-0.005133486032772527,0.2796282149628664,0.38058552656682243,0.5915404127933666,0.30395007470677715,0.9969430312770549,-0.5667910364877039,-0.8368586123725877,-0.7493361351966535,1
0.8993730986210792,0.5262592358603988,0.7464043073129314,0.5161421899358475,0.17476259146398332,0.28893470605493976,0.7692768167408792,0.6832807476975663,0.24583637901541702,0.09889450813218187,0
0.4312054833152231,0.03132403027621758,0.6138394572348458,0.9155764374355377,0.8932160851028642,0.9372303717463907,0.514098953383266,0.15042213226379347,0.5313054769668768,0.6364956652561182,3
1.0958332322359667,0.9767521644792454,1.5083324624342058,-0.33709460318944384,0.008970089440837464,0.39522018903201706,0.46084520988589983,-0.018969629514775987,-0.17718634619783447,-0.5367964931841379,0
0.20443239277497768,0.9082793734930327,0.4609340171908609,0.8942532139952241,0.5748434358954818,0.19399094303399494,0.8672374741111207,0.028753790174845622,0.45338218254404367,0.7807192993157095,0
0.8465849307583695,0.6635948383281334,1.15714013890967,0.45392735741311974,0.8894309037577558,0.861125001439734,0.4560458866180753,1.0276786231335657,0.37929931023499774,0.41001380459934067,0
-0.0004731788737550829,0.10812029874481115,0.628401923156469,0.2659709396477534,0.030969798447686714,0.2193730523059601,0.5721570678989801,0.23205884157307466,0.680339242757255,0.7761897345286908,0
0.8941435128183601,0.12838870687428663,0.5931741151057358,0.09156742566184012,0.6113547433010063,0.2676016163118383,0.14743296071945175,0.9504227304321401,0.8567007338720568,0.7036785122740681,2
0.008070349606915939,0.5587243365607513,0.10386887156464356,0.907846148853517,0.08764244817184104,0.3291522800591306,0.292709318680392,0.25123170715771187,0.5034765038647508,0.8538015618449031,1
0.32449899732343185,0.887079538170175,0.49369694361091904,0.49492624119021716,0.3302700510691846,0.6556195432521583,0.6326149730985728,0.6698283770474864,-0.010863621466762952,0.9417642302712435,1
-0.07079127393959059,0.8954597494084434,0.9302566388172198,0.28104858977404107,0.00914535552565239,0.44661529060967164,0.7485229995262676,0.9375792536263527,0.6569198305272451,0.06639321560144641,3
0.6913118654433988,0.9940224454863198,0.4154761458919801,0.6347486434083516,0.2799590915165262,1.0217479399948797,1.0855123019440869,0.8565765015369979,0.7494576135434681,-0.3807915293785519,1
0.20798427045411472,0.2322257530704175,0.6895238511810479,0.7208767407405672,0.128616322355158,0.5565598354334372,0.2616456172313511,0.4062762268974177,0.1133725116038826,0.6381627061594526,3
0.9368009816305222,0.4413837058608509,0.6412365999165919,1.267943775158251,0.7896365718630879,0.33873271803481453,1.115899226361796,0.8802433995522153,0.7474456392255184,0.7435630331444906,0
0.037899535962329166,0.28217863660861325,0.3316702289616045,0.28008854199893435,0.9699368275534286,0.5863422670644065,0.2430130985521328,0.8820609592122572,0.7970038058890923,0.5389864340804661,2
0.5204204877839654,0.3569323616167234,0.12749248083836862,0.9028117960378659,0.48820597431799584,0.8449014299810983,1.0091797984947826,0.7301328655805256,0.6053377719708509,0.07795323357414143,1
0.6918571536205589,0.7045963350727278,1.1013698375493306,1.0974534522386181,0.3191321243638589,0.4003567708245996,0.12232888876233391,0.5668144127447143,-0.08988886157534112,0.12684526749731806,3
0.2969451428869104,0.20946187602399738,0.25439809706014593,0.15565415557746487,0.5205645440831639,0.9109162963167537,0.2035521295861598,0.08548382794739616,0.7104124913829137,0.6761723366048729,2
0.8777313867374257,0.37420167622229117,0.8134742765718667,0.5614591955921997,0.7236347281621935,0.2820059905676445,0.7419996626556045,0.9699269845154934,0.9911979163775716,0.5120959378042458,0
0.38615948726098126,1.0617436117785677,0.33567930992901046,0.6150641967669404,0.7844205937519795,0.44061032357341223,0.9289640067781175,0.3021571269841008,0.7069297228624121,0.13749005602700468,0
0.3006712941968631,0.8945049663985959,0.47201573721810414,0.7997856868774511,0.6148477051150528,0.07784770977709798,0.9602298569028436,0.068830507457003,0.5029354398179504,0.7531494320781229,0
0.016701817230784344,0.7625751902114606,0.1397465968693174,0.1538770194583425,0.02433504297783464,0.5787902440502121,0.600449266655011,0.348874162199111,0.9552496172428493,0.1438082744747467,1
0.09894090478408193,0.8575439425762522,0.823715207723614,0.7930849656684797,0.5355081078950248,0.794528194424606,0.15925871666706834,0.824158384613901,0.5709372968695248,0.6184881675468014,3
0.3019646690539673,0.8467503139495913,0.35887555976985047,0.7944393049654704,0.9427869834069619,0.37283560570329,0.8428422402360062,0.9444112984454486,0.3109123662168163,0.29088400705366796,2
0.36011739130444975,-0.27708524665833517,1.0860018837608472,0.7599405798657607,0.33915371163353836,0.5855901943847107,0.5811429894044526,-0.1723010329747664,0.8371748725170184,0.6370933663602656,0
0.9775514013811698,0.6742374207763733,0.8810902163250789,0.2762335252465101,0.6489594593682757,0.4977232895220024,0.36625504398057396,0.4606744702395323,0.3438677361726635,0.6757414404763864,2
0.10129328468737642,0.6078135724627217,0.004688349700702449,0.24801178166446694,0.09908383365055094,0.4568449815634154,0.6723822821626313,0.17653153462747498,1.0266879113925842,0.04526268163304187,1
0.45990378999074016,0.5575121288842415,0.21708368804500786,0.6478258337703315,0.7521814427762799,0.947332439208501,0.017503785516072477,0.6364899251275827,0.9894514863964892,0.1807997567971459,0
0.7277441585145958,0.6959330286456995,1.0004063368314724,0.46766858639755493,0.7071151528741009,0.685137107079265,0.29337015270979977,0.8637812216494769,0.8712594435635164,0.5805991849723295,0
0.5038949658114708,0.4518223831022962,0.40750132116407295,0.23589972315898786,0.512493933962372,0.8041797033411293,0.30159349818456016,1.1160297107712862,0.29915198744481813,0.310943176733142,1
0.5336033480966348,-0.10238251107782184,0.744750227819566,0.6959961298613376,0.5756662444812709,0.9204304762031204,0.7249205885409319,0.06351592253754007,0.6024776391679413,0.7161526502240461,3
0.41943649569267283,0.9090977863355132,0.3045060161098164,0.48039706054460946,0.20299773552616263,0.19824107346252662,0.03720008954968279,0.34010896714243893,0.8836492489247888,0.8972093885330139,0
-0.16420280581137403,0.3729269577370802,0.2888989964259866,0.43906442211582136,1.0195899881260915,0.6019397006307231,0.8997556501447317,0.1784907620009889,0.42372066614001336,0.5889435692573076,2
0.17068671490204623,0.17787128865676427,0.8525687437390088,0.2096899914151315,0.7920696324501083,0.060022386050686424,0.7790549862573348,0.09807137490917435,0.2665833659414629,0.7303960703866399,0
0.7902030726973086,0.1357291695969347,0.6071626275729912,0.008199885105196411,0.5826229651249523,0.3322804327961253,0.18766872215361907,0.9315287721882418,0.8663151749153062,0.8486470044399229,2
0.9730843758703503,0.2985888039519494,0.4135590479656153,0.9817649652542563,0.6191954170118742,0.5722362545345964,1.0194193699528922,0.5693305770494397,0.8711930452146643,0.47194513958035916,0
0.17189017184884792,0.8936172569763683,1.2927147525049203,0.8877824436226799,0.7281720343903371,0.13796951720818829,0.28926204139085815,0.46943230370204647,0.4220070725049094,0.38706430566381733,1
0.9183728732563232,0.16222561669322366,0.40486952959886424,0.5466621247010409,0.20390520117662117,-0.11040547446149415,0.18284128332406308,1.1699086695485164,0.8055943609576326,0.42727464077419325,2
0.5349384223386326,0.37787542480619396,0.35172741146981124,-0.1715820104892407,0.08342640998822448,0.8121926272653398,0.012629436448659437,0.014424443010239471,0.7026161606345013,0.7325437525263292,2
0.533144717775001,0.804787548706005,0.5327088770041043,0.3620676581454076,0.4361947723494821,0.7889839165399042,0.16268255589924624,0.8172424388353408,0.3524296705454214,0.3865419981705601,2
0.9879110233155071,0.311610829193707,0.8348799664090981,0.15063224208016832,0.9249754552631315,0.34934514084949764,0.6811493465149001,0.8004107739774722,0.7131438704991271,0.5616171426777484,0
0.15034990818594549,0.7734035784954636,0.4882374496315603,0.5687023396377888,0.157665227294217,0.8508428407190878,0.5124643264789419,0.7222766102323873,0.09292517753815055,0.7447414293484313,1
0.8779571927138186,0.5715722265702667,0.5755055758216872,0.13402844537312444,0.48576717964602056,0.8651399647338707,0.7271890255110182,0.6828033878526377,0.20906358907721626,0.1606505916295186,1
0.4796123858211685,0.05277868114565091,0.9533938470203083,0.8589674239605878,0.4594652111872878,0.7570816362690914,0.24311374998314728,0.09602713882990385,0.6135502437802691,0.6269752755535023,0
0.004346362920720953,0.1084032290850253,0.6154800416043007,0.24966897232925722,0.019336984418773833,0.23303971854512937,0.5647118795806677,0.23643287629383547,0.6804402247106299,0.7716394779401975,0
0.1156676044107099,0.862787100415927,0.8139681225378864,0.8162969517988587,0.5383605597053238,0.7824399258183653,0.1574531985317798,0.8388105903412653,0.5809732551509283,0.6097961076521708,3
0.10990595461027611,0.8562324497569157,0.8209483903034183,0.8112683380363228,0.5332690613302807,0.7791640430839305,0.15556620146073497,0.8349357226593145,0.5775697185530481,0.6060473185866441,3
0.10868433655007895,0.8562721916220808,0.8189765236657337,0.8082867082565496,0.5303969427185767,0.7780242302061938,0.15939916460953812,0.8391372872277649,0.5774227518355292,0.603135769513575,3
0.5196205218022172,0.10580358938352145,0.20259839850507871,0.7469748307270548,0.14695531097314032,0.3181855353156226,0.9870147383807336,0.1350807358851378,0.737798122214382,0.19100336692936323,3
0.11885164852115727,0.8572984048974016,0.814143953324913,0.8153928855146692,0.5274528878915457,0.789245171744739,0.14942432643563122,0.8366893088311892,0.5674088374372558,0.5926085027602949,3
0.5045720066347721,0.031182970556713274,1.068869934824709,0.8167349701250095,0.4910165046806717,0.6883806636900531,0.3755456255245366,-0.008800467902106007,0.5409020907111793,0.6108891144271164,0
0.00039083513525915367,0.6650001462608853,0.6982508374304718,0.4031309600420701,-0.10197760939691869,0.19866394101798607,0.542197715698933,1.2645241235613,1.0541855390361743,-0.16487090586333564,3
0.23654916806609472,1.0301065479751443,1.6266926135864987,0.8932216186207842,0.5809056246250331,0.17099071722428516,1.4256608278266691,0.306391787977437,1.4783970757973555,0.5762804929997984,2
-0.25190397098230716,-0.0041650988435459335,0.02907187256152738,0.5430667584109767,0.5291762970164233,0.8017128601962823,0.24749599264219413,0.7572216799290344,0.7129251275269536,0.7691624030448441,2
1.0208633455395035,0.24016807390070474,1.1629625837062647,0.23659710851491403,0.3203797809467991,0.635200699865816,0.86469628541146,0.8859938801250361,0.364889134272503,0.23052636548177885,0
0.8500409649819849,0.15265797594853164,0.6726831555712074,0.0735827419491508,0.4946854908586971,0.376843088679353,0.19232003396602695,0.9020887087743359,0.948549982228836,0.8041254760356887,2
0.11393503370550281,0.46294818182965364,0.3086469163523953,0.9477598855147529,0.5993043535427616,0.7799136087264339,0.3542699078985175,0.08117782253315715,0.1753740155260006,0.05180667421242636,1
0.016462204185686447,0.07996489653494532,0.7998639909421772,0.26132824376125635,1.2946515272420194,0.22844137142112675,-0.07021861648680439,0.9883357536842032,0.5703584549533685,-0.12143614283676973,3
0.23764770973899887,0.08406219934114278,0.42382796510950616,0.34312289171247456,0.3378161384241969,0.7699211156585721,0.1500637670980903,-0.15011959170978745,0.7709562415007832,0.6341214057311528,2
0.6475905596861367,0.4306696623908383,1.1448247989907778,0.3383822978889821,0.9543640295911491,0.8670551590828771,1.15904918643932,0.9512723105485766,1.165444028187929,0.9934839121076512,2
0.13846714331821033,0.901024846556763,0.8390613775302707,0.5840483038091036,0.46081129854577546,0.9279659784577602,0.19949145380211483,0.9821562659503806,-0.006508226403697668,0.2682370117908295,3
0.5554319130086849,0.27302108658635443,0.08333135231437529,0.9864697305204714,0.4349594279805528,0.7721284667894981,0.986388654041756,0.6748327711507364,0.5132283603616012,0.009100379129483707,1
0.4889634557398984,0.05301388116910953,0.9966931999398545,0.8565815868661113,0.4967362831767247,0.7365254948620786,0.2918627651934127,0.13625783949132073,0.5913354899398123,0.6162707471596389,0
0.723664703194233,0.5794399406736148,0.512628333608913,0.04620199403752345,0.5917492960146478,-0.039797284538828,0.8692092266114453,0.9195554075097823,0.8246785532747406,0.8123166053828779,1
0.6458771174415369,0.8083219187046217,0.10288908708998754,0.6935676590883839,0.5111364015211367,0.40814843741752543,0.5525466127711139,0.062251227475914495,0.49363553062900345,0.005371048439229374,0
0.5119179703967359,0.7353845330774745,0.843487655561392,0.9336352649865004,0.6536247886525617,0.4692599164755393,0.4480355318565115,0.3634989783596139,0.2091397127142103,0.08765920684449745,1
0.22278381468879022,0.8338956519310816,0.9407661944824275,0.5825084916897099,0.9260670576366342,0.90130523502567,0.9174414733752921,0.48859481763101387,0.7369798084220045,0.8605826990280669,2
-0.013221281961173035,0.08608058337927599,0.6257737432117502,0.2620199330714417,0.04400536429781324,0.23375865711105068,0.5846552120447241,0.2475942647255637,0.6849529580266929,0.7869954239088962,0
0.15065579630417122,0.6887160411050158,0.30670616672718615,0.5130101352199635,0.5354196999740257,0.845207559743347,0.5702497832847965,0.03624939911444996,0.9776672443338329,0.18441088933442806,0
-0.0149686304662703,0.12846046461665875,0.6035289958210003,0.25199563133203934,0.004544684257218403,0.20400484204212335,0.5711641618400575,0.22470453945169777,0.6618890042031215,0.7491258528171469,0
0.9541926535466602,0.6995669280606718,0.8271321750738454,0.5724452597650402,0.7210895978546792,0.7308176775162374,0.22220458373661692,0.6391936530472334,0.7092432418194772,0.4582104291015004,0
0.9298008047952626,0.3461299183760111,0.7322282576292198,0.5203866305214695,0.7510760468252119,0.2529156943184782,0.6779765938898974,0.9569851199756145,1.004418954528902,0.5567054009554638,0
0.11135050393770389,0.8562652166007887,0.817363408898754,0.8111450233716592,0.5314594233383236,0.7780566583964968,0.15274638610108887,0.838743041939302,0.5788708604246516,0.6070555395567891,3
0.0067008043435114245,0.11842309152987446,0.6228672013261229,0.26332176421610737,0.032965156257819185,0.22662406623937353,0.5759479061478809,0.24785577573368664,0.6576096833815525,0.7969859261648683,0
0.25610348591543897,0.5905189685495186,0.9805062971555728,1.1079056196657455,0.16516606278573298,0.27951908882658927,0.314604344760406,0.37599458807072494,0.385153170183124,0.1827173775042694,3
0.49161426591784485,-0.08747215500739558,0.4105357985344652,0.3927727309179644,0.27783501958804385,0.6004139700500127,0.30937173987566413,0.9170673668161309,0.31760477718154784,0.21180387083134056,3
0.3633331318059312,0.06524933114630249,1.5174504601698109,0.8063986800232329,-0.1152710718726831,-0.016340945373690824,0.6862030335036179,0.5322545671667421,0.020215966935850746,0.703595450187039,3
0.545140477263751,0.2768600272275724,0.09813629907101795,0.9782902005102297,0.4121119245227658,0.7733259153528816,0.9909783397822031,0.6814374220391178,0.5241923773401748,0.020267859893996185,1
0.9175379951888183,0.1363871883087591,0.4922982912739853,0.5826808671318853,0.08069473652307853,0.1528278852719654,0.33909029132639296,0.9123573449531431,0.6191979030642117,0.6795945391204794,2
0.45910112473097314,0.5738950385454978,0.24265003159506907,0.6492358571701488,0.8214224725717294,0.9512820534796325,0.0439708195545247,0.7021395429971014,0.9796737617457684,0.14889837180927765,0
1.0174472004017694,0.3934083339466722,0.3770853894973859,0.10120453286162305,0.1687882428369739,0.98745048103023,0.8213955975219012,0.7683257680232761,0.5214398444090156,0.05663285745443587,1
0.7821834701677038,0.29129358850467346,0.13365249085004938,1.0092717857377205,0.38915579592554295,0.5558859168245832,1.2720792279978606,0.4432051318364084,0.838504599460933,0.5056232927441684,0
0.5539479377081279,0.7854569034731329,0.8714296261097648,0.8720053279857626,0.6436268284395517,0.49756723580125284,0.45685440555890783,0.3723679138496676,0.2728025606326959,0.0702650933510504,1
0.14209427612705555,0.1764338282105806,0.2629806839721143,0.7038139601459728,0.85652115473328,0.27480430661965666,0.4282981810846241,0.8322143382591807,0.6300114199441683,0.27369582770040435,3
0.5365383137856534,0.7994577911454287,0.5371341725913906,0.35427698979330996,0.44009801393852366,0.7813714568247351,0.1694728931068439,0.8197447902839181,0.34385727656259146,0.38542815659853086,2
0.8497512235798864,0.359008275211641,0.3688862442447567,1.02317360234325,0.6098519059268378,0.5283697398515057,0.906629717910392,0.5218086310358611,0.9849696114339594,0.4276665997513363,0
0.47103633468216316,0.7341646498176707,1.3483091300275438,0.47208036981526086,0.26025145576693953,0.4980837949288365,0.33907134248216114,0.8441456782466235,0.45828411649113976,0.8494609159645921,3
0.7029188472769675,0.3513336802197571,0.7614320943830372,0.3732664254852752,0.44596425714695404,0.9426067548654051,0.36928189212548146,1.1434002908540362,0.33780038504497195,-0.04267503372473913,1
0.041242959287082236,1.1227577905016544,0.7104680984720736,0.7316867264599525,0.09037955371591458,0.27504995338008953,0.7089021265605195,0.8547614667995022,0.6975592010786301,0.4586633350526405,3
0.11015717808207112,0.856874946833781,0.818859852904485,0.8107357432436525,0.53149761896229,0.7790013785244201,0.15648439527305844,0.8357409185264011,0.5793227055680118,0.6052473270816346,3
0.5331791370838674,0.25325046682633123,0.07638588247626368,0.9755809748939555,0.41522004834309933,0.7749461996147233,1.005083658842848,0.6796434885972521,0.5170039742855085,0.0012206259100339088,1
-0.01024552355159114,0.8713208939815777,0.9874993387634149,0.23341426327902443,0.04082504607307128,0.2355738730426704,0.6851392969348202,1.020493559831105,0.7305571218860392,0.006159466082471116,3
0.5377401310915548,0.49353676256865525,0.25904101375066685,0.5830004527062795,0.6943825355834856,0.9882898333574499,-0.0303793562532213,0.6807452370276121,1.0504861588028838,0.1785262910276422,0
-0.036930598829909754,0.5883756512454907,0.5102973289489245,-0.014808320281325588,1.2086526382294889,0.09124388742526862,0.8268427263104388,0.3804315810548262,0.37885431588099694,0.5195523653812038,2
0.9172007271565951,0.022961620350789025,0.5652875568931084,0.5654442032481992,0.26730604760322607,0.09593842361028529,0.13600691416265093,0.8475473987654021,0.4416187365572646,0.47576898276181523,2
0.966926195237063,0.37514972734424623,0.7725986467581747,0.218069105054718,1.0821708134712313,0.25702101744379163,0.63044605726515,0.8911056327679557,0.8330124923607951,0.5141454262606163,0
-0.008571149872792484,0.09623553018264303,0.621135575535387,0.2650406611161133,0.030316390948278878,0.23232104920548355,0.5706988143685233,0.24315022894215346,0.6735323063034628,0.7791903103423922,0
0.8013120790929844,0.4638936645740903,1.1242705807244715,0.18047735540082374,0.8505199418719409,0.9357515268022283,0.5796841361193602,0.7215219265600373,0.20716407575091564,0.828523262756126,2
-0.011488059377983991,0.1265920149934258,0.5986103722329181,0.25417337315196054,0.053021407697569606,0.20554306324467428,0.5604589342243224,0.19485833673086925,0.7203660992206697,0.7656120733680547,0
0.014328555469885415,0.5319698479841457,0.31413033302360605,0.16137178212904352,0.963105072709181,0.4643044519023746,0.9734950037272292,0.36935540753713847,0.2591820345899746,0.635833295755207,2
-0.006236623938041657,0.0449498268486223,0.5760919046793914,0.20824302229922786,-0.019002258969445726,0.21451668462782073,0.546192846514311,0.2810781944752857,0.66258586934298,0.7505358484452224,0
0.6661799187262502,0.7901998040677358,0.12864923236668563,0.6943958318186558,0.4996566539879952,0.41489875809856885,0.5696557161472401,0.05885763528528302,0.5071515878256,0.014733840021710425,0
0.12099361017794201,0.5270185246747497,0.19997770482757005,0.6522470572545964,0.4093450539899355,0.8617105926173763,0.4890895264491245,-0.061797491422220185,0.8443811096199351,0.2450335946152254,0
0.5761116060776976,0.5790761938015837,0.9041625444462399,0.5248425876198505,0.5051619633641665,0.6441330873255816,0.5729811983925304,0.55142519572729,0.1930136353199624,0.4399209864433259,3
1.1727848462327324,0.6101849968324635,0.09335434411635501,0.49058901597976523,0.36289345960606545,1.1011619173059315,0.4994196830511325,0.31509848632241505,1.0151782358027794,0.620767803291703,0
0.2905478352921188,0.5438423187122476,-0.2249333158666737,-0.2923046573618241,0.6281910402797259,0.9780837413344741,0.45071304911735743,-0.007552682333253513,1.2131465744527534,-0.1985005684950265,1
1.0046066839797994,0.23935488580920122,0.4057322603579656,1.1785682997500744,0.8895187991492595,0.615167532688005,1.0788086405352462,0.5912741159893795,0.802883117349717,0.6309614938814053,0
0.44806242893669046,-0.1813771710229365,0.3201624396872352,0.6107173119699284,1.2997204181913278,-0.15402545158433104,0.6080297916064915,1.3180884951236824,0.6428441676365579,0.09216589259030859,0
0.17643957512597688,1.1881420169517478,1.0387777021287465,0.31805919703606217,0.28049556044591484,0.1602383068658074,0.7565348402129125,0.8616913217642497,0.3412722832168935,0.15975304627244827,3
0.930618715411559,0.9427690536190207,0.7613892904118389,0.4608889363121854,0.5338504194254212,0.9597061941398315,-0.01303809575679074,0.7935503227944345,0.5193451699725661,0.6082012656238411,0
0.5050135320630029,0.06475180376490973,0.9620313650185492,0.8315345308080926,0.38051422756612696,0.7049585162136643,0.1297677502684455,0.0866537885944323,0.7143646357923634,0.6106406817702741,0
0.7373359778209807,0.11922640610892123,0.5130108447045231,0.6459970812960711,0.2631008609137688,0.013327412108873116,0.29980163226138634,0.8446955186908081,0.48840119819408245,0.7300793445082832,2
0.23480183194649548,0.9153939895075417,0.9353670722804296,0.5201416352570153,0.8674652396088782,0.9532699006224559,0.9170459202367628,0.4502374353197969,0.7676734836688053,0.7974734390534923,2
0.7012406681933916,0.678893354443057,0.8573090707557035,0.5790986175908499,0.4604281860907907,0.8486059542591458,0.14841610521137188,0.6876796822639674,0.7098435323028981,0.3710005591740648,0
0.12446013428661487,0.5388292244551427,0.06880785152757123,0.2866656069825485,0.0656014410660879,0.5181252938523749,0.6807103837856725,0.1913872472135975,0.9243799978497715,0.022159320049420984,1
0.48278914236769394,0.6249479641036466,0.8277941254137879,0.7881717810069055,0.6369685229706147,0.46296387087988405,0.5059879262977213,0.34263708959379846,0.16105550054178075,0.05010339407964065,1
0.9285459319968126,0.6944204864822089,0.8283337743116533,0.3665186193057702,0.5985782818879143,0.5499986175806743,0.3400234462304494,0.4450285489107144,0.35778543510208555,0.6786352288401041,2
0.09498356519978819,0.8430455509862046,0.8290910517641873,0.82043177587892,0.5445550894325119,0.7919404685329194,0.1536395748797078,0.8530431996864507,0.5876123450758297,0.6203496893913873,3
0.9072638555106024,0.8015946561200231,0.4258264622484348,0.23388017407150985,0.5935630437073194,0.13791199146060837,0.7339225938293852,0.9517923704758053,0.9141470696295848,0.6238071594371627,1
0.9400213131859674,0.1931880024084046,1.3917486717947534,0.9039017231287844,1.6916216361409564,1.484224162818541,0.8387459933620738,0.29250289375263905,0.5344780605180728,-0.862759638402431,1
0.5551475906211565,0.5106228573155596,0.42170461911437707,-0.06871000612283534,-0.08217933213792386,0.8902628169813003,0.8362951528285746,0.7030587071316219,0.4727977797344217,1.220078301282116,2
0.9245128362588724,0.56764805619355,0.6286078046677165,0.33518273352294425,0.3512193704529712,0.540293817980406,1.1332696238128444,0.2356566528122518,0.7068074237323556,0.8527097022515121,2
0.8767822375994561,-0.16856656105385703,0.8254427427685953,0.6989148311423374,0.9463086230086907,-0.23867619376377272,0.4506560020956772,1.2109007972260013,0.7724004753354322,0.3086464738874329,0
1.2905356861096784,0.5519171496072796,1.2985256127648959,0.48800218068697165,0.14428501937071625,0.967459088931395,-0.02138453800104756,0.8647893403361541,0.30257277275974226,-0.04611021359361278,3
0.7090809307926044,0.015865076850258675,0.587331732845119,0.3484194887368819,0.4464884293430081,0.42363376994891816,-0.14093785282290588,1.0918623570240613,0.4520915607391409,0.8147766676417063,2
0.5133530720541594,0.2945981528735018,0.11249026294946479,1.0153243684496873,0.37752887582209427,0.7875690058037971,0.9437127142093938,0.6299340714724307,0.486835823644054,0.003509382334018622,1
0.8698734312714556,0.8381037751909193,0.8528450683880239,0.6581975528704221,0.594284642645235,0.8317345420729537,0.12039549282514489,0.7527142247559241,0.6783379138608794,0.4848216481656856,0
0.13394491650599916,0.4883578792473053,0.3354023671376797,0.9700083167110312,0.5787593209868328,0.7836594404741616,0.3613974581117628,0.09426996664460513,0.14502878591455903,0.08131960973562706,1
0.9824825617577584,0.2712421652506072,0.7919618632270987,0.09687695655785124,0.9292844755451325,0.48737287207564933,0.6366941300810527,0.7440419126705689,0.7826321584030225,0.44844250959822757,0
1.5775305710821832,0.499827649865196,0.6759222040822349,0.824600514871084,-0.36844775868617274,0.3672159628924465,0.31111469481499426,0.2082101285513318,0.10756876148376054,0.17451026282182086,2
0.9008475960935577,0.4009458407791968,0.8212466162984583,0.5279121729267133,0.6981316786126381,0.29679935562548454,0.6866625891880478,1.0115289388441115,1.0086254543361037,0.48886440150683985,0
0.5259222143501493,0.2944722012185271,0.08404794198701791,0.9755181634058946,0.4474575413408254,0.7752087734306963,1.0041955650430885,0.646885109012063,0.5253042260949318,0.019484544203607734,1
0.1699029212554282,1.0945291839495512,0.8928120794719453,0.46199794909659614,1.0792570121659772,1.1897862356470585,0.8258955469515414,0.6384735442036884,0.5004869563318564,0.8398190395991704,2
0.4508549543059978,0.6312113946281046,0.8984150402282828,0.9671280425806349,0.14131107729461728,0.15346906180038447,0.30374665399642137,0.6467354796320373,0.1038454103110697,0.21720832250163336,3
0.19923558308689582,0.1011024328392548,0.5939040298066424,0.6129457799815713,-0.08702590628211346,0.5649229543218405,0.2644654549228336,0.5036725768383034,0.3548968958273774,0.9547195445428455,3
0.9681269206387864,0.355625514838966,0.6881241259683398,0.20604122908907252,0.8693538880530205,0.37322421314803844,0.784743277241479,1.0554486695870064,0.7847559135916318,0.5131657185920555,0
-0.04176672923684563,0.8532218291388636,0.7587343480677705,0.43102823282431685,0.03507493569926843,0.21301661857433943,1.016654325131512,0.9507951124755056,0.9404828320300291,0.12474081851076345,3
0.9802151712886331,0.2648274574506727,0.8117945587565416,0.30906062243603494,0.4205588401648482,0.4566490928324801,0.2502681899812523,0.5292285092020248,0.8000743507911524,1.0504872770130842,1
0.870212734980606,0.20825626140834153,1.000996470402415,0.4669146229649403,0.5818866906694379,0.5846433414517257,0.21439864678775394,0.7154646414802667,0.8363773236640094,0.8189892997396482,1
0.8414541244977147,0.14859342773702627,0.6380273279038583,0.08509811275525053,0.5276089043932348,0.39091888273124953,0.21024150218327983,0.928343429336027,0.9336368481365172,0.8191940043303925,2
0.6752701054985248,0.5778642306303086,0.6905829729425993,0.92571002780806,0.5435266048652001,0.015619743109017564,0.23384063545409306,0.3553169831156776,0.08336268989034876,0.42505259144306085,3
0.4107701474830321,0.16839834454689262,0.8424658697411853,0.7521736605008017,0.4649721070588455,0.6838329363260072,0.33562909896761584,0.06546859676034766,0.6095248980726088,0.6865168294002405,0
0.1083091884364654,0.8552807255679518,0.8196538820548732,0.80903522161547,0.5322405775071966,0.7820724063901553,0.15705231975826722,0.8359839327492015,0.5785296122990031,0.6047049347214951,3
1.1591438490570087,-0.013532062651382737,0.8351550448963698,0.8436434267641788,0.7981457202198907,-0.3997632207873857,0.09423061738047889,0.6764227257881661,0.2586729912482946,0.9048030534933778,2
0.3057379491166774,0.14017777060413522,1.364938593295854,1.0763356635538566,0.9391951917045194,0.843524625263459,0.9637484855129492,0.5289424591104481,0.16217905467530275,0.06601162127624022,3
0.20736152965084803,0.6467820609254328,0.13712885905508182,0.314609714478253,0.07171967414413147,0.658733595455929,0.723916190296543,0.015551051065486043,0.9912100647815512,0.14414544551394587,1
0.3432586581004563,-0.018324437086693623,0.8063274881324286,0.5359260943941221,0.27411333048768466,0.053777111067174456,0.3334975461669363,0.366048339966781,0.5999627105763485,1.0341976038258724,0
0.877242876099674,0.802765934043862,0.9510421346858238,0.6315482925255251,0.6728374730757535,0.7359860888160479,0.1827539161955416,0.760149699335734,0.7772798144800319,0.536483356649279,0
0.581311938506232,0.6290222767705952,0.29134391522278535,0.5270215429170425,0.8231198516847577,0.990778630667174,0.1005996784068448,0.6423647493793745,0.9652714531845711,0.2572142389115314,0
0.6985572636262017,0.4255261766984457,0.6006869109078198,0.28319914636940136,0.18372147691363133,0.5149450935028804,0.974153638870458,0.4400679108027785,0.7620798408709544,0.8331123425251452,2
0.21996265262565234,0.5264445966206996,0.23788964598569023,-0.017252661434467076,0.07694478641016436,0.8127873352638153,0.7242491958673446,-0.002841027983826294,1.091845353568885,0.36700774331911634,1
0.5454649929262348,0.27510785944001503,0.08662514562736433,0.9816296176979875,0.4277660034747188,0.7770492007388845,0.9877485360980183,0.6662839469616347,0.5123486520092,0.01768836347413419,1
0.8611473610101936,-0.3745116335514367,0.3957882701971266,0.4627554371633468,0.2961649501459074,0.8223268862844728,1.6872230184760508,0.29678095057128,1.12118814203812,0.2911566892185389,0
0.8412473618596861,0.1837560260231367,0.6273261246391177,0.02640559463911587,0.5159896637408959,0.38020251193524146,0.22374393447042668,0.8729187379943852,0.9635459855781623,0.8528375596553436,2
0.1061330166548977,0.8546294317063686,0.816206486899116,0.8126272760858907,0.5341571291135718,0.778224265828646,0.15456140263290408,0.8309773424741562,0.5766498129716935,0.6102987909198974,3
0.14720053371545772,0.8387746005845216,0.9319806932046775,0.575744602702484,0.3967821605171878,0.8778064636933486,0.268542231396053,0.9822474941839573,0.03181155958212944,0.29492479325264376,3
0.857231227429559,0.38750851521796675,0.7771429211381486,0.544099338729241,0.7187665586946624,0.2999273717421503,0.7554264752886294,0.9996229572990698,1.0033592283972101,0.5052322310019692,0
0.3470207349812448,0.20672673245095805,0.5833449623298416,0.6817082216468889,0.11572557393722616,0.5434387527626785,0.362474796339334,0.5234484364324515,0.21749126516961734,0.7660239341509106,3
0.88612414209235,0.872076281725241,0.9183213475164799,0.6554223813287814,0.6510907312130754,0.8635970379484633,0.16832627362329622,0.8068654574007728,0.6435120632296417,0.45502147928109116,0
0.8947236462578589,0.12122711437324664,0.6476826862051485,0.06273150598969238,0.4911084617735894,0.3407605067391525,0.2338334821544744,0.899952204501403,0.9371693898718858,0.8474575665870893,2
0.11038744207810827,0.8578665264029763,0.8218091641864682,0.8110356230099341,0.5302922386934666,0.7784213273175338,0.1569892883706419,0.8364345314627247,0.580466005765083,0.6075305345598756,3
0.5764643152086389,0.8670428898325959,0.06143947269714367,0.4333769352536822,0.6939587786548465,0.8388180967156859,0.5817470705575818,0.8387910776056915,0.059336349031775065,0.3379892432586355,0
0.7063772626192089,0.4765136560855266,0.5414240260801659,0.3973353507977724,0.6648961227225181,0.7022431861952951,0.32249721464432446,1.0739418945679136,-0.1958266659675848,-0.18902811331265157,1
0.908541973881053,0.39215590670890993,0.3693875461322282,0.5039724498165745,0.2254357029214002,1.288637250718191,1.1983746273942177,0.8148244712378577,0.22264455200748917,0.3146800524974919,1
-0.003718006868889492,0.08485177091248793,0.6336117858306425,0.24433032434444502,0.04024178886494843,0.21518657425443632,0.5476701987673274,0.222484990189439,0.6512657326205449,0.7552988983572736,0
0.4563576253455953,0.3444016114599999,1.118347274467049,0.6055217732082167,0.6727948674092366,0.7443377809917403,0.5442392207784997,0.7443729120709637,0.1677242129063327,0.05857029855810664,3
0.9770526625967084,0.21914496170052525,0.36545592171312546,1.0611939419462186,0.6269920467037637,0.3798412269888114,0.9131963649323039,0.5273425919311856,1.0022284560153238,0.5100908775523234,0
0.8947173820069142,0.3727508988233905,0.8379622185642486,0.576815552987156,0.7064283675286946,0.30470235094576176,0.7657701573261001,0.9544077702154476,0.982420321493527,0.5426092019743025,0
0.8395531537536417,0.3321743973211796,0.38342911608473534,1.018388151834179,0.5762403484084733,0.5297790859472712,0.9565973525541039,0.5966150155986796,1.0025612565459405,0.3921234707549758,0
0.5041591859189547,0.49635947257285673,0.2888683781955934,0.6495617810764955,0.8582400273715349,0.8966320699807072,0.05025801346868157,0.683566032323311,1.0041791417384107,0.18906461513612094,0
0.839666963325764,0.543411650996415,0.6269390914595495,0.05986582519682754,0.3376146411305883,0.6404378767390423,0.7026188125709444,0.5457587048151831,0.4136979907494221,0.03928950417938679,1
0.193946143666587,0.8103447284353834,0.8043470564727192,0.6593932616812861,0.7725632678311547,0.9411440154548228,0.9582614032395361,0.4812185814993324,0.8903782767261466,0.9824165244231557,2
0.9095320929261699,0.3471674422883634,1.115646283238564,-0.12067565842448169,0.7405850853547173,0.6134430276469223,0.49687369113116336,0.9038745289293377,0.8918297418805018,0.8115540241640317,0
0.841637447285429,0.18091246949878273,0.6689277251859839,0.1044633694474709,0.5132809865371711,0.3686773660200646,0.19201465629381698,0.9639747763452728,0.9391207148558016,0.8313049254533658,2
0.8541368805976969,0.16929867417295644,0.5903061431710923,0.06577665585324502,0.5186639219758157,0.39249914932687013,0.19325516367462686,0.9609592635973607,0.8965919992635648,0.7863048785236066,2
0.712583572209448,0.6047414765107333,0.26117816868264065,1.1266928798411686,0.6450879194459713,0.9652338308445203,0.3394748680559434,-0.4789107326356492,0.5729764664833835,0.8400007527338973,2
0.8091717299011637,0.13291414946212485,0.6499370189952891,0.07530402688565081,0.5207662485156856,0.34670642374627003,0.24068914651394324,0.938983123285521,0.9813385897591895,0.770192428075891,2
0.823069864217224,0.7633275614457312,0.8757316099482246,0.7008397561846219,0.6523901535645137,0.9407215575923777,0.04945831822968304,0.8443146412917856,0.685602175902896,0.41089785518780736,0
0.3961112032690957,0.087168757412791,0.6529327641937567,0.2090818593452059,0.9753109205906293,-0.03054861621067971,0.6455953051396263,0.8171486550846098,0.7760733448655319,0.1522351987538011,0
0.37879973407383116,0.15980862492669198,0.7007542433668839,0.8436769061531632,0.7222809820220559,0.7802249886590821,0.6133540216750559,0.19262710159497592,0.6097582364337051,0.6964549926732849,3
0.8099751523231131,0.506209483871932,0.7729717583828469,0.29228960256168995,0.8111393020500917,0.5606951478452914,0.7064969936062246,0.8572372902104508,0.6363967830235784,0.761627682677723,0
0.11405628454400195,0.8508150988323563,0.8307830477450854,0.8121046325336526,0.5337335914499888,0.7772649965557475,0.14822146407686282,0.8403940339128854,0.5776752667148618,0.6027206211198397,3
-0.0760597974737991,1.3717620724724244,1.4996671936220944,-0.05868669037704066,-0.07286538180661589,1.2809632946274019,1.6283583985767236,0.9968963295535093,1.4570048102478745,1.4687217451857513,2
0.19789999602491243,1.0156141752865804,0.3385791118565824,-0.013120694489739002,0.24741240533982878,0.9502233098963825,0.43987032614719407,0.31637025582882883,0.785266036246293,0.5158494362966771,1
0.15188752941639527,0.16133490448508148,0.3077207229834033,0.7160259228471336,0.8353419745283566,0.27499346205759345,0.40345468403048573,0.8535626056158817,0.6021090635991556,0.3330178126865927,3
0.9807237499635563,1.1124101415493972,1.246969772067045,0.5684302686835216,0.7549164007894114,0.2328497013315294,0.06181550141036907,0.4447159247682995,0.46661221966908584,-0.07831123571456247,1
0.8002279427085608,0.85921552941502,0.9434388631120827,0.6608100607805466,0.5822361627313992,0.85592751892005,0.1872392361259851,0.6917388248662963,0.6048644693524122,0.5599706193467253,0
0.8923170862611189,0.4098988245177988,0.7722538178336686,0.5885709173577856,0.7426152519339979,0.2576935008864308,0.7581198839108556,0.9500369432368123,1.0176723280894115,0.5018745830242368,0
0.29094881754212315,0.8023970793426385,0.30005062775463265,0.48657783979868663,0.9345196409110621,0.42531511837384284,0.7974231255988293,0.9745549807767976,0.3821680317646068,1.380400647320327,1
0.7623678952262688,0.4962125011364369,0.7234128442330027,0.1408176994013296,0.5270929209610904,0.7511272899511487,0.5573536427708945,1.0807137769869914,0.37088463500141333,0.14108019747740158,1
0.46527839753508404,0.5449269427776744,0.22293719378323093,0.6462983236560483,0.7921238762262838,0.9287503315401531,0.02156997691295176,0.6541954055975114,0.9794766504258409,0.16585881374009737,0
0.41657729131791865,0.06846967164573062,0.9400614035088892,0.7532883687110036,0.3786020236241221,0.6308289299656025,0.2561636289215568,0.12147879743238328,0.7197842237192588,0.6106645537896441,0
0.1282357481656987,0.18925716694288713,0.28363535532739587,0.7312977785104915,0.8719513499924112,0.25729051109745515,0.43877339820755074,0.8310557529979483,0.6411183899447414,0.2842431857814638,3
0.2350308308362792,0.9035116270242072,0.4310293927471558,0.7353077778255628,0.9466572926344501,0.27075282407378987,0.8940284819412051,0.8788193066711133,0.33281696569223745,0.31210781653201985,2
0.3127768761917553,0.21228640737848653,0.6044914415968446,0.9158995224489445,0.7719866573243396,0.8542889412117094,0.5551843434960024,0.21905898704541152,0.5465710994452633,0.7228324930957719,3
0.3264284568988496,0.09668121571326958,0.3154336977672475,0.0959974489467176,0.31607889326635147,0.6354003017315403,0.656767665420818,0.17097316199137524,0.7575857029085382,0.6058596799069427,0
0.3076813046320474,0.39749496894935454,0.13540591162531396,0.318415784487347,0.6542067134985139,0.6659565227194117,0.16166848448339924,0.7578845623389717,1.0772473524334247,0.3145767930191417,2
0.8683770099996814,0.6876300061018349,0.8820958035632207,0.8235604987544852,0.46897995910464824,0.883940616792323,0.22537060233686695,0.7699634752837496,0.4884388651503505,0.3505968515241123,0
0.4812668912050148,0.4712366354748311,0.1467703183821364,0.5023386321615458,0.7314208487622628,0.9178272445578406,0.12972625979738994,0.5868495489578572,0.9647965549950416,0.05190530616639891,0
0.21480172881943962,0.7501491864462182,0.2886400794189644,0.7091609372576555,0.7871943139154408,0.26526024441387547,0.9664878827899216,0.1860453244982167,0.48686740902815206,0.8756003461128571,0
0.545245418010925,0.7342414903891963,1.017779644523418,0.8705987433356416,0.36977307197720066,0.15399869223846988,0.30232076675756536,0.7616642587940656,0.07515284180733407,0.1627240926101478,3
0.8898046993081767,0.3567963154153505,0.8624176696737749,0.5663601018273274,0.7118399945896062,0.34216062861091023,0.7590186987017817,1.0182549020286031,1.0213471135425112,0.5637572485391587,0
0.8839181515263249,0.6278826264696743,0.4739085898136864,0.009318367483645208,0.7591193003623786,-0.06718902677603249,0.6213859707883279,0.8918389919629504,0.575911968181682,0.5800378657585123,1
0.9746384428039035,0.37187268181218625,1.193209503427438,0.6814278371224712,0.312491060496047,0.571760777872945,0.6967004027070179,0.48104854616344633,0.5217161361124778,0.15907011160326653,0
0.04669204384451746,0.07595661981216531,0.6774487963130721,0.21308671003667684,0.06933970741278839,0.26174235439263493,0.5623481004231743,0.28014452069801865,0.7168528034025727,0.7121576777908929,0
0.2913275885066798,0.02086543305092564,0.27950983203546875,0.011972531890998783,0.22710471781965663,0.5244458424887567,0.675947535780594,0.12736720827948406,0.6484857578025458,0.5906666854572176,0
0.9338713875022416,0.35041069343146736,0.4286713858360144,0.9818754716370398,0.6283787067854065,0.5219338984463738,1.0119642281901562,0.6033251430403997,0.9249623890621897,0.40978736055993226,0
0.3514770571633687,0.21377469732806864,0.2619543597236259,0.8001065723139958,0.2056443037417934,0.27278722751047013,1.0330768946630537,0.013987814709679875,0.8661003601210665,0.21165759099790346,3
0.8437335383220995,0.41367742059129753,0.8223991666873856,0.5666057218538623,0.7236167630169293,0.28322860941418226,0.7044807317125237,0.9891811751769283,0.9705156814025045,0.5432315647269859,0
0.047533225862264245,0.8760703451976103,0.9632403089469204,0.36468244121541415,0.08452602939827382,0.3354761246872278,0.7593174318847248,0.9072630741534246,0.6871765176438955,0.19855904953106024,3
0.3038547098124007,0.8497443095075048,0.3925677256450111,0.7955070657125091,0.8665609320842454,0.28858435126716664,0.8885511556356634,0.9541641756089789,0.23918443564798736,0.4103371263068184,2
0.4469531747361096,0.5296599825189294,0.1513998867684551,0.6724004235874042,0.8444282403145773,0.9216394958840638,0.04393486816781436,0.5922327349805129,1.070865396671833,0.14030936991058288,0
0.1274422058887049,0.18579244204511838,0.2826294911634167,0.7278192362611269,0.8740601988662413,0.2562419466974026,0.44203793063807173,0.8262945197600124,0.6404931664074497,0.28508434669105626,3
0.15918553722016351,0.7044292764604169,0.0911377180119558,0.1820052160272686,0.12936509296814824,0.41216650670417637,0.7189612021049907,0.02694880244886516,0.9162718041294189,-0.03140363234012805,1
0.8881748499749831,0.4173158926749945,0.3755514458166953,0.8464664426606967,0.7455125439839293,0.5334265009588435,0.9047858325543332,0.6064085799329514,0.7949074904057426,0.5961883201153065,0
0.11752417880579329,0.4704300674132733,0.31047512397151705,0.9505189192829384,0.5964968247772391,0.7799356301297173,0.35733875724572667,0.07493242512432866,0.17122470069290194,0.05559684939813062,1
0.3363608645052938,0.6321140844495176,0.24614687772037933,0.5443281084242875,0.7191245730562716,1.0481195708929485,0.11045105879911694,0.6116706576918353,1.1114966787181029,0.11049554489367985,0
0.760108251787515,0.638948188915107,0.7225512357985955,0.3966403309465039,0.9342451350281624,0.5619582031035137,0.5906265198340143,0.764065167997392,0.51606632776929,0.6294248838677329,0
-0.03013141597758963,0.1920619485241153,0.26843806720809527,0.06462427289534914,0.9817202195600009,0.32621295933246164,0.13059506758529976,0.700354865163373,0.6392274655058697,0.5921401346436856,2
0.5317857351048013,0.7981169820734317,0.5372597460792241,0.3492389039695684,0.45027424008648154,0.8013214522831962,0.15837465278680732,0.8075644193046714,0.3406892005752731,0.37388515697733243,2
0.7736187161326136,0.7558334175780608,0.9337697345504622,0.6950515347555177,0.6320199055610789,0.8182506453576293,0.03359776374007685,0.7435230777848356,0.7285003312995304,0.4609545722338211,0
0.4469496724600809,0.6572340220072245,0.8318198688361427,0.9602971499629261,0.18286094307247408,0.1931179390545388,0.2929618601732668,0.6564663372346257,0.13956226417170534,0.20859699536725979,3
0.14946975210879826,1.0282030394460466,1.21794444929417,0.6433056082300543,1.0934929464735452,0.6839768987634178,1.023328729679445,0.411243958165038,0.6996816770769172,0.7095465628301701,2
0.23866056142801984,0.8811896017843223,1.244531802394636,0.5195720124616178,1.0130660034527295,0.7400448745183932,0.7304456664716938,0.7432801267442314,0.9899682593898509,0.8499231590826399,2
0.1477337577146739,0.2001016364338617,0.26276139496613443,0.7326083396686927,0.8616086799087004,0.2645082514202554,0.465408235475938,0.8496185504420036,0.6338962844466868,0.29139149879284426,3
0.5818403364090421,0.7381094447135887,0.5339812103916673,0.5889610729047317,0.9266746207859429,0.8123792346522563,0.25393841323943395,0.7354337272449187,0.06957849912747038,0.4794141548095545,2
0.5865293676666407,-0.009080865294430529,0.8674196355061331,0.9567896454294235,0.4563742295983299,0.7253918943073487,0.21028558804276698,0.1245596769028183,0.5086300269917149,0.6215115211737599,0
0.646263488284281,1.0823289926211004,1.0963016289697336,0.3689566214866433,0.4200411257382103,0.5433062341477074,0.05671963504786598,1.0939066352124396,0.2210380826995621,-0.10478448157603476,1
0.8661078993444185,0.013869939153596812,0.382999565789497,0.16971494011697275,0.2961561901407416,1.0387496910183511,-0.007675618370938608,0.38325605861990963,0.4179056335365826,1.0642432469404624,0
0.11274319806178242,0.21383392742028737,0.34376359989160155,0.7069388901595357,0.8600344280223862,0.30235263736908913,0.43583202544137256,0.8312671774486307,0.6699731179355234,0.27174378160825763,3
0.4593076435018394,0.3598018004020686,0.5495197488852981,0.34047361577608565,-0.6072746795717703,0.4648663189783332,0.7962303806176536,0.1022148953178843,0.4748442854334507,-0.02539384024965649,0
0.406749712940949,0.19387749771501023,0.30446624773399417,0.7397531259573243,0.2508339253291665,0.3148878747363351,0.9784730994242206,0.04077512508685012,0.7943676584153745,0.19262247491022308,3
0.5665964998066045,0.4631128600004796,0.8109021355608407,0.5715148918734344,0.5718891211548278,0.7269983555294568,0.7032641213238428,0.49757730263414046,0.28598941616998524,0.4272503315071104,3
0.535449819072234,0.7997907353697835,0.5337178920308071,0.35428263461556136,0.44320470801134393,0.787025711090739,0.17020679825908203,0.8147184281937098,0.3558034262071016,0.38380511081372515,2
1.1569666650475807,0.948509155871696,-0.021883087548729918,0.2003502378806706,1.1009930942044792,0.028829419386605864,0.5076949164725756,0.39467939575736133,0.9974302654176069,1.1223185353138039,1
0.8809369656140824,0.38667759559573045,0.7923054407844492,0.5779989231507165,0.7115971386908576,0.2711671093109152,0.7234062277777246,0.9736853082535357,0.991218069596999,0.5333542511585097,0
0.869674388126716,0.5687239463204752,0.6749534211902982,0.22789622933114345,0.621802532250576,0.8887919044415603,0.5068148326329066,0.9972847860054324,0.2545595394572709,0.20671280302575418,1
0.8223602338043539,0.4129006015956538,0.29019746933647217,-0.07042241385680459,0.6451777230202056,-0.1678753039298093,0.8578773563947572,0.9923643597813362,0.5719844136433837,0.8794490103673711,1
0.3347468917877748,0.0340453328310502,0.6642740060948364,0.24405496084610062,0.9860393280430766,-0.014484981606244385,0.6069517124465925,0.8344208689646652,0.7799403785587846,0.13016171510638652,0
0.7967054662177726,0.12276018801236113,0.9593842891655779,0.34151643029187323,0.5380626778888039,0.5704575420355416,0.13525711948484626,0.7061571728358792,0.9154488668268277,0.6934934604854142,1
0.03779075679403565,0.3816274652585395,0.263526591828922,0.19447464528938177,0.8902317856494449,0.43196758239604344,1.1780419329368335,0.4113432221268044,0.3317427329312852,0.8024871876943447,2
0.12625591486959636,0.8576469599944954,0.8218891390175208,0.8187494589090529,0.5461502501944694,0.7855252698306046,0.14596421881994992,0.8299971953446784,0.5849477737055069,0.617780910362086,3
0.20105243435008638,0.7478481388472891,0.5299112242197855,0.6030868066740006,0.17495768570963444,0.8244303448659216,0.503212770794833,0.7332386025265436,0.10256356160879342,0.7205969301043319,1
1.0651474799355019,0.4177032139643898,0.4728725559868331,1.099868547337257,0.7156186044699769,0.44736112880330403,0.8766710220366775,0.6904797413384723,1.031051850319903,0.5786835029283562,0
0.9140434632937656,0.8861124950868534,0.8896222313861276,0.7183717475952537,0.5395164666799621,0.8362381670253716,0.11182749806726747,0.7088184396933568,0.7510691551073126,0.5509754924023383,0
1.0221467194267764,0.9103553904443382,0.8818119824348385,-0.40044786133326316,0.26076999009091956,1.3369683085217534,0.4997113949845584,0.6435678691516689,0.6157259084162288,0.7248176200487162,1
-0.23772364914023397,0.5522984728796473,-0.13352236794395328,0.7186142565926055,-0.08606068294364827,0.4185739050917819,-0.07344455237232828,-0.0724752570284315,0.24624626425806398,1.015208349984702,1
0.1461135172239417,0.4943871409907371,0.337969609602264,0.9479010790763837,0.6225766960624127,0.762170624763863,0.37916284045800835,0.10825001428248004,0.17313229844817393,0.03579659313445194,1
0.6223848236729398,0.3870674335990216,1.1132619673759336,0.39700899026888,0.09035195520769222,0.16353086637807482,0.6694795342842187,0.6295203045477556,0.3962316407522999,0.327500545693854,0
0.4285295818997773,0.24485086408477139,0.35682700900031455,0.7680519735007693,0.2777450928833679,0.8120647951048985,0.2063752939026074,0.29879139960446743,0.6653304930640758,0.5229113251931807,0
0.16507740275226748,0.14696526531640963,0.46744536905197825,0.8704943837673836,0.9202221466903376,0.9299017480452407,0.5510601303367818,0.23586679497558233,0.53337744716506,0.558768723132427,3
1.0814688457376636,0.4958251887652233,0.7410555833436966,0.3207928122859644,1.174588415561436,0.2298644707155528,0.7049701688095199,0.8770579131995246,0.6326113865858011,0.39894576976253815,0
0.42965989357610457,0.47411604363336773,0.19764079095365142,0.7012108536037122,0.7780185673226149,0.9918943291473786,-0.015616446961299171,0.674496473563921,0.9158392362285226,0.15199861720747157,0
0.9746643086424333,0.32512529810060076,0.46858278848660895,1.0030619687560924,0.567579454279786,0.5153722265027345,1.0046206781784914,0.6648928322305623,1.0285225748714983,0.34964876643792664,0
0.12048200063744788,0.8960494848793028,0.8558070907052068,0.5733726835724297,0.44903064567226963,0.9051694829118355,0.20492283438633413,0.9694987547872426,0.0007660950816530329,0.2167395622183964,3
0.8316445763238922,-0.010091728659090471,0.01442045563001082,-0.4343136517024295,0.31027661128091744,1.013779106504014,1.1038345149104412,0.15362479608144441,0.1375347824810842,0.30563220616512987,2
0.49670952151860814,0.708330358931151,0.7619891526853435,0.896556703670957,0.608629342431716,0.41365495242676853,0.5134672523659058,0.32177070287941545,0.22707974517292276,0.152293621889739,1
-0.21837258610102395,0.8641460652883115,0.8070928899568461,0.9270044104666522,0.5245068790868452,0.6506059474912059,1.179521662462289,0.15289473391440628,0.9985793183381362,0.5954233269940448,2
0.25281124887970463,0.8840838391500238,0.4060761845463977,0.9269750614508835,0.7142177248904783,0.28271616443061537,0.81053733961559,0.8298601199244435,0.3027790307511112,0.23782974769341636,2
0.20539597147397612,0.2206981705989898,0.8601515146693426,0.17624163394625875,0.7953778433726467,0.05662040580403486,0.7804919596647488,0.07356069297398687,0.26859857683155663,0.7503738214867038,0
0.027678521433556588,0.6236626691341155,0.1695748381052253,0.9578803677243798,0.03612674455621681,0.3785400512106943,0.24825944254382257,0.23019367848997146,0.48765403501987353,0.895734952827183,1
0.5339246338471155,0.8041144366285048,0.5339232630989497,0.3604891117715064,0.4389317915775955,0.7881260176424433,0.1628924703391514,0.8152648676512905,0.349593051703779,0.38900358192305734,2
0.28848757204265185,0.8953282509146283,0.3837965012042779,0.9789306875306657,0.46012525564465345,0.33468055279855735,0.7127367044273625,0.11765252184794861,0.3869424659577282,0.9558442164815144,0
0.554936623021821,0.5184116564305739,0.904276348858646,0.6374679575425408,0.13186330171085575,-0.16822325711968644,0.3705067933222185,1.2572897332878585,0.4870440070051325,0.4290955963774943,2
0.1345515300945539,0.5543779126780211,-0.26577234150506646,0.3020150769559065,0.17656568532968278,0.28040814660354174,0.8956232049925961,0.036048624832689016,0.9095632471601326,-0.15044749975843932,1
0.38815526030095754,0.9352069773357548,0.32208127757207805,0.49642229621763256,0.1968500370851228,0.2158797316710198,0.05705429429807641,0.3873283173174197,0.8967336963717615,0.9372921845780204,0
0.9132676108070757,0.25728103732591895,0.9152999281929054,0.43886764809638557,0.5336603707656867,0.6582642700316693,0.18281036170024845,0.720763554892543,0.8261999475686974,0.8468186742536541,1
1.0244803846130255,0.32653238679880847,0.7998962527854402,0.08166210415547966,1.0588429669972297,0.29039431529847304,0.7572100468847285,0.984042828156727,0.6385641464483658,0.5890171637455016,0
0.2908646402983521,1.013376679478931,1.3285874094865926,1.2974033410722254,0.2656057931084871,0.10514749791994873,0.35105305385783925,1.1200172625143487,0.4123905892159746,-0.09658572427688095,3
0.16770445829393274,0.8917726582038172,0.4639638464607389,0.8810132503080302,0.7817876803820898,0.29329596901990107,0.9510901658534249,0.8169846911816212,0.2271903210508781,0.29374783840086427,2
0.8833242551377557,0.8209190621674206,0.8887057034917465,0.6690187128890213,0.6197537048771823,0.8315806424714719,0.13834789707801146,0.7759225287732906,0.702858216715952,0.49902415704818864,0
0.543803866370042,0.2700372711468049,0.0910648094471088,0.982909779403677,0.4314154954577667,0.7760424276802116,0.9845943640060479,0.6673710790619727,0.5156354991349085,0.025134180795912304,1
0.8849296271432308,0.7848514048670382,0.8866327062127533,0.6183379392345301,0.6040388955176722,0.7490194663712596,0.05477750988754071,0.7890635535753152,0.6201291200698164,0.4492906368552638,0
0.10717679016988452,0.855355864027574,0.8177297191881358,0.8115809936544975,0.5358376773053336,0.7795140916819318,0.15611494073211657,0.8349464799254416,0.5751082129017138,0.6093245056893941,3
0.914307341810392,0.6987005972482988,0.9076019047748458,0.2657962644437757,0.6907740382002561,0.5755931156570384,0.3579233551735288,0.5142078675938837,0.3698087839659704,0.6161673838863925,2
-0.37444623148631123,0.22087568625440462,0.3675952604449815,0.394623220124964,0.7180658418210084,0.7289856751282215,0.9358734830274964,0.08710259659698122,-0.02623447803409157,0.7984969713822914,2
0.5297460041596468,0.7970458369894806,0.5253323838628299,0.3562732303201401,0.44097715957165945,0.7909979549509023,0.15774293513299487,0.8179263656554471,0.3589519172350023,0.39071096712464887,2
0.8300094823005205,0.8577602885171086,0.9888865084476797,0.7486823632191386,0.557636536748281,0.8148341512487604,0.0712214914482052,0.6228196480068702,0.628891883496584,0.38476634842795265,0
0.7922137640247157,0.15331911386388478,0.500245960377766,0.606397389149689,0.192620180874502,0.07578174670962512,0.30602688983543697,0.8751774549294716,0.5560178031295809,0.6689643583450495,2
0.3032355632289742,0.15157310560707374,0.6367456209697491,0.8763369685778051,0.7529798440429346,0.8584368679985489,0.5619100234575898,0.20774353203818025,0.5285015280266365,0.7373331337632489,3
0.1103808074078311,0.8561513229313646,0.8202454201270977,0.8102747790289976,0.5324255834193894,0.7793459973838404,0.15525623103519226,0.835571486762356,0.5783655591229798,0.6066188452813074,3
0.029562471920138993,0.49701996700751955,0.8217203699426434,-0.2851144197761703,1.4608266387107784,0.3614981741223384,0.5528014812114589,0.27195802678320025,0.038937416598047586,0.9060954666926944,2
0.7689182228994977,0.25562632538425156,0.6129014252856929,-0.07200507454422211,0.27768256915981215,0.6083226262783483,0.890245869597786,0.7129431663182083,0.5271015112310617,0.7253801277144363,2
0.016000761074927705,0.09438090009578412,0.6440223651313605,0.26457426068928563,0.045300461978388565,0.2041338977951483,0.5550478922550366,0.22397748038080514,0.6659057642821516,0.7823093027442078,0
0.029902577756049358,0.13744177710422276,0.6407077058921632,0.24234015758163202,0.034355805491149055,0.19665657631931455,0.5846278515598913,0.25750477075618666,0.6735983616297087,0.751696206972091,0
0.5041255730497787,0.8583788206095881,0.6563051162279048,1.1539598124783517,0.3496479665827614,0.3134173967350873,0.4343372771247226,0.6396864711831517,0.0390843799029196,0.17341715079545106,3
1.1358668932196714,0.44345146394048085,0.936221030154183,0.11330917961407164,1.0071649041153612,0.583553319064642,0.5181348941566697,0.8442995231216368,0.5662117320568731,0.5749143864951964,0
0.8212740931477485,0.2245814588341282,1.0262133829851863,0.37893201819639927,0.47856761435092116,0.6611921594849101,0.23490392025387793,0.6168227890452007,0.9159958628573972,0.9009789611807701,1
0.8465653211593305,0.14698360788778037,0.6227434236085646,0.11333012024395109,0.5316357904397948,0.3660802892753343,0.22356569236519153,0.9561918190380067,0.9082876270384205,0.84212309901136,2
0.805318609133735,0.12038427666245947,0.6507091878995847,0.11650985877890593,0.5674162825648377,0.3820928438636945,0.19863983377080663,0.9494939408201786,0.9077202686838001,0.8134559268027298,2
0.21265121995779634,0.13324865206133418,0.29682580786503987,0.7128566997723269,0.900273818022103,0.3474552600546705,0.47811084171728785,0.7817568598687082,0.601219817736255,0.3551403757301505,3
0.9606567782228822,0.2395420540826572,0.9308499611445308,0.4028427513485435,0.5728814129861081,0.696867536112828,0.2589830504342444,0.7081902166571805,0.8853457873064039,0.8684753686712269,1
0.5466541045484052,0.2735909500148625,0.09302368276491747,0.9551851132193553,0.41376529245395977,0.7860751809074855,1.003253019994947,0.6384883549130957,0.4985257925594198,0.04652095612948985,1
-0.02518771575408792,0.11964356977357632,0.6333247594360353,0.2600615675943675,0.032164818611039626,0.21237698951937145,0.5616764207085232,0.26027992959422913,0.6482807314403366,0.7602289012834426,0
0.6523779576110023,0.3925655657313626,0.47295398653442,0.6130068245700663,0.3381622707924065,0.18219889154056945,0.06269121200847144,1.0154531000110316,0.6474965167928081,0.6384156608275073,2
0.7905046505882022,0.482226936241473,0.7085291610520239,0.37417144034564964,0.7141739031380283,0.9569929336347345,0.3965585031047711,0.8749566819435692,1.1577389966920073,1.0208310757598758,1
0.17184367178373192,0.18831086642470765,0.813665549300776,0.18068828184096522,0.7675151862174595,0.09897158924898715,0.7521810816627238,0.063702267621146,0.29370622095426346,0.769674092670617,0
0.3646668890271158,0.5733340121749514,0.950249299049527,0.8002919093509997,-0.08205479323779177,1.0535993566301673,0.04809810566516434,0.1936343903923607,0.3356179785431452,0.4180838270074519,3
0.6342649794114528,0.7935275881148693,1.3950444136114308,0.771012935890378,0.7711966787708503,-0.23909096938631236,0.32820087015630645,-0.04796830593386703,-0.04274357068880802,-0.46079591599445613,0
0.9945417676448824,0.38105837814951754,0.8914663213130928,0.3545544807205623,0.5324811021923505,0.7030607338600359,0.2218471607422334,0.5922701265590459,0.7830577239940455,0.7424404687164838,1
0.10554387910096523,0.6655366992618198,-0.006677959795712889,0.28389799017915973,0.016955733387113828,0.565772590658594,0.7530809126501284,0.21249673922187937,0.9678602646281866,-0.013632402367756473,1
-0.00047909020536943125,0.8485582935250766,0.8416456537133286,0.7048935364187052,0.5667886232967674,0.7829680447575115,0.29458071221895465,0.8829807892356459,0.14078344694472703,0.17756320905508632,3
-0.021393116154083378,0.1269584732424893,0.6196113971875353,0.28433675216379356,0.010879555296388461,0.21941780288767992,0.5676960331542976,0.242050959573658,0.6561750308635073,0.7866066454628486,0
0.5432816203941085,0.2705989530508607,0.09702489562862535,0.9731572028962298,0.41866475547692555,0.7949059308693982,0.9766877791202981,0.6837066491239961,0.5041881930918142,0.0019511421355254445,1
0.8410150401887193,0.21588097963920327,0.3470056154247416,0.973616055339017,0.6811776070791304,0.4328014948794381,0.9575156393285659,0.621707246960409,1.055312883545427,0.32596385403273526,0
0.9421410323844458,0.5407935278037795,-0.1787637587081795,-0.3502051425391197,0.37447133506440794,0.9766925680290802,0.796829700262093,0.43752714506018986,0.0009830060514268157,0.7692121868031582,1
0.717875297146465,0.8680607863596781,-0.05807946612001316,0.4878636130067499,0.36838682780448817,0.48319944525923886,0.7609195229394752,0.268320795421841,0.6080968981809449,0.20460613484803256,0
0.9978685138158203,0.7022687255945769,0.4923130856224026,0.1269433083106092,0.396551117332152,0.8098499650681596,0.6356267334193028,0.556766645498743,0.2980592126392768,0.1083485587961359,1
0.7959089021591123,0.4319204767212606,0.43123762266606036,0.16452503554619852,0.8518402479601161,1.0262667243446102,0.23528867156403022,0.8457119856951592,0.24021544647051934,0.5535501378687812,0
0.0021765140786505766,0.868124523735486,1.1000726089072914,0.6776291915478406,0.6470974612873643,1.1091793891112256,-0.09698002246559911,0.8702981372077792,0.16073166557935933,-0.06983718856078608,3
0.03879256841843188,0.6493116161459486,0.1460318362733279,0.9315363479586329,0.011952503258248853,0.3650105358726665,0.2508514564042241,0.2611051138816708,0.4680655172666012,0.8772153090769509,1
0.9879168797157293,0.6802338603282292,0.3971447554884058,-0.04490387501210796,0.3773269892356722,0.9187604710181393,0.8152018678933135,0.43967957162435634,0.3567244857084381,0.16709529377015758,1
0.3972223414978064,0.7898869270491666,0.3634623857766998,0.8426735538633031,0.9304291127715862,0.22615920508536252,0.8979119574279685,0.955894641801234,0.19688807309787903,0.34891114557315156,2
0.11430813369264284,0.8525047182291484,0.815293284210231,0.8088743774535742,0.5321809598618619,0.7797992673077444,0.15521471543280385,0.8318176801030202,0.5791696647335518,0.6083225498429734,3
0.16087663836000984,0.5512572114354267,0.014091107380316263,0.25666727267991396,0.08648867957622532,0.4854111639631087,0.7111468449578059,0.18144952794536343,0.9345401278400209,0.011784602822979499,1
-0.004585906970340111,0.11910875977206849,0.6272150397984295,0.29142029309848244,0.02632074683493224,0.22343180633081355,0.5735797617174767,0.23889241388908203,0.6760314071977306,0.775401416263122,0
0.0829618948962659,0.5575959120972237,0.3709292262334531,0.18462217417688498,0.8793665824217941,0.4689065202582676,1.0502535491240539,0.3971162427415789,0.27979413897121824,0.5604935850793782,2
0.8064912553574101,0.8860956918719255,0.336897661312658,0.1551575117265776,0.3300833583683674,0.99874558725087,0.5341117999628411,0.8189032894956862,0.5003246809314059,-0.16922772466522118,1
0.17661357856675808,0.2047842746228628,0.8471626339645213,0.17286715300367345,0.7666470236384696,0.10409498211037295,0.7797309363462519,0.06088032056457668,0.2983312279300138,0.74181321295564,0
1.112210330353416,0.5794535006925917,0.8568509886881368,0.17007112964988416,0.8406363058586785,0.5278029654749254,0.9103414312958334,0.9995680994234799,0.7070990975400624,0.8032631090770137,0
0.4056424977246358,0.6131891817781858,0.8312975583455164,0.882587652093496,0.07016194722168842,0.1695849731945746,0.28918857216878174,0.5312224027643624,0.023072498649867712,0.23061441839258895,3
0.6064978256369216,0.8084423066753866,1.003451207112141,-0.14536749724569548,0.590875424409475,0.744350976170129,0.7380207966827653,0.6816964302476418,0.17833892696422488,0.42213243376956594,1
0.9560819566381861,0.30920568464590253,0.4864053907402804,0.8914006698583918,0.6105660427856562,0.5397656028777216,0.9044467257548333,0.5391799204016264,0.8645365623792312,0.3407887631483529,0
0.3369106718093422,0.741563627051884,0.13688902252586607,0.7457735758528548,0.19049988379786564,0.5198234382826987,-0.06402967538887783,-0.03428995929574713,0.39293531722368646,1.0575707589960095,1
1.3029166667425076,0.4429322278332552,0.9868916671327667,0.47056152664947987,0.6447739643968434,0.12016054041301011,0.6072848545031179,0.428769058939857,0.9304853717734125,0.15475938102898146,0
0.7864239262583732,0.3521152550513416,0.7244758511364702,0.0530449798629474,0.8910239714091854,0.49534827895072786,0.6505528410683317,0.8981613249403022,0.7032734466550522,0.4450394984595119,0
0.7109926764517229,0.5975155390799208,0.9062535486851162,0.21425227580618889,0.24433617889337209,0.3001343136607874,0.7654319004721213,0.6827970469979326,0.26059009711033876,0.11317422879981377,0
0.8736380783941564,0.4859817341033496,0.6819830773074105,0.6001530422808763,0.5410313656969914,0.4907591335060978,0.4095381145287704,0.9525409697483215,1.0977856277135727,1.0013988439873904,1
-0.3284299931940865,1.3188028793557616,0.06696040920159602,0.9313322916211109,-0.06327099721017425,1.0076469286255998,0.6319861829637321,0.4107881421528445,0.9147175258954053,0.5372461468622056,1
0.2882336173379711,0.8666908338840631,0.38555162732992765,0.7816954014357417,0.8709958066018602,0.2317001721985404,0.7909877086483088,1.0438247296600467,0.14119812023789585,0.2860377053252766,2
1.0774306489809276,0.382336358765081,0.8491656760352981,0.49681200586103097,0.44956812090094345,0.8429929985232612,0.2791581166057671,0.7613382616498607,0.8172358455366627,0.9055188945164713,1
0.17360857456534015,0.02262127982341286,0.7979891992074236,0.1329832951870046,0.9271242534267405,-0.2275446962916701,0.8469482835940518,0.5604490711925916,0.5942153875516274,-0.05059684012474394,0
0.9160046396060294,0.6628783342714589,0.779404165657043,0.2933733223804627,0.6343530582842333,0.606836124518818,0.45308240248704046,0.5224087749677281,0.32888081712448086,0.6258013694844599,2
0.09163913713396697,0.968598394127837,0.8323182321377762,0.313848220906478,0.07633769368948351,0.40323325410983035,0.7535287424718482,1.0238973690555233,0.7630770947985756,0.06739019242798228,3
0.14976451349449565,0.6013162754989253,0.035421436697302564,0.24342461330342666,0.0806821818926591,0.5180475176927141,0.6972189702284823,0.14348355420572317,0.9905771941777809,0.04913138650919064,1
0.90955842760767,0.269063138068639,0.9313769285463545,0.43458550161092835,0.525861454524991,0.6627922768048202,0.1975930799010982,0.6898887690674399,0.8620727087653431,0.8409096199937884,1
0.9018024935490196,0.8551747581967171,0.7989481098999535,0.5841912057418036,0.5485333037065154,0.8440993107061959,0.1013764915227793,0.8238202868893523,0.590641240260148,0.5392767652254244,0
0.009049735057087532,0.7743416227083293,0.18838237096921093,0.8646687301513317,0.3078263795756777,-0.03909632287112111,0.8820302053213007,0.22276593477682313,0.3456437154124801,0.6357121340153136,0
0.10971341703637287,0.8529032254244074,0.8184212132270868,0.8093067811548418,0.5298767503638032,0.7840164384644085,0.15621246291862176,0.8372080271284406,0.5812160323757621,0.6111509453644001,3
0.15834998460904778,0.5972199053510767,0.04111964216551732,0.24903642591721611,0.08799552522268884,0.5109575733751076,0.6987231594735179,0.15190142400347612,0.9813808980652982,0.0372699482575626,1
0.08419953495493174,0.2693430685498831,0.3529039677394825,0.238916622809158,0.9784468665182576,0.5502449709269895,0.2499171221125275,0.8925240295743101,0.8575759670946352,0.5449009180842781,2
0.4942264480481733,0.031499335642646814,0.9435976882084844,0.8768779584262345,0.44023764187703407,0.7457652470329739,0.228892973813814,0.10554916764256277,0.6301532871799554,0.6272660965545985,0
0.014587194238857293,0.8785989669243878,0.9055203292060223,0.31993528609850713,0.10274539254566606,0.35431040441392475,0.8067601515618384,0.9498793139790311,0.7623940940010522,0.1531445355226747,3
1.1841871391356968,0.8350388070025465,0.6937030938671536,0.19523369161038281,0.37333426044183937,0.8674506563664259,0.6012762645109058,0.3571076704738624,0.45195576092830037,0.20900878896867015,1
0.1110312008719465,0.8530995175751314,0.8190572499545256,0.8078418381963228,0.5346767029540156,0.7788372426246079,0.15381717753572582,0.8361278058166325,0.5801341055173637,0.609141350081303,3
0.02369622401287519,-0.050616664296619054,0.7359206640542537,0.13752112475737777,0.8897397896663284,-0.27449588132155994,0.15369269933273805,1.3010787051445607,0.2974778400567749,0.12771302498936588,0
0.5453115905574387,-0.13718387678493207,0.6180622164048932,0.46825500834468026,0.7690019274413875,0.25295423769876546,0.4541801131915002,0.6668843646198169,0.8713254679795158,0.2470355522290129,0
0.2821659559708889,0.6213003134076085,0.8550435094443986,0.9014947505364472,0.5262658248909464,0.3018604400032726,0.25819135909513713,0.23257793798067705,0.32877287138412786,0.2899629172947269,1
0.445400331282794,0.04197643142743711,0.986833878017525,0.8430459664364409,0.473527986986798,0.7373529900587018,0.26291944247969495,0.11799083583571213,0.6028900912061557,0.6495963864651665,0
0.8420416032988429,0.14793698821337906,0.6525058927447597,0.07981023639596253,0.5200877867625681,0.3945539873359381,0.21678114380881155,0.9267097648398364,0.9319210569476273,0.8112024979857915,2
0.18535869989478676,0.9572223841843717,0.39997319044030133,0.6641992668703047,0.7561844212626698,0.13855993266164174,0.7303958768461762,0.2984267215846519,0.3174576237129721,0.7028598065338074,0
0.3855155866225466,0.2091201147439946,0.304490952957988,0.7621301997971117,0.2535160766448234,0.3457611074285928,0.9251637382215794,0.06681496360058942,0.827696616170664,0.1906948558935485,3
0.4730397228132036,0.3222838677469002,0.3387108974480471,0.14479417486889645,0.23853451900892142,0.6450800731103955,0.7706277164106703,0.28767675057114167,0.448628260603409,0.6257113018844624,0
0.7519772447125495,-0.2088613781236005,0.3424542592102424,0.03773398260929989,1.2743462859385861,-0.14461090152953057,0.7954055428860439,0.8317045271878521,0.5970036767693776,-0.26201973957526487,0
0.4551482904709932,-0.0780150486856524,0.43777116115293824,0.34240491491581115,0.9946467797956438,0.218009037088871,0.43832588198644107,0.7968116925325803,0.8207817843912104,-0.007121564465795399,0
0.9560723200890162,0.9264022429521248,0.7850020487637032,0.5902895712281315,0.45446362782953553,0.6703550950542919,0.03597572511761135,0.6837017696861835,0.7257422363355407,0.4906529384932289,0
0.9373518946844049,0.6584604159461173,0.4829927829440735,0.08900773330730287,0.448334579829233,0.7943214920116356,0.6661040463217148,0.5732353760947575,0.257626590831333,0.07409536185142451,1
0.44464488549209835,0.6265621597480139,0.8329748541322238,0.9679380649592727,0.15936984166955953,0.22546164216119818,0.23997733967270823,0.6300328517276761,0.11761733195253679,0.19088586071856836,3
0.4876796388741242,0.5612972901732164,0.22657614638667825,0.657688886619587,0.7846977967824864,0.9147817697791284,0.03819459496738308,0.6692100709028047,0.958972504318477,0.17914119367951373,0
0.2913715648466506,0.12177875133710482,0.6367280458166096,0.8673787372381339,0.7598248012906824,0.8605874386526666,0.5588546051266852,0.2044711442025786,0.5303158501352064,0.7215183673084005,3
1.1528217647498609,0.2348118572001685,0.8358026840481843,0.1672059797630828,0.7090156771532818,-0.32514858381840217,1.1885364518751644,0.767130279959264,0.470799134085619,1.0715356214493394,1
0.12057916012379973,0.7562724229123026,0.8026059976459665,1.217329742070202,0.5066308165830025,0.3839110166740569,1.2705742105343962,0.1083903254645181,0.4855659506234101,1.1526328568188093,0
0.2609042714757965,0.5916072260201487,1.0639244364304399,0.7034812895083016,0.09826712671335602,0.9234739377216056,0.11138155764915983,0.09381121815051996,0.3860048788241755,0.36411179153147183,3
0.851037977030631,0.1485748732601447,0.639601030788828,0.09167516838890677,0.527507986052195,0.38616532235461803,0.21194645168177587,0.9357064010795175,0.9329609061247667,0.8151438052511115,2
0.3688357471967316,-0.2798239026836624,1.4711409589172653,-0.5341329038259442,-0.8839636700289027,1.2509897704157509,1.4469077258248166,1.407199721608976,0.45850293824545046,-0.6425168266543655,0
-0.07007564285568002,-0.1733252273299899,1.1128261370674595,1.0684354743495716,0.1770896139293695,0.18988823777641367,-0.207769097122805,0.34784813308252993,-0.2942664569685898,0.6166477081077137,0
0.10734379770634174,0.8565868117274337,0.822076027472103,0.8116526161228232,0.5331766508386688,0.7797840062950478,0.1550558327709075,0.8368312555326943,0.5800681907308984,0.6064388631744184,3
-0.0037985144809678977,0.1250837435854782,0.6406685235792099,0.27937776562682926,0.043381626202235186,0.19938700817444827,0.5775841221686424,0.24753801508954423,0.7061818987739547,0.7565878591796626,0
0.9164477008173503,0.27907443057160386,0.9847816361856273,0.40640394250189726,0.014280163608994798,0.3746695207177197,0.8947417742873061,0.5324553896676794,0.230121756552051,0.22233803874353636,0
-0.00687190615671081,0.1143864985861198,0.6273419074434512,0.26961853249702156,0.039800784401236515,0.20432400429753886,0.5803580562560563,0.22051663260730942,0.6863063425681447,0.7829041574582727,0
0.13351908225747944,0.19039219738798022,0.2816959780406421,0.727609082835194,0.8772062339379616,0.2591704531180843,0.43368516153469927,0.8304146471859019,0.6493951706581444,0.28958506141676066,3
0.3476074611819335,0.06812647717628179,0.6849460163439622,0.2516079134747733,0.9607581117987072,0.004408077386153262,0.5993050088363433,0.8533782445608474,0.8214307692527092,0.15377302248191932,0
0.5078210461468338,0.654426991625354,0.6348379117963336,0.49944555497727866,-0.23026323586857833,-0.0952831029773441,0.5344403204361897,0.11698865156242322,0.6102364380675078,0.37282527863580905,0
0.09085930443804129,0.22480176613315053,0.27340387167520996,0.7263616021852257,0.8816781370084045,0.22290494516616172,0.44531595362946585,0.8204886231116513,0.6621842299079519,0.3015431704486095,3
0.38682149744047606,0.6245748075959451,0.9229447204475018,1.0106383250364748,0.2810142442054354,0.22371209139281129,0.24288143916442678,0.7058927337058278,0.09958045576453602,0.2705825855515216,3
0.9643405882963698,0.8714811874524735,0.317021972234532,0.2163566302412386,0.3597820742000506,0.09608453910073175,0.5465026936309427,1.2217095786735617,0.5500282013385437,0.7904984084358132,1
0.49853846784461725,-0.04439844374450813,0.17334030309200843,0.18819447774038284,0.05265453692102649,-0.004226198870867212,-0.06133148828750379,0.683671392035614,0.7685812928102447,0.2704918873240069,2
-0.1444444929307125,1.3928537780171362,0.9050182749298955,0.5174772639964113,-0.0240799876567587,0.9161687300417566,0.9419038648518748,0.5486219935206054,0.9734757747562077,0.6489306557091017,3
0.8894581193891221,0.36435362416497563,0.8013445061729656,0.5627693929243461,0.7049655418131547,0.27767662970852935,0.7427656936828068,0.9952284756988384,0.9719828693704842,0.5348472769066691,0
0.10162512372848814,0.15716326163172584,0.28316678144928553,0.7756931817967958,0.911817228780816,0.19624727530363517,0.4087878990231249,0.8386334360147365,0.6293392305746708,0.25067878389578396,3
1.0472513502886578,0.3284569307271784,0.7750124938128825,0.1077664399449235,1.0379010599899692,0.31302570953635744,0.7374650105915179,0.8105187747506752,0.6911708766899683,0.5285707022341192,0
0.8394258328645616,0.15114301867921784,0.6231812908954677,0.0942433896146641,0.5494778088169128,0.3981685196354024,0.20196916937170767,0.9422209436339269,0.9469683894175789,0.8329847201676231,2
0.4305383227680209,0.029221045341126177,0.9502984776730637,0.8729712091362061,0.4032395599647011,0.7763932398505832,0.19261021309825851,0.044782101139289904,0.6648101903192325,0.5997397102427895,0
0.5371014916475219,0.12893515296772268,0.9187294663974752,0.26723803932377976,0.41002972571905344,0.4791125495685762,1.0670376219515734,0.11288664731308073,0.8308699279302345,0.6031538858724443,2
0.45974686073981513,0.08626422708675645,0.6358184449236245,0.17446007135957292,1.1031598534389502,-0.12989617756500202,0.5523046874296101,0.9224546031993789,0.8717793469455332,0.18216611458094886,0
0.445161061484563,0.44596116979433775,0.9280913488165021,0.669419213081593,0.5880448895749077,0.7891419520869775,0.6999784097467163,0.599991555919813,0.19127360140729177,0.29262344936434603,3
0.2592162982757251,0.7938759565598673,0.31771851193394374,0.7844946111319966,0.8150490345057644,0.21601859588512362,0.8143426691767867,0.9543144069416195,0.31580933773593106,0.4493631928829268,2
0.8882464304075034,0.19213945450293773,0.8829819923129649,0.5231195307200712,0.6153046254632224,0.5478992412652731,0.02769579898556776,0.646722771095378,1.1054454566517933,1.0857356017163253,1
1.2914101632884978,0.3837506049138944,0.7186978859570061,0.12195421844705097,0.7691679621195583,0.30868130508355457,0.5411994249174592,1.2014235586523507,1.1088321618921346,0.7983784923961973,0
0.03197443501435629,0.18701872421729188,0.2398062740607288,0.7606232783538671,0.9419569954955187,0.2020244043187348,0.43433304226639996,0.7912962204696146,0.5548675659440343,0.2882946571108377,3
0.12039772193776763,0.316986576540616,0.40971845330331425,0.8387018586094814,0.6486690030094869,0.9565432305097904,0.3676122621552521,0.36481586430808755,0.6411760630006421,0.6352587830930396,3
1.21229248395492,0.06601476791652067,0.7255845861845055,1.0569535183679066,0.9216259330240935,0.5154765759898609,0.6879697059974195,0.46262591736951847,0.7366948362402652,0.6706919398374785,0
0.3682733266605975,1.0728953540766852,0.6108628195309209,0.11032086090216123,0.3709980769071853,0.09250087440422478,1.0822497525647334,1.3209179125050174,1.0366447182225156,0.42380050098126865,3
1.0999179469175149,0.8866189483203047,0.6143378701562656,-0.02497633784281185,0.46242612302178576,0.7221176963875605,0.5385929822456534,0.646558275663744,0.4293622028045794,0.01597158136512279,1
0.5251867374249936,0.6183754316229544,0.8581928309433543,0.5073180065183797,0.5469507555392177,0.6880973639214586,0.5833070271053015,0.5802253772785843,0.2254643511101782,0.46365574583838665,3
0.3397027795032564,0.7943989058544347,0.3050471729670634,0.7549753224266118,0.9213728229688506,0.3045179363396588,0.8966738096833322,0.9362431288863939,0.1922367108000739,0.3747813553272285,2
0.21257468077501648,0.4007641078736736,0.4748594943815052,-0.05139331535887337,0.23903627807999261,0.7008539963229184,0.4277861853446435,-0.1497285390980815,0.8060569130547279,0.6999278395300396,0
-0.029596449162691628,0.08871569673260424,0.6243924707222019,0.24388072651108628,0.012696088608977855,0.1940015729613147,0.6048361344607831,0.2173276528408628,0.667889281868981,0.7493784059608942,0
0.5354908900975156,0.2403834317439077,0.10193796600903107,0.9626967495750729,0.4474299558364505,0.7784211779296315,0.983915157902633,0.6459549442794543,0.521023546936642,0.01379961023123482,1
0.9230217265818612,0.41319322052279917,0.6673443613465662,0.26294331511992286,0.5244784728931616,0.6453358607220123,0.6927174872866788,0.6902519197385645,0.36450566155889097,0.3767157312829814,1
0.0014856164463331247,0.10591986241195685,0.6307427300450817,0.26529698179245653,0.03200430120621783,0.22106893541893197,0.5750485747113452,0.23144417910528786,0.6824184605076266,0.7740619004565855,0
0.44545456293740937,0.205996301295097,0.3231470574961659,0.7045252836030671,0.3020925767871544,0.34003873752672825,0.937510385120946,0.034151151073081434,0.7730696687602474,0.1730533248663688,3
0.7171503486872268,1.3914014240244388,1.2290864678598257,0.3327286677103923,0.5939392182289657,0.5856567629309056,0.9290307845978567,1.1696796757458685,1.1568622825532264,-0.3422087173791616,3
0.48807488007452615,0.8172530207943519,0.7721120162649898,0.907354809921728,0.44080678930259437,0.2620285687234657,0.6688579450436405,0.21704853210465125,0.42558523591496544,-0.10403538243637611,1
0.00604384457802902,0.34764765972717826,0.24416725347431764,0.412153180607171,1.0697693821422412,0.751126153516857,0.06993088487289181,0.9293535723207373,0.9137766140311347,0.6463787541784015,2
0.7206421215957379,0.5514703994912457,0.5024243570960324,0.3652289363257555,0.7942580114253853,0.3416775754646996,0.8020468431440884,0.7872768205719204,0.9816298879551645,0.2778397317125316,0
0.5250939348440702,1.0327710178335816,1.4678145776877165,1.2728938411225705,0.9851776578220035,0.12080399644010886,0.2601565623800336,0.5667990912688878,1.3248364106072694,0.886725993701613,2
0.060841713702015354,0.9493178029360463,0.8723833105196773,0.410240680139055,0.7562945633520226,1.104176146295632,1.0448267816548138,0.3564397559891131,0.5602514842270447,0.8700802697110687,2
0.20857884445535557,1.0496994275977316,0.278733737349705,0.2525198556890117,0.3476733452334351,0.9486521336069937,0.170237890339258,-0.0032373767847931334,0.5108773101905305,0.4789190439483778,1
0.38046004998805205,0.1537666603440424,0.5960386791361748,0.7863562697667077,0.8850602752415835,1.1897324297022627,0.5337866688109788,1.0301916968102882,0.22015196905740203,0.26557869637600107,3
0.8044206025754419,0.12087296549948387,0.6843006808091536,0.06474633528298175,0.5052960318749398,0.4236403650044235,0.20676201867799568,0.9592674333937773,0.9302377127907009,0.785862484571026,2
0.7893772020825673,0.3901010959423817,0.7279826505013369,0.5969321151308118,0.674781523831982,0.2675647056259112,0.7814464355311049,0.9173802077502556,1.00976023541961,0.4716277334755453,0
0.5750783150536969,0.21013865953634528,0.5698062290965256,0.15877998728792925,0.2768015275562636,0.8089189378407529,0.7005100055747439,-0.034550300677355233,0.717856799133577,0.46549588157401395,0
0.24077381949948723,0.8960842983444414,0.3192783841047289,0.8656529069168358,0.9415288563345344,0.2719624767061392,0.7855702270965611,0.92925294743954,0.18907116442850386,0.35606426448234757,2
0.6033548186073672,0.7671674752553832,0.12793718914740113,0.635523797873462,0.5036358301287638,0.4363680231578909,0.5046559314203297,-0.03282664071500836,0.5294589487222491,0.060660041410780116,0
0.7640073463810251,0.02772220884610016,0.7729646609931851,1.0107194869610188,0.31193779915714703,0.4113187023697814,0.6523785942490283,0.7863797211238269,0.9744420375649004,0.488421424509789,0
0.04515268728346797,0.9531690918385576,0.8956160762018491,0.4070734844255399,0.11154645577327815,0.362823665087035,0.8422738958390374,0.9619705291366841,0.701280866663688,0.15127825989964117,3
0.3079952728121732,0.1386400424210485,0.6494872887949246,0.8608998364733468,0.7667106060207057,0.8584766044324803,0.548473226842834,0.22227789081050528,0.5198384200322811,0.7387810391433397,3
1.0281020627683417,0.5598686746634408,1.7318417223522302,-0.10785698674956523,0.20098661158414932,0.6298231598877453,1.9140868216371434,0.7065085818342689,0.7231860704654678,0.4053260958126616,2
0.5162405486045415,0.004136606056049347,0.9465405495274943,0.9494716670600812,0.3909992325500756,0.8866138877707541,0.12822094871493717,0.06264648513978685,0.5192756989931487,0.6840596837220833,0
0.7793054429536606,0.4024743424452783,0.8757612555502073,0.4054642921621686,0.08602530755242138,0.3764007258151835,0.7964345699388872,0.6397757150907187,0.26361566268464803,0.18410920781789442,0
0.24283639803883925,0.9998692980654109,0.37691151895066244,0.07220785587545106,0.22409954009536556,0.9182405404156475,0.5217372457084589,0.2514401843012516,0.7816973100269378,0.5281508490123592,1
0.05736678619798201,0.373421761885262,-0.030627056575206604,0.07485788816371561,0.6260458042349367,0.6222594162998665,0.9023855116492855,-0.35180129343577726,1.4690452269492575,0.3116197721744225,1
0.11299945428993417,0.8537926556602913,0.8181105728536268,0.8133446006624735,0.5311563114373755,0.7775525764409883,0.1557694087570698,0.8387307052150523,0.5813774791774029,0.6087166142245201,3
0.1430879529033084,0.8132391016669149,0.433458851636974,0.9979234877342031,0.4875826108924131,0.09537421159977179,0.9932064446219304,0.02654381147225659,0.35672446459846163,0.7695643778223704,0
0.3590649071086522,0.09737547539098795,0.878439209190532,0.5129045370746849,0.12607935541495494,0.11519290978910868,0.2515330235570342,0.36868369040305465,0.6004813571896864,1.005267980105044,0
-0.7765622851710897,0.4566194878375767,-0.33697409307086745,0.6400990200957579,0.4702375311059189,0.8230664007100228,1.480635302240402,0.0415553735696389,0.9585968921852845,0.48935159268366657,2
0.372897120707946,0.5134406758653283,0.14891721337198474,0.6856526723830104,0.6899150761824615,0.8245889643774448,0.022914090153686152,0.7202279719650797,1.1076347040724155,0.2048694251693875,0
0.7108708205886736,0.7822895468587049,0.03725330547854523,0.738631217920905,0.5351535211679715,0.39917099235298936,0.5279933388032471,-0.003729675395281601,0.3878746983897283,0.09776739040778813,0
0.12017745728428901,0.18743137473271326,0.28085783463009717,0.733193393310566,0.8694421066315677,0.24813530413660054,0.4437520988099799,0.8357456248071211,0.6424269031581641,0.2792679047743332,3
-0.4758232549521798,-0.101868901032096,-0.018833856403314808,0.668968381024664,1.4656403911699376,-0.016429145918682553,1.6007489251686389,0.3259056670269838,0.5369262191960884,0.6139890479258907,2
0.47136761277940453,0.022145256224627576,0.9454487801917534,0.8930063353590637,0.4747676654940446,0.7457495271543776,0.2594199099850035,0.09867213041280902,0.5797805894018153,0.6320004126329445,0
0.8981145107816743,0.6800708586437597,0.5064345152539282,0.09957378265699321,0.4942944064251923,0.8625046228222477,0.6924959725075684,0.6260322093497471,0.27312960400823805,0.11037739808852924,1
0.4719277190828773,0.5627256499056966,0.2223519791915464,0.6699991600186688,0.7597344472458267,0.9379933432022999,0.03251813822130693,0.6518097842551246,0.9822556718887397,0.19671000533239658,0
0.155711546011196,0.13804993250752945,0.39788675659621625,0.7314743621790877,0.9408490271005638,0.14549007041638662,0.48930350511886905,0.72805443337431,0.7330676338360345,0.2698714035511359,3
-0.5171536774970017,1.1262799992899462,0.49202378217765386,0.26681491628583376,0.2710050734793785,0.2555463493199579,1.027055644330218,0.861443078835745,-0.822711922137929,-0.08301085759909688,2
0.6807673692613951,0.9483962643305437,0.10334197707116671,-0.619919143779559,1.0183427135423442,1.2892948709506653,0.8869411070927258,0.6447440288854001,-0.1865764251055851,0.7861167165935257,1
0.8989112863503974,0.1765399184840174,1.063872683132376,0.5545037399800117,0.6567843934801934,0.48765930878203967,0.1973727389996309,0.8056585756696201,0.848134072839463,1.0082373926147652,1
0.1086468874797221,0.6145275546976036,0.0574739357682883,0.2618331171221405,0.05589468417665333,0.5115483739690717,0.6895651560928333,0.16269549645310588,1.0135592601178107,0.04046699096145248,1
0.7922677866635128,0.11104063540742753,0.7014287636240286,0.1464819079324637,0.5876386252673989,0.3451920841756629,0.2379785601319118,0.9446462736286168,0.9368442213208463,0.8767073490546362,2
0.5506049632654905,0.7813808438544458,0.5552611054577732,0.37829231903877486,0.4591213283556203,0.778064261371302,0.16122680007060977,0.8125072020071449,0.3574663587728429,0.3824692587325938,2
0.22901031081824583,0.1147951901826553,0.5481041111164251,0.34084540195488433,1.085875403902088,0.08348196760275954,0.6235941689220071,0.9730670552593432,0.7540561903696889,0.08839451732254308,0
0.2657291508310241,0.8610885543303566,0.4760346049561314,0.4602695731726726,0.18043779427743756,0.9164409448279687,0.5787039825460956,0.7071558418034182,0.08248041894905689,0.6175751925280467,1
0.8677500943800465,0.37194885114512205,0.793883202043676,0.5899821857505294,0.7302045712286964,0.2690523272332663,0.7516266102329662,0.9821807579142426,0.9858222598138139,0.5336948668726039,0
0.8908039499296311,0.28180111340702524,0.9521982692176391,0.4146268269050129,0.5201344808828029,0.6316333364743052,0.17517539550987554,0.6760416517302267,0.8331105534845706,0.84750826522309,1
0.8319554082188209,1.1577371205636267,0.41280036652485913,-0.4712629651004562,0.41756124674745715,1.1807822674135653,0.118129544455714,0.6264357746815187,0.5479436882545026,0.02836102827351942,1
0.050416110621551644,0.2887116717951555,0.35616044908038974,0.2568703860522948,0.9422726930253101,0.549391717181324,0.19441135292045075,0.8792024131891856,0.8027835691342315,0.5540430376641773,2
-0.11621701336580531,0.43390743703920975,0.4099417933542187,0.115388576990275,0.7896318391354887,0.5760316155416317,0.21175194460695942,0.8730865855230929,0.8499051905308278,0.6532936452256562,2
0.9215698728702264,0.1547518639092793,0.5171741966708553,0.7067894748471772,-0.14179865490926977,0.6905207190781985,1.128087280192959,0.4599300970600022,0.650185531914369,0.25158111136845474,0
0.5052071974895295,-0.0042063871796689176,0.8959322259665093,0.9146854630188552,0.4147873147128046,0.7779747530379489,0.23947186806217927,0.05514729985932966,0.690513581419209,0.6522962116415292,0
0.3543681759862678,0.08367329630086168,0.6859879079568096,0.9419904826141408,0.5906466329938991,0.9898733954614097,0.6567589408946285,0.3781988545997343,0.5195365542752732,0.7199900185380622,3
0.5325647758839892,0.8040708471084396,0.5344352974443414,0.3604872145131296,0.43877459826453213,0.7892915332138771,0.16393326161086594,0.8157971168449718,0.34862949692959205,0.3889820253530886,2
0.8713187346623029,0.610886388103096,0.30524840780170226,0.29691818775132006,0.21405996765918636,0.8381969854170782,0.4968526791719004,0.3719282490257123,0.25985711932355937,0.05012022929870405,1
0.3254904887198748,1.288693672761946,0.8934539071915019,0.6206773682811971,0.5322385100113662,0.42281753095459085,1.166362296359265,0.4506984456173753,0.4581530337036368,0.8772177254368662,0
0.5332362387336356,0.8051625099364697,0.5337738478702486,0.36147889330223215,0.4393343446860655,0.7877748036862903,0.16290892157873782,0.8149986674429438,0.34959455063882894,0.38953516240078767,2
0.6672124100381169,0.7753000976645936,0.12595379094083953,0.6932998325820537,0.5741091249001815,0.39517996359194146,0.5813453023733411,0.1113992164535935,0.5311227107316696,0.06276201879450738,0
0.7864895352889546,0.04996308311628983,0.7427200793589704,-0.13966071924909879,0.713047475978976,0.7714782027448297,0.7155491539126035,0.8213042690127823,0.6140272029674633,0.44547590652550184,0
-0.037542850422636664,0.8366787432460467,0.9046596302873885,0.31290047718723657,0.07111618470112277,0.2773233678671808,0.7513183287690284,0.9110905573245196,0.6697151849977125,0.20620270056101167,3
0.5793630856282721,0.25687069839346777,0.819982255038431,0.13324164723712362,0.825815290974373,0.004189697867376521,0.5210704547436186,0.1493115194131267,1.164697398300853,0.32826501692046395,0
0.4776405396192888,0.04883591050446326,0.9661946142411834,0.8567857240300392,0.4792223577474029,0.7820690368428713,0.22517415964042303,0.10055658634780691,0.6308661094548471,0.6241433801441123,0
0.049202367196671516,0.26910744488282473,0.3318235187138375,0.28857258933394414,0.9781844516867558,0.5608389692383837,0.20429913075750397,0.8845020560225705,0.8131430529528376,0.5705094364750034,2
0.8304411958021578,0.29872789551682366,0.8721968901521111,0.639361117309051,0.7563889461632829,0.31410783101363415,0.7349709374575559,1.0509585958553684,0.9056937667025372,0.4986011305622862,0
0.2502132000554069,0.9943583041213131,0.24444780074230976,0.7951694892685974,0.8741636678553936,0.3258269916239917,0.8193891197195864,1.088731618572427,0.2698574460618888,0.45399288857229225,2
0.27491516712791686,0.6121809337295974,-0.14987777528251406,0.32032854113928233,0.07372893597053316,0.6238599011961542,0.7995675269154341,0.12028112821658221,1.069630906099723,0.052656511261386416,1
0.11513214196514698,0.8523116876690876,0.8144328127989269,0.8044848270348062,0.5381487857451556,0.7769732876829593,0.15437297856554205,0.8327815943064082,0.5750859644632111,0.6050767488435072,3
1.3689343365796511,0.25302124848921315,0.2637735116826748,0.6579098715952799,0.621318080396333,0.49794971197833465,1.5542624535998273,0.8501166115039885,0.4579727813277384,0.22958933678181212,0
0.44840653812711273,0.18818310576611616,0.2499732504042638,0.6993876439979281,0.21876158660437417,0.3711979154928821,0.9343758163082181,0.04028328096448276,0.803238720994784,0.21881501766817896,3
0.8655921070312066,0.37635665026362336,0.8041397874736693,0.5585005600391952,0.7070382252194087,0.27268890204347124,0.7395154499095341,0.9814092075694957,0.9835902349325304,0.5247416322985331,0
0.0016411259254431945,0.8652170778898298,0.9371094272543228,0.3523455120084356,0.05064861368987066,0.3377429547645518,0.7866467921264609,0.9650339577496747,0.7722455015039402,0.14205452571373917,3
-0.07010663503131029,0.8471854612399264,0.6980745323775466,0.4990329083793097,0.5471763978156727,1.0200876898601305,0.42453729201476975,1.0444907928397313,-0.08129418403659508,0.36098625507879634,3
0.8332037689389725,0.7838942749896187,0.8149502535489738,0.5859899760273002,0.6859293354127152,0.843042313818354,0.1477017665521195,0.7786027486419647,0.6763703885337152,0.46149567704090755,0
0.615620616760134,0.2940500013451397,0.1210355044739211,0.8985735512109885,0.478908491648589,0.8418958606941306,1.0211402199849342,0.638684136997262,0.4679713646816277,0.05440307807210756,1
0.3314689425942069,0.23730841705534209,0.7790463789698566,0.8786927633522066,0.3208960983628124,0.6795282730466676,0.4848937934516599,0.7334414205136749,0.37281509826799153,0.6569311474258195,3
0.6711987607391182,0.5779523029694563,1.0665613356750911,0.48801749224637664,0.27108011624022943,1.002523975304304,0.028915991141386974,0.42267821774183667,0.7928208226868352,0.6532607042713597,0
0.10164963293518808,0.06580133136058194,0.8678664215510915,0.4209092624415456,1.1331081525503541,0.11972597079802264,0.6667301727339157,1.1026354616849847,0.7374467417704654,0.37487078537855145,0
0.2864094447964426,0.6358202628525231,0.4487076977227903,1.3553266644808275,0.6256794673818971,0.33742339881927197,1.3294577351062877,-0.3963801253532757,0.5796649356701231,0.5876407909446411,0
0.022724729993906262,0.5260403727075674,0.32747594768922045,0.16311393100445212,0.9514140078142267,0.47325353215083116,0.9564096698018911,0.36194919392954455,0.2609452628790712,0.6182291630963509,2
0.17228117815496408,0.618863490600809,0.1598222594735778,0.2546757176398892,-0.0925358478873255,0.6277865488633846,0.8415861055078185,0.3176760365783837,0.8219517991902691,0.038903926501856215,1
0.3885218217473909,0.5322263530204806,0.7865096725084898,0.8923750924837339,0.1378898414286669,0.07879560243420296,0.36128118244778146,0.5815793565080922,0.15928112097003924,0.15929086492271155,3
0.13609372132669054,0.9160010612773688,0.9416186203841874,0.5341773044034511,0.40610131553967077,0.8284292234252585,0.16177457379828736,0.929766310205027,0.04564476796729084,0.1337938416631217,3
-0.17187515366940995,0.6331415994398362,0.42911702205265523,0.5509082959897201,-0.41319764955663774,0.1490059675823433,1.0899628078911614,0.6492169670574115,0.14523926241947127,-0.32338840859123225,3
0.6109115293727334,0.8588758172054791,1.089089498902006,0.9688164936875987,0.2175999003897249,0.04298995456303696,0.36864641693499345,0.4238702827801504,0.3704180638351504,0.38890041826151583,3
1.0134538374139859,0.30965685957798667,0.38650934730790454,0.9959456985391637,0.6322605912902013,0.463162521162368,1.0554167236109384,0.6449279260870572,1.0025839907001182,0.5292106583200871,0
0.07554565285562848,0.03349180034186727,0.2958289239270526,0.6638934909560331,0.7973496267980619,0.36111411997050247,0.3841008199540302,0.946762841982551,0.6332694560934278,0.4054621143613031,3
0.09415423917304587,0.42094228078313356,-0.031977505521412194,0.17323855022454748,-0.0005314455702764148,0.33565738663481565,0.8560653013537681,-0.04643522383115048,1.1007230088110698,0.2222608300078624,1
0.6856217175814,0.5231854431912596,0.5894344506971376,0.8216561191347836,0.4546535593737412,1.0063200775637613,0.9426526142344646,0.7549255072926421,0.9990100413842322,0.880091175570098,0
0.19902180867067362,0.8086839212382563,0.19506182813045173,0.7065193710403626,0.6251710623834635,0.5318555706340027,1.0416367588963877,0.9482218047181097,0.12189865905968299,0.48356649342670627,2
0.1326397259754925,0.5571134590726973,-0.00039507455531502533,0.1663200026615823,0.006495512950223395,0.5874868918665297,0.7421816408140895,0.17407512818168394,0.9219021300438757,0.07751828037786689,1
0.3703214462841594,0.11145367244632816,0.9643833322859873,0.8744074663046936,0.5093633237880405,0.7354813148641776,0.27206284064318265,0.21632063211981326,0.6148543849890176,0.5989360112095384,0
0.4398862621641819,1.0130932427908,1.0971462278778878,1.6073626724024555,0.9098433246853805,0.022628225523781575,0.34606764707643445,0.3483096970367629,0.618646125955669,0.01921317724567148,3
1.0792507786882473,0.6539249441871271,0.8764210107306556,0.38462192124172445,1.1346932360198583,0.17243450039149777,0.5056693813295576,1.1546214578244198,0.6206141261588521,0.8032462697268349,0
0.5473786495077312,0.23939659277703076,0.09041997058845583,0.9671999142957176,0.446661181571967,0.7193591526241688,1.0155827182470327,0.6448865630043835,0.5797464859177096,0.011589549483389295,1
0.38774519608372604,0.06637395471909632,0.7066667356681932,0.20976892977273023,0.9943703051755571,0.006052410489385204,0.6062461099990074,0.8843601897950346,0.8452618908692504,0.17606764242722311,0
0.8080326457718899,0.3378915340733036,0.8084649279945784,0.5908107895534267,0.6539409007865663,0.2732412786481713,0.7641557209342953,0.9172863522172183,1.018678110521693,0.570902502021968,0
0.8159532246669627,0.3713819263110575,0.712969094024554,0.32127161246101776,0.1391600659034931,0.45516074405656964,0.9437721823050023,0.3997601070216888,0.7943900161739531,0.9350735045714434,2
0.2427201822490173,0.8851591116728086,0.40136528968032187,0.9304186494083256,0.5264686124289027,0.20280338902780062,0.8880630046238422,0.029659583021538673,0.42067276812026067,0.7857032798809069,0
0.07382535002376542,0.7865221871151787,0.9661687868544352,0.26988905725750834,0.12093467828438001,0.3091692988145974,0.8021348356317081,1.0943230606820833,0.6744632801282631,0.16629096510564723,3
1.1212748774193484,0.6818023653652875,1.055602846691019,0.42970266916894373,-0.3551332434689778,0.6961919431370539,0.44162395124126236,0.6358617598215591,0.5683482096691949,0.2827797921910423,0
0.11820288451898803,0.46879848492716675,0.3112046474817334,0.9523392887613418,0.5974688266492604,0.7803148445573307,0.3574101109204273,0.07640865596247665,0.1709179960053569,0.05665401456905521,1
0.765602258865874,0.9219347083788842,0.5021228337961066,-0.5096064532661091,0.34191488445144713,0.6228608306230168,0.9643705983650913,0.9783463278332928,1.0327329271744008,-0.500518703903511,1
0.9039546493164881,0.2566757228147832,0.4401285383703032,0.9312570347376898,0.721311029070882,0.4955266954011492,1.0342618766679799,0.7114927626936706,0.8974198859460787,0.49435081592679536,0
-0.1023468303424952,0.9924019969580216,0.15602750768701784,0.5832233471047219,0.42233300086205117,0.641261683718547,0.5189258691025866,-0.24863298069738665,0.9668583058948559,0.10024788202266556,0
0.8831988580228496,0.5526167551802533,0.7086308319151061,0.2245009313063158,0.5754601582057086,0.8764854246550267,0.4971043795663249,0.9670645063922624,0.22265752392266547,0.20721784677596655,1
0.9561978544263124,0.39759685412537854,0.8486172116453503,0.17584880104424203,1.0195732808420308,0.36322600600372235,0.7825677874296966,0.8999759298377582,0.7127859916426887,0.5958701541847975,0
0.3314107500579632,0.22786879563573312,0.6076993676374784,0.7052853928204978,0.12434435400274634,0.49681500663862266,0.31464695009387555,0.5232538491325124,0.20516109664031568,0.7856831685470153,3
0.5892365173781418,0.9584279265424639,0.3100887257526389,0.38354138448786473,-0.04559251809587275,0.7418874388109575,0.5715351303507648,0.12584715191188992,0.4253888942321465,0.7004790496961463,1
-0.11969886346641151,0.3413874929847118,0.7223762496114936,-0.1946745342345057,0.6645365555099565,0.6102477409716283,0.6270648853096894,-0.021275324643563187,0.2983469339911903,0.7056501506211831,2
0.6718844157921087,0.2606672570751433,0.4736715237056155,0.4909864744440008,0.7011729212128555,1.1949029321851123,0.5760966379326503,0.9894399530033247,0.5042626019437102,0.35342845428661607,1
0.2711762030575934,0.8716406470468888,0.31998206995545064,0.8261072968419276,0.8892286377212913,0.2547097424945588,0.8513982245202687,0.908743629871622,0.2388454285906602,0.3125903139458445,2
0.42527210679363314,-0.020202265152517454,0.9395819850665478,0.7893007865254464,0.4555618002594762,0.8597705311870147,0.3315481269161033,0.06949235517832292,0.6198951251727787,0.687875100446918,0
-0.05602881424266419,0.7749209507699266,0.9616499011122522,0.24002071328655056,0.17375696508782598,0.27294631864895463,0.7522376498360268,1.0171861237292634,0.8423928914960531,0.20249992195853841,3
0.2292819188897625,0.8987790829910026,0.4003828088192007,0.9077717573584339,0.5247880261773911,0.15887067725405485,0.884381243192999,0.0906020818241888,0.42179407767473553,0.8062535038303404,0
0.15079201185439683,0.8354694080433963,1.099580296747094,0.6688280689973503,0.8286209587525701,0.8275878256472162,1.1430921410795811,0.7620015082908174,0.7216132129234797,0.5466984217611586,2
0.17880748581164102,0.9580058417107215,0.7970855759364451,0.5118771668022207,0.4270926959428404,0.9442582310841904,0.1900653178270568,0.9045193271694614,0.060539313470660064,0.2281514663965585,3
0.32489456801093175,0.12977665867738136,0.6309547776494473,0.8815008939709392,0.7562571567695738,0.8543602362105633,0.5542048428312824,0.24117698327283088,0.5356386463661594,0.7218431162066603,3
0.8558950610628158,0.8233109257219895,0.8705164376755153,0.6439005708798344,0.6043758089278969,0.8191815750893827,0.12177765134178274,0.755581016046728,0.6760330080943096,0.5037346506966298,0
0.8596863689708283,0.8091949828205841,0.8809638920521509,0.6399716001236854,0.6087798962279637,0.8125032141107831,0.11031059961811254,0.749601380951748,0.6764630711593667,0.4920323942172557,0
0.17616662696680221,0.8611899687198401,1.0528120818658522,0.48193930624569564,0.8572431386918592,0.9172229387405552,0.9102614666771067,0.5141254743032666,0.8066925695151952,0.8635187311100708,2
0.48252740195373944,0.44028124698858345,0.15953547856408057,0.6042150223263073,0.8558135389174146,1.0212270733117321,0.028746178098752607,0.758089616374199,1.0264471837801388,0.06567023829221873,0
0.8756986310612382,0.8410711769419689,0.8511978095842505,0.631763200975727,0.604499749768332,0.8088568647788341,0.10680077842112047,0.7395277833905707,0.6693216547105271,0.5043150904579065,0
0.8551201400415428,0.5418530471649892,0.7285908574471114,0.24534625967775409,0.5700313971556307,0.8896420949734244,0.5000407610965063,1.014090054884479,0.2148913197379395,0.1667020042683765,1
0.5870424074361031,0.30162427908884254,0.14763459780121113,1.0207188551453423,0.4799556429795216,0.8203248484830236,1.0139231190582014,0.6535143154639071,0.46062749389892965,0.022501966431104574,1
0.9033279782290294,-0.03988860344187761,0.2403404450679831,-0.415843131844955,-0.037728489413780375,0.9634664102997912,0.9261809262072985,0.23744303804856975,-0.44421860596298124,0.3884515445225303,1
0.05700835462048991,0.9321630356326578,0.9679043385450181,0.4713500348600743,0.03055771621673111,0.3072735729206245,0.7250399634679405,0.8291793353002868,0.7501941928074475,0.25624486017439646,3
0.47470250797317454,1.0775772523411336,0.7299230145300838,0.6723638332793124,-0.04845967355231473,0.5495148256867829,0.15084038726030552,0.4807395567001528,-0.029187512623457146,0.08303105255824818,3
0.8863450922598212,0.30937717634940626,0.9757876990976017,0.44864244787421714,0.5482590101404958,0.6418418007773551,0.20997814196569903,0.7298482840738502,0.8494867399300918,0.8066922456962118,1
0.23731000943365682,0.9638228369815399,0.3830422388164891,0.041802838062165365,0.16479685151381046,0.853887974573179,0.5162200226052891,0.23630922331158,0.8033870936416846,0.5374275891065375,1
0.5526826233952404,-0.22449646112747784,0.9931183442472181,0.8663678673231794,0.1225976260437046,-0.8113127237716492,0.9994262292352768,1.1744482567512609,1.2392429791242008,1.1450511900934233,2
0.1129656441252801,0.5756682625115483,0.09207583694395505,0.324196754128414,0.06462107054098629,0.5705414541891007,0.7969975630836702,0.2209257022830329,0.8922709655412384,0.0038848660390270948,1
0.5687037675359407,0.264631905859915,0.059536260752105025,0.8984295052086816,0.4238285092284324,0.8034791537481197,0.9441225403295277,0.7685850692554569,0.4518565199463317,-0.046482830752021434,1
1.344175134045685,0.7526619991973504,0.7965033920732237,-0.15713846644830254,0.969447191478391,1.3460290454847725,0.7488481565749512,0.8448149887628943,-0.249198111282382,-0.19508506607622605,1
0.12354218118688913,0.6896595958572168,0.2777012094160011,0.4818299752021548,0.5090247817272171,0.8591570114601235,0.5855159422407034,0.011533155266578658,0.9628627910347054,0.2097584461006546,0
0.16740446822751284,0.8183778934358366,0.5395547542964233,0.6259991826568866,0.12355336385366354,0.921225893938145,0.5024573310104774,0.6857329034899752,0.15875906190415914,0.7338042985767365,1
0.7693865091653755,0.19142527993651,0.46894248874424577,0.7329181490781687,-0.08505513286252739,0.07017713378690495,0.31631592340941656,0.7001273138129238,0.31062454053038424,0.7063912694552877,2
0.17338302612258338,0.5577537248549208,-0.01107378127896165,0.3047314569718454,0.1280305481349921,0.5391403253842009,0.6681338226300043,0.08459385376747558,0.9228794155853799,0.09073935381266829,1
0.5139477059978809,0.516417225947978,0.25381927169207574,0.740376796319958,0.843497058099408,0.8354099263839414,0.09242072340304817,0.6638910576573714,0.9005020774973602,0.17785162782786124,0
-0.04120004199066873,0.12949964697941824,0.65360497847131,0.2657326541776375,0.03382380436890592,0.1839074224762558,0.5680390997434555,0.17935853732206078,0.6543339482502875,0.7970414266804986,0
0.39591511943813545,0.29384998610393986,1.1057432280925117,0.3649845731643175,0.20701174803012634,0.14355291797595712,0.6664112945773071,0.7399238695776156,0.48699402127400343,0.027881218932329643,0
0.620977178909117,0.15277681655586348,0.2742195551951472,0.47990529341064125,0.21139405918974796,0.5444534812941866,0.4647826790758448,0.8927855831628924,0.4161032886727312,-0.0302489212146633,3
0.942535409356184,0.6691245240574472,0.4833692458333546,0.0910311131637702,0.4394953367169752,0.8133930108599283,0.6672659604070935,0.5771829590688476,0.25582975728210816,0.09241373375082859,1
-0.010225661605392122,0.08312935621654216,0.6106030052269763,0.2839017287904342,0.05744604963579819,0.24466184033267685,0.5505702729426546,0.20356725388026983,0.6794200947305546,0.7871108627034942,0
0.21726532406497845,0.5966742879052617,1.0151389648337026,0.7122516589578363,-0.06899546444790278,-0.07657065283724951,0.23147193163081956,0.5398309055125187,0.3278995602953483,-0.0051674578146433114,3
0.3648463633873058,0.22836546924835155,0.41249554637714164,0.3950013582662723,0.7419055751423944,-0.15609256111783637,0.40511739576638695,0.826700197022869,0.7194326437900833,0.09580006785036488,0
0.8783379171050674,0.36403460832012996,0.8179188464602414,0.5862879817621024,0.7382691374930658,0.25271000217778244,0.7542500022445957,0.9640785030319189,0.9664324868007029,0.5304839710148037,0
-0.05052726650692055,0.11934729339546352,0.6209281737338611,0.2574138301052255,0.005662110403915271,0.16145525414050865,0.5521213371064911,0.1876762018649361,0.7182719974773248,0.7639451743702154,0
1.30877158025873,0.6718914359430153,0.31584360378693055,0.6168056985603636,0.011988176181897736,0.8091403138101585,0.09359893103428502,0.27928811991515007,0.6015762275853642,0.20233444694371264,3
0.8419613495203367,0.48627968167968194,0.6044271906906511,0.030327577376599038,0.5890540274542233,0.8487774063165882,0.7257297184030391,0.42603557550593,0.3304259354772463,0.06524016324767329,1
0.009464794582483387,0.7276470728979139,0.5899100038210165,0.15179083914759622,0.31927335371170706,0.5602079876100875,1.0349027188659297,0.751065246647906,1.0865080856754112,-0.17234579963450908,3
0.5343185909447249,0.805783975928244,0.5339829729999468,0.3614030518002631,0.4376632409300537,0.7887808705133083,0.16166199421285954,0.8134074352397398,0.34915928699597415,0.3904571164609666,2
0.4509243824726824,0.38251620586588386,0.9117599623266481,1.0281328555505223,0.6933042445284526,1.0491189613610705,-0.44893285354719226,0.6942556325341573,0.05647272167165346,0.6866255291408444,0
0.6692364409534036,0.7241771504147952,0.0185361262046555,0.6710972809712984,0.5183333950651803,0.38304822929325083,0.5534480639228384,0.054143807868835,0.33597273794032645,-0.14421891654251418,0
0.6853594621224217,0.014589678987163046,0.5483580366785166,0.5402013333846152,0.5744945282626591,0.536357005783453,0.058641802035360284,0.5828349862097736,0.41938377596185605,0.6337363885077221,0
0.8816181157425892,0.13402557032507556,0.6573783370994685,0.07104196595785008,0.5112378319426311,0.44040197820740284,0.1808740128040224,0.9832426755896431,0.932579737885126,0.8273217452193119,2
0.12408939074004789,0.8510219751890676,0.8139692054855547,0.8093408127079498,0.5367022964992976,0.7789858977088137,0.14856679802230263,0.8330882795630592,0.5925106355940227,0.6144574197649035,3
0.8431598618718256,0.1953578077890876,0.5394445679878905,0.5441915973155445,0.15714380796291458,0.10914097335164445,0.25385009994646013,0.9187356152955686,0.5343956156102481,0.6088478345514684,2
0.22467382958907645,0.1000306740668575,0.22811010381193086,0.7004394204192532,0.9703803452929123,0.21011085478014466,0.49490046329096454,0.9073975102162826,0.7271433224283612,0.31181360632256355,3
0.7624575137356028,0.5928764428666133,0.49553809412446476,0.09285062020161583,0.5561209409831404,0.004944230034586514,0.8463894332823971,0.9766052261775137,0.8338718913290655,0.8040123121311274,1
0.9129201074267927,0.23858676015914734,0.9088625163956758,0.4614032691709803,0.566578700023812,0.6039426866939961,0.18149982483298602,0.725637603757039,0.811522391749334,0.7842313416556913,1
0.4736467767627147,0.28420200769054915,0.17656165380865918,0.9679260613161729,0.17295701477699432,0.9061769900087597,-0.2706948540201434,0.49809365168661934,0.23108401238054754,0.2765729008007704,0
0.5184044971575843,0.3883312535339255,0.9356523336989296,0.418057039195797,0.3308116201741994,0.8045083894815144,0.4627588277726714,0.7447722082065611,0.19325342625570685,0.5135049162721746,3
0.10747643684066518,0.7005293493273913,0.3422517895552963,0.5270506848560229,0.5099790516803255,0.807374153136388,0.6013640547842085,0.06117102796370397,0.9529740251501125,0.1714368995057701,0
0.706015802320943,0.6596954198170163,0.5329533657623104,0.06274869476821028,0.49188859861299883,0.03766140464512076,0.7251067128188953,0.9024682367532616,0.808443867956547,0.7157767873353728,1
0.10180163216977203,0.8411153192346283,0.8193614917488331,0.8143056730409491,0.5256784775594037,0.7668836964779501,0.1556668038677611,0.8332457194511139,0.5847742771608737,0.5964062538331006,3
0.9027889841367791,0.232395922834876,0.3513973676084007,0.6266450406820723,0.002641458012300618,0.22605204064530948,0.44126737880561595,0.7258403004584836,0.37478197962303894,0.7557527508858093,2
0.8459964901505324,0.14485444219275628,0.6587689932529451,1.0681599078160688,0.7767263461146237,0.6282472090799802,1.1559850185605909,0.6924531163635907,0.7970070467021655,0.2849798662926567,0
0.847326490064757,0.36361607692826264,0.7246226431987933,0.4767900725120183,0.624512294940902,0.8549257140165356,0.21841479677756487,0.5023401090998524,0.6822004680598704,0.6964598139777652,1
0.5424606446802562,0.8101280405828549,0.5260524236020246,0.3720213614989459,0.44210238580681194,0.7999471738980489,0.14787181714452527,0.8254719207198383,0.34485920041678325,0.3910331606623461,2
0.7299272151956085,0.9358290998086292,1.0279918134969757,1.1222809157432554,0.6845252930633503,0.3818866365369338,0.637450065334941,0.2874984167866004,0.19930972020747723,0.2461505636565528,1
0.7560610096530216,0.7834862083736647,0.8668698371567536,0.4931164571953272,0.36689795378931883,0.8513828672211917,0.7037092203795309,1.0814295904745426,0.07989282730547384,0.4404851268127559,1
0.24306713057547588,0.9301753389014408,0.3454298444859986,0.8203134886408258,0.6393223435999136,0.1385511216665635,0.8239899355551826,0.007187329534694802,0.4577636324928125,0.7544748251785715,0
0.05070467762914378,0.41117094018486483,-0.06862907392672678,0.08379763873179927,-0.09287743871147303,0.683155622222389,0.6148922990946041,0.3187698505208138,1.2004057219144482,0.04796278203126892,1
0.08503303131599943,-0.061888802874871085,0.4564605373877283,0.935004377462528,0.7802145306427108,1.0832077155412443,0.6375159439687511,0.41012586906818305,0.45259995611816295,0.9407776558702344,3
0.13374561160349596,0.18070779174914697,0.2700284651104942,0.7280912178110412,0.8633884944460011,0.24741412999030635,0.4501683567376579,0.8428793601312381,0.6543684301818842,0.28863608993682727,3
0.23238387699338647,0.9776352518469721,0.40811551292561626,0.0397985482605691,0.15620266132267266,0.8943599413869354,0.49039202977594937,0.2616498014313613,0.7550449853196626,0.5160583961918842,1
-0.607002084815813,0.8794175515063253,-0.09944294842742785,0.6120203658627118,0.7581194681512633,1.0352145046431982,0.7908067009167759,-0.0007423709039526827,0.7664239756918292,0.9015960875786964,2
0.8664660445562233,0.3802394168365726,0.8103538372128396,0.5597597468502054,0.7099262197526837,0.2696674601721203,0.7309668856747689,0.978186401332261,0.9842759294293811,0.5175084670463006,0
1.0722363934108639,0.20407084021577912,0.23685293858547485,0.2672700336032705,0.030019147569311178,-0.021744800376244294,0.10654062119935304,1.0125959512704479,0.19272725950900044,0.9360197101468518,2
1.0514609448851664,0.520563617746469,0.997532049841671,0.2514734918689038,0.8388647633093868,0.414533054617289,0.8426487599901255,0.8914838510224925,0.690557455182442,0.46401890044817956,0
-0.010251988848359997,0.22625802600770925,0.3750558811987296,0.31161658082550137,0.9673033022762285,0.3775856226967481,0.3676798369289303,0.7097093177945588,0.7748681908377678,0.6569897559359821,2
0.8228531543070592,0.13691050977887992,0.6208662265392473,0.13273679313801043,0.49071572576736255,0.3608051132111638,0.2307595103471226,0.939607272051673,0.933850963097236,0.808662324144549,2
0.2842218099187312,-0.29551285294359947,0.7417719313645806,-0.031211613350550615,0.9744845505935253,-0.12582927520278997,0.9434170197831568,1.1099871925134024,0.7742534145084238,0.16168464741179542,0
0.7881817947528683,0.7344687173313561,0.8885299620115051,0.7989748882330058,0.5662678304846278,0.8706784694760856,0.05106691445482539,0.7302636193766177,0.5417456181036783,0.6078270011269917,0
0.8497828423349354,0.15218636119144205,0.6465694585940676,0.0877622830480034,0.523853391109755,0.3898383972268394,0.2051072769350795,0.9313388947676445,0.9256530676914828,0.8113134567229003,2
0.7835998322444365,0.6435716083876734,0.40530039869231294,0.029781178029961625,0.48051643919401826,0.028121089425044467,0.8644639324468922,1.0249018266416505,0.8255653982595258,0.6993388199820069,1
0.8935993312270654,0.4687576683524002,0.38512499637203196,0.2965157662167892,0.6649243849195179,0.9945013414258531,-0.4645473548243666,0.007628533057319975,0.35019239392934964,0.5605933508969868,1
1.1152197049957677,0.9047204190948537,0.6060420185194929,0.35061791633550077,0.35536719692554897,0.7844378545234268,0.7499698212784873,0.7647785301363013,0.4748123025381167,-0.07744183962465148,1
0.7381110282064152,0.440585343752445,0.6310637909156319,0.25984506897858417,0.14751260578374334,0.5370767666143093,0.9499555974212481,0.4104484679939847,0.7529594248102,0.897909622494848,2
0.9700807260458724,0.7248454052356113,0.4257376676684811,0.09007685467346746,0.36584452505239407,0.7895826864659653,0.5717103265261977,0.5895220365360244,0.24085264412597399,0.12305477429983698,1
0.11735433253121696,0.8577022838366631,0.8188812598569492,0.8157309345849508,0.5370737853475634,0.775389369066183,0.15102175286803787,0.836537813175818,0.5787799150038844,0.6116665489696806,3
0.8271273090939794,0.3161761305579155,-0.06542854004442544,-0.038064230971529625,0.061285370998881844,1.5740278043198836,0.7363388877952836,0.34532075009866087,0.17944382471961529,-0.143217007581235,1
0.18476792963883548,0.18679320368126234,0.8159306557988729,0.18137234997101678,0.7406180962364698,0.08300025950791025,0.7886099716420564,0.07349570110412727,0.28667235003415736,0.7814642339210277,0
0.9022731598533719,0.47853085933365147,0.7510429995745829,0.3978978909275352,0.8040003915661903,0.8726929914824446,0.3360350733078995,0.8585287901576562,0.47367128109622003,-0.3331939375777493,1
0.8888490373982336,0.6885196593730145,0.4513479667918667,0.15971125426073096,0.49107432952490815,-0.10548162575569205,0.8978727761062563,1.1199342346936842,0.9047924001879046,0.9621765840241314,1
0.48122266275737813,-0.4566980976248738,1.185677524378514,0.6702708775654516,0.10776989022062278,-0.01730993882485754,0.05271749303447171,1.072604484546225,-0.20865590193129452,1.2290241051464381,2
0.160939592835079,0.1571575992896285,0.30711260331539814,0.7429919698481031,0.8424481569846854,0.22056744419847785,0.4487060768547009,0.8041418381818906,0.6576995762595124,0.3179982141497502,3
0.29391566646899964,0.9929038230135355,0.27473503839503277,0.7186465336073657,0.941638912451694,0.131921195909236,0.7995317270707054,0.9389563941691764,0.1467104905356782,0.27133289135351596,2
0.25760412628501783,0.8207684252142755,1.1151765832215101,0.8963596886266368,0.460815058448156,0.7219616732880578,0.17738184145733088,0.2484569794757263,0.05426508821300255,-0.2236577619800128,1
0.5601103946277943,0.27129454262492797,0.09335202454715524,0.9731653035632036,0.4166774262069443,0.7868149744243284,0.9864497114611958,0.6663556532524888,0.5131972639125774,0.027055783960314377,1
0.41814148325920036,0.20681260992389988,0.3000915552079658,0.7184674858665134,0.2668802023542989,0.321313871830887,0.9545818278093406,0.02850985695830625,0.8193051365573577,0.19476430006983378,3
0.8700670276292053,0.38108910243338623,0.8079689078933194,0.5665482544791156,0.709883350007714,0.28248373294259665,0.7389186414106226,0.9798318805717134,0.9894136226388278,0.5269110625351573,0
0.9477557237383135,0.34674240168864506,0.39974042424403716,0.9861201920826037,0.653590194681149,0.5219112251668749,0.9886851220677195,0.6185372266919124,0.9257292758893225,0.42889387355656333,0
0.8434828927642032,0.4500665265677325,0.24808289323032895,0.9977908221295714,0.8253771321253326,0.35245454848432156,1.008912876427634,0.6289879305293783,0.9140866734106153,0.42426656479353336,0
0.9710368340345721,0.6694946592392412,0.7470389092018654,0.4293847745450036,0.39058898145427773,0.33199704414170617,0.9149386217744239,0.52017198787958,0.9556343635788986,1.0616929641788495,2
1.0093692521440414,0.2819024308834423,0.3207326967171872,1.032170466432488,0.7215746442659243,0.6303619758018365,1.103250061747976,0.6296737136882683,0.9917731445083166,0.32627482808551067,0
-0.285563861087013,0.565079509551804,0.6879366623006687,0.0317548541838491,0.3601925293527301,0.2193043829659371,1.173036458768519,1.2878905797023923,0.7979383475641335,-0.21326093963705384,3
0.7181674309957357,0.34273801786865743,0.7830392547797859,0.31857766390961084,0.019595476366229644,0.36307384740027276,0.8747134854168198,0.726230690372586,0.20633908425793918,0.22553604825978418,0
0.8453782316278339,0.14717606333156774,0.6442928832877529,0.0898747537193033,0.5301465818884661,0.38989097609749573,0.2093954129810871,0.9337508234207312,0.9310160937162145,0.8189450486506209,2
0.8783450955907673,0.2952143711852164,0.9084300986524564,0.4693674830780031,0.559716509944517,0.6306444024419259,0.20241624571337244,0.6978682738415104,0.8545745093769221,0.8581227278559074,1
0.6709926139564807,0.9175944305759741,0.061220878285999696,0.536178285812547,0.5673729935095693,0.47261088292189785,0.3997163223136848,0.019092457929808418,0.332478452771639,-0.12855605497598815,0
1.1630568826141745,0.23840340498501367,1.0227874285050835,0.2666707366446244,1.0524424172667581,0.638173707221138,0.9403018316548819,1.0089927704489992,0.45907273780845737,0.558938258838205,0
0.3401905972631745,0.05278245715124971,0.6581892941515332,0.2492063834117739,0.9663643922908817,-0.0092228583490499,0.6236756800580436,0.8379645153749699,0.8147047750287736,0.16256208277137033,0
0.11855978944625122,0.46752413984683755,0.31193422799409287,0.9550809909980865,0.5971447556599094,0.7825980065669689,0.35621913012893597,0.07527900013290338,0.16975104188860002,0.05542736462511688,1
0.10087162724679163,0.8446918255231622,0.8138081570072551,0.8183742496146164,0.5229479029095037,0.7916814808915902,0.15204528700658246,0.8352660396911187,0.5811723458788083,0.6191085793984462,3
0.8802166160465961,0.6433428068816202,0.6996416666559137,0.15479493157728147,0.6448250072447894,0.9546745677241214,0.5771125975988242,1.0380364306329983,0.2055221193652809,0.11293429301245976,1
-0.04963620629307029,0.2772448970856684,0.4952069233023974,0.3021869671757836,1.0178939344334352,0.4725471611294999,0.26072695312099736,0.976759958427998,0.6792737592272133,0.4927565008143146,2
0.8625695980915367,0.32211879574798863,0.966237406683785,0.40804051566901867,0.5492963592848155,0.6616278959679466,0.22411392983588357,0.6771601269822086,0.8728367264241838,0.9108068565176985,1
0.3398120804605338,0.019779068962506016,0.7470918022700516,0.15249190556683168,0.9679476689413279,-0.07226326386342428,0.5341787430355625,0.9415865367055641,0.7085565867066537,0.041674094938764006,0
0.8524096518660479,0.14014321155028123,0.6323921039741603,0.10057924139788321,0.5447822549673473,0.3950528956782202,0.20799087556608126,0.9415109383064182,0.9284993184900605,0.8222974611281398,2
0.6401778103606695,0.8102213982230168,0.09309661714543617,0.6961283759864654,0.5281224851101494,0.42332339268662533,0.5544463054794008,0.06075875784456007,0.497136510734843,-0.0011768585390450562,0
0.023724588981354936,0.0825955377943724,0.6135496647682647,0.2615174521581893,0.05309942064513828,0.19753023458095645,0.5553819452125288,0.25028347431976017,0.6587356440647244,0.7764294742031479,0
-0.16417322331837642,-0.06369943596961858,0.3456416909955719,0.5272923326515373,0.18735921107178094,0.9554826263003632,0.25637728474693405,-0.05955726488245154,1.0019012856015594,0.7040240238082003,2
0.8480093801296914,0.3023139818055838,0.6714990554663706,-0.12284279327783293,0.8318533331497474,0.38986473409918926,0.5936786198208032,0.9935946479557896,0.9169729191152435,0.6291649760551916,0
-0.019909016321225666,0.5317273913226898,0.3708529833157763,0.27050243069296476,0.8837192226142773,0.4329889491717761,0.9959993129912096,0.3728747683378764,0.2525313143770436,0.6125131218763405,2
0.7041517755291684,-0.09961593724961357,0.4803023512626027,0.38195529019864044,0.6129740690805583,0.550830680002778,-0.13221384875067058,0.45686943929310675,0.33058649399711326,0.8007471433621866,0
0.7666668436769943,0.7037565282816752,0.787923759378942,0.22330814339965357,0.48300424808878145,0.8228624449323332,0.612707410147598,1.072216636342228,0.11416462705136787,0.2549765163196918,1
0.8597076138529453,0.3879005769569624,0.8027621747890545,0.5843624563375069,0.7233832559276787,0.29185592366467855,0.7121634739911247,0.9711427507653155,0.9893610020254288,0.5089084821601653,0
0.26150775878471977,0.11269614737536209,0.6029396459495268,0.5927034712847854,0.0369503564854331,0.5215324588226937,0.3849367308496334,0.6616558929416817,0.3290412335708746,0.723695519986139,3
0.11846753496318659,0.4701507907315431,0.31459769808332266,0.9543294760503748,0.5985923606561266,0.7789677125189991,0.35946827412805543,0.07815948136595596,0.16862715441737208,0.05644547213888642,1
1.1337213691233692,1.3408393175025948,1.6596607407655384,0.1848552338952864,0.0574748798741585,0.07295100600682869,0.8969622264083599,1.231525323988843,0.33838535748223053,0.8632634465109361,3
0.8363713201200093,0.15632550869724374,0.6304891780795646,0.08011212476554896,0.5343300404044554,0.4016058509720209,0.21964208638521823,0.9333435660049398,0.9207750961763878,0.8215191354886421,2
0.5729663485908738,0.24450895452788451,0.09282298846888998,0.969006430245956,0.45322277760394913,0.8135702131348055,1.0104729190040425,0.6703977942687402,0.5525256243373962,0.042569682142434395,1
0.2195106107887438,0.5527978064909455,0.09860104577141884,0.31862101439381296,0.040386502603466524,0.4032831166012135,0.618223379833037,0.1532097036223226,0.9636484862279869,0.13659313296281894,1
0.10036926045399,0.861693399333601,0.8361674012406686,0.8136133736788991,0.5266782642554889,0.7840497296791354,0.14259497459701995,0.8334228896135731,0.5846103741742831,0.5992865730882162,3
0.6124581083148943,0.4654467711556463,0.723397648719209,0.18641846405060722,0.1485369291569946,0.5215950750325419,1.0090917452209034,0.5040825997978606,0.7320420976167759,0.9368415494317083,2
0.5543540299222874,0.2766713186025654,0.07007026601081515,0.9885557014149577,0.4347148685837958,0.7683388556040043,0.9985294728829852,0.6779951035728131,0.5160859633105177,0.02282339906910511,1
0.8705113982285034,0.3929112545732025,0.8134704576356353,0.564060745297946,0.7120223158088803,0.2911455204004631,0.7343611580293262,0.9469310027821201,0.9638945920196198,0.5110120429230885,0
0.2581331405996039,0.5372969528901419,1.4116350929431274,1.005537302972969,0.841623882902549,0.9102136508769916,1.5774370153064337,0.21328459104093606,0.37936644638655603,1.2617764747092024,2
0.26095399216592274,0.9661276671209794,0.4041220676904999,0.06025757869618239,0.1737044055998556,0.9006906714953609,0.5034354740073254,0.2638777753015879,0.7767650290499165,0.5313041152142485,1
-0.1417053563447798,0.2606223234999567,0.5079099445257798,0.57013035638308,1.334248987264829,0.21215612263115108,0.8251680379295132,0.6225423420252612,0.3078949215084336,0.9957838811310742,2
0.5144079621069866,0.47105569035117023,0.3161356944973896,0.6871153406536487,0.7473636903466585,1.0360285959760394,0.10444732177714323,0.7378258455212662,1.075447810847761,0.268648834779072,0
0.4211346716602665,1.1189320631214492,0.2786627477640528,0.5250491875446825,0.3350852611310924,0.9479373664781994,0.8946354993310331,0.35156266863892865,1.563141111722299,-0.2660862149377982,0
0.1190935223766367,0.7270771169045013,0.33039718671405643,0.5154055222034757,0.5458620410785243,0.8352086355455707,0.5868503595560308,0.013707261313114474,1.0328681766773722,0.2387204227190116,0
0.5380418229557974,0.8094022151864162,0.5418784765408563,0.35678922555333237,0.4370896867181693,0.7917371592508529,0.1580375798632767,0.8190632583633276,0.3613072153204845,0.3975974914316089,2
0.9640430196706058,0.38936211586784963,0.6203841456005037,0.14232552557805964,0.7297084676066765,0.871516968950676,0.5666577808006346,1.125241713642794,0.23928537057990026,0.35122033464175895,1
0.9198665762521201,0.3542093846728402,0.8710222027224183,0.7618953800811281,0.42267700670116415,0.3883600924729767,0.827778430092,0.34900342609082335,0.4037418649355152,0.15156148095538724,3
0.17373951973579582,0.2093316103499153,0.8262120299985547,0.19159788160793084,0.758138057022002,0.08459050245963032,0.77008093516244,0.08008363534181724,0.27716459827758816,0.7628408776983906,0
0.7044724937142395,0.9257324504666075,0.9298429970843924,0.6571896940289399,0.6310505739485915,0.7206772903568628,-0.08451018835380236,0.7636409034973833,0.46786735330849083,0.6737311887047974,0
0.7513281096212032,0.9321672723512346,1.0865674279183037,0.5563139161413397,0.6645147664061754,1.0552019100770633,-0.03260161743277876,0.5596676384160125,0.46385947808282224,0.47818422546105094,0
-0.0013380118066765312,1.101994828421458,0.24726658033709123,0.2687062887180909,0.04335617781795029,0.7815392313906026,0.257789567269055,0.08675235126179445,0.608292405394205,0.31257457910229114,1
0.11622165836607941,0.13781504782366188,0.3200868143409932,0.6717783773269033,0.9189183592069177,0.2515620928861896,0.3800127174511343,0.8816994618179916,0.6263767277763634,0.3339206013744247,3
1.2619980890136926,0.9918293190385382,0.6742256297705442,0.6606267131034504,-0.11242073057388491,0.24831388708081203,1.0871792434301146,0.37947425416194885,0.31392205529146466,-0.36158254650362354,1
0.07736428680561352,-0.2548464308331274,0.28600466377330375,0.4386340702611712,1.1451449753126202,1.1609778963501505,0.4190977889279887,0.6700445288628389,0.2646425084043538,0.9939674444425022,3
0.2096749019638416,0.6410021101541257,0.06457824650239101,0.30761005911768846,0.1620434419896076,0.443227807382086,0.6813153466833936,0.20663863802137905,1.0567884348708803,0.09263890619934925,1
0.454517309610906,0.7688117521166908,1.0256638017092696,0.8392003426298893,0.8365734178939603,0.41753938544966823,0.4183368942629496,0.4404430879955002,0.275220429563826,0.004109848642082789,1
0.03272549330946645,0.8233902316773947,0.4586813688455958,0.8768226951336902,0.5285806546864853,0.3498811149668666,1.0962208605079282,-0.0945193951240404,0.2760675205190626,0.6458294741478865,0
0.16417043900160266,0.5993379748546107,0.01623321630475037,0.2516254690102153,0.1086316737482407,0.5301310902600209,0.6722052948240187,0.12744845582600528,0.9723374701514389,0.027419436428235633,1
0.5360721538604796,0.2997483889422864,0.16198172548592843,0.9111710037318812,0.4048168439769845,0.7199767664073785,0.9187846772095363,0.6977076246987942,0.5357514612369049,-0.015923601803160846,1
0.03210691862314957,0.8889614752574423,0.9222556570872187,0.34259707816187834,0.08665507969859623,0.3447815249998,0.7905384723445812,0.9808236396800488,0.7545660924705933,0.14199114244436414,3
0.6168610097475368,0.8077081778024818,1.1076141779151725,1.1026560710545896,0.26655976517783125,0.2806959590510104,0.3768723345260011,0.8657377287606581,0.24107050506473188,0.016891929849644327,3
1.1231124280158857,1.537003378868825,1.5865748230935797,1.449702112717128,0.6157605892427125,0.011053826308563386,-0.11272186544143536,1.0818451369371789,-0.12255442158673019,-0.13639411742282764,1
0.12356849045021599,0.8511087314500484,0.8311216292085241,0.7876272195487982,0.5432322536069923,0.7888368312576441,0.14742768497194184,0.828766659429082,0.5975653917005448,0.6174525813682048,3
0.120725871875862,0.48349163422400904,0.3040584227262375,0.938446308093265,0.5947737512327052,0.7863548115901722,0.3726573030490126,0.08559618581227188,0.1801491036218715,0.05357707418729,1
1.3675651599362568,0.3639576174107607,0.5207306379291261,0.6570914395673615,0.8391670899741294,0.7530534445725742,0.6384779108400302,0.551238553386873,1.1513835588298476,0.2780633215564414,0
0.8185053146616998,0.1255208845170541,0.6437541670979432,0.11622211962749271,0.517692832282192,0.4215427834562667,0.1971447980161645,0.9186165788937443,0.9226396390638376,0.8049791366114084,2
0.7625398067566005,0.6284338607291603,0.48773487721470427,0.0513726618045108,0.5610429136807338,0.012884286491793887,0.8042147241410532,0.9881648706180861,0.771366662146077,0.8011697461286993,1
0.16086516051066807,0.77296218133425,0.49294607123120826,0.5834038112607253,0.15950527558387817,0.8577564301822116,0.4992568979824748,0.7153074255179216,0.09266278981587067,0.751506471556142,1
0.689101300391748,0.3768385106316125,0.9853745843329624,0.47367112413927875,0.6560124628155939,0.39985279418780456,0.4174164794991394,0.7039696403809702,0.3786616033235143,0.5860960797301298,3
0.11651639677470331,0.8254003766170177,0.9916699514128804,0.35153859438689566,0.08148343908832674,0.28550057181441224,0.7671292617859918,0.9311864794281699,0.7667057987530574,0.1797580435451326,3
0.37061485985100034,0.8044206914969464,0.43335670077805993,0.8016700321822411,0.9608642899758797,0.33649265795902183,0.8311070111883286,1.0747006561509254,0.1517039562017511,0.46238667601569866,2
0.5070052311244758,0.07252712024451652,0.6475947332375128,0.5124423967487183,0.4741883882604998,0.7367600427916738,0.21169112470107593,0.7072065100189324,0.5185863191058504,0.7301552704156276,0
0.0018041766739073338,0.8611397461945112,0.8694654433149192,0.31469496129417185,0.09477299024038623,0.3174262250371813,0.8553933787405674,1.0092549325910452,0.6934618250377644,0.08347850626192499,3
0.12038689075518158,0.8573831597588124,0.8305155015663596,0.8051162620862149,0.5470800826612379,0.7916777479155565,0.15587168194006482,0.8448712353054616,0.5916820948479135,0.5858309405606359,3
0.41341431995198313,0.26085475006112696,0.5339098552765681,0.3471947818427022,0.2650754436413105,0.6461140115427825,0.4446010523113022,0.028436491846324193,0.6168126449615088,0.8885856760912063,0
0.18798328242663226,0.7685270020698884,0.1443848503111172,0.7641588124618964,1.0829005179554987,0.06398179145486543,0.6199450957227177,0.9660725319824314,0.20161603222446517,0.5447317221816108,2
0.21573510331316267,0.9049872260648941,0.5332719515613195,0.45150016757344924,0.03232455962751386,0.8341018865165354,0.6201597072434856,0.49621635577493095,0.05023064300110662,0.9266275911751681,1
0.9063802657267708,0.48682515237236873,-0.10788643527673702,0.6061075419267499,0.8371901073900497,0.492484849489303,1.203759381027682,0.6426295849090131,0.9258461446785037,0.5180419279035241,0
0.4572667511227595,0.4633249634445267,-0.23961789385354776,0.718005015527959,0.3156510751013006,0.38955791324705924,0.5063571226678698,0.2316383074774328,0.5326532509758675,-0.0386822968625169,0
0.038113423299360565,0.050056143872334403,0.5906967734727673,0.21021074279143864,0.002051872697190052,0.27503687995559,0.5538160389974891,0.1927226032988334,0.6987637811721952,0.7894762548300982,0
0.7178779616871769,0.5725182280658352,0.8293487332359226,0.2795501159706327,0.7751684101475939,0.8304708269554422,0.37525789186126324,0.8516546773115468,0.27662275300601563,0.007233868393324322,1
-0.17552361857916024,0.902022789235994,-0.7134885597211956,-0.0816206878144152,1.6826520623171435,-0.5522326233830303,0.8483081229487403,1.223272933190218,-0.5794010919772861,0.782310305670489,2
0.5088870213961344,0.7462707336031448,0.8291490298006928,0.9230914562645713,0.6545584584907685,0.45706541470409284,0.45435258761483244,0.35371590180396517,0.22574338261471835,0.07951716084615601,1
0.6536767171200303,0.40830052940162015,0.5869344464435609,0.5665143416843968,-0.03214859146662569,-0.13922402065236184,-0.023908055595304956,0.3101981513530599,0.5589990524215664,1.3733468837810363,0
0.8515217812386456,0.16660279625747054,0.6457642433300079,0.08961378696567338,0.5357652081959909,0.3949247603317128,0.19977605949945254,0.9307387319467184,0.9197217449663595,0.827258759827772,2
0.11081040224944463,0.855433505515175,0.8208491559734844,0.8110195861820071,0.5321044951228784,0.7797141189232187,0.15420838580161375,0.8363305871523122,0.5768957427331938,0.6055887855028214,3
0.7129427819011844,0.7324402936969165,0.031419869619598084,0.667925821862195,0.4446638267276851,0.3510019014610175,0.5367875313511585,0.0654491104212539,0.4511453653500565,-0.05725133969399178,0
1.2739681969310501,0.5941983184325899,0.5100223234307424,0.43136845629557846,1.1256357321225106,0.9770920326126482,0.314825345652429,0.7231436338851331,-0.36172656618311927,-0.17588613859765373,1
0.42502337762350434,0.742033270073159,0.9017804663255896,0.9756093995736378,0.38075580588164704,-0.057654463277953844,0.5355007513562194,0.5535340042566126,0.05272902219876277,-0.05399876771657891,3
0.8469070853374395,0.1330888412577326,0.6014943507174635,0.09913578364008949,0.5277115199523409,0.3873870994891822,0.2079298959349151,0.9325541654003091,0.8900926935997076,0.8110427970395192,2
0.8530292111580787,0.14916701239492378,0.6410551359286588,0.08963159688084951,0.5312801449749287,0.385172700089671,0.20178563146791736,0.9294204341027095,0.9325900216101184,0.8214737078029096,2
0.8031886474817399,0.7444610514393356,0.9388687199941159,0.622025135138858,0.5264611932261659,0.8391880293250077,0.20322788176633236,0.6765558246700123,0.6567961832425454,0.5025689030519347,0
0.12367451001733329,0.7722354917558977,0.49946125390724616,0.5868696512502055,0.10883687186397883,0.8610964264101651,0.49639435820270383,0.723728631375028,0.06844458841135384,0.7170366381191267,1
0.3510284792627333,0.04077839547965029,0.6283220129376712,0.9500396814533726,0.70624797650557,0.8060358455460908,0.47333947213922084,0.2867486891949227,0.5487389700232677,0.7563221764071816,3
0.4824582213665303,0.16963507435912714,1.0373003496152253,0.8560403661804861,0.3534847957268997,0.8723386012015706,0.3608225559399463,-0.018107891021474087,0.7047570745400075,0.4911136866677231,0
0.596346586926564,0.09752640539072162,1.0460534928484404,0.7481578015713443,0.44325232225758865,0.8566383795177829,0.1967345524294605,0.012646667718200805,0.4942932270670601,0.5347680580521951,0
0.9753651733378514,0.47741499937402143,0.7909178107437234,0.42079505129110534,1.012223233471355,0.6188501815197348,0.5692803912215494,0.707312022815878,0.8022761085235846,0.444845296407793,0
0.1048769916083124,0.8997013754403607,0.9023205427509805,0.5741772213376918,0.5022245903493123,0.93477819536314,0.164873712731823,0.9280915947729437,0.0034552764360020532,0.2099948236993313,3
0.511530075484549,0.24358073244740092,0.252856361295784,0.755676662729222,0.33780335382046145,0.3858979870923768,1.0668938211623946,0.06444488333759754,0.7438826476261153,0.13103549749590068,3
0.8154808606119597,0.3794196228960244,0.833316960898273,0.5394343633421661,0.6962144780908123,0.2657657526742247,0.6996260924279348,1.0233289496385387,0.9753221727996488,0.48732430149735007,0
0.9529426280373888,0.12130970129895652,0.9716549430276467,0.36805023075137944,0.8233147689625541,0.4825558956106281,0.504204818379385,0.6173761739629116,0.6780275676489638,0.6803065633015519,0
0.7155289758734398,0.5889387730731873,0.092614521896635,0.5037390003924334,0.8683770311399985,0.9472521438050171,1.0901501849618291,0.3819309405548873,0.5808282746062514,-0.07332528071860331,1
-0.15935419023687267,0.5459657228751019,0.5071926849186387,0.03505271607093233,1.1364591890546187,0.47335600796759036,0.8085715410781575,0.5360359802344395,0.2959130301231667,0.47331135610548225,2
0.20543653797079464,0.8229647436555377,0.5224067947901687,0.5886188509338197,0.16612139823277233,0.8462319524652548,0.528218621770902,0.7391675802771903,0.06991851828522028,0.7157536376249332,1
0.13228129841561367,0.567461509905365,0.03346104169903575,0.23444528459270195,0.09091708828030375,0.5294647332209492,0.7029894937183276,0.17076934527707333,0.9963817902794537,0.06919228976296034,1
0.5013866071050063,0.03683174772197002,0.9508862368128728,0.8769658803816853,0.42398045020653174,0.73883062115722,0.26227343097916483,0.12409504681203737,0.639235920554288,0.5957058181796797,0
0.7080754184876976,0.16134976114393987,0.37196372240818865,0.6229941973268944,-0.03512900028722857,0.12014048242195852,0.32996217417599955,1.1090016249334844,0.33279436613214064,0.41177825007508195,2
1.2726346657991288,-0.16546157860194055,-0.41560167960276084,1.014504724928,0.39459206138035136,0.6311593701488925,0.6682205531256566,0.09653754240960288,1.0985995964826802,0.49302304561364085,1
0.8616921001653746,0.40848418293853433,0.78426070471817,0.3482983574254842,0.6121377982648478,0.6774646892057032,0.06686306374651518,0.6356114304605232,0.6861007642248302,0.7038334884896218,1
0.8550715186778539,0.1431610944662597,0.6353077404798274,0.07764180712821278,0.5255691823184059,0.37766602403522564,0.20504336152068814,0.9200215261083668,0.930334937430084,0.8069970072692463,2
0.5435837937223371,0.28029356663627153,0.08178494878891061,0.9757461759281885,0.42660229003739836,0.7752853405403407,0.9833588300360394,0.6641523068095522,0.5102752450196472,0.026586044246129942,1
0.8512373714582728,0.8269140660621218,0.8699059163154109,0.6463647456436065,0.605227060298487,0.8191150091275864,0.11969164842142996,0.7551971693807069,0.6742549307112673,0.499074524489273,0
0.7949521416747595,0.5902798126085521,0.8451375895769341,0.2548801105432487,0.825717238658199,1.0761607664525603,0.26694310310408403,1.0203379701638582,0.3023243123946384,0.21975946181755857,1
0.5338423085169867,0.8014992107429803,0.5350611918497729,0.3603917983602093,0.44144186312345124,0.788543716527983,0.16012103851427964,0.8139237759428196,0.3492084078015956,0.3883129102965814,2
0.2793930956874641,0.0884109209763179,0.8139656045629923,0.9668716720073538,0.8949516129640962,0.8117554509863889,0.49248391240971673,0.3830402418737968,0.4188675648694083,0.6736391640038082,3
0.023250094489521714,0.3112343146094583,0.2842676700188744,0.6128718212733489,0.7359552521030602,0.18939976259396962,0.44301577515995005,0.7629123008547228,0.6994007418149625,0.1424964796030035,3
0.7990348921168569,0.6754790210953303,0.553241305452536,0.18204074045064264,0.5011197668942251,0.9729698626742228,0.6282254154056348,1.1174344456838436,0.41806261531721023,0.1734368588558729,1
0.5824045470688984,0.24608410311614598,0.08967725581148542,0.9718474470119315,0.4023123043074127,0.7943898189252887,0.9878594419907409,0.6516344805723318,0.5186556230764787,0.014765085036927163,1
0.5368466121111849,0.8019642853433663,0.531219904758653,0.3607979764641747,0.4373760136389285,0.7888643132157104,0.16175728835569536,0.8185115299218003,0.35003893834531424,0.39228553278713946,2
0.08629948910971783,0.06553787580628753,0.4008061410029267,0.6316568292873265,0.8720641752897158,0.33180405503136784,0.5137819442330741,0.7404836883297867,0.6771485666558474,0.28679521369107935,3
0.003541327288946284,0.10471059202842495,0.6362539886325317,0.2622842034543375,0.02733184219877705,0.21415857693684684,0.5761889704942739,0.22481664672477025,0.6868916308555193,0.7788563440276229,0
0.14356968277261672,0.8730267530947391,0.8248780331938872,0.5881481509587911,0.4230586082783884,0.9306272144567616,0.23073788082753832,0.9823939471298514,-0.020402465193547957,0.24368026383576627,3
0.3259988410050988,0.07584205031321817,0.6343807658179685,0.24596016871842646,1.0004476515612684,-0.0019386400059952253,0.6293721706420147,0.8387479632018484,0.8252413926865627,0.17092386789327468,0
0.3382580578178443,0.03505562289110756,0.41708570468101075,0.4867250138087321,0.26248067835765854,0.7497556114439496,0.19070605997322918,0.45006499002650824,0.25514164036311976,0.726177089150696,3
0.04606591823842794,0.2216066316354691,0.6101211477941293,0.17509239525496778,0.02971588171892232,0.22622705894938985,0.5357848826738557,0.27943492310099916,0.6877637747848404,0.718842142964137,0
0.8593912879470976,0.17720146781828808,0.6246330030678506,0.06669464937423311,0.5136168844544723,0.40557682202187334,0.2378654315950384,0.8937617965242765,0.9078648550087905,0.8054465333357494,2
0.4137592265049419,0.19919865606741136,0.2997393967492962,0.7378531766689052,0.2571820346700651,0.307973659484468,0.969056849240152,0.03475868694872563,0.8061192671035379,0.20198052506898861,3
0.19825208756495044,0.5611086910174541,0.05741033356371106,0.2033284272047292,0.13143953521356297,0.4623151350128589,0.6764807066515826,0.1516639077078506,0.9878261139390097,0.041455934679593465,1
0.4283645632015569,0.22398359750715294,0.3286080348418853,0.7269201777431188,0.26708607104732573,0.3361083071465191,0.9854905795083091,0.06467490650659531,0.7813351562491099,0.2031495684052787,3
0.6916364073704606,0.4532879200199015,0.5854272209271938,0.23652231663115308,0.16120416397019033,0.578404935981216,0.9897107465975233,0.3589194824452081,0.8059102103104777,0.9323441639280752,2
0.47059646310198133,0.004717509670096744,0.27370188894760783,0.330482515166967,0.27174555501787845,0.5851503232712986,0.4361569665127581,0.9422726838608723,0.37263205134760796,0.08126021081643756,3
0.4983451208941129,0.2538796148889322,0.0365466429965429,0.9288973532985355,0.37969286524451784,0.726813758650663,1.0591685631739292,0.6201579601955381,0.5528956349343264,-0.01606541846585479,1
0.25146634005272234,0.5523476731586618,1.02384475127535,0.6910778854375343,0.1843777365024867,0.33868767086924684,0.37445619531590985,0.9334051476412051,0.03358644017008586,0.05546733623492395,3
0.18214373212320745,0.25882724357305725,0.2557649110375544,0.8036021049799629,0.9001222965175503,0.31612078638606633,0.4187015335447576,0.8588102510198363,0.5824815042846676,0.2705104373666855,3
0.5517234113851182,-0.1229134548712276,0.2692384741620074,0.41119706601806943,0.2212053260119869,0.615423729220692,0.3825001581073471,1.085949406293521,0.44178203035631464,0.045578556342139386,3
0.5460484947229091,0.2739006390695734,0.08701030610930441,0.9830124752518296,0.42610331765763665,0.7784975476806177,0.9919615001312337,0.670043522025595,0.512270365784493,0.017264415084100027,1
1.1048427564634022,1.0651484857254687,1.0667012955693003,0.8076070082914975,1.0084060518758542,1.1097297910653694,0.06707023296724013,0.5656494413043893,0.6582554909384739,-0.04401065614797128,3
0.533082539944844,0.8036183287733487,0.5345268176042312,0.3612321150704484,0.43821947502326275,0.7887731250880617,0.1627023391654745,0.8148006093910058,0.34997193888770867,0.38934604411286866,2
0.27429393534338387,0.4041904994036713,-0.5337678038272398,-0.07040834206480134,-0.0025657789313551643,0.1236534149475555,0.5755178395548091,-0.12279619744068276,1.368802241330985,0.2930842627963289,1
0.4174553489627564,0.4632232089466776,0.3641881516634462,0.7778178252258522,0.9163164642742867,0.8823835866005765,0.1420861815161737,0.5435837622116712,0.9663824123219598,0.30498250481037914,0
0.9410582291799955,0.6523569996558697,0.8467559103940675,0.3290760087246394,0.6387443200367922,0.5563284517372332,0.38877766329897306,0.48388760853923,0.38068281424633443,0.6435949457591967,2
0.2881988804711302,-0.16898550764505713,0.22588741564791687,0.25012895452218936,0.14240030076844312,0.7432424565334793,0.4700540667978003,0.9387568816656474,0.4849274445819022,0.30002790288322,3
1.049348914427682,-0.06019238391541909,-0.045125136556055434,0.8230912017836371,0.4830248055288328,0.1725898005012474,-0.12972991327761385,0.3752795109944622,1.1186329422986283,0.8013152548667095,2
1.408807917872831,-0.02593403967215735,0.7792457657159667,-0.12927191282771094,0.26583426100306834,0.41489663904627294,0.32384693006887133,0.46654249429250494,0.19449496350361573,0.967437523555449,2
0.11400297352621286,0.8535018518110861,0.8166935731734991,0.8098763833247483,0.5358042866428525,0.7796096124355475,0.15190444396379973,0.8323785049838592,0.5757000182865203,0.6066573513309514,3
0.39204896136650286,0.22027332545173123,1.0237743153115906,0.7034282083400468,0.8472161714745976,0.7858966544161599,0.7736838880366915,0.22008970506012066,0.16667222511874313,0.7438432386588909,3
0.8048157563597665,0.14006722792094525,0.6445464299139234,0.12974614107027427,0.5721864981593384,0.33176163209719894,0.22108466364695362,0.8903359842967502,0.9170439446892901,0.8220661271441295,2
0.45335175637727615,0.04346425301650185,0.974501381636322,0.8926921436569566,0.4365016331658213,0.7591353206215591,0.24946504614781337,0.10524115056814573,0.627868464267521,0.6418202375122108,0
0.5246799613779187,0.8140484807199327,0.5293736436310252,0.36739467399843817,0.4455395344935245,0.7935336997251974,0.15307207160387126,0.8117180246686336,0.34961490099405995,0.3962234544452357,2
0.17926113534311633,0.5063973103146768,-0.04363808210539831,0.1561145674432498,0.023563066530484178,1.0659806736926607,1.0885300528678732,-0.16697440867921015,1.3608016604128972,0.23759638147431503,1
0.7657473677170069,0.051972084254295337,-0.045619546040798875,-0.0681862089415469,1.212260095811288,1.4780546080246775,0.16093996585666748,0.49851293671193353,0.7606467553768077,-0.286693500737352,1
0.24186506458679435,0.03548287672952631,0.35863320768450924,0.2667840257433433,0.3936264278322615,0.745973651495307,0.5936060719496798,0.06789538468283624,0.7328480836751257,0.8157288883667042,0
0.5935398142453521,0.14209636479387094,0.6752700016384381,0.08570384561897615,0.5039950053980058,0.8192400612293242,1.2681163168754062,0.711843859048436,0.6008993323647577,0.8881955441336491,2
0.0025622934826071567,0.10525905826125555,0.6307575855734787,0.26524041679234106,0.03334836899636353,0.22017784041071897,0.57440086559384,0.23177948071138982,0.6815651105125353,0.7734849586853836,0
0.23686644526795952,0.7928356140276392,0.4382451984483408,0.5894823226677598,0.17759875658925106,0.7777835777534402,0.5894830428516296,0.6955428441222417,0.07348503849506047,0.7289494146397455,1
0.10345820121750376,0.38279908678706387,0.8930906649374658,0.9364862900502965,0.2991443991217678,0.15727669166412184,0.4247266738939333,0.4807660929633867,-0.17732874084713857,0.18495699443124625,3
0.09648771169738982,0.5592074812187873,-0.002833389214164428,0.30071477212046777,-0.2892907918037027,0.9492254079716355,0.3042009758516225,0.942339454538312,0.5118326150788307,0.6286383084850966,3
0.3039580309640259,0.16541827138307943,0.634675422971495,0.9804881177153746,0.5731053273056615,0.7961917747698657,0.482439397542432,0.1153207505404191,0.6672507355613018,0.6593291005682318,3
0.12260254130298617,0.44774847024088815,0.3399104721348186,0.9211785180737287,0.6274849542293387,0.7955262152327138,0.3338395022369543,0.10654652368858075,0.13948063770611133,0.05084817437265633,1
0.7794266471989442,0.639974554809472,0.49713668132553923,0.055084605155717906,0.5424024377331969,0.0036315998991869047,0.7854778193583611,0.9736421927662205,0.7811908138571269,0.808867212899922,1
0.6261372666395536,0.851289608511086,1.0216413287263943,0.910830382267775,0.729706698627475,0.42312326844251724,0.467169541713909,0.31637296633638506,0.037075355400481375,-0.05850430961610667,1
0.9386309141429429,0.31618300946068195,0.45960940782240545,0.9641023205977046,0.6032407472521075,0.5682664738573283,0.9327191240906713,0.5975439725759873,0.9879331765321274,0.37090600306763943,0
0.5019604739825352,0.34256509636607985,0.15941079849257028,0.8927487459405915,0.4924405819776994,0.7685927676644727,1.0094001901616225,0.6211016513593901,0.5340438979185363,0.07527588053043346,1
0.004773440759144196,0.0766627645414348,0.5918496886983267,0.26810281534194674,0.05777628862209408,0.25777261517778244,0.572862942955814,0.23620024818811547,0.6430389995165263,0.7520456576864851,0
0.682867076760418,0.5270496835338577,0.8752612263921921,0.7008364205504317,0.6126070017310781,0.7499941646730486,0.6382486147243633,0.4953065336709973,0.32322047034577883,0.46672885243139406,3
0.5024462276763799,0.6896057990756508,0.5477800500429153,0.7680085746837284,0.45084478969524683,0.47527178127513964,0.910875497591304,0.27272449620412864,0.4675817989123571,0.7659257834736,0
0.121311300056107,0.8629463423038869,0.7295520133803732,0.44260975644876854,-0.07345259928457493,0.5631625080237882,0.8873868752029912,1.1130293924087744,0.6683798286373204,-0.07570620620821758,3
0.7965136718285665,0.8660461331281449,0.9121580402037991,0.8353631119590128,0.23852882520342533,0.5933233541203423,0.13947492424034152,1.1846387047020077,0.329400826877126,0.36090326857791355,0
-0.2546938802421818,0.6102487844921217,0.6700160103886833,0.01674530895500323,0.8428855767908653,0.18849078674236963,1.1253738154855286,0.0076927325115350165,0.19338572238716983,0.8280656729660985,2
1.3088351510368588,0.16815965050738862,0.9396605070562629,-0.029515869544904233,0.8342257232903031,0.2747634287330081,0.435525873109307,-0.042688414899256566,0.1255162011968508,0.40917539178138634,1
0.007383721480517389,0.6575736294361658,0.159127495634516,0.9006934724600559,0.018006272791382335,0.3398570870096842,0.2018191995843887,0.2783518250163616,0.46948329813997736,0.9506934119829261,1
-0.16306271407289075,0.9609855974679185,1.1168006099752656,0.3597325945216477,-0.024446164277296747,0.3966220706227049,0.6069310506638549,1.0930245261061227,0.7303162841111502,0.05240734041718546,3
0.3904906652133563,0.6628973867746238,0.8026050751873575,0.8942513836440434,0.7399274428838173,0.5417283659846244,0.5976672614483697,0.24368070041640932,0.18092158690244203,0.16072118075986178,1
-0.07384366329198705,1.0281637285662533,0.06186198826825872,0.6361340894066074,-0.05765145993392187,0.9034833262858519,0.8656398236595672,0.4720227659719164,0.7025552648923937,0.24773820841508506,1
0.1465663943990687,0.6853898451268119,-0.11741860563742693,0.31237455177561757,0.11869833975546895,0.2923380020658478,0.5261463743214772,0.2711829352295251,0.9013557257752336,-0.13835657552076505,1
0.9705520656675493,-0.15503670575062511,0.8505956761452109,0.5520656973506848,0.1007260384531458,0.8270023934183346,0.37940860101165574,0.8001163150629762,0.6502126644464344,0.1316130557552138,0
0.8364262101113027,0.13915883469846826,0.6540655580154086,0.08287828048545089,0.5348163350565299,0.3890208554687915,0.2071703181419317,0.9279824966398718,0.9243856813065926,0.8196634830847099,2
-0.047807375585415784,0.5951408973997483,0.7791732226145685,0.639638982078957,-0.07049976326906549,0.4938568325190461,1.1511370668063217,1.3322914903202776,0.9542541102637956,0.38223674046872025,3
0.4242043864514122,0.7110418606038672,0.9279627508692534,0.8938465127335813,0.21619796600351845,0.09562024119723704,0.22937865038395022,0.5757870039495883,0.16922747065555746,0.20628333473000934,3
0.9189175273752074,0.6423338793877504,0.6824960727014608,0.7477282705823606,0.6493640061462109,0.297784564965068,1.200155273467981,0.7421684426148979,1.0442958937218012,0.33003519022267236,0
1.357171417394191,0.43087363736275264,0.2404218288861166,0.5462811882333639,0.15528160647280442,0.759653441199362,0.8634806779364788,0.2814659689904731,0.715194414481768,0.1796044796672271,0
0.18125299831212616,0.8918276905015944,0.439743689476137,0.9158191273025956,0.6071808907347404,0.23088079006030707,0.8932742042196739,0.031854595174913146,0.41955502672890704,0.7941903560446946,0
0.7715378372165267,0.48194241104650193,0.8926108129407653,0.4493128132180453,0.34393515335028946,0.4245894325286493,0.7056869338452681,0.4228591232046971,0.26783023938905187,0.3435558911904536,0
0.5727858723130781,1.211941910718063,0.3245565298762479,0.1156521439601293,0.07018328974881222,0.9919058802171811,0.7543361112371654,-0.03809176373486184,0.759289094688076,0.7417178138775697,1
0.8789075651912428,0.36289820230251546,0.7689950121044529,0.5672168868458775,0.7398949325272449,0.23311886770694146,0.7594222652449957,0.9369938303162424,0.9885927849582627,0.5228250171509305,0
0.7187864162254848,0.4298452768628358,0.6184681244237973,0.2578411401465104,0.14574460578753734,0.5333453701133798,0.9643004756441773,0.40573782339995207,0.7429126967850816,0.8843481282351164,2
0.5659831046496218,-0.05888860312276814,0.6085147242215312,0.3410923499533311,1.1663380817559752,-0.13833403383030368,0.7369740931484104,0.9370664860315793,0.9665518979351191,-0.005914831874222953,0
0.7447721977076475,0.21051636122356518,0.5075930784019919,0.5267523514816683,0.1850319795532334,0.08324198918348726,0.27276971385655435,0.9422240690878033,0.5632398887497245,0.7305197136572573,2
1.0422807693351952,0.4265524589040643,0.9234007804521748,0.1570116670206108,1.0574848560548866,0.36011698822011823,0.7193906646746893,0.8683653313486365,0.6823332656464359,0.577211988058971,0
0.4257471198466186,0.9795271923992381,1.1764935782121748,0.3330251134920885,0.9912896368819866,0.8039487349298089,0.7847274649549009,0.510447642593896,0.8519673270093451,0.7762835506420442,2
-0.03998029378936234,0.38782233713186426,0.3043947152261357,0.3698814556655349,0.929157650736959,0.7608374146443225,0.22449587746507824,1.0019647300895935,0.9728890896927495,0.4546550354333991,2
0.13838026524151445,0.7124719702978904,0.2980758592905395,0.4520878940299708,0.4802768418872834,0.8439883729043682,0.5408331819088299,0.10673488086971457,0.9705643140147248,0.12272672507633287,0
0.9626257013721307,0.4801116254319009,0.8899761491296185,0.18876243830607636,0.6811885980152289,1.0665228287846886,0.35694547537656834,1.1783735782179798,0.07088466282497363,-0.042258336174797934,1
0.12778568597842213,0.5796790139276593,0.24273049636139254,0.5080625607886279,0.532042157330116,0.7787550474668151,0.6834937236517583,0.10227592028295657,1.0265167639656172,0.15198861985493473,0
0.21882882698225126,0.9609481686727832,0.8665710187551807,0.6073723660237351,0.4325412667718438,0.9210288477098276,0.21016145903147962,0.8927439554513178,0.05189117261829103,0.23654483773546334,3
0.9486962070774261,0.7495791651561234,0.7764771399254083,0.5687464008310413,0.6601728013393431,0.924518998391679,0.16682549390801005,0.7987519395454058,0.7076077287810538,0.4276854974203351,0
0.1126692714772297,0.48450215138282565,0.29578869110525086,0.9457361816668313,0.5795542588851841,0.7672657074196564,0.3683413925330517,0.0862894173425152,0.1824131475322065,0.04148132028833214,1
0.1442007275302668,0.7572745129156881,0.48083386849495646,0.5776061934292263,0.16485017011730507,0.8454421931302394,0.5209119261199998,0.7233967688481664,0.0906396349189557,0.7321014731635019,1
0.5603002921943588,0.8260436394665753,0.919444541960494,0.8498371688970606,0.6941839143399536,0.45592237546776415,0.3468834637471505,0.4115226107025166,0.2701154673283475,-0.03581260780759678,1
0.47539009826263945,0.02068012654271519,0.9188105856482571,0.8719031917406769,0.47265881466191906,0.7949105825888124,0.23507361813452668,0.07198748973925548,0.6336965330886997,0.6056968755633307,0
0.8951756348041818,0.6090332539257166,0.7629159601655173,0.22002748327611618,0.6177698905511254,0.8045253585885779,0.5532358762285295,0.9015382373105056,0.32631367513053805,0.24324637170576197,1
0.6238900418771156,0.23368578818096772,1.1176811961826187,0.38254404793470465,-0.03081275482579629,-0.0103417073720532,0.7536790969963716,0.3897063509249371,-0.06665122951049063,-0.12625777699700835,0
0.8725216114931992,0.3706354017659825,0.8096733329976176,0.5555731505539001,0.7150492515750514,0.27899288391389293,0.7239776122295611,0.9705470120744625,0.992721253941995,0.5044125309653096,0
0.09767546858133522,0.25819258816187296,0.2636738515216687,0.8007144067858423,0.9175996142755801,0.30871485041807656,0.4688303379217571,0.8336529260430566,0.7004741093751696,0.27131422664609905,3
0.5277435135927749,0.8025184656104346,-0.0038026983771735773,0.6978943900946298,0.5440702212836568,0.32376282304786724,0.4930536749137833,0.13311379419312153,0.5951875902863552,0.03744824545895014,0
0.41372296677860604,-0.10849416164385,0.49525575178850945,0.31501321063351223,0.10124839936352245,0.441657609202333,0.6298049987208381,1.1914988614162287,0.3728288904351178,0.08259043714696697,3
-0.050889095014443345,0.07346350694734705,0.6639922428193735,0.2732504545464208,0.030207105431579753,0.19032434750781743,0.6154837114981078,0.2837985929988803,0.6694617191719915,0.7746949065155836,0
0.4064692139693383,0.19753488392524945,0.2938451542055638,0.7318929452753645,0.2506835156424519,0.30644727236341746,0.9618139374194786,0.040156887986228615,0.8019892932623484,0.20562052541012163,3
0.8874435818300878,0.7907153895039581,0.8592525652411387,0.6204038802732001,0.5717949781862206,0.7903643535481429,0.08364970998882014,0.7722443843792782,0.7228588633233034,0.5186264584867417,0
0.5458512320072709,0.27384488033216153,0.08661026431925563,0.9802582264106124,0.4245660635426073,0.7783256277175474,0.9926768091348348,0.6700396370289625,0.5118436323306587,0.015901583750530586,1
0.4920563195377261,-0.007178027886245905,0.3014370233576012,0.2950996627720449,0.28620100519797403,0.5501174123843121,0.4307074229001932,0.9556584395923597,0.34242884717733313,0.06896000754054712,3
0.858626746457615,0.8322369423905281,0.8634085437328585,0.652964185893066,0.6049749095504742,0.8205277914194534,0.12738805910393425,0.7476379488530996,0.6697873536144396,0.498176094703038,0
0.4246827831651947,0.5415797992029474,0.12361646170559032,0.6439183644082918,0.8120837189495994,0.9733128174936916,0.0456142101508923,0.6479308894186765,0.993295537433638,0.12197539030979326,0
0.011046148556014278,0.1269592047136262,0.6111232650286507,0.25732196792991135,0.0027857629001210027,0.2584967351842688,0.5881542425440417,0.20621357962483503,0.6924373478996834,0.8095204320159352,0
0.0856265385277128,0.5058840923505964,1.0577178777659932,0.5048988108033385,0.10562970816323866,0.9456052930998099,0.22903599239514116,-0.09802448063683855,0.35321740650838623,0.34763219292646785,3
0.18406837710695095,0.20427275555150204,0.8144185451561315,0.20263717285327357,0.7577700444180181,0.07890212951418366,0.7651209886016709,0.09378931474949131,0.2704325298093535,0.754255536523386,0
0.10186842318198536,0.010530336980047572,1.2211923169308887,0.836069234948587,1.0416206598892954,0.14260676335763328,0.2127971729444294,0.6015386619119799,0.42463458464024906,0.43028649710581346,3
0.16362812366656448,0.17986271416515925,0.24907580098374849,0.7736657726354662,0.9126677555681507,0.29689446920755147,0.42182375781824427,0.7987070992781816,0.683946723622644,0.265860692202905,3
0.5360380696065735,0.7953147928767933,0.5318067616600027,0.35966359994300673,0.4304400053709844,0.7931200631640907,0.16497742481459443,0.8105271244177006,0.3444048563258606,0.38957656979074146,2
0.8403533053699088,0.14866439882240265,0.6461935787628211,0.08597900941880368,0.5325710789040262,0.3925738839428507,0.21005672217958168,0.9341400234492937,0.9335445501148939,0.8181075718387371,2
0.3103046046175508,0.13913794412086644,0.6513634251206922,0.8666172840773001,0.7632790405095233,0.8587288190507876,0.5514051178950965,0.22197590073323378,0.5221893160181911,0.7416209802547988,3
0.34609469847400254,0.208096950638193,2.0853120147729918,-0.4245353500779334,0.014602668890941195,0.6292212497423766,0.536886212715476,-0.7816941388732658,1.5741943874240296,-1.2271290753014985,1
0.5411816876080405,0.8114463839794938,0.5373475788901595,0.3627670171253535,0.43004997523096905,0.7936136889821781,0.1553339381716719,0.805631969084514,0.34855392994462225,0.3877396639913947,2
0.12855204130728903,0.8844243181072516,-0.033665667288604095,-1.083678970030637,0.14500029145946775,0.3823744641184704,-0.4640654646791932,0.09422004593437161,0.6741995093924691,0.4323562521988365,1
0.9382848761502546,0.3587593885758243,0.4066755883414477,0.9495977918165412,0.6343689343197356,0.5297699846189575,0.9830373358603015,0.5972627304046523,0.894621558475784,0.4261811991291493,0
0.5593987584001117,0.6526994592271966,0.520275725967503,0.17817445775774143,0.5664013758512686,0.7225333937177552,0.4930439360472368,0.7363002178860177,0.18254251800662605,0.45742686381129455,1
0.9336795475927697,0.657216389310674,0.8789957236066775,0.4474012005241407,0.6715797579495235,0.576904609432832,0.23520204640339615,0.31318158331939744,0.2697450059006462,0.7587187416722583,2
1.3273124284398665,0.47737328510138166,0.637147581041935,0.4841005431964139,-0.5728646692519316,0.13694473420312267,-0.13503783588857649,0.4082985491312414,-0.06950326143741811,0.537474535306594,3
0.11796917351855914,0.4679571612792716,0.31194580460565924,0.9530473072401514,0.5965791423779725,0.7804879131776465,0.3574824141953015,0.07605447637225417,0.1700677276937249,0.056067068815988295,1
0.1998074511275464,0.8170972940246829,0.21952717633201968,0.4598855569338019,0.47764595705820306,0.8883747367235613,0.532477990998485,0.11321860024497311,0.8162676589018392,0.025655444882628553,0
0.8435130677769376,0.17862538515622198,0.6348603318362651,0.1026646273069832,0.5605447454655799,0.35118974005772075,0.23030029899644466,0.8967416277070616,0.9338500524405935,0.8118596578171772,2
1.1682101435761523,1.025065360500195,0.12795325943805885,0.3823913217039987,0.6867918354960545,1.3238197467838746,0.8548629951284399,0.7976257446498645,0.34936394315062014,-0.3124539844549554,1
0.1664139187030181,0.603091614072192,0.08557761554596963,0.2569609580793469,0.09875421162262185,0.5225168328896477,0.6669503852789006,0.17350262220542323,1.0242845268084695,-0.00456251608555034,1
0.2688916482574616,0.5809681501269018,0.878894024509359,0.5550082940583547,0.28618900969406136,0.9430418500690091,0.13605531057904047,0.14924113013082663,0.35766036028855847,0.5025869996098598,3
0.8267491978382574,0.17236557389153684,0.6477146365766105,0.09404062802722869,0.5300493841360986,0.38872252480886144,0.1947026370217775,0.9311638934556328,0.916363880352961,0.8307709824869005,2
0.03001058332788334,0.09017798106778764,0.6603828182259942,0.23569865382123595,-0.009272509281527237,0.17972418302153628,0.552925694847902,0.2533360730306342,0.6414290025500455,0.718741662053986,0
0.5019713333690624,0.27580086879815846,0.28465211086322156,0.1086337031336442,0.11390113945904351,0.8413060780865032,0.38703809260764777,0.01561437087607273,1.2559440682902359,0.33687456270332444,1
0.8653641134251916,0.3884212299869219,0.8097530935047991,0.5714661286414339,0.7110165192659569,0.2687055243126408,0.7262784171518145,0.9731146218388796,0.9895047053243273,0.5176738761910163,0
0.8423556610612257,0.20627634644613121,0.47645037882078395,-0.20618598703200425,0.9898158262591428,-0.3545371956281067,0.4477366958943208,1.4068280803800683,0.8166529550171647,-0.17809478564601167,0
0.789330067724972,0.6368412863771454,0.8260957520088391,0.34808448937145486,0.6232485214972835,0.902992129531816,0.4579435639620849,0.9670386519269001,0.14922702467120377,0.11392615767273952,1
0.9052792530460269,0.5232038967608952,0.9941216368814749,0.39998807224941074,0.790810863522412,0.6111902731815733,0.4014374253933151,0.2983031394486795,0.23502373253070968,0.716151156626824,2
-0.24523017038802586,0.7762168988156272,0.49485767486255866,0.383030543373452,1.2191119500190228,0.5178799900214123,0.8587728785605184,0.20668022952812992,0.11329888870723212,0.8624661249899717,2
0.18757182128545669,1.035048479180982,0.7548746689131351,0.5130147547187915,0.395248031565126,0.8941369102255325,0.1478821794071783,0.9214057607999457,0.05017432906943487,0.24321286238076764,3
0.4101049517629577,0.039083949295095614,0.26197557872299293,0.355631250926471,0.2107732440142499,0.5455975505278476,0.40935528692212925,0.8838583268610332,0.3038415334162126,0.04116545185932286,3
0.5593797423042626,0.262030228184021,0.02325577909796351,0.9285972915537276,0.37055017102072146,0.7784912848666378,0.9977897613411743,0.7197518937493601,0.5692710422318842,0.018620765519110502,1
0.05753871910210752,0.3732666510438394,0.22300698018266835,0.3448898126120291,1.0201097213781551,0.651784992005583,0.353410452031136,0.8232342021379274,0.8790398343800266,0.4295663095812231,2
0.988842301537113,0.42900242563316204,0.212594224069952,-0.2346736445740481,0.5843227717554658,1.0338616729859282,0.9354107473127491,0.3131544329383286,0.1975753721144198,0.03365450956178008,1
0.6398302861791993,0.08891088198880198,0.43306755781654976,0.9362425577676687,0.5718608568379232,0.6351156859330066,0.7941168863005231,0.8343917663361973,1.0825585797927428,0.5512730395305445,0
0.8543878780200108,0.1365760486148455,0.645467641340606,0.09575847269031437,0.5130906304709538,0.3762468930711296,0.1967240599822461,0.9389087899187264,0.9177953492747578,0.8162413832254353,2
-0.008324340196346966,0.08742389468944997,0.621949107133092,0.2735320747757819,0.0600085487178264,0.2008826888052504,0.5917642751968855,0.2171500678767536,0.6909958227521161,0.7725589870894982,0
0.677817221925296,0.6832612466202649,1.1228463015553953,0.5665576368245819,1.0840006072834916,0.07462145920867369,0.39722859793566156,-0.07781126133349692,0.20333229623565421,-0.18138207064452155,1
0.41060256564858083,0.19402227171881478,0.8367705599849933,0.8483206992962959,0.4587302845958658,0.8246686065858311,0.11516188274818534,0.062399379834219906,0.6400643869271503,0.5727839716771295,0
0.7969606478725672,0.20949236435780832,0.5686620455384717,0.5440553839768794,0.17704469885901009,0.08804820211891173,0.22580589226741604,0.9065308030839346,0.5523038556286953,0.5938735208710638,2
0.17715691782115056,0.3992596975007398,0.4439095029305056,0.06264443664129404,0.773522642177207,0.25959008034115094,0.7701213329683303,0.23427030236467342,0.056121545304562814,0.6925331586424284,2
0.482895342942874,0.5863812012397963,0.20764820394765654,0.7253153742203049,0.7743916200610881,0.8240388151576236,-0.008004167442420957,0.6055189036876621,1.0361477433953006,0.0978868557337448,0
0.13153302400673997,0.3380328462044071,0.3021030636537405,0.25347220273387905,0.5084065193242296,0.8497981025555336,0.1559414827212322,0.027235685274136508,0.7359822396204677,0.5671158554908499,2
0.6115100340993761,0.5091461289492364,0.4318842431851466,0.5610425123378936,0.7341306401695642,1.0672732970567294,-0.0021950782217444037,0.6079139873335154,0.9540560882456633,0.20758753823761306,0
0.5058364809083045,0.8291472844120173,0.30550335480521407,0.5391317893558244,0.04205995525152317,0.412217695345038,0.044970911081777594,0.5664937977412208,0.9590588245953728,0.9604893252691832,0
1.1261599165356464,0.3427059317210717,0.5532629271286299,0.9523482482188881,0.5665103686932889,0.5764837779031482,1.0754540396216392,0.7907082515194402,1.041454728336483,0.5172619189117833,0
0.3417742873617689,0.13610681070459046,0.34620393794754156,0.6666535928708627,0.27634030117689584,0.32428640829432004,1.0022381910369413,-0.008894068132361342,0.8809821706602384,0.22498540801122044,3
0.5503728252644661,0.040399992076047594,0.9029530100182935,0.9553239413114394,0.5539859323020868,0.8101405662810546,0.26640330276003077,0.15581280314850834,0.6644087721544459,0.623001089294017,0
0.9476386007626405,0.267553471451863,0.9311525506663938,0.46958854175969744,0.5509873825098507,0.6812559850472452,0.24005971083513467,0.7072268644563562,0.8695968323159847,0.8290503739585715,1
1.3011173042634097,0.1671898316883284,2.154711733589278,0.5048294716535153,0.5658096575484362,0.28048469692140576,0.9904564910741007,-0.621830407630165,0.5137170586393243,-0.004663428031151606,3
0.6362377399308798,0.6157904616735271,0.21210774466428098,0.6185579688391505,0.8568207233319833,0.8927514072777913,0.13361424754893064,0.6396936097011188,1.0701225014685227,0.20708474122950216,0
0.03117685481962329,0.5967925953438418,-0.011293117120868681,0.3465630155849024,0.05302669821483861,0.6341823481494612,0.5825762516746811,0.2828864576075689,0.9999249818220804,0.028775502712161047,1
0.3738647191940501,0.5031324279171547,0.8764721180726088,1.0740231625289298,0.7509559632389844,0.5276454495721314,0.6021307118667106,0.45193599088827235,0.38498693120174665,0.1766836048341484,1
1.0155775006071504,0.09066012337295937,1.1979317731299233,0.7563930885160377,0.39357281457047283,0.6003957616402529,0.6696195024315825,0.4168774949029145,-0.0285466963280267,-0.034907685642667635,0
0.8875490670676026,0.4292808158933426,0.8856856625058667,0.19653039545314965,1.0534012380453865,0.39209929173090596,0.8102308767495429,0.8670910040562202,0.6539179693086487,0.6084787551258198,0
1.2457120801483452,-0.24540631886107112,0.7966417952270725,1.084691097033105,-0.03408171328777376,0.4305710854919544,0.4508078030962347,0.5210852872141011,0.6887443577585877,0.513515723270112,2
0.8182572118281277,0.14922916516633505,0.6599202573399724,0.0966198074063688,0.5488993737749618,0.40314108893913747,0.1919862135861181,0.933965698558331,0.9080102686025127,0.7997207233234164,2
0.5456151202283371,0.15956233335836778,0.02916408358611214,1.0717039453256494,0.43771112825143277,0.8737969635457286,0.9400682157038819,0.7279352687715323,0.5171184208319041,0.005235377856537906,1
0.0923801229355767,0.9121526489578814,0.8908661858951376,0.5466034834886736,0.4490229950020873,0.9095781349987687,0.19787790685514198,0.9697321057895811,0.007844975632287955,0.2335575706710835,3
0.8606975543977099,0.7647604786660654,0.8872488685011009,0.6404050617854715,0.5969719535078521,0.843217990749919,0.07615856741663232,0.6982417046557751,0.6958454594926275,0.4789137430355507,0
0.08005755192611283,0.19452915749327912,0.2855545318038696,0.6865384275440634,0.8068452802685915,0.29779442237252146,0.3821487029817939,0.8294074160381564,0.6352939814523144,0.22723014494784083,3
0.9865400067290081,0.38987706174518566,0.8047822674326732,0.10746843429323881,1.0261913209076223,0.3095806545814424,0.6631143246825818,0.9512876473443649,0.7700191478839945,0.5433109801401582,0
0.8909950715190502,0.13205806932156672,0.6219434385624337,0.12189404795319905,0.5988882360665294,0.43887342129883045,0.2618721281617736,0.9311565273326794,0.9797080412431931,0.8256030475201586,2
0.829604258106142,0.5835713456111358,0.5554433128316961,0.0012109891760437377,0.5871191619809161,0.03339458927884067,0.7667177181417992,0.9993047179095317,0.7618269291128766,0.7563943028747505,1
0.8309601995800451,0.21076868139358124,0.5542816341543851,0.5214574979665441,0.18531120506112997,0.13229382611878987,0.23551465260191448,0.8915603777563006,0.5099191690569979,0.6125432520288538,2
0.03491207719758456,1.0272585256038047,0.8889190959363896,0.5752808957806284,0.3816544540151539,0.8663218664267045,0.06107391617817179,0.9082580441168324,-0.0810742766366851,0.3296830834476513,3
0.07075602134713538,0.2939402620339051,0.5893414842702506,-0.0276590633264861,0.4973705736942059,-0.1650798805287792,0.3626212610480316,0.9150260177637319,0.6129386604968678,-0.0780828547842787,0
0.16046931256976635,0.6006033937087653,0.04053386320691837,0.24773640606824926,0.08841955154429762,0.50924789583679,0.6994415455051528,0.15543132622543848,0.9767642213912411,0.039666380706543096,1
0.7338007311691984,-0.053761225158049736,0.6686920983125789,0.5241092658508884,0.5450652325901342,0.651552630126877,0.09057977655364802,0.5281517234179696,0.5137958826876154,0.7889795714507213,0
0.16435888149340303,0.716213381404289,0.9972559411757689,0.17349959212985588,0.09069771650575047,0.24183825021822028,0.8401286038345596,0.7555599949979113,0.9622782261350546,0.2650656800050524,3
0.5940195076208015,1.1114706002607517,0.21520044601738864,0.8533155455476418,0.34033580236015204,0.5609634860656898,1.0048125786443438,0.43045613737146127,0.4243913954437675,0.4914985216745554,0
0.5274392762556009,-0.11031941998102643,1.09084625800236,1.043894697448538,0.30747436927767613,0.679127329691492,0.4036942593400015,-0.08945290244348109,0.5628340100717449,0.40612420145763795,0
-0.0020169640983334113,0.10065149695047676,0.6314951845192784,0.2746497822585289,0.028592897208106063,0.21668661597763228,0.5670248700604185,0.2418872911680328,0.6808295280000594,0.7778983519987894,0
1.015278047943958,0.5993818481906774,0.4281953748070637,0.18417730855164594,0.32903936418704705,0.8428004569262476,0.6409463498222892,0.7072445289120086,0.0873505529784796,0.19180022587900042,1
-0.09516691475749767,0.4501608481955801,0.1970620849195218,0.279414151572393,-0.0036712254983836123,0.8171836911906416,0.41236222770934194,0.13653628618971442,1.3097288572656665,0.2040815994864949,1
1.5570748902620342,0.6002869037207433,1.0841309808103705,0.4547698321543652,1.07598524428208,0.88227565849339,0.36256397112829414,1.1218365681856042,0.8263303078824374,-0.06940804756145552,1
0.09819931164592166,0.17583050162445854,0.27869666389482134,0.7117762565183823,0.8848613308753912,0.27340114770833246,0.45211652815503567,0.8303670921758307,0.6605618330007773,0.29464063338728874,3
0.2829324669734561,0.6407761069954038,-0.06946698088944236,0.19698315456875692,0.04335757683327893,0.44308710542636953,0.7004974892066325,0.06641991708495866,0.9708822898731865,0.16054415470606115,1
0.726859890202672,0.5287363654629527,0.8766108931797764,0.17601751626351061,0.905266720703956,0.4525866623592846,0.9230687509203419,1.07034242117955,0.520466805549018,0.5566819371718559,0
0.840878657416844,0.14992353425475355,0.6359835919254928,0.08166319109652188,0.5398779440935452,0.40228813675276054,0.21961550241740957,0.9461463258286353,0.9469433766764742,0.8245109635375215,2
0.38636936018850637,0.3552607412999193,0.8136912762150231,0.6014624624729095,-0.05601885067018045,0.712196511202688,0.46878344892776524,0.3002674406088258,0.34974815665598546,0.8022774779020603,3
0.7130994660397556,0.28943044597187667,1.0599693853710574,0.4801791146207269,0.4162909214026491,0.7417279122057783,0.265218106261749,0.5343696284146521,0.7485378434307121,1.0267203627004453,1
0.5625044111400526,1.655949929873652,1.6563539983100364,-0.13707437705293946,-0.17033912267061557,0.9214827653871246,1.0858733544297143,1.4697732815905007,0.39022919646356524,0.695599062207848,3
0.1539031250447871,0.9572519746916993,0.9041902357492002,0.5191846049476129,0.39620470534838487,0.8607668473236411,0.17473183197679287,0.9810060364260991,0.05803265613421809,0.2413000898880246,3
0.7267699077518079,0.3053799552355219,0.6581983610529935,0.4330792988611135,0.08479361588814514,0.12517444408156436,0.32780306500507056,0.9240003005377614,0.41781120508696334,0.732721732934247,2
-0.03286943161938749,1.0081284901361731,0.8104797373339586,0.5673782455541367,0.4353543699533428,0.7567136651659054,0.26312526779541817,0.846135006292333,0.060241413166952834,0.2684403611927803,3
0.9324668117262936,0.3087934235868988,0.7290220026505613,0.30881552474568563,1.0957291833490528,0.2743949927175546,0.8829322417950893,1.0411527495246609,0.8528454146456674,0.5567733465474471,0
0.16121949730827057,0.46174040353583634,-0.07757034437343589,0.11077179162138054,0.12154430057980103,0.35316132755220364,0.6498070124656475,-0.033446550929509794,1.134400575775581,0.08617891144915277,1
1.0354858532204878,0.6567709167110372,0.8921011365582449,0.2332069234433371,0.5101294449682983,0.5463344608008802,0.46615568216349473,0.559867244708187,0.4628339377060608,0.7921236469453001,2
0.12026149069722315,0.26097040493777474,0.29655428997402167,0.202939378532701,1.0093036082891986,0.6628838058815466,0.18523942571695384,0.8678589099573994,0.8110461197075892,0.534072402246859,2
0.7839982308431881,0.16634882030753648,0.6141144372784477,0.6751702430059943,0.28792095112890215,0.16834334672336457,0.28717218412434065,0.871746790628712,0.6394228240260214,0.5532155959528712,2
-0.3567971580949195,1.616710091895219,0.672459656461945,0.2452601830183927,0.32159854443456176,1.052364849811356,0.9977838956696765,1.0113573038306654,0.857807310270776,0.6375557614448496,1
0.2357375391421207,0.6885023876091915,0.08858649549924942,0.23599999069017993,0.10717590312063892,0.5460300085279195,0.6073003480261162,0.20957138456842142,0.9338770760864696,0.08359311435184719,1
0.7890517347591782,0.29413431041274185,0.4464556660644288,0.47356836216775744,0.057356807953721486,0.18279548243503374,0.30268713895770033,0.8093726421423221,0.46191238016427943,0.6433143946406075,2
0.27980586652139106,0.05988327846938682,0.7855603127593517,0.8807256475106544,0.8817591327544898,0.909201810706631,0.5887040311442983,0.17014892277026056,0.578336625857807,0.7015943968327406,3
0.7958198015956004,0.6767094381102657,0.5659288247495401,0.09974745210820805,0.5944623092098757,0.10418802438269745,0.8362335069884782,0.9483079101301727,0.7832880976899126,0.9312560075901883,1
1.0286051188169347,0.8780913914331723,0.620359122633188,-0.18955064762096163,-0.3664704596731483,0.9279855516519979,1.0510207296237737,0.38836576808854884,0.6055237409930212,1.1043332748327417,2
0.6399906738064063,0.8208701997917729,0.11703381057547468,0.70170122066234,0.5262110024124832,0.41257144516318217,0.571598102789163,0.049054570331528095,0.4966418280955826,0.02290425092931139,0
-0.019811139756997595,0.4084905470176512,0.31169894027445855,0.2780330811676211,1.0555400053229573,0.7013620492679798,0.4005973074890242,0.6103993515415937,1.0570166873525217,0.46406083250520164,2
-0.0030830923287458456,0.11213694444309219,0.6232079391686043,0.26210661051856876,0.035210408901987025,0.22200787008550352,0.5806881801406056,0.2311395143184418,0.679685451771598,0.7791518421099164,0
0.5310190459286349,0.8065398824575081,0.5301280961344811,0.36162210256182065,0.4388208176757137,0.7914315511177404,0.1648592189643035,0.81500713655651,0.34852341714154195,0.3851384568233637,2
0.15786455333107333,0.274046169135557,0.3442875451680072,0.16881428377143873,0.5141099253445636,0.7969495450327976,0.21759916737699686,0.04191571327662295,0.7240948604420593,0.7597923318202862,2
0.08771857242667454,0.7417230140898383,0.8306209303764462,0.551852093930139,0.5318606484429158,0.684988600242701,0.7018690959819236,0.5645642490368148,0.8676620453964946,0.7302293238863218,2
1.2056279910226275,0.1288978092974567,1.0947689407265935,0.339685042159677,0.7336647126618345,0.7739676755427845,0.7067743179536312,1.2073485205991563,0.7127561352632792,0.5448961419592092,0
-0.11361941279322446,1.1337711861693918,0.8261766981224612,-0.28726885937284724,0.23966372152407925,1.3248363254597397,0.3738506203283784,-0.09309429407809655,1.2921112276311928,0.30455488744268355,1
0.3397852415207577,0.035247663509358804,0.6761045704429426,0.2252152917704116,0.9481922921649483,-0.014009399999433472,0.6236888084226969,0.8552935663686034,0.8241915718753663,0.11944134018161456,0
0.8224303248630079,0.15740693513650902,0.6380657736967897,0.13473936337856146,0.5346013462408075,0.4012315567457401,0.25450264740988043,0.9630261522537944,0.9373232872783961,0.7825583815557339,2
0.3842822105431477,0.6959541516181605,0.7811582434089921,0.9121418238274158,0.23671750954304913,0.2555779793001345,0.32465000445498,0.7049898047998582,0.039424354211653564,0.10772598936830315,3
0.4306812402774113,0.9132981119430624,0.30418439594432733,0.45363233487793797,0.18785643019821266,0.1600116042590899,0.016808358022002576,0.390074874935799,0.8425078740744633,0.9158546471017494,0
0.2155451258506553,0.2602530875835224,0.3018754611824675,0.7529226305560162,0.8421547387573803,0.3258799850918865,0.5472771554228191,0.8120588563759173,0.5522696808782684,0.2839629019012159,3
0.4308623149687897,1.043389556201976,0.17064458189258663,0.4888586099091187,0.21525075989761058,0.5201562177582875,0.41244649065033484,0.7892208179975829,0.35719559963510644,-0.38575488235651884,1
0.15071526328999,0.8856742729907894,0.3536530227474177,0.6833127966032021,-0.01855023933567812,1.0241045893447946,0.6655808444083704,0.949299645302194,-0.10981002965407058,0.6375000960158071,1
0.10776429562108868,0.21644017575458813,0.30150224988840113,0.6838389655468722,0.8473782118891188,0.2515439646137247,0.47822962419752374,0.7848250118143362,0.6284462402672838,0.284135997158363,3
0.2090462853283268,0.2603157078233782,0.7448400270707656,0.21829743818926903,0.6756342149176288,0.02881439586649833,0.7997937542837721,0.018094207630516924,0.3184286565501822,0.7794057588222933,0
0.006749428589212502,0.09571214315213315,0.625282528832677,0.27190012559649124,0.04084592267517867,0.22765864704874422,0.5860244096877332,0.22911551720603898,0.6779763358116557,0.7681458057022577,0
0.5320064079573745,0.7986168864308318,0.5366221176270174,0.34862610453318554,0.4384343438352263,0.7770445608921812,0.16373786673174517,0.8138025537713399,0.36686522657991066,0.3943582755381092,2
1.08552609746225,0.0881073797348701,1.2643138667387803,0.8517720335262451,-0.01843724702644839,0.5479106150585809,0.7936051566798723,0.24048795147627694,0.0316785855821379,-0.13615390599242366,0
0.5141633212853567,0.7679698446835066,0.29476674757928323,0.7085635811933221,0.5553554767641362,0.47250791313437557,0.42033527757223854,-0.0634138608876766,0.7036466913347504,0.2396895050452644,0
0.8898223039832432,0.9791898823122538,1.061476698305804,-0.07418253294791782,0.9202803495944774,0.555319478595907,0.08260066490340873,1.0644671127542331,0.6991369696867664,-0.053256351938588214,1
0.22357319376980633,0.8793362319145042,0.9944377951395752,0.542848009408671,0.9241187781166561,0.9185270742686623,0.9411499359893438,0.521632578835252,0.7151005313966989,0.8456397733150519,2
0.1697371957839052,0.15653659884515997,0.913590493516584,0.7709051497176428,0.9135531122904571,0.8757901821011167,0.406937546931025,0.09827366465055658,0.249910583159905,0.7800108073836436,3
0.9322509741477786,0.30598950067673725,0.8619351116798674,0.42443768244124136,0.6236359634631111,0.6068591780635925,0.20446297747634662,0.6092984393927552,0.9396573078843774,0.9176979574869432,1
0.4270612828494732,0.07276418552615052,0.43635704534451275,0.3379992694779814,0.37445295734728734,0.8677810147552636,0.7730560270038247,0.26648440371567267,0.6093081134861065,0.5492411828174015,0
0.8626031642073083,0.39153094619757367,0.9249632061101388,0.09560646336417661,0.9376794711883275,0.4951052512917258,0.8146161937686722,0.8279422509112154,0.7064832573622384,0.6949819387195272,0
0.9526436872036966,0.33960783425096663,0.8082841182466379,0.18538747465073926,0.959436704329915,0.3850283353248158,0.7710851734930482,0.9102938009967809,0.6636381655391926,0.6022986958261185,0
0.5046302144914817,0.30068083337954477,0.09409911505525718,0.9931802578605489,0.4180239554519352,0.7583650861715235,0.9510137065982,0.6897015911194379,0.495471133295261,0.05893474200201382,1
0.12031395261063527,0.9527197964627812,0.49190313011082953,0.8955606006145226,0.3847658522121859,0.18894054276331718,1.0465372494609197,0.17920345883482836,0.22759601409468797,1.038636193503946,0
0.39972561797583983,0.2724948439997106,0.22193308210377238,0.6491538312555072,0.323657112794173,0.26241804298978266,1.003267845280736,0.10729084111989365,0.8832689490367761,0.2584443693189256,3
0.13014522756757402,0.4834444696438729,0.3121172695110037,0.9655256307657647,0.5882335271559189,0.7835802366227935,0.3546128910446506,0.06917625864352342,0.15359957243520295,0.07229273404946356,1
0.17970806746844026,0.4621634625641081,0.01290413623543371,1.0825159772377162,0.18057728260787148,0.2033017123738189,0.1280304012239231,0.3674744021350139,0.47510977459007875,0.8643838790115974,1
0.36212788555121733,0.7523623006536715,0.451564013463355,0.882951133422764,0.823409035866573,0.1656159396079524,0.8346710779321982,0.977551934589803,0.2297596681859862,0.4472884988601484,2
0.5398932489755313,0.2783647573346662,0.07743427447837577,0.990700820587758,0.4187636827431303,0.7783004548346769,1.0029601017975447,0.6584066028866866,0.5037101974287853,0.026919367815831503,1
0.8519772055080109,0.8316731966503703,0.8621547835295954,0.6533072622151136,0.6088266634603506,0.8226923910617708,0.11124678909663721,0.7494369306476021,0.669567688533819,0.5062908460411095,0
0.29900431289520224,0.09400001523827597,0.6595650058482614,0.9109262419438248,0.7386265144925386,0.8989083319440525,0.523086450898413,0.20853634540568144,0.5215797470422264,0.7462847748064457,3
0.3991418077411567,0.2407257571771801,0.4967162927662316,0.06626667078088877,0.47364170172377806,0.23499237429180847,0.5376991225709621,0.3402657086710598,0.11531107152613002,0.1031192687264928,0
0.05388036819177445,0.2919505187450203,0.3476119122033494,0.2649151265399862,0.9685706744686587,0.570545985766238,0.22374494715259058,0.8681789911036925,0.828272045703586,0.5548788654859881,2
0.96555727466787,0.3924232042795614,0.35757935887838815,0.3494743459700906,0.19031759963750347,-0.05008510141944761,0.43317792527754606,0.9925789329605722,0.7301597118180025,0.5308265661858116,2
0.9024008452436412,0.8987787541198738,0.9303408892913871,0.626573411573747,0.571656331030832,0.7549643797870483,0.18512775538454523,0.74989928635519,0.6654310471257183,0.5618079726081875,0
-0.005254806793671074,1.2548296943925166,0.08800848798755778,0.9518693642605824,0.9331248825317268,0.569021708917872,0.5486995186283222,-0.18180858853197046,-0.1574766145815017,0.18819472079495417,3
0.2563130990434205,0.8133616108055914,1.3071881823138742,0.739699686817175,0.35949007073659695,0.519259513338664,1.01039539203724,0.5521788964189753,0.6911432138288087,-0.1299555328454919,1
0.5718024072642306,0.28380439398619334,0.06694755743323638,0.965194968724396,0.4677060103707514,0.8148990925651682,0.9649726900214827,0.6569208586771612,0.5351807904260493,-0.02597812224423448,1
0.8956687492382588,0.6783719753210538,0.9139516475406929,0.3914479988643442,0.7299738642132193,0.5062444666672956,0.3543989021924504,0.37781358652638214,0.43537952662772517,0.6700714366328173,2
0.4394047566109185,0.47902964308550766,0.8492297176997488,1.3254929376299447,0.9229477629120438,0.07916896807150231,0.424325874660464,0.9718191819371353,1.3560010311149275,0.6149069833938153,0
0.0899828265164015,0.7592843136791374,0.13664589399394986,0.2015922659725804,0.7542702705017603,0.3385266031319799,0.8414778349187134,0.18935383174214465,0.08000452451242532,0.8693054436726859,2
0.25347952962410836,0.9209573034906019,0.40854133633812256,0.7748621443101161,0.8133134282025366,0.2360667468112042,0.9054165837315405,0.9179222171403574,0.1946853265232164,0.4363779649086642,2
0.3836139054971348,0.5411868613881481,0.021498000448540534,0.38898964698290683,0.11810447192810242,0.3933907635787969,0.7050716978732416,0.05010824492604822,0.718242862934916,0.2562288065313592,1
-0.01208109559330095,0.8331196908121576,1.1046837343522382,0.44949640834711363,0.040958836626926315,0.48305142927942113,0.9092349757617193,1.0301483709964292,0.8414273968457586,0.2374290673952645,3
0.8578021656879107,0.19895794298352174,0.5630605908663816,0.5703204897557745,0.13269575261475275,0.10907855768545165,0.26927304590072954,0.9122565677454504,0.5537976714177832,0.6146230372763635,2
0.11072134895433092,1.0119145693304354,0.5382633542560071,0.9154060716999763,0.6758341383830373,0.2363098556870306,0.9737425709201707,-0.04270252246795454,0.552534118469288,0.8099810168218948,0
0.4690431054977298,1.072284683544204,0.20389946753860927,0.39051231503252126,0.21840976714216512,0.3620723341335792,-0.09096873038188544,0.4405077772052551,0.9669538347635931,1.014783097258345,0
0.6492776122321727,0.8078297146986946,0.10071408743537434,0.6964724810940143,0.526854020828917,0.41203831094196347,0.5490408079025751,0.05628276161753558,0.4825674838982408,0.0022099723769121718,0
0.5475377309703892,0.6085117356427835,0.870150951230172,0.9225962811651723,0.1010106376495484,0.04754411765469693,0.3592901763951458,0.6437886672430508,0.12486671479181116,0.15731852856141557,3
0.3509578863111239,0.05602352631061147,0.6655375478714088,0.23184553952632614,0.9689045235854676,0.0009364112068180413,0.6093589378536368,0.8540316663354554,0.8012099021004062,0.14628723505890895,0
0.9895852854650712,0.10369965068362602,0.9814289845673904,0.33197028578036236,1.2083829733934879,0.24995735787094106,0.6730504458898605,0.8131184052526996,0.5372385073498326,0.4193056403421142,0
0.1003572615818655,0.5568461233311411,0.07200603679873122,0.21154738830114922,0.052464536947823485,0.5404148368831744,0.742832402715036,0.15190360198290373,0.9681397789263536,0.026120988497009053,1
0.11351322177217955,0.8576015465162744,0.8246311362742206,0.8086682960136121,0.5260601093462438,0.7731333117271422,0.151300021211846,0.8319732097563539,0.5703923143925911,0.6021960426037306,3
1.005596109999987,0.28131205864372244,0.9967025902481339,0.3578928538123275,1.0820257145205276,0.2659477170972045,0.6110372095907273,0.9836158420524432,0.6722766541276791,0.4152108615070818,0
1.1141541163831017,1.0105656828234624,0.5878278369472443,1.1888875388247597,0.7458845051114614,0.8891146723638514,-0.4397222053343456,1.2588137923204372,0.7789413618951821,0.8879881992565244,0
0.06806153031372678,0.7705382339525568,0.8090006755043313,0.4065713479776068,0.3160702278349934,0.8238602707882184,0.07679864767342441,0.9219371826578278,-0.046207293991482025,0.2056629289135209,3
0.021366598248020133,0.38502292661752546,0.4211108234668579,0.318986401394911,0.8686865789310234,0.4374298611527179,0.28740176693355485,0.7344378381875093,0.9198271321920305,0.5181916061413144,2
0.4308013773257019,-0.16877814251433576,0.5226687631936936,0.028054302626400213,0.8685337088330526,-0.1481663473543587,0.7513918685507824,1.0903693618877865,0.5833978654501947,-0.10568090865508342,0
0.17396091277392972,0.20847203488137894,0.825315111815889,0.19145951045422663,0.7591965858561484,0.08635773175862649,0.7714941761536069,0.07877727502897236,0.2778734407491999,0.763624348068309,0
0.465040001835116,0.5338846002861685,0.21900168358096223,0.6519812394988458,0.7831882146449269,0.9180628399489581,0.02945863167728303,0.6551339187824525,0.977876798495064,0.1696012446383616,0
0.35421724344888617,0.12342801635350395,0.7219199266603569,0.24771551937596842,0.9989234208348458,-0.07765222234976449,0.7010802190011654,0.8328376947586753,0.726540647474589,0.16252535941429191,0
0.037322112751805275,0.8912157393678839,0.6400505366382847,1.0791877480176375,0.4349270554911223,0.43767733176724694,0.7649826681425287,0.34500169884748255,0.21478490926620827,0.709386800260635,0
0.11298833327781567,0.6283824706070908,0.2954529700736203,0.4383075208515334,0.5483587466567041,0.8324360096444574,0.6218029191625464,-0.027763335167527436,0.9282799856293301,0.17678455894674336,0
0.8505412941439334,0.15537060784464587,0.648256934747564,0.08896234328456032,0.5258979194322599,0.38115872560949493,0.20264212870041212,0.9336896974147504,0.9350686629751567,0.812057789641207,2
0.8954460675322322,0.46813187566233894,0.588412487104671,0.2431729109707946,-0.0026016942471514815,0.7147779942120929,0.9041175598016802,0.34818041342392697,0.4473479848525941,0.6552559311520428,2
0.4747753484518281,0.03717789076527479,0.9320472062550235,0.8540097660282234,0.47932607587352677,0.7438799461121589,0.26206290916874486,0.1262010784587374,0.6342668404487364,0.628236096192816,0
0.8443647702699041,0.1493940110875867,0.6432410789954773,0.08674354538658978,0.5289619879116709,0.3902144632883555,0.20773520199876913,0.9322831941158952,0.9319759376724583,0.819082874358567,2
0.2897991624856311,0.9668063178443695,0.376704006849926,0.8911876652848568,0.5060009218939927,0.13479056198795966,0.9246297104964228,0.06311649063430153,0.46010712283664196,0.756569342778402,0
0.9901178845002964,0.45594665387811983,0.7819515648784969,0.14660195857725572,0.9876494354199206,0.3370220383858093,0.7161969746744707,0.8443940035839712,0.6935164158832644,0.6412744718205842,0
0.5295793978443353,0.8033501421233165,0.5351913183862754,0.3590943723090523,0.434144851368401,0.7854324567302827,0.16830619516086281,0.8184757712434353,0.34606102544794665,0.3893564446261473,2
0.1415892783045161,0.7072424010814347,0.1592990870057361,0.12095720757920084,0.20415831847415677,0.5610735407304012,0.638280890339584,0.3474646049123555,1.0400849752809749,0.166163518486138,1
0.8236711634048384,0.3288613995645098,0.8157462589994752,0.6261564627468474,0.7240814974333167,0.31270926415398026,0.7815530462397042,0.969063624242668,1.007329853009536,0.5359591819348816,0
0.27027377175875056,0.7840541187350483,0.40898578934722085,1.2648362619630278,-0.07149364144833581,0.5518372833998573,0.40272913362667945,0.3358506990741044,0.5037453012390016,0.5668978193912011,1
1.158889300447351,0.5742770194003084,0.2905892889893182,0.20067016353425085,0.6341911341180928,0.8594067229023556,0.4200843987994999,0.7857831500346762,0.04771462841081189,0.15988465688707884,1
0.04111057738759661,0.029314339702099956,0.6931607996312931,0.23774060265201963,0.002648514828454837,0.18249457138303604,0.5690761927964386,0.28691979168950166,0.7315144057349414,0.7568247334367864,0
0.22286609487175896,0.039230300697041295,0.27739535192950115,-0.03560566943337576,0.17066586971449016,0.7087779763944049,0.6352344049788948,-0.24551577613802805,0.8425547838401657,0.7633658469097852,0
0.7388879076162126,0.6840859638848336,0.02308937491777728,0.7691163230826257,0.6419940103810755,0.34963384074503256,0.6004135287777725,-0.021273120244116858,0.36797385987753234,-0.1581859722443094,0
0.9202334266093304,0.3437067717905291,0.8198877950105661,0.5232935876885406,0.7391516034566629,0.32896360325292706,0.7268037898227002,1.039737566946822,1.0080518864132237,0.4803828159081477,0
0.8356667837112673,0.7428411765946094,0.8243531379388285,0.28064668608491977,0.6488419433417296,1.0187891241940215,0.5219588685727877,0.8959273013793427,0.2916720329890388,0.3394873179875317,1
-0.11562300655429947,0.887622393219523,0.7199169792035476,0.675963844792916,0.632907296118999,0.9681010996375912,0.19553118242675302,0.9530304008176702,0.07652481325058413,0.33194042073693997,3
-0.11950467522820132,0.20970445605687385,0.5148756593455566,0.16859284699360294,0.8698953861767651,0.3743542085071826,0.19704149879049693,0.9440246395689282,0.9743376835185413,0.4912481662185332,2
-0.09138503776513766,0.8347866871520802,1.1706223802091524,0.20047887947881665,0.028920170730114415,0.24933048843796832,0.6034676764509178,0.7655452864646474,0.620730178443034,-0.12644340040884228,3
0.5330666287680677,0.8032064730931306,0.5360533840105979,0.3601928607090777,0.43990331962269974,0.786441552936912,0.1609720204358045,0.8155963006167969,0.3512535260712027,0.390544480896509,2
0.3556770071197306,0.9154125011010386,0.37983591876791606,0.7477807799805145,0.8153992688877493,0.3017334801660814,0.814349257749144,0.880176679049845,0.2866462002245137,0.4676615410645047,2
0.8992756537855016,0.4231879312092444,0.82727874410802,0.545787274739068,0.6887641882724133,0.19216028454567619,0.7222066681278314,0.9654625983478607,1.0031089741853294,0.4527205191030774,0
0.26294085855387767,0.19945929604344606,0.8592024731170225,0.6023423294226108,0.7029708822372294,0.5346817235492294,0.3345100757521959,0.7956637795729192,0.6100853363290792,1.02032275644529,0
0.4387770024219759,0.6387012654249383,0.7662628847563209,0.9687927599696446,0.08078496846072519,0.3228164185270934,0.10638813473311398,0.8195773398729467,0.18640014852715298,0.1994154729456717,3
1.0630048651875248,0.38025443433485145,0.79756960100684,0.2160573944712294,0.9007370668335098,0.25891812439725753,0.6914491669406727,0.8127067467703948,0.8246028834896004,0.6068877670252888,0
0.5467719057066368,0.4844227556752767,0.9822153512848619,0.9572603654329506,0.16958776086282742,0.13815713469682916,0.3856674634644651,0.5439893547093904,0.2807319653524303,0.11692050848169074,3
0.11813505793898035,0.8593452645089785,0.8164902340517847,0.8219566878251338,0.5259510611180712,0.7721464230490752,0.1444623731807829,0.845187712336235,0.5742202331691919,0.5963736563213544,3
0.8772102688006811,0.163054904382426,0.6168152614249617,0.0900399757724425,0.534484042542882,0.44611400108078036,0.26826560864071075,0.9441250571382106,0.9186548218824431,0.7820785620000228,2
1.078034871816322,0.30083617059228435,0.4181574661537031,1.0483554668985022,0.17592078133242267,-0.1223050553729138,0.8566121776320852,0.9502986813309293,0.20738208715047354,0.35373782196468706,1
1.1291827002611308,0.4427551515880872,1.069850974494553,0.03277132407766553,-0.2433789164878064,0.15089623619278972,1.2136081059682913,-0.11475624146199981,0.3864126829488222,-0.16023760157365002,0
0.12215579086872934,0.4720320809280578,0.3065262441615351,0.9510719219797994,0.5963605038777086,0.7752135577997292,0.36364318797488565,0.08183449750297922,0.16452363676772128,0.06086782047318942,1
1.2268713654311962,0.3496601409102247,0.4374959700762817,0.6324401971349043,1.0912779663729713,0.42127880856039246,1.1432961277246065,0.12402413039354143,1.0894104307567067,0.15624924249037347,0
0.2686796777177599,0.6849359849176877,0.500491574457267,0.6689821018183806,0.02424090936728429,0.8419188533051574,0.5938156792402454,0.6947491973493326,0.09932963229872081,0.716992442527113,1
0.48172301002797974,0.21426308354671955,0.5607406893383287,0.638134367333989,0.43883983813073063,0.4696735670591967,-0.1470976233975796,0.5583825307780861,0.6148856044442361,0.6130233766236469,0
0.2963106781099852,0.8649311615387063,1.0411446536043891,0.9493747702358433,0.5852753667907101,1.1746070327914555,1.354302677592477,0.2710361646641535,0.8744695194399779,0.6992843242270274,2
0.19893366219267233,0.6219016322775002,0.05462506445834997,0.23296573265692705,0.11097398778698084,0.4942329165646543,0.7370506375055375,0.14228223706950419,0.9752042657712318,0.028104926933407257,1
0.5480763432561817,0.28461242265136133,0.09700269145500319,0.9889023774940449,0.4338514599379461,0.7676425274299793,1.0010572420975294,0.6676668497420722,0.5078091845900613,0.016089211766840587,1
0.5515888053515594,-0.046150490682232995,0.3950870927021986,0.56357676394422,0.3465797810001018,0.37329864764655507,0.5382363254410895,1.1222711451167984,0.3707648094118574,0.3218686664161497,3
0.9358495588452385,0.7752532430440239,0.7982815090781642,0.5773824408058221,0.5169586444133525,0.9496432168603816,0.053558393363384735,0.6652616196997159,0.6257523285762774,0.5498510427354466,0
0.08232418592588656,0.7518394111568364,0.6032139013712923,0.7236910474932738,0.3715959155971413,0.08370146062979239,0.8100702977731983,0.1226612988926409,0.33613271803282585,0.9683861011947403,0
0.05893302600198108,0.7228434449975317,0.585902039058921,0.525011885864111,0.4220478821832304,0.9023955831500383,0.3342557419103558,0.7780752650471396,0.010090091616989413,0.877045004398719,1
0.12437772881067699,0.17260016165889028,0.2618984669343831,0.7379572618158476,0.8972758051318493,0.26157533550517026,0.426849464599199,0.8395396525637703,0.667287593386214,0.31278833393749605,3
0.45588388580421907,0.16484371590438693,0.3216694539658166,0.7159715504595509,0.23796971618597185,0.3454008824654311,1.022176840456645,0.06946567594295908,0.7969434936962292,0.2030395629499143,3
1.0975855547514572,0.9257144281636037,0.18894081177273503,0.4860798235652184,0.6516231697263988,0.17684808446844236,0.7669538259240681,0.17669858752661965,0.91672964907462,0.43203264032543837,2
0.8439158279503779,0.9067179763956641,0.9705291981307963,0.6793444415238987,0.542986776938103,0.8265205347086791,0.07506719274710578,0.6567111784132166,0.7477612639004821,0.5003114256320951,0
0.013095285656233581,0.8892476050062401,0.9172410168578061,0.33122330247133686,0.06656990566649092,0.3654887460974851,0.7919916669756369,0.9599162909033008,0.7545984976023921,0.13159690435193616,3
0.8791225588326723,0.38642858921185597,0.7963894453450351,0.6170779308304662,0.7150014375261151,0.24958742362405242,0.7846890955604185,0.9646340835021171,0.9552630592189715,0.532525589771193,0
0.08314443055995374,0.4635950595169847,-0.15044405914433734,0.11184466318961131,-0.19739586650323565,0.6859201942147349,0.44604927250666193,0.09106436461645495,0.8069876454641306,0.2799749576455727,1
0.8383779279524805,0.8032835423871271,0.8697776028514445,0.6591340250153302,0.5917139551051519,0.7960357206513713,0.13274416226687752,0.7584174879028666,0.6730638115488448,0.5216682669604074,0
0.5542919345524421,0.38414927903410073,0.8379161058255138,0.43625406693098845,0.32430320003233937,0.44436463376776053,0.7048773130519619,0.49394183560375593,0.22155312743685274,0.1760111190274251,0
0.20219572704832417,0.5853306071639286,0.04484890023812208,0.22610839214276154,0.10534318473357408,0.5318048453521367,0.7094355740119306,0.1901048742784496,0.9451477077386303,0.08283688822580994,1
-0.23480523162623623,0.34707459325214574,0.1001331715817908,0.16762247047555395,1.1365691304197643,0.4820074586763852,0.8692516858405626,0.48674387390519874,0.022026766629046318,0.5307153148580227,2
1.0457348908162636,0.11531773550288815,0.7826841326258288,0.6128736091455381,0.5916054646766871,0.6552252324227992,0.05199834927869129,0.7353418242584544,1.0025766853517397,0.670309624679924,1
0.7335463413078673,0.6434127379731649,0.4483159761876397,0.06082779169229553,0.5297009987749992,0.04475941808779904,0.848783065450808,0.9343097674424821,0.8466858411029642,0.8482348034573428,1
0.12738340648986046,0.8494624472775838,0.7970587810325843,1.1366856038769702,0.30836083263776287,0.06687403328499314,0.568657309229951,0.7520258486192585,-0.022019986871001707,-0.08015297536510108,3
0.8805682405122586,0.2026251201555246,0.6608365711116355,0.10247693134010866,0.4795135948408481,0.3502116571689625,0.21543083804706428,0.9164285267207889,0.9419678627160543,0.7753912412515866,2
0.5521782734586733,0.2797720937014522,0.07597289292585274,0.9713653742165705,0.4145038336647633,0.7679094147688853,0.9885520870399138,0.6755978160396969,0.5121667959273916,0.02143313488234482,1
1.2947545817892452,0.9786008902564698,0.9088591881321525,-0.4445025550880064,0.5657616174015809,0.8401204188222913,0.6812025398739378,1.1933343945361123,0.7079662816481569,-0.45957983332117447,1
-0.2373348646854176,0.8002923419583885,0.8121998496739693,0.3449400486583995,0.14196017696395397,0.0904263220283828,0.948729917933942,0.9703773826784386,0.6022786544946501,0.4127483580778979,3
0.8870703642371423,0.3735789015627677,0.8852401731537911,0.2689235215731353,1.0818037365469482,0.352666768638389,0.6734879657157118,0.9466927283677804,0.7290527051074133,0.6497594927163413,0
-0.0015367726963420305,0.09142352482986932,0.6141130265283126,0.2780999808007734,0.043021655090868256,0.21909283873089705,0.599752431101383,0.24860022751102756,0.7055836754678422,0.7644681258333094,0
0.6443813891771669,0.28845226003674346,0.8107518375649327,0.8050346786571105,0.37852065531481277,0.5974577804767285,0.7473784157885301,0.3231072818318743,0.1208704084456262,0.05048992788692308,3
0.5452827412617474,0.04171194288942758,0.8946566018950511,0.8893153120882117,0.44496327642101136,0.8054708202839989,0.2729184982416385,0.05904262118919084,0.5877284193705774,0.6088572823157874,0
0.5703213780148862,0.25870035363092064,0.0921132805074357,0.9936753083545848,0.4399741774272272,0.756226554894084,1.0164004427967428,0.6879731362514645,0.5078789980522627,0.02967490396954397,1
0.9557937757764965,0.4607329071471745,0.8565397000659531,0.5872988841586849,0.18845006181320995,0.427878321573017,0.8815082985785571,0.8507835952836101,0.1917014029902431,0.22372662243986008,0
-0.10691133315482243,0.6179660752746494,0.2610633566423577,0.7235412726907265,0.5002998941783573,0.7214094404508437,0.9503750796250368,-0.17733913417890607,0.7174044849573993,-0.18093675238225337,0
0.7597396939925205,0.29884753011078646,0.9150382356452945,0.49613151532910504,0.3683931315765008,0.49534023637513486,0.23076037588181073,0.8508379127535699,0.8794057267405972,0.9355858760320719,1
1.2180248464387589,-0.2400938392098798,0.15709198661542578,0.375114946632912,0.006624864256171148,-0.29792421870657515,0.5904410952852404,-0.3726567139258763,1.0387870932334065,-0.8329948312370262,1
0.10248877857835718,0.837330880423375,0.940624402462653,0.5336262307108861,0.36929740673434447,0.9508889537621704,0.2372731588817725,0.9372451284468047,0.05143916246696214,0.23647677963503824,3
0.8677914827072314,0.4263339075915503,0.7696970156389437,0.10764747984034843,0.9520207096710674,0.38359943845622774,0.8160738558537578,0.9543716291351815,0.7983963217525385,0.6504182537628761,0
0.01862667561850764,0.1083772469373212,0.6279388838112189,0.2843893042385206,0.02195196944216037,0.19693163089323953,0.6026266324886826,0.22422665524548768,0.6640271816093087,0.7850255029305012,0
0.8752164686320736,0.8215971847218186,0.8902123529850753,0.6537253424510062,0.5839162639047865,0.8293164913396052,0.14335859686622388,0.7423486143048016,0.6876861614970994,0.5189547356097571,0
0.889966607349169,0.2530002649488715,0.9544703094136279,0.40806185019687846,0.5844450764216321,0.6083491702720482,0.21409060603224037,0.685656702367875,0.8808785073849181,0.8708151238491574,1
1.2229383786829275,0.7988349003218933,0.8935927230047787,0.38764574631366067,0.5853229862667829,0.657650188571854,0.5878544824270977,1.092422951138422,0.5507353973709752,-0.004680215795674542,1
0.5689812212459323,0.042274426926041844,0.8756218105482817,0.7481490171458406,0.5772915273858192,0.7947095365968228,0.37794205860521196,0.15660822949240902,0.5790559865464255,0.49767974583290153,0
0.553687495729386,0.7971511504836157,0.5550113342548489,0.362461031181418,0.4227913375152496,0.8054676889076305,0.16993152123081012,0.794956734291744,0.33814039858498635,0.37624633117369377,2
0.7552390734688261,0.8168063654543244,0.785984794313776,0.6462044826215071,0.5467873219280002,0.7397841530180557,0.07244506922755772,0.8465247278959217,0.5982839320621769,0.4648720134709877,0
0.2341796240874602,0.34763261295748094,0.14575159224581075,-0.40036817336231945,0.7416712617557026,0.6533195801833354,0.5247108314028387,1.2374035099579377,0.10382563111407983,-0.0021816194797044386,3
0.501077333494413,0.49043187401269156,1.0937928849525298,0.7550884321748882,0.2997769370362316,-0.03539436985942304,0.4168713992781924,0.3751335350328585,0.3579326761386901,0.27889201668992425,3
0.6031839743331929,0.6756591886024171,0.8101672295117848,0.695786573355636,0.6824489171974204,0.25590477669231393,0.5684720430675364,0.3668030160992601,0.42289131237652955,0.10023387469650537,1
0.8140542778333356,0.01632836861547371,0.6580174333541305,0.41502491836179767,0.5322636225209794,0.6296512349504617,0.013397335424827204,0.6176868186511665,0.46283968210423565,0.8388366469312879,0
0.5432330321557899,0.27875312213421516,0.08402637840413006,0.9781260810283782,0.4232954503135154,0.776080291236246,0.9883538915852698,0.6697374195162665,0.5147875737311735,0.015208025909091942,1
0.47133682556768147,0.5328226428185453,0.2247863543856688,0.6260056125617366,0.7992938319802286,0.9158747295053418,0.032610636794006255,0.6806330796187867,1.0019458968773858,0.14652726341534447,0
0.8473805196979022,1.442621874449669,1.2670913247301194,0.44668608898387724,0.17129320091745848,0.5015297965182752,1.3039507435623525,1.3286137941617269,1.1160792411112557,1.3180174012612411,2
0.38077186564111365,-0.01356284891304499,0.7191165635622566,0.30415115372938706,0.8810369426445032,0.10326261295892548,0.623000781088374,0.9049001176262799,0.7388876323647008,0.04564337658119283,0
0.921766761069737,0.6492442626142465,0.5025330337982554,0.06893378238591612,0.47714599576308636,0.7679053969141515,0.7011115919243606,0.5970058968786415,0.21543112182399055,0.07943444114995017,1
0.8600825593100416,0.3787448220761081,0.8063081735596944,0.5736636590462555,0.7199769976771205,0.26462582613677516,0.7208084438065843,0.9838634327448843,0.984428465166272,0.5136941378334194,0
0.003178105284753834,0.10550667274138471,0.6298058474665484,0.26485334695685603,0.03267009276988949,0.22057944860225884,0.5741778619175529,0.2322670460990704,0.6821892346505396,0.7734690441679967,0
0.5073799255284299,0.594619472006935,0.8672291560582519,0.6863769311068538,0.49396885290249387,0.5274753328790245,0.6678736873203592,0.6996081241634767,0.2343712782358181,0.43826692367858705,3
0.16564434839781889,0.6712085288958696,0.4065997770577858,0.650282329034952,0.160192506732098,0.8798681424938554,0.3935599319278083,0.8175623149532236,0.19955974681053368,0.6781398883552819,1
0.9552314600578136,0.3351705894150032,0.5681202376432118,0.15981896248622196,-0.06001383101981492,0.3416817716955344,1.1932031285984006,0.26097658225743325,0.5872267864766765,0.9829322956915642,2
0.44492081593453175,0.5112389384922704,0.6897163843907862,0.3039536706526548,-0.06716303349638825,0.38730000880216736,1.4270498907162472,0.7238227337180294,0.7464081928760777,1.2042273190382802,2
0.35175462232162386,0.9392777527096192,0.6742413501267217,0.3832141885503523,0.27690992208774434,0.9510508088263723,0.40285577914527815,0.4749684819583323,-0.0699026221162192,0.6958622093844253,1
0.9503475749718989,0.41233987299967767,0.890581193938914,0.1297878552681846,1.0003292000201702,0.3206239008869036,0.7750803643145019,1.0042464390287216,0.638114868678614,0.6031169466960813,0
0.9246840441354672,0.2781047758866962,0.9614051949934568,0.33687822492418773,0.5362909062424728,0.5461119239691323,0.30205328453318375,0.7712099159192041,0.9553784144811517,0.8548655519933023,1
0.4225906348549052,0.26107965614093265,1.1030632938513203,0.31252325374865986,0.41659217019221867,0.25139719640713726,1.1659993386562926,0.8313148210251635,0.5782247344347615,0.3477083563376052,0
0.1547010637482077,0.4589644036593422,0.8278525546153894,-0.1449147185714056,0.549863312880405,0.14065273806662876,0.5973927614690626,1.065975737169314,0.5152622415614703,0.13249006526837462,0
0.9481195173920455,0.5237152457379372,0.7161506340690927,-0.12711900290742661,0.03443830186959841,0.5056633881053809,0.9531722924634273,0.4377567015892238,0.7992180502862845,0.6052369938417466,2
0.129284934730177,0.7989860938648439,0.9754653737421628,0.6538637711736983,0.9052442186994412,0.99705813061779,0.9944735581295503,0.5478699349213909,0.6372015356286529,0.7452929845205609,2
0.06409980098808293,0.09201832815998619,0.29763155316095274,0.7572083391148537,0.7779748731113588,0.18476056362607007,0.4252500264207782,0.7608517108881573,0.7266275810288827,0.22142403631968371,3
0.08224366610472952,0.20481162541904285,0.21809912851424443,0.7459521176087718,0.859005045404703,0.22410802240887476,0.4505916565996451,0.8124567845390855,0.7050023904586675,0.26681803364502177,3
0.15976060324496533,0.6710017842401794,0.2589092710501728,0.35634271722320654,-0.26935888130664815,0.499195305133599,0.6464231664533576,0.39121870174564843,0.7075370354936468,-0.051273948163505695,1
0.8730519244876067,0.4482085326571234,0.7771038176673967,0.5585478653733964,0.6521180658814674,0.22106937166806795,0.7142202719183894,1.0514956430962652,0.9163622275223378,0.5859309190655384,0
0.8757336773382378,0.9478147668951692,0.8557281473912268,1.2097933581788256,0.3999268455836895,0.6122360977805128,0.569782689506956,0.06199748222678325,0.25035284124442636,0.30928721518728736,1
0.45280433246274426,0.6368841993382998,0.8496975486937349,0.9355200719415864,0.2092709094658485,0.1671773194273557,0.2738936562488159,0.6254168054613494,0.12245618076864377,0.20507431211289362,3
0.18856953718855277,0.8510953395189028,0.6999938923890496,0.7782967113380704,0.37791170466551216,1.0951621654243242,0.3086006615889416,1.00848094771756,0.0014520786784949606,0.12511461978741037,3
0.4662599555005667,-0.02930361499683065,0.9302384479842796,0.9211750457237591,0.3568813585406605,0.8926298886138677,0.22797101160148356,0.10746753288518637,0.5046699817796917,0.5489557163755022,0
0.10140696154414772,0.8445150847002617,0.8197965223254848,0.8184372811091577,0.5404559104772112,0.7703930450975968,0.16396922302354416,0.8299182672922173,0.5895346542100233,0.6174605943686682,3
0.9169569910462121,-0.047636537135749155,0.8627196817339062,0.5547111181272122,0.3439949852152162,0.3611286121140388,0.1112049583578704,0.8170575245546562,0.6105707535677635,0.5610805452975759,0
0.9232597599793778,0.2852726950460981,0.5588711605957082,0.6088903360120116,0.23827874017097303,0.12514553352242763,0.27059233407833794,1.0013816940774054,0.6211009893205902,0.588827025375407,2
0.4071112553241022,0.1959904074132824,0.30514803943129665,0.733714975538661,0.2615580056756337,0.3012040974485397,0.9705348199743713,0.035727479994680025,0.805853767397959,0.2042291794638027,3
-0.02819114771043959,0.7654152002449245,1.0315341267523737,0.28118056030738237,0.10860692302093318,0.41801523912613464,0.7528954374533026,1.051223520986632,0.6640714625650089,0.19119706726769264,3
0.5156760487890688,0.34170694721039496,0.597848665507153,0.5842680670583477,0.021743876571650472,0.8956389774363778,0.9545964709257869,0.05723344199211289,0.667078307284299,0.7067854438586332,2
0.2871264134010078,1.043605455108486,1.579347399962724,1.1634374951350468,0.5412656218500898,0.9486034314120225,0.04698738093720245,1.404084043869422,-0.47453765487315835,-0.0687755621541149,0
0.3001779808177371,0.4786255797138976,0.34916942437702286,0.18645883148104256,0.7648483979807092,0.6609400588341838,0.8305880678068387,0.20257065895645449,0.7875292195723038,0.8106570662821149,0
0.780566510524471,0.7974161889222281,-0.0749393092207381,0.10383940829723085,0.6891619542738958,0.3748193488236534,1.1820048826818943,0.6215821481924838,-0.14279996340607903,-0.522496280835859,1
0.9365880693481163,0.4304769997548541,0.7827255351276141,0.497817626461145,0.6801293112780695,0.2827606720184337,0.7365817263756193,0.9655624150542151,0.9605197247336233,0.5133109861450345,0
0.5380395088946021,0.11715300661910726,0.8678061954749023,0.8837451543908428,0.4085782648806139,0.6955763541386052,0.2707740755937885,0.08456422739132682,0.5532268215037804,0.6036010450603427,0
0.1648588644125773,0.6132700844573831,0.04507604407254537,0.24040228527173124,0.08505700810812926,0.5116490878060483,0.7093087340604232,0.15610423245643626,0.9801655287473988,0.04690954191018799,1
0.24186208465340028,0.8375593285384713,0.39966034971970504,0.8144762011276573,0.8781268556359604,0.33847692780782107,0.8290423537378018,0.9512832071300608,0.24026521756897562,0.4363220342662227,2
0.4767227929134369,-0.16957032401951994,0.4898223121724079,0.39633963484879803,-0.0940489041341449,0.2886009573498506,0.26703865852996533,1.3231102413930593,0.16324995770184406,0.4375899593959418,3
-0.33169306964294343,0.9116986862499405,-0.05327321591762314,0.13977794452634823,0.6172123004069291,0.8305490685930426,0.6979569247113666,0.15740507864244624,0.5088134807246647,-0.39125824242720797,1
0.9229526039216037,0.19386501015211138,0.8662715089017583,0.39307553352848196,0.4557385418255985,0.5788658535727997,0.19263589537234843,0.7311906497339358,0.8990832520946169,0.8887666017014539,1
0.855040434721156,0.14785153788249092,0.6857575390673563,0.11704294288726351,0.5328756203512548,0.3664802350993895,0.25171879333428615,0.9313646549508473,0.9104428155950736,0.7764497521636806,2
0.9618331086119543,0.3338353508377904,0.40456682825813806,0.9743075432561428,0.6578018051425307,0.5274695169364217,1.0078531488329576,0.611671568909465,0.9176461229304282,0.44259248338370205,0
0.44492453254009406,0.06542179987755636,0.9680546003565094,0.9000605558697219,0.4000486053790872,0.714181845303415,0.19110131893192542,0.048528543071930295,0.5995325358177325,0.5650556358655097,0
0.05572051543189626,0.020592705920583432,0.6644993280962826,0.17041253103914547,0.02434279346775968,0.299637596184462,0.5219099767490258,0.14758894428589686,0.714154351275473,0.7529755313976175,0
0.0033767445690631765,0.08592316378486767,0.5825434441171801,0.2318337697463239,0.037687741821507144,0.26613223896047855,0.5545992317256714,0.262071357502433,0.6367304636573896,0.7575561724365484,0
-0.008363599170958707,0.10992269168854736,0.6593093608677788,0.28257066128875113,0.05286070066203678,0.21947833275373552,0.5808920293542934,0.21767089212243143,0.7012914224430331,0.797750146632684,0
0.4897273204375292,0.5096949382852838,0.845468623054431,0.888240512558698,0.3829359279497607,0.29625961753096874,0.12258808875389038,0.5815483480208431,-0.05036589200941341,0.15761868717285615,3
0.3223989776972278,1.1441693420040118,1.193811342634581,0.13647077955880696,0.3676183997862838,0.19607648303325115,0.5931057325480078,1.0520134497029703,0.5943343346065753,-0.031728048961016,3
0.6316789193089021,0.6631426678869978,0.8142360184798627,1.2497002080642579,0.31584474648294647,0.48022396711875004,0.9997102497702827,0.845690569806741,1.1328403312230169,0.05120373299915215,0
0.03139948044611093,0.08272434769128775,0.6250306804341406,0.3053191432610101,-0.009966856027855436,0.2656616986606427,0.5500052055904335,0.2040480644447827,0.6367501593262764,0.7897217915630526,0
0.11046976319843284,0.06647818735063139,0.19481110130442564,0.7316778734418694,0.8379252248629888,0.1084478377866584,0.4446453031429279,0.7202069722466291,0.7842519789121348,0.08668104529973938,3
0.672496271355477,0.47294891135294914,-0.06457618806450537,0.8225979096764668,0.39973493176639313,1.0608839194669912,1.119846471399646,0.42366381182605223,0.6680857527011919,0.8581884746933145,1
0.1326821997550291,0.17188458245419821,0.2944421621254052,0.7329071050124277,0.8825365645673144,0.26653324354129204,0.4245513621478624,0.8396731335913037,0.6523644201993223,0.3028645307865744,3
0.8025077328444665,0.38448689936626,0.2773460224907106,0.48831174957291046,0.6952048538441359,0.05232488734282345,0.3528303304964311,0.293564062558755,0.49650968305010695,-0.23842438117143572,3
1.0035531645802498,0.6232447991410803,0.579913503109755,0.08271768937800836,0.4217390331006373,0.8631339479066963,0.7632100007546525,0.6190975908044813,0.16238538225479893,0.08589697668865526,1
0.5538087404730275,0.276134867288985,0.08892129878764514,0.9752054591297407,0.4370069736017834,0.7689881092165423,0.994735473183925,0.676122750408949,0.5049969624502334,0.01243532852254818,1
0.06804472147363061,0.6527737281900419,0.6286977773124046,0.6491716917063628,0.5456260156340415,0.4555775747787235,1.079332355596468,-0.14317593279779858,0.4182929609126149,0.631295871359041,0
-0.15166176868334785,0.8746291351325687,0.04505021084154964,-0.02893163918892991,0.28059620337512337,0.7045722431874731,0.46875496366148073,0.7323879133450584,0.6553324308716431,0.5262132933870827,1
0.19869774077295,0.7204611881177775,0.5194314755812005,0.5621467589266892,0.1691658150075711,0.8936666711513848,0.4698848639130817,0.7326517476048953,0.08100044191065649,0.762586821228563,1
0.6604675085238774,0.9272928990173306,0.8299885105356763,1.1199073850784147,0.6556394106092354,0.6368472505242865,0.6223908864219782,0.4098773068674312,0.3653405790047735,0.22384964110591143,1
0.1557750743720635,0.5283747828619159,0.939927861414812,0.550247748503962,0.07867331092219364,0.85843861637508,0.13951515852953017,0.11793323061178843,0.37050979138092227,0.2882689993626717,3
0.6331393290511569,0.7827126222051877,0.12392215146804914,0.6967597432175042,0.5064142112892906,0.39515071237735044,0.5500471444792872,0.06818819614472334,0.5072589779932529,-0.0003252462815904276,0
0.43410790219291245,1.089313402887017,0.5586676990002757,0.2201769659702968,0.1254335505463732,0.7191772227052589,0.6777636613061575,0.466106273991302,0.7652882973711297,0.5465639809136679,1
0.8385089193763636,0.87268862325844,0.4582285034788711,-0.02260714684238746,0.3046324011989119,0.865733854583168,0.7804236116092089,0.6969662820458272,0.4171854066558364,-0.10228434240056372,1
0.8645361335364148,0.2641581746999965,-0.26123028261155995,0.5366408083387562,0.41558092469088226,1.2646997252481813,0.8252781530711374,0.31450266183510406,0.7098899896513626,0.32355491034557127,1
0.06035624987956885,0.21539540575388172,0.327348247777749,0.3395352902592403,0.8745226772186273,0.6069151109869073,0.15783169123222976,0.7687152683573611,0.8456905988509822,0.6354654257460004,2
0.10638122082269119,0.8493468733327785,0.8222440838968499,0.8095154093858683,0.520546356250988,0.7681106441019399,0.15927390685018536,0.8294319093932565,0.5889980033519134,0.6089624770639229,3
0.7321443465744747,0.6549449265020637,1.0790793786791617,0.6622422832413039,0.6912014404840415,0.7418461599056998,0.31896427630491964,0.8401867845953848,0.5807256316870973,0.6921970765756384,0
0.1512625964522626,0.7399861672061052,0.5306511624694521,0.5924765257226484,0.16840591630858237,0.8407783603322964,0.5498052909718909,0.6490939315338482,0.06350719768517483,0.7424161145033199,1
0.5309231971919031,0.8040838378610434,0.5311957976952402,0.35974515461324624,0.4406897860665278,0.788296130908182,0.16140414209253778,0.8134885376979075,0.34675578475264757,0.3884103736924069,2
0.8909436840941094,0.5236337074634794,0.8613997080603994,0.2620082728710353,0.7939396906837783,0.5129873686332267,0.6669602164637138,0.9301131263468507,0.659044127389204,0.7753250054618259,0
0.926725607509015,0.6846957141212318,0.5021903700152172,0.10048890048930788,0.441207727046922,0.7801566431718107,0.6860039099231819,0.5871681809375223,0.261580897197035,0.08633517999855841,1
0.5028131460573759,0.0290638965257388,0.9543548383770937,0.8441644419223631,0.48033679505948956,0.7837029506443443,0.26270663038171127,0.08840355887725117,0.6075281951398342,0.602623800067581,0
1.0057414506700855,0.032517200958450176,0.6630456340873532,0.6567443657827852,0.5704553157455717,0.8764491251962614,1.3846626077142554,0.1862629157124368,0.5635594726607873,1.0084128189589048,2
0.46727633585159767,0.9575440756873308,-0.06531469019356712,0.0553628276046919,1.2478503538209196,0.7298661637786967,0.8662065158143685,-0.22141022131528643,0.0449543885607821,0.9538362473548347,2
0.15183838432026545,1.05726411275459,0.7587244456202793,0.4427983761344646,-0.04615170847192135,0.24357358380423524,0.7403841115919199,0.535057729179131,0.8704039836785429,0.10154777339290454,3
0.1178688673208525,0.19187313876572598,0.2785561982829965,0.7236037032663739,0.867792942707347,0.2481803118498085,0.43937355106173637,0.8262511821423272,0.6497681550314172,0.29049465438611216,3
0.1136782133759328,0.8619978175317486,0.8266353968875334,0.8172375148230823,0.5398522791890743,0.7725125944608695,0.15000901985843337,0.8348526452134629,0.5760085053250225,0.6111355659437571,3
0.9442385154291814,0.40526663612029906,0.8301231625221294,0.17740421468686132,0.992303557014767,0.3845561018957111,0.7470827710263298,0.8938148331459873,0.7173535729342285,0.5734449596710017,0
0.431415783746397,0.03763313189324301,0.3167814326184155,0.3599472266967873,0.2468370932774823,0.6009584443398396,0.48963670429615225,0.8910755892561617,0.35709695975433325,0.12900433688282406,3
0.06443812263945564,0.2918663916347895,0.38911723571007395,0.26177454889650936,0.9794800992217636,0.578164998749716,0.25635214708839993,0.9001415502755166,0.8258177007845755,0.5642185872630736,2
1.1637772847597083,0.319004365896247,0.8813940561113585,-0.0003815478664110361,-0.4349024242809748,1.1486380378655294,1.0737669602287998,0.19980538070191176,0.5131904691586381,0.44547668986577516,2
1.1165933530845114,0.5600372559153688,0.6796019607795459,0.1820849694941831,0.851957380928273,0.8654238518555394,0.5456960091448555,1.0814712842553835,0.4248706509885227,0.16904739039392155,1
0.37071483430917496,-0.2415305583596437,0.34696778325767025,0.7043404604209301,0.8337008924088118,0.8920900914612895,0.3177410905301379,0.4513711663878185,-0.02032021959843222,0.9104785540580056,0
0.8735491191570783,0.468570976062407,0.9664530677631912,-0.0017582774952779323,0.9888009450392476,0.4194660415135234,0.9909144001722119,1.040071128795383,0.768123157452698,0.6857140344040108,0
0.4439298392619009,-0.00468678044700044,0.27621333413645593,0.33075309615506565,0.26380739401481906,0.6017638125400087,0.4556473251701408,0.9501400331511923,0.40205512021151496,0.10605695118290019,3
0.7258544005390997,0.4568973076803755,0.8365892292373592,0.055690280950551584,0.7969788230605226,-0.1300880088041956,0.7296493311320628,1.2424543918396034,0.7461439706075734,0.6801150497633416,1
0.7920262863213506,0.8186894165701607,0.8292108783225645,0.7073396827755606,0.617319935982691,0.8016525320347528,0.11019562242573278,0.6588646644768943,0.6086161912266898,0.5006085451871889,0
-0.047826569861941254,0.8219999722486176,0.20931160258103454,1.164646483113992,0.13492953918966738,0.5433331556504721,-0.0065063616908281885,0.4296899682183447,0.3702672492931138,1.1329296324701645,1
0.3276170205652182,0.15545442221932715,0.44340552445951437,0.14076727774882572,0.25806665669760603,0.5424282317135845,0.5843213136489444,0.09791076246737555,0.6333149168173134,0.7107174504186982,0
0.06760916070462417,0.24231329147564118,0.35695957113056054,0.6428806692127981,0.856813971262324,0.20921114436707886,0.5240382411728911,0.7543150371464581,0.6422990518057554,0.3702955423634825,3
0.47932071586462727,0.0047352506472779395,0.2699657699093623,0.33093086719879483,0.2714958530568362,0.5827519231340076,0.4300784684138425,0.9473651313584852,0.3689468957572543,0.08103571824224882,3
0.11100265142195265,0.23625068023058504,0.3916767400209438,0.13596090212805165,1.0744958015786494,0.5436329915860056,0.13871001560235346,0.9658732639207217,0.8076911221503169,0.5253605755102074,2
0.28189246697159787,0.8414356181208456,0.45930571186434854,0.8434368709367585,0.6711637697394071,0.19414558468013704,0.9184770909815985,0.11990558888390493,0.33639482569789,0.8891678136005327,0
1.218633817261125,0.49269100095629137,0.5359141431615486,0.7352812099097672,-0.08848184398982467,-0.0931531506926237,0.6347436866441312,1.063843683999544,0.8560991712890724,0.8106724176052519,0
0.14215140475688298,0.7989705462406291,0.17335371671563848,0.3986927606455256,0.4849137960236043,0.822645551020474,0.5543700215452868,-0.0817260818693324,0.9728149087405649,0.042415463406442366,0
0.0037794130355792805,0.10621877682739876,0.5690836846849805,0.2733664658596893,-0.025050273120558283,0.22657247148325768,0.6157973105030993,0.21289454497899035,0.664027723534961,0.8204339488428949,0
0.48352234646151915,0.6417517558742427,1.0309972559111205,0.857252940670362,0.35208490627863603,0.3370103749652677,0.3673847388011351,0.7903939447953239,0.10500956146850804,0.05148931533874465,3
0.04084929469068806,0.5898958752891185,0.3648933359729635,0.1144532251524282,1.01741173600889,0.4343743252332624,0.9158606985999664,0.38515818353170905,0.1805919051726702,0.6469465081217918,2
0.5348787997204282,0.24991851119878444,0.10412325274696767,0.9587683683030134,0.41888773814344676,0.8046495521380861,0.9789286279772071,0.6572603423785396,0.5418824057515972,0.04692170125009455,1
0.9675415868871711,0.6270245064607537,0.8204229111055985,0.34540405604730223,0.6079427969555758,0.5424336474194212,0.42217435046656104,0.45803306769634705,0.38971646921106906,0.6286192011840526,2
0.04951796043882232,0.6430051713763031,0.07268101046591627,0.39043849118373913,0.9507293609051467,0.3499433417671649,0.9910156495061311,0.14605379319837622,0.07799386878167683,0.6989550003093871,2
0.4680191677377202,0.5330168983053238,0.22440769993731646,0.6278642967824761,0.7927951029482279,0.9065267699880412,0.00022996005606991388,0.6778382726209523,0.9729943104773385,0.13575380507911367,0
0.03065376903894365,0.11557916023213179,0.5987283824107579,0.2434174764984697,0.043977968950877105,0.23262439426929638,0.5569869129840982,0.22042558714076615,0.7123401145656482,0.7711588321607067,0
0.41517851236117376,0.821173911907656,0.8739900357440981,0.9445135731553407,0.5391630463330126,0.5971099603484848,0.3959448542884736,0.34818609628163744,0.2654135267004043,-0.05183834597159773,1
0.9091027117795885,0.24764528274271208,0.945837457017389,0.45174719542185726,0.5244810436668833,0.6724512510222953,0.21928767103044383,0.6673727029007938,0.8605143644855853,0.8295275907709163,1
0.7809455446122252,0.44092743639594995,0.3337884518351111,-0.02255763513974919,0.6299051669800222,0.19905787038144393,0.7148228632026191,0.9283114757129673,0.992759043364515,0.8703411730933219,1
0.14816601055800382,0.19638552906412954,0.2938618746828036,0.7223720978292641,0.8705573506250868,0.24632991201388582,0.4564297253470777,0.8029337569626619,0.6267428144562864,0.2905294599845226,3
0.5337952028547508,0.8040826562086482,0.5340298510229375,0.36062933753820475,0.4388835712857929,0.7883407242853663,0.16268808245490626,0.815542781217038,0.34980783103106833,0.3890190867255252,2
1.5622807329819735,-0.13396360633370297,0.7162729841556175,1.5562178497368657,0.4527135647239199,1.171862042320199,0.13643950883236577,1.09060670301955,0.6744263754089372,1.1795892061165043,1
-0.017130043532786382,0.2710921762333502,0.4066276384856128,-0.003244521353400809,0.5957683509755441,1.1971326535886009,0.5833443917353643,-0.3330231687563815,0.7167773285334774,0.2943194227584568,2
1.1399207577592616,0.8820019347063113,0.987636578007445,0.19344917841580295,0.369431549552313,0.8851742631180282,0.7614401895051466,1.024863665623543,0.04130723784560819,0.5330845216723903,1
0.432242585931202,0.6123298812923064,-0.23387970869380503,-0.3002760905031469,0.9087857910109984,1.2689238965088614,0.39620226250520485,0.6802767415271762,-0.11335179602221279,0.6568085922256384,2
1.0430849393953645,0.38304389167070274,0.2649918849828751,0.2822962947096064,0.509253179195323,0.6096163043100409,0.6334517899270035,1.696613445299517,-0.12614660957082463,-0.5554030123044936,1
0.5766423494015447,0.3171307604478856,0.11757965264172182,0.9918309388186507,0.45786526803197825,0.7808785393686158,1.0271369975532303,0.6412462818104863,0.5507707560422129,0.016826338743351557,1
0.8680598360337536,0.3865201027079191,0.8041662908336523,0.5674544344332846,0.7161625760943702,0.27481943506173706,0.730728315177362,0.9786981684494642,0.991111347188244,0.5202647041219269,0
0.4370874833046395,0.6143615204482481,0.8541486779528334,0.8930174392083128,0.47033862961889594,0.6788802761313406,0.2714808546691903,0.41423670250092703,0.3756594439766938,0.12614640672195226,1
0.10527523053901786,0.2368429971563907,0.22745902941865134,0.7408163978170227,0.845369391076747,0.2513636604831358,0.5072534284943244,0.7897306102150452,0.6226462993586768,0.2365632299115511,3
0.812364777037822,0.14776177301825064,0.6442109652730986,0.08661022534938126,0.5550951380326775,0.42100404454324664,0.20691042739733656,0.9044832132680004,0.9256363395144545,0.8160387915070683,2
0.719112334638566,0.2852893247399731,0.6684292117719416,-0.03600604141410768,0.8397011725139576,0.44817828791969727,0.8567578397446963,0.7080670638006726,0.6708672730511042,0.35125722484328287,0
0.3926670635635534,0.5038038753290836,1.1761134726863527,0.6536504809364891,0.30166023351729254,0.9514330480721735,0.37175132408920625,0.5687217362744158,-0.11863963821464113,0.745905439504609,3
0.8720457952330308,0.18215632637099194,0.6270961780027833,0.044122116909186194,0.5295867006933774,0.40748054829631125,0.2081642619823226,0.9484189574258886,0.9609428225415438,0.869264401162364,2
0.3476741407571348,0.19683122163342176,0.6735508138732186,0.8454936835678472,0.841392875726278,0.8712400991735956,0.5854040517194165,0.1688459575052026,0.567359042783822,0.7402317759088082,3
0.5326003941660995,0.8035437164278912,0.5147046032699301,0.3664203293393283,0.45677888253951604,0.7848790483830805,0.180228733754572,0.8162300465704838,0.33845070200267624,0.37957009151635507,2
0.4134098630746492,0.2027488192617528,0.2954457837184904,0.7314377345228334,0.26113714436206736,0.3040491969374519,0.969630183306634,0.03812189859324162,0.808364212280403,0.19895308438118722,3
0.8069947217268818,0.7986789540495118,0.7786003558386283,0.5393700919596823,0.7673393879197752,0.922429417978707,0.25488301424666304,0.8581468636773532,0.590848140512905,0.5357105341831736,0
0.4999471153872655,0.5042793935068948,0.30173608255704465,0.7032303013768965,0.8550566246735308,0.844724027478416,-0.055059551503881976,0.6754811787306277,0.9130602869944098,0.18104898443847373,0
0.3345647910691341,0.8830086384734568,0.35072975553932917,0.7943204713016132,0.8275221912645558,0.2468006334664773,0.8560962476983057,0.9796912078575051,0.27477126171378874,0.35024085912598224,2
0.8436550318961088,0.14780376481216198,0.6420156421374329,0.08628197037004856,0.5315964077196844,0.3877721484742061,0.20812887956170323,0.933070909995842,0.9340443612285627,0.8183682502702843,2
0.10799203320687473,0.24029432491221184,0.2785951928703963,0.7605703678640244,0.8252349719436736,0.21073657940749363,0.46138946086292965,0.8226102897826766,0.610980887942556,0.3023100599268413,3
0.9672755402048694,0.5760850339979622,0.5145632415713969,0.5258798434927212,0.600595909884523,0.0669261019511474,0.463283076265517,1.3968371093955387,0.6565603870000949,0.4911583744035234,0
0.10730493790659508,0.8525125995636426,0.8308474378380861,0.8055009350693136,0.5270859721336191,0.7903218498022526,0.16851400855421736,0.8328091966992317,0.5881598750093048,0.607093113514923,3
0.044043516330793925,0.3210323772925699,0.3295232781151832,0.26097235139106184,0.9406818195621283,0.5311666141098678,0.2536834930897759,0.9065664606138423,0.8141539635470878,0.587804241143884,2
0.8908404829733311,0.21347253373707545,0.726948123626068,0.3222100974335622,0.7563806855839532,0.8108530598305111,0.060098803138118856,0.5532516782028334,0.9528502043413037,0.6242188434909601,1
0.8810285998814489,0.6494508482305292,0.4372988767746417,0.041516114410883494,0.4854029523182482,0.7515179856313109,0.6293093429278237,0.6340863369834682,0.37044515432340575,-0.0032832405148858768,1
0.14248041229609432,0.2900838117916408,0.25260332584496936,-0.13235146886848498,0.7955578779832391,0.9325821760111206,0.5486840467161774,-0.2732084286068265,0.8459060551316218,0.7286676636310947,2
0.9045047277224695,0.1602718463581479,0.15628968489850212,0.7675811310822016,0.36632584236830873,1.0650832444589682,1.0661180337336924,0.5925604300293746,0.5246717215528328,0.49661892143252295,1
0.8650645507070316,0.3823665085516898,0.8086976531795169,0.5688416320844853,0.7215741020467745,0.2718580230632927,0.7248113476760947,0.9808861692889901,0.9902352359157816,0.5265737881513534,0
0.34019734750607966,0.06066190988966388,0.6405815783663028,0.2187000346217885,0.9446624892085699,-0.022381777303598287,0.605094231804712,0.861527528408061,0.8095640439262638,0.1141010793241655,0
1.0258989151432316,0.2776761211775627,0.7995281676721597,0.2789052379934696,0.35681749294106324,0.4836376157785335,0.2386059844530455,0.6240517410973849,0.8512678147212905,0.9435177734231706,1
0.2681718589266992,0.10451338861492906,0.6693054556469012,0.8683972642543004,0.7150565724480547,0.8507646057450471,0.601049750864018,0.1713140749380031,0.5346403716859087,0.7792154877046099,3
-0.38474844596311675,0.8305038941338616,0.16902886102759965,0.3201764719713637,1.0924143406176727,0.06131602335519026,0.753888211395784,0.34960288352887314,0.0777079768866113,0.9846620932122041,2
0.7728785157003069,-0.10289769959634584,0.6689480732527078,0.4437802714929319,0.547265900613173,0.5199492306121207,0.06432746843199989,0.5904271665331075,0.3839569989658611,0.5515342934276196,0
0.5476294413502949,0.2725814074975378,0.08500287269629168,0.9802341785494155,0.4279544548704463,0.7796982592275552,0.9891898249786577,0.6678421955890479,0.5137992208621497,0.016558629652813725,1
0.5212028811030509,0.7993201134089813,0.5482861009242954,0.3417841439333723,0.4181216555561835,0.7988024128846409,0.14956987079554543,0.8127176432561196,0.3554754249985718,0.3803932200488199,2
0.5857953084601435,0.2552278486203139,0.06132002036229085,1.0312334421213045,0.4105233847491398,0.7673207494225325,1.0102889965159845,0.6836656537216573,0.4721500927162518,0.03650188356575576,1
0.5216045573416287,0.06427066731210615,0.26697560490184785,0.3550535996116128,0.32051145999658365,0.5438765194116985,0.4561449950819682,0.8937372347291015,0.422368190519076,0.02258053419175718,3
0.3300925260523883,1.001894670297402,0.3239014848819731,0.5351834137997059,0.14660088493659248,0.2008916509072791,0.11751055452474711,0.34216438995849535,0.9363075173252685,0.9028403906428928,0
0.09925045816311388,0.8535416165368079,0.8240487256280724,0.8043596411230721,0.5300626655310352,0.7884451448106489,0.14796114334491792,0.8277764883582107,0.5871057352525394,0.6095565631799467,3
0.13077652511142926,0.2604751442026848,0.2572312853782667,0.7761283461837131,0.9312827533051846,0.3255610671042479,0.4420375090125421,0.8161597587343999,0.6204307012031183,0.2509977593399066,3
0.05574398062503895,0.8404930070506516,0.8306645822373783,0.626396482616745,0.39231431842085746,0.9810944439483545,0.23959780851554796,0.9745051336747437,0.004099154324484365,0.28769467939128057,3
0.5293283888666722,0.8038000640126618,0.538610058083284,0.3622928945132827,0.44176597737325923,0.7911503443845036,0.16809958539148784,0.8135919726877637,0.34997097676165756,0.38906855479425584,2
0.4494115594647077,0.6389003953422292,0.8814031708506495,0.9174904583395541,0.16799238383388612,0.16104267830523536,0.25093610113338927,0.5859397800159596,0.15902260475321014,0.21154952442257483,3
-0.1526482199165874,0.3438299567160373,0.959728161452569,0.7145681608345306,0.33477405550668693,0.13125143393140637,1.3401959425559866,-0.29296325452743033,0.8103297409069643,-0.2032710877197056,1
0.8882522457379537,0.552396243638693,0.6724144443424499,0.23582733331744204,0.6189379418878962,0.9115385345366119,0.48876657845006943,0.9818816793735691,0.267455162691878,0.16378891294736647,1
0.7570325027359386,0.4182813990288496,1.297796759939552,0.37914918264581604,0.775875381394325,0.476227494256382,-0.0517850472748167,0.9254335818660013,1.0559149840043978,0.5234869940005823,0
0.45741464283028754,0.39174812844996704,0.679571542110297,0.18549290148511074,0.21740415101865027,0.7333641501413302,0.9296259437363474,1.0517529485241843,0.26546877613979614,0.09722798602970623,0
0.8324983533994889,0.0175337537316278,0.5793291057285652,0.6657390857701874,0.00905832910822671,0.3214207611315877,0.24940458171004307,0.9354652710400242,0.6360785773895857,0.546529039396315,2
0.9671086558792332,0.41699197069241917,0.8506307363177652,0.19407337036412614,0.9974265920267227,0.4264378305500226,0.7769683383596478,0.9180909744105606,0.6982762111745453,0.5607348218309401,0
-0.0022404625273026967,0.09697361821612496,0.6224304387718996,0.26051526425131205,0.025547454843484543,0.21929155931420907,0.5627109056308549,0.24484063171223924,0.6855050140911152,0.7702621972998656,0
0.09717890031149268,0.4689379917300037,0.3273952138573127,0.08486565964358105,0.8630677387321888,0.40332765036153473,0.9778285159096279,0.4092323946491238,0.33888918055321504,0.611910295654293,2
0.2567281776811572,0.1668392238737027,0.6395631182192332,0.6259722608879438,0.16976219199114,1.2869698905209523,0.46620675393989575,0.13509761662855596,-0.45677541147263323,-0.609918115776723,1
0.12231787917101279,0.46587400168095755,0.31820161151678694,0.9603156136042617,0.5912636203148012,0.7760321952057081,0.35710296163967054,0.0769141609029224,0.16848961673579346,0.05486030517837731,1
0.8549745635373157,0.3702972811257148,0.8153992043489829,0.5650788164586501,0.7318879555073902,0.2769330839067641,0.7185773111734479,0.9804721569479153,1.004573029681615,0.5241029800221623,0
0.043059125658646044,0.7968026636070549,0.20285593299877722,0.49546092984397727,0.5198773759313954,0.9508701755929246,0.5386265958580887,-0.05918554193626693,1.0928829809360994,0.06951076707760617,0
0.15692178208915056,0.6365220436149932,0.0838434760770011,0.20380102062781894,0.10269917325057748,0.5019724700732644,0.6756913020164268,0.11436832878190084,1.0154925775675467,0.08586460505258808,1
0.13069501719043197,0.1888820039393911,0.27796154124980216,0.7282776038515926,0.8722768782949368,0.24932544627859352,0.43870431246778885,0.8252338216744649,0.6448047624758048,0.28373735599637306,3
1.0500134465054507,0.564115886275171,0.9200280591152762,0.3895617774087716,0.6862418492538248,0.4542524185314982,0.5303886611387458,0.6058533668760393,0.49136225195120464,0.6850096054379803,2
0.6288820496907297,0.13712336807459746,0.6381150006302306,0.6411818889656191,-0.0650751695380673,0.2986815521666022,0.10063098899590667,1.1072510126211776,0.4122128575116307,0.752175073891852,2
0.7180071549053566,0.7371443768298278,0.2105693914725495,0.8409803577738902,0.38236919170315803,0.48359811754223603,0.6032608860880009,-0.029076763218087262,0.5187060154705314,-0.13575169466173354,0
-0.015621501631278765,0.12549141394127097,0.5975919902355082,0.26029192871145096,0.06477863192323675,0.25560948763852975,0.6036495512168639,0.2140312557182545,0.6888621713516248,0.7426595060744952,0
-0.1505871720361711,1.35274435321688,1.0430242798892237,0.7300446844117527,-0.038208821967918485,0.6924660090838114,0.7061406062375852,1.3491859518446436,1.0957337494503308,0.41383469740236756,3
0.34811225551148256,0.6126623265244346,0.7186618648633598,0.8928324726973491,0.6796205934582374,0.5100732517770682,0.3179588533443206,0.30256020852382876,0.1691430709957402,0.17475668805949368,1
0.122089604759581,0.18455922903119945,0.27794916516897494,0.7335348731073189,0.8752476010333992,0.2577452960710491,0.4444919221386562,0.8256665811163596,0.642859129607048,0.28166115069796066,3
0.5441852635480219,0.27132681688094834,0.07458293964327471,0.995742671473798,0.4195727613906723,0.7743299206938561,0.9705548487014611,0.6790747271526745,0.5058566005082706,-8.313679265169877e-05,1
0.3291344697883386,0.19830814062699004,0.6252987420338781,0.917406865493022,0.805144832581372,0.8641522351032457,0.548149163103372,0.2361466883107524,0.5113499658009341,0.7242115244429459,3
0.1368165584748799,0.19057978611875145,0.2938877486139204,0.7307077020596783,0.8565407007318171,0.2630346897808724,0.43031485727590135,0.844306732478443,0.6359146021884213,0.2872172232153435,3
0.8536704293377547,0.1376272395043989,0.6464918934854548,0.0762442572640466,0.5215462633305936,0.3905398642519535,0.20461505318293624,0.9394497601474232,0.9293574392308321,0.8184626787514288,2
0.7871441357450051,0.543147599169084,0.8314193848099688,0.257950779361273,0.45272401105973226,0.6294306544458219,0.4777223793204561,0.6346438043193634,0.4659452263639901,0.7429309296950845,2
0.8828194332314079,0.7476630331751595,0.8174307550920148,0.13107877197800083,0.4738802116948365,0.6792607845036733,1.1845550024293976,0.6484406219861516,1.0681298672664346,0.6666956912140747,2
0.44372048397996167,0.5990251743481384,0.7992506512465718,0.4142019902164596,0.5233107300632794,0.5123576612726294,0.5016261574145778,0.4641897076988268,0.09332679202497131,0.44785348470779013,3
0.017703962606373906,0.10959053447444159,0.6253249698189925,0.25149095484942713,0.02402104427079344,0.23045965035160315,0.5806057284703927,0.24222668386843094,0.6599103030568293,0.7911540707543432,0
0.13467584900325263,0.18074925027388183,0.2027035680380307,0.7049022806061875,0.8204906829531943,0.3144797781422976,0.3565683663226128,0.7954891347592854,0.6486364177768796,0.28119745675954166,3
0.44139041125221795,0.9966438412341003,0.9746137978768146,0.46424166558290714,0.8131755823847612,0.7393782661094744,0.7279475091645213,0.3269059858506381,0.5790864648076492,0.8731751948119896,2
0.39902706260753,0.1057338959303776,0.694581676599069,0.2508357396735341,0.9888701898034753,0.02362353129875708,0.6295683734370665,0.8931807880726822,0.7825035756222154,0.12030810779568535,0
0.03669074079465962,0.3300959289161373,0.3339550142907695,0.2373656621000575,0.948207220329235,0.550565716147189,0.149030275126052,0.8673948533246616,0.8609353014993726,0.559921558979674,2
0.5500022218877056,0.598782782843356,0.1865505793278716,0.4324218549512538,0.08324513223994962,0.8934165799303214,0.938152589338944,0.21977804141281382,0.19251068547642936,0.1043967968847381,1
0.33852226340025743,0.05418005528901039,0.5752148503604695,0.18688134238129242,0.9981978420777986,0.0975597080465434,0.6501564591424674,0.7929505647417391,0.8715979751855796,0.21366611042600206,0
0.8765905610529855,0.14070350516668428,0.6383131987563856,0.12524481070680027,0.5552130064634302,0.34859716897435833,0.19032375926785286,0.9342589048453791,0.9288619991941609,0.7952149479214798,2
-0.003566261924615833,0.8787851384338726,0.8966508838915941,0.31302060434180523,0.09049124478974382,0.3285725502620571,0.8022109940773396,0.9442966314732606,0.7343242782771389,0.13557114682021887,3
0.4978853046864458,0.4504684529951543,0.9064828862050417,1.0907350573054602,0.3512104748970757,0.28312829489377506,0.467026996166281,0.5014315564734391,0.09574994547646422,0.20929296145616683,3
0.24687110943198248,0.3022753616411985,0.6520755427366143,0.7137995184302262,0.3909582108276065,0.8958720260884041,0.32119765490193586,0.8058721376172271,0.26731109068757347,0.2062720999855174,3
0.3624367276720929,0.060522829364233977,0.6863583178407839,0.8151330035019267,0.7961746285613233,0.9413893229966794,0.60384916379486,0.2836643372456184,0.423575290172122,0.6390646160596232,3
0.7707669701085011,1.0573679024427207,1.0386874608415024,1.353646387552688,0.13754162296622097,0.8209390512437784,0.9891776289500128,0.522569575589736,0.6612104249879586,-0.26996669582928606,1
0.4570216499143576,0.6971435164712341,0.8347280461254742,0.5101429256552954,0.5527862081546665,0.5269709019851537,0.6786431944327469,0.6544276897658408,0.19826559657846818,0.35131216771429663,3
0.12911787579710537,0.42515370636000777,0.3173312129340529,0.9432097078266612,0.6341516010162143,0.7870800277646842,0.35619782148275375,0.040871843929980035,0.1387874844784443,0.06865918820569958,1
0.04470382302249452,0.0865024115830052,0.6423714630367389,0.23067409350897794,0.013843997797088642,0.25604460483122254,0.5333652976636165,0.20703377118013805,0.702281380767469,0.7985777501704812,0
0.16040114307721934,0.9682219205500664,0.12952149149369988,0.4972237757797923,-0.15173324350094797,-0.06163253495720611,0.5788300465674168,0.20856380900089266,0.22570649525972525,1.2678225047676184,1
0.006116732369938049,0.5212966918942074,0.816188315527885,0.4511494950478203,0.33117768284265237,0.1477425403906074,0.2403038618650527,0.6981113237785955,0.3317889844514259,-0.06059915863389842,3
0.4051091645069324,0.9091499975446221,0.7907750748123163,1.0559485501939396,0.6760342957329253,0.2240774021264844,0.5988422687724697,0.2204728980595223,0.21752798645744317,0.13065094778332498,1
0.16252517850235976,0.5865020263158358,0.026532101583487386,0.2801598369742978,0.0639409236457138,0.5115263769067426,0.7228140384306903,0.18306430964086273,0.9891149192485665,0.06332676959540148,1
0.4783575548697735,-0.03133163406883223,0.9907579365652693,0.9485971217572231,0.4648397817919916,0.786516079290302,0.14747770660909354,0.08176785103967611,0.6857507710532502,0.5748181827644597,0
0.09610575861113947,0.8442044461612387,0.8265561718792943,0.8040056957516384,0.5412996019636541,0.7813400840764547,0.16800368055865816,0.8418994782064642,0.5618430606568942,0.619279204870729,3
0.3101753558189058,0.15635511011630174,0.6055030340104809,0.9311888125745897,0.869145879141631,0.8065652665182562,0.5471388087925817,0.29392896965627413,0.6002952286019207,0.8434908734453422,3
0.9216609101330753,1.520187161649985,1.1472512051176642,0.6807426244248773,0.88874246578988,-0.24881463208502763,0.5834604615368705,0.45344272049437073,-0.6936520377489488,-0.41904295813097947,1
0.8926286625269684,0.550873846277391,1.0684439436923012,0.02925092542146654,0.7711409216856955,0.1566208192380966,0.9603512644014233,0.6892983741271221,0.713740392344623,0.5461846046417164,0
0.1585761682971123,0.5995902346412031,0.04035381313728938,0.2501423505090353,0.08689079677217912,0.5096530526537437,0.6997142799786337,0.15234741995636833,0.9808554821887513,0.037426942194474934,1
0.7128656176591264,0.4278560868761271,0.6106976500800891,0.3437960517317623,0.11434706426669439,0.30577813592159464,0.7458269137598433,0.3428531771805592,0.7289183819924486,1.1370911327378097,2
0.8483767195445298,0.3767679537775602,0.9257962093997705,0.4257787132492722,0.045678294964912616,0.4304273937550649,0.8323449007402824,0.6683521007225763,0.2907758212960433,0.17736170384962224,0
1.0011178165514751,0.242355775950372,0.8933602565256735,0.21202288791051413,0.1867877616837208,0.5572849468041984,1.1242502108168293,0.27425294008849405,0.6582182532997617,0.9814648224334568,2
0.5630719776611893,0.6616852485468121,0.758883451800625,0.9872494686438122,0.6793181740604161,0.35914139101163267,0.3531984871422677,0.3966872342701263,0.11907368603417352,-0.002075142648674838,1
0.951745816219945,0.834060408893833,0.956171062287792,0.6053857598773662,0.5257966125310541,0.8422282123603653,0.04949529648271378,0.9088615312668253,0.5669813313009413,0.5391449137333705,0
-0.0999854862788877,-0.045506265035771126,0.7171517865236202,0.9783706380721333,0.524347026506916,0.775022857471014,0.3839389611984656,0.21558743668532251,0.633405671170166,0.5148057916582452,3
0.5601634174300416,0.4980198155294761,1.0910657588991688,1.071230040286705,0.5200303308300958,0.6208727887730604,0.5138760674526648,0.13908193552210765,0.3705821743810241,-0.09308834915757194,1
-0.012535659727953617,0.12031838173793051,0.6312542134713949,0.2783841242125663,0.0229485268367945,0.19754395055333737,0.5758886738307484,0.22495962069093273,0.6683752020791046,0.7872551991205649,0
0.05387012979266717,0.280088939912626,0.3419819278131533,0.2897405667602707,0.9535433570882659,0.5962115595037348,0.1983220611662203,0.8920865284042114,0.8420826231574915,0.5449562835033314,2
0.9042647474155814,0.3792751584584127,0.8438272655596636,0.6072927639088863,0.7122530509458039,0.29457024937625775,0.7884193015193655,0.9953769508256942,0.9858036951654244,0.464324674297293,0
0.9488576961783518,0.2972894127214352,1.0004106154936325,0.36654371769133876,0.46142571900454543,0.7398112172800314,0.22629856014926938,0.7180048335120259,0.8139120492322773,0.7767664284996697,1
0.4386895577411161,0.22303799485867828,0.4091316438559008,0.8158521737571807,0.2453617517577457,0.192706703479213,0.9856242729007301,0.10913257511321553,0.8950001260876376,0.13639917347108532,3
0.5517104093155338,1.0526339217657559,0.5192801064252632,-0.3373961870631844,0.8988086306304995,-0.6505840055838636,0.6788259920872068,0.9269278828195102,0.9695672250635778,1.0489970399707662,2
0.8434697631585932,0.13596560651467826,0.6640511509806762,0.08753087617191997,0.5528432198743088,0.37254626027741844,0.19625757351394293,0.9311002643664991,0.9346912866682867,0.7946657451629232,2
0.10522639842888148,0.15220111953392226,0.8081502992603504,0.17444537859423925,0.7384133649688815,0.14639806995791027,0.7755128714593726,0.11120094036657979,0.2525999483707162,0.7109371462797036,0
0.0544821524571516,0.008624804401540564,0.6036530856047487,0.8530165013081551,0.9150225660356645,0.7868867792309922,0.6880879059277246,0.26440692763335005,0.5086939730398576,0.5227059565679769,3
0.10349144492651058,0.7654610778200193,0.3663517530220734,0.455342956760179,0.477946285741081,0.8986720517990303,0.6159046044475285,0.08566560036826887,1.0113471442214361,0.24230537177826844,0
0.1027641646706239,0.863140765103229,0.8475257414551819,0.5176364889044744,0.42837258823078656,0.8886391593722167,0.24158707145265937,0.9300382099135247,0.06475908276333817,0.1904682586477557,3
0.8435578453411583,0.7495138765297377,0.9120447918708906,0.2696787131684888,0.8149367054019395,0.7643671648509531,0.4435534043778254,0.8571656006283828,0.10661736043131287,0.32592641210324735,1
0.2557352975900753,0.863120275795284,0.4401430829500563,0.8896235242287601,0.5970425146884311,0.17707801112066957,0.9274799198404523,0.058344380832477775,0.45513713964902586,0.8493856889011628,0
0.0040604732296424945,0.8847987178530706,0.9064950508390546,0.35014730368145885,0.06642187273545279,0.34402046810134884,0.7855706132261592,0.9775047785165192,0.7461132534483448,0.11404741811432251,3
0.12361365240944029,0.6374462557201337,0.06056783981066176,0.2709711587612078,0.07385269648547711,0.5081694414111646,0.7295793252469163,0.1810469911056645,0.9489218522678544,0.011827422753072473,1
0.8443151255491746,0.7785211964449409,0.9462223098384923,0.5182461200382118,0.4583712986846336,0.7508576879140857,0.18040040380432057,0.9467564903124225,0.639914841919656,0.4244537217370854,0
0.9537902711715723,0.7183477260170417,0.43021554672594015,0.053994587577942676,0.3775955598559714,0.7313812580481701,0.673657283846247,0.6440645555952359,0.2834583092940485,0.07257667932350491,1
0.9185070741678492,0.26638323585776824,0.9374122505902255,0.44412314232442207,0.534771206308087,0.65057052266366,0.21058720438234543,0.6969491406976281,0.8529343505335986,0.8392020608754419,1
0.9568201867648126,0.33705361378085547,0.4103761404841298,0.9745292116880891,0.659724604127841,0.5229595633757567,0.9970885594319309,0.6162965225580385,0.922592480057458,0.4421777095652387,0
0.16309631366961147,-0.5146952542122718,0.32241571961698146,0.11313950068509848,0.5330248369039438,0.2813279319404771,-0.3144886213138342,0.26817111012079553,0.34832239948444843,0.17481549787464357,0
0.13500613441314246,0.8218696097895989,1.3289513971976374,-0.19670891524811618,-0.46821122657316705,0.5531099444988272,0.11606260501544885,0.9990724285229394,-0.1296439336218168,0.06771019063496074,0
0.5784276626597613,0.5513658881437816,0.866296198152754,0.4826310103369449,0.5138839700226318,0.6808383513431442,0.5714655590092874,0.6099049825183862,0.16455051225016395,0.4269366299831975,3
0.3152248153282324,0.14109722269992833,0.6319705494895441,0.6732645437770093,0.09639531585844917,0.5114656047992966,0.2997367372596259,0.44924828086568847,0.18256369597635436,0.7451106239781118,3
0.8405370131566581,0.1600701077175694,0.6500894467998249,0.09808401962394644,0.5362310451262319,0.38828434837395176,0.2050890858855828,0.9341377556787842,0.9284103426739684,0.8213955003070722,2
0.08865656498897675,0.22509866049971372,0.31953657059605767,0.6769296784871901,0.8206980469043392,0.24940571545945112,0.49870813476356113,0.860179735798221,0.5794982045027746,0.3149025087936095,3
0.5698893860032221,0.7763192931370898,0.8566365964666844,0.7810133859622373,0.5257684884467162,0.6559256377652779,0.3846227635382089,0.5358827598404591,0.2589963520290849,0.4246239215895926,3
0.2656038708641223,0.18594058661624538,0.5031609999638853,0.952787685149789,0.7306100187300293,0.9320514703395506,0.5754086719374287,0.1645255218695071,0.623184428948265,0.8355523688585952,3
0.923375202455258,0.41727626609092683,0.8608783493118777,0.07558121800050617,0.9716217162142787,0.30654931260662066,0.7270023834080802,0.9077607661977765,0.6226597358893615,0.480050211607699,0
1.1343278226013074,0.8427613035583978,0.6730488351550569,0.5677594942037258,0.29150894216073303,0.809835035446722,0.10907456672319862,0.9289485644487571,0.7755813620529551,0.45817454023426524,0
0.4150447460900031,0.17524890936549428,0.49931767631065777,0.6860427489790798,0.21176822589994593,0.4911202379419293,0.3746092008176861,0.4342909568670935,0.34347823569052915,0.7716612508419336,3
-0.2875169098983287,0.4995780054675776,0.0475833903716212,0.22825860612357388,0.5408767221139282,0.37926434207190757,0.8118926168961944,0.6268755441406136,1.2210344043474872,-0.34781726897829784,1
0.8180555581703756,0.1866824251485195,0.44552105933999414,0.38312122815530625,0.09259541096192193,-0.02999438740745558,0.16572956157215085,0.949195464637503,0.6096702196774503,0.49124486443600535,2
0.4098351825172848,0.13445692745595875,0.37626582058331587,0.6636273699938596,0.2202166208341861,0.24288013914567996,0.9330210614570849,0.023657790439628297,0.7875475722428972,0.19941551462017498,3
0.8992020782720902,0.5907000345290201,0.4285361665409898,0.1512249269778706,0.4557408093901627,0.8875855527023945,0.7489557634491175,0.5853219220324446,0.2618764928402849,0.02126290461604305,1
0.9968750771501672,0.19127101378099848,0.7647067422896119,-0.17236015071598643,0.3412484738865063,1.1998121644435655,0.4374218949785659,0.8294269665094932,0.2760358748367969,0.07253630397626669,1
1.03002937037387,0.2942022199996369,0.25973045365296515,0.43764494928618414,0.030630670630649337,0.33159192889136524,0.9257183931423276,0.9062304973793236,1.0490453473823615,0.885228205152956,2
0.17432080861528448,0.2224833728956772,0.55645073415778,0.4645235420092477,0.6206064225611057,0.28089641726426345,-0.13179601572202387,1.0431967885686806,0.5340590545609248,-0.44112070903049627,3
0.5351369553309344,0.8036638490089516,0.535111546211,0.35984162511087614,0.43940694956313925,0.7872672637815314,0.16284060759520666,0.8148834488070433,0.3488323586105678,0.38891863513413005,2
0.9310010807693818,0.5732587439943154,0.6002346975126261,0.3638989888990525,0.24862215170611457,0.3150841951490817,0.8558030769962442,0.5007665284609107,0.6919497430833174,0.7767319671285828,2
0.5686813305165833,0.24573018059353413,0.11022360385767165,0.9552547564116618,0.43343120294008813,0.8030475002959345,0.997545769010324,0.6351371582501909,0.49175364172199265,-0.010330301023796788,1
0.5674555141459199,0.40518443013862127,0.40785205620861215,-0.07900449373237656,-0.2588631698501134,0.7877858110116968,1.374225333656095,0.4787905757710131,0.7387983928353206,0.9706666085708535,2
-0.002870205363914328,0.1132133179097214,0.6327081032334468,0.2732323317844177,0.028222585406141264,0.21152475072544014,0.5704183607301662,0.2303263648798588,0.6793600975369098,0.7728803980618748,0
0.47983174933155726,0.5829098189563736,0.19100064661431532,0.6592054411250351,0.8058046190542207,0.8774394045344365,0.034057604171764067,0.6795016580746321,1.0164205220216553,0.14886501368303795,0
0.8600902215742842,0.2936217329288354,0.9399646842564497,0.4445089214672807,0.5866938122795391,0.5568366185775284,0.20952255436438447,0.7166033778533476,0.9157833051132653,0.8268006502484018,1
0.18762074376712637,0.10104762255981131,0.4209791633218013,0.34649286767754317,0.26209400222478585,0.7375106828917185,0.5972897990539752,0.3824265094770978,0.9142099277907366,0.6413953533218361,2
0.8468450556741259,0.1468998600489561,0.6459988286023508,0.08867490327494618,0.5300997032332784,0.3898330535304858,0.20268325693061912,0.9348450914569901,0.9357617467911441,0.8154927368350467,2
0.9833355221782419,0.9892497193306355,0.40684959532142095,1.0206764597060092,0.3695556600455121,0.6797685019797068,0.7444327794850514,0.5519111375785285,-0.23153951334287354,0.5847684133255299,3
0.21905803488760817,0.9078548177967091,0.4243491008087096,0.914116212854888,0.5599378213703833,0.18570623059853886,0.8874352179326189,0.05386351982224308,0.4532827522093591,0.8153107568824892,0
0.17250806175908848,0.784250880210582,0.5074665986671809,0.5650739407885931,0.14620499111524768,0.8633137006228216,0.5244327238517278,0.7257872100337678,0.1107128725349306,0.7387162873449985,1
0.11013612483191884,0.8519014319537254,0.8146804858536407,0.8177499345635798,0.522655289251788,0.7739997291877457,0.154822960962176,0.8346936582475458,0.5878591669280837,0.6000795624747528,3
0.8443848856473193,0.14883465620447373,0.6435746468756607,0.08166814917742844,0.5257759651613603,0.3907559462460749,0.21255500875714156,0.9297672279646115,0.9361391886966749,0.8207536349237171,2
0.5411291014083962,0.8079772130045977,0.5366910649610558,0.35844957041091297,0.43171896314183117,0.7838679265278693,0.16998110230534888,0.8043368287770128,0.345557336648783,0.3961437495177935,2
0.2743354292856106,0.0909480277589775,0.637297710135168,0.8243296830746243,0.7845450911766167,0.8364191990344199,0.5688456759908012,0.22893786865416177,0.5163342673988145,0.7007892656604439,3
0.11139418315166359,0.6616877037254716,0.25112841943168007,0.940492852667002,0.08385556093786573,0.43840255478945067,0.26601032036059363,0.06779517078362257,0.42477598121369087,0.9265879495722009,1
0.8841337919821666,0.3632679793296019,0.767477475216409,0.5894451035335203,0.737181517756489,0.2768292455073388,0.7118670935367081,0.9705558064110639,0.9704676966440543,0.48976398920685893,0
0.8405819426055492,0.8507998775952346,0.8384622951218335,0.6007896481847029,0.5839924571229054,0.8536676708303266,0.09066268480706148,0.7120567432184778,0.699730282276237,0.5002673764148151,0
0.0398528722151945,0.8661580832054143,0.8834654573920323,0.3106020022435314,0.05703136944900554,0.3714706604541391,0.8093243423037495,0.9521943996788451,0.7661738954600662,0.16220066021222554,3
1.3647104483492778,1.1925034740844094,1.5651015183002728,0.03415574217506567,0.4157055846935859,0.8247294718334081,-0.08978275117149725,1.2321617339031063,0.8061753075608247,-0.007399509817414163,3
0.6577066933265722,0.5489743277240843,0.6561687778361975,1.2982769328104158,0.568322970658207,0.3347096960922408,1.1318011291457162,0.6743433719586409,1.033914076184204,0.5759709345396193,0
0.0951146359021677,0.9844278183785947,0.8140417664029872,0.5020074583346272,0.5378886339942593,0.9079401007524165,0.24103693458698427,0.8779150615525979,-0.08685009205144031,0.22444249493587914,3
0.04236136747466898,0.5612150646812248,0.10476620390183587,0.9540749655610391,0.005953621097042065,0.38852948645533697,0.2997312352332763,0.2413116137451864,0.5120675434570107,0.9361300783201184,1
0.5387681778383926,0.06364272783689222,0.9625310955369912,0.813838149711743,0.4173254248111836,0.7813238238281228,0.27694256633078607,0.046653695108657675,0.5845255121540928,0.6796770264764553,0
0.23637496761689408,0.6232374390998728,-0.050422935156692814,0.14915862126646867,0.05182760634532635,0.5690164157305556,0.7695672508084048,0.10540042414071585,0.9068288692105175,0.08240994228561774,1
-0.08636469940783366,0.7693293576995444,0.1466639666138649,0.8114883032279596,0.01616683416705637,0.4072267896119149,0.1510483162014007,0.25194019361807735,0.39116471735443914,0.8207101616365179,1
0.8437463407066798,0.15004285183105312,0.6354456629660442,0.08089362288029561,0.5273293118482736,0.3889241118948776,0.20094125989341924,0.9387703687091679,0.9408206240002024,0.8226618602090461,2
0.8101076105383741,0.647867022907244,0.5214759472783366,0.04288371017276677,0.5075319564071848,0.021118483553171186,0.7376726868982189,0.9508912327750333,0.7250964499421352,0.8719402642365863,1
0.03512091807108432,0.2725492997684449,0.3337148742439071,0.24950958430453704,0.952898377667179,0.5589412833512523,0.23437531049757657,0.8529805737758319,0.8236642134464275,0.5386211354402639,2
0.6460373209770653,0.41761793004849923,0.7592306344223961,0.8264775802701481,0.339271549312055,-0.09125945153465523,0.15536178682312096,0.8580548985351868,0.8602820583652802,0.4970748623115114,2
0.8442988713717118,0.12897051820485841,0.6288947949603383,0.0681217884241476,0.5507484024546613,0.3955557429739508,0.23233280110602278,0.9358264452127559,0.9526892474616352,0.8570993232924613,2
-0.09605568090886554,0.2866228493183983,0.03872997634966474,0.06340501749884608,0.9549477359044751,0.6220801840779008,0.8874307139393416,0.5568895739286273,0.46923165065543615,0.42152888360498764,2
1.409870493504168,-0.47701698391702674,-0.17290686053961835,0.16883363628039447,-0.44018041993893076,-0.5098952907411142,0.7691222275860041,0.23312994602391673,-0.25644042684131296,-0.2467312975623837,0
-0.005288358279427892,0.10676401511989204,0.6313750515897328,0.2706803426362723,0.027170038272310286,0.22660032884315653,0.5737752355628261,0.23129634441113808,0.679322897452469,0.7708897124613318,0
0.864986583980467,0.6626844499277972,0.4517973622819885,0.9070520154286444,-0.2922397949122205,0.41527034174724387,-0.22629408325339218,0.12032312124821865,0.265923334974669,0.18884117658613275,3
0.8978432493072788,0.3704997340832247,0.8052048252832212,0.5921253346347283,0.7050964227611977,0.30659292728506193,0.7122837812247332,0.9921650916277244,0.961310142295297,0.5454578986628206,0
0.017805161774207802,0.41336375965459143,0.23283460348701013,0.2180889278018265,1.072331653418714,0.37594538999788707,1.1063181911614721,0.4424606457021136,0.3154175809098765,0.5942987204424909,2
0.7810198040863846,0.6467732244073509,0.5210482655158436,0.0341334645088673,0.522340307608533,0.02524328151780654,0.7870780811595005,0.9824913990855496,0.8026476794550448,0.8113151859770803,1
0.8418228741097302,0.20346768235800908,0.4992085277587022,0.5427758022815533,0.14719463817148756,0.15232519704017644,0.2661365919869684,0.9296034000108094,0.5228054791207821,0.5841926681617575,2
0.44693575177996875,0.488995194787948,0.24939430059151912,0.6989417804091023,0.7849736559079176,0.8824584818556915,0.042603822187056405,0.6804334541298341,0.9890070754694525,0.19922084803183515,0
0.8697644536997475,0.5697196164176461,0.6573274652096119,0.5612284995580579,-0.10172247886012004,0.9204072762277163,0.5140750795533591,0.43336606588398857,0.3840250609691361,1.0379957197971441,2
-0.026404123261243258,0.9374330156780684,1.1559486436144604,0.2242614027230001,0.028261830685346392,0.13180777266536983,0.9407717140201761,1.0276436209657542,0.830935334070917,0.2621150572247556,3
0.019536492457428216,0.18266060502980142,0.4318076048028163,0.22596014754450744,1.001706701900166,0.46010008062493946,0.1626016874327482,0.9355235611272006,0.7794741113523934,0.4893635589634177,2
0.3371540591758737,-0.050314862386878656,0.5925052665249919,-0.2769406193050087,-0.13844538571053577,0.021231248800943736,0.3838611879472982,0.7479707970680761,-0.8389339642976259,-0.4902236197778157,3
0.7798926768582003,1.1590218020792025,0.4612520895957263,0.9126117602159538,0.5687213856624456,0.7048788890714688,0.28939440630484997,0.12709296470501882,-0.17468385498184907,-0.32207391059016943,1
0.2990613646132083,0.05465185132230885,0.6663515409983019,0.22749716658490676,0.9390728698026888,0.11085668795822179,0.5095515167969393,0.8882917133415467,0.8522114518293576,0.12905163316946286,0
0.023530878996287363,0.9135801760280909,0.9739535001297798,0.39107016553797236,0.09565501169029131,0.3882980007271634,0.8429596611207903,0.913002049514213,0.7927660699740606,0.11639107937465777,3
0.8382944455066508,0.17198109057640681,0.6913985800091966,0.08437676306571212,0.5409459936690558,0.38207188246482476,0.21113799354444907,0.9068474924325869,0.9472280110802297,0.7832461548163083,2
1.1520482065680946,0.458041811039725,0.6875832330559183,-0.0548408852714585,0.7544111462840613,0.13812218386945302,0.6808443055351311,0.7222244073330244,0.9524891176669402,0.667072486803876,0
0.5417141385547535,0.27434728517872176,0.07742102517717708,0.9729755919612041,0.4306164613406394,0.775753366295063,0.9856630585898287,0.6690133357440162,0.5117797075866215,0.01687198942908555,1
0.33418816543334745,0.9779615281507292,0.6883484329954779,0.36088011260223113,0.40222388724341884,0.47892404167241087,0.524956946615655,1.1307993766664732,0.8208487434852112,0.06724515185715557,3
0.4824528363654282,0.5428123091427047,0.2114262814369986,0.663948055094151,0.7904601098158932,0.9347426225897949,0.011495402156850814,0.6653587856047327,0.9959620592900081,0.1464145399770849,0
0.11312667034097464,0.8604619156161781,0.8157480842832113,0.811190187677208,0.5361203450228106,0.7822849056914235,0.15756063536704173,0.8412273990078657,0.5768713384331311,0.6108629436951112,3
0.3712202418339151,0.6887755726293724,0.8281941383887714,-0.1573861969776548,0.09828540022350335,0.24905211555937148,0.8510748481676591,1.4740625827519458,0.8406558213779743,1.2191214955541805,1
1.0435495296429391,0.4598147443988002,0.7098889627407106,1.0458644515367916,0.4530819392544595,0.30542549643279626,1.2017672589879633,0.9212244734177861,0.8885876737720997,0.14709248780552725,0
0.13928396980479418,0.8240667010180405,0.372393497574022,1.0730641732300523,0.17318369286527688,0.29345697075516947,0.11212482698375234,0.37066693997552314,0.49098741673916374,0.7381393705034572,1
0.6995287570868537,0.4736553943695387,0.82411441313675,0.3301481109358232,0.00011338697099158579,0.369303303520647,0.799925993643527,0.7441583399441213,0.18469363344007927,0.09837735264472926,0
0.4554888290929387,0.31822163827867855,0.11430485841435961,1.07207686528373,0.4801864543960842,0.7003451668742824,0.9325547906082492,0.6854810181785094,0.47007487669944636,-0.07906376862646025,1
0.7648267647264262,0.21419583610674578,0.4641455405569329,0.623118512410972,0.1911535572390641,0.19660552500153672,0.251287120242334,0.9136036323260196,0.5853602492559007,0.5924818738165966,2
0.3100675992727824,0.15313021637461638,0.2222307911637365,-0.10746713238628719,-0.2721499850990167,0.12318286481554319,0.6855020853974096,0.10621924011804568,0.6914470453417962,1.2348971220854856,2
0.5316977635101366,0.7449607067324905,0.6057425883597294,0.8410703565476861,-0.2440631175965674,0.4330400351857643,1.430129677562602,0.12234037958167149,0.7976937803866432,0.7190801562491935,2
0.11535308422246018,0.8653827021211554,0.8212010059389051,0.808498266509285,0.5367501555567081,0.7714145805426986,0.15515703328394867,0.8376399357278521,0.5873372812060891,0.5981673361441577,3
0.6768755026726023,0.4563686587110323,1.2768098538574706,0.3485403040137005,0.7877983350761477,0.6549664423872636,0.4239176766990575,1.272086628531666,0.6886391016495533,0.9212310780400519,0
-0.07835111742719307,0.4061435056739791,-0.0069407346804516434,0.26210451126579154,1.3490628463734926,1.136414031272401,1.089905590167256,0.10743212084883452,-0.3029046503400832,0.7641397175521629,2
1.0434729227050394,0.2030030395261203,0.4281895881453923,0.5465221063714758,0.05777990460881041,0.15093219708522593,0.179857644561027,0.7133178494919634,0.477375665863616,0.7869885561952595,2
-0.013539979270250163,0.08729176671588802,0.6516702112537303,0.26251669932453153,0.04776560564329845,0.20116297050203386,0.5757135967556437,0.2361189334428265,0.6741551233331158,0.762954588591068,0
0.7266709297730045,0.5609390008546796,0.8853530224595598,0.5507623428617766,0.6455433183560426,0.7275459388033556,0.5386556745484272,0.6866930543729732,0.08369977639832188,0.29507335457390566,3
0.2963273935534695,0.6387680658051451,0.4481576980043175,0.5523531094177774,0.11195009243340898,0.9368360257924785,0.7241303662070234,0.6954081006110044,-0.054954842673654386,0.8454615387784881,1
0.5341193750033049,0.8020046142677503,0.5327784794199666,0.36041934601614073,0.44051889645376635,0.7888128604914061,0.1667129179631625,0.8145829726733396,0.34992004015213574,0.39147088626474646,2
0.14762709362092988,1.0685484907089315,1.1112215652306814,0.6380719194954281,0.9925491087205434,0.9252071635455923,0.8342472219021266,0.42883803073826515,0.5575797423669623,0.6577353305459503,2
0.072207744034432,0.599230069239414,0.002700040168236939,0.7662503848560619,-0.11273656398814186,0.7079533564577403,0.06202992880031599,-0.0009361620019721628,0.5731598500230184,1.2387062569041436,1
0.2461689832253403,0.78755909124705,-0.08024092012043707,0.11657997668835532,-0.08051993006467023,0.3709321597284239,0.8316374619118185,0.23093337499921146,1.0305671640261416,-0.002624132087299502,1
0.18903025167754647,0.19973532899293156,0.7999685994553186,0.16570511095819412,0.7731116736291243,0.09644741597402663,0.8099672687746686,0.11058794981691476,0.2435098880569448,0.7565556336377391,0
0.31223794725048093,0.6978464959233815,0.721678473324883,1.1153819164371481,-0.02097567676819248,0.12697976993149224,0.5693254547597201,0.4560875066965796,0.11042031825113065,0.2345712564082781,3
0.10208482740443826,0.12586066776098304,0.2940335775112674,0.7767307418823608,0.9856813396771664,0.21383909952516542,0.3640313929640874,0.832311564544215,0.5978498308524496,0.19120101140278464,3
-0.005843487173632939,0.1300455527261441,0.6399281954631748,0.2466055504851116,0.012780163038410362,0.20628787807888005,0.5675933253780712,0.20616064359626604,0.6960775523746243,0.7849690413628042,0
0.5683152469571834,0.022237612305216474,0.19708917239134574,0.2698677783444363,0.3543427940961841,0.5671551846202494,0.39891725549935875,0.8874591783381873,0.3705405371713564,0.17150203670111897,3
0.8574764024143606,0.22151293263389343,0.5390101315477749,0.7729872078863584,0.6144484723902168,0.49899727407316075,-0.08059908035294264,0.34935289548311255,0.41883737914669106,0.615132294339422,0
0.07643493161894799,0.23277597393972468,0.6583383505720922,0.747326014285614,0.5997159383507746,1.1930056617428606,0.5408621179954998,-0.12113735279794197,0.7952806473190684,0.6680542149924923,3
0.868565152655442,0.06886384524816516,0.46266249359198774,0.12827450314890698,0.7939285291220313,0.8455715293796036,-0.3208870363667635,0.6878710276151037,0.8221732133187843,0.6368967849391057,0
0.3529475512315138,0.7726293781625566,0.7749331983916533,1.1236793677919406,0.5265847239341273,0.7286163969223813,0.6305884910831212,0.4052042442642563,0.22447244239230452,0.02909308364128571,1
0.9714507168368389,0.9280631669550339,0.6623826415149627,0.8209651249462306,0.6841339939688353,0.7902585219797654,-0.0723081093438146,0.7242946254340193,0.6947738514270658,0.29862368652943305,0
0.867888886238064,0.4422691172385016,0.7910966579748229,0.6425930937197439,0.4161863913807784,0.3299843496543026,0.6319871262623709,0.8366094727616682,0.017361206714572863,0.39951822348837296,3
0.0069657373617957215,0.11063341598022441,0.6257256264617687,0.27155316519228534,0.027885763582106253,0.21562950490193714,0.5743713652132044,0.22813647959052819,0.6870961419635749,0.7793768672560392,0
0.16124236097488703,0.5034763436011127,0.9014695806398114,1.2628435131757603,0.5592495527642235,0.7310769519693283,0.15768425650636952,0.6564929186302717,0.5006270760968883,-0.0672760454019872,1
0.037810177922699174,0.5225513488146625,0.31458455420138165,0.17863982567816045,0.9815872361786695,0.49077138095337886,0.9982355284162512,0.37648757258903726,0.2564055264373963,0.6438629933042419,2
0.4558688236214404,0.9531790397623163,-0.08869169726879475,0.5671560973408041,-0.08747894340673668,0.7405801979184659,0.8334942227265034,-0.10293980468863906,0.6647314970643117,0.0060244059661562835,1
0.6316368595283699,0.055945130376519915,0.8337116602990056,0.28691699182962893,0.6335072445216944,0.8108822613080773,0.11844679700321804,0.3361625558353194,0.6497111064136469,0.726628263134116,0
0.8425010088891239,0.1590965037771049,0.6345167845857841,0.09012854477732243,0.5211884996156904,0.3858549751004456,0.19929770616492917,0.9278077304111981,0.928401580575118,0.8107742046997067,2
0.507502556065316,0.620974972517845,1.0987373345468718,0.6915491600351642,0.6626392211706537,0.5121925024308154,0.7523150452773144,0.3733605016797465,0.05700785638551051,0.007948985626335503,1
-0.2353195289801252,0.08630463335677549,0.6879019985714876,0.5327982001156594,0.8258862416221164,-0.3014570942677633,0.6058401611236667,0.7394309543745345,0.3906865465409108,0.5002709673317659,0
0.621157621807921,0.8896409841371394,0.6003941283243476,0.2777859254935134,0.4302755895536454,0.9847672935166932,0.5758532625918437,0.6549744576211394,0.409135991989682,0.14658379930022883,1
0.9664825879471567,0.11272459688943609,0.10793625592207629,0.9094490212810996,0.38994212454071464,0.23918404841197888,1.0094605767549931,0.8218213823036283,0.8377179071751726,0.15511864306519146,0
0.9223969423869843,0.25456170465202954,-0.24590161088135642,1.437731335228368,0.6350528274500178,0.6891453149878821,1.0803625761859816,0.647072489033046,0.6177550149547244,1.220963244803662,1
0.8059547078762088,0.28885107447347663,0.4128119803430839,0.5711546663670491,0.3100639646059833,0.17544117524164188,0.20225638744804042,0.8164344065747005,0.702415445546097,0.4472350421738149,2
0.14153382082279387,0.5455520702345766,-0.014017933646494049,0.2527292215125254,0.06304604810185918,0.5498828921975412,0.7465934143275298,0.15314495261866898,0.9977777142203806,0.02897219622767945,1
0.8345408812007484,0.16255545605063842,0.638134489369099,0.08613762496719095,0.5291898698516618,0.39401988038852376,0.21409517135485973,0.935006004643977,0.9262578066594773,0.8307714245736123,2
1.0778268152227903,-0.47495138276939997,0.40593632491990406,0.9200225921033947,0.7645762028658174,1.220125109816403,0.7254413345676278,0.12464192527359769,0.2862467764864982,1.027286400715729,0
0.4018667288441107,0.05280279858354528,0.9553838723478869,0.8698375379977731,0.3911503905475065,0.7258919435627529,0.21911038686006729,0.18758403310165056,0.7010148030647405,0.7136890209081372,0
-0.2882638734727454,0.9810309665431816,0.19568288154801114,1.003213270753601,0.8779540671653832,0.2374722076754845,1.0741664003987526,0.46020915877131174,0.881163432383312,0.6846556807747464,0
0.9571455328841852,1.120880670651721,0.3417459233345443,0.7598468727342809,0.6463336269688912,0.8046470166070381,0.7478083517641949,0.5948693473579688,-0.19061704253776524,-0.09578848450615951,1
0.47981863475234454,0.5232947701681854,0.2199031059582721,0.6501453886181535,0.7947898958074721,0.9075293395588694,0.018153736682383088,0.6432376387961433,0.9612924006422786,0.1494046316106737,0
0.3542799533336736,0.05399962768556104,0.6696890237005602,0.2607437371036223,1.0151952606429182,0.0208686885991186,0.6271635760090336,0.8996058354347714,0.8457875619244054,0.1119075781395101,0
1.0382563794693687,-0.022747287679795898,0.30837792085894267,0.34843983670652645,0.3430770661787757,1.1363403664694416,-0.07818473994951747,0.6427665082463717,0.9778182695110474,1.0855693737856664,0
0.8514756184511674,0.19946249365509064,0.5495916394817297,0.5056214881761377,0.08710600991444516,0.13765625990912958,0.2217181956310757,0.9778336062243713,0.4950509102457983,0.6515705170733858,2
0.6125098727920099,0.4684868913233364,0.7075195347708559,0.14142590435119384,0.16250945146165693,0.6369537930583237,1.0883562298855325,0.4817171032691475,0.7802415201244658,0.9192314316740453,2
0.7398382738686312,0.345735016723525,0.65704375153066,0.5626210862577504,0.17318347411603302,0.22872436018938713,0.4056716888920191,0.8891710860441542,0.5307310141402437,0.5551139108421252,2
0.48551766635016436,0.06223600294835573,0.9444722340247328,0.8566076721646543,0.44486925609238703,0.7634990205282441,0.2317130502716473,0.1070120774251152,0.6129380532666019,0.6240685974623823,0
0.7720562896210719,0.28757445129314024,0.023592837907898942,0.8029608383048027,0.363670311627647,0.9671214171441235,0.8796109435549252,0.4572592151448198,0.5738157237098472,0.6716924742375991,1
0.36888174759411135,0.18687581426861868,0.5364279774005506,0.7363147488446343,0.06807035607479975,0.531128663351229,0.34064529544871064,0.5651656673374529,0.2832853092900549,0.8001365121787365,3
0.2514390505979214,0.8686210178158046,0.36970626897484127,0.9056217820610206,0.5530060406677186,0.11974318536066937,0.8722773011371567,0.10301977886769516,0.5143527927808339,0.747145581051654,0
0.38507083718466256,0.0849948127187754,0.5206272457777459,0.11723851393827839,0.3498458511694653,0.740639878373575,0.6798708364575463,-0.0024537257768428578,0.7605310121481871,0.7586316726345069,0
0.5184383462678764,0.42381991969659205,0.862440537800154,0.3541398702191527,0.4461869755072728,0.37257405609904176,0.5426460495504705,0.5543645337306208,0.01769366648278861,0.28915307915500754,3
0.5396540370509668,0.8054634549366879,0.5308129869327359,0.3580762096113599,0.43484673531195595,0.7830510434643182,0.15798155590298743,0.8093750157902437,0.35213085453944465,0.3941458569243381,2
0.5511105673349947,0.5896428109613713,0.6736548596035726,0.3213611264029315,0.3603820748523476,0.523868425924136,1.065265096665217,0.9817742595399473,-0.013373240555597576,-0.14650857083462177,0
0.8482587190630728,0.15303717419654717,0.6474676841610241,0.0759488767315346,0.5396979231003591,0.3799662516438209,0.19548840878829077,0.9447267788441921,0.9361168844770497,0.8311305067237077,2
-0.06553458887735757,0.9080218861398696,0.8761236566465099,0.2808761502332551,0.0003267173931347789,0.378098516677082,0.8172666242897227,1.0133262451297054,0.6874189052883538,0.0432007487397741,3
1.4696718682494478,1.1417342049111312,1.6446547639384046,-0.18193224951573295,0.9991905883046893,1.0514505355021095,1.9691767818314774,1.2729157027518045,-0.049050331559520655,0.9948061796010532,0
0.41511737682727506,0.2711334619933158,0.7476740024423756,0.12944159643609804,0.8687701133133816,0.07177053893714957,0.6660446314661367,1.081043133004905,0.6514861963333487,0.0876720806304285,0
0.5097575637542427,0.05629718874886512,0.9712668612021101,0.8430615137460139,0.436476313796851,0.7667195086976093,0.23253839982191557,0.10439293328998214,0.604489595295077,0.6084678826027524,0
0.5311736902983856,0.8014015144478586,0.5304254866557768,0.3578096231982879,0.43925674205558707,0.7899530635583195,0.1661370160370796,0.8170511993517383,0.35010736246708984,0.3867824711332754,2
0.8650277781265274,0.7141408265602618,0.5329446057161034,0.09854067951687581,0.6380647332578683,0.10566380531263156,0.7105270854919532,1.0666809608202916,0.7179538669541496,0.7646024685302406,1
0.3758376929619092,0.17297283664068844,0.24545383723677267,0.7196256772255163,0.2034273209499804,0.34063872725878663,0.9284985543374594,-0.038994309371484306,0.7765018615639606,0.25515821733222843,3
0.835735405715834,0.17124751620848533,0.5146725350957256,0.5690118350024758,0.1565320216937139,0.1102057958770182,0.2703571751645758,0.8972992217414413,0.5498185499323238,0.6360567561966404,2
-0.17416059582488602,0.7605453498428111,0.9078735729283617,0.44807281377581387,0.47880683871054974,1.1201696013042608,0.4816180188503326,-0.22007561442099832,0.7743067369588852,0.6389978362118447,3
0.9615170189590673,0.3635518012167115,0.8724273152961544,0.18441550586687108,0.9840910820398623,0.3797887867551446,0.7380719969934275,0.9152414782710748,0.6944456482554804,0.6055343741928196,0
0.9230934762180552,0.2973073996920629,0.963840348414479,0.4461861008795088,0.5050379483930914,0.6459925824324799,0.24033479456449489,0.7295827918835822,0.8906121268220237,0.8008801205572574,1
0.30169327957538195,0.046748670957897365,0.3408414146615972,0.12116015823455852,0.43660822370076097,0.6330163494579616,0.6083600683228085,0.09318541696282984,0.603397219228336,0.687596624978661,0
0.156490309835874,0.17571222963493588,0.25805303083772474,0.7071928033909226,0.879610008595968,0.28284162622930076,0.480126542295678,0.7981346315175124,0.6741940196656803,0.2977315586323248,3
0.9033145071317257,0.6811194288994581,0.8697610523250793,0.6849998986058238,0.7033522927557043,0.8904420164043135,0.21123669227308345,0.7364517019443437,0.562233777707037,0.47997761994575583,0
0.9482419175597038,0.9530351510008959,0.5482301150618398,0.24507371213553486,1.0032868334762668,0.20908809333855527,0.12665038966379005,0.5644072154206227,0.2670123658356241,0.8566819881175189,2
0.8685339636593741,0.18435089303056276,0.6686699520179336,0.0932379777874238,0.561515643679879,0.37006791304809655,0.2028621377455578,0.9624464125971686,0.9642091939801242,0.7884051208463355,2
0.8045429210197181,0.3137080541563722,0.8897935159143444,0.30031762222410235,1.065490896630342,0.3514697924352118,0.7984466099097358,0.9810028150926696,0.7681295080703117,0.6061767116675814,0
-0.03734845450297396,0.8261355139543034,0.9122247198012834,0.29196107479821953,0.01109247936154939,0.4002964855416344,0.8021466394638315,0.9339825504945779,0.6871550680034931,0.09183850370192606,3
0.8519735583191753,0.5387092497134217,0.6237367003670962,0.24022966560110784,0.6782761436401255,0.759298127744194,0.5373339547279812,0.9305763480040508,0.15691339538488364,0.09138868293066357,1
0.8381621054689115,0.12731122526558486,0.6715807811559992,0.07385024943585423,0.5235099347125355,0.3786966076130732,0.23561897418230504,0.9587919255078298,0.936296147975178,0.8223137441781609,2
0.5845974761154265,0.5939045697872902,0.3189457738519149,0.49276067050670835,0.5381821075297383,-0.28061687082651726,-0.15837852717463724,0.7582763967971379,0.7046042759501812,0.4258457171775527,2
0.4604317972668136,0.2641425021583915,0.03006666679145907,0.987877979159641,0.48954374500191644,0.790460376723656,1.0369597263657766,0.6844606977580798,0.5994509607798222,0.009118433115129441,1
0.17171559968703556,0.9437737628228382,0.8375295682219396,0.5214295236973356,0.47860653346500315,0.9246185294677092,0.16553461218548604,0.9265273714033383,0.04208009036247952,0.2198961112046572,3
0.8672287956523144,0.6933882153153617,0.6589364801457932,0.3451297675545826,0.6269755427239149,0.85985202599605,0.605664104089181,1.018065076390216,0.1560332919266929,0.1686899952247231,1
0.15849015364744828,0.21901116669377724,0.30616412958503936,0.7459008765587333,0.8399530141422233,0.22402065906097374,0.4345704758023244,0.8551880616898421,0.6452244423161787,0.31825253654779084,3
0.01459065581687749,0.5347512209829448,0.3132964561522174,0.16363588810277022,0.9590292103101206,0.4653762265768143,0.9706593475873377,0.36876584158502085,0.25504825020433,0.6347126463318512,2
0.20079345353870914,1.2918139921284624,0.4753267326678259,0.08561002908057719,0.9295329655400955,0.710400606779293,-0.17827417966665415,-0.0931852711977916,1.0791026561377683,0.05271150392842905,0
0.11666846711324813,0.8568478046484255,0.8196485740612639,0.8016206642759433,0.5309475953679049,0.766720110986189,0.15524556086918978,0.8480775232283094,0.590091092088165,0.6103726149216837,3
0.5205784375474475,0.5328981674361264,0.25568910171741827,0.6339697911193382,0.7645991283961872,0.9277374565630762,-0.038122411141970264,0.7243487356890252,1.0036977259167876,0.13544481587608645,0
0.8812463236237421,0.29887435628147463,0.7976262465017785,0.6298821530090264,0.4240556335105109,0.13704951107167376,-0.04287666503195414,0.6485321652952813,0.8578428698014633,0.6726036340299762,2
0.9144509435918484,0.3634764825041013,0.8219250480531674,-0.2149309187664113,0.6663237781611052,0.4631929538510832,0.7360359047777393,0.38773968444328444,0.4536740238273545,-0.12270488733718588,1
0.42792887877220376,0.7392690333342394,0.7267750939165547,0.9054463617735387,0.6710170603319336,0.34388836419881397,0.5567453363296355,0.45663721190551027,0.2747749104977857,0.11035182234119874,1
0.13693913195801474,0.23890838606916678,0.2636052555625149,0.6593026459503164,0.9218165133890437,0.3042985632589565,0.43643848330769247,0.8443078840083964,0.7255517562382359,0.24952414642963286,3
0.5218853097489133,0.28946148479918354,0.0702443555484455,1.0389121387820575,0.45317888141244583,0.7448689138670506,0.9582347953169458,0.6983622578738352,0.5794239483457481,0.07255008073807086,1
0.27026521630806544,0.7600340650794686,0.22573154791043415,0.810623437327698,0.7777105826346875,0.25682377066222767,0.8235673919396346,0.9095372858557426,0.10650221364581636,0.2723615801438743,2
0.004548936913619074,0.1047599747513876,0.6278051876591125,0.2677517346662024,0.03551988341774492,0.21749222780557542,0.5766529391584857,0.22923556842029358,0.6811111945290476,0.7743125820529304,0
0.3291445610309135,0.031340746987383844,-0.3202610551109636,0.5634125193072735,0.8645487816448344,0.17666644209691007,-0.0034589294765639544,-0.05016625072234068,1.058024076761135,0.38627446525362336,2
0.7538588502297908,0.6010302632849428,0.490233807678607,0.0699193835351269,0.565203815462914,-0.0012428658092756388,0.7846515547073294,0.9617114369685587,0.7699817821051893,0.7965490385064868,1
0.8447306007865554,0.5055967672886772,0.3778110949253013,0.8197709943523328,0.5741042438898479,0.4525280134997175,1.1021869976362357,0.7004384549909934,0.9997454264015778,0.3681438353083555,0
0.3253304844010944,0.8663220820303333,0.34575398112293365,0.7729086325529495,0.8825620656168129,0.24912949625189448,0.879395470656519,0.9498142825099143,0.2226667249213534,0.3590375879719754,2
0.48298141926770644,0.09094044064907422,0.034656791574050716,-0.1283686543876852,0.5778469666208048,0.5405459578224928,-0.043027897653260816,0.15320955833095906,0.5795455374805014,0.8537384953295154,2
0.7972350466540197,-0.09956411793474856,0.31086088199131917,0.48200420808035854,-0.09175154409403471,-0.11815862842392608,0.25850027914760487,0.8193680486216159,0.5732991972592564,0.32316762562094875,2
0.1754201937921412,0.2101867866094992,0.8329610171285328,0.19661805407989313,0.7532754875420351,0.08874176102627566,0.76552709446139,0.07913437375292134,0.28497674855037747,0.7617335201950015,0
0.5958575704177618,0.62100827973281,0.9716322320238038,0.683042244666145,0.6505487653389103,0.6029238535128,0.6732745353045263,0.4295216245453808,0.32882402268131794,0.38849814570520746,3
0.9917123364062752,0.6780736419488088,0.7781101604645273,0.8589885191874183,0.9380456509147889,0.974627973478791,0.552209463384685,0.6150145664868704,0.34462984444533373,0.10168870558763138,3
-0.31978161947976613,0.22807868499796113,0.5700165968790869,-0.4041174074335693,0.7165734967067853,0.4031192121690533,0.8248748333330247,-0.3613575723810421,0.1348885290403503,0.28958055422482315,2
0.17763926465308916,0.6640844039043742,0.43541170424304065,0.43303676719885265,0.6522141092364382,0.7811822434775604,0.6509143482784027,-0.05008099581816362,0.9775566213434812,0.24657646211763362,0
0.3024063042680636,0.6711962452622515,0.7284397115882889,0.7906527667514232,0.5176136085423007,0.4136242899243687,0.27000599923520996,0.5584205893783232,0.37628747945946694,0.2314187686993292,1
-0.0004086400996273949,0.8718084954815016,0.8770161325329139,0.3294467551944966,0.056772018614488357,0.3239156851971596,0.788118381137976,1.0230146693289424,0.75185808672531,0.13454069323988493,3
0.4375608715169651,0.6240389699792476,0.9810777140338878,1.024573226503811,0.4811700330755966,0.4620271864701465,0.3444420848077075,0.26691797206101187,0.35054366665299663,-0.01300828683827139,1
0.887899814782585,0.7547146555029253,0.5977350567813131,0.03431116607139371,0.5272081143300801,0.8393950452386181,0.5610490839876079,0.5668466445572805,0.2515253402360763,0.04948116073940325,1
0.059514033320759274,0.8517209657034639,0.8980522324837953,0.5494712994853543,0.4123740290319311,0.9430820394320596,0.22156979428967927,0.9140108676150263,0.056818971815411734,0.26105251416818026,3
0.36965752867420953,0.9117424272689667,0.35142238302409307,0.8091269041996055,0.7941922707353674,0.2508214246402896,0.8788650716185039,0.9381528717946475,0.246442264622686,0.4596810115212372,2
0.12101072764681287,0.8114121686301945,0.49544807825160253,0.14888535898353616,0.34444602686238734,0.8109614602940765,0.4057752546809754,0.4176512818114141,0.6399857242658745,0.49625208920397845,1
0.5870535431905625,0.5642891523311564,0.4246745511303823,-0.21638158909006705,0.5518051672804101,-0.09966535389723513,1.1040642720008884,0.9276218740317721,0.9607263611733374,0.643772393322376,1
0.6058503502306989,0.8959133977044141,0.2865799640034462,0.5338989386392237,0.5703875646046868,1.1742564835931046,0.6904683880260505,1.0471947008322817,-0.48122663628229656,0.8229251983409784,1
0.10958053876460289,0.8496450603063239,0.8131658915274471,0.8096505512478447,0.5353211530833831,0.7758778178586935,0.1637451538522004,0.8437285406148552,0.5837265761401911,0.6071804765523409,3
0.13940671775631694,0.596265096427974,0.17033115503118104,0.8064583498905536,0.16925977638116826,0.5594389961967176,0.06409314898947416,0.36572527527696563,0.7530614838146108,0.6058491471855691,1
0.8539952301094664,0.828684067378908,0.8705941224983458,0.6380241159550525,0.606411055803021,0.8245729947057847,0.11917867405870768,0.7568387036481917,0.680922736896596,0.49979347691536713,0
0.8418753642105601,0.7004771287109408,0.30002985587498154,0.7907527259737634,0.3322076307335405,0.2761944932005021,0.46629376311985715,0.05083445967552745,0.6292101935587869,0.22354459301037663,0
1.0724753190866299,0.43335449153570854,0.2712736200396646,-0.4280880869971787,-0.20429370436262456,1.0523861871956661,1.366824002451666,1.0583444418627206,0.5712071306850579,0.34944441435652984,0
0.38248914306629483,0.6798450852619211,0.6889367873325933,0.960023844197926,-0.011483041850191195,0.38965963417482263,0.24743682887597537,0.5294096554324734,0.044805355752149556,0.271192550328254,3
0.07068491830226116,0.15142457169520232,0.28472222725908536,0.16524817767980954,0.5231262926215525,0.8035009787207598,0.21516557252332677,0.1451123567258319,0.6708824354547419,0.6226586220578751,2
0.9004324418316125,0.7112748768581728,0.725020863687617,0.6423985721346268,0.7529267063337296,1.3638501805543009,-0.049713665947392904,1.1554074320407857,0.3204967862275373,-0.06784726943993769,1
0.37671849215727204,0.9425787478473073,0.2677783667903959,0.20030974268991203,0.5377265772548844,0.7329631556272543,0.48137917847332057,0.2952549740735552,1.0910936782959961,0.18349002541936724,0
0.5467858353077591,1.4432214699707293,0.09360653422337928,0.5441392219764352,0.16058882162761762,1.4365213018719014,0.3459612535952149,0.14422907205428553,1.1665484402982704,-0.02314394227085459,3
0.8574174061197192,0.7360468188878284,0.49752963872396394,0.3727011439094158,-0.024320624237770178,0.5667721201663752,0.7672028960662534,0.4971134300840051,0.7592874000748696,0.9720170019121435,2
0.8823788240687002,0.3654451384356361,0.7822128802816789,0.5842093704052742,0.7010437120120758,0.26286354679057844,0.7486304191363128,0.9983870587936408,0.9744750233419629,0.5332660707928389,0
0.32398755934092616,0.18888401995376292,0.9719523613023328,0.8431213047417114,0.2626398012913712,0.331659114252278,0.48316861034308045,0.5232284853086561,0.8726302895051223,1.0730872182725453,0
0.8686809641244291,0.7775522285907147,0.9790591095978941,0.6340172156132486,0.5862399813868394,0.7190675103493225,0.06063727041246709,0.627887399986057,0.5489231618455868,0.484126997065508,0
0.35227199113467916,0.6794760819542669,0.3205971758586464,0.056710569968111385,-0.16948300320631954,0.3543781898188305,0.5640865582163216,0.19794993018348842,1.2038219629414275,0.061859820176141944,1
0.8651194575656856,0.3929951139539253,0.8130932180080132,0.5822031546789084,0.7054584672462813,0.2835295129790947,0.7351181155266046,0.9545819988783781,0.9804782127174939,0.5206851197175956,0
1.454993250401332,0.11008632060885504,1.0661426725408643,0.47590922685690074,0.528131387969691,-0.29213803980853104,1.1474840738099479,0.6307352236540175,0.32890778157765815,0.6752447266413097,0
0.6032267220057211,0.9886092021782786,0.5027025508372437,0.21764729592835524,0.23003858978638897,0.7519350567100627,0.49363164470600085,0.23378395538745875,0.6100268952971182,0.08721901808369642,0
1.066019628262135,0.04398470912350172,1.2351196158824505,0.09324678859229257,1.139660218178232,1.4153791834950142,0.5498217132933314,0.45116064906561126,0.017403063447622102,0.31455970601643346,1
0.7065404444854131,0.9349250376533386,0.7132518686925091,0.6005383266583139,0.6656771528398738,0.6209067438798074,0.27997123393622014,0.9601751846993869,0.6258132026378065,0.4009346300122198,0
0.015206922309650595,1.0203347352147247,0.7139649062366661,0.44207903030657975,0.4962089581210283,0.7189377788002,0.35272316737512044,1.1211342987086121,-0.12482095075151514,0.2801593518218792,3
0.6836511429754722,0.40454676650756805,0.7607474350822412,0.24097586414711303,0.5999963140455352,0.790639473327524,0.5691803724657153,1.1435922212521132,0.1953167803491721,0.3476906941317264,1
0.5809253925599377,1.4137383307838696,0.32722771715636423,0.9991137429712519,0.8320670739146113,0.30812690896038664,0.4907097889170931,0.3356013163584882,-0.0927304891007274,0.047175007890359555,3
0.17050254555463062,0.22239184576771875,0.8080511863726031,0.18370975807414425,0.7391078622436545,0.10423156555851333,0.7600801400695394,0.07785798120634622,0.2574521254395232,0.746763075742915,0
0.1252092183948723,0.7092089887718943,0.3839527012328078,1.1458906668667161,-0.08557748750417121,0.33752881036437155,0.48098576866997234,0.26922434739455453,0.35483757165134444,0.7976677746664194,1
0.01843713861029082,0.09245585933793275,0.643154125304686,0.2794048737628643,0.04806677964523394,0.20794289117916454,0.5719479534009511,0.22035408309303212,0.6958900372222234,0.7743880995731569,0
0.29417361725977037,0.1527458818401866,0.6339885061792142,0.8742529000872357,0.7459512572053268,0.8567490379216418,0.54359774990437,0.21263298042265805,0.5181208649325044,0.7353168967179214,3
0.6363721207480209,0.8884026805859229,-0.06641374551040241,0.08658499328459235,0.17518829913233072,0.647644115107163,1.0059495324539898,0.5272340110159003,0.4613333591537008,0.3710081142243966,1
0.1369661056098903,0.6873650038520912,0.3758739589139948,0.4609501466467558,0.11795681184195231,0.8943764747321497,0.45408458330878554,0.8290516542227886,0.05139184474688169,0.8307138302444438,1
0.282816831606824,0.8864590923087698,0.8461452910965369,0.5693246222081623,0.4887054405197049,0.9104786185305512,0.1687283441467925,1.0136535984540391,0.22024987833610465,0.26857728312236834,3
0.10723748547807824,0.8766559550920453,0.889061363876176,0.5746124075374957,0.46824240775784975,0.9373470585052299,0.20442672969864675,0.9874521824842376,0.013981384809774133,0.2638073260253441,3
0.6249450889733733,0.05866983108641026,0.9945846814769612,0.8780216968866832,0.4007028180693134,0.7633154472722867,0.20848025890812935,0.18768858084776885,0.4703970692737944,0.6155639070078917,0
0.8657489694035905,0.39619950213660515,0.4750877901334337,-0.10433642639943816,0.8936130243680132,0.9917468938829307,0.38595782894566194,0.5097545326277513,0.25273364605605,-0.31598455424062716,1
0.46243252499921117,0.5330683874324471,0.22762152660400053,0.6511472441077938,0.7850990695440982,0.9290848171588216,0.02930259068371448,0.6529030804093131,0.9686343477494305,0.15149579518867748,0
0.27039968489942945,0.8846638960539458,0.4363465393581838,0.9380521269673073,0.5161289882011674,0.21196014707015656,0.9141086157439965,0.06967728499364609,0.45385541717192723,0.8447568762603102,0
-0.0037330207629514608,0.08731635761562345,0.7491065254755022,0.2487113441458791,-0.07015474808605207,0.11400282356655644,0.5777853111588421,0.21571004511990233,0.6552335251245388,0.7516644468929935,0
0.023145245775156968,0.08902793807495178,0.6276997651919058,0.25789840487073823,0.046895127967738356,0.21395412608923164,0.595711505415819,0.2252423278965672,0.6908288919579125,0.7734251230809311,0
0.03375504432902615,0.7800209925607455,0.25877548821017377,-0.027177560635438913,0.28416110730884925,0.7823679684022686,1.0890711124053047,0.5306346272899958,0.9273397682368871,0.13698059143776253,1
0.06829546648064955,0.2692784546600307,1.4921601374083768,0.4343325332174519,-0.14265016249003482,0.6854755500406537,0.4128810698541762,1.2070136822039106,-0.3716766164287032,-0.21245434210829717,1
0.8276461673811262,0.14921305387814515,0.674920334206018,0.12370852771446769,0.576347295569904,0.381852844023764,0.24043953741431548,0.9115320923394242,0.9158230644688609,0.8391060143524157,2
0.09529021237747749,0.8513466714787873,0.8105203158404556,0.8017202657431476,0.5487301381128101,0.7864316947239952,0.15796133686852415,0.8336474734679394,0.579544319855142,0.5936270403977836,3
0.38267948536051816,0.9070059017866167,0.4556018743471748,0.7579793067155763,0.8985281319591835,0.3112563198717354,0.9573300028294246,0.9152429987153281,0.1859407864487308,0.29433633639341494,2
1.110993349962915,0.8543010064566736,0.40854928233375665,0.11902777118792468,-0.21887383901587265,0.3116915684090724,1.1203606049648485,1.087527626395154,0.8130713038549233,0.08107625696594287,0
0.03509444526180741,0.1357326056375039,0.18559348203416295,0.6844277767710549,0.7454231500846249,0.3079887904119192,0.492784216514478,0.7530251953257723,0.598839367668249,0.21889848530972736,3
1.3688346037315564,-0.36803058513294995,0.6369985070070142,0.8205480327293855,1.145061751186073,-0.037251879690479495,-0.35834996661236884,1.2235898668923224,-0.04785538716555948,0.05649400724914122,0
0.30926217154686453,0.1750207933828308,0.5223376025719081,0.7564237747363448,0.15093166102883832,0.5636036495369495,0.4166340005950931,0.5525393481325092,0.14970839775179723,0.8326966720066574,3
0.2299706177210737,0.7870146020242728,0.28524264112502323,0.8269909657632281,0.7638861239778107,0.2151722567075895,0.9520020607641151,0.946830263326144,0.16225827204227808,0.4348157042813772,2
0.8446442631660923,0.22234238389062913,1.0392539908966087,0.37124820889317034,0.653082774454294,0.7805421017441042,0.28248007890599086,0.6560820119723906,0.877908503172009,0.8345601574573189,1
0.7757772995013242,0.6555950156295544,0.5194944686280374,0.06084414997158645,0.5061504311845677,0.02373254976815177,0.8241273134234143,0.9951801770710258,0.7885213503199637,0.8051640830412724,1
-0.2686904678945543,-0.06705622515312848,0.5143796424904603,0.8784117004814282,-0.4264514668464797,-0.3141858216870499,0.9222733719574399,1.0746537592122594,0.3737316677171548,0.9422386210080763,3
0.8784984403700182,0.3196344987384517,0.9248761554331523,0.48793027371518455,0.5465038014816376,0.702329026250092,0.14968022964973282,0.6940384532231405,0.8106936092019215,0.8144843270149851,1
0.9450186257877471,0.16164056401091523,0.560914337521487,0.5537143063962214,0.22860900883369725,0.1717648797321703,0.1991746505776008,0.9172011206188331,0.570055240842706,0.5092645586972557,2
0.8782291175813037,0.3542390358801114,0.7872921652987899,0.5439072307353736,0.7219470099531566,0.2980898464797955,0.7155527841894248,0.9633150457757295,1.0139652441169946,0.5575761357257422,0
0.5510956632346942,0.7873405251857628,0.5509709498273831,0.3464949509488384,0.4496770827956862,0.7775675069834637,0.15268032437417062,0.8144825854700692,0.33743924786053553,0.38194788317473427,2
-0.16827323147080792,0.27241807066006873,-0.26468726916737156,0.4263130391744904,0.5275646703088592,1.0001107697552396,0.44800444883974505,0.6058461070479113,0.6697789373443774,0.11271213260983237,1
-0.066577879130559,0.9570554545590282,0.41419225378111807,0.8945493552832194,-0.02855791442332506,-0.23627604590165607,1.0631455694930092,0.7450499760503687,0.9126307222183038,0.11677729023351124,3
0.05903135862019543,0.2381956149325194,0.3022938105707712,0.6688786955080435,0.8097280965313322,0.26758436392196827,0.485572992706342,0.8182502124177781,0.6840012397207408,0.260324136590981,3
0.5225780191439908,0.29593993360140436,0.0617359966461693,1.0153172776297699,0.38959710478897586,0.7565204307417412,0.9809185479077195,0.6758381518724698,0.5054235805066966,0.06647733284813655,1
0.8732398890374449,0.6645658938287746,1.0522788114987371,0.5477773900904979,-0.1527650389264107,0.1741269744676033,0.7611592624093436,0.342740848625303,-0.07068907167067806,-0.012654857925807284,3
0.9203837380242688,0.26926044137360217,0.9414395468482465,0.4373708486899362,0.5309047231888278,0.6480035453801044,0.21034646868769116,0.6951131631100151,0.8480103936027101,0.8351279024732002,1
0.19231828743720925,0.8211873785437294,0.5117462953349293,0.5148175651921107,0.15902820110055998,0.8544064842674253,0.5890923349180734,0.6419392206342159,0.11900272117043652,0.7518043298320009,1
0.5589151929913436,0.9137653312774682,0.949583102905778,0.37274727224057924,0.38926969393054245,1.029274974773868,0.8963349513281574,0.4949298934270264,0.7917254016553581,1.1373646247774036,2
0.2983756917294493,0.14202467979722422,0.7215402524978143,0.21186787731353635,0.9096458782280494,-0.008407023917745707,0.6032537935396701,0.7787801960633982,0.7989085979744691,0.1555484372344404,0
1.0969277342182613,0.7746903360574907,0.9855664967864728,0.4714350059277034,0.2065190685351425,0.7318138760297682,0.98034889764482,0.6473428974485453,0.5825748949072402,-0.06500936902484394,0
0.30986873659081043,0.26652503876056144,0.7644653009189939,0.7403960419356098,0.6897084913535012,0.786161271722531,0.44496862915166935,0.3016444410212372,0.5203870576195426,0.5811224468336301,3
0.3182865347563209,0.8104607660693596,1.0202046664425657,0.4611828899318621,1.0390627345319838,1.0237054260711331,1.0753415141470546,0.4568534755679709,0.840507743669859,0.84893072781894,2
-0.0603001103406601,0.957687944097599,0.8283963993703575,0.35348691774015994,0.030512483787235888,0.29752606662747955,0.8145769544755315,1.0170044925330037,0.6997583550793537,0.09460729802080647,3
1.0325013769581892,0.6853944778046395,0.24061032936211882,-0.10564609310699144,0.6190195726392379,0.6365925168769084,0.8825028357339855,0.4725879203216578,0.4071683692709741,-0.07226631717095203,1
0.9800300851196013,0.36536125708199196,0.7749988897563282,0.20209343450215542,1.019782378963484,0.33527813434623377,0.6898383252674811,0.9668491409306922,0.6963651476972627,0.553725598912654,0
0.41706088461619895,-0.04681671909643977,0.3089516940728962,0.3422288062643505,0.3357312753622904,0.6818837340611017,0.3885276104368083,1.0439095352360286,0.3184255721706385,0.012835154149966652,3
-0.008336030190131488,0.5081151632600439,0.07609639421452824,-0.10144613547686815,-0.041111731868289536,0.10670337426251808,0.011528644923955111,0.6903581797493729,0.9175657330141435,-0.45303592595505227,1
-0.07522952186794923,1.0882135251733636,0.8919108959926803,0.7103159232424013,1.028089297270853,0.9910832989017041,0.9199466841896473,0.6752982313282359,0.9938451210023543,0.7684491839899408,2
0.17598651327166215,0.5607583633053355,0.12174644441511141,0.10634906739950437,-0.04472906723978334,0.5124806885320246,0.774247321200647,-0.005556631480785945,0.928249437168838,-0.04133866124680516,1
0.14016584581227792,0.7957618952507395,0.5057910687778574,0.5670629066020341,0.17055965597890757,0.8612278419444067,0.5255381443134405,0.7107746419310698,0.10708678999924799,0.739340376234216,1
0.29647739543387297,0.13975786697233006,0.7035724090749936,0.9404103341703589,0.8097019852944828,0.898485783181657,0.6349087299136715,0.2276848296802855,0.5780165820848946,0.839674097486218,3
0.8969242729469831,0.8254230828481066,0.8768691779781077,0.6029851830831299,0.5786112453655426,0.8542432154150299,0.07255708353954121,0.7127907385724712,0.6471461506415777,0.5200446143321208,0
0.19196443840494734,0.6541756909205119,0.029675705666752324,0.17106960450861242,-0.0012734391177261634,0.5934084237778141,0.7098208618645523,0.06873642115405307,0.926928590017816,0.09198648528376335,1
0.29608316360712855,0.8550090202349896,0.34344083639748446,0.7997577510007712,0.8681899749884128,0.2852636685550559,0.8930932474778893,0.9461998971776526,0.23090133627718637,0.3604008768581616,2
0.10152787764318252,0.2092108377442437,0.25113429225892697,0.6961977896840935,0.8386775915880496,0.28226484857731887,0.46898175725600455,0.844422475487891,0.6647960801032381,0.29439466231935635,3
0.5395827101754014,0.16631900925132376,0.5488647605051615,0.3650988999401231,1.0846709854203476,-0.1784730417826571,0.6805516268560525,1.0071924033260002,0.9787987638774664,0.1605709857384041,0
0.2534341819761995,0.7183079937818141,0.8944667478447379,0.6115871027261391,0.7992662724929475,0.7810540797249872,1.113772162408525,0.3583188345434301,0.8893331124552626,0.9704064219303715,2
0.10290370820599863,0.8627917613257879,0.80259355118031,0.7941513655717493,0.533430341668884,0.7739049865444292,0.15522235757332872,0.8489813906738181,0.5769882498248736,0.5973654638287306,3
0.21977707942144825,0.8224770506520542,0.8040611844584217,0.5338386353834613,0.4569458750299784,0.7885416476814199,0.2216482333971046,1.041299102998205,-0.029058626989421174,0.1633675404255784,3
0.6162848373638992,0.9670537868995716,0.31588050389058314,0.9924974102075219,0.5505200154688191,-0.1725844078353781,0.550242704212081,-0.07386139411027398,0.11251859628134764,1.0003246970659505,0
1.0405550256253058,0.36483107544147875,0.4905843651248032,0.9012960431586441,0.7675730608204412,0.6236443577095252,1.0711886568295685,0.6662629174470271,1.0119816889902418,0.411604792009947,0
0.19298195028255477,0.9172486405621043,0.4901677526323421,0.11612680644653617,0.34854366935809444,0.2626280903144597,1.2672759165033325,1.1925946877692875,0.3604732511847578,0.2054557505501705,3
0.09308470925971729,0.21633828756813211,0.3076981828572005,0.742598081835323,0.8704914288315231,0.2868460594012334,0.4423282741070316,0.8078312587417782,0.635357068489095,0.27889950881997727,3
1.1068785697997796,0.21931632225100325,0.46020166445362487,1.0928970610715982,0.8914164159143567,0.31232066249219764,1.08781925370995,0.3568485361351833,0.708720802332875,0.4820965702061041,0
0.11548878507351987,0.1820809649949755,0.27158763017145876,0.7313066732942494,0.8521293593518926,0.26989260877173815,0.41858708853127463,0.8168226648545845,0.652283684692278,0.292235752836149,3
1.0620725846991241,0.7937233298558638,0.5579517913598196,0.2524787255239285,0.7008052359786748,0.8750276446620844,0.4887847040978051,0.7720298256505114,0.04942985229621946,-0.019199787365207666,1
0.8466368247673498,0.8137336741196648,0.865986472538538,0.6505030206245528,0.6031801199254115,0.8273958953363942,0.11375653072833963,0.7625282004113972,0.668451388791903,0.4937829116534981,0
0.15265658335098545,0.2498763326870635,0.7850313770022281,0.2290377879814439,0.7470205487838082,0.05855410075720144,0.8049467499475156,0.14734680479170204,0.2546830584233726,0.722724130958296,0
-0.0888722459357546,1.0337754737766618,0.8116025670374695,0.5013226103211477,0.04050803415808826,0.1531219011152779,1.0426391369347896,1.1720117729992126,0.5149254141225046,0.08192963053422593,3
1.0119081501056015,0.4818897258058783,0.9599139507463875,0.25896946585891734,1.0171848782847963,0.28475398897134163,0.6136457745718764,0.8187050797886722,0.7824632091855653,0.4666224427424195,0
0.9291116488838194,0.3468229088713888,0.4187266954376871,0.4135128219470049,0.1814226345185247,0.2095006938217714,0.3175940987974944,0.9285778680336905,0.5865308179669411,0.7412602429553666,2
0.345668088516342,0.1902410915012071,0.3431142359734188,0.12235961948608418,0.3991497456015388,0.7108249005388676,0.507630417038641,0.01207821264127363,0.7547768311158652,0.7592948326174577,0
0.076217884378579,0.6707200978425469,0.5966910306569219,0.6225243228512783,0.16916491115093593,0.8745438468571711,0.5933240080240076,0.7247917567176264,0.2042822902861928,0.7011541827372829,1
1.0483009997402732,0.08342945437768659,0.9575957572354497,0.34534897963058886,0.44786342523949974,0.5045179555466017,0.25180809485778083,0.6030413164908618,0.9068951909453807,1.0287094584424628,1
0.554380504854824,0.4761957940935617,0.6688241260112537,-0.13132497563500947,0.37452780088940635,-0.09151302725422476,0.5693959330411984,0.8081730524090589,0.7544915201097162,0.9912078578768174,1
0.5444277949880577,0.28681003577905845,0.07365644977796926,0.9757111417229992,0.432103085485883,0.7752468992534384,0.9998755061227407,0.653830613807142,0.515707888517401,0.009930767874348469,1
0.5089954316710347,-0.032942916785260457,0.8049237561582426,0.777042893544613,0.4616969742099205,0.7950201961087022,-0.02847120134956821,0.02245083624692866,0.817311545261996,0.2929094513708939,0
0.2496768065836087,0.14698001448536746,-0.11468845831024987,0.7255262713981624,0.0982959781031462,0.5889211920706368,0.6897594964595741,0.04683110868778313,0.8138019150111859,-0.17927095752992334,1
0.07959987162368515,0.7040177129430903,0.39560861557257354,0.5113344888094147,0.03608343355153129,0.7626094382893127,0.4009381706651902,0.7653672553818481,-0.008722933050078457,0.7419773375342926,1
0.025265885748019745,0.07861753286950157,0.34166009785697565,0.8315774467927235,0.8821039787495458,0.2711542206926541,0.3811101461196495,0.9386252417632733,0.6674240432044094,0.32538055436115876,3
0.27275168553048057,0.6991209207629556,0.49926848496118215,0.455736283799374,0.2257983335996533,0.8725592283688164,0.662855526670246,0.886320449159949,0.16803308182762638,0.6944391914248289,1
0.31125422072613906,0.8540988772447174,0.3635154503333062,0.7833229138025423,0.8623027610511479,0.26203879468254115,0.8725819333455719,0.9631571386024473,0.24202208809425976,0.3839513262771182,2
0.48189802649606306,0.28630835945174576,0.26623786194369903,0.7350069272781649,0.2528691624381696,0.231572339475546,1.0416891804033523,0.0557860734345062,0.7933572644016711,0.1896077843028959,3
0.1487067031908201,0.5597848495910607,0.04841573380209337,0.2188556097218123,0.1445778178906074,0.4631516923803661,0.7600516276021134,0.09234730898430088,1.0366585279409135,-0.014896129956550867,1
0.2494543140521655,0.16464776425324748,0.7049442093412843,0.8571371477572635,0.7106710189070959,0.8876813814548046,0.5272677485728001,0.1733349284667385,0.460264821441802,0.6682521761119191,3
0.7802284004675433,0.35952559901009995,0.23525795810793285,1.0091716130064634,0.5331352712549404,0.5921855959226563,1.0553027357200402,0.582768651507125,0.7450552653760639,0.5982504796346066,0
0.5170546527325934,0.7824364338997294,0.5344446663140554,0.3700052898065115,0.45898643739415956,0.8083608132897094,0.17407541308688762,0.7998735185519978,0.3502881299893658,0.39078692144182847,2
0.11177177563042945,0.8541725991548849,0.8209873452588549,0.8087579793897101,0.5293310890849207,0.7807891742931519,0.15723478637750885,0.830712773797359,0.5752160515812894,0.6074933604708638,3
0.2504579079116825,0.09856998975753362,1.353742140615108,-0.03996890482223492,0.38537239708237936,0.7916329646968717,1.6641802040562363,0.3844321174481153,0.4931031931359555,0.5913317748166126,2
0.6532000636622868,0.7680029525386558,0.07056672092076385,0.6262856057276913,0.5452605337495776,0.3920238604314187,0.5600016279160636,-0.05348686751866284,0.5392833014791941,-0.03014310494324203,0
0.26114296365261236,0.14930677072467322,0.6888432968155582,0.9316157517085234,0.829367583939988,0.8615218744194605,0.6034552038675955,0.21273972526672164,0.6095979346549185,0.676047462352979,3
0.022804447086449853,0.41099600709390904,0.6551515550221849,0.5855709648897743,0.5062854249961649,0.9644117065805344,0.5085903260993915,0.018215133772615577,0.4003805681027531,0.8050829579178798,3
0.5672424590319777,0.05385394227640902,1.0352741008650712,0.88370046916841,0.4741684824702109,0.7354051064842636,0.32432292663179146,0.22419918720879153,0.5975834520023766,0.6750957353424564,0
0.5342343325188398,0.8058633048448842,0.5322019123910368,0.3608392852683349,0.4384209923914433,0.7871744969073741,0.16099254199887914,0.8143621836213217,0.34944438212272527,0.38856078717608833,2
0.8515334859361179,1.1027544755256091,0.5469991025985367,1.4671877745458368,1.3442341833299252,0.2274402825077444,0.7745885111043143,-0.7191196317763133,1.1762567861599953,1.2191694936601403,0
0.42728362676410053,0.27210651402338987,0.6576734296809109,0.661947439182152,-0.014682369832674153,0.559545308008715,0.4517157158104632,0.3992321589234028,0.14045221117275486,0.7844299650719727,3
0.9384771505033089,0.3753793635192863,0.8200224155403761,0.5038627607142774,0.7521327118154215,0.2964984247214332,0.6800977064901714,1.0313951160343668,0.9632302345009804,0.46763513990737043,0
1.0428958567927584,0.6871550796845861,0.782697090835087,0.3418441412931336,0.5367216864981298,0.43891893879630817,0.32530934242433984,0.49220337615410975,0.33716315330850133,0.5729753133523656,2
0.14971510999882087,0.18603751353574066,0.7960516080140525,0.15090584764475332,0.7484181707136797,0.05070860633093488,0.7659367096962331,0.06991932938708934,0.2803545850790052,0.7703162859312865,0
0.7889283703571329,0.19808287899993934,0.915739535130998,-0.044165572968095757,1.075968978376622,0.19201238780935936,0.6228160826439074,0.9754793402079863,0.7026639507664761,0.8080601257885114,0
0.5179674876507407,0.48700367002808914,0.7002879371197679,1.2558725180805987,0.14539216006489286,0.6994728932575016,-0.0003384348004881188,0.40301048728229205,0.03257672177424524,0.5263379366189758,3
0.837317186865346,0.5415342675114989,0.3798402579870672,-0.008773520939324035,0.5915644618892992,-0.14876072505380086,0.7126583609509304,0.9794423648016454,0.6445626775051061,0.6600450069776872,1
0.683207123603438,0.4843668460921591,0.8086013552493401,0.8186254902902956,0.6659241343764233,0.17660435162922622,0.26006773496314245,0.589074061092761,0.24243463488778128,0.04106428661441762,1
0.8202691180985319,0.3274506385896998,0.08488068437832721,0.9439941571731495,0.5489474210265786,1.0419085658130125,1.0265755121635467,0.5721626223143925,0.5117653923899738,0.6174054388447028,1
0.23701442540968043,0.2189330307200637,0.7530365378389856,0.8358290759253973,0.8684257103334201,0.7549779497944964,0.6155414550337135,0.32610417017773574,0.5213687151481835,0.7700449138097426,3
0.8735848634427476,0.20598106405809388,0.8169490663345251,0.08326724504920414,0.9430987432763057,0.236734507096167,0.7510318823623643,0.8359986789081203,0.7260493500686995,0.7490202858791339,0
0.8652227469325576,0.8282512514873225,0.8651890330010541,0.6297039350910154,0.6027176695335338,0.8284928268550271,0.12068375604727352,0.7501920680256331,0.6861441045738534,0.5020230304097784,0
0.41254270371894075,-0.005485385598065018,0.2652191570174171,0.35485081278149994,0.2648072113270513,0.6059487653906899,0.43278012625533036,0.890933030832498,0.35230297503774033,0.08307978049462549,3
0.9110200270975255,0.36393939888648985,0.8132382226800074,0.5572480835394752,0.6915018746732798,0.32183144602675623,0.704676939430465,0.9535092106347631,0.9545917133143349,0.5594327814675402,0
-0.0049456989451644815,0.1354724947243851,0.6012510436337882,0.23522288555611084,0.059667695371487986,0.21171453164160478,0.596496019535614,0.2587584032341931,0.6928125585123557,0.7766949000385897,0
0.9742671419007383,0.7658083846018432,0.4205454615980623,0.03685375192094937,0.37729893092227984,0.8283211907054499,0.6277869893946822,0.6855630656548688,0.2869989311782907,0.15880975515433776,1
1.2199738554506616,0.6286012677299622,0.9122949657378229,1.0211241664246427,0.21395885487355637,-0.30179097106622943,0.3316549014857736,0.5388626662602147,0.914965425429412,0.16648287845319837,2
0.6921927251824709,0.7433966766116291,0.8314130365906235,1.055137271180956,0.512134026229451,0.6842556988536967,0.3873425316620708,0.5101905661238878,0.2689537866711515,-0.05556162988651686,1
0.20730117528061587,1.0476872931837995,0.5088547848710412,0.4259881926486334,0.4094151798472802,0.6191301113122376,0.685892145682541,0.7755632119195556,0.9470117615566017,0.4906306107964691,3
0.6329186133625583,0.3372475540731502,0.025162074612495984,0.8898237392068402,0.4947775492220781,0.7311172827247225,0.9226431315241205,0.6872757430160793,0.5016570407144257,-0.004514073070414463,1
0.5351565517683443,0.8023587081911703,0.5344628707032025,0.3597204487204742,0.440623662504847,0.7871917463059996,0.16177148092573457,0.814052516514296,0.3483760425618148,0.390791952909534,2
0.12025129751890601,0.7812915316104884,0.33672174603930477,-0.32763856819227566,-0.18541909344903085,1.0232902752627187,0.13186771621740415,0.3737252617989223,1.181066978309968,1.2514175787799329,2
0.6327335422031414,0.13124118986623454,0.5245458841164011,0.035121689075649165,-0.1894957832197417,-0.3876869620206904,0.5564590603878837,0.4263131581742454,1.0070561545397827,0.3282556502402002,2
0.2564824636190294,1.1892254196607421,0.9146322747840462,0.33301395328309524,0.20191033580780338,0.14790121869281006,1.0303131037072,1.1268072813773202,1.015711371733093,0.2521235953052311,3
0.4774553758705709,0.21526736875215877,0.015495966550082271,1.0509550402757655,0.3749395505588951,0.7787702594570799,0.9438065405961522,0.6510489351097002,0.5765991693591287,-0.029128646724947124,1
0.8799371767447132,0.39703514129243817,0.7744573301864077,0.5693094348411935,0.7435786344886978,0.2539340552649745,0.7536002142729712,0.9774064550124901,0.9608921668036235,0.5228242798913704,0
0.6488433324508763,0.03855053043136347,0.057292393408419684,0.9324757446602028,0.8082776390512597,0.5499807043289064,1.1586864898003797,0.4346086894172916,0.8388422736056115,0.5480502669009961,0
0.04928311861885716,0.637655701291129,-0.0326175537770111,0.40427720309309567,-0.009546919772661755,0.4781874613372997,0.672835411951936,-0.019438781166127683,0.9578899886962996,0.03605532304500698,1
-0.006229819718226698,1.1621955743516104,0.7585061387375059,0.8428522346799273,0.8179155159763556,0.056718068867641885,1.1639519855771963,0.10878230954310694,0.48600587050936817,0.5362532509526095,0
0.6153922864119745,0.14305658005352537,0.6999339459144447,0.40929399868356076,0.5587132001422583,0.6305113941148565,0.07974015339831828,0.5391922506785151,0.3662007182650081,0.6025626490111939,0
0.8645703323656487,0.37907618484435884,0.80697346679532,0.5603174705015876,0.723680409069505,0.2837348271555854,0.7198230889288378,0.9775909402649117,0.9812846811084062,0.5119269981239648,0
0.10069900511206403,0.7957696652336433,0.45424869648417876,0.6453483155803145,0.14671618431334385,0.8768017409320242,0.5252470624861532,0.6578910197496217,0.10712571475893316,0.6648199683630875,1
1.1015259588425679,0.18628802150374799,0.41393469597956306,0.9866529287658279,0.741686700711526,0.5927965476995926,0.8120260206801901,0.5332875195347071,0.7923911808346166,0.5428314419991143,0
0.28863313960377346,-0.08129508897654746,0.4237967900630951,0.3978613931019003,0.46369484661931226,0.6304840106637579,0.34965142117529424,1.0100363493308018,0.7260132297506818,0.3943243795565342,3
0.46790067727156215,0.18858453654901225,0.36566072801742566,0.7952375216632469,0.24749764406932484,0.27588667786204285,0.9562826634356777,-0.027344494014846926,0.824419797993253,0.12752417072632005,3
0.146694019321654,0.772746024296861,0.48742394814539197,0.5788239917272798,0.15898027900990383,0.8420983831008253,0.5104824243449165,0.7219879673521165,0.11078974635934655,0.7334641475968213,1
0.38744825757994117,0.08309213090543191,0.636754245193493,0.2459665069311056,0.960871883602058,-0.028304722184284946,0.5978196794436536,0.8654454294968423,0.8230862583705267,0.1484092283776331,0
0.8484732507095561,0.15231917100731926,0.6418969679586221,0.08512858517813945,0.5341060971549665,0.39270875719931686,0.2043602836696446,0.9321652010905337,0.9375193559887106,0.8203966617764504,2
0.18362383766293974,0.6667340084284237,0.30376493616762484,0.5061026358328797,0.5704854433440592,0.848451286948874,0.5303586338616155,0.07819287552664791,0.9735332404203382,0.20013124346184052,0
0.12703173698703255,0.9403545515975398,1.1101051816991334,0.5612334150033613,0.7685668141945289,1.0527251500567427,0.9520404266432301,0.38257905774786655,0.8267996066004617,0.8908659834748353,2
0.1584319624963134,0.5475870100372653,-0.033170070086741416,0.2953540854047782,0.0005199336190765819,0.49455031886307177,0.6955162782411162,0.08341432389992427,1.008462428530412,0.026389889300946587,1
0.6184151218154108,0.10986811367062496,0.14113019178636071,1.419511323154212,0.53985029973752,0.37829315579598166,1.080793653355098,0.47773026005360586,1.4041635207939247,0.12480540014671065,0
0.12861908220869495,0.1897815305434576,0.27471277606895467,0.7321875499577202,0.8639822851548757,0.2590303490676805,0.4369369222159505,0.8297185797386664,0.6314653667062792,0.2850906664610391,3
0.6626825244191102,0.4274447339325291,0.929512872948754,0.47579886752792305,0.15804274894066364,0.49347521744082723,0.8645600721604392,0.6532940456050724,0.14596665140223009,0.29780071067340275,0
0.9023232966991308,0.16820227923800424,0.8834729523342305,0.5660605621462244,0.48451267975394924,0.7094331984468903,0.3308583003196129,0.5777623839364844,0.9421443601652661,0.9082174952336564,1
0.8525648621333348,0.941753339035541,0.8813073055774309,0.5853247619463415,0.4846596147493806,0.8792835437789667,0.09529503365042184,0.7543361422337671,0.7098268536647124,0.6145232217023213,0
0.539733006702043,0.8026504692981168,0.5314043103114234,0.3540068191981479,0.44071864639075936,0.7798643736870735,0.1672005557258274,0.8101920310793971,0.3536033748050522,0.39636779172983116,2
1.0011954289455969,0.7501597570083817,0.8673106147879478,0.7336906019462804,0.7377677234184853,0.7533250926804379,0.042259950625167575,0.8945587447881287,0.8041968454690862,0.46194703125936804,0
0.17159010459743715,0.4205951766484486,-0.01996362209878677,-0.2971659416564717,0.8800846736871428,0.897358866069698,0.6232736607560705,0.027771249796826547,0.3101086409976769,0.945376171810365,2
0.13685641497841686,0.7994319473979359,0.46284231999538095,0.5581914333509442,0.13992612628860926,0.824778459411059,0.4884824956735917,0.7432648490142854,0.09098413289914643,0.7451003960586928,1
0.7863763788967968,0.6421479268351734,0.5103596315220676,0.05564041722212438,0.5241941679164097,0.02540764864055028,0.8111122041576696,0.9738756892688447,0.7908809772306578,0.7955077565749044,1
0.8240172902188789,0.41543318758079656,0.8513788125029922,0.5189127531520829,0.698382171464023,0.2567254816837541,0.7141899730840755,1.0123858619036452,1.0182889892219007,0.5337655969820514,0
0.5244028812623228,0.057558947198097676,0.5228924108858135,0.8606351928985517,0.7337756123399614,1.0517813885698761,0.8629909888302956,-0.08056262391448693,0.63148777101841,1.0132808711732695,3
0.9644299092972981,0.7356086360979194,0.40480881058488183,0.20395780376787895,0.5934611591585416,0.18471813921615834,0.7141387497389851,0.9356495748440495,0.9273252848219031,0.9427390642095091,1
0.592005606336427,0.6212236210922938,0.7149273912504301,1.0172259778109776,0.5239329904705777,0.5798588853063696,0.5724507802881539,0.28398932296801027,0.09566556474193241,0.01150944107180471,1
0.556536991727019,0.648684635348941,0.22750263351152072,0.030512070179846182,0.7512543894144281,-0.15760895824100415,0.8025063683483095,1.1817708113530252,0.6354969460714877,0.7598369480772342,1
0.6967754209117071,0.6562032637511406,0.9121766741643569,-0.07896363506643456,1.1973211107230928,0.11164233708965843,0.9430341719199413,1.014923234263869,0.992676404825495,0.49162336067105006,0
0.1812075020475009,0.2024035501695343,0.8193077062018659,0.1985893030545579,0.7648060331571455,0.08076603919854144,0.7683492308279601,0.08055306144040651,0.27076720224078804,0.7671266569628299,0
1.2544510023570439,0.4962319603371349,0.3581728474870323,-0.14181024288311006,1.4405724727754907,0.7963683531874628,0.8102230329549672,0.9696245630396377,0.9547895862511473,0.27812058118257504,0
0.6828690083009792,0.7065608654156172,1.0552186813730335,0.8958448440712143,0.15069410714021658,0.7735964264206031,0.3261293030630692,0.8288968483373866,-0.1197823192710159,0.47798179550324815,3
0.48175657249056747,0.04414697737808716,0.9454805215763272,0.8729135676237034,0.4452783797616991,0.7599721101740693,0.24901736651992873,0.1110233765926511,0.6139375301525134,0.6353354471147592,0
0.7620832464923399,0.24634005376903684,0.5706232300616866,0.3203739574278277,0.3288039143863861,0.5504915013567946,1.235973981335848,0.33685890916998656,0.49926633402408177,0.8258120658878523,2
0.12814130687220582,0.1685006347744269,0.8463259465454845,0.17797755284417893,0.7922842497911072,0.09214428724913748,0.733304185424861,0.11704680524007834,0.31668872956254135,0.7933875530605285,0
0.33770646506482815,0.3115493042989879,0.4046299762402973,0.516503368683248,0.11697432098784677,0.7921679996660453,0.3650473869451719,0.6985315071450136,0.4491461542967121,0.576054132323552,0
0.004464379782215431,0.10748226061480146,0.6288205468618983,0.2636183123698755,0.030418794505290062,0.22047473341677012,0.5765039870481172,0.2367464932502393,0.6838477101811566,0.7733535473917584,0
0.22013731336344855,0.39887545127292356,0.8489138972279622,0.7534196724912661,-0.0294255063794005,0.7379172503261822,0.1391804857306989,0.1942026306655757,0.38747246348093667,0.5352232604423878,3
1.2817140658085822,0.3366582982212997,0.7919504309126068,-0.20115887884288758,0.7632780800342382,0.11257141792124165,0.46481829688607573,0.8365521286187154,0.9969031646262138,0.9313234323399059,0
0.8171905481357667,0.7991568909079947,0.8454209591920703,0.6555336090057134,0.5436534636832955,0.8194056551882669,0.13307549670969343,0.6914266696670458,0.6964322827957895,0.49307396821311233,0
0.4637663057154273,0.06921079954779603,0.9572273361530436,0.8780075083334111,0.4414892408226929,0.7494791506919042,0.22873766515976582,0.0968331114505799,0.594760663833461,0.6252723126073406,0
0.3671695562232067,0.6015550449357426,0.7319628900378303,0.9885800592839777,0.15261174459440896,0.19523086196054873,0.21051264840175066,0.7098443232645447,0.04570747811229338,0.30243295263466113,3
0.20718070921781787,0.7429337209277882,0.3770719888221379,0.51596014716663,0.1355322514751741,0.7934403025657966,0.40492605725940184,0.7846202548822965,0.01966868221079285,0.693377359534856,1
0.08123583244295844,0.7928382419518007,0.9175863231893424,0.4456747833746681,0.27315068639647,0.801450291936366,0.38625968556406376,0.9773894524501212,0.1970984970261975,0.3935957223207529,3
0.4951266901474284,0.058251608900249975,0.9719191035266235,0.876977191360854,0.4363064193762994,0.7722392196757032,0.25716089626659044,0.1029025753330989,0.6275324776744577,0.6058048988058387,0
0.6960263317815745,0.4425455985016731,0.8411612931348746,0.2022610581315366,0.5734811911981925,0.7458412639418986,0.5614024346039718,1.0167641050584164,0.37924767866246223,0.2790696901520369,1
0.4366164169278418,0.13281875018040654,0.9471671796738949,0.8422278915616318,0.4605858812618076,0.8028246067026269,0.28022991064955866,0.13052367145843552,0.6640190368580001,0.5640081724769812,0
0.0934621820292578,0.8440371879534888,0.7995364109015293,0.8171125905115855,0.5526356650465167,0.7807696211038658,0.16978075975587822,0.8420322463202294,0.573303644363064,0.6081720625692341,3
0.8103503907940316,0.657843038847884,0.5282754841931043,-0.13311441874448926,0.7484136106457506,0.04642190488607242,0.8370143934203315,1.1559463035025355,0.6859380743453896,0.6038957716673032,1
0.37803214022818343,0.5611700054662528,0.21513398234301825,0.08452621918087538,0.10475797174281459,0.49090119749099503,0.13122224140630606,-0.2768668914236563,1.1523878895982234,-0.06654846431712208,0
0.04375394936791957,1.0384605652085772,0.3605228585074274,0.806487034806441,0.7023448600253132,0.29490727002098305,1.0323955307032617,-0.05241397378212648,0.5066786169213097,0.8493769109305002,0
1.0211024915690816,0.43525192344404506,0.9267529426088981,0.24263664411797736,1.073761589008112,0.4153577197967083,0.8367512341239363,0.8901511321531848,0.6292632726900524,0.5625930486392462,0
0.45296882809661104,0.27384170589800766,0.8535370611149986,0.8774254109908255,0.42094519552575604,1.0393455658198065,-0.013299157493430025,0.3645917325005894,0.44280948743542786,0.5024740014355991,0
0.13330019817927444,0.2013193938727808,0.26839888781722737,0.751877547643199,0.8864353185736005,0.23786683148280652,0.4659911556671754,0.8150246477537971,0.6678864443231647,0.2570277761552041,3
0.37620798872487493,0.37637108003417397,1.0198284350732185,0.693561382878701,0.18911550302893654,0.19651922841315514,0.4615997750758519,0.5548042774499597,0.014465602960817295,0.42089091293885866,3
0.34407173564919724,0.9251990375688985,0.5564726843672883,0.8078187841327814,0.5071271595352154,0.1883319218822587,0.8850635545779376,0.1655814309596536,0.4501133018019778,0.8024461021417387,0
-0.008586399537546245,0.5214002282520964,0.2899807025472387,0.8839910859929747,-0.08166160337778687,0.42851421622939584,0.32179103164552286,0.20486874602950947,0.44630658761303615,0.7983368559190617,1
1.047315948152216,0.2743471259610466,0.9192305528154876,0.12528165623906573,1.112324058513727,0.39049302576875544,0.6835693048427609,0.9181185046314804,0.5774781302203041,0.6119421985950779,0
0.8356950596153624,0.8235455093343264,0.9202389015982967,0.6028230825942013,0.6431299115979406,0.7660848893826809,0.12025714309355115,0.6693977003070103,0.7344863513794933,0.5050021386451298,0
0.5319778888810173,0.8063780220602569,0.5285329398147356,0.3619434041031786,0.4364954633626165,0.7905312038485373,0.16330581622741946,0.8124095698145555,0.3460566312468337,0.3836953779478492,2
0.12606485543225543,0.820633492786809,0.8258466904887234,0.8946741402301959,0.06813291169263946,0.5235416592987578,0.08529359122097407,0.6705673141933159,0.26490058563425267,0.3954141584531011,3
-0.23624187770050453,0.628206296905992,0.024003976649749098,1.1151018360431428,-0.1295731770766952,0.45874212776947965,-0.01531860315508271,0.19680973841837798,0.7796151473233618,0.7912574786972395,1
-0.12618585234467974,0.3888047710997688,0.5071500581946136,0.09128296984434128,1.1353948644111276,0.46469652470165224,0.14056461431198802,0.6779022097560035,0.8474294960517417,0.4545151839407914,2
0.3615114416936073,0.8769289665242431,0.3747934593762535,0.8414447982328283,0.8295601574200757,0.28580768015062924,0.8273384677637796,0.9358560188088128,0.19667508270151146,0.4407946847308895,2
0.1703443941907236,0.5619959665177017,0.443952242287313,0.6356666215533376,0.6229617710271005,0.7312658527258843,0.45499321532758913,-0.09566848013973597,0.8976240507143426,0.2022535396829737,0
0.2255598226477576,0.6473021886532361,0.08545514514730346,0.09264547240699475,0.009951444734405401,0.5794272210226183,0.8572190622844053,0.08071449345198821,1.1404667416132306,0.033304945429819155,1
-0.014646220751047573,0.05636316411219658,0.5282290997580548,0.039080426486307496,1.2741233720423506,0.5711061335285261,0.41559727927255286,0.6878695610755072,1.031165000007942,0.6018045252656024,2
0.27831717648340937,0.7550829232642811,0.02960332387355874,0.4668786855800267,0.7355059819976916,0.2927196934141316,1.0186657293811887,0.22546528239455232,0.46399204433540686,0.47266330691523883,2
0.7487389402442084,0.2146417920971887,0.48184467370656314,0.5266636774420155,0.23790458162575212,-0.04044208743898142,0.4063730522611513,0.7821452206687,0.41402059085110327,0.7278969641125893,2
0.9330913768744077,0.4235897576532254,0.8439303809609123,0.20817277364467343,1.018470793981829,0.36413848582312974,0.754338948315367,0.8909603792787905,0.6377947601805661,0.5662724270703208,0
0.1599521087638929,0.14864761139424365,0.7923264198485542,0.8046913789229672,-0.07910452356300979,0.3608551350851594,0.5752521510409844,0.31021136104568153,0.3150418020574597,0.9286520126725732,3
0.8752675784743489,0.7554607119714083,0.8470918667887483,0.620047560332546,0.7051565312191407,0.8102884701941386,0.1632046813718812,0.7611448279564025,0.7435887415708421,0.4174669617699893,0
1.0191132190482448,0.46146275167495654,0.4489714850316194,0.7273332602974831,1.1491198344605478,0.08519072582804849,0.17947547264329566,0.8792441392186927,0.767609314215084,0.22741532216451343,0
0.10413280978793417,0.18738969381332102,0.31234619516119627,0.6891999421706693,0.8708621200419929,0.24488568647321737,0.4069297576521682,0.8452594240796886,0.6402922678810474,0.3106371445502485,3
0.4437954585866042,0.11864543912704739,1.0275952383404352,0.8180605457972141,0.40465401794007555,0.7250312942339799,0.3078812122351429,0.02427105155141951,0.5482066064438775,0.6159082467212756,0
0.21123934988317342,0.9248897147776366,0.9221547220237896,0.5998022980604268,0.9677578854189683,0.9620160881437776,0.9554217480857438,0.5272515335151603,0.6851291550092202,0.7925476183213066,2
0.4688537096128547,0.31521721821182913,0.35429118235122636,0.534162477690798,0.14521651771034597,-0.1963673650632361,0.05836195722919435,1.0504316385204842,0.8938572365022899,0.7351221705230259,2
0.3951492770594678,1.164763191085939,0.7918930199920873,1.2290662109227162,0.746584458606539,0.08120346014345109,0.20793714344150804,0.15871532151482345,0.612312887928199,-0.3039416321615538,1
-0.10893505728248898,0.3676875411099627,0.7063775413587154,1.0503094397173136,1.160289854790491,0.8183800745202773,0.5933611903140928,0.33312653746043397,0.47903366600852015,0.6501452813595368,3
0.6420825018488676,-0.3181812189963622,0.8454542553889002,0.7185600409449604,-0.314298041046361,0.5806769113027958,0.7572300619965431,0.6905431583497973,1.0595831596939123,1.0052510940158825,2
0.11151171203344318,0.8569353999034692,0.819648804881058,0.8091908659666671,0.5321631020932864,0.7798031954268805,0.15470432556447156,0.8359466282224577,0.5792040609022834,0.607531811863943,3
0.48949665894450345,0.4927546081376633,0.33536318035780327,0.7020734454529665,0.759503617729003,1.0443520752557773,0.03195455184179337,0.6043740117325325,0.875368978898286,0.1318706785189404,0
0.9271741283206267,0.6127276559754089,0.7436570197653153,0.16343405586901433,0.5657559077141785,0.8264597125695305,0.4639633253247386,0.9760770111158611,0.24170309141277374,0.19462159880127067,1
0.5022826554453477,0.0770437028178807,0.5819819804298783,0.6300379837540748,0.5314154849140165,0.6044528518825211,0.13711516723788297,0.4664380481128919,0.5395840960546506,0.6507708309927729,0
0.45644031903308585,0.7725418501873298,0.7904189242783184,0.9122159107735239,0.6404457383093047,0.46645650973413266,0.4383188082433713,0.34565174349744443,0.25881871206161083,0.10612787717058692,1
0.540661660983203,0.5560005252520427,0.9096258680789098,0.44429357643144946,0.570405289095847,0.5173601478996234,0.5333343832343229,0.5170917569460639,0.25986819430532926,0.4036913389804837,3
0.5304777180331554,0.8023023408126183,0.5391309259344588,0.36432422009864973,0.4418086022950377,0.784852829991081,0.16729193156589675,0.8187100672216077,0.3484955187591563,0.39131357008799,2
0.8850323420063202,0.31968400905307665,0.5590498105953704,0.45606532535379235,0.2846507692239601,0.22096603840848428,0.26296900182905586,0.7937793891378808,0.42646162138490284,0.751785869705146,2
-0.002651709782141791,0.08039599162597973,0.5924116734146618,0.3036569963279534,-0.03044846085156959,0.2938297540894744,0.6458629822884078,0.2627290596326791,0.6740278444528718,0.745833604423832,0
0.47602216695634236,0.18017061031914883,0.834945787697454,0.7754882888010305,0.07271878761669653,0.8136773237124669,0.7082184412514245,0.4285942136129772,-0.060808948594723855,0.64638389197247,3
0.5340768184463992,1.5004646973367235,0.8264132343421675,0.32971546886165803,1.2901650501360167,0.3818371492731737,0.6263608547824793,0.39992954316198237,0.0060045175460300415,0.133345311647184,2
0.33285091520999677,0.07116899018443347,0.6357297567935986,0.8670718980571477,0.7085675955764269,0.8972842404294977,0.5458801207730016,0.23374547050880876,0.5692988223389746,0.693187587088017,3
0.555985737076928,0.2608622346666348,0.1029210591655507,0.9966017381661012,0.44369422314538726,0.7606077524133376,0.9911994282332061,0.6640633266197667,0.5317908476214929,0.022147971920635057,1
1.0818441100120317,0.2873281483819471,0.8304476649862075,0.40213523314813643,0.613151936311155,0.8225497232839861,0.1510643263937879,0.8381960174206426,1.0230102406647075,0.9591107405987545,1
0.1016638456617624,0.9487022897965057,0.8277240707710187,0.5152701333960664,0.4206832941218478,0.9150541435577654,0.18158398072649748,0.9637070212372274,0.04906525481672352,0.24200729500925622,3
0.8385017994909878,0.25519494779922847,0.6571040527739276,0.35407616282049237,0.8786088209424591,0.5372341477032094,0.688291383631155,0.7195963201462822,0.7374123198320538,0.3978935572357491,0
0.2419848092314998,0.8295012465298932,0.3701705381482393,0.6662987813379797,0.8405646681950073,0.34387760045730686,0.7109046394042033,1.155104828212949,0.3513804760708775,0.523143850255321,2
0.9652472296858948,0.7655262475354201,0.9797985873410044,0.679258780893338,0.501025687455267,0.7360447633204563,0.20729461787906794,0.8667499250098559,0.7944907258882538,0.3898725040411612,0
0.3285845394072124,-0.06342631887280803,0.8216838469282318,0.37497476682442643,0.0630761449214184,0.1820697718341045,0.14364169188942777,0.2209460500251895,0.5147607044388155,0.889197830204804,0
1.5167064717167063,0.7968804893391079,0.5698463302263546,0.4288083243447153,-0.030590057867103837,0.31771101019732534,0.9938653122476522,0.14967035424060404,-0.18579414346869072,0.12355923408180015,1
1.0103163219323816,0.5400735867198726,0.7222652658009102,-0.25103057622169955,-0.3073206284542926,0.587141897032235,0.4261963224257571,-0.14411522494674245,0.4371894814191512,0.38218292596147163,2
0.8708789429391081,0.13755685202290263,0.6629897239438327,0.091044184355794,0.5244872441660288,0.4100309905293362,0.18261205883235065,0.9357787265835169,0.9377843067370991,0.792155778643652,2
0.6339754238413434,-0.01412972317497422,0.6361094792802886,0.6345333544950507,0.6202476616184037,0.6141154630073641,0.11084243948140737,0.6963018562784223,0.444508440582965,0.7197499614069782,0
0.1161809295882138,0.21491613834770082,0.2842674090586682,0.24050548699098487,0.8950423453521462,0.4268099963445835,0.15643805960709853,0.7863588653713807,0.8529503813150904,0.5647068145215711,2
1.0423294035162525,0.1342237254030577,0.8394203365719879,0.4344244256085556,0.650117763461085,0.6079749313722455,0.10658705041009212,0.7163158709855824,0.9221477484469208,0.8596295814095404,1
0.49150880095595506,0.5423648794887873,0.24517313792451828,0.6489422291347055,0.78790054688113,0.9445263826981715,-0.0002218937606785036,0.6591774248957469,0.982661768798771,0.17145852093272684,0
0.9691297235201041,0.7358456863051347,0.5171554763295283,0.13820890405987302,0.44465802677819855,0.8148800346742613,0.6261552049888234,0.6438448911601703,0.21209228634361488,0.09324994578643411,1
-0.05978666311844888,0.6395232949560015,0.5909637663251301,1.0270859596903557,0.29885503670740077,0.4494816396493288,0.9051561065757178,0.20118345234231583,0.3643699827932469,0.571937299218939,0
0.5288759289741951,0.3759806659583197,0.6515620826149996,0.4814579620800793,0.310390840434848,0.6404250718744158,0.15506358951595486,0.31580929032630284,0.2930542387972809,0.9317021981716964,3
0.2469505216827007,0.9135283651443231,1.1773114020669284,0.20003484484393014,0.6093273685532343,0.4871888322849022,0.7707779797301966,0.9202584688493831,-0.15309882611315256,0.6399946764844555,3
1.5272904287149691,0.19992326352902734,0.5134278444353919,1.6562752534364664,1.193771665175639,-0.31840112803049414,-0.15023780684723248,0.8595398120318809,1.4459170492222673,0.5715030136964513,0
0.5351420053667975,0.16810808048081666,0.7183735777085825,0.2702581041688184,-0.09890408785065727,0.3083909100730537,1.2097044090294027,0.16330716531920186,0.8823020473468468,0.9266503415035542,2
0.8545217655236521,0.37226210710737884,0.8529229514682329,0.23109892893375164,0.3642992198765398,0.9718507132573404,0.7231204436252767,1.0205953557994762,0.3499892271634227,-0.07560480668747765,1
0.3280236048263673,0.1868683777352863,0.2622144532484813,0.613906338489853,0.18173286295045932,0.28451409134232525,0.9451576561223681,0.15406951032300226,0.7497210358085474,0.3658951988150746,3
-0.02425086164194562,0.8307950871483178,1.012590258821854,0.41019775574822614,0.8280129297779573,1.3145293826234419,0.5759977897863637,0.19902696145013243,0.9370481929362324,0.6139666921808286,2
0.4204663478009322,0.00026095332439243085,0.9292298671819722,0.8470791920020537,0.41341989474381347,0.741605123136102,0.2425168002921555,0.14267113414810662,0.6369264685602952,0.6190911445785586,0
0.12408014074008837,-0.19139101223684662,0.8737175980945934,0.07765152078758679,0.21207455096619812,1.2659402052865856,-0.11740601044761895,-0.3605812101755158,0.5468333268350191,0.5194012957188142,2
0.5894091896207858,0.1898868415660272,0.7395662079931117,-0.06675305860980069,0.4679891823089104,1.0241714022405148,0.3648875867693053,1.3218815707015117,0.17354258305465747,0.06300362657276805,1
0.3147906730439112,0.858966372458393,0.39177376310136935,0.8205607326559478,0.8713594530941006,0.2735745027534619,0.8251320662994523,0.9749044424883604,0.2681319691126519,0.3745762518819435,2
0.09446125541079133,0.690998406324385,0.20015445472822857,1.0682867666909865,0.04117957362162422,0.3871784660122098,0.16082696984249764,0.3037142244847978,0.5672205848552845,0.9986658291782755,1
0.8773989793930898,0.391578301066786,0.8090061034369473,0.576041613612323,0.7190030256849553,0.27164917897355323,0.716328831150969,0.9717447735452555,0.978023674585138,0.5249553485574168,0
0.8597060616485013,0.12536721666495687,0.638799181942212,0.05812987231819455,0.5049982453705494,0.3797348068635719,0.21297566138446797,0.9074366433303067,0.8798903097377289,0.8116917076793194,2
0.5520084377163502,0.2595591632934736,0.04269694970989222,0.938027123318271,0.4699149888190274,0.7958721408987227,0.9959172692497438,0.6994973477051931,0.47586526242021837,-0.01851075737155842,1
0.10404634682969102,0.6880286191223697,0.881302990237873,0.522506629289073,0.029976251563147052,0.43536121628957,0.5805577513700367,1.2658419189485557,0.8842133603968663,0.26863082580592823,3
0.9692725617778388,0.12551007551494756,0.8321631627439651,0.38439856803187944,0.7785150524644138,0.45330524098525626,0.2067661741858926,0.7842442578194702,0.9167269697232991,0.808454137535035,1
-0.29099639973472907,1.0415060027279832,0.6767784546354731,0.45168300102407594,0.3384028105885052,0.4611710668409216,0.6742498345853672,1.0537301951691664,0.7062514976221151,0.3535951343717365,3
0.9404517286931741,0.5760251934406934,0.586322259288538,0.04844536466105478,0.3659899123995327,0.6822435318873139,0.6800589225484759,0.48956856196200355,0.31704084174844244,0.005343288401873189,1
0.8622621623588119,0.38245016484411076,0.8006545839406636,0.5702044061499967,0.7147690323568241,0.27465995336098675,0.7336045124853511,0.9838628476248095,0.985139771541716,0.5208464057585878,0
0.5203249686377154,1.0921199780563207,1.0239211274795452,0.970059542280884,0.8974995021671986,1.0937435411835028,-0.088774545927707,0.6969146494077503,0.4523045184394775,0.4094119582653599,0
0.03943801577066064,0.5899736301517619,0.320499375436041,0.5659110680673638,0.6582107709720904,0.8273788918909933,0.4810134296600532,0.027041506004733307,1.0949795204639048,0.09295433299730882,0
0.29796982550580653,0.20540683177747088,0.7554883851699041,0.9758686558257069,0.8337389610105225,0.8571007990564385,0.460192944566951,0.2651013269323024,0.42188487186178947,0.6187003944345112,3
0.13849387924750187,0.4821637573038925,0.2943249238387833,0.9584356853419708,0.5832125255426075,0.7590594938852034,0.35255536634620327,0.06930073521259747,0.16999588872672697,0.041026222105432206,1
0.5413011309371387,0.2610299465040941,0.09855866893388218,0.9695893017699238,0.4170720310392966,0.7756970757423635,0.9789780670362903,0.6763534115943401,0.5235083815510381,0.005960966938919352,1
0.2175298475862559,0.4464688697373677,0.664982571886797,0.4137672520929955,0.33305096873198775,0.7032083209599465,0.48641925929080077,0.8764152703484541,0.5283195544643707,-0.27284108806873103,3
0.8549538081572214,0.14399440439514155,0.6523433620045176,-0.10538160310190686,0.19902103058513118,0.9427924664467005,1.236236825527595,0.1722649333523901,0.4090452150253701,1.279146752655198,2
0.5190084787290845,-0.08745506117993279,0.34054371678858153,0.35285779314897536,0.40556358219074723,0.6761593427074216,0.3403348841355943,0.8722368998401366,0.29347306682941054,-0.05337989798560033,3
0.45437628502111393,0.036281478467399604,0.9185742951717194,0.8415202977659819,0.4666572328255888,0.7532010793313083,0.2348495633580815,0.07275713194457256,0.6006304563550011,0.6248881475307814,0
0.5144849022248014,0.48879505202317064,0.18651426549669528,0.7302195527053768,0.7491211335137872,0.9709312710382212,0.12724402445052907,0.7082158417759667,0.9822716298616461,0.2055909590357784,0
1.023247445837344,0.4139093912094156,0.990641715749055,0.38690380077413433,1.0182701420255036,0.2904960978283648,0.7098408663618608,1.0484312359336818,0.7209271014590553,0.6006452896790856,0
0.6533758443872808,0.41564566772200345,-0.015396505039117159,-0.5281513583063899,1.3448951778496285,1.2334523911644486,1.1731066483968333,1.4920185786339437,0.7664843721314871,0.44582738602124683,1
0.4534298323498479,0.5410099336152522,0.23526162942735715,0.734449885583351,0.6722648995659741,0.9436671997379892,0.12220928062162377,0.6304855201179267,1.0038532648581708,0.04744135253008104,0
0.7424477770486456,0.5792795029893104,0.38639843877149355,0.04880500863128438,0.5941694028717707,0.8143525154834428,0.29023760558818035,0.756210696180464,0.012250314373116827,0.0009945873190720378,1
-0.058219087180298654,0.03304793760329959,0.624366399164916,0.28705956178411574,-0.0257256480698927,0.20431062061137661,0.6146328105306088,0.2067874454698651,0.6916583578928311,0.8026978039675469,0
0.8811103041457855,0.42670379814993303,0.5000133538548246,0.37916051373597603,0.24589387564667198,0.5833946752500863,0.3876003668342182,1.0182590621672711,0.6068014334496923,0.1766624019530733,1
0.2046149350209231,0.6023067351783222,0.6638721412184151,0.8526995174816235,0.2647870102407911,0.17333779514191563,0.12371130675395858,0.4639151029141736,-0.07938982423484156,0.34231779898221715,3
0.11108269248267821,0.8551718742740044,0.8182288677508613,0.8129325819985469,0.529738324123292,0.7787767261758206,0.15216759172975738,0.833758816431583,0.5819055621973983,0.608424154217177,3
0.6427185907007555,0.46297364611038216,1.0319718373210303,0.290260124628072,0.27940968893771284,0.3392332455084197,0.9045856385463651,0.6458484850631387,0.19582293647586474,0.27463895502679847,0
0.8716618080874291,0.3835393778005615,0.8045164165357506,0.5649671067750088,0.717151151993301,0.27223040263297366,0.7262357142459993,0.9750270703047771,0.9958146475578321,0.5183401829337854,0
0.5592481378846265,0.024698365111364584,0.9046744625555914,0.8467865120647872,0.4652295662911954,0.7134506503260877,0.21748045475021233,0.13044292444654684,0.6549948866406298,0.6093502534729852,0
0.6034357689778734,0.3306392746136383,0.8339573552213773,0.6792787055355578,0.5415788141004318,-0.2808167107852011,0.3704906125267552,0.5462145715327096,0.19360176813177282,0.5047593916305064,2
0.8773165340070085,0.6315071266864676,0.6598562080341213,0.1777399064103818,0.5131064181141219,0.8159841939513462,0.4487516641180084,1.0034083921731176,0.3334288046799752,0.29069712045331275,1
0.1482099190951789,0.6033835324243567,0.07032783410756344,0.303104984866583,-0.03731428376833583,0.6223695030757285,0.73412927394257,0.23310289152339925,0.9600092339100059,0.13184775051093117,1
0.9649572182990889,0.3437558674221437,0.8298430903695937,0.1245470940322807,0.9574085053028561,0.41346185912501254,0.7621489179019222,0.940267533822548,0.7380154531000679,0.6430648654652745,0
1.1242951068045886,0.565829712722985,-0.12681301625393962,0.7618311487611189,0.5588009998007196,0.5797262493749702,1.177004398696089,0.8361944349761773,0.4211480280255566,0.7276012927757224,1
0.1998699360111727,-0.1565751561141664,0.8017310915528407,0.8591942725759679,0.5988050606498747,1.1227534334319078,0.46087794499929174,0.015571279449657333,0.415380027120733,0.9009526799514554,3
0.7377838733620885,0.4458853475173183,0.630451926314868,0.25873390886494707,0.1423557324391731,0.5412199439571892,0.9460473500741255,0.40848667154082036,0.7490274580716653,0.9010703122134247,2
0.49990213779672193,0.8411721909304485,0.6426129622915777,0.9479636631522077,0.5006208697627073,0.6501441239332365,0.7012498631195399,0.5931480880032028,0.2586755976400914,-0.10018003220401156,1
-0.1085071606616768,0.4759147315119136,0.35696141211835675,0.18170145980610133,0.8093435875439676,0.6659468601753522,0.8258743146135978,0.559973733974185,0.2562758765000886,0.7221773869773331,2
1.1469668571616338,0.24145641212091648,0.6947909531465403,0.3268416575633807,0.9962705125175718,0.5693951424487607,0.8849037400708072,0.7785281932269399,0.760356500313741,0.7317925979413338,0
0.843438528720311,0.18405803173733826,0.5909594197134633,0.5249316186989182,-0.016375106462524464,-0.16041990568295195,-0.012422471352085795,0.9102481077918269,0.5833162857052303,0.5075126287186874,2
0.43471846054229524,0.9305235552257289,0.37601295367265924,0.9289904921250436,0.49388375059379686,0.307061943681075,0.696099702974303,-0.055345291189378185,0.5743113767868211,0.9928335491125345,0
0.15963658610074283,0.6039639319291088,0.034749588562780535,0.23614702719128353,0.09071350119227461,0.5237246663178098,0.7127381008788889,0.14720955331633934,0.987402533068489,0.0424853976388195,1
0.5488089178495973,0.27683586350725187,0.08809259832329787,0.9826180688047523,0.43297218563452283,0.7801410089148465,0.9847543810645342,0.675669589828852,0.5167784383079682,0.018600992411049226,1
0.3560203757290826,0.24601320430541787,0.3516328278192354,0.8015261415121312,0.3058841768206009,0.3432160852240258,0.900683410123711,-0.030418102565438712,0.7885102920989225,0.20992658016912796,3
0.5873256133129475,1.022264183291548,1.0424940197575563,1.0653305195490623,0.17937055858805093,0.3558887532912444,0.5111079366025618,0.9630762331830606,-0.17358245257765748,0.5896593997631194,3
-0.03261772962779045,0.5188135638312681,0.3005382573963293,0.20623672155974312,0.9522580671273357,0.4886427792624922,0.9217700710252853,0.3738878459147184,0.2560616791002358,0.5977406334643575,2
0.12438184219478,0.61897188908387,0.3030626382673433,0.15609840454148616,0.9995611060620737,0.43228928673011163,0.9445248121191073,0.26752388873781763,0.17141178985806657,0.6135646662512825,2
0.2510309802114427,0.9157518621532884,0.37466772827183925,0.8392469836703339,0.9172840587018681,0.29802650524025526,0.8211490421028897,0.976023119136549,0.3000090552487159,0.4511906073801981,2
0.7928483258736314,0.7046080623618926,0.7967966272072783,0.5646766448570093,0.6737978768336803,0.9352912106370028,0.06500378177490784,0.8375703305796184,0.713473999956953,0.5073967168927385,0
0.8005410597522207,0.6665992564232069,0.47910700500021797,0.04852012149216091,0.511143071186774,-0.007683801319623033,0.8064641702193065,0.9989965889485345,0.8258201643097823,0.8351153963208199,1
0.5719918871470983,0.2997176320316675,0.04140637655435628,0.987960599682933,0.4087708360425202,0.8307597708746837,0.9756836413388638,0.6663775201311182,0.5154437282708222,0.07398738123129998,1
0.49438603834632694,0.9271345132983007,0.7815204181479243,0.9621254731186857,0.5967831156002665,0.5469528041395897,0.5699998044165829,0.3875548932009063,0.17705222623194078,0.07962132076618732,1
1.175499503723069,0.21521181353251212,0.883728840642151,0.4738263616911405,0.43653386159639646,0.7588649236007654,0.34467733069726636,0.8696163832477968,0.593687504152522,-0.2450255253920196,1
0.10876467708828219,0.20466701104378276,0.26189710874723704,0.7012005735638439,0.8818798188203096,0.23485578205345747,0.4448386162916925,0.8209096166201195,0.6279707357164277,0.2908955469542953,3
0.8398648004462136,0.15024491452411534,0.6407158853452055,0.08122889633468133,0.5251262490050128,0.38764392701077033,0.21436898012390407,0.9409282235027505,0.9189717898254327,0.8287494685074117,2
0.8133142781793616,0.25280129007648267,0.9179125970018942,0.2318175987548544,1.1016435667096185,0.5435083211609979,0.6207173959029681,0.7293411490753674,0.8462098821807063,0.6672554507869626,0
1.2033594301931307,0.565039331356527,0.6220253317723097,1.5491806761444957,1.4063627203104603,1.1356385794150337,0.7238978823687121,0.3548577602945009,0.32731382806216547,0.643003527691445,1
-0.348333169557172,0.6995135127851837,1.219445709208315,1.0139842160376857,0.4934607968884572,-0.07504675900646332,1.271352692774936,0.35498493269058073,1.1275915757362087,-0.07636023781641105,0
0.6182736657817122,0.8277958467651709,0.9027358588259086,0.48870204898848685,1.0176687860524332,1.2786041155116779,0.6196645018321654,0.42981014507591864,0.6972857896313237,0.6413309256446297,2
-0.08230393395468949,0.42856210119463717,0.43001835657802523,0.2411895578685106,1.0457542755719447,0.5238076357185628,0.9812040542632566,0.24587650254238666,0.27186220417881174,0.7096574184658733,2
0.48254440265489584,0.005653768864962971,0.2736705135880321,0.3347735835738474,0.276953942379418,0.5788249412375422,0.42610478405341856,0.9470332594684792,0.37256662379960537,0.08492822802758444,3
0.2208777300058408,0.68931546345796,0.21269174781064765,0.5947366374367359,0.3826590608699465,0.7478650421748703,0.5671248496443894,-0.12817191001870748,1.0727179564655334,0.21538185607763535,0
0.6701514340135003,0.6764942570838149,0.9734643059686028,0.32596276276005176,0.003433934898694313,0.9731301895497004,1.131810900729454,0.7691825331575224,0.9020598970091109,1.0361432428439363,2
0.009951285141983419,0.6459131662234713,0.1534945155697558,0.9414368174758142,0.018439207554097347,0.38988182302373064,0.2519786994317795,0.2385535782432968,0.48348453514063144,0.907131771303919,1
0.24600674340575662,0.8633909941066318,0.3948993634766695,0.7451288810233524,0.8240997909231753,0.3458895242857059,0.9343855151033373,0.96468723095429,0.254746232145093,0.29539113635514896,2
0.8565062657366853,0.16034738807237556,0.625768321956189,0.09118730292999902,0.5182283486854048,0.39816413793876204,0.2182458310104161,0.9375604890946964,0.9214496202904923,0.8072996565982935,2
-0.2388007326908888,0.9018002696382458,0.2118904128335124,0.07740496398161792,1.029259943617715,0.2916652210208031,0.7801154013442267,0.7674551745871205,0.2845057620485915,0.4918986265392825,2
0.012477402857541446,0.1219519790712936,0.6225885153951183,0.28348859361420725,0.019358479296299677,0.20381800464219682,0.5597055231578839,0.22298730953378074,0.6906499875032035,0.7767966656885424,0
0.7815380526627423,0.40316604625282876,0.8895563965451478,0.39358361595714453,0.07546661165484873,0.4051587631476935,0.7857945004725367,0.656134002240539,0.28046761036449164,0.2070748633314759,0
0.716376355183201,0.8423165989668843,0.7136167786007069,0.45516753245956676,0.41409134955070065,0.6413864529213873,0.36127552439109367,0.9066293670006182,0.47282641087438604,0.6333825332916283,0
0.8183286441410287,0.6363765608308394,1.1749749628184025,0.3772994096352764,1.0077699424306992,0.36535903534519976,0.6951845167244282,0.4032126380531405,0.44356884285204223,0.4232333864656452,1
0.2990779618095034,0.14086069045789437,0.34375592120359943,0.17313589671267138,0.36307122213885745,0.6966887112776305,0.4910913071438341,0.011782820901307917,0.7426341601705377,0.7376176383247786,0
0.5352289627671302,0.8027934040388923,0.533250971682416,0.3635618910758266,0.43572640605265045,0.7863746276779695,0.16421366759967604,0.814627018743893,0.3481024102098985,0.3888859403115909,2
0.11283366346020923,0.8581277816483551,0.8179092242746746,0.8102560899283349,0.5317685075048469,0.7769920842476539,0.15831822517387392,0.8372208068660085,0.5803736301832986,0.6034795328330559,3
0.5242939869696137,0.2542405766567494,0.13135226525291924,1.017650864157628,0.44549406780294926,0.7472758256135625,0.9726721153455294,0.6512696455449767,0.48034169059179566,0.06723328796760089,1
0.15239231074348217,0.7772066965574904,0.5338998383358539,0.5300111554680504,0.09293866639998853,0.7829242119320144,0.5314133889675273,0.7102049834036491,0.13102092501785706,0.7890721565290445,1
1.5956230645355804,-0.5991477138427269,-0.17692189790218382,0.5162953055054339,0.31162333041050844,-0.25182405138956077,0.8255995611172824,0.8915373578126381,0.17533262509172592,0.7031851566171652,2
0.8072370372579223,0.17252681762175934,0.6324827016215763,0.10564780380440869,0.5655427960739596,0.3560115871797817,0.22732976109374656,0.9335593017513282,0.9158841642284731,0.8419523190722962,2
0.8515784832853577,0.37641635579797694,0.7914357592385896,0.579622456075599,0.7178786646320374,0.28642925965053323,0.7328811269769123,0.9703122739170408,0.9957600223914969,0.5106489995233822,0
0.24298467153940356,0.9410114625538368,0.458097254801148,0.6274592322558962,0.954828772723321,0.19358504637622015,0.9041644416515613,0.9396501826651882,0.2691744451337197,0.2693016684148447,2
0.14101596360329005,0.6670618819080083,0.06495418599029279,0.24381970768724373,0.08286071341516418,0.4135447110184071,0.6973558139100265,0.17560671860748436,0.9588772637914775,0.008623096705541254,1
0.11006502684324582,0.853884476678652,0.8193308413601639,0.8101693127539985,0.5344201165659059,0.7778948957005899,0.15164323017244657,0.8321114934673572,0.5813159562797103,0.6096021253656501,3
0.6061419735743993,-0.07426650977864835,0.2719478679594232,0.4173165779257236,-0.14158307998083802,-0.12234440078424857,0.1794266376982916,0.809818918126863,0.7847540557422321,0.646882434075379,2
0.8442790469943885,0.4071602897063925,0.8037609513196474,0.5904250975761309,0.7004580004233917,0.2893869757271975,0.723581282714957,0.9566968963332428,1.006642654753344,0.5006634135949526,0
0.4160614517851924,0.20166157163808474,0.30444251219323226,0.7310190816216744,0.25756156334728597,0.30703034974238635,0.9711305005260361,0.04005436327053234,0.8112901430759052,0.20743375513155754,3
0.17841019614251125,0.9947451119685266,0.31745383067547595,0.9799755832204535,0.5840123919738871,0.1442577584639012,0.9790165258460162,0.11869066790748907,0.5578974421186423,0.7676653267135398,0
0.3107896366810237,0.16993886834029975,0.7918668442262866,0.41432027289907636,1.0723357605287502,-0.1371128269925208,0.6300915870912409,0.9937220519063122,0.7912446113150515,0.2693147207993828,0
0.5385973385180438,0.7896129385247428,0.2101445012141907,0.6616324182898586,0.6688062056304906,0.2648077808262223,0.5520375560813284,0.04692657125132742,0.4062675576949064,-0.06627878399740109,0
0.16758696988378788,0.23986014943895928,0.8657218726827156,0.23582354632721675,0.8020855884293314,0.1342162311871022,0.731905614365873,0.05527223118483409,0.31549212511846486,0.808730116605392,0
0.22450054964493593,0.5618813624741377,0.1582451096653095,0.7593550211293211,-0.010551660558243116,0.2643946723332493,0.34311394651508265,0.36649919622917193,0.21175969193175082,1.0656061978959988,1
0.9709597258249336,0.5837130320145507,0.7259997313801085,0.13683793610927078,0.392184552803844,-0.17750589167322633,0.8074925534726103,0.79883001575999,0.6612474500097538,0.9229384818879328,1
0.6535848537363046,0.9317068771095647,0.8691161675193168,0.7470862214298895,0.6312432261404054,0.7016349433226496,0.711721923829594,0.12801067905037197,0.24165381524933421,0.003558214882558308,1
0.2129218061143741,0.5164626154349342,0.9898386902693066,0.5567246478982559,0.08864383339523052,0.8559714625112813,0.14085873069230798,0.035857107690136454,0.3216558312248796,0.28860468648756354,3
0.08164293357269299,0.6510783927594563,-0.13130780263009353,0.2675098775217834,0.015683757419120342,0.5634245283548731,0.5946144478353695,0.3374962219825304,1.0997353305097555,-0.09521795068758251,1
-0.10279564541230776,0.9059916470551775,0.7632009286476374,0.5099205189791705,0.03527345736263225,0.49401638784634055,0.7446381534863424,1.0434113450462672,0.7500940939477763,0.06965382773914401,3
0.7743754358404584,0.38822565572402296,0.8382250792814703,0.3542063880399998,0.07764574619163463,0.32993847947735266,0.8526651495740147,0.6036280997982945,0.30385026241828184,0.21058908645523433,0
0.8189183627983785,0.1779713129293518,0.5826778387718983,0.11300760832693285,0.46968992398837817,0.36153522940214006,0.19897123245167755,0.988183656194291,0.9094497271309272,0.8788139575953119,2
-5.477039142900292e-05,0.17275451110818668,0.49418223868739986,0.17701128132516716,0.944296347830882,0.45322790115670086,0.12685629018034217,0.9450752311504539,0.78221256793116,0.6902932832504324,2
0.044340689348652096,0.235848917620262,0.22717965205729196,0.2142632862361894,0.5152935894225915,0.8858666907955318,0.2483865567612944,0.13788917858597877,0.7909562909192231,0.7520258825042496,2
0.8383995047898881,0.129235376845672,0.6671080254384185,0.09453014513453428,0.5484411044761737,0.38497628534782535,0.23741687573012596,0.9448300572684523,0.9524252951564955,0.8439736896341836,2
0.8271518667382508,0.785673702794558,0.9082367526630567,0.7072705105601291,0.5285299496541762,0.8509455136604095,-0.009802682538275348,0.8783895617341642,0.7162165296996753,0.43193178643689834,0
0.7228440683834243,0.6909312264840527,0.7916773821931442,0.06261100862434316,0.890127429799444,0.23130188516617511,0.19358177284028186,0.07035118461308393,0.39013255483151693,1.0816709433260296,2
0.7858100188037935,0.40772807726007165,0.6980904865736791,0.784868019623859,0.14349359492957253,0.30514181752805436,0.39352621324577275,0.760158099294099,0.4321255255268205,0.6783949460948601,2
0.8451104696652418,0.850153379561544,0.8475407539430139,0.673640693516965,0.5805067930450816,0.7834755942687593,0.15409274358791109,0.7588909610458848,0.6658385512160742,0.5334511060351079,0
1.1192715781648457,0.6686288687448694,0.4358810494836212,0.07911200510144803,0.42362588894954617,0.9853461304158486,0.8254563636755743,0.5550699076381937,0.12391966723836459,-0.009707214702438419,1
0.5270355903203328,0.7490036211770332,0.839107687652523,-0.04474012621176393,0.3288645358650862,1.1915979086611537,0.3270070099829963,0.99611389840654,0.32432056625901157,0.45053831315932724,1
0.11547201455687776,0.8553902676455323,0.8162923411464655,0.8067975485152467,0.5358272735351477,0.782464960450341,0.15184603352545406,0.8339478627048474,0.5748155590516988,0.6039467440165329,3
0.9484756637991384,0.3903096258122036,0.8162992861894696,0.1895104320763423,1.0289248157828155,0.36543624979681505,0.7340064100186775,0.8948690171491399,0.6824230871322345,0.6002944210988483,0
0.7722022304847004,0.33605906561918863,0.35043393922863686,1.226628631905508,0.7939959408817389,0.37447198784766195,1.264859281301226,0.3901616233173466,0.6385110582997104,0.7276127764123157,0
0.30223723129501123,0.13796378850053087,0.6469646183217931,0.8594745819217136,0.7635860297069275,0.8559052131210668,0.5469815480175877,0.21571370028200934,0.5203920658817224,0.7370470875811824,3
-0.21495371673983035,1.0583233936473937,1.0914648826450752,0.1797269316971086,-0.05218398446242889,0.3126212512868215,0.6547411982231338,1.175729780765563,0.6553214045118092,0.3299619037847713,3
0.821445416577357,0.21108443072961275,0.5288825595938389,0.544313151767359,0.1824749297140004,0.09616528481418576,0.24540930264407418,0.9317283558969989,0.5580417109697678,0.5908021931229029,2
0.3847725491996943,0.16993844778358483,0.44429477811035817,0.15053379040449844,0.2947869559458714,0.6401211746569031,0.6283471514176938,0.05616022071812261,0.6794305648864127,0.7660060109762998,0
0.4986264523316237,0.6153258107393204,0.8224783337612613,0.9365103549117615,0.251468470757045,0.1474163066037079,0.3570134957056917,0.7050367094522252,0.1089254716437936,0.28767773580775696,3
0.3393868758517471,0.2118433560454768,0.22970612816121483,0.7957796589494539,0.19613354819352868,0.24672252110208842,1.0402587690391363,-0.04440335296769861,0.7888856945302755,0.17788026965217993,3
0.43883288675726123,0.49603657453574257,0.24368356428711513,0.666937510527223,0.7645358980060752,0.9760660787725831,-0.005525931376691846,0.599713312869153,1.0070279232979,0.1500144701194838,0
0.6139159300489494,0.14457373653915528,0.9219880707150407,0.8712361275345315,0.5472800225326455,0.9040013422550863,0.23554006746244802,0.1757197249514021,0.597958784865791,0.7412006368709411,0
1.094682075399171,0.27371620145523756,0.29212977250044153,0.11343456480562869,0.6114480092779718,0.8803579719384822,0.8382605631102382,0.6766596287186046,0.6662695992505394,-0.3498129292327165,1
0.7138916583537405,0.6275130399420347,0.8360741367110087,0.16970912064319804,0.15979881760294995,0.5801285060905201,0.9762376684007348,0.8017824885173501,0.5071615260856315,-0.02237600197237194,0
0.825232918832324,0.10887288227417546,0.40035813785392504,-0.17493240192968906,1.3497150439656096,0.9404655620631434,0.38952863857799447,0.29866574219328323,0.8304821038037011,0.21419489442895512,2
0.21640902123815575,0.8125373431301964,0.5510659944433827,0.7436947385450398,0.6679245176117765,0.3462653418824513,0.7943081080537785,0.07452072230646337,0.42089170482471105,0.9287068445741726,0
0.24263632888945688,0.6123369746160512,0.656979765042855,1.1372147320096666,0.07750801845879901,0.34779984880886483,0.3631604299339081,0.7589799074487981,-0.019742933672002694,0.24240694383344838,3
0.6520103261672526,0.8740739305940017,0.8587818701713549,0.7380991967757091,0.7128281161656231,0.3161083713583991,0.4167126851521321,0.6240001837279207,0.19071791315351355,-0.18351908583149407,1
0.042649046073429966,0.8948262147214919,0.8961422916383289,0.3248032059291595,0.10238572193786884,0.34658328749237144,0.8110080473222546,0.9892487055068806,0.7411711846784376,0.11907624988779825,3
0.8441538295431134,0.1492084066451601,0.6625908333439305,0.05895782412816011,0.5472679934613628,0.38726938375924735,0.21467462445405577,0.91197767474766,0.9144878086437089,0.8004719521547183,2
0.11026637277377162,0.8596195598378162,0.8154736723496877,0.8097801422419494,0.5359817062724666,0.783230013822275,0.15962932676068523,0.8307144284357533,0.5797744591223933,0.6080055134732117,3
1.0088671935924245,1.194000544946106,1.062395704291278,0.8972488797146254,-0.1009120026643272,1.3159614421986603,1.0023452790339813,0.9971210601901148,-0.06459613387830065,0.2436481604185113,3
0.9539977633817598,0.5080494673581357,0.7076199544764332,0.3562615136919435,-0.06295969213093519,0.5496820948457521,0.550885233147998,0.6891340949031776,0.03507611165294092,0.21860525028568764,0
0.14139025446544234,0.8212432932726168,0.4371000155604196,0.9531858974472506,0.642813246265878,0.22243857269166967,0.8044818547066558,0.09521910018027563,0.4438789499962837,0.7490349537344588,0
0.15248058208861867,0.7611863057607919,0.5085114000870932,0.5814610799492186,0.13667588141094905,0.8570234901047605,0.5127237689642213,0.725592891518071,0.10205730519212686,0.7330102780048277,1
0.92237737498822,0.49531434747716774,0.75360960562731,0.47474598665744083,0.55481551902883,0.4170466547762316,0.2664978811219597,0.3177313251208933,0.37191178716067047,0.6453445767998051,2
0.8265715371204546,0.603462748242602,0.5523678566066539,-0.001478471854141808,0.5527205776672732,0.02362287655640207,0.7717401896888798,1.0120103917932686,0.8230555007242921,0.7987346113081081,1
0.3031323217192288,0.8685798756158579,0.3698330658380441,0.7772882037389329,0.8554713464253932,0.25417449944843307,0.863623804786225,0.9778174239898888,0.2557372433122872,0.3877015152064084,2
0.7833437219699659,0.295318105205946,0.02607019335502789,0.7889952598276868,0.37021983587492346,0.9757587763698378,0.8884113044505364,0.43768313131681186,0.5949715277794566,0.6668569408553876,1
0.5279397489679478,0.3934542326056954,0.6727592937952932,0.531767486966469,0.40299006323241043,0.36767008057572037,1.3098518623606714,0.7434478818591714,0.4664405832587859,0.9573458733747578,2
0.1045658213057073,0.9845996847092859,0.20470003107859486,0.7104049035689144,1.0784103773296454,0.15914831606223306,0.9566286987299584,0.9422034184507789,0.03308284391393582,0.3191477433797058,2
0.45290233465833857,0.6383293012737701,0.8461766565821146,0.9359486680616919,0.20655886819050048,0.1674063370450775,0.27616434888189334,0.6264135844969506,0.12541171800087392,0.20618275583902593,3
0.6946383861358376,-0.05300197193705808,0.6909363890586292,1.3680092194640818,0.9933311770003652,0.5508207956894177,0.6203655475280322,0.6294735185230951,0.5479815448612295,0.4884159973790155,0
0.12858246531306547,0.7376462559706072,0.4903267138342573,0.5343297912969983,0.09522764796330634,0.8445041353492893,0.5640905182517184,0.707855024968293,0.12254762810243922,0.685521670873709,1
0.10781941174390536,0.8991963888407583,0.8404119833334969,0.5631121444766714,0.45590776970151914,0.8918380101199025,0.20043418295777526,0.9756675489562131,0.03148532015081097,0.21550002288458653,3
0.5296227277940831,0.8137596866639095,0.528715737034328,0.35400858668802554,0.43230380732424395,0.7863609401431004,0.1681835864724243,0.824262481505704,0.35436727817937663,0.3874006364536136,2
0.9821942003982176,0.33571992753684265,0.8956715456115703,0.1158580801493335,1.0554127567949823,0.29829477623823786,0.6564396000371553,0.8140159295992236,0.6706854654896771,0.5148220655389047,0
0.758627345721507,0.30331846816189034,0.4741037651482026,0.6925267196310713,0.03729657377360886,0.24991864315828255,0.16999580864741476,1.0056797858562236,0.4565714764239025,0.5568018266890589,2
0.276211114330725,0.3733612874717196,1.159515896355252,0.6486273561058642,0.6486304632405973,0.22930671193435848,0.9516142696596892,0.25886791243455315,0.1428223958709242,0.5451567280092819,3
0.16110978908857337,0.1986323950036326,0.8333834815519241,0.19431178802819002,0.7444527270069208,0.07738285605291975,0.781549619569473,0.08790831941871721,0.29508071840539296,0.7818064343449054,0
1.1976253386386588,0.6512759570959535,0.36199741458028256,0.3510322065645331,0.6682372302333722,1.0736627494563529,0.7965182114937732,0.6095133004425708,0.2284369370175873,0.3035258666303686,1
0.12553505096829778,0.18756083627774744,0.2833882429411423,0.7291805783564299,0.8733292052217311,0.2547074509860457,0.44090012587333605,0.8281990693617444,0.6421951260343427,0.2868791277318767,3
0.6886017633230728,0.771428133277205,0.5715574788701853,1.4353664669705388,0.5568314188303054,0.5265420194801893,1.0202274235495103,0.68097521703588,0.7285759710489902,0.417343251524824,0
0.5616229714734178,0.5664012812234006,0.9458833699038662,0.4958154944157742,0.4749907367404202,0.6656576536936906,0.5240274728920851,0.5910396139051426,0.20713859226698947,0.39775722272048225,3
0.960602269652154,0.3955083272313107,0.3744041136656179,0.9410449437191196,0.5973455820155253,0.45853812503331326,1.0721569842225753,0.6749205069478139,0.9236600895024089,0.5016982156012508,0
0.8340501111293044,0.443038447258928,0.7596771487314633,0.5901256116317191,0.6569789453889314,0.2683972647743381,0.6780701650255103,0.9496628643115628,0.9673877091414269,0.5494832245865827,0
0.7863728773621848,0.21092278690190558,0.712439860208983,0.645110103739392,0.5564017771132415,0.7769349800347046,0.3669360914121933,0.7401711020079282,0.7638380073946887,0.6490391527520493,1
0.08701038769734804,0.15485342866404606,0.10383419313121214,-0.021803714501523352,0.40292402950528644,0.7033062768063437,0.28316150014176034,0.09725227999904512,0.7770126207888034,0.5373127572704554,2
0.21816105965789906,0.9102838425571855,0.9888629552592489,0.5622074263252356,0.9193504114803708,0.9494338615398005,0.9358996272149827,0.5173377759683638,0.7094461027655008,0.8292509610808688,2
0.32889272358847355,0.15912209151104909,0.3812691204321505,0.1799699692294588,0.35596895026432496,0.6682890567189941,0.5839315020637654,0.04708260713815347,0.683441793881064,0.6804250470660416,0
0.3368510075833009,-0.014872279728095211,0.5875740110526833,0.16501033643697466,1.1094612691480226,0.13191565335315955,0.5466092287387931,0.8614826484287456,0.6980935376126356,0.006306961851126808,0
-0.011890778276124433,0.5217156221542462,0.32680476233387207,0.19099662609908577,0.9495891085243876,0.4468641614054075,0.9577288126392196,0.3944736915530141,0.2858824228444451,0.642761760772538,2
0.9283870737030858,0.34062148214653487,0.9373776192000951,0.5180972275348272,0.5219297995509662,0.617351793791675,0.12996828153476003,0.7325763867828892,0.9087606533029277,0.8788355583151748,1
0.8671103076597076,0.37033877929001136,0.7857090316102475,0.5813346317282273,0.7494075524163754,0.2938033345303748,0.7616996685739161,0.9815881015717036,0.9890543978831016,0.4856458996116257,0
1.0302241094110123,0.09259945480282968,0.7950823092184509,0.12964017003907696,0.5397746254453804,0.26717398223389055,-0.09033031518214035,0.6056273733476536,0.3665469387679146,0.6871662131650542,2
0.8783220936448474,0.15973101111287982,0.9453469359013725,0.2810855270314747,0.5443250857406752,0.6142250452940544,0.36820152255844185,0.5109906170945234,0.9309069185354011,0.7968444725000747,1
0.5405608063354954,0.28603177684618314,0.09571816439542234,0.953807513532608,0.44100786542230824,0.7772507242183644,1.0142235312580954,0.6390240966632377,0.5438127596249314,-0.00013420814716915905,1
0.7561655650875301,0.7610015343360936,0.9892006428419765,0.9501100292101371,0.8525011037844151,0.6037454030419097,0.7203829181616679,0.48672248338307633,0.4049661661383137,0.22266111963573237,1
0.3335974576843831,0.07472353138967602,0.6676959385306344,0.23406433133691754,0.9913962098495402,-0.01804520208214333,0.633056413644551,0.8782748734013023,0.8111207243855574,0.1494765636467095,0
0.8688796255242536,0.30052175139656395,0.7626882174922287,-0.07667374917597147,0.7412780555770728,0.36474300479991284,0.9184015749149032,0.9459014942549083,0.6338463535808296,0.5712292592713835,0
-0.16492012424343294,0.7457964004679265,0.7585859982462607,0.4808298076476746,0.17172030130340982,0.336900171535062,0.8822340138416805,0.8807688656645715,0.9024020454509257,0.1595191112396906,3
1.0008873234889595,0.7163612707209239,0.7177672443393153,0.17243137068567643,0.6712770360952328,0.5690498299987242,0.24716675070020008,0.4972623596500613,0.44315340290677935,0.7828549812332981,2
0.9344951326690282,0.38623013177090626,0.8500347622542741,0.18119069206735322,0.9917161846936312,0.3906513479845745,0.7618013112890775,0.9005303274854861,0.6928861364735807,0.5896476814329598,0
0.48178188492071006,0.02086796557803009,0.9864974970279613,0.9354650236773909,0.5756209156592336,0.8082748967891482,0.3230543058624792,-0.08472307311847985,0.725368438099375,0.8333107762668919,0
0.4632315376579827,0.5355530432540543,0.6044758395366578,0.5782555660684724,0.44373964204951255,0.49565165107690085,0.7412767392381008,0.5697785493294513,0.45294584644195984,0.43739096854243387,3
0.5920076505263876,0.28705050126004505,0.09191306632517164,0.9839637227927047,0.4600840594777348,0.7738266967555439,0.9700645916025104,0.6252812122758294,0.4834519665992079,0.05888887534360402,1
0.6889009818593077,0.9897098989442922,0.7279607795409622,-0.07810232289789151,0.5544976923513655,0.8215767836386506,1.157368812557007,0.4753988499656562,0.25760652763594455,0.15608321522940943,1
0.3501591481891598,0.09870012677505767,0.6918541428134647,0.8542946802957594,0.7281726302603685,0.8231101824459086,0.5551008895638592,0.2115493208324643,0.519237977669104,0.6935933312194845,3
0.476952939390215,0.05223772510450144,0.9508990190339767,0.8681131974293999,0.45611705312424833,0.7665692787706238,0.24645577299558502,0.09843355927311823,0.6095765115078973,0.6217519790558295,0
0.5738660683262539,0.5743694072746318,0.9022641351168764,0.538851244436882,0.5052229507460473,0.6466960104881512,0.5697557137635598,0.563705446955127,0.19312712371627172,0.43819800818155713,3
0.03798223361320817,0.5515645747137076,0.3280059853080006,0.16311295028105383,0.9513151181685139,0.48174533281459353,0.9430278334749389,0.3902505604837253,0.2557812460840042,0.6576678487037377,2
0.9850607669882976,0.7092115043081673,0.7745952980570794,0.6014681343934035,0.44325153856135485,0.7830998817393492,-0.03228885342445531,0.6170111538534601,0.5513990260658819,0.6937422257243353,0
0.25947174712381665,0.6697138540794323,0.38199759929758675,0.2961892092623817,0.40620505798852274,0.10919576238721018,0.6679896426162713,0.3493368812657097,0.8418149701493445,-0.03502305740736668,1
0.9955513897284427,0.185863627442464,0.9848786789901317,0.47809889878642475,0.5656549058641129,0.6882070798512495,0.25727449558058685,0.7271934886881962,0.8176352958051551,0.9172371100817273,1
0.6382207797157263,0.09050002118448973,0.5536361432521656,0.6430822335051257,0.6288553307452611,0.5384772056174995,0.060145744509104294,0.6088103386524123,0.4828869695391154,0.7518058129519691,0
0.53228608317224,0.8035908262692408,0.536459685371578,0.3633755648647884,0.44141061248257696,0.7907270218741355,0.16658084970558185,0.8165279874935293,0.34847474149770774,0.3877254696973983,2
0.8954035758914747,0.4422796836019981,0.8812773427625062,0.5959830758670702,0.7937777946939583,0.2639618377076374,0.6410744949440472,1.0495901670031416,0.9618202958851162,0.6001626795585884,0
0.4705125520773069,-0.1547786696642288,0.88950851267254,0.9929691232773311,0.487544090871763,0.8968255221515761,0.05730749818633471,-0.07002375839499861,0.7105367302639269,0.6767891953718101,0
0.6068844369637437,0.08254977238268704,0.5016114743703214,0.564689578853021,0.7738639959291845,0.5507610386147159,-0.0837882280073386,0.5609539354543281,0.29813912317796243,0.5869610542152666,0
0.19730273812694665,0.7060166175897031,0.10693632120576946,0.12476517959717376,0.026569534159032238,1.114091488244606,0.592008293448267,0.024274320864451637,0.7395273033319892,0.6309956312540848,1
1.3494518762703611,0.3507619009021893,0.5594029293989013,0.45772813748221663,0.7307944061067952,0.3981474370505619,0.6485597625058138,0.24569438096470647,0.3115678266406694,0.20306553044280923,1
0.13814984102991262,0.18063740043954818,0.27239349147963127,0.7509024164304543,0.8964174677360167,0.2575916403087218,0.4291149643687331,0.8255553898059795,0.6605555297231449,0.3123606679906416,3
0.3619951547430317,0.8052731918722537,0.32206075575942966,0.7363932021293915,0.8006590878949724,0.24398341427557596,0.8799818711959491,0.9805565974913029,0.23276786183548467,0.43543390804618665,2
0.37547237206241435,0.06248341434368787,0.6578238636900539,0.2275407696238501,0.9550067231240176,-0.017596523841790297,0.6251383260424435,0.8704573326098747,0.819297536063513,0.14308461996091917,0
0.13481311793488543,0.8565607387716422,0.9195470923535001,0.4603300462110802,0.9525047563868771,0.9348472915586387,1.0178138244411876,0.5175756416437042,0.6914258315504948,0.9019399489306303,2
0.9164164198257405,0.34202211964067086,0.7708463222336958,0.580731921222422,0.7523516332926745,0.27457847299361426,0.7002899897291749,0.9716875829924678,1.013946379221621,0.47644518587273377,0
0.19886008276018238,1.1288686389764229,0.13280618868401906,1.142582962305739,0.9589399142909474,0.042913933857226555,0.908837262256718,0.5000298869601284,0.21477206017559106,0.7450992120581434,0
0.12175826433038704,0.45864868128371744,0.315525831482077,0.9471555706207727,0.5823850225007506,0.7883433064075663,0.3527423248851476,0.08441110651953801,0.1811249701392192,0.04180196347528072,1
0.6929029221315623,1.4203761254095661,1.4705994388436885,1.1915001430054304,-0.18155237956018067,1.0160195173935107,1.2726778848654936,0.048675311427818335,0.06874114823320926,1.36909658435603,3
0.4102435182867392,0.22089919805883018,0.273849415140122,0.7592878128299081,0.23577198170890068,0.28508966273800435,0.9634571479597167,0.03160289909692868,0.7911394223351378,0.18842604387391929,3
0.09293358488519515,0.6989051286866194,-0.052072694577765616,0.1546018065955445,0.1649682720933306,0.5996313724390848,0.7666185239588312,-0.007629001395907192,1.1390266232423836,0.08240558227674553,1
0.17841135294434915,0.2108933035680746,0.8240686148168513,0.18646687192552538,0.7615057631937495,0.08529373841732107,0.7724337651424787,0.08050219954294409,0.2817171085266948,0.7619500256043357,0
0.1414021669958329,0.7505091335766916,0.49846912026088874,0.5845285045142317,0.14802393815584589,0.8404854710489118,0.5303616002600535,0.7047201928967487,0.1268766867164148,0.7443601353975897,1
0.18985585716113523,0.09258043856387599,0.6718311839863136,0.9676437855627494,0.08704968102361393,0.21881251386248762,0.3407222774103216,0.20361544628726663,-0.09535399782857429,0.21404684655637407,3
0.23287957779400278,0.7713266502315224,0.09248045757772996,0.11157798632634472,0.016703575446383137,0.4882370614375553,0.9032429268697518,-0.0021794754224555013,1.017477447331499,-0.12886709359892537,1
0.010953632979194161,0.3096882784099739,1.2787092212163367,1.332255149525698,-0.21224800209539718,0.10297728526613391,-0.052717712055515564,0.6251940598157243,-0.14701190218395177,0.03603873158050111,3
0.2781077673688964,0.15541622944161504,0.6609456990508913,0.8427035251728289,0.7549808892486293,0.8861838945344642,0.5136546742555583,0.19465434573005488,0.5577962744219189,0.738399950447096,3
-0.0397420774678201,0.47361149396990554,0.191529649357545,-0.056863818834800045,0.37355964039491746,0.8316716701730407,0.31314360803667696,-0.07075889184844392,0.9710246523942012,0.7924423413493101,2
-0.39085248984306387,0.4532592561041146,0.33141963318589324,1.1334043936143618,0.07356552414171497,-0.16444752291277365,0.36476256975314036,-0.35895668335637515,-0.007829082443343849,0.4660579116464158,0
0.7975600789701534,0.4645720241973826,0.7235087652036213,0.15425240280872193,0.7423980426559513,0.8709270819834112,0.368170324840877,1.0530006963793412,0.2107338830946947,0.1297480139534399,1
0.12588584273696976,0.44404765606983554,0.30992118661419915,0.9815503871451304,0.5838832091423549,0.7961477054837568,0.3901886495808578,0.07162586825385324,0.1789449971587991,0.09664681683536898,1
0.9246645491169604,0.37029239439683,0.838191812505594,0.18998348678179014,1.000904634977187,0.39786452154585783,0.7526407199927277,0.89620589077555,0.6878258085921154,0.5837290490088838,0
-0.011886512000013033,0.36293552053541833,0.44245894106597056,0.42940043354612867,0.980428143791253,0.6213400913018363,0.1607474051713797,0.7352341542620285,0.9228238006458542,0.5271231511227189,2
1.0952134127197735,0.8460816089935032,0.16926812510356848,0.31018001308468024,0.6857380285496895,0.8465386918624476,0.9763212656187348,0.32688863118350187,0.4692171856384729,0.30757779569557986,1
0.11571763787378306,0.47623904882378754,0.3222939717620605,0.9583916775485481,0.6061319262408573,0.7703366897725722,0.365286754337265,0.08488052361325198,0.16352368902496975,0.06359707163589803,1
0.2759618544388531,0.9980318322809154,0.8971230645782038,0.5158975665484065,0.7506750419993565,0.9554417760760839,1.1008705951730693,0.43663487744757834,0.8110499799023226,0.900283295008522,2
0.12361809158386299,0.1595703793969838,0.13547348435229511,0.21264684372415893,0.4624310123995963,0.9890706965605931,0.30699623622921857,-0.05159143770197275,1.0003054324415843,0.6848147388366992,2
0.7893933687195277,0.9448658523089133,1.0137436422418376,0.3723685321842781,0.2778296247050977,0.7818886137825181,0.43704618870468237,0.47446859323963764,0.6798411509684384,0.3288250263380917,0
0.2398358641663382,-0.06451262820970197,1.1127605026681133,0.34928584476042457,0.5783017219129403,0.1696210739396581,0.44775474026049344,0.41478996120763884,0.307470814657412,0.42849513402034867,0
0.1848739669693661,0.7722876091674986,0.2250187618620199,0.7235661664848775,0.7641732676052149,0.6012705531944176,0.2863408309979964,-0.1739768728021965,0.9500454180216111,0.01877030671915933,0
0.7770794208411825,0.351814201528062,0.7070032046837454,0.43086248167124336,-0.07141073412166088,0.11668752642473414,0.4002211847368689,0.6892990348424916,0.43074687600096206,0.618428983274371,2
-0.053072889717687755,1.0023398966892794,-0.4261353248018422,1.5299909642929508,-0.4867249803644319,1.1590736706656433,1.1359752961782668,-0.5877113963443295,0.09922256663225093,0.74306312907124,1
-0.15236034443610308,0.5294299483812648,0.39696445056844765,0.16770684706385763,1.1059893543944161,0.3721340819609269,0.9931066391944906,0.28980384651788016,0.39170551936196196,0.6316918026784559,2
0.45589347450623824,0.128122962500186,0.9322706462790387,0.9267081146574094,0.4477951611492418,0.7918163005445729,0.24388339431166273,0.1129700494690174,0.6638711653549021,0.6643831580125994,0
0.5510557697843002,0.2767776127607418,0.08223657838519177,0.9846002571220521,0.4305773812239943,0.7781166821890582,0.9895674261074793,0.6675361037975523,0.5140066017037204,0.01817009244066862,1
0.3573402307520322,0.12650909144574857,0.5909925810977215,0.9357448069701878,0.7634783112280973,0.8446103639027718,0.6151935535586391,0.28644119616165387,0.47161903252720666,0.7125624112525525,3
0.38811740696929004,-0.05455763409992441,0.9081138537351956,0.8951782451402264,0.550681354135466,0.6952225707177838,0.37042641835475265,-0.008568552094047596,0.5204322900084908,0.5469830967012472,0
0.8960727748750328,0.2722860138720473,0.9625761009602173,0.4504280894975328,0.563647185806922,0.6171287808537137,0.2165888644082976,0.7436846585608343,0.850995282784166,0.8172580898794342,1
0.7941125078370201,0.32954278987445207,0.6818892200431568,0.37693900428288357,0.2496100562255295,0.5702090068349466,0.9376570133960487,0.288348724355758,0.775911927577754,0.9770042819680101,2
0.36608275488342307,1.1107718386802512,0.22787684436010452,0.5866967020334601,1.0521123941467878,0.05038870337115464,0.811984533942505,1.078803040411935,0.3485946843033812,0.13031643260198705,2
1.1459369439935347,0.20532616242178608,0.8145079434393775,0.44445518948410156,0.6922407207658309,0.8667301473848918,0.4316098002851483,0.631875668772649,0.9423956621108962,0.9335611486530282,1
0.38881627001786245,0.10972541897465704,0.3956346505286653,0.13001522720769,0.3315314110892401,0.6779530408860518,0.6050180457414134,0.08563665800531618,0.6664991727727823,0.7103664190006642,0
0.5700297366127531,0.41645964180316036,0.15059245996247628,0.630805191911071,0.8640771510657358,0.8433474098361773,0.04876845602700383,0.735379546816016,0.9117456672844515,0.25968572385967026,0
0.1555771259984036,0.22280408485476716,0.29425157312100614,0.7308880837929284,0.8416492212275637,0.23528611426051735,0.452952606833621,0.8605587100004582,0.6467101643995499,0.2876425962223343,3
0.12147886046746761,0.6657233803573909,0.3592288486052099,0.47091775581124196,0.45834731421908015,0.20677400236801913,1.0754106241808956,0.13028473759795178,1.1582688835723691,-0.2912132680459814,1
0.047494965330748734,0.7604181460252502,0.8000503255429725,0.8460007054269792,1.0707341789127112,0.6958990212475983,1.2409851605609388,0.5801747023947528,0.9937293249905144,1.0713930567627317,2
0.05437749745876917,1.0579533233258605,1.0861800596660411,0.36664931024147007,0.25773065732886247,0.5238452331669223,0.791713315335227,0.9410410366836656,0.8632834522677592,-0.04449122891846727,3
0.9413674477255151,0.3814183182091153,0.8469442284928869,0.17738518790019372,0.9913492297582563,0.38773548395627705,0.7636047965337989,0.8958892974830532,0.7003233108180313,0.5862323114936714,0
0.6362296233797082,0.7098587630879725,0.8592788178363565,1.1243935860985252,0.3711394150488316,0.13994848459431514,0.4882010779626038,0.7780776501486817,0.06768488663593047,0.07016976321339818,3
0.2855972376714121,0.5696818371798891,0.8427159386198524,-0.1680805780378804,-0.16042628788050983,0.6133967622058331,1.213054963287727,1.246305729797884,-0.37777952490917643,-0.08804732136864002,1
0.2376061001875375,0.8430230907071059,0.8758507443207734,1.0959736218681067,0.08750002072336532,0.049907556092935554,0.49420136659220726,0.5815071159117283,0.34673080744252094,0.07093961856618139,3
1.024778923766975,0.7250515970161087,0.7986355790019136,0.28878751371154154,0.6290978651914129,0.48431072448263063,0.3228167308312359,0.5177977404435036,0.39858633821935263,0.5830935482549875,2
-0.18764872858058634,0.4035312205581575,0.6242586724746825,0.7392957114453449,0.1050963541446387,0.8347292745637499,0.4068922714650251,0.6136467373481954,1.175642276793981,-0.43562859416485517,1
0.4915559306042071,-0.18155259356325848,0.4641975156478675,-0.23740769517248667,0.22004416722184372,0.49533932313770557,0.14448401868014324,0.25885846143303903,0.9686926144429151,0.8343885497875978,2
0.33784261302700136,0.07588741102663717,0.6264160971720699,0.2583659460594997,0.9428738785056526,-0.035748902617948906,0.56200654503266,0.8980024191091285,0.8337894690911181,0.1966103146441792,0
0.8230098962222258,0.330510290779262,0.40471238645435725,0.39097294400820437,0.8241412516335327,1.1593298012781235,0.531481352721406,0.6755212358437963,0.4321961222313023,0.3248663954945378,1
1.1625004128682466,0.3430156292291938,0.5378414233254638,1.1389576056956874,1.0181180838145711,0.2858120553167288,1.1880267483626883,0.5302731435954079,0.9001492180327424,0.7596372821936566,0
0.5396714085138613,0.32809415862602853,0.7679089183480191,0.5154885474880628,0.7826434943936673,0.5702638436132111,0.5282717912140678,0.31471927723652304,0.43502768530809355,0.49132842153755285,3
0.518673070578843,0.795233343565865,0.5372898920080206,0.36281415892771446,0.4422458011684172,0.7799512554056575,0.1588425240228711,0.824783360668442,0.3529403046064082,0.40183616967752545,2
0.11006846299934366,0.8541155298428947,0.8204175438315687,0.8144888928316386,0.5363507263445015,0.7808082810277919,0.14939804262276485,0.8311702419856007,0.5808812930550108,0.6086630677752563,3
1.0127562734325521,0.35376816796005534,0.6522634193156827,0.37721313665876144,1.1700592705846518,0.5798112500151182,0.7753035795936309,0.8322976569148907,0.707530319027429,0.5800060209468897,0
0.06431297643265957,0.9267458268288881,0.06662998616518934,0.048704926210909674,0.6618282348461755,0.4199398826681603,0.23998806606315043,0.41900227459662465,0.30918848818572225,1.0229409558409646,1
0.7046921564372159,0.7052398811648388,0.815511058932566,0.43247479373025305,0.6236452639525218,0.7462199906866511,0.6262052061972465,0.672702872242906,0.2003972264775569,0.52043006654309,3
0.5320736213261069,0.9643826515581473,0.9093289952685792,0.9473730398667032,0.19175404710879787,-0.16276880230770352,0.5633778090767676,0.8104606381113251,-0.006240115119903605,-0.1234296900990749,3
0.0002942783252259662,0.5577321131003424,0.13241234648073202,0.8823672672736051,0.460806080874485,1.2197781798438079,0.6701595702034449,0.08281865301094522,1.2415921056626185,-0.04701291342574021,0
0.7268389866988927,0.5611770197225168,0.9043208295863037,0.2043396074728066,-0.3886854091718598,0.03438206074418282,0.7175056402865833,1.006581817834359,1.2465878522006049,1.089747415305637,2
0.47560509387698113,0.23083084264021897,0.16860227860932187,1.0799154802636686,0.3333260111262778,0.7991162072331173,1.0122409448239922,0.6068660947234423,0.5716833781139645,0.05846613506548178,1
0.9257900015239704,0.50375695794576,0.6351574351229594,0.08535363516662156,0.47674312540942265,-0.10443297514750106,0.6350507597663199,0.8961343334150184,0.6496623771584522,0.7036015223529046,1
-0.06654257889550602,0.4041903744933788,0.1921151284243493,0.18217749662127158,1.0787752108512498,0.49713537265330815,0.9946950119594888,0.3280543820428999,0.1492657612667712,0.6578712770743571,2
0.1309229776654737,0.7522321727909164,0.39499011448425614,0.4065488211957231,0.64148205247734,0.7859306550019034,0.5741490484750584,0.12423456270009274,0.9632157590863174,0.11785979911881868,0
0.9358639422689841,0.2649527651089041,0.6620511212172941,0.2137667332463613,0.6350098549842974,0.034187030094669224,1.3149773308671153,1.1782156904649592,0.007035741797690731,0.28911022374359074,0
0.8659670557118273,0.16547409841106134,0.6459989397092977,0.08088090549350821,0.5291986418541335,0.41486946959931364,0.20288563858262867,0.9440680088037973,0.9097823131266873,0.8506980425325046,2
0.8942120810799995,0.8027454177754906,0.8622231691957952,0.6466537216766811,0.6318946444168703,0.8336954873063902,0.07805029700691135,0.7478446008582652,0.6548823880970297,0.5412411230435243,0
-0.48505484172090363,0.33955094842442035,0.604703756656032,0.025231912993929073,0.1936849544614874,0.2316481136483809,0.4794148540133624,0.7253601622743576,1.3802069773539247,-0.1305838692329182,3
0.8287557588078581,0.37763637056554145,0.7820942309558349,0.5328935601861243,0.676138257995067,0.317109136450395,0.6925760263304925,0.937506497644141,0.9781880090368613,0.47916324737818505,0
0.24684418008439493,-0.08637165556237514,0.5922096218158631,0.8566085091601999,-0.05678852471018736,0.712112984909827,0.5856157773830575,0.6194888478588965,0.20164902523075434,1.0200397323831754,3
0.824575853318255,0.4012076165290894,0.668005382320293,0.5244292435936877,1.1029370446776132,0.16790139038229374,0.3227269951639705,0.7112158296932842,0.4222117398902606,-0.043366942592466054,1
0.1091471619617391,0.8556504342615344,0.8195960956270781,0.8094609656923724,0.5325881081468686,0.7804328305521164,0.15632060893158548,0.8364592003158692,0.577352840502034,0.6066792725699575,3
0.4861183494376335,-0.0029490434633555294,0.16232164393594567,0.9992456814623295,1.2074693794601008,1.3298154825571882,-0.46839033218530357,0.9297823317870498,1.1485659143826117,1.1091542517612365,0
-0.3520337613655877,0.8270521945931913,-0.535022128774817,0.18497483660257905,1.2193817726102067,1.8311114094865442,0.2809018674057783,1.5327938987869685,-0.27283924376603297,-0.4044180852190892,1
0.5270258417784688,0.8034981030240025,0.5337315110342588,0.36177035877213454,0.44205399164235376,0.7835796216181072,0.15859834585462707,0.8135463425466136,0.34512070047240606,0.38312459492766215,2
0.8641730293770825,0.743856073776223,0.8198072929434818,0.17038695515970295,1.1511321967129073,0.07808685471969634,0.920504827134124,1.0137250258883084,0.5094477965419527,0.45519652508201935,0
0.808333618917927,0.6014149476222101,1.1320431094240426,0.5987062552238436,0.8248392045797145,0.8015635930816797,0.761118821314948,0.6691887929577527,-0.05449108535258246,0.37048704477493294,1
0.5914576595454469,0.293664256349775,0.03892998226027291,0.9469100562087143,0.3797220565110045,0.7699351461647113,1.020729285507317,0.6923608356847476,0.5471813664715911,-0.013975783142173178,1
0.14913096640546586,0.2564586081596415,0.3166122514388013,0.1816447080777587,0.4415202199988405,0.8399933611573196,0.21083721741589043,0.020158077538057352,0.8045610861485489,0.7168184217491704,2
1.006917526746353,0.38527561867564264,0.9688314770205378,0.5538273303797175,0.6525247266059258,0.5920644722702619,0.2976577374023666,0.6298010504103195,0.7988697173568167,0.7463758305121599,1
0.3453403892988083,0.080657348018675,0.8496557381001036,0.47613506892546076,0.15626211345226979,0.10033192442017225,0.269764773692798,0.3748773811963926,0.6250059330491871,0.9949383484631464,0
0.5373114279546115,0.2534863052568641,0.6484103165535329,0.1578484050624523,1.0135560963718382,0.19165628026812145,0.8001639134016628,0.9690703472615163,0.6449919405155291,-0.04378862669436315,0
0.6771320748043912,0.25422923736349406,1.0307274650640825,-0.08202443120844971,1.1966487773831105,0.6142840816135016,0.837507458400767,0.5331852529024159,0.8919555271502424,0.6799948588326573,0
0.8983725201976671,0.3678380756964876,0.7912474681299234,0.5417900054740385,0.7447704285011553,0.2489503516070753,0.7633934634795964,1.0112784707810947,1.0019189018272356,0.4948855908605483,0
-0.09276946961507926,0.3828973855487053,0.08175680192478829,0.11002367158637034,0.7204101200965598,-0.6285081601130771,0.6186656080662382,1.0887867654017458,1.1738443314000546,0.20650037593706214,0
0.150018227681773,0.8785583885059566,0.8344541016369313,0.6028504317531953,0.48286084829791115,0.894669220968759,0.22270154245066082,0.9936674918529126,0.027322003763364456,0.24557274957351422,3
1.0241873137972837,0.9630760497578448,0.8149532784714304,0.5238104539535078,0.4383515038608875,1.010357881759631,0.2272459474126816,0.8970921708230014,0.8480724943008435,0.4469361908858142,0
0.9163836084236536,0.4413899726472138,0.4242488804621857,0.0359265233915242,0.6037492869915447,1.0471026790258784,0.5239591902226404,0.5822510349881863,0.1252521011322504,-0.1425909389338211,1
0.9239450924203271,0.3675854730443826,1.1016397483320768,0.281642151431139,0.46513843318140763,0.5411294208345385,0.31214726453338193,0.7384078183879665,0.7925427748391558,0.9924135508906842,1
-0.08355305043718536,0.7920729021193509,0.8334058768854755,-0.0790364421633711,-0.14929325872835103,0.6254270335721042,0.5214681140735271,-0.1482864599172144,0.3434612832073396,0.2186463220290663,1
0.32234158673317787,0.8812652326127937,0.34154375159825173,0.8063241577330305,0.8117421725791798,0.2976958843259896,0.8299050612459768,0.9756159031077791,0.20450787041278173,0.43076563251283023,2
0.48787045594897177,0.851868201214198,0.6204966676207999,0.47331213619966045,0.6054278482748471,0.35045608001968226,0.5815211819554112,0.7785850384613243,0.5578376446427415,0.06021587592665377,1
0.11032345557385807,0.8564447218089722,0.8204530166043661,0.8104013269751412,0.5325598729462321,0.7794270139545347,0.1552217110946906,0.8352690456728687,0.5782425333032102,0.6067015428076873,3
0.2737917848815475,0.025045886758868114,0.6428928439532938,0.24110057183806227,0.30728183340443677,0.9617693498816325,0.10195726139171686,0.9073771760331556,0.19235445552950461,0.5729619075152762,3
0.06452609099818074,0.2407325430033817,0.2395052360261985,0.7179870248171403,0.875775581357047,0.30050088737429403,0.4100038391452083,0.8643648509441765,0.5940539129405303,0.23399482736142338,3
0.27423858723839567,0.9524338974505698,0.38390592945199603,0.02805702965708929,0.17312703893431547,0.9270013275553777,0.552643899368364,0.2788124980004129,0.7328717895997989,0.5110978669603127,1
0.12864972894520432,0.2223704727236141,0.7762526128201639,0.23968364989624436,0.7224665757996283,0.07552502228129376,0.8295155462181979,0.11234546593145861,0.24629198596399557,0.7939002757027103,0
0.005917866334758493,0.13570639473885796,0.60162181274425,0.2966118467860661,0.02445504940020802,0.22838892340182737,0.5632703717267168,0.25632109616131227,0.6569993115764747,0.7847255522903291,0
0.219252108011395,1.5024693440866272,0.2684613109125813,0.6936789678736949,0.12232303693307012,1.2185064780558923,1.207694132387978,1.0346230402879995,0.04519390628981057,0.8263586111642116,2
0.8551719552129653,0.354437409667365,0.7716727387615362,0.5757507971138289,0.7857644862013553,0.2510107277912172,0.76785675918261,0.9896292649545883,0.9358114146390771,0.5390723189254892,0
0.8519803763655197,0.14012955352276324,0.6070543557369852,0.04915674928432104,0.5290153376504656,0.42071179659924385,0.18625929979152275,0.8813196947984961,0.9630009555217599,0.8474822532822359,2
0.33695998558255247,0.1893308666739437,0.878481005447501,1.0505441348854205,0.6010020345101657,0.9358312203364355,0.14613197875438172,0.16441763318917474,0.40322614051379563,0.5385224807711007,0
0.8241405394557891,0.7997704295686716,0.8762360251654709,0.6280590211380792,0.5862491822552116,0.8221692554331245,0.09395282614522571,0.7606151283524283,0.7059307776400703,0.4730711711955054,0
0.44696088758041286,0.9053183671406447,0.40592803462228866,0.8782695495293673,0.9499249859403398,0.45684191145790864,1.0470560050253082,0.9341625287885674,0.34017844252223284,0.35566026122223937,2
-0.07488696010996951,0.7485440979067992,0.8560021109736287,0.41116485363305033,0.20129971592559978,0.30170717584177176,0.920318768607414,1.0249404629200383,0.7703014146483469,0.24296689035216062,3
0.1071657734356794,0.8518319682820086,0.8305129225346685,0.8071968340439472,0.5254765682731761,0.7680119389742016,0.14711535380557572,0.8270165867108143,0.5810919933580103,0.5944839702635925,3
0.6929375578440276,0.02459618827613007,1.1480155814710775,0.9199073725164545,0.5815318948553309,0.5544113653903372,0.2936888279360973,-0.07753436823589768,0.7172513150339199,0.5538136907402134,0
0.2646045883898741,0.4440071866893569,0.2390451798307791,0.034027611712969696,0.04888604950306306,0.411237028637774,0.6850840578029218,0.08807608795642216,1.1592062601991941,-0.17623045533273304,1
0.7599796868024116,0.7727532371293232,0.3739409328712262,0.05730333200007601,0.6625387052744239,-0.020583337706689978,0.8588439357197003,1.0930341254037486,0.7371790506390727,0.8689355135420679,1
0.1792673710291638,0.6808522496409467,0.4853449966703777,0.9810273982296464,-0.13153157668251728,0.5140806104299839,0.5214939705095454,0.26496019190059017,0.6892682176571935,1.1284241795310836,1
0.4491555580577226,0.6700724168998857,0.8842642321966305,0.992942400865001,0.2579701102114921,0.1298818264880124,0.22220051810766003,0.6320904561508539,0.07949455263769423,0.23202810050787018,3
0.13801704388715402,-0.046826698040367376,0.40427147501688127,0.12833121623559735,1.19403772925466,-0.016304244961176183,0.6052416442965243,1.1042719004612471,1.0098908085072227,0.24194059541350538,0
0.8171683359851584,0.2033813395515225,0.5291393228107149,0.5189956399704114,0.08702203508432887,0.43426434970121464,0.7301084710612858,0.534585861424037,0.5147981533715411,0.7559796384982312,2
0.24612584050804018,0.9140660276838035,1.0229118596880724,0.4817847103125715,0.97095957090047,0.9911774724070084,0.9019742510975004,0.45786597942919993,0.7967863690530183,0.815534381195742,2
0.5244864036776361,0.7981021633654315,0.5457336963778316,0.36997561697621284,0.43042037953101164,0.7765381261318139,0.15857494776897926,0.8202139281058672,0.33894692238369994,0.3971560438494794,2
0.11392038537166105,0.7637480994537769,0.3909235827719191,0.6508180869888843,0.0918449190843213,1.0212435333020287,0.3712801316831086,0.7483124571378944,-0.07820736381161042,0.5531027621719182,1
0.8516114670945677,0.5214489676653069,0.7593902921068405,0.2546047456482924,0.580080067176392,0.85010899726151,0.4495596467183589,1.0517503731075162,0.27483849872238747,0.21006792071760613,1
0.6522772726567817,-0.1496569891819078,0.24413994542402495,0.4798758995604234,0.44938746266267304,0.41240321406239566,0.5889338865804928,1.0255677796371114,0.3363315394925287,0.17058578095391358,3
0.9491551429492545,0.6498827989100596,0.8479925031734405,0.32018714038990626,0.6312771650085399,0.5513622330882147,0.3892680428867071,0.48167982276438714,0.3741867827358864,0.6461037587156161,2
1.4211455074924704,1.105106596699312,0.740079562884154,0.6461748080462671,0.7111605879399542,0.03050218643457664,0.6220648520822448,0.783462650310869,-0.6831456879260582,0.7749791146672799,1
0.7161402846033366,0.38382690164444305,0.6772874692015207,0.16621938760503413,0.21556976220605018,0.48752944637039686,0.9430501830283952,0.48085647212854443,0.7690238636402227,0.8177422282567377,2
0.4780701565464387,-0.04548699771087013,1.1877307672614186,0.7434916090898093,0.5448302609054422,0.7865796774078833,0.1483308581195632,0.062344135374125614,0.561347954412377,0.4674611998650811,0
0.9652492967217707,-0.027410815023402035,0.5999302745602887,1.1013609004081852,0.9331845641905893,0.9424990274261201,1.1735305768865754,1.0525919936734212,0.6169420033591221,0.5750355443379591,0
0.30712386596064184,0.10207780183783834,0.7217589898719975,0.4235159343118602,0.9780249532344464,0.15083249674955332,0.4110684766465894,0.7810540504020145,1.0039292984856412,0.16877031491012723,0
0.5004238231927134,0.6472297487781342,0.8822669901717527,0.5492811054127881,0.6048226256151232,0.7022935292567448,0.5633757213682428,0.6585358632447984,0.2421659835864251,0.41956151784177603,3
0.5324547913457066,-0.15192015219979105,0.28373613546697074,0.1705190024914139,0.22847897088200972,0.6432067874007947,0.4030600615633985,1.0320637711136778,0.46160375522697644,0.06436168554706437,3
0.5674199875618804,0.731546303357177,0.9488732622251004,0.9242957905817859,0.31252005642753294,0.24801387052704107,0.14869437183543868,0.7499221342923755,0.04058095344584499,0.06471482666971207,3
1.128560091180695,0.5572444050381153,0.3439768066067701,0.87592923245061,0.5680415771478591,0.6527697108923148,1.077965476492748,0.42588739674993925,0.9846949804015839,0.5698427461755757,0
0.18592032814207043,0.6782329752279801,1.394584486308589,0.36392013861002404,0.4696489915598459,0.9810793803825003,1.3574102926226217,0.2981800930924279,0.4483448305277518,0.7969649606983745,2
-0.03983383079827753,0.03887755731570876,0.5823496163295155,0.29424578163148213,0.04203425240460323,0.21819934379621317,0.5123897296541285,0.22792039238132172,0.6123407927487994,0.8171554435035946,0
0.4563710349940794,0.0052996937009768125,0.019272951607810833,0.1495048595561401,0.44647469820923075,0.09690977418316678,0.43619464823070503,0.4718597325783987,0.5899678356018241,0.21989305098926856,2
1.1485177988624118,0.513260887058679,0.9579866422522344,0.2057857394062995,1.1391513127608197,0.3041891021708378,0.7251227728207796,1.1057951349753283,0.550828230694508,0.6119512026040407,0
0.3873188169662602,0.16043683740039477,0.6636097903945255,0.38125036762253317,0.368868219366319,0.44388797254491624,0.28376067395442245,0.7143094500313484,0.16921923289008398,0.7098872894025061,3
0.7450420234436551,-0.15876146875355596,0.27604273647704575,0.3194386087224443,-0.2150580114862946,-0.20251396567337043,0.6541276588298949,1.3745271627474367,0.9871324317480461,0.5897482812114183,2
0.004420887566766896,0.11256628741401209,0.6265450164273676,0.2726787526373927,0.041009477555466564,0.2106390939200567,0.5643876035942003,0.23463806308396157,0.6886594023627879,0.7676326370135713,0
0.22004474121375525,0.4467454840674719,0.6222256985409583,1.0005582605409997,-0.035765276805232116,0.23453343405649724,0.3626152569527717,0.39620684314640947,0.2692431867628974,0.2501490714402638,3
1.1510579606011977,0.18976995394805835,0.280375703397134,0.3396084951304249,0.7946454505144164,0.7714686528892521,0.9157862413030694,0.7704675121699249,0.12249786410549636,-0.09425040823186753,1
1.9851557069061605,0.36289773457429664,-0.10437046093485869,-0.01806366596420078,0.5619650578731419,0.5161372937991855,0.5887217450378521,1.3742986598484075,0.7258350225493688,-0.8577183815585089,1
0.38266930827000034,0.05467884636142904,0.6521799863917978,0.20973021010594187,0.9864585056251026,-0.014629396472259394,0.6333917970478252,0.8377280652751247,0.7943539318216756,0.15477053624905365,0
1.139151056397702,1.2117713327067867,1.2654411199053528,1.2609839984832065,-0.1103765164955447,0.13340961585635558,0.46207472796677856,1.0162729233044665,0.28404391197318424,0.24831103296323576,3
0.7892174523569303,0.13468806144315765,0.696914632716183,0.08608062289726434,0.5139822875248052,0.32973945548928973,0.19824560132044142,0.906181446983723,0.9555249870389106,0.8490427202433504,2
0.4808472853403015,0.03946745785426795,0.9643216948216484,0.8657511005446078,0.4634823706694108,0.7653949815808155,0.26435041808149384,0.10817551585080154,0.6060504889076396,0.6257108698316686,0
0.547960435510694,0.2738609678398483,0.08569087217554434,0.9813533459970045,0.4278369595039273,0.7785929350194575,0.9905806018793247,0.6686240334703651,0.5132356910405584,0.017236384469794128,1
0.4920988634981693,0.5075611341444929,0.6765811995088191,1.0235764279729924,0.3803063553463254,0.18122931123900318,0.06029761778334003,0.8058171588295038,0.07893822645110056,0.2611679676106617,3
0.5527877652405065,0.26625510086843934,0.07646775144324658,0.9729470851746128,0.4313661101301252,0.7839980212146386,1.0009565577948423,0.6678945196547444,0.5015612492191018,0.015370256086267436,1
0.022215541814599372,0.5310005435530791,0.3038971228405947,0.16836404823505213,0.9579137187949683,0.47163865379749714,0.9852622801967222,0.3564156514201102,0.24478449417057954,0.6250754596118477,2
0.3460770830819957,0.3069134289223705,-0.020503471693396308,0.5380515134917809,0.5966687996780622,0.6285133956057368,0.49419008507722684,0.3160030684076397,0.6987023447541554,0.21298221332949493,0
0.953066248186338,0.6211169424080846,0.7363817042967348,0.4033725075190792,0.6525019863246921,0.6798069405171052,0.3090702354775027,0.42024688159954376,0.44266560748427863,0.7798267371853469,2
0.41128141699297316,0.19417534988306953,0.3034898580272734,0.7363290305564988,0.26372467377638,0.3020194977055277,0.9680768828980815,0.03715614690801501,0.8106808764659312,0.19852760130026412,3
0.15770169275583337,0.7736469135406863,0.4937016416842832,0.5700002327111011,0.15217650040758476,0.8462578098531764,0.5123395144503964,0.7108405747599599,0.1019335636088822,0.7400176860875987,1
0.7945385467474461,0.4496718818148658,0.7370449847169658,0.2501333081296029,1.0836929320912276,0.4168476629173949,0.6315018618488446,0.909231266961214,0.6258955623222493,0.6589225525897093,0
0.23990119921093084,0.7587790323247057,0.31208328661949264,0.7068494627638807,0.8655062087026939,0.17937936542052332,0.971606683232831,0.9254399713327648,0.20601648283415885,0.3699677794071507,2
0.2909199227881547,0.772948516566071,0.22607583170849616,0.5468823837082333,0.4489523612490096,0.9011753544796071,0.5124792185707463,-0.09440202347135349,1.0373691929970321,0.17376042829041569,0
0.1102732465087733,0.854405719631507,0.8122720190248127,0.7967585169134913,0.5360730862074771,0.7787751065441431,0.1390078401084125,0.8270257494692013,0.5933348944895827,0.6200580178868487,3
0.3238828476387331,0.8340432806156246,0.36646185988901175,0.7668137246265515,0.8373619051758898,0.26437318709652324,0.9044600299241825,0.9793846780047377,0.21652813474699056,0.39066474350371283,2
0.019538127274612346,0.07897343985957359,0.657969633982419,0.27591024956564075,0.030783477288054258,0.253922093570119,0.5511964627724867,0.20948878641291974,0.7091148045572457,0.7880847760340378,0
0.725287813820614,0.32304319145504784,0.9778966972100066,0.5323478017533869,0.5019648661115143,0.27498148624567526,0.514904871402007,0.622886346572185,0.25285120752116363,0.06355538657116161,3
0.8639731222769504,0.3212192405799205,0.7339436469676038,0.14344921702403005,0.8572686356360153,0.4442620917275119,0.9208989924571072,0.9732314953626666,0.7971713572220828,0.6336005574802458,0
0.41706530475618486,-0.04748433852984739,0.6741864426501021,0.1346565981431313,0.8596927063812222,0.0643226658311366,0.7355335504115206,0.8411082035605459,0.6864906719515406,0.08916566270090803,0
0.9061264584081351,0.4863603156199033,0.27679918813122995,-0.20675092625247715,0.3985143067404135,0.8635524668460959,0.7255320633619549,0.9573790118993953,0.3136168852489588,0.1461445652942695,1
0.22086887671033228,0.32595612944321095,0.7006313563940634,0.5192871706674556,-0.20162770988613343,0.7778320441501565,0.5565637098540217,0.25580606341427614,0.29680243004950824,1.0540509227552932,2
0.3291810967738671,0.1308751478178998,0.6602947505787878,0.8663167905138408,0.7769013644895942,0.8505577682170908,0.5487767460091779,0.22623006900321363,0.5274222160496413,0.7447396075585155,3
0.9099104622653453,0.29656865390432124,0.40094412416164876,0.9275479147773674,0.7127319831801989,0.558714124918237,1.0102927262673624,0.620961644495115,0.8838938800881639,0.36573913126645397,0
0.357289860367454,0.2588628516411216,0.5717586209991184,0.7063508163017285,0.1265990762402874,0.5184100560298335,0.3662922097867853,0.5533094098137153,0.19578717883312463,0.7747758065177967,3
0.47319516095434017,0.9097258166558628,0.25512115966635845,0.6585601400894335,0.9448471001907901,0.4863015254238879,0.7210455583221904,1.2794657553754736,-0.26850009507273054,0.34790981678255156,1
0.6580315164444424,0.3859708936074253,1.2267630683661754,0.5609262623094662,0.690342451426075,0.5114025476325689,0.5327170694006529,0.8007899910171993,0.4175293376003193,0.5027603357431358,3
0.28441071185326494,0.8192444899968191,0.9243558605924351,0.6800971873000132,0.9431967071810038,0.9447569075806352,1.0173239013976474,0.5943620083178797,0.8606877730960819,0.8952793185915744,2
-0.08175401853688358,0.9012381470681825,0.7986124871533758,0.42512837896317335,0.045956137695435016,0.25627274000349665,0.870938510764196,0.9115634736424066,0.7152401409033535,0.04895215143860991,3
0.13248621848563735,0.18708114601121106,0.21442504258368877,0.7774052716378601,0.8949449017927731,0.31526786787257316,0.372554350066077,0.9019769377065776,0.7004699278517321,0.2254054029430572,3
0.5504180540694028,0.25866453089220665,0.08812253658471395,0.9680748116891568,0.4124383093732953,0.7619775733283154,0.9754481707720192,0.6784206248922895,0.497272456051183,0.0331325570530382,1
-0.031913011484089204,0.37482785317799716,0.28275750001112215,0.257770459569409,1.0441595806971704,0.5989781846024421,0.1937634135691776,0.8253980980766393,0.7867522330887512,0.5660565040703132,2
0.6121892269702137,1.0699529251305937,0.28522280388855087,0.7742383112797656,0.6226999330496744,0.452797286485489,0.31385165599919845,0.2189980309829119,1.0708619615058004,0.5094509940361682,0
0.05560439131420727,0.29644838822580777,0.33869105882566736,0.26439542069293914,0.9616775262197563,0.5792699184984756,0.23312784612339987,0.8775272681952133,0.8359518042430777,0.568749154990668,2
0.8534266697051912,0.3765064633988276,0.7757533059239746,0.6008424583624485,0.7245238586758914,0.2782968534368057,0.7008062908689346,1.0049113638172937,1.0239191278263138,0.5127615945635495,0
0.5179355515265501,0.15875485055950192,0.9594027566639605,0.38561816748603683,0.3264775334199922,0.7094760509040545,0.28151211826163025,0.9692595918604157,0.6384666399790666,0.9373228607131479,0
0.8023915791473681,0.17893555319760437,0.6824830219781949,0.05567588943039345,0.5537532410432467,0.3778357286428086,0.18411994936802223,0.9509935651657692,0.9303444935292906,0.8234221138874223,2
0.3996111245337831,1.220445679785492,0.13318381596472145,0.181324589129564,0.32306219344458975,0.9923837063824225,0.2915536427840073,0.22817779664779692,0.6291128014362668,0.5657829786266084,1
0.4942408607727014,0.7433965105423522,0.8351589378517561,0.9180685207456043,0.6693582999998877,0.4643915325254783,0.4569150211949887,0.3504662426316291,0.23503942952581228,0.08422569181318626,1
-0.03987057768415697,0.811076343880945,0.91142100684844,0.2592306422030577,0.16946894632737414,0.335515328461526,0.8645143320382775,0.9624206655922382,0.679197189302396,0.09958572115975575,3
0.40596567146340623,-0.008921159605991796,0.5856552965401782,0.2392169056677291,1.0097170380693916,0.0814531872705955,0.705009824565017,0.816466423258728,0.8422948238594385,0.15446880425304743,0
0.977912208546932,0.4682106194109888,0.699300956105368,0.2433086275713269,1.0262399448469282,0.5397927717129967,0.8437227994112592,0.7606527503117078,0.6151196950885,0.4529323020145457,0
0.20354013102799096,0.9754394160124076,0.4508492284751387,0.7818416684452197,1.0091589658254465,0.2690801029374041,0.8288243760546674,1.0753388457600257,0.30225392521208166,0.4881930005990131,2
0.8593434503529719,0.5453624224772966,0.7278471336678713,0.2322946843417637,0.5841617322110358,0.8670359341682127,0.5530232218649276,1.0067072980949114,0.22280407948530406,0.1659343669347321,1
0.27192353500697747,0.9510385303084855,0.40470309426604023,0.05509425186990031,0.16004010585652526,0.8985591837299681,0.47248860609520393,0.27520679413212695,0.775846617193316,0.5278251687061252,1
0.1612078952790635,0.8701362993248969,0.8399662268738121,0.5173719704534374,0.4891976061491702,0.9228798749500383,0.1504244565029227,0.9163200916823665,0.019541229317023668,0.25060608422359504,3
0.06516008471121315,0.9095882613313554,0.9910667942429948,0.5365038233520393,0.777211389716767,1.1285078591109472,1.17190196754439,0.7016572295328891,0.9183437797232831,0.6347860252544767,2
0.8868425802822006,0.2866245263155809,0.8547636996578327,0.059589908747377074,-0.08360491009748505,0.8539193162522233,0.5875246338918074,0.2532076209583611,0.5725821176745274,0.5769633026605455,1
0.41801182277466276,0.6197680813041819,0.9330484666829435,1.054211939948163,0.7992433239999649,0.39836833670721883,0.38060859250458434,0.3249862525663266,0.19170015535223903,0.11693027245711698,1
0.8623896612424207,0.6058187588575837,0.5992641554587271,0.22782603919421013,0.5863942655506718,0.9019068059967669,0.4711997111468248,0.8954303225674498,0.31311507524722815,0.24717647518391495,1
0.5464971684236269,0.6070644392038597,1.0077548970283488,1.113717609813883,0.10896755271276845,-0.02075238333514881,0.3719188331925173,0.4798221727540486,0.049514790571449974,0.32941631018963924,3
0.00971068297720425,0.13550788658317503,0.6047702732386171,0.2770895008533861,0.0014474399887715456,0.2311075761464304,0.5366164306800489,0.27149232324841155,0.7174424282559385,0.7975314090758043,0
0.08466281817116053,0.9668566513329029,-0.08579456824414944,0.40904316265802854,0.22019452772693515,-0.14014130197011126,0.5961945655762475,-0.38380415230361004,0.5809913983298745,0.6442899954417038,0
0.43916157910526465,0.0334486724221245,0.3355695825744356,0.5664585616520037,0.23726644547376463,0.7293557446463921,0.3754687029454221,0.8722313752347497,0.5441520101655428,0.123601459990607,3
1.0930765035114214,0.7778649833666359,0.5326841656830867,0.29376346365185774,0.8253798159277392,1.1090117690996522,0.6399229489371523,1.0893481976586523,0.04060676493702861,-0.036165442974859435,1
0.29019190575879195,0.1722002886730804,0.5940486144732082,0.8065645572766972,0.7880027543966174,0.8872675730340935,0.5753981969533525,0.21973878169105046,0.5077183544268367,0.7668391580965599,3
0.944384205811054,0.650817083755886,0.46582586540882837,0.1023251552318106,0.4238903605388221,0.7802713991818133,0.6835078218801969,0.5543084116473793,0.24150108475556192,0.09505912131490084,1
0.9930505307948068,0.3453299409995103,0.8457881669174542,0.4904769093235566,0.3819965757567413,0.8178539961776903,0.34494139733765306,0.6313493239301866,0.9275390497158323,0.6868851916280938,1
0.5234300820927806,0.29728226619835946,0.11025612537480894,1.017442229490599,0.4060638407896312,0.7689995559603789,1.0171551130548218,0.6392061974488399,0.5484616059484957,0.018093337784673248,1
1.0324534279633493,0.4898797623541302,0.6942587202735006,0.18421198592704757,1.1453962649211036,0.30305322715419053,0.6713402791494122,1.0517448495097084,0.55622535840328,0.41908783008657446,0
0.5366554721603773,0.8084982473533513,0.5312630083744626,0.35712105587100723,0.4364658607923941,0.787088122126533,0.16643050355344907,0.8117429222262303,0.3470990749097929,0.3854883611146011,2
0.568363815773839,0.6944301101840848,0.7132558771031301,0.2995172648749378,0.2218982903239054,0.539221393499077,1.0111606549403174,0.5185808932264316,0.5518384031782737,1.005205874001802,2
0.8466641197356927,-0.11516109898553703,0.4395817623219173,0.6934037448502528,0.3886703057228694,0.4574960909454448,-0.03761940806595904,0.7055063738553452,0.35917532742565045,0.7736963416736886,0
-0.04461979450481113,0.9994091307342503,0.2873840686536522,-0.6310719868081104,0.7913183019775029,-0.3669984018847309,0.7249792685038865,0.7844548813116847,1.326017446653359,0.5828352136990672,1
-0.1003579729093271,1.0302375092818847,0.7740732436433274,0.2058145755066294,0.007530729697598257,0.22516411833694552,0.7130460198928653,0.9492971155556238,0.714670535223567,0.2233189269845013,3
0.09751232820808314,0.05699693073180704,0.2926094613685856,0.1099295102960706,-0.028980995811781637,0.49785271055831337,0.8226345521712046,0.6692555622224183,0.5138371561795232,0.6267519279380344,0
0.04303139588075926,0.8082292392142432,-0.3128355137819281,0.4860539837676716,-0.245844970169541,0.4127103801262659,0.7322886374857904,0.2144003076675887,0.9128999523974278,0.4138886074709918,1
0.9618326966768721,0.34362682206443645,0.4113895896277493,0.9793859507677622,0.6499872341873543,0.5284458725405207,0.9988450832619389,0.6233386536643324,0.9202672390951749,0.43918533352587596,0
0.4660966980727712,0.6183461029060753,0.8753616247799372,0.984079803573789,0.23348961937182255,0.14389500938734665,0.3062031028057454,0.6789087897036566,0.09101967118181775,0.2291170101559772,3
-0.0032126316987013057,1.0837684769656397,0.5205797879036745,0.8062046697072387,0.9184601061066059,0.42985853972866156,1.032145583913066,0.6667387249789607,0.42615449842817643,0.24403663386225322,2
1.3006781514505066,1.081970671899482,0.3845789473500958,-0.2135667343931123,0.03584654701571538,0.9554898815178834,1.0735932974380882,0.7808336509353181,0.4950073270262564,0.022657865487516644,1
0.8666338527859571,0.13965199232478895,0.6535686949418793,0.07347868524838919,0.555344149321866,0.403233918302512,0.22207617149122053,0.9454948467434022,0.9478685413568065,0.8364061496260988,2
0.15829022207156201,0.07449022945751191,0.3496837101821663,0.308868920190016,0.8982537578176816,0.4666045607527047,0.6815204241795019,1.0884770099656425,0.5795378011453591,0.6724620170082636,0
0.17549954879377438,0.20683371450070076,0.5509279842552567,0.0727930201861425,1.2493658340429499,0.1114231248853054,0.7350231584625714,1.086186291074662,1.084650818411903,0.31697398085151307,0
0.15131121882220985,0.18858556503703774,0.30340454821650853,0.7542990197656747,0.9075221504219106,0.263027464147436,0.4231009851467568,0.8454266208757578,0.6415933388025148,0.300660451823284,3
0.4607690807913378,0.5232772350476635,0.25492618913926174,0.6520784892681454,0.7494642343867759,0.9304462006348424,-0.029478590661652385,0.6416057352600719,0.9659840068475166,0.1681324529858803,0
0.15687857564157343,0.8426923431388773,0.39977628078282734,0.4523687131382488,-0.0009190998539724271,1.122398254984393,0.40031528586347764,0.4564058208446185,-0.2961207175025853,0.7985052832028385,3
0.8446865801573531,0.2248094276178473,1.001880966010566,0.4748656230361846,0.5515094854954247,0.5749517905823821,0.2274226548649203,0.6073571339572057,0.7598077340715403,0.7519001826269387,1
1.3125870908672592,0.30235753763324597,0.1771205322969168,1.2229112766341947,0.7869598163983778,0.927334957031519,1.0751385569024814,0.24180447905196178,1.155418954040952,0.26622534588881064,0
0.29474577087378906,1.0096535302362764,0.38009677727734364,0.06974971120291701,0.20025526138569483,0.837151969455904,0.4718790898630191,0.22237331223996687,0.8105348701757763,0.5822192666441115,1
0.8180503015559847,0.04952858402985141,0.28186789511978955,0.06822551947900479,0.8673911399755863,0.6740743439218149,0.9827128852045485,0.1193222418794224,0.24901953893436932,0.3509111673898941,3
0.35493111834270213,0.20399987233417055,0.7197622910357723,0.9054556408280034,0.8129495797345268,0.8757727233847262,0.48962643887817386,0.14961805522088079,0.49211684744597733,0.809634105908311,3
0.9249308370771562,0.6958147746659288,0.41354201316812045,0.1038116820554708,0.41260780305841793,0.7845976375236383,0.6872617614986127,0.6032395178591148,0.28796929852398634,0.016577952105091054,1
0.07301072595730937,1.1094509241847705,1.288687666058555,0.4683488602068745,0.46733534049011455,-0.165320948699628,0.7253067191106554,1.2149450755959033,1.0015649489069225,0.23557933148864255,3
0.9536988162569764,0.4943758624860718,0.5772887936426351,0.9729235158530383,0.8762368938877596,0.2067390328782312,0.738076250990297,0.8738320828728863,0.9125680678059426,0.3384468669107301,0
0.9003944777481901,0.35013325463514056,0.8423342199612721,0.23873824773533767,0.917821894249041,0.3079908943696665,0.8273414802930994,0.7981944962047447,0.7162484689630295,0.673469424416819,0
0.9052147189039766,0.3204770904621362,0.8594052858901516,0.19988228730400065,0.9296544720322807,0.35023859135815316,0.8364273120423071,0.8128023902649186,0.6078655388462334,0.6143759570046511,0
-0.08369428465169915,-0.24263685965312504,-0.24240077131117788,0.6948811767450884,-0.0719594471969981,0.31264647171994286,-0.10603696526432671,-0.36558126264296853,0.3571524571384427,1.2394396799467806,2
-0.0577405809398414,0.8406190292841976,0.9801781747301245,0.29068971727082704,0.1499848082456957,0.2791635078181367,0.8622207890708692,1.0034637801796218,0.7424065837914566,0.19350056463637064,3
0.169444946166766,0.24107240075576877,0.8448555211048226,0.23691080571305606,0.7141887012843987,0.04813158205908067,0.7481703153141009,0.0470373883322153,0.26122750477013634,0.7320064372265231,0
0.11529805677607402,0.4495363020387509,0.3099357394769468,0.9659411281141269,0.5881262450306681,0.7597278117309604,0.370680009092239,0.09213337966294466,0.1911653002959804,0.046760871336073706,1
0.9167837533624374,0.3622883656478174,0.9807966713053323,0.4790773199767719,0.5474938785852635,0.5566911268659578,0.1454242230661128,0.7898439323554179,0.7550004007036468,0.7663101509923937,1
0.39069836986625595,0.23442373949189546,0.2908824515361217,0.7277000409433407,0.2926142185276606,0.28723645488818134,0.9564159167378664,0.03121373569259272,0.8296500287638894,0.1864178086011043,3
0.4536025178931958,0.6811273441149276,0.664916527047693,0.662487100896778,0.8321857887535454,0.5383237836453952,0.6027960219513568,0.9182852893387448,0.8878080153908694,0.7030667025902022,1
0.2122007275091796,0.27414509494114353,0.2916185362742906,0.21930902784182077,0.4501993720083792,0.769631235151965,0.27136082589379773,0.09784470546099724,0.7639558450433636,0.7374468673497493,2
0.48657903705141925,0.5424819813024866,0.22258226967271105,0.650987999949502,0.7820343781313333,0.9193779253970223,0.036238228707470586,0.6519811540060109,0.9955617589173826,0.17951140069499213,0
0.38062242680106484,0.5575663739244147,0.13993915923292502,0.7225412713456417,0.7716867619030576,0.9957376866870533,0.022236313524168078,0.5781108319292692,0.9043521570109953,0.1971488497444893,0
0.049428942757896034,0.3983309783112876,0.4204128222141402,0.5305344683250608,1.1811916058346081,0.12686137119867955,0.5482078752935707,0.11221110797462026,0.5301689057323095,0.7650345154689869,1
0.3027091646584982,0.6113458830129409,0.9244015463021346,0.7732041609884654,0.8834148124502778,0.6265943607963573,0.40244029510021634,0.5346876823405948,0.33695695027071265,-0.03333978558521955,1
0.6620967802908665,0.7934946347931429,0.06683440676042031,0.6671487649841907,0.5924949654897794,0.39509533537100744,0.6506018548272099,0.16241566587981324,0.4908127979019368,0.08903723073386922,0
0.9287694658302157,0.7589188486902299,0.7746710308100031,0.2812631849373545,0.5820910637779427,0.5217382738797858,0.35513328348321793,0.37612298665274413,0.3722839100430516,0.5370501422532898,2
0.5631753250833961,0.2648317954822104,0.09155573438438618,0.9845919098223608,0.4367329240437837,0.7838471996237948,0.9766669190360432,0.6672394332043807,0.49717866843153885,0.014690014701782834,1
0.693607814811121,0.4429870027430847,0.8466301125621736,0.47864192637983743,1.0020407957735074,0.4412808301759443,1.0428488028150893,0.2760778866812946,0.927830467407107,0.14737220148051527,3
0.24036865638344995,0.4110455306205603,1.083721813535183,0.42331399889837196,0.4324762175788267,0.6981599099945938,0.646651184075584,0.7675030874876911,0.2873073177208586,0.6126604883528826,3
0.1615558552484193,0.9514706492361658,0.8081590575591845,0.5723579659286281,0.42887261659940773,0.8907155763477969,0.24567947069822027,0.9064281138247477,-0.021942223767678057,0.2504381866960812,3
0.0592579085312349,0.2093160809263676,0.38324742175060944,0.8203152292723309,0.8668879231393481,0.32457722297674696,0.5129436259607468,0.9098535604760729,0.6789674621987559,0.3351415828476626,3
0.3269686612853824,0.9295257175235826,0.48169372049950354,0.8858124121331645,0.4785228532274968,0.22698985487501822,0.9916258278921846,0.02809914233719138,0.4248907189871217,0.7662353074544397,0
0.14737795937827564,0.17639161404494702,0.21758184228859825,0.06302871934979316,0.5556359864618536,0.7149885905078244,0.3597383088017637,-0.0062002390374739785,0.6965501159776184,0.7444376545279952,2
-0.10176417032557186,0.8380385311250006,0.4107099273018093,0.29192395626211376,0.7368619602535401,0.10093688301421722,0.6661514794732984,0.31507037296518653,0.9374975359331883,0.26007205700167524,1
0.27019327109317354,0.054360843887410054,0.6790074210348808,0.2649992008141361,0.3243652095588691,0.9483773561633569,0.08608786050131878,0.8997427040716567,0.20308551667804253,0.5525867462466113,3
0.9645039125172193,0.596714899013703,0.8172843047571451,0.3212722396735938,0.615737955364452,0.5460952315324052,0.3316792863388631,0.4189997479473903,0.3157575186094167,0.6442915659442211,2
0.5747637357958499,0.08970855272233542,0.36675001899478576,0.2344426223292716,0.30621149823890875,0.6203955313225401,0.35065640131308107,1.0294845057828843,0.3542060306372513,0.16877629493587254,3
0.016497583490452522,0.48862468535370207,0.12785955625621617,0.27058973728874774,-0.053808592177785164,0.6378736812755713,0.8406275808704133,0.07591593623173057,1.0017595395084251,-0.06237045673039876,1
0.3106107831619147,0.9706449723767985,0.40928354090014046,0.40165196158603284,0.16451297354748648,0.6244494495202298,0.3692067825533762,0.5575735656597061,0.28636912756014143,0.5689961163858537,2
0.6469633569907036,0.6622598789513726,0.9482930645994018,0.8923914915532094,0.35758162799626214,0.8245671540022381,0.18846491512365787,0.9748830210498053,0.6738892182288809,0.46018126940657733,0
0.021215052029242953,0.9444377322762161,-0.12095489572551293,0.7187283153552307,1.1276251411564515,0.4242388418963139,0.23385734223988408,0.23943536546728644,0.5289506757775124,0.12033903851054419,0
-0.16597113723557436,1.2506391407042987,0.918957526453074,0.08917431851415342,-0.006044546547875604,0.0727643349366075,0.8298591365411637,0.8707617920644979,0.9162011929343704,0.3394028144919714,3
0.032257893216861566,-0.27188877197754896,0.5901139325623906,-0.12498490620358405,-0.06367417367907366,0.528128615832771,0.4692390682669577,0.5705044624398623,0.9328258594078455,0.6707332353318782,0
0.5302672628682336,0.610476900305239,0.9222318415905605,0.5540666609266672,0.43267754297684347,0.6432894553558114,0.4894949895898434,0.6144204445627577,0.2639602082046132,0.5013093036961573,3
1.1327580563256474,0.43878316847970067,0.5598732897285246,-0.2399953137464093,0.5097445475315241,0.1818097745205877,0.8782603243168677,0.6586686416680165,0.5459701460517388,0.99152391708018,1
0.49288517920538655,0.4833984815189558,0.13087478689952137,-0.22533500115774424,-0.048168780512167886,1.1948482539249101,1.0964399233160573,0.24845550510877523,-0.4147624076900208,0.1756434627340005,1
0.22220363282869712,0.1992949669367403,0.8006259148685948,0.07298344676305552,0.8792133263739794,0.06545928456280321,0.7414631730838008,0.9686401311899482,0.6951369476911324,0.0016887340543547957,0
0.9526825546608024,0.6396450564759167,0.8530965421204578,0.325379818128992,0.6276456610362242,0.5670656715886343,0.40124614221879085,0.485553074824466,0.3534933410850596,0.641029001295438,2
0.8927642381632517,0.4133579300324274,0.4655714895014702,0.10583718360135344,0.5793156777431167,0.09157100252376749,0.7902178377947247,0.7640492586413672,0.7983332524024301,0.762084370755489,1
0.6112115888024667,0.8185604899664006,0.4310319097767947,0.16920588148183247,0.9805865479679642,0.47992346683072623,0.9604596318935749,0.7094087741693168,0.76964633971881,0.7217513652978138,1
0.16982361083222255,0.6179293760785736,0.12999403372030371,0.3137101331981203,0.13234816255573373,0.5952718464779915,0.7443116795856758,0.14775521917818144,0.9727149871496683,0.09761037151781739,1
1.19471268874854,0.25791906228935535,0.2792348967506173,0.7482054700586827,1.374115598880385,-0.12687590274100607,0.17062763618888577,0.4727394951319329,1.500719127273277,0.29529049197535895,0
0.6406887882125182,0.6721779396098758,0.9003279320968279,0.5868029394628438,0.8453980808297461,0.8888979017864553,0.350920972182958,0.1590022685153033,0.30060092858767845,0.3457112638424455,2
0.49297745574089086,-0.006633707663626266,0.2511230379052577,0.3448986154865834,0.28239133236993946,0.6082278314349034,0.4055343029855618,0.9374135157110921,0.3639724628848072,0.10589742949577913,3
0.5085750520009772,0.885462702750345,0.3473438051615623,0.9412278362065292,0.9044308377352839,0.6603509338052971,0.9874914159105658,0.9426069995488722,0.5024223154206424,0.6313885059778606,2
0.5259579968604311,0.2491919763139729,0.09114027077761538,0.9654835370122171,0.44296902248398434,0.7547030831643995,0.9584062342992394,0.6899695974232144,0.49742244242254013,-0.015575268501617327,1
0.9333743804458137,0.2263399297631559,0.47292191059060856,0.04222492712624975,0.9381471660496777,0.6411810176960203,0.9786306790686542,-0.05678982284465736,0.20402378217915512,0.3913588188388516,3
0.5958935089288355,0.3840684533034035,1.0519931958358604,1.1588984855191575,0.022658351233650315,0.2785254316387262,0.12804648300973878,0.5149181331900237,0.16469228634027286,0.08135560569118094,3
0.1082403175738466,0.45350082348604953,0.3196052103685786,0.942779933582066,0.5834095437022061,0.7744236629037883,0.34590041392813825,0.08919729944501596,0.1546863511296438,0.07318567183466887,1
0.07135877057442588,1.1465886772217178,0.2596449680705749,1.0647386141602022,0.8302456166885965,0.7503870146898624,0.9749885274954307,0.8109560130078761,0.167331841564609,0.2723673009354113,2
0.3902972654901396,0.4721385441861411,0.16000945181172638,0.6902279217849423,0.7663000254566524,0.9595053614769742,0.07539586737564188,0.6584763723418163,0.9594841468104747,0.20607623677570452,0
1.0795704340380456,0.41940810492726366,0.2169133451828434,0.49908580991114626,-0.12638932554037768,-0.15594796872343597,0.024452113258280228,0.6000372808278236,0.19102228001296884,0.7751395716335557,2
0.6178065293587222,0.013980398367363641,0.6068971370574715,0.5640297546238411,0.6229299546334032,0.5979385778032016,0.046329445218746636,0.6333773357838763,0.45369606892367714,0.7336019308075986,0
0.1641735882164249,0.8931310742643943,0.882519435024057,0.5379273691004929,0.39384139186125283,0.9026110256366483,0.21119927588234041,0.9796152391776125,0.01061987387471041,0.26416991971722825,3
0.4748582324042031,-0.014094418107858164,0.9557349440253493,0.8504885863673203,0.4560939671373932,0.7937994379885761,0.2978181724808382,0.051206138752358965,0.6700302437569597,0.5533745103287686,0
0.9224377494716789,0.9028648610207074,1.3061614077479426,0.3772074675335174,1.0297920418252005,1.0869245872028,0.7677651748088752,-0.1792740450683129,1.5729452389786551,0.27355871993986625,2
0.9164840767914229,0.45865195169520695,0.5706989279899057,0.40325803469704063,0.5906964521701011,0.8155412290007495,0.9702227203341756,0.5658990997580826,0.1693279913820043,0.23327652283190786,1
-0.04056591872028639,0.2103487589545799,0.46703687532959015,0.4084158060666178,1.006786185201392,0.4631587347497152,0.31787276433127204,0.857948532425684,0.7350447336580885,0.5049043039013367,2
0.9346411429420436,-0.00013667959900484639,0.9032119439047047,0.7328118642965803,0.866317553442464,0.5876967475168287,0.06198475010650767,0.1776730852696027,0.3653992832775459,0.16505663968495965,0
-0.021203086709647993,0.08227381433847569,0.6423501861878371,0.2642597050217921,0.03392875105245861,0.20555062417572056,0.5762979253053292,0.24755882689787828,0.6672060893366029,0.7506953145138822,0
1.0320695735740353,0.4578595462657566,0.679335399810545,0.21482554557462266,0.4819071951588808,0.48773014756554695,0.35484503551835167,1.3410137727998181,0.2518591977169018,0.04726408954283087,1
0.47747767363882027,0.07151172627924016,0.9335491304066088,0.884056665387577,0.44854299831169225,0.7830281992019479,0.2611918523228422,0.11051884904201109,0.594181056721973,0.6365183550790428,0
0.15082081643085932,0.3253987269816735,0.6819591511327612,0.6490713394368076,0.8869927172413923,0.37381546496785945,0.6518526610628412,0.07112614707671283,0.5361859562000564,0.7821668107636737,1
0.6132212485293849,0.5778204500775349,0.6201097514742617,0.6362076542292636,0.21248484234241014,1.4219435198583241,1.2871400702585998,1.1240393533382103,-0.3236068212764296,0.3847981109978657,1
0.3077472627208415,0.9422833229252049,0.6589125947538438,0.87418861505627,0.4789143039727633,0.07263175479104814,0.8742290936832188,0.4902590925967239,0.32267818374128115,0.6274074174561598,1
-0.038604668987563234,0.4476218856798378,0.5070477592901662,0.7598179401686813,0.8658582553134025,0.8844139203968872,0.8439062135033333,0.5382013935452999,0.6411935239214221,0.0777332620681841,2
0.9151525833960517,0.5225964518631274,0.7901368633052351,0.11163933906542742,0.7179985478565074,0.5445609560667024,1.0453599700854308,1.1606977071590903,0.9951196994040619,0.8197580930913405,0
0.0339144296115179,0.3336259166811155,0.4695255827147493,0.3862271271892544,0.7668673588173908,0.40517901535050294,0.8620622978257723,0.3105339202693171,0.3785476503576398,0.8329792113249224,2
1.0540299954482677,0.27697786681630243,0.9150942424385566,0.8212342987134986,0.6203231351480172,0.4684116030938744,0.5638599830477871,0.4272710310544249,0.4711492583070179,0.485770434018933,0
0.15435666098304826,0.5864168793042672,0.05438455122344893,0.25268455610738133,0.09272968312478888,0.5170802918758788,0.705301975243764,0.15519921781823834,0.9725746335850103,0.05059795587681291,1
0.2492365356610323,0.15681686230672895,0.09215947932734335,0.9695403093025589,0.3477264969060046,0.33721105533674944,0.39533538193419204,0.5326943050453251,0.43491126640817046,0.21491659068474142,0
0.030429219102669644,0.669692573531495,0.0945347880391341,0.8860618879093717,0.08309957835489198,0.43670053011039445,0.26212415203023715,0.23385601785955176,0.5115932680538373,0.8226893015457207,1
0.705402081772473,0.21974775117929643,0.552377104192999,-0.02260216671293186,-0.0255903866209648,0.3964651279487176,0.929724118421638,0.15423726904278473,0.878600906572411,0.5463896772439694,2
0.09900282392788069,0.8315140017745885,0.8241359924414672,0.8251161075007114,0.5253852746692553,0.8011398460308405,0.15325566256675893,0.8472216380183574,0.5857216162342325,0.6074956425341215,3
0.577583227082473,0.4671166854564581,0.6954059972964199,0.225156064331044,0.6352470525973585,0.5809846654677062,0.3880622311996897,0.7915195021402629,0.8155817280059433,0.2953235907160373,2
-0.45380328452059115,0.2992811958523418,1.3148999946340951,0.07017174980351915,-0.04166465630046709,0.9576141393439146,1.135413513203364,0.9679761422894699,0.7147436598019499,1.326288154540342,0
0.39610442174875254,0.23470321562998295,0.2826238621656329,0.7517926680747274,0.2685792932481025,0.2960616543431225,0.9530556124695515,0.0527332494526052,0.7692826058087486,0.20920271793869413,3
0.3721291452296564,0.33627727234465365,0.5895447553518265,0.03184929722995211,0.4610224320483055,0.7589932102221308,0.7832422852396304,0.09315297127522915,0.5691948449326323,0.47783193815929204,0
0.4401332153335164,-0.04513854975539966,0.6573576982888197,0.41198490430001866,0.8952027991743848,0.218107225320592,-0.3399570669183566,0.7814548818915239,0.4336205687387072,0.6541572183667159,0
0.13008408712729652,0.4244364031965312,0.39681843395246175,0.2162998968179256,0.3858006893132325,0.9803694204297337,0.9732628467507243,0.5842882532501363,0.3079173641606246,0.6827446907038242,3
0.5204642725821368,0.5495023038045587,0.9069050755221195,0.8552731044713532,0.18697430493429715,0.13135851271717103,0.2675126370317675,0.690608234489638,0.09800958296385535,0.24358366356803512,3
0.07053070009385717,0.7927859185803017,-0.15138102028876263,0.25294609950732744,0.042533455083868923,0.5896538695269685,0.7485215072152621,-0.027026199489964736,0.9664347615975898,0.10753630807219823,1
0.3042432250013609,0.011153958967856127,0.6423752819158476,0.2750481103472067,0.3270542245511526,0.9998596081303753,0.103107856447907,0.8908997465018902,0.23827123974328124,0.5003177477479237,3
0.5611323135610377,0.2814220225180135,0.07928616910643954,0.993660830801247,0.43997306612895537,0.7867645829087326,1.0032263520435278,0.6509445254963842,0.5031298349119425,0.032491432706215906,1
0.4770717353783644,0.05185449210401895,0.9490483388318531,0.8672480893056684,0.4580999622650853,0.7654627073038266,0.24571658847258407,0.09718576348400333,0.6092542605565007,0.6195350729628982,0
0.03727452112170021,0.39022355477576626,0.5900616712575886,0.680779499261533,0.988648354036461,0.27361140786123506,0.6571940080189013,0.06821693469854637,0.6569900121814309,0.8646348827583639,1
0.8512105973143089,0.7663202251144622,0.6257742092919958,0.45570677231274864,0.7564167733747053,0.41470994410849543,0.9651288005551664,0.40032785102569013,-0.0709864710010839,0.030243200220355523,1
0.22630631825134184,0.679382812965982,0.13241564355557311,0.23900534711243032,0.09237149957054534,0.38561083826688647,0.5709268511536602,0.21276169796408156,0.8570713717799557,0.14867674760202695,1
0.7818219723336564,0.2922099215039866,-0.037046775739570215,0.3897645065947807,-0.14910276521529184,1.1584202180902838,0.8248898716913848,0.09538985739604164,0.49192128890818493,0.3346556390915012,1
0.5369851634199044,0.23754952199645,0.6320382988906428,-0.25810992386053844,1.2454183226936424,0.2540809124211987,0.5291137640436382,1.1638040485638135,0.5149773883069253,0.5843937601731366,0
0.3268012236764974,-0.1262140933497855,0.6499555613964985,0.2474985876720917,0.4502209756439464,0.5890348797749161,0.5453147800235689,0.06476540319614275,0.8167471284979803,1.1198820553793931,2
0.061395436705680984,0.4238584359527547,0.2612379093719033,0.2917656893348758,0.7962686757009355,0.5548831866851136,0.3728087031681959,0.8245661394514479,0.8527997231819527,0.496202268045225,2
0.3952378850641925,0.15008073267723215,0.4198204292414853,0.17041755177980505,0.32550527319041134,0.6656750328713993,0.588244823518418,0.09442125691838532,0.7132970144210306,0.7135031985748723,0
0.19538836960471262,1.6470040815191695,1.426948535163648,-0.12906456760643648,1.4167602541347768,0.9332936812511767,0.33525340515230295,0.5876529368388492,-0.503567395655523,0.6446492628032032,2
0.4913020981738965,0.33530391432365136,0.49282445747966636,0.5957943814520458,-0.022829515297367126,0.09574875809684538,0.11825385608656233,0.6933367379651882,0.6294896769949904,0.40015109598902693,2
0.6299160733455476,0.8915731967466198,0.9842384675149094,0.5712866558934017,1.0949914975123471,1.1965556318019681,0.2393392541683295,0.12441604056729455,0.22779133824792125,0.5293406198987733,2
0.8514177470276018,-0.010098270389518771,-0.16907037002382522,0.9202044010639941,0.5632721121916122,0.8976286095620327,1.0614700119271772,0.37376712230734344,0.27327672075212633,0.49787546422121276,1
0.4152032732693154,0.1720274532144951,0.8064730826308648,0.08158228178374344,1.0134129587173049,0.7401719024417939,1.0416755178610142,0.9181423969307348,0.8466694915892585,0.42860543695793446,3
0.8899196704626332,0.7632427481438072,0.7926952587714533,0.08292731570703835,0.9738749110310116,0.239056170912963,0.07969231758730821,0.2123843352477619,0.9451631573975819,0.8399540981005038,3
0.33067841396878156,0.6594175169613715,0.6189087219840441,0.9036392669014774,0.7882378097971849,0.3176636465207592,0.9436660531412503,0.7958731219796252,0.6101607533857222,0.1281835463006669,2
0.4763213005209366,0.2389738640779307,0.970730537390532,0.8057811680201871,1.631509759223534,0.3332665526089945,0.33315631227354114,0.47920703799844355,-0.24695242951344515,-0.37517439603985014,2
0.1314272624648768,0.1948507476559978,0.29494862816848855,0.7175050827784529,0.8616509323682513,0.25161708346682243,0.4260116736346433,0.8248788035780088,0.6326800519400673,0.2884655350252554,3
0.4337432272510593,0.10940320822772193,0.5841992789229122,0.9473585278831168,0.6808654433714384,0.8865378239869003,0.5464822370217974,0.28069663442971343,0.44238661507641747,0.7101463038558833,3
0.9774344129765327,0.35901969960854463,0.4566391994794491,0.8642407373491332,0.06386632504012509,0.24147123096232748,0.8720533673472749,0.5210235231563376,0.5766941901795754,0.3383038617865087,1
0.3720292471136667,0.35016783033075,0.08602372413108966,0.469274940352696,0.5860084035734928,0.5841709117279111,0.5264727051393702,0.2917920450912043,0.7738848295377596,0.26648369674991457,0
0.07124368992244762,0.13110336281945498,0.2572643566764801,0.27389877621735886,0.8194723868803522,0.5187199370932286,0.5491357590331891,0.9154628678823181,0.6669950177786043,0.5493815160628146,0
-0.2704460127229422,1.1354027703668768,0.8135325210351301,0.293075187930905,-0.236714167117906,0.041665581034176113,0.8180601452013636,0.9314108998231371,0.7300481857046669,-0.0427459825908231,3
0.847968849062008,0.16287104453438916,0.6448011276014102,0.09702860132859967,0.5206769817088599,0.39262081454791353,0.1982500655638248,0.9383128379268059,0.9225553342583868,0.8156299651661675,2
0.5105599685461607,-0.1989897461921673,-0.314795859623959,0.3425321331168525,0.33916634427924225,-0.319096200339415,0.17116556486132856,0.6874229047238031,0.8426192111642644,0.19547790494335923,2
0.30646083077193365,0.622993694256464,0.47761201423448985,0.9997078548203903,0.12382304303517294,1.0293913335901745,1.2052071425866027,0.8767954216282767,1.042650778657372,0.5897685097613807,0
0.6164415972708582,0.7029490906622307,0.39037623947328925,0.1725381383987334,0.9366313334339648,0.5293242541044437,0.8759431252563927,0.7179602622231481,0.7821774593217201,0.6438125017958994,1
0.7585363652631925,0.8805893575965367,0.49526041326310355,0.5381115305250426,0.5720507015978458,1.238154082064461,-0.07107976563773438,0.5678221779188827,0.03267379118901928,0.28027740635222076,2
0.07853236345001471,0.8999913894937271,0.45516659019875894,1.0041051928550164,-0.04095483839348721,0.9984190692996655,0.6217942119289874,0.7601378083630644,0.6302498145486823,1.0070111843548453,0
0.8477539017380956,0.6572578927953127,0.446647861348999,0.3804331776812249,0.8522266978217002,0.4676310290925505,0.6741723248407079,0.6643282705361144,0.17668862950099953,0.879975035820754,2
0.351056853189318,0.23967928137755157,0.17722775571665583,0.20116150465519528,-0.24021214788461953,0.21920110786496766,0.19982477443959945,0.07767093765524619,1.2944901647960396,0.33692723032408955,1
0.8844614596855296,0.12022756663080394,0.43305721753907334,0.8904598675332932,0.7268152239493378,0.7516094678092841,0.5606128664592661,0.6508794848845013,0.8180176660043019,0.8134555706906922,0
0.9162260406810281,0.1374598909131169,0.19223883990913052,0.5827331860879201,0.5008569588037286,0.456709858033548,0.7200351521411806,0.8362320793513124,0.8816538281837025,0.18039059713241595,2
0.991275346235704,0.39256268680969186,0.4068538344315975,0.874406542429216,0.0249245378374187,0.307252541817718,0.9281024068407797,0.524778932924213,0.5397760369534047,0.32795629120220177,1
0.11195407478989967,0.2737783930882789,0.1457831579220111,0.4491591137453471,0.9144925498803358,0.3299650131028361,0.5317001278688589,1.0828577326965967,0.8043321822750525,0.7346938285497558,0
0.9732012267096282,0.48041679748598987,0.13941778744634256,0.2895390821515157,-0.015407335317160431,0.8041095707229334,0.3648894336605367,0.5151046668725077,0.3087907085011878,0.6451598472052547,0
0.19702468378987367,0.8604035029143368,0.4658091669893475,0.539176396720079,0.20498935686048084,0.9285191054531998,0.4623440509665493,0.804598038079338,0.02629383635490519,0.737619428705422,1
1.0046233176809614,-0.047692959259800716,0.3281609584975919,0.026442318162205672,0.7430477382990294,0.6164510695708041,0.8870056776982411,0.05497788049492517,0.207868543189349,0.38320615920493095,3
0.8407709497543675,0.7658444546247065,0.7415132883675043,0.0662258114993534,0.8912655381614225,0.14588084591132916,0.19007972268295778,0.22891135731092405,0.8263889652800879,0.9374041485663764,3
0.3460698544317743,0.16688578055077968,0.36441597680976406,0.07935525288609986,0.38541790355201133,0.7344012201258842,0.6644611380670171,0.14286220729181462,0.625960223704058,0.7788157007593186,0
0.9964615724545274,0.39766026107054164,0.033541656114683835,0.5035703211283735,-0.1078759289570857,0.894556330777778,0.37603216898516206,0.4462133556832441,0.3437286675876243,0.5470527196984754,0
0.6844935857851668,-0.010373917483190838,0.7832068100169842,0.7284594934599357,0.9784245800974518,0.6884109189583407,0.5763640913195082,0.13654904198701204,0.20620078113153456,1.1418741117160085,0
0.05299071111176831,0.21973425425762844,0.6975756471086925,0.5896030102286233,0.32659224571491907,0.8507836224639255,0.5032432584249125,0.19647095937645978,0.33299708056478544,0.02950650805935534,0
0.21233968323597735,0.03783251943392482,0.6179448300690169,0.20481219329491954,0.3410346840541173,0.905801724304283,0.11769285522794401,0.9200603274207572,0.14444567954208953,0.5124490415711174,3
1.6244420236943276,-0.684564758978713,0.40166916343464976,0.11728299588138463,0.6515597704865779,-0.01658670853473415,0.8568973908465775,1.2057187736113144,1.1288731872604136,0.46280817647426825,2
0.25769151244303795,0.334366238639369,0.18053719866885015,0.4673913402935931,0.6487146815354522,0.5771366246928124,0.39419865166222967,0.3257804778319846,0.790735385160069,0.15208824418571323,0
0.4881819686733866,0.8926623217827665,0.36675524624641653,0.924185410208099,0.9169622044003111,0.6587455502023752,1.0026235541217245,0.9280344293247307,0.4996963590500509,0.641944257455691,2
0.5903268672221459,0.5328485430577772,0.6867116706496493,0.22930203247446856,0.6114596739954408,0.6270201571277276,0.3340539144153945,0.7677224039751106,0.8041177378472755,0.3481335426048605,2
0.5232146397600856,0.22106573463036272,0.5034570641354872,0.8052057137930804,0.560417509413299,0.5561546603085769,0.24355245277222404,0.8150990027473373,0.7241775242990591,0.7724474769975957,3
0.22020612109555399,0.5071453724048823,0.2808427343037259,0.4153580407457728,0.49368891653157404,0.518567609833706,0.2531471751362085,0.7278144813927538,-0.06775146843893985,0.47132129239533155,0
0.8392862890135689,0.47234964660531176,0.7952747267734114,0.7529434369993974,0.9627203719434994,0.23221937034841633,0.7656566739004145,0.7700384870186294,0.7221473277911002,0.888007406222996,0
0.4224496819145159,0.43189399972046283,-0.017525951101837633,0.5842191726210059,0.5704351042795773,0.6641197115524873,0.46259702491288734,0.3573474215908669,0.7656051144948125,0.22372232931108435,0
0.46213109096100324,0.6178693977885783,0.16969892738790307,0.7130393941729853,0.8748657335147189,0.9576078420394953,-0.063064256040119,0.7191248849850014,0.9314882686901975,0.10961583375523906,0
0.11832901478312875,0.04585916898035567,0.4514209451384433,0.3949712087959915,0.1975477285262394,0.5960317022185225,0.609754998484688,0.3807382992924287,0.5112588630549217,0.22017480410270768,2
0.9724750753310427,0.945142237579453,0.4085523261549792,0.6772042024296413,0.7907407689087216,0.7112025852068605,0.4372645878568715,0.14106603393348613,0.40925242873029555,0.48420488836930387,3
0.8775006721357745,0.9560521983290343,0.8873849049522282,0.521270813892634,0.7300800598765405,0.7144862291769941,0.21200176937837892,0.8571634988141371,0.6007057248353774,0.4796695082718262,0
0.7190714844155182,0.6568818832654594,0.5409459391001901,0.17572533598996906,0.3881610928308309,-0.06686040154709624,0.8620540308641861,1.0637441951848776,0.6930890081391184,0.7916290401159688,1
0.005350005526419448,0.13002123263655027,0.6005325776305679,0.2778145692172623,0.07205595292532595,0.23138665571229494,0.5272591723066962,0.26981149239383745,0.7045819790669481,0.7483794037179309,0
0.6691160947033631,0.809075508321687,0.7635678180958098,0.27626437408097604,0.7113680292228841,1.078724143590914,0.5145209942178531,0.12226764320777242,0.31696662997865893,0.2710636139161981,2
0.8389895694178773,0.1056237261571239,0.22919696434291292,0.04845116607858717,0.8883099273746817,0.48641073516428424,1.0104806590214324,0.2307240223015122,0.3630380282379059,0.3462028577177025,3
0.7138787037254073,0.0565201722823795,0.5682463953427568,0.7408705317727585,0.6656763142232405,0.45349778771557936,0.3403282207989256,0.44772159191005734,-0.077741227012852,0.916993496691251,0
0.40034130378530186,0.40656008372547525,0.6901911428397848,0.942976810709348,0.9352794807125864,0.4812735843815105,0.4161974977038938,1.123534164457802,0.44151248520713066,1.0340494961882987,3
1.1800011467912583,0.09332815524263642,0.7183980758965601,0.6046162562585269,0.8681039695393913,0.2086947715592492,0.6698647821444728,0.3554111845889543,0.38080782416998926,0.6492684455709297,0
0.9979521974448652,0.888241155425711,0.8388185956830937,0.009684205405702188,0.7080640455620681,0.11537077501576921,0.1880398946669528,0.16670123313707597,0.7029192192378483,0.8668751624214247,3
0.05082091206842282,0.9711796305280043,0.759951590266272,0.8378764958066186,0.4463897621507366,1.1396167811122155,0.570231805392907,0.6764519601023014,0.6265012695890585,0.9977386105895576,0
0.8200468020273151,0.7994306667006817,0.7231202337939321,0.03869248612520083,0.8805154552587284,0.13838967608113886,0.18065252009470018,0.21190081849102943,0.8085821234780103,0.9316863525674933,3
0.041601555089111224,0.8950546319548905,0.48201029368074577,0.36787118173877176,0.6408718709688621,0.2112638030164748,0.6207384196855044,0.2558177788428566,0.8119220618422976,0.2960619613577691,1
0.36197364628412115,0.7659157988827004,0.2295080081486932,0.5155581086452982,0.5091222149754482,0.3155326315398345,0.09018970101944963,0.6753479928439512,0.15377282691709893,0.44220632224942963,0
0.5068971035822827,0.8045425557568021,0.35547068587021796,-0.005847872411806579,0.9924352521702214,0.4906264251089378,0.6763088862965245,0.8610341949280538,0.849545584019858,0.7964539808863605,1
0.33259519850813035,0.33409143751198556,-0.33298663679284285,0.5626711742090115,0.35101956926821304,1.2137456441410324,0.6700829793156908,-0.20707982822126725,1.2625147678445066,0.1411388276922121,1
1.4041303637315237,0.1426927729217665,0.7016424949209095,1.1259785835864884,0.5455555705261232,0.41504287100604903,0.7355835006033323,0.20668493929287865,0.3025111614185547,0.9066300177562218,0
0.30749843466934706,0.9727491355129969,0.40838124336508813,0.4015582672061739,0.16144524978776129,0.6202085034529339,0.3723102078743009,0.5555337167112014,0.2880338272382868,0.5697369667106895,2
-0.2605648803363368,0.6479750579956532,0.2699789935270801,1.1181094810529366,0.6092948326106686,0.5993088292331864,0.6522282862170846,0.415982914050942,0.09674111791591594,0.39042922020867465,2
1.314872290331176,0.8999154569207901,0.288973885409654,0.8837715034045468,0.45899275054069627,-0.09989327051910374,0.37826703270641127,1.0831366731615362,1.1991213977187845,0.925159016044728,0
0.2692476952757549,0.8120340916869914,0.5510716055478534,0.8655739806405184,0.06864438576710301,0.9535067998964355,0.7153465646518313,0.8862662774923,0.6851088737669,0.8506010183382299,0
0.3436006088716583,0.8747321986216151,0.7251888644864777,0.7392969076262839,0.19476194985551115,0.8429023221334666,0.6418840645743074,1.0775075648691004,0.9283326272669506,0.926684675596265,0
0.2524685380038154,0.6623412441849791,0.4282269601067502,0.40204026276714483,0.3101819676645716,0.4010781181174239,0.24710208961858562,0.5667044835630852,0.12949045286795102,0.3766194905836427,0
0.40598072758167647,-0.012752521654579518,0.6960740739582737,0.2788803449752091,0.8941188972274178,-0.02354022395880293,0.5469556327621544,0.8830056330723381,0.7864185653408166,0.1753112277478092,0
1.0210077880902282,0.6023922556500917,0.7078497144672329,0.6563180716974549,0.8845600706436207,0.320033306563832,0.8978429232387287,0.6127519249723554,0.91788625004492,0.8855850921850722,0
0.32360338370692016,0.024438233333938502,0.6296319974194898,0.2983184140879757,0.3741618711812541,0.9017365512030517,0.13424975169860903,0.9604652150483823,0.17723484965100364,0.6148017335065179,3
-0.020194232835078096,0.8568108047324747,-0.13315235575039844,0.7520901997602066,0.2829740204296935,0.7241336165834495,0.5314112185089159,0.6351262139905176,0.35586439066232073,0.4405599520052762,1
1.028036986341103,0.9165255310646955,1.2108614119938745,1.3510875327302192,1.2902363377888317,0.7503634573736504,0.7666216962246969,0.129365442708261,0.6043213530501037,1.2725015059807474,0
0.5046799936794142,0.6387033153214704,-0.175635702885709,0.3006337315269956,0.6356760203407347,0.44098413927821895,0.07870095385831674,0.3650178778079624,0.525826253260163,0.47241281083831466,0
1.0933991548160726,-0.08721410528328427,0.3659157325098856,0.22585876195514243,0.57458803418216,0.9338372486003752,1.335021278082053,-0.08800356493066575,0.5370937994603567,0.3964861961883947,3
0.38372915132091834,0.023977305844551638,0.9549864008657827,0.9374092698243087,0.41541481366442207,0.8555527801506587,0.2464929434831479,0.024239991022233787,0.524320258761777,0.6508751047474011,0
1.0174456894003747,0.5148232215395252,0.7175098286563085,0.515059753695677,0.8779989468676096,0.3634670110109993,0.34878968700291363,0.6420719115237864,0.3900701286481396,0.5851754684799577,0
0.8613456067032639,0.6985992235419349,0.749448783781697,0.06514275019210239,0.8009365644423068,0.21321379992520545,0.14064090581193586,0.2005016915191413,0.8106522241435962,0.8329418662318657,3
0.5444867264170388,0.709026464175439,0.8686220666687728,0.8514809945894442,0.7200965607964388,0.40001556731882976,0.4250980454289575,0.39569261843888115,0.19226095274157665,0.14145506515143846,1
0.5733813992686722,0.3251195536381661,0.22657787072636912,0.35671589514257074,0.6163451129455383,0.4114340403011219,0.16298968812991282,-0.03167232579869195,1.1484070669049324,0.12838906080173776,0
-0.0603532229555892,1.0010164925585503,0.5311601238397082,1.15056066935571,-0.25972950971634146,0.7482653329079048,1.0003372918089557,0.9762441280632967,0.3095426193277425,0.6067023680993759,0
-0.027679716069092614,-0.035881008213086485,0.41929602058525023,0.42292810325622526,0.715660613490255,0.3415834884179739,0.7324774854627338,0.8412677594169143,0.5148470978884485,0.6469489877727028,0
0.0008575585653084472,0.5599727320565024,0.35426310805403605,0.49554621645695174,0.6413182593795621,-0.03474519417263111,-0.37081498684096037,0.5574297042349421,0.8285869757559317,-0.17060378633755868,0
0.8946542942747564,1.3938616883693173,0.2507321290513398,0.9732656949093565,0.11538814443175416,-0.29160766856663634,1.9081332797209707,0.8110137087138992,0.3457167823424292,0.9690665004677412,2
1.09924938604219,-0.14114800553143203,0.605769059301917,0.18907178301500038,-0.04087929236121174,0.83396685815355,0.736197324432581,0.3695189387093196,0.03971394936189866,0.9523290893335076,2
0.8805194087241798,0.7413757147283462,0.8106012931084748,-0.001835231964809364,0.808981200291746,0.1682623985649957,0.23004477255855724,0.1786124998797739,0.8637930082892432,1.0100162060895317,3
0.9188224031229552,0.3075790045844185,0.393308089760856,0.776865943441039,0.08177794626704533,0.20740669388768157,0.7762878051402646,0.4241995888233394,0.6669402493249053,0.2846119011021534,1
0.6715490791330598,0.23647825477452528,0.8687954015639446,-0.09337526465886539,0.7165059412070123,0.8745505506927332,1.0640986314316334,1.0175999793360022,0.8548704911881239,-0.0744582950483122,3
0.4428018177130043,1.0153764797732676,-0.3829634526647957,1.1449092378991765,0.5534907963729447,0.6216255731977965,0.8055225201050992,0.4752237067205547,0.17150071773937722,0.7526218312122634,1
0.3123430654924283,0.9769567011664935,0.017529486310782594,0.5702717714305834,-0.04426888056373379,0.8788290770043308,0.7189612093935019,0.48133564762562814,0.8140107671252319,0.6842557398051136,1
0.11327111259434174,0.11608738774880045,0.2822592202185651,0.2561642129078495,0.8119202112572704,0.47386447203605975,0.5679691022336192,0.908985576195276,0.6805682316331619,0.5378726517238285,0
0.1373174799438046,0.8541894997483069,0.5022600598389823,0.32435198983278063,0.6977665457895089,0.3138709757866289,0.6730752589709434,0.21856590164364342,0.8284155409681014,0.1789295074437115,1
0.6360584921644327,0.5897689065877687,0.6254475244828399,0.32344419304985433,0.6429299947006003,0.5792490768968559,0.35872337528396614,0.8647118196873682,0.7265200261721322,0.380537745476122,2
-0.045005246463319035,0.8276624181478603,0.8918106057493099,0.2702021540439694,0.6243261997906424,0.2218682904279926,0.45442728978959773,0.13160363237588774,0.8717720379518221,0.15774568145074933,1
1.0455853470602317,0.5887131326204574,0.6532522569128301,0.5033068721931788,0.8799496585682778,0.3027704574794032,0.38978378385281354,0.6508215831209196,0.42467353703676175,0.6200554108619255,0
0.2676557655740747,0.017240457677550336,0.4705917416300805,0.6680183932087539,1.3520703296036432,0.3679063458654428,1.4402431505024056,-0.09352023750403121,-0.3840858076508099,0.02837009315281591,2
1.0485502962161037,0.9761248513197834,0.028336434367062513,-0.30375135834909717,-0.511645516646329,1.3187856456452374,-0.48772182871811887,0.8219959448354811,0.43729795370515007,0.30320912678972006,0
1.1710074707689153,0.6170922579610578,0.7983515611470666,0.7221493561400883,0.9483781419499315,0.13481734109778679,0.8933532665670354,0.5210359235553118,0.774980829672023,1.0967848030851426,0
0.3101509509143931,0.9700394802271032,0.40997049958072235,0.40291772462442166,0.1656998993726513,0.6243120756050549,0.36975742783906246,0.5564891852873295,0.28626408102038065,0.5688846644115396,2
0.2501123798956161,0.08745168671363002,0.6383267221720869,0.2492193532405145,0.339529185131741,0.9068042602962364,0.09304936897730308,0.8824904731990106,0.17637722629288788,0.5444420146057882,3
0.05091242870890679,0.18724048067163307,0.18986277486583247,0.2874142590506675,0.7335423115321208,0.5902628198619937,0.6546769070079492,0.8491209472526601,0.6361258412287494,0.6587410550237653,0
0.3175033708119435,0.8554668096365131,0.36453299993458294,0.7862699391509431,0.8615446719921205,0.2650846023131334,0.866355810993545,0.9703052161183466,0.24823219465248592,0.37957059419712375,2
0.9811041626222601,0.4423269437240222,0.6477263789037175,0.6560683354131388,0.9037057080769704,0.3206868358959046,0.5059195183285083,0.7732070690523626,0.4440839185062493,0.6824251841770516,0
1.652878314471005,0.3062116183830319,0.8280174878061505,-0.05165649326334221,0.8488813450203962,-0.24048009308325102,-0.15494441053828256,0.7971872570819498,0.8930935648209468,0.6180002087552079,0
0.0471033023720694,0.0308980737565427,0.2989261329122619,0.4291139897694597,-0.08946911988650993,-0.11738417024607684,0.19752158879140996,0.4964280465803163,0.8902543698132774,0.725951562617656,0
0.00979427788684726,0.8304017976710927,0.5491656010369227,0.27279669872755163,0.6279094525986686,0.11113035214467293,0.6358010564727089,0.35596273448718785,0.7428622034842556,0.3505853912740512,1
0.49516157655819965,0.32429746758281514,0.059658738580843085,0.12038461186982843,1.1108990366780411,0.39412698499725696,0.6911552807277216,1.0213285107389267,0.0036573560164416263,0.6397893921725215,2
0.04705843840264689,0.4428466421474373,0.5704960441965992,0.7064297176467256,0.9229298310676791,0.24072511512888867,0.6379424453370479,-0.03808751220440784,0.7024967298316638,0.918168384743772,1
-0.2029996373504266,1.135753454763605,0.3731857938804788,0.6767554304562193,1.1349648627592026,0.43611100018560006,0.2030686047410027,1.1147215548257008,0.0894672003591982,-0.09757917207748996,0
0.8983974051620466,0.11061326611889842,0.192117113833155,0.1712216282920329,0.8069396370320764,0.7125823507298897,1.162750904504575,0.16291040786171435,0.4241988335592972,0.4706724806431512,3
0.702000627925087,0.45137511823777227,0.7123735533376799,0.9542007258257518,1.0404900758205078,0.5646734786189457,1.1218119113765126,0.6361803710868486,0.9908199439384056,0.9873949330142413,0
0.9365952843764493,0.44181772112853457,0.1637461407827527,0.21382067949783504,0.6751321665356032,0.3920939987216006,0.9143980112568891,0.9274018124490402,0.43952258942370614,1.1886392700737267,2
0.07008433008528903,0.23492434479933005,0.6999466861931771,0.6174287813944359,0.25636927014769606,0.5752753843592706,0.4029527925040839,0.39669803698127437,0.4264181284150508,0.43921408818425667,0
-0.06447589327321257,0.5538805254820612,0.14404661842896532,1.044379601915933,0.4502625012129111,0.9145218947670084,0.8197203152062482,0.4989916272982424,0.632189760468042,0.1441239340908072,2
0.32207117623273596,0.6253222372377187,0.7073250907073275,0.28161237524328986,1.003135094037017,0.5473397703060636,0.5310544644387781,0.49606613165307845,0.28218942009487846,-0.05029574602696633,0
0.9591989420080046,0.4780959992971505,0.7773500229222469,0.5050231910371338,0.9448903863533027,0.43136884469021913,0.4153993622246287,0.7306673261600872,0.5080735957415687,0.542996589296886,0
0.1658295443635806,0.7500758328072192,0.23019827755270697,0.3240176584139698,0.47235951622171757,0.49184753360625355,0.3599561189171561,0.7834868242851809,0.14647787094262577,0.45515487510290853,0
0.07218543918976994,0.8979298682584144,0.9078371842286485,0.30200583862323654,0.7145721556958332,0.20780415569948757,0.48231958322422147,-0.016564248035773554,0.8202822117803571,0.15485860487349878,1
0.7734515331280691,0.6409092502009887,0.7996128475990245,0.2717178546410908,0.3955233473409122,0.5880472697098604,0.8385908321124838,0.6010803416987344,-0.012826978011725831,0.20415034737270782,3
0.5915862905689208,0.4398843294770895,0.7510719776073881,0.2331511126524294,0.537064243298352,0.6549115828594513,0.2673134984954766,0.8149155453722249,0.8813893436588695,0.3434661137812694,2
0.4438546536504048,0.21916965982755707,0.47055445641508087,0.7037235676010312,0.5746664191471182,0.5686426032332174,0.18967359517419405,0.77326766552699,0.8273701944298512,0.7550448084548298,3
0.3893403389057854,0.37898025811774533,0.049836411320857574,0.5036133616977273,0.5621843449245953,0.6222241103802137,0.5145605376874263,0.2754028332532523,0.8115984113366987,0.2611894304492362,0
0.9856324508015892,0.5290414520831204,0.7188737519748206,0.5363733528766033,0.894772630526401,0.3929055159315173,0.3435626898925157,0.636493327014438,0.3760953278943211,0.57726242997942,0
0.24494860373968114,0.49890714834582395,0.6713124322915924,1.3360285128707083,0.03279773602662861,0.9464412108847998,0.002751749898230599,0.31617667890500334,0.5843030627976398,0.3295744849177765,2
0.19509162758887705,0.14900530334294101,0.14837328126489632,-0.20880544775787707,0.7595149709538004,0.10349617653944886,0.8021759024415906,0.7895493606638372,0.9382678967078275,-0.16423086423827726,2
0.4304717662594673,0.7101219549034408,0.4523732033221039,0.7066438552653053,0.08509275786104525,0.4562800787045621,0.9700498483706554,1.19691405133621,0.5085783956461274,0.18580911345892054,1
0.030765082180235964,0.9207290950438696,0.9832517574202104,0.2252594955832186,0.6909071008148473,0.1297638686340786,0.4582481409462572,0.07712017737704399,0.9038051991454452,0.1195800417888214,1
0.09156500072362234,0.010011567117979582,0.43538089419639686,0.3973432926827785,0.1831621219623288,0.6058515434791091,0.6357735878795521,0.3717789284239614,0.46133082584435103,0.2666589207852338,2
0.048212986092597214,0.8467287815203072,0.4471750371509803,0.29366074116698804,0.649416823379384,0.26329223360132786,0.6499951189890416,0.2158484954955568,0.7993679159070682,0.26217576797182507,1
0.2925999940381639,0.6384822587506557,0.050692564508726445,0.3419616202924995,0.902254576961844,0.08000510610969078,0.06989321703404316,0.2575990610098457,0.39361920481416307,0.25511373159627676,0
0.040473027036823345,0.8726092914969786,0.5088271502693548,0.39543216956016963,0.7695050582993033,0.2928839110187375,0.6557125254213466,0.23681913433173918,0.8079678228625962,0.23811654895662798,1
-0.0381413240627517,0.7564136326807438,0.2538671570369272,0.629230243243654,0.5341989844014421,0.8713885213324501,0.4532329551976292,0.698397917771192,0.32776935149428044,0.6995073412495714,1
0.9259492207399358,0.4934708510686792,0.6540014989835863,0.6992193281457046,0.8540261843717943,0.19449268092776184,0.9281586364205288,0.6462474999163664,0.9637342887665433,0.9272179583213565,0
0.7621948496909591,-0.04847240963290489,0.33924788465903993,-0.011862669381010493,0.7308334563087107,0.6112055763765809,1.0372342953454263,-0.04599714941233064,0.11526541732601449,0.35371550894001214,3
1.0102843326617426,0.5315475599397935,0.723526742359943,0.5446257151841961,0.8904485736664087,0.39654470835074734,0.33155558967586,0.6217427549837963,0.37553405721243427,0.560805899195566,0
0.84442150454061,0.26105731090682444,-0.02519548550342235,0.07738010597271186,0.11063698171534225,1.1032392489430876,0.6545795720807651,0.36770702174852604,0.07443053169967101,0.7406603936838236,0
0.14065490566279681,0.4749397749311569,-0.4261496977580841,-0.4348679108104555,0.3282197089108845,0.5674765464521428,1.224140429727254,-0.28791489299303097,0.32687482356840786,0.8615214891470967,2
0.1248942488808619,0.15185708445152046,0.6695796682097334,0.8479520184831897,0.06026383081535108,0.6986081038930985,0.6877257856864025,0.14921071053952897,0.3439060751895766,0.3915349722311627,0
0.6667246744380851,0.8088245977458222,0.45893033367744973,0.01960172517526744,0.7784645486769907,0.40423156260798965,0.7772530796329429,0.6982009690743177,0.7546636199752285,0.6432768628809759,1
0.20028997564653395,0.04790904464319253,0.42484400677109485,0.4148243427394863,0.29351453827936447,0.7113832678638594,0.5600940121953781,0.27322267296654107,0.5368376054593562,0.24229729838931977,2
0.8399263214653189,0.8041318323279842,0.4749928497958916,0.35327430844203955,0.23175381563768715,0.7622327010930802,0.24464557949717308,0.8790757475510234,0.26203962934774505,0.6961743978927868,0
0.5877309640639095,0.4697058764368587,0.8666213787879833,0.4824537584942443,1.0600978984064617,0.4176553368696207,0.9772684751685862,0.34555552504725784,0.8925473053042735,0.08168236947946277,3
1.0261816464924578,0.188586450015638,0.662157398967393,0.9399352453091693,0.6607435180421283,0.5749965592816735,0.35616661201146543,0.4803500262086633,0.6953775300890289,0.48819382285159174,0
0.26718396262958033,0.2170883578915181,-0.25457106920324574,0.507546490150387,0.8170115618293746,0.7351810939895359,0.7264869213458015,0.3457956908842161,0.9564876314808307,0.40311112569518126,0
0.00841438878404955,0.9298995258064952,0.4537843284610034,0.8857127502126683,0.8129641215262129,0.5247181769240885,0.9622025589979748,0.6892014440668605,0.2040555255678664,0.1334148738663522,2
0.7716900255329532,0.722356078544407,0.6158087137372283,0.36130648410720523,0.30584962039776453,0.761394562618601,0.1860968090889491,0.8722296972972362,0.3899829697873352,0.60153544120793,0
0.8546548659953098,0.14145326667635152,0.41015696341576574,0.8565803462996201,0.720408014886481,0.7386836200994971,0.5996504444651934,0.6322352944421182,0.830506510323248,0.7954216210420402,0
0.05304265101116527,0.8931565375421451,0.9900366211156157,0.21081456557281172,0.7137117934177237,0.11771354228941985,0.4520287110554157,0.09887435643602921,0.9199419900722715,0.15999769343663306,1
0.8054990354073058,0.3762084413189605,0.5792531654566853,0.6550513062152288,0.4767961581540017,0.7289137962259782,0.9062980560763496,0.3516150599522812,0.28091207558094167,0.9803544083181079,0
0.07171458825047725,0.8992414955092889,0.10931463296839784,0.52980674022412,0.46584026511219634,0.6677446014464508,0.7238161746228755,0.7918194721943927,0.29940384027536693,0.44231311100974174,1
-0.05445948726918487,0.20244953560982398,0.48851135360055686,0.20590007066655497,0.7416549560999521,0.7177446366969342,0.2905279029485349,0.9986894787331856,0.9156393300289398,0.8279529851740819,0
0.27929288646707107,0.23199360927675367,0.2478072352674171,0.3424471872520284,0.34045860901935965,0.13291891642158116,0.5788393845903708,0.9720293089524323,0.34455840799650034,0.28330550613281774,0
0.8939464534946739,0.6614776249491194,0.9749840061534698,0.5778122958358815,1.0588944558737594,1.048045844741978,0.34514982205178096,0.5278999167456897,0.2269285731234862,0.5417765287606937,2
0.8185235795771068,0.7038694220602724,0.7296002058323985,0.38939124347704185,0.9734475801832114,0.8951964965595075,0.3864465207886228,0.40328350388769696,0.29180578775518407,0.5215092954030154,2
0.42769690735544863,0.6505338070540924,0.6353405478525606,0.7099094253295302,0.8237610637880854,0.5324838059126701,0.5801530082062482,0.9477173080967036,0.9267020259536685,0.6653514744737803,1
0.9055292532933888,0.4842759517172105,-0.07042997256245195,0.3595041026344067,-0.032068693060055,0.7360209284496845,0.24753932697857384,0.5279456878291114,0.3242881504566336,0.6562880660251613,0
0.47861236540308705,0.5156314376756,0.12458542021225578,0.32661875129616574,1.0537522054325938,0.0686053517231878,0.09789482511635922,0.29746215937113185,0.22618751804225573,0.160356091462579,0
0.005102815675798733,1.1440045524932683,0.883023936758319,-0.2486893225154877,0.8283187228116692,0.9751543217732316,1.1668800428833401,0.8760619024921988,-0.1640079418476244,1.0219496104528065,0
0.2610941828002823,0.04374952820859402,0.6594124753992702,0.25159759081121547,0.31058000341583025,0.9349703410533756,0.09972149991575942,0.9032417350721685,0.19299453307249972,0.5588483096931335,3
0.1619114158984616,0.09807485482615741,0.3799946059875823,0.23366042578799331,0.06880212315910188,0.30550691821341336,0.6065488553253786,0.8077168936507574,0.7820478789176727,0.5061370037905799,0
1.0320005871119893,0.4230193318655312,1.0042731569506023,-0.3076452925030567,0.4387193631364053,0.08434487987575323,-0.22065086363862108,-0.5084585485229125,-0.4575563513825943,-0.3023378148313606,2
0.521969558394638,0.13444007475275302,0.7314350736840344,0.08098354676183904,0.9263976543204285,0.6675237515215731,0.8681301720829454,0.8507187909448302,0.9616911645742251,0.4583384088072713,3
0.9721069039477497,0.3539379198491777,0.083110950715469,0.3173855031105189,0.11947184449825139,0.8552445243423848,0.4201747402448559,0.5207083386469389,0.36654328295513605,0.7632904540182345,0
0.5190744582014635,0.8978273174482297,0.37961234165931834,0.9096867324699799,0.8850347702575685,0.6628645770691792,0.9899336917407291,0.9140846307559554,0.49826768502157975,0.615310411353061,2
0.7708399770696215,0.026403962181274124,0.5783805540191752,0.4302967585633598,0.16025218630370908,0.7639209996297152,0.4011893430179313,0.4756471861843319,0.21758417416942832,0.5674542975955453,2
0.7448195523720353,0.14473177238686769,0.5471405349354502,0.2680980010977835,0.09360691997418571,0.6593853200704057,0.43175336996536356,0.4721699886257746,0.05033796121328172,0.6946153893532478,2
0.2312038315074957,0.02028986561927506,0.6448087623460601,0.21537867187099372,0.31534893905775835,0.9485205881510144,0.10205992047419354,0.9301743320856012,0.15398455126544294,0.5053159998269373,3
-0.15471413889780294,0.9859005623855647,0.5762410194304195,0.5421458113497595,1.097609828871775,0.1445372951024116,1.3442825230691537,0.17312946188853573,0.47325837077616506,0.4787821673074614,2
0.07991518636057088,0.4119059325319606,0.568003241649065,0.7116737228342959,0.966959224809499,0.23174810305866542,0.7242445468874472,0.08877867701749742,0.6955832531162894,0.8581619877157779,1
0.06303586711722844,0.030794120978285655,0.8109089990478067,0.788102186620507,0.2989387262179164,0.6339887046665128,0.5003698227842391,0.3064001253988591,0.590754095194265,0.42856350612549204,0
0.4626176234587224,-0.17934649598410113,0.9254617285670039,0.44533586929446944,-0.110431726584514,0.6285000942142664,0.559967938452175,0.5718555480637167,0.6587242896623444,0.1499800078572806,0
0.2218722793975417,0.15493995439025576,0.3972561564130146,1.0479528916074061,0.7937216245378964,0.5368214377324502,0.22987736017699512,0.4770188300010148,0.5503508220495017,1.1079259020452645,3
-0.4823148968605423,1.0566358944573262,-0.06736672478361683,1.3947666968143526,-0.0202448689732459,0.24674919925810246,0.017835832339426316,1.0593249826992068,1.100444362984536,0.22677018473353772,0
-0.4057466408804227,-0.12032023229036498,0.7237831880758839,0.9396411809603735,-0.035523955750650316,0.23131674462654306,0.6332428419656295,0.8724573029497893,0.01617118759845637,0.3994051603032588,0
0.6599662255615186,0.5291331898397279,0.704621253466457,0.20278260859258096,0.6299596502462962,0.6225460551959586,0.39618534297275154,0.8214584293198054,0.8381449646492356,0.41444593867173385,2
0.062308193402543,1.0828592250253533,0.45403819315969773,0.9110229585302104,0.8790436269684208,0.4681845166130123,0.9386986867305135,0.7191346168339955,0.11310581537525202,0.2878972268214428,2
0.25432349327197473,0.15285714407444817,0.09178895363359603,0.9688741263994618,0.34760029957788274,0.333270684669366,0.39544631823967696,0.5340814281029316,0.4362462082725238,0.21892066661555531,0
0.6230788343799645,0.46283035474560463,0.9171310206760385,0.47458934355946025,0.990593955532505,0.4703449411286397,0.9762554401113176,0.3466854999903743,0.8722890479006781,0.17541436810729616,3
0.3766194045177524,0.3821681243835268,0.04139017503106612,0.4560664909238231,0.5360047795139028,0.6030928779711966,0.5848821290711927,0.27024234332238867,0.779763150323465,0.23966637431724974,0
0.6171758564771115,0.25813906499010525,0.06598393388595161,-0.047413888562340994,0.2848333843249044,0.12389219750850691,0.5391509586440706,0.2507627848296239,0.8048260802524173,0.10039302478313875,2
0.674938066517777,-0.3508704197047279,0.9216751052318085,1.0151158335580768,0.21227153536463705,0.21988417326715493,0.5681492872132823,0.4049417045699364,0.5539983563200256,0.023723355318696848,0
0.7299090780106805,0.726039214092943,0.48245632204723554,0.23557765703995237,0.13042110602190893,0.7695100445380064,0.26047101734352984,0.7591714449427449,0.34137153015091826,0.6768170049084509,0
0.7793935356912332,0.07624110126207467,0.5638195671520766,0.3407068770959526,0.02722325671946907,0.6585836875137364,0.48341031964544,0.46476223670976824,0.04383894330640743,0.6681416882741575,2
1.0448618358211865,0.4289440652287385,0.20497444273119514,0.4568741083076656,1.0649094093201574,0.6078840455635417,0.8146188790225666,0.8793832759846459,0.449753214741507,1.1364030231265836,2
0.34194711303916764,0.9807015410510436,0.7640595664252576,0.8257037225054388,0.2976777360845443,1.0560356426058972,0.8236921491103051,1.102848415550415,0.8413852143892878,0.6553916670968103,0
0.6048942931773947,0.1432342896065945,0.37265250764968494,0.36787762659232115,0.15203868150176403,0.8308005181257682,0.8291717436775508,0.9570774911988581,0.1532543221117989,0.22948388271595183,3
0.8311669943913091,-0.027056993120554568,0.618743611596202,0.5838719782075703,0.13947531836161803,0.4577297382516254,0.5648276334584663,0.6205613830308597,0.20770936815566615,0.4713167492399265,2
0.23541878612430822,1.4017696719003427,0.914939619736763,1.6753611911243516,0.39695199601431846,0.05290684247072197,-0.14409690619794663,0.03662271673203585,0.2766348377372238,0.4414215804139751,2
0.2881324353865513,0.3202927305924913,0.8856069405099807,0.2054751190580627,0.9464074224353556,0.633061480759143,0.8423236300224453,0.9391739871617696,0.7932636800912884,0.3420644832723137,3
0.8386152104138066,0.17602143665188844,0.6954140753876813,0.270717355700604,1.2253227789469219,0.5246300422157808,0.7926495915299704,-0.1121242816015412,0.33019378745647293,0.5051921873831831,3
0.873818894470399,0.7638324676300445,0.848498668856813,-0.023011625091864912,0.8738230492491337,0.2691091300851513,0.11000587295737059,0.32129742097348696,0.9154302019756869,0.8789862567430926,3
0.06183202997391721,0.5434481017399349,0.27583920279913965,0.5612332668791877,0.45729442051821867,0.3157632680606899,0.24358194735771133,0.8278343245962708,-0.03864412044729938,0.5251060451487627,0
0.24996173560893795,0.15666369406907005,0.09135307970518565,0.9697397857521327,0.34906025320700057,0.3379342908854939,0.39666917059855217,0.5328983218410992,0.4354029814174811,0.2140053553773534,0
0.7113508549753648,0.7918597932998028,0.24563681440515295,0.03887080786991413,0.9160236781539978,0.4108949914109669,0.9397806507922835,0.7311890021339547,0.805746498454578,0.8044643724477027,1
0.9957188232248834,0.17199881225326452,0.8172913164158772,0.8130439493004935,0.6941312578178837,0.31916925714087213,0.4527061474781577,0.3900686304038516,0.5121564531123509,0.5877417797858265,0
0.1092768177764977,0.8829397746148622,0.5355383792867592,0.2577220355129757,0.7082369959041936,0.2936259065650883,0.5424859007575438,0.24872984165407314,0.808294445001163,0.21053226715716655,1
0.298300501936318,-0.008374022264567758,0.6790903763920931,0.2285675930768405,0.26222493540122693,0.9144431682252484,0.0758288678311325,0.8782990179836423,0.2370066501655432,0.5091493926728046,3
0.310248905042154,0.9716764084918469,0.408726784286454,0.40031404413318217,0.16717303582346338,0.6223560990372593,0.3722628010206479,0.554174335291386,0.287263649970545,0.5697204895180412,2
1.0609404002505476,0.2896065467126825,0.7060098128091572,0.6849823612603707,0.8443756130903379,0.23925172225983599,0.7181071696401676,0.17825490540982641,0.8062829120808118,0.31522412817879925,0
1.503860326654759,1.1917043445327686,-0.4389778998483713,0.8347603687743612,1.0775911436334662,-0.6441677903328803,-0.9046708798022823,1.1601319324457944,1.0905994307280094,0.2342916728692325,0
-0.14529942900346265,0.7481955512633088,0.31216884725519956,0.21371812263197126,1.0128339373509176,0.9040705842585546,1.0465311176632823,0.3460514633702429,0.4936174553249031,0.02487532254236649,2
0.8921493786007157,0.7005190421630599,0.24945473447289185,0.4996292399599313,1.2282322792586113,0.024864120280921304,1.0993829673984634,0.8061232868892649,1.17731436603224,0.8747353411171539,0
0.11106257356586274,0.7514144196661614,0.11540235650317873,0.5636202414831721,0.2715517283707521,0.24933530716583605,0.09251493835101293,0.936424194347577,-0.1202758336537581,0.2944334026788483,0
0.9954979448842103,0.3370177404188012,0.07167958119862837,0.3480626986400256,0.15050772695846418,0.8959569646462074,0.42277243164238787,0.478526622026898,0.40428102805213756,0.7831655631920257,0
1.1178247762576796,-0.061118651759266174,0.2633450191245059,1.0659674077252428,0.25139644822019275,0.3228107708752904,0.6718512434685053,0.4956920166202768,0.7840271228660588,0.6387860918170174,1
0.6202058402859004,0.5099033461061924,0.7084564512418738,0.24939617211001494,0.580264874670897,0.6411414391174182,0.32992527954790624,0.7659496569571573,0.7845198168014398,0.34751487786996704,2
0.591643162787778,0.772146180996831,0.36411245999905584,0.08218063164560824,0.8949594303418911,0.45308968410222583,0.8823624323135165,0.7432826531826757,0.6987256771603368,0.7163888589850745,1
1.0218119297929,0.3097880848718826,0.4871010485750499,0.80058166845837,0.0689971617709163,0.2380926073153807,0.9346023318430701,0.5088782596326614,0.6203016720337133,0.412223738000671,1
0.6163468197777555,0.518561642622362,0.6761740384617819,0.2755664749447685,0.5678104166087897,0.6010310814134907,0.34633433941956576,0.812817829069809,0.8117255838356694,0.3756406155065141,2
0.461219671429234,0.6651240961492606,-0.0004950926784887399,0.1459018736909683,1.3232705558970357,0.6956355200400227,0.7667341140376167,0.7287481943819184,0.6437205648760522,0.380453130749026,1
0.7561600947778603,0.39333380139872987,0.8697934680206052,0.39029674885546806,0.929500133774139,0.3866903230462927,0.9519866352491917,0.3002654743061211,0.9253266776951897,0.3198181969920368,3
0.6822543532845378,0.4760090116341434,0.6203131030604236,0.2319266612329562,0.6216361577658398,0.6923925740829238,0.3299161643056917,0.8595646636712413,0.8660365707640636,0.2861738135257982,2
0.05501640470063421,0.0863710148183422,0.6579167838422265,0.6419279413442612,0.17781741483032953,0.4840781113628277,0.5890302862014162,0.37401930838160813,0.5306335575271411,0.38661485004527113,0
0.8235049777298975,0.23683681389429512,0.9675060241007574,0.7161180277081913,0.8568920651248658,0.1888764804450974,0.4479475454678855,0.49275956130014564,0.513639765535914,0.40411843686076926,0
0.4052994376346955,0.664528409744673,0.6457330901191861,0.6445168779398357,0.813052588705452,0.5140722529903586,0.641516841356095,0.8900664370783969,0.8462743845215968,0.707725887894149,1
0.30785124683547954,0.9718705522629698,0.4083951297640601,0.4030620777563435,0.1637471552225819,0.6241358035805742,0.36824613362447095,0.5559898803159057,0.287388520214695,0.5688351956939093,2
0.8437280267336147,0.7722115086868915,0.7254934848739346,0.07379269137643449,0.9063083099090056,0.1438354518707586,0.21537310236792706,0.24204402825032684,0.8351963988424984,0.9328428395561704,3
1.081952871580108,0.35241415065315873,0.06022005893674795,0.18935071913771645,0.08494466951983355,0.7639194619317089,0.2865574524171407,0.4530664409341568,0.5058349369912508,0.6068201645233978,0
1.0840286277013536,0.4632986505796459,0.4847100819457926,0.7180744080345702,0.1628014165311733,0.1767615094362094,1.0491301590192808,0.6669135097159371,0.6327889032246635,0.27893633702883835,1
0.7806231284272315,0.7356735370441744,0.51870596451836,0.2676112252868736,0.1926461324188137,0.7201930227190361,0.23781614123989364,0.812155947148774,0.26536597097113773,0.6861762839473842,0
0.7020669945940095,0.8796272337880082,0.952962676736869,0.5666285643759263,0.9412443859617843,1.0910366221365846,0.6155363118034797,0.23807718816712434,0.02435175221822103,0.17180076170256492,2
0.41591811099092524,0.6082451528994903,0.6939928147261432,0.6284498783291713,0.8941000912121944,0.4544351884261072,0.6744008611011459,0.847676702032813,0.8985248379739073,0.7192619858184127,1
0.07144265410321839,0.1713440888106467,0.23612972073549449,0.24208476722268063,0.8115376752112513,0.49276485179616425,0.5679957065493884,0.8633434419380206,0.7462398284578889,0.5618941046283995,0
1.0819290168474267,0.13142912540295984,1.280037478991266,0.5638013996282878,-0.2940144991803417,0.8309784769111537,-0.15545416606150397,1.0577878735365118,-0.17640777168686056,0.6490624043614589,2
0.6677602443845059,0.4816005096536259,0.42858431588468165,-0.03774152068071246,-0.06117856780760078,0.9437298498565004,-0.010835710953068456,0.5390423968329288,0.26343326892708796,0.8405200094310031,0
0.24222381749024596,0.4339566893474678,0.17985662919792111,0.6197483543913664,0.5766098980687454,0.7026225459449882,0.5222303315606263,0.38121659599178626,0.6759832660162096,0.33642390242196857,0
0.5275013174715185,0.41710295346935233,1.118681310190058,0.6421513843767279,0.9509498770049765,0.6332236308696554,1.0776573554290665,0.17705946222662833,1.0823090368036434,0.014301644106630568,3
0.10665134667431676,0.14323100188286322,0.7719852718984317,0.7144157054028374,0.17554783729178292,0.4992054296132538,0.4827648133795341,0.34476178287223325,0.6198126421598684,0.3186466487058112,0
1.1345098875804973,0.4740236683367707,-0.07724158529257491,0.2159949920580228,0.17376777335431068,0.6858956122687052,0.32596230759236333,0.3430201746856322,0.4311827311050833,0.9570056125522313,0
0.972001544807657,0.9601411473259491,0.41307081155812064,0.675301274933302,0.8026360506590456,0.7087721575313869,0.4366216076571939,0.13637423606861926,0.4198588978636093,0.5147498685946449,3
0.3344672230802792,-0.04499037987640524,-0.05070552981969598,-0.2864262971845155,-0.2515729380472268,0.1667519378770258,0.20794548090588688,0.17683847340118194,0.9670342727721648,0.6800602772571669,2
0.23441143946774223,0.0912601895826194,0.7146240488556761,0.302074511302047,0.3496701025578795,1.0034252078830153,0.005128944705989125,0.9215074326593682,0.22089907628673208,0.6033992587590133,3
0.24961227189258545,0.6479022541118047,0.37544696537133027,0.47948918982073874,0.44447412710450723,0.42913989360707017,0.107235627425448,0.6603226207808637,0.0804708874609337,0.4847162702260367,0
0.14394426451951958,0.05292437191985364,0.42659520553517466,0.4146178486893205,0.12162495718785556,0.6158562623298975,0.4997113698243609,0.4981575182830651,0.5849521361923754,0.14844407734990478,2
0.6929968095684645,0.13128940388191201,0.639791376907016,0.9373837093933768,0.4292777252424815,0.5132364885618277,0.5779811917857651,0.30734346006728247,-0.09854834276746745,0.688104340747678,0
0.3263196176170198,0.23961554962591738,0.4499106632216068,0.9519912515702287,0.2237770164548304,0.7590826046855522,0.5386435165388341,0.6713191090480309,1.195214714251255,0.664631583102041,3
0.73485385137927,0.8779562277982002,0.6461881997384762,0.7539432983318286,0.4205351058780499,1.4006670404049473,0.6286230085780726,0.4062374361301243,0.16156792598831704,-0.04227919125424817,2
0.9765363290554424,0.38735173476888196,0.10952573745255609,0.2365649810070754,0.018573704216352196,0.9489491819528053,0.4296891731734453,0.44057420114826185,0.31711754899943767,0.6880185352751292,0
0.4854432976211209,0.704192501294265,0.6152346006767361,0.7101021729032052,0.9128899280026087,0.5402086139397967,0.6807754665151062,0.8675072077758884,0.9351060043782832,0.7297268774982613,1
0.9025308625821203,0.18294176563313752,0.18712475462546319,0.8364852876657848,-0.18986056006625357,0.2452262986592581,1.0900275481984094,1.0414674927472216,0.3814840123519226,0.5936969594735978,1
0.11804456710900206,0.979025552167132,0.32781837715032036,0.2216084406484164,0.7716948820602477,0.1504627392928496,0.7350358776792173,0.25432594011692367,0.6648006613524401,0.1427563277622835,1
0.8750750099212986,-0.05834649458634256,0.4409276176449762,0.01310860837934362,0.8823568986954752,0.7764024310895093,0.9652447376633069,0.18122895111041454,0.3006074918042935,0.3674633596721263,3
0.045199308689283055,0.7925404554353774,0.5218122964914341,0.2665298866879114,0.719994507460959,0.174442727848876,0.6190849913124302,0.17666868587834755,0.8491004696572132,0.31751721643925984,1
0.22870476348815905,-0.011837380492402738,0.6227529567922262,0.16127211021808605,-0.22342335847598072,0.14250167854445972,0.8514915096132369,0.956046318673587,0.4543584273865233,1.149308096271957,2
0.8485257105992574,0.5437047795130598,0.5292132318152563,-0.6449726117125016,0.3209708617354226,1.0046571125055794,1.1466192552050996,1.3540792195995874,0.7276381380648376,-0.5235894666086588,3
0.23642467069137968,-0.34100027963947555,0.05058422377538154,0.2925796852162844,0.8164029793618052,-0.015170731576555643,0.4995937802205381,0.2529610137755187,0.5736381688652543,0.7395118456417641,2
1.0562715756538616,0.02053017458204598,0.8664279779309394,0.7412905707293852,0.6710994289369583,0.23586678643093945,0.5294385602521737,0.366991670200964,0.5817752710458364,0.7410915709329509,0
0.1264022622985549,0.6644945729895461,0.45860208689474324,0.40689798770252766,0.4835707456215278,0.5079449389687538,0.2934351318352617,0.6434620784443149,0.08110609645688908,0.43008767458801167,0
0.06311327129717655,0.8491303711102725,0.43648610249042924,0.33905786641826446,0.6764405301334254,0.2509131097624389,0.647196510280425,0.22673511705635302,0.7693846548461972,0.2691352360831297,1
0.7674889685913123,0.7311897619686025,0.49221302232500375,0.25228993380492654,0.22232557781384327,0.7289619665119267,0.25354163080016373,0.8030491268668086,0.2667534226949495,0.6869346245688881,0
0.6068552019422606,0.5232367118590783,0.6908252763038089,0.2606084765036749,0.6241979776620511,0.6113345428724023,0.3503929874549921,0.806444337956008,0.8361979586732428,0.34424082822904944,2
0.5911231981635388,0.7609220657374203,0.3802850525020427,0.06364966988819368,0.9195290106160371,0.47031251138912594,0.8515199896432896,0.7884296237813776,0.6916065023585993,0.7295561191385613,1
0.9379510985161424,0.5910890032798903,0.5866427256084363,0.7742220363416789,0.9255209422400682,0.3215332659474535,0.8550457928398769,0.7022389596528872,0.790421451590893,0.9289398028799177,0
0.30529753771434054,0.969863678772276,0.4092573339012149,0.3998611352912299,0.16496531028480643,0.6196888467375942,0.3692047602344664,0.5570272639355185,0.2910935932854489,0.5696808903050072,2
0.4106938969820447,0.4811421303792791,-0.002038907996343195,0.47358897552364215,0.6742650925287828,0.6095870680189162,0.4132142877334416,0.37585775450708847,0.8920193581890061,0.1565555824616469,0
0.3785562263850868,0.3354547924313554,0.055138998005641954,0.5156426731924775,0.6108725978818714,0.5655678872527169,0.5472988186393498,0.32630559305541146,0.7680376193120959,0.23656070310003038,0
0.20369237216556063,0.7876452885015875,0.5215129289468644,0.8507255058100273,0.10100875709985414,0.9832362295123441,0.6864959015221658,0.8946522231048216,0.7373803402228065,0.8992706589837051,0
0.8370858722182235,0.19494794392665224,0.4259068126822056,0.907191484473014,0.1748772806351343,0.15755699855590166,0.8983620910661514,0.6454472824484737,0.7045153349958501,0.3832314861852328,1
0.07149209055567843,0.45410482875524016,0.6149898392167776,0.6441950932282096,0.987332475865847,0.34581957610842423,0.743521780765628,0.027824619263317155,0.7010173562823092,0.9427276150854746,1
1.0837969848052418,0.28894519644508,-0.05384505008270818,0.32446648443209747,0.0032113306136642983,0.9219039477896942,0.435982025764003,0.45825589373248143,0.454391713811492,0.7354892167112378,0
0.6322831514137781,0.7480833693337317,0.3219700711217537,0.1333576541465209,0.8468001293140515,0.3596572500029928,0.9001726165060813,0.68822328642026,0.7871251315678178,0.7694889972008422,1
0.6361353554268172,0.45374790056303216,0.9165512922280719,0.4879375034280279,0.9934765780859739,0.47153156388867523,0.9749171187805206,0.33684559313080986,0.8630328714306322,0.18950977786538484,3
0.181327827386499,0.33306084418961823,-0.010547079726553998,0.14823536073952628,0.5237747297715194,0.4010945860189894,0.44610674640452885,0.7649742043001528,1.1608652478635189,0.7473141378093766,0
0.9893288178305006,0.5319720769914479,0.7377137828625967,0.5229422296500396,0.9049445958585065,0.3832633156239765,0.3510724459779967,0.6309821482212503,0.3981800260675257,0.5712363909728967,0
0.046329342949606424,0.01842527132220461,0.46515382743518663,0.3684206478061227,0.1829189986929294,0.6140959319090089,0.6955186120594102,0.3328878542136716,0.42101202014035966,0.20733917895235934,2
0.25068631661302504,0.04310441630429021,0.6670822921261881,0.2465000998288379,0.3121688668069648,0.9380230698660351,0.09629090614317048,0.9065373407063035,0.19708386135369746,0.5511891840173442,3
0.12797310055622274,0.09006741101261323,0.27206533346832956,0.2784673993156824,0.768724388991774,0.49370828221985485,0.562197352432088,0.9166726806287325,0.6498249650313778,0.5890042375723715,0
0.4910843133225943,0.8866552034861132,0.346857882726823,0.943180041102216,0.9177031037003907,0.6509978079817134,1.0038537727219636,0.9268202884301446,0.49672981194617405,0.6315543184592414,2
0.4650771320485325,0.681515306813176,0.6603549641208699,0.6624526341811451,0.8437873756752966,0.5290771317926157,0.6035252604909233,0.9390693122423759,0.8739612894009087,0.7112906247270184,1
0.07270118510314796,0.1326860824170939,0.32015582643969276,0.2157926703503747,0.7512236062166104,0.5448172913227882,0.5834047209078146,0.9705129520295138,0.6195880660484342,0.5315334913294475,0
0.33863563081660675,1.021579418384475,2.1273239978908687,0.6899047603836287,0.49900865318412163,2.665757448580485,-0.3623281546625988,1.5237072295511565,0.18465791942837775,1.154567707577425,2
0.356429973724135,0.35313067822204297,0.07338535695001829,0.49378898452241093,0.5782721751413087,0.5893773429773276,0.5340563596715536,0.3104397983729194,0.772197208191682,0.24400137219168844,0
0.2565456161772299,0.038132933640883916,0.6715707475172547,0.26774654021632727,0.29679169087558577,0.945498976623799,0.08535691973223634,0.884791163118629,0.2027565999813435,0.5624804541729638,3
1.0350519480146696,0.10377662228059925,-0.11061162885292994,0.11910430945379485,-0.01133010012631408,0.6553296018453775,0.3115716507523888,0.7647248781453003,0.12836447079272215,0.6861064546887647,0
0.569437530338947,0.6695983066690674,0.6212976549831208,0.28787943867245847,0.6873254843311902,0.8735133681592666,0.2814136355751658,0.28379753286565945,0.22255216638921216,0.42835315330905144,2
0.461540381712823,1.0289581483139099,0.23486227316350228,0.13605187781400988,0.04776146716218507,0.9942136656224465,0.4996461658305713,1.1029429611731092,0.13380507541796854,0.670927788054441,0
0.6455302404999912,0.4653067376462485,0.899234875535173,0.5082921764062127,1.0126816642556173,0.47729654718276787,0.9571793480118562,0.35531577566649963,0.8812365610577034,0.16617797580749574,3
0.24228750030741555,0.03679835937960909,0.6556887476354806,0.21436962294331532,0.2800357731096691,0.9450392490877496,0.08555630563347727,0.9023377939054069,0.21055585352120504,0.5366164208778195,3
1.013610840667337,0.15296112387393415,0.7683692085080138,0.8746388239845816,0.765212952078953,0.24327854270131294,0.33910077063807287,0.4436378993464203,0.5067084669063215,0.5375888886100608,0
1.0856717062435572,-0.16865462405362527,0.4712001540487117,0.18386364947894748,0.9333269482040115,0.8618072028026397,1.0575511757854772,0.17408551349574408,0.20580270251073485,0.5353393193368253,3
0.8175004244836217,0.6854276886377393,0.6362041082218663,0.2385821518753545,0.08100388923542713,0.7655388463254625,0.22299091258905884,0.903314331474723,0.40672388438800366,0.5693585464566805,0
0.8562519517926567,0.15405296139678104,0.41256880003038543,0.8713459843065822,0.7218454497215984,0.7492788579334402,0.6123415070849081,0.62069286513649,0.823626875581006,0.7948618417646464,0
1.0318929827451262,0.747074748377031,0.9483751752371885,0.18897248114278253,0.9488739981399078,-0.09703854341400223,0.48562584417626353,0.5132984076811749,0.8814952198493253,0.9892325831980188,3
1.0842533352546464,0.6887658068900827,0.670618746748057,0.8147025865499677,0.8597443552649896,0.3494789848115073,0.8306818715990063,0.7931191570334466,0.6590555090877556,1.1168989583312108,0
1.006426267810721,0.5369606020463242,0.7169168002423665,0.5149481136310489,0.8768253453234467,0.37579035230565777,0.34013946430282305,0.6073911408494747,0.4180726728859171,0.5610783702118127,0
0.662673551693651,0.5152339312851818,0.9077165476521537,0.5418008593510673,0.9581229207475392,0.4933843578823338,1.0425533683605515,0.31619913999943616,0.8178472673648722,0.19555816669935816,3
0.25790262246290474,0.5342132654293054,0.3003667267916427,0.5175238783059702,0.3204861467953452,0.32249018961596854,0.1305783545416298,0.7397048005555821,0.023143576990608945,0.3683268700643559,0
0.9946682993389958,0.3520019160712986,0.0781984349941465,0.32800353573260915,0.12348329540791267,0.8544770341300445,0.42702782951169355,0.5413795098368946,0.36024942680552596,0.7567680182519425,0
0.18287849778259233,0.5855252365201489,0.3331861632401582,0.45674571971947275,0.4019756312406355,0.41678535701710556,0.21704916388149773,0.7402131216943446,0.028478227698117024,0.44008338912580636,0
0.014561847730524786,0.8298789645705427,0.9588412242666575,0.3020594682640472,0.7705959159058627,0.09224401620347042,0.574847593427537,0.07942934151249363,0.7643956433944503,0.09276018634200496,1
0.625837499282234,0.5163140389387278,0.7163001574236436,0.2300885685669004,0.5766653047630065,0.588674010246891,0.32402223285795073,0.7698221901454971,0.7807774810403068,0.3272971484950609,2
0.060889016083115616,0.8827586665427745,0.47567613186380925,0.3368628784388186,0.7038778357596217,0.2580665337450823,0.6303948178508236,0.22882912067218406,0.7814416323990053,0.2570924123015915,1
0.5165720396446131,0.21986056094368994,0.10204594699591814,0.37263347915878575,0.3076849413630173,-0.45727750964424585,0.5337454810514444,0.1404349119109874,0.8210207106827687,-0.2705989129981815,2
0.6651950084816147,0.747595067041337,0.3800087298692405,0.12317599751905986,0.9528122081560713,0.43055953263398766,0.8658844319931029,0.8713019747329613,0.5760922796994394,0.7021898207267268,1
0.15412887185805502,-0.5388765059383825,0.5476730211098779,-0.002094420389237295,0.026662400605710915,1.190326990368212,0.9332185486191518,0.24089483504324244,0.3426097510869952,0.2633124101954649,2
0.03268578476202534,0.18084040880576163,0.29922657680507875,0.20772585851174055,0.7613628994920727,0.5121571847456393,0.46798328427649605,0.918889362857309,0.6413589764558743,0.6639830089747397,0
0.0257070422256599,0.14536176163565467,0.6913452613819795,0.5761443657396924,0.13451161604974288,0.40407770607438825,0.6288699606421886,0.21528367852186764,0.5076258602579453,0.4026283746031071,0
0.9149170034775351,0.4962500950017385,0.6862033740718969,0.5378924120460031,0.9661013260470988,0.41072630137956057,0.3599979287772496,0.5619418134883917,0.5000787934536806,0.6493988453539381,0
0.7144074395757636,0.3759924394119316,0.15005545764829425,0.5455778279447239,0.43286072896351635,0.5066871108431494,0.7371413303135534,1.1918261459228254,0.49708230117787555,0.5881196892977645,3
1.0318736901702354,0.514888010394512,0.6032131575122325,0.6768252628061051,0.7909343045617868,0.3280028302403364,0.9465403565345443,0.6967421278167025,0.8533601672563964,0.9849277757045931,0
-0.08408944614718734,0.38405262306205273,0.4815913974198695,0.5899375024710973,0.9983934981999614,0.1110554123423187,0.4738002525726234,0.20485165175346184,0.5834157264720815,0.7576228115817898,1
0.11840477582220717,0.9190756675958668,0.006440734371257064,0.6273655158828244,0.36085644477454204,0.6997756230869124,0.6447899579722273,0.689782144270599,0.3457762062502966,0.5328688714349981,1
1.4402494042852587,0.07437196169685421,1.4745062778763471,1.115585720208427,0.3079939846652108,0.48929003416501576,0.07078709570492803,-0.15927044111365163,1.162596149930593,1.0407943385140068,0
0.32819681534458356,0.5527491461460646,0.16116706864713187,0.38997868797154267,0.9784440388266348,0.16126356821386786,0.02394770592378878,0.32037882028822695,0.3173067078528351,0.26457857079102387,0
0.1140238526044178,0.1780690852474448,0.6749558880365212,0.6725025541563565,0.21976834490194616,0.5164960353925604,0.5063854842718518,0.32683174707353757,0.5336725414185995,0.4108182467342192,0
0.09128773601359322,0.5903384201454185,0.39960393207843464,0.3655872234521389,0.3114773542550926,0.3658278472895612,0.2534525831281403,0.6859519017549294,0.06767328688175203,0.45674174704821385,0
1.6950525841809225,1.0744800561551977,1.0656559959043772,0.9646193582000087,0.06192300157472075,1.241189458155375,1.0301483117692087,-0.17163055652265957,0.21326685934146794,1.3508316248830037,2
0.6026751512105916,0.5153651775036134,0.6781942059338182,0.25801431664148844,0.5922493380406617,0.6158262552867477,0.33857013883390147,0.7769290259815527,0.8107853851354583,0.363291714626569,2
0.9432726793739478,0.37397631509872076,0.0821507733165923,0.27976870119825964,0.13058850763710278,0.8322329341252575,0.4328593629349282,0.49413765998646497,0.406945518917601,0.7914067568216622,0
0.6917142427817271,0.07381278096703062,0.31450301994643853,0.08786457708198692,0.4476173979775584,0.6398689129977606,0.5165989178788324,0.7873831950661462,0.3255051263154855,0.43414249220116347,3
0.42664892914209007,0.6419622979458777,0.21422520181326524,0.11770513010473829,1.034456545561467,0.4353598955823479,0.9113568823596783,0.8371208210625939,0.8865590786772615,0.8832046777385215,1
0.10233506841005764,-0.022075899791905836,0.48310626917219535,0.4391118018684361,0.13462760144849711,0.5261298633825346,0.6032137840641397,0.3720514962709397,0.47657636876786946,0.2356185313305189,2
0.6087168643382608,0.5124922669812192,0.6910279769332995,0.24118754348982227,0.6081004266904292,0.6216512048915319,0.3555115873945999,0.7665574626368912,0.8203017688907343,0.3716701781624897,2
0.27711228290456463,0.05160835828931506,0.6765829275584191,0.22297378314624203,0.31078468445244145,0.9518133680605114,0.1053600431253469,0.926394737266646,0.19945295579840805,0.5432789464123202,3
-0.07511348512302063,0.2530136673544396,0.32283120932197257,0.3392189318193044,0.9053533005310113,1.0919812655387253,0.6256223692058793,-0.04910789639968266,0.16268166865865125,-0.12602032048945244,2
0.3076884506875437,0.9733030333155325,0.4099357976945543,0.40472552849669297,0.16638546952361846,0.6258671683692082,0.3681233595140399,0.5554204238881605,0.2839878559208858,0.5706978906963971,2
1.0989517702088216,-0.12533333793100257,0.3239000524692492,0.549189175731667,0.5219240195490138,0.5251226597395382,0.7831437311802402,0.07502097613161875,0.6209824372909374,0.7377403308606887,3
0.4963569003936673,0.867179617974845,0.3446518289472967,0.9475488569862782,0.9215702201294611,0.6350151201956872,1.0007028968015916,0.9178232534499662,0.49308396614509786,0.6392866003979722,2
0.6310595173226002,0.24029061107903793,-0.0470699557393742,0.9483455731964456,0.4225927352679267,0.869672403876366,0.48310217755872104,-0.24984198589899176,0.9034313645251376,0.16017217163716857,1
1.168165982278399,0.2172123567540695,0.5368657289335317,0.9190421245710025,0.10562210650751294,0.3220450270928626,0.7557473672601522,0.48929412917248744,0.44110842199659017,0.17932483603340302,1
0.9941540568360225,0.9631112533599262,0.38090839073479155,0.6433554931042464,0.7746029526754521,0.7327252120389459,0.3990282492423819,0.13279474578006317,0.39420737933432576,0.5215721284914798,3
0.500816160464516,0.8806534628253496,0.35571740968971394,0.9347243102019959,0.9093199732833935,0.6505447932978805,0.9899434925197002,0.934657524517809,0.5011487103117227,0.6405592153617388,2
0.3885502620024145,0.256652705673001,0.8426390165829487,0.13636017328796277,0.9068817610613672,0.662625581087605,1.0031430395448042,0.7956154715322002,0.7711341630558888,0.31887124274696976,3
0.6933698087539438,0.3961657681461539,0.9463726910486884,0.5293512223299193,0.9691991390052551,0.4884428363719243,1.0221157797412048,0.33082423011616363,0.8920141587970034,0.18671679622020532,3
0.2618366039505259,0.4200429502090248,0.2833271529496697,0.30164349624033676,0.7655736525882821,0.5941296041708075,0.40898215911334745,0.4751745606875343,0.9657653564864285,0.24060587525066168,0
1.1285679609576182,0.1168741570719678,0.5188180489555928,0.25618566375867946,0.10540701258392848,-0.39780039545498547,0.5937694015993783,0.749810449025424,0.5895345172949772,0.4935531444461856,0
1.3296739830624236,0.5062949690518471,0.15756965220353408,0.935958162357373,0.3417169635112899,0.199508282908807,0.959014926748484,0.5334665670201078,0.5981711331543683,0.07578446598980632,1
0.13360262145925617,0.8380829503418548,1.0063138851898141,0.220711030692089,0.7623028094759134,0.05725882542017473,0.3900408738733998,0.10642616116201055,0.8445872540407059,0.178902284629925,1
0.9985786232407481,0.526041207295996,0.7288920161408478,0.5292295486623737,0.8963726875153115,0.37642023694654314,0.3579680850003798,0.6244087669346396,0.401461722654277,0.5695817735294305,0
-0.24063241978237,0.7475512455100486,-0.06225153184307072,0.6783838998592273,0.33091358198023274,0.7711168781383565,0.5277331158698162,0.6454192097597794,0.6998048062058237,0.8910597060375487,1
0.8410974629605275,0.1535154740993432,0.40511490667530115,0.8443372713738475,0.7027435495039775,0.7562948269154549,0.6143235855102563,0.6196101833094108,0.8303125747092095,0.7970285387432242,0
0.9305093828995252,0.9182293551991912,0.7799527528150478,0.04192637382790931,0.9589504374551268,0.14134423748355326,0.18986795303939344,0.11970249139185885,0.9900068731894377,0.8452933009975895,3
0.0941823361263063,1.0461163462739025,1.1069395631458554,0.4399145631182737,0.4891475311186301,0.12883359699068841,0.4775035102507202,0.06436379542307362,0.8003880352287411,0.27486773439430734,1
0.3167311895491958,0.34757939565374774,0.667542601964132,0.20904216761394825,1.0830687064417794,0.5798332635180432,0.4664765494293207,0.4939351524155974,0.5691247876625647,0.17389257431498692,2
0.10306471411841577,-0.04631556108594726,0.47354532278886724,0.39822907820048165,0.1794960932019339,0.6079934339315243,0.6112357625558827,0.37319408920990566,0.4551302734559254,0.28200890645410165,2
0.39780667431539746,0.39072909780660026,0.02434432857025838,0.4943686876664892,0.5917754632010006,0.5638259422598152,0.5709670715580735,0.3076298744713112,0.7783501441469421,0.22273454552713456,0
1.03305256908454,0.4892932443089771,0.5292011111185048,0.9189377741626314,0.7116542323100556,0.16188177283923216,0.7078938443235032,0.5802084144886787,0.6915354555002958,0.7353812070089452,0
0.11131227786379144,0.08542598324337264,0.36842911518587007,0.27506071855557823,0.03977312988171092,0.3443152396741529,0.6113656093550615,0.7977724926759765,0.7302536017097667,0.524187694302495,0
0.8079630507367231,0.6966176893696785,0.6662083556040601,0.4979556751548461,0.8463284369400725,0.9628902225284923,0.3705578192681645,0.2667426880248586,0.14338732736896181,0.3412658659450733,2
0.1733622429772386,0.9263397396501405,0.028523149849864846,0.6891738517048211,0.39428726062577546,0.6867753174316817,0.6296151976294773,0.6330952224364664,0.3801698453018882,0.5866613194342529,1
0.6315658726822209,0.16230104320154992,0.3216594780609956,0.8146209027186814,0.8057198251996328,0.4361678512291022,0.34919899736944404,0.4020064246945351,-0.025145643460517585,0.9061934652232517,0
0.6218162496946773,0.5117871692483046,0.6833066897872789,0.25151935429875966,0.5964616325394121,0.6330303453452503,0.32347481653029814,0.7840358941969615,0.7874543702952401,0.3683328153218044,2
0.008615815656042556,0.4025356306447723,0.5261265447839605,0.6694631192427659,0.9821931299873874,0.2603571071652746,0.6332807189584179,0.012817902474610404,0.6666831074660949,0.8714813531180977,1
0.8242115366874558,0.875223497519801,0.38210667957353106,1.1105368469968044,-0.1777247231692025,1.4396469081430783,0.9710489396215289,0.5147850888881269,0.6538675536672107,-0.3754254615371366,1
0.6030879939214404,1.2777275998852957,0.1234757709382358,0.22419862315390596,1.6031375386067839,0.43913634297333465,-0.7117709952448175,-0.2372528550369073,-0.0038015411242275365,0.6935835360820751,0
0.6971475242248152,0.836790862606713,1.5019970667814788,1.3663067118010093,0.16933892526091499,0.48226707837187854,0.8155162860981275,1.1460618419455892,-0.2604856228261925,-0.2555526157866066,2
0.22174481006085978,0.6100263979816869,0.3043727325515857,0.3708247246214408,0.4591168892110155,0.33083072928793616,0.1345451854863225,0.6955279193455886,-0.012456930516041013,0.36808254760892534,0
0.6050879723376174,0.6220487924316652,0.7802357865072705,0.2751718549879683,0.9206608296733085,1.0191100542935032,0.41337024611205636,0.29186334738541453,0.3374336869927804,0.5371296768897882,2
0.04666158435373328,0.390090988827531,0.8114821980828698,0.29344427780693405,0.3224632949474095,0.5668644077008969,0.9615024648364001,0.4722990506901714,0.42376870837297054,0.08881990576291104,0
0.9359679869987387,0.4844417761838178,0.615227153812884,0.3901945610263122,1.0730849321065903,0.8615729053857556,0.395687752396604,0.13609100507877284,0.11429719800835338,0.23816566115450363,2
0.46748983863287946,0.243969697309525,0.7486163659184835,0.5359262135285179,0.7625384191202647,0.46558734821945397,0.36927994839463985,0.2525647635342973,0.9450913607902388,0.4169330560784028,0
0.21557307987071764,0.0343122605281091,0.6727174187054725,0.26186962011733145,0.34601846326536706,0.9121112449709912,0.12341593621618188,0.8811087587053072,0.21801729122700475,0.5228995428219124,3
0.8768563568942858,0.07858828140871175,0.35897094499834975,0.04835015261401307,0.8795408070242284,0.6492387078088029,1.0055487176759277,0.07849448682804898,0.2646010018901562,0.4043429711814933,3
0.46232423524453026,0.28366685024513655,0.3090668671933292,0.29123555021685393,0.2774602211339789,0.8091863250672,0.6825723422186796,0.937370921103646,0.2708566423301896,0.3118615039863054,3
0.24320839934056343,0.07749300490833852,0.6930468587456983,0.257396468372582,0.30293655536739905,0.9608688070197661,0.0914613522159028,0.878747337548143,0.21486490848294418,0.5610704555747603,3
0.6224934807990692,0.6743194544154673,0.4459271169396532,0.15687142512691196,0.824190259965292,0.4537704561374293,0.8599453379461168,0.842133831505568,0.6939144020215597,0.71767852747218,1
0.952669159234119,0.3191494433929102,0.09658533746844898,0.29463278634450735,0.08160241171635556,0.8470936582694842,0.43761052001262046,0.528898783103735,0.3477860814102638,0.791501686415047,0
0.09237952524421922,0.8366708816787599,0.49466765036797755,0.3509931964920425,0.6737556195252723,0.19607637300556477,0.6751722061823773,0.2163654609760003,0.7988632920904775,0.26123032105178096,1
0.009142991674904018,0.8487948525881843,0.5168775806077976,0.30558652611688786,0.638646721934847,0.2079321217194139,0.7025067627842986,0.1355511246966228,0.726957322446257,0.35075713392479385,1
0.8461155946704194,0.19851747475300383,0.25714563541573854,0.07035303766189718,0.8518529242313735,0.5461109729392055,1.0221893142002976,0.16483069871410577,0.05077929764578759,0.5756929169013835,3
0.8672052386530579,0.06907368157180982,0.7094023951332324,0.7397074100400336,-0.027772907808898878,0.0918195752981297,0.938613772401817,0.7605464959778465,0.500567669257917,0.6308517649077083,1
0.8787478219764441,-0.3930988960684878,0.5246555328957696,1.0227062324943867,1.1512141885287122,-0.2371745904674668,-0.05989095717483128,0.8826510356610018,0.23287409153551192,0.22634199531196697,0
0.778501779064744,0.2725413642735959,0.6628538190975781,0.9032494320764729,0.3582458311565893,0.8988920189221455,0.8357358906073779,0.27809280765908856,0.7757827152555714,0.0861311417809375,0
0.6159955594914271,-0.21332811473836044,1.2231826853009418,0.077632652631757,0.00805976124713094,0.6031296647764357,-0.13213186335385663,0.6332157663650295,0.8227683798616193,0.14056598889109373,0
-0.1794425215993438,0.6857942390515746,0.31307146296590194,0.1164753024896864,0.6654712431850298,0.10547880889450303,0.8464042226021269,0.31330527695059796,0.5445927920721171,0.21889499235087156,1
0.8417435990627223,0.18426724884870205,0.4490675722158413,0.905560446511253,0.6838410180109908,0.7763783921725054,0.551196909720567,0.6385311416777016,0.8137632068470327,0.7821120169749176,0
0.28676133459678455,0.10925600487420525,0.7314561557333279,0.3341718374787926,0.2612608346188082,0.9959214198253868,0.08264602481144004,0.853120136201059,0.2934183281359142,0.6042277145472967,3
0.6239924740765815,0.5398463697511342,0.681919297463753,0.2790323458799227,0.5944693771578434,0.6419785492845027,0.34794656972764654,0.7904026551008031,0.8088469027782276,0.3738174801695286,2
0.06548101503210005,0.8602212504056225,0.45212993007651714,0.3184635709560779,0.670603697948804,0.23961418064135132,0.6420760402466836,0.2082257487511917,0.7930445933964682,0.25929467236686693,1
0.22049402725872247,0.800390441493653,1.2884083812984146,-0.4060264084779285,0.2526554423157164,0.873323276727464,-0.39185405435464904,0.1856245524779253,0.5372513814448262,1.1834964662386847,0
0.9981080474486803,0.6070792382668692,0.4350081834458613,0.908206400732188,1.1220753288058714,0.09327547357027305,1.1163753369170442,0.4656925257608574,1.0304298460135248,0.6175358393120468,0
0.9749191707450794,0.4574268238598344,0.6283744577827226,0.7710498159288843,0.7775128524018393,0.3747975515450121,0.8276747307061696,0.7410185938544602,1.004229134825662,0.8180293840211427,0
0.6123925186218461,0.5094835028696154,0.6794634304066679,0.24810433979627153,0.5818844508802842,0.6153389681382218,0.33445623665688007,0.7879840178375174,0.7989326808092881,0.369428525809365,2
-0.42484033154582546,0.9990724596449465,0.282587388181051,0.6595536857825562,-0.09853951574119446,-0.3611575390468609,0.8958824905358523,1.396520668409989,0.6374862437729536,-0.028455490058950317,2
0.2473205494107943,0.5814917748516181,0.3782435893414184,0.4801142210033252,0.4823663152149564,0.42504197692317763,0.13514747683847825,0.7810896318698097,-0.004433501053766015,0.5131973336306048,0
0.04276512799324347,1.0561074975183564,0.8952816009682212,0.3371759296999456,0.5704126928906408,0.22580472844638763,0.4954690655168796,0.152667617549321,0.7769379294166658,0.15925246228915327,1
0.37140053443333637,0.6707622157461279,0.3274419495379436,0.3446264323553617,1.150738833291791,0.14761890239940725,0.19094842184639138,0.4179839940257037,0.2203054325272879,0.26129831509506374,0
0.07037422429301278,-0.0022719739628073287,0.45213134631550556,0.4195807869303967,0.22387467465221964,0.6064356015026715,0.6631423243782366,0.4103848097034659,0.49789696885173096,0.25540385484309086,2
0.2420768069391428,1.0964193980942283,0.08309843991271287,0.3985041852128609,0.3229431902114361,0.674578652138843,0.5647402819703933,0.5761890715695897,0.14617370167008426,0.5369122456541673,0
0.8962924971578693,0.14825723709087257,0.18884519210487513,-0.15659043077886187,0.6403337115724859,0.5537773215251732,0.8995305330263721,-0.15763460089724157,0.16911674672407492,0.35270286342894985,3
0.17549419660187499,0.15378995162433776,0.8308870167770269,0.7830809237395657,0.9491156744970978,0.07359241549664089,0.39474222122638064,-0.28896230987764215,0.32585582694642723,1.085170375979796,1
0.845677066363164,0.778923309645091,0.7229132362216328,0.10424699948380536,0.9254474073152859,0.13744905321077036,0.2240297000896097,0.2381196712787036,0.8346970315860939,0.9262039074088492,3
1.0738351371438177,0.21507394762312326,0.2956589464879015,0.6001196766831463,0.3101630268591614,0.5355206014020308,1.113881350822696,0.5721240720550119,0.6722437410158274,0.604954498282658,1
-0.04474779559683206,0.5035586112032038,0.883014278056951,1.03965800006546,0.4803430345686893,0.5438758655501618,0.4818375189888042,0.3164764978698307,0.5779815141247527,0.7828650856576345,0
0.30431879838667897,0.04670674388871283,0.14548364783433337,0.1924751428940097,0.33188634895096647,0.007443271906810586,0.5291123795086835,0.3903523358785504,0.5257867035743131,0.3455728207958498,2
1.061310487439129,1.4591925668452905,-0.6746186350174578,0.049047295801191104,1.2088182729515098,-0.3530972296081073,-0.1077966321990731,0.7097853665876966,0.4168943247045124,0.9178769004209454,0
0.09016883353822491,-0.024168630002749728,0.40612737240505997,0.39597564363372006,0.20948900454755334,0.6476599109669227,0.6533588194265162,0.3526608574636144,0.42447162555527024,0.27918107612757126,2
0.09850967766719547,0.13430726913919577,0.33931804335067556,0.32085214692642294,0.8052009985491635,0.517196592280658,0.6068043195741033,0.8859943742703944,0.6149690628497951,0.5906938898869932,0
0.3830482137115251,0.35308567757878523,0.002095557676840054,0.43851869417866635,0.6306023481826042,0.5424107773561468,0.6125797737372002,0.25144754231970123,0.7652311301152366,0.15500441273864857,0
0.1198060793493225,0.6939349453139574,0.3307006410490546,0.47409321154148093,0.5357466283166492,0.5426794470961434,0.14092931662332653,0.841686600916638,0.10902336941594262,0.5903291625686002,0
0.8067657796985384,0.22649981503442412,0.6734506266553827,0.895432737231363,0.2974097169339389,0.8796714019145666,0.8710298932279983,0.1885133330919674,0.7216592540359268,0.0480617940319062,0
0.620506613897051,-0.030715804228658883,0.7800093060030586,0.685916566787145,0.8424747335102406,0.5253448174510952,0.49109472262025994,0.6889255660362801,0.6435962044792348,0.38199341987013335,0
0.11252069927699856,0.10163453213239262,0.29114956199292935,0.2799303824521299,0.7820751575973152,0.5021640478664748,0.5527879919362912,0.9381668504818876,0.6700293418789118,0.5667975900884786,0
0.6283258074799343,0.6936832134478984,0.14006044106580748,0.5923457077560702,0.02400886816861198,0.8842518484734048,0.60742661176183,0.3147693826597904,0.8489833778051888,0.1018527822351254,1
1.0019371954229912,0.5196446056562487,0.7414093686684073,0.5276308727923269,0.89706777640312,0.36236189410457,0.37086192035587606,0.6317782114741342,0.4082635927798991,0.5689553871467327,0
0.665990458950854,0.5031268954846906,0.6807461385173138,0.27278658010393264,0.5352895642762301,0.5815071256286651,0.3340957302687133,0.7748984558930206,0.8293838383549783,0.3211137219614448,2
0.6989328779937654,1.2156780701519896,1.0090075212065728,0.4618892430599718,-0.3433076370306454,0.8634999029195825,0.700028877337149,1.3114763624443206,-0.11697085572736199,1.1793361185316653,0
0.7689421132410381,0.921477274107879,0.8924658278397107,-0.039026929018601886,0.7283615989789005,0.10655233258743876,0.2556332134031063,0.26454167038270676,0.719862643556315,0.8781254415387633,3
0.8545129212317255,0.14373457937690773,0.4077890762012155,0.8556127165065094,0.7219583952126775,0.7384330001257685,0.5981411179685021,0.6299381846348446,0.8337267077835725,0.7983419798755723,0
0.21830352258032876,0.8052854422611085,0.5606651706066701,0.8507680875780957,0.13228397730298022,0.9586960997005457,0.6701860010341674,0.8674388090426008,0.6743230279657475,0.883005599161966,0
0.6175387427843407,0.5144346727017733,0.8639438871011813,0.4843924461896802,1.0347860975009613,0.5250866348538225,1.0242232388352772,0.3965627926955701,0.9282071118209014,0.21253662861983758,3
0.8519753803070418,0.24889882577167072,0.31322273128196965,1.0249192558116529,0.35941788112467954,0.5548809592550015,0.783021452829608,0.41275673149674,0.30557535704667793,0.5876847806270409,1
0.3482940231426884,0.03939274019023702,0.3637984707206416,0.04602426204526078,0.8475162970226979,0.8411925079474555,0.676911625742873,0.9202148210346459,0.7404421997380272,0.8508693172550675,0
0.5053570345741085,0.8903019037787966,0.3562801374931308,0.9332312313966646,0.919996101751686,0.6407466981416825,0.9849014679020567,0.9283578981008402,0.5052388446837189,0.6378105298213006,2
0.10173193752307137,1.1617707619248532,-0.018095457478794583,0.16968505414348223,0.06113093963268773,1.1917217515418705,0.6654200390222895,0.7936790703931957,0.2365242969451355,0.6090304133502609,1
0.25270436987669637,0.044848913870246955,0.6649505122120313,0.2492211889224457,0.30844065053506403,0.9435190533087909,0.09626158419480638,0.8999073754459357,0.19108794003338717,0.550890039565303,3
0.24839365261654558,0.7716247480349475,0.41959103268217735,0.512743133665748,0.8166828465811443,0.22574409142661236,0.6046407867840514,0.3056044724057306,0.7215276284881457,0.234394476112813,1
0.5036014504528374,0.8745208578534169,0.35052417064347186,0.9401940383711743,0.9070729289170192,0.6500874641844033,0.984303149352994,0.9401097114290974,0.49629841055322294,0.6436311963108259,2
0.8410814850054678,0.7571463539702349,0.6422505442841491,0.24666804715556429,0.28932235795622585,0.8218142788680057,0.2543758060078572,0.916721356179104,0.21251128843667932,0.5803130607285053,0
0.8414298475997339,-0.5352956953438943,1.6288430925025743,1.5230028436085878,1.6038134810633768,1.2150179012010889,0.7652584486695684,0.30491244102360904,0.5436858402446598,1.3598213838806328,0
0.1436642388638783,0.38830770617325927,-0.14297247702711774,0.07366499712524349,0.36638650832908926,0.14508160274329795,0.6443380845529632,0.2984376294885795,1.1914761762733315,0.456092003969217,0
0.5680878361673313,1.5127867585695554,0.36940507357636054,0.4492710126137385,1.36466750697249,0.6267628801686023,0.8243948326510617,0.7544563435570777,0.43300051032601194,0.6450029905656232,2
-0.3023555354266265,-0.003227795509444298,1.0644527799862333,1.2106137513135313,0.5983278900759564,1.3200016755288777,1.3203342624046661,0.616127690881277,0.8777755419320307,0.5814778110105028,0
0.8662995634732038,0.03936383076927907,0.17812424962018997,-0.15416820472355408,-0.12382772488876254,0.883449645371251,0.2808411109326701,1.172852785391189,0.045863042092302464,0.06715948926329207,3
0.6835685992878107,-0.07974316165957654,0.2860894436789803,0.18837962238377198,1.0124765293577573,0.8746439418324685,1.1344934211834046,0.22535914446054073,0.18055341550538692,0.3531601575940913,3
0.2572509097320055,0.16071362047883875,0.09691510821127995,0.9591775487072908,0.3439593806392761,0.34653622019361674,0.3979415795479099,0.5365194737401946,0.43640115561724485,0.22050277179492675,0
0.7822252388805813,0.010411868858679313,0.7145967475215519,0.09226970641427823,0.15509297457565738,0.5915542186557519,0.5865773680347433,0.38129956461442727,0.15374418486691965,0.7127434987037075,2
0.7665962572735682,0.20051889143376267,0.6365988345173135,0.19139930563920715,1.0080339484407477,1.3086211175834122,0.17824079787169012,0.2556001689228336,0.21528524718181408,0.4862867957428628,2
1.1770231488942224,0.4901825132833403,0.43765192017400345,0.816944257596011,-0.08099987310375098,0.3076889856146468,0.8469747139796917,0.7505003666160732,0.5551328754676736,0.11176670195639332,1
0.9464909602195956,0.411251999963717,0.8733302337974035,0.6478931019543555,0.8201595338454348,0.30946101226263195,0.23719231295504029,0.50320943771686,0.40431471452643797,0.602754122024096,0
0.12973102203352876,-0.08464940041157792,0.2591410868683357,0.0356338991737965,-0.006110323581275542,0.2975580310799868,0.5622499964732043,0.8559447358935461,0.9060911209826468,0.6014028475332784,0
0.1617682991396944,0.16923872451424754,0.20850483323439323,0.31188179828527207,0.7156084300553778,0.5458692449285238,0.6471440382840867,0.8790493719018468,0.5743791989467801,0.4832164325616052,0
0.5751154148832589,0.6418624935587682,0.5252132272538965,0.3774978110770318,0.6191397072873053,0.09976122552299181,0.00686855081111519,0.6577304889940789,0.6491433039598073,-0.14533798711816892,0
0.14459563796474834,0.6276470052492906,0.4888132616148776,0.8965453460152957,0.5960033397698865,0.5762542091863464,0.938604820832345,0.3106607422969527,0.4902802116479362,-0.1817181925613791,3
0.33762134716619396,0.8459430112069869,-0.6233779777681927,0.5508854156586693,0.5838515562669736,1.5098421532737865,1.0940555373410101,0.1962692866560764,1.649061261472855,-0.5978936768424296,1
0.3093863085047706,0.9703052768564107,0.4102962265334697,0.4026962787476158,0.16432976356249757,0.6243492997318771,0.3695841608605686,0.5561688817096869,0.28475255382020365,0.567143933655699,2
0.0645751417934918,0.8633214273337343,0.452566284030518,0.329521282230513,0.6824459674354681,0.24399003055601548,0.6390499412079583,0.21670989743042246,0.7831649919126831,0.2633620285002813,1
0.14527593862661045,0.5744340914843252,0.4085845742789003,0.4528506184152235,0.3407201179687591,0.4582438330640971,0.2354845396053587,0.7963033754940491,-0.06530767454291977,0.39022301738975607,0
1.0485922729609762,0.6680526253198061,0.32932604695547674,0.3483936080017938,-0.06754588677510959,0.9507487230219371,0.9201087803529802,1.4181055959012583,0.2332801702851259,-0.003555253094568722,0
0.17867525328246217,0.07308625432213516,0.2578329440575935,0.3702959520040068,0.7027072337366642,0.4304861804239012,0.6031338135432947,0.946009161943934,0.6109882357964559,0.5273636816453894,0
0.6356291158864692,0.4510852814889387,0.9183942030116626,0.4873284105479897,0.9933556201050108,0.46971410891175813,0.9726282592297274,0.3366991710083325,0.8617366871993263,0.18719884723845748,3
0.38061579259328643,0.1399506116047715,0.46643989733269026,0.7466828499696702,0.5726292916945447,0.5150445653755767,0.2025499863336492,0.8591995896078988,0.8175249610241945,0.8764644413584693,3
0.20818859864314634,0.26627073187137873,0.7244523983342978,0.573789168387439,0.3083687710647095,0.5893799996973587,0.5858852318123438,0.23567266655021524,0.6082748041474676,0.33297253350548756,0
0.24827034462225495,0.7300864408364727,0.30131725401660164,0.6303086371536354,0.4406130623770214,0.48241780985028654,0.4411054825506179,0.6248505758205011,-0.2302152131339269,0.1291073115298637,0
0.12299997334066397,0.9376662654188636,2.2090584574150154e-05,0.6268505846857384,0.3386330626304184,0.7287208021657584,0.6424965920072435,0.6807404337658256,0.3406316092017727,0.51207862684926,1
-0.5081305618201158,0.35418343446738876,0.03962065039719981,0.686129029931847,1.3659898837633144,1.1356737664917573,0.34381611186703287,0.8409983593880728,0.30253474221082666,-0.3239882371434687,2
0.8860840742048832,-0.10597374149061156,0.4210932815274951,0.16925808141160006,0.7725920763032015,0.6889850358211786,0.9791173610916304,0.0167499128693989,0.22154654381819638,0.4687076560427981,3
0.19903384608693256,0.7702794909939418,0.5264067368473893,0.2614282926734298,0.8954651377929453,0.7204243326589804,0.5883207983441239,0.7109874743848682,0.27574477957461085,0.005427478086240238,0
0.13231554298229964,0.22472992396251856,0.47740560994558723,0.13935775903685482,0.2814769061157659,0.7441325367952448,0.35449150643557126,0.8068663847729654,0.3581316620867564,0.6967721890813472,0
0.8339726427699764,0.30439807756949505,0.2760438443277021,0.2048793720177976,0.06936386555222789,0.7280134995496698,0.585698151409938,0.6370481151292828,0.47447701993737973,0.963635304912552,0
0.005793433282816656,0.34634602790162655,0.5257863790127815,0.7077943839487798,0.9611539980939534,0.2708083101022252,0.70019963413576,-0.006452098372141821,0.6636807570938881,0.8783172026703309,1
0.8490111325743774,1.1787781983811714,0.8696518062395797,0.37131509593802153,0.5263429269885005,0.6279840523693818,0.21974216330386995,1.0586287121709113,0.6237143162449525,0.6835211609257031,0
-0.06724575629258095,1.209139963354194,0.8062234916936919,1.156549014699005,-0.43239428732864105,1.3194981619678354,0.2203557879244547,1.0681741169736951,1.0280534715650373,0.9153627650816363,0
1.289022086603631,0.19225694472515065,0.9849532441220528,0.7093476526314207,0.30612852199859597,0.6126386577945611,0.681899129153257,0.1564392168039706,-0.4006271540348316,0.36477460896296254,2
-0.276512897571189,1.0987593494379817,0.26876718863835786,0.3184743053811059,0.2164198769846125,1.305597790370438,0.35563125807797924,0.2929118876596313,1.4816963728813175,0.8674895460772539,0
0.8863253147399573,0.43319502602586524,0.0718050775939204,0.15917088876476235,0.04921058467512922,0.8679597746767687,0.49456003169434887,0.5519629260843075,0.3348507612343093,0.5555978222774126,0
1.0272481033460148,0.7040042578975843,0.9642033410803962,0.09207721903070736,0.89370272512628,0.25909634048808616,0.3215971483902711,0.18061879029618444,0.8693405384032833,0.9652349525635936,3
0.02676665531819413,0.9090911680790389,0.9873118468817849,0.2601686441116149,0.7015612198194677,0.13820149214502125,0.4664822631536676,0.077997333873549,0.9067850058481209,0.12377993495313876,1
0.057594162756176404,0.5032275901892125,0.3251336149624129,0.3155637526445054,0.4416336195751704,0.5131840034387918,0.30075823653338324,0.6730894132023424,-0.032265758202851685,0.5148758179772943,0
0.7608698188401817,0.5117070814539109,0.20355200101877902,0.3398567070659019,0.941003982723166,0.707192268903789,0.7422091548697257,0.6717419998788666,0.2068232237395567,0.9350759473537302,2
0.5146019664194967,0.5896400170432188,0.5046974460835572,0.7492586288405663,0.3643860497142965,0.763799116480052,0.8082727588470653,-0.06680034042220784,0.9675377341118032,0.3496364650050632,1
0.3524793782004248,0.35613169339344924,0.06673496020832022,0.49560293978980857,0.5851402401455394,0.5951962229506699,0.5318334861802475,0.31278639673842856,0.7772526984019384,0.23871320498479223,0
0.738972437448963,-0.18542043731128605,-0.13332521085767013,1.212317557797916,0.40956278861515116,0.953438592184738,0.18611080367778238,0.9092590252221986,0.6274715459282412,0.22918694448020882,3
0.9633540933894671,0.5852018564141205,0.634812520743195,0.8655535742376389,0.8021713695947338,0.463089864376065,0.9841917301776922,0.9460477460766841,1.2050670771695007,0.6590731637577028,0
0.8477411674931778,0.6331753240707947,0.7616106096312686,0.4649756192505045,0.871531850190187,0.4109778444306667,0.23361567827739282,0.6938106567049055,0.2934221921496256,0.45360567683354786,0
0.7288161666447844,0.5190684370061956,0.5379642046581354,-0.32156791329609646,0.5301773989814353,1.001784607829317,0.04750233029068568,-0.3836119692506532,0.7168527587560889,0.009131315533673912,2
0.06219084132024329,0.9104703845807742,0.9900074358135977,0.2610801549325802,0.7039625040720834,0.15461261992011588,0.4391853497449074,0.04766158796666757,0.9086425556741058,0.12422826279003853,1
0.7352050763224004,0.8268653525751097,0.3864466851973725,0.18144197154269792,0.9289791579075792,0.6665769771484525,0.9073809578554121,0.7805382861205017,0.27801327193248027,0.8764895668481054,2
0.3798837939564833,0.3837590774187169,0.07049735330036072,0.5347243111376717,0.5557346642686495,0.5640508024598158,0.5259009967922512,0.3530723600592913,0.777647833076061,0.24805612649720418,0
0.06217512109363193,0.35045723317941596,0.5412468360233392,0.5931593736220877,1.0365472815503578,0.3000068392289105,0.7045237467143772,0.11216119055977132,0.7492890284951533,0.9159152379350017,1
0.04741557716174432,0.9124369758620536,0.9636002164129909,0.2557950030909703,0.6839346235485387,0.14993711780390528,0.44312575921498737,0.07094046565017252,0.8931777982182226,0.13644791570216594,1
0.9853848048672409,0.5019399022805526,0.6506575280035719,0.7536421720660796,0.8428214432419031,0.26663981795444797,0.9286359972049018,0.630803629914233,0.8932448751833598,0.8797788524828185,0
0.21916648379212667,-0.20799028354384025,0.48305899427347104,0.5816283772789228,1.090852655408448,0.3265186364645597,0.7413165566506701,0.7634402338883997,0.6514971095645008,0.45513194992463113,0
0.8565130500882766,0.14722036389071338,0.40990240383967136,0.8590541268254351,0.7197398630407292,0.7377412495876462,0.5986755615607157,0.6298938818693711,0.8297555038224278,0.7969242463703348,0
0.8153171419538451,0.10197692045401677,0.5799967991630774,0.33679646880064074,0.023006534081960177,0.6507585710698587,0.46988885317211404,0.508040576089204,0.06297650564434752,0.6587200212201441,2
0.5893027415724023,0.4019940077049592,0.35036104843991833,0.6456334333970998,0.9562715195452833,-0.151111195055268,-0.17628238100178428,0.5874810181357417,0.13762734189689088,0.2431086269001348,0
0.38306925515762275,0.11932541950588321,0.25453877119994406,0.9682758025359768,0.9282015711105951,0.36670808204763494,0.47295057718559985,0.4931877203568,0.9912143796207035,0.47754402569791704,3
0.30823461387761336,0.9724498798529685,0.4076712326245079,0.4031145225347472,0.1688432863680924,0.627262052180189,0.3736864137552823,0.5529294628303635,0.28372929972283356,0.5711411133078359,2
0.1343661573400277,0.46462271743942163,-0.10590647358353189,0.22331985497293205,0.5332609577668214,0.41451061931296085,0.8319010803550546,0.0002163172300635452,0.650319978656653,0.4620655329906935,0
0.614008980698388,0.5067918916798876,0.6631468325287928,0.2351777059230667,0.5835795288940665,0.5971480302378791,0.35487805926007443,0.7703005103581143,0.8176931220499508,0.3688186578305616,2
0.1320246969717097,0.12375365027510578,0.35007372216821975,0.3109595622017756,0.8196771305877998,0.5346469329762832,0.546298393332872,0.8669523465769277,0.6016205154390475,0.48205984120982603,0
0.476558237579605,0.880307327647422,-0.15293918335497586,0.9546116199190523,0.032191658659376676,0.6130691402369994,0.3665792963725157,0.6453044772835944,0.6015517500073841,0.5126786314383727,1
0.05393925985853486,0.9214512572726481,0.9767291813295856,0.23484547067889322,0.6975911407687141,0.14509893807188845,0.44855193195224463,0.05577338633086605,0.8859804899404525,0.13169400602841777,1
0.8107870932858998,0.7384710306692139,0.7535327740705166,0.07067821680646062,0.8930604509987187,0.16030188677105098,0.16313648464173272,0.23305091814135723,0.8674385719790978,0.9168799034793627,3
0.8818247550012963,0.14970693844637262,0.3906334400413684,0.1936511065626811,0.9560708635662185,0.6361271536264728,0.8830044263145083,0.057435297368875184,0.07596577621760559,0.3338192456856658,3
0.881629992925177,0.1840962023084595,0.7901133693899343,0.8057500167315298,0.6924897524431417,0.371051717516594,0.34885060883249747,0.5241226493111222,0.38406113604941633,0.594790845685091,0
-0.24280984510042236,0.540111996018091,0.22194242005925102,0.7310933690093051,0.844416035114979,0.3567577447646367,0.984154335494981,0.302948647738506,0.5297841851155696,0.9605818302250043,1
0.2395950038425578,0.034462532867402286,0.6444568349006593,0.25721459685830245,0.315168183589972,0.9262975022574722,0.11459040277127416,0.9109026502151781,0.18420132426583266,0.5552544254101954,3
0.9034666228029582,0.28590600794106247,0.8639503368973165,0.8932028939850989,0.7072367649690595,0.42865455574512823,0.4693967395254124,0.3508178348255062,0.44327657155763617,0.5637566016718233,0
0.2529656184064948,0.04704827655306189,0.662017620966132,0.2504695168000524,0.31333019384506666,0.9355145685646875,0.09423779480492818,0.9050853906628666,0.19561215944063332,0.5512575199385188,3
1.0200665592831515,0.12986498360222748,0.7926149925845406,0.7708239534242912,0.5543467727592484,0.4875544274384236,0.3060068695210275,0.44788033672280725,0.8228036107178157,0.8924203775687789,0
0.5204470907168829,0.1380800249579698,0.12399480085481006,0.06330755683721834,0.33051488415425667,0.03332397036390278,0.4315683261026464,0.5000247790813226,0.584517183042032,0.32083157684104024,2
0.4167029950653761,0.6280766871854883,0.6546405521033647,0.667489989516007,0.7766596159375423,0.5228644740475401,0.5523763080060041,0.9531849073124752,0.9196421027226678,0.7105301335387652,1
1.0880415910647083,0.2107176511833737,0.47046686325981646,0.2301635031440687,1.0044347576075003,0.8173547922509274,0.7596168871136062,0.08714371619997477,0.2976476647262053,0.6588846747222512,3
0.9770659529081729,0.3853860795165162,0.030719677288786558,0.3254715073952027,0.05580260150849581,0.9088335313600848,0.41572518876608255,0.5542237251539703,0.37959913489774616,0.768329012204515,0
0.9785654827019719,0.14881684432690853,0.7454501143587122,0.8340838355129151,0.7438694555313103,0.3910849261946252,0.4986536963240127,0.44707587204797133,0.5325756898798727,0.5582398962333142,0
0.6287485985055747,0.4709937826185742,0.7361196474264362,0.2533936821111759,0.6101582844214846,0.5803815695415995,0.2877407222406449,0.8105068937554817,0.7452298168962944,0.39925672271643886,2
0.8816687820061435,0.6895909399707467,0.5421185895741414,0.2401902216163998,0.28259333659114727,0.6931224671722213,0.2286778123950894,0.910289561687436,0.3920326164949044,0.8011217479619847,0
0.0585105981735741,0.9010822870904615,0.9939549212484419,0.23086871795948918,0.6785730688867446,0.14985941165456296,0.46742310703563617,0.06579033177524937,0.8828512865405312,0.1279572425736676,1
1.1499695793205227,-0.03851425779810844,0.8847072527579019,0.6614176993445685,0.44113362454742844,0.4279708580053227,0.7164808007286433,0.7157417518291811,0.528440629323069,0.4055246986749038,0
0.4537336292287271,0.8049876665558828,0.23999639597669903,0.5624887536045554,0.23721332237100942,0.8508115936854139,0.660309469878389,0.8267473854853694,0.16457850561231246,0.35088218086153833,1
0.8517011472142031,0.786905064807564,0.7713882325194534,0.08931782336115117,0.8803957343490685,0.15827377699237621,0.22478824670110753,0.26610106505608266,0.8018765525847814,0.9675904373678639,3
-0.02915176078157685,0.9604203707499497,0.4248952455161858,0.6675515898569161,0.5292014804683155,0.3007424155410491,0.8663905266909268,0.8618193140873026,-0.07592978286605945,0.19838485574574388,2
1.0329701547691859,0.35243516697395527,0.4669329834486718,0.8357108080960467,0.13531879064176813,0.26898773172245605,0.8194444385543141,0.4749971552605992,0.5426268989246781,0.3068515189094602,1
0.7398176397618521,0.6642866915295755,0.7561480577094474,0.8579862672426809,0.6113219316025605,0.43629840150004673,1.0243846001089936,0.5100213022208938,0.8374888500279146,0.9102970828640197,0
0.7355611669088968,0.11050913777416421,0.5676056403696482,0.31802614470314866,0.11004229812277928,0.7209155180717781,0.5062588772847975,0.47419392921511183,0.07027110063279418,0.6281589601460933,2
0.9478655585452604,0.8431207416341285,0.6019913405924433,-0.06809388253798429,0.9324899809396371,0.13548158882654449,0.22347038474497144,0.16475036052906816,0.776121582003333,0.963290501508182,3
0.0822470455353825,0.8626558593029664,0.4068002490801757,0.30996490343450667,0.6635790046003409,0.2738681825241572,0.600987809774688,0.2608116839541211,0.7496828709058266,0.22917133126667263,1
0.41750789889275725,-0.6751991429925088,1.5311407797746555,0.7968841316688763,0.405942916949057,0.15601468126810547,0.50568663413725,-0.14333505023276083,-0.8067407594239471,1.1650055774052865,2
0.07082960343443133,0.8659994440703763,0.44507466347989866,0.330686169022032,0.6800868134941754,0.2432220120601357,0.6346010038427031,0.20906841152275718,0.7794196111826039,0.25580467683469976,1
1.0613822367979089,0.3067376207943644,0.5246225901311002,0.7723724164665746,-0.018964428167373315,0.24853685809343187,0.8552595418490279,0.5208243260227272,0.49142940348982084,0.3484370264470799,1
0.09702345001964677,0.11786866759747844,0.22223155205090922,0.29353206170706475,0.7122376123911148,0.5457442577947025,0.5430350677775904,0.9286639678908651,0.6268290632910121,0.6495508657208862,0
0.30920469503593306,0.9698058893602017,0.4098301177412491,0.40261117749121084,0.16568908145298064,0.6236187264875566,0.3704272458056812,0.5562305186937244,0.2862450094095418,0.5679075678434291,2
0.34460680743562233,0.36278350856729974,0.07402940330833493,0.507908285513605,0.5854086015938743,0.5913522533335059,0.545125328775171,0.3074777316652176,0.7643432244644045,0.23602106983277665,0
0.9339622112826278,0.5421183608793686,0.19549332417389348,0.9414407600669462,-0.20765693947181108,0.057462869148037415,1.1577401633354918,0.4877209260254698,0.48693279344707696,0.06715749020268391,1
0.6108040847353272,0.4551872189945439,0.8828076668484279,0.45082748260568883,1.0025466816605364,0.48215695864984764,0.941485720291801,0.34918842440970504,0.8553380289827553,0.17170180829873571,3
1.0270216443933713,0.9103758025499585,0.40947615499692064,0.636122688101136,0.7795771810293975,0.6730300233361199,0.3917668758615088,0.17028780179968622,0.42479644312229575,0.4435541399636033,3
0.1954886705801938,0.6288489469460933,0.3572508140735317,0.41030310808270903,0.4722310759998209,0.35764849842599605,0.1590978117838256,0.7573387465276468,0.0700961682924956,0.46348265305287234,0
1.0705662913265672,-0.09174195709497102,0.4116611694887914,0.15228149754788475,1.1923020624965766,1.402976449439625,1.1007186107947615,1.4314526509703767,0.6214648757127028,1.250861542406637,0
0.7642858632605228,0.17374766225890192,0.4744341630453723,0.6548988438582062,0.10471530877262288,0.35976052875778713,0.7415819782791673,0.443846715569121,0.36524062724743933,0.3905488228589367,1
0.8358037430391414,0.8368078032848226,0.8298812489757638,0.5687231032206087,0.8199424089451144,1.0676494490287274,0.45012634179174404,0.17537269036011466,0.3204359567058873,0.4808331322977518,2
0.46408759920992815,0.9936117558600386,0.6106185588538746,0.9472076201290821,0.36391321442881763,1.0497460768740294,0.9079902280803908,0.8757087530803201,0.5043526833710906,0.8100918175872431,0
0.24033669994618845,0.07479537776278691,0.661787720039276,0.22526034914841492,0.3219331681617678,0.9249026488480722,0.08799943914057345,0.8753163559452477,0.2076709059038531,0.5451038875284498,3
1.307107585361716,0.6125746927189669,0.7909569369722369,1.0841753329765829,0.5149196482800955,0.6050637424847395,0.8693023725494461,0.7102314132901131,1.1204451389733636,0.6850413255520182,0
0.2783205899530569,0.9207473621396167,0.08865148095764458,0.04397417259138886,0.6404894562569061,0.5888895859660916,0.13526605886744195,0.2300330303740003,0.4377976692203669,-0.07645257797152621,0
0.7984099863335299,0.2104430153970604,0.5425781098875914,0.988101950671027,0.44498716539906275,0.8668162486011166,0.7334298446230788,0.27136677630645945,0.6981004113972406,0.04399199694618338,0
0.2708411967161188,0.7899223744828793,0.5840958511961819,0.8064004798711062,0.03321885036751668,1.0427534027779506,0.6070547047703292,0.8808023736328127,0.6406828306270415,0.7605472374593458,0
0.24855401402214505,0.23506650158386128,0.1368331915096669,0.32276761364416223,0.595055640921185,0.7973464670124455,0.6057804762999578,0.28247211600765204,0.8930849730117131,0.2902314620808334,0
0.5892256839254356,0.762271682275864,0.364686451916276,0.09051162196107598,0.9007586177121493,0.4381356877005995,0.8941620844468648,0.7577250774588628,0.7088581412393605,0.6999179583191396,1
0.35932079197416644,0.7021137624006925,0.2671321955672191,0.25929976345472117,0.9631930622125807,0.4103216759498153,1.062289789575659,0.9595121558885844,0.7608926353195181,0.6343546570138116,1
0.37905147208155093,0.3806373437197822,0.13040040140851752,0.4542151132618036,0.6494095097607624,0.5322789306506874,0.5154936962450841,0.2939429871182464,0.8189677272209266,0.1821173434508387,0
0.0811435089509003,0.1686579995936297,0.24675700634574993,0.35636611223129977,0.8672871549733167,0.5934859446335083,0.6165628647038248,1.0037072159783724,0.7302127179795559,0.520533200643588,0
0.24597846435201878,0.04143023265579465,0.6561230901677357,0.23982819323310026,0.35867413072925325,0.913700441813447,0.09789591505804073,0.910375834354187,0.16330477764790619,0.5757848318137491,3
-0.32058797346593065,0.5291259656667823,0.8292226913095422,0.7144130074183784,-0.09068338278117344,0.09390173227453708,0.5413700921327467,0.3288929624697713,0.8293367863954553,0.35658708407563344,0
0.6567616549672827,1.0423745880609752,0.45929285799634456,0.14377095389524086,0.9173916100709029,0.6684284102911033,0.14886509170766948,0.2040572620026348,-0.15690742019550646,0.4364120130485428,2
0.7458215768425751,0.8672840368141337,0.7860454455267869,0.14928215571831144,0.8035287659089154,0.1419672425911546,0.16053597198734232,0.17635934337126058,0.7870678120449373,0.848935699195513,3
0.22831003767043967,0.6008047007321383,0.28565215191159055,0.5266885812845786,0.4780713941831978,0.46813903211000485,0.14387764978737677,0.6291803018250787,0.022317267173564453,0.3945587236770879,0
0.48959616896436126,0.8911084054576713,0.34176789072663816,0.9218041594486718,0.9267501625260085,0.6411872627869121,0.9691951762856066,0.933914349566067,0.5077029877714359,0.6528748070208742,2
0.31030945994582915,0.9703139979588784,0.41089147699112044,0.40291978949257257,0.16494221601238443,0.6225494486995934,0.3698545398019877,0.5553702001042318,0.2859575439244452,0.5683822941225212,2
0.7505705757500579,0.12295013713101857,0.2868581091040175,0.10953702240557278,-0.20781131903666028,1.0840503427563306,0.43917637700099843,0.573304084550291,0.5625089620735473,-0.052018805912798616,3
0.5014010437794088,0.6541290062391325,0.6615692105284721,0.6711991933476186,0.8867316815949225,0.5407943654991891,0.658332011914972,0.9620513879873557,0.8706708523555865,0.6950247669639034,1
0.32642329438652984,0.8836758795910243,0.26825033946543336,0.7860106978926138,0.050866906857008676,0.8426487844184547,0.6890809996817968,0.7235152322550313,0.18106822340694795,0.428422338702777,1
0.7992609880193877,0.5216750397870329,1.0455847475306517,0.49682108198241987,0.7672679330297284,0.7430170191572306,0.7436307696496599,0.3421001514904362,0.6439434998488807,0.12574626707007536,3
0.4722908144200648,0.8929549525236815,0.6834739223832709,0.9389019275177595,0.9219766593463947,0.16171669164039715,0.7053105344947358,0.6564408480741706,0.7961607240138583,-0.04137261730651451,3
0.7518950216417295,0.5377304591594158,0.16842037685731873,0.3574228043461502,0.8108207053686115,0.2273949105698621,0.35953517040799315,0.20013711125678316,0.558166145985778,0.08679827127734696,0
0.3774444999868725,0.4485100516539463,0.07335379368702291,0.6186138701446906,0.6281883030758098,0.873679970780719,0.3669501904842263,0.40426199907206956,1.007123634059435,0.20459953609303508,0
0.29114570740716295,0.611951754750354,0.6373697956510188,0.3433676315581057,0.8886711722958828,0.5914230741869361,0.5574154668518587,0.5638452640925465,0.3977486962540515,-0.02766047788655141,0
0.142507607683189,0.21739609910728225,0.4537285033460827,0.4403064692668378,0.7991910143548573,0.5023517457528515,0.647671948325808,0.974399627614156,0.7193519737758572,0.5767996993262519,0
0.23478728918315028,0.04286508003995686,0.6838225693125066,0.2763875076651684,0.3310178739900158,0.9155330443375267,0.10901511605829395,0.9184813104853362,0.1860282942619052,0.5701329749149876,3
0.8389900360587432,0.1298978975226148,0.4192720742397904,0.8596346949452671,0.6989058461173945,0.7605329382609458,0.6106050456995116,0.6157084302493786,0.8177485175561926,0.8168414362266823,0
0.5598379661007103,1.5353198953867802,0.2822889641189826,1.116039197167476,1.0992545743256583,0.7156259129205997,-0.17427355152896462,1.2162972266854615,-0.11936502053214282,1.0877054245170985,1
0.8434725512172059,0.033916799477936896,0.18064319975604137,-0.027091853335327987,0.9142113453354086,0.6893443508285133,0.8146838242005371,0.09999716584882064,0.09993414050546177,0.2656235874367978,3
0.6556559403061488,0.4698543164841418,0.6401011910920876,0.24962844068809928,0.636612906473178,0.5773365635992134,0.36352272248462186,0.7329512892521256,0.8093998307768608,0.4205962767131516,2
0.5158598276896776,0.7722318639610859,0.22158970208038084,0.43368166937884756,0.10237643303088732,0.7061156231423069,0.7735989224082643,0.1821612731752101,0.7604063634472359,0.15544558737145203,1
0.4967023817594051,-0.5389969360943679,0.5598278341112777,0.7885154625678485,0.493710110268391,0.5880076309749125,0.5990271124415092,-0.18571457668555824,-0.16874192833789642,0.3773267385104073,2
-0.0838554999359103,0.29098793553303615,0.8487819249079614,0.6329413549269169,0.24038256879842665,0.508382662639819,0.4135320624270723,0.2471210522007264,0.5281126816079905,0.5074914199054585,0
0.16325079208818738,-0.019980689733388027,0.42216898591693097,0.17642990721015678,0.5929400502777512,0.48647602162635434,0.7153624769308449,1.0762123833355899,0.44693794199460185,0.5316677332931901,0
0.23395201111178973,0.5999434328745042,0.2893207398188324,0.488587712139531,0.1961326241174789,0.33871576390350516,0.34432502128076037,0.49125148322074996,-0.1734662382984445,0.533266706941673,0
0.6369292757723266,0.7641927013890271,0.11708861079064056,0.790248553450879,-0.11433914689389649,0.8881216454086186,0.7298140052676113,0.17304677494077192,0.7518978536495198,0.07435374824427908,1
0.7815275505265364,0.7340436137146358,0.4850424888560869,0.2901428685784556,0.22196391439103036,0.7203944977246797,0.24507280236664483,0.8393036875212263,0.2702678774136094,0.6608664579710067,0
0.5866568818774204,-0.2048410746336875,0.16336030138121255,0.5258975624987513,1.0019566181666173,0.8919812397788323,-0.1251730443636897,0.6357594600320225,1.036982214112533,0.776334882258198,3
0.3959991078659977,0.06834947322592813,0.046207069908249326,0.10886283919516437,0.37270389950008936,0.12929307977554433,0.4371660618763564,0.34916388564761897,0.534250093026793,0.31267755760597415,2
0.03970780474463228,0.9200837430527851,0.986040109200152,0.24912124280623804,0.6785417036504727,0.15999347990159604,0.46210429995095187,0.08212742484267435,0.9085572646621195,0.12047712976594029,1
0.799089292594635,0.7716645174379568,0.7891167465948077,0.02863290355864894,0.9142146324539834,0.1547558113102438,0.16102230728164618,0.18349594945082975,0.8201873510115579,0.8975191628631498,3
0.2658619867610736,0.07427024794398442,0.6547806179001331,0.2766798562204421,0.3064664801282008,0.9337902773789934,0.12104861543123656,0.9085467932132988,0.18868049076280352,0.5304336867603714,3
0.24889239829002158,0.1574470490839465,0.09190605348759309,0.9698234283330596,0.34746336331930977,0.3373900992603566,0.39559075543755395,0.5324133223549224,0.4352319106264713,0.215035777708776,0
-0.3175124835533781,1.1923314105735565,-0.31674255997673506,0.015537155124378477,0.2994447992717019,0.2982508954545727,0.33361097085302566,0.12178930476074701,0.02406490855233967,0.07594724898718491,1
-0.01965744508323774,0.41572576528831673,0.5389813103292411,0.6658944758435109,0.9347337593095183,0.2228385573855861,0.6280817635672832,0.01087935870963351,0.5924361531156844,0.9097658124224975,1
0.9210626560816713,0.3240594967320229,0.48062663117089693,0.695183085084045,0.20167948538322886,0.020068041989736607,1.0665319566256999,0.49749540659117886,0.27748809259820645,0.42527062924502584,1
0.2854093615376655,0.8274894900299359,0.6359659555257191,0.780870016155741,0.11748883703320111,1.039876421682537,0.7034665162444514,0.8041933253310163,0.7880728698417048,0.8224138039162425,0
-0.46488972090096126,0.443981624797206,0.3876959616833032,0.8701645989947806,0.6214938924265483,0.45194233242513515,0.7526122773465984,0.3720621787581425,1.2230582213709116,1.4475368053572217,0
0.7900483679571048,0.8672840334868333,0.8838748104406288,0.05159224504160071,0.9799218927957046,0.23326896957850374,0.3202442261109147,0.1749990852442517,0.8058112289600236,0.8832284676817967,3
0.5971673843497503,0.3474716384950173,1.017516135185708,0.5886200548694596,1.0267290724397797,0.33235221515964497,1.044355879848733,0.1997916389728862,0.9595893583051707,0.23293088152058977,3
0.8551251819740597,0.732591939228831,0.6650313070077607,0.4491373751653432,0.9104945788069084,0.7638934367240813,0.4498778548815102,0.4603090996979212,0.12059074388431922,0.36290107195072596,2
-0.045703775343019615,0.3642055608601612,0.6120031262125385,0.5915417729087746,1.0840395747159044,0.13068869587678117,0.8031348502358716,0.015129318877018016,0.5985777007426301,1.0170979449754334,1
0.4991803329179528,0.8614370942424445,0.338459212226684,0.9217675574940385,0.8800064508044768,0.6278468803984967,0.9775491852259554,0.9616114375526058,0.5046837685379493,0.6570810367485386,2
-0.022978962664954222,0.9001397032907346,0.3453404706615694,0.2167447452137764,0.7002368218314496,0.3492988964617293,0.7440654664288735,0.2161961333719156,0.7386227896392382,0.17453259755200504,1
0.5682590786244572,0.39630500913886363,0.9883165880576907,-0.005044763808746855,0.8211495370584964,0.08511109208908296,-0.4100944343527283,1.629304588083882,-0.20296511190867284,1.044701096076856,0
0.5302846310638107,0.7203111425678439,0.24347988270187776,0.6219753849061698,0.4933857912875714,0.7438585771483712,0.3589578038493354,1.1201680321812304,-0.011680381557359842,0.44033117573302916,0
0.6009511475285051,0.5267447539088835,0.6580342749284561,0.24797655689470544,0.6108511624093595,0.5866617866492457,0.35016040319165886,0.7817283355417255,0.7560889820287842,0.33094199657407614,2
0.03887723675592039,0.9195707967900825,0.9642399383388601,0.2552432518854337,0.6988010155525008,0.16416148865442418,0.44098876805838794,0.07003254887059891,0.893763013865286,0.14118311874982445,1
0.8777039752014277,0.14350950277024838,0.42526091790436615,0.8470671044151153,0.6966858494258875,0.7034845197660543,0.6186188044914439,0.6608705573084318,0.8163469250626321,0.7847938024747843,0
0.45398123599368806,0.7192571269610042,0.4207469286965565,0.06272434537374252,0.18018114472662197,0.27937645355291696,-0.07440320794497526,0.9595143433959408,0.7599839452543878,0.08354174636875134,3
0.3090759780586534,0.9697818086681482,0.41037912945466937,0.40214966616302106,0.16594342384594998,0.6233888192489581,0.3696525133209866,0.5559273639373907,0.28576844337502505,0.5682939766634953,2
0.16049061297481793,0.7432794065297169,0.4380334439431669,0.4480866330369306,0.6278737624629054,0.23859182208532642,0.5997507221964661,0.21353908151872872,0.7238408730052954,0.21927891015943543,1
0.663535058236738,0.33714390305808684,0.8535498200507587,0.9456427115939943,0.9712103446269211,0.17998887399581334,0.6018827049360012,0.45352412618349003,0.7214438163921169,0.8470636021856591,0
0.4008214416998185,0.39384234619228997,0.15918915061416405,0.597909847909437,0.6251932792222585,0.7075488692992699,0.5872664924708599,0.36199115961955225,0.6698933781110505,0.2791473239879976,0
0.8989525950010293,1.3443693009325015,-0.03893639260538251,0.8870513446653263,-0.32310859268559944,0.44470230348194684,-0.3524755984744845,1.2477092632506679,0.8260635853182735,0.05590588734737878,0
0.030935413879881208,0.44475085229230277,0.7426768286146823,0.6761770382289235,0.8740027746034764,0.47388643327861024,0.820593232687043,-0.12277283872737899,0.5457062658184533,0.8265329831235046,1
-0.04799455200650318,0.7653087669589459,0.9117330904436831,0.09447271350910943,0.6109504232029963,0.07260892609823881,0.37539174329415503,0.04021166063437984,1.0154459538492637,0.32813434664977675,1
1.0076191535552748,0.4534013217760507,0.8247359561441329,0.6216082132851933,0.8573560952948418,0.45298706890256335,0.2797540023821289,0.7132610104892063,0.4363331448784946,0.590267837990736,0
0.6057783462929591,0.063999976356116,1.0437076564095578,-0.12147183659779948,1.1428353204789536,0.5446646760044158,0.9268522864054095,1.0340662694055753,0.9940732952269073,0.24710001557805772,3
0.15633251268400505,0.10375215867647067,0.37276336875924304,0.2280520753752772,0.07259907292328827,0.2979784855589633,0.60436369594321,0.8061371914109988,0.7762478761463727,0.5122283805162994,0
0.8327861883382829,0.7849627201327554,0.16571272595922842,0.5589700347047174,-0.24389850719229472,0.9983088452567056,0.5093882151678762,0.1966485001369613,0.9506719682142586,0.3444534018269961,1
0.7188160602554653,0.4147299531902267,0.21648146036983992,0.4755464790871374,0.05745162831287642,1.0299660620321656,0.7696000434334407,0.31547791458431074,0.8833901943626404,0.23150996414100541,1
0.5958076801037311,0.09713206754153114,0.21537835312250564,0.47492125109131,1.4034587264837193,0.2882283150386533,0.5657464297616193,0.27265194352422106,0.2513747460629626,0.3644920800041501,0
0.9383440366959901,0.06238756467595096,0.4951989406071772,0.13559417355799305,0.80846638055034,0.5019255392896811,0.9095051936511668,0.049121335371645106,0.05647157017244481,0.3456836552733499,3
0.31547967204956695,0.40052000123778436,-0.003090309611387898,0.5601717110177172,0.5001178055195714,0.6247049039971126,0.5506664155273264,0.36349788415903117,0.8242619235842578,0.2258365313087068,0
0.10486725233822684,0.1347932287800027,0.44305638145289744,0.5296613067371972,0.09986551554031675,0.6167161810183762,0.6664665962357846,0.5005734413068511,0.46386291197922647,0.5577170114259783,0
1.01767371728189,0.3803129745137818,0.042388319992509936,0.27566820437537687,0.09100804905357113,0.9001570101163718,0.40098210942592744,0.553794043073259,0.3340718468753965,0.7807719582367655,0
0.24808372862878225,0.15866783393538414,0.09121782364265626,0.9702881356700545,0.3477824391781311,0.33553120661189295,0.39318271966427293,0.5320363202935066,0.43611607672533964,0.21618015847592786,0
0.47069390895831204,0.5275923127866242,-0.01803412415191674,0.37082434051335217,-0.08143871964102965,0.9622248753249723,0.6168587114222158,0.4059814485694083,0.9341215755628867,0.08570116587799233,1
1.242891850174915,0.11224573811403735,-0.11827426293511309,0.420152616735136,-0.08576796428421207,0.7028932334330171,0.2497973979550851,0.26321490490821525,0.306831702890278,0.8752954131074775,0
0.23044873307293223,0.48887494515427266,0.9301728628529223,0.6590794927460922,0.45290984834465114,0.17238493608477096,0.4808443522855451,0.6825395389797506,0.45431788944860624,0.8051176892853933,0
-0.0790648695006049,0.9935666129394712,0.48135749904758746,0.22584118725174884,0.7998089008477302,0.12964773419524384,0.5105779649267081,0.17362453556471133,0.8857851309908901,0.31369896770737166,1
0.02675166679191745,0.9236032246721316,0.9884259394513969,0.25434922755110906,0.6952369458010094,0.15440661704762149,0.44666981985955523,0.06368857746643176,0.8851224322166614,0.11718153023488678,1
0.8556869336109576,0.3772611077903508,0.6231504249713702,0.6076058478476434,0.530862296167593,0.6592033289380044,0.9219470275011019,0.31887400220381007,0.1815115805705036,0.9313474195079456,0
0.21031239961363143,0.6302142001518454,0.03232452145115887,0.5464967757834913,0.9926998699092373,0.2203240247913669,-0.06740483963045284,0.3545048006310018,0.4809319043347332,0.3588848415326078,0
0.9679813522882246,0.07221468924841486,0.29096211042986814,0.5776787083604638,0.49049081273419337,0.5115985401100962,0.8298185105484324,0.7732299220062928,0.778109142084106,0.2033215506165281,2
0.05229029281618242,0.2410350801921339,0.2946876585701766,-0.04767240494501118,1.175092631461274,0.6304910150383602,0.35871213448659384,0.747358424279179,0.9119047787804618,0.580972160151825,0
0.966860977499436,0.19193047604021923,0.7421189241412247,1.0598014041282282,0.3195341967163096,0.05927409501575753,0.8805606929653151,0.36142360444840127,0.7677943619252745,0.6079724509155375,1
1.0572288416091022,1.0547430012469738,0.9156708797499766,0.23783251768176134,-0.23968384105433643,1.1859889566094233,0.6151606207047888,0.358172217387455,0.5926598365768183,0.4362910322042747,0
0.0282427188355608,0.8388236738509522,0.42213298845095953,0.36115472180068753,0.6634830907098305,0.2144371962953801,0.6318054360153179,0.19244087351682104,0.7995865639560178,0.23174760821771703,1
0.5785251539223302,0.44415736676555684,1.0001342383877465,0.6785748791184489,0.7179569690603994,0.3923043480093005,0.255935005161688,0.6325763147687832,0.2037722342192558,-0.1229592147033769,0
0.5440205836989276,0.9768051684018797,0.9376939581202919,0.6667976198619247,0.1387215397585157,0.4992411635259023,0.7663853693666989,0.9077367169101663,0.5437406872579776,0.4066075519072227,0
0.3085404820844568,0.9697693407910961,0.4111528003300843,0.40195241835459117,0.16677607544427195,0.6225014402467713,0.3695617073333612,0.556300327180463,0.28731589871534696,0.5676414689833383,2
0.30766898263631054,0.9787566909630827,0.6626783423838849,-0.15013914201379297,-0.6031571319969933,0.14227080146263027,0.39153211958197653,1.005705176463362,1.123489470560154,0.4283335083436938,1
0.4656402179913285,0.7527552444387003,0.4217669070828492,0.15889506715666452,1.0066368844868738,0.5695316338360874,0.8690872735524797,0.8714034322640096,0.5913218490933873,0.709965874480706,1
0.48418436401100695,0.3711104983650754,0.6673254759863542,0.43063308882157353,0.2483898648524822,0.651363867925008,0.3634169908810614,0.3663612929570136,0.13060216406534053,0.20168608528237636,0
0.18020930720770442,0.09559139916581624,0.34652962015371036,0.21708510998256925,0.07350528548771658,0.29529589459264244,0.6076280367423803,0.8149172357512243,0.7664596284853366,0.5299357861500441,0
0.13480897183906965,0.521341057841763,0.12600882479414569,0.5137630488764293,0.49541055657299315,0.3368507552881131,0.36899013616471876,0.6707451817397173,-0.10724711010488697,0.7096968353412615,0
0.724921959620818,0.019544981864924156,0.4547045365377328,0.5931629898953019,0.800715083838913,0.5792431865322385,0.5047130882407508,0.42966554690901815,-0.027076451232671765,0.9458510838021826,0
0.36394372273738246,0.5738955581074583,0.14304759857619692,0.37151130000145527,0.960397506268662,0.12272471347292417,0.0461312274949248,0.35368631015589924,0.3482984975729436,0.2274650602387916,0
0.2969943260835751,0.29555508584133433,0.04607364063095914,0.4620858144083443,0.4328357258727107,0.7368354004674237,0.41365299579552584,0.35129044749870003,0.8269379093307628,0.24516591269848179,0
0.3088401538172125,0.9693530241496273,0.40844312291991636,0.4038140991780061,0.16488917072198148,0.6242959770239483,0.37027757530704386,0.554531284007314,0.28517290751281105,0.5687824351928463,2
1.1145194762128243,0.21287869884743066,0.572921596064035,0.7803467122843978,-0.03645692468760578,0.16062969383244627,0.8912117062678304,0.41350143032387243,0.4104093717882951,0.4185272228353094,1
-0.028216765929621343,1.294039012547766,0.23663119312013495,0.6114150529817011,0.9400946294862014,0.649973444069593,0.7972366142144289,0.9774105721595039,0.15289704451801786,-0.10985694240150451,2
1.138988911799043,0.09506255173478559,1.0076839026958515,0.9274557144614062,-0.4291441807962617,1.2913641479902545,0.6878805768356834,0.6506416364903866,-0.5447710137682458,0.8715594574032175,2
0.6818467667939054,0.64231773440581,0.1946403902922812,0.5460109937599147,-0.031982245875220354,0.8598564123944316,0.655191447965659,0.29524290095944283,0.9067264319646285,0.04574980981419311,1
0.11518753390721473,0.9535098943830175,0.9809155614763775,0.33611576619942635,0.8036278668000241,0.18061068589654383,0.5536719839943758,0.04222122441312675,0.8263740365876775,0.2582203222163407,1
0.6897077592918297,0.33940179527357695,-0.09263878561087865,0.5882106421771967,-0.1835936947770234,1.1946490372400165,0.7812761673891202,0.5788106285644283,0.8953593763418146,0.30221118504148337,1
0.3301347576195022,0.35593459821286516,0.09082690642516586,0.5183718834959319,0.5950186064491774,0.6236574901449148,0.5409530934104243,0.3506304464558311,0.7516069462947297,0.2496633664697221,0
0.4907878331872936,0.013888139450121656,0.4268005644893834,0.4991233707297925,0.3173654010962865,0.5019362769208865,0.7169523928284449,0.543075818707411,0.16068088504317282,0.9992065522622255,2
1.1338670018658015,0.0009097233338357658,1.0142090870039175,0.629832827891704,0.8468083145604042,0.2321407646531208,0.31498089749575997,0.5367799737566962,0.44373030225586463,0.3978074589769601,0
0.2526359451533672,0.3776457728689039,0.43624120354105833,1.1107915522475074,0.6303328509245026,0.47578031080367345,-0.1673811104905995,1.0224659997342016,0.41735552740502935,0.8086991331029711,3
0.20579416109339138,0.23490243352089252,0.9324241281193387,0.18657758364666915,1.0973592143230249,0.9537137467538046,0.8100304450564745,1.0670306556996623,0.8137659519509154,0.3053644842419285,3
0.7553079576731628,0.8283022370888898,0.7986292030601714,-0.05824593049289356,0.8725561684035171,0.09955957335037952,0.17945465434767224,0.16432915331955344,0.8770699952027152,0.7935913315921093,3
0.31077195543615266,0.9717679137889808,0.41101418345407337,0.4017113636322372,0.16449043991243226,0.6239623033890204,0.36939208704517734,0.5546144373604553,0.2858217192364108,0.566238088094715,2
0.9457005114247786,0.27490439642025954,-0.1260455813065351,0.16574097689629455,0.4048126053495705,0.863462427889348,0.6469333889395223,0.4526451344060504,0.09473179740308796,0.6307178270063897,0
0.9696072333724431,0.4837272454463989,0.634360104105712,0.44812309313841037,0.8923888328287495,0.44479749049701156,0.33552265281942045,0.6298578295961342,0.33447177589530713,0.5383392268748566,0
0.1224388919652298,0.11383037601917599,0.16793589887825283,0.20792476922348252,0.8585929402613994,0.4961970730398536,0.38758622090632744,0.8380009134584012,0.4837497594718149,0.5363544173004493,0
0.35510183865378336,0.00882964000863165,0.9399329359707745,0.1346768296913065,0.8823199061590588,0.6490081348675762,0.8643071196358649,0.8872882426820505,0.872338235368196,0.2829850599746564,3
0.2807849959588628,1.2806593626847054,0.520972393794283,1.1172855472423482,0.683738996309232,0.210232983010176,0.9375315190293669,0.5573344718838954,0.400404593100554,-0.024810583163172667,2
0.3159494357322418,0.21707981639559115,-0.15561378338665555,0.3319555562921964,0.2916455986496485,0.12913235872261275,0.5057726567928701,0.698399183020625,0.2952426834608387,0.1678791927400541,2
0.33466055129649974,0.7539385651527223,0.6439114250242194,0.23526129639126853,0.2574372854873581,0.458175521954033,-0.014029966381276043,0.784801669574235,0.7854087000108976,0.2644676724234939,3
-0.03428033313777294,0.11462490608585071,0.5911457855156956,0.5279404225944956,0.3077617660238522,0.4523119364272831,0.5985341538498851,0.39779911082391156,0.6689343278821837,0.4483179961980743,0
0.9256401760439931,0.021053343153873763,0.3028306023902514,0.052103905543560786,0.8119986116510475,0.6717799462162602,0.9852875996061199,0.0319968936891526,0.2352413169190137,0.4326088351079997,3
1.00910512601889,0.9304246656084263,0.7631797829117991,0.34679197853913535,0.41841438911109696,0.822044473721621,0.15598883879804482,0.5268232874407442,0.307906873489576,0.7966218606406558,0
-0.10747758068374857,0.5340753056564305,0.8137866924156874,0.6055295051875246,0.9600470647900854,0.889448735038227,0.743762950972095,0.7977746662622259,0.32774261730521825,0.17020862685152072,2
0.6845804552294894,0.7936438384127368,0.23351981610770475,0.11977535331966518,0.8297860342649268,0.5675146183992332,0.8060110707609759,0.7456042135584732,0.6706412137686953,0.6889443404870786,1
0.9691538949318541,0.3555449762000468,0.07683034762916004,0.3093587767180508,0.12056715940220529,0.8709629833777902,0.4135450247575763,0.5412871382452796,0.36891974696497837,0.7649996964418467,0
0.07043396568227471,0.8576869923467472,0.44331797204944945,0.3294179999944511,0.680522961285445,0.23509928073912142,0.6408485938796072,0.20881115036380282,0.7967994624169094,0.25480790805149944,1
0.5300638500305633,0.28896485018897017,0.5828275240601329,0.7490489962435923,0.4988564172227693,0.58770929183083,0.07868814225390348,0.8580753296719086,0.7760759960133088,0.6488860080816499,3
0.32472245944527267,0.6477543705405727,0.644539609345649,0.8864085032238016,0.8012516370409014,0.3233759204707909,0.9456881559258488,0.7943461211982388,0.6298531931827527,0.11352104123284477,2
0.3099741897104549,0.9710380675087095,0.4106722186879129,0.40317114343859234,0.16577855039112668,0.6242008712465067,0.370628905024879,0.5554765613189917,0.28524585808768044,0.568112747485194,2
0.6017650835641409,0.6315130350412215,0.7778693985094172,0.3627582248217234,0.4859080554374768,0.5388552504009221,0.32457370052330825,0.7687936417925154,0.9051605308196442,0.3484433234243448,2
0.477994055803983,0.02710997209007439,0.6888695841549541,0.18452416983306075,0.9971243048399997,0.8519799197343187,1.0835669718619456,0.9893071408247801,0.6985751868002005,0.4865826265714658,3
0.12616477512831262,0.6277012743641232,0.2620715040437348,0.6788520434526182,0.437352339826151,0.3916269972733582,-0.03287265635671116,0.7925065721784158,-0.11202595265621812,0.44632928486072715,0
0.9556634111830766,0.12577248602120478,0.14281077328941036,0.47713214133500326,0.4161584661018646,0.38619895428235107,0.7017160426126374,0.8900464672867165,0.8788263768092958,0.25173424674343164,2
1.633724042779432,0.010204242321626034,0.31990021714160216,0.8565913009372668,0.6482843636353509,-0.35925818170430956,1.1024399704977133,0.6911179456858014,0.29153098028998736,0.8757187381624275,0
1.0711655698798788,0.42833475376499114,0.4339421757283498,0.9178614043383265,0.025994641312591625,0.30152966103277784,0.8614005063925115,0.401498419665621,0.5463001162538034,0.26990898172372085,1
1.0045273513064705,0.4120463783669895,0.519161368580477,0.8174566940779583,-0.016198916347494124,0.1673030419750084,0.7817477676819949,0.49882791019542355,0.6723158977030629,0.31500118597393145,1
1.0060472548437476,0.1417380814039862,0.8420745074278482,0.795692993587251,0.6877483196168096,0.32430011197935316,0.43370942411940644,0.37848626515046296,0.49088782385038154,0.6061998603646427,0
0.099234477632793,0.11432453414699181,0.2823959015360734,0.2827449122570149,0.7956678560654887,0.5010571113082044,0.5387509770432533,0.9377051532259043,0.6813877864435309,0.5742325881350618,0
0.7545770814831361,0.4057316255424722,0.9387241239462087,0.36788550928184455,0.9833338358830978,0.591995810939493,1.013250588577465,0.4529392792023374,0.8358714060103928,0.28653378512728445,3
0.9126060359716756,0.10196028641568908,0.20110827737549744,0.5542011765942463,0.5294078412664823,0.5238349752168523,0.6908803999330915,0.7870257450660356,0.8833709188774107,0.13768013508937205,2
0.2923873826220853,0.5923694170358776,0.3760466249411019,0.1882840418326353,0.6675155926916525,0.7871396912342362,0.7220974107516729,0.4904336085386094,0.5092563589744419,0.06737489479294301,0
0.3806944225073428,0.2518522389375767,0.2421023531641588,0.5455916811200294,0.7265048585939473,0.5923765988258943,0.4127989195650762,0.2759625017209853,0.8356843405118355,0.3946141221967575,0
0.09611555539510029,0.9854097979893472,0.1508117916343093,1.0036302670493176,1.1228069229279585,0.6635361311604091,1.371523596188117,0.9897698243277007,0.64561749795725,0.4271130617959087,2
0.740994539223818,0.2863541907328284,0.7081302912225405,0.9335144950629921,0.37780640604100496,0.8969461303838767,0.9072220024469787,0.19849979004091622,0.7997721717307178,0.1580569889223474,0
0.3673561720572294,0.8160205576197582,0.31704943297085975,0.3674651431032714,0.13092326253274472,0.3571668038916375,-0.05574401616209208,1.009805190375379,0.852843518036393,0.05047193955407263,3
0.18752792065997362,0.10373853644052547,0.2806170316243351,0.35936697997822986,0.798192329555211,0.41552516437680387,0.48693121926418204,0.8216969833561523,0.7487108229460361,0.6501934528619474,0
0.9074983415456122,0.39293612267591205,0.6173509772467525,0.8487184664205992,0.8026345650145081,0.1871658932953253,0.9840735542259498,0.4999782677195468,0.7795186018035721,0.8227101290364465,0
0.21954952665805194,0.10602948877984242,0.6712562320812465,0.1718615512798548,-0.03661186780059672,0.772447704349369,0.5470813520524255,0.391217258031078,0.3048799933995716,0.1397610668328553,2
0.9344766072205112,0.3255451695139929,0.21723835577046705,0.11043808690020712,0.55139440100936,0.9078185948102491,0.4051852888476933,1.3634945748212774,-0.2562092938619144,0.7479449253454057,3
1.689654802076229,0.5252062021068187,0.1748204735804697,-0.5418243137791441,0.4716662646508395,0.10729987467511087,-1.1574607555751837,0.5183582449713353,0.2584987178448013,-0.11814149143935215,0
1.2137043308265958,-0.1935671128150458,-0.07089955548234012,0.3908956608482196,0.4687594603237351,0.4431324127213084,1.4045378216759574,0.4257863211904933,0.02214698266771775,0.320500976858699,1
-0.010214479763471215,0.7663708173725715,0.7707815434083456,1.1131509065149061,0.7313638158903684,0.9050545746520653,0.006406065195862759,0.38292982682758003,0.39635823315127844,0.08639262325569232,2
0.660968165981777,0.6947055509310376,0.055354113551215445,0.6725205374204002,0.034812243157930675,0.8988467828173322,0.5964268524487868,0.26939317490225667,0.9441047565109976,0.03819943632993025,1
0.4505172060667609,0.6719606085314143,0.6747211798691231,0.6740727588786495,0.8519815037967085,0.524556426280726,0.6180830589297973,0.9199661315938681,0.8813559742137088,0.6997453720201829,1
0.5729469096991259,0.6418922034803205,0.19652665412440018,0.5666252822577156,0.09813383475144698,0.860411230400726,0.6817253165178471,0.2904848887550871,0.799734604298271,0.09461903906529895,1
0.5807231328209351,0.5126120239821479,0.6371951397284348,0.24335421160274986,0.6089572615206323,0.5749796479366817,0.3198824371096429,0.7657202775376344,0.7855888002079964,0.35060214976939114,2
0.29423565028434334,0.8332514653355065,1.234206413942128,0.6478832776263868,1.215229397031054,1.150918489802272,0.47372409992981757,0.4977957496082105,0.09679148437834872,0.18488281402022658,2
-0.34244363570032854,0.6729478568448993,0.46824697914743496,0.35078965009692703,0.9916135748168801,1.180835892021426,0.23770516006395798,0.41151090206479324,-0.1384280168357374,-0.33622633407804686,0
0.25782231116279275,0.6207457044852576,0.39019878596752167,0.4998590517792953,0.39285173627102143,0.5009841491751127,0.2665436549606165,0.6072371627367434,0.058259269272374854,0.40779443373412333,0
-0.06824910007184878,1.3083009669139838,-0.4056613167204135,1.0148201337868916,-0.038132758745896056,0.8793273827562843,0.7649784216613089,0.5937937067120092,0.013534731712674719,0.1356955844492977,1
0.7618872762374395,0.23190812470730038,-0.13644698977143233,0.1900329043780742,0.19347667795789592,0.7066370076931086,0.49638294476021627,0.38570771266527826,0.4019795407333428,0.5414677027966597,0
0.602554619349498,0.5217055952962666,0.6915163039579407,0.245719535296511,0.585085335867788,0.6321359110431473,0.3486561268234844,0.7793615758717285,0.8077043788710264,0.3642983939132356,2
0.16170059548021384,0.525813646454778,0.4340007352187835,0.39681426421763416,0.4723288326705298,0.3853284899201803,0.0905028252578987,0.6224448673681613,0.14146947132830384,0.3830357241462536,0
0.7847635450383403,0.2649584883499798,0.6591338758985611,0.9144180666754692,0.3385571100003435,0.8979106753357423,0.8537323641510466,0.255627938924552,0.7494161281190813,0.10001960429554083,0
1.0373092771898658,-0.01574264960396765,0.5922371840058733,0.9385291297475507,0.9480879409223747,0.19923354252974368,0.31641937396388325,0.6681500268328193,0.6630479335179899,0.3871123488152792,0
0.9695131417941978,0.2308886991368782,0.3221202997182674,0.8545941187613577,0.18736207166072572,0.2296551640075768,0.9147784672473893,0.5375976264365718,0.6126480847306126,0.4296805296877395,1
0.09165298838501673,-0.00454700654305105,0.4378111168117166,0.3771859974166363,0.17299341122136366,0.6299334537734133,0.6207748108627832,0.36003816801177135,0.4816873819485585,0.2675701044702538,2
1.0719187719280594,0.4107930999004339,0.7734822621727813,0.8483623270075235,0.6580564800726156,0.2952298107541091,0.6897817889812745,0.4316939691377948,0.9459862940787962,0.7598221714866058,0
0.3102849455553701,0.9682542834455015,0.40980940327569576,0.40045522555131546,0.16741905275698699,0.622069558347436,0.37155149369499313,0.5585628021291804,0.28726365234641554,0.571035110557184,2
0.4029690920430272,-0.039455283780767306,-0.040351820817996945,0.3768299953116778,0.5896408528795906,0.3526908126131465,0.7281787576690318,0.16855019472628613,0.5922238996420104,0.29398173838543357,2
0.006894713215035618,0.39972396190522413,0.5757333760924739,0.706690088260067,0.9970543948757852,0.25279209181896817,0.6804147601492553,0.04012883613338058,0.6137959745768112,0.8580646241058904,1
0.8819529705005238,0.5087637860191763,0.20559324137542695,0.06504765434507251,1.1961438079419393,0.5029264241762517,0.5737163626298262,0.9888161744403687,0.6573227451704325,1.062369192741977,2
0.7079135727062685,0.5931654508644157,0.10246658943075324,0.4084113135591368,0.05162354081075598,0.9988201061169564,0.6104911150493822,0.2383669437497819,1.0340042108263976,0.294858922960074,1
0.13178011903561032,0.05836362933091679,0.283505887118128,0.3234261288757946,0.7784506633548789,0.5065471635518637,0.5888173718782178,0.9926895541927816,0.7113280809400047,0.5305791109817257,0
0.8305414986079988,-0.01673316077122472,0.3269637479274668,0.15170950440338632,0.7710579512454051,0.695711407441699,1.0267283918680294,0.018509306514246288,0.1782757480284123,0.4713524968886308,3
0.8510625521442745,0.23929293512868793,0.7749635750581239,0.27658179208979844,0.11589122568523369,0.8543378663494661,0.5703962230434477,0.4292754388675635,0.07210236094620406,0.624170162254326,2
-0.0642815587680998,0.2769637246594616,0.808709682560745,0.7167524348289634,0.43659317756085814,0.7156587869596585,0.36663707709017707,0.08073922566155645,0.5597830533391662,0.31405894882323926,0
-0.2912689436115864,0.8203009994454197,-0.6863911516279432,0.43424572487195867,1.1749125872506638,0.5949533665378413,0.48665362059730244,0.047244640080978506,0.15363212135905893,-0.0968051625150449,1
0.8363852322518831,0.7602296422734877,0.721078315536487,0.03303715608334509,0.8608450620877686,0.1778197425775279,0.21972294884083565,0.25390785576310965,0.872093775308712,0.9215527613976942,3
0.7557170555758862,0.8981636805265099,0.5012954521818287,1.0501363963899115,0.6237073741399294,0.7626903563209544,-0.0669659186320537,0.6666613938229974,0.5690861270397859,0.5082873711290685,2
-0.18627222908383356,0.2655148687756312,-0.29032368611449816,0.9071705273954848,0.5646531557500034,-0.30708106383312284,-0.21033209860402008,-0.014168770702119693,0.4019810573493467,-0.07771250057328066,0
-0.04968510655778194,0.7666615913087691,0.526993272331342,0.25007272259723606,0.7942425926919885,0.30768309950475264,0.7306091241951752,0.10242042519996487,0.8248476337643513,0.3050208403299337,1
0.5123673521461549,-0.13784978968078357,-0.13542633564751216,0.1382663785013472,0.37137996783717314,0.26094312805845354,0.356001153700223,0.38219831008592275,0.5408750066382579,0.10508065495101235,2
0.8498293654478684,0.773771624248082,0.7396958889381462,0.061518098890704365,0.8864516660877408,0.1498004412684487,0.19412437670799335,0.23863198741023048,0.8323757000339251,0.9367203309928487,3
0.30493567164818,0.771323378711272,0.5162826425374275,0.8927761061236051,0.15928199225604553,0.9429627793585406,0.6567198204666499,0.8937628277999642,0.6784315375925891,0.8112966058736776,0
0.09160616775705324,0.26108677491467414,0.5631490317786404,0.6975008521209716,0.26049252123042343,0.60165902066983,0.5552072935442979,0.20391905678392602,0.5831365775313337,0.4560338888679516,0
-0.020868223081322766,0.8319307215020539,0.4510761670798567,1.0448091157099506,0.9971843810987997,0.6704911134448966,0.8490630472183837,0.6021683658549727,0.15481652765627868,0.3196533649200529,2
0.9904673533186822,0.1644578581880122,0.22800173075507524,0.02703072721567372,0.723988480746622,0.704414645110656,1.1250857615503536,-0.058576579262081624,0.28586811152672253,0.29714065119981947,3
0.2292706750750089,0.538867947385731,0.34619791878481604,0.4972389690951871,0.4101177761738958,0.3866493823415815,0.1498768153463348,0.7134395663094533,0.0158063582268705,0.4129740614665469,0
1.0496620395376688,0.8059294847949574,0.7598008879670282,0.8430393533344751,1.151599465246246,1.0680598066166533,0.6059267417763421,0.06395821005847424,-0.07613075707099765,0.38696025180504784,2
0.3821461814956101,0.3639211786662384,0.08964342100249445,0.4971089759643997,0.599464460608975,0.6094482568174086,0.5581503327199856,0.32264126150338474,0.7530388545079668,0.2213947973792388,0
0.2609137961049368,0.05489975597886366,0.6600194981096907,0.25407782149697866,0.3092703051847503,0.937970071984772,0.09944664027430898,0.8992211788239067,0.20055776936829742,0.5504356003344827,3
0.17541990536706978,0.6083552754739037,-0.28485329305531976,0.6406976046335765,0.2615019518338892,0.5146460728401614,0.4812258152876295,0.6249146738815594,0.49365874937721976,0.2634087673342742,1
0.3096655762076294,0.9696252828559064,0.40992053286885605,0.40226619134083336,0.16473123078476293,0.6241952761324597,0.37054666642308554,0.5552887410890818,0.28697237667725933,0.567536938497574,2
0.9504901029117943,0.9624560427291865,0.3632422597293339,0.6475414233739957,0.820282985612899,0.7431526436256881,0.4437121143279808,0.17186490842082006,0.4129105989378343,0.5295613147121174,3
0.25193844890439365,0.8661256977492706,0.44054258372076405,0.7954857881969332,0.17102078693453177,1.0481770168431077,0.6115073985597272,0.7929941420082608,0.7887898702262542,0.9607155853091733,0
0.7080161980499771,0.05198649766550699,0.6387648814359367,0.39537652048882366,0.03668641195422351,0.7469899245106177,0.45399131002031334,0.46171819912106854,0.12223808537411333,0.6416328583626586,2
0.7161802523398874,0.4046681754054633,0.4538859236299925,0.3200466909267285,0.4692798859493862,0.30153193803858946,-0.1094514456770429,0.9265371027506922,0.48558533393164016,0.7765856380929402,0
0.8883489492348988,0.8863203384463326,0.1656073473420591,0.5307957700086009,0.9639238729218533,0.6621685608612378,0.09083955691563883,0.6116595065862008,0.40677592258650946,0.6142252251783467,0
0.24152158465547335,0.3605567433400233,0.16118054110255137,0.2569726541160069,0.8201251073701638,0.3983571766247942,0.5065504146860741,0.17600288803532468,1.0689108186369456,0.02178081022234754,0
0.9211998131656112,-0.0031476147359521256,0.3831226769051094,0.10503304236418994,0.8484456819254461,0.5462271871216275,0.9934258252058741,0.07801438835985357,0.22945422163101986,0.4109301239431408,3
0.9998040717378548,0.4935450416633318,0.741460711325599,0.4796634817406774,0.849846284852704,0.37477635340434434,0.3602170419298676,0.596190266649692,0.37561432825814745,0.612166566983799,0
0.08764598429315154,0.11302041716969215,0.3184048683950727,0.3130910622649527,0.7978844020735679,0.5335489792637957,0.5593451822576927,0.9060925156579149,0.703753494875525,0.5589044228458793,0
0.27317311653797394,-0.575651224870694,0.6414831075322098,-0.17620589154238314,-0.49182581887413857,0.06774790566833658,1.0365991118149451,0.05864950652397238,0.56009492059173,1.2320028941554324,0
0.4782598684427445,0.7416793639378398,0.2746625823204838,0.464793294140144,0.10550286952997848,0.8717515694960072,0.7636013862967025,0.2591885972352127,0.7805864542393864,-0.002805199082267687,1
0.3846629034172967,-0.0318201509339722,0.6301171444079021,0.1340073557920295,0.7419706617340839,0.594550066558468,0.9247512797212213,0.9512276348939339,0.9781574095204254,0.39152099859114975,3
0.9480189869095186,0.5805699199330182,0.5201705741475576,0.6813640452212548,0.1277070779584394,1.20194037955094,0.43470468673038776,0.5090766917814656,0.07669047842563226,0.3589243164063444,1
0.49064016821928075,0.8753493378025972,0.3608676391150961,0.9400770346801267,0.9052556570627159,0.6468110208609434,0.9866644117794917,0.9264396177472562,0.5108530661586992,0.6311204241773666,2
0.2509139045793028,0.15498460204167827,0.09213120091284481,0.9706754904610201,0.3453835273760831,0.33519547067725386,0.39776336644586346,0.5302853065399642,0.43279413791852833,0.21697360652400657,0
-0.1367666920646615,-0.17352784398826104,0.33830001017418093,0.43533115423175106,0.8100904559506672,0.6835363914004887,0.7487259053971476,1.2822805206622614,0.7694128013222907,0.6127486617468146,0
0.8478031061382558,0.7603220932594014,0.7583672925143429,0.0569150271822372,0.9032606664098544,0.12965377117990196,0.18152703121776287,0.22261179207649273,0.8287393483623624,0.939392797725875,3
0.6001994229029969,0.43209550887690296,0.7380422493219596,0.20137820792721628,0.6173095489028423,0.6181791636003279,0.41086659657020574,0.7593697332964386,0.8614695002539775,0.2968731592798298,2
0.9140125819791272,0.9769417436803172,0.32240654496201865,0.6642044264909742,0.7665537404099172,0.6817073140409496,0.4518073303755412,0.2131957485800297,0.3836437346173763,0.5388225302208918,3
-0.0557566398710293,0.21101670675717665,0.12784766059401736,0.3034120894075132,0.8308144355075667,0.5743934241913224,0.5906906095990413,1.159961724880025,0.8862624759068101,0.3701823261020126,0
0.3506386795778196,0.32279780656029766,0.06624260487237019,0.4910561335095907,0.5505169623439122,0.5975369211827767,0.5613726010328746,0.27739650986543984,0.8057052312200038,0.23784484906634376,0
0.5622454241811368,0.7546967522902129,0.44831742722177187,0.06706190705411016,0.8312517781162556,0.3831744203101377,0.8343540141656544,0.729257600646424,0.6925578851165556,0.7832464018019182,1
0.8186381334002695,0.14069982399111877,-0.046960943550964696,0.4493720075055774,0.32894259963724826,0.6505452926782199,0.5026274261261626,0.5947627812767113,0.3959873404165833,0.5892538832188611,0
0.09544585723817518,0.01345045854196196,0.4314489879296412,0.39410462127652246,0.18832306652978054,0.6124939569015172,0.6259226804167944,0.36068059911012995,0.4559387003158927,0.26598684430265346,2
0.06259911809302712,0.8657202885679626,0.9726762962444665,0.24840369045419558,0.7488206731639068,0.11384506569781988,0.41577495170313,0.07710824614914503,0.9114317528556548,0.14640167166682888,1
0.9104904693320031,0.5467231377886359,0.267077751443631,0.2830773935470977,0.16223739779861782,0.8724757920439176,0.2586261550293278,0.6189802098565497,0.44598898372394097,0.6758430209828987,0
0.7471119293366687,0.5862426660358043,0.953419720374494,0.6189054593710609,1.0737683350887826,0.5770044437438022,0.8670604521849843,0.27197913314431077,0.8939118901891197,0.10856630832779128,3
0.2563431180253523,0.37015564096311643,0.9041589905343664,0.6614240286041961,0.16034870812165633,0.09321344087502254,0.020728406111956088,0.617468034916295,0.5979083138455874,0.15136084180324566,0
-0.02051408895818626,0.364920266544746,0.5164023072101236,0.7003197403094604,0.99061358484605,0.31963906999475633,0.6550834797948546,0.06665125472619099,0.66665000895285,0.8424468961236973,1
0.6786964251813637,0.5463939213894666,0.044448447254674006,0.7959941616548847,-0.11985354663978265,0.8161616174698426,0.4816465222964555,0.5351653110166912,0.8642778278047003,0.162412904998321,1
0.9819287533613873,0.913770119925958,0.3667788664365481,0.6771186304403671,0.8095484441679603,0.7261337578152154,0.41011210096614353,0.14633227745405572,0.4272211262777415,0.48476501820189083,3
0.19614623177511448,0.874871623204308,-0.4948812510747107,0.3952402706440972,0.006742900904048665,0.4317264008958519,0.9656089079390695,0.219401492811981,-0.24170799254912756,0.7586581866891228,1
1.0318029181740809,0.35663475680038476,0.0734115174192471,0.24150398832735404,0.12874166872504994,0.823142997254987,0.4553226917737487,0.512471826127546,0.38681791118860076,0.6853108363187445,0
0.5666824343174071,0.8392311067062771,0.4505727213979611,0.08898540045709312,0.8714770986064582,0.3146865352637491,1.008971354372501,0.6905875282476764,0.5909212355617773,0.5743275237062262,1
0.5515881745397666,0.19483429964306082,0.36933414407521004,0.46696308527829344,0.1465893345753615,0.926906700974887,0.5302564867317037,0.8689149510489362,0.3041770761625154,0.34804584687821594,3
1.0103684191095965,0.870756425543573,0.4123081288657128,0.5862928005778592,0.7315461738357794,0.7450912749168583,0.3989369543715986,0.1754989364766382,0.43228813803199423,0.446015473709392,3
0.6976079110718891,0.6035990726460414,0.45102887653314605,0.4064511685886909,0.3070548112669156,0.6292569543358025,0.04620924710440982,0.684829817227006,0.14000096797150263,0.6212234511211513,0
0.3051905261350451,0.9722515935435783,0.4139078934428231,0.40042281964783155,0.16258652577181784,0.6201037772129131,0.36890889491018464,0.5557527753173508,0.2826255577703846,0.5687423012974678,2
0.8033748962046855,0.8861047029985751,-0.2158267211325653,0.73255511515561,0.07123774941903997,0.943012666800957,0.7557873541048715,0.24698959084211097,0.7174250174365718,0.48108899075264344,1
0.5946360058854647,-0.09651631891047069,0.7731775371686801,0.1488358221597292,-0.06568988616388324,0.7605529983162941,0.3320898342548419,0.7324273473524605,0.21679922396823453,0.6279681563201367,2
0.6811968242156462,0.6033671944038879,0.4610541311863739,0.32805627254525277,0.3857267283305411,0.5418905324447068,0.047384554918332156,0.89558274074683,0.3413040316155019,0.5002810853822529,0
0.3630941288710476,0.5879217621878032,0.1569885975706939,0.35973579538566686,0.9765949107442481,0.14658781266294638,0.028696313486369092,0.36394713597912126,0.3433711260707577,0.20691209582022146,0
0.08156676922637424,0.021302024873463138,0.43113686217295505,0.3975518976509618,0.19495384005158173,0.591398056690114,0.6301707623123562,0.37720509620167003,0.4558213673490245,0.25303518009177883,2
-0.009741973230749948,0.23618402596726942,0.8137960342653575,0.7000094427576328,0.2203281629238745,0.45799005332440357,0.5993531420082221,0.2578398547511974,0.43442207419264434,0.45321031386868416,0
0.38883190164875275,0.6723331471727151,0.9775338748130371,0.1609204977785202,1.2235003942077676,0.019168804782981774,-0.06547484051793184,0.9124807139681252,0.6461544137488238,0.3608132696366983,0
0.4716272710880483,0.12636422754713356,0.015587067912247718,0.46748089947689586,0.6843641866582332,0.8210141577618076,0.6046236609414019,0.31001309831519497,0.5326472799724961,0.3222037320224282,0
-0.07107313205174695,0.9507935618247311,0.8898786204780489,0.19264709613655415,0.6741347082775692,0.047782891837753694,0.5337538899018022,-0.005335868619325584,0.8645176629748436,0.13850208629508318,1
0.6200621661572535,0.5036855390367412,0.6829741121114669,0.2453450411344108,0.5897815663231166,0.6297573528478642,0.33621691312688096,0.7851364564220091,0.805344762633899,0.36782383818786224,2
0.6415362246485324,0.785790841966556,0.3934678949533763,0.12064437254068541,0.9337239686984352,0.4679345903529245,0.8855344569159931,0.7777075307570276,0.6557024627608439,0.7409409443572266,1
0.42227916210788474,0.615836052038603,0.09719710620955568,0.23456964097525507,-0.24153033423895143,0.5370569444816333,0.7448581244021784,0.2075835819360546,1.0888847264779276,0.3446312366804405,1
0.8586779944982973,0.14822833309926012,0.4161547334563518,0.8545002329881008,0.7235994601359192,0.7340374002362874,0.5931197914321494,0.6258103448016356,0.8366439271713927,0.7919704593527152,0
0.1646244541292865,0.9105646924855185,0.6286144861517743,1.0173355457331499,0.036098723775336745,1.1440514043229664,0.6797784673556468,0.7263355022628384,0.5866051240869946,0.7101837735356555,0
-0.021524628614826388,0.8965659779773821,0.48881095042002864,0.20483961966175557,0.633892044763142,0.28529890195957414,0.7049176173094659,0.1320530278256811,0.769016977948605,0.14185264281172277,1
0.346795904521037,0.36973146260581025,0.06330845932864294,0.4923470092179227,0.5879716139340483,0.6108653817338218,0.5503926909301194,0.3059103193743447,0.7759464534097336,0.23743721449246688,0
0.2480074830849285,0.15726605559008386,0.09273745224262511,0.9703713015540333,0.3461389384740515,0.3388368323956174,0.3968812245126686,0.5342266708198347,0.43618979231103616,0.21409618781149803,0
0.26389520462372307,0.05557400281170514,0.6580908044735873,0.2544348397049863,0.30986312292794754,0.9452136639620857,0.08807948315490323,0.8934924272808648,0.19978466236613907,0.5547358728402559,3
1.0149784161707402,0.527008699687247,0.7470205343621689,0.5205104328288754,0.9285222510714396,0.3932937347677105,0.3358384152570319,0.6196422997652884,0.43242255020546744,0.5652396589738006,0
0.5101810734025035,0.9079792617459618,0.5087495894573322,0.1727580866678496,0.9388545681011418,0.5464468529866882,0.9878163466302184,0.6913578942933947,0.7079459880800145,0.578128467030558,1
0.9042770284735174,0.13109735095512226,0.4527379885937898,0.03456803805547902,0.8478498741724619,0.7141499255130114,1.1061005594096305,0.11930644291140963,0.33598092282059444,0.49781717305861567,3
0.1340032482584318,0.506440409779627,0.6760184848823501,0.2967351479874254,0.7996180652621141,0.7355403100913804,0.4622472146795677,0.681026049386455,0.20249789724403783,-0.10554775486316292,0
0.22401879485013715,0.8649139374643614,0.43747903638398616,0.2991522736731589,0.5319302868608213,0.4765047663157602,0.07356832171025732,0.696892736103722,-0.09150365680306406,0.18435231873645191,0
0.47429454190577863,0.69958724864754,0.5516675222271163,0.15256404894172892,0.9700101456019598,0.4175754273731816,0.8832718517288314,0.6337152475840293,0.5852592363946317,0.5022849788339292,1
0.24517898621837947,0.8003719327906449,0.8286598554061246,0.45341598333835625,1.046774847561436,0.8173134388269231,0.42645246533995945,0.5591755153916101,0.3426906473453899,0.21442354094775623,0
-0.08568557879627248,0.10141824702993753,0.11013039988707374,0.26262452998584307,-0.07484722668951871,0.5442510677647086,0.47525134529127466,0.9230486357285616,0.5009589621933361,0.7991322165419116,0
0.01817809018497666,0.9446589847063845,1.0049236566933026,0.23405603503708386,0.6686859833588652,0.1342011325387627,0.4200214977952191,0.04583033011995713,0.890749459648969,0.10206836727387592,1
0.0014747363225832838,0.40373932664886913,0.5847549837048986,0.679546857975194,0.9924917411966285,0.2715204811231857,0.6624920361133555,0.04128711052733769,0.6207400956419753,0.9169582490767775,1
1.6428768961112752,0.7638211540907164,0.5960869042562054,0.4611090603687273,0.03715829342716492,0.6958559788036528,0.10193595791365084,1.2775953825100603,-0.6105073467115324,0.3055216620984613,2
0.3457456528298992,0.400927939346161,0.3181679106078896,0.8642546773135492,0.026817047999824817,0.5564558154449812,0.7660819213631085,0.05637394783699018,0.780821162526355,0.5187420939798534,0
0.568004255375765,0.45080197292263563,0.8625244190333349,0.5621655618378923,1.0366664473006317,0.4491491768722183,0.9569970347297839,0.2619265162885811,0.809692664153972,0.19971745578324765,3
0.6242288511294488,0.7865094854119067,0.8697684674219861,0.5699193946851634,0.6966279823618544,0.8002586336544012,0.5557275712019105,0.3734000393475796,0.19202853183507482,0.47441577793620826,2
0.8417930493026708,0.20030100446956958,0.21938999164991826,0.65422170176797,0.4303531834659823,0.5196956823973051,0.6586280709784508,0.7628647069680115,0.8552237329271254,0.12571984300131983,2
0.874855662169724,0.061588532643978754,0.35262296124138953,0.09902729920406297,0.832826845782378,0.629457832245564,0.9839761740706228,0.0691449806070382,0.20806055213259123,0.429406111751074,3
0.1335629842091891,0.1183500070643333,0.3210443154258404,0.2848223916985092,0.7548619291419545,0.46672564953123197,0.5937927734555785,0.9808664887242345,0.6292733413547449,0.5518511174165375,0
0.3146476075375848,0.9746643491738963,0.40381708226551083,0.403003794927075,0.1710577315749301,0.6290246454633645,0.3708293809730815,0.5499330851718502,0.2802152592418473,0.567939178327741,2
0.27301125854568764,0.4257247572935085,0.925259710484958,0.7585254817398255,0.7683385916850574,0.6415579210031515,-0.1148630479107815,-0.3040432577188964,0.5226516357556132,0.4539566302865455,2
0.4029633794543214,0.15263156804632314,0.8391614385504649,0.030223449979107173,0.9302986265494044,0.7455071718434674,0.969388879793672,0.9039275348865777,0.8495432073467769,0.3606630764903688,3
0.049160068724920486,0.4017254247086141,0.5203575889954362,0.6501951802508731,0.9969208040457392,0.3075716131274309,0.6515801452038227,0.03750354199756444,0.649059269836465,0.8861212832549609,1
0.23555714435705258,0.037450100956521445,0.6712165336071518,0.24931286726798035,0.31958290364429653,0.9719298295339543,0.06304448011577744,0.8929181578422828,0.16839861114614985,0.5359189310104858,3
0.3143257400520639,0.7037704194957484,0.27737111066777276,0.9968172635471145,0.23891873116456036,0.7319011006733835,0.35577771499052324,1.1710539105206572,0.8414020317280844,0.7312468129788263,3
0.29970290579039566,0.024418722760954137,0.043119103993292995,0.43253867542174995,0.8025358929152793,0.5698364346608213,0.4034319396585881,0.6287624231360915,1.0415506269841002,0.046519857323345515,0
0.49448642685058886,0.8740144277772125,0.34906763563684884,0.9270338770197271,0.912978661166228,0.6422733147255374,0.9985577467924432,0.9342520783362847,0.5080588625828506,0.6439249388354082,2
0.789471306858717,0.8498890259698257,0.7856076176870763,0.1867889891389911,1.0441999017361436,0.22512504542549505,1.011429546857265,0.16175136661616507,0.8581039198549112,1.0204669265110489,2
0.989156927597886,0.9597881123538989,0.40613538023729817,0.6794372936003111,0.8088793189729626,0.7155560433535865,0.4101761675567032,0.14092644048688308,0.38669302569697445,0.49347381577490207,3
0.65286241828651,0.389568442620464,0.9201554175009821,0.5012977568258219,1.0086899073182083,0.5446928078908194,0.9238824074119892,0.3725790619480377,0.7830564221499144,0.10953103892425134,3
0.5658809493101653,0.3693919635545333,0.9902631030551052,0.5153620552304136,1.0759821668985567,0.3728168797579682,0.965598588779014,0.44809292593789174,0.7864410630747841,0.09323128471697467,3
0.17119926120437842,0.7897444364055555,0.28137242627323605,0.5752888644777385,0.9571258040535272,-0.0853386384537051,0.14944978708338352,-0.22842581294241548,0.5590908734831175,-0.3650090686847238,0
0.08368057010824868,0.15942181753012225,0.6980052957447954,0.6470298752411265,0.24738735445780946,0.484348614162896,0.5120777712496479,0.3254110093068826,0.553825768476332,0.3815332263134718,0
0.3128949294603574,0.9737038264390011,0.40649192872542317,0.40544032311272993,0.16319012640307273,0.6234091063614741,0.3671863756937621,0.5560378317376966,0.28863129254694525,0.5704113692472169,2
0.9369270367045544,1.6171731029574596,0.1835168688660996,0.3591263557517535,0.9998648031195253,0.36825547513875845,0.9228595132546973,0.47388837462146954,-0.09176173963605505,0.8456152011352621,2
0.8829725694155003,0.7444807966870111,0.7379853531075042,0.06596618458503649,0.910446142424751,0.10980269312270272,0.18355397611848875,0.27177631605964864,0.8470380148931649,0.8872828681281419,3
0.8726656313720902,0.06288470998013626,0.35020952284775225,0.10148632076243538,0.8318679745758697,0.6241013741532423,0.981539008031607,0.0646926804187638,0.21323292849229988,0.430585224098625,3
0.3096276168380423,0.9699284870649573,0.4101525483050582,0.40237643343539764,0.1656506255224887,0.6235890602805687,0.37003687037934074,0.5563009449432736,0.286299887760515,0.5682367988602736,2
0.13920865947629713,0.09701212559347813,0.3401190078071479,0.2970904715548297,0.8383403907123245,0.5659671920139561,0.6069528670606367,0.9640062916305556,0.6899815335760338,0.5245589885647001,0
1.6047527078931303,0.5037258821700613,0.4208401617885533,1.0638688592820105,0.44138148452623976,1.4107014887689806,0.8437557242464278,-0.2977353774372482,-0.6948743187600908,0.009010944268204701,2
0.8399991271382101,0.7768274417473108,0.7426262532957473,0.06719327134408515,0.895794878630691,0.13894072323006804,0.19425967769753827,0.24182024129795662,0.831535323661356,0.9322404844426174,3
0.4004693282994782,0.5394961465319369,0.08790709275461703,0.32007359853239026,1.0080015847156432,0.06521302928790357,0.1083973348794859,0.32561515717788314,0.4081511489730934,0.24132727683129276,0
0.9426834698415392,0.504322929138852,0.7214093262713522,0.5930669850538156,0.9571410174372277,0.35792997808362637,0.3989733993077385,0.6652317912422012,0.45789388140563525,0.5705292307107571,0
0.34304362355904966,-0.07550627943890606,0.1726304707655565,0.2029772067887721,0.6405742011908396,-0.17671237706296689,0.49630441332903336,0.45295617731031457,0.4066120931048484,0.1863780043753997,2
1.211116248711139,0.4193564348873044,0.19942745501180587,0.7822509746585012,-0.15009588856567227,0.21101881619847596,0.9315766712686944,0.08365994163866008,0.9785973473487206,0.11258685555906345,1
0.0736354173446221,0.40879233985763624,0.6968641668092214,0.7145632739041995,0.9992446626692738,0.17109333736114504,0.7868939590603583,0.06790657665421718,0.5657985939895757,0.835108412205099,1
-0.15167291354718357,0.39235548947264287,0.49726463820258887,0.7839567213080477,1.1533457370040336,0.3811033453588771,0.4312552626415187,0.0788935036449801,0.5669453662116134,0.8044868389100459,1
-0.12491261621366087,0.3849453218350113,0.4865285421240338,0.8190206954345204,0.8411678722980169,0.18860898503959067,0.7878161000524107,0.10929020933392482,0.6713991090997674,0.7864288734258188,1
0.4419759811028054,0.641496507253556,0.6745346822111907,0.7334901709338779,0.8958663605368943,0.5977510949239141,0.6739281155633814,0.847166697125212,0.923350457876288,0.6177308173837254,1
0.4075023757641947,0.5980752727746562,0.603086708619727,0.1692976769053187,0.2604403065976147,0.4470272096787113,-0.025504526625572482,0.8501818493260851,0.7887392509406334,0.13360857996735362,3
0.31939665365002423,0.32056499197061894,0.013484907722389784,0.47077613735473056,0.616935796671282,0.6347366040874048,0.5033811007304173,0.2917450996480333,0.7244646087207608,0.2206399274086502,0
-0.03746222082307886,0.4134663470660679,0.5422253207583276,0.6956346791518342,0.9195964876036479,0.23084235706631953,0.7021533071524482,-0.04491927347110554,0.7119847334490877,0.9369375105832671,1
0.785893573241803,0.12254980476779012,0.6148267694970485,0.3286571698005633,0.07040125977052089,0.6816516254579302,0.46572828314425674,0.4912899196804652,0.11027388264955246,0.66855239308108,2
0.6240790786240438,-0.5670374479931798,-0.32890548736777675,0.9233642838572432,0.8522261417925099,0.30514058222017104,0.3077685749196764,-0.042678572579855134,0.8629908061721026,-0.002871609817792553,2
-0.39785349765991107,-0.08850256335077145,0.10546449059042261,1.3878027476487869,0.19385925062744339,1.6262520519421106,-0.2293689808957483,0.1465915284070305,0.20648828285113976,0.13480721707264626,1
0.13402818727068472,1.0307591758712251,0.5171518248046837,0.15728505555142894,0.5619038669427979,0.2834837046191535,0.7362542099732435,0.24426946700791258,0.7612419500716682,0.38592286878242144,1
0.7520868429673313,0.8277113930564558,0.6431534333962753,-0.023471314145888655,1.0005874532888637,0.23062201493430606,0.1729355681434842,0.18117175911866493,0.7997307396671294,0.8426005929167374,3
0.2877197581282393,0.0024125721536731315,0.7612832449232962,0.06987861979491539,-0.4293984206121815,0.5604140636138804,-0.04635350213374778,-0.11922441942545436,-0.028406799574629576,0.03023212988494628,2
0.6420533593390929,-0.06572786761161611,0.7137050288333704,0.5252678050914905,1.1678956437970158,0.6824492758899015,0.8316940959400017,0.06842659564531944,0.9159479085426302,0.24480560028748005,0
0.0991745463577245,0.014931466932209874,0.45098633844954333,0.40332365104192097,0.1805348684845105,0.6001204038077069,0.6142567993712049,0.37587648842751675,0.4560613140117871,0.24372178957108298,2
0.9981953688617916,0.33760960222883596,0.4297320963708298,0.9014054528167157,0.034996851093320805,0.27394939578745775,0.90821944727001,0.48822649493878933,0.5852400139307699,0.3035862602262352,1
0.44424458281356766,0.20598865640498182,-0.03169909843409556,0.23084872794068245,0.8205604049644202,0.3735362200979375,0.5657105729895578,0.5174114912381201,0.8018519822333733,0.15957811513475034,0
0.15511738135648254,0.08757763051036464,0.387321217562139,0.227323780637663,0.07539611935196228,0.31249913598830026,0.6042954816084561,0.822610031409467,0.7554758288345081,0.5252187226069679,0
0.0530779526062222,0.8779849353298003,0.4601556760318163,0.3366149612118784,0.6733203495979998,0.2314624240563434,0.6375804768960722,0.21310872206759343,0.792271998728362,0.27204208736353747,1
-0.028347735005726543,0.9513841478308936,0.453622930629843,0.8164195079835271,0.7644738989996742,0.5130198518369767,0.8683461462261283,0.5996077869163244,0.17623475922321047,0.26810627996628816,2
0.21575203174591298,0.7860440584814659,0.5804077420377548,0.8654632471326933,0.12233625970046166,0.9690432807639304,0.7013805581678322,0.8633806066772779,0.7036324071312402,0.8601043540990773,0
0.5806315337463183,0.8977801352270594,0.3354403174865595,0.9277686374861145,-0.16692684204811284,0.6742726538620551,0.3755425415213415,-0.009673407728008676,0.821679032560376,0.42088257147767855,1
0.1727793411762257,1.1237431885297156,0.050831485660647366,0.39752100946602253,0.33709192587163517,0.46190740779342687,0.36068076230801177,0.5630178880367801,0.06540438088769901,0.8158051374449636,1
0.6108185324967005,0.5148115232230343,0.6852325025551275,0.2561318687874777,0.5818617467567779,0.6128314829002444,0.34490904136575706,0.7896632561369402,0.8007173930243837,0.3647013317339236,2
0.3336872783629112,0.5101072773451303,-0.010948737021783922,0.2121825264567836,1.1029251920188363,-0.02967255467919777,0.035123470048213486,0.3083644282064842,0.4538021275173312,0.037620547939965554,0
0.30703220500972933,0.9702291058264274,0.40898281207097326,0.4029651847762541,0.16453521006903093,0.6238050632813512,0.3701644785791327,0.5557485221523105,0.2879282867606675,0.5708657096140809,2
0.10765005384618952,0.30893253100898255,0.6799024190422709,0.6316786192419866,0.8812578281549801,0.4057322550844842,0.7152558486309987,-0.11894885667034744,0.615519136484846,1.0020161321294365,1
0.9983684891591958,0.6757321912997797,0.8292817802550276,0.45162925908278195,0.8287141511326929,0.7705180456710268,0.312521460373702,0.13828221658600198,-0.0643724181061412,0.30527446724378826,2
0.2451930392698092,0.05567019038345106,0.6508709399711957,0.26056711124278803,0.31772420526925227,0.9506614120852093,0.10023927096783306,0.8970806012863235,0.18535129614456508,0.562641693074286,3
0.14306092696521885,0.9430032494519898,0.9869917409416694,0.3539391310966983,0.6046065590046972,0.2752948542285303,0.5862369222698463,0.16534295271726673,0.8149448407740386,0.04709222304169722,1
-0.012562348189013098,0.3016398778449368,0.669250888218548,0.44498672041328835,0.8189490982614683,0.22977251225994447,0.5923535565660737,-0.2067035546206023,0.8736595166683052,0.85527856635158,1
0.31584755149541227,0.7492307781625032,0.5678500760218329,0.7514748257111064,0.06737757079989534,1.0151772587196262,0.7124295453476923,0.8947119079072888,0.6371942874195775,0.8379804463700704,0
0.33774363147833225,1.0107576039995412,0.6389052775627738,0.8444918426939033,0.48454927620192423,0.09760821135650277,0.9172148918700015,0.500694453865014,0.3088208260878795,0.5659648551236929,1
0.20702997437275122,0.10735170570658802,0.3373041572765186,0.2101567972200591,0.7822176996987058,0.43230957063485487,0.600403999097853,0.9368038050560312,0.6066262005189081,0.4814778920626833,0
1.2181138559408824,0.3877407991935613,0.03462074420548291,0.5431253151200741,-0.02948295484496377,0.7704969173373679,0.48502964589504005,0.4600930167686902,0.3324133652663478,0.5347285223458775,0
0.7595822752977766,0.15635084964754853,0.386022166054238,0.010402248611525777,-0.22203838985063606,0.569728229221228,0.11014701964141638,0.4438609511978121,0.008970412995615198,1.2113650149164452,2
0.8194170662188766,0.06155817506537557,0.2911925642296679,0.0963560917974057,0.8940129260921444,0.5228756848341615,0.8585102745716142,-0.017005679389493766,0.1954908377545896,0.4173897973480079,3
0.13722796722844885,0.6131416266460663,0.31733919897699037,0.4648409424436156,0.41391790742802254,0.44629231648539436,0.21211763185971466,0.7387482674890788,0.06171877842518577,0.43565267767599447,0
0.6144176356964897,1.0617884686222978,0.29880569407312874,0.5572885669748442,0.41488532632469743,0.8430594529588779,0.5151049215675931,1.0217463070317554,0.2350756631344073,0.833777399937234,0
0.29830997095527806,0.663423542924978,0.6595075272261819,0.26628166117330554,0.920785701461169,0.6660851003074318,0.4307136810295003,0.5231652037314101,0.2708679350972091,0.0034158336299702193,0
0.11110853988723657,0.35372307394542435,0.6741520788323253,0.10646248124425498,1.133166393718485,0.3270338211243281,0.796142404697566,0.6128935834724606,-0.03721247624838919,0.28611057424518277,0
0.16487554017542286,0.8613577918726564,0.506146536583104,0.9768311936531339,0.6911910444619581,0.655742178241526,1.0529858197395079,0.7093646405576464,0.3249919105932462,0.034398989741350555,2
0.224587758805741,-0.011938620034719627,0.5959969544531862,0.27284630383429537,0.3339383260931759,0.9126266716054026,0.09791514513214744,0.9102437513036874,0.17132313221296422,0.5364482996654327,3
1.000962045736365,0.5271101324648283,0.72997274233705,0.5294416423510984,0.8946674987614114,0.37592143652906906,0.35711175033479664,0.6263402363482117,0.3994942088906655,0.5734245827814668,0
0.5393759154396722,0.872435510851562,0.10647574278201112,0.33262539191916624,0.07490533091171375,0.8693893054288292,0.5593377012036083,0.5641767737473016,0.9134583424747351,-0.17797121714566955,1
0.7363206412667431,0.7055588502821895,0.43800864480149054,1.30041487989603,0.46725401806104677,0.7934581164036055,1.3751423673250516,1.1977657065722025,1.168311215777493,1.3797665380561335,0
0.6030138424986111,-0.04506642896004659,0.9212216480100162,0.15959546535562288,0.9735959071735807,0.7290304717568554,0.9371433745490836,0.9304820902098264,1.0217287075225872,0.33569571635004786,3
0.7469883149423575,0.27584910112709454,0.6060054848346816,0.8547738401246243,1.2790739039260957,0.752568747137627,0.27969317244837555,0.24641846848358417,0.05418015442080576,0.6700516056480079,2
0.4483985679187508,0.6742841267836944,0.6745421830298673,0.6730614139326406,0.8474868282892921,0.5263973051643664,0.6191602685492839,0.9219760947499651,0.8804750134527827,0.6973317312000659,1
1.0122357106617443,0.5440330446521601,0.700914992478819,0.546026577964575,0.905362946896228,0.3680636259885837,0.38647286791996543,0.6291108153335576,0.406216554035065,0.5830872975222424,0
0.09250050408358859,0.06826717257828949,0.34750222701166367,0.3084135072963662,0.8410617489302885,0.48183898542423786,0.5337946857775613,0.9994032829870453,0.7088534704307984,0.5995798906029303,0
-0.06112094757750794,1.0825464785124461,0.5507052292844221,0.2755808166695809,1.0657010993964653,0.899426734217414,0.8616142059366707,0.7442011953283614,0.4065590342839408,0.514410330055369,2
1.0364891149322744,0.7461066245197754,0.7470806447312904,0.8903741932634948,0.8467561963854828,0.1525278118659299,1.179719907599662,0.6314963360798515,0.7837321456837338,1.0783701218640136,0
0.09998459678858818,-0.17037549746238145,0.9621571711050463,0.9512116139455838,1.2052875164862002,0.2982023051662069,-0.17949270107936824,0.15305918142126237,0.9726022436547559,0.35619900424484824,0
0.0477202197201712,0.1854175340819776,0.2558632177187511,0.3745014817170413,0.07848597295928142,0.7328800666609211,0.7230372178392201,0.2046528664222183,0.6175547968983162,0.2028363645152889,2
0.10742992666703088,0.09667231724800175,0.29276513306549795,0.2791964616101939,0.7858925919138098,0.4971719724850074,0.5505892129745639,0.9347260566452343,0.6750976572632177,0.5686579218951655,0
0.2545549914512468,0.1508000382894796,0.0825396154345695,0.9742267692632979,0.33983313932625664,0.32727818831001304,0.39922118560513714,0.5274942599241227,0.4255097260574763,0.21621463073194458,0
0.25262100028037315,0.8096846321474224,0.5104612049816429,0.8198672167270964,0.10179998267924208,0.9881686521598412,0.6590877573792497,0.8346893961803035,0.6605746232988607,0.8753187299239258,0
0.33528310510630993,1.1240211435358516,-0.061885401855569344,0.0155414559352261,1.0018504759842946,0.23904349307081668,0.5187265206969468,-0.3171242196603701,-0.36374219098000393,-0.20734592539627844,0
0.6857270361576762,0.23866298978235218,0.27728064709122857,0.27812866855510854,0.9487374337796474,0.02467358210540166,0.4165417003639145,0.022445432673850074,-0.1071753736227522,-0.07318839456952048,0
0.04946304695837608,0.3701631894978826,0.5588094029965399,0.703460515662774,0.9597887609142094,0.2593716221895071,0.6897221738325153,0.08462040185901859,0.5838865647413396,0.8482709299794784,1
0.0032068936146517624,0.31747851800259314,0.5010943927150222,0.12422626231282943,0.7461284768991863,0.16877325193002832,0.2129597512591784,0.7081652392830955,0.7423751196924506,0.39286498968637273,0
0.5616723249892845,0.5727403498096427,0.8953128173091522,0.5337367107098856,1.0384984021503314,0.5353401187051141,0.8572054257635792,0.22994223263478325,0.8459204335527907,0.14500159792689973,3
0.19525422543888252,0.5437909920533509,0.7681925367362299,0.6729314679038686,0.8189669398555169,0.10900565494844908,0.41754592906469135,-0.1553143232552382,0.5890970684331743,0.9831443233407784,1
0.5018974147304736,0.7922092287246751,-0.02080863823473411,-0.07092917609615668,1.1527186059765713,0.883358466711279,0.6303512770169926,0.725241097775785,0.09823432461581424,0.9641196368451384,2
0.25713534517405856,0.15575887726179785,0.0984426289550655,0.9600495651829088,0.34971612880346165,0.3454528954752275,0.3924825352375177,0.5375320683523773,0.445969292947565,0.2018953232850202,0
0.4669568091817926,0.6825822164584958,0.6915005619903658,0.6737365993661915,0.8349097977824957,0.5650689491649421,0.6132889787887071,0.8704772966794179,0.8860027545143693,0.695222983896056,1
0.2505777571489306,0.0518887789564079,0.6648602980523143,0.24940257645979927,0.30832193310371403,0.9465477104994903,0.08901343505999046,0.8954067552784151,0.19847111718502397,0.5516916030355808,3
0.2933240784640518,0.7786608603181506,0.6270612014017714,0.8250681754882951,0.11438132821637385,1.0120641888225488,0.741615859015345,0.8142755165487043,0.656707176706649,0.8881092897397058,0
-0.2204536205014827,-0.0542504544681818,0.6799185878283703,0.5513896369066078,0.14420555955946376,0.5991474707259374,0.17522263906957697,0.2168189753451022,0.7880339493638264,0.6245957000215586,0
0.014337387216799016,0.8501473756375238,0.9126557395832261,0.2210326349817911,0.6948741763224663,0.09071319512324376,0.47342221030764126,0.08567302919464562,0.8538610602525041,0.10679258341446515,1
0.15754724079885246,0.3559506938138547,0.38540216130258786,0.39433473246531925,0.6327790126058224,0.2779416952512308,0.05337986793563221,0.9849473550739845,0.9781206609328665,0.9344099074609417,3
0.34351605513758343,0.38896194091458963,0.0746407715692566,0.5185474446346374,0.5680341229413898,0.6031241914552663,0.48054181216039776,0.2686672660874377,0.8289943216186062,0.2347143685719545,0
0.9997258196739498,0.5276578764048072,0.6523461436544606,0.8548950698680243,0.8622989825578938,0.18693952257956414,0.9710372128022555,0.727847741905464,0.7946199514398999,0.8325461351348215,0
0.5593409010688306,0.6713348912642524,0.3479856071252647,0.196545002085656,0.7664357261438765,0.4497770129202224,0.7609808054950471,0.7242621502710102,0.6830058371728757,0.5868296898070647,1
0.7412315955656652,0.016098109293035734,0.9713880035695136,1.1600881302915593,0.8421024879623635,0.7572525625441283,0.11203449341459032,0.3334503501878077,0.23660923326334393,0.7546513428331219,0
0.8367242516334321,0.14641843612094302,0.4036165179524049,0.11200763276398057,0.8804810716126885,0.6418624986197987,0.9145601409397022,-0.040962360727486435,0.3127509834591591,0.5407244364287764,3
0.8922872870709122,0.41920990540133424,0.4889448922581078,0.945013159830221,0.14882407302082684,0.20486096320897929,0.8234748019097562,0.4993999184424145,0.564342051218706,0.2920054188107559,1
0.5506702662911235,0.6179521510760297,0.22483832025841616,0.16631042191278755,1.1139444572876867,0.3285490412447273,-0.07789939550853028,0.28247628209778414,0.5297973342498636,0.295781589893381,0
1.0105234103893694,0.83048480021212,0.9354564417306261,-0.08069038823808097,0.9355818344323726,0.040667519419015405,0.17244023461371552,0.19697692812842146,0.7139578516606003,1.014579655773268,3
-0.12796436147003032,-0.1475808808644315,0.19084220159447585,0.31649484146308227,0.4005191200469058,0.9048446367867244,0.9198615449061711,0.1552831680690524,0.9298894003996077,0.5967234019598457,0
-0.12303922593149405,0.545644151750615,1.122415111256239,0.4491605954372343,0.3813358414984911,0.4234192376479762,0.5101824731889658,0.011502255233618974,0.44922225384018816,0.5303667359023188,0
0.766879056799999,0.44193682934578715,0.7120637815301097,0.5642007382912081,0.572420815402237,0.6407718725286056,0.8518954580582823,0.42028199081647616,0.2926110733733855,0.9047019005600042,0
0.005621418043978185,-0.00039800993466859724,0.8653478828049064,0.5206626359688036,0.13450501529546882,0.5538623734718429,0.6239592184053289,0.2842260380971064,0.508360733679782,0.2857422725576631,0
0.9744682311717813,-0.10554899266944306,-0.20312261792713193,-0.06337644704034784,0.19585725336320048,-0.09673822455206005,0.6358272922309096,0.4243925475616293,0.5825394301787814,0.9466365282441364,2
-0.14801632377152818,0.7009183992588258,0.25822524837063404,0.27735726886060424,0.893899358612292,0.23553852209037504,0.6264258319430529,-0.01912456243888766,0.6821032365271724,0.07568236140624174,1
1.2267765902803245,-0.3237310965907664,0.9929102839767621,0.3227365165662178,0.41451010560412155,0.36043848194537753,0.16912344507194732,0.24693763943892033,0.3803761825523368,1.031455887840953,2
-0.38039618767403793,0.49405198690940916,0.7968758444780681,0.2412531553166652,0.22242184713426727,-0.2539305465831311,0.41129202444244795,1.172279214499621,0.370321330586667,0.48555264384229696,3
0.5531899893379238,-0.03232214877152648,0.44232945681224467,0.5087526685395999,0.4485698795380175,0.4078345943914008,0.6105146392002601,0.20420767213686428,0.1486742653352948,0.6237122770967936,0
0.18759843201555473,0.22961050857835408,0.6939421556878385,0.28526234546138385,-0.2691657023680276,1.235688438401633,1.307829553060991,0.6682479792859191,1.2504934210801162,1.0565633486368846,0
0.24787809879634323,0.14772637077215095,0.10616012975176763,0.9791643186535726,0.3601814912890627,0.3445866877311389,0.39809007741516356,0.5213106911814722,0.43195119193494175,0.2185715383718337,0
1.271474410505979,0.23940939579425097,0.5950973930643728,0.12605204855930413,1.1061765895074087,0.2445861643232703,0.7248236957350134,0.0411110875856983,0.4498985503152798,0.5712616698147869,3
0.8561260684439196,0.10822003924823417,0.14058587807962333,0.5578231781639438,0.47539623993018765,0.45043465407395433,0.6593073547514773,0.7770830101078146,0.8087064453118826,0.16908939225269845,2
0.9970175140267947,0.18565168313284475,0.8113868026340222,0.8353725341106712,0.6885560073022572,0.3434801671167587,0.43583852972219717,0.37265901774768023,0.489816518168073,0.5734706121856661,0
0.5286636826070048,0.7109748098739948,0.7104852385552204,0.611986905050328,0.8748801405645548,0.49031332114481646,0.5664945636139452,0.8967422407956145,0.8057910906235304,0.6603927030956386,1
1.1807590549152402,0.6455592201857008,0.19422238196249347,0.7702505263561528,0.013215312488896631,-0.0850772931227623,0.6853850212602782,0.762036242057198,0.8850935081906386,0.11241773548186829,1
0.1528856659550007,0.07298818402345418,0.21423000899580716,0.23395179713703046,0.8123248916336245,0.5692297542707656,0.49042471521287206,1.035086114780518,0.6717193156622906,0.5038917878980462,0
0.08479779383860105,-0.012669455295449224,0.44774002086224163,0.3535968168926038,0.1570747143114937,0.6135278329736775,0.6979314118437565,0.4127523391948214,0.4088226057390545,0.22725185893497488,2
0.06758001423270243,0.8948552159275923,0.4179465772238543,0.3071061369961448,0.6866533978728846,0.2177724770049707,0.6022894766722158,0.2616927252665417,0.7511924132126336,0.27274979925442794,1
0.9700162539992917,0.8248323323063953,0.8526479188310291,0.09260044492804942,0.8256264626274463,0.10679823254965318,0.2502398258434695,0.29107337676679085,0.8954439426611129,0.9233617192156351,3
0.4579241548587302,0.7655208293250613,0.4537141970225734,0.19788734492236232,0.7745772355753903,0.447165051766796,0.7701897921168258,0.8320908699284142,0.8283295038795593,0.7051611926797976,1
0.8458009397160883,0.31796886333518654,0.3185227721293754,0.7228790777106049,0.0702346798476569,0.28301580808628407,1.0144071150786464,0.5552743382583085,0.5082162345804578,0.48925744967927176,1
0.005468775844360958,0.33212490212298884,0.5391736192411993,0.7262830005903032,1.0067673045788998,0.26514139925557584,0.6495687111048878,0.0008659061541584426,0.6405691706546413,0.940942483261857,1
1.2584321834020626,0.2350218423426879,0.13341024254962083,-0.1643536997832878,0.9306399252570845,0.627461237861628,0.9295238829061379,0.1427345608959416,0.34747281933496754,0.3929835979284569,3
0.8419188004960905,0.6434832062984555,0.625912470240519,0.19867760882722071,0.1088370394851086,0.818730346514525,0.32416329241931385,0.7678585699538849,0.3303204358932703,0.6348584876429215,0
0.07325049499990927,0.26749720345953887,0.610547842652054,0.6994017352248951,0.9507878824697572,0.3074516967876708,0.6473040705081871,-0.07736115554172363,0.559438340996672,0.98347632355082,1
0.5472650295300338,1.2046684361597302,0.05022899090280136,0.05050046941183839,0.45503738811081607,0.011392142673770436,0.17871692195028144,0.22502136409270657,0.9809349759987763,-0.5260254799728371,0
0.712887331989901,0.3411083972326634,0.8753535320970078,0.602894174537265,1.119534689495806,0.5875349706004634,1.2057704303930552,0.27528229389003456,0.7009527411182849,0.21242591461791518,3
0.24903672311659877,0.1566589926877263,0.09230313783201914,0.9693263654516385,0.3474966993630102,0.3370536956000176,0.3950402501434564,0.5328992957027369,0.43504158289048,0.21487827329262926,0
0.8595470215383237,0.15964741545468497,0.3995273574014516,0.8406944816454582,0.7306371032789605,0.7530909312591664,0.605160409500338,0.6200323591945217,0.8417328085378148,0.7925269575133636,0
0.13478308264122188,0.20051805973900277,0.2054144350921285,0.21985089670104735,0.6661130661967105,0.5411760707952342,0.57714748549194,1.048688733413288,0.73452744023334,0.6223033418804185,0
0.4406498215290634,0.13683226049696295,0.8171889528650742,0.03988420943469033,0.9648766452249946,0.758663019127124,0.9461118120588934,0.9419860487067379,0.8346230681380248,0.3861408506489858,3
0.07279134851288227,0.28912606334473334,0.5906997625416509,0.579569333447104,1.0500344535392594,0.2204005312916828,0.7738839593415016,0.13681733328241666,0.6614317942740214,0.975569999655261,1
1.0552804522072055,0.4461219461007359,0.5194441801222096,1.2112386505800954,-0.15131429672509053,0.20660612929479688,0.5807401222554018,0.31901950502281085,0.8770234885625592,0.6274497178001045,1
0.4514374009288972,0.7005520004752909,0.6945789896943868,0.7041517404461772,0.8295521887812115,0.5174902434830395,0.6391319827011278,0.9415634230873026,0.8761279584308196,0.7282114241977319,1
0.879160029403161,0.522761129449439,0.07692781239887456,0.24323735075206415,0.12504546572204311,0.5323235447684194,0.2658688221002245,0.19373872600379854,0.6478960791257742,0.6333248400411909,0
0.5789633595748969,0.930193247283976,0.625983175071659,0.3416463151159346,-0.05101270114872469,1.1365050273620922,0.3550777279714313,0.8074843808912119,1.2110680818209514,0.8929660861149851,0
0.9581901715371112,0.04065932466813024,0.8452667768314853,0.7193149039691924,0.8045967319163839,0.2803070993775335,0.5098971698887911,0.3573024704184091,0.6666004864699708,0.500333134035328,0
0.7563133249784,1.190765492132935,0.591436343888367,0.1764592216562747,0.5826017960318403,0.3400805609930536,0.2731784364904672,0.6772521695123936,0.7409823387156379,0.56180784943453,1
0.4101188274719961,0.6666707239879843,0.6827440058478768,0.7176781112533274,0.8817200280381651,0.48772975462416324,0.5448141949248104,0.8488207550304847,0.8357470773500789,0.7254112987146232,1
0.22831469509867777,0.06201584308918313,0.6125929857300692,0.23303247233194785,0.32468397867938337,0.9136812125033774,0.12397762940924102,0.8553370267742952,0.16694683365847307,0.5290891274042813,3
1.5958839958159547,0.26232603503391705,0.7586004800190486,0.21114933219261883,1.2074271288129694,0.14800284919160783,0.7610023568958563,-0.5250903207060519,1.2161090663905372,-0.3840525298408666,2
0.3513887222302913,0.3423103936717977,0.08291045581886809,0.5024985756772301,0.5715841312413532,0.6121296470330482,0.5462130689362312,0.3268151585849695,0.7775310440580687,0.23847849130567642,0
0.25335962211577695,0.04265910111209116,0.6668973358221227,0.2531896651644264,0.3125580800146113,0.9425257576506442,0.09961863996945207,0.9000919289298667,0.19814841033408898,0.5491468318272136,3
0.2429202997790997,0.056149986169148194,0.6395446914277696,0.24570396200664682,0.34149274550285774,0.9160054546831007,0.09372496286329514,0.911652390253558,0.18229849377547036,0.5669246568312032,3
0.25362171755497526,0.6530436391714002,0.6064543684249355,0.3787276469260127,0.9505508259261046,0.5183228842826627,0.5083464799272238,0.5219333967096291,0.20697494366487101,0.12632226182476652,0
0.35391262534897194,0.5149818590873744,0.2264434248321534,0.32018140609286383,0.44387263013167594,0.41353313550374793,0.19176146461483623,0.7857337395168607,0.10617639421082373,0.3656386827314868,0
-0.008648357425929863,0.41912515554975116,0.5380558999165997,0.6720480503480987,0.985859337003634,0.2601276881258472,0.6736963928058051,-0.007143246331417857,0.6552890974739295,0.8728279549659962,1
0.12230802238640004,1.09351803887709,-0.4187912710008238,0.5326982342975013,0.46885562576442236,1.3875736294828722,1.205048139209956,0.6476236331489182,0.4683564642371264,-0.24435296287001657,1
0.6908712615539617,1.0091552871135685,0.3952451099546518,-0.10428767584943899,0.9380404035219527,0.4439572666157904,1.0404145673524376,0.8833722322084387,0.7598298584343433,0.7997741869900795,1
0.5205958253605288,0.3176123832487645,0.11068733871679734,0.1971438100162623,0.5175725283281185,0.09583229371905976,0.8192214519422779,-0.06575724338424038,0.3142901490648597,-0.0008445434752089587,2
0.21084917513681878,0.7470859428065864,0.21822810916859553,0.254775433917034,1.087334200819619,0.3595354949389442,-0.08862074592057381,0.5743486047910621,0.4126894209497784,-0.01645785117203616,0
0.9614975804970014,0.4753799723404648,0.782761115356264,0.57943803743274,0.8703573634291449,0.2436017902566443,0.3158829788430501,0.524594263713866,0.4303158605828193,0.6480759143946877,0
0.2777856004230533,-0.003449214275229491,0.6432846622599389,0.25488154205342667,0.26714963966166966,0.98895929950476,0.03264947543436108,0.9027018459526247,0.24006964298935796,0.5575428418820213,3
0.1091612178804987,0.8224963938847721,0.42334196553032727,0.382347838496812,0.6757170527659455,0.2627554357500098,0.6612146294122933,0.1610761095166951,0.8410102214135892,0.3032400716786467,1
0.24431124731974982,0.16120736386927506,0.0930849466519755,0.9635103872284944,0.3431404377098398,0.3340127849542723,0.3961261787620286,0.5329672738382728,0.4312884478077934,0.21757858391944074,0
0.5611368379562026,-0.062572761194577,-0.09208856057613424,0.4154020555239352,0.1300333408679325,0.893278320795279,-0.409276241759972,0.365110471585492,1.0623146291231174,0.22035206288438036,3
-0.07861368110583913,1.0955602816365282,0.5589117091924775,0.9977342247950943,0.9531897880913487,0.3976506457709655,0.8773301248957791,0.540309106030807,0.3155606184999697,0.2502089125130062,2
0.2941957556964835,-0.0036063394023850004,0.204774624545013,0.16715651010752133,0.37289323613062153,0.10079675535351171,0.5763485675690824,0.25791079428749153,0.7309731619745772,0.13834846692027317,2
0.38131008289510526,0.6948394448841104,0.7374765320109189,0.6313261914232211,0.848316137553435,0.5889155306673841,0.6675743373664342,0.9132816045242256,0.9371130517241834,0.6351705648014202,1
0.15434081884784567,0.35701439949434766,0.3770960493614054,0.7460101245231247,0.8916075408160381,0.3420208079093032,0.6476343924988901,0.17448239982160876,0.8025549582104701,1.0044650365662684,1
0.9437054841286874,0.01386786532772221,0.42403145595244646,0.05401743407638349,0.7500272689560608,0.5623858031107055,1.0666042600598755,0.0703335812026904,0.13553553225803938,0.4026752559991887,3
0.15633255555730508,0.19452895944700682,0.33500586116854403,0.36466338800230164,0.6992799627924606,0.5169281996668251,0.5398128977598986,1.032421098015677,0.6913552394881824,0.5054929557306735,0
0.1324235421293491,0.08114697384011119,0.3179939868531539,0.29517304229116853,0.8052866926304654,0.4594722403033388,0.5412500933690814,0.9796739924573098,0.6527995784504753,0.580988774932237,0
0.1259232020961676,0.8402826748833445,1.1052444095173086,0.2721609999256369,0.6873282138352791,0.17214774429441562,0.2694622769364966,0.078892490150328,0.9706754154003807,0.10620912329192206,1
0.6107472692860839,0.543829869871173,0.6521811385697128,0.29670266859294164,0.5882378481158499,0.6529427693967806,0.3558849459262736,0.8112639307721524,0.8564621087341895,0.39941898928319475,2
1.3406566262058583,0.4327369607198509,0.9250268115946347,1.0085705136601457,0.7835115428791952,0.052383324543701176,1.3741912261119116,0.3556320862771192,1.048937438271514,0.7522678616689411,0
0.2727986378073113,0.0599573673433414,0.7097796676262179,0.27125070883807445,0.3194018178259034,0.9882326744805444,0.13861927787930878,0.9846680300188926,0.20083074340919163,0.5581476652846151,3
0.359162604865224,0.8135637808311997,0.7455633744601946,0.9284114648337004,0.551169735460497,-0.044954013962965125,0.9165911182648097,0.43483749632920904,0.45003644236032014,0.6374487293379403,1
0.962120302670719,0.31898469570898935,0.4678268356535104,0.8623053955440269,0.11334553833418079,0.18108872976661075,0.8423332445157656,0.5183005510532991,0.5823086697496176,0.4093261423558414,1
0.23451756908593832,0.03696154835008142,0.6315290682262132,0.2565971323476737,0.31002173646110115,0.9300355454344037,0.1299210036730407,0.9012963877764847,0.16781718922189706,0.5327817396180553,3
0.5342696339471401,0.6326145635473759,0.0003336531263443687,0.3158994808622718,0.9700449915877514,-0.047241963193959235,-0.06260582742518486,0.4911621658642824,0.16067120946762226,0.3900345081662413,0
-0.3234629605784301,1.376521238173915,-0.3265324576162206,0.8912957215948624,0.4901725618600818,0.32308782061867175,0.7158028785766877,1.0287593931564882,0.35067933616831515,0.9210353485250438,1
-0.008883998957448708,0.35111812997256375,0.5904580829328955,0.6987235094550511,0.9325340545557342,0.2659866074157171,0.6647948312999994,0.0053565640521419135,0.6679494832542191,0.9076055061640299,1
0.3040961956907725,-0.15086284085987028,-0.014618563064673795,0.3546285980625058,0.9549237909571806,0.3853050713300342,0.7291318391027813,0.7753267766917873,0.49850063589741034,0.2457957222275557,0
0.3096909141709746,0.35775730362546243,0.21271893403914227,0.4560955276484073,0.9253637062001332,0.5951599870756609,0.8670171848812425,0.7318426054153518,0.35355464449581764,0.2621269068846643,2
0.18335593057862046,0.4619407260841285,-0.03002349963974163,0.43596172426100155,1.0731730424228503,0.12577121003128713,0.026565564514771614,0.38153368843423535,0.4937244194836955,0.35477380772978206,0
0.3119935406116318,0.9691190391842823,0.40964057657487846,0.39998892610977,0.16544547455192687,0.624129394455481,0.37264023237615157,0.5559361764486006,0.2868484613746642,0.5695411339316786,2
0.306394038944144,0.7456895947886993,0.44474618889424,0.574154890539606,0.5681724154703581,0.521344803032562,0.3185918826688403,0.5638542605963552,0.2196020891825539,0.5213223107823295,0
1.1097645716975728,0.3805740608209368,0.9315807950684459,0.6692151974258704,0.460667494879441,0.28530488115427843,0.6013157671788367,0.6006502390601911,0.608330461381903,0.5504655405677292,0
0.938534456021488,1.010827543224981,0.43383989430424397,0.7005734754688455,0.8224148042328073,0.8153732894857647,0.487923809146917,0.24182395539973023,0.3603123037476737,0.4856583368262526,3
0.19540574968025545,0.30656552266075915,0.16035237053102658,0.28167155489118356,0.7376311588060763,0.5980621774628119,0.6656375783362035,0.38492245514401796,0.6868905127410625,0.37581329642626177,0
-0.03399461049540257,0.34647460091504506,0.5083656700775117,0.7022712040111714,1.013460087812233,0.21696953012682624,0.6523273474999517,0.004862291760633016,0.7093282544404312,0.9242468110108805,1
0.7182871850389183,0.25939728141716983,0.21685441719645351,0.555485917287021,0.10272298060386678,0.8105900795620935,0.661564544260352,0.7242044882486225,0.0075803530924229146,0.05476195600089878,3
0.00841852779385378,0.4761137563511003,0.5810732553871408,0.6778114069669574,0.9740074273555508,0.2954418031066811,0.5496147756965071,-0.06607299235694557,0.5540643533424221,0.9298225558753145,1
0.9185021128432248,0.20946588739414393,0.7858542642157396,0.8029338753606898,0.6575521709247414,0.4368640621568068,0.4796035291840949,0.5014386866955941,0.4248532355833232,0.5370854206012717,0
0.9931062041634686,0.4066467200038716,0.12838187746918361,0.36648848938486395,0.08818958329143593,0.8872175744077924,0.40456592744946024,0.5352373028157876,0.4240684878478382,0.8118034589171048,0
0.28638316792706137,0.9792848027438199,0.674868265153209,0.8718889756718374,0.4317063418583073,0.0682037799663011,0.9113916031047975,0.5110477226524631,0.3170904168903045,0.6453673311096402,1
0.9673868828759755,0.1565167816478277,0.27954667002732375,0.24860881410426788,0.8664844662414043,0.45503962920763497,0.8837445911567899,0.07489655323452275,0.2675406749606542,0.5644213777132442,3
0.30994621703888453,0.9694749130309375,0.40970353787737634,0.40184955454846216,0.16503314912757064,0.6230048654344172,0.370236614288501,0.5567030407286767,0.28672817520946353,0.5683097975262699,2
1.259218205049502,0.6029326990189771,0.44081382961888704,0.7891606051353977,-0.005656521452332058,0.5081341643278277,0.07297098473221153,0.7005150061431801,0.35678592026718453,0.8452542378477047,0
0.5492730159920227,0.9560557890698311,0.9945296620432833,0.7283355505141417,0.024180048163516488,1.3480915176940917,1.9698234963842678,0.9297856420648274,0.6950734892763243,1.3325324463472812,0
0.7244612313436238,1.1139258074829508,0.4956223824886733,0.35975769445414857,0.059587260655268905,1.0407594332622803,0.20537866543888034,0.6646057757701889,1.0746357100250061,0.32365864608628203,0
-0.4720364893151995,0.5964311645945444,0.42878507330816745,0.5385637564348092,-0.21468606038070814,0.4163741324997149,0.003608894443045574,0.508783002900987,0.12325087651329197,0.40471635977833215,0
0.896578604282508,0.3092052734408705,0.9571500811526261,0.7952763240161025,0.8416874490632741,0.44146266822901237,0.323643674582071,0.5693559617106887,0.5994017259509616,0.48502392268014793,0
0.009541846718345064,0.9574466724092734,0.42088796627446656,0.8951630580350233,0.7665286716609296,0.4801935997242341,0.9431132939987054,0.7066516602424369,0.27811893706994656,0.1867687025654,2
0.18052443856559247,-0.030299372110151462,0.35277849823262625,0.2937568318755542,0.7887135775832645,0.42145283101497566,0.3950514984756391,1.1093687968513999,0.8176996979035527,0.591328757782293,0
0.30807002400068006,0.9731828876171915,0.4122803546144272,0.4019961488706942,0.1629506929677424,0.6210787363328736,0.37198204971246274,0.5572638815035965,0.2892072527016557,0.5669738829084593,2
0.5166140812362605,0.6296496289564006,0.23782625460757523,-0.0071945730738521285,0.7195142201078155,0.3346907752209086,0.8641055666729994,0.6412601946657566,0.7098081521921837,0.6266163246411476,1
0.02226477128914498,0.9370497097604539,0.9506425772403059,0.2421645966388454,0.6771365471468986,0.1623730491029681,0.4801818549622955,0.0396587478963871,0.9143590285967077,0.1440377016673837,1
0.907048973136218,0.4517405684077128,0.46380598598812556,0.989330945621153,-0.0333808900784361,0.22936912304866752,0.8089416567079537,0.5796154223748502,0.5735312993716696,0.24128601585487844,1
0.17908402467769946,0.04224482076173667,0.26980609917821324,0.46206905641434814,0.6540214344978392,0.3810852004467187,0.3761120922554912,1.0958131587047677,0.5108995220255375,0.43857435454339155,0
0.539320232855404,0.27151744755482776,0.5195033024450779,0.8097671317853714,0.6149348252693198,0.3452369008328597,0.3918950212775022,0.7434240998032169,0.7344042523370955,0.7145247997919659,3
-0.8931910433806703,-0.2567237844556389,1.34612096113942,1.511452439126485,0.5144940546139402,1.3023723540744883,0.23107458430413141,-0.4479529348745188,0.8883583166720461,0.639421367117502,2
0.9246991334176745,0.12243162857760581,0.17813645594915464,0.606012109707017,0.5005969641885862,0.44833212426597197,0.7446248536124576,0.8101629202321828,0.8648172654503251,0.19857603627507625,2
-0.011970938551309561,0.4225941342667879,0.5612793734011031,0.68411217418432,1.008293879267632,0.2859491140604696,0.6274336075669227,0.035837057363560826,0.6715745159867411,0.8873144244931197,1
1.0346127070359363,0.3200256596676513,0.6446883608631844,0.09449884072096337,1.134747490697718,0.5394470859539593,0.7813308708197991,-0.003398731073169736,0.43603936390737336,0.39742554782360834,3
0.47739791393087194,0.707816857663405,0.7350628965192902,0.6663813131774621,0.8859752436314163,0.5354921534251389,0.5807792442846998,0.8864281651133763,0.8180479617467223,0.6623650454195756,1
0.6328704934230294,0.48172753799035006,0.7259949090038239,0.27535416655039713,0.6034699520948951,0.675425327555677,0.3362334412666206,0.8015646782823462,0.8314567404976151,0.34886599549477004,2
0.904026673318771,0.41314690637287793,0.0014857790922946784,0.3006740725788198,0.12148239697212933,0.9243455588389041,0.34518793938227266,0.4444211493859954,0.3355686882967693,0.7740194227739344,0
0.4473491765761173,0.5189830129038029,0.061787562345139255,0.4725791030704839,0.2030234699068058,0.9076123629683505,0.615905480261101,0.1878404156559682,0.7111371686982164,0.14159332759294144,1
0.45025295535855714,0.5814283320448188,0.060148411443418356,0.4069202521984682,-0.09721796594152111,0.8588815153355448,0.5383761831411824,0.2781059293421397,0.8260592312854406,0.16044687260511006,1
0.2583890485538047,0.336941497457014,0.20621670578724893,0.5026850488174596,0.6736315360342108,0.4914303812586728,0.6176689649579692,0.3394032852419565,0.7320846922277597,0.3443313224818001,0
0.6973002609226867,0.6475475094546032,0.48980576351567784,0.28941299712436785,0.07534770874268612,0.642876046214324,0.33195595777521003,0.9082120396589327,0.3752606524395585,0.685763764147045,0
0.09737134395246591,0.10313859491276038,0.29633494193684395,0.2722862274571578,0.782157009669895,0.516187150186517,0.5641092001924903,0.9197032480368538,0.668720104136488,0.5500279290381377,0
0.282857550366801,0.7320678974386778,0.6036826690775227,0.22576761999438283,0.9901716925679235,0.6243702093561353,0.4751191857768162,0.6077322038025004,0.2548389925879041,-0.05557271710101054,0
1.1967841486060076,0.8805096264542503,0.8853588661371429,0.18935443581631678,1.4854457908539853,0.3134290927808151,1.151096337864383,0.8105733377685781,0.07321255250135102,-0.33149492199367925,2
0.291935165770601,0.12199839999019002,-0.23790212605845695,-0.1677123343370298,0.2232221011064581,-0.10915437507606068,0.2841406914251198,0.8152270065265876,0.8225009997083348,0.023911412738955806,2
0.3125900615315068,0.9655221456782778,0.4093555298944404,0.4075542013211799,0.1708890711673261,0.6200538730259314,0.37303274451817164,0.5547206689827968,0.28930613919049997,0.5641343517534101,2
0.8565830396770591,0.13563296147810266,0.46066205130392285,0.12141887314424814,0.7715036874452396,0.6650378159208241,1.0422216067076413,-0.047574995212612145,0.10526401753393938,0.39994415354840523,3
0.24542922978244325,0.4011108041278671,0.22488982501920235,0.266742998363874,1.0033665154882632,0.46166139136567585,0.6910287171976699,0.6878909361413366,0.8660647674359486,0.5246173971066954,0
0.7579186016539312,0.6941935810567916,0.8138664878306023,0.04787150267549934,0.9107510819214726,0.21950673778347896,0.19205680261928954,0.15275928429504854,0.7742168959843613,0.986410577892691,3
0.38562902254301684,0.45452841116590254,0.5620803700254855,0.02696201152149055,0.6577406752949857,0.8219728668346254,0.4802978118130113,1.424183937189895,0.3488452930628695,0.7011260117358399,3
0.6529858299092036,0.4530891389569931,0.9071568866274059,0.49702219780191004,0.9925434434178767,0.45793148494208247,0.9885095482209302,0.32021856536781934,0.8746089120951558,0.18922938825603536,3
0.9112665041756591,0.8946163944335691,0.5106376565229266,0.10653715785360435,0.728662824079396,0.32078349801255573,0.4532732223051224,0.4577721228517899,0.6229910498804021,1.127267086898301,3
0.9558784648628526,0.5299064919702456,0.7032582564362077,0.5115309619515639,0.940466186445376,0.35975430096939026,0.332140451168958,0.6885390912751403,0.4377832600233442,0.5252212073394849,0
0.1665587538237584,0.4460192686880678,0.6375157858383571,0.5585719036818558,0.9194536249306298,0.40969435170546314,0.6001743738504638,0.1657681511526716,0.6886510547313313,0.9982590497606836,1
0.4969685517960012,0.8835019638787301,0.35105843985838053,0.9331630176461049,0.9069132696462603,0.648588507354651,0.9879133679454757,0.9339698513653645,0.4977379655223738,0.6365823875644043,2
0.6771962449905775,0.3705609611899924,0.6510655799013576,0.8118626977812945,-0.338612764151094,0.6015834593319528,0.6246342590427206,1.1436317898727897,-0.1940260616308616,0.8474295693388286,3
0.4130009182378953,0.417064295774536,0.17000636845601602,0.42141791040542564,0.6742278314888086,0.5986685517462587,0.5820657566047277,0.2280907556147171,0.8018948721886486,0.27878554668893973,0
0.5457629865599739,0.5142717055767586,0.6596903261542847,0.22231051327881265,0.6394192225581162,0.6867546495123258,0.3525209553885575,0.6770918214870887,0.7216817818648538,0.26784006220842915,2
0.24875142140029527,0.6326128700270754,0.37114669003548595,0.8087336608445316,-0.020331358100211652,1.0949950070506038,0.6356562607745202,0.8167827348153175,0.8261045688031798,1.0508223767265807,0
0.2717592584571784,0.11875828004068362,0.49384610926188954,0.3609769624213815,0.2547729482269248,0.3807484368128109,0.877010473449156,1.3258973082552492,0.4216244182668605,-0.050926286972493684,3
0.915883560101884,0.019165246798597962,0.8876371314826742,0.861781457250968,0.6114307897885618,0.31133083560027963,0.3642138367625465,0.4937632995368471,0.4797486373948805,0.637857567322565,0
0.08542706564021435,0.4895601550878378,1.1311010996561304,-0.07303642067195655,1.3443066830039363,1.070088732110143,1.344430597496018,0.5313532182906928,0.9697197386239171,0.47438843413501397,3
0.7214692454747303,0.15346920572897088,0.7881230236425212,1.0266397836452297,0.43660054367600115,0.9427451882004603,0.9860521623028993,0.23240242661003768,0.8492105850437811,-0.06088233480172903,0
0.48478205534058305,0.9170499957183622,0.21103223770964102,0.46526194158991646,0.5561276869869508,0.511590946780499,0.04340170376895508,0.5148728269577457,0.08696351233911212,0.31429531377661424,0
0.05181584489528415,0.712562515520865,0.4470999007995737,0.17164017387595792,0.671863095413731,0.40929191915823393,0.40034978823853395,0.007081218408595741,0.9700885917022478,0.4321275989645533,1
-0.03577940906185434,0.24805580864440369,0.8212667431399224,0.7503383591554261,1.004044938321088,0.050355419524835465,-0.1617274719643958,0.8672262651625509,1.1469889073707127,0.5990912652858505,3
0.3169377539460789,0.5205345522393325,0.2180756269280597,-0.1697755761258829,-0.10025639180016993,0.8488049699189657,0.2675977357954181,1.0424435868331976,-0.3485809344752976,0.04469421899135362,0
1.288104963749908,0.501022897290635,0.42402648745058974,1.0162104757052846,0.30302006399111486,0.5054147844883966,0.7295860224221895,0.645785083568397,0.39132843672753875,0.33518302222789587,1
0.3769487843744757,0.5489355204365355,0.36797777480185434,1.6760282105862214,0.22093844508717186,-0.399542536352133,0.1661810102153054,0.024632308370728162,0.900610464904415,-0.5958192745339845,2
0.07219366474776413,0.8353886493706487,-0.018814925474723937,0.5872609571315319,0.295045338782989,0.6953964372771797,0.5840339727722141,0.6037273957738387,0.33588940309515075,0.5489698901535361,1
0.4357003181478823,0.6370473492300526,0.28197042352830337,0.4563745480375295,0.769657927374153,0.049055272048199594,0.25174824477955426,0.5344439645380179,0.25413136226888566,0.38927607018658245,0
0.6253159503564502,-0.3092376864650176,0.79435736233658,0.6454931627133447,0.6700943269505615,0.22004134702331102,0.3849002892607898,0.20418453363365874,-0.20049301129719777,0.6970997444802535,0
0.27012111875648154,0.06353173110613922,0.6407947848835678,0.2477432542134968,0.33240081644985997,0.9167880174047323,0.12149742877823941,0.9030088044495954,0.20908339477421864,0.5636462876980407,3
0.8975727969696635,0.9170073740295733,0.9793346325132126,0.27273863516705,0.8869675957359797,0.9744182083859247,0.6101449688823424,0.2787313252491981,0.003760616790750959,0.6530881649087115,2
0.20219824588124757,-0.03077279264491442,0.40758804366640944,0.24613023603559364,0.2476434047613914,0.47872465418790344,0.6491661399180001,0.7083826512991251,0.9188506405048359,0.44751443893846327,0
0.5511427329333112,0.5994014854767716,0.5743059651923135,0.1888379364860741,0.5934686619607796,0.678885258181425,0.1947135889577752,0.6417506036428149,0.7665442616280704,0.31131921367888576,2
0.9615222456320072,0.3496385318526666,0.07165402987622628,0.3029899591222148,0.11028372316966802,0.8601827495045314,0.4108723743896822,0.5367223205097912,0.3595649734164522,0.7683313985355379,0
0.4467538615414469,0.5511808677736704,0.5922839595519992,1.138550584067361,-0.1537442132096652,0.8670046843386787,0.9401255340748016,0.8134928266817644,0.8484612568536444,0.811881735737759,0
0.3969339816505414,-0.1339890946194589,0.49945020478509766,0.5722353873388478,0.45862848395280836,0.5787685717379112,-0.12269216145952128,1.1222255478881416,0.5460407904985279,0.7717675007188085,3
0.909884809858693,-0.022344982957715143,0.031813849396143845,-0.3011925164407573,0.27339815864199235,0.2431473970267276,0.12736111983796258,1.095142291359097,0.9162478553201923,1.2833835202935364,0
0.05539202213685961,1.007108518264517,-0.05766491201291187,0.5857452526764134,0.3770951554398045,0.7232908145734702,0.5681650290699903,0.7753933004841026,0.39576592460826043,0.44036679871165424,1
0.9723078910875433,0.9441263797429067,0.39637680158266037,0.6620832261542462,0.7889767079612919,0.7283342137685237,0.416217476814526,0.1549766695126823,0.39584604777022714,0.4943757035613677,3
0.6960944849932091,0.5495234221769462,0.8120995864768287,0.5363859045457446,0.9579584396073701,1.0239897813981171,0.41162916601566824,0.24173290807649073,0.11561744683233613,0.4511148650962894,2
0.9667155182463046,0.9984232089644408,0.41336975472535065,0.646178861136007,0.8497713389513901,0.7659637288247596,0.39790332721952115,0.19786746210222028,0.4373832513559694,0.45769607172944793,3
0.4095270991754751,-0.23211595766217352,0.9248358269523755,0.29798007107184377,0.7851216425832831,0.9425083492316955,0.6709350350380525,1.1884404817895056,1.0468208925358464,0.6025031463519099,3
0.0072638515802773695,1.0079987639421304,0.09979534085212614,0.7040255677935235,0.2752832729452238,0.8391563364123811,0.7827142841668913,0.5016699178676222,0.13487482740941079,0.3740118719429002,1
0.5058902399143812,0.9463152010680892,-0.34128193590274025,1.0022865487950785,-0.4322658346357099,0.19523453707117644,0.9973128110827134,1.6599514651176408,0.1079080863360215,0.4744919251037623,3
0.4568053930874796,0.6810462793919625,0.6952812494840894,0.6987311794415076,0.8190699729350492,0.5305801481136443,0.6470394848907722,0.9674801676664929,0.9075759429633904,0.6857290023048832,1
-0.09211098749669783,0.9708180377130337,0.664277303293248,0.680104261411683,-0.1143483676732793,0.9237486087450855,0.8156907713042887,1.0456885655001185,0.31755459394839397,1.0610130803054467,0
0.3196645496905455,0.06029039997078181,0.7897444418186474,0.011775119171737809,0.9989328791672509,0.7646445504230753,0.9210259435211681,0.841809423585561,0.7299650893385098,0.30871022350250577,3
1.1035044457648375,0.02963615307375808,0.7069390982211982,0.9496153508371633,0.6750324057502957,0.07742666701720485,0.5915107065382685,0.31455726801912604,0.5069592533711808,0.7159456003462995,0
0.4987777015770774,0.4539039603969142,0.34200858992685534,1.012492907289061,0.8216029152144632,1.0883882214635592,1.1170027066841117,0.29396680507571177,0.45729813133278496,0.2616280101058716,1
0.7546781109484337,0.5602432591413481,0.4636065679899001,0.17330155102867273,0.23694727471850024,0.8026965276822815,0.7399674238412655,0.43119151590263355,-0.4975703383343385,1.4473543712728125,0
0.13705306588244962,1.06961256870281,0.16912502740099564,0.7291096649983592,0.3769832824747961,0.540120566522,0.6347263789557236,0.5174360438336462,0.4988436837361686,0.7332668181336468,1
0.36355826610974046,0.6983814961324939,1.0616901677998933,0.5746223632383971,1.0307546897825366,0.5085051840683356,1.0130286329751197,0.146697756227229,0.763529945412035,0.5159400083426211,3
0.0381069811209197,0.8124798393058812,0.42325170091126296,0.2587404606044926,0.6762524719669256,0.29768077865259324,0.7080052294144145,0.26267396445249325,0.7568591277365903,0.3304219157675309,1
0.4591163489255553,0.6039377916772473,0.2428722107721925,0.6178563101026353,-0.15905592267309407,0.7827275629374728,0.5614152092495819,0.46034109221825414,0.8762125757464446,0.1737430328417472,1
0.7803005370982689,0.46419548505297525,0.8017041748351947,-0.027268522544570226,0.7253636494671457,0.1823533711431389,0.3260519044152605,0.18466175487922995,0.6729407038635351,0.6002429854228951,3
-0.02047155196000787,0.05898518316790513,0.8423591173488434,0.7036236583601119,0.17359156545597243,0.3974736129583391,0.41090278654833406,0.44562580210317554,0.7285840809801402,0.2601257890389071,0
0.63064232856864,0.4600231691780489,0.9037446801897512,0.48406237631062043,0.9800621362254712,0.468752693441888,0.9859607789039829,0.33386443977523683,0.8467930031147883,0.20099663167203813,3
0.592825262530785,0.6251668560837319,0.8245868765831839,0.32609695264840766,0.7456741484746461,0.5135539312042929,0.08219306205596305,0.038947333760255165,0.18621524201157993,0.10396290654682117,2
0.7910108239561237,0.5217918066985467,0.8087764340211103,0.25639157307142596,0.5340428754916926,0.4242377649056757,0.1684875366587149,1.065104697778936,0.5686644296328258,0.7913884008994744,0
0.6050945789501435,0.5094112258757796,0.6733460617357976,0.25142867379379774,0.5859112034553309,0.6100322347178513,0.33032776283534965,0.7945575168956032,0.792750769430721,0.36542172618201946,2
1.2000347492381869,0.4149752425739085,0.5297449447217274,1.0461177206036805,0.24265841766092405,0.4036607703957984,0.8017891754462207,0.386186828067115,0.6056851824773306,0.5300472131117201,1
0.2566788924895,0.242001522938096,0.16318992556217765,0.43800201297768815,0.6480644272359333,0.6013334935092903,0.5399078385391963,0.20692294161292835,0.8238669012021127,0.2108967408253796,0
0.3830377504693475,0.1760494412660597,0.46289153424044915,0.755415605034709,0.6164811665903386,0.6340897856358803,0.1990016415806885,0.8041575225924966,0.778959994572313,0.8360528160121297,3
0.9367296953088564,0.3548637291174843,0.48782690339620877,0.9076665540915644,0.052944923712742405,0.1940854044441944,0.8813420003071031,0.535839378678338,0.5290759435673087,0.34306594663881856,1
0.8445363839207056,0.51716813964144,0.7377896309275623,0.5855719799793302,0.8993615085702455,0.38423243535487694,1.0645941160730608,0.4906420051317809,0.8225581141370986,1.0342685127306257,0
0.2726922547362235,0.2630281800034739,0.9385852784362436,0.49969971935507906,0.35537870662494075,0.345686746792364,0.4357325042971272,0.2338220206404812,0.25882486664333876,0.2341875233150612,0
0.06406100516569174,0.16450360775074424,0.4419651971168944,0.31612175670783316,0.857075747105983,0.5075448505493397,0.6416602701617005,1.0449745640621169,0.820939823633596,0.5864562770736625,0
0.6425175792271097,0.539916504474658,1.0230430185818649,0.5924432516468605,0.9209972624716394,0.36784329420626594,0.9042555566310391,0.3673924078621602,0.8095791611467644,0.3521890117314179,3
0.25374797111798775,-0.09032284847098287,0.11028712810606939,0.005924225508072173,0.36095534347397085,-0.015997896302971923,0.3712995228016609,0.3298062466367345,0.5923657451247012,0.3643447117569365,2
0.6909826754155199,0.46799218099866163,0.9528018482176455,0.449162576985075,0.9090405674142349,0.33523776406180583,0.9686965139375734,0.22223350135048767,0.9628410805238657,0.19533980231441006,3
0.8136020042978199,0.08740287998891338,0.11742650429901723,0.5637678637519327,0.5391226814254008,0.48028551157492266,0.6477689442621938,0.7316603344172209,0.8213188031934828,0.1739264662135474,2
0.3446981690753429,0.0947839753632721,0.8296273772837237,0.021928835413709963,0.9591579723346758,0.7431764112055912,0.9369844356911301,0.9187583330085098,0.8900678333193908,0.3450610646291651,3
0.7172540092684473,0.8231925972899388,0.5710636880113092,0.24754660276114415,0.12249203904120122,0.7395474769959745,0.21849170586019173,0.7322385943404265,0.2725395641426438,0.6132254555774062,0
0.21672795235663878,0.6367873132708964,0.16956938823990245,0.3162893383366174,1.1505067920203342,0.039523132907401545,-0.09620216505893675,0.5280333971267717,0.5248818170937912,0.2603064350528077,0
0.9371687617354432,0.4513792786905523,0.4459628528201087,0.2852165507942569,1.0276161316796335,0.7875473199148113,1.043610196104827,0.5388111366567584,0.1639264036013452,0.7722323804388729,2
-0.012042951181831685,0.15651544699873834,0.6663696994855975,0.6919043573143828,0.18042603261679863,0.36822392594004405,0.4441880841633862,0.5096996590231752,0.37697777836281676,0.2674166704026191,0
0.3855322644604333,0.5348307121315574,0.11227728075879975,0.40020496738075595,0.9873518555940013,0.11597179111291964,0.025974148504025355,0.36726815221903314,0.37644249192217816,0.1951945461050052,0
0.017028218895989683,0.016949620954846863,0.4679704074912086,0.41021996667724386,0.21317469038882111,0.5293497434932753,0.6679467273226398,0.3337222387568756,0.5285610880105965,0.29447360668250233,2
0.4892158401361553,0.5110509690346435,0.5156480801191619,1.1576866760443805,0.0943476167594301,1.205770597985753,0.5558094367418696,1.110260017713899,0.7856113673313384,0.6174304886587803,0
0.3621786666564836,-0.261452545728734,1.0509103696513886,1.004218641345263,2.025091103289186,-0.9560298459085785,-0.3676454530201681,0.20963065981576712,-0.11847357589455065,-0.5902740215302922,0
0.9266480364512661,0.2540791220857559,0.6603863278540383,0.40384241717655317,0.5041841887716367,0.7281923549837381,0.16906650624022512,0.19801700232873548,0.261809750265831,0.8731051107580091,0
0.973945268256499,0.35575934284632155,0.0918279228417503,0.3184343578429294,0.10714873357300554,0.8664182368511477,0.4248002124571204,0.5364843521348259,0.36603128806102203,0.76991558669171,0
0.633535554818255,0.36143656116045764,0.957758276844443,0.6122459565792854,0.8536628879945873,0.38900855228315334,0.8071316688785688,0.15033782731412584,1.0121013077026326,0.04531200815089059,3
0.8558413198446572,0.147491599841292,0.40930664796537924,0.8561905126352304,0.7208560327660269,0.7368421628688145,0.5947827647030749,0.6283360045113334,0.8343989294692105,0.7987488068832879,0
0.6880797823563191,0.41251767096330677,0.4886498105782557,0.43180564590964143,-0.25981139288242294,0.3724135854253855,0.7259231686536074,0.5948279403634749,0.23820171780113458,0.6718113683156561,2
0.4164438569607718,0.7108004794045004,0.7209483517123593,0.6477825884823935,0.8580644185234335,0.5593065987280472,0.6408821874518696,0.9560169055590999,0.913726959175976,0.7132543762095285,1
1.0020259879762194,0.34815956800141074,0.4396133274136353,0.8712705159739229,0.08091216020641104,0.21651479427291145,0.8690769177247779,0.5109985280346496,0.5790721079254247,0.3659235246485597,1
0.6744321759487055,1.1383281794146416,0.16130407403856928,-0.29223661421525693,0.21532897235366188,1.7850812918056147,0.4350963800692731,0.218742163177857,0.1362809807877424,0.020309510082000326,2
0.941762783276183,0.2629122887776234,0.3281058563457463,0.13400939249282254,0.833716082047218,0.4904120510075244,0.9522831808990254,0.02922542537024339,0.35896365497248744,0.39208614794977736,3
0.9057123883715157,0.13994258841755475,0.18919394806434486,0.5779167395138255,0.49526967882957174,0.46362288769104176,0.7269338000468815,0.8365375207562276,0.8655703027923536,0.17313091505328634,2
0.8148462460378892,0.35911536365467467,0.45119501381656646,-0.11281408275943247,0.6542723074928504,0.4415692242147442,1.2670044799270004,0.12030787709993229,0.32673750171520044,0.2995803486740479,3
0.5994081212083224,0.5203450561794789,0.6829552566070353,0.2507487834666332,0.5798013875657514,0.6085228622113034,0.3332182930366141,0.776721116129126,0.7944696282860395,0.36520659975568426,2
0.6630586986491989,0.2874827135236222,1.0688815598681722,0.1343696314065719,1.1880717388928137,0.22715906706310274,0.7763115870023731,1.3001658158974339,1.342462807200951,0.6203716541314028,3
0.3817029994344928,0.40010749255731004,-0.22831884709156536,0.29483779768274393,0.8277100089928677,0.20674867230475877,-0.34202560984615143,0.24564925037639573,-0.01267192730058958,0.5271710264936759,0
-0.012173834923717528,0.9787831654362289,0.9291097327167412,0.27769769283602913,0.7611710249627244,0.19179838657804635,0.3775798379531283,0.09042508133551595,0.9386625414486146,0.2000631969622805,1
1.0548305563022584,0.35974797787672685,1.0460408547850986,0.5904444200917007,0.745766597446555,0.3465557376980642,0.5595815221394305,0.5197733383376011,0.49688587272286977,0.47776126048035283,0
0.9540062551164844,0.5561823280734991,0.6659104934156377,0.78319184300566,0.8764998780794627,0.2552722509058668,0.9567152088430896,0.634106817393564,0.8897597316207767,0.9302690290531415,0
0.8477677133693426,0.3565070568521449,0.6595712122060156,0.733904041376258,0.8321443821407258,0.09427063008822126,0.923346372814981,0.5918145439679503,0.7306110840694369,0.9607302109896261,0
0.6302283521054279,1.0205388726290119,0.24653060265896726,1.0731060943626192,0.39266394067817434,0.6718165739956323,0.539751152302066,1.2776757835078112,1.0371031162275393,0.7391216439205232,0
0.18745808912850626,1.017536390660294,0.46042673624036884,0.7692042696942438,0.33347047910353805,0.947379512635176,1.0072531417789583,0.6248853914237953,0.9292536709453942,0.6268298869222291,0
0.09006086271143668,0.17840108761925444,0.6907418750793518,0.5814695874534052,0.18479577422630067,0.5073586381328159,0.5779357190047201,0.3818961625882121,0.5722778601730215,0.3555341006094552,0
0.37971339874423227,0.8224400231857196,0.24224811267908225,0.8582564223064961,0.8114789417131023,1.1695018529684362,1.2311259353948634,0.5583661981108667,0.7030526692688691,0.3348940064035779,0
0.7430282743903651,0.3328484466549996,0.7200646570333483,0.6335845028140275,0.743672684910696,0.24540437792238964,0.41123867157148686,0.4124189064941321,-0.04616699682462605,0.7853431729601807,0
0.8097993846905623,-0.06606779501109175,0.692928674074655,0.6540097491799614,0.9130907826202277,0.4528763634572577,0.39103800108347764,0.4133724921371015,0.17533804807669173,0.7617480766831348,0
0.9371267700486194,0.22294635949142422,0.10289287759661102,0.5069032362162218,0.5524081869409403,0.3871352469652771,0.6940503242555113,0.8308602008943776,0.8153037935057499,0.11438644130881047,2
0.3559386082587516,0.018008877641481773,0.056396385296729044,0.08980097166648805,0.41409568103616823,0.14321756171923755,0.4031503991157943,0.48668782346967293,0.5934084139418427,0.19200969177858643,2
0.25501201055375355,-0.017938065632557315,1.069870239297853,0.8935937447649309,0.5710556945228571,0.5035541195061501,0.22363859363461486,0.16440101148760008,1.0228371722887315,0.4573057427928485,0
0.15411818634841784,0.5296901430710454,-0.5014559165141691,0.2885844345444877,0.5196762386850394,0.6665788642872392,0.1786709147136914,1.0595855591747323,-0.329031788919775,-0.3906478052222745,0
0.49897588437962886,0.8759796020122094,0.36460118026301686,0.9274240181381431,0.9215210457315451,0.6635490777817564,0.9850413737470102,0.923450244038334,0.5000348142396835,0.6386601825984289,2
0.6675021244067219,0.18318078470627913,0.3232133464260218,0.26055832669471957,0.1534779750486615,0.3405801901359465,0.4063614925155373,0.09467004983316185,0.44203174144307894,-0.051949381313634024,2
0.4506575109877723,0.5512992350865391,1.1353142639957454,0.649440998052656,0.9377422081223699,1.0205234236967533,-0.25432009891841845,0.2876664573779437,0.6734976996366746,0.19027635803571885,2
0.18100047407089764,0.16491861836694816,0.3218410073024387,0.1987995312280453,0.11531912864297239,0.3434636486408092,0.626358193249307,0.8172058153168368,0.7223290479130892,0.5216594363162143,0
0.2849659451937356,0.7259803851858149,0.6990769455068789,0.7165754641867803,0.17819492134559006,0.36706253344108025,0.2939139254281081,-0.029502566280180748,0.1799196111138443,0.2966349565407676,2
0.30937586171200426,0.9701494058559714,0.4099011467016591,0.40202119708315215,0.1658519379136408,0.6231037064707873,0.3697857328824563,0.5565207534114155,0.28626379130464075,0.568031434563049,2
0.437729001309137,0.11555938911866395,0.8090431904759864,0.05964166640129008,0.9670446830346988,0.7840205547104755,1.020013140423056,0.8741577182590732,0.8128587495385233,0.31830540742440117,3
0.19230475676703887,0.3009865127304136,0.2562507664992797,0.30276784317227934,0.7585083112973283,0.42545451403838774,0.632380015744511,0.10770696662720317,0.6876914475744845,0.30363814098552594,0
0.5906661774383161,0.7618885200150058,0.3669315794984149,0.09452219144312081,0.9019634516211483,0.43651257561334234,0.8947147564436959,0.7599586993732562,0.7098073285548041,0.6969581636684505,1
0.5195264652093057,0.630360704538887,0.652727398371044,0.3492297112286803,0.5813924976370303,0.5100129126341396,0.35567215414615955,0.7539013024069421,0.8393345745162376,0.31507515689889426,2
0.34091879775316675,0.9636219674196171,0.5060773930747929,0.8118188054545816,0.016271480158827553,0.7406352927429349,0.5568200190708339,0.6616359233362851,0.6413138474630113,1.0161005574093533,0
0.9702124290764456,0.06919907415304137,0.21881046771510537,0.1750939480119544,0.7427145812390197,0.5384975619759671,1.0919581414501427,0.19095957461957297,0.2514114047326701,0.3799798249694114,3
0.0658913328087959,0.3448666855231552,0.5410425133058789,0.6165201857484581,1.058088667903408,0.35752025509985164,0.7104257453135989,0.03047366096605522,0.6658651681103926,0.8223154536404201,1
0.3484882025775105,0.3435617533883249,0.08636344828828649,0.6616592821301408,0.673326164877718,0.6359496653619321,0.42447304012600473,0.3069241374907675,0.6535129661051275,0.4086054651810772,0
0.26496470422707724,0.07547263018139654,0.6728407531591843,0.21913713242599495,0.27176921739680915,0.9791481167163534,0.08070297698890876,0.8796357347667247,0.1851931715668536,0.5973719836090478,3
0.5057669105137277,0.14614458709772948,0.13245412377709812,0.12676991446766844,0.3122194718343303,0.17269384474458022,0.5148619855233573,0.4759213113290711,0.4458810213464953,0.17013038719110854,2
-0.5598513134141619,-0.4806054642740605,1.1365681662238005,0.9423820640678238,-0.004746260320070805,-0.009786379982754945,0.6793163894566135,0.6064152802782907,0.1791017772985518,-0.17531745489112305,0
1.0202616879943325,0.3116412699150487,0.43073001381738074,0.8176704547517436,0.163123962628527,0.32151811594520086,0.8756895639668266,0.4712807532487687,0.5679782109169594,0.43407358512090766,1
0.8810203091356419,0.8225502605753221,0.11604666340516678,0.41209174594896836,0.19340583355704133,0.8454709604661675,0.544044997614635,0.4993861673848798,1.1177351232635857,-0.12501838050941322,1
0.24873176637762645,0.1570292448640581,0.09239469551133847,0.9692252738602605,0.3473219186034789,0.33682118031442543,0.39544440877363596,0.5331834168850362,0.4345661738032954,0.21500205598496117,0
0.9792783769382103,0.5156396739639494,0.7266735367613101,0.6202518436777024,0.8173512248868563,0.4371254840942016,0.3630562957796219,0.6663050055380438,0.44402573537223283,0.5688380383528358,0
0.30905505594443966,0.971244066231442,0.4106051485140875,0.4038802604544139,0.16693973390044745,0.6255839742110133,0.3724561013623498,0.554167195280757,0.28607216011696046,0.5700389960201125,2
0.2388611102375113,0.8288863895600328,0.5109828407396716,0.8543375018242371,0.08787203806796108,0.970033983870701,0.7487919078876133,0.9186829052460902,0.6917597481884222,0.8169176169733061,0
0.8553073174027519,0.14545348090915916,0.4099105203021541,0.8536575638918787,0.7181763261630728,0.7396412974974687,0.6000148787067198,0.6290915829491912,0.8324857478207445,0.7980221364600989,0
0.3798439567952077,0.5644959622652576,0.08616188143899545,0.47512104066363436,0.4049557384175171,0.41625060858829904,0.5696991958311308,0.4003051778276549,0.925434369239912,0.09567065211505668,0
-0.0960016978039536,1.1964822138384439,0.6015695564630932,0.6541828032435396,0.8221507461696954,0.6104901756060258,0.7799732611149555,0.5843875120763229,0.41967424931132624,0.021441685991673287,2
0.6647962814960398,0.46805166797476044,0.08639322388989695,0.4609496007598232,0.6687123561827425,0.9262353682936737,0.01997908215639116,1.1451993708413273,0.3347594380181343,0.7755300019871716,3
1.013953383747979,0.11814245565487294,0.49734256488376394,1.088906444669879,0.7406258353533566,0.3917189766969628,0.8599855234458131,0.4248758100112079,0.5565280507503622,0.6017135168320324,0
0.3552787902493275,0.35533932409757496,0.06706813935151312,0.495412073482661,0.5804392782845653,0.5924791585022506,0.5346153888593465,0.307306492224438,0.7777476774625098,0.24129385654029845,0
0.036823206207751334,0.9145886315466825,0.9738274962720366,0.25382705598605076,0.693805100404345,0.15036093285497348,0.45017656821736096,0.06598909484487492,0.8882617704734095,0.13342334049797308,1
0.9586223937554432,0.9409694875221056,0.35142535513291917,0.670012481363921,0.7859357867154755,0.7330108663922846,0.3954823433449316,0.1417736466394125,0.3587912871402825,0.511841320888287,3
0.3560545819432947,0.6033125417488144,0.17058578768692326,0.35553489750088985,0.9332114600711745,0.10979079059170019,0.08236745428672512,0.3874060862890123,0.3495120991640843,0.26198011292926277,0
0.9773098618306971,0.5385060380915415,0.7109562348105223,0.5442125690228306,0.9041383927668977,0.38249859832466365,0.3572015949451773,0.6139372724005074,0.4035336671050651,0.5552914544848646,0
0.05930304409249611,0.1790686490353336,0.2205981558188655,0.2610205433660563,0.7668310974557838,0.5970739000805809,0.5958839710885734,1.0130043574962624,0.5695259438098076,0.6417708363031479,0
0.858748128046727,0.00551270400106095,0.3014816216282174,0.6090037085423028,0.2536452408626012,0.9511184829673851,0.6766779391938456,0.30342913077556777,0.2146857881810601,0.41269754479332627,2
0.24012925379607974,0.3386674153846442,0.052215592956544495,0.5696758075796173,0.49372299317392543,0.6780216347861814,0.43702620003300596,0.3985391288149545,0.6853795486115789,0.16636101073129833,0
1.1861860439278262,0.004795746842980647,1.0148542701454384,0.7098135390194601,0.9154346648611391,0.28369832820017427,0.6013146433155296,0.33151066812838315,0.33662318600150054,0.6886704158255128,0
0.029472195828097215,0.9624381336397464,0.43244347390299853,0.8787631990207444,0.8268855469082873,0.5071402788059463,0.9454666727650864,0.6705724257473736,0.21368054440940434,0.1759711030842454,2
0.20671380652459903,0.6929154297000633,0.5951745161724347,0.93829285195357,-0.026943282264626917,0.9654843161025518,0.7458385974256396,0.9706810789825695,0.7606267165239041,0.8328915945948379,0
0.5791514505042645,-0.27031511339590614,0.23837398935920215,0.10386744719695279,0.7186543541169096,0.639145700904658,1.0106541947769645,-0.26640509780160593,0.5192354723152672,0.6639153871465229,3
0.30808460403505705,0.9681643330622532,0.4094210140373427,0.4009404986743133,0.16484505917993997,0.6250277738054297,0.3678037989152534,0.5562755717848731,0.2869839331147652,0.5701804525715822,2
0.44380718443120193,0.44648487785112956,0.4983420469447954,0.218092642939167,0.7776014210635,0.665777303250473,0.4281037397578429,0.4130576897437678,0.08925710423615082,-0.09930930687050601,0
0.32322544559348576,-0.026962462409575005,0.7782368866667935,-0.009878771412784988,0.8101408527058911,0.7282846081180543,1.0167658689541013,0.8115970301951013,1.0196777454460173,0.15733603906780708,3
0.8776452963688508,0.2765386829988118,0.08475400784775235,0.3375955535898626,0.15777360982209584,0.8932662957979687,0.4969141937980371,0.45734014560674563,0.3150228207657768,0.67161797186812,0
1.4820721290100227,0.2042910712472919,0.31460878394812225,0.3210934336422346,0.5022628978363621,0.3461959387205503,0.9010954853750901,0.7375209877768574,-0.08737558972834727,0.1599954710614392,2
0.4178073986495429,0.5727167805130108,0.8987603497433139,1.0423695761455969,0.5175193931876946,0.5066054365325932,0.3813897059023524,-0.053664976407235124,0.9827423410500715,1.1831493577820436,1
0.6579563846487477,0.21891373399316227,0.14120445898051462,0.22924088632144018,0.6797348770246232,0.8484984398395164,0.8966634814303195,0.12003179606427408,0.08699119724057458,0.5618814241441017,3
0.14470022626802131,0.8374174524375081,0.9887300305049068,0.21711085113610012,0.6825030532507984,0.15229143505769313,0.42476893768853524,-0.05111994824818712,0.8113926795555624,0.0056069138105729055,1
0.25377328833767954,0.0576536741589192,0.6634379213483578,0.2551987876007762,0.30407665728455446,0.9480798423165387,0.09112163873595287,0.904147557446326,0.19794787069733155,0.5542782808077109,3
-0.12709571046251583,0.9105313160343619,0.3381428526218593,0.5503373812668959,0.7620686430268607,0.6109163589703552,0.9417083904330125,0.3643647014120133,-0.006269746637628998,0.07343412489823893,2
0.9676093457136359,0.12680901681354714,0.269632399511802,0.5587638363082903,0.4782855047737677,0.4720658150719069,0.7594544105779815,0.9097558703416413,0.8426928718042384,0.19459255000474876,2
0.7381063140594109,0.22123644604473128,0.6794997852894905,0.9448620396035573,0.24924775128600105,0.8471507147609404,0.9525971763928317,0.17957634668329814,0.7239743947533603,0.007607940870590912,0
0.8333313880753156,0.7733437463561968,0.5891826669184408,0.3681202025431267,0.2732790983443226,0.6162398423794426,0.3897165958857581,0.8716451712041439,0.12733923481879686,0.596640317287865,0
0.06095915205063801,0.4909039478298084,0.4654215336102323,0.5258794676574287,0.3350998383813752,0.5754137438229091,0.10807600753568769,0.8745436743768179,0.11013630091463569,0.579274083068405,0
0.5972725063584597,0.7645486655141386,0.3569442513879222,0.08376580760097807,0.9432348062547494,0.3978962701651662,0.8841566080128679,0.7207944461814024,0.7156009285475101,0.6964944380260307,1
0.3086055871300454,0.9707686752811763,0.4090607393522065,0.40340125894446155,0.16511768618307987,0.6236246966771276,0.3691486389644491,0.5573935543675075,0.2851767704784308,0.567910775207301,2
0.9134846417262196,0.12440213536129008,0.1930404071817363,0.548298155320797,0.4834048937582495,0.5018451569593663,0.7544623289796321,0.809201623452798,0.8977858936829257,0.1601025591028039,2
0.7338782152952612,0.6552203668229852,0.7525762539806394,0.4055948946585776,0.8932625019261012,0.9555166122591653,0.40837159765485304,0.3350949476164662,0.1760156003188361,0.36564303196718095,2
0.4771312621687786,0.3105207325097313,0.14625517321340462,0.5080573999527476,0.7183641871826523,0.49343960673266524,0.6539168167242787,0.39895382120383466,0.8605432065289681,0.3566946045638525,0
1.056455489419847,0.2919163902941539,-0.015410783734745886,0.28321433446980876,-0.03482955753779804,0.9162206054209336,0.21466856853531516,0.414015537781364,0.2632826000727466,0.6517273860255663,0
1.149364537086076,0.09876502100133422,0.5257637854462069,0.15411638438620207,0.8965621262392854,0.7707712749630659,0.11636612821647502,-0.14400743591341492,0.6330158224747274,-0.19332287138390292,2
0.06762890345086416,0.12741615645489734,0.4630371964187676,0.49974152587341875,0.2041814129492563,0.5444716155505022,0.5518744164005018,0.2603587340357499,0.3603005407313755,0.3467451193351925,2
0.10621444140159275,0.03288131048743649,0.39689322521292314,0.3604584737098178,0.16735299361031927,0.5650589916264954,0.625537583703207,0.4152979311218091,0.4479397148424005,0.24422588552131191,2
-0.04512732530780311,0.8474732011196533,0.9656520368282049,0.3186660062335012,0.6633743133837442,0.056554246835663874,0.5256923792089557,0.038645704011630144,0.8739272789220686,0.14479168850707197,1
-0.20199452790462197,0.4181374366732119,0.5536042712110008,0.7539973528029252,1.2090958850248525,0.2511499156275837,0.907741147886461,-0.19683380704092898,0.5052662688674003,1.054331961933517,1
0.890648395275372,0.5659129519548896,0.3860725579665913,0.7942991286316712,0.4977407003846227,0.7510880193379353,0.7245756298225023,0.30056060891445363,0.1786742266018237,0.5807744566308456,0
0.06398286939969355,0.9278607528681523,0.010682909307265306,0.5938479266911657,0.36959629741342714,0.685799172973074,0.681249909203609,0.7269427622687198,0.3070949736925725,0.5207196885888947,1
0.37965864458699866,0.5846384071553662,-0.11294827436205804,0.6386655272528368,0.5590393626444369,0.3982975173739496,0.5146202813801818,0.390076090278564,0.911428670632082,0.024039544501965465,0
0.8016927869523854,0.7257993653028013,0.7928893471211839,0.24930101518783318,0.9139496945789122,1.0068710776657124,0.5282974547228412,0.4077003908180102,0.4329040606502591,0.5860554681373642,2
0.8767916697558853,0.7897249598170379,0.7890733110126227,0.4404776296956159,0.862784527965249,0.7811029330404407,0.5649496190816865,0.29378742903025834,0.027686172300393386,0.4353556835806346,2
0.4376272483595649,0.8327303271827691,0.42691195821617534,0.6610913836099533,0.39855256839515024,0.471154764481887,0.4089871709535241,0.7696029767996184,0.014918637910682802,0.3935730825493352,0
1.0853243876385328,0.4567533805439138,0.5244484068282603,0.9237227529981392,0.12384399194831905,0.12401017278507448,0.8286483463142156,0.3799443420907368,0.6346655602943592,0.27918856818741855,1
0.4362529545272523,0.3610169574559398,0.2530680250568986,0.4851614403730533,0.31432741512978213,-0.1560265715244299,0.4966487114039185,0.2944719924136394,0.6977701017283175,0.20154528629679233,2
0.8723712319171097,0.11504991976939291,0.4167045888773474,0.8582522472669029,0.6858324071383586,0.7320931560657313,0.5826053130199726,0.5872483707323104,0.8260641598902796,0.7827059303004587,0
0.967581998927889,0.9121694084733419,0.3736816300768907,0.6934426749233024,0.7543463280088879,0.7104079837827536,0.39595836271868173,0.16046854084361512,0.39994537750430537,0.528168187942044,3
0.5050410717147977,0.4235860352348956,1.0623069415424655,0.5370833662402282,1.1101287581656143,0.41754257509117554,1.0491230747353202,0.19457752986413746,0.8367113400838334,0.18557277722043317,3
0.14199932324608242,0.7604589102824593,0.4955195586448288,0.17675887044440566,0.5833030430033807,0.05890276820153867,0.7572396928922471,0.205474012390982,0.8722232661709068,0.16091561494555898,1
0.915322501588544,0.08348633004719178,0.5715342496451692,0.6794758465325511,0.7764944677141186,0.4541290803381907,0.4843221063857253,0.5460645598441809,0.07611069256795708,0.8884139828409758,0
0.377204213208709,0.607364162816821,0.41207882877856616,0.5647770092912641,0.22948376826509465,1.1980500462517893,0.8375789933301253,0.826490216765788,0.7084350918138154,0.9253733843870332,0
-0.3323452526322075,0.8591422671291487,1.0035325544123697,-0.16037942750777334,0.697479502126376,-0.08853159237924671,0.6001333203815679,-0.3790204903554526,-0.3239052847926317,0.6176552076678208,0
0.2498408909401649,0.7861098925756433,0.5512454930638734,0.8761205561187133,0.11584014758615498,0.9993929785550738,0.6748470756968273,0.8626512419935946,0.6833770073688903,0.8802547821207739,0
0.10617287686159158,0.38050117814753237,0.8940139394912653,0.4468385239969833,1.0813198740327203,0.6020195877169446,0.5850763568001304,0.6049161082010943,-0.06420161993155887,0.11126405280873192,0
0.25048705900521817,0.15172017571120838,0.08840705579754395,0.9719816725232483,0.34966830820229683,0.33460949460111433,0.39315042310570364,0.5353155469651201,0.4378656795357333,0.21847880784879034,0
0.1198295197545289,-0.05519404059740919,0.4114124095385372,0.3345564837214602,0.19067984235096497,0.5962260691618119,0.6467095551010127,0.3079909639702161,0.4174847860174282,0.21493106038851667,2
0.9730825787291761,0.34760959424656374,0.4405062306035227,0.8676518365244473,0.07047111900718986,0.25677764848745677,0.8521942004313883,0.5172179395329728,0.5751546070291522,0.33091613600829045,1
0.3986197619300164,0.0386800235049881,0.06078260044350832,0.17292533902807783,0.4206803505549652,0.06730338682971118,0.49128721603883174,0.4222151090983069,0.5831695717365406,0.2440335856633744,2
0.020243527712638543,0.2163801913368133,0.07369683521713857,0.02202409546975792,0.963308775145629,-0.21820876658675953,0.32107751175173005,0.4270403428432959,0.1372755992700361,0.11624668896686698,0
0.9269092552691575,0.9922286607947397,0.3500158257974315,0.5922527041047299,0.8647398131378283,0.6487914822892886,0.33583456364743464,0.1056646178652997,0.3604360658114728,0.4449358795842872,3
0.9472821344688607,0.5375704794477784,0.7091232398993985,0.559515187726612,0.9082407784197849,0.38717499714820747,0.3462788414704081,0.6399811689955862,0.3963066699573509,0.6292822944594733,0
0.19290729686032942,0.4966985932770547,0.43013010757464154,0.1691770124546224,0.8529376505462916,0.4504673265172239,0.35695639108052324,0.5036649319107451,0.27826586277203347,-0.2370212852426617,0
0.5236310884238536,-0.10414895051485629,0.6290378571328683,0.1036343150556141,-0.010479177522295713,0.9155601212061752,0.7888800868874422,0.9777503540940636,0.23213461077647238,-0.03221636783937615,3
0.08668921636204652,0.5160744403117274,0.7207579099996719,0.6663871266811334,1.2134083765269958,0.286199651119149,0.6921628555950182,-0.019867624940473692,0.7204127594067825,0.9254450359463551,1
0.3095601834662649,0.968264529539847,0.4119687516274256,0.4014556679750747,0.16465217278275981,0.6235916787026246,0.369825281212379,0.5553685987369117,0.2867005607185912,0.5695080654950296,2
0.541666008852741,0.6456498856980109,0.5828944386606074,0.5729704458458759,0.9094987958835702,0.4613612842975088,0.5091445626325144,0.8258095891459637,0.9688272229422656,0.7830905533577904,1
1.069586442896254,0.4457163668259444,0.115495181449666,0.37558325525260794,-0.01856032342083283,0.9599101983646493,0.2822582591549674,0.4590417626856431,0.44719443924516095,0.7631372413697358,0
0.6160279337191263,0.776997769916528,0.40116703210495624,0.06591176990394879,0.9252026000625314,0.43174234550272117,0.8814364530545999,0.7613528800721421,0.7189060490947885,0.7163846679567745,1
0.7383423014911801,-0.28932008320431696,0.5337814141912938,0.5824056438061185,1.1254142012172221,0.1408782482498716,0.7976082372923488,0.08695281928881307,0.6979873552724927,0.21465648015226538,3
0.969465889524763,0.3402945298687588,0.09044550251938385,0.27325850074477376,0.16335883168492277,0.8539712868838694,0.40741124066156587,0.5332545842695214,0.3869731398319519,0.7731423839247398,0
0.8249162404359311,0.8719936857584478,0.4880634357951785,0.038345530173198084,0.053387809194817754,0.551909327761796,0.16503047886303196,0.8432922928833919,0.028219525710345444,0.5746789344394552,0
0.4078356037288724,0.5561395742884788,1.0871176314500084,0.5986121427694566,0.9825849334612718,0.33287756509934796,0.8659559135923773,0.5729876134803409,0.8097975760024918,0.10849470824022522,3
0.29958835900573083,0.9601285554434852,0.41283281896615903,0.4102833499721431,0.17670134619771669,0.6275346145153119,0.3761477613857228,0.5606613542158072,0.2871322546644711,0.5702736761094335,2
0.8276360028762724,0.4315897215024949,0.7975745699609429,0.7178757251665226,1.123297896148136,0.7134015131524695,0.7312472255153014,0.4014883370386255,0.6312240540321479,0.1486075943813743,3
0.26058273802622556,0.40396624662642666,0.02566581820799383,0.5835199513442267,0.5066260996993299,0.6383038783549377,0.5594535787875452,0.31433592025173485,0.8709936901849141,0.23620683869668466,0
0.3444242468471408,0.45168245543476415,0.15179787830295138,0.4159104063488695,0.6401792150421604,0.639758389483126,0.4733022223718067,0.37559868685641334,0.6966523476471624,0.3383588479105152,0
0.3235506220102737,0.35390697702197865,0.07400840343690089,0.5076758298259199,0.6198565156789653,0.5803146731401295,0.5205977772517021,0.27734517783808244,0.7420332035469003,0.23689984341603396,0
1.23007694459004,0.23571067946634666,0.4637624733896211,0.6991330455484087,0.6776853048514755,-0.2645768745642668,1.0419950554621866,0.908503426552808,1.2048007281433524,1.4025377331015547,0
-0.0013310309882489726,0.9408803673429069,0.9550501450719614,0.2412059341040395,0.7022892921352691,0.1476931647472542,0.4314629139189874,0.1020168370442796,0.9183704813960148,0.11333487258901602,1
0.21712870737787524,0.2470404733358671,0.1997818247770417,0.42478374750679926,0.731061271967696,0.6650858317436519,0.6677227305605289,0.16088763292109937,0.7507005761133456,0.11620667934628665,0
0.2677444972302784,0.7590154710396614,0.6942206564033515,0.9866396303963288,0.10772438294606747,1.023813602151461,0.5714620170389518,0.7648163358348563,0.769184162283721,0.9617617468559516,0
0.2491154110893404,0.0583374508233296,0.6538770737384931,0.2440098670922825,0.31962912027822166,0.9380417142750803,0.10332904756613091,0.8942562336953317,0.2043690024812774,0.5495469543646185,3
0.4121388156196747,0.9731737249532825,-0.23953099097646008,0.8676087443507771,0.5276278966983355,1.0628218196106367,0.2575788520852152,0.6239689194256378,0.5736225025889345,0.3319209222974867,1
-0.4703997746677816,0.8150937136882652,1.8804878263962905,0.6911636357813775,-0.4300121901110504,-0.34879197210062296,0.5105755999787172,-0.023158978568390942,0.375174714645819,1.0852738860471318,2
0.11074939157388994,0.07981309229540627,0.28262057636049714,0.2939444753706733,0.7641482856998945,0.5122575532689924,0.5821679813820526,0.9291673501013108,0.679660232248859,0.5855839984784312,0
1.6087312207590259,1.3772915970032038,1.0896813660661686,0.4405784208065632,0.08644460516696428,0.5659670509967448,1.2669415364781802,0.6586063373258971,0.9411314881761499,-0.17735499947108413,0
0.2981446010275291,-0.33052790785189556,0.7211011378875374,-0.2779024608231727,0.37485066918332227,0.7339634182844919,0.8825703327698948,0.6900763907640017,0.6850712277452694,1.0173965316762992,0
0.36569888841120407,0.41706440471592,0.2533623532779748,1.154601584773381,0.8902244413869667,0.664007702396644,0.2894096510369436,0.183776778783095,0.46390772045436396,0.29031602069498313,2
0.9947821866961413,0.33377692341278137,0.4716925071991314,0.8506606436396946,0.05659284833634995,0.2572461755220887,0.8780828889313019,0.49961920603814614,0.5846304831786765,0.3319957119593368,1
0.27700854935307406,-0.0602711543730276,0.03821990527037783,0.2651239511904621,-0.1589464859569492,0.21406135052805553,0.8505964092039209,1.0264236187404105,0.5263391854678603,0.6611775651828874,0
0.06421071485203701,0.861678177026083,0.4496815792402301,0.32474878545200003,0.6818177183411196,0.24639468567281847,0.6333882370312123,0.22088758785399026,0.785457439574125,0.2672748112356727,1
0.33909739394698724,-0.07033121214446247,1.0203911417841192,-0.6748131960214336,0.6351439993241885,1.5196671131499389,1.0780292942870824,0.6856382780676947,0.8869576341640927,0.6585618381943931,0
0.12177554669973914,0.9051575850162693,0.49369184725891097,0.400460908644029,0.7422545136341866,0.3183733887897038,0.5866897670059631,0.2531164825019572,0.756966316719124,0.21033995231205277,1
0.2650313601759796,0.05646989745683936,0.6824463488317786,0.2746204456649619,0.30128540693353806,0.9636129594554956,0.07654371231544094,0.9266396702544729,0.2094787326243159,0.5812739957819149,3
0.9746988692787978,0.4933066175109965,0.2465203979896122,0.19480790216153504,0.044624761758702794,0.7392761397266397,0.503424952711261,0.5487178711058266,0.5431607498973927,0.520883989564414,0
0.660671590889414,0.4160853072289097,0.872823283601737,0.37407128777322624,0.989126682197236,0.4253777887934806,1.0325176413464507,0.3525279963030216,0.8149686065586063,0.22778044654874877,3
0.9124805215449613,0.15588313090528524,0.40480960822529055,0.7940407839458993,0.7438989794476326,0.6899356059848641,0.6081172624896184,0.6745646813808386,0.8483372754109971,0.8437402970350382,0
0.8058183976197121,0.11202430113400802,0.3979653604340673,0.8708208926798235,0.5264931567272279,0.3964120980739582,0.8075578102115296,0.3735359307429781,0.7153777849590498,0.5482202697113518,0
1.4612270013946236,0.1994233603109237,0.9252736760179106,1.3439851683872672,0.97436365442604,0.26580551288187215,0.7426436216857518,0.8997129836477922,0.7044854643595865,0.9922827756656492,0
0.3739385486388521,0.16494220355687148,0.2897191963024218,0.3871582662101227,0.18074704100796843,0.8328622920148695,0.7986362753003149,1.0420484888577966,0.3403269865480212,0.3262787033616237,3
-0.30151022857394116,0.35730366188393536,0.7446054945328053,0.9962593980074868,1.2409471486165322,-0.17379959730755437,0.8463689286321936,0.4088650758271715,1.2534463430394893,1.1025529199960646,2
0.4531600919832479,0.6973960737298756,0.68395516203676,0.6828024076146727,0.8655376973388702,0.5394609265416244,0.6250519010983651,0.9151201467242585,0.8741452402592839,0.6802936452925574,1
0.14214033609181048,-0.15796450763951314,0.7342628375490245,0.7780051138020657,0.6010052655011417,0.8128656038987047,0.8297553651052303,0.5713942091443731,0.643601172307045,0.3542913282404904,0
0.8854595019525725,0.4690613006758889,0.6593580617027001,0.7686218500079559,0.8098732320129206,0.2489240959490474,0.9801192884277864,0.6671453991318186,0.8729483371024469,0.9175112487268677,0
0.6164716122858611,0.4287473502965771,0.9358764690968329,1.0059465126699516,0.6278440282612758,0.10110149699749099,0.8243227975192923,0.5327160303962208,0.5361062040689792,0.5804671980985112,0
0.44866029133124197,0.6706453325434995,0.6704467762343019,0.6738980165511511,0.846528746517273,0.5284859524279099,0.6185068463952108,0.9259108251806585,0.875463091615962,0.7012890649107955,1
0.702415276927032,0.4032091360022854,0.8410401736901246,0.5396307548195859,0.9278774568735311,0.9844872585262903,0.417837719166713,0.42313873985156436,0.26007272591344827,0.27129871157446667,0
0.2642495146009327,0.2440054548972584,0.611667262244514,0.22499239853638253,0.767609628301061,0.7098596225215321,1.212180699689471,1.1676878424617974,0.884194487250409,0.0900367989226874,3
0.45964436164649336,0.6773884121860514,0.6975450398966606,0.6629842089575464,0.8236963218596722,0.5004213048280217,0.6411795298134831,0.9023513366160683,0.8564820560174714,0.7246953600191215,1
1.0018304591032343,0.532567757523422,0.7273925821005665,0.5372961359677745,0.8994348161239373,0.37421010225987195,0.3515761628061969,0.6225964978081855,0.3949630472343097,0.5654602462175757,0
0.20546336594546316,0.11528148233170811,0.26864178325161964,1.2164711676006021,0.15722049945692626,0.27094029232826633,0.1928455811631825,0.7533371537565953,1.1732452895997947,1.1144949309118481,0
0.3002176676303881,0.2905825807525616,0.24663645224214858,0.06704965764642942,0.6721869875352146,0.22171763058707178,0.32105368910528587,0.5896641134724854,0.55425465704517,0.4311894555104566,2
0.4696612785764906,0.1407759803271667,0.34484996770053067,0.030685076430783664,0.7745578565515616,0.34266558121794366,0.1385850522662987,-0.048908302138077564,0.4225389074753968,0.45682029105873107,0
0.8372503264674458,0.20114101810977544,0.6949656889890222,0.8957790657165137,0.2681820637614051,0.8510515169130948,0.927506372806033,0.294207517927875,0.7717063584385471,0.19325622491145567,0
0.9841723761870578,0.5289520288616588,0.7228681097366131,0.5481626258573423,0.9110903728168989,0.37437602541505244,0.3382872498106967,0.6388524908724228,0.3750861168914128,0.5507331602362011,0
0.3254141009649444,0.6959040036046333,0.5767890350065834,0.3451707438415077,0.9854575108742666,0.6227266504069505,0.4451290895382742,0.5190856533333873,0.26275408753492824,-0.05999789364031656,0
0.828891317701927,0.35757266884177863,0.7660445125407468,0.8439150588153785,0.7054282124911063,0.40630949859486265,0.6940720720400728,0.5444791127872456,0.5490347704348586,0.3426064244348397,0
0.3235195365896106,-0.026471604368232385,-0.015025201867796947,0.21999953442351822,0.3604683527541571,0.03894318094160067,0.4533466465740905,0.38776013069326487,0.5537679563113395,0.3326790398145263,2
0.9927788194842941,0.523346936990874,0.7210035200332218,0.5396373895283588,0.8968660187102093,0.3668449495329814,0.36638763076167213,0.6156412032376556,0.4001141382360589,0.5632331413911077,0
0.2786502343758606,0.04129377549384908,0.6512393769663836,0.25001895413983727,0.3160871342277886,0.9579541191618338,0.0928703993219729,0.9224959926295851,0.20461089765798518,0.5379640641271519,3
-0.21428277641240057,1.1252135439752593,-0.06803900608661687,0.9374833124795129,0.5655474512931913,1.3777270055191824,0.6245687349849312,0.5597525412421425,-0.12410219382242804,-0.13056029566103455,1
0.46848088771722174,0.6875202025636085,0.7006759428193379,0.6956961744573688,0.8525139473261237,0.5205955356368779,0.6473070802827852,0.9467352528577497,0.8745865498397805,0.6951644512977503,1
0.9059486895449211,0.8223683489745662,0.745193231991265,0.07599813319903717,0.869644479532474,0.1785743108835649,0.21994812571511502,0.17133649773182796,0.830944762113811,0.9724293118506037,3
0.5429931951825603,0.7220085640188932,0.3903866284342208,0.10664645465395416,0.9181528479074805,0.43495980992546973,0.9289948562493463,0.7807453630235277,0.6958906229932103,0.6614325534459271,1
0.8412636092695882,0.41909679900828667,1.052127406502752,0.9919084422688869,0.9444363718518055,0.05162377046443767,0.30067357410861456,0.41504021467208607,0.6389765130534333,0.8601386141296016,0
0.49355439966940184,0.6734699068568556,0.6617656909375923,0.6519326581673003,0.8827895693624133,0.4898822471143395,0.5840175799480715,0.9092149616189777,0.8246139432861047,0.7220474453378656,1
0.19632027741753455,0.4532213780885853,0.4666459698925437,0.45000297692364366,0.3716812268361995,0.44439549702257897,0.09402128553673997,0.6339684491687129,-0.00604823806615391,0.3621681577939366,0
0.9190036453796401,0.14960434727140184,0.1997112920100671,0.586989770672042,0.49981630086318773,0.44965371590338266,0.7208228115009764,0.8399232141591537,0.8577591859586347,0.18133282709744847,2
0.3584536503484749,0.9132469130600213,0.6583988287209812,0.5993228198622697,0.6366806836146524,0.6502494952867879,0.9651576787272635,0.36700681586477696,0.9077533989367269,0.03441054400204013,3
0.9604882464669414,0.44595612651852207,0.6764114659203497,0.7904977622448814,0.779224573983411,0.23372417558922773,0.9748506511323898,0.6253158843282123,0.8251489431211122,0.8726545085200972,0
0.15631706453495353,0.8480285704013342,0.4611760621638122,0.3469731971579862,0.6171607456076975,0.06255077359293934,0.8170267926686796,0.2180111573010115,0.898713359387687,0.21799898802909717,1
1.0727657131732853,0.5554987285047633,0.7169377346596841,0.4432619886001272,0.8163666385785213,0.4032590343376618,0.43325490786995524,0.5777572288080974,0.36207388964264975,0.4876044125379108,0
1.0286143548028013,0.3722374715476922,0.7285643870713641,0.7348843805398634,0.7688919080243147,0.15191958433411562,1.000024226741637,0.5645259564615177,0.7609206887859147,0.7763633001885853,0
1.1513002716298089,0.6315849760152938,1.0089962985039171,1.0385884020259928,1.1058879232494454,0.445309004767998,0.493022378959771,0.4443717600701322,0.5791936036311238,0.2638878676199908,0
0.23699591365088987,0.3771065709315079,0.5243559399209008,-0.13116456427476758,0.09967614633861005,0.11815931461663351,0.8349435852492789,0.6096933097918495,0.34778323731877175,0.14398091626776122,2
1.0393909301212334,0.6950841085078452,0.7558256570103639,0.0988115583071224,0.5082994205782588,0.5784859012905839,0.2211142764429224,1.0359798497038097,0.34705943876224854,0.5003479408760446,0
0.8116853199269737,1.0258302821062784,0.27304848631647893,0.3702218545505555,1.260711529855351,0.4937764633710121,0.6714617477026854,0.3458044918763115,1.093488337427178,1.0073031484741202,0
0.0001570974352922347,0.37038573009538495,0.5148893080672944,0.6470707830175858,0.9837012520606757,0.29510522893880675,0.6155587966308376,-0.01450269478532653,0.6771395174848568,0.8556843846015382,1
0.10741967155536719,0.5173372982089262,0.6079324060108642,0.12875346492074888,1.4192510494555048,1.0136007700255674,0.3236503772959637,0.523061195769435,0.1623322588533576,0.3982903346936579,0
0.16045863308573444,0.767390603804488,0.3569047620851996,0.3178546930647303,-0.008608175735795587,0.7690356424900062,0.7281358630967709,0.47693292430019874,0.24516454026471898,0.8152135317231788,1
0.8255078823818607,0.7299374123744083,0.7586315472902795,0.12288839631168855,0.9469092986166849,0.10826460543405968,0.18435040497673041,0.20495809231721118,0.8466797855779714,0.9589844080643499,3
0.6196331767453779,0.4550080564218943,0.9009549156276874,0.47557955680979325,0.9827570455557878,0.4732203446543992,0.9841486233762571,0.3205487827288661,0.8602304400929368,0.17444274793128187,3
0.5545013514785706,1.079541135551779,0.5823295541312693,0.6100820186742949,0.39283650578594376,1.086805173935815,0.8934640366392718,0.9344612719961239,0.5653617663346048,1.1638019869803569,0
0.09377345504012452,0.010716962313317611,0.4373087656468013,0.38685374574169007,0.1940716798971453,0.6046857065782203,0.6294574066571608,0.3859025340929979,0.45145427911603775,0.26112521008101736,2
0.1478747109440716,0.5137763973199665,0.21273065422249507,0.5677707618050221,0.661944104693317,0.33448207265524826,1.083695960794942,0.9884354786356973,0.18597482381479313,0.1470433537760626,2
0.12825906946052523,0.018886177482969335,0.4230421410789974,0.3634953933615796,0.2135104534629772,0.6279815525867584,0.6190034985830025,0.37859073496752677,0.4852884112002158,0.2763687658711916,2
0.30865963234043303,0.9689897194035274,0.41116352162544156,0.4026114030604362,0.16401249265071513,0.6246089035218997,0.36920302666568644,0.5564418158612406,0.2869970550195492,0.569689910870249,2
0.2998962371922657,0.8106212108788271,0.8287917959775285,0.6595745399223513,0.0011138896031535062,0.8358311604251019,1.112752612374303,0.5917531277757675,0.525711666484562,0.42028686469090004,3
0.858917619856315,0.7864188693481764,0.7463248524766233,0.08839432906844777,0.9073660181789144,0.13122381634990657,0.18934272097168847,0.25253655204835784,0.8195395725322293,0.9528158433357936,3
0.9497021538717175,0.39390438961969704,0.5455492453602012,0.6221558882170456,0.42965056397316265,0.7780629021675789,0.8162717670266446,0.39835680569592213,0.29753480694608847,0.8827502806374837,0
0.8176650878876333,0.6905583113633161,0.31859334005457934,0.26721744795851987,0.8216774366783275,0.6443274565689777,0.8389406045788171,0.709326961585457,0.33288147712434996,0.8667164218455187,2
0.9903671942207595,0.9067837413421478,0.406066763122524,0.6932251434753719,0.8258740423383015,0.7550377149601912,0.4269806815036007,0.17866166840821773,0.3595109168911243,0.5326307876105757,3
1.1153147750319425,0.3328127925424026,0.6522857796431748,0.4895766581187071,0.7219578822941132,-0.02968471244013532,1.2524867487326556,0.653040531465242,1.1893132686193986,0.7894883746139066,0
0.009126306802054125,0.8490372416105729,0.27127577057123986,0.727488578646653,0.850870704827025,0.6505582356062173,0.9994039315045233,0.8261032665898135,0.12047015614528646,0.12885999938564244,2
0.6116891258231509,-0.07277426192379374,1.117709845809991,-0.06910999327388953,1.2435644171349187,0.5506388919239883,1.1718098972042506,0.6611952107223495,0.7710314537379497,0.11261326237855412,3
0.3097272891818785,0.9723081744935417,0.4110691719894356,0.4027675533879269,0.1665907856359616,0.6241757667366775,0.36986107511561483,0.5541745707413273,0.28862978274672185,0.5665857373132077,2
0.1007319413822377,0.8234434314997269,0.4900181591576574,0.359767054378425,0.6635116496526436,0.27653815065498116,0.5910170838769222,0.2249360921238249,0.7837836826382237,0.30815727619921024,1
0.3595946611251856,0.1402231823965477,0.6550095178546858,0.17177404485420844,0.3346369328905061,0.9428996905434786,0.039042474152939356,0.9137020666898836,0.19091678803570505,0.5415433302981792,3
0.5446621370875261,0.7280222217101902,0.36519891502331775,0.08646058641486759,0.8469553759443718,0.39161438835755036,0.8312110432275613,0.6999565803394736,0.7424007522804377,0.6580285069625711,1
0.826734264628788,0.7580842718586972,0.6788231276756787,0.08704110418627811,0.8422976248164508,0.20900769221328078,0.1656224113948019,0.1862759709695006,0.7655581499263975,0.8872568986443466,3
0.20691616916123554,0.8296827816753437,0.5925027665448234,0.22020490597568368,0.7527576616284687,0.37869155407694904,0.7077620149617254,0.07990814328973828,0.7439551360982567,0.13327770891188503,1
0.8612744859375295,0.7570843059915655,0.7353037255060741,0.1004206322731582,0.9154067953731838,0.13927469780000834,0.17606380472491218,0.2590943596931825,0.8319346467660819,0.9560058565673333,3
-0.01724516036095805,0.7457125154116535,-0.013432817723799506,0.7369109107251488,0.34064814637319346,0.243452037803421,0.5672230798883006,0.33650327381899964,-0.1312867822045413,0.8607586063741114,0
0.7272131447201511,0.5592270134482913,0.9617863342398049,0.446431888730212,0.9703077297569672,0.4736741620442971,0.9387537547134461,0.33639539201813684,0.8845195682533328,0.09038829670980904,3
0.1102511580835915,0.6394819063907002,0.34679957078765145,0.5508991349319707,0.8336141706669679,0.6261705568899605,0.8044012369712191,0.6011344534114498,0.6911186224122023,0.11682996438672218,2
1.0133303954692574,0.8941251796009942,0.48367899874514414,0.7488219802175717,0.742027049844164,0.7281810832194202,0.3803755927270954,0.08670918032172371,0.3191762684217827,0.5466433680780398,3
0.44806497469452733,0.6805631051374605,0.6673172440994488,0.6815317776241381,0.8476388043481217,0.521401858464462,0.6131748899515262,0.916355964667365,0.8815270158649636,0.6998532900190229,1
0.8454345410219598,0.7581371679071107,0.7061468741211272,0.3337822200029654,0.7761866942761604,1.0829058160983518,0.48097125167886945,0.36468208716116746,0.2016461006695414,0.4914042465827222,2
-0.0759048927837721,1.1963587029405818,-0.22356229202517913,0.9642455540019822,0.3195102493767151,0.7328059658324874,0.3340436907700162,0.9189222477203521,0.17667325173108467,0.418828054875023,1
0.26326045400330733,0.051706070654073795,0.657856097281625,0.2601768863207322,0.3147969306089825,0.942384555034067,0.10200782765955128,0.9120188129967985,0.19789212188516594,0.5610735533106596,3
0.06668425873025416,0.8503655919356473,0.45822502825066536,0.333405766801005,0.6981532973373543,0.2279247909983176,0.6252833565066366,0.23222959006839297,0.7975369626855966,0.27949425603454825,1
0.4683820919607661,0.2806243577889517,0.8577982266361429,0.5529438199089293,0.9652651414030635,0.54820227908551,0.7522828876272616,0.30366421826073786,1.1079094987723677,0.35658433733960004,3
0.6509408009815484,0.4994986131751063,0.7067351564945238,0.3398334423397071,0.6402976351714236,0.865138208073259,0.5679250350957255,0.5392957276969419,0.08698826037155316,0.496933076059736,2
0.3132795798375058,0.9787942623937105,0.40106150569201643,0.40495663107613733,0.17336092055883764,0.6240504968369862,0.36129631809129087,0.5642136870446727,0.29581444533875145,0.5618085370162309,2
1.0889136662625296,0.16413452532804554,0.6785642870183901,0.7905287083114848,0.7794402016358069,0.341826678051566,0.3546510043875206,0.33825157130744365,0.6465947423778479,0.5882627890142459,0
0.05741445644063958,0.7812710142569648,0.7350838726698603,1.1227165976366127,0.5315295866527063,0.44539297948390644,0.31785646232258513,0.12038525703558883,0.3535811141418873,0.093911665751462,2
0.3206445493683124,0.7631771945490677,0.7678209944385102,1.075178514784905,0.017094685616249328,1.2082927416311724,0.9125342229692757,0.7232046625107909,0.9337225123340315,0.7386790625738214,0
0.5809197685932705,0.7280335443257088,0.3701232529809889,0.056223923062012154,0.887521869604214,0.39168369191315977,0.9297728187253652,0.7024967503482021,0.6904035147141949,0.6987981970389814,1
0.08888540277235105,-0.01667217303621234,0.4263095856018483,0.40924837017982796,0.22524637551119825,0.5691861684307818,0.6592076789160294,0.3667362233610527,0.456022729960056,0.22721113498316803,2
-0.014265621058183742,1.0893125913597816,0.2951833276516252,0.5657789066494648,0.42113180312375553,1.1881194258989296,1.0799589831911207,1.2413397322895,0.3126184289616148,0.7056611750907751,1
0.27929885782303454,0.07495393584085827,0.6603829490084456,0.24940769497099016,0.28716427280018175,0.9335884298792465,0.1106280844536862,0.8679719303179095,0.1939717970597598,0.5420827657614523,3
0.8401389261659172,0.12669802123227267,0.41165830102613427,0.8616537360739777,0.7093602275492444,0.740820381564373,0.6011409820426424,0.6454509839420484,0.8280663233038531,0.7967607063270674,0
0.357237713566804,0.3564627556687339,0.06570055798463469,0.4900333009369277,0.5849198538638011,0.5886429583949215,0.5329678920978284,0.31640301124749476,0.7807429090777176,0.2372076744003364,0
0.5498307963808811,0.863979834864413,0.2094432776056141,1.2756523118226226,0.650368881001916,0.04965441251073863,1.4488926698198434,0.8331998062593713,0.6246153231364004,1.0951627691738806,0
0.7289086009836133,0.16407077017628657,0.909152572929774,0.29385933244169177,0.42062739048886616,0.7210841601253424,1.245652408961833,0.9800518137994664,0.17781053208679992,0.9824465715488288,0
1.2337220524570507,0.5173222021361553,0.9208720448037049,1.0030829747350154,0.9630175892768575,0.7007401889398165,0.5251471309157307,0.5134508041852598,0.30244512799376855,0.5282321841510312,0
0.2551799151783027,0.02883697974516789,0.6839014344834181,0.24699410159157545,0.31013246806043837,0.918753085918923,0.09916314443557016,0.8963124452207697,0.1897212594566628,0.5628615059867309,3
-0.5081347074215692,-0.005132444343815434,0.7811208897136936,0.8210267980377568,0.0899505117300805,1.2872269619456285,0.09105961452021483,0.41701824028399453,0.5571746839677872,1.2717000380629246,0
0.6295453748208731,0.48395183717726215,0.6756204976020944,0.2623282440328958,0.5828745341368397,0.6403680913142075,0.3330263763437791,0.7953865220929095,0.8182932322763405,0.3873771620034111,2
0.30959034561722615,0.9720004032208348,0.4123755537368541,0.40069025846219725,0.16435527950616016,0.6242609114488129,0.37155772740209875,0.5545072980003547,0.2857348062752663,0.5693030560056841,2
1.1118563681158389,0.41128467470339475,0.12893146732786218,0.24408754863603138,0.048754947058044076,1.0421937814920106,0.5132778325606246,0.5686996115075221,0.3004413847322042,0.8224116651057469,0
0.652264493565339,0.8284978508168801,0.415176367870127,0.10372138850419965,0.973782135948758,0.529528776741724,0.8781430967198174,0.7998967995708024,0.7732750900410107,0.7734924898773802,1
0.6634126509056467,-0.05351777147785211,0.9541672001510353,0.46404213297928176,0.7659634358354673,0.6866047122026191,1.1282097856746849,-0.34627478877142903,-0.14790431968874007,-0.022660049155616424,0
0.41813464451642796,0.368854937426511,0.1377780643993653,0.5567625525246731,0.49772325708971554,0.5897993299683097,0.5508282195218969,0.3303794021311348,0.7807585578254946,0.265549319232098,0
0.25420881694483843,0.1600374669858923,0.10081430139056792,0.9656183408820748,0.3404811322200004,0.3347257114709469,0.3929666494532255,0.5293602179704701,0.4372190936534572,0.20637345117595085,0
0.9972542347111703,0.4068227650747405,0.6862941873269459,0.7142405840424794,-0.09112373975091817,0.03582143131441781,0.8261782836859808,0.5066817426889378,0.752447531205813,0.1158734510519723,1
0.09716953638440462,1.1026707194141303,0.101297178161759,0.6169858883443998,0.46860478376377745,0.41650634979982865,0.9560038642229518,0.6215356291526329,0.37019893702892764,0.44598054159282696,1
0.41391390474821216,0.5929171729945033,0.6329224016903839,0.33117948303849254,0.8857900281219762,0.7514160080130441,0.36151520361203526,0.5351165306551869,0.20868181117893797,0.017446698290089217,0
1.1374262298348834,0.6980820349259551,0.7847172648853121,0.5524799915441891,0.9428963624295236,0.1520757538654629,0.7451073968901653,0.6585021331405626,0.692522553165489,0.9701492311872254,0
0.4586026439024694,0.2732220343981493,0.23047732122775466,0.2894334262887466,0.3543463454120186,0.7088017573341555,0.6556485945602695,1.0013100549990814,0.17851886716030452,0.2563453532542581,3
0.0838885855503002,0.8899775963351938,0.4558008535974826,0.3187537295304734,0.7056904198916055,0.2334215672321458,0.6252411750647214,0.22540968556892388,0.8025201058435741,0.2397913884769179,1
0.39723907669155495,0.5694466885812293,0.556626350559313,-0.019660758993947314,0.7492787398461235,0.4732237774459292,0.21407491973860843,0.09829964608521297,0.1312495056516488,0.15684550397522573,0
0.4346334694490045,0.16121080830158524,0.8647555387664847,-0.001815182944308144,0.9614041611547129,0.728352240016013,0.9646315402771366,0.9328010281160294,0.8281515582811984,0.333130202031551,3
0.504244453959163,0.8847402729234938,0.35462665661023585,0.9344840035395943,0.9087651661740964,0.6485040782478648,0.990619475137844,0.9379361747167722,0.49919009136173564,0.6386785347082027,2
1.0341319508811921,0.37574323887638433,0.4169616806199446,0.888569564268632,0.11971441308660843,0.22651667392488942,0.9170195707267818,0.5533371194769152,0.5202493660331786,0.35612389881925177,1
0.03992299922727004,0.3969406372012139,0.5464877739065133,0.6816586334951311,0.9575732013961339,0.2792197562898824,0.6514771345915933,0.042561013367560005,0.646075075988395,0.8889991159083195,1
-0.5137295201672373,0.2424864140656504,0.5345100675559573,1.5270642893305526,1.2534515016368635,0.2638415798073306,0.050939680967892254,-0.2041782567832896,0.08217913957793355,-0.20993359087560282,2
0.6366745099749442,0.45389963206246475,0.9167066939716038,0.48743169923599944,0.9931808257901779,0.4713153004254786,0.9748915635734061,0.3364516641127575,0.8629785469362132,0.1890191820492811,3
1.0570243355910878,1.2245739254943573,-0.22777295100698397,0.09101219552525674,-0.4423611102009458,1.3195143003385759,0.63989093524757,0.556133616955819,1.3619872308018333,0.9279721616573755,1
0.30944187449889854,0.970033943190625,0.4103308959424577,0.402182336093468,0.16552330738422238,0.6236359855015996,0.36991716621383297,0.5563720950671267,0.28622448591311483,0.5682654618268485,2
0.31304580803703685,0.6422114324582606,0.7447334489807438,0.9717163913919372,0.26735533403266076,1.1286949890396842,0.7543125247068072,0.8172118224107298,0.5023991078095609,0.9159579479331713,0
0.9629282171890041,0.5604019493662784,0.7059757541034407,0.5488391876579259,0.8446495741547522,0.36860257616168585,0.37373584732030196,0.6772826135443426,0.4412851466171303,0.5881947716215794,0
0.09434576469197059,0.010655755190347121,0.43659012152497834,0.39683134001169523,0.18287974306198718,0.603186015572412,0.6355426612462588,0.3722493680333478,0.46271753585703423,0.2655394863758466,2
0.9063369661371027,0.2875737778833469,0.36024804467618204,0.9481922548766257,-0.05796427555454453,0.36693204451187356,1.0025045952811396,0.5211994609132814,0.5830281613468793,0.3105824353240913,1
-0.045244490992961156,-0.012814694370391039,0.9052182454568277,0.7053789956172924,0.43185078411596106,0.5608243461351748,0.6831709878601298,0.42629906365133313,0.4243343548601843,0.30023508039793156,0
1.0005545556358482,0.5238932579348325,0.6422132270996903,0.7743684069849894,0.8629296975262457,0.2748127806312487,0.942230896976769,0.6067932108255701,0.8904367220943024,0.9024430756653024,0
0.7230248194877639,0.6466351059876527,0.5536275415942171,0.16931696432290924,0.8906335892675311,0.43630239828977385,0.8651172320259564,0.849170316294646,0.6293132761631288,0.8080504201704619,1
0.09302799327905212,0.8247764534567223,0.37590855341644486,0.3193626865062164,0.7589124215078651,0.19766192887327763,0.7165666331499712,0.17255240520019774,0.729986135715327,0.23322805215457093,1
0.8748765804981825,0.061921422869293835,0.3514757565258296,0.10085695701895346,0.8317006749995369,0.6290999207327373,0.9854486886048079,0.0696404905048559,0.20933405813361428,0.4292226849402977,3
0.6222664870731883,0.7331491563541757,0.39885672872882977,0.07058762657548648,0.8784440571748234,0.4509287482720596,0.9037430300078753,0.771214356601861,0.737567595424603,0.7331418301900187,1
0.04155367331444591,0.49548693043764414,0.6506397904252496,0.5514038456267887,0.9606794842812709,0.2848207237761145,0.5225362223770585,0.015084613900513421,0.7784309821119704,0.7947619404725199,1
0.29479565344914077,0.0322597707972143,0.18289754643883777,0.040020625566423995,0.5507430270397751,0.23047663209555033,0.3195943560486022,0.4765803987538538,0.5989513363860031,0.20493515800825834,2
0.8006903634362228,0.5505039601150843,0.38775935579255316,0.49613304123367263,0.20272080189006547,0.6834699831842416,0.3563113484753587,0.6942729126480007,0.2752828039479921,0.7389795615357057,0
0.31929595382846354,0.843521817265032,0.8884217407795378,0.9976390396998772,0.3684682908812522,0.9915684620433662,0.4188066320803818,0.08611554467099762,0.4067024032218099,0.18562331815433428,2
0.817320365136736,0.6889522643406265,0.3178055304359909,0.26559715225373987,0.8194453971178648,0.6418994863893305,0.8390678429654952,0.7109082927882745,0.3299951908835003,0.8662548205605328,2
0.48930750820855795,0.26823343466918415,0.9746147611818304,0.47200417214308205,1.1584663578718952,0.2559276951824411,1.1826029948130898,0.0419025095690741,1.0177954425557911,0.034283517912767486,3
0.14860373631626494,0.921388230057705,0.3884205155725725,1.05980395577293,0.6955571050967864,0.6734446718462691,1.1289417687478287,0.6079825766216325,0.03505291567195595,0.012690117839960657,2
0.30977634568359075,0.9701648795611857,0.4096698708934985,0.4021843440137884,0.16530220411145868,0.6239942439647266,0.3700484571804756,0.5564768095423572,0.28613750195672805,0.5683883571674033,2
0.11197374384104045,0.48182201538399333,-0.016873350764227912,0.3619788438608158,0.32377854821415636,0.8620696295666147,0.7518290511381407,0.46099611857245815,0.9333923610842614,0.3685978389515362,0
0.37118018670878616,0.004531018748914484,0.08949210687349207,0.13029815706140935,0.36415742792538863,0.12647158521391505,0.469114919551599,0.3910642815672539,0.6152747274663206,0.26521210466685,2
-0.02043714551946607,1.0933478822847005,0.1497322421242583,0.598794129410306,0.47514385093762845,0.3253181206512229,0.40447194487381155,0.417175989497432,-0.02900647974967467,0.4013792017936669,0
0.4157424192306865,0.1217514409847659,0.33798136420788416,0.19560019507946647,0.48055987752817586,0.7184884530608635,0.47962548488866574,0.37612424948455486,0.8812805251519218,0.43892448425926095,0
0.6568076443703748,0.6462689274976896,0.46359440282447006,-0.34596479379794376,-0.21934204988058537,-0.3669215767885026,1.0119173673769586,-0.12713096631054854,0.12136867072022195,0.35864432935097745,2
0.6121887069598584,0.7895912954639747,0.37084196059629077,0.06724504540894947,0.8578590101849853,0.395790984553509,0.8589295625367551,0.7251014747218143,0.7445517659389891,0.6684192380565642,1
1.085248556835631,0.7290192659632567,0.2719022893883087,1.3366932795555027,1.4720332789358967,0.5090120530978565,1.2754175575269933,0.8093327810260008,0.6567451953684614,0.588666133502959,0
0.20365913423933982,0.47106847535374585,0.5614124661693963,0.25883363890655253,0.8281676032341814,0.5909323032623025,-0.04920222811566327,0.6059037348795594,-0.2858491005785037,0.6383893117471267,0
0.6553740213022725,0.5903942754011762,0.20740810102113982,1.0335651450456576,0.781827403797052,-0.39351999639085844,0.5729237004398835,0.41953178398649393,0.8407680071104374,1.2183126214449094,0
0.010088607422976709,0.22241185156424798,0.2763037075537936,0.20057524521292602,0.955416169625662,0.713222122912791,0.5830323213901955,1.0315900893920458,0.5071194227053386,0.6768043370564234,0
0.4023096311075514,-0.030313550262151892,0.012778300766698773,0.0781846916072189,0.34186696087647617,0.1263671453607247,0.5600383344332248,0.3824977050739867,0.6992325974784916,0.1326780986001,2
0.5586443703056794,0.32056747296573934,0.16402267827820977,0.7341116360279469,0.432921389129279,0.8917698706406005,0.08448459943656611,0.8392545029618641,0.20631198178045557,0.2795014915007783,2
0.0519629187297921,0.23392436522301027,0.7751570855867369,0.7029112035302814,0.33454989827276105,0.38603122492398356,0.5282477570158992,0.28441925128019513,0.47866375841659614,0.3757630847917666,0
-0.029369378203809887,0.33156920453777716,0.5638143970409996,0.664568208052152,0.8974566279463139,0.2635479157652225,0.6551322108976283,0.06921903784493544,0.7133637186424352,0.8506836670755448,1
0.4558657196560347,0.21400392573991012,0.7965957202773847,0.07802083695816595,0.994903663447968,0.8096656731133736,0.9035795031287781,0.8891392801048608,0.9473075246265317,0.4329949496187524,3
0.997428788272795,0.34956665922648283,0.4576147202699064,0.8696101858995854,0.07113414048603024,0.2399011070424843,0.8583508089040108,0.5006275496767216,0.5909164661461643,0.34160933443176045,1
0.26221816843779655,0.0721429425957153,0.6381434475785741,0.2295416326267875,0.3402556637595203,0.9326799370344102,0.07387223803112215,0.906839591585508,0.20062296559154108,0.5840021357652141,3
0.3682290120289462,0.08347923249025035,-0.04887569146055758,0.28519512284487036,0.25314137159936667,0.21797341994401404,0.5783603393248973,0.46792341077659105,0.603209392583399,0.051974683463529486,2
0.3528406470828437,0.35664709998052463,0.07253773611825823,0.4993048980346304,0.5825846484149987,0.5908629684055593,0.5311927839354617,0.3158788569577225,0.7777831449004554,0.23792493496353165,0
0.33080994150707876,0.36930889087787205,0.05400454405084586,0.45088356528428525,0.6028800139468273,0.6101315226220642,0.5343683715032735,0.26339906171603117,0.8203007528895065,0.23629206817381448,0
0.9966754083462549,0.2919546195304079,0.1924678298699225,0.1787222485724217,0.2458763377347849,0.9313823541005357,0.3769141373800011,0.4278302050892328,0.2361719570438394,0.786548232966344,0
-0.025802451380673636,0.9561281702077981,0.9324614897160471,0.24758652913009518,0.6993071139732788,0.19549678529457715,0.3883937588161413,0.06075882120058782,0.8234331233392637,0.10016603057354279,1
0.6479740390588099,0.5140370072231755,0.7033757053789705,0.2850941007119465,0.5957722992176679,0.5943940514943363,0.3640807935238148,0.783324611773907,0.8322458870767443,0.37060872641705556,2
0.9236196816229849,0.857800033284575,0.5047764004865765,0.41536545534744385,0.34368869357599713,0.6848761011360286,0.16132407594362308,0.7675081132946608,0.41454343087900525,0.5484946695879915,0
1.0604660690491061,0.2743422398514655,0.551120301158085,0.5889810751910214,1.3656481874582393,0.5593560674851589,0.7123834632588082,0.8045031728805863,-0.20895156991651187,1.0659825021977927,2
0.1484595939492947,0.34160856311453064,-0.2201680185655066,0.8056435959903182,-0.36170737573969713,0.7745130891566994,1.0795388867694378,0.0934559846200474,0.7720401568307441,0.2493678390228092,1
0.6249977916810422,0.536716961407118,-0.11496910091728185,0.35305159471730346,0.3300652775177205,0.6174572626931893,0.34379589600129407,0.40060150518201754,0.7702664345885034,0.3482932649273037,0
0.7694192092248149,1.056561968581922,0.5227623323328614,0.09577463556585494,0.9443940145451125,0.21851392744416348,0.0671438215636215,0.3013320326860767,0.8304546381773815,0.9155969216467236,3
0.4159686258918091,0.6574374987537066,0.6428599990694027,0.6643251461736952,0.848126564262237,0.5332548259711348,0.6390568819936706,0.8951772309425416,0.9203819220125864,0.6666936258627327,1
0.53676444071583,0.6745092454001573,0.1276389038147292,-0.07762956478126759,0.9141157469417283,0.06825938522720768,0.5532458742831211,0.674044788549715,0.23898612299894056,0.36890114185066764,0
0.8524272609115688,0.3676134423994653,0.6486120191265075,0.6292773035508361,0.48154295170743183,0.7138986343725219,0.9210598465846714,0.30136637277245343,0.18257554274685547,0.9035875698095458,0
0.9897493045300726,0.31450088781293367,0.11513879362973073,0.2935416257730573,0.14095992592097817,0.8240968756165032,0.4089554066996723,0.58582676690648,0.3083466423153689,0.7076656156783719,0
0.7584459487117451,0.2317979787355534,0.42006633549514827,0.1569260325874602,0.6458602007981488,0.5555414098429827,1.0805200167346696,-0.06831435792700599,0.3656097254092031,0.23512404086568053,3
0.04162424388571895,0.08165346686060622,0.6893324806530341,0.580088379744337,0.20127201810652573,0.5737229271686641,0.44966518387945953,0.3342823544606701,0.5697089650761505,0.41607752531076986,0
0.1820434640536765,0.5026744969025311,0.29345659283567493,0.5713970697800118,0.26011056656373754,0.6174896238674845,0.11745794331812834,0.8858663353979702,0.13198321571997745,0.7069345004308513,0
0.3191313175098107,0.673092873481111,0.5583784803519395,0.9155074566517831,-0.048160083062309456,0.9608835994736765,0.9462539712050764,1.0435946414852906,0.6203076306876675,0.6049725581964047,0
-0.10018190551138018,0.3035674502917326,0.4224506141740029,0.922112290924388,0.8479133504838827,1.1187679118860565,0.8174263615134487,0.9974469276010857,0.16040160323141794,0.3716744614234528,3
0.9527645423629031,0.405439317600009,0.3321103738728133,1.1262820908014812,1.1424116350523867,-0.0858927402442804,1.1220654502729521,0.2977081034722315,0.9343475684034649,0.7609472651081843,0
-0.18834497630506242,0.06288173907855184,0.9923096833681371,0.5562834633309561,0.05745034231158422,0.7718358786453312,0.2317234517231756,0.08617826710857077,0.6303180895870909,0.5595653669781506,0
0.12209631019181946,0.17043222295100235,0.4266182647219604,0.20612196799623764,-0.03502929918857768,0.1961834759413249,0.5461835024886877,0.7072541177238498,0.697205691910513,0.3941219991634599,0
1.0587369489013185,0.8785100014630636,0.7959431209308059,0.06424945520938274,0.1663181456277056,0.7969420073450123,0.4140296263487488,0.9851060075842105,0.3009615519418136,0.6462656373406251,0
0.8447897062618531,0.7468769579297734,0.7277898528259303,0.0703047560968187,0.888584985162215,0.15208675382398198,0.1783653368738699,0.24757028780538945,0.8091199126813954,0.9235582719778057,3
0.024883035921095795,0.9202834121351438,0.3890604945713704,0.3139730167143041,0.6251819098338831,0.28849357695212885,0.6534879613609441,0.21340157209796629,0.7403779644972261,0.2952699419097032,1
0.2012863591422493,0.06291002459728326,0.6980459932771363,0.12276258200218151,0.44354719997984127,1.0673507588005502,0.15938648216780837,0.9804440658053082,0.29758617780580177,0.5944348716110396,3
0.8793868491227358,0.23133894498747742,0.7927839437342565,0.4216918977063302,0.6206459936762397,-0.03294325800518183,0.6976679155271357,0.004786025160951113,0.6985057653641369,0.32802324357770785,0
0.06511915980259486,0.8580215536948017,0.41937184846317443,0.31212825802355637,0.6522546549201098,0.27478080427312856,0.6407177291304946,0.22153808440372647,0.8122527817709303,0.28454386256535896,1
0.8880830330437297,0.8182543504413486,0.7155692835049251,0.032777056809833956,0.9386411195145637,0.11247088224661353,0.22403495145533764,0.17935051845727104,0.8297487632292897,0.9870420390215957,3
0.4281684809444813,0.07210385011126659,0.10087015697585379,0.20968761471125047,0.4793210826478205,0.10481316703982937,0.4938046103925071,0.4633746198742365,0.6067439300754289,0.19695791909282606,2
0.5368327516630003,0.441069806963846,0.21162924419325924,0.8589316712120423,0.02546540671572168,0.5431899321060781,1.0659601228301339,0.45162156789674957,1.0130263655661844,0.40973874395733595,1
0.9810589704721463,0.29846439253509344,0.024995450290506822,0.25040021221402003,0.11645668169195708,0.8578572812829667,0.3879682698054471,0.5470931690293147,0.3290520461269191,0.7361311106116337,0
0.929226520112666,0.1214103437152951,0.347964174715127,0.10760513870032208,0.8657722904104751,0.6704642850853963,0.9972618693127674,0.03029227032992691,0.26136301530088324,0.48937506617439447,3
0.20502326294888942,0.6998514704388097,0.4438827250360738,-0.10039921607886443,0.45232124247774474,0.7213823665701626,0.49510768463092464,0.27979262696607904,0.6281809406857688,-0.2365830179895999,2
0.09836597054613047,0.9183582012304964,0.9938062008618497,0.261238394257124,0.6447704503445953,0.06230851731256612,0.5216586213156441,0.08326913706707961,0.9608119148946392,0.05613143905726464,1
0.8670560546321449,0.7939901939426192,0.7582360524115749,0.07743080875329687,0.8753146804044646,0.15766223686198755,0.18445751222706272,0.2589645031116667,0.8718458111002038,0.9537636780163954,3
0.25088291343533425,0.7974789420590979,0.5476899738608795,0.8726127383155372,0.08022883435511775,0.9857982512178777,0.7123721244584895,0.8928522084952295,0.7036488181830505,0.8383252643520365,0
0.085260725789063,0.41888931505690424,0.4971829535815645,0.6777290664945399,1.026700906643571,0.34925237810101734,0.5812627064795839,0.004002430618249259,0.6154503149254871,0.8822482031887342,1
0.6245776237906314,0.6944729949519979,0.13849593066903992,0.5917014207483909,0.02657364398990362,0.8791800575952222,0.6052751238007963,0.3163151314760636,0.8459557202724052,0.10800244851877708,1
0.5075153944282823,0.457263329310053,0.9666270480281767,0.35304010626084226,0.7873735952107438,1.0111066106425155,0.6642837295989958,0.16717188886915654,0.0535312710146674,0.6373469051330306,2
1.251778916753652,0.7070221912453334,0.4380626659930847,0.06653559045935864,0.5105878454669721,0.5570509891549262,0.9075406225214226,0.738499600273371,1.1053341741586518,-0.14142262356222496,1
0.28206515063096593,-0.04497417060294265,0.6479256190826604,0.3293923207887956,0.36478761093876166,0.9688552497900829,0.09210117920246536,0.9972530488507966,0.2328317211354042,0.5736680702242422,3
-0.09000947319639974,0.7524793331475372,0.8956880973520996,0.2911429045806725,0.7502992222425925,-0.0017346637450098845,0.5323537925502891,0.17761482317524052,0.9223855577273884,0.2596741775094483,1
0.29703656925312827,0.35219942644679697,0.07621848330651722,0.4528166396277546,0.5413089249592,0.48854663300400825,0.6711693860851257,0.23668987900092414,0.6634110165453156,0.17512054193195747,0
1.2441159148714394,-0.13139196869286723,0.53071845363413,1.0435058540078113,0.46373027671131106,1.263998953639823,1.0880238197999874,0.3265176724746716,0.9213097981188944,0.2371491505739837,0
0.6423075892042907,0.1407509453500405,0.7011318277738661,0.6347582793756987,-0.018585048177518992,0.43690303257561974,0.3602725610295863,0.9777705303935027,0.3115706577459045,0.19283179349724083,3
0.24297213360664455,0.15120943726132122,0.10152664268965568,0.9690307417497268,0.34899319712433785,0.33063147207591315,0.403694317387352,0.5270228097140289,0.4439067323757171,0.22045628252634478,0
0.5012190852707625,0.8805650603294207,0.35533572113062717,0.9350499174857878,0.9093924475814368,0.650723880337249,0.9897649658827575,0.9349878058900782,0.5010916927212893,0.6406823048243578,2
0.6018923346825333,0.41403072889112397,0.5493108793075621,0.7113560267687771,0.40525930470059546,0.4059868821127408,0.28562580866247456,0.6258662647447948,0.8391358786226072,0.7638195796138803,3
0.17690783222236955,0.30482031077745275,0.22350210803293752,0.7752789089651473,0.7653157669123445,-0.029632446300178722,0.20663277242343742,0.1586027141499932,0.23536240389190408,-0.3995883329580705,0
1.0563194535981577,0.6620327826791428,0.4947244479117585,0.47920896726876033,1.1943123500283115,0.24842729332452526,1.3026841521696055,0.7176442511773026,1.1203806179823348,0.9545602489091849,0
0.30933146263535477,0.9699780490388215,0.41119082916132604,0.40148441525752154,0.16518305214852025,0.6232317400861693,0.37132186036845943,0.556449304774232,0.28599802179634776,0.5687833275367724,2
-0.24172389307104813,0.7925483894134997,0.7739161770079088,-0.21624899228725947,0.5256074140130373,0.5961142039295532,0.07343624329959955,0.695947515052147,0.29952065423657215,-0.25757566764477663,0
0.9968255446842997,0.5315123509504628,0.7325941061008439,0.5283445171953479,0.8988175320293147,0.3747124067720542,0.3646502007206074,0.6207429647181096,0.4052996570164419,0.5708302913558921,0
1.4530253722851971,0.5635758956331145,0.2722734872989985,0.3473343769513458,0.7192443566479926,0.8891019500251488,0.8198064194027121,1.0351233876747075,0.32957341853649924,0.37426512307262705,0
0.13491285876578588,0.11237565221413512,0.4093648961981696,0.3708412950552835,0.7675036836989582,0.44032919424796957,0.6035579585943162,0.9637345806754775,0.6598346205336949,0.6523627751063158,0
0.7233659083329167,0.63852428226645,0.04884596054633203,0.6250269249353305,0.012877588384557862,0.9180374927631636,0.6368745740855462,0.2707504509504776,0.8951562800551658,0.1665960801669287,1
0.5034242597241033,0.8838279988434949,0.3481499973639773,0.930172487010316,0.9115860507502842,0.6489002594494044,0.9926678313428617,0.9270406803753126,0.49482596264001644,0.6315597234665661,2
0.2833895385139365,0.38761689658553544,-0.10468098495585543,0.4446789906067608,0.34504401871691615,0.2709911526331975,0.5990483959353334,0.044266765498412686,0.3441529178351153,0.24007821719160624,0
0.07628671979007548,0.07423493092458813,0.32267027721369923,0.2869728744491929,0.7007312516194303,0.571389636970419,0.6318105008625131,0.988863643352288,0.6020000394240099,0.6290111575015949,0
0.4223699424383081,0.6298249319416972,0.5665945875991821,0.1468680356965691,0.23717995771718045,0.40724168521250387,0.017231285865810884,0.8423700192520216,0.7574048690426795,0.1577493213424642,3
0.26076218254528877,0.046421789793037294,0.6643288585646526,0.2537781302185789,0.3161549477903068,0.9358399657106014,0.09677169935535104,0.9020926615491018,0.19911039734945044,0.5579273574539958,3
0.2797868715056778,0.5152439658390616,0.18833099016727822,0.3740831671894879,0.9841283727105063,0.09264225932627912,0.1232420183635933,0.2611377492881559,0.38133016692564603,0.29357914978242095,0
0.2186437760890815,0.34601258793316647,0.1897493558286006,0.43965973370983924,0.48505735627547225,0.7072709301226742,0.5486710925193836,0.36865657663168827,0.7226795406798491,0.2845667762939921,0
0.47031229306085176,0.4779373512485931,0.16856934593007253,0.3688098421780448,0.005709930998701065,0.9433304524700444,0.7462925284294346,0.5434014861813263,1.003061758230601,0.16618819755863604,1
0.5708141442853149,0.824823638787331,0.39998833724581795,0.19298527734938659,0.04611681255274297,0.24855284418626014,0.016970115099389876,1.0520131039535219,0.6019136312631352,-0.008020234401767301,3
0.11278025000570858,0.9520606357247423,0.0481002499726794,0.6617260385842441,0.36359304027643347,0.669419840807918,0.6579737134678625,0.6806860775553327,0.37823445898256897,0.5686772239803404,1
0.34721863130204167,0.49904676070385423,0.5548341445030627,1.0120489970061748,0.41076241162242655,0.4521973277673242,0.5597526286638288,-0.03201358436226992,0.6095450261328414,0.6848862004153993,0
0.9696833676826329,0.33356608829360246,0.13386727198235815,0.2446778424200517,0.16549638390503424,0.8934973497795385,0.4013354261798845,0.5875808336299022,0.33889568623656585,0.7628445411249681,0
0.08667078580227644,0.8618768199752924,0.4179200796690893,0.30593004978027066,0.7524829085733493,0.2619762819176227,0.6439056735592535,0.25754107707287693,0.7456419444170757,0.25755832579406496,1
0.0010223549790709385,0.1001747381112526,0.23218137559383337,0.37323328029363656,0.21494435077500462,0.3673872922586956,0.552140798196205,0.8436104644947513,0.6349361942187486,0.5369552426553701,0
0.8075614445483337,0.7895268373696867,0.7936787010127405,0.05343947955519121,0.8356963243500422,0.19553872955664142,0.1952333331773613,0.27356075375251215,0.7914483956873682,0.9729159985991841,3
0.30548005419710267,0.9682948211539112,0.4028128266280562,0.4011026054218203,0.16944516418937564,0.6178006324742474,0.36262823283751,0.5473741674021999,0.28288135028433037,0.5613220028660455,2
0.12680334888011457,0.11961758578944282,0.2832586280972274,0.2706688713817261,0.7618635773956532,0.4833503434013252,0.5408854210392288,0.9509645251164995,0.6940848989668329,0.5699636341837738,0
0.10038006106521061,0.9379382762726078,0.3980964892004319,0.2769327089440825,0.6429358604024313,0.28440833787617914,0.5698191276059346,0.15109027427471622,0.8788401981012989,0.38682582514648656,1
0.6413605146882557,0.2648276296989719,0.4091451083773749,0.6943425995808061,0.14309160498205814,0.06160654829711454,0.8130782425952513,0.7739317207939218,1.3869444281901646,0.17602485345481012,3
0.0675316260841923,0.8670896455466947,0.45150767175321627,0.3192857765408186,0.6883868276688851,0.23633472722166407,0.6492739191726976,0.2209190097661221,0.779423701970496,0.26174896313361246,1
0.883553732811381,0.14846329250553442,0.3943979617319642,0.889853363901879,0.7145213769843655,0.7641904743038249,0.6246857754463033,0.6185271205070499,0.8320144648644542,0.7766442068977358,0
0.10938336862394836,0.22634959329355225,0.6940038817913816,0.7467258278676359,1.0517486359920625,0.2925023820537315,0.5234734389015049,0.012219709536902044,0.6212813086924492,0.7529476127604322,1
0.5153425157419624,0.8785793044607688,0.3526586336672205,0.9415592155114197,0.9244550397022271,0.6409674575617063,0.9812657291642173,0.9276536861659094,0.48871197334435196,0.6430710075828499,2
0.8664594747573663,0.7968242362196557,0.7146232044334982,0.05228540090820896,0.8942624813016151,0.16281877059296923,0.1657084705240478,0.2208378350053597,0.8259618045745304,0.9131730049447067,3
0.5296171706078451,0.6574866664369498,0.5506635802884483,0.2411635391002651,0.5696850533041006,0.6499386611819093,0.17179189437762807,0.899767208002453,0.8153161595480248,0.34098422291577396,2
0.35690906945947243,0.8146702028837427,-0.16429126257027926,0.148294771709754,1.0153268280642156,0.05635509461459612,0.18223606485911528,0.6124776077521028,0.4280716792324922,0.27043649582522256,0
0.48442678654008625,0.6600273900680184,0.6862193754146553,0.6307535518974363,0.8196184738106107,0.5175618106556322,0.6296843799580379,0.8983596848458729,0.924587551174389,0.6475205694315108,1
0.4635241175198079,0.7083409390358446,0.057612219546583285,0.2404242485003512,0.6400238529013325,0.6768101906233486,0.23220253603639518,0.5135860314774361,0.5467138366369763,0.46132709047101683,1
0.2519981158413425,0.02955499941562122,0.6972295267850741,0.2284239614321736,0.3493222955764665,0.905219486125405,0.0600645968423566,0.9190110918606962,0.1635276132975177,0.5853284051401203,3
0.06926010151118264,0.059433760396882626,0.8600503547484364,0.8645898784910379,0.03563527001250141,0.6803616103311652,0.11876306368802236,0.6009767003588811,0.7681550672231227,0.557331141728111,0
0.012821852947356969,0.3966962938620664,0.5353751062632207,0.7035150858412155,0.967519843474371,0.26384514165449874,0.6693282033476056,0.02858912736744055,0.6551639969487065,0.8860991017168794,1
0.8683896525457073,-0.30388727968700974,0.7666373675036446,1.0419068593134786,0.9921454187892635,0.18961833849520918,0.8595662312876499,0.21134549358439067,0.04061059425111241,0.26598261473487833,0
0.31805989467842455,0.3364260998176378,0.06488278686540981,0.4678212423015646,0.56813556348604,0.5978307674891817,0.5728036039775215,0.2951143793699573,0.7843568120650576,0.22484887877125534,0
0.9995435420844827,0.526586813127119,0.731437358070912,0.5295126592724747,0.8931354865204626,0.3730830719459054,0.35833719713115875,0.624177852304241,0.4017954931703604,0.5709015356815167,0
0.3209698743842425,0.06773577420522306,0.6543560149758628,0.22532220596285302,0.2859986627379274,0.9182135047465967,0.10030640878824415,0.8978046295667137,0.1583673732536805,0.5591592465702574,3
0.3370214059794426,0.37649850770984794,0.0379776518923513,0.43270850336163647,0.5836533733027708,0.6352646294163935,0.5811837552775406,0.2911987460764011,0.7710887521723315,0.23650903083248317,0
0.5664386678476045,0.40752593855745545,0.037816825378630875,0.4724818413417545,0.7917844040046682,0.1738954024243143,-0.15237235187127798,0.25210352683924053,0.40546725281342977,0.04444124727911744,0
-0.0668587313097635,0.01103907637575359,0.37809187016489526,0.09345100359873795,0.7228142550029446,0.6143190864138779,0.5522831193661905,0.8136228520907859,0.7129978171313108,0.5233629581639364,0
0.029090527131165556,0.7358639082315472,0.9793214625273567,0.20528746388934915,0.2780167427082605,0.3271095178140856,0.9512306239819804,0.07724797855372734,0.06618545039168067,0.5826257483457071,2
0.2677645206007633,0.18078035070378695,0.6888088425305887,0.5322119872397383,0.22734064613066557,0.9228066764022795,-0.18869717334840042,0.39909092472858415,0.5763614265429668,0.8747443731704719,3
0.1759727197003977,0.009067533675494177,0.24548705153514416,0.11303240898121794,0.8406408497757463,0.5672655195070848,0.7328675131158453,0.7806397432729274,0.8083479146454542,0.5736853986247095,0
0.11431206922644777,0.8628992259214362,1.1265380319373768,0.38481704889140145,0.7966112939026462,0.30155161038225886,0.5154105194470857,0.08118474882013924,0.7312854666726442,0.2764002040560774,1
0.042295534867535255,0.9171417482458207,0.9796875061364898,0.242845252119251,0.6912707163538665,0.1506322783268751,0.44696507471932156,0.07381952818722429,0.895672151774419,0.12926429886473148,1
0.7986970280011665,0.1860061943632586,0.3509893475192831,0.0759463208831265,0.8982215013914585,0.5521738151548203,0.8463697668975335,-0.07959258293578753,0.2793905023163037,0.416769898979437,3
0.2621082376863261,0.048655730895159476,0.6680476337697595,0.25664144745308554,0.30623341424243444,0.9464259299062437,0.09151553180657568,0.899426804012571,0.20083828083539532,0.5509048241825156,3
0.9145626857142302,1.402013541496046,1.1214847640228176,1.5303294429811558,1.8275032906051796,0.855605369409564,1.090948058142987,0.6974095924971204,0.09879275016806607,0.4479929359485755,2
-0.3082399985732548,1.1954525879425493,0.21299653608582042,0.42264479091797447,0.8206496386583284,0.14637633952405887,1.1129060493600091,0.9347504327034976,0.0466030560956128,0.5230675273964076,2
-0.06658486498921029,0.3686296228705592,0.5468177785851122,0.5019232788999308,-0.3161406191773879,0.5807866894407758,0.3445282132257993,0.6717634888087931,0.8594137429329457,0.6794786465255758,0
-0.03370401290504632,0.7596493660473984,1.3956069158356492,-0.7981423187121759,0.16533928589633806,1.0552383258477698,0.25161931726401343,-0.23946501799776965,1.0186914330841748,0.7397908725853777,0
0.29611643132374765,0.37601434697842046,0.005882728592182848,0.4839180706885432,0.5389739950181475,0.5528098502329768,0.5687293218759046,0.3124224718553406,0.7327662542037481,0.3197120963226771,0
0.8512255038137395,0.7076218972524222,0.8929351075690904,0.43887636221418685,1.008936818119168,0.8179485841641612,0.5367284677921356,0.2988933769381228,0.32738951976786096,0.23373911580805146,2
0.9993869396298032,0.3351527101047619,0.5415073478763869,0.9825137923544048,0.046942081136067765,0.3221303637827,0.9872491239168316,0.529737135940271,0.5073774611369272,0.4458855236926459,1
0.022197620242416536,0.3866608041995497,0.5347832001030235,0.6589019321100322,0.9726010600427103,0.29536246049333387,0.6750504945904416,0.008249280062296555,0.6468398111574806,0.8938388881960049,1
0.5698158845303305,0.8003650257432304,0.38929487402225144,0.11469185647454551,0.9491866089083006,0.5096525176907011,0.8760454746280874,0.7048787115450562,0.7673017968642412,0.7520323156354284,1
0.5027409067551913,0.8712251467370733,0.3408442959135399,0.9273084622565354,0.9117902106407286,0.6547840161857362,0.9898110808745991,0.9385129557750005,0.48533703827078595,0.6426608522786769,2
0.3853103326654884,0.4177261205576375,0.8714612348480228,0.2834512375585958,0.8098137447983715,0.48784230382337496,0.29360238285269613,0.4197654253707328,0.5812648395682052,0.24449008896751562,0
0.44745117354777947,0.21839136740932363,0.4481798574780461,0.7050777738706221,0.6220301276181149,0.5988359031737631,0.2334483060124758,0.8192944714250405,0.8501600833592181,0.6818553049532861,3
0.5862411830167887,0.9222304030416527,0.29386857791247323,0.23859035464846204,0.973288479149348,0.4515887126668474,0.8056874070417569,0.5879065449654496,0.677626223349567,0.5282170754497567,1
0.6030469822459792,0.5601655083947762,-0.030277091609500636,0.5368013269225362,0.7339387916227438,0.522043542986671,0.77274043371944,0.3637187124435194,0.7049304770749877,0.48155307969745265,0
0.9082783739195235,0.8328407264829973,0.7503285218722086,0.10319587163526966,0.8938713840053633,0.090611309607104,0.23589548085261608,0.2030066333815428,0.9128247068813111,0.8992794798885764,3
0.44579469878635275,0.7467138660895388,0.5285996861281005,0.5541198440680346,0.985235572844313,0.36408591637120447,0.13328953666100943,0.5003906885407684,0.8138525669654603,0.673918007114083,0
0.4137006314656886,0.12489910188403833,0.56204031693674,-0.0967545210323354,0.798571097902827,0.9958594163340619,1.0812301768587753,1.1185632423303422,0.9406920182252608,0.4444768465056791,3
0.5760501190615759,0.6431335084401002,0.633874505648166,0.5171580930749554,0.022593468386455345,0.8276716713148489,0.09042556916813013,0.9801467682947438,0.13324470893383844,0.7247346116037053,0
0.44361723101012884,0.8263887506589888,0.073851319951173,0.23916696627664852,0.007255184125213532,0.308952230193688,0.9473090121741339,0.6031730728807584,0.25716547691708525,0.5639845488128579,3
0.539634834875263,0.7975541553918449,0.3875385218554152,0.1090976777886866,0.8812909703226093,0.495017791271004,0.9466808986155446,0.7663948689858803,0.6961977478946272,0.7082602211302786,1
0.9306929277007581,0.6645631754470841,0.672300832875385,0.6149148922996412,0.9295675130526491,0.4990070638338548,0.27764282916648586,0.6177755417079076,0.516189333684458,0.7424079955206021,0
0.23569964511240138,0.5894565546465832,0.2349630396449925,0.2315251936409511,1.0348642232413094,0.18204910062867147,0.045601141761027156,0.20507968917882585,0.5018193088922464,0.1570444818397316,0
0.30670944383445004,0.11030252304081686,0.7333708824564247,0.19812533098145307,0.26089423741904755,0.8744543104189718,0.08061454657230067,0.9165638899424607,0.13777698388218412,0.5279603706874272,3
0.24319991303057345,0.1564239971776868,0.09600683364141253,0.9703294094211087,0.3501535592665325,0.33975534333992835,0.39242642475173,0.5339391604760034,0.4308887335061796,0.21263061106050912,0
0.3084366247138944,0.9719358991743714,0.40899905077355087,0.4033932320830879,0.16679079220879567,0.6243989900270496,0.3704426749132422,0.5575871420322992,0.28696753560819055,0.5673074406371763,2
0.027614654753910055,0.8614997628301361,0.48839730372896273,0.3584516044532978,0.6378182309727864,0.2844847883944252,0.6330804541790518,0.21734121141733842,0.8135698347615655,0.25783129778026254,1
0.5719740137014028,0.7430652021843036,0.3666286025281988,0.08172739795831124,0.9050459771592605,0.4575299306826728,0.8933701550331733,0.7710294475016436,0.723200142061068,0.7087157574183375,1
0.4829904321168202,0.6501668787412165,0.48328775143735264,-0.11532479412504626,1.1272437732510794,0.5049964377432581,0.8649097810384379,0.8091880408250998,0.7259493677199796,0.6836918990178471,1
0.23550891983129318,0.24329239925469265,1.4080592770911882,1.1018968955070298,0.6137143167038352,0.961808281354411,-0.039333165147958093,0.15393078204609656,-0.0036680212549683455,0.8390499886947782,2
0.8521742509010447,0.7609274799127965,0.7240243663625903,0.08159641200998094,0.8801847091796453,0.1397933660395338,0.19725634773958023,0.2175217965618667,0.8194119275817159,0.9291792362453379,3
0.7872831538003813,0.6843591671123844,0.7758569609612329,0.49136616272840616,0.8490342547125186,0.9809963848995484,0.3903677481895732,0.2973362983891963,0.18442969095851838,0.44060661839690424,2
0.06348916853262065,0.14271902126258143,0.6876267846183988,0.6566371444793402,0.2605543005664588,0.47030609225647263,0.4972601253227753,0.32579404351477653,0.5657053842992056,0.3608807198735312,0
0.9815794722869127,0.36540351763329787,0.08081817055940163,0.3095755130794659,0.11937943627056859,0.8514669499374462,0.4231272609010481,0.5377165220445524,0.3721960462682158,0.7523841191914791,0
0.31110137686039735,0.9658667852640367,0.41287528501724235,0.3979854091509965,0.16055152383902188,0.625380032529344,0.374942390036397,0.5507598602671067,0.2806385383621849,0.5736627896332289,2
0.10240175694847434,0.18047197203170545,0.11223271758630984,0.14924180691016753,0.7169025065468299,0.6596764033124038,0.33677338903917015,0.9655409578550382,0.5296490879521429,0.4990364240974898,0
0.2357701422675209,0.4358050553243063,-0.24320287333649593,0.455289054419039,0.2721228717529306,0.5502091244300193,0.8496522903604355,-0.2456588354936431,1.1249873097071277,0.6327474256198176,1
0.39522860371867047,0.34079898464940045,0.04120919800946982,0.48551997457360835,0.5579774985098859,0.6289177889726661,0.5271204147259171,0.3461047532628208,0.8362776670399801,0.20448212492005616,0
1.0148983084070222,0.35956530801651193,0.008898822543591575,0.3481440550228608,0.11994518203281955,0.7965834688782282,0.36157058089984395,0.5691639366984783,0.41583636525754625,0.7603433503357532,0
0.8809750575236982,0.8067655857560498,0.8377837628274483,0.13145886446570207,0.8086060928094274,0.1767376622645951,0.1129239394175226,0.17427203458450696,0.9287688161871399,0.914394157640579,3
0.4077016725039627,0.8489167472459174,0.7276007465099397,0.891525163147987,-0.08500711002339273,1.1344888339766717,0.6731791778801643,0.9582484765449878,0.594098863837947,0.7682484459625669,0
-0.46646255593310193,1.3386372115355691,0.2904663842295357,1.0650342464810745,0.9486365878082739,1.1690756213744522,0.29535862728995,0.4359321857920489,-0.056153877981281686,0.7375456246211749,1
0.4514779596266405,0.790142024947307,0.32510780552949353,0.19128835302808117,0.8083583889785293,0.3996018817227782,0.9375522068448079,0.8358900577233074,0.8361559005522233,0.5968973970571056,1
0.2658394634653439,0.041847048782865916,0.6616747107728368,0.2390823744005315,0.2994045831801091,0.9472805982948473,0.08663543977320386,0.8958258593889802,0.18151530198720808,0.5694129227325325,3
0.6237708883359016,0.4532751731142059,0.9223825742092445,0.49513591385636824,1.0129512477773999,0.4605605535127381,0.9890132592067185,0.3174098745004814,0.8800823491922617,0.17271239647423436,3
0.7553394776593347,0.7733139489731465,0.453861673468418,0.21458955107241423,0.23072294135963184,0.6537785592555557,0.19692337034653878,0.7761307081992221,0.21252406779847363,0.6659051864197226,0
0.10243086115835195,0.18075089539753897,0.6679497538988471,0.6347918491058644,0.24080813932909095,0.48123157133157396,0.5143510140697194,0.29537058958951684,0.5234609699623927,0.33396677651227163,0
0.9032523283871985,0.8244053372369287,0.7711506877195281,0.14620598755705894,0.9650289913589245,0.04517745338854165,0.2572336981430312,0.12119692817417548,1.0007560146703192,1.061611106317354,3
0.9681273813465319,0.34666279638259856,0.4598155399299066,0.8574568373871422,0.07180570925494505,0.23327088424167824,0.8757243771043213,0.5021735215627506,0.5702756199803175,0.36478625256371966,1
0.8435922113816213,0.7415096728066375,0.6630670081186953,-0.026362010488941406,0.8046756286283663,0.06215502938470528,0.22758578719076245,0.16258973884844885,0.7448127277245018,0.8698895078254483,3
0.8212340484270653,0.7329478876495152,0.8522492838979295,0.3754696786783705,0.8194449455472481,1.0561070009564948,0.3350920149485512,0.35740914020311376,0.23577881246089977,0.4897789553446764,2
0.8610421730730415,0.4031542244524613,0.5983904270946232,0.6328998749019055,0.5140400781016419,0.7097175104012873,0.9185842442679139,0.3319499820202443,0.23823547923812727,0.9425388887966072,0
0.04553318022226214,0.8299120278723636,0.9594674550063376,0.33673185716207826,0.6719653634702126,0.18805977688723935,0.43083906049007037,0.02724362026502474,0.8776053415137742,0.053760846967945905,1
1.0392877207981046,0.4495923543117908,0.11981164084779325,0.35778770501847623,0.09322670274296824,0.8713328397120844,0.43078312537057556,0.5428321076855558,0.42133549120244296,0.7297586940513727,0
0.6140941271470337,0.7770542959508322,0.3855668025905078,0.08764282723117273,0.9147734653354495,0.43485436874505706,0.8690170412654844,0.7591929739570611,0.6806310163010677,0.7151229657714846,1
0.9086038968244071,0.14034827427727542,0.19773735170800388,0.574098862831449,0.49360663203681704,0.4727525130729358,0.7224709717682619,0.8423173832335955,0.86664598962319,0.18321143049473804,2
0.6271050797010509,0.4219198626206856,0.9182294730460208,0.47760684020307276,1.0124792679342032,0.5120461597124906,0.949447722347285,0.3283403883340142,0.8730951740781053,0.22467618933845004,3
-0.08740117954702309,0.5780867184792038,0.598332346482627,0.7104056426023886,1.2104279036068297,0.41927127433142175,0.4506932018424219,-0.04528610266584125,0.4177326554254023,0.6489292993652693,1
0.05572249116642897,0.3145223653655733,0.634774191275545,0.7383334952450112,0.6559377611234428,0.43301854206623425,0.27853981483503154,0.11081528362757292,0.3646188801953071,0.04435904019393849,0
0.8408655796975367,0.776033389963069,0.7466215347513832,0.07521051186904168,0.8920933993099911,0.14262718581612327,0.19158755057491908,0.2315990408839153,0.839561847608774,0.9352683368128994,3
0.24341863959593765,0.8568640016767983,0.43529718172263143,-0.21629973506276567,0.33811051276790016,0.3819119540948419,0.6033467557181431,1.097752619290432,0.11828807224383736,0.40387886229066466,3
0.47263492462488377,0.6904906695102823,0.6884522236998412,0.6311698677648532,0.8002878127211728,0.5711124616367782,0.674544361753813,0.8616904479005821,0.9305462091447574,0.7109219521947202,1
0.8532690397964916,0.7715291689480145,0.7459638065327453,0.06736046948530744,0.8983920149594354,0.14126946664775825,0.19341213993439454,0.24251014238686394,0.837581655168496,0.9316983835139485,3
0.7062664866522311,0.8202431683889866,0.30535021611954094,0.3040901982157695,0.826898322347548,0.5749082259597982,0.9139801478481876,0.8251395410283467,0.41866534882882545,0.8743443118641383,2
0.8553296328502731,0.7655156925816766,0.7631459508967677,0.07354050812571962,0.8920236314097615,0.1404689871659505,0.19672735848692174,0.2544444111940874,0.844246301616084,0.9534490067579425,3
0.06091379846879023,0.5248638076901465,0.5358526696855394,0.5026041522790868,1.0814419641106108,0.2940161189795112,0.5664605313970152,0.08192356247603062,0.5209061621582697,1.065418082584951,1
0.4230348068237886,0.641926724802159,0.6528506039918849,0.7341744937520218,0.8976477745495749,0.49204244208822906,0.6221932244056163,0.8538845133103877,0.8509472871574331,0.6304752616141791,1
0.24489002433534007,0.08100325337479475,0.6192532202200314,0.23092841936146008,0.3206606093257704,0.9458914873671451,0.11441354910242071,0.9214090018331621,0.20786382174697332,0.533824680790817,3
0.19792961762598393,-0.008202885079900343,0.5956128885046277,0.2631371522837217,0.22946040051785585,0.6882480812125349,0.6505798283029106,0.40782746669000697,0.3501721967063644,0.4128178686280525,2
0.23944851516763568,0.7775318527506276,-0.4761564421617397,-0.44566472205527907,0.7962769492715216,0.9967755293005461,0.6315655485552012,0.5799002870469189,1.1646183706369793,0.7941687399880085,0
0.06119805471633546,0.052586836985658934,0.283084194878039,0.2672072263967833,0.6818905002263538,0.6242455342742211,0.6462597135826282,0.9990439236309759,0.6728823438987481,0.5247406560403398,0
0.1655702131366192,0.08021075717135216,0.20192990728855148,0.29521986180570203,0.7671776602058719,0.4480627788084688,0.5808323287540427,1.0223313092780202,0.672233444123869,0.4865183644920624,0
0.9511474355101497,0.5007160750258204,0.6976320552685901,0.5246870348888435,0.8457961239985271,0.36660099774755656,0.39024503325231263,0.5660385359364951,0.45485828326479566,0.6192374196129876,0
0.9968636451971974,0.5266986872871827,0.7374825646039899,0.5205912022507645,0.8978980632404009,0.37804049395429573,0.3603307264328199,0.6180267429334387,0.40701906245576264,0.561203169798689,0
-0.09749350351014477,-0.4584091650971036,-0.9124583040683234,1.2267348997981569,0.7428598888040491,0.9409563907436513,1.6770877091015461,-0.49184887198066796,0.16612436070826328,0.9890885678512724,1
0.8901571448333714,0.7063994422970903,0.741925112231394,0.10510307574994576,0.9564970117075071,0.18769882248209627,0.16302319135476406,0.18071163499730428,0.8154300169308176,0.9648944539625466,3
1.0584363232093639,-0.12157036053776088,1.1288504818271727,1.0142827331649764,0.4199407931101089,0.306501523837865,0.5806316307210468,0.5932437018078293,0.5869408746032244,0.3698428394128046,0
0.9551760018620422,-0.07994095925159356,0.9173988840446183,0.5143742048778857,0.29989288710023587,0.3061705260330632,0.4798400214372018,0.4045601420842907,0.9408929517885969,0.3721828364856972,1
0.1655603157123187,0.9734119806863283,0.06935077922663185,1.2419212435815021,0.5570259236616564,0.23101504569870923,1.3166647606901116,0.32305431063316103,-0.19889280110936275,-0.19160254105081992,2
0.468204129587988,0.6380862262377103,0.36861596718511863,0.09229022154054452,0.9094319870141545,0.4276859705273898,1.0375769543075197,0.6354586730884948,0.5628226608512404,0.8168638762846019,1
0.06348606135792356,0.47598674682654735,0.5166274823866721,0.6865859536332075,1.0737775947870152,0.3441414487297451,0.6563804521745498,-0.06530521431737635,0.5670788605988236,0.9164446782553494,1
0.8559288293079741,0.2569169774068067,-0.05641910651148346,0.2076424829191192,-0.023567706594886863,0.40932324238379036,0.19333787642121392,0.5512414821355844,0.5018597666275602,0.44645488303453057,1
0.6207443385077631,0.2180126512148905,0.38022556074098013,-0.29331849364144125,0.16468339323736111,0.4948158318288179,0.2534650192384442,0.5109078270059875,0.5894490006829147,0.09878350127829127,2
0.2044982041663285,0.5349023189614394,0.3029895226589041,0.552017105764188,0.3064970720773113,0.4197507247527029,0.10366797615991055,0.8075356501654157,0.10122439826076401,0.4730498902443606,0
0.8680509237252546,0.1906934642510743,0.14490456187499723,0.5200032886678361,0.45483425030360586,0.421387274557203,0.7477103556404193,0.8538337566302766,0.8774736600622839,0.1735720123482971,2
0.531412073410119,0.30259276037398275,-0.3275403573501667,0.6974770451431677,0.6940593243492081,0.44954295640812675,0.10275660689525656,0.7651766711763507,0.45268508110155015,-0.25986768269540206,2
0.9956166575606173,0.5695146156380312,0.6891715496053648,0.5168772888237126,0.9137429685915267,0.35978296529486425,0.35327832480262245,0.5878674326510879,0.42701989374903876,0.5488702740316642,0
0.5347048026713483,0.9879598178410132,0.3322306731353655,0.1555796024955957,0.6256291026264502,0.6320913586025014,0.4357281162938714,0.14079040206455717,0.09647192504419352,0.4118996839843336,0
0.08653490347332901,0.9165054625317826,0.439460816817423,0.3293659944465748,0.6345007974675859,0.20582135492099293,0.6043975764033086,0.22319247501990594,0.8003582725425489,0.24987265051668556,1
0.6609760444707033,0.613065975060721,0.18006190753409806,0.5793190511602605,0.04985607128132587,0.9560358804906613,0.5241501914158874,0.35788764817120056,0.7905303540653588,0.021503637202862358,1
0.8485877272787067,0.1346308337629548,0.4325987439717987,0.8337173203988623,0.714682355201736,0.7260568527095419,0.619700910994514,0.6056469550068991,0.8125687566673379,0.8002227037242806,0
0.05077865078670477,0.8774455141296464,0.9742798959641548,0.29751656844905366,0.6884103438540679,0.21458636382718616,0.37764900998577916,-0.033825572054619404,0.8935095165054497,0.06761163312153154,1
0.771597043929571,0.5340736606997397,1.006247181896491,0.5373216626052808,0.8267002423985145,0.6463136253687045,0.9953569698401372,0.23590938801873967,0.8415536006343084,0.3246226736386223,3
0.806589533749073,0.6554563011890661,0.3358232311471151,0.2480324235424084,0.12482889613343198,0.6686091240096845,0.24529120147423755,0.9686522965399311,0.22699018700864862,0.8412585586374559,0
0.06604954425292603,0.291856372470934,0.5237963115363532,0.7800670358783373,0.8502181745778117,0.225695193239827,0.676625586115867,0.06232495430305567,0.512726063868884,0.7928683795459828,1
0.08820716862985473,0.14879145724158294,-0.41915044292284315,-0.4717215539765145,0.40184132518153504,0.19623840126752312,-0.17633109877793574,0.6931987474625868,0.7543344774606864,0.1582888924498045,2
1.0670306468486441,0.3727857314908333,0.4235791065763644,0.9448061172528213,0.003944867974987928,0.3254828054730934,0.8031415585858381,0.5668589296578921,0.5785461789084313,0.3546793050145668,1
0.5854909360236017,0.76647685659613,0.3675674489416216,0.09662765234007782,0.9056704274069841,0.43491069579689723,0.8907194019105057,0.7569469374785966,0.7104158927705044,0.69411686712402,1
0.5940891498799868,0.8766385882955663,0.7847152473052152,0.552865797749062,1.1143574006520542,0.7754645851637211,0.42903605481597984,0.2841235915929591,0.48254172600792666,0.2345069909644808,0
0.8483079927319727,0.13053231652462788,0.39829118761524385,0.8613420601788302,0.7138074664792781,0.747837107838585,0.5834686907746145,0.6248548218086015,0.829006108196939,0.798332480357723,0
-0.020988765865082415,1.2908175028354498,0.17805688720672944,0.6852245671761683,1.7639492875709013,0.2748263425273857,0.28487116174419014,0.557578357437978,0.5678889488693317,0.21986091764796284,0
0.8633614370071278,0.8235226453684875,0.7369716874024628,0.10873849686433606,0.9089479865189258,0.21166659478492478,0.17960987511095472,0.20115129772986268,0.8373875495382403,0.9591656402363441,3
0.2709477656828164,0.014428835443371077,0.6425001573892727,0.2783379039667773,0.3271173638030658,0.9475522313141455,0.1277421439472594,0.8604631308018559,0.23039986618641353,0.5740913181622781,3
0.846992376969784,0.6215944603311396,0.7134865310038888,0.8409259144573382,1.0385637952629365,0.4143352043181292,0.7859113788799774,0.810538829544962,0.8156542775648782,0.6920666589400247,0
0.504621654224338,0.8822898935205391,0.3580452776850188,0.9343260141985922,0.9065881783041551,0.653538200118362,0.988408301579765,0.9366312106830512,0.5033556927756819,0.6430572749700656,2
0.45484265049746087,-0.08521322281092739,1.0750862786510142,-0.06262367662132923,0.9529386797531344,0.6190251676847535,1.2280419672591798,0.6699682635460661,1.1086157725532475,0.5265449158074096,3
0.6403190932734149,-0.0043261980742937065,0.3067938812542037,0.06586906486065582,0.7081977713365735,-0.0947035102579051,0.6683265453202687,0.2631906137027361,0.319412298262043,0.10592560534110196,2
0.3467089770140963,0.045038818981501305,0.807560590879542,-0.08646986007529966,0.8707958158716312,0.8007340425378996,0.9861831866917952,0.9777652849286522,0.831580084714021,0.28862013950339344,3
0.3402770885964432,0.6476493395445578,0.6268469368816282,0.8939512239488169,0.7977057179129708,0.3279288946650177,0.9406635739906738,0.7930326678133948,0.6151998847997895,0.12448731922246323,2
0.4095547582333449,0.5095865800582847,0.4656429241273,0.4501736720880616,0.2873468342827383,0.7231276399615537,0.6492139244129429,1.0894231586133176,0.21879434381654136,0.1412510690262355,3
-0.07116122744147352,1.061332930797309,0.32586775331945594,0.8643045324087297,0.7153963262554984,0.3605689874065241,0.7875211268369005,0.5452667796451729,0.1224734690280943,0.1552246089817071,2
0.9142888900403745,0.07877994370675118,0.7870503519387534,0.8163138100829344,0.6187797569042942,0.35972777141935364,0.5494955310802778,0.4375775013866515,0.5169818770205672,0.5325767090827794,0
0.4128371885093903,0.13541947613513877,0.11442401093156285,0.12977879529552505,0.3621420325082309,0.13528794750373732,0.5427636875582172,0.4936691627709844,0.5177975297961825,0.1759160495809641,2
0.8633679043020235,0.13714140272564965,0.4104346984458164,0.8558351988719963,0.7239912925727469,0.7332915718490107,0.5913611288741404,0.6319164243279065,0.8404061415926837,0.7886733380956188,0
0.8999402498192249,0.09118136522135951,0.3543189861562781,0.07826656956251563,0.7958695467428252,0.6344693453276041,0.9663604981059088,0.111777683644925,0.17745763115118104,0.43206064259665916,3
-0.07679693517816187,0.5548685440468857,0.3063139956359555,0.9310225270851095,0.72084266759363,0.21458483000566855,0.8027163139104683,0.034019426474066694,0.4179203030688216,0.8228202529778496,1
0.24535240675202863,0.22704849051880963,0.5385589197131522,0.6208618236575301,0.7097632391457135,0.5245606023060627,0.3717885236770119,0.8745669142410292,0.4510355305446236,0.7091310381731264,0
1.0186161395965792,0.6781088576415263,0.2782200669357154,1.2166124531779565,0.7726812664716666,0.71218247220806,1.1459282349810738,0.9939701630093687,0.5262863853717259,0.6304044375770796,0
0.19318047151198264,0.6197441867434897,0.3786458621736673,0.42858422028270515,0.4341145955846507,0.40590661009590506,0.21367707814464604,0.7149214089968859,-0.012236407196300508,0.4719857064229793,0
0.13840050594311082,0.6180311016432019,0.37112426710276614,0.47756161983145223,0.4498008476362949,0.42348971616046066,0.20436291163530979,0.6846656195418165,-0.015081669055578027,0.4778385759671095,0
0.3988680297247909,0.029352681713856018,0.04568578303076041,0.1704421211813741,0.3994813872735869,0.08054825220986432,0.48698381527719675,0.4116979254349706,0.573678781945109,0.27351902139337875,2
0.28670773254840604,0.033601414635152496,0.6966460303618625,0.24171066913477135,0.28698010645666705,0.9489253681675593,0.10166347573661001,0.8663342839370177,0.22831057683827533,0.5949331849518995,3
0.37209090302828457,0.3660795359518677,0.0640202319452264,0.6879123664390127,0.44817050242021317,0.8045107797912866,0.5427028967144018,0.35737663063701425,0.6157762482573838,-0.02702643252230419,0
0.16466548934699,0.4166441169398164,0.16813256105638744,0.1233219960176456,1.0214075941280853,-0.052427195387730385,-0.09372712932021315,0.8337703421523666,0.49854428225922376,-0.20837882736991503,0
0.09009383640549555,0.1670449880781436,0.6909467493493036,0.636118708301429,0.25529511579313446,0.4711910341337177,0.5057663895177991,0.3320654401542909,0.5513789376435468,0.3901349937055198,0
0.8604426339441082,0.2332296869338406,1.1190442525409612,-0.3995993585810239,1.265955605796429,-0.006678534783045725,1.0408923483604,-0.3705603320643198,-0.6288380069518235,0.19457298103444348,0
0.630435198079335,0.7164303136201591,0.4410962681695931,0.5715968789653301,1.0228688029096036,0.7006190306618572,0.4294368467087526,0.1116201758189615,0.5556445171931519,0.3352217663361454,2
-0.08922714374378388,1.030044462531537,0.8776596879749798,0.6278676876501964,0.2277536181646426,0.7875979787403518,1.0320473990304952,1.0533313561241067,0.8489276444254008,0.6780735965279598,0
0.9146563242745943,0.4014053301895036,0.14470611992974475,0.26739689138232414,0.07750207764642167,0.9243296880602163,0.36006092031639536,0.4976809262551474,0.42263084351269153,0.8407475144611511,0
-0.0006818438861294976,0.33757362082228337,0.4874010767798555,0.6310293316951119,1.0143350223307013,0.297063723277872,0.7218246878820996,-0.01909200004770338,0.6984467705511712,0.9209190335542722,1
0.3121953388875992,0.9668735752539942,0.41407295852740594,0.39804891082771315,0.16210745895476325,0.6203086808372459,0.3654373787465262,0.5577768082128085,0.2884582411858509,0.5680623472301323,2
0.8632223563545083,0.14462202646381178,0.41044037032322916,0.8626943441807444,0.7087675795860848,0.7398002405810226,0.6143109424515225,0.6199669705797837,0.8384227238968266,0.7957700102166035,0
0.2501468099342628,0.16307366132894968,0.0873610444585569,0.9676914508945589,0.3492137371206454,0.3326707986281036,0.39049981540821543,0.5354408404939766,0.43082751402414277,0.21746110352278028,0
0.8569387532202677,0.04136862045664119,0.33929454669860454,0.08306039812303173,0.8528584919874838,0.6380561859353402,1.010173948030072,0.06955719431420923,0.22864946944463083,0.4379520414691696,3
-0.10567818694805817,0.015100939412272418,0.5095417465902383,0.556986101730375,0.22116391717952516,0.22830440545979758,0.7518099433685604,0.1471806151010086,0.5135149768486269,0.45931207580831024,0
0.44595124313361695,0.5819810500545347,0.7494821922225642,0.01693619790355272,0.7418662846446615,0.8460493236324895,0.7682722039381399,0.25820140043982204,0.2985634866925746,0.2695190625265728,0
0.08934937430934609,0.7928043009646188,0.5302750787573481,0.39431820905472525,0.6660827983206458,0.2088267711591094,0.6994566858878379,0.14536238443913568,0.7028441254354315,0.28148080393471697,1
0.47422696298493605,0.49291412685143493,0.2896679539702434,0.2570094182294446,0.7293951289083013,0.6719500420708425,0.76587022532648,0.7700927270248447,0.9569360909789465,0.9579988218277609,1
-0.1274313456600133,0.6430645527926975,0.5937433429628093,0.42639431487596813,0.2731972042407127,0.7056652188093487,0.37522159105548847,0.8463258561389534,0.6950086433488696,0.6379528391435623,0
0.04313498531392322,0.8542424668568306,0.42486531964855623,0.3172072059628383,0.6809901807013117,0.23253272716870507,0.6675804145172107,0.20845749339319394,0.8002901972237052,0.24871917991866666,1
0.08621953635374402,0.723373832935418,0.532968524522677,0.9346536983336199,-0.007918725296106516,1.0948365383421264,0.814339726993939,0.8164069427527383,0.8694730029486236,0.7606618047040821,0
0.08757560453025537,0.8102112997150243,0.5098889126778688,0.656684149455101,-0.0656679455417303,0.8325678384358386,0.559854951794323,0.8133386089718675,0.6535897862125924,0.770743305647734,0
0.9933232110531456,0.1790562857304281,0.8090733204191936,0.8068917208806711,0.6896535824227629,0.32120434512295615,0.44593452142917245,0.39656582249671013,0.5207493561964215,0.5941018638199473,0
0.4851630248653849,0.897585859142468,0.3573656262906424,0.9207017313336341,0.9170539974281212,0.6559798228868877,0.9745856339117762,0.9359525045753185,0.4830669236056349,0.6385136358097074,2
0.19842563616037073,0.3485767329595543,0.11996777493767416,0.5812076273914287,0.6963384684088559,0.6936122308607349,0.36918074627473846,0.26894424049903076,0.7166679744464446,0.31585705085568755,0
0.43295729871553607,0.23416272092138996,0.7447145808323553,-0.03988061489653172,0.8022285894296097,0.8172347797836095,0.8440686084284541,0.7561572772850848,0.782229372590697,0.43413846512299265,3
0.3555059724171071,0.04402419801881376,0.004357059611215769,0.15334014099063437,0.307210688397014,0.002250194420706453,0.48238320766570775,0.44177824029454005,0.7020351383080149,0.35531196027659995,2
0.1901395342060088,0.34973905285145707,1.0875568652383532,0.18828179969484943,1.0011711810571788,0.5731539160349467,1.1737372822492507,1.0446040612767153,0.7621146886515744,0.3351446893993183,3
0.3102841017803915,0.9701472835657527,0.4106700944794761,0.4023458799572556,0.16601894563751093,0.6230943563723292,0.3701834305226098,0.5555430978163013,0.2851639656285544,0.568416194939697,2
0.2528581004133716,0.046417619941578836,0.6774397072815377,0.2592966116455322,0.30683964359730515,0.9392587376309158,0.09566443655276366,0.9126336351858688,0.1916477118100284,0.5452857578720658,3
0.6912709280615019,0.8714551984934042,0.5260934895789156,1.3074347711607626,-0.05462976454990673,0.977611109717884,1.097551043826996,1.0144237912327028,1.113476719365862,0.9140786569688648,0
0.2758927537081337,0.03143056237031194,0.9302232292117882,0.09692426005393211,1.1147317792444986,0.9426104997130732,0.8735456479567196,0.8244471857291225,0.9930165491408851,0.23668271578743574,3
0.2882492022168803,0.018316493562327844,-0.05170157501812349,0.4003345743215522,0.6767378422818444,-0.10442300143986344,0.42173921543479526,0.7321289116716814,0.5351862228592645,0.4596653379147265,2
0.8443983416645168,0.6272873003638824,0.6233493965613941,0.9164162340012693,0.9541317879533746,0.1326703613921277,0.6342221933895984,0.6536838571341024,0.6904627935498056,1.111417042693209,0
0.3105453812875032,0.9697905794501303,0.4100849110835993,0.40320488127017273,0.16514262079506037,0.6233522361525796,0.370356318615123,0.5573098955037734,0.28727225279957275,0.56750765189922,2
0.25170394701075377,-0.010085604617658776,0.6053984958774289,0.3013933497651743,0.31713781703593175,0.9303548592969204,0.09213238004918728,0.8909748324631306,0.13950744972462936,0.5586284452680637,3
0.026559586043289753,0.9633081148639292,0.43851389777270433,0.8705851526981839,0.8308178787898396,0.512973166742066,0.9472997029024368,0.6643398804576054,0.21850034381518663,0.16957985206740273,2
0.21551674283892286,0.17847920847507673,0.22228467027980264,0.292909393690578,0.6972030395302701,0.46185395299937604,0.39655809987473123,0.8559482410360867,0.751799589465522,0.6507475908109914,0
0.052790808326455024,0.21685257627366245,0.7862351034593635,0.5697834378494406,0.27346725954668044,0.40358061079263846,0.46509921624418865,0.2650683096998222,0.538975212389682,0.377142064428257,0
0.30944243284441186,0.9707472460760447,0.41113513885567693,0.4000564010313779,0.16665813244784597,0.6230481037058554,0.37084885750837704,0.5584003949394499,0.2873074268389768,0.5655145225612896,2
1.1954836770471111,0.17138204830226833,0.24083308195229675,-0.036284980700185626,1.1738814167996265,0.4666294547502793,0.7077365862795026,-0.14651178119603242,0.561316104618853,0.3818534214687968,3
0.3208543825677277,0.11167682391496304,0.8889829339545671,0.15651595366621643,0.874574387321875,0.9112309935316436,0.8842251661157434,0.9583570188750749,0.7840252816682554,0.39050197091452193,3
0.15596298560894845,0.10489119940482389,0.3766504899157583,0.23386961333230658,0.0698979632046754,0.30059543258219446,0.5999507377892833,0.8092630059407105,0.7704513013542551,0.5106274447786584,0
0.31897963224032844,0.6875489933302442,0.6656613973425834,0.27141147296995444,0.9860037705945067,0.6159279435281988,0.46814496356027646,0.5853007514612509,0.31347261748519556,0.023728127897192697,0
0.7556735840530204,0.6603436761136684,0.7476077707463372,0.43708633164893324,0.8764046872740745,0.9608842254644075,0.38910601765973646,0.3022945967313109,0.17575136429900856,0.3896300266217894,2
0.8902615312346118,0.7795233184156795,0.6422864350164165,-0.04972229868386953,0.9823984374222245,0.1442975367685871,0.09854439282651452,0.12438658703732158,0.9134344603520801,0.9165332411633725,3
1.0012887770182604,0.20776469913903733,0.8009940760403766,0.829618678311118,0.734783386819256,0.33319205133658475,0.4721872144503686,0.36442259152536277,0.5343302692481141,0.6089326404106039,0
0.1315116644187894,0.6630610879040502,-0.14384928254723434,0.15580346195294142,0.03711007647782155,0.45942698187248965,0.2327566867424832,0.8221249284450504,-0.026036137620522558,0.2617094875324145,0
-0.19178074208499996,0.2099896051646552,0.3713877472102996,0.2644565282651667,0.0032389273488819814,0.11383918745887,-0.4559597529128273,0.07395156137071188,-0.07087477467744241,0.39657952629301424,2
0.31156292037726185,0.9750353527847445,0.40915471952600313,0.40017487631804954,0.16219011320445534,0.6278029660381841,0.3718568274825689,0.5531461107176566,0.2840706817870888,0.569317975472202,2
0.9462515906386604,0.0905742103122972,0.8135382265360735,0.5020357337170217,0.07713401569791908,0.60952906595519,0.3273273001834468,0.4963761155988407,-0.08612058848948223,0.4643377706216245,2
0.9120926728094948,0.3347878489052067,0.023890354104561667,0.32330299503038157,0.10801493924442078,0.895760906684985,0.4462102826445119,0.5843376466936937,0.43336340427674014,0.8209793689890094,0
1.0053732844385512,0.5193083186640551,0.7259594568876148,0.5269646103022331,0.9000589068618392,0.37883600748752466,0.35425833597958506,0.6223249645796908,0.39904644370607656,0.5728673851852727,0
0.6815720561283587,0.9262724992828566,1.1508177958524954,0.5356774905106385,1.117670599359088,0.20605403445324966,1.0146078568441546,0.0341428110372039,-0.14487272062169804,0.23716374963370834,2
0.9080918543826911,0.21776145521426327,0.88515404485467,0.8053936138507998,0.7738982425123601,0.22864105914993088,0.39405773893201185,0.33165272327825607,0.554517390398689,0.674605518141321,0
0.1723407213532265,0.12286804938226997,0.3853201143892474,0.2417476261659015,0.09156777573409597,0.3145914596912499,0.5848651178408539,0.8210062172800694,0.774929540732876,0.54121953864468,0
0.24307415713409616,0.046892694725629284,0.6641689389782756,0.23216743335230045,0.3124220964202202,0.9247411645226591,0.0987908589879691,0.9051627302986175,0.19217413016361506,0.5349068925796421,3
0.02584236737637559,1.0288124962266911,0.47959015425918766,0.8574374150585551,0.829917433515727,0.4774398928294406,0.963974486800071,0.7504568972790537,0.2661630118523044,0.2228643951976434,2
0.370853791930814,0.1794102319606643,0.9586188410625032,0.12739896403306644,0.9235732488447208,0.6181141877573769,0.9940388944583073,0.9279450813330393,0.928187629794065,0.40436462890147773,3
0.009389264269765801,0.3545485767155855,0.5588959720652341,0.7082128189203416,1.009040319958636,0.26586100665333634,0.6699533809929001,0.024628863644448554,0.6137346512793748,0.9092502474607864,1
0.23556427285086154,0.3184827114245087,-0.034738339367115414,0.48070317293888076,0.7521918550968394,0.6566219149162372,0.45078838025092666,0.2824014577419156,0.6185936676020956,0.10034643445231459,0
0.44880212830976685,2.0471922575448875,0.20621785958998384,-0.6706887113676563,0.7566327929588134,1.208099360673538,0.026152704890504308,1.566830621440352,0.4604721444800495,0.15784920329967478,2
0.9916246660250566,0.5219610598246525,0.7453470371109909,0.5291147005240949,0.8766504606309629,0.3840667641261539,0.35598999824663285,0.6081006908550879,0.4125689702227233,0.5873323829308635,0
0.08183829492926215,0.1502368704915632,0.3239299735990237,0.2921734236205443,0.7574925188808348,0.539216173981673,0.5636833640527137,0.9254962386204559,0.6387040761189733,0.5992202438139567,0
1.2283850205398437,0.6047412813861917,0.404639353646962,0.8399545336912818,0.9073717432967056,0.5365296388183588,0.07123052893087317,0.5429138314780444,0.11535418328637964,0.5323450773314404,2
0.12607917720135656,0.051214305149888464,0.3516268582242631,0.6319240541403118,0.47431590958347947,-0.10062524041843601,0.10145919850718499,-0.052070299193017866,0.10501583389906616,0.46585472221661334,0
-0.035298442452618456,0.7523413742369804,0.5757552083343421,1.2731566288616492,1.1715456902850003,0.5199764162048801,1.203741857431338,0.9840787424738298,0.5253165062616684,0.47509425332853533,2
0.20115628248281403,0.1690164183948953,0.17166209504133023,0.2845487397998752,0.7351323697305653,0.5087569037249021,0.644022256546344,1.103482325634261,0.7960960895175442,0.4276040513793705,0
0.12096049545449794,0.06885502313086048,0.29200040813611444,0.2641406848406748,0.735984663213161,0.4551301883025399,0.542619838818577,0.9094404444265209,0.6327182121628651,0.5286641399608153,0
0.9175356441336322,0.4801519959161451,0.6415416861974432,0.7223346246194268,0.878479212844575,0.2268949716694146,0.9607262038227038,0.6415752992130058,0.8959119309144539,0.8837631148290632,0
0.7871495917219355,0.5451102285161868,0.9575744355890088,0.4840121725403593,0.9386832499072965,-0.31208691181756887,0.1777179577234082,0.1878929355383991,1.2612561401809352,0.8178158124191615,3
0.9535398605251375,0.5761417758719058,0.6299613734978395,0.742597431250993,0.9264031366343678,0.21038455459943872,1.01620720456862,0.580235575244332,0.8989417475932555,0.8222969610579012,0
0.11990624771895318,0.9155307373748925,0.006122925744291231,0.6212708394489904,0.35669535299312294,0.7095803883378679,0.6409563922474011,0.6855650372809587,0.3433154044018139,0.5283730039854823,1
0.39352519806012937,0.03643966377089842,0.06539484140063084,0.15139814927366554,0.3888940220299454,0.08356818592827274,0.46613958481555334,0.4383372607186925,0.5827829693259734,0.27966176885289834,2
0.4370298564487334,-0.25933114961923187,0.37753816266725265,0.35117876927138325,0.25881733487498826,0.8374833917016214,0.6608787267730355,0.8950821526375068,0.22742895969733207,0.47752523110006434,0
0.0756531856582163,0.8465229118536095,0.47234657950276326,0.3411846249927621,0.6938781795767792,0.255514716066336,0.6207356838656991,0.20411001967110962,0.7959656499198128,0.277752340988231,1
0.9449922346994846,0.15055260019241426,0.8574577595118432,0.8027226078495497,0.750576562134116,0.3562348530419658,0.49031281476815264,0.3905826272459306,0.4585652764614423,0.5722719909747462,0
0.9171672196986553,0.09166752745378359,0.34113919862969455,0.0627944315848458,0.8624345454499076,0.6514336406523611,0.9907525870544629,0.11497450707877774,0.196517007216567,0.41217051131053845,3
-0.035643484509065876,0.19526003809127185,0.04149580245842338,0.23202815455083206,0.9240511443094079,0.5843839313250385,0.46083148671203644,1.219742655843497,0.40172894953589405,0.5304620219365775,0
1.088702147953874,0.7440991186148906,0.3552791608820601,0.16298887350719637,0.667441519903622,0.30348857442730187,-0.07937267113256896,0.4059256661056266,0.6209072007650972,0.6647804590018841,0
0.09200243904400335,0.8430345061824167,0.423398004636355,0.28866751615489594,0.6455194736669868,0.15133231583118334,0.7381689177363828,0.12338751865934487,0.8556323987209645,0.3363864402819779,1
0.3809583965071848,0.40745377028528174,0.07630684768344626,0.4700277744185542,0.5740528994160666,0.6125204955449408,0.4754307324618521,0.2657883479695231,0.7288127354786956,0.17800817195511726,0
0.45022967057785757,0.9274360319559249,0.8376033317715157,0.19867689362019006,1.3040838837566555,0.7317360799325785,0.5996278833884999,0.48026863192053976,0.5172545091243148,0.21991843093586935,2
0.17211375280217592,0.8839786192494108,0.5896164369621897,1.0124242850399252,0.37022723224703513,0.5320361099235235,0.1268609718934301,0.11493521458257241,0.24369341291657493,0.21265431877413032,2
0.07026642409991575,0.16124611497739244,0.34313372790632346,0.5880608485417215,0.04103076585327964,0.49167031670284533,0.7172921986712993,0.49262839830832567,0.6341470590895736,0.1686662799966865,2
0.1043864367204583,0.43499534019381525,0.0015762263412604227,0.4476399457208755,0.16402103198379295,0.1625816637316369,0.21594434788290687,0.8335962712714459,-0.3093956818973503,0.4785516481924585,0
0.9372989101817744,0.45926702096836247,0.6426387001417073,0.5652169361633301,0.8557146823751314,0.3915674462614055,0.41351919368685763,0.6411974492332477,0.430619116675479,0.6054698233178835,0
0.2054764825480071,0.06848704215000828,0.288087876461242,0.8379993727589985,1.391889204678972,0.4957563439539546,0.7119054527701204,0.18365875593276668,0.7218781677060498,0.9292400324222898,1
0.9084245207249768,0.6861527699523393,0.6633680019364246,0.6746401324741305,0.9651647914779693,0.15511633721466728,1.1835653427085413,0.5451300004626848,0.8180011771342596,0.6837027666689777,0
0.715479317284948,0.038587296613792677,1.3495062270771827,0.2625708223158665,0.8755164373110927,0.4077192769071136,0.35828842768193875,0.4394556452741648,0.7351519486632107,-0.2677840636321869,2
0.8246143749352047,0.13236065393491453,0.4148794161307128,0.8304994148350631,0.7286798381345665,0.7543220830923718,0.5659169677768442,0.6591451233980021,0.8731099635735655,0.7745836924703858,0
0.5094173297821137,0.8737176198205321,0.34618200843702607,0.9302859780995778,0.9056650169091851,0.6387751536091917,1.0005446365488426,0.9390520340463859,0.5126545566340208,0.6380206311278688,2
0.2565779905883407,0.14620321322516402,0.08955215845275462,0.9742716461064986,0.34053853574771975,0.3316852979855976,0.3976215736601872,0.5253598829436135,0.42763641679062925,0.21312987201643915,0
0.03649387237932026,0.39599218846932377,0.5767103141473725,0.690700512476313,0.944996178655971,0.2950261148503821,0.694598155161799,0.060329240781362585,0.6487255194180651,0.8542280346026488,1
0.006878504567939592,0.5277234603559553,0.7929089460332285,0.32086890138546065,0.6072515308771519,0.8603961765368007,0.5373459366475892,1.0064676031290047,0.9448450065091939,0.251758004378259,3
0.35730310643968805,0.3548259649244189,0.06808545411474587,0.49331936398421355,0.5801999723738386,0.5949724075777159,0.5334660714003692,0.3098961921259775,0.7782261622313715,0.24023230242177723,0
1.0340268505893548,0.4682505863539337,0.6115871884963959,0.8023966290896665,0.8556797195774092,0.27262836315229483,0.8914591108366774,0.6127949774058112,0.8568877560990202,0.8944163605870554,0
0.28758910204977717,0.5217203383245351,0.0920826418096804,0.3434854194623242,0.9217984612449287,0.12422271057395436,0.034760041706125344,0.28348208499339644,0.32405675138742485,0.15087139466076066,0
0.014274090402761896,0.7122405936021339,0.3020768951322021,0.3524497921622727,0.5234472942599335,0.5196457949735217,0.09778256535712605,0.5946388108611216,-0.11373645744997832,0.4496583683950532,0
0.9242435649118126,0.7675005977569311,0.7463720714327438,0.1153458030280548,0.9098482346291139,0.0939882919482958,0.10660565864709273,0.2532375165456335,0.7477966136369251,0.9800513481958274,3
0.21369108590822422,0.5403198991530008,-0.06962630132892561,0.0029476875792650015,0.7245917651187153,0.7791898129565346,0.7497038597398449,1.4329511395758794,0.6820316289043755,0.38095131997989673,3
0.254715369497582,0.24692380744947662,0.5322947218645193,0.2088026605599897,-0.1848902690468337,-0.0076426299186039826,0.6091555023234935,0.7355252635519156,0.5139094032066298,0.6480747036796891,0
0.024100349615764398,0.8500968652874616,0.4923096470278785,0.2853993084077673,0.7063256051217925,0.2470778440741699,0.6125947016690044,0.1986690764623496,0.7485804035705512,0.22590647490254712,1
0.7687160238411128,0.5790359691210116,0.6749844635455816,0.44028982328307703,0.8344585567813395,0.9566727048030208,0.3039440961593625,0.28156825148465275,0.24862001893737093,0.3248852825457694,2
-0.13326182616386262,0.47133471052128445,0.6290384090097314,0.7782908066039365,1.1409000590571625,0.1974755855505811,0.892877246957701,-0.18243289330233328,0.6255456286972618,0.66231126881633,1
-0.07975397186133339,0.9055777178626876,0.8525776226359413,0.29084514152027324,0.8016943538804936,0.16091917942680337,0.49094785120971396,0.18591365896899695,0.8445452638125514,0.0028324082302391695,1
0.008823607799835112,0.7915273678988153,0.39335116554589883,0.22576381977547205,0.78921886919515,0.20682827260523223,0.6220544342975443,0.1074100618339822,0.8468244261674732,0.30846054623964925,1
0.10757864852556351,0.26912278151610475,0.5386807030486586,0.27544751379400745,-0.12446503654769514,0.4688568758678208,0.5252363369475981,0.8495355614224345,0.9300587407960754,0.4264637719989556,0
0.49283964458180635,0.874976973578115,0.37071817646504923,0.9176582397242407,0.9289473797729609,0.671542245628078,0.9788655831507848,0.9353985011965611,0.49288750866275166,0.6255948616058673,2
0.624100961387295,0.4648863104666715,0.9159927748330808,0.48456462187153154,1.0245142878902918,0.47599786000083205,0.9573380278511417,0.32093082899151837,0.8888768557614677,0.18052307425583175,3
1.0094642789785582,0.3323283158016045,0.48483391709317075,0.8500879872864407,0.05534082056728474,0.253767384415831,0.8572425357486758,0.49232941279084425,0.586994193836635,0.37148122287179747,1
0.7820277819906295,0.6710196851866619,0.9405660576241608,0.2895943471211357,0.7959667170198415,0.2508684314505066,-0.05428810408924631,0.17334209749661145,1.0467172064221772,0.8441738275897055,3
0.8931193224983056,0.2995320574273823,0.554727531602916,0.7506662696208978,0.00041055482781561514,0.16418395328819965,0.9709109912956942,0.5288058123314916,0.48046271754142006,0.34469905611251206,1
0.09080830077367441,0.013086183540049862,0.4368115032370321,0.39990256050400197,0.18088651971495168,0.601514731775643,0.6336761672426973,0.37379769844403704,0.46144689159548075,0.26827947623954246,2
0.953558638461916,0.4685621307508772,0.7120842153342105,0.5256797191264964,0.8445974869738271,0.43699398202103723,0.31296099026200064,0.642664356613294,0.4710574790854106,0.5739997781465443,0
0.023598821979751314,0.39423059190794446,0.5488071333740168,0.6865111245791918,0.972965293218845,0.2753649690850089,0.6573096389141713,0.026512273095547198,0.64083494142757,0.8905931719196177,1
0.1941186302374774,0.8156493310541902,0.5878088136546464,0.8935945772791748,0.10368313560941425,0.9415231793535623,0.7031302230823965,0.8556975074408816,0.6825945176429608,0.8394239265938919,0
0.9755087524110297,0.3729548183553841,0.09052623225844153,0.31348302086286983,0.12088526377417129,0.8660266261148517,0.42793034814902076,0.5287326656868114,0.36867918084056295,0.7558805384006843,0
0.08994312081055919,0.80551714789231,0.6635112447846773,0.9655755326556799,0.46816221398568053,0.6402409888375168,0.21177539971695408,0.08721396425548275,0.13834861050202105,0.18292873945037783,2
0.07924647630005288,0.6835500874848733,0.39105986964948947,-0.07476363679352915,1.274575321769257,0.45575023882069265,-0.1350180243372069,0.2080157230508273,0.7536834486301931,-0.03317732840779419,0
0.09514270660645385,0.008717689005238765,0.4383873643828785,0.3940936993823506,0.1813613189974677,0.604741565151059,0.6369669785840284,0.37261455166968777,0.4658205176946289,0.267574746552808,2
0.016546253905551284,0.7632011611215732,1.0016308931076503,0.2482824920667117,0.5056412587893327,0.1052480355287014,0.28520165322620333,0.009759344004492132,0.930617032374422,0.29144507051124335,1
0.9597091125931024,0.4118505657238191,0.4365143925379192,0.24959391198574765,0.8180866667987674,0.5865090287405158,0.740654605722601,0.811163560875058,0.6024403216713787,0.9422540492772874,2
0.03379738589432882,0.11640847553035173,0.2633630873957371,0.5000029972925434,0.15161591283861817,0.5794661450345434,0.562277463456776,0.16225559330219996,0.4871167544564029,0.25056956257665663,2
0.5737971266950784,0.6924604068323992,-0.12988240339277507,-0.17748816499148423,0.8856397993561901,-0.2762979617432037,0.09289509800771092,-0.11277483845894265,0.15746441415402512,0.34453834209016293,0
0.5950535049438341,0.8036628256737438,0.35877013995022333,0.10313409056904202,0.8869650267027956,0.3988068521830144,0.8651516434858894,0.8008599995518164,0.6567343302690284,0.6647939365877346,1
0.8605632826280015,0.6400030603948405,0.34203745469303365,0.27495866864609125,0.7121772316998344,0.5773321582993357,0.8726635808933394,0.7145071347949369,0.3766487092285933,0.8826662927692297,2
0.3809763542961979,1.128370039511902,0.11065559637240707,0.5705784107122751,0.9075811011126497,0.960444512393917,0.5877292186731475,0.33555207784150737,1.6245703613872067,0.38039106048600557,0
0.2381503322307615,0.8035618986828087,0.5640873074545664,0.8536088360606457,0.10272371940189787,0.9772610448214015,0.7032012757407826,0.8904068135239166,0.6995682604277821,0.8535628376701995,0
0.9670551642184038,0.2970924522821156,0.13958079404641083,0.39969318069816784,-0.010219974755584393,0.823115283092573,0.3315773770691542,0.6090360677658994,0.40511166723080083,0.8764914450306156,0
0.3707642336176555,-0.02276244585379955,0.2517581232652682,0.1017550294984226,-0.09418304675837774,0.33162111004058553,0.13709073829762242,0.7749314539192601,0.42966004482238884,0.4940930884402773,2
0.6119667201398552,0.5109741946277887,0.6815753775235845,0.24785027144587488,0.5844073977497793,0.6175756316092075,0.3369165629738554,0.7867392298544119,0.7986619244616585,0.36888474874000843,2
0.6805970865842448,0.3731141228956416,0.8067667110875647,0.9897582610858509,0.6877176884757885,0.11563914807643252,0.658037969381297,0.5946086351765316,1.0499475109429635,0.9200769969459095,0
1.0064713450941765,0.5247414250355985,0.7302801843294906,0.5260061192126714,0.8875176593189161,0.3759610800047466,0.37068523179789664,0.6156040556524007,0.3882601253885979,0.5634634166921517,0
0.6180895329807451,0.5217197309816759,0.7078123566889681,0.21683064253609116,0.5795705740986575,0.6172594873019919,0.31637157752364353,0.7523717131359725,0.8142175128964099,0.3534754957669351,2
0.7310045786356116,0.33454252730003803,0.22615719963893433,0.801936687203425,0.3218270075103426,0.7911631062185758,0.872475287391064,0.27567824754644693,0.9219341328024548,0.34983666801149965,1
0.07750991258244166,0.4976342224529107,0.6022551110544129,0.186684066873949,1.2680384629435224,0.7525853398587723,0.14306351166155512,0.3309594278150082,0.10199927892221428,-0.28230680282114173,0
0.6330931779898221,0.5456721854876475,0.6426059651143187,0.3071009017784947,0.5646385050764393,0.5726157342309239,0.35448832316756623,0.7620797095895144,0.8246863506382742,0.30660637366522325,2
0.18180719446963714,0.8650033289903544,0.5509101326889118,0.8283724528852852,0.046110939954420095,0.912518369229359,0.7805241571600855,0.8728385317967696,0.6979079534562651,0.8282539772980169,0
1.1078558609835654,0.8520411652029194,-0.03971855109781053,0.4253033350209642,0.5010663015348034,0.5500276289463619,0.6699989794139486,0.798839710886155,0.39974759691654616,-0.20310916729261352,3
0.058191869477815066,0.8330208162916711,0.43199366076915735,1.0060754872929432,0.990334219302053,0.6877256716665288,0.9623433201860397,0.8690540931517997,0.35274090096930616,0.23334417233434204,2
1.2014838102499075,0.2795887092956555,0.8294945394116986,0.7697625101662088,0.988193003966096,0.4061181783258786,0.4433727368690682,0.8132059637547531,0.9476618716804209,0.9232378166269992,0
0.8302664501425259,-0.05627614083861762,1.1374342221564764,0.8855549860266296,0.5178039116189465,0.07584539826096712,0.41818042008114864,0.6234499984707251,0.31867836741067557,0.7716326299914256,0
0.14348051668258952,0.5950249782068454,0.3477662607844779,0.481269629887657,0.4060718031805651,0.44760254676482625,0.17177554997878547,0.6940725125392657,0.023988415663436263,0.43335297643385046,0
0.574745169900983,0.7813072313982327,0.3342111555050251,0.06509800660423297,0.9225930797970147,0.4512692686751474,0.8654089231714052,0.7515571362043595,0.7119030926749051,0.7320529234169193,1
0.8921387372721962,0.3009659840090795,0.13452369880538217,0.3031449816384352,0.03005151703492255,0.7690255925204775,0.4612669326573421,0.5305542085174677,0.4465639907774901,0.8354158430542831,0
0.3311704374771202,0.3490314748697155,0.057192274433147464,0.48785688956389844,0.610684356902536,0.5817828959478134,0.5161988994027736,0.33649038412977206,0.8042914770142993,0.2578153601641676,0
0.6271700461220496,0.4625737135982131,0.9095939105674046,0.5036543486809653,1.001141049585463,0.4662624421422661,0.9896930508099284,0.34122486743382513,0.8674590266759014,0.20123788115745597,3
0.712544189815319,0.5637823976405162,-0.21670627475619564,0.3234861829442252,-0.1286544459885374,1.032418248306714,0.4553475353826264,0.18344689272322723,0.24743759770392032,0.45907653775056123,0
0.972317682450783,0.8575838075446698,0.32444377621160714,0.3276402480622448,0.9215987475394013,0.7751705819944623,0.6718158191353987,0.8473925101508344,0.1928502869692821,0.9849248166766783,2
0.4166332035734553,0.31959930541535864,0.4828904757537915,0.6886807293676885,0.5274785135783852,0.6035905472844683,0.09431573277997035,0.8526087826880415,0.9015936588327529,0.6060910872243461,3
0.9537614985648247,0.977211375736129,0.371854308365312,0.6732668755153233,0.8130608576576028,0.7390169676009971,0.43458272766375244,0.177839956224555,0.42444612670383725,0.5298616694472225,3
-0.09525127802352644,0.3306454849658958,0.5106416259834706,0.5866128426701989,1.0353769886389912,0.16048596786738684,0.5752083082220658,-0.08999102563993051,0.5113103434570634,0.8405319293131356,1
0.4427914964413122,0.5394235733413495,0.38801726080693777,0.1921138178710629,0.768877234016753,0.4451549209536608,0.9027572669048213,0.9768165319667574,0.7612527808595904,0.715906497700076,1
0.48254834730481544,0.8952696964634144,0.33674918388171393,0.9302823057687658,0.9017182762108289,0.6707866189044344,1.0093056707982178,0.9544842755148064,0.48461372523121676,0.6551726482115763,2
0.9787484129216878,0.4897458691266767,0.695130239376285,0.5175144819147114,0.9434395876863291,0.4273082364050395,0.30621510043118433,0.6833250272001167,0.3585874612895984,0.6242252361592594,0
0.6539518374346968,0.4860792295978473,0.9459763969999201,0.45642190083022405,1.019654439040051,0.4374812215214036,0.9397980663142801,0.3114087092167161,0.8623786340703052,0.1775830840373004,3
1.541413834144076,0.5705457474133157,0.8362783228561662,0.4142492701381963,1.200860481575277,0.9715774616682249,1.0289698263809959,0.27850900285334035,0.23051871208325225,1.5984478082999507,0
-0.02631846279720549,1.0547323404688065,0.4833560019775354,0.8338304237764247,0.8444661195290358,0.4517689414926367,0.8136937922043125,0.7182134037469957,0.20083658384365918,0.28104851971786576,2
0.9173842341295309,0.7635299232032756,0.6236598984150817,-0.05234175654813156,0.8373187846616333,0.06614381695396705,0.19781423178271426,0.30341393318828874,0.8893699111032944,0.9046537130906024,3
0.901630902627723,0.9392330334543351,0.4579947945611938,0.6017589403490552,0.6866480480926549,0.6521517880040538,0.47118893460068934,0.11868584902325464,0.41255900410473473,0.4126815830782473,3
0.010066148050518763,0.4355380419528028,0.5774173399966013,0.705509331938436,1.0053603020539887,0.24984955945537593,0.6458307150533843,0.06401551186284783,0.6281022176322079,0.8519436294714181,1
1.098518324064666,0.2961229159007723,0.21526520271205263,0.2162199627743276,0.015192903781110448,0.8530504904208019,0.4511646640137859,0.6352698774726891,0.42139559736057314,0.8937124207979315,0
0.6328295345046723,0.6740306722634253,0.11566894287645856,0.5314393719628423,-0.0036279314398992638,0.9061992202819656,0.5975628289681599,0.3618803250313437,0.8430801511116746,0.14396840621521034,1
0.35165484447988077,0.572146124629451,-0.08126745216657288,0.2394510566574404,0.758242163570419,0.34628792744522774,0.27278757965306394,0.3794305301064673,0.31918111402340854,0.3337814676362851,0
0.7864334643877862,0.26967507082576525,0.6584665974149704,0.8911101822593501,0.36221549593061025,0.920900692713249,0.8672426077893831,0.23896811143347768,0.7727881586045108,0.11627402170463852,0
0.9573340177656087,0.34145115675255333,0.1485586042495573,0.31516087776859775,0.2262725489539593,0.894934653661299,0.4378972575588862,0.5583807299533678,0.37326605001095226,0.7722019592475972,0
0.3677379670732889,0.8200692409189679,0.17062078429204547,0.0743518564781572,1.1193044679756905,0.5816231398069192,0.6970790244285923,0.8617027346705781,0.7513368622235882,0.5251645094881318,1
0.49965245977765016,0.1535847873811242,0.933565551333957,0.03893669724777487,0.8439587702878998,0.6138319286960575,0.7900744364751884,1.0871487721688018,1.0379549083387247,0.26101870996545595,3
0.6610446265821337,1.054184090866339,0.6002697569593333,0.9496302281521939,0.7925429237975294,0.7121520400499057,0.21371392784807625,1.4277125546312437,0.9109278240136788,0.02581657091539502,0
0.7710518599763366,0.11837777657935084,0.4628764421716644,0.2985797355511919,1.0623950694334223,0.7854175401391953,0.8604463329026892,0.2673371006124058,0.13968891772694003,0.5938796034694085,3
0.30861118157643835,0.3406988128700033,0.1107848808414673,0.4662649734516539,0.588958342512715,0.5639125557418387,0.48503013960911134,0.3540616732919751,0.7916484086838532,0.26740379462547975,0
1.693953411941926,0.6962550675479406,0.5919582486611386,0.7926032242913573,1.376682475150952,-0.17774404453064452,0.6962492396805378,0.2818466558177126,0.6831166890015297,1.1018478349453535,0
0.30938596336345126,0.9690732955781678,0.41099395298184316,0.4013018546294515,0.16469430231514287,0.6241017487524305,0.3710082725229392,0.5574308869915151,0.2872307642287804,0.5681919789836063,2
0.4438360563997277,0.6679560362516028,0.6742854054824572,0.6714523005976087,0.8430779576063951,0.5187165269734412,0.6220165834835689,0.9222437919475007,0.8771278046223142,0.6924381767673,1
0.8823903007839454,0.8224099340351396,0.6531402604086621,0.0941724466732731,0.8978518377914149,0.11324310077237094,0.21650102825252635,0.17453572233628314,0.777552626404039,0.9074156209472336,3
0.0790571352855415,0.5590497601571579,1.0073376733094068,0.6225467964075884,0.792892836081873,0.571274144728394,0.02590575971461409,-0.018294078046071527,0.5639858400573707,0.029570959601161573,2
0.06441459522299012,0.42601656624861894,0.5489415003911869,0.7201336693354362,0.8943304391420328,0.28696981818778017,0.5531049603961917,-0.07740437553523137,0.5802770599531498,0.9405267666424397,1
0.25642324010882667,0.011359101843337993,0.6598553931062833,0.22363667723618486,0.34771761395646006,0.8988940550194812,0.08289574355184988,0.8734396703653708,0.1898485886970944,0.5593133575516748,3
1.1996879489928878,0.7188535739536112,0.533109496322257,1.0169064931836331,0.7359824621900064,-0.0023841206364134115,1.2039444880126926,0.42164595907386526,1.1765356488792043,0.7626639066612494,0
0.044552700586288255,0.3735052552713831,0.5580334405650584,0.6846488810700344,0.9592250693689043,0.2566116157284269,0.685365602905503,0.052427214226029376,0.6382746721329057,0.9007568373358452,1
0.021647634594824106,0.8980783623984481,-0.13301985751420636,0.5481504366246919,0.7359241094926259,-0.0592288153402353,0.08818750607526568,0.5152152784527194,0.37447591104180517,0.14614903034954857,0
1.2231801211138569,-0.017728045696481898,0.11961621972497335,0.00780857120010936,0.05242986988799496,0.5163684447137427,0.1111848485834303,0.7221437641539923,-0.09119963263961633,0.6465417460646162,0
1.099758600045215,0.17148093274994505,0.7906176272547953,0.9584488884513581,0.7387270271354051,0.22017372683786207,0.6489296461744836,0.11678598462662809,0.6699875014556609,0.8344118292202573,0
0.8558185619056942,0.14503703293876682,0.41257472394977374,0.8552389579288079,0.72061114639311,0.739749689475156,0.5977798301478675,0.6296829490316267,0.8338439299670866,0.7968389762215726,0
0.9040978289962379,-0.027137870171673434,0.4510266642799914,0.1770601371022213,0.872521865896727,0.6015581378868938,0.9302974501630276,0.07113325357979669,0.2787292121965457,0.334001205324272,3
0.6193505986626101,0.5052426310947425,0.6876446228660117,0.25080069552157025,0.5753400304674288,0.6143223571630654,0.32868596649520937,0.7904171612639643,0.8043492786161156,0.36114971747487384,2
0.1105430965808929,0.9295889389279824,0.4311734983424352,0.37002187657605057,0.7359266902242957,0.16666378553646563,0.6345387962987338,0.2679663359932641,0.824505549185466,0.3015776067295703,1
0.2538735013407404,0.1568692903680477,0.08986110447920312,0.9642621479154876,0.3498693136135724,0.33676953075059707,0.399858889252604,0.5267260675604205,0.4363219011107414,0.21994093852185317,0
0.14503621989071797,0.3816034454602336,0.6372711766263557,-0.28741475117918835,1.1441781337560726,1.038389847902517,0.7433446323533422,0.5982287040946028,0.7688602771831473,0.3659019312002554,3
0.014355535611269996,-0.14344286829651026,0.7504231128356488,0.9383122730530299,0.9021242235744091,0.12612638539402132,0.5475010136066263,0.36973390357680913,1.2324693397641195,0.16237432986226927,0
0.4317880300144423,0.663563573205652,0.659085459650528,0.6900783658785518,0.8407580400715201,0.5366388173097132,0.6013949158102643,0.9307841398327663,0.8906851582628178,0.6892175939347697,1
0.019610872955273487,0.06871752345932727,0.2931502587658121,0.38482763963102645,0.909409525442746,0.4695510255951621,0.6860535896881389,0.9175425775274665,0.7498327291564139,0.4422122722694972,0
0.2158438687655404,0.22808041651483513,0.45615796636577877,0.5075086333962957,0.24424309814601114,0.8291228999962186,0.8827113857445803,0.5330183829002545,-0.18865554691125275,0.21551214555919124,2
0.06868602950112168,0.8309546706171236,0.5444296534567308,1.057775377522997,1.0881417606583677,0.5607081156817502,0.8609723264351758,0.5059763979838102,0.24414463806270167,0.4410563643697716,2
0.32525016998325385,0.15721272738026498,0.24351243494406966,0.5005141548861175,0.7279759753215296,0.5614476985373855,0.7804015671230996,0.2562769555990249,0.7038159659145855,0.015566435789799216,0
0.8732966478296996,0.02237555106163247,0.3654886075136978,0.09987853515685775,0.8002724260137577,0.6202518170272161,0.993578231462244,0.09517410091534359,0.2086708673159132,0.38939747775224165,3
0.7335260757934621,0.34797652112985733,1.0281880991961931,0.6091149612417507,0.9496415135774255,0.4896198863747866,1.0939525323310035,0.4862119554800576,1.0095309152286753,0.08677170045862301,3
0.28893570311129857,0.35439745242514575,0.37910055891963756,0.2699376216220912,0.95906678735767,0.3522814187115238,0.7278064433266268,0.9340071465073932,0.5662114127000867,0.5237865438964026,0
1.2109076981871787,0.634711907511761,0.4124873983703208,0.8642462438598338,0.5896850469505289,0.03269869069540646,0.907728712944216,0.6887180672539627,0.6787467888405627,0.9735884001130799,0
0.6797415124001336,0.510149248615152,0.4125705576800331,0.5982532334656625,0.016441227143929482,0.9590685231872588,0.5918097645174759,1.1488687917951195,0.043903158961724253,0.6036347517787524,3
1.0297818086265969,0.1341397434444554,0.8446741281567418,0.6851235523627129,0.6127210763490671,0.5887433947825089,0.6848752277446011,0.43729538156894904,0.3477940707007161,1.0912895824299087,0
0.31600418944151526,0.0329954945202366,0.6890010683589552,0.19747604509044925,0.32407417999964766,0.9430780077137801,0.0811306860055823,0.9412647153834595,0.15774773665885394,0.5813436125071324,3
0.7693364543179217,0.25424083042883056,0.6511831677703989,0.9062649937857732,0.34877975788584836,0.8917555308129973,0.8669577113388586,0.25175186707322156,0.7564177683428985,0.08223021269210745,0
0.9929172643169883,0.5576301084692304,0.7168230864274462,0.4986298073052934,0.8935963588891227,0.3572409479623267,0.36764503632341905,0.6053635012982981,0.3842290011106379,0.53810578540221,0
0.03345461079717792,0.9211189625493357,0.9721384073121907,0.2445197364623236,0.6980670364161421,0.14483954167579396,0.4360690491245608,0.05581584112518749,0.8776346432526464,0.13564530916773546,1
0.7401119676921051,0.6730338777284277,0.7584192522914975,0.5042142957601637,0.8172170121511801,0.9530202239718961,0.36686617816664,0.2966888032802196,0.13721322467123806,0.4386466672681288,2
0.5764879020341059,0.6691516228363253,0.19045295463257145,0.6148841809477729,0.04123392116989834,0.9210180952174962,0.634435197706212,0.2351990818696722,0.8911354129186932,0.09134777133466901,1
0.5907951100698906,0.37592194430884623,-0.06370842498616747,-0.24208334619808203,-0.15361583773183868,1.0407891442525512,0.30713401071410495,0.6581674517267018,0.12354472507553316,0.4344520137852566,0
0.11330744514818042,0.48838076251635254,0.32699484925784217,0.434674736108706,-0.3109920043126015,1.146436789393579,0.7552717337582457,0.7073812597405478,1.0280847022601827,0.7481359720205029,0
0.6483614534953389,0.07460938861734723,0.7958147102635651,0.5577050188029385,0.018170854060474,0.8872914382899154,0.6870936223042733,0.523719692854616,0.26105428521630947,0.605342562692202,2
0.3102352722156361,0.9684778148286315,0.41104279721096604,0.4004942209589258,0.1641698337129983,0.6229351964217708,0.3718461467483419,0.5565189990065126,0.2871604012378595,0.5684369916610708,2
0.9232245876680852,0.6059252620675937,0.389218620457793,1.0329686484316887,1.0360269606015264,0.3455867451610488,-0.09527836060977879,0.4087334066422564,0.8047490456097753,1.1838354534410684,3
0.24912188294384072,1.14838416094216,-0.14853104222431254,0.7582096534798575,0.4057777388498617,0.7641406381365375,0.8991052625093379,0.6091445585049982,0.73343515459572,0.6512046424169367,1
0.2607344995121983,0.046047704607402894,0.6608700269783341,0.25334466296330416,0.3118286033825549,0.9383400949078924,0.09318280810170006,0.9004785182812582,0.19438821603937795,0.5579360649516221,3
0.24120637493664912,0.5472722537905652,0.07123645681735141,0.4980080128333831,0.03615714869499764,0.9504244067812585,0.011673818444017714,0.005601382149610257,-0.33131564361541865,0.4396788349724825,1
0.2566917376041975,0.06397398525274546,0.650302311961361,0.26488643591049893,0.3251279091446134,0.9321579012954369,0.10148422504761284,0.8926010440651884,0.18072262944050715,0.5506692362863953,3
0.7532654992114466,0.5280589944768153,0.04421898328752134,0.4271509566454083,0.3611632575552698,0.7035722025823778,0.5410998124973438,0.2346839876093531,0.6920470598840446,0.10448118376013121,1
1.3082787615166,0.2499378245941869,0.862376434887451,0.4757696545971401,1.0618229258734593,0.21046571173028805,0.84193233945295,0.9147685098012028,0.5662658658271645,0.6139737071074328,0
1.510583491296868,0.4896874202245633,0.38935613999602237,1.6839627515602493,-0.05396021659050576,1.146095815144893,1.101159805377192,0.04836456338608097,1.348649388551788,0.8441117299334688,0
0.9874256441398136,0.3528556025874831,0.461958312890059,0.8649041089259942,0.07184170553337313,0.2426837896667315,0.8634814794923683,0.5088213964589394,0.5784926344249611,0.350843487367705,1
0.16791516453297492,0.15580761987394798,0.3296150586164369,0.32762195475323214,0.7469282377564543,0.5148273794078688,0.5785802323684069,0.892751188017633,0.7191917784131314,0.5481368946905774,0
0.019031531677229575,0.8606889414777055,0.5067266869849971,0.3135296405863008,0.732001010402082,0.24743506444740745,0.6276533165360664,0.0991240209083711,0.7991173958161781,0.27365007510037725,1
-0.03355986803504024,-0.49414632499265754,0.15111755034481333,-0.04168299267318076,0.2741167558493016,-0.2361013022639582,1.214283970608553,1.0005535791499702,0.4678311173622105,1.0626250304554092,0
0.257388032721753,0.08989868789450686,0.6303814015402172,0.21225936080882338,0.3111798432089469,0.9172849459189123,0.1307656499489247,0.8875667847970454,0.184931896184221,0.5670781130516854,3
0.30783131203744923,0.3821895640899757,0.08524091743823983,0.5098134235204566,0.2642443315194286,1.001157094827503,0.896402806792681,0.9120154693457788,0.4352689064391855,0.23663794565435176,3
0.307964603818766,0.9701621335158271,0.40999693892516276,0.40329676996747055,0.16526857357275307,0.6246879994037036,0.3702077982934069,0.5553096746585723,0.2866181685155543,0.5669202899697633,2
0.7643809875282617,0.23091518391014906,0.8423293275367487,0.5479212030161559,-0.3011774273580657,0.9066643695559293,0.35719127114290816,0.5325457755275282,0.38795717689837594,0.7261053817163307,2
0.11387293904501997,0.11659839703562994,0.6066324668662837,0.7729366499990169,0.33388517483646796,0.5289370603357407,0.5431750446366086,0.3399881905830699,0.5688570944294027,0.4980328262431747,0
0.19291960585399326,1.2484251840087504,0.44531825618303034,1.2403897256200322,0.15845724890996893,1.2977494448582132,0.4806701634543882,0.5832798209880841,0.6171134349796279,0.6055770820139269,0
0.9969659619172646,0.3337014615479089,0.5759950473689724,0.8800359832320801,0.18954792775535842,0.12458377686238861,0.7238122188587242,0.4986812859228925,0.5357311127876914,0.4895197262056559,1
0.0177186301227284,0.9016204652790338,0.9729433828821126,0.24177049633056422,0.715908908358142,0.13198573442193107,0.47142609391734863,0.04799632826705402,0.903978045643113,0.10720326929160845,1
1.022996274533565,0.5513433053634682,0.6247445196713962,0.7424485196390532,0.9053279625194193,0.2124801160853224,0.9832161828754632,0.5766718892464933,0.8996850168076741,0.9284630623861241,0
0.8234403800155332,-0.0029327106772061295,0.685521315152142,0.32478038040898244,0.004967293032476075,0.3917941950216761,0.4891253412175426,0.5705641219870371,0.2647204962715394,0.529727659329833,2
0.5198777550441249,0.6455790198755342,0.6798419770748293,0.730662860381975,0.8888594905821858,0.523398136905586,0.6197137288139706,0.863150702100172,0.9515479841972976,0.7153219792158169,1
0.10780353114859859,0.10315505146865712,0.2910639616314817,0.269340527798995,0.7911216856738158,0.5003813106349537,0.545251466447226,0.9368870256177733,0.6616300746346301,0.5777524166701218,0
0.37603371303174904,0.43311792892935475,0.04001278763264676,0.320463757782093,0.745184681848722,0.41524469985037704,0.47075174211880466,0.37570930414239373,0.7776111448410957,0.12209071005643468,0
0.9751342247822613,0.9082176143486506,0.3666286854718456,0.6601458282353305,0.7869628506321558,0.7027399461675624,0.4077430366185977,0.14869972225843694,0.3924853500750013,0.4625747280876377,3
0.9350817705022225,0.09245512372361019,0.36557589454925804,0.04409155280795238,0.8737454644545055,0.5773487566845216,0.9920510065436369,0.12753034421048004,0.2481048347428218,0.3848274490405332,3
0.31180908920893863,0.9725336228162754,0.41315393972014186,0.399664191411641,0.16391636649038563,0.6215437285838261,0.37223873967385074,0.5527714186885655,0.2878616543725258,0.5690306859817199,2
0.4788460449463623,-0.008547403610583704,0.20021226055010558,0.041988388682535904,0.26432452728727107,0.11442389707834921,0.5464061205565085,0.2765055411645848,0.5911543261306895,0.13393469264108218,2
0.012703784589809993,0.38328602945724466,0.503369992186847,0.7708052423221785,1.0084159376366182,0.29633675115637537,0.623500055150685,0.025259137160254748,0.7301579870939746,0.9447021505546168,1
0.34169845788539455,0.6556743723452109,0.6427866129281595,0.9054187833889789,0.7840771563809399,0.33046009884358013,0.9270901687993709,0.8073715633339948,0.6283497699110563,0.13059847402074068,2
-0.02934074015903415,-0.10194633669543968,0.33237332826252813,0.16961430710851028,0.8054710689820062,0.6946577414287419,0.3497881178425287,0.8473244012227351,0.4490886070556642,0.4205695280156245,0
1.0035490752138412,0.5282505682165035,0.7220835076318398,0.5396196436235509,0.8887678894200988,0.37258261083735134,0.35718468906690987,0.6351234245002483,0.41095825053933155,0.5794063996422301,0
0.12659140542650962,0.9561922554865911,0.29873574233194067,0.39259297519712144,0.5305215345880447,0.29665271627345247,0.5842087935182951,0.2341791215421314,0.6775056357367794,0.2579176932582438,1
1.0192550079765366,0.7095721762575571,0.811455201034815,0.2741874775686691,1.1511383843849132,0.7019309941098639,0.5075573081268907,0.4842439996569678,-0.06777956345068809,0.4980466163295748,2
0.053785424490351785,0.003940205074251607,0.3655687534105201,0.5024372945904585,-0.0967687198991567,0.24728255525785936,0.4311058381293626,0.16508945327724708,0.7965520974200776,0.5074950880313003,0
0.30838304914165554,0.9688317806195367,0.40940369324395154,0.40397994663592185,0.16329490691058354,0.6249934617441062,0.3749703274543191,0.5527947240844254,0.28364154285354304,0.5671755387997602,2
0.3511179939984635,0.34249021173301175,0.07527085667189426,0.5046349227552365,0.5768134656615033,0.5964231239678346,0.5203112879883123,0.32426456298164186,0.7698018527868201,0.2469137019033824,0
0.998829637895035,0.3570827457362575,0.45823744691767365,0.8619848888105077,0.06136104554879829,0.2368504591909384,0.8750783143279498,0.5116666719480021,0.5942476802092075,0.34865673648960327,1
0.24950391589164267,0.7126840527150234,0.5187366646201533,0.27056003095701686,0.5850900912002259,0.4366314968605874,0.28364729185320264,0.8897885402451051,0.19248728338937368,0.5121891836643736,0
0.3700490669351673,-0.4238588185132037,-0.0977395715539624,-0.09355946980591945,0.49373439359942844,-0.058345462842377155,0.39367202064187634,0.4969811682299393,0.7136166511958946,-0.1357005893050231,2
-0.004808952923490428,-0.037234008228626075,0.14150613153356822,0.08247254658416159,0.6105274844781166,0.4370363932049311,0.5671375751181973,0.8616414428096517,0.6082643377799286,0.7676707815272142,0
0.3068402177086237,0.9725601629868176,0.41248547562478516,0.4027454664982277,0.16364260866886188,0.625221280570535,0.3686454025388366,0.5579486116796318,0.2851128709096167,0.5660801527851164,2
0.5848612882786278,0.16958017945063675,0.2788165732009244,0.2556778644154796,0.31168374056127635,0.8680151932045408,0.5086363456433631,1.070513895609737,0.3351659840972345,0.22610297985054517,3
0.14744619623312244,1.1137866675629489,0.6120763063071486,0.7056859207675783,0.812826866150711,0.4744761123987876,0.7929682740617728,0.6966888446367406,0.21655641529398298,0.020924597788163607,2
0.6440479327442498,0.4721357134891101,0.922600920590015,0.4709024738670067,0.9650211320605203,0.47842879579333214,0.9832571481294479,0.346612549608644,0.8952494592107657,0.16033859776350454,3
0.798684958524878,0.850197894624393,0.6343326567575083,0.03116598321771335,0.9551248761782218,0.2575993690026294,0.2749966232869866,0.2383163054378014,0.8609505589555635,0.8664694540450557,3
0.06271762005357343,0.15413495045169026,0.7073975921033168,0.6247752757198671,0.2582969561220027,0.5036374098082913,0.4945239410702875,0.30502791315389083,0.5321152499393013,0.3914968897935321,0
0.4926718249683,0.7147092825865469,0.5952775846398978,0.06449962516759768,0.21285647660639,0.45338015377971796,-0.08017085673975906,0.9493969937000376,0.8399054843026157,0.04175999440144659,3
0.3498292014493075,0.9124020428199386,0.7688505916897157,0.7098079871784407,-0.03999980903266975,1.0785370704660415,0.8775617021775824,0.6723990817527974,0.6379315080203406,0.91737120462954,0
0.02898998507238061,-0.017269429462096964,0.40347831151291474,0.34751390607769056,0.1812246384333083,0.5987966399005706,0.6722031610283817,0.442960702637595,0.5157184751514473,0.25275295324150926,2
0.7494358294562957,0.6506349814783988,0.7329201012782142,0.44153871465183553,0.8665684851425643,0.9646987470578431,0.3963532859006454,0.3001765472383716,0.1859053507067508,0.38193021134611327,2
0.9726136203506598,0.32260996432829686,0.08037169702194633,0.323937206644985,0.10838046615134725,0.8449942436087725,0.4333754657050307,0.4902948713338236,0.36557732065549237,0.7860021459645619,0
0.3291359694581011,0.02395281789349013,0.023604795429811254,0.20176430562592135,0.4111006861401284,0.03142897734938529,0.5616661291034156,0.31053851733741705,0.6658719324181764,0.19570355230019804,2
1.02539651606085,0.18633723376550504,0.4978997575498001,-0.06484830474470876,0.8289741533472551,0.5392792207504911,1.0830037036058726,0.13972795100978086,0.2527467719858707,0.5719701755329589,3
0.2506434657269498,0.15801030584318757,0.09193585676672274,0.9687290706625258,0.34707195861700063,0.3354792582128591,0.3938496711114034,0.5313624224257105,0.43353271268920685,0.213212923559536,0
0.1962445050475427,0.22656916106810546,0.20453518211649474,0.6620670881615798,0.5868107754064914,0.7194133758746951,0.5014693583738822,0.556713051358696,1.0330119813451786,0.2441388966746315,0
0.0950595750973047,0.7451684140186783,0.6450530412082013,0.9714120281027524,0.47348799424224697,0.6367996659821061,0.23266127612610824,0.12976096915728758,0.20240624597645554,0.1732666239937699,2
0.04414067012538225,0.9624073445375301,0.4441344107341567,0.8589920238933711,0.8401286859296497,0.49763437389615994,0.9551713222010769,0.6528914449170887,0.21990688911010248,0.18778635182121203,2
0.9106180059954224,0.9841627619126345,0.4968915267466136,0.6128654365838002,0.7897760485239111,0.5691862665580256,0.2656240032704803,0.27984598244788395,0.6029318670610215,0.6585642854323585,3
0.023002289276706764,0.1362523593969347,0.3188462053353368,0.2584231784223005,0.8857507179679327,0.5440166991303232,0.6008273756095145,0.8756521088586965,0.6015321778159773,0.6682651896017778,0
1.0511414425326087,0.9458592324503012,0.49244415740645553,1.2979225587517682,0.0855843501817188,0.9158628837489574,0.5879113357292796,1.3147377097855286,1.5329359253453152,0.6929564319400288,0
0.12478647618191133,0.7113282207818297,0.0465854497363462,0.3971817613040455,0.7308193553153387,0.43331138833791605,0.42369094669806906,0.31895560490080943,0.8059126047766354,0.5187532220927392,1
0.5936873149458236,0.4490904707672803,0.6601235895232038,0.30950146712936644,0.5833339479991819,0.6144501877624012,0.35340375309857663,0.7857789356084736,0.8082256068771294,0.4259257137221619,2
0.9983305045221158,0.9580443523051145,0.4714965600076856,0.6218797082033385,0.7725312643181698,0.7789333942514829,0.37840547746516506,0.11783343905357246,0.38876661899264303,0.4624877855645093,3
1.0541878568961163,0.47789855563172334,0.7884675214775907,0.5841622538301748,0.8498167988338398,0.35845716294087937,0.3264405112795335,0.7011760735256012,0.4258670559478182,0.5447208955191165,0
0.26917914705550605,0.7864135797722162,0.23175229345331916,0.6161296089481709,0.7026498939799688,0.29376457891176616,-0.049426546757952106,0.6015128765860686,-0.2571467065561184,0.697321195361433,0
0.07091006559057697,0.08070039454794363,0.3026856762112522,0.28445962669839897,0.8327824630032091,0.38870925070660645,0.44432555889195524,0.8889997148622958,0.5829654300909843,0.6332207160589735,0
-0.01282956543513842,1.097574143572754,0.29009564137419686,0.7173261492050288,1.0636795150142497,0.30267670529741136,1.013798987236857,0.45030969626673134,0.3968263682190942,0.07447567775329336,2
0.3085730987863612,0.9730572370134547,0.41147216245167983,0.40531357142306595,0.16439472629702845,0.6233724000841036,0.37078640924717843,0.558293425843781,0.28455484223654,0.5717938839112764,2
0.34912576533378414,0.6448314159901822,0.6393413016487778,0.8908119472019647,0.7954949579294347,0.33244482085028054,0.9313990300617717,0.7971753754988995,0.6093035588392649,0.11894906517997263,2
0.8526955486415813,0.14715521123409447,0.42717759060683985,0.8465545539350395,0.7121026920413995,0.7306154494630936,0.6077162625190895,0.62222772425581,0.841579635251981,0.7923145811828511,0
0.5194272957596626,0.8937776726165768,0.3734970592810831,0.9549000204236999,0.8835960403501159,0.621115304861647,1.0046882819465843,0.9301213671925954,0.48120494372176903,0.6195864994037699,2
0.7354121290597005,0.8794437018158804,0.6191215456815939,0.2174586805827535,0.15503618757977328,0.6873454265030651,0.05923733461231631,0.6667798765748262,0.11117077209634046,0.5951374294524633,0
0.591449849817995,0.40784061371737435,0.8734146377284767,0.4725111508127892,0.992688367084962,0.4865627677743377,0.9590180666532194,0.3138368085990903,0.8883366826966261,0.2448045438740498,3
0.24485012826756392,0.04746992982501374,0.6942913394061179,0.25255610013570706,0.320368728730103,0.9105439168245705,0.11295534155042794,0.8977110343178547,0.20577639667109615,0.564180999446095,3
0.9734616341397287,0.39094216628556594,0.496837467550899,0.8599863061159257,0.10040499670880448,0.19728169765229503,0.9119003004876091,0.4994512822719672,0.6110379008738023,0.3514466823351901,1
0.7496794787947668,0.38593558365627956,0.2109404064719746,0.412546306075586,0.9619204824507357,0.3992510392424701,1.1262261116958672,0.2537887980704084,1.0470955710440562,0.5261066018444702,0
0.3306481058122604,0.6560490017545282,0.651622826242295,0.3176184336335591,1.00400341935852,0.5790367582778554,0.43729747869426094,0.6117713117247723,0.28081501915345936,0.017239205470212588,0
1.119471619640447,0.24695325777029892,0.5542957594975828,0.7239465616556066,-0.007639216377876457,0.23301688552955083,1.00798384244465,0.4725678603086162,0.4382657620068127,0.5513185068196511,1
0.7170151220875318,0.1932922915937512,0.682293880303072,0.3636623106181861,0.11967261727822326,0.6166825469304864,0.4384034717791751,0.42539709140190884,0.05693845503548127,0.7256955274544774,2
0.4046485341301165,0.44718186918660696,0.5026026912035706,0.4443473104060419,0.4949411817340063,0.6478888163432719,0.5288143558380599,0.025074366031489215,0.6937006887271762,0.18579162552363904,0
0.6201901028163662,0.1971928267957785,0.7425117095066859,0.3953287925626968,0.2304803698931355,0.8183789079378562,0.3353406690136945,0.5345410096119358,0.004081874322822851,0.7785266719598554,2
0.8561348228545909,0.14468201963520227,0.41316157729137126,0.8564704421438086,0.7188823447407782,0.7376500391888469,0.5962935105281515,0.6321310536412952,0.8342251755682447,0.7962653696804087,0
0.2459296072395518,0.03589164842421754,0.671985416953725,0.2552534802158595,0.3242066334747513,0.9416506184754074,0.09320730869622249,0.9096631312102662,0.1990098569647295,0.5647453077010344,3
0.6775081619998868,0.8726502129146166,1.1583626832322158,0.4881266811024153,0.18417962550610878,0.8899851893880542,0.3576869608631985,1.1134648228914876,-0.0963931546117962,0.22738709372036392,0
0.018678185323570275,0.8518646250057601,0.48576737772156264,0.3219818446876319,0.6475803193969637,0.216625536861797,0.5970980326265756,0.20860120097073573,0.7442658119825281,0.2326859679170547,1
0.2476878314503754,0.16033344784622056,0.09391366847679822,0.972496261754159,0.3485696901450009,0.3374225832186053,0.395435118650115,0.5317920592109162,0.43470115682893584,0.2170544373707709,0
0.0009843934608619737,0.021880001316468865,0.5366738904118149,0.47002255496417783,0.2511040526725877,0.5094304816278608,0.5325132704439571,0.2937005931014009,0.5066586013711692,0.2661465964015353,2
0.8633926906442534,0.14812177533164936,0.6380805947319418,0.9927553168577987,0.22116027392930293,0.9519471433719935,0.7486683573426838,0.3367952103713255,0.6833187252187388,0.01007377653327965,0
0.9354295251872353,0.34116136000766756,0.12010432986765598,0.36411312104301663,0.08484414423314707,0.8337033473506363,0.3685691657511897,0.5272601315176656,0.3707508536995679,0.7465096048645518,0
0.41558350224901186,0.21723714998582558,0.2416407050552892,0.2562371250334328,0.20410397687548837,0.8228529560955589,0.6482561047252897,0.9133390724836458,0.20310331036273344,0.37455684016827445,3
0.5933315449813044,0.7100431880381848,0.30105847104226424,0.11922090224090487,0.9869661028689241,0.4076012061413116,0.8155202529405543,0.8212596182384289,0.6361020296076314,0.7062854955759179,1
0.39692319077255894,0.5592686402770282,0.5222688837443026,0.17730285637193732,1.1013902006180216,0.7532356375746558,0.6239654515567298,0.5037173035176585,0.3433062695578435,0.1133646137739863,0
1.002889589988964,0.5230809542034855,0.7184566746019644,0.54288704885029,0.8700145025831348,0.39558542182991135,0.3759402411081343,0.6385332804303702,0.37514725909247154,0.5604308526179965,0
0.8479167883025804,0.7606630117581996,0.7403783211008522,0.052553975417864746,0.8878129709860012,0.15361846452144018,0.19709620090125493,0.2420098130823018,0.820512625366688,0.9260128342415815,3
1.0588181858413863,0.5629606783881552,0.7361371227453569,0.4830356149554008,0.8680232617867102,0.4095677702268253,0.2956691782524539,0.6459839690090308,0.46408332592850005,0.6467687775025736,0
0.33174285665852193,0.6774724521465785,0.64219853573236,0.2670568097803795,0.9708609547397563,0.6308043915422067,0.4849629357325831,0.5686574932828905,0.309123022703561,0.010996237850314016,0
0.21504952471532746,-0.14092641862471564,-0.12194922856497681,0.27689233784839196,0.5051220467773887,0.05640799905274764,0.2747605486852846,0.6050099295101523,0.6457448817905092,0.4635550708467635,2
0.8719382508121218,0.14355377373157613,0.4034842103513064,0.86732410762794,0.7370905022225213,0.7318793092248342,0.5899943685074711,0.6305584598826285,0.8325790114459831,0.8120149991973545,0
0.7027843442921654,0.08928902466290836,0.6216520277762031,0.3662087428922357,-0.007668083629846431,0.76070790348014,0.43726143897076736,0.5566404205777903,0.02184915102971617,0.6839902821662511,2
0.4680397678070431,0.8676554096700251,0.49895785916450003,-0.01308624656293328,0.6786623340603495,-0.07460347113443633,0.1522715581479177,0.48855713704304915,0.48106655932997844,-0.1782664750819123,0
0.3735462020427365,0.41094513338657795,0.1086140462328798,0.44579094477399356,0.5458570569259492,0.5775075395925717,0.5478639732215426,0.2545516280639123,0.733939429330363,0.29847507271098445,0
0.9779894374762599,0.9279297004193432,0.38600446519670517,0.6423982700978801,0.7904872047416731,0.734354666105164,0.41381702721723734,0.15735309504154368,0.38953311315446426,0.4957591493848331,3
1.0851028482409075,0.5233459424163394,0.6140605309076042,0.4803793639841125,0.8765297523689796,0.47286973785566183,0.2507853970235825,0.6306016766302357,0.33607238254888205,0.656662161041504,0
0.4715706981964861,0.33136152560720505,0.7289548879219604,0.23299612701656391,0.7792342036250908,0.8295568464322164,0.8396580899060959,1.0420412040230707,1.046841639452456,0.4431570366770903,3
0.29902642074493496,0.5647718487450728,0.2793089245762673,0.5497407815901422,0.3020079694606824,0.514466986885714,0.31377891250664913,0.6143461035243635,-0.09925234817641629,0.3051229330273355,0
0.31123715251287704,0.970967625512824,0.40867692001303985,0.4015779383199783,0.16413269189366497,0.6220498977349556,0.3697455892017664,0.5561841876098642,0.2860289149730143,0.5693806008180539,2
0.3608928550567295,0.35377229379483394,0.07588353053628774,0.5026804632556435,0.5819069121887566,0.5969729636022153,0.5480878028069393,0.31311045560128475,0.7744079490633825,0.23346084354459293,0
0.2816853776432117,0.07363390699480814,0.6502813124867282,0.28609639551269833,0.29066656128254464,0.9002045159080968,0.11494862810910887,0.8970550920114656,0.1787441771750677,0.5352162713531773,3
1.0312505642041738,0.8615867986725408,0.35086530126325066,0.6551548904716861,0.7227399016867443,0.749104111657249,0.39100952145919,0.16786476662664326,0.429411799911758,0.5719797982923633,3
0.33873161568627297,0.661613633198799,0.20475812173580005,0.598771104565552,1.1955873841450773,0.19344871603927596,0.2585402686283728,0.5492492108997853,0.24799346090695712,0.13007183203438077,0
0.02744826164425584,0.9171470539165469,0.9690679679622685,0.2667778521451487,0.6821247434144949,0.15389809075939406,0.44075927772131906,0.0671489954261834,0.882760900553236,0.1251857499231836,1
0.0633459044556948,0.8630873994404745,0.45413152659578976,0.3268321569280805,0.6827333465745278,0.24563504005696302,0.6407579093417264,0.21859442670571919,0.7816363114260153,0.2627197662304784,1
0.33894095219122333,0.1490646876131509,0.022436528771769666,0.40075794815889926,0.4610480993626687,0.12502134515166258,0.6147001761949261,0.414905513120331,0.39554840125375346,0.5631905106366073,2
-0.012497523129694266,0.33334069055795085,-0.13054479217006054,0.4137939176723784,0.9597872887178265,0.26318889896178266,0.3853627985343042,1.1569386981485092,-0.32396854679310894,-0.149137817617366,0
0.18794329630348194,0.5714667478239802,0.07115881739976304,0.739748511063486,0.6370186892141825,1.579875905720674,0.5146072628520164,0.5802777573210511,0.5741787857744358,1.4527587241416624,0
0.3271584165041904,0.8587435730433014,0.5832169060328448,1.3651919991586854,1.1655276875690745,0.3108017202544901,0.7289501952218305,0.97757234366122,0.16035481568215215,-0.23692346268187858,2
0.39050855953301655,0.37976450619424146,0.06253973286297165,0.46876978108458656,0.6040321289740083,0.5725978626087973,0.5523454894944998,0.3420089768357669,0.8135237726314324,0.20626786369278255,0
0.1582979951214848,0.5807978644498998,0.3740383765808284,0.41161327319051816,0.38161807992551594,0.5093793166954732,0.19286792555656995,0.6945311072081579,0.042340234667109095,0.48322049785909404,0
0.9203654017250912,0.6756061398624398,0.7085316567408259,0.06272897680305221,0.8982231758474214,0.1756129624850675,0.29842035183131405,0.1759022029039341,0.7870594006334847,0.8096069973517497,3
0.9115232481892409,0.4959487484432179,0.5785647738762116,0.7049759051395088,0.11964248249736481,0.13359937461336624,0.7971405859554948,0.3958602694320446,0.6569252637397248,0.42300388334285655,1
0.7627034610433996,0.34109419634040306,0.7769888695835572,0.3290377413423193,0.9541743963131191,0.35978514326556166,1.1387745313410358,0.3908745656126204,0.8374345229645447,0.03208047776400605,3
0.1363042916028182,0.005858088854536715,0.3900212423681322,0.4309555900594004,0.14516079437346685,0.5695407561364929,0.6190391076349455,0.4262310829664181,0.42066332358871644,0.2357265677910443,2
0.5918461151958248,0.9306994306408871,0.49468033997826555,0.036279657866553454,0.7449509529566277,0.509160919755791,0.8997214975567615,0.6680887685191339,0.8280514806799566,0.6618184741872674,1
0.2341425478953677,0.07763353856125643,0.1819403634637889,0.26301877026474785,-0.052400702868563215,1.3861600157320733,0.7724836141785406,0.9420073226568317,-0.05203847616260232,0.7916294152706785,0
0.50399294283477,0.8753151086677949,0.349791292056187,0.9372325975323137,0.9089511780308575,0.6452208065836209,0.9875635607358034,0.9353980859999452,0.5017180515178763,0.6409191457399459,2
0.06856781441595505,0.9752228352193456,0.5059121355538282,1.1318045352216934,1.2191766054744106,0.17962862626308945,0.7277248667609951,0.26167125261950386,0.31973084735263513,0.38823569459878016,2
0.7507205035929418,0.1405545508986048,0.6047399689576197,0.3060058867343292,0.09227552317500395,0.6553647675131933,0.43403761079227754,0.4719883663327635,0.10632037255611461,0.6429018388785692,2
0.9303025748100365,0.08932598452253372,0.42053368079473097,0.15787764993628683,0.915482678964768,0.5880182797583751,0.9588356826106109,0.08163455610697926,0.28573579653087217,0.3733893540415721,3
0.3100408642549009,0.9704393351524232,0.4100423100183815,0.4022507785078722,0.1662655048080089,0.6234716050341755,0.36948699766415405,0.5567291462369253,0.286937231009187,0.5683956048848765,2
0.7396790661371455,0.18930206303990743,0.5965194372858399,0.2570590552699769,0.06712552547203729,0.7972488423442817,0.5172826384972368,0.40917224540863334,0.10870428532361828,0.5939324944586941,2
1.0207328392770785,0.5310457200957409,0.71987191225923,0.5029951010028197,0.8949575418795565,0.3891298938968592,0.3699589765686653,0.6001594957366744,0.39555451510860706,0.5623997576656404,0
0.30759142235707826,0.9706692700593947,0.40794827778482684,0.40360438404343185,0.16532674396043884,0.6235164312526325,0.3668168189238883,0.5546694321164056,0.28794732805735235,0.5660151460550142,2
0.7843676297561933,0.28913040731135176,0.7069185273870265,0.893286694679911,0.29495832017899426,0.9803090674773844,0.8717495415087217,0.22635340515053773,0.7467195523041895,0.1868066550407363,0
-0.16095366747980294,0.6734573361532471,0.5828969244289354,-0.21293083062743656,-0.39519579613492284,1.637458028271257,0.7822238735388108,0.9026310140650384,-0.24367004494040734,-0.18171164454620126,1
0.6189469483265744,0.5044332694635703,0.6710538073856391,0.24263533948670035,0.5728887055205475,0.6271503416001004,0.34901806020881004,0.7784062718485101,0.79129520231009,0.3595150428203304,2
-0.18168973115635056,0.14120121328501123,0.42824811378685035,0.7200316698242683,1.1260326978648623,0.9051488611220969,0.40473281421702145,0.360265165275778,0.6227553148959238,0.14951446585720854,2
0.7161342881496681,0.32213959231640216,0.6100718856034982,0.5803666630965902,0.7894322672042033,0.4527726872622951,0.7619464965422834,0.31116209019063723,0.6234160008984848,0.7916607647529182,0
0.31547099627965286,0.38208839007072487,0.024089689829987576,0.512524232055957,0.6170050440218308,0.5478789820402001,0.5047470629268382,0.2676203206198827,0.792733495700024,0.2501942334153969,0
0.9341208638672671,0.9045039218384202,0.3516922988977418,0.6608915457815727,0.7776019628738519,0.68823180124081,0.4069159682056425,0.1928022774063521,0.39160696404565415,0.4727537458946465,3
0.11131452455704807,0.8771071869159663,0.5119677252327925,0.3571349927750267,0.7177281375127404,0.19536932911311536,0.693426092360751,0.23604640995763426,0.7578755927579306,0.24067914650588282,1
0.3071884984994061,0.9719560343904977,0.41001671230653236,0.40581735305291355,0.16473211190246245,0.6223961106993208,0.3696764878186877,0.5537285174758922,0.28410715440913603,0.5682265462666696,2
0.7543631944607379,1.4544575741869537,0.6773707710438011,0.16793654381914125,-0.3441725053810966,1.1988111418935319,1.2909887730377214,0.3522322877929489,0.7065194626901394,1.0136205108451999,0
0.09619760988600298,0.7346952236196997,0.3638599178495255,0.6262773055674563,0.010957677955872713,0.8840267347186008,1.0107083891097837,0.46216688797219785,0.04615225443309845,0.35673001733840937,1
0.6954498224653292,0.6769748504954635,1.0993650008834885,0.9580996125002785,0.7142271883790606,1.0094135569949085,0.26632817862517594,0.42715487510383743,0.028361359389791674,0.32882546460484563,0
0.7781871233801855,0.7085082034221768,0.7530575255870978,0.615222681232398,0.8975627945678409,1.0840619378880556,0.25596976992205966,0.5041284142996952,0.11570820609079885,0.19071505164455585,2
0.10447325783607489,0.009064913328674117,0.44201144479473514,0.39658848840007316,0.18172684245979417,0.5939577275974209,0.6294823679287859,0.3704115353220303,0.4559735875589176,0.2730913230039621,2
0.6113566110269278,0.510549378200782,0.6808652353656561,0.24706388578438973,0.5841308287271723,0.6181497982574633,0.3372769439848087,0.7863738778657352,0.7979435344495112,0.36918639839543077,2
0.03249143407741247,0.8397595825391723,0.4509606312104992,0.41617677383044155,0.5657817717390858,0.3544547228727486,0.627739516140008,0.19036291849303796,0.7418811158593286,0.3536430101825935,1
-0.8534794420015616,1.0535491131054833,1.2555279461046425,1.5147928313460381,-0.12248920348499237,1.4954606261907717,1.7667182474033183,0.8733374909499392,-0.20834981954929854,0.5811225732535261,2
0.7324219511215404,0.11843951213597928,0.5394409992017831,0.23438905570817173,0.17124068159648603,0.6321845688809188,0.5447571766111223,0.4890053732146224,0.10175067282873483,0.6778131404044337,2
0.6289739649206935,0.4906274755990297,0.7061226375733777,0.24396233894046251,0.5428167923194706,0.5759739954900907,0.32078005274246685,0.7523117605291612,0.8338950951048626,0.3932811335133573,2
0.5808727386625577,1.494497697482285,1.005715977077252,1.5114734645496395,0.7997778555958752,1.3235932846604372,-0.15397884390346184,0.816998181333553,0.49012458652696217,-0.494675382299528,1
0.5901593866436569,0.5895285640101977,1.0131341983155404,0.5041719602437402,0.9221950321544852,0.35206859251326045,0.9081600267273833,0.45228520674447126,0.9637219288048232,0.1517601312549634,3
1.0770202176566728,-0.10902149550393497,0.5462060088480868,0.21305675133156168,0.6778733125141377,0.48969661550949917,0.7929198983881642,-0.12544789603229187,0.23429031983368917,0.22059336071733618,3
0.5660842589595022,0.5778947333953803,-0.13191850634318172,0.33812225361577336,0.41078108268485586,0.4802808310404576,0.4391913362746653,0.18834480890537264,0.7100476366804371,0.10486541287109122,0
0.01287311543273133,0.4349408227102825,0.6622455694797789,0.6017333739227164,1.0074333966423759,0.3884637463596785,0.5305857705882313,0.10575941178383787,0.5810854796013196,0.8883776737713842,1
0.3324295502949882,0.6473323198749985,0.6231758674993803,0.8907191471473852,0.7933553218500332,0.33287411263188005,0.9472703817894305,0.7924570353987794,0.6176010748750992,0.13233104554977115,2
0.265402019012562,-0.00814315904292029,0.7125054571836944,0.21937914808888598,0.3269721026161748,0.8995690134058208,0.06967833819538694,0.9126401183641029,0.2476045849247721,0.5988838075580447,3
-0.0012699291728388643,0.8869521861458216,0.9502382452945141,0.2225720998528676,0.7111204110259823,0.20380409938638408,0.44530865005873216,0.11214677006116353,0.8962037760798129,0.1095149159219087,1
0.7694617787497539,0.005527797336423612,0.4349270216100811,0.6588601014955027,0.5090577149594956,1.8098499411994386,0.7716058141860174,0.6063909925804458,0.44452065704838617,1.3011330722931236,2
0.36797722708570596,0.3273475323153282,1.020286892871341,0.15860805200941563,0.8220224993983251,0.6922511435642892,1.1835838317690932,0.8143217364058241,1.0127931839473239,0.37769519206676266,3
0.03443484368938138,0.19655618287690413,0.18472412521954315,0.10700130248288353,1.342821987243409,-0.16582864826918453,0.16304989701139178,0.6805931773136503,0.11111866461715394,0.5399398112025628,0
1.0896983806449791,-0.13296850749716366,0.5730284353623458,0.48635503442464717,0.6008995640187448,0.5184369161370894,0.7379689379779502,0.5031736325213211,0.7619403464574728,0.5590823405527335,0
0.3399739181634207,0.11305357177170408,0.5198591105516877,0.6963149132607063,0.5887714870172016,0.5897249190578622,0.27396643779194974,0.755006366036058,0.8179319564455737,0.6903641813416301,3
0.431776557983601,0.6984384718022008,0.581502502253584,0.20669738496522466,0.5355817324207005,0.6438497795053515,0.21538311799626383,0.9106147503220707,0.9698515370533436,0.2609902447710654,2
0.7213819570836282,0.7428493187024792,0.4807256196914545,0.2470532966408655,0.7472706875128811,0.35181247520036374,0.7361433036911624,0.6312567247232923,0.5415175519729709,0.8416751545484633,1
0.9989577938451729,0.33017419358955147,0.45362495781895457,0.8891997504370136,0.07121557986697334,0.22915813930363185,0.8773487929742515,0.49046072163451837,0.57364737720946,0.35626696207125186,1
0.6995993027210112,0.31652807786381343,1.1980457831953675,0.9147282634396516,0.7370308250951072,1.4033932322524052,0.5275346854334204,0.6061736995562625,0.5723515911508115,0.5993845619774824,2
0.3129800561773606,0.9656542043624936,0.41096162195726466,0.4043404363598427,0.17125342467544494,0.629423456409363,0.3716860104653948,0.5617949613131559,0.28162262971886437,0.5738866715153041,2
0.3656510721450648,0.23643923358732105,0.8769214354301512,0.052058333947678184,1.0807816351087483,0.9106924128757434,0.9026708537935608,1.029958512947383,0.723286329771335,0.40444153145111494,3
0.6869635281900701,0.4780026533292788,0.6128221463951536,0.32799280826017985,0.5857824543038097,0.680208036842579,0.2954625218882624,0.7981343335258064,0.7394455580818134,0.30708731803917566,2
0.04087298543249363,0.400966589460663,0.5570867856239281,0.6730541215587726,0.9786009616469991,0.2737639943014536,0.6443122659500343,0.010188720817153166,0.634596533719661,0.89549775920688,1
0.6643483838933867,0.47794947682405375,0.9122027104122393,0.543368729650714,1.0293389029424083,0.5017728769147634,0.973884082015728,0.32924680421017294,0.8171498358135083,0.23593646985810385,3
0.9974727305767686,0.9961433186465243,0.48064077979187997,0.2767431096387043,0.4450305354280317,0.8294583619744809,0.2593001647006576,1.052324989364422,0.24292108317746305,0.531228180610727,0
0.4545920310243152,0.44013618886304967,1.1529342589926639,0.587845899043481,1.1901149789405516,0.36400093617264007,0.8637992145261982,0.48857404307881963,1.0403780716948945,0.26882940303408603,3
1.0674123171112708,0.5378770917444301,0.8688404762811112,0.597878266190572,0.7483679608521115,0.40523777864425775,0.45640663191864705,0.6965384676294977,0.32133973965418905,0.5421667864794032,0
0.5035382704247033,0.8768551411139424,0.3540019476521372,0.9323892225970561,0.9049989144382365,0.655629353928439,0.9931436875408405,0.9313459920103535,0.4971743440092314,0.6455168922966101,2
0.8330370247978214,0.47849614875847835,0.355004689961838,0.005063730636919894,0.22942037752747751,0.7042082189240497,0.8210705352420484,0.3141119718350965,0.03647173998978129,0.5401287235747001,2
0.18952809317605213,0.37533503471054086,0.17571004261994175,0.35378572344807835,0.23162488537560502,0.43042669863510796,0.40871155649091406,0.5718423092011774,-0.07706139791995834,0.3747692417568895,0
0.11290535942423577,0.05605328472180435,0.4876123749333973,0.35767145502952974,0.15098011861085667,0.6351790682116962,0.6324462482599514,0.3917926451396912,0.5045568182545886,0.2751545270976196,2
0.06407631073941569,0.5874358063037464,0.4347415649182087,0.5555306369496069,0.42142343090378154,0.35994923183349126,0.14001388732765804,0.6930708270774449,0.07394674273617602,0.5455726319931784,0
-0.14786293800754163,0.8946239984614601,-0.1008708318614191,0.13889444395944917,0.20804582810008554,0.4638838824004287,1.296008753466407,1.418556702543531,-0.16080974964246864,0.04436170982362142,2
0.4165776166082026,0.3619872361494356,0.04920248251991051,0.4599115653376804,0.5176045439605528,0.4914678912177589,0.5399756674662255,0.25977209491622727,0.8388737423562117,0.18648363150202926,0
0.24404930375139772,0.04707983194854075,0.6836114588401526,0.2333808834042511,0.30356068347514487,0.9365562547792767,0.09811083337391344,0.9003603681239809,0.1882411655261495,0.5371315291496974,3
0.05711038385086106,0.8516763302783484,0.4564902309713891,0.3386197213250823,0.6857779654509036,0.2337390757122405,0.6457918293379974,0.20572798464379832,0.7731895138576724,0.2739901327097306,1
0.8227994626833813,0.7586180717136882,0.7504301109844322,0.0890064911738746,0.8973842404222077,0.12870954654443018,0.18744778404072296,0.24905576661329906,0.8251538792868887,0.9252139055706312,3
0.3036609112043259,0.2720174903520154,0.6298695084658364,0.6656469333874714,0.5472682428964839,0.7426251470006089,0.2376111184930455,0.8789355807840159,0.6473505300609054,0.6114679744844773,3
0.9259749084645019,-0.5185715958585376,0.37972018435410415,0.4528396253947756,0.2774394377593232,0.9624302117130294,1.0294950737134494,0.4117130648310212,-0.15866322456053755,0.4326411143519697,2
1.0366804554800346,0.4196495271626864,0.07139268749600007,0.34249720828995334,0.09749430588500019,0.825509764384235,0.4423145314161451,0.45219826871283675,0.36224698584806664,0.6513002377924745,0
0.03977014143797006,0.8634808615810251,0.42548959599709074,0.3159499133195234,0.6679905393299618,0.2562061487124322,0.6422676583545462,0.24644125018963792,0.779386293323268,0.27456471711679287,1
0.48748237894997853,0.6085840307590651,0.42274030186360306,0.058811239650284064,-0.05174781781578863,0.43038518130992043,0.025658167349875055,0.6649310498561938,0.2764627695226971,0.7316266625259508,0
0.6727118270531363,1.1850944498074352,0.41772410932685633,1.7597201369070423,0.2858284484357084,1.9086466548704484,-0.018584775541534593,1.038280863221552,0.21292822092067593,1.205548729093695,0
0.45869080954869934,-0.001850596423726425,0.4081233090397812,0.5478705876198318,0.5068191528672483,0.4629966898844637,0.19762721156494464,0.9029457075456846,1.0026369455892274,0.6133979633161379,3
0.2755732348963031,0.8757706194842245,0.27859262708166954,1.1290537276460573,1.177933491987369,0.07543675017248586,1.65316995628111,1.4181140986557539,-0.653480867860979,0.3852425969030544,2
0.48309639756426553,0.2937324455744219,0.2937316452317439,0.2952155510978556,0.2532407121963586,0.7989469148639974,0.6682952788033203,0.924352380643882,0.2600712918913886,0.3109658354631736,3
0.703440053445241,0.3380309790366652,0.6952900022326682,1.05750887717867,-0.06492454475815015,0.3209345052553964,1.0749460227658219,0.4027576690796628,0.5630274279549291,0.61272575929526,1
1.072120387513711,0.3098912624507923,1.1250832153010442,1.0012006523789962,0.39708310422108206,0.29062020948014805,0.41002033004874755,0.249374864213241,0.8122877314835495,0.7841410053054311,0
0.3178448976257369,0.019626526789745816,0.7448218724065222,-0.029121459530919436,1.0202091643204063,0.8174789077573251,0.9832192325402712,0.9667843067018159,0.8270615578136874,0.2814723862134182,3
0.2561133085032258,0.16203456009098813,0.09134676928626159,0.9590548229175905,0.3550877190920046,0.3277920256272333,0.38875859301627774,0.5327371017072108,0.436851397448199,0.2252081302364014,0
0.9269439765614659,0.8068692101733597,0.6533559772664909,0.06671857143771455,0.8887865485198445,0.13257064156723705,0.22020380563845904,0.26619502753811325,0.8015674857970044,0.8961172374940407,3
0.49998493089592677,0.2306227217207396,-0.6034799489329838,-0.02798530206971417,-0.19402574413632412,0.5710766942892024,0.7631311777241588,0.0654239666055142,0.9087319969337898,0.5495115820431432,1
0.07869949594451574,0.1477900127962795,0.2581760970233762,0.3458867996386163,0.716943586141177,0.39713738682959293,0.5845887607541137,0.9775566354240658,0.6964766291960753,0.6533027873349945,0
0.8572203034457823,0.1453642570798709,0.4179588244841218,0.8500996039515228,0.7193693295425533,0.7434953776978975,0.6001533284567729,0.6321718278839912,0.8372703997718499,0.8009259984993728,0
0.6227883941137425,0.6798952874884375,0.09526354186595934,0.5268744274263844,0.04228938487138971,0.8279306981762604,0.6200918540056245,0.27353150358197686,0.8978050227988081,0.07208745238727321,1
0.910422486373198,0.6647685920863733,0.47822895769650614,0.6955959565266692,-0.2911027047824151,0.1840335372856231,0.4930808695309434,0.8896734603984516,0.48308592155992436,0.11768294674771332,1
0.13914283755555534,0.8143308134255323,0.47251532050296696,0.14605857780542375,0.8792995579538093,0.02851100777794932,0.8015073585358603,0.4029874649390882,0.7171052973153818,0.2729825779326314,1
-0.004209965165337521,0.4130492985455258,0.5548766305337618,0.7392435718391951,1.000030337929988,0.26165972658521286,0.6430698986212166,0.0030783616015814565,0.683144371238826,0.8864944406598118,1
0.13554555387226272,0.1469321920102664,0.2743175872674219,0.32434179643444166,0.7252711842066905,0.47903650200674863,0.5159583792286278,0.9788064527089985,0.7091808055846187,0.5657351573265853,0
0.03052054185255916,0.9100543095188142,0.9735168870862587,0.2447145796780212,0.6844497703142816,0.15374945623234906,0.4466014264583461,0.06703274156868931,0.8916399471206106,0.13448477407792306,1
0.8578787151916997,-0.23222951472475312,0.46795562030933946,-0.01032090677746661,0.7520925774505454,0.9405682479864499,0.7084992319341225,-0.010928647922827217,0.4902433916667875,0.34180344147669905,3
0.3196965322663447,0.25825764150234576,-0.16888139820177367,0.37849150550734195,0.3682789503116211,-0.07990020332306152,0.448842073962482,0.6396903032653498,0.7055180554067517,0.014853529991110115,2
1.2602349448926655,0.49626601373975776,0.43546274748212294,1.0186421215767656,0.27990205261411644,0.01760032638982789,0.2923869534828269,0.566310091202677,0.22835791095441932,0.7068263487316836,0
1.4605560056289497,0.67982420479,1.205071324668511,0.6469110989783228,0.2764008307663003,1.4780264893981663,0.7156315607822329,0.6334800708363895,-0.07586743339499147,0.4816554825206639,2
0.24234674410158058,0.1567800907933529,0.09756233977936528,0.9642540529866293,0.3512574668313578,0.3334637939416948,0.38871535240467037,0.5368554669799795,0.43375428007106615,0.21165392660439603,0
0.7319042976689294,0.38526177294794695,0.9327650003775367,0.494563799303664,0.9446413051746377,0.4218201708229458,0.9437358418299167,0.44871743400860853,0.9163184511844878,0.1532008256235513,3
0.09519769729865504,0.8810393171330358,0.4519851842330126,0.34061897875623864,0.708659686993393,0.2342110086672848,0.6601371242155969,0.19314015446188595,0.8070347299562396,0.28600685125187325,1
0.12414090413026971,0.7663716375150064,0.6665229393907681,0.8999891550145566,0.026924830354586787,0.9862093408472219,0.7852125000170864,0.9354182199191969,0.6755048656903938,0.7958026399900081,0
0.8531820525810174,0.3937366045687645,-0.12796007834264778,0.8334121862634438,0.40293503176228274,0.4462721568582033,-0.3922403303543527,0.906758945258463,1.0528517332482854,1.2449134849724863,3
0.01919710947324324,0.4520586580752177,0.2712666929715709,0.258207630917628,0.5266639786500502,0.3314176182764556,0.04774567971130411,0.7036011751386123,0.00832380570628688,0.5644241106582203,0
0.10366829403353954,0.9474302433231115,0.010697337023674347,0.63263193611432,0.379958882807484,0.7384914343628742,0.6514318703533271,0.6847580008744344,0.3259601791133774,0.5231917438159345,1
0.7781950153306649,0.03069094272093542,-0.339210686773348,1.023993831786246,0.11922474227433488,0.3833918342316148,1.3147133498578718,0.1610514423534939,0.3546690355539577,-0.20954605330980303,2
0.6328477961972743,0.4580114142345462,0.9207844423726288,0.48422139979265677,0.9977059339458529,0.4671722931485827,0.9774935462839645,0.3390507428830794,0.8623589965261008,0.19190113184454016,3
0.1971686210871491,0.08050505634752365,0.7586535965825418,0.7630965650999558,0.21075971319632048,0.6404724243361192,0.5058947370655502,0.4509641932171925,0.7171121125688016,0.3982509999876604,0
0.5387194197130312,0.3757124131410745,0.5953437955269024,0.25157381695230296,0.5623407900961493,0.49440156717286465,0.3615290679471422,0.8782938318921623,0.9540799076629667,0.5105287859365449,2
0.6056553500961341,-0.07282797876873973,0.09127807256713732,0.18991056073308202,1.1145335937164829,0.595396277860205,0.763765521356599,0.05519311472642409,0.3088035913636943,0.23573286964032983,3
0.6442847764865698,0.12379480380489681,0.510240158868984,0.5429074206838387,0.7672992438509461,0.3410333206215572,0.5362686454011444,0.23699828722933636,-0.01890539898434227,0.8992796024322058,0
0.09769261961503774,0.01104548292520476,0.43459803812681275,0.39186843444813424,0.18018729400138464,0.607747532151203,0.6355719929736844,0.3683442622862728,0.46766439403131865,0.26962654536259056,2
0.46560922131854116,0.07311380195287542,0.6764859186800295,-0.041889855663187064,0.7855710433713663,0.6948744541110077,1.0170858763913408,1.023177255643231,1.0005116893608763,0.22983107876400594,3
1.014430509461064,0.9344049287339217,0.31736385842240394,0.729991890139263,0.7996416924173109,0.7060151627871291,0.3914324088595376,0.07601528266769658,0.40280440612924145,0.5329333129361,3
0.11318785267794303,0.9315370924076919,-0.00524305924519927,0.632611310992732,0.36889870096653227,0.7138740268189991,0.6584733680004088,0.6776153141188722,0.34228728586853185,0.5230221506646164,1
0.39310533617372506,0.5276160710566669,1.012602714117834,0.5252038686820465,0.7632672858896762,0.6127335361723056,1.0828655721401779,0.07002609711747826,1.1469003895089682,0.3690402354848922,3
0.8856429972807693,0.22894368611621085,0.631225109926993,0.9512069293442111,0.17122891832771375,0.08842061775805596,1.0133865784177076,0.7035514461402936,0.3948418773655248,0.5077955064467893,1
0.8116120909407867,0.26207389427580086,-0.26069350141111575,0.3410132775371309,0.12513504185705804,0.3435194569205417,0.49118877633624686,0.33843031264931434,0.6803182293167358,0.6881144210596206,2
0.6052711791486829,0.42915732880348717,0.8533197980632302,0.3528020744111118,0.9820544951612442,0.5977728882044433,1.0420117295490763,0.3164477505632548,0.868692023412788,0.2998614283351027,3
0.27599157825251736,0.04750110269633689,0.6407824293852173,0.2641922369906792,0.2835452277816541,0.9672034543280343,0.09419016737994639,0.8938894244771605,0.1836528271171492,0.5798928496575453,3
0.3961739896242777,0.050125554675717,0.04538327092482046,0.16611296344693816,0.422493274688839,0.0846624483324799,0.49357506228475684,0.4273551089805308,0.5845363831911898,0.2441716026103057,2
-0.20203267406555825,-0.08366477014010273,0.5626994913305057,0.5945821616486378,0.1977201461318822,0.4358311976592515,0.7502391206759362,0.3061906842480181,0.3710779141460897,0.414949344413401,0
0.0716697202312242,0.879573343421828,0.42133053459019987,0.3296064542285308,0.6593435432962571,0.23383280392291889,0.6233643152695107,0.215306557604997,0.8033834836053183,0.23933051190038293,1
0.1575054410589171,0.13168272521581337,0.42564783280319834,0.2780166785255544,0.7964878238484329,0.4472068604065485,0.6140461535334821,1.0979387347285763,0.851201451440614,0.38867122140909405,0
0.6997046726835129,0.3936653848376428,0.8621211302198539,0.4349031493000389,0.9677581501824365,0.507510564480191,0.9227077066574201,0.4274008289706143,0.8445410924894993,0.17957576861201885,3
0.5315896159790959,0.2957356418908421,-0.12747835187366147,0.12464913199687283,0.7698255250369637,-0.031015737940067706,-0.1653151952260663,-0.05988838981914757,-0.017191970493452724,0.4157627324578676,0
0.5901460505846567,0.5748133000073895,0.7903533205922058,0.45234128145789404,0.95372172834934,0.4463436938926454,1.003169861599987,0.47597512599645264,0.9173062983467636,0.27392412742377126,3
0.37062311489007393,0.2342506597932214,0.47008386114190054,0.8578731042893131,1.5029238082479914,0.04261750317656786,0.006309364764188662,0.337254684370794,0.49688636940122904,0.24753846181738462,0
0.10099048979062937,0.2607939430011589,0.2984223050038987,0.29532543675711825,0.6534369764454272,0.5855411745670246,0.38331927546393835,0.8289522884630667,0.7333744657242298,0.5256351122738667,0
0.3829296005133181,0.042470689639903074,0.05006263429567032,0.16192997209087953,0.4272532984525915,0.0769558578599307,0.492249977705198,0.3955786919202992,0.573758662960896,0.2483376572941249,2
0.29455204869144735,0.23408118656487986,0.18743749820018768,0.2698947032915121,-0.06601614469579276,1.3217271661391978,0.7217836154994837,0.4191226291297315,0.491628189283311,0.025614299865029,3
0.37245177606692775,0.6046727494892591,0.10103062910647839,0.3060497016946114,0.897338071711418,0.06548377383015985,0.09950796989287189,0.29204932083438967,0.40095322744255824,0.196753464113629,0
0.17815756506010716,0.8185550354740123,0.7648960713655172,1.1191974028899256,0.3221961300929771,0.4634568020679962,0.09897531706406365,-0.06492012274428066,-0.024736235822027858,0.33089403488748204,2
0.5413533076434744,0.5688493516128152,0.9247245095624453,0.5100284470825628,1.022762371521606,0.34201478582325373,1.0365232664118864,0.34539747012533106,0.9326682080240205,0.09213365000709824,3
0.24490273033870769,0.13181039467041547,0.9225329195185992,-0.16963370017503288,0.7834159788378446,0.6678580762046433,0.9888094615012835,1.0466963220489365,0.8518464850512197,0.26819026449175903,3
1.2508677358036782,0.05674878901846464,0.8987253463747169,0.5026634708400887,0.3679521007803095,0.03529721460213292,0.5017412096271501,0.6574009269399699,0.5475286958857879,0.5739447329811195,0
0.9403141518861466,0.5545140035356074,0.6174924584767475,0.8160629214868472,0.7829655621821533,0.16347891254231833,0.8341888965958395,0.5769861367169006,0.9494976809385507,0.9031465917686893,0
0.16478304884657116,0.6199726244826679,0.3247446950275109,0.41840102224528175,0.3970556666769122,0.3944682823658056,0.15904507499808246,0.7511604859932819,0.05682359019988314,0.4796267277585476,0
0.02843930257424687,0.41932389389717145,0.5246566397828126,0.7617016894209129,1.021746454449618,0.2961338300452326,0.7303341948619603,0.04718727470808688,0.6268326885596083,0.8563817915356668,1
0.9231823456270066,0.18779082511730047,-0.08342976499771629,0.331045941321061,0.3103748617808487,0.7565620024326022,0.5869197931237835,0.4579707003869029,0.389986315761588,0.5705131167685654,0
0.33595180668440233,0.1001054079258035,0.4195702660942956,0.5520857943478985,0.7839091240488314,0.7880263841456778,0.34732939720303757,0.9539002451882839,0.9047353617082796,0.760532119986101,3
0.11689085714610736,-0.006302552330540334,0.14186175135460377,-0.22767535339817913,0.034799873931004185,1.2972083261004663,0.7011153575768292,0.15880762045231245,0.5265075381838286,0.481423100623457,1
0.28180358198548316,0.014801117656164736,0.6480018358452828,0.23789747833811045,0.3074742137572994,0.9524942997770028,0.07839500087205661,0.8807865288459045,0.17886274355889284,0.5516605554479985,3
0.45848485587333715,0.2690044053978566,0.3167014073112088,0.33689992687992576,0.22757016130265953,0.7700383678432502,0.6789190207569668,0.9139672318800105,0.2759623582473172,0.29312213258641867,3
1.6392091876145425,0.7063528960051391,0.5386822547024801,0.8146752332989167,0.6798685271815906,-0.474332337274459,0.38038918152360157,0.48825622256241574,1.1271499277730483,0.3395001644912541,0
1.0052824772975666,0.14724950244364107,0.8291182727095904,0.8329924690835054,0.6752093780928894,0.3165741933886537,0.4306467751969302,0.3815154378777436,0.5273225997701395,0.6207291369642371,0
0.5659957501387276,0.5182800441021674,0.6439200648257224,0.49276087026686044,0.3572018446182067,0.17221372916591246,0.4728449952012426,0.22405714421090495,-0.044369442879421475,-0.048086373913577174,0
0.29045075186126756,0.14592481629893467,0.4717000379547079,0.1804670288595978,0.7979073841889954,0.6508293106634437,0.739944077372868,0.9777618745344226,0.5734460738077765,0.4290129699923251,0
0.9320805013426865,0.36289296771301016,0.27429409964416607,0.7711494164514235,0.08576089858673105,0.8186830382272186,0.9347284549011892,0.25205516311887444,1.190213247541864,-0.17622568711511005,1
0.16012435744829465,0.32762944676326966,0.44944778807009844,0.04986973655685942,0.7048077581211886,0.5928269754588911,0.5578070510965228,0.8802984762170518,0.8694825777863269,0.6307940321305505,0
0.6044925122791842,0.3020218837986256,0.9426077875214485,0.5887550431059465,-0.15202623370450083,0.5916156276473593,0.31398708461059477,0.6623745996409113,0.6387842587435499,0.3841881870469276,0
0.5653542365818299,0.7145343911070465,0.39277589391344003,0.13541729480575396,0.9439107173590868,0.3978867105906667,0.8307276606023547,0.7775673594082974,0.747791758593628,0.7479523159806137,1
0.8665413829364619,0.8137089341998717,0.7237450708357451,0.040054234237550376,0.8495202220780225,0.14612148213760856,0.1672523205578916,0.23447200547566116,0.8276366605760804,0.8879711469498354,3
1.0745863333170542,0.1988797505661279,0.13241788771127366,0.47182000041802585,0.011343572305602442,0.9909024350190496,0.6116837325934319,0.6767234195104986,0.33084688020087666,0.7547804249982206,0
0.5280110525341998,0.5283066659006875,0.2225929891973928,0.7455198673543224,0.5500880858537844,0.5667952143785999,0.8765419555881657,-0.011506624616066607,0.9716875774180298,0.26447501224800146,0
-0.30046299550052036,0.6100969108595053,0.14259795854874024,1.1754015048124735,0.18093800340020227,1.0102723328346672,1.2338992495708938,0.3745364963459754,0.0743883433903938,0.7675428094204967,0
0.911881464737838,0.17286068394509663,0.20058128862878194,0.6000651152932865,0.5054340261957005,0.429069060944018,0.7428737479113457,0.8615366492145228,0.8771590006543412,0.1402418653976816,2
0.8279519285262487,0.8110495490758546,0.7461770078009075,0.034832154515321526,0.8473579933355816,0.1547420847043328,0.22849134023919349,0.26509457052961016,0.8533615483099755,0.9300437886226091,3
0.4129600373735659,0.2216947695188527,0.8269295281635655,0.557951213077344,0.7590836763977691,0.5974907721686118,0.13632438134320457,0.7697375111999603,-0.26902164938326306,0.265807959592239,2
0.3981168920692981,0.06506781947879785,0.8044967274679764,0.24275181760048611,1.0145324744829822,0.7075931532594623,0.7615126890144268,0.6979167083350528,0.730949898482567,0.49359913891270124,3
0.9887037386416802,0.988244267350679,0.7760185213159752,0.35788227669894235,0.7805094620229985,1.0484178222260498,0.38705770895792857,0.15056914019907158,-0.09977171105043514,0.43173136387377564,2
0.713847953537332,0.6571243227470629,0.14160355822880893,0.6630974941149527,0.015967948493871745,0.7311705895949243,0.6675029685704934,0.1994417271067631,0.9788378711699912,0.14939843933303143,1
0.7549746521665782,0.22910977138072258,0.5686855664689872,0.972950599408791,0.25521075917636793,0.8087627973215533,0.9408650011253172,0.36152833249870464,0.661297571968435,0.20871126379013077,0
-0.5568537288061646,0.5883207938279797,0.2044500461746747,-0.6772153340965011,0.167152050563352,-0.6038603264486602,0.9924741576131385,1.5883710463933531,1.1191220656489547,-0.7862756895361046,2
0.08505551006433829,0.8887580693922672,0.5154533155809773,0.2917706343931492,0.7358982984138369,0.3098027250874194,0.6712658647195114,0.2534467855419304,0.755448420148836,0.23932832297604587,1
0.846942234071639,0.080186107432913,0.36546670737707626,0.07886212775694146,0.8390440009749496,0.6138847083328353,0.9523532242890282,0.08644780538705471,0.19711044903871794,0.48093525093851447,3
0.23778280819189063,0.7031555703291454,0.6405401294032812,0.36524733095741335,1.1155414747476022,0.6243791784483563,0.44928403870410716,0.5816601879280576,0.14978958550970292,0.023516071356284335,0
0.7897800617914499,-0.015664772155172063,0.6225728003948953,0.2404192610760077,0.11634297874238239,0.7641246949965577,0.4009524298096841,0.4421995577476124,0.007557909200786403,0.6168524243874547,2
1.0360994188219146,0.819806023529938,0.6614162372074509,0.4154161108284423,0.09927583358893134,0.033008931168225314,1.0575602761465457,0.47799596403849365,0.7422622607648208,-0.06201126157896042,1
1.0246493439477964,0.4010963659396449,0.17338380536179293,0.2541017620110103,0.1168256042387513,0.889537747905273,0.49746171808171746,0.5261201918828953,0.4357651473347982,0.7149285731941578,0
0.10585397248693386,0.09120934741963914,0.3257850184702478,0.2914952362881036,0.7796320769719903,0.4714691477654281,0.5360080147120824,0.9142215959262346,0.6585285879869758,0.5386567078049221,0
0.8540479572085585,0.13361680517029356,0.38321216298906846,0.8582737009256939,0.7316112753940809,0.7527859875473024,0.599672756502803,0.6497317929854841,0.8548491497662223,0.7932595209263491,0
0.6783307766400448,0.7652723508077465,0.4507169294912366,0.1639276218681834,1.0524286888193357,0.48775430728112257,0.9086116141837691,0.8355301693663477,0.6688057513361898,0.8033232807534528,1
0.23362482691294834,0.9935908283041797,0.027388490045884662,0.5875656347737432,0.45661521321067494,0.6023971980476189,0.7742943016413668,0.6135091306465645,0.390159628379314,0.6729611412631651,1
0.5576883117120723,0.4408755459308949,0.9248151452421732,0.5283861304051113,1.0737644747670259,0.39201313235477314,0.9872826960130077,0.4216196822056023,0.8758693561945537,0.13309410976131733,3
0.030791156968792775,0.1720564038799726,0.754150801777439,0.702471450776171,0.3412660615678753,0.39304941698079676,0.5746160931558497,0.32685523267407335,0.6102576442819119,0.4675743658549576,0
0.5146960894846281,0.6667421168390738,0.668213617746423,0.7020291924879475,0.7891249385852703,0.5677708755974389,0.6444440529813207,0.9150391764918246,0.853541334940098,0.6919591180979681,1
1.046265460812773,0.49908804079071006,0.39313606873720086,0.8917021972303013,0.14400842198960329,0.0967364196490827,0.7512811856230529,0.5177363079080852,0.510776161521396,0.2849541551283071,1
0.34816268009049844,0.07620162740018,0.43254029417440076,1.156656162785209,1.5502369239174292,0.010776076422282954,0.4574193217190779,0.7120899275117355,1.0758663001687392,0.9484692155614917,0
0.2461222951101759,0.05723904260194233,0.6806377922157962,0.2592730671057599,0.30590208464489343,0.9192637981522036,0.11633222683947575,0.9087500173805758,0.19476034837694184,0.5744897733879077,3
1.2283650156496944,0.9294409546822505,0.752731178104354,-0.05143828177879217,1.3396379885651486,0.37860765823171094,0.9402831738250073,0.11194682995370242,0.4806204363874297,1.1858076930019175,2
0.25280340703405524,0.6819542771311258,0.09750908474888655,0.7507997038866029,0.2537451605859251,0.5186028904482525,0.8738420889999761,0.8638020354535707,0.2947168686773053,0.5284089290120922,1
0.6397565759934383,0.43908306934403774,0.915597966530252,0.48308071348676074,1.0013994381364228,0.4636588059798642,0.9817137374301961,0.3511281011071591,0.8526169703069324,0.20260913634369515,3
0.14830295677655464,0.7918356302041396,0.08227347672181617,0.5159011173323458,0.32117948770115584,0.39427606083821015,0.422522148066027,0.39992629302706617,0.7655463170352524,0.8901945066748675,1
0.11297813073839873,0.1092529818457804,0.28423959751418726,0.2845134338344568,0.7740112484365039,0.5063134722240179,0.5606917521613828,0.94370885962014,0.6679479724109476,0.5765768334134104,0
0.7749876581714698,0.24899610961661445,0.14280303902428643,1.1395154325590782,-0.06290909725481783,0.6044929875636231,0.9942001236392106,1.0120690925886613,0.14773191933890417,0.9036693869271343,0
0.9780828064434797,0.11814625632858079,0.20545125161336833,0.6214951704437315,0.5640391888870115,0.49465816702621024,0.6852166451918397,0.8202168280021257,0.8472807782709693,0.21998613458646465,2
0.8904334083870141,0.4410597060448775,0.6313710786307613,1.1702845406162348,0.6150338699687813,0.632932996786735,-0.027005451384322254,-0.08770222379212977,0.6914205432415216,1.0623822836410102,0
0.19257776702906707,1.257727682019408,0.30861293278672325,0.3190116552622159,0.7687280887704604,0.9617144392380612,0.9576722327073008,0.21785107411869814,0.5788010093689928,0.08672387829961475,1
0.27410919233618214,0.5576438759773394,0.6639157090911201,0.6976322613452403,0.5545686190674641,0.7835122805692034,-0.0677426923624016,0.6394514991664227,0.47300668899746023,0.3827708657760636,2
0.8566077231338988,0.7624688043810078,0.7565399947787487,0.05298162214099064,0.8987188699431942,0.13366535740774949,0.1777509265717998,0.22062950740229342,0.8330195728543208,0.9401686500081846,3
0.34249925021903677,0.30417071462450584,0.3544534067314608,0.25454279399444096,0.12013849378165953,0.7732205509806471,0.511091732429372,0.7971440947793728,0.42023663682108403,0.27058402231515516,3
0.30599144802535755,0.9748310149119522,0.40651624584943846,0.40268001357249067,0.16418092307322235,0.619430727105378,0.36513062722651374,0.5556653205958169,0.29002493046962197,0.5695743228625153,2
0.029892177891482796,0.003057472440815552,0.45833216845898594,0.3984974302833889,0.06999386281491138,0.507759137873664,0.6895121729901991,0.4523876681987543,0.43597776979154007,0.2460122299721731,2
0.48948773630635734,0.8114365595458658,0.3581280964119405,0.13775229657143062,0.7704042120260778,0.5366956056038606,0.8466059672201628,0.5755441687022473,0.5284009095666606,0.5167195597427328,1
0.05747608788146663,1.1440102650159372,0.4896622280222437,0.3748502683202391,-0.37992595124253764,0.7439104194153983,0.3251767800306795,0.9570645154561568,0.45652355604009176,0.9341034184377648,0
0.2575875810293983,0.04927196521031639,0.6637211386083736,0.248795174715956,0.3122900915140461,0.9412445435227321,0.09460586373707466,0.9013964711225176,0.1975906331707607,0.5553795786575622,3
0.3702746016325274,0.30799569487959055,0.1564007981502307,0.2882609781059478,0.18578953511464663,0.8880342666312185,0.5904492871740854,0.9212052238253265,0.16327559211380294,0.2522532618543323,3
0.016239341262683976,0.6974141311016001,0.3353881370299292,0.39138954637608536,0.32826993164766965,0.395938415539388,0.38411438747372995,0.7583639676816973,-0.07572169727655292,0.3341722094864299,0
0.7718242163413098,0.613626395160929,0.7098462717200311,0.31914399440282354,0.9999347526088331,0.9239722751507,0.36197525622115795,0.40342856020635953,0.12323306984543952,0.545316655577051,2
0.6708548860222213,-0.1012518679486942,0.5522790421841528,-0.014989748330609468,0.9923744009136263,0.6621496232205356,0.9746625615192287,0.08221188211358398,0.28569737233477766,0.26182154909358635,3
0.5970387707907314,0.24108918204322488,0.3751184906553977,0.22701560110246033,0.3701470202264903,1.0226856943468654,0.4587866134253031,0.6122474553911523,0.5907876882633627,0.22775613270196582,2
0.31224632943727526,0.971243070160744,0.4112898748812979,0.40055513645435203,0.16541111718574875,0.6217162358686237,0.3700340316413894,0.5562071068723613,0.2872451868364034,0.5710366064718283,2
-0.924931562035866,-0.17552340405808953,-0.048209057420517926,0.3982781633504543,0.8351042771582025,0.5599056962604226,0.1512038077744211,0.0005217045505280238,-0.39112813980919103,0.3282580808721175,1
0.05730731797245598,0.4176474162659125,0.5575249109312865,0.7074494828109695,0.972425790655652,0.255112913671158,0.6398341880782158,-0.0028109521026447523,0.6737874379766613,0.880550111728948,1
0.5178544562920347,0.46367852656086267,0.0576162384638151,0.3346955081334828,0.6517765998627849,0.5746029667839829,0.660134090927628,0.17583658310401287,0.81547966338599,0.19327798291173928,0
-0.013121792697295034,0.9214712738383473,0.4743999374088467,0.8050643706725792,0.8465959571066362,0.5083605823925983,0.8451549157493846,0.6722653425158631,0.28249420660044966,0.27867247255498484,2
0.25509590855120623,0.41715236433232905,0.26462897993618384,0.2149796224716612,1.0423270127602648,0.0013824424493856097,0.13357277504135892,0.30710710410721276,0.3006919219357212,0.10067762530799429,0
0.03905923529082576,0.3829274335574271,0.5422011058414185,0.680340191813314,0.959420930753136,0.2810609317171621,0.6563499076647569,0.009352370422092127,0.6432316259153484,0.9055771200178698,1
0.24909769109009408,0.15727879074661147,0.09378437142030677,0.9704961663648608,0.3481961462215774,0.33877181854361,0.3966571962173003,0.5326693254928613,0.4335140021481565,0.21414699880272448,0
0.32988964031171564,0.5551292825602363,0.4285330550565691,0.32655214213475003,0.2205534328389022,0.5498771843359407,0.3839523620880416,0.6125846036329413,0.08731864332019293,0.3296935974712949,0
0.10213407072014863,0.08724262998672505,0.2863484366450264,0.29553313482641264,0.7999556714900833,0.523193503917528,0.5620337314523647,0.9621509577297654,0.6847769027787773,0.5716514617409753,0
0.9745116495370212,0.5899970975668125,0.6317301374661797,0.5790916639839281,0.8606989035409413,0.3677273738485467,0.3625550991736154,0.5774517017209658,0.3959765421989161,0.5105904693179981,0
0.0747384393243461,0.8423499146199324,0.8779310190882089,0.2581178076161582,0.5634552535024339,0.280035798927886,0.4953704390188174,-0.03434221711953889,0.7559909757507368,0.12288744466745002,1
0.08694048361316704,0.3196626907977992,0.5825424808833427,0.7300997313999004,0.9707057355734577,0.2259996495661818,0.8239009323955025,0.06923460713382301,0.6857568173696407,0.9201214744255315,1
0.29442401248764843,0.6763005005306152,0.1391169723496241,0.32693063853258053,0.8564777155977108,0.07187552327290339,0.12851059748907906,0.33488515346553765,0.2594495405161807,0.18242305838843792,0
0.58801979224874,0.7636786926749877,0.36305399026653207,0.09074035831658005,0.9000479720701192,0.44177443213232664,0.894910798840211,0.7527751664240213,0.708313532290321,0.701526560370778,1
1.0080050790451756,0.18765767811965955,0.8264514389129811,0.8126452674420824,0.6918919724757928,0.31462866465580297,0.4675345520057592,0.39874075835633405,0.5063210924741413,0.5798375960775745,0
0.8583802959163238,0.13304938026971083,0.4109181696044785,0.8633627100399269,0.7301439920817528,0.7485886046497444,0.5906121224900134,0.6324315140454311,0.8249536345752996,0.797699332418073,0
0.11785410240804876,0.5248436975708093,0.45026033394593784,0.413314959359102,0.3219055238945149,0.32606925798915565,0.28984605150004855,0.6833159820518507,0.1079699417642633,0.5412091203813345,0
0.44106787487254495,0.07359282377251583,0.08211967845730812,0.15704039346437873,0.40382505561283305,0.034689802664148874,0.4561361675028399,0.3681382198968616,0.5916941511774318,0.2598750480199628,2
1.2931440695380267,0.9716736555520673,-0.6770168549116012,1.178127256958038,0.3007623908872571,-0.26225296513719587,0.07036690839373232,0.9550380198160603,0.8853119481071923,0.4706557334315259,0
1.0169380852080243,0.5171224505807595,0.4430064459428399,0.3649219773085457,0.636302691646847,0.8247464719912674,0.6292669512584264,0.9202659696489732,0.26917229697321016,0.7197890074165902,2
0.3116169332029902,0.9687018486172618,0.41014244134619005,0.40467905364393963,0.16640909605967938,0.6216898915190889,0.37156609033559124,0.5558491799209998,0.28841225347495725,0.5698895550938234,2
-0.16326658866787735,1.180147008697673,0.7873938412253723,0.8313475073630111,0.7493385050390371,0.6135899365678994,0.31899118617845434,0.25676738380561265,0.4477764784410899,0.028793678447176063,2
0.5698620239671439,0.18200748195703362,-0.022033584789004995,0.14834548710229614,0.4726105520624805,0.07124001076637909,0.3442786925255614,0.3662348881499278,0.4441439501078774,0.3995101047262635,2
-0.08096724222501436,0.10343161061051402,1.2837673379847565,0.9488846589140674,0.56933080097073,0.6964100020893469,0.7512019568196348,0.7481191519725563,0.6949008856332025,-0.13296221283452114,0
0.6330456467471074,0.15755922424368854,0.6615047533385107,0.4283267199197061,-0.03353739997315183,0.5773136245315555,0.2908972697742725,0.4402944631197536,-0.06716158832605224,0.8123735361167143,2
0.41051578275653205,0.3082548502609435,0.2791248400583698,0.3667506003083898,0.2859619388908684,0.7915025099792393,0.7338564213200554,0.8977530248319219,0.2391253303664335,0.3231634803331731,3
0.6454723843152259,0.32361198525458607,-0.29974464887965885,0.20134117868922022,0.4659934203597091,0.7682358312375795,0.45539786326630677,-0.20080645231886507,0.6077706461643833,-0.3252895507997007,0
1.0109174222341784,0.19317033137585485,0.8346480551912735,0.8048322169896382,0.6858930030538477,0.34710778913896595,0.45904792182185405,0.4134471581228286,0.5039475660729367,0.568535984532461,0
1.2444801818034406,0.30316856398839787,-0.059153575275306486,-0.03267805390306122,0.034130536697210334,1.0613946144431035,0.37682235096604433,0.7165471028531811,1.1893880121928764,0.34985849807501324,1
0.8226401000829715,0.5252850430397404,0.6310184662592064,0.7295938122106764,0.5999454504684868,0.6939622995756953,0.9762138684900177,0.4100679472607579,0.1376797609550956,0.9166386925488601,0
0.09051758610732197,0.40285748457030807,0.6229261837834499,0.7005155918798222,0.9624964095901457,0.19161220995852465,0.5804400928788644,-0.0648618414450136,0.6688208672893705,0.9921918440030022,1
0.1855750250862652,0.2174667019678281,0.25289793040932784,0.10292720175754064,0.14804886526300615,0.4318748232720626,0.7440817720203922,0.8291116136061376,0.7281832504421754,0.39524817692695513,0
0.1687693179956515,0.8000186380192582,0.2897524870999243,0.5370043580764624,0.731596895687768,0.6715092257576789,0.9232064768295405,0.4848351027013164,0.5923828158435569,0.16532952291795616,2
0.5735392703384063,0.5696954474992526,0.2449942446845757,0.5378337393156672,0.10070330164189395,0.9111333693841105,0.5310471644811252,0.4036925509846946,0.836086911205573,0.05310642945665613,1
0.1315109532745678,1.1589367393105101,0.8786503237798757,0.9290836421279905,0.9017314289606791,0.12586083649869662,0.8649719318062203,0.6627682792489831,0.035883805079360176,0.23281160158517616,2
0.2482287061719429,0.154761707912244,0.09134758654188584,0.9690782475627696,0.345894275922989,0.33600459233667596,0.39367726145983145,0.5346073847160804,0.4364422068466335,0.2161409347346606,0
0.3766226915182529,0.39891981768339757,0.1653103713852911,0.4586351401771771,0.6784800721428416,0.579801872848687,0.6318004744939029,0.30684285926983346,0.7816471405028479,0.2483333433427058,0
0.6342379197971107,0.4577590129459165,0.918610490165056,0.4828112676557842,0.9929502162953524,0.4671995630300891,0.9719455880218338,0.33283201382104427,0.8606408140854402,0.1851717013811152,3
0.22823639041749377,0.04526636070563944,0.6400095786028245,0.23153325077995857,0.2970806256926757,0.9399465053513177,0.09124807036909895,0.9378334919374172,0.23143414366347043,0.560140968770035,3
0.07450988480038884,0.9067169911928729,0.9468274579481895,0.20020707299611215,0.70445545788806,0.16578762485589454,0.44905599531635365,0.032853051281278314,0.9413786891221566,0.10086636413718152,1
1.014242980076311,0.35553966927503516,0.0913810559545089,0.4073367279171724,0.009055457126309119,0.8483581366920876,0.5145792088265826,0.5056987352369849,0.2559591966222438,0.7623158704993108,0
0.8324165849905193,0.7550162618081485,0.7435521897701627,0.06154303949176856,0.8825078085897841,0.14755963828290838,0.18689842907580761,0.22367313397363187,0.8220255302119316,0.9392278892105861,3
0.4337893178462863,-0.20375109942384295,0.8498137910513832,0.38313049196221705,0.33847934104683547,0.879398762585935,0.37872107885279754,0.6715464858162999,-0.26253784653025347,0.6064788723866753,2
0.11289728967848178,0.9002483145450263,0.4821423687751761,0.31236107165870003,0.6851397990910184,0.23024200950443222,0.6984491779510854,0.20096414296052953,0.818611142413528,0.28959575007763194,1
0.6033418572007971,0.48327293681565675,0.975460202448749,0.4298883229858921,0.9359019941427806,0.4853167310863473,0.9614141430447752,0.3802333973468231,0.9182385344448268,0.2021148861276952,3
0.45263599609971183,0.6776225594691357,0.6700089155171061,0.6790823831278003,0.8476009699353528,0.5270265101385262,0.6147351085450419,0.9247601758766375,0.881387200918379,0.698389963432134,1
0.6442273237071743,0.7251659030085361,0.416152721708784,0.8871103266235604,0.3803192720775129,1.183625475719331,0.8690542438839051,0.5913133406912132,0.6086944783212769,0.34363637684170667,1
0.415492813115083,0.1600894633439083,0.873972761336051,0.04151203599491849,0.9541877676594521,0.7728272384014948,0.9624109863740445,0.934595735581227,0.8984518013769842,0.39409091773548144,3
0.33321027304535633,-0.049678689549443725,0.016661291619427615,0.1496435238233294,0.3558253794960474,-0.059594059885946155,0.6054614980936067,0.45557375121295335,0.6638654657581923,0.3802024044881961,2
0.9539883372982961,0.33882377290755467,0.0787882013917802,0.3409829792084485,0.13639033885399926,0.8666482725077896,0.4298669390464935,0.4947005150962334,0.3761794315404897,0.782947411982192,0
0.3798796435371382,0.7815060145825148,0.5091376547034772,0.25930752814289326,1.1030994860401095,0.6279259156518886,0.3101553120366819,0.41652923186200735,0.28278136967770284,0.08449829794301686,0
0.12455931711434144,0.08955036784722005,0.22565830276452936,0.31003048164579067,0.7542501444126817,0.4439291327755778,0.5722959700240151,0.8783110210366174,0.6297941419983588,0.5071677721791634,0
0.44224255735198037,0.26104063575920355,0.04068130764466849,0.3803282433630232,0.622876150503568,0.6480488735955008,0.5861407839631345,0.28531171295979463,0.6992089433774447,0.17313943949469726,0
0.9469626721473885,0.3269909915385711,0.11187426389831867,0.25300940833125024,0.15871607646158647,0.8294687256583121,0.35550135355553913,0.4743774891929545,0.3140800522246369,0.7582290013470899,0
0.09465510470408339,0.7577015625838587,0.6108279290165689,0.9696603682350172,0.4724650602358778,0.6362564481633409,0.2602113218463872,0.11345979453375868,0.18516506867797614,0.15847958078053104,2
0.3089277573229645,0.9694847245979235,0.4093962733796172,0.4013549867607933,0.16699500155679506,0.6250618676718629,0.371279726086364,0.5548320985925124,0.2848685100259924,0.5702677544323452,2
1.0312656027218405,0.5197267896248404,0.7565904214762114,0.5402731076621662,0.8709964321248707,0.3647617078325062,0.3470201067453003,0.667479065561376,0.4269808431300192,0.5374279017664084,0
0.5351556098758843,0.809216719480182,0.633483963730072,-0.23714331902478158,1.2485992586323498,1.1709034525231887,0.20170070205963408,0.4855479656473697,0.3091979221250314,0.8366489955361156,0
0.5861053709183142,0.771602884642986,0.3471697328775237,0.08491483376801602,0.9037566384815595,0.44861293978409456,0.9122875099148554,0.734878026158439,0.6899335027909475,0.7059495807860818,1
0.7075853362294705,0.3564274769150248,0.5123620080981541,0.6978879613027122,0.5948284701553874,0.6457940587440314,0.7843686997116881,0.3163896693291653,0.16409173251356587,0.8266955692453389,0
0.7534053390225279,0.7464208713163603,0.28009748609545876,0.19827373813697877,0.8910634275041436,0.695587545749104,0.9197400318405088,0.6360378252317077,0.3769361566429165,0.8204866842546829,2
0.9135751789969214,-0.17520676731583892,0.40507567485790086,0.9355219569521328,0.4428339202779983,0.5042719834659588,0.36689301949640696,0.3088447534120105,-0.28305890579984394,0.8521119934066289,0
-0.1015817750552799,1.0338358359054145,0.6802737466805147,0.5023256515154426,1.0230584260341111,0.8796726088774571,1.296821348449617,0.5564375185884237,0.5545907126131739,0.1086933338640539,2
0.5453843879543693,0.7958566240435634,0.03508362444266673,0.7292098670780731,0.09198513837792857,0.7830880708454452,0.7770409868966874,0.1818507249602331,0.7889004035250043,0.30590566890968574,1
0.3119806490931066,0.3644415564896732,0.09020180208296345,0.504429177381757,0.5936641663111867,0.6269713129672393,0.5285889682556307,0.2540575649340975,0.7109774222319754,0.21111634090052178,0
0.8815480079340147,0.2863519909333597,0.11435057143695182,0.45630984720246814,0.013450993615813908,0.8201250668816398,0.2838943605578336,0.6301430624880671,0.4057464339402389,0.7910118508637669,0
1.1425334294748248,0.37178635855831876,0.20717684893375737,0.17268481956641318,0.2901953629633196,0.9735178890352184,0.21291512984444647,0.7361905935925278,0.49597098385663807,0.5338988692878409,0
0.917380617879347,0.13596464854258863,0.1830950887313372,0.5803268298236864,0.5078636246542345,0.47373094656006204,0.73075744220029,0.8411448939473545,0.8590016223119354,0.18314513127254226,2
0.29733683075158274,0.5219959983742618,0.2981686400804522,1.0857560072351196,0.0992132989736569,0.545223076110593,0.47859222452177075,1.296103635055025,0.8988893215795394,0.8066650298693858,0
0.7793779609673672,0.8193674268381032,0.658424729749619,0.10799000041061874,0.7966121999978802,0.23550973339751408,0.08958619240135698,0.1551188828359994,0.7365108614975018,0.9509756037398596,3
-0.24247186980683594,0.33641317354359035,1.1461849904636268,0.9666783003021413,0.6059049088600794,0.20068874667111158,0.3287348686829558,0.48855892750496793,0.8784986141472206,-0.020881867560256617,0
0.8174127488879142,0.055124577794492716,0.5727216279647831,0.25689571241020437,0.03221979729297348,0.6484031352555648,0.4172492963256541,0.4381887324728526,0.15901464678779254,0.6167666898373496,2
0.17965395596405007,0.5963491222941595,0.35443154819104045,0.4473848864318498,0.40964490472373233,0.41563620141133695,0.19838954010705154,0.7168793497287637,0.015556689119069574,0.46533617301346775,0
0.3875246225256596,-0.06302431965283209,0.249510388129708,0.28750602401559416,0.5785667603328772,0.08711817188705755,0.4233546186320577,0.20657625097829452,0.47589503792486404,0.39295193710329335,2
0.505506417679271,0.5752016930940902,0.6245283783292447,1.0308217984214925,-0.2072510775168802,0.9267314444115147,0.9208734510239652,0.547462913957413,0.3922096869265727,0.4574969073212128,0
0.9520319186070895,0.17452547328646634,0.15616680797340154,0.618801971340302,0.4710437949463148,0.487638783335838,0.7143021562244518,0.8280226534485551,0.9128527473807845,0.21701418992596794,2
0.6441929344612651,0.8589744350835666,0.6387717256581652,0.3681259709804048,0.1726995340765996,0.823340346126701,0.32285806173626147,0.797975160874445,0.06678730362300878,0.8212822021485836,0
0.33088818590863917,0.549797014800672,0.12509662165926944,0.357908305992993,0.9517757876490649,0.15280597987158237,0.057983494531531996,0.3381034577966888,0.37061458851409806,0.18924698446855615,0
-0.4841612344529772,0.605151021315838,0.3427894089152727,0.326184974497559,0.14871604841287417,-0.12613245072907522,0.5940257963399928,-0.10886884425323429,0.5066105051652272,-0.24827079244188166,2
0.35694742193947615,0.7440422693680212,0.5174334329698834,0.9604954948535935,0.0451612398264711,1.0895017259046258,0.6337390109801201,0.7743681589596393,0.618848658666056,0.7599282835917003,0
0.5038333431856342,0.8763249354392849,0.3575597835549423,0.9345702050442336,0.9065644704666131,0.6497440158500966,0.9886847349516364,0.9386528935233327,0.49914006704445535,0.6432231920251679,2
0.9457315349444931,0.5301100036489068,0.6555156696084011,0.720629454524156,0.8114041151040469,0.23347839725356678,0.8953670746505701,0.6561804874166459,0.8684401219014088,0.9028462763788796,0
0.936252100335406,0.10940387470655966,0.8303649240571461,1.2435582904579785,0.8042097033613944,1.7128694769892883,0.49097273459202195,0.820989691360611,1.1501038556474013,0.5608007348121965,0
0.8201503520351529,0.6811032515726877,0.3097828160638152,0.2545649464685599,0.8193996960915106,0.6256444596108348,0.834507775265839,0.7012236030328942,0.31787224102159933,0.8504635104950795,2
0.5366033183243554,0.704775239546034,0.4017742369912254,0.02015040390428824,0.9334217093950012,0.46163379285614303,0.8702289900056294,0.7160964310202056,0.6992561560681199,0.6631247458881638,1
0.679306230588085,0.48225259366847006,1.1587293816606246,0.357828030536888,0.9180865100638331,0.2692799187747511,1.0750357051780621,0.47655370647497464,0.8618231881971901,-0.04989988959640096,3
0.9334597842031909,0.31659818104322585,0.07117617328264308,0.37048086768254196,0.06401285773345114,0.8929713368968328,0.41808250458379437,0.45625473045969844,0.3436253751181453,0.7870625246353771,0
0.8099616449871492,0.37258633585442497,0.6197109092005785,0.6328875867555767,0.5280124762131385,0.718340277462795,0.8903426903372899,0.3590687875896655,0.2055377487596287,0.984003880158943,0
0.04625748114775423,0.8516595381122232,1.0318647799059548,0.3337741779033749,0.7115279363912064,0.1146217147208394,0.5225409329748519,0.0973411811059604,0.8846203500076731,0.07795101036822667,1
0.24389542018148802,0.687372243541304,0.23212644310789615,0.36263449033196526,0.8914945942778589,-0.09547597848796263,0.057652140373980046,0.31763376282807554,0.46099228129088116,0.24984588489384144,0
0.7974259192669112,0.6601631319170934,0.7662228108161943,0.37145794987217506,0.9419264333132794,0.8620389217813492,0.4332265608624248,0.23373591448967435,0.29014962546020495,0.28755800495711636,2
0.3844452820494494,0.40409044408404354,0.7912258321904563,0.7885555217499897,0.7013665024289686,0.9498339024346695,0.4154773585388553,0.3347668400974319,0.27986840095370547,0.29729638479698206,2
0.34571328912665805,0.4402942816249359,0.4882832107693445,0.34576217758340533,0.12403151270664498,0.5247025464796128,-0.005971516356725076,0.8974129189584921,0.2127272277339977,0.35411368356449113,0
0.3101225987068285,0.9693701944347364,0.4091983744412616,0.4028640236951098,0.1659188709827403,0.6227033790384926,0.3692017561011489,0.5551676974912353,0.28527721579235005,0.5671632968386763,2
0.9909322135175594,0.9355818459618016,0.38742347666416876,0.6660618391654881,0.7758905191360358,0.7294723279510552,0.4033779357216936,0.16945032069329666,0.3857369935156278,0.4872973565308001,3
0.8456531386804983,0.07481473891122903,0.3915724156382785,0.0937068994124703,0.8234307139716164,0.633952052075596,0.9657018846170453,0.07641804445152357,0.19661811168516966,0.44770150796198904,3
0.4414589590582464,0.25563830375691526,0.7254046859556709,-0.02168024259114934,0.8803997424071065,0.7479771382861383,0.8633812825484103,0.9641232544692544,0.7623758070915333,0.3644626528479981,3
0.3094663981011456,0.040871549334118636,0.6415871070202568,0.27132601536028755,0.2821205343391983,0.8963967956873612,0.08663588479032244,0.9095865892100956,0.18336747567117487,0.5658941708709617,3
-0.022175773284230926,0.11393956493462634,0.10826848897039737,0.24449600965111196,0.16802278696968137,-0.16263265117093942,0.520928116705143,0.19191023362678103,0.626495230544516,0.028891333329702118,2
0.08987956878967182,0.6284208865558043,0.4205195188423758,0.08047668372707995,1.0794171421060563,0.3883271565758764,0.31415944948743657,0.7340872044007376,0.2475465089285094,-0.2527290828508668,0
0.14566838766103113,0.8762454344871472,0.6237572898530116,0.9481904675222413,-0.014199858250687009,1.0776326351939476,0.6156070747373561,0.9836290480382972,0.6786938384891011,0.8269593592904564,0
0.2990843806356676,0.0975818109953272,0.6484615493809425,0.26456430785815305,0.2802984482631211,0.9522031627070063,0.08933759960093046,0.8613715642287318,0.15906885344458924,0.6017583790760263,3
0.3106034255020059,0.9697412884008804,0.40932728600334567,0.40432304537498703,0.1630184325371053,0.6227903586184654,0.3714112455972438,0.5569672119742691,0.2877115403693375,0.5685906007011409,2
0.26669044366586503,0.07421738317439985,0.6419647902259746,0.24622219720108823,0.30482198588488546,0.9345101503768282,0.09445313634069945,0.9099991289617735,0.20588273580416702,0.5370013745533886,3
0.45043031539822775,0.29280891556824884,0.03760777567934784,0.5940917560859899,0.5833443254346904,0.687353172160171,0.44133143580379103,0.2862323104564843,0.851775293991716,0.18511766295887394,0
0.10219890027563888,0.0043552758748185505,0.4421838114359763,0.39156420614517334,0.19079852245986179,0.6132722444549576,0.6316501474451531,0.37544635875698673,0.46048846209531,0.26387828978350525,2
0.08435554140486164,0.25506117410649587,0.2934291771523077,0.3617822887065544,0.6671917927001668,0.29126522477180894,0.6162603962280069,0.9535642164877347,0.66068453733534,0.597478686832928,0
0.912863874622922,0.9483461726954404,0.7469308965557605,0.36162986451209445,0.060221219298854184,0.8517426971581799,0.4517862554880282,0.5926912613193466,0.11161112603099077,0.48322672179489856,0
0.8772583050055149,-0.11185462209223485,0.20989614156436798,0.3221358060225648,1.1759837032753462,0.6818894404569349,-0.29236389214110325,1.0325864916256862,0.08246321509726973,0.8344395701867857,0
0.8411659052434919,0.09786861050110163,0.3801332013986323,0.8353035074060716,0.7137410476085425,0.6889676758621563,0.5432382993858582,0.6144413137671508,0.8338200476027383,0.7658580081939481,0
0.690991405577599,0.5112968815435855,0.8680650491979816,0.4874487353807469,0.8379571145237241,0.4678151197065294,1.0326046891995593,0.4073244421800395,0.7127098854089624,0.05635030849891498,3
0.6425244954521901,0.42661495853642606,0.7837915954943155,0.5100530984592909,0.9306944802339616,0.36370893918211283,0.896256839855229,0.36895484867300954,0.7444163190630179,0.3300267564776467,3
0.2529597134388667,0.15275947155776506,0.09493331800899397,0.9657643662472261,0.3425620418327103,0.3264669990055491,0.4052668060819903,0.5280291014174325,0.44789558457408446,0.22501927990161166,0
1.1746676758925279,0.016819197265259045,0.7592621587205893,0.9145600558510949,1.0804702774567667,0.7819300587535616,0.6073886042966692,-0.11426869082958535,0.5810175711167763,0.34501457114853507,0
1.0651467184004833,0.8070042115061347,0.30882594500047444,1.1177960527371555,0.7207251165340958,0.08442017033027002,0.7633557615926758,0.45196286112032025,1.0521913082201557,0.9308004129387866,0
0.19441556485224576,0.883571612465862,-0.10386083801341758,0.8242295065532033,0.2934264788055716,0.6411802943838554,0.5819730998703001,0.8827152013956567,0.3464246663825969,0.3949798475608622,1
0.27197910600842595,0.04743873303115931,0.6686476506602773,0.22677803838262744,0.28920516460851065,0.9046965204891606,0.10757501101292351,0.8705282605485242,0.17194104186856188,0.5595950403418146,3
0.9899642320516939,0.34749402325204864,0.45870770341712847,0.8725569664470804,0.07667141312422385,0.2370014426282814,0.863421234954115,0.5082403313838667,0.5788488090599428,0.3509709076374746,1
0.0657750617637398,0.15659291469102976,0.7018060425072207,0.6652562001951078,0.22985361628985596,0.5004935261843989,0.5192302017627302,0.32112856669951645,0.5674474946828262,0.39558543263796125,0
0.25137589742399186,0.5977545601439844,0.508959499537315,0.749812830099393,0.13078101396151937,0.8632426765747893,0.4331689419515772,0.9472348441468406,0.5952017326454458,1.128708134185355,0
0.9445570247367677,0.49669398616193394,0.6758792040919597,0.8348132560964014,0.8150655235021653,0.21689637283198074,0.8475199472492155,0.6904504564579499,0.9611107445990172,0.9298130224684334,0
0.9338359666479182,0.5953686911804676,0.7728223307313554,0.31859113590659593,1.2901238649191002,0.5333356315317057,0.8635007171194758,0.34943504671606024,0.6776280839816864,-0.010378930494503114,3
1.3267321057255805,0.3921208245955321,0.6545228494661679,0.6764488727425462,0.8356635894324963,0.19410950929496118,0.4814154336449014,0.8736391003160637,0.5526863866177336,0.7635935629352542,0
1.023088016334831,1.415795072202572,1.1082520173973576,1.3091868594879608,1.063493174183733,0.004513706729752265,-0.0016371398570954598,0.2947620879803755,-0.08064555003290286,0.41576419656807684,0
0.46855419672791787,0.30097533103970175,0.2902413953448487,0.28560981147918696,0.2694093156740226,0.7970980693246082,0.6852013292448259,0.9181223426948287,0.2645786562623563,0.3224339607719309,3
0.6026999098394654,0.7385794162323595,0.3736324897894253,0.11606539712358259,0.8888383554964959,0.41428225319518414,0.9064924151813369,0.765935040890136,0.7062272331227958,0.7172653151801944,1
0.24427834471851734,0.04935038738998802,0.6237071407271337,0.2281027133075642,0.22970428308862845,0.869978797472832,0.07399825902908826,0.9166459106628867,0.23294156116062403,0.6169728611522052,3
0.42746510593949383,0.2766290405252884,0.46958297661262843,0.7305131333336615,0.5772002046911711,0.5852052782170114,0.13994328851448165,0.7888708823898588,0.7784835997573737,0.7218369387829888,3
0.8365663320796428,0.4303281932280997,0.2813557215293531,0.9037111310756343,0.4901714303682507,0.44371486223516965,0.4864541205634529,1.1146896766741874,1.0856481483209484,0.39058537640435387,3
0.4685694434317685,1.3124212160091286,0.4023191064818973,0.645640191635006,0.14150429379943386,1.0418323299920582,1.0282174544595342,0.7648405828921119,0.21114140363726397,0.7774440474243228,1
0.33769838566374866,-0.13539652085377735,1.1626114152819078,-0.08506667825211213,1.3576456726904023,1.1498363316373528,0.8440001874911378,1.4213793002424824,1.3487882441016916,0.7079691582668075,3
0.05952812564925278,-0.02926933371030449,0.5216236324755894,0.6178465267203681,0.21172155810566096,0.4451557565686018,0.7042260381625232,0.4104026913252913,0.4859129015361811,0.2735200475722933,0
0.23991562361773022,0.8008827991456683,0.5641031014300676,0.8522970514356131,0.10409326370123982,0.968709498123937,0.7010643657194423,0.8841089796614234,0.701490397490942,0.8499152412405393,0
0.2513592076623709,0.15520716495199102,0.08904285757651245,0.9675428261607771,0.3458593882013077,0.33483175781167557,0.3950696111348091,0.5352296850508881,0.43799214433459843,0.21841375083887923,0
0.9775533459011723,0.6256676300863211,0.2325851848263107,0.9439555465833684,0.5390013826237126,0.0667700088383675,1.1992145611074159,0.8179364215668435,1.1141226294353999,1.1837793030601873,0
0.6561850493830714,-0.030277215626160425,-0.1672586615491903,-0.05196216604491624,0.707322454094182,0.45816446358880614,0.7401842537206862,0.47069518095424234,1.0068989733485467,-0.14251969017480481,2
0.7411022885898358,0.7458401318459925,0.2086203215827798,0.32713462648230884,0.7311875965476213,0.6319041107779589,0.7312266427545934,0.6450826345216525,0.4576949510419728,0.8830521131845169,2
0.8884294181790573,0.3605795370012946,0.25541002521853406,0.24836788432562296,0.05339489485882494,0.7212146985259654,0.4028279999175254,0.4868932048423859,0.4419629653182475,0.5321180977410183,0
2.085811799018015,0.6545246982676557,0.4623646121141661,0.39681606674762343,0.3673338122389448,-0.06626367768969943,0.9734607164230582,-0.018385237309516023,1.5211698611197142,0.8477620789680537,2
0.9994779138839254,0.2063633758806893,0.8222561919488052,0.7668018966987977,0.656291802513253,0.32914721746492936,0.3683108727178755,0.49441744375173186,0.4419475418146749,0.6723975437182278,0
0.43935590732582996,0.7021593862954247,0.36970390330832886,-0.03276882186208954,0.8613999484772581,0.39648266147148137,0.8827073144690021,0.8700258165621704,0.7303076124243412,0.7949321737857998,1
0.04856155449456498,0.9499054969676164,0.016885805263844797,0.5318771672295726,0.26237264767461893,0.6243339279482218,0.6596206325430337,0.5798764020358566,0.21910850253999592,0.4623726073395952,1
0.5493670665113082,0.45797642517564857,0.25451320424292245,0.16046841865025974,0.19042511608195792,0.7619301949959358,0.4833896805864243,0.9846740937886003,0.107609273833707,0.29784094194185534,3
0.06895669039253684,0.8558701053641058,0.5290971461667033,0.27700476964906645,0.7510617215705716,0.3576838624024509,0.6888890539146633,0.19980291778683001,0.8570273188742724,0.23143779958802307,1
0.5269208928384947,0.8410470199191371,0.20417026904446584,0.5371607410397127,0.2246217177731914,0.7524723256044343,0.4818507804048151,0.34467183931495426,1.048489374585273,0.24763268329610824,1
0.5900492708766837,0.5089529685993242,0.8559920117881569,0.40903314920288947,1.0368670831185043,0.45250115828432974,0.9091061076212921,0.2960035411910748,0.8348512968459599,0.15076978237498762,3
0.44711532756948996,0.3434487535582951,0.9839931539681428,0.040233159441261934,0.7448850287573574,0.6452346550584732,1.0295577210673834,1.1226004101702833,0.6146791186910965,0.3210463781946847,3
0.12038763690293754,0.9461693157886184,0.5327508942021049,0.8082049385980261,0.9662239471222176,0.49714014647425675,1.126220785906997,0.5885459652099763,0.16582603118432282,0.3421470690552307,2
0.8404796935383685,0.8551128049386985,0.7300498914232544,0.1360827773668597,0.8728341863641226,0.07889122867022384,0.2138294507546991,0.19195400364955012,0.8382151833367009,1.0218238547532719,3
-0.15208593870877143,0.19525133872057854,0.6148766060748034,0.4116513643543857,0.39094622754884334,0.5490343030772911,0.39293461060003526,0.18502964365671465,0.3178839897134645,0.49275773207377616,0
0.07932259269562283,0.16053789046323635,0.6935365662028513,0.6434519914251723,0.2547332346907133,0.4736551891830148,0.5073444800842647,0.318325524461628,0.5453284249220841,0.3712081665114004,0
0.24654478134382282,0.15683779257394756,0.09276222777984168,0.9675585238020037,0.3491988009428541,0.33576489465011505,0.3938168737152295,0.5315314767476259,0.4333171547343778,0.21200881075617412,0
0.3634442277427866,0.35398905476803166,0.06224446653303769,0.5063655253597125,0.5899024903961699,0.5857045945474562,0.5325834794430478,0.3176264118656377,0.7861369786367579,0.24960027616892602,0
0.29749567651205305,0.6723499887011977,0.5874072056004063,0.7026500235245918,0.1590622977321538,1.0091211152044413,0.7721516298782052,0.7652666855330396,0.6916823987473845,0.7958509498271857,0
-0.5887772983909845,0.792685884747218,-0.22646684886781954,0.4154112863145175,-0.1180375838309263,1.781891301707525,0.08066201143724994,-0.10676309720077715,1.2990595071262603,0.19841346440801988,0
0.12703210742522988,0.4944679240064717,0.14708622666067142,-0.09076447631189229,0.5382109524607575,-0.23637583059896466,1.1526393005168138,0.42111943090804344,1.2796100394755565,0.8276544242918902,0
0.22655998432181365,0.067620265964107,0.7089620985997537,0.2701629805929196,0.2864504262708478,0.9681031669211134,0.055673936487909775,0.8841715237844624,0.1317266785134929,0.5460802373476711,3
0.4527758841679933,0.6549748109823549,1.093412666724798,0.3293201445979369,0.7582992265170646,0.2398930795274063,0.8557478929189586,0.3603206008627004,0.9297683210801531,-0.09809052386721856,3
0.626766577799306,0.31039609029826354,0.21535722987499345,0.9856380889488897,0.8733662462109197,-0.22402234649903585,1.396417354887722,1.2665921975095613,1.3632577877058858,1.3606361553559685,0
0.04033141503555158,0.9084507527207647,0.9490988967454679,0.26446135435909707,0.6769845580260139,0.1314305246035254,0.4190896401634443,0.07545757591791948,0.8750651365635849,0.13715584284993415,1
0.7080665549416597,0.4595515022440095,0.9944135943823127,0.5030904950579889,0.9208639231110274,0.52699818731217,1.0557199682816654,0.40114884651185045,0.798601076570498,0.2573637651332097,3
0.23211310178123726,-0.004297126656957827,0.6680736159122256,0.21017113856945482,0.20245257908414266,0.9621401368951821,0.136999525355268,0.8328741241709193,0.1645415148447089,0.5386270350105058,3
0.8416341997478852,0.016088333890813433,0.2576489833328928,-0.06102701774578251,1.2891911945053605,0.6172776676519148,0.6423072325733519,0.7629490996831738,-0.20013917272820292,0.43758529534904445,0
0.151694186931567,0.5592105145349822,0.47996628902340843,0.4445291760908045,0.34514833791547583,0.27776129207545347,0.18011687586613703,0.6837296642678032,0.006529302631246689,0.3758030820349063,0
0.7968611933337364,1.1522921721083286,0.4647007848961433,0.6211354728493812,0.5703174183010364,0.623008429357517,0.3063603788251167,0.3601142179569418,0.1651118681624388,0.6840246435946286,3
0.8681237545400797,0.7741205110979759,0.7213924586383098,0.10282897828097179,0.894293541902937,0.18599050347642093,0.17532043799738764,0.2511965742901977,0.8263153258974905,0.9449115207103131,3
0.7355807317922161,0.7934474675809863,0.14659919075286126,0.7850751926399568,0.587465485691324,1.1789534646906956,0.3581361899605121,0.4880699684658763,0.879760526766359,0.8121718684567045,0
0.7818902030200462,0.7616200978731825,0.5899626786797438,0.2335776698965985,0.2736537755466015,0.7631803915835442,0.30051686087821444,0.698749643984223,0.28532134075545595,0.7662417892191116,0
0.2425973010805022,0.0029994787680492213,0.6625636788472785,0.23044248539170425,0.34656121449668853,0.9239662371068249,0.06866018318184874,0.8765229045394899,0.18460693400691658,0.5227173456736826,3
0.8752903619487475,0.845653265794593,0.3637125920809413,0.6344149594639474,0.8656232276241058,0.775346991027802,0.4571656669703783,0.23998452878376658,0.4873773341202203,0.5133789190158322,3
0.28824816466992415,0.4553626530836784,0.08064730886179163,0.5660373699147828,0.5552748134143968,0.6531117865379787,0.5696211142638442,0.4068984350549504,0.6772784034796099,0.15721073644207365,0
0.807272272913844,0.15825323315021117,0.04992802472784315,0.5625672953741494,0.12892309064841476,0.6725703976900366,0.4059190016505561,0.4357919444591668,0.34777412578873984,1.0254396230977716,0
0.4325830383826441,0.17031739712278932,0.8378522164767365,0.05497493164970035,0.9487757793086293,0.7432205369689086,0.9695091466309288,0.925099945345693,0.8802347808477046,0.3800253372530495,3
0.897636539231175,0.27344597834810913,0.4191528913718343,0.8289705129842484,0.09160778506667736,0.26001412971315196,0.9005693374020626,0.4534640914790167,0.6797529887981918,0.3891253707345719,1
0.6881801101484122,0.7139958713213399,0.766678123402687,0.3908472184371242,0.8588648240088884,0.9964837917080682,0.3814663194786408,0.32998675461947696,0.12314345482132108,0.44664061375699116,2
0.8982413743732878,0.45913019254293297,0.6417166407308946,0.28582546895177857,0.9553193364382921,0.9330072043292047,0.535884734730618,0.31352181162009174,0.11599132396234457,0.43229424832797725,2
0.018976307966431256,0.913538552122753,0.9327965402147133,0.291879326907316,0.7099330319177216,0.1599933666639391,0.423114478506025,0.07884437124637568,0.8791362284226564,0.14208590585687128,1
0.5467412728366596,0.2482830574502811,0.24352380035967874,0.35186226231086914,0.29125855287705366,0.661715285618432,0.735725699515847,0.934993231746769,0.30172104167383507,0.3942648550827458,3
0.4329897953099019,0.6606808905546362,0.6038885350410736,0.1871545335970507,0.2587530294611583,0.49014295281244524,-0.06610063706000269,0.8709618027535683,0.771369714131074,0.18207474617422947,3
0.8767719702655244,0.9058923432226745,0.4573873451210995,0.27369333745700275,0.26660268394702696,0.8495856230861429,0.1921834406166851,0.6678090661670893,0.34747500337478665,0.846115575949957,0
-0.17216628851765725,0.602510758838007,0.7559629007253814,0.8210506691598367,0.7290895522266218,0.13786728725460262,0.577613167179936,0.7664647765647046,0.5058794364264328,0.13904855378165165,2
0.3978408703247974,0.1747881481066398,-0.052531963397819584,0.2117574650904729,0.3094428350136804,-0.05101158641230932,0.40814095889877167,0.5097063518007373,0.6508485353717566,0.2713440460823326,2
0.7860425399482188,0.5792478213469735,0.19286973188982617,0.22360899527637762,0.6920602374848646,0.5193953774980548,0.9322823291056284,0.6207248765260727,0.3324480731338721,0.7315179324412424,2
0.38300012471720885,-0.2877487333716954,0.7171950758853031,0.08725826875915621,0.595520404064826,1.0025666602644614,1.1127004780910195,0.8385192591059162,0.6349645833457725,0.1711812093434594,3
0.11582430400883945,0.11902883227186649,0.2812138978170762,0.28583555457581755,0.798167125373124,0.4954998277315068,0.5398347370383231,0.9213989348362082,0.6564394313608198,0.5823505026640228,0
0.0031720569064031257,0.723095823115045,0.4706968673104537,0.29201145965182185,0.5757874413339351,0.2499291095475099,0.06935625066809586,0.6767422604402435,0.17103569148192255,0.5614153312146924,0
0.26753952259117875,0.01149779810942661,0.6522575187064925,0.23814326037172778,0.32523057557853985,0.9775207401919965,0.10591510003534149,0.873433388904386,0.18472459868854202,0.5393696070829488,3
0.7978397870495728,0.8848767253956145,0.712745373110905,0.04393591298430208,0.8232170025565521,0.2653382987204121,0.2071142152347386,0.34155730982552174,0.8238766171854519,0.9113923533242128,3
0.1402162500973245,1.131209203900335,0.011063398040722455,0.29176106858719975,1.3678100686330548,0.0970274186255656,-0.05782606255405666,0.9491843456867527,0.015855146855327518,1.0191982610989712,0
0.3084414604793728,0.969300576034627,0.4103633757124531,0.40182652470701025,0.166273701159057,0.6247249224384454,0.3704051548573617,0.5574244365736648,0.28528904231674185,0.5684063291197876,2
0.9475141837400632,0.9653813891601956,0.7259822710999565,0.08237361451692837,0.7201640864925928,0.0686204962523372,0.32291237772732767,0.17719799688141974,0.7895820284582618,0.8384689555532527,3
0.47933454813731013,0.2422997465821969,0.4556214434736316,0.7426833142255016,0.592313519463593,0.5402061858351781,0.19915131640796108,0.7375706805772921,0.8018626170680191,0.7847937223257293,3
0.9256471064048902,0.3833030131512454,0.11600891386595569,0.25598982765244005,0.07997827642864318,0.8044127297555812,0.482146913897604,0.5200826798058152,0.34218771326552855,0.705634746249584,0
0.45178478644859643,0.6802818258612456,0.6681558835420258,0.666087360968429,0.8553712718777321,0.5212157282853243,0.6174649851631309,0.918714387081047,0.8816777893071454,0.6899797581758428,1
0.8069090089459582,0.7362348133012862,0.6407884916207458,0.5120766178338864,0.8034776818684989,0.9779959106929663,0.4472583023416067,0.3216363485567689,0.1750915340009718,0.4108950693324724,2
0.08013358048094761,0.909338805083106,0.9609969638104847,0.2563311870278036,0.6973752977246398,0.15791171257663789,0.4407568243707249,0.10901623484592712,0.9090198179987505,0.0889154893077215,1
0.2531566679324165,0.06329702326232585,0.6315636440128514,0.2670729504485563,0.3188491104346635,0.9520625845984971,0.06087005716166971,0.9160726953632093,0.22526880328918028,0.5491603696285784,3
-0.5809419883161349,0.8758113806542577,1.6115373728726499,0.3795259236889229,0.29856620425731595,1.8199859171448582,-0.28525898683718864,1.8788352706487244,1.3593481389637683,0.5018140515874668,0
0.6115601335527971,0.9708352501724736,0.37415228999334393,0.49926713091242586,1.1900823853349864,0.8023722746162517,0.8005981140318259,0.27612485016181304,0.3978448019282599,-0.15124410126662394,0
0.5046561292188899,0.5757702225045821,-0.025381100031555442,0.3816493523492646,1.0004969784852977,-0.19158302405475908,0.26608147261776094,-0.1671090491426085,0.554066330537568,-0.21700200117727197,0
0.2568431775171873,0.052375656164901856,0.6615106844722284,0.23944907221903444,0.3113404696280216,0.9473677328908093,0.0908324722934434,0.8896373195454073,0.19459996660320658,0.5615287406584528,3
-1.1152390960401148,0.625665760190067,0.46103718864610443,1.06903119617297,1.3759188790019867,-0.7305992021856617,0.18735810036579753,-0.6963073957730769,1.1034561861713974,1.6606382535638824,2
0.3095249428817767,0.9696397678773164,0.4099013316498632,0.4020785789337881,0.16566161880540092,0.6236654469808612,0.3705765955642038,0.556604162726927,0.2860917173922789,0.568437143483031,2
0.26514953676157105,0.6946631555572114,0.2336249081074448,0.5130957093524355,0.4399243393678255,0.5101945145512142,0.17132763019782982,0.6126281626757728,0.007098375701122716,0.5709384164829464,0
0.12058577115022152,0.9182671166446184,0.6647977946198107,0.8951375838477861,0.2668315680658512,1.1561886212897432,0.6672015107241328,1.060921952174488,0.6516111575335294,0.8904058516557678,0
0.003855055886398003,0.4086104107972356,0.5591909884195421,0.6735236827968722,0.976359562357937,0.25237804368998107,0.6659105071569212,0.035081949553779114,0.6635692015048251,0.864179137142426,1
0.018084378119225378,0.037857264697137065,0.471606319172725,0.31814398253036724,0.2324496322307776,0.5867033220592878,0.6647321356670081,0.4782000359766002,0.3946092186196984,0.24713530842654557,2
0.5152708885751477,0.24879402839649103,0.1951584141606913,1.1581180614318463,0.8094619522240495,0.692072098745226,0.12300587902903182,0.8039059245073243,0.8975688659446251,1.296101596355871,3
0.7285820533582187,0.6424583867797272,0.8981861696236408,0.31688598028756254,0.5235960921901817,1.3186389719725544,0.8991257030810557,0.804796142490343,0.6741571360686687,0.4076361068607553,2
0.6258750858243767,0.5128295226589422,0.6885333439495619,0.25869418299752894,0.5842998435684932,0.6209118822054971,0.32799566152705045,0.7798289219454599,0.8070500248808654,0.3718525612876101,2
0.33619387018769625,0.5259942439749244,-0.056804114132080974,0.5676072414010619,0.5209942197029378,0.6546823206466446,0.5312406624474968,0.26311787129443187,0.8040148482112506,0.047594896761958244,0
1.0607755380027006,0.059044317581663494,0.4210171118589481,0.23624613460096291,0.8499501528432478,0.6912977606990668,1.032494250354641,0.08122200933410241,0.11976410460743703,0.324748523536857,3
0.6336333664704201,0.5689080072456378,0.8390590587402369,0.4737499075422574,1.1164595316221229,0.46353367682371516,1.005086407419684,0.42911680661258633,0.9691724068298636,0.19000611275382892,3
-0.14855508707589907,0.1394225680786237,0.6357033018979292,0.5706265772455423,0.471565333247683,0.2508562855172204,0.35290053082050443,0.5040023778653847,0.737702169546436,0.29464584390564946,0
0.09611925348722922,1.0105054526994843,0.07076714731364644,0.5616840555015109,0.2937369238535503,0.6780074109174256,0.6550690843128353,0.6382000721249964,0.2993536790358709,0.514107712397809,1
-0.1743464570785997,0.1414713815774618,0.055855625202159656,0.22157692995671427,0.9283541511677814,-0.25075111461305954,1.277485331868089,0.35626907111303896,1.0163422107965905,0.021922165357214696,0
0.795195086095503,0.10385493058026167,0.6400381633258376,0.33758992457415005,0.08634368165228683,0.6640627616246292,0.44069187728336195,0.5174420062851831,0.08290204167425343,0.6768301673404441,2
0.8046576828920977,0.7391281179497147,0.7045803726604816,0.04381348152067447,0.8778967396325279,0.1890760823377106,0.16549488646207142,0.26805933148791594,0.8438926630629552,0.962364774863696,3
0.38708073128602793,0.7932156759638255,0.554075444244513,0.3904010028717674,0.8333374879729625,0.5284865364222909,0.47613054014978634,0.653462006634947,0.16960309377474603,-0.1380870062360933,0
0.4163740631910033,0.7055851084547803,0.5647146227558364,0.3314014461626038,0.4503017020328798,1.046906623100462,0.38192952466615365,0.00894916966092607,-0.0077188815619048945,-0.02320046936958764,2
1.1915638835552822,0.4735277024708409,0.3161976793231784,0.15759752577825054,0.17517481735771873,1.0725995126924472,0.18814491182322243,0.32868537855043045,0.4394418181504677,1.148788425931697,0
1.2166401218300504,0.04514254850351751,1.151548376364749,0.9643864355070098,1.2326842256547106,0.4419961061903803,0.4456573400514713,1.1586538399618882,0.5139201977638679,1.0773372675342552,0
0.861477465290919,0.3538963134860861,0.4946120084842646,0.49614475180463946,1.0141224780263736,0.2894288667366126,0.8707472913896666,0.7167493779780603,0.8288114470306981,1.0292588245203111,0
0.9262014022563341,0.05477523877026032,0.4039696169676252,0.07111414394226531,0.8420145253791266,0.6225109562361744,0.9470019139172552,0.01635929146010106,0.16749041666748354,0.39533323428576533,3
0.1827683553475902,0.20819762257147356,0.3530587981035452,0.23719039114857624,0.9130257446677565,0.6155142346115541,0.46732316693394177,0.9801166711120941,0.6527396763422526,0.5839514837620313,0
0.3519118706486482,0.7661116941418843,0.00032272201538230405,0.5052098344306724,-0.44299548165162367,1.1391307929606007,0.2897110923616624,0.4329968179578401,1.0852235588433858,-0.27107161577466016,1
0.15879642997329513,0.11892568698433872,0.3593937131223985,0.21756757790876285,0.07779708463849519,0.31496577626872846,0.6026814329261083,0.8205522760577321,0.7730206069501625,0.5111200900194928,0
0.8911783536730226,0.7689691975691401,0.7161273953594071,0.16311770213507026,0.8431876914679618,0.3067421909176562,0.027002108990414248,0.2770885756773339,0.7100700885849464,1.0216994123490946,3
0.03461697655620877,0.21231865572032288,0.3211554913892589,0.3747359437620802,0.6925144955469461,0.3535119679690751,0.6330877513686846,0.9829717837167877,0.6803464492594672,0.6132021656516558,0
0.41326629926044045,0.6151421022303754,0.5624716854566449,0.14927899787099072,0.2430821584208588,0.38386382105184336,-0.004295912503268537,0.849324555687376,0.7544744841754725,0.15513821265825975,3
-0.045615298891032136,0.24068178152570632,0.6489636598045193,0.6528506112950243,0.12549236027215294,0.623103465611996,0.4599087200978387,0.433822985952672,0.5364647075332868,0.2595107097354248,0
1.1264879541658406,0.07764954716690854,0.3630806665519149,0.468559251935415,1.1483613509226744,0.558153154337497,0.1325594321744098,0.3053308471395514,-0.4542048959068777,0.9833397582214144,0
0.9623922096454491,0.53046721347393,0.6284496188030682,0.7455651938805614,0.8201884331626393,0.26180856676729564,0.9508659759124103,0.6516377359050444,0.869670267077219,0.8960484208840859,0
0.20210775350030635,0.03335975446595329,0.7204727445958139,0.25058417697121865,0.36722420211477924,0.9214054713080185,0.0800705877156576,0.9313111809789524,0.18340144379957254,0.5668684821573657,3
0.866480679571029,0.7755755756601045,0.7336777825657861,0.038385277101415885,0.8698165937138342,0.17443748012126312,0.19299256088566522,0.267477321693848,0.8011520448769952,0.9619232200463842,3
0.4529792938492381,0.6758219662385924,0.6741009191210187,0.6729404806068074,0.8519202806072375,0.520649505240412,0.6181226273944385,0.9243819329858496,0.8814273949916634,0.7007667316923342,1
0.4127415005512608,0.228480511396783,0.3977815719956374,0.834054107896222,0.5899925849206324,0.6583309514639151,0.18777647783513526,0.8600597802284045,0.9028564940641645,0.7413337161078645,3
0.32834089249145915,0.07387084102068694,0.01546470524947291,0.09612291643393432,0.4583421941182614,0.047456560173868734,0.37974830077669,0.34158581755659245,0.5331007600961659,0.34141655980167185,2
0.9892445138250389,0.5325264108892451,0.7265368937871763,0.5357013953587241,0.8901579080918738,0.3730039550764363,0.3725494350748147,0.6385032426446295,0.4111284255899548,0.5838852389726953,0
0.13840225600691736,-0.0698000836505856,0.6535036992487601,0.24341495270284488,0.8739324073356233,0.7439798861154762,0.8902903672191717,0.7875349183534018,1.0827008504588975,-0.0003885667381315905,3
0.3508171821650782,0.3285302466412194,0.1558854732314785,0.3725045312348765,-0.031637703775581755,1.1620261395977356,0.9724555113960682,1.1777456886436803,0.6897513252654774,1.2581598872284474,0
0.3701781110133079,0.39350863751623383,0.04864891302046591,0.5339626770516932,0.5860765639438466,0.6002363141547585,0.5043014809995457,0.2744683552902384,0.7378343664721448,0.2549591926771693,0
1.045741638606751,1.1873003087422411,0.6391968792973216,0.4568063266002046,0.21197924534319834,0.34553040748570496,0.45374482022521356,0.8404565263206455,-0.4535140252202089,0.8355042946207194,2
0.21997489047819374,0.049554878239651295,0.6469136242096539,0.24560926740145012,0.2796289706212859,0.9361496345252563,0.13142713144583595,0.8686815052737965,0.2178598285978225,0.5886641570451608,3
-0.10512592454903644,0.7473143162134701,0.7646236324653773,0.6944096518578342,1.1818416446650446,0.15859624900449587,0.7346157998215059,0.33653442866631167,-0.22551584993947632,0.21438949525699627,2
0.04366403402904653,0.5613444889033606,0.33198458145268306,1.2044800475301698,0.8174930719832059,0.49411591871112914,0.2870879554246228,0.2601040259721667,0.1544505481722635,0.45755490683016903,2
0.774375412480167,0.7489189219735826,0.7438989170733942,0.453186297950952,0.9776036492921026,0.8710883193945009,0.32851899278384533,0.26646454673362047,0.24521506767654772,0.4754725878082052,2
-0.3491350994656771,0.48554620544968063,0.3672555232602498,1.071430812755609,0.8187700836707503,0.45908629718279875,1.4761113771089345,0.9199116048105815,-0.410133045951659,1.0693087817654134,2
0.013712767199963598,0.9756997441259099,0.43253971424767085,0.8535227390065924,0.8279370229578568,0.5004647086697149,0.9318799730406379,0.6542338357541769,0.1985113892654378,0.16505616886763683,2
0.022386758266223925,0.27503760786570214,0.29689453814970196,0.2715386771115695,0.6676204951637926,0.7084709730046963,0.7334758544532477,1.0760042490399984,0.6653612535833295,0.6431459974033417,0
0.12098005738370461,0.7283970131219593,0.3668004836843909,0.8748038075622093,0.5473942564322496,1.4529787145744506,0.940227800263892,1.0705491100694302,1.1794778906101695,0.5388371955046323,0
0.9563211241618323,0.34938141215425894,0.1283726019541837,0.355431986559739,0.06542789916197973,0.9023457536673372,0.3723179857107087,0.5167948043139141,0.3643391321696227,0.8176026644110593,0
0.7701375817628596,0.4365962731483503,0.8743868745936134,1.4005208949414754,0.1687668185395425,1.4932068904265332,0.6211901434797553,0.6785875943201106,0.8139271873177123,1.1195992300330535,0
-0.041248735451123814,0.8660203130043372,1.0716979867930212,0.24940058346096483,0.6746129351985042,0.07512305287463183,0.3915356799225985,0.07165937178006686,0.8196340260043918,0.19217908158327415,1
1.0619046132258136,0.04806991142723108,0.2692955946213231,0.0884333824826149,0.8979088152898227,0.6026325008311684,0.8676610551967532,0.21921000712898053,0.012804419986903903,0.3375900867665176,3
1.0959269811416708,1.2764033550084282,0.5349602932069952,-0.15951944530435685,1.2761355804816592,1.016138021801282,0.6483575358103334,0.8272201423334651,0.17391857760917276,0.7321734870543665,2
1.1469849699896946,0.411019424486039,0.9507883349076285,0.05623162664056036,0.38820077964461924,0.21324679262275015,0.36930254810811014,1.145413443324297,-0.07130498500088678,0.2806145235142887,0
0.28368348307034696,0.21751283504311725,0.9080946133526143,0.45954892677010306,0.04606136091871302,0.6175031885282154,0.74219049002957,0.4042428812830565,0.8102392670792393,0.20232125295443898,0
1.1221144895940727,0.5147634532725065,0.16673289718734996,-0.05793336290434864,0.21014128144303548,0.9968776502433794,0.20225437954065684,0.8834293692815007,0.6808510400234277,0.3433270441303389,0
0.8054572176459072,0.11292012404627601,0.3904954753927731,0.7834923378215097,0.794205966285661,0.753938497278771,0.5924492758544168,0.6572377045070178,0.8073339723101091,0.8540965415793503,0
1.0010063031963,0.5234806047564534,0.7372703740965735,0.5282550775449657,0.8957173845025531,0.37214708977454203,0.35694028923358934,0.6200443643952271,0.3945322956644604,0.57971875995202,0
0.9521217412202805,0.5700442474888091,0.6768945871501734,0.552839373504587,0.4034612148853733,0.5935403318966636,1.0283147473673933,0.155687919021303,0.39239802361235293,1.050959976368721,0
0.5894118743627227,0.4080734567192585,0.8564329004117242,0.4379023607819128,0.9890529677839968,0.5321897084383016,1.0100925279057602,0.2632862957211949,0.8617105826513145,0.28252908878817107,3
0.31163647393494404,0.0617626684212898,0.4614602711944865,0.5524258491851542,0.3479261479095179,0.7227049248811199,0.772378122894285,0.37217689149789496,0.34572313291876744,0.5298883359157037,0
0.8273841621413442,0.7608381087321786,0.7392575002875087,0.08857794701697216,0.9140628453477456,0.1510762925892972,0.18478519877281105,0.23485487214461714,0.8141902337438489,0.9447823248723148,3
0.4065557529374321,0.6007090330635563,0.6148343746468317,0.8797332824230293,0.10275201629448392,0.7657571598083039,0.8053550641400573,0.8343982268300135,0.8500430836761348,0.9990094638458301,0
0.8530917615009541,0.1444570023230546,0.41305009811450244,0.8566247676383543,0.7198835221531845,0.73462258865133,0.6010953848777579,0.6320242871535533,0.8347824671058282,0.7923372190393515,0
0.9561086729277432,0.3230769076275992,0.5826020839586005,-0.07806059024064987,-0.21104585378131185,0.8340898824738198,0.19961103918590561,0.9561605754021474,0.6586049383777923,1.0860680955470703,0
0.25641491809991057,0.047503430763535984,0.6675224089658518,0.24592855259981308,0.3087828078951307,0.9294492828424867,0.09737429214825156,0.8978898437021581,0.1880817741186968,0.5596818676100789,3
0.13249819182212835,1.0368802833832331,0.3231844223799517,0.8652635964757122,0.8207040549177476,0.6340628504152696,1.0511961016799303,0.6069549904436015,0.14925955274614117,0.29825529782553317,2
0.16974350958155837,0.2835541242516346,0.5311996187933767,0.5281614423005672,0.28923581973603196,0.38956214127919153,0.5888922992625973,0.18063456226600855,0.6606906559455875,0.5243750586264364,0
0.8301290439616308,-0.007699972808108302,0.7036060969272494,0.17530173175399896,-0.061403077057324895,0.7841801040853664,0.3841953039641239,0.6577252874727704,0.194443180210831,0.7505258523733214,2
0.2793132920651614,0.18708133547676836,0.25688343237137745,0.647221461702651,0.592470116389314,0.6291831803449432,0.44951055945344065,0.24987077129617435,0.6835831607856977,0.2938714722019202,0
0.5847269153644932,0.1758756432659453,0.9747750317379971,-0.17319625944108583,0.9850320053557491,0.7645850187325761,1.1116884228411237,1.0173442585621044,1.0439757968659786,0.5792179244275238,3
0.20478092910936257,-0.024910458880294917,0.8705332561635024,0.4635109036710836,0.3432431367242003,0.25924061800904785,0.48383460590940885,0.31708179238772294,0.2765390583026453,0.6286571942733736,0
-0.426159059723794,0.17507592920072312,0.9753645944187238,0.5625324989436808,1.6965694207885362,-0.017032947862318293,0.029081598922347258,0.02848952915488695,0.34131600562104003,0.6883741406449291,0
0.6287153521020532,0.39718869328092826,0.8582733555672521,0.336524394035023,0.8830083010705195,0.5958307998772537,1.1256795857909532,0.6221556684013382,0.6287534715744018,0.15231509136973476,3
0.303125831026069,0.036877488473104694,0.707629202064908,0.21511657570706796,0.3289638690400153,0.9593778833394009,0.17633640400909206,0.9750929733198967,0.20804711705282353,0.6354062677550248,3
0.9907485761174714,0.36664901407400446,0.0951175591263771,0.2973456746589188,0.10497344430683694,0.8461007731213894,0.41323712804855167,0.5177377837560977,0.3832039205518117,0.7748732467755618,0
0.0440303795754457,0.34827186954448325,0.03856437499114188,0.3686573664118201,0.3821310158196726,0.6073954997858754,0.9114522846061107,0.4049788122162717,1.0649776088736813,0.5052216378043088,0
0.24887740097815148,0.1492899734920526,0.09241974311028814,0.966495312477683,0.3543176466513725,0.34123268179407024,0.3956185292034588,0.5246425266577847,0.4425830913539515,0.21920149724288368,0
0.05980867203461181,0.8531029076898806,0.47388536442190454,0.32203004104446714,0.6933013488867747,0.22382385030948365,0.656633534035775,0.21975530481617508,0.8149806331908561,0.25418886305838356,1
0.35101704204538264,0.34677302939074867,0.05832784909011393,0.501111300952807,0.5776324511884696,0.5879205880261591,0.5438562102979849,0.3060001758910231,0.7853258903234448,0.24367405805542094,0
0.24901167327238824,0.15678731542028218,0.09208492749503651,0.9696635071117918,0.34768608797073636,0.3372712627342822,0.3953752597597898,0.5328714916994554,0.43519347297777755,0.2149651805803096,0
0.7066830906848132,-0.4712587785928015,-0.023539237071894425,0.5409069090378619,0.1055250011989759,-0.4180778818495309,0.7846986520492605,0.5722770544982063,0.16820639748600735,0.37722503607748264,2
-0.05322551023600301,0.4905848565825464,0.4144094664158735,0.5886160453553324,1.0073901607069202,0.2354804619683284,0.746282761430081,-0.010224479169516701,0.5734366435134157,0.8441276129384014,1
0.08720886200004661,-0.01096221920563177,0.4477452715005966,0.3900919071368948,0.17199478913213304,0.5967001313017546,0.6488753385052811,0.37636944836565694,0.4781766350570171,0.24913662674381265,2
0.9171349115298842,0.7170785753133939,0.7228562620153928,-0.004091809378533012,0.8645807776528501,0.16196479962275273,0.1440954582418048,0.311150396316959,0.8063676391278218,0.8682711018877309,3
0.2052326552560304,0.2686350439977992,0.6797435669138043,0.7111251074238841,0.20843753579315943,0.5868264974458941,0.49369519874533524,0.3406321431946986,0.5791874567205322,0.33795498325332735,0
0.5053161094767159,0.21855214436096662,0.4483363455065387,0.7069538111809818,0.5431737227158104,0.5500337557572054,0.14066731349980724,0.8107807149754191,0.8478375745164215,0.7441583711526225,3
0.25235096232670473,0.15520555662592267,0.0948313974156098,0.972244852988329,0.34558372244006663,0.334025772849222,0.39765335167673344,0.5358537467674842,0.4348849211308138,0.2118714484147175,0
0.48500179297573925,0.532804571076686,0.0750980413746839,0.5701522923792552,0.7390530034406613,0.8049044496394709,0.7990920816990262,0.5709274078501799,0.986684239006077,0.4760363458289498,0
0.6908537621431894,0.6406858842874296,0.466944933845534,0.45381320270012493,0.3155757770548554,0.8437482859893333,0.18427304307429943,0.7640430459674638,0.1011710950092978,0.5780261371175732,0
0.30957933925405917,0.9692428562447561,0.4098114359113135,0.4019312819194878,0.1656922629361006,0.6225286277741199,0.3711063492534062,0.5555345964090015,0.28552740146439076,0.5675034360800838,2
0.48398239377120694,0.8175215743981578,0.19767509914779738,0.10655459979694762,0.9438263249891868,0.4673497913896479,0.9763856877127197,0.9276189868668873,0.8646348438905931,0.8693410241865136,1
0.7968198781620959,0.41930782926710625,0.869124559086803,0.37319955937191907,0.8949873986779527,0.4461976998132882,1.211358124523677,0.5384464470263752,1.0719967749462223,0.2762334808494715,3
0.14553350562209552,0.47919033726108123,0.6713043929368562,0.5527823315865973,1.0962295731172975,0.2648701248232361,0.7367088628817998,0.11203005364933127,0.5058292631450597,0.7803241344189346,1
0.5035804951075857,0.7128785235352226,0.6796677078647468,0.7278897219446872,0.8740477003521393,0.5348141124510125,0.6086563352635158,0.8678519164154977,0.8722627463396697,0.6842825480069711,1
0.30920750694764426,0.9749872316425812,0.41548497111734617,0.3991066042770858,0.1698944592958888,0.6210662609657872,0.3710974826056446,0.5525667421949687,0.28092298559043494,0.5635906836258366,2
1.1744900184333333,0.04932164357379348,0.33440501218611446,0.42040358238781095,0.6621139704957005,0.7271526847930994,1.2979557352526063,0.12259374284353264,0.25870928698057494,0.41488070911697983,0
0.6092451298722124,-0.1567108669725251,0.2869845307907748,0.5678983527473483,1.1933634000733524,0.306496026749259,0.9507147330267764,0.0714643158164216,0.126100593731221,1.0126401742331574,0
0.3550514676092943,0.529253833094596,0.6275534297933238,1.098751450869433,0.8771450240488462,0.05303869504786962,0.8130330324842248,0.36717585774753225,0.25799337491546026,0.6670618813193879,1
0.9496337029158506,0.5593916610477515,0.7917337225777628,0.46867893843386543,0.9251800392808324,0.3585025517894601,0.35631171356708435,0.5549128623025248,0.4414405924570749,0.5751899478740023,0
0.15751320605873884,0.44479659377734837,0.15411502669821997,0.5390933571046634,0.3696103683491718,0.5444664877243502,0.4840124037808477,0.23837689176208637,0.767726495528638,0.4713470386698024,0
0.9664431462599337,0.7926391877854044,-0.1404503969530782,0.15389155496018225,0.04964325746258541,0.8166972478255164,0.17421998816268092,0.2710964406836731,0.814673438716379,0.21560309499090746,1
-0.3560073485902437,1.0993311495745797,0.46726629573213296,0.8872672240881438,0.8494943616630748,1.1280933087374514,1.0648105191286141,0.4378824278842708,0.8048726526196068,0.12953778123248322,2
0.9694763877792715,0.6151437911845826,0.6937327365568613,0.48668925094667453,0.889883702738627,0.3973622502567399,0.3121645532500955,0.6271244565888973,0.2799697198001564,0.48835332997482306,0
0.4724813299008694,0.3835288919758481,0.040037414867782464,0.3150918953099826,0.3933849200992721,0.4224887227432338,0.5816021049577234,0.16724668862333725,0.976019277061116,0.22991670033764355,0
0.7484130850663288,0.6111966268455987,0.8069707783528459,0.5203861735958324,0.8502659062385757,0.9897133719409037,0.4403107685321712,0.33149509366926766,0.2443069732323283,0.31318515177472656,2
0.8014519885210395,0.095329408025442,0.6158895646898856,0.3190102098838666,0.10641186361300065,0.6813361797035253,0.4798334209122338,0.4684556292845629,0.10613381360119546,0.6383117912922185,2
0.2460754550678509,0.793172633675291,0.12090335423213944,0.5953346798084758,0.4235389551650436,0.41854389777806494,0.4306313322637564,0.8387588458535074,0.06513967004293003,-0.13729401706096528,3
0.4372078012240842,0.6842539853647155,0.6211542339367127,0.7318174388725529,0.8351986883799078,0.47076391031946696,0.6455165874908873,0.9070785615786611,0.9492470485851554,0.7117457938811902,1
0.3636022169175165,0.15525933017990817,0.6769312762956154,0.30098402166462546,0.21584846883915776,0.8586752298847202,0.18002670872797638,0.9823322448786069,0.19094429400812446,0.6090788505674589,3
0.309494184651883,0.9694055967960493,0.41065884206401754,0.40107647325277157,0.16440333455245268,0.6218301393970973,0.3685000998359808,0.5560627127929222,0.2841999445617408,0.5676287829546761,2
0.5950091083560457,0.49975661887121403,0.9405252613198328,0.5408430011245843,1.0347481530356462,0.49878162931504205,0.9830252467222732,0.2940276647033252,0.8277076099797471,0.20711471898050515,3
0.19422204667443216,0.16716389870618042,0.7446301701358005,-0.11543805684672295,0.7970137409082263,0.6983564988312128,1.1619574978762928,0.9556996474760017,0.7041234954217627,0.39449414829761315,3
1.0273224920046409,0.31523650067707754,0.07726001980292134,0.260004407803984,-0.019895906285778697,0.7438425111543473,0.46868111169189797,0.6275665445703449,0.3002172028517623,0.6997268471331204,0
0.4180523833162916,-0.01746118688122382,0.03702641232028835,0.11361151437562154,0.4672519377666447,0.10724417558846548,0.5417109116630698,0.3838713476155347,0.5968269607526825,0.28152210830240565,2
0.25839578714373135,0.04899777581110674,0.6666424824528009,0.2481075678853334,0.3126656158478712,0.9397669341672447,0.09444576132490295,0.9031194788238015,0.19482322157291454,0.5525059709756014,3
0.4172158128631405,0.15992929992830227,0.8185734623750203,0.04432910565185216,0.9395175432277705,0.7487466481753733,0.9771483853581784,0.9041489238094776,0.8361235786450298,0.3831977952140497,3
0.9844974468149247,0.3519057535944279,0.4352848961956461,0.8481842421694227,0.07407609536230875,0.22890747819719798,0.8601767682394288,0.4877996488236025,0.5777197610166405,0.36510947067432414,1
0.34620242751095354,0.4043325906788131,0.16463782513860345,0.47944963909440175,0.5068623470745649,0.9741605898340578,0.7100699204829412,1.2236452034260006,0.35909343687397566,0.062019120705141095,3
0.05283772288604616,0.8089067580273711,0.4834832308015772,0.28976936359960037,0.6513680854981901,0.1923286731991658,0.6752727519884435,0.23435094106610688,0.7195212653212866,0.3308347041040755,1
0.4366274763801603,0.35511828840144477,0.2782368024896331,0.34552412430041135,0.3224022450678348,0.7177779707445245,0.6451388401587846,0.8443139458738378,0.3569121761089054,0.3052225844935374,3
0.05563748984548865,0.8708361751072494,0.4441394762458777,0.33352087835325944,0.6731663879359379,0.2524949092801321,0.6453359475570135,0.21698424668836577,0.7927851211310046,0.260764657429294,1
-0.05938403259582238,0.3776640671345291,0.4518632167781906,0.6599206573353975,0.8179148509380119,0.4572394960152355,0.6910570526963214,-0.1029824324085751,0.5473089618563465,0.8994630267480404,1
0.6312392915666727,0.4514635682267807,0.9342707895632684,0.46884685001666293,0.9825846045321154,0.4768261124466174,0.9887102030207263,0.3507931302153188,0.8572620818535015,0.18687442552854652,3
-0.30693078379353717,-0.3569973000324088,0.4627741728194712,1.0894614729456835,-0.3154734155649961,0.9006743523580263,0.6474120297097459,-0.02636858445130097,1.1005764242866358,-0.11312234801051047,0
0.9140418280715399,0.41778038176317234,0.11585622724965607,-0.21361397460956255,1.2726038624169063,0.1868350773251849,0.5462693330395044,0.7536758908113679,0.8379074423206494,0.28416599222123595,0
0.4169394624490847,0.15087464467457606,0.8266126871920038,0.035033512192624607,0.9407856736177508,0.7619806641144584,0.9709723812437319,0.9235577577421397,0.84482115212507,0.3623809450629156,3
0.8380511547442191,0.09220530458042106,0.4586335614382804,0.8318948071258683,0.7780466075488681,0.7442958655978371,0.6300392466806826,0.6390363208555114,0.8169226340153566,0.7739208760738385,0
0.8503167795028589,0.16216884139099705,0.4313985839482595,0.8603378354378655,0.7237429686947,0.7489249869932361,0.6113895601595148,0.6230609521500619,0.8104742177530325,0.8075390379278418,0
0.46265220859898537,0.8829797994075237,0.16087704641479195,0.22745161508584305,0.806981321120392,0.08312172833638379,-0.04323812811321967,0.09818674503452979,0.46957655281757904,0.36685160143467405,0
0.35557957203230633,0.3444713459124313,0.06266161043916757,0.5044956587486749,0.5760032243683634,0.5994255795520192,0.5278996331232692,0.30756732938958903,0.7660057908527731,0.24077867559611713,0
0.6588200420817167,-0.10179970383584824,0.6008015721871969,0.2957676243580346,0.26899903255041346,0.4724502286145378,0.5449547316963399,0.4542956529725198,0.012826359026356454,0.656624697349594,2
0.993986802195812,0.34840941637793804,0.4534738829762804,0.8763192839448797,0.08258883356153655,0.24207400219646252,0.8679326706494831,0.5196792283593553,0.5847250933264087,0.34657510337210506,1
0.28878493245646564,-0.11432745607495859,0.9084582898571458,0.2960105611836288,0.9660651889675842,0.9290537628246505,-0.12642447559208625,0.5736375132834449,0.7116222391776381,1.12290307551114,3
0.1634622791653544,0.27571733175847896,0.420105000329035,0.33994637178927845,-0.04770164932826132,0.36565908131722136,0.7652096820334617,0.9133241784065506,0.8446816747225455,0.48442990689201654,0
0.541271781017133,0.36394723572363674,0.3369049012070308,0.2844092782497857,0.2526510556101071,0.7625381613676285,0.6045853900753828,0.947133101996033,0.2545480919152924,0.2887686639413454,3
0.9003391931638441,0.8098599342942789,0.7190047073661167,0.18982764426387116,1.0732841957980073,0.2575079139441632,0.040660578991684904,0.22279117159975304,0.9623871974677786,0.7638391545033691,3
0.4762779268735658,0.3014887184566927,0.2879716070745036,0.29921732033105863,0.24937684898470383,0.7887618588809582,0.677075185385527,0.9213109372589723,0.25721202882268074,0.32623541671337813,3
0.041770259848183174,0.9121261445705615,0.9801787679460002,0.24394098922653681,0.6858377522543577,0.1511622981157349,0.45079563855219185,0.0650608311015311,0.8948375873218642,0.13113398861525083,1
0.970802641877843,0.46375784328645137,0.67029296041564,0.7445212448345482,0.8286702138944785,0.29448451415294347,0.9126759634239922,0.6639230490600085,0.9193191563930228,0.8902839842776824,0
0.25607015148210444,0.0851308672301011,0.6587705858501406,0.22121481871859572,0.2962533162535992,0.9328195594626013,0.08307010748684857,0.8867989926450666,0.1606039519270316,0.5843795377388119,3
1.0076565225063852,0.5736983938443246,0.5973330968298837,0.8406797002729756,0.6476436744384073,0.39473505032689726,1.142065806831279,0.5008392091787017,0.8307527685126961,0.9659569825556086,0
0.6729805814190452,0.693293469164098,0.7123285475512555,0.480040129136333,0.8978694040694105,0.8610973190635766,0.42747862282339427,0.2527612914211593,-0.015711669874267475,0.11725424042899912,2
0.7333546545953771,0.6392383020644566,0.7263004412058459,0.4638162401145224,0.8766045516940182,0.9625365021623032,0.37471886055803877,0.3108637149524614,0.23920889640624066,0.42519418274265974,2
0.30963923614261835,0.9702242144204598,0.41032542969518526,0.4021617973404699,0.1655795328580015,0.6236817829752382,0.3700058905466282,0.5561348533065377,0.28643750281452013,0.5685104487348446,2
0.20216909119727333,0.5663532512513406,0.33695926642073515,0.4720946008059593,0.3968964579993534,0.4348675279886415,0.19477620066683957,0.700470136257916,0.010363825647675913,0.46608560055493625,0
0.36890717658307065,0.35445701375169897,0.06804574907401079,0.47488343772648955,0.558516059637491,0.5921504121954021,0.543221260056273,0.2856080298161037,0.7726916009269985,0.2521253375209866,0
0.8590749249468695,1.2020707579056502,-0.05898892556010216,-0.24130844345524527,0.06374652343543838,0.06988061659821865,0.012964033719073537,0.1856929637567969,-0.2509572065084362,0.42264673079030596,0
0.9553217233398023,0.9288788884906051,0.4029901531770862,0.6688939194928747,0.7905660787220199,0.7329384968893214,0.40521234650515436,0.14443553859625555,0.4148165643577602,0.48610384055349715,3
0.6734712891240802,0.9515330057933031,0.8590497231450217,0.4819413454264161,0.7174774356507484,1.1750710597126919,0.6689488714919133,0.3064584387306566,0.495670499621424,0.2534098977960939,2
1.1562068131013512,0.2701859758590925,0.30116181981317947,0.8668241722086069,0.1444361896520387,0.3028556844494204,0.8794591927111407,0.49829935014509774,0.7389430154556185,0.4975765205694316,1
0.21691678436492548,0.9374311264842875,-0.024671900000964517,0.6566508119254488,0.2691038717448616,0.7644314816562829,0.6183409728041565,0.7346246929193826,0.3037599556871756,0.4524744267626572,1
0.08017046251101811,0.1774864865793101,0.34215879661371473,0.1586657757155705,0.7923964911602082,0.5063641917732884,0.45453744640725446,1.0402046893401933,0.7795297035571643,0.5455380367082991,0
0.6125902189924598,0.7439281956407772,0.07776523237345712,0.6410920356558724,-0.03789030667728435,0.905459160896721,0.5981047103571128,0.30843383741271935,0.8040217913898956,0.05453667099296019,1
0.3658621058436468,0.1925403678627465,0.5660757625548155,0.7330664973379148,0.7185611493377064,0.45354267221367456,0.10978745430416607,0.8634973561427609,0.7838752591964463,0.6718169441723911,3
0.6519198790791345,0.4593387617884757,0.8925979684687296,0.47508712261095876,1.002787220131883,0.48220555058063747,0.9953935103504322,0.337164639889969,0.8380738991764143,0.16522710162189266,3
0.7624260663335515,0.3063876877715581,0.42242976037271546,0.8466661566296556,0.21323757003573915,0.0114238296904845,1.0035543635004471,0.3129365695663843,0.7390234588203088,0.382759793681205,1
0.7656103123318156,0.9417246149944287,0.6675934926964158,0.01989612524175554,0.7614475804791911,0.32213432898325933,0.0731900404372462,0.23948003954060776,0.8623568733559576,0.8180164178487903,3
0.6945817609661377,0.38154727426877133,0.999410097343165,0.5321419604710712,0.9846593283413677,0.4601384959350601,1.0452571496232015,0.37452723162544327,0.8238436636379174,0.23701503516967587,3
0.42646292453885837,0.19761152736690932,0.19087721815561215,0.36495559603102007,0.37176429583962606,0.8721960406542033,0.6985797710928028,0.05957609456193319,0.5782267830031499,0.03854717476597705,0
0.8052808833149844,0.8822332722793224,0.8076265124420459,0.11545455366155924,0.9050438146906511,0.1279204177334819,0.11128076766199903,0.20573377665669468,0.7363208596164188,0.8788263279576435,3
0.31555795897203653,0.4475700115592637,0.47223614397190194,0.4276953192131563,0.32796142035635323,0.5112509957797275,0.15403860869170174,0.6695824975854041,-0.0867028206183251,0.6007995732558301,0
0.05841633800470647,0.6266032403697073,0.24427772778808315,0.8152105039348941,0.5608706721967333,0.7414531647504164,0.992698589055627,0.32488307174647824,-0.010028475390816,0.39326455016579076,2
0.8318037677884837,0.20641163825949693,0.46839995049535255,0.3447726976987299,0.03331980150503625,-0.12976587758052094,-0.24718737105089306,1.2578140250769239,1.5017895312903808,0.18334414380530473,0
0.2267805267060494,1.528833976135973,0.21627404170288822,0.2218703355365912,0.8362191286468457,0.2950778666631215,0.7173416481463387,0.2312710623123071,1.106361815050144,0.006699311127055241,1
0.10647997764016831,0.06101549879772046,0.2916274329122396,0.2480814538777581,0.7568726416267589,0.5563920066416737,0.5753149036318792,0.926004607083638,0.7546126963574439,0.4842789969102575,0
0.1696692135363742,0.5842392229133031,0.3498670960432082,0.44200986109213736,0.4035215878668826,0.4085381565691466,0.20308772956874852,0.7154340199021498,0.01376387814842322,0.45671518982794995,0
1.109019355189185,-0.052909373002571064,0.6156793719434639,1.0357832438825505,0.47253771052152077,0.292919400175797,0.367505066190571,0.10536423498850184,0.5953517282698663,0.39112603415361524,0
0.23975830518215605,0.6423804868445504,0.332378881464756,0.4865646058865833,0.4710407389117254,0.41408609708971356,0.21425636775281637,0.7778214198477424,0.10734412968347676,0.5506805305131222,0
1.0185754225164159,0.932264490061455,0.7673176616181951,0.010771764471749046,0.7374536423402636,-0.04336182526211749,0.36686810347936083,0.24324559214263367,0.6934905557398231,0.9112775622540777,3
0.6919457172484297,0.5589217051547917,0.6820571657252701,0.37987972889287674,0.7629015563271815,1.052997925290818,0.49400989419490304,0.3792328080445467,0.15856149857385224,0.29671049859110377,2
1.0265284454597963,0.6431047822517855,0.5516349386064103,0.7737762450373361,0.7858435824159704,0.21402341047014747,0.9362143966178208,0.5003905925470972,0.958472228872388,0.9613798286757067,0
0.9937587623230364,0.38944904065603675,0.7076238585845467,0.057074724993640996,1.0431068711969471,0.3757495499074543,1.3283329535908626,0.8479632189041749,-0.12720014389347062,0.4586908724190351,2
0.8141418634660487,-0.4697461019692175,0.11242425020655175,-0.18823717000776796,0.7253129112035579,0.004679160396955026,0.09259315339427904,0.3733632302759982,0.395446982606394,-0.10037717731501344,2
-0.04045239651141774,1.047587671694236,0.12873400358031506,0.38568481886770206,0.7292510867384439,0.3105940858971795,0.4432200875466333,-0.44167344149158494,0.13812467282825538,1.0639594539174602,2
0.0796150270691168,0.8904069203871464,0.4728852805438051,0.3536935075109511,0.6915095998948323,0.19534908841886287,0.6005137848465084,0.20307349691567636,0.7476683321818168,0.27685347572118035,1
0.15355844134725516,0.20518512098850358,0.35706434299839995,0.32705540617453094,0.6729600918273281,0.6021379970007533,0.5836107497651623,1.009480163590004,0.5627522948056047,0.5766610442396051,0
0.6469105841556942,0.8878993340610052,0.5838684297188582,0.06145869998393524,0.9549466869248838,0.34020587296926413,0.3734897636144106,0.4215455061867913,0.9808727517071614,1.0460300884073477,3
0.4279637776498059,0.794767414076733,0.41845252629237706,0.5576860568101354,0.26018684625375654,0.6252407214865037,0.16536572001528213,0.5064038813014827,0.15992329408748915,0.3438286403957538,0
0.015416737006336799,0.420449912262972,0.5217210276255083,0.6788214919818302,0.9601627347577365,0.3096463700323535,0.6545471779493977,0.003774170684917203,0.5951758733289816,0.9050718910567176,1
0.019438101565210784,0.940467769616391,0.9204158613787604,0.379261233712604,0.5842073358963996,0.2904818843759601,0.3131615013792033,0.18859555815339535,0.8356596538002348,0.19760424086860998,1
0.034416171647722815,0.3635991625245901,0.550148556492193,0.6934290206431925,0.9556861318449046,0.30245549464570515,0.6731450758141788,0.054109967399395886,0.6153341735125186,0.8887131680705663,1
0.8035208124447119,0.7863069139910843,0.612330564615725,0.3374773380946896,0.2860855304757755,0.8584302318213163,0.3391219985477121,0.6635508597752684,0.2485358362888975,0.7815917209586536,0
0.4674826643563808,0.7319238428967583,0.07893120272900866,0.6495015662533391,0.9520208178995566,0.27560535929914864,0.10901272379623943,0.6426295514268723,0.29421578298824774,0.3553826010830021,0
0.528508951660489,0.5466768600199468,0.635345308904934,0.15661459701579908,0.6626763920172603,0.7162151844519842,0.3342478115967923,0.7988857740159403,0.883916941414409,0.38408643380989915,2
0.9842924040525797,0.3183514569916378,0.05656912452336811,0.2917085214346748,0.15327117111540903,0.8902969565790434,0.45040402767975457,0.5247281878650844,0.38624240180108554,0.7857149610278769,0
0.014825412350136999,0.06661668853612229,0.2863854305318973,0.33977352805761035,0.6819100187619136,0.3626230172285547,0.634028424545519,0.8899677900071686,0.5901510081830539,0.6118497645742994,0
0.43699415799077146,0.21549418840220672,-0.10278238082680907,0.33528718622093845,0.41553896635799825,0.7639185475488819,0.5272866078160331,0.25089472871334006,0.9295202596617238,0.45113310501888415,0
0.637074660411285,0.2274687685139906,0.36115875325878494,-0.35069911185890823,1.1146948721223484,0.5837042448356988,1.129532703870797,0.18987432502260917,0.22172583612139798,0.5876033423628622,3
1.045336645698054,0.5832233961657838,0.7012014217431842,0.6011026777806248,0.8104666658104835,0.39346822577826657,0.3325846746006967,0.6522296437580776,0.45899493137303804,0.5962107718908294,0
0.7284842622561358,0.08508343380826892,1.051361676742022,0.8907450371628758,0.5997553354415965,0.5966303940055224,0.6834440583512271,0.6264380584532907,0.4572073887907575,0.5512391092502739,0
0.09981687051207018,1.1785568660758292,0.28323376031762065,0.6613024842839391,0.6385387475008041,1.1754737831307491,0.7326136396538547,-0.4332084793852943,-0.30684941539894406,0.2885880255157771,2
0.9784512573159522,0.9490461433283556,0.4114734860747412,0.6536581227776793,0.7627799994249771,0.7093134425021281,0.4351773443005148,0.14826708671882707,0.3812658655248337,0.47146272167342246,3
0.9889983450377543,0.5256026977656234,0.7355640685419277,0.5323864649349705,0.8999539678636369,0.3823185907664897,0.3559594848920595,0.6352537419069517,0.4143411634058495,0.569444864949521,0
0.9599042744787499,0.35061907476930687,0.08750001343321256,0.31481655053046054,0.1174078592844335,0.8769962923567379,0.4005327127837974,0.5149798901433723,0.36862959578218973,0.7689062001751437,0
0.026217680046710712,0.4123416864868381,0.42408516016019454,0.3529694296314626,0.48325123317537944,0.04124004920334707,0.4031751921330443,0.3583092600297329,0.8554230550591091,-0.06777714442963029,2
0.09661450426258357,0.8310514831681566,1.02877224540863,0.22260781520994977,0.720074008369657,0.2107341568939509,0.5371298790270189,-0.01538009778284559,0.9614383675066634,0.15198929237309386,1
0.022369989663733762,0.3856942931025414,0.5509391567001125,0.6732102343331297,0.9623452832763075,0.2871963735936582,0.660644628535272,0.01906870344271992,0.634853930645345,0.8772383873318856,1
0.6081547754931803,0.7749460496268744,0.35946097534732496,0.08634412722026238,0.9216458667745686,0.438175068747833,0.8679776066972077,0.7357086121877938,0.7351768774241687,0.7096400605163037,1
0.30497064299586923,0.9689665497198001,0.41073226359670856,0.4014342969450684,0.16724154697842133,0.6240397689876317,0.3728236410552947,0.5537969212385319,0.289123115037432,0.5668864966803002,2
0.7233965002934799,0.6461010507999475,0.7591797052144539,0.44910918406205297,0.8541043799731408,0.9910401775889505,0.42446670105459017,0.34560126271341013,0.1483066140215855,0.3834722962824497,2
0.7423285291593712,0.6377065418504744,1.209893658725573,1.0195007617470297,0.3128371343847153,1.726809422938435,0.25264268238006393,-0.37801062086590753,0.6269205186700371,0.3998578354214467,2
0.031322366695094056,0.7310133418469318,0.32988457402193194,0.5682110170664464,0.32075233891173716,0.39531821979834214,0.2762600109249381,0.6897496626607276,-0.00675576061991328,0.34468489886281795,0
0.7015597722635982,0.5378326935784554,0.928740848239133,0.39168547497116196,0.9903017954850775,0.51736625773675,1.035887341264524,0.4340128974173884,0.804952124750618,0.20566508493040359,3
0.4203865154351006,0.14764779356358532,0.3725113769968108,0.7592194505690035,0.6229682481092884,0.6060555543776786,0.1966124498967176,0.7882178518464014,0.7957746566317518,0.8317178511368432,3
0.15309920871930133,0.7100160436127029,0.22690370208626875,0.5187564806090684,0.3917602719072893,0.5843169430599384,0.1584025478725688,0.6303450935466925,0.015079441897830507,0.6387556477145814,0
0.9246893953276645,0.17316585876153162,0.19323102000304804,0.5456867439631438,0.5040930877501847,0.4871174258402274,0.767880554841553,0.8593277232221548,0.9068978804153994,0.13852381178979983,2
0.35279538319200715,-0.12422814244268884,0.02984395611630845,0.3223496305324511,0.5594376710088991,0.14561666237550552,0.5399134093545432,0.26357210811538334,0.6266588569342659,0.11485116930374664,2
0.04685762519729661,0.6183443673984675,0.22745817305094268,0.3897835633857324,0.4602888248243028,0.4141976593597513,0.07567360512747315,0.7702498854634325,0.1266272877518818,0.3047291767148619,0
0.155626210471878,0.10242596851883329,0.3724952176149917,0.23022946893523233,0.07334489489702806,0.29870477416371716,0.6023320909895988,0.8042886398246851,0.7749623040148174,0.5126870136012808,0
0.9152834228180522,0.13808297794850063,0.2094865327372696,0.5546566387041272,0.4640083144798096,0.4458617924726882,0.705452240106414,0.8127132027098556,0.903079732953914,0.1444215865595277,2
1.1894765830964473,0.508830475448057,0.9469068022000966,0.37685075808458485,0.5436395829494678,1.1648005415263873,-0.17816234530531405,0.08708443179967762,-0.27019393805789804,0.5874544814730235,2
0.11125656597963884,-0.28970296314725885,0.05772399624287122,1.0199978784049586,0.0820219850021845,0.03806385308870508,0.42698983053336514,0.7029709312737719,0.9453611043486227,0.5992380658037062,3
0.2566839866525629,0.049055868067097816,0.6643530520199289,0.2495162119144658,0.31146553532292115,0.9394501749636777,0.09441678648361564,0.901485119443427,0.1969127615601374,0.5548503311154099,3
1.3955819883466862,0.09688192563534692,0.7325904113064906,-0.015321838266146137,0.9796906270523367,1.2006245938015985,0.7796776368752052,0.9650626705749842,0.2975882233553696,1.0165511019105269,2
0.47315636247434983,0.2588922071619763,0.4670246998276028,0.7113208448627151,0.6172283989660869,0.5895049715453389,0.16976396537124783,0.7742821483406325,0.7842014809324481,0.7476061468108038,3
0.16215805379372064,0.5895275076158913,0.36495824723438647,0.450816020048281,0.3905166419269497,0.42382446953204894,0.1973842611416195,0.7290214926853885,0.005753033847683655,0.48386557561669236,0
0.13981003035249617,0.4755234810128427,0.2564716111181947,0.4513099517664411,0.32548516315958487,0.38954680614177484,0.08944707280611676,0.6236895606331372,0.05550795040449911,0.5176069202960042,0
0.9798673653774205,0.3510134116759124,0.07821424670242011,0.31979511300981633,0.11852434424052447,0.8570730769412989,0.42026224244012284,0.5232108522648097,0.3701003223562648,0.7599836618540302,0
0.5655719313792266,0.7349229798964845,0.3430618809930086,0.113374394604864,0.940072892208206,0.4175474272942038,0.9144690399230453,0.793401471406955,0.7189919479590342,0.7480498675246049,1
-0.021057067364640115,0.43361814145545424,0.4989580030821989,0.7062512301722788,0.9450180516640634,0.2861962235035013,0.6485383911460146,0.03563738760347758,0.6607985296143185,0.8608117600697898,1
0.6207801333050842,0.7901388404254996,0.7121484525752287,0.5891631820271641,0.9005933086651943,0.8527075925005446,0.4387771232277207,0.42046862096417736,0.04109063976699398,0.3455647838293714,2
0.4934296678280974,0.29184388756202734,0.4532829072045795,0.7767491289041747,0.5772017616075105,0.6198088989227084,0.165919562193823,0.7212615447549275,0.7966295564560004,0.8316126065132661,3
-0.792789106387636,0.8147393251052374,-0.5105496840123476,0.18461933013987003,-0.09486224888755213,-0.28740881178369226,0.3187765608197269,0.38074908597656226,0.6182944203529864,1.2380017638125684,1
0.5759449629361735,0.7756878791626809,0.3144365909717941,0.09028784849333285,0.9300691866482658,0.45149957394683454,0.8688954219476873,0.7416253315502106,0.758114054718693,0.699371019790126,1
0.03859478852435951,0.8854692563772122,0.49593005852560956,0.2857763389900527,0.7659010594401445,0.2598512543060398,0.6141642289405427,0.12656122626747923,0.6981310456909193,0.29893997153761304,1
0.877489476482287,0.05821219171653122,0.34925189746652163,0.09775565925681096,0.8382035687676903,0.6241899630732529,0.9866606088062023,0.06450909639566343,0.21010899018319065,0.4330277127592222,3
0.2124861644420119,0.9418777215707057,-0.02322792436660948,0.7168950712642868,0.43759804938586977,0.7683264724069236,0.7401003937682853,0.716936336171694,0.26141898484501314,0.5117447349392226,1
0.05011720707234238,0.39766674279833714,0.2678873599125953,0.5502726534383647,0.2891171144120071,0.41928624934669634,0.370832998734579,0.6545173028628216,0.24095914046351077,0.32560429966159754,0
-0.04162109349088178,0.4007035384969776,0.36140202151318757,0.36107350772732444,0.2901001899603803,0.18994730617033892,0.08743101612839858,0.5700755204702195,0.17086037182243652,0.6999290124356571,0
0.9870608640039944,0.5174880801107113,0.7452051731011525,0.5092148473558784,0.9013239942880744,0.3846417077420662,0.340292419408937,0.6123638695829496,0.40590315719894976,0.5583583713955964,0
0.8264555937737509,-0.0628830037336019,0.6507751558438244,0.7853421373713949,1.5998614090525516,0.9002653058175665,0.5798155313332377,0.654956086953563,-0.5789789957896866,0.2837583477910518,2
0.4466524483852801,0.6620398022394278,0.6634668021164624,0.6855877088547876,0.837254453456931,0.5300024609592212,0.612057064076732,0.9179611318412778,0.8775165787002023,0.7098651506626057,1
0.35357404343814985,1.3040686792447058,0.8387330736318489,0.7738107691608119,0.16834556985399607,0.9275672163638019,1.2109832523311646,1.0338637680256608,0.26731954676896924,1.1478333280023705,0
0.07374488492219822,0.14881364836423464,0.6790674532637285,0.6351134466255075,0.272500125715897,0.4905488673421369,0.5120830663490168,0.3478119350206968,0.5603493993314059,0.3986227466048857,0
-0.05782232981136931,0.08625214693035384,0.7826562272713501,0.6839927539406362,0.3837622601422531,0.5796846108313287,0.653030732504917,0.3276514354471812,0.5839806091218733,0.31847207907480357,0
0.13941056431177407,-0.30275889035814096,0.1539372234953543,0.5089273429758021,0.08346168507795221,0.269253929386085,0.5007482375518238,0.5564836886589329,0.574337431031216,-0.07522860909221274,2
0.5856489840118755,0.756852944329548,0.3972541023933399,0.05502102416665174,0.9398863960269493,0.4325003552667666,0.9053462647603151,0.7691235346496553,0.7387311576717612,0.7008809489343423,1
0.9873730042034448,0.5649537787106363,0.7078789031639077,0.45712940057456997,0.8405142583969194,0.33703914304960997,0.41846824059725735,0.5678422412034544,0.3911549403768096,0.6083088542281442,0
0.8489207824442663,0.3834068629391813,0.6616836836673694,0.592390547012708,0.5363447459372667,0.7197079311135396,0.9428646152132713,0.3207025708944054,0.1861754296365441,0.9527119717508086,0
0.04275426863214708,0.39579129376510014,0.5472823460525716,0.6900049931903242,0.9635301889213777,0.3014887861871827,0.6462622630574782,0.041830394040068775,0.6459181099078064,0.8605275329409513,1
0.22812947657990426,-0.27106072176359075,-0.21933898289493747,0.6046384303849214,0.6944187673779811,-0.018291689349751963,0.6383744563258065,-0.061738515755733026,1.0234987274713772,0.1754908395109224,2
0.514604507989778,-0.032238391976067926,0.9640009846486148,0.7563550133515925,0.5093085861555016,0.4597093105724819,0.5995206218753821,1.0819691684736932,0.5027162469637676,0.6836099809119762,3
0.6768942415697021,0.12296524541022313,-0.3242697378695929,0.2253825542622169,1.5637970313374532,0.1644183219916619,-0.3510971169341714,0.09740240839051151,0.3147929850018753,-0.16991835734875138,0
-0.07301169547283229,1.1003596515469862,-0.20452206781132523,0.3377887662102129,0.3697537998602337,0.597910580131283,0.6898472159836018,0.7503921793112633,0.6254801164257036,0.7770017825757645,1
0.002576219537403241,0.38490681759299433,0.5296560106097833,0.6708802683577226,0.9863405495984006,0.27126432941515166,0.6600444361716239,0.027151062762148192,0.6150752775388691,0.8935203130494643,1
1.1352436469472325,0.43171642007469657,0.45885809633353075,0.9620500454101683,0.7105449530641054,0.02258403527105393,1.2210063885259343,0.8056718151270003,1.070234228332255,0.5474695897243129,0
0.17846344298440556,-4.4893346154512015e-05,0.5604024258717132,1.1852422331611825,0.6953306148186696,0.16443307774475785,1.0634693848835228,0.39944322295594586,0.5105870385961955,0.5373384746536168,0
-0.052287583421464584,0.7563610971683407,0.3676446447456514,0.22527014843099116,0.5454421414731643,0.1263914496071845,0.7664354217034799,0.06979780526678017,0.6341847306775485,0.3482439920765914,1
0.6246073965454497,0.7901794596311961,0.3294130235483506,0.04878364685001408,0.8713036202352058,0.4639154322379792,0.8511994605070963,0.7199487280635436,0.7216983065068071,0.7199439759066389,1
0.8192069217750116,0.7989967424694662,0.9536692956504629,0.5817727690347685,0.9634932318520735,0.9019148253264193,0.27032892867710684,0.22026579333766533,0.1966457639443534,0.3530446867029535,2
0.4019837907459363,0.26679295548070125,0.879690980942518,0.05150496432530854,1.0010716845746441,0.7183023355025898,0.9779408894782237,0.8480246021079418,0.737932911728472,0.28708156681697317,3
0.163361195638898,0.05915146833055902,0.36761063443172404,0.3368575745657795,0.6921140544117637,0.5052919493851694,0.5993682374052619,0.9344827488923533,0.6278421704309493,0.5685715262542499,0
0.9231787101389837,0.47336511082629756,0.3874381559014146,0.890878764092816,-0.046867109303019544,0.33030245374019934,1.0533119267136875,0.6363623830485315,0.3924539107572672,0.3623441254859179,1
0.5660191601452979,0.7274631228951193,0.3887277232972084,0.09221800620036694,0.91865271393287,0.43832090581469463,0.9082696351563249,0.7849809617960192,0.721894251671557,0.6768544221896003,1
0.974748811705749,0.34560078744191797,0.4741240431542413,0.8636787901214573,0.05867839339307557,0.2504526554710311,0.8823125998933531,0.5279217199792067,0.5716944234417795,0.362227181516666,1
0.25513205274170603,0.8154893201650015,0.07677334271549424,0.8525653458983672,0.4519125202846661,1.281806045554328,0.9692790418194592,1.0920451449579636,0.3413183996630674,1.4138277840912623,0
0.13009123160299435,-0.005268767056757318,0.46492406828658783,0.3960574437764426,0.150536613012357,0.6112107924218801,0.6265005387415331,0.36460431658313686,0.46728847889275366,0.2446214747015673,2
0.6771548414270359,0.5223529156529211,0.6777871494114511,0.2531856886226316,0.651551628357275,0.651236372501176,0.44362428809146076,0.7817585762721335,0.7748250582279835,0.4711105208067269,2
-0.06558372858200173,0.24252366070647396,1.1574739595102885,0.4129039802429151,1.6339832348337322,1.152286582061759,0.3038917697236301,0.1976287760586546,0.8718972882355049,0.13667679088258872,0
0.07289856175049308,0.922340211562157,0.08710963751534453,0.7102064793561388,0.3752540764289153,0.7501026553223166,0.6813859312587165,0.6226239192024079,0.3474815397229426,0.6100036298007966,1
0.6210012664325097,0.20605468767493074,0.4277712996478109,0.2533305036284669,0.2019504418964503,0.8555213514166541,0.8683299960661125,0.8846963366490345,0.22133314102990342,0.19843326590639696,3
0.7924689995231362,0.2219242615300025,0.5045211638663712,0.9298902504974393,0.9059833291433543,0.2195376168890954,0.8190347841895952,0.5533408195386239,0.6237684905984103,1.0583236107274976,0
0.9056833960553197,0.43245973985327674,0.49447363210539336,0.8211428168763155,0.06961211848217765,0.17492595881344625,0.9345225675563463,0.4545160803654555,0.5804565952709079,0.3258888159626919,1
0.6352269193045441,0.457150576307294,0.9205153901657521,0.48533626815020325,0.9947992761680613,0.46674739904443313,0.9726014181418843,0.3311800662869478,0.8656776097357327,0.1932853788040265,3
0.08614945904099937,0.8620727542537691,0.4328247559925109,0.13710563710127616,0.7972520970550305,0.39837111624248134,0.6116834392488467,0.15018158828118056,0.8082852094781446,-0.011737555259504873,1
0.39238083109015,0.04661491477139319,0.06231438994372697,0.17060705644995888,0.4204132177683877,0.06967028408460761,0.49474718341389473,0.4241968996227187,0.5959729621953087,0.2474138401980129,2
0.47291453333907313,0.13670541934019637,0.8046087206099997,-0.03666454938832943,0.9929592999118183,0.683219335914684,0.9639859974395475,0.8582653697800607,0.809456213725907,0.39394835231362807,3
0.013447964969264259,0.89162139354959,0.3553081336867285,0.25022366334379137,0.2814546547578268,1.0590893607005012,0.8818453673858122,0.9964576294773977,0.3702236269524481,0.2997809644182794,1
1.2201739780458365,0.3670616168826182,0.7491961577163578,1.063788405336616,0.7931112848311981,0.4464656206748874,0.5283481782353492,0.06326496935928022,0.30619284650142786,0.6123975268038141,0
0.9999819939601057,0.15922174569057163,0.8278632011673001,0.7922360087180438,0.6945130558143333,0.3055232505696721,0.47147459693088595,0.3848512830668103,0.5173586668671557,0.5911720442975898,0
0.45503109311158946,0.6890527855812736,0.6632089021676882,0.6863358339143163,0.8476339977511377,0.5416472397907157,0.6034482267811337,0.9334577832616083,0.8712006793002732,0.6998328695469059,1
1.1478876382850611,0.10807553385723614,0.9865978178495339,0.5664388733022303,0.8509907030323431,0.4177892185321534,0.2555986588469557,0.17306507479188699,0.7128476450055027,0.41970675255890566,0
0.8208750489959775,0.7864742296573969,0.7258387002074931,0.052671758659543225,0.8943737271242294,0.16076768903768615,0.20185155071528416,0.24709493543454478,0.8306108993403467,0.9561292575169563,3
0.4437401709544879,0.1136460547628925,0.7696803095831101,0.1483549969598652,0.9986406991622826,0.8166549443194923,0.8401811685215463,1.0367591836727053,0.7858419921891259,0.47674803137244265,3
0.9741125317344151,0.3204138009952646,0.3597545342576147,0.783127059490388,-0.07958180608472207,0.09317099456340411,0.7490368238158077,0.6362336762555091,0.5863180548088995,0.34602372156721106,1
0.17822721334247837,0.5056309126847138,-0.2535093635639131,-0.11496729536696493,0.5826163057139682,0.10028506972366272,0.25541144446812036,0.640375414854843,0.4502712196532882,-0.17314098565804548,2
0.30613954017403694,0.9753620951720501,0.40992753096055523,0.3980826331963267,0.16754417101832322,0.6212402909055986,0.3723196969677341,0.5560225827009422,0.2889571802618341,0.5636907137048399,2
-0.12035224964909388,0.5155584780244484,0.939927860882432,0.432012148230114,-0.170569770833991,0.48984378987294,0.3752067989967768,0.0637080597094371,0.2837061128277612,0.1324696492700712,0
0.9159578746392351,0.2937738964325572,0.5934821307543503,0.8065918200074862,0.5928115379241884,0.32817647902818764,0.6363339222901241,0.7112239792901345,0.7395570818348612,0.6296722416726452,0
0.5988274488147051,0.48941184785344666,0.9073571912837457,0.40490754191542444,1.0275204240023987,0.44455483397947576,0.9176033354018618,0.25021558523494053,0.8956146583803004,0.3086497873193593,3
0.5100329450273604,0.8794727735676452,0.3616136691559655,0.9241453211887491,0.913735865912393,0.6547716689216732,0.9803217247004371,0.9378384318143079,0.505265077525177,0.6393146346039792,2
0.3302524344929729,0.9302450853030675,0.5212908450160052,0.7101628304670291,0.2596375288017585,-0.05038823972652602,0.72019455759083,0.551775314192927,0.5167854956751066,0.633140347502735,1
0.6534991805747548,0.3693478969714951,0.971348577220592,0.7012083049798592,0.8272201735219029,0.43491489548531764,0.5435753578838372,0.5641051641496331,0.13573863722015467,0.42187907647010625,0
0.42733163740511965,1.1246302944579598,-0.11888630610297352,1.0033941267963296,-0.3096152707854554,1.2840697619755748,0.7130163823654003,0.4693899858710656,0.8597272392568098,0.3924951173522549,1
0.4587739151263169,0.08159746678482532,-0.04472308818311907,0.1774266801988478,0.4209023931402615,0.043153527456931795,0.4220603050324218,0.4609032914877068,0.5537374162115216,0.3527554309262009,2
0.986836608357739,0.35039948956856215,0.45861339014193053,0.8693342648821133,0.07528770011850457,0.24297295215555456,0.8623248185250108,0.50831288519361,0.5787310059567771,0.3512753313429198,1
1.0670440277089943,0.5105920225385253,0.7274858576446295,0.7918680621658252,0.7123923306655346,0.3312760562238418,0.8911352948832324,0.6200253468377871,0.7671746712991745,0.9805283250422278,0
0.9160608112172179,0.09984936873584098,0.17932839601005482,0.6096198855468925,0.5144623413608207,0.44222717166204084,0.6953163671211505,0.8626142484979799,0.8871612774185212,0.17307346700890114,2
0.6348744925554738,0.7733347963066823,0.3763271175603952,0.04830056027206345,0.920071397616271,0.38074376191247644,0.8742182293037701,0.7899815826910749,0.7762042838929172,0.7192976615237323,1
0.10101015250945197,0.8824556159836603,0.48204535635678225,0.2690569640796109,0.6767436315643336,0.2496723406135894,0.5852101089227562,0.21065110326831996,0.755911180930787,0.31645760179708016,1
0.23963116345340466,0.06626114109475544,0.6668698759788029,0.2706428516116996,0.31155654470005956,0.9495382521295124,0.10015085667785076,0.9171241606092543,0.18002454211815355,0.5489998139509062,3
0.46805484221188187,0.4147803222003062,0.35332096042613637,0.8712237945317398,0.4289370210232,0.10725572664176339,1.2620193238518542,0.11151919719026726,0.5990445132626003,0.23407422891925467,0
0.7815730017304072,0.7533590294390689,0.5024670655804349,0.26715529517728936,0.1496054992005849,0.7074307091217454,0.20567867533959855,0.7677006291026558,0.2695695528691419,0.6619285839398652,0
1.2533443309460208,0.10224151503586588,0.40712393746322006,0.5436778013732585,0.9538519544416214,0.3767357033921416,0.37849284036578834,0.9395261078063512,1.0749226021297105,0.2037540962940499,0
0.9950735124937183,0.5123756648772546,0.6254289281528107,0.4086214677407464,0.2842215935926131,0.8041899548993616,0.3616309751022896,0.17790658107823168,-0.07587109473714271,0.9741834454984759,0
0.571999479694977,0.7965427841118253,0.4111570242760995,0.11096745555184066,0.8721089852603409,0.458136998015516,0.861605360206378,0.7331402292089608,0.6689659683297579,0.7255812414103209,1
0.5814091986593237,0.6931864827641784,0.3075104420844604,0.14660357025944235,0.9872947183899767,0.4877484024205026,0.9418679651614194,0.6941370763217263,0.7404984008958173,0.5672356275238102,1
0.7457091171332898,0.6498669370890523,0.7380752286152932,0.4400399405116358,0.8656879127477294,0.9643897277692887,0.39097609962747965,0.3044685164335913,0.1861702365999054,0.38806125306357997,2
0.8651536981011643,0.1171790489005129,0.4069310719313709,0.8467059254018113,0.6948182704584728,0.760508571159337,0.6375280051270403,0.6076917378693895,0.8461332651181985,0.8193088553339302,0
0.8819440229228903,0.2894600861936818,0.8213669465641549,0.792176400677745,0.5812180900724145,0.3892664730792684,0.46327943428575363,0.37182731255501006,0.5563082556945689,0.4763778510729352,0
0.5710039460758985,0.7467671244604911,1.0512446706312506,0.5084560577295987,0.8128797361177806,0.6933062775207631,0.6732569557316759,0.7541033628703543,0.4297966095925174,-0.4137839530170387,0
0.8388279088161558,0.05151062623211577,0.5713220345086025,0.5475359044873179,0.6744432914341094,0.5579050248517516,0.49095575608069464,0.2806271810238104,-0.023223124852151097,0.9590695969657292,0
0.5096035445666317,0.2947397074681173,0.32706027811047245,0.6768233261644478,0.7563912401065584,0.5268247766651821,0.15346229324648686,0.9665544903227963,0.6590830570954767,0.7552251486596188,3
0.3994561801374544,0.5243631602130223,0.3423913161771856,0.546323822061296,0.5640528366261666,0.5995873358562268,0.40347056400030784,0.7093324887577154,0.06978517005350748,0.3144914240647636,0
0.9567853378849844,0.577664646323103,0.49286881825003165,0.601761516742289,-0.08298632063197561,0.7933332746680756,0.5759845837764127,0.06601597582094412,0.8459400967056243,0.4515418703422172,1
1.0115292897784163,0.5389392884661779,0.7527071030828862,0.5474903954980503,0.9099935872999854,0.3613004846814221,0.35533981001211284,0.6184800365254665,0.4241196459503346,0.5671279312479596,0
-0.009951542136401176,0.9389038360688473,0.9699458724511734,0.2309567669815791,0.7130778118302283,0.13003609929066803,0.41277676490188303,0.10659526278599069,0.8641249330125473,0.1300672646308998,1
0.20565787947585626,0.5359471459802202,0.38612967604619247,0.37326383464007573,0.44223861585575197,0.327860197778322,0.15785328450429076,0.7201228759560573,0.1002817109309562,0.4286066664608686,0
0.1504360955645023,1.0459251448308409,0.06721745088753446,0.6705415153896804,0.1974730650983546,0.8372021270926819,0.6185693052819754,0.8260503441066367,0.48687631229267847,0.39393046127205233,1
0.3827809400784326,0.5035177187086016,1.5428778199423023,0.3018312013564015,1.4435404929715834,0.21579551700418542,1.0670680519043116,0.4320473972445932,0.18306770832645203,0.12776236940213714,2
0.40405995276929146,0.379022752819965,0.1574457900367943,0.168509828604269,0.9885260746181251,0.1278198857616129,0.02131268045540325,0.14089633203116098,0.1742727555946003,0.4319924479912156,0
0.11777500108615284,0.10958472962348001,0.2874885020723769,0.2693826105207618,0.7820000643092343,0.4970145062642023,0.5418114422796861,0.9409448507921659,0.6689848920026261,0.557761915729889,0
0.8917384623478084,0.08245215114045955,0.9030825883475107,0.9188166972201812,0.44678399540603586,0.2587472368419541,0.4334435975402692,0.4816253466076359,0.7695592903101103,0.41867490720316125,0
0.34144551693376257,0.2419587020817632,0.7087436608490817,0.3397626469181132,0.08684927498866607,0.2812642946896503,0.5480046671718714,0.13683826539221028,0.7640796817541305,0.6426753709347742,0
0.30648948044388397,1.0313379340556397,0.29658780310159216,-0.004960222294080385,1.4434442238995961,1.1888185695630658,0.26467743361546414,1.04706722782464,0.6452724547504963,-0.47217332584623073,2
0.8262359200383924,0.25222240521953,0.9137531153283449,0.1543290408666053,-0.263872528321589,1.0085142185609797,0.708695974646413,0.6176615248625197,0.11349052174250002,0.4409620010034787,2
-0.22838705598031517,-0.6628471790709746,0.01660961010051748,0.03999050688987357,0.27999139534977746,0.6905142108384232,0.18282161518898993,0.8982193585975279,1.6279407477697851,1.1555980389656229,0
0.05466929164955146,0.17474468777076385,0.6802371124984311,0.6405295133697222,0.26415222112820613,0.4544592587752711,0.5369888083576512,0.2957982411330814,0.5420062693719535,0.357859710730178,0
0.3759866783534332,0.0506161701060321,-0.030313509348667403,-0.11311222834177681,0.1633439282474976,0.04033993508920404,0.46433328306680877,0.37076107882227843,0.8386404749270302,0.09514638620935295,2
0.9857535119753064,0.5324600207617877,0.7475260338043362,0.5155813528938171,0.881916789273055,0.37218560446999843,0.3680703708633795,0.6151140012816463,0.38448491864227186,0.5534129968297394,0
0.6755521725273903,0.03931866859747772,0.46078180043304073,0.7388108600519093,0.6351278591721587,0.4671913098140142,0.4320913062351386,0.30267866158698653,0.0978419412212779,0.8746408112418668,0
0.09178170629340905,0.8833262451600443,0.45177396011361354,0.3155153583859724,0.7403131485797514,0.2050373173418249,0.5664067629565664,0.14198955007459488,0.746882533757279,0.3262568732409048,1
0.6165485253415129,0.4058782172025943,0.7334455330429331,0.6617174065803564,0.8985134387516032,0.5214086868888611,1.0447524452361567,0.5019602941704813,0.6701414789646428,0.2638591448897464,3
0.3100917385416539,0.9706709506438849,0.41058843756105695,0.40519528398715665,0.16369905109291574,0.6242724544653718,0.3716928773091593,0.5527870996327866,0.2827553762590729,0.5673004480696844,2
0.9510670623571814,0.5132322785492532,0.9956774829348496,1.1941827198808688,1.2948333396013243,-0.1493415353147457,1.620098496064076,0.7078713160498741,1.0493326226962858,1.2585178538543593,0
0.04315567038460106,0.1853529994603642,0.6626167462201112,0.5930329634730269,0.26351289045955334,0.48341767185551116,0.5508814751701926,0.337446422860802,0.5272961280106899,0.33239599075577775,0
0.13524485310541254,0.6155556930407111,0.3875207410507546,0.431001238975058,0.4069689367458309,0.43704102662171374,0.21121701925628325,0.7544991667487647,0.019185605690820708,0.42163069185014124,0
0.36005509529556873,0.41112170408523474,0.21137847140772045,0.4853028798242521,0.7145413678617059,0.5277861316526782,0.11967478273925712,0.7240399672118041,0.5370123057080116,-0.10547357304544103,0
1.3007705847544107,0.12787823932930004,0.9025776197844522,1.0507356814694697,0.5240686692836309,0.29208980032528864,0.7763523091152202,0.5482275873151812,0.8063959699342778,0.6972227122454988,0
0.6369175436664641,-0.07284747815978157,0.6752017716434915,0.2887909226947909,0.6347777664326304,-0.30204729430705846,-0.11853967937155363,-0.06074082005049358,1.0682453794424278,1.056573427895697,0
0.4496144057260692,0.7098011080180145,0.681201296663325,0.6376523302316334,0.8342540045714322,0.5652289844809737,0.657348707036331,0.909814375910136,0.8301554574059608,0.6991723630070651,1
0.24136896829414384,0.35938862482271117,0.7876387305437389,-0.07711558289415144,1.2662053516426892,0.7700921367800619,0.3431569584618006,0.9172023509548624,0.6297919653046984,-0.233886953157016,0
0.9098078569146397,0.507363836603491,0.7289376469488769,0.79565520613925,0.7927405587298714,0.2546966105520203,0.9962093884383846,0.5632192478174197,0.8525858737709385,0.8052187614659357,0
0.1842650813462244,0.3938310517825186,0.22412299845850567,0.3074207933428373,0.5433158109352301,0.6699784363595744,0.41840278028799643,0.16446852398508122,0.6822330926671638,0.3571381800725144,0
0.9712800516123385,0.46720646727328496,0.7150696521770754,0.5946459200920049,0.9662715846242084,0.2941315485418022,0.43627815006073817,0.6192529310781051,0.46307373681034014,0.6074675992399672,0
0.3110814424870941,0.9672736146862339,0.40810455989075395,0.4011347990803481,0.16534863876034073,0.6235386049054816,0.36891517918303446,0.5538748296359731,0.28589672910862257,0.5668458784070152,2
-0.07775131625740483,0.523827088325592,0.024932958629982294,0.8947919638307139,0.9163142026365246,0.8907295295670559,0.508653809172593,0.5375449402983132,0.4426209572757901,-0.10657535293036496,2
0.9870690277451938,0.5374789768808448,0.7260663983144137,0.533390314404332,0.8877917536620412,0.37398839466434664,0.37320321447358384,0.6249937954575766,0.4128122928423405,0.5695769799531303,0
0.23824379574608046,0.029254405911120773,0.6826799347195994,0.2755269115698887,0.2874249665746745,0.9140807115409767,0.06644742967128733,0.9136235228385045,0.17080120251308306,0.5654997631235444,3
0.11292358791395607,0.3924503151539527,0.578534963761767,0.31474265483387187,0.4607192366742675,0.5389002315042065,0.2007443995095581,0.5275265514144659,-0.20432594032131485,0.6976339454290752,0
0.31207795132623395,0.9693911208141262,0.41250185898949915,0.4055760683982603,0.1633080361112344,0.6206620637093765,0.37232561450897095,0.5556054908560477,0.28456090485752583,0.5673786926863911,2
0.11019594166314296,0.16213869690327712,0.645513601385022,0.6273833931667316,0.2432639516096594,0.5330827118374759,0.5571606670467072,0.2555075224792621,0.6134406908065052,0.3476815869878891,0
-0.09480344074242472,0.789690652366714,0.29334702196189955,0.18576524006896,0.6846134358637351,0.09635323603164078,0.5750432136905443,0.25422996506250345,0.8554011075617469,0.2049952224821498,1
0.9687988304149848,0.33470566019767645,0.10523466858939064,0.29393296080241293,0.1364683604447797,0.8857302028858414,0.4107082009830046,0.5489934029200038,0.39880747541802875,0.7447724097081553,0
0.2580275690746487,0.04257102845319713,0.634186558263418,0.22507711224023697,0.3283560409109329,0.9515766212867833,0.09260153465642491,0.885296064102462,0.19722371258022348,0.5672441205722556,3
0.31741936676099747,0.3934716588802153,0.0500580974451331,0.4921268410315825,0.536713298044456,0.5640999949654968,0.5477329246259045,0.26112839081976486,0.8038091905913557,0.2536332869770115,0
1.038578895677196,0.30744313963442527,0.09358430536517223,0.23749513268104608,0.07553641239320907,0.7799100535224806,0.4841903085039211,0.5647384596845486,0.3543313342371842,0.7491819577840074,0
0.35814481533938963,0.7496747704135827,0.5911671595488407,0.7245206676080016,0.7717752603005518,0.43650428061040464,0.6346299253381577,1.0181937224860667,0.8457274098325566,0.6679252754583953,1
0.8759652624103806,0.0019783161223678597,-0.29508513364532074,-0.16360594419270175,-0.14013776220510987,0.31218185270733906,-0.0065191366433485776,0.9415791011622308,0.4481205878089942,-0.038975143481939534,2
0.403354242036781,0.7385621408277234,0.6887590742619789,0.3498045058115175,0.8757408411136806,0.6172656044301986,0.5476021079859961,0.6147046012302828,0.4034677305588956,0.01206109025608423,0
0.60557728192139,0.4221668638452401,0.8927012196418911,0.49698469542117457,0.991858058686905,0.49271337191281217,0.9701597224744609,0.30596509602200384,0.8412064284241701,0.17349782502333516,3
0.27064812283209605,1.0739601922075024,0.13246505968059086,0.8222041500132096,0.5846071424345957,0.7141475156148802,0.9404832581368189,0.5493784899524791,0.02967117804538974,0.4295785537659287,2
0.41835355002649177,0.008712574490806278,-0.29826430783279456,0.37488314931061806,0.4397239393097186,0.3000458775087984,0.8424517280289051,0.03384524019011603,0.9973412793580001,0.0513756275840751,2
1.0548010021824377,0.46019907511551306,0.6322418085057264,0.7684643898752623,0.8889154556445946,0.3519565803087207,0.8519389258463776,0.5502790147069287,0.8866050983825027,0.98423808007525,0
0.9233305996358965,0.5878974371340936,0.7486824431640796,0.5213568602395965,0.9714846695248608,0.4214235071573732,0.43123124578019756,0.5297376784917168,0.4399852337849104,0.5066368602680753,0
0.4855104596958421,0.5108863699033058,0.27020244531340415,0.4811379166150652,0.977932184067303,0.10663478203820821,-0.10261055253820278,0.32388715083117275,0.24189778044560023,0.16505539880195702,0
-0.07126331165501085,1.0478934329000245,0.6059458316024793,0.33815275553777846,0.6872642551357835,0.21790461636582587,0.47712198792071414,0.27750659465430244,0.959515913449472,0.31193327314397223,1
0.3642504442621979,0.6837782502439901,0.6903230099512613,0.8052931210306076,0.08064406040276119,1.0439617293276373,0.6823001481452907,0.7204791437155644,0.7209151003301423,0.7750363222564899,0
0.31321190204193017,0.2596450799737571,0.10403719643176376,0.4065539924067226,0.4902004707444676,0.5005524626785347,0.6318049264913992,0.3666509067349811,0.744671119306604,0.17553813778579352,0
0.07164398670866157,0.047446172711715,0.3520586806574826,0.23930275176570215,0.7044764632759304,0.4974866957439681,0.6034136401392758,0.9442009947149,0.6672206304683453,0.5603054342821855,0
0.3130648669147086,0.9751795714119535,0.41291273396016626,0.4038915815939802,0.1679663878078797,0.6187969952445028,0.3686974894390222,0.5621216827278577,0.28868187467070916,0.5706324640163594,2
0.2700410539278584,0.6170560325371975,0.3583291680729288,0.5663851228024885,0.5415727512259033,0.5328447131103592,0.2733167878715642,0.8262253802354756,-0.013792751266478942,0.6367200861350132,0
0.07092968673823001,0.8574033214563467,0.4579258969309829,0.31801568713798595,0.6718459179451441,0.26238151894533296,0.6373722299752123,0.2042416531519695,0.8034441536645506,0.2569351770391457,1
0.16641247639651063,0.9541111786717974,0.4289596050107682,0.11261339882219992,0.5330872806574329,-0.012161145370908344,0.6538797151070636,0.38572352597965565,0.6331341025555383,0.4553819682839943,1
0.04427563279222599,0.9547880063375918,0.6389790927218904,0.7101672264380584,0.9777066235514488,0.51369997908522,0.851508618179532,0.7328847362276536,0.3602570675485481,0.1152459966030625,2
0.9810842342137495,0.4986568099442947,0.7522115618094436,0.5521527790521505,0.8884099803695602,0.3819085846856192,0.3788891989940607,0.5999072062525356,0.43120689285694974,0.5684343937984168,0
0.11373033249431132,0.44035997551752093,0.5072457521241768,0.6707655332943974,0.9864563715287026,0.2672136841943225,0.7090804335762814,-0.08431236271126441,0.5985690904785976,1.0034699979952133,1
0.13674072995256625,0.5031359449512919,0.5082401076788516,0.3024595210344094,-0.37351268941746685,0.2246932882290971,0.17935238295167805,1.1738230254699449,0.03376468114227871,0.9892575674218732,2
-0.03395814928302082,0.7014575153459067,0.044510079184812035,-0.03165369173635951,0.8796503621310032,0.41476346018485516,-0.18219560935242216,0.5259173115734157,0.03631789674376834,0.2624728827829103,0
1.0076517392363382,0.31576842495227003,0.0330683708994824,0.2945679715757147,0.15676859297371695,0.8184806096349438,0.45393918666917,0.4800020281932438,0.33728410553003324,0.7230259129376382,0
0.2536709116446562,0.8023072183629647,0.47288723308156416,0.06396404056682164,0.8285334883088681,0.11324243435135296,0.26578270719052677,0.20689880399404242,-0.03597479250840585,0.1476022989370419,0
1.547114858809389,0.7195605348924752,-0.2069797920687001,0.12367215778271134,1.7294055264407606,-0.23935168032671672,0.6906984614310416,0.44875421720342296,0.22494323905715785,1.3297609143890734,3
0.9475507958164694,0.39668225419668957,0.18132539019059335,0.3583779208637403,0.03805490228652428,0.7716940937846791,0.48598246857415356,0.4130839440846024,0.2796810111781287,0.843716001085064,0
0.9754351433278398,0.15375049531121682,0.8724945262944768,0.813983450885776,0.6961488430440125,0.3691176264314405,0.4490104944796259,0.4426134558944857,0.5280130118335166,0.5446030755898099,0
0.14274521408338403,0.594855248365351,0.30408964544950184,0.37674667181241267,0.3291965136354214,0.4105604570025018,0.1399479500741991,0.6812009855315923,-0.05864488579515377,0.41550897802218145,0
0.25216994377455265,0.15268221565547552,0.08531049946490267,0.9752491104433008,0.3490821760960324,0.32965614108908603,0.3912192401453316,0.5320014574560757,0.4308781910740464,0.21541588097442146,0
0.5417869217595688,0.2245969165235141,0.3053334349657048,0.22735723163000124,0.3238449332351629,0.7271116650180884,0.5983622731781932,0.9519003332777254,0.33487439115865686,0.3317153704298281,3
0.11941438889664246,0.12220670090448225,0.2803057932387186,0.2920159194168402,0.8147451765571863,0.48325472334292807,0.5266111986263634,0.9039201817297238,0.6799201160973706,0.6149683862346815,0
0.13729358595254626,0.7616056163480407,0.18407361856558752,0.348350076551405,0.15446031233929602,0.5885604651956462,0.07476055735327097,0.3175009091544128,0.782457542870195,0.6767579192621552,3
0.37811014938776855,0.28155648816017737,0.03441986990030355,0.4913125702189543,0.6175505166642576,0.5760925541081718,0.4677878813727604,0.2964365577551565,0.8046083703868621,0.18578078131213785,0
0.5360300415605947,0.08130235278363782,0.21529827505690838,0.842146506785953,0.90251622969858,0.9046169482980904,-0.021524719298086997,0.8745291756223785,1.1158590890352453,0.41989370552229405,3
0.8283380078040837,0.10669893401317064,0.44285988965888995,0.8910747689916669,0.7513054574113347,0.7184854299662029,0.6105109076371835,0.6646918871717323,0.8392449513957643,0.8172148058530613,0
0.8727965359527621,0.762746755561076,0.7662826676190542,0.0964359455671345,0.9092582225756333,0.14560331788793412,0.1690005850349332,0.2556094301911166,0.8366458779816448,0.9101304570746362,3
0.8489757688693318,0.0786642344614733,0.6324746960004175,-0.14098681459323337,0.668266985614602,0.7996303267035456,0.7864330957139929,0.3875827880177438,0.7211693062427623,0.5260449751491609,2
0.8624181258858369,0.04156258258608242,0.3600079368054537,0.0908725958495603,0.8618737286694584,0.6407268021059758,0.9902934360127424,0.04010435477711628,0.23800418440882398,0.43523271468368135,3
0.7677470507469264,0.4786182031500956,0.16352381032517294,1.0849596990577344,0.42411523990822675,0.4245382167606123,-0.09328129396342111,0.7788355591462014,0.6366959216148105,0.410038494856865,3
0.0603592882059917,0.8144226750864952,0.5096687906225531,0.28906557848161446,0.7252274118782507,0.18553219883014035,0.7204700535059907,0.21626918880578858,0.7897468806323167,0.1692797025584068,1
0.5321280973347029,0.039182175077565176,0.6618736369578639,0.8516018981541211,0.20549338264802613,0.560632168823813,0.8980755404633309,-0.17002741563991086,0.7042341608784962,0.11318399867288914,0
0.6213772205394932,0.3071360271060509,0.22479311263067014,0.40383260452666897,0.5120076304764098,1.3342527673976279,-0.07591517833085465,0.7548444677154521,0.46453760011179107,-0.0516217054137858,2
0.7346018978624805,1.0178166573890173,0.953962889158302,0.9946378343158995,1.0962634036797716,-0.2427582141312672,0.7344104271095875,0.11900354778884648,1.2906309113237882,1.2171109047543776,0
0.685020316422324,0.43258510709209824,0.9046686345687874,0.50274942966567,0.9757671830023812,0.506887598465879,0.9413759555558333,0.35319306444388227,0.9326052906855169,0.2594133925771761,3
0.23930099836289123,0.07240670819435698,0.6605868895430359,0.24356802446078293,0.2827939272664067,0.9265920965997173,0.11166589854346817,0.9296406117065068,0.1959043559558241,0.5627070742309257,3
0.8742456010611293,0.824923232347284,0.42347801338945057,0.23203339656798946,0.1387119622655311,0.7465141742390143,0.12379160186800571,0.8498502327427695,0.27920340432191393,0.7964929256670555,0
-0.032294688386712955,-0.3802317503090832,-0.13169393536937146,0.09671957516259871,1.0039819359558793,0.9120858684280537,0.7920124465348017,0.47900448512904026,-0.006522133495478921,0.18532439129995504,2
0.24935975064781754,0.1569161399428102,0.09216232582167896,0.9698698094373545,0.34758709563803963,0.33746950967184786,0.39531333887349535,0.5326544575720301,0.43464252798395714,0.21507205385086886,0
0.752694518599204,0.6486819800225374,0.7268334201162032,0.4250426419978103,0.8594271041939584,0.9519880400959566,0.4063511586276526,0.3222130976756521,0.20038728806937084,0.3573308649764872,2
0.5719176084905359,0.48885636782585207,0.7387139004859813,0.25895380623383246,0.46847203797024584,0.5114371293411525,0.42725586504386964,0.7911902264788767,0.8173653093987654,0.3857055380317038,2
0.5368645244371705,0.3058134127426002,0.13522500595180326,0.48318264046598175,0.7412601879638494,0.8184700675482128,0.621869627018471,0.11087825592202663,0.6036875086259197,0.44825898405297815,0
0.649874993221002,0.6563433134669203,0.706777535573381,-0.025420669473898816,0.5127840174467027,0.9673011324988707,0.3502680493428258,0.983290998594527,-0.10481831380234152,0.7683156254280482,0
0.31163341091871266,0.9687334889737721,0.40760606286139994,0.4006492713997747,0.16408898931723945,0.6208364812385245,0.3683358577437645,0.5560815180245618,0.2841726708542406,0.5655634522877917,2
1.003171872130751,0.5290922072101872,0.7399225709000026,0.5195825085480991,0.9047572804992955,0.3853408738575892,0.36993173638392934,0.6293090278449579,0.4077014604916018,0.5796530498504006,0
0.43868197345278964,0.2924757095204741,0.37542272614237715,0.46524364531722345,0.9370373027875385,0.43614977436497526,0.48166050509703723,0.14601625128038373,0.4818915036827386,0.3652945258327136,0
0.3099456837864016,0.968823914591628,0.4089861225085205,0.4037252441918358,0.16419570695167554,0.6239297091537215,0.3706281174356312,0.5572755598690445,0.2875315227690879,0.5675646036793931,2
0.8673556224365266,0.6617460945386247,0.32391015895024955,0.28471033093670284,0.785568537929892,0.5951184619642351,0.8978171486345461,0.6725071211556177,0.2789357160428009,0.8029934810807152,2
0.200775232838135,-0.034412764868195445,0.6059832125120377,0.20534701952529677,0.2867034402596886,0.9250822922781005,0.07292498070346429,0.867922091595228,0.2671709029091849,0.5564001550224729,3
0.9287064186969861,0.271661984046326,0.37338657809492715,1.2248393974800935,0.48627909700031563,0.06195919797037619,1.5109702415334576,0.5926859845291845,0.6297050109834376,1.041919320536813,0
0.6053231817522636,0.38375033487746846,0.9366203311237493,0.5044654222806251,0.9217848362764662,0.4972187441398736,1.0313909028512884,0.33872143814807165,0.9171063564476872,0.15206095957970397,3
0.20630045996149507,0.8557305586782602,0.4665038758851781,0.3419710269685373,0.6865455810666359,0.19447024007406832,0.5764109265407598,0.09169544782837855,0.8580798621776102,0.24572059432010146,1
0.2579123735096047,1.0770233549698849,0.24184578438897214,1.0200230019814072,0.8429686984191532,-0.056482759200471244,1.4305757212998813,0.7165686548603867,0.8403923710888472,0.5613561729265545,1
0.8759159799569457,0.0582523757140116,0.35324031102997183,0.08409335307839323,0.8234685955243323,0.6267537485215315,0.964940147279673,0.08703365861679861,0.210910015087354,0.40940505854047177,3
0.9330084755365965,0.8818869608514693,0.8927829562472879,-0.07411326173596686,0.8031300133902253,0.23358412356536,0.32205038105988926,0.350535282720889,0.7709249409689288,1.0653163548354594,3
0.9636679765085068,0.9748650167898911,0.7045527001626845,0.32087679080835146,0.07341060809714481,0.5643084987199933,0.6124332106396304,1.0011098565563077,0.11985277574468561,0.4929964458644428,0
0.1235940778742525,0.1583286182769935,0.33109932399478775,0.2502023748502634,0.8193844750374167,0.5651710643801449,0.5693060871427117,0.8754168369000994,0.675146505574993,0.523039696763015,0
0.39436967265164047,1.0168750215639486,0.793112775022634,0.6512426425093591,0.34377434701646803,1.1512374428984278,0.9208143589171253,0.6894780518435991,0.5207112381262978,0.6145359569644961,0
0.6403792777878557,-0.10515842473858739,0.8471861055199348,0.13197509947646857,1.178238989733405,0.04726503669662677,1.209790493179908,0.17992943776162013,1.6165400130467313,0.5370624727565854,0
0.8429289035069227,0.789736119236386,0.7236810318956056,0.07973578646451188,0.8753860912932728,0.1515356929622477,0.1829868498957003,0.21686517866958716,0.8226655502904724,0.9246333865699072,3
-0.10976454223315213,-0.4484855472235016,-0.10664507366392587,-0.2531860154946372,-0.16846917888843183,-0.16475945422806448,0.6788254343529602,0.024032728858763286,0.8550826318024718,0.11729040675540275,2
0.8818417421030108,0.22473124633353536,0.4748378728795519,0.3073247783266409,0.21216395625303014,0.6847280208491959,0.4745241550905284,0.6019792928535583,0.09866621288559901,0.5981021188082364,2
0.5919838695377111,0.7558066555493045,0.3707022323911695,0.100019644957062,0.9031019705754599,0.449722212546471,0.90563384376864,0.7425781184150959,0.7064458883746458,0.7018793954970244,1
0.2480140228562557,0.15471204227039118,0.08989762346564434,0.9679560010956795,0.35011668325125006,0.3362307649097965,0.3961687308588238,0.5317322333579452,0.4346958853529509,0.21310430194712326,0
1.0896669654093472,0.6098929037205295,0.6688651054923226,0.5659309641544841,0.8825206679154124,0.3626685981173262,0.3668986367779291,0.6200517871006883,0.42295190507658437,0.667878131289575,0
0.3762642378393271,0.36947047114326004,0.11174254940286443,0.5284441880834485,0.6123017227672061,0.6644354968781251,0.5353367093776571,0.3469458233725992,0.8222446422781008,0.198664361020573,0
0.8460278267746264,0.1548802415879402,0.3810134599717338,0.8835909492288317,0.6893665631369712,0.7727743256789985,0.6169469302997193,0.6649914808856062,0.8765584007911636,0.8098738047040666,0
0.16547894760426482,0.6434432914684425,0.36974963588332316,0.4058715678652764,0.3886932436459991,0.3855933814542899,0.17913449617824956,0.7698669005680415,-0.013185928940291074,0.4086030168649461,0
1.0013819462234175,0.520861131197595,0.7040257421158348,0.5112452301806476,0.9077374395346739,0.34336533669266023,0.37014978476530874,0.6570269699843161,0.373166079404209,0.5967253457931785,0
0.2212715288912932,0.007415212622446168,0.6188257541035977,0.28654831876942327,0.35812321588624735,0.9765691914119602,0.07885665915838129,0.8526843962217734,0.2417659370692309,0.5431108979371503,3
0.07625830510571677,0.18758899880415061,0.4178030986670713,0.506320974660463,0.950045948482325,0.3864107888124735,0.6777512010091243,0.08752852644813065,0.5496384201403778,1.008082941573099,1
0.05605790773621959,0.9163913849203055,0.017468678387432733,0.6162745324168932,0.3616114007358911,0.6553654008097836,0.5944187844820418,0.6700446724763056,0.3463711028950226,0.5875640363471555,1
0.979077956391539,0.9040961422776972,0.4891260053332845,0.16092869019378153,0.5974564188377445,1.196353510568118,0.5007796363688908,0.41049936062926456,0.0806812000728815,0.5973109105422877,2
0.8856289826923238,0.10871291830015614,0.1812288876672926,0.5711849898376745,0.5056623574784634,0.4269120803624229,0.7602665358826808,0.8613566119588164,0.8349932196160704,0.1282943158978357,2
1.0170327173663336,0.46869580177205805,0.6761926428508727,0.8019535985332,0.8191069172076602,0.1824325727476256,0.8648189301769925,0.6662744666722784,0.9174410455275213,0.8958229005017281,0
1.2277663569759374,0.21263018083728907,0.060931890255210897,0.7212893796611802,0.7198233080349096,0.7076455047537414,0.8462742657028768,0.08231473964897618,0.7137735175820283,0.859876075465079,2
0.15564565361677313,0.13841992445782447,0.37265669222885117,0.24337434632862684,0.09141859221198533,0.27472657966716507,0.5996271357152629,0.7697874738883681,0.7623276343547092,0.4802829173824476,0
0.8018510952745475,0.07843400791601873,0.07609921347952042,0.3271187232207119,0.9808604813160063,0.34194053477480846,-0.4154572525217055,-0.0021622855945523933,0.5193507164847104,-0.38319372096732573,2
0.9665811911387937,0.3044415385220531,0.4716197932518883,0.9083884692318347,0.11219643494202314,0.2570645991097465,0.7913111454354977,0.5311017554534124,0.6264520230283268,0.3930706140019962,1
0.9987388294697523,0.07176584573803002,0.7467931243851889,0.855681725045201,0.48793749981807893,0.03760777555018685,0.4173655285579705,0.48432093570561485,0.3181237671540148,0.6596756434222243,0
0.6150758372860053,0.6760920083893853,0.7348594500292036,0.5762901721120327,1.1969972187201177,0.40228282438592744,0.9758735126516921,0.5231202126758706,0.08218421150879437,0.48521835487663756,2
0.6631905117534748,0.4340305758503442,0.9261639865457211,0.4825718342811416,1.0218746967654555,0.476345967366489,0.9759804784934066,0.35859099291899726,0.8558202667308203,0.18331070205434877,3
-0.23528517823639844,1.1377557911683256,0.6951896236942514,0.6345929320016045,0.5741696172968254,0.711686914473754,0.8243414696780362,0.5280043849371114,0.058841628212063235,-0.12206557531621998,2
0.5072905405752097,0.8743976602263729,0.3513757656005718,0.9401268098078834,0.9185481872958904,0.6463933921659488,0.983691431955115,0.9284964311175975,0.4949235474698489,0.6321491207566341,2
0.3335517042520938,0.23291053944582776,0.42070633263159074,0.8116413963770261,0.385119695627422,0.42842092932284354,-0.048570031353931314,0.8572649549779511,0.8044530790794426,0.7913037257560868,3
0.30925518940632757,0.6688012609372231,0.5532994022084918,0.1767188286505471,1.0998603669954323,0.40541296779454716,0.5677484202284995,0.8066478944180437,0.4092377042416347,-0.22264482462737106,0
0.6389225728210893,0.5258898602520131,0.697854044233649,0.2763851376414648,0.5875095076534738,0.6264411088712065,0.3149185554182234,0.7893834481991052,0.7944600110312399,0.37536330617651414,2
0.4994738309195112,0.8823364199048372,0.3592013248168538,0.9347921784609019,0.9140212107055088,0.6473532129166871,0.9849755996241311,0.9389102165537059,0.5004883184368314,0.645187931813298,2
0.1540133857922912,0.5679619585234446,0.07428239920564501,0.4902878242384996,0.6652485848818757,1.0923391182136863,0.4739737755789363,0.8052533215688858,0.4950202439245779,0.7652346978797466,1
1.1362963807583526,0.4643302066306757,0.2681234000415369,0.2135867934939121,0.007025328979817655,0.7359724584890573,0.4356260750915521,0.5580406390263888,0.2041794901174609,0.9381913493792184,0
0.6113110992909712,0.4022633960657018,0.9179154710195637,0.631278355046168,0.8729930725944918,0.4900922354626985,1.0635252392823915,0.4666133180437639,0.955054212923805,0.14885487081473597,3
0.41964317819926716,0.6440000085901368,0.7217828769847294,0.6781022062584268,0.8410026651061135,0.5525252649249467,0.5987928862082031,0.965967991908179,0.9199649096240556,0.6682686175044394,1
0.07280098784936939,-0.0034513806341052947,0.4194286466050887,0.4067274362887007,0.17971055331742083,0.6115718574959317,0.6303716584392316,0.3544944417094568,0.46843142591814263,0.2708364554814018,2
0.8687975791773437,0.11370970707087175,0.48482140097587406,1.1207764113267447,0.16906934472436372,0.4095221739893834,0.8477910616167995,0.23291696144955543,0.6073918437546811,0.5370479221123097,1
0.9196905522862246,0.5900256341629172,0.8428213041453048,0.18769115948498166,1.0247919526871723,0.331932922147566,-0.012923473210685849,0.03309128586610566,0.6789679680964513,0.9076414930226434,3
0.6271120457905528,0.703891972159761,0.12541825545257823,0.604552860544984,0.02105119172600793,0.8962002307590571,0.601841459890826,0.3191388070748413,0.848978386969113,0.11295785713635632,1
0.6577860659514025,0.9347009411143673,0.7187693397321424,0.5966644948336246,1.308675468169402,0.5740954679772865,0.33797091687551345,0.6044943738202936,0.44875496827161765,0.25060840791541816,0
0.4237263718744658,0.018841865341025887,0.1294260289698172,0.9348547988507369,0.338995741063626,0.40947387115640205,-0.33320400108833614,1.2189054944351343,0.35779410726841676,0.1840774757523047,3
0.605866402027035,0.1297504520969639,0.27598216074147797,0.016875198641400607,0.6796585959043359,0.7685924707240274,0.8741416716145605,0.3463225560455127,-0.029529371457240605,0.3402198237098609,3
1.0628229806959935,0.9801080843988164,0.7965813515252773,0.24526302265359812,0.36599187156758095,0.2924342227519725,-0.09189694503561968,0.4642328455694191,0.2506244620577041,0.8286088842890394,0
-0.024730481625268586,0.09830811032971198,0.40997009336922663,0.197746311589854,0.7189428536851484,0.4102161730830369,0.46111144647183555,0.8313120373352079,0.8874665616083289,0.42552458104044266,0
0.3041713545362944,0.27372534289371847,0.8644183837320125,-0.0899272321375454,1.0555478679585208,0.7836178316893324,1.0003390210558145,0.9690656453822971,0.7390394309603276,0.31189989197943724,3
0.30547071141358395,0.4604219648668839,0.19261144211287187,0.36984518059595195,0.4128571513282424,0.6215522671538151,0.8556044660370027,0.9178987606724117,0.2970625358243956,0.46338202986875854,3
0.96693985924889,0.4176655721946322,0.44581138334735015,0.9199324852980777,0.053904116920814676,0.28269530963695105,0.8627741450020012,0.5365068314012708,0.544741318372751,0.4188278226027138,1
0.08366172489923636,0.1269438447641949,0.3906979192404775,0.4372565491845022,0.08500804238035098,0.5738368054142226,0.6068696517829298,0.3761319145572917,0.5743405449542389,0.2922300162647981,2
0.15984152990640013,0.10385433881972433,0.38484128564148123,0.2250019705331826,0.08030584362031373,0.31584666335951234,0.6010347090252453,0.7922864551866015,0.7905212672198004,0.5224139761578795,0
0.23624901172776916,-0.09475565610302766,0.5611074206922992,0.5785878445323213,0.25290501884867533,0.41869804543183137,0.7793670577339891,0.4590805430614311,0.5428191331723928,0.30428888055340975,2
0.29268413749212085,0.7524357533089024,0.5684579129713055,0.811438359464749,0.1305937715647033,1.0369257896267245,0.7101496163289888,0.8634288719198245,0.7029001383001378,0.9090868616464568,0
0.88687956384712,0.14556950093794246,0.2991131764863666,0.1593616085457697,0.8086184165918352,0.6482752763493671,0.9439078674189845,0.07086604982140186,0.1267153442284419,0.341925123844856,3
0.3397816545774035,0.9615225745446179,0.6368173706453889,0.9545396287921312,0.3808660506222904,0.05800800650858495,0.9956939290235306,0.38220374372495436,0.26404019284600344,0.69981243293137,1
0.6410208233996342,0.4155906407697343,0.48041286334860483,0.5637654097578061,0.5963023548741206,1.0191376504148189,0.49228483519731847,0.07034894294528513,-0.05871434550289015,0.45189639138728444,2
0.6438222582661843,0.9497161278500682,0.9608505484723447,1.1270575724404701,0.847671762129873,-0.24274958532579027,1.360351156347531,0.6401691732852716,1.1223752139147762,0.7641321614894132,0
0.2446958197289128,0.15264946642024302,0.09603257750785744,0.9650978232073787,0.3438446776851259,0.3412691436548762,0.3989281988491745,0.537208847029042,0.43753391153727667,0.2103918479636183,0
0.22695073994959256,0.06593711673649175,0.6935900912001275,0.29882621388344316,0.35714058441880847,0.9195005983474145,0.10386356295726316,0.8582185880120271,0.14872935455713293,0.5269723329837603,3
0.9474363906713679,-0.15304944740335302,1.2497406080980098,0.4165643589178627,-0.056089067209808385,1.0514666642150459,0.5309499892468034,-0.04282638155414453,-0.594926435893256,0.009304889343793699,2
0.5456960352903619,0.0052752129520721724,0.523399953888745,0.19650387017246365,0.7516762306519174,1.118008155683484,1.1647903736365477,1.0513786128493052,1.091935502001171,0.711974765729178,3
0.23530531531524795,0.7984326491859818,0.5627132956016457,0.8540621328234257,0.09679473096339154,0.9788518793116949,0.7017290608672718,0.8868590115228587,0.7051454981570408,0.8569293203715602,0
0.9656549864866122,0.9633477826956705,0.4244694653561114,0.6826167812655397,0.7813273189395535,0.7036822050875279,0.4624694175560423,0.1023551017291213,0.3557067427203385,0.47599378602667497,3
0.8576657172167184,0.15068258327559492,0.40554480815334454,0.8537131655905219,0.7157420789895746,0.7429234675602919,0.5884051802033993,0.6274067483865243,0.8400537563425505,0.7971827962030732,0
1.1606708923564848,0.2843878164069541,0.5333350087824853,0.7102085662931038,0.2174539157008555,0.33010884769392507,0.9710412779500888,0.5790299079632562,0.673046960227367,0.1677574439738977,1
0.5689256010595727,0.18784671466400882,0.7284779393984693,0.45601619309165786,1.1555964774434675,0.22596096296647977,1.0957000320353196,0.38071353174073574,1.126748619899889,-0.18185105014599634,3
0.29705312138110296,0.7901620263702365,0.620242108646443,1.2189437538695032,-0.14652730357252466,1.0739082266937232,0.5880893334071189,0.832844954738911,0.8494135696152962,0.5900664840291919,0
0.33442861694323256,0.6435185053931679,0.7084379779123573,0.6990938806883351,0.7952036778673948,0.55842342353037,0.705586925768946,0.8604261722149388,0.9464794956833021,0.6749109993806384,1
0.7799048028812271,-0.08569854143423822,0.32917794897373515,-0.011953578802405218,0.9696401438133275,0.6383150422791205,0.8822074168451006,0.23066922031271123,0.12287102229310407,0.3419860872261501,3
0.7676233476122574,0.7392356594971562,0.512933441930485,0.267069510467938,0.2125692930651494,0.7282598213806216,0.23250034665713712,0.7966648825683563,0.29075114167768723,0.6986271381497382,0
0.11606465206162633,-0.07216184763871589,0.6874961119061636,0.18916668989916197,0.36607118101596103,0.9168419927417716,0.012647044069693955,0.9029763228995454,0.18771278884135512,0.5394696194843187,3
0.807966196500514,-0.2587887377973372,0.42819234122377536,0.40443229170174144,1.4498709774930854,0.9835909453074865,0.10578463122967441,0.7912134536801325,0.7296533577260705,0.8619159380472674,0
0.15387243342102755,0.043306551327046035,0.6223872922004787,0.15028233634638843,0.24847003205231466,0.8242932622063308,0.05903326438815084,0.897732674003458,0.12373925920830077,0.6414629601421988,3
0.03907832102338578,0.843041317013531,-0.024665735947925992,0.5138696583258631,0.44368306680029984,0.7811055877765988,0.7103600712819402,0.7915873034425452,0.43002829214828153,0.5336745823629603,1
0.3774722191797814,0.590239145243785,0.1286082798123795,0.37883851079329245,0.9497671999015259,0.11221512799814987,0.040167430194705325,0.34387100086172,0.3334199583189019,0.21957693292571004,0
0.8301432960757591,0.7047793255227583,0.6502479163349972,-0.01475280041014801,0.9622669938518649,0.13595725646877305,0.22111782394688997,0.30273072888632924,0.897051532399509,0.912156734587405,3
1.3262522839950621,0.6617067018959638,0.21128129967176945,0.7577058312200997,0.8409477302467266,0.6962690689316406,1.105515304485039,0.8514536769831765,0.8582735414164833,0.37829427165806456,2
0.04398846795674494,0.8847552056916176,0.0878965660051055,0.6823684430445773,0.2843300966209314,0.7937109182459909,0.8063826673218285,0.6345695880870058,0.15490797176310095,0.4354347732532123,1
0.771807776943863,0.9940378596630015,0.39445984634257775,0.5856700005525273,0.7621613028712665,0.9533308553858503,0.6232294642714256,0.9714096856084906,0.7201428697522148,0.7801395073406024,2
0.6174259632971373,0.32849724548183135,0.5324711963191889,0.1994648566021944,0.5366944013027243,0.18395498780376576,1.0840983755474713,-0.23147808819077909,1.1674483536480773,0.24571060235396439,2
-0.047026110974828464,0.4091461929184873,0.49960873061483246,0.7290520655804381,1.059338517486352,0.32441093021093165,0.7603739160376826,-0.04334155088252559,0.7022937884782903,0.9166041931666271,1
0.3719416290882843,0.6140412915551812,1.0600109672906322,0.12838280347357456,0.6215960789840262,1.4694479677906087,0.7615443199526457,0.40523662387138276,-0.12168172511606512,0.07415181504056095,2
0.9915759044689624,0.9314284592918934,0.3913677165037753,0.6271818490279072,0.8030563094398653,0.7587857509702006,0.4244250048326498,0.1669823183776579,0.4147949852065457,0.5090825406319671,3
0.4531253363807223,0.6754829549490012,0.6800710583217754,0.6652239349738521,0.8525858333717251,0.519543786972288,0.6159451615589996,0.9210929724852679,0.8782665257668529,0.6981012724510522,1
0.4078945102726457,0.6774540484534216,0.6432594588481063,0.6316428757001727,0.8759774918092409,0.5485376510372961,0.613890951619506,0.90232095105933,0.9133451499548401,0.7171659558586394,1
0.6284573621775021,0.024297353622191598,0.3745184798549459,0.21756901039310345,0.5123192123785082,0.6806191277590408,0.7442768836655371,0.7610445735722762,0.14740173721196134,0.2684626490285969,3
0.7646909992928033,0.7959233812852401,0.7996268627211287,-0.04411209982289667,0.8461381064689995,0.21561310854024654,0.2962609211701721,0.14057501232933756,0.7929168405538273,0.9425546673961798,3
0.3133910315111373,0.9777816076968422,0.4149572525714778,0.3996954065284787,0.16490442945862382,0.6263088977837357,0.37175923879704226,0.5495850270999126,0.2837251700898487,0.5735540918773965,2
0.22204635851912835,0.6838923565281709,0.4247181118711318,1.1201038291035383,1.243219229110032,0.7707012327234317,0.04789208943407536,-0.04193272291590289,0.2420970233970833,0.157596688501269,2
0.24507645764499186,0.15426728545390941,0.09154812793820491,0.9708268102392105,0.3517614348435708,0.33292825401390463,0.39199124294590304,0.5299928631363034,0.43712923176879587,0.21892497553503198,0
-0.12796893977350848,0.3082255764614151,0.7412198201826907,0.9880444585532756,0.9827002922155464,0.27086555547176805,0.9779789148116733,0.21457881657983263,0.7231914281121854,0.708243296904818,1
1.0059425875590369,0.06180041793008721,0.8054503777165658,0.9507277015248866,0.7395324553782129,0.2844575329370091,0.5305851496675427,0.3045886095210172,0.4684481576779301,0.6178973989438226,0
0.8544724268630163,0.7762219725888082,0.7505806968176217,0.07514829549279142,0.9022395660129368,0.15332609324843657,0.1967724231653703,0.23154957315627234,0.829022952330064,0.9427176117543521,3
0.6546952358999947,0.5195940767870768,0.9269729414446793,0.4605851127405294,0.9933448461672844,0.3570350095518686,0.8675650209113116,0.445515582208884,0.8498648656276478,0.12622200462347366,3
0.5897106407159729,0.7610579720347307,0.3646647100569085,0.09044348714869463,0.8988536420298129,0.4408451937840653,0.8946093247073506,0.7551185698805041,0.7069848865292273,0.7016115566244182,1
0.09864160285209679,0.5192931645645944,0.24244280907607657,0.4971218951809883,0.4016981392228327,0.38504971727708154,0.08813731201428063,0.7704462646476294,0.07813499614699426,0.5644729648569379,0
0.4166963785646158,0.3817570526983103,0.008305238320130685,0.49969226879562145,0.48550479872998265,0.6541356847828179,0.6263792512816037,0.147634428117621,0.8132967148786924,0.11004987414495612,0
0.3561685710047952,0.9091822865742448,-0.12134785931399064,0.40537156117460893,0.06398947089876966,0.8539177408554139,0.9217109724945969,1.0691159401498083,0.6675608835420019,0.5154730761962986,1
0.017040411436099454,0.3015835385149933,0.7932180811501465,0.7941665539060825,0.35786096967179276,0.48240340448629127,0.5646516842361023,0.4427081085744272,0.5096796803441914,0.4587396062056798,0
1.0005839141715906,0.5267439878858322,0.7336706944201352,0.5304740723770242,0.8904622494033979,0.3756371725921071,0.3580002155924195,0.627780879388782,0.40298100486796096,0.5726759389501679,0
0.2972271579084506,0.10955317761084993,0.6880197131092439,0.22152648977607822,0.3307028724862554,0.9893636759062945,0.07483880734761426,0.8634604234336704,0.2407560091375589,0.611890239703422,3
0.6324821357259447,0.4988384811360329,1.0050072699112034,0.45425675082637856,0.9179451231971522,0.48284939986506653,1.0394285144008768,0.24351141994471143,0.8505918256837818,0.20389486178979255,3
0.1100603175979603,0.870804177756001,1.0461705760801592,0.3519894745897657,0.5896204127905265,0.18460794613001053,0.38554477479054033,0.016025764677162685,0.9829406442590816,0.09869990912788629,1
0.2016557355041397,0.8781248691624628,-0.05062406303514256,0.7078532360364387,0.3910445103948405,0.7750551556419775,0.6744906456086084,0.5881071383912773,0.3959212063432852,0.6437870109466287,1
0.22435470735738533,-0.014761757841072767,0.6120430971905588,0.2933421996429456,0.26595224516986643,0.9341540362967857,0.01699513640937117,0.9222221205022126,0.25697647450422295,0.578654439772169,3
0.2995853493835031,0.7067373123225079,0.6947368828040343,0.3699506854589496,0.8674337482030879,0.5487023801220773,0.556994419935156,0.5717419921052228,0.2094340626040131,0.07370119251796288,0
1.074556362155597,0.3886439251311504,0.07027756092468102,0.23056959448458364,0.013705243560921745,0.8195601620846229,0.44058723149314427,0.5632035538541413,0.3229314457884413,0.7368526620223547,0
0.19826091899489198,0.514965161075577,-0.09061901545775072,0.23526867218946598,1.1841710225558941,-0.12124703908018392,0.380754033842601,0.2476632637803442,0.6699497382270565,0.35956470937150276,0
0.4630506430476022,0.6187142009270546,0.6956389428184161,0.6283105090316425,0.8358797188777138,0.48574231266760964,0.6455173303561589,0.8780853648226397,0.9395576506388372,0.7042941258133772,1
0.5899131267905265,0.7547678127283405,0.356581025122545,0.0852519195382635,0.9039958153489629,0.448127057384526,0.8943569303042792,0.7558773029857936,0.7075007509798964,0.7022916670817625,1
0.44259606997685175,1.129812072945329,1.4731229568388358,0.3762871236961953,0.14149548284630728,0.9080560168666135,1.0555076276382847,0.9176417496261112,1.3488127423300895,0.5647266825948581,0
0.9049812233972545,0.4413966052130819,0.6447999692134261,0.8110831604408847,0.8981434067591134,0.2867817822129329,1.0080933233036378,0.6228983395636186,0.8315334244753749,0.9144569521226805,0
0.23062412047702968,0.6402521653386422,0.21655325285777038,0.5109382769363593,0.590309179026778,0.48553666575570087,0.3766444772747791,0.15766526502958914,0.06346348360773024,0.6050602774875696,0
1.0549154267902816,0.5509936679574918,0.824665378736485,0.5650930720512674,0.9482417839984081,0.3390125609628306,0.27762271638756175,0.6647787366819023,0.38955036810694765,0.6767689795339474,0
0.8877176692760762,0.7799175456723767,0.757807475259897,0.06042761704570264,0.9297959239000727,0.2401674529121145,0.10651572008963485,0.20338992626365887,0.7300860758856271,0.9510982848319547,3
0.9110518884760496,0.4473693904958058,0.10491793841813069,0.42206732400323166,0.10890874760189495,1.0025487665791393,0.6221024796676369,0.3227622549051154,0.5641151493752422,0.879292840331671,0
1.0093401699006213,0.5270903827055775,0.48651958831725073,0.7502736897935216,-0.09385254601665088,0.4129917965429156,0.9678696741872076,0.4483330549949005,0.41227286123068196,0.31102760951252884,1
0.08824515633925505,0.41480927082430374,0.5991971357131758,0.6541808335272435,0.9948353223864984,0.33137624599525956,0.6505056281964308,0.03331917282967645,0.6845197722071249,0.9198511023419287,1
0.6054445974700953,0.4893689751243128,0.6576027978046427,0.250132107276858,0.6224850244394605,0.6317779431402444,0.3818385289365726,0.8258431808638051,0.7736723844832969,0.3291237268816053,2
-0.04777738050930595,0.3547139574636008,0.571876744266424,0.6326483915171345,0.9550863885643376,0.34043725053832397,0.6136398619747544,0.0945613230697123,0.6948605872704343,0.921937311040635,1
0.44468784087155905,0.30974299582083675,0.4677766769212598,0.1901521606019604,0.852051806885508,0.3291179274978075,0.7469662397413219,0.7997807576474955,0.8302097899390446,0.8192292916514035,0
-0.28863181712638497,0.9238983928633929,0.4202540601516111,1.2321274957723143,0.6833798865860947,0.29588545079148176,0.6830999069167091,0.8351080602129223,0.5886567163298635,-0.059185845382850544,2
1.6447426841748323,0.5084592973954072,1.1158330250308124,0.984385585731134,0.7488824867658773,0.15455127283156717,1.2163248252775083,0.4153193685849189,1.4483568599048577,0.7981245752760754,0
0.12421599072154504,0.9309440667576302,0.014933644893748647,0.6202711238556313,0.36043422532576924,0.6917830061561444,0.6502943736433089,0.6975774041804386,0.33969581475777477,0.531780783766689,1
0.43954990687142914,0.6371498733953515,0.6831762144654832,0.6736825021870058,0.810626866822736,0.5055215890166299,0.5989491601253706,0.9090667175017808,0.849836810527403,0.7022569765973207,1
0.06706434713292682,0.1572681213942752,0.41491269325624214,0.19778997503749318,0.1305512522383127,0.317194966050385,0.6634347877662025,0.7645532385631293,0.7667006134602093,0.4551853174428487,0
0.11539052024480327,0.4010015273483272,0.447892011370182,0.5805015611613918,0.909691669814463,0.18822841131288715,0.7139707837908434,-0.0722985415713027,0.6360888990740202,0.9910542898520635,1
0.25819375905987263,0.05511212537665381,0.6639769637236222,0.25575563455843475,0.3094149441607477,0.9375116831762238,0.0899241821092725,0.9018614101895737,0.19082134891724853,0.5501211894979606,3
0.3122217151407395,0.9689705618429773,0.4123634540815944,0.4002245535333429,0.1665355045706218,0.6233027063343096,0.37091134998291064,0.5560007104169886,0.28706041429874646,0.569091498193435,2
0.1869533388110082,0.6072133480019305,0.3789485774551703,0.4649366451849285,0.43540396159479255,0.4456844547107172,0.22022877106518554,0.7418095471143134,0.029380097132909715,0.4782838462797273,0
0.165662389760437,0.5909371184050718,0.3684992568706834,0.43508795586596005,0.39739662459080594,0.4147918346346345,0.22013728393296678,0.7276118922179136,0.03342136081716864,0.47414294327295475,0
0.1273858664040411,0.4905535358315696,-0.09567908618135956,0.5476433445865263,-0.0457199378252697,1.5229169690576025,0.2979185071111695,0.6989389389453405,0.2181021475771554,1.1918745748918802,0
0.5894122468682673,0.7774819333343443,0.34831111610065363,0.09298260168414392,0.912156664712284,0.4536617923414455,0.8889642033700724,0.7724219670278737,0.7048910475572382,0.6999669262272786,1
0.33074914146015943,0.27796162900184535,0.28844833734138536,0.6101920772289182,0.5515715031890502,0.6089748348962103,-0.030241860003116017,0.7010561799319883,0.6958800729717961,0.874066239399526,3
0.4378419271381557,-0.013234569788832501,0.8820214446897032,-0.06505880751832455,0.9497578296630571,0.8791920271664158,1.089652950379224,0.8391504903922602,0.8844985224682316,0.501824512958457,3
0.04270864129200255,0.8646899370131689,0.4343030839313358,0.3364872145122778,0.6991227190551766,0.2572755589103245,0.6584973436726345,0.20364302575324988,0.7689784903843441,0.26147142235423315,1
0.610654791387107,0.5077052888159403,0.6851703664129348,0.2386822968669514,0.5901281434313285,0.6189302568946214,0.34181273803406376,0.7957229574394776,0.7953707718644264,0.37433916594675476,2
0.7025115891652395,0.8212521198040139,0.9239685914802278,0.2937650134563704,0.7326952387438163,1.1509602500796685,0.16366254539271366,0.5576290543422552,0.36700272308743764,0.5932019398917118,2
0.2619267359117275,0.3463091460919745,0.5995471897644654,0.42037021932575724,0.6827128433292121,0.5079991348555205,0.7727828147700295,0.9789048334516434,0.5900358386058566,0.45847610270745365,0
0.18189546291373393,0.843535397793924,0.08959232151729524,0.7193288471483591,0.303913905617232,0.7373163770894812,0.5445058734702227,0.7706423217022239,0.3716820376874915,0.44446982647315936,1
1.1814504640730756,-0.23026466406483148,0.06736484581536772,0.5030615605229349,1.073892095774341,0.30319448318590214,0.9647974304828274,0.9289623658928965,0.7436849593206152,0.8728924040696872,0
1.167195565388894,-0.21007699182468192,0.43729797211660504,1.0365533587690576,0.42874533767375594,0.07132192109161492,0.6355190636260974,0.7452731380612296,0.6437958954096071,0.7265984306499342,0
0.3589070059912885,0.8504221144999597,0.14870365727181645,0.589093047349077,1.5378646864048915,0.9654784157278996,0.3270411983551566,0.807805110023313,-0.1434957939051742,0.8725236248897795,2
0.14006550286997932,0.19978751330194774,0.2908716026976132,0.13011126005359658,0.6873438767352591,0.6581709181054414,0.6679698971181356,0.9477418619880725,0.7466813605941051,0.6736789629998488,0
0.8123883225826194,0.2790271806141259,0.6372184729274377,0.9195569115365704,0.3262414562748378,0.8970932473270844,0.8506929049152246,0.26203405226651905,0.7739735211487724,0.07959843449716218,0
0.4783846003643136,1.0067686482351035,0.2740768771488642,0.7351291294800869,0.4125601466296715,0.8039976597695444,0.6897226724980552,0.4588785641714811,1.128400099937484,1.2682368141226554,0
0.24212305933906778,0.07479894017783233,0.969486779076681,-0.31525728080184456,1.2135596003713836,0.31139865219028423,0.5497710323816685,1.1942388597758393,0.8086028030309208,0.8019290286077617,3
0.2506213413891306,0.15784598275996353,0.09332614819089742,0.9706289212282424,0.3482059163752153,0.33801881787444343,0.3940798335509085,0.531515863037036,0.4354550112323341,0.2150012760042754,0
0.545041505554015,0.5146685439053088,0.5773199055544346,0.8093502553487952,0.15684755535789766,0.9459538873338803,0.6011243145553624,0.5712934598711041,1.1179243128747955,0.5724213437923822,0
0.3030607321560436,0.44072887978715225,0.11133959360955192,0.4861159219419477,0.5249331899116487,0.6882362488708049,0.5320419336214723,0.23785227894960081,0.8442821395776727,0.30857212118028965,0
0.10288573691462802,0.14353675862819706,0.6771546604436475,0.6562657723440516,0.24908374583186219,0.49651652467187757,0.5463874380863983,0.32959270200102747,0.5364940544859241,0.3953774003575044,0
0.47774013773632107,0.23096159803339905,0.5197195819405909,0.7165389271115473,0.47218486540947524,0.5024030224943978,0.2123398901556438,0.6815805955955687,0.8170118083545137,0.808594025321723,3
0.027890016762920765,0.408133369504768,0.533606339651002,0.6909427038229355,0.9741548257950109,0.2710227206187479,0.6474856281317207,0.045507054688547446,0.6308322034815489,0.8731931880343375,1
1.0508803702033813,0.4898308316292488,-0.03674133447670401,0.33383528709745686,0.14621168683554706,0.9641655435750532,0.33241872842170594,0.4838343697731507,0.4209082305198466,0.7514500723133488,0
0.24927000480984984,0.1568799974070417,0.09198457839927704,0.9693150612289997,0.34794850927552323,0.33678033820514963,0.395586024827575,0.5321298939200786,0.4355530654690883,0.2146031510546418,0
0.5867012399985785,0.497579561653476,0.8585692999754877,0.8934185595843808,0.8159301251219168,0.9425114275553459,0.22186813201448685,0.42435542121191205,0.49071602492459904,0.7266700869195388,3
0.8632996247307764,0.14741478565664515,0.41297048512652773,0.8528327943445511,0.7257005362109421,0.7304924045938539,0.5979838651865932,0.6359237427977058,0.8288329135063623,0.7980578338672418,0
0.5212904869731211,0.4150658564723533,1.0358347656913875,0.4780695953846336,0.9154244843446537,0.4593542600419384,0.8882137215480327,0.46041568400449984,0.792847858832979,0.32352225268592405,3
0.24223451965374898,0.2618936014258612,0.7029152705071521,0.46762017934621003,0.43970323698789066,0.3157795671994005,0.5510356343632244,0.22433146731932274,0.6925219173107663,0.5212750734061073,0
0.6923508396390224,0.8021019423398547,0.3767051205842237,0.3862982869265354,0.12093158569388288,0.7934881525330325,0.20517379566798014,0.8749059782112186,0.22963452833879805,0.65399611143107,0
0.14351691748499712,0.07725314302146606,0.2834483007993998,0.30146292768884303,0.7626185844924451,0.5240892409499438,0.5191552093303602,0.9385737816221652,0.6606621094696591,0.5617171191903771,0
0.30944219361729675,0.9694605683708738,0.4103589248924976,0.40226989633575083,0.16530618156081073,0.623913212138824,0.3700337980850836,0.5557816697674899,0.28583187183995973,0.5684838691209202,2
-0.038426647869181624,1.0338780428201202,0.9404275303631705,0.29986483592502017,0.805946138685122,0.21095758340761753,0.3223334994251592,0.02175286515059415,0.839962058000063,0.1949473237768121,1
0.10843994327748495,-0.007222947721343371,0.473218777703181,0.35017183702455995,0.2116628079427292,0.6249779494768196,0.6137568391386093,0.41239733515003135,0.43019411699213705,0.29551013061949977,2
0.23338358100831633,0.39555437837984697,0.7942973132579558,0.26095106254939804,1.0078279071377059,0.9556943664791531,1.1043910191126338,0.9530519370791448,1.0162302474690277,0.41633176081749945,3
0.13611544877129586,0.8970690624697337,0.5916897528898253,0.6684980329415652,0.01339896942925127,0.5979919339842524,1.0858256687979662,1.0002935079305688,0.7034434268825666,1.0499464281475408,0
0.23971213320395016,0.9245088836568702,0.8433924822909392,0.7838016737907353,0.36214067985309145,1.0602998106768533,0.7114887880046713,0.8024553786514615,0.4634150029360004,0.6773509687409879,0
-0.047760658501491485,0.7384415714246156,0.5557463136636648,0.36870610376952956,0.6981635164565739,0.09694613213954836,0.7498398765079627,0.10600820947543847,0.8179508847393088,0.4018857482532492,1
0.06518641260459583,0.10067826396612051,0.6739482285203359,0.6748267452343253,0.27417914077505234,0.4683378966903752,0.43734970323378647,0.33504299208126553,0.548707508932119,0.40808783137062576,0
0.20043556835690493,0.37039256900032413,1.0118264607251766,-0.22170071116340406,0.9067191526451718,0.5192047708086828,1.1870824290450708,1.041835414488833,0.8590050756411719,0.5121594555419684,3
0.19855018133565952,0.6852729600426455,-0.03183714491250113,0.5510972190611114,0.5373657189405647,0.5302660393025763,0.4321256582518963,0.5111398225111619,0.39615812483297297,0.764506924150563,1
0.6419863158650094,0.5205162030511312,0.6367915923361034,0.21780835779799096,0.6979321871910013,0.692786788848036,0.45147210343636907,0.7732890144951617,0.8706308154744321,0.35277189324661745,2
0.4944136279620489,0.8179265479703912,0.38675899835146144,0.17438982970974581,0.8115371319202578,0.06664239338245764,0.07453446039473813,0.7030801754066882,0.38146981675060443,0.46803307805350014,0
0.5957468578672669,0.5261531588219831,0.7900134549714495,0.18511055340895338,1.095956530986143,0.8150626969770733,0.5222413757884045,0.32839665426216635,0.22593236761349567,-0.2799597977798274,0
1.0205325294658176,0.5413372171417702,0.8118065619474595,0.9084388567093388,0.7784464000224409,0.24715352759520395,0.816650235187501,0.6834405223789075,0.8057678550119248,0.8963054486090081,0
0.9433387544915524,0.5899372482006284,0.5487212770914728,0.6592948688706792,1.0046363407396672,0.4527292077987607,0.3341459523478585,0.5459275962846944,0.23502155180182174,0.41474359006846784,0
0.7580926483586662,0.4952588854695759,0.8476647056251316,0.4874776612300055,1.1109757364949524,0.38678863059806196,1.0309813486046897,0.41485859619826515,0.8097799944004408,0.3298590438277109,3
0.12514096078865117,0.06112779347771312,0.2428089852831108,0.22922737885764694,0.798035871646268,0.5133843998920726,0.5686654389111079,0.8965166251276709,0.7001726945748435,0.5808418262455532,0
0.06777412411999775,0.8554044354122166,0.4530043427420655,0.33382301416488314,0.6836691112909367,0.2427118489681962,0.6443866156411805,0.21484328065271846,0.7769881661738589,0.26791755897371905,1
0.959633172427209,0.19951235738142153,0.7947207999484261,0.7640116174374132,0.7477408710660416,0.3837264072149797,0.44607128161236326,0.447312368119978,0.567681342852664,0.6367167107436292,0
0.5726328598885589,0.7398364426747518,0.37025162821538676,0.0724063631171249,0.9071851658052549,0.4447558445359667,0.89094806306153,0.7627296643560245,0.705011141832861,0.7173004459827665,1
0.9766924763998388,0.966885515553993,0.40904904583759516,0.6658471316298441,0.7808996224923916,0.7120407403051803,0.3981136746458266,0.13711206912624893,0.4155237371614846,0.48200481100248527,3
0.2217424296513676,0.5876751263898601,0.579309202225325,-0.14004869846083134,-0.03976453141931713,0.6212785008626249,0.4910611395024069,0.1227873989238189,0.2298606974932233,0.7280743150785074,2
0.24567147218003046,0.16837169721785608,0.08992112913181988,0.9766469970474657,0.34388439906970947,0.3324633027526144,0.38566786734124164,0.5264214723636518,0.4274462412121576,0.22329963608545,0
0.6066891838163828,0.08862870553865712,0.8821028509689324,0.6399203213861262,0.7283491562698904,0.2362402652524133,0.20174436238975046,0.3769051347366309,0.42558181845862064,1.121477324367607,0
0.25085039550617405,0.051436615544297286,0.660531586623734,0.25449767994804834,0.31332559440368346,0.9343851065655727,0.09084710992773976,0.8960761571238567,0.19933437674225882,0.5558262267562136,3
0.49893324718217597,0.8592349172436881,1.0277393185653807,0.09739012380667689,0.16590633383024178,0.8700276968636151,0.6761600057231119,0.41889931994143603,0.17960793836776984,0.5742098318854207,1
0.7603078847678026,0.6722216681727721,0.733164936001617,0.45931633450220744,0.8566220419703803,0.9432441646113049,0.3841749461490174,0.32022370671427497,0.16623412473567026,0.3764862125077784,2
0.14747550623474792,0.26984085639375954,0.48095046937318253,1.1431587735773454,0.6177601387782987,0.4410761490747961,1.033976595083822,1.0083456339757475,0.5048677472042667,0.8346171676586348,0
0.021605072449804457,0.38792789340029066,0.4974736765057327,0.7329791764541392,0.9165423242670363,0.2413688827290835,0.7212260446182891,-0.015888727626677042,0.696156362190031,0.8532490976926503,1
0.11646278280389069,0.5577630237603642,0.45929407075672257,0.5553382485154474,0.3401901296670595,0.31892502879791557,0.3032322174630194,0.669293172747431,-0.018240307661722237,0.39208687373300005,0
-0.11794826383837681,0.770810177900754,-0.23783109309547373,-0.13860453451370525,1.132319822720983,-0.10300137431341277,0.287229291050552,0.7860525106203295,-0.05764709864123929,-0.2693189763171051,0
0.4984688097603033,0.28060579119099466,0.3365267674129031,0.3025982905738899,0.2919712323753336,0.8256654592100429,0.7122799919262354,0.9477320689699654,0.2771315120593808,0.32484685322535634,3
0.029941449116632362,0.39733840695410894,0.550596349758648,0.6876643222704258,0.9699773052195522,0.27223058632426583,0.659849987041335,0.030083592409349342,0.6353168412064845,0.8935433269269879,1
0.2305678234468743,0.42901820306140187,0.4738420755870646,0.8627098556911891,1.1237324635314065,0.3292907068938211,0.584655876007475,-0.0071035468403211,0.6897808592475986,1.0154555356979869,1
0.6147853298153599,0.8956019413010661,0.03651677020931075,0.4470732598513648,0.7115711845795626,-0.34575775160520517,0.40864906423145786,0.2582485613445556,0.07602156671356225,0.15156994851115227,0
0.6259623423915138,0.39799245745105527,0.9672862486763053,0.4409963051040963,0.979526894481726,0.4299630748901281,0.9704391292137401,0.3412551480084301,0.861345149385936,0.17848633963451443,3
-0.015761317637080628,0.9577097551081941,1.016769509088057,0.28349141331433086,0.7392435000536554,0.20774373015203107,0.3973906273313558,0.08337920144795506,0.9389738382554252,0.148014939377511,1
0.46454879122549325,0.730276827267977,0.6801624937036328,0.7043283864129833,0.8830780059741022,0.5419136659102463,0.6490149889736148,0.842959536005373,0.8018514012755618,0.7335213969550011,1
0.5787699557624685,0.5555736950599256,1.23195850563207,0.8335508864624067,0.43478597727549007,0.495712533769177,0.2808692387477999,-0.02877381131000678,0.9260602080482947,0.4919529072703054,0
0.2244138658510995,0.2615387801543102,0.2006817047641842,0.3468482984101975,0.6533781333985166,0.7095489853116335,0.5287939887292459,0.15535379529243903,0.6214995429170129,0.22619770289661884,0
0.3101504638443079,0.9689879054983296,0.4106175165101479,0.40183658956439566,0.16546515842691883,0.6256337813600656,0.36744567289275865,0.5586485865278092,0.2880972016921736,0.5674749039256164,2
0.7454148065573073,0.6524512706565291,0.7312378013776777,0.4447435317475899,0.8659112643975613,0.9590689615694409,0.39168072903576623,0.29716732158273446,0.18216118548666652,0.3802566860162091,2
0.4521965203797049,0.2556250263076761,0.2068097956576768,0.4355553431803518,0.4780371181804659,0.9360138077874395,0.7953676584453352,1.1557924953331824,0.30383218810769014,0.3380560710114124,3
0.8376746795063774,0.7674133281827591,0.7393273952681201,0.07832569144667352,0.9004578429975728,0.1350528127684116,0.17628763406323306,0.22290112877469345,0.8445362662631981,0.9410966582944224,3
0.5335110536535663,0.0777036869157996,0.8098615955816415,0.09653212277714385,0.758896495020285,0.9399580015455743,0.8400500564302544,1.1537228978189893,0.8264013665206328,0.501639911178304,3
0.6455320952902597,1.050523924326789,0.3481737065744608,0.3514574046382149,0.8621938320531816,0.1500586150147446,1.0239203617314034,0.6143911428771826,0.6219354870413285,0.968294042815116,1
0.004585632684043051,0.3438879019744356,0.531213428372332,0.6292254121582657,0.9232930558482836,0.26375894837728076,0.6209212467741535,0.0205740014885226,0.682029093964302,0.8888476647937422,1
0.30450514772578985,0.9693639948979091,0.4046239849398358,0.3974329390568003,0.16596554313486864,0.6223472805538194,0.36842136256928654,0.5572236399072471,0.28868697583536607,0.572138094621125,2
0.6953184675709878,0.5365855439866122,0.792392376676327,0.42588294635052837,1.0343794588162334,0.5458433785537944,1.0291434194777267,0.27920775351233784,0.816279483759753,0.16917994594799207,3
0.30860761674762094,0.9713342705055686,0.41174720045708213,0.4037818772359377,0.16742042558701323,0.6212792184496994,0.3710080355716297,0.5558330637380675,0.28812203723842744,0.5681189076667635,2
-0.011840514547335673,0.965640235977643,0.3511674873075843,0.8253310479322495,0.9108936915714929,0.5805220774745052,0.9950597243644645,0.6279158846795444,0.24462274287169947,0.12020012342390501,2
0.3099972228997577,0.9705471017168699,0.4095741151045079,0.40262854355973055,0.16474951408039593,0.6244407588540871,0.3697927416205267,0.5569585778998062,0.28608636300786633,0.568102974047294,2
0.24595491613329853,-0.18007465038874093,0.2648782189237408,-0.022808634691998064,0.26687995288863386,0.2166291638514783,0.7663351396087763,0.7163762655048036,0.449187285207471,0.8329764492815606,0
0.12338287338087849,1.064201213374537,-0.1970857769820266,0.8669353075816454,0.5100860308227557,0.48435735848177525,0.3588153725596184,0.6734892993729755,0.27605596858346193,0.35879314255648254,1
0.10597616178367888,0.8595178779203685,0.4923281282501969,0.2983262545602131,0.655985122346138,0.24504510768940602,0.6018198807957246,0.18035732424129264,0.8140081794823588,0.24840682268882347,1
0.06935438200158761,0.026870944879124545,0.4797586991832552,0.4066963852265112,0.173579882275281,0.593981674012844,0.6223117933590269,0.356039052699195,0.4783744419233882,0.23416073281842176,2
0.6157562314145246,-0.2029742979241574,0.1765573247077164,-0.0006481581396214353,0.4261666775209505,0.1343686366222021,0.4988466415232647,0.41416680139150425,0.7498348996503047,0.33087653247844084,2
0.8705919515934453,0.0853573848621458,0.18564813129871308,0.4367485073297812,0.47556669878570834,0.5784505685225253,0.7164073796588039,0.7592188735974321,0.7656017249467939,0.2470171836900864,2
0.4433153739412852,1.0345751687063836,-0.1473047213657533,0.1926271414338753,1.1056549687660109,0.4055644629294039,0.4418991267589936,0.6248330271065677,0.26583189513198746,-0.0706337944608933,0
0.5197847143074561,0.985973906081957,1.3219136392925819,1.6704902739420757,1.5771162985237053,0.907638846188678,0.5908982932620838,0.13002792345519004,0.08516946272881004,0.7131242654957625,0
0.27023763627247566,0.036763216517797154,0.6368905079725938,0.20959602761634566,0.315790384207391,0.976302076852506,0.09758413819030463,0.9067574225258521,0.22883124657861423,0.5466235666626313,3
0.2351634052608444,0.6535613194948361,0.44484695072470115,0.8465079639895713,0.07003342381266783,0.8064865234402411,0.8347624936218514,0.7860919710692994,0.675834111658419,0.7623475366177997,0
0.21207388645784137,0.6573498690079715,0.5152723422479215,0.9067978657143884,0.031045561804025207,1.1087028435595652,0.6397806966149117,0.9443832202985802,0.8133477135233803,0.7017082238656445,0
0.5914631061389897,0.45756156780335666,0.661163815043062,0.25133127663532273,0.5920427333781185,0.5978628683405384,0.34450789391820874,0.7929718608952142,0.7857041518127629,0.37558734395672916,2
0.7457133128688525,0.14132993209388744,0.37095605379568725,0.06958925691491093,0.9129958030870186,0.4805658293422218,1.1005733136131017,0.12171665199457296,0.2522508332493446,0.290164641253417,3
0.2530178633316542,0.333286505540004,0.12872954470483944,0.38747266324836815,0.4157914424425509,0.5454252939794126,0.6605037501910754,1.1186583306745503,0.09587059915555513,0.37237284375076696,3
0.970521229778568,0.1762911335336864,0.3279903810871565,0.8523662610941452,-0.050220013101914984,0.17559437082833745,0.7264697595750721,0.30231327736168234,0.5108499710947147,0.34998797651594216,1
0.5370123315254614,0.5764844348366042,0.6661581506888817,0.40392779083133257,0.4670224477803132,0.8394955697057678,0.13911960438452342,0.33046983697757376,-0.20409691312540695,0.42736904953044397,2
0.9734045249512626,0.5102393894567178,0.6585976288894304,0.7330693589223082,0.8678652583834282,0.23475476913817483,0.911912109098005,0.6268500419442362,0.897325168605315,0.8563415568416225,0
0.8560559109112794,0.14418164952492998,0.40677876933184576,0.8601452958752706,0.7244939962772974,0.7350033877943725,0.5987309104350149,0.6315172883252161,0.8348373190461614,0.7995579798639986,0
0.053762656432072994,0.7990042953957506,0.2204461609292785,0.5550630273767907,0.2636114021027334,0.9431514158593276,0.545162082350426,0.8443280353324532,0.3321715005774287,0.7768809181666234,1
0.7460909179514957,0.6320890074082834,0.6615122291377866,0.2767890879695959,1.0150364411109392,1.164915355835956,0.4360995714652529,0.4643402737306904,0.25080500150691276,0.25017410216254515,2
0.7307457757355074,0.38395616433145546,0.8718575412125193,0.5460704025757863,1.0819071663597395,0.5474193094474162,1.0511595928259159,0.4324472776547388,0.9591191624323203,0.17620222450981707,3
0.3643812632327124,0.5596968353513629,0.15359228831535177,0.36969087975823534,0.9451055099830244,0.13323698680172552,0.044294176530173986,0.34498945961132443,0.3521168643268552,0.234967221186146,0
1.061138321825246,1.023954203289685,0.580024050893473,0.547833398898639,0.5827809806855373,0.8219195682899088,0.6549220382085548,0.5784008750316689,0.13335999964667333,0.41356503741617157,2
0.9365042694832797,0.12576469531792142,0.8447980125844686,0.8757434023856605,0.7470797815199783,0.31516881878444575,0.4683426956996904,0.4123275342523079,0.47180471437794075,0.6367744033749475,0
0.17873364977490758,0.8882682626893958,0.4674252932105211,0.9371581373226046,0.14505661333645242,0.9517747278579043,0.7468965220332829,0.8876431396488157,0.6299846181340586,0.8331607343115589,0
0.5331795533408216,-0.5137850496656883,-0.07673305215115356,0.028494449630851404,0.15383148229822602,0.131722237276634,0.4617496104020764,0.1976105205435329,1.003715902233211,0.6990910266393211,0
0.8833832931732637,0.31983477786556685,0.5507413257964295,0.5698164872423808,0.4538458276822827,0.793995068461955,0.876284924513878,0.4457613407785802,0.34880523818607073,0.9832090917315185,0
0.6378097824639684,0.45601510967464737,0.9185067699906929,0.48409567107507445,0.9927256561114106,0.4689075644903655,0.9768198647719658,0.33640543671177164,0.8602630098091558,0.18931487380119777,3
0.25086487151448844,0.05612878125226901,0.6504862853007017,0.26328038098014933,0.30452693087058974,0.9535025173146019,0.10067845766919781,0.9005738429214261,0.19602542973152948,0.5429116453136094,3
0.4488991233394433,0.6743330172357712,0.6742968413443331,0.6732030751082796,0.8479860587398942,0.5261801881322017,0.6181541225017151,0.9230453758663224,0.8801322266107576,0.6976724759832866,1
0.6844807798734677,0.6261695347087907,0.6205260476093679,0.22586313448256226,0.5019427564773243,0.6784734355442641,0.28761541669405083,0.8669848882375739,0.8684088009719734,0.31318255255146993,2
0.8388635010865152,0.6174356149086078,0.28557466626663325,0.2279026514322721,0.7199059692816006,0.4432992423471004,0.8789009289240035,0.5473615433956176,0.14581781454366533,0.9961695708055902,2
0.4250843334826789,0.6347858381780669,0.5737994315948136,0.15093192820581638,0.23524199128954904,0.4143382562167915,0.02211949860623669,0.84105193894905,0.7579280242906147,0.15507602597488646,3
0.8556025503951938,0.14831745114816838,0.40109630803005264,0.862827574315038,0.7274568970989597,0.7532857102746527,0.6112021881661828,0.655847527203023,0.839585518424305,0.7919390838762941,0
0.3526197010888484,0.2126577324306575,0.25824228668610855,0.49843638240153776,0.18898144086775615,0.6929980341612056,0.46008667274983184,0.8410457719693618,0.3696253156531313,0.5632713549894073,3
0.2506587757229265,1.0032717718018407,0.5613635753368191,0.898849295084684,0.2560335147986329,0.7171951403697348,0.40851608311620596,0.04553717010811227,0.5782151856734248,0.5404828325535997,2
0.40298180873124695,0.1367200034439526,0.8366054024321529,0.022432530491763192,0.9460677973949834,0.7523878697932026,0.9695746576415079,0.9148758549113539,0.8557074104888235,0.37496712783746405,3
-0.08861863446327164,0.3502127314921635,0.6023629402287078,0.8221892810105417,0.823271986985709,0.4187953497103373,0.6350287819959117,0.13764669927491913,0.5752562567963961,0.9851836553564229,1
0.9388684489736706,-0.10012892152437658,0.44750559450780936,0.25432231492632607,0.8836487303777875,0.5575016937175438,0.8396547558003453,0.11847090077104766,0.014840762979870664,0.3709781549153507,3
0.8687414630576391,0.07014501188459649,0.3655439797525472,0.11317980403828418,0.8160549429169387,0.6370305867970283,0.9939687104603886,0.06553373049066007,0.20895669380726506,0.4417250414991435,3
0.8823419351487508,0.11305963551258469,0.3718303213827971,0.08638505229842756,0.8189354641351081,0.5816244997682581,0.9890318115888097,0.033799240763651074,0.2298881881576158,0.45975991035757063,3
0.10480148348964874,0.12135224943757295,0.27042177422588803,0.28059869590632747,0.8036884418894131,0.4796426725952394,0.5558922334319024,0.9119658849821081,0.6727572455422453,0.5915869180221112,0
1.0284892352928092,0.9335922289234804,1.2295897819122503,0.1538068404230461,0.3485045581454582,0.5152087778941514,0.4098138673603956,-0.19656848144711153,-0.26898221826618945,0.8912894866802422,2
-0.0743079087647679,1.0514209494271132,-0.7410859591534146,1.576109777566179,1.223778580452565,-0.2509208585089908,0.3463775695343053,-0.9643962988196473,0.22827683442412583,0.7812844501537588,2
0.39347199937451904,0.35076292071273873,0.3466048534008238,0.2015044419802713,0.06765230424538177,0.798521850903076,0.6441811445908409,0.8920126714963715,0.09052713124128231,0.18269357384080254,3
0.3115751238521432,0.9716674105399831,0.40756093817709677,0.40530669913310463,0.16847846937281105,0.6224863138433788,0.3724065742884707,0.5585803188282599,0.28916351335041585,0.5693022565919414,2
0.5999153040435841,-0.20450378049609416,0.16089051152628886,0.22429517547876776,0.04489303709014664,0.26063648946546086,0.47267805828507004,0.11311118369396111,0.807935448995946,0.498753271549236,2
0.8701081819237341,0.45870566363430176,0.6338507106570185,0.8167180642604056,0.956825491682134,0.3136569076222848,0.8630777321251022,0.5267325252790541,0.9236861820665384,0.8267463314433724,0
0.5311504421043479,0.816632743480187,0.40247530639590856,0.10685273551472534,0.8978566325722677,0.5004419273957665,0.8931602239535907,0.7259209968679341,0.6763145746171262,0.6807507408121061,1
0.8545651300797732,0.10130801852482486,0.7416721594921978,0.9118642037129902,0.7829972283458161,0.13969481574623469,0.6755230493966451,0.21912974011378938,0.39131682641297355,0.6662536131671488,0
0.23103315941906738,0.4742551949928899,0.14580897690750186,0.20123159176074135,0.5458898716415694,0.6244897807096201,0.6241062204827723,1.188482923548964,0.06212237494551072,0.001231050864039851,0
0.6706008974889545,0.28445230967109136,0.8938629731974819,0.458800575987058,0.9807182307004081,0.5692503382294429,0.8274755799450426,0.47771257755517216,0.8485068370577638,0.024703258609256568,3
0.5011168142748693,0.8798181605975107,0.3547753623931426,0.9368038854782513,0.9108826635904981,0.6515759274612705,0.9910285735803981,0.9350836133121566,0.5031009318804899,0.6397940602006843,2
1.0041566754500422,0.5229556286368132,0.7310205269510675,0.529804967202683,0.8894432410623986,0.3748335130166599,0.36279982467103733,0.6309407382995309,0.39803387927854283,0.5709898108417152,0
0.990091757064201,0.25571803217195477,0.9258134262267861,0.7679982021726673,0.6369466081499923,0.29451804038264545,0.5217852947769859,0.4529815752788558,0.6237450409857337,0.6247587991039673,0
0.06584239976855336,0.9097254461941255,0.9474332924743497,0.2612724864165329,0.7222841973539373,0.14947113475798685,0.43525365187493215,0.10192968864035828,0.8723094198384104,0.17101646466845943,1
1.1424865202427417,-0.04883269553619474,0.7753259232758987,0.8660512743365093,0.35009209012724446,0.07301044149930774,0.27912893078376105,0.19824460575656183,0.44346887638125737,0.48169646166312236,0
0.6283918618897019,0.4243212472351813,0.978101977926221,0.5026967346097257,1.090768073248265,0.4918886613506441,0.9212242415353844,0.3207962619819826,0.8107225036497573,0.06865649726921029,3
0.2607051781819115,1.4415558330699043,0.6104519241554227,1.17220765267693,0.8384813456396818,0.405014522202065,1.071001909764157,1.0113406791662565,-0.16841567777681188,0.19776510847352546,1
0.1841727795268789,0.9439106702569513,0.631135225012184,1.0512071581246314,0.9224753678370653,0.584975241652035,0.7986583312161586,0.49374422007052177,0.379491768092866,0.30944787932245127,2
0.9371028667490651,-0.14947711639136063,0.7920165310651928,0.25566324204876506,0.7591198761081479,0.8203723931121178,0.48161306586632646,1.220122360608061,0.4348804999040674,0.5029981240234848,3
0.4811144356220454,0.9048413485296342,0.3526912182045386,0.9544581820316633,0.9112425337100665,0.6274171200916004,0.9882762392022449,0.9407513148367357,0.5140859288183016,0.6293981217899709,2
0.9702900144300043,0.10910429592993652,0.8688349745876054,0.815089447063937,0.7535985626940992,0.2511665942950694,0.4629160714033203,0.45374820339041616,0.4428455089858195,0.6179638351672958,0
0.3906787787069701,0.4165167793014548,0.09261717563664561,0.48880655733206435,0.5431529679915071,0.5411799734789153,0.5920161097468173,0.308049647999876,0.8286929994565246,0.3048497474494165,0
0.614064762222147,0.7790264614804289,0.3177078853546704,0.05489379189588009,0.8803719588498389,0.4794746638962784,0.9364157779927488,0.7832726804682965,0.6853157839949656,0.736467671192934,1
0.5109779559866188,0.561270992830162,1.0172459059116772,0.5046691924141206,0.9637151377088078,0.613729352375948,1.0251222812305847,0.41392314958303716,0.6794766525057101,0.10399554050460376,3
0.44693343000025604,0.674932768198951,0.6807142919271288,0.6728185738434214,0.8561833819485987,0.5325029624511827,0.6268029215224753,0.9278229123557437,0.883847327538501,0.6964721531802309,1
0.72148341712087,0.04247726812873363,0.5763612805149345,0.3785367895427914,0.12253728273633946,0.7078279587293961,0.4738843682535324,0.5464624140958768,0.02691476925702639,0.6607012473421042,2
0.9820343514564466,0.33189434000102497,0.053950703937378816,0.29565850007617256,0.1239807482626951,0.8921832585574287,0.43221766213310997,0.4991538229493323,0.4058560153626776,0.7808139856970092,0
0.30606371959316014,0.9752404701279321,0.4057859504103217,0.4063210871627196,0.17262154088029666,0.6238490886003756,0.36757821075413194,0.5646366728972462,0.296071189391487,0.5729275921951725,2
0.7854275555975858,0.7982283598451528,0.6617407425293785,0.38802898956926485,0.7215522665189154,0.7470928427347527,0.5462012563676804,0.2628607760767311,0.2879685321971682,0.5634162388002345,2
0.8795441404367952,0.15720423089439373,0.5731404049149995,1.0525745227384697,0.9687168637516281,1.5461233126251543,0.7961819697063501,0.07272437228701822,0.1812868001146631,-0.19899935873380226,2
1.1519811227129484,0.6246139746953874,0.8784668525399086,0.5585465329637986,0.8378235034353334,0.11041877319562807,0.8882498824644347,0.5894884428819303,1.0681810921995218,1.1123024419755216,0
0.9058772016663503,0.4868515379104656,-0.023098923821638306,0.4121125402958786,0.18552405941011246,0.8151783694915646,0.5198088302094954,0.5379235681442641,0.3243686322154648,0.7105723963306352,0
0.3183740159834003,0.6557402473738576,0.3761501682556283,1.2130035465274311,1.0229579447810784,-0.021761961630105353,0.3412766157483422,0.03941554740272479,0.6933750162730887,0.9787190812090778,3
0.39296994570267263,0.2442982685469936,1.2179419044420752,1.448850615149897,1.4240493214739987,0.34706603180802714,0.9767950499755327,0.9753144514865631,0.7416155806531628,1.5985990527538174,0
-0.07518671282369471,-0.07290962435644344,0.31120870416814056,0.6448223149393668,0.4817213636187676,0.402576160669027,0.1613119435895966,0.44215631259844346,0.23403714388924907,0.30334464815655854,2
0.6550349177001205,0.1703517236133846,0.6031261616723077,0.7658693229192254,0.5236258909638707,0.7416933749747232,0.860793999081106,0.36941971208429003,0.8812677316209243,-0.0077304013127034304,0
0.4538580944780465,0.7559232190176159,0.602819896121279,-0.138374340768545,0.9123866621917045,0.6634463955220758,0.6669844526027675,0.7937478464633965,0.8811961756031546,0.576132453529842,1
0.6660093057915986,0.08294272424289842,0.6217397863989355,0.1696749301344856,0.07524974078252826,0.5780239118617979,0.3665832753249822,0.33477274423139314,0.2026906732858928,0.5336552882238064,2
0.07114555008213827,0.9804677578173145,0.383265598074092,0.9315057673494918,0.8248298254720016,0.5390019068577565,0.9740120124078202,0.6544647442644789,0.1789073732426194,0.20966957624163865,2
0.1255664498979539,-0.0009304061515915257,0.4409601306264453,0.38115378549120343,0.1974326897399299,0.574534246986271,0.6843143388981815,0.3961499930784312,0.4502954831669961,0.2656502482336973,2
1.1641909641630799,0.38130486382976564,0.2584499069570249,-0.039535106377852236,0.7420272701868952,1.0487899363335518,0.5006934850401794,-0.1164293196006117,0.7036758582570771,-0.10171148224235221,2
0.25653807585021315,0.049830910614505966,0.6656522931996655,0.25120532791073025,0.31088345775743065,0.9401901609652175,0.09333335814053505,0.9010588490139777,0.19747291278854354,0.5557889846103806,3
0.5834807501448482,1.081971015879376,0.9712485704241298,0.6572042668819988,-0.1505287508151866,1.1002270592216048,0.3436544586430658,1.249375653756255,0.9863903621803795,0.4566869633478685,0
0.6228393541749717,1.0492799339337828,0.5127439309861304,0.18457265912805385,0.7842803043776441,0.3848743399102391,0.04762165697802431,0.025304404065671582,1.0053183064545994,0.8500442309623443,3
0.7799743098483849,0.6037229244937928,0.6254354929664558,0.4971351753580405,0.757416862246281,0.8404605553642567,0.43088900127543184,0.1964574028442853,0.14847749677455452,0.3946862001396741,2
0.7039958382300101,0.2758884542198689,0.682896438193156,0.8882048910663886,0.48287193527417877,0.705907383710036,0.6574500207615886,0.3575087750641737,0.8841314830451087,0.04515272763753338,0
0.7714552446424604,0.12504112194348885,0.6063169120098084,0.33457182731622986,0.04896370161830811,0.7003641652850958,0.4309674203231797,0.5304295402586449,0.13524859596330113,0.6943502671816776,2
0.07213343675520825,0.013454536734266997,0.7411532063518033,0.438562976248813,0.19154287497539854,0.5445334260112429,0.2591819007668079,0.034679437817816405,0.590669249110259,0.5004112133503438,0
0.8562633203034311,0.12773682264333555,0.4209682099201378,0.8503439602255729,0.7342947035416331,0.7475690169302398,0.6025403176731138,0.6228937741764784,0.8161191935122133,0.8025151308337054,0
0.9865350788001596,0.10091955729126648,0.4376917303609961,0.12582478135122058,0.7286588771725396,0.6922575958793719,0.9736049291795189,-0.008015352101736872,0.1115989644356699,0.5145474897204906,3
1.0466941288828997,0.3512417533060773,0.01077779863183953,0.2535058205707188,0.1555876460047062,0.9010306310396622,0.3581914122354834,0.5029382160846765,0.4264983159007629,0.7588862469854789,0
0.039852666503477366,0.07314841855922166,0.4365196101652791,0.1687297556379475,0.12503051662719905,0.1722392991729966,0.5599956460271571,0.8479400137119483,0.8842106787492607,0.5309209312669425,0
0.7385396308891016,0.7374965580664562,0.5214683565647119,0.2736483263166537,0.19560940596410278,0.7061781420411353,0.18820773482171932,0.7742234955218678,0.2587462124330252,0.6539249764963864,0
0.4843436681233908,0.41516538256150165,-0.17028394302246683,0.022569246243740043,0.6238929196838885,0.3837808193996428,0.42505103211236805,0.7265139055958373,0.7380686944499052,0.6044041173477476,2
0.2682106293691948,0.1743227927368953,0.7277785776153498,0.036374986199759124,0.7898481903429251,0.7998408217561338,0.9893843402134241,1.0565437598871312,0.6962162425311198,0.25973996897115537,3
0.925064701998114,0.6794966384848561,0.8124184000889252,-0.0544842864076345,0.8208769608032692,0.27139678632992165,0.30507115376182936,0.16248667000383715,0.853889722031603,0.8661451839451186,3
1.1667249324541196,0.5017126702590129,0.532246788232858,0.9735797400347959,0.2867331444508728,0.25013356252088986,0.2607368589980047,0.6615469045099904,0.08583739085047648,0.48960780355073885,0
0.30902420535917263,0.9714340081471758,0.41116726467228926,0.4034176849570512,0.1670543896660196,0.6219829715816281,0.36843381171197725,0.5549273193098027,0.2873640324573079,0.5693907117180217,2
0.6057198538194081,0.3917140919025748,0.3251499067596492,0.4591482736971893,0.34089487141824837,-0.08157227151451191,-0.4792281788331698,0.5434007892520517,1.4489802248473302,0.5050821622795493,0
0.915120464026492,0.1667087720746181,0.556598119608643,0.23475847797865945,-0.027073271438515928,0.610357412043505,0.5000248286130419,0.39519167268650723,-0.007798994328169759,0.7690912860038904,2
0.3094652443731429,0.9701329168758843,0.4101630589109458,0.4023207660914135,0.16543721549052154,0.6236390468270772,0.37002908362025755,0.5562123070643077,0.286198321389093,0.5682785189511553,2
0.6638302922724544,0.4631277990458077,0.850603197443608,0.5040531979252889,1.0313613923345626,0.4710152884836735,0.9584809982065766,0.30515561408509073,0.9189972741211205,0.15296540992314564,3
0.3280135306432983,0.8278124573348251,0.3320411665926733,0.270050159649621,0.7685019557754238,0.1533549300247004,0.6334154453373428,0.2267830039523239,0.8314347525979752,0.552738822011482,1
0.18338101440841303,0.7528596312948375,0.6713104495493972,0.7702938480590668,-0.02083586043268071,1.0640018247882639,0.6782379772234773,0.9647038860943089,0.6590769542687408,0.736772728293158,0
0.6458325976542267,0.6313898660345854,0.18650517471354303,0.06715381394602607,0.8473460650057512,0.4421295687030135,1.0134188591633542,0.5694718809700684,0.7300707218014405,0.6271736144444794,1
0.460544648104808,1.363582460161808,0.08287899384629464,1.0143925869682577,0.5652080774602057,0.9819906857425349,0.3969048925802114,0.40254302375988016,0.2996053755288109,0.39322432912256305,1
0.3036915091748061,0.9733822007048554,0.4115792585658962,0.3962261272201268,0.17116461920355275,0.6294338765642844,0.3623869794803523,0.5537501999473411,0.28533849227883795,0.5639455413632125,2
0.9619629086797647,0.11865724807889437,1.0351850666525193,0.47974338101765884,0.4984608379879175,-0.13956219468391723,0.7829893720120569,0.2240007466384267,0.7606265041433955,1.0261227211908108,0
0.7010524478815636,0.36285308343053857,0.6021855926242659,1.002256157498036,0.9061156243980658,0.5424811317304368,1.0451809022687895,0.3153157432559441,0.6913862442185453,0.8504183801987092,0
0.8821916527856484,0.29047611384142813,0.7533489956510201,0.9253510579377577,0.8204457882470888,0.43428228339774777,0.29030321297469375,0.23646768079968028,0.358671318916438,0.7909633044871027,0
1.0623894908167404,0.23610864577305443,0.881077043283605,0.8513972372473112,0.7262590041112311,0.3765527604557486,0.3752147354812745,0.43298911709957394,0.48263899760250306,0.6339037270813018,0
0.8146353901061635,0.6887770765645397,0.31513778722819463,0.2691414771800591,0.8291141638075992,0.646161690721662,0.8331630202250231,0.7140720987068229,0.3301566280178509,0.8701935198577432,2
1.0049031745793762,0.6297479534321712,0.8071553597230895,0.5078154855989232,0.5295631573121452,0.3558949483675244,0.7913803852811715,0.9485565903667348,1.0131335549138147,1.086596303729681,0
0.7146002664857981,0.007328445884449614,0.7813556200643162,0.05546021828048279,0.713418707450316,0.4644849093056132,0.9162300600074502,1.050569119124619,0.6699312643541936,0.668801775933572,3
0.9728846023607535,0.3542985025251658,0.07959159277081153,0.3162336550503003,0.11678089020482026,0.8572707951410581,0.41630961763911367,0.5264458108385176,0.3740612201503866,0.7643621382086093,0
0.27815242262567197,0.02742452648366912,0.6560834440881271,0.23715604301373097,0.3031832941024605,0.9175575028853982,0.10462273914687624,0.9219601006007272,0.21854386130602502,0.5296110994510048,3
0.9894953160965854,0.17494646674707387,0.8116044149765467,0.8064487143216599,0.6897265643909466,0.32732329680567074,0.4583934273847132,0.3884529023667336,0.5107710436947519,0.578914296072863,0
0.1206062047646496,0.8868067823483161,0.6144379888121219,0.9162143677447586,0.13826733728400242,1.0426510510735356,0.647702075152558,0.8230972916906395,0.7569140106980052,0.9740414608528085,0
0.04748740063285983,0.14424505362292678,0.35503034630011604,0.2663730224980031,0.8959585461618678,0.3671052951222941,0.6281496077617785,0.9267722601750881,0.5803563987639121,0.6215135528599197,0
-0.715852171419703,-0.25387235116101914,1.310089115087129,0.6605034175507294,1.6766977388865314,0.1104401056175198,-0.7447879411965594,-0.6496391487202258,1.1901903383936463,0.4873905437215874,0
0.8436498637845719,0.8501058858188547,0.46344196669395354,0.2042784229949327,0.17453388808998888,0.6123199770159923,0.2135028880016914,0.9149160316086353,0.28667738792802167,0.7369154314568037,0
0.9347276740443676,-0.14362158789389062,1.062754642768243,1.1284063524484753,0.6863255401159094,1.205031331314864,1.335120036823669,0.2967692007067543,0.8517639628453113,0.5538385510956272,0
0.14607728541949325,-0.09158458718955613,0.36786892395417947,0.36470133490324436,0.05856017382807592,0.6272392291291534,0.5582482535148212,0.41704700492784014,0.5569207835131964,0.3560003505672603,2
-0.028286769182696403,0.08196642175238662,0.4465437012894913,0.10671928883203466,0.8257342174164769,0.5343695827960123,0.5921796151305541,1.025565216223909,0.5508498359044924,0.6111530309995947,0
1.019007107270963,0.468949703172993,0.6620614639106635,0.29277474263577147,0.724768685652593,1.2392947346930963,0.4697414259458527,0.0824849453108093,-0.10524465004993655,0.6186282779340582,2
-0.02475451270150167,0.5191924027392434,0.7092125655180903,0.8185858529097894,0.9280658216115067,0.34940299822225873,0.6926825196291464,0.16074630650660224,0.5182841373615256,0.9345423853289975,1
1.1369602043556,0.8645226431223871,0.44526874156828616,0.04799431286492195,0.4032665857192927,1.392849991180933,-0.13308429797617505,0.23413263636987863,0.3619178126912477,0.29717092601626094,2
0.5860451687168405,0.48603771372612686,0.9249964094520303,0.4446521040767606,1.035798849534532,0.42743906408842164,0.977788510485366,0.38256470306316787,0.8851066934468808,0.227876574282808,3
0.8098186857316456,0.9590856572417477,0.34718819873013784,0.02716313521046479,1.1256414723172863,0.49340647912115604,0.7845560301511096,0.9751433965332018,0.4720108511078648,0.7936585571750503,1
0.10709966981100995,0.9941482574218478,0.9572104293447279,0.20601805264509815,0.6841157180461098,0.09864933583926531,0.5282648248210992,-0.03287546353281669,0.877277987099127,0.08402114989139825,1
0.83322051680773,0.9427767408984931,0.6090222821914707,0.23067564140403332,1.0042882730575649,-0.05327252914975694,0.06793184983464601,0.4608099794133277,0.9997346981969121,1.0476342340259484,3
0.9318721067384204,0.13119828175292633,0.7316579639875129,0.6980194256225624,-0.004415859700864014,0.373995909405097,1.0945462522798224,0.7795999001599763,0.7440498271108396,0.38005968270760526,1
0.30958406039956343,0.9701807665892062,0.4101690504703046,0.40215081047720896,0.1655821647744149,0.6233477345445282,0.3700050376183487,0.5559489632556911,0.28639311258423283,0.5680171648615138,2
1.2269794991072136,0.9715525132747811,1.2549839431985998,-0.3220510276669859,1.3728172538486167,-0.08699327162436343,-0.06436284295650962,0.08906714249951114,-0.0805192990440885,0.4570897683257361,2
0.8401293247477416,0.1325833263355553,0.5252126188921286,0.8074045184367714,1.0581299016570562,0.18646854254234888,0.8416046288259532,0.7793503422072916,0.868022416304294,0.9726863977477807,0
0.9734291006890674,0.35515281671243765,0.08121632751435687,0.31528190791500066,0.11601980188049632,0.8578217482326317,0.41747677228941066,0.5264842163692902,0.3726554155545668,0.7635787309033097,0
0.03472055708179348,0.37668812455854783,0.5512163872506726,0.6924699955546808,0.9702213513408616,0.26959548171928266,0.6734176698612832,0.02527613131041107,0.6512643481137241,0.9024564778136169,1
0.990933264061673,0.3583744136887925,0.4509814924408542,0.8767250284749546,0.06529580238655691,0.24324011840094018,0.8808325321806467,0.4985274059146687,0.573781107661705,0.34587537644678756,1
0.5352578849309655,0.7923908303545358,0.39312420709882356,0.17146049496615684,0.8750172286313412,0.40649568968087335,0.904264614738194,0.7644770223269307,0.7623912902132617,0.6207712571278758,1
0.9474268029308163,0.7921591516141281,0.6500362948212615,0.0527238743244612,0.849389397572811,0.27301344410092865,0.05429222171908052,0.11883401318266923,0.9111347925303878,0.9092118436330084,3
-0.159429635346665,0.7946343747072432,0.5149363588226893,0.5522522460630858,0.29413328484513873,0.5853903203076757,0.8065110791563971,0.5496121477680248,0.7637130332405944,0.45621471910017714,0
0.9703815313453309,0.4637300273363691,0.04965256846521722,0.1487660338415698,0.19844636532288548,0.8320006816014389,0.26645867299380444,0.43793752630232935,0.3718572201277327,0.6025828982412107,0
0.4990680644305257,0.8778790033504927,0.35469392835088986,0.9352741797674803,0.9097817470552428,0.6477294179000822,0.9916804885350008,0.9338590214031696,0.4976193363925573,0.6420879922135208,2
0.457526475715968,0.7236195346302008,0.6212408343696497,0.6469159974954447,0.7957665508906305,0.47966231908195806,0.6380941248488403,0.9668803164199239,0.8647287936381974,0.6811563836036276,1
0.27791578385918864,-0.031160762179401016,0.5378825560651819,0.29284940963553463,0.3618848377196158,0.627930485659981,0.6361292035664193,0.3917095788021473,0.4678393289540835,0.4517304738274177,2
0.8819617878204807,0.0537912676587063,0.683702857966537,0.3479061294994203,-0.04129399423612051,0.6143105458363592,0.47913530452781583,0.49183814638142453,0.05979730027113937,0.5996100232378035,2
0.11318676856360885,0.10896256049803432,0.2948096184316031,0.2883823299436913,0.7700189264750121,0.5085448016711217,0.5635238664411056,0.9333470953793038,0.6701967685435484,0.5589739244595144,0
0.9988000186632694,0.5265605741861019,0.73040214186129,0.5294509127256859,0.8947633426184011,0.3745880699097059,0.35948749511522565,0.6261560442024668,0.4016790101026971,0.5716563522031561,0
0.6403144940519401,0.45108199733763715,0.9184731081584111,0.457830318209918,1.0114068082101566,0.4596880192259874,0.9435919435178567,0.3395899112119254,0.8525664879120944,0.16223329741572018,3
0.6238301090177544,0.5036006255931912,0.6793786048637097,0.27263115273133226,0.6370994454609329,0.638519500876264,0.306467040788463,0.830415143422426,0.8252861082233209,0.3482437661837944,2
0.9935362080710214,1.092604566976585,0.5227122824204963,0.9570456273439677,1.118027815664886,0.764889318495757,-0.11325328772145515,-0.3584568354696831,0.04261373799352314,-0.3770994224708847,0
1.0953560245393688,0.8448478486685059,0.772012270236954,0.5719090779541366,0.6729888963465362,0.15156375750495427,0.7703328141692183,0.28933489487792324,1.0117085772596426,1.20818424779018,0
-0.08674552940903446,-0.0003532105391796641,0.29489260404135637,0.2529900859359113,0.23349624132213498,0.505662609161665,0.6297069195894746,0.19078340535020613,0.42347179086214753,0.37786611729773634,2
0.2734467863197091,0.08286167913418048,0.6490365769567906,0.24268217967631023,0.29334713931508194,0.9058437528321539,0.07615818749355929,0.9100360976858133,0.16286294503459825,0.5831642042176163,3
0.514625407846908,0.003917157729996512,0.8107124842875356,-0.1492559911847975,0.724968185776075,0.9107190830342857,0.9601133892161864,0.7490946923368795,1.015091616973873,0.3138453473048598,3
0.4303033731661356,0.3720689832321801,0.8343225504723577,0.37192713939322175,0.14139730482422647,0.2757211727819466,0.28515039771943995,0.4291195083207717,-0.23984920414243954,0.595660800638999,2
0.08381650639217274,0.12993343175089797,0.24894708497881377,0.27670944726967356,0.6644523408564925,0.6923149220243293,0.6096816432240804,0.9281173016748309,0.7599892597885323,0.4373538924679415,0
0.3121891057626522,0.9738715379487566,0.412540489124514,0.3981899094225087,0.1663495053740273,0.6269082126789578,0.368033258220956,0.5645022565615264,0.2833016038528577,0.5739933633692889,2
0.3926808900320363,0.38085196567793395,0.04028538958329887,0.4896445459108437,0.6275439121456527,0.5538225403202252,0.5404560523744144,0.3013839291442979,0.8188155666212047,0.2609607387154262,0
-0.3240811713166298,0.6258119038935781,0.4416749217491666,0.7116172738630033,0.42709562723745675,0.41187997103552987,0.7260193421326195,0.49753607194639854,0.8526863160610008,0.12578860817693976,0
0.5823225045795358,0.5666685361755259,0.6340408951684671,0.29028399194948945,0.5762524661157816,0.6771989792747716,0.32162719670772066,0.8089051726053266,0.8339093036619095,0.31485750215809377,2
1.0024992504762644,0.5306090826271204,0.7577628368638614,0.5602494739680977,0.8852006305585698,0.4232464204129144,0.39294525799044866,0.6226346119952523,0.45034687649712,0.5370695119996765,0
0.9211606154168009,0.32136890433417564,0.09346223873601121,0.22759083449215783,0.0459066063929648,0.9440844838116225,0.34624068451090395,0.4771238622775156,0.3904811367232823,0.770141360059408,0
0.6619926775924204,0.4988801050949043,0.9821486383786713,0.607723546039349,0.8123740437176082,0.5905295959474838,1.1353026021528112,0.37479228269098447,0.8845616018717625,0.1393677903983622,3
0.7179148533440025,0.685066613027512,0.6712370656945345,0.11261817964447696,0.020416251057587848,0.8370155601448848,0.13821133914024206,0.9314602556243698,0.1473700917071091,0.5745289063922935,0
0.8277621971555683,0.7844345393529698,0.759374732917012,0.07422913815928592,0.9141238085324287,0.1546148246245034,0.20439821853314008,0.2505188266564929,0.816958463261679,0.9174092047595652,3
0.8533574673859614,0.14791166171881895,0.40792944643179596,0.8627679874524518,0.7079985974182353,0.7370693421991812,0.6017725568935502,0.6420607197311995,0.8436142399651126,0.8006444861803186,0
0.16582362956324662,0.05801315343894045,0.40482050263653674,0.2634650372614717,-0.03459519206331828,0.2937505561905705,0.6887302506547959,0.671603143661172,0.8625520328888037,0.537455241410885,0
0.7608185927344296,0.7554295079245887,0.4946671563117778,0.21183886043947203,0.67401616155029,0.5738882682873253,0.7943237726101527,0.5652107458135427,0.6899755765208037,0.5514910030105702,1
0.06493020232907214,0.8625491803909515,0.4497749140171971,0.3278648211760973,0.6844374939660539,0.23968354382403215,0.6387693717212503,0.2169952090282734,0.7865525449054076,0.26841419803824534,1
0.37072882199038476,-0.5984134918721574,-0.9239084385029304,1.2825780578562547,0.7471738064693436,-0.4614239374767971,0.2893885765916985,1.391672315922822,1.9082478317311422,1.83576559429605,0
0.08734349603076197,0.0913646555941861,0.3267467334982048,0.3149994462765481,0.7557682837967612,0.4698559351713395,0.5357475702608373,0.971042422745789,0.6363196472884345,0.5971044536211714,0
0.3963990051392057,-0.48138277611491953,0.27237223524133425,0.7402606594916777,-0.2283825373985121,-0.2773302668180742,0.5144981555144755,0.2053286038560541,1.0035563135321244,1.0323367800012204,2
0.16875271801055014,0.5855092228469214,0.32062992763227194,0.47844989953394385,0.3668488574231222,0.3819587855369156,0.24418750935248612,0.696924508920885,-0.022233355010190255,0.4388526433025031,0
0.6019574683222474,0.7841945319730818,0.3814000989873722,0.11888006266688311,0.8829196930477808,0.45537538242105907,0.8690383426574315,0.7378447812312562,0.6936888361332006,0.7172029478269577,1
0.308525054182526,0.9689602127784729,0.40890681095819587,0.40305184443097997,0.1648684850748235,0.6247986427159928,0.37075440723672964,0.5572080052507248,0.28648064291317327,0.5693319748202632,2
0.23904791737416384,0.17222336791109927,0.09327770304804754,0.9672081866963089,0.33950921990939376,0.3488883574895104,0.39778279905465247,0.5221405219409138,0.4515954420484576,0.2326612555827739,0
0.3720808946032498,0.9115186396949646,1.0244508072556309,0.17604740251467327,0.6691665530447712,0.42700475154665,0.4202496771371109,0.05006365501113921,0.7071157209165324,-0.09460420033671829,1
0.029576779978573234,0.5316089125004113,0.37467990169001114,0.5515619505438513,0.9913288064992012,0.10893319733048787,0.8425516002354585,0.17927630044057474,0.621468694938732,0.7078964653132046,1
0.11319831836238341,0.18721067909427763,0.6633539346002478,0.6232507822484971,0.24724582425787117,0.43883291062583174,0.44260773790399044,0.24791710793577945,0.5670817512345171,0.3695026343951551,0
1.3074096550110066,1.1480217327576459,0.06877393807339116,0.36744191143366045,0.07619807919859489,1.7692474068421533,-0.20300794479493278,-0.2738674445966627,0.1085590703962529,1.0369030332783122,2
0.6264104459037065,0.4950905945676971,0.7212905534773618,0.20404595300951822,0.523662717390937,0.557141026787393,0.2798735781224928,0.826802438162607,0.7756956538982402,0.3825147691550213,2
0.5026545387354153,0.8814034248152671,0.35390758788067145,0.9321110487506983,0.9092914343973254,0.6513785143530585,0.9902229778483504,0.9327443155758594,0.5000657397640085,0.641932238566187,2
0.5943792421084286,0.6966730975064734,0.3276190728457838,0.08416743063554377,0.8760145951048736,0.4043945591875267,0.9359643544783525,0.7998551044605183,0.7319377724669727,0.6438296772835312,1
-0.11905849277979219,0.41839462580357645,0.16008441994230804,0.5834883145268173,-0.18734543197831993,1.3196218396531465,1.0526484357120596,0.9211506734682278,1.019923983714836,0.7448555432358988,0
0.6657537118955666,0.5043479527740478,0.4242393363039238,0.35776707007193054,0.9888293795464815,0.7249053578763737,0.4681894886861224,0.04343480969317276,0.03673122974434195,0.20567196454974815,2
0.9306954027205567,0.3538606138167045,0.11815791703992787,0.34786822139001805,0.14662569069587383,0.8751716508743349,0.38864991634642265,0.5233590051147189,0.38049919835205154,0.7975325290048976,0
0.8373479902838281,0.7750546622878169,0.7571924833701407,0.05561575864820042,0.8774717487017281,0.17252353568675524,0.16785020897139633,0.2360663624537871,0.8265467558735121,0.922629285932659,3
0.11537330739873111,0.10168686908409114,0.3089189115910599,0.26742899045145035,0.7546428579804094,0.53562343822613,0.5714744408017515,0.9531042355454838,0.6847769315630128,0.5445804730382747,0
0.8591199394000693,0.153874643736147,0.4098889860269962,0.8635917815194742,0.7280248114902301,0.7414230421039228,0.6016544535350439,0.6310286464898657,0.8402399414139274,0.8012366369430911,0
0.25698375786415684,0.0794231779708637,0.33819804964781214,0.2801895819665494,0.6426982612202197,0.5786027884318785,0.4548614244001242,0.8234441715965046,0.683618842255073,0.6433144826540337,0
0.03590357747018739,0.33983299964984826,0.508045136703706,0.8095459383585454,1.0733485424774136,0.323863460955239,0.6722070016838703,0.0745825803366334,0.49497649022908224,1.0349481711858197,1
0.5363186471508123,0.21733406375172837,-0.020665452879783816,0.258938538305107,0.5843351828494231,0.1095584457026245,0.4156034270088747,0.24902297729613093,0.43591637741701733,0.17812688020926154,2
0.5503230916258055,0.560977553749044,0.07332582387876602,0.6187610660922935,0.9025938997582915,-0.013540583233200287,0.3422086020546167,0.05662613636495173,0.44160185924917117,0.1731289455902331,0
0.5838831252641412,0.7557050630593047,0.3575337695523796,0.1004410930319551,0.9043327039878106,0.4381780137266733,0.9026456174935955,0.7601624961754095,0.7163692320011553,0.698929097331163,1
0.30955233511264496,0.9698162225905865,0.41046581264784965,0.40201741299201277,0.16528368739792654,0.6239773741377208,0.3696178153455305,0.5566210945041727,0.2860840454944494,0.5680852728085827,2
0.7755084995668613,0.6557853603793482,0.29159359865357726,0.301434324100671,0.7937865913042654,0.6624808910557661,0.880475345684919,0.7524960999420913,0.3829816599402068,0.912743806773394,2
1.3007726424868133,0.4616439463028327,0.3606195055228506,1.0945765200327067,0.2572743263317038,-0.033355608209979626,0.5425777909127147,0.18789937925249545,0.5867397394700228,0.29411428499695624,1
1.081046108636302,0.12303666279124925,0.30570178470790876,0.37552135541495785,0.23569762897567037,1.0609788662475923,0.2529504546762821,0.6266931783091062,0.3227755634213113,0.9915573347706379,0
0.16147044977979672,0.5591022823951726,0.36257779209011,0.4315929544339993,0.3781600668257748,0.4502673953849097,0.18808960143635553,0.6813264492597219,0.04129311917557535,0.4465774789729727,0
0.039317920124155886,0.8623616754735912,0.42778915235091314,0.3192711761631007,0.6731473272684593,0.23441121356394087,0.6355112044549154,0.23342298438272321,0.7728247440588454,0.2523119785428656,1
-0.036866208169315656,1.046525331945423,-0.00884032026733328,1.0890370745374496,0.3220265992224973,0.21821812796223244,1.3961654680710123,0.45546360716780454,0.3687071488497408,0.4874181096363551,2
0.5864614943687305,0.43209511386988875,0.7068679812510096,0.2732154629208842,0.6286984586029322,0.644684410881538,0.3672332973564874,0.8117188670359529,0.8464618164459293,0.37597434082071146,2
0.29102669762424327,0.07937723578004659,0.6570096357078664,0.23761197651467386,0.3420941381950596,0.9334655064109281,0.06326389838830027,0.9528664795406231,0.1698239661446506,0.5076654381225691,3
0.8480315375298956,0.22501223094158976,0.09736800094247723,0.4755026357502865,0.029494144240692674,0.9615003602388262,0.2929226374205597,0.5534410783973285,0.3427601696288571,0.9126731813163655,0
-0.15543986482429875,0.5456834888916497,0.4743491071956457,0.6259953470983001,0.8252615249619779,0.2743188792325758,0.7108752486761191,0.10919217631426677,0.8007580911729362,0.8456408956652179,1
0.06721222101535508,0.6435138703218817,0.2772896886679535,0.592277056904869,0.2940408326487742,0.433308594798046,0.0697037021902088,0.8494737741078167,0.027799808395469874,0.5693621095225196,0
0.05820209392494289,0.005092569515970591,0.46509970659930466,0.4221576094285567,0.2057845860444098,0.6545140529044374,0.6769091811435589,0.32475833619276506,0.4987485390225005,0.27573887265189584,2
0.2397242231923462,0.158002537885211,0.09881456199851907,0.9688174608704367,0.34986844524194904,0.3365879084343006,0.3984134768552848,0.5294580584864254,0.4259127433397624,0.21583545845537785,0
0.828195325977291,-0.03739074730721638,0.35188191703062216,-0.02077647518914605,0.8926156014369895,0.5961902194915684,0.9808746996194284,0.11402818957074402,0.11170211298108394,0.4386660318131529,3
0.8559637009324987,0.7831979034413666,0.7539548820357086,0.07989135820540275,0.9166312822489577,0.15002214777325285,0.20858732462743,0.21739625543211263,0.8190711689416773,0.9333232750875654,3
0.5197688009435975,0.5344890527259951,-0.09304474779108837,0.5592330665927143,0.3847385580321884,0.5081034886936591,0.580181140422257,0.1604764440260193,0.9024676580100278,0.3058863898056771,0
1.1493145984330508,0.7825870372146349,0.6229677788862492,0.6478543746456589,0.5887866343637566,0.4528144730562129,1.083923270216343,0.8193470212291505,0.6981536438451034,0.7707299730157445,0
0.7112685107035454,0.8656541103706124,0.3324372712342878,0.27955975993961835,-0.13324426617686128,1.2797044289052175,1.0928719900877635,0.8064078792318744,0.9497892223081678,-0.1912451933287218,1
0.8680544447192521,0.6721006897579949,0.6730309498803897,0.07882557268740008,0.9698414299977764,0.09734378993458451,0.13384641080857612,0.14040685839047162,0.8733408779027377,0.8958225274147675,3
0.07942631657905806,0.09571041629981941,0.3241481607851676,0.32402391835951805,0.7701373785825857,0.46951616711066463,0.5035818152369784,0.9122282261733637,0.6926725918733879,0.5375828023888404,0
0.2555481470120012,0.050794929276419154,0.6677804873750107,0.24499644291935352,0.3169268148394489,0.9431982865177311,0.09312612778083428,0.8981320494966942,0.19270732838923055,0.5554529707878743,3
1.4256678218782146,0.30398759719918045,0.7007484808864017,0.3047197976396856,0.523881610467323,0.4425442607974522,0.06164875084488314,-0.16751977927199724,0.6890119706975253,0.6555792990766287,0
0.7914629260199244,0.5488545835145474,0.4806181911301104,0.9206941976932352,1.059096558678348,0.27310623777975057,1.0089701577758614,0.9209414301973311,0.9427190749139684,0.6259276258288884,0
1.0295387648028274,0.6576731973158175,0.8401333700425612,0.7343295667785081,0.9280754658110083,0.20036972920956467,0.9139933122844521,0.577486526255264,0.8693023669982871,0.696967281480697,0
0.0532518623011181,0.8588683586436463,0.5051294021460754,0.26629888657086614,0.7574180167844928,0.2473028901870597,0.6544582533222458,0.2635638436203475,0.7664122537687048,0.1701823030969482,1
0.8443691594957959,0.24612943959254152,-0.009999623883936493,0.20123366509186474,0.14403074921595865,0.8189344593935556,0.504459657484256,0.4077440322230305,0.3356433401140744,0.7635457407412981,0
0.30868863369240834,0.9703003626526092,0.410089097854811,0.40156395355687574,0.1662724384868405,0.6231079237341884,0.36988041170970465,0.55689640627483,0.2852675428824337,0.5677962519564136,2
0.07089574165886892,0.8701350006589075,0.4565483588600351,0.33480235757883686,0.6881875088488468,0.24848255618297477,0.6393971579215002,0.21241273522485005,0.7896260845223183,0.2672862232089331,1
1.0559466928699075,0.283866563597023,-0.055003672383346636,0.2578565491267435,0.2339761213215258,0.9833241195352017,0.42557063018795477,0.4314150648515369,0.280710080944892,0.7686435570382295,0
0.8179347097357881,0.7407920434188255,0.7639350301897104,0.08651741430400915,0.8880670799912509,0.1317736196615392,0.19948544967817505,0.24613319456905602,0.8426642093106239,0.9291447238147736,3
-0.03038057690060178,1.047098543568838,-0.09431913799528253,0.5596235726830713,0.45603428843812394,0.8335520588417057,0.7262379338275786,0.8337496290763158,0.4773841470387118,0.5071962294782686,1
0.9721806236794394,0.3713930489937859,0.09194819833529941,0.31589625532306,0.09469404859335796,0.8600655403592024,0.39594699766020236,0.5175129078950472,0.37561493092276604,0.7901024542151124,0
1.1371720529213345,0.48739695665789196,0.6750862135804212,0.6747375549578208,-0.3057056227361859,-0.06467330296396878,0.6410901559091753,0.1994941395961657,0.3917853921116653,0.16932482801646198,1
0.2440154677830873,0.39908380497018014,0.5267326944579421,0.002320803977972352,0.9842690059330739,-0.24268880576135232,0.1726535267446668,0.023254555566083357,0.569534724219225,-0.15282617200014192,0
0.5794720183744412,0.711010763961463,0.17191914331364078,0.6135273395322821,-0.011038739713758773,0.8396278317499697,0.6168211267204526,0.30741429175458607,0.8068103625440627,0.14524153133921563,1
0.5689938685959081,0.5384619405761777,1.0161348551962428,0.43239222326779286,1.107420122552888,0.414843116616548,1.0216064188050427,0.21173044961444204,0.8313591069430204,0.05036154320394509,3
0.4976766215301076,0.885559088271518,0.36713421087420867,0.9442316797746987,0.9204259659236491,0.6532209001505962,0.9948908181100437,0.9277869747608432,0.5035700177850243,0.6426317967332924,2
0.6145508800493407,0.2590876274272854,-0.1512578680674581,1.5675165905893744,0.6972838723622893,1.4016193478792633,0.9799914707323032,0.09721336729059404,0.4245631768392957,0.38822297632931585,0
-0.14266990401842972,0.29509141022604485,0.4269511251939388,0.22431819050202376,0.03575173601819881,0.20885693919708148,0.1457256711084273,0.904755119051756,-0.13771972357774304,0.3515125095655586,0
0.30845086080392004,0.9684354322504627,0.4139866941526003,0.3976607031684767,0.16574296424757684,0.6247423676301085,0.37273466076604644,0.557255852865853,0.28769463208074436,0.5732242312486578,2
0.5886609694080343,0.7402411765997426,0.3711646626684025,0.11252370848158537,0.9055225503068683,0.4356032817702831,0.9181346903701093,0.7599047495381056,0.6824744392009345,0.6811766436021462,1
0.6172711294631742,0.506714740300847,0.6913003646456384,0.24630732711785402,0.5966276155889967,0.6064808617371509,0.3265305005701245,0.7941373112408241,0.8050310753428835,0.3792006381755665,2
0.19853641191306182,0.8212979647606379,-0.034008867245417525,0.595680728710552,0.374418420844139,0.7167941822515851,0.7510725297624647,0.6120507297048103,0.4451125156267515,0.5274699396151336,1
0.7813496130941695,0.6273524229459443,0.744456639713433,0.4066560106175387,0.857546827824092,0.9775539110475793,0.42363951046523585,0.32561255292472446,0.1503836420109736,0.4152902359158027,2
0.3894903405152011,-0.04135312646783984,0.9492132824326547,0.4294100001741371,0.15776039043958692,0.6405538300420645,0.5362567880960756,-0.07069178649959629,0.5234008299300206,0.599846256929737,0
0.5267770628391958,0.7823539946378879,0.32442781622076594,0.1660050486907612,0.9844730753951985,0.3546125626224014,0.8981626741952197,0.721750222201935,0.7511512965185163,0.646161539368002,1
-0.008147285304378762,0.2259060053209972,0.5565596220734811,0.7415619489325536,0.2836223932706178,0.5134560861971476,0.4117153045155303,0.3972259817236358,0.509181980854191,0.4770934201690451,0
0.0231169280019064,0.8287810648669647,0.498868617334246,0.3832533775170949,0.6279818442195696,0.21480457684907173,0.6465325683059392,0.1957490233215393,0.727680524027734,0.2817032231134045,1
-0.04306484740589725,0.1630434239356833,0.2676137402871689,0.1837328661793844,0.8900235152150661,0.5005468888978165,0.686978195192505,0.903865892046415,0.717987309118619,0.43676168008105304,0
0.6028118070101527,0.5552478434876438,0.7159599026250665,0.2895194701590115,1.3350125387493188,0.6363899990239288,0.7290794642433803,1.1919436634531333,0.6700871197279014,0.26523857060841594,2
0.42067925402865763,0.5292161587123558,-0.04517996704310609,0.21809209578085,0.8342741559116185,0.18841339753903869,0.14211003364923538,0.12556945786866802,0.5427169672435155,0.41315877254502253,0
0.5017865585615594,0.8801463518223013,0.3567761171899452,0.936993688694016,0.9081483722845545,0.65152771591214,0.9918509830492047,0.9376759650742579,0.4997428803382789,0.6381202851839516,2
0.8703279509352192,0.8187283982787655,0.5694816197299162,0.2580972036731354,0.7591182311840283,0.16289843596931408,0.15277732501368255,0.10893135368618126,0.7114334497881805,0.7753211751981564,3
0.02288663617732467,0.12982920875534332,0.31203378785763447,0.5567822671236416,0.34899524644117413,0.24279198717834244,-0.18139699947301607,0.6460681183325008,0.37617646625615075,1.030089885515317,3
0.07645122246817833,0.017761231878890636,0.4304761070964482,0.4264930211562827,0.14940479812781657,0.5786898749265872,0.6584441581963856,0.38641056759562104,0.45892640584991984,0.24130504698097713,2
0.4460653517385131,0.23800985759652782,0.4803825313896234,0.7704474921479886,0.6460811091505482,0.6056692907295219,0.13709479613119527,0.7560575328241878,0.8016460635323321,0.8056677082600241,3
1.010791299481866,0.1865769994499008,0.7498454291229378,0.6445393620100102,0.6894254684523577,0.3569041376147294,0.42318456458232667,0.4242168950843538,0.6375753041623881,0.7321706217974818,0
0.16942777023768776,0.20940915551978162,0.6192694320307086,0.6278983617241641,0.11969021924643547,0.35298368680048964,0.5109147287349527,0.28916980054490915,0.6137048339012625,0.3332499615317728,0
0.012120964963303168,0.3998502152947168,0.5395497507125888,0.697235692977823,0.9770929463609792,0.2614601025940256,0.6547406666768939,0.02131862506670799,0.6414035506073866,0.900111326690416,1
0.20665370715909961,-0.04555867205288397,0.4044457793900773,0.18969963328194295,0.08542510967694786,0.43097399054599367,0.5483124923383274,0.651253610699865,0.858083222967304,0.4106984900055245,0
0.5464957076066674,0.45927903607983833,0.6577345734950637,0.22501289204027064,0.610982656037913,0.649667595050356,0.30381193304802695,0.7598269993415666,0.8269031104357867,0.2894045790694178,2
0.8741961449101775,0.503808773671397,0.2651751996067043,0.8552887857569061,0.44778052730372087,0.74291053944795,0.3142853918528541,1.1411207620561454,1.0556278469395588,1.1270812274252573,3
0.3810194081500111,0.3316293213196816,-0.00738900838969396,-0.08786896978807213,0.47546018787342254,0.2555358478914216,0.5236565383581373,0.1269203460148024,0.5316503943753188,-0.035399235870405665,2
0.7968087530588736,1.0202075510676352,-0.10722163067440554,0.8215079959774241,1.2465358647297373,-0.3200975139876377,0.1477077048878443,0.27933286691171727,-0.04690492444166755,0.391412714853272,0
0.35192210134506635,0.36516588864010757,-0.055052484680099184,0.31969259032491376,0.5543141660347458,0.531398051501333,0.5450425663843333,0.21986049562263682,0.8239349554399277,0.123233402596659,0
1.007956360292329,0.5788366574712281,0.673416854981418,0.540133279381282,0.8332274005698603,0.416428047865168,0.3236924895889501,0.5815636823052086,0.4269622869842384,0.6291609036303439,0
1.0017843252769356,0.30972241265997036,0.5057216331945532,0.9289217080213346,0.034546099181582864,0.25830117012338477,0.8336485521510222,0.5653801237306157,0.7005702224476772,0.32456689916402665,1
0.6250340628318822,0.5154082487618642,0.6997117848323328,0.23214388795767968,0.5716588543393908,0.6258757610620622,0.3460483336378054,0.7681322943589983,0.8230393788988595,0.3557043494491719,2
0.8430208319626056,0.09933869972646067,0.595807778315228,0.298822199273331,0.14249841461425028,0.6478861655254355,0.49734098423061,0.41540548584700704,0.16686757008102288,0.7253080626781733,2
0.8187332190650425,0.7629866091076307,0.7713014043604244,0.03849396329989813,0.8816988670274007,0.13704545442404456,0.19617100506498325,0.2638515597298165,0.823828463697572,0.9654856682889124,3
0.4330771416637471,0.5975597404656965,0.4399323247586973,0.34381841878547736,0.16711840853502508,0.597817659646732,0.5343062426022683,0.27261049745646376,1.0984203952893716,-0.011115749462622379,1
0.6561544584049029,0.6505982039778755,0.986631276260135,0.5160079704206424,0.8969360194445748,0.7100532498025819,0.8091308182427569,0.15834183684766862,0.9721962762380315,0.5025975023308606,3
0.47202427717366113,0.8715981532601809,0.5774369256299829,0.6994357443151902,0.14246005848952556,0.16214324459448204,0.10485901637825623,0.5522057406851527,0.4415682333958509,1.0308722227527722,1
0.11840295957423086,0.03595412371091652,0.4308563184949189,0.3933355664710816,0.17222298740526581,0.627737980039033,0.663525832582467,0.3758415058145446,0.461403253299861,0.27213448411155744,2
0.35234229882701296,0.24999637496927413,0.44758654195067055,0.48464642080198145,0.39527476546637635,0.10247223516303008,0.5094458557149388,1.0259920851067101,0.7059619992387267,0.3159470275581828,0
0.04281368150068612,0.939192778804611,1.0005319060009363,0.2288666438889734,0.6778103585332423,0.1524829867980165,0.4314151710428208,0.08122526337102812,0.8770357682349665,0.1198740935581539,1
0.3692838704904162,0.31389804923454817,0.09098280035373932,0.5195686431169229,0.5786844220553196,0.5976659986110775,0.5217035626986494,0.32216215831452083,0.8098741977536394,0.2498501298086884,0
0.9477676990559819,0.5149324142069571,0.7606859228673492,0.5257701674520722,0.9365059904856057,0.3381220375669556,0.29930138594067024,0.6215670561944071,0.43916397379076333,0.5726761029343136,0
0.6361424291844802,0.45322930011586593,0.9162553289690407,0.4873708413801562,0.993504057435711,0.4717044856575404,0.9750981573164645,0.33663700471317076,0.8627962277861485,0.1893865382581434,3
0.12119004417860528,0.25998767113820354,0.3065053437647011,0.1852001058865102,0.5462830227685733,0.42991637139660294,0.6479694095626196,1.1883301472957093,0.8308373081982314,0.4846246377294175,0
0.30763183471683647,0.9680441849135982,0.40918820030372977,0.4024649524106656,0.16607447768707867,0.6254042852415075,0.36833526841560893,0.5549579746778718,0.28563604054467057,0.5674190387500708,2
0.6909138505783146,0.542600741656461,1.0091888004524974,0.33917819821463036,1.115605541648291,0.38980244159184896,0.8457344345032329,0.3360738618530618,0.769270548670961,0.28008809947964786,3
0.9983603062759041,0.538178056193698,0.7567778840732468,0.5780691548198956,0.9030805935790939,0.3832759847461053,0.3342147372855277,0.6704557983182111,0.3677652675180187,0.5679550196802037,0
1.072698629478385,0.19634419592823849,0.43955829349425435,0.7844437529373969,0.43610164495539666,0.3163872416205958,0.4294186977304801,0.8310235961049383,0.5766438335881975,0.9388992134290312,0
0.20459876259634838,0.6902709327351451,0.6295589211375309,0.9097903197277752,0.16308980307283633,1.0336906720412355,0.6426514937376674,0.8178563564554143,0.6106885907712303,0.9316177544092086,0
0.955149331858023,0.2203464124893826,0.4491479067013524,1.2353881703186411,0.1236525221096402,0.6966170410038337,0.9825299642607876,0.19611175410296738,1.0271048836097705,0.34818576678442503,0
-0.0395776068377625,0.972185705604948,0.939261336859281,0.3195141960313815,0.7503207806066406,0.07383539994114519,0.3893445062837163,0.14421697688054747,0.90518842633206,0.2059682102264601,1
1.0610527676686956,0.06758194795521485,0.7845341716615197,0.7002063155894666,0.7751664907630824,0.42620854744221015,0.505140309073111,0.2346264583925154,0.48054520308779247,0.6603288334068903,0
0.9189716848118532,0.12301764988304227,0.2402404301009009,0.5728712844145436,0.44189725204835306,0.4539357603335415,0.7225013877978161,0.8016747390785421,0.9077961990168367,0.1418231561251858,2
1.0333899264594486,0.3637552694345418,0.5555698272212719,0.9717722119248156,-0.08744804752425026,0.3606200457922621,1.0768343903812374,0.4722695057261005,0.48665181238092775,0.25183568945497525,1
-0.17152043050063087,1.01425543878589,0.10799886503128135,0.35614610375648786,0.038364194264807916,0.3875382474419108,0.8121859125582682,0.9630341083483736,0.23596406146704785,0.6325519355915211,1
0.8573814003060474,0.14492383550453833,0.4125917488549274,0.8555351834203198,0.7201955218196692,0.7386009626390325,0.5971375469163667,0.6296040246233275,0.8325846062837172,0.7956734043209419,0
0.1285753401856576,0.06221445717615077,0.2710292849568834,0.2513012391063973,0.7673423224614029,0.5227654906963202,0.5111816028104345,0.9122350859431356,0.6452155324172097,0.5461560503613946,0
0.040312462240182624,0.852016107808356,0.9040792210440407,0.35216790164859724,0.7269548255473572,0.06789507800055906,0.413459522696051,-0.013570923469650845,0.9563500941141212,0.12591235746341542,1
0.4030637172591699,0.5740721369543325,0.0023683994909329265,0.6042726737638737,0.9372297167793474,0.17585707092043865,-0.15235769704315863,0.31486291059311095,0.2808895998423409,0.11029415482118067,0
0.6155083930910622,0.5518083067294903,-0.01895734316205061,0.37664677715614064,1.2863878991575226,0.09095307472450118,-0.2503730631938231,0.2576585272294109,0.714188102722447,-0.12116462971601949,0
0.6266714918293435,0.6856277631847189,0.1348021618562276,0.5849646084078285,0.027245553525436114,0.8854088745252652,0.6079732951301006,0.32191812067263204,0.8408276124002994,0.09641384104264489,1
-0.22123827372089944,0.6396102451912749,1.1503329789927141,0.2951316144951901,0.07091784331397921,0.2538335130071546,0.018779107319882637,0.03356709914318029,0.47497152845212826,0.6083873312587255,0
0.35257664462289307,0.7310658524539404,0.6245094250694448,0.32877995265663923,1.0156701379477309,0.6655867113960406,0.44677449517650364,0.6294569418477942,0.2903006968268898,0.058081371444132814,0
0.19967731084334617,-0.16611214915609457,0.5595051041885681,0.4606341368368068,0.36296710351840283,0.5266891465371998,0.5068870562291428,0.39004006835993077,0.7326289917967099,0.9875288872384032,3
0.0903142098838943,0.3925430006845978,0.5991885117316333,0.5832376542077086,1.1250480535281713,0.3487033858251275,0.7160017329815475,-0.12052572867815742,0.6765538906004245,0.8012668699051573,1
0.8505355234917626,0.7670811513680558,0.7439496067702488,0.07422798288736125,0.8959098409820051,0.1507597618122044,0.1943922306953061,0.22993133159443,0.8314077164983238,0.9377180942563661,3
0.8582981979401696,0.7727316721304052,0.07890053977962605,0.5849980300878709,0.04269740156227415,0.7643143911232201,0.854375298807778,0.12931367955280137,0.939296816156755,0.2811454802637412,1
0.8713354581351659,0.13307974117055033,0.20712877506081093,0.05379948669697735,0.7302096557313619,0.6579577930963395,0.8355678173064327,0.1277301981531121,0.3023756270480409,0.49241607832227396,3
0.3826021161784271,0.3597351870337034,0.06351820921171629,0.4846571505170456,0.6198423779622075,0.6070434525982984,0.5602711015941993,0.27189452959056243,0.7437953190765814,0.20988378544312794,0
0.5126951208742943,0.260345725399122,0.03583083896137067,-0.017410185832550606,1.240349173509394,0.019279951153296615,0.19477616080660246,0.2301595375322656,0.6925978312981811,0.08685465907376144,0
1.017772154187393,0.39384872630264467,-0.03129339863093174,0.4582981174517129,0.12711713449299172,0.9628291919894282,0.46542099492104105,0.46948639543909615,0.4647128489651035,0.8591987733195501,0
-0.7683496216909285,0.768073624095363,0.545789407511478,1.4658998097051588,0.7249620368864037,0.4866104549206426,0.8844097303425212,0.1618254787437019,0.32836389312657116,-0.08153831317179294,1
0.9360260230225395,0.924684632325803,0.37895645287817553,0.6585609210904438,0.8353750425048952,0.6978322556917188,0.394650945583617,0.14179179785932125,0.3928224771008627,0.49687801362851647,3
0.003310163679930679,0.8441887325736723,0.9093852544800041,0.27121826490009043,0.668812974554212,0.13272500514797464,0.45681536256463384,0.12635425379086745,0.8796293127497888,0.041205694932504866,1
0.973883319436572,0.9466917469823052,0.39801434254135537,0.6549405316684884,0.7899535564080357,0.7322670437126119,0.4241883262756596,0.14972059335145904,0.3957123636007711,0.5007195935394757,3
0.8471410021982212,0.03583084953813277,0.46900766765087676,0.14813876956288763,0.8852539104736273,0.7452473670643119,0.7753071278504543,-0.014799764943467145,0.40020428599935776,0.65196742001189,3
-0.40592116827659586,-0.614137633944397,-0.18615890420058542,-0.019536825598297447,0.8618610058091041,0.4345131233298407,0.6015547472460098,0.22362599265305794,1.4167909986953986,0.22714656020624174,2
0.30633612967591045,0.9718881539309577,0.40757527109417546,0.4016430463808319,0.1635097752621683,0.624367533746184,0.36986991210376063,0.5583954468264578,0.287198195226912,0.5667341486866198,2
0.4747966166556497,0.45161361523410526,0.1301915722705021,0.43952351294241887,1.0624474709307778,0.19182897360067752,0.10760765497747643,0.369473578415479,0.28102321728413504,0.27587575911107437,0
0.05691394055909639,0.7697029717050468,0.18662838660237469,0.650789628063389,0.427141997996493,0.35808445690362617,0.3278626690932271,0.8158807750113881,-0.09622369359195171,0.6045132315153212,0
1.0021547683058976,0.5183091190481024,0.7349331865988699,0.5391697396295801,0.891927231024806,0.38227787365681504,0.3665349452038982,0.6288040408446062,0.40524621880160644,0.5716230138899939,0
1.0156393061497215,0.5487843698718201,0.7021710809741893,0.7223678884474639,0.8118654716879807,0.24656243997205174,0.900109327189733,0.6491209540420598,0.9054040308642808,0.8358141551327822,0
0.36921255331247543,0.016247609851365162,0.07547333100381867,0.17149885394672643,0.43604921733342095,0.07124539319054692,0.4697888624481637,0.4454032429326098,0.5843626528538524,0.286326040978702,2
0.0630110184597274,0.8792779229365236,0.45723061339139554,0.3121869081908355,0.6800506630975308,0.2280162222258479,0.6681774440631173,0.2577815472019852,0.7295722779723873,0.2070934890250825,1
0.7234837829824123,0.16619889583401165,0.2742665165133883,1.2685515383882437,0.12706767424275045,-0.727297216942794,-0.3151677499004692,-0.09217528578842771,0.19070815218746576,0.2753609911024999,0
-0.6301692961721953,0.2251225070091064,0.24427959313743547,1.0575796005664526,0.5531400911412522,0.7513174487779655,0.728795935940986,1.9584068516683097,1.5286299066282223,0.04135759947238382,0
0.9725523011819154,0.9535345361958998,0.4119772255243334,0.6699804489503968,0.7830643758292491,0.7412339843493296,0.42384061573472215,0.15444338499842347,0.3921945813101301,0.4777502211441378,3
-0.02862363105174026,0.43651631174365285,0.7482587484031782,0.7384669735321834,0.045733127747126075,1.2339279673916281,0.63193226386022,0.7009850650284,0.727252973116971,0.8723738492061559,0
0.7945876565749013,0.84504795538258,0.8092487632068988,0.14744823169343152,0.9953164978824165,0.13769747701184074,0.2877323090046837,0.25441004723219385,0.8331382187868963,0.9210516988408228,3
0.8934752556975317,0.0872156569571939,0.7702514032255197,0.8989638456495205,0.7156497028742375,0.3703691430766556,0.3934697000568325,0.3614571668439747,0.5723402934335063,0.6115450820903922,0
0.6498947891692417,0.5035912674165055,0.6649288423630151,0.2804359129036871,0.6124431050014202,0.566696773983495,0.3838463201961423,0.8017549625692315,0.8404576140338704,0.34129922110830974,2
-0.6332846024166693,1.289672251252648,0.04862050087036736,-0.21191936940833422,-0.6099641173313087,1.3033255052723158,0.8263044584971433,0.2216262237514326,0.38662897337543467,0.5571725692108709,1
0.18449605603930713,0.11981877612166833,0.7227254616872477,0.6136488245149648,0.34905124562395623,0.40442450920894957,0.4933878737633357,0.22031202515165094,0.6374574325706459,0.3741160988333494,0
0.42991701554147393,0.15186442596885075,0.3666748652689275,0.34078336033404816,0.04942808362853299,0.8246544344162986,0.8959079011594409,0.7861150142156811,0.20420467513985624,0.3690588725652931,3
-0.044293445590410485,0.3554095491029125,0.1485205760197223,0.3535441564722055,0.9962421912714121,0.20274917094630318,0.7785563852778209,0.6498045505120341,0.5254606239041472,0.2775599043320852,0
0.07462755608778937,0.21554242133023163,0.3368377411516416,0.18532003750603843,0.7906837041730983,0.5483854161997157,0.54290758039817,0.8810674819177903,0.6299159885499733,0.6330435218353974,0
0.2339199077885154,0.04952818968485628,0.6399334795271229,0.02548617979787182,1.1871845359567483,0.8926723129942746,1.0397431924433247,1.04033735558153,0.7420842556248076,0.4572743544832113,3
0.22277674874049805,0.3831485801312975,0.42564849796266513,0.7226116545578378,0.866394345852324,0.6995946464994865,0.4599283533559135,0.8257038568112491,1.0446795497280408,0.5951814582428016,3
0.8672659604676072,0.6910276363088363,0.6854192067797429,0.06032290936276207,0.8370325363000648,0.08203380176076494,0.2475974686769823,0.19337125732058832,0.8919761950928052,0.9089692240978238,3
0.4943231995663462,0.07634984430038295,0.8660642519100284,-0.04756326218408466,0.8861750776291307,0.796460050129116,0.9947628762243182,0.9709872171638944,0.9107083664472161,0.3511964411430423,3
0.9971825529442471,0.3358364870944684,0.45323453711847544,0.8663376183700482,0.05896310832378236,0.24297027661806134,0.852561157015878,0.49751216534838666,0.5666474450106623,0.33494653605242647,1
0.3131632830927537,0.9683503646604773,0.40806298215861064,0.4051149314061604,0.16792055736777342,0.6214883360651188,0.37188961036562884,0.5561419067914909,0.28516655625820014,0.5680249474196817,2
0.7503697994676337,0.5598197224576209,0.524995293708286,0.13105878399152332,0.2955177504406408,0.7633195975319708,0.1374509418434875,0.9398382239018759,0.36964976854325887,0.7730738066946065,0
0.7232378532336349,0.23007248114258727,0.590418572354012,0.36227216275185686,-0.42860959372660035,0.735724261252705,0.3215945780006625,0.9518483638558405,1.1991834458198536,0.8664091721117618,0
0.579875066718153,0.5332768782359344,0.6779880568074611,-0.2855798913992402,-0.023330525067484786,0.7532839381688698,0.36691227849811625,1.0266898565587097,0.05374818057509742,-0.20395263504262762,3
1.0644213777078024,0.5822984437726026,0.630802516882817,0.05839061101075392,0.7649321707962906,0.3276820339924671,0.16732083203410897,0.38201149382704497,1.0064330302242985,1.020399505155265,3
0.1093978160635152,0.12275514290212668,0.4338955870716625,0.3596565165017119,0.7185006348053613,0.520410587304874,0.5158973645356677,0.9239945148572132,0.7563551292867964,0.5107442231964268,0
0.8330636996460776,0.7616542278756817,0.7443587892731939,0.08034871973558724,0.9069371797799987,0.14071510540437637,0.19275938449930155,0.23836970627374654,0.8271807946356451,0.9298075269711095,3
1.0228813878640153,-0.047548752226335006,0.9020795701344412,0.9880578276500644,0.4985699152817923,0.41267965357850095,0.2652422938092283,0.46459017264775354,0.3022895435237339,0.43246323273194565,0
1.1586650509052787,0.4886254654970227,-0.033858442561036,0.4008730500532335,-0.03230106288087012,1.0340169107262311,0.39107832941369064,0.461436037090049,0.2870131370454361,0.912468038168741,0
0.8997885374241184,0.8192977666711341,0.6857497577503571,0.10026556447109404,0.9507221920369981,0.1972781907634314,0.24783529043337382,0.26950887081660024,0.786000764745266,0.9215235796110577,3
0.5798289035263492,0.6156574088125853,0.9153104312336023,0.22888520834069853,0.9010179470909382,0.4053941329136984,1.1913643671998086,0.2800308750774376,0.9385373417166776,0.19050523399806274,3
-0.17761200022242118,0.4631907302874114,0.899188163624131,0.23248790124352905,1.6506972902747052,0.28118319290353255,0.510978240655239,0.05150589913611875,0.7836461179153167,1.1432651702366212,0
0.9052431021360916,0.08832755719735852,0.35597824837352315,0.12317438333772246,0.8218544907907478,0.5819863083801331,1.026980190820861,0.062479227372918604,0.2352819510289249,0.3929266994258804,3
0.9686817028979013,0.35395287695774,0.07818848993355344,0.31604659571967997,0.11999644101473785,0.8553253454361848,0.4185958020140442,0.5257511282700794,0.37308689114363264,0.7627927840249827,0
0.250379662923897,0.7974537417148977,0.5568183745876462,0.3295528554816258,0.5565827360124324,0.3080792409524843,0.11951835514164841,0.5931433566138908,-0.05582633383890111,0.47627144071064476,0
1.0133268139242058,0.524019682637252,0.7447305498688439,0.5324454167751786,0.8769854475537853,0.37966673001944873,0.3615654641125315,0.6365256340718072,0.3878795549153973,0.5866321761271039,0
0.9455536480169036,0.5748804077122109,0.7604911081229112,0.6591358999780066,0.8053569603019938,0.5873198716251721,0.5424978698538465,0.708528638119851,0.2255590435344773,0.45975132126670726,0
0.31576344779235455,0.39410973469423477,0.5603560474449673,0.08607058730100073,0.6276989781596105,0.3271876798756115,0.15692178530806278,0.5853076784549529,0.24931043316640455,0.33574542480468916,0
0.5141481177925364,0.0766930457983599,0.03124064747255127,0.18179172615923492,0.3844963243127637,-0.01856860973054565,0.4731044785919961,0.5130570097770966,0.6842476058039215,0.20298842297642622,2
0.41760188105478646,0.7485507568439869,0.38512406337660876,0.9770302427005517,-0.1545235335708552,1.2341001122172859,0.5249682078496705,0.7698380591911954,0.9653035612175207,0.6962253820825001,0
0.013773931005129872,0.8411329667109599,0.9738132707104145,0.32545958648506496,0.6436490161752608,0.21645950283299514,0.6438813434815828,-0.08037050138174937,0.8276253904812572,0.0668321964261347,1
0.18921583920044413,1.1343509927705897,0.4307327339664344,0.7477680714975807,0.7435222127619141,0.3940249145639055,1.1128798987487678,0.7154384953161859,0.411698978567436,0.32156029494071847,2
0.4117461361747868,0.14321153756284186,0.8294897719679295,0.032640672633679216,0.9427867069961697,0.757895862881227,0.9732804942982457,0.9186187570773381,0.8534459494712849,0.3649645473967066,3
0.7122723843407661,0.11382796507717281,0.5983648531535685,0.289159119790723,0.145883870749861,0.7073732862202925,0.46956826417844033,0.5506308162131838,0.05315092350533783,0.6028889293389572,2
0.416170557314977,0.21446109661470464,0.8178603894416403,0.11298393692600014,0.8530429250375381,0.7455672437181475,0.9180973056686894,0.9965722481895506,0.9398557175452523,0.4068862125275322,3
1.277464189691245,-0.39260290389334407,0.32972286080371693,-0.4844725418800988,1.729542514625718,-0.6516724845659442,0.5096246947477299,1.138992059571581,1.0773428563659557,-0.352359028609316,0
0.3237111311178319,0.9806902944957748,0.6345301198706897,0.8722566892323564,0.41582656219459957,0.0788093127747281,0.8644524242394694,0.43804137842723484,0.3016285565386628,0.62025298299333,1
0.0929707907816744,0.9753439770196038,0.41571109835119735,0.9387062721112376,0.9301683588801595,0.6012687481136693,0.9010759218069077,0.6623431852772226,0.14218189557744298,0.1267034269001731,2
0.6185191826026954,0.24497317619958067,0.9190577583768706,0.24166196147844088,0.9528965926590305,0.6187928483029188,1.181783292210659,0.09520457788978315,0.6728230870077495,0.06703764772268142,3
0.7807870298020888,0.19511955788550736,0.5883536505051709,0.40597531448348945,0.1002227095765028,0.7650511861193031,0.50004529225932,0.45209220516255894,0.06037311997691362,0.6165447055538916,2
0.8322630077280295,0.5808385409348027,0.8167238363482247,0.25885796979715514,0.8460295151493442,0.776787672477246,0.34106701293579106,0.4910574570353786,0.19251141964219415,0.38202287315117595,2
0.21570367732734858,-0.003850298149137725,0.6684497246316345,0.21725420572651163,0.26569267763254556,0.9421166143346936,0.09360932832784617,0.8576256083915966,0.18667928838402736,0.5133069866097191,3
0.1933961336976378,0.4875967131646819,0.22567528405197823,0.38107893938936194,1.0154102650331682,0.24975670361942565,0.07400293863266913,0.3663928872266446,0.3131196209272103,0.3791355174653923,0
0.9527649738549276,0.5552300602014077,0.7780054192457121,0.6391072370811699,0.885611380174554,0.4773605608462604,0.4458051236939847,0.4658346329126254,0.38120521420368797,0.6414503419841334,0
0.9156751452147467,0.245188336541225,0.3999262808621837,1.001529368355783,0.14425281385342179,0.33640130629696224,0.7696272909757391,0.5991097439377582,0.45565321448497753,0.35587261740005477,1
0.044626264890672424,0.9220438811442923,0.9824550684512725,0.24896034283700538,0.7004750016354452,0.14092614509203685,0.436800602850585,0.06310926072818099,0.8793155824392793,0.12831930924970728,1
0.032156284425826256,0.809889562546694,0.38037600039657843,0.2798071557288448,0.7243981748820295,0.23294313907886677,0.7127615648936046,0.1926388028217094,0.7651252732922664,0.1933112262864129,1
0.0016308948877023013,0.9809533227736652,0.4359330205118162,0.872199474579946,0.8081319381703593,0.50829445112196,0.9703716557051367,0.6658058842192233,0.20933771148800706,0.1617228781939016,2
0.02140193876529633,0.9115551524166603,0.44531535670378436,0.29139607338617834,0.6873196601330128,0.2644890813837344,0.6125103011769563,0.22391487666306706,0.7465085660642659,0.28518777632549647,1
0.34091785649568696,0.9333472752752725,0.6808078101781992,0.9140838015329138,0.4195579039286628,0.09736779435941004,0.8826702669510963,0.5032364097102907,0.37955016819670895,0.6377249379429273,1
-0.1332540407079757,0.4089956898718762,0.5019541300313438,0.6643943747646428,0.13755296541602596,0.636643605721702,0.7348220951599581,0.35872114810915956,0.3156555382305264,0.30719644036711846,0
-0.002414786972852148,1.2058323602871095,-0.10941391345657396,0.9815368868906627,0.37888442143470125,0.7162399869352747,0.4007083424108304,0.44374935171616414,0.5088145070213467,0.34276701267077087,1
0.7756836346360085,0.780381295964729,0.38295134278218995,0.1882752208953435,0.7225667047347902,0.34279649269581086,0.91498448700226,0.6035800934649471,0.6832536411094283,0.7229193782474845,1
-0.11514246029501812,0.5009300078376997,0.37256019126567985,-0.1322513436734955,-0.11715413606715933,-0.04358573937716553,0.4553566188257654,0.6457983533315313,1.0842237048897068,0.36343672095137003,0
0.07883287214383919,0.8727784352153239,0.44442494036484237,0.356572353817441,0.6921437603475388,0.2758332060692803,0.6156416115484155,0.2127417294219596,0.7771846711502038,0.24457293756879878,1
0.7987312629854095,0.8208395282794219,0.7253029412766471,0.06776593112583995,0.1168823827521087,0.73004935826748,0.07695754877064062,0.8710508303162823,0.34001835809237313,0.5071788676519282,0
0.036085062694363096,0.1644877152628104,0.5584665696337138,0.40178210289802396,0.21193899441856578,0.4137576842780351,0.5842007478670979,0.6373093303671374,0.6154389535513927,0.5070954210840144,0
-0.053351490220237496,-0.382706082148907,-0.38673515623813903,1.1170479670979927,-0.04208572025619994,1.0215877895111056,0.5270524245118551,-0.12658420817482025,-0.07960737447901545,0.09592498067454486,0
0.3221060660256878,0.07900216630198777,0.47577819539662825,0.38316044707744834,0.2041426972804584,0.47342682330377706,0.42610377053067844,0.7000535753043152,0.7991012691230699,0.6488557520180659,0
0.8689642986181442,-0.02563658287798623,0.30728393363792367,0.06299837610640383,0.7303961676876954,0.5888912255344161,0.9023878109176562,-0.011732808768408279,0.29604829130892213,0.36245853310708476,3
0.6997828307903727,0.016655286086057,0.5398646757687439,0.6072634022650838,0.19494590264005573,0.587905618525465,0.5712628259329964,0.7100357622741802,0.3239455838682471,0.35086761790375515,2
0.23011820343802608,0.030023269920266344,0.6744824610179324,0.22660118226364442,0.29898655734286766,0.9247742084220213,0.11376568753938412,0.889980773723766,0.22684113043941842,0.579076139161888,3
0.6290437015985594,0.7811763944401182,0.35714964823731543,0.04800539936137669,0.9266569637375315,0.45639766896391754,0.8808320284212078,0.7710696283654468,0.6841516186225569,0.7499941880686299,1
0.5124466534306644,0.15766149476117375,0.21878450828685977,0.9219268761739869,0.7717627369467059,0.39672784472557193,0.22487778656684154,0.9594831711263649,0.9130555054405467,0.7773832940442279,3
0.25103105429571304,0.029401026938974294,0.6696012794063955,0.24126925516707023,0.29141714431614046,0.9287753146303126,0.0943687467113871,0.9157765756288767,0.21539956958495782,0.5358266822504123,3
0.9623440789358749,0.3534558400166852,0.6609782975796918,0.6915998975689164,0.8804988703341695,0.20856352759442368,0.8628619348734463,0.6107284135849907,0.9785159055234031,0.7380520978550575,0
0.5926842817843031,0.4920977731224685,0.6465432419969387,0.21166970662848056,0.6101895967596709,0.6039194572841217,0.3224934121589125,0.770451562861724,0.7704576469557377,0.3679008546404554,2
0.3459465981721929,0.14904545148084627,0.8035471579728342,0.06706935179392978,1.002067392453029,0.8465026729223746,0.8641199896441001,0.9083489974407408,0.9585545467283839,0.39468578428953943,3
0.847776936053567,0.7748065579946458,0.7330854215186752,0.06770620980498353,0.893956790316892,0.1405257451980441,0.1940378810725953,0.2369510185548573,0.838433156444282,0.9303438683369737,3
0.989297507699915,0.24414226280877366,0.5590569003485655,0.42947979329769664,0.668081403620776,0.4395323237299196,1.0888167566536522,0.8888830471453515,1.002200644127712,0.5956166095833989,0
0.6124107656615689,0.5101167058846661,0.6823939142511597,0.24860013475717407,0.5849129647102411,0.6178944536539491,0.3374486005493348,0.787399116312455,0.7986805708460247,0.3680694820323334,2
-0.16362553186354492,0.7436176613055615,0.5802129694486903,1.003102263742412,0.7485811423258292,0.643388332655948,1.159465761076513,0.88379464556705,-0.017423076955376204,0.28901501744484204,2
0.9080077435810475,0.12893987666259119,0.18389248262155058,0.5729710412094474,0.5039757127061627,0.465148544439008,0.7392288961330818,0.8307083838379946,0.8729094025178001,0.17041743946416452,2
0.5434244097591664,-0.05488920994443455,1.1298724565934757,0.8086308906830901,1.1692112593831443,0.16644223192501695,-0.14366968184669693,0.0042752333485645,0.39042710279748477,0.49010219069498934,0
1.2373550088419303,0.3758407106852913,0.16702572947971772,1.0003568233797901,0.0007422114263956614,-0.13724344817334844,0.9819831569903548,0.7126767461687034,0.4281334830907338,0.7510425794846993,1
0.0329787134381447,0.8980851378403523,0.9527322253422346,0.26235829335406996,0.6756349662514053,0.15771328524711542,0.4404067169975093,0.05763113110345512,0.9000140783232401,0.13712858996109606,1
0.6909127951828142,0.892228137641804,0.8512422272309047,0.17264099803418184,1.0023496107158814,-0.001970143720124551,0.036038731503596294,0.12269550955245163,0.9098728206780701,0.8711115273086403,3
0.2688400302083181,1.1975925893924981,0.5279733719075382,1.136882794832102,1.1118041646401446,0.8924848944198188,1.0449351015473032,0.3908562137722747,0.06051172698185492,0.28314068374948764,2
-0.8059177422034307,0.20884864908419798,0.4022140070930612,1.8710254566870148,-0.2939260797823225,0.528122451868257,0.0719311262344402,0.48704634299527483,1.2946825583259232,0.4003177170433128,0
0.6104872179740594,0.6865425722538944,0.14293428859667742,0.6055983216128155,0.048360278636928544,0.904612696164992,0.5895056131596321,0.317974842345561,0.8709250997483141,0.08277672959057789,1
0.3381624955884393,0.5175950773590879,0.12432029228744741,0.3818285947480792,1.008241420556291,0.15772648359400632,0.06701189416335174,0.3948823764083478,0.349251753575633,0.2765030513382499,0
0.24476903053470486,0.2657712033467166,0.38665085357116047,0.42603680134582983,0.8922543679481634,0.4846390032898402,0.6600273432720998,0.9010579749387019,0.8645966466189692,0.7254836583142755,0
0.08886241140443207,-0.11891591619674463,0.765781562277627,0.5755894104186189,0.7676733401283334,0.1989223924763875,0.379083455209679,0.5076758545049305,0.7690536493569425,1.1378142751925884,3
0.6045414582396738,0.7168372193871968,0.031044810897995934,0.5000765017938789,0.6506233649936175,1.3017460600094375,-0.11848818741520223,0.41569936484951625,0.6476031973954951,0.8082047783102646,0
1.1031366821585498,0.7340686417071471,0.9388817873777763,-0.09671886338701816,0.6774735460325594,0.33246328799664815,-0.05150640969528661,-0.00427276614391861,0.8286681575940976,0.7160036107135368,3
0.24928906017100275,0.15536855891386375,0.08995611953103781,0.967545187083059,0.34940825861049074,0.33749983562024854,0.3970258271867833,0.5341653125176042,0.4345554179518626,0.21282929220361874,0
0.5511393091663838,0.49555073710414066,0.5370743881177318,-0.15989492672193173,0.6485707631617973,0.42413855861013805,-0.24918779892618326,-0.1038428072797975,0.6514981706995264,0.9113790987486826,2
0.22246036226857863,0.8058573247650537,0.5438387258593957,0.8683708715275735,0.0911737854754357,0.9947441018557212,0.6783740419623047,0.8481194848470699,0.6679500051828154,0.8804470843620854,0
0.025349055107805767,0.9015841535551934,0.9853680376734546,0.25008750204509167,0.7037306215552098,0.17350809397407407,0.45995265954391573,0.05005980552547086,0.8748224862294219,0.12044689161620677,1
0.3581778041341426,0.8823947129513847,0.8738683224556679,0.6086793191638828,0.378910947158992,0.6651458843021668,0.11191897488563751,-0.15314092246982935,0.32700743595447773,0.4732981823771949,2
0.08272629548061669,0.018240842466439817,0.39869976974141486,0.5395140662841335,0.27601461293430035,0.729363232777226,0.5137796615250012,0.5147935335103271,0.34139201580679734,0.1473213342623551,2
0.3293336538034073,0.3249959860555629,0.029454999978355705,0.49427079201693097,0.5875758998189107,0.5833290671844161,0.5355591791401711,0.2797967265277881,0.770923828010242,0.23727473836616067,0
1.3143889702203224,0.5420631854486484,0.4966013578779968,1.2062856274394769,0.9680981552108129,1.293821679077038,-0.45761904218215077,0.25041282612046956,0.39565161413621114,0.30659654310026163,3
1.1625272310098964,0.14888126286815676,0.17217357647265857,0.8898298170787572,0.28028998724883736,0.2678899684874871,1.0018872002032004,0.5033000488301191,0.7491557506301388,0.4620393619276456,1
0.03906936618172853,0.9946070197876545,0.2812856972635075,1.0434807034293145,0.7679631104339714,0.5398058902670088,0.9050296772327958,0.5026339118440657,0.25484184605869453,0.018759338127700975,2
0.2438425268950355,0.35854512008842765,1.1128264441609452,0.1692538976880867,0.9340372916869911,0.4097863281164759,0.6104488600914011,1.0625327081194624,1.1718790730338795,0.1669915469705858,3
1.0143009000403125,1.4402561126073188,-0.39001195225833385,0.8093400044590331,1.5851908441596567,-0.4604892406988641,-0.6333366223426734,1.0784631510496743,0.37226861200347205,-0.5092168484340247,0
0.8238888180707813,0.7196534814569904,0.5186700086074589,0.24407479233248414,0.24562490390752134,0.6928653137426656,0.16646068800542563,0.8033744642665324,0.3057139617239935,0.6098648613332408,0
0.39005210828579917,0.7020366955682258,0.6267773191513475,1.0839323170557356,0.09832521808491226,0.8419133308145523,0.6021230642690354,1.0720955094041729,0.9057962569803906,1.0229003114831603,0
0.8944704665938217,0.32563556633850654,0.00247058818529082,0.23591131133247203,0.059380015145722734,0.9292478770307672,0.46054053939052897,0.5890600640680953,0.4542210252161201,0.8114848161648394,0
0.0395417974758896,0.8543848452359258,0.47989975633302456,0.3026934485564837,0.6636515450123739,0.2118245195184474,0.6567117652085062,0.21632855955243957,0.7621542655749617,0.23163447317430358,1
0.1993514612446537,-0.005845602598684524,0.6263296322447632,0.25323750194525635,0.36841530376099896,0.9838853859647929,0.10117902631536863,0.9243143729194516,0.16608758923570655,0.5426204758048134,3
-0.34232927556673864,0.2466030603484523,0.8228541327454506,0.809192954720969,0.5631969872059897,0.5945443211823409,0.3298917023362705,0.060661977950028145,0.17047552008874617,0.589273752261628,0
0.5919158672322374,0.676648471469812,0.3301885429430984,0.06761916715625327,0.9537126461470484,0.3871425902942095,0.9447829976682672,0.8124862343380206,0.7871895109637626,0.6456407244120526,1
0.9598444117595907,0.004559760164337956,0.67265956125075,0.5597170859492446,0.5866305513641481,0.28640566476863183,0.2247281694946617,0.21435612029580453,0.4118401741831961,0.463873253178612,0
0.7143497622180245,0.6640246835565629,0.70169759664333,0.4287675597686237,0.8443701837611124,0.9606010092443086,0.39869442209085604,0.2900544151410985,0.16272882145833678,0.4182817952249972,2
0.398891936938277,0.5678118605316493,0.20517452072687767,0.464468527885939,0.4720150799443081,0.48885871903182604,0.40777912370825325,0.3416953989330278,0.5543560357337068,0.27657627857669703,0
0.9948766431650894,0.07237486910019131,0.5536368182301732,0.972662405935735,-0.19868261154503525,0.32483806522791214,0.5864974990843692,0.525778073939709,0.33538726043419664,0.11418852756514442,1
1.4455020888560093,0.8892508451763999,0.528642788817031,0.30990469404535737,0.8984947674590893,1.0108897561415835,-0.45433349873763984,1.3675190237887702,0.17674286346548324,0.7790314367888761,0
0.25649347452340043,0.16119049558448062,0.094621595457605,0.9626524995259362,0.34896675861769283,0.3435871778416185,0.392592237458052,0.5311320941003045,0.43792085733285196,0.2055821002145288,0
0.850315905803809,0.10021363306142539,0.3585912312221933,0.8891064273235323,0.6704514037688483,0.7551194654517286,0.6209043889157927,0.6363372202163008,0.8116293206963875,0.7538077021679637,0
0.3995081755291973,0.580200462396171,0.6753248849595551,0.7138028644014716,0.7759027032922683,0.5323867243195389,0.6142036776799561,0.9630285811302238,0.9315713140776711,0.5924131323838464,1
0.19575166152074824,0.6222550322564463,0.37737715884357154,0.43862849965190376,0.42352074696619346,0.42974465473240214,0.21664021512859466,0.6788163034665767,0.009287610678495367,0.4826753279604752,0
0.7542247707681994,0.5190166988942442,0.2812632978009836,0.8352962439293925,0.06529699360633558,0.02957329905655187,0.7349804053270881,0.7286505466600977,0.5563592003328731,0.43446143468945436,1
0.974714397708159,0.35522241081869915,0.08340094089610983,0.321619167887548,0.1194144982846191,0.8576702538358486,0.4242771568154456,0.525484794346232,0.37930534977346975,0.7658219668019002,0
0.3070199780733685,0.9714200537430928,0.4093905942233193,0.4020049378062982,0.16465432199451274,0.6208987905138301,0.36703303085358924,0.55250606262374,0.28512608018132757,0.5669044597931165,2
0.08331708707099021,0.17241593131446026,0.6886258057278671,0.5986675564691245,0.25975698213305837,0.3968573485461942,0.6029398181480068,0.21282423262740502,0.6423975237754302,0.40229512665155753,0
0.8072347707689834,0.08662415714525072,0.6332797481246774,0.3050771901989796,0.06674110967385113,0.6798324504168012,0.46422604920944427,0.4937920618516907,0.07354049722065001,0.6787557559320834,2
0.30888763669276104,0.9694323865930766,0.4110085630907709,0.4025931000137623,0.16581945736211068,0.6243418106164861,0.369635026262683,0.5566929449516134,0.2867769536293439,0.5689580037830893,2
0.775085653367494,0.22778401125781977,0.627606884277906,0.8883493820371784,0.3200538785891269,0.8318522787052535,0.899233390014673,0.2671324754770087,0.7381146784189762,0.053115679295894204,0
0.9719433431499778,0.32124613356596476,0.49093251313701364,0.8634934690668449,0.07317003810154564,0.2672711307386751,0.8748440829089998,0.4969328402255584,0.5582005465132361,0.36394794066977804,1
0.21983409904112725,0.6408701408140084,0.3520782245575847,0.4259039047090556,0.42417237244562295,0.4599363515680093,0.23761829355314654,0.7348463187747202,-0.009828552335184135,0.51275180921342,0
0.6907018091552657,0.8285297331792841,0.32546922049777866,0.10625216543772775,0.8855569233741059,0.49396681823236643,0.943601380825131,0.857058107030691,0.7161296748012766,0.6640844002149217,1
0.7689855605100676,-0.015525317682166445,0.8905688499406543,0.49491114462329555,0.7122334321722351,0.1645492402282304,0.37423497427012076,0.26187277900127354,0.8114774458858223,0.9373358673312175,0
0.9657400507689942,0.6697937684948042,0.8413657507715683,0.024564567581292093,1.0707852858016025,-0.023235496101592673,0.37003215347206986,0.24151673407038532,0.8163060086265145,0.8517443693314289,3
0.007984169192800046,0.9889917166052047,0.35150835360000504,0.8883161180681075,0.7525443015298414,0.5843967786786012,0.9174688412099941,0.7111563270732162,0.12778954702609382,0.13599126829411884,2
0.8921803723760765,0.5560255026128541,0.5703628646054775,0.6845106540529311,0.7889335192026519,0.35001924942766105,1.0302397205095635,0.563885410598187,0.89624611477231,0.8487816608948628,0
0.1240612475640637,0.17848666011517253,0.6627163057777974,0.6018682224996177,0.2614617898250685,0.44145258015029004,0.4976530358901253,0.2784377143517351,0.5160171972911757,0.42903708165154303,0
0.30615778830858487,0.9720329889183909,0.4073617820764168,0.400019164696753,0.16614911845127547,0.6255530406442027,0.37224400048366146,0.5536555592871393,0.2890902704424631,0.5695445288229861,2
0.0861055841354691,0.014402054270380974,0.5028408158896629,0.4231191470774725,0.1530030576780128,0.6660378473001306,0.6135018449695421,0.3692337087585367,0.4807286410300437,0.30168633196502465,2
0.2688422039361561,0.057405537204276616,0.13195001452711536,0.3227290743889766,-0.14564216486086104,0.15676931415699502,0.7943786813313161,0.8119098489124573,0.8677078920305306,0.3575576336037667,0
0.5374856048303154,0.3029107094176837,1.0872877816741997,0.6944421750926641,0.9257910760530275,0.3144983048178486,0.8315355754020226,0.20556803824359743,0.7520908147051318,0.44246778568397815,3
0.5707002984977451,0.787206156369272,0.3486710517603941,0.07001858477125461,0.8547026676306442,0.4113739353171153,0.8427321197313297,0.6962087728868682,0.7435159277907376,0.7209728215383154,1
0.8369383776744026,0.34284658837185233,0.13288160220894346,0.3156813713000501,0.08128375378895779,0.9817817918028845,0.36336822763465587,0.5232757497847099,0.35591758406641744,0.7684755189992657,0
0.7041504368591094,0.49099581558420685,0.9510235235018509,0.4261928226465553,0.9813721829234322,0.44115601091011997,0.8885625499650335,0.45389666511030397,0.7973234316453864,0.17668491556911767,3
0.0025504263647620623,0.8612779799294541,0.16288862550999206,1.8764908065776829,-0.7222524070420178,1.0391089554572415,-0.2674241082703538,0.025527652147157548,-0.2765186017585607,-0.6819824730891642,2
0.49765567324495186,0.8829117097380195,0.3531812193764742,0.93170463516744,0.9056122763753658,0.6466242241945294,0.9856655859130651,0.9354035404837526,0.5040311436013744,0.6409191420718415,2
0.6105274976976615,0.5156669032241383,0.6779978450908236,0.24743740766373004,0.5891353873448137,0.6220293246279037,0.3337895699369167,0.7862484583863552,0.7986534485655321,0.3674375169685968,2
0.26076738080740824,0.3277160072350389,-0.35357191448414743,0.6809471196744585,0.4319477486109303,0.9924541228563583,1.2266070698248799,0.6878833090116586,0.22946319812926202,0.3587208238764832,1
0.31110887212488697,0.9708488283618341,0.4086427955642132,0.4004613002078865,0.16594110931384382,0.6247260438432314,0.3693349143587184,0.5557797731033383,0.2848474258902885,0.5690176099280579,2
0.131045151408734,0.9297150512586135,0.019200380168782814,0.6167279431810124,0.35967922527065077,0.6923108743670437,0.6326005237334033,0.6917862506306083,0.35427071619209777,0.5174593159892216,1
0.3248639438560911,0.5627166121279734,0.5870663846346506,1.4860319960926576,0.22262344539536089,0.5646934507755765,0.9783500730895831,0.68896531647358,0.22767519115790347,1.1303436259577262,0
0.3099636423816163,0.4704245112049529,-0.27217293158928285,0.5636129873184261,0.8573601553035327,0.8663080230396445,0.593265537752706,0.1325221119256387,0.8806850422001871,0.3396295354898794,0
0.6203711171934373,0.43645314943747054,0.7320627467432482,0.35653026263862286,0.5925335056779395,0.6524518778424682,0.4280532290670274,0.89631504584216,0.7581809351968046,0.3480577364078355,2
0.46126178885145397,0.24353198428289924,0.51345938111912,0.6919598779975642,0.5820793481046163,0.6273336895206366,0.20670704342939095,0.7236838165615809,0.6853728595139298,0.8815787188207721,3
0.918744088076933,0.5725067168454825,0.7028494569695483,0.7785639425958857,0.7760078345569241,0.22828968478651032,0.9950666596997652,0.6147323219889193,0.9045251534478597,0.9434389998060393,0
0.1908890905630788,0.04178163233085794,0.8030924648857769,0.6657306776547752,0.22289279043448032,0.42317846716137547,0.2553454621291287,0.2515917822139167,0.6827722055062178,0.15033140754278243,0
0.1931149674454031,0.1432560691282993,-0.26630747781253217,-0.033336056590943824,0.44290160947337537,0.44869396950874774,0.5343021746059544,0.16118035040143458,0.9906891060228475,-0.036569732973886326,2
0.30696115346836494,0.9704372644399885,0.4132293297167923,0.4051900603590067,0.16334421006758437,0.6262179133882639,0.3706797622920739,0.5563800984507319,0.2896505362109228,0.5655676038218038,2
0.9646221541500059,0.8947862129196397,0.34970587244778034,0.6793528028885073,0.8380059753162432,0.7250131110532787,0.37613923508846936,0.11230468118038864,0.40075914117513745,0.4893366168472157,3
0.6704197215294087,0.47408345935966983,0.5739522304865643,0.23297932448880698,0.8274290416997456,0.5627750347676634,0.6069959119009494,0.9148516902183952,0.5081628808625973,0.7447285953483798,1
0.6174722599127724,0.07342636471693609,0.2004051194905594,0.34817044532722674,0.6248459753883364,0.6917353427030318,0.7936855702896952,0.596701716484171,0.4996436456626759,0.056383579049279264,0
0.3867221543836466,1.3430869308613507,-0.5766101513158837,0.633113473357756,-0.2100899073819087,1.2958695635122153,0.6359701387024306,-0.3020178461202836,0.8246580569762116,-0.5231455700928771,2
0.3090214849381163,0.9691555717673969,0.41034570662362696,0.3998309047628255,0.16351584223599758,0.6225218371394418,0.3720639376628577,0.5543153095060422,0.28279533102166826,0.569904024081809,2
0.5146281592095521,0.6307920906105182,0.6146769603823967,0.5846240755163854,0.864239540692313,0.433002118995375,0.6856255923024319,0.8614840197169271,0.9193964984650331,0.6660295078570289,1
0.11329748796077978,0.04624904907437787,0.4060477173973074,0.39042205033144756,0.15858488393012415,0.6012473538526846,0.6273811140161131,0.34151979629156914,0.4237544191887405,0.24999460839124696,2
0.6450233830006888,0.7989491892671234,-0.14684589221337546,0.5027991855655534,0.7851138436417522,0.25904710661083263,-0.25406692647538576,0.6182501262346047,0.4990063936213671,0.040432324766918326,0
0.5931808877736154,0.4659200429176562,0.607654566789186,0.26698556077510505,0.5888790002054042,0.6060048904846828,0.3194243912202603,0.8370853250459298,0.8758081458168471,0.4161597933026224,2
0.05083501789397631,0.161473479553252,0.266445606443109,0.34062501116835814,0.9577791176899817,0.5080509960320554,0.6525699259848754,0.8112329935497014,0.718432472993651,0.6421122874985806,0
0.4163042725019956,0.16295112705569448,0.8177533153256161,0.007486651906446352,0.94295897420389,0.7602393448218508,0.9870963432377015,0.899215171615378,0.8526237665106436,0.3443409991098579,3
0.9670443419565239,0.9612042305065973,0.12549446939135983,-0.19949229317725387,0.22699273810001952,0.43285415318337533,0.29963860056592007,0.9712893047924599,0.1761111120679671,0.46028266702011966,0
0.34836232236800946,0.5705254798509026,0.1272636397574785,0.369470532146341,0.953168750220973,0.10874005760401732,0.07214252733323939,0.3383114659574746,0.36695176065214324,0.21624318103336443,0
0.21138810963005905,0.18899866605844443,0.816706645855686,0.520472150792344,1.168935660314205,0.07460574999540345,0.49747034848362665,-0.358297308221766,0.8432985662162965,0.9291142658545545,1
0.10209817828255309,0.12120470980832274,0.7645038873126724,0.680737657827347,0.14671396364678418,0.5340163549460605,0.436711248139276,0.29793482538673965,0.49736659731907507,0.37814778767426993,0
0.22158822193552002,0.6849263199001656,0.7339951727591542,0.3131657738345515,1.016137753766045,0.7300890077724691,0.5988428013106845,0.6042865213982948,0.41785439153431625,-0.09713676470521972,0
0.6918662547765942,-0.11936241131225514,0.4576781223415797,0.5421959475758273,0.043480336724282836,0.4037807611916419,0.5450864947933377,0.5437039113641677,-0.06201755161650832,0.4583133120181051,2
0.14845481491722234,0.09721436091561687,0.7500886965742247,0.6503588452345924,0.26578085690072617,0.4596801960114842,0.5458805285016765,0.25992315555252243,0.4968331310523204,0.442813904186121,0
0.8260545546451721,0.4014375037527688,0.8290355829323468,0.5058886819850485,1.0180131659636793,0.33111660547978017,0.8120089008362434,0.531037668404474,0.7020013692314269,0.30010245385635403,3
0.8925377344466626,0.46130302211370333,0.7573963139399027,0.7936299109873711,0.7423995150565962,0.2965392729618156,0.9138467192179148,0.720030138190729,0.826557883928659,0.9659984203442328,0
0.2096722746334781,0.693029310464844,0.44870143999448353,0.4111279076848898,0.3106033330101724,0.40159036826488165,0.19666030001872917,0.7241341271904442,0.01533850036759126,0.4402680829964951,0
0.2511354310231484,0.021310410071316482,0.6914566934335558,0.25342242620066663,0.2891783668474512,0.9504071758187747,0.08988973524163961,0.925961868506993,0.19087748288864245,0.5352318048774128,3
0.2498867268142946,0.15678146694816772,0.09259246707517627,0.9689752252889253,0.3477924563947272,0.3370699087809838,0.39511520066127237,0.5333269688889062,0.4351475640878573,0.21464863071365553,0
0.8635732905502026,0.867504345290807,0.8640924509627732,0.47184224083332627,0.8251084407910524,1.2060891998195347,0.4316496404627371,-0.036904668708773514,0.49617668684750527,0.10996972441586117,2
0.39976839039233997,0.09315720481337271,-0.009184487156114501,0.2821562681456054,0.2999649689301389,0.06074905280464509,0.4385023678170599,0.3602086804028277,0.49086341049198523,0.1572698783624438,2
0.1729273725682695,1.0286689398061362,0.6000691232494672,0.20410087278698638,0.5433654437359339,0.11894765736471419,0.7399592723258962,0.12853381409775005,0.8029287792347732,0.11429794374045002,1
0.22031756644533398,0.7687737294505851,0.6009344208542957,0.8491704240880829,0.1386079985536789,0.9407107045087028,0.6837731529649047,0.9229049906365208,0.6685440531718919,0.8572163219424506,0
0.8188819381738459,0.6368323067448477,0.13913806202496448,1.20132848344161,0.20301129379841104,0.4550701104152852,0.9850084249991118,0.5469969714636982,0.33163862124412236,0.39637506575361,1
0.854037474983517,0.870030260807805,0.7395386335663066,0.17030214986033698,0.9382077259474285,0.17971812591229436,0.1463222701552252,0.41483089743058044,0.8160121702848325,0.9606751317649744,3
0.01092544471260549,0.3700972597571535,0.5603990463160906,0.5471230677653174,0.8621850390665271,0.29488470836362474,0.7205027928538329,-0.08698577542647186,0.575251454595265,0.7891015849593046,1
0.14744432904047014,0.5737346198031607,0.32142489956765447,0.5738007157151988,0.46313830917113785,0.25387722012048486,0.02285538970040621,0.8438392543032404,0.21304901449270125,0.5532305400817392,0
0.06634199532658089,0.9712493544554894,0.5404455187484921,0.7774544984828123,0.1999255398645639,1.0130952379523062,0.8347955738844729,0.8743028658390505,0.470368496301816,1.041904181391202,0
0.2115324349859541,0.0336248726334797,0.19904509743769797,0.039348890310573814,0.4546521538676118,0.009278506264068231,0.248578515692087,0.20418388968775797,0.33045537009651743,0.4007012637553979,2
0.9287114263502357,0.4732493258914688,0.679257799748171,0.4531798612883164,0.9013251838521039,0.3269147915819812,0.34458558645690196,0.6066222613493345,0.40213230860654425,0.6373066601197382,0
-0.7269938551690169,1.4036327312179122,-0.4196873949708337,1.6846543105335359,-0.2666848490225927,1.6078976740058932,0.9978142013011091,0.7762864484967839,1.553000142949236,-0.5719879713234888,1
0.3188458046915625,0.04581357098441337,0.9054867785983566,0.13614074598659726,1.0309104080416251,0.7517629388750208,1.0654976841368826,0.8223100146470181,0.8682465224805925,0.36686103410360205,3
0.21879658497176346,0.06596357378822766,0.2895893826918973,0.2806394733658937,0.6897498719334078,0.4916388938295238,0.6089551146618783,0.8333013712388389,0.6960137928407966,0.5146320695906856,0
0.4636644752800344,0.21210056229228183,-0.2058467996444041,0.4573007994088583,0.27772456001824225,0.5131609030352675,0.3955268820654214,-0.12676970099573193,0.9897370447987757,-0.1583687263442347,2
0.30902619548143156,0.9717613914130881,0.41111653413075705,0.4044610145674888,0.16366132033296227,0.626127405558765,0.36869710634896535,0.5566131409959277,0.2846719582879678,0.5708184551058813,2
0.8499887650963803,-0.15682742140105033,0.6943564471039232,-0.49056098237203927,0.7625129340413529,-0.04344986859928972,1.2835579784369213,-0.5750845585623351,1.3850487985316289,-0.017312819877661256,0
0.6578014682621843,0.3745105064552402,0.09849933633761301,0.5571695734540316,1.1739410856075838,-0.04258713373322309,-0.13107364184683007,0.4274844514210265,0.6261774428027096,0.6308847186918741,0
0.24626832015334352,0.15780727435833194,0.0920339561063263,0.9680966402290143,0.3435058026067408,0.33673447145071106,0.39311465649238175,0.5368368023126867,0.4373296626633109,0.21064779780290938,0
-0.12226890001471208,0.2057520145814406,0.6711048594628636,0.966557709946535,0.7220041580615426,0.39568049750371553,0.7649147052268497,-0.04252557536286315,0.7288423861038039,0.7162187940057463,1
0.31265010289236,0.9693760100359113,0.4070979657600549,0.40526721247612785,0.16218543555327342,0.6212426618823937,0.36757267885601386,0.5604133227961041,0.2832709992605444,0.5673222044007847,2
0.33903706143044393,0.017967786696839766,0.3022953596953224,0.28224686659269516,-0.010430841670599156,0.16925704801833405,1.0196877835679863,0.6713785628277538,0.8181869486249425,0.3148887026883834,0
0.04746582194382544,0.8023149037538312,0.5385141595258466,0.49138781679464266,0.769164432548824,0.3696796405330433,0.5540165238974365,0.06306275050088331,0.8158595247258321,0.23982780078720015,1
0.5195638127979567,0.20506890072829378,0.4391008690134908,0.4494290284122344,0.19922029036575647,1.0746696834573188,0.701219085932748,1.1932910889515345,0.005263442056202439,0.3773223924377628,3
-0.11024878352429346,0.6055442458806842,0.2684530387009884,0.728487238112266,0.4513766278200163,0.21984145320051007,0.3406709050634419,0.8294417519010512,0.26096897932475294,0.18712792778607185,0
0.6754595404015533,0.6021787206052951,0.6779785617821105,0.4750013390395921,0.8430876108932923,0.9422385580741063,0.39544030694135646,0.3532024030280278,0.1892504139372335,0.3682370707956489,2
0.6386928725777958,-0.14336836704265016,-0.27940956989117804,0.10112103846860539,0.2733887287963548,0.10780561255711132,0.26612864455665697,0.5136339953156847,0.6067785072045779,0.4035757088018439,2
0.11809437698639227,0.025029977207874945,0.4240872887327378,0.3858368337897109,0.16633360187069296,0.6283098485992671,0.6272246469449206,0.3322529975758603,0.46814621662579237,0.24564846780325805,2
0.26124680188788446,0.01819322834690827,0.6749222064643805,0.22071590667226082,0.32478631151918436,0.9315016641819484,0.0947189142989057,0.8993927874099399,0.21775414610580895,0.5502544519157596,3
0.30956468194321773,0.9699758214053796,0.41010591963968107,0.40224805605961594,0.16558949199924114,0.6236390996090666,0.3701574580854764,0.5561906576037474,0.2862543164931084,0.5682027660506542,2
0.25695925800562613,0.043337666928365104,0.6624823998391346,0.24801073907385746,0.31510650955552594,0.9406848611592001,0.09716347407292145,0.9048059349502439,0.1918433567966271,0.5539241926214138,3
0.1982676644860764,0.5774050303767686,0.22760436163068706,0.8993127990139239,0.9237584971453053,0.21994984742188473,0.2009018087760841,1.0379888251571106,0.7269267615976488,0.9284205075661006,3
0.34899448571925723,0.30153658035407527,0.197818731720164,0.6518037442545342,0.7946664219356309,0.7140568265963358,0.013472657022682827,0.4778655921874701,1.0909172314656237,0.5971456989303302,3
-0.23416835115806423,1.7418757349751735,-0.3193841823517275,0.1451183403291444,1.640582524530335,-0.003341343427983978,0.7025016406226631,0.16835043633537816,0.4602114889258264,0.06141428672170085,2
0.19703931276148046,0.2681374413213953,0.5886552477712825,0.2736465284193244,0.27326461275552727,0.8103808106360704,0.8532018753061013,0.8153118902051538,0.2799145022546403,0.33795379151424115,3
0.6095224598993437,0.7930828411379656,0.2806868509664841,0.2907564053008009,0.1471231007370595,0.7070002102047216,0.7368366585667522,1.1593022986990333,-0.12200706601519734,0.10702655073162748,0
0.14849817088218542,0.9320255132799139,0.39645877278435676,0.8530729486052818,0.7127164837027891,0.5024776747028711,0.9222319198932433,0.6115150435408981,0.08900449222218859,0.3206564564316403,2
0.48306343421604436,0.5206262899615157,0.30333393363752104,0.4602482402178199,0.8427239895664252,0.02561495015737604,0.20768653241341392,0.40268105554593625,0.2140890509644133,0.3717732386411902,0
1.011934130766388,0.5387151078041482,0.7189407714217667,0.5280267273829781,0.911530770207224,0.3527253514191773,0.3822430575975814,0.6042929788581274,0.4038165709788075,0.5716937707540402,0
1.0051703753220353,0.394921613918208,0.2194067946795072,0.3460716949276768,0.1929248821000345,1.038803743841993,0.32494330426389045,0.4361880925778116,0.17420439043823502,0.8901330510727283,0
0.0494603623136473,0.8834708261260498,0.4412967617662989,0.34911400829103073,0.6907152825303244,0.2551798499693593,0.6608256391958065,0.21863657951558574,0.776013422563699,0.26474766762242513,1
0.7448410535052943,0.5348026620996235,0.570104981832195,0.12900903876758402,0.597443100001571,0.7229105042045698,0.3098944654262327,0.6976955290385429,0.8280392452665518,0.44210945522055534,2
0.5664027946183681,0.9735513281356556,0.41646614287654155,1.088864203484375,0.6683099297244317,0.5224697437447345,-0.4667161075907925,-0.16610886515204137,0.2725285674613969,-0.11217627231453242,0
0.8047052726423382,0.8554877554749671,0.7426416380481836,0.11448951110370525,0.9075545994335542,0.18661463213461482,0.2937542573515898,0.2527174899345628,0.7527703442041018,0.9407266422016373,3
-0.22179419827279528,0.9118238230199363,0.3619897249211072,0.32362616508315506,0.30659218378178554,0.8568120009322574,0.4781347541111767,0.5595982433642606,-0.09524444915489755,0.8014948340368427,1
0.6174053008973109,0.4118575865489427,0.9315941473838744,0.40150374103438013,1.0221306177499363,0.48149470789862187,0.832692817966887,0.44550269662941383,0.8092165679357118,0.24601001222409125,3
0.6764592355771308,0.7202508535749957,0.7310483758042261,0.4217112499613819,0.7837831280746326,0.916558093944355,0.4061284032451208,0.29691786735379705,0.13545099480948464,0.31243987476264057,2
0.15410166666977063,0.7468279937949981,0.3151806186194014,-0.5025463140128601,0.46623875731919207,0.28007034109964096,1.0907540250000713,0.9068090838437356,0.372429010869401,0.992763443669813,0
0.8862014875844919,-0.061122182613659315,0.16246183012203746,0.7755814426834803,0.6858023321210793,0.15473182080658204,0.9400738256712492,0.16441564188541052,0.4490687754622408,0.533717807289561,0
0.2823662146863929,0.4658962740334444,0.7896265133573357,0.9733726608421973,1.246402779132101,0.47426937490581134,0.5895285166534836,-0.11561878097375602,0.5974866491639332,1.0731574805803006,1
0.9606014494138616,0.3873809463090076,0.0944462066597045,0.33665155545524533,0.07256885626790718,0.8650986225624343,0.37227579784863374,0.5688333898921595,0.4092650614577723,0.7718988935978878,0
0.9642326561082671,0.9048099875427525,0.41211069634968917,0.6697564917567218,0.7511068541991139,0.7475625604034145,0.4431753948889551,0.18877311150855758,0.41584134206911755,0.46155843027596527,3
0.8407250875821312,0.4121702385259798,0.6445928319732643,0.6004578454020971,0.5123513447141146,0.6874713243470809,0.8881563029977899,0.3483352755870919,0.2347109075175369,0.9776485059027223,0
0.8067415617716488,0.6390240401465135,0.7319181587773388,0.4446369463920668,0.9276476475938645,0.9555379529866538,0.39728034736130285,0.3622966302583191,0.19501731220514631,0.4392645108416646,2
0.49291571136788215,0.823008032124946,0.31562771593813366,0.4240372446065418,0.13521831237184645,0.7121489586214159,0.5593341362644684,0.4522766558043964,0.9953955364618985,-0.0339706083422813,1
0.5088790683300521,0.37831452337741706,-0.11567982287227838,0.5206287312114835,0.6523551549497174,0.5068137689946628,0.6321276549428995,0.3838695169231347,0.8223821014455651,0.15960465352292913,0
0.3137726169895284,0.6706315847016219,0.6330750107656885,0.2786725807088717,0.9724018761843936,0.6088113497944933,0.47047384655133556,0.5689193482979049,0.2896659117180991,0.022492035795576,0
0.20154030395484787,0.5778398357048297,0.6954696140262244,1.0484003672697442,0.26465486350252077,0.7305581319476158,0.7538612471660925,0.9314630880689748,0.8884757883439561,0.9213462112206088,0
0.45574565233451064,-0.4112487079209037,0.4554673584632519,-0.2797140034652313,-0.02137177148824737,0.049803927731349694,0.554470202126041,-0.0020290517781968442,0.8150275509245961,-0.16472643878208676,2
0.3094568904647418,0.9703157550044426,0.41032572207420864,0.4019731610215317,0.16588976479509435,0.6233737327053935,0.3702386053460445,0.556279528170821,0.2861466885986688,0.5679640786213696,2
0.923601532210274,0.15843662816917478,0.36851282589018675,0.8436867922560711,0.7536314857386818,0.7222371886294072,0.5606615995439324,0.66006126089103,0.8650149518237935,0.7298526271301446,0
0.14540994008100389,0.5174785394151467,0.7139483198428618,0.6791846527755857,0.798619083607309,0.420945482428208,0.7684754396179678,0.14679508082056453,0.6082750447113551,1.0645385395669908,1
-0.4226532890543947,-0.4593009868716426,0.10539557064553713,1.137308371360263,0.24328116034964703,0.2852118361992051,1.1799348089345596,0.07283975253673558,1.504545746181069,0.16020445969327698,2
0.37776671745004425,0.2754042169570573,0.45718402725452617,0.45036238327915756,0.34292372985871233,0.7202305015191233,0.7422678041362487,0.9263935416632978,0.2042938232084122,0.45532678486786365,3
-0.08581389705480771,0.8471990824414101,0.6029943830996766,0.3443017471315816,0.8190890105364065,0.35396768026537667,0.5867856400776909,0.39304777873003005,0.7835854255113218,0.3695013181414163,1
0.1446061405110277,1.0187517767798484,0.32666859624295275,0.6852349536056207,0.21026572268818597,1.132723243036056,0.5124786701233917,0.8332714374983609,0.4668323513838538,0.9921681685490646,0
-0.24799345679710633,1.207978927945882,-0.2906872343503416,0.38930448493480846,0.6930600459855143,0.7489690296533221,1.0858902903957948,0.7253551807479923,0.7645609032962886,0.3919100706164841,1
0.4757083007760505,0.6763736410438163,0.7236010199029483,0.6989551466383008,0.8711263231775054,0.5115847470938933,0.6205396778743811,0.8764892041423449,0.9088679245650216,0.6402688288852578,1
0.4726902176949205,0.03125450275204129,0.3121571682563569,1.052866781327083,1.064022370204097,0.5638079358515304,0.8811142507679746,-0.030984631921712857,-0.281064081091153,0.4853331139570821,0
0.33121236159134065,0.69053438931736,0.6426009389393564,0.2888592240723353,0.941357794183826,0.6424931139222344,0.46023309391901,0.5706311008320225,0.28877450844744645,0.01991875361109785,0
0.09692108602220284,-0.010958436413654942,0.4645066720980224,0.42294620338366284,0.19327629563131493,0.6276958363888884,0.6551202773770554,0.4081687472616036,0.4330986270139071,0.3026328691703849,2
1.1915900317365204,0.5891932402822672,0.2630447813262241,0.2711563673620102,-0.13235620659131422,0.9641271456822494,0.393173306324792,0.7005230186482956,0.55374235921199,0.5165048505993269,0
0.08215480563692311,1.00544400683789,0.5884697986062151,0.2199863635150363,0.7925892988359828,0.05182176366180491,0.6884142732183667,0.3008854855355325,0.8924468805048891,0.2381724312509322,1
0.966880994227588,0.36202546616178316,0.07096041218291801,0.31782763646159035,0.12478537195683237,0.8682099320589856,0.40963782520371855,0.5289747127950438,0.37383769219744745,0.7657056948690374,0
0.2332528252709063,0.0057417753076540595,0.2876777445126768,0.36762279839701273,0.7124163901355752,0.4592308247693508,0.40576023216702684,0.9868639579578534,0.5540746835058288,0.6681136512824906,0
0.35397900805414745,-0.3143758529822662,-0.059322193405315415,0.47324745572483196,0.8998299128684071,-0.15181715559938277,0.49191352997281645,0.3753370650186285,1.282076377169236,-0.23082832237130424,2
0.24169648387828124,0.4094500058197237,0.021520066290945952,0.31645268818357386,1.0206243025332047,0.0449526271486589,-0.041123262166137375,0.3984199735443308,0.23447599106316994,0.40628089254634336,0
0.08969041603763864,0.735768389228949,0.6335439986403942,0.9802531957644939,0.4547480059332291,0.6204141921055765,0.23589896553732181,0.13466149165896518,0.21044533081119354,0.1803140646846841,2
0.3522310308741855,0.028641683253557402,0.6851974333711391,0.28675147745947693,0.37586914960006523,0.8767500059455022,0.1063400413136991,0.9442416690910492,0.15234008713225083,0.4852626114848025,3
0.8544706444030242,0.12027519133978756,0.2959369346350075,0.05960485178643792,0.8571960486576375,0.567903128908339,1.0053672035995271,0.02065950695465174,0.2520628874941954,0.48629280569407357,3
0.19055828173712003,0.7814618266811059,0.5407335004683569,0.883865261311727,0.04454730396226723,0.8966506396355864,0.7810530155595872,0.797006249207626,0.6823119053856029,0.7906828938503196,0
0.5927541416825677,0.6397187982495424,0.6240392288835266,0.1565116616323861,0.6418347739227748,0.6326866173063483,0.3162687700968529,0.7603161601166734,0.8068195694206794,0.4992160361552226,2
0.5832660350157592,0.5010466332374868,0.537196319224905,0.28763785609750875,1.084372513160361,0.9034592625475237,0.570192474860659,0.3469325270060945,0.35957988159791243,0.49497055885338964,2
0.904766713199581,0.14768598145114203,0.18933044411852465,0.5693368175236533,0.49916809446090066,0.454819503322008,0.7332567526919354,0.8501489066169136,0.858578252493404,0.17658932230979132,2
0.5515273822172753,0.2862786109515078,0.9835622804784034,0.061366388018984114,0.7503999735245764,0.7642309082671639,1.1146061499688968,0.9091145421710376,0.6665839164553167,0.28491930019284345,3
0.2597243249553534,-0.1269150036935023,-0.11267768831221514,0.3038752255980266,0.5077241440700908,0.1760053335510274,0.3400364581651256,0.5774693735874097,0.5336739383076904,0.4461724284305038,2
0.24706659314972407,0.14977119129082056,0.09337978161454312,0.9614143042758678,0.3518651360554051,0.3308242420906586,0.39887842725087064,0.5295827916062418,0.432523741725404,0.21010381422829,0
0.12309796909050236,0.13917970506607422,0.3452936616370241,0.2982672915840361,0.7844985659103293,0.5438500921612813,0.529992192186503,1.0064396930241382,0.6459600949179246,0.574096462199849,0
0.20589992095115583,0.5089155412574576,0.8915737578677008,0.15865651358707117,1.2719015197845374,1.1784403573619633,0.49844701601835484,0.8624671855154988,-0.2299132993323439,-0.10744727954080452,2
-0.6273545458090868,1.338181467908498,0.6149762519546872,0.28456740618152976,-0.0972313032149873,1.3384273894506182,-0.10346117672439575,-0.3605417148441855,0.5512369004927127,0.05343710618864514,2
0.8512213565916115,0.7516752232015799,0.7447246407853795,0.08249669471563063,0.9083389468631766,0.14600825289371386,0.1968417825023929,0.25188142886434167,0.831474712469151,0.9308586687170258,3
0.09545984963208408,0.6204183771415971,0.4195040774900508,0.36581833786899237,0.41862211402121846,0.36542492431972506,0.2651458966489178,0.6731377665561195,0.08539535417791654,0.4554574250415003,0
0.8666629906487666,0.804319420871862,0.3780155470741908,0.37201265637043235,0.09727746899932914,0.6561225626628097,0.2798918699908757,0.7581397342288883,0.17697908967140127,0.8127127396652042,0
0.16943994294964396,-0.12149312203678081,1.1449776673157177,0.8109089173974496,-0.05794230583365678,0.6961764211416239,0.22975404071463484,0.23647200731806442,0.34363808566520815,0.33918944614108365,0
0.13909108371546253,0.061823089027974856,0.3779303594301301,0.18547154591596893,0.06468477027157585,0.2584398246027959,0.5995395258092803,0.7606605733733187,0.7895758934788247,0.5443290079513796,0
0.9848989686405432,0.009713057155879029,0.5693030324361325,0.4589474645748452,0.3859692356279019,0.6410841023517722,0.7856350006895654,0.5159973251966923,0.5064857634684666,0.4110713663556458,0
0.8486780308804978,0.13516450201107122,0.3800724721809731,0.8167730609511008,0.7572305249231238,0.7630916523770863,0.6006625507148728,0.6185985513245479,0.8681682862339893,0.7668948058369536,0
0.47063818426158854,0.6766171867994012,0.6851938812507159,0.6605295617694282,0.8333689397283591,0.5391092023497951,0.6256878641584078,0.9507967708249786,0.8464573500843231,0.6625304408757771,1
0.5000020601465601,0.879909244853321,0.35527567889096345,0.9361152246486308,0.911556243719114,0.6523891525154044,0.9898365601841231,0.9350490386342506,0.4989954524112552,0.6382043480244154,2
0.21309854116309357,0.46348270528516466,0.36991560304062165,0.29701208815016156,0.4426145696268385,0.23166896244866475,0.286918312400369,0.7166738074722085,0.12890670663086845,0.608578185435225,0
0.8457394371771164,0.7970679759987815,0.7181340051115047,0.16023535380302445,0.8138418300801336,0.09507057998868376,0.20285045167645863,0.1656280649133658,0.7531465055578469,0.981609074290537,3
1.0055659205654603,0.5378020909178399,0.7267953996922726,0.5312359632306604,0.8872721325341175,0.3638574959901919,0.3584554630460208,0.6452664185530288,0.4118197915568891,0.5981703976749307,0
1.4192687310551872,0.16105316735400654,0.21181246689749555,0.41126566123106023,0.5868038318062725,0.4440140937998638,0.9003150446688777,1.0530637485733494,0.5567830122216599,0.9447312675014483,0
0.2515526635532419,0.15604824436395512,0.09249944050366565,0.968869913782293,0.34755411740727105,0.33789725849669733,0.39549811866555185,0.5313772276148924,0.43709961256686164,0.21761142381509696,0
0.6064115454187419,0.4747239035417841,0.7828134703339283,0.11956254570551439,0.38948404285317306,0.4336615717335718,0.21465553134923765,0.8477523426632145,0.7386764515992821,0.27564069879998065,2
0.8881408226029966,0.053001905355687745,0.4493831768152029,-0.013488814501834034,0.9291849267205936,0.500104492592355,0.9459328731036423,0.09681334066004638,0.29555587417776596,0.3122592567404389,3
0.3137291737985077,0.9725629763064909,0.4069995267616137,0.3991434939883037,0.16358184047305144,0.6221799333728749,0.36436094676961917,0.5521492118816361,0.2849363985127373,0.5703408623564062,2
0.9492775017431011,0.09897366410685693,0.40980146819040264,0.19643581705928437,0.8050014492031878,0.5698247030718794,0.8946906014445448,0.10252238024035448,0.1963060875387928,0.38714345851858056,3
0.1221498209944098,0.31068921464628907,0.738362399422377,0.584815988873216,0.23808716057395118,0.5411445165996982,0.4368079356850929,0.26318086982220446,0.6539032373433662,0.48898152122472566,0
0.02538840901723112,0.08022091078612296,0.47448173423528395,0.36105136484580225,0.16603412828557146,0.5408859546465488,0.6663820924195041,0.375607640862534,0.47231072975417593,0.27410868905838803,2
0.3044724679156807,0.45131278517931955,0.30748069284749757,0.2041033009102495,0.7294006766809411,0.39803222972789787,-0.11572677241474816,0.05622798729700229,0.3341457208121663,0.22237165294486733,0
0.6483015003149439,0.4792186222433967,0.7183687917316982,0.24561034748881203,0.6041728687735858,0.5923223304836042,0.32238128965213264,0.7406008114251341,0.8128592711424887,0.3378072778520942,2
0.752379964443541,0.32595584515129383,0.28490453360797396,1.0803172435089694,0.2875240217620069,0.04332630086211803,0.9823081494276737,0.5100651575258578,0.4114487922527041,0.2797431585529174,1
0.7874208350311811,0.716665208393574,0.11241967025318504,0.4721139205238073,0.18392431317034524,0.7248767397540747,0.6985613134862918,0.30827035421154175,0.9418102235829515,0.1838243192948461,1
0.3876455501386459,0.7920258533328339,0.4390584630930596,0.5955777244925571,0.8863501407657882,0.3658675702390112,0.0156412598176127,0.44364238310188436,0.004519714249391293,-0.09680247830447891,0
0.39171293555215986,0.6236837192667467,0.7043459823420775,0.7284789738814832,0.8653973975788293,0.5246631007667109,0.6720924702190396,0.9444731536761155,0.8453085040587155,0.6434539082653026,1
0.5009418684192982,0.879244224063416,0.35132746745058985,0.9317585669440189,0.9099396702014767,0.653920820505019,0.9933469051921248,0.9342834856910012,0.5048244314543292,0.6407355348338827,2
0.8109666513433682,0.5417968292384978,0.09237467342082621,0.3285944943525765,0.020172511418669742,1.0567073327410215,0.536568473794948,0.5998443770143238,0.3260702167689275,0.5997393592073151,0
0.10904466800157948,0.10267671122149406,0.2906379267263928,0.2805420257867302,0.7789590476132254,0.506623054611158,0.5532981251998085,0.9352171348302232,0.6671779704685227,0.5604912068802282,0
0.219975591536001,0.6964815342692219,0.5300578636315187,0.3853380710223998,0.4597580051319946,0.3773316641658972,0.48360904421127393,0.7542313316498188,0.18466148454934336,0.3118019611376398,0
0.7739896384051711,0.8060059831359434,0.28238043830157666,0.49496942957272844,0.15250217037133795,0.8892324180371138,0.6012819609532027,0.1765038299781369,0.8354359197202669,0.13550695483602895,1
0.10699695525050563,0.3913077139087493,0.28604769457963886,0.3199950822384305,0.2886403847338573,0.4244184673029302,0.12379302497786364,0.9597773978626052,0.06739479786216057,0.2746356527964915,0
0.2147445686332199,0.7854769433816475,0.5845880773952015,0.8482684664390912,0.06015258551016485,0.9369500198597002,0.6731247980914873,0.8713833923436813,0.6924238805909508,0.8250861390521312,0
0.7279086212997299,0.6004938548772898,0.680029960089902,0.3908349290079783,0.9272654732381098,1.0059496544849735,0.4600285034052543,0.3347147954239449,0.18422719282005842,0.3505034692489404,2
0.005569955400551219,0.16807540240445407,0.2704073319359394,0.03270214172083591,0.7600216181024178,0.4115915588324916,0.1477810427188116,-0.05172728200415888,0.09291509958476135,0.26537534698534065,0
0.34609619390253593,0.023931823286204065,0.7007586009051665,0.2611932370415417,0.3805698152347609,0.8681389037039061,0.16493112237247526,0.8199885251615654,0.2770379492768469,0.5007852741670413,3
0.48885649412600496,0.8672048654719521,0.36525079950547673,0.9206585274398532,0.8956829253970477,0.6564085640516462,0.9923796739298851,0.92873391937798,0.503863722699836,0.6402300554718172,2
0.9368528332190332,0.18432280561753553,0.7964923644101412,0.9123666874684584,0.7251658611188834,0.4923730172881132,0.3631525416618437,0.18960555333219103,0.5196232276371526,0.3853606062698778,0
1.0869642474793852,0.6108220120119294,0.5400628586835672,0.6339530171188763,0.6302884294660049,0.5258294496799631,0.8408174679592243,0.821926221288531,0.7339854416875635,1.0970771633442873,0
-0.1171550826531022,-0.0012487825546336762,0.4592782812422178,1.294499340003397,0.491563856632703,0.8749393196713705,0.6495742221265711,0.868563009883731,0.3008003253181745,-0.11759618947823008,0
0.93093441371587,0.5160278649531524,0.2451362819338108,1.1319626705134334,0.3405363054016982,0.3801705493229045,0.7834276433943359,0.7670296876684799,0.6633956153374799,0.18669445370537865,1
0.04355652755797932,0.8279138065381267,0.4361889742076971,0.8650661070969375,0.7623460324750483,0.38421685195362476,0.8516350578689076,0.7469677156552338,0.4090958605477606,0.02253783790241229,2
0.9884519912160993,0.34411961050040996,0.45726061355645714,0.8651984578337608,0.06596650693560652,0.23375701129812784,0.8589918581570439,0.5001203947699027,0.5689332783100997,0.354667050892023,1
0.30500209430483427,0.9742218142346719,0.41461985241762117,0.405994162857573,0.16088078827715513,0.625827988350928,0.37144758148584667,0.5539193374749055,0.28941472603901924,0.5724904542372494,2
0.12460000941909544,0.1478307628372098,0.34877352060734196,0.3335802479557145,0.7368141871379592,0.46410517347298297,0.5844517351569237,0.9591179555839405,0.6155137785414456,0.5221759311540566,0
0.886650246569234,0.24314278948378115,0.3968795405901602,0.837672508955124,-0.05540328491096827,0.3107320175418511,0.9480846268016547,0.5514133771763555,0.5452763789457035,0.3332927983917806,1
1.0272471469908953,0.3984610630371747,0.01624310735664014,0.29525593647664705,0.0685977724766734,0.8207651698245587,0.38581328414821625,0.4630079178123718,0.3181319849032935,0.707781880496245,0
0.4229109801153277,0.6321126340921545,0.14047747193150112,0.3220591416860356,1.0078028426277172,0.1991644472537119,-0.0001292214469674688,0.34623245280881026,0.34193199837835575,0.16278841395532623,0
0.7337402878884863,0.1890446945951181,0.19824298240933855,0.08786618084614554,0.7838308032385054,0.6868615933956714,1.0023021066059032,-0.02464769521917655,0.06420938418424377,0.5669643194157189,3
0.6629063523539044,0.6492199208469422,0.3541669014326373,0.8222049774257496,0.8189296203440142,-0.03866178264900716,0.8793076892620406,0.36227562878390185,1.1567333176910457,0.6231044570670183,0
-0.08217843448762688,-0.04356808796079087,0.34963653989312365,0.03196938808601238,0.7202143942037239,0.40773641844841624,0.6236960896297196,0.7555034868642585,0.4842714393130527,0.5362676361024757,0
0.6608761186668429,1.0205712296025196,-0.37197612207029945,0.8779281913344893,-0.12313658921977044,0.723013111268498,0.6181194245801945,0.5460838008109851,0.27665398643144656,0.6237526645041064,1
0.3049640343874927,0.20366162351364028,0.6872424413730361,-0.04390313981410883,0.8061154585324192,0.7940860380544995,1.1046863280791728,1.0463825076686057,0.741938899303271,0.25132992765765655,3
1.0375380337138806,0.09727165389726478,-0.9901025714620514,0.9946471384823423,0.7319340698141561,0.3581288118457344,0.7454886170183028,0.4696522155373013,0.997453752049673,0.36842137677587355,1
0.27803727944414924,0.5294677358722091,-0.11096422584782559,0.7090249704182284,0.635474904408547,0.8357292090133832,0.7386905061647802,0.3309314555621225,0.872692717114496,0.1475717800526725,0
0.5547544148084582,0.7852772211916795,0.8259883192654329,0.2048252588956606,1.2063641593123753,0.6169098292913446,1.361012741197531,1.079141498810456,1.0849206742383517,0.6909436031546914,1
0.4305059628587381,0.05566506236877557,0.2744725061715585,0.4236409973890236,0.4109016963900835,-0.14585689768220805,0.6572277898245248,0.2691631511210726,0.5240518773985439,0.2637749641533838,2
0.4976230064943701,0.26767637135368594,0.07550246985438847,0.38969167916967007,0.3231255314576685,0.6045734258227491,0.42997570577807365,0.20675103287280572,0.6134871226434225,0.21499736876156866,0
0.7412932671615737,0.2761608716555678,0.692289256191009,0.05698125501777568,-0.2055697316304872,0.7317980913273546,0.41407984625723465,0.6783210274883539,0.1873462463692027,0.48761499687112536,2
0.8836205061963054,-0.1455541742465705,0.1447920677409961,0.38968434826044474,0.6220414120090083,0.8943166996848542,1.2134684192771221,0.2463080723825253,0.01782596969169073,0.2880741233947871,3
0.7541771795177106,0.2539707876103963,0.6339645897896481,0.9363611830898974,0.31816744548494813,0.9305544280112791,0.8814094057881999,0.293075950518206,0.7116849883997575,0.11996818322114006,0
0.38409773617480936,0.6107382846512646,0.14247182647945286,0.4030754423173677,1.0607233145808208,0.038231748689393205,0.0013323274922396877,0.3906054457796398,0.32654908050196935,0.2614789394283415,0
0.35641882802327707,0.5211961509820329,0.29543219585683306,0.45576282433904663,0.32694615766399787,0.39104043162358704,0.08450781917753225,0.8948739915040855,-0.1268103604026589,0.31886988166680336,0
0.30610792419078325,0.9740991676918155,0.4054591821202727,0.4069778123212161,0.1709913659381205,0.6271145931289495,0.37257558455396417,0.5562691334540455,0.28353415295923806,0.5735976184523116,2
0.10572935363884015,0.008850710345917156,0.4332655912497008,0.4002927126181618,0.1932018973002495,0.5880001766149657,0.6319257515286654,0.3799924170546321,0.4511265120636102,0.28172894022072487,2
0.842272154051379,0.14194788465228717,0.3646874797028591,0.8708863720049774,0.7232505812538491,0.7769656642103533,0.5644218834756666,0.5865981688421067,0.8263661514496445,0.7911247987854682,0
0.9098573430384342,0.9338656746097339,0.3558793438451026,0.5705658593215839,0.8568123715986806,0.7025128167079435,0.3904185359442451,0.19849232846856665,0.45594807679168337,0.5622833161348937,3
0.14033860772241072,0.029435515035866843,0.38915860482734443,0.34905881950602136,0.1894972476365831,0.5655905755882386,0.5979217444195837,0.371641251533935,0.43787008502863645,0.26229587778427094,2
0.27191950721800934,0.7448465976834859,0.6134262941876436,1.010803728679972,0.2578981908027719,0.985639408928259,0.8181282805372729,0.8406292761837051,0.6065116977649527,0.7897819105937738,0
0.4179777091445586,0.6408552291733064,0.48509269086513673,0.09705761399039847,1.070621837739576,0.7082944325311844,0.3057820037394008,0.6931835503764533,0.12657118904261547,-0.17285864842851512,0
0.25546982600683976,0.06055584832655325,0.6622713971028626,0.26107523461382914,0.303219806804319,0.9421404456795799,0.10197105026449532,0.8928536420885966,0.20534661679843838,0.5439922664145721,3
0.4868106104955127,-0.015429657361995086,0.9210206032389077,0.6592530657399872,-0.16114614768491026,0.3677329158011911,0.7581379847792729,-0.05337952264925372,0.09220422881020593,0.3646661633638802,2
0.8511512377621533,0.13583939186087246,0.4223988242423019,0.8445380102566742,0.7335678725543705,0.7518903842041236,0.5867348975611236,0.6353354736986504,0.8281643564800797,0.7961612759451606,0
0.30976537827310946,0.9696906013829516,0.41035386092714665,0.4020050832456872,0.1652465241075421,0.6240931510049358,0.3696673676161435,0.5558155559151376,0.2862148642406446,0.5686898933670502,2
0.338846464026019,0.352443800184789,0.09115489460315085,0.5026745019941193,0.6060185375502751,0.5941510295006089,0.559897596038481,0.28692228719910734,0.7735520100978209,0.2224415862116117,0
0.20415875075278891,0.016725803792818572,1.0187262436335447,-0.07526534675605144,1.071573178336722,1.0305975049221263,0.8416182335518125,1.0301470425612014,1.065826368413912,0.17528416800216434,3
0.7788946568776131,0.17548938236595865,0.3940379383070931,0.020522191168112686,0.909049823394291,0.5100829706018514,1.1036757638026955,0.045337337586139496,0.15442107109565384,0.3349336554638531,3
1.1789132742892319,-0.011824039669795616,0.8777794339890892,0.8520274657716951,0.8779443783236389,0.32372291718148244,0.2887783906276886,0.29174798970119864,0.6762637703833896,0.5314205529128919,0
0.1451505481789079,0.13950303979971002,0.2468136718826908,0.3327700953118305,0.7945583382765719,0.4644829008743556,0.5507594270171403,0.9570799817069794,0.7107229598978593,0.5926965552777791,0
-0.009669669768293594,0.8721069615921626,0.9094309603221288,0.28484377413769746,0.6144080091963362,0.1795402707544812,0.44769053612250037,0.024217610907183516,0.9151633858620882,0.049391278887471704,1
0.3627419845101519,0.33975350976269914,0.09490095908540523,0.50971934049015,0.5620828308619535,0.5734114715529205,0.5276992571176392,0.2869260573002313,0.7988574708904385,0.2548307892527118,0
1.2119788577421569,-0.48712668901663025,0.46947183769301926,0.350743648560519,-0.7570533044406605,1.0093649836197525,0.1664622172361243,-0.14533791894037618,1.2249950555929376,0.5739640218334029,0
0.24884003017147072,0.15609828658205932,0.09301849568015234,0.9685720746811095,0.34853396298885,0.3365090668790249,0.39479057145109986,0.5322146426383964,0.43480926300095385,0.21578754046759152,0
0.5690861125953821,0.6306041130436834,-0.0886508402475891,0.5203153961449511,0.8778065273707447,0.13525964157766637,0.12771699377108436,0.18545465184399884,0.400564755272761,0.27850777882170963,0
0.8993684191150333,-0.019214528718179524,0.3849938727783563,0.20323891011321074,-0.08320382634165546,0.4802404968914703,0.49876806750369784,0.6578538735861734,-0.03822651018993342,0.6052321799880849,2
1.0065254494268856,0.8882760113629603,0.34241972604783627,0.5641811607751503,0.7940308794919683,0.6571447881211354,0.34347359514599396,0.17181393823851412,0.36040422985117226,0.47105926068006027,3
0.03851572219467224,0.8825700509439132,-0.06494559684446308,0.49743086978602324,0.3205614979480329,0.8619392647652575,0.7049091276704829,0.8818105309845654,0.2768445042207708,0.4562375102141544,1
0.28662525407628703,0.04794112512105159,0.6537927556760073,0.25933273767465764,0.2803534119554924,0.9236064256734582,0.10129723444694089,0.903573150443032,0.20280415546544014,0.5216808916323646,3
-0.16776395777002295,0.8393324104524365,0.3988565236177356,1.293843520512658,0.6534831915879875,0.6961817895820909,0.16100810718252434,0.32155362205215066,-0.25764187124300575,0.38980644451364865,2
0.1022834018933834,0.1536502554564639,0.5885287783465581,0.5716163515564183,0.9002253927947584,0.23089686826322064,0.7961415705048422,0.1316415923865829,0.7836283594569279,0.7782012863744686,1
0.29907641974034455,0.13518922507994655,0.6638955183622212,0.16123236400469174,0.22054412469315854,0.8532415646394189,0.18394576127689938,0.9084288831472369,0.22390199423955678,0.5117969381555998,3
0.34931042111306776,0.5197156966126615,0.5218906971158435,0.2363515818221797,-0.2886338099243761,0.5953589972907782,0.3350490951512645,0.4597386409857229,1.0183935267581363,0.10897787005375839,1
0.19322586028896663,0.7368599693811997,0.41410688890674574,0.553664656494496,0.7298546349189011,0.8773397225458368,0.4901702361139618,0.6594602360854181,0.4960873856554929,0.30605389055739307,0
0.542877377663236,0.3926285344527987,0.07499868540860638,0.12751736618621895,0.07001551321201274,0.8056861683970628,0.8280474855345643,0.9173945493728632,0.0984040768975232,0.530030633464504,3
0.4305672915952231,0.832361518698276,0.6698954606266595,0.36934047011156923,0.6117285584342429,0.11203785867124555,0.7907974268362449,1.229230976908354,-0.10076115887910997,-0.3823014811103427,2
0.2165014118216698,-0.04762599664141509,0.7486838179916744,0.30209873255703507,0.2969450761293942,0.9199413690090134,0.037077648866210004,0.8517908147836202,0.26000007643065115,0.6435276467702146,3
0.9733014989284682,0.9475944244835027,0.3920101657826742,0.6528946609021271,0.7829831247088054,0.7213192601935037,0.42496962110264386,0.1560288815768712,0.40055519378266063,0.49609637404943313,3
1.0265481758482171,0.5374218783703922,0.6872933874381084,0.522625445972228,0.8966900673489822,0.37239462734046463,0.3714587099444873,0.5897559469632743,0.44652643074125953,0.5731875912112112,0
1.0099583749635022,0.8953911487201038,0.3504297931648479,0.6753594226157037,0.7935171530340841,0.7641369339213653,0.461923257392095,0.11253174217658421,0.4141486771633111,0.44498389297076185,3
0.7000354321936486,0.4560442002765139,0.9443487812546507,0.471260671420795,0.9991920815780042,0.505036752777168,0.9547842191086796,0.28524917499779157,0.8313533600994717,0.24957071599158645,3
0.1339067008226335,0.16497353529232,0.37195292675530217,0.3439377007304571,0.7812596714656643,0.5366045819360269,0.6147381703294605,1.0140140486970257,0.6804285984139745,0.6252212536056327,0
0.7498840309359386,0.23584099452899204,0.6526272972361348,0.9474649977074499,0.3704718158139814,0.9270817719307687,0.8626082086876388,0.2761841816846434,0.7767561825930825,0.10283518759998453,0
0.30973463247708455,0.9702119218921781,0.41037492266238124,0.402598772460012,0.16571218655568742,0.6236175547241058,0.37014341928908523,0.5561310555642561,0.2859837883510653,0.5681216474674686,2
0.06413570300455237,0.11529926929726408,0.29161987400932177,0.15957604725970154,0.11382621074064692,0.415846876601633,0.4277525130146391,0.8051707341453812,0.5644375729620854,0.47552678216645233,0
0.9783130435975989,-0.1538026706671528,0.9095660464709314,0.1952604482755409,0.708010139099668,0.14568316204404122,1.342602261744517,0.3280994312983192,0.35575424102301856,0.8689584839455211,0
0.31030687077750535,0.9710650861804263,0.411253658537772,0.40348776837861444,0.16556738233928056,0.623660917327418,0.3707991269611972,0.5562009996408759,0.28622323679237194,0.5674710948996837,2
0.7324469907781742,0.5447238481280314,0.8389297541532229,0.5266733090120667,0.8178181967649504,0.8761230308349509,0.26774138582157236,0.43941653595158775,0.10046288744945793,0.30961738459423727,2
0.10678945105695314,0.2629345852423944,0.9899901765490293,-0.25749302125552365,0.9230013319928516,0.6456831819661072,1.1598095462784346,0.9012320145465019,0.9241643850960093,0.2960420807422949,3
0.2706471234668729,0.21996154396203982,0.950681345397397,0.5251585826123762,0.08626424652229323,0.7067459521937067,0.6486425059115717,0.6402498967900526,0.8695895331240395,0.6640788257391768,0
0.4677588075419019,0.35953926854436385,0.9510066131494903,0.3843069665315041,0.8912542630460554,-0.003049683356231958,0.8902139200657452,0.30440993791179466,0.5602374032834321,1.3761615490739167,0
0.1150161963017218,0.14418037999156028,0.42935605904360374,0.2824944096666717,0.661157690807572,0.6245259839706161,0.5209088715807875,0.8623665500029043,0.8046573647234916,0.46273195086517815,0
0.598663783040656,0.7477785310198116,0.36486432732475815,0.09082646362653617,0.9107362426786232,0.4311450870127404,0.8808295513309679,0.7489224215814031,0.7113418553831626,0.6947748342691322,1
0.8417403501879137,0.11852130393338804,0.3931808085441228,0.0666665092948336,0.8984243186170127,0.5883037185492564,1.0114891430530106,0.004856902560332499,0.13844498171454261,0.45563880715603455,3
-0.06511881702994976,0.027271453970258264,0.7457150138913597,1.056370807924162,0.43647082237893065,0.6940128982123163,0.19345270578092177,0.44158055426345577,0.371340449118171,0.7776333572799505,0
0.3063451399477353,0.9719931759547504,0.4084861036581312,0.40169672316186034,0.166384068534284,0.6211609361970394,0.3712523497452071,0.5554635787376256,0.28612874172594616,0.5683846946391904,2
0.4694695915777413,0.4129478845082023,0.08744844741509343,0.5092108805449516,0.607007242873659,0.6395534171877991,0.5577595157326753,0.3610826171636374,0.8433079526976849,0.36329338699295727,0
0.6050643361371905,0.13129377657307548,0.8961391677057882,-0.028202545086620782,1.1314912130475472,0.7927536841622035,0.9257898363432396,1.0316322223896237,0.6997926099810653,0.3939103195596545,3
0.6392314960259738,0.44283450936480506,0.7473903406801694,0.22668721773200057,0.6422460608464731,0.5640536697679813,0.3455776721039117,0.7702609228609042,0.7681266116065484,0.3482977980391142,2
0.7424421360374376,0.5479575001609216,0.29740950777028485,0.583236613258548,-0.09642860602823386,0.021820147243031912,0.783460578705279,0.20592522983667644,0.7853852926401257,0.724774241764069,1
0.07985449702671384,0.1742760881939695,0.7202209522273204,0.6741576869424709,0.2634598805653795,0.47372803701188276,0.48406737873954436,0.3144858899894417,0.5456722315894692,0.355006700978724,0
0.9575988088721012,0.2707943330515955,0.6667331436295236,1.0636407897617208,-0.001438900637114951,0.09959255866670919,0.7712723801510045,0.7268766979845104,0.5850753481796755,0.5072787221807646,1
0.3070516262260075,0.9710335832034259,0.40859072660359136,0.40550678439198207,0.16832627277829915,0.6257986625023906,0.3708730423036441,0.5592967626294097,0.2840320756035385,0.5719625811866589,2
0.41936594758988527,0.14087079777501146,0.829225525009029,0.04033195792157275,0.9372221956007348,0.766428930777105,0.9727456451181934,0.921873940314294,0.8456986099843754,0.36072118147183413,3
0.34157105036481505,0.33846170757653943,0.19868324555401015,0.4817939864444224,0.5803546503110046,0.7457717103778054,0.5466093755524253,0.36485067415155575,0.6050484081975057,0.2055289775830172,0
0.1467865562448197,0.5684778822543229,0.2902546428449513,0.405015294107929,0.40888601073839387,0.3948862227954282,0.2382712507572956,0.656594263831988,0.00231565085325482,0.402237544883131,0
0.8740545645359211,0.7445088645743986,0.3326338050165349,0.2220779744959225,0.8020445421970547,0.6427658355596919,0.8959766385294332,0.6850728407338778,0.3608138329109986,0.9324142828258262,2
0.6994554398685866,1.0785394013004201,-0.05378793488174438,-0.17361076964016298,1.0352571748401052,-0.12410158370060936,0.2148429026801878,-0.32802877367833705,0.6201443682751646,0.1761938532662803,0
-0.008443257285198152,0.9236085960191565,0.38478903676522525,0.34607035815887,0.739429362146419,0.2708868853104307,0.5551979049917511,0.1900645922497276,0.7231784137210554,0.3144549890038017,1
0.6789955131547007,0.4771477922470606,0.5741866095073975,0.19376692828379577,0.54289773181625,0.6606062295257011,0.3586849130740326,0.7128373961050634,0.7324436951250208,0.32448745830840875,2
0.9110475296080383,0.48627295653247293,0.4800134382993509,-0.15807588354016794,1.0261321428006236,0.36034659264846614,0.9976985963259232,0.4882499103926168,0.38865836542004784,0.6463986902349815,1
0.30892028934885873,0.966504348890317,0.40990598099787845,0.4053806830658659,0.1674845062020621,0.625627155803864,0.3686960649108992,0.5568393331445954,0.28815572858081434,0.5688158207022667,2
0.31083651490628905,0.9692584342165244,0.409243334066821,0.40266116706622757,0.16622261654146395,0.6247057609702219,0.36904697261464015,0.5564777839635023,0.2868202409001079,0.5687209554814399,2
0.4154840282799805,0.12668216660571777,0.836349018145743,0.01810233331595653,0.9410242133399713,0.746616830661857,0.9891280106775815,0.921230272255134,0.8647714810418828,0.3774867843072863,3
0.7520381524534161,0.7226445758791773,0.5242406120952862,0.2607730716353043,0.21932357073072592,0.7115710168114209,0.2420033319496372,0.803489954847599,0.25279125186945034,0.7008336628292109,0
0.5331634926395212,0.9715193791316273,0.6893461666523794,0.28781123431574646,1.142355736453379,1.0903301899678755,0.312925015176718,0.08277114692809112,0.04887005472383962,0.12657403663876898,2
0.47513138610863015,0.17782165567360517,0.474495679432529,0.7944370835664166,0.67010014180791,0.5159514494156433,0.10399565950865668,0.7504818763293425,0.778403336062484,0.8060929985012784,3
0.01907901302716737,0.9225663189369019,0.9836645831280407,0.21165521344761878,0.6299566978687563,0.14698451591348374,0.5016643018989013,0.024818859337009787,0.9068177931964012,0.19301039456756253,1
1.1271441643993205,0.042605543803492824,0.6586786224867088,0.8543152168725472,0.6894799419668284,0.3992198772007471,0.3153705720496388,0.5240643162280905,0.6301919513621205,0.6094526950062075,0
0.13904253626255206,1.0878389284907721,0.3330197934216036,0.7478079991318181,0.8828787372540049,0.39095349245714844,1.0691170661654124,0.7352922912562827,0.2047612835390531,0.12947778868938242,2
0.40130092178922305,0.7514406594244045,0.3026831733205415,-0.004957603662669202,0.7735253845821203,0.5466298995936226,1.0873126408403009,0.8189525007844413,0.5836477229088315,0.5169136510313045,1
0.9954320583629133,-0.17186061696204918,0.47024645317712754,0.18687446082204465,-0.09336793942541066,0.44473243186372124,0.6550705208753922,0.2669823106707024,0.3636614173611054,0.8128854375683279,2
0.18015323391562316,-0.166520997981566,-0.1994601856602548,0.16415210382476483,0.5580045390678695,-0.13529915511636967,0.18003200145604065,0.06597530967722531,0.8850834631129754,0.12627574497694977,2
0.167544638697959,0.9871803506038629,1.0121200209078571,0.08516835972385162,0.1294745327317285,0.6544298536374829,0.1588273435760012,0.9565208784778201,0.10947597917209864,-0.7594911218202042,0
0.17065431878566745,0.5954043592575523,0.35759126700908433,0.48193590690039834,0.4091188216120439,0.45633446017071616,0.14878347937808875,0.7814066056962014,-0.03464568653400035,0.5058731672285783,0
0.8692735910891701,0.13019614658294487,0.4306135260316247,0.8584567133582383,0.7317376963805434,0.7025414534657352,0.5871190578306476,0.6078060932296901,0.8645001828436994,0.8215145955598638,0
0.9777029472365867,0.3896684891706237,0.06689813454249185,0.3405126999809174,0.11149842685057781,0.8341625217545454,0.4285300988993936,0.5610654634746649,0.3557134454486818,0.7946649869311743,0
0.3212746651081333,0.20388498030097196,0.919653015577108,0.2158921220072027,0.9380462471198234,0.9382321449066531,1.3469868091165156,1.1533078405048443,1.1773212799867732,0.19965665381903902,3
-0.05760990265180457,0.863712278772205,1.0393874221394066,0.2087475040653678,0.5865459596901443,0.1764848152741212,0.3900762328734192,0.10014936264474775,0.8099499204312746,0.2037506930045161,1
0.6108822306192531,0.762337654366313,0.3774646630900432,0.07096740654817395,0.8790135449075273,0.42646392418271445,0.9157691408959087,0.7581989653339195,0.697143924474154,0.6922266204090255,1
0.7638638033821902,-0.044593883528870115,0.39883660681451477,0.1828297498618463,0.8340138111439006,0.520769013348894,0.8576325236049059,-0.04962549691006178,0.15975814997638116,0.33284519028603665,3
0.31689833132437634,0.6717136052481326,0.2644144289763957,0.21069502065430332,1.0724706226733798,0.16585830628548287,0.18275661563551218,0.21419686469814223,0.30636684460011393,0.37290920750339085,0
0.3090175601713341,0.9699112726197258,0.40952898819001543,0.40176380638353026,0.16519094789688094,0.6230117778836498,0.37052075097154374,0.5559332933282956,0.28597831586138583,0.5684590548135633,2
0.05010136753494691,0.14971591130580994,0.6765626420898653,0.6370038861356334,0.26653780712956654,0.4535768240344387,0.48941186961705063,0.3469851732200018,0.5389549600196473,0.39265092725024237,0
-0.15692884887206932,0.7481929055180836,0.5250656371386588,0.027579065717379225,-0.03213032527953058,1.2122196218480674,0.8817719476366357,0.6765260743167196,-0.4855298242678584,0.5399268275901957,1
1.0132962981584017,0.3282033559862039,0.4168330032464254,0.7970648095629984,0.07535468589504932,0.3018923557726806,0.7353677947700156,0.5999500628561522,0.4592585742170177,0.29826658760902985,1
0.8381854784052054,0.7908850844760456,0.7158243648574184,0.08056864879793299,0.8604515893880553,0.10396348522263682,0.18880964022698005,0.2163544197499139,0.8006914184543716,0.9299337877138304,3
0.7994170181734369,-0.30772266287430394,0.34900025987946925,0.6895946813339617,-0.006112988667605845,1.0380553921318376,-0.005880589733171626,0.8262742151594262,-0.4852477796862308,0.9342373374792294,2
0.012997944283495072,0.9181183581438856,0.9910206528162807,0.2669152970190791,0.699253399207433,0.12954698375056786,0.4569096759515857,0.047398300913258556,0.877452380428465,0.15705343153961762,1
0.7854960998525129,0.4895466343112401,0.8790685582880455,0.3609764677514413,0.9118072494071942,0.6318165193788134,0.8884039103180575,0.2503515484909816,0.9720091884441668,0.1176398702010482,3
0.799874811562973,0.1792087363274967,0.19663835481852102,0.4985221600407965,0.42859476675653996,0.4324643847273481,0.8617808868691581,0.810495540964499,0.7310018244809228,0.15813640367457296,2
0.348720010078875,0.8388382433097192,0.016074517246537245,0.8545535510641296,0.2093655179494375,0.4402498839936172,0.4031713003207108,0.4118756977143971,0.2002770180014365,0.31496722485954026,1
0.17277957285420542,0.15223737373154372,0.32093043706109886,0.2592767640723766,0.7374183960164521,0.537677486467978,0.5493184491965347,0.9843339359411174,0.6380330993470259,0.5290859578988869,0
0.30094698194662167,0.524863655103055,0.7528949370478144,0.3466319589290265,1.0672647460005196,0.706695421466451,0.3974096730883401,0.4130927077369557,0.36612589471991086,0.09054632605833829,0
-0.03154350078222055,0.29703336347959464,0.3960128715531085,0.7249854639267556,1.0751351392447213,0.3852224056313691,0.5979888686570647,0.08898498096116612,0.624568768426934,0.9606712584248084,1
0.5210198504520278,0.29277308192556856,0.2831246970906107,0.46695495314191615,0.378835270873914,0.40260788191692876,0.6393193605383989,0.3087544965063127,0.6600478077934275,0.16282212313770683,0
0.7735171935217606,0.24851468708175387,-0.16839792905638398,-0.003950089584514066,0.28806506964372613,0.19836840485758972,0.6585079994029427,0.12620098258980544,0.3676188811262361,-0.08168872013011486,2
0.6009951040607754,0.4872826898015567,0.6983860051970693,0.25081160276992315,0.5441247855390204,0.5932834842279294,0.3201909857589521,0.7634709347969197,0.7954057570254283,0.39751514218985196,2
0.3513685315080327,0.21729878492559426,-0.3754794325031957,0.4944711741147651,0.3344550115949876,0.4809440080328065,0.8174555857335368,-0.004180742652544145,0.8597735287527623,0.17610836159632845,0
0.7919949270068176,0.7447188622485013,0.5497298450779239,0.2709147629848569,0.1924903014204577,0.7081954307768576,0.25597441649781866,0.8183568020217088,0.27950224105927196,0.6696690282402467,0
0.577575043130895,0.22887292501407772,0.19718825694309006,0.019478474148362568,0.41151580022019807,0.02021667127432812,0.1322586585893082,0.667533676746082,0.857238176501844,0.23478218309926968,2
0.8463489910295976,0.17083356572265632,0.4468099203099931,0.8822211868281287,0.735350803800936,0.7524297695910328,0.6231883042833177,0.6654649405292573,0.8239801512485974,0.8319480456128973,0
0.5737561643178046,0.5826465213270908,0.9428277270908553,-0.1241230719115371,0.5172754755475588,0.5666166160559392,0.012351869401669546,0.48516684020103507,0.6461596590313707,0.8997508295060079,0
0.30941520699261166,0.9707322658521496,0.41040460013774854,0.40210479520815773,0.16609751157416408,0.6243627837388286,0.3699236967182373,0.5563902097914811,0.2870704807416178,0.5681604209755221,2
0.1820719954576895,1.099573026995805,0.47377627572079806,0.7534142220570209,0.5628317979122245,0.06157971700636682,0.7718133246634276,0.6177884857812391,0.37693962482962157,0.7714805303957726,1
0.9963870937599089,0.5996034441647431,0.7450864950987379,0.5455099896335082,0.9423106384528895,0.4610028266028804,0.3754099645089748,0.5459631005984398,0.310318540381072,0.5909346359419696,0
0.01950802091488254,1.0305411072522304,0.5872343136111614,1.0092774354236256,0.9325531819425342,0.4238285562684769,0.7327656245105882,0.819473394571673,0.4110401600096186,0.4276884952895202,2
0.05272377671894144,0.1669239646529213,0.6709593795848865,0.6657454357688769,0.27018074840439016,0.513271262148801,0.5028895888144941,0.3109255261774592,0.5822656603419635,0.3635818032515949,0
0.31897369852856283,0.5238290322501509,0.5913101813990298,0.8860332278761661,0.2426896588732375,1.025262754953095,0.25400349126849014,1.1847513605283493,1.0084200465223587,0.7354287380839227,0
0.3582169671625219,0.6537261454292383,0.11555958881946328,0.40624954556538356,0.7626187472117305,-0.10877721243035157,-0.010447644290968304,0.02094133922774216,0.6127432387464851,-0.07562851845925522,0
0.08061726404793065,0.02688848061779242,0.3851640607590899,0.15669453015276374,0.000618378044556292,0.26815885979144133,0.5485549461502351,0.8570273500605334,0.7949972223927975,0.47446496783307,0
0.2573890702492357,0.04511705280384512,0.6659153874245758,0.24714837166351178,0.309231314621654,0.9376245029324648,0.09170426512090378,0.901400919136859,0.19709682153804664,0.5530197279556414,3
0.3004596562797096,0.08278125216088661,0.618602520948815,0.2629739227787384,0.34024987630526665,0.8986680998075428,0.07800710914527743,0.8962819092036519,0.24007310736063692,0.5715745650486561,3
0.7771040737200496,0.6511816856072401,0.7415103007453907,0.46622629767295004,0.8616036821685739,0.9992090306293084,0.41113428869639096,0.34119068630366234,0.20666194062236282,0.36701762208757766,2
0.4462373272809628,0.869745784646117,0.18382186511991766,0.4126064376803838,-0.32762004524342603,0.9354179282829412,0.8067751989925854,0.6698906729734727,0.24669726313791474,1.216768195767618,0
0.23650562994336236,0.16100049473723907,0.08451610723159177,0.9624765269798358,0.3499435039892905,0.3511578633664525,0.3856437805480292,0.522883816316116,0.4188343303683286,0.21453667564237133,0
0.8149940296888658,0.8091509937996462,0.7090248455528945,0.05693049126088111,0.9095625949583406,0.1772017154939719,0.15323065657203233,0.2537425473372849,0.8116052688462322,0.9352855567810617,3
1.0307709698595076,0.44939095922983374,0.048260386802001974,0.34294946526714404,0.22293722899027535,0.9584150376389935,0.3862342331241579,0.48650184298437416,0.4529601204819542,0.7020311967821402,0
0.6013948887063896,0.513880378431402,0.6741303318032595,0.24733814702304988,0.5984615026365343,0.6231961698579489,0.3436582354923555,0.7906447421189049,0.8106816963667824,0.34880308332964666,2
0.3977436248767789,0.3257018534265889,0.003545829414819443,0.4455541336519184,0.6246491482326142,0.5809876750655355,0.562688890983068,0.31396089982707287,0.736925349056952,0.28810254588966605,0
-0.1162092647926686,0.2643890047749165,0.6134928790063577,0.7021539882223143,0.9142683406758554,0.21975274896563177,0.7574774666954853,-0.019751204872643452,0.56620849320339,0.756452843191803,1
0.454868182992462,0.7986149184147454,-0.23406712744318536,0.6174710200293699,-0.08186997902214026,1.169457531353867,0.4110888626549608,0.5244446589458428,0.6085105996574931,0.04356456655096742,1
0.6586468201045215,0.6766555939364921,0.08086433824723827,0.6236536733120618,0.060932343015774874,0.941912347276901,0.5475580784442734,0.24199693741958636,0.8234149489135472,0.08959585720659018,1
0.8447114297694263,0.43712378451795486,0.7926096146221944,0.5576064049067835,0.7744353143219586,0.2740172368023197,0.19235121226097512,0.30506821166089904,0.609217984262625,0.7712044661669654,0
1.004623179207291,0.4573031840599888,0.739528124613578,0.4816957722540319,0.9523851668453774,0.3573258571745662,0.43057898500181,0.6623416225634284,0.4447441700028688,0.5670105989791893,0
0.21185276332556258,0.029196967483442155,0.6897215179447352,0.1997112486273901,0.34832693672247717,0.9496875504187493,0.12687174559864328,0.9428384645463286,0.22001103876357875,0.5809454111433311,3
0.8525304532185125,0.7843005702604983,-0.23913065744736056,0.9087440450050503,0.28348956413885795,1.2678648732811455,0.5054997282579567,-0.06370977161540736,0.5787110568182561,0.032172890805954174,1
0.9887755315499946,0.1817235875340477,0.8316894552538968,0.8270172194083198,0.6792112499849035,0.3132318164710975,0.4650956954128799,0.3978396770650648,0.4990674369412908,0.5727191725070908,0
0.24970674192176667,0.15441398548361493,0.09189958221530815,0.9714243008255488,0.350770852872628,0.33502593874509295,0.3930829800489782,0.5326337000789364,0.43179181810392187,0.21475911993204913,0
1.0782537691454621,0.5034371052166597,0.6515635620157385,1.2760632187994765,1.2395548701936883,-0.14426598466233376,0.1863552151092488,0.5329446030284981,0.19682891195827817,0.4858525713486599,0
0.7993063013928109,0.745603593420008,0.5318352738453497,0.29148431865955043,0.20157440526044737,0.7312608459698924,0.2090424211409324,0.7918789458704918,0.29759590463334745,0.6699049618762928,0
0.1200326936693186,-0.00038586144851597386,0.41784668078544207,0.37598816887614916,0.1809202438477222,0.5905412267048268,0.6193639195856319,0.3579475253836284,0.47042915576812977,0.27296798556177315,2
0.11755343968109659,1.0010071311405175,0.05249751024731345,0.5890072326206628,0.40143740966824926,0.6470454592814975,0.5698535051830348,0.6342413637086138,0.26315784125634,0.4846049536435402,1
0.6852900132098179,-0.2334025116626937,0.11296951982501932,0.3563453321685611,0.597449030329514,-0.24817734415811876,0.44948532331225344,0.36681684566937445,0.25484609293610055,0.19472287326082532,2
0.4474313273375052,0.672431916346944,0.6739439203423272,0.673793558991615,0.8494535821016169,0.5263886727515873,0.6191911209972877,0.9236091417376473,0.8789447146922489,0.6967353613753399,1
0.5966544472454074,0.7652595070052766,0.37518841730724967,0.08402334027617095,0.8914035232024319,0.43326469214211494,0.8860771923531501,0.7429527963980582,0.7091303159216481,0.7145966848871506,1
0.1957505655667182,0.6496729518233859,0.18849262942757006,0.45535053273759457,0.4909060676218144,0.5252827437753887,0.3938866362834116,0.5542389981567667,-0.16698724440919913,0.340114191448784,0
1.0821540328086174,0.2928249975267881,0.05676324504458443,0.28418525905798475,0.04324882147855022,0.9298502746020519,0.3223831029233828,0.4791978456119133,0.32618218951402117,0.7395718077719711,0
1.2137930110672825,1.1081393314821073,0.6603889330972836,0.8478577806955514,0.8640942557199108,1.3161668415638725,0.9167767968075429,0.17718567350239722,-0.20574680990743116,0.6616878164131594,2
0.16713688202761487,0.879107549607018,0.36479192608111105,1.0190241148339372,0.1100962002285209,0.5030514082732325,0.09581931305801791,0.35981856084320685,0.5471274200788581,0.5411947528088175,2
0.44692422178663566,0.09280965603289207,0.7805270447978631,0.05388761754773315,0.9767756207469573,0.7077722577764612,0.98232347520897,0.8639569339854712,0.8332357129565942,0.391381670450037,3
0.4990311742495602,0.6128782153630239,0.23240536685904378,0.5191489796951269,0.11865748506914527,0.880748700823951,0.6203424082170863,0.4471213044275383,0.7293943457963429,0.23095109361658503,1
0.5988539512020572,0.23364839815123,0.4660426251709549,0.7244687037178541,0.6830212604119421,0.6004636880632388,0.1230368952247243,0.6477744953786806,0.7658377001864525,0.7991615654294848,3
-0.31299275819132244,0.5166655467136583,0.21972585877855955,1.045679216224591,0.6715791507847847,1.4499544237254158,0.9920717144174191,1.343207824793842,0.34658272831929304,0.5556492045106433,0
0.29186063680842617,0.7876613454332797,0.9192542247305763,0.40607841348672186,0.9059516860625881,0.4300625682767441,1.0208136968547559,0.38467269209134686,0.7586261944629304,-0.15535294150169465,3
0.9708405110930515,0.3607259137406127,0.06994234976320444,0.3252476060942355,0.11494729005744658,0.8679743218112509,0.4271696599606147,0.5166339928461775,0.36091025534047677,0.7525526321725757,0
0.5199828426413805,-0.09665472674447773,0.011438429535782314,-0.06747698583699258,0.6403512953952998,-0.03505948762322922,0.6804995027076477,0.6229049966571065,0.7640296352551854,0.10563932184369049,2
0.07494936971901682,0.8457348296438552,0.4269709607084388,0.33555546322678065,0.6726903435008125,0.2266209826162212,0.6304123510210129,0.218586475686615,0.7935003343114022,0.2554663512046288,1
0.642006328578409,0.4517758064669709,0.9257482408741463,0.47283194323825406,1.002378182643653,0.4625010921817488,0.9770129514544041,0.3396440530676736,0.8697027458404232,0.1982705702424416,3
0.7602503479638348,0.024209861527058063,0.5441867398020738,0.3588801391643553,0.12260337986963896,0.8014282744622103,0.4690479842564673,0.6055382547733821,0.13014795433455575,0.6337622700487346,2
0.309524696228756,0.9778188210136618,0.4175842119698982,0.3984250290160131,0.15833248075993184,0.628779052861737,0.3626956514346906,0.5560880245266694,0.29607684570571685,0.5752051092263273,2
0.006614876204812645,0.22920207142008112,0.6546626543930537,0.7071618340894553,0.22873033249763006,0.43072920198517983,0.5647923582246704,0.3342650133375245,0.5006278909953419,0.44189129954540174,0
0.25727037338693115,0.051086601303173086,0.6583217541366221,0.24595908218363274,0.3193067890173145,0.9338199142566521,0.101521122089929,0.8999389112508565,0.19631028044553794,0.5597675112460306,3
0.8402655455342145,0.7587572866891317,0.7357179944938057,0.06793626504891719,0.8851093390069638,0.13696363268302805,0.19248189182015696,0.24072416351674494,0.8257456967038865,0.925652992051169,3
0.2707178419300601,0.4967203866479228,0.20939403057405617,0.3221540054203682,1.082100838353129,0.08141082456164003,-0.0800058578051325,0.45254637203739967,0.401873502221306,0.3523435708053581,0
0.005627478162889971,0.2446721096334933,0.6246958194491764,-0.022236574021514077,0.10910807810563664,0.4945260258386975,0.880812166390815,0.6808310749734844,0.7198724246657422,0.5216351636753674,0
0.166065393234827,0.49720185582031623,0.48909978127976794,0.776378123159335,-0.3188417112484285,0.9764919453449303,1.1608667825110748,1.2798529008826496,1.066086654276002,0.7255562250048647,0
0.6363406852786105,0.5340252081518355,0.6650076980476236,0.24398817577130072,0.6040332336934775,0.6270449059573975,0.34103937063404804,0.8117973011358174,0.8372972902799241,0.34710498254038874,2
0.7313285099662385,0.07050593259240565,0.47783530556269466,0.6641140164028067,0.709119951709328,0.4672640880593856,0.4285512708182786,0.3831021654235942,0.030106744448040366,0.8636202742063659,0
0.34961969514942876,0.6482264419484662,0.6245091233432087,0.9071758323470893,0.8087699882883708,0.3321072208561878,0.9327091197201707,0.781211846393595,0.610846617147817,0.12249778447173366,2
0.9211334917604962,0.385175889760274,0.373386210685688,0.7612349568226688,-0.04916529078679846,0.25500069359639366,0.36075944719251607,0.7835435279821352,0.6740886510840556,0.4127508100590457,0
-0.13184208619688825,1.1317197682036189,0.004676283302215816,0.4260849469628948,0.10475587147785798,0.6646084927069914,0.7789606264567437,0.857216708151549,0.09891632737495043,0.34157168201701266,1
0.33000457353820817,0.3300998117321048,0.10392812498995682,0.5485920722205518,0.6081111547469431,0.5444950879053362,0.5490799765780321,0.36345680689587784,0.7548117427187431,0.27082211630313574,0
0.9738709209248443,0.49507788885710413,0.6170253301501245,1.0095673382057342,0.1691552382044661,0.31340834921325755,1.0939274367659573,0.7091306507338266,0.6534575663370938,0.2630958753947984,1
0.3151305218263665,0.9689189834496144,0.40878322056290145,0.4066744030616944,0.17046823595281174,0.6238093400896814,0.3739013691859677,0.5558617464223343,0.2859641771987224,0.5709085481973015,2
0.5209985788699778,0.6318290638325392,0.92719512389985,0.03455232090400501,1.037048568572796,0.7186935259776035,0.6413047721804906,0.7441961791392867,0.22318774769572733,0.1682970358934439,0
0.12273380731300935,0.9171933637212872,-0.0010829156919678366,0.6255136359646235,0.36202760276484236,0.7106129972477789,0.6518121030770115,0.6857834948285507,0.3466099479840869,0.528117783621952,1
0.8349603642632204,0.6644327055565216,0.6352951445785726,-0.06573788567083752,0.8417141415041467,0.2198998245237695,0.03950629492870811,0.42870130450664423,0.6480525397962404,1.020509110560429,3
0.043451888334446104,0.25481664333985654,0.34100834038492944,0.4490243478411897,0.8684263140076387,0.5180130657796597,0.462082165547249,0.9505067968555106,0.6625036214435249,0.6935188945191368,0
0.08480561163940933,0.8282247907251553,-0.04331819628915733,0.5768066141449059,0.2997499743372083,0.7576371280787695,0.5854597092144893,0.5997724817392903,0.31964202982353407,0.5557809022932781,1
0.26772177241469386,0.016722969016603015,0.6366028093689899,0.24707524861946698,0.34300293683996097,0.965774042323737,0.09768702797151929,0.9311446756536425,0.22885617280108256,0.5488496802254487,3
0.5593556546822758,0.19372749983674237,0.46937927845907595,0.449208642904389,0.7215470778386484,0.410083537055044,0.536378422401953,0.45210368430762216,-0.4091843009008393,0.36723789554824454,0
1.153073198948401,0.23979670352649407,0.5438335137319875,0.5841323689166901,0.6251735619697537,0.13584430896772795,1.1488604250368275,0.4264195695553523,1.0742280146836212,1.1432724903937581,0
0.6829880393228669,0.19306223906105227,0.303876220330637,0.2569260961945605,0.49171475128083214,0.554605682989782,0.8163464336835872,0.8516341550250173,0.07809311960687934,0.40559952161006396,3
0.9787965914153404,0.09851214607947997,0.2628399377813344,0.08418097517626325,0.825226932414813,0.6622601438596281,1.057784386765921,0.17640386882231573,0.23602823330487316,0.4496957141157051,3
-0.41653105726289286,0.4655096508626207,1.2461049516038871,0.9170072001076578,0.8593626381261763,0.05417538007585343,0.5303750004409149,-0.05508794389688343,1.1285139880697228,0.22470563081288064,0
0.520582504582429,0.23711053452716468,0.7879056269656723,-0.04810725432642532,0.9121622355226319,0.8747768407506484,0.9224694098913008,0.8562390178545144,0.8770515264772749,0.4074647002069619,3
0.427393364611731,0.6819574005703587,0.6497070930168086,0.6878208312049409,0.8514377192066025,0.5201879530731137,0.617177911888749,0.9300949345104776,0.8883869005930323,0.7467521994814861,1
0.10855786755494767,0.8967376441019356,0.4583150781551483,0.31118749152887504,0.6044501736217616,0.26570509299859996,0.6491593266630403,0.2562303962802269,0.7546469332361173,0.2553026495790943,1
0.15779051128761828,0.06860231533947514,0.2963655686758467,0.2716024890108689,0.8179173385566667,0.3810301015359379,0.5099571926026142,1.0425095993636033,0.7587264111801066,0.5899956033406416,0
0.9849623148605475,0.5996338929476995,0.4730655528060344,0.4250495730178596,-0.08864370454894124,0.8025787725956506,0.4521852777664781,0.7593416048483257,0.7059125757614864,0.7817226064218804,0
0.39877139746834533,0.1277115618709939,0.8252819937555262,0.02204115791371088,0.944943073393062,0.7563677115444158,0.9601278270221901,0.9098334417054582,0.8491851812603677,0.34871515135546466,3
0.9961005305262972,0.6443596551555728,0.9935481650340869,0.410978194106171,0.27126054981846653,0.598733452231142,0.14577851281769688,1.0867744205144285,-0.029946664774237297,0.5148315005054758,0
0.02276964342666131,1.0934411456273845,-0.16506520866171556,0.4095112406610011,0.548636853669995,0.8215754780099721,0.728642719165121,0.9586599011236323,0.25314103060772086,0.7025851986439624,1
0.46122940069153473,0.28536725116980005,0.02127423199480743,0.5536830677380021,0.38028753771615886,0.4909252584164195,0.356238460365776,0.19302133790758258,0.5572329459270213,0.15178960034311467,0
0.8447268280852955,0.6873095999611387,0.7028986053219776,0.10120956092435246,0.9520692588951879,0.2079263658728373,0.16602346286823016,0.24123918227584032,0.887137575936829,0.9611326481492132,3
0.24404955380992044,0.8589575762900874,0.7776338972606128,1.0296202908404044,0.2701796149094829,1.1607822386155036,0.6461009288265595,0.7950904367950226,0.8820689059862741,1.0319339597283963,0
0.7540535227977543,0.6260937193030309,0.7738092913332366,0.4523284304640576,0.8661103944763857,0.928086987965788,0.37675958335967547,0.32287820896431246,0.22714320116538828,0.38253745881937035,2
-0.08134521042682841,0.4287333038266959,0.34989793701867633,0.5580262082263063,0.08048549495863844,0.3569304854707501,0.8711360019130114,-0.258652803555831,1.0374397247792113,1.0649189274950488,2
0.49525736136650805,-0.17614466473949622,0.014240423462116528,0.22427345231944218,0.42031260917226326,0.28731081496723954,0.5692974997401835,0.3207504639620952,0.5573982090150192,0.040377265607882185,2
0.41678120842647626,0.7401155163294078,0.6464721834412903,0.7656131132297825,0.7618789682603608,0.5590407374886961,0.5744854921186202,0.9063746631041072,0.8688941206599982,0.7246135164012247,1
0.8313593326663069,0.370768711608236,0.732184691203751,0.9152101407649167,0.605712759317854,0.38854944419879833,0.6791951128486601,0.5140619262684507,0.608807705584177,0.6100845818292624,0
0.17934054804610466,0.607328535748006,0.3421750794552732,0.4446137112584786,0.42626701560030655,0.41546329966571477,0.19371510183179547,0.724596861364507,0.02893009926147428,0.4775450455155499,0
1.010170121617048,-0.06484738179065108,0.12721267480894446,0.1986596871123438,1.0196197826957631,0.7472466554434984,1.2064373384316252,-0.027891873907849002,-0.021195497217587844,0.40739371856300965,3
0.3359217692037738,0.39247462161105573,0.06228827874947699,0.5055559039044076,0.5571246779737395,0.6060410202835554,0.5433611572083786,0.31306296982053367,0.7506501890907493,0.24452619958549524,0
0.528094003824486,0.45563072623872036,0.7881532393084838,0.6343270438289528,0.8605355576139077,0.4258383239354583,1.1570875297664567,0.4324407905676772,1.0061647198512507,0.06025328621952633,3
0.861223702900132,0.056078986825279765,0.3628428052284921,0.09464668710175082,0.820950899540554,0.620008141953661,0.9962442313197503,0.06319580031198728,0.21595521858426622,0.4307935971751804,3
0.026428157175970596,0.39091585590170574,0.5506365522601491,0.6837625215051443,0.9729965044762569,0.27557841549391865,0.6592405449161275,0.027732752109941274,0.6383854374505341,0.8890057968564483,1
0.7364092854347257,-0.5874835001042025,1.3238319287566833,0.023659472268053094,0.7398232575517124,-0.5104053575894468,0.5742115600185322,0.3824658823458874,1.012366622579947,0.5964875032590278,0
-0.08357379539150195,0.35907918397239436,0.2554445287256908,0.8820992397659524,0.7451463412786252,0.7723147219053542,0.5304378330132842,0.3494295070154016,0.2326922349988249,0.0583509635795984,2
0.41618196696587284,0.6229333415952087,0.5831918448564154,0.16276298885557297,0.2399315031420584,0.3897799028069201,0.026304315085529145,0.8353513627087408,0.7656988896837584,0.16385835946841984,3
1.0152731014433136,0.44435283105833656,0.19022220860545566,0.20569016313033983,-0.026941748847533253,0.904974489535103,0.3781330588044905,0.38308034190327855,0.310572977148751,0.9047702306346245,0
0.5158442839866814,0.7107542607263448,0.987510039503309,0.47136278541376164,0.906467459282957,0.7264480194071293,0.39671322455104974,0.3930370330702044,0.0361571774099268,0.13599271290043524,2
1.4884445660576628,0.7783481738091237,1.059213041319485,0.7429082590088973,0.787509301959967,0.9208990770850689,-0.07891049753990564,1.35720719464795,-0.004380465484543239,0.872976911042108,0
0.9248406190527049,0.3547267332707684,0.08195423361732916,0.29033437728578726,0.11052286025495571,0.8566189620924956,0.41944703053538535,0.5028566487387239,0.3646421078212586,0.7968808103384816,0
1.0964492664723593,0.5633300440093435,0.032543992412561326,0.22102381240659902,-0.19145322775552176,0.8393654790666182,0.31996919714713745,0.7416019700194635,0.03727510535277384,0.874908988375815,0
0.9518352296960391,1.0024082177901952,0.42320780672502106,0.6740736103152307,0.8072937031561788,0.7742122237038007,0.3623891089513082,0.18333869771164737,0.4011969956222742,0.4506121693911296,3
0.4160188584213851,0.22734174856123301,0.7206238225008446,0.02785594740355373,0.9270249555192112,0.8057821033592385,0.8872193185501802,0.9232371240758783,0.7473716914056785,0.421885217065344,3
0.04892708702548376,0.9004225075907998,0.36020404377599363,0.7700708465189737,0.2723787736808511,0.8376885550278104,0.22851455798548476,1.0212818745390808,0.5437628936779,0.56585156107187,1
0.8957014101817375,0.14195866880645752,0.18959797095922615,0.5731917312872006,0.509023846408735,0.4702682457580189,0.7294328554747187,0.8235199309073926,0.8649152943608992,0.1792860934348206,2
1.043996387848036,0.6985066156663947,0.6335410236633763,1.1315050602701524,-0.2174762023859878,0.21106325408378881,0.7770521783134741,0.6644259763330419,0.46489301049913495,0.5496886745649685,1
0.01161100356846341,1.0539536478889608,0.4506306600649596,0.8805057334294759,0.7712430079281555,0.5997943167640005,1.0452569223826158,0.7097702287339032,0.30196301737875364,0.22599783213534713,2
0.6180199989984956,0.7756796711038578,0.34474011709420155,0.6572887846630964,0.05309500388562122,0.7247629994885117,0.5344957391646392,0.8026599507953398,0.3977336172361914,0.7897783275745262,0
0.6050961676614217,0.40721008044959134,0.7165906527594127,0.7091028258884928,0.8202719545342126,0.5739293427798206,1.1470371868350853,0.2703051078769654,0.7115742912934683,0.38180795920791005,3
-0.09649306480808552,0.31290009348386283,0.4334851002380227,0.7036343340680842,0.8558718717332765,0.434018749282589,0.7886678721628901,0.13366560251981227,0.5622474675644429,0.9178002798174085,1
0.0628125262940335,0.7651965891887157,0.3606163964636351,0.6181466127805495,0.31818308957016417,0.8423991601614418,0.8382348094838941,0.5942111102507877,0.7122448617976216,0.6695554542452686,0
0.45348254365268537,0.7010052359473646,0.6956762338635905,0.6598280895398958,0.8623336494752769,0.5548681418107294,0.590388896961871,0.9194296797751986,0.9093576235430587,0.6830739407351557,1
0.4022807869029118,0.5470708218449254,1.0646620011595649,1.0207462275506556,0.20341535571239863,0.4669690047131741,0.5707672538294961,0.3510100847886937,0.9526632627422866,0.32970286378289576,0
0.30561435107641377,0.9655477600391797,0.4108762548211983,0.40234458585830696,0.1648782075958302,0.6232542577339466,0.3655425286546935,0.5607876511595493,0.28920776869720966,0.5638405613999257,2
0.9962178539331948,0.5238540147570899,0.7278126877016775,0.5292499297595508,0.8976528993412359,0.37713123237858603,0.3564244570705144,0.6248703229282339,0.4049390078899958,0.568345253622125,0
0.2824251673798085,0.071541228005063,0.6435986381282207,0.2747483560537799,0.3376472865304023,0.9515806535822283,0.1150564397632722,0.9082837024036324,0.19903526472702232,0.5645640152499598,3
0.9519575506913417,0.36334441023598624,0.4179191805733481,0.9325849673449363,0.12587579265814022,0.1785962917711177,0.7995954271004164,0.5771017108202192,0.583445789523154,0.3875598608625201,1
0.993443111382632,0.5456255167964179,0.7186317818064085,0.5093490477656399,0.8859752213183915,0.35475645724678656,0.36112704973869525,0.6087226952550874,0.4036386709541949,0.5536924836059849,0
0.5801960537470953,0.557439435636887,0.7126436556886548,0.1820466716603404,0.5455299747870316,0.6090683419428679,0.2814008331837361,0.8372912569970735,0.7570184114550836,0.4299242002131288,2
0.4653763126436511,0.5352315066304614,0.47097406516655793,0.681093650788861,1.2817194596276007,-0.04418814812031838,0.25982242999048033,0.5249408019559416,0.3368581440429745,0.3498174921487906,0
0.31167632702182524,0.9722649528594123,0.4113146597546027,0.40238627145732386,0.16654029507345622,0.6254598355276413,0.37069627278521666,0.5568218621463309,0.2841928427221405,0.5693286276069629,2
0.26926213744857114,0.04322065805912644,0.6704391441597248,0.24564829558027407,0.3138776183872643,0.9464150466535113,0.1073639646439094,0.9015269745496861,0.192116569103884,0.5539112644895938,3
0.16346532715697443,0.3954777182461262,0.4423174320263997,0.2268629290838202,0.9283582107500067,-0.2011998630997387,0.0963715560648036,0.05547459601729865,0.42678415352436166,0.08196725196978372,0
0.9212072421242856,0.1667584595042704,0.698070485985919,0.7851217196776042,0.5743727501077964,0.3932265092038884,0.5310723902136727,0.3098157606424673,0.570273025013251,0.6230638252842009,0
0.5902825601302344,0.7596570655211563,0.3705278057004619,0.06902237438545974,0.9206694339716761,0.4319079684208657,0.8756276760386458,0.7452455135470927,0.709025611510994,0.6667752543682615,1
0.26655489872886046,0.039251791897591884,0.66121876948163,0.25657366636206136,0.31671284932623867,0.9364122658986869,0.08446539754787967,0.9007144772403203,0.20006629507766688,0.5466920359772132,3
0.10321930813900237,0.09347159990872873,0.28134103650374653,0.25723495021713805,0.7649270368363523,0.5106016620700646,0.5025448198070961,0.9369481737279871,0.6334621029027458,0.5185045302789628,0
0.2488307073602129,0.1551111240594915,0.09446282479546625,0.9702752080792482,0.34979559601956395,0.33989259802015076,0.39267535611828197,0.5309033474067929,0.43309344740900385,0.21622435419317418,0
0.8567026493928283,-0.0005007625252882175,0.05371267402544827,0.6678954031000345,0.39759485660911675,0.531857651096676,0.5836658508622973,0.8953877731560785,0.7977381583905008,0.28387746846179884,2
0.3374653933399333,0.7096176816661158,0.3182101837336083,0.4039795328859228,0.7656191226251012,0.39003825948938786,0.30323911629553324,0.41582081978210134,0.5736092303505251,0.42969169293079934,0
0.4269299516708711,0.6429404722277869,0.6810083203912565,0.7050260667280364,0.8553923629696576,0.5207762862979495,0.6145527826371832,0.9402892856361704,0.8627600862073033,0.692549000268933,1
0.450329275128452,0.663410302879872,0.624032794360476,0.6519771426223501,0.8923505415597632,0.5691771560915624,0.5832203693054092,0.9688114493742737,0.8466915368957719,0.7507717436524346,1
0.6222118561439217,0.5121586436708713,0.6545392795907051,0.25790110728431903,0.5865475671106304,0.6072975878006258,0.34277492268704357,0.8251423631773769,0.8196916675128312,0.36602068463508297,2
0.8862985291508889,0.5017225011662984,0.6367236305970051,0.7053509050011824,0.2100424188917363,0.19082290272764296,0.9241280604847931,0.5567308229469878,0.5335730405465947,0.46818288029141897,1
-0.014149232121370252,0.42618178720615224,0.5862614452090692,0.6652696944845256,0.952878575665064,0.30794103180217397,0.623301162279722,-0.0015954772192400754,0.6024502313520693,0.8531801021958496,1
0.3482573424355109,-0.023574943244727836,0.7567855993373166,0.03312573297983522,0.7841006139364485,0.9309298196774319,1.1468133268618246,1.0909318993135932,0.6660214431473843,0.5354173773786033,3
0.47804996483499285,0.2719823478930229,1.1062153880853456,0.5971715095853651,1.1225744546810397,0.8464319675532536,0.8453873407873504,-0.055590960826524594,0.28165829103801904,0.8105533752756026,2
0.7771403669214365,0.10289879671655823,0.6348018231855037,0.3131258468455447,0.05061796899914823,0.7025608423581048,0.4675611282035789,0.47563933430587335,0.10576410957846605,0.6470483608984501,2
0.831438579404996,0.40361350905640725,0.5523205220059669,0.7626004564928646,0.9669522027282076,0.055591787696605166,0.45995437872197226,0.5664694615249969,0.6572953718800536,0.3644429491003983,0
0.2523196408894102,0.15331858129934064,0.09548712358038094,0.9730455571691817,0.34720301237318435,0.3339966656149702,0.3982219801979051,0.5322440638573067,0.43495323129068086,0.21301919420527046,0
0.3477652371543869,0.6581485121251679,0.6366855499201207,0.9008903860124521,0.7777213056759432,0.3466866642088662,0.9474712482603214,0.7903581902169806,0.6150166695131336,0.12356061534114278,2
0.24698306023087693,0.1545801363548032,0.09451057274326577,0.9677282665288124,0.34734081206759443,0.33661400089519883,0.3963429770565212,0.5335515555552738,0.4335417923202724,0.2127029927828104,0
0.44292689520724227,0.6786235247174346,0.670632412520493,0.672366289352962,0.8442869188092904,0.5233967822068923,0.6220559894513875,0.9200209734755103,0.8822015941256338,0.6947839172536341,1
0.39105026050637687,0.45405214479962297,0.05408414545201458,0.8601820795566841,0.6338529920217404,0.7404294918529019,-0.3853524392386965,0.3679024598065419,0.3930092879063131,-0.3727996862034011,0
0.06605491889443439,0.887234522211419,0.26813626143366875,0.6938463196448016,0.736893981150188,0.730678142302813,1.0773617258249182,0.6831781523332549,0.27800117654984685,0.02066577972050873,2
0.38412777108828033,0.4411844784335986,0.4146180901881479,0.8759460542723936,0.5325930783010625,0.35883780752446215,0.2718253204676744,0.9944791596515541,1.019061123447565,0.9924504323870996,3
0.08553089364395937,0.5215431810180784,0.5062008775044735,0.7737084007595377,1.1253304522484386,0.31515478565440014,0.7453029006913272,0.12342223674976942,0.7183023454996647,0.8789514498813317,1
0.028068183660657692,0.7749211034884783,0.3554739754383681,0.3187729101792885,0.6887832605385064,0.31833023574437475,0.5419536972785614,0.17282643784358165,0.7957461027098863,0.28434343397376743,1
1.0194815687504184,0.1443789704361401,0.829436873868681,0.7896965899561308,0.7099310846496693,0.33145871395084436,0.47059962949727496,0.3871685141406778,0.4866108181756056,0.5759230814964095,0
0.8089429032190136,-0.16202518221625767,0.541446112762062,0.47586658084346894,0.6923717786305619,0.33272932391260424,0.24321099511389055,0.28505253823172333,-0.07279966233503846,0.8915870064556948,0
0.5593505765484409,0.21419832770808078,0.7990432965799886,0.0009098622450402841,1.101609479335605,0.8302871734332061,1.052080264596291,0.914671621998351,1.0179436880016002,0.5367336971943424,3
0.01680439665517721,0.8994396471121963,1.0039272684182345,0.23962171218703857,0.7230910896611017,0.13992686679272762,0.46260103484286796,0.04716139756528401,0.8903775852433851,0.11062835591979078,1
-0.04678095947839887,0.961499635043348,0.5931980059807231,0.25124003237085474,0.6698052910546181,0.3357675909244262,0.5596959655377236,0.1987097150790885,0.6269981405308719,0.15955260244316027,1
0.2286721297808168,-0.00191181252256979,0.46757030646025727,0.4523682724791465,0.01818894365029458,0.6802963813806387,0.6776233081391729,0.358316930786701,0.5327759474842891,0.37594144456255746,2
1.0689494497900909,0.3040990601041655,0.6636975240936538,0.7192884701675927,0.9300697095307968,0.3717857353586364,0.8228423566179781,0.5364479035297435,0.7304520022867741,1.052802790883486,0
1.0264116510936112,0.6107765310184796,0.584663148259252,0.8094158109585836,0.9794122925532642,0.26145574674405414,0.7637590524015182,0.793197895419901,0.7395469198756979,0.9694449079483791,0
0.12010169531335396,0.6512284062243833,0.6732344864167364,0.49094119971663047,0.4234709667915847,0.9891146662417876,0.4525104064241625,1.0622778213156703,0.5131659724055943,0.6714845875415351,3
0.7026267373691251,0.15236718237835464,1.2683170299635569,0.44337290250980804,1.4355540317819844,-0.12187401313797458,0.6560742337396961,0.5480768458272931,0.22148767903312933,0.4316906282921191,0
0.1379564869522925,0.08306852583319488,0.3156140595635793,0.2557217276560568,0.807750286932125,0.5178994097541608,0.571454570864146,0.9457898444935796,0.6499952276471935,0.5619085685890548,0
0.7450125589357481,0.17658999979707338,0.33173934476979194,0.9070751984910297,0.2676415189234401,0.429605700560969,0.9666834440137995,0.5483313921455926,0.32213959573351736,0.34975311841025675,1
0.6017291653351311,0.4764555137646578,0.9405171167062174,0.4244385439688603,0.9259284018380778,0.4588874808971478,0.9622552348274218,0.3234512667722391,0.9023257396423722,0.20484017953994857,3
0.81487597701747,1.372543053046606,0.1600101816612931,1.2677223346881175,-0.07690012928412351,0.7359547665272379,1.2273251686025217,0.471689572831721,1.276505372064665,1.2627763077656546,0
0.11488174578761592,0.21692850602481556,0.24311808335174728,0.22733877450141318,0.10876179226896937,0.3974343668302011,0.37513213292148817,0.6047795152284438,-0.013159082860957128,0.6171322894382709,0
0.17495315728831712,0.6133324470829549,0.3718751050873818,0.44076073215749145,0.38950668126969695,0.3941389517463355,0.22419312852463508,0.722767345960051,0.004527014099805923,0.4481490971445288,0
0.7621238784015025,0.5669781154981381,0.43957298864356,0.10097228913307943,1.3175697765633907,-0.35379894589980254,0.8327488276844582,0.09198357942233448,0.27689169323881757,1.5105314556142464,0
-0.6424467752895602,0.0815508327036284,0.6190014371990757,0.7476152127459837,1.368073899256833,0.2681930254275726,-0.018036969744840925,1.0101367709311537,-0.46516459800059085,0.9577391797750641,2
0.9758544612951898,0.9393835790783593,0.4018315420446157,0.6603195497853431,0.7908049199364893,0.7182039091271594,0.4254963407223325,0.1566155552013764,0.38940995516551097,0.487879991903343,3
1.1312393870985078,0.12524850635885587,0.6451455031727595,0.6897338000472859,0.8575550438685992,0.15690019361300042,0.41596438597241947,0.45240663503849277,0.5153244463059684,0.6543642009119972,0
0.30989054828586937,0.9701156563571082,0.41041724616872816,0.4023538340609565,0.1663693375654954,0.6238730361115944,0.3695832042101002,0.5565739761067005,0.28562545245608273,0.5684448957365721,2
0.9214323862565702,0.09206675188457622,0.6300579083567154,0.652935490405778,0.6508911599445382,0.14113253855559174,0.5521839010524029,0.4836327932377291,0.30757264126766515,0.48987305905754724,0
0.9814440186556811,0.3575386090844435,0.4493855447697944,0.8670208830177624,0.0955341378302332,0.2550835490158825,0.8867071537875518,0.5167696015121924,0.5696912112788327,0.35066657367678794,1
0.4944679019526226,0.5476808250057438,0.5501500250132753,0.04372773538395408,1.1785951765832947,0.5215380625361031,0.2444108846857401,0.8243082523989292,0.35521555911806907,-0.13908472427848467,0
0.24841920540797455,0.15611879841191426,0.09269471710144342,0.9695342089648002,0.3474350436692585,0.3367295017378118,0.3956401805723654,0.532606272814051,0.43415609994942034,0.21440621494350837,0
0.9514633262293952,0.2918120815840899,0.461282240440968,0.1604361287032317,0.1782234341555876,0.5497369036619606,0.42326891021104096,0.5852119553860168,0.15754088833445534,0.502304986413819,2
0.2499169018615991,0.043688620734709034,0.6673153398313447,0.2629359193567891,0.30034089959954563,0.9333713464194232,0.10838198743730075,0.9029068656381128,0.18797921675391704,0.5544550031025294,3
1.1905697350672835,-0.2358564530979544,1.0257285573550938,1.1498053840779705,0.39229072351086547,0.18990344625866332,0.17764593649753185,0.5554118480910314,0.7496133624776479,0.5024317205098576,0
0.49972521097900163,0.8828943480087547,0.3522299877702822,0.9316610681599627,0.9083143169806566,0.6508513284381331,0.9882539799475194,0.9370586080805559,0.5039985550313617,0.6395065946680176,2
0.8828003933282426,0.7498227018975632,0.8951461309485895,0.6337183254067569,0.8840114666861455,0.9185434408452593,0.3780262893351088,0.19332094367604064,0.18962267692239076,0.1732096506520126,2
0.08226242912786885,0.03523996405099792,0.4541151281475525,0.3665080390263804,0.15885350236118784,0.6133047139282977,0.624427889053342,0.36729209909021254,0.49190551174489416,0.29200193877708686,2
0.17097647957169776,0.02481809782981037,0.3335045264720562,0.2927392820332312,0.7163968249121959,0.450755683468708,0.5165722084501336,0.9465918775115884,0.7574958329558987,0.5297464253958323,0
0.9385952131424989,0.9162960169681167,0.4237240821690623,0.12182221772062515,1.1846026674728427,0.3428764774077536,0.8512083513007322,0.41355944745878803,0.09215180353164032,1.0462131467392188,2
0.7590796616016952,0.6215821935771142,0.5982157197655872,0.035488925541131665,1.0120282026550849,0.05744475459068235,0.2778739259896271,0.370260188487028,0.7814171536257111,1.006748533370933,3
0.024258776331855067,0.4113543661576661,0.585981788084736,0.6506606515916575,0.9392952514618222,0.2466910247553586,0.666298870764823,0.04998728648916302,0.6365139502798433,0.9357548425800907,1
1.104654673518581,0.2568792569640531,-0.03799591331194835,0.30273015934033504,0.006471024125832572,0.8434618015730683,0.5320170185334855,0.5215652311357634,0.5411368427128035,0.796667425465573,0
0.8757789910466548,0.7565013803126098,0.7295621212488786,0.039288904933688154,0.8919742805030089,0.11914208596392925,0.22382305713975306,0.2693507822444896,0.8445268353419021,0.9440330094926942,3
0.8727527895849183,0.034060511403171304,0.3592139372364971,0.09999174023299114,0.8496639006158949,0.6200509977914012,0.9737181579939738,0.04744967845257965,0.18765292833075828,0.4101391023980044,3
-0.17081100051051545,0.7485755214528522,0.7705244590946377,0.731469555654835,1.148137259677834,0.3955442544491896,1.0646773166071275,1.0842910443415645,0.5494157951853105,0.4884769150189172,2
-0.7102529047607428,0.3854457506080994,0.36616651839794484,0.6790829716048586,0.09061099683235596,0.27734839606115647,1.6513072287954835,0.047210599396075026,-0.15980916446802396,0.3908596735504128,2
0.15063238645197652,0.09815919693693055,0.3682647944287474,0.23289955280076152,0.0678570753979064,0.29569108392077376,0.6019296877656983,0.7991561603498422,0.7755052799289283,0.5114532447307802,0
0.37395856259958155,0.6728103146972695,0.6263032831852776,0.6470333506525616,0.7663075875932724,0.4940648104648905,0.5942912723729711,0.8339562389167965,0.9558161655460929,0.7472253159046492,1
1.0160248714689488,0.16791883930231505,1.0928459538094129,0.5999153497715999,0.5582640145096505,0.5683618525530291,0.3033879921679109,0.44306104912709743,0.4886764430288969,0.43040581134496425,0
0.21939007643991448,1.2673878826789853,1.4152021030999462,0.899503796765555,0.29678292914673376,0.9114467009037885,0.4707159463623287,0.23379947186869193,0.31986248622583197,0.4038959820129688,2
0.05085627869741459,0.6303395722935434,-0.18878499349262162,0.6325699193402008,0.1438060987666674,0.9683840281291705,0.4735998377932815,0.5644242300925365,0.3767033810880743,0.3656920304262571,1
0.24802472149357407,0.03518966323219305,0.664448616718313,0.2615001598272432,0.31690018070655435,0.9382322719722319,0.09523361068870312,0.9068540772520699,0.21083926741044567,0.5379786221859459,3
0.8360464060136793,0.7740124833211509,0.41318766531487783,0.3380236345630674,1.0110126829612174,0.5639735608837324,0.8162447680722595,0.44492761370744793,0.243311993316343,1.2070553953968801,2
0.6921039956497376,0.7987797598913998,0.7871721879823828,0.5519964448888761,1.009239802669664,1.1437630025760668,0.4542438089724862,0.3254512514293694,0.02065196451887666,0.19802417198467703,2
0.13496190595396323,-0.06273394881040054,0.4322376900928994,0.4627339261283405,0.18156149825483195,0.5754732982544034,0.5628113696666212,0.3214439962878444,0.42699359960408095,0.2752864111078172,2
0.9060397960175568,0.04104717749133452,0.3580896851414632,0.13891363670823964,0.8709664755339852,0.591628006834525,1.0371414201184392,0.05603515536958251,0.1805363518531576,0.45361489543792477,3
0.30311532148271864,0.08108521482967727,0.6100344761307548,0.24240996762774422,0.27478427404101935,0.9716312933755344,0.062196793674218764,0.8508181299894407,0.23541902215105467,0.5117508037237553,3
0.17300800669263908,0.767963428476436,0.5254123213993402,0.5866725670910223,1.0311212763528184,0.28261448530432104,0.4331052606517921,0.7345972442482468,0.5703996956717656,0.44551516592657847,0
0.05964504013716492,0.1827750323049836,0.26056205507069824,0.29539505113479847,0.7650532880372402,0.5480051844074965,0.653294719619623,0.9337766783195983,0.5810076486406639,0.6564390841070564,0
0.049963951318510114,0.37452774726312577,0.5642719978214291,0.6327130061920044,0.9766413005841641,0.22588731981375346,0.627543064296277,-0.01065863104665181,0.6842417333957665,0.9091569968276556,1
0.7209503671545823,0.3717089951870588,0.4406024999006932,0.938431449178432,0.20822282968560035,0.228619525765458,0.8831313849719418,0.4619938989263814,0.818656040414481,0.3329854921019792,1
0.5934098976701649,0.394361522791503,0.48746473844554694,0.31662183575250447,0.4113878944327055,1.0610470507725425,0.5702407125420622,0.9137922916372919,0.2987707883541845,0.5564518871142864,3
0.018774745597495434,0.94076386197855,0.9871681850109588,0.27042541276268267,0.7111656837706545,0.182381194453975,0.44644383023821205,0.06848022152290549,0.9046950935880419,0.15809904997330515,1
0.9544759188950407,0.20406916160776412,0.8542815513191263,0.7856468509548236,0.6935062954711367,0.3657038291579269,0.44012405880605926,0.3756854655029725,0.5642701334532884,0.6437910548739609,0
0.8023175252282243,0.2319200424857103,0.5696282647736134,1.0132514905656809,0.16646345809617677,0.12128470029488092,0.998519295887888,0.4260031001410165,0.4678215841570874,0.175134494982003,1
0.2218445193600968,0.03037073407945438,0.6404876214662533,0.22686062190909,0.29716242991608977,0.9100811569071362,0.12779429649068313,0.9207425793585959,0.2134613000765305,0.5209937242513853,3
0.3090153430641465,0.7036850823516976,0.0014793375983279122,0.316801137938329,0.8213247114771733,0.07342541365127805,-0.13358905774832167,0.295832365097212,0.5266793188156574,0.08134420784843088,0
0.9873977305583584,0.347346937200695,0.4603691258420051,0.8680829320081404,0.07604812112638265,0.2398024418077528,0.8659910408172055,0.5094442180946591,0.5789515078915746,0.34877680786887744,1
0.25138662210556423,0.5148841950889275,0.1305556601706683,0.5935713139754758,0.6289613562243109,0.7077276854886594,0.6325682811852514,0.24034902698025357,0.8470009940947819,0.3376726678953842,0
0.6872772137972977,0.6166044022245694,0.5885201296526932,0.2956321835817857,0.6697180810570488,0.5506964573817934,0.2732787255658854,0.8747411217329706,0.8972393434131887,0.4362304451878159,2
0.3098090466702357,0.9684286237956532,0.40879337903820684,0.3991772030224433,0.16798846563651854,0.6223139903328985,0.36824775484447414,0.5571706500562319,0.2868336249453331,0.5709707303199912,2
0.10677407398627416,0.9820651636901769,0.6732228667232502,0.9362386046791565,0.5298854649310563,0.7035573907529868,0.6042260817787013,0.5195907754592906,0.25809846422678673,0.5217233927080847,2
0.23290920498919698,0.3093921435476136,-0.002983292528538267,0.6270731194246884,0.6337128013208408,0.6106764381906129,0.46459080280105924,0.3318005247672245,0.724737726125113,0.36292729711787314,0
0.30835834005974727,0.9688099731321014,0.41079177234854053,0.40103423327834997,0.1642281257144582,0.6223076240056293,0.37080266471912493,0.5558449492742702,0.2862297320455873,0.5672072384187762,2
0.2943008999611265,0.4246338372003368,0.14935707288280758,0.49907504437732775,0.5148811451764339,0.6239309772452489,0.44892430540477507,0.3746400492211408,0.7567981024567737,0.2996225846406443,0
0.34561153461586797,0.48015440037950374,0.27728088662622485,0.37652037246894876,0.9330265837887509,0.02374395494734985,0.056128837817175925,0.24855245047923286,0.3044155227080838,0.1059928342697611,0
0.31249355489633035,0.6075189270521634,0.2818387567337167,0.455119060607053,0.9251552407329132,0.3229606191583604,-0.09258354562894816,0.38230929213334164,0.3739585495327791,0.15729460896798558,0
0.7677159770692844,0.5818131811891526,0.8930852586230871,0.6138108734995841,0.923084925591039,0.533711779803259,1.0816615098869446,0.3322408481586215,0.801043767335077,0.3189482885765532,3
0.00389305211763763,0.4137680275953769,0.49676027663839806,0.6548410696889908,0.8885927676540215,0.3183842376380702,0.6657747386445136,0.05088820825798467,0.6377746300089547,0.8799239988431746,1
0.8826626750942321,0.29047169146031165,0.10472101079700818,0.38438273489287617,0.09389739923377732,0.8173212119663709,0.5152096699696272,0.5498142567695468,0.4230566579964007,0.7440298379903405,0
0.19182308809877002,0.9471468904886874,0.5057034202694031,0.6316857328275578,-0.08617716042265094,0.853713808898459,0.5416352374064912,0.7845328334687978,0.5306514829746166,0.7485357914392836,0
-0.010188222972920824,0.8001607592366795,-0.10900630673636541,0.43019235494889385,0.5822626445210697,0.8692425393200699,0.6098356018441261,0.6944732561745299,0.3242201744993442,0.6777184061143859,1
0.5756953775216461,0.8386666955006469,0.3147541636884289,-0.0073298197370461615,1.0063729424394179,0.4260563059862249,0.9792889598867107,0.8195244944989757,0.7693686115465151,0.795869936813725,1
1.5197350126964553,0.2692175280517803,-0.3119569497824135,0.1372640762942601,0.07435894349640369,0.07774418425496121,-0.6211919457043987,1.4747245648509595,-0.7385165086607939,0.2786127757902614,0
0.5368410089731821,0.7374081443865298,-0.025780820805694854,0.5434989336429005,1.1273059142427917,0.05805866149548217,0.03988968038252205,0.17322365043584043,0.4013170310298624,0.23300331234956084,0
0.18985368527819352,0.03312873972447285,0.29272973031892935,0.2125508996290938,0.7013715616085957,0.5559747932820868,0.4947973985809535,0.9466212742625192,0.6301744335565044,0.5693475191322918,0
-0.5731010699096324,0.6762448955399143,0.9890761171897382,-0.46849631020082494,0.5123555753631135,1.4015392906530593,0.7047264195970465,0.5291449727597699,0.8046293890982671,0.43326729272966913,0
0.2569232005035345,0.1622010316884149,0.09695620347284861,0.9672113808588165,0.3444920941171216,0.3346219263419808,0.3996369565659205,0.5393070175333489,0.43418235060247473,0.2085381847560537,0
0.07204076738286402,0.8430326487076879,0.4488242554392264,0.3249749877378045,0.6561096852074658,0.25516392252587394,0.6205054987656077,0.21039382776753723,0.7967311379909178,0.23391959194222828,1
0.8881003139189062,0.056758656271936395,0.34594579476150417,0.08528982776313374,0.8467251711635774,0.6324878651436636,0.9850609039682919,0.05540922006345958,0.22072690783308072,0.4450752827882299,3
0.16716727224965108,0.22878687404166687,0.9269838683100274,0.40446558174326974,0.018973101587216018,0.6503456330109114,0.4645608470834176,0.3141513906397043,0.48580826707125113,0.1831585840378624,0
0.4585092992027622,-0.2667906055484849,0.69721043868921,0.3852980181715501,0.18240876477685652,1.2627703493475417,1.0167058429713527,0.5872330611716851,0.13200454811738727,0.3522431848427315,3
0.13411515192851847,0.7835658350589005,0.5156729144652947,0.27648073440165943,0.950961086160576,0.7023709569755091,0.5419699402353015,0.7550637059685009,0.4054487262943174,0.16345808370110004,0
1.1652063537785475,0.6759352749332811,0.8871885520858442,0.7778209683284784,1.0350691598730473,0.04855404001248842,1.001899946285234,0.5469949073586773,0.8993893834621733,0.8414044819402181,0
0.06987828638446174,0.164419125057653,0.696736188719749,0.6205453781383554,0.2503923490288931,0.49724732077485856,0.4956247978922079,0.3430611196261986,0.5783002530937733,0.35598611334040153,0
0.8549675344938549,0.12434013084657237,0.2702772581473296,0.5996145967602743,0.5833619343686269,0.427292864260277,0.6545655476957121,0.7578359600244517,0.8562674872501268,0.18459468170031615,2
0.4172970209969705,-0.23028479545225955,-0.008397033615083593,0.46045691626390806,-0.0857959033915382,0.5757902738178857,0.32332575528881047,0.17390244053091447,0.22350899953119197,1.1592778408892443,2
0.9593304027329765,0.5040236542754796,0.6744803949356226,0.4911038737459962,0.9777244138798594,0.3133466854125048,0.4299018135644744,0.5904047789870098,0.3630230699188658,0.5233812169524155,0
0.003631789813666818,0.9974074367986893,0.8790533475657164,0.2664097832313968,0.7016086940687946,0.16551695426977528,0.3465812523217092,0.08481241271437061,0.936542406809705,0.03623371430675153,1
0.9707816325265403,0.9384308885069995,0.39791135523000865,0.6576625677870221,0.783254083789324,0.7333216085158202,0.4222105486843214,0.14700170552490893,0.39671579464438117,0.49955867493625794,3
0.2029648370256406,0.39876618578747136,0.6153172423868329,0.6766292999802497,0.9052241971067363,0.27396578341682093,0.8494471588949501,0.09293409065421827,0.6678335731430735,1.0682344479713377,1
0.6071834558306596,0.5090857864612142,0.6782146305952438,0.23681610546633716,0.5820178172004464,0.6061649107325342,0.32596172861196515,0.7849245969583895,0.788053601795371,0.35921415167512916,2
0.39065725405500523,0.13953617765967563,0.7980471051692364,0.014602805820200671,0.9144515457795732,0.798064273577453,1.0004640166413972,0.8795629847111697,0.8431961162156548,0.40378013142063673,3
0.5888627049684901,0.36908599127956004,1.0421233276672208,0.3086141589303645,1.095085834207285,0.46844132649213127,0.9653343755403293,0.2645169928698814,1.0398563196306903,0.14758949445913058,3
0.5059862333779658,0.876037563478375,0.36206730317125946,0.9414938875619632,0.9118302012916153,0.6431432428001527,0.9962289471833251,0.9392631044596335,0.5054587240412683,0.646508306325726,2
0.988760491016182,0.2332480676537497,0.5255954178542865,0.9760342623593827,0.061928236088585095,0.19711597849643986,0.9143128341763718,0.4748026975570196,0.6883304566418502,0.43237597848144976,1
0.9466609557583248,0.5315308369973283,0.6461505628998102,0.7250062611933855,0.8473604736262286,0.250680627307327,0.958925428758721,0.5953976495669544,0.9062333872883938,0.9067991924878679,0
0.7994078875447721,0.09112117363549409,0.6285596087183556,0.3054771035421188,0.06835333939534309,0.6806358988247637,0.4294964890027742,0.47854494280697907,0.1462662148032188,0.6734117727776313,2
0.4619505363106756,0.8607636900221629,0.38151901353273276,0.9280066406275005,0.901801786738074,0.6680388667868111,0.9903830989753174,0.9145032454968363,0.4773145461544746,0.6384584103154894,2
0.45937280895408866,-0.04827050330972518,0.8511100394638716,-0.14658986777836733,0.8689629263053925,0.5887868049401475,1.1096888682913963,1.0212410653493829,0.6299077170168413,0.19559317588322084,3
0.7497466796306321,0.745259723642269,0.7744021931169589,0.03569981485246815,0.41437220134884695,0.6252542970092586,0.20828039980494895,0.9200754971057455,0.3454648935932446,0.4770437072711783,0
0.1781020720022492,-0.07014240549132289,0.3720916595518854,0.41973657333465864,0.12158061725674543,0.6691250226898375,0.620508595285933,0.46967092177021225,0.43377247372270644,0.19541897834121771,2
0.24187719793997678,0.03776658009790718,0.6565366891258119,0.24017762060201606,0.299583406999586,0.9415682978560257,0.08587914269253992,0.9119306617121538,0.20747625460323627,0.5430203856580449,3
0.4214797010506413,0.269890981962624,-0.11423124363115814,0.47071604471261314,0.6958891503682368,0.4673468499352871,0.7669002182266758,0.04920978625249178,0.7373487942298835,0.46840892010922597,0
1.0026591011571786,0.3308390206043347,0.0711946805543558,0.33994751915375004,0.0939658019721174,0.8656639081004789,0.41243632798250573,0.5392319191955546,0.38423339540810075,0.7666843726885769,0
0.812850216263663,0.783394630545483,0.784492611290931,0.03524017689452347,0.91981825866731,0.13224056461828262,0.2132469185818603,0.21107416510432792,0.8715824844814788,0.8834190930399697,3
0.6944679603874606,-0.14327159531119987,1.1025951114107475,0.41531893527358305,0.6630760966128393,1.1919275655292607,0.779690019442635,0.9266974884393037,0.8218113895589626,0.5012055144255916,3
0.14598817436030748,0.4241077235223251,0.48462277062067205,0.7926990012000577,0.9865626674032916,0.240256771824308,0.5257574859754284,0.08948542079174104,0.5301701332036395,1.0021269965611639,1
0.603214770696972,0.44324605418122065,0.9193715358250499,0.4650448546697757,0.9892003703435024,0.48779203637309265,1.0130523436830983,0.364783695400284,0.842260356595684,0.1836054825253704,3
0.8994766675833935,0.32700301061306025,0.033771440463233646,0.25767585557260636,0.15179822721903197,0.8804479673399379,0.34247991499733466,0.4612253423342255,0.36731946876226285,0.8000503978697966,0
0.6047376451092985,1.201104352052662,0.6628315914400913,1.298139574286913,0.4534553453392613,0.9725734411229449,1.0138239993739573,1.0971227702774065,0.2826528084864662,0.7155793470000203,0
0.09897038159892373,0.09622569813256679,0.29143444034537197,0.24011686829885923,0.7862959748557233,0.4641233955071247,0.5498425348609485,0.9771172663582791,0.6238025074921874,0.5093717080148537,0
0.01578581793870386,0.06298056331058924,0.2448481893705268,0.3862677817817175,0.8656607833319436,0.5707427930523414,0.48171680485802315,0.9032737200725324,0.6286479325482619,0.6223438909510524,0
0.9557968221214025,0.6376613302591914,0.8488941010728726,-0.03360991852111918,0.9337609078004369,0.057580109801279686,0.21470565822901833,0.23243643173065495,0.8949725315609283,0.9169111349192958,3
-0.1023208596981725,0.30369058389243914,0.14515650407543387,0.13827505871488469,0.9926320806681783,0.4688499787293874,0.5310850506064583,1.144632347588681,0.738398298431793,0.7654720886747035,0
1.0946090810447477,0.44157619142763377,0.453397848805818,0.7899139240416976,0.011950137510769815,0.15669615402771792,0.9818368799148443,0.45348508006236743,0.5048784833075304,0.4254110698621965,1
0.9324137435139387,0.346534866076909,0.46966724616939526,0.9009998953010073,0.09304487673483669,0.24109002036176422,0.8235601234850736,0.5565952107280419,0.6526936788490878,0.3620138950097329,1
0.6377037450718354,0.6258647995574229,0.19106250884990786,0.5849307648491103,0.7617161294566526,-0.128333485857748,0.002184513118936665,0.6176775361792166,0.1971613934817918,0.06547516338463755,0
1.0307599372088203,0.32878192103115045,0.4851870489041068,0.7532708430231546,0.07155180945045263,0.29408669688055467,0.9507156534315991,0.6052075819313592,0.42701594915106644,0.30758267614234414,1
0.8052296583390732,0.6041169709663662,0.25992494644696573,0.45435718745427267,0.05992421802611594,0.7421365350211773,0.796041731597791,0.29741162239515545,0.7077356733220462,-0.07464174270731738,1
0.8494585804370608,0.1438337353238695,0.4156049072269725,0.8577401385087592,0.7187573245345071,0.7314340120804625,0.6001344242661553,0.6364744179568363,0.8299640462574133,0.7949322846418435,0
0.9713678902707622,0.39757161583360684,0.17543158279264587,0.39591642177743586,0.15393737673800723,0.9186682550500644,0.5042733634486912,0.6164494710045778,0.4621517762061108,0.817934390534801,0
0.3328425997354403,0.033255942501212235,0.7730924756927327,0.019222724748492754,0.9369060060880171,0.933410915612108,0.9065530517743751,0.7847782006546042,0.9786714613948448,0.4547495396161111,3
0.4486250936341876,0.5209183368427623,0.6776707742239292,0.8207222047388308,0.7783523607943017,0.5470512425128393,0.6318494716811199,0.9152675745036205,0.912036038313585,0.6191606959218688,1
0.13631271116725918,-0.07413128106584642,0.5308118636529716,0.44850208920797907,0.067336295334045,0.66646119514517,0.582413097426995,0.26252773868598483,0.45386308114841484,0.15514426736400544,2
0.948738473937997,0.9225267197505551,0.41825306109698857,0.6763481729769373,0.8051372028661333,0.7012075056313207,0.40842842114442324,0.17144289734014953,0.3737775926337098,0.4940228981334418,3
0.420860799131589,0.043045408069452964,0.06895332662249183,0.1720519020506814,0.3896862781253917,0.09738950981821742,0.480644347215253,0.44341645631006427,0.6010664648014723,0.22882131235625458,2
0.1570637669253211,-0.06103726496078188,0.225917375831507,0.8337380614540597,1.1243587926378096,0.1406586158657414,0.20551029473969262,0.7257072633186811,0.5394565165801656,1.6744337449086875,0
0.9382124762842704,0.1627207650610927,0.7779869953920702,0.8457496040555363,0.6398367196453484,0.3214314457494678,0.4418981760890408,0.3640819880607158,0.5489172531112877,0.5874556697521106,0
0.9567024223292753,0.31696885816152787,0.47256934868673134,0.909889806009469,0.09592026270519816,0.2438499796339632,0.8605063573051119,0.5116796439286997,0.6274792315596461,0.3675830342343694,1
0.6009391774959958,0.3101656032706904,0.3187564226886069,0.3822456642233569,0.3555612365175326,0.8456863304128208,0.6609853990199033,0.8530654151580459,0.36017415744281855,0.37106965070335113,3
0.8638839636311795,0.5354765709924647,0.5239124405084759,0.9762385034391479,0.8338822296469214,0.34857566356073866,0.9698317694898844,0.570067699112788,0.6874429663402657,0.9909721294403565,0
-0.008178094176444606,0.5274212880227002,0.6316428799909362,0.5540801694469669,1.069788318809317,0.29754453981632495,0.7658047660338275,-0.11577470499841802,0.7702116182695414,1.0022733641667514,1
0.602568641518318,0.7818059460094074,0.37477512573389093,0.05717196078328641,0.9320395501858746,0.4081248785588059,0.8715903376536772,0.7214168332196158,0.667511077125468,0.6643640686024506,1
1.2685901396207289,0.664662496809141,-0.16673117712745356,0.12636082592586684,0.38300647781492525,0.08188749077721888,0.47384667892096516,0.41718415831071815,0.4133135592320062,1.1626224171990605,0
0.07312342490880994,0.7152120331309625,-0.17706539195944224,0.7413412578136915,0.5857523747722619,0.7638259127867121,0.5145516298258308,0.5198541810402323,0.1286710012214903,0.6719694577299781,1
0.06654710421839397,0.11658595613920031,0.25140288907030084,0.31351244269679995,0.767925808572862,0.4884441411692449,0.5553834765839364,0.9043372004319501,0.6296106203572771,0.552872924608075,0
0.4497450019877733,0.7060969807734129,0.6265260849633701,0.6163254158721627,0.8638654115284499,0.5658045453656896,0.5789161894161269,0.8380743544481397,0.8264650912692569,0.7233938662346205,1
0.9937920068367567,0.7865380605314545,0.5785070706094334,0.16125424778972897,0.863593063803392,0.10448050941787357,0.08038472212314435,0.32022253252846594,0.7435986539871231,0.8947750891849774,3
0.22768694535810263,0.7995474708101746,0.4716227842289591,0.9843049523642136,0.1563915094644423,0.9775865931756921,0.7066517015670485,0.972066260564329,0.6353093418775285,0.9824069061747354,0
1.4778755379176753,-0.05794288659414348,0.41776380717834016,0.5969905024074702,1.0882025744242492,0.4813004924911841,1.214247025172278,0.09087494158441756,1.3351776329887048,1.0359092732660389,0
0.8766503951160518,0.06718897421691719,0.34748512927990977,0.10249240617150496,0.8297666014761275,0.6275875769781409,0.9861813535376253,0.06654809864522236,0.20759119414622632,0.4349587173069969,3
0.8277775296832071,0.1543720792938501,0.5025156585243896,0.3818327581757922,-0.062129421831258164,0.6557097993779368,0.3268665407489073,0.39149868966493473,0.13012706500804067,0.6746635996437041,2
-0.5577458579410173,0.9247460319361576,0.4156430114791906,0.20390695386278374,-0.30747747938142933,0.015392574092705447,0.4752227583370916,0.0850332460141191,-0.15092299181221025,1.1087327252914012,1
0.8100858130442937,0.19285192664014517,0.8786303413019503,0.7880930996787535,-0.25738725528076367,0.6975670512210136,0.043600532008979176,0.9126026212531098,-0.21575752350083566,0.32173974803606614,2
0.6384813536266243,0.7053763448728076,0.39369155301066516,0.11041961405444543,0.8484601600171363,0.3852168446378081,0.8498520337537759,0.7687835985363143,0.7457117473146893,0.7187096269703086,1
-0.040213564182632,1.2081834416932107,0.4238118997145573,0.453481289128331,0.2081409570482429,1.4534978968886145,0.5038017666456517,0.9302129741157693,1.162432355630191,0.46349952207810907,0
0.3658678963680107,0.4491087865644835,0.39828907393057755,0.22003797096670846,0.42891626118390513,0.7063970950166121,0.5167553649808082,0.7736723394190267,0.4391503429373801,0.12533176313348068,3
0.23500489445866046,0.0322005237258801,0.6350505215932087,0.24268593768190005,0.3237232060736773,0.9124789692636022,0.06762247801216885,0.9170423685396003,0.2049485890525021,0.5814147901821037,3
1.021158475070034,0.9522276786288661,0.4138097253537529,0.6751611029582704,0.7471870314544554,0.7504487105036347,0.3850176624484961,0.17485404837179336,0.4251583415987267,0.44643454568842045,3
0.1239958492631115,0.874319945604857,0.4257742810236679,0.30228893662046813,0.658915555250705,0.2615835974541921,0.7018013955424627,0.2892406538647987,0.6841096448615356,0.35761890445875916,1
0.985506415948169,0.4517665703969802,0.6255447327843755,0.754790587951256,0.8091455046548236,0.21652738277704633,0.9044136440064303,0.6405495318009672,0.9234904164441265,0.8236023374552967,0
0.44340306950356734,0.07059341751870696,0.4045296706857046,0.8927289149267416,0.5856285538932355,-0.1092738623321299,0.14011653530621931,-0.04572864546902061,0.4715284735729138,0.6864039262186926,0
1.1171227121262608,0.42105471751697376,0.23691224838026498,0.38609189214993567,0.16073983651002327,0.8272176467162846,0.3265778793261554,0.6021828844094597,0.357827217770184,0.7873032822759203,0
0.43300821974495146,0.20330397127981514,0.345943499559144,0.35821073693273364,0.2784028807790315,0.8189345053014118,0.712282990598325,0.849611377426509,0.23069831321641893,0.2892943354351306,3
0.2728717311761041,0.13156404255069518,0.9581840475558642,0.07701794159711392,1.104454186459816,0.7655883663422794,0.9654704480829133,0.8439051577899671,0.8554033654072695,0.29073778681604046,3
0.09574071368750131,0.012148407821956145,0.43351717712208204,0.3969603308400379,0.18535022966106068,0.5988448784909777,0.6402895197598392,0.37728416417177113,0.4678162929461869,0.2620102131842741,2
0.470822998031237,-0.5487797359011557,1.2385241691453865,-0.2572917372079758,-0.673316873294165,0.5930754539200556,1.3781722485506926,1.0834545862329623,1.2631576241471658,1.145718244259296,0
0.8861770758466585,0.19037779181618117,0.6642325981440913,0.8853945645162327,0.39944806640075925,0.86932786493922,0.9540698453874655,0.22105975979365974,0.6765702478796601,0.19906623484740743,0
0.8758716610404541,0.021791707394215577,0.3027856081036736,0.07502631418449864,0.8130843517193194,0.5988315026518397,0.9939487904289528,0.09702330347973495,0.17680338757283162,0.40790363106532257,3
1.017431723720305,0.3164993698518514,0.46058844554528755,0.897737012660929,0.04448005993207934,0.23400443655238606,0.9127757497353706,0.5067819696811273,0.5608426292449515,0.3863529780130556,1
0.9868195584736928,-0.07273026464813001,0.9233055990196075,0.9575452677079943,1.0241023463968244,0.5335957332350254,0.1509876504685918,0.2838997964304635,0.8158280140679498,0.8797161378577933,0
1.280294370874278,0.16006524975909603,-0.2587347534075651,-0.025582627973584127,-0.278803856444875,1.2369427923556204,0.5502421429563117,0.7722161854282966,0.21999893203169532,1.2485625681940922,0
0.6290109048200788,0.5974974415734133,0.594740922857978,0.31971505046968196,0.6221043909734238,0.5254586057959447,0.33551770614912857,0.7421157512146912,0.7671711684872683,0.30702699752861956,2
0.9231508063639484,0.2177608059019197,0.23816179323183045,0.6872257675760431,0.7019144634759138,0.6719572327361019,-0.6039121251997592,0.22064051012122302,0.03566470149716994,0.8830316869069184,0
0.8857719520388107,0.7790593073766228,0.7361452587994162,0.04782668567806874,0.9065762998081516,0.13317322886955496,0.20592486891324005,0.19453851421540624,0.8560164053385442,0.9468176905908678,3
0.4838683878263122,0.90215636648506,0.38349452442999726,0.9548629928903775,0.8997280706538041,0.6677954582373333,1.0122419454956644,0.9535599799106379,0.5037907297718848,0.6429393164791601,2
0.19593082107117762,0.7422234372972366,0.5542347540853644,0.7348708830964028,0.11215216307845122,0.8220624861844044,0.5782456495190674,0.9641928339050775,0.6029677388030221,0.7600394418676818,0
0.20342210522742366,0.6273939308422684,0.3120059380465449,0.4218295018739422,0.3384141060210952,0.389802524276514,0.19955260403886468,0.766615880325311,-0.09442919273551767,0.5389897844798099,0
1.1789978764104754,0.440348312865684,0.5800413949734613,1.0280155076704676,0.0455275383743233,0.09870917270676155,0.7352791476161804,0.521115252197756,0.5351258434998925,0.5025498603190279,1
0.6067393482237047,0.4879235844976435,0.6694056589601797,0.2684776014573735,0.605244018878113,0.6127078495984812,0.3241760335766298,0.7571354199818682,0.8199475941626853,0.39886211622365114,2
0.9805622908775686,0.3523797283676099,0.4663573787867617,0.865439828784861,0.07577145974751782,0.23562695737265674,0.8720953223573911,0.510950708544951,0.5822688735870453,0.34409103511115846,1
0.671268725224004,0.5065866426298005,0.9043659184799321,0.45126332411684233,0.9540723799810608,0.4307271852815596,1.021493796815673,0.38350291275747156,0.8444556120748747,0.16125017970397598,3
0.4162113756912409,0.2100294750719286,0.4248705893170432,0.6642877743502897,0.6746159746948628,0.5575713362072372,0.19954503427092835,0.8174824675328227,0.7693233734021875,0.7399490785292233,3
0.2690254035443253,0.040546086564930285,0.6517637667954165,0.24906650415515016,0.3233873959684181,0.9397484507136509,0.08190137158152985,0.9168754171228922,0.19546056442848594,0.5404050353888772,3
0.978919036281079,0.27635080760206593,-0.11907418914975726,-0.12604720387456592,-0.09642214802346005,0.07250742134861055,1.214164283475986,-0.006219614781711125,1.7507336110955276,0.4776602796230235,1
0.9634465921257263,0.5759287765681184,0.6061773638441471,0.7537871994157159,0.9153902708102315,0.255816775371695,1.0232188623730132,0.5793748203331304,0.8552602668289443,0.8635900977924722,0
0.27039326764097027,0.9349008780625768,0.41350895735861515,0.38428089490938067,0.4272783446536186,0.35330305694794173,0.5664835117877473,0.34607547640072356,0.6876739467311253,0.5956282444318934,1
0.12666442947908213,0.10481708912030205,0.3159487397846072,0.2998865860148444,0.8096400110085311,0.5058684854321082,0.5219388891346338,0.9490053335921386,0.688102180573291,0.5385474470051885,0
0.6647347095209688,0.9904669098235702,0.8169854135044068,0.4316652965109129,0.37936178120604397,0.5802131383943351,0.03202804871955872,0.6931807779327334,0.21737120150455794,0.3770541154751324,0
0.0655336002420074,0.8435409466741115,0.441354798319829,0.32405398316873557,0.6897543282924025,0.2309326069860877,0.6600006528760753,0.21912562390417867,0.7651662145954503,0.2542499334576296,1
0.8503521661584108,0.7486549296901832,0.0938255556427317,0.22052239160561338,1.0356248199676654,0.7192333075038193,0.08011449324983541,0.7503159055300769,1.2936248535338204,0.8698078015882837,3
0.8789495807095453,0.31124217350020755,-0.08684772782831449,0.34917951269706826,0.150369937971732,0.7870209540491309,0.46131385200322644,0.6952336839486615,0.21148976595117247,0.8846224337543146,0
0.30785512396111253,0.9756147069148033,0.4087306524343382,0.4007951535345022,0.16823040358984986,0.6268652408931386,0.37350840143524505,0.55827783807256,0.2836306177703712,0.5652220624962923,2
0.8283450332817914,0.6347088108224508,0.8636424413258849,0.023789275327819215,1.029817939891322,0.13455280890372517,0.05875196324340648,0.2249465861972261,0.8246340123216898,0.8486790227301096,3
0.13787258962179905,0.9297957013398978,0.461410769403802,0.25289027786683754,0.7582144232971991,0.22768263156429963,0.6145905914216045,0.2756329018971022,0.7727233641304617,0.19527518223802282,1
0.9777029173582962,0.4120286647402984,0.690664202873104,1.0135613817382654,0.4719736777918628,0.8930253996481916,-0.007865574995968183,0.40915014599236743,1.0843631720401796,0.6896321664486726,3
0.25694883840302174,0.15047345918974755,0.09772138134487537,0.9592342746975178,0.3529912999031852,0.3311140646394312,0.39359759916416104,0.5435940502078962,0.4397457359445292,0.21359352915168567,0
0.7667632806679818,0.6154897176229872,0.5443583296211771,0.15880489651094648,0.03897375251059734,0.7440494308306939,-0.12546662758939858,0.47956280441008087,0.2366002143645248,0.33116158690387326,0
0.38651556133084175,0.12760520024472807,0.8114519970172643,0.026831545270019783,0.9200899005935562,0.767821590505184,0.9789241515781519,0.9348497497379836,0.8634197288844053,0.3397639374242559,3
1.0812110476473653,0.2588784917522825,0.6569107677243323,0.40519329525012804,0.37412662145627945,0.34296723069645885,0.46978010490154076,0.6325550128520282,0.3140407645003662,0.49937120098434057,0
0.3693916002213551,0.5596651431776124,0.37835847636374575,0.3485692943710893,0.7446575701680676,0.5254610583993775,0.48093923057052357,0.24856342657105213,1.1330151823321613,0.5311092798082144,0
0.25637339201583287,0.047629261517614915,0.6639196421112095,0.2498393291525884,0.3121519052286975,0.9389685711163736,0.09486191130978854,0.9010597823149921,0.19606956789278368,0.5547245519294839,3
0.6121477914203478,0.5043123384603169,0.6798743614540664,0.24247294148287696,0.5904781795601772,0.6246719006966353,0.3300357289245971,0.7892273944908998,0.801974117172678,0.37417350417403683,2
0.25295334328549296,0.15971868069728573,0.0941793267204159,0.9725619606483926,0.3422582683842585,0.3417033941289117,0.3921593529398702,0.5304450758175968,0.4333964752297612,0.21671642861769017,0
0.9941692030966078,0.3296358116128467,0.4415984957073622,0.8743259945979542,0.0705350030373919,0.2338108560010107,0.8585996564362425,0.5176018320545733,0.5680552071606858,0.3303012545944083,1
0.08554743173443712,0.08895878821301657,0.19753150120215682,0.25049910129371006,0.6307381236357534,0.5392893221045422,0.5298193023119201,0.7919127293945635,0.7549915940060726,0.41211093940934185,0
0.45656409781302726,0.24798120683458602,0.46253680400713576,0.7118668610295491,0.6171085852372846,0.57627729392881,0.1900062585577042,0.7663857416615911,0.79584658108828,0.7719432054025662,3
0.846046286800815,0.7698521707994719,0.8505829756389783,-0.007761434873577069,0.8723383532470208,0.24268572211286987,0.1892487379919371,0.21622488839484671,0.8050409473433485,0.9024149879121779,3
-0.023037044043352037,0.9247999895043696,1.0328685206090018,0.29518489633472955,0.6522595193692329,0.09364579420427299,0.49608718363286664,0.031023167428658578,0.9308215675831423,0.09091569930403487,1
1.247606059045724,0.31528028340142045,-0.5742694334673951,1.245074088423161,-0.5387424712468661,1.1675867059670364,1.1107100506329282,0.559994822164495,1.6341874051537726,0.6506145316280991,1
0.18958042128581895,-0.07369817097480241,0.8973117201506224,-0.14954171465213947,1.205689079545882,0.7986016178520983,0.8785332227711121,0.8812751312754759,0.7935590651523572,0.4761847297643344,3
0.6579102124377858,0.49383347581082837,0.7478356145035057,0.2941160787239492,0.6132579997785284,0.5665632837950032,0.34369176932296,0.7277408305929034,0.8036552909258864,0.4063667973626273,2
0.4934467308218518,0.5388121440035449,0.37173245251447556,0.42414694472828224,1.3751784511956695,0.5120091492711564,0.47778958951499223,0.39056175387393377,1.2432078246246165,0.20716895644129502,3
0.4493621641105906,1.1553928161396558,1.3033023062954536,1.0990717784278696,0.843136743729952,0.8661543848415182,-0.09267730995181456,0.2251656469373453,1.5258659478205598,0.8224926490045905,0
0.972996217372824,0.3545377938642854,0.08139614755592402,0.31524076407080603,0.11605088794192274,0.8582182923933531,0.41799717847088497,0.5258521574696388,0.37222139961675826,0.7637607844820924,0
0.8664433008389126,0.03253883729537471,0.3712648586426508,0.07812685773577435,0.818188833214818,0.606547778072084,0.9970613696663041,0.07411801586796742,0.23570543392236706,0.41520577242546125,3
0.19407462067572528,0.4869661926689122,0.33952230200190786,-0.015443103029996283,0.7763511712605217,1.1019609715354082,0.5603912730493534,0.8403898936658365,1.0542815646212538,-0.04813942241003155,3
0.7157720304875081,0.5975390986222793,0.5648811899600877,0.17121023847159822,0.1399338955593298,0.738054198535354,0.14471636051666287,0.7603607490651008,0.24863614918737095,0.7296182415684367,0
0.8753482124140239,0.1528020254962791,0.43769304505819356,0.8088127905619203,0.7393433570225446,0.6959507147656445,0.5668485559437575,0.6417819340393723,0.8142578262735268,0.8093147175063137,0
0.3149132831165407,0.5568951089968845,0.3904978081606317,-0.13711026704225604,0.9309705243974182,0.15902994661918196,0.9713016327410435,1.004942337157253,0.09972161189862822,-0.001663955496111971,0
1.0012242065941939,0.2557944492686932,0.44502854100259726,0.9030279693020763,0.05309218126493878,0.2120757022921557,0.9912493130883353,0.5560099977808508,0.5595761492170195,0.37539486712094594,1
0.22084436909570904,0.43068087973266617,-1.8294389517711784e-05,0.6392995588392512,0.603974204824158,0.5498827195093557,0.3883208873527352,0.18012131603692066,0.8513801989464553,0.1489259452315479,0
0.5064441682512559,0.20692286449161845,0.8524861993114152,-0.10683363032492132,0.7932108195179326,0.7841329773352186,1.1117597960172072,1.0646289976038898,0.8218240324380244,0.44740281772420887,3
0.4456961701248109,0.35521590431528705,0.31855613806833855,0.3342470449679436,0.1389503782334853,0.751212487223841,0.724068154942035,0.8957336858914897,0.30943192099288336,0.23632321269543027,3
0.5221717650463467,0.329084545951556,0.7655325809065583,0.3918758825808091,1.0661520297454872,0.40625530618551503,0.9412048859796102,0.43661943899768807,0.8636624568134466,0.27246404380146305,3
0.24736060801845253,0.04332931677075828,0.6294692145678978,0.2735272469891621,0.3182566083486829,0.9714920978131814,0.054568888021226086,0.8925676926525392,0.17094762308923298,0.5934323037586983,3
0.9489658928456429,0.7829963552271719,-0.35934405716498835,-0.13565117328791787,0.5947475571597558,1.1841400768142196,0.891860686344497,0.601304458414267,1.1715751367788227,0.5068626631543629,1
0.984709516180269,0.41086377639184024,0.09344677674484658,0.37601024695191354,0.090381618166687,0.7984246715068035,0.46753236634171863,0.5317370652767988,0.3075079304890477,0.7007964111388338,0
0.8144445587626841,-0.29662662810752277,0.9095748586805702,-0.2883522358619519,1.139623065558514,0.6694386764360195,0.9897497512238863,0.5863766258054566,0.7199639318132328,0.08184692395859916,3
0.8728737592806355,0.6345577373337716,1.025875194822664,0.546260763753949,1.2716819676322315,0.6217582527786469,0.9891862854403058,0.23447655209851165,0.5789879940788007,0.21905846023244602,3
0.1031212790781106,0.5969967166802888,0.3806352517305483,0.5528203731189952,1.167736331143823,0.2386934654721504,0.7118685610082893,-0.1173514688618503,0.48108774974623103,0.9651546906223416,1
0.06581353340335362,0.04452759805501049,0.4614838057679565,0.4143471776518648,0.14946485651625246,0.6327785408451622,0.6041973510371569,0.3526636190420101,0.45338636161117235,0.23951786090846738,2
0.08892699440843425,0.8518360943386096,0.41023374000224405,0.29881401600956986,0.7039165589694936,0.1957959284952354,0.6538004840973269,0.2189755239628597,0.8039169805496825,0.30222392338450466,1
0.12605660631786655,0.8138201166302468,-0.2125390350764114,0.4196720051892242,0.49769616149356083,0.7339516662933864,0.4999318104215642,0.5171425831366436,0.46684155150161477,0.4204333707630045,1
-0.08232564980623285,0.515132257613174,0.7215357808518323,0.8035471122864283,1.0536357672594943,0.21048136350358376,0.634887539257806,-0.06393790501993582,0.5391711715784699,0.9043777969850286,1
0.7902125829145187,0.09474505307269912,0.5645566491145465,0.6875441673554051,0.7705545043090222,0.45503650667341894,0.4502356808311455,0.34958086593392046,-0.03198156360893205,0.9126747783646574,0
-0.01744919054450516,0.8353192325636117,1.0880151641825384,0.2251706883457113,0.5872149706553565,0.06595536341639174,0.5525401405596029,0.1767081368534697,0.8578135243146477,0.1657946295700598,1
0.4362893785692214,0.40353030150516317,0.6139662948925636,1.1005158312943888,0.6582091602409232,0.2740023029592131,0.7931185709143559,0.8373465437780467,1.0224837597628729,-0.1219000242754813,0
0.2800641144107,0.041038160298197957,0.7015599406124068,0.23191743619194208,0.28335358415630213,0.908400759260603,0.07669893872472527,0.9312512267409555,0.17198418623873227,0.575461176079007,3
0.24716239016935826,0.876760133918988,0.2033095600649552,0.7053251702197082,-0.03717380463301009,0.9228585021636982,0.7074522611144898,0.573591771948101,0.9237139725575619,-0.39487002280255573,1
0.8169049451379709,1.23017846620849,0.2902021298940141,0.7793986700118823,-0.565693619867331,1.0049710399263323,0.2040440197213632,1.5479777281413944,0.9601692164092299,0.5777684548924162,0
0.5066888110062658,0.8944094466163605,0.3560006028028185,0.926931672216733,0.9117550340842789,0.636905265247584,0.99955592344758,0.9275859060494864,0.4987024600632395,0.6287734152878554,2
-0.5773193918564162,0.33767170434849875,-0.1840640105110457,0.7181571730920587,0.6217207888865369,0.8913144582509736,1.0798993068096951,0.772136056568999,0.8622845777753081,0.1776935142595557,2
0.5098267570470181,0.8937365274811838,0.36772464697880886,0.9254685987876233,0.9022853674261442,0.6515215421089838,0.9884896649188838,0.9269790856335556,0.4986685320869251,0.6352384320083161,2
0.45150432422379866,-0.07804857013365471,0.3206771419980583,0.3281254468647883,0.5308131460722956,0.28266289043466164,0.34597964500106115,0.49762580782086563,0.7396067823681743,0.22098654378119106,2
1.0019256005975454,1.4181991244685954,0.30536952702237313,1.050797957234098,0.432409360421007,0.4045791984326657,1.3761452225056126,0.8535816598250365,-0.3540368625587196,0.2808346027844424,2
0.7575882573934715,0.6793730487392338,0.7405562530600422,0.4200420213789195,0.8353482005236197,0.9729856205982407,0.4209712653720953,0.2744799049701321,0.21302786984914648,0.3931832135438134,2
0.3045945303979437,0.9670310229323323,0.4150733333638018,0.40575280275238595,0.16450863131409457,0.6207768407242908,0.3729336867803356,0.5557002372987954,0.286600557474376,0.5705624909615772,2
0.77913980009962,0.9128523322736009,0.8207986282173355,1.5984501024861117,0.029627474997962144,0.6926119950535798,1.252983528334227,0.08052567800700072,0.44459697750897237,0.22744957330270377,0
1.0230296247745059,0.43892017568931296,0.7869848782438438,0.4570938418936409,0.9186053409703344,0.29182378607192183,0.3169603046686445,0.6278515072289534,0.3572234907903626,0.4338716337074823,0
0.30603005588120735,0.7299248138390152,0.602590423511308,0.762224028214785,0.061851607728929926,0.9022236689980487,0.6693800999997377,0.7963542689728184,0.7490234776919418,0.9325929608634526,0
0.22292343794805208,1.1065953432626368,0.8149153240938363,1.5885196109734911,0.14807639141807682,0.40730955462180163,1.651025166031333,0.17848647942725393,-0.31004054018848304,-0.3464404599921228,2
0.5717114254561984,0.5028308684946481,0.6481570696483255,0.280422271944043,0.6250579582227654,0.6101508193469822,0.3373739404176025,0.7684217500073312,0.839060787259026,0.35909432404674335,2
0.10893184843458054,0.04039848891701929,0.4874327544765421,0.45551537871409753,0.12085047616348737,0.6310445564433355,0.7020219037719386,0.3545065644258423,0.42919060547081156,0.20917468227563735,2
0.016695080082446613,0.8854074192048876,1.0010909398585623,0.29597304318023304,0.6756612499803605,0.2049031651320527,0.41191229388583384,0.05076127595334458,0.8832378997847402,0.08599687309802079,1
0.5982660145101164,0.4396664729837409,0.8832913492279635,0.5115902107644228,1.02448120023551,0.5058177579722756,0.9444397924993301,0.3363506722982746,0.8794009272246881,0.18663489044699297,3
1.0570811372713556,-0.052919076400875634,0.5135390823525938,0.18447310414728635,0.8811831127890124,0.6011904660597645,0.989995591259924,-0.15910092622208813,0.3042227142655539,0.5344895931235714,3
0.7231448524892184,0.40572140367681264,0.44336974659660533,0.5986095714265123,0.93277947439204,1.2177040275741722,0.651303161436162,0.2715884927908422,0.14353036089158572,0.4619918013326052,2
0.40457106313561164,0.3189184257456907,0.35514854466848417,0.7511161988253207,0.5372726122988634,0.4879367896630278,0.08489795043471131,0.7507352019000714,0.8436941476942353,0.8490962244872264,3
1.0774152722146741,0.43061683820484264,0.15724403852603935,0.3223051377114937,0.12594188619754906,0.8987456684288911,0.3989144769323933,0.5997735159959392,0.4334496200920772,0.7106757967677119,0
0.3117524286630501,0.9780046317806208,0.40850398504472235,0.4081266704043114,0.16980821505301205,0.6178379138840157,0.36412852995803036,0.5505914475505692,0.2841448288651812,0.5602375415961883,2
0.6687525308905993,0.4745469042487565,0.9344439864714751,0.5436688619629295,1.008131340172002,0.5288085064029009,0.9861165782034146,0.29801375373722444,0.7565807582836689,0.1250663563663958,3
0.364727102325711,0.6091369329989601,0.11951075105516627,0.40283045636187964,0.9847025613307508,0.11742577927987145,0.04767129100460075,0.3916253144794945,0.36790804110279507,0.2590601367999117,0
0.9777489608616065,1.0061763862171484,0.12379057120388726,1.570025898875532,1.0574828791509776,0.4290598842280142,0.6590441366660872,-0.32735855129116187,1.3686354619732928,0.7748287039023019,0
0.12669810045326751,0.8587973229961731,0.5026241016188486,0.38341862106261787,0.7220040405554508,0.2618614991243674,0.6396076817737448,0.18711280137893568,0.7799642838987706,0.23963706515234642,1
0.3141447798347303,0.03192455582320467,0.6530223524969138,0.2920358955020161,0.3747779270434414,0.8904222135298925,0.12342969665605845,0.9548705680149091,0.15627677735489848,0.5815491750932751,3
0.23724115856176975,0.5324766910350346,0.3760344712550083,0.40525164264769453,0.4781721403330151,0.3576788361398096,0.2720106055875704,0.7636838851268948,0.06710929886415465,0.4651593601751144,0
0.2201972470508301,0.08383271675306744,0.7557676215723392,0.15841898044376101,0.29225198656593143,0.8626545537582484,0.041145767591770924,0.849152477568988,0.1084358492886493,0.5955888801056562,3
0.25454630384983506,0.04622875810042867,0.6619384638513095,0.2519705555342436,0.31283728337624545,0.939886558365781,0.09512791695771747,0.9037349079804072,0.19848371995976075,0.5534280913847929,3
0.18380764989772105,-0.03862716659272293,0.672640560062072,0.17318393781799069,0.3641965645708295,0.875062356404673,0.0883686312063452,0.8157789303556724,0.21664042256119945,0.6261636166014162,3
0.8951268071074384,0.5713341336472989,0.5458424716487204,0.5411445537271935,-0.19103928777028906,0.5501420457483894,-0.05810385259548062,0.4968385647836621,-0.07337915160620767,0.5262383432156997,0
0.07745479932202946,0.8459986916564737,-0.1764554770317902,0.6979607344604191,0.29434204790808516,0.7960077234701921,0.5313484692675766,0.7961266029318538,0.40639457992621847,0.5509083686712087,1
0.3403376617597757,0.4513714220887484,0.7725646453602142,0.7184027305909244,1.2311867882605405,0.43938516570648334,0.6551435324017405,-0.04035650371098172,0.42651337625754915,0.9832111804215835,1
1.0169811699786406,0.343104154270412,0.11998452070728138,0.2865406959090889,0.10933764569006242,0.8777919742918755,0.38016539150494744,0.47975300474114935,0.41358833420621643,0.7393085083157143,0
0.164535201519245,0.8519216401941752,0.7318378848834486,0.8420810274392827,0.32686351931072294,0.7291196450199411,0.24161881643050748,0.16083164266773997,0.32456007885432414,0.2192230857093862,2
1.034502041553127,0.5807519016795458,0.7738356415922729,0.48834722591266044,0.9371886029881956,0.3923924111868836,0.2816993599449788,0.5636147861720228,0.3804156747907891,0.5665869935745896,0
0.8857850707477232,0.8154675926465753,0.6661197878348406,0.07173737537756388,0.9238965750223047,0.12000335374728038,0.10260691665625743,0.2741248452088479,0.7820456931591352,0.9780998812030846,3
1.0189696892274616,0.2774019573513667,0.161517919280797,0.2936036794604803,0.16283353435041492,0.9291980326378008,0.4369350927672937,0.42496480187415286,0.42363517544093626,0.7835596652722134,0
0.402657660357857,0.7084312361592177,0.6796203967227904,0.7196022851107139,0.8549698755398346,0.5249716268613365,0.6035306631082177,0.957448983409494,0.8962490755459497,0.7102691859764878,1
0.2517000671870035,0.04913490220729335,0.6614953533914695,0.2522397014917923,0.30774192117771626,0.9403221601800864,0.09136716479298045,0.8998684467473301,0.19884072576383283,0.5538461790697023,3
0.95627902297918,0.8509634063996164,0.6099024291795628,0.18838025344966652,0.9043524616011162,0.09053893488779076,0.08525733805096847,0.4002463778501566,0.7975655702049476,0.7747672719834026,3
0.40441340705940165,1.397283434470697,0.7914243481068132,1.9116259273983165,0.03325838922366224,1.4630216787117925,0.6385481660402242,0.6866678466885257,0.8266555810926248,0.5632439833583375,0
1.003646694597309,0.37324545069645015,0.11548070733426169,0.31892283609352695,0.11714275928195628,0.8261929064099217,0.3992516961245756,0.5189065231800303,0.34991914271419716,0.7780663308003656,0
1.0607499511293528,0.4705794509304512,0.521614624981646,0.5824298792154109,0.7981558735328693,0.04748031229393665,0.8590149523790853,0.6254550897675888,0.8102182530369078,1.0017989117163686,0
0.43753730845469213,0.25546548466244473,0.3998240648789395,0.6881422145110857,0.5790245890767753,0.5688912715818857,0.1663578280273387,0.7682479147476612,0.7707707443761889,0.7846264501823976,3
0.11561074198955042,0.09598655791525053,0.2956465639507973,0.2815169249747852,0.7825652656599564,0.4980111319378672,0.5501056438846225,0.93984081406157,0.6691506231315965,0.5659337595696717,0
0.9856581729256628,0.3542364849172629,0.451869351357326,0.8751460695923045,0.06238575649675658,0.23901687913850372,0.85274470731888,0.49240355533441893,0.5808743998354597,0.333307149789776,1
0.8490360226073604,0.13177919551946007,0.4109070796718571,0.8406184435034603,0.7185491835641902,0.7318428926112835,0.6207566462557835,0.6367961719171445,0.8069981418685709,0.7822863003710294,0
0.03204763680966897,0.5587934670730703,0.6054679994162389,1.2113882531603961,0.7103156949779033,0.10403346987194939,0.67032176512557,0.8336806006115571,0.5924104163444475,0.3227699153661475,2
0.8508795701785155,0.9120434238034008,0.586058854304349,0.5571120678381006,0.38996787811405165,1.094959067933087,0.8120771614460455,0.6482491668584411,0.7927619915910978,-0.20084539896333392,1
0.7381473487356836,0.11560299816931938,0.6754693286788118,0.3405966530573572,0.12882706978518824,0.6497455112122886,0.470318124683142,0.4480667195554648,0.1652434233482992,0.6544031298466034,2
-0.07177988279813435,0.8754630926374397,0.11369431065251008,0.5170052504355488,0.6178670663442385,0.8376031044468082,0.7453009284373365,0.4617768863848566,0.4801376091209958,0.5822430781015264,1
0.14622019689217094,0.8061239273324379,0.5695525177417865,0.9265518715928757,0.4993346842554264,0.6804852501767179,0.25762817205565003,0.0840557772028788,0.13583512462675945,0.21774876621452258,2
0.0368290053930384,0.1571779361797772,0.742671707163828,0.5992619083929783,0.2519057955227516,0.4415138908836239,0.5013022769746454,0.3381279376455618,0.59493829689054,0.37389175528119734,0
0.4002417116546481,0.6851586406950275,0.66511575657031,0.09921770470839655,1.2827428558876837,0.9137010448201386,0.7282849787115284,0.6304618253480723,0.5626568128119729,0.2930530519467406,0
0.261135608293898,0.04446868553901425,0.6681400229910041,0.254240104240067,0.30874036792053444,0.9366693702843061,0.09080112603463238,0.9063682521023279,0.19792967866320424,0.556222639369474,3
-0.013507684615858773,0.32607801223762745,0.21251235236160004,0.25584976969088047,1.1407518756719306,-0.14061452110264155,-0.28441969460756117,0.031677108919849206,0.2052947183699515,0.1240124064731748,0
0.9470454907586817,0.40512869304720445,0.4297029198152404,0.7940928480749672,0.0742380076936278,0.20303632996576337,0.7930195063045717,0.5378367954336248,0.6046844064343212,0.4154631203073418,1
0.8635629322684266,0.5661434662635069,0.5529579300730761,0.6887598560166941,0.7286308650370616,0.1669260680578331,0.9297693188038194,0.450539871017923,1.098292776012835,0.8857790601557435,0
0.14124318908654043,0.7664397987531575,0.4760586997483981,0.3771294590487703,0.6460239909433221,0.31751284639530375,0.614820402790496,0.3098080340342177,0.689259005552364,0.3048763725648819,1
0.0767213051793643,0.08086607452893269,0.3298366420936275,0.26507619724454595,0.7800047404622481,0.443123981452031,0.6028001819571819,0.9967612075354445,0.6555556537305132,0.6183590604639738,0
-0.09742686430495767,-0.01109082454683065,0.2306688653295192,0.49856744280041376,0.6974792399702168,0.4187411574582829,0.5945625687041417,1.0539383954256984,0.6201548613289961,0.663488668994001,0
0.3217177150092442,0.5067449263210853,0.29570815239778364,0.3602869701429524,0.4202411896324165,0.2765396988785456,0.22205202534796736,0.7824339357086173,0.18564798701336185,0.2990181089481876,0
0.6120668011284346,0.510801572281508,0.6815576754863882,0.2476364624777297,0.5844034723538291,0.6177774213829832,0.337122809540701,0.7868989572870082,0.7986852696697228,0.36890329449799875,2
0.9128451386556663,0.7287973524514331,0.44583886552246466,0.24186489319292268,0.9121137800230784,0.47645716500279545,0.7565629550185442,0.9648268809997564,0.4138249799069446,0.6835014938890694,2
0.5627593986034436,0.276460322055148,0.37216612544970357,0.19639469959187886,0.1490995188408247,0.779827006371545,0.583639336637384,1.0024345044648761,0.17086406574050517,0.38444961127607213,3
0.20398446136014836,0.3729762174280722,0.22511386580099138,0.5342541835623669,0.3753273337993417,0.6973507827302964,0.7492936709118504,0.40108199875324774,0.6079955241179451,0.32664042012944194,0
0.28674499986256785,0.5563755831652832,0.241897364858979,0.3967669495474303,0.29108610955644604,0.40086704021795594,0.32595674467974783,0.5987531394827159,0.06699712883371134,0.3416249764518795,0
0.911838084111897,0.04788196315745358,0.2706809299560044,0.05523897952545647,0.8477540845781285,0.5057892172443066,1.066117743873161,0.1265211389786135,0.18088011813520435,0.5562446465192503,3
0.28016829697539297,0.07676702001316224,0.6764097097276563,0.2505714784861019,0.31346194663169596,0.9600637777630835,0.11225948003062271,0.8771228691824932,0.17499265526891078,0.5663574069116768,3
0.2651053872211958,1.4089229723021042,0.5019916689513804,0.4102475214499232,1.0512962582657415,0.08030902455258587,1.0963215859574005,0.6892897189833012,-0.2020500002595415,-0.4151150930593617,2
0.0593074185565013,0.027098416646709502,0.41461065308235273,0.40747585032430456,0.21313906353925857,0.6196398486231983,0.6086926773995207,0.37917752493068113,0.45747319931741853,0.3113514755526378,2
0.810938873612418,0.14942550301515,0.43608238723122233,0.8335328271474441,0.7145055224935717,0.7467296577613916,0.6202060999491732,0.6576755003611889,0.796364868025023,0.8400005676048541,0
0.17357201782634146,0.06485459623231737,0.30060779932691994,0.5355604160992145,-0.23246321029325268,0.07547428276555451,0.839750979007946,0.9662802336169863,0.6352958499528296,0.1955425722768671,0
0.09739277650862015,0.028188620409778348,0.3452456257564927,0.26041561472287655,0.7632972931184889,0.5119055472221823,0.47873338172077357,1.014656413846313,0.5947419962179762,0.5844510109899324,0
1.0273957443976027,0.21084559668692365,0.7161912704210661,0.8744920371101037,1.3893457760542627,0.522513918495662,0.6263502184130951,0.09973296002099996,1.1803978364473027,0.8301564029013722,0
0.5973152003606261,0.18234603429279583,-0.016147573644944915,0.38846606565397246,0.42606183653201196,0.23549220705265372,0.6416462579346698,1.2854037615507243,1.1577475252508498,1.1412620201899428,2
-0.05421894206618201,0.40537219603532354,0.5223932105822388,0.6913649821900326,0.8999357191254306,0.318765535925056,0.6524900716883532,0.06970777848811285,0.6641414224569091,0.8737082251692296,1
0.8454445114893487,0.7630079456321875,0.74148089916644,0.07440161465457111,0.8928051013169579,0.15088333661274117,0.1997377242629583,0.23860426078121968,0.8364298428979188,0.9352843140511098,3
0.6632607335233331,0.7085692019348935,0.16260336828395489,0.5339316659545063,0.0426723870712698,0.6235972866652658,0.43725978219058864,0.5338876468893001,0.2644354782369872,0.3683552261976882,0
1.1107087124671302,0.151298341422484,0.8081725485469776,0.5928544825195692,0.566258415742418,0.4399859569127851,0.432407266807187,0.22209454049372374,0.6544394521641147,0.45239338093300585,0
0.8649439211992145,0.7664369300718289,0.7701858673895574,0.039899411328867145,0.9375133610610338,0.24575843379889606,0.20923399382293567,0.23572929100995998,0.896408917852801,0.9162125527888462,3
0.7684907609708012,0.19546366632805048,0.7321366290208801,0.8806799727617391,0.9244941814500212,0.38264345650590664,0.24454663191556428,0.22158704510487687,0.5827524034227765,0.6690647558338462,0
0.9866073181108215,0.360082135981165,0.09106536045413045,0.31204469280278024,0.13374603450202227,0.8510153720598429,0.41862980671751726,0.5202564344778304,0.3557627105975367,0.7802501981985279,0
0.4873988115777086,0.935002444774959,-0.09363977272272814,0.7449134062798854,-0.32724899879478303,1.2608895231755206,0.4589763284754783,0.5567906568780041,0.6464849662731226,0.23936996055308127,1
0.08850161398907411,0.8774664550924457,0.4509154551967411,0.2859100696382637,0.6568070351989391,0.18783955582162354,0.655907540600451,0.18751551472159814,0.749984739468472,0.20400558334611393,1
0.29636639067155096,0.8474682989841669,0.6910967365635605,0.7487909796975999,0.21049731609117373,0.8820222629978908,0.702038423361108,0.7312761717302276,0.6646796485955162,0.7746215959310482,0
0.8793728997986148,0.15140778924617035,0.8642223140808527,0.6809868037706626,0.0974829740960821,0.2499363110423642,0.9222091627053188,0.6067457269785307,0.08865757890316331,0.7381607333835152,2
0.7417232273046357,0.6018362933514614,0.44011087146687944,0.22532205352392076,0.36116649173602294,0.5411668004458358,0.3690073157923749,0.9723716947343376,0.24152982880559032,0.6692754161296111,0
0.7523281467787977,0.8452232767804359,0.6860388698366126,0.051080734612100734,0.9579881776425121,0.20210923818337603,0.11334552032037949,0.2705452066554185,0.7498166734334587,0.8326729978896343,3
0.9768075361281664,0.34545783423510845,0.08067555608634712,0.32016437265380826,0.12463919161165433,0.8460749052151179,0.40469160648905533,0.5203694590032862,0.3679825995680721,0.7755293362330801,0
0.78153505593315,0.07734257860804783,0.2357589566003076,0.4090292352586001,0.14520271717343855,0.32085416501744524,1.043359493900427,1.2333717773769932,-0.032044031510183923,0.18273420241917646,3
0.42838714516725585,0.12143971620055177,0.8524471760792774,0.05248124277773281,0.9298181965819504,0.7465380214706897,0.9766746528274891,0.940753272122194,0.8743177893577834,0.3461284872785873,3
0.38640256666756523,0.5399606927134359,0.040399271475206666,0.7087272992466586,0.34152285557377693,0.15053696572647646,0.3696903965019973,0.6033898514945577,0.2665971508152809,0.6471362455942392,0
0.05312595806247491,0.02857867248260946,0.4291215008259764,0.3599891001653038,0.14235600993648823,0.5722995239438429,0.5948847436353185,0.33862573061820445,0.5056331314515193,0.2614939134997583,2
0.23993001211840084,0.010738173415435544,0.6732678141142394,0.2866347685255925,0.3157759541434773,0.9248983517579272,0.09363412196033093,0.9345016905122149,0.21530685549969603,0.5782714006499258,3
1.1290303675815314,1.3251678678910799,0.754919290621413,0.7633469266683651,0.249460625658004,1.3709700646296363,0.20242354413543823,0.1331922052541387,1.374890475666004,-0.3429065594475046,1
-0.11014128657482614,0.6038742388705538,-0.08439923566076801,0.14406408986250718,0.367615927871482,1.0327498145304022,-0.22024429860769584,0.8010290797360448,0.9925908375710333,0.46644415462333777,3
-0.09489787645544992,-0.05577461697604655,0.8835482699560948,0.8639040382285388,0.2857628904067903,0.3495062736582778,0.8005596149225203,0.16668591292697446,0.530765973986888,0.3572897983158907,0
-0.032932644520798304,0.7491004254403169,0.4290156630019706,0.4612892742378004,0.6859396220322143,0.24994454447181993,0.5371651492024981,0.35876167297044703,0.7404612539231555,0.13587306967954332,1
0.15726194260970724,0.4619951540229303,0.02899280161222005,0.35377560840094013,0.6774586502116413,-0.18496624294931968,-0.3210539502688119,0.784552199662143,0.25154737027667096,0.08794783913045309,0
0.8428082486133006,0.773264420391612,0.7697265307679088,0.089997894892845,0.9018723803849137,0.1366007832981655,0.1650003565196606,0.2523585394099889,0.8351905018918029,0.9050652752537703,3
0.10989897854027891,0.1207349391376718,0.31388925821307734,0.2871014029552312,0.7848918258432834,0.49391655373958043,0.550731943790022,0.9213036882899867,0.6571224463834268,0.5815921944131076,0
1.2310837158361534,-0.12894165259464774,0.7244894430558378,1.2154618488658007,0.3801618027201299,0.4803933819964874,0.4025189156037959,0.31309273553103,0.6543335493717624,0.16916674016470457,0
0.5011464613918715,0.8636446460072658,0.4589465889957799,1.1431898875828381,0.8517523401930885,0.06733853465924117,1.2699357287785853,1.0239493303810072,0.5335438178445819,0.35766156493382006,2
0.12607039010668017,0.9369066913446047,0.4973235615390024,0.2726453094527278,0.6054724718856594,0.31724247833382535,0.6996729978466759,0.16332354005196686,0.7448651296993629,0.2598532344800262,1
0.3914851315971668,0.29159930349228547,0.7355894914274299,0.47565161292109004,0.4596223111225878,0.7478826779926628,-0.3498177053473397,1.1770036441273044,0.357851581139737,1.172612439148849,0
1.000248980771346,0.520277022516645,0.7367465260100516,0.5261610382040572,0.890013681751872,0.3735627461155136,0.3617762841159763,0.6268382614955811,0.4031492880811631,0.5737171113520874,0
0.9792768660136048,0.9776833953824218,0.34616995874284473,0.6226597468320922,0.8341204512953942,0.651763993144088,0.3774397841367999,0.19476174889796416,0.489077732215446,0.4492522121210313,3
0.7855726339640421,0.800045467485119,0.8051839446332122,0.013294175316234488,0.9128840607058786,0.20457922624282943,0.2587688773243221,0.28901562062323616,0.7632062142644844,0.9394382230425006,3
-0.03568711686431031,0.4396811289241386,-0.363731216375498,0.026693795629417538,0.336718663370307,0.7974733112303727,-0.7124516862405131,1.1319519613154934,0.3712700159916393,1.3152060668134147,3
0.3531176651558488,0.2488390641441045,0.18370627470774126,0.28763471363272053,1.168193221886192,0.11855953610763348,0.2220314443769539,0.3010642101386957,0.5428455990498069,0.23996453297795564,0
0.7459292271270779,0.30407219964974697,1.0771573203825513,0.6543390441141981,0.5253222982467229,0.4501938530130617,0.7272796107951925,0.15177373577575462,0.7973375883080216,0.36360812125406283,0
0.2991131207565253,1.1551449107987513,0.43200890613347825,0.8060033433353091,-0.32227891514469376,0.9821222273097558,-0.00614226155525055,1.1488789419049108,0.1764320121007848,-0.08498389533585127,1
0.7610171890684255,0.4110107013631503,0.7059883897404515,0.9575611301848165,1.1772759060317648,0.887997095101634,1.48238380062745,0.14702569835821727,1.1015060312679474,0.8795167309720583,2
0.23809258557310214,0.064134521728207,0.6697521909644519,0.23694737063094584,0.32918885945000476,0.9415301815493746,0.08017149205813562,0.8830717537933679,0.2194836844490292,0.5423377216614682,3
1.0875872697259126,-0.14280793879332354,0.7662877295497295,0.8446503183442868,0.8005727991820782,0.32939683925270546,0.4204269150750892,0.3611774174150874,0.16448292701309125,0.8384107928527016,0
0.4073412064025211,0.12969238609432973,0.852087867126221,0.024953061012771352,0.9585718638308593,0.7801704790978992,0.9855701838636892,0.9033700823027793,0.8527796708759,0.3309355156032059,3
0.40198672497718274,0.026557551638978997,0.03482628118269515,0.16388304574542364,0.4339767630426596,0.09438902372717,0.5002803134205136,0.438925147367107,0.5669201692656883,0.25658276393568963,2
0.9278463845478973,0.01690263637290823,0.2718520197023872,0.030847559439765512,0.8315747621862313,0.5728230195344136,0.956055531994217,0.11620456115868052,0.24909711050488342,0.4612063024708495,3
0.3112508458213698,0.971959663263186,0.409606861088247,0.40062088076541413,0.16680477050810363,0.6254891948177248,0.36815289937492374,0.5562384016259967,0.2860918486471889,0.566533292601916,2
0.6458236341076818,0.23615415202623752,0.9008080588408869,0.0521674231129107,0.9615135520348781,0.6662741112816317,0.8797512845075259,0.9748273790122313,0.8162561779441936,0.2242663575263794,3
0.1048895833673785,0.12165850603298449,0.29268485515709264,0.28007458769711946,0.779677717205281,0.47767019304049485,0.5247566138587878,0.9485965313155177,0.6414590443017777,0.5899307282111278,0
0.8638230617296271,0.0826333576432275,0.35992451540523396,0.15875905849407257,0.7916291370539096,0.6367416113258139,1.0403940758676278,0.03028023688908158,0.25083707239050396,0.4822348361171104,3
0.4628786048701156,0.5761426383090991,0.7475936216489067,0.4391382797927917,0.5253043859861259,0.2218993745883759,0.27894233369853083,0.8644011339203813,1.2278209156271616,0.4230568967115289,3
0.029950560990244627,0.39526878618908934,0.5470788503009301,0.683235655876448,0.9785581027636814,0.2776244354636041,0.6581919536012407,0.021237091745622435,0.6371826726903922,0.8856783801613105,1
-0.04023234818090071,0.025273658962569612,0.6277624894323778,0.5474567846913552,0.05796031310536362,0.35651378847042137,0.38258480887089263,0.17043750011466755,0.5770192268772287,0.30737484398770437,0
0.16616654341746612,0.7351442169416481,0.40606567336885124,0.9768765304383934,0.30135785112519825,0.8496641759950019,0.9148535424695495,1.0995961154606886,0.8956729540491425,0.870191135855788,0
-0.036666018171633064,0.7294248259349789,0.5446220052497112,0.9093878677515757,0.05383069746893162,1.0819551458117236,0.9720500176429394,0.46603025792368136,0.450267720689693,0.9453863557249029,0
0.6362007703150937,0.5229702840062351,0.8850098062698939,0.5400402221510133,1.017822113733765,0.3342749875252604,0.9565635270629014,0.2731866879561784,0.9611228127638105,0.29104181870349877,3
-0.06784459663652098,0.6160064363625015,-0.16146763165454317,0.14928479986652288,-0.0045247581600880715,1.024440502291502,1.071447562881087,0.4681243897722497,0.01937884693950126,0.03954342728004606,1
0.5281671548141561,-0.003181625470770666,0.8769009735951185,-0.12003160865245688,0.8241922788488327,0.846701870981753,0.8260920012326558,0.8236690157023986,0.760000867514598,0.5618507786128137,3
-0.47275625708015023,0.9270372410318126,1.2497224860036358,-0.43790527461122064,0.44363432781883405,0.8654325348181081,-0.610972830467445,0.5423971362494179,1.6186951386855677,1.7424678865905125,0
0.36393835301816735,0.28072133831824864,0.38410538704196995,0.7588427368010098,0.6532950920429612,0.43670388857283216,0.32472608763553856,0.8954934161523451,0.8363858191406972,0.9255685745505087,3
0.1419591545441163,0.16929318749694003,0.2887855911943218,0.3322605414443214,0.7810058174936333,0.3858418554426606,0.5870507872002366,0.9432339200864523,0.6838362932511566,0.6127653968973236,0
0.4601949138367735,-0.06654565246712732,0.1261013141934943,0.05072757960550152,0.38189695153064374,-0.04011084564364309,0.5551916904164017,0.28936740697632646,0.5438402953690522,0.22546673692742789,2
0.33789309169085857,0.6358464623514307,0.6518463852358818,0.8850347167886699,0.7794729992939728,0.34551172265786223,0.9520222843760651,0.8060051942327667,0.602523948357231,0.14175061986972604,2
0.53353889076067,0.04491759820906088,0.45310001218255225,0.3289835239162905,0.2272129959487382,0.6005993908276166,0.7155231175028127,0.5613408533960533,-0.08436354999425383,0.5613181030363305,2
0.7459116596858921,0.8635899924084741,0.7821468302131975,0.037926951134645975,1.0468772873226646,0.17801717936488648,0.14075998164043252,0.3737591750411904,0.8904722302930915,0.945059706259717,3
0.4048776372056584,0.13394335121358206,0.8236642450045838,0.019448149502254774,0.9516191536410386,0.7385128327158833,0.9820509692397316,0.9170858894536804,0.8696575459458022,0.3782857379147123,3
0.7531549577359895,0.7841711421305644,0.06950829132547068,0.5671243176956746,-0.01852991174768761,0.933071361672262,0.619837657253458,0.21347257912517892,0.9260496806077274,0.139018852932406,1
0.6004815729752174,0.7383700971166636,0.006719592605930136,0.4624149267561752,0.6262082420959652,0.7305893619596431,0.8356719388565872,0.579665599222007,0.3910184136426399,0.7570469524598143,2
0.28281982838988395,0.026213619962586816,0.6861831096235227,0.2953892054731237,0.35509416837183483,1.0000092708924067,0.12878647939891247,0.874856976922095,0.25505536418775,0.5166110119159835,3
0.5431802848177052,0.7630530796121797,0.28860683671260084,0.09775139293086818,0.8144372667179358,0.4364981707461449,0.9584621768859143,0.6725925748699205,0.7529630534485343,0.7012594419222322,1
0.104631221146471,0.6715609204490015,0.39261067817392253,0.5156138233146933,0.4278928795667817,0.4365071456843892,0.15088253802459436,0.6584164253594398,-0.028075203984406466,0.3851880207414366,0
0.707175629775378,0.2697132965595429,1.011984615558262,0.8680782123964148,0.7517231225576957,0.6838745022764416,0.08284178746634552,0.24161800562626862,0.11034709853797643,-0.05136566172164697,2
0.3578615457864777,-0.0029996705715508165,0.9396523337398323,0.08800765463362001,0.9293895139722909,0.6530186708853787,0.9325298532788754,1.0414289063122504,0.7858076763787791,0.24940064259194697,3
0.12683099762794575,0.7115086915423469,0.5962009631184718,1.509841282658062,0.5201811365645778,0.49446468271410904,0.21330859924779869,-0.14579404538568042,-0.09977671418769002,0.3198081132939288,2
0.1056270076066876,1.0104687582777203,0.4106115855863858,0.903920325277309,0.7004654519970882,0.047143646624315694,0.10470145152566646,0.4068782875019433,0.7131425703539978,0.6386930222970186,2
0.25147390224099886,0.10026126369094238,0.5957215859217587,0.22288239095532728,0.3650363964736436,0.9307504408575544,0.03634473119507585,0.8432437890187464,0.1580824017848168,0.5274394896523964,3
0.7867249381053302,1.3320790103037992,1.0690735194231795,0.3390323782644715,0.3446024984956757,0.6463505404573702,0.47583444888406723,1.0749505508466477,0.41551578951949336,1.0950280355346713,0
1.312377421761124,0.36824305593120255,0.3728341874723389,1.08778370070271,0.09625343875855813,0.2947469376754844,0.687390018915034,0.7204809137476104,0.7854777769125016,0.2896055470224731,1
0.24640126840800092,0.3868730964454247,-0.06654354311390334,0.7192062364600116,1.2327173438785008,-0.00011136553026273865,-0.07738638901275255,0.052270308294536494,-0.027525223733280202,0.07283222401949271,0
0.6717232440072167,0.24324270324817776,0.7047802252275358,0.9325317374764006,1.2021931039778697,0.28928553032422827,0.7416427523035137,0.8828061878108687,0.6667101415466584,0.9032140325174207,0
0.5758365903799156,0.784679924373667,0.5000055672298935,0.005723907479960169,1.0104140266477286,0.44021088758923527,0.9027262184832566,0.8180882194142544,0.6792477105095511,0.8004112849647338,1
0.09776514219015527,0.0036355790972541204,0.44281517581870056,0.3896921293718849,0.17419136929965984,0.5996320113736661,0.6319389250896718,0.37850917843501913,0.4723025886499014,0.2624901186536278,2
1.0956105586331861,0.26220816587589435,0.47549967788475345,-0.16472842554609413,0.8383946202000985,0.7092766719281731,1.0258037877717276,0.033580038248770844,0.1148843274893418,0.6498843463585995,3
0.8825317317599513,0.2528896126921877,-0.002219466514357546,0.3920652858192159,0.16086074121504795,0.8103963779352059,0.42230161609108446,0.4819385606407651,0.30754090513329635,0.7402384944355321,0
0.23215766556883746,0.5356190419404803,0.18940068278194822,0.3740311171656238,0.5045424395034208,0.4054555462876342,0.33492527416498935,0.6117464317313366,0.09855664399633562,0.4595145502281268,0
0.248574873906634,0.1543894404173715,0.0917685901555794,0.9690879902742101,0.35055216649408594,0.3350785103176444,0.395188661861762,0.5334131700564783,0.436242869671785,0.21474572004171028,0
0.3877293538555097,0.3078924181396964,0.05879643450917859,0.3883928214574456,0.6921668544504973,0.665387943602543,0.5464423983784662,0.43990520944336675,0.6147053177329046,0.3923091633488486,0
0.03702914296147421,0.40777818917545056,0.563732931692133,0.670296963892835,0.9672614429904701,0.278915691594062,0.6808723531095151,0.03211658976094028,0.6576162020044457,0.9054934018962776,1
0.9214474556609855,0.9258906114573769,0.6832703088360833,-0.03593960710506301,0.7555456237031397,0.02065254472197578,0.15567412334755235,0.36703665658122286,0.7761562281256359,0.8536687363441328,3
0.1820904268691454,0.1535186840173921,0.27579900335020197,0.2799790015391043,0.8455009323962286,0.48015433727947027,0.5524325654245913,0.9412947662181731,0.6513460800169628,0.532342531693414,0
0.3115891323550646,0.9698330209825676,0.41063182479931204,0.40537365567572736,0.16391394933785408,0.6266595814110067,0.3725976535609781,0.5593229452683638,0.28380047035342437,0.5686704178340847,2
0.339421290478484,0.6849035188291758,0.2479410612158393,0.29815800960634953,0.503032009656392,0.5271861418949119,0.017386231689480447,0.7335748414143979,0.032480570061594286,0.4022254474111967,0
0.25900321834598805,0.337990548743615,0.06534950082276536,0.5399609494343317,0.6628906332191435,0.5714298382326477,0.5852106920853698,0.2113147481185495,0.7527656632428015,0.136347807420795,0
0.6727728398522306,0.4130114097632256,-0.09569899293669162,0.03967689994598811,0.7747365502031449,0.34132346772656297,-0.2990374698375801,0.03659819434729977,0.4106507475442146,-0.12091147827710325,0
0.7848920826922484,0.07356922662883034,0.46726209365540416,0.674768377273277,0.6200657424687632,0.46414113328869433,0.3999051657529677,0.4409424976500935,-0.06761670336291348,0.844138474373546,0
0.10285041438528998,0.6558433665387364,0.3020463187949284,0.48841316259806183,0.3158157917982539,0.5200712741796457,0.18932616634951038,0.7924314480132058,-0.08241374126409572,0.36682524494062274,0
0.28795754933828577,0.7750126038488406,0.36272792999588827,0.17916514178659115,1.2728698122099906,0.6243546609906668,0.40475565746338815,0.40786777886047576,0.01442720271547926,-0.32213657241750326,0
0.9316541422025346,0.7379419126255107,0.38092972946733616,0.3095454235941171,0.9374835011409618,0.48385001994858645,0.7127603439459754,0.8382010876590997,0.4709977928766014,0.8073848418661266,2
-0.903208382488322,0.9039399155613795,0.27160004136926547,1.1490165891161426,0.23421141476683516,1.0058138593066868,0.1620530476165828,1.4493310870446197,0.11762146815687212,0.7653211833237326,2
0.040379799468066135,0.6548586498491121,0.07186034979205963,0.5406169571993096,0.6149931730440381,0.6694315375771706,0.2648326867050888,0.024031688235974014,0.7949994570446909,0.28696463579854986,0
0.25801992676134466,0.07627124246373632,0.6850432823919865,0.2278816153709929,0.28802917106058545,0.9540371524189504,0.07801308559673963,0.8641187382453179,0.17387912580654497,0.5432019795931506,3
0.02664681781145542,1.0159520932012138,0.366616376558847,0.9964046024258738,0.9825010387891089,0.49435804766163977,0.9500797393547744,0.6193461119164319,0.2208318504821237,0.29339441446340503,2
0.6064577446372015,0.6419033520726802,0.13850691304635127,0.5459067217149077,-0.0034299429378545805,0.8565731676923292,0.5933023204591913,0.33547723524666423,0.8234433447386297,0.15421077147440265,1
0.9679299787316167,0.19470835012533738,0.876675719877057,0.7980259613781961,0.6829626472673628,0.34852657934357084,0.46775893226993664,0.35731877328631645,0.49577466366417056,0.545220493288134,0
0.9726347482654579,0.9533184027335411,0.3873319835017861,0.639813517004528,0.7618998880374156,0.7365914314135632,0.4499059949692849,0.14179241395285874,0.38674712249497,0.522694010306583,3
0.2564452504593493,0.061528142226022736,0.7282077830473411,0.16529891592564566,0.29541905989619976,0.9723780164579958,0.028476980529565835,0.939195695500393,0.23368714019817427,0.6148668207878595,3
0.312653761398367,0.6979373378840961,0.6406173229889153,0.2817556264513448,0.9949850353410344,0.6254139824523121,0.4840358787749549,0.5650376595874326,0.277409081461213,0.010986659125545386,0
1.0444907032709765,0.8936175964275611,0.7677933391569538,0.018030455053610922,0.6516784623799298,0.04411408477644205,0.1827114582771317,-0.005769167192021224,0.8785218003403724,1.1251415396905002,3
0.7531297891156292,0.8370960742063854,0.6177141247214223,-0.0758772353078358,0.8457445039978262,0.17497064789986339,0.2740286844452391,0.09724494749243168,0.8197899869274696,0.918078511104102,3
0.8403350708975481,0.5552213028678766,0.4172498383429164,0.204567345128931,0.6606555309712163,0.6417836779031544,0.7841735939868366,0.7056041710779472,0.4146216502511926,0.8185401975370635,2
0.3010728228547087,0.6976323208684128,0.33356562692505237,0.31935374175520814,0.5365713359937995,0.5419849127972,0.29743492260985155,0.5460069341006833,-0.0066521046906484645,0.5975356568982508,0
0.05459626920166082,0.8461235979664739,0.4597839864426847,0.3344491838719962,0.7278648856133807,0.26920293797867284,0.678462010210407,0.23073237776413597,0.8323356213909348,0.2869543808971717,1
0.8732201007081102,0.3983358261967294,0.3628206754874004,1.2114825256410229,0.0014301403284195588,1.104288640474662,0.2097193612621996,0.8985044763345095,0.8491815192611754,0.4391616676328942,1
0.043164154628790405,0.8962592171108315,0.48626618280196243,0.9234820185491484,0.7908310364215526,0.45865103463015444,0.9527333300535634,0.5845497423771864,0.20198650078875033,0.18533785594737257,2
0.5902802887450596,0.7595341487797378,0.36424708539219836,0.09078570603916214,0.8958761470468908,0.4394729336747658,0.8922575664267867,0.7544273263942011,0.7083019775327044,0.7015858880734479,1
1.1929341030598772,0.17097756954816612,0.30793852339731065,0.9348127822765735,0.047551015292254036,0.14657396864747,0.7799754064430412,0.4374302231395401,0.7071161018960731,0.41553802986811555,1
1.0195699100315032,0.3700574325827842,0.4228204833473883,0.8219960349892583,0.028381929043052583,0.25093881645831284,0.8629524091468974,0.5131560941722545,0.5792690499438357,0.345378030225899,1
0.13225316043800223,-0.13652864849950105,0.18862070319334026,0.22123341569511848,0.08231335687585814,0.42229825401370424,0.588348227967748,0.918876987759382,0.8511101301288149,0.5644116959196176,0
0.5090689611423389,0.4876941497871974,0.28149947403541425,0.37068043083677144,0.14203134645795099,0.751295960357499,0.6906380863657681,1.0837296842148607,0.05029179375996057,0.48442340311657917,3
0.64121034774575,0.5016039616380665,0.8010199791327085,0.3438737977016335,0.7510700049492796,0.9333327100475571,0.2123340029308393,0.47009583297423696,0.364073329709023,0.18917735263901808,2
0.07559504837096574,0.8715987786080625,0.4471810415091201,0.3176492262115786,0.6946555761426815,0.2333667057200719,0.6347016441833164,0.22259800481112416,0.7896808854773522,0.2578585754061671,1
0.9909272007615527,0.528290606884819,0.713819837569441,0.5164962793911619,0.9051569458139264,0.36473694455156414,0.35242039037625345,0.6353725916358185,0.38860813248079484,0.5557467777184559,0
0.3377760828007443,0.3922594024261899,0.03320566973189983,0.4893685099043534,0.5227523075188331,0.5966586470692254,0.5993579551535099,0.22988679191069233,0.7274148477457378,0.2423700386084479,0
0.6171874371743775,0.884341917269408,0.19386723164148362,-0.04415441394978786,0.9089138309560322,0.5216872698847298,0.9062736639794132,0.9066973726333826,0.6957051099184699,0.8448470287594231,1
0.30845505885892693,0.9637016305654115,0.41089986420519226,0.39830779744924627,0.1674746486674991,0.6172358469732678,0.3734603031475562,0.555101995183069,0.28208497067554444,0.5749317256957913,2
0.5185546850535588,-0.021354690462399482,-0.039273923599815186,0.37800997361482813,0.10390264966086254,-0.21768670721592004,0.26010718551302653,0.7340673889700438,0.8551012209543498,-0.035887605357727725,2
-0.20862412605239605,0.4021294141433824,0.21497331897135913,1.0960724759968277,1.4414826044965081,0.3281632614737531,0.5768089224925795,0.5664145400965028,0.4175722949620183,0.8666112640684487,1
0.9672552943279878,0.13924397768751318,0.9037430950647463,0.7226006754376149,0.7632337219926608,0.2960068336755914,0.4695285983225967,0.39145508609932106,0.4538929746719372,0.5124062990979298,0
0.15556355068299943,0.7469626885082133,0.7173611557887258,1.2362386036356487,1.1901895904372515,0.07080896670871106,0.4968232354485026,0.8474502090209322,-0.1864552318962221,0.1777832742023386,2
0.7461327413895767,0.4153450051404859,1.0399785091587348,0.36289261238674275,0.9345122721930157,0.4810841651342533,1.0696972831181506,0.3611727418295797,0.8842121050510675,0.07866624098702814,3
0.3373227693674495,0.6536915998664329,0.631135535628328,0.8994975186174025,0.7924041168727505,0.32849448176284707,0.9382341854492845,0.7908901913923299,0.6139605133306506,0.1283533405782869,2
0.4368451097865966,0.6156433657064813,0.7980698367873219,0.7718485333505111,0.7258868385634802,0.6226662090353959,0.6111545079388266,1.0277743046046228,0.9375448562691934,0.7894309921194191,1
0.1826126251802086,0.6993773235266278,0.5039553795614031,-0.020661934844268204,0.8164266092559838,0.928746636161989,0.9433103983107987,0.5817669527722054,0.5240645160490833,0.06757258267298802,3
-0.10750617544099839,0.7974942143421055,0.540576250378648,0.45527599076313424,0.6000222655161676,0.650363564075425,0.3524387236799901,1.021613047863699,-0.06415883876518548,0.5154728890226052,0
0.8306719345395486,0.9134815443962316,0.36397382941750506,0.19905557923271516,1.2492286374610742,0.3237146795353597,1.3347046206404638,0.35262913285370184,0.4952797330093205,0.9502330966033766,2
0.2283380437504445,0.6291683160528174,0.34550343353532104,0.39312435533892076,0.3895047840643229,0.4888095244978384,0.18002151821476056,0.7599101165652279,-0.036486056122863875,0.40954228336981113,0
0.3027220555582816,0.7290573438658781,0.6043713465161904,0.2070334851037495,0.9627188908561848,0.7249922033444871,0.5845647069565363,0.6521165909400943,0.24020634289874077,-0.07989336948396031,0
0.22708875396551212,0.10533253848176583,0.6691452925641724,0.2738037683642627,0.333009277413682,0.9599707845005294,0.06286064254337116,0.8503590964670922,0.1597846705206739,0.5527868172932004,3
0.28252985005969056,0.314663845172342,0.27474524943844353,0.5900982147575657,0.43448487792237217,0.14855474503361943,-0.17555694983320286,0.6107544781862695,0.43488664494585144,0.9051976806602384,0
0.6917386266643922,0.15046100198240062,0.6037123601999166,-0.006396669507809677,0.6458227772141942,0.8050231402321439,0.794429144542256,-0.15376743653877767,0.2187572491816454,0.1991626897848881,3
0.38656490400440296,0.5311469422638104,0.7372238644644045,0.19629303062176828,1.1738968409220363,0.7632681578174645,0.9579566717744101,0.6309173444662033,0.8288174506982704,0.0019664445868883274,3
-0.09347172035143739,0.6534146531930524,0.26768395126809386,0.9388223499191539,-0.19977298553275574,1.0040805672118562,0.12991238670502808,0.9012307797210732,1.3226030117521521,0.523832192286785,0
0.9089256537147385,0.7068164085409742,0.711904588296207,0.15184986111802581,0.8490091332147467,0.07159375952058583,0.2037810594012423,0.263517817775987,0.896622120182454,0.8653291673694355,3
0.6261546029022987,0.520084885478896,0.6632148284105674,0.23777134199656993,0.5677626417352598,0.5973488364739461,0.3406677527076022,0.811450325377897,0.7913298982019146,0.35010117727441886,2
0.024451242719034712,0.9774509391543544,0.5276464270704664,0.3526348647461532,0.7083929579597141,0.3875290448080325,0.5807098763664115,0.35292626005382927,0.8920279308854011,0.31112540057449317,1
0.8044265196421466,0.28213433966210566,0.20514645540942889,0.3673649427174751,0.7950232859252471,0.687544226697838,0.7691206515599723,0.22574873695591335,0.4206980409764187,0.6345188663377067,3
1.0205646705804479,0.3360793727632305,0.38620579374356,0.8339475880062132,0.02039480837914151,0.35582015256843136,0.7946747913075114,0.4448433608318231,0.5167223013349693,0.3896908962469011,1
0.49354373094387705,1.0905583739947113,0.6483465699441954,-0.0366596514689998,0.5819386665337016,0.9250392099337734,0.49775250052030173,0.18657754185852476,0.3567228558056205,0.21749950538465707,0
0.36831986528034855,0.8078702578252004,0.6948895128680136,0.7607756279534367,0.1832644189506677,0.8178668570432375,0.5056916166638917,1.015749077318976,0.7174057069774892,0.6783271590238821,0
0.6372377773887745,0.46509585737088016,-0.11771517145552673,0.45828880202116073,1.2855612796677087,0.5576874250771504,-0.13247722262876135,-0.052432075152755386,0.09828785399270606,0.1959261563088673,0
0.3323136146263184,1.6728311071175306,-0.751513785889099,2.084455931282673,0.1169866572016176,-0.3962837742732007,0.2926122364621223,0.1688997905361746,-0.5708018194306828,0.10245304897790385,2
0.2188718134459226,0.01731288375467218,0.6898420981493979,0.20327204429777704,0.3532901404350538,0.9406879290709729,0.12274794966825367,0.8956691155893294,0.20375677056067293,0.583597325243713,3
0.7074280787780861,0.9597430086609278,0.762434942168098,-0.09425593008851157,-0.13398645754482402,0.6970423578538489,-0.22638016119985666,0.8269463187449633,0.2112849855536819,0.49299999865966276,0
0.5534860372410407,1.1882937534178226,0.998795093946715,1.0074371086226566,0.4347182160695269,1.2963597547079515,1.0835476926744332,1.0764638682430254,0.4855016424068568,1.1428435097090617,0
0.2028884584150093,0.7988882217602488,0.5455650495672155,0.8452318614230161,0.13528519460726057,0.9388856557632872,0.6974388060774924,0.861635752532954,0.6623839572578745,0.8266911224448885,0
0.9822075598366369,0.38082228183240857,0.5021340121726874,0.8953849654828521,0.08293387435284019,0.27525562807517456,0.8295727284129345,0.5295053004311211,0.5591451744185046,0.3836243298475503,1
0.022478002873967604,0.3904426405718982,0.5401601739982828,0.6786446819356895,0.9708106762959305,0.2714622270607563,0.650410787855248,0.02727038063377125,0.6280101038233119,0.8861904636283059,1
0.9757252444720494,0.21684291196690653,0.5295740557836025,0.655266771215432,0.9469907598524867,0.36883921258360336,0.8139053851798521,0.46890162199255714,0.13873511520404086,1.0576413927369863,0
0.4153971881674517,-0.015486248345552123,0.9059262544069652,-0.10198966804387238,0.9002302463289305,0.9389901962758627,1.0424658742020303,0.9156444355358642,0.8461816650012718,0.4923126969455178,3
1.0168714370471537,0.942653160394504,0.3462416356435515,0.6520596185566824,0.8174704751747892,0.6706819996248876,0.37403803844296246,0.10479199509885201,0.3711341072604937,0.4954096258462825,3
0.18446591619374209,0.3106186364616401,0.0366331083259418,0.5124816039698536,0.3559956444976095,0.5028793953420999,0.0916045253057004,0.6342573535574036,-0.06620077013326574,0.3043702269428574,0
0.6415050703508676,0.4560230032288702,0.9223215461741193,0.4864785104352894,0.9925936447040457,0.4755679298015456,0.9772045488134555,0.33501320887334635,0.8609255374596158,0.1943458903204103,3
0.681393842691191,0.5168204439205799,0.746224164245264,0.2953461155931083,0.5621281122089995,0.6276354706660948,0.29099956849451614,0.771959680155522,0.8480356089513172,0.3413104498289588,2
0.6355031684375505,0.31178296670613403,0.7943097934766968,0.18206730381145608,0.8190378901330928,0.07504653197387462,0.7903866911488439,0.9923432494623404,0.8073755982201408,1.181071103022777,0
0.9960320583053739,0.31418819754544686,0.11787777049171391,0.39281325143092427,0.15234556519144943,0.7782990026186637,0.3381932494120587,0.4636054490356668,0.32849137577163123,0.8261901525222566,0
-0.8572812981200832,0.5777621840081284,-0.43508552139940637,0.8367458787906961,-0.10116873524189207,0.3290304500113519,0.1796593505766425,0.11726390344491977,0.340293132464924,-1.1198768619728212,2
0.09816344049990122,0.9570395177832367,0.030935467548432453,0.6070021981740363,0.39425086429476036,0.7405062696268332,0.6567007421205378,0.7156727773875093,0.30724507578201204,0.5158800538774172,1
0.01558581338100351,0.08802914207484387,0.3985134028714542,0.349657217667855,0.2436729749466908,0.526582893368095,0.6214866618155144,0.2853194228416571,0.4631550628118676,0.2396239619933507,2
0.3447861039682898,-0.13085636795898825,0.942427322153084,0.07729517351062788,1.078887418528951,0.5284137808118947,1.0803805134112752,1.0824340175338651,0.9457995445063179,0.4163744548568603,3
0.16551401709161292,0.6909454332501268,0.451667034008506,0.3264332028178867,0.5207461838195347,0.44203524957417184,0.2669228615903809,0.8593659678800671,-0.058709707014445764,0.37375430092554,0
0.9548898016395565,0.03306626047207728,0.27384125907941115,0.5167420612928285,0.3815823173768256,0.3889989556966187,0.8319538795216863,0.7222853039232495,0.901943560785987,0.29867653058638477,2
1.006644231318241,0.3284565692410061,0.09563495127580852,0.31849759087371277,0.09463121366449193,0.7815042332244333,0.5004184678463945,0.5918335598653213,0.46796585315533157,0.8205548903362366,0
0.22233016598860483,1.0114666112325548,0.303555377008493,0.5767550060782549,0.4142683436147983,1.3992993629954318,0.39912400893780453,0.4863178304490603,1.0723512769778947,1.0737644039518726,0
0.343391008501395,0.34157174569084786,0.0540561757376943,0.5105245325998896,0.5993955584020145,0.6020040849792989,0.5207737179745008,0.2969861891457882,0.7702933071656289,0.24968521044011033,0
0.059080626191070684,1.0480302882153056,0.40155498300635667,0.9459636864833634,0.8433273726821274,0.5996599585388755,0.9381465341785081,0.7025176548309945,0.17728298455694028,0.171135891870227,2
0.23789829884410726,0.7989772782874368,0.5463793918222446,0.8561233651610038,0.1103984115978654,0.9788020650280321,0.6927948615917189,0.8954955692193187,0.706645038708416,0.8673455056991933,0
0.3063840788998312,0.642185162671641,0.16446431645815926,0.6347493540477384,0.22571477897284944,0.23497495858245446,0.056969832497400896,0.5378607981001391,0.024244011494279218,0.4143934494827769,0
0.7340904297768942,1.0077358142174102,0.7761078153640458,-0.12442024565166776,1.471180863293881,0.40615902226776013,0.7470217205119304,0.8133852531203185,-0.06512128983930343,0.3387383671211048,0
0.05800504279797802,0.9316260354523157,0.31130569957122245,0.3903894034698174,0.3175310834131728,0.4448579566259425,0.6548001075971395,0.6364037259637099,0.059553593509120595,0.6766561140205427,1
0.33140353175363385,0.3497191635609201,0.09419396440923192,0.5279777975192269,0.5939253574045852,0.618794881281455,0.5851111086843235,0.28009066033221497,0.7332966522778269,0.2770299425393085,0
0.31221359439485463,1.387705260881216,-0.04581630797801273,0.44381678945352154,0.4876050022849926,0.31545089631329126,1.2115729818911474,1.428051985456931,0.01946446421584891,0.5643365016149129,0
0.23571833920414548,0.776367985729492,0.9416524427889865,0.8829887469843558,0.8493965150782241,0.24135154931163602,0.6623270699134305,0.6014856278927558,1.0151881525497084,0.30098402764879356,3
1.0154689933806484,0.9526553896367534,0.37479449731584746,0.6092910602104441,0.7261221854087425,0.7488264575449198,0.44654251163347114,0.13512805599047348,0.42638685898867973,0.5191120938980065,3
0.33604892527974983,0.6578554763732994,0.6204435277354567,0.9005053724815442,0.7951598319271972,0.3277205535622447,0.9370945101233827,0.7803202141226843,0.6172066798039332,0.11330915534718962,2
0.7945833239332821,0.5943085428204585,0.9069214996004146,-0.24558731561720998,0.5485211137240629,0.49737984057905327,0.5530255931143229,0.31155797694927934,1.189436027328708,0.8450456701591145,3
0.02669786220162782,0.8118199064944327,0.4440069828636387,0.2895050585709314,0.7368775041304618,0.24972628703023844,0.6305414348457943,0.1946498214760753,0.7732835390806667,0.29354539968771864,1
0.24498373323983733,0.15213452619761683,0.09471095142643628,0.9688081731649737,0.34442391416536033,0.3432028283064758,0.39399350469500105,0.5301938115961241,0.43132477771450123,0.21346599101817484,0
0.7794911479527046,0.1957782187743315,-0.26761851606093834,0.6845655537884935,0.48150610417929446,0.30648875334500325,0.30795537856123867,0.8122165913137578,0.6749570264662905,0.1784419368794098,0
0.2505654368783477,0.1588836287978822,0.08996306274104199,0.9674037813672054,0.34479523805243895,0.3380970728856884,0.39572144278100974,0.5358365094769216,0.4369505978497263,0.2136975446338515,0
0.33471317081240626,0.08437599286272598,0.7184401440334033,0.30880670716235953,0.3003473413120651,0.9112092669041294,0.04734976064291405,0.8947894040495928,0.11923074481390067,0.6128148883620794,3
0.9057719162514122,0.010238080827538971,0.2554944640189589,0.1969917501729619,0.758124465945897,0.6374355844475769,1.0713739226307544,0.049058560961315056,0.16215068719861775,0.5143205640391897,3
0.49325677300333737,0.8812231530361578,0.3504717805484156,0.9309989185079898,0.9152564838471506,0.6461837098560079,0.9884498453889451,0.929952850491358,0.49623528805451705,0.6386476888058091,2
-0.033789343972403504,0.9737614047993526,1.0439750085426267,0.17449665261865033,0.6345808804295732,0.17827320821444678,0.5150180158958324,0.10731241533484835,0.8981440315545086,0.20723600109503187,1
1.1664557341200088,0.22829143533704793,0.2833212403303663,0.6019811920633936,0.31301342492975437,0.38178817282546357,0.6280028945579313,0.48358392796877836,0.5898374816849558,0.45343064386264564,1
0.17230110647581823,0.0569322578988667,0.3035455807202967,0.34455924367327173,0.29548262509507917,0.5595500678131942,0.7589856949456357,0.41374748555511404,0.4833256351978012,0.40560618450136743,2
0.26316181392089144,0.37052832656336165,-0.09135508128672964,0.40255048678771027,0.6518344837783437,0.5385750691873891,0.5559785462244167,0.43477117767891393,0.8404633237783372,0.3385570960294014,0
0.7062702386347648,-0.7470936763429413,1.6904480037300833,0.5085066423575597,0.3275879402234385,0.6333464449433849,0.3536832168561636,0.3508914746733806,0.7169836364626763,0.9360195441877983,0
0.036787486992239556,0.3888032417789273,0.5533484269225006,0.6836385195105917,0.9820142446621519,0.2795036080314243,0.6650818518934779,0.02952708001405715,0.639479558665839,0.8933939547281069,1
0.3112827730768996,0.9701321001830805,0.40981655037377007,0.4004994311978935,0.16758628713527407,0.6252751907614977,0.3691073714653386,0.5580011821045266,0.28796274858525767,0.5666502903778088,2
0.494507219564254,0.9049791695308828,0.36898693421605394,0.943454326023573,0.8903970752908222,0.6448336329815345,0.9891920116095765,0.9251171600637801,0.5225363843269694,0.6652073597637344,2
1.0182177295627826,0.5556397059166419,0.5836319247592445,0.774173471348205,0.814561828901687,0.2631946133673964,0.9497812885226247,0.5631514032681276,0.913865136920614,0.8139685939631006,0
0.23477465783293364,0.004395962598422357,0.6703070084217171,0.2685250577229587,0.2653446718849588,0.9549047616280633,0.07061214746615391,0.8814846036122749,0.20660239998344535,0.5396230297258908,3
0.2965396276524711,0.7502522076268113,0.5896885720741943,1.0860356145215588,-0.024782153716207678,0.7467936041563622,0.4913576797877026,0.9203574071298734,0.720541388795844,1.0575117432771683,0
0.2715406629408584,0.9920080990405185,0.4942767656709009,0.7071527225214698,0.002696779746800354,0.7518895906384852,0.6891182470477012,0.9608703997924339,0.7049078926390667,0.6600920229551728,0
0.5575349520278968,0.7884806687767837,0.3027449325865914,0.06826208274437164,0.8290373057859923,0.44315547709431874,0.9503982988523777,0.7551569731302494,0.6790986005058252,0.6710576279281877,1
0.5866037636594358,0.3962694070093347,1.051369976330319,0.5600589937711171,1.1455324323632556,0.553390067630493,1.016899242988627,0.35007760260906684,0.7017356411452268,0.021335801915509045,3
0.6113955914703804,0.5121648472576719,0.6813333682910484,0.24607325340046413,0.5849700543915073,0.620067697755591,0.3360004957302146,0.7887587266969688,0.7990914015858394,0.3687513266248478,2
0.46838730432597864,0.1668537888974306,0.5494422520473077,0.7009373759039894,0.39388072216019876,0.7185911382104465,-0.2023228935589726,0.783554474751397,0.9357332743278838,0.6682704427079084,3
-0.27305211728936524,0.46020568126458344,-0.13124854533714078,1.0614824964013616,0.7425481553680993,1.1890750351641528,0.3992973062204746,1.0446573189278885,0.5558204738519243,0.05008645440245052,1
0.6195330599926745,0.7589311830452141,0.7676306471907484,0.5051182213280236,0.7173230140415386,0.9146891988097636,0.24948689625734768,0.18504294672417393,0.09187418669192834,0.27676282036679634,2
-0.13129872050121083,0.9556499874959479,0.749831663542186,0.27269732973892025,0.4938126077394613,0.15298410175754162,0.39815472292563864,0.9525552403671962,0.40944924265332994,0.615198338262337,0
0.4796121855795602,0.5457628020858221,0.015966889464701185,0.914003743852392,-0.09973957162163738,0.5228410361599645,1.041446523216116,0.886414588433567,0.30498251274206867,0.9018692675823479,1
0.5974113017978943,0.5071562205666029,0.9224905492694732,0.5517263263546304,0.9710532793065325,0.4450003102350039,0.9850062203147786,0.3567796903062659,0.8373126719504765,0.14542121151322057,3
0.19161419433865567,0.7873496047320104,0.2767923722165998,-0.0487495666731948,0.6996323635828109,-0.19833464414193086,0.2960149875129753,0.43420176074879563,-0.0028658585900054323,0.5407083035213178,0
-0.10176772765194397,0.8797128608647421,0.9467839120143519,0.13698699869413292,0.8161611482655158,0.029463578622892464,0.5919756510618521,0.057084026055047934,0.8939752475285098,0.06361700790571531,1
0.40184956155721235,0.4179081278977689,0.27442946632224957,0.6041647868242465,0.3864398260868715,0.43025504141183935,0.29940829109318423,0.5639648944694751,0.6744065063143347,0.5877145730114738,3
1.2112933799107786,-0.1136095071719358,1.0580752245194576,0.8350447140050116,0.7502311526235144,0.08980651557847524,0.31298168794614684,0.7328000481733914,0.13435293943961818,0.2986515585267583,0
0.6524895837978829,0.48590899022762735,0.9559493214684666,0.5080137436031025,0.9717041766189509,0.45945240449343466,0.9890326079654791,0.3243276413962074,0.8563386477058428,0.1983852283252659,3
1.0303425563551554,0.41377912165237085,0.5153013675936919,0.9577492819940631,0.13670015100106223,0.32346360158791243,0.7745904825922776,0.5304513948611405,0.5294903935698366,0.42525978390554203,1
0.6104726237416207,0.9699644219452466,0.7112625226193019,0.4773169224612249,-0.04605741855047943,0.8830303210538106,0.11252768539262245,0.9972379854109616,0.12322633997287999,0.4794586285169092,0
0.03393271725879071,0.9152586557590732,0.9948823841515826,0.24468810700172502,0.6709066022188053,0.13642108774807776,0.4727460316609599,0.09551233442716195,0.9158316645391964,0.10748302761897066,1
1.0234902656674831,0.6885458217177237,0.8226075396351878,0.21442562980187121,0.8681787168288707,0.3393229302473819,0.12213205000550617,0.2674067809514793,0.9394622300761032,0.9789567795836206,3
1.046218983798169,0.14021504715155378,0.6565053877796384,1.000098577423272,0.7687514076936187,0.38849861133083524,0.26746644301707706,0.2129504135494869,0.35774974804758375,0.654938855200995,0
0.2505664751528569,0.15574758054895751,0.09317175487788915,0.9705007026578887,0.3479469889589162,0.3375403417196592,0.39402226178699007,0.5336655589531839,0.4353805028029853,0.2145599533126399,0
0.3468485407330645,-0.07313036659701504,0.10545539154849704,0.13962239524475162,0.4468478295027801,0.05319474598259868,0.5997138636863808,0.3057837854564075,0.5549384767559633,0.10129015710186706,2
1.1289085350274743,0.7765509033439392,0.5151021230900195,0.9978989839616698,0.9612495487645785,0.20493601147345636,0.9522159164384638,0.9427563490403736,0.6713466115366002,0.9676405469919699,0
0.19228677203920447,-0.10835788966425136,0.11370300446753945,0.46285073423225376,0.8632479564890029,0.7526419271709459,0.5607749068399884,0.9776075260686218,0.8570079368706072,0.44675605521807593,0
0.9627853181250816,0.5360974835968125,0.2506383612444113,0.29617300751467285,0.07179756528809694,0.7189339077626536,0.550336659602314,0.7065970104016954,0.5370491893006011,0.7566947433545533,0
0.30961949117432586,0.9701435107187157,0.4102102237052498,0.4022694645137667,0.16552636392938194,0.6235036736455963,0.37010389524302684,0.5562833639425028,0.2863582438053457,0.568260245689681,2
0.822481182517838,0.6651298780264511,-0.05859617791424451,0.33016649470396425,-0.23598831124840514,0.5979063483584305,0.32522469461815934,0.8564265438838631,0.022748035842016234,0.5296630259752122,0
1.1427896079723483,0.09547658062420687,0.8515827069017001,0.9551424214690933,0.8543813841308958,0.346871511903706,0.3799198605855812,0.4152175235204389,0.5031966557925003,0.5021159477632795,0
0.308216424858422,0.9713037650954676,0.41428851526697924,0.4005029543712166,0.16544315738042226,0.6259101053541034,0.3659696566880169,0.5595189610212976,0.28215881214892535,0.5707781198456144,2
-0.2281453226596068,0.6782025491256378,0.19019198640247328,0.9579078944185058,0.19456943396481588,1.0110937035211625,0.9329943457751007,0.797676040180959,0.40915651898503114,0.29554789521260016,1
0.4502976132028633,0.6760719999963233,0.6723025388618267,0.6711319238481958,0.8498714262908099,0.5277743523225127,0.6201001674973514,0.9230305200584147,0.8771218982046873,0.6966049393420188,1
0.4357170303283956,-0.06525663256629888,-0.027515802737144657,0.7678221787755126,0.8019194178478003,0.40716081048347674,0.5724730648996038,1.2494578649918615,-0.057351767265660825,-0.36626201198240027,3
0.04747519924876448,0.9032948867211804,0.9788347575262475,0.23883071528691618,0.7036811544496882,0.14024619147948203,0.4532981126012395,0.07965178911232076,0.8995396578699824,0.146066273052808,1
0.31046762547009854,0.6873533902718296,0.6510855814680886,0.28580029629039455,0.966870629948341,0.6147501453841691,0.49868830549388066,0.5679625131799998,0.3164292918750262,0.0034625134930372503,0
0.3094418827219099,0.5109247094106835,0.4069437747727277,1.395058786901861,-0.3454202585455806,0.3644314831447165,0.6191884294679016,0.8537731172299101,1.311096447061844,0.3129665622402993,0
0.8903350531428909,0.805713444500273,0.65426725229801,0.6058282854181465,0.8099722715665719,1.0684221150576252,0.5636972019344249,0.17745486448857942,0.08940153058056168,0.27021597791035645,2
0.59512340994311,-0.14884056932503453,-0.06728802743685819,0.28748663616268605,0.015132206929935416,0.33213558734591686,0.636013594792048,1.1256985118526586,0.6951718367247633,0.3809609100601946,0
-0.23721895144622462,0.5541324786740351,0.5721275241403702,1.007584591584589,1.1616503689652273,0.36108613612078794,1.0119938350987683,1.0634110625416877,0.08781465586343337,0.43937703644961934,2
0.496881531532388,0.3522751990302242,0.9847624398514189,0.6301109612531881,1.0386480077186806,0.5723777042852599,0.929852964340644,0.27614527232456404,0.9554468261110765,0.07854806754192661,3
1.149169255183665,0.37091087248280286,0.3198177868664177,0.7190119833621627,0.0010825976912326868,0.12760815786675622,0.8154522864511465,0.5258531652324052,0.7406000082972662,0.22820700882944994,1
0.7877109112523073,-0.12909264442672927,0.022301969941025568,0.35797318362136477,0.626904384081733,0.4983387406835806,0.808250870365107,0.1117624606697808,0.46600652924947183,0.6052931974369471,3
0.21060776387524313,-0.525099645806458,-0.41156168070909593,-0.11751600395293865,-0.18318461592456936,0.5625761330840731,0.9229323146232651,0.009499257560703633,-0.09515995327317917,-0.2694440171236998,2
0.3641322355207006,0.3842428706052659,0.07657119437030001,0.47994682443607267,0.5487811019806154,0.6434448237431888,0.49077532662839946,0.31956897809329593,0.8221271700310931,0.24346871632411046,0
0.7978216988121981,0.7790331246281157,0.5921691861139567,0.18745682451723858,0.24804239078436946,0.6318829349157387,0.23545252840318948,0.7272872490378389,0.1887591201249003,0.6926407855252159,0
0.9885775754275343,0.29393919039522776,0.8477471087976558,0.8733017597036017,0.4775275174403207,0.4225685472000326,0.49174225695498025,0.4347787348518275,0.3157208832194257,0.3683681498062884,0
0.8803258002578694,0.15764581761187674,0.9404333326171469,0.8621421449636076,0.7148816648394013,0.32981739687878514,0.36674298935616145,0.28874411623955365,0.5610053713623543,0.5524645361978087,0
0.17869348170809107,0.5966420462986168,0.35694997493051045,0.45198705656665555,0.4118780691326321,0.4083658286917624,0.19471486123382262,0.7105623906722273,0.021749229651341406,0.4675253690107187,0
0.9080139984688642,0.837107537581949,0.501870434369839,0.4396188985725534,0.9812467777694374,0.7411795655060006,0.37416225306033607,0.37939324158576077,0.17435868072877864,0.20184567442610127,2
0.3444874987959523,0.953944986643196,0.820412500386982,-0.3708373973945809,-0.24142069493807028,0.13315126081214002,0.01885182435098376,1.2974321876105928,0.1175085088048328,0.34832044264701234,1
1.024085371916207,0.1856364076783322,0.8415207361856089,0.7816229478996113,0.7172809997723024,0.3082988531179258,0.4530216837385811,0.4144894259261238,0.5027453485068992,0.5945148538949755,0
0.0843867465452694,0.3495492323202256,0.4242530715524131,0.05270670229753788,1.365799378604628,-0.2568341084094687,-0.13102620728293243,0.6244434378323975,0.4653605732437659,0.2088059866154603,0
-0.08017822058455143,1.151603345748863,0.2466158395569489,0.8727164951746827,0.588151112164236,0.8245026405930512,0.40793999695946587,0.48752423741104833,0.5200438992232193,0.3408756248116229,1
0.2871797379934359,0.05799827867177146,0.6875903523520265,0.24559131719431407,0.3827726275245473,0.9720220161225539,0.15014008891579353,0.9020184461748988,0.14303098474723247,0.5484884403246414,3
0.5813159802336186,0.7276526503727746,0.35282173144614276,0.14174604308999203,0.9490689638092367,0.45995935014601225,0.9153673460181225,0.761564014981229,0.7598273149465422,0.7103161486250624,1
0.08251151960817633,0.12279630343181816,0.6451420496082186,0.7100805872808486,0.31216667488142663,0.5515590692220993,0.4657841759303887,0.341351739388772,0.507826592844558,0.4322085860997754,0
1.000532992968087,0.5265482925789423,0.7343975950661181,0.5304614466995069,0.8984203644202341,0.37686405585222443,0.3615797524786858,0.6277427358351697,0.39756674852275614,0.5754386257072266,0
0.8543196276797814,0.14326654971599817,0.4214703343309318,0.8664360393332267,0.731026056379143,0.7351457774179779,0.6064847105689711,0.6291862312937117,0.8432312495576187,0.8018221569052307,0
0.0520939447088325,0.9251579900553158,0.995824936521606,0.24374563681192993,0.685622965314774,0.14100223261063646,0.4458767485163667,0.05005271804789068,0.9028787527512897,0.15720368598915513,1
0.24866694855926258,0.15774446417754812,0.0925719995366229,0.9677284216163653,0.3485138778786645,0.33632148985625504,0.39446140632567794,0.5344383463931027,0.4358728250388649,0.21380638121545667,0
0.6410451168519152,0.3392395811271501,1.0026639298894842,0.37600367825312103,1.1029092365646822,0.37626809466320843,1.0947551647860763,0.21360957535150882,0.9114275985780965,0.24883192633887546,3
0.6837009771563798,0.5788063948624088,0.667235466512721,0.4461994184513953,0.9816663906713957,1.0774466981539408,0.3648533034024,0.3421954096312212,0.2363814061493496,0.3044370243755047,2
0.6217527603406557,0.43672769594897165,0.9142953264842738,0.5092837816082851,1.0141236673973304,0.45220351493861616,0.9807729359036164,0.33399026155897277,0.8605732530061965,0.2056906504797907,3
0.10154801954193468,1.4372245757996391,0.4583227459708093,-0.00262953646363423,0.4324743152330074,0.7362579879848808,0.3047044430523307,0.13233849329664782,0.441714545359545,0.7503325799586802,0
0.910835201041042,0.1342398988727895,0.18605392230382664,0.5751052577684322,0.5081866127322922,0.47044787891323353,0.7220576680007258,0.8305200085731638,0.8621183691171688,0.1750046298473382,2
-0.2656265016624146,0.9638103979462826,0.5692408167604195,1.1934627238234694,1.1503053388061408,0.6412566513614049,0.8023566773032477,1.1163424852669293,-0.034536453180732396,-0.22557193473985843,2
0.0068609012092428895,0.9390167003423484,0.4146492483749949,0.846557342806116,0.8711754846096949,0.5415749372062029,0.9819086011045228,0.664205255994534,0.187750346185262,0.14982087866190374,2
0.501224111169476,0.8805009676646571,0.3553865340953891,0.9347730650967045,0.909431706828439,0.650755053583308,0.9896220387044965,0.9349831665019731,0.5011383785243313,0.6404229692287827,2
0.45581323955244646,0.16020818669499975,0.9163121921822389,0.055930831568835854,0.9955173842814635,0.8691631382868701,0.9399750088670606,0.9976989040486466,0.82174231851713,0.40931200451475036,3
0.30959376602662075,0.9700586908417584,0.4101259748304056,0.4023116452235493,0.16557191311204328,0.623600196247633,0.3701263685677746,0.5562545095144027,0.28629457113390905,0.5682830946483005,2
0.41361893482506745,-0.05601396378389496,0.03096467210385433,0.2176000767374014,0.30380413669447237,-0.057782513335129765,0.3981808700994619,0.4921374157484042,0.639516443082604,0.3895109472009016,2
0.2669910302076969,0.8346919978659868,0.5456250941778474,0.8117061368164951,0.07027465415549095,0.958913349866702,0.6956883730051752,0.9166023873028498,0.676680673076193,0.8577816430469998,0
0.7634945097771675,0.04648018723450642,0.4311600864391661,0.33062267829919467,0.16592000488556713,0.7325365402931082,0.6509870507238893,0.6704156103377917,0.21373953012149857,0.7309949042196006,2
1.0253504821848505,0.5540120826178998,0.7448830164572705,0.5349317497289837,0.8820376094967134,0.35322477930697527,0.35920173277993606,0.6470208867737441,0.4002829645940161,0.5792542862260082,0
0.28161170384720646,0.5999161173001997,0.8904325441464341,0.6844186846772818,-0.10926818388708565,1.149581495828606,0.7444601596038036,0.6906031010868563,0.6669971471209526,0.6698530657228883,0
0.4162707763681662,0.14060505148749927,0.8382863203821097,0.03620184483030246,0.9344429708613352,0.7525496255706592,0.9811616992427763,0.9233340885787809,0.8490329721190706,0.37108820636313616,3
0.9971877162417027,0.9198334836420314,0.4101601872772668,0.6186840865928382,0.7953509662606915,0.7464382506044487,0.42193409273747945,0.15699549016447314,0.4052089038579554,0.4489617975220871,3
0.5024252682010565,0.8833664585040697,0.3596204103757746,0.9302594676878828,0.9119184212012668,0.6504835463827182,0.9927463044962267,0.941240082411782,0.5035105192140897,0.6413584461706283,2
1.0027440293411407,0.357038740222429,0.10479289770013273,0.27896711031846855,0.14106633232690374,0.8922841506392728,0.45874010571506574,0.5701138765952993,0.3849423946878918,0.7615282358687985,0
1.3413750942428944,1.3707292971442344,0.7419288332608917,0.1495915312529199,0.0718565908200357,0.8026242747349496,0.8228462236241546,0.680673095513476,1.4598001938558198,1.2036388647476453,0
0.3609667053323461,0.5643656908545328,0.116805285289491,0.3799332502896112,0.9198819359789921,0.11967683656251077,-0.002039487362422057,0.34224971216756106,0.3655802004093663,0.1743930110383952,0
0.6774188984585546,0.666605595611761,0.42781141774220866,0.10128853865938026,0.9467522651906709,0.39193089664292113,0.8341587586172532,0.7445635276048608,0.7341108448466104,0.676022682245315,1
0.5993419572248487,0.7394114647586458,0.8226303745820601,0.5428730273241869,0.9006100635504545,1.086890211227493,0.5073855205164586,0.19269684022417466,0.26758840346253654,0.5462621430800144,2
0.9346970225247687,0.11525038638296659,0.7148372186947529,0.8910283509039416,0.7911224203474065,0.43365149174678963,0.4711857354066054,0.4048240900169053,0.4657094446440398,0.6870566974965093,0
0.09416414001290002,0.41320385765870304,0.12210736895237685,0.5192765642881059,0.3324447663538212,0.6104089136488285,0.5821253692730877,0.05881951358731691,0.8029092518607702,0.5487143811386692,0
0.6098793478258435,0.19861328682480847,0.8599796315746498,0.019379260343623098,0.9820200404718498,0.9181656409550756,0.6922189256198507,0.8022137840188717,0.878210139868493,0.5862058520886746,3
0.41599745417566286,0.49115885841546214,0.044854849409676364,0.6195532247930692,0.6727595391116187,0.47287869597538057,0.65651072836916,0.24915634648528656,0.6839663053924451,0.1458861202948376,0
0.315211842777426,0.6610555407226654,0.20096155924565057,0.46789129412639857,0.4963300558166235,0.514244006106578,0.148264985183497,0.8056738224595807,-0.049854854026410864,0.426372174547276,0
0.3081899549876393,0.9713571525934883,0.4121264386135213,0.403889904145409,0.16474245804559565,0.6218996649466606,0.3691346221261426,0.5560062849963304,0.2857852027090924,0.5675604022861802,2
0.6739380645868619,0.8754454169256409,0.15278290420996216,-0.021084277421717368,1.0561418828117117,1.1127209342118092,0.9981785000009114,0.2948252990414152,0.11186461090608485,-0.27185457441924094,0
0.4790953048222205,0.8927191238252928,0.6740297417328875,0.4637535920408192,0.4397525820916866,0.7413015707455376,0.4236299701653904,0.7483687608442677,0.46341652168265046,0.8246750871639499,0
1.2669075851213578,0.276829733428934,0.6137272586238008,1.14019107717253,0.27019396388021955,0.1312130575658906,1.2396082583802772,0.769970796376207,0.26634011692499115,0.16047431030539552,1
0.9722990638065857,0.3846459269887441,0.15983551874630503,0.4320248158722706,0.11455368370273027,0.7823363887269008,0.32162503747741666,0.6059080513294449,0.2655001816152057,0.8513775966095702,0
0.09194961958316586,0.010420289308096818,0.43425293999451486,0.3943876537563088,0.1845862840182828,0.6072130855351452,0.6343494414126101,0.3707952070120543,0.4635330743762285,0.2655925810117793,2
0.8890680300793888,0.22036306231053,0.5162228495292053,0.9200603818927707,0.09076159874457418,0.12504392521943716,0.946825230765428,0.6149662504045881,0.5356847849396107,0.31398076919464074,1
0.566943378214065,0.5906918244210847,0.7356317275764989,0.3349494060144105,0.49255268912621875,0.6822045365220241,0.3812703156613165,0.8496074081817023,0.8910271318705815,0.3996388704462573,2
0.12319347012197414,0.3081509312546236,0.5039917063647902,0.6604506499608545,0.9392476309938419,0.24287861646090186,0.5910219665306742,-0.011787811118619276,0.5566685047528055,0.8232901889889875,1
0.041590949075726635,0.6440895490421865,0.36602710857542403,0.41615072880717063,0.47160765767308616,0.32824939740101905,0.08753114406055414,0.6847155376606999,-0.0929526853379363,0.5552834716139008,0
0.8869250225555108,0.2749376736061723,0.7299285804172285,0.9014113877893273,0.5961885866803289,0.17517473174998158,0.38324369158664456,0.43250757318534316,0.5476569840677032,0.49489274086260193,0
1.1127852568019974,0.8516965059147793,0.435017523006787,-0.0713616926395268,-0.35330047059276026,0.6502170532821762,0.12073526712080318,-0.5195907156533907,1.1979129552339423,-0.4740372371066285,2
0.6791720384042138,0.4278637108901116,0.8835462423923697,0.4825461957451608,1.0381292790042802,0.5058907498635834,0.9621647640937284,0.381213705619119,0.9071801743835706,0.2220824861333373,3
0.42937113148390404,0.3643781981801915,0.4993710075581267,0.03234518601575814,0.9266154217542566,1.425783484682827,0.6920742992647604,0.3727266821239183,-0.26731999216526325,0.7943129215757376,2
0.4024593828600501,0.040360515965116,0.05309741261348458,0.17068057078660615,0.4154727359039766,0.07727150090693727,0.48963461199373653,0.42053663071121467,0.5913816534626593,0.25134341697314994,2
0.03247095244381781,0.4749234935989701,0.6883662907759658,-0.013390833547012093,0.45011612621179814,0.4048718864249651,0.37453513481570294,0.47817614733170866,0.5400841464792401,-0.11533467298838734,2
1.1455217709258732,0.3744733779159686,0.5751822449164076,0.8833462484267625,0.5085296274816788,0.6056167897903184,0.47093386890430244,0.6188948954626448,0.28896076151967565,0.32834024727778904,0
0.25934160673378925,0.9332704036635328,0.0009177531064794367,0.5814832821350719,0.2191502642441093,0.7792577279562597,0.5523138873503166,0.7251631008887047,0.4546963826733218,0.3990291124764579,1
0.43424231283932857,0.6731263788655504,0.6605066555664256,0.6813131051176914,0.8382239546207733,0.5345332854647401,0.6206624257211432,0.914201521587875,0.8706422902631422,0.6832422712935686,1
0.7725043101609492,0.7666621711147545,0.32979677721207734,-0.03395407662369923,1.0191847706107318,0.27361920498384285,1.0317608095017592,0.8303848173441247,0.5383410186386148,0.5141185808831897,1
0.17315105006664025,0.6019039109751563,0.3469171302820341,0.4495769043294844,0.41290579151596063,0.41091470681381065,0.19657973611597454,0.7075187902065663,0.0074637720102890045,0.4615598695516775,0
0.10877198300486353,0.9136234511532008,0.00494996404717645,0.6248882317800523,0.3701818377899572,0.7048186355995114,0.6587189351263131,0.6923637460018546,0.35123154166907056,0.5267398178981543,1
1.0931435262325815,0.4157800089631248,0.5387108034491322,0.7880498575622878,-0.027591295903520205,0.34956152904909066,0.9865016000090099,0.5148582048082506,0.6752009014512795,0.44419382170402566,1
0.09913278306152568,0.18434535473930624,-0.04173958244684195,0.8616098051729308,0.8484387125189357,0.488595620304833,-0.08312063946288678,0.7062478427648381,1.0800391007109977,0.6346799822676434,3
0.4013238140915127,0.04009017078974952,0.05566244997546289,0.1703053439112628,0.4153444419194454,0.07614839582074756,0.48916219365539315,0.41996717334519523,0.5912947218760817,0.2521274247475287,2
0.3372019203309949,0.6395071753532912,0.6285354252934242,0.8856059866464665,0.7869505502769523,0.32380259878256284,0.944723749429207,0.7958835167216569,0.6141812010581446,0.12289986085910469,2
0.20218860512721923,0.5790988267620409,0.2626464694948439,0.5297361560460158,0.3009280427656447,0.4163560075702915,0.20870844707408667,0.6169375575182015,0.10901426654587153,0.4820779019913484,0
0.04204085415559805,0.8824507484478101,0.4697867888937402,0.36010451529544163,0.6860393812959366,0.21653209548766364,0.6690718098580599,0.23569288967061142,0.7753430597977727,0.26669613459391267,1
0.956657738283014,0.13257722166342256,0.3442170152173579,0.19301557222342286,0.9047212839205622,0.6353367448491554,1.0743782683219048,0.15962632144615818,0.12924101014399345,0.43872074759788676,3
0.3281992324552516,0.12073598218741652,0.009225659930793842,0.08182856191010968,0.48442900422886326,0.05576433253454298,0.541013884187705,0.46304098007323663,0.5130098570757929,0.20620241788996713,2
0.9521270779911167,0.32440827682359125,0.47865813460274176,0.8433390271839253,0.09658700740148139,0.21003558094761157,0.892607673702287,0.48303582745555707,0.5995581037526098,0.3225205624296274,1
0.8769058542875554,0.06199068477429788,0.35168846956454614,0.10216838791249908,0.8315641940208688,0.6279581786764827,0.9844903624901953,0.07055852427833134,0.20912258611459533,0.4306430686717333,3
0.9746351101513101,0.15081017511133993,0.8438527442841537,0.7417959562224374,0.5769640707570257,0.18770515863812742,0.3755567878470001,0.44268216946165007,0.4576915892836275,0.540968845480019,0
0.30901434819107443,0.9740179387155864,0.41352547961496794,0.40240294237118046,0.16329719411417046,0.6238223745050788,0.36972982601909327,0.5523056472511765,0.28568361714139234,0.5717504440391917,2
0.33786355263250195,0.3630835982998045,0.10369905942953295,0.46593840471339437,0.562343922155305,0.6271248527674697,0.5125970812080296,0.29825480311949454,0.8037988667167686,0.24933374202317007,0
0.19530324277040614,0.3700096831937248,-0.06315325152328813,0.389764948390401,0.45663959388361836,0.17725237220647577,0.34564757613211405,0.11173958313772453,0.5461914854877858,0.25368437516019576,2
0.9951175657799214,0.4856277690981418,0.6332968428925996,0.7415232394256543,0.8391388352444614,0.2633771822089654,0.9295725223764016,0.6382610739725971,0.8721396945808223,0.9019505144176212,0
0.4603821934500335,0.808980548771108,0.21467870995227095,-0.09864296518430585,1.1463680347711633,0.5591012165562399,0.6936841802007242,1.0580742817187503,0.4219734793454705,0.7150046986742702,1
0.4050047342835741,0.13029538713163324,0.3243423230730085,0.08930507882736569,0.2914977198785242,0.3526693678014535,0.27459615593644826,0.447515671419799,0.43918324402930653,0.09460516938888885,2
0.11422696439279588,0.35200303163553,0.5605598127897247,0.5544665206034544,0.8350518993721378,0.3729325083613299,0.6338542384863732,-0.08068859034791452,0.4582084355805104,0.892222930975721,1
1.00793187036747,0.444128339080182,0.6556580206067311,0.8519699308757771,0.36730097190872113,0.1624321297014541,0.46176076624504087,-0.0565808117857492,0.17687841941273263,0.6987539912952837,0
0.309909448731108,0.9710495359349632,0.4098017627432053,0.4025466138457753,0.16565554747149414,0.6244717438848839,0.36932234664962704,0.5554661335433988,0.28592158414571406,0.5675234073218743,2
0.10389940163203971,0.10476737609494269,0.2428031204754736,0.27894853387089474,0.7756466787722471,0.5216044309050011,0.5654587217090121,0.8926194722156038,0.6856159201690489,0.5510145676235715,0
0.8704170908188289,0.9243542092093873,0.49707822348828246,-0.1796924927169536,0.8529493026252225,0.3392649603107735,0.3338786441669689,0.15785331941692604,0.8464770264708275,0.8409758015158851,3
0.2487141984631494,0.7925544384207237,0.1104898951363214,0.4066045025172832,0.13965157245739107,0.787033874040039,0.4309321205255098,0.30148279626989405,0.07992524239835341,0.30190022201133526,1
0.27909715277922464,-0.1379477498045468,-0.10180123014055745,0.22909953290745158,0.22804243562394222,-0.040541704596038466,0.5032497968837878,0.608303288356023,0.420965408367898,0.43245910236705143,2
0.913528236713859,0.41792026041152264,1.041216944483628,0.3405245930116718,0.8221109996445706,1.3010237834273775,0.614171995746301,0.3014432933503034,0.10678712221605229,0.7033979540029456,2
0.9654341717368775,0.46351327030795336,0.30725607983018516,0.8716031812412398,0.14412984443396956,0.3571173942289485,0.8246658096107919,0.3917252234200526,0.6239309201139025,0.3789725801480548,1
0.6350994529906958,0.5918277548223576,0.5999478360989225,0.5202642664340754,1.015206886661225,0.9834437085073546,0.29904219303518853,0.1655524975750009,-0.014077121172925644,0.3698270252692544,2
0.13545836841300413,1.223973255762564,0.5663950451091587,1.1178404122080017,0.9391293609329479,0.49975140719071126,0.6974739392761053,0.9801982883245361,-0.10119276869439214,-0.0181703197995276,2
0.24599009464510155,0.15870181652932597,0.09283768399325251,0.9688599644301762,0.34435781550380334,0.3405210978839842,0.3988195320895736,0.5300386810328062,0.43816764743178266,0.21681893357981621,0
0.9199449233657601,0.32414359797738956,0.5910380051859314,0.9090678467218256,-0.03842090768538882,0.19565418988258354,0.7252342891764267,0.42904755984398973,0.4790840314761706,0.3472774876261399,1
0.29155035657520606,-0.010034462138567637,0.6638805379706793,0.19363109832159808,0.32198354427785886,0.8946489844350946,0.12945809287674928,0.9231262860524745,0.23163243417417936,0.5345605494781087,3
0.6649396588182933,0.6195165718085314,0.912162055363192,0.06681665871146016,0.9033060022452427,0.15696500467247107,0.2659218429641024,0.15828092496081875,0.8985131042007974,1.0190648121414243,3
0.0014744959884271033,0.40641771988868136,0.640631917031361,0.6074705573252317,0.9677711826231211,0.26254493240567295,0.6383671629881499,0.058509225511959306,0.5830401010974342,0.845038900218247,1
-0.03464004767864831,0.3409029326419979,0.356219561501875,0.6429539563673913,0.18288529426845668,0.2859131639075797,0.3364857309507357,0.6714500865451849,0.8921539539955833,0.7645936639801185,0
0.5054387202087214,0.16404496377105093,0.03818422644734504,0.17610694912167008,0.49955259026620874,0.4307520377208477,0.6561102545570174,1.203264186419404,0.17156814390985003,-0.040591585187183976,3
0.05522156131129146,0.8380721165017003,0.4355651902727194,0.3335348758081708,0.7021031730618672,0.23707048772521097,0.6281148668936464,0.19288773611602703,0.7650601293539596,0.26570808305130583,1
0.2522925589628751,0.017778546780191223,0.41172567200357346,0.31149580084901934,0.9523896657437956,0.3587630697403398,0.5982602074535435,0.9281182588413049,0.6616645437213613,0.4860772611767191,0
0.8594716541836047,0.05617933271518961,0.3751269338301892,0.09966316443979312,0.821528628965031,0.5959805807675059,1.0290505592018184,0.06588963750830533,0.2366368532350115,0.38723170705902066,3
0.3921405058727475,0.60519297842399,0.45269702004744417,0.6775588477550966,0.3498678756380599,0.523552901409102,0.21222964839124947,0.733381732548209,0.052317235960021864,0.377501892418741,0
0.8051168209690913,0.28909646780723913,0.6294877769362823,0.9239818209706887,0.3600669888392429,0.923113798711127,0.8437290573937669,0.2375071731290087,0.7634297808333171,0.09096412045280526,0
0.022870701503280112,0.12751982212197943,0.6565419842256349,0.7863147860344706,0.3582070950377384,0.591979790788633,0.3626333385775799,0.4145121509365898,0.6661580337181227,0.22185224221030994,0
0.24736758800482844,-0.010606660012904764,0.19300188150259276,0.24307650967999556,0.793021144304805,0.5473917238747725,0.415176157823799,0.9424101986870622,0.6810109511886573,0.42910941113862455,0
0.3934625241846609,0.26382971202517536,0.09318396047662048,0.49588802365544754,0.5511556697875026,0.49535475991906064,0.48932794492353404,0.36584472777606825,0.7000147045573878,0.2179290285163712,0
1.478480696652623,-0.43046662699501803,1.4430109648077005,-0.0472843804951964,0.7212463164014594,1.456653633779812,-0.11401564847456092,0.6598140531653518,0.4953338634769977,0.7249446255857888,2
1.0033739664140526,0.5618133607657946,0.6535646492601521,0.5859155686181411,0.8735681117299176,0.2930800361683191,0.436995855919425,0.5754341879369955,0.4879863144445779,0.5228082770333313,0
0.50059558678867,0.06409019745220997,0.13675656228053207,0.20250145662045413,0.5403037424504379,0.04726162058516965,0.48164932474411415,0.38399041598180644,0.4717701190557032,0.28852931422031985,2
0.042385178075598176,0.859846419998584,0.9131578450223875,0.28921329553590325,0.656879431503988,0.23151059471506574,0.4561028301100424,0.023323517451734797,0.8430795299365871,0.07649433930209551,1
0.46017771237555716,0.4435937984708261,0.055553394946646774,0.43940935992814095,0.5766720071161746,0.522183488173052,0.39996447286266623,0.18641514678842658,0.6706443931999592,0.22301517864214312,0
0.1869852185602856,0.12965755445763605,0.24755912439360736,0.2529659533120983,0.7531136253583753,0.5768007547264753,0.5085739535661137,0.9732649756317231,0.6095932948905818,0.5421025442025027,0
1.060380226211364,0.24682315191138066,0.13787554280350084,0.2333505451058297,0.19104801424091267,0.7572003629202213,0.3311510459765008,0.5218460604997411,0.4648360872116987,0.840975481502305,0
0.462044504259399,0.52518409047755,0.027262033398346916,0.46418874642428404,1.0347542958512836,0.14905280071731308,0.14960786879685706,0.43294388146811813,0.28426648431423335,0.18031927343836862,0
0.8527821290488571,0.7835392242398725,0.7498371012119781,0.06233935082025473,0.9118515566940525,0.1525889380264361,0.18736199724474287,0.21821433048101824,0.8222824340453341,0.9177815682989003,3
0.3093550349554908,0.9699322690703189,0.4103725513853643,0.40211896723502993,0.16544038066805367,0.6235541855005868,0.37014662457789493,0.5561971654606257,0.2864547034273001,0.5684755033464443,2
0.3138137667567737,0.9662620558165215,0.41190589168977026,0.4060954774851413,0.167217491966507,0.6284224153841645,0.3687131837955265,0.560909698151135,0.28553431339805796,0.5658581047764538,2
0.17307197605231484,0.8176091193588464,-0.03800426737149456,0.5262430257902646,0.3765773882888848,0.6880319542601211,0.6984316529875374,0.5707281684174854,0.35286708144398404,0.42830817055961773,1
0.6083516967859187,-0.09111985673949946,0.2217827964447309,0.190014969814163,0.7779788790889637,-0.3915795114654806,0.1219263046204192,0.2757057417188071,0.4195881857345449,0.6705970514778822,2
0.9355646242741041,0.8962655823834641,0.401590739467352,0.599623374565297,0.7177120213402433,0.7105034125505674,0.36964821957250904,0.21533932671173256,0.4298149208072417,0.4576320080096067,3
0.7753000008316069,0.7723879904390698,0.6695437272194539,0.12054663805755952,0.883668722747362,0.12345348823002054,0.1985418315680748,0.1126349515848918,0.7945388502531182,0.9397443671175846,3
1.0069872428096838,0.37246040528820185,0.022477756116441802,0.28942883287133614,0.05476363136902319,0.8322787899615034,0.4599759582911857,0.5435325535005169,0.305273551191042,0.704258912454772,0
0.1303183666207835,0.9692370973038775,0.43289025864510433,0.9125211771141641,0.9526155259243492,0.38574233464912555,0.9346261505507614,0.7293526441695763,0.24189308769352091,0.17899071080192283,2
0.32226482132430573,0.0348469778468152,0.8787709313360628,-0.20058705733084736,0.693583973647161,0.7244848174015939,1.0061065842934658,0.9476180667049159,1.0374540783813235,0.18301352121044437,3
0.9688318584452159,0.32190044739317963,0.333906039750827,0.1897007326508125,0.3365738476130364,0.882421638548883,0.30582375535082357,0.7860261288091037,0.17393831093048562,0.7159053382263518,2
0.8067719291771119,0.12101718228150471,0.6964207997687896,0.3257801604417693,0.04511342496479327,0.7694667732452753,0.5157425420730941,0.5852351987743662,0.15654351710326717,0.6499829751839054,2
0.8453406346469267,0.07991166751346149,0.31986295622270533,0.13265761662103626,0.8518244497548254,0.6369382520232872,0.9990168971491077,0.09929491970988472,0.23180761510572093,0.46149873568467337,3
0.4460035519062912,0.6843673283482284,0.6697132597023757,0.6705687892770575,0.8579977411556016,0.5245982747244315,0.6153726908417444,0.9207264830529104,0.8832691537157467,0.6972076196574994,1
0.2778706659500512,0.05506218644841684,0.6704862287094898,0.22813155528628928,0.30353340643934146,0.9163543131778394,0.09423575335103394,0.8943995584449995,0.19798941635058817,0.5741844963216263,3
0.6613153819711848,1.173174984021026,0.7868893913991843,0.5392326034527197,-0.22135695347355772,0.8787808845232032,-0.1570115343915648,0.7559840800994156,-0.06801482805197734,0.35181293931335367,0
0.900023625186061,-0.04368953592704379,0.3960092916951117,0.16514585652975888,0.7820730820990052,0.7147171562756156,1.0393041773573006,0.01863722419509751,0.26409401273548255,0.39872792161567444,3
0.7608000284792034,0.1106113653095403,0.5080034768081714,0.7046818284600559,0.6143551933067488,0.629449863183508,0.22042065187843266,0.3057322247200781,-0.10809619007121837,0.7404202082989906,0
-0.012671866608817577,0.9041424668134297,1.045261105071966,0.15620104598411,0.7784908454992318,0.15304212774694198,0.528365837996092,-0.017832872892353635,0.8746179970568405,0.189990468919487,1
0.8430562242874284,0.13911271743536605,0.6963345388450475,0.2899269432099284,0.19370662750286133,0.8240480972650526,0.6272178134247294,0.5107785605404398,0.09594227073520946,0.6731632304759774,2
0.44968965107587666,0.7617420113263568,0.7711843307249381,0.7547332114951664,0.905094919977933,0.5867625012918191,0.6860536899815258,0.9182601272892629,0.971674607292183,0.7690787178200746,1
0.7398765321610707,0.6196131381018293,0.4170826020544095,0.6732853152495151,1.3505736649813027,0.4966725684619376,0.06193194050450218,0.7432259753161284,0.23788044281894705,-0.014427286849983373,0
0.9862688001128957,0.3501721187677787,0.4609421818223756,0.8676072400403988,0.07409119218763467,0.23914455640714014,0.8663178714197584,0.5088348841933543,0.5814061435153941,0.3488857864064373,1
1.1935022269968447,0.10471255261508985,0.12431608301198749,0.6758126148570469,-0.1262804229938138,0.5409383384265547,1.1654660017000256,0.7610272377351895,0.33542013775096735,0.011268050739235036,1
0.502677375009629,0.4180428627420134,0.4976131720510462,0.8205694358298489,0.3277380573674642,1.055565058926796,0.44529999397723846,1.1606146982838352,0.4199860362566681,0.5231500381004607,0
0.13247885647199031,0.08965266449102068,0.2935412787731504,0.2795053480087956,0.772859840078334,0.5027912011049825,0.5624254378282428,0.9223949595724293,0.6853609642973354,0.5461953492028113,0
0.2981142623854682,0.1692227867472759,0.19327744118582918,0.6914882607477555,0.7113094391673028,0.7664426616883238,0.496581573931084,0.5123855799157379,0.8789282533258518,0.1296173742289632,0
-0.2451129775091599,0.44809111789661743,0.44066665075062583,0.24814922590099173,0.3916629256266043,-0.19198994871202651,1.033894770484339,0.8815634117267442,0.2736933750261299,1.0070144490030266,0
0.46745218267195243,0.5965748133898547,0.6741169696823719,1.0657810437719457,0.32547085265844666,1.3245960125066083,0.4771941503753555,1.0088293272081563,0.48564811219549014,0.7815684759496688,0
0.9665558498493776,-0.0018034319892751838,0.922418213901233,0.8486237082591916,0.5278110374276511,0.24109946876831767,0.6089837892054726,0.32974858817326547,0.4697623196466111,0.7563778685936046,0
0.7344357293519022,0.17862863128043302,0.5033166371083878,0.9147134527978809,0.7216149097711714,0.6892915192779085,0.5230900537875537,0.645682121973474,0.73522058994859,0.8867114497563381,0
0.03164860900276115,0.8872421434455107,0.9585610821631183,0.30282553488097397,0.6147238418539056,0.24519604801959272,0.5742083046098319,0.11037473119838728,0.9541090254320161,0.18912082644525002,1
0.627962132321954,0.4873890730753075,0.6616703101381022,0.3060715776954443,0.5549325296374269,0.6646063320736048,0.3888967294712634,0.8066192107616246,0.8250964597720247,0.35500788119652804,2
0.3111799864854864,0.9695329591052297,0.40932319130786843,0.4041164750050285,0.16271668536164666,0.6265411110329876,0.3701453156107157,0.5566772948631499,0.28492598405864744,0.5685464361517626,2
0.37839406878033216,0.3322735867141146,0.04998244173593128,0.42814386462843945,0.6066929724264221,0.6212078820183555,0.5624894774062558,0.36912303489734044,0.7229348374709219,0.281259822193761,0
0.6188161396830274,-0.006466132692424242,0.41970181509627236,0.5717431802169459,0.8719013278553083,0.5641045548111145,0.46661629599888804,0.4847924738701566,-0.09297935660014167,0.9154050158738569,0
0.3087025042534373,0.9693990874278623,0.4124425440583624,0.40003459712396433,0.1659015917997554,0.6250887496157985,0.37101755522183977,0.5554052814557132,0.283959484882696,0.5665570445489395,2
0.6281262375152777,0.5475421202931016,0.7211606680550973,0.28684417977248117,0.5217273977419783,0.6120048472748959,0.2633686771219465,0.7418492195847358,0.8278203488356065,0.3992211285220547,2
0.5041209620671441,0.2163733594418508,-0.20210090717213525,0.5167223770124307,0.7802833928275457,0.7780413784722187,0.2657989168804148,0.04544096157154531,0.9378676425006373,0.26266456591295995,0
0.7399348258214802,0.09850504555936844,0.5476020536602151,0.3016623974524737,0.009520934511961898,0.6497536176880935,0.5001512072941018,0.45487504964387687,0.1279695226759323,0.6140094911338985,2
1.1766746962774985,0.5068937808744864,0.39278494496684957,0.18146796351136035,0.5300449259520776,0.3268337751476905,-0.07508051488925477,0.33514123728332723,-0.0844258507118183,0.15892275490443752,2
0.6772776676653383,0.5296514262846674,0.9745099353127579,0.5406614450669506,0.9450757374802506,0.5019660719761044,1.0025676657762914,0.2999627447337984,0.9197054808718986,0.2700533230879848,3
0.38995774716868703,0.5364304106526084,0.044719064060754335,0.3792106142384419,1.0233249720495463,0.04395064716115106,0.14933511123655857,0.4038515949147007,0.323928531000487,0.1924054720697973,0
0.2563154903367819,0.28986821096971394,0.08338351112254726,0.46570860486881394,0.5051484649872232,0.4927555102276333,0.5116975537926576,0.38802281155853546,0.8357420075556571,0.23210571145403452,0
0.5863222244557836,0.6589699825094322,0.43869517410092607,0.48401328972137303,0.6106813020662274,1.2694913904743004,0.21959837768261664,1.2302224704306406,1.100738704906194,0.9420637105819099,0
0.28923853606715444,0.3230156668565305,0.8310215541429736,0.723605596308734,0.007188460079606246,0.30642356539490634,0.6375429469836145,0.3782720265418817,0.3474512780357327,0.553598629106312,0
0.8740221069081413,0.16916142549578228,0.4338936520109148,0.869646503233019,0.7211310033748556,0.7220516613035288,0.6013422058949073,0.6368261247386642,0.8334467696436372,0.8043013317775579,0
0.6321236529182672,0.44429409817952775,0.6721959654975914,0.3240842432409295,0.5045703625177237,0.6747090441322935,0.27211548765674864,0.816452363515567,0.8672319156328714,0.46897022829431556,2
1.0888127141043598,0.43363571919810284,0.7554356306985796,0.5510741161652147,0.8250053646369286,0.42697820139369386,0.4429010894864274,0.5472136137026933,0.4820406103289207,0.6276173088464458,0
0.11898006331504532,-0.07567747462084853,0.28195570837756706,0.442643541358343,0.12067892447703511,0.7365623085997042,0.7671815772405346,0.4223134670221237,0.44061340571420904,0.30801912751959165,2
0.7240993324417322,0.5066310573549578,0.7812050094674701,0.34657340837848366,0.5945369681906215,0.5710271850514934,0.22614586628368344,0.8840696453170562,0.7058589966672963,0.4177855094814326,2
0.994447125486939,0.2433089541990694,0.5746795362012063,0.02271668221045925,0.8681161408043969,0.5614195136308008,0.8477347047983882,0.21337215058564893,0.09762371710483353,0.5968302238916171,3
1.0203507407492396,0.5155233885747972,0.5163307250191158,0.8129741289374183,0.22717787748866208,0.40042461555614606,0.8596741646866931,0.4258498957154745,0.7039068690449274,0.41555895305067236,1
0.5954042781872009,0.49589632132016714,0.6882761171359723,0.2429094952988451,0.6045845422878762,0.596469279618893,0.361691548554322,0.7891583251348211,0.8053268508337769,0.391024946116336,2
0.2858917225503318,0.06717689637680124,0.6482186122467315,0.2196157197567189,0.3575057925979067,0.9553365795859763,0.14082195289928792,0.9229017458519049,0.20851768888687616,0.5494340725922066,3
0.14031840634926956,0.2924302307787398,0.7055311265597501,0.6296065405085911,0.8819414016413211,0.27098234430395685,0.7108973288806081,0.05511670282909446,0.7751054407517282,0.8905576326432291,1
1.0413067963316613,0.33323486271796454,0.49198077964454234,0.8643928674944245,0.03205155519484143,0.21389285049773993,0.8163754848348935,0.5840309521645501,0.596084160109107,0.31357957919414303,1
0.6843974943840008,0.7200438212422317,0.7078855505156818,0.3435059155868294,0.969899216177301,0.9197605945964782,0.4062868068345585,0.40775325281842445,0.28676631767622446,0.30889774561481637,2
0.9094521397359445,0.035754447635485576,0.7878383672123994,0.7172329712488723,0.6679349183949091,0.39777258862454995,0.35455462691792516,0.5005061047759256,0.5028246331846695,0.508971807822882,0
0.07106093224600771,0.9421585565441717,1.0476245419649126,0.2149429157498749,0.6162898946510351,0.16050451632281798,0.3668756013910424,0.06881079692646605,0.9740324924350674,0.21653253834835617,1
0.252031978796244,0.1613847031493005,0.09828704454808311,0.9753290684791436,0.35157450027567616,0.33721405329889875,0.39741978411848256,0.5306666959662062,0.4372127854466062,0.215990618222161,0
0.3075206325339467,0.9734366615091513,0.4101679151996986,0.3976198177956789,0.16091385705981157,0.6259129037066067,0.37386533364069513,0.5578087678573472,0.2837953804457907,0.5640109978795289,2
0.22248089438737295,1.025148535233306,0.4764086920188058,0.3541122761511811,0.5118909606101734,0.4269177689979844,0.8228283439676788,0.03158623433586269,0.7608729712354757,0.2545553133076249,1
0.032538374873241155,0.17630074566569376,0.6784099476240123,0.6663910637107684,0.24162179940527972,0.46728616572195386,0.484297816785782,0.3463217486224756,0.5918616775718339,0.4027842430100121,0
0.47559938354080955,0.13892197091074127,0.08105220536740812,0.19853960676843682,0.2813212305420553,-0.04978771140910951,0.6934704758185739,0.6258631486769817,0.4276179013100397,0.38500312285485505,2
0.02968411560232225,0.35031725250776524,0.48470370702589033,0.6108097385513696,0.9145184176671084,0.34523478084825054,0.5912813331930403,0.05146512744818538,0.621227457914876,0.8821813092023124,1
0.9944902764511718,0.5642417252129281,0.6137363947141593,0.5245784770612638,0.8502231581820717,0.3719018945819289,0.24312220214336405,0.5437557481643606,0.5080622589654852,0.647669815135513,0
0.944883355540127,0.350693767935788,0.10048446668513783,0.35923047421309856,0.08673780165618827,0.8228925886971783,0.3711513486313719,0.5126625448381218,0.32165365524102324,0.7487707611784816,0
0.9899458368949121,0.3625706720840906,0.1179581503709948,0.28369514579300104,0.14211666797174638,0.8718926287328371,0.4447043502445022,0.5098782467520454,0.38558289100054505,0.7387398789119164,0
0.723823140211723,0.6107057243112483,1.0730799711078025,0.21318300614574237,0.9421109036041467,0.5850513100701574,0.7258498674675059,0.28879388980706394,0.7950231324551641,-0.05198598540036564,3
0.5225305645859835,0.42079605602885084,1.0216567927892757,0.43740623021163666,1.0215031410303568,0.44213514183486535,0.9928199761301273,0.35893667189224693,0.9054497195085566,0.33458947761065866,3
0.11132778288259015,0.9169712755623862,0.45267744376601343,0.2822283788936667,0.7156487850331124,0.2872981541422931,0.7078507809536387,0.27499930442318016,0.7724344376452515,0.2421848721200128,1
0.5788855519983733,0.014602834335884718,0.07556936365632061,-0.02049119534084537,1.347815052512177,0.6056257399442749,-0.05517324539577151,0.2382153208768265,0.6122014023327761,0.14203831498222497,0
0.5004229607456434,0.8815409817986486,0.3559080421304673,0.9343077216332355,0.9097346866300963,0.651143919375142,0.9887334445150393,0.9354821714822358,0.5012545650640491,0.6412622860911272,2
0.1830319892248345,0.19779979583576057,0.2764221344500509,0.3523149458335301,0.8439269595502199,0.5725867725047878,0.6403020278177971,0.8849540499620142,0.6985727581590019,0.6465625092135229,0
0.30957947898412075,0.9700311795451761,0.4101550090301606,0.4023084186100233,0.1655454200120838,0.6236039793106614,0.37010271560548924,0.5562419499760554,0.28629001399742765,0.5682968021958452,2
0.884248559192215,0.23234562744149462,0.7194607835292153,0.8285226308714568,0.7332243671338965,0.4184265274499411,0.48694081652337484,0.33872944279041534,0.5893622174539691,0.6710962118718392,0
0.4902660085576103,0.8865685613149176,0.36888217573329196,0.9505918735791113,0.8917750658404462,0.632897291955024,0.9850267955644847,0.9452260487788949,0.5024908333563383,0.6446739496374816,2
0.05103156406922304,0.9231115849477577,0.9854035395920226,0.24612248080950722,0.7057592662673232,0.14554032202115583,0.4462349129897879,0.061567583742528104,0.8914468486685139,0.14023954550909135,1
0.056185023823876606,0.8656768741852007,0.44496474131269825,0.3085939764752482,0.7073421345405626,0.21806340502889388,0.6450466209525202,0.2251179176968515,0.7825487447310298,0.2705012097790714,1
0.8598278617541601,0.06617125614188968,0.35141304571262183,0.11798147715250772,0.8380475026294409,0.6264063357368653,0.983801407510193,0.0659846982328569,0.22683002246637668,0.4421988194058831,3
0.9695478507911788,0.5111059169752707,0.7023712327355085,0.5951733615576633,0.9908912391227217,0.4008896742345038,0.28719220371230314,0.5975149019723445,0.52659581129195,0.4885447177210727,0
0.8982059255153398,0.6928023890497361,1.1751039186321397,0.5968200489168363,0.8670504621236715,0.6415929565356095,1.0360431706043625,0.5284315260948995,0.8230547513140654,0.28342397825341387,3
0.14903098842025259,-0.3451018059976123,0.9274609824707566,-0.287752081854012,0.06706134708267855,-0.23985130736700733,0.11521920900784038,0.8973774684673229,0.9527135962107589,-0.05824003280715728,0
0.6956414868673573,0.6890641772981981,0.38849207228668026,0.16668146863119532,0.16644745586374143,0.6406333823981414,0.348079792967482,0.7116102976675203,0.1790652686001516,0.6848264085875672,0
0.398855204720847,0.03714440314431742,0.058263257868817,0.16632234238887342,0.41442573906489644,0.07647934435677166,0.4871442043259844,0.4228794147599602,0.5946062024896971,0.2557459945208256,2
0.8463650288908728,0.13672382307419073,0.42798617409337825,0.8709255008703388,0.7193081511289285,0.7413988501046253,0.6032889603934508,0.6210492603039377,0.8269765937027701,0.780747019660772,0
0.12833383963227457,0.9155909345973077,0.9756610352451452,0.16171826750650628,0.6791133312634249,0.08316140553670906,0.4607698367680351,0.14287264328810434,0.9539531253237454,0.20667845943458907,1
1.540553871647551,1.325970675357592,0.736577496398358,-0.4866849877418177,0.2979425128858028,0.13885131794796612,0.34449856887567776,1.0368272492317585,0.03969825369705193,1.1247199083682042,0
0.33319933971047716,0.6704894309042659,0.18177759886060949,0.5897205961930585,0.33887527001890183,0.501074938124127,0.37784565058180386,0.8061018201191705,0.1532093367544682,0.3352742587343033,0
0.27810366839137823,0.3126885702930252,-0.23564266987060112,-0.093984878898549,0.5477138902979808,-0.2312509882357346,0.26105727719605265,0.5022083565813469,0.5000123869199578,0.5062594060942582,2
0.2291364789015228,0.04726713361690147,0.702552047237658,0.235002324385452,0.28954074373660166,0.9497818216759799,0.11915184319393195,0.902676220293465,0.18485074530366782,0.5355652871232816,3
0.07022006001635848,0.22606759351411254,0.29933698025314104,0.1708966564881512,0.7576939180749696,0.42418949718985777,0.5040359270506656,0.983570934552555,0.5984212015502486,0.5846467419927179,0
0.3089866423826364,0.9705601469168972,0.4108224910567532,0.4031344772142005,0.16462312513624427,0.6227979133137328,0.3705215251406373,0.5560126484187776,0.28662633535881477,0.5688712951125191,2
0.4382229852162646,0.19174202746006513,0.4517204977448641,0.7486591862411036,0.6338950537710865,0.5206746792283932,0.19203268362954273,0.7098275945123408,0.8247892156977957,0.6989637769634279,3
0.3132398034964267,0.9715089592943306,0.41114581366140396,0.40387890007365046,0.16770289140386782,0.6226111612921509,0.36686514363455175,0.5568483062370904,0.28726858305251607,0.5673231093070197,2
0.6844892841923903,0.6246756731292912,0.34088263084159764,0.6740881307913361,0.03469350959563281,1.0261114839715395,0.6076597419785172,0.17700482103542417,0.748032013114557,0.2030014365468807,1
0.24297415966116326,0.896422017388953,0.6542077956907031,0.966873195361805,0.4011395935023323,0.04464005721209147,0.8878398366047298,0.45010300152228633,0.38561098638154556,0.5893329859382754,1
0.4380713401141747,0.125021190879979,0.9637782764666982,0.7723716195293606,0.4250975935673628,0.4180975598876567,0.18618969916871764,0.855918835280343,-0.35113963699654316,0.5241080911083534,2
0.09050412920595757,0.5573890981430001,0.2618348355962751,0.5105304327310835,0.45422467372965436,0.3802028388492747,0.2882412790211205,0.7101236540179531,0.00958586848511293,0.4024218376079131,0
0.10062768149949475,0.9277672478461727,0.5437791791144242,0.3199925880905076,0.6739564218186314,0.1781690952583223,0.6856495636259652,0.20609467088460973,0.727663879838229,0.2194753285336314,1
0.4028622124418867,0.28138994612585205,0.30689041705926795,0.6174251909152535,0.6389718505086533,0.38033957833021537,0.09118306673691208,0.8212156131582475,0.9879450600292958,0.8171085161524041,3
0.39113548350426663,0.3577051960024343,0.03359306047203615,0.6161484537989625,0.6723980232867247,0.5299254682761383,0.4403169979268344,0.33294454984480487,0.7770843296551998,0.3127756863950445,0
0.30866228873148266,0.9666141225279096,0.4108877111779695,0.4013176120360884,0.16318864090401358,0.6213567823779206,0.3716705415250556,0.5532690174081504,0.28563388866060907,0.569792192638235,2
0.0025403957673283024,0.48195646653872626,0.60312608507188,0.6635679307954416,0.9748735786684632,0.1937061816933911,0.6703839528287598,0.0795307419934242,0.6387064590717526,0.8184226835406854,1
-0.42945805137952636,0.548172718860892,0.9286303941649511,1.012924160374695,0.8849636059281294,0.7090110078074985,0.9308070018369938,0.7261018356129166,0.17906775384682422,-0.31475424309257655,2
0.38930146882312466,0.8225118923969601,0.5108137681659207,0.40551306392174463,0.8532058128310347,0.7226155444317051,0.3491852670581067,0.6599990466537121,0.4543830948204993,0.14216798754928103,0
0.25445374603676346,0.46138022387610034,-0.10448503298881204,0.6713344542820826,0.7186854728313851,0.7663634027102548,0.7145663346108861,0.327109721107338,0.8609093102502248,0.29949848297909343,0
0.7798591539650537,0.7650225301014636,1.0234167450497964,0.39874709977099854,0.8783152986131608,1.388400561835144,0.09164322819029408,-0.14578501800017446,-0.06239362917733521,0.7254927793140373,2
1.0504996657247732,0.3160264606597769,0.5325255552012295,0.6046318620747331,0.8841896548191709,0.34319601352072865,1.0335737861569045,0.8184906630976891,0.9351194505395766,0.7643288867878251,0
0.7466119108144894,0.8565710847734547,0.8320719842804976,0.076745696563249,0.7940986538812009,0.02478642708232305,0.32115783342559234,0.33648031090853403,0.9560862054303249,0.9459865194808805,3
0.7840051243253713,0.26611323598649167,0.09646906214568263,0.428958237311723,-0.08051182341133631,0.6919969276594294,0.654688406067054,0.2981461444390817,0.0747682637156471,0.5589193588653326,0
0.4074446597344045,0.5788940295969389,-0.09085263019601145,0.9515914694268839,-0.3140093715724962,0.6388145192145592,0.9428099783301311,-0.10567191491632821,0.4726668179352604,-0.20581608102797477,1
0.07084965853300676,0.9869675489557951,0.9697352488429647,0.1969961998939625,0.680129753508723,0.09985657688392292,0.500031079297389,0.08536025042781019,0.9418909538969714,0.20229366475068308,1
0.3745062675520036,1.6258914289980002,0.32610948821783176,0.04489405300847704,0.0768338199475942,1.2557871304926427,0.2686298756029522,0.8171584295229636,-0.5408049571741136,-0.34852975516075557,1
0.6873343195000806,0.5263142965489391,0.11578699163424175,0.10284105660956333,0.16029349301316714,1.019005296649528,0.797024569684372,1.1511437466041126,0.09610613265364593,0.2714503788804343,3
1.1888969105515172,0.3352275569086889,0.6504053449572146,0.5214731492235596,0.8408860457278906,0.21972034219524766,0.867680284272689,0.5125239641502717,1.0969359811124408,0.8700745147266964,0
0.012969178287815016,0.9365265586486137,0.44001766288459804,0.898075395163265,0.8102404546541521,0.47488626810090007,0.9774877369183846,0.6386269350921046,0.2000677891489192,0.1934075715480293,2
0.4388988161029768,0.7887659939557268,0.2772038919835771,0.34438338130571045,0.9650680456073625,0.027835536562302532,-0.018211474248649093,0.47572170317901774,0.520094205872693,0.04588545872307229,0
0.1031552263563913,0.380647626241122,-0.11256331260201985,0.3741945842857376,0.3520024498838169,0.5720519537474336,0.4678813798782695,0.2504197713565011,0.7084449118917866,0.27336795624319615,0
0.636864002831494,0.35698714813000104,0.3199888731701097,0.6328305056329845,0.4559982723639462,0.5819813055718369,0.19916062759125694,0.7376226476990987,0.9680893256193817,0.8620465061012231,3
0.06561667416948927,0.8592730984642465,0.4542757301010334,0.3266523628227886,0.6869656296202253,0.24184477357546486,0.6340551374615315,0.21554747038552854,0.7816834121634988,0.25882213213147837,1
0.5571275261406607,0.22804231789659685,0.9263454488069622,0.13602746259492504,0.8431300129624001,0.9295068831442745,1.067427233258919,0.7476748794356576,0.8695940149121627,0.4816589738017685,3
0.19978619775453813,1.0531050247772993,0.660205918503787,0.9014073787168205,0.1876862361199784,1.2192206923002344,0.911409589283978,0.7654883776797938,0.6405998629197706,0.7922768643217523,0
0.042600809750484525,-0.16446960046678805,0.14105126166022802,1.4455786608335026,0.20523277422540726,1.200249598248865,0.35999460630704705,0.15512231350377925,0.5537853768393732,1.15755268798332,3
0.20563778775436942,0.8622310127707418,-0.06833487937921721,0.7406705363000459,0.25353978911281044,0.5869342509718927,0.5198800153498732,0.6712453219440822,0.2973011557669298,0.41777356943200883,1
0.3098550558234493,0.9698037382761656,0.41044160267161306,0.40261183726062555,0.16556387444978124,0.6238719974275754,0.36988237549305053,0.5559412533728908,0.2862500464386138,0.5684655013481552,2
0.7592758728448477,0.28678124627476864,0.7044032669191002,0.9264055469757388,0.3778659865923793,0.9387308266006965,0.899421417024526,0.20934970641137146,0.7815287046920225,0.09973252734975413,0
0.8674536460193424,0.5234143783673,1.1709073847387323,0.5919593103705797,0.8046312006480265,0.3644789915350152,1.0253352410217111,0.14245284408816006,0.6488818187017552,0.2236650083896741,3
0.7609460575069086,0.04247027817403763,0.4906295217339233,0.6408186053642919,0.7356301245812935,0.43307799643960737,0.3871016023225015,0.38558173605101626,0.030790247982960324,0.8324735761254871,0
0.18559928041080187,0.922683726359554,-0.06329643755711364,0.6096351401096389,0.3956225979666162,0.7525865645111156,0.6911301890547725,0.6810590737297132,0.31557833457936824,0.474810789365798,1
0.15967435314196426,0.5907276583275185,0.3581535289014154,0.9556021394054285,0.31529285273500485,1.1061715398888337,0.6241861180639877,0.9817558161967594,0.5678617594899873,0.8095813243459262,0
0.6133245636725403,0.5142153389714668,0.6804553296759527,0.24763224464306968,0.5883444124792014,0.6183822093474014,0.34035939303619456,0.7858848762672574,0.7933162687278142,0.36721732033760957,2
0.09128812068546714,0.013191725576630852,0.4247290833893982,0.40796960171076574,0.19255109156152245,0.6091723228934819,0.6396902605365513,0.36098926620467575,0.46652575912124,0.25852526647153323,2
0.9635836326353465,0.17909233546831954,0.4808776053063042,0.03970974707060901,0.34277930930224215,-0.4567677566310636,0.006660905990926058,-0.15816762028135023,0.802709039295724,0.03318665199356363,2
1.016046430904575,0.415778721329163,0.4764514726325214,0.8337826994713569,-0.00508446353620623,0.1601524009793493,0.782923317879166,0.5406555755551713,0.5829419060408674,0.285704540243057,1
0.7547099930989382,0.7148479797747717,0.0003869435526969167,0.5888592342161614,-0.012047940292167485,0.9405337096506224,0.43626747105171126,0.1382584562392672,0.7502469893416422,0.16210399789930746,1
0.8853114200556933,0.05466576216533403,0.13898633647205072,0.6684940131558901,0.6018931488960746,0.33929128447957546,0.9932431062885705,1.004009083729594,0.9208341740993198,0.12719781770924743,2
0.6118357486000023,0.5238308644843847,0.6813684962558286,0.26659763065605974,0.5672214660295344,0.6319829637706527,0.32790065320967005,0.7767426785465136,0.8135835491218255,0.38978333731874715,2
0.6113327615428551,0.5114835120286219,0.6811174143477029,0.24748124506048658,0.5842238621974184,0.6170432711876287,0.33763758405344185,0.7866908769065704,0.7982451531450924,0.36804616868047274,2
0.07736659903351834,0.8622194398378452,0.4449110470689225,0.3061935542872329,0.6589944709173378,0.26597038706476156,0.6806875699873203,0.21619488062846418,0.8396498271630892,0.2526953786636286,1
1.0348359417614024,0.4581231000061733,0.7764777047037611,0.5717636511729332,0.9217578202127672,0.44272626588971775,0.35866152722309336,0.6495847167415674,0.4545695474031264,0.497575938349789,0
0.1403065859858811,0.6183376777036255,0.32678505301615685,0.40448244398149935,0.41804656423220266,0.46911325804922593,0.22299932099703917,0.7539784568049783,-0.04619767163745109,0.40019131681154296,0
0.33106096833768417,0.38894779126299206,0.1278856182369804,0.3463576024805909,0.6844488626060832,0.7262117402938244,0.5435195177744533,0.36520764236698716,0.8479730162146389,0.20833475614231584,0
0.9872467846278975,0.5070281474504258,0.6145075316298154,0.70941971140571,0.7994484934541134,0.2575847781943851,0.9308572402662574,0.6789598505552769,0.8961920271657419,0.8891974707866925,0
0.3172804996039963,0.8353196661452167,0.6068842393553341,0.590356735813002,0.9163866925108333,0.49841247382852394,0.6405862874614818,0.8528069386194074,0.8757151384373276,0.6310070633250356,1
1.0685699510897013,0.3477477125307885,0.37373093840926336,1.015125289165044,0.11954834371290249,0.6038852998333571,1.1598566415522475,0.7080588849294636,0.24806915468301455,0.11884023713443004,1
1.0386916176456493,0.31927182246083785,0.753964190299794,0.8434745942605875,1.1661686328905767,0.03710776566862775,0.886186257706616,0.21917910765689658,0.7021120872446275,-0.2435301919893198,0
0.08590110528204181,0.7959816720540527,0.38458294117089964,0.6808942029341862,0.028091281448093003,0.8358927238806997,0.6374651886346522,0.7648618599752409,0.6352254052611416,0.746165872124203,0
0.0651435733465558,0.851345429140274,0.4171147185977581,0.3340836805006382,0.6591165950248781,0.26995752177776194,0.6224646435282228,0.20431744636376323,0.8042806524915133,0.29925849247663705,1
0.7592620519621421,0.12035076753597237,0.6020237610222002,0.29309327493982873,0.03581175379870136,0.7841969860117455,0.4097534076835013,0.5909030331723157,0.17516791431683731,0.6001102800871054,2
0.080256565821653,0.860978542919173,0.47402140017379135,0.3413535270141158,0.665751638630869,0.2692283145648767,0.6565195470654382,0.19659494581939388,0.8078601812584882,0.25814893555153073,1
0.22960121640519032,0.05021651170817492,0.6548731563223584,0.21370153024261834,0.3173814001763693,0.9031389203703173,0.0941589051541884,0.9463637154922043,0.16784456278017323,0.501125917939187,3
-0.18342915459639045,0.7322756214964452,0.3902939791439167,1.1175826465523504,0.683333730753788,0.7010318753838028,0.7572115355295839,0.5973809924883129,0.0008847883187636518,0.3904834564829677,2
0.9072412509546266,0.13789621525167212,0.2102847963978437,0.5826649916337209,0.4687992089346471,0.47776278633119673,0.7607674764563198,0.8419316732718812,0.871051724853875,0.15852857864636583,2
0.19380611652294075,0.6796153276143405,-0.26998164262347274,0.7490650686087967,0.2778251124017687,0.5517428698952355,0.7542062570951936,0.6561697133331703,0.44410726358718716,0.34499764730042226,1
0.19765289553483684,0.2561496720990276,0.8384662047242126,0.6609650497185852,0.16516221461753983,0.65812512654195,0.5656935864262778,0.4778250429685095,0.5308184377005857,0.4129603591300252,0
0.9043078927405801,0.1509789868941649,0.1708702776311293,0.5595198417421219,0.47926098520002336,0.46435838322984097,0.7149686868962702,0.8220844152240014,0.8742677926983192,0.18686376324979204,2
0.05861442752444912,0.06457075430100148,-0.24327941376865364,0.06906017815234804,0.3729297024925656,-0.25793544966498644,0.30654608187453714,0.5180631075794905,0.6652885887135066,0.24257826729433418,2
0.6546563971110533,0.6562429468589771,0.5993847184342758,0.16106993058883207,0.8143472525824085,0.5102778145440116,0.4822311877282684,0.8843768120551123,0.5012143962347066,-0.005132367052162589,0
0.24490459388110034,0.08268485617128842,0.7599301578910006,0.4400707208523898,0.26744172344099465,0.27152980245971364,0.307770137572007,0.5099287123560848,0.6609722447608332,0.4114104548699645,0
0.04832145629680587,0.40155361055719124,0.5648757578966445,0.6946903574609219,0.95715421497802,0.2750772515931236,0.6396581551703617,0.04454266428870061,0.6478878697350434,0.8890473265928529,1
-0.03472639325175865,1.008147374939599,0.5804460924167483,0.29696988958994786,0.6980845556909594,0.2680443431777095,0.5536987264565674,0.20068226025496377,0.9072387456378036,0.18669928025809288,1
0.3066676939853992,0.9713797067815505,0.40927988746404015,0.40439106223390764,0.16823336977515657,0.623568362963853,0.36902042793301987,0.556072686819266,0.28657991756858026,0.5681617142946837,2
0.600878895768898,0.4768251003576898,0.9431806320576119,0.9016829871631635,-0.016887152161324304,1.1265484584994527,0.7803030817621429,-0.19542457456849494,0.7181351346018463,0.5985326992840617,0
1.0376611804417868,0.34141777778405086,0.38370841171947323,0.8157602902531477,-0.003764460873684511,0.28281339053900395,0.7445184069654374,0.5414019418853067,0.6234687282303721,0.35290661184381883,1
0.8454215784467942,0.36011573332967717,-0.02956235323849561,0.44619192663183677,-0.02316246460511484,0.7301195472586943,0.24949663131509756,0.35032174692688645,0.5492736386554817,0.6386307674644459,0
1.0155173404805018,0.3419549423063101,0.48383981810473486,0.12301757409746877,0.16242146992303047,0.8653388320843062,0.584847867072122,0.6605440157459295,0.3831453430814405,0.761697906418386,2
0.5868061037384202,0.7613389185506898,0.36481209952438964,0.08874112189837409,0.8963219757777758,0.4433059928646735,0.8940049335963369,0.7542724187652884,0.704373555395886,0.6989040072216353,1
1.0098999054886513,-0.7964563646709807,-0.6522586949257628,0.8631900389013402,-0.03289467550212094,0.5522980454865261,0.5585892035244142,0.9929787849238455,0.3375163572493578,0.9217349201677597,2
0.0018533344384848542,0.3769411046024402,0.5441041545842857,0.6750414892778371,0.9729361558703989,0.2672788157412367,0.6559180180239894,0.0014251836086070085,0.6175702324565362,0.9077573693488149,1
1.0642987743620786,0.056071150427376426,0.9239255614806976,0.5558432906568089,0.5040677948520519,0.5261949657107916,0.7122039208321591,0.667654462031215,0.3500481010177856,0.6730470500007122,0
0.9416510476759086,0.38821728743800255,0.1398199590251052,0.25561248278801374,0.08795415469091249,0.7980603699993606,0.48829755203009484,0.543773651714867,0.4344375784718106,0.7102438564535682,0
0.31865874120571475,0.3175036714066896,0.0395648378833961,0.48049872656074905,0.5772140787263265,0.5583595652990743,0.502163948547457,0.3203117700994999,0.7385107580968281,0.23955864861413884,0
1.103947870001306,0.16141465852890668,0.9889917568870908,0.792675411705354,0.5846897828517418,0.41268170052044384,0.42851503082928505,0.31857346613280346,0.5223381893239999,0.578608112380281,0
0.08869702979824737,0.0033045356907406,0.43939397258528723,0.4012431549942094,0.18672504292813122,0.5970325568267626,0.6324696420110054,0.36918215787657555,0.468148407242753,0.26616203511712655,2
0.33490551361450877,0.4638012197605348,-0.0018838069167271265,0.41229383415832155,0.6490881318884919,0.45897527826881973,0.3999942572220032,0.3745851792051505,0.8239891495834313,0.34008876208312777,0
0.9684271370900369,0.620664952042613,0.25231763355726144,0.7689435879348103,0.2933267666000027,-0.018482371333693015,1.0525069907848754,0.7306917173087875,0.893484395819511,0.46104678370095664,1
1.0041441738534782,0.5946808276077902,0.6984140296930625,0.5530622452030947,0.9772140784785251,0.3910362544744965,0.36868894282714304,0.7345549717235367,0.28375390640208886,0.4721008322288258,0
0.9554339151779924,0.5392481842157834,0.6822924739478439,0.768200794702108,0.8649507752832545,0.270926309826248,0.9383495049274786,0.6246407575587818,0.9067217037347999,0.9066948765775729,0
0.2359915183753227,0.40531049918496587,0.3418678701302522,0.5378187106465384,0.4627267207683693,0.2854618422787419,0.2596770333015222,0.7366673972637998,-0.14132456941232732,0.4523615740882972,0
0.5894737570294668,0.6651847696107485,0.4352689480513743,0.06361806099075722,0.8533918586799808,0.37646662428505406,0.8747123737026853,0.6626075300478633,0.6873092552230304,0.6296356810656483,1
0.2746655950730261,-0.1887759643752106,0.14156613442437782,1.1276980591835355,0.4090865641393606,0.35826386458542414,0.6451120221246693,1.1707138833634785,1.024592641733728,0.5214889628950151,3
0.13619593112367623,1.3129259766693084,-0.4425799926119195,2.0393399707109214,0.6923174073519893,0.02535538721144026,0.803373338122762,-0.1497139120138139,0.026623454959446402,0.5144305117330535,0
0.30905722007897346,0.9694907937656007,0.41063172362070743,0.40379394424681764,0.16698889857191365,0.623900688140704,0.371267559602336,0.5547627566517407,0.2867904996521352,0.5678959352872,2
0.055368194749278836,0.020460671067635938,0.7662708951740991,0.7317079815583902,0.15583451216503288,0.3933214405467667,0.6491257835438448,0.2272246874356142,0.6289457882663746,0.41257680191899054,0
0.9343492931478933,0.25222214622937145,0.6175988840394293,0.9695222999699249,0.21360618636833523,0.1761348667850827,0.795138392662507,0.4626918298120395,0.7327675423190643,0.183415284174929,1
0.09749354714987388,0.1865462860126512,0.2780110296491891,0.24861306863087276,0.8370798459236946,0.5021134615664928,0.5184569240144974,0.8271387801969879,0.627470555517781,0.4679396948970609,0
0.8706405187058218,0.7827657787876515,0.8297136218219605,0.09565027578912254,0.8037347373193595,0.2725365377418636,0.102416215935009,0.17854997779063556,0.9146139781225671,0.8483929201170648,3
0.8145536076811041,0.06261142881404458,0.3177425975842378,-0.006144142605644928,0.9004479355550142,0.6449015287621773,1.1215957253904563,-0.02128578348340658,0.15016687482068775,0.4575141663840192,3
-0.0249199413282069,0.4004434575318287,0.5756507042586827,0.643256533111434,0.9117611114705292,0.3146342817293085,0.6191881896946193,-0.04083685675867009,0.5851168261404208,0.8776171727269308,1
-0.2668241932756905,0.5017795532612151,0.5091586982304894,0.31481810074307043,0.12337867928858451,0.8772790354179503,0.7910477704532315,0.4779144114014978,0.6432656045025739,0.557478659632762,0
0.4084943272531385,0.14925183750596419,0.8336981894855214,0.033677666924667615,0.9523540662806975,0.7393153871123237,0.9580327231184362,0.9299414939622253,0.8662916168569648,0.34987370803655027,3
0.20866417634816936,0.09282852675542055,0.6872959595959462,0.2600255482528415,0.27984107808656605,0.8831046430577458,0.1431844991476757,0.9027901079683722,0.14545622584170964,0.5668104746068996,3
0.30972832862108773,0.9701082207262397,0.4102734925818349,0.4023857668184926,0.16572702448360072,0.6236689844470981,0.37014103641498497,0.5560949207727983,0.2864990250860526,0.5681126407151718,2
0.9676905797883244,0.37528471674815744,0.021547654720860225,0.28879597624670067,0.16517499119271295,0.8127977158397446,0.428699421119382,0.5875451035047675,0.2988715161157091,0.6986995307959065,0
0.7743132630700048,0.21244377234209272,0.4931029777127521,0.3949414682782717,0.06823271620039074,0.5474383543220436,0.4452357367749128,0.6200188922012282,0.17274734663865118,0.5839990933234318,2
1.0579530109736168,0.45147202395748426,0.3132445754659454,0.609469857272803,0.3216064190971807,1.017366250039614,0.4237353070287334,0.4115882554180008,-0.04926384345462961,0.7438308307438734,2
0.4807779575174141,0.7267116915418046,0.689307681341435,0.6208248570257501,0.8970099617010084,0.5472979910936466,0.6654211586464135,0.9764526660431703,0.8382438774585401,0.7225873508830288,1
0.2397289717007522,0.09974288126108304,0.6085294674411816,0.30286570696317944,0.2659536840047583,0.9534634111605147,0.08601022885993218,0.9407744784648172,0.24949033770093565,0.5733602506687971,3
0.15265976877318968,0.1966410539383226,0.64442073814784,0.4240966571092177,0.7440994145259407,0.1196632267706357,0.6869927600972404,0.06347245449126027,0.6412082798894504,0.9655763786187999,1
0.796659870971896,0.6948974945857909,0.7512913113677656,-0.07814551560940902,0.9270956524727003,0.1212422110309587,0.11309837228472568,0.3386658084687942,0.9495061801734578,0.9083446413292955,3
0.023326332447674406,0.937694176098893,0.4234150608032172,0.8411603940673367,0.8279789689505015,0.5160420860706642,0.9682021509616812,0.6460633947928235,0.19186452962961736,0.17177144334045436,2
0.02270125668490225,-0.10940221596393201,0.43558488209176016,0.3841875631195817,0.2725387722681607,0.41670811248601847,0.43324866157428854,0.5406759987997196,0.5265342522168733,0.2829863648863944,0
0.06501063314844888,0.8618078456740251,0.45346864428106776,0.3299857081891124,0.6836738324456654,0.2447604414121698,0.6385235271359069,0.21830858219584826,0.7839105639245069,0.2618509444632704,1
0.8754162068178014,0.3738980723846403,0.3352579394597406,0.9166133953669988,0.17489080845662874,0.33699989107009354,0.9193829371885133,0.4159379411541433,0.6399000426034619,0.32074727980047874,1
0.8722574805562123,0.05109256141142235,0.36151732716542445,0.0873532148095484,0.8190093672194686,0.6197976680424707,0.9885927153837857,0.05616520312874748,0.2070303045979867,0.418622795752962,3
0.055553047954894415,0.864752797890533,0.46364211862018173,0.3218458444701203,0.6876200181678424,0.24954976948392732,0.6424121935973093,0.21802096967061854,0.7909150649769402,0.25728783825999846,1
0.010361511722281176,0.9346493505785848,0.9829228923628841,0.2800348250169399,0.7113666266310662,0.1775687842439367,0.4421281361994772,0.09539971517232,0.8953351566276206,0.1474346572089827,1
0.2819709613886008,0.7156622057090878,0.6558024611701894,0.29126955557695106,0.9961759560841951,0.5891089986744681,0.5269257226360519,0.5301977392188448,0.261609928851838,-0.02573937960548501,0
0.6148541672279216,0.5469412640258552,0.6967590374380721,0.21846314561720062,0.5778329598542951,0.586559451097008,0.33210777755479864,0.8150722474218242,0.7680283684843101,0.39145831220178207,2
1.3750320826937832,-0.04216730299574312,0.5844880666281046,1.135525883220878,0.6774357191425742,0.3735592505587492,0.38940934116822856,0.4148067567666268,0.7124945066886099,0.8390119461177332,0
0.022067323732905757,0.8570929013350282,0.9137857951636659,0.2872378644249379,0.7910250088625724,0.0939864868661344,0.5012382676537547,0.05457454961515497,0.8529765472721499,0.11596851013683787,1
-0.10909704377777701,0.36480640718967006,0.5484894600398981,0.5876406133960946,0.5295788858725194,0.409776969934442,0.8011712566332219,0.6511606230777186,0.4581398433432735,0.3098954067583699,0
0.31028269439644146,0.9702418798338718,0.4106664380540917,0.4026108398940449,0.16502512945323417,0.6244259699700666,0.3692465633432887,0.5565801626948725,0.286572312172757,0.5681109316789587,2
0.6417449878851761,0.41730477573006275,0.6071168974492964,0.21675355823750062,0.5714972070515771,0.6041974061431152,0.4106538872880071,0.7526036588477479,0.8452227287190152,0.44923131681507456,2
0.7713763355690579,0.3880249440914484,-0.0917646851839545,0.017529868531752424,0.2824726184071923,0.4920956796247709,0.38065218352753843,0.8255262683526579,0.8446356477884545,0.2572453867760704,2
0.25218728977316707,0.15409095823591493,0.09156902458386257,0.9675727952557787,0.3493594454328147,0.3401056224033876,0.3971875252620025,0.5359615384873554,0.4328655632404459,0.21521675939971363,0
0.24939997817368156,0.039048704982735286,0.6555413286787294,0.2538882980021534,0.30301297087601425,0.9329001615811487,0.09368923175563439,0.8993679892796648,0.19862321309945066,0.5437429486688112,3
-0.04146582100076501,0.7972493124341766,0.13059937528727972,0.6364433118945529,0.29453791616182795,0.5744782950034114,0.600200216640661,0.5531161617003737,0.445209647757432,0.3730057335012878,1
1.1561753779661446,0.2930597775182199,0.7915140587356604,0.7507410482477419,0.6446876871821428,0.6245288659159118,-0.02623363070207474,0.32102844941668884,0.704311242443449,0.3443233771394578,0
0.38588555208653663,0.19530094478440524,1.0167378775541929,-0.05650439690197734,0.7534623595102409,0.7825342509479318,1.0716345557507911,0.785236548811429,0.7678760850583104,0.1997903417109809,3
0.31003462946308225,0.9690378999608947,0.41095970299094053,0.402449649453206,0.16675727648798816,0.6237155046395932,0.37073143588264285,0.5571845756607393,0.28631868840892793,0.5676210069453589,2
0.5071026944562971,0.5347999778441408,0.710011196222569,0.14927711205841293,0.6592550909716534,0.4939294113021297,0.4044360396672967,0.8333876792933945,0.8912962070067962,0.4713023354590021,2
0.03617142512048089,0.7622621293454064,0.5411433185338193,0.30712664511736454,0.7239627668987965,0.1940322947946337,0.6383855239879341,0.11475826714684223,0.7872910108832828,0.2629050293189225,1
0.8978357145141451,0.8839301239907529,0.4724879436295546,0.5454254481900408,0.8672730761423904,0.68987386003657,0.38860749693556923,0.12327828904169129,0.279408497937116,0.469017889738778,3
0.0788289137433836,0.9690904594278259,0.912515054159192,0.18280534009811117,0.7614434462657909,0.1898985385762531,0.4896534020631296,0.028618802469213285,0.8992990711749972,0.2183948375034017,1
0.6525670236569963,0.6480458378674138,0.7388078456720949,0.4862497503706093,0.8937508742432213,0.9327303777264411,0.29432788587700837,0.2883384538171334,0.19003778823082612,0.2907992478029102,2
1.534864917425233,0.4631099211772479,1.0778540909676735,0.7276335801537575,1.0595292715100622,0.47079425412076786,1.3050479738001304,1.129928626584636,0.9880263185512732,1.335591595116303,0
-0.045320217656928785,-0.053666465497317795,0.3695103769561477,-0.015933471526543008,-0.06090157834551124,0.40029593674750286,0.4028225710014567,1.1708936838347963,0.8331864752002073,0.795332013676384,0
0.9739638076541457,0.34369098032558215,0.09304009176718261,0.3131402621760697,0.10559191578143659,0.8615959641092155,0.41122378513187724,0.5234052362475752,0.37426091161422903,0.747840802008511,0
-0.17344546992517917,0.453283629739772,0.6927613902591263,0.6276109166084793,-0.06825790189795333,0.7115369943025195,0.12556515950516545,0.7731854792790688,0.9874234944121514,-0.15996358928780718,0
-0.013382398944036367,0.20200979189180024,0.25442520886125625,0.13838758007290902,0.5827743274213344,-0.38279081672316706,0.11744370445352384,0.33115085989254933,0.9871940815479551,0.9048728817846612,0
0.38359726361692326,0.4703284785682539,1.0902195640099466,0.8427524598634671,0.02163592937360781,-0.2212521464201891,1.3757680023499792,-0.09499539591947226,1.731073184908401,1.6664136302902826,0
1.2909136601384719,0.3319723826136362,0.6498215558490458,1.002578573906478,0.7098402517407945,0.08333673970826297,0.27025046479061776,0.2742134641932925,0.6262259721179639,0.7300373700793544,0
0.09099187724576589,0.9135435635511171,-0.022392278786421235,0.6570484201721752,0.3854781689267813,0.6931798677063913,0.6119908973310877,0.6736139471066281,0.35918316443339426,0.5418554354287174,1
0.3492691620851058,0.28658577149465697,0.12231943533151919,0.44737527804739957,0.6392285761455301,0.588142169831398,0.4316296724805054,0.24722288523192015,0.8760325071319545,0.19922477507228745,0
0.9761671717385126,0.3656016886219689,0.46314974408476445,0.8583283847736789,0.05260895262941679,0.22069593665331988,0.8802156124214211,0.49854714239591563,0.5943143210180933,0.34269240018174835,1
0.16655657408493113,0.12462943756656672,0.5601957102408056,0.2681308931730194,0.4065484186389894,0.9517437649196149,0.15621325488892188,0.8516172117065957,0.14478758089540888,0.4690600492581066,3
0.0462508446734452,0.9954604098800655,0.55902039144126,0.8539638597612154,0.09776115105959497,0.9001686210461951,0.8792461409748038,0.722900888299988,0.5087605431762516,0.8666864664430483,0
0.6090898628521688,0.5359270416482481,0.6527996181139339,0.21387345398241442,0.5658293982807825,0.6296736564003637,0.34811619539736655,0.804598047023826,0.7734357853960493,0.3425869710347051,2
0.25199193456661334,0.29766619829314633,-0.23763684275401042,0.2763460948539497,0.5037232753909067,0.8246579324233433,0.2594938243749083,0.28407807550761816,0.49129361802131344,0.197683666086874,2
0.8559218954617913,0.4615708569370288,-0.10132688349127997,0.40850992002863346,-0.12462031392791117,0.607539884281983,0.6554057651133235,0.12823751131460145,0.8069959724571621,0.07361572034291106,1
0.597157311964459,0.5138937197016672,0.6749920423887819,0.2413916611264274,0.5934345833808636,0.6055268744204845,0.3361890961922453,0.7879332998402622,0.7895828469061025,0.3637862573694144,2
0.5322473731243983,0.8413856993432068,0.6503321592489073,-0.00923048971481999,-0.054752086349432016,0.5567624463067766,0.25283721559394895,0.9592485939935688,0.13281619555355306,0.8304068207094795,0
0.3516963908582342,0.5872946555033539,0.1314973359390748,0.3814054024469431,0.9591261002402895,0.12073261551112814,0.01648720413265061,0.3232596263793294,0.33540690624943403,0.2023005693280276,0
0.07462022355907487,0.8690610055301045,0.4139716537214478,0.3480799051250897,0.6948319275176074,0.21648385247205054,0.6488371624563132,0.19663825196047147,0.8152758689339636,0.2542066498032408,1
-0.6669859288854112,1.4027744826653286,0.7181286126322615,0.6619175233892565,0.579523197140255,1.9157207844457007,-0.15002985801742463,0.39937599493085607,0.3551228825507021,0.4228380903685174,0
1.1592090867705205,1.1052674695838753,0.040106757005127114,0.4144267987116922,0.19467352069742372,0.25643509549827653,0.8841181856370838,0.4006079960031773,0.6808735982793862,0.6380103368753527,0
0.309865593408933,0.9669436283096937,0.4100575000691076,0.40163922226527643,0.1619346693945994,0.6214604435353112,0.37227468965145544,0.5547377164830714,0.28824515937047707,0.56454357464147,2
0.0830140880676882,0.19014671732057017,0.3808527835303824,0.24714824463636792,-0.003544193036589968,0.24840181974022627,0.6039583341971801,0.7761838231605319,0.878775690221582,0.42826808402037997,0
0.31000316180391047,0.9697034321796046,0.40971475697190934,0.40242231862983624,0.1657443594740637,0.6237857761120678,0.3702254742120084,0.5562808818806794,0.28623190567801987,0.5681886377937027,2
0.6325120817971318,0.4958594684671963,0.9884274589341928,0.5680713339722147,0.980563019453437,0.5556416335669495,1.1051429699634967,0.32695773808944795,0.9255048489335189,0.2515044743990661,3
0.4989520488412848,0.8875060834575013,0.3452195444085322,0.9425574699818876,0.918324762666093,0.6393896229683235,0.999375166633867,0.9373353227610974,0.5027616407211783,0.6450328770054188,2
0.9477183253406616,0.02713061395258562,0.914341010808662,0.9019842623335658,0.8556777350853024,0.24665592198562292,0.49949136246214154,0.419522905277105,0.3332070705705166,0.4090111241021258,0
0.16217925003220351,0.8951272435378366,0.1188495789631194,0.2605343984439992,-0.07130864728645453,0.49085258451195257,0.016299968076830568,0.4624180780298268,-0.12103385454803481,0.4517498511254902,0
-0.27761453871543235,1.1045605777188134,-0.2493340744540622,0.42742412343929886,0.48376902637655633,0.3975545837369574,0.4660359792119915,0.5199982042249687,0.368067843067722,0.6813627302284108,1
0.46744516131201314,0.713821759634607,0.1769263121459904,0.45447441209231426,0.4425861225843976,0.2799226552703641,-0.13107373008560763,0.5576431683948748,0.3486641965026574,0.03698571620852331,0
0.6556949824133474,0.608755049353472,0.8144745971975587,0.9916873070332355,1.1178997361976224,1.3386460979525976,0.10197131482062455,0.7616526416349434,0.4039144064974345,0.0009895439776673176,2
0.2711426403720561,0.3858032254132116,0.9531963564565471,1.019049758793353,0.2430375090596015,1.2334320671719383,1.1249053683494585,0.9867255528940737,0.798040781138811,0.6037034628667789,0
0.9490092295282382,0.14763482612504447,0.25920389718463277,0.6494904245742265,0.512950373605827,0.43180422502112586,0.816066119834266,0.7960281227546105,0.8855172447747267,0.03693720536304693,2
-0.16662891925748824,-0.5290264679444119,-0.24079875905942294,-0.04447874988926753,0.6709489959106691,-0.29318370980859665,0.23386727781191669,0.8863310970596736,1.4263865685566244,0.42399116775920304,2
0.21522462465556688,0.0508146480081891,0.634546044778662,0.24097954470389257,0.25730434836890415,0.8718067660743035,0.052796079346593604,0.8848334364072066,0.256768272340105,0.5910818032929964,3
0.9629366135942484,0.5276841257711534,0.645290618801017,0.7408370166310713,0.8641618249395234,0.23576551086324438,0.9420749881142358,0.6490832013478938,0.8979029482091336,0.8927438616626054,0
0.8983479137334266,0.4943058697995707,0.7486593728234932,0.7376646703525254,0.9441212344421648,0.20527766897587754,0.9364361254933147,0.6493050520967358,0.8612553507963313,0.9355181747795694,0
0.20391090228087536,0.6032960283118418,0.38574672242377517,0.4859567322809851,0.39446870177569726,0.3804368634790869,0.2260958376020221,0.7344380614205483,-0.0013400909140408347,0.4865022386349493,0
-0.29436939848697785,1.3417581313934615,0.5124152755352636,1.3592148357391332,0.2264743265454542,0.8613202586475568,1.1225627906330482,0.8023138179010142,0.5019655427329739,1.260205736236559,0
0.8979864486516069,0.4079694734501046,0.5414124980850157,0.6696847276784825,0.7188144204808008,0.1569128526791064,0.906682520573766,0.6040981734785312,0.958335062016502,0.7286850471953396,0
0.23972163180954215,0.7839596388586416,0.06740321675444193,0.18717632116013083,0.22494459401731715,0.7379493631661648,0.4951772006341398,1.0110228436435336,0.43574505624718973,0.9481179209640995,1
0.6413426210077025,0.40249060816296134,0.4661072640919632,0.28708055723911186,0.9569171528390242,0.6179131111314228,0.9666972458613303,0.06280672439338032,0.03875259038746717,0.36206674705098485,3
0.7773415431251377,0.12288054461289868,0.6134079083075163,0.3176806021319724,0.08413193730048153,0.6978672171789311,0.4700780653987724,0.4823783380460282,0.1005626350975546,0.660524332413109,2
0.23004457581659105,0.7882738340355172,0.5508644719241788,0.8365506821619717,0.07367656962939413,0.9591866556002943,0.7251052248125074,0.8954168561591653,0.7025294818414758,0.8442762229238983,0
0.0913505454443832,-0.3282498422916216,0.4970729039311325,-0.3637424033192813,1.5786105413103872,0.7598746126120722,0.7721625278920093,0.2899783174167874,0.8474187820109845,0.3023593748345535,0
0.19190905272564557,0.7360060156164413,0.7469747865043542,0.56543073482951,0.3579047529415804,1.2150191894411337,0.791548887064061,1.1052856495112202,0.8314370606560683,0.766098569827956,0
0.6224903201062063,0.3856876197829401,0.8945619474937346,0.48584867778903323,0.9232287608956011,0.46087333191653884,0.9990712543318578,0.27133513992285596,0.8612670328644947,0.1987706252194957,3
0.6704992232537919,0.4506082559334494,0.6096422464545642,0.294613350550072,0.6757704933641575,0.6818986710474833,0.33711519294282194,0.8822284526107523,0.8136291634000099,0.3977581965869679,2
-0.03205781827155199,0.08071730504100787,0.6619658767243142,0.37437119211863645,-0.0356952614952111,0.44598112563762055,0.920364525283882,0.7287756805309223,0.3567129623171893,0.27206711175066955,0
0.486886086985516,-0.012153377493428319,0.07222884451578522,0.24426793562756507,0.19053648125243638,-0.04920787538077004,0.662287233801006,0.3745057164049619,0.5683320534484253,0.13433992983244078,2
0.24943668902909694,0.012664305269109583,0.5453160460859028,0.7036164202241415,0.36299988365169944,0.3697758938920176,0.2039726019969174,0.7736701218452281,0.6715836829388234,0.9083479804270012,3
0.6087404035997086,0.6689470672214628,0.15509922694029926,0.663804052232728,0.06729409336156997,0.8054562139626856,0.5327801524067377,0.3956440097386897,0.9215488835461754,0.026200193798099722,1
0.2560425734253378,0.048583643598986724,0.6642484294614411,0.2500990985852408,0.3129013409687037,0.9401507470506394,0.09418090337280506,0.9023274437153078,0.19704119832372732,0.5539295132698294,3
0.5201161246938734,0.3276993962241486,0.35904829324123294,0.04981578253601933,0.03170109305372054,-0.20157471931517706,0.9028772073217718,0.026397669962949122,0.19142096291803845,0.4001827573395481,2
0.9769430704049232,0.5055257491666849,0.6530425856308378,0.7501071825386476,0.8398281125542977,0.2638852370674792,0.9274453682556688,0.626750422880406,0.8898076130998475,0.8832788222183612,0
0.13725094762975248,0.5994482221922558,0.306944949277903,0.4526302971893693,0.40273805193595724,0.38817173116686515,0.20935171316681994,0.6969587868439452,0.06504381836847817,0.4152806435357447,0
0.748378845785873,0.49241278482133616,0.07911843552415528,0.1517221712377938,0.2300986001935621,0.8842745134245136,0.35997821754351955,0.7613954760685672,0.5278748822711133,0.6818862123986564,0
0.2495668135687379,0.6230389333483438,0.3068363265321481,0.4953121227455401,-0.3423995281406849,1.1070458569662405,0.24607251157682197,1.3333086741837392,0.7894801734457505,0.7282542407917241,0
0.36112751930241904,0.0858843787545082,-0.13280087623440695,0.3550138032102018,0.3451770559117425,0.25460149930140097,0.45693337260898775,0.3919720324382913,0.53716678588796,0.41095288524392787,2
0.13188027515557785,1.0022343710116743,-0.07470515925820899,0.634619280567389,0.34612499745247405,0.8389339230792585,0.6347861770134622,0.6765679675856222,0.29381349078030894,0.46538100245057795,1
0.9230804544577462,0.1292896228765771,0.2573276672374629,0.29614233311034766,-0.10906576709398424,0.8174578723615011,0.1703531909964629,0.3170708201779767,0.6069420268100019,0.8509122418068193,0
0.43374037676290883,0.6545280546415753,0.5722585962657923,1.1173883612107889,0.34614298445871566,0.15367466325404688,0.6756753384374311,0.45557822810861104,0.27567050747646393,0.37161549906008784,1
0.6277402730270886,0.516117602333509,0.6962338486888765,0.23408435111731943,0.5855032913040352,0.6067077996657464,0.3401675433189442,0.7952901713741154,0.8107401452686247,0.3495545607372891,2
0.7614967655793338,0.3852496758778754,1.0550374744440503,0.4679404752983274,1.1090314183975185,0.34660163929385646,1.0916842151688761,0.25560465431061763,0.8984852662433261,0.2926788611205535,3
0.9317251742029545,0.37630796421659135,0.49319156887669025,0.8600722191313191,0.06446195653167637,0.2394262022216331,0.8879130098560996,0.49238766564087355,0.5752408533479537,0.3813391176460713,1
0.3095564821501749,0.9699630923124167,0.4102426591722981,0.4023722940220996,0.1655755171951817,0.6236268691573041,0.37010460216466945,0.5562782459788428,0.2862246112151724,0.5682555753528707,2
0.886850064433256,0.9554888809475844,0.2766095062120647,0.7093647046386868,0.8543692626828191,0.6429839767058456,0.503891962637373,0.14576418921191472,0.30424513935782327,0.5022149585484762,3
0.5445773155425009,0.36793288459393175,1.0509411543217977,0.5632242899996445,0.9888125652705934,0.3537018200650006,0.9064541757670566,0.41242289171761276,0.8582979791419553,0.2588160900107646,3
0.6119165951786214,0.509876721299017,0.6798343326483667,0.24999324954313815,0.5860490713828829,0.619590176590566,0.33607210905974577,0.7876061413019577,0.8003329024544948,0.36918405057336534,2
1.0036444094654116,-0.05574355848067067,0.42880370732587614,0.2746086240894017,1.0345171916114908,0.4924774113842344,0.9039457135869845,0.2290651789411537,0.18574664484712183,0.6249831758715931,3
0.3103348742398867,0.9712045170607669,0.4106180855101955,0.40472651707564056,0.16708128391950663,0.6242399707550801,0.3720698301369256,0.5550414704375777,0.2883709968667186,0.5657787284827417,2
0.03327236646078058,0.9830798845098079,0.42279896599182476,0.8642254358130902,0.8419244512681332,0.5288099031918301,0.9395338223293627,0.6531253706372135,0.21083788651854773,0.1793615531068955,2
0.27722753795294425,0.42568748187025307,0.22298850615885174,0.47894075448786927,0.8211502672707974,0.11219446499194684,0.01665544592678206,0.3475722014438918,0.20622496774418356,0.09751585828382331,0
0.5472777071732292,0.6918886562678253,0.5072520439509334,0.11476353370357321,0.9429989352608427,0.40131100566633443,0.7923954739398703,0.7642225696027314,0.7690096698938933,0.6301521118927828,1
0.09408521381912305,0.4027863749322213,0.5936647359379646,0.5927280197675221,0.9053236381309037,0.2099279825604102,0.6609057980940144,0.06792733535365136,0.6245130984130176,0.9647836396274889,1
0.1648296776924172,0.27682521837456053,0.7193635419996843,0.7478207676515461,0.1325968059858002,0.6270697572400162,0.47841395298291517,0.34768884604498657,0.7062081636034979,0.18067473906219295,0
0.09837642093714788,1.1228756771466097,0.4261151265012701,1.1123590143745377,-0.2467684847175089,1.4987436503996572,1.0930137097628208,1.0344292750864228,0.87956213682803,0.7900475916798284,0
0.04096970404758036,0.20635998997683863,0.7038988115810286,0.588929867030015,0.30775959449977836,0.4821476680117906,0.5367634559878179,0.26809433241896624,0.4944799175272227,0.4301705403119501,0
0.2731731169062138,0.3294365129577346,0.29695678756068933,-0.01911874363263364,0.6204636576497888,-0.23843197354698342,0.5534850549943979,0.09372371654387499,0.7440936204777362,0.2670691042921757,0
0.9597916997105482,0.3611231694587292,0.08739817446185986,0.2958952850302629,0.12501757388902102,0.8386155200099513,0.3983944356191495,0.5235715268874149,0.377178558478068,0.7498689783013032,0
0.47308182502148505,0.12714380665537917,0.2759709728586439,0.17694013114345877,0.6373356755350924,0.3140466105721448,0.43786703782472286,0.4879877456273188,0.3968623020726195,0.16015449168210488,2
0.1078059068821324,0.0022685029371356065,0.43066559871657717,0.39606643200460667,0.18655063722840462,0.6060880774105531,0.6445591160413092,0.36272289015370485,0.4650794506882438,0.2720230610340339,2
0.40043279504674545,0.380084808527434,-0.042659420589061,0.366862433705701,0.639022528634267,0.7418075877010785,0.6364621180219004,0.4705768143318575,0.7681788222498476,0.12047752395684004,0
0.1920113684460177,0.7793351754347336,0.6641639494854895,0.394101474480428,1.0896105299893433,0.7498529231843667,0.523139100447739,0.6068191688404044,0.4691259588044714,0.06956609956729445,0
0.1696221199030063,0.19043349161478795,0.6738875294282496,0.6109187174118,0.18624478952053497,0.5344687027100992,0.474353968553056,0.2703211853241843,0.623042002666895,0.4524004282047882,0
0.08768256721822817,0.04089629138638348,0.25812682348842936,0.26119854742992193,0.7488154154499818,0.5012729200987396,0.5723931680166215,0.9302474651767265,0.7318038120024272,0.5257069373877882,0
-0.06387802674825482,-0.050522973189105674,0.15670316965124673,0.45058945727168787,0.7748582881696631,0.5805601615710576,0.3554706280459717,0.7681340578357319,0.6039762344030647,0.5824011747496122,0
1.5749471145422187,0.15925338674729428,1.0483306443562213,0.3135427757898433,1.067747351542926,0.232741103650229,0.8947073063405124,-0.10377321329741462,-0.03195642056630754,0.6235539511206223,0
1.0139800844261968,0.2631688576815304,0.08374791084761463,0.07173613140868745,0.9980375307837581,0.36997819092386053,1.0327891066394197,0.15381026268119108,0.11981309781275656,0.15547121824002785,3
0.24515839402257622,0.1510427991464453,0.0943143639325154,0.9728486388143477,0.3536292267585889,0.33528892309278713,0.39046703090051543,0.5347704564193028,0.4304916196108648,0.21747881928896295,0
0.19637563616128428,-0.19688811457171612,0.14685991006686638,0.3959993241982216,0.8121765737975254,0.7382918151384252,0.7417946001514016,0.7899689865861449,0.8430195000458476,0.7857708783289842,0
0.844251354924586,0.7672041201562849,0.7434682253224402,0.06396474429047093,0.8985418672031927,0.15423023329973243,0.18852193409632928,0.22588786613854125,0.819680912691301,0.9422451809354614,3
0.4008809581403652,0.17471117283004792,0.9107299987932008,-0.05074268421600979,0.9743653671938091,0.7903173951932112,0.9638617901236011,0.9602869355517657,0.8800551819104644,0.4461376326752461,3
0.9822812236493316,0.500842464144583,0.6538869567848941,0.7547393886160892,0.8413912474810185,0.26787345630329384,0.9347049432021732,0.6236359667851856,0.899441768035233,0.8797404543040711,0
0.3960056868687161,0.37313487669523043,0.9083393118720479,0.33997282079166835,-0.3423588722768401,0.3175202498754103,0.39853391049646325,0.7915360694117604,0.48582167169648355,0.3283717638640781,2
0.8141871250465385,0.8032013082508804,0.7532956133422172,0.10227397733204886,0.9210276508811749,0.1336167280489791,0.19115048254276076,0.2038240785763293,0.8230436556514302,0.9632243930247157,3
0.0692252340028928,0.07394587655603242,0.3105277703760494,0.3113443908687215,0.8026290042107016,0.5449864908265549,0.5476573903116916,0.9311034221079889,0.7006822925197097,0.5810047035520861,0
1.264405428528836,0.4865577077800494,0.9375151362673746,0.7293304765048307,0.7854983889523373,0.5450649696753262,1.216605691280321,0.47585970303631053,0.5685163032956535,0.7231608211771376,0
1.0775585839242314,0.8458099613334155,0.3444194772795479,0.3655422498901206,-0.07986393227776117,1.1080825895480175,-0.04966755637225345,1.1175594904775596,0.2865109401251914,0.6940212071107406,0
0.9806069039885194,0.9959280567579785,0.4627845766322115,0.7647376734544239,0.8518607753523664,0.7435902832362614,0.5429551705437591,0.2979053478957831,0.4125131975521576,0.46740614757217874,3
0.43524400489030873,1.292194458530537,0.8919062515272274,-0.2259652543023487,-0.6987789746906711,0.6289684851338616,-0.2752949464182267,2.1549268553937027,0.6569982144532631,2.056273907647265,0
0.25708905072196986,0.8138122775502428,0.5957738276134684,0.8572138781506599,0.05985642560220844,1.01029603103681,0.7302578113384117,0.8752500820431734,0.6647014902811452,0.9051291287643232,0
0.9897983470256854,0.35273529274946736,0.46813244543749705,0.8791188298466337,0.06737966407776755,0.25467799825981474,0.8826311579319233,0.4926700598073143,0.5853890640420172,0.3665332654130687,1
1.0003642435174116,0.9715761534233005,0.3835815528863995,0.6832099290748087,0.8095593960662354,0.7554966309008946,0.4157451968551532,0.18591108258740868,0.41102214842104146,0.5001134883242752,3
0.8245226113728268,0.7051968440376237,0.7406777792837869,0.04376551850576288,0.8548729220100107,0.20461150732025554,0.2723995884565965,0.18597363595486816,0.8538232771984903,1.0034960006699158,3
0.2660140203944319,0.8269966243333403,0.5477515880817265,0.8552947050048747,0.08089682109714232,0.9962942372695704,0.6761457874703405,0.8633858886820038,0.6841522485271684,0.879793041492607,0
0.17239504569876626,0.5894996345687973,0.3795222320185858,0.4440813436084888,0.39308278058077767,0.41714990201814284,0.20436046668665048,0.7147104073373621,0.04766214591273038,0.45426449552750875,0
0.9695722998996077,0.4455845552898431,0.8014206456979915,0.44538888471071636,0.8632010770476808,0.37924042067225955,0.4165298876789812,0.7073126186136542,0.3874398480310274,0.6358496034238219,0
0.4608325369169394,0.6852928435234843,0.6704458059801881,0.6780646251178566,0.8590392137583208,0.5424919802616592,0.642294138805021,0.9094401401394301,0.8569793550219714,0.6762196317397692,1
0.6297086654982907,0.7275772976382717,0.3950643878621787,0.06451037985548114,0.8863858794571411,0.45745330277902696,0.855844545751902,0.7430392424236139,0.7549536704992839,0.7272652530875674,1
0.9440298972279952,0.3807854444819614,0.07785048266556195,0.3045524975529975,0.12204331491264495,0.8358642765320761,0.406512154004717,0.5254966665376151,0.39315436239212403,0.7682395126405224,0
0.09984180706391935,0.8521594701027373,0.4386725321299859,0.26751885677314374,0.7516390509389932,0.20162438241491737,0.5977947893913682,0.20586955512258837,0.7404631525800218,0.28370062141954683,1
0.6580059873104586,0.44007154975635,0.21612747069059637,0.08600485042525458,0.09596779937252758,1.0851107367640247,0.30815674284923217,0.8740405890554109,0.2422759598720739,0.8414388431790681,0
0.30933479110558904,0.9699741178190092,0.4094106663219918,0.4028755233246949,0.16629736710976492,0.6235867628487483,0.3701379349607902,0.5556219192599419,0.2870789149208267,0.567500098300242,2
0.3093135798056615,0.9702663610723462,0.4104149828507466,0.4026548594009349,0.16574027112322134,0.6233339082986031,0.3698544394926591,0.5560212895432385,0.28653377567869864,0.5680685025164747,2
-0.12762613509886037,0.19238039741684537,0.9097850858381703,0.9680378879794509,0.5014763602947976,0.6900019216473297,0.41525335249346607,0.5358698221739661,0.8501146326000661,0.5212557037547179,0
0.765004860387216,0.9276787151732484,0.20862292036467078,0.19636844222600558,0.7402155834876205,0.4849365106882795,0.7992142496910938,0.6788668758213141,0.8555982969272354,0.6545206853670071,1
1.032976602530331,0.5061118955127554,0.7399622767274835,0.5464875255723063,0.9168282188726622,0.3609044088541427,0.3462568002811273,0.6165394516136398,0.40683161494535974,0.5526332354633532,0
1.0531968985450548,0.5891154472795678,0.5758292772969795,0.875964200207975,0.7702506802524699,0.4180614693717126,1.0242594778259477,0.8121498233384815,0.9211913460554306,0.9946773612166135,0
0.41930296801575584,1.0199459632768695,0.15218606269718293,0.5806249725273692,0.08068000455317344,1.3104807712256423,0.5889920683007782,1.0400992429764997,0.4046680258538148,0.538665000730945,0
0.7776530048839756,0.7164393482069377,0.6995481214376508,0.5178055796403439,0.9360180109543792,1.0260538937925652,0.30988836516104995,0.31249421254164333,0.1258660129507061,0.3049003697116052,2
1.016162547819262,0.6849233447546884,0.7346478129065415,0.8796851878051968,0.9688551207888435,0.3052466221968878,0.794054622846907,0.6945395193704436,0.6509751405273675,1.0215038071091898,0
0.3736995536355144,0.9687912246515666,0.537926547408128,1.080810080729661,-0.04613049175912279,0.853443772489869,0.8761136251092798,0.7275705359850041,0.9434217735617093,0.8753074346138962,0
-0.48419798274001924,0.6089636938389363,1.155665722103842,1.5510049157482526,0.19437476874436665,1.207567219767739,-0.15919689621796868,0.8424106050111108,-0.342898336816693,-0.3614847896611777,2
1.0257275536811212,0.8887810420561888,0.8625773800633036,0.5749295930132382,1.1796110394959711,0.7099172476936533,0.6928378737859198,0.4342811291630851,0.1970936895513103,0.15833304921252617,2
0.3043000730035351,0.6391711906344361,0.5865212612487942,0.138536590470005,0.9034343524682612,0.6897899468654224,0.4253569739287659,0.42492658585650417,0.3039435839456536,-0.05903480293007633,0
0.4789846238197029,0.4608335038794673,0.9093561758891207,0.6658533770437719,0.897356610478072,1.1476611799482377,0.13732435067932447,0.5711348911568473,0.2222041735390833,0.5045893289834391,2
0.8813985296034339,-0.272477606953916,1.160431268485267,0.41621797566538365,-0.26729114968449835,0.46203569011523765,1.1512166198734821,0.39564861776381854,0.18362369239084447,0.1487212764892587,2
0.9843632658737674,0.515712162600411,0.6807018803090767,0.7726293591058737,0.8612684998536163,0.2362077755216233,0.9353304177336432,0.6117805664970253,0.8786117118440048,0.9035583432864377,0
1.0128825977981963,0.5602898027988958,0.6927498768812864,0.5184732909885371,0.9306443314248637,0.3533397118222193,0.33314671828287107,0.6417083994541087,0.4448430391772119,0.5990087707001833,0
0.2581283861471141,0.3721158724190349,0.06741552259589009,0.5443883075205124,0.6668074791499586,0.5080622377565458,0.422574804864645,0.2327319689058021,0.7862783327589818,0.30870922488640395,0
0.578966224858022,0.08359715282771546,1.1335053734113232,-0.04308692742682119,-0.01434992509727856,0.1693872735259781,0.7059095792777764,0.7314733724935578,0.4692631972422497,0.4278659411702733,0
0.1502691872731179,0.5942810623561169,-0.029420154157268757,0.5100673038400994,1.098085224959176,-0.09151501035160489,-0.15464964809790357,0.4418115570503606,0.40275114954481106,0.15846294745371114,0
0.94296576936861,0.34879111085610487,0.06459487161435852,0.2831721492555226,0.12266322576314671,0.8658524055403843,0.4622968902362466,0.4826262643583738,0.3747708768623089,0.7884741259268205,0
0.08166940909615505,0.826125866571929,0.3918554679549111,0.30573305440655446,0.692804920965054,0.2348938326583353,0.6468897118450019,0.24519482264033526,0.7277988427399268,0.2678369960069328,1
0.6375615991211306,0.4969598412214524,0.6553608654365549,0.2382408153205685,0.5522572678016267,0.6260103103365482,0.3552371672195587,0.8030684183932236,0.7660842762187883,0.35979007083747144,2
0.25848716258583,0.16520408307731566,0.09770597588352038,0.9690322760451269,0.35031227538434395,0.33420013573140284,0.409632666606033,0.5367515616288737,0.44690473712458206,0.21574072530846156,0
0.42753775143606676,0.5103421033395517,0.3553810510484559,0.8969290065587886,0.236899212611283,0.07500634083310548,0.949547708169439,0.4177164356677326,0.06835179119708551,1.062135488421863,1
0.8340094291423917,0.7247502423795904,0.7853853239785274,0.059566349135510524,0.868669876954097,0.12548234151147142,0.21391864860366996,0.28042131858044855,0.7824300308538819,0.8908259062350333,3
-0.016597499447941567,0.9489088029739458,0.8689440315214543,0.28877388781566815,0.6129111726491243,0.10145067684254644,0.3418325232368244,0.12279965049540535,0.8486367644678688,0.0689786436131121,1
0.18683494146881277,1.1939405680448467,0.5796252204996788,0.6767640058502067,0.8409663949902303,0.7194823513654927,0.7803278047259252,0.6315853756272352,0.06214836183591363,0.12263421130428054,2
0.7842046050338723,0.6059544008914327,0.18530233536477006,-0.06745951497087571,0.917654982210358,0.668163704278187,0.7923134834690243,0.8979530832260871,0.7002394750564619,0.6563594434696709,1
0.09297958792671789,0.9001564259209127,0.5310632365156058,0.12482927663409704,-0.06112501337093501,0.14258905875426664,0.5523445674092666,0.03181678380100106,0.5908848854198033,0.9186944791174696,1
0.976759749269002,0.36483518668360354,0.1490280967401179,0.38689952219814294,0.16931421210920267,0.8271871012620172,0.38888769586606176,0.5555655249133707,0.4140743133711933,0.7061138532773626,0
0.8473578824398471,0.48345430240997206,0.6546822379703623,0.7022692062180503,0.2608618293633662,0.3387005897255977,0.7911451137735465,0.7148499405589885,0.4277929340081318,0.2868928509722045,1
0.6635876310952181,0.8651888367958991,0.44515572813912374,0.014200020939885774,0.7765609636827233,0.4108366378923896,0.9788138411155708,0.8536731955523528,0.7279535714950319,0.7960358513501141,1
0.7385099884435092,0.4350096559850817,0.46077887760642006,0.19104227964474696,0.8528959070578451,0.781679215856232,0.6329382407001228,0.40529543173358606,-0.07619673638937702,0.41210606853423276,2
0.058856756738383975,0.845557949965182,0.8786583241490599,0.26941713040391224,0.7631613753258065,0.2562089456842741,0.3861507410873368,0.014960761243933474,0.8570781156472861,0.1947077901993055,1
-0.039332764802168685,0.24563552471576725,0.6044217796849817,0.7249918423067129,1.022265404075752,0.33915317254041,0.6510053717670549,-0.1141621129882067,0.7397951322837101,0.7600097124775052,1
0.904183430660892,0.08645403942143956,0.7988686581283316,0.8738783422056083,0.7812470699517902,0.3935666775645322,0.445661554291696,0.28824782172707175,0.5813113493091657,0.49332766629943026,0
0.3696882061522176,0.4994022414409904,0.4593427838800617,0.38964792897666645,0.8594842197256403,-0.034845842556658124,0.25269309724540734,0.26934418762364987,0.47984578338128064,0.3611625053466462,0
0.24263209547024261,0.05002582825740348,0.6759006768108974,0.24705029437328893,0.3160092043242234,0.9543209268928603,0.08003161298353209,0.9013378090407576,0.19184438510418741,0.5666216402091417,3
0.06682591790472428,0.869892039288486,0.9969163710536161,0.31836878693571014,0.6223772125675819,0.25954388246669385,0.4109656926060755,0.006164490765741201,1.0012426559494754,0.14939243234738994,1
0.5794035518572542,0.7286156923243611,0.25653604541680003,0.22196538600579832,0.8426304104168796,0.32697984385064993,0.8328093104055749,0.6882482768759434,0.810042716725606,0.6997270487024706,1
0.9546994315340659,0.5302924923356299,0.3100616395414235,0.005184894740932866,0.3670680056629005,0.5297476994650268,0.024573682020263637,0.705573316569437,0.4703031244080558,0.7115564100769448,0
0.4999101184302266,0.489890491177953,0.9563946590641309,-0.10577720763138704,-0.07141137264013081,0.5390465860584074,-0.24300551129667564,1.3540846649377936,0.8111419701852434,0.7539068615590884,0
0.3076080769677703,0.9686730919053135,0.40929705791095833,0.40022231821214604,0.16382054185225595,0.6242362606725204,0.37135761324870153,0.5556106841540204,0.28480901665795894,0.566194786027507,2
-0.3981535268757065,0.11505962826397026,2.3389842227169684,0.9437673879260768,0.32659213554624233,-1.486775996051639,2.554761128181323,0.9749917396133985,1.119001653626047,0.15179893333994746,0
0.9860936727545555,0.3329148524586365,0.05519117356390271,0.2999792681667637,0.10532633048876408,0.834565969672231,0.4188839919481559,0.5243975448196693,0.37693790645872555,0.7736446301159868,0
0.1400229368302355,0.6379748077056353,1.0354832755502368,1.0286679218309878,0.28756693196258687,1.3342209948755976,1.1110780024199762,0.9797405383191311,1.1343986095089544,1.1934915751598763,0
0.09427611858216456,-0.030347446582268817,0.4525547959507951,0.33353926834167646,0.12373601279885635,0.6052952479888125,0.6776618953574979,0.41678761095708283,0.4058717481559669,0.262116509123361,2
0.2698227604449658,0.15973412212629487,0.20586496943064936,-0.028831539266229805,0.5805258274583845,-0.08963519406941656,0.5580825940519086,0.4554906050402344,0.6728847917199474,0.3942685033592963,2
0.6240365323056832,0.5099149651822794,0.9757457375802313,0.6852698592198019,0.9000568438650032,0.5890748017377037,0.9800609099722054,0.3071618224899134,1.07614221238611,-0.033177775121597614,3
0.7963396837616703,0.21759249374889267,0.49727261571600784,0.44905454605060935,-0.05805930771266035,0.5473451429757785,0.5830104153354269,0.45011359104398535,0.13642099047098685,0.7045752290929277,2
0.3333206879026337,0.6604911821045995,0.6218003888568534,0.8938912442547716,0.787704695976605,0.3376770998731558,0.9367433211527458,0.7877068692860144,0.6191096037232774,0.11465202823111899,2
0.620180929066112,-0.15352079814219083,0.6129379427087881,0.9727456560358685,1.0895505086392616,0.7525199026172262,0.34247358749158197,1.2060683476582197,1.19983928423889,0.45328829255797415,3
0.964667485914914,0.4858072934788904,0.7163938135426584,0.5152514963260721,0.9027121365086761,0.3627401798452263,0.35423871915728544,0.6768379839138434,0.34816069880304856,0.5404266063146261,0
0.7390499587526057,0.38776401131671534,0.7125151103537809,0.3045541574604505,0.7262655281911965,0.5964332747795175,0.34821066302043935,0.7442235621699334,0.7699541794557414,0.46788390480510245,2
0.26039647835674884,0.7859137940742668,-0.16932389438944562,0.44087524055480787,0.2606312231756578,0.7644999165745582,0.8049217156625637,0.761460931737663,0.3701502875719422,0.6962713575327868,1
0.45978292754814487,0.5439231300275826,-0.04892219636456513,0.7606835304367758,-0.15409900162871157,0.7245207647867338,0.4554734620706776,0.34670252365243037,0.7467096206436383,0.036819062776809186,1
0.44474220505072043,0.6733767417950605,0.6719322805199927,0.6764861801623063,0.8500245570639778,0.5263000973575966,0.6203180717689931,0.92175770247848,0.8815290867615903,0.6996236792018348,1
0.4515640836376838,0.16546278042152215,0.7753454611535979,0.049793335059830544,0.9933389448861291,0.7720737722858751,0.9182502549081533,0.8709541593086793,0.8748495475974191,0.3259979126929602,3
-0.38256541708679714,1.6669213419444637,-0.2721876459379686,-0.714230375340958,1.6649035181862704,-0.40684961837487355,0.17135459508118714,0.7882537611105664,1.1921589259483132,-0.6801202551880959,0
0.9949203492417941,0.32003726155421675,0.13224748022177135,0.3656545090314901,0.18601777580620404,0.8523991210078372,0.4966306546089411,0.46565282129200286,0.44982479054483077,0.769714933719695,0
0.8366623385890043,0.7284660316926348,0.7758636457355343,0.10828302885666441,0.9357323435484094,0.13428092385039514,0.22245369897393913,0.2731897582926851,0.8019388531228768,0.9410053064627996,3
0.3173850394997273,-0.1716646447541822,0.34038584358613555,-0.018204971474683806,-0.08652569814750721,0.48845328116574577,0.8746041646451304,-0.3655245310340759,0.18817376916285844,0.4418443957147826,0
0.20933556078361715,-0.016596380672813202,0.3127652122688368,0.39648577543450914,0.7462268391086884,0.3595795873857379,0.4489457906000813,1.0637770602527543,0.6405682802053707,0.604863856080834,0
0.22869066103771013,0.1548326286064767,0.5610510440110243,0.24011887830930573,0.34745458809863655,1.041627923873185,0.12698193807702038,0.8310579037264759,0.21994868698851866,0.5721118025249479,3
0.6330647496802817,0.45282177011213004,0.8393492922506979,0.5680775473650024,0.9511224524441507,0.49797174296225133,0.9284320170747785,0.38023358352030434,0.7834693868424576,0.1535489876477512,3
0.4036320865918768,0.9061788733609324,-0.022362823615499128,0.15433561032499832,1.1489441390090112,0.735939300369706,-0.3595005859661101,-0.07257226324096488,0.5887957836016702,0.6930912688478499,3
0.12556296431090896,0.058054339000908686,0.4261388074328035,0.38412348402960655,0.1807483579583603,0.6483493264480344,0.6352094054174319,0.416331571715389,0.5105118886486393,0.20860774459528567,2
0.02344939157167886,0.9167779739840205,0.4521220129225257,0.9278188588969158,0.8885673181198132,0.47225343017414284,1.0291520170736672,0.607403915055551,0.2138660483437667,0.1842099766668769,2
0.07158234794580697,1.0611487703534832,0.7667973599029422,0.22125994294656612,0.8117609054514786,0.2911038123202565,0.5683758671462106,-0.07894944761123851,0.8822851582237566,0.005632984741993419,1
0.34972952020642756,0.6972333046606938,0.5313745269040957,1.0711986886393559,-0.18577378235156072,0.9013616136227901,0.9858161127154879,0.6268203213967272,0.5523193588507389,0.7502950117829205,0
0.025193665568886137,0.9047935929466607,0.9742839937060842,0.24289962040266952,0.6858966115695369,0.15947440350410774,0.44044223113792713,0.06680554648738578,0.8914932553031792,0.1399671669769555,1
0.27301321282291197,0.665711890614866,0.48036810935515895,-0.3331340348330485,0.11601765284571908,1.7158591643462704,0.28639950014497106,1.1120096954776681,0.6357120060727557,-0.03812161489687699,2
0.26644927166331245,0.032582924658286945,0.6632745513182176,0.23399143802139752,0.3123848027251349,0.9269516995556143,0.10491288025635777,0.8957646104535587,0.2072649034052265,0.5517921220892873,3
1.2326292710907576,0.37120119678497254,0.6468178549130384,0.631248668247053,-0.13290812977723457,0.07341747787082648,0.9409871365906096,0.6812271506065142,0.4794715854025463,0.39891060771847525,1
0.569983726351878,0.22575039307186773,0.35203608916699963,1.486272321159495,0.7511921576730304,-0.021808535250533945,0.9665093275059587,0.8338727936532088,0.4477473474068042,-0.08634226861353689,2
0.2530009934476333,0.0531897719527637,0.6528964595750881,0.26502025085912995,0.30622835833020606,0.9962796684238064,0.13519384986982563,0.8909334846586695,0.1547191041476489,0.5809972309871603,3
0.48984086134014626,-0.13544649630036798,-0.14537481402372376,1.4145415260052205,0.620365209080195,0.7677137284500498,-0.21682539375344767,0.4597323318051214,0.47067213892241655,0.025009488746719766,1
0.25812724953387084,0.01206987521873927,0.6919322433337609,0.25146500974028796,0.3309308501294348,0.9738456751608766,0.10441127522573428,0.8728457397671147,0.16035700074949602,0.5427444926089701,3
0.8758478620367892,-0.0433452995735939,0.8613989239976154,-0.08294284547404812,-0.28632567350928845,0.5405569244990794,0.8198067818141523,0.4913301420921934,0.40977655201804136,0.9864530585625237,2
-0.014038299109776275,0.22075955780692025,0.18182294965357862,0.3437168285842809,0.9113120505367933,0.6354173106891647,0.6048677614305588,0.8005896938746822,0.78468142230517,0.6819905941664421,0
0.24953187354920195,0.16607826305729287,0.10523065830061801,0.9816404787057259,0.3445164000551184,0.34074045004658793,0.3801975928224375,0.5241865477186018,0.42612398200426677,0.204374806959025,0
1.1460238015507787,-0.10883701903300175,0.26298169468668703,0.44781879178346506,0.3084981067639697,0.3693309571687088,0.5665853171644638,0.7879578607898181,0.02675349289359409,0.6738464064724603,2
0.6919714431670038,0.688115261849167,0.357066101743284,0.35755817699890446,0.8579823773235505,0.5451952059582957,0.9574761897029164,0.7415806708623484,0.18322370162891363,0.8231586891030219,2
0.25881456966048577,1.0044364755387885,0.24251264799447214,1.041208948256152,0.7676940336236352,0.3638844159480639,0.7374168398119985,0.9405604536417533,0.12158907915742496,-0.05289871474903535,2
0.484943351864909,0.2519986358713323,0.5435535646368197,0.8140801176482442,0.649195284051203,0.5078773918937746,0.12550490705410092,0.7801864392116045,0.7320835534094908,0.7212425490171617,3
0.6487496506799624,0.6850638689771522,0.2677372050826776,0.15336351794620054,0.8120925908987474,0.38184382536707145,0.8444778782583875,0.7675831282849962,0.6879081422325241,0.7768700363049789,1
0.863249300296853,0.1361584797702379,0.42010905389178976,0.863756904959927,0.7241871753530361,0.7278221778579474,0.6065068313258979,0.6296101698029276,0.8463518765480966,0.7894161614147925,0
0.05669459479974932,0.8770770732964279,0.4683804745565222,0.30640595514127444,0.6888528514215153,0.2141486460979784,0.6512802143746169,0.19599615869864928,0.7522708294099544,0.29231597659810615,1
0.6418124645728968,0.4463646329286798,0.9260386485560433,0.4924155200185303,0.9878204016470267,0.477506419331269,0.9693272699846485,0.33904698422495116,0.8626443703394754,0.18384564225081906,3
0.8431551379908295,0.7667076202761451,0.7380154600552329,0.07042070103167264,0.8913599279737879,0.1472991607910207,0.19576047818733322,0.23670671036605512,0.8306151263592317,0.9379902047212505,3
0.31168288848287423,0.9713775513302282,0.4115855752311026,0.40397157241165366,0.1631036732497558,0.6258229564317576,0.3696119975790723,0.5570348572492266,0.28587932748391587,0.5688357042451927,2
0.535373484967005,0.7067073320091403,0.33052805470469276,0.1035027111170334,0.91589022532203,0.4752664952975294,0.9397533353891985,0.8115191672718776,0.5916338733450853,0.7928886582428127,1
1.0067342850558447,0.06692095081770982,0.22404640516964416,0.03858187510799833,0.8243683506509785,0.5129364303838208,0.9366301504471642,0.1778174057482666,0.14374818033233677,0.464024556780518,3
0.6895729892684915,0.6874476971210064,0.772095173282521,0.48311438590662203,0.8595384870209107,0.9251208661007685,0.3666334317588979,0.3494789005393024,0.2439564255994437,0.35395397243398846,2
0.4435436599775348,0.6809014230557396,0.669668180151771,0.6831663536159442,0.8471880532276889,0.5291307201552544,0.6300682231718552,0.9214426331690531,0.8817310599342448,0.6946340051627534,1
0.8306346212857266,0.7024303029120529,0.7094743258894909,0.1113333186572106,0.8337073438854954,0.14240720516328043,0.22720410648373884,0.2614022037057738,0.8124824602508297,0.9682899888040684,3
0.9976719000101023,0.5277080011189926,0.7307707023492274,0.5299250383222798,0.8959762816628957,0.3754957175721407,0.36111058393663487,0.6276256513441425,0.40045593016770037,0.5725178340627274,0
1.0872931517885083,0.43986187626548534,0.05515913318893812,0.34311446132202905,0.15392246135252535,0.931435665766435,0.3168122965699438,0.36679503797271873,0.4918209103293973,0.7744865706228268,0
0.9851120181969798,0.37314376554760137,0.46198881660614044,0.8870245295203554,0.09384233248875605,0.23412650451807798,0.8723059427130961,0.5037166790457382,0.5762338671605796,0.32344589504037224,1
0.8867121696389055,0.16206903483147325,1.0241570116410341,0.8015219095157077,0.5660678794597642,0.5056795325135718,0.4923072209925799,0.6502282918586222,0.625810395014824,0.5084760801660066,0
0.983428232344114,0.5180814704403279,0.4058684961140844,0.408173468938107,0.5372024039223018,0.9868187401490041,0.7040582017528978,0.5931755290776531,0.16054978082069332,0.6300398936698008,2
0.674993856999652,0.7450855789414133,1.1064938425802195,0.9611038731564362,0.1667360511113638,1.1876155977521932,0.9612647268056266,0.7494450566886478,1.3952471313656707,1.2213633518100218,0
0.30867608437635635,0.9664888588038067,0.41232974234790987,0.4038499185405043,0.16365700320233972,0.6246644555956239,0.36996754921160796,0.5550146684848284,0.2853277743337214,0.5646217531653615,2
0.21091647400913258,0.6334740792269354,0.3112404967789898,0.4900517909454863,0.3968833764951102,0.37301015851109554,0.23748415713423332,0.6881684741409064,0.03318710856748621,0.4545599816645793,0
0.1905833569519196,1.182319399830136,0.32456000384865624,0.2045125449992531,-0.4661505623172201,1.5494174525339894,0.37235312902335616,1.2047954184842093,0.7265442390861363,1.3834868368326707,0
0.7713331825455451,0.38003922858179584,0.03984628254615198,0.2183477122655033,0.14823106443807732,0.88365243550995,0.4638925091341058,0.6395656947368668,0.1645785367442083,0.808744686721429,0
1.0555062407999987,-0.36266771947885246,0.9954772469113298,1.0228522015358896,1.1299830888538207,0.7338907931297103,0.17656071666666234,0.48036095165222553,0.8861017852757487,0.12830271990031517,0
0.7740037821902325,0.7765543876568214,0.6737408384747823,0.02882113818797779,0.889719506708541,0.18540944708813223,0.11500192302924879,0.29171864638886014,0.8247523676046612,0.9509482352471311,3
1.0777661720318108,0.3764118191229188,0.2747088481322929,0.7122002823073332,-0.05918979360038354,0.03749858847971821,0.7070416642182671,0.6060381642659025,0.4594544534628467,0.2368807316661993,1
0.5965549992613984,0.49240335205355124,0.6580830779161071,0.22383057488184444,0.6058788182729224,0.6449016534407778,0.316530788130881,0.7650323759708715,0.7775400722066814,0.37807752971779734,2
0.3109021909700118,0.3597996811478191,0.040289239443186055,0.5244531213356907,0.5507580026278596,0.6259457735912803,0.5726807881243943,0.28852604047999164,0.8220560189498648,0.2547312647387736,0
0.9725318277377055,0.9526827973271977,0.38021584301175776,0.6693687512354473,0.7993263620187268,0.7332984286640096,0.4049308806826546,0.14467702787558162,0.39596282217440676,0.4814425374404816,3
1.1662975803445719,0.40706959295128436,0.5818783427013605,1.1100984660230213,-0.007762911122791816,0.0715361977452475,1.0139566294735236,0.5216707419823046,0.3890345477291955,0.17648389605764694,1
0.8156536125432016,0.7254940946610884,0.7347414067969025,0.05870013956607174,0.8659535152706338,0.1422746343169561,0.18079756376220946,0.27666175136030835,0.8457611411571789,0.9782387615920484,3
0.14267368006790082,0.15911118883039316,0.6662593243605293,0.611822581214206,0.22601935828334968,0.5194298204204741,0.5385562290843879,0.37053106709703987,0.5715600651036996,0.27555677964481373,0
0.8260045374552663,0.10872285346561186,0.4321270367815055,0.8734892596527881,0.703691914743726,0.7755211422586693,0.6263277056724653,0.6644231719069413,0.807809455956783,0.8408384641726419,0
0.8817431079047751,0.16709871066118834,0.39912263198910386,0.8687891468768368,0.7148459947552719,0.7366813603448683,0.5732964599038353,0.6396697388290499,0.8216278133611562,0.7902283065768949,0
0.2582660384174605,1.318705650064529,0.1554488625930483,1.0208012786545968,0.5139581568449116,0.31497986817149315,0.6413837474765067,0.8788722708342055,0.4396261706467881,0.07054906915475744,2
0.8546691763390003,0.1262758381807937,0.4431231705029931,0.8295134250463402,0.7227686557167111,0.7062048445133985,0.5706999742483173,0.628603267168614,0.8042736868027343,0.8103912989802398,0
0.8559534315390602,0.1372611003037952,0.4048360607631438,0.8608677435282854,0.7242165674329945,0.7375248637761509,0.5987598450486353,0.6306888363726585,0.8259443560904867,0.7989944420807069,0
0.6351200414980606,0.5722019174677168,0.9316768852194572,0.277847105603928,0.8416910073189641,0.62794576697337,1.1415501307368086,0.21823592154819726,1.0212623128575526,0.28046129278320003,3
0.2600468047961479,0.05399407780541824,0.6542455600945307,0.23516581122686558,0.3024749189820745,0.9402763464007654,0.10811805293923155,0.9102363270056633,0.1795751409338866,0.5643071394084398,3
0.2979732345982505,0.2615071159570134,0.7955358320838141,-0.021447954506668573,1.0069242699887457,0.7682712429119918,1.0651729380853951,1.0159374175992142,0.9917401007341371,0.4591393182698127,3
0.5182992566753343,0.7416117741935726,0.1290596597671736,0.601690254194568,0.8678395759964359,0.8106558509573747,0.21142258764983174,0.24928992208467798,0.9951722126018144,0.3335642623415558,0
0.6462423798569376,0.7873436950246525,0.09602214542054666,0.539775942406681,-0.02360411096109951,0.846124508210538,0.6102711551599647,0.4040432291500827,0.7895803430379876,0.048109989705839,1
-0.24063035141229178,1.2006591985531867,0.529023950239007,0.6343025500182764,0.8462130526872954,0.7926048860233831,0.5811531135285173,0.30468118496931523,0.7034030969403429,0.32623824996345724,2
0.030326032585675972,0.960724993116841,0.4374129273538226,0.8729499824605791,0.8330981626546905,0.5147338857614234,0.9485839059376865,0.6678628377712976,0.22310833198801597,0.16472793679819778,2
0.49260887009134346,0.6802815040586102,0.6411709745153497,0.730064367506589,0.8711514092413771,0.5272602051008549,0.5413372228628287,0.8479889563165713,0.8759948890646845,0.7176704289405252,1
0.8637232489504594,0.17440492915384773,0.43934185560142364,0.7942613946575747,0.7877530448232255,0.6769066796351881,0.5985555871632459,0.6374552522409348,0.8686200548475929,0.7552297503193214,0
-0.4884157192499141,1.2426930047583045,-0.12976692090813224,0.878028474869691,0.9117478255236944,0.11660934277745855,0.8621973921925807,1.1308571255926396,-0.024399634845044038,0.7271360255867236,2
0.35155956874969585,0.3862091040608748,0.09339235431053175,0.5337373962621627,0.5889096949018648,0.616728759713661,0.5343773292333069,0.27414180732360466,0.7580081964818683,0.22875281041054626,0
0.8442400648177149,0.27540001395247465,0.5466173633245819,0.9465902131638195,0.16884801961966786,0.37834446809003847,0.7445496110236124,0.6133300269776862,0.5189029293897663,0.4882908613940166,1
0.7056060333095338,0.025893040905241096,0.4421854865672077,-0.052138536252401696,0.9608169558098452,0.5517220865361414,0.869673557879234,0.03785694256809564,0.37671083415814793,0.5069917067933503,3
0.7503810630592835,0.10459845037637977,1.0981863440719504,0.39274161288735837,0.7474358101077121,0.36522894207064704,0.9060451516343949,0.18906309452957096,0.9730972726889014,0.47208458414339455,3
0.061383526903160235,-0.24894909579856617,-0.0011638007642044146,0.38550826350466116,0.22858745576347703,0.5653832309367703,0.17821083926323117,0.41451098327226,0.7136322850884372,0.9615235029218496,0
0.08373162080312865,0.8025499276755481,0.5495251022856765,0.3576787558175309,0.23053256082578633,0.2288741974965657,0.3572073678353373,0.9146207404985285,0.22806350488692453,0.3772485015778353,0
0.9433669601357715,0.7301169633239288,0.7126412898330445,0.08227143168847979,0.9054091776781649,0.042405154856869756,0.3259998508164018,0.20084687680637156,0.9591101673799559,0.9612705738248453,3
0.15686132953440118,0.2879504023893603,0.05752041693787946,0.9193613120813554,0.3963734505667641,0.6405623920621626,0.7844491921978434,1.0165260194384447,0.6924158427461781,1.1347584188850852,0
0.2805866321548831,1.053311651119516,0.013602380887538845,0.49990734394500347,-0.20478559455108059,0.5522869217055817,0.2666290531179581,0.05837699728997159,1.2109435924937275,0.03546799093608188,1
0.12052383534917091,0.9328315667281777,0.019903852478888037,0.6199320933195619,0.3638720385140761,0.7100165065123666,0.6367748384832027,0.7062158523833563,0.3284920866407221,0.5130948179203253,1
0.3444830708726338,0.12141485722735335,0.740387701302456,0.10553699248881442,0.8643965475708114,0.6580206241925516,0.874624223720696,0.9510920301305626,0.9682482331711788,0.3780109544592046,3
0.919856177924788,0.12634745783535095,0.2110482908827393,0.5870340893404918,0.5064603197644101,0.4782326676268876,0.7247001485943384,0.8360867371696212,0.8543013347414993,0.18302306670503746,2
0.2915191386980958,0.7705819305219855,0.6830867384837149,0.12060327305593965,1.1231236645112854,0.5341053230504649,0.6102713654070646,0.5439722915056595,0.3982794103839633,-0.1137063009473705,0
-0.13551956345234367,1.08928784699377,0.2778499191196282,0.5252841743041241,0.34142195694766314,0.561017336309983,0.5499943783713832,0.8620353691629558,0.12896406155793344,0.8016845525189016,1
0.9022037464294784,0.7838003334619124,0.767667875310195,0.06844774875709576,0.8337108786308255,0.11979032058325749,0.15495051840402316,0.23132177499826997,0.795090473321246,0.9447438948959143,3
0.6634084562774484,0.4643514865671841,0.9316080846910731,0.4699572794385281,1.02270761795817,0.43997039014516026,0.9501006250967109,0.3085202718098583,0.8373146084694356,0.19868327819244974,3
0.7017681759552931,0.7695161517979788,0.07291618263346984,0.6346071360741057,-0.04404030459278553,0.7793331745691332,0.5056782913053796,0.40119170554575717,0.8115171631843007,0.1719527105646822,1
0.06248322481026239,-0.003392449404849335,0.40498820051996576,0.4690794612357288,0.23716317589214236,0.5945386566045502,0.6103834809862472,0.3695163146553439,0.4398822262047193,0.22268174928616624,2
0.059844705861528194,0.582982328775796,0.3586465902153902,0.5197837810711441,0.46061946392365954,0.41909334642557755,0.09645235946439999,0.7526572211311212,-0.019810869025991287,0.5180192648225675,0
-0.2670618061544692,0.29413354987160545,1.3677252746953625,0.7500370746106135,-0.6005410477847156,0.47749180879012365,0.23837019942694349,0.8535676424212352,0.9327848134517287,0.3546176073272004,0
-0.2885187109438541,1.3734578760736569,0.4653659983300405,0.46191682882135193,0.5507398263396124,0.2993588132528064,0.5898522294702893,0.9067975595184243,-0.05125258769697849,0.6842990403875862,1
1.2665138960588518,0.08605426512657514,1.0522757908601217,0.45054281265101703,0.4148531697421911,0.6697815639317308,0.09022509330180667,0.25215780347068173,0.8664594180307067,0.12090563284935263,0
1.0283207422607745,0.543269240598509,0.6837709675184988,0.948025745360336,0.3384859682233058,0.28906328423284655,0.6837193544555089,0.4624702749346272,0.7135590591316809,0.045998615612039995,1
0.014567598213552857,1.0177670118434532,0.6167493997750969,1.1054213475869092,-0.12949898424062925,0.7802739140132958,0.8933822813389868,0.7657713881915246,0.46879298389581514,0.8352028678842168,0
0.31038847848554757,0.9707055306676688,0.4114359415569048,0.40353455383964554,0.16444831204890037,0.6235067410740863,0.3693153292605741,0.555455704287073,0.28500346339756205,0.5676974574287025,2
0.10797995842011598,0.9984388864026991,0.055383034037834844,0.5405365471983289,0.39879924382083537,0.7510879940164332,0.6368199135657816,0.7079146169505482,0.35461892793090993,0.5957676400435443,1
0.6026759186648771,0.4766062330824127,0.9485411958702668,0.45264847806229,0.9964398493452085,0.4594248754519361,0.9893373111934185,0.2952901239516811,0.8654819485007377,0.20889636296033653,3
0.85136333226891,0.14915208982776176,0.418698127430337,0.8689164377665242,0.7162874566800231,0.7498876536428942,0.5993543310063707,0.6333796396089866,0.8368048512595699,0.7842760512380657,0
-0.04294969383295863,0.933453296339797,0.901264279212195,0.25669179392795277,0.6769420294317126,0.01842899783199589,0.302119238435967,0.186702645857442,0.7653490322943974,0.20750492467434378,1
0.12004441760995158,0.7663306040657124,0.5323876917946866,0.8090756428973509,0.4023751115344855,0.46541390280539163,0.1971891606141164,-0.11594519503037265,0.19629730598658668,0.08179623115510275,2
0.498528929743583,0.6822686107451456,1.054330754661879,0.08065182070412141,0.3663341872207131,0.6477914111539618,0.6280200378914333,-0.17556147433302405,0.5161579378326046,0.26875116688866174,2
0.19038792849575625,0.6431166139819747,0.20893398829613716,0.38941453926082653,0.43464733129559524,0.5587318224589194,0.2594942750012769,0.8114478925268316,0.12573051054897827,0.32629031991801927,0
0.6391375077629041,0.45447331292357834,0.9132221670489938,0.4833032989517847,0.985394217173739,0.4632647230088096,0.982594217207324,0.3448908754490033,0.8681954808676946,0.18131230268897908,3
0.5782673694107322,0.2950007934679387,0.3663881651365712,0.25672114216544867,0.3187405325015516,0.7273163936625936,0.580781854919527,0.9118185882696589,0.19385537670950792,0.18762543094451178,3
0.25271769013195916,0.15581981905575415,0.0904512678022286,0.9710023947737114,0.34929734258199646,0.33558916884277984,0.3979775867259579,0.5334746772180116,0.43248494624158673,0.21677913880139113,0
0.6674909092228025,0.5034624514249126,0.1432526627626895,0.1537400475395721,0.5470723428490998,0.7254225495596986,0.10081422814125318,1.0571108183708002,0.7084243603695337,0.07102440859704379,1
0.9531966936680202,0.9774230836769827,0.7669631731232781,-0.03074542036239912,0.9745144135451493,0.3291292139282998,0.21896776731261605,0.3433562908501851,0.7768198885191708,1.0917026366314204,3
0.20701473940614915,0.0699212572176108,0.6858950489334786,0.25305317602234034,0.26716509031044444,0.9106863892580103,0.09995716650644834,0.9113387638215484,0.18172780470288805,0.5151032243035186,3
0.9843419535745445,0.5049209264521097,0.7424475238515396,0.524748002211427,0.8778196501195069,0.3819205015666878,0.3322736669387965,0.6175545619633178,0.40353105800155326,0.5864457219899332,0
0.9736363651332183,0.9505715954849677,-0.8949403839353381,1.319565002442936,0.46893657664238286,0.9961230477206293,0.878637421347882,-0.19012034404555223,-0.47313432145918244,1.1381178996595591,1
0.12242637346671657,0.5998420205581992,0.36512145193625606,0.445379887829998,0.374283607607718,0.417181753742261,0.2070689616664473,0.7723317618936226,-0.03891005911571887,0.4388467749813748,0
0.10308756063233822,0.8558339557362029,0.999706731986164,0.2793291197819531,0.6555949368609764,0.1094758537095584,0.4241773975939654,0.025881408678983836,0.8941735840154521,0.06226675125173149,1
0.870417760752803,0.46264776925406925,0.6455863132235896,0.2260553146340486,-0.6013720079208544,1.2135222352039894,0.7159065712479997,1.4867807767607861,1.19207647215098,0.9311529080974954,0
0.8044565822964591,0.004825489303864228,0.4343922260042428,0.7537751548772594,0.08697107549779776,0.030953020773013096,0.28206937918178643,0.3289177378507659,0.9227546742481219,0.3108331252324738,0
0.6938771421464996,0.6390281416745156,0.8199365005583119,0.4877826729805305,0.9389927777506588,1.0622471397339717,0.33816011597869017,0.32675537850798386,0.2405174876153505,0.4402456325275851,2
0.24391323816396882,0.7689580183225586,0.5423327826710141,0.843777631245677,0.12541912998568674,0.9714333683895527,0.6799343559327966,0.9147236690114147,0.6912035383275584,0.8399586819526697,0
0.029006320228555732,0.9025126404543333,0.9776343704558617,0.26121098829768125,0.7007722447736252,0.15385656094111083,0.4633224911214128,0.06736632441651645,0.9043834019952501,0.13050809390854962,1
0.10469665571335618,0.4683850344717365,-0.06845285516652824,0.36501302237315575,0.7676749275773054,-0.08067123825326064,0.3414232025499166,0.18240044670517977,0.27450343813288214,0.47881265690455255,0
-0.0997760998486914,0.2759283087449499,0.4588279198496852,0.852220227770995,0.817881028926727,0.4864266012494395,0.7313057725704668,-0.17678239103215176,0.4698673962885226,1.0905036692097076,1
0.12297333249141465,0.037310474198782126,0.4198709320619444,0.41421727868274055,0.19788372184568248,0.5929842970303383,0.6540916222915644,0.3799822095678215,0.45159005688160975,0.23508986684512098,2
0.1526394610420871,0.467864483236782,0.3882012846005117,0.420829929979369,0.35365399951846965,0.44789040022109805,0.2842152630655178,0.7146462635772046,-0.10322957921572373,0.424716688924044,0
0.033468383381046886,0.9395206898685688,0.9790496282416157,0.27626478931620335,0.7083816046521312,0.1790050310187189,0.4516082735218181,0.09396708943756045,0.914675956040137,0.1212526579292173,1
0.9354090210080357,0.5326139131095499,0.7437803263749799,0.4786766976174545,0.9232226262136527,0.4123791608453908,0.3152361471822486,0.671688431791184,0.40278506036100037,0.6256885070746746,0
0.061214060591182534,0.936294481752248,0.912807491617414,0.3067214437208428,0.729144356458351,0.21151921369331117,0.48504509631714376,0.09394112447733852,0.9040866523934243,0.08381724076966511,1
0.702132184769953,-0.09787987399609019,0.5444748705168477,0.33984660741613026,-0.06943661122084607,0.9587241934275099,0.4735223607771618,0.6675357381193858,0.07147817961796826,0.7776372301412536,2
0.8714530029065407,0.4122759643625703,0.006359765543117651,0.333970893080296,0.23696796341767173,0.8346488829056381,0.42368044677049604,0.39962802456412133,0.34822503762850543,0.819075334746304,0
0.24813816894517426,0.156731914493628,0.09219141885405391,0.9687946838400671,0.34704069956964184,0.3376871332356861,0.39637391737511013,0.5315722946575379,0.43602240921538743,0.2144352217182445,0
1.0247739455178944,0.3239306418163904,0.44979757098825796,0.9158206723007305,0.047520079187286055,0.20916068779252242,0.8962542788644348,0.5160380806800925,0.5895433290953884,0.32053017049263227,1
0.08787386465338831,0.1556879445732272,0.1613760445882392,0.14702379891771516,0.7368119441155754,0.6294943377697028,0.554653449237099,0.7786453231351819,0.5774505990760552,0.6172857694448588,0
0.2928845397324246,0.4400178614082756,0.6350690008383116,0.8371185030187778,0.7862206483381127,0.7269754281650509,-0.01509872850824534,0.9836536625441692,0.6140241350421025,0.7500743147328017,3
0.8572142343569861,0.7583566921563006,0.827245457353535,0.06860795048082191,0.98310089814284,0.12916297954019734,0.2467492642383844,0.17202415875127233,0.8372314425114419,0.8952408680210721,3
0.6370340610015335,0.9135130288440858,-0.20791459955139924,0.3500320816182022,0.5134580360669118,0.0517267222715522,-0.28836641519269396,0.7735630083095995,0.6419756902366212,0.18308941621977864,0
0.26240346605851284,0.06208346719382762,0.6770843797183241,0.2620323880421863,0.31877021071111056,0.9470379665179883,0.10765234129132065,0.8874203987642877,0.19908707028059222,0.543576930282331,3
1.0227242692423533,0.35025898574870334,0.5004238997029874,0.9104386500401245,-0.0025974232166897787,0.3045060356623895,0.8966959400420983,0.5281610734461842,0.6070656328289692,0.42162706668845507,1
0.8033261370105002,0.5497373460401842,0.7040125673566738,0.3663267605904264,0.9483133799442298,0.9270754115042575,0.4739120516448172,0.20844699026805008,0.2034749113815244,0.3269851012323487,2
1.1038277229502884,0.32602217605456135,1.055926292118393,0.4161139949300238,1.0694321879710746,1.1803965964859053,-0.02553342233245659,-0.12328225956733291,-0.09710895631644056,0.6920098581933315,2
0.15471673376633802,0.5707248603055806,0.3286599324163434,0.3917504112720551,0.39210832659289807,0.4434630185824301,0.19890517111120543,0.7579153111487287,0.03308418578688351,0.5049588917178728,0
0.29813735927153184,0.7494316940526722,0.5896886105902077,0.8510807935363067,0.1634547239846392,1.0142280143372233,0.7286284817218199,0.847138500318854,0.7848238176484791,0.8725562588909017,0
0.5159597891289385,0.16293198336498552,0.3155205226209319,0.19170515940269472,0.32677248954707866,0.796635195677872,0.7253644675442464,1.0248475057314528,0.22207743155332385,0.46081751513891744,3
-0.11156028869371346,0.6860064641642157,-0.23217526726715107,0.8604489280740208,-0.1355190786834794,-0.03675148987564181,0.9408278223111672,0.2728259659315072,0.15345796353929209,0.518010696330662,1
0.4504586378928141,0.6493363056085186,0.6481670015429297,0.7068897875193662,0.8559082910986422,0.49800347584695803,0.6393137364995061,0.9341752908447929,0.9131911293847503,0.6812763088714402,1
0.3284351973444261,0.8417740947339538,0.366075996171791,0.4979961085137884,1.1818209205631778,0.19445395877445332,-0.03319881476324371,0.2699439643713585,0.13600235279583597,0.3008481357085628,0
0.8759073387923648,0.3390662812258058,0.5440637720091515,0.8377028192682313,0.1474755261514149,0.2558284760873617,0.9484902359236591,0.56572702103745,0.6050264303751565,0.4387275787964193,1
0.09279338147085801,0.10061954800128936,0.2703217720392658,0.2745860527442751,0.7582202674053996,0.5206839578598197,0.5677529177448546,0.9592118512846017,0.6753874651324071,0.5448676647663179,0
0.5492495206729078,-0.04295798279810675,0.7566058407098661,0.6677987682545057,0.5423482754371608,0.8032555874491796,0.4048174444677216,1.1807366047744385,0.6704216808513119,0.8532936828712052,3
0.38537550220196964,0.6149640691590693,-0.0705511059770541,0.13586791314257207,0.15643477203964604,0.936729423513404,1.0953641616526593,0.6136383806505912,0.21016557244158096,0.8112310188698195,1
0.9400105117013435,0.147134008234869,0.1902128080453487,0.8123193074195352,0.6632532453418589,0.1635459630505989,0.5165542645944992,0.8356347664581198,0.3942185016177098,-0.06358978393017667,0
0.40736946531974155,1.0448990554349527,0.5681877558188583,0.7152447695179918,-0.29197475808475465,1.2508011795735707,0.5267343986806581,1.1257864353057478,-0.2652669631295178,0.9446872219714103,0
0.5213770613186861,1.3173598612696604,-0.04589617243886818,0.9730672069329493,0.903983479328733,1.0292697624162674,1.1863768685947118,0.4955052870187341,0.4260578465836479,-0.09816657035949494,2
0.07760737349588027,0.8810930659551421,0.4665789208145019,0.31380809535920534,0.6898009206415412,0.259764452883743,0.6358142163615259,0.1918102046454596,0.8130073612232276,0.27623651054620457,1
1.0617059275649308,0.42515302309346564,0.15083204885097143,0.25621590949903794,0.11536102231556963,0.8623369718389486,0.4725204126388468,0.6050057568692441,0.2735838648656141,0.7760399340823735,0
0.4782980540160913,0.700072134065618,0.705446819684212,0.6854903583383757,0.8510153006484842,0.5612581202287235,0.5914444049902632,0.9435288675493557,0.8643805924256328,0.7345932549949072,1
0.9965214669632662,0.5588450525881317,0.6178926839471988,0.7163205940950494,0.889383390902149,0.2380780493379398,0.9636145384969484,0.6346633746547903,0.9288471467058581,0.850044351848373,0
0.4998093160001768,0.08597551532329398,-0.007647262165924804,0.20636016421867642,0.3906076613509753,0.03336274975737341,0.38648240659653793,0.4913218519391562,0.6753645326223783,0.2065192577970705,2
-0.3836914272892612,1.144439558104989,0.5725390331597053,1.0910200166619417,0.5569590259746401,0.2841559306251029,-0.4077407652677818,0.441933616387262,0.1903502315323955,0.8136156524827133,2
0.9393410472417462,0.4492892418992576,0.10765469831419505,0.21104581546132684,0.1303052655686706,0.9252587317193391,0.3287267004186779,0.6582804417184211,0.30464568238517487,0.8031527232454453,0
1.0417475348269711,0.2228232375052462,0.8497913281646013,0.7406934913605865,0.7438249421632976,0.2160891444831131,0.5243779342840874,0.4928074781909908,0.47320571700314884,0.5035493885431601,0
0.8421574687629538,0.7750806988640074,0.7378169790817534,0.06281254892129257,0.8901222450900719,0.14334422633930202,0.19856792885489646,0.228139053623149,0.8292492400012216,0.938155579736391,3
0.09280464541226496,0.11020194082009098,0.28118701228965526,0.29295506058764553,0.7863364368851058,0.5066269133045741,0.5487088763716127,0.9577398086418333,0.6785245331458235,0.5472661842218385,0
0.24886498050143932,0.15769229089478648,0.09125646166566953,0.9682077209520273,0.3492101814071232,0.3374234265908409,0.3939837685724688,0.5325442266328847,0.43500666304390806,0.2156474467487863,0
-0.17981104833360423,0.7958648647933059,0.2736437784920973,0.8837224169793501,0.663952626372617,0.6710513195242576,1.0435322471844775,0.783326818335854,0.3011081865500045,0.28375268465363607,2
0.28093959614561276,0.07905147900398249,0.589459734360388,0.19323746524690116,0.20008395422096137,0.8854452694601918,0.05949672429426727,0.8071138414540145,0.21128422004378114,0.672164292191176,3
0.4685898013898019,0.9025601448289439,0.388973936022559,0.950588556963972,0.9056594270247251,0.6580491683350627,0.9887363243171057,0.9009718737184967,0.517374351064489,0.6347218650165647,2
0.8703673230926505,-0.2850830962481826,1.283355128044297,0.9150111560453041,0.7430915684834195,0.5476178931444995,0.02993674112761069,0.6086346228912036,0.9675027935771034,0.14336112378628996,0
-0.30329112430415944,0.5732810930454562,-0.7539756726763543,0.5593960262018683,0.4295911508532251,0.8039029214129221,0.07360304754161473,0.1369917717107324,-0.18298978351951978,0.6623553101223052,1
0.14518562249833905,0.7330520515952869,1.0028149789880392,0.21381934503362082,0.5791659314814673,0.5415351944827052,0.4627202179784254,0.437722398266678,0.5517879534103857,0.16340955181506941,0
0.2576661551314396,0.033064228364098516,0.678882536023165,0.23714210438881306,0.2949316094152328,0.9334402592535425,0.09356143728119294,0.909384157502479,0.20480095673289417,0.5640910715441546,3
1.0362730712721449,0.17403055962804936,-0.12637107565710562,0.23417158492239504,0.1435832418411888,0.6041993772644337,0.28937816707580777,0.4969939626167335,0.17645833977552353,0.6372490601251144,0
0.7175997858707794,0.3883839431308911,0.9911764702251203,0.5755420421260745,0.9105468611329086,0.5767347197063231,1.0056478514448868,0.26434188453936314,0.8906571227833733,0.2618773365086041,3
0.914542476812213,0.7135022716902873,0.8411101065939315,0.09010286974206493,0.9171991002032259,0.24705063245057246,-0.033270429195601275,0.14953706528110267,0.7846000119541,0.5562983199888136,3
0.0214646778829415,-0.007870882199731435,0.45445596830126933,0.22018968947584105,0.8475208726774048,0.628499544305761,0.3728339272648858,0.7613129363118112,0.6495404509740493,0.41134315922699066,0
-0.0043656842665359755,0.8726084696957368,0.457242202128571,0.9467368772737579,0.8095762561768033,0.5613636859301543,0.9018530086276422,0.573740267798709,0.2549014294414816,0.20268571605028435,2
0.32405273589517675,-0.24423296746904616,-0.03621187391779841,0.321485893987663,0.23178437931429272,0.1266989391853579,0.7762231970166619,0.488729858984412,0.9729295966764564,0.4996227785658507,2
0.3077560940133226,0.06730437863941852,0.7281519322090038,0.20021118747667657,0.31463255708377424,0.8781944549100187,0.01791155249921167,0.9297413242783467,0.2146690520666853,0.6253696055867821,3
0.3069056092313036,0.015095233742004423,0.6833136116568528,0.28886190947211526,0.3713549296744291,0.9655246930548759,0.03413570533799586,0.9321471292747056,0.22347774741002283,0.5416843388705701,3
0.02347128658926042,0.22177186526053688,0.6564687095200462,0.5851139704052859,0.19246641923931238,0.4924163045287534,0.5072804604163944,0.34382489507906666,0.5266449504995399,0.3629797813553101,0
0.9646765749593028,0.06883213502399393,0.762308456601012,0.7490104815051528,0.6872898822870479,0.2207017642099698,0.44970840467704604,0.43842177335802246,0.5379835998147883,0.6855234531145106,0
0.49525331401328054,0.6573922713366214,1.1074898313901553,0.4453016407582817,0.8709887344089344,0.6031768270826139,0.757813039906999,0.4030283997134823,0.5853941580357442,0.5912897495397698,3
-0.41158157442062204,1.195424438743814,-0.29420904567708733,0.8061938307219876,0.6323310456031301,1.1955442790764284,1.0371091315139127,0.8670107140286749,-0.13272385084057958,0.6344367603700936,1
0.9263831537796983,0.4466580703727588,0.5531490647816336,0.7641256077804566,0.2561761643761219,0.4757428179224968,0.8325357227595342,0.6176538027130629,0.8112997753170811,0.48296680785013213,1
0.242461327221469,-0.29762769938072825,0.9507098709452177,0.31187098437593125,1.3532070786844024,0.8872205750554651,0.5763956504661782,1.0059171732452485,0.3271814379550708,0.8307244228041586,3
0.595009103998158,0.5238915243278615,0.6816594180860468,0.19847782526117969,0.5698064905852751,0.5702963618911887,0.37192039287849005,0.7928392096414939,0.832974460317711,0.35675017388445524,2
0.6438273859852783,0.5119938663488118,0.6509434669295324,0.2136379757693236,0.5523311428108231,0.6129787509270261,0.3221900874353001,0.8206006622536995,0.8252918131912667,0.3464822268693062,2
0.7998488359164196,0.3255995881757463,0.712556540745037,0.576928480341895,0.5906795530384161,0.5805586567074272,0.856270471488987,0.3392776418882544,0.23534022351276498,1.00735966907149,0
1.0522046276019201,0.3689327767980738,0.57265009514644,0.6656865170795038,0.043703969339922474,0.1678458112700016,0.8869413113832003,0.31508350165568405,0.6462361806163035,0.5484057330739663,1
0.9697404783321679,0.3521339235238216,0.08398396815674028,0.3174532570559346,0.11194774233199582,0.854489180890656,0.41690511971723265,0.5259762479455795,0.3727988300443823,0.7607313365153343,0
1.3351132072888878,0.09302229890910357,0.3591404239132147,0.9448479882619703,-0.1666365578193112,1.0702561394765497,1.0237267764597313,1.6162521757484598,0.5392045492590949,0.6809588955051937,0
0.09879466850332376,0.15433226140129735,0.28414900370444485,0.3188185797697987,0.7945483332117977,0.4413949851969718,0.4972584558460592,0.9864647981990928,0.6288902541765511,0.5914485978981431,0
0.30994275098368085,0.9655263449849135,0.4110961655973526,0.4065923133099728,0.1715451954252306,0.6296424214055112,0.37435926084520826,0.5589235140716861,0.2891309403429373,0.569020804072891,2
0.14831629095018892,0.10945658481136679,0.3734577001010715,0.2330230010439572,0.06898821205647312,0.30363018606498055,0.6022457775678526,0.8068007140836484,0.77497459321311,0.5047095702035801,0
0.7939967007247021,0.8175214311749429,-0.11711641212812751,0.6858096268106556,0.08182082882541705,0.48573375023959436,0.43985308649595467,0.36626578692624284,0.885098459337421,0.415551169104427,1
-0.09450190035668748,0.9622990325275432,0.5954851955310017,0.21691201681992792,0.8306367295266175,0.5042431127641464,0.09304704862036302,0.7247060458901069,0.5849251352946924,0.0734759832084694,0
0.248674540437922,0.15823784285948414,0.09078442404058494,0.9673732749741942,0.3456223939604216,0.33479871386539467,0.3942278828896945,0.5329621564476059,0.43181909821575926,0.21552441479751241,0
0.075607612440102,0.07204132080029918,0.33659100130756864,0.22099679782932788,-0.03848043739980517,0.4242085735315227,0.8464285144163686,0.13646000388446938,0.20755807334891374,0.8758576093642837,2
1.0491079321043602,0.9621091680657071,0.3763521211465371,0.5875225104790586,0.6937114570521197,0.8109897009497637,0.3654729837915176,0.27454417538757775,0.3260111257257472,0.45835564841721554,3
1.2636520456312115,0.7134400561242509,0.10871643596215774,0.23135635436327462,1.12246716776259,0.7397415254329036,0.3679546583201907,1.2504746144048162,0.9728679478706435,1.5910752705583207,3
0.1336828496340089,-0.06388850378933428,0.6547158536362043,0.16482613655487258,0.79943065051895,0.8354969338550964,0.7694126990739284,1.1948346272903323,0.8180206039921007,0.03336947701541504,3
0.9617969429860611,0.35521996082402024,0.1121649824566674,0.3116666520947813,0.08043506976001319,0.8671399720423161,0.3954001821479967,0.5470004470557147,0.3430142473247565,0.7831920567112874,0
0.24342510766571615,0.04590123756451109,0.6543386276228208,0.2494213545479063,0.3232370431176595,0.9398265421118461,0.10309439377058117,0.9146881063867209,0.20723432371729192,0.5684118571298707,3
0.29523003266075465,1.0151785043895705,0.9351987421537998,0.4489877861802629,0.6357691354745153,0.949548656818266,0.2380362233398901,-0.12260947203144312,-0.27233553428810503,-0.01411614901137248,2
0.07633146363766825,0.1326294299791372,0.32492367836351854,0.5191897940599536,0.15368872743498566,0.7115754216833797,0.710523207199244,0.45486400555285417,0.5863261445765314,0.14117517014391714,2
1.074346063146945,0.28784302271951756,0.34663837338128695,0.798003882895811,0.06637184739355627,0.3709624508454858,0.9076105004849488,0.43226625902965626,0.4804695534674109,0.2797083401125845,1
0.43892114045901937,0.22661941884214643,0.45616884408352365,0.6989324405281999,0.6268274893130327,0.5519028541311221,0.15889092102948488,0.7888441869619269,0.7968134274865339,0.7496271398024082,3
0.7805315011796674,0.10737101586019726,0.3665033274596802,0.03990322240234406,0.9436427581818462,0.6131900648950408,0.9678753800286375,0.12198622166217948,0.1007347402750054,0.4942335085911643,3
0.9761210440617458,0.3544748280708397,0.08158680638031035,0.31774805952811896,0.12114313376165438,0.8569764142570461,0.4178942191381171,0.529201184483908,0.3638638683758647,0.7638444870725254,0
0.3105553403273088,0.9704064613725258,0.40954494526315316,0.40150001243442335,0.16620470005371293,0.6236886155034713,0.3712135005763558,0.5553547350832961,0.2855633446024799,0.5674420120602574,2
1.2016090862665483,0.3462795964166219,0.49121640876369493,0.7281172411701595,0.09237096604398931,0.23444309787805262,0.7383440857622426,0.41330769009810353,0.5929793755450106,0.35521885529533354,1
1.0079915023274446,0.2115659448270012,0.7969442597319221,0.8567294664372358,0.6810416758338705,0.31800024548636857,0.4243084848309582,0.4153979704462796,0.49061480523949014,0.5941666258318982,0
-0.03092558647389615,0.4925310764328545,0.3236551025759985,-0.32253694841386416,1.1576861668492033,-0.6395572656679133,-0.867525921386212,0.3091741724035592,-0.0711474851619407,0.49774963025013225,0
0.2514065281656541,0.1526810179669403,0.09491431436545027,0.9672607000468969,0.34536727755991886,0.34062926525404996,0.39116732302666835,0.5337135899109411,0.43608184419445817,0.2135789926075954,0
-0.002067574637976348,0.8834435276208245,0.9347572426776644,0.27207190148833066,0.7293519643231511,0.1652143272470482,0.4540706143711767,0.07763466308895946,0.8841424475649954,0.09866503767045397,1
0.9836095399581951,0.3609420056778986,0.10072078405937197,0.31823662840924477,0.12731512348293994,0.8734877724659401,0.42500062250302156,0.5379995317702795,0.3811283558128625,0.7786287124897917,0
0.995324228591332,0.2660086691596783,0.4935489011768349,0.820256376125088,0.1894194703357313,0.23459461520677896,0.961018817894795,0.32902192931627894,0.6024288896212995,0.4449759267828958,1
0.3050099394661103,0.9692996189188128,0.41444259402440664,0.39753933081228193,0.16382743741459618,0.6271040170251739,0.37281148326215446,0.5560193432758385,0.2865274278923173,0.5698496349252219,2
0.6306380214267722,0.4535164887672521,0.908996002641364,0.49284472111428074,0.986270934869235,0.47244313959361345,0.9708361778443139,0.3332351262121039,0.8646763147105073,0.19474064078181902,3
0.03176113091278096,0.9643213485960417,0.4387926223454607,0.8737549793647088,0.8354534864199276,0.5133364723583848,0.9475630222240172,0.6643592138798705,0.21455350696463513,0.1681914430015319,2
0.10983662929985938,-0.05435326107618056,0.6160026204087159,0.3580814065657551,0.2947252710605492,0.892257674143477,0.0980404720345597,0.8878495289996268,0.15922586352355284,0.497874271343066,3
0.9010635027888003,0.4806365165325569,0.21393747022376586,0.2825743264956178,0.18689752071619326,0.7424823687364955,0.38204046121749524,0.5805427420758308,0.26820698042091257,0.8935967560368585,0
0.8299373258880139,0.7937593883564411,0.7645945622603285,0.10894818871081707,0.8326592571143479,0.07776021435607201,0.18121569889816405,0.2971530832770824,0.7740065172862705,0.9889290987197923,3
0.9661487286373132,0.2467717179090248,0.24002618724142458,0.9527114340720382,0.29093959184691465,0.20529799034720578,0.7668969075749797,0.36400207456124367,0.677341892240916,0.30892988595483417,1
0.9581460746761749,0.4760139739629227,0.6962127141011759,0.723818518508278,0.82700972337413,0.24946005445414335,0.9390925798927733,0.5870804574852907,0.8458311495138742,0.9104732940174848,0
0.9262781760309995,1.233099370635933,0.2532439652006252,0.025126238036682097,0.7435349956246209,0.7646062734819332,0.5084512626007216,0.5620308077330229,0.5467416326215663,0.6335255753355818,1
0.24773274070935197,0.057384060825824,0.723680595976224,0.2592488933701057,0.25762470023759154,0.9279340218066148,0.07591671571351319,0.9213789163926167,0.23387117914406025,0.6116025962646631,3
0.9750851486313549,0.9413622421021485,0.39286536900042957,0.6568353704995795,0.7858871291978572,0.7258497966100211,0.42200607834210624,0.15108483094457006,0.39782441562780446,0.49782384220847814,3
0.23420586455383377,0.07396337808172043,0.6755159470538514,0.20884655019709342,0.32885624486447973,0.9452710741085901,0.10897062855171333,0.9090222644146506,0.20817241359811253,0.5867642790573755,3
0.28064451573679106,0.6329056495350681,0.35440605091692345,0.7592185471599197,-0.03455962594045087,0.9814342316341647,0.7337910534863158,0.706596073353399,0.8836831083875765,0.7874856343423438,0
0.9385756081543604,0.46506204931475675,0.6468417338967773,0.47117261444994984,0.8300127169725295,0.3477870714304868,0.29793145305235325,0.6927673675640369,0.3527303093469603,0.5035075568189243,0
0.3720307993865802,-0.07550018457090454,0.08064593817880514,0.24165934081094162,0.521507410427541,0.07955225418223699,0.5592702668745805,0.30026573285454966,0.5140427167427968,0.2802074125734237,2
0.7684265274002828,0.7403547760979377,0.08019230432058566,0.7914644501900274,1.2793821170156052,-0.2011548270356699,0.3281815091277001,0.1558668077306059,0.37753368109102464,0.13052792066768154,0
0.9569386624292924,0.06174412290550935,0.880547011376233,0.6893928931384401,0.5749420898481828,0.2904905637225423,0.531211730246953,0.3033578843244072,0.5935743471886722,0.5871050101794996,0
0.8693320764287978,0.5295748717233775,0.6856335944153034,0.7099238839865839,0.7763647540347159,0.34328412588313284,0.8395746206648378,0.5029197287640765,0.9446130331789999,0.9078537299291604,0
0.75877477512838,0.638616896352673,0.7512952714036527,0.4227895960173416,0.8823359136388592,0.9494951360120691,0.3926784165959028,0.28567727541486737,0.1837427887087452,0.36087913291674356,2
0.6768802410242087,0.5838012274346556,0.32017558662539,0.36067040637936637,0.9476638993248407,0.6613151373492764,0.8716275012668767,0.7220635140145762,0.23251364844465067,0.9606925039106508,2
1.0507716488993004,0.522892296845915,0.10096303531321853,0.23030745975752145,0.16889451933761407,0.9839537907881741,0.3386401141091008,0.45992210249969284,0.20092290000940102,0.7305259744479377,0
0.1362502114905354,0.16947394261781892,0.7111834280480643,0.6939046781199265,0.22489062580728797,0.5387256053673165,0.48341501616391985,0.31435776334186655,0.5930580480519585,0.4205525288390212,0
0.891913717998972,0.7908757669629116,0.7843312586818585,0.1349907692090021,0.8142720917605812,0.2534802903480967,0.23656432992962687,0.2435611806990282,0.9314988769043222,0.9516133780607923,3
0.3023169306821019,0.05723551433809098,0.6819123330538241,0.2307954557165704,0.2588759401822538,0.9050759143323212,0.050675714526458554,0.9141143721366299,0.2579593881649854,0.5725806701330544,3
1.0609335311885013,0.18204741333805555,0.4919132775125944,0.11111503428137645,0.5891316152454132,0.701819531329027,1.052813739246856,0.07420682855214948,0.1139216220756481,0.2402264439597148,3
1.0805345061442015,0.016071233401671603,0.6123726924521826,0.5682991402464077,0.7728527216666548,0.362131005095974,0.45987078779058854,0.48323023572230506,0.46832501314792824,0.8315871071926652,0
0.0787075588953426,0.914363255854524,0.4751314363784696,0.381747573752011,0.7274527065873548,0.1812480327693627,0.6274864922216531,0.17082088091769715,0.7195653000459231,0.257183542303081,1
1.0103413880507464,0.39208771118495606,0.9979772839086618,0.4968604045619756,1.065127217344935,0.8759913931914938,0.5020177431127375,0.21488682991473881,0.24267493884893038,0.25123571786275356,2
0.692840203560792,0.606973846124856,1.0609758722735303,0.48372139192152047,1.1673755840301414,0.5207252046748645,0.882614451055543,0.3019666123980665,1.0192906916193178,0.35207216314404843,3
0.3208545874509923,0.6420974546945132,0.5893837898809402,0.3202215983872315,0.9508688768140479,0.643137658880427,0.4433757760063549,0.640044204572278,0.26927470415225774,-0.009791193278166323,0
0.5009407437913596,0.21724913588754513,0.6315662628137743,0.5213837626274731,0.24538975176407873,0.5507820459195253,0.7065407796059576,0.6207145742323578,-0.019798425492539296,0.9196012471518697,2
0.9900276094000318,0.9432851581569013,0.34515505811072295,0.7210351803284136,0.8262927669549833,0.729234080553172,0.46010999750568177,0.06273042992233457,0.3614951280751517,0.4187689474313598,3
0.9518341270185933,0.6637154484137952,0.3567997998485583,0.21594582012431696,1.023587306902717,0.81369923864094,0.6489389691213249,0.7075354463270371,0.23871245381758646,0.9103088389988558,2
0.9394168155858975,0.980057813063247,0.3555464022525179,0.6438942621879243,0.751779729595486,0.7146445038362016,0.38961436847565395,0.14581110281860843,0.4033620074783547,0.5325480915240867,3
0.40936755072933034,0.6290706746115837,-0.11839173163527432,0.48336305265230606,0.6433022800258252,0.7514986432499724,0.6072424684535105,0.8797273974663584,0.13647809601588293,0.5319698381351508,1
0.07908752743505354,0.15948562762516527,0.6992041290890585,0.6469153252402892,0.24811097917256,0.48382457385129096,0.5095025082501694,0.3209866547276067,0.5509145336708843,0.3768674265050091,0
0.9001979081615478,0.06916388286590223,0.3100718655970817,0.10600656250052823,0.7906096687764609,0.6654285820940198,1.0208728763009238,0.10702033437232139,0.16656848250672593,0.46460208459725055,3
0.8561371499975241,0.4194766505417392,0.23113497961546473,0.7144172117373706,0.2633058045006187,0.49467110966442024,0.7118265072446592,0.6442266885303992,0.7859172342437837,0.24514515156630645,1
0.13458580655692348,0.9518278230573749,0.005642689965835276,0.6217370529867045,0.34859559912556265,0.7076924595852194,0.6528222602971214,0.6891855105310288,0.36753149804991814,0.5004627099931401,1
0.2500083171510643,0.1567248406497995,0.09380472264246492,0.9704172224473827,0.34826671127841685,0.3385562936908747,0.3968238436178165,0.5316958520504448,0.4350413832889565,0.2143900789189486,0
0.8161888147711618,-0.09436524474756675,1.1558464810528535,1.1614615562914716,0.5726336143667597,0.5943889720684097,0.17172347364658308,0.4220558647919303,0.5979493137843865,0.6337332932597938,0
0.22701782146624067,0.16552191879636147,0.3347855035451948,0.30957264991403793,-0.01479959432079786,0.34302130823371774,0.5981588322277578,0.7322226753559863,0.7548405661787566,0.5517088319627745,0
0.5049653135827014,0.8772281458011156,0.3542106528833084,0.9413138948754939,0.9093528421036031,0.6497028156006774,0.9826498791237683,0.9323071966783754,0.5006849876637359,0.6367908094912468,2
-0.016066078390883587,0.35606049395700873,0.5117954485466765,0.7287260025886141,0.9698139741023538,0.2122880250095608,0.6432957221409898,0.04841658384219749,0.5795213375553687,0.8578814144551303,1
0.20230650962927998,0.03014749874961428,0.6439255961870762,0.1989060765327091,0.31765012138186977,0.8829481934642834,0.10149328259145825,0.9622319712440704,0.2298039025495705,0.5001155499721184,3
0.3248583600113766,0.2736865079998707,0.33232154068828135,0.8604699377874788,0.5999551408882244,0.4487352792904249,0.287826655309411,0.7243055860981817,0.9107800552511507,0.6319496731090408,3
0.5664196361550345,0.4519610962369102,0.6600115685601845,0.22984623164461027,0.5687735063963282,0.5579249542389922,0.26916185929448777,0.857557948513209,0.8405534465383664,0.33821797952431687,2
1.0443259492623667,0.2850000488819198,0.5315471346639368,0.8753466714880999,-0.003076021177913349,0.24588156543342304,0.8605765212358016,0.4541448409241026,0.598183774207621,0.4758536227369318,1
0.8489018557514324,0.33556921935012435,0.4047012367942455,0.7786763262719596,0.20256253170163865,0.23748750608787939,0.8562413356012105,0.5801706425931183,0.5339161578854386,0.31939309036174224,1
0.6138649575796746,-0.05172545572962314,1.244405068210864,0.3076338916903204,1.0023199584992244,0.8486298673629828,0.5674581588931469,0.8973574096766633,0.8656015173836362,0.5505669084355331,0
0.989220553304193,0.9452380069266602,0.4088494814055566,0.6657131919025535,0.7910232968238383,0.7256720464980352,0.4373170811822462,0.16438061497342957,0.38690483697270694,0.5001089762508483,3
0.14806376381388323,0.8016968157315204,0.4035800204699892,0.6755280267950743,0.8555030458426056,0.4209009973421962,0.7970266742051598,0.8742329674438453,0.32902138114727697,0.3330178320047702,2
0.7319095451416167,0.4004976437990556,1.078258617433033,0.35805444883653503,1.3977633682049808,0.08032823365282976,0.7120810481333915,-0.04451733361736754,1.0921394129510877,0.4539022797567419,3
0.47368431284525814,0.8716790339502799,-0.4607827851254778,0.4151453221102912,0.15868880665803908,1.199337330721289,1.1449283149469598,0.536209694284554,0.19707663417271734,0.12618132271898386,1
0.7205538122164215,0.15172557664201272,0.4004794978857281,0.9805169166608598,1.0568788277985441,-0.029946096457843907,0.27791279134997215,-0.08644041041846928,0.03144521836038683,0.8902895524923843,0
1.0348220512876949,0.4026973366215149,0.18611548253770888,0.3104440183718211,0.04991070414749309,0.856061567842853,0.31019607554848744,0.5526962532103324,0.3035227260455917,0.8353529546678018,0
-0.02817752942630558,0.327914143643214,0.6180122578260523,0.7050629326780619,0.9440339019198942,0.3037797347426893,0.5893730842078472,0.032293983435487,0.5887491503913839,0.9582482758258251,1
0.3153402778136527,0.9647565118702649,0.40796166645689974,0.40081677166887947,0.16363578820140504,0.6285204963337335,0.3651852216080092,0.5556513402042527,0.2923453225200427,0.563010856278625,2
0.6838342631514396,0.3965576647940046,0.9007260542574828,0.43202232501325144,1.050072633567202,0.5006402036157047,0.9779678962370711,0.27817645518679024,0.8905767670854597,0.19856868601068983,3
0.1617698771241674,-0.015373649124086397,1.06429646338473,0.02067637237772888,1.198023286807461,0.9377846043861984,1.2609699095132922,0.8167113468371202,1.1283186640477258,0.10107416945784475,3
0.31974543621742946,0.49028182116646346,0.13962816364266653,0.61291444572519,0.6165849045033919,0.5358485607375603,1.0263288435561622,1.1782471078593715,0.29434748271261924,0.7225332318932934,3
0.3106493895752375,0.9697632455359367,0.40929223152523597,0.40180802080848943,0.16470771564708162,0.6241981054481884,0.36930787480300564,0.5571057734394135,0.2870441564925142,0.5692364479117107,2
1.0278972548932361,0.38857925903626206,0.5123203469980195,0.8796101925856937,0.04711500174935407,0.20268346060408343,0.8409744896672866,0.5439948863774878,0.5493668181161319,0.3422703468925236,1
1.0214633826373705,0.3359828724310629,0.46296644281769445,0.8944475231734779,0.055227582850917306,0.2348990423036566,0.8985576022930454,0.5328689280222321,0.5920334982583139,0.3217406450059479,1
0.24916582144260774,0.15769528071663783,0.10422221297211533,0.9607536819369409,0.3316329692093316,0.34745601212202304,0.40005049210741644,0.5420718503799213,0.4275919880428199,0.21457347133845198,0
0.866395527337954,0.06319557957462837,0.3443084223826167,0.09398180178396404,0.8232440356972452,0.6264724031298033,0.9933685415776355,0.06055882388894686,0.21995563669434454,0.4406055472284298,3
0.73228595839654,0.4499218677819616,0.6314715856829156,0.6393866139317662,0.499002473671035,0.858308988816743,0.7721361327636845,0.23695711778821532,0.2825557701827037,0.8523589617222044,0
0.5965021650654483,0.2053484376866943,0.7646830312339054,0.4621949750632373,1.1552372571501026,0.028534126548364264,0.6196728730975196,0.6995946471129137,0.8803242106111737,0.8845066388772094,0
1.0917453837339153,0.8797002613506923,0.4383671993411934,0.5541783920618674,0.7966116831055217,0.5959328879929918,0.30138951378260526,0.06979420388044778,0.4058547942759788,0.5263974986695467,3
0.1646086215772037,0.1285517886242763,0.2539184578916974,0.23957289522955252,0.803123689896122,0.5229750102392371,0.5166240755934649,0.9652880628752171,0.6293304313350484,0.6059659222505448,0
0.8121927181409089,0.35384988448093424,1.0982451311081138,0.646517939740065,0.8658691694469258,0.5129390513617785,0.8365763929155976,0.39197490747948244,1.004454911215632,0.3044212730380049,3
-0.0059671372236589915,0.9139128003736293,0.9986640724553372,0.30111642345986966,0.6944817655047901,0.16204959888704665,0.4441758186668119,0.027682393771016077,0.9413430172756182,0.096175366709297,1
-0.01572417346799479,0.9295398008190067,0.1149682127312198,0.737561777666826,0.18140480721235602,0.5500348936779085,0.8158070854882336,0.7357211319497615,0.1636435435846577,0.4557520858242327,1
-0.025502138215902408,0.941210586510596,0.8809637614177493,0.33587180671958655,0.7280192169880658,0.16603818821615854,0.4751739303283722,0.029870608559739067,0.7979156426678455,0.1893575756305965,1
0.08224594303232276,0.8496307050810442,0.4458608049730852,0.3376617089997759,0.7130990241636833,0.22130636561110698,0.6569730068023272,0.20265547697887054,0.8071214871084152,0.287058255738254,1
0.9222453310507815,0.638268772646509,0.8097652287969604,0.15966532501479522,0.9427878183888901,0.2664403963366201,0.25542628575580606,0.3518434861990058,0.8630911125909972,1.051338413815952,3
0.8936527962832554,0.17020632746898728,0.13822363150270373,0.5451832835812263,0.4680869461600373,0.5170250083190577,0.7484750442936504,0.8243420441595596,0.8280040008953791,0.12426793938556238,2
0.618098737704876,0.5087921515068199,0.69421342488618,0.25954454436332935,0.5743781439105954,0.6150659240604983,0.34938058823878204,0.7875004402155553,0.8001625247525379,0.35803967565846656,2
0.26854485919218846,0.609140635943717,0.990027987388386,0.34706835583950585,0.26229125851243684,-0.12351768525569357,-0.20077238076228926,0.8977865756306203,-0.016950288350349674,0.9812392374179213,0
0.4255369625311536,0.5164264249410963,0.17304583723052172,0.4400712612233774,0.5824414044002806,0.7678091164072036,0.6997719152410602,0.1495265796263127,0.9153294471793164,0.15179532482649166,0
0.964839084419832,0.556707673976792,0.31171238454524924,-0.27593352731113735,0.6359873205133298,0.22792147677188998,0.7972173895150875,0.594404033901737,0.7740177891332976,1.0972803925603574,1
-0.0068141220544014475,1.188863296209866,0.3095362268378389,1.10317763642526,1.6372732122525937,1.1345208555233415,0.9912245230633397,1.136086116547149,0.49324721171866853,-0.20871260687794185,2
0.05919800337346001,0.8646303871682561,0.4578869816690971,0.3388012125523198,0.6929957527703162,0.2503031287904441,0.6468299421064091,0.2063374663973949,0.7887028351436858,0.2732628548342104,1
0.9031460770883325,0.8715089872141832,0.7831489376286352,0.12674168520025256,0.9845054231235673,0.23099657922571082,0.29740520173840795,0.132142905660927,0.9020078168295393,1.0298807073786562,3
0.6471582193865552,0.4645063269515859,0.5751675423852838,0.5848057083214687,0.7548091189730572,0.9589620081057622,0.4513298509313219,0.21817815796034873,0.2117512472060655,0.35960590049396135,2
0.6510872256121721,0.276356795556222,-0.030714785522389182,0.25671221661976357,-0.009206150713807676,0.9554486300926226,0.4531084960057631,-0.1250279974889273,0.8037718833201077,-0.15450657632086795,1
0.5357596605579322,-0.0034216897792410383,-0.10546308985186986,0.3927138264265704,0.36641553433031016,-0.11984055493172865,0.6126770142652037,0.5738678884394368,0.6749633183576945,0.459641013931159,2
0.4590065152737592,1.0816735745610275,-0.655698141119102,0.8430436292090798,0.9316743625347783,0.732453620314962,-0.038231896121165274,0.7107495793258216,0.15556846178874967,0.15779247972273103,0
0.8837942346291137,0.1293153992479525,0.4174673161619132,0.8618513344991288,0.7172362042420369,0.7394659543275375,0.6104458181937182,0.5931913161549917,0.8393659122691304,0.7608187404989158,0
0.044472056257926516,1.1366510330096196,0.3060234924441775,0.884713359811506,0.7750748986802551,0.6675536932495675,1.0118064908100084,0.7190469353252379,0.2143522200426568,0.2983926714489527,2
1.0098286570263875,0.32498512171876925,0.44285187857861436,0.8399106950977266,0.06386098374125247,0.2247073645645229,0.8655642337589103,0.5340249076993104,0.5330256837735797,0.3632328658072313,1
0.863126476766416,0.1486439170439024,0.4057806130676607,0.8608584137040488,0.7128209608810847,0.7487615739107181,0.5917443973710228,0.6418699717904083,0.8453701893586077,0.7970154729607647,0
0.3799519950570504,0.14739963702285855,0.7553658510720989,0.04718838668006731,0.906667183781887,0.7081007243192159,0.9190162837973007,0.8277326488224417,0.878238393738515,0.3854261350793314,3
0.3680493698026352,0.6142831493576826,0.14113568982580968,0.42550333219782455,1.0049918185829896,0.07024248663323068,0.0030488833227199294,0.4106200047899581,0.37407587614005594,0.26658588911731185,0
0.7550045075477165,-0.3179626636704023,0.45921880593796416,-0.023010845781754705,0.4740969983432987,0.3457947729599255,1.093254912983392,0.15969877777261837,0.36752623841723403,0.6466433961655835,3
0.977567929650169,0.42455010095109336,0.753782050723554,0.871554707557393,0.816103255152552,0.1936832582578652,0.8066970892605365,0.5192788298971317,1.0074558889759233,0.738258393166227,0
0.30995466277954764,0.970730468509062,0.41015523805486676,0.4024757626988278,0.16586731418132508,0.6235509313802249,0.3702539329549422,0.5563978351211342,0.287040957879996,0.5686433691416355,2
0.4656909619899543,0.8533689544443345,0.5023195104251875,0.19981177040332487,0.8753950677757607,0.33193333884270937,0.7544694627877335,0.7235779243316011,0.6758478497626843,0.5774635557199358,1
0.44619174612610907,0.6802843495473235,0.6286295330280597,0.7194299775899365,0.8945635609025493,0.5542786850980824,0.6129255610971248,0.9335042826027459,0.9164194846640801,0.690581590442236,1
0.6501683053451967,0.3448861628622606,0.9426497880830329,0.11243214505783086,0.024822503533250606,0.3731819253934096,0.5578793781413467,1.181517274656766,-0.016436780343140833,0.15980639311989542,0
0.8922155065656995,0.14188652255347176,0.18662787931571018,0.5666215737845022,0.48423508983037783,0.4827042542483855,0.7225825384805988,0.8344799889169233,0.8609405682209023,0.1859773109824718,2
0.49293044691618737,-0.00509365173287224,0.891323666915146,-0.20971141351783332,0.9886665033929332,1.0727175719023976,1.2535419563926447,1.1287437182491893,0.6744113536921091,0.35261592022891886,3
0.09510608335224602,0.7397339827446068,-0.398263099270282,0.7037336896523926,-0.18826857024324395,0.4743931756195636,-0.1752547539705589,0.29436181778482295,0.5795302577659265,0.3972896054253629,1
0.7218320333431594,0.9589625404069282,0.3056698018193375,-0.21999070914957852,1.1157700710896854,-0.19454271833035425,-0.33038533774238843,0.6383006898197274,0.5970449379270928,0.735609518733873,0
0.9483312622610921,0.21479204332268753,0.7616413491110184,0.7580018163059501,0.6399155340070779,0.3120560221954527,0.4572913632377766,0.4108440090951375,0.5516282677005265,0.5317214331794783,0
0.30671581618914123,-0.4157306269855025,0.02519967322240933,-0.25548115341963495,0.9631337960019705,-0.04300937141262372,0.023375838617605338,0.4471254816484311,1.0242242991314745,-0.4003047971979026,2
0.7522043139694954,0.6516156884692685,0.7354194455520817,0.4431145176053927,0.8660632118388388,0.9661060255716509,0.39163296304169487,0.30215833997472163,0.18427258064020552,0.3804645239030515,2
-0.09114136048162158,1.0638876529949044,0.5589069233963467,0.8455250597863844,0.6989069555005656,0.5975645078372084,1.0722201654473857,0.7658943240924072,0.15301842625785345,0.2828934409590972,2
0.5157189727561493,0.3031615149358808,0.8107631726184193,0.3521773088874054,1.0709653644291872,0.5952415961984886,1.1673763707844411,0.4686251897438902,1.0649945914981922,0.17053866044279023,3
1.8047091411026672,-0.24325257501416586,-0.292453854981756,1.101830878677591,1.2995759411546246,0.16616866164694916,0.5708285561699216,0.2456467847037142,1.041615826570792,0.7371129201786101,0
0.3476487737941859,0.6484995727387352,0.6373118719901123,0.883478024009043,0.8002574963602098,0.3301162596843734,0.947326278866875,0.788029847486551,0.6028198401013348,0.1252735087411495,2
0.8592432933944105,0.03792552050207705,0.32812192759057174,0.126653253801433,0.8512552047444918,0.6167727048907792,0.9723755235678904,0.05185071393789558,0.21925716525216407,0.40784967084106494,3
0.35968500719439256,0.6165943384370575,0.7756188866342894,0.6737934254979044,0.8413516598573673,0.6286495902938217,0.6941315428256042,0.9229269632636621,0.9713021053875082,0.7929052272309941,1
0.32395354490534223,-0.4621498587788926,-0.1007823983908489,1.0946507635601215,0.8404730901195747,1.1142909929012985,-0.04371176419201592,1.3803835790781211,0.5285596233935798,1.1291708407606666,3
0.05757066220169518,0.921657908185301,0.9471798164284919,0.2218214922569554,0.6499486591805212,0.20071866345516148,0.429434988268729,0.02911422594048945,0.8956134264716581,0.1157648505028748,1
0.9091742156273294,0.1398099174089343,0.1925205901422189,0.5749079224737267,0.4960389075800721,0.4640744263077823,0.7286289381939708,0.8404410369751332,0.8686400397092889,0.17886695222082447,2
0.644865664026359,0.4841272943369864,0.6431800955726559,0.17857196665098263,0.6544826703296235,0.6125032976843142,0.3696783316375496,0.8589573356839912,0.8495707072814791,0.36359483933437414,2
0.3614364194003712,0.36787470897741087,0.06881110304933744,0.4988551527059115,0.5905078389913105,0.598549020589201,0.5230289673737237,0.29633221501486945,0.7640659641087855,0.24216731273390082,0
0.18732127360365428,0.3899157668504304,0.11537807127164695,0.14885583564936195,1.2848653693794643,0.18819492941052585,0.11395964205498472,0.10350046642886718,0.13885025351460636,0.4295056276531477,0
0.2642633414406555,0.06686321297419232,0.6843654305142113,0.25354506256361575,0.286900628461027,0.9548000080142327,0.1012080880850542,0.8870286785859283,0.2069354380539393,0.5271379390083362,3
0.42712963576067287,1.502311363543982,1.124548436721009,0.7001149694143217,0.13639449467003018,-0.08801585525365352,1.3937294941078808,0.7630798401719779,0.6644097394126244,0.25676632028501,1
0.7423093841608659,0.18767020713333157,-0.3975067684737079,0.20805519609053177,0.7468610583739044,0.013310220916689486,0.7709491721498585,0.8785671748609138,0.7265414506190963,-0.055197093297021715,2
0.11933098998937056,0.3598554736487086,0.23728008197467498,0.6888266136050136,0.741160693029281,0.6913609510235766,0.5146499673126838,0.4816920950381096,0.9332143097253971,0.47230880305526124,0
0.08412474228090652,0.8883908863579237,0.41408653932605194,0.2966801124341009,0.6335441570482258,0.22462650723449032,0.5952868594500729,0.2513024773843479,0.7522859758749494,0.2152188085692704,1
0.330199390349792,0.6560558549693633,0.6484100470116355,0.273461440988305,0.985123406763035,0.5884178204786432,0.469259271626391,0.6289232084858672,0.23886187885967183,-0.02080204542232057,0
0.8513770213720859,0.1123194199438754,0.41941418474894976,0.8799904039614989,0.7446696544084207,0.7508742184295661,0.6070047873663861,0.6427437318567389,0.8678059119913506,0.7764308275374276,0
0.3082976256684705,0.9685126521579706,0.4090950803495186,0.4017411818474955,0.16631254865498643,0.6239855885514333,0.36986411888987664,0.5551951157568235,0.2849791334684266,0.5682818358368451,2
0.04476324075220761,0.3794342690691553,0.13921834233796868,0.24218745120462648,0.1825914600241691,0.3789758495112598,0.2648341861851933,0.7521689361556717,0.0510869497670886,0.23704141176421029,0
-0.08586274002474201,0.7419007366204124,0.17496504959176307,0.6877471578357452,0.28219778086049624,0.911452693086209,0.7579523326617785,0.7711488550333102,0.4888445513065973,0.6380025098031321,1
1.0174482440106136,0.20335465741211844,0.5002464850728776,-0.013866459718042262,0.8435500187960897,0.7250527070350565,1.0754613585009742,0.18544541552980076,0.3077362805332091,0.47022226876579976,3
0.37960282771544845,0.44370958345687533,0.10804196273295819,0.49587735595813615,0.4928910883334178,0.5251746544034259,0.44745565281031413,0.2593916995915152,0.7854481513429322,0.2991217779681448,0
-0.024809268284985142,0.5297799193922463,0.8291327748022568,0.8279787450485718,0.13973923388741688,0.9307464274333257,0.6571182377247633,0.5642369786672635,0.9553983562227399,0.7339089187166844,0
0.2143062252634701,1.4852013216703486,0.7244801710774281,0.7146417355452092,0.2626427182713471,0.65447640885344,0.6112405786251119,0.22162398100496056,0.6087145166015187,0.4039325327478732,1
0.8558387826725665,0.15668179601864798,0.3994317691902665,0.834946420875952,0.7116616197944291,0.715302428874384,0.6037921175933527,0.6528627857503467,0.8035301753939709,0.7918925545453278,0
0.6354923462289708,0.7232871972740744,-0.17435858764087203,0.5266145395781838,1.0771794032118345,-0.11883533391687057,0.18022933707988062,-0.2360729052845305,0.6705211019580161,-0.30397533685139366,0
0.9958026752449425,0.5269137260948474,0.7328669508745438,0.5266814901345389,0.8993086459794888,0.37809378109782776,0.36405435387404844,0.623025901740858,0.4008888943407864,0.5671714731541045,0
0.6203171605048677,0.5245263847021341,0.6570832571424668,0.23087798089638778,0.5450231752436494,0.6445755126959265,0.3176433430211801,0.7443608415971427,0.8393937560779536,0.350207943402813,2
1.0379148672621277,0.5942327030404304,0.6669979532482107,0.5145809740967824,1.0298568517422029,0.4112282016349794,0.2559315422335447,0.6112776065584531,0.3328039114703355,0.6225097659155148,0
0.9769530240634766,0.40055252639889627,0.1170285328519258,0.35074625541219073,0.14429451677845334,0.8927548329104007,0.4012296101706685,0.505659579197661,0.3728509212465271,0.7509401157391201,0
0.07947617874002913,0.985552016561878,0.03892581075961987,0.7561090798230974,0.282153172322836,0.6909290449729503,0.7563720624387686,0.577325788662852,0.38119956887324297,0.6305609463647233,1
1.2148402724074925,0.2756212800784669,0.2631178482239439,1.0419125585463895,-0.20190097637974763,0.13996921436312681,0.8213400321345576,0.6835794230017687,0.6941982531140038,0.15781447582006555,1
0.8640741381041994,0.1599291690703583,0.42972541323702057,0.8652322019697881,0.7332799455061642,0.7395997310565834,0.5984269264161252,0.6172862074320358,0.8378366809292024,0.7965702951801262,0
0.5164296293000725,0.869566360581167,0.15972498343313696,-0.05506091060028245,0.8111952657806177,0.4464980939875539,0.9968895611757637,0.7338691838722551,0.7160551844641702,0.7921076722062859,1
0.8038317915086965,0.5393736965484819,0.7752736463814951,0.6004457502694549,1.1003720801158339,-0.18539706206329631,1.4282601152178145,0.5223075250885882,0.6249629876571197,0.7694407964252272,0
0.9707143228114541,0.3524205510645358,0.0915504339565123,0.3170116750759938,0.11745046907617801,0.8621394229787499,0.41210398244832636,0.5359391956284426,0.37806394375604535,0.7712813232760494,0
0.32263947062999215,0.3236777536340463,0.4193270209403251,-0.04558916000434482,0.02189789371034688,0.059075149960678836,0.9036735979188412,0.7401357360390838,0.3145108465932782,0.8149763248342853,0
0.07995822749104911,1.2891689944409048,0.39409758378032156,1.0079100506780805,0.6733412677651607,0.3524140730303179,0.9735846560261299,0.8495302912926167,0.2671290968265715,0.15138982320042402,2
0.24088242729977233,1.1447454840195799,-0.042634058757786156,0.7294560863254675,0.17629301607412293,0.7418981459448014,0.41824951876201166,0.4775353285553866,0.38052334937592897,0.49893665985422475,1
0.2604879412346389,0.0796094591120508,-0.12878827907259727,0.34907142317441076,0.22010837916271497,0.14097740450419893,0.4071890817233507,0.525122252257833,0.4188341564158727,0.49209025088323427,2
0.18202404001366093,0.6096050935141671,0.35857933885002896,0.4734507939999047,0.44021511892431897,0.4409338149293932,0.17215883809643387,0.688593290744252,0.013027749545420596,0.4738359328771767,0
0.04078668842860189,0.5258323989075705,0.4663961315139171,0.7398777456632517,1.167221833519274,0.8028327136042066,0.742655612557529,0.7970858775844661,0.6344761461077604,-0.13853950351521666,0
0.8954005429246559,0.34881014494817886,0.6446600704350273,0.44427004852442065,0.9385056305005632,0.20329304818528657,0.40595821862759324,0.5536311240870514,0.4522261944220623,0.6114603447503695,0
0.806529549061259,0.8709155278600413,0.34573527731661624,0.26630169202826903,0.14625616053446397,0.49313652215660053,0.5230768876942553,0.925625718131696,0.3865012615797147,0.7199211365086267,0
0.4028932942071564,0.6499823712846364,0.18230742457803312,0.49651649605532183,0.3334610781264323,0.6995710681503372,0.33288892307891416,0.1069641783116261,0.6576921038352844,0.45394998508786133,0
0.591254758401434,0.7617811412462361,0.36202475039024573,0.10450279426653764,0.8885314419636586,0.43408455018727193,0.9008335473230146,0.7567202382089597,0.6933310934765118,0.6954122716747084,1
0.7010577161219471,1.3064611300318285,0.9829265300983818,1.0103402685278366,1.1875251042372832,1.5416624070832774,2.2825392787898124,0.25966708775518493,-0.22012210397569654,-0.6600577774644507,2
0.11965462246207045,0.6123285484499756,0.338843267648217,0.46826523675177134,0.35273218207151286,0.33144513692783395,0.1780008457847368,0.7194573700261273,0.1063947563793106,0.42196843322466193,0
0.08356670413839098,0.13837920758319758,0.24133372326230132,0.19101992973965465,0.8857306801795394,0.43430762101948817,0.4344801282717371,0.8204922853196581,0.6176289798531462,0.5521230563439085,0
0.07906312247885282,0.9160764868387361,1.0603572756199986,0.1849666777021945,0.6061134591384658,0.07639314107595596,0.5217418053894944,0.019842440486785587,0.8966782342118673,0.13195482200811673,1
0.08663546967270923,0.8983190889582109,0.47529284901239177,0.308508971892383,0.6701905643166356,0.2742856240428886,0.6529126496644424,0.25201183157348084,0.772464867138178,0.2375443770873592,1
0.9456972187164837,0.8467713902389296,0.34499600517345785,0.797127862772436,-0.14680615713837558,0.5147708684110195,0.6584929220534083,0.36118000406943485,1.0938830370561603,0.3470805733402241,1
0.7736540794637237,0.35522624947067216,0.6325237782849098,0.4533429129006107,0.3584072741395616,0.4258734762120343,0.6889613865122314,0.5141865394895955,-0.08962538972134423,0.9620538684497089,2
-0.03527874357896785,1.5942187877674927,0.09519943832881264,1.5509775205255454,0.8118074380540123,-0.020838753863662962,0.9679492906223388,0.8391990568986042,0.13498805942653785,-0.17488115242968172,1
0.13938663970693677,1.0600676341870312,0.16572796933850387,0.7339869048616114,0.32638471687079207,0.42675382978014786,0.4637193598057312,0.573979693749106,0.7931960441992515,-0.35018546640938014,1
0.8465214426918356,0.10867055974707107,0.29028322360166403,0.5092006077322166,0.4460625997474063,0.543623456993609,0.6980384335677118,0.8979915102584146,0.9434438927210669,0.19185855688994521,2
0.9352048933475258,0.5211541624446436,0.7419755841507829,0.509814280093535,0.8301786324403384,0.43466763029907185,0.41061291175247067,0.6405283383494577,0.3521024290801124,0.6053035126304124,0
0.2595104502652837,0.05635654115128068,0.6622547753373795,0.25525766160482655,0.31940309139246786,0.9372325985680409,0.10409746700627175,0.9051965299680281,0.1882918658278549,0.5642203864894079,3
0.8122763638380759,0.4899279468167862,0.5029031935727639,0.6378926606377231,0.8226175143075148,0.09384300968911521,0.8722209282529535,0.7677702931689109,0.8463954687789104,1.0416547438853885,0
0.8459824084866638,1.030778367204389,0.25363111253163806,0.5472529785250368,0.20264646426598296,0.5462835019624463,0.2703033450196121,0.7830373695160344,-0.0080644559911216,0.6237596109097381,0
0.4778915711021382,0.526467733885339,0.4771397504713014,0.2799831029710341,0.6597346379020002,0.6830077766854842,0.2117789385663038,0.8811213086523833,-0.034786073565096054,0.24238519780446088,0
0.24984749884713994,0.022733221416988025,0.26173489275718737,0.14732375627666036,0.6084941389976578,0.5455895950831027,0.5018972957090293,0.8093096745720365,0.6887642066868933,0.4363417008689517,0
-0.04306362336624142,0.12427593354142742,0.3754693742070889,0.17938322149882463,0.8516516313440065,0.6298026245264882,0.6876975479542615,0.9850450296119796,0.8923137610491779,0.5513052301737881,0
0.3381845508833621,-0.08823178623971153,0.6716551054818478,0.2946024944543203,0.26718332106380127,0.9188128692380849,0.08699930553687342,0.9577470808122869,0.05723463289437247,0.6374609302647788,3
0.9141428865524603,0.14329108411458827,0.20148834779611294,0.5693543908675811,0.5007299662159244,0.4625120251657109,0.7290710999340515,0.8306978165379533,0.879696991554106,0.17617220807352263,2
-0.13707139023715276,0.482311040189952,-0.03133799479158589,0.6883777081995699,1.3842269791778214,0.4312207725359987,0.1555135071625589,0.6090499373411083,0.6218970298253483,0.668510298084019,0
0.2647011895277453,0.7316726537652536,0.47489588498933083,0.818251511351672,0.12662404806974134,0.9158271313425124,0.6454773886990118,0.8490660764524403,0.8076345209130217,0.7732908991418063,0
0.4477729395779389,0.2226137729242314,0.4312807909804433,0.672630712656319,0.6649738097446936,0.6018705146890275,0.2520804447953804,0.7927502086944057,0.8504780799461047,0.779773265450024,3
0.2530995911875398,0.02146393533580641,0.6206633913706605,0.2478319826944594,0.3574763912796073,0.9588835982887779,0.17483635387156532,0.8290048805347836,0.14809224774784188,0.4097437952336841,3
0.5399060653218776,0.7446803163085683,0.36024971007556084,0.038238739779456896,0.9512473695764087,0.4577526594173609,0.971748347494982,0.7965509747123706,0.7312173924846197,0.7595051545215149,1
1.0137969615073936,0.547632509896013,0.7506500429047064,0.7859937384534115,0.7827725945476949,0.3981681088431607,0.2559634313753054,0.1712179400994489,0.25019488679613167,0.8741379490871586,0
1.0277768618602643,0.9701393942450308,0.34677468497862,0.7057904712674621,0.7937144699183134,0.7328570417432502,0.46274462260938537,0.08461524575462832,0.3654183143927332,0.5517415080339654,3
1.4327365241721268,0.6205020746377539,0.4644086477903362,-0.1343922047169273,0.7217514734940141,0.5011347682266571,0.8980560314224448,0.6053216591945926,-0.1601662112740163,1.246146491209695,2
0.9554229261467615,0.5773348721576768,0.5022201028117003,0.9077761822079102,0.9725838933948319,0.5300670314502467,0.8223863103215258,0.35814581554217056,0.8149649872772078,0.6598735987616542,0
0.6270159942385689,0.49689067268942294,0.6672203119877752,0.2224152362116577,0.5826262777447817,0.604181607814929,0.3479301981845128,0.8054367033732412,0.8113027900252837,0.3773422990590327,2
1.0135135580633334,0.4741072930337406,0.11114329013275139,0.3503709759927177,0.09585820952863407,0.7826486351187184,0.5498701690730228,0.42652920557206375,0.3405769278134368,0.7105858611759521,0
-0.03875907992339017,0.9265240327617557,0.876253135009682,0.3260920877960295,0.5723366618120295,0.12587015090763679,0.39525612791629866,0.08703143252243571,0.8786494097478036,0.23788436268160226,1
-0.06031733190019489,0.44141208746969585,0.5345207490589655,0.6838763843659669,0.9346919564914545,0.3261247431833913,0.6829526215004755,0.00446611930353193,0.5794657277341083,0.9025794607616302,1
0.6142049475050716,0.5045128523527869,0.6781252254102199,0.24474637012929484,0.5696838989229378,0.625985657094446,0.3298782999677772,0.7905271638679344,0.7864404115398715,0.38971471238482847,2
0.7476845991014411,0.6526893049780728,0.7315188618592612,0.4412938826518701,0.8686272184791506,0.9651501853095746,0.39843242090055053,0.2990430334154336,0.18530674100158445,0.3798571545384904,2
0.8527343525692804,0.7611716463168816,0.7376828132172625,0.07605231670196998,0.8891062921357952,0.15362323037659226,0.19948958768979844,0.2312377904069175,0.8298725075766705,0.9437507840650892,3
0.9909896089064117,-0.27524260822836055,0.4996729539148681,0.8393443425743691,0.32715834701083046,-0.12533342495796723,0.2349054941958009,0.5324020975662042,0.6731970312199302,0.5756311576722745,0
0.09553849015376806,0.009000076587535372,0.4381046674740003,0.3984352193477174,0.18241113534844886,0.6048983724526146,0.6358500137995474,0.37336442735988695,0.4645910000796698,0.2672391424685743,2
0.09446133773501802,0.8427198112208883,0.4275122658599853,0.3479584702749526,0.6860298875551968,0.17309437802687433,0.6713331906559045,0.15240483094501767,0.8303266608474551,0.33378820549461746,1
0.846438275733939,0.7788820520541335,0.748045576986914,0.5800297282234931,0.9895309732164966,1.1005056744900383,0.4110378538277758,0.3208203053199059,0.18046839955834693,0.34448618970793654,2
0.3094877656672233,0.9695890862235005,0.41046049551650027,0.4023918236058744,0.1659522402179816,0.623203468483752,0.37013984191695554,0.5562736657692433,0.28632958722569174,0.5680328618013396,2
0.28275113689603926,0.8429394757736534,0.31525613416697607,0.8238464639877205,0.5030904212621408,0.6221078162501799,0.4956106163409685,0.6723548864706141,0.8309423778496735,0.7183109814619204,0
-0.05377647530073154,0.3384797805513112,0.4989262171704542,0.7640964589081132,1.0228282886321822,0.29389065722376545,0.6016791580720859,0.1012986724816991,0.6724651989779897,0.843419690618161,1
0.40822025269864237,0.1442889337279013,0.8276725202814444,0.030576938843504393,0.9446883158026443,0.7605994338733798,0.9771901258654934,0.9177942613088887,0.8543000793702787,0.3655247988443768,3
1.309755355604361,0.05051968660070383,0.3509329997115693,1.1102653181601023,0.5063101555820324,0.5270925463477882,0.8028417686402538,0.9334860801110867,1.0454203933855837,0.04977903018395036,0
-0.009347041356437012,0.9096529174830766,0.5058169114352694,0.8425876031182009,0.8116635616376977,0.5436931418782167,1.016061957566738,0.7024300044099911,0.20791190506330673,0.1795998713503626,2
0.108530097867724,0.09557656174503602,0.29552930354301826,0.2740936165914277,0.7868532051691453,0.5044644765388593,0.5553119869104519,0.9424869044937058,0.6670114380194196,0.5722562044800379,0
0.4273047003107936,0.12686581718058806,0.29190737397645883,0.2543020844416787,0.6725574942261117,0.6313302739592155,0.7101602548619251,0.1047408396407615,0.5631080078770602,0.13391430548637717,0
0.907054934762306,0.5686068241323088,0.6481076470298821,0.46190963039252086,0.9886073517850855,0.3955150876147226,0.3737253453014236,0.6143353774667514,0.3328187720520429,0.5288635091801492,0
-0.029885013950187667,0.49963459227051055,0.33594275000734625,0.8164438763816072,0.33113417958849345,0.45239165871135134,0.5566908305519243,1.0992887238708104,0.1560947135329208,0.6926416941167945,1
1.0295393211504091,0.9224909634749096,0.3586261446213377,0.6348425095710624,0.7812167412035559,0.6872624106988163,0.3694446683681292,0.18049541611288103,0.40719785598741226,0.5462047779168708,3
0.5071031002510568,0.45830827305283767,0.7374636880686535,0.25672074232551845,1.0119967336258167,0.41605227396549976,0.47417923513328286,0.5089301359799515,0.30183236315546325,-0.11468609607608388,0
1.0515242568267682,0.1931948457398442,0.6748331897669283,0.4389309688460468,0.40020297910788866,0.744306975685779,1.0760458668494712,-0.13173591744350382,0.35518073294398195,-0.28368547241050945,2
-0.012220840604871025,0.4230233374897317,0.5483355700203306,0.6814140525118079,0.9920623203284122,0.33670139800336496,0.6598485537605865,-0.03690349133330882,0.6212367274508673,0.8794803155301321,1
0.8175553324259865,0.6674125010095643,0.3006466606066116,0.27111061513982015,0.8371017296448401,0.6281252412534654,0.8233826502627477,0.7274869030644304,0.33744422846751954,0.8575771883727493,2
1.0070475162485968,0.5328060106615998,0.7563146313159222,0.5376733668690823,0.9561970079781075,0.3121329906749582,0.3023068133463449,0.6743040681368933,0.45847154981865906,0.5441343852696054,0
0.3204763813505488,0.042095363102590516,0.6435998663187007,0.2202771291926515,0.319490993032892,0.9274942936510151,0.07478343055505124,0.843531610585207,0.17182067439725418,0.6151885664520554,3
0.3797653845897077,0.059408675869640326,0.07225452202596562,0.1517260723787904,0.4352071764640396,0.05093448292603793,0.49861156990214933,0.4024339139178018,0.6023049778982144,0.23941327892285727,2
-0.057878402576550206,0.9479684155525954,1.0807916607968928,0.2194921678537255,0.7330578205823831,0.27250812157030874,0.3247773094338487,0.042858679964358506,0.8215833321974721,0.18027670455652772,1
0.4458097030782169,0.6561115882682201,1.1124889375675542,0.6460400404182746,0.9143739257763835,0.5895228987785859,0.7779231522739203,0.35422408317642323,0.7972738641379256,0.009841294490152613,3
0.05779030648383582,0.20058503887998422,0.6455018519002673,0.6006958164810255,0.25588855027687335,0.4640698820278313,0.4816512881094849,0.34055202060738105,0.508623071076551,0.34702262436316905,0
0.1190431204320739,0.07728362875291242,0.3375003964547024,0.2632552288246973,0.7778701087335141,0.4522576785011921,0.6387744940791039,0.8254381388046445,0.5689141639713472,0.6832717074511954,0
0.4226947148019743,0.6028839236679547,0.6253078863228505,0.41287950247955213,0.6946295983889647,0.7441956555894174,1.3212532112657753,0.7006729789286146,1.0135946201387822,0.3165096673291175,3
0.6496450553262207,0.6487893543115208,0.6494359501248901,0.32116002916484043,0.21153576114123135,0.6055070835838143,0.3594931912339915,0.815271174494401,0.32071604081248417,0.7746587800031242,0
0.7905460341068129,-0.17033289014878172,0.8948447161008941,1.068240073561774,1.0420506003032863,0.5812928270345276,0.3178888974069099,0.1375907581160571,0.43848201226266614,0.5663708218444857,0
0.22891396646270487,0.9520908627081004,0.6677194822865959,1.005675224447317,-0.04090805141331649,1.128007518868032,0.8771183574838753,0.9518650976958961,0.8646939125318819,0.6788321951996212,0
0.17199940587723092,0.07276675245346521,0.83717966630649,0.41035190261531,1.2438494447662651,0.9730845156433919,0.6998001576314883,0.49783583899560147,0.513669336532917,0.19827417239220363,3
0.6618025653419379,0.6731309149513898,0.4933540739449241,0.1398677023694941,0.18923371549171802,0.7635111078050458,0.1407402535762033,0.8418344306195615,0.18968204442653047,0.6854961959904707,0
0.14257642395159942,0.8465105810352945,0.43287693076804806,0.23486494072755643,0.5533318220038796,0.36663192196406863,0.7722979220437702,0.09556953563345379,0.6526584873306448,0.27478391658424045,1
0.8287985455337434,0.6115845366087529,0.8816569223953621,0.4623791736160125,0.8567542391376252,0.5645812182097789,1.1230668495283211,0.5594548139063442,0.621728902892586,0.39632979586659467,3
0.21411284888767362,-0.024074216486382388,0.5029234679989857,0.43717933502785344,0.32030595443940707,0.6192506739372527,0.690621055803382,0.2936165995982725,0.4011354124450093,0.19867151880662348,2
0.6168776772366557,0.6682671880551063,0.29447778777425804,0.05008753927730282,0.9453121045247462,0.3710966042154186,0.849610124215275,0.8174327391315476,0.6439953163356603,0.6290857148723304,1
0.0384517993608607,0.19080662918711236,0.7443197343603304,0.5794961790113458,0.30746264132893436,0.48358552693524953,0.5421754633936386,0.337217527573647,0.6238901817459773,0.32532427520461343,0
0.13430848713260746,0.13835298180924738,0.40297769458585997,0.11485377343904334,0.09285902023160475,0.20972089241605335,0.5269614125174187,0.700301753867321,0.8747595754779183,0.44613899779422556,0
0.8716074394517674,0.3606654862472377,0.6795726614949745,0.8613555332069515,0.7753124465842941,0.09956510092533172,0.9097139675380397,0.6470893249869151,0.7621036692455148,0.7479451486223581,0
0.016058202740157262,0.9017427914850775,0.9882970815667288,0.2683318898072432,0.6910672745029769,0.14392893307474697,0.4352914762726619,0.052302234307624616,0.9000914145387238,0.12532666422559782,1
0.7245371559593017,0.5367460566519147,1.0074699808342253,0.5536276352938617,0.7941120810726244,0.3782406635365976,0.9686811315480813,0.2143598878598071,0.9551657524487884,0.07646711728991783,3
0.03856223400744585,0.33105681315628516,0.7710914155292306,0.8865207962218049,0.7543476449394101,0.24975088535844017,0.7566498409623861,0.12368513829379574,0.4745898192587521,0.8839542850721681,1
1.137236061057819,0.8419699574322799,0.02153493766794462,-0.03215889688335544,0.7991100717736636,0.4860352441522507,0.8474030317274078,0.9976040157874342,0.005455679653393941,1.0614563068262535,2
0.49752984561556124,0.8790203745118395,0.36156407935564755,0.945069574353213,0.9160098046871868,0.6555378023272214,0.9868524903981724,0.9242990795839631,0.49102345917388357,0.6325938962806287,2
0.9265521810958013,0.4909160494868661,0.9918809101762924,-0.09173149940892703,0.9402008953703911,0.07495695568241756,-0.033168788570171276,0.3339377832115462,0.7257368390113266,1.1083072986868119,3
0.4977514827726047,0.5193280479974918,0.873285744258691,0.6501477773308251,0.943743972266621,0.583609567681011,0.8647173316990052,0.3610725098524657,0.691643675882315,0.3436855046299797,3
0.2658522718995088,0.06371212082081161,0.6805279825223857,0.24917060901959148,0.3075000395977343,0.9424803133780572,0.087820469440844,0.8896177978574992,0.1992920470735606,0.5580665518040824,3
0.6612584958033184,0.8197117190966328,0.3734343885521096,0.08641568910030073,1.0213864289474723,0.2982499414474072,0.9676164679390767,0.777641141671255,0.6583348105992125,0.7235933257751953,1
0.73661955254127,0.949442640428296,1.019433580215922,0.20523102123219472,0.8561685518743101,0.01941593482591969,0.4197410468751176,0.397571446347343,0.9819289847501711,1.2051402233291297,3
0.6297346830946324,0.6784552893516584,0.9608601229851454,0.4080914368995669,0.9176974075380138,0.8449136275829245,0.3531308841634794,0.07213386580696046,0.398931224389089,0.45410389907761983,2
0.5133659574711184,0.8945618244036891,0.3572288138716065,0.944961416137644,0.9002876519938774,0.638983883667398,0.9830877996950862,0.9310610998804666,0.49819015647929127,0.6373173367722357,2
1.1211857173274136,0.6211773310423708,0.6788718258390708,0.8514146794927094,0.838487222361214,0.3201815552558476,1.0896947779180035,0.6481256590533743,0.8036005132343074,0.75897943627433,0
0.10458843361704517,1.037758885962643,0.4640780299481139,0.8101896540148654,0.8318553779846433,0.447968890851529,0.8963264087884958,0.7570532106442968,0.21428304530458894,0.10953699116515299,2
0.05788083278135888,0.9479243846432164,-0.08691987724966112,0.5975011961343125,0.481368396347339,0.5800409070824767,0.6321020934948317,0.561883267387069,0.24792257655398758,0.41632866671152885,1
0.7451631243200334,0.48599739839778894,0.6133148472703077,0.7779063008903364,0.3232825119888324,0.8995215362515356,1.0807526794272297,0.39797507747171074,0.4807997993086998,0.885827052114938,0
0.2358235984233003,-0.06547493603808943,0.3048853181367332,0.04960560670736158,0.9052548072933696,0.30786435054626005,0.5962023879736065,0.8403731630896827,0.7894282702640114,0.7180066281757884,0
0.371856054276566,0.3555677554014008,0.10029407281964288,0.4965328614181295,0.5587320553722168,0.5880694977828436,0.5100717503555383,0.28246322674239516,0.7844645164632893,0.25817832626159354,0
0.37846856986220634,0.2662151787184823,0.32349270204833597,-0.17463386287226118,0.05157424978690739,0.4013757445274266,0.3912924940386274,0.7380712212476694,0.7391182940265074,0.07466828877281273,2
0.0396874822544965,0.38676109021069893,0.5469823171282213,0.7448595340452443,1.0361875879378508,0.24395835533769303,0.609674360940284,-0.051256360024805034,0.6976291038330005,0.9433843946094054,1
0.6160641086205262,0.5066758978456635,0.686434636477375,0.2552246118796582,0.5873018142703119,0.6187941542349851,0.33399370829604424,0.7876015441214381,0.7968092829680375,0.3613906199738368,2
0.789257110168312,-0.023320975520737988,0.4192879537481108,0.03837804428700083,0.8106510624378758,0.6715848289869822,0.96466666408647,0.022573188087066293,0.15303980562051095,0.43143985336324203,3
0.0906059147958564,0.015287097336010573,0.4339555890441172,0.39012204955212765,0.18572811293816321,0.6040063643010711,0.6360334396801205,0.36680372581160553,0.45982253234366044,0.27154819880658104,2
0.2583737089131146,0.049623374128649235,0.6641098377810096,0.2524889306902323,0.31318390893551207,0.93714718050475,0.09622054085668721,0.9003511505120015,0.1939664664771373,0.5528435001643073,3
0.027756949854797052,0.384605484289218,0.5535842800396659,0.683454105927279,0.9730592831685538,0.2692829308714591,0.6600155059122034,0.03241803867201722,0.6390862215954254,0.8904435678607892,1
1.009792278398128,0.5423602575439396,0.7659406348932395,0.5532377499246759,0.9049479634846516,0.3431030930075616,0.34551638844725774,0.6201310532230708,0.4170079877428784,0.5667814730442203,0
0.8710494544433501,0.7937630505895676,-0.1383220757766126,0.3990749001781111,0.2847467741539723,1.0807737999036746,0.27282756863760693,0.21602047734614904,0.7044040152492596,0.2703455588305318,1
0.7312835086277983,1.0689567154822859,0.16681643422257159,1.1836879623742216,-0.12196095885258504,1.0247650995380488,1.0424339528582014,0.982261877814737,0.8231455341272009,1.2495954704182113,0
0.5069298621668344,0.4665301600197735,0.007465550083324862,0.43480320498322933,0.5581083691528205,0.4123670724388565,0.4511616925139981,0.2105671202413514,0.872644920809649,0.3454990950790371,0
0.3095845922861262,-0.03688672506399218,0.6360738030425989,-0.11764756597204407,0.9886386531572546,0.8984428642609447,1.0549410987457188,0.8297068728498262,0.698494066160594,0.20370820722000219,3
0.9920429817981113,0.4151343554848075,0.7269583694924544,0.6996027590800374,0.7922726716734712,0.20282710390070677,1.0016168044257443,0.6119060493167213,0.9777969383870415,0.9797779258497452,0
0.2110249252543798,0.8607744356800674,0.5786108509347004,0.8666245823801662,0.035425794499106794,1.0343015364135106,0.6644947169403509,0.907260281893978,0.7734511093555829,0.7862467246505637,0
0.430460625090587,0.33514374325791213,0.517070055720067,0.5674731583323406,1.0879298614185977,0.6772648216738214,0.6937900677290723,0.5242447299489322,-0.14600036979890935,0.36118021093546815,2
1.0332113715217244,0.3442035443378306,1.2245055614743134,0.7605608124536807,0.8858347555048405,1.210925616824971,0.8280944177075185,0.7967657305964624,-0.24527837334731,0.8839856422750578,2
-0.041827835126054036,0.07774560239093031,-0.8127345646675967,0.5439240716910806,0.03471103066951203,-0.10407416733376307,0.2842533188962553,0.8543517173473747,-0.37883270084726217,0.5941892678155164,1
0.30952660152302375,0.9700080071811921,0.4101642996721994,0.40233148211334846,0.1655146496523956,0.6236340660060453,0.3701176519519559,0.5562711918140176,0.2863302968478758,0.5682910261965245,2
-0.05720637258304499,1.2314239926904336,1.1422562595737327,0.43268261320155976,1.0174241184764927,0.7756079421962273,0.90476399633676,0.9610442490408413,0.5820910725513213,-0.4062716691467676,2
0.30943893269174866,0.9706393987676496,0.4091590255325527,0.4033071900579441,0.1661535809157974,0.62337434195841,0.3698461151529084,0.5560367505851249,0.28577518175403716,0.5690552423247058,2
0.7480779702634754,0.6366891392063272,0.7484837190977844,0.4302353561589168,0.8849167205305712,0.964419944935881,0.3820131135165834,0.28431002101198477,0.19147941941743174,0.38932118102961416,2
0.6799720072466828,0.7442169877980411,0.9396608685838796,0.12607603529864372,0.9124941784863002,0.29813441972824095,0.09359034234142481,0.14634301034094413,0.7119800910686364,0.9610557298262825,3
0.521354752112943,0.8885311680861302,0.3401872511128855,0.9520203582141632,0.900654019188959,0.6643535760904375,1.0020557242196235,0.9324178255540906,0.48484532585876683,0.6452936941924466,2
0.8309773262449827,0.7383970841117053,0.7742264475675379,0.09625085889636943,0.9359548165045514,0.1917080673182509,0.16191225192453834,0.2599768139456306,0.8167295852268814,0.9604797509547457,3
0.8226516580312443,0.7850308604772621,0.35300965418215596,0.2588751643489614,-0.20008758247149522,0.670388834709274,0.25231197983523607,1.015074639915236,0.10102660155478754,0.3889129548045832,0
0.6419008449726427,0.31202135146738386,0.6178519442949304,0.07998582147404068,1.0807473668603595,0.5114595606507684,0.8868611944663851,-0.14270657202987402,0.13111898269661665,0.7211754725719158,3
0.23169267860736942,0.9299722558513486,-0.21631076781888325,0.36989396069133146,0.8959627111372478,1.603713712652211,0.3758972831645756,-0.4554210307417962,-0.29451853297879016,1.2648852297532356,2
0.30846917424992354,0.9686531591461227,0.4094316613642774,0.4003972993752434,0.16505453521544267,0.6233830041301671,0.37140747051987416,0.5566988895083389,0.2863443932860989,0.567082527698114,2
0.5932576151278862,1.1225184113792435,1.0032328143575744,-0.011905036492299514,1.2834984165405061,1.3481697151250103,0.24996518775578028,0.03684844570746232,0.004191262933463752,0.4066426441268476,2
0.17085959395954442,0.13559588549919557,0.3904608219651524,0.22555834721899498,0.05754654097368143,0.27361659792951665,0.569200528023777,0.8214759030005439,0.8064823339399665,0.49545046661404524,0
0.9235495483600951,0.12398896049195489,0.19708951919266454,0.5905424545273738,0.5059612659822569,0.4600463966756173,0.7409019218571867,0.8544875274972524,0.8862267877805605,0.18223789352278835,2
0.6676675306086971,0.5771267298342538,0.9074203759927857,0.338542034523896,0.9572704242683546,0.8620679949836674,0.31840175431098283,0.31009896168709883,0.13505123709441574,0.44736905847275643,2
0.5842924076385012,0.738422731791923,0.171247414352614,0.5184782820602823,1.2859573449492403,0.2067770050689688,-0.22988949857491792,0.20841614687805265,0.4054515690419005,-0.04686152072006311,0
0.8526274525908287,-0.1492640108013778,0.9046024622877871,1.048395520458679,0.9407172667703639,0.16054662641590403,0.29385927333378226,0.3358274307585997,0.8493610964438042,0.6733205928990673,0
0.34881207314847834,-0.0899381747979146,0.6534167959425972,0.41189103511794406,0.6518639834064888,0.17999712303058063,0.3955830067297308,-0.3882057319299119,0.9688945433317898,0.4557276907189643,0
1.0318958603413035,0.5242664270350258,0.7097143586001072,0.533046979017841,0.9419900944223292,0.3393173122898767,0.30600845290064504,0.6699170308704131,0.3752022178901509,0.5332848742009125,0
0.30907770598974904,0.9693922567684556,0.40909719075527134,0.401927157134952,0.1654391475345976,0.6242106303702992,0.36910009410302735,0.5558601336169845,0.2864469721109185,0.5677847988468295,2
0.5907199810435914,0.45332839476972864,0.8637009643746169,0.5352764030965983,1.0331961579505207,0.45415937549291585,0.9657204712995867,0.28058531512875995,0.8413922817313485,0.1685577606488132,3
0.9613775867029041,0.353180563267299,0.07088451281374121,0.32203395506000604,0.11785858476117862,0.8546598309872063,0.42919598129856007,0.5251958735974639,0.3790234682177856,0.7741295320911775,0
1.0572344172338548,0.48622521099470795,0.814068353252156,0.48007339739623067,0.8101510375375384,0.357068968391714,0.28572278173375004,0.7176159321151869,0.4688292668744989,0.43715020218366835,0
0.5152310448637041,0.3180550077110916,0.23906130257093977,0.3674075894287226,0.19039690983889873,0.7479059916313038,0.7436491225273695,0.9807354023164958,0.2646874025548668,0.37132882808827233,3
0.9042808194309496,0.26284806350674894,0.1738013669272494,0.18924922639924605,0.260109899881777,0.7421777450186853,0.39895396272155864,0.644180194480198,0.24528577587140596,0.9417069315009224,0
0.7403929714605897,-0.017846300068320553,0.5753598115555127,0.4931896160002901,0.5899398920250438,0.37650040643488275,0.2616690672349782,0.2972949379551466,-0.0763382649190396,0.8859962974150097,0
-0.3905627556904144,0.4081517394572717,0.4034298594107763,0.951931293445621,1.023493594920896,0.2075585182444048,0.4170686873894032,-0.2406874708190076,0.2600479453151393,0.9372978734163007,1
0.6548260962143545,0.590756820915167,0.019965781676235972,1.2224859821150742,-0.12429598688635365,1.3964323393927698,1.1314294474094861,1.2123218815638546,0.010898830008980176,1.4309760880151554,0
0.8855495916688514,0.25885981189592155,0.6058690456360395,0.4445972712540292,-0.01978129676523578,0.7016885209356145,0.34873088597980834,0.555914190058635,-0.008067857987353447,0.8099821269611315,2
0.8331658214040396,-0.7649614591609416,0.3814535418933708,0.4426435474149643,1.030075710900118,1.057994268500314,1.1620456890652193,1.0015496625707052,0.6201716280996588,0.42614970218621157,0
0.021954876380302104,0.3996796986672383,0.5514425237663346,0.6990944207825498,0.9733272285084494,0.28603946479703063,0.6473671857598327,0.01912788043780691,0.6467754095594833,0.8996583705973045,1
0.7859758097352938,0.2628858352006508,0.5330771088063861,0.8793359695174848,0.27797756280634867,0.8571985688973032,0.7824597707494246,0.20899710257470216,0.6356771261141663,0.09883614115833395,0
1.0261917628996244,0.36159121475457373,0.4972093821720062,0.7991021533077075,0.07686635824578324,0.1390205298125689,0.8123222488799184,0.4779468003453011,0.513035184011176,0.25597660454926735,1
0.09050983366993015,0.10002746060375733,0.3245251663570947,0.2910836322279455,0.139484197216371,0.24352618145641683,0.6220491170423864,0.84685013630932,0.8010120229766559,0.5376180430246341,0
0.26688395135881654,0.07098855617875935,0.6905515318370652,0.3073942174387686,0.23919294323387325,0.9817293137628333,0.033596791570316566,0.8829310739216646,0.13153443713330087,0.5489445949416649,3
0.9317971756529788,0.2802341831907418,0.042839660311038974,1.0031948994912718,0.3584893745281204,0.24441690698069557,0.6642373068271243,0.415752113028451,0.13179522924516424,0.03878879229971127,1
0.2961888311784341,0.3880128477498172,0.38392838968334403,0.5333797186841231,1.0862337341946855,1.291438525320806,0.594254875596749,-0.09276382140817879,0.21584585883904525,0.704510984548758,2
0.1484592339008042,-0.05231738589476512,0.5638381135296727,0.24237931762952158,0.23153637992992931,0.9619368198676369,0.08704766968014557,0.9670556666177478,0.21065812561739278,0.583836711882314,3
0.49899509481142706,0.189412903383969,0.28290613984420815,-0.04355827641090826,0.458910099635735,0.8736413158927161,0.6956319139567422,0.6171086399255339,0.7148017895113976,0.7401822075135502,2
0.3130623766784083,0.9703266374334988,0.4111323478008742,0.40689394960392045,0.1679978788549735,0.6248114703176769,0.37105776911716737,0.5562956021276896,0.28734302060336786,0.5659889833262324,2
0.5240680914623661,0.22426869248962525,0.09124066189878013,0.5617846120890462,0.5594389296826193,0.6444818187231768,0.365838221713475,0.2540171075457491,0.8762174080637324,0.3175846482332193,0
0.8659816872279252,0.5189081229974726,0.1991836140577709,0.9547474510936411,-0.145259593878282,0.5515769791248208,1.0697140275584345,0.35411195328202316,0.6440341680639787,0.6217837187454134,1
0.6870479373963313,0.7219922676770417,0.6627702592222908,0.3983961847883152,0.09530229054915092,0.5666698644519894,0.3880661075275502,0.703320907944334,0.29730211233652876,0.8089659892988883,0
0.3500501093839883,-0.09069604470377601,0.20729610499985754,0.0940208403614611,0.8795287331553053,0.728907645715634,0.6095433712765219,0.8465501978937655,0.6996767863315744,0.43264353393886074,0
0.30805125424668944,0.9667876323875667,0.4085422487348697,0.4054148394895195,0.1603362149855335,0.624885594632861,0.3689098220902707,0.5534211964341501,0.2851393454996943,0.5643886108952427,2
1.0152612721548573,0.34137285871470596,0.4383760099398041,0.8940410722930502,0.0910126628460126,0.26860144893224486,0.8541116211420731,0.48785769732643414,0.578614367905806,0.35057108402642106,1
1.161869844650501,0.49185304221298826,0.2882881552604136,0.22877591058204783,0.05598262303364962,0.7324914551334553,0.37499452524757515,0.28364797060960933,0.6128282626585836,0.520812852028105,0
0.2521224460808881,0.8049122540192162,0.5513576387280077,0.8699619331879607,0.09171007978864579,0.9793603947789342,0.702853413418822,0.8876429302289484,0.6929981723623448,0.8726775792439034,0
0.004749282129545285,0.5973063069977719,0.47615058771940777,0.5753465789302111,0.3113711877556337,0.2435951001904876,0.30491273201331753,0.859182062876923,-0.10065694387375781,0.4885654641275875,0
0.10934389800743655,0.03554933354672625,1.0967406800254305,0.03790751975902624,0.9399794909300914,0.5725008474945049,0.8803498199046598,0.7259702788392758,0.7240499597581518,0.3572903278286397,3
0.8709881459278042,0.7963661922868583,0.7387315901709085,0.0884818408844836,0.8735249399826804,0.16496864053427684,0.2220448306120421,0.20812517821702423,0.8639199825101532,0.9318844841565808,3
-0.35225244476494694,0.8111945822379114,0.7881221819241635,0.8950823904073067,0.5689794838275575,0.7268089275753722,0.8768915728473161,0.7974020686514466,0.3524715833620886,0.02746397060128189,2
0.9251079346713349,0.7887343101059486,0.6910515031179846,0.032175350536602344,0.9492901895765463,0.1264082214662804,0.21598467652782707,0.2503071261169065,0.9110157983047201,0.9589356734441639,3
0.25021677556633215,0.16042078377444466,0.09239380247617394,0.9700206930797278,0.3508054033945454,0.34024820436906233,0.3954595492411237,0.5289615800944663,0.4308745372105776,0.2111591190859475,0
-0.12572151887678942,1.233357975334272,0.5238079441540385,0.8148698318492557,0.4719692722365924,0.835507078745332,0.7802212391361281,0.29500726213656175,0.995733239198157,0.8525658849356279,1
0.6777835325721936,0.6018907241867291,0.7467378000653284,0.4146944263953031,0.8117482836312225,0.9222559951911921,0.33725064288443823,0.2528725186865065,0.2001733114449081,0.4270768138527271,2
-0.24431596811596407,1.433189038297897,0.04770037997946415,1.208196763480185,0.3171385822081393,0.5706054989494495,0.23945065381043878,0.23253129843630088,0.5727044151777658,0.2113105021318677,1
0.07488362386639935,0.16544316631354017,0.6886330300994076,0.6364247803827643,0.23309318940372636,0.4803467004417783,0.511497906996045,0.34186319661416836,0.5690178567068985,0.36929708822499796,0
1.038367642589913,0.8122874293182802,0.4632794476608332,0.09580219805169798,0.8727540398529264,-0.11688451859149035,0.0782906062471045,0.012601262831159726,0.9813728798261613,0.9031516326782998,3
0.12383284758163929,0.5995126263263466,0.39947283524720406,0.4603402793506642,0.38038453375104386,0.3719449408765504,0.2533002103635894,0.7485776551897878,0.0205679969187866,0.5094392114042731,0
0.2517988622362917,0.03706161894644607,0.677255054416444,0.2545125763298877,0.31073217385672425,0.9361163684876064,0.0908614895001304,0.9117903878978779,0.21019891047704067,0.566546259784601,3
0.20366540135015765,-0.07431547898080812,0.5427953474507289,0.22713154358396748,0.36071646762844384,1.0050127102159199,0.13338430470548357,0.9592372523385262,0.21403698730131865,0.6517108987650309,3
0.24428261625085965,0.062130867055753186,0.6534842859917798,0.2322106301620825,0.32936536975314334,0.9277991378210474,0.10892688090156877,0.9171905834137877,0.1991807941900341,0.5588823002178783,3
0.07723448415411141,0.9873964896268658,1.0224721813434923,0.2493415760897178,0.6529100662684746,0.16539272105577044,0.46987066058879956,0.06534810819822197,0.9661284038789654,0.21590890189444076,1
1.0257851066647459,0.4791848712789549,0.6942714599838662,0.5796788055645968,0.8939258405257328,0.41666606153610675,0.40735207348205854,0.6536183121138676,0.4046612208948102,0.5388424829226474,0
0.6471608491603758,0.18648653808593463,0.7977360160030837,0.7831583133779226,0.2985779151984618,0.963836846283308,0.9223683025864766,0.40295583984940386,0.6462935859495562,0.10827469878402976,0
-0.033736656741852694,0.10456959106766597,0.6168558008725238,0.8054040519532806,0.3785701267712406,0.3395110628299468,0.4917410971679254,0.16425793175427017,0.4126270561798686,0.5195750179184376,0
0.9171782212965153,0.1780922690317448,0.3957329373435848,0.8213851079579912,0.7423189528160427,0.7621320212260991,0.6524965144175784,0.5935619099332577,0.8625713762155951,0.8350371638423004,0
0.18259506462514768,0.8968876818791827,0.6025224298001679,0.9842374502787132,0.7502105209848368,0.25504087312702645,0.6949501862616856,0.8551136725579503,0.23323025854910157,0.002651436025851578,2
0.17808177869515093,1.0433824880192912,0.7812341227838433,0.2629788161362069,-0.13388449161187732,-0.5806884975140768,0.21381918902616848,0.07207509547090468,0.9131195228881367,0.48206180296431445,1
0.20575475743216448,0.5662110071474139,0.342017256805806,0.4098541206089182,0.43933072943215506,0.4347821849931037,0.25482213386932107,0.7367644963526948,0.06891809065163917,0.5156203115889304,0
0.5767532916485729,0.34273370823585336,0.581416031530611,0.09301781249981242,0.25664157596795345,0.6793234434346481,0.40931813840640735,0.5359691562689081,0.24279683038791078,0.7277622968241304,2
0.5167207431554693,0.5860555428004136,-0.12926094349271022,0.6292715871159857,0.9210441415358256,1.5589161901192523,0.2965409012765845,0.7736838664716187,-0.2963287451897799,1.09773497357488,2
0.12474704923968459,0.11553250269062629,0.7472372605114622,0.6813703140698206,0.28093027044480023,0.5051299253135,0.44971784090279643,0.34703869983387653,0.4919420221242529,0.3673027160803618,0
0.9547793309218361,0.6515227425775827,0.7234737881281939,0.5909460276966075,0.9746292688654147,0.39575997302302446,0.4314325707417064,0.735102777143682,0.3442369358828204,0.453835475560642,0
0.8893296284820826,0.8987914759627349,0.4850725760969059,0.2199744148671368,0.0402121506269566,0.7875903075601985,0.4808579808931903,0.7049322322212368,0.5119942227245714,0.7311091285067678,0
0.30948030377243596,0.9699007491399084,0.4102150049737706,0.402375896280342,0.16545127452422093,0.6236230779816165,0.3700046253623218,0.5562023308604995,0.2863357515592072,0.5683068343234599,2
0.45342608820986985,0.6691231583332448,0.6957060678228157,0.6414982224050465,0.8352342767169323,0.5206326003261816,0.6403944145500371,0.9480701718130458,0.8706979124811676,0.6968499653581144,1
0.4509616022871278,0.18730000950329398,0.8396568493239348,0.04901365733671211,0.9786147636730185,0.7466377651554743,0.9829112935988339,0.9570735794919465,0.8274615274748559,0.3748351950355485,3
1.0237009635281367,0.3372569580369635,0.37198113118578197,0.7780760212770775,-0.05133060634180778,0.36809890426479364,0.8978434228155245,0.5880506345145141,0.5325722706569793,0.40656110939356543,1
0.31507190059692625,0.9548419395035294,0.8315017197142883,0.9187117104189482,0.6097283372637381,0.11686694430688013,0.8147777475945407,0.4753837330251209,0.4365468383695557,0.6070666792342018,1
0.33637016154620264,0.24412490260824288,0.744016044187964,-0.13230504151951217,0.9814673430957784,0.8587386362230985,0.8777871576509267,0.9578437765635807,0.6526956896781073,0.31823195804827265,3
0.25671095861676885,0.31607841043731144,0.6848881195696929,-0.07345708872185731,1.1149652123127742,0.9871645201274986,1.1188518811115413,0.7406903217811445,0.7142810194598778,0.2456896288697944,3
0.4251796717466253,-0.1477098650183329,-0.07794245453201626,0.03567045043087397,0.6251750032090567,0.34388463998568125,0.7707494002215839,0.48173419230675074,0.5107021521414894,0.01993771534487057,2
0.22817802116797725,-0.0005309424783752695,0.6174491598383257,0.2558132083176756,0.3454391527699438,0.8982177846938322,0.06152549711591407,0.9091639882098577,0.234826007681993,0.5360319084751061,3
0.9265263273097845,-0.010909462941395429,0.3798841742043059,0.18205103009171292,0.8471907882642106,0.6767111520456874,0.9143903479682918,0.07024235090210924,0.2129117577042557,0.4214999899736316,3
-0.46815267600934996,0.28397665868075894,-0.10624613958438942,0.6740625447576787,1.6268423764369058,0.8498777264716993,-0.5951289602680548,0.6477542766478447,0.9755379154789106,-0.4061877841638656,0
0.24788100571367605,0.15522739624038198,0.09393288421472201,0.9679711044050054,0.3495073825168927,0.33755751202223355,0.39485444937628694,0.5340855805195079,0.43300108353315286,0.21585447327622548,0
0.2600456318555613,0.15619003027283523,0.10240487735806225,0.9678655268126684,0.35218684241757153,0.3399128808087507,0.39254622666749633,0.5361057080138234,0.44582323839132926,0.20251339864611104,0
0.1012422109143809,0.6251283390131885,0.5957163341637701,1.0737933019928936,0.2565856340722643,0.9099072866139316,0.8036086440779956,0.7099792475863713,0.6040626823295976,0.9380527147089379,0
0.9918797062542776,0.37437990321883574,0.4416097683927098,0.8468400627575478,0.06524583722463506,0.22390762739534653,0.8805965747983526,0.5081600108483448,0.5974310288072849,0.33216896124603296,1
0.20847397685087982,0.7202094898803993,0.380425385938383,0.41341933303295764,0.4319968050616717,0.30755628201280666,0.35249636713410976,0.6364013436794648,0.02498833951796815,0.348422302989423,0
0.8586062865641332,0.7573859585793996,0.7205202228444944,0.07712562224483643,0.8901114210610654,0.14222604250599846,0.19731762424516996,0.25364581270506936,0.8205883680014673,0.9372202192081731,3
0.2474251302634446,0.1553814366384596,0.09135921230269256,0.966510321803329,0.34836293619355124,0.33534904299599955,0.3962743035564182,0.5333137912265858,0.4375885701062494,0.21274773711350717,0
0.2297905597741078,0.3116711889834111,0.5474524714837031,0.6720307897299547,0.9536193898268176,0.11022032803549786,0.5107821548063007,0.24718474114026592,0.5972439872666804,1.095809949286164,1
0.004216649563894573,0.053584534355535264,0.5830758182001596,0.31111520062545656,0.06839462828500666,0.6137386813613661,0.5318900216465987,0.326236736883006,0.5298716630560572,0.17344581782378432,2
0.9373403517056261,0.21913801102136743,0.4700754451922091,0.9553291182723954,0.16233495419994137,0.20377434411433423,0.8822526529945818,0.6642121699586668,0.6211403643179654,0.2446661236179804,1
0.5227109801173586,0.7016971975425916,1.0723340867632667,0.36320456324498146,0.99618097076056,0.5609322242117428,1.0588892380913986,0.4655444105490499,0.935823827567003,0.5030361078340067,0
0.11275498946342533,0.5942684099379836,0.2938978759246763,0.07270645628065198,0.8892583911548011,0.11151220411602566,0.14424438043493143,0.1749642278246269,0.14242020452185847,0.10658519214634805,0
0.89589181397848,0.46478560673046543,0.043874361762252914,0.5652840273530333,0.7627604945474852,-0.1092194564136974,-0.3333049054789981,-0.16591110751629035,0.5017497919400224,-0.24731116519850777,0
0.14186028627637906,0.35432762076028174,0.4993869218316098,0.7212278918602688,1.04257425083922,0.34655613482195347,0.7118619140256593,0.1481049187769251,0.5984332526470955,0.8491862125916075,1
1.353216543332881,0.5200934348369235,1.2170544162397277,0.31847901732192935,0.933568654093268,0.22206772132005392,1.2991780835761637,0.33143017577379696,0.8025256398253446,0.6360218107805297,0
-0.27259589072937074,0.48282990167988293,0.5039844741853301,0.6992008519241353,0.20933751765420172,0.6306547331051781,1.4965468408274978,1.798841798307369,-0.24858899175266813,1.0033877306870664,0
0.9928959136602784,1.0089520691700269,1.5188365045609333,1.56968548930667,0.9691171001407539,0.7410291682211405,-0.22200231628309886,0.9864760995165421,0.8685899929182317,0.4069316036612498,0
0.3542106549590763,0.40891937267273487,0.9886065176204875,0.655514294857622,0.3717300921283567,1.2282851604400442,0.880426713121166,0.5657102173272079,0.2065997509595612,0.9875648139099423,2
0.7859921869801008,0.7290609803120062,0.21265511984166854,0.3552084649874621,1.0520247247489083,0.5898596031910285,1.0868301558042344,0.49742490672766876,0.5329679656095084,0.4652777350582898,1
0.3122299237306864,0.9656589746390306,0.41316932121224037,0.39778009433087436,0.17007315923645414,0.6180162691739081,0.37071326796633763,0.5603969243374203,0.28983363477134383,0.5731629693606405,2
0.9219004562325087,0.018427233708286923,0.3435514400770024,0.14086477350599177,0.8426219903083312,0.6374185268769085,0.9838265706615613,0.02853878830169338,0.22559113301439168,0.4745857767176293,3
0.7716947154455662,-0.06622940247364667,0.4845063098390333,0.9413906712563823,0.4506347247695787,1.105436802074131,0.9764611232073568,0.08864666513759956,0.3933093630687294,0.1309000377950007,0
0.3924015598482963,0.6254889968079222,0.7286610410582429,0.5645263230893871,0.8591400966881843,0.4223590045271779,0.6278111499867971,0.8417485679188738,0.7770065747968445,0.6996864040903354,1
0.8758795655062906,0.32888014800511395,0.14748629538028826,0.4049843977328394,0.01855557775364157,0.9118936251421264,0.3242137325201757,0.4400646526107955,0.30128948017474944,0.716187498966512,0
0.2480492147948895,0.03854007733363893,0.6594398000522275,0.24534654544891357,0.3184361203152727,0.9307588323743037,0.0899299158858677,0.8983177552036051,0.19770097853245985,0.5445858349510604,3
0.6687342062148651,0.7747843331772409,0.45381308055703046,0.20761158901496363,0.8557616621061042,0.3816420242379095,0.8903105140665941,0.6399340650852663,0.6660610127761726,0.720571108585514,1
0.5043819468909638,0.02387740872705925,0.7936283987461649,-0.012999808510540174,0.8774976316639743,0.8011807554463649,1.0456740900927952,1.0599521497705835,0.8787597796044461,0.3927453299808518,3
0.41794481490677254,0.37987406329891393,0.112093657026305,0.45815777752889514,0.6239747574239765,0.5708759121182763,0.5102982128230757,0.30770215153942354,0.7704631576227788,0.3034979087722472,0
1.0366176047669213,0.5217953000175328,0.6873075093639271,0.48035168639566733,0.9024532760744504,0.3675646035627609,0.3568917273629728,0.5840818761395755,0.3849534050449447,0.6196885637891725,0
0.5555092701348514,0.7294201178746529,0.2635852149697462,0.28642590672913476,0.8874106040840711,0.09256772555011245,-0.05532638508820224,0.3382661382861986,0.19340727648825398,0.34661602479316855,0
0.8265376809871892,0.6404015827203073,0.7706600283573359,0.5311809571898867,0.906497019550476,0.8652488131081986,0.28509880400164006,0.22019425131553433,0.2790416838939238,0.35316619920258735,2
0.3464440953447884,0.04689804422218746,0.0006149979242002848,0.1468950679143652,0.41169948950202423,0.0038794691478482024,0.5528570472104366,0.3672176374402127,0.5628077906165537,0.24305832138999503,2
1.0620159306234427,0.43795603304683745,0.26705976339390125,0.7623939094381865,0.062812501068521,0.38896053195722713,0.7073837123750727,0.3967252906241248,0.5385395227535703,0.333143365977928,1
0.846059847108282,0.030247681806444784,0.23849931173716504,0.0815820522669698,0.914624431744899,0.6385091332887196,0.8644500515563014,0.025841616128713135,0.15853699090596945,0.5263524494460899,3
0.3081892967635595,0.9680903780007065,0.41049124372884077,0.4027002567916988,0.16643420587715937,0.6249314133020487,0.3723577117250929,0.5560300967455581,0.2871555998404553,0.5680218142409763,2
0.6305840121175929,-0.08806567220815614,0.8698999202723963,0.9286171238181985,0.35876992874791835,0.39295977518941083,0.10486048033697237,0.8361847363963124,0.17752010740685825,0.6161932800165979,0
0.30824102583081164,0.9685525331640883,0.40874314602108935,0.4043376437519196,0.16503234425641808,0.6257006333783786,0.37145423921582854,0.558376923678767,0.2869242702268672,0.5662707985235694,2
0.054880119855165777,0.44904127607221156,0.5443947681592272,0.6668240117004467,0.935166552923141,0.33293945084455506,0.6210329233431433,0.07795094898606866,0.6397072991512078,0.8789392625366947,1
0.3068968553565892,0.9733765289272056,0.41255900609142,0.4000695144830105,0.16298800308472675,0.6204990503175489,0.36767217824611925,0.5579191249866926,0.28390382499444244,0.5714554152917165,2
0.6214416447278578,0.4750024570802281,0.9202605869414737,0.5040478131615534,0.9835760422088284,0.49527952913383866,1.0156942624329564,0.3646694936160606,0.8668041575165611,0.20671515418159414,3
0.4321051854068271,0.41545269569710136,0.4440142754482105,-0.0004992481142055971,0.9613786456444899,0.7585063191724164,0.864697156734668,0.7730455529951585,0.37170257788223715,0.9519948353601058,0
0.3095936293208186,0.9683441553464737,0.4097479650385208,0.4007435480923511,0.16600697668452125,0.6242452242183747,0.37010642808433086,0.5560576915165705,0.28461038119506155,0.5667569425920784,2
0.3092250654624432,0.9697054389769368,0.4105110110661561,0.40265388622249954,0.16535109817524393,0.6235677959108004,0.3702811049134094,0.5564793975632605,0.2863420289840496,0.5684949322944953,2
0.24962692824514787,0.15630077581095436,0.09189996802520635,0.9693284729399311,0.3474655768628588,0.33681622928781074,0.39529406607185597,0.5331087560892211,0.4350791464055425,0.2148614639231802,0
0.15750715172798369,0.14298837721748123,0.7060204974929756,0.6819182895299063,0.34648150887180695,0.32948731052111624,0.6118503947785487,0.20140963906685252,0.3753708939084512,0.529951717603401,0
0.948409588486257,0.29987403323619577,0.6216558262220767,0.6633446371567917,0.4655974451604624,0.7470202122867846,0.8463439199110323,-0.012060745248669402,0.6870130334878257,0.936989971102447,0
0.8333580587054342,0.14883217175413296,0.3997650686329208,0.8475465050271683,0.728206703754684,0.7673133836855596,0.60050341985859,0.6550871254768106,0.8176543891057847,0.8015408775841273,0
1.0109544525182792,0.16781458648046496,0.8162549387236908,0.8198485496124885,0.6973119698057594,0.326902129175182,0.432906599572453,0.3711676895830403,0.5009501577538419,0.5956983069778102,0
1.0043845471962756,0.9110468561808924,0.14220288104509632,0.03452330961959327,0.8293223946202095,0.533484854711679,1.022881225838361,0.8201190210735763,0.5587911975695019,0.7550717542001383,2
-0.1912843625076417,1.2385061799617625,0.5859086917486269,0.7068233943760899,0.8306603414135061,0.6272983360708813,1.134596116199287,0.6795706447426525,0.3198297211622426,0.1288457761936465,2
0.9465125685789721,0.45176989521821487,0.4834021169347218,-0.14382476352329285,0.7727275640187206,1.0138454747795476,1.3363611902144086,0.28987017931845827,0.09921672817875349,0.1916543359543787,3
0.7854086305336023,0.5600299836201384,-0.00598025545451664,1.451094221524257,0.8978743788112956,0.06277294940914069,1.0980114697270253,0.7506455976661268,1.085485972272394,-0.11434979372496334,1
0.321307215980962,0.6843166803368868,0.6347278011122972,0.274878461008327,0.9749318823374284,0.6214482116575388,0.48285883803776425,0.5744826864568109,0.30132201601325426,0.010554296871032813,0
0.6058364533016414,0.59163705297639,0.6953218035771356,0.5790983676888812,0.7671958347074127,0.9693190926295662,0.5145141418666428,0.20088187920657483,0.10870011214101646,0.5312250595143889,2
1.001898882146917,0.2315231256828863,0.3803919206520492,0.9407774193834357,0.5108866819990383,-0.2265231306071901,-0.16580394399233295,0.45461025408558486,0.46244831012546367,0.49910794717094675,0
0.7982459327165099,0.6791899536700987,0.2749448313063735,0.21977247864615537,0.8023803235713901,0.5486589300684492,0.813840404287048,0.8198819396824425,0.41691538085695684,0.7840863137472546,2
0.382328541154576,0.6256991458801279,0.633105469087241,0.21601975818534863,1.0410949937741545,0.589802606168771,0.5564862343541981,0.6259321970857421,0.33867184379534365,0.012720322726033685,0
0.3100146670841045,0.9696522107274893,0.41078111027078557,0.4024282134415874,0.16512036295253724,0.6237716801888661,0.37027843408361816,0.5556175417588748,0.286339725853874,0.5679060379289166,2
0.2949494386625431,0.40571355470713927,-0.008385820728557508,0.44257597436625656,0.6190099891046353,0.6115015138710217,0.5968731262691773,0.396406412407897,0.8157864826467629,0.24815174914796403,0
0.7626013125300111,0.9189045688385911,0.1706156957417203,1.0489499355876701,0.836772424849762,0.9394240538298081,0.26115208639427107,0.6071363159191534,0.48861886729618687,1.4393767056853708,3
0.3551119996673536,-0.1832983067410679,0.9262756229244639,0.6839115049154636,0.24988244304482327,0.9772594249856968,-0.12389700784283475,0.4592003162609172,1.2323874911474935,0.5483877417403467,3
0.8804919207207897,0.35435488980151963,1.0820710928511206,0.6287762434031158,0.7753147588260924,0.019967814514849858,0.20734995710484327,0.7058255960197195,0.5273430833247961,0.1582130568539405,0
0.25451232135906016,0.049608989062013255,0.6684041813806666,0.2504342511948632,0.3147741334203792,0.943726096456631,0.09775152525301956,0.8974328601748001,0.19545636906497518,0.5544746395447331,3
0.2405320644802026,0.043642295990352784,0.6567480872630309,0.23428007721996896,0.2970786807578113,0.9276386646481357,0.08786645314087449,0.9069721588128655,0.2076166078433661,0.5364314297541405,3
0.4876311143488552,0.7006360059643357,0.6418128673257968,0.6915905089167363,0.8745720298698888,0.4996729091317749,0.62826722643555,0.8956451829145395,0.8884559843071244,0.7234328283547719,1
-0.04179430279884498,0.42259342408165484,0.5121648393936096,0.8090510594697714,0.8476165955358665,0.23637654576836117,0.706880407041097,0.1459669442411026,0.5639165801448909,0.7790942706187007,1
0.025835374484585158,0.9216442878475761,0.4831458999993414,0.3926943492993391,0.6089598195478033,0.25283742264593817,0.637205704859162,0.22218141988908324,0.7461902406076459,0.3292758973668735,1
0.08403904357360809,0.5727211703619834,0.35422186420079466,0.19868728962295035,0.38921843828849634,0.6228734307083963,0.46805026614493733,0.5506298692671173,0.08153274164585134,0.5008535438343406,0
0.24760387583161883,0.15602421288960175,0.09730887017030597,0.9748285046342193,0.35063052884051077,0.3390338413064753,0.3933943396526122,0.5381837086121366,0.43100716227128655,0.21180195234168414,0
0.3467577062296038,-0.024022637077581954,-0.3878663288847959,1.0730980781890525,0.8920097766742745,0.06334495254014216,1.1455846078666163,0.6228049961775279,1.1475389402099407,0.7596156305583149,0
0.8537413538554465,0.14254416160172528,0.4051080486806247,0.8503986964173894,0.7257284538475751,0.7383704577124399,0.6108391122338463,0.6362398940332309,0.8243727456357451,0.7828686812672528,0
0.26484458525676957,1.014027225689752,0.3955090243925763,0.8126150010976654,0.3427620982903178,0.8764135428710053,0.46024550284643817,0.6473637232850534,0.8461545518695397,1.064601129386546,0
0.4944882672692708,0.6242332088614617,-0.40326844381034654,0.044957646156792375,0.6291216263634998,0.20032324090462736,0.49286809739220533,-0.38670469273924735,-0.4464459670691716,0.9741211032117255,0
0.8745255955335847,0.6046723490634981,0.39013320258293566,0.20328136660289142,0.8095567255296698,0.5458750824105234,0.7575127659245626,0.8095953969694885,0.39676229399815377,0.9625607744462202,2
0.5774070157991482,0.58269564659775,0.8075386260944832,0.5233226200253711,0.8172074089228007,0.4112397660293376,0.9895373600519114,0.4400446432128483,0.9302189006664342,0.26748926689425434,3
0.8217316881980176,0.6916777722593475,0.3239124090679739,0.25959101925592853,0.8195879271658962,0.6457862621489182,0.8388541053351384,0.7122972425260161,0.3306092395907373,0.8612297146296015,2
0.0989784161429974,1.4207002862092335,0.49666025476251063,0.2323533237714434,1.0524760218044307,1.5901720272354292,-0.4473562525887781,-0.6783289803556722,-0.6552960069855738,-0.0232644377761837,2
0.3100027288757742,0.9698647962012781,0.4106824564188866,0.40238473688343207,0.16559681782025612,0.6233132766655418,0.37037889273769387,0.555587665643354,0.28684896867784415,0.567997445606687,2
0.9203413201074363,0.5315581349575208,0.5178552307059798,0.8984239657906842,0.9867903393973765,0.33206399005909015,0.932523204300645,0.757224680280707,0.7607823503383486,0.8078687513863679,0
0.2644477495749764,0.5692424703656764,0.41033812924242496,0.8685279333992075,0.07216654566513289,0.7355101253026934,0.692147835035372,1.1870832362139698,0.5799281262565046,0.9354396108289167,0
0.41411237765255776,0.8376160412809303,0.5683970259023462,0.7465216354065779,0.7392883828784766,0.6358574580534354,0.44609054225816475,1.0400854697550568,0.9003473061927053,0.7591010492582387,1
0.30625336326381863,0.9715665314258451,0.4120422644314756,0.4013615673654939,0.16717753979910377,0.6283995834052987,0.3673409265517333,0.557933485136759,0.28873339794409536,0.5730982264758622,2
0.8822430661854377,0.4948974488923067,0.5114732417263776,0.22287687705193454,1.1258539271724424,0.9897603415830514,0.5314018063779927,0.3593557341117254,-0.010074718957923806,0.379241148028495,2
0.6839425669118036,1.291125018211176,0.01731399667060035,1.3027215212286467,0.7896525705891769,0.7321682244213753,0.37668287967624503,1.1714324945232288,0.20075787644474932,0.31717237703274204,2
0.9207712972708849,0.09601099943570376,0.20200411418727307,0.5606144428207326,0.5480897716630815,0.49500246166568423,0.7795652804295546,0.8701588523011925,0.8313774740826781,0.19981757582989307,2
0.6796600241382486,0.6549143973800998,0.25198970963874145,0.3292292054274011,-0.18856702061730587,0.8881376379795839,0.69144891679692,0.08919030053998195,0.820813209999175,0.39987774383007596,1
0.8134933378043511,0.7533028196825372,0.5520843057991531,0.8230608852356176,0.495891367159816,0.7306710775452157,0.16684940340549337,0.3644359232969887,-0.20488249894865118,0.5831591800578053,2
-0.010286751045959615,0.29292327896302406,0.42589661029136167,0.6549796812059823,0.9671693447800089,0.37463753577031833,0.5372091571883807,0.15929991143113098,0.5856899936057883,0.8866292825456823,1
0.5516223917225859,0.5920430453378116,0.22327713033994184,0.32383969828148806,0.42694464790692255,0.8315832831673925,0.4952365665795359,0.2780941655442679,0.4901973313112157,0.4256781398392895,0
0.5981778133829738,0.5048252268415994,0.6942300462811993,0.2613805356678417,0.5829321129965849,0.6318626723184024,0.3459483528357924,0.7920885241839437,0.8002667498725865,0.3621445846243387,2
0.9103916545019051,0.13740229463052395,0.19763096215115847,0.5750532970359926,0.4966055115198389,0.4703724508049956,0.7263069073965371,0.844826621250202,0.8707034469898852,0.18325107470124097,2
0.9524457911632197,0.25771657653088803,0.6011389095384854,0.865391814703372,0.12139768599407051,0.28573881657371103,0.8074696275215483,0.4863858998306816,0.644266018332059,0.28592196642509465,1
0.30974552938021604,0.9681707316688427,0.4102753470799691,0.40756776336271583,0.1669121453163676,0.6178249551696747,0.3729466895619375,0.5539258647135962,0.28914220078465547,0.5675685634731926,2
0.35162958995575233,0.6208694367925508,0.29657419522607015,0.49168527046552807,0.25457562975756626,0.7160314283955961,0.9045924050292566,0.5852970050791801,0.3448963779188192,0.22062400010311628,1
1.0469502690392456,0.4197538827067823,0.15612336228415857,0.2565616742477611,0.11107978397037101,0.7845930095169241,0.3534777341634845,0.5304593902800226,0.37290341499447544,0.7975274431207042,0
0.8041759179276823,0.11271726524113497,0.4133708613908707,0.8304000766693912,0.7730177980716646,0.7743268519146835,0.5761394786072743,0.6507074213301743,0.8247724434158965,0.8266668610647252,0
0.7462858828784759,-0.09545039647770576,0.44943894005037277,0.1663368709986618,0.6958723854052986,0.7627092717851605,1.038458928195234,0.08396407910140022,0.2212953116797679,0.398844015161028,3
0.6033641130449844,0.42418039409222563,0.9099301543307721,0.5279871428422173,0.9933301956091896,0.5222160102775402,1.0114135800549076,0.32462016358776996,0.812783872428645,0.20880507721638375,3
0.6091872776030821,0.653631991936862,0.23889828321317969,0.7045944389728456,0.16372753955555885,1.0232260496700478,0.5550519376371879,0.35316385134203393,0.8965603961903919,0.09903945361804554,1
-0.3893789097876085,0.26832078014423677,0.041934070847155336,1.4524960217702498,-0.008423246269764983,1.3117118230679703,-0.16363965909289052,0.9862897773847044,0.6520725403073533,0.5624851980567427,3
0.3920346825098802,0.21364871578785377,1.1593174305707792,0.8508332456169836,0.8092712449597173,1.1841716822920005,0.7339832079784268,0.8075773460311076,0.5703695436708002,0.765656468731563,2
0.04762023493677997,0.8890908306311653,0.44855067418411354,0.3127659172308509,0.6888466586608297,0.2261064078363665,0.6353521225922181,0.21092481092778798,0.7481531556199245,0.2736980918015148,1
0.94585119948123,0.11273980815341955,0.23922211996190754,0.6223669248789425,0.5401244812769936,0.4722839938293065,0.7344668014672662,0.8627590165255129,0.9046242064702892,0.14210368444119104,2
0.6577602795953315,0.6243440311102677,0.5973918130360156,0.08272773190821128,0.6885514085054985,0.13142176325099034,0.4436631347111697,0.44802908786594,0.6258193203385697,1.1550908494191106,3
1.0585126390106112,0.6268058834767789,0.6499996696554278,0.6614088415059286,0.787205521634345,0.32292250778619397,0.23522003354551296,0.7394990220980842,0.33526768904012283,0.5312134743172295,0
0.15501288618900494,0.5969901252687022,0.36048061741155724,0.4333016476654544,0.42367372168981776,0.3837470426235415,0.172564255052706,0.6964593188651833,0.035048608416440336,0.4714264733071913,0
-0.0084033111851773,0.8929920188858512,1.012410949019033,0.2730208200850008,0.6683803459379352,0.1920539438891248,0.40684420471968397,0.09132017373511339,0.9433340295883876,0.16832441229585543,1
0.039756573196851795,0.8866353638837088,0.9638680806327184,0.25491482729083736,0.7319099089562953,0.1459171628397766,0.3785340315772764,0.12733784228065992,0.7936757102724006,0.07266841699806137,1
1.1107181467742058,-0.016613782183589748,0.8634411573583034,0.9772197921698238,0.595090130374554,0.19692888055979127,0.2708434730270455,0.3842247694620783,0.32544936590062257,0.5297026168753832,0
0.9551176210112874,1.5421938479396982,0.8786881949136115,0.7352857268103699,-0.23603667239012782,0.5429911823418038,1.0051167366741494,0.09022448521212179,0.6454729007713327,0.6636335107392577,1
0.9909151359145139,0.5307539227757246,0.7476408155286771,0.518873052208806,0.885955868412776,0.36772049744296054,0.3620401926128321,0.6293429578621772,0.4031482018427154,0.5555111406454986,0
0.06221405246955097,0.7176396876028964,0.5526789839456175,0.32348947667786304,0.7154499955804072,0.25454721756216453,-0.19149315273185086,0.6119670690229144,0.45195643567070287,0.8746338060541481,3
0.25805391030088526,0.01848922533348281,0.6418953063111843,0.2519377123267316,0.3230957558184876,0.910229353412941,0.0769881933981211,0.8726341834570785,0.1733252942253875,0.5311939907578094,3
0.8664004359435792,0.05326872612008249,0.3590769134370738,0.0866953016278812,0.8414944547062397,0.6221151635151221,0.9946870776943784,0.0725127174725362,0.1970557990186064,0.42103352398996374,3
0.11610548664374667,0.07174073289816064,0.48015475233124666,0.45297323317346033,0.23991650987084182,0.6443220601739681,0.6296343550361151,0.38925079981630867,0.4245704131155522,0.32292407345772794,2
0.21280164633519996,0.6546353945879404,0.0198413853405517,0.22221538160539103,0.8928523462708698,0.1582796079022986,0.03378840224631962,0.46040499979519206,0.4724895176881859,0.09817043738126133,0
0.24541231696751678,0.018794032855787537,0.6775689086845003,0.25088807144198544,0.33317893036924245,0.9699695941658412,0.11474144147019918,0.9102438140743966,0.20081276757590705,0.5394207711436318,3
0.603863436480186,0.7510342233006394,0.3580346801764002,0.08254123638794321,0.8979175850432544,0.42181662986301455,0.9064501876758554,0.741492613046458,0.7123099949061914,0.6962789926692647,1
0.23150330969902488,0.6700889723690066,0.6640193347467104,0.1468273578822128,0.9508352352627589,0.7477278069497035,0.5244738681672694,0.6508964831539156,0.4091754193181299,0.0890934587668927,0
0.8626388938398576,0.16553148983798666,0.41800535221421625,0.865093545561541,0.7072561238564441,0.7405505359016975,0.5976054719752638,0.6186431525177165,0.8196715231938395,0.8143740172552517,0
0.2831845759380689,0.7561033343486906,0.4976921720154507,0.41625336694181303,0.25293574209499586,0.4230756599504446,0.20701505744942383,0.954627373936856,0.08692350160805763,0.17329803425433388,0
0.7886291445196029,0.6207343657791098,0.6447271626905478,-0.05360479064348607,0.75646435881146,0.31031854968029826,0.10850835828321585,0.3176834919363567,0.8905969123139036,1.0067001516661636,3
0.2522411314094827,0.1494460862295784,0.10418362290036252,0.9697217150851417,0.35155899186337414,0.33059283248694593,0.40153528865989796,0.5420370240839157,0.4324170051580836,0.2137623031288805,0
0.7630606777922319,1.1852191785831458,0.14376445440017804,0.9428586113482176,1.2635159217138383,-0.16760786881397877,1.2180813312015841,0.5837912872971868,1.303066911120821,1.3312928304379499,0
0.12696661117954644,-0.03322324102780082,0.2363213665140952,0.6445874408952754,0.8649794179059519,0.5616539027576605,0.337428425760894,0.14801767725949044,0.6572989169736007,-0.03657040353565627,2
0.3252071737134134,0.664745213826806,0.6197201596780019,0.27147421611056677,0.9537253447011664,0.6219236119288669,0.4679220394434384,0.5552404669849772,0.32626779648668697,0.024414772515537777,0
0.8102919286120077,0.2909430810526637,0.45351170411106506,1.033739132376095,-0.0766033882736736,0.3785192056934805,1.0751890790719243,0.49560850613061286,0.7987477780168184,0.23854604650789324,1
0.6502590566098709,0.3910324593065915,0.408916507601374,-0.14192965464213037,0.5920738908758291,-0.22408240033803145,0.31296052111795963,-0.3592675053534713,-0.1555610037786671,0.9407197475457059,2
0.07563233448436672,0.03575541623497032,0.21980707765998792,0.2452498785721892,0.7774750653361299,0.5677353603296896,0.539638039637302,0.988409896737178,0.6994446446344466,0.5027817671707946,0
0.9332193054017078,0.15795996917333305,0.7094969216779426,0.6995226287096251,0.8029259556206423,0.2851996981383541,0.4559820898145256,0.2452935624331447,0.6510123990122471,0.6350608110170108,0
0.19531703137144335,0.494030372623408,0.2767091293197037,0.5134371316528628,0.8939175953631783,0.17381602459853884,-0.05209001256872248,0.2863651448868999,0.3204446819538492,0.06986433622828636,0
0.31233700734910946,0.9715674064084991,0.41189014641966915,0.40334550148887505,0.16815722054039878,0.6221432432707398,0.3679367535031272,0.5558948890552305,0.2869029792211649,0.5679403862804129,2
1.0752341242242034,0.44493046878687875,0.4473869737733084,0.0413897176288498,0.445338024104156,0.6859824417023372,0.8057292768744024,0.39051265323650075,0.381475011505993,0.8044769771063619,2
0.848674417498416,0.7717515367264421,0.7439819654203159,0.07263839174915056,0.8932156646547719,0.14743975842629517,0.1966347182749384,0.23477324342860134,0.8295021436133493,0.9380383226184263,3
0.3089791159015151,0.5252098863827759,0.8105963029088498,1.2448113289899974,0.13832461602121104,0.5520106977429671,-0.36706447176211676,0.6858998046291489,1.6570104091036542,-0.0964498150723056,2
0.43871382418297605,0.11733793947238769,0.8079433236023933,0.032580508052750326,0.9437907793417086,0.7837170309666875,0.9695347037957647,0.9345221625080158,0.8681023829322473,0.38230013252359657,3
-0.10909352956500243,0.917643433798575,0.4090890871335245,0.9993045231296499,0.8422046617650041,0.48724749038138027,0.9183535000459596,0.7792668347316546,0.028476958774430683,0.297477992367832,2
-0.11145465482527386,0.10830823161772071,0.2946157628634221,0.6506929588517125,0.4415869608807528,0.2946869999880014,0.3111510243605882,0.7895947519551162,0.7765090384531815,0.8477294992570337,0
0.8602361915096576,0.06452294737651948,0.3374328000926508,0.10932356834623644,0.8458671551194606,0.6428776132506534,1.0018130017714972,0.05625090824872049,0.19611161187676912,0.43109487616125497,3
1.26500777342498,-0.07026423767365075,0.45335093286054595,0.4964520323710622,0.03778661365906805,0.11867062729137892,1.2781040386100055,0.2568325305662481,0.9242442218090126,0.5745484531892217,1
0.4880464234947903,0.23688852753996878,0.29151822126790305,0.35179676800002196,0.2914973669178878,0.8381107195442785,0.6962937666403203,0.8600378989603403,0.3150862869117963,0.27123797988094167,3
0.5727598962866383,0.7492636731373724,0.38365447181640494,0.10314163179864842,0.8762468206086816,0.4478643345982964,0.8726997136004515,0.7513554105814717,0.7140723172325101,0.7114272414808653,1
0.16237888648004967,1.1032981460678657,-0.08005725377584269,0.8038904431292255,0.46129906219204364,0.6853550680316681,0.847221863664943,0.653229734175649,0.2939181980161648,0.4224789626920008,1
-0.0297475410146742,1.492809593663897,0.9584732622451041,1.011352889994381,0.3139792502010684,0.3219708990248279,1.4763124327805581,0.23058561300813235,0.8018937221836211,-0.5041747370646603,2
0.9005840380404068,0.23693401137999553,0.6319014571697915,1.2905843615487849,0.4579651449283326,0.2004121215531463,0.47772910488447373,0.3533509271276152,0.9652341051444079,1.2763199683972415,3
-0.06553303997444632,0.7054465224071376,0.6501353609357681,-0.5290187031155751,0.059214214483602645,0.14188145184551648,-0.3158021608917854,0.8126983551934085,0.667075912408497,0.4785638903096936,0
0.27581137430556424,0.25436579911789814,0.20649799194680712,0.05196513081870889,0.2480410112714876,0.21102201389791705,0.5084391302490963,0.5504929614456027,0.533898902545132,0.11164866236930718,2
0.03991202704644649,0.8194049214169714,-0.33712283886276545,0.3715583003771902,0.4631512546894838,1.0372642385017197,1.036186670885296,0.07106767083430421,0.20717938794755503,0.4364555604050647,1
0.21647605137193016,0.8056796910890169,0.5959311548171043,0.8918608447236454,0.08008791674600224,0.9784193142493717,0.6737812005573783,0.8590923691714855,0.6806300251371304,0.841340596439286,0
-0.2773513039025155,1.2858835006589404,0.43969188210273535,0.3570096139493582,-0.1528211632454058,0.5295433422081453,0.2308042048786042,1.4081805022352527,1.0253231208094353,0.08820874858687433,0
0.11472050840505392,1.167666109002839,0.5766467612299037,0.7237880291738381,0.4125427599156617,0.7826628969378602,0.5694650116570739,1.1499161642616718,0.6753453576571904,0.9852977259429613,0
0.14481643613996692,-0.01426766920536289,0.32225079469440393,0.3577867833088709,0.6713405032657073,0.522571051116808,0.6092391114114551,0.8000807053977523,0.5591516033864599,0.4319469319528235,0
0.9519936161357948,0.43145919945430666,0.6553905250510632,0.7179780014414333,0.8334640065807977,0.2794339440180982,1.0184472650155612,0.6427485794937113,0.9396608077301808,0.8351649091036181,0
0.37772836084987643,0.1827919782099423,0.8952778223435345,0.39456097993184397,0.26409046636442735,0.8578776283368608,0.670897687904428,0.7648673103174009,-0.05319129937667916,1.0121780881294202,2
0.27700759164877325,-0.11900877189534467,0.13510676106808497,0.24242786618710255,0.3314627123352512,-0.08013808665097075,0.49243081043187975,0.33251657220867875,0.6834222188752492,0.2587559920659587,2
0.5941571842483719,0.7528355021540215,0.36859158367010497,0.0780566207888798,0.9050219562704583,0.43766074556252205,0.8922896350174142,0.7745001014651098,0.6952341984568171,0.7206973815694128,1
0.8476916655564949,0.13355818617736925,0.4181954385546395,0.8659051558143265,0.711912638854281,0.744297590375385,0.6013053079578433,0.6247848896550945,0.8365848627995515,0.7961368298543963,0
0.7772254253723774,0.2713938283468867,0.6616622355279612,0.9109174481357536,0.33628102430483015,0.8970986542384627,0.8592559010950211,0.25850911539737637,0.7488995582534127,0.1051331328490549,0
0.7554260308209981,0.34836475767779973,0.9608783409215855,0.6849728956198589,1.0710065486087657,0.6954634714366634,0.86509038597319,0.3226542932689045,0.5252317936486472,-0.1717607479422948,3
0.8893466777575184,0.7788761774059928,0.7222176775435615,0.08259240539807132,0.8686030401348724,0.11137443681370333,0.22501497666656592,0.19647732063457182,0.8080804485242672,0.9599827222622781,3
0.9817893693240939,0.35838609787238423,0.4556199913479374,0.8785814696173294,0.06975869566929069,0.2484865559216255,0.8694556930883759,0.5118648998219032,0.5903350265864235,0.33527730166072983,1
0.38317743321791325,0.18738489955567034,0.47243330258460703,0.6805355279811304,0.6828759721793537,0.5916437832223697,0.22769141462485143,0.766082063359243,0.753398119956866,0.7229625124162383,3
1.1107963943444876,0.18421144782461554,0.4180735657821395,0.9331462970807853,0.019265977365382013,0.1659970878974721,0.8598864657296017,0.5899681047550753,0.4821490924028171,0.22574812668444294,1
-0.028685390591834753,0.9815962345705055,1.0223718402950548,0.23100337103865987,0.6659607569990941,0.08717669036262417,0.5088623839511611,0.03748815251210583,0.9468183922601181,0.17088964702131504,1
0.4529794815925092,-0.15885394795346613,0.2558235100185767,0.290906317576619,0.5884155504234344,0.12775121556263846,0.38267732722150316,0.2756954110538044,0.5607178914741673,0.4003442058097818,2
0.529812456633284,0.7599490179846422,0.15916265889049858,0.28470757945216024,0.9782931478544538,-0.03894756365783106,-0.11712510847099167,0.3184954231785678,0.3915338115561604,0.04538264839924705,0
0.916531120565386,0.05337054936216449,0.3087738922343545,0.04669061708831262,0.7953300712867066,0.6689837505781348,1.0269047513714453,0.09291442041887044,0.19190673431691113,0.48800700836086197,3
0.9740328583162906,0.3745727979724153,0.10056250500429886,0.3303137062132961,0.12445809796755933,0.8605407547864543,0.4321819733328122,0.5215681683895987,0.38603696234673096,0.7653093998046366,0
0.03767231530551153,0.9217549847228702,0.9816870708810386,0.253433506643991,0.7010815624140622,0.16657993649419642,0.4493170823536227,0.07676293766917952,0.8901919294724228,0.11823838134257231,1
0.7560954200024123,0.1408493333948744,0.3112575028501351,0.5581991026891464,0.4065621982512819,0.4770536712438367,0.7119936362534907,0.9860205155544535,0.7315987595623803,0.005084986594866642,2
-0.018735479113418926,0.08576349837983363,0.6387780652326605,0.6824639680011415,0.15362383458059595,0.41011450798841653,0.5585540120455765,0.2774749871660373,0.6426526194779535,0.4821124549410154,0
0.9057867278515146,0.48343645375230726,0.6676245685625999,0.29794180155647887,1.5360278540510173,0.8015093233860139,0.8856788533461952,1.2767360164189059,0.9885621717854387,0.3417706179266097,3
-0.03196314225044561,0.9560564553587477,0.5457682453129458,0.8513152875394802,0.8968235300876805,0.49110577844689635,0.9718360548163463,0.7063107664148461,0.32014486820810906,0.17077853299820286,2
0.11453637439947416,0.9131425951696277,-0.041421276766590805,0.5098277488856467,0.30484129023294554,0.8069918434875305,0.7136100790530351,0.6069578805719893,0.4153933521138602,0.5578971546979731,1
0.31533098275226423,0.6533166027978345,0.35888375258444083,0.687708143694901,0.13988478719773426,1.070866790478828,0.7113676034670674,0.7974894035084771,0.69757871301569,1.0771769637320772,0
-0.17095915303948298,0.5779029986180181,0.5425132411222409,1.0244906663443627,0.7647297902563879,0.5332752257365969,0.536502895140453,-0.24694623745397754,0.6113125088617396,0.8481485493560715,1
0.5844970788519797,0.764991852470551,0.3569596059797077,0.08666877613000715,0.9022350213137155,0.4432910607721528,0.8858710967056757,0.7466259611727021,0.7078989549451217,0.6946861952320454,1
0.46292815249413244,0.22444578196812992,0.4335876046171659,0.724831056901712,0.6088434676132429,0.5661343433147169,0.1925154440258725,0.7620670091480591,0.7979692855278637,0.7690840296552233,3
0.04851053798060312,1.0721920404377658,1.0726997876588915,0.34365822916372174,0.7362335185787545,0.09792132528756381,0.4388650017817212,-0.0012214943499833236,0.831527248200344,-0.0014609999322401646,1
0.05512341426580668,0.9372878100045757,0.987128644919108,0.26479816155473995,0.7033308065895377,0.18148795949838906,0.4605127107703578,0.08715157203008758,0.8755682807356108,0.1200056385419377,1
0.9920223049770567,0.5614590894333585,0.6799970920251154,0.5765364584385884,0.8307112507433494,0.3712210702218647,0.3780070991971209,0.5465272515073392,0.3613852803071747,0.6340658959172765,0
0.3096268568668497,0.9697408982873835,0.40939599985752256,0.4029478917983935,0.16565872790752148,0.6228332894390225,0.36976286187643564,0.5573381768414988,0.28595884668320004,0.5680418961391492,2
0.643516549029977,0.7504351075009152,0.6341756535021147,0.11415492314835368,0.07802982220288544,0.5628025943927965,0.06485733068146993,0.6636118225687329,0.10682335924100128,0.521789891376102,0
0.6788095853216485,0.6610419048647552,0.7284314737983764,0.23878832512147324,0.5638489006888696,0.565421064891722,0.45264194412061387,0.7119616119056983,0.8270713650070587,0.47873716854729736,2
0.49321321810943863,0.6508475158326839,0.6436243866752195,0.7240192208421597,0.8339273793941618,0.5298052936169217,0.5857572216480306,0.878086045373334,0.8252718723259078,0.6801777204828069,1
1.1717338525791325,0.5894027993865703,0.4416912639234744,0.5350261194652851,0.9125789190475185,0.44930615366250237,1.1257762518417016,0.5771404676132434,0.8177125549897694,1.1092291577601805,0
0.8524691917737902,0.17496366532588498,0.38952389798022324,0.8710189044855257,0.734995366916693,0.7044779752047725,0.5601099796613986,0.6467810865270016,0.8549546573541481,0.7795299434920551,0
0.25513581090659976,0.045981144565227734,0.666063260989039,0.24739772892059272,0.3143822094012624,0.9386767401338525,0.09696335278322256,0.9022930364532323,0.19563707346717393,0.5535231451855247,3
0.1944438675724469,0.9602413338153046,0.3469995852354367,0.9808264571291397,1.0688211707207904,0.37750208661200385,0.7949253585814898,0.5321306798566581,0.016925437764199636,0.21001390193302233,2
1.78283478170841,0.5328349123118308,0.2888703537895745,0.0455689981499281,0.9347892919176841,0.4200011324327205,0.6510637633091618,0.37979216260701365,1.408381968820716,1.197875625586506,0
0.4652460355678187,0.047702556952282114,0.4340411448678054,0.5420899456261965,0.693067718444877,0.22443577043515744,0.7366907325998053,0.5279105419399359,0.2694180967616505,-0.12691073146858073,2
0.11982288669380983,0.0869701667739173,0.25840693353936,0.2879554821247995,0.7742100692959905,0.5314066612550059,0.5852504513155726,0.9358586668768062,0.6824241132122253,0.5700547212009097,0
0.8307256060843465,-0.0017923038810142844,0.7419975622256054,0.8845166192234191,0.42136156065064134,0.02234852755667438,0.7138872593553538,0.39326572107027186,0.4194997264402941,0.7820079079859265,0
0.46572950206318237,0.6889393258638832,0.768224280895222,0.6690009528506451,0.9110655829053947,0.47470952524795146,0.6363414969003136,0.9953356356806662,0.9993802490542022,0.7840238279166909,1
0.22853518017710373,0.7966205005641623,0.5504897753309771,0.8406898192596259,0.1056191049461941,0.9763104722985871,0.6931106628533691,0.8694389042056155,0.7157874813232393,0.8473119777659258,0
0.8187143936029979,0.25159418172488085,0.4574464402044145,0.6666363000406985,0.7953681332298452,0.07060037729405316,1.1437754850603012,0.2733499029613034,0.5628816498292376,0.9807272645379441,0
0.9561440457334139,0.04432421758388405,0.7265893000290962,0.6221518990282211,0.6521019000218867,0.10331347769929411,0.37180195870140875,0.17828532896539032,0.5210901291138015,0.46896028172202175,0
0.7173360346104655,0.4927611086184418,0.19419208645339497,-0.1837095239252005,0.7164500874306394,0.6929560936270452,1.1001357526857694,0.7792554650362425,0.40369924722233497,0.6227011674704932,1
0.7142253985144364,0.04325550395554556,0.8000201741191971,0.09865460028865794,0.6588356292984979,1.085606517396566,0.7916772845493322,0.7297650685558553,0.7631236017743357,0.6365730152184506,3
0.4432011753285997,0.9340586437909135,0.5622876469346554,0.19285482233230544,0.6716111773927576,0.11651082029874482,1.1605835286865376,0.8221019153306967,0.5250327385683426,0.4057578657574815,1
0.31410005324148604,0.9643355254108955,0.4137444273023521,0.404818137778613,0.16505467846248648,0.6181508230616526,0.37463857629524233,0.5574060917734246,0.2812386886524495,0.5644077535880703,2
1.1299211632257078,0.22740192285255906,0.3749177533195296,0.4800853519805507,-0.12630109322340294,0.43072942027765937,0.3023180933959391,0.31189272638424703,0.15770547402020613,0.39864221726535576,2
0.5089279306003456,0.9170074079245415,0.5145763171387339,0.21849779754306764,0.15035754202356832,0.32011834103243686,0.1749357334351832,1.0676816755529115,0.32465621936939365,1.329431624202329,0
0.30181507958865117,1.008849422743625,0.7413719764678951,0.8746844154075123,0.0070357875035305245,0.9592911577914166,0.6700636183985643,1.1022424473731922,0.6810067560822326,0.9853937170699489,0
0.03238217310090868,0.9240406088497328,0.9986248519988574,0.2681345882585228,0.713445261653786,0.14326367035884083,0.42992445357656744,0.08197148004597288,0.8655656767757619,0.15940106220068304,1
1.186278775967115,0.2949788434710989,0.16032042777447336,0.4464228913157329,0.2700591011974694,0.8978677362257197,0.6614312457837406,0.4087368889702486,0.44687815282407745,0.7133231012052648,0
0.2590328883769395,0.1589830345486418,0.08072084451425049,0.9651431099290265,0.35310958252372027,0.3272689026984286,0.4011519275519973,0.5292700684631649,0.4298577054403126,0.2202836509780928,0
0.6284100301819364,0.39911042991950885,0.4049602354754598,0.3576203473724838,0.717562501755028,0.8561381557727473,0.8464886131704333,0.24678814584465597,0.34407592700197775,-0.39058215507385696,0
1.183078074334803,0.6084105518132362,0.3325463310945206,0.6003183735678628,-0.20866060659071223,0.7193969563814349,0.5724818107651661,0.3335263764044157,0.4962803586875313,0.7338489507396733,1
0.8937739501392217,0.10420501575391879,0.883300458392414,0.8897932918110086,0.7347365088777017,0.3112238487702769,0.43287570146893073,0.23886335912874554,0.4655637441274664,0.7055122986422436,0
0.9105904745598112,0.13900834844562196,0.19225976431991257,0.5735574445997427,0.49798433776576034,0.46542196866614893,0.7303947510384932,0.8399737295415888,0.8704957690937841,0.17861559228954135,2
0.4075982644244927,0.41324056728079017,0.06746109562753727,0.4173336027450659,0.6531248444822394,0.6290377369222069,0.5109354736211458,0.34174627821770065,0.7633207072991142,0.23108024314121856,0
0.25277878556386296,0.15421558501516855,0.09320680004213304,0.9695912921039814,0.34861364487712965,0.3342998317695115,0.38986872263494105,0.5361101389222998,0.4375527350278865,0.2169060870001174,0
0.5085601759670173,0.8716247712331269,0.5164149006450348,0.6227499322207041,1.084878816001985,0.7414577237544688,0.182219554786995,0.161463895680779,-0.06317759815019613,0.47865883541209425,2
0.25952193473775526,0.3251224367458897,0.2813086542653462,0.5044829046822731,0.3074528569480462,1.0659014142544359,0.4620148491994298,0.6370270583081807,0.3038287379403866,0.11234086976452487,3
0.30818886874169465,0.9666510922852897,0.413635534163101,0.3982501747874686,0.16268074054417372,0.6266853987913187,0.36869048308014496,0.5555500980485862,0.2823610024892196,0.5695401510215098,2
0.4009613245323189,0.1379188828079459,0.8032271410725877,0.013439273300791248,0.9290128040935124,0.7667795721960678,0.9872321038748748,0.9133991193435291,0.8703316047717339,0.38715788059374695,3
0.9305079769105921,0.6134044581806488,0.5857079378594998,0.5856558489192385,1.0303207708627844,0.09847447084817282,1.0489567974398208,0.809925898404607,0.9627459211859757,0.9726392156363879,0
0.3412065349555385,0.6539372007539616,0.6287031753422908,0.8957414111876183,0.795916763066615,0.32448898978056795,0.9386828171003038,0.7922554448244686,0.6165671656963037,0.12820861347907228,2
0.9414548764663084,0.9961569062757578,0.39910264046414856,0.6513260309334457,0.7945338164459771,0.7310888465000321,0.3431782922567969,0.20997403242025803,0.29802943151705863,0.43843300037435484,3
0.8343615254855933,0.28434713443043513,0.9232671060857198,0.7930809477145583,0.632409638043037,0.23668109533201442,0.5654516362164167,0.5215165513329895,0.44754826370316103,0.6309683844980272,0
0.05243279681458864,0.8451606458957908,0.4663438060802542,0.3258530172392973,0.6945892993853721,0.24735959760768308,0.6491399901669813,0.2052167657833188,0.782222357058279,0.2732355966645473,1
0.26902719654881313,0.1628676366506901,-0.01968785355963433,0.23963624593304253,0.4231070534027441,0.02092437374595075,0.48024935813146,0.5459839231407184,0.5466180676022608,0.18932526585730394,2
-0.14417820774074813,0.8201100374574699,0.17040008938781856,0.24415388922912837,0.22465009119835952,0.48192319978035203,0.3771579963321864,0.9501574124509607,0.20390952670012794,0.21964177948329025,0
0.10990609246643053,0.10634102875933238,0.29577074197095515,0.27963693311644744,0.7885396476621573,0.4985133078547513,0.5532925855237205,0.9400606650244187,0.6653735201432411,0.5593744776262842,0
0.06356747630692205,0.8658470596815976,0.456370444690978,0.3273167834737573,0.68384324294439,0.24294061559363478,0.6363596521983546,0.21546743211289357,0.779179074524919,0.26342210762243706,1
0.5149596660419566,0.8823911861323491,0.3748013792986213,0.9294260374929052,0.9162794509916785,0.6517778097386763,0.9881000214690244,0.9305886780864834,0.5062498923366786,0.6451757117050978,2
0.9393976656356439,0.3626794519410654,0.11847256112279475,0.27342068045212825,0.16813024663797227,0.8700546629999296,0.4793708067653353,0.5037041919698543,0.3217283899101403,0.8087545017128864,0
0.42014747809434705,0.3475021287814716,0.12570171854153162,0.44167084871574086,0.6234518750092841,0.5245209802256978,0.5171672253042933,0.35754243506349564,0.7603839754003168,0.2703826195365268,0
0.1769645597607849,-0.055279481372517036,-0.1627916445387419,0.6142743334394345,0.18613875251134027,0.6200574187674578,0.4097623419703388,0.5813443306233591,0.4594605501565808,0.19900188559980153,0
0.46422187954857524,0.20040027761946688,0.33822837756385515,0.6312154027623306,0.49715741621785847,0.6158661821541658,0.2723190912253079,0.7722447129151823,0.7206001342940549,0.8518751436101207,3
0.6323258354310257,-0.014242361839269038,0.3519063880846356,0.8206087419437067,0.7081668826926272,0.6040208151253809,0.4230357207824634,0.3713661020007601,-0.13150208840920388,0.7801026752968938,0
0.23686766052237312,0.7995592711157615,0.563235367242079,0.8535827764646247,0.0972774403029345,0.9807455567173959,0.7038164898267156,0.8832238933816801,0.706126860197731,0.8565265404271524,0
0.13839647988484202,0.19204391959740985,0.21113957674939998,0.3345463755361301,0.8071128117154283,0.39887357712400373,0.5955389364032707,1.0897784022936203,0.610605798603499,0.4130324164927396,0
0.40341919374285296,0.48486763842755215,1.288544947903489,0.5438990291332352,0.603192656837557,1.1773931134787547,-0.020403286825884825,0.786793726765834,-0.4143423077301577,0.9770634421780339,2
0.7825581164458018,0.30121311754615887,0.636386118220568,0.9065624662295235,0.37504231123644977,0.9067764216017725,0.879101553732202,0.29084930366671785,0.7621680709961387,0.06544579481257362,0
0.3273090553726426,0.9603105731541274,0.7100309845104877,0.8204933421509313,0.47807396821195014,0.07225791574989436,0.8759237658729848,0.4976776451801496,0.3408044897598215,0.6491087111514113,1
0.6575812129401483,0.6737232129326427,0.74398967293886,0.4043605200803354,0.926085796837689,0.9524046598242677,0.4220601564314214,0.3729586213819908,0.15354998910785211,0.274457954832615,2
0.938996473080273,0.40428273757817895,0.2674262428041273,1.0444930046939978,0.25697342689386504,0.18165846565463725,0.8804476899605057,0.6233964846988982,0.3582419089886438,0.5014802567591337,1
0.9295626421255669,-0.047397790060572265,0.16366152417945326,0.11116381488971579,0.7520104654511814,0.5172607964831872,0.7202799724648187,0.11561217450103278,0.30899501400989804,0.5375007111915064,3
0.10314491612707338,0.9247201643147376,0.48290456179442215,0.26342852451755233,0.6885005410419279,0.207538744367055,0.5879780948372717,0.22112318018878824,0.7529292486016372,0.20561615083036888,1
-0.025724824117304756,0.3488449236126826,0.39142710026466215,0.6620442367293895,0.3186035332164824,0.3988446999952597,0.06371509383711765,0.9985692788411935,-0.2209002978048922,0.4780703624193458,0
0.35946760940455424,0.6354056068752388,0.47081112813071474,0.9193764047705149,0.5814190963579904,-0.36864371828173303,1.352643056688089,0.5170541035696605,1.5439768840120174,0.528936483257523,0
-0.11737953236062271,0.2001650031935264,0.013910985754118421,0.3181807576493362,0.5356760888646638,0.30655869282770964,0.26984830586680275,0.9319970170440653,0.493651945649327,0.5607406050133047,0
0.4517857581365963,0.35271018211678945,0.4583337877726061,0.7989908126111422,0.49450263591935695,0.618388572773587,0.31322627329886327,0.6913172220132602,0.8810063911909074,0.913976505958781,3
1.0081681070823578,0.17254980977263779,0.8785557855308996,0.7721525056159037,0.6553485960646818,0.3229913965949154,0.39405468738176797,0.4028917871463053,0.5078092028002698,0.5848733539959674,0
0.6582417587168164,0.20859092103966936,0.489250692817814,0.7818760526980815,1.0046038020950039,0.5895424779024112,1.3845389591075559,1.1718699687492058,-0.70167025101128,1.0337995567650489,2
0.9125350922297523,0.20306198972305883,0.7448255254289748,0.8483340045656141,0.6270882731998816,0.2504700640550448,0.3756911867999976,0.36574435298870706,0.5358395445595743,0.5732862960510979,0
0.4684505712920135,0.6777365062940057,0.5241044260762164,0.11764674601238664,0.26177702146495524,0.35759315924270857,0.00987596807064656,0.8318844062603109,0.7513733571322859,0.15146093654540413,3
0.1729879232680841,0.02007238708969973,0.6043670648428922,0.2092698977761364,0.28410167233739386,1.0183498360182899,0.03308219650036471,0.9863116042060661,0.15889608699605223,0.5005514067060721,3
0.013543105244194303,0.6571983358337619,0.5607682604762919,1.0577993540598134,-0.1120316222764405,0.983723341255854,0.9697346385098369,0.900161496777329,1.0351901032498856,1.015602630469345,0
-0.09877349164527749,0.5742362669811049,-0.18311341934309622,-0.11991781623319153,0.6351172903313717,0.33060767146381154,0.36053940420308395,0.9489805735759024,0.5729384657363366,0.2225320257558557,2
0.3800423832743212,0.31957565969695817,0.7537748925374763,0.4556604449092353,1.1305121875170954,0.5287898884153959,0.28973472527762956,0.4876898803597691,0.5040991013672166,-0.23785328544153034,0
0.2544461784574357,0.27775726367839226,0.6160687227584729,0.5830115656855646,0.2239877039864713,0.40448628528164476,0.531510940645173,0.25033909534817944,0.502073607669291,0.3446070590536625,0
0.21101377502250174,0.6041323831324414,0.31389242686826335,0.4805316092398394,0.41999650919006976,0.4183513831284536,0.17094742191469908,0.704161712127716,0.025580541486207378,0.49313641694876015,0
0.1760305869689809,0.05666938814607125,0.732367060596683,0.19970746091905767,0.41477263347854554,1.0113578369196286,-0.011898822285875549,0.8942199622443834,0.16115326225790463,0.6559874896724982,3
1.0464145282312483,0.1884856906077524,0.6735954586626723,0.3194070020665291,0.0005482387552005336,0.43176031842405793,0.2564004637147703,0.4375810303086352,-0.007419969314405375,0.4111272619066495,2
0.4230424628240551,0.6928024924878281,0.3753323364104123,0.8610518130022816,0.22908075663838923,0.8739319940544027,0.7462512998425281,0.7448085422494608,0.571044627431921,0.8276506825168493,0
-0.34164426856105445,0.8870953572981054,0.48212782916202473,0.49684264815775225,0.8601870757774642,0.21760418493551376,1.127227144748406,0.1875764422302285,-0.004167197614346502,-0.2596003905222121,2
0.30995967655171364,0.9709642383904745,0.412066062594163,0.4016870594660807,0.16756639954432248,0.6221947858873024,0.368344552927913,0.5547582966747068,0.2842832009695693,0.5703033386748109,2
0.3537144043986367,0.6879847100404225,0.7602820161518968,0.5174001229808276,0.15249086493843617,1.1232879307119457,0.8637822797002236,0.8512595777436168,1.0090389555080093,0.7070535840560529,0
1.0462467640931443,0.597448388754589,0.8190173703135728,0.08295492832439502,-0.12528173818754362,1.1121306799941841,0.30502944762095896,0.8216192326529517,0.14326448352736051,0.40555887132976204,0
0.6049845359082608,0.4934122710961153,0.6682730194434325,0.2321701874412903,0.5698841575650312,0.6484098172943561,0.3566048633278411,0.8169111637095813,0.8044673142542175,0.3905766834268925,2
0.36023441927421807,0.3582698381787408,0.06807814433344392,0.4857918783765132,0.5734040375083361,0.5899052439712995,0.5318024556881629,0.302495451493935,0.7842102006111865,0.25076784521640355,0
0.253105636170188,0.052439045831824564,0.6650862812720805,0.25132717471748356,0.3156320128069274,0.9405499111447512,0.09240586874102283,0.9042899367814597,0.19320653260545217,0.5553531610745379,3
0.9932074650310684,0.3573466851613379,0.47355119597508005,0.8752625927377901,0.08672421905178718,0.2514595070372079,0.8625531561350652,0.5178816514867953,0.5930382159783322,0.33564039970744114,1
1.116226274955763,0.3968337921177184,0.651331287185805,0.6582737601358252,0.8129287728610055,0.2022245336228829,0.6212857308044633,0.19974567471613713,0.29924529557979485,0.16164970967370035,0
1.141295435815762,-0.031120416193791134,1.2431742826704013,0.3856845110305506,0.771802856356702,0.6722501455002949,0.6178940467045951,0.5872277735353915,0.8545562912408411,1.0157050008229604,0
0.8651780106457687,0.13864655020446498,0.30525858173063786,-0.02494119548118026,0.5091170624070098,0.9029244956890345,0.7709030111403625,0.2837265479899296,0.36544130783986395,0.3784330052795771,3
0.426966334967654,0.45373378641547957,-0.021470857945484534,0.13599747570471793,0.42271251607433025,-0.15434704389101586,0.704795658436426,-0.02604485112586026,1.0188098899252378,0.20583284090780807,0
-0.012192450214208908,0.957303864449146,0.8896105630783189,0.24604086145260484,0.7902395837211101,0.1773372680338444,0.4976852603998237,0.11742596140703113,0.8799975084200653,0.24464216832224406,1
0.3922031119473521,0.1590301284128759,0.8595644491837585,0.027906261161476792,0.9426127295416021,0.7389020090148654,0.9547735759731663,0.9101590196818796,0.8322918938392997,0.3415413934346678,3
0.5003386328882521,0.8804488392263426,0.35475076553628004,0.9343152805411379,0.9085462147031208,0.6511669079189343,0.9898838005756512,0.9353005939279143,0.5017028095972162,0.6400094961246895,2
-0.16868221984282228,1.0334535394121724,1.5435476097237333,-0.48691385439026014,0.22508293411435176,0.04498266899371195,-0.6008561846531578,1.111955258464706,1.082460084621058,0.5720248501287419,2
0.5069236270878871,0.19047867147774633,0.13946275859655333,0.35337406463587806,0.19642693128629485,0.6626607073744462,0.5686351799833129,0.9525233872290063,0.15028665857129642,0.251943995901655,3
1.530771910317473,0.3963681818582561,0.6693165098765075,0.8865025485105449,0.2857515628777799,-0.2324043481730863,0.2036695155164132,0.5036472120334944,1.0146081407173617,0.4315083398976478,0
0.4479355586168667,0.05540961242322455,0.8304738405641143,-0.02272588337451615,0.9977930548239302,0.7924301650896314,1.0393535485928163,0.8507569564820752,0.7838552383143035,0.33156280120375187,3
-0.0914776374650347,1.2667391764086726,0.28141243655431547,0.7121034663480188,0.9778979924858237,0.9365012365135247,0.5882652501348415,1.0655639940366015,0.540448640384726,-0.13702002249501577,2
0.8569738958501489,0.14511179176074324,0.40903403430161744,0.8600400124585232,0.7197132247425774,0.7395254977793473,0.6015355590835086,0.6342510730424853,0.8357472717683878,0.7962644446474678,0
0.1616572207586641,0.13533945684026794,0.4117353343958001,0.20017437973687327,0.06681357908625561,0.34857848994048535,0.5537434278516065,0.838301633382308,0.7982590382502707,0.5415003530051476,0
-0.0010991834922493005,0.8473900039561022,0.36823583439133795,0.2963783398676758,0.7517244540509765,0.28468639710092397,0.6750627866768663,0.24917875607160198,0.8693040837622771,0.3085909998518138,1
0.6281966668614445,0.7501419279864149,0.9157667529565374,0.5834623908160363,0.6878655087267466,1.0371932657069687,0.4381654836977061,0.156979701348494,0.3486690207408371,0.49620426012206154,2
0.311704262009502,0.9731426111706483,0.4107126724205123,0.3998752194633836,0.1634997977648038,0.6234571756657656,0.37103060492376955,0.554765148585439,0.28374188300784764,0.5685546851837966,2
0.9016122862141576,0.32866791515692195,0.009621801758571594,0.35360551918565436,0.07582549487078852,0.8912016461040905,0.4893400842009709,0.4593589910333754,0.32122896648696747,0.7460974177054385,0
0.8680099007511303,0.531942907719274,0.5977170284164943,0.7709438796733158,0.830021685067987,0.16479447956314308,1.0361260391190852,0.6889396335673427,0.8435639961912735,0.8589255763757719,0
0.23324394220139094,0.3186500592346306,0.07126267800415244,0.39811861283854516,0.5232894145575576,0.4961894025510204,0.5740091480902068,0.4270625238144481,0.6599111131571666,0.3081629631614922,0
0.003536627649077251,0.47176793745907897,0.44986972392717867,0.802531910246365,0.9318978093261485,0.1710763616716501,0.6453673744214578,-0.008005510406343341,0.6626157749148153,0.9749185343107507,1
1.1259017125193718,0.20910279757997907,0.22404360462882794,0.15791423836138369,0.15800900728417497,0.6519478351230183,0.36135889321150855,0.5069895056193481,0.5662372667196758,0.5975649078830891,0
0.9073563511960282,-0.059268864809065874,0.8883068340995152,1.0385959165715346,0.689906892729721,0.4250760983929014,0.2964981632925916,0.5822444175807118,0.3174043225345798,0.7793665050838587,0
0.7110960556444423,-0.04079733983913422,0.48942357894398364,0.34858985250716695,-0.06584478573592384,0.6863424293448808,0.2877156810250972,0.4867846331052571,0.17161109667915614,0.8306041205526934,2
0.03512248109359311,0.8844735421682062,0.901776662149706,0.31289771823719587,0.7445812108853117,0.20438693204448752,0.4609220743222466,0.08056859949578486,0.8409541282345773,0.195570394763922,1
0.09181860599013608,0.5172449224429703,-0.07241653449771002,0.3817535384612363,0.6419469301398001,0.41607636454445607,0.5566794899409615,1.123436958138636,1.5906624211551008,0.04644843222285522,3
0.22184757354064905,0.7806167434932261,0.5550757006660787,0.8449344214918386,0.0910858687792663,0.975457190780607,0.7136346772971568,0.8885698273891882,0.710911082588943,0.8737329042950551,0
0.31203756201232463,0.9680086328974385,0.410578254665586,0.4057686281105097,0.16963361491604217,0.6242182690445617,0.37114214020908776,0.5529819495533492,0.2882745090406979,0.5678409874226915,2
0.4496893241667293,0.018842795001309275,0.09404438065873125,0.23404954850869414,0.47287652123135837,0.13485442068304326,0.43198426240013804,0.40708820708884785,0.5225677886685665,0.21371134835809172,2
0.6234376495486843,0.522883516112105,0.8960125776817743,0.5165485559620874,0.9976194397032829,0.4499532244837465,1.0423844391043608,0.36003245078341706,0.8975406637676259,0.25117627531503717,3
0.6926573386685075,0.13070252539987784,1.1052209649690434,0.8165026152098022,0.9790145308169804,0.10112436115556095,0.6605259335853648,0.3697886952486639,0.5767993784029185,0.7073536144154309,0
0.6091422251487791,0.5120239667075148,0.6818132134366018,0.24849090713065441,0.5890327482404651,0.6183453631991389,0.3344697869411574,0.7812195206832445,0.800560927577213,0.372121878956216,2
0.5446598082199694,-0.1908310327652636,0.375465748311949,-0.20103875826049467,1.0716284199584245,0.4605424444855063,1.2282087494737732,0.07969791258477267,0.010374852373774418,0.5375386697039831,3
0.3678082424694313,0.49573533608971104,0.08225761150197072,0.39744940729618006,0.7855860253177238,0.03156671980883963,-0.002099045381186687,0.29025460597073677,0.3134728640403472,0.09897555789849533,0
0.03635302052348145,0.9641435044277098,0.4258465132109033,0.8698425391492177,0.8428502804270855,0.5067060045453855,0.9470933917132314,0.661739542456815,0.2150914409747751,0.15937862555918295,2
0.584920426073705,0.5012466402569093,0.6917882148972018,0.2465870227632937,0.6032520817724363,0.5952799884635701,0.3036524176210252,0.800704370813221,0.8269705707008572,0.3941930297240763,2
0.5683941786504475,0.8231922763726784,0.8168396165780789,0.21637395890860328,0.10577779794531161,0.8443442494649672,-0.047854707459996426,0.6059420808811369,0.5090867275639129,0.8282597875926838,0
0.8753988090311144,0.9701389727727432,0.8863727705769164,-0.8681225662046653,1.066852508448276,-0.8606845552145088,0.9661083878305712,-0.16006901078847557,1.0187122970990594,0.544314150558438,2
0.0008460906933309975,0.48209971946242713,0.7567413442231841,0.4308893785092314,1.3189188021578424,0.18123466440177102,0.8009931206543742,0.06972475411872144,0.7959729319985482,0.613403982812116,1
0.6775913225568322,0.5481496969516677,0.6810983888084869,0.6301586369709884,1.1618671968328749,0.37334405353625943,1.1118573321054668,0.19052058292324664,0.8805310822744015,0.41941592723941634,3
0.6434531682736494,0.7217123509910414,0.8841071727657785,0.4351842671580055,1.0265613259406414,0.9872318171241834,0.4078632617935739,0.3648118323293031,0.29541618062079394,0.2799763844728747,2
0.5257685682569374,0.0027534531554527786,0.32530926360748547,0.827332555306709,0.591216437045658,0.6122140046119361,0.1761475294135137,0.6849024343745304,1.0396015395254048,0.8134892442181247,3
0.23037059464648676,0.7894089397088018,0.04065351943563557,0.30694200362179114,0.930832836666008,0.2922832328530104,0.05282606015557912,0.6592455170624292,0.517227291615706,0.2191809750703131,0
0.8532766773367256,0.07268483486048961,0.3478966409708703,0.11780542516648876,0.8136360182820425,0.6057116394970351,0.9879408986842598,0.08438023612533667,0.2111186279921782,0.4497589318285484,3
0.23873564812405193,0.025601994539380883,0.6552295915655135,0.25873040614052106,0.3033721673505134,0.9258033048365079,0.10939981724061781,0.8790246799278522,0.18440675022539266,0.5409703805994441,3
0.9417313739481721,0.29038260289048173,0.3041993118776163,0.31293243468590815,0.8966035628771896,0.6359921462185412,0.7281669185741055,0.4562607766963229,0.48074761819737905,0.4608410747191757,2
0.9490168465018294,0.90277916767247,0.4409046014664371,0.6342379992746427,0.8299447090727751,0.7112898950221928,0.3982133083641751,0.1355901366630532,0.4039659013885898,0.5433346849979284,3
-0.001484567595060618,0.9256797087948938,0.9612119392064642,0.23132081723608544,0.7302926827076746,0.1156745030213415,0.40495303387914056,0.08251219692838595,0.9238845724303185,0.17669761139950177,1
1.1816234899895814,-0.06731213948053905,0.9093586492066522,0.5659018194802988,0.9996161870705693,0.09930237395220765,0.46432126977967264,0.5358892088821858,0.38563649273718065,0.8097514507142156,0
0.2527687012954911,0.16010260342183988,0.09298636198492746,0.973482676487133,0.3494885451670931,0.33366049616774257,0.3937441086339427,0.5283224929281873,0.4384289085355715,0.21922865059268062,0
0.14948317660423366,0.08848740457583926,0.4347824147997483,0.3337849900035661,0.14306088443550008,0.5607845061136718,0.5856111241774719,0.38398582599688547,0.5383857944313336,0.2979532366615656,2
0.17101526731698988,0.6753385849337854,0.3836436562309637,0.3761747805788421,0.4446375977577444,0.49132927191418163,0.24820589932759687,0.7262206663233721,0.02149306756254601,0.46918153069571467,0
0.16512410245791193,0.6416465669382563,0.5113577495134638,0.6393395280293374,-6.507748511429268e-05,0.880548460548038,0.6080686665023928,1.0544498404728186,0.4417265194507296,0.9613242432902646,0
-0.6180774912081841,1.0672393431010225,0.3091240259170415,0.10468516112886683,0.9343569385363278,0.5292326946189725,1.8354576575525319,-0.22555471876114386,-0.3192797462131608,1.2423374514795822,0
0.9431560031446535,0.22604170567258125,1.348501635013954,0.8382771603619219,0.7235684901051813,0.909522040272381,0.829995326717911,0.671204053114903,0.8769458317978631,0.13431143994144656,0
0.3075334042220752,0.5666879302989034,0.6830096509936715,0.2943416918012956,0.860472337139259,0.6573993891099903,0.49338149734010867,0.6957110446433664,0.43455283104148973,0.1346998434922227,0
0.8355168882580903,0.26657850840875413,0.9461496150258841,0.457466996846395,0.5839072125667201,0.873876068182124,0.39397004489335996,0.4652995438795915,1.5072114899239495,0.9071848674278635,0
0.7807257267764,0.4938058164006012,0.9011733025452174,0.4152841359614026,1.1313363951311555,0.5067956546053067,0.8656532959204947,0.2197570381358745,0.8813572813750871,0.3114414215960656,3
0.8827150929503866,0.08207363411716459,0.34957126778703645,0.10854795187491904,0.8310084266095226,0.6115191240473014,0.997148739770413,0.06144218145116165,0.20793167037713067,0.4414337364160682,3
0.12851464876007476,0.360880403990571,0.015373218567377278,0.22450885850005448,0.5605866512453946,0.7971742794169093,0.5736500819294872,0.542379427545441,-0.04356757174952955,0.15673119980356404,0
0.13394572522109488,-0.0212163158359302,0.6494264815052802,0.9128671254408023,0.9316391098793652,0.516677207686458,0.4526699825665335,0.826319751644655,0.9732866905482354,1.107848968839051,3
0.9984321388678845,0.36480279748847255,0.475897623132605,0.8418165301593941,0.10158672687351239,0.25869627587109756,0.8808485234416382,0.5378838798441371,0.592610426532402,0.32153374237986254,1
1.0714283621754606,0.43237662122713805,0.5102422413203886,1.0210565275317178,0.7166504532275026,0.4353289792173443,0.5448830064543938,0.1946710201866205,0.7163276301813444,0.4069510666277827,0
0.7365091660035816,0.02743983006766898,0.4528323013303893,0.6866522856803309,0.6678179891115784,0.5119920064976912,0.39007019287858,0.38363995704767073,0.004269667542784836,0.8388880400778395,0
0.46285708298086004,0.2387258023018344,0.4358794008882461,0.7234922062118556,0.59253267448178,0.5654347693539236,0.17633886554367548,0.7519267495224816,0.804277210455633,0.7558555168746675,3
-0.20771679173431784,0.281354307161815,0.9273499235112185,0.35077911539705864,0.09824931305997012,-0.6611790607077478,1.586431269724788,0.44954196310658473,1.273839095877396,1.28622190046307,0
0.09503039415525694,0.24502969601540422,0.14823790020279226,0.48086677005131917,0.16696468346098886,0.08909307716212982,0.4401509893476213,0.3372206247296247,0.4635155523017518,-0.0510616299299132,2
0.8397418969918745,0.44214725551498996,0.14310686761982086,0.11380249570705572,0.5221119590527661,0.4664257002416224,0.5846001965794434,0.1328740881966553,0.03561543863382691,0.5814116767964996,3
0.7559838389196716,0.19613277186771144,0.422054621101537,0.17137798679669083,0.49351926788734507,-0.2614672769750643,0.6924270855702859,0.38933039442141515,0.7012060685065755,0.5146857441595986,2
0.47721864780237644,0.815203999975635,-0.1365749152757002,0.4095862031798623,0.017390086793002524,0.2877956292240544,0.45901211061914243,0.7438191137063868,-0.06520013692031268,0.1911949663451742,1
0.7371544943714482,0.6610637354029761,0.7075039423471086,0.028601397166697136,1.0400644267018408,0.24304255872717506,0.2550476957481409,0.16567673042802153,0.9149961487511338,0.9744901626673569,3
0.5409913677594363,0.4138416006906632,0.8126354571102747,0.5344828290837744,0.882152124683143,1.2031364901817219,0.3782342114458159,0.26725379219112805,0.3631790530258979,0.5028561846488804,2
0.45533407952785476,0.6848171635373625,0.6729336276424323,0.6702895925059364,0.8519904225803412,0.5336968946371309,0.6087633125660742,0.9284609174557654,0.8871658111437077,0.708597795280823,1
0.49405435526158165,0.9621543480919288,1.157147968722012,0.6448198717798979,0.5751456845009191,0.7337692429910706,1.265177740753972,0.6347963343452934,0.565724393396025,1.2981614477793482,0
0.2790114754649461,0.5093991353171604,0.17636848615116155,0.6249309922691993,0.5260063252652384,0.6489068875493236,0.9669159492684614,0.6991341070121498,0.3307198321506325,0.14835766983200085,3
0.0801139482231207,0.6097826406360034,0.4521210836874195,0.9055898110464959,0.306038015498004,1.0147909949647569,0.8141212898677124,0.8344354079850284,0.48867118280501526,1.0611808625033823,0
-0.001445428264337148,0.2711550688807588,0.10742157850035289,0.09319521399052866,0.5741897293542979,0.7184716577690664,0.45604076223199536,0.8865648879838357,0.596000409299002,0.7298138158223313,0
0.05802659183970828,0.8734217754717871,0.47686083549253977,0.28642767038258754,0.6705068051651988,0.2104488489758254,0.6745950692448807,0.2227089063738586,0.7764238368407731,0.26549747825035874,1
0.264371623104253,0.23046987725084211,0.010575389991331167,0.3809195124762222,0.44857069464507227,0.5357589159730496,0.5983188582128052,0.22941430894356477,0.8974690935826317,0.19129507478546398,0
0.7001997510890732,0.5633124630370104,0.9344476872991139,1.3025994357574966,-0.30178478044301843,0.597368462053991,0.8849091486291301,1.0069060736655027,0.930612234413333,0.9589566606995248,0
0.9875299637592736,0.3785503603944476,0.08214037380595807,0.3152343927987723,0.09111727854854025,0.8811677753753383,0.37255460418962527,0.48800468596269003,0.3624275226977626,0.7859847465871299,0
0.5105375759645437,0.7789088652222023,0.28962245586175184,0.03096470754966857,0.8747078655353157,0.4534842883195755,0.9103587517270021,0.6900921510651941,0.6442497562650135,0.6674355298251082,1
0.4124694152298536,0.15122811973398065,0.8495663649003808,0.002197298109946684,0.8829743165552296,0.7475461465838464,0.9991985098553526,0.9648760631159284,0.8429449883253463,0.3737415822641695,3
-0.0032482447662531277,0.9871450538989393,0.7995577137109934,0.6071060190330732,1.1871002595448061,0.735293216855688,0.7750307589714955,0.33379968169160934,0.2503029569817158,0.006226754015822296,0
0.8600350728008223,0.39266720569149843,1.268920475804955,0.3872245308435456,0.05587550728957998,0.24185032091860803,-0.014642623906851004,1.069108492778646,0.4081342969014662,0.33315227328674135,0
0.5840368472970721,0.7635592716146914,0.3661868841459676,0.09747749299108652,0.8973461767970079,0.4368866638643742,0.8937892856605877,0.7606348215935673,0.7102706158020045,0.6957516401714465,1
0.7474479614237279,0.423140347770008,1.0240550650351825,0.5536360198888084,1.059455073422052,0.3801470853629053,1.107136674902735,0.27275515580953263,0.8728002630829477,0.28687172972905745,3
0.959137405019174,0.9183321563941611,0.4251286067220811,0.6995966105350607,0.7523960012945147,0.695349340625266,0.43901734531044984,0.15787213741653836,0.36337428058411547,0.516176789343143,3
0.00018322209243284288,0.9524750719449281,0.9183271020208066,0.2332146844003129,0.7144130567031656,0.11453995030619836,0.45589904953576327,0.08512213443079338,0.8577019097975156,0.12695900921120506,1
0.8038984145812442,-0.14372952845629666,0.3373314479501205,0.43787863427743845,0.5000374486552395,0.49192520150056673,0.44046291953149924,0.3495124387688604,-0.09796018873148944,0.8315181734556168,0
0.08708814841901065,0.15884440628174926,0.6976590241030198,0.6492300640118238,0.2521172588637367,0.48622798177054116,0.5132880699073537,0.32680995625682147,0.5574490727457894,0.3788761697384199,0
0.07092857810141347,0.8543367628116736,0.4395463260105051,0.33123494820849647,0.6922698644527437,0.2411111528226148,0.6546994425649062,0.2235595164457474,0.7695772929850228,0.2785683819580554,1
0.2440364049257159,0.20006317475736918,0.6373004377520717,0.5406948125929643,0.9128259116610588,0.029537569290533833,0.4244480152112228,-0.13941450028089494,0.5606303534675274,0.7054075710226961,1
0.22977207841470526,0.5026150234556709,0.4476811686335686,0.37240397346520493,0.4495446393655423,0.4774074644248274,0.1335546358531475,0.7645441808190211,0.06916781816631337,0.49156414778040164,0
0.21796965921582503,0.9745181114331366,0.12075726949598868,0.5929774218747089,0.3711605539474096,0.6473312222965996,0.7501334920966218,0.6025610072252703,0.4533065451576884,0.609387231154682,1
0.9175787407444222,0.7687219518504166,0.6924342051710387,0.08107370687169083,0.9587778364299554,0.13045251391947,0.21523441088277215,0.17117725550827861,0.8960298828384707,0.9266372973366346,3
0.9142824595566936,0.13862680042671455,0.16621948507039608,0.5820841190151769,0.5075301298462134,0.4732064270548189,0.743062005234015,0.83824616655226,0.8916427096094042,0.20792230977346626,2
0.4350987633100144,0.5762330715392306,0.7846713430900764,1.0637596979545967,0.10954613159827545,1.0647815215542522,0.8298506259553811,0.8653693047989179,0.7234676959699436,0.6374865293921397,0
0.2460315998813636,0.059525079859961215,0.6511903988223766,0.24810482899509817,0.31504383576041467,0.948849518481553,0.0845103408879945,0.8999690880492117,0.20508625398264524,0.5692710448012311,3
1.0100739979606803,0.14596156814733643,0.8061180989186598,0.8710511207356705,0.7413448697830516,0.38248250632406344,0.48748994583213656,0.45675934688136893,0.45463293855084214,0.6156115824398598,0
0.9137088629691713,1.0299485885186745,0.2869149457962627,0.6188470295788028,0.9261313603607568,0.6727842353761457,0.5596083729470201,0.198217969152167,0.3342359582341379,0.5001729810331651,3
0.08591201836899726,0.024313431003572007,0.46217825891667513,0.4162125863790829,0.2073089617936253,0.6171462561549481,0.6387223193783512,0.3662030590584585,0.4584520479046445,0.26354728566663294,2
0.19923682919172492,0.706641579328636,0.5336205917839516,0.8973314065000656,0.02307759176106372,0.8765160313168722,0.6266063947025463,0.8576103849316165,0.6087219479898046,0.8246252006249535,0
0.4699135858890885,0.5886041455146335,0.3564796373729816,0.2601868897792452,0.23945348823584217,0.7299357026895827,0.44142586048298704,0.6138825636597092,0.26384613120346456,0.39906032196955954,0
0.1643608071842667,0.017395571135577936,0.7150155018527021,0.22259136046047956,0.9618904301642526,0.0720673977768298,0.38715403593537673,0.5576227638465743,1.21788629833999,1.2295737086632967,3
0.861779530146368,0.18036270491668144,0.35998299970009234,1.1687013422232675,1.2501967066165909,0.2874557938084593,1.0362673451723046,0.5438429320031589,1.0527450718032099,1.0329002725534608,0
0.19952599867239973,0.5643580092409852,0.28446989439667425,0.4355406759071813,0.33750661162246254,0.4420972630558512,0.18042509754440744,0.7668911547123357,-0.01378463600648467,0.46278115383521956,0
0.038013252119896604,0.10252453380192506,0.6867629617659269,0.5867060188234189,0.24100084911254677,0.569446815086867,0.5007905406074772,0.355258789280139,0.6409303635149326,0.4184412092133777,0
0.09385616330375758,0.031899331876034706,0.44572754085383115,0.3860670777812239,0.1841357233020017,0.6099227796226195,0.6196706471904638,0.3699717597921507,0.47699806701463215,0.23524699498628798,2
1.1108541666150464,-0.202056979906022,0.33352807884744173,0.2079502824455673,0.19461507285456756,1.046497877999319,0.5352244550049801,0.16192343539793502,0.21628659328937058,1.0624659824961913,2
0.3578700895539515,0.39127812194502065,0.6170217449292852,0.7394890569746676,0.25621397944825064,0.741717701312096,-0.20037009121968985,0.6960682314030755,0.4794301281436392,-0.032424824610283176,0
0.23889837848677928,0.3653197983005906,0.24370976926988766,0.6519605362693717,0.3867977097588755,0.5581979581218594,0.06689125515620092,0.4686451560762056,0.22901143848138436,0.5113706881571431,0
1.0555734204451233,0.4541664252059679,0.16730329165013874,0.3034469509468968,0.1745341339748356,0.7657656147529363,0.5398718248315559,0.6353049919478283,0.3043661451992884,0.8682871039513798,0
0.6888374613573037,0.8657711689991182,0.483824310821531,0.13135180251695364,0.956245586818877,0.5827278461839299,0.7514896957788866,0.8505126025596851,0.6173737738727499,0.7134393959189251,1
0.25018517155490444,0.15908793853549694,0.0908858141691458,0.9657022798305952,0.35177827478166335,0.33445095427188076,0.3943849793962862,0.5364030760985996,0.4365251095440156,0.2166654684971478,0
0.43477341397072244,1.12572792042517,0.26552306191026276,0.6086727299491953,-0.22186841330443047,0.7456952461180041,0.5105863490227194,1.1327797833560638,0.9526329330861822,0.5989031208946556,0
0.6613534469240548,0.6871796990291843,0.8928308596198814,0.07797190122537245,0.05217185374149691,0.8149552817426219,0.020435859709387882,1.3515677881003854,0.010409873635199296,0.9688102992967809,0
0.5916190140974817,0.5554339035263631,0.6985950385063419,0.2123142672416276,0.5530956099934925,0.6656113550262842,0.3519436075103072,0.8153171965661746,0.7904572218469921,0.3419579065824326,2
0.5157466959402135,0.5807253650826164,-0.3364018086738911,0.15006504728238684,1.1698489836712935,0.4543559451378039,0.37159606640628756,0.7500951297507884,0.6878227242301926,0.5087523700056438,0
0.7657989254324852,1.03094905156743,0.1488595159357256,0.2278929049218663,0.14384355569890894,0.9801516587381554,1.4349934052276438,0.5701566317173364,-0.449620568039238,0.13198402162983247,2
0.7747059005411667,0.7274605861262347,0.6114672728394261,0.33183946407143794,1.0046872410256995,1.0632951462598395,0.5194773596273575,0.260400809593131,0.05018545186333384,0.3454281060531924,2
1.1957252356666201,0.551911027681695,0.11816650958830921,0.2987143852939243,0.14210721299777646,1.1162056459575735,0.19731189957054054,0.26688523332894676,0.0905617078680197,0.4534076091588515,0
0.2717240159906094,0.009814410442476516,0.6272208144029691,0.22323364262775947,0.2948558218207297,0.9096194149497997,0.09942912685702276,0.8815311091888267,0.22468802149253633,0.5594278545425581,3
0.1844942372543072,0.5294867538267034,0.41386799809972485,0.11418094042533877,0.7443442816828971,0.47574502239788574,0.31888085741255906,0.33675688609818666,0.14270572446393992,-0.23402678227319917,0
1.2664137909840922,0.034108475738344884,1.2635198545443942,0.8186092886094952,0.21388002338932832,0.18367829148154172,0.05068653741948903,-0.03507937919861126,0.8028400555240711,0.7938896047309392,0
0.8284453186030973,0.1006947959603654,0.3785373162023608,0.8825985998503505,0.7266891036410745,0.7380790930071404,0.6157048007342286,0.6714496980862055,0.8072856408167285,0.7642336169095059,0
0.5365722520994989,0.9554949884638892,-0.017975604137693973,0.24327666567687714,0.4133995970185942,-0.36374446930143717,0.9167595076009025,-0.2104327571071989,0.9518619298713954,-0.6080968180298649,0
0.2134895849675325,0.7435582593226412,0.48749224870463215,0.48242163457156473,0.6660416009891047,0.6875964044108578,0.17919765900496062,0.8638846356456293,-0.26099771074632205,0.5160982243741546,0
0.29495400628405033,0.017755016445176096,0.6863158245853942,0.2964191917987722,0.27480679871726305,0.9175922653042239,0.13987226098829866,0.9387927135037699,0.17188373094926576,0.5535974178752371,3
0.8373666697463905,0.4257188838307608,-0.03905570034304749,0.18996564911281233,0.22655672764226675,0.6386337895275606,0.5605649999318569,0.5306775638066419,0.4767632969523947,0.8812265832256188,0
0.9633063204277906,0.22810960199795316,0.7576546275932827,0.7561645575674085,0.6567307979772926,0.36540789006149815,0.4386989369065057,0.395546483905608,0.5593026852854973,0.569872458938756,0
0.6142585358676728,0.5127043130633132,0.6806406552273114,0.24842453416896193,0.5867390512959523,0.6175609654752363,0.33844798230814155,0.786138823012983,0.7990740095466387,0.36796337730851075,2
0.6719745521425,0.1303692977286945,0.5954030728546609,0.2146969826371586,0.01558223020710471,0.8105745567953906,0.6267379376008808,0.5923687771080973,0.2604510850385048,0.6460409971161042,2
0.20377032838194023,0.010594003663295729,0.21225584560019853,0.4394812167366534,0.8613960073301036,0.4159920245443196,0.4181349224900283,0.8804791594064711,0.6819168685997818,0.7015176131217595,0
0.8275161988397494,-0.16510358603036585,0.8688444219326892,0.5366199097652294,0.16770046887296342,0.9847432915668171,0.6918878367209497,0.627613880976429,-0.005361876093375281,0.5039848868761442,2
1.0080946095365733,0.32216316659217964,0.06973902966513608,0.34869730488896095,0.10330110741936334,0.8548529214991413,0.39468068437241066,0.5196433496134144,0.3672041864590625,0.7531518407126756,0
0.6513206504247315,0.6234248247552768,0.27329044599684205,0.4900464390204033,0.010135761487576743,0.9561991049489671,0.7509759265258337,0.37812243228795706,0.8182346918003056,0.26411690416914824,1
-0.0355758814615383,0.8865000895760338,0.950492311288151,0.2570947884582113,0.6524548959907918,0.2220259768961918,0.40896503869641415,0.10094386917720533,0.9535765236469059,0.046458094391535754,1
0.4234993269957643,0.4615545162357613,-0.22721656953840613,-0.11281915179093993,0.024171597751222018,0.1457735344766113,0.8253520739391433,0.3854446778629933,0.17004012248530675,-0.05833046750386639,2
1.0868107007284238,-0.07310639860922916,0.7056111755800754,-0.26181950914066787,1.2744351174504978,1.0858794778536651,1.2333251203363989,0.5102078476154128,-0.22006093356225293,0.1627994982987529,3
0.49594468711657536,0.8848921504353792,0.3502326755300498,0.9381646277980544,0.9104779266407407,0.654149635533582,0.9947306024632798,0.9408424566825407,0.4972227212584471,0.6349082147491925,2
0.7117531959566321,0.5081707200225064,0.5002215337309099,0.33846966027047126,1.0710291333860413,0.39895328382280887,0.3072611625506424,0.025428445426023683,0.7420668989613672,0.8761283409715602,3
0.3886827280450483,0.47764618422721095,0.6043072222977647,0.40134883816301276,0.5216327597662991,0.09123682395377664,0.09579127234022244,0.5252136362512235,-0.017659009924354853,1.1602738723840693,0
-0.31062151042743613,-0.0019985867570954108,0.1817190244400549,0.640798950643332,0.8099419858603085,0.6882594758114793,-0.2138952603142586,0.9479884588324786,0.669674114282941,0.7261364609334144,0
0.36974749273425134,0.3667343844138355,0.11301217033551664,0.43161763890437993,0.6293170365990278,0.6221249365085996,0.612054375909623,0.21099912380513777,0.8811915032412502,0.25026530723292334,0
0.30680899944740814,0.15864104625855718,0.004704734122744164,-0.2827983373431098,1.071482949700626,-0.12208463382940593,1.3519812435335714,0.1141297850546869,0.7789954489386334,1.1091397177428612,2
0.9776354096750292,0.6279957242182904,0.8084806516601222,0.6927827126342253,0.8031670008409838,0.23856856702387746,1.011723802744803,0.5393160828676933,1.0182211938991155,0.83879695449016,0
0.13972991877039695,0.14455816806455205,0.2939534614312641,0.3357697403965745,0.7229942931209927,0.5272782245914408,0.4951211740831949,0.8822189104746964,0.7032917823048812,0.6233355088181719,0
0.7035106085024568,0.7567224787228533,0.0668799902069964,0.5294023912218581,-0.011588588476436276,0.9341560045370709,0.6003289049277661,0.2749298672897751,0.828806714021516,0.16574826102322898,1
0.1897694609724739,0.6048576171272241,0.37305547233535263,0.4676894788272869,0.39431025563035194,0.39651777195598653,0.22806742985814565,0.7039749293068788,0.03300482871474582,0.4371959138865112,0
0.04638730534231635,0.9103303056494714,0.45663430851087916,0.32572834837293607,0.6533224434556871,0.2587299164863681,0.6583687062343595,0.2285124105750946,0.8142528767236529,0.25743454423774226,1
0.18619518576566244,0.7071183908557448,0.29427595403000817,0.3578948848230162,0.48759425970965076,0.4534143922455191,0.22587944241629654,0.7911058670965773,0.018094303455222376,0.5859130747922896,0
0.8520742075235467,0.6995314850034766,0.7122729002044675,0.2798012344935784,0.1893679138826641,0.7767150057367614,0.11917498632742539,0.6134417961708653,0.2375880994255317,0.7011970702055244,0
0.5053746618799783,0.8911133641486363,0.3445482813892592,0.9315762867672661,0.9167010948445389,0.6510957843811012,0.9827759313888965,0.9419414869802739,0.49924324041672946,0.6291831350985692,2
0.2396165169132245,0.03462249732272141,0.6936845492287355,0.27645109157989384,0.30588648297248616,0.9573311539682781,0.058588284462702915,0.9135643352354731,0.2187638279748309,0.5418248868774753,3
0.6201425645641908,0.077262970471598,0.5994129034644106,0.649993464197651,0.39562894470991006,0.530037611498553,0.1357451083774896,0.31901647311094666,0.16244957324058923,0.5190663134008057,2
0.8328670822830977,0.5030486984407222,0.68249209332162,0.37797719993776324,0.8426712002223153,1.0027882699041788,0.3520375301320151,0.35907658200898596,0.1949593656028316,0.3114531295853562,2
1.0297583291088581,0.3202848471481975,0.42145768755501745,0.8685002976180058,0.013431818454174474,0.26086049159641433,0.8662590780393933,0.511751632073058,0.5359895625224644,0.3850006124522492,1
-0.13891057112114047,-0.28653899585710807,-0.3300948427953,0.04885265338819138,0.03434246803403934,0.5925614075749651,0.7383865535655673,0.6602800996417295,0.04086116336481738,0.7193085941700204,2
0.9791327420803755,0.3765474822470495,0.10015053064914292,0.29292496480446695,0.14082168619526492,0.8821922997520464,0.4210471699187981,0.5056912322008041,0.3629100685596939,0.7657755099994004,0
0.41214034840993014,0.36311800274922906,0.3894782865978991,0.5691494460992745,1.0484207106056678,0.4108087389967345,0.23610747260449022,1.191153027605388,0.6942864479796764,0.7213336313057557,0
0.8295127994095045,0.15375262910801626,0.41505689965395465,0.837540444992418,0.738951937664695,0.7704719537395986,0.6276925360441398,0.6084318373857422,0.8413693048653695,0.7823111426260618,0
0.6524251393719575,-0.09569529427961135,0.2900177325019261,0.4118450553123716,0.646542258886394,-0.12079939888272798,0.49277543672507496,0.6634011395016352,0.5744045277693757,0.04247818473296214,2
0.08121058730341948,0.8993412515682437,0.6672267356239169,0.8092045890208012,0.05767327915409299,0.9641496621975909,0.6783337236376666,0.7421013378326571,0.8292876288018484,0.8641289330738345,0
0.7730074561156445,0.08732641672303232,0.521165448111154,0.9850818873861777,0.4666966461480066,1.0417817119122976,1.0289066567616847,0.20027442560545466,0.7690034042041343,0.18556946830883708,0
0.9455196450225023,-0.23032438214526635,0.49368398213608766,0.49506090857079815,0.8030002124047724,0.4688731942806469,0.593071939766564,0.30399170900251254,0.15307415475261726,0.6471860234412232,3
0.037209245806886025,0.8834839811902663,0.9357703841945038,0.28334622882747185,0.7120450844235741,0.12973493209534273,0.451617108021599,0.086457325946305,0.8599810757826593,0.09867728816540769,1
1.0130469840331762,0.3906307000429991,0.0505435587115223,0.3594797925940463,0.18037860518853402,0.8658260789866372,0.4906556686701584,0.4922643813718601,0.30149054802106634,0.7355629511715402,0
0.020900378225128576,0.9247756302316421,0.4436893282275517,0.9228055561561608,0.8150206879057693,0.47741894751417224,0.9325808118504757,0.6104811759726,0.22989280889289804,0.17459276906827784,2
0.5775877822901067,0.5732344448327076,0.9906830585975376,0.5598686375786048,1.116884682024982,0.41168897533756327,1.030056955278173,0.26485621580482926,0.8573124352988984,0.17975086286887695,3
1.6367650352436702,-0.4125957473778562,1.5934086116663746,0.3632572084301966,0.36040470794997825,-0.021816241967428818,0.773658253606702,0.6621707430056138,-0.06525582490969606,1.3472128918711055,0
0.8376916720917065,0.706200864086446,1.2148690803697766,0.26039743045059455,1.1781079387934368,0.45938589623901327,0.8895334050620669,0.358312842320735,0.8012164743206438,0.19878073338698432,3
1.0034482387863266,0.35069362168913387,0.45937137748525914,0.8552048993626629,0.059322611305576714,0.25315572921947854,0.8809200168081688,0.5123017051625769,0.5684149312506265,0.336647685761771,1
1.0073403332579314,0.3146024738056916,0.045059687022469735,0.32266416722065694,0.07050287270398795,0.8461291682474753,0.4736866964861488,0.5565123010109142,0.31368135150730736,0.7040602847335363,0
0.1633281092252114,0.24144511630603713,0.19263507966253665,0.16162369296529025,0.632512689878733,0.46159947353106767,0.5366490341194377,0.8350847741872932,0.7789987378436378,0.7326640181808554,0
0.6227693328928153,0.4589829791113424,0.19668240718476182,0.31016130212250104,0.22269986699060088,0.7905491137283713,0.6749383623972127,0.8139260025717029,0.2823395805091512,0.25899587837358506,3
0.9477575097435582,0.3589619483067226,0.06679120545262662,0.3557960741019266,0.14208734298817705,0.7977967380706891,0.3897211858135648,0.5100723065571009,0.3957230232119334,0.7946302415531733,0
0.5953702500435127,0.9739672032131554,0.6491590724395336,0.5865679584612621,1.1491751592739792,0.8618522715407547,0.2656511030919234,0.5479852263339119,0.2544876086378287,0.3054057614920763,2
1.1505865997509594,0.47923429347096214,0.49329838607860843,0.15169508862958003,1.2680147715610548,1.3731840989497246,0.18695691072300114,0.5503257364788985,0.5566607389971923,-0.1501875348462942,2
1.0891381676273313,0.518166462810422,0.600425731827338,0.379113760336855,0.8602542402606489,0.4041844223170499,0.35203129158353474,0.5309091941126889,0.38620507638907986,0.7163411977399206,0
0.25144825061672754,0.16205606808636722,0.0980603850370093,0.971794974399292,0.34644831713428414,0.3367386276207432,0.39342331987455564,0.5351911235512526,0.4289719504861761,0.2142335221728888,0
0.18279917187332131,0.8797670582250863,0.36284240695015146,0.6633619561446249,1.077439764269664,0.3645789267097499,0.7891747030529652,0.783654466042773,0.31564403517269807,-0.054624309335213894,2
0.26435538852501456,0.06419733630282548,0.653401737439709,0.23289894225683816,0.27042677485214905,0.9329746430586021,0.08389526949047091,0.8779489558551368,0.15531914937067107,0.5370405759323224,3
0.4472838023769488,0.251193181461962,0.02339568586762085,0.6313203983629943,0.6283251744406522,0.6978678623473126,0.5048969582619293,0.4342096775028554,0.8905432454126684,0.14275441415363388,0
0.0582663427401717,0.11909403903349146,0.6979044299184954,0.7026454119459387,0.28170918314923843,0.4943716959376741,0.5553223827478473,0.30336172674716566,0.5785341344728496,0.4223909429279555,0
0.060762228679856194,-0.04299317282538881,0.4818481638821876,0.38735871952763984,0.20944842630857435,0.5674308815407674,0.6599393117018234,0.3637680184403545,0.456949562213055,0.289677337027013,2
0.2822076162122924,0.9038846464485941,0.5073985181814656,1.180420913739267,0.6526557736946411,0.44697019795063786,0.2506428241615446,0.18179280224528077,0.25574972832083476,0.07274135349651216,2
0.351028515356358,0.33853834585914544,0.06572724446391702,0.5080332915109493,0.596691721832634,0.6010326534748347,0.5254903406214024,0.29501587064200185,0.7859335417061625,0.220826748429639,0
0.27008474045098574,0.9114175213517275,0.6145879825445528,1.120824452037749,-0.11351232234837824,0.9592904791357951,0.5062401763914104,1.081980929642701,0.7243964414444408,0.6019671889607507,0
0.9326904560972534,0.7243190588895508,0.5840692099584395,0.3003286778951002,0.3403857722623739,0.8832056000348576,0.256959093444836,0.9036956948540548,0.4106167319149937,0.5509100040056351,0
0.2780881073095066,-0.7820606454419355,0.1543897410330679,0.31238902678299885,0.5174638282215567,0.8936711342856283,-0.06166770802674737,-0.31308276826756254,1.048377010062699,0.35568503766797566,0
0.9488568580152442,0.11264739791248687,0.7021720555702009,0.7052549827668253,0.7378480122929287,0.23160818709007835,0.36821700372304167,0.4302939683235718,0.40117309762146347,0.6233754232300933,0
0.8943781176053589,0.33490374771944476,0.14596924235026282,0.2665951108117707,0.0078315640100175,0.9113204239198698,0.3335172850928417,0.6187857503141144,0.30204934567620184,0.668399511561381,0
1.190968049193123,0.6654994977216987,0.37639616861126857,0.5173583565844354,0.8996381844664098,0.5774142536712483,0.8092249707786083,0.6526817348266372,1.1837390244501131,0.7847091200179469,0
0.10545387422508956,0.14356427460091647,-0.10965571208203359,1.2804464521631855,0.7921942700158318,0.3443407002285973,0.26241877100148026,0.5018516191078132,1.604194199830797,-0.18911770045924864,1
0.06752173875081689,0.8637544871609236,0.45002859406554113,0.3286164319136848,0.6817869787434621,0.24545864650586835,0.6377293536816028,0.21586284996615168,0.7805361825989326,0.2616314940837374,1
0.11971288310492052,0.8996797759689877,0.46431163848644946,0.2594731005997113,0.6910917249860629,0.21871105746115377,0.6308928415800398,0.29668265163467455,0.7537976693836,0.22858572492634172,1
1.0060108110315618,0.31320472675922095,0.7403874525816749,0.8605357111325916,0.1870365319181334,0.1910716343999042,1.0878484443462988,0.3913157952700352,0.5254334119397386,0.5283138581934648,1
0.1780500522957974,0.6338183172550927,0.43551778445317507,0.5284493548913971,0.8082367355764075,0.6260412250603997,0.9569607853298667,0.6297326340786527,0.44170572363288,0.2615983540757522,2
0.8604660058994609,1.0334484793080323,0.8300141718998895,-0.07947630322016697,0.5249682119448749,0.7560029648958346,0.8236619553647475,0.5150259651968752,0.13617395925419087,1.2670288676058687,0
0.4116567283899936,0.6146989024644,0.5881868433221984,0.09145180270148916,0.25705648679273835,0.3833020598039548,0.03338427588213642,0.7877028378523719,0.7463361240575069,0.1380255600074864,3
0.16944105986516367,0.005956348112896907,0.44419840799399607,0.3665011174187278,0.22050555716100473,0.6044806162382015,0.5843067329522396,0.43728851810247715,0.5174332542106056,0.325561890633592,2
1.0397030153197153,0.7201597283340684,0.4463191417065635,0.5282236941646193,0.9140128602305382,0.4570997667888669,0.9909492551759992,0.4064093024903502,0.6690390461815826,0.6672465555103015,0
0.798550790962727,-0.3535710576845726,-0.05273601946812337,-0.22904623292910897,0.34534794227797805,0.011424353806189183,0.44008541008076274,0.15849138969560578,0.8813499920026054,0.2157593782454305,2
0.33145670701547264,0.6268074176876987,0.27673507341057796,0.5108331727176959,1.1016035603061975,0.12483629929226524,0.06767973722913836,0.43478544373680933,0.33356094809312453,0.227459666483909,0
0.8783303833483576,0.7359024305522702,0.7022395698101229,0.07031088243749904,1.0088184826355988,0.17835697620001553,0.12043826465843162,0.1009987860195003,0.7790294405194903,1.0681186792547128,3
0.17044489788214065,1.0931984788468123,0.30541603976723997,0.977671658742857,0.7111093674884147,0.4259965331847353,1.0709233489935854,0.802173986310734,0.3406942154927136,0.09883411875620329,2
0.13438863235763715,0.38526518554077105,0.8444732459965362,0.6978688715818979,0.3192531405934069,0.6272431669892797,0.45549960335728,0.24261138420071832,0.325198137637181,0.2988120573772456,0
0.595356217156455,0.7625518114571128,0.3652226637423631,0.09448268872458689,0.9039042851510565,0.4406124482277755,0.8982146833061201,0.7497097386197699,0.7046424162468569,0.7064005252831392,1
0.6279466466999651,0.7520616834720201,0.0879953543043348,0.15491784351687238,0.9414300751690794,0.3801451408599579,0.6065721418180728,0.8703270673860282,0.5645283232347241,1.0262943749187108,2
0.41606969801596894,0.641334255783663,0.6708173340140791,0.6925936207184802,0.8779186499415322,0.5192899971424166,0.591749927961728,0.894573762047628,0.8863840295078396,0.6811618980331112,1
0.05622570231756218,0.009911535334657771,0.41224418045674033,0.4359605274661546,0.12488895840538441,0.6329985031739588,0.6335119461141502,0.361378455148976,0.4465722844662019,0.31108256514250443,2
0.3087904295454406,0.9737343981513077,0.41413123608919666,0.40232005598947324,0.1672031176623886,0.6236693378689744,0.36636272058213426,0.555659297282518,0.28776984790532534,0.5694314816643683,2
0.6382039526342869,0.43631321895310976,0.8943646849910237,0.5040926550751673,0.9931958161309592,0.44971992046241455,0.956008482771592,0.3539793311351538,0.8465165401218013,0.19007531837309302,3
0.08757590714729412,0.9786298501916902,0.027923756773010504,0.656916414501843,0.3650493530543073,0.709635209421417,0.644979019291265,0.7366648271807504,0.36559704476418375,0.49008752842722225,1
-0.0802106722761055,0.39013378497647627,0.7937665686895593,0.8770854375831089,0.8811190555328465,0.2395107906965711,0.7626199131157532,0.10566004420252946,0.6552751256585169,1.1344854768585697,1
0.9434084605372652,0.7788734450443425,0.613523400261752,0.014357572424462187,1.0745678134592465,0.20279841916370428,0.1336336167581916,0.13810419945482916,0.99168518473934,0.8546117792561443,3
0.9784581428353961,0.9557541394358213,0.4052530130323728,0.6595211202422723,0.7852882259949194,0.7247234617750746,0.4110167499680152,0.16359154013530505,0.39847393129147424,0.4984148575346382,3
1.0073112473141173,0.5290943309627028,0.6217789746041632,0.4178068877041349,0.9145131884725233,0.28290137829553647,0.3750762202346217,0.6632083928694429,0.4128771492207823,0.5100929864421105,0
-0.4958784436223832,1.0655959347227817,0.44307732414779166,-0.06123888884588646,0.922892788025192,0.1448918804935322,0.3968885436857995,0.4523009789851362,-0.3576079606412661,0.7888359043147773,1
0.1325488024025903,0.09587727665185593,0.28665153960050077,0.2607884603488496,0.7597160484464278,0.47966109264101026,0.5663201741748137,0.9185870105021624,0.6675211984683549,0.5438340062373196,0
0.5011132042458667,0.8807112410272618,0.3552466019049595,0.9348260397446434,0.9092676237275799,0.6505001532610555,0.9896682361673855,0.9350925196619916,0.5010421108302527,0.6406791971103948,2
0.10650825539984278,0.7890526326432906,0.3944090549025055,0.7513748770636833,0.7344528229436053,0.2578107340071251,0.6816387598682785,0.7530101269540853,0.0926574022397653,0.12091567613313198,2
0.6006607648323312,0.7340098839334946,0.3954956226792488,0.08659168013263492,0.85711404579961,0.40484085350822163,0.926862199674342,0.7171814697385427,0.7768254758486356,0.7312417449134326,1
0.10954854576604428,0.9455222195242752,0.9188179728838896,0.15862933326816414,0.7744236765069294,0.12145660393020934,0.42988309248558065,0.1210680453151762,0.9084075684977171,0.12011954023886978,1
0.0971932966929602,0.8656056384153601,0.5097161696637394,0.40426062103505445,0.6379471630402652,0.30139254921513314,0.6298984405157272,0.24313236810599362,0.7597204994218838,0.2305699447057051,1
0.3807778084140735,-0.032692901622712434,0.6426108830257586,-0.20518687126847057,0.9426984966017978,0.6242113222229236,1.2196707178393038,1.0241249572525624,0.8347772920783044,0.650802067813609,3
-0.11329683806423302,0.2533629908440988,0.4104674331398721,0.5909982147526894,1.0859751935617794,0.5486376952651117,-0.2973016190788858,0.018109289640042936,0.04133692417371776,0.5266373349959542,0
0.43092353248529636,0.6277779224622515,0.7127477085133688,0.6992604641479507,0.8284254225512625,0.5485576694142255,0.6351685096147001,0.877572250186763,0.8561956561741907,0.6939852829333314,1
-0.15042814092735057,0.7610547390081951,0.9345384083657143,0.11986636416149749,0.7306510933818042,0.25292163474426066,0.44191786567222574,0.16325273790665418,0.799974162817552,0.008777312508921775,1
0.6838606728300554,0.5658647443970041,1.0430613485309652,0.5324929663687945,1.1583979732108647,0.5890416352810721,0.776097485715434,0.16236202774447064,1.0239677899930077,0.3005503904788656,3
0.823793577303934,0.2850422367735288,0.5377205756853808,0.9816862551143088,0.22158617660250873,0.21681956065062602,0.940354697126775,0.5685175780027987,0.49880690911597375,0.388778668169353,1
0.07205674548719725,0.8484054653986345,0.45269843310365926,0.349656494476325,0.6728744107693393,0.25969059909109504,0.6208179841354173,0.2237395484058346,0.7840591665940148,0.26092050272940587,1
-0.11567486946452521,1.7327139782717667,1.1518688855943915,1.4087813557881246,1.4025893482110452,0.5687171641490998,0.9274777794510177,-0.07745867804270434,-0.5543123903238402,0.0028255894014932448,2
0.8646021221880934,0.7791338595602885,0.6565408033898918,0.11061174361846811,0.8395694565279753,0.12541847658180366,0.09154666234496887,0.13211304204076812,0.795706847039405,0.8836874705041716,3
0.06101516135775509,0.8713402508944571,0.4532877901447372,0.33232174112243873,0.6743882950603385,0.24701928557534694,0.642862874943203,0.22188902112388117,0.7762134672705951,0.25570740466911973,1
0.676391901234455,0.6362417046019782,0.4190348527446457,0.16290711819462797,0.8767731656071749,0.5622047554456442,0.8784404476370757,0.7884728291815192,0.6116118301966021,0.8275779870088478,1
1.0850845825377164,0.9699492450463754,0.7356763362626659,0.22762797002635154,0.5140695246264921,0.484092311979457,0.11908647833551171,0.7873284712362679,0.025095437453395875,0.38641239656706977,0
0.6491629776913103,0.5369030708100997,0.9750796078060091,0.4376467211566018,1.0919475781639845,0.4506173113709214,0.9588093792703398,0.47080663113674037,0.8816844768071455,0.034290833583461355,3
0.025724129938376302,0.3913196989558371,0.5507192274219146,0.6846390197671993,0.9726443680514147,0.27497509777390894,0.6608225937525943,0.026113346942147526,0.6393022187260959,0.8878550816490457,1
0.7868178073747818,0.7446203587070477,0.7577356123657717,0.07113908418293746,0.892726668975475,0.07502118526319577,0.24170966330632052,0.22611556272459774,0.8695111476990791,0.9048353938567554,3
0.9670789695298668,0.5500396196544279,0.5400105078693257,1.086599600431394,0.9251808417031696,0.7625829260410601,0.5609548891036819,-0.034134811834405976,0.010569197656660168,1.165775743544892,0
0.74302992747032,0.19110059920405714,1.264063460529554,1.4246354235902794,1.0734162419272382,-0.22625368282566805,0.41065109450532067,-0.18320336379962587,0.9031801918079306,0.42302576183639157,0
0.4490434378860819,0.2564221635499584,0.1279430014013865,0.5413241631591859,0.6927262336840779,0.09673501738521915,0.3415329201543108,0.5656744825684052,0.5757086030837741,0.4610162296632625,0
1.0406241957821711,0.2099726419949029,0.8538702306994321,0.8349384581442867,0.7456460968270164,0.35446844792765075,0.43798291582404014,0.38216253580789,0.49502960741096563,0.6164014351711616,0
0.360549016674352,-0.2538680717375416,0.43552425172587406,-0.20778268410769252,0.2885268234713644,-0.19402193310748067,0.49207455534953903,0.5454151347478674,0.6492174301309892,-0.03942148926276445,2
0.7055754754118396,0.44883444972348624,0.773395847079058,0.5477409084372548,-0.19454446582955648,0.6580805976040307,0.1885357636256934,0.3876351313460966,0.3931327998771951,0.29033567893282203,2
0.6543721590492051,0.14693683772483984,0.28946947060198597,0.7091265285677752,0.04944939064428183,1.0438491907887448,0.6364535971146756,0.32252559014625526,0.2534002698526027,0.9138811931285108,2
0.004406638191711998,0.7260625185384219,0.6319366380420526,0.23686517768618537,0.838976103759813,0.09911105702864031,0.14112596844765246,0.8610280865126222,0.8104158515932893,1.163857344976083,3
0.3561169247397782,0.4631355973506284,-0.03231196900861233,0.6293792511027803,0.49913511469460625,0.5813558792970537,0.6690389516984332,0.2906191981170562,0.6763611461254421,0.3237876139888781,0
0.9927133312237806,0.17554685069417586,0.8457387596826621,0.7734450660465798,0.7621371162837951,0.2679865518546426,0.4150023949106418,0.42864883082966954,0.5239453669671174,0.5800730468030695,0
0.07660981308678942,0.14747543952398415,0.697554672715838,0.6532988292865484,0.257527846318397,0.4897581094698879,0.5079131520320296,0.3356418840475425,0.5643547984079564,0.3895396876283232,0
0.35257205849783313,0.6904873408241893,0.6039035646358256,0.22951552003612744,0.934562385696619,0.669527204826009,0.48288263722502184,0.5639362052550686,0.2879951207757288,-0.05624908917951274,0
0.7935980372776505,0.20526570866068536,0.4006186243615008,-0.0012705631483690139,0.4445931718470448,-0.11145339525493025,0.7634758709584779,0.1481948387716433,0.46046682147169826,0.43281858188690414,2
0.9652518629881137,0.545002659372931,0.46735138759820555,0.15800499708781496,0.9684001490902482,0.43129335291189863,0.1835828883749373,0.7354676680649324,0.718157903365667,0.7495102460663317,2
0.3689799908948852,1.300904822634816,0.2997792596801053,0.7110770620513499,0.8652656876872648,0.3469536797062932,1.1714461075907823,0.34054925559609833,0.5564404937559896,0.424826456744611,2
0.5353862545677783,1.136517338688741,0.4815256917587109,1.1432618012417586,0.12386655245961768,1.2426445402263417,0.8533835310313556,0.7297689442933405,0.6598782483837324,0.7450205150983156,0
0.0235234085662517,0.8788120321416324,0.47040279475930985,0.2748862390495899,0.6889050663191855,0.2972227893896781,0.5969758679855932,0.23299615021702536,0.7867328256457856,0.22413878583066854,1
0.8504806965733934,0.7587599556008573,0.7497321457770396,0.07039334283005214,0.900559088626222,0.1434470232359951,0.18941688360130207,0.2300830612483912,0.8311532976305177,0.9394436012192896,3
0.0697580744887141,0.918929301899034,0.9004423832005659,0.40336312562594057,0.8214887449482473,0.07559899185687267,0.29478368047465975,0.17125846673338757,0.8930140793761505,0.1797928934015561,1
0.8861957504846543,0.8035936489790642,0.7007211536374398,0.10150056541947408,0.8836009971409019,0.13055260637111576,0.23192644470024543,0.19612995602263378,0.8755082013452932,0.9351296866573972,3
0.4090593035153493,0.5766347487787138,0.05690589933966071,0.4440894457095897,0.7981472516379137,0.2671529478628954,0.16280279234947928,0.2905719363515364,0.4889687416363273,0.37164850515472087,0
0.9683035230186687,0.8049457290299618,0.1573413103706842,0.31590350582441123,0.8997019788535348,0.43522920726390385,0.6063525772420602,0.7305912819407911,0.22864062457154666,0.794571378289452,2
0.27332336735432017,0.021818412067208963,0.6624462125332499,0.2599710710676885,0.3053814953114932,0.9588293061696921,0.07263291602966819,0.8739796106106608,0.21939088326593115,0.5535620883481415,3
0.631255590902282,0.5520347003226587,0.1423768022083691,0.4537379249851976,0.6265240246710352,0.7150567510261367,0.6770824721813753,0.9672866988336178,0.1887339101942223,1.096081125168772,2
1.049302553107204,0.4563796101714192,-0.1466757229932064,0.4750439992305454,0.2846745170574806,0.9167058251178258,0.3593417351610183,0.36881680421113106,0.1891471803008174,0.5714233612946997,0
0.8747683180654545,0.062226766299823086,0.35123149205125387,0.10103065490671279,0.8318781260732349,0.628974499646282,0.9854017762909899,0.06959637021073013,0.2092103301470866,0.429350512253748,3
0.6728799967811798,0.4343886774587362,1.0100060844122494,0.5465430156402187,0.9287868830075745,0.4285566288942807,1.0159147187441593,0.3100695823468489,0.7477240406211899,0.1992115251395325,3
0.30321009142307376,0.21300158446845877,0.8500235363161761,0.05251720812929858,1.0146081863304066,0.7894778251799953,0.9389692277033949,0.8754834082647392,0.8028618422968343,0.41000951498896593,3
1.1960451520957676,0.4906855815143737,0.4644661332231615,0.7297668434931108,0.7162821990014036,0.15340631686344897,1.0323183249015682,0.9174307854026726,0.7259357372378344,0.9841763648162404,0
0.8031270304623113,0.8606781306580774,-0.31163513105107077,0.4773185458975207,-0.038581063753579364,0.6895365404172946,0.8880368352610426,0.025469218104631652,0.941391459536824,-0.1331804516816904,1
0.8843763262898042,0.2952132628857756,0.04233391530515592,0.5541427635724372,0.04111091981596221,0.9647204154823912,0.400537367805223,0.4733500554321618,0.30682832240905195,0.729643379157475,0
0.9608865328617333,0.8488460726123614,0.8221341028779454,0.07229515754540436,0.8263731740576608,0.2302604496471966,0.05087085149134277,0.30077770467292225,0.7107416272806265,0.8853168061664841,3
0.25117941349012224,0.04531464963569289,0.6669953861487593,0.26156540105991893,0.31736659596981476,0.9400313599544748,0.08429049160152938,0.9240055647765785,0.1952087255693642,0.5595950653501571,3
-0.005674650743680537,0.32489819750982096,0.6828588962047963,0.7080110791362039,0.3933774591165746,0.39065731951780874,0.5784975267958942,0.5135359628184983,0.6272644159648129,0.2399433649249761,0
0.2735026876897514,0.5265148690853583,0.2549711331078902,0.3602574635341581,0.5047302255748052,0.5419922826407273,0.3330960702723844,0.8154300635018585,-0.15610472380727247,0.4970732492209902,0
0.4889656559732123,0.000346541215619528,0.9634473093313253,-0.0008118060623054091,0.9115097162213983,0.926066843149098,0.6827202199200084,0.6559244743700909,0.713029012973559,0.5549198504602733,3
0.8795067611226565,0.1250451951076187,0.37585142799669674,0.8855767419938815,0.7393433930254978,0.7065953502482638,0.5895247175138426,0.6467069562176958,0.8382039172111196,0.7481300546016602,0
0.3121663344672109,-0.003596618743318014,0.917458008098862,0.43005861685558244,1.196382815136354,0.08462735467670718,0.4280111150036925,0.31322287402175714,0.548161847277608,0.39233193821813556,1
0.033571935519520264,0.885807976865587,0.4796269145322109,0.3468946384048509,0.6492652585221824,0.25396268887965473,0.6451364726169759,0.16509573763716323,0.7585942003695827,0.22311255234168528,1
0.4436513828090233,0.7543523352989077,0.5885208487578992,0.516679247438044,1.1199165249403755,0.6135019415123808,0.6280749715665122,0.4414620132057764,0.16468477708579973,0.0884180608978754,0
0.2375659706078786,0.14742422683906514,0.19061403351772577,0.35325193190900595,0.835653189669892,0.3494419378183279,0.503753888893405,1.0354204476696025,0.554877533619223,0.5070980183379562,0
0.599656602814367,0.7971628787584454,0.3670794270999089,0.0631868299941207,0.926647355562769,0.4267985955338161,0.8613369736980094,0.7791511476843717,0.7417889873858307,0.6988993851505192,1
0.4673620779637336,0.8608441571977993,-0.09843152617058828,0.23316764764440456,0.6999092179055608,0.08832221721016253,-0.17595988064809984,0.5621663379564391,0.6276744980444713,0.38338188648177035,0
1.0017786899401158,0.3797989519927666,0.06632930914422895,0.29873430601404105,0.10583539744723922,0.8173133111444392,0.3926608225721353,0.5431508142309297,0.3425193704257114,0.7434294643020659,0
0.07180217640778669,-0.25542082684576084,-0.548125333752091,0.6176704123308485,0.424659817098742,-0.2761863437580144,1.3854602319910234,0.4902685709044635,0.5178244159053713,-0.29307371350751676,2
0.8309135887903358,0.7612462004577558,0.7263668324073788,0.07074476691883153,0.8924781714118216,0.15759797109689472,0.17820542544139983,0.22701168714452802,0.8117894883191956,0.9580932629744778,3
0.03782292475528106,0.9138670172940992,0.9711189021516315,0.25296047717329034,0.6945791549062219,0.14710240727650375,0.4431374420208196,0.07485007131873765,0.8882230961925769,0.130667739625453,1
0.903025881294859,-0.0757284127284431,0.914099390405648,1.0516537751141026,0.6089757426662777,1.68244687695037,1.2109269727698795,0.5509338804646713,0.8433624669550248,1.0370291556895135,2
0.666374492008973,0.5285723332306573,0.7203413305510462,0.2987147685866462,0.6097595990773065,0.6129073385972156,0.2824903695606946,0.7640531754134818,0.7917464005628431,0.33804384966360945,2
0.15160925090922842,0.6439200049441732,0.43897777665440896,0.3695552997380527,0.322101126454285,0.49528066152274053,0.19799654375264272,0.7170391204848767,0.14680138755799316,0.35400489409195035,0
0.9583346153815276,0.3949188471499784,-0.04125415852706976,0.21703998878604844,0.0232189803736204,1.0273592447724076,0.5280589870938518,0.35419959709468535,0.2792137998356999,0.8901492132469416,0
0.0032942241127829064,0.5392317677377884,0.37337025536987073,0.7575066028470626,0.3963747288549341,0.44505152803089226,0.07238494947246013,0.4872003107005115,-0.058335124026953705,0.7008468684288989,0
0.20419928097903525,0.189568867164739,-0.032820625644175094,0.2750799590491603,0.8453046942425679,0.624477754147902,0.5883369874236901,0.5441282752435703,0.8028922335531608,0.03180046373127937,0
0.21937826855929024,0.6632235292594548,0.5078316031415159,0.13030737113386887,0.6284067624550825,0.43581059121910637,0.4998746656029725,0.5453861400714864,-0.25030381816870373,0.5956747032861127,0
0.03839518579301128,0.8299123588795208,0.538882776134661,0.21049723315492888,0.7244096150729211,0.2060741609322156,0.7208415818513416,0.0925419995638117,0.7591109772882874,0.20846726121350861,1
0.8753917234683597,0.09496035327057237,0.22410023895285353,0.570227516046972,0.48611072673072386,0.4770145326331886,0.7488732587115072,0.8629890089862245,0.83273887688725,0.18108447979758682,2
0.06369956049213978,0.02553564139230066,0.4016354711113903,0.38459979331198557,0.20842275693793405,0.6319141315321285,0.6520318947274458,0.3946860995851207,0.47018712743940927,0.26575943266421875,2
0.49599595216515047,0.36524130408980143,0.11229706991795584,0.20482016000587616,0.8985016583551473,0.58462988511924,0.5712996120959716,0.2891953565339276,0.627826241576126,0.31399094965469443,0
0.16427034489423578,0.931082170096117,0.6820000972989924,0.1905066483932685,0.6250099481624888,0.2353538449923411,0.6865651201909617,0.2518494996944459,0.8423104529194394,0.1593494313593431,1
0.3089733574658989,0.9694722080879489,0.4096504383954639,0.40125065428327256,0.16455344932732985,0.6244785109128012,0.3695248282677743,0.5553637260210669,0.2858537049971687,0.5679391586410456,2
0.2974243335594265,0.7263233994899053,0.19701950790854583,0.3210030753480406,0.8378183346008704,0.048700308569321324,-0.0018879327883610589,0.3309347348805155,0.5194149334729995,0.39664961926990944,0
-0.030496755088547246,0.7971809957946474,0.46694429039236074,0.9310201203365673,0.8404659323549286,0.4410365090587826,0.8491690413497854,0.8443745363976365,0.09533048267664321,0.26519392206455855,2
0.1441784111392795,0.6803722281034041,0.4598799109015872,0.531727296807541,0.20411887968740366,0.657569864932319,0.9384092297298683,0.9384950655174268,0.5255937038780014,0.8728560551376757,0
0.1790929098933271,-0.05231468890471253,0.48323490583962914,0.3695863341791194,0.17797845327854403,0.6531355791413781,0.686929986723991,0.39804497523081256,0.5434217447179581,0.30552937366664223,2
0.1088992940222421,0.5053678895755173,0.6017592032911525,1.210111178150812,0.7028336013004816,0.8501041630853425,0.20672412534114423,0.06262994107171933,-0.039821820058103474,-0.05269939447214775,2
1.0882744873634729,0.8926660182237922,0.7489565528540156,-0.025693595387887624,0.25242354154719276,0.4671660720420183,0.06834309210358158,1.012224307533534,-0.01064849357102221,0.5455738229037888,0
0.5304093046106225,-0.05104924767574903,0.5749443274532763,1.1076653849324876,0.4658905529808038,0.8951117177234136,-0.25221275321911685,0.4508555140551553,0.363510728210875,0.3182153835356588,3
0.18660061599984273,0.4392407415733169,0.5713120314230319,-0.18192229882827982,0.25630331157934505,0.41330424985044384,0.6181768624047635,0.5371780812836291,0.562921031048986,0.8956787027774823,0
0.9947786819642719,0.3347503177957778,0.44584486612318536,0.8577853138203841,0.07790837893635062,0.22183447522570182,0.8578861442993706,0.526262527004946,0.5845179985558926,0.35221787618852585,1
0.6191936031347923,0.07541434801479185,0.5910304913464349,0.5402214549889421,0.5292709597188152,0.5758278501813209,-0.44618449818705147,-0.08270768060872624,0.13562804547997917,0.3488079798571977,0
0.7724841012140535,0.8268816258597494,0.4466059049583023,0.2848330590278753,0.18989405168508613,0.6416981694617022,0.2974473604255724,0.7403161834371903,0.23263660774048023,0.7814656365060013,0
0.20523687421930725,0.028079959001734142,0.6992844769022204,0.29617334077530266,0.30295407536539365,0.9120785027990365,0.08569825136018198,0.8643378754452595,0.21647052206846812,0.5888473886559265,3
0.3413138662378228,0.06876558986575429,0.019355058181835458,0.21804338440682747,0.34451567426895996,0.05464786972065866,0.42460832598817105,0.43050721724518753,0.5680423593091175,0.2198897092590464,2
0.31607760417722924,0.0828261459997836,0.6257453952052574,0.21353268094093533,0.28235608518236804,1.0026962079271298,0.1393535475206404,0.9045845739861671,0.24401759853307867,0.550869127413772,3
0.3074776017846444,0.9698175922473843,0.4113058429547684,0.4032782511739891,0.16711801940540305,0.6251773634409188,0.368417677701648,0.5548153305319208,0.2877925827445934,0.5678052741202526,2
0.6264915364245116,0.34549984143501344,0.8399508708342017,0.5617236220804096,0.9756046993122914,0.5338780410525841,1.0498733815231887,0.23419153894420056,0.9294233266222129,0.2937381094990385,3
0.29804326696408323,0.2092727778097171,0.917095395487288,-0.05082261444416318,1.043118022255478,0.911732344042956,0.7904140796633217,1.023518900690205,0.7132873760107334,0.4989165560909181,3
0.9402952044958343,0.12426858127993903,0.3886488731231576,0.03022520679445624,0.8481996186151818,0.49700561005784627,0.838393622574675,0.15544155988603847,0.39137270426416215,0.3179908816440804,3
0.9132407420775127,0.1367190524825757,0.19536959458111636,0.5858963506817361,0.4889067390835006,0.47586198074056346,0.7352712758250818,0.8514152569181584,0.8728193554899875,0.16032839643198699,2
0.028168614807603833,0.23365779540374268,0.6936084372682839,0.6136672778372306,0.2054059474785808,0.4118507480989693,0.521358824162779,0.31863117356075077,0.5996970392355792,0.38977628867893593,0
0.9786275924047281,0.5912256318795558,0.697383515917781,0.788453603045639,0.7659958765174083,0.2713350028082426,0.8193892032804305,0.7373367378487826,0.788112332718398,0.9696827285287895,0
0.8253018334594819,0.6204126050100828,0.6713509429599115,0.1595416820793355,0.8751387982078431,0.058697941352567354,0.21513998543256835,0.2488955612562098,0.8151083824811358,0.8444837900731026,3
0.10001355682000838,0.004655282919465338,0.4070003947774683,0.40593546078006854,0.14613447699886237,0.6478448022204575,0.6718611271058402,0.39460698267629235,0.4342866368616367,0.2895272898836744,2
0.9563298632695627,0.6766104028422724,0.5831957647071335,0.17290963390613653,0.8505301660609803,0.09681499495512202,0.02771736160598165,0.3742821394837848,0.808768698509883,0.789407792329844,3
0.2696177543554135,0.13101696711469887,0.7358777432407001,0.3266879677784247,0.2540449983577784,0.9498794596072184,0.02926080121542729,0.9668698885436158,0.20193857649443775,0.46700733946470563,3
0.27679536421429196,1.0831241801722884,0.9442338882348729,0.4657570188693779,-0.27338499247255393,1.4070367687974819,0.3113165041802836,1.2555248521324924,0.9021938590535739,1.0059433335606052,0
0.8016262195050167,0.24325238140067898,0.667505665249164,0.8115314675373891,0.031953303472271516,0.40117930014606223,0.74731098502514,0.4591333154048546,0.8331455836472188,0.125545960430843,1
0.9163993219292144,0.25337268951272907,1.1646200253849037,0.03510927404383385,0.9669655813042177,0.4916204209280672,0.8763355330456786,0.2559959525389866,0.7120241774295246,-0.014118273623074162,3
0.9465070650128415,0.2782889164247016,0.5761814398730589,0.8442317088503488,-0.029511921188386955,0.36973887075922485,0.8443348247702609,0.48556052828508983,0.5912057567321096,0.31300043915282005,1
0.5385659815094376,0.8674994066832713,-0.30012286605628147,0.8700482482459182,1.5197372221421417,0.10907313832209098,0.49568726420160625,0.04341667482275646,1.424595115997433,1.0380536319521494,1
0.3435464597029282,0.7216066376391488,0.6587297596716629,0.6486866077546257,0.791405486703787,0.49605940100600066,0.6311859444855292,0.9859872422352806,0.9830033713241959,0.6247104493672581,1
0.08036175397764839,0.910174854148195,0.405128845423896,0.4116085526271942,0.6608810949956301,0.256570880513177,0.5987273768055484,0.2074077282029307,0.7885444098267679,0.35461476694073607,1
0.9615752359872681,0.3327891790209235,0.08288836655077726,0.3314799187106978,0.10079012529159603,0.8652405380911966,0.41331779055109025,0.5434016875517304,0.35082835208395385,0.7383837232809297,0
0.08238512419104517,0.8799514180138364,0.9340742050987219,0.2872736013486176,0.6869872449765511,0.13607940894406004,0.4534437686127858,0.08719479826714781,0.898455040341645,0.14805333852140135,1
0.30128173251278145,0.38790630610072063,0.7662982699901016,0.9467789761431511,0.8531697664689191,0.3327762126354031,0.6812288830903539,-0.1011754308626081,0.7835859810423706,1.2043012795473798,1
0.1164021332543111,0.09585387285843058,0.291607454353767,0.2976763260671198,0.7900798829323767,0.4958937700294467,0.5542184420963548,0.9483895090807509,0.6612660468539944,0.5878064362651072,0
0.9964291060621918,0.5428768142440352,0.74573809686489,0.5355338966797955,0.8812805403338779,0.3631048326958672,0.34180512418086256,0.6413669498540057,0.3899562341815996,0.5677820262541223,0
0.30969470446184016,0.9713184917629067,0.4114495069434629,0.40156902312812986,0.16434814135721168,0.6258909474604025,0.37198869584263083,0.5587548249708503,0.28920105553063363,0.566489683919602,2
-0.6199897652879162,1.6126288407005367,-0.082397514736673,0.027409213994079362,0.6777717300761058,1.0372550213892717,0.480246009449587,0.23270032615853387,-0.6002810971594282,-0.36001306552698153,2
0.10449469939862717,0.9874678240436728,0.9070277009898914,0.2994838132404161,0.7775986335688844,0.18949677828634426,0.41374597815750735,0.0539258971712755,0.8438202483664221,0.18848993505762646,1
0.9175713093042053,0.005725278558428672,0.2897991178282947,0.02947902118178032,0.9392778795275922,0.5788449880316182,0.985886696371626,-0.01826658548195144,0.21522344649724334,0.3913806107072182,3
0.4311020186081334,0.6386235486507271,0.6668719724047039,0.6410992909370108,0.8204129100147517,0.5120594414138245,0.641237002739836,0.9612780306942652,0.9131943520881804,0.6660887870608253,1
0.2924622078920448,0.19417464146268815,0.24910988190202815,0.3415012333865478,0.5648075052656744,0.8464253224923395,0.40289557948291643,0.3743400262550663,0.6107911315233749,0.1011799932318401,0
0.4308180357307228,0.12393439621509451,0.5039432349678644,0.838115303975603,0.728528188853681,0.3166211171241461,0.3735705274647187,0.6218930799397381,1.018961917456214,0.6805853890940442,3
0.33588738782782396,0.5938533115509926,0.4937200854757995,0.19497689656677158,0.4203145353772174,-0.13617860850293453,0.1598855375293357,0.4289284200979114,0.1339580445602116,0.421745488555027,2
0.2138121881082017,0.635412409916161,0.41968756591909473,0.5150322161422579,0.3917494931782151,0.49149139179336293,0.2741450983293803,0.6581735917925239,-0.0034403183825152533,0.45623916142564735,0
0.03670919926910679,0.9141545452708403,0.9742995719411611,0.24998222565658387,0.6910925498792754,0.153873338777576,0.44956998920437025,0.06888805676623651,0.892561467825726,0.13373175390196432,1
0.41776604855418364,0.6189569570979909,0.6523650229166693,1.4822541927871589,-0.1498603214799571,0.7141886889948788,-0.42629491078187653,0.43820841718832126,0.34738116384156026,1.3684875277473556,3
0.830923385062944,0.14543099207815555,0.371214214866839,0.8458267296804335,0.7618913948590815,0.717600429256125,0.6078745781547834,0.6264488431672615,0.8713208075091307,0.7617337804058729,0
-0.05629024210988637,0.6534088957845191,0.48587601684670256,-0.061176041590770225,0.960392145066935,0.4663335203853007,-0.07519900984069175,0.30352771117400573,0.7530496754362561,0.18173459572800807,0
1.0732115216759073,0.459991915319203,0.8021160459094475,0.6039718390550537,0.9094903935297172,0.4294334439222595,0.3217702780462609,0.6033933655640064,0.46688904960469124,0.62641648002832,0
0.26628567120751,0.07379813402538929,0.6565057093424701,0.22371231389428017,0.2900546890330212,0.9569964799793956,0.07577787165544639,0.8933709671401037,0.2049523287842822,0.5740616256337167,3
0.5181218141690306,0.32643034891107925,0.28660501700171176,0.2566854645514199,0.19994129198559424,0.787227276748333,0.665245836187584,0.9165421128900139,0.2297430660010251,0.30617634575753144,3
0.9432369569005286,0.33422396942701726,0.4953842510470461,0.9120114573129311,0.07274713667394958,0.28306919912042366,0.9055383604487109,0.487555124967561,0.5394059531173004,0.3649145532357378,1
0.9693682499974756,0.3553514299067755,0.0478990374911038,0.36335699587973086,0.07455134837797739,0.7906519620953639,0.4656295536658867,0.5746824449911132,0.3704097585733226,0.7467827816433908,0
0.40846828970528903,0.48637289272661427,0.4504272624988478,0.737186674681375,0.5435095685878151,0.6675530478081293,0.6173678070697637,1.188910987675799,0.6741463955505309,0.6655726815054098,0
0.3118101535670685,0.9677332852340272,0.41080820154963477,0.40358400922978577,0.16485010778689613,0.622952732921919,0.36834143636633987,0.5555499903260999,0.2852987905847121,0.565940624909766,2
0.6070403092616665,0.7440333189769874,0.3422496416511765,0.10799140863726801,0.9066945065241822,0.4364695640178272,0.8925700798943029,0.7506292085538359,0.7307135150334191,0.6807838164533215,1
0.6258717377207688,0.551270503380496,0.6370360502661183,0.2226198272661141,0.5676439828164632,0.6180978414387861,0.3577290516523601,0.7567754336955754,0.76025260118501,0.3720189627540397,2
0.04557922840087307,0.8949621103296477,0.956220561778178,0.27143016177324186,0.689842330637632,0.15880683352694175,0.4409775834285019,0.057379372433091796,0.8956385349075289,0.11319985666541685,1
0.6356984209428166,0.4527478337814354,0.922165467071814,0.5001225225147842,0.9990209618946637,0.4628666576477146,0.9758905829162579,0.35070292465757946,0.8646786090025836,0.19250009849525396,3
0.8488755119256788,0.40855262369944145,0.49891122848076086,1.0324142245727694,0.08378001748009882,0.14322979176933026,0.9174322708522608,0.4929625733462403,0.4898054291596706,0.2641835839053026,1
1.1497817140700173,0.30456428377766626,-0.03047772065390439,0.19890736955944588,-0.07799950402622818,1.0035783012669284,0.5865530969399343,0.5673691559564789,0.4657583587329872,0.8038917550730483,0
0.9824442527902577,0.35048716696921134,0.06299350606250578,0.3691965633371913,0.1652713328944992,0.7709048513924024,0.49669384071389094,0.44761337827964254,0.4265876139881158,0.8291915031676561,0
0.9980113620673814,1.2787401251298118,1.22334891537102,0.590046997848952,-0.6706992829652216,0.8334403222723878,0.6502770761140444,0.14534955534829486,0.26342216788429235,0.5582006499401264,0
0.08381936000823038,0.5090830567290104,0.3600562001719515,0.5088256120712656,0.4326777410996845,0.5130677295851549,0.09088662122720495,0.782621571134037,-0.028895558296028766,0.43156123858456186,0
0.7798873329723335,0.28204203690712565,0.7239877599283521,0.7934085733221777,1.0173127089999723,0.358847560053866,1.0567890776258084,0.9011880847350615,0.8779875170517141,1.0201624869449066,0
0.31079325448520967,0.9705885036535609,0.40923298693456284,0.4035313683772383,0.16526360065057044,0.6224423441530934,0.36900254200293814,0.5569270262896889,0.28569392827656687,0.5680346512978526,2
0.17330980033819293,0.6860365514644831,0.5226154617325229,0.9485787272684386,0.06903133173689936,0.932832575626257,0.515388817549894,0.9299743349194632,0.665919411047989,1.031530810836303,0
0.3113067247058879,0.968860436727775,0.41147433093483327,0.4007768557339838,0.16586391235266026,0.6248057953393249,0.37145690498033856,0.5560520900831468,0.2869771534120784,0.5670341624749418,2
-0.004516315639957691,0.7298688151578059,0.6472329981268432,-0.07637817122777446,1.2036298598766006,0.596184990359771,0.30429237941496334,0.3447898532090938,0.5268938044707636,0.2086575026144245,0
0.745447006433218,0.24121550886093113,0.8555289413676161,1.010342067184422,0.6075327041705287,0.49877672475399737,0.7094439138585362,0.5650905046607169,1.0105267509322322,0.8079840095500426,0
0.05677809198880593,0.15489201066334052,0.2943048752586425,0.2386308024212673,0.7168345237074142,0.556182287545786,0.5771347353027555,0.8874300633009083,0.6340559479105915,0.6434603275157433,0
0.2595105427125116,0.05063723487352478,0.6614003010974056,0.24873627377374988,0.31085782612016727,0.9368368306695765,0.09385873595729377,0.9043221587563898,0.19646784611363094,0.5549471990389396,3
0.869085777123492,0.14566352995451748,0.4247074958661451,0.8488359447664843,0.7136328827969335,0.7342397455520293,0.584388271939933,0.6197891109893083,0.8186238108586115,0.791613168329642,0
0.42657068499738116,0.1716319051284805,0.5721568296165238,0.7729321545947174,0.9543271808941787,-0.03568830532077277,0.291981031905449,0.5703522406352028,-0.04514670103080365,0.8554707093155962,0
0.7946548287628599,0.7291253381180175,1.0133445009167281,0.03705948394899482,0.6451386009208415,0.43615022824821825,0.38269458341890117,0.303600526698278,0.8667551367287485,1.1453338141429528,3
0.16289143469853373,0.5609622675734427,1.3364394902117707,0.2056304875675808,0.9861188438612205,0.2723691739825569,1.3674153182702347,0.69512978293108,1.1549166675491285,0.4207012547154873,3
0.6493098898786372,1.3247032803467849,0.8750318453029822,0.44915018581523053,0.06123123146912171,1.3942320618752633,0.777017678308126,1.333467425951631,1.1344901039941027,1.0227043654688683,0
0.43803245654231426,0.06916798944173444,0.46008242396858673,0.18026286344755493,0.6047822567517931,-0.34853726381277056,0.5373491204974032,0.9333412761580249,0.14795683918897196,-0.08205834618463309,2
0.9158566922981416,0.20310497111112968,0.7000958850216128,0.8756837337329739,0.8245444647854603,0.2576351265881499,0.35219524911663125,0.35148421254297024,0.5674059776108962,0.6538865946414082,0
0.5820496251398527,0.4966443359661677,0.7256999445363227,0.2637006790811707,0.6263379104918871,0.6507083109678782,0.3022024497892926,0.799878889590061,0.75110776386414,0.40860229234011464,2
1.0320741264603355,0.04783030399506244,-0.17264557411453446,0.5028931698758844,0.21695259854656634,0.6162773278551121,0.609540197740007,0.814547260941932,0.4181786768674299,0.49748454960187427,0
-0.007332764492029187,0.4590100832834426,0.3184840516828025,0.4138675378964076,0.5671021452740836,0.5867480305175037,0.27812501743011386,0.5669904639125669,-0.11961900961471558,0.5914472208661914,0
0.2670156605626851,-0.043616036725797,0.909162094771262,0.871716373017231,0.24015589519150857,0.3286643612110633,0.795283884867747,0.14382211921806576,0.37592815522954526,0.7633947935967019,0
0.974145200014964,0.5566367908698887,0.7550519033678015,0.5373002347304653,0.9292488741690267,0.33180097563328276,0.38158734132348754,0.6249628527413076,0.40684506979737867,0.5660400966855912,0
0.36202958185413603,0.3570032789248676,0.05948718148076321,0.5078943690355474,0.5741902924465622,0.5915045443130416,0.521954960012705,0.3286320058096227,0.7845713478761945,0.22994332668271908,0
0.754709238423366,0.623101469216773,0.39297918502361556,0.7935040464442892,0.8245168569666266,-0.2671400494681818,0.3455061438966341,0.5582464467415876,-0.07448906481863254,0.3026275689317628,0
0.6502771827840577,0.4527243432415138,0.9045291448209979,0.503924905896338,0.9964945357167566,0.4864297143876844,0.9613760805841397,0.34115288595166254,0.8667741178102518,0.17269496457605182,3
0.18801284792558892,0.4373461447469973,1.1085399098611854,-0.12394021733947541,0.1405766707182037,0.8030028556166323,0.7984676451403894,0.7176420633992956,0.14400265408346857,0.84458031851389,0
0.10626831523015864,0.14849945087186803,0.7175184007127471,0.61914006566637,0.23503899874191128,0.46457772068358194,0.4864563251748405,0.3503333425593577,0.5788850957904464,0.3779836838928547,0
0.8521389551480288,0.23571838255876282,0.6301712431345302,0.2976662606247682,0.012038875988051027,0.5695421972947956,0.5876512773291326,0.3885554483288154,0.15187329887884732,0.5773657039163927,2
0.1865323281755572,0.3173133971639982,0.746698418708672,-0.11193306773172537,1.0877604169632418,0.7350819551320664,1.0662934664940766,0.938345995699124,1.0675812486223684,0.4864200225045983,3
1.1331770850626064,0.5297019117608348,0.4470909868372,0.6041932648009547,1.1029396395597666,0.2949207237069147,1.114829382590299,0.7271300173153593,0.8772273320404316,0.6983155828601462,0
0.8503237826807466,0.1493465564652824,0.41793228309565267,0.8516876055292787,0.7271331926951834,0.7410494183469506,0.5959918521171831,0.6237456025607995,0.8149546675550547,0.818753453967422,0
0.35247623678419154,0.4818309880475522,0.040952382782391314,0.22219651007908117,0.9450744941340019,0.1557864030640647,0.09326233691245593,0.3725328598987908,0.23303915219473095,0.2862490160848143,0
0.9563811505085237,0.5374007836362871,0.6582169907481932,0.7523232131664125,0.7522464413219456,0.18910138944450497,1.0026793573599684,0.5776276361759133,0.8103918517929417,0.79565261984112,0
0.055309206323123875,0.7909639112223023,0.543834421892407,0.1961444703440693,0.3523459022071082,0.24283786343343927,-0.06546732231494862,0.5306984351272299,-0.2249272434017387,0.2107438429681059,0
0.980552184702642,0.3646447456849053,0.4510216853132217,0.8550493601333305,0.06953163157513476,0.21986662161630094,0.8679231859876584,0.5271340722030963,0.5563818083586446,0.361208153759248,1
1.0494928848437937,0.5381470952875301,0.8181002804483869,0.49170403021670883,0.877373427697412,0.37941906463890523,0.34909851067964276,0.5942953945869335,0.4762646916546727,0.524566032561059,0
0.3792898134141913,0.2038950620209343,-0.12342749169919348,0.3331465267060409,0.41930436959802975,0.5612923836951427,0.44320972608906445,0.17309742872981893,0.6907494560939629,0.16470571762486147,0
0.7702240559056348,0.7553054521280689,0.7476930490837148,0.03403390819683798,0.9013158629051387,0.09460892030229981,0.29517708731333775,0.21684169870633488,0.8867600604520828,0.9034018933816156,3
0.3737326136999014,0.2977640000569109,0.4574318905249677,0.5165239094618477,0.192507939693623,0.8019377768846658,0.47451983273214227,0.9463043575980083,0.30508281763127093,0.269655272734912,3
0.06223638163966519,0.8648744523526843,0.45540559514664114,0.32865930682759764,0.6809506556855593,0.2421247246562585,0.6416435204232898,0.2140753645798732,0.7822754844240003,0.2611657440802092,1
0.8558843214503014,0.14354679710039867,0.4128754862568763,0.8563803521230771,0.7196940322577732,0.73742382701142,0.5964099721707697,0.6305572573444622,0.8315919513098816,0.796625488036525,0
0.3788333202990092,-0.00766388449152916,0.0586545273141377,0.12946863780071655,0.40747793339154453,0.032680185386552436,0.4727021659003034,0.44821879585594254,0.5901265821055507,0.2486150188573356,2
0.4938575059023498,0.5104060512114362,0.5586348735283573,0.13291220253159802,0.44960029940858026,0.6506532097601836,0.4939363509911703,0.6396488506266791,0.838863464393735,0.3530903551665615,2
0.4766996795258511,0.9269348289467539,0.16986827590417047,0.3206248109615635,0.28278998804333066,0.3649483235329905,0.11216465945806435,0.7111929322046682,0.05491402834201645,0.6576103255531174,0
0.361616034280917,0.5807842590393029,0.1412466461979371,0.3697396248643059,0.9651051340967547,0.1230049367098162,0.05391600578495505,0.3470569795086046,0.3445244377944869,0.23068833499441393,0
1.006447226848386,0.12590002813179574,0.8317785167473775,0.8639098457655409,0.7472491290017593,0.33622770264281,0.48400087618027743,0.4369877305040248,0.5229397868894332,0.629005173291888,0
0.9239405586897892,0.6523659441072506,0.5335187420185944,0.2645876410502677,0.7291437090484801,0.45984830762416684,0.6498217784242087,0.5598049452525321,0.1571777791729863,0.6996580543248218,2
-0.12506004237220097,0.7937959919855943,-0.1015193496661606,0.583674548805265,0.038400454983129495,0.5532129074344558,0.6581580586993858,0.9547084616064215,0.14544759381821631,0.210380136620553,1
0.7350165900084263,0.07920609229227901,0.5647755536005465,0.2403913898716881,0.13761616260864978,0.7908763552616268,0.5090546705424244,0.5121488859267447,0.0865777845862806,0.6022026847089033,2
0.30247868944608425,0.9360877046920802,0.6163915057382074,0.9277773569095296,0.3937121733415337,0.0984121508833079,0.8336166784853783,0.4225749687877013,0.38413804385373995,0.6838067800782535,1
0.9141867245466982,1.002048512764225,0.43179618074044984,0.6130177604755656,0.8235031742551433,0.7516860932677383,0.3713362179457168,0.155680562497204,0.35261202419389,0.47013519957019917,3
0.7385539501625059,0.5636331737825209,0.21446286162340242,0.6780254225592312,0.16263719239033889,0.81143327201586,0.6567599575802767,0.3863916115937355,0.9886083198474356,-0.10533299560350998,1
0.8031191083230378,-0.04271371383324335,0.2901413894871426,-0.1594641583956713,0.9837852942472163,0.876819400144232,0.8538571124196636,0.22625082464139565,0.2631299954259842,0.6197733583122356,3
0.4228234356070534,0.028611596260788488,0.049894189722298254,0.19132064792340336,0.37524486549957004,0.0555719492637758,0.5235876522113985,0.4329560728679374,0.552686101472769,0.2183017127475938,2
0.25739337715293004,0.04675303006882788,0.6640535809583553,0.25168415503805597,0.31285258987347575,0.940905207291472,0.09295696560624109,0.9027735682380246,0.19568487758738332,0.5553774814523921,3
0.31075246478205226,0.9692747855262717,0.4103564960980648,0.40326113205868164,0.1655223695128314,0.6222441561490375,0.3707066470274229,0.5546362995675421,0.28679059386805666,0.5679330704439126,2
0.44102337843424355,0.11650167114461552,0.468533954287367,0.11474768321038262,0.6341564098255301,0.2006298903151575,0.23209355431026701,0.9326226157830613,0.8512569797960602,0.6378511610219747,0
0.277207343631004,0.035185297976474024,0.6587332952109151,0.2566540397636674,0.3107435642100697,0.9166383897407779,0.11627729372231432,0.9246875307329825,0.22266488493609987,0.5543910905272388,3
0.2493761599501832,0.15711143807096667,0.09234609463744758,0.9694380482999589,0.34781447484706657,0.3370658623590009,0.3952923972200243,0.5328438517103976,0.4349895079688191,0.21491533735649357,0
0.28014477361830437,0.011140454073290389,0.6660432643301207,0.23688676033589834,0.28130115687089347,0.9751943321412245,0.11000832600380567,0.9103956863424137,0.17087415158991398,0.5212065914953622,3
0.929197705020232,0.09173973832143582,0.20952915995936552,0.6259613454787153,0.5421672360670664,0.43849706733388155,0.6984676659020422,0.8630265581525135,0.8569752721232069,0.2152623720622692,2
0.9678150031142105,0.37555569904655195,0.45423742104537124,0.8460774810839764,0.11694220565281574,0.27618514569092034,0.8269234083716602,0.4819127971958277,0.5871479576328147,0.30114905897310734,1
0.6037432868210544,0.7764874094997571,0.3499830608355435,0.08026922627644707,0.8968408793764812,0.4576477983205158,0.8957559996148808,0.7620358204750344,0.6845120440391567,0.7234463987887674,1
0.10946623546184547,0.7046421188702978,0.4221472200761368,0.34476997229957373,0.4159097042457257,0.5190695243348726,0.09181333449213006,0.6577034030142297,0.05319970499181945,0.5458818688464496,0
0.14848925313182648,0.013622460715251833,0.2114231956268815,0.3932036834675614,0.8925969343978025,0.5995399554968263,0.5813890096291334,1.0231757773676389,0.7843077562365671,0.6538111609107918,0
1.0620732010272866,0.2694656722035109,0.018069322356403544,0.3363085258194478,0.1755792893410741,0.8483598405661634,0.5043305309647538,0.5807272683175974,0.3188045290741839,0.6572837498401023,0
0.8589223283831967,1.0631042302942004,0.3367274881525457,0.24319572450571056,0.996981650715086,0.42219067985571246,-0.4181385905578486,0.5138028911894247,0.8222774524998249,0.014893435186763365,0
0.6576124106093422,0.5280095711126369,0.593243551822312,0.24705667181516394,0.4978792650289584,0.5852440786722695,0.29437132810657535,0.8546111283083442,0.7447153641249776,0.31804092789856014,2
0.00258340413127002,0.9283336713352435,0.9846483532335162,0.22003693447575923,0.6999558414849681,0.19016634291906334,0.4416766587515011,0.06585419622809417,0.8695705338544523,0.1385794690646887,1
0.5504640267309127,0.6057717307525895,0.7722152762546834,0.7047503632343208,1.107083249891048,1.2561004696446345,0.649761372167338,0.11595604301836127,0.12201625764800651,0.24952534035892443,2
0.8717761569196655,-0.02958051317203403,1.071178216412282,1.3334345793167455,0.4574088900582815,0.4700063641315194,1.3682784943501933,1.0391382633961066,-0.09766025974218706,1.5948895481114813,0
0.39786425406584014,-0.005411584965457919,0.19090070399403236,0.39773039950749134,0.8372686744815394,0.6507106193901439,1.0652570029775108,0.592338660459967,1.118630745866446,-0.14869291802634038,2
0.8844391599427891,0.059863023316250076,0.36130145432473787,0.09008358695384736,0.8351595753555098,0.6312340014404199,0.9841852930307537,0.07401816192321659,0.2044434266943544,0.4263966359593923,3
0.9478291428889717,0.28720431305488653,-0.0019370265704947015,0.31695228053601443,0.22337416796316245,0.8273865543105745,0.4084909999064196,0.5683273530300075,0.28759460439194734,0.8534182576042647,0
0.578346603981461,0.2560849860053494,0.4588893533313654,0.5602150442872594,0.42506774235808725,0.4445762673599249,0.9527724140330303,0.8297360717692875,1.1891407572425745,0.2524934095195238,1
0.5104043626166095,0.19894074940885262,1.1901732908662912,0.9524393593092015,0.8943712768868485,0.16712566794892686,-0.077911875412352,0.8722152576654547,-0.41012986557476533,1.0313017721370725,0
0.3375329740827628,0.5944357511232345,0.1310155046263102,0.3511907631348576,0.9420999593173057,0.15659984186299297,0.038073873682049564,0.3634109825818056,0.3549603450929006,0.19274724955497946,0
0.09246441015502604,0.6730394244754236,0.8683109687736125,0.4399134099465611,0.9099649626410158,0.35331484658876805,0.6781918957467071,0.2871509964631403,0.2477494343760715,0.16564410554838077,0
0.7216534317480107,0.9135382156310873,0.34155162823531626,0.6106907746258756,0.4692490700215301,0.5585518178376743,1.2708200876902767,0.7531153720153276,0.39698169901834923,0.6606055975834091,2
0.17950910792720542,0.13039833634913867,0.17618976803908648,0.4001771372036795,0.2491498546154849,0.7561792102231816,1.0487688934116755,0.9552239421140496,0.40847159582769954,0.2047303379686079,3
0.2621358548140501,0.5375227131091059,0.4135072423967222,0.45507933577580956,0.4163081278648426,0.5121106439545892,0.30540147364024156,0.6817307807723372,0.012607160494578832,0.3703145388467434,0
0.4580768710821766,0.682094851758867,0.6685493858452151,0.6813524610308971,0.8546164274821392,0.5220698844042168,0.61561927665836,0.926376288083097,0.8853526187349233,0.7009081568289091,1
0.8719156655802789,0.25756148804636453,0.4401072740603554,1.0009116934182978,-0.04592704989804697,0.0830550204465959,0.9613264064623449,0.38586016314930244,0.7166531360566298,0.30590841023093757,1
0.7076096657006206,0.49624888266933703,0.13599249943301175,0.8462441354084862,-0.1809342783006763,1.1580265570716086,0.8589997894647636,0.3847091925026438,0.8969698646712441,-0.19105242106480275,1
0.4327680998419394,0.2451400069097189,0.4787741991099859,0.7555533044682172,0.6363931476719846,0.5790691762881074,0.17100001644173676,0.7700547842454976,0.8223023993594518,0.7452543512042823,3
0.558788107953306,0.48189126587209946,0.6939865831856111,0.24117789035084083,0.5598008445123068,0.6799238572888134,0.3857639163769271,0.8077655713949073,0.7421689412011845,0.40052777577490184,2
0.3093841629422527,0.9693942984471401,0.4095553244379859,0.402449246594888,0.1656320870686337,0.6235311349468796,0.3700432182065314,0.5557974194612816,0.286619109355762,0.5687075630562037,2
0.9159878211039492,0.3820310454914298,0.7592394152907779,0.7353724789507341,0.538789300323021,0.5659661126516411,0.6165389612367425,0.15080901470331778,0.7087071819623673,0.3430427323641324,0
0.876282528607275,0.30669649037188407,0.8459739576896473,1.0161963962415892,0.49264513742410854,0.3227449589074125,0.31818047529685,0.2937967530465395,0.7174306543697447,0.5585357937028843,0
0.5891981806988968,0.7623441215340127,0.3649392491189494,0.09097689409250787,0.8965645587885561,0.44060919779349544,0.8926613385561017,0.7556287227552417,0.7059022705561245,0.7012542758905017,1
0.8720892964843396,0.7832069520704822,0.7434254949596418,0.02539675922969087,0.9345150722334595,0.13778579344081304,0.14482010826722036,0.2604649030303683,0.8819970816767368,0.9615456434590909,3
0.9229884184707836,0.6030098118137405,0.5743668582033093,0.15435789158366403,-0.040878845233004946,0.27703076992848885,-0.19047629127493299,0.3612791277102047,0.16128363275188956,0.510876404499166,0
0.90431587681886,0.19853673822417023,0.7629524948266196,0.8697599005879926,0.7636061507571852,0.26964849630923815,0.41585577049237976,0.3175931554594717,0.5896853045574384,0.5027826247019461,0
1.0792860443256844,0.46317567887854305,0.7486502095902126,0.41645391996729997,0.8328850517852587,0.3957985981365479,0.4081364872094003,0.5571274282617765,0.4621452097999771,0.6875519829767176,0
0.03685549078318001,0.36387338179375045,0.5168365491802267,0.7160806658407217,0.9396276878763232,0.16694971284179863,0.6902879182506606,0.017490673081431613,0.5397575076928302,0.8891661204999188,1
0.2584596992398938,0.4993795946356527,0.7627165172779711,-0.6130417118889898,0.6571845380090773,0.17884048371169514,0.9725851693816814,0.8371018920489756,0.9898224225312888,0.5436050792690909,3
0.667852504849857,0.48535317133674083,0.9700988283633369,0.47402495562980757,1.026688030356506,0.4755340366911854,0.936653012111614,0.2844632047996169,0.8599199931024474,0.20434526204404682,3
0.34317650067736966,0.6446588963064441,-0.08406181955652658,0.9595547881098433,0.6136397414058796,1.1686130292723962,0.44673304790729107,1.3746967007836308,0.16397401353771068,-0.02146977522948268,3
0.2672362828692855,0.14974405509112282,0.806267401134492,-0.12255113770353485,0.8851823744277352,0.8758774492842576,1.0358567433827193,0.7396009815471877,0.9121057665199291,0.46803369735805733,3
0.38366903255682905,0.1862369788005493,0.3594373544153105,0.7033148133911883,0.6545585124699708,0.539181116475931,0.09851819487016046,0.8323472280615477,0.8920188143334047,0.796886540207359,3
1.6702395445909852,-0.5911765819418511,1.0937391534172076,0.9308534823373887,0.7857326846267183,0.7285176351433698,0.19773714118405233,0.4536891466439372,0.9289252854974416,0.9865790891278334,0
0.5872918185290381,0.49106349531686944,0.9443835121123407,0.613489943762194,0.8716727006060022,0.5294623887241098,0.8764124223670255,0.21559425987907682,0.7355370736475216,0.15279590398740212,3
0.751972737618946,0.48600584656720197,0.249705018885634,0.7630425918215675,0.8354648832159144,0.33242293566201997,0.08646746494943092,0.17434460497726717,0.05412869147509525,0.36812322466141567,0
0.9793434981305201,0.5052863325209536,0.6556810277322798,0.7553756819834001,0.8406334572821754,0.2615964280589328,0.9284084930803655,0.6307930773764961,0.8915824906420041,0.8812752169366901,0
0.06372068437312486,0.8619700655915618,0.4547621243708133,0.33308320788144014,0.6829488914758065,0.24346217763529748,0.6341891584478627,0.21950722874903444,0.7842281791813608,0.2646497532950678,1
0.642474771784359,0.55014227460863,0.5639456493555356,0.20091251956327438,0.5607832271533684,0.6392438056250526,0.19206770992247119,0.7645286731720075,0.8741306909612129,0.23728204809651773,2
0.16843434930801035,0.06739856838520251,0.3072471393170539,0.13598862583781465,0.07286339459846061,0.3587404042242156,0.47687744409398924,0.8360944115000418,0.6936731337506366,0.6422917439846191,0
0.8054002423083233,0.7798647921540407,0.7534718945544825,0.19535079473382058,0.9049323458771019,0.14057292812835256,0.2687361578595193,0.33761752273973766,0.9602988788180876,0.7602898961053967,3
0.9753631000749539,0.33758565275362623,0.4614746335237033,0.8797425875861931,0.07756889210463289,0.24902968361910355,0.8579649018926909,0.5050297164325849,0.5757090757109269,0.3361370628643246,1
0.13709386679682165,0.3880608653572962,-0.05441516325163351,0.684706303990309,0.37665630422093216,0.1538568625351236,0.8443718462178218,0.4764437444644246,1.0137677809781767,-0.24021113585636528,0
-0.045262447917663484,1.352484148848693,0.164193092777617,0.4276846989302514,-0.2595631926388145,1.290066235780855,0.9481973822501499,1.113256051243791,1.2514939116424473,1.011650783074327,0
0.08263504199815885,0.4952289002578412,0.32257310241617376,0.533682088524806,0.4465046482101716,0.4930961582288381,0.17927636616992357,0.6524711240786085,-0.007429212076393271,0.45318964496368574,0
0.42639545881607677,0.6937771994968949,0.6851128010609533,0.6597953963554158,0.8406884914958069,0.5109239578717073,0.6383778449223485,0.904467579736557,0.9002277942711944,0.7079753677276819,1
0.6372209308096007,0.6934830113446692,0.08575733096385607,0.6663407436653366,-0.011338383924373426,0.9397360836729433,0.5460566212141905,0.29904909281377245,0.7912409034237223,0.08988389421076555,1
0.8925642275673267,0.06693861242467293,0.373406822425351,0.08738727469989495,0.8522594013243013,0.6469445707298402,0.9579634026528436,0.04911899928614132,0.20943300098747458,0.433806244699925,3
0.9890089462598115,0.5004762834596604,0.7478472802055716,0.4917040701886367,0.9094270104670539,0.3626307511029555,0.378845259244836,0.5856897039997918,0.4390268949765204,0.5558462988747419,0
0.8736016938858793,0.07036213207976073,0.36131330286620883,0.10664268595267516,0.8396230797317149,0.6182693642778451,0.9676106256895921,0.04780933875016659,0.2254951981986617,0.41171920570734216,3
0.8068623783151457,0.8098088633796033,0.7783660409544638,0.05783300356349622,0.929502065329312,0.1097304667512754,0.18818060717398058,0.2687659239483164,0.8661134732550048,0.9442146639963376,3
0.3167707730553721,0.5026288547356295,0.044545492659634346,0.4410091035983369,0.39060941759958673,0.7000656398334094,0.7352060462455727,0.23062359996058188,0.6950981721726961,0.357817664057698,0
0.7840834323951547,0.13924104442954988,0.6734957581062266,0.30476020481303867,0.1881835461075668,0.7962280831073081,0.3120599017265938,0.5974726009402261,-0.05984082243587144,0.5479465370307723,2
1.0553122084691942,0.9454069984998975,0.3944452703362649,0.674657958375252,0.858078065532536,0.6638277298519828,0.37936325897200274,0.1281677380800057,0.37357204205585093,0.4642738522678779,3
0.76961171624924,0.1490963927042746,-0.018758582830355156,0.6418108392900301,-0.023534182648733637,0.5909997025660453,0.31828940645905246,0.7931001071093844,0.40638697525288625,0.8425907313000776,0
1.018791743644295,0.4265762790642731,0.4877833228510289,0.8628085890025979,0.00954612537156023,0.20186785809910646,0.8590569818669948,0.5794870704716896,0.6544170131834393,0.386423776336729,1
0.12634164744133147,0.9318626808128183,0.3855101625903975,0.14238742365551071,0.7309944577715989,0.8250466093123019,0.7396069841694934,0.34407632492427387,0.15567434366693084,-0.12969317026785737,0
0.7562450745427012,0.4801610065830967,0.006210352536042962,0.6435408676350536,-0.31843479339979486,0.9609003577110004,0.2676399787343176,0.6256954324723596,0.6950864625351861,0.28611683305986413,1
0.8428843865469291,0.5896094542643184,0.886851639269782,-0.13023127227490672,0.7774513652526777,0.22043535736291997,0.24261361847808086,0.25156668651399605,0.9385232181910809,0.8995169117823195,3
0.586674786900551,0.54541678206533,0.5426157299749845,0.490157313109213,0.766753174445948,0.8915873060442171,0.10437929395337825,0.2561604020542747,0.06655614819316744,0.592273738122147,2
0.8233854089582785,0.287206977472986,0.19238086603543286,0.17534579685658144,0.19715738658912627,0.7547095699816475,0.37082263309323527,0.38211863368936755,0.45379119661466955,0.7637211709685507,0
0.8040703035172563,0.5851443878567459,0.8226116458005518,0.35170739275629187,0.982155637925666,1.031025210271859,0.4058567800975873,0.3382504503270414,0.19234686227126227,0.36939988562957793,2
0.03275185701526304,0.9053587642153652,0.9765953282311831,0.25103254793258606,0.6978929128914151,0.14348540802989004,0.45495588313685636,0.08262235289623873,0.886318890998932,0.12223491439466924,1
0.8231035479356842,0.8415242958911642,0.7841240407396406,0.11357104462342744,0.8132046596538938,0.12033654953137185,0.2589876644514025,0.15053665533245672,0.9032926810362469,0.8232274953983992,3
0.1356137093255686,0.6913185922492089,0.4661017476340796,0.3921503702503533,0.26376672943575263,0.39126116079694967,0.0817431803385692,0.7289689431208106,0.11242396936131081,0.422058387546313,0
0.9906776152145012,0.17516286756383095,0.827475268687627,0.8073150790991324,0.6908683466585784,0.31127914384067645,0.44283903691844795,0.37843675192965465,0.5028728975040413,0.5968752428811694,0
-0.843935267484869,1.693161063949043,-0.0342749767285645,-0.1858465574400745,0.19428744218454538,1.2952627322481227,0.7589478480372032,0.5489924444559475,0.5461436159387291,1.0427140352169766,1
0.11823555878547654,0.35246270314080974,0.4960393537747117,0.6653120167845272,0.8724140567086964,0.21824936623687474,0.7369341899739253,-0.05090047292407114,0.7418518801337859,0.8670035886470866,1
0.33931026464142056,0.10771614455890859,0.5777164559997578,0.12499401963206773,0.7342068993173323,0.7667019094235694,0.6592311611245434,1.142761442691667,0.8181738180175991,0.7180367120791925,3
0.10917872203155607,-0.012323349335287555,0.45052728366381173,0.3941862995654611,0.19925678564428106,0.5862069825382313,0.6182569746487173,0.3835256275873055,0.48559687484637204,0.25104047218559794,2
0.12429664082175096,-0.03734156928534695,0.4832980315378446,0.4163066167105253,0.1274862724404422,0.6089657485734066,0.6286016215790234,0.37753254117319657,0.4754280108552987,0.23230748401631515,2
0.20970470633402893,0.5806226569150785,0.15294402441209257,0.4579183112324815,1.2179554750005612,0.2998118163869079,0.25817937843092054,0.5038809039336213,0.1659969366183454,0.5857849894291245,0
0.6032356500160436,0.22341491519013007,1.086419500335287,0.344344038908979,1.1068121214965385,0.7502427354649304,0.790958549910098,0.40493680738738747,1.0016691317178261,0.42902616962825857,3
0.21435987189369288,0.32255867531220495,0.3320442450608403,0.5119860930455726,0.27020245093868256,1.0563830535394547,1.55854997213982,0.06400100101412087,-0.5398333903583286,0.8325190097544456,2
0.44997574599959655,0.15445695341809249,0.20486907155436768,0.8092342920072024,0.763073631874533,0.40284562686348335,0.4182247507142126,0.24452426698351054,1.0043866440490796,-0.03879294104228459,0
0.30203259381181174,1.1335510712090375,0.4205852603984232,1.2709852652423645,-0.04161239328125686,1.427037095472714,0.4082640647096746,-0.2643685623832225,0.5798143272838241,-0.4037434443196415,1
0.14204427993575475,0.5583813630562371,-0.08825938656592894,0.16151742457783938,0.9648411189451884,-0.10230307907556827,0.14249921158481088,0.3117063495736914,0.16546024051476732,0.009249830526083441,0
-0.040474696348678146,0.24197331767520336,0.5119751949753742,0.5342515323218778,0.37858506896376337,0.3959969703288672,0.5498292997108387,0.3860015562648459,0.5393477880889207,0.16937804766438722,0
0.3196950640730612,0.32117460099661926,0.06769871282188056,0.5106153209827878,0.7480888176897831,0.5415680776409934,0.45312277033449816,0.2856114948969445,0.6084117777414492,0.08139878650037546,0
0.028746410139401716,0.9624252503424482,0.4406083690240065,0.8720049623194172,0.835160170122171,0.5141368058692299,0.9504896589018309,0.6643940360568716,0.21470883829139406,0.16870860261130985,2
0.6315220060809152,0.17397403472730183,0.28572401498443173,0.4896922350613652,0.11968667472775896,0.9936164425665021,0.5943899059725368,0.9795020999922208,0.2893950587859348,0.31953736387905424,3
0.17473956023473433,0.9055073911874543,0.2170861335250659,0.7350671098371051,0.498282019083757,0.9258812725513053,0.7888032161585337,0.8729049430181886,0.38011590941432255,0.4096988941536966,1
0.06993076729360598,0.8417222205770636,0.46712683272694616,0.40465478614902783,0.6320368656568682,0.1547203041626645,0.5676128778843834,0.3148460764777228,0.8442416606153453,0.2617941678689034,1
0.17475306732219964,0.5965965947793048,-0.01529423641179456,0.3335022909335107,0.3551637999942173,0.6098659163107447,0.35236717830723335,-0.2589452937986293,0.5266097164410171,0.3952432773560344,0
0.9115076626457461,0.8230393120547838,0.7375116694524254,0.00195980856218865,0.8353503258145493,0.07513018222144945,0.23916304659749263,0.22641678781272276,0.856516226980108,0.906771636423614,3
-0.04530302120682447,1.0672283151906181,0.5447277320720418,0.9551810754407934,0.8562139383974674,0.5311850368727125,0.9942388912320412,0.61844219261478,0.185167057521317,0.0848126140855805,2
0.5768809165386537,0.7025015548073522,0.30504883523479226,0.037172069400044964,0.8438733090335143,0.4072567559417203,0.8755491909161456,0.7932325907610235,0.6998864412353181,0.6464821469601466,1
0.09688171380402932,1.458228140273187,1.0070347251352476,0.9154894769777321,0.6103131544501758,0.3008626885448801,1.1385710079043585,0.32267794511117176,0.3255179368348165,0.9976469376742603,1
0.9106808828385803,0.7322052100690253,0.9091596092253642,-0.06862080475584473,0.8379125836916476,0.18286827036628017,0.04298578575735362,0.0902206266787142,0.9379114146821323,1.1088676158367057,3
0.37926954529000034,0.28967655020462235,-0.0019186377806632016,0.582040203814267,0.4710938355547323,0.5908057687025202,0.5238232660306897,0.4350523881982942,0.6806163173886879,0.17905447946191477,0
0.18731547309182348,0.4014960678205319,0.24157122764982283,0.25184847577599284,0.31977484154060887,0.3215727611281254,0.31442995507385424,0.6618409076629314,0.03610936764044137,0.4493441212426838,0
0.2584243290713124,0.31559029717371057,0.8687846851914968,0.7416715801241001,0.21511324713163427,0.5845423402717012,0.4133318285131428,0.3554246896424885,0.5256328199300903,0.5203968609511308,0
0.8109775078394567,0.3956257424938396,0.6414255545716547,0.6313471389333208,0.48504289815623736,0.702894451785817,0.870639083587345,0.30916487004851106,0.2202753121370338,0.9560699376693782,0
0.8282039579795794,0.06950096859303556,1.2996633800410553,0.7479602707951386,0.6026930090785514,0.2812684044683267,0.7187027914751554,0.28310121655909265,0.8331030844412323,0.42371692527527566,3
0.8617417370424402,0.46304968082119613,0.6797551385351326,0.5279108504064112,1.0178814549097774,1.3612911332434505,0.15180906982020873,0.6256914982070845,0.5652959865082843,0.5787034783478888,2
0.4013290927179991,1.61694500200286,0.31931644540842935,1.1607348776439224,1.315995625314797,-0.09279219619285684,1.2504978266287108,0.8279063907073545,-0.20070269767970078,0.39406856859358147,2
-0.04047284118527525,0.8489889082791369,0.2779967115360942,0.2333525461426978,0.6810648650732205,0.3271148795679808,0.7553545615125248,0.05082350059912083,0.7250483882473076,0.38689767779546086,1
0.09794301591972883,0.892220570071942,0.011322122846711549,0.6039760350242662,0.31556330756778717,0.6521361678392663,0.6190546167637406,0.6521538382785421,0.36911946941845036,0.5005129587549992,1
0.7907813060170207,0.2414119430762812,0.6803806005387857,0.9266325306284501,0.33429845936551844,0.9203357559924746,0.8384707522567517,0.23350603023097638,0.7303231576665825,0.08929283358147333,0
0.30808988432534556,0.9707065449430181,0.4104936202321877,0.40146060786732246,0.1655066001868628,0.6242911469919612,0.3717434173731357,0.5574148104215838,0.2855976180413568,0.5678305701492807,2
0.6086697656291915,0.05033081276902904,0.23526955532805874,-0.00950830769143153,0.6653242127166125,0.6813821844571717,1.1864500882531266,-0.18428967691501252,0.1380737328373761,0.5829161107418956,3
0.26412395130105315,0.061889674416419085,0.270186410603789,0.08185051050763056,0.3244604525563139,0.28705964498606945,0.6908525471791717,0.5837376200557605,0.47258588885900094,0.018282642622937773,2
0.002277998622212278,0.3573394635872948,0.5776504951632252,0.7223988523979514,0.9921703129384711,0.22990016800672589,0.6467313067369789,-0.00030767056859414346,0.6791278348063072,0.8431079480320504,1
0.4530581613407071,0.30510309321877455,0.30723621853400407,0.31071738838059443,0.2615443096909642,0.814240798409349,0.682878931699356,0.9206269045150093,0.26966373310416897,0.33461688113167126,3
0.9276986064063601,0.6423214428174259,0.6864603378529147,-0.05230181556554206,0.8239815292567335,0.05300627886838227,0.21352006275167915,0.3097936910175044,0.8400274083821597,0.9834834601891101,3
0.8344732455628582,0.4877065348912373,0.7831852258162251,1.0128742896720566,0.8202244194785503,0.37748377251208154,0.9358889074873812,0.5112790009653752,0.7568345267783643,1.1346569203597672,0
0.9514742413401618,0.04584338270441857,0.3273334070567762,0.06701157340780772,0.9138976854084948,0.5530773939098771,1.0392549853355169,0.07399257014465686,0.13222057611504362,0.42034287129872033,3
0.7885144392802903,-0.0364096109126508,0.5115612804029708,-0.06246965117403691,0.6427119509262246,0.7521399041186643,0.86663909730565,0.07883540528080153,0.30885155395212793,0.6047544996904595,3
0.2941824432727053,0.2858865428546027,0.13581823899649453,0.5395151859804492,0.5105341272398692,0.5556054059724471,0.5485319525952561,0.30348902701778474,0.727435283705464,0.19907146907920276,0
0.8077123700299208,0.12219810888908705,1.0984107078458085,1.1106990998243642,0.9303455622804145,0.13042611303135535,0.6852490640208077,0.2051744997736775,0.45803360566872875,0.9127268144620455,0
0.7083461115214544,0.4304063660241207,0.943016589380973,0.7707847182553742,0.9325490414984688,0.5908564614661596,1.0417870544934476,0.7210743853696243,0.8870657318284851,0.6653331752093595,0
0.9305643238195045,0.5958045793985605,1.2773224295216081,0.4949461965005032,1.2950383255977411,0.5493463873848076,1.111806814176734,0.29796387129358975,0.49220045508581384,-0.11770853224344835,3
0.6233008719041704,0.7876719218974558,0.3801968230977487,0.05895881087461876,0.9159505440328379,0.43857955124007014,0.9227548502521064,0.7907683578635117,0.7270690545105778,0.7380163457277296,1
-0.078922561801189,0.616930616957914,0.581222687752103,0.5694780411641982,0.6323562754494263,0.5926342166985226,0.37502993238127547,0.5763706695190831,-0.1852116810578538,0.26261729052295435,0
1.0055564344794232,0.5347899274308469,0.7428933177524912,0.5233211657875745,0.898423538164953,0.37034160955460027,0.3670513040883757,0.6285808442922406,0.40065875512368243,0.5840297167776884,0
1.0271416711676304,1.0049523469602388,0.41738775871760986,0.1942182872807837,1.3514434083169888,0.32940495306513196,-0.1843217292858106,0.1866127725564931,0.23866175474860307,-0.052745909774066346,2
-0.08002847432905139,0.8011835367271645,0.5396855257903534,0.8671854145392599,0.598750214701348,0.4538107099330443,0.7937356282794056,0.3766327220647414,0.10064518277916593,-0.044578571643702075,2
0.99583313892212,0.4051631107234873,0.1600202224954385,0.6734923111699436,0.21665453277430163,0.23917303132417156,0.7619165349896426,0.4131137335667332,0.36025112772271495,0.6361283437432084,1
0.6127911097990075,0.4536537109515135,0.3810358575100916,0.639262388022722,0.19997453125740364,1.0647868629784467,0.6891047721016695,0.8282216992161677,0.02864273672071377,0.41953167785318596,3
0.28613441427563086,0.6238759863211426,0.7043937283164263,0.1384382517380108,1.0756545739482748,0.6722701822576093,0.3102391963638295,0.5485587911233618,0.1940898579968644,0.15972759258693622,0
0.40351669785174366,0.32657951455279527,0.12789382124225934,0.5149426856300564,0.580635120564014,0.5573021809309572,0.5503025119390226,0.3128076795662552,0.754610298821377,0.17440759093898853,0
0.4037245022048109,0.07695510541669345,0.11776765626072618,0.17378700850127776,0.45324883212896744,0.08246045285586784,0.4457029457939372,0.4441978107123523,0.5511247433419246,0.2647196547530448,2
0.38180380005299897,0.6577303845416174,0.6248533212398544,0.23897467370254147,0.8121279113983508,1.06126706445422,-0.005793317934642606,0.3963356061626811,-0.168449683153978,0.7953440848899427,2
0.046988635524615165,0.908157138140757,0.8913752390026148,0.13488838505341488,0.604084024357356,0.0976931186356857,0.3449598874954445,-0.06288853711022926,0.9379185414730491,0.006691771508326977,1
1.7000731896305545,1.3670475426612017,1.2944803760271966,0.33339730016826036,1.6331316545459558,-0.09294839147345324,0.3252454471108609,0.16620664848593647,1.5770802294402335,1.4620404159266425,0
0.9430031424976879,0.13784228613682387,0.09838835342307876,0.6439969807413256,0.5037398388119324,0.4980048586736865,0.7093993767249993,0.8375787042874289,0.938897528033556,0.07552912349327466,2
0.37931347320994435,1.1264356302954406,0.5674164277829773,-0.12261035573659385,1.1224642557172964,0.3168293560241079,0.4491888602906523,0.2104057663251821,0.06431780947498478,-0.08590366715334953,0
0.5912023559652817,0.7657444026697537,0.3601715308764464,0.06614081637152032,0.8722278432289567,0.45909480480440545,0.8890252538804084,0.7473387087277802,0.683949612116246,0.7132913342306693,1
0.9691061835734923,0.3447393904596623,0.48507713347800496,0.8746316409422553,0.07396670663960273,0.2292496553601025,0.8880817280728969,0.4792556219052064,0.5755152551618684,0.37871865934499527,1
0.15060596751895725,0.45918444994801133,0.32282416881420756,0.5488469447976532,0.4325718170404497,0.42757846258072585,0.07562116671740268,0.6302459279629459,0.0426650258088422,0.49193703489789087,0
0.7204950920699016,0.6591252736594553,0.548849994081396,0.2187412433952358,0.21820656864700605,0.8110544188680479,0.22435996760858493,0.8379260384676648,0.36027402473433073,0.7482021108122647,0
0.06918929830663442,0.859453836353202,0.45358531449813605,0.3350613690416537,0.6737163682319269,0.24063981396730824,0.6323071558321467,0.2197811955114019,0.784014001342072,0.2679908786403319,1
1.40438407481563,0.28753530558232776,0.30319481056903086,-0.8004303950670972,1.120621410149981,-0.2584081412738706,-0.4138558859764109,-0.27954981592800543,0.09239916489676286,-0.5354989380917573,2
1.1314443222905508,0.5583428804370378,0.03326540177698247,0.3641238482156837,0.23610583593865575,1.0985145152226108,0.4028481581578096,0.46598394129306847,0.15612633049961094,0.5721356544742401,0
0.039856548350211934,0.9769468366506335,0.39415991504462233,0.9084386317806301,0.8054587238184736,0.4738605880217402,0.9392707744846114,0.6276049407245763,0.1844367857901119,0.20117211568588336,2
-0.07222511013985819,0.681472200016767,0.8188618435455546,1.2841111508032257,-0.36554109811123003,1.2466519097882724,0.7398948542739547,0.014860901496438372,0.7902974290275584,0.4413283760912484,1
0.2609849905380845,0.03271430252178288,0.6728745706797262,0.28537793312089693,0.31303507563803923,0.9698525145931572,0.06735600577566067,0.8854266228184233,0.17943957237169508,0.5796978750842284,3
0.7171002344260411,0.19329033179597188,0.41726332934919835,0.22868270344879216,-0.06902832234379735,0.1420043420455407,1.0154092807613697,0.7919502251380415,0.11651621831421555,0.7727542951666008,1
0.02631521493792801,0.4412620102045354,0.5009527487645173,0.7525949471543137,1.0528682609324496,0.22871981212980189,0.6757193461342739,0.10651657460541435,0.6427288391125209,0.8260724039814971,1
1.0226590510771405,0.4517818839981632,0.28546896077778955,1.0154568370682213,0.5807345923513219,0.605646028143639,0.7071525374124327,0.5062245278185545,0.6760071447622203,0.4714454097190338,0
1.7620815736168671,-0.1444593460140824,0.47764223727250216,0.49717620933113077,0.8019722860530729,-0.24707387384020107,0.23496147026989178,0.07899599406986735,0.4244173483045836,1.1953933205704894,0
0.6832961631330117,0.8349400419746893,0.49504216447225435,0.06802880752997623,0.3176734188393119,0.6154713907626134,0.11579548425299904,0.6214036082623992,0.1360271035412776,0.6815717774065065,0
0.9869023754915077,0.31054006392177885,0.42281523578563684,0.8454055905528194,0.07368111501326717,0.19867412401206003,0.8764665828539875,0.48368321353377297,0.5809734052524941,0.38815968758263497,1
1.4334768969377887,0.0189237081831376,1.0192100953621124,0.7544455647838637,0.632007569457302,0.3738702886349402,0.5995128781724586,0.46909331627970186,0.6181339174840931,0.8298789589553636,0
0.8498600240714628,0.13019944356243524,0.4021388626826184,0.8468899379309957,0.7163294439784503,0.7248137918358543,0.6010173083709417,0.6438925263400872,0.8253930494725678,0.7956245072196583,0
-0.7348829603697091,0.059170734950602086,0.9050562753665674,0.9100973620987115,-0.07495201629247245,-0.15482853522672357,1.2809155050045415,-0.5569504966567926,1.207855823467338,0.693340693575561,0
0.9009163560705696,0.32442154380815025,0.016680086489767973,0.37625498581384265,0.1646103107969717,0.8723305746019204,0.39618410994688535,0.5093606806126982,0.3049110364447549,0.7989097851916679,0
0.01976727497558816,0.9101918019657813,0.5045790094637688,0.35638215506934456,0.7555136307605763,0.249255042826461,0.5785147513290125,0.2394344184150647,0.7635146481051994,0.22971049817513986,1
1.2077338745546107,0.537179834575013,1.2114229389486537,1.4744032525357724,0.11173715144151652,0.6285379362632548,-0.2759787516028589,1.610423719871674,0.6308419581639921,-0.1590129671809528,0
0.07637187339268121,0.9113085421436857,0.4636613494227223,0.8724166841752996,0.8469413908249548,0.4910012681203856,0.8657183546239446,0.6198653447707845,0.23848230209958968,0.20380848064712165,2
0.5719632475364602,0.27410159966365244,0.8616072095727417,0.4333442656199751,0.6486517863874843,0.7551673699173022,0.8678731191269599,0.21428407094427243,0.16311763170017735,1.2364007345829424,0
0.2492294286690799,0.15685556139023765,0.09202662266846073,0.9695877103333854,0.3478010553129978,0.3370770572576176,0.3953659281048159,0.5326822075022725,0.4349334114542451,0.21495215667779788,0
1.1074794694726586,0.008688245870079603,0.8036050976367637,0.4070103806306741,0.8312390523999355,0.4910330660441471,0.7091154463013711,0.5950904944094131,0.6490936756896212,0.7735168130096248,0
0.9096379379635148,0.2728314442961713,-0.1773229832428882,0.33351302032862606,0.40202478915434203,1.2540987209232601,0.4042751153410896,0.08696174692896264,0.41479471096758375,0.35872425662916946,1
0.8626212601222325,0.3770672998867443,-0.028891196294397264,0.38245283371583133,0.29377564262092104,0.9650417453777085,0.5521867565051226,0.5661236362908617,0.5137949509826971,0.8124920381337086,0
1.0098945967171997,0.9195019236414811,0.3957076322736771,0.6289755141807235,0.8000769919378431,0.7223123885066998,0.43249508042359264,0.16822784599972698,0.416499796856552,0.5107410978944262,3
0.13466344020873677,0.5869208956816666,0.3755459479400264,0.78190932938955,-0.10125738123564368,1.0761814343241178,0.8641673789700518,1.106438918874601,0.8157295662916801,0.8947115819205089,0
0.710110895805564,0.4069190456688705,0.1892987195428542,0.6792748101311681,0.37891144836965485,0.1590259908232577,1.2017549715605693,0.10768734252588108,1.1776826567749554,1.1903701637431852,0
0.8714087832690337,0.5148790729450221,1.0030030001529386,-0.20741579161728824,-0.08615957282344155,0.056372014309155505,0.30470439620363143,0.7158850293730077,0.3698327232425285,0.4281684421243075,0
0.34543810012722787,0.7447043163036037,-0.042314829762695516,0.32693806800323166,0.7674345352841565,-0.005737057861550016,-0.01652330646346231,0.5111074472921253,0.5875520511398007,0.48236154617514876,0
0.08898157159015817,0.39126517513888764,0.5146739778182151,0.7095852641264158,0.8761653655426028,0.449584464087285,0.7685845229605714,-0.10922728923280722,0.6757225510467139,1.0058131860255102,1
0.13272384183853822,0.9693180591514537,0.06867344077283644,0.6686615799891911,0.42182107763930043,0.8331311325871207,0.6917722306510645,0.711343210392105,0.2581941583226397,0.5347380020757426,1
1.1368948003676207,0.05767833989393163,0.9737545861988683,0.6894691581900267,0.6315168101014583,0.22266111218331053,0.5573938124525365,0.3452063658030609,0.48568155067277224,0.43713984573597897,0
0.55502865127799,0.2919867892083301,0.27051185206813344,0.1122926665546003,0.6674262197345269,0.07811502020557352,0.34967219634479085,0.2848691905290732,0.37151992083619023,0.03549602831504686,2
0.7525989988345927,0.6865572988498304,0.787264967315467,0.4301532778408812,0.8756891096979026,0.9329669790501207,0.3608974281487438,0.30615881242208554,0.21004941472373817,0.4167696103320011,2
1.354181781179376,0.42961180800609133,0.05271870455018318,0.4449099968834914,0.24897812324087515,0.2452446966294301,0.3381834675932084,0.37181907772896683,0.7852951733831667,0.71676119429469,1
0.3110501221960071,0.9676370306411515,0.41257878143440985,0.40109954488931526,0.16408564345331936,0.6241779123307862,0.37168833119800443,0.5578287217148237,0.28472887428415633,0.5662342894671868,2
0.9853308945211312,0.5511514322855113,0.727363580910843,0.5619016450903261,0.8728750228903629,0.380640647277225,0.3373570290457651,0.5959560621016813,0.4004740142287724,0.6028882251753449,0
0.15487798782171752,-0.007672935132887651,0.6110005624894836,0.3084207089886163,0.20163792349422746,0.9856265822098541,0.06498805599207366,0.9241739859237798,0.3135458063705975,0.4384455728087854,3
0.6309648740610203,0.7275083190392457,0.3532614935402853,0.2645731097790731,1.080596710199949,0.31840137673836355,1.0132208299788168,0.5870240907344064,0.7744831151736025,0.6543281046236669,1
0.5886358860580948,0.5772612736745524,0.7918652198728661,0.43534043830891306,1.1746863954238533,0.5496774585143743,1.0983907588850124,0.5173341978561512,0.7035869977726535,0.24108012004844542,3
0.2540646047357244,0.047860541396108465,0.6673093607073587,0.24211802450361697,0.32388656001486893,0.9284157253536879,0.07954727037454576,0.9174584569122558,0.18809467667367927,0.5581993066536227,3
0.21927167865651337,0.1504947897975289,-0.1616391010053713,0.5696883582432025,0.05452826334460764,0.38690862873845944,0.1745039168008245,0.41362176250818483,0.8131950608805831,0.42733322928393636,2
0.7774397472826355,0.11956929529895742,0.6123164160510327,0.3229948213287987,0.0764436863266891,0.6847127651539252,0.46080203159713273,0.5007534327165228,0.10404287135994231,0.6694598675888452,2
0.2495617044799743,0.15689332029508196,0.09273159984931877,0.970316412835159,0.347067693328209,0.33654583703933216,0.39602134860234467,0.5332430674236148,0.43468573200672006,0.21424778972393024,0
0.39140057819981183,0.6362800391640447,0.3481608939323345,1.01222633675869,0.2675368023848937,0.6568434386944921,0.3818246987296735,0.2580872874229747,0.2072142590102695,0.34142656313988007,2
-0.6894524720173396,0.6123092298872279,0.28044443181616435,0.8674534674816081,0.43087528255914637,1.2829161976465633,1.4139289098665846,1.642008158726847,0.9528036734951782,1.0570972510522751,1
0.4258206889219258,0.8610340045444749,0.20383954096672627,0.5510702548230051,0.8671513151371555,0.12296426813330685,0.08962093928380557,0.7930474351090155,-0.09760728694542352,0.23464761301584444,0
0.992033206711009,0.34577264679258374,0.08590549784076466,0.30094056020127274,0.11913432748247296,0.8517772742551606,0.4063197500364082,0.5177685863188178,0.38381914037205805,0.7787566912119317,0
0.8063892794725425,0.6662270984649763,0.29821406534634,0.2082560534011924,0.8687083234548123,0.5077173317790288,0.9633449878894683,0.7902672219161369,0.23064275757072034,0.722813177229017,2
0.31045816886532,0.9694325209681608,0.40887426064012655,0.40439176717826597,0.16787769061603222,0.6257380086539052,0.3716872097277845,0.5581821247593498,0.28599139698367615,0.5690880443373101,2
0.5951486504168522,-0.041924451551957675,0.6010993903695795,0.5163877418326833,0.17249699032546884,0.9649887074186172,0.3719329657924832,0.5898396911704922,-0.049850478038387325,0.735694475948383,2
0.9865740531226942,0.3691087740048945,0.07079069110790236,0.31302060960503336,0.10946181219532908,0.8682894418707657,0.40462914509008285,0.5224819099149736,0.3696159564798451,0.7544983519362817,0
0.9442538365459143,1.1949344252817615,0.5627576097280174,0.8604785216489522,0.8437954430617652,-0.06550580517768376,-0.17756313416305755,0.6253482381445892,0.3907087635705607,0.8226028934064666,0
0.7947404368152603,0.802327597106601,0.47450562629588977,0.18126209779682836,1.1179684432697148,0.2568629225479173,0.7216616882321688,0.8915818909702926,0.6568699581114611,0.7148956688050442,1
0.2455130298437363,0.44373247092724566,0.5143662542874075,0.16748025847853187,1.2053543526713746,0.5161380070044932,0.3329974236717461,0.6017664353132678,0.5024672742419218,0.11909928138578503,0
0.4594995739048059,0.06136186727183869,0.06311652461510897,0.09693115008632458,0.2946240386136838,0.025301060615771184,0.39739124967076767,0.3292671566023259,0.7114615414695444,0.29758402764046543,2
-0.07634128493226142,0.8786519985434219,0.09047151730897744,0.6252233694088811,0.49663847838777603,0.7882246836144664,0.6357361722356631,0.7113623328562624,0.10157945383478498,0.7426490672684127,1
0.9394099586784259,0.429122433674411,0.4169748327316283,0.7697918895535627,0.03866551800910742,0.21202792022228706,0.8104777516021335,0.36983534014019226,0.5626487185509207,0.4920572074926496,1
0.9900548286396461,0.19619644237050876,0.8095397393115115,0.8424308467589674,0.6930542127129943,0.2845785682655629,0.4761049814490719,0.3995568810664491,0.4793917757544922,0.6005612117317137,0
1.0335341236542968,0.4587011637837864,0.33363850446399407,0.7114300544716471,0.044761984508624335,0.09870077121975981,1.0031469920022895,0.4943078787971069,0.6839942585015015,0.40460642019220006,1
0.0645514777716242,0.740356256877398,0.6042555695059253,0.9874270281799481,0.44505195580982915,0.645154973575943,0.25865541010210086,0.1339152068273875,0.1860685981661414,0.15934189299184093,2
0.26688662239819766,0.07193228635309518,0.6808890066021047,0.23008345771283353,0.335519952890515,0.9239642595683406,0.08780105902791055,0.9198242480957988,0.17497876375561225,0.5682731873243788,3
0.9645679644772123,0.6397285944615722,0.7955796256640434,-0.014412999247232716,0.7993058463504319,0.12238155679762278,0.14587478763210296,0.18206734645819683,0.8888928100035808,0.8398224480247146,3
0.3679083519070591,0.5688051113891646,0.8525144897851424,0.06142624324720852,0.8033555186654084,0.9808537259086153,0.25919276543549186,0.4276671775504386,0.3935931489082358,0.18579218722048,2
0.35102115607133993,0.3787638397934747,0.18693949157475048,0.23834098318799954,0.8481908670291725,0.04722629032988475,-0.12921655730200207,0.4143881473403429,0.4812230909954224,0.15480062375936463,0
0.7585253240256354,1.1170392798326971,0.19580847900155302,0.11400838080282957,0.1724638203809812,0.7283135177969818,0.4298050274394421,0.9150124909988258,0.13496322581269565,0.43987750829630023,0
0.5064132870535102,0.8915062414223974,0.3582118096907287,0.9221555680475172,0.9207833869670705,0.6571268994555094,0.9892689092597243,0.9342751461603075,0.4964620403804103,0.6463941928623256,2
0.41906103059818517,0.6597389808977062,0.2867063624927895,0.37270531035812193,0.054122832933505616,0.9835787685602344,0.23737162132740253,0.7708782734870825,0.29042776573339757,0.8645104220694031,0
1.1250603522176061,0.26101788845443535,0.45399959882054675,0.6415678685408102,-0.1651641994449784,0.2352139454830394,0.731229570022718,0.4710524340156525,0.6598092925355862,0.4521575511971696,1
0.8661756516784002,0.1376123730580503,0.4191743198857428,0.8627200001895633,0.7081581628021502,0.731244529724074,0.5902027837470362,0.6289590394369563,0.8284685614770172,0.7939638849410473,0
-0.4590864834516952,0.6527212318992142,0.498200678177862,0.19245628568357803,0.04218531564865147,0.3119785964514347,1.0236836664132007,0.689161902482693,0.7623232040677423,0.5064353450793848,1
0.4450479479707932,0.3927604077848842,0.38592091533010253,0.39947466492323713,0.20966160544358795,0.7570831030449915,0.7434656392795866,1.033883955575919,0.2697872456292788,0.2853394875680488,3
0.39297815595610674,0.5312757053760924,0.17258411948949176,0.711453229648448,0.014343846286056249,0.6629121501881813,0.4718350521356717,0.4519836981470631,0.8281006612063708,0.1658691890281626,1
0.23840830203252336,0.6785607162303042,0.4759825196321308,1.2515749532381242,0.1587958587024118,1.147645397135642,0.9875566676696141,0.5112007256849811,0.9019311942658851,1.047626659475329,0
0.24379962371127528,0.6233906462980658,0.5061868022625455,0.584841918099001,0.4348300304887257,0.2793039328436957,0.26735670515256943,0.6861032975124709,-0.08285866567621486,0.5484625006373597,0
0.8115938833374466,0.8103621720420617,0.6973274264856485,0.047532546026903814,0.9244197204451218,0.13477846098395724,0.16687338945124097,0.1905616590563748,0.8748779311990358,0.960096616518431,3
0.043537162712296726,0.33141083446897396,0.5967807702897354,0.6353016506406954,0.9099401198799822,0.3118438864959691,0.6655465065047186,-0.020500590018454647,0.5772115955894006,0.9092947677401658,1
0.8728217346417914,0.8076930163161202,0.21699398146637072,-0.022474674111721715,0.26458255598960756,0.8040001820197425,0.18458386625347264,0.4514736794447791,0.6783875555953152,1.1330493079475632,0
0.951934020101064,0.4250271291158239,1.0306236628995782,0.6546563401957917,0.8078129139980483,0.43851570440021914,0.31212172161992957,0.3388746501913227,0.401073024209361,0.6891498670697104,0
-0.01938624265990324,0.9914969072872459,-0.0059089673174364254,0.09316623166901422,0.864209678276246,0.22615867159731126,0.39356635592425243,0.5179257444046417,0.5870168653428033,0.5437803447476321,0
0.8081346314697306,0.7205018677679323,0.5316840029543156,0.2519056506175594,0.22269511755009389,0.721776026410663,0.2454468723788079,0.7336072388027635,0.24318911601624957,0.6310004959535017,0
0.027401175515717913,0.8117790100502726,0.7826212331378933,0.5676629161953988,0.9343983590607355,0.7366651338295094,0.4438939021461489,0.8513455547816914,0.09779088896616772,0.03536906152138758,0
0.7585438158039194,-0.09850271262630189,1.0582863819853778,1.03928104733061,0.867417520001119,0.2294531480523132,0.7121951018591131,0.1599317400071473,0.6236843808050647,0.5923476525714781,0
0.6733761432213551,0.30257540605652006,-0.24693764320330625,0.21928422568915745,-0.112972148076806,0.009060718642078261,0.7861560463642078,0.06218364152313782,0.535634900477215,0.012783953221073258,2
0.6121204457623496,0.48076270527323,0.6405753474401437,0.21622866515962322,0.5642055250504964,0.576211813341919,0.3076230168139141,0.8224931419488327,0.8169698962575652,0.330007194841718,2
-0.06621845723485986,-0.14909582692574802,0.23923701242680145,1.1428592326790046,0.5616827561736417,0.49421166706233766,0.7795953416077177,0.16444800293152576,0.5487088276533674,0.5884216174363961,0
0.605491578451164,0.6053927757990932,0.814141126913794,0.26647660277233937,0.5214924300191603,0.6911238571871694,0.3365708819583001,0.8670111335165379,0.8173274732922634,0.4202212216211237,2
0.23292060216875,0.029222756599562975,0.6570375010931875,0.21758696574685601,0.3294906135110193,0.9094001891195088,0.09374224030769199,0.9164039289170836,0.2026775428331934,0.5428722927362446,3
0.6973369300582952,0.8746157238521701,0.13898667839129097,0.059172308339333686,1.2297330156383532,0.3797904141506404,0.8587047726794863,1.0376119810539062,0.935431740949046,0.539147014401816,1
0.22174995408825363,0.5475983872915045,0.3574628639795316,0.4255513320331222,0.42528045458378344,0.3853419746564257,0.12091755548385909,0.7558363021312784,-0.06722151982113202,0.44938304399974976,0
0.3130473189510558,0.8374114682391676,-0.23649365186582527,0.653204694864336,0.3804987214011194,0.7802900409641979,0.38722757504677413,0.5741642666433966,0.421765227854938,0.4940756066390782,1
0.08589814002233723,0.03929712594919015,0.22807822726140947,0.3508138509944653,0.8141772218502251,0.531255456114315,0.5215683842798009,0.877354805552144,0.7280581815128885,0.5794755085441172,0
0.0930790417479959,0.2974523630897098,0.6814697033990166,0.5050116758078294,0.32886851740153816,0.6421296155528831,0.6843846036435814,0.5098622281853455,0.3939703945766368,0.3184329999876826,0
0.23024029546392413,0.5160957183163694,0.35114404688683526,0.4180278387841117,0.42438482721008325,0.5516835167111596,0.3417286340372476,0.8179695428339471,0.04341945034724684,0.3367483394169993,0
1.008267069506203,0.49794705320309185,0.9862756661574639,0.3264626914605593,-0.18924301207027877,0.4218762899851036,0.5981590552046775,0.21941420372199566,-0.02033253435829402,0.45848460755761555,2
0.8612699822961888,0.0922394198307379,0.5044507590442272,0.4178947633228269,0.0764401988020242,0.65538119052593,0.4481086875070709,0.5270579099884445,0.17287919531294543,0.6628181096740883,2
0.44016416095235733,0.48024937687954455,-0.1274122452143659,0.6398300725338831,-0.20156597985134161,1.1416404464234877,0.5093040052051788,0.38408366315089476,0.613930648703367,0.033275913329403925,1
1.009335636465913,0.17186576798501146,0.8721025982514697,0.8420305848141313,0.7221275182372693,0.3344008745617868,0.49352118898856717,0.4220954847165871,0.4772113133754266,0.523174484653665,0
0.05263075983379627,0.5537600382677471,0.3063010761524271,0.4694937765347614,0.8218082055158996,0.7613780386826002,0.8094538429885023,0.5941024960630297,0.48462751649394475,0.07621726278949545,2
0.5085682448113296,0.884157311886324,0.3565413010366209,0.9373443447562823,0.9149629778210843,0.6406148492733287,0.9901834762508427,0.9241636757702985,0.5043209128016984,0.6396743044165649,2
0.07984309600130135,0.6686319020334042,0.13322514976614963,0.00027759341328426057,-0.18849332480259878,0.9251525726391361,1.3357388992796615,1.0027086193881865,1.338076459233724,1.5577096113664823,0
0.8840270130976261,0.41468134274748397,0.8136313768455893,0.6792491761609907,0.6824460859204677,0.12802280531346225,0.9576715869967256,0.6237072371498233,0.738540938978178,0.8612206956485456,0
0.9702847860292804,0.9394421516009068,0.3921400256084653,0.6623702277017744,0.7884742915807265,0.7269952726121455,0.42448985360980823,0.15006949066837308,0.4008210015336768,0.498132129845201,3
0.4037593779757134,-0.022828573642085348,0.13011281300989738,0.1121441063717134,0.456684194379801,0.16781108864584102,0.550696716780995,0.5051170024148501,0.6552353144513877,0.3026294935193218,2
0.1292713685579417,0.8924516649069321,0.995762751741137,0.32481309100749106,0.6714622850090174,0.15363755876372728,0.4487598845630975,0.00839207218705984,0.8467154194811277,0.19166626806260584,1
0.6109143502066623,0.019818545646133834,0.5688418825987087,0.425658980600951,0.2599549613281451,0.8989520135962304,0.5278682188812791,0.7925525235791369,0.434570689748029,0.4464728863012076,3
0.6474914628638675,0.7817743547187636,0.3743454628286325,0.03484314537722172,1.0199516047866592,0.35543344473283256,0.7752180022788938,0.6826002665991828,0.7886980297679911,0.8478517184642013,1
0.006411556401701504,0.45019473852756725,0.5836217767861839,0.6871808651164106,0.9956027469257342,0.30627572228288813,0.631687462331411,0.0585788069264179,0.65236759644479,0.8997954154663109,1
0.20928302525478218,0.006861157761478338,0.6005816355732423,0.2799701814927441,0.2614554287785882,0.9017274834488341,0.06516920563399978,0.9554757006316755,0.26817818116393055,0.528738873446186,3
0.21960348902628182,0.6514333653541438,0.3704690899936787,0.5023259128118148,0.46536252086947294,0.376458810792418,0.16111643093928996,0.7544027267728021,-0.030479995536522413,0.4037850373587558,0
0.5783122716543796,0.4869917576963189,0.9664955795822514,0.4709076478437076,0.907903856684519,0.44576559050786035,1.0070868051535857,0.2737898530566969,0.8767743554192423,0.2450053041810944,3
0.3070652312660149,0.9696962597455493,0.41052161578259583,0.4025352330367425,0.1689545680844685,0.6220489319631375,0.3669933137486053,0.556871902432405,0.2856901134240479,0.566948445606387,2
0.17281884999428643,0.7821028717573064,0.5054790090574646,0.9221241404139652,0.023182966235859942,1.0412971750545907,0.6969377245946327,0.8505074915392128,0.7896104250604515,0.802421418615648,0
0.26013105622321864,0.3880073990426919,0.694253621903568,-0.07004803073836854,1.000889520961383,1.0616134635554677,0.6727782062907586,0.6880249230509258,0.7033926444593863,0.5563161725491854,3
0.8988163190048991,0.26802939511710616,-0.08540185640994827,0.14702577363512026,0.10523790715594973,1.016543253916961,0.5747461643717663,0.5214728578158376,0.5319550037973537,0.924990135150804,0
0.9953451726765427,0.6324606832334673,0.29326831570690437,0.05797998839178059,1.1777570371190929,0.4988801153278237,-0.11554706435196815,0.43392094627891836,0.19039093009477034,-0.05746878406887829,2
0.026150442905598342,0.9133920429051128,0.9782109680238669,0.25594597033652644,0.6762689773224466,0.16050285678135812,0.4414381518376482,0.07352850993774208,0.9018894398467148,0.1370775610540747,1
0.8624407174251231,0.7916102060775231,0.668045421100319,0.10066915208977631,0.8432019580701835,0.1683588027047359,0.18103106675696848,0.3125780796283479,0.9027806672537697,0.9279111491500741,3
0.8652772026711154,0.055353473567828264,0.30257451838570615,0.0659345390766473,0.8773764268087526,0.6553286757471468,0.9613393575076409,0.07322577811127985,0.1770874373945231,0.45586191812987226,3
1.0279755620368727,0.508924837713511,0.7388498797629073,0.5492727543466458,0.8999016566138828,0.3459807136935716,0.34581720682095196,0.6124262905292996,0.3897414116746806,0.5763021042227788,0
0.06624273145025597,0.7219069960825681,0.2801322295333434,0.1548789908960382,0.5484191477151605,0.1363679640040658,0.6908749144819746,0.09807879815765361,0.7882594654855405,0.40573950159259,1
1.0474646580260911,0.4072482334768669,-0.004539470505075097,0.2836775214108546,0.18346790538530594,0.7995789030582864,0.43757806369586144,0.4260403358803644,0.47122891032148967,0.7329481567395377,0
-0.015433040575444867,1.0697333010093413,0.43602551253636157,0.7455051373584798,0.10820157382011332,1.0979214370830528,1.0015604055740133,0.715052620939611,0.9170128017879687,0.790586208906838,0
0.6243883104598524,0.4548599852208366,0.6874516006468352,0.18410887900635295,0.6368849778967625,0.682028897162014,0.2867907819129668,0.8379981620394091,0.835688694677087,0.39643873776317595,2
0.06376076509554013,-0.09707101380795796,0.8111593658697565,0.9510573192968073,0.5449404294898157,0.5527291343213259,0.4517989642108851,0.8628665641062302,0.8411942611891188,1.1697363903856262,3
0.3095982497762058,0.9702472960328151,0.41006557782785474,0.4010664404734505,0.16527010417616422,0.6242735398060678,0.370184388969476,0.556528522006469,0.28585020174952736,0.5687388387000216,2
0.1355872724424137,0.43974510126169086,0.7015796192978887,1.0219520742002794,0.8867110436052367,0.28289340800791357,-0.10495006688930952,-0.20912862636064833,-0.29052952406651966,0.8013176303164986,0
0.19313472466683929,0.77700082342048,0.6002926798568786,0.8290920846296987,0.05577009152188158,0.9606973791761784,0.6506037030760594,0.8374706584345859,0.6424578362882996,0.8953604548980753,0
0.8474171569993857,0.17496689008020946,0.6773665032254015,0.3418281506489295,0.19375010048332353,0.5863786230918181,0.36972622501396757,0.41966902976176235,0.15617656884556202,0.5801085540990376,2
0.7317235317746525,0.7546910065110074,0.8037025277664588,0.17461031088621248,0.7649316712889738,0.15410402897335385,0.23908203719531856,0.29310442288222993,0.9386256149891335,1.0339695944411478,3
0.15276951945288664,0.8476019214489994,0.6999718175111261,0.7304837396931925,0.46275208825727054,-0.0033376962281905995,0.7739259341658314,0.24801469188003233,0.17003770980513613,0.8195057147789597,1
-0.0317037295612799,0.9881104631355174,0.45959888602179655,0.3684612780848039,0.5987522412008657,0.2779221937643291,0.5560751368913064,0.11981730000273552,0.8457855924018348,0.15778169385074342,1
0.24918349038444387,0.15669918245981693,0.09219192880560756,0.9696797433384989,0.3475119802004537,0.3370248713746325,0.39559164650494766,0.5325302652009696,0.43520571097978356,0.21501244527356733,0
0.6556700697019006,0.8379210626286041,0.3316066868224424,0.09576891516129953,0.9659201222111986,0.4913524849069868,0.8615376304665308,0.785763069506635,0.7978845777309436,0.6842917219662188,1
0.7005786392827201,0.8212312539463533,0.36312191086232715,-0.0005559024926378026,0.6812836891739409,0.5569699355935618,0.7487076007101074,0.7389087761375474,0.6983369703387848,0.903120856556664,1
0.7747718194295226,0.36451157743467766,0.15424021995859943,0.7992925459570968,-0.10287400556749376,1.0583268338387049,1.082490395408391,0.5924894460057282,1.107788735441031,0.5120977167039502,0
0.18308599779831528,0.7021364968941254,0.6717707753597018,0.266912212239541,1.08863045379886,0.5781219017174525,0.5201826614914653,0.6535955943567286,0.30070901450200693,0.043768377963665915,0
-0.15815618904857998,0.06503250779655415,0.31771850151625014,0.474870573121177,0.41564442846735117,0.6234887440941078,0.6604284737205016,1.0796119227981635,0.9748427515108495,0.7825396244963432,0
0.5043089084415262,0.8772338146204514,0.35845160564444695,0.9322376775408869,0.9063996052052576,0.6535901703707352,0.9930542293751969,0.9359863710566648,0.5004407432745834,0.6368685094316242,2
0.10297920824960341,0.7563231663564842,0.3752481305585579,1.007024776002574,0.07235772640564778,1.1327852776693346,0.5803498521515817,0.9252821602594575,0.512449549757213,0.7244366531120155,0
0.5944018380658734,0.6610829807622405,0.7264949457325987,0.3560063560733431,0.5542895965900861,0.5207818751800786,0.31741023239063704,0.8167298309129859,0.6641541452814389,0.48502169487714264,2
0.31287854926535463,0.9681870732998396,0.4108606775235814,0.4052460389664896,0.16526577577842788,0.6199987174323927,0.37292378401538495,0.5589716813178527,0.2887962742992931,0.5676015029912449,2
0.2479554480978719,0.15456934686810192,0.0942145450463573,0.9700908696758781,0.34989073864167397,0.3368548226065192,0.39405571686360563,0.5335329703076709,0.43433062819124785,0.21592171075765756,0
0.788735201153534,0.8680128854779326,0.45416073999998247,0.20109320119520013,0.18731929642668382,0.6566950623327676,0.41849838863679767,1.0750167246301527,0.37792188080789063,0.5927492669792487,0
0.20622492126668732,0.8859580287692099,0.7778824319314273,0.4249659719887603,0.9967485759651686,0.44821429196155305,0.7873428015699011,0.20753021076719957,0.34714885258250183,-0.2624633158189637,2
0.4431542569028236,0.0016848454847342154,0.6764323121126856,0.2092979047642005,1.1024179229399778,0.7568920956278218,0.8713224036546339,0.7023146732163793,0.7798124319451861,0.2988790693725339,3
1.0043705502619367,0.5461093543088023,0.7152781520070555,0.5439681557187965,0.8837638434274576,0.39098447419507687,0.3476184885152019,0.6095806052428837,0.3807932828721504,0.565329248068826,0
0.1186634180432242,-0.044057060899777956,0.6709741248524166,0.6893307631471864,0.4639821733568755,0.4335373436427945,0.6597745450435635,0.31126389366397234,0.6095079692288209,0.5012860181866602,0
0.8093176661458239,0.5262730561756642,0.7178011273109385,0.5836515835636625,1.166174603356083,0.459114220618164,0.9599706085616215,0.2765820182539996,0.8575239277960031,0.11464062348028657,3
0.5689276242635098,0.46982294785799883,0.867873565493409,0.46408160570171464,1.0703844961975857,0.4601579489335214,1.0211665430511332,0.3965450040190455,0.8756941241465569,0.1417556290181985,3
0.49414912706470693,0.7889788964050146,0.300926517111551,0.8226892485764781,-0.10963037664515599,1.2936571749588497,0.6994943703623945,0.28744565057800053,0.7579483044382331,0.4222974885507142,1
1.0251649763995385,0.5061226368425935,0.6974464705504835,0.5644649506205442,0.9182037850312655,0.34814215302712587,0.36113193647909436,0.6632568490027465,0.38901419570098833,0.5452635851082409,0
0.7545433170418652,0.9792679445972229,0.42399666594386365,-0.1425923928798012,1.1372980494163216,0.5507530536517302,0.3811404960908797,0.43987432346159694,0.05134557246203844,-0.31621155804765594,0
0.8840593127077667,0.08782595830524119,0.18620995701959644,0.5488416713466713,0.4949337330644682,0.4749438274712325,0.6855694922197834,0.8266797882931223,0.8537649968804589,0.13641976224986543,2
0.580100757095862,0.4946580360225052,0.7394347838245927,0.22247564873526504,0.6167639410034338,0.6138454758025015,0.3623492878971833,0.8226545261504523,0.8071368858690573,0.36444404718917217,2
0.9785272187348669,0.17306119516591803,0.28542427310877816,0.8300613039205329,0.006283506395486735,0.5035395750911005,0.8793379208144999,0.44663354759549795,0.7651040454487981,0.14669288072167053,1
0.5397462789211885,0.732317494915112,0.7897631494121093,0.6122447436019736,0.9148452321386777,0.4097822544836126,0.7908983173680664,0.38837065380184277,0.6110251653480836,0.26533894150843385,3
0.23526211720666035,0.035648682419477745,0.32267785844795954,0.2628521993218527,0.7166697989907441,0.5781548721589793,0.4553192080334987,0.8143065182796763,0.7905591079105737,0.6718603134211065,0
0.4545590709220615,0.23111877823754387,0.7924020504168725,0.047766798042481795,0.9277171552868101,0.8342726098024164,0.947627570314737,0.9641897956507831,0.8249699558951106,0.40751398816039347,3
0.8804984909201258,0.5815485749426899,0.30404469807225887,0.19515850514535865,0.8133351741795012,0.5644276134495287,0.9394125592457255,0.6083644281693186,0.4173946163973494,0.8202660953837847,2
0.1222064804507228,0.05743857536880288,0.4191883408263431,0.374385309893642,0.18697265134845686,0.5420051150925499,0.7149216452764519,0.37964255702019944,0.4012579639873025,0.20707416644424997,2
0.4699068367556084,0.47628986938571793,0.036687323609057604,0.4721140017143308,0.4644680592667339,0.5371723476858741,0.6293982269537115,0.4070251993565681,0.7640769369054454,0.32257198530641207,0
0.22889157196473625,0.8076316767008134,0.5586590369060117,0.859581809620893,0.09994748595699285,0.9702408984251423,0.6924456165435089,0.8896063701632666,0.6956603037992559,0.8587533159620504,0
0.886984780254236,0.07367852982927492,0.48912396662043833,0.7979549833955019,0.19817129218627066,0.16863927608887216,0.6256444539558708,0.2922125508572696,0.5291289665082671,0.5746709075303829,1
0.9853204718983282,2.0964014424594057,0.4523627684104387,1.2227215387498784,1.0006888454892362,0.9702007304082337,1.4896547595670482,0.8635539080868543,-0.34886919827171203,0.5318484362110293,2
0.9597260206436835,0.5252459385232032,0.7677837848092623,0.5284950781987569,0.9152187401444557,0.4522748077976542,0.431691313521521,0.685461694344895,0.4247862094416846,0.5035894361670478,0
0.7658877693257852,0.44141377074888755,0.6147995536771422,0.9720239615403644,0.85743935366788,0.4581223929321123,0.6582707026778379,0.6572182283050325,0.6013226666682905,0.7974344447429836,0
1.1271617399804996,0.4682193248334548,0.06436479937838213,-0.25848779157389057,0.7500043463097812,0.7464276325849866,0.7664039268655266,0.4096077193176842,0.48711582031136585,0.7113015169248305,3
0.5681152756881755,0.09230244394154698,-0.11583851123759817,-0.13639186257004882,-0.2679351327964853,-0.6292992257937323,0.6791436574518839,-0.3060375353268574,-0.12669947788934532,-0.30291771027039716,2
0.32351280951991884,0.19096760032691146,0.04656496068282082,0.3812138844108123,0.21808094225796856,0.2258050113740121,0.3939199722931119,0.38449943578583107,0.6498758027411423,0.1741478694075232,2
0.3105395719921406,0.972605133439068,0.4078703431037166,0.39935163587362255,0.1667489517426559,0.6240027722037391,0.368057411365813,0.554372794485346,0.28340465610796767,0.5669056432392813,2
0.10899361711276903,0.9190189116053393,-0.021984000545044385,0.6482891814802633,0.36654791393731234,0.6889575869639407,0.674326048637018,0.6794050995276336,0.33147709769518635,0.502219083579795,1
0.609824842304359,0.16849839478965042,0.6310764567783129,0.943338236524654,0.6076618660492529,0.5969165890455882,0.8765802020595368,0.7213645159132931,0.8106347449766033,0.7902179697331839,0
0.5002515666586999,0.45367385284635287,0.450670439429096,0.0002333787066979287,1.203549506068787,0.42426578873776555,0.42000261197751043,0.6863468728438912,0.41108859969105405,0.3106832666678086,0
0.3093911716921156,0.96835301193695,0.4120142437169657,0.4047943438966426,0.16573836958018878,0.6242244841685569,0.36979926329103047,0.5570636847773953,0.288242197775972,0.5682517793368493,2
0.08026931528270094,0.14238568655999448,0.6969761708996653,0.6681606335543931,0.26239623068773144,0.49416972498565653,0.5262856426493667,0.30435310611895994,0.5309418526524026,0.3790147754735303,0
0.6203765249653037,0.6637242216490774,0.21957191956186825,-0.04061019558515763,0.640547434831241,0.3968233964878651,0.6739322402952218,0.8111207566800317,0.7785689534827319,0.9796339239099634,1
0.8915444153325536,0.8628388766656909,0.5387987501996917,0.4224782157261631,0.4129222647132441,1.031114946873505,-0.0879919900465852,0.8031872958202533,0.3813045722389358,0.6317429530575958,0
0.032764071208802745,0.8247387059126015,0.42161371952909166,0.282403163882283,0.6633983988958594,0.21011680752196815,0.5988524884475348,0.26122677808940914,0.7329071258336184,0.31048447341166535,1
0.6200829702101496,0.7823637606635241,0.34644278250998845,0.1168478019071892,0.8879610660418206,0.4770051363687573,0.9211156567503047,0.7367355838812198,0.6867716657868973,0.6953514044394223,1
0.4482724015662098,0.6685600757225384,0.6766519762212297,0.6697984876008339,0.8550568251915386,0.5215362395983405,0.6211422486995893,0.9288156111358047,0.87442426291513,0.6906447587163005,1
0.07718854332609683,0.8854402611971062,0.9436407357032714,0.22520768485265177,0.7039464190199523,0.17338509219964107,0.43013908736212825,0.12196760230397483,0.8938365213464962,0.08562441713052103,1
0.5104393767737987,0.8822239127488047,0.36198999571652796,0.9157261581181856,0.9098587690691892,0.6433197289516863,0.98463756643697,0.9542272754886277,0.49671905291272694,0.6553147632857663,2
0.8287161478113366,0.7961016416121834,0.731210796512202,0.06176654203476361,0.9103279481719243,0.09353563939493226,0.1465719284083249,0.2633979872706577,0.8234971403525757,0.9797131605259048,3
0.9014665637766989,0.2595076341863268,0.22699404298766424,0.8594813982617762,0.15963015988130763,0.49664829685400486,0.7903008343938268,0.7684491880251569,0.7812702810014374,0.5567690211074934,1
0.7617946963395972,0.4409980993104933,0.9383915827369653,0.499748608484113,1.098509798108263,0.32180345709060576,0.9441927700450004,0.1944860599930059,0.8100089459197222,0.27131255665703813,3
-0.028160317529535267,-0.0498903907698664,0.057895901250007153,0.1543829214535451,0.39446006694511315,0.7141526884058693,0.8816984789062448,0.7021427400953264,0.45399405652966995,0.7584355932046012,0
1.0833726722814845,0.3798822577085673,0.20623369276402886,0.09666401380468614,-0.06887005595791165,1.0404190287034942,0.6250147631404976,0.35819564284768307,0.4730751232016046,0.6222671991447938,0
0.4002196065677243,0.4831051557922681,0.1602706225676992,0.32273959733420116,0.8020662650400731,0.4889439937795985,0.33463527841744495,0.0962748371644119,0.9345226032141651,0.05034495746912282,0
0.9049677477819784,0.27023937863029,0.019685634261590243,0.26083136436660886,0.10102508756126055,0.8191881770446698,0.36073344563816373,0.5969123747389905,0.3126821941707645,0.7323663201978395,0
0.02481382841343472,0.9140660991534064,0.9543699407971622,0.2258832012876614,0.7084060849955068,0.13667529070605594,0.4629795733693961,0.09327792493897505,0.917146355324096,0.1535181422314124,1
0.11945191965643247,0.9934361982697644,0.8926581216234146,0.11398697860897927,0.7064096850553896,0.24258776192069512,0.35509250731361064,-0.00406178396287081,0.9135689240990261,0.17481270546126898,1
0.08757503263755485,0.8851834542282608,0.4550328252290586,0.2957036415845863,0.702190859838448,0.2836487618026051,0.6490839240346647,0.16899499661156558,0.8000027220934645,0.24967405335693757,1
0.8091995268084186,0.17739665941110386,0.5705776951817401,0.2460512040575926,-0.07529971372405603,0.7645800084323876,0.47547868140092603,0.6177404358973541,0.09186571737520878,0.7802939266545167,2
0.6158523352764086,0.5016081090766017,0.6711753321159176,0.22990209871035172,0.584937141729432,0.6352639834613102,0.3186431235428282,0.800253948887762,0.7872478331430912,0.36156855570484153,2
0.398521718418385,0.04037292587999506,0.054929450825533764,0.16737234323795785,0.4156443713861188,0.07406155065790002,0.4895603106627651,0.41987300179495396,0.5909811449143036,0.2495855066685427,2
1.0882347670500898,0.5608425618039353,0.7853815772999597,0.4571720600721483,1.0006321707982053,0.319391484928574,0.3763752103551431,0.6093556350942007,0.46720905953948866,0.6102595344770765,0
0.09333965120992899,0.8342176311419317,-0.012103621077516113,0.5162952744120821,-0.6245784755011508,-0.1276505405058626,-0.24416136403021338,0.5704593212817667,1.5787487773315858,0.8475122658282315,0
0.3077186974419467,0.3409070099516473,0.07761651072911982,0.4988454824846553,0.5810509674727264,0.5520494925545772,0.49086862503748335,0.2647522082025343,0.7753899687001141,0.18545889802031207,0
0.9986777509169348,0.527528837082714,0.7294454068223244,0.5309827733507273,0.8945555124382062,0.3761697096769322,0.3599900404913573,0.6239553407703388,0.4010599325845055,0.5703828588766696,0
0.18836960510542972,0.011835578731679688,0.27583885269593145,0.35147017950807247,0.7929168292040337,0.5402775461761672,0.6359718161878003,0.8440945293098545,0.726732109371435,0.5498913615294952,0
0.849652223282844,0.2432374852614192,0.1884737589223064,-0.14504336891934622,-0.25823796122150156,0.0728206970461901,0.3175322435597761,0.26986009886851425,-0.521241119252444,0.3327957508210518,2
0.9530546949804723,0.5943551496659282,0.2041076349973363,0.4378848135038819,0.23944800013803738,0.417273111756695,0.8534878692711981,0.7507169597594141,0.21449294304547295,0.5429679537038701,1
-0.048209968558554694,1.0612739211209756,0.9594046350807316,0.40544166164668266,1.1086652781903306,0.6080098345805393,0.23703251562595667,0.8830268705588122,0.18263707052872813,0.4655522876232322,0
0.3078543231868012,0.972436969186156,0.4093795230734645,0.40319554531325,0.16782122359726442,0.6208553964569484,0.37036103560327627,0.5591778612316757,0.2891258059055928,0.5661595820208603,2
0.2474052507371753,0.19179310684745687,0.23508536645946446,0.24133201574783247,0.8860779203375394,0.4261101411881441,0.7850533909818009,1.1604845393074705,0.5350595308721883,0.808117527558299,0
0.6207426684127791,0.5025212941395508,0.6477075664007926,0.23477877755519455,0.5528812760316865,0.6478405303530652,0.3444823385438634,0.7608025717375492,0.8055638160032962,0.36669216650147246,2
0.7067033028303457,0.3301330762418867,0.7856243389796947,0.17637129589725858,0.8373215375286472,1.0856935264207621,1.4069629123566434,1.208992401957335,0.736078542304404,0.5828207772084738,3
0.30852937162598637,0.9763591170329158,0.41098395393842935,0.3966277072616491,0.16163459212263973,0.6178998345276271,0.3701622439262603,0.556143869242706,0.2903655407690279,0.5699542280926778,2
0.5924777341601398,0.6103109571659646,0.09283297246101874,0.2778827979708355,0.643429767617371,0.7927847559095944,0.5619524469167048,0.8659545455230626,0.6091342109892439,0.5678769237928707,1
0.06838570675824648,0.4993891422468144,0.5399060077049516,0.7125922345906314,1.07454774914785,0.27325628810164154,0.7354158738388701,0.06307361759260592,0.7287480829129177,0.9017900125069992,1
0.8060713315469539,0.6626974862123483,0.5371782192057136,0.21332147438451032,0.150051133140148,0.7395478766060501,0.3217476572621345,0.8146375228926327,0.21528538432236144,0.6683229994924104,0
0.8280349056971741,-0.20304329812100919,0.4606061260761647,0.5195749580511553,1.1258037530808296,0.6475925837662766,1.3865069886468675,0.03493982601134165,-0.10752741896198681,0.0232476671730098,3
0.8911840967032226,0.19882898937131693,0.17280110314667377,0.6160438567186916,0.467743789997642,0.42992731648257365,0.6697631059818538,0.8418308469659203,0.9223315132095863,0.23368109338571297,2
0.5872608863552313,0.7389392598223055,0.3862503756298821,0.10823794964410818,0.902691657456572,0.45146321903414427,0.8606636279951413,0.7538558797310297,0.7020637157712367,0.6751217562833892,1
0.2350454168125649,1.172441359626395,0.261899033754704,0.9619297635060494,0.793876735857314,0.39000441305973454,1.0070876868767973,0.5671084359937366,0.3803171149716929,0.3073129822628202,2
0.5613730391546428,0.39052370766663136,0.8070238302375524,0.6272195808987334,1.0179158422752566,0.28667995392161383,0.7784671789882532,0.3603601136751862,0.9085837992649185,-0.016629346562634567,3
1.3229013701870875,0.9352692674893368,0.23196379095445313,0.6097418853806074,0.7749329722058593,0.10909816284490617,0.9583674083010877,0.6272767158563038,1.357975423114993,1.0487013035197796,0
1.0237188550286975,0.3138911687663686,-0.21853839796352842,0.9631582998289255,0.06753525965586021,0.5009343135885326,0.2983085588458259,0.49645460048899964,0.9579780823925713,-0.26712844004136593,1
0.991030796026632,0.9600528615129112,0.4698999540412904,0.6170921413166952,0.8486483949803415,0.6812458715914802,0.3409432811095792,0.22933825091514753,0.338806866716921,0.4972442926594354,3
1.001348731578862,0.3453611976327197,0.4512584759053949,0.6582297751698363,0.016238117770454377,0.40443625220917284,0.5877952917799878,0.3403967507178959,0.3269266118255188,0.5884421194309383,1
0.7544558316987305,-0.10032414960657174,0.87797189133164,0.05093483518173349,1.2864805257337797,0.8614842942345835,0.7961996935238655,1.030222456430315,0.6273675281705401,0.7509242771162727,3
0.24011296072625718,0.04914084384521624,0.6406567706797226,0.2401946923201621,0.3053776589291566,0.9187879828714743,0.11575820222753015,0.9223383674992413,0.1972647922484536,0.552180612845298,3
0.7362050205779024,0.8178751542556715,0.6253905533256523,0.6003701939562499,0.848008255263444,1.1029172422401325,0.4857817534598444,0.15076240812408553,0.11747891326908512,0.49575031292921834,2
0.6498003633785381,0.4438088910706634,0.9113380119247122,0.501818720652385,0.9943751616493146,0.4863534689160215,0.9567741690706748,0.3225616554486559,0.8828290730886902,0.20686507072878568,3
-0.001508297807443583,0.35953001160725173,0.5115076137510928,0.6556391170857618,0.9860202013571291,0.26832208670273344,0.6339396059488537,-0.0029545696748931143,0.6595216945207664,0.8475161176025875,1
0.22481351509743833,0.005984701210721179,0.5903046575115316,0.24060639764592623,0.3272603341458903,0.9067999002077952,0.0987791165693427,0.9751060208561244,0.23304309308850849,0.4526160055615792,3
1.0116963307986382,0.5291572055533508,0.7222288164002562,0.5392246425303145,0.8920748973017429,0.3713877426206697,0.36022275878682847,0.6152392635261317,0.39368367250039554,0.5714767621811333,0
1.0086664276171624,0.3622881514188775,0.4466232271193464,0.8523017840144027,0.06804650850418907,0.26038900451380226,0.8831828830827559,0.5041169950071637,0.5867410418422974,0.3713715057550034,1
-0.16499698911754918,0.8567058636259633,0.7973496156997004,1.3481795751101224,-0.12683882968683677,1.1616989425028559,1.1861986474492203,1.1679977998219857,0.8753361761196314,1.4476308817259556,0
0.9562223509768781,0.9540539420702194,0.6685418957705114,0.14649277280221618,0.8267559677618448,0.07009338109845674,0.19249908201192395,0.3808485541051027,0.6683199399028705,0.7873143409866392,3
0.7363605067551153,0.05950434113315027,0.4945374501166433,0.6510808496577472,0.7012949198895977,0.47395037494952835,0.44040869465927335,0.37352951019882663,0.010156051525664374,0.8573458272247176,0
0.6429905310042067,0.29531223005470086,0.574226437089228,-0.012847288589377656,1.0197907980888459,0.7567463294585739,1.0603170664619317,0.04755335638590509,0.4910178406395275,0.27729496727086567,3
0.3989684929656251,0.6768354950330492,0.709675295616397,0.6518997530489428,0.9006856405950423,0.5149729999042142,0.6710921641148312,0.935144209180735,0.8278136663897382,0.756034325808406,1
0.4219259606714191,0.18042253761106017,-0.058887786577203755,0.416979527243591,0.4396668513181827,0.531250318619696,0.34789217900701785,0.1267525558995703,0.9699183062476621,0.4269994816642253,0
0.4792219618687139,0.6196948666069403,0.23430589682304132,0.3961350314867276,0.9417199341979352,0.06101407364386821,-0.05265526494478631,0.26950089398227517,0.22952645860965223,0.17127922071811177,0
0.28933505948480753,0.5277883329649399,0.12104044046984185,0.4420541655156614,0.951267750481294,0.1915528299301883,-0.014835334783340738,0.4750059728814613,0.2467032814265815,0.21131085532461757,0
0.6785860034876963,0.5183074089512005,0.793618466897422,0.2668609061388495,1.2017931906895223,0.7250306768889678,1.2109785681632026,0.13425521546507324,1.048633246538219,0.03691483170051377,3
0.8727184541132293,0.05920052506698338,0.3570389719835232,0.0988515291830992,0.8252992411583808,0.6268818936627871,0.9831229303509358,0.07620699689156979,0.20334018646058194,0.43456839470592146,3
0.7357911842356806,0.5933706207243988,0.6260339924137844,0.23762449446745676,0.9235932535685345,0.16450702970492206,0.2698327819922234,0.15599489104834208,0.8703155574839989,0.9456879583129967,3
0.3895068896795517,0.09542083357990079,0.06118557244053649,0.13197202659915974,0.4716610291329691,0.01207578612397986,0.5537470185325948,0.45259552805470726,0.6016439602505727,0.266267099673516,2
0.40476812018350145,0.08264518548549482,-0.3092301386752625,1.5448078341778968,0.47210125867002806,0.8886872477414043,-0.06813563716456139,1.4086679004512292,1.2222288754846722,0.9530546810157563,1
0.5984336071759963,0.7665331803971771,0.030218003972210736,0.28889439265723516,0.6650884669872184,0.02792338669189845,-0.06880652783184246,0.4293566337234598,0.48445245914246965,-0.01204229206653748,0
0.01753276336109798,0.416581941602582,0.5825132129135785,0.6939403538581134,0.928581429935979,0.30566267545266085,0.6171576951406167,0.0028973719799356215,0.6425635866712623,0.9092533667885347,1
1.034438350891547,0.49702449482048006,0.4415528847786146,0.811839961591452,0.10557405673878774,0.09062494200333188,0.8958070832557297,0.5453108530200721,0.5229176732634938,0.30081662838969614,1
0.14571151505709085,-0.00886060274425815,0.8591465970813917,0.11549288366789923,1.1692802918848544,1.0015401056470339,1.0940556700588162,0.7842715386981811,0.9954980058245102,0.25993071242658816,3
0.6543017725989335,0.5206585305893169,0.8964016074171326,0.5060693376643832,1.0014766750455752,0.4737075104386513,0.9670876588709837,0.30716121546044817,0.9200491039042095,0.251268005377561,3
-0.1232852326120838,0.46541448688324155,0.6866943486196435,0.6112912771413891,0.5732822189232747,0.6937032585857685,0.5561639135015438,0.4436931190902694,0.423667333071547,0.2610097703602621,0
0.8161178919932245,0.7253523878688339,0.5038305431569124,0.19246549844426883,0.2663545981717808,0.6719256396497345,0.09986239749656697,0.9215132407333986,0.2560711637977255,0.5949267768224397,0
0.3508861172108386,0.6445104096676605,0.07760640089120763,0.9652302886012114,0.11083067264199256,0.8479046237229144,0.7968981149730157,0.6991281519735938,0.05837704600504995,0.24704974268781105,1
0.21248050993584255,0.16128250306778388,0.8119252171159034,0.6230939801040992,0.2055118495857054,0.3831030649154122,0.406773898861674,0.24611832134755057,0.49580383388682975,0.5044869342261172,0
0.3272810211068949,0.37153743369571257,0.0933352069805466,0.518531934707481,0.5570187303275452,0.6272093459302261,0.49443065719059487,0.312301442533223,0.8173148991954645,0.26635754035479187,0
0.3790397780810398,-0.3421719985678609,0.15778233903178257,-0.1451732165452722,0.21931159675135556,-0.35199263795457664,0.09213705240887432,0.36303764482230405,0.3408435743014437,0.6750131448812573,2
0.574469717178537,0.5447729290125831,0.6730727668508928,0.25255209267210293,0.6189837715480154,0.5899364046465958,0.3759525937929651,0.7846953839264768,0.7719691539230081,0.3668171913541316,2
0.0675149473765375,-0.017633778588154222,0.3787382520999471,0.35905675946946775,0.19434361540135459,0.6027301338126754,0.6224308735957713,0.31970729301739004,0.440562601962018,0.21909246148480063,2
0.9056845677351606,0.6499576139320363,0.7024709937099234,-0.08162751973535876,0.12718177348404566,1.0064213372770223,0.202293493720671,0.6942377916949154,0.5966731993396411,-0.06713098375648074,3
0.701948716554093,0.7472672905116533,1.145799533464546,0.8608034208994274,0.3400266303851939,0.5453954380668717,0.37358285135375074,0.20369328455008728,0.31863033139340047,-0.15252993594035447,2
0.822970836041929,-0.0049330965463164345,-0.05422390983971204,0.4873994957143399,0.07974995336190299,0.0007159865217852279,0.7360649907386626,0.10041649197780245,0.7375826678436203,0.07755464845918397,2
0.15402550624603722,0.08292364279254594,0.15802594562738592,0.2504947382940843,0.7277309704682444,0.41046296607541444,0.5532561879176042,0.9841680480189584,0.6213912447292015,0.6947417443623807,0
0.6302808547405189,0.4908273834739355,0.7267958646803552,0.1494505676345333,0.4700920757155851,0.7161399780281179,0.31132389065845545,0.8753542910326266,0.6765951512268171,0.44848187016818025,2
0.47926101861546494,0.3997525897058509,0.16141499725481798,0.26121999730831574,0.13345468632761642,0.7650141611103675,0.6872492850922668,0.966053973136321,0.10734648413180245,0.13680851927358378,3
0.8474308603837766,0.7986150669541658,0.7199198790418078,0.04904075738043255,0.9114486986463483,0.15836675542537715,0.16335659050885024,0.20500281861671657,0.7960843649243309,0.9838658167141409,3
0.3095032917658376,0.971540592392897,0.41185867041098695,0.4017621764077701,0.16645271251181668,0.6244957637315339,0.36966593159374456,0.5545027073941067,0.285231172242849,0.5690584505671684,2
0.9337083640502603,0.3179496296361777,0.08155197447318921,0.31147588781243907,0.11732202206605616,0.8902993169143052,0.4639682403556002,0.5115595796909151,0.36132906930944464,0.798243338162549,0
0.17534002207582078,0.5934123544420439,0.35265601716999434,0.4519536652252953,0.4110438376424072,0.4156962467234554,0.20158579907192334,0.7149454373061879,0.019129451465545233,0.4638570907558019,0
-0.10768455291938628,0.3559347736169288,-0.08096808893257837,-0.3687540321510211,0.644695706228439,0.14234537030514138,0.14740448123652253,1.1007079338899364,0.1603135691792084,0.5341376666467468,0
1.0385071676755753,0.8721771668185122,0.47904361178004373,0.7250120008966038,0.7425085418572364,0.6663035049157977,0.41671327773868705,0.2120900922798647,0.3247612604382114,0.541173235418036,3
0.9077497985612907,0.9015898473980414,-0.06294183321324912,0.7785639477848916,0.21997777150608983,0.974359157065572,0.4502702313462926,0.2562213336318949,0.7916970516408053,-0.08321162050202335,1
0.39786679963981875,0.2806243406983047,0.4269133773890071,0.7801886105935076,0.5416818521746063,0.5206144043412554,0.1788333729480365,0.782151498673812,0.8836516275710915,0.8197931750542955,3
0.028588487441253176,0.8886364426464403,0.9756044687915826,0.23986193876497974,0.6698830716735084,0.1802105720609996,0.4375836923689771,0.03588334146229925,0.8864703772978847,0.1128456646788868,1
0.7874830120967022,0.29725161450450305,0.6499736513057867,0.9506351625331375,0.3612533452609615,0.9299609614003223,0.8868865873177261,0.2351863117598023,0.741409617372656,0.0842862880160817,0
0.4939091548976703,0.8800880326223317,0.36011639153343006,0.93161652837853,0.904711394917502,0.6565563086883883,0.9906106080684843,0.932607729166714,0.5066798444594379,0.6453319549001102,2
0.061667847891009736,0.44664597554807905,0.5529150836265386,0.6947152347164688,0.933157452771619,0.314858403159573,0.6716483491515919,-0.00328303911995809,0.6078696053744246,0.8447938190240017,1
0.9367061799675216,0.9687073118688246,0.44130384284165586,0.6670525190200323,0.8189150341891195,0.7419698171263445,0.37877334372656923,0.1413240943869205,0.36261496574254665,0.536211994987333,3
0.18974148291142134,0.12315220235163765,0.3270228809379333,0.31623698250538546,0.7205539438681273,0.433377716249295,0.5335945173522557,0.9457758841539916,0.6009550991208338,0.4935871892191632,0
0.9558490945904676,0.6132687039151696,1.2638931585857263,-0.28786002085189843,-0.051468668437305604,0.7483523048787571,1.0919261845833854,0.5785396542395301,0.897580735866588,0.6636478927151318,2
0.912765184336785,0.8649013465823707,0.5494404145932607,0.05492217021424964,0.9195833269723219,0.44446620689241545,0.8653144386158141,0.7800829716847569,0.5224910364578148,0.7248554460675004,2
0.9674846895560689,0.9399453424537251,0.40902429802546514,0.653454686987636,0.8002422960145277,0.7228832529805329,0.4278793880442087,0.14032582696970577,0.3883477791099251,0.4858815226595504,3
0.9162572803847333,0.17564464143312827,0.1997560244768001,0.5937756667611199,0.5274875072419881,0.49854285022470046,0.69106957296641,0.8387486977581514,0.8990964837008251,0.1905039573645217,2
0.7869869248235751,-0.08189592365240247,0.4640931836666615,0.5018493768852932,0.4409724775635994,0.6916648510629301,0.9890378019733124,0.8155087465945803,-0.06030237813595782,0.42679954030515355,2
0.48398158963013804,1.0217019107284628,1.0758557401736968,0.5144974592631584,0.7130941300096163,1.6622948149810846,0.17507419541796077,1.2697475312991373,0.13022946347062825,1.173794911285946,0
0.0423233226786473,0.6972188925483742,0.3956426757680982,0.31859410143857025,0.24771178338549094,0.6125956360126663,0.40294991403809655,0.5598168424977313,-0.05146223491756326,0.5034986403632983,0
0.2608048714113621,0.4479377314745662,0.4100710286146557,0.6789661880275267,1.2689695307272255,0.34453931749037825,0.6322690975662267,0.19687718885343347,0.9124295943733305,0.7066798657514926,1
1.0236778550581063,0.31886940378272577,0.5129475035054121,0.856304109565403,0.06040470740217223,0.27913354741255825,0.8381363284184944,0.5354463089830619,0.5734660496409688,0.40210137580151645,1
0.6936186228170441,-0.24768538410035917,0.40169989611962076,0.8003236185628744,0.8044617928388185,0.7046174425814618,0.10114102381114304,0.5962435253441882,-0.10210451222669005,0.8565948584894495,0
0.6308400492251411,0.5501484813410611,0.7077728902691002,0.2375538369351975,0.5632129774603792,0.6439415946159467,0.37300636883992627,0.8186687643343267,0.7780837828607192,0.3536679050837776,2
0.5919634729140081,0.835279179254511,1.153656255331143,0.768990775042404,0.6444624371903177,0.30654533782448834,0.6002068255904511,0.7122918398425536,0.517109998919453,0.49883390360085744,3
0.18157911840423654,0.6482253017678604,0.577331806407184,0.14087704437791287,0.9250278029953413,0.4475627487589141,0.452990809451248,0.4721545991528182,0.252337192602951,0.17462776290160073,0
0.2546523607941993,0.8448470362237266,0.6094019389648949,0.8126605627523223,0.12240392071524887,0.9746290421092966,0.7266714628599156,0.8422474367596953,0.6960351862574395,0.8953763895964411,0
0.6209835051018311,0.4470303043394499,0.9064553196284144,0.4775975006627502,0.980894706310776,0.4564521482830867,0.9878131868080071,0.3455984026044556,0.8466478190577291,0.17621288001325713,3
0.23786700515184003,0.155270451934054,0.08603142218638272,0.9659257155376443,0.33769409952589546,0.3495765047000784,0.39540236216603325,0.5366104861109784,0.4449847456619653,0.21084557562563686,0
0.1150995978537282,0.89487353309082,0.43433529771372936,0.34876018794055674,0.6525666222421571,0.24947165683019554,0.646097704853231,0.20105861981961298,0.8239295866670852,0.3267178233948438,1
-0.19614290485239444,0.5383548174299648,1.071082099461528,0.8686517366320597,0.6144823932932947,1.5189555549153169,0.3680734612332995,1.1494378052193164,1.1859305855864037,0.3242436018768421,0
0.266069692240223,0.6452381263656798,0.5573347943666924,1.3436602428309485,-0.2046007246788863,1.583436004603589,0.6359660555095972,1.114558734988235,0.20311144315961915,1.3479154377458475,0
0.06330180236945349,0.8696666064068687,0.45482723643422057,0.3334152476904433,0.6781034828304808,0.24595920369573532,0.6397126594763165,0.21314079739123587,0.7808187894945301,0.2572597867201307,1
0.24060109295210855,0.7227414390094922,0.22367628227344094,0.6278036078389173,0.7877203580453095,0.06487661642468925,-0.16288701167926892,0.057908624098161554,0.24092562191206435,0.2627497459677215,0
0.20645916729742358,0.5232162759656664,0.2749191458632447,0.6387930233859105,0.25332110473755926,-0.037019869170031264,1.1606414578412236,0.5134001089270093,0.4726270215110573,0.29900725197936007,1
0.7752184573850024,0.23532812590945063,0.6574489140571507,0.7183998445204064,0.15437994399032867,0.34143848106992525,0.8526697484055775,0.3444444759563834,0.2891053362102337,0.4620650578665133,1
0.7670994106749357,0.7358844372715656,0.7445536820359449,0.0863389321549387,0.808091389167348,0.17231634115912442,0.19326038646962965,0.2833238476519645,0.9159185372119993,0.8737605291891382,3
1.5630168977034762,0.2137419091788561,0.5112343701499421,-0.21997840375677957,0.7965650170461338,0.3655607479205201,0.924460505415622,1.0534610236249913,0.7186491979268488,0.303838076757707,0
0.5522207075711802,0.14303836011366725,0.25409083006475247,0.11050845115567981,0.5012245976297431,0.5360959485659466,0.49566376815343444,0.9198656619461992,0.016530037167576977,0.12939655389331137,3
1.0111723874509673,0.3283703176897058,0.09067737197002006,0.3478781227180546,0.10952380022087417,0.8885428233506418,0.42735059927674474,0.5179822474474595,0.3887918635395453,0.7391399508241667,0
1.0766812260534824,0.6591699085462281,0.8017149783666243,0.6960640573202206,1.0502460691542075,0.7479628431060847,0.34357073228680624,0.5257898055084567,-0.09037934617245352,0.4845200517864869,2
1.381516762764678,0.13880164892072755,1.0918261969925824,1.1904684534532197,0.15393612782266008,-0.40630331409251974,-0.015384514497865098,0.28407497621188177,1.144866564378907,0.519147983695413,0
0.23588314040974162,0.7151196810490328,0.08862251470437747,0.8565576319133991,0.21812192474703757,0.5979071356727407,0.8240498806490478,0.6301318377432992,0.42818808110378026,0.313394269027026,1
0.8429911826352503,0.1470335011621058,0.4177428616367164,0.8773218801398065,0.7001357919644579,0.7157543397550062,0.6114897357032061,0.6199064047994627,0.812106975154744,0.8039850973751504,0
0.7842425158683746,0.6568711044531833,0.7384417920066491,0.4393077634275828,0.8258282952090825,0.938059650896047,0.4018863244514628,0.2631354894739085,0.2225568677272317,0.35671190789442825,2
0.8426711051328297,0.0858225973827552,0.4139264669293287,0.1666431283676768,0.7798112472091548,0.5730161475658136,0.9591014867084314,0.10286971677469244,0.2527085995705605,0.45250565234693,3
0.3091119808787652,0.9702548224825599,0.41144711585227384,0.4017552862116929,0.16627313574403974,0.6239189342178203,0.3721393293883892,0.5561559541004556,0.28480102513574285,0.5685799070736701,2
0.2990811261787272,0.572319706206528,0.8397259957814454,0.4450687521737733,1.4091589568601723,0.5091380043103051,-0.011576794509593258,0.32540705491301575,0.3168380559717236,0.19767023239602327,0
0.6996941856926759,0.7736742319829021,0.5651648719152074,0.2565699544657445,0.15555915407579624,0.6538447429743233,0.2814157889979245,0.7879348925199605,0.32101678897103364,0.6168409950987005,0
0.6082466124880938,0.6657058628445306,0.047951836126745584,0.544008281013507,0.11303971808844265,0.8024934767401808,0.693016903499182,0.27540245884464853,0.9300713454350753,0.07707342709365328,1
0.8935473024202067,-0.14949710757224483,0.9175382032595001,0.7981158067561824,-0.23785209007522634,0.7832165147449835,0.5206273630906215,0.2334779669968472,0.5406246809956836,0.6746663835478235,2
0.8587865990147687,0.8320232263991548,0.644449253990184,0.13272029731403384,0.8554202793469191,0.09988750276457686,0.1876559937079198,0.1640677280962386,0.824542229741046,1.013944498801923,3
0.47764461539134023,0.24623002674011707,0.45608333285285313,0.7413668137411372,0.5821088635425123,0.5619577108291008,0.16367356722438847,0.7742168337600995,0.7887634247737597,0.7606347838984318,3
0.23405816772014262,0.8153111980563849,0.5206784339109517,0.8305155609415245,0.05404407126654405,1.002681836646338,0.7016819021045037,0.8631339738231067,0.6589702064947481,0.8893647108766277,0
0.8268819512149806,0.6976230380080978,0.32109049629164305,0.27636219555912694,0.8292309034616144,0.6590571175296692,0.8508959925478224,0.6900948103004493,0.3539040855042858,0.8697204913494099,2
0.07712297988470662,0.9231577211128178,0.36988360992678015,0.2690365297541383,0.7132248574835456,0.26565406828292976,0.6549928085642992,0.2866314979259042,0.7070489652831005,0.28196889089645033,1
0.06111852796396397,0.09632940231281588,0.29929073714475257,0.2536209716910786,0.8215046646731992,0.5082296887796605,0.5712503155335213,0.8879770481229391,0.6830634046763889,0.5463697216683733,0
0.989243410645183,0.5159295468472282,0.7337808292220064,0.5178708857074596,0.8722014566095102,0.39733518988941174,0.34340976450238514,0.6163374489081194,0.4011133998848123,0.5628940004950218,0
-0.05636574627688368,0.21419338054924963,0.8108774896827957,0.7710778102799263,0.09769497002465607,0.4746301784531806,0.5684020356024514,0.4534404605266472,0.6994609330525646,0.4644928547137126,0
0.3098049547027408,0.9736571614047237,0.41194182131814605,0.4018294297603875,0.16292845510787232,0.620172274830286,0.36797071997236114,0.556490881850163,0.28952213092668516,0.568403401835379,2
0.3391256831703833,0.2393778254251816,0.21410772764666683,0.3547515814955188,0.7222738703617237,0.4390650144976668,0.4001253649723422,0.4408286032966158,0.7648896790066572,0.3089793735541343,0
0.2520878346441158,0.17191037097528739,0.08213213755959144,0.9794885660528541,0.35197722666106274,0.339877991901123,0.3855385478398786,0.5392123323922913,0.42541791094491627,0.21916113444124946,0
0.6091310756881618,0.0360970922361713,0.2625293076572265,0.14156567636839504,0.39600894886807714,0.8743216797805554,0.3414848829653223,0.7399938154927488,0.08066130705688593,0.14378271547511468,3
0.33680933005765873,0.7677200078032443,0.5272092837294918,0.18501688261444316,0.8035531227331554,0.3685033543616122,-0.20617583706332976,0.6735460677633129,1.2525652292422154,0.44121434022871925,3
0.48464326213103154,0.8707371070948766,0.3435544767729758,0.9421194833531211,0.9110127017077696,0.6461674745979067,0.9893083852033799,0.9428201154723485,0.511306336959427,0.6318033950316124,2
0.8004957735554098,0.8388304936149606,0.6453266072280953,0.08389066990734129,0.9739272425075773,0.2453297517769923,0.1397182656408097,0.13577417817449222,0.9184051192218985,1.0219062726179275,3
0.6995693307020655,0.38344731602611165,1.0131430297835546,0.6558130504067285,0.03580608663192092,0.5667149057201915,0.7403489378187761,0.5304127050966385,1.1818340214004657,0.45561180382651667,1
0.8444582661783858,0.708474518488885,0.739708466729517,0.019383743655286174,0.8098248832950957,0.12026630963130246,0.27037366769691534,0.31351455868371236,0.8637251712374451,0.9463759094652255,3
0.42540368094053443,0.32783941633439073,0.48227734661750987,0.10932528883869182,-0.044718437283324905,0.36258489572797165,0.7835158453583816,1.0437286001240669,0.79105560570101,0.2633333892686472,0
0.41826388058767344,0.6414535902759885,0.10741969446266166,0.19967779321862048,0.9822105509524927,0.19093473033543235,-0.11229872579285766,0.47696137754441337,0.3019332728825643,0.1350362256591337,0
0.2453463160201584,0.044822934064626625,0.7252919733994365,0.243373102288768,0.3570868971080275,0.9585080303661324,0.059416330928893375,0.8522742681690624,0.18727129452033497,0.5122014197369972,3
0.4585659784265179,0.6742437962943427,0.721597817069209,0.7045449823875229,0.8833509083064907,0.5217275744703753,0.659051705443011,0.8760320938588476,0.8716464835436438,0.7263996824051381,1
-0.004343955144522904,0.869240207018952,0.3380460328130893,-0.11598048106240483,0.6903760263259721,0.2895023573496466,0.07163894376336179,0.1703542513780242,-0.0725448299857005,-0.2329260042089643,0
0.41873160788818536,1.0221090991269213,0.5801271062488306,0.7659792527129945,0.5318007615040451,0.08632788941897514,1.037021177115894,0.5500762587177505,0.4623152982456964,0.7576208273233173,1
0.28997769231148574,0.012631488105906124,0.19720607348265587,0.12354189373337054,0.7009899895163548,0.06095494616377502,0.671423907314387,0.5315132420642812,0.8853248116602019,0.545849665389283,2
0.2040160463641951,-0.1596310215930885,1.5126989716362507,1.0793209697646702,1.2238531779979078,0.7964172450197734,-0.03284736185664261,1.2517328731062398,0.7966808672439534,0.848139647050982,2
0.18835579794687324,0.6265274469478773,0.4119410206318368,0.4699054361214495,0.7990804492475624,0.7047040313214672,0.8027599681318864,0.5384927307025733,0.5787144654062875,0.2831844853172991,2
0.781116640417722,0.7582216004292877,0.4230100569805494,0.29401497981602615,0.25320987188684096,0.696628307450576,0.1740838034623781,0.8047517908536855,0.19766519133592106,0.7215559756143808,0
0.1007908361936479,0.12430094848657863,0.29151510362926386,0.27223680611967455,0.809764213234962,0.5085464899526216,0.5853635774953058,0.934252713687856,0.6498373392272309,0.5411570083419045,0
0.3748050845884056,0.3565775605053197,0.06190028390963186,0.47985338407446093,0.5667874837780533,0.5938923999388462,0.530482381827503,0.293094558689471,0.7545613568042004,0.24984572814701264,0
0.9869517590725889,0.4498839805309994,0.14488891458438258,0.5398257346584602,0.9348783873223274,0.7325238282377851,0.3070830507922695,0.35232983563699893,0.16367864410752425,0.7805558978562832,0
0.8464409892811497,0.10312529458189879,1.2877671231182417,-0.37644506723369,-0.5127243080328341,1.282926228922689,0.5685706247394617,0.015608768225100378,-0.8298444694105832,1.2306245331618415,1
0.4595769082915551,0.28855889454647665,0.4161770429041369,0.7030754383957702,0.6291977890547915,0.5615086395999427,0.1506315559423682,0.7981939838039278,0.844941327396321,0.7188816386906088,3
0.2675676068873138,0.02057562684714395,0.6162219060228301,0.2590804141674318,0.34513765208967573,0.882867571145957,0.14845444541783037,0.8479537291563637,0.13801412591630746,0.5456143648886316,3
0.025172692993555852,0.89937268529526,0.9757135843021254,0.25228512579683715,0.6825441433042745,0.14900158735816624,0.45351387447862224,0.07813834030062547,0.8867908703614168,0.12241507931858367,1
0.9257551313999106,0.5066998717582357,0.43566902882177067,0.9138637108194929,-0.08231460808295385,0.09933669724662764,1.0627293606938077,0.6667828237712872,0.4290900818773929,0.5547697441269889,1
0.677742000800522,0.7407551837687837,0.6728192304251571,-0.134796995291719,1.0631360991127967,0.14528930439488405,0.22168409592269117,0.13558012039602607,0.8823784095141486,0.768507667915799,3
0.41716549043361767,1.3151912598444522,0.10388035606203289,1.0364289909873279,0.28355216023603924,1.232589267892004,0.741425592923039,0.8867853947776256,0.12572066654986835,0.4221967632251486,2
0.6155106502266626,0.6597122295932217,0.1367985782155108,0.5912728967324226,-0.005891236616372742,0.8362578532141326,0.5732863034119734,0.2726145596896265,0.8476136664259392,0.07508929487096477,1
0.5009393022421131,0.4229934485062296,0.8812758006807191,0.406047667673946,0.9938600635343161,0.4084383790616395,0.9529659936030426,0.19799035571711474,0.965898429425078,0.31805442852411725,3
0.21993760808632554,0.4044026711520489,0.24326937237211274,0.36948383575697147,0.4270625158083395,0.7256209659396458,0.3874574924094152,0.40380059038962535,0.6631039032506445,0.22361122605427053,0
0.5783970395298363,0.3131150429137052,0.02125570625769363,0.08680069743683622,0.03009990730267162,0.6493581619388388,0.6570055332801779,1.161118684912263,0.47255159529389135,0.3944956822141855,3
0.24782119431088412,0.1601941818822158,0.09543374899915764,0.966827200314804,0.34895240504962305,0.3344850837303827,0.3977771720572764,0.5308094057482572,0.43290227848263724,0.21734153772099368,0
0.2604175803335019,0.04967310413081386,0.6653188106032752,0.2554756362922868,0.3148115107700392,0.9354269948962645,0.09783689072129198,0.9056199697505708,0.1917422591720366,0.5569014810563534,3
0.26764977304641435,0.06985776890928114,0.6923372296310523,0.2840753035047769,0.27989574002355255,0.8790981198230179,0.14748112253859474,0.8708601658476395,0.17144462270856725,0.48377417801576283,3
0.3661736290642833,0.5587561612730904,0.14632764939077492,0.3704804986036967,0.963767795116102,0.14040653429045696,0.06402020307611395,0.3481252445829407,0.3660335563498324,0.2275713692510876,0
0.40079761486222093,-0.0440881850583532,0.1366650781298524,0.2218129974624444,0.15510177462772423,-0.20533254006263274,0.3614898046640489,0.16472932106452087,0.525713216469268,0.2069855614886154,2
0.46738414099840253,0.9628188944121118,-0.37898635165753447,-0.5415090793486719,1.8671299201440148,-0.009975270168012113,0.42437999519508623,0.6815690747274534,0.9121024536779017,-0.0622775774987519,0
0.48402401498959097,0.03836460597580449,0.02901224348451921,0.13686361758324883,0.5095632004006841,0.1955232315677199,0.44690278306513775,0.4547195519667811,0.7203028668744619,0.1586006577820656,2
0.24997543509633235,0.15592284135596113,0.09296488986400886,0.9680958073011638,0.34724112022644155,0.3387854715810949,0.39364312006263835,0.5315909874310144,0.4339082305215559,0.21662960190455421,0
0.6025041147424823,0.5792571667554278,0.08061526598400687,-0.006090376553437915,1.2142745489833018,0.34977808695538914,0.7974109119660375,-0.14223029264834253,-0.4646656915344641,0.8297687317650784,0
0.7221073239692539,0.5679433383659023,0.6367276647435504,0.3669435554335952,0.968933193333624,0.8716350538844719,0.2953150758301934,0.3611092762418915,0.07022744970219283,0.2751454559298303,2
0.6481269200630905,0.4648072023187466,0.906311043516901,0.4790502348231176,0.9920432166057972,0.4628073899226749,0.9715488290340007,0.3433416119355943,0.8669655144216096,0.19525285559079414,3
-0.12616274394867205,0.30770441766828255,0.46640621269387045,0.4501213536712454,0.16233473861395475,0.8249873255937911,0.610936043435466,0.459364522585862,0.1378374403882341,0.6338344337947526,2
0.26982723237295847,0.333156116309692,0.11400844250879574,0.021445990091802092,0.6448957708607739,-0.22076768769548694,0.18837719134353637,0.4375881435017312,0.4390266236483747,-0.05153711111944409,2
0.45390698097851323,0.671808845559307,0.6784506005379,0.6776821486115668,0.8515467225279107,0.5244906281453684,0.6181841135763338,0.9195066623369643,0.8792102553166792,0.6968057920225948,1
0.3988612317734372,0.5489847922916472,0.18873533088459493,0.34684555253292915,0.9587011584847362,0.09121460509119589,-0.00497753804289764,0.40527422119464107,0.3168582936729238,0.18383568357490376,0
0.37856661723918156,0.3327027770002187,0.09535579530185109,0.49337623707516726,0.6043038419514934,0.608925294765311,0.5130209610196047,0.30374242179438987,0.7889910327253292,0.2605387491774235,0
0.12747380179765028,0.9450037916766668,0.9075729112142662,0.1399423304685541,0.5764528581658077,0.12357318479404165,0.515231993296678,0.1660415131797061,0.8209556780812064,0.0864278487340544,1
0.057096298575478655,1.112404505485559,0.7882108387561477,1.1429029762063827,0.23194146543684133,0.4316179377260813,0.5344453377122815,0.18723789733866986,0.5273817369191742,0.35394030302109053,1
0.412995219934285,0.13342861714684146,0.8365028576043153,0.03663372744164686,0.9531971600496795,0.7482743467630248,0.9816935200297061,0.9167175798273919,0.8577799754701112,0.37119012862214473,3
0.7467685311128098,0.9046249044585635,0.616305653693655,0.210691594918342,0.32322315711342753,0.6676778628561852,1.5854801608952331,0.4992590950856218,0.3468518414265578,0.7913934936400895,0
0.654831410066775,0.8333025814841002,0.900329299780197,0.4164195673173122,0.7733553860698911,0.08821892653728669,0.316771192317274,0.6813032810673265,0.39571594113187236,1.0573937379420002,3
0.3433657748893275,0.37988621185307503,0.05347235773532688,0.472564350484484,0.5777771232069239,0.5730670263812825,0.5295022954431488,0.3132869542700014,0.7563996044667061,0.24408351513476417,0
0.8888061966342827,0.4451170552805618,0.08921864057997121,0.43555471441349314,0.305007540298758,0.927068445677869,0.52356842649213,0.6260384256194509,0.5212594174239358,0.9292237824569278,0
0.26804976360186555,0.04848829225154164,0.6787751167023298,0.2586719328929657,0.3221064471648891,0.9390440366841862,0.0805837666600468,0.8983095056734228,0.18771205053519888,0.5458414906608613,3
0.3834151996008959,0.30711469182142076,0.06625968162455108,0.4757189254694049,0.6302379210757438,0.6158151355433262,0.503618181689128,0.34368147700497576,0.7394904056949932,0.21887149064465833,0
0.7779753467585453,0.26429522566823405,0.6521638841266167,0.9186001571223389,0.34397256568899454,0.8976629099797194,0.8571083484337231,0.2576788108909793,0.7557142260527119,0.09827922406218213,0
1.0187867806913886,0.5770511452592244,0.6835629321058292,0.49014161518645494,0.9124842161033841,0.350813022043042,0.297349141603069,0.6028096405889743,0.3423123324898111,0.5240600024004987,0
0.3870254970799003,0.005131885686600446,0.8094403078659955,0.2435106804955723,0.32313360113406275,0.9412070921383939,-0.042121834411111975,0.9549621585008901,0.19345766094566627,0.7018688403239848,3
0.9011450146221848,0.11878005317607913,0.15789651364919882,0.5954884375997729,0.5336468969933722,0.4855787090831164,0.7471388528511216,0.8588996632369527,0.8421257773852237,0.19842066759946236,2
0.0736427778474452,0.8718213187910634,0.43862620385158474,0.28674728723030607,0.7296273294853449,0.2526397714427756,0.6267471266230005,0.20202958425967593,0.7335812514554394,0.30460320519245754,1
0.25614124839487573,0.15328421338988962,0.08809427392273779,0.9748533811587472,0.3498860941119193,0.3409560677458073,0.3911199647515643,0.5297657983286499,0.44151409309983286,0.20836693965325542,0
0.8940660210858927,0.5169105946781296,0.9020494481953157,0.6779810857682743,0.5297171112496237,1.1100029430310416,0.5892026514934291,0.609807179507325,0.12434667279694028,0.7470709111916805,2
0.24210237877647556,0.38541087578547306,-0.040706154355714536,0.26970364903579586,0.8102790122132801,0.17410896268770587,0.18255802441898117,0.23705158247585406,0.2833091426413694,0.20215714434877294,0
0.3752493456819411,0.334471533361019,-0.1384228016547146,1.0184287863367583,0.27465319570775737,0.477844003725235,0.9871052714379397,0.2432863687477937,1.0418473851050432,-0.2104865544182734,1
0.9762833121899319,0.6484252263753245,0.48649280974940246,0.1986885742963556,0.9132626842805798,0.5361070076438317,0.7332072803436014,0.5578791064965012,0.46612691052410626,0.845664525226231,2
0.3077553289632195,0.9698044583683458,0.4127194602564172,0.40291220883348866,0.1647013109530569,0.623300971285713,0.37001910173977487,0.5583926467753418,0.28572083438466783,0.5704556350031261,2
0.24887351479958805,0.15426574942255947,0.0895213426656552,0.9708026425522345,0.34868825220854843,0.33862753423231956,0.39705507252706046,0.5267409578406419,0.4413383447189222,0.21907729681214078,0
0.9426247891906426,0.9790356082676586,0.4782340837928064,0.667359837655773,0.8461252920046697,0.6817035947639392,0.43125336524357544,0.07486316011452786,0.4482441507933722,0.5268447631847201,3
0.2763821495843424,0.603390058004232,0.496621448471698,0.8740733898080167,0.34767677964933025,0.36448816352422575,-0.17581462825156002,0.4435849282068982,0.8795398539259117,0.38817371809189083,3
1.1356236152604275,0.5176680313540215,0.5875401615766469,0.7885919215343431,-0.036542836815343274,0.3756703335369017,0.7370267214746908,0.31895008112334294,0.7995735036967901,0.5696566307387532,1
1.0415778816861954,0.43389450513617345,0.6612995438644165,0.8336287143360006,0.7723562353823539,0.18273098444919414,0.9799325584221062,0.6935617856263779,0.9637296690421496,0.7999712327428067,0
0.2694930696985126,0.4348610262174774,0.13140404081244417,0.3911057923013923,0.5167689258264597,0.5009797429859307,0.6276787249850306,0.3487247654828842,0.8819234017848805,0.34364777558224335,0
0.18441305945107006,0.6239860281387147,0.39034330714783333,0.41303602676021944,0.40327107988547367,0.4519316088358795,0.25468345314829477,0.7389781656694264,-0.007724610411247525,0.528019430176924,0
0.6210587849133758,0.5138642796316294,0.6625813828757001,0.25107327639296867,0.5672792525289462,0.6137176302224396,0.3332073663176618,0.7754846003146583,0.8112311212589904,0.35249832255711144,2
0.9409606078248466,0.39259539132198296,0.4535363959073758,0.7862446827998203,0.04081446360376182,0.22552461912818103,0.8010711105123839,0.4904198442681751,0.48561775706532806,0.3228187224194212,1
0.27800649622033313,0.538453239218101,0.2550425156403149,0.5759375009432874,0.7101708017984668,0.6555392479993805,1.0254695192366712,0.3144324324938468,0.2992987738521851,0.9563469236269624,1
0.14667422661322,0.22858475838220588,0.524428471146615,0.8498279720189716,0.7668848122275225,0.21129269761844482,0.5581664671568506,0.07783709504603509,0.4184746481275198,0.7019617434567438,1
0.8796363868077371,0.012805016475172487,0.6504061812803001,0.11053308723141891,0.8889964154446421,0.7353672742948096,0.7888349114192743,0.13318397336229115,0.1885025258751115,0.5196352122536946,3
0.6131856647264126,0.5110343098720633,0.691228050310897,0.23238139842615152,0.5822994533111394,0.6326721328621363,0.3402329926311022,0.7985848427442356,0.7901140811389118,0.38433019867052637,2
0.6597253939874225,0.4121310318566674,0.9391210531095832,0.45771813250280025,1.0308792845219834,0.4578172245878122,1.0132558837552337,0.3846272603756927,0.8763399650572401,0.19596022441268918,3
0.053564199873694776,0.36762012626992857,0.6204384424521024,0.6359985097594869,1.0537806326569257,0.33070767380262994,0.6268607493197697,-0.03443687324340934,0.6543807057869955,0.9564725664859433,1
0.2215016267626618,-0.13226919449446314,0.11691101887351443,0.10642148872365476,0.8805672837985037,0.27543775703157924,0.41869047620400796,0.7309806775803624,0.74129498420364,0.6396504540376927,0
0.5617604360452677,0.8891385854220866,0.45499929176186743,0.13056536223300766,1.0104027586254873,0.4194151348890468,0.8329468361931371,0.7625874737899812,0.5596584839640374,0.7851904533582277,1
0.5144060386242947,0.3264536077155439,0.24594276377250293,0.2510238553032525,0.24501923482837729,0.8264879400681084,0.5747945227233366,0.9034827377430239,0.3166872981216506,0.25094790704336506,3
0.11329154159686727,0.03811718312640734,0.4231889257639331,0.3824578856911321,0.17783628789594338,0.608869258026439,0.6145233803179051,0.3810859439092229,0.462730312722896,0.2565622485845519,2
0.6149440577895507,0.7872470256512485,0.4282994150834178,-0.033318494688702655,0.8082606971948023,0.3240014560210702,1.0229664771387221,0.7555108169678706,0.7275107786740564,0.829181303771066,1
0.76907455172874,0.7667939983409696,0.8499963104678695,0.15098310405942092,0.8067673113909759,0.22878830088132282,0.31699563866429525,0.3026196559991057,0.9201616810446815,1.0416200173341439,3
0.48775501400333887,0.7118158159421377,0.6958407476703753,0.6750323571137046,0.8215671970967526,0.5665834883439669,0.5922711637514434,0.8873735801735323,0.8799681931409425,0.7154934372141407,1
0.1451150509652507,0.9286728903089578,0.6028967951339528,0.9359891911012007,0.9553823405632436,0.397169619153667,0.7896666608152931,0.6951951502012206,0.2388892776117855,0.06375554755352039,2
0.37994525532497886,0.2809148486339824,0.1390123950869864,0.5793461227925887,0.6150237356917684,0.6041362689677304,0.47857909098796303,0.3375652390965348,0.8136932305666252,0.27419122174201127,0
0.31228827580238205,0.9719283414013387,0.407436789005116,0.4059216123760671,0.16077738869082064,0.6193494890222808,0.36942256257803624,0.5566594053448854,0.28182556991856855,0.5639750618522088,2
0.08383540604311508,0.032746519117523534,0.4055199755407708,0.4275801740716419,0.180242902904222,0.6049417999242938,0.602387763096787,0.41563820741203705,0.5024764682139287,0.2970011500771999,2
1.0097294257602678,0.43066355216090824,0.7707897029173775,0.6161587685152411,0.8381335792829777,0.3392002926293595,0.2827031513509618,0.576427018780374,0.4131750287877523,0.4452606268773257,0
0.2525592515784819,0.15627357392280866,0.09637505827865664,0.9721906165802757,0.3475429798687784,0.3343329097623298,0.3959118325222869,0.5274037399061384,0.437317390098765,0.21822290983405096,0
1.181476965644736,0.46080403909143997,0.14670900918986793,0.6244261721205528,0.416276608125574,0.26726001277260036,0.22541946119185785,1.087864214608317,0.9457195846341092,0.33327456091339247,2
0.42476592414121556,0.7694513387211397,-0.02205838005859385,0.7231579963824015,0.2022481659500611,1.3382851979883643,0.8308504012217108,1.366773636627451,-0.20501792835521726,0.8281799398295405,1
-0.8985321641918769,1.4319928832506086,0.5194225912787276,1.777328021890009,1.5978834950043923,0.81552374828371,-0.03849607454177961,0.9891994252544598,0.6322367542544707,0.11246463246453395,2
0.008328382526196776,0.4640703837537613,0.13504966041381247,0.6494772070613126,1.4278855298531825,0.25369568292228495,0.5027943228997853,0.7106059159296301,-0.024868210692530035,-0.08975416232819944,0
0.3111762295174775,0.9685413100842745,0.4099608754888518,0.3989754827905854,0.16669768790017317,0.6262029883060691,0.3700445818036979,0.5554582435790891,0.28800644307503426,0.5707477993515183,2
0.1047718143485298,0.11042526719463557,0.2907883201930246,0.2762504696263437,0.7770445324482818,0.4966933360666956,0.5575842653128855,0.927687153698885,0.6638257489467564,0.5715330673018395,0
0.27314984121957353,0.6144882900123155,0.1674218523922295,0.8712444598246085,0.8511499695979466,-0.2870791847210953,0.7303997033875742,0.4464714036364611,-0.11969691589261972,0.2580215806937689,0
0.0013953978626976005,0.8562152466625396,0.40592822554913216,0.26698279534343694,0.7378018129183254,0.2428855056640279,0.7049292510367318,0.17425486218189778,0.8092360437288044,0.27853715708759186,1
0.5654029719288807,0.5671193067674575,0.5353849874090949,0.3508089045171003,0.1085507277471532,0.7895142049688197,0.423384274105436,0.8874875368440354,0.12400410075437213,0.5922984458317189,0
0.9712606042195956,0.1380437634666767,0.7929685795676329,0.8543333395958637,0.7524722838103153,0.276675258159513,0.3921478457901146,0.43856801691287406,0.5415694577672527,0.5252554369595597,0
0.6958729720384101,0.7032427003176338,0.1949982432142203,0.6424389707085639,0.02130809186363752,0.9043957888051801,0.5751561629042506,0.31200696910694586,0.8849132040122363,0.024453023505817337,1
0.6847603346059468,0.7118273273653262,0.7984350959598326,0.4364996801413305,0.8830220291259936,0.9790778726789758,0.3328389131188888,0.33135386874917494,0.1617300598401714,0.38115337015694173,2
0.9945598204073552,0.5483242125435722,0.7538256357901759,0.5127345684206059,0.9254022248782753,0.35386550187966676,0.345059890691373,0.6086545374946976,0.37182347605591093,0.5770855817517302,0
0.899814649037368,0.6846572053864717,0.6660718643102943,0.9145751351600189,0.7019552212950598,0.45351137552383824,0.9785513498038702,0.5464629766557182,0.7413873152067996,1.0113712846014602,0
0.4030028645612378,0.6421827670134882,0.9548562283156588,0.9386523026349368,0.12043914453629667,0.993947922857576,0.38255338143628204,-0.23793216139818418,0.29575478718394793,0.4834878256570801,2
0.9202278779702011,0.4222748479051186,0.4281204337525999,0.946132382827548,-0.015574896051739534,0.325298138944533,0.7310441891409841,0.4177824979231368,0.38699590968758235,0.41238104887001464,1
0.3133319341718182,0.9662696935058236,0.4113056875369646,0.4006908025254821,0.1644481336149704,0.6215513269985017,0.3675539981244764,0.5539683529755153,0.2866797448584843,0.5676224664366043,2
0.39388784123626747,0.4371244821535397,0.23856153274592962,0.40371666203363094,0.43023829494003546,0.5329005566614281,0.35558611890036673,0.18548010039511917,0.8159082321639436,0.22130843655769344,0
0.48654846497335597,0.2397843245397861,0.3913841942158611,0.6820929463741067,0.5240688214648294,0.5842517722423528,0.2696067542758842,0.8035816907538625,0.8285926965189399,0.6619869542167431,3
0.8568599934766645,0.7920156555455163,0.7424351716956032,0.04624024837558471,0.876102479233263,0.12265774898832707,0.20235116141628073,0.25358541422664754,0.8217138156053573,0.9122947664910274,3
0.2593349749840696,0.1222560316252357,0.6215906175566749,0.1814007384258618,0.3138625670041634,0.8653918137851929,0.14986593839177204,0.843338396395813,0.16715888791507771,0.4897962855528482,3
0.7756400052619515,0.25406677815395784,0.4795161946583183,0.35308685130584816,0.2900709341955135,0.6568733684661042,0.4355994825214261,0.5824366589519882,0.2258274435045554,0.7738946800926152,2
0.10338564532672156,0.004922847592480863,0.4321399060621181,0.3883111803904843,0.19449962575549884,0.5978179665064588,0.6314031071722632,0.38414419170283687,0.47290202853279734,0.25539513022495874,2
0.7510841415412253,0.6584554657089694,0.7117059903792642,0.3860153651738488,0.8663364499746995,0.9755778462295774,0.4002872486060586,0.3549344236722703,0.2273766048189494,0.40786119467698967,2
0.19303054421595447,0.614664829275488,0.34688199306794676,0.4408622207054889,0.3805255551879264,0.4319852816219129,0.21162787172349157,0.6949180491450363,-0.013146706255059634,0.47077170512699973,0
0.8703522136896484,0.8439973395657785,0.7725782528424869,0.14272184202163837,0.7961930013714881,0.07020476011836121,0.273093039907191,0.2148702604989927,0.7516291853296724,0.8953805583923506,3
0.03450084422829499,0.9206256696814109,0.9441320101385436,0.28355343445348885,0.7242536443312871,0.16559536487870574,0.4544485096708364,0.05406911871064952,0.9243536828428031,0.11877725536145115,1
0.7646855296304701,0.7129900855237665,0.7562245385377843,0.4112041293844629,0.9572299679275528,0.9041279259129008,0.3018002037958157,0.3540042422857851,0.2930711728733857,0.49206870213672865,2
0.6033258639799087,0.8114819055068543,0.4163132001866137,0.08217133368250532,0.8639884564241773,0.4512406252907257,0.9386648357283937,0.7771266467174593,0.6744929805114733,0.7506152355232386,1
0.8830843704553798,0.130531938496978,0.42469316894696435,0.8798240611434345,0.7346257716463899,0.7632241962138331,0.602155619341034,0.6146531441470447,0.8192540508896008,0.8210704190277919,0
0.2802466574709511,0.3040006441651978,0.010156837055095083,0.49548509432331467,0.554486158905765,0.6073407644922265,0.7183256294430154,0.08458309099578074,0.8557938271416184,0.2192989027179545,0
1.5774348672693155,-0.43776898343703574,0.33825753493000793,0.20651788043614652,0.5186177610490863,0.38497540974778705,0.648570757495509,0.7138591296673794,1.544587847617457,0.2514201414248163,3
-0.012793514819460339,-0.015268415623783949,0.5175053702013577,0.6322965895308503,0.0040207200069593,0.5228111552069963,0.44331049466592154,0.10186012651290141,0.3560085507041752,0.2018811545968777,0
0.39080171258995783,0.5192916572352863,0.09112825511900971,0.31906262849975586,0.9912762170662539,0.13023979166909333,-0.01829892548880524,0.2846141862463317,0.2904211881298893,0.18162563349323194,0
0.6310152388422197,0.6880967282136192,0.06474523198668514,0.8648209868818514,0.3094862794342801,1.1323980514262193,0.6741110307500224,0.33874992961486605,1.128033298158456,-0.01074440127946509,1
0.3732170934004972,0.36120901020666196,0.03882630931013183,0.5290200035276806,0.5960404784040519,0.6199152700874476,0.5010667140608144,0.30665133465213607,0.7659240493208022,0.27243937041845145,0
0.9616673415160466,0.5019554524509015,0.7481558608871991,0.5599390217346479,0.8917019000625956,0.3915419599168675,0.3805769571930766,0.6331861230753115,0.39774984707332106,0.5406950089525764,0
1.09141728681763,0.5742317517299037,0.8342792723231054,0.5040272598570498,1.0250398148405169,0.4120619312581603,0.4412269012556727,0.5859559875217799,0.3237561580558542,0.5995784665873515,0
1.0336076086571873,0.9747317689085877,0.45943701629510697,0.6200980212519654,0.8961291279666311,0.6866135534076653,0.3925463402673193,0.126698355379519,0.5023502087969203,0.5058264382012707,3
0.2737917848815475,0.025045886758868114,0.6428928439532938,0.24110057183806227,0.30728183340443677,0.9617693498816325,0.10195726139171686,0.9073771760331556,0.19235445552950461,0.5729619075152762,3
0.4563710349940794,0.0052996937009768125,0.019272951607810833,0.1495048595561401,0.44647469820923075,0.09690977418316678,0.43619464823070503,0.4718597325783987,0.5899678356018241,0.21989305098926856,2
0.3460770830819957,0.3069134289223705,-0.020503471693396308,0.5380515134917809,0.5966687996780622,0.6285133956057368,0.49419008507722684,0.3160030684076397,0.6987023447541554,0.21298221332949493,0
0.09751232820808314,0.05699693073180704,0.2926094613685856,0.1099295102960706,-0.028980995811781637,0.49785271055831337,0.8226345521712046,0.6692555622224183,0.5138371561795232,0.6267519279380344,0
-0.0032126316987013057,1.0837684769656397,0.5205797879036745,0.8062046697072387,0.9184601061066059,0.42985853972866156,1.032145583913066,0.6667387249789607,0.42615449842817643,0.24403663386225322,2
0.15829022207156201,0.07449022945751191,0.3496837101821663,0.308868920190016,0.8982537578176816,0.4666045607527047,0.6815204241795019,1.0884770099656425,0.5795378011453591,0.6724620170082636,0
0.8180503015559847,0.04952858402985141,0.28186789511978955,0.06822551947900479,0.8673911399755863,0.6740743439218149,0.9827128852045485,0.1193222418794224,0.24901953893436932,0.3509111673898941,3
0.4536025178931958,0.6811273441149276,0.664916527047693,0.662487100896778,0.8321857887535454,0.5383237836453952,0.6027960219513568,0.9182852893387448,0.8878080153908694,0.7030667025902022,1
0.049428942757896034,0.3983309783112876,0.4204128222141402,0.5305344683250608,1.1811916058346081,0.12686137119867955,0.5482078752935707,0.11221110797462026,0.5301689057323095,0.7650345154689869,1
0.693607814811121,0.4429870027430847,0.8466301125621736,0.47864192637983743,1.0020407957735074,0.4412808301759443,1.0428488028150893,0.2760778866812946,0.927830467407107,0.14737220148051527,3
-0.10176417032557186,0.8380385311250006,0.4107099273018093,0.29192395626211376,0.7368619602535401,0.10093688301421722,0.6661514794732984,0.31507037296518653,0.9374975359331883,0.26007205700167524,1
0.27019327109317354,0.054360843887410054,0.6790074210348808,0.2649992008141361,0.3243652095588691,0.9483773561633569,0.08608786050131878,0.8997427040716567,0.20308551667804253,0.5525867462466113,3
0.3106107831619147,0.9706449723767985,0.40928354090014046,0.40165196158603284,0.16451297354748648,0.6244494495202298,0.3692067825533762,0.5575735656597061,0.28636912756014143,0.5689961163858537,2
0.021215052029242953,0.9444377322762161,-0.12095489572551293,0.7187283153552307,1.1276251411564515,0.4242388418963139,0.23385734223988408,0.23943536546728644,0.5289506757775124,0.12033903851054419,0
0.032257893216861566,-0.27188877197754896,0.5901139325623906,-0.12498490620358405,-0.06367417367907366,0.528128615832771,0.4692390682669577,0.5705044624398623,0.9328258594078455,0.6707332353318782,0
0.6112115888024667,0.8185604899664006,0.4310319097767947,0.16920588148183247,0.9805865479679642,0.47992346683072623,0.9604596318935749,0.7094087741693168,0.76964633971881,0.7217513652978138,1
1.19471268874854,0.25791906228935535,0.2792348967506173,0.7482054700586827,1.374115598880385,-0.12687590274100607,0.17062763618888577,0.4727394951319329,1.500719127273277,0.29529049197535895,0
0.6406887882125182,0.6721779396098758,0.9003279320968279,0.5868029394628438,0.8453980808297461,0.8888979017864553,0.350920972182958,0.1590022685153033,0.30060092858767845,0.3457112638424455,2
0.5085750520009772,0.885462702750345,0.3473438051615623,0.9412278362065292,0.9044308377352839,0.6603509338052971,0.9874914159105658,0.9426069995488722,0.5024223154206424,0.6313885059778606,2
0.9333743804458137,0.2263399297631559,0.47292191059060856,0.04222492712624975,0.9381471660496777,0.6411810176960203,0.9786306790686542,-0.05678982284465736,0.20402378217915512,0.3913588188388516,3
0.07135877057442588,1.1465886772217178,0.2596449680705749,1.0647386141602022,0.8302456166885965,0.7503870146898624,0.9749885274954307,0.8109560130078761,0.167331841564609,0.2723673009354113,2
0.9346411429420436,-0.00013667959900484639,0.9032119439047047,0.7328118642965803,0.866317553442464,0.5876967475168287,0.06198475010650767,0.1776730852696027,0.3653992832775459,0.16505663968495965,0
0.15082081643085932,0.3253987269816735,0.6819591511327612,0.6490713394368076,0.8869927172413923,0.37381546496785945,0.6518526610628412,0.07112614707671283,0.5361859562000564,0.7821668107636737,1
0.3077472627208415,0.9422833229252049,0.6589125947538438,0.87418861505627,0.4789143039727633,0.07263175479104814,0.8742290936832188,0.4902590925967239,0.32267818374128115,0.6274074174561598,1
-0.038604668987563234,0.4476218856798378,0.5070477592901662,0.7598179401686813,0.8658582553134025,0.8844139203968872,0.8439062135033333,0.5382013935452999,0.6411935239214221,0.0777332620681841,2
1.0540299954482677,0.27697786681630243,0.9150942424385566,0.8212342987134986,0.6203231351480172,0.4684116030938744,0.5638599830477871,0.4272710310544249,0.4711492583070179,0.485770434018933,0
0.2492365356610323,0.15681686230672895,0.09215947932734335,0.9695403093025589,0.3477264969060046,0.33721105533674944,0.39533538193419204,0.5326943050453251,0.43491126640817046,0.21491659068474142,0
0.577583227082473,0.4671166854564581,0.6954059972964199,0.225156064331044,0.6352470525973585,0.5809846654677062,0.3880622311996897,0.7915195021402629,0.8155817280059433,0.2953235907160373,2
-0.45380328452059115,0.2992811958523418,1.3148999946340951,0.07017174980351915,-0.04166465630046709,0.9576141393439146,1.135413513203364,0.9679761422894699,0.7147436598019499,1.326288154540342,0
0.13008408712729652,0.4244364031965312,0.39681843395246175,0.2162998968179256,0.3858006893132325,0.9803694204297337,0.9732628467507243,0.5842882532501363,0.3079173641606246,0.6827446907038242,3
0.3042432250013609,0.011153958967856127,0.6423752819158476,0.2750481103472067,0.3270542245511526,0.9998596081303753,0.103107856447907,0.8908997465018902,0.23827123974328124,0.5003177477479237,3
0.03727452112170021,0.39022355477576626,0.5900616712575886,0.680779499261533,0.988648354036461,0.27361140786123506,0.6571940080189013,0.06821693469854637,0.6569900121814309,0.8646348827583639,1
0.7818219723336564,0.2922099215039866,-0.037046775739570215,0.3897645065947807,-0.14910276521529184,1.1584202180902838,0.8248898716913848,0.09538985739604164,0.49192128890818493,0.3346556390915012,1
0.19538836960471262,1.6470040815191695,1.426948535163648,-0.12906456760643648,1.4167602541347768,0.9332936812511767,0.33525340515230295,0.5876529368388492,-0.503567395655523,0.6446492628032032,2
0.6299160733455476,0.8915731967466198,0.9842384675149094,0.5712866558934017,1.0949914975123471,1.1965556318019681,0.2393392541683295,0.12441604056729455,0.22779133824792125,0.5293406198987733,2
0.4152032732693154,0.1720274532144951,0.8064730826308648,0.08158228178374344,1.0134129587173049,0.7401719024417939,1.0416755178610142,0.9181423969307348,0.8466694915892585,0.42860543695793446,3
0.8899196704626332,0.7632427481438072,0.7926952587714533,0.08292731570703835,0.9738749110310116,0.239056170912963,0.07969231758730821,0.2123843352477619,0.9451631573975819,0.8399540981005038,3
0.33067841396878156,0.6594175169613715,0.6189087219840441,0.9036392669014774,0.7882378097971849,0.3176636465207592,0.9436660531412503,0.7958731219796252,0.6101607533857222,0.1281835463006669,2
0.4763213005209366,0.2389738640779307,0.970730537390532,0.8057811680201871,1.631509759223534,0.3332665526089945,0.33315631227354114,0.47920703799844355,-0.24695242951344515,-0.37517439603985014,2
0.9774344129765327,0.35901969960854463,0.4566391994794491,0.8642407373491332,0.06386632504012509,0.24147123096232748,0.8720533673472749,0.5210235231563376,0.5766941901795754,0.3383038617865087,1
0.3720292471136667,0.35016783033075,0.08602372413108966,0.469274940352696,0.5860084035734928,0.5841709117279111,0.5264727051393702,0.2917920450912043,0.7738848295377596,0.26648369674991457,0
0.07124368992244762,0.13110336281945498,0.2572643566764801,0.27389877621735886,0.8194723868803522,0.5187199370932286,0.5491357590331891,0.9154628678823181,0.6669950177786043,0.5493815160628146,0
0.5105599685461607,-0.1989897461921673,-0.314795859623959,0.3425321331168525,0.33916634427924225,-0.319096200339415,0.17116556486132856,0.6874229047238031,0.8426192111642644,0.19547790494335923,2
0.30646083077193365,0.622993694256464,0.47761201423448985,0.9997078548203903,0.12382304303517294,1.0293913335901745,1.2052071425866027,0.8767954216282767,1.042650778657372,0.5897685097613807,0
0.6164415972708582,0.7029490906622307,0.39037623947328925,0.1725381383987334,0.9366313334339648,0.5293242541044437,0.8759431252563927,0.7179602622231481,0.7821774593217201,0.6438125017958994,1
0.7585363652631925,0.8805893575965367,0.49526041326310355,0.5381115305250426,0.5720507015978458,1.238154082064461,-0.07107976563773438,0.5678221779188827,0.03267379118901928,0.28027740635222076,2
0.07853236345001471,0.8999913894937271,0.45516659019875894,1.0041051928550164,-0.04095483839348721,0.9984190692996655,0.6217942119289874,0.7601378083630644,0.6302498145486823,1.0070111843548453,0
0.8477539017380956,0.6572578927953127,0.446647861348999,0.3804331776812249,0.8522266978217002,0.4676310290925505,0.6741723248407079,0.6643282705361144,0.17668862950099953,0.879975035820754,2
0.8844614596855296,0.12022756663080394,0.43305721753907334,0.8904598675332932,0.7268152239493378,0.7516094678092841,0.5606128664592661,0.6508794848845013,0.8180176660043019,0.8134555706906922,0
0.9162260406810281,0.1374598909131169,0.19223883990913052,0.5827331860879201,0.5008569588037286,0.456709858033548,0.7200351521411806,0.8362320793513124,0.8816538281837025,0.18039059713241595,2
0.991275346235704,0.39256268680969186,0.4068538344315975,0.874406542429216,0.0249245378374187,0.307252541817718,0.9281024068407797,0.524778932924213,0.5397760369534047,0.32795629120220177,1
0.11195407478989967,0.2737783930882789,0.1457831579220111,0.4491591137453471,0.9144925498803358,0.3299650131028361,0.5317001278688589,1.0828577326965967,0.8043321822750525,0.7346938285497558,0
0.9732012267096282,0.48041679748598987,0.13941778744634256,0.2895390821515157,-0.015407335317160431,0.8041095707229334,0.3648894336605367,0.5151046668725077,0.3087907085011878,0.6451598472052547,0
1.0046233176809614,-0.047692959259800716,0.3281609584975919,0.026442318162205672,0.7430477382990294,0.6164510695708041,0.8870056776982411,0.05497788049492517,0.207868543189349,0.38320615920493095,3
0.8407709497543675,0.7658444546247065,0.7415132883675043,0.0662258114993534,0.8912655381614225,0.14588084591132916,0.19007972268295778,0.22891135731092405,0.8263889652800879,0.9374041485663764,3
0.9964615724545274,0.39766026107054164,0.033541656114683835,0.5035703211283735,-0.1078759289570857,0.894556330777778,0.37603216898516206,0.4462133556832441,0.3437286675876243,0.5470527196984754,0
0.6844935857851668,-0.010373917483190838,0.7832068100169842,0.7284594934599357,0.9784245800974518,0.6884109189583407,0.5763640913195082,0.13654904198701204,0.20620078113153456,1.1418741117160085,0
0.05299071111176831,0.21973425425762844,0.6975756471086925,0.5896030102286233,0.32659224571491907,0.8507836224639255,0.5032432584249125,0.19647095937645978,0.33299708056478544,0.02950650805935534,0
0.21233968323597735,0.03783251943392482,0.6179448300690169,0.20481219329491954,0.3410346840541173,0.905801724304283,0.11769285522794401,0.9200603274207572,0.14444567954208953,0.5124490415711174,3
0.25769151244303795,0.334366238639369,0.18053719866885015,0.4673913402935931,0.6487146815354522,0.5771366246928124,0.39419865166222967,0.3257804778319846,0.790735385160069,0.15208824418571323,0
0.4881819686733866,0.8926623217827665,0.36675524624641653,0.924185410208099,0.9169622044003111,0.6587455502023752,1.0026235541217245,0.9280344293247307,0.4996963590500509,0.641944257455691,2
0.5903268672221459,0.5328485430577772,0.6867116706496493,0.22930203247446856,0.6114596739954408,0.6270201571277276,0.3340539144153945,0.7677224039751106,0.8041177378472755,0.3481335426048605,2
0.5232146397600856,0.22106573463036272,0.5034570641354872,0.8052057137930804,0.560417509413299,0.5561546603085769,0.24355245277222404,0.8150990027473373,0.7241775242990591,0.7724474769975957,3
0.22020612109555399,0.5071453724048823,0.2808427343037259,0.4153580407457728,0.49368891653157404,0.518567609833706,0.2531471751362085,0.7278144813927538,-0.06775146843893985,0.47132129239533155,0
0.8392862890135689,0.47234964660531176,0.7952747267734114,0.7529434369993974,0.9627203719434994,0.23221937034841633,0.7656566739004145,0.7700384870186294,0.7221473277911002,0.888007406222996,0
0.4224496819145159,0.43189399972046283,-0.017525951101837633,0.5842191726210059,0.5704351042795773,0.6641197115524873,0.46259702491288734,0.3573474215908669,0.7656051144948125,0.22372232931108435,0
0.11832901478312875,0.04585916898035567,0.4514209451384433,0.3949712087959915,0.1975477285262394,0.5960317022185225,0.609754998484688,0.3807382992924287,0.5112588630549217,0.22017480410270768,2
0.9724750753310427,0.945142237579453,0.4085523261549792,0.6772042024296413,0.7907407689087216,0.7112025852068605,0.4372645878568715,0.14106603393348613,0.40925242873029555,0.48420488836930387,3
0.6691160947033631,0.809075508321687,0.7635678180958098,0.27626437408097604,0.7113680292228841,1.078724143590914,0.5145209942178531,0.12226764320777242,0.31696662997865893,0.2710636139161981,2
0.8389895694178773,0.1056237261571239,0.22919696434291292,0.04845116607858717,0.8883099273746817,0.48641073516428424,1.0104806590214324,0.2307240223015122,0.3630380282379059,0.3462028577177025,3
0.7138787037254073,0.0565201722823795,0.5682463953427568,0.7408705317727585,0.6656763142232405,0.45349778771557936,0.3403282207989256,0.44772159191005734,-0.077741227012852,0.916993496691251,0
0.40034130378530186,0.40656008372547525,0.6901911428397848,0.942976810709348,0.9352794807125864,0.4812735843815105,0.4161974977038938,1.123534164457802,0.44151248520713066,1.0340494961882987,3
1.1800011467912583,0.09332815524263642,0.7183980758965601,0.6046162562585269,0.8681039695393913,0.2086947715592492,0.6698647821444728,0.3554111845889543,0.38080782416998926,0.6492684455709297,0
0.9979521974448652,0.888241155425711,0.8388185956830937,0.009684205405702188,0.7080640455620681,0.11537077501576921,0.1880398946669528,0.16670123313707597,0.7029192192378483,0.8668751624214247,3
0.05082091206842282,0.9711796305280043,0.759951590266272,0.8378764958066186,0.4463897621507366,1.1396167811122155,0.570231805392907,0.6764519601023014,0.6265012695890585,0.9977386105895576,0
0.8200468020273151,0.7994306667006817,0.7231202337939321,0.03869248612520083,0.8805154552587284,0.13838967608113886,0.18065252009470018,0.21190081849102943,0.8085821234780103,0.9316863525674933,3
0.041601555089111224,0.8950546319548905,0.48201029368074577,0.36787118173877176,0.6408718709688621,0.2112638030164748,0.6207384196855044,0.2558177788428566,0.8119220618422976,0.2960619613577691,1
0.36197364628412115,0.7659157988827004,0.2295080081486932,0.5155581086452982,0.5091222149754482,0.3155326315398345,0.09018970101944963,0.6753479928439512,0.15377282691709893,0.44220632224942963,0
0.5068971035822827,0.8045425557568021,0.35547068587021796,-0.005847872411806579,0.9924352521702214,0.4906264251089378,0.6763088862965245,0.8610341949280538,0.849545584019858,0.7964539808863605,1
0.33259519850813035,0.33409143751198556,-0.33298663679284285,0.5626711742090115,0.35101956926821304,1.2137456441410324,0.6700829793156908,-0.20707982822126725,1.2625147678445066,0.1411388276922121,1
1.4041303637315237,0.1426927729217665,0.7016424949209095,1.1259785835864884,0.5455555705261232,0.41504287100604903,0.7355835006033323,0.20668493929287865,0.3025111614185547,0.9066300177562218,0
0.30749843466934706,0.9727491355129969,0.40838124336508813,0.4015582672061739,0.16144524978776129,0.6202085034529339,0.3723102078743009,0.5555337167112014,0.2880338272382868,0.5697369667106895,2
-0.2605648803363368,0.6479750579956532,0.2699789935270801,1.1181094810529366,0.6092948326106686,0.5993088292331864,0.6522282862170846,0.415982914050942,0.09674111791591594,0.39042922020867465,2
1.314872290331176,0.8999154569207901,0.288973885409654,0.8837715034045468,0.45899275054069627,-0.09989327051910374,0.37826703270641127,1.0831366731615362,1.1991213977187845,0.925159016044728,0
0.2692476952757549,0.8120340916869914,0.5510716055478534,0.8655739806405184,0.06864438576710301,0.9535067998964355,0.7153465646518313,0.8862662774923,0.6851088737669,0.8506010183382299,0
0.3436006088716583,0.8747321986216151,0.7251888644864777,0.7392969076262839,0.19476194985551115,0.8429023221334666,0.6418840645743074,1.0775075648691004,0.9283326272669506,0.926684675596265,0
0.2524685380038154,0.6623412441849791,0.4282269601067502,0.40204026276714483,0.3101819676645716,0.4010781181174239,0.24710208961858562,0.5667044835630852,0.12949045286795102,0.3766194905836427,0
1.0210077880902282,0.6023922556500917,0.7078497144672329,0.6563180716974549,0.8845600706436207,0.320033306563832,0.8978429232387287,0.6127519249723554,0.91788625004492,0.8855850921850722,0
0.32360338370692016,0.024438233333938502,0.6296319974194898,0.2983184140879757,0.3741618711812541,0.9017365512030517,0.13424975169860903,0.9604652150483823,0.17723484965100364,0.6148017335065179,3
-0.020194232835078096,0.8568108047324747,-0.13315235575039844,0.7520901997602066,0.2829740204296935,0.7241336165834495,0.5314112185089159,0.6351262139905176,0.35586439066232073,0.4405599520052762,1
1.028036986341103,0.9165255310646955,1.2108614119938745,1.3510875327302192,1.2902363377888317,0.7503634573736504,0.7666216962246969,0.129365442708261,0.6043213530501037,1.2725015059807474,0
0.5046799936794142,0.6387033153214704,-0.175635702885709,0.3006337315269956,0.6356760203407347,0.44098413927821895,0.07870095385831674,0.3650178778079624,0.525826253260163,0.47241281083831466,0
1.0933991548160726,-0.08721410528328427,0.3659157325098856,0.22585876195514243,0.57458803418216,0.9338372486003752,1.335021278082053,-0.08800356493066575,0.5370937994603567,0.3964861961883947,3
1.0174456894003747,0.5148232215395252,0.7175098286563085,0.515059753695677,0.8779989468676096,0.3634670110109993,0.34878968700291363,0.6420719115237864,0.3900701286481396,0.5851754684799577,0
0.8613456067032639,0.6985992235419349,0.749448783781697,0.06514275019210239,0.8009365644423068,0.21321379992520545,0.14064090581193586,0.2005016915191413,0.8106522241435962,0.8329418662318657,3
0.5733813992686722,0.3251195536381661,0.22657787072636912,0.35671589514257074,0.6163451129455383,0.4114340403011219,0.16298968812991282,-0.03167232579869195,1.1484070669049324,0.12838906080173776,0
-0.0603532229555892,1.0010164925585503,0.5311601238397082,1.15056066935571,-0.25972950971634146,0.7482653329079048,1.0003372918089557,0.9762441280632967,0.3095426193277425,0.6067023680993759,0
-0.027679716069092614,-0.035881008213086485,0.41929602058525023,0.42292810325622526,0.715660613490255,0.3415834884179739,0.7324774854627338,0.8412677594169143,0.5148470978884485,0.6469489877727028,0
0.0008575585653084472,0.5599727320565024,0.35426310805403605,0.49554621645695174,0.6413182593795621,-0.03474519417263111,-0.37081498684096037,0.5574297042349421,0.8285869757559317,-0.17060378633755868,0
0.8946542942747564,1.3938616883693173,0.2507321290513398,0.9732656949093565,0.11538814443175416,-0.29160766856663634,1.9081332797209707,0.8110137087138992,0.3457167823424292,0.9690665004677412,2
1.09924938604219,-0.14114800553143203,0.605769059301917,0.18907178301500038,-0.04087929236121174,0.83396685815355,0.736197324432581,0.3695189387093196,0.03971394936189866,0.9523290893335076,2
0.8805194087241798,0.7413757147283462,0.8106012931084748,-0.001835231964809364,0.808981200291746,0.1682623985649957,0.23004477255855724,0.1786124998797739,0.8637930082892432,1.0100162060895317,3
0.9188224031229552,0.3075790045844185,0.393308089760856,0.776865943441039,0.08177794626704533,0.20740669388768157,0.7762878051402646,0.4241995888233394,0.6669402493249053,0.2846119011021534,1
0.6715490791330598,0.23647825477452528,0.8687954015639446,-0.09337526465886539,0.7165059412070123,0.8745505506927332,1.0640986314316334,1.0175999793360022,0.8548704911881239,-0.0744582950483122,3
0.4428018177130043,1.0153764797732676,-0.3829634526647957,1.1449092378991765,0.5534907963729447,0.6216255731977965,0.8055225201050992,0.4752237067205547,0.17150071773937722,0.7526218312122634,1
0.3123430654924283,0.9769567011664935,0.017529486310782594,0.5702717714305834,-0.04426888056373379,0.8788290770043308,0.7189612093935019,0.48133564762562814,0.8140107671252319,0.6842557398051136,1
0.11327111259434174,0.11608738774880045,0.2822592202185651,0.2561642129078495,0.8119202112572704,0.47386447203605975,0.5679691022336192,0.908985576195276,0.6805682316331619,0.5378726517238285,0
0.1373174799438046,0.8541894997483069,0.5022600598389823,0.32435198983278063,0.6977665457895089,0.3138709757866289,0.6730752589709434,0.21856590164364342,0.8284155409681014,0.1789295074437115,1
0.6360584921644327,0.5897689065877687,0.6254475244828399,0.32344419304985433,0.6429299947006003,0.5792490768968559,0.35872337528396614,0.8647118196873682,0.7265200261721322,0.380537745476122,2
-0.045005246463319035,0.8276624181478603,0.8918106057493099,0.2702021540439694,0.6243261997906424,0.2218682904279926,0.45442728978959773,0.13160363237588774,0.8717720379518221,0.15774568145074933,1
1.0455853470602317,0.5887131326204574,0.6532522569128301,0.5033068721931788,0.8799496585682778,0.3027704574794032,0.38978378385281354,0.6508215831209196,0.42467353703676175,0.6200554108619255,0
1.0485502962161037,0.9761248513197834,0.028336434367062513,-0.30375135834909717,-0.511645516646329,1.3187856456452374,-0.48772182871811887,0.8219959448354811,0.43729795370515007,0.30320912678972006,0
1.1710074707689153,0.6170922579610578,0.7983515611470666,0.7221493561400883,0.9483781419499315,0.13481734109778679,0.8933532665670354,0.5210359235553118,0.774980829672023,1.0967848030851426,0
0.3101509509143931,0.9700394802271032,0.40997049958072235,0.40291772462442166,0.1656998993726513,0.6243120756050549,0.36975742783906246,0.5564891852873295,0.28626408102038065,0.5688846644115396,2
0.2501123798956161,0.08745168671363002,0.6383267221720869,0.2492193532405145,0.339529185131741,0.9068042602962364,0.09304936897730308,0.8824904731990106,0.17637722629288788,0.5444420146057882,3
0.05091242870890679,0.18724048067163307,0.18986277486583247,0.2874142590506675,0.7335423115321208,0.5902628198619937,0.6546769070079492,0.8491209472526601,0.6361258412287494,0.6587410550237653,0
0.9811041626222601,0.4423269437240222,0.6477263789037175,0.6560683354131388,0.9037057080769704,0.3206868358959046,0.5059195183285083,0.7732070690523626,0.4440839185062493,0.6824251841770516,0
1.652878314471005,0.3062116183830319,0.8280174878061505,-0.05165649326334221,0.8488813450203962,-0.24048009308325102,-0.15494441053828256,0.7971872570819498,0.8930935648209468,0.6180002087552079,0
0.0471033023720694,0.0308980737565427,0.2989261329122619,0.4291139897694597,-0.08946911988650993,-0.11738417024607684,0.19752158879140996,0.4964280465803163,0.8902543698132774,0.725951562617656,0
0.00979427788684726,0.8304017976710927,0.5491656010369227,0.27279669872755163,0.6279094525986686,0.11113035214467293,0.6358010564727089,0.35596273448718785,0.7428622034842556,0.3505853912740512,1
0.49516157655819965,0.32429746758281514,0.059658738580843085,0.12038461186982843,1.1108990366780411,0.39412698499725696,0.6911552807277216,1.0213285107389267,0.0036573560164416263,0.6397893921725215,2
0.04705843840264689,0.4428466421474373,0.5704960441965992,0.7064297176467256,0.9229298310676791,0.24072511512888867,0.6379424453370479,-0.03808751220440784,0.7024967298316638,0.918168384743772,1
-0.2029996373504266,1.135753454763605,0.3731857938804788,0.6767554304562193,1.1349648627592026,0.43611100018560006,0.2030686047410027,1.1147215548257008,0.0894672003591982,-0.09757917207748996,0
0.8983974051620466,0.11061326611889842,0.192117113833155,0.1712216282920329,0.8069396370320764,0.7125823507298897,1.162750904504575,0.16291040786171435,0.4241988335592972,0.4706724806431512,3
0.702000627925087,0.45137511823777227,0.7123735533376799,0.9542007258257518,1.0404900758205078,0.5646734786189457,1.1218119113765126,0.6361803710868486,0.9908199439384056,0.9873949330142413,0
0.9365952843764493,0.44181772112853457,0.1637461407827527,0.21382067949783504,0.6751321665356032,0.3920939987216006,0.9143980112568891,0.9274018124490402,0.43952258942370614,1.1886392700737267,2
0.07008433008528903,0.23492434479933005,0.6999466861931771,0.6174287813944359,0.25636927014769606,0.5752753843592706,0.4029527925040839,0.39669803698127437,0.4264181284150508,0.43921408818425667,0
-0.06447589327321257,0.5538805254820612,0.14404661842896532,1.044379601915933,0.4502625012129111,0.9145218947670084,0.8197203152062482,0.4989916272982424,0.632189760468042,0.1441239340908072,2
0.32207117623273596,0.6253222372377187,0.7073250907073275,0.28161237524328986,1.003135094037017,0.5473397703060636,0.5310544644387781,0.49606613165307845,0.28218942009487846,-0.05029574602696633,0
0.9591989420080046,0.4780959992971505,0.7773500229222469,0.5050231910371338,0.9448903863533027,0.43136884469021913,0.4153993622246287,0.7306673261600872,0.5080735957415687,0.542996589296886,0
0.1658295443635806,0.7500758328072192,0.23019827755270697,0.3240176584139698,0.47235951622171757,0.49184753360625355,0.3599561189171561,0.7834868242851809,0.14647787094262577,0.45515487510290853,0
0.07218543918976994,0.8979298682584144,0.9078371842286485,0.30200583862323654,0.7145721556958332,0.20780415569948757,0.48231958322422147,-0.016564248035773554,0.8202822117803571,0.15485860487349878,1
0.5915862905689208,0.4398843294770895,0.7510719776073881,0.2331511126524294,0.537064243298352,0.6549115828594513,0.2673134984954766,0.8149155453722249,0.8813893436588695,0.3434661137812694,2
0.4438546536504048,0.21916965982755707,0.47055445641508087,0.7037235676010312,0.5746664191471182,0.5686426032332174,0.18967359517419405,0.77326766552699,0.8273701944298512,0.7550448084548298,3
0.3893403389057854,0.37898025811774533,0.049836411320857574,0.5036133616977273,0.5621843449245953,0.6222241103802137,0.5145605376874263,0.2754028332532523,0.8115984113366987,0.2611894304492362,0
0.9856324508015892,0.5290414520831204,0.7188737519748206,0.5363733528766033,0.894772630526401,0.3929055159315173,0.3435626898925157,0.636493327014438,0.3760953278943211,0.57726242997942,0
0.24494860373968114,0.49890714834582395,0.6713124322915924,1.3360285128707083,0.03279773602662861,0.9464412108847998,0.002751749898230599,0.31617667890500334,0.5843030627976398,0.3295744849177765,2
0.19509162758887705,0.14900530334294101,0.14837328126489632,-0.20880544775787707,0.7595149709538004,0.10349617653944886,0.8021759024415906,0.7895493606638372,0.9382678967078275,-0.16423086423827726,2
0.4304717662594673,0.7101219549034408,0.4523732033221039,0.7066438552653053,0.08509275786104525,0.4562800787045621,0.9700498483706554,1.19691405133621,0.5085783956461274,0.18580911345892054,1
0.030765082180235964,0.9207290950438696,0.9832517574202104,0.2252594955832186,0.6909071008148473,0.1297638686340786,0.4582481409462572,0.07712017737704399,0.9038051991454452,0.1195800417888214,1
0.09156500072362234,0.010011567117979582,0.43538089419639686,0.3973432926827785,0.1831621219623288,0.6058515434791091,0.6357735878795521,0.3717789284239614,0.46133082584435103,0.2666589207852338,2
0.048212986092597214,0.8467287815203072,0.4471750371509803,0.29366074116698804,0.649416823379384,0.26329223360132786,0.6499951189890416,0.2158484954955568,0.7993679159070682,0.26217576797182507,1
0.2925999940381639,0.6384822587506557,0.050692564508726445,0.3419616202924995,0.902254576961844,0.08000510610969078,0.06989321703404316,0.2575990610098457,0.39361920481416307,0.25511373159627676,0
0.040473027036823345,0.8726092914969786,0.5088271502693548,0.39543216956016963,0.7695050582993033,0.2928839110187375,0.6557125254213466,0.23681913433173918,0.8079678228625962,0.23811654895662798,1
-0.0381413240627517,0.7564136326807438,0.2538671570369272,0.629230243243654,0.5341989844014421,0.8713885213324501,0.4532329551976292,0.698397917771192,0.32776935149428044,0.6995073412495714,1
0.9259492207399358,0.4934708510686792,0.6540014989835863,0.6992193281457046,0.8540261843717943,0.19449268092776184,0.9281586364205288,0.6462474999163664,0.9637342887665433,0.9272179583213565,0
0.7621948496909591,-0.04847240963290489,0.33924788465903993,-0.011862669381010493,0.7308334563087107,0.6112055763765809,1.0372342953454263,-0.04599714941233064,0.11526541732601449,0.35371550894001214,3
1.0102843326617426,0.5315475599397935,0.723526742359943,0.5446257151841961,0.8904485736664087,0.39654470835074734,0.33155558967586,0.6217427549837963,0.37553405721243427,0.560805899195566,0
0.84442150454061,0.26105731090682444,-0.02519548550342235,0.07738010597271186,0.11063698171534225,1.1032392489430876,0.6545795720807651,0.36770702174852604,0.07443053169967101,0.7406603936838236,0
0.14065490566279681,0.4749397749311569,-0.4261496977580841,-0.4348679108104555,0.3282197089108845,0.5674765464521428,1.224140429727254,-0.28791489299303097,0.32687482356840786,0.8615214891470967,2
0.1248942488808619,0.15185708445152046,0.6695796682097334,0.8479520184831897,0.06026383081535108,0.6986081038930985,0.6877257856864025,0.14921071053952897,0.3439060751895766,0.3915349722311627,0
0.6667246744380851,0.8088245977458222,0.45893033367744973,0.01960172517526744,0.7784645486769907,0.40423156260798965,0.7772530796329429,0.6982009690743177,0.7546636199752285,0.6432768628809759,1
0.20028997564653395,0.04790904464319253,0.42484400677109485,0.4148243427394863,0.29351453827936447,0.7113832678638594,0.5600940121953781,0.27322267296654107,0.5368376054593562,0.24229729838931977,2
0.8399263214653189,0.8041318323279842,0.4749928497958916,0.35327430844203955,0.23175381563768715,0.7622327010930802,0.24464557949717308,0.8790757475510234,0.26203962934774505,0.6961743978927868,0
0.5877309640639095,0.4697058764368587,0.8666213787879833,0.4824537584942443,1.0600978984064617,0.4176553368696207,0.9772684751685862,0.34555552504725784,0.8925473053042735,0.08168236947946277,3
1.0261816464924578,0.188586450015638,0.662157398967393,0.9399352453091693,0.6607435180421283,0.5749965592816735,0.35616661201146543,0.4803500262086633,0.6953775300890289,0.48819382285159174,0
0.26718396262958033,0.2170883578915181,-0.25457106920324574,0.507546490150387,0.8170115618293746,0.7351810939895359,0.7264869213458015,0.3457956908842161,0.9564876314808307,0.40311112569518126,0
0.00841438878404955,0.9298995258064952,0.4537843284610034,0.8857127502126683,0.8129641215262129,0.5247181769240885,0.9622025589979748,0.6892014440668605,0.2040555255678664,0.1334148738663522,2
0.7716900255329532,0.722356078544407,0.6158087137372283,0.36130648410720523,0.30584962039776453,0.761394562618601,0.1860968090889491,0.8722296972972362,0.3899829697873352,0.60153544120793,0
0.8546548659953098,0.14145326667635152,0.41015696341576574,0.8565803462996201,0.720408014886481,0.7386836200994971,0.5996504444651934,0.6322352944421182,0.830506510323248,0.7954216210420402,0
0.05304265101116527,0.8931565375421451,0.9900366211156157,0.21081456557281172,0.7137117934177237,0.11771354228941985,0.4520287110554157,0.09887435643602921,0.9199419900722715,0.15999769343663306,1
0.8054990354073058,0.3762084413189605,0.5792531654566853,0.6550513062152288,0.4767961581540017,0.7289137962259782,0.9062980560763496,0.3516150599522812,0.28091207558094167,0.9803544083181079,0
0.07171458825047725,0.8992414955092889,0.10931463296839784,0.52980674022412,0.46584026511219634,0.6677446014464508,0.7238161746228755,0.7918194721943927,0.29940384027536693,0.44231311100974174,1
-0.05445948726918487,0.20244953560982398,0.48851135360055686,0.20590007066655497,0.7416549560999521,0.7177446366969342,0.2905279029485349,0.9986894787331856,0.9156393300289398,0.8279529851740819,0
0.27929288646707107,0.23199360927675367,0.2478072352674171,0.3424471872520284,0.34045860901935965,0.13291891642158116,0.5788393845903708,0.9720293089524323,0.34455840799650034,0.28330550613281774,0
0.8939464534946739,0.6614776249491194,0.9749840061534698,0.5778122958358815,1.0588944558737594,1.048045844741978,0.34514982205178096,0.5278999167456897,0.2269285731234862,0.5417765287606937,2
0.8185235795771068,0.7038694220602724,0.7296002058323985,0.38939124347704185,0.9734475801832114,0.8951964965595075,0.3864465207886228,0.40328350388769696,0.29180578775518407,0.5215092954030154,2
0.42769690735544863,0.6505338070540924,0.6353405478525606,0.7099094253295302,0.8237610637880854,0.5324838059126701,0.5801530082062482,0.9477173080967036,0.9267020259536685,0.6653514744737803,1
0.9055292532933888,0.4842759517172105,-0.07042997256245195,0.3595041026344067,-0.032068693060055,0.7360209284496845,0.24753932697857384,0.5279456878291114,0.3242881504566336,0.6562880660251613,0
0.47861236540308705,0.5156314376756,0.12458542021225578,0.32661875129616574,1.0537522054325938,0.0686053517231878,0.09789482511635922,0.29746215937113185,0.22618751804225573,0.160356091462579,0
0.005102815675798733,1.1440045524932683,0.883023936758319,-0.2486893225154877,0.8283187228116692,0.9751543217732316,1.1668800428833401,0.8760619024921988,-0.1640079418476244,1.0219496104528065,0
0.2610941828002823,0.04374952820859402,0.6594124753992702,0.25159759081121547,0.31058000341583025,0.9349703410533756,0.09972149991575942,0.9032417350721685,0.19299453307249972,0.5588483096931335,3
0.1619114158984616,0.09807485482615741,0.3799946059875823,0.23366042578799331,0.06880212315910188,0.30550691821341336,0.6065488553253786,0.8077168936507574,0.7820478789176727,0.5061370037905799,0
1.0320005871119893,0.4230193318655312,1.0042731569506023,-0.3076452925030567,0.4387193631364053,0.08434487987575323,-0.22065086363862108,-0.5084585485229125,-0.4575563513825943,-0.3023378148313606,2
0.521969558394638,0.13444007475275302,0.7314350736840344,0.08098354676183904,0.9263976543204285,0.6675237515215731,0.8681301720829454,0.8507187909448302,0.9616911645742251,0.4583384088072713,3
0.9721069039477497,0.3539379198491777,0.083110950715469,0.3173855031105189,0.11947184449825139,0.8552445243423848,0.4201747402448559,0.5207083386469389,0.36654328295513605,0.7632904540182345,0
0.5190744582014635,0.8978273174482297,0.37961234165931834,0.9096867324699799,0.8850347702575685,0.6628645770691792,0.9899336917407291,0.9140846307559554,0.49826768502157975,0.615310411353061,2
0.7708399770696215,0.026403962181274124,0.5783805540191752,0.4302967585633598,0.16025218630370908,0.7639209996297152,0.4011893430179313,0.4756471861843319,0.21758417416942832,0.5674542975955453,2
0.7448195523720353,0.14473177238686769,0.5471405349354502,0.2680980010977835,0.09360691997418571,0.6593853200704057,0.43175336996536356,0.4721699886257746,0.05033796121328172,0.6946153893532478,2
0.2312038315074957,0.02028986561927506,0.6448087623460601,0.21537867187099372,0.31534893905775835,0.9485205881510144,0.10205992047419354,0.9301743320856012,0.15398455126544294,0.5053159998269373,3
-0.15471413889780294,0.9859005623855647,0.5762410194304195,0.5421458113497595,1.097609828871775,0.1445372951024116,1.3442825230691537,0.17312946188853573,0.47325837077616506,0.4787821673074614,2
0.07991518636057088,0.4119059325319606,0.568003241649065,0.7116737228342959,0.966959224809499,0.23174810305866542,0.7242445468874472,0.08877867701749742,0.6955832531162894,0.8581619877157779,1
0.06303586711722844,0.030794120978285655,0.8109089990478067,0.788102186620507,0.2989387262179164,0.6339887046665128,0.5003698227842391,0.3064001253988591,0.590754095194265,0.42856350612549204,0
0.4626176234587224,-0.17934649598410113,0.9254617285670039,0.44533586929446944,-0.110431726584514,0.6285000942142664,0.559967938452175,0.5718555480637167,0.6587242896623444,0.1499800078572806,0
0.2218722793975417,0.15493995439025576,0.3972561564130146,1.0479528916074061,0.7937216245378964,0.5368214377324502,0.22987736017699512,0.4770188300010148,0.5503508220495017,1.1079259020452645,3
-0.4823148968605423,1.0566358944573262,-0.06736672478361683,1.3947666968143526,-0.0202448689732459,0.24674919925810246,0.017835832339426316,1.0593249826992068,1.100444362984536,0.22677018473353772,0
-0.4057466408804227,-0.12032023229036498,0.7237831880758839,0.9396411809603735,-0.035523955750650316,0.23131674462654306,0.6332428419656295,0.8724573029497893,0.01617118759845637,0.3994051603032588,0
0.6599662255615186,0.5291331898397279,0.704621253466457,0.20278260859258096,0.6299596502462962,0.6225460551959586,0.39618534297275154,0.8214584293198054,0.8381449646492356,0.41444593867173385,2
0.062308193402543,1.0828592250253533,0.45403819315969773,0.9110229585302104,0.8790436269684208,0.4681845166130123,0.9386986867305135,0.7191346168339955,0.11310581537525202,0.2878972268214428,2
0.25432349327197473,0.15285714407444817,0.09178895363359603,0.9688741263994618,0.34760029957788274,0.333270684669366,0.39544631823967696,0.5340814281029316,0.4362462082725238,0.21892066661555531,0
0.6230788343799645,0.46283035474560463,0.9171310206760385,0.47458934355946025,0.990593955532505,0.4703449411286397,0.9762554401113176,0.3466854999903743,0.8722890479006781,0.17541436810729616,3
0.3766194045177524,0.3821681243835268,0.04139017503106612,0.4560664909238231,0.5360047795139028,0.6030928779711966,0.5848821290711927,0.27024234332238867,0.779763150323465,0.23966637431724974,0
0.6171758564771115,0.25813906499010525,0.06598393388595161,-0.047413888562340994,0.2848333843249044,0.12389219750850691,0.5391509586440706,0.2507627848296239,0.8048260802524173,0.10039302478313875,2
0.674938066517777,-0.3508704197047279,0.9216751052318085,1.0151158335580768,0.21227153536463705,0.21988417326715493,0.5681492872132823,0.4049417045699364,0.5539983563200256,0.023723355318696848,0
0.7299090780106805,0.726039214092943,0.48245632204723554,0.23557765703995237,0.13042110602190893,0.7695100445380064,0.26047101734352984,0.7591714449427449,0.34137153015091826,0.6768170049084509,0
0.7793935356912332,0.07624110126207467,0.5638195671520766,0.3407068770959526,0.02722325671946907,0.6585836875137364,0.48341031964544,0.46476223670976824,0.04383894330640743,0.6681416882741575,2
1.0448618358211865,0.4289440652287385,0.20497444273119514,0.4568741083076656,1.0649094093201574,0.6078840455635417,0.8146188790225666,0.8793832759846459,0.449753214741507,1.1364030231265836,2
0.34194711303916764,0.9807015410510436,0.7640595664252576,0.8257037225054388,0.2976777360845443,1.0560356426058972,0.8236921491103051,1.102848415550415,0.8413852143892878,0.6553916670968103,0
0.6048942931773947,0.1432342896065945,0.37265250764968494,0.36787762659232115,0.15203868150176403,0.8308005181257682,0.8291717436775508,0.9570774911988581,0.1532543221117989,0.22948388271595183,3
0.8311669943913091,-0.027056993120554568,0.618743611596202,0.5838719782075703,0.13947531836161803,0.4577297382516254,0.5648276334584663,0.6205613830308597,0.20770936815566615,0.4713167492399265,2
0.23541878612430822,1.4017696719003427,0.914939619736763,1.6753611911243516,0.39695199601431846,0.05290684247072197,-0.14409690619794663,0.03662271673203585,0.2766348377372238,0.4414215804139751,2
0.2881324353865513,0.3202927305924913,0.8856069405099807,0.2054751190580627,0.9464074224353556,0.633061480759143,0.8423236300224453,0.9391739871617696,0.7932636800912884,0.3420644832723137,3
0.8386152104138066,0.17602143665188844,0.6954140753876813,0.270717355700604,1.2253227789469219,0.5246300422157808,0.7926495915299704,-0.1121242816015412,0.33019378745647293,0.5051921873831831,3
0.873818894470399,0.7638324676300445,0.848498668856813,-0.023011625091864912,0.8738230492491337,0.2691091300851513,0.11000587295737059,0.32129742097348696,0.9154302019756869,0.8789862567430926,3
0.06183202997391721,0.5434481017399349,0.27583920279913965,0.5612332668791877,0.45729442051821867,0.3157632680606899,0.24358194735771133,0.8278343245962708,-0.03864412044729938,0.5251060451487627,0
0.24996173560893795,0.15666369406907005,0.09135307970518565,0.9697397857521327,0.34906025320700057,0.3379342908854939,0.39666917059855217,0.5328983218410992,0.4354029814174811,0.2140053553773534,0
0.7113508549753648,0.7918597932998028,0.24563681440515295,0.03887080786991413,0.9160236781539978,0.4108949914109669,0.9397806507922835,0.7311890021339547,0.805746498454578,0.8044643724477027,1
0.9957188232248834,0.17199881225326452,0.8172913164158772,0.8130439493004935,0.6941312578178837,0.31916925714087213,0.4527061474781577,0.3900686304038516,0.5121564531123509,0.5877417797858265,0
0.1092768177764977,0.8829397746148622,0.5355383792867592,0.2577220355129757,0.7082369959041936,0.2936259065650883,0.5424859007575438,0.24872984165407314,0.808294445001163,0.21053226715716655,1
0.298300501936318,-0.008374022264567758,0.6790903763920931,0.2285675930768405,0.26222493540122693,0.9144431682252484,0.0758288678311325,0.8782990179836423,0.2370066501655432,0.5091493926728046,3
0.310248905042154,0.9716764084918469,0.408726784286454,0.40031404413318217,0.16717303582346338,0.6223560990372593,0.3722628010206479,0.554174335291386,0.287263649970545,0.5697204895180412,2
1.0609404002505476,0.2896065467126825,0.7060098128091572,0.6849823612603707,0.8443756130903379,0.23925172225983599,0.7181071696401676,0.17825490540982641,0.8062829120808118,0.31522412817879925,0
1.503860326654759,1.1917043445327686,-0.4389778998483713,0.8347603687743612,1.0775911436334662,-0.6441677903328803,-0.9046708798022823,1.1601319324457944,1.0905994307280094,0.2342916728692325,0
-0.14529942900346265,0.7481955512633088,0.31216884725519956,0.21371812263197126,1.0128339373509176,0.9040705842585546,1.0465311176632823,0.3460514633702429,0.4936174553249031,0.02487532254236649,2
0.8921493786007157,0.7005190421630599,0.24945473447289185,0.4996292399599313,1.2282322792586113,0.024864120280921304,1.0993829673984634,0.8061232868892649,1.17731436603224,0.8747353411171539,0
0.11106257356586274,0.7514144196661614,0.11540235650317873,0.5636202414831721,0.2715517283707521,0.24933530716583605,0.09251493835101293,0.936424194347577,-0.1202758336537581,0.2944334026788483,0
0.9954979448842103,0.3370177404188012,0.07167958119862837,0.3480626986400256,0.15050772695846418,0.8959569646462074,0.42277243164238787,0.478526622026898,0.40428102805213756,0.7831655631920257,0
1.1178247762576796,-0.061118651759266174,0.2633450191245059,1.0659674077252428,0.25139644822019275,0.3228107708752904,0.6718512434685053,0.4956920166202768,0.7840271228660588,0.6387860918170174,1
0.6202058402859004,0.5099033461061924,0.7084564512418738,0.24939617211001494,0.580264874670897,0.6411414391174182,0.32992527954790624,0.7659496569571573,0.7845198168014398,0.34751487786996704,2
0.591643162787778,0.772146180996831,0.36411245999905584,0.08218063164560824,0.8949594303418911,0.45308968410222583,0.8823624323135165,0.7432826531826757,0.6987256771603368,0.7163888589850745,1
1.0218119297929,0.3097880848718826,0.4871010485750499,0.80058166845837,0.0689971617709163,0.2380926073153807,0.9346023318430701,0.5088782596326614,0.6203016720337133,0.412223738000671,1
0.6163468197777555,0.518561642622362,0.6761740384617819,0.2755664749447685,0.5678104166087897,0.6010310814134907,0.34633433941956576,0.812817829069809,0.8117255838356694,0.3756406155065141,2
0.461219671429234,0.6651240961492606,-0.0004950926784887399,0.1459018736909683,1.3232705558970357,0.6956355200400227,0.7667341140376167,0.7287481943819184,0.6437205648760522,0.380453130749026,1
0.7561600947778603,0.39333380139872987,0.8697934680206052,0.39029674885546806,0.929500133774139,0.3866903230462927,0.9519866352491917,0.3002654743061211,0.9253266776951897,0.3198181969920368,3
0.6822543532845378,0.4760090116341434,0.6203131030604236,0.2319266612329562,0.6216361577658398,0.6923925740829238,0.3299161643056917,0.8595646636712413,0.8660365707640636,0.2861738135257982,2
0.05501640470063421,0.0863710148183422,0.6579167838422265,0.6419279413442612,0.17781741483032953,0.4840781113628277,0.5890302862014162,0.37401930838160813,0.5306335575271411,0.38661485004527113,0
0.8235049777298975,0.23683681389429512,0.9675060241007574,0.7161180277081913,0.8568920651248658,0.1888764804450974,0.4479475454678855,0.49275956130014564,0.513639765535914,0.40411843686076926,0
0.4052994376346955,0.664528409744673,0.6457330901191861,0.6445168779398357,0.813052588705452,0.5140722529903586,0.641516841356095,0.8900664370783969,0.8462743845215968,0.707725887894149,1
0.30785124683547954,0.9718705522629698,0.4083951297640601,0.4030620777563435,0.1637471552225819,0.6241358035805742,0.36824613362447095,0.5559898803159057,0.287388520214695,0.5688351956939093,2
0.8437280267336147,0.7722115086868915,0.7254934848739346,0.07379269137643449,0.9063083099090056,0.1438354518707586,0.21537310236792706,0.24204402825032684,0.8351963988424984,0.9328428395561704,3
1.081952871580108,0.35241415065315873,0.06022005893674795,0.18935071913771645,0.08494466951983355,0.7639194619317089,0.2865574524171407,0.4530664409341568,0.5058349369912508,0.6068201645233978,0
1.0840286277013536,0.4632986505796459,0.4847100819457926,0.7180744080345702,0.1628014165311733,0.1767615094362094,1.0491301590192808,0.6669135097159371,0.6327889032246635,0.27893633702883835,1
0.7806231284272315,0.7356735370441744,0.51870596451836,0.2676112252868736,0.1926461324188137,0.7201930227190361,0.23781614123989364,0.812155947148774,0.26536597097113773,0.6861762839473842,0
0.7020669945940095,0.8796272337880082,0.952962676736869,0.5666285643759263,0.9412443859617843,1.0910366221365846,0.6155363118034797,0.23807718816712434,0.02435175221822103,0.17180076170256492,2
0.41591811099092524,0.6082451528994903,0.6939928147261432,0.6284498783291713,0.8941000912121944,0.4544351884261072,0.6744008611011459,0.847676702032813,0.8985248379739073,0.7192619858184127,1
0.07144265410321839,0.1713440888106467,0.23612972073549449,0.24208476722268063,0.8115376752112513,0.49276485179616425,0.5679957065493884,0.8633434419380206,0.7462398284578889,0.5618941046283995,0
1.0819290168474267,0.13142912540295984,1.280037478991266,0.5638013996282878,-0.2940144991803417,0.8309784769111537,-0.15545416606150397,1.0577878735365118,-0.17640777168686056,0.6490624043614589,2
0.6677602443845059,0.4816005096536259,0.42858431588468165,-0.03774152068071246,-0.06117856780760078,0.9437298498565004,-0.010835710953068456,0.5390423968329288,0.26343326892708796,0.8405200094310031,0
0.24222381749024596,0.4339566893474678,0.17985662919792111,0.6197483543913664,0.5766098980687454,0.7026225459449882,0.5222303315606263,0.38121659599178626,0.6759832660162096,0.33642390242196857,0
0.5275013174715185,0.41710295346935233,1.118681310190058,0.6421513843767279,0.9509498770049765,0.6332236308696554,1.0776573554290665,0.17705946222662833,1.0823090368036434,0.014301644106630568,3
0.10665134667431676,0.14323100188286322,0.7719852718984317,0.7144157054028374,0.17554783729178292,0.4992054296132538,0.4827648133795341,0.34476178287223325,0.6198126421598684,0.3186466487058112,0
1.1345098875804973,0.4740236683367707,-0.07724158529257491,0.2159949920580228,0.17376777335431068,0.6858956122687052,0.32596230759236333,0.3430201746856322,0.4311827311050833,0.9570056125522313,0
0.972001544807657,0.9601411473259491,0.41307081155812064,0.675301274933302,0.8026360506590456,0.7087721575313869,0.4366216076571939,0.13637423606861926,0.4198588978636093,0.5147498685946449,3
0.3344672230802792,-0.04499037987640524,-0.05070552981969598,-0.2864262971845155,-0.2515729380472268,0.1667519378770258,0.20794548090588688,0.17683847340118194,0.9670342727721648,0.6800602772571669,2
0.23441143946774223,0.0912601895826194,0.7146240488556761,0.302074511302047,0.3496701025578795,1.0034252078830153,0.005128944705989125,0.9215074326593682,0.22089907628673208,0.6033992587590133,3
0.24961227189258545,0.6479022541118047,0.37544696537133027,0.47948918982073874,0.44447412710450723,0.42913989360707017,0.107235627425448,0.6603226207808637,0.0804708874609337,0.4847162702260367,0
0.14394426451951958,0.05292437191985364,0.42659520553517466,0.4146178486893205,0.12162495718785556,0.6158562623298975,0.4997113698243609,0.4981575182830651,0.5849521361923754,0.14844407734990478,2
0.6929968095684645,0.13128940388191201,0.639791376907016,0.9373837093933768,0.4292777252424815,0.5132364885618277,0.5779811917857651,0.30734346006728247,-0.09854834276746745,0.688104340747678,0
0.3263196176170198,0.23961554962591738,0.4499106632216068,0.9519912515702287,0.2237770164548304,0.7590826046855522,0.5386435165388341,0.6713191090480309,1.195214714251255,0.664631583102041,3
0.73485385137927,0.8779562277982002,0.6461881997384762,0.7539432983318286,0.4205351058780499,1.4006670404049473,0.6286230085780726,0.4062374361301243,0.16156792598831704,-0.04227919125424817,2
0.9765363290554424,0.38735173476888196,0.10952573745255609,0.2365649810070754,0.018573704216352196,0.9489491819528053,0.4296891731734453,0.44057420114826185,0.31711754899943767,0.6880185352751292,0
0.4854432976211209,0.704192501294265,0.6152346006767361,0.7101021729032052,0.9128899280026087,0.5402086139397967,0.6807754665151062,0.8675072077758884,0.9351060043782832,0.7297268774982613,1
0.9025308625821203,0.18294176563313752,0.18712475462546319,0.8364852876657848,-0.18986056006625357,0.2452262986592581,1.0900275481984094,1.0414674927472216,0.3814840123519226,0.5936969594735978,1
0.11804456710900206,0.979025552167132,0.32781837715032036,0.2216084406484164,0.7716948820602477,0.1504627392928496,0.7350358776792173,0.25432594011692367,0.6648006613524401,0.1427563277622835,1
0.8750750099212986,-0.05834649458634256,0.4409276176449762,0.01310860837934362,0.8823568986954752,0.7764024310895093,0.9652447376633069,0.18122895111041454,0.3006074918042935,0.3674633596721263,3
0.045199308689283055,0.7925404554353774,0.5218122964914341,0.2665298866879114,0.719994507460959,0.174442727848876,0.6190849913124302,0.17666868587834755,0.8491004696572132,0.31751721643925984,1
0.22870476348815905,-0.011837380492402738,0.6227529567922262,0.16127211021808605,-0.22342335847598072,0.14250167854445972,0.8514915096132369,0.956046318673587,0.4543584273865233,1.149308096271957,2
0.8485257105992574,0.5437047795130598,0.5292132318152563,-0.6449726117125016,0.3209708617354226,1.0046571125055794,1.1466192552050996,1.3540792195995874,0.7276381380648376,-0.5235894666086588,3
0.23642467069137968,-0.34100027963947555,0.05058422377538154,0.2925796852162844,0.8164029793618052,-0.015170731576555643,0.4995937802205381,0.2529610137755187,0.5736381688652543,0.7395118456417641,2
1.0562715756538616,0.02053017458204598,0.8664279779309394,0.7412905707293852,0.6710994289369583,0.23586678643093945,0.5294385602521737,0.366991670200964,0.5817752710458364,0.7410915709329509,0
0.1264022622985549,0.6644945729895461,0.45860208689474324,0.40689798770252766,0.4835707456215278,0.5079449389687538,0.2934351318352617,0.6434620784443149,0.08110609645688908,0.43008767458801167,0
0.06311327129717655,0.8491303711102725,0.43648610249042924,0.33905786641826446,0.6764405301334254,0.2509131097624389,0.647196510280425,0.22673511705635302,0.7693846548461972,0.2691352360831297,1
0.7674889685913123,0.7311897619686025,0.49221302232500375,0.25228993380492654,0.22232557781384327,0.7289619665119267,0.25354163080016373,0.8030491268668086,0.2667534226949495,0.6869346245688881,0
0.6068552019422606,0.5232367118590783,0.6908252763038089,0.2606084765036749,0.6241979776620511,0.6113345428724023,0.3503929874549921,0.806444337956008,0.8361979586732428,0.34424082822904944,2
0.5911231981635388,0.7609220657374203,0.3802850525020427,0.06364966988819368,0.9195290106160371,0.47031251138912594,0.8515199896432896,0.7884296237813776,0.6916065023585993,0.7295561191385613,1
0.9379510985161424,0.5910890032798903,0.5866427256084363,0.7742220363416789,0.9255209422400682,0.3215332659474535,0.8550457928398769,0.7022389596528872,0.790421451590893,0.9289398028799177,0
0.30529753771434054,0.969863678772276,0.4092573339012149,0.3998611352912299,0.16496531028480643,0.6196888467375942,0.3692047602344664,0.5570272639355185,0.2910935932854489,0.5696808903050072,2
0.4106938969820447,0.4811421303792791,-0.002038907996343195,0.47358897552364215,0.6742650925287828,0.6095870680189162,0.4132142877334416,0.37585775450708847,0.8920193581890061,0.1565555824616469,0
0.3785562263850868,0.3354547924313554,0.055138998005641954,0.5156426731924775,0.6108725978818714,0.5655678872527169,0.5472988186393498,0.32630559305541146,0.7680376193120959,0.23656070310003038,0
0.20369237216556063,0.7876452885015875,0.5215129289468644,0.8507255058100273,0.10100875709985414,0.9832362295123441,0.6864959015221658,0.8946522231048216,0.7373803402228065,0.8992706589837051,0
0.8370858722182235,0.19494794392665224,0.4259068126822056,0.907191484473014,0.1748772806351343,0.15755699855590166,0.8983620910661514,0.6454472824484737,0.7045153349958501,0.3832314861852328,1
0.07149209055567843,0.45410482875524016,0.6149898392167776,0.6441950932282096,0.987332475865847,0.34581957610842423,0.743521780765628,0.027824619263317155,0.7010173562823092,0.9427276150854746,1
1.0837969848052418,0.28894519644508,-0.05384505008270818,0.32446648443209747,0.0032113306136642983,0.9219039477896942,0.435982025764003,0.45825589373248143,0.454391713811492,0.7354892167112378,0
0.6322831514137781,0.7480833693337317,0.3219700711217537,0.1333576541465209,0.8468001293140515,0.3596572500029928,0.9001726165060813,0.68822328642026,0.7871251315678178,0.7694889972008422,1
0.6361353554268172,0.45374790056303216,0.9165512922280719,0.4879375034280279,0.9934765780859739,0.47153156388867523,0.9749171187805206,0.33684559313080986,0.8630328714306322,0.18950977786538484,3
0.181327827386499,0.33306084418961823,-0.010547079726553998,0.14823536073952628,0.5237747297715194,0.4010945860189894,0.44610674640452885,0.7649742043001528,1.1608652478635189,0.7473141378093766,0
0.9893288178305006,0.5319720769914479,0.7377137828625967,0.5229422296500396,0.9049445958585065,0.3832633156239765,0.3510724459779967,0.6309821482212503,0.3981800260675257,0.5712363909728967,0
0.046329342949606424,0.01842527132220461,0.46515382743518663,0.3684206478061227,0.1829189986929294,0.6140959319090089,0.6955186120594102,0.3328878542136716,0.42101202014035966,0.20733917895235934,2
0.25068631661302504,0.04310441630429021,0.6670822921261881,0.2465000998288379,0.3121688668069648,0.9380230698660351,0.09629090614317048,0.9065373407063035,0.19708386135369746,0.5511891840173442,3
0.12797310055622274,0.09006741101261323,0.27206533346832956,0.2784673993156824,0.768724388991774,0.49370828221985485,0.562197352432088,0.9166726806287325,0.6498249650313778,0.5890042375723715,0
0.4910843133225943,0.8866552034861132,0.346857882726823,0.943180041102216,0.9177031037003907,0.6509978079817134,1.0038537727219636,0.9268202884301446,0.49672981194617405,0.6315543184592414,2
0.4650771320485325,0.681515306813176,0.6603549641208699,0.6624526341811451,0.8437873756752966,0.5290771317926157,0.6035252604909233,0.9390693122423759,0.8739612894009087,0.7112906247270184,1
0.07270118510314796,0.1326860824170939,0.32015582643969276,0.2157926703503747,0.7512236062166104,0.5448172913227882,0.5834047209078146,0.9705129520295138,0.6195880660484342,0.5315334913294475,0
0.33863563081660675,1.021579418384475,2.1273239978908687,0.6899047603836287,0.49900865318412163,2.665757448580485,-0.3623281546625988,1.5237072295511565,0.18465791942837775,1.154567707577425,2
0.356429973724135,0.35313067822204297,0.07338535695001829,0.49378898452241093,0.5782721751413087,0.5893773429773276,0.5340563596715536,0.3104397983729194,0.772197208191682,0.24400137219168844,0
0.2565456161772299,0.038132933640883916,0.6715707475172547,0.26774654021632727,0.29679169087558577,0.945498976623799,0.08535691973223634,0.884791163118629,0.2027565999813435,0.5624804541729638,3
1.0350519480146696,0.10377662228059925,-0.11061162885292994,0.11910430945379485,-0.01133010012631408,0.6553296018453775,0.3115716507523888,0.7647248781453003,0.12836447079272215,0.6861064546887647,0
0.569437530338947,0.6695983066690674,0.6212976549831208,0.28787943867245847,0.6873254843311902,0.8735133681592666,0.2814136355751658,0.28379753286565945,0.22255216638921216,0.42835315330905144,2
0.461540381712823,1.0289581483139099,0.23486227316350228,0.13605187781400988,0.04776146716218507,0.9942136656224465,0.4996461658305713,1.1029429611731092,0.13380507541796854,0.670927788054441,0
0.6455302404999912,0.4653067376462485,0.899234875535173,0.5082921764062127,1.0126816642556173,0.47729654718276787,0.9571793480118562,0.35531577566649963,0.8812365610577034,0.16617797580749574,3
0.24228750030741555,0.03679835937960909,0.6556887476354806,0.21436962294331532,0.2800357731096691,0.9450392490877496,0.08555630563347727,0.9023377939054069,0.21055585352120504,0.5366164208778195,3
1.013610840667337,0.15296112387393415,0.7683692085080138,0.8746388239845816,0.765212952078953,0.24327854270131294,0.33910077063807287,0.4436378993464203,0.5067084669063215,0.5375888886100608,0
1.0856717062435572,-0.16865462405362527,0.4712001540487117,0.18386364947894748,0.9333269482040115,0.8618072028026397,1.0575511757854772,0.17408551349574408,0.20580270251073485,0.5353393193368253,3
0.8175004244836217,0.6854276886377393,0.6362041082218663,0.2385821518753545,0.08100388923542713,0.7655388463254625,0.22299091258905884,0.903314331474723,0.40672388438800366,0.5693585464566805,0
0.8562519517926567,0.15405296139678104,0.41256880003038543,0.8713459843065822,0.7218454497215984,0.7492788579334402,0.6123415070849081,0.62069286513649,0.823626875581006,0.7948618417646464,0
1.0318929827451262,0.747074748377031,0.9483751752371885,0.18897248114278253,0.9488739981399078,-0.09703854341400223,0.48562584417626353,0.5132984076811749,0.8814952198493253,0.9892325831980188,3
1.0842533352546464,0.6887658068900827,0.670618746748057,0.8147025865499677,0.8597443552649896,0.3494789848115073,0.8306818715990063,0.7931191570334466,0.6590555090877556,1.1168989583312108,0
1.006426267810721,0.5369606020463242,0.7169168002423665,0.5149481136310489,0.8768253453234467,0.37579035230565777,0.34013946430282305,0.6073911408494747,0.4180726728859171,0.5610783702118127,0
0.662673551693651,0.5152339312851818,0.9077165476521537,0.5418008593510673,0.9581229207475392,0.4933843578823338,1.0425533683605515,0.31619913999943616,0.8178472673648722,0.19555816669935816,3
0.25790262246290474,0.5342132654293054,0.3003667267916427,0.5175238783059702,0.3204861467953452,0.32249018961596854,0.1305783545416298,0.7397048005555821,0.023143576990608945,0.3683268700643559,0
0.9946682993389958,0.3520019160712986,0.0781984349941465,0.32800353573260915,0.12348329540791267,0.8544770341300445,0.42702782951169355,0.5413795098368946,0.36024942680552596,0.7567680182519425,0
0.18287849778259233,0.5855252365201489,0.3331861632401582,0.45674571971947275,0.4019756312406355,0.41678535701710556,0.21704916388149773,0.7402131216943446,0.028478227698117024,0.44008338912580636,0
0.014561847730524786,0.8298789645705427,0.9588412242666575,0.3020594682640472,0.7705959159058627,0.09224401620347042,0.574847593427537,0.07942934151249363,0.7643956433944503,0.09276018634200496,1
0.625837499282234,0.5163140389387278,0.7163001574236436,0.2300885685669004,0.5766653047630065,0.588674010246891,0.32402223285795073,0.7698221901454971,0.7807774810403068,0.3272971484950609,2
0.060889016083115616,0.8827586665427745,0.47567613186380925,0.3368628784388186,0.7038778357596217,0.2580665337450823,0.6303948178508236,0.22882912067218406,0.7814416323990053,0.2570924123015915,1
0.5165720396446131,0.21986056094368994,0.10204594699591814,0.37263347915878575,0.3076849413630173,-0.45727750964424585,0.5337454810514444,0.1404349119109874,0.8210207106827687,-0.2705989129981815,2
0.6651950084816147,0.747595067041337,0.3800087298692405,0.12317599751905986,0.9528122081560713,0.43055953263398766,0.8658844319931029,0.8713019747329613,0.5760922796994394,0.7021898207267268,1
0.15412887185805502,-0.5388765059383825,0.5476730211098779,-0.002094420389237295,0.026662400605710915,1.190326990368212,0.9332185486191518,0.24089483504324244,0.3426097510869952,0.2633124101954649,2
0.03268578476202534,0.18084040880576163,0.29922657680507875,0.20772585851174055,0.7613628994920727,0.5121571847456393,0.46798328427649605,0.918889362857309,0.6413589764558743,0.6639830089747397,0
0.0257070422256599,0.14536176163565467,0.6913452613819795,0.5761443657396924,0.13451161604974288,0.40407770607438825,0.6288699606421886,0.21528367852186764,0.5076258602579453,0.4026283746031071,0
0.9149170034775351,0.4962500950017385,0.6862033740718969,0.5378924120460031,0.9661013260470988,0.41072630137956057,0.3599979287772496,0.5619418134883917,0.5000787934536806,0.6493988453539381,0
0.7144074395757636,0.3759924394119316,0.15005545764829425,0.5455778279447239,0.43286072896351635,0.5066871108431494,0.7371413303135534,1.1918261459228254,0.49708230117787555,0.5881196892977645,3
1.0318736901702354,0.514888010394512,0.6032131575122325,0.6768252628061051,0.7909343045617868,0.3280028302403364,0.9465403565345443,0.6967421278167025,0.8533601672563964,0.9849277757045931,0
-0.08408944614718734,0.38405262306205273,0.4815913974198695,0.5899375024710973,0.9983934981999614,0.1110554123423187,0.4738002525726234,0.20485165175346184,0.5834157264720815,0.7576228115817898,1
0.11840477582220717,0.9190756675958668,0.006440734371257064,0.6273655158828244,0.36085644477454204,0.6997756230869124,0.6447899579722273,0.689782144270599,0.3457762062502966,0.5328688714349981,1
1.4402494042852587,0.07437196169685421,1.4745062778763471,1.115585720208427,0.3079939846652108,0.48929003416501576,0.07078709570492803,-0.15927044111365163,1.162596149930593,1.0407943385140068,0
0.32819681534458356,0.5527491461460646,0.16116706864713187,0.38997868797154267,0.9784440388266348,0.16126356821386786,0.02394770592378878,0.32037882028822695,0.3173067078528351,0.26457857079102387,0
0.1140238526044178,0.1780690852474448,0.6749558880365212,0.6725025541563565,0.21976834490194616,0.5164960353925604,0.5063854842718518,0.32683174707353757,0.5336725414185995,0.4108182467342192,0
0.09128773601359322,0.5903384201454185,0.39960393207843464,0.3655872234521389,0.3114773542550926,0.3658278472895612,0.2534525831281403,0.6859519017549294,0.06767328688175203,0.45674174704821385,0
1.6950525841809225,1.0744800561551977,1.0656559959043772,0.9646193582000087,0.06192300157472075,1.241189458155375,1.0301483117692087,-0.17163055652265957,0.21326685934146794,1.3508316248830037,2
0.6026751512105916,0.5153651775036134,0.6781942059338182,0.25801431664148844,0.5922493380406617,0.6158262552867477,0.33857013883390147,0.7769290259815527,0.8107853851354583,0.363291714626569,2
0.9432726793739478,0.37397631509872076,0.0821507733165923,0.27976870119825964,0.13058850763710278,0.8322329341252575,0.4328593629349282,0.49413765998646497,0.406945518917601,0.7914067568216622,0
0.6917142427817271,0.07381278096703062,0.31450301994643853,0.08786457708198692,0.4476173979775584,0.6398689129977606,0.5165989178788324,0.7873831950661462,0.3255051263154855,0.43414249220116347,3
0.42664892914209007,0.6419622979458777,0.21422520181326524,0.11770513010473829,1.034456545561467,0.4353598955823479,0.9113568823596783,0.8371208210625939,0.8865590786772615,0.8832046777385215,1
0.10233506841005764,-0.022075899791905836,0.48310626917219535,0.4391118018684361,0.13462760144849711,0.5261298633825346,0.6032137840641397,0.3720514962709397,0.47657636876786946,0.2356185313305189,2
0.6087168643382608,0.5124922669812192,0.6910279769332995,0.24118754348982227,0.6081004266904292,0.6216512048915319,0.3555115873945999,0.7665574626368912,0.8203017688907343,0.3716701781624897,2
0.27711228290456463,0.05160835828931506,0.6765829275584191,0.22297378314624203,0.31078468445244145,0.9518133680605114,0.1053600431253469,0.926394737266646,0.19945295579840805,0.5432789464123202,3
-0.07511348512302063,0.2530136673544396,0.32283120932197257,0.3392189318193044,0.9053533005310113,1.0919812655387253,0.6256223692058793,-0.04910789639968266,0.16268166865865125,-0.12602032048945244,2
0.3076884506875437,0.9733030333155325,0.4099357976945543,0.40472552849669297,0.16638546952361846,0.6258671683692082,0.3681233595140399,0.5554204238881605,0.2839878559208858,0.5706978906963971,2
1.0989517702088216,-0.12533333793100257,0.3239000524692492,0.549189175731667,0.5219240195490138,0.5251226597395382,0.7831437311802402,0.07502097613161875,0.6209824372909374,0.7377403308606887,3
0.4963569003936673,0.867179617974845,0.3446518289472967,0.9475488569862782,0.9215702201294611,0.6350151201956872,1.0007028968015916,0.9178232534499662,0.49308396614509786,0.6392866003979722,2
0.6310595173226002,0.24029061107903793,-0.0470699557393742,0.9483455731964456,0.4225927352679267,0.869672403876366,0.48310217755872104,-0.24984198589899176,0.9034313645251376,0.16017217163716857,1
1.168165982278399,0.2172123567540695,0.5368657289335317,0.9190421245710025,0.10562210650751294,0.3220450270928626,0.7557473672601522,0.48929412917248744,0.44110842199659017,0.17932483603340302,1
0.9941540568360225,0.9631112533599262,0.38090839073479155,0.6433554931042464,0.7746029526754521,0.7327252120389459,0.3990282492423819,0.13279474578006317,0.39420737933432576,0.5215721284914798,3
0.500816160464516,0.8806534628253496,0.35571740968971394,0.9347243102019959,0.9093199732833935,0.6505447932978805,0.9899434925197002,0.934657524517809,0.5011487103117227,0.6405592153617388,2
0.3885502620024145,0.256652705673001,0.8426390165829487,0.13636017328796277,0.9068817610613672,0.662625581087605,1.0031430395448042,0.7956154715322002,0.7711341630558888,0.31887124274696976,3
0.6933698087539438,0.3961657681461539,0.9463726910486884,0.5293512223299193,0.9691991390052551,0.4884428363719243,1.0221157797412048,0.33082423011616363,0.8920141587970034,0.18671679622020532,3
0.2618366039505259,0.4200429502090248,0.2833271529496697,0.30164349624033676,0.7655736525882821,0.5941296041708075,0.40898215911334745,0.4751745606875343,0.9657653564864285,0.24060587525066168,0
1.1285679609576182,0.1168741570719678,0.5188180489555928,0.25618566375867946,0.10540701258392848,-0.39780039545498547,0.5937694015993783,0.749810449025424,0.5895345172949772,0.4935531444461856,0
1.3296739830624236,0.5062949690518471,0.15756965220353408,0.935958162357373,0.3417169635112899,0.199508282908807,0.959014926748484,0.5334665670201078,0.5981711331543683,0.07578446598980632,1
0.13360262145925617,0.8380829503418548,1.0063138851898141,0.220711030692089,0.7623028094759134,0.05725882542017473,0.3900408738733998,0.10642616116201055,0.8445872540407059,0.178902284629925,1
0.9985786232407481,0.526041207295996,0.7288920161408478,0.5292295486623737,0.8963726875153115,0.37642023694654314,0.3579680850003798,0.6244087669346396,0.401461722654277,0.5695817735294305,0
-0.24063241978237,0.7475512455100486,-0.06225153184307072,0.6783838998592273,0.33091358198023274,0.7711168781383565,0.5277331158698162,0.6454192097597794,0.6998048062058237,0.8910597060375487,1
0.8410974629605275,0.1535154740993432,0.40511490667530115,0.8443372713738475,0.7027435495039775,0.7562948269154549,0.6143235855102563,0.6196101833094108,0.8303125747092095,0.7970285387432242,0
0.9305093828995252,0.9182293551991912,0.7799527528150478,0.04192637382790931,0.9589504374551268,0.14134423748355326,0.18986795303939344,0.11970249139185885,0.9900068731894377,0.8452933009975895,3
0.0941823361263063,1.0461163462739025,1.1069395631458554,0.4399145631182737,0.4891475311186301,0.12883359699068841,0.4775035102507202,0.06436379542307362,0.8003880352287411,0.27486773439430734,1
0.3167311895491958,0.34757939565374774,0.667542601964132,0.20904216761394825,1.0830687064417794,0.5798332635180432,0.4664765494293207,0.4939351524155974,0.5691247876625647,0.17389257431498692,2
0.10306471411841577,-0.04631556108594726,0.47354532278886724,0.39822907820048165,0.1794960932019339,0.6079934339315243,0.6112357625558827,0.37319408920990566,0.4551302734559254,0.28200890645410165,2
0.39780667431539746,0.39072909780660026,0.02434432857025838,0.4943686876664892,0.5917754632010006,0.5638259422598152,0.5709670715580735,0.3076298744713112,0.7783501441469421,0.22273454552713456,0
1.03305256908454,0.4892932443089771,0.5292011111185048,0.9189377741626314,0.7116542323100556,0.16188177283923216,0.7078938443235032,0.5802084144886787,0.6915354555002958,0.7353812070089452,0
0.11131227786379144,0.08542598324337264,0.36842911518587007,0.27506071855557823,0.03977312988171092,0.3443152396741529,0.6113656093550615,0.7977724926759765,0.7302536017097667,0.524187694302495,0
0.8079630507367231,0.6966176893696785,0.6662083556040601,0.4979556751548461,0.8463284369400725,0.9628902225284923,0.3705578192681645,0.2667426880248586,0.14338732736896181,0.3412658659450733,2
0.1733622429772386,0.9263397396501405,0.028523149849864846,0.6891738517048211,0.39428726062577546,0.6867753174316817,0.6296151976294773,0.6330952224364664,0.3801698453018882,0.5866613194342529,1
0.6315658726822209,0.16230104320154992,0.3216594780609956,0.8146209027186814,0.8057198251996328,0.4361678512291022,0.34919899736944404,0.4020064246945351,-0.025145643460517585,0.9061934652232517,0
0.6218162496946773,0.5117871692483046,0.6833066897872789,0.25151935429875966,0.5964616325394121,0.6330303453452503,0.32347481653029814,0.7840358941969615,0.7874543702952401,0.3683328153218044,2
0.008615815656042556,0.4025356306447723,0.5261265447839605,0.6694631192427659,0.9821931299873874,0.2603571071652746,0.6332807189584179,0.012817902474610404,0.6666831074660949,0.8714813531180977,1
0.8242115366874558,0.875223497519801,0.38210667957353106,1.1105368469968044,-0.1777247231692025,1.4396469081430783,0.9710489396215289,0.5147850888881269,0.6538675536672107,-0.3754254615371366,1
0.6030879939214404,1.2777275998852957,0.1234757709382358,0.22419862315390596,1.6031375386067839,0.43913634297333465,-0.7117709952448175,-0.2372528550369073,-0.0038015411242275365,0.6935835360820751,0
0.6971475242248152,0.836790862606713,1.5019970667814788,1.3663067118010093,0.16933892526091499,0.48226707837187854,0.8155162860981275,1.1460618419455892,-0.2604856228261925,-0.2555526157866066,2
0.22174481006085978,0.6100263979816869,0.3043727325515857,0.3708247246214408,0.4591168892110155,0.33083072928793616,0.1345451854863225,0.6955279193455886,-0.012456930516041013,0.36808254760892534,0
0.6050879723376174,0.6220487924316652,0.7802357865072705,0.2751718549879683,0.9206608296733085,1.0191100542935032,0.41337024611205636,0.29186334738541453,0.3374336869927804,0.5371296768897882,2
0.04666158435373328,0.390090988827531,0.8114821980828698,0.29344427780693405,0.3224632949474095,0.5668644077008969,0.9615024648364001,0.4722990506901714,0.42376870837297054,0.08881990576291104,0
0.9359679869987387,0.4844417761838178,0.615227153812884,0.3901945610263122,1.0730849321065903,0.8615729053857556,0.395687752396604,0.13609100507877284,0.11429719800835338,0.23816566115450363,2
0.46748983863287946,0.243969697309525,0.7486163659184835,0.5359262135285179,0.7625384191202647,0.46558734821945397,0.36927994839463985,0.2525647635342973,0.9450913607902388,0.4169330560784028,0
0.21557307987071764,0.0343122605281091,0.6727174187054725,0.26186962011733145,0.34601846326536706,0.9121112449709912,0.12341593621618188,0.8811087587053072,0.21801729122700475,0.5228995428219124,3
0.8768563568942858,0.07858828140871175,0.35897094499834975,0.04835015261401307,0.8795408070242284,0.6492387078088029,1.0055487176759277,0.07849448682804898,0.2646010018901562,0.4043429711814933,3
0.46232423524453026,0.28366685024513655,0.3090668671933292,0.29123555021685393,0.2774602211339789,0.8091863250672,0.6825723422186796,0.937370921103646,0.2708566423301896,0.3118615039863054,3
0.24320839934056343,0.07749300490833852,0.6930468587456983,0.257396468372582,0.30293655536739905,0.9608688070197661,0.0914613522159028,0.878747337548143,0.21486490848294418,0.5610704555747603,3
0.6224934807990692,0.6743194544154673,0.4459271169396532,0.15687142512691196,0.824190259965292,0.4537704561374293,0.8599453379461168,0.842133831505568,0.6939144020215597,0.71767852747218,1
0.952669159234119,0.3191494433929102,0.09658533746844898,0.29463278634450735,0.08160241171635556,0.8470936582694842,0.43761052001262046,0.528898783103735,0.3477860814102638,0.791501686415047,0
0.09237952524421922,0.8366708816787599,0.49466765036797755,0.3509931964920425,0.6737556195252723,0.19607637300556477,0.6751722061823773,0.2163654609760003,0.7988632920904775,0.26123032105178096,1
0.009142991674904018,0.8487948525881843,0.5168775806077976,0.30558652611688786,0.638646721934847,0.2079321217194139,0.7025067627842986,0.1355511246966228,0.726957322446257,0.35075713392479385,1
0.8461155946704194,0.19851747475300383,0.25714563541573854,0.07035303766189718,0.8518529242313735,0.5461109729392055,1.0221893142002976,0.16483069871410577,0.05077929764578759,0.5756929169013835,3
0.8672052386530579,0.06907368157180982,0.7094023951332324,0.7397074100400336,-0.027772907808898878,0.0918195752981297,0.938613772401817,0.7605464959778465,0.500567669257917,0.6308517649077083,1
0.8787478219764441,-0.3930988960684878,0.5246555328957696,1.0227062324943867,1.1512141885287122,-0.2371745904674668,-0.05989095717483128,0.8826510356610018,0.23287409153551192,0.22634199531196697,0
0.778501779064744,0.2725413642735959,0.6628538190975781,0.9032494320764729,0.3582458311565893,0.8988920189221455,0.8357358906073779,0.27809280765908856,0.7757827152555714,0.0861311417809375,0
0.6159955594914271,-0.21332811473836044,1.2231826853009418,0.077632652631757,0.00805976124713094,0.6031296647764357,-0.13213186335385663,0.6332157663650295,0.8227683798616193,0.14056598889109373,0
-0.1794425215993438,0.6857942390515746,0.31307146296590194,0.1164753024896864,0.6654712431850298,0.10547880889450303,0.8464042226021269,0.31330527695059796,0.5445927920721171,0.21889499235087156,1
0.8417435990627223,0.18426724884870205,0.4490675722158413,0.905560446511253,0.6838410180109908,0.7763783921725054,0.551196909720567,0.6385311416777016,0.8137632068470327,0.7821120169749176,0
0.28676133459678455,0.10925600487420525,0.7314561557333279,0.3341718374787926,0.2612608346188082,0.9959214198253868,0.08264602481144004,0.853120136201059,0.2934183281359142,0.6042277145472967,3
0.6239924740765815,0.5398463697511342,0.681919297463753,0.2790323458799227,0.5944693771578434,0.6419785492845027,0.34794656972764654,0.7904026551008031,0.8088469027782276,0.3738174801695286,2
0.06548101503210005,0.8602212504056225,0.45212993007651714,0.3184635709560779,0.670603697948804,0.23961418064135132,0.6420760402466836,0.2082257487511917,0.7930445933964682,0.25929467236686693,1
0.22049402725872247,0.800390441493653,1.2884083812984146,-0.4060264084779285,0.2526554423157164,0.873323276727464,-0.39185405435464904,0.1856245524779253,0.5372513814448262,1.1834964662386847,0
0.9981080474486803,0.6070792382668692,0.4350081834458613,0.908206400732188,1.1220753288058714,0.09327547357027305,1.1163753369170442,0.4656925257608574,1.0304298460135248,0.6175358393120468,0
0.9749191707450794,0.4574268238598344,0.6283744577827226,0.7710498159288843,0.7775128524018393,0.3747975515450121,0.8276747307061696,0.7410185938544602,1.004229134825662,0.8180293840211427,0
0.6123925186218461,0.5094835028696154,0.6794634304066679,0.24810433979627153,0.5818844508802842,0.6153389681382218,0.33445623665688007,0.7879840178375174,0.7989326808092881,0.369428525809365,2
-0.42484033154582546,0.9990724596449465,0.282587388181051,0.6595536857825562,-0.09853951574119446,-0.3611575390468609,0.8958824905358523,1.396520668409989,0.6374862437729536,-0.028455490058950317,2
0.2473205494107943,0.5814917748516181,0.3782435893414184,0.4801142210033252,0.4823663152149564,0.42504197692317763,0.13514747683847825,0.7810896318698097,-0.004433501053766015,0.5131973336306048,0
0.04276512799324347,1.0561074975183564,0.8952816009682212,0.3371759296999456,0.5704126928906408,0.22580472844638763,0.4954690655168796,0.152667617549321,0.7769379294166658,0.15925246228915327,1
0.37140053443333637,0.6707622157461279,0.3274419495379436,0.3446264323553617,1.150738833291791,0.14761890239940725,0.19094842184639138,0.4179839940257037,0.2203054325272879,0.26129831509506374,0
0.07037422429301278,-0.0022719739628073287,0.45213134631550556,0.4195807869303967,0.22387467465221964,0.6064356015026715,0.6631423243782366,0.4103848097034659,0.49789696885173096,0.25540385484309086,2
0.2420768069391428,1.0964193980942283,0.08309843991271287,0.3985041852128609,0.3229431902114361,0.674578652138843,0.5647402819703933,0.5761890715695897,0.14617370167008426,0.5369122456541673,0
0.8962924971578693,0.14825723709087257,0.18884519210487513,-0.15659043077886187,0.6403337115724859,0.5537773215251732,0.8995305330263721,-0.15763460089724157,0.16911674672407492,0.35270286342894985,3
0.17549419660187499,0.15378995162433776,0.8308870167770269,0.7830809237395657,0.9491156744970978,0.07359241549664089,0.39474222122638064,-0.28896230987764215,0.32585582694642723,1.085170375979796,1
0.845677066363164,0.778923309645091,0.7229132362216328,0.10424699948380536,0.9254474073152859,0.13744905321077036,0.2240297000896097,0.2381196712787036,0.8346970315860939,0.9262039074088492,3
1.0738351371438177,0.21507394762312326,0.2956589464879015,0.6001196766831463,0.3101630268591614,0.5355206014020308,1.113881350822696,0.5721240720550119,0.6722437410158274,0.604954498282658,1
-0.04474779559683206,0.5035586112032038,0.883014278056951,1.03965800006546,0.4803430345686893,0.5438758655501618,0.4818375189888042,0.3164764978698307,0.5779815141247527,0.7828650856576345,0
0.30431879838667897,0.04670674388871283,0.14548364783433337,0.1924751428940097,0.33188634895096647,0.007443271906810586,0.5291123795086835,0.3903523358785504,0.5257867035743131,0.3455728207958498,2
1.061310487439129,1.4591925668452905,-0.6746186350174578,0.049047295801191104,1.2088182729515098,-0.3530972296081073,-0.1077966321990731,0.7097853665876966,0.4168943247045124,0.9178769004209454,0
0.09016883353822491,-0.024168630002749728,0.40612737240505997,0.39597564363372006,0.20948900454755334,0.6476599109669227,0.6533588194265162,0.3526608574636144,0.42447162555527024,0.27918107612757126,2
0.09850967766719547,0.13430726913919577,0.33931804335067556,0.32085214692642294,0.8052009985491635,0.517196592280658,0.6068043195741033,0.8859943742703944,0.6149690628497951,0.5906938898869932,0
0.3830482137115251,0.35308567757878523,0.002095557676840054,0.43851869417866635,0.6306023481826042,0.5424107773561468,0.6125797737372002,0.25144754231970123,0.7652311301152366,0.15500441273864857,0
0.1198060793493225,0.6939349453139574,0.3307006410490546,0.47409321154148093,0.5357466283166492,0.5426794470961434,0.14092931662332653,0.841686600916638,0.10902336941594262,0.5903291625686002,0
0.8067657796985384,0.22649981503442412,0.6734506266553827,0.895432737231363,0.2974097169339389,0.8796714019145666,0.8710298932279983,0.1885133330919674,0.7216592540359268,0.0480617940319062,0
0.620506613897051,-0.030715804228658883,0.7800093060030586,0.685916566787145,0.8424747335102406,0.5253448174510952,0.49109472262025994,0.6889255660362801,0.6435962044792348,0.38199341987013335,0
0.11252069927699856,0.10163453213239262,0.29114956199292935,0.2799303824521299,0.7820751575973152,0.5021640478664748,0.5527879919362912,0.9381668504818876,0.6700293418789118,0.5667975900884786,0
0.6283258074799343,0.6936832134478984,0.14006044106580748,0.5923457077560702,0.02400886816861198,0.8842518484734048,0.60742661176183,0.3147693826597904,0.8489833778051888,0.1018527822351254,1
1.0019371954229912,0.5196446056562487,0.7414093686684073,0.5276308727923269,0.89706777640312,0.36236189410457,0.37086192035587606,0.6317782114741342,0.4082635927798991,0.5689553871467327,0
0.665990458950854,0.5031268954846906,0.6807461385173138,0.27278658010393264,0.5352895642762301,0.5815071256286651,0.3340957302687133,0.7748984558930206,0.8293838383549783,0.3211137219614448,2
0.6989328779937654,1.2156780701519896,1.0090075212065728,0.4618892430599718,-0.3433076370306454,0.8634999029195825,0.700028877337149,1.3114763624443206,-0.11697085572736199,1.1793361185316653,0
0.7689421132410381,0.921477274107879,0.8924658278397107,-0.039026929018601886,0.7283615989789005,0.10655233258743876,0.2556332134031063,0.26454167038270676,0.719862643556315,0.8781254415387633,3
0.8545129212317255,0.14373457937690773,0.4077890762012155,0.8556127165065094,0.7219583952126775,0.7384330001257685,0.5981411179685021,0.6299381846348446,0.8337267077835725,0.7983419798755723,0
0.21830352258032876,0.8052854422611085,0.5606651706066701,0.8507680875780957,0.13228397730298022,0.9586960997005457,0.6701860010341674,0.8674388090426008,0.6743230279657475,0.883005599161966,0
0.6175387427843407,0.5144346727017733,0.8639438871011813,0.4843924461896802,1.0347860975009613,0.5250866348538225,1.0242232388352772,0.3965627926955701,0.9282071118209014,0.21253662861983758,3
0.8519753803070418,0.24889882577167072,0.31322273128196965,1.0249192558116529,0.35941788112467954,0.5548809592550015,0.783021452829608,0.41275673149674,0.30557535704667793,0.5876847806270409,1
0.3482940231426884,0.03939274019023702,0.3637984707206416,0.04602426204526078,0.8475162970226979,0.8411925079474555,0.676911625742873,0.9202148210346459,0.7404421997380272,0.8508693172550675,0
0.5053570345741085,0.8903019037787966,0.3562801374931308,0.9332312313966646,0.919996101751686,0.6407466981416825,0.9849014679020567,0.9283578981008402,0.5052388446837189,0.6378105298213006,2
0.10173193752307137,1.1617707619248532,-0.018095457478794583,0.16968505414348223,0.06113093963268773,1.1917217515418705,0.6654200390222895,0.7936790703931957,0.2365242969451355,0.6090304133502609,1
0.25270436987669637,0.044848913870246955,0.6649505122120313,0.2492211889224457,0.30844065053506403,0.9435190533087909,0.09626158419480638,0.8999073754459357,0.19108794003338717,0.550890039565303,3
0.24839365261654558,0.7716247480349475,0.41959103268217735,0.512743133665748,0.8166828465811443,0.22574409142661236,0.6046407867840514,0.3056044724057306,0.7215276284881457,0.234394476112813,1
0.5036014504528374,0.8745208578534169,0.35052417064347186,0.9401940383711743,0.9070729289170192,0.6500874641844033,0.984303149352994,0.9401097114290974,0.49629841055322294,0.6436311963108259,2
0.8410814850054678,0.7571463539702349,0.6422505442841491,0.24666804715556429,0.28932235795622585,0.8218142788680057,0.2543758060078572,0.916721356179104,0.21251128843667932,0.5803130607285053,0
0.8414298475997339,-0.5352956953438943,1.6288430925025743,1.5230028436085878,1.6038134810633768,1.2150179012010889,0.7652584486695684,0.30491244102360904,0.5436858402446598,1.3598213838806328,0
0.1436642388638783,0.38830770617325927,-0.14297247702711774,0.07366499712524349,0.36638650832908926,0.14508160274329795,0.6443380845529632,0.2984376294885795,1.1914761762733315,0.456092003969217,0
0.5680878361673313,1.5127867585695554,0.36940507357636054,0.4492710126137385,1.36466750697249,0.6267628801686023,0.8243948326510617,0.7544563435570777,0.43300051032601194,0.6450029905656232,2
-0.3023555354266265,-0.003227795509444298,1.0644527799862333,1.2106137513135313,0.5983278900759564,1.3200016755288777,1.3203342624046661,0.616127690881277,0.8777755419320307,0.5814778110105028,0
0.8662995634732038,0.03936383076927907,0.17812424962018997,-0.15416820472355408,-0.12382772488876254,0.883449645371251,0.2808411109326701,1.172852785391189,0.045863042092302464,0.06715948926329207,3
0.6835685992878107,-0.07974316165957654,0.2860894436789803,0.18837962238377198,1.0124765293577573,0.8746439418324685,1.1344934211834046,0.22535914446054073,0.18055341550538692,0.3531601575940913,3
0.2572509097320055,0.16071362047883875,0.09691510821127995,0.9591775487072908,0.3439593806392761,0.34653622019361674,0.3979415795479099,0.5365194737401946,0.43640115561724485,0.22050277179492675,0
0.7822252388805813,0.010411868858679313,0.7145967475215519,0.09226970641427823,0.15509297457565738,0.5915542186557519,0.5865773680347433,0.38129956461442727,0.15374418486691965,0.7127434987037075,2
0.7665962572735682,0.20051889143376267,0.6365988345173135,0.19139930563920715,1.0080339484407477,1.3086211175834122,0.17824079787169012,0.2556001689228336,0.21528524718181408,0.4862867957428628,2
1.1770231488942224,0.4901825132833403,0.43765192017400345,0.816944257596011,-0.08099987310375098,0.3076889856146468,0.8469747139796917,0.7505003666160732,0.5551328754676736,0.11176670195639332,1
0.9464909602195956,0.411251999963717,0.8733302337974035,0.6478931019543555,0.8201595338454348,0.30946101226263195,0.23719231295504029,0.50320943771686,0.40431471452643797,0.602754122024096,0
0.12973102203352876,-0.08464940041157792,0.2591410868683357,0.0356338991737965,-0.006110323581275542,0.2975580310799868,0.5622499964732043,0.8559447358935461,0.9060911209826468,0.6014028475332784,0
0.1617682991396944,0.16923872451424754,0.20850483323439323,0.31188179828527207,0.7156084300553778,0.5458692449285238,0.6471440382840867,0.8790493719018468,0.5743791989467801,0.4832164325616052,0
0.5751154148832589,0.6418624935587682,0.5252132272538965,0.3774978110770318,0.6191397072873053,0.09976122552299181,0.00686855081111519,0.6577304889940789,0.6491433039598073,-0.14533798711816892,0
0.14459563796474834,0.6276470052492906,0.4888132616148776,0.8965453460152957,0.5960033397698865,0.5762542091863464,0.938604820832345,0.3106607422969527,0.4902802116479362,-0.1817181925613791,3
0.33762134716619396,0.8459430112069869,-0.6233779777681927,0.5508854156586693,0.5838515562669736,1.5098421532737865,1.0940555373410101,0.1962692866560764,1.649061261472855,-0.5978936768424296,1
0.3093863085047706,0.9703052768564107,0.4102962265334697,0.4026962787476158,0.16432976356249757,0.6243492997318771,0.3695841608605686,0.5561688817096869,0.28475255382020365,0.567143933655699,2
0.0645751417934918,0.8633214273337343,0.452566284030518,0.329521282230513,0.6824459674354681,0.24399003055601548,0.6390499412079583,0.21670989743042246,0.7831649919126831,0.2633620285002813,1
0.14527593862661045,0.5744340914843252,0.4085845742789003,0.4528506184152235,0.3407201179687591,0.4582438330640971,0.2354845396053587,0.7963033754940491,-0.06530767454291977,0.39022301738975607,0
1.0485922729609762,0.6680526253198061,0.32932604695547674,0.3483936080017938,-0.06754588677510959,0.9507487230219371,0.9201087803529802,1.4181055959012583,0.2332801702851259,-0.003555253094568722,0
0.17867525328246217,0.07308625432213516,0.2578329440575935,0.3702959520040068,0.7027072337366642,0.4304861804239012,0.6031338135432947,0.946009161943934,0.6109882357964559,0.5273636816453894,0
0.6356291158864692,0.4510852814889387,0.9183942030116626,0.4873284105479897,0.9933556201050108,0.46971410891175813,0.9726282592297274,0.3366991710083325,0.8617366871993263,0.18719884723845748,3
0.38061579259328643,0.1399506116047715,0.46643989733269026,0.7466828499696702,0.5726292916945447,0.5150445653755767,0.2025499863336492,0.8591995896078988,0.8175249610241945,0.8764644413584693,3
0.20818859864314634,0.26627073187137873,0.7244523983342978,0.573789168387439,0.3083687710647095,0.5893799996973587,0.5858852318123438,0.23567266655021524,0.6082748041474676,0.33297253350548756,0
0.24827034462225495,0.7300864408364727,0.30131725401660164,0.6303086371536354,0.4406130623770214,0.48241780985028654,0.4411054825506179,0.6248505758205011,-0.2302152131339269,0.1291073115298637,0
0.12299997334066397,0.9376662654188636,2.2090584574150154e-05,0.6268505846857384,0.3386330626304184,0.7287208021657584,0.6424965920072435,0.6807404337658256,0.3406316092017727,0.51207862684926,1
-0.5081305618201158,0.35418343446738876,0.03962065039719981,0.686129029931847,1.3659898837633144,1.1356737664917573,0.34381611186703287,0.8409983593880728,0.30253474221082666,-0.3239882371434687,2
0.8860840742048832,-0.10597374149061156,0.4210932815274951,0.16925808141160006,0.7725920763032015,0.6889850358211786,0.9791173610916304,0.0167499128693989,0.22154654381819638,0.4687076560427981,3
0.19903384608693256,0.7702794909939418,0.5264067368473893,0.2614282926734298,0.8954651377929453,0.7204243326589804,0.5883207983441239,0.7109874743848682,0.27574477957461085,0.005427478086240238,0
0.13231554298229964,0.22472992396251856,0.47740560994558723,0.13935775903685482,0.2814769061157659,0.7441325367952448,0.35449150643557126,0.8068663847729654,0.3581316620867564,0.6967721890813472,0
0.8339726427699764,0.30439807756949505,0.2760438443277021,0.2048793720177976,0.06936386555222789,0.7280134995496698,0.585698151409938,0.6370481151292828,0.47447701993737973,0.963635304912552,0
0.005793433282816656,0.34634602790162655,0.5257863790127815,0.7077943839487798,0.9611539980939534,0.2708083101022252,0.70019963413576,-0.006452098372141821,0.6636807570938881,0.8783172026703309,1
0.8490111325743774,1.1787781983811714,0.8696518062395797,0.37131509593802153,0.5263429269885005,0.6279840523693818,0.21974216330386995,1.0586287121709113,0.6237143162449525,0.6835211609257031,0
-0.06724575629258095,1.209139963354194,0.8062234916936919,1.156549014699005,-0.43239428732864105,1.3194981619678354,0.2203557879244547,1.0681741169736951,1.0280534715650373,0.9153627650816363,0
1.289022086603631,0.19225694472515065,0.9849532441220528,0.7093476526314207,0.30612852199859597,0.6126386577945611,0.681899129153257,0.1564392168039706,-0.4006271540348316,0.36477460896296254,2
-0.276512897571189,1.0987593494379817,0.26876718863835786,0.3184743053811059,0.2164198769846125,1.305597790370438,0.35563125807797924,0.2929118876596313,1.4816963728813175,0.8674895460772539,0
0.8863253147399573,0.43319502602586524,0.0718050775939204,0.15917088876476235,0.04921058467512922,0.8679597746767687,0.49456003169434887,0.5519629260843075,0.3348507612343093,0.5555978222774126,0
1.0272481033460148,0.7040042578975843,0.9642033410803962,0.09207721903070736,0.89370272512628,0.25909634048808616,0.3215971483902711,0.18061879029618444,0.8693405384032833,0.9652349525635936,3
0.02676665531819413,0.9090911680790389,0.9873118468817849,0.2601686441116149,0.7015612198194677,0.13820149214502125,0.4664822631536676,0.077997333873549,0.9067850058481209,0.12377993495313876,1
0.057594162756176404,0.5032275901892125,0.3251336149624129,0.3155637526445054,0.4416336195751704,0.5131840034387918,0.30075823653338324,0.6730894132023424,-0.032265758202851685,0.5148758179772943,0
0.7608698188401817,0.5117070814539109,0.20355200101877902,0.3398567070659019,0.941003982723166,0.707192268903789,0.7422091548697257,0.6717419998788666,0.2068232237395567,0.9350759473537302,2
0.5146019664194967,0.5896400170432188,0.5046974460835572,0.7492586288405663,0.3643860497142965,0.763799116480052,0.8082727588470653,-0.06680034042220784,0.9675377341118032,0.3496364650050632,1
0.3524793782004248,0.35613169339344924,0.06673496020832022,0.49560293978980857,0.5851402401455394,0.5951962229506699,0.5318334861802475,0.31278639673842856,0.7772526984019384,0.23871320498479223,0
0.738972437448963,-0.18542043731128605,-0.13332521085767013,1.212317557797916,0.40956278861515116,0.953438592184738,0.18611080367778238,0.9092590252221986,0.6274715459282412,0.22918694448020882,3
0.9633540933894671,0.5852018564141205,0.634812520743195,0.8655535742376389,0.8021713695947338,0.463089864376065,0.9841917301776922,0.9460477460766841,1.2050670771695007,0.6590731637577028,0
0.8477411674931778,0.6331753240707947,0.7616106096312686,0.4649756192505045,0.871531850190187,0.4109778444306667,0.23361567827739282,0.6938106567049055,0.2934221921496256,0.45360567683354786,0
0.7288161666447844,0.5190684370061956,0.5379642046581354,-0.32156791329609646,0.5301773989814353,1.001784607829317,0.04750233029068568,-0.3836119692506532,0.7168527587560889,0.009131315533673912,2
0.06219084132024329,0.9104703845807742,0.9900074358135977,0.2610801549325802,0.7039625040720834,0.15461261992011588,0.4391853497449074,0.04766158796666757,0.9086425556741058,0.12422826279003853,1
0.7352050763224004,0.8268653525751097,0.3864466851973725,0.18144197154269792,0.9289791579075792,0.6665769771484525,0.9073809578554121,0.7805382861205017,0.27801327193248027,0.8764895668481054,2
0.3798837939564833,0.3837590774187169,0.07049735330036072,0.5347243111376717,0.5557346642686495,0.5640508024598158,0.5259009967922512,0.3530723600592913,0.777647833076061,0.24805612649720418,0
0.06217512109363193,0.35045723317941596,0.5412468360233392,0.5931593736220877,1.0365472815503578,0.3000068392289105,0.7045237467143772,0.11216119055977132,0.7492890284951533,0.9159152379350017,1
0.04741557716174432,0.9124369758620536,0.9636002164129909,0.2557950030909703,0.6839346235485387,0.14993711780390528,0.44312575921498737,0.07094046565017252,0.8931777982182226,0.13644791570216594,1
0.9853848048672409,0.5019399022805526,0.6506575280035719,0.7536421720660796,0.8428214432419031,0.26663981795444797,0.9286359972049018,0.630803629914233,0.8932448751833598,0.8797788524828185,0
0.21916648379212667,-0.20799028354384025,0.48305899427347104,0.5816283772789228,1.090852655408448,0.3265186364645597,0.7413165566506701,0.7634402338883997,0.6514971095645008,0.45513194992463113,0
0.8565130500882766,0.14722036389071338,0.40990240383967136,0.8590541268254351,0.7197398630407292,0.7377412495876462,0.5986755615607157,0.6298938818693711,0.8297555038224278,0.7969242463703348,0
0.8153171419538451,0.10197692045401677,0.5799967991630774,0.33679646880064074,0.023006534081960177,0.6507585710698587,0.46988885317211404,0.508040576089204,0.06297650564434752,0.6587200212201441,2
0.5893027415724023,0.4019940077049592,0.35036104843991833,0.6456334333970998,0.9562715195452833,-0.151111195055268,-0.17628238100178428,0.5874810181357417,0.13762734189689088,0.2431086269001348,0
0.38306925515762275,0.11932541950588321,0.25453877119994406,0.9682758025359768,0.9282015711105951,0.36670808204763494,0.47295057718559985,0.4931877203568,0.9912143796207035,0.47754402569791704,3
0.30823461387761336,0.9724498798529685,0.4076712326245079,0.4031145225347472,0.1688432863680924,0.627262052180189,0.3736864137552823,0.5529294628303635,0.28372929972283356,0.5711411133078359,2
0.1343661573400277,0.46462271743942163,-0.10590647358353189,0.22331985497293205,0.5332609577668214,0.41451061931296085,0.8319010803550546,0.0002163172300635452,0.650319978656653,0.4620655329906935,0
0.614008980698388,0.5067918916798876,0.6631468325287928,0.2351777059230667,0.5835795288940665,0.5971480302378791,0.35487805926007443,0.7703005103581143,0.8176931220499508,0.3688186578305616,2
0.1320246969717097,0.12375365027510578,0.35007372216821975,0.3109595622017756,0.8196771305877998,0.5346469329762832,0.546298393332872,0.8669523465769277,0.6016205154390475,0.48205984120982603,0
0.476558237579605,0.880307327647422,-0.15293918335497586,0.9546116199190523,0.032191658659376676,0.6130691402369994,0.3665792963725157,0.6453044772835944,0.6015517500073841,0.5126786314383727,1
0.05393925985853486,0.9214512572726481,0.9767291813295856,0.23484547067889322,0.6975911407687141,0.14509893807188845,0.44855193195224463,0.05577338633086605,0.8859804899404525,0.13169400602841777,1
0.8107870932858998,0.7384710306692139,0.7535327740705166,0.07067821680646062,0.8930604509987187,0.16030188677105098,0.16313648464173272,0.23305091814135723,0.8674385719790978,0.9168799034793627,3
0.8818247550012963,0.14970693844637262,0.3906334400413684,0.1936511065626811,0.9560708635662185,0.6361271536264728,0.8830044263145083,0.057435297368875184,0.07596577621760559,0.3338192456856658,3
0.881629992925177,0.1840962023084595,0.7901133693899343,0.8057500167315298,0.6924897524431417,0.371051717516594,0.34885060883249747,0.5241226493111222,0.38406113604941633,0.594790845685091,0
-0.24280984510042236,0.540111996018091,0.22194242005925102,0.7310933690093051,0.844416035114979,0.3567577447646367,0.984154335494981,0.302948647738506,0.5297841851155696,0.9605818302250043,1
0.2395950038425578,0.034462532867402286,0.6444568349006593,0.25721459685830245,0.315168183589972,0.9262975022574722,0.11459040277127416,0.9109026502151781,0.18420132426583266,0.5552544254101954,3
0.9034666228029582,0.28590600794106247,0.8639503368973165,0.8932028939850989,0.7072367649690595,0.42865455574512823,0.4693967395254124,0.3508178348255062,0.44327657155763617,0.5637566016718233,0
0.2529656184064948,0.04704827655306189,0.662017620966132,0.2504695168000524,0.31333019384506666,0.9355145685646875,0.09423779480492818,0.9050853906628666,0.19561215944063332,0.5512575199385188,3
1.0200665592831515,0.12986498360222748,0.7926149925845406,0.7708239534242912,0.5543467727592484,0.4875544274384236,0.3060068695210275,0.44788033672280725,0.8228036107178157,0.8924203775687789,0
0.5204470907168829,0.1380800249579698,0.12399480085481006,0.06330755683721834,0.33051488415425667,0.03332397036390278,0.4315683261026464,0.5000247790813226,0.584517183042032,0.32083157684104024,2
0.4167029950653761,0.6280766871854883,0.6546405521033647,0.667489989516007,0.7766596159375423,0.5228644740475401,0.5523763080060041,0.9531849073124752,0.9196421027226678,0.7105301335387652,1
1.0880415910647083,0.2107176511833737,0.47046686325981646,0.2301635031440687,1.0044347576075003,0.8173547922509274,0.7596168871136062,0.08714371619997477,0.2976476647262053,0.6588846747222512,3
0.9770659529081729,0.3853860795165162,0.030719677288786558,0.3254715073952027,0.05580260150849581,0.9088335313600848,0.41572518876608255,0.5542237251539703,0.37959913489774616,0.768329012204515,0
0.9785654827019719,0.14881684432690853,0.7454501143587122,0.8340838355129151,0.7438694555313103,0.3910849261946252,0.4986536963240127,0.44707587204797133,0.5325756898798727,0.5582398962333142,0
0.6287485985055747,0.4709937826185742,0.7361196474264362,0.2533936821111759,0.6101582844214846,0.5803815695415995,0.2877407222406449,0.8105068937554817,0.7452298168962944,0.39925672271643886,2
0.8816687820061435,0.6895909399707467,0.5421185895741414,0.2401902216163998,0.28259333659114727,0.6931224671722213,0.2286778123950894,0.910289561687436,0.3920326164949044,0.8011217479619847,0
0.0585105981735741,0.9010822870904615,0.9939549212484419,0.23086871795948918,0.6785730688867446,0.14985941165456296,0.46742310703563617,0.06579033177524937,0.8828512865405312,0.1279572425736676,1
1.1499695793205227,-0.03851425779810844,0.8847072527579019,0.6614176993445685,0.44113362454742844,0.4279708580053227,0.7164808007286433,0.7157417518291811,0.528440629323069,0.4055246986749038,0
0.4537336292287271,0.8049876665558828,0.23999639597669903,0.5624887536045554,0.23721332237100942,0.8508115936854139,0.660309469878389,0.8267473854853694,0.16457850561231246,0.35088218086153833,1
0.8517011472142031,0.786905064807564,0.7713882325194534,0.08931782336115117,0.8803957343490685,0.15827377699237621,0.22478824670110753,0.26610106505608266,0.8018765525847814,0.9675904373678639,3
-0.02915176078157685,0.9604203707499497,0.4248952455161858,0.6675515898569161,0.5292014804683155,0.3007424155410491,0.8663905266909268,0.8618193140873026,-0.07592978286605945,0.19838485574574388,2
1.0329701547691859,0.35243516697395527,0.4669329834486718,0.8357108080960467,0.13531879064176813,0.26898773172245605,0.8194444385543141,0.4749971552605992,0.5426268989246781,0.3068515189094602,1
0.7398176397618521,0.6642866915295755,0.7561480577094474,0.8579862672426809,0.6113219316025605,0.43629840150004673,1.0243846001089936,0.5100213022208938,0.8374888500279146,0.9102970828640197,0
0.7355611669088968,0.11050913777416421,0.5676056403696482,0.31802614470314866,0.11004229812277928,0.7209155180717781,0.5062588772847975,0.47419392921511183,0.07027110063279418,0.6281589601460933,2
0.9478655585452604,0.8431207416341285,0.6019913405924433,-0.06809388253798429,0.9324899809396371,0.13548158882654449,0.22347038474497144,0.16475036052906816,0.776121582003333,0.963290501508182,3
0.0822470455353825,0.8626558593029664,0.4068002490801757,0.30996490343450667,0.6635790046003409,0.2738681825241572,0.600987809774688,0.2608116839541211,0.7496828709058266,0.22917133126667263,1
0.41750789889275725,-0.6751991429925088,1.5311407797746555,0.7968841316688763,0.405942916949057,0.15601468126810547,0.50568663413725,-0.14333505023276083,-0.8067407594239471,1.1650055774052865,2
0.07082960343443133,0.8659994440703763,0.44507466347989866,0.330686169022032,0.6800868134941754,0.2432220120601357,0.6346010038427031,0.20906841152275718,0.7794196111826039,0.25580467683469976,1
1.0613822367979089,0.3067376207943644,0.5246225901311002,0.7723724164665746,-0.018964428167373315,0.24853685809343187,0.8552595418490279,0.5208243260227272,0.49142940348982084,0.3484370264470799,1
0.09702345001964677,0.11786866759747844,0.22223155205090922,0.29353206170706475,0.7122376123911148,0.5457442577947025,0.5430350677775904,0.9286639678908651,0.6268290632910121,0.6495508657208862,0
0.30920469503593306,0.9698058893602017,0.4098301177412491,0.40261117749121084,0.16568908145298064,0.6236187264875566,0.3704272458056812,0.5562305186937244,0.2862450094095418,0.5679075678434291,2
0.34460680743562233,0.36278350856729974,0.07402940330833493,0.507908285513605,0.5854086015938743,0.5913522533335059,0.545125328775171,0.3074777316652176,0.7643432244644045,0.23602106983277665,0
0.9339622112826278,0.5421183608793686,0.19549332417389348,0.9414407600669462,-0.20765693947181108,0.057462869148037415,1.1577401633354918,0.4877209260254698,0.48693279344707696,0.06715749020268391,1
0.6108040847353272,0.4551872189945439,0.8828076668484279,0.45082748260568883,1.0025466816605364,0.48215695864984764,0.941485720291801,0.34918842440970504,0.8553380289827553,0.17170180829873571,3
1.0270216443933713,0.9103758025499585,0.40947615499692064,0.636122688101136,0.7795771810293975,0.6730300233361199,0.3917668758615088,0.17028780179968622,0.42479644312229575,0.4435541399636033,3
0.1954886705801938,0.6288489469460933,0.3572508140735317,0.41030310808270903,0.4722310759998209,0.35764849842599605,0.1590978117838256,0.7573387465276468,0.0700961682924956,0.46348265305287234,0
1.0705662913265672,-0.09174195709497102,0.4116611694887914,0.15228149754788475,1.1923020624965766,1.402976449439625,1.1007186107947615,1.4314526509703767,0.6214648757127028,1.250861542406637,0
0.7642858632605228,0.17374766225890192,0.4744341630453723,0.6548988438582062,0.10471530877262288,0.35976052875778713,0.7415819782791673,0.443846715569121,0.36524062724743933,0.3905488228589367,1
0.8358037430391414,0.8368078032848226,0.8298812489757638,0.5687231032206087,0.8199424089451144,1.0676494490287274,0.45012634179174404,0.17537269036011466,0.3204359567058873,0.4808331322977518,2
0.46408759920992815,0.9936117558600386,0.6106185588538746,0.9472076201290821,0.36391321442881763,1.0497460768740294,0.9079902280803908,0.8757087530803201,0.5043526833710906,0.8100918175872431,0
0.24033669994618845,0.07479537776278691,0.661787720039276,0.22526034914841492,0.3219331681617678,0.9249026488480722,0.08799943914057345,0.8753163559452477,0.2076709059038531,0.5451038875284498,3
1.307107585361716,0.6125746927189669,0.7909569369722369,1.0841753329765829,0.5149196482800955,0.6050637424847395,0.8693023725494461,0.7102314132901131,1.1204451389733636,0.6850413255520182,0
0.2783205899530569,0.9207473621396167,0.08865148095764458,0.04397417259138886,0.6404894562569061,0.5888895859660916,0.13526605886744195,0.2300330303740003,0.4377976692203669,-0.07645257797152621,0
0.7984099863335299,0.2104430153970604,0.5425781098875914,0.988101950671027,0.44498716539906275,0.8668162486011166,0.7334298446230788,0.27136677630645945,0.6981004113972406,0.04399199694618338,0
0.2708411967161188,0.7899223744828793,0.5840958511961819,0.8064004798711062,0.03321885036751668,1.0427534027779506,0.6070547047703292,0.8808023736328127,0.6406828306270415,0.7605472374593458,0
0.24855401402214505,0.23506650158386128,0.1368331915096669,0.32276761364416223,0.595055640921185,0.7973464670124455,0.6057804762999578,0.28247211600765204,0.8930849730117131,0.2902314620808334,0
0.5892256839254356,0.762271682275864,0.364686451916276,0.09051162196107598,0.9007586177121493,0.4381356877005995,0.8941620844468648,0.7577250774588628,0.7088581412393605,0.6999179583191396,1
0.35932079197416644,0.7021137624006925,0.2671321955672191,0.25929976345472117,0.9631930622125807,0.4103216759498153,1.062289789575659,0.9595121558885844,0.7608926353195181,0.6343546570138116,1
0.37905147208155093,0.3806373437197822,0.13040040140851752,0.4542151132618036,0.6494095097607624,0.5322789306506874,0.5154936962450841,0.2939429871182464,0.8189677272209266,0.1821173434508387,0
0.0811435089509003,0.1686579995936297,0.24675700634574993,0.35636611223129977,0.8672871549733167,0.5934859446335083,0.6165628647038248,1.0037072159783724,0.7302127179795559,0.520533200643588,0
0.24597846435201878,0.04143023265579465,0.6561230901677357,0.23982819323310026,0.35867413072925325,0.913700441813447,0.09789591505804073,0.910375834354187,0.16330477764790619,0.5757848318137491,3
-0.32058797346593065,0.5291259656667823,0.8292226913095422,0.7144130074183784,-0.09068338278117344,0.09390173227453708,0.5413700921327467,0.3288929624697713,0.8293367863954553,0.35658708407563344,0
0.6567616549672827,1.0423745880609752,0.45929285799634456,0.14377095389524086,0.9173916100709029,0.6684284102911033,0.14886509170766948,0.2040572620026348,-0.15690742019550646,0.4364120130485428,2
0.7458215768425751,0.8672840368141337,0.7860454455267869,0.14928215571831144,0.8035287659089154,0.1419672425911546,0.16053597198734232,0.17635934337126058,0.7870678120449373,0.848935699195513,3
0.22831003767043967,0.6008047007321383,0.28565215191159055,0.5266885812845786,0.4780713941831978,0.46813903211000485,0.14387764978737677,0.6291803018250787,0.022317267173564453,0.3945587236770879,0
0.48959616896436126,0.8911084054576713,0.34176789072663816,0.9218041594486718,0.9267501625260085,0.6411872627869121,0.9691951762856066,0.933914349566067,0.5077029877714359,0.6528748070208742,2
0.31030945994582915,0.9703139979588784,0.41089147699112044,0.40291978949257257,0.16494221601238443,0.6225494486995934,0.3698545398019877,0.5553702001042318,0.2859575439244452,0.5683822941225212,2
0.7505705757500579,0.12295013713101857,0.2868581091040175,0.10953702240557278,-0.20781131903666028,1.0840503427563306,0.43917637700099843,0.573304084550291,0.5625089620735473,-0.052018805912798616,3
0.5014010437794088,0.6541290062391325,0.6615692105284721,0.6711991933476186,0.8867316815949225,0.5407943654991891,0.658332011914972,0.9620513879873557,0.8706708523555865,0.6950247669639034,1
0.32642329438652984,0.8836758795910243,0.26825033946543336,0.7860106978926138,0.050866906857008676,0.8426487844184547,0.6890809996817968,0.7235152322550313,0.18106822340694795,0.428422338702777,1
0.7992609880193877,0.5216750397870329,1.0455847475306517,0.49682108198241987,0.7672679330297284,0.7430170191572306,0.7436307696496599,0.3421001514904362,0.6439434998488807,0.12574626707007536,3
0.4722908144200648,0.8929549525236815,0.6834739223832709,0.9389019275177595,0.9219766593463947,0.16171669164039715,0.7053105344947358,0.6564408480741706,0.7961607240138583,-0.04137261730651451,3
0.7518950216417295,0.5377304591594158,0.16842037685731873,0.3574228043461502,0.8108207053686115,0.2273949105698621,0.35953517040799315,0.20013711125678316,0.558166145985778,0.08679827127734696,0
0.3774444999868725,0.4485100516539463,0.07335379368702291,0.6186138701446906,0.6281883030758098,0.873679970780719,0.3669501904842263,0.40426199907206956,1.007123634059435,0.20459953609303508,0
0.29114570740716295,0.611951754750354,0.6373697956510188,0.3433676315581057,0.8886711722958828,0.5914230741869361,0.5574154668518587,0.5638452640925465,0.3977486962540515,-0.02766047788655141,0
0.142507607683189,0.21739609910728225,0.4537285033460827,0.4403064692668378,0.7991910143548573,0.5023517457528515,0.647671948325808,0.974399627614156,0.7193519737758572,0.5767996993262519,0
0.23478728918315028,0.04286508003995686,0.6838225693125066,0.2763875076651684,0.3310178739900158,0.9155330443375267,0.10901511605829395,0.9184813104853362,0.1860282942619052,0.5701329749149876,3
0.8389900360587432,0.1298978975226148,0.4192720742397904,0.8596346949452671,0.6989058461173945,0.7605329382609458,0.6106050456995116,0.6157084302493786,0.8177485175561926,0.8168414362266823,0
0.5598379661007103,1.5353198953867802,0.2822889641189826,1.116039197167476,1.0992545743256583,0.7156259129205997,-0.17427355152896462,1.2162972266854615,-0.11936502053214282,1.0877054245170985,1
0.8434725512172059,0.033916799477936896,0.18064319975604137,-0.027091853335327987,0.9142113453354086,0.6893443508285133,0.8146838242005371,0.09999716584882064,0.09993414050546177,0.2656235874367978,3
0.6556559403061488,0.4698543164841418,0.6401011910920876,0.24962844068809928,0.636612906473178,0.5773365635992134,0.36352272248462186,0.7329512892521256,0.8093998307768608,0.4205962767131516,2
0.5158598276896776,0.7722318639610859,0.22158970208038084,0.43368166937884756,0.10237643303088732,0.7061156231423069,0.7735989224082643,0.1821612731752101,0.7604063634472359,0.15544558737145203,1
0.4967023817594051,-0.5389969360943679,0.5598278341112777,0.7885154625678485,0.493710110268391,0.5880076309749125,0.5990271124415092,-0.18571457668555824,-0.16874192833789642,0.3773267385104073,2
-0.0838554999359103,0.29098793553303615,0.8487819249079614,0.6329413549269169,0.24038256879842665,0.508382662639819,0.4135320624270723,0.2471210522007264,0.5281126816079905,0.5074914199054585,0
0.16325079208818738,-0.019980689733388027,0.42216898591693097,0.17642990721015678,0.5929400502777512,0.48647602162635434,0.7153624769308449,1.0762123833355899,0.44693794199460185,0.5316677332931901,0
0.23395201111178973,0.5999434328745042,0.2893207398188324,0.488587712139531,0.1961326241174789,0.33871576390350516,0.34432502128076037,0.49125148322074996,-0.1734662382984445,0.533266706941673,0
0.6369292757723266,0.7641927013890271,0.11708861079064056,0.790248553450879,-0.11433914689389649,0.8881216454086186,0.7298140052676113,0.17304677494077192,0.7518978536495198,0.07435374824427908,1
0.7815275505265364,0.7340436137146358,0.4850424888560869,0.2901428685784556,0.22196391439103036,0.7203944977246797,0.24507280236664483,0.8393036875212263,0.2702678774136094,0.6608664579710067,0
0.5866568818774204,-0.2048410746336875,0.16336030138121255,0.5258975624987513,1.0019566181666173,0.8919812397788323,-0.1251730443636897,0.6357594600320225,1.036982214112533,0.776334882258198,3
0.3959991078659977,0.06834947322592813,0.046207069908249326,0.10886283919516437,0.37270389950008936,0.12929307977554433,0.4371660618763564,0.34916388564761897,0.534250093026793,0.31267755760597415,2
0.03970780474463228,0.9200837430527851,0.986040109200152,0.24912124280623804,0.6785417036504727,0.15999347990159604,0.46210429995095187,0.08212742484267435,0.9085572646621195,0.12047712976594029,1
0.799089292594635,0.7716645174379568,0.7891167465948077,0.02863290355864894,0.9142146324539834,0.1547558113102438,0.16102230728164618,0.18349594945082975,0.8201873510115579,0.8975191628631498,3
0.2658619867610736,0.07427024794398442,0.6547806179001331,0.2766798562204421,0.3064664801282008,0.9337902773789934,0.12104861543123656,0.9085467932132988,0.18868049076280352,0.5304336867603714,3
0.24889239829002158,0.1574470490839465,0.09190605348759309,0.9698234283330596,0.34746336331930977,0.3373900992603566,0.39559075543755395,0.5324133223549224,0.4352319106264713,0.215035777708776,0
-0.3175124835533781,1.1923314105735565,-0.31674255997673506,0.015537155124378477,0.2994447992717019,0.2982508954545727,0.33361097085302566,0.12178930476074701,0.02406490855233967,0.07594724898718491,1
-0.01965744508323774,0.41572576528831673,0.5389813103292411,0.6658944758435109,0.9347337593095183,0.2228385573855861,0.6280817635672832,0.01087935870963351,0.5924361531156844,0.9097658124224975,1
0.9210626560816713,0.3240594967320229,0.48062663117089693,0.695183085084045,0.20167948538322886,0.020068041989736607,1.0665319566256999,0.49749540659117886,0.27748809259820645,0.42527062924502584,1
0.2854093615376655,0.8274894900299359,0.6359659555257191,0.780870016155741,0.11748883703320111,1.039876421682537,0.7034665162444514,0.8041933253310163,0.7880728698417048,0.8224138039162425,0
-0.46488972090096126,0.443981624797206,0.3876959616833032,0.8701645989947806,0.6214938924265483,0.45194233242513515,0.7526122773465984,0.3720621787581425,1.2230582213709116,1.4475368053572217,0
0.7900483679571048,0.8672840334868333,0.8838748104406288,0.05159224504160071,0.9799218927957046,0.23326896957850374,0.3202442261109147,0.1749990852442517,0.8058112289600236,0.8832284676817967,3
0.5971673843497503,0.3474716384950173,1.017516135185708,0.5886200548694596,1.0267290724397797,0.33235221515964497,1.044355879848733,0.1997916389728862,0.9595893583051707,0.23293088152058977,3
0.8551251819740597,0.732591939228831,0.6650313070077607,0.4491373751653432,0.9104945788069084,0.7638934367240813,0.4498778548815102,0.4603090996979212,0.12059074388431922,0.36290107195072596,2
-0.045703775343019615,0.3642055608601612,0.6120031262125385,0.5915417729087746,1.0840395747159044,0.13068869587678117,0.8031348502358716,0.015129318877018016,0.5985777007426301,1.0170979449754334,1
0.4991803329179528,0.8614370942424445,0.338459212226684,0.9217675574940385,0.8800064508044768,0.6278468803984967,0.9775491852259554,0.9616114375526058,0.5046837685379493,0.6570810367485386,2
-0.022978962664954222,0.9001397032907346,0.3453404706615694,0.2167447452137764,0.7002368218314496,0.3492988964617293,0.7440654664288735,0.2161961333719156,0.7386227896392382,0.17453259755200504,1
0.5682590786244572,0.39630500913886363,0.9883165880576907,-0.005044763808746855,0.8211495370584964,0.08511109208908296,-0.4100944343527283,1.629304588083882,-0.20296511190867284,1.044701096076856,0
0.5302846310638107,0.7203111425678439,0.24347988270187776,0.6219753849061698,0.4933857912875714,0.7438585771483712,0.3589578038493354,1.1201680321812304,-0.011680381557359842,0.44033117573302916,0
0.6009511475285051,0.5267447539088835,0.6580342749284561,0.24797655689470544,0.6108511624093595,0.5866617866492457,0.35016040319165886,0.7817283355417255,0.7560889820287842,0.33094199657407614,2
0.03887723675592039,0.9195707967900825,0.9642399383388601,0.2552432518854337,0.6988010155525008,0.16416148865442418,0.44098876805838794,0.07003254887059891,0.893763013865286,0.14118311874982445,1
0.8777039752014277,0.14350950277024838,0.42526091790436615,0.8470671044151153,0.6966858494258875,0.7034845197660543,0.6186188044914439,0.6608705573084318,0.8163469250626321,0.7847938024747843,0
0.45398123599368806,0.7192571269610042,0.4207469286965565,0.06272434537374252,0.18018114472662197,0.27937645355291696,-0.07440320794497526,0.9595143433959408,0.7599839452543878,0.08354174636875134,3
0.3090759780586534,0.9697818086681482,0.41037912945466937,0.40214966616302106,0.16594342384594998,0.6233888192489581,0.3696525133209866,0.5559273639373907,0.28576844337502505,0.5682939766634953,2
0.16049061297481793,0.7432794065297169,0.4380334439431669,0.4480866330369306,0.6278737624629054,0.23859182208532642,0.5997507221964661,0.21353908151872872,0.7238408730052954,0.21927891015943543,1
0.663535058236738,0.33714390305808684,0.8535498200507587,0.9456427115939943,0.9712103446269211,0.17998887399581334,0.6018827049360012,0.45352412618349003,0.7214438163921169,0.8470636021856591,0
0.4008214416998185,0.39384234619228997,0.15918915061416405,0.597909847909437,0.6251932792222585,0.7075488692992699,0.5872664924708599,0.36199115961955225,0.6698933781110505,0.2791473239879976,0
0.8989525950010293,1.3443693009325015,-0.03893639260538251,0.8870513446653263,-0.32310859268559944,0.44470230348194684,-0.3524755984744845,1.2477092632506679,0.8260635853182735,0.05590588734737878,0
0.030935413879881208,0.44475085229230277,0.7426768286146823,0.6761770382289235,0.8740027746034764,0.47388643327861024,0.820593232687043,-0.12277283872737899,0.5457062658184533,0.8265329831235046,1
-0.04799455200650318,0.7653087669589459,0.9117330904436831,0.09447271350910943,0.6109504232029963,0.07260892609823881,0.37539174329415503,0.04021166063437984,1.0154459538492637,0.32813434664977675,1
1.0076191535552748,0.4534013217760507,0.8247359561441329,0.6216082132851933,0.8573560952948418,0.45298706890256335,0.2797540023821289,0.7132610104892063,0.4363331448784946,0.590267837990736,0
0.6057783462929591,0.063999976356116,1.0437076564095578,-0.12147183659779948,1.1428353204789536,0.5446646760044158,0.9268522864054095,1.0340662694055753,0.9940732952269073,0.24710001557805772,3
0.15633251268400505,0.10375215867647067,0.37276336875924304,0.2280520753752772,0.07259907292328827,0.2979784855589633,0.60436369594321,0.8061371914109988,0.7762478761463727,0.5122283805162994,0
0.8327861883382829,0.7849627201327554,0.16571272595922842,0.5589700347047174,-0.24389850719229472,0.9983088452567056,0.5093882151678762,0.1966485001369613,0.9506719682142586,0.3444534018269961,1
0.7188160602554653,0.4147299531902267,0.21648146036983992,0.4755464790871374,0.05745162831287642,1.0299660620321656,0.7696000434334407,0.31547791458431074,0.8833901943626404,0.23150996414100541,1
0.5958076801037311,0.09713206754153114,0.21537835312250564,0.47492125109131,1.4034587264837193,0.2882283150386533,0.5657464297616193,0.27265194352422106,0.2513747460629626,0.3644920800041501,0
0.9383440366959901,0.06238756467595096,0.4951989406071772,0.13559417355799305,0.80846638055034,0.5019255392896811,0.9095051936511668,0.049121335371645106,0.05647157017244481,0.3456836552733499,3
0.31547967204956695,0.40052000123778436,-0.003090309611387898,0.5601717110177172,0.5001178055195714,0.6247049039971126,0.5506664155273264,0.36349788415903117,0.8242619235842578,0.2258365313087068,0
0.10486725233822684,0.1347932287800027,0.44305638145289744,0.5296613067371972,0.09986551554031675,0.6167161810183762,0.6664665962357846,0.5005734413068511,0.46386291197922647,0.5577170114259783,0
1.01767371728189,0.3803129745137818,0.042388319992509936,0.27566820437537687,0.09100804905357113,0.9001570101163718,0.40098210942592744,0.553794043073259,0.3340718468753965,0.7807719582367655,0
0.24808372862878225,0.15866783393538414,0.09121782364265626,0.9702881356700545,0.3477824391781311,0.33553120661189295,0.39318271966427293,0.5320363202935066,0.43611607672533964,0.21618015847592786,0
0.47069390895831204,0.5275923127866242,-0.01803412415191674,0.37082434051335217,-0.08143871964102965,0.9622248753249723,0.6168587114222158,0.4059814485694083,0.9341215755628867,0.08570116587799233,1
1.242891850174915,0.11224573811403735,-0.11827426293511309,0.420152616735136,-0.08576796428421207,0.7028932334330171,0.2497973979550851,0.26321490490821525,0.306831702890278,0.8752954131074775,0
0.23044873307293223,0.48887494515427266,0.9301728628529223,0.6590794927460922,0.45290984834465114,0.17238493608477096,0.4808443522855451,0.6825395389797506,0.45431788944860624,0.8051176892853933,0
-0.0790648695006049,0.9935666129394712,0.48135749904758746,0.22584118725174884,0.7998089008477302,0.12964773419524384,0.5105779649267081,0.17362453556471133,0.8857851309908901,0.31369896770737166,1
0.02675166679191745,0.9236032246721316,0.9884259394513969,0.25434922755110906,0.6952369458010094,0.15440661704762149,0.44666981985955523,0.06368857746643176,0.8851224322166614,0.11718153023488678,1
0.8556869336109576,0.3772611077903508,0.6231504249713702,0.6076058478476434,0.530862296167593,0.6592033289380044,0.9219470275011019,0.31887400220381007,0.1815115805705036,0.9313474195079456,0
0.21031239961363143,0.6302142001518454,0.03232452145115887,0.5464967757834913,0.9926998699092373,0.2203240247913669,-0.06740483963045284,0.3545048006310018,0.4809319043347332,0.3588848415326078,0
0.9679813522882246,0.07221468924841486,0.29096211042986814,0.5776787083604638,0.49049081273419337,0.5115985401100962,0.8298185105484324,0.7732299220062928,0.778109142084106,0.2033215506165281,2
0.05229029281618242,0.2410350801921339,0.2946876585701766,-0.04767240494501118,1.175092631461274,0.6304910150383602,0.35871213448659384,0.747358424279179,0.9119047787804618,0.580972160151825,0
0.966860977499436,0.19193047604021923,0.7421189241412247,1.0598014041282282,0.3195341967163096,0.05927409501575753,0.8805606929653151,0.36142360444840127,0.7677943619252745,0.6079724509155375,1
1.0572288416091022,1.0547430012469738,0.9156708797499766,0.23783251768176134,-0.23968384105433643,1.1859889566094233,0.6151606207047888,0.358172217387455,0.5926598365768183,0.4362910322042747,0
0.0282427188355608,0.8388236738509522,0.42213298845095953,0.36115472180068753,0.6634830907098305,0.2144371962953801,0.6318054360153179,0.19244087351682104,0.7995865639560178,0.23174760821771703,1
0.5785251539223302,0.44415736676555684,1.0001342383877465,0.6785748791184489,0.7179569690603994,0.3923043480093005,0.255935005161688,0.6325763147687832,0.2037722342192558,-0.1229592147033769,0
0.5440205836989276,0.9768051684018797,0.9376939581202919,0.6667976198619247,0.1387215397585157,0.4992411635259023,0.7663853693666989,0.9077367169101663,0.5437406872579776,0.4066075519072227,0
0.3085404820844568,0.9697693407910961,0.4111528003300843,0.40195241835459117,0.16677607544427195,0.6225014402467713,0.3695617073333612,0.556300327180463,0.28731589871534696,0.5676414689833383,2
0.30766898263631054,0.9787566909630827,0.6626783423838849,-0.15013914201379297,-0.6031571319969933,0.14227080146263027,0.39153211958197653,1.005705176463362,1.123489470560154,0.4283335083436938,1
0.4656402179913285,0.7527552444387003,0.4217669070828492,0.15889506715666452,1.0066368844868738,0.5695316338360874,0.8690872735524797,0.8714034322640096,0.5913218490933873,0.709965874480706,1
0.48418436401100695,0.3711104983650754,0.6673254759863542,0.43063308882157353,0.2483898648524822,0.651363867925008,0.3634169908810614,0.3663612929570136,0.13060216406534053,0.20168608528237636,0
0.18020930720770442,0.09559139916581624,0.34652962015371036,0.21708510998256925,0.07350528548771658,0.29529589459264244,0.6076280367423803,0.8149172357512243,0.7664596284853366,0.5299357861500441,0
0.13480897183906965,0.521341057841763,0.12600882479414569,0.5137630488764293,0.49541055657299315,0.3368507552881131,0.36899013616471876,0.6707451817397173,-0.10724711010488697,0.7096968353412615,0
0.724921959620818,0.019544981864924156,0.4547045365377328,0.5931629898953019,0.800715083838913,0.5792431865322385,0.5047130882407508,0.42966554690901815,-0.027076451232671765,0.9458510838021826,0
0.36394372273738246,0.5738955581074583,0.14304759857619692,0.37151130000145527,0.960397506268662,0.12272471347292417,0.0461312274949248,0.35368631015589924,0.3482984975729436,0.2274650602387916,0
0.2969943260835751,0.29555508584133433,0.04607364063095914,0.4620858144083443,0.4328357258727107,0.7368354004674237,0.41365299579552584,0.35129044749870003,0.8269379093307628,0.24516591269848179,0
0.3088401538172125,0.9693530241496273,0.40844312291991636,0.4038140991780061,0.16488917072198148,0.6242959770239483,0.37027757530704386,0.554531284007314,0.28517290751281105,0.5687824351928463,2
1.1145194762128243,0.21287869884743066,0.572921596064035,0.7803467122843978,-0.03645692468760578,0.16062969383244627,0.8912117062678304,0.41350143032387243,0.4104093717882951,0.4185272228353094,1
-0.028216765929621343,1.294039012547766,0.23663119312013495,0.6114150529817011,0.9400946294862014,0.649973444069593,0.7972366142144289,0.9774105721595039,0.15289704451801786,-0.10985694240150451,2
1.138988911799043,0.09506255173478559,1.0076839026958515,0.9274557144614062,-0.4291441807962617,1.2913641479902545,0.6878805768356834,0.6506416364903866,-0.5447710137682458,0.8715594574032175,2
0.6818467667939054,0.64231773440581,0.1946403902922812,0.5460109937599147,-0.031982245875220354,0.8598564123944316,0.655191447965659,0.29524290095944283,0.9067264319646285,0.04574980981419311,1
0.11518753390721473,0.9535098943830175,0.9809155614763775,0.33611576619942635,0.8036278668000241,0.18061068589654383,0.5536719839943758,0.04222122441312675,0.8263740365876775,0.2582203222163407,1
0.6897077592918297,0.33940179527357695,-0.09263878561087865,0.5882106421771967,-0.1835936947770234,1.1946490372400165,0.7812761673891202,0.5788106285644283,0.8953593763418146,0.30221118504148337,1
0.3301347576195022,0.35593459821286516,0.09082690642516586,0.5183718834959319,0.5950186064491774,0.6236574901449148,0.5409530934104243,0.3506304464558311,0.7516069462947297,0.2496633664697221,0
0.4907878331872936,0.013888139450121656,0.4268005644893834,0.4991233707297925,0.3173654010962865,0.5019362769208865,0.7169523928284449,0.543075818707411,0.16068088504317282,0.9992065522622255,2
1.1338670018658015,0.0009097233338357658,1.0142090870039175,0.629832827891704,0.8468083145604042,0.2321407646531208,0.31498089749575997,0.5367799737566962,0.44373030225586463,0.3978074589769601,0
0.2526359451533672,0.3776457728689039,0.43624120354105833,1.1107915522475074,0.6303328509245026,0.47578031080367345,-0.1673811104905995,1.0224659997342016,0.41735552740502935,0.8086991331029711,3
0.20579416109339138,0.23490243352089252,0.9324241281193387,0.18657758364666915,1.0973592143230249,0.9537137467538046,0.8100304450564745,1.0670306556996623,0.8137659519509154,0.3053644842419285,3
0.7553079576731628,0.8283022370888898,0.7986292030601714,-0.05824593049289356,0.8725561684035171,0.09955957335037952,0.17945465434767224,0.16432915331955344,0.8770699952027152,0.7935913315921093,3
0.31077195543615266,0.9717679137889808,0.41101418345407337,0.4017113636322372,0.16449043991243226,0.6239623033890204,0.36939208704517734,0.5546144373604553,0.2858217192364108,0.566238088094715,2
0.9457005114247786,0.27490439642025954,-0.1260455813065351,0.16574097689629455,0.4048126053495705,0.863462427889348,0.6469333889395223,0.4526451344060504,0.09473179740308796,0.6307178270063897,0
0.9696072333724431,0.4837272454463989,0.634360104105712,0.44812309313841037,0.8923888328287495,0.44479749049701156,0.33552265281942045,0.6298578295961342,0.33447177589530713,0.5383392268748566,0
0.1224388919652298,0.11383037601917599,0.16793589887825283,0.20792476922348252,0.8585929402613994,0.4961970730398536,0.38758622090632744,0.8380009134584012,0.4837497594718149,0.5363544173004493,0
0.35510183865378336,0.00882964000863165,0.9399329359707745,0.1346768296913065,0.8823199061590588,0.6490081348675762,0.8643071196358649,0.8872882426820505,0.872338235368196,0.2829850599746564,3
0.2807849959588628,1.2806593626847054,0.520972393794283,1.1172855472423482,0.683738996309232,0.210232983010176,0.9375315190293669,0.5573344718838954,0.400404593100554,-0.024810583163172667,2
0.3159494357322418,0.21707981639559115,-0.15561378338665555,0.3319555562921964,0.2916455986496485,0.12913235872261275,0.5057726567928701,0.698399183020625,0.2952426834608387,0.1678791927400541,2
0.33466055129649974,0.7539385651527223,0.6439114250242194,0.23526129639126853,0.2574372854873581,0.458175521954033,-0.014029966381276043,0.784801669574235,0.7854087000108976,0.2644676724234939,3
-0.03428033313777294,0.11462490608585071,0.5911457855156956,0.5279404225944956,0.3077617660238522,0.4523119364272831,0.5985341538498851,0.39779911082391156,0.6689343278821837,0.4483179961980743,0
0.9256401760439931,0.021053343153873763,0.3028306023902514,0.052103905543560786,0.8119986116510475,0.6717799462162602,0.9852875996061199,0.0319968936891526,0.2352413169190137,0.4326088351079997,3
1.00910512601889,0.9304246656084263,0.7631797829117991,0.34679197853913535,0.41841438911109696,0.822044473721621,0.15598883879804482,0.5268232874407442,0.307906873489576,0.7966218606406558,0
-0.10747758068374857,0.5340753056564305,0.8137866924156874,0.6055295051875246,0.9600470647900854,0.889448735038227,0.743762950972095,0.7977746662622259,0.32774261730521825,0.17020862685152072,2
0.6845804552294894,0.7936438384127368,0.23351981610770475,0.11977535331966518,0.8297860342649268,0.5675146183992332,0.8060110707609759,0.7456042135584732,0.6706412137686953,0.6889443404870786,1
0.9691538949318541,0.3555449762000468,0.07683034762916004,0.3093587767180508,0.12056715940220529,0.8709629833777902,0.4135450247575763,0.5412871382452796,0.36891974696497837,0.7649996964418467,0
0.07043396568227471,0.8576869923467472,0.44331797204944945,0.3294179999944511,0.680522961285445,0.23509928073912142,0.6408485938796072,0.20881115036380282,0.7967994624169094,0.25480790805149944,1
0.5300638500305633,0.28896485018897017,0.5828275240601329,0.7490489962435923,0.4988564172227693,0.58770929183083,0.07868814225390348,0.8580753296719086,0.7760759960133088,0.6488860080816499,3
0.32472245944527267,0.6477543705405727,0.644539609345649,0.8864085032238016,0.8012516370409014,0.3233759204707909,0.9456881559258488,0.7943461211982388,0.6298531931827527,0.11352104123284477,2
0.3099741897104549,0.9710380675087095,0.4106722186879129,0.40317114343859234,0.16577855039112668,0.6242008712465067,0.370628905024879,0.5554765613189917,0.28524585808768044,0.568112747485194,2
0.6017650835641409,0.6315130350412215,0.7778693985094172,0.3627582248217234,0.4859080554374768,0.5388552504009221,0.32457370052330825,0.7687936417925154,0.9051605308196442,0.3484433234243448,2
0.477994055803983,0.02710997209007439,0.6888695841549541,0.18452416983306075,0.9971243048399997,0.8519799197343187,1.0835669718619456,0.9893071408247801,0.6985751868002005,0.4865826265714658,3
0.12616477512831262,0.6277012743641232,0.2620715040437348,0.6788520434526182,0.437352339826151,0.3916269972733582,-0.03287265635671116,0.7925065721784158,-0.11202595265621812,0.44632928486072715,0
0.9556634111830766,0.12577248602120478,0.14281077328941036,0.47713214133500326,0.4161584661018646,0.38619895428235107,0.7017160426126374,0.8900464672867165,0.8788263768092958,0.25173424674343164,2
1.633724042779432,0.010204242321626034,0.31990021714160216,0.8565913009372668,0.6482843636353509,-0.35925818170430956,1.1024399704977133,0.6911179456858014,0.29153098028998736,0.8757187381624275,0
1.0711655698798788,0.42833475376499114,0.4339421757283498,0.9178614043383265,0.025994641312591625,0.30152966103277784,0.8614005063925115,0.401498419665621,0.5463001162538034,0.26990898172372085,1
1.0045273513064705,0.4120463783669895,0.519161368580477,0.8174566940779583,-0.016198916347494124,0.1673030419750084,0.7817477676819949,0.49882791019542355,0.6723158977030629,0.31500118597393145,1
1.0060472548437476,0.1417380814039862,0.8420745074278482,0.795692993587251,0.6877483196168096,0.32430011197935316,0.43370942411940644,0.37848626515046296,0.49088782385038154,0.6061998603646427,0
0.099234477632793,0.11432453414699181,0.2823959015360734,0.2827449122570149,0.7956678560654887,0.5010571113082044,0.5387509770432533,0.9377051532259043,0.6813877864435309,0.5742325881350618,0
0.7545770814831361,0.4057316255424722,0.9387241239462087,0.36788550928184455,0.9833338358830978,0.591995810939493,1.013250588577465,0.4529392792023374,0.8358714060103928,0.28653378512728445,3
0.9126060359716756,0.10196028641568908,0.20110827737549744,0.5542011765942463,0.5294078412664823,0.5238349752168523,0.6908803999330915,0.7870257450660356,0.8833709188774107,0.13768013508937205,2
0.2923873826220853,0.5923694170358776,0.3760466249411019,0.1882840418326353,0.6675155926916525,0.7871396912342362,0.7220974107516729,0.4904336085386094,0.5092563589744419,0.06737489479294301,0
0.3806944225073428,0.2518522389375767,0.2421023531641588,0.5455916811200294,0.7265048585939473,0.5923765988258943,0.4127989195650762,0.2759625017209853,0.8356843405118355,0.3946141221967575,0
0.09611555539510029,0.9854097979893472,0.1508117916343093,1.0036302670493176,1.1228069229279585,0.6635361311604091,1.371523596188117,0.9897698243277007,0.64561749795725,0.4271130617959087,2
0.740994539223818,0.2863541907328284,0.7081302912225405,0.9335144950629921,0.37780640604100496,0.8969461303838767,0.9072220024469787,0.19849979004091622,0.7997721717307178,0.1580569889223474,0
0.3673561720572294,0.8160205576197582,0.31704943297085975,0.3674651431032714,0.13092326253274472,0.3571668038916375,-0.05574401616209208,1.009805190375379,0.852843518036393,0.05047193955407263,3
0.18752792065997362,0.10373853644052547,0.2806170316243351,0.35936697997822986,0.798192329555211,0.41552516437680387,0.48693121926418204,0.8216969833561523,0.7487108229460361,0.6501934528619474,0
0.9074983415456122,0.39293612267591205,0.6173509772467525,0.8487184664205992,0.8026345650145081,0.1871658932953253,0.9840735542259498,0.4999782677195468,0.7795186018035721,0.8227101290364465,0
0.21954952665805194,0.10602948877984242,0.6712562320812465,0.1718615512798548,-0.03661186780059672,0.772447704349369,0.5470813520524255,0.391217258031078,0.3048799933995716,0.1397610668328553,2
0.9344766072205112,0.3255451695139929,0.21723835577046705,0.11043808690020712,0.55139440100936,0.9078185948102491,0.4051852888476933,1.3634945748212774,-0.2562092938619144,0.7479449253454057,3
1.689654802076229,0.5252062021068187,0.1748204735804697,-0.5418243137791441,0.4716662646508395,0.10729987467511087,-1.1574607555751837,0.5183582449713353,0.2584987178448013,-0.11814149143935215,0
1.2137043308265958,-0.1935671128150458,-0.07089955548234012,0.3908956608482196,0.4687594603237351,0.4431324127213084,1.4045378216759574,0.4257863211904933,0.02214698266771775,0.320500976858699,1
-0.010214479763471215,0.7663708173725715,0.7707815434083456,1.1131509065149061,0.7313638158903684,0.9050545746520653,0.006406065195862759,0.38292982682758003,0.39635823315127844,0.08639262325569232,2
0.660968165981777,0.6947055509310376,0.055354113551215445,0.6725205374204002,0.034812243157930675,0.8988467828173322,0.5964268524487868,0.26939317490225667,0.9441047565109976,0.03819943632993025,1
0.4505172060667609,0.6719606085314143,0.6747211798691231,0.6740727588786495,0.8519815037967085,0.524556426280726,0.6180830589297973,0.9199661315938681,0.8813559742137088,0.6997453720201829,1
0.5729469096991259,0.6418922034803205,0.19652665412440018,0.5666252822577156,0.09813383475144698,0.860411230400726,0.6817253165178471,0.2904848887550871,0.799734604298271,0.09461903906529895,1
0.5807231328209351,0.5126120239821479,0.6371951397284348,0.24335421160274986,0.6089572615206323,0.5749796479366817,0.3198824371096429,0.7657202775376344,0.7855888002079964,0.35060214976939114,2
0.29423565028434334,0.8332514653355065,1.234206413942128,0.6478832776263868,1.215229397031054,1.150918489802272,0.47372409992981757,0.4977957496082105,0.09679148437834872,0.18488281402022658,2
-0.34244363570032854,0.6729478568448993,0.46824697914743496,0.35078965009692703,0.9916135748168801,1.180835892021426,0.23770516006395798,0.41151090206479324,-0.1384280168357374,-0.33622633407804686,0
0.25782231116279275,0.6207457044852576,0.39019878596752167,0.4998590517792953,0.39285173627102143,0.5009841491751127,0.2665436549606165,0.6072371627367434,0.058259269272374854,0.40779443373412333,0
-0.06824910007184878,1.3083009669139838,-0.4056613167204135,1.0148201337868916,-0.038132758745896056,0.8793273827562843,0.7649784216613089,0.5937937067120092,0.013534731712674719,0.1356955844492977,1
0.7618872762374395,0.23190812470730038,-0.13644698977143233,0.1900329043780742,0.19347667795789592,0.7066370076931086,0.49638294476021627,0.38570771266527826,0.4019795407333428,0.5414677027966597,0
0.602554619349498,0.5217055952962666,0.6915163039579407,0.245719535296511,0.585085335867788,0.6321359110431473,0.3486561268234844,0.7793615758717285,0.8077043788710264,0.3642983939132356,2
0.16170059548021384,0.525813646454778,0.4340007352187835,0.39681426421763416,0.4723288326705298,0.3853284899201803,0.0905028252578987,0.6224448673681613,0.14146947132830384,0.3830357241462536,0
0.7847635450383403,0.2649584883499798,0.6591338758985611,0.9144180666754692,0.3385571100003435,0.8979106753357423,0.8537323641510466,0.255627938924552,0.7494161281190813,0.10001960429554083,0
1.0373092771898658,-0.01574264960396765,0.5922371840058733,0.9385291297475507,0.9480879409223747,0.19923354252974368,0.31641937396388325,0.6681500268328193,0.6630479335179899,0.3871123488152792,0
0.9695131417941978,0.2308886991368782,0.3221202997182674,0.8545941187613577,0.18736207166072572,0.2296551640075768,0.9147784672473893,0.5375976264365718,0.6126480847306126,0.4296805296877395,1
0.09165298838501673,-0.00454700654305105,0.4378111168117166,0.3771859974166363,0.17299341122136366,0.6299334537734133,0.6207748108627832,0.36003816801177135,0.4816873819485585,0.2675701044702538,2
1.0719187719280594,0.4107930999004339,0.7734822621727813,0.8483623270075235,0.6580564800726156,0.2952298107541091,0.6897817889812745,0.4316939691377948,0.9459862940787962,0.7598221714866058,0
0.3102849455553701,0.9682542834455015,0.40980940327569576,0.40045522555131546,0.16741905275698699,0.622069558347436,0.37155149369499313,0.5585628021291804,0.28726365234641554,0.571035110557184,2
0.4029690920430272,-0.039455283780767306,-0.040351820817996945,0.3768299953116778,0.5896408528795906,0.3526908126131465,0.7281787576690318,0.16855019472628613,0.5922238996420104,0.29398173838543357,2
0.006894713215035618,0.39972396190522413,0.5757333760924739,0.706690088260067,0.9970543948757852,0.25279209181896817,0.6804147601492553,0.04012883613338058,0.6137959745768112,0.8580646241058904,1
0.8819529705005238,0.5087637860191763,0.20559324137542695,0.06504765434507251,1.1961438079419393,0.5029264241762517,0.5737163626298262,0.9888161744403687,0.6573227451704325,1.062369192741977,2
0.7079135727062685,0.5931654508644157,0.10246658943075324,0.4084113135591368,0.05162354081075598,0.9988201061169564,0.6104911150493822,0.2383669437497819,1.0340042108263976,0.294858922960074,1
0.13178011903561032,0.05836362933091679,0.283505887118128,0.3234261288757946,0.7784506633548789,0.5065471635518637,0.5888173718782178,0.9926895541927816,0.7113280809400047,0.5305791109817257,0
0.8305414986079988,-0.01673316077122472,0.3269637479274668,0.15170950440338632,0.7710579512454051,0.695711407441699,1.0267283918680294,0.018509306514246288,0.1782757480284123,0.4713524968886308,3
0.8510625521442745,0.23929293512868793,0.7749635750581239,0.27658179208979844,0.11589122568523369,0.8543378663494661,0.5703962230434477,0.4292754388675635,0.07210236094620406,0.624170162254326,2
-0.0642815587680998,0.2769637246594616,0.808709682560745,0.7167524348289634,0.43659317756085814,0.7156587869596585,0.36663707709017707,0.08073922566155645,0.5597830533391662,0.31405894882323926,0
-0.2912689436115864,0.8203009994454197,-0.6863911516279432,0.43424572487195867,1.1749125872506638,0.5949533665378413,0.48665362059730244,0.047244640080978506,0.15363212135905893,-0.0968051625150449,1
0.8363852322518831,0.7602296422734877,0.721078315536487,0.03303715608334509,0.8608450620877686,0.1778197425775279,0.21972294884083565,0.25390785576310965,0.872093775308712,0.9215527613976942,3
0.7557170555758862,0.8981636805265099,0.5012954521818287,1.0501363963899115,0.6237073741399294,0.7626903563209544,-0.0669659186320537,0.6666613938229974,0.5690861270397859,0.5082873711290685,2
-0.18627222908383356,0.2655148687756312,-0.29032368611449816,0.9071705273954848,0.5646531557500034,-0.30708106383312284,-0.21033209860402008,-0.014168770702119693,0.4019810573493467,-0.07771250057328066,0
-0.04968510655778194,0.7666615913087691,0.526993272331342,0.25007272259723606,0.7942425926919885,0.30768309950475264,0.7306091241951752,0.10242042519996487,0.8248476337643513,0.3050208403299337,1
0.5123673521461549,-0.13784978968078357,-0.13542633564751216,0.1382663785013472,0.37137996783717314,0.26094312805845354,0.356001153700223,0.38219831008592275,0.5408750066382579,0.10508065495101235,2
0.8498293654478684,0.773771624248082,0.7396958889381462,0.061518098890704365,0.8864516660877408,0.1498004412684487,0.19412437670799335,0.23863198741023048,0.8323757000339251,0.9367203309928487,3
0.30493567164818,0.771323378711272,0.5162826425374275,0.8927761061236051,0.15928199225604553,0.9429627793585406,0.6567198204666499,0.8937628277999642,0.6784315375925891,0.8112966058736776,0
0.09160616775705324,0.26108677491467414,0.5631490317786404,0.6975008521209716,0.26049252123042343,0.60165902066983,0.5552072935442979,0.20391905678392602,0.5831365775313337,0.4560338888679516,0
-0.020868223081322766,0.8319307215020539,0.4510761670798567,1.0448091157099506,0.9971843810987997,0.6704911134448966,0.8490630472183837,0.6021683658549727,0.15481652765627868,0.3196533649200529,2
0.9904673533186822,0.1644578581880122,0.22800173075507524,0.02703072721567372,0.723988480746622,0.704414645110656,1.1250857615503536,-0.058576579262081624,0.28586811152672253,0.29714065119981947,3
0.2292706750750089,0.538867947385731,0.34619791878481604,0.4972389690951871,0.4101177761738958,0.3866493823415815,0.1498768153463348,0.7134395663094533,0.0158063582268705,0.4129740614665469,0
1.0496620395376688,0.8059294847949574,0.7598008879670282,0.8430393533344751,1.151599465246246,1.0680598066166533,0.6059267417763421,0.06395821005847424,-0.07613075707099765,0.38696025180504784,2
0.3821461814956101,0.3639211786662384,0.08964342100249445,0.4971089759643997,0.599464460608975,0.6094482568174086,0.5581503327199856,0.32264126150338474,0.7530388545079668,0.2213947973792388,0
0.2609137961049368,0.05489975597886366,0.6600194981096907,0.25407782149697866,0.3092703051847503,0.937970071984772,0.09944664027430898,0.8992211788239067,0.20055776936829742,0.5504356003344827,3
0.17541990536706978,0.6083552754739037,-0.28485329305531976,0.6406976046335765,0.2615019518338892,0.5146460728401614,0.4812258152876295,0.6249146738815594,0.49365874937721976,0.2634087673342742,1
0.3096655762076294,0.9696252828559064,0.40992053286885605,0.40226619134083336,0.16473123078476293,0.6241952761324597,0.37054666642308554,0.5552887410890818,0.28697237667725933,0.567536938497574,2
0.9504901029117943,0.9624560427291865,0.3632422597293339,0.6475414233739957,0.820282985612899,0.7431526436256881,0.4437121143279808,0.17186490842082006,0.4129105989378343,0.5295613147121174,3
0.25193844890439365,0.8661256977492706,0.44054258372076405,0.7954857881969332,0.17102078693453177,1.0481770168431077,0.6115073985597272,0.7929941420082608,0.7887898702262542,0.9607155853091733,0
0.7080161980499771,0.05198649766550699,0.6387648814359367,0.39537652048882366,0.03668641195422351,0.7469899245106177,0.45399131002031334,0.46171819912106854,0.12223808537411333,0.6416328583626586,2
0.7161802523398874,0.4046681754054633,0.4538859236299925,0.3200466909267285,0.4692798859493862,0.30153193803858946,-0.1094514456770429,0.9265371027506922,0.48558533393164016,0.7765856380929402,0
0.8883489492348988,0.8863203384463326,0.1656073473420591,0.5307957700086009,0.9639238729218533,0.6621685608612378,0.09083955691563883,0.6116595065862008,0.40677592258650946,0.6142252251783467,0
0.24152158465547335,0.3605567433400233,0.16118054110255137,0.2569726541160069,0.8201251073701638,0.3983571766247942,0.5065504146860741,0.17600288803532468,1.0689108186369456,0.02178081022234754,0
0.9211998131656112,-0.0031476147359521256,0.3831226769051094,0.10503304236418994,0.8484456819254461,0.5462271871216275,0.9934258252058741,0.07801438835985357,0.22945422163101986,0.4109301239431408,3
0.9998040717378548,0.4935450416633318,0.741460711325599,0.4796634817406774,0.849846284852704,0.37477635340434434,0.3602170419298676,0.596190266649692,0.37561432825814745,0.612166566983799,0
0.08764598429315154,0.11302041716969215,0.3184048683950727,0.3130910622649527,0.7978844020735679,0.5335489792637957,0.5593451822576927,0.9060925156579149,0.703753494875525,0.5589044228458793,0
0.27317311653797394,-0.575651224870694,0.6414831075322098,-0.17620589154238314,-0.49182581887413857,0.06774790566833658,1.0365991118149451,0.05864950652397238,0.56009492059173,1.2320028941554324,0
0.4782598684427445,0.7416793639378398,0.2746625823204838,0.464793294140144,0.10550286952997848,0.8717515694960072,0.7636013862967025,0.2591885972352127,0.7805864542393864,-0.002805199082267687,1
0.3846629034172967,-0.0318201509339722,0.6301171444079021,0.1340073557920295,0.7419706617340839,0.594550066558468,0.9247512797212213,0.9512276348939339,0.9781574095204254,0.39152099859114975,3
0.9480189869095186,0.5805699199330182,0.5201705741475576,0.6813640452212548,0.1277070779584394,1.20194037955094,0.43470468673038776,0.5090766917814656,0.07669047842563226,0.3589243164063444,1
0.49064016821928075,0.8753493378025972,0.3608676391150961,0.9400770346801267,0.9052556570627159,0.6468110208609434,0.9866644117794917,0.9264396177472562,0.5108530661586992,0.6311204241773666,2
0.2509139045793028,0.15498460204167827,0.09213120091284481,0.9706754904610201,0.3453835273760831,0.33519547067725386,0.39776336644586346,0.5302853065399642,0.43279413791852833,0.21697360652400657,0
-0.1367666920646615,-0.17352784398826104,0.33830001017418093,0.43533115423175106,0.8100904559506672,0.6835363914004887,0.7487259053971476,1.2822805206622614,0.7694128013222907,0.6127486617468146,0
0.8478031061382558,0.7603220932594014,0.7583672925143429,0.0569150271822372,0.9032606664098544,0.12965377117990196,0.18152703121776287,0.22261179207649273,0.8287393483623624,0.939392797725875,3
0.6001994229029969,0.43209550887690296,0.7380422493219596,0.20137820792721628,0.6173095489028423,0.6181791636003279,0.41086659657020574,0.7593697332964386,0.8614695002539775,0.2968731592798298,2
0.9140125819791272,0.9769417436803172,0.32240654496201865,0.6642044264909742,0.7665537404099172,0.6817073140409496,0.4518073303755412,0.2131957485800297,0.3836437346173763,0.5388225302208918,3
-0.0557566398710293,0.21101670675717665,0.12784766059401736,0.3034120894075132,0.8308144355075667,0.5743934241913224,0.5906906095990413,1.159961724880025,0.8862624759068101,0.3701823261020126,0
0.3506386795778196,0.32279780656029766,0.06624260487237019,0.4910561335095907,0.5505169623439122,0.5975369211827767,0.5613726010328746,0.27739650986543984,0.8057052312200038,0.23784484906634376,0
0.5622454241811368,0.7546967522902129,0.44831742722177187,0.06706190705411016,0.8312517781162556,0.3831744203101377,0.8343540141656544,0.729257600646424,0.6925578851165556,0.7832464018019182,1
0.8186381334002695,0.14069982399111877,-0.046960943550964696,0.4493720075055774,0.32894259963724826,0.6505452926782199,0.5026274261261626,0.5947627812767113,0.3959873404165833,0.5892538832188611,0
0.09544585723817518,0.01345045854196196,0.4314489879296412,0.39410462127652246,0.18832306652978054,0.6124939569015172,0.6259226804167944,0.36068059911012995,0.4559387003158927,0.26598684430265346,2
0.06259911809302712,0.8657202885679626,0.9726762962444665,0.24840369045419558,0.7488206731639068,0.11384506569781988,0.41577495170313,0.07710824614914503,0.9114317528556548,0.14640167166682888,1
0.9104904693320031,0.5467231377886359,0.267077751443631,0.2830773935470977,0.16223739779861782,0.8724757920439176,0.2586261550293278,0.6189802098565497,0.44598898372394097,0.6758430209828987,0
0.7471119293366687,0.5862426660358043,0.953419720374494,0.6189054593710609,1.0737683350887826,0.5770044437438022,0.8670604521849843,0.27197913314431077,0.8939118901891197,0.10856630832779128,3
0.2563431180253523,0.37015564096311643,0.9041589905343664,0.6614240286041961,0.16034870812165633,0.09321344087502254,0.020728406111956088,0.617468034916295,0.5979083138455874,0.15136084180324566,0
-0.02051408895818626,0.364920266544746,0.5164023072101236,0.7003197403094604,0.99061358484605,0.31963906999475633,0.6550834797948546,0.06665125472619099,0.66665000895285,0.8424468961236973,1
0.6786964251813637,0.5463939213894666,0.044448447254674006,0.7959941616548847,-0.11985354663978265,0.8161616174698426,0.4816465222964555,0.5351653110166912,0.8642778278047003,0.162412904998321,1
0.9819287533613873,0.913770119925958,0.3667788664365481,0.6771186304403671,0.8095484441679603,0.7261337578152154,0.41011210096614353,0.14633227745405572,0.4272211262777415,0.48476501820189083,3
0.19614623177511448,0.874871623204308,-0.4948812510747107,0.3952402706440972,0.006742900904048665,0.4317264008958519,0.9656089079390695,0.219401492811981,-0.24170799254912756,0.7586581866891228,1
1.0318029181740809,0.35663475680038476,0.0734115174192471,0.24150398832735404,0.12874166872504994,0.823142997254987,0.4553226917737487,0.512471826127546,0.38681791118860076,0.6853108363187445,0
0.5666824343174071,0.8392311067062771,0.4505727213979611,0.08898540045709312,0.8714770986064582,0.3146865352637491,1.008971354372501,0.6905875282476764,0.5909212355617773,0.5743275237062262,1
0.5515881745397666,0.19483429964306082,0.36933414407521004,0.46696308527829344,0.1465893345753615,0.926906700974887,0.5302564867317037,0.8689149510489362,0.3041770761625154,0.34804584687821594,3
1.0103684191095965,0.870756425543573,0.4123081288657128,0.5862928005778592,0.7315461738357794,0.7450912749168583,0.3989369543715986,0.1754989364766382,0.43228813803199423,0.446015473709392,3
0.6976079110718891,0.6035990726460414,0.45102887653314605,0.4064511685886909,0.3070548112669156,0.6292569543358025,0.04620924710440982,0.684829817227006,0.14000096797150263,0.6212234511211513,0
0.3051905261350451,0.9722515935435783,0.4139078934428231,0.40042281964783155,0.16258652577181784,0.6201037772129131,0.36890889491018464,0.5557527753173508,0.2826255577703846,0.5687423012974678,2
0.8033748962046855,0.8861047029985751,-0.2158267211325653,0.73255511515561,0.07123774941903997,0.943012666800957,0.7557873541048715,0.24698959084211097,0.7174250174365718,0.48108899075264344,1
0.5946360058854647,-0.09651631891047069,0.7731775371686801,0.1488358221597292,-0.06568988616388324,0.7605529983162941,0.3320898342548419,0.7324273473524605,0.21679922396823453,0.6279681563201367,2
0.6811968242156462,0.6033671944038879,0.4610541311863739,0.32805627254525277,0.3857267283305411,0.5418905324447068,0.047384554918332156,0.89558274074683,0.3413040316155019,0.5002810853822529,0
0.3630941288710476,0.5879217621878032,0.1569885975706939,0.35973579538566686,0.9765949107442481,0.14658781266294638,0.028696313486369092,0.36394713597912126,0.3433711260707577,0.20691209582022146,0
0.08156676922637424,0.021302024873463138,0.43113686217295505,0.3975518976509618,0.19495384005158173,0.591398056690114,0.6301707623123562,0.37720509620167003,0.4558213673490245,0.25303518009177883,2
-0.009741973230749948,0.23618402596726942,0.8137960342653575,0.7000094427576328,0.2203281629238745,0.45799005332440357,0.5993531420082221,0.2578398547511974,0.43442207419264434,0.45321031386868416,0
0.38883190164875275,0.6723331471727151,0.9775338748130371,0.1609204977785202,1.2235003942077676,0.019168804782981774,-0.06547484051793184,0.9124807139681252,0.6461544137488238,0.3608132696366983,0
0.4716272710880483,0.12636422754713356,0.015587067912247718,0.46748089947689586,0.6843641866582332,0.8210141577618076,0.6046236609414019,0.31001309831519497,0.5326472799724961,0.3222037320224282,0
-0.07107313205174695,0.9507935618247311,0.8898786204780489,0.19264709613655415,0.6741347082775692,0.047782891837753694,0.5337538899018022,-0.005335868619325584,0.8645176629748436,0.13850208629508318,1
0.6200621661572535,0.5036855390367412,0.6829741121114669,0.2453450411344108,0.5897815663231166,0.6297573528478642,0.33621691312688096,0.7851364564220091,0.805344762633899,0.36782383818786224,2
0.6415362246485324,0.785790841966556,0.3934678949533763,0.12064437254068541,0.9337239686984352,0.4679345903529245,0.8855344569159931,0.7777075307570276,0.6557024627608439,0.7409409443572266,1
0.42227916210788474,0.615836052038603,0.09719710620955568,0.23456964097525507,-0.24153033423895143,0.5370569444816333,0.7448581244021784,0.2075835819360546,1.0888847264779276,0.3446312366804405,1
0.8586779944982973,0.14822833309926012,0.4161547334563518,0.8545002329881008,0.7235994601359192,0.7340374002362874,0.5931197914321494,0.6258103448016356,0.8366439271713927,0.7919704593527152,0
0.1646244541292865,0.9105646924855185,0.6286144861517743,1.0173355457331499,0.036098723775336745,1.1440514043229664,0.6797784673556468,0.7263355022628384,0.5866051240869946,0.7101837735356555,0
-0.021524628614826388,0.8965659779773821,0.48881095042002864,0.20483961966175557,0.633892044763142,0.28529890195957414,0.7049176173094659,0.1320530278256811,0.769016977948605,0.14185264281172277,1
0.346795904521037,0.36973146260581025,0.06330845932864294,0.4923470092179227,0.5879716139340483,0.6108653817338218,0.5503926909301194,0.3059103193743447,0.7759464534097336,0.23743721449246688,0
0.2480074830849285,0.15726605559008386,0.09273745224262511,0.9703713015540333,0.3461389384740515,0.3388368323956174,0.3968812245126686,0.5342266708198347,0.43618979231103616,0.21409618781149803,0
0.26389520462372307,0.05557400281170514,0.6580908044735873,0.2544348397049863,0.30986312292794754,0.9452136639620857,0.08807948315490323,0.8934924272808648,0.19978466236613907,0.5547358728402559,3
1.0149784161707402,0.527008699687247,0.7470205343621689,0.5205104328288754,0.9285222510714396,0.3932937347677105,0.3358384152570319,0.6196422997652884,0.43242255020546744,0.5652396589738006,0
0.5101810734025035,0.9079792617459618,0.5087495894573322,0.1727580866678496,0.9388545681011418,0.5464468529866882,0.9878163466302184,0.6913578942933947,0.7079459880800145,0.578128467030558,1
0.9042770284735174,0.13109735095512226,0.4527379885937898,0.03456803805547902,0.8478498741724619,0.7141499255130114,1.1061005594096305,0.11930644291140963,0.33598092282059444,0.49781717305861567,3
0.1340032482584318,0.506440409779627,0.6760184848823501,0.2967351479874254,0.7996180652621141,0.7355403100913804,0.4622472146795677,0.681026049386455,0.20249789724403783,-0.10554775486316292,0
0.22401879485013715,0.8649139374643614,0.43747903638398616,0.2991522736731589,0.5319302868608213,0.4765047663157602,0.07356832171025732,0.696892736103722,-0.09150365680306406,0.18435231873645191,0
0.47429454190577863,0.69958724864754,0.5516675222271163,0.15256404894172892,0.9700101456019598,0.4175754273731816,0.8832718517288314,0.6337152475840293,0.5852592363946317,0.5022849788339292,1
0.24517898621837947,0.8003719327906449,0.8286598554061246,0.45341598333835625,1.046774847561436,0.8173134388269231,0.42645246533995945,0.5591755153916101,0.3426906473453899,0.21442354094775623,0
-0.08568557879627248,0.10141824702993753,0.11013039988707374,0.26262452998584307,-0.07484722668951871,0.5442510677647086,0.47525134529127466,0.9230486357285616,0.5009589621933361,0.7991322165419116,0
0.01817809018497666,0.9446589847063845,1.0049236566933026,0.23405603503708386,0.6686859833588652,0.1342011325387627,0.4200214977952191,0.04583033011995713,0.890749459648969,0.10206836727387592,1
0.0014747363225832838,0.40373932664886913,0.5847549837048986,0.679546857975194,0.9924917411966285,0.2715204811231857,0.6624920361133555,0.04128711052733769,0.6207400956419753,0.9169582490767775,1
1.6428768961112752,0.7638211540907164,0.5960869042562054,0.4611090603687273,0.03715829342716492,0.6958559788036528,0.10193595791365084,1.2775953825100603,-0.6105073467115324,0.3055216620984613,2
0.3457456528298992,0.400927939346161,0.3181679106078896,0.8642546773135492,0.026817047999824817,0.5564558154449812,0.7660819213631085,0.05637394783699018,0.780821162526355,0.5187420939798534,0
0.568004255375765,0.45080197292263563,0.8625244190333349,0.5621655618378923,1.0366664473006317,0.4491491768722183,0.9569970347297839,0.2619265162885811,0.809692664153972,0.19971745578324765,3
0.6242288511294488,0.7865094854119067,0.8697684674219861,0.5699193946851634,0.6966279823618544,0.8002586336544012,0.5557275712019105,0.3734000393475796,0.19202853183507482,0.47441577793620826,2
0.8417930493026708,0.20030100446956958,0.21938999164991826,0.65422170176797,0.4303531834659823,0.5196956823973051,0.6586280709784508,0.7628647069680115,0.8552237329271254,0.12571984300131983,2
0.874855662169724,0.061588532643978754,0.35262296124138953,0.09902729920406297,0.832826845782378,0.629457832245564,0.9839761740706228,0.0691449806070382,0.20806055213259123,0.429406111751074,3
0.1335629842091891,0.1183500070643333,0.3210443154258404,0.2848223916985092,0.7548619291419545,0.46672564953123197,0.5937927734555785,0.9808664887242345,0.6292733413547449,0.5518511174165375,0
0.3146476075375848,0.9746643491738963,0.40381708226551083,0.403003794927075,0.1710577315749301,0.6290246454633645,0.3708293809730815,0.5499330851718502,0.2802152592418473,0.567939178327741,2
0.27301125854568764,0.4257247572935085,0.925259710484958,0.7585254817398255,0.7683385916850574,0.6415579210031515,-0.1148630479107815,-0.3040432577188964,0.5226516357556132,0.4539566302865455,2
0.4029633794543214,0.15263156804632314,0.8391614385504649,0.030223449979107173,0.9302986265494044,0.7455071718434674,0.969388879793672,0.9039275348865777,0.8495432073467769,0.3606630764903688,3
0.049160068724920486,0.4017254247086141,0.5203575889954362,0.6501951802508731,0.9969208040457392,0.3075716131274309,0.6515801452038227,0.03750354199756444,0.649059269836465,0.8861212832549609,1
0.23555714435705258,0.037450100956521445,0.6712165336071518,0.24931286726798035,0.31958290364429653,0.9719298295339543,0.06304448011577744,0.8929181578422828,0.16839861114614985,0.5359189310104858,3
0.3143257400520639,0.7037704194957484,0.27737111066777276,0.9968172635471145,0.23891873116456036,0.7319011006733835,0.35577771499052324,1.1710539105206572,0.8414020317280844,0.7312468129788263,3
0.29970290579039566,0.024418722760954137,0.043119103993292995,0.43253867542174995,0.8025358929152793,0.5698364346608213,0.4034319396585881,0.6287624231360915,1.0415506269841002,0.046519857323345515,0
0.49448642685058886,0.8740144277772125,0.34906763563684884,0.9270338770197271,0.912978661166228,0.6422733147255374,0.9985577467924432,0.9342520783362847,0.5080588625828506,0.6439249388354082,2
0.789471306858717,0.8498890259698257,0.7856076176870763,0.1867889891389911,1.0441999017361436,0.22512504542549505,1.011429546857265,0.16175136661616507,0.8581039198549112,1.0204669265110489,2
0.989156927597886,0.9597881123538989,0.40613538023729817,0.6794372936003111,0.8088793189729626,0.7155560433535865,0.4101761675567032,0.14092644048688308,0.38669302569697445,0.49347381577490207,3
0.65286241828651,0.389568442620464,0.9201554175009821,0.5012977568258219,1.0086899073182083,0.5446928078908194,0.9238824074119892,0.3725790619480377,0.7830564221499144,0.10953103892425134,3
0.5658809493101653,0.3693919635545333,0.9902631030551052,0.5153620552304136,1.0759821668985567,0.3728168797579682,0.965598588779014,0.44809292593789174,0.7864410630747841,0.09323128471697467,3
0.17119926120437842,0.7897444364055555,0.28137242627323605,0.5752888644777385,0.9571258040535272,-0.0853386384537051,0.14944978708338352,-0.22842581294241548,0.5590908734831175,-0.3650090686847238,0
0.08368057010824868,0.15942181753012225,0.6980052957447954,0.6470298752411265,0.24738735445780946,0.484348614162896,0.5120777712496479,0.3254110093068826,0.553825768476332,0.3815332263134718,0
0.3128949294603574,0.9737038264390011,0.40649192872542317,0.40544032311272993,0.16319012640307273,0.6234091063614741,0.3671863756937621,0.5560378317376966,0.28863129254694525,0.5704113692472169,2
0.9369270367045544,1.6171731029574596,0.1835168688660996,0.3591263557517535,0.9998648031195253,0.36825547513875845,0.9228595132546973,0.47388837462146954,-0.09176173963605505,0.8456152011352621,2
0.8829725694155003,0.7444807966870111,0.7379853531075042,0.06596618458503649,0.910446142424751,0.10980269312270272,0.18355397611848875,0.27177631605964864,0.8470380148931649,0.8872828681281419,3
0.8726656313720902,0.06288470998013626,0.35020952284775225,0.10148632076243538,0.8318679745758697,0.6241013741532423,0.981539008031607,0.0646926804187638,0.21323292849229988,0.430585224098625,3
0.3096276168380423,0.9699284870649573,0.4101525483050582,0.40237643343539764,0.1656506255224887,0.6235890602805687,0.37003687037934074,0.5563009449432736,0.286299887760515,0.5682367988602736,2
0.13920865947629713,0.09701212559347813,0.3401190078071479,0.2970904715548297,0.8383403907123245,0.5659671920139561,0.6069528670606367,0.9640062916305556,0.6899815335760338,0.5245589885647001,0
1.6047527078931303,0.5037258821700613,0.4208401617885533,1.0638688592820105,0.44138148452623976,1.4107014887689806,0.8437557242464278,-0.2977353774372482,-0.6948743187600908,0.009010944268204701,2
0.8399991271382101,0.7768274417473108,0.7426262532957473,0.06719327134408515,0.895794878630691,0.13894072323006804,0.19425967769753827,0.24182024129795662,0.831535323661356,0.9322404844426174,3
0.4004693282994782,0.5394961465319369,0.08790709275461703,0.32007359853239026,1.0080015847156432,0.06521302928790357,0.1083973348794859,0.32561515717788314,0.4081511489730934,0.24132727683129276,0
0.9426834698415392,0.504322929138852,0.7214093262713522,0.5930669850538156,0.9571410174372277,0.35792997808362637,0.3989733993077385,0.6652317912422012,0.45789388140563525,0.5705292307107571,0
0.34304362355904966,-0.07550627943890606,0.1726304707655565,0.2029772067887721,0.6405742011908396,-0.17671237706296689,0.49630441332903336,0.45295617731031457,0.4066120931048484,0.1863780043753997,2
1.211116248711139,0.4193564348873044,0.19942745501180587,0.7822509746585012,-0.15009588856567227,0.21101881619847596,0.9315766712686944,0.08365994163866008,0.9785973473487206,0.11258685555906345,1
0.0736354173446221,0.40879233985763624,0.6968641668092214,0.7145632739041995,0.9992446626692738,0.17109333736114504,0.7868939590603583,0.06790657665421718,0.5657985939895757,0.835108412205099,1
-0.15167291354718357,0.39235548947264287,0.49726463820258887,0.7839567213080477,1.1533457370040336,0.3811033453588771,0.4312552626415187,0.0788935036449801,0.5669453662116134,0.8044868389100459,1
-0.12491261621366087,0.3849453218350113,0.4865285421240338,0.8190206954345204,0.8411678722980169,0.18860898503959067,0.7878161000524107,0.10929020933392482,0.6713991090997674,0.7864288734258188,1
0.4419759811028054,0.641496507253556,0.6745346822111907,0.7334901709338779,0.8958663605368943,0.5977510949239141,0.6739281155633814,0.847166697125212,0.923350457876288,0.6177308173837254,1
0.4075023757641947,0.5980752727746562,0.603086708619727,0.1692976769053187,0.2604403065976147,0.4470272096787113,-0.025504526625572482,0.8501818493260851,0.7887392509406334,0.13360857996735362,3
0.31939665365002423,0.32056499197061894,0.013484907722389784,0.47077613735473056,0.616935796671282,0.6347366040874048,0.5033811007304173,0.2917450996480333,0.7244646087207608,0.2206399274086502,0
-0.03746222082307886,0.4134663470660679,0.5422253207583276,0.6956346791518342,0.9195964876036479,0.23084235706631953,0.7021533071524482,-0.04491927347110554,0.7119847334490877,0.9369375105832671,1
0.785893573241803,0.12254980476779012,0.6148267694970485,0.3286571698005633,0.07040125977052089,0.6816516254579302,0.46572828314425674,0.4912899196804652,0.11027388264955246,0.66855239308108,2
0.6240790786240438,-0.5670374479931798,-0.32890548736777675,0.9233642838572432,0.8522261417925099,0.30514058222017104,0.3077685749196764,-0.042678572579855134,0.8629908061721026,-0.002871609817792553,2
-0.39785349765991107,-0.08850256335077145,0.10546449059042261,1.3878027476487869,0.19385925062744339,1.6262520519421106,-0.2293689808957483,0.1465915284070305,0.20648828285113976,0.13480721707264626,1
0.13402818727068472,1.0307591758712251,0.5171518248046837,0.15728505555142894,0.5619038669427979,0.2834837046191535,0.7362542099732435,0.24426946700791258,0.7612419500716682,0.38592286878242144,1
0.7520868429673313,0.8277113930564558,0.6431534333962753,-0.023471314145888655,1.0005874532888637,0.23062201493430606,0.1729355681434842,0.18117175911866493,0.7997307396671294,0.8426005929167374,3
0.2877197581282393,0.0024125721536731315,0.7612832449232962,0.06987861979491539,-0.4293984206121815,0.5604140636138804,-0.04635350213374778,-0.11922441942545436,-0.028406799574629576,0.03023212988494628,2
0.6420533593390929,-0.06572786761161611,0.7137050288333704,0.5252678050914905,1.1678956437970158,0.6824492758899015,0.8316940959400017,0.06842659564531944,0.9159479085426302,0.24480560028748005,0
0.0991745463577245,0.014931466932209874,0.45098633844954333,0.40332365104192097,0.1805348684845105,0.6001204038077069,0.6142567993712049,0.37587648842751675,0.4560613140117871,0.24372178957108298,2
0.9981953688617916,0.33760960222883596,0.4297320963708298,0.9014054528167157,0.034996851093320805,0.27394939578745775,0.90821944727001,0.48822649493878933,0.5852400139307699,0.3035862602262352,1
0.44424458281356766,0.20598865640498182,-0.03169909843409556,0.23084872794068245,0.8205604049644202,0.3735362200979375,0.5657105729895578,0.5174114912381201,0.8018519822333733,0.15957811513475034,0
0.15511738135648254,0.08757763051036464,0.387321217562139,0.227323780637663,0.07539611935196228,0.31249913598830026,0.6042954816084561,0.822610031409467,0.7554758288345081,0.5252187226069679,0
0.0530779526062222,0.8779849353298003,0.4601556760318163,0.3366149612118784,0.6733203495979998,0.2314624240563434,0.6375804768960722,0.21310872206759343,0.792271998728362,0.27204208736353747,1
-0.028347735005726543,0.9513841478308936,0.453622930629843,0.8164195079835271,0.7644738989996742,0.5130198518369767,0.8683461462261283,0.5996077869163244,0.17623475922321047,0.26810627996628816,2
0.21575203174591298,0.7860440584814659,0.5804077420377548,0.8654632471326933,0.12233625970046166,0.9690432807639304,0.7013805581678322,0.8633806066772779,0.7036324071312402,0.8601043540990773,0
0.5806315337463183,0.8977801352270594,0.3354403174865595,0.9277686374861145,-0.16692684204811284,0.6742726538620551,0.3755425415213415,-0.009673407728008676,0.821679032560376,0.42088257147767855,1
0.1727793411762257,1.1237431885297156,0.050831485660647366,0.39752100946602253,0.33709192587163517,0.46190740779342687,0.36068076230801177,0.5630178880367801,0.06540438088769901,0.8158051374449636,1
0.6108185324967005,0.5148115232230343,0.6852325025551275,0.2561318687874777,0.5818617467567779,0.6128314829002444,0.34490904136575706,0.7896632561369402,0.8007173930243837,0.3647013317339236,2
0.3336872783629112,0.5101072773451303,-0.010948737021783922,0.2121825264567836,1.1029251920188363,-0.02967255467919777,0.035123470048213486,0.3083644282064842,0.4538021275173312,0.037620547939965554,0
0.30703220500972933,0.9702291058264274,0.40898281207097326,0.4029651847762541,0.16453521006903093,0.6238050632813512,0.3701644785791327,0.5557485221523105,0.2879282867606675,0.5708657096140809,2
0.10765005384618952,0.30893253100898255,0.6799024190422709,0.6316786192419866,0.8812578281549801,0.4057322550844842,0.7152558486309987,-0.11894885667034744,0.615519136484846,1.0020161321294365,1
0.9983684891591958,0.6757321912997797,0.8292817802550276,0.45162925908278195,0.8287141511326929,0.7705180456710268,0.312521460373702,0.13828221658600198,-0.0643724181061412,0.30527446724378826,2
0.2451930392698092,0.05567019038345106,0.6508709399711957,0.26056711124278803,0.31772420526925227,0.9506614120852093,0.10023927096783306,0.8970806012863235,0.18535129614456508,0.562641693074286,3
0.14306092696521885,0.9430032494519898,0.9869917409416694,0.3539391310966983,0.6046065590046972,0.2752948542285303,0.5862369222698463,0.16534295271726673,0.8149448407740386,0.04709222304169722,1
-0.012562348189013098,0.3016398778449368,0.669250888218548,0.44498672041328835,0.8189490982614683,0.22977251225994447,0.5923535565660737,-0.2067035546206023,0.8736595166683052,0.85527856635158,1
0.31584755149541227,0.7492307781625032,0.5678500760218329,0.7514748257111064,0.06737757079989534,1.0151772587196262,0.7124295453476923,0.8947119079072888,0.6371942874195775,0.8379804463700704,0
0.33774363147833225,1.0107576039995412,0.6389052775627738,0.8444918426939033,0.48454927620192423,0.09760821135650277,0.9172148918700015,0.500694453865014,0.3088208260878795,0.5659648551236929,1
0.20702997437275122,0.10735170570658802,0.3373041572765186,0.2101567972200591,0.7822176996987058,0.43230957063485487,0.600403999097853,0.9368038050560312,0.6066262005189081,0.4814778920626833,0
1.2181138559408824,0.3877407991935613,0.03462074420548291,0.5431253151200741,-0.02948295484496377,0.7704969173373679,0.48502964589504005,0.4600930167686902,0.3324133652663478,0.5347285223458775,0
0.7595822752977766,0.15635084964754853,0.386022166054238,0.010402248611525777,-0.22203838985063606,0.569728229221228,0.11014701964141638,0.4438609511978121,0.008970412995615198,1.2113650149164452,2
0.8194170662188766,0.06155817506537557,0.2911925642296679,0.0963560917974057,0.8940129260921444,0.5228756848341615,0.8585102745716142,-0.017005679389493766,0.1954908377545896,0.4173897973480079,3
0.13722796722844885,0.6131416266460663,0.31733919897699037,0.4648409424436156,0.41391790742802254,0.44629231648539436,0.21211763185971466,0.7387482674890788,0.06171877842518577,0.43565267767599447,0
0.6144176356964897,1.0617884686222978,0.29880569407312874,0.5572885669748442,0.41488532632469743,0.8430594529588779,0.5151049215675931,1.0217463070317554,0.2350756631344073,0.833777399937234,0
0.29830997095527806,0.663423542924978,0.6595075272261819,0.26628166117330554,0.920785701461169,0.6660851003074318,0.4307136810295003,0.5231652037314101,0.2708679350972091,0.0034158336299702193,0
0.11110853988723657,0.35372307394542435,0.6741520788323253,0.10646248124425498,1.133166393718485,0.3270338211243281,0.796142404697566,0.6128935834724606,-0.03721247624838919,0.28611057424518277,0
0.16487554017542286,0.8613577918726564,0.506146536583104,0.9768311936531339,0.6911910444619581,0.655742178241526,1.0529858197395079,0.7093646405576464,0.3249919105932462,0.034398989741350555,2
0.224587758805741,-0.011938620034719627,0.5959969544531862,0.27284630383429537,0.3339383260931759,0.9126266716054026,0.09791514513214744,0.9102437513036874,0.17132313221296422,0.5364482996654327,3
1.000962045736365,0.5271101324648283,0.72997274233705,0.5294416423510984,0.8946674987614114,0.37592143652906906,0.35711175033479664,0.6263402363482117,0.3994942088906655,0.5734245827814668,0
0.5393759154396722,0.872435510851562,0.10647574278201112,0.33262539191916624,0.07490533091171375,0.8693893054288292,0.5593377012036083,0.5641767737473016,0.9134583424747351,-0.17797121714566955,1
0.7363206412667431,0.7055588502821895,0.43800864480149054,1.30041487989603,0.46725401806104677,0.7934581164036055,1.3751423673250516,1.1977657065722025,1.168311215777493,1.3797665380561335,0
0.6030138424986111,-0.04506642896004659,0.9212216480100162,0.15959546535562288,0.9735959071735807,0.7290304717568554,0.9371433745490836,0.9304820902098264,1.0217287075225872,0.33569571635004786,3
0.7469883149423575,0.27584910112709454,0.6060054848346816,0.8547738401246243,1.2790739039260957,0.752568747137627,0.27969317244837555,0.24641846848358417,0.05418015442080576,0.6700516056480079,2
0.4483985679187508,0.6742841267836944,0.6745421830298673,0.6730614139326406,0.8474868282892921,0.5263973051643664,0.6191602685492839,0.9219760947499651,0.8804750134527827,0.6973317312000659,1
1.0122357106617443,0.5440330446521601,0.700914992478819,0.546026577964575,0.905362946896228,0.3680636259885837,0.38647286791996543,0.6291108153335576,0.406216554035065,0.5830872975222424,0
0.09250050408358859,0.06826717257828949,0.34750222701166367,0.3084135072963662,0.8410617489302885,0.48183898542423786,0.5337946857775613,0.9994032829870453,0.7088534704307984,0.5995798906029303,0
-0.06112094757750794,1.0825464785124461,0.5507052292844221,0.2755808166695809,1.0657010993964653,0.899426734217414,0.8616142059366707,0.7442011953283614,0.4065590342839408,0.514410330055369,2
1.0364891149322744,0.7461066245197754,0.7470806447312904,0.8903741932634948,0.8467561963854828,0.1525278118659299,1.179719907599662,0.6314963360798515,0.7837321456837338,1.0783701218640136,0
0.09998459678858818,-0.17037549746238145,0.9621571711050463,0.9512116139455838,1.2052875164862002,0.2982023051662069,-0.17949270107936824,0.15305918142126237,0.9726022436547559,0.35619900424484824,0
0.0477202197201712,0.1854175340819776,0.2558632177187511,0.3745014817170413,0.07848597295928142,0.7328800666609211,0.7230372178392201,0.2046528664222183,0.6175547968983162,0.2028363645152889,2
0.10742992666703088,0.09667231724800175,0.29276513306549795,0.2791964616101939,0.7858925919138098,0.4971719724850074,0.5505892129745639,0.9347260566452343,0.6750976572632177,0.5686579218951655,0
0.2545549914512468,0.1508000382894796,0.0825396154345695,0.9742267692632979,0.33983313932625664,0.32727818831001304,0.39922118560513714,0.5274942599241227,0.4255097260574763,0.21621463073194458,0
0.25262100028037315,0.8096846321474224,0.5104612049816429,0.8198672167270964,0.10179998267924208,0.9881686521598412,0.6590877573792497,0.8346893961803035,0.6605746232988607,0.8753187299239258,0
0.33528310510630993,1.1240211435358516,-0.061885401855569344,0.0155414559352261,1.0018504759842946,0.23904349307081668,0.5187265206969468,-0.3171242196603701,-0.36374219098000393,-0.20734592539627844,0
0.6857270361576762,0.23866298978235218,0.27728064709122857,0.27812866855510854,0.9487374337796474,0.02467358210540166,0.4165417003639145,0.022445432673850074,-0.1071753736227522,-0.07318839456952048,0
0.04946304695837608,0.3701631894978826,0.5588094029965399,0.703460515662774,0.9597887609142094,0.2593716221895071,0.6897221738325153,0.08462040185901859,0.5838865647413396,0.8482709299794784,1
0.0032068936146517624,0.31747851800259314,0.5010943927150222,0.12422626231282943,0.7461284768991863,0.16877325193002832,0.2129597512591784,0.7081652392830955,0.7423751196924506,0.39286498968637273,0
0.5616723249892845,0.5727403498096427,0.8953128173091522,0.5337367107098856,1.0384984021503314,0.5353401187051141,0.8572054257635792,0.22994223263478325,0.8459204335527907,0.14500159792689973,3
0.19525422543888252,0.5437909920533509,0.7681925367362299,0.6729314679038686,0.8189669398555169,0.10900565494844908,0.41754592906469135,-0.1553143232552382,0.5890970684331743,0.9831443233407784,1
0.5018974147304736,0.7922092287246751,-0.02080863823473411,-0.07092917609615668,1.1527186059765713,0.883358466711279,0.6303512770169926,0.725241097775785,0.09823432461581424,0.9641196368451384,2
0.25713534517405856,0.15575887726179785,0.0984426289550655,0.9600495651829088,0.34971612880346165,0.3454528954752275,0.3924825352375177,0.5375320683523773,0.445969292947565,0.2018953232850202,0
0.4669568091817926,0.6825822164584958,0.6915005619903658,0.6737365993661915,0.8349097977824957,0.5650689491649421,0.6132889787887071,0.8704772966794179,0.8860027545143693,0.695222983896056,1
0.2505777571489306,0.0518887789564079,0.6648602980523143,0.24940257645979927,0.30832193310371403,0.9465477104994903,0.08901343505999046,0.8954067552784151,0.19847111718502397,0.5516916030355808,3
0.2933240784640518,0.7786608603181506,0.6270612014017714,0.8250681754882951,0.11438132821637385,1.0120641888225488,0.741615859015345,0.8142755165487043,0.656707176706649,0.8881092897397058,0
-0.2204536205014827,-0.0542504544681818,0.6799185878283703,0.5513896369066078,0.14420555955946376,0.5991474707259374,0.17522263906957697,0.2168189753451022,0.7880339493638264,0.6245957000215586,0
0.014337387216799016,0.8501473756375238,0.9126557395832261,0.2210326349817911,0.6948741763224663,0.09071319512324376,0.47342221030764126,0.08567302919464562,0.8538610602525041,0.10679258341446515,1
0.15754724079885246,0.3559506938138547,0.38540216130258786,0.39433473246531925,0.6327790126058224,0.2779416952512308,0.05337986793563221,0.9849473550739845,0.9781206609328665,0.9344099074609417,3
0.34351605513758343,0.38896194091458963,0.0746407715692566,0.5185474446346374,0.5680341229413898,0.6031241914552663,0.48054181216039776,0.2686672660874377,0.8289943216186062,0.2347143685719545,0
0.9997258196739498,0.5276578764048072,0.6523461436544606,0.8548950698680243,0.8622989825578938,0.18693952257956414,0.9710372128022555,0.727847741905464,0.7946199514398999,0.8325461351348215,0
0.5593409010688306,0.6713348912642524,0.3479856071252647,0.196545002085656,0.7664357261438765,0.4497770129202224,0.7609808054950471,0.7242621502710102,0.6830058371728757,0.5868296898070647,1
0.7412315955656652,0.016098109293035734,0.9713880035695136,1.1600881302915593,0.8421024879623635,0.7572525625441283,0.11203449341459032,0.3334503501878077,0.23660923326334393,0.7546513428331219,0
0.8367242516334321,0.14641843612094302,0.4036165179524049,0.11200763276398057,0.8804810716126885,0.6418624986197987,0.9145601409397022,-0.040962360727486435,0.3127509834591591,0.5407244364287764,3
0.8922872870709122,0.41920990540133424,0.4889448922581078,0.945013159830221,0.14882407302082684,0.20486096320897929,0.8234748019097562,0.4993999184424145,0.564342051218706,0.2920054188107559,1
0.5506702662911235,0.6179521510760297,0.22483832025841616,0.16631042191278755,1.1139444572876867,0.3285490412447273,-0.07789939550853028,0.28247628209778414,0.5297973342498636,0.295781589893381,0
1.0105234103893694,0.83048480021212,0.9354564417306261,-0.08069038823808097,0.9355818344323726,0.040667519419015405,0.17244023461371552,0.19697692812842146,0.7139578516606003,1.014579655773268,3
-0.12796436147003032,-0.1475808808644315,0.19084220159447585,0.31649484146308227,0.4005191200469058,0.9048446367867244,0.9198615449061711,0.1552831680690524,0.9298894003996077,0.5967234019598457,0
-0.12303922593149405,0.545644151750615,1.122415111256239,0.4491605954372343,0.3813358414984911,0.4234192376479762,0.5101824731889658,0.011502255233618974,0.44922225384018816,0.5303667359023188,0
0.766879056799999,0.44193682934578715,0.7120637815301097,0.5642007382912081,0.572420815402237,0.6407718725286056,0.8518954580582823,0.42028199081647616,0.2926110733733855,0.9047019005600042,0
0.005621418043978185,-0.00039800993466859724,0.8653478828049064,0.5206626359688036,0.13450501529546882,0.5538623734718429,0.6239592184053289,0.2842260380971064,0.508360733679782,0.2857422725576631,0
0.9744682311717813,-0.10554899266944306,-0.20312261792713193,-0.06337644704034784,0.19585725336320048,-0.09673822455206005,0.6358272922309096,0.4243925475616293,0.5825394301787814,0.9466365282441364,2
-0.14801632377152818,0.7009183992588258,0.25822524837063404,0.27735726886060424,0.893899358612292,0.23553852209037504,0.6264258319430529,-0.01912456243888766,0.6821032365271724,0.07568236140624174,1
1.2267765902803245,-0.3237310965907664,0.9929102839767621,0.3227365165662178,0.41451010560412155,0.36043848194537753,0.16912344507194732,0.24693763943892033,0.3803761825523368,1.031455887840953,2
-0.38039618767403793,0.49405198690940916,0.7968758444780681,0.2412531553166652,0.22242184713426727,-0.2539305465831311,0.41129202444244795,1.172279214499621,0.370321330586667,0.48555264384229696,3
0.5531899893379238,-0.03232214877152648,0.44232945681224467,0.5087526685395999,0.4485698795380175,0.4078345943914008,0.6105146392002601,0.20420767213686428,0.1486742653352948,0.6237122770967936,0
0.18759843201555473,0.22961050857835408,0.6939421556878385,0.28526234546138385,-0.2691657023680276,1.235688438401633,1.307829553060991,0.6682479792859191,1.2504934210801162,1.0565633486368846,0
0.24787809879634323,0.14772637077215095,0.10616012975176763,0.9791643186535726,0.3601814912890627,0.3445866877311389,0.39809007741516356,0.5213106911814722,0.43195119193494175,0.2185715383718337,0
1.271474410505979,0.23940939579425097,0.5950973930643728,0.12605204855930413,1.1061765895074087,0.2445861643232703,0.7248236957350134,0.0411110875856983,0.4498985503152798,0.5712616698147869,3
0.8561260684439196,0.10822003924823417,0.14058587807962333,0.5578231781639438,0.47539623993018765,0.45043465407395433,0.6593073547514773,0.7770830101078146,0.8087064453118826,0.16908939225269845,2
0.9970175140267947,0.18565168313284475,0.8113868026340222,0.8353725341106712,0.6885560073022572,0.3434801671167587,0.43583852972219717,0.37265901774768023,0.489816518168073,0.5734706121856661,0
0.5286636826070048,0.7109748098739948,0.7104852385552204,0.611986905050328,0.8748801405645548,0.49031332114481646,0.5664945636139452,0.8967422407956145,0.8057910906235304,0.6603927030956386,1
1.1807590549152402,0.6455592201857008,0.19422238196249347,0.7702505263561528,0.013215312488896631,-0.0850772931227623,0.6853850212602782,0.762036242057198,0.8850935081906386,0.11241773548186829,1
0.1528856659550007,0.07298818402345418,0.21423000899580716,0.23395179713703046,0.8123248916336245,0.5692297542707656,0.49042471521287206,1.035086114780518,0.6717193156622906,0.5038917878980462,0
0.08479779383860105,-0.012669455295449224,0.44774002086224163,0.3535968168926038,0.1570747143114937,0.6135278329736775,0.6979314118437565,0.4127523391948214,0.4088226057390545,0.22725185893497488,2
0.06758001423270243,0.8948552159275923,0.4179465772238543,0.3071061369961448,0.6866533978728846,0.2177724770049707,0.6022894766722158,0.2616927252665417,0.7511924132126336,0.27274979925442794,1
0.9700162539992917,0.8248323323063953,0.8526479188310291,0.09260044492804942,0.8256264626274463,0.10679823254965318,0.2502398258434695,0.29107337676679085,0.8954439426611129,0.9233617192156351,3
0.4579241548587302,0.7655208293250613,0.4537141970225734,0.19788734492236232,0.7745772355753903,0.447165051766796,0.7701897921168258,0.8320908699284142,0.8283295038795593,0.7051611926797976,1
0.8458009397160883,0.31796886333518654,0.3185227721293754,0.7228790777106049,0.0702346798476569,0.28301580808628407,1.0144071150786464,0.5552743382583085,0.5082162345804578,0.48925744967927176,1
0.005468775844360958,0.33212490212298884,0.5391736192411993,0.7262830005903032,1.0067673045788998,0.26514139925557584,0.6495687111048878,0.0008659061541584426,0.6405691706546413,0.940942483261857,1
1.2584321834020626,0.2350218423426879,0.13341024254962083,-0.1643536997832878,0.9306399252570845,0.627461237861628,0.9295238829061379,0.1427345608959416,0.34747281933496754,0.3929835979284569,3
0.8419188004960905,0.6434832062984555,0.625912470240519,0.19867760882722071,0.1088370394851086,0.818730346514525,0.32416329241931385,0.7678585699538849,0.3303204358932703,0.6348584876429215,0
0.07325049499990927,0.26749720345953887,0.610547842652054,0.6994017352248951,0.9507878824697572,0.3074516967876708,0.6473040705081871,-0.07736115554172363,0.559438340996672,0.98347632355082,1
0.5472650295300338,1.2046684361597302,0.05022899090280136,0.05050046941183839,0.45503738811081607,0.011392142673770436,0.17871692195028144,0.22502136409270657,0.9809349759987763,-0.5260254799728371,0
0.712887331989901,0.3411083972326634,0.8753535320970078,0.602894174537265,1.119534689495806,0.5875349706004634,1.2057704303930552,0.27528229389003456,0.7009527411182849,0.21242591461791518,3
0.24903672311659877,0.1566589926877263,0.09230313783201914,0.9693263654516385,0.3474966993630102,0.3370536956000176,0.3950402501434564,0.5328992957027369,0.43504158289048,0.21487827329262926,0
0.8595470215383237,0.15964741545468497,0.3995273574014516,0.8406944816454582,0.7306371032789605,0.7530909312591664,0.605160409500338,0.6200323591945217,0.8417328085378148,0.7925269575133636,0
0.13478308264122188,0.20051805973900277,0.2054144350921285,0.21985089670104735,0.6661130661967105,0.5411760707952342,0.57714748549194,1.048688733413288,0.73452744023334,0.6223033418804185,0
0.4406498215290634,0.13683226049696295,0.8171889528650742,0.03988420943469033,0.9648766452249946,0.758663019127124,0.9461118120588934,0.9419860487067379,0.8346230681380248,0.3861408506489858,3
0.07279134851288227,0.28912606334473334,0.5906997625416509,0.579569333447104,1.0500344535392594,0.2204005312916828,0.7738839593415016,0.13681733328241666,0.6614317942740214,0.975569999655261,1
1.0552804522072055,0.4461219461007359,0.5194441801222096,1.2112386505800954,-0.15131429672509053,0.20660612929479688,0.5807401222554018,0.31901950502281085,0.8770234885625592,0.6274497178001045,1
0.4514374009288972,0.7005520004752909,0.6945789896943868,0.7041517404461772,0.8295521887812115,0.5174902434830395,0.6391319827011278,0.9415634230873026,0.8761279584308196,0.7282114241977319,1
0.879160029403161,0.522761129449439,0.07692781239887456,0.24323735075206415,0.12504546572204311,0.5323235447684194,0.2658688221002245,0.19373872600379854,0.6478960791257742,0.6333248400411909,0
0.5789633595748969,0.930193247283976,0.625983175071659,0.3416463151159346,-0.05101270114872469,1.1365050273620922,0.3550777279714313,0.8074843808912119,1.2110680818209514,0.8929660861149851,0
0.9581901715371112,0.04065932466813024,0.8452667768314853,0.7193149039691924,0.8045967319163839,0.2803070993775335,0.5098971698887911,0.3573024704184091,0.6666004864699708,0.500333134035328,0
0.7563133249784,1.190765492132935,0.591436343888367,0.1764592216562747,0.5826017960318403,0.3400805609930536,0.2731784364904672,0.6772521695123936,0.7409823387156379,0.56180784943453,1
0.4101188274719961,0.6666707239879843,0.6827440058478768,0.7176781112533274,0.8817200280381651,0.48772975462416324,0.5448141949248104,0.8488207550304847,0.8357470773500789,0.7254112987146232,1
0.22831469509867777,0.06201584308918313,0.6125929857300692,0.23303247233194785,0.32468397867938337,0.9136812125033774,0.12397762940924102,0.8553370267742952,0.16694683365847307,0.5290891274042813,3
1.5958839958159547,0.26232603503391705,0.7586004800190486,0.21114933219261883,1.2074271288129694,0.14800284919160783,0.7610023568958563,-0.5250903207060519,1.2161090663905372,-0.3840525298408666,2
0.3513887222302913,0.3423103936717977,0.08291045581886809,0.5024985756772301,0.5715841312413532,0.6121296470330482,0.5462130689362312,0.3268151585849695,0.7775310440580687,0.23847849130567642,0
0.25335962211577695,0.04265910111209116,0.6668973358221227,0.2531896651644264,0.3125580800146113,0.9425257576506442,0.09961863996945207,0.9000919289298667,0.19814841033408898,0.5491468318272136,3
0.2429202997790997,0.056149986169148194,0.6395446914277696,0.24570396200664682,0.34149274550285774,0.9160054546831007,0.09372496286329514,0.911652390253558,0.18229849377547036,0.5669246568312032,3
0.25362171755497526,0.6530436391714002,0.6064543684249355,0.3787276469260127,0.9505508259261046,0.5183228842826627,0.5083464799272238,0.5219333967096291,0.20697494366487101,0.12632226182476652,0
0.35391262534897194,0.5149818590873744,0.2264434248321534,0.32018140609286383,0.44387263013167594,0.41353313550374793,0.19176146461483623,0.7857337395168607,0.10617639421082373,0.3656386827314868,0
-0.008648357425929863,0.41912515554975116,0.5380558999165997,0.6720480503480987,0.985859337003634,0.2601276881258472,0.6736963928058051,-0.007143246331417857,0.6552890974739295,0.8728279549659962,1
0.12230802238640004,1.09351803887709,-0.4187912710008238,0.5326982342975013,0.46885562576442236,1.3875736294828722,1.205048139209956,0.6476236331489182,0.4683564642371264,-0.24435296287001657,1
0.6908712615539617,1.0091552871135685,0.3952451099546518,-0.10428767584943899,0.9380404035219527,0.4439572666157904,1.0404145673524376,0.8833722322084387,0.7598298584343433,0.7997741869900795,1
0.5205958253605288,0.3176123832487645,0.11068733871679734,0.1971438100162623,0.5175725283281185,0.09583229371905976,0.8192214519422779,-0.06575724338424038,0.3142901490648597,-0.0008445434752089587,2
0.21084917513681878,0.7470859428065864,0.21822810916859553,0.254775433917034,1.087334200819619,0.3595354949389442,-0.08862074592057381,0.5743486047910621,0.4126894209497784,-0.01645785117203616,0
0.9614975804970014,0.4753799723404648,0.782761115356264,0.57943803743274,0.8703573634291449,0.2436017902566443,0.3158829788430501,0.524594263713866,0.4303158605828193,0.6480759143946877,0
0.2777856004230533,-0.003449214275229491,0.6432846622599389,0.25488154205342667,0.26714963966166966,0.98895929950476,0.03264947543436108,0.9027018459526247,0.24006964298935796,0.5575428418820213,3
0.1091612178804987,0.8224963938847721,0.42334196553032727,0.382347838496812,0.6757170527659455,0.2627554357500098,0.6612146294122933,0.1610761095166951,0.8410102214135892,0.3032400716786467,1
0.24431124731974982,0.16120736386927506,0.0930849466519755,0.9635103872284944,0.3431404377098398,0.3340127849542723,0.3961261787620286,0.5329672738382728,0.4312884478077934,0.21757858391944074,0
0.5611368379562026,-0.062572761194577,-0.09208856057613424,0.4154020555239352,0.1300333408679325,0.893278320795279,-0.409276241759972,0.365110471585492,1.0623146291231174,0.22035206288438036,3
-0.07861368110583913,1.0955602816365282,0.5589117091924775,0.9977342247950943,0.9531897880913487,0.3976506457709655,0.8773301248957791,0.540309106030807,0.3155606184999697,0.2502089125130062,2
0.2941957556964835,-0.0036063394023850004,0.204774624545013,0.16715651010752133,0.37289323613062153,0.10079675535351171,0.5763485675690824,0.25791079428749153,0.7309731619745772,0.13834846692027317,2
0.38131008289510526,0.6948394448841104,0.7374765320109189,0.6313261914232211,0.848316137553435,0.5889155306673841,0.6675743373664342,0.9132816045242256,0.9371130517241834,0.6351705648014202,1
0.15434081884784567,0.35701439949434766,0.3770960493614054,0.7460101245231247,0.8916075408160381,0.3420208079093032,0.6476343924988901,0.17448239982160876,0.8025549582104701,1.0044650365662684,1
0.9437054841286874,0.01386786532772221,0.42403145595244646,0.05401743407638349,0.7500272689560608,0.5623858031107055,1.0666042600598755,0.0703335812026904,0.13553553225803938,0.4026752559991887,3
0.15633255555730508,0.19452895944700682,0.33500586116854403,0.36466338800230164,0.6992799627924606,0.5169281996668251,0.5398128977598986,1.032421098015677,0.6913552394881824,0.5054929557306735,0
0.1324235421293491,0.08114697384011119,0.3179939868531539,0.29517304229116853,0.8052866926304654,0.4594722403033388,0.5412500933690814,0.9796739924573098,0.6527995784504753,0.580988774932237,0
0.1259232020961676,0.8402826748833445,1.1052444095173086,0.2721609999256369,0.6873282138352791,0.17214774429441562,0.2694622769364966,0.078892490150328,0.9706754154003807,0.10620912329192206,1
0.6107472692860839,0.543829869871173,0.6521811385697128,0.29670266859294164,0.5882378481158499,0.6529427693967806,0.3558849459262736,0.8112639307721524,0.8564621087341895,0.39941898928319475,2
1.3406566262058583,0.4327369607198509,0.9250268115946347,1.0085705136601457,0.7835115428791952,0.052383324543701176,1.3741912261119116,0.3556320862771192,1.048937438271514,0.7522678616689411,0
0.2727986378073113,0.0599573673433414,0.7097796676262179,0.27125070883807445,0.3194018178259034,0.9882326744805444,0.13861927787930878,0.9846680300188926,0.20083074340919163,0.5581476652846151,3
0.359162604865224,0.8135637808311997,0.7455633744601946,0.9284114648337004,0.551169735460497,-0.044954013962965125,0.9165911182648097,0.43483749632920904,0.45003644236032014,0.6374487293379403,1
0.962120302670719,0.31898469570898935,0.4678268356535104,0.8623053955440269,0.11334553833418079,0.18108872976661075,0.8423332445157656,0.5183005510532991,0.5823086697496176,0.4093261423558414,1
0.23451756908593832,0.03696154835008142,0.6315290682262132,0.2565971323476737,0.31002173646110115,0.9300355454344037,0.1299210036730407,0.9012963877764847,0.16781718922189706,0.5327817396180553,3
0.5342696339471401,0.6326145635473759,0.0003336531263443687,0.3158994808622718,0.9700449915877514,-0.047241963193959235,-0.06260582742518486,0.4911621658642824,0.16067120946762226,0.3900345081662413,0
-0.3234629605784301,1.376521238173915,-0.3265324576162206,0.8912957215948624,0.4901725618600818,0.32308782061867175,0.7158028785766877,1.0287593931564882,0.35067933616831515,0.9210353485250438,1
-0.008883998957448708,0.35111812997256375,0.5904580829328955,0.6987235094550511,0.9325340545557342,0.2659866074157171,0.6647948312999994,0.0053565640521419135,0.6679494832542191,0.9076055061640299,1
0.3040961956907725,-0.15086284085987028,-0.014618563064673795,0.3546285980625058,0.9549237909571806,0.3853050713300342,0.7291318391027813,0.7753267766917873,0.49850063589741034,0.2457957222275557,0
0.3096909141709746,0.35775730362546243,0.21271893403914227,0.4560955276484073,0.9253637062001332,0.5951599870756609,0.8670171848812425,0.7318426054153518,0.35355464449581764,0.2621269068846643,2
0.18335593057862046,0.4619407260841285,-0.03002349963974163,0.43596172426100155,1.0731730424228503,0.12577121003128713,0.026565564514771614,0.38153368843423535,0.4937244194836955,0.35477380772978206,0
0.3119935406116318,0.9691190391842823,0.40964057657487846,0.39998892610977,0.16544547455192687,0.624129394455481,0.37264023237615157,0.5559361764486006,0.2868484613746642,0.5695411339316786,2
0.306394038944144,0.7456895947886993,0.44474618889424,0.574154890539606,0.5681724154703581,0.521344803032562,0.3185918826688403,0.5638542605963552,0.2196020891825539,0.5213223107823295,0
1.1097645716975728,0.3805740608209368,0.9315807950684459,0.6692151974258704,0.460667494879441,0.28530488115427843,0.6013157671788367,0.6006502390601911,0.608330461381903,0.5504655405677292,0
0.938534456021488,1.010827543224981,0.43383989430424397,0.7005734754688455,0.8224148042328073,0.8153732894857647,0.487923809146917,0.24182395539973023,0.3603123037476737,0.4856583368262526,3
0.19540574968025545,0.30656552266075915,0.16035237053102658,0.28167155489118356,0.7376311588060763,0.5980621774628119,0.6656375783362035,0.38492245514401796,0.6868905127410625,0.37581329642626177,0
-0.03399461049540257,0.34647460091504506,0.5083656700775117,0.7022712040111714,1.013460087812233,0.21696953012682624,0.6523273474999517,0.004862291760633016,0.7093282544404312,0.9242468110108805,1
0.7182871850389183,0.25939728141716983,0.21685441719645351,0.555485917287021,0.10272298060386678,0.8105900795620935,0.661564544260352,0.7242044882486225,0.0075803530924229146,0.05476195600089878,3
0.00841852779385378,0.4761137563511003,0.5810732553871408,0.6778114069669574,0.9740074273555508,0.2954418031066811,0.5496147756965071,-0.06607299235694557,0.5540643533424221,0.9298225558753145,1
0.9185021128432248,0.20946588739414393,0.7858542642157396,0.8029338753606898,0.6575521709247414,0.4368640621568068,0.4796035291840949,0.5014386866955941,0.4248532355833232,0.5370854206012717,0
0.9931062041634686,0.4066467200038716,0.12838187746918361,0.36648848938486395,0.08818958329143593,0.8872175744077924,0.40456592744946024,0.5352373028157876,0.4240684878478382,0.8118034589171048,0
0.28638316792706137,0.9792848027438199,0.674868265153209,0.8718889756718374,0.4317063418583073,0.0682037799663011,0.9113916031047975,0.5110477226524631,0.3170904168903045,0.6453673311096402,1
0.9673868828759755,0.1565167816478277,0.27954667002732375,0.24860881410426788,0.8664844662414043,0.45503962920763497,0.8837445911567899,0.07489655323452275,0.2675406749606542,0.5644213777132442,3
0.30994621703888453,0.9694749130309375,0.40970353787737634,0.40184955454846216,0.16503314912757064,0.6230048654344172,0.370236614288501,0.5567030407286767,0.28672817520946353,0.5683097975262699,2
1.259218205049502,0.6029326990189771,0.44081382961888704,0.7891606051353977,-0.005656521452332058,0.5081341643278277,0.07297098473221153,0.7005150061431801,0.35678592026718453,0.8452542378477047,0
0.5492730159920227,0.9560557890698311,0.9945296620432833,0.7283355505141417,0.024180048163516488,1.3480915176940917,1.9698234963842678,0.9297856420648274,0.6950734892763243,1.3325324463472812,0
0.7244612313436238,1.1139258074829508,0.4956223824886733,0.35975769445414857,0.059587260655268905,1.0407594332622803,0.20537866543888034,0.6646057757701889,1.0746357100250061,0.32365864608628203,0
-0.4720364893151995,0.5964311645945444,0.42878507330816745,0.5385637564348092,-0.21468606038070814,0.4163741324997149,0.003608894443045574,0.508783002900987,0.12325087651329197,0.40471635977833215,0
0.896578604282508,0.3092052734408705,0.9571500811526261,0.7952763240161025,0.8416874490632741,0.44146266822901237,0.323643674582071,0.5693559617106887,0.5994017259509616,0.48502392268014793,0
0.009541846718345064,0.9574466724092734,0.42088796627446656,0.8951630580350233,0.7665286716609296,0.4801935997242341,0.9431132939987054,0.7066516602424369,0.27811893706994656,0.1867687025654,2
0.18052443856559247,-0.030299372110151462,0.35277849823262625,0.2937568318755542,0.7887135775832645,0.42145283101497566,0.3950514984756391,1.1093687968513999,0.8176996979035527,0.591328757782293,0
0.30807002400068006,0.9731828876171915,0.4122803546144272,0.4019961488706942,0.1629506929677424,0.6210787363328736,0.37198204971246274,0.5572638815035965,0.2892072527016557,0.5669738829084593,2
0.5166140812362605,0.6296496289564006,0.23782625460757523,-0.0071945730738521285,0.7195142201078155,0.3346907752209086,0.8641055666729994,0.6412601946657566,0.7098081521921837,0.6266163246411476,1
0.02226477128914498,0.9370497097604539,0.9506425772403059,0.2421645966388454,0.6771365471468986,0.1623730491029681,0.4801818549622955,0.0396587478963871,0.9143590285967077,0.1440377016673837,1
0.907048973136218,0.4517405684077128,0.46380598598812556,0.989330945621153,-0.0333808900784361,0.22936912304866752,0.8089416567079537,0.5796154223748502,0.5735312993716696,0.24128601585487844,1
0.17908402467769946,0.04224482076173667,0.26980609917821324,0.46206905641434814,0.6540214344978392,0.3810852004467187,0.3761120922554912,1.0958131587047677,0.5108995220255375,0.43857435454339155,0
0.539320232855404,0.27151744755482776,0.5195033024450779,0.8097671317853714,0.6149348252693198,0.3452369008328597,0.3918950212775022,0.7434240998032169,0.7344042523370955,0.7145247997919659,3
-0.8931910433806703,-0.2567237844556389,1.34612096113942,1.511452439126485,0.5144940546139402,1.3023723540744883,0.23107458430413141,-0.4479529348745188,0.8883583166720461,0.639421367117502,2
0.9246991334176745,0.12243162857760581,0.17813645594915464,0.606012109707017,0.5005969641885862,0.44833212426597197,0.7446248536124576,0.8101629202321828,0.8648172654503251,0.19857603627507625,2
-0.011970938551309561,0.4225941342667879,0.5612793734011031,0.68411217418432,1.008293879267632,0.2859491140604696,0.6274336075669227,0.035837057363560826,0.6715745159867411,0.8873144244931197,1
1.0346127070359363,0.3200256596676513,0.6446883608631844,0.09449884072096337,1.134747490697718,0.5394470859539593,0.7813308708197991,-0.003398731073169736,0.43603936390737336,0.39742554782360834,3
0.47739791393087194,0.707816857663405,0.7350628965192902,0.6663813131774621,0.8859752436314163,0.5354921534251389,0.5807792442846998,0.8864281651133763,0.8180479617467223,0.6623650454195756,1
0.6328704934230294,0.48172753799035006,0.7259949090038239,0.27535416655039713,0.6034699520948951,0.675425327555677,0.3362334412666206,0.8015646782823462,0.8314567404976151,0.34886599549477004,2
0.904026673318771,0.41314690637287793,0.0014857790922946784,0.3006740725788198,0.12148239697212933,0.9243455588389041,0.34518793938227266,0.4444211493859954,0.3355686882967693,0.7740194227739344,0
0.4473491765761173,0.5189830129038029,0.061787562345139255,0.4725791030704839,0.2030234699068058,0.9076123629683505,0.615905480261101,0.1878404156559682,0.7111371686982164,0.14159332759294144,1
0.45025295535855714,0.5814283320448188,0.060148411443418356,0.4069202521984682,-0.09721796594152111,0.8588815153355448,0.5383761831411824,0.2781059293421397,0.8260592312854406,0.16044687260511006,1
0.2583890485538047,0.336941497457014,0.20621670578724893,0.5026850488174596,0.6736315360342108,0.4914303812586728,0.6176689649579692,0.3394032852419565,0.7320846922277597,0.3443313224818001,0
0.6973002609226867,0.6475475094546032,0.48980576351567784,0.28941299712436785,0.07534770874268612,0.642876046214324,0.33195595777521003,0.9082120396589327,0.3752606524395585,0.685763764147045,0
0.09737134395246591,0.10313859491276038,0.29633494193684395,0.2722862274571578,0.782157009669895,0.516187150186517,0.5641092001924903,0.9197032480368538,0.668720104136488,0.5500279290381377,0
0.282857550366801,0.7320678974386778,0.6036826690775227,0.22576761999438283,0.9901716925679235,0.6243702093561353,0.4751191857768162,0.6077322038025004,0.2548389925879041,-0.05557271710101054,0
1.1967841486060076,0.8805096264542503,0.8853588661371429,0.18935443581631678,1.4854457908539853,0.3134290927808151,1.151096337864383,0.8105733377685781,0.07321255250135102,-0.33149492199367925,2
0.291935165770601,0.12199839999019002,-0.23790212605845695,-0.1677123343370298,0.2232221011064581,-0.10915437507606068,0.2841406914251198,0.8152270065265876,0.8225009997083348,0.023911412738955806,2
0.3125900615315068,0.9655221456782778,0.4093555298944404,0.4075542013211799,0.1708890711673261,0.6200538730259314,0.37303274451817164,0.5547206689827968,0.28930613919049997,0.5641343517534101,2
0.8565830396770591,0.13563296147810266,0.46066205130392285,0.12141887314424814,0.7715036874452396,0.6650378159208241,1.0422216067076413,-0.047574995212612145,0.10526401753393938,0.39994415354840523,3
0.24542922978244325,0.4011108041278671,0.22488982501920235,0.266742998363874,1.0033665154882632,0.46166139136567585,0.6910287171976699,0.6878909361413366,0.8660647674359486,0.5246173971066954,0
0.7579186016539312,0.6941935810567916,0.8138664878306023,0.04787150267549934,0.9107510819214726,0.21950673778347896,0.19205680261928954,0.15275928429504854,0.7742168959843613,0.986410577892691,3
0.38562902254301684,0.45452841116590254,0.5620803700254855,0.02696201152149055,0.6577406752949857,0.8219728668346254,0.4802978118130113,1.424183937189895,0.3488452930628695,0.7011260117358399,3
0.6529858299092036,0.4530891389569931,0.9071568866274059,0.49702219780191004,0.9925434434178767,0.45793148494208247,0.9885095482209302,0.32021856536781934,0.8746089120951558,0.18922938825603536,3
0.9112665041756591,0.8946163944335691,0.5106376565229266,0.10653715785360435,0.728662824079396,0.32078349801255573,0.4532732223051224,0.4577721228517899,0.6229910498804021,1.127267086898301,3
0.9558784648628526,0.5299064919702456,0.7032582564362077,0.5115309619515639,0.940466186445376,0.35975430096939026,0.332140451168958,0.6885390912751403,0.4377832600233442,0.5252212073394849,0
0.1665587538237584,0.4460192686880678,0.6375157858383571,0.5585719036818558,0.9194536249306298,0.40969435170546314,0.6001743738504638,0.1657681511526716,0.6886510547313313,0.9982590497606836,1
0.4969685517960012,0.8835019638787301,0.35105843985838053,0.9331630176461049,0.9069132696462603,0.648588507354651,0.9879133679454757,0.9339698513653645,0.4977379655223738,0.6365823875644043,2
0.6771962449905775,0.3705609611899924,0.6510655799013576,0.8118626977812945,-0.338612764151094,0.6015834593319528,0.6246342590427206,1.1436317898727897,-0.1940260616308616,0.8474295693388286,3
0.4130009182378953,0.417064295774536,0.17000636845601602,0.42141791040542564,0.6742278314888086,0.5986685517462587,0.5820657566047277,0.2280907556147171,0.8018948721886486,0.27878554668893973,0
0.5457629865599739,0.5142717055767586,0.6596903261542847,0.22231051327881265,0.6394192225581162,0.6867546495123258,0.3525209553885575,0.6770918214870887,0.7216817818648538,0.26784006220842915,2
0.24875142140029527,0.6326128700270754,0.37114669003548595,0.8087336608445316,-0.020331358100211652,1.0949950070506038,0.6356562607745202,0.8167827348153175,0.8261045688031798,1.0508223767265807,0
0.2717592584571784,0.11875828004068362,0.49384610926188954,0.3609769624213815,0.2547729482269248,0.3807484368128109,0.877010473449156,1.3258973082552492,0.4216244182668605,-0.050926286972493684,3
0.915883560101884,0.019165246798597962,0.8876371314826742,0.861781457250968,0.6114307897885618,0.31133083560027963,0.3642138367625465,0.4937632995368471,0.4797486373948805,0.637857567322565,0
0.08542706564021435,0.4895601550878378,1.1311010996561304,-0.07303642067195655,1.3443066830039363,1.070088732110143,1.344430597496018,0.5313532182906928,0.9697197386239171,0.47438843413501397,3
0.7214692454747303,0.15346920572897088,0.7881230236425212,1.0266397836452297,0.43660054367600115,0.9427451882004603,0.9860521623028993,0.23240242661003768,0.8492105850437811,-0.06088233480172903,0
0.48478205534058305,0.9170499957183622,0.21103223770964102,0.46526194158991646,0.5561276869869508,0.511590946780499,0.04340170376895508,0.5148728269577457,0.08696351233911212,0.31429531377661424,0
0.05181584489528415,0.712562515520865,0.4470999007995737,0.17164017387595792,0.671863095413731,0.40929191915823393,0.40034978823853395,0.007081218408595741,0.9700885917022478,0.4321275989645533,1
-0.03577940906185434,0.24805580864440369,0.8212667431399224,0.7503383591554261,1.004044938321088,0.050355419524835465,-0.1617274719643958,0.8672262651625509,1.1469889073707127,0.5990912652858505,3
0.3169377539460789,0.5205345522393325,0.2180756269280597,-0.1697755761258829,-0.10025639180016993,0.8488049699189657,0.2675977357954181,1.0424435868331976,-0.3485809344752976,0.04469421899135362,0
1.288104963749908,0.501022897290635,0.42402648745058974,1.0162104757052846,0.30302006399111486,0.5054147844883966,0.7295860224221895,0.645785083568397,0.39132843672753875,0.33518302222789587,1
0.3769487843744757,0.5489355204365355,0.36797777480185434,1.6760282105862214,0.22093844508717186,-0.399542536352133,0.1661810102153054,0.024632308370728162,0.900610464904415,-0.5958192745339845,2
0.07219366474776413,0.8353886493706487,-0.018814925474723937,0.5872609571315319,0.295045338782989,0.6953964372771797,0.5840339727722141,0.6037273957738387,0.33588940309515075,0.5489698901535361,1
0.4357003181478823,0.6370473492300526,0.28197042352830337,0.4563745480375295,0.769657927374153,0.049055272048199594,0.25174824477955426,0.5344439645380179,0.25413136226888566,0.38927607018658245,0
0.6253159503564502,-0.3092376864650176,0.79435736233658,0.6454931627133447,0.6700943269505615,0.22004134702331102,0.3849002892607898,0.20418453363365874,-0.20049301129719777,0.6970997444802535,0
0.27012111875648154,0.06353173110613922,0.6407947848835678,0.2477432542134968,0.33240081644985997,0.9167880174047323,0.12149742877823941,0.9030088044495954,0.20908339477421864,0.5636462876980407,3
0.8975727969696635,0.9170073740295733,0.9793346325132126,0.27273863516705,0.8869675957359797,0.9744182083859247,0.6101449688823424,0.2787313252491981,0.003760616790750959,0.6530881649087115,2
0.20219824588124757,-0.03077279264491442,0.40758804366640944,0.24613023603559364,0.2476434047613914,0.47872465418790344,0.6491661399180001,0.7083826512991251,0.9188506405048359,0.44751443893846327,0
0.5511427329333112,0.5994014854767716,0.5743059651923135,0.1888379364860741,0.5934686619607796,0.678885258181425,0.1947135889577752,0.6417506036428149,0.7665442616280704,0.31131921367888576,2
0.9615222456320072,0.3496385318526666,0.07165402987622628,0.3029899591222148,0.11028372316966802,0.8601827495045314,0.4108723743896822,0.5367223205097912,0.3595649734164522,0.7683313985355379,0
0.4467538615414469,0.5511808677736704,0.5922839595519992,1.138550584067361,-0.1537442132096652,0.8670046843386787,0.9401255340748016,0.8134928266817644,0.8484612568536444,0.811881735737759,0
0.3969339816505414,-0.1339890946194589,0.49945020478509766,0.5722353873388478,0.45862848395280836,0.5787685717379112,-0.12269216145952128,1.1222255478881416,0.5460407904985279,0.7717675007188085,3
0.909884809858693,-0.022344982957715143,0.031813849396143845,-0.3011925164407573,0.27339815864199235,0.2431473970267276,0.12736111983796258,1.095142291359097,0.9162478553201923,1.2833835202935364,0
0.05539202213685961,1.007108518264517,-0.05766491201291187,0.5857452526764134,0.3770951554398045,0.7232908145734702,0.5681650290699903,0.7753933004841026,0.39576592460826043,0.44036679871165424,1
0.9723078910875433,0.9441263797429067,0.39637680158266037,0.6620832261542462,0.7889767079612919,0.7283342137685237,0.416217476814526,0.1549766695126823,0.39584604777022714,0.4943757035613677,3
0.6960944849932091,0.5495234221769462,0.8120995864768287,0.5363859045457446,0.9579584396073701,1.0239897813981171,0.41162916601566824,0.24173290807649073,0.11561744683233613,0.4511148650962894,2
0.9667155182463046,0.9984232089644408,0.41336975472535065,0.646178861136007,0.8497713389513901,0.7659637288247596,0.39790332721952115,0.19786746210222028,0.4373832513559694,0.45769607172944793,3
0.4095270991754751,-0.23211595766217352,0.9248358269523755,0.29798007107184377,0.7851216425832831,0.9425083492316955,0.6709350350380525,1.1884404817895056,1.0468208925358464,0.6025031463519099,3
0.0072638515802773695,1.0079987639421304,0.09979534085212614,0.7040255677935235,0.2752832729452238,0.8391563364123811,0.7827142841668913,0.5016699178676222,0.13487482740941079,0.3740118719429002,1
0.5058902399143812,0.9463152010680892,-0.34128193590274025,1.0022865487950785,-0.4322658346357099,0.19523453707117644,0.9973128110827134,1.6599514651176408,0.1079080863360215,0.4744919251037623,3
0.4568053930874796,0.6810462793919625,0.6952812494840894,0.6987311794415076,0.8190699729350492,0.5305801481136443,0.6470394848907722,0.9674801676664929,0.9075759429633904,0.6857290023048832,1
-0.09211098749669783,0.9708180377130337,0.664277303293248,0.680104261411683,-0.1143483676732793,0.9237486087450855,0.8156907713042887,1.0456885655001185,0.31755459394839397,1.0610130803054467,0
0.3196645496905455,0.06029039997078181,0.7897444418186474,0.011775119171737809,0.9989328791672509,0.7646445504230753,0.9210259435211681,0.841809423585561,0.7299650893385098,0.30871022350250577,3
1.1035044457648375,0.02963615307375808,0.7069390982211982,0.9496153508371633,0.6750324057502957,0.07742666701720485,0.5915107065382685,0.31455726801912604,0.5069592533711808,0.7159456003462995,0
0.4987777015770774,0.4539039603969142,0.34200858992685534,1.012492907289061,0.8216029152144632,1.0883882214635592,1.1170027066841117,0.29396680507571177,0.45729813133278496,0.2616280101058716,1
0.7546781109484337,0.5602432591413481,0.4636065679899001,0.17330155102867273,0.23694727471850024,0.8026965276822815,0.7399674238412655,0.43119151590263355,-0.4975703383343385,1.4473543712728125,0
0.13705306588244962,1.06961256870281,0.16912502740099564,0.7291096649983592,0.3769832824747961,0.540120566522,0.6347263789557236,0.5174360438336462,0.4988436837361686,0.7332668181336468,1
0.36355826610974046,0.6983814961324939,1.0616901677998933,0.5746223632383971,1.0307546897825366,0.5085051840683356,1.0130286329751197,0.146697756227229,0.763529945412035,0.5159400083426211,3
0.0381069811209197,0.8124798393058812,0.42325170091126296,0.2587404606044926,0.6762524719669256,0.29768077865259324,0.7080052294144145,0.26267396445249325,0.7568591277365903,0.3304219157675309,1
0.4591163489255553,0.6039377916772473,0.2428722107721925,0.6178563101026353,-0.15905592267309407,0.7827275629374728,0.5614152092495819,0.46034109221825414,0.8762125757464446,0.1737430328417472,1
0.7803005370982689,0.46419548505297525,0.8017041748351947,-0.027268522544570226,0.7253636494671457,0.1823533711431389,0.3260519044152605,0.18466175487922995,0.6729407038635351,0.6002429854228951,3
-0.02047155196000787,0.05898518316790513,0.8423591173488434,0.7036236583601119,0.17359156545597243,0.3974736129583391,0.41090278654833406,0.44562580210317554,0.7285840809801402,0.2601257890389071,0
0.63064232856864,0.4600231691780489,0.9037446801897512,0.48406237631062043,0.9800621362254712,0.468752693441888,0.9859607789039829,0.33386443977523683,0.8467930031147883,0.20099663167203813,3
0.592825262530785,0.6251668560837319,0.8245868765831839,0.32609695264840766,0.7456741484746461,0.5135539312042929,0.08219306205596305,0.038947333760255165,0.18621524201157993,0.10396290654682117,2
0.7910108239561237,0.5217918066985467,0.8087764340211103,0.25639157307142596,0.5340428754916926,0.4242377649056757,0.1684875366587149,1.065104697778936,0.5686644296328258,0.7913884008994744,0
0.6050945789501435,0.5094112258757796,0.6733460617357976,0.25142867379379774,0.5859112034553309,0.6100322347178513,0.33032776283534965,0.7945575168956032,0.792750769430721,0.36542172618201946,2
1.2000347492381869,0.4149752425739085,0.5297449447217274,1.0461177206036805,0.24265841766092405,0.4036607703957984,0.8017891754462207,0.386186828067115,0.6056851824773306,0.5300472131117201,1
0.2566788924895,0.242001522938096,0.16318992556217765,0.43800201297768815,0.6480644272359333,0.6013334935092903,0.5399078385391963,0.20692294161292835,0.8238669012021127,0.2108967408253796,0
0.3830377504693475,0.1760494412660597,0.46289153424044915,0.755415605034709,0.6164811665903386,0.6340897856358803,0.1990016415806885,0.8041575225924966,0.778959994572313,0.8360528160121297,3
0.9367296953088564,0.3548637291174843,0.48782690339620877,0.9076665540915644,0.052944923712742405,0.1940854044441944,0.8813420003071031,0.535839378678338,0.5290759435673087,0.34306594663881856,1
0.8445363839207056,0.51716813964144,0.7377896309275623,0.5855719799793302,0.8993615085702455,0.38423243535487694,1.0645941160730608,0.4906420051317809,0.8225581141370986,1.0342685127306257,0
0.2726922547362235,0.2630281800034739,0.9385852784362436,0.49969971935507906,0.35537870662494075,0.345686746792364,0.4357325042971272,0.2338220206404812,0.25882486664333876,0.2341875233150612,0
0.06406100516569174,0.16450360775074424,0.4419651971168944,0.31612175670783316,0.857075747105983,0.5075448505493397,0.6416602701617005,1.0449745640621169,0.820939823633596,0.5864562770736625,0
0.6425175792271097,0.539916504474658,1.0230430185818649,0.5924432516468605,0.9209972624716394,0.36784329420626594,0.9042555566310391,0.3673924078621602,0.8095791611467644,0.3521890117314179,3
0.25374797111798775,-0.09032284847098287,0.11028712810606939,0.005924225508072173,0.36095534347397085,-0.015997896302971923,0.3712995228016609,0.3298062466367345,0.5923657451247012,0.3643447117569365,2
0.6909826754155199,0.46799218099866163,0.9528018482176455,0.449162576985075,0.9090405674142349,0.33523776406180583,0.9686965139375734,0.22223350135048767,0.9628410805238657,0.19533980231441006,3
0.8136020042978199,0.08740287998891338,0.11742650429901723,0.5637678637519327,0.5391226814254008,0.48028551157492266,0.6477689442621938,0.7316603344172209,0.8213188031934828,0.1739264662135474,2
0.3446981690753429,0.0947839753632721,0.8296273772837237,0.021928835413709963,0.9591579723346758,0.7431764112055912,0.9369844356911301,0.9187583330085098,0.8900678333193908,0.3450610646291651,3
0.7172540092684473,0.8231925972899388,0.5710636880113092,0.24754660276114415,0.12249203904120122,0.7395474769959745,0.21849170586019173,0.7322385943404265,0.2725395641426438,0.6132254555774062,0
0.21672795235663878,0.6367873132708964,0.16956938823990245,0.3162893383366174,1.1505067920203342,0.039523132907401545,-0.09620216505893675,0.5280333971267717,0.5248818170937912,0.2603064350528077,0
0.9371687617354432,0.4513792786905523,0.4459628528201087,0.2852165507942569,1.0276161316796335,0.7875473199148113,1.043610196104827,0.5388111366567584,0.1639264036013452,0.7722323804388729,2
-0.012042951181831685,0.15651544699873834,0.6663696994855975,0.6919043573143828,0.18042603261679863,0.36822392594004405,0.4441880841633862,0.5096996590231752,0.37697777836281676,0.2674166704026191,0
0.3855322644604333,0.5348307121315574,0.11227728075879975,0.40020496738075595,0.9873518555940013,0.11597179111291964,0.025974148504025355,0.36726815221903314,0.37644249192217816,0.1951945461050052,0
0.017028218895989683,0.016949620954846863,0.4679704074912086,0.41021996667724386,0.21317469038882111,0.5293497434932753,0.6679467273226398,0.3337222387568756,0.5285610880105965,0.29447360668250233,2
0.4892158401361553,0.5110509690346435,0.5156480801191619,1.1576866760443805,0.0943476167594301,1.205770597985753,0.5558094367418696,1.110260017713899,0.7856113673313384,0.6174304886587803,0
0.3621786666564836,-0.261452545728734,1.0509103696513886,1.004218641345263,2.025091103289186,-0.9560298459085785,-0.3676454530201681,0.20963065981576712,-0.11847357589455065,-0.5902740215302922,0
0.9266480364512661,0.2540791220857559,0.6603863278540383,0.40384241717655317,0.5041841887716367,0.7281923549837381,0.16906650624022512,0.19801700232873548,0.261809750265831,0.8731051107580091,0
0.973945268256499,0.35575934284632155,0.0918279228417503,0.3184343578429294,0.10714873357300554,0.8664182368511477,0.4248002124571204,0.5364843521348259,0.36603128806102203,0.76991558669171,0
0.633535554818255,0.36143656116045764,0.957758276844443,0.6122459565792854,0.8536628879945873,0.38900855228315334,0.8071316688785688,0.15033782731412584,1.0121013077026326,0.04531200815089059,3
0.8558413198446572,0.147491599841292,0.40930664796537924,0.8561905126352304,0.7208560327660269,0.7368421628688145,0.5947827647030749,0.6283360045113334,0.8343989294692105,0.7987488068832879,0
0.6880797823563191,0.41251767096330677,0.4886498105782557,0.43180564590964143,-0.25981139288242294,0.3724135854253855,0.7259231686536074,0.5948279403634749,0.23820171780113458,0.6718113683156561,2
0.4164438569607718,0.7108004794045004,0.7209483517123593,0.6477825884823935,0.8580644185234335,0.5593065987280472,0.6408821874518696,0.9560169055590999,0.913726959175976,0.7132543762095285,1
1.0020259879762194,0.34815956800141074,0.4396133274136353,0.8712705159739229,0.08091216020641104,0.21651479427291145,0.8690769177247779,0.5109985280346496,0.5790721079254247,0.3659235246485597,1
0.6744321759487055,1.1383281794146416,0.16130407403856928,-0.29223661421525693,0.21532897235366188,1.7850812918056147,0.4350963800692731,0.218742163177857,0.1362809807877424,0.020309510082000326,2
0.941762783276183,0.2629122887776234,0.3281058563457463,0.13400939249282254,0.833716082047218,0.4904120510075244,0.9522831808990254,0.02922542537024339,0.35896365497248744,0.39208614794977736,3
0.9057123883715157,0.13994258841755475,0.18919394806434486,0.5779167395138255,0.49526967882957174,0.46362288769104176,0.7269338000468815,0.8365375207562276,0.8655703027923536,0.17313091505328634,2
0.8148462460378892,0.35911536365467467,0.45119501381656646,-0.11281408275943247,0.6542723074928504,0.4415692242147442,1.2670044799270004,0.12030787709993229,0.32673750171520044,0.2995803486740479,3
0.5994081212083224,0.5203450561794789,0.6829552566070353,0.2507487834666332,0.5798013875657514,0.6085228622113034,0.3332182930366141,0.776721116129126,0.7944696282860395,0.36520659975568426,2
0.6630586986491989,0.2874827135236222,1.0688815598681722,0.1343696314065719,1.1880717388928137,0.22715906706310274,0.7763115870023731,1.3001658158974339,1.342462807200951,0.6203716541314028,3
0.3817029994344928,0.40010749255731004,-0.22831884709156536,0.29483779768274393,0.8277100089928677,0.20674867230475877,-0.34202560984615143,0.24564925037639573,-0.01267192730058958,0.5271710264936759,0
-0.012173834923717528,0.9787831654362289,0.9291097327167412,0.27769769283602913,0.7611710249627244,0.19179838657804635,0.3775798379531283,0.09042508133551595,0.9386625414486146,0.2000631969622805,1
1.0548305563022584,0.35974797787672685,1.0460408547850986,0.5904444200917007,0.745766597446555,0.3465557376980642,0.5595815221394305,0.5197733383376011,0.49688587272286977,0.47776126048035283,0
0.9540062551164844,0.5561823280734991,0.6659104934156377,0.78319184300566,0.8764998780794627,0.2552722509058668,0.9567152088430896,0.634106817393564,0.8897597316207767,0.9302690290531415,0
0.8477677133693426,0.3565070568521449,0.6595712122060156,0.733904041376258,0.8321443821407258,0.09427063008822126,0.923346372814981,0.5918145439679503,0.7306110840694369,0.9607302109896261,0
0.6302283521054279,1.0205388726290119,0.24653060265896726,1.0731060943626192,0.39266394067817434,0.6718165739956323,0.539751152302066,1.2776757835078112,1.0371031162275393,0.7391216439205232,0
0.18745808912850626,1.017536390660294,0.46042673624036884,0.7692042696942438,0.33347047910353805,0.947379512635176,1.0072531417789583,0.6248853914237953,0.9292536709453942,0.6268298869222291,0
0.09006086271143668,0.17840108761925444,0.6907418750793518,0.5814695874534052,0.18479577422630067,0.5073586381328159,0.5779357190047201,0.3818961625882121,0.5722778601730215,0.3555341006094552,0
0.37971339874423227,0.8224400231857196,0.24224811267908225,0.8582564223064961,0.8114789417131023,1.1695018529684362,1.2311259353948634,0.5583661981108667,0.7030526692688691,0.3348940064035779,0
0.7430282743903651,0.3328484466549996,0.7200646570333483,0.6335845028140275,0.743672684910696,0.24540437792238964,0.41123867157148686,0.4124189064941321,-0.04616699682462605,0.7853431729601807,0
0.8097993846905623,-0.06606779501109175,0.692928674074655,0.6540097491799614,0.9130907826202277,0.4528763634572577,0.39103800108347764,0.4133724921371015,0.17533804807669173,0.7617480766831348,0
0.9371267700486194,0.22294635949142422,0.10289287759661102,0.5069032362162218,0.5524081869409403,0.3871352469652771,0.6940503242555113,0.8308602008943776,0.8153037935057499,0.11438644130881047,2
0.3559386082587516,0.018008877641481773,0.056396385296729044,0.08980097166648805,0.41409568103616823,0.14321756171923755,0.4031503991157943,0.48668782346967293,0.5934084139418427,0.19200969177858643,2
0.25501201055375355,-0.017938065632557315,1.069870239297853,0.8935937447649309,0.5710556945228571,0.5035541195061501,0.22363859363461486,0.16440101148760008,1.0228371722887315,0.4573057427928485,0
0.15411818634841784,0.5296901430710454,-0.5014559165141691,0.2885844345444877,0.5196762386850394,0.6665788642872392,0.1786709147136914,1.0595855591747323,-0.329031788919775,-0.3906478052222745,0
0.49897588437962886,0.8759796020122094,0.36460118026301686,0.9274240181381431,0.9215210457315451,0.6635490777817564,0.9850413737470102,0.923450244038334,0.5000348142396835,0.6386601825984289,2
0.6675021244067219,0.18318078470627913,0.3232133464260218,0.26055832669471957,0.1534779750486615,0.3405801901359465,0.4063614925155373,0.09467004983316185,0.44203174144307894,-0.051949381313634024,2
0.4506575109877723,0.5512992350865391,1.1353142639957454,0.649440998052656,0.9377422081223699,1.0205234236967533,-0.25432009891841845,0.2876664573779437,0.6734976996366746,0.19027635803571885,2
0.18100047407089764,0.16491861836694816,0.3218410073024387,0.1987995312280453,0.11531912864297239,0.3434636486408092,0.626358193249307,0.8172058153168368,0.7223290479130892,0.5216594363162143,0
0.2849659451937356,0.7259803851858149,0.6990769455068789,0.7165754641867803,0.17819492134559006,0.36706253344108025,0.2939139254281081,-0.029502566280180748,0.1799196111138443,0.2966349565407676,2
0.30937586171200426,0.9701494058559714,0.4099011467016591,0.40202119708315215,0.1658519379136408,0.6231037064707873,0.3697857328824563,0.5565207534114155,0.28626379130464075,0.568031434563049,2
0.437729001309137,0.11555938911866395,0.8090431904759864,0.05964166640129008,0.9670446830346988,0.7840205547104755,1.020013140423056,0.8741577182590732,0.8128587495385233,0.31830540742440117,3
0.19230475676703887,0.3009865127304136,0.2562507664992797,0.30276784317227934,0.7585083112973283,0.42545451403838774,0.632380015744511,0.10770696662720317,0.6876914475744845,0.30363814098552594,0
0.5906661774383161,0.7618885200150058,0.3669315794984149,0.09452219144312081,0.9019634516211483,0.43651257561334234,0.8947147564436959,0.7599586993732562,0.7098073285548041,0.6969581636684505,1
0.5195264652093057,0.630360704538887,0.652727398371044,0.3492297112286803,0.5813924976370303,0.5100129126341396,0.35567215414615955,0.7539013024069421,0.8393345745162376,0.31507515689889426,2
0.34091879775316675,0.9636219674196171,0.5060773930747929,0.8118188054545816,0.016271480158827553,0.7406352927429349,0.5568200190708339,0.6616359233362851,0.6413138474630113,1.0161005574093533,0
0.9702124290764456,0.06919907415304137,0.21881046771510537,0.1750939480119544,0.7427145812390197,0.5384975619759671,1.0919581414501427,0.19095957461957297,0.2514114047326701,0.3799798249694114,3
0.0658913328087959,0.3448666855231552,0.5410425133058789,0.6165201857484581,1.058088667903408,0.35752025509985164,0.7104257453135989,0.03047366096605522,0.6658651681103926,0.8223154536404201,1
0.3484882025775105,0.3435617533883249,0.08636344828828649,0.6616592821301408,0.673326164877718,0.6359496653619321,0.42447304012600473,0.3069241374907675,0.6535129661051275,0.4086054651810772,0
0.26496470422707724,0.07547263018139654,0.6728407531591843,0.21913713242599495,0.27176921739680915,0.9791481167163534,0.08070297698890876,0.8796357347667247,0.1851931715668536,0.5973719836090478,3
0.5057669105137277,0.14614458709772948,0.13245412377709812,0.12676991446766844,0.3122194718343303,0.17269384474458022,0.5148619855233573,0.4759213113290711,0.4458810213464953,0.17013038719110854,2
-0.5598513134141619,-0.4806054642740605,1.1365681662238005,0.9423820640678238,-0.004746260320070805,-0.009786379982754945,0.6793163894566135,0.6064152802782907,0.1791017772985518,-0.17531745489112305,0
1.0202616879943325,0.3116412699150487,0.43073001381738074,0.8176704547517436,0.163123962628527,0.32151811594520086,0.8756895639668266,0.4712807532487687,0.5679782109169594,0.43407358512090766,1
0.8810203091356419,0.8225502605753221,0.11604666340516678,0.41209174594896836,0.19340583355704133,0.8454709604661675,0.544044997614635,0.4993861673848798,1.1177351232635857,-0.12501838050941322,1
0.24873176637762645,0.1570292448640581,0.09239469551133847,0.9692252738602605,0.3473219186034789,0.33682118031442543,0.39544440877363596,0.5331834168850362,0.4345661738032954,0.21500205598496117,0
0.9792783769382103,0.5156396739639494,0.7266735367613101,0.6202518436777024,0.8173512248868563,0.4371254840942016,0.3630562957796219,0.6663050055380438,0.44402573537223283,0.5688380383528358,0
0.30905505594443966,0.971244066231442,0.4106051485140875,0.4038802604544139,0.16693973390044745,0.6255839742110133,0.3724561013623498,0.554167195280757,0.28607216011696046,0.5700389960201125,2
0.2388611102375113,0.8288863895600328,0.5109828407396716,0.8543375018242371,0.08787203806796108,0.970033983870701,0.7487919078876133,0.9186829052460902,0.6917597481884222,0.8169176169733061,0
0.8553073174027519,0.14545348090915916,0.4099105203021541,0.8536575638918787,0.7181763261630728,0.7396412974974687,0.6000148787067198,0.6290915829491912,0.8324857478207445,0.7980221364600989,0
0.3798439567952077,0.5644959622652576,0.08616188143899545,0.47512104066363436,0.4049557384175171,0.41625060858829904,0.5696991958311308,0.4003051778276549,0.925434369239912,0.09567065211505668,0
-0.0960016978039536,1.1964822138384439,0.6015695564630932,0.6541828032435396,0.8221507461696954,0.6104901756060258,0.7799732611149555,0.5843875120763229,0.41967424931132624,0.021441685991673287,2
0.6647962814960398,0.46805166797476044,0.08639322388989695,0.4609496007598232,0.6687123561827425,0.9262353682936737,0.01997908215639116,1.1451993708413273,0.3347594380181343,0.7755300019871716,3
1.013953383747979,0.11814245565487294,0.49734256488376394,1.088906444669879,0.7406258353533566,0.3917189766969628,0.8599855234458131,0.4248758100112079,0.5565280507503622,0.6017135168320324,0
0.3552787902493275,0.35533932409757496,0.06706813935151312,0.495412073482661,0.5804392782845653,0.5924791585022506,0.5346153888593465,0.307306492224438,0.7777476774625098,0.24129385654029845,0
0.036823206207751334,0.9145886315466825,0.9738274962720366,0.25382705598605076,0.693805100404345,0.15036093285497348,0.45017656821736096,0.06598909484487492,0.8882617704734095,0.13342334049797308,1
0.9586223937554432,0.9409694875221056,0.35142535513291917,0.670012481363921,0.7859357867154755,0.7330108663922846,0.3954823433449316,0.1417736466394125,0.3587912871402825,0.511841320888287,3
0.3560545819432947,0.6033125417488144,0.17058578768692326,0.35553489750088985,0.9332114600711745,0.10979079059170019,0.08236745428672512,0.3874060862890123,0.3495120991640843,0.26198011292926277,0
0.9773098618306971,0.5385060380915415,0.7109562348105223,0.5442125690228306,0.9041383927668977,0.38249859832466365,0.3572015949451773,0.6139372724005074,0.4035336671050651,0.5552914544848646,0
0.05930304409249611,0.1790686490353336,0.2205981558188655,0.2610205433660563,0.7668310974557838,0.5970739000805809,0.5958839710885734,1.0130043574962624,0.5695259438098076,0.6417708363031479,0
0.858748128046727,0.00551270400106095,0.3014816216282174,0.6090037085423028,0.2536452408626012,0.9511184829673851,0.6766779391938456,0.30342913077556777,0.2146857881810601,0.41269754479332627,2
0.24012925379607974,0.3386674153846442,0.052215592956544495,0.5696758075796173,0.49372299317392543,0.6780216347861814,0.43702620003300596,0.3985391288149545,0.6853795486115789,0.16636101073129833,0
1.1861860439278262,0.004795746842980647,1.0148542701454384,0.7098135390194601,0.9154346648611391,0.28369832820017427,0.6013146433155296,0.33151066812838315,0.33662318600150054,0.6886704158255128,0
0.029472195828097215,0.9624381336397464,0.43244347390299853,0.8787631990207444,0.8268855469082873,0.5071402788059463,0.9454666727650864,0.6705724257473736,0.21368054440940434,0.1759711030842454,2
0.20671380652459903,0.6929154297000633,0.5951745161724347,0.93829285195357,-0.026943282264626917,0.9654843161025518,0.7458385974256396,0.9706810789825695,0.7606267165239041,0.8328915945948379,0
0.5791514505042645,-0.27031511339590614,0.23837398935920215,0.10386744719695279,0.7186543541169096,0.639145700904658,1.0106541947769645,-0.26640509780160593,0.5192354723152672,0.6639153871465229,3
0.30808460403505705,0.9681643330622532,0.4094210140373427,0.4009404986743133,0.16484505917993997,0.6250277738054297,0.3678037989152534,0.5562755717848731,0.2869839331147652,0.5701804525715822,2
0.44380718443120193,0.44648487785112956,0.4983420469447954,0.218092642939167,0.7776014210635,0.665777303250473,0.4281037397578429,0.4130576897437678,0.08925710423615082,-0.09930930687050601,0
0.32322544559348576,-0.026962462409575005,0.7782368866667935,-0.009878771412784988,0.8101408527058911,0.7282846081180543,1.0167658689541013,0.8115970301951013,1.0196777454460173,0.15733603906780708,3
0.8776452963688508,0.2765386829988118,0.08475400784775235,0.3375955535898626,0.15777360982209584,0.8932662957979687,0.4969141937980371,0.45734014560674563,0.3150228207657768,0.67161797186812,0
1.4820721290100227,0.2042910712472919,0.31460878394812225,0.3210934336422346,0.5022628978363621,0.3461959387205503,0.9010954853750901,0.7375209877768574,-0.08737558972834727,0.1599954710614392,2
0.4178073986495429,0.5727167805130108,0.8987603497433139,1.0423695761455969,0.5175193931876946,0.5066054365325932,0.3813897059023524,-0.053664976407235124,0.9827423410500715,1.1831493577820436,1
0.6579563846487477,0.21891373399316227,0.14120445898051462,0.22924088632144018,0.6797348770246232,0.8484984398395164,0.8966634814303195,0.12003179606427408,0.08699119724057458,0.5618814241441017,3
0.14470022626802131,0.8374174524375081,0.9887300305049068,0.21711085113610012,0.6825030532507984,0.15229143505769313,0.42476893768853524,-0.05111994824818712,0.8113926795555624,0.0056069138105729055,1
0.25377328833767954,0.0576536741589192,0.6634379213483578,0.2551987876007762,0.30407665728455446,0.9480798423165387,0.09112163873595287,0.904147557446326,0.19794787069733155,0.5542782808077109,3
-0.12709571046251583,0.9105313160343619,0.3381428526218593,0.5503373812668959,0.7620686430268607,0.6109163589703552,0.9417083904330125,0.3643647014120133,-0.006269746637628998,0.07343412489823893,2
0.9676093457136359,0.12680901681354714,0.269632399511802,0.5587638363082903,0.4782855047737677,0.4720658150719069,0.7594544105779815,0.9097558703416413,0.8426928718042384,0.19459255000474876,2
0.7381063140594109,0.22123644604473128,0.6794997852894905,0.9448620396035573,0.24924775128600105,0.8471507147609404,0.9525971763928317,0.17957634668329814,0.7239743947533603,0.007607940870590912,0
0.8333313880753156,0.7733437463561968,0.5891826669184408,0.3681202025431267,0.2732790983443226,0.6162398423794426,0.3897165958857581,0.8716451712041439,0.12733923481879686,0.596640317287865,0
0.06095915205063801,0.4909039478298084,0.4654215336102323,0.5258794676574287,0.3350998383813752,0.5754137438229091,0.10807600753568769,0.8745436743768179,0.11013630091463569,0.579274083068405,0
0.5972725063584597,0.7645486655141386,0.3569442513879222,0.08376580760097807,0.9432348062547494,0.3978962701651662,0.8841566080128679,0.7207944461814024,0.7156009285475101,0.6964944380260307,1
0.3086055871300454,0.9707686752811763,0.4090607393522065,0.40340125894446155,0.16511768618307987,0.6236246966771276,0.3691486389644491,0.5573935543675075,0.2851767704784308,0.567910775207301,2
0.9134846417262196,0.12440213536129008,0.1930404071817363,0.548298155320797,0.4834048937582495,0.5018451569593663,0.7544623289796321,0.809201623452798,0.8977858936829257,0.1601025591028039,2
0.7338782152952612,0.6552203668229852,0.7525762539806394,0.4055948946585776,0.8932625019261012,0.9555166122591653,0.40837159765485304,0.3350949476164662,0.1760156003188361,0.36564303196718095,2
0.4771312621687786,0.3105207325097313,0.14625517321340462,0.5080573999527476,0.7183641871826523,0.49343960673266524,0.6539168167242787,0.39895382120383466,0.8605432065289681,0.3566946045638525,0
1.056455489419847,0.2919163902941539,-0.015410783734745886,0.28321433446980876,-0.03482955753779804,0.9162206054209336,0.21466856853531516,0.414015537781364,0.2632826000727466,0.6517273860255663,0
1.149364537086076,0.09876502100133422,0.5257637854462069,0.15411638438620207,0.8965621262392854,0.7707712749630659,0.11636612821647502,-0.14400743591341492,0.6330158224747274,-0.19332287138390292,2
0.06762890345086416,0.12741615645489734,0.4630371964187676,0.49974152587341875,0.2041814129492563,0.5444716155505022,0.5518744164005018,0.2603587340357499,0.3603005407313755,0.3467451193351925,2
0.10621444140159275,0.03288131048743649,0.39689322521292314,0.3604584737098178,0.16735299361031927,0.5650589916264954,0.625537583703207,0.4152979311218091,0.4479397148424005,0.24422588552131191,2
-0.04512732530780311,0.8474732011196533,0.9656520368282049,0.3186660062335012,0.6633743133837442,0.056554246835663874,0.5256923792089557,0.038645704011630144,0.8739272789220686,0.14479168850707197,1
-0.20199452790462197,0.4181374366732119,0.5536042712110008,0.7539973528029252,1.2090958850248525,0.2511499156275837,0.907741147886461,-0.19683380704092898,0.5052662688674003,1.054331961933517,1
0.890648395275372,0.5659129519548896,0.3860725579665913,0.7942991286316712,0.4977407003846227,0.7510880193379353,0.7245756298225023,0.30056060891445363,0.1786742266018237,0.5807744566308456,0
0.06398286939969355,0.9278607528681523,0.010682909307265306,0.5938479266911657,0.36959629741342714,0.685799172973074,0.681249909203609,0.7269427622687198,0.3070949736925725,0.5207196885888947,1
0.37965864458699866,0.5846384071553662,-0.11294827436205804,0.6386655272528368,0.5590393626444369,0.3982975173739496,0.5146202813801818,0.390076090278564,0.911428670632082,0.024039544501965465,0
0.8016927869523854,0.7257993653028013,0.7928893471211839,0.24930101518783318,0.9139496945789122,1.0068710776657124,0.5282974547228412,0.4077003908180102,0.4329040606502591,0.5860554681373642,2
0.8767916697558853,0.7897249598170379,0.7890733110126227,0.4404776296956159,0.862784527965249,0.7811029330404407,0.5649496190816865,0.29378742903025834,0.027686172300393386,0.4353556835806346,2
0.4376272483595649,0.8327303271827691,0.42691195821617534,0.6610913836099533,0.39855256839515024,0.471154764481887,0.4089871709535241,0.7696029767996184,0.014918637910682802,0.3935730825493352,0
1.0853243876385328,0.4567533805439138,0.5244484068282603,0.9237227529981392,0.12384399194831905,0.12401017278507448,0.8286483463142156,0.3799443420907368,0.6346655602943592,0.27918856818741855,1
0.4362529545272523,0.3610169574559398,0.2530680250568986,0.4851614403730533,0.31432741512978213,-0.1560265715244299,0.4966487114039185,0.2944719924136394,0.6977701017283175,0.20154528629679233,2
0.8723712319171097,0.11504991976939291,0.4167045888773474,0.8582522472669029,0.6858324071383586,0.7320931560657313,0.5826053130199726,0.5872483707323104,0.8260641598902796,0.7827059303004587,0
0.967581998927889,0.9121694084733419,0.3736816300768907,0.6934426749233024,0.7543463280088879,0.7104079837827536,0.39595836271868173,0.16046854084361512,0.39994537750430537,0.528168187942044,3
0.5050410717147977,0.4235860352348956,1.0623069415424655,0.5370833662402282,1.1101287581656143,0.41754257509117554,1.0491230747353202,0.19457752986413746,0.8367113400838334,0.18557277722043317,3
0.14199932324608242,0.7604589102824593,0.4955195586448288,0.17675887044440566,0.5833030430033807,0.05890276820153867,0.7572396928922471,0.205474012390982,0.8722232661709068,0.16091561494555898,1
0.915322501588544,0.08348633004719178,0.5715342496451692,0.6794758465325511,0.7764944677141186,0.4541290803381907,0.4843221063857253,0.5460645598441809,0.07611069256795708,0.8884139828409758,0
0.377204213208709,0.607364162816821,0.41207882877856616,0.5647770092912641,0.22948376826509465,1.1980500462517893,0.8375789933301253,0.826490216765788,0.7084350918138154,0.9253733843870332,0
-0.3323452526322075,0.8591422671291487,1.0035325544123697,-0.16037942750777334,0.697479502126376,-0.08853159237924671,0.6001333203815679,-0.3790204903554526,-0.3239052847926317,0.6176552076678208,0
0.2498408909401649,0.7861098925756433,0.5512454930638734,0.8761205561187133,0.11584014758615498,0.9993929785550738,0.6748470756968273,0.8626512419935946,0.6833770073688903,0.8802547821207739,0
0.10617287686159158,0.38050117814753237,0.8940139394912653,0.4468385239969833,1.0813198740327203,0.6020195877169446,0.5850763568001304,0.6049161082010943,-0.06420161993155887,0.11126405280873192,0
0.25048705900521817,0.15172017571120838,0.08840705579754395,0.9719816725232483,0.34966830820229683,0.33460949460111433,0.39315042310570364,0.5353155469651201,0.4378656795357333,0.21847880784879034,0
0.1198295197545289,-0.05519404059740919,0.4114124095385372,0.3345564837214602,0.19067984235096497,0.5962260691618119,0.6467095551010127,0.3079909639702161,0.4174847860174282,0.21493106038851667,2
0.9730825787291761,0.34760959424656374,0.4405062306035227,0.8676518365244473,0.07047111900718986,0.25677764848745677,0.8521942004313883,0.5172179395329728,0.5751546070291522,0.33091613600829045,1
0.3986197619300164,0.0386800235049881,0.06078260044350832,0.17292533902807783,0.4206803505549652,0.06730338682971118,0.49128721603883174,0.4222151090983069,0.5831695717365406,0.2440335856633744,2
0.020243527712638543,0.2163801913368133,0.07369683521713857,0.02202409546975792,0.963308775145629,-0.21820876658675953,0.32107751175173005,0.4270403428432959,0.1372755992700361,0.11624668896686698,0
0.9269092552691575,0.9922286607947397,0.3500158257974315,0.5922527041047299,0.8647398131378283,0.6487914822892886,0.33583456364743464,0.1056646178652997,0.3604360658114728,0.4449358795842872,3
0.9472821344688607,0.5375704794477784,0.7091232398993985,0.559515187726612,0.9082407784197849,0.38717499714820747,0.3462788414704081,0.6399811689955862,0.3963066699573509,0.6292822944594733,0
0.19290729686032942,0.4966985932770547,0.43013010757464154,0.1691770124546224,0.8529376505462916,0.4504673265172239,0.35695639108052324,0.5036649319107451,0.27826586277203347,-0.2370212852426617,0
0.5236310884238536,-0.10414895051485629,0.6290378571328683,0.1036343150556141,-0.010479177522295713,0.9155601212061752,0.7888800868874422,0.9777503540940636,0.23213461077647238,-0.03221636783937615,3
0.08668921636204652,0.5160744403117274,0.7207579099996719,0.6663871266811334,1.2134083765269958,0.286199651119149,0.6921628555950182,-0.019867624940473692,0.7204127594067825,0.9254450359463551,1
0.3095601834662649,0.968264529539847,0.4119687516274256,0.4014556679750747,0.16465217278275981,0.6235916787026246,0.369825281212379,0.5553685987369117,0.2867005607185912,0.5695080654950296,2
0.541666008852741,0.6456498856980109,0.5828944386606074,0.5729704458458759,0.9094987958835702,0.4613612842975088,0.5091445626325144,0.8258095891459637,0.9688272229422656,0.7830905533577904,1
1.069586442896254,0.4457163668259444,0.115495181449666,0.37558325525260794,-0.01856032342083283,0.9599101983646493,0.2822582591549674,0.4590417626856431,0.44719443924516095,0.7631372413697358,0
0.6160279337191263,0.776997769916528,0.40116703210495624,0.06591176990394879,0.9252026000625314,0.43174234550272117,0.8814364530545999,0.7613528800721421,0.7189060490947885,0.7163846679567745,1
0.7383423014911801,-0.28932008320431696,0.5337814141912938,0.5824056438061185,1.1254142012172221,0.1408782482498716,0.7976082372923488,0.08695281928881307,0.6979873552724927,0.21465648015226538,3
0.969465889524763,0.3402945298687588,0.09044550251938385,0.27325850074477376,0.16335883168492277,0.8539712868838694,0.40741124066156587,0.5332545842695214,0.3869731398319519,0.7731423839247398,0
0.8249162404359311,0.8719936857584478,0.4880634357951785,0.038345530173198084,0.053387809194817754,0.551909327761796,0.16503047886303196,0.8432922928833919,0.028219525710345444,0.5746789344394552,0
0.4078356037288724,0.5561395742884788,1.0871176314500084,0.5986121427694566,0.9825849334612718,0.33287756509934796,0.8659559135923773,0.5729876134803409,0.8097975760024918,0.10849470824022522,3
0.29958835900573083,0.9601285554434852,0.41283281896615903,0.4102833499721431,0.17670134619771669,0.6275346145153119,0.3761477613857228,0.5606613542158072,0.2871322546644711,0.5702736761094335,2
0.8276360028762724,0.4315897215024949,0.7975745699609429,0.7178757251665226,1.123297896148136,0.7134015131524695,0.7312472255153014,0.4014883370386255,0.6312240540321479,0.1486075943813743,3
0.26058273802622556,0.40396624662642666,0.02566581820799383,0.5835199513442267,0.5066260996993299,0.6383038783549377,0.5594535787875452,0.31433592025173485,0.8709936901849141,0.23620683869668466,0
0.3444242468471408,0.45168245543476415,0.15179787830295138,0.4159104063488695,0.6401792150421604,0.639758389483126,0.4733022223718067,0.37559868685641334,0.6966523476471624,0.3383588479105152,0
0.3235506220102737,0.35390697702197865,0.07400840343690089,0.5076758298259199,0.6198565156789653,0.5803146731401295,0.5205977772517021,0.27734517783808244,0.7420332035469003,0.23689984341603396,0
1.23007694459004,0.23571067946634666,0.4637624733896211,0.6991330455484087,0.6776853048514755,-0.2645768745642668,1.0419950554621866,0.908503426552808,1.2048007281433524,1.4025377331015547,0
-0.0013310309882489726,0.9408803673429069,0.9550501450719614,0.2412059341040395,0.7022892921352691,0.1476931647472542,0.4314629139189874,0.1020168370442796,0.9183704813960148,0.11333487258901602,1
0.21712870737787524,0.2470404733358671,0.1997818247770417,0.42478374750679926,0.731061271967696,0.6650858317436519,0.6677227305605289,0.16088763292109937,0.7507005761133456,0.11620667934628665,0
0.2677444972302784,0.7590154710396614,0.6942206564033515,0.9866396303963288,0.10772438294606747,1.023813602151461,0.5714620170389518,0.7648163358348563,0.769184162283721,0.9617617468559516,0
0.2491154110893404,0.0583374508233296,0.6538770737384931,0.2440098670922825,0.31962912027822166,0.9380417142750803,0.10332904756613091,0.8942562336953317,0.2043690024812774,0.5495469543646185,3
0.4121388156196747,0.9731737249532825,-0.23953099097646008,0.8676087443507771,0.5276278966983355,1.0628218196106367,0.2575788520852152,0.6239689194256378,0.5736225025889345,0.3319209222974867,1
-0.4703997746677816,0.8150937136882652,1.8804878263962905,0.6911636357813775,-0.4300121901110504,-0.34879197210062296,0.5105755999787172,-0.023158978568390942,0.375174714645819,1.0852738860471318,2
0.11074939157388994,0.07981309229540627,0.28262057636049714,0.2939444753706733,0.7641482856998945,0.5122575532689924,0.5821679813820526,0.9291673501013108,0.679660232248859,0.5855839984784312,0
1.6087312207590259,1.3772915970032038,1.0896813660661686,0.4405784208065632,0.08644460516696428,0.5659670509967448,1.2669415364781802,0.6586063373258971,0.9411314881761499,-0.17735499947108413,0
0.2981446010275291,-0.33052790785189556,0.7211011378875374,-0.2779024608231727,0.37485066918332227,0.7339634182844919,0.8825703327698948,0.6900763907640017,0.6850712277452694,1.0173965316762992,0
0.36569888841120407,0.41706440471592,0.2533623532779748,1.154601584773381,0.8902244413869667,0.664007702396644,0.2894096510369436,0.183776778783095,0.46390772045436396,0.29031602069498313,2
0.9947821866961413,0.33377692341278137,0.4716925071991314,0.8506606436396946,0.05659284833634995,0.2572461755220887,0.8780828889313019,0.49961920603814614,0.5846304831786765,0.3319957119593368,1
0.27700854935307406,-0.0602711543730276,0.03821990527037783,0.2651239511904621,-0.1589464859569492,0.21406135052805553,0.8505964092039209,1.0264236187404105,0.5263391854678603,0.6611775651828874,0
0.06421071485203701,0.861678177026083,0.4496815792402301,0.32474878545200003,0.6818177183411196,0.24639468567281847,0.6333882370312123,0.22088758785399026,0.785457439574125,0.2672748112356727,1
0.33909739394698724,-0.07033121214446247,1.0203911417841192,-0.6748131960214336,0.6351439993241885,1.5196671131499389,1.0780292942870824,0.6856382780676947,0.8869576341640927,0.6585618381943931,0
0.12177554669973914,0.9051575850162693,0.49369184725891097,0.400460908644029,0.7422545136341866,0.3183733887897038,0.5866897670059631,0.2531164825019572,0.756966316719124,0.21033995231205277,1
0.2650313601759796,0.05646989745683936,0.6824463488317786,0.2746204456649619,0.30128540693353806,0.9636129594554956,0.07654371231544094,0.9266396702544729,0.2094787326243159,0.5812739957819149,3
0.9746988692787978,0.4933066175109965,0.2465203979896122,0.19480790216153504,0.044624761758702794,0.7392761397266397,0.503424952711261,0.5487178711058266,0.5431607498973927,0.520883989564414,0
0.660671590889414,0.4160853072289097,0.872823283601737,0.37407128777322624,0.989126682197236,0.4253777887934806,1.0325176413464507,0.3525279963030216,0.8149686065586063,0.22778044654874877,3
0.9124805215449613,0.15588313090528524,0.40480960822529055,0.7940407839458993,0.7438989794476326,0.6899356059848641,0.6081172624896184,0.6745646813808386,0.8483372754109971,0.8437402970350382,0
0.8058183976197121,0.11202430113400802,0.3979653604340673,0.8708208926798235,0.5264931567272279,0.3964120980739582,0.8075578102115296,0.3735359307429781,0.7153777849590498,0.5482202697113518,0
1.4612270013946236,0.1994233603109237,0.9252736760179106,1.3439851683872672,0.97436365442604,0.26580551288187215,0.7426436216857518,0.8997129836477922,0.7044854643595865,0.9922827756656492,0
0.3739385486388521,0.16494220355687148,0.2897191963024218,0.3871582662101227,0.18074704100796843,0.8328622920148695,0.7986362753003149,1.0420484888577966,0.3403269865480212,0.3262787033616237,3
-0.30151022857394116,0.35730366188393536,0.7446054945328053,0.9962593980074868,1.2409471486165322,-0.17379959730755437,0.8463689286321936,0.4088650758271715,1.2534463430394893,1.1025529199960646,2
0.4531600919832479,0.6973960737298756,0.68395516203676,0.6828024076146727,0.8655376973388702,0.5394609265416244,0.6250519010983651,0.9151201467242585,0.8741452402592839,0.6802936452925574,1
0.14214033609181048,-0.15796450763951314,0.7342628375490245,0.7780051138020657,0.6010052655011417,0.8128656038987047,0.8297553651052303,0.5713942091443731,0.643601172307045,0.3542913282404904,0
0.8854595019525725,0.4690613006758889,0.6593580617027001,0.7686218500079559,0.8098732320129206,0.2489240959490474,0.9801192884277864,0.6671453991318186,0.8729483371024469,0.9175112487268677,0
0.6164716122858611,0.4287473502965771,0.9358764690968329,1.0059465126699516,0.6278440282612758,0.10110149699749099,0.8243227975192923,0.5327160303962208,0.5361062040689792,0.5804671980985112,0
0.44866029133124197,0.6706453325434995,0.6704467762343019,0.6738980165511511,0.846528746517273,0.5284859524279099,0.6185068463952108,0.9259108251806585,0.875463091615962,0.7012890649107955,1
0.702415276927032,0.4032091360022854,0.8410401736901246,0.5396307548195859,0.9278774568735311,0.9844872585262903,0.417837719166713,0.42313873985156436,0.26007272591344827,0.27129871157446667,0
0.2642495146009327,0.2440054548972584,0.611667262244514,0.22499239853638253,0.767609628301061,0.7098596225215321,1.212180699689471,1.1676878424617974,0.884194487250409,0.0900367989226874,3
0.45964436164649336,0.6773884121860514,0.6975450398966606,0.6629842089575464,0.8236963218596722,0.5004213048280217,0.6411795298134831,0.9023513366160683,0.8564820560174714,0.7246953600191215,1
1.0018304591032343,0.532567757523422,0.7273925821005665,0.5372961359677745,0.8994348161239373,0.37421010225987195,0.3515761628061969,0.6225964978081855,0.3949630472343097,0.5654602462175757,0
0.20546336594546316,0.11528148233170811,0.26864178325161964,1.2164711676006021,0.15722049945692626,0.27094029232826633,0.1928455811631825,0.7533371537565953,1.1732452895997947,1.1144949309118481,0
0.3002176676303881,0.2905825807525616,0.24663645224214858,0.06704965764642942,0.6721869875352146,0.22171763058707178,0.32105368910528587,0.5896641134724854,0.55425465704517,0.4311894555104566,2
0.4696612785764906,0.1407759803271667,0.34484996770053067,0.030685076430783664,0.7745578565515616,0.34266558121794366,0.1385850522662987,-0.048908302138077564,0.4225389074753968,0.45682029105873107,0
0.8372503264674458,0.20114101810977544,0.6949656889890222,0.8957790657165137,0.2681820637614051,0.8510515169130948,0.927506372806033,0.294207517927875,0.7717063584385471,0.19325622491145567,0
0.9841723761870578,0.5289520288616588,0.7228681097366131,0.5481626258573423,0.9110903728168989,0.37437602541505244,0.3382872498106967,0.6388524908724228,0.3750861168914128,0.5507331602362011,0
0.3254141009649444,0.6959040036046333,0.5767890350065834,0.3451707438415077,0.9854575108742666,0.6227266504069505,0.4451290895382742,0.5190856533333873,0.26275408753492824,-0.05999789364031656,0
0.828891317701927,0.35757266884177863,0.7660445125407468,0.8439150588153785,0.7054282124911063,0.40630949859486265,0.6940720720400728,0.5444791127872456,0.5490347704348586,0.3426064244348397,0
0.3235195365896106,-0.026471604368232385,-0.015025201867796947,0.21999953442351822,0.3604683527541571,0.03894318094160067,0.4533466465740905,0.38776013069326487,0.5537679563113395,0.3326790398145263,2
0.9927788194842941,0.523346936990874,0.7210035200332218,0.5396373895283588,0.8968660187102093,0.3668449495329814,0.36638763076167213,0.6156412032376556,0.4001141382360589,0.5632331413911077,0
0.2786502343758606,0.04129377549384908,0.6512393769663836,0.25001895413983727,0.3160871342277886,0.9579541191618338,0.0928703993219729,0.9224959926295851,0.20461089765798518,0.5379640641271519,3
-0.21428277641240057,1.1252135439752593,-0.06803900608661687,0.9374833124795129,0.5655474512931913,1.3777270055191824,0.6245687349849312,0.5597525412421425,-0.12410219382242804,-0.13056029566103455,1
0.46848088771722174,0.6875202025636085,0.7006759428193379,0.6956961744573688,0.8525139473261237,0.5205955356368779,0.6473070802827852,0.9467352528577497,0.8745865498397805,0.6951644512977503,1
0.9059486895449211,0.8223683489745662,0.745193231991265,0.07599813319903717,0.869644479532474,0.1785743108835649,0.21994812571511502,0.17133649773182796,0.830944762113811,0.9724293118506037,3
0.5429931951825603,0.7220085640188932,0.3903866284342208,0.10664645465395416,0.9181528479074805,0.43495980992546973,0.9289948562493463,0.7807453630235277,0.6958906229932103,0.6614325534459271,1
0.8412636092695882,0.41909679900828667,1.052127406502752,0.9919084422688869,0.9444363718518055,0.05162377046443767,0.30067357410861456,0.41504021467208607,0.6389765130534333,0.8601386141296016,0
0.49355439966940184,0.6734699068568556,0.6617656909375923,0.6519326581673003,0.8827895693624133,0.4898822471143395,0.5840175799480715,0.9092149616189777,0.8246139432861047,0.7220474453378656,1
0.19632027741753455,0.4532213780885853,0.4666459698925437,0.45000297692364366,0.3716812268361995,0.44439549702257897,0.09402128553673997,0.6339684491687129,-0.00604823806615391,0.3621681577939366,0
0.9190036453796401,0.14960434727140184,0.1997112920100671,0.586989770672042,0.49981630086318773,0.44965371590338266,0.7208228115009764,0.8399232141591537,0.8577591859586347,0.18133282709744847,2
0.3584536503484749,0.9132469130600213,0.6583988287209812,0.5993228198622697,0.6366806836146524,0.6502494952867879,0.9651576787272635,0.36700681586477696,0.9077533989367269,0.03441054400204013,3
0.9604882464669414,0.44595612651852207,0.6764114659203497,0.7904977622448814,0.779224573983411,0.23372417558922773,0.9748506511323898,0.6253158843282123,0.8251489431211122,0.8726545085200972,0
0.15631706453495353,0.8480285704013342,0.4611760621638122,0.3469731971579862,0.6171607456076975,0.06255077359293934,0.8170267926686796,0.2180111573010115,0.898713359387687,0.21799898802909717,1
1.0727657131732853,0.5554987285047633,0.7169377346596841,0.4432619886001272,0.8163666385785213,0.4032590343376618,0.43325490786995524,0.5777572288080974,0.36207388964264975,0.4876044125379108,0
1.0286143548028013,0.3722374715476922,0.7285643870713641,0.7348843805398634,0.7688919080243147,0.15191958433411562,1.000024226741637,0.5645259564615177,0.7609206887859147,0.7763633001885853,0
1.1513002716298089,0.6315849760152938,1.0089962985039171,1.0385884020259928,1.1058879232494454,0.445309004767998,0.493022378959771,0.4443717600701322,0.5791936036311238,0.2638878676199908,0
0.23699591365088987,0.3771065709315079,0.5243559399209008,-0.13116456427476758,0.09967614633861005,0.11815931461663351,0.8349435852492789,0.6096933097918495,0.34778323731877175,0.14398091626776122,2
1.0393909301212334,0.6950841085078452,0.7558256570103639,0.0988115583071224,0.5082994205782588,0.5784859012905839,0.2211142764429224,1.0359798497038097,0.34705943876224854,0.5003479408760446,0
0.8116853199269737,1.0258302821062784,0.27304848631647893,0.3702218545505555,1.260711529855351,0.4937764633710121,0.6714617477026854,0.3458044918763115,1.093488337427178,1.0073031484741202,0
0.0001570974352922347,0.37038573009538495,0.5148893080672944,0.6470707830175858,0.9837012520606757,0.29510522893880675,0.6155587966308376,-0.01450269478532653,0.6771395174848568,0.8556843846015382,1
0.10741967155536719,0.5173372982089262,0.6079324060108642,0.12875346492074888,1.4192510494555048,1.0136007700255674,0.3236503772959637,0.523061195769435,0.1623322588533576,0.3982903346936579,0
0.16045863308573444,0.767390603804488,0.3569047620851996,0.3178546930647303,-0.008608175735795587,0.7690356424900062,0.7281358630967709,0.47693292430019874,0.24516454026471898,0.8152135317231788,1
0.8255078823818607,0.7299374123744083,0.7586315472902795,0.12288839631168855,0.9469092986166849,0.10826460543405968,0.18435040497673041,0.20495809231721118,0.8466797855779714,0.9589844080643499,3
0.6196331767453779,0.4550080564218943,0.9009549156276874,0.47557955680979325,0.9827570455557878,0.4732203446543992,0.9841486233762571,0.3205487827288661,0.8602304400929368,0.17444274793128187,3
0.5545013514785706,1.079541135551779,0.5823295541312693,0.6100820186742949,0.39283650578594376,1.086805173935815,0.8934640366392718,0.9344612719961239,0.5653617663346048,1.1638019869803569,0
0.09377345504012452,0.010716962313317611,0.4373087656468013,0.38685374574169007,0.1940716798971453,0.6046857065782203,0.6294574066571608,0.3859025340929979,0.45145427911603775,0.26112521008101736,2
0.1478747109440716,0.5137763973199665,0.21273065422249507,0.5677707618050221,0.661944104693317,0.33448207265524826,1.083695960794942,0.9884354786356973,0.18597482381479313,0.1470433537760626,2
0.12825906946052523,0.018886177482969335,0.4230421410789974,0.3634953933615796,0.2135104534629772,0.6279815525867584,0.6190034985830025,0.37859073496752677,0.4852884112002158,0.2763687658711916,2
0.30865963234043303,0.9689897194035274,0.41116352162544156,0.4026114030604362,0.16401249265071513,0.6246089035218997,0.36920302666568644,0.5564418158612406,0.2869970550195492,0.569689910870249,2
0.2998962371922657,0.8106212108788271,0.8287917959775285,0.6595745399223513,0.0011138896031535062,0.8358311604251019,1.112752612374303,0.5917531277757675,0.525711666484562,0.42028686469090004,3
0.858917619856315,0.7864188693481764,0.7463248524766233,0.08839432906844777,0.9073660181789144,0.13122381634990657,0.18934272097168847,0.25253655204835784,0.8195395725322293,0.9528158433357936,3
0.9497021538717175,0.39390438961969704,0.5455492453602012,0.6221558882170456,0.42965056397316265,0.7780629021675789,0.8162717670266446,0.39835680569592213,0.29753480694608847,0.8827502806374837,0
0.8176650878876333,0.6905583113633161,0.31859334005457934,0.26721744795851987,0.8216774366783275,0.6443274565689777,0.8389406045788171,0.709326961585457,0.33288147712434996,0.8667164218455187,2
0.9903671942207595,0.9067837413421478,0.406066763122524,0.6932251434753719,0.8258740423383015,0.7550377149601912,0.4269806815036007,0.17866166840821773,0.3595109168911243,0.5326307876105757,3
1.1153147750319425,0.3328127925424026,0.6522857796431748,0.4895766581187071,0.7219578822941132,-0.02968471244013532,1.2524867487326556,0.653040531465242,1.1893132686193986,0.7894883746139066,0
0.009126306802054125,0.8490372416105729,0.27127577057123986,0.727488578646653,0.850870704827025,0.6505582356062173,0.9994039315045233,0.8261032665898135,0.12047015614528646,0.12885999938564244,2
0.6116891258231509,-0.07277426192379374,1.117709845809991,-0.06910999327388953,1.2435644171349187,0.5506388919239883,1.1718098972042506,0.6611952107223495,0.7710314537379497,0.11261326237855412,3
0.3097272891818785,0.9723081744935417,0.4110691719894356,0.4027675533879269,0.1665907856359616,0.6241757667366775,0.36986107511561483,0.5541745707413273,0.28862978274672185,0.5665857373132077,2
0.1007319413822377,0.8234434314997269,0.4900181591576574,0.359767054378425,0.6635116496526436,0.27653815065498116,0.5910170838769222,0.2249360921238249,0.7837836826382237,0.30815727619921024,1
0.3595946611251856,0.1402231823965477,0.6550095178546858,0.17177404485420844,0.3346369328905061,0.9428996905434786,0.039042474152939356,0.9137020666898836,0.19091678803570505,0.5415433302981792,3
0.5446621370875261,0.7280222217101902,0.36519891502331775,0.08646058641486759,0.8469553759443718,0.39161438835755036,0.8312110432275613,0.6999565803394736,0.7424007522804377,0.6580285069625711,1
0.826734264628788,0.7580842718586972,0.6788231276756787,0.08704110418627811,0.8422976248164508,0.20900769221328078,0.1656224113948019,0.1862759709695006,0.7655581499263975,0.8872568986443466,3
0.20691616916123554,0.8296827816753437,0.5925027665448234,0.22020490597568368,0.7527576616284687,0.37869155407694904,0.7077620149617254,0.07990814328973828,0.7439551360982567,0.13327770891188503,1
0.8612744859375295,0.7570843059915655,0.7353037255060741,0.1004206322731582,0.9154067953731838,0.13927469780000834,0.17606380472491218,0.2590943596931825,0.8319346467660819,0.9560058565673333,3
-0.01724516036095805,0.7457125154116535,-0.013432817723799506,0.7369109107251488,0.34064814637319346,0.243452037803421,0.5672230798883006,0.33650327381899964,-0.1312867822045413,0.8607586063741114,0
0.7272131447201511,0.5592270134482913,0.9617863342398049,0.446431888730212,0.9703077297569672,0.4736741620442971,0.9387537547134461,0.33639539201813684,0.8845195682533328,0.09038829670980904,3
0.1102511580835915,0.6394819063907002,0.34679957078765145,0.5508991349319707,0.8336141706669679,0.6261705568899605,0.8044012369712191,0.6011344534114498,0.6911186224122023,0.11682996438672218,2
1.0133303954692574,0.8941251796009942,0.48367899874514414,0.7488219802175717,0.742027049844164,0.7281810832194202,0.3803755927270954,0.08670918032172371,0.3191762684217827,0.5466433680780398,3
0.44806497469452733,0.6805631051374605,0.6673172440994488,0.6815317776241381,0.8476388043481217,0.521401858464462,0.6131748899515262,0.916355964667365,0.8815270158649636,0.6998532900190229,1
0.8454345410219598,0.7581371679071107,0.7061468741211272,0.3337822200029654,0.7761866942761604,1.0829058160983518,0.48097125167886945,0.36468208716116746,0.2016461006695414,0.4914042465827222,2
-0.0759048927837721,1.1963587029405818,-0.22356229202517913,0.9642455540019822,0.3195102493767151,0.7328059658324874,0.3340436907700162,0.9189222477203521,0.17667325173108467,0.418828054875023,1
0.26326045400330733,0.051706070654073795,0.657856097281625,0.2601768863207322,0.3147969306089825,0.942384555034067,0.10200782765955128,0.9120188129967985,0.19789212188516594,0.5610735533106596,3
0.06668425873025416,0.8503655919356473,0.45822502825066536,0.333405766801005,0.6981532973373543,0.2279247909983176,0.6252833565066366,0.23222959006839297,0.7975369626855966,0.27949425603454825,1
0.4683820919607661,0.2806243577889517,0.8577982266361429,0.5529438199089293,0.9652651414030635,0.54820227908551,0.7522828876272616,0.30366421826073786,1.1079094987723677,0.35658433733960004,3
0.6509408009815484,0.4994986131751063,0.7067351564945238,0.3398334423397071,0.6402976351714236,0.865138208073259,0.5679250350957255,0.5392957276969419,0.08698826037155316,0.496933076059736,2
0.3132795798375058,0.9787942623937105,0.40106150569201643,0.40495663107613733,0.17336092055883764,0.6240504968369862,0.36129631809129087,0.5642136870446727,0.29581444533875145,0.5618085370162309,2
1.0889136662625296,0.16413452532804554,0.6785642870183901,0.7905287083114848,0.7794402016358069,0.341826678051566,0.3546510043875206,0.33825157130744365,0.6465947423778479,0.5882627890142459,0
0.05741445644063958,0.7812710142569648,0.7350838726698603,1.1227165976366127,0.5315295866527063,0.44539297948390644,0.31785646232258513,0.12038525703558883,0.3535811141418873,0.093911665751462,2
0.3206445493683124,0.7631771945490677,0.7678209944385102,1.075178514784905,0.017094685616249328,1.2082927416311724,0.9125342229692757,0.7232046625107909,0.9337225123340315,0.7386790625738214,0
0.5809197685932705,0.7280335443257088,0.3701232529809889,0.056223923062012154,0.887521869604214,0.39168369191315977,0.9297728187253652,0.7024967503482021,0.6904035147141949,0.6987981970389814,1
0.08888540277235105,-0.01667217303621234,0.4263095856018483,0.40924837017982796,0.22524637551119825,0.5691861684307818,0.6592076789160294,0.3667362233610527,0.456022729960056,0.22721113498316803,2
-0.014265621058183742,1.0893125913597816,0.2951833276516252,0.5657789066494648,0.42113180312375553,1.1881194258989296,1.0799589831911207,1.2413397322895,0.3126184289616148,0.7056611750907751,1
0.27929885782303454,0.07495393584085827,0.6603829490084456,0.24940769497099016,0.28716427280018175,0.9335884298792465,0.1106280844536862,0.8679719303179095,0.1939717970597598,0.5420827657614523,3
0.8401389261659172,0.12669802123227267,0.41165830102613427,0.8616537360739777,0.7093602275492444,0.740820381564373,0.6011409820426424,0.6454509839420484,0.8280663233038531,0.7967607063270674,0
0.357237713566804,0.3564627556687339,0.06570055798463469,0.4900333009369277,0.5849198538638011,0.5886429583949215,0.5329678920978284,0.31640301124749476,0.7807429090777176,0.2372076744003364,0
0.5498307963808811,0.863979834864413,0.2094432776056141,1.2756523118226226,0.650368881001916,0.04965441251073863,1.4488926698198434,0.8331998062593713,0.6246153231364004,1.0951627691738806,0
0.7289086009836133,0.16407077017628657,0.909152572929774,0.29385933244169177,0.42062739048886616,0.7210841601253424,1.245652408961833,0.9800518137994664,0.17781053208679992,0.9824465715488288,0
1.2337220524570507,0.5173222021361553,0.9208720448037049,1.0030829747350154,0.9630175892768575,0.7007401889398165,0.5251471309157307,0.5134508041852598,0.30244512799376855,0.5282321841510312,0
0.2551799151783027,0.02883697974516789,0.6839014344834181,0.24699410159157545,0.31013246806043837,0.918753085918923,0.09916314443557016,0.8963124452207697,0.1897212594566628,0.5628615059867309,3
-0.5081347074215692,-0.005132444343815434,0.7811208897136936,0.8210267980377568,0.0899505117300805,1.2872269619456285,0.09105961452021483,0.41701824028399453,0.5571746839677872,1.2717000380629246,0
0.6295453748208731,0.48395183717726215,0.6756204976020944,0.2623282440328958,0.5828745341368397,0.6403680913142075,0.3330263763437791,0.7953865220929095,0.8182932322763405,0.3873771620034111,2
0.30959034561722615,0.9720004032208348,0.4123755537368541,0.40069025846219725,0.16435527950616016,0.6242609114488129,0.37155772740209875,0.5545072980003547,0.2857348062752663,0.5693030560056841,2
1.1118563681158389,0.41128467470339475,0.12893146732786218,0.24408754863603138,0.048754947058044076,1.0421937814920106,0.5132778325606246,0.5686996115075221,0.3004413847322042,0.8224116651057469,0
0.652264493565339,0.8284978508168801,0.415176367870127,0.10372138850419965,0.973782135948758,0.529528776741724,0.8781430967198174,0.7998967995708024,0.7732750900410107,0.7734924898773802,1
0.6634126509056467,-0.05351777147785211,0.9541672001510353,0.46404213297928176,0.7659634358354673,0.6866047122026191,1.1282097856746849,-0.34627478877142903,-0.14790431968874007,-0.022660049155616424,0
0.41813464451642796,0.368854937426511,0.1377780643993653,0.5567625525246731,0.49772325708971554,0.5897993299683097,0.5508282195218969,0.3303794021311348,0.7807585578254946,0.265549319232098,0
0.25420881694483843,0.1600374669858923,0.10081430139056792,0.9656183408820748,0.3404811322200004,0.3347257114709469,0.3929666494532255,0.5293602179704701,0.4372190936534572,0.20637345117595085,0
0.9972542347111703,0.4068227650747405,0.6862941873269459,0.7142405840424794,-0.09112373975091817,0.03582143131441781,0.8261782836859808,0.5066817426889378,0.752447531205813,0.1158734510519723,1
0.09716953638440462,1.1026707194141303,0.101297178161759,0.6169858883443998,0.46860478376377745,0.41650634979982865,0.9560038642229518,0.6215356291526329,0.37019893702892764,0.44598054159282696,1
0.41391390474821216,0.5929171729945033,0.6329224016903839,0.33117948303849254,0.8857900281219762,0.7514160080130441,0.36151520361203526,0.5351165306551869,0.20868181117893797,0.017446698290089217,0
1.1374262298348834,0.6980820349259551,0.7847172648853121,0.5524799915441891,0.9428963624295236,0.1520757538654629,0.7451073968901653,0.6585021331405626,0.692522553165489,0.9701492311872254,0
0.4586026439024694,0.2732220343981493,0.23047732122775466,0.2894334262887466,0.3543463454120186,0.7088017573341555,0.6556485945602695,1.0013100549990814,0.17851886716030452,0.2563453532542581,3
0.0838885855503002,0.8899775963351938,0.4558008535974826,0.3187537295304734,0.7056904198916055,0.2334215672321458,0.6252411750647214,0.22540968556892388,0.8025201058435741,0.2397913884769179,1
0.39723907669155495,0.5694466885812293,0.556626350559313,-0.019660758993947314,0.7492787398461235,0.4732237774459292,0.21407491973860843,0.09829964608521297,0.1312495056516488,0.15684550397522573,0
0.4346334694490045,0.16121080830158524,0.8647555387664847,-0.001815182944308144,0.9614041611547129,0.728352240016013,0.9646315402771366,0.9328010281160294,0.8281515582811984,0.333130202031551,3
0.504244453959163,0.8847402729234938,0.35462665661023585,0.9344840035395943,0.9087651661740964,0.6485040782478648,0.990619475137844,0.9379361747167722,0.49919009136173564,0.6386785347082027,2
1.0341319508811921,0.37574323887638433,0.4169616806199446,0.888569564268632,0.11971441308660843,0.22651667392488942,0.9170195707267818,0.5533371194769152,0.5202493660331786,0.35612389881925177,1
0.03992299922727004,0.3969406372012139,0.5464877739065133,0.6816586334951311,0.9575732013961339,0.2792197562898824,0.6514771345915933,0.042561013367560005,0.646075075988395,0.8889991159083195,1
-0.5137295201672373,0.2424864140656504,0.5345100675559573,1.5270642893305526,1.2534515016368635,0.2638415798073306,0.050939680967892254,-0.2041782567832896,0.08217913957793355,-0.20993359087560282,2
0.6366745099749442,0.45389963206246475,0.9167066939716038,0.48743169923599944,0.9931808257901779,0.4713153004254786,0.9748915635734061,0.3364516641127575,0.8629785469362132,0.1890191820492811,3
1.0570243355910878,1.2245739254943573,-0.22777295100698397,0.09101219552525674,-0.4423611102009458,1.3195143003385759,0.63989093524757,0.556133616955819,1.3619872308018333,0.9279721616573755,1
0.30944187449889854,0.970033943190625,0.4103308959424577,0.402182336093468,0.16552330738422238,0.6236359855015996,0.36991716621383297,0.5563720950671267,0.28622448591311483,0.5682654618268485,2
0.31304580803703685,0.6422114324582606,0.7447334489807438,0.9717163913919372,0.26735533403266076,1.1286949890396842,0.7543125247068072,0.8172118224107298,0.5023991078095609,0.9159579479331713,0
0.9629282171890041,0.5604019493662784,0.7059757541034407,0.5488391876579259,0.8446495741547522,0.36860257616168585,0.37373584732030196,0.6772826135443426,0.4412851466171303,0.5881947716215794,0
0.09434576469197059,0.010655755190347121,0.43659012152497834,0.39683134001169523,0.18287974306198718,0.603186015572412,0.6355426612462588,0.3722493680333478,0.46271753585703423,0.2655394863758466,2
0.9063369661371027,0.2875737778833469,0.36024804467618204,0.9481922548766257,-0.05796427555454453,0.36693204451187356,1.0025045952811396,0.5211994609132814,0.5830281613468793,0.3105824353240913,1
-0.045244490992961156,-0.012814694370391039,0.9052182454568277,0.7053789956172924,0.43185078411596106,0.5608243461351748,0.6831709878601298,0.42629906365133313,0.4243343548601843,0.30023508039793156,0
1.0005545556358482,0.5238932579348325,0.6422132270996903,0.7743684069849894,0.8629296975262457,0.2748127806312487,0.942230896976769,0.6067932108255701,0.8904367220943024,0.9024430756653024,0
0.7230248194877639,0.6466351059876527,0.5536275415942171,0.16931696432290924,0.8906335892675311,0.43630239828977385,0.8651172320259564,0.849170316294646,0.6293132761631288,0.8080504201704619,1
0.09302799327905212,0.8247764534567223,0.37590855341644486,0.3193626865062164,0.7589124215078651,0.19766192887327763,0.7165666331499712,0.17255240520019774,0.729986135715327,0.23322805215457093,1
0.8748765804981825,0.061921422869293835,0.3514757565258296,0.10085695701895346,0.8317006749995369,0.6290999207327373,0.9854486886048079,0.0696404905048559,0.20933405813361428,0.4292226849402977,3
0.6222664870731883,0.7331491563541757,0.39885672872882977,0.07058762657548648,0.8784440571748234,0.4509287482720596,0.9037430300078753,0.771214356601861,0.737567595424603,0.7331418301900187,1
0.04155367331444591,0.49548693043764414,0.6506397904252496,0.5514038456267887,0.9606794842812709,0.2848207237761145,0.5225362223770585,0.015084613900513421,0.7784309821119704,0.7947619404725199,1
0.29479565344914077,0.0322597707972143,0.18289754643883777,0.040020625566423995,0.5507430270397751,0.23047663209555033,0.3195943560486022,0.4765803987538538,0.5989513363860031,0.20493515800825834,2
0.8006903634362228,0.5505039601150843,0.38775935579255316,0.49613304123367263,0.20272080189006547,0.6834699831842416,0.3563113484753587,0.6942729126480007,0.2752828039479921,0.7389795615357057,0
0.31929595382846354,0.843521817265032,0.8884217407795378,0.9976390396998772,0.3684682908812522,0.9915684620433662,0.4188066320803818,0.08611554467099762,0.4067024032218099,0.18562331815433428,2
0.817320365136736,0.6889522643406265,0.3178055304359909,0.26559715225373987,0.8194453971178648,0.6418994863893305,0.8390678429654952,0.7109082927882745,0.3299951908835003,0.8662548205605328,2
0.48930750820855795,0.26823343466918415,0.9746147611818304,0.47200417214308205,1.1584663578718952,0.2559276951824411,1.1826029948130898,0.0419025095690741,1.0177954425557911,0.034283517912767486,3
0.14860373631626494,0.921388230057705,0.3884205155725725,1.05980395577293,0.6955571050967864,0.6734446718462691,1.1289417687478287,0.6079825766216325,0.03505291567195595,0.012690117839960657,2
0.30977634568359075,0.9701648795611857,0.4096698708934985,0.4021843440137884,0.16530220411145868,0.6239942439647266,0.3700484571804756,0.5564768095423572,0.28613750195672805,0.5683883571674033,2
0.11197374384104045,0.48182201538399333,-0.016873350764227912,0.3619788438608158,0.32377854821415636,0.8620696295666147,0.7518290511381407,0.46099611857245815,0.9333923610842614,0.3685978389515362,0
0.37118018670878616,0.004531018748914484,0.08949210687349207,0.13029815706140935,0.36415742792538863,0.12647158521391505,0.469114919551599,0.3910642815672539,0.6152747274663206,0.26521210466685,2
-0.02043714551946607,1.0933478822847005,0.1497322421242583,0.598794129410306,0.47514385093762845,0.3253181206512229,0.40447194487381155,0.417175989497432,-0.02900647974967467,0.4013792017936669,0
0.4157424192306865,0.1217514409847659,0.33798136420788416,0.19560019507946647,0.48055987752817586,0.7184884530608635,0.47962548488866574,0.37612424948455486,0.8812805251519218,0.43892448425926095,0
0.6568076443703748,0.6462689274976896,0.46359440282447006,-0.34596479379794376,-0.21934204988058537,-0.3669215767885026,1.0119173673769586,-0.12713096631054854,0.12136867072022195,0.35864432935097745,2
0.6121887069598584,0.7895912954639747,0.37084196059629077,0.06724504540894947,0.8578590101849853,0.395790984553509,0.8589295625367551,0.7251014747218143,0.7445517659389891,0.6684192380565642,1
1.085248556835631,0.7290192659632567,0.2719022893883087,1.3366932795555027,1.4720332789358967,0.5090120530978565,1.2754175575269933,0.8093327810260008,0.6567451953684614,0.588666133502959,0
0.20365913423933982,0.47106847535374585,0.5614124661693963,0.25883363890655253,0.8281676032341814,0.5909323032623025,-0.04920222811566327,0.6059037348795594,-0.2858491005785037,0.6383893117471267,0
0.6553740213022725,0.5903942754011762,0.20740810102113982,1.0335651450456576,0.781827403797052,-0.39351999639085844,0.5729237004398835,0.41953178398649393,0.8407680071104374,1.2183126214449094,0
0.010088607422976709,0.22241185156424798,0.2763037075537936,0.20057524521292602,0.955416169625662,0.713222122912791,0.5830323213901955,1.0315900893920458,0.5071194227053386,0.6768043370564234,0
0.4023096311075514,-0.030313550262151892,0.012778300766698773,0.0781846916072189,0.34186696087647617,0.1263671453607247,0.5600383344332248,0.3824977050739867,0.6992325974784916,0.1326780986001,2
0.5586443703056794,0.32056747296573934,0.16402267827820977,0.7341116360279469,0.432921389129279,0.8917698706406005,0.08448459943656611,0.8392545029618641,0.20631198178045557,0.2795014915007783,2
0.0519629187297921,0.23392436522301027,0.7751570855867369,0.7029112035302814,0.33454989827276105,0.38603122492398356,0.5282477570158992,0.28441925128019513,0.47866375841659614,0.3757630847917666,0
-0.029369378203809887,0.33156920453777716,0.5638143970409996,0.664568208052152,0.8974566279463139,0.2635479157652225,0.6551322108976283,0.06921903784493544,0.7133637186424352,0.8506836670755448,1
0.4558657196560347,0.21400392573991012,0.7965957202773847,0.07802083695816595,0.994903663447968,0.8096656731133736,0.9035795031287781,0.8891392801048608,0.9473075246265317,0.4329949496187524,3
0.997428788272795,0.34956665922648283,0.4576147202699064,0.8696101858995854,0.07113414048603024,0.2399011070424843,0.8583508089040108,0.5006275496767216,0.5909164661461643,0.34160933443176045,1
0.26221816843779655,0.0721429425957153,0.6381434475785741,0.2295416326267875,0.3402556637595203,0.9326799370344102,0.07387223803112215,0.906839591585508,0.20062296559154108,0.5840021357652141,3
0.3682290120289462,0.08347923249025035,-0.04887569146055758,0.28519512284487036,0.25314137159936667,0.21797341994401404,0.5783603393248973,0.46792341077659105,0.603209392583399,0.051974683463529486,2
0.3528406470828437,0.35664709998052463,0.07253773611825823,0.4993048980346304,0.5825846484149987,0.5908629684055593,0.5311927839354617,0.3158788569577225,0.7777831449004554,0.23792493496353165,0
0.33080994150707876,0.36930889087787205,0.05400454405084586,0.45088356528428525,0.6028800139468273,0.6101315226220642,0.5343683715032735,0.26339906171603117,0.8203007528895065,0.23629206817381448,0
0.9966754083462549,0.2919546195304079,0.1924678298699225,0.1787222485724217,0.2458763377347849,0.9313823541005357,0.3769141373800011,0.4278302050892328,0.2361719570438394,0.786548232966344,0
-0.025802451380673636,0.9561281702077981,0.9324614897160471,0.24758652913009518,0.6993071139732788,0.19549678529457715,0.3883937588161413,0.06075882120058782,0.8234331233392637,0.10016603057354279,1
0.6479740390588099,0.5140370072231755,0.7033757053789705,0.2850941007119465,0.5957722992176679,0.5943940514943363,0.3640807935238148,0.783324611773907,0.8322458870767443,0.37060872641705556,2
0.9236196816229849,0.857800033284575,0.5047764004865765,0.41536545534744385,0.34368869357599713,0.6848761011360286,0.16132407594362308,0.7675081132946608,0.41454343087900525,0.5484946695879915,0
1.0604660690491061,0.2743422398514655,0.551120301158085,0.5889810751910214,1.3656481874582393,0.5593560674851589,0.7123834632588082,0.8045031728805863,-0.20895156991651187,1.0659825021977927,2
0.1484595939492947,0.34160856311453064,-0.2201680185655066,0.8056435959903182,-0.36170737573969713,0.7745130891566994,1.0795388867694378,0.0934559846200474,0.7720401568307441,0.2493678390228092,1
0.6249977916810422,0.536716961407118,-0.11496910091728185,0.35305159471730346,0.3300652775177205,0.6174572626931893,0.34379589600129407,0.40060150518201754,0.7702664345885034,0.3482932649273037,0
0.7694192092248149,1.056561968581922,0.5227623323328614,0.09577463556585494,0.9443940145451125,0.21851392744416348,0.0671438215636215,0.3013320326860767,0.8304546381773815,0.9155969216467236,3
0.4159686258918091,0.6574374987537066,0.6428599990694027,0.6643251461736952,0.848126564262237,0.5332548259711348,0.6390568819936706,0.8951772309425416,0.9203819220125864,0.6666936258627327,1
0.53676444071583,0.6745092454001573,0.1276389038147292,-0.07762956478126759,0.9141157469417283,0.06825938522720768,0.5532458742831211,0.674044788549715,0.23898612299894056,0.36890114185066764,0
0.8524272609115688,0.3676134423994653,0.6486120191265075,0.6292773035508361,0.48154295170743183,0.7138986343725219,0.9210598465846714,0.30136637277245343,0.18257554274685547,0.9035875698095458,0
0.9897493045300726,0.31450088781293367,0.11513879362973073,0.2935416257730573,0.14095992592097817,0.8240968756165032,0.4089554066996723,0.58582676690648,0.3083466423153689,0.7076656156783719,0
0.7584459487117451,0.2317979787355534,0.42006633549514827,0.1569260325874602,0.6458602007981488,0.5555414098429827,1.0805200167346696,-0.06831435792700599,0.3656097254092031,0.23512404086568053,3
0.04162424388571895,0.08165346686060622,0.6893324806530341,0.580088379744337,0.20127201810652573,0.5737229271686641,0.44966518387945953,0.3342823544606701,0.5697089650761505,0.41607752531076986,0
0.1820434640536765,0.5026744969025311,0.29345659283567493,0.5713970697800118,0.26011056656373754,0.6174896238674845,0.11745794331812834,0.8858663353979702,0.13198321571997745,0.7069345004308513,0
0.3191313175098107,0.673092873481111,0.5583784803519395,0.9155074566517831,-0.048160083062309456,0.9608835994736765,0.9462539712050764,1.0435946414852906,0.6203076306876675,0.6049725581964047,0
-0.10018190551138018,0.3035674502917326,0.4224506141740029,0.922112290924388,0.8479133504838827,1.1187679118860565,0.8174263615134487,0.9974469276010857,0.16040160323141794,0.3716744614234528,3
0.9527645423629031,0.405439317600009,0.3321103738728133,1.1262820908014812,1.1424116350523867,-0.0858927402442804,1.1220654502729521,0.2977081034722315,0.9343475684034649,0.7609472651081843,0
-0.18834497630506242,0.06288173907855184,0.9923096833681371,0.5562834633309561,0.05745034231158422,0.7718358786453312,0.2317234517231756,0.08617826710857077,0.6303180895870909,0.5595653669781506,0
0.12209631019181946,0.17043222295100235,0.4266182647219604,0.20612196799623764,-0.03502929918857768,0.1961834759413249,0.5461835024886877,0.7072541177238498,0.697205691910513,0.3941219991634599,0
1.0587369489013185,0.8785100014630636,0.7959431209308059,0.06424945520938274,0.1663181456277056,0.7969420073450123,0.4140296263487488,0.9851060075842105,0.3009615519418136,0.6462656373406251,0
0.8447897062618531,0.7468769579297734,0.7277898528259303,0.0703047560968187,0.888584985162215,0.15208675382398198,0.1783653368738699,0.24757028780538945,0.8091199126813954,0.9235582719778057,3
0.024883035921095795,0.9202834121351438,0.3890604945713704,0.3139730167143041,0.6251819098338831,0.28849357695212885,0.6534879613609441,0.21340157209796629,0.7403779644972261,0.2952699419097032,1
0.2012863591422493,0.06291002459728326,0.6980459932771363,0.12276258200218151,0.44354719997984127,1.0673507588005502,0.15938648216780837,0.9804440658053082,0.29758617780580177,0.5944348716110396,3
0.8793868491227358,0.23133894498747742,0.7927839437342565,0.4216918977063302,0.6206459936762397,-0.03294325800518183,0.6976679155271357,0.004786025160951113,0.6985057653641369,0.32802324357770785,0
0.06511915980259486,0.8580215536948017,0.41937184846317443,0.31212825802355637,0.6522546549201098,0.27478080427312856,0.6407177291304946,0.22153808440372647,0.8122527817709303,0.28454386256535896,1
0.8880830330437297,0.8182543504413486,0.7155692835049251,0.032777056809833956,0.9386411195145637,0.11247088224661353,0.22403495145533764,0.17935051845727104,0.8297487632292897,0.9870420390215957,3
0.4281684809444813,0.07210385011126659,0.10087015697585379,0.20968761471125047,0.4793210826478205,0.10481316703982937,0.4938046103925071,0.4633746198742365,0.6067439300754289,0.19695791909282606,2
0.5368327516630003,0.441069806963846,0.21162924419325924,0.8589316712120423,0.02546540671572168,0.5431899321060781,1.0659601228301339,0.45162156789674957,1.0130263655661844,0.40973874395733595,1
0.9810589704721463,0.29846439253509344,0.024995450290506822,0.25040021221402003,0.11645668169195708,0.8578572812829667,0.3879682698054471,0.5470931690293147,0.3290520461269191,0.7361311106116337,0
0.929226520112666,0.1214103437152951,0.347964174715127,0.10760513870032208,0.8657722904104751,0.6704642850853963,0.9972618693127674,0.03029227032992691,0.26136301530088324,0.48937506617439447,3
0.20502326294888942,0.6998514704388097,0.4438827250360738,-0.10039921607886443,0.45232124247774474,0.7213823665701626,0.49510768463092464,0.27979262696607904,0.6281809406857688,-0.2365830179895999,2
0.09836597054613047,0.9183582012304964,0.9938062008618497,0.261238394257124,0.6447704503445953,0.06230851731256612,0.5216586213156441,0.08326913706707961,0.9608119148946392,0.05613143905726464,1
0.8670560546321449,0.7939901939426192,0.7582360524115749,0.07743080875329687,0.8753146804044646,0.15766223686198755,0.18445751222706272,0.2589645031116667,0.8718458111002038,0.9537636780163954,3
0.25088291343533425,0.7974789420590979,0.5476899738608795,0.8726127383155372,0.08022883435511775,0.9857982512178777,0.7123721244584895,0.8928522084952295,0.7036488181830505,0.8383252643520365,0
0.085260725789063,0.41888931505690424,0.4971829535815645,0.6777290664945399,1.026700906643571,0.34925237810101734,0.5812627064795839,0.004002430618249259,0.6154503149254871,0.8822482031887342,1
0.6245776237906314,0.6944729949519979,0.13849593066903992,0.5917014207483909,0.02657364398990362,0.8791800575952222,0.6052751238007963,0.3163151314760636,0.8459557202724052,0.10800244851877708,1
0.5075153944282823,0.457263329310053,0.9666270480281767,0.35304010626084226,0.7873735952107438,1.0111066106425155,0.6642837295989958,0.16717188886915654,0.0535312710146674,0.6373469051330306,2
1.251778916753652,0.7070221912453334,0.4380626659930847,0.06653559045935864,0.5105878454669721,0.5570509891549262,0.9075406225214226,0.738499600273371,1.1053341741586518,-0.14142262356222496,1
0.28206515063096593,-0.04497417060294265,0.6479256190826604,0.3293923207887956,0.36478761093876166,0.9688552497900829,0.09210117920246536,0.9972530488507966,0.2328317211354042,0.5736680702242422,3
-0.09000947319639974,0.7524793331475372,0.8956880973520996,0.2911429045806725,0.7502992222425925,-0.0017346637450098845,0.5323537925502891,0.17761482317524052,0.9223855577273884,0.2596741775094483,1
0.29703656925312827,0.35219942644679697,0.07621848330651722,0.4528166396277546,0.5413089249592,0.48854663300400825,0.6711693860851257,0.23668987900092414,0.6634110165453156,0.17512054193195747,0
1.2441159148714394,-0.13139196869286723,0.53071845363413,1.0435058540078113,0.46373027671131106,1.263998953639823,1.0880238197999874,0.3265176724746716,0.9213097981188944,0.2371491505739837,0
0.6423075892042907,0.1407509453500405,0.7011318277738661,0.6347582793756987,-0.018585048177518992,0.43690303257561974,0.3602725610295863,0.9777705303935027,0.3115706577459045,0.19283179349724083,3
0.24297213360664455,0.15120943726132122,0.10152664268965568,0.9690307417497268,0.34899319712433785,0.33063147207591315,0.403694317387352,0.5270228097140289,0.4439067323757171,0.22045628252634478,0
0.5012190852707625,0.8805650603294207,0.35533572113062717,0.9350499174857878,0.9093924475814368,0.650723880337249,0.9897649658827575,0.9349878058900782,0.5010916927212893,0.6406823048243578,2
0.6018923346825333,0.41403072889112397,0.5493108793075621,0.7113560267687771,0.40525930470059546,0.4059868821127408,0.28562580866247456,0.6258662647447948,0.8391358786226072,0.7638195796138803,3
0.17690783222236955,0.30482031077745275,0.22350210803293752,0.7752789089651473,0.7653157669123445,-0.029632446300178722,0.20663277242343742,0.1586027141499932,0.23536240389190408,-0.3995883329580705,0
1.0563194535981577,0.6620327826791428,0.4947244479117585,0.47920896726876033,1.1943123500283115,0.24842729332452526,1.3026841521696055,0.7176442511773026,1.1203806179823348,0.9545602489091849,0
0.30933146263535477,0.9699780490388215,0.41119082916132604,0.40148441525752154,0.16518305214852025,0.6232317400861693,0.37132186036845943,0.556449304774232,0.28599802179634776,0.5687833275367724,2
-0.24172389307104813,0.7925483894134997,0.7739161770079088,-0.21624899228725947,0.5256074140130373,0.5961142039295532,0.07343624329959955,0.695947515052147,0.29952065423657215,-0.25757566764477663,0
0.9968255446842997,0.5315123509504628,0.7325941061008439,0.5283445171953479,0.8988175320293147,0.3747124067720542,0.3646502007206074,0.6207429647181096,0.4052996570164419,0.5708302913558921,0
1.4530253722851971,0.5635758956331145,0.2722734872989985,0.3473343769513458,0.7192443566479926,0.8891019500251488,0.8198064194027121,1.0351233876747075,0.32957341853649924,0.37426512307262705,0
0.13491285876578588,0.11237565221413512,0.4093648961981696,0.3708412950552835,0.7675036836989582,0.44032919424796957,0.6035579585943162,0.9637345806754775,0.6598346205336949,0.6523627751063158,0
0.7233659083329167,0.63852428226645,0.04884596054633203,0.6250269249353305,0.012877588384557862,0.9180374927631636,0.6368745740855462,0.2707504509504776,0.8951562800551658,0.1665960801669287,1
0.5034242597241033,0.8838279988434949,0.3481499973639773,0.930172487010316,0.9115860507502842,0.6489002594494044,0.9926678313428617,0.9270406803753126,0.49482596264001644,0.6315597234665661,2
0.2833895385139365,0.38761689658553544,-0.10468098495585543,0.4446789906067608,0.34504401871691615,0.2709911526331975,0.5990483959353334,0.044266765498412686,0.3441529178351153,0.24007821719160624,0
0.07628671979007548,0.07423493092458813,0.32267027721369923,0.2869728744491929,0.7007312516194303,0.571389636970419,0.6318105008625131,0.988863643352288,0.6020000394240099,0.6290111575015949,0
0.4223699424383081,0.6298249319416972,0.5665945875991821,0.1468680356965691,0.23717995771718045,0.40724168521250387,0.017231285865810884,0.8423700192520216,0.7574048690426795,0.1577493213424642,3
0.26076218254528877,0.046421789793037294,0.6643288585646526,0.2537781302185789,0.3161549477903068,0.9358399657106014,0.09677169935535104,0.9020926615491018,0.19911039734945044,0.5579273574539958,3
0.2797868715056778,0.5152439658390616,0.18833099016727822,0.3740831671894879,0.9841283727105063,0.09264225932627912,0.1232420183635933,0.2611377492881559,0.38133016692564603,0.29357914978242095,0
0.2186437760890815,0.34601258793316647,0.1897493558286006,0.43965973370983924,0.48505735627547225,0.7072709301226742,0.5486710925193836,0.36865657663168827,0.7226795406798491,0.2845667762939921,0
0.47031229306085176,0.4779373512485931,0.16856934593007253,0.3688098421780448,0.005709930998701065,0.9433304524700444,0.7462925284294346,0.5434014861813263,1.003061758230601,0.16618819755863604,1
0.5708141442853149,0.824823638787331,0.39998833724581795,0.19298527734938659,0.04611681255274297,0.24855284418626014,0.016970115099389876,1.0520131039535219,0.6019136312631352,-0.008020234401767301,3
0.11278025000570858,0.9520606357247423,0.0481002499726794,0.6617260385842441,0.36359304027643347,0.669419840807918,0.6579737134678625,0.6806860775553327,0.37823445898256897,0.5686772239803404,1
0.34721863130204167,0.49904676070385423,0.5548341445030627,1.0120489970061748,0.41076241162242655,0.4521973277673242,0.5597526286638288,-0.03201358436226992,0.6095450261328414,0.6848862004153993,0
0.9696833676826329,0.33356608829360246,0.13386727198235815,0.2446778424200517,0.16549638390503424,0.8934973497795385,0.4013354261798845,0.5875808336299022,0.33889568623656585,0.7628445411249681,0
0.08667078580227644,0.8618768199752924,0.4179200796690893,0.30593004978027066,0.7524829085733493,0.2619762819176227,0.6439056735592535,0.25754107707287693,0.7456419444170757,0.25755832579406496,1
0.0010223549790709385,0.1001747381112526,0.23218137559383337,0.37323328029363656,0.21494435077500462,0.3673872922586956,0.552140798196205,0.8436104644947513,0.6349361942187486,0.5369552426553701,0
0.8075614445483337,0.7895268373696867,0.7936787010127405,0.05343947955519121,0.8356963243500422,0.19553872955664142,0.1952333331773613,0.27356075375251215,0.7914483956873682,0.9729159985991841,3
0.30548005419710267,0.9682948211539112,0.4028128266280562,0.4011026054218203,0.16944516418937564,0.6178006324742474,0.36262823283751,0.5473741674021999,0.28288135028433037,0.5613220028660455,2
0.12680334888011457,0.11961758578944282,0.2832586280972274,0.2706688713817261,0.7618635773956532,0.4833503434013252,0.5408854210392288,0.9509645251164995,0.6940848989668329,0.5699636341837738,0
0.10038006106521061,0.9379382762726078,0.3980964892004319,0.2769327089440825,0.6429358604024313,0.28440833787617914,0.5698191276059346,0.15109027427471622,0.8788401981012989,0.38682582514648656,1
0.6413605146882557,0.2648276296989719,0.4091451083773749,0.6943425995808061,0.14309160498205814,0.06160654829711454,0.8130782425952513,0.7739317207939218,1.3869444281901646,0.17602485345481012,3
0.0675316260841923,0.8670896455466947,0.45150767175321627,0.3192857765408186,0.6883868276688851,0.23633472722166407,0.6492739191726976,0.2209190097661221,0.779423701970496,0.26174896313361246,1
0.883553732811381,0.14846329250553442,0.3943979617319642,0.889853363901879,0.7145213769843655,0.7641904743038249,0.6246857754463033,0.6185271205070499,0.8320144648644542,0.7766442068977358,0
0.10938336862394836,0.22634959329355225,0.6940038817913816,0.7467258278676359,1.0517486359920625,0.2925023820537315,0.5234734389015049,0.012219709536902044,0.6212813086924492,0.7529476127604322,1
0.5153425157419624,0.8785793044607688,0.3526586336672205,0.9415592155114197,0.9244550397022271,0.6409674575617063,0.9812657291642173,0.9276536861659094,0.48871197334435196,0.6430710075828499,2
0.8664594747573663,0.7968242362196557,0.7146232044334982,0.05228540090820896,0.8942624813016151,0.16281877059296923,0.1657084705240478,0.2208378350053597,0.8259618045745304,0.9131730049447067,3
0.5296171706078451,0.6574866664369498,0.5506635802884483,0.2411635391002651,0.5696850533041006,0.6499386611819093,0.17179189437762807,0.899767208002453,0.8153161595480248,0.34098422291577396,2
0.35690906945947243,0.8146702028837427,-0.16429126257027926,0.148294771709754,1.0153268280642156,0.05635509461459612,0.18223606485911528,0.6124776077521028,0.4280716792324922,0.27043649582522256,0
0.48442678654008625,0.6600273900680184,0.6862193754146553,0.6307535518974363,0.8196184738106107,0.5175618106556322,0.6296843799580379,0.8983596848458729,0.924587551174389,0.6475205694315108,1
0.4635241175198079,0.7083409390358446,0.057612219546583285,0.2404242485003512,0.6400238529013325,0.6768101906233486,0.23220253603639518,0.5135860314774361,0.5467138366369763,0.46132709047101683,1
0.2519981158413425,0.02955499941562122,0.6972295267850741,0.2284239614321736,0.3493222955764665,0.905219486125405,0.0600645968423566,0.9190110918606962,0.1635276132975177,0.5853284051401203,3
0.06926010151118264,0.059433760396882626,0.8600503547484364,0.8645898784910379,0.03563527001250141,0.6803616103311652,0.11876306368802236,0.6009767003588811,0.7681550672231227,0.557331141728111,0
0.012821852947356969,0.3966962938620664,0.5353751062632207,0.7035150858412155,0.967519843474371,0.26384514165449874,0.6693282033476056,0.02858912736744055,0.6551639969487065,0.8860991017168794,1
0.8683896525457073,-0.30388727968700974,0.7666373675036446,1.0419068593134786,0.9921454187892635,0.18961833849520918,0.8595662312876499,0.21134549358439067,0.04061059425111241,0.26598261473487833,0
0.31805989467842455,0.3364260998176378,0.06488278686540981,0.4678212423015646,0.56813556348604,0.5978307674891817,0.5728036039775215,0.2951143793699573,0.7843568120650576,0.22484887877125534,0
0.9995435420844827,0.526586813127119,0.731437358070912,0.5295126592724747,0.8931354865204626,0.3730830719459054,0.35833719713115875,0.624177852304241,0.4017954931703604,0.5709015356815167,0
0.3209698743842425,0.06773577420522306,0.6543560149758628,0.22532220596285302,0.2859986627379274,0.9182135047465967,0.10030640878824415,0.8978046295667137,0.1583673732536805,0.5591592465702574,3
0.3370214059794426,0.37649850770984794,0.0379776518923513,0.43270850336163647,0.5836533733027708,0.6352646294163935,0.5811837552775406,0.2911987460764011,0.7710887521723315,0.23650903083248317,0
0.5664386678476045,0.40752593855745545,0.037816825378630875,0.4724818413417545,0.7917844040046682,0.1738954024243143,-0.15237235187127798,0.25210352683924053,0.40546725281342977,0.04444124727911744,0
-0.0668587313097635,0.01103907637575359,0.37809187016489526,0.09345100359873795,0.7228142550029446,0.6143190864138779,0.5522831193661905,0.8136228520907859,0.7129978171313108,0.5233629581639364,0
0.029090527131165556,0.7358639082315472,0.9793214625273567,0.20528746388934915,0.2780167427082605,0.3271095178140856,0.9512306239819804,0.07724797855372734,0.06618545039168067,0.5826257483457071,2
0.2677645206007633,0.18078035070378695,0.6888088425305887,0.5322119872397383,0.22734064613066557,0.9228066764022795,-0.18869717334840042,0.39909092472858415,0.5763614265429668,0.8747443731704719,3
0.1759727197003977,0.009067533675494177,0.24548705153514416,0.11303240898121794,0.8406408497757463,0.5672655195070848,0.7328675131158453,0.7806397432729274,0.8083479146454542,0.5736853986247095,0
0.11431206922644777,0.8628992259214362,1.1265380319373768,0.38481704889140145,0.7966112939026462,0.30155161038225886,0.5154105194470857,0.08118474882013924,0.7312854666726442,0.2764002040560774,1
0.042295534867535255,0.9171417482458207,0.9796875061364898,0.242845252119251,0.6912707163538665,0.1506322783268751,0.44696507471932156,0.07381952818722429,0.895672151774419,0.12926429886473148,1
0.7986970280011665,0.1860061943632586,0.3509893475192831,0.0759463208831265,0.8982215013914585,0.5521738151548203,0.8463697668975335,-0.07959258293578753,0.2793905023163037,0.416769898979437,3
0.2621082376863261,0.048655730895159476,0.6680476337697595,0.25664144745308554,0.30623341424243444,0.9464259299062437,0.09151553180657568,0.899426804012571,0.20083828083539532,0.5509048241825156,3
0.9145626857142302,1.402013541496046,1.1214847640228176,1.5303294429811558,1.8275032906051796,0.855605369409564,1.090948058142987,0.6974095924971204,0.09879275016806607,0.4479929359485755,2
-0.3082399985732548,1.1954525879425493,0.21299653608582042,0.42264479091797447,0.8206496386583284,0.14637633952405887,1.1129060493600091,0.9347504327034976,0.0466030560956128,0.5230675273964076,2
-0.06658486498921029,0.3686296228705592,0.5468177785851122,0.5019232788999308,-0.3161406191773879,0.5807866894407758,0.3445282132257993,0.6717634888087931,0.8594137429329457,0.6794786465255758,0
-0.03370401290504632,0.7596493660473984,1.3956069158356492,-0.7981423187121759,0.16533928589633806,1.0552383258477698,0.25161931726401343,-0.23946501799776965,1.0186914330841748,0.7397908725853777,0
0.29611643132374765,0.37601434697842046,0.005882728592182848,0.4839180706885432,0.5389739950181475,0.5528098502329768,0.5687293218759046,0.3124224718553406,0.7327662542037481,0.3197120963226771,0
0.8512255038137395,0.7076218972524222,0.8929351075690904,0.43887636221418685,1.008936818119168,0.8179485841641612,0.5367284677921356,0.2988933769381228,0.32738951976786096,0.23373911580805146,2
0.9993869396298032,0.3351527101047619,0.5415073478763869,0.9825137923544048,0.046942081136067765,0.3221303637827,0.9872491239168316,0.529737135940271,0.5073774611369272,0.4458855236926459,1
0.022197620242416536,0.3866608041995497,0.5347832001030235,0.6589019321100322,0.9726010600427103,0.29536246049333387,0.6750504945904416,0.008249280062296555,0.6468398111574806,0.8938388881960049,1
0.5698158845303305,0.8003650257432304,0.38929487402225144,0.11469185647454551,0.9491866089083006,0.5096525176907011,0.8760454746280874,0.7048787115450562,0.7673017968642412,0.7520323156354284,1
0.5027409067551913,0.8712251467370733,0.3408442959135399,0.9273084622565354,0.9117902106407286,0.6547840161857362,0.9898110808745991,0.9385129557750005,0.48533703827078595,0.6426608522786769,2
0.3853103326654884,0.4177261205576375,0.8714612348480228,0.2834512375585958,0.8098137447983715,0.48784230382337496,0.29360238285269613,0.4197654253707328,0.5812648395682052,0.24449008896751562,0
0.44745117354777947,0.21839136740932363,0.4481798574780461,0.7050777738706221,0.6220301276181149,0.5988359031737631,0.2334483060124758,0.8192944714250405,0.8501600833592181,0.6818553049532861,3
0.5862411830167887,0.9222304030416527,0.29386857791247323,0.23859035464846204,0.973288479149348,0.4515887126668474,0.8056874070417569,0.5879065449654496,0.677626223349567,0.5282170754497567,1
0.6030469822459792,0.5601655083947762,-0.030277091609500636,0.5368013269225362,0.7339387916227438,0.522043542986671,0.77274043371944,0.3637187124435194,0.7049304770749877,0.48155307969745265,0
0.9082783739195235,0.8328407264829973,0.7503285218722086,0.10319587163526966,0.8938713840053633,0.090611309607104,0.23589548085261608,0.2030066333815428,0.9128247068813111,0.8992794798885764,3
0.44579469878635275,0.7467138660895388,0.5285996861281005,0.5541198440680346,0.985235572844313,0.36408591637120447,0.13328953666100943,0.5003906885407684,0.8138525669654603,0.673918007114083,0
0.4137006314656886,0.12489910188403833,0.56204031693674,-0.0967545210323354,0.798571097902827,0.9958594163340619,1.0812301768587753,1.1185632423303422,0.9406920182252608,0.4444768465056791,3
0.5760501190615759,0.6431335084401002,0.633874505648166,0.5171580930749554,0.022593468386455345,0.8276716713148489,0.09042556916813013,0.9801467682947438,0.13324470893383844,0.7247346116037053,0
0.44361723101012884,0.8263887506589888,0.073851319951173,0.23916696627664852,0.007255184125213532,0.308952230193688,0.9473090121741339,0.6031730728807584,0.25716547691708525,0.5639845488128579,3
0.539634834875263,0.7975541553918449,0.3875385218554152,0.1090976777886866,0.8812909703226093,0.495017791271004,0.9466808986155446,0.7663948689858803,0.6961977478946272,0.7082602211302786,1
0.9306929277007581,0.6645631754470841,0.672300832875385,0.6149148922996412,0.9295675130526491,0.4990070638338548,0.27764282916648586,0.6177755417079076,0.516189333684458,0.7424079955206021,0
0.23569964511240138,0.5894565546465832,0.2349630396449925,0.2315251936409511,1.0348642232413094,0.18204910062867147,0.045601141761027156,0.20507968917882585,0.5018193088922464,0.1570444818397316,0
0.30670944383445004,0.11030252304081686,0.7333708824564247,0.19812533098145307,0.26089423741904755,0.8744543104189718,0.08061454657230067,0.9165638899424607,0.13777698388218412,0.5279603706874272,3
0.24319991303057345,0.1564239971776868,0.09600683364141253,0.9703294094211087,0.3501535592665325,0.33975534333992835,0.39242642475173,0.5339391604760034,0.4308887335061796,0.21263061106050912,0
0.3084366247138944,0.9719358991743714,0.40899905077355087,0.4033932320830879,0.16679079220879567,0.6243989900270496,0.3704426749132422,0.5575871420322992,0.28696753560819055,0.5673074406371763,2
0.027614654753910055,0.8614997628301361,0.48839730372896273,0.3584516044532978,0.6378182309727864,0.2844847883944252,0.6330804541790518,0.21734121141733842,0.8135698347615655,0.25783129778026254,1
0.5719740137014028,0.7430652021843036,0.3666286025281988,0.08172739795831124,0.9050459771592605,0.4575299306826728,0.8933701550331733,0.7710294475016436,0.723200142061068,0.7087157574183375,1
0.4829904321168202,0.6501668787412165,0.48328775143735264,-0.11532479412504626,1.1272437732510794,0.5049964377432581,0.8649097810384379,0.8091880408250998,0.7259493677199796,0.6836918990178471,1
0.23550891983129318,0.24329239925469265,1.4080592770911882,1.1018968955070298,0.6137143167038352,0.961808281354411,-0.039333165147958093,0.15393078204609656,-0.0036680212549683455,0.8390499886947782,2
0.8521742509010447,0.7609274799127965,0.7240243663625903,0.08159641200998094,0.8801847091796453,0.1397933660395338,0.19725634773958023,0.2175217965618667,0.8194119275817159,0.9291792362453379,3
0.7872831538003813,0.6843591671123844,0.7758569609612329,0.49136616272840616,0.8490342547125186,0.9809963848995484,0.3903677481895732,0.2973362983891963,0.18442969095851838,0.44060661839690424,2
0.06348916853262065,0.14271902126258143,0.6876267846183988,0.6566371444793402,0.2605543005664588,0.47030609225647263,0.4972601253227753,0.32579404351477653,0.5657053842992056,0.3608807198735312,0
0.9815794722869127,0.36540351763329787,0.08081817055940163,0.3095755130794659,0.11937943627056859,0.8514669499374462,0.4231272609010481,0.5377165220445524,0.3721960462682158,0.7523841191914791,0
0.31110137686039735,0.9658667852640367,0.41287528501724235,0.3979854091509965,0.16055152383902188,0.625380032529344,0.374942390036397,0.5507598602671067,0.2806385383621849,0.5736627896332289,2
0.10240175694847434,0.18047197203170545,0.11223271758630984,0.14924180691016753,0.7169025065468299,0.6596764033124038,0.33677338903917015,0.9655409578550382,0.5296490879521429,0.4990364240974898,0
0.2357701422675209,0.4358050553243063,-0.24320287333649593,0.455289054419039,0.2721228717529306,0.5502091244300193,0.8496522903604355,-0.2456588354936431,1.1249873097071277,0.6327474256198176,1
0.39522860371867047,0.34079898464940045,0.04120919800946982,0.48551997457360835,0.5579774985098859,0.6289177889726661,0.5271204147259171,0.3461047532628208,0.8362776670399801,0.20448212492005616,0
1.0148983084070222,0.35956530801651193,0.008898822543591575,0.3481440550228608,0.11994518203281955,0.7965834688782282,0.36157058089984395,0.5691639366984783,0.41583636525754625,0.7603433503357532,0
0.8809750575236982,0.8067655857560498,0.8377837628274483,0.13145886446570207,0.8086060928094274,0.1767376622645951,0.1129239394175226,0.17427203458450696,0.9287688161871399,0.914394157640579,3
0.4077016725039627,0.8489167472459174,0.7276007465099397,0.891525163147987,-0.08500711002339273,1.1344888339766717,0.6731791778801643,0.9582484765449878,0.594098863837947,0.7682484459625669,0
-0.46646255593310193,1.3386372115355691,0.2904663842295357,1.0650342464810745,0.9486365878082739,1.1690756213744522,0.29535862728995,0.4359321857920489,-0.056153877981281686,0.7375456246211749,1
0.4514779596266405,0.790142024947307,0.32510780552949353,0.19128835302808117,0.8083583889785293,0.3996018817227782,0.9375522068448079,0.8358900577233074,0.8361559005522233,0.5968973970571056,1
0.2658394634653439,0.041847048782865916,0.6616747107728368,0.2390823744005315,0.2994045831801091,0.9472805982948473,0.08663543977320386,0.8958258593889802,0.18151530198720808,0.5694129227325325,3
0.6237708883359016,0.4532751731142059,0.9223825742092445,0.49513591385636824,1.0129512477773999,0.4605605535127381,0.9890132592067185,0.3174098745004814,0.8800823491922617,0.17271239647423436,3
0.7553394776593347,0.7733139489731465,0.453861673468418,0.21458955107241423,0.23072294135963184,0.6537785592555557,0.19692337034653878,0.7761307081992221,0.21252406779847363,0.6659051864197226,0
0.10243086115835195,0.18075089539753897,0.6679497538988471,0.6347918491058644,0.24080813932909095,0.48123157133157396,0.5143510140697194,0.29537058958951684,0.5234609699623927,0.33396677651227163,0
0.9032523283871985,0.8244053372369287,0.7711506877195281,0.14620598755705894,0.9650289913589245,0.04517745338854165,0.2572336981430312,0.12119692817417548,1.0007560146703192,1.061611106317354,3
0.9681273813465319,0.34666279638259856,0.4598155399299066,0.8574568373871422,0.07180570925494505,0.23327088424167824,0.8757243771043213,0.5021735215627506,0.5702756199803175,0.36478625256371966,1
0.8435922113816213,0.7415096728066375,0.6630670081186953,-0.026362010488941406,0.8046756286283663,0.06215502938470528,0.22758578719076245,0.16258973884844885,0.7448127277245018,0.8698895078254483,3
0.8212340484270653,0.7329478876495152,0.8522492838979295,0.3754696786783705,0.8194449455472481,1.0561070009564948,0.3350920149485512,0.35740914020311376,0.23577881246089977,0.4897789553446764,2
0.8610421730730415,0.4031542244524613,0.5983904270946232,0.6328998749019055,0.5140400781016419,0.7097175104012873,0.9185842442679139,0.3319499820202443,0.23823547923812727,0.9425388887966072,0
0.04553318022226214,0.8299120278723636,0.9594674550063376,0.33673185716207826,0.6719653634702126,0.18805977688723935,0.43083906049007037,0.02724362026502474,0.8776053415137742,0.053760846967945905,1
1.0392877207981046,0.4495923543117908,0.11981164084779325,0.35778770501847623,0.09322670274296824,0.8713328397120844,0.43078312537057556,0.5428321076855558,0.42133549120244296,0.7297586940513727,0
0.6140941271470337,0.7770542959508322,0.3855668025905078,0.08764282723117273,0.9147734653354495,0.43485436874505706,0.8690170412654844,0.7591929739570611,0.6806310163010677,0.7151229657714846,1
0.9086038968244071,0.14034827427727542,0.19773735170800388,0.574098862831449,0.49360663203681704,0.4727525130729358,0.7224709717682619,0.8423173832335955,0.86664598962319,0.18321143049473804,2
0.6271050797010509,0.4219198626206856,0.9182294730460208,0.47760684020307276,1.0124792679342032,0.5120461597124906,0.949447722347285,0.3283403883340142,0.8730951740781053,0.22467618933845004,3
-0.08740117954702309,0.5780867184792038,0.598332346482627,0.7104056426023886,1.2104279036068297,0.41927127433142175,0.4506932018424219,-0.04528610266584125,0.4177326554254023,0.6489292993652693,1
0.05572249116642897,0.3145223653655733,0.634774191275545,0.7383334952450112,0.6559377611234428,0.43301854206623425,0.27853981483503154,0.11081528362757292,0.3646188801953071,0.04435904019393849,0
0.8408655796975367,0.776033389963069,0.7466215347513832,0.07521051186904168,0.8920933993099911,0.14262718581612327,0.19158755057491908,0.2315990408839153,0.839561847608774,0.9352683368128994,3
0.24341863959593765,0.8568640016767983,0.43529718172263143,-0.21629973506276567,0.33811051276790016,0.3819119540948419,0.6033467557181431,1.097752619290432,0.11828807224383736,0.40387886229066466,3
0.47263492462488377,0.6904906695102823,0.6884522236998412,0.6311698677648532,0.8002878127211728,0.5711124616367782,0.674544361753813,0.8616904479005821,0.9305462091447574,0.7109219521947202,1
0.8532690397964916,0.7715291689480145,0.7459638065327453,0.06736046948530744,0.8983920149594354,0.14126946664775825,0.19341213993439454,0.24251014238686394,0.837581655168496,0.9316983835139485,3
0.7062664866522311,0.8202431683889866,0.30535021611954094,0.3040901982157695,0.826898322347548,0.5749082259597982,0.9139801478481876,0.8251395410283467,0.41866534882882545,0.8743443118641383,2
0.8553296328502731,0.7655156925816766,0.7631459508967677,0.07354050812571962,0.8920236314097615,0.1404689871659505,0.19672735848692174,0.2544444111940874,0.844246301616084,0.9534490067579425,3
0.06091379846879023,0.5248638076901465,0.5358526696855394,0.5026041522790868,1.0814419641106108,0.2940161189795112,0.5664605313970152,0.08192356247603062,0.5209061621582697,1.065418082584951,1
0.4230348068237886,0.641926724802159,0.6528506039918849,0.7341744937520218,0.8976477745495749,0.49204244208822906,0.6221932244056163,0.8538845133103877,0.8509472871574331,0.6304752616141791,1
0.24489002433534007,0.08100325337479475,0.6192532202200314,0.23092841936146008,0.3206606093257704,0.9458914873671451,0.11441354910242071,0.9214090018331621,0.20786382174697332,0.533824680790817,3
0.19792961762598393,-0.008202885079900343,0.5956128885046277,0.2631371522837217,0.22946040051785585,0.6882480812125349,0.6505798283029106,0.40782746669000697,0.3501721967063644,0.4128178686280525,2
0.23944851516763568,0.7775318527506276,-0.4761564421617397,-0.44566472205527907,0.7962769492715216,0.9967755293005461,0.6315655485552012,0.5799002870469189,1.1646183706369793,0.7941687399880085,0
0.06119805471633546,0.052586836985658934,0.283084194878039,0.2672072263967833,0.6818905002263538,0.6242455342742211,0.6462597135826282,0.9990439236309759,0.6728823438987481,0.5247406560403398,0
0.1655702131366192,0.08021075717135216,0.20192990728855148,0.29521986180570203,0.7671776602058719,0.4480627788084688,0.5808323287540427,1.0223313092780202,0.672233444123869,0.4865183644920624,0
0.9511474355101497,0.5007160750258204,0.6976320552685901,0.5246870348888435,0.8457961239985271,0.36660099774755656,0.39024503325231263,0.5660385359364951,0.45485828326479566,0.6192374196129876,0
0.9968636451971974,0.5266986872871827,0.7374825646039899,0.5205912022507645,0.8978980632404009,0.37804049395429573,0.3603307264328199,0.6180267429334387,0.40701906245576264,0.561203169798689,0
-0.09749350351014477,-0.4584091650971036,-0.9124583040683234,1.2267348997981569,0.7428598888040491,0.9409563907436513,1.6770877091015461,-0.49184887198066796,0.16612436070826328,0.9890885678512724,1
0.8901571448333714,0.7063994422970903,0.741925112231394,0.10510307574994576,0.9564970117075071,0.18769882248209627,0.16302319135476406,0.18071163499730428,0.8154300169308176,0.9648944539625466,3
1.0584363232093639,-0.12157036053776088,1.1288504818271727,1.0142827331649764,0.4199407931101089,0.306501523837865,0.5806316307210468,0.5932437018078293,0.5869408746032244,0.3698428394128046,0
0.9551760018620422,-0.07994095925159356,0.9173988840446183,0.5143742048778857,0.29989288710023587,0.3061705260330632,0.4798400214372018,0.4045601420842907,0.9408929517885969,0.3721828364856972,1
0.1655603157123187,0.9734119806863283,0.06935077922663185,1.2419212435815021,0.5570259236616564,0.23101504569870923,1.3166647606901116,0.32305431063316103,-0.19889280110936275,-0.19160254105081992,2
0.468204129587988,0.6380862262377103,0.36861596718511863,0.09229022154054452,0.9094319870141545,0.4276859705273898,1.0375769543075197,0.6354586730884948,0.5628226608512404,0.8168638762846019,1
0.06348606135792356,0.47598674682654735,0.5166274823866721,0.6865859536332075,1.0737775947870152,0.3441414487297451,0.6563804521745498,-0.06530521431737635,0.5670788605988236,0.9164446782553494,1
0.8559288293079741,0.2569169774068067,-0.05641910651148346,0.2076424829191192,-0.023567706594886863,0.40932324238379036,0.19333787642121392,0.5512414821355844,0.5018597666275602,0.44645488303453057,1
0.6207443385077631,0.2180126512148905,0.38022556074098013,-0.29331849364144125,0.16468339323736111,0.4948158318288179,0.2534650192384442,0.5109078270059875,0.5894490006829147,0.09878350127829127,2
0.2044982041663285,0.5349023189614394,0.3029895226589041,0.552017105764188,0.3064970720773113,0.4197507247527029,0.10366797615991055,0.8075356501654157,0.10122439826076401,0.4730498902443606,0
0.8680509237252546,0.1906934642510743,0.14490456187499723,0.5200032886678361,0.45483425030360586,0.421387274557203,0.7477103556404193,0.8538337566302766,0.8774736600622839,0.1735720123482971,2
0.531412073410119,0.30259276037398275,-0.3275403573501667,0.6974770451431677,0.6940593243492081,0.44954295640812675,0.10275660689525656,0.7651766711763507,0.45268508110155015,-0.25986768269540206,2
0.9956166575606173,0.5695146156380312,0.6891715496053648,0.5168772888237126,0.9137429685915267,0.35978296529486425,0.35327832480262245,0.5878674326510879,0.42701989374903876,0.5488702740316642,0
0.5347048026713483,0.9879598178410132,0.3322306731353655,0.1555796024955957,0.6256291026264502,0.6320913586025014,0.4357281162938714,0.14079040206455717,0.09647192504419352,0.4118996839843336,0
0.08653490347332901,0.9165054625317826,0.439460816817423,0.3293659944465748,0.6345007974675859,0.20582135492099293,0.6043975764033086,0.22319247501990594,0.8003582725425489,0.24987265051668556,1
0.6609760444707033,0.613065975060721,0.18006190753409806,0.5793190511602605,0.04985607128132587,0.9560358804906613,0.5241501914158874,0.35788764817120056,0.7905303540653588,0.021503637202862358,1
0.8485877272787067,0.1346308337629548,0.4325987439717987,0.8337173203988623,0.714682355201736,0.7260568527095419,0.619700910994514,0.6056469550068991,0.8125687566673379,0.8002227037242806,0
0.05077865078670477,0.8774455141296464,0.9742798959641548,0.29751656844905366,0.6884103438540679,0.21458636382718616,0.37764900998577916,-0.033825572054619404,0.8935095165054497,0.06761163312153154,1
0.771597043929571,0.5340736606997397,1.006247181896491,0.5373216626052808,0.8267002423985145,0.6463136253687045,0.9953569698401372,0.23590938801873967,0.8415536006343084,0.3246226736386223,3
0.806589533749073,0.6554563011890661,0.3358232311471151,0.2480324235424084,0.12482889613343198,0.6686091240096845,0.24529120147423755,0.9686522965399311,0.22699018700864862,0.8412585586374559,0
0.06604954425292603,0.291856372470934,0.5237963115363532,0.7800670358783373,0.8502181745778117,0.225695193239827,0.676625586115867,0.06232495430305567,0.512726063868884,0.7928683795459828,1
0.08820716862985473,0.14879145724158294,-0.41915044292284315,-0.4717215539765145,0.40184132518153504,0.19623840126752312,-0.17633109877793574,0.6931987474625868,0.7543344774606864,0.1582888924498045,2
1.0670306468486441,0.3727857314908333,0.4235791065763644,0.9448061172528213,0.003944867974987928,0.3254828054730934,0.8031415585858381,0.5668589296578921,0.5785461789084313,0.3546793050145668,1
0.5854909360236017,0.76647685659613,0.3675674489416216,0.09662765234007782,0.9056704274069841,0.43491069579689723,0.8907194019105057,0.7569469374785966,0.7104158927705044,0.69411686712402,1
0.5940891498799868,0.8766385882955663,0.7847152473052152,0.552865797749062,1.1143574006520542,0.7754645851637211,0.42903605481597984,0.2841235915929591,0.48254172600792666,0.2345069909644808,0
0.8483079927319727,0.13053231652462788,0.39829118761524385,0.8613420601788302,0.7138074664792781,0.747837107838585,0.5834686907746145,0.6248548218086015,0.829006108196939,0.798332480357723,0
-0.020988765865082415,1.2908175028354498,0.17805688720672944,0.6852245671761683,1.7639492875709013,0.2748263425273857,0.28487116174419014,0.557578357437978,0.5678889488693317,0.21986091764796284,0
0.8633614370071278,0.8235226453684875,0.7369716874024628,0.10873849686433606,0.9089479865189258,0.21166659478492478,0.17960987511095472,0.20115129772986268,0.8373875495382403,0.9591656402363441,3
0.2709477656828164,0.014428835443371077,0.6425001573892727,0.2783379039667773,0.3271173638030658,0.9475522313141455,0.1277421439472594,0.8604631308018559,0.23039986618641353,0.5740913181622781,3
0.846992376969784,0.6215944603311396,0.7134865310038888,0.8409259144573382,1.0385637952629365,0.4143352043181292,0.7859113788799774,0.810538829544962,0.8156542775648782,0.6920666589400247,0
0.504621654224338,0.8822898935205391,0.3580452776850188,0.9343260141985922,0.9065881783041551,0.653538200118362,0.988408301579765,0.9366312106830512,0.5033556927756819,0.6430572749700656,2
0.45484265049746087,-0.08521322281092739,1.0750862786510142,-0.06262367662132923,0.9529386797531344,0.6190251676847535,1.2280419672591798,0.6699682635460661,1.1086157725532475,0.5265449158074096,3
0.6403190932734149,-0.0043261980742937065,0.3067938812542037,0.06586906486065582,0.7081977713365735,-0.0947035102579051,0.6683265453202687,0.2631906137027361,0.319412298262043,0.10592560534110196,2
0.3467089770140963,0.045038818981501305,0.807560590879542,-0.08646986007529966,0.8707958158716312,0.8007340425378996,0.9861831866917952,0.9777652849286522,0.831580084714021,0.28862013950339344,3
0.3402770885964432,0.6476493395445578,0.6268469368816282,0.8939512239488169,0.7977057179129708,0.3279288946650177,0.9406635739906738,0.7930326678133948,0.6151998847997895,0.12448731922246323,2
0.4095547582333449,0.5095865800582847,0.4656429241273,0.4501736720880616,0.2873468342827383,0.7231276399615537,0.6492139244129429,1.0894231586133176,0.21879434381654136,0.1412510690262355,3
-0.07116122744147352,1.061332930797309,0.32586775331945594,0.8643045324087297,0.7153963262554984,0.3605689874065241,0.7875211268369005,0.5452667796451729,0.1224734690280943,0.1552246089817071,2
0.9142888900403745,0.07877994370675118,0.7870503519387534,0.8163138100829344,0.6187797569042942,0.35972777141935364,0.5494955310802778,0.4375775013866515,0.5169818770205672,0.5325767090827794,0
0.4128371885093903,0.13541947613513877,0.11442401093156285,0.12977879529552505,0.3621420325082309,0.13528794750373732,0.5427636875582172,0.4936691627709844,0.5177975297961825,0.1759160495809641,2
0.8633679043020235,0.13714140272564965,0.4104346984458164,0.8558351988719963,0.7239912925727469,0.7332915718490107,0.5913611288741404,0.6319164243279065,0.8404061415926837,0.7886733380956188,0
0.8999402498192249,0.09118136522135951,0.3543189861562781,0.07826656956251563,0.7958695467428252,0.6344693453276041,0.9663604981059088,0.111777683644925,0.17745763115118104,0.43206064259665916,3
-0.07679693517816187,0.5548685440468857,0.3063139956359555,0.9310225270851095,0.72084266759363,0.21458483000566855,0.8027163139104683,0.034019426474066694,0.4179203030688216,0.8228202529778496,1
0.24535240675202863,0.22704849051880963,0.5385589197131522,0.6208618236575301,0.7097632391457135,0.5245606023060627,0.3717885236770119,0.8745669142410292,0.4510355305446236,0.7091310381731264,0
1.0186161395965792,0.6781088576415263,0.2782200669357154,1.2166124531779565,0.7726812664716666,0.71218247220806,1.1459282349810738,0.9939701630093687,0.5262863853717259,0.6304044375770796,0
0.19318047151198264,0.6197441867434897,0.3786458621736673,0.42858422028270515,0.4341145955846507,0.40590661009590506,0.21367707814464604,0.7149214089968859,-0.012236407196300508,0.4719857064229793,0
0.13840050594311082,0.6180311016432019,0.37112426710276614,0.47756161983145223,0.4498008476362949,0.42348971616046066,0.20436291163530979,0.6846656195418165,-0.015081669055578027,0.4778385759671095,0
0.3988680297247909,0.029352681713856018,0.04568578303076041,0.1704421211813741,0.3994813872735869,0.08054825220986432,0.48698381527719675,0.4116979254349706,0.573678781945109,0.27351902139337875,2
0.28670773254840604,0.033601414635152496,0.6966460303618625,0.24171066913477135,0.28698010645666705,0.9489253681675593,0.10166347573661001,0.8663342839370177,0.22831057683827533,0.5949331849518995,3
0.37209090302828457,0.3660795359518677,0.0640202319452264,0.6879123664390127,0.44817050242021317,0.8045107797912866,0.5427028967144018,0.35737663063701425,0.6157762482573838,-0.02702643252230419,0
0.16466548934699,0.4166441169398164,0.16813256105638744,0.1233219960176456,1.0214075941280853,-0.052427195387730385,-0.09372712932021315,0.8337703421523666,0.49854428225922376,-0.20837882736991503,0
0.09009383640549555,0.1670449880781436,0.6909467493493036,0.636118708301429,0.25529511579313446,0.4711910341337177,0.5057663895177991,0.3320654401542909,0.5513789376435468,0.3901349937055198,0
0.8604426339441082,0.2332296869338406,1.1190442525409612,-0.3995993585810239,1.265955605796429,-0.006678534783045725,1.0408923483604,-0.3705603320643198,-0.6288380069518235,0.19457298103444348,0
0.630435198079335,0.7164303136201591,0.4410962681695931,0.5715968789653301,1.0228688029096036,0.7006190306618572,0.4294368467087526,0.1116201758189615,0.5556445171931519,0.3352217663361454,2
-0.08922714374378388,1.030044462531537,0.8776596879749798,0.6278676876501964,0.2277536181646426,0.7875979787403518,1.0320473990304952,1.0533313561241067,0.8489276444254008,0.6780735965279598,0
0.9146563242745943,0.4014053301895036,0.14470611992974475,0.26739689138232414,0.07750207764642167,0.9243296880602163,0.36006092031639536,0.4976809262551474,0.42263084351269153,0.8407475144611511,0
-0.0006818438861294976,0.33757362082228337,0.4874010767798555,0.6310293316951119,1.0143350223307013,0.297063723277872,0.7218246878820996,-0.01909200004770338,0.6984467705511712,0.9209190335542722,1
0.3121953388875992,0.9668735752539942,0.41407295852740594,0.39804891082771315,0.16210745895476325,0.6203086808372459,0.3654373787465262,0.5577768082128085,0.2884582411858509,0.5680623472301323,2
0.8632223563545083,0.14462202646381178,0.41044037032322916,0.8626943441807444,0.7087675795860848,0.7398002405810226,0.6143109424515225,0.6199669705797837,0.8384227238968266,0.7957700102166035,0
0.2501468099342628,0.16307366132894968,0.0873610444585569,0.9676914508945589,0.3492137371206454,0.3326707986281036,0.39049981540821543,0.5354408404939766,0.43082751402414277,0.21746110352278028,0
0.8569387532202677,0.04136862045664119,0.33929454669860454,0.08306039812303173,0.8528584919874838,0.6380561859353402,1.010173948030072,0.06955719431420923,0.22864946944463083,0.4379520414691696,3
-0.10567818694805817,0.015100939412272418,0.5095417465902383,0.556986101730375,0.22116391717952516,0.22830440545979758,0.7518099433685604,0.1471806151010086,0.5135149768486269,0.45931207580831024,0
0.44595124313361695,0.5819810500545347,0.7494821922225642,0.01693619790355272,0.7418662846446615,0.8460493236324895,0.7682722039381399,0.25820140043982204,0.2985634866925746,0.2695190625265728,0
0.08934937430934609,0.7928043009646188,0.5302750787573481,0.39431820905472525,0.6660827983206458,0.2088267711591094,0.6994566858878379,0.14536238443913568,0.7028441254354315,0.28148080393471697,1
0.47422696298493605,0.49291412685143493,0.2896679539702434,0.2570094182294446,0.7293951289083013,0.6719500420708425,0.76587022532648,0.7700927270248447,0.9569360909789465,0.9579988218277609,1
-0.1274313456600133,0.6430645527926975,0.5937433429628093,0.42639431487596813,0.2731972042407127,0.7056652188093487,0.37522159105548847,0.8463258561389534,0.6950086433488696,0.6379528391435623,0
0.04313498531392322,0.8542424668568306,0.42486531964855623,0.3172072059628383,0.6809901807013117,0.23253272716870507,0.6675804145172107,0.20845749339319394,0.8002901972237052,0.24871917991866666,1
0.08621953635374402,0.723373832935418,0.532968524522677,0.9346536983336199,-0.007918725296106516,1.0948365383421264,0.814339726993939,0.8164069427527383,0.8694730029486236,0.7606618047040821,0
0.08757560453025537,0.8102112997150243,0.5098889126778688,0.656684149455101,-0.0656679455417303,0.8325678384358386,0.559854951794323,0.8133386089718675,0.6535897862125924,0.770743305647734,0
0.9933232110531456,0.1790562857304281,0.8090733204191936,0.8068917208806711,0.6896535824227629,0.32120434512295615,0.44593452142917245,0.39656582249671013,0.5207493561964215,0.5941018638199473,0
0.4851630248653849,0.897585859142468,0.3573656262906424,0.9207017313336341,0.9170539974281212,0.6559798228868877,0.9745856339117762,0.9359525045753185,0.4830669236056349,0.6385136358097074,2
0.19842563616037073,0.3485767329595543,0.11996777493767416,0.5812076273914287,0.6963384684088559,0.6936122308607349,0.36918074627473846,0.26894424049903076,0.7166679744464446,0.31585705085568755,0
0.43295729871553607,0.23416272092138996,0.7447145808323553,-0.03988061489653172,0.8022285894296097,0.8172347797836095,0.8440686084284541,0.7561572772850848,0.782229372590697,0.43413846512299265,3
0.3555059724171071,0.04402419801881376,0.004357059611215769,0.15334014099063437,0.307210688397014,0.002250194420706453,0.48238320766570775,0.44177824029454005,0.7020351383080149,0.35531196027659995,2
0.1901395342060088,0.34973905285145707,1.0875568652383532,0.18828179969484943,1.0011711810571788,0.5731539160349467,1.1737372822492507,1.0446040612767153,0.7621146886515744,0.3351446893993183,3
0.3102841017803915,0.9701472835657527,0.4106700944794761,0.4023458799572556,0.16601894563751093,0.6230943563723292,0.3701834305226098,0.5555430978163013,0.2851639656285544,0.568416194939697,2
0.2528581004133716,0.046417619941578836,0.6774397072815377,0.2592966116455322,0.30683964359730515,0.9392587376309158,0.09566443655276366,0.9126336351858688,0.1916477118100284,0.5452857578720658,3
0.6912709280615019,0.8714551984934042,0.5260934895789156,1.3074347711607626,-0.05462976454990673,0.977611109717884,1.097551043826996,1.0144237912327028,1.113476719365862,0.9140786569688648,0
0.2758927537081337,0.03143056237031194,0.9302232292117882,0.09692426005393211,1.1147317792444986,0.9426104997130732,0.8735456479567196,0.8244471857291225,0.9930165491408851,0.23668271578743574,3
0.2882492022168803,0.018316493562327844,-0.05170157501812349,0.4003345743215522,0.6767378422818444,-0.10442300143986344,0.42173921543479526,0.7321289116716814,0.5351862228592645,0.4596653379147265,2
0.8443983416645168,0.6272873003638824,0.6233493965613941,0.9164162340012693,0.9541317879533746,0.1326703613921277,0.6342221933895984,0.6536838571341024,0.6904627935498056,1.111417042693209,0
0.3105453812875032,0.9697905794501303,0.4100849110835993,0.40320488127017273,0.16514262079506037,0.6233522361525796,0.370356318615123,0.5573098955037734,0.28727225279957275,0.56750765189922,2
0.25170394701075377,-0.010085604617658776,0.6053984958774289,0.3013933497651743,0.31713781703593175,0.9303548592969204,0.09213238004918728,0.8909748324631306,0.13950744972462936,0.5586284452680637,3
0.026559586043289753,0.9633081148639292,0.43851389777270433,0.8705851526981839,0.8308178787898396,0.512973166742066,0.9472997029024368,0.6643398804576054,0.21850034381518663,0.16957985206740273,2
0.21551674283892286,0.17847920847507673,0.22228467027980264,0.292909393690578,0.6972030395302701,0.46185395299937604,0.39655809987473123,0.8559482410360867,0.751799589465522,0.6507475908109914,0
0.052790808326455024,0.21685257627366245,0.7862351034593635,0.5697834378494406,0.27346725954668044,0.40358061079263846,0.46509921624418865,0.2650683096998222,0.538975212389682,0.377142064428257,0
0.30944243284441186,0.9707472460760447,0.41113513885567693,0.4000564010313779,0.16665813244784597,0.6230481037058554,0.37084885750837704,0.5584003949394499,0.2873074268389768,0.5655145225612896,2
1.1954836770471111,0.17138204830226833,0.24083308195229675,-0.036284980700185626,1.1738814167996265,0.4666294547502793,0.7077365862795026,-0.14651178119603242,0.561316104618853,0.3818534214687968,3
0.3208543825677277,0.11167682391496304,0.8889829339545671,0.15651595366621643,0.874574387321875,0.9112309935316436,0.8842251661157434,0.9583570188750749,0.7840252816682554,0.39050197091452193,3
0.15596298560894845,0.10489119940482389,0.3766504899157583,0.23386961333230658,0.0698979632046754,0.30059543258219446,0.5999507377892833,0.8092630059407105,0.7704513013542551,0.5106274447786584,0
0.31897963224032844,0.6875489933302442,0.6656613973425834,0.27141147296995444,0.9860037705945067,0.6159279435281988,0.46814496356027646,0.5853007514612509,0.31347261748519556,0.023728127897192697,0
0.7556735840530204,0.6603436761136684,0.7476077707463372,0.43708633164893324,0.8764046872740745,0.9608842254644075,0.38910601765973646,0.3022945967313109,0.17575136429900856,0.3896300266217894,2
0.8902615312346118,0.7795233184156795,0.6422864350164165,-0.04972229868386953,0.9823984374222245,0.1442975367685871,0.09854439282651452,0.12438658703732158,0.9134344603520801,0.9165332411633725,3
1.0012887770182604,0.20776469913903733,0.8009940760403766,0.829618678311118,0.734783386819256,0.33319205133658475,0.4721872144503686,0.36442259152536277,0.5343302692481141,0.6089326404106039,0
0.1315116644187894,0.6630610879040502,-0.14384928254723434,0.15580346195294142,0.03711007647782155,0.45942698187248965,0.2327566867424832,0.8221249284450504,-0.026036137620522558,0.2617094875324145,0
-0.19178074208499996,0.2099896051646552,0.3713877472102996,0.2644565282651667,0.0032389273488819814,0.11383918745887,-0.4559597529128273,0.07395156137071188,-0.07087477467744241,0.39657952629301424,2
0.31156292037726185,0.9750353527847445,0.40915471952600313,0.40017487631804954,0.16219011320445534,0.6278029660381841,0.3718568274825689,0.5531461107176566,0.2840706817870888,0.569317975472202,2
0.9462515906386604,0.0905742103122972,0.8135382265360735,0.5020357337170217,0.07713401569791908,0.60952906595519,0.3273273001834468,0.4963761155988407,-0.08612058848948223,0.4643377706216245,2
0.9120926728094948,0.3347878489052067,0.023890354104561667,0.32330299503038157,0.10801493924442078,0.895760906684985,0.4462102826445119,0.5843376466936937,0.43336340427674014,0.8209793689890094,0
1.0053732844385512,0.5193083186640551,0.7259594568876148,0.5269646103022331,0.9000589068618392,0.37883600748752466,0.35425833597958506,0.6223249645796908,0.39904644370607656,0.5728673851852727,0
0.6815720561283587,0.9262724992828566,1.1508177958524954,0.5356774905106385,1.117670599359088,0.20605403445324966,1.0146078568441546,0.0341428110372039,-0.14487272062169804,0.23716374963370834,2
0.9080918543826911,0.21776145521426327,0.88515404485467,0.8053936138507998,0.7738982425123601,0.22864105914993088,0.39405773893201185,0.33165272327825607,0.554517390398689,0.674605518141321,0
0.1723407213532265,0.12286804938226997,0.3853201143892474,0.2417476261659015,0.09156777573409597,0.3145914596912499,0.5848651178408539,0.8210062172800694,0.774929540732876,0.54121953864468,0
0.24307415713409616,0.046892694725629284,0.6641689389782756,0.23216743335230045,0.3124220964202202,0.9247411645226591,0.0987908589879691,0.9051627302986175,0.19217413016361506,0.5349068925796421,3
0.02584236737637559,1.0288124962266911,0.47959015425918766,0.8574374150585551,0.829917433515727,0.4774398928294406,0.963974486800071,0.7504568972790537,0.2661630118523044,0.2228643951976434,2
0.370853791930814,0.1794102319606643,0.9586188410625032,0.12739896403306644,0.9235732488447208,0.6181141877573769,0.9940388944583073,0.9279450813330393,0.928187629794065,0.40436462890147773,3
0.009389264269765801,0.3545485767155855,0.5588959720652341,0.7082128189203416,1.009040319958636,0.26586100665333634,0.6699533809929001,0.024628863644448554,0.6137346512793748,0.9092502474607864,1
0.23556427285086154,0.3184827114245087,-0.034738339367115414,0.48070317293888076,0.7521918550968394,0.6566219149162372,0.45078838025092666,0.2824014577419156,0.6185936676020956,0.10034643445231459,0
0.44880212830976685,2.0471922575448875,0.20621785958998384,-0.6706887113676563,0.7566327929588134,1.208099360673538,0.026152704890504308,1.566830621440352,0.4604721444800495,0.15784920329967478,2
0.9916246660250566,0.5219610598246525,0.7453470371109909,0.5291147005240949,0.8766504606309629,0.3840667641261539,0.35598999824663285,0.6081006908550879,0.4125689702227233,0.5873323829308635,0
0.08183829492926215,0.1502368704915632,0.3239299735990237,0.2921734236205443,0.7574925188808348,0.539216173981673,0.5636833640527137,0.9254962386204559,0.6387040761189733,0.5992202438139567,0
1.2283850205398437,0.6047412813861917,0.404639353646962,0.8399545336912818,0.9073717432967056,0.5365296388183588,0.07123052893087317,0.5429138314780444,0.11535418328637964,0.5323450773314404,2
0.12607917720135656,0.051214305149888464,0.3516268582242631,0.6319240541403118,0.47431590958347947,-0.10062524041843601,0.10145919850718499,-0.052070299193017866,0.10501583389906616,0.46585472221661334,0
-0.035298442452618456,0.7523413742369804,0.5757552083343421,1.2731566288616492,1.1715456902850003,0.5199764162048801,1.203741857431338,0.9840787424738298,0.5253165062616684,0.47509425332853533,2
0.20115628248281403,0.1690164183948953,0.17166209504133023,0.2845487397998752,0.7351323697305653,0.5087569037249021,0.644022256546344,1.103482325634261,0.7960960895175442,0.4276040513793705,0
0.12096049545449794,0.06885502313086048,0.29200040813611444,0.2641406848406748,0.735984663213161,0.4551301883025399,0.542619838818577,0.9094404444265209,0.6327182121628651,0.5286641399608153,0
0.9175356441336322,0.4801519959161451,0.6415416861974432,0.7223346246194268,0.878479212844575,0.2268949716694146,0.9607262038227038,0.6415752992130058,0.8959119309144539,0.8837631148290632,0
0.7871495917219355,0.5451102285161868,0.9575744355890088,0.4840121725403593,0.9386832499072965,-0.31208691181756887,0.1777179577234082,0.1878929355383991,1.2612561401809352,0.8178158124191615,3
0.9535398605251375,0.5761417758719058,0.6299613734978395,0.742597431250993,0.9264031366343678,0.21038455459943872,1.01620720456862,0.580235575244332,0.8989417475932555,0.8222969610579012,0
0.11990624771895318,0.9155307373748925,0.006122925744291231,0.6212708394489904,0.35669535299312294,0.7095803883378679,0.6409563922474011,0.6855650372809587,0.3433154044018139,0.5283730039854823,1
0.39352519806012937,0.03643966377089842,0.06539484140063084,0.15139814927366554,0.3888940220299454,0.08356818592827274,0.46613958481555334,0.4383372607186925,0.5827829693259734,0.27966176885289834,2
0.4370298564487334,-0.25933114961923187,0.37753816266725265,0.35117876927138325,0.25881733487498826,0.8374833917016214,0.6608787267730355,0.8950821526375068,0.22742895969733207,0.47752523110006434,0
0.0756531856582163,0.8465229118536095,0.47234657950276326,0.3411846249927621,0.6938781795767792,0.255514716066336,0.6207356838656991,0.20411001967110962,0.7959656499198128,0.277752340988231,1
0.9449922346994846,0.15055260019241426,0.8574577595118432,0.8027226078495497,0.750576562134116,0.3562348530419658,0.49031281476815264,0.3905826272459306,0.4585652764614423,0.5722719909747462,0
0.9171672196986553,0.09166752745378359,0.34113919862969455,0.0627944315848458,0.8624345454499076,0.6514336406523611,0.9907525870544629,0.11497450707877774,0.196517007216567,0.41217051131053845,3
-0.035643484509065876,0.19526003809127185,0.04149580245842338,0.23202815455083206,0.9240511443094079,0.5843839313250385,0.46083148671203644,1.219742655843497,0.40172894953589405,0.5304620219365775,0
1.088702147953874,0.7440991186148906,0.3552791608820601,0.16298887350719637,0.667441519903622,0.30348857442730187,-0.07937267113256896,0.4059256661056266,0.6209072007650972,0.6647804590018841,0
0.09200243904400335,0.8430345061824167,0.423398004636355,0.28866751615489594,0.6455194736669868,0.15133231583118334,0.7381689177363828,0.12338751865934487,0.8556323987209645,0.3363864402819779,1
0.3809583965071848,0.40745377028528174,0.07630684768344626,0.4700277744185542,0.5740528994160666,0.6125204955449408,0.4754307324618521,0.2657883479695231,0.7288127354786956,0.17800817195511726,0
0.45022967057785757,0.9274360319559249,0.8376033317715157,0.19867689362019006,1.3040838837566555,0.7317360799325785,0.5996278833884999,0.48026863192053976,0.5172545091243148,0.21991843093586935,2
0.17211375280217592,0.8839786192494108,0.5896164369621897,1.0124242850399252,0.37022723224703513,0.5320361099235235,0.1268609718934301,0.11493521458257241,0.24369341291657493,0.21265431877413032,2
0.07026642409991575,0.16124611497739244,0.34313372790632346,0.5880608485417215,0.04103076585327964,0.49167031670284533,0.7172921986712993,0.49262839830832567,0.6341470590895736,0.1686662799966865,2
0.1043864367204583,0.43499534019381525,0.0015762263412604227,0.4476399457208755,0.16402103198379295,0.1625816637316369,0.21594434788290687,0.8335962712714459,-0.3093956818973503,0.4785516481924585,0
0.9372989101817744,0.45926702096836247,0.6426387001417073,0.5652169361633301,0.8557146823751314,0.3915674462614055,0.41351919368685763,0.6411974492332477,0.430619116675479,0.6054698233178835,0
0.2054764825480071,0.06848704215000828,0.288087876461242,0.8379993727589985,1.391889204678972,0.4957563439539546,0.7119054527701204,0.18365875593276668,0.7218781677060498,0.9292400324222898,1
0.9084245207249768,0.6861527699523393,0.6633680019364246,0.6746401324741305,0.9651647914779693,0.15511633721466728,1.1835653427085413,0.5451300004626848,0.8180011771342596,0.6837027666689777,0
0.715479317284948,0.038587296613792677,1.3495062270771827,0.2625708223158665,0.8755164373110927,0.4077192769071136,0.35828842768193875,0.4394556452741648,0.7351519486632107,-0.2677840636321869,2
0.8246143749352047,0.13236065393491453,0.4148794161307128,0.8304994148350631,0.7286798381345665,0.7543220830923718,0.5659169677768442,0.6591451233980021,0.8731099635735655,0.7745836924703858,0
0.5094173297821137,0.8737176198205321,0.34618200843702607,0.9302859780995778,0.9056650169091851,0.6387751536091917,1.0005446365488426,0.9390520340463859,0.5126545566340208,0.6380206311278688,2
0.2565779905883407,0.14620321322516402,0.08955215845275462,0.9742716461064986,0.34053853574771975,0.3316852979855976,0.3976215736601872,0.5253598829436135,0.42763641679062925,0.21312987201643915,0
0.03649387237932026,0.39599218846932377,0.5767103141473725,0.690700512476313,0.944996178655971,0.2950261148503821,0.694598155161799,0.060329240781362585,0.6487255194180651,0.8542280346026488,1
0.006878504567939592,0.5277234603559553,0.7929089460332285,0.32086890138546065,0.6072515308771519,0.8603961765368007,0.5373459366475892,1.0064676031290047,0.9448450065091939,0.251758004378259,3
0.35730310643968805,0.3548259649244189,0.06808545411474587,0.49331936398421355,0.5801999723738386,0.5949724075777159,0.5334660714003692,0.3098961921259775,0.7782261622313715,0.24023230242177723,0
1.0340268505893548,0.4682505863539337,0.6115871884963959,0.8023966290896665,0.8556797195774092,0.27262836315229483,0.8914591108366774,0.6127949774058112,0.8568877560990202,0.8944163605870554,0
0.28758910204977717,0.5217203383245351,0.0920826418096804,0.3434854194623242,0.9217984612449287,0.12422271057395436,0.034760041706125344,0.28348208499339644,0.32405675138742485,0.15087139466076066,0
0.014274090402761896,0.7122405936021339,0.3020768951322021,0.3524497921622727,0.5234472942599335,0.5196457949735217,0.09778256535712605,0.5946388108611216,-0.11373645744997832,0.4496583683950532,0
0.9242435649118126,0.7675005977569311,0.7463720714327438,0.1153458030280548,0.9098482346291139,0.0939882919482958,0.10660565864709273,0.2532375165456335,0.7477966136369251,0.9800513481958274,3
0.21369108590822422,0.5403198991530008,-0.06962630132892561,0.0029476875792650015,0.7245917651187153,0.7791898129565346,0.7497038597398449,1.4329511395758794,0.6820316289043755,0.38095131997989673,3
0.254715369497582,0.24692380744947662,0.5322947218645193,0.2088026605599897,-0.1848902690468337,-0.0076426299186039826,0.6091555023234935,0.7355252635519156,0.5139094032066298,0.6480747036796891,0
0.024100349615764398,0.8500968652874616,0.4923096470278785,0.2853993084077673,0.7063256051217925,0.2470778440741699,0.6125947016690044,0.1986690764623496,0.7485804035705512,0.22590647490254712,1
0.7687160238411128,0.5790359691210116,0.6749844635455816,0.44028982328307703,0.8344585567813395,0.9566727048030208,0.3039440961593625,0.28156825148465275,0.24862001893737093,0.3248852825457694,2
-0.13326182616386262,0.47133471052128445,0.6290384090097314,0.7782908066039365,1.1409000590571625,0.1974755855505811,0.892877246957701,-0.18243289330233328,0.6255456286972618,0.66231126881633,1
-0.07975397186133339,0.9055777178626876,0.8525776226359413,0.29084514152027324,0.8016943538804936,0.16091917942680337,0.49094785120971396,0.18591365896899695,0.8445452638125514,0.0028324082302391695,1
0.008823607799835112,0.7915273678988153,0.39335116554589883,0.22576381977547205,0.78921886919515,0.20682827260523223,0.6220544342975443,0.1074100618339822,0.8468244261674732,0.30846054623964925,1
0.10757864852556351,0.26912278151610475,0.5386807030486586,0.27544751379400745,-0.12446503654769514,0.4688568758678208,0.5252363369475981,0.8495355614224345,0.9300587407960754,0.4264637719989556,0
0.49283964458180635,0.874976973578115,0.37071817646504923,0.9176582397242407,0.9289473797729609,0.671542245628078,0.9788655831507848,0.9353985011965611,0.49288750866275166,0.6255948616058673,2
0.624100961387295,0.4648863104666715,0.9159927748330808,0.48456462187153154,1.0245142878902918,0.47599786000083205,0.9573380278511417,0.32093082899151837,0.8888768557614677,0.18052307425583175,3
1.0094642789785582,0.3323283158016045,0.48483391709317075,0.8500879872864407,0.05534082056728474,0.253767384415831,0.8572425357486758,0.49232941279084425,0.586994193836635,0.37148122287179747,1
0.7820277819906295,0.6710196851866619,0.9405660576241608,0.2895943471211357,0.7959667170198415,0.2508684314505066,-0.05428810408924631,0.17334209749661145,1.0467172064221772,0.8441738275897055,3
0.8931193224983056,0.2995320574273823,0.554727531602916,0.7506662696208978,0.00041055482781561514,0.16418395328819965,0.9709109912956942,0.5288058123314916,0.48046271754142006,0.34469905611251206,1
0.09080830077367441,0.013086183540049862,0.4368115032370321,0.39990256050400197,0.18088651971495168,0.601514731775643,0.6336761672426973,0.37379769844403704,0.46144689159548075,0.26827947623954246,2
0.953558638461916,0.4685621307508772,0.7120842153342105,0.5256797191264964,0.8445974869738271,0.43699398202103723,0.31296099026200064,0.642664356613294,0.4710574790854106,0.5739997781465443,0
0.023598821979751314,0.39423059190794446,0.5488071333740168,0.6865111245791918,0.972965293218845,0.2753649690850089,0.6573096389141713,0.026512273095547198,0.64083494142757,0.8905931719196177,1
0.1941186302374774,0.8156493310541902,0.5878088136546464,0.8935945772791748,0.10368313560941425,0.9415231793535623,0.7031302230823965,0.8556975074408816,0.6825945176429608,0.8394239265938919,0
0.9755087524110297,0.3729548183553841,0.09052623225844153,0.31348302086286983,0.12088526377417129,0.8660266261148517,0.42793034814902076,0.5287326656868114,0.36867918084056295,0.7558805384006843,0
0.08994312081055919,0.80551714789231,0.6635112447846773,0.9655755326556799,0.46816221398568053,0.6402409888375168,0.21177539971695408,0.08721396425548275,0.13834861050202105,0.18292873945037783,2
0.07924647630005288,0.6835500874848733,0.39105986964948947,-0.07476363679352915,1.274575321769257,0.45575023882069265,-0.1350180243372069,0.2080157230508273,0.7536834486301931,-0.03317732840779419,0
0.09514270660645385,0.008717689005238765,0.4383873643828785,0.3940936993823506,0.1813613189974677,0.604741565151059,0.6369669785840284,0.37261455166968777,0.4658205176946289,0.267574746552808,2
0.016546253905551284,0.7632011611215732,1.0016308931076503,0.2482824920667117,0.5056412587893327,0.1052480355287014,0.28520165322620333,0.009759344004492132,0.930617032374422,0.29144507051124335,1
0.9597091125931024,0.4118505657238191,0.4365143925379192,0.24959391198574765,0.8180866667987674,0.5865090287405158,0.740654605722601,0.811163560875058,0.6024403216713787,0.9422540492772874,2
0.03379738589432882,0.11640847553035173,0.2633630873957371,0.5000029972925434,0.15161591283861817,0.5794661450345434,0.562277463456776,0.16225559330219996,0.4871167544564029,0.25056956257665663,2
0.5737971266950784,0.6924604068323992,-0.12988240339277507,-0.17748816499148423,0.8856397993561901,-0.2762979617432037,0.09289509800771092,-0.11277483845894265,0.15746441415402512,0.34453834209016293,0
0.5950535049438341,0.8036628256737438,0.35877013995022333,0.10313409056904202,0.8869650267027956,0.3988068521830144,0.8651516434858894,0.8008599995518164,0.6567343302690284,0.6647939365877346,1
0.8605632826280015,0.6400030603948405,0.34203745469303365,0.27495866864609125,0.7121772316998344,0.5773321582993357,0.8726635808933394,0.7145071347949369,0.3766487092285933,0.8826662927692297,2
0.3809763542961979,1.128370039511902,0.11065559637240707,0.5705784107122751,0.9075811011126497,0.960444512393917,0.5877292186731475,0.33555207784150737,1.6245703613872067,0.38039106048600557,0
0.2381503322307615,0.8035618986828087,0.5640873074545664,0.8536088360606457,0.10272371940189787,0.9772610448214015,0.7032012757407826,0.8904068135239166,0.6995682604277821,0.8535628376701995,0
0.9670551642184038,0.2970924522821156,0.13958079404641083,0.39969318069816784,-0.010219974755584393,0.823115283092573,0.3315773770691542,0.6090360677658994,0.40511166723080083,0.8764914450306156,0
0.3707642336176555,-0.02276244585379955,0.2517581232652682,0.1017550294984226,-0.09418304675837774,0.33162111004058553,0.13709073829762242,0.7749314539192601,0.42966004482238884,0.4940930884402773,2
0.6119667201398552,0.5109741946277887,0.6815753775235845,0.24785027144587488,0.5844073977497793,0.6175756316092075,0.3369165629738554,0.7867392298544119,0.7986619244616585,0.36888474874000843,2
0.6805970865842448,0.3731141228956416,0.8067667110875647,0.9897582610858509,0.6877176884757885,0.11563914807643252,0.658037969381297,0.5946086351765316,1.0499475109429635,0.9200769969459095,0
1.0064713450941765,0.5247414250355985,0.7302801843294906,0.5260061192126714,0.8875176593189161,0.3759610800047466,0.37068523179789664,0.6156040556524007,0.3882601253885979,0.5634634166921517,0
0.6180895329807451,0.5217197309816759,0.7078123566889681,0.21683064253609116,0.5795705740986575,0.6172594873019919,0.31637157752364353,0.7523717131359725,0.8142175128964099,0.3534754957669351,2
0.7310045786356116,0.33454252730003803,0.22615719963893433,0.801936687203425,0.3218270075103426,0.7911631062185758,0.872475287391064,0.27567824754644693,0.9219341328024548,0.34983666801149965,1
0.07750991258244166,0.4976342224529107,0.6022551110544129,0.186684066873949,1.2680384629435224,0.7525853398587723,0.14306351166155512,0.3309594278150082,0.10199927892221428,-0.28230680282114173,0
0.6330931779898221,0.5456721854876475,0.6426059651143187,0.3071009017784947,0.5646385050764393,0.5726157342309239,0.35448832316756623,0.7620797095895144,0.8246863506382742,0.30660637366522325,2
0.18180719446963714,0.8650033289903544,0.5509101326889118,0.8283724528852852,0.046110939954420095,0.912518369229359,0.7805241571600855,0.8728385317967696,0.6979079534562651,0.8282539772980169,0
1.1078558609835654,0.8520411652029194,-0.03971855109781053,0.4253033350209642,0.5010663015348034,0.5500276289463619,0.6699989794139486,0.798839710886155,0.39974759691654616,-0.20310916729261352,3
0.058191869477815066,0.8330208162916711,0.43199366076915735,1.0060754872929432,0.990334219302053,0.6877256716665288,0.9623433201860397,0.8690540931517997,0.35274090096930616,0.23334417233434204,2
1.2014838102499075,0.2795887092956555,0.8294945394116986,0.7697625101662088,0.988193003966096,0.4061181783258786,0.4433727368690682,0.8132059637547531,0.9476618716804209,0.9232378166269992,0
0.8302664501425259,-0.05627614083861762,1.1374342221564764,0.8855549860266296,0.5178039116189465,0.07584539826096712,0.41818042008114864,0.6234499984707251,0.31867836741067557,0.7716326299914256,0
0.14348051668258952,0.5950249782068454,0.3477662607844779,0.481269629887657,0.4060718031805651,0.44760254676482625,0.17177554997878547,0.6940725125392657,0.023988415663436263,0.43335297643385046,0
0.574745169900983,0.7813072313982327,0.3342111555050251,0.06509800660423297,0.9225930797970147,0.4512692686751474,0.8654089231714052,0.7515571362043595,0.7119030926749051,0.7320529234169193,1
0.8921387372721962,0.3009659840090795,0.13452369880538217,0.3031449816384352,0.03005151703492255,0.7690255925204775,0.4612669326573421,0.5305542085174677,0.4465639907774901,0.8354158430542831,0
0.3311704374771202,0.3490314748697155,0.057192274433147464,0.48785688956389844,0.610684356902536,0.5817828959478134,0.5161988994027736,0.33649038412977206,0.8042914770142993,0.2578153601641676,0
0.6271700461220496,0.4625737135982131,0.9095939105674046,0.5036543486809653,1.001141049585463,0.4662624421422661,0.9896930508099284,0.34122486743382513,0.8674590266759014,0.20123788115745597,3
0.712544189815319,0.5637823976405162,-0.21670627475619564,0.3234861829442252,-0.1286544459885374,1.032418248306714,0.4553475353826264,0.18344689272322723,0.24743759770392032,0.45907653775056123,0
0.972317682450783,0.8575838075446698,0.32444377621160714,0.3276402480622448,0.9215987475394013,0.7751705819944623,0.6718158191353987,0.8473925101508344,0.1928502869692821,0.9849248166766783,2
0.4166332035734553,0.31959930541535864,0.4828904757537915,0.6886807293676885,0.5274785135783852,0.6035905472844683,0.09431573277997035,0.8526087826880415,0.9015936588327529,0.6060910872243461,3
0.9537614985648247,0.977211375736129,0.371854308365312,0.6732668755153233,0.8130608576576028,0.7390169676009971,0.43458272766375244,0.177839956224555,0.42444612670383725,0.5298616694472225,3
-0.09525127802352644,0.3306454849658958,0.5106416259834706,0.5866128426701989,1.0353769886389912,0.16048596786738684,0.5752083082220658,-0.08999102563993051,0.5113103434570634,0.8405319293131356,1
0.4427914964413122,0.5394235733413495,0.38801726080693777,0.1921138178710629,0.768877234016753,0.4451549209536608,0.9027572669048213,0.9768165319667574,0.7612527808595904,0.715906497700076,1
0.48254834730481544,0.8952696964634144,0.33674918388171393,0.9302823057687658,0.9017182762108289,0.6707866189044344,1.0093056707982178,0.9544842755148064,0.48461372523121676,0.6551726482115763,2
0.9787484129216878,0.4897458691266767,0.695130239376285,0.5175144819147114,0.9434395876863291,0.4273082364050395,0.30621510043118433,0.6833250272001167,0.3585874612895984,0.6242252361592594,0
0.6539518374346968,0.4860792295978473,0.9459763969999201,0.45642190083022405,1.019654439040051,0.4374812215214036,0.9397980663142801,0.3114087092167161,0.8623786340703052,0.1775830840373004,3
1.541413834144076,0.5705457474133157,0.8362783228561662,0.4142492701381963,1.200860481575277,0.9715774616682249,1.0289698263809959,0.27850900285334035,0.23051871208325225,1.5984478082999507,0
-0.02631846279720549,1.0547323404688065,0.4833560019775354,0.8338304237764247,0.8444661195290358,0.4517689414926367,0.8136937922043125,0.7182134037469957,0.20083658384365918,0.28104851971786576,2
0.9173842341295309,0.7635299232032756,0.6236598984150817,-0.05234175654813156,0.8373187846616333,0.06614381695396705,0.19781423178271426,0.30341393318828874,0.8893699111032944,0.9046537130906024,3
0.901630902627723,0.9392330334543351,0.4579947945611938,0.6017589403490552,0.6866480480926549,0.6521517880040538,0.47118893460068934,0.11868584902325464,0.41255900410473473,0.4126815830782473,3
0.010066148050518763,0.4355380419528028,0.5774173399966013,0.705509331938436,1.0053603020539887,0.24984955945537593,0.6458307150533843,0.06401551186284783,0.6281022176322079,0.8519436294714181,1
1.098518324064666,0.2961229159007723,0.21526520271205263,0.2162199627743276,0.015192903781110448,0.8530504904208019,0.4511646640137859,0.6352698774726891,0.42139559736057314,0.8937124207979315,0
0.6328295345046723,0.6740306722634253,0.11566894287645856,0.5314393719628423,-0.0036279314398992638,0.9061992202819656,0.5975628289681599,0.3618803250313437,0.8430801511116746,0.14396840621521034,1
0.35165484447988077,0.572146124629451,-0.08126745216657288,0.2394510566574404,0.758242163570419,0.34628792744522774,0.27278757965306394,0.3794305301064673,0.31918111402340854,0.3337814676362851,0
0.7864334643877862,0.26967507082576525,0.6584665974149704,0.8911101822593501,0.36221549593061025,0.920900692713249,0.8672426077893831,0.23896811143347768,0.7727881586045108,0.11627402170463852,0
0.9573340177656087,0.34145115675255333,0.1485586042495573,0.31516087776859775,0.2262725489539593,0.894934653661299,0.4378972575588862,0.5583807299533678,0.37326605001095226,0.7722019592475972,0
0.3677379670732889,0.8200692409189679,0.17062078429204547,0.0743518564781572,1.1193044679756905,0.5816231398069192,0.6970790244285923,0.8617027346705781,0.7513368622235882,0.5251645094881318,1
0.49965245977765016,0.1535847873811242,0.933565551333957,0.03893669724777487,0.8439587702878998,0.6138319286960575,0.7900744364751884,1.0871487721688018,1.0379549083387247,0.26101870996545595,3
0.6610446265821337,1.054184090866339,0.6002697569593333,0.9496302281521939,0.7925429237975294,0.7121520400499057,0.21371392784807625,1.4277125546312437,0.9109278240136788,0.02581657091539502,0
0.7710518599763366,0.11837777657935084,0.4628764421716644,0.2985797355511919,1.0623950694334223,0.7854175401391953,0.8604463329026892,0.2673371006124058,0.13968891772694003,0.5938796034694085,3
0.30861118157643835,0.3406988128700033,0.1107848808414673,0.4662649734516539,0.588958342512715,0.5639125557418387,0.48503013960911134,0.3540616732919751,0.7916484086838532,0.26740379462547975,0
1.693953411941926,0.6962550675479406,0.5919582486611386,0.7926032242913573,1.376682475150952,-0.17774404453064452,0.6962492396805378,0.2818466558177126,0.6831166890015297,1.1018478349453535,0
0.30938596336345126,0.9690732955781678,0.41099395298184316,0.4013018546294515,0.16469430231514287,0.6241017487524305,0.3710082725229392,0.5574308869915151,0.2872307642287804,0.5681919789836063,2
0.4438360563997277,0.6679560362516028,0.6742854054824572,0.6714523005976087,0.8430779576063951,0.5187165269734412,0.6220165834835689,0.9222437919475007,0.8771278046223142,0.6924381767673,1
0.8823903007839454,0.8224099340351396,0.6531402604086621,0.0941724466732731,0.8978518377914149,0.11324310077237094,0.21650102825252635,0.17453572233628314,0.777552626404039,0.9074156209472336,3
0.0790571352855415,0.5590497601571579,1.0073376733094068,0.6225467964075884,0.792892836081873,0.571274144728394,0.02590575971461409,-0.018294078046071527,0.5639858400573707,0.029570959601161573,2
0.06441459522299012,0.42601656624861894,0.5489415003911869,0.7201336693354362,0.8943304391420328,0.28696981818778017,0.5531049603961917,-0.07740437553523137,0.5802770599531498,0.9405267666424397,1
0.25642324010882667,0.011359101843337993,0.6598553931062833,0.22363667723618486,0.34771761395646006,0.8988940550194812,0.08289574355184988,0.8734396703653708,0.1898485886970944,0.5593133575516748,3
1.1996879489928878,0.7188535739536112,0.533109496322257,1.0169064931836331,0.7359824621900064,-0.0023841206364134115,1.2039444880126926,0.42164595907386526,1.1765356488792043,0.7626639066612494,0
0.044552700586288255,0.3735052552713831,0.5580334405650584,0.6846488810700344,0.9592250693689043,0.2566116157284269,0.685365602905503,0.052427214226029376,0.6382746721329057,0.9007568373358452,1
0.021647634594824106,0.8980783623984481,-0.13301985751420636,0.5481504366246919,0.7359241094926259,-0.0592288153402353,0.08818750607526568,0.5152152784527194,0.37447591104180517,0.14614903034954857,0
1.2231801211138569,-0.017728045696481898,0.11961621972497335,0.00780857120010936,0.05242986988799496,0.5163684447137427,0.1111848485834303,0.7221437641539923,-0.09119963263961633,0.6465417460646162,0
1.099758600045215,0.17148093274994505,0.7906176272547953,0.9584488884513581,0.7387270271354051,0.22017372683786207,0.6489296461744836,0.11678598462662809,0.6699875014556609,0.8344118292202573,0
0.8558185619056942,0.14503703293876682,0.41257472394977374,0.8552389579288079,0.72061114639311,0.739749689475156,0.5977798301478675,0.6296829490316267,0.8338439299670866,0.7968389762215726,0
0.9040978289962379,-0.027137870171673434,0.4510266642799914,0.1770601371022213,0.872521865896727,0.6015581378868938,0.9302974501630276,0.07113325357979669,0.2787292121965457,0.334001205324272,3
0.6193505986626101,0.5052426310947425,0.6876446228660117,0.25080069552157025,0.5753400304674288,0.6143223571630654,0.32868596649520937,0.7904171612639643,0.8043492786161156,0.36114971747487384,2
0.1105430965808929,0.9295889389279824,0.4311734983424352,0.37002187657605057,0.7359266902242957,0.16666378553646563,0.6345387962987338,0.2679663359932641,0.824505549185466,0.3015776067295703,1
0.2538735013407404,0.1568692903680477,0.08986110447920312,0.9642621479154876,0.3498693136135724,0.33676953075059707,0.399858889252604,0.5267260675604205,0.4363219011107414,0.21994093852185317,0
0.14503621989071797,0.3816034454602336,0.6372711766263557,-0.28741475117918835,1.1441781337560726,1.038389847902517,0.7433446323533422,0.5982287040946028,0.7688602771831473,0.3659019312002554,3
0.014355535611269996,-0.14344286829651026,0.7504231128356488,0.9383122730530299,0.9021242235744091,0.12612638539402132,0.5475010136066263,0.36973390357680913,1.2324693397641195,0.16237432986226927,0
0.4317880300144423,0.663563573205652,0.659085459650528,0.6900783658785518,0.8407580400715201,0.5366388173097132,0.6013949158102643,0.9307841398327663,0.8906851582628178,0.6892175939347697,1
0.019610872955273487,0.06871752345932727,0.2931502587658121,0.38482763963102645,0.909409525442746,0.4695510255951621,0.6860535896881389,0.9175425775274665,0.7498327291564139,0.4422122722694972,0
0.2158438687655404,0.22808041651483513,0.45615796636577877,0.5075086333962957,0.24424309814601114,0.8291228999962186,0.8827113857445803,0.5330183829002545,-0.18865554691125275,0.21551214555919124,2
0.06868602950112168,0.8309546706171236,0.5444296534567308,1.057775377522997,1.0881417606583677,0.5607081156817502,0.8609723264351758,0.5059763979838102,0.24414463806270167,0.4410563643697716,2
0.32525016998325385,0.15721272738026498,0.24351243494406966,0.5005141548861175,0.7279759753215296,0.5614476985373855,0.7804015671230996,0.2562769555990249,0.7038159659145855,0.015566435789799216,0
0.8732966478296996,0.02237555106163247,0.3654886075136978,0.09987853515685775,0.8002724260137577,0.6202518170272161,0.993578231462244,0.09517410091534359,0.2086708673159132,0.38939747775224165,3
0.7335260757934621,0.34797652112985733,1.0281880991961931,0.6091149612417507,0.9496415135774255,0.4896198863747866,1.0939525323310035,0.4862119554800576,1.0095309152286753,0.08677170045862301,3
0.28893570311129857,0.35439745242514575,0.37910055891963756,0.2699376216220912,0.95906678735767,0.3522814187115238,0.7278064433266268,0.9340071465073932,0.5662114127000867,0.5237865438964026,0
1.2109076981871787,0.634711907511761,0.4124873983703208,0.8642462438598338,0.5896850469505289,0.03269869069540646,0.907728712944216,0.6887180672539627,0.6787467888405627,0.9735884001130799,0
0.6797415124001336,0.510149248615152,0.4125705576800331,0.5982532334656625,0.016441227143929482,0.9590685231872588,0.5918097645174759,1.1488687917951195,0.043903158961724253,0.6036347517787524,3
1.0297818086265969,0.1341397434444554,0.8446741281567418,0.6851235523627129,0.6127210763490671,0.5887433947825089,0.6848752277446011,0.43729538156894904,0.3477940707007161,1.0912895824299087,0
0.31600418944151526,0.0329954945202366,0.6890010683589552,0.19747604509044925,0.32407417999964766,0.9430780077137801,0.0811306860055823,0.9412647153834595,0.15774773665885394,0.5813436125071324,3
0.7693364543179217,0.25424083042883056,0.6511831677703989,0.9062649937857732,0.34877975788584836,0.8917555308129973,0.8669577113388586,0.25175186707322156,0.7564177683428985,0.08223021269210745,0
0.9929172643169883,0.5576301084692304,0.7168230864274462,0.4986298073052934,0.8935963588891227,0.3572409479623267,0.36764503632341905,0.6053635012982981,0.3842290011106379,0.53810578540221,0
0.03345461079717792,0.9211189625493357,0.9721384073121907,0.2445197364623236,0.6980670364161421,0.14483954167579396,0.4360690491245608,0.05581584112518749,0.8776346432526464,0.13564530916773546,1
0.7401119676921051,0.6730338777284277,0.7584192522914975,0.5042142957601637,0.8172170121511801,0.9530202239718961,0.36686617816664,0.2966888032802196,0.13721322467123806,0.4386466672681288,2
0.5764879020341059,0.6691516228363253,0.19045295463257145,0.6148841809477729,0.04123392116989834,0.9210180952174962,0.634435197706212,0.2351990818696722,0.8911354129186932,0.09134777133466901,1
0.5907951100698906,0.37592194430884623,-0.06370842498616747,-0.24208334619808203,-0.15361583773183868,1.0407891442525512,0.30713401071410495,0.6581674517267018,0.12354472507553316,0.4344520137852566,0
0.11330744514818042,0.48838076251635254,0.32699484925784217,0.434674736108706,-0.3109920043126015,1.146436789393579,0.7552717337582457,0.7073812597405478,1.0280847022601827,0.7481359720205029,0
0.6483614534953389,0.07460938861734723,0.7958147102635651,0.5577050188029385,0.018170854060474,0.8872914382899154,0.6870936223042733,0.523719692854616,0.26105428521630947,0.605342562692202,2
0.3102352722156361,0.9684778148286315,0.41104279721096604,0.4004942209589258,0.1641698337129983,0.6229351964217708,0.3718461467483419,0.5565189990065126,0.2871604012378595,0.5684369916610708,2
0.9232245876680852,0.6059252620675937,0.389218620457793,1.0329686484316887,1.0360269606015264,0.3455867451610488,-0.09527836060977879,0.4087334066422564,0.8047490456097753,1.1838354534410684,3
0.24912188294384072,1.14838416094216,-0.14853104222431254,0.7582096534798575,0.4057777388498617,0.7641406381365375,0.8991052625093379,0.6091445585049982,0.73343515459572,0.6512046424169367,1
0.2607344995121983,0.046047704607402894,0.6608700269783341,0.25334466296330416,0.3118286033825549,0.9383400949078924,0.09318280810170006,0.9004785182812582,0.19438821603937795,0.5579360649516221,3
0.24120637493664912,0.5472722537905652,0.07123645681735141,0.4980080128333831,0.03615714869499764,0.9504244067812585,0.011673818444017714,0.005601382149610257,-0.33131564361541865,0.4396788349724825,1
0.2566917376041975,0.06397398525274546,0.650302311961361,0.26488643591049893,0.3251279091446134,0.9321579012954369,0.10148422504761284,0.8926010440651884,0.18072262944050715,0.5506692362863953,3
0.7532654992114466,0.5280589944768153,0.04421898328752134,0.4271509566454083,0.3611632575552698,0.7035722025823778,0.5410998124973438,0.2346839876093531,0.6920470598840446,0.10448118376013121,1
1.3082787615166,0.2499378245941869,0.862376434887451,0.4757696545971401,1.0618229258734593,0.21046571173028805,0.84193233945295,0.9147685098012028,0.5662658658271645,0.6139737071074328,0
1.510583491296868,0.4896874202245633,0.38935613999602237,1.6839627515602493,-0.05396021659050576,1.146095815144893,1.101159805377192,0.04836456338608097,1.348649388551788,0.8441117299334688,0
0.9874256441398136,0.3528556025874831,0.461958312890059,0.8649041089259942,0.07184170553337313,0.2426837896667315,0.8634814794923683,0.5088213964589394,0.5784926344249611,0.350843487367705,1
0.16791516453297492,0.15580761987394798,0.3296150586164369,0.32762195475323214,0.7469282377564543,0.5148273794078688,0.5785802323684069,0.892751188017633,0.7191917784131314,0.5481368946905774,0
0.019031531677229575,0.8606889414777055,0.5067266869849971,0.3135296405863008,0.732001010402082,0.24743506444740745,0.6276533165360664,0.0991240209083711,0.7991173958161781,0.27365007510037725,1
-0.03355986803504024,-0.49414632499265754,0.15111755034481333,-0.04168299267318076,0.2741167558493016,-0.2361013022639582,1.214283970608553,1.0005535791499702,0.4678311173622105,1.0626250304554092,0
0.257388032721753,0.08989868789450686,0.6303814015402172,0.21225936080882338,0.3111798432089469,0.9172849459189123,0.1307656499489247,0.8875667847970454,0.184931896184221,0.5670781130516854,3
0.30783131203744923,0.3821895640899757,0.08524091743823983,0.5098134235204566,0.2642443315194286,1.001157094827503,0.896402806792681,0.9120154693457788,0.4352689064391855,0.23663794565435176,3
0.307964603818766,0.9701621335158271,0.40999693892516276,0.40329676996747055,0.16526857357275307,0.6246879994037036,0.3702077982934069,0.5553096746585723,0.2866181685155543,0.5669202899697633,2
0.7643809875282617,0.23091518391014906,0.8423293275367487,0.5479212030161559,-0.3011774273580657,0.9066643695559293,0.35719127114290816,0.5325457755275282,0.38795717689837594,0.7261053817163307,2
0.11387293904501997,0.11659839703562994,0.6066324668662837,0.7729366499990169,0.33388517483646796,0.5289370603357407,0.5431750446366086,0.3399881905830699,0.5688570944294027,0.4980328262431747,0
0.19291960585399326,1.2484251840087504,0.44531825618303034,1.2403897256200322,0.15845724890996893,1.2977494448582132,0.4806701634543882,0.5832798209880841,0.6171134349796279,0.6055770820139269,0
0.9969659619172646,0.3337014615479089,0.5759950473689724,0.8800359832320801,0.18954792775535842,0.12458377686238861,0.7238122188587242,0.4986812859228925,0.5357311127876914,0.4895197262056559,1
0.0177186301227284,0.9016204652790338,0.9729433828821126,0.24177049633056422,0.715908908358142,0.13198573442193107,0.47142609391734863,0.04799632826705402,0.903978045643113,0.10720326929160845,1
1.022996274533565,0.5513433053634682,0.6247445196713962,0.7424485196390532,0.9053279625194193,0.2124801160853224,0.9832161828754632,0.5766718892464933,0.8996850168076741,0.9284630623861241,0
0.8234403800155332,-0.0029327106772061295,0.685521315152142,0.32478038040898244,0.004967293032476075,0.3917941950216761,0.4891253412175426,0.5705641219870371,0.2647204962715394,0.529727659329833,2
0.5198777550441249,0.6455790198755342,0.6798419770748293,0.730662860381975,0.8888594905821858,0.523398136905586,0.6197137288139706,0.863150702100172,0.9515479841972976,0.7153219792158169,1
0.10780353114859859,0.10315505146865712,0.2910639616314817,0.269340527798995,0.7911216856738158,0.5003813106349537,0.545251466447226,0.9368870256177733,0.6616300746346301,0.5777524166701218,0
0.37603371303174904,0.43311792892935475,0.04001278763264676,0.320463757782093,0.745184681848722,0.41524469985037704,0.47075174211880466,0.37570930414239373,0.7776111448410957,0.12209071005643468,0
0.9751342247822613,0.9082176143486506,0.3666286854718456,0.6601458282353305,0.7869628506321558,0.7027399461675624,0.4077430366185977,0.14869972225843694,0.3924853500750013,0.4625747280876377,3
0.9350817705022225,0.09245512372361019,0.36557589454925804,0.04409155280795238,0.8737454644545055,0.5773487566845216,0.9920510065436369,0.12753034421048004,0.2481048347428218,0.3848274490405332,3
0.31180908920893863,0.9725336228162754,0.41315393972014186,0.399664191411641,0.16391636649038563,0.6215437285838261,0.37223873967385074,0.5527714186885655,0.2878616543725258,0.5690306859817199,2
0.4788460449463623,-0.008547403610583704,0.20021226055010558,0.041988388682535904,0.26432452728727107,0.11442389707834921,0.5464061205565085,0.2765055411645848,0.5911543261306895,0.13393469264108218,2
0.012703784589809993,0.38328602945724466,0.503369992186847,0.7708052423221785,1.0084159376366182,0.29633675115637537,0.623500055150685,0.025259137160254748,0.7301579870939746,0.9447021505546168,1
0.34169845788539455,0.6556743723452109,0.6427866129281595,0.9054187833889789,0.7840771563809399,0.33046009884358013,0.9270901687993709,0.8073715633339948,0.6283497699110563,0.13059847402074068,2
-0.02934074015903415,-0.10194633669543968,0.33237332826252813,0.16961430710851028,0.8054710689820062,0.6946577414287419,0.3497881178425287,0.8473244012227351,0.4490886070556642,0.4205695280156245,0
1.0035490752138412,0.5282505682165035,0.7220835076318398,0.5396196436235509,0.8887678894200988,0.37258261083735134,0.35718468906690987,0.6351234245002483,0.41095825053933155,0.5794063996422301,0
0.12659140542650962,0.9561922554865911,0.29873574233194067,0.39259297519712144,0.5305215345880447,0.29665271627345247,0.5842087935182951,0.2341791215421314,0.6775056357367794,0.2579176932582438,1
1.0192550079765366,0.7095721762575571,0.811455201034815,0.2741874775686691,1.1511383843849132,0.7019309941098639,0.5075573081268907,0.4842439996569678,-0.06777956345068809,0.4980466163295748,2
0.053785424490351785,0.003940205074251607,0.3655687534105201,0.5024372945904585,-0.0967687198991567,0.24728255525785936,0.4311058381293626,0.16508945327724708,0.7965520974200776,0.5074950880313003,0
0.30838304914165554,0.9688317806195367,0.40940369324395154,0.40397994663592185,0.16329490691058354,0.6249934617441062,0.3749703274543191,0.5527947240844254,0.28364154285354304,0.5671755387997602,2
0.3511179939984635,0.34249021173301175,0.07527085667189426,0.5046349227552365,0.5768134656615033,0.5964231239678346,0.5203112879883123,0.32426456298164186,0.7698018527868201,0.2469137019033824,0
0.998829637895035,0.3570827457362575,0.45823744691767365,0.8619848888105077,0.06136104554879829,0.2368504591909384,0.8750783143279498,0.5116666719480021,0.5942476802092075,0.34865673648960327,1
0.24950391589164267,0.7126840527150234,0.5187366646201533,0.27056003095701686,0.5850900912002259,0.4366314968605874,0.28364729185320264,0.8897885402451051,0.19248728338937368,0.5121891836643736,0
0.3700490669351673,-0.4238588185132037,-0.0977395715539624,-0.09355946980591945,0.49373439359942844,-0.058345462842377155,0.39367202064187634,0.4969811682299393,0.7136166511958946,-0.1357005893050231,2
-0.004808952923490428,-0.037234008228626075,0.14150613153356822,0.08247254658416159,0.6105274844781166,0.4370363932049311,0.5671375751181973,0.8616414428096517,0.6082643377799286,0.7676707815272142,0
0.3068402177086237,0.9725601629868176,0.41248547562478516,0.4027454664982277,0.16364260866886188,0.625221280570535,0.3686454025388366,0.5579486116796318,0.2851128709096167,0.5660801527851164,2
0.5848612882786278,0.16958017945063675,0.2788165732009244,0.2556778644154796,0.31168374056127635,0.8680151932045408,0.5086363456433631,1.070513895609737,0.3351659840972345,0.22610297985054517,3
0.14744619623312244,1.1137866675629489,0.6120763063071486,0.7056859207675783,0.812826866150711,0.4744761123987876,0.7929682740617728,0.6966888446367406,0.21655641529398298,0.020924597788163607,2
0.6440479327442498,0.4721357134891101,0.922600920590015,0.4709024738670067,0.9650211320605203,0.47842879579333214,0.9832571481294479,0.346612549608644,0.8952494592107657,0.16033859776350454,3
0.798684958524878,0.850197894624393,0.6343326567575083,0.03116598321771335,0.9551248761782218,0.2575993690026294,0.2749966232869866,0.2383163054378014,0.8609505589555635,0.8664694540450557,3
0.06271762005357343,0.15413495045169026,0.7073975921033168,0.6247752757198671,0.2582969561220027,0.5036374098082913,0.4945239410702875,0.30502791315389083,0.5321152499393013,0.3914968897935321,0
0.4926718249683,0.7147092825865469,0.5952775846398978,0.06449962516759768,0.21285647660639,0.45338015377971796,-0.08017085673975906,0.9493969937000376,0.8399054843026157,0.04175999440144659,3
0.3498292014493075,0.9124020428199386,0.7688505916897157,0.7098079871784407,-0.03999980903266975,1.0785370704660415,0.8775617021775824,0.6723990817527974,0.6379315080203406,0.91737120462954,0
0.02898998507238061,-0.017269429462096964,0.40347831151291474,0.34751390607769056,0.1812246384333083,0.5987966399005706,0.6722031610283817,0.442960702637595,0.5157184751514473,0.25275295324150926,2
0.7494358294562957,0.6506349814783988,0.7329201012782142,0.44153871465183553,0.8665684851425643,0.9646987470578431,0.3963532859006454,0.3001765472383716,0.1859053507067508,0.38193021134611327,2
0.9726136203506598,0.32260996432829686,0.08037169702194633,0.323937206644985,0.10838046615134725,0.8449942436087725,0.4333754657050307,0.4902948713338236,0.36557732065549237,0.7860021459645619,0
0.3291359694581011,0.02395281789349013,0.023604795429811254,0.20176430562592135,0.4111006861401284,0.03142897734938529,0.5616661291034156,0.31053851733741705,0.6658719324181764,0.19570355230019804,2
1.02539651606085,0.18633723376550504,0.4978997575498001,-0.06484830474470876,0.8289741533472551,0.5392792207504911,1.0830037036058726,0.13972795100978086,0.2527467719858707,0.5719701755329589,3
0.2506434657269498,0.15801030584318757,0.09193585676672274,0.9687290706625258,0.34707195861700063,0.3354792582128591,0.3938496711114034,0.5313624224257105,0.43353271268920685,0.213212923559536,0
0.1962445050475427,0.22656916106810546,0.20453518211649474,0.6620670881615798,0.5868107754064914,0.7194133758746951,0.5014693583738822,0.556713051358696,1.0330119813451786,0.2441388966746315,0
0.0950595750973047,0.7451684140186783,0.6450530412082013,0.9714120281027524,0.47348799424224697,0.6367996659821061,0.23266127612610824,0.12976096915728758,0.20240624597645554,0.1732666239937699,2
0.04414067012538225,0.9624073445375301,0.4441344107341567,0.8589920238933711,0.8401286859296497,0.49763437389615994,0.9551713222010769,0.6528914449170887,0.21990688911010248,0.18778635182121203,2
0.9106180059954224,0.9841627619126345,0.4968915267466136,0.6128654365838002,0.7897760485239111,0.5691862665580256,0.2656240032704803,0.27984598244788395,0.6029318670610215,0.6585642854323585,3
0.023002289276706764,0.1362523593969347,0.3188462053353368,0.2584231784223005,0.8857507179679327,0.5440166991303232,0.6008273756095145,0.8756521088586965,0.6015321778159773,0.6682651896017778,0
1.0511414425326087,0.9458592324503012,0.49244415740645553,1.2979225587517682,0.0855843501817188,0.9158628837489574,0.5879113357292796,1.3147377097855286,1.5329359253453152,0.6929564319400288,0
0.12478647618191133,0.7113282207818297,0.0465854497363462,0.3971817613040455,0.7308193553153387,0.43331138833791605,0.42369094669806906,0.31895560490080943,0.8059126047766354,0.5187532220927392,1
0.5936873149458236,0.4490904707672803,0.6601235895232038,0.30950146712936644,0.5833339479991819,0.6144501877624012,0.35340375309857663,0.7857789356084736,0.8082256068771294,0.4259257137221619,2
0.9983305045221158,0.9580443523051145,0.4714965600076856,0.6218797082033385,0.7725312643181698,0.7789333942514829,0.37840547746516506,0.11783343905357246,0.38876661899264303,0.4624877855645093,3
1.0541878568961163,0.47789855563172334,0.7884675214775907,0.5841622538301748,0.8498167988338398,0.35845716294087937,0.3264405112795335,0.7011760735256012,0.4258670559478182,0.5447208955191165,0
0.26917914705550605,0.7864135797722162,0.23175229345331916,0.6161296089481709,0.7026498939799688,0.29376457891176616,-0.049426546757952106,0.6015128765860686,-0.2571467065561184,0.697321195361433,0
0.07091006559057697,0.08070039454794363,0.3026856762112522,0.28445962669839897,0.8327824630032091,0.38870925070660645,0.44432555889195524,0.8889997148622958,0.5829654300909843,0.6332207160589735,0
-0.01282956543513842,1.097574143572754,0.29009564137419686,0.7173261492050288,1.0636795150142497,0.30267670529741136,1.013798987236857,0.45030969626673134,0.3968263682190942,0.07447567775329336,2
0.3085730987863612,0.9730572370134547,0.41147216245167983,0.40531357142306595,0.16439472629702845,0.6233724000841036,0.37078640924717843,0.558293425843781,0.28455484223654,0.5717938839112764,2
0.34912576533378414,0.6448314159901822,0.6393413016487778,0.8908119472019647,0.7954949579294347,0.33244482085028054,0.9313990300617717,0.7971753754988995,0.6093035588392649,0.11894906517997263,2
0.8526955486415813,0.14715521123409447,0.42717759060683985,0.8465545539350395,0.7121026920413995,0.7306154494630936,0.6077162625190895,0.62222772425581,0.841579635251981,0.7923145811828511,0
0.5194272957596626,0.8937776726165768,0.3734970592810831,0.9549000204236999,0.8835960403501159,0.621115304861647,1.0046882819465843,0.9301213671925954,0.48120494372176903,0.6195864994037699,2
0.7354121290597005,0.8794437018158804,0.6191215456815939,0.2174586805827535,0.15503618757977328,0.6873454265030651,0.05923733461231631,0.6667798765748262,0.11117077209634046,0.5951374294524633,0
0.591449849817995,0.40784061371737435,0.8734146377284767,0.4725111508127892,0.992688367084962,0.4865627677743377,0.9590180666532194,0.3138368085990903,0.8883366826966261,0.2448045438740498,3
0.24485012826756392,0.04746992982501374,0.6942913394061179,0.25255610013570706,0.320368728730103,0.9105439168245705,0.11295534155042794,0.8977110343178547,0.20577639667109615,0.564180999446095,3
0.9734616341397287,0.39094216628556594,0.496837467550899,0.8599863061159257,0.10040499670880448,0.19728169765229503,0.9119003004876091,0.4994512822719672,0.6110379008738023,0.3514466823351901,1
0.7496794787947668,0.38593558365627956,0.2109404064719746,0.412546306075586,0.9619204824507357,0.3992510392424701,1.1262261116958672,0.2537887980704084,1.0470955710440562,0.5261066018444702,0
0.3306481058122604,0.6560490017545282,0.651622826242295,0.3176184336335591,1.00400341935852,0.5790367582778554,0.43729747869426094,0.6117713117247723,0.28081501915345936,0.017239205470212588,0
1.119471619640447,0.24695325777029892,0.5542957594975828,0.7239465616556066,-0.007639216377876457,0.23301688552955083,1.00798384244465,0.4725678603086162,0.4382657620068127,0.5513185068196511,1
0.7170151220875318,0.1932922915937512,0.682293880303072,0.3636623106181861,0.11967261727822326,0.6166825469304864,0.4384034717791751,0.42539709140190884,0.05693845503548127,0.7256955274544774,2
0.4046485341301165,0.44718186918660696,0.5026026912035706,0.4443473104060419,0.4949411817340063,0.6478888163432719,0.5288143558380599,0.025074366031489215,0.6937006887271762,0.18579162552363904,0
0.6201901028163662,0.1971928267957785,0.7425117095066859,0.3953287925626968,0.2304803698931355,0.8183789079378562,0.3353406690136945,0.5345410096119358,0.004081874322822851,0.7785266719598554,2
0.8561348228545909,0.14468201963520227,0.41316157729137126,0.8564704421438086,0.7188823447407782,0.7376500391888469,0.5962935105281515,0.6321310536412952,0.8342251755682447,0.7962653696804087,0
0.2459296072395518,0.03589164842421754,0.671985416953725,0.2552534802158595,0.3242066334747513,0.9416506184754074,0.09320730869622249,0.9096631312102662,0.1990098569647295,0.5647453077010344,3
0.6775081619998868,0.8726502129146166,1.1583626832322158,0.4881266811024153,0.18417962550610878,0.8899851893880542,0.3576869608631985,1.1134648228914876,-0.0963931546117962,0.22738709372036392,0
0.018678185323570275,0.8518646250057601,0.48576737772156264,0.3219818446876319,0.6475803193969637,0.216625536861797,0.5970980326265756,0.20860120097073573,0.7442658119825281,0.2326859679170547,1
0.2476878314503754,0.16033344784622056,0.09391366847679822,0.972496261754159,0.3485696901450009,0.3374225832186053,0.395435118650115,0.5317920592109162,0.43470115682893584,0.2170544373707709,0
0.0009843934608619737,0.021880001316468865,0.5366738904118149,0.47002255496417783,0.2511040526725877,0.5094304816278608,0.5325132704439571,0.2937005931014009,0.5066586013711692,0.2661465964015353,2
0.8633926906442534,0.14812177533164936,0.6380805947319418,0.9927553168577987,0.22116027392930293,0.9519471433719935,0.7486683573426838,0.3367952103713255,0.6833187252187388,0.01007377653327965,0
0.9354295251872353,0.34116136000766756,0.12010432986765598,0.36411312104301663,0.08484414423314707,0.8337033473506363,0.3685691657511897,0.5272601315176656,0.3707508536995679,0.7465096048645518,0
0.41558350224901186,0.21723714998582558,0.2416407050552892,0.2562371250334328,0.20410397687548837,0.8228529560955589,0.6482561047252897,0.9133390724836458,0.20310331036273344,0.37455684016827445,3
0.5933315449813044,0.7100431880381848,0.30105847104226424,0.11922090224090487,0.9869661028689241,0.4076012061413116,0.8155202529405543,0.8212596182384289,0.6361020296076314,0.7062854955759179,1
0.39692319077255894,0.5592686402770282,0.5222688837443026,0.17730285637193732,1.1013902006180216,0.7532356375746558,0.6239654515567298,0.5037173035176585,0.3433062695578435,0.1133646137739863,0
1.002889589988964,0.5230809542034855,0.7184566746019644,0.54288704885029,0.8700145025831348,0.39558542182991135,0.3759402411081343,0.6385332804303702,0.37514725909247154,0.5604308526179965,0
0.8479167883025804,0.7606630117581996,0.7403783211008522,0.052553975417864746,0.8878129709860012,0.15361846452144018,0.19709620090125493,0.2420098130823018,0.820512625366688,0.9260128342415815,3
1.0588181858413863,0.5629606783881552,0.7361371227453569,0.4830356149554008,0.8680232617867102,0.4095677702268253,0.2956691782524539,0.6459839690090308,0.46408332592850005,0.6467687775025736,0
0.33174285665852193,0.6774724521465785,0.64219853573236,0.2670568097803795,0.9708609547397563,0.6308043915422067,0.4849629357325831,0.5686574932828905,0.309123022703561,0.010996237850314016,0
0.21504952471532746,-0.14092641862471564,-0.12194922856497681,0.27689233784839196,0.5051220467773887,0.05640799905274764,0.2747605486852846,0.6050099295101523,0.6457448817905092,0.4635550708467635,2
0.8719382508121218,0.14355377373157613,0.4034842103513064,0.86732410762794,0.7370905022225213,0.7318793092248342,0.5899943685074711,0.6305584598826285,0.8325790114459831,0.8120149991973545,0
0.7027843442921654,0.08928902466290836,0.6216520277762031,0.3662087428922357,-0.007668083629846431,0.76070790348014,0.43726143897076736,0.5566404205777903,0.02184915102971617,0.6839902821662511,2
0.4680397678070431,0.8676554096700251,0.49895785916450003,-0.01308624656293328,0.6786623340603495,-0.07460347113443633,0.1522715581479177,0.48855713704304915,0.48106655932997844,-0.1782664750819123,0
0.3735462020427365,0.41094513338657795,0.1086140462328798,0.44579094477399356,0.5458570569259492,0.5775075395925717,0.5478639732215426,0.2545516280639123,0.733939429330363,0.29847507271098445,0
0.9779894374762599,0.9279297004193432,0.38600446519670517,0.6423982700978801,0.7904872047416731,0.734354666105164,0.41381702721723734,0.15735309504154368,0.38953311315446426,0.4957591493848331,3
1.0851028482409075,0.5233459424163394,0.6140605309076042,0.4803793639841125,0.8765297523689796,0.47286973785566183,0.2507853970235825,0.6306016766302357,0.33607238254888205,0.656662161041504,0
0.4715706981964861,0.33136152560720505,0.7289548879219604,0.23299612701656391,0.7792342036250908,0.8295568464322164,0.8396580899060959,1.0420412040230707,1.046841639452456,0.4431570366770903,3
0.29902642074493496,0.5647718487450728,0.2793089245762673,0.5497407815901422,0.3020079694606824,0.514466986885714,0.31377891250664913,0.6143461035243635,-0.09925234817641629,0.3051229330273355,0
0.31123715251287704,0.970967625512824,0.40867692001303985,0.4015779383199783,0.16413269189366497,0.6220498977349556,0.3697455892017664,0.5561841876098642,0.2860289149730143,0.5693806008180539,2
0.3608928550567295,0.35377229379483394,0.07588353053628774,0.5026804632556435,0.5819069121887566,0.5969729636022153,0.5480878028069393,0.31311045560128475,0.7744079490633825,0.23346084354459293,0
0.2816853776432117,0.07363390699480814,0.6502813124867282,0.28609639551269833,0.29066656128254464,0.9002045159080968,0.11494862810910887,0.8970550920114656,0.1787441771750677,0.5352162713531773,3
1.0312505642041738,0.8615867986725408,0.35086530126325066,0.6551548904716861,0.7227399016867443,0.749104111657249,0.39100952145919,0.16786476662664326,0.429411799911758,0.5719797982923633,3
0.33873161568627297,0.661613633198799,0.20475812173580005,0.598771104565552,1.1955873841450773,0.19344871603927596,0.2585402686283728,0.5492492108997853,0.24799346090695712,0.13007183203438077,0
0.02744826164425584,0.9171470539165469,0.9690679679622685,0.2667778521451487,0.6821247434144949,0.15389809075939406,0.44075927772131906,0.0671489954261834,0.882760900553236,0.1251857499231836,1
0.0633459044556948,0.8630873994404745,0.45413152659578976,0.3268321569280805,0.6827333465745278,0.24563504005696302,0.6407579093417264,0.21859442670571919,0.7816363114260153,0.2627197662304784,1
0.33894095219122333,0.1490646876131509,0.022436528771769666,0.40075794815889926,0.4610480993626687,0.12502134515166258,0.6147001761949261,0.414905513120331,0.39554840125375346,0.5631905106366073,2
-0.012497523129694266,0.33334069055795085,-0.13054479217006054,0.4137939176723784,0.9597872887178265,0.26318889896178266,0.3853627985343042,1.1569386981485092,-0.32396854679310894,-0.149137817617366,0
0.18794329630348194,0.5714667478239802,0.07115881739976304,0.739748511063486,0.6370186892141825,1.579875905720674,0.5146072628520164,0.5802777573210511,0.5741787857744358,1.4527587241416624,0
0.3271584165041904,0.8587435730433014,0.5832169060328448,1.3651919991586854,1.1655276875690745,0.3108017202544901,0.7289501952218305,0.97757234366122,0.16035481568215215,-0.23692346268187858,2
0.39050855953301655,0.37976450619424146,0.06253973286297165,0.46876978108458656,0.6040321289740083,0.5725978626087973,0.5523454894944998,0.3420089768357669,0.8135237726314324,0.20626786369278255,0
0.1582979951214848,0.5807978644498998,0.3740383765808284,0.41161327319051816,0.38161807992551594,0.5093793166954732,0.19286792555656995,0.6945311072081579,0.042340234667109095,0.48322049785909404,0
0.9203654017250912,0.6756061398624398,0.7085316567408259,0.06272897680305221,0.8982231758474214,0.1756129624850675,0.29842035183131405,0.1759022029039341,0.7870594006334847,0.8096069973517497,3
0.9115232481892409,0.4959487484432179,0.5785647738762116,0.7049759051395088,0.11964248249736481,0.13359937461336624,0.7971405859554948,0.3958602694320446,0.6569252637397248,0.42300388334285655,1
0.7627034610433996,0.34109419634040306,0.7769888695835572,0.3290377413423193,0.9541743963131191,0.35978514326556166,1.1387745313410358,0.3908745656126204,0.8374345229645447,0.03208047776400605,3
0.1363042916028182,0.005858088854536715,0.3900212423681322,0.4309555900594004,0.14516079437346685,0.5695407561364929,0.6190391076349455,0.4262310829664181,0.42066332358871644,0.2357265677910443,2
0.5918461151958248,0.9306994306408871,0.49468033997826555,0.036279657866553454,0.7449509529566277,0.509160919755791,0.8997214975567615,0.6680887685191339,0.8280514806799566,0.6618184741872674,1
0.2341425478953677,0.07763353856125643,0.1819403634637889,0.26301877026474785,-0.052400702868563215,1.3861600157320733,0.7724836141785406,0.9420073226568317,-0.05203847616260232,0.7916294152706785,0
0.50399294283477,0.8753151086677949,0.349791292056187,0.9372325975323137,0.9089511780308575,0.6452208065836209,0.9875635607358034,0.9353980859999452,0.5017180515178763,0.6409191457399459,2
0.06856781441595505,0.9752228352193456,0.5059121355538282,1.1318045352216934,1.2191766054744106,0.17962862626308945,0.7277248667609951,0.26167125261950386,0.31973084735263513,0.38823569459878016,2
0.7507205035929418,0.1405545508986048,0.6047399689576197,0.3060058867343292,0.09227552317500395,0.6553647675131933,0.43403761079227754,0.4719883663327635,0.10632037255611461,0.6429018388785692,2
0.9303025748100365,0.08932598452253372,0.42053368079473097,0.15787764993628683,0.915482678964768,0.5880182797583751,0.9588356826106109,0.08163455610697926,0.28573579653087217,0.3733893540415721,3
0.3100408642549009,0.9704393351524232,0.4100423100183815,0.4022507785078722,0.1662655048080089,0.6234716050341755,0.36948699766415405,0.5567291462369253,0.286937231009187,0.5683956048848765,2
0.7396790661371455,0.18930206303990743,0.5965194372858399,0.2570590552699769,0.06712552547203729,0.7972488423442817,0.5172826384972368,0.40917224540863334,0.10870428532361828,0.5939324944586941,2
1.0207328392770785,0.5310457200957409,0.71987191225923,0.5029951010028197,0.8949575418795565,0.3891298938968592,0.3699589765686653,0.6001594957366744,0.39555451510860706,0.5623997576656404,0
0.30759142235707826,0.9706692700593947,0.40794827778482684,0.40360438404343185,0.16532674396043884,0.6235164312526325,0.3668168189238883,0.5546694321164056,0.28794732805735235,0.5660151460550142,2
0.7843676297561933,0.28913040731135176,0.7069185273870265,0.893286694679911,0.29495832017899426,0.9803090674773844,0.8717495415087217,0.22635340515053773,0.7467195523041895,0.1868066550407363,0
-0.16095366747980294,0.6734573361532471,0.5828969244289354,-0.21293083062743656,-0.39519579613492284,1.637458028271257,0.7822238735388108,0.9026310140650384,-0.24367004494040734,-0.18171164454620126,1
0.6189469483265744,0.5044332694635703,0.6710538073856391,0.24263533948670035,0.5728887055205475,0.6271503416001004,0.34901806020881004,0.7784062718485101,0.79129520231009,0.3595150428203304,2
-0.18168973115635056,0.14120121328501123,0.42824811378685035,0.7200316698242683,1.1260326978648623,0.9051488611220969,0.40473281421702145,0.360265165275778,0.6227553148959238,0.14951446585720854,2
0.7161342881496681,0.32213959231640216,0.6100718856034982,0.5803666630965902,0.7894322672042033,0.4527726872622951,0.7619464965422834,0.31116209019063723,0.6234160008984848,0.7916607647529182,0
0.31547099627965286,0.38208839007072487,0.024089689829987576,0.512524232055957,0.6170050440218308,0.5478789820402001,0.5047470629268382,0.2676203206198827,0.792733495700024,0.2501942334153969,0
0.9341208638672671,0.9045039218384202,0.3516922988977418,0.6608915457815727,0.7776019628738519,0.68823180124081,0.4069159682056425,0.1928022774063521,0.39160696404565415,0.4727537458946465,3
0.11131452455704807,0.8771071869159663,0.5119677252327925,0.3571349927750267,0.7177281375127404,0.19536932911311536,0.693426092360751,0.23604640995763426,0.7578755927579306,0.24067914650588282,1
0.3071884984994061,0.9719560343904977,0.41001671230653236,0.40581735305291355,0.16473211190246245,0.6223961106993208,0.3696764878186877,0.5537285174758922,0.28410715440913603,0.5682265462666696,2
0.7543631944607379,1.4544575741869537,0.6773707710438011,0.16793654381914125,-0.3441725053810966,1.1988111418935319,1.2909887730377214,0.3522322877929489,0.7065194626901394,1.0136205108451999,0
0.09619760988600298,0.7346952236196997,0.3638599178495255,0.6262773055674563,0.010957677955872713,0.8840267347186008,1.0107083891097837,0.46216688797219785,0.04615225443309845,0.35673001733840937,1
0.6954498224653292,0.6769748504954635,1.0993650008834885,0.9580996125002785,0.7142271883790606,1.0094135569949085,0.26632817862517594,0.42715487510383743,0.028361359389791674,0.32882546460484563,0
0.7781871233801855,0.7085082034221768,0.7530575255870978,0.615222681232398,0.8975627945678409,1.0840619378880556,0.25596976992205966,0.5041284142996952,0.11570820609079885,0.19071505164455585,2
0.10447325783607489,0.009064913328674117,0.44201144479473514,0.39658848840007316,0.18172684245979417,0.5939577275974209,0.6294823679287859,0.3704115353220303,0.4559735875589176,0.2730913230039621,2
0.6113566110269278,0.510549378200782,0.6808652353656561,0.24706388578438973,0.5841308287271723,0.6181497982574633,0.3372769439848087,0.7863738778657352,0.7979435344495112,0.36918639839543077,2
0.03249143407741247,0.8397595825391723,0.4509606312104992,0.41617677383044155,0.5657817717390858,0.3544547228727486,0.627739516140008,0.19036291849303796,0.7418811158593286,0.3536430101825935,1
-0.8534794420015616,1.0535491131054833,1.2555279461046425,1.5147928313460381,-0.12248920348499237,1.4954606261907717,1.7667182474033183,0.8733374909499392,-0.20834981954929854,0.5811225732535261,2
0.7324219511215404,0.11843951213597928,0.5394409992017831,0.23438905570817173,0.17124068159648603,0.6321845688809188,0.5447571766111223,0.4890053732146224,0.10175067282873483,0.6778131404044337,2
0.6289739649206935,0.4906274755990297,0.7061226375733777,0.24396233894046251,0.5428167923194706,0.5759739954900907,0.32078005274246685,0.7523117605291612,0.8338950951048626,0.3932811335133573,2
0.5808727386625577,1.494497697482285,1.005715977077252,1.5114734645496395,0.7997778555958752,1.3235932846604372,-0.15397884390346184,0.816998181333553,0.49012458652696217,-0.494675382299528,1
0.5901593866436569,0.5895285640101977,1.0131341983155404,0.5041719602437402,0.9221950321544852,0.35206859251326045,0.9081600267273833,0.45228520674447126,0.9637219288048232,0.1517601312549634,3
1.0770202176566728,-0.10902149550393497,0.5462060088480868,0.21305675133156168,0.6778733125141377,0.48969661550949917,0.7929198983881642,-0.12544789603229187,0.23429031983368917,0.22059336071733618,3
0.5660842589595022,0.5778947333953803,-0.13191850634318172,0.33812225361577336,0.41078108268485586,0.4802808310404576,0.4391913362746653,0.18834480890537264,0.7100476366804371,0.10486541287109122,0
0.01287311543273133,0.4349408227102825,0.6622455694797789,0.6017333739227164,1.0074333966423759,0.3884637463596785,0.5305857705882313,0.10575941178383787,0.5810854796013196,0.8883776737713842,1
0.3324295502949882,0.6473323198749985,0.6231758674993803,0.8907191471473852,0.7933553218500332,0.33287411263188005,0.9472703817894305,0.7924570353987794,0.6176010748750992,0.13233104554977115,2
0.265402019012562,-0.00814315904292029,0.7125054571836944,0.21937914808888598,0.3269721026161748,0.8995690134058208,0.06967833819538694,0.9126401183641029,0.2476045849247721,0.5988838075580447,3
-0.0012699291728388643,0.8869521861458216,0.9502382452945141,0.2225720998528676,0.7111204110259823,0.20380409938638408,0.44530865005873216,0.11214677006116353,0.8962037760798129,0.1095149159219087,1
0.7694617787497539,0.005527797336423612,0.4349270216100811,0.6588601014955027,0.5090577149594956,1.8098499411994386,0.7716058141860174,0.6063909925804458,0.44452065704838617,1.3011330722931236,2
0.36797722708570596,0.3273475323153282,1.020286892871341,0.15860805200941563,0.8220224993983251,0.6922511435642892,1.1835838317690932,0.8143217364058241,1.0127931839473239,0.37769519206676266,3
0.03443484368938138,0.19655618287690413,0.18472412521954315,0.10700130248288353,1.342821987243409,-0.16582864826918453,0.16304989701139178,0.6805931773136503,0.11111866461715394,0.5399398112025628,0
1.0896983806449791,-0.13296850749716366,0.5730284353623458,0.48635503442464717,0.6008995640187448,0.5184369161370894,0.7379689379779502,0.5031736325213211,0.7619403464574728,0.5590823405527335,0
0.3399739181634207,0.11305357177170408,0.5198591105516877,0.6963149132607063,0.5887714870172016,0.5897249190578622,0.27396643779194974,0.755006366036058,0.8179319564455737,0.6903641813416301,3
0.431776557983601,0.6984384718022008,0.581502502253584,0.20669738496522466,0.5355817324207005,0.6438497795053515,0.21538311799626383,0.9106147503220707,0.9698515370533436,0.2609902447710654,2
0.7213819570836282,0.7428493187024792,0.4807256196914545,0.2470532966408655,0.7472706875128811,0.35181247520036374,0.7361433036911624,0.6312567247232923,0.5415175519729709,0.8416751545484633,1
0.9989577938451729,0.33017419358955147,0.45362495781895457,0.8891997504370136,0.07121557986697334,0.22915813930363185,0.8773487929742515,0.49046072163451837,0.57364737720946,0.35626696207125186,1
0.6995993027210112,0.31652807786381343,1.1980457831953675,0.9147282634396516,0.7370308250951072,1.4033932322524052,0.5275346854334204,0.6061736995562625,0.5723515911508115,0.5993845619774824,2
0.3129800561773606,0.9656542043624936,0.41096162195726466,0.4043404363598427,0.17125342467544494,0.629423456409363,0.3716860104653948,0.5617949613131559,0.28162262971886437,0.5738866715153041,2
0.3656510721450648,0.23643923358732105,0.8769214354301512,0.052058333947678184,1.0807816351087483,0.9106924128757434,0.9026708537935608,1.029958512947383,0.723286329771335,0.40444153145111494,3
0.6869635281900701,0.4780026533292788,0.6128221463951536,0.32799280826017985,0.5857824543038097,0.680208036842579,0.2954625218882624,0.7981343335258064,0.7394455580818134,0.30708731803917566,2
0.04087298543249363,0.400966589460663,0.5570867856239281,0.6730541215587726,0.9786009616469991,0.2737639943014536,0.6443122659500343,0.010188720817153166,0.634596533719661,0.89549775920688,1
0.6643483838933867,0.47794947682405375,0.9122027104122393,0.543368729650714,1.0293389029424083,0.5017728769147634,0.973884082015728,0.32924680421017294,0.8171498358135083,0.23593646985810385,3
0.9974727305767686,0.9961433186465243,0.48064077979187997,0.2767431096387043,0.4450305354280317,0.8294583619744809,0.2593001647006576,1.052324989364422,0.24292108317746305,0.531228180610727,0
0.4545920310243152,0.44013618886304967,1.1529342589926639,0.587845899043481,1.1901149789405516,0.36400093617264007,0.8637992145261982,0.48857404307881963,1.0403780716948945,0.26882940303408603,3
1.0674123171112708,0.5378770917444301,0.8688404762811112,0.597878266190572,0.7483679608521115,0.40523777864425775,0.45640663191864705,0.6965384676294977,0.32133973965418905,0.5421667864794032,0
0.5035382704247033,0.8768551411139424,0.3540019476521372,0.9323892225970561,0.9049989144382365,0.655629353928439,0.9931436875408405,0.9313459920103535,0.4971743440092314,0.6455168922966101,2
0.8330370247978214,0.47849614875847835,0.355004689961838,0.005063730636919894,0.22942037752747751,0.7042082189240497,0.8210705352420484,0.3141119718350965,0.03647173998978129,0.5401287235747001,2
0.18952809317605213,0.37533503471054086,0.17571004261994175,0.35378572344807835,0.23162488537560502,0.43042669863510796,0.40871155649091406,0.5718423092011774,-0.07706139791995834,0.3747692417568895,0
0.11290535942423577,0.05605328472180435,0.4876123749333973,0.35767145502952974,0.15098011861085667,0.6351790682116962,0.6324462482599514,0.3917926451396912,0.5045568182545886,0.2751545270976196,2
0.06407631073941569,0.5874358063037464,0.4347415649182087,0.5555306369496069,0.42142343090378154,0.35994923183349126,0.14001388732765804,0.6930708270774449,0.07394674273617602,0.5455726319931784,0
-0.14786293800754163,0.8946239984614601,-0.1008708318614191,0.13889444395944917,0.20804582810008554,0.4638838824004287,1.296008753466407,1.418556702543531,-0.16080974964246864,0.04436170982362142,2
0.4165776166082026,0.3619872361494356,0.04920248251991051,0.4599115653376804,0.5176045439605528,0.4914678912177589,0.5399756674662255,0.25977209491622727,0.8388737423562117,0.18648363150202926,0
0.24404930375139772,0.04707983194854075,0.6836114588401526,0.2333808834042511,0.30356068347514487,0.9365562547792767,0.09811083337391344,0.9003603681239809,0.1882411655261495,0.5371315291496974,3
0.05711038385086106,0.8516763302783484,0.4564902309713891,0.3386197213250823,0.6857779654509036,0.2337390757122405,0.6457918293379974,0.20572798464379832,0.7731895138576724,0.2739901327097306,1
0.8227994626833813,0.7586180717136882,0.7504301109844322,0.0890064911738746,0.8973842404222077,0.12870954654443018,0.18744778404072296,0.24905576661329906,0.8251538792868887,0.9252139055706312,3
0.3036609112043259,0.2720174903520154,0.6298695084658364,0.6656469333874714,0.5472682428964839,0.7426251470006089,0.2376111184930455,0.8789355807840159,0.6473505300609054,0.6114679744844773,3
0.9259749084645019,-0.5185715958585376,0.37972018435410415,0.4528396253947756,0.2774394377593232,0.9624302117130294,1.0294950737134494,0.4117130648310212,-0.15866322456053755,0.4326411143519697,2
1.0366804554800346,0.4196495271626864,0.07139268749600007,0.34249720828995334,0.09749430588500019,0.825509764384235,0.4423145314161451,0.45219826871283675,0.36224698584806664,0.6513002377924745,0
0.03977014143797006,0.8634808615810251,0.42548959599709074,0.3159499133195234,0.6679905393299618,0.2562061487124322,0.6422676583545462,0.24644125018963792,0.779386293323268,0.27456471711679287,1
0.48748237894997853,0.6085840307590651,0.42274030186360306,0.058811239650284064,-0.05174781781578863,0.43038518130992043,0.025658167349875055,0.6649310498561938,0.2764627695226971,0.7316266625259508,0
0.6727118270531363,1.1850944498074352,0.41772410932685633,1.7597201369070423,0.2858284484357084,1.9086466548704484,-0.018584775541534593,1.038280863221552,0.21292822092067593,1.205548729093695,0
0.45869080954869934,-0.001850596423726425,0.4081233090397812,0.5478705876198318,0.5068191528672483,0.4629966898844637,0.19762721156494464,0.9029457075456846,1.0026369455892274,0.6133979633161379,3
0.2755732348963031,0.8757706194842245,0.27859262708166954,1.1290537276460573,1.177933491987369,0.07543675017248586,1.65316995628111,1.4181140986557539,-0.653480867860979,0.3852425969030544,2
0.48309639756426553,0.2937324455744219,0.2937316452317439,0.2952155510978556,0.2532407121963586,0.7989469148639974,0.6682952788033203,0.924352380643882,0.2600712918913886,0.3109658354631736,3
0.703440053445241,0.3380309790366652,0.6952900022326682,1.05750887717867,-0.06492454475815015,0.3209345052553964,1.0749460227658219,0.4027576690796628,0.5630274279549291,0.61272575929526,1
1.072120387513711,0.3098912624507923,1.1250832153010442,1.0012006523789962,0.39708310422108206,0.29062020948014805,0.41002033004874755,0.249374864213241,0.8122877314835495,0.7841410053054311,0
0.3178448976257369,0.019626526789745816,0.7448218724065222,-0.029121459530919436,1.0202091643204063,0.8174789077573251,0.9832192325402712,0.9667843067018159,0.8270615578136874,0.2814723862134182,3
0.2561133085032258,0.16203456009098813,0.09134676928626159,0.9590548229175905,0.3550877190920046,0.3277920256272333,0.38875859301627774,0.5327371017072108,0.436851397448199,0.2252081302364014,0
0.9269439765614659,0.8068692101733597,0.6533559772664909,0.06671857143771455,0.8887865485198445,0.13257064156723705,0.22020380563845904,0.26619502753811325,0.8015674857970044,0.8961172374940407,3
0.49998493089592677,0.2306227217207396,-0.6034799489329838,-0.02798530206971417,-0.19402574413632412,0.5710766942892024,0.7631311777241588,0.0654239666055142,0.9087319969337898,0.5495115820431432,1
0.07869949594451574,0.1477900127962795,0.2581760970233762,0.3458867996386163,0.716943586141177,0.39713738682959293,0.5845887607541137,0.9775566354240658,0.6964766291960753,0.6533027873349945,0
0.8572203034457823,0.1453642570798709,0.4179588244841218,0.8500996039515228,0.7193693295425533,0.7434953776978975,0.6001533284567729,0.6321718278839912,0.8372703997718499,0.8009259984993728,0
0.6227883941137425,0.6798952874884375,0.09526354186595934,0.5268744274263844,0.04228938487138971,0.8279306981762604,0.6200918540056245,0.27353150358197686,0.8978050227988081,0.07208745238727321,1
0.910422486373198,0.6647685920863733,0.47822895769650614,0.6955959565266692,-0.2911027047824151,0.1840335372856231,0.4930808695309434,0.8896734603984516,0.48308592155992436,0.11768294674771332,1
0.13914283755555534,0.8143308134255323,0.47251532050296696,0.14605857780542375,0.8792995579538093,0.02851100777794932,0.8015073585358603,0.4029874649390882,0.7171052973153818,0.2729825779326314,1
-0.004209965165337521,0.4130492985455258,0.5548766305337618,0.7392435718391951,1.000030337929988,0.26165972658521286,0.6430698986212166,0.0030783616015814565,0.683144371238826,0.8864944406598118,1
0.13554555387226272,0.1469321920102664,0.2743175872674219,0.32434179643444166,0.7252711842066905,0.47903650200674863,0.5159583792286278,0.9788064527089985,0.7091808055846187,0.5657351573265853,0
0.03052054185255916,0.9100543095188142,0.9735168870862587,0.2447145796780212,0.6844497703142816,0.15374945623234906,0.4466014264583461,0.06703274156868931,0.8916399471206106,0.13448477407792306,1
0.8578787151916997,-0.23222951472475312,0.46795562030933946,-0.01032090677746661,0.7520925774505454,0.9405682479864499,0.7084992319341225,-0.010928647922827217,0.4902433916667875,0.34180344147669905,3
0.3196965322663447,0.25825764150234576,-0.16888139820177367,0.37849150550734195,0.3682789503116211,-0.07990020332306152,0.448842073962482,0.6396903032653498,0.7055180554067517,0.014853529991110115,2
1.2602349448926655,0.49626601373975776,0.43546274748212294,1.0186421215767656,0.27990205261411644,0.01760032638982789,0.2923869534828269,0.566310091202677,0.22835791095441932,0.7068263487316836,0
1.4605560056289497,0.67982420479,1.205071324668511,0.6469110989783228,0.2764008307663003,1.4780264893981663,0.7156315607822329,0.6334800708363895,-0.07586743339499147,0.4816554825206639,2
0.24234674410158058,0.1567800907933529,0.09756233977936528,0.9642540529866293,0.3512574668313578,0.3334637939416948,0.38871535240467037,0.5368554669799795,0.43375428007106615,0.21165392660439603,0
0.7319042976689294,0.38526177294794695,0.9327650003775367,0.494563799303664,0.9446413051746377,0.4218201708229458,0.9437358418299167,0.44871743400860853,0.9163184511844878,0.1532008256235513,3
0.09519769729865504,0.8810393171330358,0.4519851842330126,0.34061897875623864,0.708659686993393,0.2342110086672848,0.6601371242155969,0.19314015446188595,0.8070347299562396,0.28600685125187325,1
0.12414090413026971,0.7663716375150064,0.6665229393907681,0.8999891550145566,0.026924830354586787,0.9862093408472219,0.7852125000170864,0.9354182199191969,0.6755048656903938,0.7958026399900081,0
0.8531820525810174,0.3937366045687645,-0.12796007834264778,0.8334121862634438,0.40293503176228274,0.4462721568582033,-0.3922403303543527,0.906758945258463,1.0528517332482854,1.2449134849724863,3
0.01919710947324324,0.4520586580752177,0.2712666929715709,0.258207630917628,0.5266639786500502,0.3314176182764556,0.04774567971130411,0.7036011751386123,0.00832380570628688,0.5644241106582203,0
0.10366829403353954,0.9474302433231115,0.010697337023674347,0.63263193611432,0.379958882807484,0.7384914343628742,0.6514318703533271,0.6847580008744344,0.3259601791133774,0.5231917438159345,1
0.7781950153306649,0.03069094272093542,-0.339210686773348,1.023993831786246,0.11922474227433488,0.3833918342316148,1.3147133498578718,0.1610514423534939,0.3546690355539577,-0.20954605330980303,2
0.6328477961972743,0.4580114142345462,0.9207844423726288,0.48422139979265677,0.9977059339458529,0.4671722931485827,0.9774935462839645,0.3390507428830794,0.8623589965261008,0.19190113184454016,3
0.1971686210871491,0.08050505634752365,0.7586535965825418,0.7630965650999558,0.21075971319632048,0.6404724243361192,0.5058947370655502,0.4509641932171925,0.7171121125688016,0.3982509999876604,0
0.5387194197130312,0.3757124131410745,0.5953437955269024,0.25157381695230296,0.5623407900961493,0.49440156717286465,0.3615290679471422,0.8782938318921623,0.9540799076629667,0.5105287859365449,2
0.6056553500961341,-0.07282797876873973,0.09127807256713732,0.18991056073308202,1.1145335937164829,0.595396277860205,0.763765521356599,0.05519311472642409,0.3088035913636943,0.23573286964032983,3
0.6442847764865698,0.12379480380489681,0.510240158868984,0.5429074206838387,0.7672992438509461,0.3410333206215572,0.5362686454011444,0.23699828722933636,-0.01890539898434227,0.8992796024322058,0
0.09769261961503774,0.01104548292520476,0.43459803812681275,0.39186843444813424,0.18018729400138464,0.607747532151203,0.6355719929736844,0.3683442622862728,0.46766439403131865,0.26962654536259056,2
0.46560922131854116,0.07311380195287542,0.6764859186800295,-0.041889855663187064,0.7855710433713663,0.6948744541110077,1.0170858763913408,1.023177255643231,1.0005116893608763,0.22983107876400594,3
1.014430509461064,0.9344049287339217,0.31736385842240394,0.729991890139263,0.7996416924173109,0.7060151627871291,0.3914324088595376,0.07601528266769658,0.40280440612924145,0.5329333129361,3
0.11318785267794303,0.9315370924076919,-0.00524305924519927,0.632611310992732,0.36889870096653227,0.7138740268189991,0.6584733680004088,0.6776153141188722,0.34228728586853185,0.5230221506646164,1
0.39310533617372506,0.5276160710566669,1.012602714117834,0.5252038686820465,0.7632672858896762,0.6127335361723056,1.0828655721401779,0.07002609711747826,1.1469003895089682,0.3690402354848922,3
0.8856429972807693,0.22894368611621085,0.631225109926993,0.9512069293442111,0.17122891832771375,0.08842061775805596,1.0133865784177076,0.7035514461402936,0.3948418773655248,0.5077955064467893,1
0.8116120909407867,0.26207389427580086,-0.26069350141111575,0.3410132775371309,0.12513504185705804,0.3435194569205417,0.49118877633624686,0.33843031264931434,0.6803182293167358,0.6881144210596206,2
0.6052711791486829,0.42915732880348717,0.8533197980632302,0.3528020744111118,0.9820544951612442,0.5977728882044433,1.0420117295490763,0.3164477505632548,0.868692023412788,0.2998614283351027,3
0.27599157825251736,0.04750110269633689,0.6407824293852173,0.2641922369906792,0.2835452277816541,0.9672034543280343,0.09419016737994639,0.8938894244771605,0.1836528271171492,0.5798928496575453,3
0.3961739896242777,0.050125554675717,0.04538327092482046,0.16611296344693816,0.422493274688839,0.0846624483324799,0.49357506228475684,0.4273551089805308,0.5845363831911898,0.2441716026103057,2
-0.20203267406555825,-0.08366477014010273,0.5626994913305057,0.5945821616486378,0.1977201461318822,0.4358311976592515,0.7502391206759362,0.3061906842480181,0.3710779141460897,0.414949344413401,0
0.0716697202312242,0.879573343421828,0.42133053459019987,0.3296064542285308,0.6593435432962571,0.23383280392291889,0.6233643152695107,0.215306557604997,0.8033834836053183,0.23933051190038293,1
0.1575054410589171,0.13168272521581337,0.42564783280319834,0.2780166785255544,0.7964878238484329,0.4472068604065485,0.6140461535334821,1.0979387347285763,0.851201451440614,0.38867122140909405,0
0.6997046726835129,0.3936653848376428,0.8621211302198539,0.4349031493000389,0.9677581501824365,0.507510564480191,0.9227077066574201,0.4274008289706143,0.8445410924894993,0.17957576861201885,3
0.5315896159790959,0.2957356418908421,-0.12747835187366147,0.12464913199687283,0.7698255250369637,-0.031015737940067706,-0.1653151952260663,-0.05988838981914757,-0.017191970493452724,0.4157627324578676,0
0.5901460505846567,0.5748133000073895,0.7903533205922058,0.45234128145789404,0.95372172834934,0.4463436938926454,1.003169861599987,0.47597512599645264,0.9173062983467636,0.27392412742377126,3
0.37062311489007393,0.2342506597932214,0.47008386114190054,0.8578731042893131,1.5029238082479914,0.04261750317656786,0.006309364764188662,0.337254684370794,0.49688636940122904,0.24753846181738462,0
0.10099048979062937,0.2607939430011589,0.2984223050038987,0.29532543675711825,0.6534369764454272,0.5855411745670246,0.38331927546393835,0.8289522884630667,0.7333744657242298,0.5256351122738667,0
0.3829296005133181,0.042470689639903074,0.05006263429567032,0.16192997209087953,0.4272532984525915,0.0769558578599307,0.492249977705198,0.3955786919202992,0.573758662960896,0.2483376572941249,2
0.29455204869144735,0.23408118656487986,0.18743749820018768,0.2698947032915121,-0.06601614469579276,1.3217271661391978,0.7217836154994837,0.4191226291297315,0.491628189283311,0.025614299865029,3
0.37245177606692775,0.6046727494892591,0.10103062910647839,0.3060497016946114,0.897338071711418,0.06548377383015985,0.09950796989287189,0.29204932083438967,0.40095322744255824,0.196753464113629,0
0.17815756506010716,0.8185550354740123,0.7648960713655172,1.1191974028899256,0.3221961300929771,0.4634568020679962,0.09897531706406365,-0.06492012274428066,-0.024736235822027858,0.33089403488748204,2
0.5413533076434744,0.5688493516128152,0.9247245095624453,0.5100284470825628,1.022762371521606,0.34201478582325373,1.0365232664118864,0.34539747012533106,0.9326682080240205,0.09213365000709824,3
0.24490273033870769,0.13181039467041547,0.9225329195185992,-0.16963370017503288,0.7834159788378446,0.6678580762046433,0.9888094615012835,1.0466963220489365,0.8518464850512197,0.26819026449175903,3
1.2508677358036782,0.05674878901846464,0.8987253463747169,0.5026634708400887,0.3679521007803095,0.03529721460213292,0.5017412096271501,0.6574009269399699,0.5475286958857879,0.5739447329811195,0
0.9403141518861466,0.5545140035356074,0.6174924584767475,0.8160629214868472,0.7829655621821533,0.16347891254231833,0.8341888965958395,0.5769861367169006,0.9494976809385507,0.9031465917686893,0
0.16478304884657116,0.6199726244826679,0.3247446950275109,0.41840102224528175,0.3970556666769122,0.3944682823658056,0.15904507499808246,0.7511604859932819,0.05682359019988314,0.4796267277585476,0
0.02843930257424687,0.41932389389717145,0.5246566397828126,0.7617016894209129,1.021746454449618,0.2961338300452326,0.7303341948619603,0.04718727470808688,0.6268326885596083,0.8563817915356668,1
0.9231823456270066,0.18779082511730047,-0.08342976499771629,0.331045941321061,0.3103748617808487,0.7565620024326022,0.5869197931237835,0.4579707003869029,0.389986315761588,0.5705131167685654,0
0.33595180668440233,0.1001054079258035,0.4195702660942956,0.5520857943478985,0.7839091240488314,0.7880263841456778,0.34732939720303757,0.9539002451882839,0.9047353617082796,0.760532119986101,3
0.11689085714610736,-0.006302552330540334,0.14186175135460377,-0.22767535339817913,0.034799873931004185,1.2972083261004663,0.7011153575768292,0.15880762045231245,0.5265075381838286,0.481423100623457,1
0.28180358198548316,0.014801117656164736,0.6480018358452828,0.23789747833811045,0.3074742137572994,0.9524942997770028,0.07839500087205661,0.8807865288459045,0.17886274355889284,0.5516605554479985,3
0.45848485587333715,0.2690044053978566,0.3167014073112088,0.33689992687992576,0.22757016130265953,0.7700383678432502,0.6789190207569668,0.9139672318800105,0.2759623582473172,0.29312213258641867,3
1.6392091876145425,0.7063528960051391,0.5386822547024801,0.8146752332989167,0.6798685271815906,-0.474332337274459,0.38038918152360157,0.48825622256241574,1.1271499277730483,0.3395001644912541,0
1.0052824772975666,0.14724950244364107,0.8291182727095904,0.8329924690835054,0.6752093780928894,0.3165741933886537,0.4306467751969302,0.3815154378777436,0.5273225997701395,0.6207291369642371,0
0.5659957501387276,0.5182800441021674,0.6439200648257224,0.49276087026686044,0.3572018446182067,0.17221372916591246,0.4728449952012426,0.22405714421090495,-0.044369442879421475,-0.048086373913577174,0
0.29045075186126756,0.14592481629893467,0.4717000379547079,0.1804670288595978,0.7979073841889954,0.6508293106634437,0.739944077372868,0.9777618745344226,0.5734460738077765,0.4290129699923251,0
0.9320805013426865,0.36289296771301016,0.27429409964416607,0.7711494164514235,0.08576089858673105,0.8186830382272186,0.9347284549011892,0.25205516311887444,1.190213247541864,-0.17622568711511005,1
0.16012435744829465,0.32762944676326966,0.44944778807009844,0.04986973655685942,0.7048077581211886,0.5928269754588911,0.5578070510965228,0.8802984762170518,0.8694825777863269,0.6307940321305505,0
0.6044925122791842,0.3020218837986256,0.9426077875214485,0.5887550431059465,-0.15202623370450083,0.5916156276473593,0.31398708461059477,0.6623745996409113,0.6387842587435499,0.3841881870469276,0
0.5653542365818299,0.7145343911070465,0.39277589391344003,0.13541729480575396,0.9439107173590868,0.3978867105906667,0.8307276606023547,0.7775673594082974,0.747791758593628,0.7479523159806137,1
0.8665413829364619,0.8137089341998717,0.7237450708357451,0.040054234237550376,0.8495202220780225,0.14612148213760856,0.1672523205578916,0.23447200547566116,0.8276366605760804,0.8879711469498354,3
1.0745863333170542,0.1988797505661279,0.13241788771127366,0.47182000041802585,0.011343572305602442,0.9909024350190496,0.6116837325934319,0.6767234195104986,0.33084688020087666,0.7547804249982206,0
0.5280110525341998,0.5283066659006875,0.2225929891973928,0.7455198673543224,0.5500880858537844,0.5667952143785999,0.8765419555881657,-0.011506624616066607,0.9716875774180298,0.26447501224800146,0
-0.30046299550052036,0.6100969108595053,0.14259795854874024,1.1754015048124735,0.18093800340020227,1.0102723328346672,1.2338992495708938,0.3745364963459754,0.0743883433903938,0.7675428094204967,0
0.911881464737838,0.17286068394509663,0.20058128862878194,0.6000651152932865,0.5054340261957005,0.429069060944018,0.7428737479113457,0.8615366492145228,0.8771590006543412,0.1402418653976816,2
0.8279519285262487,0.8110495490758546,0.7461770078009075,0.034832154515321526,0.8473579933355816,0.1547420847043328,0.22849134023919349,0.26509457052961016,0.8533615483099755,0.9300437886226091,3
0.4129600373735659,0.2216947695188527,0.8269295281635655,0.557951213077344,0.7590836763977691,0.5974907721686118,0.13632438134320457,0.7697375111999603,-0.26902164938326306,0.265807959592239,2
0.3981168920692981,0.06506781947879785,0.8044967274679764,0.24275181760048611,1.0145324744829822,0.7075931532594623,0.7615126890144268,0.6979167083350528,0.730949898482567,0.49359913891270124,3
0.9887037386416802,0.988244267350679,0.7760185213159752,0.35788227669894235,0.7805094620229985,1.0484178222260498,0.38705770895792857,0.15056914019907158,-0.09977171105043514,0.43173136387377564,2
0.713847953537332,0.6571243227470629,0.14160355822880893,0.6630974941149527,0.015967948493871745,0.7311705895949243,0.6675029685704934,0.1994417271067631,0.9788378711699912,0.14939843933303143,1
0.7549746521665782,0.22910977138072258,0.5686855664689872,0.972950599408791,0.25521075917636793,0.8087627973215533,0.9408650011253172,0.36152833249870464,0.661297571968435,0.20871126379013077,0
-0.5568537288061646,0.5883207938279797,0.2044500461746747,-0.6772153340965011,0.167152050563352,-0.6038603264486602,0.9924741576131385,1.5883710463933531,1.1191220656489547,-0.7862756895361046,2
0.08505551006433829,0.8887580693922672,0.5154533155809773,0.2917706343931492,0.7358982984138369,0.3098027250874194,0.6712658647195114,0.2534467855419304,0.755448420148836,0.23932832297604587,1
0.846942234071639,0.080186107432913,0.36546670737707626,0.07886212775694146,0.8390440009749496,0.6138847083328353,0.9523532242890282,0.08644780538705471,0.19711044903871794,0.48093525093851447,3
0.23778280819189063,0.7031555703291454,0.6405401294032812,0.36524733095741335,1.1155414747476022,0.6243791784483563,0.44928403870410716,0.5816601879280576,0.14978958550970292,0.023516071356284335,0
0.7897800617914499,-0.015664772155172063,0.6225728003948953,0.2404192610760077,0.11634297874238239,0.7641246949965577,0.4009524298096841,0.4421995577476124,0.007557909200786403,0.6168524243874547,2
1.0360994188219146,0.819806023529938,0.6614162372074509,0.4154161108284423,0.09927583358893134,0.033008931168225314,1.0575602761465457,0.47799596403849365,0.7422622607648208,-0.06201126157896042,1
1.0246493439477964,0.4010963659396449,0.17338380536179293,0.2541017620110103,0.1168256042387513,0.889537747905273,0.49746171808171746,0.5261201918828953,0.4357651473347982,0.7149285731941578,0
0.10585397248693386,0.09120934741963914,0.3257850184702478,0.2914952362881036,0.7796320769719903,0.4714691477654281,0.5360080147120824,0.9142215959262346,0.6585285879869758,0.5386567078049221,0
0.8540479572085585,0.13361680517029356,0.38321216298906846,0.8582737009256939,0.7316112753940809,0.7527859875473024,0.599672756502803,0.6497317929854841,0.8548491497662223,0.7932595209263491,0
0.6783307766400448,0.7652723508077465,0.4507169294912366,0.1639276218681834,1.0524286888193357,0.48775430728112257,0.9086116141837691,0.8355301693663477,0.6688057513361898,0.8033232807534528,1
0.23362482691294834,0.9935908283041797,0.027388490045884662,0.5875656347737432,0.45661521321067494,0.6023971980476189,0.7742943016413668,0.6135091306465645,0.390159628379314,0.6729611412631651,1
0.5576883117120723,0.4408755459308949,0.9248151452421732,0.5283861304051113,1.0737644747670259,0.39201313235477314,0.9872826960130077,0.4216196822056023,0.8758693561945537,0.13309410976131733,3
0.030791156968792775,0.1720564038799726,0.754150801777439,0.702471450776171,0.3412660615678753,0.39304941698079676,0.5746160931558497,0.32685523267407335,0.6102576442819119,0.4675743658549576,0
0.5146960894846281,0.6667421168390738,0.668213617746423,0.7020291924879475,0.7891249385852703,0.5677708755974389,0.6444440529813207,0.9150391764918246,0.853541334940098,0.6919591180979681,1
1.046265460812773,0.49908804079071006,0.39313606873720086,0.8917021972303013,0.14400842198960329,0.0967364196490827,0.7512811856230529,0.5177363079080852,0.510776161521396,0.2849541551283071,1
1.2169779595083077,0.6621393035013281,0.5824573320691355,0.4800571093881804,-0.06633542625997962,1.0634313239981845,0.0662554383703039,-0.3954401798725894,0.338224425732949,0.3096158552286184,3
0.34816268009049844,0.07620162740018,0.43254029417440076,1.156656162785209,1.5502369239174292,0.010776076422282954,0.4574193217190779,0.7120899275117355,1.0758663001687392,0.9484692155614917,0
0.2461222951101759,0.05723904260194233,0.6806377922157962,0.2592730671057599,0.30590208464489343,0.9192637981522036,0.11633222683947575,0.9087500173805758,0.19476034837694184,0.5744897733879077,3
1.2283650156496944,0.9294409546822505,0.752731178104354,-0.05143828177879217,1.3396379885651486,0.37860765823171094,0.9402831738250073,0.11194682995370242,0.4806204363874297,1.1858076930019175,2
0.25280340703405524,0.6819542771311258,0.09750908474888655,0.7507997038866029,0.2537451605859251,0.5186028904482525,0.8738420889999761,0.8638020354535707,0.2947168686773053,0.5284089290120922,1
0.6397565759934383,0.43908306934403774,0.915597966530252,0.48308071348676074,1.0013994381364228,0.4636588059798642,0.9817137374301961,0.3511281011071591,0.8526169703069324,0.20260913634369515,3
0.14830295677655464,0.7918356302041396,0.08227347672181617,0.5159011173323458,0.32117948770115584,0.39427606083821015,0.422522148066027,0.39992629302706617,0.7655463170352524,0.8901945066748675,1
0.11297813073839873,0.1092529818457804,0.28423959751418726,0.2845134338344568,0.7740112484365039,0.5063134722240179,0.5606917521613828,0.94370885962014,0.6679479724109476,0.5765768334134104,0
0.7749876581714698,0.24899610961661445,0.14280303902428643,1.1395154325590782,-0.06290909725481783,0.6044929875636231,0.9942001236392106,1.0120690925886613,0.14773191933890417,0.9036693869271343,0
0.9780828064434797,0.11814625632858079,0.20545125161336833,0.6214951704437315,0.5640391888870115,0.49465816702621024,0.6852166451918397,0.8202168280021257,0.8472807782709693,0.21998613458646465,2
0.8904334083870141,0.4410597060448775,0.6313710786307613,1.1702845406162348,0.6150338699687813,0.632932996786735,-0.027005451384322254,-0.08770222379212977,0.6914205432415216,1.0623822836410102,0
0.19257776702906707,1.257727682019408,0.30861293278672325,0.3190116552622159,0.7687280887704604,0.9617144392380612,0.9576722327073008,0.21785107411869814,0.5788010093689928,0.08672387829961475,1
0.27410919233618214,0.5576438759773394,0.6639157090911201,0.6976322613452403,0.5545686190674641,0.7835122805692034,-0.0677426923624016,0.6394514991664227,0.47300668899746023,0.3827708657760636,2
0.8566077231338988,0.7624688043810078,0.7565399947787487,0.05298162214099064,0.8987188699431942,0.13366535740774949,0.1777509265717998,0.22062950740229342,0.8330195728543208,0.9401686500081846,3
0.34249925021903677,0.30417071462450584,0.3544534067314608,0.25454279399444096,0.12013849378165953,0.7732205509806471,0.511091732429372,0.7971440947793728,0.42023663682108403,0.27058402231515516,3
0.30599144802535755,0.9748310149119522,0.40651624584943846,0.40268001357249067,0.16418092307322235,0.619430727105378,0.36513062722651374,0.5556653205958169,0.29002493046962197,0.5695743228625153,2
0.029892177891482796,0.003057472440815552,0.45833216845898594,0.3984974302833889,0.06999386281491138,0.507759137873664,0.6895121729901991,0.4523876681987543,0.43597776979154007,0.2460122299721731,2
0.48948773630635734,0.8114365595458658,0.3581280964119405,0.13775229657143062,0.7704042120260778,0.5366956056038606,0.8466059672201628,0.5755441687022473,0.5284009095666606,0.5167195597427328,1
0.05747608788146663,1.1440102650159372,0.4896622280222437,0.3748502683202391,-0.37992595124253764,0.7439104194153983,0.3251767800306795,0.9570645154561568,0.45652355604009176,0.9341034184377648,0
0.2575875810293983,0.04927196521031639,0.6637211386083736,0.248795174715956,0.3122900915140461,0.9412445435227321,0.09460586373707466,0.9013964711225176,0.1975906331707607,0.5553795786575622,3
0.3702746016325274,0.30799569487959055,0.1564007981502307,0.2882609781059478,0.18578953511464663,0.8880342666312185,0.5904492871740854,0.9212052238253265,0.16327559211380294,0.2522532618543323,3
0.016239341262683976,0.6974141311016001,0.3353881370299292,0.39138954637608536,0.32826993164766965,0.395938415539388,0.38411438747372995,0.7583639676816973,-0.07572169727655292,0.3341722094864299,0
0.7718242163413098,0.613626395160929,0.7098462717200311,0.31914399440282354,0.9999347526088331,0.9239722751507,0.36197525622115795,0.40342856020635953,0.12323306984543952,0.545316655577051,2
0.6708548860222213,-0.1012518679486942,0.5522790421841528,-0.014989748330609468,0.9923744009136263,0.6621496232205356,0.9746625615192287,0.08221188211358398,0.28569737233477766,0.26182154909358635,3
0.5970387707907314,0.24108918204322488,0.3751184906553977,0.22701560110246033,0.3701470202264903,1.0226856943468654,0.4587866134253031,0.6122474553911523,0.5907876882633627,0.22775613270196582,2
0.31224632943727526,0.971243070160744,0.4112898748812979,0.40055513645435203,0.16541111718574875,0.6217162358686237,0.3700340316413894,0.5562071068723613,0.2872451868364034,0.5710366064718283,2
-0.924931562035866,-0.17552340405808953,-0.048209057420517926,0.3982781633504543,0.8351042771582025,0.5599056962604226,0.1512038077744211,0.0005217045505280238,-0.39112813980919103,0.3282580808721175,1
0.05730731797245598,0.4176474162659125,0.5575249109312865,0.7074494828109695,0.972425790655652,0.255112913671158,0.6398341880782158,-0.0028109521026447523,0.6737874379766613,0.880550111728948,1
0.5178544562920347,0.46367852656086267,0.0576162384638151,0.3346955081334828,0.6517765998627849,0.5746029667839829,0.660134090927628,0.17583658310401287,0.81547966338599,0.19327798291173928,0
-0.013121792697295034,0.9214712738383473,0.4743999374088467,0.8050643706725792,0.8465959571066362,0.5083605823925983,0.8451549157493846,0.6722653425158631,0.28249420660044966,0.27867247255498484,2
0.25509590855120623,0.41715236433232905,0.26462897993618384,0.2149796224716612,1.0423270127602648,0.0013824424493856097,0.13357277504135892,0.30710710410721276,0.3006919219357212,0.10067762530799429,0
0.03905923529082576,0.3829274335574271,0.5422011058414185,0.680340191813314,0.959420930753136,0.2810609317171621,0.6563499076647569,0.009352370422092127,0.6432316259153484,0.9055771200178698,1
0.24909769109009408,0.15727879074661147,0.09378437142030677,0.9704961663648608,0.3481961462215774,0.33877181854361,0.3966571962173003,0.5326693254928613,0.4335140021481565,0.21414699880272448,0
0.32988964031171564,0.5551292825602363,0.4285330550565691,0.32655214213475003,0.2205534328389022,0.5498771843359407,0.3839523620880416,0.6125846036329413,0.08731864332019293,0.3296935974712949,0
0.10213407072014863,0.08724262998672505,0.2863484366450264,0.29553313482641264,0.7999556714900833,0.523193503917528,0.5620337314523647,0.9621509577297654,0.6847769027787773,0.5716514617409753,0
0.9745116495370212,0.5899970975668125,0.6317301374661797,0.5790916639839281,0.8606989035409413,0.3677273738485467,0.3625550991736154,0.5774517017209658,0.3959765421989161,0.5105904693179981,0
0.0747384393243461,0.8423499146199324,0.8779310190882089,0.2581178076161582,0.5634552535024339,0.280035798927886,0.4953704390188174,-0.03434221711953889,0.7559909757507368,0.12288744466745002,1
0.08694048361316704,0.3196626907977992,0.5825424808833427,0.7300997313999004,0.9707057355734577,0.2259996495661818,0.8239009323955025,0.06923460713382301,0.6857568173696407,0.9201214744255315,1
0.29442401248764843,0.6763005005306152,0.1391169723496241,0.32693063853258053,0.8564777155977108,0.07187552327290339,0.12851059748907906,0.33488515346553765,0.2594495405161807,0.18242305838843792,0
0.58801979224874,0.7636786926749877,0.36305399026653207,0.09074035831658005,0.9000479720701192,0.44177443213232664,0.894910798840211,0.7527751664240213,0.708313532290321,0.701526560370778,1
1.0080050790451756,0.18765767811965955,0.8264514389129811,0.8126452674420824,0.6918919724757928,0.31462866465580297,0.4675345520057592,0.39874075835633405,0.5063210924741413,0.5798375960775745,0
0.8583802959163238,0.13304938026971083,0.4109181696044785,0.8633627100399269,0.7301439920817528,0.7485886046497444,0.5906121224900134,0.6324315140454311,0.8249536345752996,0.797699332418073,0
0.11785410240804876,0.5248436975708093,0.45026033394593784,0.413314959359102,0.3219055238945149,0.32606925798915565,0.28984605150004855,0.6833159820518507,0.1079699417642633,0.5412091203813345,0
0.44106787487254495,0.07359282377251583,0.08211967845730812,0.15704039346437873,0.40382505561283305,0.034689802664148874,0.4561361675028399,0.3681382198968616,0.5916941511774318,0.2598750480199628,2
1.2931440695380267,0.9716736555520673,-0.6770168549116012,1.178127256958038,0.3007623908872571,-0.26225296513719587,0.07036690839373232,0.9550380198160603,0.8853119481071923,0.4706557334315259,0
1.0169380852080243,0.5171224505807595,0.4430064459428399,0.3649219773085457,0.636302691646847,0.8247464719912674,0.6292669512584264,0.9202659696489732,0.26917229697321016,0.7197890074165902,2
0.3116169332029902,0.9687018486172618,0.41014244134619005,0.40467905364393963,0.16640909605967938,0.6216898915190889,0.37156609033559124,0.5558491799209998,0.28841225347495725,0.5698895550938234,2
-0.16326658866787735,1.180147008697673,0.7873938412253723,0.8313475073630111,0.7493385050390371,0.6135899365678994,0.31899118617845434,0.25676738380561265,0.4477764784410899,0.028793678447176063,2
0.5698620239671439,0.18200748195703362,-0.022033584789004995,0.14834548710229614,0.4726105520624805,0.07124001076637909,0.3442786925255614,0.3662348881499278,0.4441439501078774,0.3995101047262635,2
-0.08096724222501436,0.10343161061051402,1.2837673379847565,0.9488846589140674,0.56933080097073,0.6964100020893469,0.7512019568196348,0.7481191519725563,0.6949008856332025,-0.13296221283452114,0
0.6330456467471074,0.15755922424368854,0.6615047533385107,0.4283267199197061,-0.03353739997315183,0.5773136245315555,0.2908972697742725,0.4402944631197536,-0.06716158832605224,0.8123735361167143,2
0.41051578275653205,0.3082548502609435,0.2791248400583698,0.3667506003083898,0.2859619388908684,0.7915025099792393,0.7338564213200554,0.8977530248319219,0.2391253303664335,0.3231634803331731,3
0.6454723843152259,0.32361198525458607,-0.29974464887965885,0.20134117868922022,0.4659934203597091,0.7682358312375795,0.45539786326630677,-0.20080645231886507,0.6077706461643833,-0.3252895507997007,0
1.0109174222341784,0.19317033137585485,0.8346480551912735,0.8048322169896382,0.6858930030538477,0.34710778913896595,0.45904792182185405,0.4134471581228286,0.5039475660729367,0.568535984532461,0
1.2444801818034406,0.30316856398839787,-0.059153575275306486,-0.03267805390306122,0.034130536697210334,1.0613946144431035,0.37682235096604433,0.7165471028531811,1.1893880121928764,0.34985849807501324,1
0.8226401000829715,0.5252850430397404,0.6310184662592064,0.7295938122106764,0.5999454504684868,0.6939622995756953,0.9762138684900177,0.4100679472607579,0.1376797609550956,0.9166386925488601,0
0.09051758610732197,0.40285748457030807,0.6229261837834499,0.7005155918798222,0.9624964095901457,0.19161220995852465,0.5804400928788644,-0.0648618414450136,0.6688208672893705,0.9921918440030022,1
0.1855750250862652,0.2174667019678281,0.25289793040932784,0.10292720175754064,0.14804886526300615,0.4318748232720626,0.7440817720203922,0.8291116136061376,0.7281832504421754,0.39524817692695513,0
0.1687693179956515,0.8000186380192582,0.2897524870999243,0.5370043580764624,0.731596895687768,0.6715092257576789,0.9232064768295405,0.4848351027013164,0.5923828158435569,0.16532952291795616,2
0.5735392703384063,0.5696954474992526,0.2449942446845757,0.5378337393156672,0.10070330164189395,0.9111333693841105,0.5310471644811252,0.4036925509846946,0.836086911205573,0.05310642945665613,1
0.1315109532745678,1.1589367393105101,0.8786503237798757,0.9290836421279905,0.9017314289606791,0.12586083649869662,0.8649719318062203,0.6627682792489831,0.035883805079360176,0.23281160158517616,2
0.2482287061719429,0.154761707912244,0.09134758654188584,0.9690782475627696,0.345894275922989,0.33600459233667596,0.39367726145983145,0.5346073847160804,0.4364422068466335,0.2161409347346606,0
0.3766226915182529,0.39891981768339757,0.1653103713852911,0.4586351401771771,0.6784800721428416,0.579801872848687,0.6318004744939029,0.30684285926983346,0.7816471405028479,0.2483333433427058,0
0.6342379197971107,0.4577590129459165,0.918610490165056,0.4828112676557842,0.9929502162953524,0.4671995630300891,0.9719455880218338,0.33283201382104427,0.8606408140854402,0.1851717013811152,3
0.22823639041749377,0.04526636070563944,0.6400095786028245,0.23153325077995857,0.2970806256926757,0.9399465053513177,0.09124807036909895,0.9378334919374172,0.23143414366347043,0.560140968770035,3
0.07450988480038884,0.9067169911928729,0.9468274579481895,0.20020707299611215,0.70445545788806,0.16578762485589454,0.44905599531635365,0.032853051281278314,0.9413786891221566,0.10086636413718152,1
1.014242980076311,0.35553966927503516,0.0913810559545089,0.4073367279171724,0.009055457126309119,0.8483581366920876,0.5145792088265826,0.5056987352369849,0.2559591966222438,0.7623158704993108,0
0.8324165849905193,0.7550162618081485,0.7435521897701627,0.06154303949176856,0.8825078085897841,0.14755963828290838,0.18689842907580761,0.22367313397363187,0.8220255302119316,0.9392278892105861,3
0.4337893178462863,-0.20375109942384295,0.8498137910513832,0.38313049196221705,0.33847934104683547,0.879398762585935,0.37872107885279754,0.6715464858162999,-0.26253784653025347,0.6064788723866753,2
0.11289728967848178,0.9002483145450263,0.4821423687751761,0.31236107165870003,0.6851397990910184,0.23024200950443222,0.6984491779510854,0.20096414296052953,0.818611142413528,0.28959575007763194,1
0.6033418572007971,0.48327293681565675,0.975460202448749,0.4298883229858921,0.9359019941427806,0.4853167310863473,0.9614141430447752,0.3802333973468231,0.9182385344448268,0.2021148861276952,3
0.45263599609971183,0.6776225594691357,0.6700089155171061,0.6790823831278003,0.8476009699353528,0.5270265101385262,0.6147351085450419,0.9247601758766375,0.881387200918379,0.698389963432134,1
0.6442273237071743,0.7251659030085361,0.416152721708784,0.8871103266235604,0.3803192720775129,1.183625475719331,0.8690542438839051,0.5913133406912132,0.6086944783212769,0.34363637684170667,1
0.717814547241849,0.7693347179728957,0.18707496204659893,0.7940071739672597,0.4071083318247646,0.4853996144419088,0.8328356516421911,0.07477161118924817,0.23282029267630192,0.42056199894229296,2
0.415492813115083,0.1600894633439083,0.873972761336051,0.04151203599491849,0.9541877676594521,0.7728272384014948,0.9624109863740445,0.934595735581227,0.8984518013769842,0.39409091773548144,3
0.33321027304535633,-0.049678689549443725,0.016661291619427615,0.1496435238233294,0.3558253794960474,-0.059594059885946155,0.6054614980936067,0.45557375121295335,0.6638654657581923,0.3802024044881961,2
0.15297958157751648,0.34644335573219737,0.3042616108059733,0.6705011592807559,0.03694183605130133,0.9390198418633288,0.512739412661911,0.6293643187755474,0.6108143646927053,0.6476118752202796,2
0.9539883372982961,0.33882377290755467,0.0787882013917802,0.3409829792084485,0.13639033885399926,0.8666482725077896,0.4298669390464935,0.4947005150962334,0.3761794315404897,0.782947411982192,0
0.3798796435371382,0.7815060145825148,0.5091376547034772,0.25930752814289326,1.1030994860401095,0.6279259156518886,0.3101553120366819,0.41652923186200735,0.28278136967770284,0.08449829794301686,0
0.12455931711434144,0.08955036784722005,0.22565830276452936,0.31003048164579067,0.7542501444126817,0.4439291327755778,0.5722959700240151,0.8783110210366174,0.6297941419983588,0.5071677721791634,0
0.9911009544192977,0.9737494504095356,0.6574662931835693,0.008739168013596728,0.09378828461425644,0.2101902527445345,0.009523030189173921,0.7573685088645566,0.9852747943942237,0.7168533877761564,3
0.44224255735198037,0.26104063575920355,0.04068130764466849,0.3803282433630232,0.622876150503568,0.6480488735955008,0.5861407839631345,0.28531171295979463,0.6992089433774447,0.17313943949469726,0
0.9469626721473885,0.3269909915385711,0.11187426389831867,0.25300940833125024,0.15871607646158647,0.8294687256583121,0.35550135355553913,0.4743774891929545,0.3140800522246369,0.7582290013470899,0
0.09465510470408339,0.7577015625838587,0.6108279290165689,0.9696603682350172,0.4724650602358778,0.6362564481633409,0.2602113218463872,0.11345979453375868,0.18516506867797614,0.15847958078053104,2
0.3089277573229645,0.9694847245979235,0.4093962733796172,0.4013549867607933,0.16699500155679506,0.6250618676718629,0.371279726086364,0.5548320985925124,0.2848685100259924,0.5702677544323452,2
1.0312656027218405,0.5197267896248404,0.7565904214762114,0.5402731076621662,0.8709964321248707,0.3647617078325062,0.3470201067453003,0.667479065561376,0.4269808431300192,0.5374279017664084,0
0.5351556098758843,0.809216719480182,0.633483963730072,-0.23714331902478158,1.2485992586323498,1.1709034525231887,0.20170070205963408,0.4855479656473697,0.3091979221250314,0.8366489955361156,0
0.5861053709183142,0.771602884642986,0.3471697328775237,0.08491483376801602,0.9037566384815595,0.44861293978409456,0.9122875099148554,0.734878026158439,0.6899335027909475,0.7059495807860818,1
0.7075853362294705,0.3564274769150248,0.5123620080981541,0.6978879613027122,0.5948284701553874,0.6457940587440314,0.7843686997116881,0.3163896693291653,0.16409173251356587,0.8266955692453389,0
0.7534053390225279,0.7464208713163603,0.28009748609545876,0.19827373813697877,0.8910634275041436,0.695587545749104,0.9197400318405088,0.6360378252317077,0.3769361566429165,0.8204866842546829,2
0.9135751789969214,-0.17520676731583892,0.40507567485790086,0.9355219569521328,0.4428339202779983,0.5042719834659588,0.36689301949640696,0.3088447534120105,-0.28305890579984394,0.8521119934066289,0
-0.1015817750552799,1.0338358359054145,0.6802737466805147,0.5023256515154426,1.0230584260341111,0.8796726088774571,1.296821348449617,0.5564375185884237,0.5545907126131739,0.1086933338640539,2
0.5453843879543693,0.7958566240435634,0.03508362444266673,0.7292098670780731,0.09198513837792857,0.7830880708454452,0.7770409868966874,0.1818507249602331,0.7889004035250043,0.30590566890968574,1
0.42565332313839954,0.6275672934060532,0.3183134246767627,0.8186592333629648,-0.013810653585753799,0.18098926524319486,0.8944907761718286,0.3214124308290551,0.7455519112904643,0.2836111536429552,3
0.3119806490931066,0.3644415564896732,0.09020180208296345,0.504429177381757,0.5936641663111867,0.6269713129672393,0.5285889682556307,0.2540575649340975,0.7109774222319754,0.21111634090052178,0
0.8815480079340147,0.2863519909333597,0.11435057143695182,0.45630984720246814,0.013450993615813908,0.8201250668816398,0.2838943605578336,0.6301430624880671,0.4057464339402389,0.7910118508637669,0
1.1425334294748248,0.37178635855831876,0.20717684893375737,0.17268481956641318,0.2901953629633196,0.9735178890352184,0.21291512984444647,0.7361905935925278,0.49597098385663807,0.5338988692878409,0
0.917380617879347,0.13596464854258863,0.1830950887313372,0.5803268298236864,0.5078636246542345,0.47373094656006204,0.73075744220029,0.8411448939473545,0.8590016223119354,0.18314513127254226,2
0.29733683075158274,0.5219959983742618,0.2981686400804522,1.0857560072351196,0.0992132989736569,0.545223076110593,0.47859222452177075,1.296103635055025,0.8988893215795394,0.8066650298693858,0
0.7793779609673672,0.8193674268381032,0.658424729749619,0.10799000041061874,0.7966121999978802,0.23550973339751408,0.08958619240135698,0.1551188828359994,0.7365108614975018,0.9509756037398596,3
-0.24247186980683594,0.33641317354359035,1.1461849904636268,0.9666783003021413,0.6059049088600794,0.20068874667111158,0.3287348686829558,0.48855892750496793,0.8784986141472206,-0.020881867560256617,0
0.8174127488879142,0.055124577794492716,0.5727216279647831,0.25689571241020437,0.03221979729297348,0.6484031352555648,0.4172492963256541,0.4381887324728526,0.15901464678779254,0.6167666898373496,2
0.17965395596405007,0.5963491222941595,0.35443154819104045,0.4473848864318498,0.40964490472373233,0.41563620141133695,0.19838954010705154,0.7168793497287637,0.015556689119069574,0.46533617301346775,0
0.3875246225256596,-0.06302431965283209,0.249510388129708,0.28750602401559416,0.5785667603328772,0.08711817188705755,0.4233546186320577,0.20657625097829452,0.47589503792486404,0.39295193710329335,2
0.505506417679271,0.5752016930940902,0.6245283783292447,1.0308217984214925,-0.2072510775168802,0.9267314444115147,0.9208734510239652,0.547462913957413,0.3922096869265727,0.4574969073212128,0
0.8508754945431795,0.9659244884619468,0.1524163209875857,0.8190216606874217,0.5755517919909132,0.2962812978908898,0.8605782046863324,0.08139269517976844,0.2582820624227531,0.302970672770323,2
0.9520319186070895,0.17452547328646634,0.15616680797340154,0.618801971340302,0.4710437949463148,0.487638783335838,0.7143021562244518,0.8280226534485551,0.9128527473807845,0.21701418992596794,2
0.6441929344612651,0.8589744350835666,0.6387717256581652,0.3681259709804048,0.1726995340765996,0.823340346126701,0.32285806173626147,0.797975160874445,0.06678730362300878,0.8212822021485836,0
0.33088818590863917,0.549797014800672,0.12509662165926944,0.357908305992993,0.9517757876490649,0.15280597987158237,0.057983494531531996,0.3381034577966888,0.37061458851409806,0.18924698446855615,0
-0.4841612344529772,0.605151021315838,0.3427894089152727,0.326184974497559,0.14871604841287417,-0.12613245072907522,0.5940257963399928,-0.10886884425323429,0.5066105051652272,-0.24827079244188166,2
0.35694742193947615,0.7440422693680212,0.5174334329698834,0.9604954948535935,0.0451612398264711,1.0895017259046258,0.6337390109801201,0.7743681589596393,0.618848658666056,0.7599282835917003,0
0.5038333431856342,0.8763249354392849,0.3575597835549423,0.9345702050442336,0.9065644704666131,0.6497440158500966,0.9886847349516364,0.9386528935233327,0.49914006704445535,0.6432231920251679,2
0.9457315349444931,0.5301100036489068,0.6555156696084011,0.720629454524156,0.8114041151040469,0.23347839725356678,0.8953670746505701,0.6561804874166459,0.8684401219014088,0.9028462763788796,0
0.936252100335406,0.10940387470655966,0.8303649240571461,1.2435582904579785,0.8042097033613944,1.7128694769892883,0.49097273459202195,0.820989691360611,1.1501038556474013,0.5608007348121965,0
0.8201503520351529,0.6811032515726877,0.3097828160638152,0.2545649464685599,0.8193996960915106,0.6256444596108348,0.834507775265839,0.7012236030328942,0.31787224102159933,0.8504635104950795,2
0.5366033183243554,0.704775239546034,0.4017742369912254,0.02015040390428824,0.9334217093950012,0.46163379285614303,0.8702289900056294,0.7160964310202056,0.6992561560681199,0.6631247458881638,1
0.679306230588085,0.48225259366847006,1.1587293816606246,0.357828030536888,0.9180865100638331,0.2692799187747511,1.0750357051780621,0.47655370647497464,0.8618231881971901,-0.04989988959640096,3
0.9334597842031909,0.31659818104322585,0.07117617328264308,0.37048086768254196,0.06401285773345114,0.8929713368968328,0.41808250458379437,0.45625473045969844,0.3436253751181453,0.7870625246353771,0
0.605805554466355,0.5548415517021479,0.3040847302015153,0.28600767345836464,0.8264172976518527,0.34241331752497095,0.3651791408869385,0.07284668074867828,0.23746794829679918,0.19799897234402947,2
0.8099616449871492,0.37258633585442497,0.6197109092005785,0.6328875867555767,0.5280124762131385,0.718340277462795,0.8903426903372899,0.3590687875896655,0.2055377487596287,0.984003880158943,0
0.04625748114775423,0.8516595381122232,1.0318647799059548,0.3337741779033749,0.7115279363912064,0.1146217147208394,0.5225409329748519,0.0973411811059604,0.8846203500076731,0.07795101036822667,1
0.24389542018148802,0.687372243541304,0.23212644310789615,0.36263449033196526,0.8914945942778589,-0.09547597848796263,0.057652140373980046,0.31763376282807554,0.46099228129088116,0.24984588489384144,0
0.7974259192669112,0.6601631319170934,0.7662228108161943,0.37145794987217506,0.9419264333132794,0.8620389217813492,0.4332265608624248,0.23373591448967435,0.29014962546020495,0.28755800495711636,2
0.3844452820494494,0.40409044408404354,0.7912258321904563,0.7885555217499897,0.7013665024289686,0.9498339024346695,0.4154773585388553,0.3347668400974319,0.27986840095370547,0.29729638479698206,2
0.34571328912665805,0.4402942816249359,0.4882832107693445,0.34576217758340533,0.12403151270664498,0.5247025464796128,-0.005971516356725076,0.8974129189584921,0.2127272277339977,0.35411368356449113,0
0.3101225987068285,0.9693701944347364,0.4091983744412616,0.4028640236951098,0.1659188709827403,0.6227033790384926,0.3692017561011489,0.5551676974912353,0.28527721579235005,0.5671632968386763,2
0.38278432766020154,0.16454152329826227,0.2843218582845196,-0.1731732909062383,-0.0005437549848918422,0.0916860810162374,0.3151238245800666,0.000969378482527799,0.5088203712947303,0.3292868213319705,0
0.9909322135175594,0.9355818459618016,0.38742347666416876,0.6660618391654881,0.7758905191360358,0.7294723279510552,0.4033779357216936,0.16945032069329666,0.3857369935156278,0.4872973565308001,3
0.8456531386804983,0.07481473891122903,0.3915724156382785,0.0937068994124703,0.8234307139716164,0.633952052075596,0.9657018846170453,0.07641804445152357,0.19661811168516966,0.44770150796198904,3
0.9932248913501573,0.15119653207057068,0.9597843072136457,0.29302838248902524,0.4034389814868285,0.37824506998238017,0.4555968325203501,0.6191944324698186,0.37926271440216475,0.31016404041247025,1
0.4414589590582464,0.25563830375691526,0.7254046859556709,-0.02168024259114934,0.8803997424071065,0.7479771382861383,0.8633812825484103,0.9641232544692544,0.7623758070915333,0.3644626528479981,3
0.3094663981011456,0.040871549334118636,0.6415871070202568,0.27132601536028755,0.2821205343391983,0.8963967956873612,0.08663588479032244,0.9095865892100956,0.18336747567117487,0.5658941708709617,3
-0.022175773284230926,0.11393956493462634,0.10826848897039737,0.24449600965111196,0.16802278696968137,-0.16263265117093942,0.520928116705143,0.19191023362678103,0.626495230544516,0.028891333329702118,2
0.08987956878967182,0.6284208865558043,0.4205195188423758,0.08047668372707995,1.0794171421060563,0.3883271565758764,0.31415944948743657,0.7340872044007376,0.2475465089285094,-0.2527290828508668,0
0.14566838766103113,0.8762454344871472,0.6237572898530116,0.9481904675222413,-0.014199858250687009,1.0776326351939476,0.6156070747373561,0.9836290480382972,0.6786938384891011,0.8269593592904564,0
0.2990843806356676,0.0975818109953272,0.6484615493809425,0.26456430785815305,0.2802984482631211,0.9522031627070063,0.08933759960093046,0.8613715642287318,0.15906885344458924,0.6017583790760263,3
0.3106034255020059,0.9697412884008804,0.40932728600334567,0.40432304537498703,0.1630184325371053,0.6227903586184654,0.3714112455972438,0.5569672119742691,0.2877115403693375,0.5685906007011409,2
0.26669044366586503,0.07421738317439985,0.6419647902259746,0.24622219720108823,0.30482198588488546,0.9345101503768282,0.09445313634069945,0.9099991289617735,0.20588273580416702,0.5370013745533886,3
0.8173621427389884,0.6008318472811822,0.7765262326783321,0.36137013724822253,0.6192640487737622,0.9256268186739491,0.3070666114904888,0.1755559478740489,0.2000080496065358,0.8541736554668279,2
0.45043031539822775,0.29280891556824884,0.03760777567934784,0.5940917560859899,0.5833443254346904,0.687353172160171,0.44133143580379103,0.2862323104564843,0.851775293991716,0.18511766295887394,0
0.5851862708068274,0.562588100183165,0.7845500308619793,0.9907903466360088,0.0201181267065539,0.15410197987400417,0.012954374414980842,0.9359810203039867,0.1227148969771648,0.46672823952684367,1
0.10219890027563888,0.0043552758748185505,0.4421838114359763,0.39156420614517334,0.19079852245986179,0.6132722444549576,0.6316501474451531,0.37544635875698673,0.46048846209531,0.26387828978350525,2
0.08435554140486164,0.25506117410649587,0.2934291771523077,0.3617822887065544,0.6671917927001668,0.29126522477180894,0.6162603962280069,0.9535642164877347,0.66068453733534,0.597478686832928,0
0.912863874622922,0.9483461726954404,0.7469308965557605,0.36162986451209445,0.060221219298854184,0.8517426971581799,0.4517862554880282,0.5926912613193466,0.11161112603099077,0.48322672179489856,0
0.8772583050055149,-0.11185462209223485,0.20989614156436798,0.3221358060225648,1.1759837032753462,0.6818894404569349,-0.29236389214110325,1.0325864916256862,0.08246321509726973,0.8344395701867857,0
0.8411659052434919,0.09786861050110163,0.3801332013986323,0.8353035074060716,0.7137410476085425,0.6889676758621563,0.5432382993858582,0.6144413137671508,0.8338200476027383,0.7658580081939481,0
0.690991405577599,0.5112968815435855,0.8680650491979816,0.4874487353807469,0.8379571145237241,0.4678151197065294,1.0326046891995593,0.4073244421800395,0.7127098854089624,0.05635030849891498,3
0.6425244954521901,0.42661495853642606,0.7837915954943155,0.5100530984592909,0.9306944802339616,0.36370893918211283,0.896256839855229,0.36895484867300954,0.7444163190630179,0.3300267564776467,3
0.6639760471257402,0.49969713692253087,0.5962718459315348,0.677997368871907,0.05497978802762038,0.5155381885814846,0.7518783013272873,0.5344877366447411,0.5461912017149753,0.08550479039847594,0
0.2529597134388667,0.15275947155776506,0.09493331800899397,0.9657643662472261,0.3425620418327103,0.3264669990055491,0.4052668060819903,0.5280291014174325,0.44789558457408446,0.22501927990161166,0
0.430674823977502,0.8098523432136424,0.03966117367909604,0.31196063404474,0.6661737806963259,0.1592781916125788,0.8749783244309415,0.3309470755212101,0.6724876040599831,0.6319043043240988,3
1.1746676758925279,0.016819197265259045,0.7592621587205893,0.9145600558510949,1.0804702774567667,0.7819300587535616,0.6073886042966692,-0.11426869082958535,0.5810175711167763,0.34501457114853507,0
1.0651467184004833,0.8070042115061347,0.30882594500047444,1.1177960527371555,0.7207251165340958,0.08442017033027002,0.7633557615926758,0.45196286112032025,1.0521913082201557,0.9308004129387866,0
0.19441556485224576,0.883571612465862,-0.10386083801341758,0.8242295065532033,0.2934264788055716,0.6411802943838554,0.5819730998703001,0.8827152013956567,0.3464246663825969,0.3949798475608622,1
-0.1865280874233658,-0.09613499477065313,0.5518007193528783,1.699655073295701,0.49356303296745474,0.5225472761338935,0.724930299354985,0.8658578622752793,0.022257654293986184,1.5006824380179888,2
0.27197910600842595,0.04743873303115931,0.6686476506602773,0.22677803838262744,0.28920516460851065,0.9046965204891606,0.10757501101292351,0.8705282605485242,0.17194104186856188,0.5595950403418146,3
0.9899642320516939,0.34749402325204864,0.45870770341712847,0.8725569664470804,0.07667141312422385,0.2370014426282814,0.863421234954115,0.5082403313838667,0.5788488090599428,0.3509709076374746,1
0.5338478232274684,0.2759404798705037,0.3867875047292432,0.034970999458791674,0.14566408642183737,0.16053417285841298,0.5429866651526977,-0.010798431837680169,0.6461811102554801,0.3800248370047596,0
0.0657750617637398,0.15659291469102976,0.7018060425072207,0.6652562001951078,0.22985361628985596,0.5004935261843989,0.5192302017627302,0.32112856669951645,0.5674474946828262,0.39558543263796125,0
0.9699697299962733,-0.07811794844001221,0.23131967196798361,0.018881730380419848,0.29589318103359097,-0.1291502613236153,-0.09771818877565092,0.1485703982784483,-0.2240356376024133,0.4231920146664744,3
0.25137589742399186,0.5977545601439844,0.508959499537315,0.749812830099393,0.13078101396151937,0.8632426765747893,0.4331689419515772,0.9472348441468406,0.5952017326454458,1.128708134185355,0
0.9445570247367677,0.49669398616193394,0.6758792040919597,0.8348132560964014,0.8150655235021653,0.21689637283198074,0.8475199472492155,0.6904504564579499,0.9611107445990172,0.9298130224684334,0
0.37370200015607835,0.7154414526664361,0.05230392370629712,0.39240076483727226,0.6773284458479019,0.18607678104310568,0.8244291354672628,0.3179514082211316,0.6389610697245329,0.6008016889216932,3
0.9338359666479182,0.5953686911804676,0.7728223307313554,0.31859113590659593,1.2901238649191002,0.5333356315317057,0.8635007171194758,0.34943504671606024,0.6776280839816864,-0.010378930494503114,3
1.3267321057255805,0.3921208245955321,0.6545228494661679,0.6764488727425462,0.8356635894324963,0.19410950929496118,0.4814154336449014,0.8736391003160637,0.5526863866177336,0.7635935629352542,0
0.9517572448690281,-0.0913128784818972,0.5725475186800456,1.0179737512873466,0.8469581333548764,0.9545846756831531,0.09798814749125598,1.0557036731153462,0.6181311031415251,0.4993629724982148,2
1.023088016334831,1.415795072202572,1.1082520173973576,1.3091868594879608,1.063493174183733,0.004513706729752265,-0.0016371398570954598,0.2947620879803755,-0.08064555003290286,0.41576419656807684,0
0.46855419672791787,0.30097533103970175,0.2902413953448487,0.28560981147918696,0.2694093156740226,0.7970980693246082,0.6852013292448259,0.9181223426948287,0.2645786562623563,0.3224339607719309,3
0.6026999098394654,0.7385794162323595,0.3736324897894253,0.11606539712358259,0.8888383554964959,0.41428225319518414,0.9064924151813369,0.765935040890136,0.7062272331227958,0.7172653151801944,1
0.35723334588414035,0.7613162947947342,0.014122244273986527,0.25843980134014727,0.6323241837850238,0.17366949256236303,0.895679325960816,0.3068332563790529,0.7119585875163537,0.6854611936171215,3
0.7928394786999035,0.11855296292933545,0.7883943346672692,0.9853729246618991,-0.045591819125701316,1.1202261066965509,0.753556978824145,0.26050824543328427,0.03217775068788553,0.43690842109211203,2
0.24972708294479384,0.5614967847025364,1.4009357230349524,0.3554110601891441,-0.47236723823519045,0.5820952281868415,0.8276244219640336,-0.5368703605885362,0.4531005712766065,0.9732114732372446,1
-0.12646845886193941,0.8286200016795034,0.08200473442190315,0.9733580052561831,0.6620808148423645,0.16602724377030603,0.10840244483446625,0.9384066140796046,0.29243885376275625,0.7608322493409428,1
-0.136106415775762,0.31901242659820384,0.4679257676334107,1.2775317034706557,0.6242750794177907,0.2934559818587863,0.7186957108758526,0.3603507743315818,0.25605290815180703,-0.1434311581658007,3
1.2645240933086002,0.26135337644866935,1.4018601981642216,0.7564458520002493,-0.13719002265125166,0.5478089452208263,0.5403671753128556,1.000552496038747,0.03198467564898427,-0.12616008222546093,1
0.24427834471851734,0.04935038738998802,0.6237071407271337,0.2281027133075642,0.22970428308862845,0.869978797472832,0.07399825902908826,0.9166459106628867,0.23294156116062403,0.6169728611522052,3
0.6409711555276281,0.14946383750972986,0.6922591870275637,0.09421622272231074,0.7433081006399836,0.37459942078023,0.5610076415397114,0.18992529926160495,0.5793533959279402,0.23683063954371741,2
0.41448809431291356,0.2655009734719726,0.15597220599149111,0.6548434308445551,0.5002510855065454,0.27262621237408985,0.8082771040555194,0.38707867398473617,0.060368825330775866,0.6320102233622835,0
1.1985993283966754,1.1232925815930166,0.696126809333454,0.345461966902464,0.008235571667512591,0.6926356070110684,0.10050627748889923,0.6570975780620004,-0.23310912608582973,0.08984066987341749,0
1.232683745816935,0.28943702554803075,0.7921915517205804,0.15697125731672895,0.18965148512934688,0.882028239530382,0.12838067364418215,0.2881415119746279,0.5676129786458648,0.7121153367703341,1
0.42746510593949383,0.2766290405252884,0.46958297661262843,0.7305131333336615,0.5772002046911711,0.5852052782170114,0.13994328851448165,0.7888708823898588,0.7784835997573737,0.7218369387829888,3
0.8365663320796428,0.4303281932280997,0.2813557215293531,0.9037111310756343,0.4901714303682507,0.44371486223516965,0.4864541205634529,1.1146896766741874,1.0856481483209484,0.39058537640435387,3
0.4685694434317685,1.3124212160091286,0.4023191064818973,0.645640191635006,0.14150429379943386,1.0418323299920582,1.0282174544595342,0.7648405828921119,0.21114140363726397,0.7774440474243228,1
0.33769838566374866,-0.13539652085377735,1.1626114152819078,-0.08506667825211213,1.3576456726904023,1.1498363316373528,0.8440001874911378,1.4213793002424824,1.3487882441016916,0.7079691582668075,3
0.05952812564925278,-0.02926933371030449,0.5216236324755894,0.6178465267203681,0.21172155810566096,0.4451557565686018,0.7042260381625232,0.4104026913252913,0.4859129015361811,0.2735200475722933,0
0.23991562361773022,0.8008827991456683,0.5641031014300676,0.8522970514356131,0.10409326370123982,0.968709498123937,0.7010643657194423,0.8841089796614234,0.701490397490942,0.8499152412405393,0
0.2513592076623709,0.15520716495199102,0.08904285757651245,0.9675428261607771,0.3458593882013077,0.33483175781167557,0.3950696111348091,0.5352296850508881,0.43799214433459843,0.21841375083887923,0
0.9775533459011723,0.6256676300863211,0.2325851848263107,0.9439555465833684,0.5390013826237126,0.0667700088383675,1.1992145611074159,0.8179364215668435,1.1141226294353999,1.1837793030601873,0
0.6561850493830714,-0.030277215626160425,-0.1672586615491903,-0.05196216604491624,0.707322454094182,0.45816446358880614,0.7401842537206862,0.47069518095424234,1.0068989733485467,-0.14251969017480481,2
0.7411022885898358,0.7458401318459925,0.2086203215827798,0.32713462648230884,0.7311875965476213,0.6319041107779589,0.7312266427545934,0.6450826345216525,0.4576949510419728,0.8830521131845169,2
-0.455098267500208,-0.12043740167096295,1.1922397724209497,-0.0941349980415832,-0.3284912839928135,-0.47421632228692956,1.5768279064431145,-0.2370152378212539,0.5080936491338686,-0.004790428371528321,2
0.7108072279758041,0.25770648009594593,0.9218773630577495,0.37700271587414386,0.6921695277954282,0.3685076145826674,0.3320501221703349,0.025198629317489663,0.5431393916703113,0.7896898604548305,3
0.8884294181790573,0.3605795370012946,0.25541002521853406,0.24836788432562296,0.05339489485882494,0.7212146985259654,0.4028279999175254,0.4868932048423859,0.4419629653182475,0.5321180977410183,0
0.33722284414932974,0.8915247744122674,0.42666253254227227,0.8405458754509803,0.13507181103567015,0.7573919883305479,0.2632430164020452,0.10866585305539027,0.5221943308719263,0.2949218528551495,3
0.8711697996579243,0.30929246380688036,0.7240115503046787,0.04797861974067877,0.8888030129583882,0.032826693102154914,0.8741620594788347,0.6556752869932534,0.2150211185984983,0.7396445869435191,2
-0.23373392932260195,1.4052479615637328,0.7412250024792041,0.820366922161616,1.0639394181516173,-0.1697616948378153,-0.30628249753697917,0.763884732654346,0.6842083459296814,0.8926252269881838,1
2.085811799018015,0.6545246982676557,0.4623646121141661,0.39681606674762343,0.3673338122389448,-0.06626367768969943,0.9734607164230582,-0.018385237309516023,1.5211698611197142,0.8477620789680537,2
0.306631825612378,0.27106809422113937,0.13971907513881374,0.6415184056351699,0.6621196868345468,0.34590182013335735,0.7691860236523125,0.3953919300954559,0.1817432586233382,0.7026057716704739,0
-0.0037576716350360695,0.2726510295084716,0.36863998640972157,0.900086260684044,0.3585843926526832,0.6531987624927424,0.37652722410264394,0.8106394705764401,0.6549370386381178,0.6962689618486422,0
0.709982522865777,0.2563447830370668,0.9241690578327986,0.378693072490968,0.6912753021513772,0.3717506489317788,0.33207287359235627,0.027827807492548158,0.5429097776935662,0.7885928677543061,3
0.42915260306898306,0.8741155043659549,0.09658743317163049,0.3504853381047235,0.6624411646787908,0.19917053311813968,0.8273628889823182,0.2855384701894463,0.6304500119788897,0.6334835921269755,3
1.0255982195498434,1.0438149360798277,0.6337339664227207,0.7889725645950728,0.8412757143401709,0.45640970401189657,0.49486084752902804,0.6251135259357004,0.48673067349583665,0.5475393291884274,2
0.9542721327183267,0.12464170248368431,0.9300857501561067,0.3079680663101506,0.41794222080258064,0.378252562344422,0.448903664462907,0.5770600119165581,0.4351347793727983,0.3649376465080501,1
0.34783240094942336,0.7986001189204454,0.9174189292716003,0.0910293412838039,0.8020717491171244,0.2690151079848121,0.718735219473614,0.6754359260443579,-0.014290870396602068,0.47372232333140823,1
0.9994779138839254,0.2063633758806893,0.8222561919488052,0.7668018966987977,0.656291802513253,0.32914721746492936,0.3683108727178755,0.49441744375173186,0.4419475418146749,0.6723975437182278,0
0.7950768863424819,0.19960890290064018,0.30822098997718533,0.2759307869084544,0.7944743805117315,0.8942924500081135,0.7267047284932769,0.535838327208596,0.7850524448002866,0.09093201995336986,2
0.35490366294935927,0.20597534455479816,0.2968712022399596,1.4208129520820922,-0.017507161208594635,0.8910049538957727,0.9128142310189451,1.214785135574148,0.6057789654395319,0.805625062317709,0
0.6576022783294673,0.09187005912503485,0.23131486633795564,0.23011041183626896,0.16877718283626011,0.13772142894222278,0.44458831088148987,-0.035616804989760234,0.5358062091672459,0.4014641105472832,0
0.24918251704516356,0.4160186407321213,0.9521625692490057,0.7230406719516322,0.005433989874365981,0.17221220485861682,0.7714298242758053,0.620014205910091,0.3725306978650356,0.8024530206704383,2
0.49849249190427397,0.8601049995967727,0.1406799232853389,0.30948952599069324,0.5526356274404329,0.33886443952686274,0.9997670975003413,0.199314073717356,0.7815866463110596,0.7379453680511492,3
0.4148482057336043,0.6227103828361578,0.9734746888038331,0.4217058027957298,0.6122042720011887,0.7846043878003854,0.6999313789375599,0.5737528568736302,0.29472107332138564,0.08628990312807572,3
0.43935590732582996,0.7021593862954247,0.36970390330832886,-0.03276882186208954,0.8613999484772581,0.39648266147148137,0.8827073144690021,0.8700258165621704,0.7303076124243412,0.7949321737857998,1
0.04856155449456498,0.9499054969676164,0.016885805263844797,0.5318771672295726,0.26237264767461893,0.6243339279482218,0.6596206325430337,0.5798764020358566,0.21910850253999592,0.4623726073395952,1
0.5493670665113082,0.45797642517564857,0.25451320424292245,0.16046841865025974,0.19042511608195792,0.7619301949959358,0.4833896805864243,0.9846740937886003,0.107609273833707,0.29784094194185534,3
0.6503171007967216,0.4965456537061189,0.5813280640279015,0.6647212173561479,0.06236125706040065,0.48827644925880326,0.7548843296874853,0.5352558707371718,0.5376366963127505,0.09319015380907443,0
0.9800193956900233,0.9982605288109415,0.6348829738499251,0.0018252105775059795,0.08649537855981684,0.21674691198449805,0.025645553403568038,0.7444090874906018,0.9839143763671118,0.696480946624978,3
1.0929184989169924,0.6554156144166755,0.6856359894734563,0.488407732287605,-0.013786768127729082,0.3250279902529606,0.019703658709052954,0.6234542348698764,-0.021450585332286283,0.5955136346816075,0
0.597977558913054,0.04113879871936292,0.5593900360917311,0.18098195430978542,0.7094792425386481,0.3802140791510179,0.5892999583686235,0.18135862463278377,0.6672388972846091,0.2610712303252257,2
0.06895669039253684,0.8558701053641058,0.5290971461667033,0.27700476964906645,0.7510617215705716,0.3576838624024509,0.6888890539146633,0.19980291778683001,0.8570273188742724,0.23143779958802307,1
-0.035659341129434474,0.2927970141891273,-0.08323306218819615,0.7369561600812384,-0.1364758041592616,0.298140113702691,0.9100159973386015,0.4074877177644127,-0.08016514310621448,0.3555537667372237,3
0.694047609269165,0.20426024296192855,0.7687553994814068,0.27809219924530276,0.20637406475069137,0.9437694047021697,0.24923696651475258,0.5207699255246659,0.07749077030764491,0.857418847534417,3
0.7106233321668337,0.9521593732006978,0.8506446741779639,0.6313429002872282,0.2658912090679152,0.8940401589210474,0.24479283833415283,0.1412168720434726,0.576554610303991,0.06077622154412173,3
-0.2341170197950262,-0.07370943866110496,-0.014942844363658836,1.107110392447055,0.1925227243445653,0.9818570928007211,0.9203392226090809,0.5806919581787671,0.5711864674414989,0.49765354738646883,0
0.5269208928384947,0.8410470199191371,0.20417026904446584,0.5371607410397127,0.2246217177731914,0.7524723256044343,0.4818507804048151,0.34467183931495426,1.048489374585273,0.24763268329610824,1
0.5900492708766837,0.5089529685993242,0.8559920117881569,0.40903314920288947,1.0368670831185043,0.45250115828432974,0.9091061076212921,0.2960035411910748,0.8348512968459599,0.15076978237498762,3
0.8210984930031199,0.6305717805827611,0.4256373787157208,0.7464329741618969,0.13147456204875535,0.0254213400667855,0.5176616207330984,0.21412899274220246,0.41813125566348547,0.6905754755339235,1
0.0138408724380273,0.6152740201858516,0.8163693728681453,0.22789665536263523,0.7310526984787197,0.6781421401817544,0.5333383768676162,0.08458796599890567,0.7783911270051806,0.018581024637925686,0
0.44711532756948996,0.3434487535582951,0.9839931539681428,0.040233159441261934,0.7448850287573574,0.6452346550584732,1.0295577210673834,1.1226004101702833,0.6146791186910965,0.3210463781946847,3
0.8029935485135726,0.8147748908910062,0.7584962144144617,0.7996848453639765,0.9086980265807505,0.25559724032130465,0.3721927468816582,0.8088538823822103,0.34261089099563663,0.618499454491441,2
0.3944394206722807,0.8318965608470136,0.040104069254230434,0.33547419844537635,0.6850099229973582,0.20815973181953779,0.9068260352136972,0.36282842826811934,0.6643325659229229,0.6487587351629577,3
0.9880744548779373,0.08722727440090955,0.6244851692957573,0.9361059594362507,0.6472980821607823,0.9349495766419663,0.3287926568563226,0.8726866123062194,0.7606395805829846,0.32431293357540014,2
0.3313486622545708,0.2576016003726193,0.7832783354476249,1.0203624628964842,-0.09968826693151378,0.4587872263798746,-0.25527600116409027,1.256147855587789,0.20852979463656307,0.7990561283595377,1
1.1064614099941414,0.8284794820007159,0.8132330089060827,0.7046675954495556,-0.06546560575372215,0.5408049989276549,0.2525588408793418,0.7627133208396051,0.048661429005467605,0.38560737912366616,0
0.12038763690293754,0.9461693157886184,0.5327508942021049,0.8082049385980261,0.9662239471222176,0.49714014647425675,1.126220785906997,0.5885459652099763,0.16582603118432282,0.3421470690552307,2
0.5218471741656806,1.0717330843185144,0.2349314024430273,0.31574571364761633,0.9552925495723018,0.08433939551942396,0.9830830810691756,0.10571029889432512,0.7075004331465146,0.36440555047376716,3
0.4322081184319919,0.989509817545297,0.7298671589050314,0.17834041871199252,0.21064057706023637,0.8017257879201405,0.602305715912158,0.35871391914391093,0.29878327900014934,0.4943637941015859,3
0.8404796935383685,0.8551128049386985,0.7300498914232544,0.1360827773668597,0.8728341863641226,0.07889122867022384,0.2138294507546991,0.19195400364955012,0.8382151833367009,1.0218238547532719,3
-0.15208593870877143,0.19525133872057854,0.6148766060748034,0.4116513643543857,0.39094622754884334,0.5490343030772911,0.39293461060003526,0.18502964365671465,0.3178839897134645,0.49275773207377616,0
0.7976200917134812,0.2134065274278605,0.2758679287547555,0.2676818602090785,0.8080590387501928,0.9157289291690809,0.7328642760657722,0.5660821145260372,0.772645161531656,0.06669574775112778,2
0.3323802575788469,0.8419784522472399,0.6549804328068085,0.24735517891781805,0.1755214082915409,0.850733722769115,0.5353235136070602,0.43327591773266405,0.3393004716150715,0.4343825344578377,3
0.6936868814135224,-0.025979804559020214,0.7680469815762693,0.2745471529613943,0.021268328213181434,1.0537973990448446,0.2700529998612515,0.49890145525754104,0.1465271236107092,0.886647802228689,3
0.07932259269562283,0.16053789046323635,0.6935365662028513,0.6434519914251723,0.2547332346907133,0.4736551891830148,0.5073444800842647,0.318325524461628,0.5453284249220841,0.3712081665114004,0
0.7804062378547318,0.198454062268982,0.30272097859791336,0.2691915923567482,0.7932056950222192,0.9056359563177617,0.7189402440387033,0.5543800678624438,0.8014063544811685,0.09682948687828896,2
0.6709610678731073,0.4923893735488043,0.5873259693343555,0.6725037923249556,0.06383713147895037,0.5118154828391401,0.7431449143377905,0.5258010364359214,0.5582929543301984,0.06940014305199128,0
0.07202154233549937,0.15264013859831838,0.48788230395719184,0.4840721703321181,0.8702721688085089,0.28670082668387525,0.5905080550750897,0.7218344123365553,0.3339191975644288,0.08982332345401724,3
0.8489593443817103,0.30230118524532934,0.7069445165452789,0.04040213683177223,0.8693446260233255,-0.004695971773576835,0.8415659285510468,0.645907607689709,0.2256457135037738,0.7647627026346373,2
0.5729990879286447,0.7620401075703856,0.9869572716814567,0.443027923004282,0.6691101615226507,0.7525899046522875,0.5142717583708909,0.2852173922789898,0.7146797865112983,0.4698431308681966,2
0.7443696248098676,0.2538614099485058,0.9039027740814666,0.40748722786671715,0.6820282342394253,0.376839023020122,0.34688933862725596,0.0378228534977386,0.5356317749589306,0.7585716092929714,3
0.19996613628367713,0.572044106282826,0.197888291538054,0.16531444579567106,1.0027358215207935,0.5975006176750036,0.33259712321308404,0.4265112576142722,0.3027024505916478,0.5624181318813447,0
0.6433989110050112,0.1707119587662248,1.0922686898006613,0.4378285568151613,-0.25156888315728476,1.0746194269206568,0.6120266366244869,0.05934204659707175,1.0558527920059007,0.789322743323996,1
1.4347304612024459,0.5964791775332049,0.45753757792910543,0.32727788742534825,0.6192958683569498,0.07699614012007927,0.2829037953786526,-0.45458154466126144,0.6910385267268102,-0.10949687193613333,2
0.9790642286449018,1.536559348655162,0.6804182513811189,1.1048718731427418,1.3269589148865473,-0.4034462230724547,0.3016975804659814,0.06720865090973081,0.3469283527995265,-0.6396451785993227,2
0.5979728040712009,0.5652072908921933,0.3186623580154532,0.31151273571066174,0.8032450556370602,0.35249945829355833,0.37014482104609825,0.07804442048625082,0.25265490245642197,0.19183043273815537,2
0.41850076969676214,0.8206255724443238,0.10106790377884461,0.3375411712635089,0.6548560497387953,0.16086917296745057,0.829754753689005,0.289481331767615,0.6320969573330216,0.6043928692995191,3
0.24654478134382282,0.15683779257394756,0.09276222777984168,0.9675585238020037,0.3491988009428541,0.33576489465011505,0.3938168737152295,0.5315314767476259,0.4333171547343778,0.21200881075617412,0
0.998621437841817,0.0410982333950102,0.06202888157989411,0.9504278645850106,1.3986257710816568,-0.2731821369743302,-0.04242033264652653,0.18627854170715885,0.2619474930257044,0.7424390829416181,3
0.8039080054013714,0.5860552409308204,0.781021025757814,0.38002543905900676,0.639934244162096,0.9306746977134722,0.28822776916245324,0.15756911477844165,0.19690691676680955,0.8576234832741145,2
0.8885632871276724,0.004312742577747615,0.21050157077916581,0.44034918291955216,0.22300423259580793,0.19002046483672153,0.033572253216110695,0.05286208927526696,0.23836671018789102,0.8092437357692286,3
0.8311786339996267,0.601061176366363,0.7625878117163849,0.35037457945935346,0.6128531219772573,0.8988006717072328,0.26911188569792044,0.13540434836757426,0.2216307450590665,0.8520548574354601,2
0.7987693237953876,0.7737136648541771,0.7539953705135742,0.8468208833087782,0.844508066877543,0.29176194775119907,0.3252304867700882,0.752987907096401,0.2674149209532671,0.5755601015200789,2
1.354025473427098,0.17987480088132615,0.6105272782042925,0.19550969906081214,0.8498230056450257,0.44656427493806783,0.4698394714007789,0.46815926175105876,0.2496245899114659,0.3508135687634125,1
0.3634442277427866,0.35398905476803166,0.06224446653303769,0.5063655253597125,0.5899024903961699,0.5857045945474562,0.5325834794430478,0.3176264118656377,0.7861369786367579,0.24960027616892602,0
0.38304929240193,0.5922854222631162,0.0763436480552391,0.7258433144312552,0.24672524694600775,0.2060748411328635,0.8296418304222855,0.2741981193153563,0.6860242738074134,0.10703823210908311,3
0.1890511915312442,1.3991471920285035,0.5216634573883258,0.520060540950272,0.47210571323807976,1.3776622522177253,0.8155809019958979,0.45820608377643635,0.29460269265673805,0.20853640356478695,3
0.8201045175276349,0.8413990026796929,0.7700745767249618,0.7869280626885123,0.9141973143028832,0.25415640061068034,0.35290351901121164,0.8098422554345803,0.31906808582664886,0.6152338081736349,2
0.29749567651205305,0.6723499887011977,0.5874072056004063,0.7026500235245918,0.1590622977321538,1.0091211152044413,0.7721516298782052,0.7652666855330396,0.6916823987473845,0.7958509498271857,0
0.8625842119918518,0.30589484442583326,0.7268635596758751,0.017596267253862145,0.896364066587452,0.003069777956091648,0.8857403975596966,0.6630193459140075,0.2136916371765406,0.7630411507910342,2
0.8650725720439884,0.8872911416970504,0.09538840915257592,0.810544993088252,0.5379481785136042,0.3329206169133692,0.8931268216288233,0.051080153143958446,0.27620193380336455,0.3323778131623266,2
0.8560811970189317,0.3264332121738799,0.7108597877110405,0.03222408724146869,0.8940238072733933,0.0074257230151092354,0.8609142774607204,0.6644972338735773,0.23512213071033997,0.7566624572648137,2
0.4926156477423485,0.2123305426817814,0.9926906909111413,0.4355275713378563,0.6922198164476839,0.29250626258401513,0.3455019963479675,0.3999678975928083,0.7616722385570392,0.5568853268157492,3
0.8358872327878774,0.9697953383989906,0.7794309282283963,0.8625187152895429,1.0568667095876094,0.13331271351483842,0.20159196260859225,0.7494009760981799,0.37161377687617586,0.680154128956911,2
0.9437511616587766,0.6786880417398302,0.5463765711492042,0.4217220607171318,0.5618011899922395,0.37007216048649466,0.7089968119050125,0.32324844458014396,0.9707027111979645,0.09759410870019249,2
-0.5887772983909845,0.792685884747218,-0.22646684886781954,0.4154112863145175,-0.1180375838309263,1.781891301707525,0.08066201143724994,-0.10676309720077715,1.2990595071262603,0.19841346440801988,0
0.07970904489891052,0.3637034442735202,0.3747890685794532,0.9766606916781186,0.4824789273552101,0.7824340289052142,0.4441264446119606,0.7397637359334933,0.5292037528899108,0.6179319793741043,0
0.3766712857808421,0.8117063212041218,0.08430762255150889,0.3116366110725083,0.5961466189505067,0.19343704914672544,0.8860373265829188,0.3583694561039086,0.6528646014195777,0.6702228899079269,3
0.5079421162368468,0.8205227859023059,0.8795727532468363,0.4820930312129801,0.7627104087935758,0.8189583970487181,0.5374066803329238,0.36267556420171654,0.7372264141196279,0.4677255007237253,2
0.6112786600440423,0.558578530246375,0.2946066595212248,0.2908308210885772,0.8229269865890918,0.33429758427296263,0.3671470779924335,0.07847215175450196,0.24031245651303637,0.2047340063825373,2
0.12703210742522988,0.4944679240064717,0.14708622666067142,-0.09076447631189229,0.5382109524607575,-0.23637583059896466,1.1526393005168138,0.42111943090804344,1.2796100394755565,0.8276544242918902,0
0.4981071596901941,0.7808827912318772,-0.047143564730877524,0.4098668350432498,0.7180218150874272,0.15762265435224665,0.9416578940119795,0.3639367738240139,0.6036259757862674,0.5528471927488188,3
0.957697418122461,0.7390863209285007,0.21525738607010703,-0.09667093746466587,-0.17127834018657295,0.6301022820057698,0.19201103312403273,0.48719406471571997,0.28796262568321596,1.2304138955888586,1
0.06768748874043837,0.10690095109698261,0.5583259661643327,0.471562200308517,0.9131405231428474,0.3308063324234714,0.53668327575954,0.7243807925325452,0.36241511671884397,0.08477392658755996,3
0.7591857630697159,-0.11585700896240264,-0.018713511135109495,1.067993519857323,0.6655368616008284,0.25473404315292764,-0.04569969594473586,0.6297031957465815,0.9045429567921608,0.6449295176295381,3
0.15530173384172336,0.5925699626615033,1.1832829927618538,0.5637141967813889,0.03293839131644498,0.05519165938116473,0.5249944420658423,0.5624765346212696,0.5672549313827274,0.7616463991518652,2
-0.1125386559748783,0.6776474307544422,0.47472117598320446,1.212665577173249,0.5612188937788227,0.6736771948075333,0.11376080617805168,0.529545909154223,0.5494598013984311,0.506543605655197,0
1.0397238027609343,1.0704859597778822,0.5054471115559369,0.5252408036624819,0.8810483442149916,0.19218392195422207,0.40652012786558694,0.1520743524414705,0.9943167543369359,-0.060128921993616635,2
0.640403913090838,0.019146822316840985,0.08938705581951578,0.871445365488497,0.9318125326538197,0.12444089062688353,0.017911826906027783,0.5786366667862817,0.6898407918920517,0.4193893421379602,3
1.1318298084366738,0.7566873016261747,0.0945068763632714,0.716238948193981,0.3936019596622124,0.3708246488785133,1.009554260831959,0.0794700213403568,0.24298915716787733,0.2229020485766679,2
0.22655998432181365,0.067620265964107,0.7089620985997537,0.2701629805929196,0.2864504262708478,0.9681031669211134,0.055673936487909775,0.8841715237844624,0.1317266785134929,0.5460802373476711,3
0.4527758841679933,0.6549748109823549,1.093412666724798,0.3293201445979369,0.7582992265170646,0.2398930795274063,0.8557478929189586,0.3603206008627004,0.9297683210801531,-0.09809052386721856,3
0.8145043998997614,0.6674836491409708,0.45907104326477,0.7336842443644551,0.16390672692858946,0.03485760830507102,0.5074273903666183,0.1871325212992633,0.39794695817351183,0.6963286470603463,1
0.43420261709084945,0.6867555061300264,0.8209129018105469,1.35860677462158,0.6050865508475249,0.369102804596954,0.6160643202805363,0.7972273201271787,0.9529154663283772,0.5048062931208963,0
0.8563498288252918,0.873572129432288,0.11668301281906604,0.7770374254905632,0.6099132746975297,0.365991515992256,0.8201071095039819,-0.008473416003057805,0.28577320742336776,0.2485855500752248,2
0.8946196807297521,0.03873823073601136,0.9727641233721704,0.38823630470347836,0.5077920382579271,0.31108485626543275,0.35850422848954366,0.554737065191096,0.4406362814911467,0.46068777388226867,1
0.5657244010727233,0.8097371295312273,0.8660988644701881,0.5154604835896249,0.6875710056891526,0.8877314829232781,0.5791415647412522,0.3548608385964961,0.7015282199306391,0.4425801881467566,2
0.936746632005834,0.8671409420120881,0.25496338247658135,1.0055666760529645,0.5843437125228099,0.2946129284469804,0.7230517844384932,0.2474747046205482,0.6886456405978156,0.7142394912060616,1
1.246616142229535,0.16046635041808754,0.8257530730019724,0.4308182595830297,0.04822997427472531,0.5990117789755134,0.7385244238240469,-0.2154049746498229,0.9760671060009566,0.803183095929451,1
0.8049843755014665,-0.021123023895377194,0.6798509570609308,0.23733571644419232,0.013499459150501839,0.7936388568281698,0.34618393309443973,0.5464941132425115,0.2706414532000634,0.7687718167811243,3
0.14117637555640578,0.8391080560594322,1.0675703054832038,-0.15054624833981062,1.002702832365327,0.35489375209616486,0.9448193774549318,0.3478480830623531,0.28387830720170437,0.3835715684931553,1
0.08443551235437669,1.0230652474927489,0.7636376823640969,0.6532828621725522,0.7285826078441888,0.11611400336250265,0.9254789906081071,0.4863291571220623,0.7326592090206205,0.5939521774562506,1
0.619660444268063,0.3134307374529004,0.1301934427569893,0.4279651621691577,0.04081588404971702,0.17409394460936356,0.8036232203806651,0.43775212827632853,0.45986044284880423,0.5961772868736526,3
0.6578070230771091,0.8209913510651383,0.3912799558378006,0.6949523577913788,0.29706174250920603,-0.07663931887055546,0.3040279945451049,0.21174281067557243,0.42073767894412567,0.9001808707367459,1
0.3027061429098976,0.37323610984835126,0.9410327776923495,0.6605569674235902,-0.01795729276119439,0.2016508769316644,0.8163727533379653,0.6036218071354382,0.41516711713381366,0.743121505525884,2
0.1664982109371022,0.3165635840600942,0.08460543057440414,0.5741336158947548,0.7387288486254908,0.41779413432341456,0.8656888800865495,0.13452042868155956,0.20049571757632936,0.6434183968061413,0
0.7344725094635918,0.28019453157453855,0.8622903471091667,0.4486624439873032,0.6232203788080997,0.3298315669888111,0.25206741205086153,0.03000652377526905,0.5657714898059928,0.736892796767745,3
0.6590643727108837,0.5027701572739424,0.6038146652828031,0.6871535234092362,0.06309572980221233,0.5085958894345931,0.7502579506165364,0.5388476800434686,0.5449781512207622,0.07937336969938599,0
0.32902819868815,0.7031212367506252,1.069442543546,0.7445693509385733,-0.08685274391967672,-0.010080867453460901,0.918554209820635,0.761178036179119,0.21981134382455192,0.9526642294128416,2
0.9864189164224979,0.11555134844193386,0.5911739137768921,0.8974466027806473,0.6731247552552081,0.8396913265653757,0.23901042751346196,0.908984253304733,0.640890640874991,0.2656244593726922,2
0.4747789143055895,0.580382245680028,0.43357419230518357,1.0421791377370848,0.2800604452742067,-0.09847529866263335,0.7019496647504344,0.17793988349468554,0.06736597754624207,0.4456186980931537,1
0.6214917361518002,0.17545742691913516,0.6739869594781345,0.2107524395174221,0.6928722776977606,0.3693661019790372,0.44437629109419097,0.2959839189152853,0.5851930574701935,0.16087763537126984,2
0.34824539923168213,0.5072665050386826,0.4287737105016213,0.3177535667216166,0.07217558662387757,0.6172379681161141,0.1441196629574805,1.0751560173777983,-0.01684061690749819,0.3370419550279287,2
0.9740946040954498,0.995785279657926,0.6371644404226882,0.01536300168098491,0.09695370167435696,0.2227462143089719,0.025664529410522857,0.7622036737508936,0.9889420772756216,0.6912587051414176,3
0.781555921087729,0.18098487738379082,0.309823141404005,0.26964808855745565,0.7954888663340426,0.891273892215439,0.7127150879252494,0.5327589280973045,0.788772211572804,0.09178742935069889,2
0.5189531520605394,-0.29837203067888685,-0.04725668918361306,0.8275723709520348,0.7754996969692158,-0.06983463535740703,0.06504122118492733,0.7851877818699262,0.5290474920428382,0.4129750873815078,3
0.6561574907798626,1.0887938743317602,0.7134805260542054,0.61553908922615,0.228248177509126,0.7796692350419234,0.2918341068758046,0.13388406212613435,0.472974995085674,0.12710011932754867,3
0.04355507188287414,0.4648430366940699,0.39021966026501825,0.06046919715992488,1.1180994499409027,0.7182053022245853,0.546399097771445,0.32472338624160213,0.027053247296595306,0.35135838382198864,0
0.07057346373933751,0.9850162058528049,0.701567249891962,0.5334022942942278,0.8598390845487623,0.15420712113126556,0.9386217890554164,0.33047844278116134,0.66779963832921,0.7456931839339256,1
0.9256073546202015,0.006114995719591607,0.25046983109837156,0.4840300521996459,0.18522248304530817,0.19096930980080823,0.04451203306722736,0.024051252941105387,0.2830014229118604,0.8405273994471815,3
0.42886543336175675,0.7700296063961217,0.9081831985224381,0.42454547938882375,0.7526095495019126,0.8597370949346934,0.47120894643946865,0.2873827496282032,0.7155941121440427,0.5219540289195687,2
0.6849945746165595,0.8163916307578212,0.4471524326336506,0.4742172113822206,0.013792651732679934,0.23514394103061437,0.906136007432771,0.03830194016467908,0.8934897063977609,0.36505105834069523,3
-0.2931027364227598,0.24370380428150054,0.5249361968438322,0.9951466864941956,0.19108913241154468,0.6986467338003314,0.9426188916649085,0.6810709055969568,1.1427613870189322,0.3869437604108029,2
0.626766577799306,0.31039609029826354,0.21535722987499345,0.9856380889488897,0.8733662462109197,-0.22402234649903585,1.396417354887722,1.2665921975095613,1.3632577877058858,1.3606361553559685,0
0.14371578284735007,0.9903867806495681,0.71059343270997,0.5239412436990657,0.8499426420280687,0.23458949574613283,0.9503688760535552,0.38331006748455154,0.6733727416206181,0.6536388308066536,1
-0.4200506104569349,0.2672816511490598,0.5889667543870398,-0.7587439236088354,0.16187582648896826,1.5379483993484282,0.5366686566312047,0.5942318174114491,1.004255227129871,0.6586737658055738,3
-0.21506808863714422,0.7665230471439255,0.5859579771171205,0.279367302545908,0.4120189806648992,-0.07807515795390557,0.9735466554440864,0.634094415794774,0.5176585605949273,1.0335477824272599,2
0.6727610307544719,0.4984753896689497,0.022356206447885885,0.6143270925953581,0.23877423487751823,0.3718350355699352,0.6372939141085094,0.6333370766589547,0.9461692507369348,-0.020428009681400905,3
1.0137389917563862,0.9895778514380856,0.09868702683119268,0.784834773409678,0.36015735048697095,0.08328622579946995,0.7976622644271094,0.04987384273522377,0.18762380751493654,0.3502225246788202,2
0.7273611118286452,0.24866745258524606,0.8723132205430307,0.39962531733781487,0.7396574046576312,0.4226271462926009,0.309041566943026,0.0011044477380051168,0.501630969509097,0.7895106041409558,3
0.3149444550937225,0.8886184389832573,0.6339757859404596,0.2722265206045052,0.15218774459629564,0.8267268991911073,0.5694468955909465,0.45428121572064145,0.3735577653624741,0.41059073968031184,3
0.8707754273071872,1.2189048024692772,1.0474645593462513,0.33503885522788157,0.006267232534857482,0.45486654516115455,-0.003131948214502661,0.5995983466301273,0.11380387424835,0.5882218944728085,0
0.973060944921031,0.8225245615727158,0.7127778894859476,0.6238425352731107,0.061635217922307216,0.43249929506304446,0.20885733083478292,0.7879876910226067,-0.022907682683757126,0.5128939009070012,0
0.8364177329428707,0.9767238835069046,0.1981305562380874,0.8377962887381569,0.6161264720098553,0.37586369497234984,0.9751141535782923,0.018872894246387058,0.3745234990586871,0.2499238601686921,2
0.3544503591879347,0.3316266392869275,1.0649536384497904,0.5891865329780746,0.8532065590747427,0.3987245093135158,0.15152100480188663,0.3062108759977799,0.6733860092895746,0.748922654060236,3
0.04033141503555158,0.9084507527207647,0.9490988967454679,0.26446135435909707,0.6769845580260139,0.1314305246035254,0.4190896401634443,0.07545757591791948,0.8750651365635849,0.13715584284993415,1
0.09504087200260897,0.37471278778686434,0.3345399563558189,0.9973294576002825,0.4919091694607688,0.8056514001877406,0.44378825990416004,0.7427981389796381,0.5391041176432257,0.6580263176239863,0
0.4312296081638133,0.8562859894607159,0.02271995699846059,0.3092002241555779,0.6199260251523705,0.1862123050031966,0.8500057041929533,0.38916566778884765,0.6353619399377045,0.6597904865810146,3
0.9470723099261955,0.9014162493393973,-0.08970452502071008,0.6660183393123172,0.6224547200932323,0.5684135947085152,0.8896187845792789,-0.029495752391774516,0.0723858461681251,0.3222429128360588,2
0.8482628761434642,-0.0447835596327269,0.586079172360146,0.1059103549040687,0.08393365546251982,0.8704060567836223,0.15225577118965847,0.5086654216715103,0.3298790646118043,0.963176452433212,3
-0.023279901358907965,1.0268748561396015,0.2702785596286592,0.7353788523516834,0.8607622637567779,-0.06550131009973656,0.16678135740130318,0.6935157351451777,0.3363555334827833,0.987001031399212,1
0.49735064489114594,0.8911858147815451,0.966727628365096,0.36242094290077137,0.7152892959664554,0.8439140406552119,0.5177893839681494,0.4343840591888989,0.705581066977633,0.4539830855275905,2
0.8612702766372506,0.3077193283327416,0.6893257474726779,0.009233915329331589,0.9241482268976583,0.037354339095420366,0.9063762316133264,0.6423832187882346,0.26148023292710304,0.7460106080631144,2
0.4016509551886972,0.8653988487831726,0.8329574874122554,0.521859435949435,0.7196794469455561,0.7708280326040327,0.4327240514524438,0.3564550829584879,0.8124815922917024,0.3846964169767575,2
0.5438851949670128,0.5884607126756685,0.22372321140537618,0.6790582744998298,0.08091679799066072,0.3298286520831559,0.7656216448752265,0.4041338051875251,0.7498520504507041,0.265082806220194,3
0.012888164846280737,0.6136271889913315,0.8144193003856091,0.226914449656918,0.730288342301337,0.6788917083574033,0.531554791143227,0.08199382280593741,0.7787646869549908,0.018466428284391,0
0.5845487445768818,0.21635248909205562,0.3314957738281356,0.7979448602041603,-0.16648561425935282,-0.016220870584730734,-0.012539873355979725,0.36404995414096175,0.39311347662112356,0.9673783132525946,3
0.986618881575311,0.9879299491500361,0.6058807878973724,0.6309760034510049,0.7740031649205775,0.2483080524290279,0.49702268573218533,0.05800904363596691,0.9349862299104674,0.0284450830988015,2
0.3027518839949608,0.8931085814827592,0.6227677602945821,0.2799555521379507,0.09535106955368056,0.8452125514752689,0.5507298278136878,0.4082086185689872,0.4043401138194943,0.46575211621468604,3
0.6729617186877456,0.246191260068037,0.8374663360725444,0.43147902617660755,0.038427395073259124,1.1262720102691015,0.09701520793890027,0.37748434377825124,0.029324800626442882,0.7995633081082609,3
0.9596280220949088,0.9871473225407714,0.6398883361929599,0.014892984654185886,0.0831403875090412,0.21386835234165064,0.02873594211687379,0.7416891244119628,0.9850767444567918,0.6896838090175048,3
0.9345799331566901,0.08335301672791479,0.3516012966151001,0.5425266332916603,0.12788645078940342,0.04738399587685645,-0.07110530203206938,0.1305889412772641,0.19183305103528128,0.7363450589538452,3
0.07945270930181614,0.9949853104200649,0.3689472663242179,0.8462003453058488,0.8056191383948054,0.12470512587912061,-0.04337767154985388,0.5961414175171805,0.17646782860315618,1.0341028957446932,1
0.6079944282635525,-0.21924688542273968,0.9413504400726722,0.6177606980465774,0.030351384831487305,0.07219410729850462,0.5633817940483927,0.5736500407291728,0.9192477865489533,0.0414297661072312,1
0.9474725309444277,0.955760442661861,0.13708453365879172,0.8299305486269717,0.512742818678049,0.3720272916015268,0.9143633405511135,0.0393578479437888,0.30888855839724666,0.37700811260555644,2
0.7188851529485296,0.28692093279833875,0.5643283621855311,-0.029095889384795875,0.34069107022503464,0.18643522026071438,0.5319277135012555,-0.04058490435045639,0.6961659100501032,0.3886479828658914,0
0.6225061110101677,0.5577501759440677,0.15007704629302823,0.7212778881364282,0.1893747390437096,0.24964120698848172,0.8326577459030108,0.410206569059127,0.5645672424836774,0.10672415234105181,3
0.8040931292607116,0.5893283429442335,0.7927509164293085,0.3858900101012101,0.6269120523936454,0.9563589627823949,0.30186003395229916,0.15132842150240722,0.18120695044360077,0.839997171094414,2
0.6465482648409748,0.4867844716856192,0.605353336614887,0.6588740867409814,0.04667065088911214,0.49506550721486037,0.7615911858687285,0.535305313068449,0.5751247988512562,0.10231318082418336,0
-0.0681265278307891,1.2160118228837948,1.003711253669538,0.011295356357051756,0.4011828793134921,0.4917462456467517,0.11181511599232846,0.2771869671364203,0.07162499750742762,0.05759112462491628,3
1.0049621417520898,0.48470274187951895,0.7459607809000146,0.38033760218073076,0.1169225048717454,0.8728865475001912,0.42527621247554714,0.012127994685333796,0.6648771487562717,0.9951027104224108,1
0.4968673057677521,0.8147278937744177,0.8935367624584692,0.48194825141715747,0.7917225394659311,0.8224757539457103,0.5430917344746347,0.38877668028798146,0.784331437066102,0.4751471215925336,2
0.4243805666731516,0.8203846758673959,0.06316634879090852,0.29708533893339173,0.6104136851810645,0.18203558042774248,0.8821693053874381,0.3934720008623257,0.6250217913669364,0.5926719211942573,3
0.9908401414661415,0.999835063216928,0.6294259420479522,0.010235528928937494,0.07339264832899337,0.21585632735105967,0.03968902244964336,0.775710274134331,0.9784343332232257,0.684263056379167,3
0.8027197534206474,0.5887210500063478,0.7728295928919217,0.3952666731996215,0.6402946761331708,0.9377156268372315,0.29186595395158244,0.13978430087253343,0.21236194089444027,0.8718610757785854,2
-0.5658774581902692,-0.7995209645200131,-0.08033097495871822,0.3061729171254203,1.0894023590131363,0.40324070471563195,1.0761526186418613,0.39557817992441613,0.07781656033750106,1.2032495112722028,1
0.014500198146967524,-0.05193403579844644,0.59786912573079,0.12398430876776617,0.6640908149272373,0.3929401100562359,-0.12993320202412403,0.7525776643463754,0.9882536977118904,0.6479776258374517,3
0.495304543041427,0.8075244698907749,0.8812532350171047,0.47044254171617156,0.7711166476105928,0.8367473965638381,0.5462497013074976,0.37522615219618466,0.7423466507619906,0.45443746113467265,2
0.9754499659629616,0.9983159579713605,0.6489276402068047,0.006653671781507843,0.09328637232336937,0.21308437925440304,0.028432495792068867,0.7535067567203079,0.9837769483903802,0.6944218185259613,3
0.6982399581811146,0.2572832277877485,0.9323145234446718,0.3635888775305779,0.6855377776011542,0.37120909160591076,0.34243896707948324,0.03664059463289095,0.525856602579173,0.8007979838751872,3
0.93758355864986,0.15151182587638387,0.9729282463322987,0.40999132389806836,0.3715550817958331,0.35555226011008434,0.4854073971926036,0.4579467521730178,0.35506051551759077,0.28121901729667975,1
0.43318900988620146,0.8413708746935488,0.031559851116503154,0.31117146142289376,0.6738675666758915,0.17571532031885087,0.9033634326673331,0.3217013594866888,0.679341673647756,0.633410096421845,3
0.4945446905911439,0.7149924812383893,0.0807110621905225,0.3862398869233008,0.7456035204440462,0.2548088992839683,0.762614414066838,0.3344795252208243,0.661592228318193,0.6571008002012179,3
0.5503281334868905,0.6785624873150358,0.6958101600973926,0.39615769899671205,0.45691343211046487,0.6519870258934636,0.7347673244921477,0.2184088741435426,0.646136515139327,-0.12029861149952087,3
0.9059030201139207,0.3390118936082627,0.7030759320362946,0.042023886872374724,0.8751916633468532,0.047210838903719486,0.8771311026257158,0.6862808846405919,0.21110999392469007,0.7443804680724417,2
0.8126845004773721,0.595676748733199,0.7780263584825119,0.3709324567307213,0.6394131877040985,0.9341365727592255,0.27388412338626744,0.1673122564660078,0.20866268770819463,0.845932596201699,2
0.05023996474478138,0.9239639073380898,0.29806742707955314,0.879940923588954,0.737622842408995,0.05485979412562494,0.05411290335474221,0.7374872340720631,0.23977652686962803,0.9786887021401008,1
0.2367998304964593,0.34671719643778903,0.3256541056551813,-0.10744088830444787,0.7403916031566411,0.5093549798290684,-0.06252961237054236,0.29815922715317367,0.11792024979720891,-0.015326166534198216,2
0.22627390384938295,0.4147235481473456,0.3641805632382264,0.9331132395648768,0.30170052121483815,0.37437022613352916,0.708523187051737,0.47134188900059565,0.6967679263414204,0.3883306236113064,3
0.8193114610544378,0.8444869747105328,0.41146406856225937,0.679830149149419,0.21155624837873563,-0.1366077886416487,0.3249560620158372,0.2155314262318362,0.42199260023253643,0.8270822185427528,1
0.946227283759003,0.8456406279065564,0.10744269818197702,0.7523630968203221,0.625401754955892,0.28612284500299867,0.968928567609312,0.06454986923303191,0.36997931365353837,0.3496757662820858,2
0.8122637811639782,0.5999319368308165,0.7951611726862408,0.3677468935332338,0.6396580219897311,0.9426472524981981,0.29541506100404763,0.14639890171311815,0.19315083834155566,0.8741735057265707,2
0.428438770384094,0.31667654397177336,0.5527306010442441,0.6381280216721574,0.2614444302429344,0.7340336802347568,0.8192916601556905,0.6094963805122898,0.45159900650636775,0.7223178099024606,2
0.8062405647181758,0.5970846322703304,0.8250795841586793,0.30120315791268293,0.7299299637367128,0.8553273410465324,0.36938543676384994,0.248271842443618,0.2945492533488436,0.9049693719753936,2
0.06777656059952708,0.2165606120712491,0.5073599706384,0.4196070918923315,0.6690244325512885,0.29818187219800785,-0.02416457633059537,0.762085534484777,0.8116441127873377,0.7882711671144046,3
0.4961684172555372,0.28032816692704005,0.32423344570280105,0.11520272835418621,0.1904370026443983,0.10753664646489275,0.5850450605511586,-0.025198784058147957,0.7035445559855614,0.3449343981675416,0
0.6388575297661729,0.19380425555915132,0.8418905351743602,0.4102508599742946,-0.04227361499453708,1.0000156224698888,0.35520322286292144,0.3275423177017788,0.010724552841425622,0.9221176845191594,3
0.3725132893233904,0.27352754666092827,0.1801470306630043,0.7554786423875138,0.46005547972448496,0.22183926916398805,0.8493255691739136,0.4276712810688835,0.01270223511954912,0.6428373219984325,0
-0.021024165736220374,0.5618171137562312,0.13587860961629966,0.28426920580817017,0.8827012554680003,0.2966561261935719,0.4034127733101863,0.35122718376966816,0.2802600536529009,0.30751986997550296,0
0.7204038678090258,0.23893317494416114,0.921682321256766,0.381965648878953,0.7027340053435909,0.3522534261738408,0.33993323530574204,0.018311431979850454,0.5555637471004801,0.7785359461767888,3
0.6875011730839654,0.23340784292080616,0.9068512438918946,0.4028995861275126,0.6668836618308317,0.3575245583377193,0.3431887231386962,0.04899267714935279,0.5233020551257388,0.7669995340642114,3
-0.05333757786449077,0.08773163802599093,0.5862568219279414,0.14835827076430463,0.99109804448837,0.2544567782776747,0.1503083290992814,0.5591414689157812,0.98133634519062,0.940056477346833,3
0.15759080416353968,0.35098941129571004,0.42285485290077063,-0.004204954967179847,0.682948931013338,0.001014274406131619,0.6490075402174438,0.6402984091677049,0.5569640313829696,0.04774107016974896,3
0.7338885574766737,0.5703010418020498,0.7687957366857455,0.4142638908940049,0.6371539265507536,0.8740560972069744,0.28792090299270945,0.11516762956273058,0.22218893907298598,0.8152365972616412,2
0.058589460478062225,0.1534256271424541,0.5143668983130292,0.4901439392327779,0.8690875030528625,0.34819806050376595,0.514272148696071,0.7385259299582079,0.4037835015926244,0.162279382273571,3
-0.039572710773373654,0.8850125544742722,-0.03582581091473197,0.601314545700977,1.178213404170971,0.6639566421705783,0.45124714900542306,0.9246164977895517,0.8190515003317516,0.668949022558534,0
0.3731640653560031,0.20315924633736643,0.10037937019879123,0.672361704664051,0.5174358850892762,0.34341342135430536,0.801353743533236,0.3358883848078741,0.0524409358763213,0.607229019339539,0
1.0079623013645316,0.9695145924161207,0.841255918738133,0.9736384846335047,0.7579227138272648,0.11120949412399214,0.2316606265677237,0.7728522299739028,0.44027453295651997,0.4873836599660785,2
0.9628708019416313,1.0146573879987273,0.6299156760164112,-0.0035851105230340907,0.08502236954820493,0.229719432213295,0.04735645593051521,0.7365136029319083,0.9857251800686688,0.6892047650824674,3
0.7208921570564487,0.2529087452823338,0.9198651602487351,0.36174433170813225,0.6701758523234639,0.3749724353882526,0.3209825128683808,0.009677575385061855,0.5557707452503577,0.7941439772496628,3
0.12328387414641663,0.8237874140888417,0.44828364369580603,1.0258224431760068,1.1201499622237507,0.14427661407827336,0.5799183588963257,0.7486493113011409,1.001086597455375,0.5578896868882062,1
0.8189879091842147,0.8548681797139246,0.7262022220804024,0.836234605296444,0.9573559368644212,0.21922262533728692,0.3513123586993765,0.7856745526599472,0.32822389468342117,0.6418693963979364,2
0.5098591043528038,-0.12389916683233604,0.3792281978313382,0.4457922066726038,0.5938041448979221,0.7110366307773168,0.09288731619019708,1.3657155253096305,1.289455131938574,0.4908389792960828,2
0.3085508939238006,0.3813103654784342,0.1777418624620192,0.8683727111492983,0.4824973983175623,0.27246301587155924,0.8071664210218353,0.5595726772896928,0.2098849594052477,0.4327995819562386,0
0.8728497959990914,1.0715734441685487,0.5425182832551845,0.5219852544666248,0.871952878417076,0.13961988041583492,0.5396517379806962,-0.07527804166256288,0.8093156655635679,-0.09580108755730496,2
0.5424106919771713,0.7915931913769638,0.05238635559092989,0.42174244773626546,0.7742577088380175,0.21844865557172222,1.010940815155902,0.35065919339126644,0.8162476718924615,0.7006447096104098,3
0.6269352042853186,0.6983081426827848,1.017857454399216,0.32566650581605183,0.9359668446933356,0.7189608592053527,0.5079358465778893,0.22280896355646962,0.8413360944316411,0.3562693961570036,2
0.2705951251403781,0.7187256267314484,0.030830948690147048,0.2334715370559607,0.7380868594180388,0.043041157247056455,1.0265110699024338,0.20750544171463217,0.5275080781256183,0.6839109812358863,3
0.4823106319642201,0.8600507366526502,0.8333441187955527,0.4297744894266404,0.8007973755188986,0.8210693457474554,0.487364150108228,0.4092598124270786,0.703573356040661,0.4837627625211776,2
0.28428375421196483,0.44579086174272853,0.9042203261242836,0.7530871048468547,0.040651813372151444,0.20400391015660918,0.7358172596868001,0.6143921624926773,0.36402867201067596,0.8259881189304066,2
0.8195317100938145,0.045943306946904544,0.6595368834291493,0.5260269969038877,0.6840254772142975,0.6351809447151464,0.519817627308484,0.8386989183468314,0.38792261120445287,0.33359268743759446,1
0.11579135001836426,0.6627347948183046,0.9414407459512848,0.11140588006309922,0.8880275851139594,0.2942670695438917,0.6296804032859202,0.6441578902789037,0.11260047411532846,0.42180948444149824,1
0.8710368218736426,0.31471523622654907,0.7210659316530177,0.03798141579724254,0.8911964178218273,0.009019959212754884,0.8717226236597142,0.6678831608806968,0.2154138351761214,0.7501742028338443,2
0.8598887298186711,0.3314405067924401,0.7288794419980396,0.03741754783481771,0.8755217532137282,0.021245999397255542,0.8911862908124443,0.6745864835846049,0.2100036352820525,0.7506635372516806,2
0.4676469012346772,0.29022091264590133,1.0516649747607245,0.4640003383797649,0.7626359638239741,0.2555033375297646,0.23832621793555736,0.38338684749955565,0.8282055113668567,0.6580046510202869,3
0.5331513394712457,0.09644646415361391,1.04573726919227,0.3320757367349096,0.601169461857697,0.18936542197467715,0.27133454513206773,0.38805728889233254,0.8793322066565868,0.5182861459851675,3
0.943907078490355,0.6652731518496884,0.9401912260990148,0.7060491948095582,0.006313596678488513,0.5105290407334758,0.196845664213978,0.7762417437076985,0.1043638416455368,0.43733796961004423,0
0.45238852792090667,0.7942837572464695,0.08361089797434845,0.3502388520462166,0.6435047443977777,0.1347561971141965,0.8717931462009396,0.36766574218816417,0.6632568259920988,0.6546016076916472,3
0.8778877415592535,0.8910410365835596,0.13844752128742963,0.7948583047721844,0.5553280266801891,0.3393165837149643,0.8725221737394068,0.04725578419768742,0.2866235076124886,0.32267700561686286,2
0.586662837389196,0.46450832961900373,0.8288277168178763,0.2018875070176639,0.5675107948834598,-0.10199536463451092,0.43129382007456524,0.538472115128377,0.2860021925543552,0.8382060360962761,1
0.5413354444589472,0.4824896436484806,0.7970527438742702,1.6842498720895807,0.650659974680347,1.5849957839679696,0.12040575107282175,1.602629256369654,1.1144810648336474,0.5223533281938066,0
1.1701860027641686,0.3268384568750547,-0.4931351086188137,0.29304574968464925,1.3659118876668477,0.6683102006156778,-0.4104895494127676,0.24373311032186074,0.3270951786839017,0.5326179041591277,3
0.2022618036129349,0.4812312592573938,0.9655516171784198,0.6108341967836519,-0.08926586159062472,0.020294085772901288,0.8215127852560672,0.607581164793101,0.2052593531467039,0.754841653591327,2
0.7212228656896411,0.2739098115345504,0.8936148047835408,0.39904075546116863,0.712255838127189,0.39029656933772744,0.3362423696208951,0.027761082534266485,0.5499258230946419,0.8081409100463884,3
0.20272587577755544,0.9224537714572764,0.49911870336505165,0.06730231489176369,0.018384416236140178,0.5933620364479486,0.668231978061805,0.19652089303677728,0.6728136264790978,0.37007443167218096,3
0.1976304979145064,0.35994757768996244,0.9778336308515784,0.1447396252517725,0.6657802470658782,0.10292677500487324,0.43240699367231406,0.6146821816914868,0.18942587528178798,0.43745491930475666,1
0.32918438813635625,0.4567111547042594,0.6917601877415653,1.04705191104348,0.539543488893656,0.7321746102714664,0.47473905809352684,1.0288461324267426,0.5406536907167292,1.0785381580856455,2
0.705091231657037,0.2628806003800548,0.9284427333916001,0.37543594897839155,0.690853453392091,0.3824750200173521,0.3379196813827658,0.01744864635195665,0.535347985696621,0.7871706866466186,3
0.09667900836923282,0.6003558659717172,0.8601927710614614,1.0056919832717983,0.14210868331579884,0.8526291141622898,0.24067965158434312,1.176932710819718,0.8148110007622916,1.2638377836151755,2
1.2285816174223285,0.3822556998448824,0.48299562838618154,0.7273120681658622,0.04439428337818188,-0.2559246256114166,0.19004236517854772,0.0648697325243824,0.08513959131966262,0.6193817372059015,3
0.3169777749146358,0.7687377382911398,0.14307182260824802,0.3973465458662294,0.7578110236625097,0.7268964665118627,0.4616292501643597,0.11219888005687398,0.10759334548426243,0.546677584615317,0
0.060015655548522985,0.9245165146704186,0.30765210754415123,0.8700094189153241,0.7538944497206365,0.0789728391850507,0.048768369062623766,0.7376707224752405,0.22364706642359106,0.9788299858193581,1
0.4667156261877995,0.4454733000279209,0.08261087979735726,0.7785390151233521,0.025373534813408122,0.41920830781047214,0.8377059190464714,0.296673515757688,0.7134823780617177,0.10751960102980684,3
0.9231439976904785,0.7675219558660343,0.8012492585685167,0.3952484904408622,-0.17277978610440292,-0.032186090580549484,0.5812925458328781,0.46010423243929405,0.4106706635588008,0.4149243801675235,1
0.7131516237761005,0.2532281796979135,0.921311017714144,0.37790163795195797,0.692276832148186,0.370270075265236,0.33529107321462026,0.029721177651834556,0.5402034946885154,0.785845128126452,3
0.5045656717669784,0.5241838212950538,-0.11484353219438559,1.5263777438234234,0.5239949160852622,0.558465549102076,0.2052411034909546,0.5972218978193058,0.7816292859500885,0.6594058092013091,0
-0.08778863833031572,0.5283815346812497,0.271264183579916,0.27142154039682564,0.8105095419655849,0.4070360646492234,0.11952154246602656,0.3504571435120832,-0.039767672818009886,0.3839383952716513,0
-0.03316762170199131,0.022264221204048834,0.4270324858701063,0.33630927151549705,0.7326315274476202,0.3518895202281176,0.08024030667472155,0.757189933907716,0.9025617028896391,0.7186317110505995,3
0.1607927790793726,1.0297307784468799,0.7062845729274717,0.530130700123648,0.836359402707896,0.23007069655457987,0.9163949509920947,0.36951077367108026,0.6820116836242731,0.6684651849665227,1
0.2498488440404124,0.08937973122550877,0.2963905149659557,0.9136452022831744,0.08549682861107483,0.42357434702281116,0.5998342961882213,0.19233597891944781,0.3008073294732947,0.678809283414294,2
0.2947271699988564,0.8435134007444907,0.35775171537226347,1.005460400699909,0.32978640027505995,0.41986464468651385,0.746045599443539,0.24510231990529013,0.5890738357904022,0.5025554916959002,3
0.6431120795143892,0.06889135360012363,0.03401128378705385,0.8779354440320501,0.9048987661248442,0.08986887183115233,-0.0385688083428502,0.5390630638168042,0.6925327531811861,0.3648546111321307,3
0.121339295609732,0.71051464893347,0.31771134038423454,-0.05630862965245831,0.6172227004801807,0.6645594232709172,1.3253916082206214,1.364718205107983,-0.030866688215117843,-0.4405726029301954,2
-0.09676631283900805,0.07355469929768904,0.4069807755980841,-0.23976180467814967,0.5577788315832659,0.2591401365366165,0.48751276141645306,0.7678112608773809,0.8371834519600522,0.4991773386236,3
0.9934009979244699,0.8711337433672298,-0.010024033485623418,0.6870845124663958,0.6916317659919228,0.3707926473384901,0.851708587984487,0.1108805378553449,0.15397953921936863,0.3325491154892727,2
0.6909886838103197,0.4803999899029469,0.5625435819159492,0.7120646734990084,0.03286904699303567,0.5246250635029228,0.7379136267549034,0.5427085095807676,0.5402807898455052,0.05341341174301416,0
1.113334943923187,0.9059751695128943,0.31182428188747113,0.8901887843253397,0.3784642047468848,0.1715805642122526,0.8008203549841377,-0.11647070586302444,0.17644323389463823,0.3756437379401544,2
1.1399818530562564,0.15117337919112683,0.44833078276932187,0.701100956637127,0.7251119197959187,0.9146869695900876,0.049587573469515145,1.0175244379778121,0.5124606481780123,0.03210069513206004,2
0.3939131949966278,0.0480579959634882,0.041954019435061406,0.8010160819506101,0.6591895595216654,0.12688723796657847,0.8788611206322824,0.2844861219242219,0.24066027636057535,0.8164980390201282,0
0.5367712435164358,0.1473707268126918,1.314998905646863,1.0632674582734432,-0.15852738891519216,0.4540235482168936,0.5592086529055851,0.009132329176323895,0.3093559167364373,1.1275911463024462,2
0.7030770977604358,0.2622953669987064,0.9149373046570448,0.37948396713725513,0.6764813384561564,0.37654096276666443,0.3196246990951207,0.02908677160798972,0.5574817299479876,0.7897069636105332,3
0.9459660916106851,1.014654921973044,0.6687344119566472,-0.021934966665772933,0.12138090873154259,0.21472048220979773,0.036451675372726366,0.7235689859895211,0.9913019044660091,0.6910688062134938,3
0.3871733490050891,0.8104009332548342,0.04359858528636163,0.2905747277879556,0.6351209701585737,0.1987139024295891,0.9088649341165391,0.30950595416556026,0.691948964748214,0.6602045476807964,3
0.08670785309835566,-0.025052813226432075,0.6910357595321982,0.2694446493098327,-0.027719243183987455,0.4463876199224061,0.561350223079105,0.5279593581673794,0.5316761626599162,0.2500025973286733,0
0.4629249914926114,0.5366959248968877,0.31766143256506,0.9499305364075507,0.22597794307287367,-0.2815307828888717,-0.2710459352944852,0.20842076722585168,0.5462180270084025,0.8594081576150477,1
0.7031972797105615,0.9669141227379126,0.8076671414489021,0.6253986737884693,0.33229623433794386,0.8580856087958012,0.2141775500915617,0.19689435665548716,0.5644031505151605,0.08106820097290446,3
0.3230758430901541,0.5314552098235902,0.368708026738099,0.313142963876801,0.033356225783257615,0.49483951714386504,0.1568759405233597,0.996792042031497,0.08454973890665306,0.3652240250043041,2
0.5356380673372223,0.34376190626652153,0.38586279346094415,0.7976947821732354,0.23286193423852136,0.7820095740019087,0.8787147510106601,0.6830370411833703,0.48553057775641995,0.6735213685866179,2
-0.08115913512014009,0.5161355968881881,0.3877480948282467,1.107661479893794,0.36206855388835224,0.8646550553853791,0.31167788021532894,0.8726840113145895,0.4287887029545859,0.7516971540689852,0
-0.21088621344717456,0.15183626477153953,0.45622093859964274,0.842853174747655,0.6271397567313487,1.0319942107340472,0.29639398256588656,0.6001742646480497,0.411488991597171,0.40543904359537164,0
0.7171852032681807,0.48806781302024604,-0.13398494127769128,1.2839913275735602,0.7194526426849834,0.9003749169434658,0.5035134012926081,1.3333088827194164,0.5727009318070705,-0.3296937209309386,0
0.3117720526592542,0.883556577472494,0.6272084961916128,0.2585867829961389,0.14707208910355793,0.8434830352382549,0.5584443644401487,0.44733213316350806,0.3652816472566233,0.40794883031848744,3
0.7090620447276872,0.25900985282661193,0.9215184056337548,0.3773210976520821,0.6933604978903485,0.3689091568760151,0.33124918121620467,0.028019643752810734,0.5448839814615553,0.7864570335730674,3
0.6163653860598765,0.5450560180060519,0.2952283339922777,0.2934186332022095,0.8178296484300325,0.3520040651041236,0.3673105159099321,0.06479178845719728,0.22432631421041319,0.21432325607795558,2
0.9494648041710266,0.43990862895878996,0.7819185775845188,0.35021271505359486,0.0904752279222502,0.863016923380812,0.3881350911972316,-0.0444144226881571,0.6747300090924561,1.0276053239090426,1
0.9047499603236729,-0.045511532630824414,0.28424876623433243,0.8561495462852557,-0.0711367406280099,-0.18553651081243416,-0.05535109883433051,-0.1975365866702389,0.3174272466091129,0.8206648338311646,3
0.6439537000604675,0.29388572888916153,1.0632324833752838,1.2795930050250448,0.2764532300682061,0.39322415059559757,-0.16349622497084984,0.5501013199120706,0.44873550737756557,0.6910494208507577,1
0.8552822360907478,0.9205396771991674,0.14084250813799462,0.7563924617119746,0.5635808730354315,0.32759715426527375,0.9343319296261172,-0.01246406417210847,0.3390306332976471,0.32752202726184815,2
0.3537392882163577,0.9435155848980763,0.6573722301041193,0.15686006149847143,0.179559310514427,0.9402436391156608,0.6059753581445237,0.4574274929536297,0.34148118584942616,0.399810823673549,3
0.8068064318247445,0.14890179097918008,0.7942501014660701,0.12119572157969952,-0.01919065610706895,0.9183918748880171,0.05842639726805657,0.568142429903213,0.23239090702014073,0.7652711408736194,3
0.8220209218118573,0.8338463729862293,0.7670628154395346,0.7923611279214379,0.916551918959308,0.2620920342604494,0.36125209572249745,0.8018495648966592,0.3279768266115424,0.6163537848415681,2
0.9970373704828904,0.28375360593064947,0.2645056690395243,0.28934591213947924,0.01603969701141536,0.3595436394521003,0.21137116218107058,0.1525373576085975,0.4397652258085605,1.0419090656291263,3
0.04634615050354448,0.6972121647363996,0.032507426844767914,0.36534982067483246,0.8876938594214372,0.34817127299325606,0.4202649403096014,0.35742310158777785,0.1494557290726191,0.367417160496665,0
0.5383204686571395,-0.22033748676828674,0.008549700728948548,1.0939252570252331,0.8638762320541543,0.35845987832526305,0.26599939392080185,0.6688057020586572,0.5380065776983142,0.1689274012585902,3
0.5706217285602497,0.31273433477015566,0.7312512360154435,-0.08175259703016247,1.3028986729767595,0.36525820868975584,0.9569486965731125,1.3164822553608426,0.33058038622139707,0.6630898271679261,3
0.08602049952183262,0.5843591829255491,-0.04778622573965588,0.2518313145784869,0.9818318284516566,0.3670663186554753,0.3685767535569936,0.18859788204928704,0.4601036756449064,0.5670743098947879,0
0.8717645352244253,0.3374080031380533,0.7274532588032332,0.05400032811535165,0.8543398939502741,0.0028441466834762882,0.8494616385172323,0.6553304208306973,0.2668768267619938,0.7191698958474109,2
0.00781743345904639,0.937512190126425,0.3438298257900323,0.9130489347833817,0.7435111132024378,0.11752532682768199,-0.027205448469914045,0.7452566923248121,0.23198189591712032,0.9039249328895564,1
0.9722521493083468,0.7613539326911183,0.11925578609485743,0.7656440197401756,0.6822777207717832,0.3389611329542697,1.0242604750111923,0.035652438900036144,0.34533591756219817,0.2937808853457395,2
0.04089562107434502,0.1500996350920151,0.5086943998813654,0.4848226255991601,0.9004794016236203,0.34301434007310455,0.5102616268811995,0.7606007088981401,0.407754140049895,0.13958258843332286,3
0.7175559707728307,0.19234168638620786,0.9375038883965389,0.713803441004235,0.4708700759813521,0.08452349644914339,0.48738352447523625,0.23749846096626243,1.0679006363877364,0.8073173920132456,3
0.04105302823941729,0.899458114103295,0.3340668937311491,0.8258294307580725,0.7056906806587496,0.06778940892278884,0.046964553540934956,0.7045959209308889,0.28014833646464465,1.0214544763687348,1
1.1688457975374515,0.33905355242126695,0.7444455059339022,0.21242207222234044,0.572040653829105,0.3047858314517009,0.6538558588455727,0.39595444583530837,0.6381450298192646,0.3239241061439171,1
-0.08466076376635459,0.8222079820842542,0.4981954682272056,1.0732208804831502,1.0500726143405965,0.33426810231707715,0.10996178963822148,0.7702513825756808,0.43471165670761247,1.232106085044399,1
0.9733662254954203,1.0144587589179836,0.5834953495908779,0.6627334431783206,0.7724447949549074,0.2527632273256931,0.5350452330595549,0.061386769623704145,0.9478131819474348,0.043702475509864475,2
0.8563938324485729,0.907779662543943,0.7571382531417932,0.8134576744218169,0.9119262881307277,0.35302338434598696,0.35715703800526555,0.9256669561113524,0.24333183702560357,0.5824820595924733,2
0.9570696063672259,0.6192142153043094,0.9713788877442433,0.5300200754820379,0.18661833367532102,1.0059888915877355,0.4144700341219258,0.16683878845305586,0.6235176319076257,1.1003247159911893,1
0.8465911495973124,0.845770580837239,1.009994463645091,0.6669079207228031,0.410990369867782,0.7949698116389124,0.07165895601143701,0.3853259500917059,0.4287883978248848,0.2724745324348877,3
0.2645023140807401,0.4914685099139254,0.8988507331969449,0.8034800614598946,0.10820088325307294,0.251863661752704,0.7672789170959254,0.719915330015463,0.47412717590432996,0.8435613154076951,2
0.2817712169234103,0.5002984819496008,0.8566052704881462,0.8910937118194265,0.3080571927447077,-0.06724837981077789,0.3099912514871469,0.3833156378036766,0.052533370566226756,0.4391563913764862,2
0.11478554714648027,0.3795655455058397,0.29526809496839673,1.0516068291119471,0.5266513271558092,0.7242023373700486,0.5168595937468249,0.8021721503996867,0.5382196061869229,0.6881005478447033,0
0.13368890340408818,0.6803806254808668,0.03146857261377252,0.128737991790699,0.7626173017847742,0.3834458704032993,0.4107216469567779,0.2813561927818188,0.20298274169393446,0.39155270892545635,0
0.843980969005022,0.3345509049364573,0.6875675684154537,0.052491107948744675,0.869504675525396,0.0028317752716651677,0.8927070508669739,0.6524931522223507,0.1975221637960577,0.7301023374696004,2
0.5894249469936486,1.1098471415045759,0.7188378651320856,0.7770028812519303,0.04375689845532332,1.1743704715191794,0.19953744879484364,-0.11586855488183073,0.6090332479734627,0.24566215274760253,3
0.07913768048390148,0.1615375699256011,0.49239602288785367,0.48692256595000993,0.9511029144109646,0.3096494760039713,0.575093419702291,0.8125947919104967,0.4247644731936839,0.16862248426176735,3
0.021502439944450627,0.8754685842855789,0.2731043268499662,0.8366900753535867,0.7694808084748174,0.07039778927615087,0.05693048792504514,0.7698786213795648,0.21923029316753598,0.9853898835892482,1
0.71532578279568,0.06869520839305499,0.7332683378002115,0.231324728787426,0.09670103485352322,0.9238015260701108,0.21704804586794418,0.5272394359103761,0.16209538530323486,0.8932340493326699,3
0.8586374725302612,0.27500007321673003,0.7366688248750539,0.04158075373077711,0.8892045113591336,0.04893007626376111,0.8354450391355829,0.6987591599955935,0.2508995790474984,0.7644607441668143,2
0.5093717432959396,0.8200323150316319,0.8805775129688208,0.4839430098725357,0.7656881538869661,0.8235256518030691,0.5383086478483947,0.36008060289672816,0.7386301115022074,0.46304831545800484,2
0.012542976617529593,0.6128579064572052,0.8099920720879099,0.22315074595015066,0.7265349825805396,0.6805137951109633,0.5326806409645375,0.08002901633620965,0.7756654898240798,0.017912279334286095,0
0.9207558970861768,-0.044831836687403176,0.604018941539558,0.050158250654194964,0.09976988483848354,1.019768254388524,0.07599770214192363,0.3096530169251285,0.18591756298268378,0.8070250926955533,3
1.359291646149187,1.2551665443549314,1.0115581857504552,0.8758184557255116,0.7715654204187806,0.5214852014660752,0.6734479021771556,0.3464400924590965,1.1239908576825821,-0.3324958384864701,2
0.4842632399123882,0.5698753234523076,0.22694034045455844,0.714654065593749,0.1083469495499147,0.3064699875259139,0.7992800867963826,0.37926485702780155,0.6993454485090457,0.23485029415758665,3
0.7182244446076097,0.47635400274377443,0.8680894582147926,1.128246989569044,0.3098607194930039,0.5139176099231688,0.07485782786742107,0.9212939665609466,0.6421619328838808,0.30166792500923106,2
0.6389889675935109,0.09310119495621706,0.4755034797609893,0.03362973685229184,0.6594768681361445,0.37549348010205524,0.45951778867493115,0.22829270487525577,0.7577991720315794,0.14509958924924068,2
1.1512157963300624,0.469346786209572,0.7849102805068522,0.3541821592536649,0.08882826168435273,0.8191691948115896,0.5302605779230378,-0.14457203295433008,0.6976935009412365,1.1679481896127464,1
0.9989835035856697,0.8113911299987906,0.05929763620832823,0.8204146556441231,0.5776013901262933,0.22137365734496653,0.910067697603976,-0.03475965280514177,0.3718115535599963,0.43605244967392043,2
0.7369303618180235,0.06609477549693568,0.7171389503232891,0.2673699617714752,0.09672718020890769,0.9987953302035831,0.15267720352627406,0.4948828518431169,0.23455958684771552,0.9292438329481549,3
0.06675747839501071,0.6865290424987806,0.03791446102426877,0.25898983427772426,0.8549569006547029,0.39470367454119787,0.3628973296435806,0.34178724177895414,0.1670752899761424,0.4070335610467129,0
0.6989503438053815,0.2700265157375404,0.9266217316719718,0.3550737341937532,0.7364703303721594,0.29522684130453375,0.37505278020220206,0.013717964132811506,0.505704627117212,0.712899670905855,3
0.49371584542641495,0.8487102830996575,0.8693962197672166,0.49498449472146655,0.760882048116798,0.8271067595631542,0.5574793757749819,0.37969477338443164,0.7473317000136771,0.4891911124365114,2
0.6229377743018857,0.3790197232399641,1.0432883811442015,-0.04764761173222931,1.1855100115089927,1.0027393542775929,0.4229092570111726,1.38884701640035,0.32564193975471556,0.44764620821380624,3
0.821348703229159,0.9497818119409857,0.1389364862636351,0.843879583010465,0.45475171705599915,0.4374702105658307,0.9234505832049167,0.01828436947346293,0.33378723011520817,0.20368049956621398,2
0.3840701021661761,0.2481856251492624,0.6145602698124167,0.7961521794535049,0.389910069944931,0.7142986769247234,0.7305527022683155,0.49381978710297114,0.4314109181847645,0.6096928392489789,2
0.7400520568361784,0.06797587696994276,0.7307244041303762,0.18210095086569766,0.07464816155537617,1.0059821476353277,0.1888831055954449,0.5181665270694129,0.2368335369736384,0.937379757995523,3
0.0927650456018813,1.3198753807625807,0.6245918197532802,0.6640974570374616,0.652185050315187,0.10601239419717158,0.052216196380164975,1.1059529480461876,0.354510277172613,0.6731732959756824,1
0.8402885917477672,0.029474881580154984,0.6414866865071597,0.21552430289203933,0.062140887641180406,1.0018479137943812,0.06318943058976041,0.4680011551118102,0.21530377277430343,0.7583183185427266,3
0.9680258549786814,0.8526242356300958,0.15974612202993804,0.8343304141196243,0.6012518961080998,0.29088360355886433,0.8869469954900154,-0.02923403680943964,0.3122682427683452,0.3694794189457542,2
0.8143417390113382,0.6253268104966732,0.7862480901083483,0.4423626702353003,0.5929469109598796,0.9902503103685755,0.31765058908348465,0.14714520493254124,0.275831485492435,0.816815421053488,2
0.6056626518441162,0.04247914674559643,0.5585322726565929,0.1257595958793713,0.7109574159680113,0.3142332794897782,0.5031551072373229,0.24035876483749205,0.5839802422616378,0.22488602163108873,2
0.0385373766005506,0.9962009333169253,0.2425773540929706,0.9015819134414776,0.7249908524287845,0.036465341087099735,0.08915650419878826,0.6979311932380382,0.13792622781265582,1.0295637530943105,1
1.480648432121917,2.0048877418988917,0.9169246296040242,1.8686731307931448,-0.8729189995108179,-0.22622440295568602,-0.15098071312949501,0.5945649384482382,2.2783427859015672,0.007916531752874018,3
0.2940857315491521,0.8338854604783323,0.07065932333463008,0.4015373438046714,0.6183615094657786,0.04238233257211496,0.9416460698457096,0.43631867731239204,0.5421146456559844,0.5644341302125518,3
0.1479366834116591,0.3221039797725664,0.30196985212212685,0.966401673774037,0.493171946044348,0.7577000271674414,0.43333310116044854,0.6625265111815235,0.5823297519449558,0.5729149339594852,0
0.012654363170492646,0.6139665354551932,0.8143045413528166,0.22720989207594067,0.7300806641420564,0.6787986166352669,0.5311405908073783,0.0818110409876866,0.7785612831049133,0.01849691573244744,0
0.40902368384372073,0.5937933173807844,-0.12523361742828665,0.6315967185636888,0.558970044459755,0.38822526068231517,0.23447446511238343,0.6867494882827124,0.23137999896669315,0.012800530629744844,0
0.00597203101850341,0.4580074796320797,1.0878341866060113,0.03420750876077888,0.6068097509737844,0.7796955092498111,0.5655364475364071,0.7614501834353473,0.554657084664828,-0.2693966254578619,2
0.09787820837257244,0.3629224109644361,0.35178486255719565,1.003132830972055,0.4565538589085397,0.7935738696103506,0.47451735658512595,0.7213834454810083,0.5652971436075354,0.6270829649631948,0
0.39979156345245404,0.3376885168720255,0.7599488435340183,0.7892590914493697,0.3748400534863307,-0.3428808410317169,0.2152923404895326,0.14111368504523514,0.4727063023136491,1.0503628930336466,1
0.25720082911395076,0.5663059521757027,1.1627468131697338,0.13524965231442654,0.6746056117141047,0.48397764156657347,0.6363295854702635,0.2874111360704849,0.8906986478355304,0.32910923964201366,3
0.9057996980650813,0.7446249777996792,0.8338591802721267,0.7615933479369499,0.9953179981822211,0.14102296992714214,0.2725324710856652,0.8509860225046637,0.25719094468880366,0.6697455736840687,2
0.7911903917332241,0.16919503081887513,0.9228359879373587,0.41190941029885997,0.7655458414739178,0.4091374086589916,0.4041033500444509,0.11635573470050789,0.657991335814504,0.806342606054762,3
0.5011105984901203,0.8223785554124632,0.8726020744919849,0.4718404405329669,0.7682308297639534,0.8284924008458668,0.541241537909849,0.36821010998445114,0.7352806138664625,0.47472295960462824,2
0.8536687695293368,0.212724944944361,0.300218285477621,0.2537332259667923,0.7913032029566669,0.8491682703128831,0.7646468073033283,0.5270393978895619,0.7315344496344098,0.06910786263627883,2
0.8623409577099668,0.29911963944945935,0.7142281556006846,0.01809644266745728,0.8941535565255904,0.020860214040941478,0.8580261469845016,0.6528787646887391,0.22580955987324056,0.7717747893551921,2
0.14229106954654522,-0.11352717623131223,0.47435098412066384,0.14111273412853553,0.8026811347792407,0.5874213537550714,0.035709713553314926,0.6453516122546817,1.0822038822818694,0.9611598373304735,3
0.5656688417555403,0.8027154212975642,0.1827162900357141,1.0017663033965323,0.3932231537847213,0.29572439793633837,0.25653036099890136,0.4270343062976689,0.19147420617588404,0.9195324484189491,1
0.5237263562231311,0.2694717166202487,0.3812292613781531,0.03471072473465645,0.16161257794061198,0.17182211599698252,0.5415490776637967,-0.011715422777904699,0.6601171262629657,0.3727157460321008,0
1.1017523791145574,-0.07872912146637734,0.07506930212622381,0.6321703972277511,0.1598949701678669,-0.004025130905787044,0.11682875062298376,0.07792322696889649,0.4133452376576816,0.9647225030267818,3
-0.12766975392834962,0.32112406996710213,0.4637634525211454,-0.10725106354034702,1.0201733323340667,0.7562224257253429,-0.06229913840848368,1.039775825963573,0.5671786294258083,0.9108861661216704,3
0.012577570750291435,0.6140711883792628,0.8131973120559749,0.22795693096676892,0.728933262549212,0.6792378568512184,0.5306087245036317,0.0822719275247175,0.7793639836263918,0.01813439749696561,0
0.6035681268245524,0.5665094225218024,0.2866130049574285,0.288653987730886,0.8257596495149401,0.3496534184471113,0.36428672280703556,0.045898356084832836,0.2504528369948868,0.2135561193754537,2
0.972517499084655,1.0363926561136905,0.6264674958346117,-0.01429573982621514,0.08170616242718812,0.21742111734002253,0.05619032383267551,0.7496882914203383,0.9827523508033034,0.6684587996634044,3
0.6869968644783254,1.2057670373697822,0.5809400374869251,0.8763920216345713,0.41527783994430445,0.9039440220940008,0.12844013493148293,0.43419595010223555,0.38631444176097185,0.26494732523597675,3
0.5278058154529247,0.7778238462443366,0.7933991313725027,0.4971666566542561,0.8866881074627769,0.6921738662533976,0.6035743230285022,0.4765152903862774,0.6067748812595757,0.46920425932760224,2
1.1590274519707966,0.5564080598185537,0.9250080049079676,0.2414362233041062,1.1307288762134031,-0.2829833727229974,1.2432265637287,0.2240340418797922,0.5347901826575882,0.42993505938258003,1
0.3601515688464275,0.8941936331571506,0.690757433131451,0.22076845707861867,0.11263743552591966,0.8276215906509804,0.5268806780648673,0.4832768313257215,0.35226496107825644,0.42864058226383733,3
1.0852114003123603,0.7511241228359021,0.2959006067511368,0.6576644417881594,0.5197676449855724,0.2481110648348761,1.0079531196153704,0.18404123090712177,0.33880924608005003,0.2983460162182455,2
0.60564413654061,1.1515463951063878,1.1065685397191343,0.8633834170946817,0.05305206855569583,0.7648231131731184,0.4893330663666322,0.3359977253990324,0.2861720471090859,0.106880790098909,3
0.859001019334887,0.3073173176137204,0.7313781386484604,0.02787009257353374,0.8952374611311551,0.024013005718472685,0.8753007913605801,0.6366466500272975,0.2274938823174227,0.7799288395261494,2
0.9358197565826616,0.954225833623281,0.6616481889261361,0.6539562016824816,0.824012232188134,0.16105184881085693,0.3961151322757403,0.036859874557444265,0.8661918847447534,-0.05734410962439816,2
0.4662504362705746,0.7697893115672655,0.16956300390629836,0.41276629753989824,0.7373925937810046,0.16910719532524024,0.9514329015682437,0.3751773346889345,0.7072340311707526,0.7317204850868965,3
0.5871502515753082,0.5682151960646489,0.2832389004118654,0.2892833018384141,0.8202868568044761,0.35747478473398747,0.38585861170596636,0.06771388054087324,0.2213252020285587,0.19223590872023813,2
0.7949221914843771,0.5556672842125052,0.8215074745322065,0.35563350144920663,0.6955784393256745,0.883425692839113,0.2366542727877466,0.19653883594267205,0.16005635943181265,0.8111189278673558,2
0.7811345139018435,0.18776513074955015,0.2745682043512159,0.2673228448462366,0.7889942440224973,0.9114531291786947,0.7363046947825631,0.5596519258879958,0.784779753483569,0.07991239431030782,2
0.7298378280275755,0.052553229158876405,0.7252058617425894,0.24733205872067482,0.08642047962795844,0.9615080059549411,0.19614384831373805,0.4823515228490086,0.2006359760814235,0.895959464810684,3
1.4108094127171047,0.43101167437751003,0.18820612832812483,0.7386855801418268,0.759316550930128,1.2622339531689555,-0.06698140761032051,1.0636599625698548,0.5342782497249591,0.2045842374163888,2
0.9367371410575165,0.26435686201756825,0.8391585016482107,0.2916514379546544,0.11298928280552926,1.1067065522027728,0.25570160240058565,0.4131309103767754,0.19839018182708706,0.7432741527914868,3
0.056539238392854095,0.15360943597528764,0.5253125407491241,0.4962639234698771,0.8777265853345217,0.3376026045464799,0.5107735467462692,0.7382428276616858,0.400420737475975,0.15749591691539044,3
1.4147004552214846,0.30155826782010525,1.4499339226130545,0.8206407428042541,0.12068435131058414,0.8304248680697841,0.8624220515802261,0.9915398957291841,0.3323842021567158,-0.08477019364239419,1
0.8980238227235138,0.15827221226511132,0.8911986306723587,0.3568715947405153,0.42681378308738943,0.4291807991956927,0.4529135001302425,0.5686080028523198,0.4744372158653521,0.3138527869250409,1
0.8516505990975554,0.29422806949001346,0.6809169585662165,0.056359216449319155,0.8910820770929847,0.058184125622594236,0.894080625263725,0.6684781628195909,0.23983216759510256,0.7782305680157326,2
0.8731181844668429,0.0636758965595225,0.968421407817094,0.24581939620136223,0.4433674212006549,0.3087601758242129,0.5077074662438484,0.64487922725214,0.49205467983976564,0.41984071869387174,1
-0.12655628761406865,0.34808437771233086,0.9343483404210153,0.954580610811205,0.7635560754879192,0.11467371965078554,0.9134346144030628,0.9118934000884438,0.8418666292924972,1.071714383690038,2
0.8899118034577047,0.9225213045139558,0.09214656059242662,0.7772339654971643,0.5327855301467203,0.3299405028020135,0.9278513583554562,-0.01469602745071133,0.3213523027543071,0.2936343274878039,2
0.5300857627166329,0.22704858022832922,0.3552263074074401,0.03863990498822175,0.2079963288455446,0.13017181827081858,0.4997907258939729,-0.01957308325384974,0.6812666679937329,0.3198478375811576,0
0.1996007411470846,0.49259870635497527,0.9706720688533276,0.748232914723769,0.008797761599383364,0.23395461865393513,0.8066151690942649,0.5892355682096674,0.34114051440417537,0.872773320119534,2
0.7993827650928403,0.5525546085821323,0.8119087673848581,0.35031238004598,0.6157318854384248,0.9593419663356505,0.2798733624354899,0.12228080020107829,0.16536924570905656,0.8676178385157255,2
0.9832334341343156,1.0188192226862463,0.6390974075272131,0.006021680350408799,0.07929365874864791,0.22196338910771676,0.02320385915228837,0.7538529839374039,1.0041812917435207,0.6933796996816041,3
0.021359033954654716,0.12437920860470958,1.6211648833343613,0.518257052886303,0.22321566298894224,1.4401611661998497,1.681104015865948,0.26976750807825545,0.42936013719479116,1.1421228261368377,2
-0.13722317100454057,1.2352892996683456,-0.3230395686319947,0.6805250211810561,1.0557932509475403,0.5364413301819673,1.214389380465726,0.24479167149303843,-0.2608298721364068,-0.42741279513076136,0
0.5876337558141677,0.24289742782260637,1.1177633008145518,0.5208205824835273,0.9727473160419208,0.4197511469172788,0.40383964294224156,0.41635146487655494,0.961264276450692,0.26431998413398905,3
0.4190961682565385,0.18683751798894524,0.973551668293026,0.355737542699433,0.7653198698798535,0.3734906835913478,0.38887315865837435,0.293291659132396,0.6722235157621651,0.5358170140286278,3
0.9664149126059565,0.9940142155696862,0.6486980708810148,0.0037060513208393817,0.09497269003363358,0.22519473504936713,0.012091456126046521,0.7375431862410539,0.9723171378725959,0.7082164649535103,3
0.6789545403942427,0.28455581011847025,0.029308328387840366,0.7103026951697057,-0.11402579717327063,0.15200447902279518,0.698188086706563,0.5641366835147281,0.6849271797834781,0.48201714470639023,3
1.0249691725768149,0.9232112550501087,0.09926815000076679,0.8752322509481669,0.5517540080894129,0.3132345739742189,0.7831536592534878,0.10838011215313612,0.35202176876818614,0.34977402910467453,2
1.0632786495201774,0.4832626997818391,0.707912539808558,0.4249914354446116,0.1784405914852442,0.7995651769655825,0.3898278298856028,-0.01829120621787896,0.748176423117887,1.0701132126665907,1
0.5577174565915195,0.26616545219222204,0.26460942225136674,0.7107977085610404,0.7388158922897831,0.32136772570990996,0.7234070492047795,0.20262403735699686,0.18734451126010535,0.666563986685017,0
0.9452947481521514,0.1834239863462559,0.11281767103466261,-0.052282506584261354,-0.36252188376855354,0.34489121316628557,0.4994464037562156,-0.3045616244009536,0.8538875044071658,0.3008831222778651,0
0.8070449442587396,1.2649018984296894,0.7694197930939239,1.001616824414108,0.40814862696247145,1.0402760737562726,-0.11116307080957977,0.1986963411314396,0.662932710407498,0.07323502882102458,3
0.3453799688065161,0.9107295208500639,0.5355408798545436,0.6497231877614327,0.4344037317429916,0.7845826613386849,0.44801565557649015,0.9088855446766358,-0.13819733039588444,0.4432956754616938,1
0.6616296063756156,0.49417039523370404,0.6018581131162448,0.6792512141703055,0.05503665460188851,0.5093008091863601,0.7461651141000579,0.5328714236568068,0.5516482740145288,0.08237944652471323,0
0.8367738501112818,1.2631464025820294,0.7990438513794288,0.19561636625877016,0.4395147278597208,1.312968458056293,0.5686998540690067,0.3543131683076413,0.2930967142230124,0.031315098711340916,3
0.15934936652987083,1.0088726374067352,0.6972951236167683,0.5545959992037748,0.8630331538639935,0.23184397802722062,0.9315871294372651,0.379926906631119,0.6857772236208705,0.6779740646634518,1
0.8119725967866589,0.8161593419349089,1.0269241098069986,0.8505189427819387,0.1863929570132761,-0.1748514436385285,0.13689242706265245,0.8260903403112266,0.4214029198134285,0.3901609865711998,1
0.5519138566926162,0.6338678396675395,0.767873289215809,0.5254635038920829,0.02156357740233783,0.6778968322502419,0.21127715977320682,0.4893804750157365,0.3149263054027041,0.2762674183980586,3
-0.02999845226844705,0.8161277526000876,0.585739756399677,0.6887263402793586,0.7319468667865011,0.3323158470379311,0.8876582837627551,0.5235535728899265,0.4990797566917394,0.7323249582303812,1
0.8168080644552042,0.6679979091314522,1.0963355473889924,1.1989294837445441,1.0895190715088061,0.3656455486698674,0.5220041995456908,-0.0757876261521997,0.02307296369877604,0.3127674900001751,1
0.4367007852406783,0.7962339428983178,0.03998604786161176,0.3092332751110131,0.6838077460893051,0.18695361368989447,0.8596788795944441,0.3493967488132713,0.6683409694706806,0.6341594481741735,3
0.2494766423597472,1.318896403918866,1.0319472240824137,0.49473818260192176,-0.10900311168335186,1.3093324358258251,0.5908150827337794,0.3025757265470545,0.02202782909814205,0.6926820142505458,3
0.9874847175062823,0.939781980765818,0.14054474761972885,0.9321305456264567,0.46325970758361545,0.4602034671099781,0.8778437965191914,0.12059195821534605,0.20533068508822885,0.16058593377363514,2
0.3536254413207608,0.3833590098198672,1.0960981999397463,0.5069410093526774,0.27032421133216644,0.28220172352253964,0.5971630405461762,0.8006080704248763,0.4814833026558712,0.6177852209397594,2
0.5319506889074886,0.8954721798854677,0.8243983949461381,0.5527868451132788,0.8638573427747787,0.8628022318722873,0.6020488217980305,0.2658672533403283,0.6435353044621432,0.391279317406646,2
0.2958399111408872,0.4142109641211619,0.9282822660004431,0.7199256849561481,0.07929009233650183,0.10698094910718317,0.7679696115712891,0.6715585161703902,0.4195104736613712,0.7927602440491663,2
0.1779200989733614,1.0608918927231739,0.6844863249581254,0.4595180219937713,0.8434524222675215,0.17377443418352972,0.8649116462647977,0.3111913430171118,0.7325327584861199,0.6278599439325188,1
0.6631544958728441,0.4956736998256432,0.5896286327906114,0.6777953915236391,0.07923787234182689,0.5269596100442197,0.7705298620174372,0.5226848548221005,0.5358303518859869,0.07104803426029846,0
0.7856010770685306,0.8199437753270394,1.427502301190327,1.444318364778592,-0.2023266026419845,1.0290000895860603,1.3999438143318743,0.7947607620537203,0.42431193776560866,0.04617982318361047,2
0.5021573454140769,0.8105597337316407,0.8677261950101256,0.49178868919558605,0.7763234332145161,0.8306397913174997,0.5398627904854695,0.3655589275916736,0.7372081171251474,0.45899422100358467,2
0.1404912963770491,0.6816386882966595,0.2749855204962771,0.09483297919528386,0.9053187131932482,0.31102764633947544,0.26009390973756236,0.4732329682535982,0.3399466348770662,0.5367277764067109,0
0.4916414962850513,0.2453384609447755,1.0916681429686592,0.39952390653212766,0.6677124026127934,0.35443535630911094,0.2805978227135203,0.45254589510959886,0.8468138130882359,0.5887219821653575,3
0.6741388409328799,0.5474683516711759,0.7703130683373887,0.4602777408779719,-0.0662359201423133,0.7789376995372435,0.10496971751387106,0.9102904457769745,0.2898370728153599,0.8290578401014576,0
0.9572445203556356,0.9988877447233471,0.6446917355335544,0.02730351236165499,0.11014632319521028,0.20355789167071994,0.019986544891200792,0.7337212485508209,0.9830403770813293,0.7106259481630102,3
1.0455330123416626,0.4335376103093919,0.7128320989772661,0.3411661034436309,0.04189295338401282,0.8665691250000784,0.40829214129560715,0.08702526595660104,0.7487963353833585,0.9773516944833587,1
0.615776749507791,0.3824849156021825,0.4034328598346667,0.3482971463066909,0.5072593826000655,0.2600899365857653,0.1460131488138221,0.08613230874252348,0.23248624578240873,0.3432711061118377,1
0.15195926371030286,0.9979380789837828,0.7029631640064795,0.5363941261837527,0.8448311437856947,0.22890073140191955,0.9383419886907475,0.36458221186643924,0.6920065182598961,0.672525733722858,1
-0.08279039927127962,-0.006811250550192424,0.8262010051255888,0.1960223531088109,-0.12523989333766647,0.45412976075166867,0.6133210754749311,0.5631269275221057,0.541020499802201,0.37759910633815474,0
1.1416260913882246,0.031414191163990496,0.6767154598562848,0.42783742433143324,0.6619636868171197,0.4250222927338837,0.7460612792873849,0.8784226576677701,0.3144788241651839,0.4373357706592706,1
0.9098543275355445,0.044431309936066414,0.25238879110326873,0.49422158932432436,0.1765951612633639,0.15855563150256552,0.07939831732777364,0.05815778323809356,0.274771715106703,0.8358357165761576,3
0.1504913986799934,0.18942308326528795,0.15423431592970477,0.0881426219681312,0.35066319293873716,0.05764749623943108,0.12931409143733308,-0.2273125812922407,0.2626651854208856,0.3847091834323613,0
0.6647858658527692,0.12354280015835842,0.5445074175719089,-0.12306867135196922,0.14858645371628953,0.2910132799438687,0.5781445062590603,0.042204719995399084,0.5146330059376714,0.44755124343503894,0
0.6682550660512848,0.5082146862917053,0.6087870413593749,0.666228256073877,0.044466217807820584,0.5276218015318327,0.7566012012140321,0.5443754563784389,0.5551204477212586,0.08807508872615184,0
0.004655611352851323,0.06107910645536355,0.4889898235779006,0.28362998521324795,0.8390903064069155,0.4129088849721239,0.031556687571421924,0.7015279284384102,0.9452178308068676,0.7803323607176974,3
0.721059846152363,0.2525103921885386,0.9324430494520781,0.377534555842206,0.7048823029057345,0.37789210907809406,0.3236489941685894,0.01452579286505982,0.5321972253775977,0.7981764229873556,3
0.7664544384829123,0.23208738295237386,0.26198492414402735,0.2596145056559902,0.7848721832802187,0.9797075369944293,0.7949577344972376,0.5072091653333416,0.7580852564788277,0.07767869604025963,2
0.9098222517541109,0.9010115292546811,0.11960227873748773,0.7696957549769816,0.5588050095793734,0.33148281786136957,0.8964948190410374,0.02377454052237605,0.29976978738985194,0.30754724245084114,2
0.6517466994586356,0.25551182117657084,0.9889502435454193,0.3918174418934985,0.7195595278418663,0.37373212728365796,0.3653104886374531,0.06356738171677366,0.5808385622856547,0.8518390156124883,3
-0.008479685997432096,-0.008284771605393426,0.6645462802612121,1.0799008045871235,-0.47242619390705376,0.875898591929355,0.3680009315905776,0.7314115002143791,0.9681345856022685,-0.0722160744808199,3
1.4274321184527081,0.7281060544857256,0.9062076071527164,0.8881915087964809,0.36877980010888844,0.7600149546965785,0.6973912599664953,-0.44863988704655594,0.7430832906108666,0.5496190347497618,1
-0.027978897286859428,0.5557633255557892,0.0041385950579582165,0.27096609148966716,0.7767884675525574,0.29494335636110847,0.3719596837248855,0.43086721029834635,0.07402052854761079,0.43274197586030283,0
1.0028352398871712,1.0398575698377233,0.5337706036901707,0.5665667653361497,0.8320236024526084,0.25823263570645827,0.5884613636717821,0.09231261788796834,1.0233607009914096,-0.047865627911611114,2
0.9790474204782278,1.0130070601895222,0.5394786405337332,0.5954916990819284,0.7448365949781132,0.29047914131317665,0.480443145272334,0.07754731300027559,0.9848282979825659,-0.04201329007095153,2
0.8019506841056212,0.5808125513390764,0.7753076745352513,0.3807460815659158,0.6391395664162369,0.9370428524723319,0.28718893177185595,0.15323461911064104,0.19873531501331862,0.8558116183177005,2
0.8524165830081167,1.0122735375161043,0.06581009874363034,0.8533298097571982,0.5509369181946844,0.18872975442620016,1.0300355341444591,0.15617803348698683,0.29262389309788034,0.34101371195442026,2
0.15752465685030534,0.7922026796753641,0.7368860619127238,0.16837159224432605,-0.01065892739702684,0.8244012888948031,0.47691677528841236,0.6151960638916082,0.23663704631791874,0.46027781279315955,3
0.9929274886758443,0.986626069291563,0.05102307175845121,0.8621648102038842,0.6626322634598293,0.34524157920442233,0.8268147991338495,-0.04633786989769777,0.30873878019100204,0.23605158752640276,2
1.0918854172994155,0.7525993677584488,0.48505410340634225,0.6009431669046651,0.07828929160071176,0.5524732955846025,0.1257121371376339,-0.03574120030880988,0.49168956519305607,1.1153312809344997,1
0.05903501763673047,0.5936391958706749,0.054348736845850336,0.1880983162686068,0.7704220570223681,0.4372605537034217,0.26637567863661243,0.45957408504189556,0.19087885257796494,0.46038754669327625,0
0.07580484199892695,0.17796553624731465,0.8141099199405796,1.15481364387383,0.0860193265081229,0.3798743823558847,0.29675620475329745,0.3052012246259675,0.11203363315597126,0.5460388233216101,2
0.7333504601470779,0.0512528821292431,0.7414319015503872,0.23417155635527157,0.0942717905135406,0.9456304857638628,0.18661346940142623,0.48344236155536957,0.20757325894357723,0.876488608588861,3
0.8250862987199353,0.30056635946129273,0.4679297322747676,0.273821254667394,0.23817977710570282,0.7071633353039344,0.29468812444227654,0.33680660539368856,0.047073895004049904,0.9702935101422501,3
0.8154365477777104,0.572204745934748,0.7720984300988166,0.4015339390858961,0.6315540228655364,0.9717991547664172,0.3320646148607851,0.14191760252845212,0.2372147514139342,0.8761566186133729,2
0.4777945290212237,0.2385979974904867,0.9904051291073099,0.3650363868732004,0.6390283999521504,0.34166371698732145,0.3875301406680103,0.4632122489115458,0.7524456727266574,0.5433227069019584,3
0.821124052642569,0.572513523086404,0.7866352602301139,0.37242286691611737,0.6207445676326749,0.9489994026540128,0.2732485044635129,0.15544197816464542,0.2030677219646748,0.8524909504879516,2
0.40877078830108315,0.8754760368296189,-0.029692014625120777,1.3355144923663462,1.2910407081484032,-0.19512984779329512,0.332495739971653,1.2503915332850528,0.19535496805954175,1.5530866899754128,1
0.6915195356196753,0.13098686389136116,0.7098154301995978,0.3243076815575085,0.04176928339363153,0.8923463130828109,0.22896517513322184,0.3981455521239546,0.1658234886339778,0.9594739272108536,3
0.1700937473730971,0.8501810092342963,0.9067901070608685,0.39768168217949085,0.8141590754031216,0.2829036433795968,1.123110176985879,0.44743968219838776,0.7335239030303726,0.562555270682989,1
0.728268472376999,0.0637353814704081,0.7253057885235383,0.21774630712831022,0.10537283328761873,0.9467695274504271,0.17823081767133359,0.4776720549516354,0.2106171573634441,0.8934878665761209,3
-0.4931334790406371,-0.17363693826418436,-0.5735755148921439,0.06961747902270687,0.7632501403250176,1.483892413386421,0.5382186920946416,1.0920169795848145,1.0850495228179446,0.20218592928017964,0
0.2893567238995126,0.11841407701227236,0.005587877517947412,0.6299188989441855,0.5103383393949084,0.28538985965771435,0.7524337444403232,0.29966884726341453,0.03900997384012025,0.526799170490529,0
0.6070009099748732,0.5344223699986451,0.3192070931558563,0.30453488737848583,0.7984241032732787,0.3671721575888584,0.3891250826571699,0.07058703112469476,0.23692817923641823,0.18349516110525982,2
0.1438822498771734,0.767346114715356,-0.5003831001005528,0.07132215450960722,-0.8255433514431187,0.9448971170154734,0.606662014011371,0.3024329396767305,0.014113750315732032,0.7288554259547804,3
0.8647294231951927,0.3063531876894407,0.7011826466894511,0.026603880785092945,0.8756808409653475,0.005784059012567755,0.8641678401534162,0.6732355687901003,0.2335377503349474,0.7611650176209398,2
0.4307768669705896,0.8273260445854942,0.048586203654389995,0.3313070862384096,0.6774233289757688,0.1548328205954087,0.8990923396570909,0.30577527567212115,0.669600881717423,0.6118405441288687,3
0.6582822651988269,0.4933475178934838,0.6029569966277236,0.6746166499989772,0.065857784273479,0.5137225146547417,0.7458877830585209,0.5354395293818598,0.5609841265384666,0.07406284246172332,0
1.0485394828484558,1.0296671492775245,0.2483290281648467,0.5464955146419829,-0.07338150282847115,-0.524729702746739,0.7603295589866215,1.123000840372516,0.6662853145114429,0.5421180101718697,2
1.0398095753706689,0.37798480610023333,0.3548356650934765,1.0357965917316134,0.40479091275891294,-0.39869143196514334,0.12255543955929885,1.4167186333904547,0.7462659999401277,0.7005033249628191,1
0.012586917222726772,0.6143598971335789,0.813555123780105,0.22656767946922338,0.7293802217798335,0.6789403004935725,0.531170369398823,0.08266186492438313,0.7779114311563051,0.01800472600788418,0
0.8812469752445421,0.32158016725341665,0.6826009049915316,0.010589390660644585,0.869728597479838,0.026295874093662866,0.8577813943510507,0.6734826611368535,0.24377191781221016,0.7743535752128189,2
0.216033373078526,0.6402045366587493,0.024562384221520628,1.0086670248909761,0.9318602422182808,0.21735378696084254,-0.022055438251816127,0.9895210000303756,0.09144737006706255,1.1045818166990637,1
0.8840926956413017,0.302339032483501,0.7169322204750513,0.04587076856085301,0.9068635387098488,0.003453956364545735,0.8603641980405512,0.6634832166637925,0.22324566660646847,0.7506337865574907,2
0.014166996121123527,0.6131735252053101,0.8137406301834349,0.2292578285104976,0.7316590415591876,0.6801773969773349,0.5321537282527317,0.08116589540337009,0.7787522023377036,0.020582380129318362,0
0.0555305012006866,0.8686876553164713,0.5382562353957618,0.6239428207629688,0.7593645697529479,0.2190626995690876,1.0056500479647517,0.3236012028935332,0.7766253936313489,0.7960969490610883,1
0.12886649978481846,0.6295293101238797,0.6420442925246259,1.1436403006870015,0.21504475126476386,0.7717459219114035,0.2906949340680851,0.5871575016441487,0.26572681420482686,0.35590688867219944,0
0.05706660145730667,0.15121631207675715,0.5316465445189644,0.503384173563662,0.8762954504235293,0.34235627934723584,0.5059343382600383,0.7280957601860576,0.41082241443362943,0.16076129516510784,3
0.24240179230103673,0.43795074004948464,0.9390772108936992,0.7243976802394418,-0.03496296292047176,0.14786131600912888,0.8040935634914136,0.642940173142634,0.38130798279153916,0.8031239291927371,2
0.711569167521062,0.2781709736751121,0.878561472133957,0.33326393425532314,0.7018513180968049,0.3632542212514373,0.3114307681960846,0.0374670526173457,0.5528794961169928,0.7679960924603065,3
0.24941525965152858,0.5022046394897455,-0.11133363969301438,0.180036193443538,0.7714641113302024,0.3093309236116536,0.2150270893356037,0.2721618472392731,0.3533332800049736,0.5260225703509711,0
0.776427723542851,0.32305478116562303,0.6929880020814978,0.12563925097527992,0.3628581114979619,0.399739940310101,0.2038362658958639,0.5670173100920535,0.4511529188932531,0.5260705677708437,1
0.7883242744627887,0.5683586599567622,0.7640596891353318,0.3858092393381651,0.6438413377956984,0.9548744473293072,0.3056064172743503,0.16061518834098665,0.18132442378698962,0.8590725047288803,2
1.0445413939649968,0.9825453976691787,0.523474272790728,0.6339167224473378,0.7726354490028962,0.398950435857739,0.509070507127198,0.20580055997379768,0.7791297602213421,0.011146637251679987,2
0.011884811689786492,0.612159982694395,0.816210804937224,0.22641086752204212,0.7287860784559966,0.6800672050040641,0.5307157952511932,0.08105687797863188,0.7788418198595314,0.017008173787092264,0
1.1751690066911058,0.37962727483298353,0.6452607806178762,0.4034540101223378,0.1952060872328903,0.9669915622043672,0.2631427550880796,0.15306399926260514,0.703458215535566,1.1443614703974856,1
0.5443177611188424,0.37386376149131956,0.6531556097611463,0.49322707075982397,0.19145701089639228,0.5486160281821659,0.9630066495117303,0.43415685784076274,0.6258039714957206,0.5579004513955192,2
0.12180539400058406,0.16262364552851025,0.5382702037310205,0.25054059007153856,0.7344802033113941,0.3192745688595261,-0.11685249787823962,0.8031481389480514,0.9933342915112691,0.8642505307514508,3
0.009572236673903249,0.6156981246071048,0.8201402448417865,0.23367428000976262,0.7338949390607331,0.6873967797170811,0.5320801404169408,0.08387274506427031,0.7830457032772551,0.02626802203374681,0
0.13713394066114978,0.03574073864898342,0.6516808969033875,0.23404449102847608,0.039277669653449934,0.5049101450305057,0.524659368480016,0.5973565172842209,0.4973394218521627,0.2307057301400838,0
1.1936472716902486,-0.027279370248604162,0.5912486614491057,0.666385241557069,0.7068747514544477,0.9231592489149925,0.06706211692507719,0.8715088416495802,0.6566301927670167,0.4637537663202357,2
0.8732554765315185,0.31391517562030957,0.7153695290480501,0.03864849987584019,0.881526223028214,0.0030162575319034463,0.8834805356511307,0.6581817080020961,0.21467360880858832,0.7702765196822685,2
0.701691474148824,0.2769102003799475,1.0747131439127096,0.6287003592854095,0.9398228985242222,0.3061546170088103,0.535347268275735,0.4285698041290677,0.9109218060536336,0.5821722152498076,3
0.3322691299343966,0.02194172760661628,0.5281330843769332,1.1634507005495247,-0.4750909235913182,0.32053005878989543,1.2482217512849725,0.31586017973173663,0.3393135109300816,0.6400427425273756,3
0.4488764219377031,0.8153737571516104,0.0015081005610207907,0.29661847283424986,0.7283700039177821,0.19145941187427012,0.8154590777658401,0.3297504289513171,0.6189380535566928,0.7072144243932447,3
0.742533213728332,-0.2908260277267232,0.9551745232922253,0.7735009080026796,1.174607080142146,0.9766072263945553,-0.21958986599579905,0.7723614161570632,1.2155059978153109,0.20997866664471715,2
0.9876199671521511,0.9870683741445825,0.6530717788670116,0.0012200253943434256,0.08127619410313522,0.20650118272783116,0.03153291379682441,0.7468302956468048,0.9687159624025811,0.7003459530680811,3
-0.001166231669249708,0.8621675110039634,0.31154824446640683,0.9339074408087269,0.8091733764045053,0.022507577360973897,0.07297519299909368,0.7270852373591853,0.2455355911665949,0.9215971465304318,1
0.1930276609907523,0.8375118863695781,-0.10709535029107276,0.1530168693827238,0.3517155142949834,0.5475812618769084,1.550645048752107,-0.5494285901681943,0.5738227566541549,0.6538882769319023,1
0.09526162251365933,0.5136671081056428,0.9583205409335506,0.4531343016683324,0.027400886912501754,1.2134859097819994,0.4713882216400932,0.8919694654393737,0.39969397831867015,0.717422008919638,2
1.0527004761014378,0.873980597684355,0.2620404955195904,0.739654641374413,0.5549282273129997,0.2614635108908964,1.1166982960976564,0.11677702688976233,0.4912064937294026,0.245067202345369,2
0.8475861374189365,0.9738862131788002,0.9020065654732211,0.65432418842492,0.780219023201566,0.20775128335375576,0.4184044022933487,0.8325590358138029,0.4621032981408657,0.4417952000798755,2
0.47334152869385504,1.2866120474580398,0.36569262612533937,0.27445261716570357,-0.3557265869792744,1.176043274626602,0.4798622574211963,0.19639298798544597,0.905870243621142,0.8529004178293793,3
0.6754878022915196,0.528828837594078,0.6077251995732534,0.7045196370175011,-0.2749531108932244,0.5661623512607542,0.1902732036584672,0.9447031162882443,0.2509809284449811,0.7425461442458949,0
0.11272399625615621,0.9734412694502265,0.7150897002385247,0.5007605716265148,0.8026790528615214,0.2862846691008843,0.8982062160497788,0.32513824988565704,0.6400554483415432,0.6832012745554414,1
0.21631596551377869,0.15015058602556103,0.6414995956621912,0.13301628947164287,0.6247831933396425,0.580417069690504,0.3363243375013896,0.9344310370298241,0.38413626652758415,0.6175685691787336,3
0.8652216467737575,0.3089643967613141,0.7097016822332999,0.03816454011291113,0.8834628642103624,0.014985895788500408,0.8747625715137284,0.6435610308948595,0.22177494553870417,0.7606793514617359,2
0.3675223658007715,0.7218533025681181,0.3919935657519812,-0.24168361260558607,-0.3157298189389715,-0.14329574626281338,0.8453671131057978,-0.054094275153209366,0.6540966911281584,0.7546573582206355,0
0.012679946136379086,0.6134328130078859,0.8140015175713509,0.2267956554305413,0.7297811973767545,0.6787759999853933,0.5310847256449553,0.08202941039145989,0.778005453510055,0.018226037216519997,0
0.5906298358339304,0.7000106321271745,0.5263888121601347,1.0354712959640828,0.28714512783197566,0.21115942278761538,0.8079802565438222,-0.03151879533500804,0.4605141701344936,0.6846756079583017,1
0.45169531101356697,0.7246206880691427,0.8592579344199702,0.22227961376317326,0.8190034698755915,0.6167093943231915,0.49152012250972577,0.43967233356090496,0.147449118237062,0.5581834393266266,1
0.5588147957760398,0.12243462216532673,0.9638317934707128,0.38252248434368785,0.7359529051093988,0.27758547989271676,0.4058743978725954,0.4241227397059955,0.8120997718509513,0.6326756076762212,3
0.6589808283339297,0.49166310048540557,0.5937925803592071,0.6778071447259987,0.05466349047767773,0.5135726868649275,0.7523026640946946,0.5398709246417007,0.5523357740739685,0.08482562954393812,0
-0.11437001984777706,0.7730667379683072,1.2807982676089131,0.7572155649166061,0.34365882884730914,0.3865930375139657,0.6860785919000243,0.9804140452559806,0.693644655464309,1.0052294392531784,2
0.01619723445722164,1.12030199453835,0.05429651993268586,1.0710392305116379,0.4517577841640867,0.20943186476676562,-0.23481856421718011,0.46200132413582223,0.26265013255203506,1.24313541826319,1
0.42560773225660536,0.8356272715958875,0.015811635908963298,0.2697664327277512,0.660443256951007,0.20639586616446873,0.9171260902446986,0.3360444453270255,0.6644123164157895,0.6561863299946884,3
0.8259209247523498,1.02228652013037,0.2224568344777031,0.7645282197815854,0.5810833109776687,0.3300609284487351,0.8377252399442252,0.15351381267261474,0.28622853768456286,0.40311332443710723,2
0.7067572544020649,0.05854542388864479,0.7496011548931034,0.2967623767524472,0.08817967123781013,1.0015487856701821,0.16058202328257717,0.43558481389284875,0.14267000801017116,0.9163414613103308,3
0.5203358606485643,0.2016661255975481,0.3483840672746991,0.01840897452880926,0.18718027745285654,0.10814083410891279,0.5620243717062786,0.023450872012797264,0.678026796787105,0.3662692524130265,0
0.6347889710111296,0.07069230954300565,0.5966406142273899,0.163383482989151,0.729554006499587,0.30624857159666014,0.5689769573701041,0.1901688699159799,0.6528137992077334,0.2448856075550626,2
1.1087985103601077,0.18331494060812764,0.45322900426832935,1.366220878262752,-0.2330274189372751,0.22908140072991978,-0.1953612842912687,0.45159145262499595,0.2517582258672474,0.04386079892519418,1
0.37641959986855167,0.7472483559702701,0.10150280199889619,0.18402979083403168,0.6030062502835304,0.30983028599093326,0.948801623683058,0.46448852993919015,0.6003787574668825,0.5536955787146509,3
0.7595492003767087,0.7788145598278179,0.6951459027228098,0.7882330788805897,0.9472734841932392,0.27320929356629964,0.43451312777824225,0.8262172268276696,0.2982735308515922,0.5413226420501426,2
0.9096598796187405,0.8489902622536085,0.8581512130332623,0.5511115255196172,0.15403336288715005,0.5332765027544053,0.09576548423638728,0.7421087328471808,-0.053191496257150556,0.5539817753807621,0
0.8497972945569157,0.7790614935777098,0.7330174077344335,0.7252311158186288,0.945231125848136,0.20868677296650118,0.295397582008267,0.809500651317509,0.2646366165279973,0.6074128104562676,2
0.5126953170025349,0.8134906801459645,1.2510530775167115,0.8608956227492953,0.7787907921148598,-0.19276111801565565,0.7192297712397304,-0.049921394687179044,1.1353578171347645,1.036226667789427,1
0.4993100020566248,0.1989177530958625,0.4097283496005838,-0.016253644445962834,0.21078627317747475,0.15727525153341032,0.6085383908277994,-0.031068501197926313,0.6751693010022028,0.41372733382860943,0
0.4151454734546642,0.8184529642714428,0.057445136312084276,0.30398592201165625,0.6519106514110009,0.17441875952663097,0.8864619923803472,0.34631254191203764,0.6745945050580727,0.6226319315469782,3
0.7726254861026352,0.2162806037196994,0.3462891385964285,-0.17783854163604396,1.0534706732331185,-0.2650850943341657,-0.3502323185402402,0.8435354881241621,1.1455499586989109,0.1876614217891489,1
-0.07150374157166606,0.8962310190316509,0.3123620703035246,0.6299824597934873,1.0368377431038687,0.8915695979787823,0.9692898079530028,1.1026903281856806,0.7547392647148243,0.1031093251396813,1
0.7972245802308222,0.2171378529760785,0.30639581440822355,0.3180869971434722,0.7559112139924734,0.8429885767981536,0.7347061701405386,0.5578936205996865,0.7749883024250657,0.16404357063940295,2
0.3354761448499249,0.711003334308077,-0.053464061228671284,0.25972984485526274,0.7834832093623705,0.28415725986335283,0.8789769676610806,0.4042204976577965,0.7971815641984941,0.5702217375893337,3
0.9880962444981091,1.0071548093821305,0.643617883923288,0.06526382052899751,0.14418600619650357,0.21467524991203593,0.07739908539557369,0.7870413628504105,0.9776830192836169,0.654750007425027,3
1.0533778543720465,0.8978442425685168,0.6689879965355923,0.602430367229042,0.7600549184836608,0.3244418565908017,0.4850867311189111,0.06426268984588432,0.9846146326336155,-0.017234293733013988,2
0.15030293912662096,0.9153765770970299,0.5228064067194317,0.8673431205597629,0.754101306662781,-0.5816918003765146,-0.1690894162847215,0.968111626006981,0.03618995297263872,0.5924849612218853,1
0.24051798074685882,1.0955985346078345,0.7716162849091224,0.6114045499124947,0.9692412604701932,0.3472894646608781,1.021502222953151,0.5080770216352894,0.6437892767591634,0.5656117629027851,1
0.867457653003706,0.32138788751758646,0.7020123929632528,0.019673490279824367,0.8800024830163387,0.018978396019428426,0.8672230969849772,0.6576061671633451,0.2197359048329251,0.7590147599256564,2
0.7902537976452376,0.08765183075234481,0.6949503226090002,1.166326222590123,0.5174985171466827,0.5578028225117205,0.5167905993026198,0.920867817487358,0.6676483628994192,-0.024527196040324606,2
0.06611803366663067,0.14697917973931926,0.5307652461575079,0.48652445546419887,0.8788365453515776,0.35060563794588184,0.5124892158514224,0.7393866762688637,0.38742939712037505,0.15315033556222574,3
0.97691954647791,0.6604244739376259,0.5284055093485988,0.8492907135253683,0.20279036284601248,0.49500245676419585,0.3148434120664624,0.5330401089436849,0.3113652445041442,0.6937121190962412,0
-0.15212685985478458,0.7201892628467056,0.12794329948659636,0.05334003162411287,0.35350256750010284,1.056691120897247,0.551748843714967,0.08779136794082709,0.8259096864385223,0.06418478093857868,2
0.8659627872048119,0.8643117465062069,0.9487037781373091,0.5832865962546694,0.472622570192051,0.7879488666930942,0.14239224116916105,0.07842960865445184,0.48459472887387767,0.08451501835980442,3
0.7975710579406711,-0.021765975403772397,0.8022936974016438,0.3396502201849979,-0.029563213915204903,0.8736388329646106,0.2450742784856511,0.5056135983917728,0.2298358731857263,1.0080848659810875,3
0.9716803256450601,1.0042570862288722,0.6412340322383542,0.027372166225506048,0.11535406807673014,0.20959050941151486,0.03895370486430898,0.7480306437445541,0.9811236400667233,0.690785648787043,3
0.2968393346269718,0.6154330737690127,0.9046902843993785,0.037370415010945505,0.7689086073284652,0.30144267275033587,0.7468057488411092,0.6473404521999666,0.11360178610624713,0.2618451440008831,1
0.9923650286589591,0.06822041362387399,0.42552561911446657,0.3504987258945419,0.1754486861312553,0.9291369123765932,-0.1073086175144018,0.6545608745923209,1.1090902003409644,1.2431543394748448,1
0.14832063737870896,0.9963722582774195,0.7164031517911142,0.5340630391831156,0.8440166557648378,0.23843791055836944,0.9468835098129332,0.37622228635497573,0.6868142274878348,0.6633988267453717,1
0.8682809148867594,0.31448201609098375,0.7042438472875524,0.02785490604419423,0.8932108274717819,0.014077125049015943,0.8618732521854201,0.6578381220615682,0.22105998902808086,0.7476297382162015,2
0.7099831274545405,0.25938735709273997,0.9255077720485454,0.3759852704919651,0.6922347805287125,0.37004352868562485,0.33409801294663194,0.028194016942728835,0.543071510365375,0.784336951875163,3
0.08424416583095432,0.2698322953282941,1.1743087034441837,0.8326491192288914,0.10560540561778052,0.12150989322226431,0.849809528887106,0.4253620173048386,0.36000243571605356,0.7358856959097255,2
1.0590234103643121,1.0996957780956456,0.668401122914729,0.5204321276960513,0.8465493623743313,0.23285490781719803,0.63179988644625,-0.028527567483519242,0.7872313831080008,3.0079446095010454e-07,2
-0.006330526491913568,0.8682770111009701,0.694506824970663,-0.06061646371515517,0.9772993544456722,0.2876328269566144,1.2705731666420692,0.36513039694642974,0.6846517775025964,-0.13961366200376757,1
0.051550191158585966,0.15777732473601996,0.5315263291279002,0.49083137816178735,0.875982802554219,0.33645513127953947,0.5090027811979365,0.7361787436909419,0.39242598889798275,0.16482743679883557,3
0.6267695698622359,0.5696545299458314,0.29559582761442316,0.29848063312752754,0.8389977941567947,0.31615623825205336,0.3946018933872793,0.055982756365276554,0.21719999729756861,0.17441085065862102,2
0.02916004821599689,0.6270527917288803,0.6943883422416375,0.9111583002123943,0.9640690023852788,-0.31369685307444434,0.010863795340045258,0.7280388221816428,0.6320324162423563,0.7222983189945231,1
1.4655366778926797,-0.2733106609711512,0.9404055978558432,0.5949558171022464,-0.007030132262782651,1.0229688538218142,0.1492778704349622,0.973845278874925,0.5779340980898449,-0.21341851127673106,1
0.05740568881077642,0.15370838413165921,0.5254663733150683,0.49600666911061486,0.8784870798863513,0.3377977397482169,0.5117641626152278,0.7366914927857268,0.3993808084338173,0.1588183581939528,3
0.7729581764733118,0.4541874184274831,1.0114361661066822,0.09568618586735866,0.3063192145384714,0.2807284258761,0.3182270647713399,0.7892173917976951,0.43602417252540704,0.6802193294519294,1
-0.10263189898073616,0.9055032736172582,0.07016370894625065,0.27075094788737775,0.8389627833942034,0.5828002952334919,0.5968689495508538,0.45715741456596004,0.3436766269172321,0.1584509764572649,0
0.8224478256380661,0.5894236790064286,0.7675788906895419,0.3733142604931671,0.6572936528165673,0.9388703182497468,0.29096098058605957,0.16791021690639166,0.22180221497740815,0.8411788435498296,2
0.6169472564128213,0.005360048576118236,0.0415587187195817,0.9573228977659596,1.0423014560373436,0.053129275667178386,0.12951706828515444,0.44625059632816744,0.5913479724028784,0.3301841305573514,3
0.1780139588750878,0.9469613388364151,0.644125942486677,0.534548631492673,0.8251808992975234,0.29973549945753697,0.9843780292012964,0.35084415690431503,0.6483943729853225,0.6200814066433932,1
0.3318759518544032,0.4930430854383647,0.36474782998889194,0.18880676086972284,-0.04580964185491723,0.4031898460336556,0.13347141930141873,1.066228218915084,-0.010413749448701354,0.2397100522174874,2
0.9874344930660137,0.8445121205590546,0.08090633265118352,0.7845893037090311,0.645855791670317,0.3219925072608297,0.9618230327209703,0.053061605250812084,0.2310541706289404,0.28529329529237396,2
0.9863709629477974,0.5575838769268159,1.1677170975065487,0.6538856708613188,0.6931861334469888,0.41695146024643753,0.10748764807947103,1.0376525012267568,0.2349485613618948,0.8440566683378891,2
-0.07904908970088582,0.03636494602858364,0.6524186285979099,0.4711487245211826,0.9561842229798176,0.3761857353932764,-0.18814749955312668,0.8170213506644755,0.8035159951852546,0.8318794615670851,3
0.586628276241101,0.5056967237638494,1.0771586746481117,0.4842952983295757,-0.07391894475340566,1.4207512051104003,0.343517326376746,0.6757282313595863,-0.15851593713486267,-0.11985454082728075,3
0.3402978531588289,0.19280570481786857,0.8793958048118249,0.2903567071849501,0.4523744739844755,0.4730379705466688,0.28075349315389025,0.3192736741408385,0.4665492757503785,0.342021244033999,2
0.9431235758088743,0.20288028215133158,0.636148776824076,0.6891805503261743,0.842576648449293,0.9144321012830693,0.09572596007265902,0.8536414514705339,0.7229926560361399,0.18368016368918827,2
0.38634828168525587,0.43322404073367143,-0.07005311367726645,-0.10820800143400772,1.0273978768261023,0.22767945732436776,0.2894516307419435,-0.002484917066395864,-0.07193175675454055,0.6672126022890185,0
0.5884673334657357,0.26339406958108713,0.44188819727679673,0.01999059185336856,0.14898426263748263,0.13701888909497834,0.5880766000784924,-0.0012124438615204968,0.6869522150522639,0.43660375703333826,0
0.9751336343811801,0.9966406814632576,0.6430661735179917,0.0037869912358358955,0.09810250896476522,0.2190024970328172,0.02810047230426414,0.7556094825759806,0.9786274547193653,0.6929640563431276,3
0.6517014845023895,0.49452534974458884,0.599607851760396,0.680840008703035,0.06075014984072023,0.5147603358530322,0.7514998087977648,0.5451321387766732,0.5539872806151045,0.07806148365543836,0
0.31934102196734654,0.40988463414257476,0.8627705544145707,0.6834528055714985,0.024781257932542412,0.12814777165946417,0.8437710999388273,0.5422984746979079,0.44878185181419106,0.8016654581426982,2
0.7976771171772629,0.055734787512890314,0.710203561142898,0.1848255881539674,0.22924259708060885,1.0139772362090151,0.3246657825305702,0.5386679378036627,0.27986365457550977,0.9130541078308795,3
0.7137440322079361,0.2289761363045589,0.9474009839288416,0.41402849822809373,0.6853263949591465,0.356381899658514,0.3457577843437455,0.025880586936942986,0.5476820150475772,0.8295870875829082,3
0.013855144339116181,0.6156086986622246,0.8131475129533011,0.22607555523007825,0.7284786718116487,0.6794852133326188,0.5307473306182212,0.08275058256934832,0.7801273508063813,0.019880446151623425,0
0.05842535186069615,0.1454649801596873,0.4806080734539662,0.4958806172459776,0.879447651746125,0.37557122128398734,0.5019840358757308,0.7677755821770835,0.38348397378577265,0.1157603307340375,3
0.1011170718584068,0.10212654556603006,0.40408154597738466,0.3148730291117427,0.8024357429691269,0.3659792211255204,-0.05606035399393666,0.7655801881721487,0.9574442213398695,0.8593167445590995,3
1.0704019248969157,0.15776270234979092,-0.06600468108281793,0.08059957553388791,-0.19337126739198784,-0.28696666402581084,0.16596571865235976,-0.15194385405343994,0.40902076189728154,0.8950949629219548,3
0.5006618512416651,0.3882278455050409,0.7839720037585938,0.21031032535758665,0.8604178080561389,0.769008380324203,0.6055703847444802,0.8578680405213904,0.5113785202961993,0.3740087335184273,3
0.07393581464664312,0.9472774222964023,1.2219460654913963,0.09949039404169091,-0.27053292960442415,0.24826626216761877,0.24137244893298718,0.8190013465202827,0.611613074989143,1.0561977461854117,1
0.6730097305241988,0.3760087100400051,0.40525181511001707,0.864390307892238,0.9334280373311312,0.14788480315639269,-0.2898781354560974,0.8749387932373813,0.9560802627622607,0.8071372889843988,3
0.06152363368702246,0.5698011127851313,1.1609208685972328,0.6768684391406895,0.2430851944532424,0.125635298276361,0.73370286678566,0.6255346415746715,0.4187387763510935,0.6210773222680559,2
0.45187028984456235,0.5398491579607034,0.06834562458996105,0.8373629687565498,0.29446297047258146,0.08505010410793934,0.9209279669276468,0.5609705924764338,0.683137154755457,0.042612442999375805,3
0.20194356933598062,0.4264452463807855,0.40800389961427974,0.2954603578145567,-0.04827721050068723,0.4151198420256861,0.16819180727680824,0.9184550892580454,0.03956391992484728,0.3812278238131292,2
0.8533025083314351,0.6772167485180032,0.5085374925761117,0.7910173007782079,0.14204884015508032,0.0685710256254877,0.5495803476464158,0.11408769802350266,0.509813484522531,0.812850059636703,1
0.10714465524880884,0.8687017643177155,0.701424013119979,0.6570014644892445,0.8209885778088553,0.2176974690166738,1.0533297092902683,0.40690573199016056,0.585660966349419,0.5397581253990085,1
0.5930200106310413,0.05998845748781809,0.11773705039960242,0.845573887359435,0.9367989454996695,0.1616160396611707,-0.02950206488707028,0.5286031483308921,0.6612013527857076,0.389239905035798,3
0.3344186358948464,0.8675433445694283,0.13805456454265913,0.2845868450899492,0.7579368192111283,0.1426276309861932,0.8047414482807593,0.30118329922825543,0.7670219896934047,0.6312546333413859,3
0.4206018960548694,0.7949277299046287,0.5815051470653866,0.7379662710622205,0.18570491163335637,-0.02201242878239132,-0.08974819622618971,0.8031350383861655,0.29864277047783927,0.5153493755718359,1
0.08277062821361718,0.13734505327829236,0.5109039563040142,0.5053902853906724,0.8743796734459026,0.3244853030354555,0.5337252269048681,0.735627079236568,0.4296300664415824,0.14807107520673157,3
0.7319337921632391,0.4548048608654537,0.6617845831011867,0.6928300499066145,0.32496644162579524,0.5636684172312927,0.5790113819783125,0.24255657166111724,0.41386571657537324,1.154345374481549,1
0.2720343040010794,0.5037224362054867,0.7324447042840981,0.07297458640153484,0.8892079012375979,0.30354529445749195,0.74008591342556,0.6972025595308309,0.05590526863987538,0.2672213287468548,1
0.060104402514007824,0.9000450069790248,0.3124328454923045,0.8838081953645672,0.7595138291729888,0.06212937865022854,0.04169363798201327,0.731127020039146,0.2181238097036997,0.9616570635605011,1
0.6293468012971419,0.07513265620051278,0.6064177597400846,0.14339641743962186,0.7088016793702514,0.2824553409799999,0.537108494502494,0.1990287945871092,0.6803340143545537,0.2850389555439479,2
0.9145852597775833,0.31909514762466196,0.7564059547471171,0.029640452692512198,0.901362083041926,0.015787505785832115,0.8958869139894251,0.6228584399801121,0.18026433977666287,0.751643330234647,2
0.6135709491950735,0.2245889768770778,1.2071959836742436,0.26571669708581014,-0.3810849423051905,0.3133355110014186,0.9678440452732655,0.766236624731637,0.45226406109688677,0.9134447722173448,2
0.25134297737257705,0.6610412302345908,0.7907572068319687,0.025118281771893916,0.845243037723602,0.4059523510557535,0.7045356932295387,0.5644538774388855,0.08858495028706133,0.3444911094631643,1
0.2053495876158214,0.29804528880248243,0.8560228037441775,0.7856347429301893,-0.012908376859592998,0.04291919204938108,0.7891969931603255,0.683006607702219,0.3759109225885319,0.9477609855370992,2
0.7965044323214905,0.9651010878535571,1.091244945787824,1.6674004811898469,-0.7630889662098381,-0.2860096518782588,0.8726767971386261,-0.15420884581234606,1.2805352608249416,0.7173049997757939,3
0.2531748976142042,0.4212138555400255,0.9435511843273756,0.7198454405482526,-0.0018509894323202368,0.17692909236120288,0.7634855819815057,0.6214808482320437,0.369454018988838,0.7951117236509389,2
0.7109504724100966,0.2560943258693249,0.9232807152505117,0.378808675244098,0.691439797778625,0.3711928528779334,0.33258872970860065,0.02640140736939271,0.5427953869351756,0.7875067648954515,3
0.09243622584708187,0.6264093828774667,0.7219193213786109,0.17019503735086255,0.9449455254347433,0.31476070504032816,0.7223094811550701,0.48738167088242557,0.029274028313931458,0.44081137610747134,1
0.5479262612959651,0.8341714857772174,0.9797527597952362,0.6202554149587933,0.3939193009015186,0.16465960142953828,0.14480106494415176,0.8501798710614206,0.7250954473778899,0.7544634735400579,0
0.08544176492533567,0.4373792323768795,0.6007567118008129,0.16822297369836844,0.6466270018724788,0.040169986284635924,0.7274742435617452,0.7752795956365425,0.5560183415540807,0.12186858963980755,3
0.4409019418247257,0.8372153680250635,0.05126808005192987,0.3388243290003034,0.722518415852569,0.11174314362059937,0.9024839833556383,0.3725294894245557,0.6887864424921879,0.7047622433826888,3
0.4590407247652256,0.1672233730888547,1.1509804693764956,0.5755144636250222,0.8823666610682573,0.34265267210467043,0.15425177005572135,0.5113040597815459,0.6465560128321357,0.713599169502033,3
0.9821097430756967,1.0233172071586345,0.6513816877278525,0.0076782712822213136,0.11782230334683921,0.22123815686365877,0.025691857504459466,0.7436567339336712,0.9722979405403063,0.7045157453800405,3
0.08095580873125768,0.2662812422019024,0.1676811998641733,1.0666395407546383,0.45697283866963817,0.31811105838779336,1.0249912628696665,0.4197901723275586,0.5209016513725371,-0.08400219563023942,3
0.28862994396951774,0.15610959899369725,0.35625895355574644,0.3675642103737631,-0.13520947598356267,0.3542616336584238,0.6223736931753905,0.7699049318845264,0.7249844694906019,0.6344545048876956,3
0.8733294546109902,-0.1377060440943121,0.8479665284668775,0.35675978865785124,0.25189673320479095,0.7637828404412608,-0.05110282702692942,0.7054844077301872,0.1669978105032166,0.8858922874167023,3
0.40784417515668964,1.0997987611747766,0.4215623175180462,0.6401212569789122,1.241587362578534,0.1582685229357627,1.1551804227108073,0.06362046776285502,0.6774508018297857,1.0831026791199931,1
0.19232185633335813,0.4335232575054896,0.9832592158342206,0.19141140635348505,1.0029562130608525,0.3549954322186861,0.6124040929017938,0.3491241938526215,0.32542579582070597,0.5622670525997309,1
0.8009042488425989,0.5891209731599757,0.7757928505113967,0.36573317053385584,0.6314827635305265,0.9405026564712515,0.28604308297852127,0.17034792963977782,0.18920185322097718,0.8473681910818007,2
0.03693988887063149,1.2072872436898776,0.7460946988340534,0.7802178230918724,0.6602973203494111,0.3613518296396376,0.9636942968543001,0.4639811544878315,0.8144541546135321,0.7763943958308969,1
0.9850172839242225,0.17112020724107285,0.7615836464703368,1.0646395364624905,0.4269138621871387,1.092810627971671,0.020229639678216255,1.0539874173499595,0.7885843221083203,0.3926867424921675,2
0.012490682850951456,0.6140553746242853,0.8141075418396119,0.22714464242780344,0.7299132281274398,0.678809695796398,0.5313830845906458,0.08208496256505449,0.7783704106239591,0.01869040355348229,0
-0.03094760989558777,0.9806426571030791,0.22800659803381282,0.963268283373841,0.8387898909127477,0.09753490989859087,0.020148894114303633,0.7511613717218746,0.1979958255221501,1.0212266666075132,1
0.97411378145936,0.9938104972758903,0.6429330917354767,-0.0007822668334759864,0.082193070337965,0.22125739058687416,0.03210662290085507,0.7443298394723479,0.9771951793090328,0.6880994563566109,3
0.7576635415290008,0.4712145075310905,0.16744975761929168,0.003954929995407266,-0.06760495430964408,0.3111351862498675,0.6558508574588107,-0.1328232599473417,0.5347807681116256,0.5526664216833475,0
0.6780781729712938,0.4817130590859373,0.6163833504748925,0.6527510437865393,0.08027736128841623,0.5085609305283686,0.7293374685508557,0.5189917870171538,0.5141034887257754,0.04173971434699945,0
0.01723960370314271,0.6185190998460728,0.8205358523702254,0.22629875668197427,0.7370204190643206,0.672394549724016,0.5238406210954714,0.08237038291696275,0.7724171990559173,0.01716173527340334,0
0.9311481882366546,-0.12456579548535743,0.1023925249756138,0.31846194909508885,0.21184880324274274,0.30585926416132836,0.015525831136930256,-0.023097145184184792,0.09627504533724818,0.7062013700118117,3
0.28044310824703816,0.0997535820075332,1.6562625731375875,1.1938427290671214,-0.5656128599964868,-0.1336087011125912,0.32708251235759717,0.9704606507980892,-0.31816025964635913,-0.32510059274826075,1
1.314506154712948,-0.22923732271534425,0.3661419538618388,0.8171540309303392,0.3743319890095915,0.9023542714559805,0.12143934931833289,0.9668948097595588,0.9322615697303338,0.5298957537283728,2
0.22356906472003424,0.21713214854283558,1.0051556620988955,0.6938204106577308,-0.03381995150221233,-0.01110084644196771,0.9581299002273195,0.6668135308005534,0.34512370904880163,0.7872392619537062,2
0.6922812626143494,0.46589491864492033,0.5870776932627896,0.16192974672146154,0.6400856766932879,-0.04639314718294518,0.535223709149775,0.30201232552070545,0.7033900778910815,0.30324199402688357,2
0.1431348204212826,0.99647883598747,0.701024427289509,0.5361007979175669,0.8308897204134387,0.22011499789086492,0.9530793157326327,0.3727233937554734,0.6819828019085334,0.6759609466539338,1
-0.09813411022224927,0.23180659047677954,1.0657896493137584,0.22142009303092336,0.4792403248164021,1.3538917878687218,1.38520453222492,0.5662111418003866,0.7630396518631779,0.7490389392347674,2
0.15764824891507476,-0.04228955236617238,0.5408311521401759,0.3701551794902438,0.4037541162632092,0.5473924113839066,1.0713482331114452,0.8203092836219279,0.8523365219153944,0.25102629439277674,2
0.30384491543076064,0.7857280470611366,0.08807130936617563,0.2404949202580539,0.6611829369588702,0.20711300678000646,0.9639052275887801,0.516798255151598,0.8329553780116093,0.7837927516791197,3
0.059219220307693304,0.746857852183689,0.03885692914102558,0.3045227065995355,0.8607577484190969,0.37019233694026654,0.30072375359620895,0.3194973104996748,0.12662212137058973,0.3487118885104668,0
0.7664302399332967,0.6000082155578751,0.7591371506181454,0.373519522435634,0.6638062202047245,0.9031441411395214,0.2616877343122861,0.1410457702029715,0.1971282410812514,0.8911795423509454,2
0.942767364758426,0.7842233458984299,0.7222125190037783,0.6556341862224224,1.0234800866790907,0.31797160110814066,0.4857781911147091,-0.07377657516840994,0.7937611674982682,-0.20541813110435042,2
0.15995782832092972,1.0302503644247245,0.20132251330452394,0.8236242028255089,0.8711374875390367,-0.006388135872755302,-0.03326660499393584,0.7028301343461629,0.15125773787458457,0.923994112073615,1
0.6617522356435331,0.9120641011778662,0.8396160238877997,0.6162820079513455,0.38676925287064107,0.8110588939350483,0.19950017037031412,0.23735894512306444,0.5968839292587088,0.10780355222579174,3
1.0989011744330068,0.7435454601291817,0.3711694220077805,1.0150909413821507,0.43009252922359326,-0.1359130641094212,0.22094398702229412,-0.059147094053394744,0.14478850116776065,0.5718862674705106,1
0.5011309364833556,0.5268205548161805,0.6959192037081294,0.8066185696479367,0.16530473966635834,0.04286125113768152,0.6737352560264199,0.47352352430963107,0.42239308738446574,0.8403198905535971,2
0.39080265647408696,0.8844937573229935,0.6034788700843623,0.4881672126113562,0.8071187385277449,0.22822608852374177,0.8687043307488871,0.2532354357524441,0.8771009651877313,0.681635737060598,1
0.09649780149871078,0.3790156913209926,0.35645595872730984,1.0179844392443573,0.4649441703781582,0.7818821976433648,0.4201762278125865,0.7094752986445565,0.49467203734455967,0.6250904527137199,0
0.01873172361312505,0.9317374021317533,0.25261106368469827,0.8666919020513403,0.7987740488483988,0.08385815688620006,0.030999763723051563,0.6917840014950377,0.2130616100444324,0.9932214998140418,1
0.7989093368171452,0.18182534344195522,0.2966400378324081,0.26721655399783106,0.829112750407338,0.8980006683106447,0.7466834175676855,0.5541987621607355,0.815937506018393,0.09760775467618163,2
0.5537162137566144,0.18146748094711115,0.5416883960275596,0.24769819457811953,0.8259894061213048,0.28452712734532104,0.5196986368573008,0.15568129683391907,0.6945707738493189,0.34544044810062857,2
0.2021798229366643,0.3540649032242159,1.0742072772932865,0.20712914930000526,0.4322437288882016,0.4665550288566961,0.49964774404662354,0.8598583333197709,-0.265532969592519,0.2285153575741481,1
0.9937369245627196,0.7684843359354395,0.862348243324368,0.5188818152783563,0.13993699649429814,0.3874406802114797,0.17044518418693377,0.7485142700137359,-0.05374623815878786,0.3817275077411182,0
0.48854072516932856,0.8375093288042543,0.9447128006379172,0.4268718442461211,0.8524495555872841,0.902009069076932,0.5524605288470357,0.44627736854765243,0.8031040912422737,0.43222714592227357,2
0.7266431230437934,0.052577198538136936,0.7400332817576634,0.2345276232241598,0.0916580250812344,0.9554509443540603,0.18671699062447966,0.4922882433349199,0.2009241186271127,0.886321208407839,3
0.37555273711831016,0.9294882321732469,0.1645056381336093,-0.2760280633397285,0.5827184871972355,0.7173042479793645,0.5752721389541943,0.8447152952910284,-0.15897743815283033,1.0073176367581644,1
0.74717815830025,0.23221452402767817,0.330255151530046,0.2540581261666845,0.7804903921423957,0.8746692553841571,0.7727585735351342,0.5501506831305604,0.8193916476531885,0.05379549479201514,2
0.22358562660430162,0.5780990335635826,0.8643967982890817,0.0701285747141123,0.8212374307964648,0.3823570862400766,0.6786090362151471,0.5789685327687788,0.05124936125171081,0.35344537303635226,1
0.4435560202948727,0.39598153322601803,0.5200229337672465,0.2229191408671025,0.33294917410145447,0.17230786456431385,0.5975615507651169,0.0728674266110421,0.5488183209988137,0.4308395859916302,0
0.13732943538810596,0.8802013765738792,0.6534100519697784,0.5364087836056172,0.8174476020175928,0.018407843219690606,0.9769941385950607,0.596017365032182,0.8311139527244052,0.7017892592478988,1
0.7938417936616098,0.5764664389998208,0.7630396720598839,0.38346346932841724,0.6480554444162524,0.9488232219222069,0.30489375656672724,0.17680696228713313,0.1734273224966115,0.8574729068872036,2
0.011429114171527002,0.6114625644621977,0.8109670910927413,0.22976173910308306,0.7279910583127943,0.6769341544003742,0.5311016558238583,0.07995603426188927,0.7797268693538608,0.021716678859594083,0
1.0589668497865945,0.5592727263055911,0.6758832394294715,0.3537090379292848,0.10771978621206217,0.7845345872163516,0.3659529154741812,0.07451058247034817,0.5809505207041756,1.097711774039128,1
0.5021128806866433,0.8362606197948123,0.8932773931933804,0.4388727217750938,0.7874578747564509,0.7890241762006495,0.5255330085642185,0.32980751142533593,0.7530667933710309,0.5084985242490628,2
0.9718937296742811,1.0075149750601762,0.7915631682476466,0.46956820537077115,0.42233083727732246,0.5187237088388028,0.16879951168507956,-0.0836625816298911,0.3943534120153943,-0.262951003845311,3
0.12363331855228689,0.029833498880430125,0.7542029860809393,0.2933180124776576,-0.01182117828295284,0.36687634540837666,0.6330468501260896,0.4205744659563951,0.5632178525135806,0.24873936447190848,0
-0.1667288893268472,-0.6076834411901284,0.022178130653508266,0.9235681456663101,1.1611038398748086,0.7187212636664209,0.7097005330870609,1.4140050852716521,0.6269783921501085,-0.14880095010092398,2
0.24412510634845375,0.7552011583565245,-0.04905411017368491,0.13135794386567592,0.4871919323994544,0.1571010063506433,0.9923876483348639,0.22187293748417003,0.8198777686298294,0.7176386109180932,3
0.4715525585490049,0.41106196937680817,-0.2211090171641651,0.8536180269179245,0.43762198158506505,0.5906755924331484,-0.21295391786897858,1.289360297679281,0.4432118713983706,0.6574457441522217,1
1.2020897737550535,1.2075183732267292,0.5421454257017045,0.5230302976127819,0.8262266526202253,0.5020386743658635,0.5438410337846377,0.2143441900291001,1.0696030111736459,0.07448252686828372,2
0.04665035060993257,0.9182472527820846,0.7357262826865001,0.4353948206723547,0.8136622041934346,0.368080220834928,0.9065929161047719,0.22777942769368112,0.7981127576261563,0.5371214124227333,1
0.7053360763726396,0.2226835242324504,0.4840571366895907,0.12824084327883967,0.5959113945665072,0.3409271923066959,0.5730116036759034,0.2151097152085556,0.7497752692734266,0.384252692407995,2
0.1858311297347168,1.0264039617403231,0.7288569795899587,0.5823506728703111,0.8474095246421764,0.16830787760311222,0.9164871323785659,0.3885455543051334,0.7490614454043836,0.7233811034973794,1
0.9058280169956905,0.6707886747877772,0.189733583737904,0.8040072551144998,0.7739538330396469,0.5268134820893037,1.020983477446863,-0.161075554253983,0.41270490835317075,0.4159747584728489,2
0.253809909321699,0.11768772725095489,0.695327952625499,0.6142066116523314,0.43805935258780754,0.5880109054486934,0.8575046308781569,0.5460886867610717,0.5660871094276181,0.604036298034581,2
0.7587694057131216,0.19519270578656073,0.3070598565833457,0.31882557472359774,0.7909898748897478,0.8996859683033512,0.6831447863498716,0.5927385661696374,0.8051177032510872,0.14435533280826884,2
0.6956444125750874,0.5287204435156762,0.5598466735714632,0.6818174784526937,0.07516947369529824,0.5252649824290523,0.7212649458806275,0.5665996640818077,0.5896547547986666,0.09429842208362653,0
0.3553130582293242,0.7884695360254472,0.6474711633358601,0.271689554465781,1.1001319296257708,1.0665062393918783,0.9917205399338693,0.5494026918827429,0.8625070510307582,0.3691484195807539,1
-0.16478990269203797,-0.11161238376907356,1.6944528481904118,1.8685800554019403,0.2681530635931526,1.0680319899369741,1.0950269495536404,0.9825541359203518,0.6636037635234098,0.03728677022186183,1
0.9944061226782689,0.2813726571761587,1.3213922689251927,-0.1543247979976356,-0.04067457073865155,-0.1391063396434531,0.5516299180242821,0.3648772618667214,0.2805170766558165,-0.030121697691356808,1
0.056044550882181375,0.15410251230575092,0.5256234495544241,0.4968598350494106,0.8784213236225495,0.3377692884976833,0.5113062302691943,0.7382796263610584,0.4006161199859924,0.15743502662630735,3
0.6580886910063201,0.7980428672023941,0.7862362086217931,0.7130084734598675,0.5217584491770122,1.034659401580216,0.060393312319436954,0.0015878114194459447,0.6254147575325384,0.2514580366938755,3
0.5728446345141696,0.8011713101218152,-0.11738177198435107,0.5846015033128786,0.07175057244270182,0.15270487532402685,0.5071409826751527,0.34765289048880904,1.077992272895463,0.13915691756916504,3
0.13870580696756418,0.2615817970065622,0.6053131817920925,1.1154282044962278,0.11974202326183721,0.363682455128326,0.3978369902379568,0.7454061803001507,0.7457412549106601,1.0075260243717328,2
0.883538746406465,1.040376573456122,0.6127016590213545,0.8353347544369046,1.0076248414049762,0.3371229666820169,0.18240150436622635,0.5861718939531804,0.5171255759248875,0.7496914804789798,2
0.4099455520676851,0.33126331029992606,0.42094065025848726,0.7516973341564446,0.20655303105101247,0.7770033052592586,0.9377502354148605,0.6142919965438313,0.3581226911166417,0.6480444945018328,2
0.5059375994404409,0.8328066321877289,0.8903042598238866,0.48986350895102754,0.7760632709342854,0.8243399834435371,0.5577226896777675,0.3539629824193056,0.7465509653945546,0.47158672590135814,2
0.9324330963868304,0.31459946255373383,0.6830300772514483,0.04884459909381696,0.944443460876116,0.027879941417060287,0.9052332123876028,0.6589622194624596,0.18841993277051075,0.764706419161225,2
0.25706752417630035,0.3508222224097658,0.44388456771949497,-0.03583630100540114,0.807530569858585,0.23901522383977067,0.7309574925999299,0.42957712196097825,0.23579499819950242,0.45038401283186774,0
0.7677040162843877,0.7107434195030465,1.1390418573296652,0.8759732302437441,0.5769698618845912,0.1940078517119223,0.13503006610556587,0.8718006184868625,0.8942961210212476,0.6728452366371684,0
-0.1938674730484512,0.8843330819475244,0.3630586235290453,0.006312409985705536,0.604992818557055,-0.0029039119294085314,0.48280504923498146,0.7968792401161482,1.6460107633240635,0.4965203595904538,2
0.004678764837826185,0.6873455695110107,-0.03142212349943571,0.17788929409846652,0.8123071074648098,0.36932263494678114,0.44355758624487845,0.32950620619497,0.11474115014702414,0.3881928273302463,0
0.3458409121360919,0.21042239680791153,0.14793763223151418,0.6153610546094008,0.5590898693998321,0.4203938175247161,0.9041136372289893,0.23642349985294547,-0.05679231168619539,0.5635247609437758,0
0.4621469432556552,-0.1264176493901568,0.16958107610395412,0.6076571996073797,0.4646514642672065,0.8256332038776832,0.777856428642915,0.7885630281523903,0.3320562166527218,0.6426756609317616,2
-0.0163820193426666,0.07308681628081426,0.4074954702976795,1.053371473025414,0.32447867409337616,0.3500745428082845,0.9052104672517299,1.2821181030774809,0.31664243573666123,0.022737322565405504,0
0.8459771135469123,0.2973453803263403,0.6710520923452573,-0.0011397339896795436,0.8955975433443687,0.028867374827616355,0.8869238359285335,0.6873912401085799,0.27894439948975647,0.7988041076467343,2
0.9579589332529034,0.12691425662173314,0.9381345562865199,0.29658561706918535,0.4102826755936734,0.3951406357881068,0.45093315287160873,0.5965924861935074,0.4411194728836196,0.3566875383759926,1
0.8742361864860505,0.3065612875437342,0.7190622635076724,0.03685415105620117,0.8907414591671944,0.022707830183390343,0.8780868356621808,0.6525722652758399,0.21735919217748434,0.7595009086230513,2
0.40562493074606754,0.7951951669924887,0.455116441754218,0.5825581063979358,0.30196244633274394,0.3991506209398027,0.9585826166592409,0.31014664773362177,0.7034549151964107,0.24608917741625044,3
0.43710457250629103,0.2401223711149016,0.9699862634995596,0.3588725346830348,0.6001408712738937,0.32222890291079487,0.26757863430320056,0.46981011001251893,0.8538537842976494,0.4389481823422471,3
0.7933997856169067,0.5838980183938459,0.7752884736072712,0.3702390517264468,0.6435406548980507,0.9215536097202538,0.27358243877005683,0.16678248952198213,0.21456241431948458,0.8625801919874467,2
0.5835681133609285,0.7723898015067473,1.0078253927114176,0.35208171359387247,0.758212272632158,0.7202693367487568,0.5452358800337488,0.474392197162213,0.7197327881059501,0.36141476710149895,2
0.5127749804020106,0.7551896527157712,0.5058573991014192,0.47070683470016483,0.13495193527080868,0.29809550910343985,0.3041129796538061,1.0817513259744451,0.33432862046671846,0.3765410370923449,2
0.8048108988723057,0.5822212814450128,0.7730531215901028,0.377952183887609,0.6360589925948171,0.9335230115949023,0.29201901996967455,0.15946960016092535,0.19990260729615825,0.8572965262194711,2
0.4844473222661127,0.9298867601861104,0.845709203270241,0.5448519798051719,0.6140771761801795,0.7463731522449578,0.48734513453429906,0.33052848678411495,0.6647377875895544,0.5794895553568746,2
0.9787295722537296,1.0055002464184508,0.6487825872296497,0.004913986100463837,0.10283200283152222,0.2217691109502825,0.02936469023201905,0.7584407490385473,0.9881526591939097,0.6920358428104211,3
0.3611245160564492,0.2097874596313057,0.08395850059894473,0.6927212169774316,0.5433995169861566,0.31736798005316097,0.7825296766427884,0.3370648134001004,0.0383358367919672,0.6219520920062622,0
0.786062821067053,0.8094807693300693,0.7980720033726437,0.7713056609034432,0.845963256974301,0.3148528823533857,0.2754168328309561,0.7130473449375876,0.41965139225627923,0.6380724086248334,2
0.3996288396819151,0.25893725593817457,0.00578807026414202,0.7115137658978445,0.5253769325684812,0.26580298766468335,0.7365675406319013,0.2735226526198028,-0.026354081299497484,0.6749650597040258,0
0.6503802085796223,0.48256699101040157,0.5841262350178456,0.6737841103667361,0.056865015852870106,0.49867827460310055,0.7510934633185071,0.5405955587710608,0.5369261442374419,0.07164207613528348,0
0.8016079898646724,0.6367190568162395,0.8251897688158291,0.350851970768559,0.6083659916147569,0.9403058270939877,0.26300297008198864,0.17131551419911595,0.19157433404494756,0.8363728977270471,2
0.8523573363799749,0.6364389350765554,0.7895701278080276,0.33498041820227964,0.6638095320560176,0.9483864881647884,0.3010694456800493,0.1299831694734094,0.21960130446715972,0.844864472416809,2
0.9431966411391645,0.9232379765823001,0.1744229872062348,0.7738412024808785,0.5644445644948297,0.37162525156860626,0.8774993450368992,-0.012206084877893361,0.2763977734483131,0.33595716479873916,2
0.7205943185502262,0.0886793263413459,0.77438050512216,0.19743631228550043,0.13146833773878744,0.9390246902235705,0.1885865573759084,0.4774883357558912,0.2069779913098308,0.854351242493539,3
0.011896551129539155,0.6138920368909425,0.8136115164337964,0.227827016378732,0.7292572654288284,0.6785651826542862,0.5316987500913356,0.08209809639734282,0.7781174883100157,0.018041739607390535,0
0.5110235621222041,0.8458538844199744,0.9000732929481084,0.5089690018993986,0.7489351306659998,0.8527375282432823,0.5323434388148339,0.3315031097005845,0.7411378098470232,0.46315547942393864,2
0.8277303515722085,0.6713295874540182,0.4466458168355828,0.7149381597589425,0.15650193674189547,0.04509657674270305,0.47658550005753175,0.2076151120836777,0.4062998745606309,0.7105490070015977,1
0.2467770234437442,0.41409227383065256,0.9416850770725614,0.716482882704709,0.000809148133434347,0.1736769709825273,0.7647402054839261,0.6187374542087626,0.3691867018917939,0.798352453230901,2
0.8135822278951993,0.8343665355164611,0.762946430120408,0.783504549905535,0.9108373914771265,0.25430350067586066,0.3578509023229028,0.8094298422109477,0.31886921275332303,0.6209377047165,2
0.7028557556161774,0.5087613108023933,0.34312119385355155,0.7161997491761043,-0.17039479508092675,0.6468051336382838,0.739457740163208,0.15632775917443548,0.62532279490854,0.107663998358877,3
0.13316331768483608,1.0140910709851132,-0.09764820435609217,1.2369897119911704,0.2938078992319835,-0.05086521335821273,-0.1668306351141421,0.6142500583784569,-0.21325469477298548,0.9805063780467937,1
0.4615809140937189,0.29029591759675605,0.5284379427284298,0.6778507004025245,0.32712794712154053,0.7828819067642442,0.8435684042737951,0.5802500363268716,0.3831122166780328,0.7228912286015109,2
0.10477199836248546,0.21761568446870813,0.597068976382098,0.47447215012688215,0.8821974477922933,0.3675652641153702,0.5499317789133683,0.7125770657296524,0.47046016202455043,0.1423157751532883,3
0.06717457220807106,0.6265143421107207,0.37904683449292054,0.559553492045826,0.09587839544310595,0.33589833811888786,0.781526289478416,0.2490862165171791,0.28701162606355707,1.5565975165736032,1
0.6500133768772577,0.505850760156895,0.6197704908405193,0.6958550290030996,0.04445440357546383,0.5210715569841294,0.723545538104666,0.5438215736704959,0.5555238936895811,0.09983028763623043,0
0.646161278852897,0.760987883503663,0.8536292873984278,0.8481443068039688,0.7899584038082841,0.2583242943851061,0.4878015401419938,0.6952334108449965,0.4175534348522185,0.47309561319213467,2
0.7879977132394562,0.5717151132238864,0.7689624659556482,0.360253503881589,0.6396326753184153,0.926779238201044,0.289440281555521,0.16932817771437308,0.20129137183175336,0.8596161369788219,2
0.9923512767723905,0.9873613477772266,0.656936984199906,0.012176298390944397,0.08715206050098284,0.21460239634635206,0.034767608719935526,0.7633863909798427,0.9647722198524508,0.6867369530798152,3
0.29986086609206714,-0.05499511914889854,0.3633564604426182,0.28943710007093537,0.4165338015574282,0.0009086005404654318,0.7512753042436169,-0.05124418234303918,0.7104296900837309,0.21771614888373886,0
0.985284244112011,0.9950888959135026,0.6346106409603317,0.007130850341188945,0.08324320919824783,0.21809655889013288,0.020669733179609705,0.754882705381373,0.9724356975721961,0.6856155797135478,3
0.543084292774368,0.43965820087034846,-0.06710059081301623,0.705714591614024,0.26508908715024315,0.34549799710407014,0.7856870712297854,0.4166930182536256,0.7013633745002898,0.4848028484674398,3
0.01358553052419276,0.6150645295658628,0.8150359765043487,0.22824648022955396,0.7301757961532227,0.6786451876416862,0.5324666349746683,0.08340417056967148,0.7780315121015389,0.018522402299458327,0
0.46868925746124335,0.7704742103195314,-0.028723390281078898,0.25561948586863603,0.6842561387111322,0.08979467639415865,0.9128932189577093,0.3479780254292985,0.6863590785014968,0.6186931864316221,3
0.17477800751691236,0.6269658860769219,0.33685202009375403,1.0227313237426956,0.7222961324432409,0.6314369658689591,0.32373726303607564,0.7282586901569303,0.8207942880020069,0.5308122802806462,0
0.12573903735094336,0.9455761734289692,0.7506363702543843,0.4968624126133412,0.845379821812142,0.1893590241239294,0.9152029911391615,0.3142270872746985,0.6863803586706467,0.6894971375101154,1
0.22702290871703681,0.3651999793308336,0.952533683986247,0.8202415695359184,-0.1609509594725404,0.03904082975109632,0.6817742376166568,0.5220048325136439,0.43165711582469274,0.9120105645767453,2
1.0791347391877653,0.8497360969338283,0.3465640611682011,0.5580111512094115,0.9374088429978144,0.5627309260338258,0.7740288100358086,-0.20137125422303637,1.0019645477264798,-0.19109055933872468,2
0.38977873761643494,0.21899372559445046,0.11578981949334836,0.6906268900796858,0.5138995484365447,0.33591821932510013,0.7625855225087879,0.3408589225956062,0.022678106703652428,0.6097366905392706,0
0.8598798021658132,0.31278658320427744,0.7183971615850812,0.016392662438962462,0.8897968077867986,0.03457840310975175,0.8834735812701634,0.6480646721906882,0.23583496001852777,0.7522518651117764,2
1.1721507608184554,-0.24357820625724097,1.1025347134593178,0.5522655266763534,0.6799091694279461,0.40941685065126343,0.5282147316921695,0.5895634908573834,0.20145093121519853,0.6826706865724674,1
0.006610873129345793,0.6150305623687967,0.8135274021714175,0.22446060765927733,0.7280652072758219,0.6808851524599973,0.5325323873850352,0.0843688648221778,0.779531477760707,0.024101558758346967,0
0.7798473271716477,0.570703577971236,0.7998097653548417,0.3677073098970004,0.6500512947936773,0.9396500720577329,0.30446179455743155,0.1580418213717352,0.2048115815465271,0.8707607526358883,2
0.7707909868348188,0.18990343740580756,0.3167438531084896,0.2736159961565235,0.7684762118405355,0.9164123743770527,0.7098781615875633,0.5689488570334125,0.7829776302658162,0.08239524757717986,2
0.5068427286807731,0.8218882191636152,0.8768897073211506,0.4802435942474319,0.7652320559557435,0.8220141273819169,0.5392542697208398,0.36109692774347685,0.7371349157754166,0.4659557960995519,2
0.6557591411797953,0.5096114365613497,0.5955662153444734,0.6938996166563118,0.037861891476661275,0.5232215168821532,0.7393317206826687,0.545353403610612,0.5690633474834026,0.06873104219456513,0
0.20338352774605806,0.635696006528054,0.788826294015574,0.1481953571375053,0.9070976707442924,0.27935795898768734,0.5800225906195077,0.41574601187790894,-0.020044489836421098,0.20837869769654493,1
0.011348061015302474,0.19069511988027038,0.5084811405705452,0.5023254236726316,0.8315886256604388,0.3632592239861823,0.508037082871393,0.7877851613664627,0.3993855056642155,0.1165427633815439,3
0.6761564050730289,0.5212389569328726,0.6142424068059232,0.701478981364546,0.07750529267643783,0.5051087552042,0.7534317755481509,0.5292755526532269,0.5439238774917404,0.09251457042724472,0
0.3311134555910848,0.8359539553452985,0.7250079106596065,-0.04895067354623005,0.7088981027739022,0.37264910783599225,0.7568366421104205,0.7011178496194704,0.3515211217461407,0.23841389840666713,1
1.723984988333105,0.7967767095340306,0.9071000026574239,1.0975336809388692,0.6845685070051262,1.1261519933252715,0.3889821628370324,0.26085424167988286,0.10149640771047519,1.1670412981214058,1
0.6488174342728957,0.016740581560511003,0.08206080679966575,0.8754911544663262,0.9369864310486439,0.13056510872355667,0.02472030256539953,0.5707753129969754,0.6853517303177068,0.4143337432060169,3
0.6274886109905254,0.34648135266518043,0.49539765554782106,0.7478477193304951,0.8136242868721116,-0.02487030913188984,1.2494288074651458,0.23697967901417283,0.639120664000661,0.31107865538558604,1
0.9245865657764931,0.8851136524146171,0.13209633146400074,0.7973847625810875,0.5856990167822994,0.3334340391838161,0.9024007389312286,0.008105915995482542,0.31984696711199506,0.3102729396302288,2
0.8133456506927189,0.18121554831288236,0.27674660177220667,0.23308051822400794,0.784717803541743,0.8998591765155699,0.7016217069052872,0.5417175966669254,0.8049714076640538,0.08711850677452042,2
1.0591872083218141,0.20391756808939804,1.009401869347716,0.32569339352987847,0.23626221949550041,0.20283559549263483,0.4343037688428996,0.7345734251019017,0.6139712152708132,0.13552155742121824,1
0.7371988277074069,0.027749523984584662,0.5372044450631454,0.03201119864652108,0.6288169095996266,0.4466684092210792,0.41403064411844087,0.09846663880830597,0.6922107020797718,0.3540867463193019,2
0.6506884715552262,0.179524682369905,0.19864872870356295,0.9216806402065827,0.854970905998466,0.10290425543984683,0.015254258805138594,0.7201391148139642,0.6175015222141393,0.5835873059123298,3
0.8919249707263179,0.9027636975938612,0.10065390378112163,0.7837508349514432,0.5317916889490698,0.32464065694112715,0.8833732013285119,0.008578884316471306,0.30251907498191466,0.3421111855264411,2
0.10134528289536053,-0.0006979507002127933,0.7071694728146458,0.320634422966808,0.0006278460004262316,0.32453105079749855,0.5576296838818273,0.5109543763576411,0.5566030769594212,0.1657082871205749,0
-0.035668223515234854,0.5708384880234455,0.18891994339160006,-0.08834896902399819,0.41140973543405096,0.8060510938244356,0.2994403830607076,0.8077173146954195,0.5055305922904748,0.6495449301497003,3
0.08347192928397884,0.538046574407937,0.0910388489961676,0.2011740030550425,0.7542953784369831,0.5633907507064,0.5363074839790206,0.4294611486888327,0.2948822636711027,0.309029233226969,0
-0.1578152607383232,0.5221355842070654,0.7731424712247206,0.8072644089156442,0.8096133478245592,0.8916099502278744,1.1994693816411828,0.3819383381175561,1.4919533719379419,0.5808592935675471,3
1.093517289432989,0.3480642268672023,0.7559853939138472,0.2700070783308029,0.14914335127283956,0.9348496752218032,0.4405259923586699,0.1553536840717298,0.6565785337644285,1.108383413143633,1
0.6167911926464413,0.2616822830925039,0.9543995157870742,1.3354629682875654,0.17742911994383148,0.8377572345812002,-0.05405253498995971,0.7640816224560446,0.3584811952237213,0.7188447576439605,2
0.4079054591663686,0.8257662234598901,0.06588977202477103,0.30204404442905064,0.6648160720345727,0.1665079218189858,0.8812931779779634,0.3379784051901685,0.6866873421328695,0.6143217137541003,3
0.8123940350181948,1.0109516101453504,0.7223785400111734,0.5351807820723735,0.3549301686797306,0.8411612727648633,0.1421489215410851,0.27090369849605145,0.5464695134765684,0.19710242676591766,3
0.6632480272942993,1.0164652526388325,0.33246395224120273,0.5999140790638846,0.7613130939366485,0.15734718708059026,0.6674738688415818,0.9357152813863953,0.0016684435494439542,0.31073623931508654,2
-0.06751567899698718,0.7867393019874585,0.4755570228996734,0.8730025916699153,0.56083629025983,0.8277460870146958,0.6494768698646993,0.4293149761294188,0.10626372959115599,0.15829415216076026,2
0.04676780840064048,0.6361318916230599,0.0771622359830702,0.23770278683305673,0.8409249923283008,0.4653301086599809,0.37514208196813,0.3933432073813342,0.2358288041501525,0.36347443724523343,0
0.9299667537916225,0.788625808322838,0.9425701879768056,0.5055163549824112,-0.24797362068531897,1.0568023735582774,0.5478791917760597,-0.4823296281260815,0.4817269225831402,0.49620620266535187,1
0.6092506902624073,0.9117179419462356,0.6755205288798576,0.7815378928243849,0.21096643645064694,-0.210303607773985,0.3159341563548594,0.10018418923011622,0.5288476972633585,0.7012876606537118,1
-0.12914695054283667,1.1086629700917388,0.5890383618301263,0.9867836389102973,0.5460097784461116,0.15466945584545777,-0.2416191586301637,0.998499930390076,0.16875749199732215,0.9230182597546093,1
0.6556588506167877,0.07718704419478369,0.6110099236207055,0.1506350619003748,0.759216994979312,0.318903843213868,0.5382343907694284,0.19489005059121733,0.6350369298071904,0.25341871085627876,2
0.8771312636377153,0.310221098867794,0.7112637617295043,0.03048503186643738,0.8931401679781655,0.012994308674852958,0.868121374298971,0.6558831701149718,0.22313642428873234,0.755718040343446,2
0.4963291257547197,0.193008058452839,0.9954365269009637,0.40568825854426693,0.699791054580423,0.2973482935902866,0.3436339119848374,0.4283101742709229,0.7621356158306745,0.550726194473636,3
0.9962337632229664,0.43660467952821025,0.33286827327221413,0.5187758079717664,0.9810917377836402,0.668565173735389,0.3494685904003684,0.8363116365344886,0.6628704608987711,0.34200570994470414,2
0.2922156270939756,0.5363597845359317,0.9148287561210822,0.8297493237479752,0.18425898886531475,0.3942047206072027,0.7827144979157492,0.7841223595109381,0.5927647460881436,0.9435974864481769,2
0.4746452216402832,0.2982527678387258,0.9544978383165781,0.5443955345948978,0.6260378457928547,0.2763418281947383,0.4115108101820276,0.4941641900403302,0.6989189899642172,0.49709011427727456,3
0.12483983717373628,0.28657399184770516,0.2650477557058838,0.9438499597329397,0.44057823992330636,0.7664447999375168,0.5177329805759083,0.6356311033910254,0.5317444305128624,0.7284481890893142,0
0.6897075013893064,0.25199936189957106,0.9232679655523581,0.39395051355372307,0.6897974643767675,0.37622249398514757,0.339722770695453,0.04464967670616864,0.5222595447398639,0.7725981638029978,3
0.6021675588685158,0.1611765826537377,0.5653470594711131,0.20629638484383478,0.6948648113774489,0.44196753732916877,0.5311706032235787,0.285635705865804,0.7537476791672183,0.15389443929515698,2
0.07838943410447075,-0.007360369487669216,0.3966462331232558,0.5960624699844941,1.0948604068176742,0.26412643898931376,-0.0009741395879268311,0.708529786749614,0.22834607307889815,0.760458121748083,3
0.6764601090752147,0.288749581735202,0.9395235449682264,0.37466914165966264,0.7089203880084778,0.4016944846070757,0.35066961311946887,0.007335972121558617,0.5123434522701418,0.7688766090166262,3
0.30892957111193575,0.6024364656961654,0.42228872065062895,0.8685794000888297,0.28148755160599714,0.579996796665248,0.35200163007367635,0.46941063427756247,0.7744069042973651,0.8690276937004793,0
0.873421412338334,0.8525979936592318,0.6475381108179553,0.7151449235461945,0.12088646318243523,0.7329614733570363,0.33970264751803125,0.02725205390400362,0.38699970903138814,-0.13516194366890122,3
1.8089239727916937,1.949553341271709,-0.14321594930304116,1.3244506924928428,-0.206018207830349,-0.19745598281656968,0.31317683806917723,1.785442290837541,-0.3273232691718918,-0.4754608507666688,1
0.012389212985582918,0.6135420340453644,0.8133954768442896,0.22637436746192383,0.7301676678928014,0.6781387403414133,0.5311638350839853,0.08173919493320529,0.7782453921110268,0.019264921477985867,0
0.6810912379291097,-0.0701073221007099,0.7546056667513166,0.15971643654309886,0.02193232325524566,0.8981799691045481,0.014649321856439107,0.6764626826325015,0.01879392516064693,0.780789198785085,3
1.1091636071206143,-0.3143658407333849,0.42974370361962,0.5666375089083863,-0.6179571926280116,0.2553699813302291,1.2457428865867104,0.02498775574527734,1.047526632363128,0.9124570257091487,2
0.08093777890947193,0.08665008213727977,0.5267493729162108,0.4760354751855901,0.3502193918748718,0.5151605506600919,0.9807179154045566,0.8221035455871167,0.6831653907348862,0.38661395522131314,2
0.4438543379498281,0.38228757366626,-0.07614103066334738,1.3158497063703734,0.4917138594845594,0.23804990276220972,0.27350724983447827,1.1196691346193535,0.901236499885194,-0.5252642648297033,3
-0.1608897709299656,0.43402257802331623,0.41262572159146543,0.6075176941133805,0.7257418710336654,0.403950616158942,0.9355015646225872,0.8485174867007126,0.33224027084973734,0.482842729288999,2
0.6064800616202719,0.4485211120445119,0.3819978132223917,0.7313970291664389,0.2526406443469768,0.20427082049907663,0.6972439363031935,0.27797609203396223,0.8096880173682544,0.21327704360350253,3
0.05517445842987302,0.11693434572956582,0.4554720376957571,0.5632147606557092,0.9148096278406725,0.34557498495577205,0.47197556319764095,0.7340093440247546,0.43197345896540185,0.2038451532154888,3
0.7620482704408198,0.3072896909058409,0.24008309018146362,1.2163826986891781,0.8103723029349634,1.0534947417920766,-0.13039661126383878,0.7869656269198245,0.874180630775362,0.2031572024634393,2
0.7536054969907573,0.8717522550006553,0.8236519354395125,0.8673195586501559,0.7940309282849132,0.2083982872536486,0.43823561578637776,0.7115677711616293,0.26929171432559906,0.5793530524739481,2
1.0086940298766978,1.0073347925924812,0.64159577934784,-0.002818507592110874,0.08386203516962025,0.21417127508267833,-0.0009103999599605027,0.7815707713496869,1.0109166854143297,0.7172786408248574,3
0.8842424119531289,0.1771113910652207,0.36313888207526657,0.3610629791731258,0.09397373553470624,0.19129868390172017,-0.09638901450974066,-0.26927012402301165,0.6073173835581571,1.1781808379170193,3
0.6071288321285156,0.5611247495708555,0.28473476869089986,0.2562671609652287,0.8133209089660337,0.31074187059076636,0.3256558836539648,0.029108298696332607,0.22257477955356086,0.1768912979011165,2
-0.4876773247645563,-0.00926101628730902,0.3071334162263468,0.6333125986062981,0.3463201203153694,0.05602175367645794,0.7391594258876318,1.270861688211229,0.39421144740379493,-0.3164778612214171,3
0.18581097589975648,0.16156554457870945,0.05347470660415399,0.08472237624361467,1.0988543436627354,1.288859856206451,0.12511227140762385,0.6090023705361653,0.5887453722077858,0.6184693008044531,2
0.7406320349833211,0.301098627989625,0.966263079409978,0.38642164856235833,0.7417282599795623,0.3424650791095483,0.30717658082484006,0.07499947748115426,0.5570517081459319,0.777744782489079,3
0.15405775600397087,0.25997661584227816,0.4482230359454088,1.0468342668723956,0.5746278305641286,0.858658766032704,0.6278970195003382,0.5483451925390638,0.6853953134376678,0.5466316626020216,0
0.6232943591747845,0.261597022147652,0.4731646243087482,0.9732795181579305,0.17812020306287635,0.398748893929833,1.264123835586611,0.5201974335978722,0.6936565313749072,0.4919905005688119,3
0.5992854183436215,-0.05765169360913944,0.5481289173745086,0.08749968644736418,0.8193105383043321,0.17174647983529537,0.5068057486602812,0.22640640618377722,0.561438187120632,0.126470598792047,2
0.012090494858243053,0.9301619446494943,-0.1975179124591563,-0.07287442313122089,1.124431719977486,0.5839619100760436,0.49533943031440075,0.10999639591867466,0.08400372204408688,0.6862793197157231,0
0.6940139095475405,0.5196627030455973,0.6001673607696066,0.6692619032728628,0.03489509179960168,0.538864530272769,0.7373199730156476,0.49618803799537536,0.5571010340044278,0.04672977784855984,0
0.4955823367534066,0.7915502556826672,0.38261519840036096,0.7125584209029483,0.28876500352430495,0.8095272839343903,0.33662278070366386,-0.04944201343427629,0.8247542513001229,0.27384032531227703,3
0.7105204194858907,0.2576385640499808,0.9237461989411062,0.37810151036336603,0.6904567659122965,0.3698751021820776,0.3329594430380012,0.02610918016617741,0.5417677927528738,0.786847139722165,3
-0.3139265196887256,1.320578422145187,-0.05630766684328081,0.9200416720551404,0.2974093439457293,-0.2531828606401441,-0.2779695561455753,1.2202505885395687,0.1850442503736524,0.6663480620257995,1
0.7427751355623045,0.24145297107962888,0.3218687100274346,0.2890639832518718,0.7408781504696981,0.8844659916744391,0.7578749398875616,0.5878492765374621,0.8348032563788343,0.10394969989154781,2
0.6002223127814547,-0.08003510671164904,0.7960756740060827,0.20737609359539394,0.24355329985786195,0.9817922431372403,0.03379791517882974,0.35104038916895863,0.31509385299913933,0.9973578566585817,3
0.9087324454955632,0.5372727634237005,0.6488260321034844,0.19711213796817428,0.07659369113984722,0.2391873342650468,0.9289480717666336,-0.18657152465900984,0.5652447152876291,0.5732807225626007,0
0.3566245800569802,0.8151810143538437,0.133496055784619,-0.031006531078806188,0.5887901554965472,0.25188908172498314,0.3838081154533796,0.4570537542184988,0.42079503771294097,0.25677996008948356,0
0.8897836798699335,0.04773865192721455,0.20442298413644577,1.0894142296159481,1.1511710882308983,-0.03394051385520275,-0.19385008580392316,0.9098773005869615,0.7515396085565887,0.0801059594057798,3
0.22449081690156159,0.863543724309401,0.5765299891063116,1.1367393933024506,0.6782174368017307,0.18612601513127774,-0.033242033242805474,0.5479469997926965,0.2802118228755981,0.8543453430608533,1
0.5316398069280723,0.3201323461516068,0.3981593487580895,0.03895738222827549,0.1825424580451825,0.12770320215803252,0.5604991128514828,-0.006205995672434269,0.6388385837884203,0.39721542098136986,0
0.159274500143071,0.5073974503275718,-0.2166751755272679,0.1444983845771265,0.5461457129538718,0.33872442745539605,0.5400986827727738,0.3842761472631866,-0.12117051148713426,0.7075486688725987,0
0.072921682288378,0.4805465151014817,1.0292273236627145,0.8772633178647016,-0.11109686167981998,0.06732205967350217,0.690116183114096,0.7943949682730704,0.24670658591447847,0.899377549557847,2
0.05418042863561398,0.5319370345361082,-0.41141087182335323,0.33621322936553066,1.1447659836062325,-0.5203687276046892,0.41782761989910094,-0.01601651553862149,-0.5383152012848027,0.5599352218578084,1
-0.15938612645583022,-0.14129143090074628,0.7241646699586873,0.27982289309142344,0.866256759517285,0.15017914720989745,-0.18595210250349628,0.8327200028027478,0.6573567076732685,0.538066976471573,3
0.5662109998334164,0.15451560645731557,0.042946936907485946,0.7890156901787407,0.8673956108073773,0.0402159514080806,-0.006030494909850075,0.48568872422713094,0.5296447611389222,0.3233920841770535,3
0.3384462667730582,0.2376060955189869,-0.021212631015835592,0.6941116809349587,0.6335645469711171,0.3464730906790824,0.730482312434898,0.4004543313193046,0.18059875788147556,0.6639941237445875,0
0.45902176737125977,0.6406842171697528,0.8387846155921569,0.7919257274635794,0.50660562531883,0.4663749384931402,0.7859012204183425,0.7857375927170922,0.4797070073986379,0.3993817560601417,1
0.45743630158401094,0.9460926610833322,0.6375109248482207,0.6109359586869605,0.4379411464498436,0.9854625947551522,0.2354019987988266,0.3438256320587533,0.6998382866669982,0.28260193791906696,3
0.5605191623805696,0.5770353029596711,0.7719937486269413,0.6205552631223996,1.0410388380737072,0.2988574145912058,1.0542752322380062,0.48704058402401157,0.47512842419410806,0.36371742389553474,1
1.055317542435762,0.07721756679775475,0.6470503710051454,1.0401036958426542,0.5860198375917853,0.7191455969288837,0.2698398502612685,1.1493674334544677,0.7901808638419218,0.42743882164459535,2
0.12907701377673886,0.5183828911398366,0.8373958425529725,0.16603890312736447,0.9739704540749397,0.3422063747348716,0.5759005062989797,0.5008347084124445,0.27778082284929506,0.3302890053726384,1
0.8766087804745591,0.3049091480318272,0.7424977266574695,0.043524494350796035,0.8752776085648749,-0.037045524757161205,0.8528389699967661,0.7006714833473346,0.19154799431214267,0.7856223111381805,2
0.4376564656552604,0.7205414739760297,-0.11588732913946398,0.24557453943602386,0.4860324364619636,0.13107135039737222,0.8899888240451542,0.19649948211438006,0.5111306624331737,0.6699096558108643,3
0.052605167278582124,0.15584699685504666,0.5221075031572052,0.4982602123117743,0.8747880983323548,0.3329085181820501,0.5050065093969068,0.7339283204531487,0.3967699071487652,0.16244208720096798,3
0.8219616139137927,0.8803131619367099,0.7704353375925557,0.8612576379132912,0.8773410780872217,0.21214499091278158,0.3031506308618329,0.7855107304410726,0.3707051075248409,0.5713747885080903,2
0.22900797136129158,0.23376861301009305,0.32692141594520463,0.553361231556498,0.04181687592694194,1.0462255329848342,0.383988093532837,0.5578856673124435,0.4499764250161813,0.3141852636977082,0
-0.017729627063592157,1.2400487208444295,0.6820334703159919,0.6837709487864269,0.7000219431261738,0.09585819845426194,0.8915987857168214,0.36734019500925724,0.5886480132845691,0.7460930061816852,1
0.8180556702104728,0.8441939320010359,0.7829304526768932,0.8031999858798534,0.927760886846212,0.279948222636739,0.37499581452009106,0.8181424949953073,0.30939322028426774,0.6041473717838561,2
0.9987090278879965,0.14422925750714252,0.554570658509106,0.6765607324013654,0.5543935067376451,0.6209462500161202,0.41583833887657684,1.1658602176653838,0.7432131970332829,0.4320607807798753,2
0.013861872117473467,0.6137501834644989,0.8168526992969931,0.22877910667816476,0.7278764521977112,0.6768686955460127,0.5334821805934649,0.08072250437898432,0.779432507670062,0.01711088756158963,0
-0.22419032251472804,-0.33532404699725893,0.738493073242112,1.69673575358653,0.9110129345627413,0.3912417832548816,-0.010045057331942886,0.7029018546168516,0.4633756466574033,1.3162745534217466,0
0.5993687575532294,0.707549306072147,-0.09659615122983672,1.3162809830099582,0.04175655635397074,0.5163964281660285,0.14292928205484767,0.20945220806173015,0.5666335058754821,0.5582658557382797,0
0.29223347414766904,0.33208867484406723,0.842072844166487,0.7282761881796859,-0.1856981883262355,-0.019460333736211893,0.8699248606058252,0.6899390876611676,0.11793372915573636,0.8543684173800061,2
0.8787874883918259,0.31257332881476,0.7098453274174845,0.0328349923151377,0.8948810662742879,0.01954535393239671,0.8742858711969336,0.6554959565549575,0.22195874998516135,0.7608483962354543,2
1.4175832116411806,0.5472503825021223,0.8053992229439944,0.743551786444159,0.924180590062824,0.2116751475842932,0.21072286990067268,0.2991065612580436,0.6255526805025762,-0.4133816836851723,2
0.016382193136379373,0.6133815018342944,0.8099098769188514,0.2246297324159426,0.7307726746968753,0.6828145688312922,0.5345861046059234,0.08356386266641341,0.7827514302193977,0.019149732275600236,0
0.14337486578740652,-0.04518529042660252,0.3869989652622429,0.3503944593669992,0.8074889385809387,0.5632176319209377,0.02328892072085161,0.622796076531287,1.0714690020120878,0.6891857900362435,3
0.52939449897988,0.5437031069302393,0.2668697764560158,0.7631211528455111,0.1038039254313556,0.3074133198990347,0.7887300838134562,0.42727868508461186,0.6538801192442654,0.28372561688013354,3
0.7039419194893338,-0.048829613488257664,0.12710186456842745,0.889660065196816,0.9794723193701225,0.1849554273961755,0.07052594033124407,0.5083675772932839,0.7129610510195155,0.4476686844067695,3
0.07116439950985518,0.16240709382040563,0.5693483466201683,0.46098053711334797,0.39556155587274167,0.43343736294841867,0.9976528854437108,0.9075041562692334,0.7645373561323602,0.35800585747857694,2
0.5550631214628258,0.8869100039648307,0.8289345185042787,0.5043366875930417,0.7045481608448635,0.8392399537900601,0.6132596173120993,0.40924724207454044,0.7880560577200055,0.43135804778223147,2
0.7806165672968306,-0.01912220973201162,0.6503144198649896,0.20514330342852125,0.1893883849096571,0.9662830982693601,0.12464610179941514,0.5634606511736248,0.2496572933813226,0.9545212870775621,3
0.008452852224972371,0.6192124451188145,0.815450228308082,0.22661942104789426,0.7243048325277334,0.6865263641938817,0.5363712880601217,0.0790700676195515,0.7781799188318836,0.020531775650230146,0
0.3430996735682341,0.48222516275267296,0.7949325687720448,0.5442232342999551,-0.0980772023213369,0.17096239252757467,0.9065100737996785,0.725308086982151,0.2806007747986732,0.9764264073928479,2
0.41683686910267165,0.8294135803520911,0.06389017866693308,0.2958265241688543,0.6636102976671991,0.17115205494914157,0.8892073401926541,0.33878576265530325,0.6659251127494815,0.6202645680751465,3
0.8994793122671139,0.3670272109760666,0.7182096133264787,-0.019904027868046383,0.8492457937721218,0.06141216507524706,0.8956710941929036,0.7061500429703959,0.2620074234523755,0.7503654143588964,2
0.7822049504318128,0.6037035527058666,0.49922680448699197,0.682462416494355,0.12937979943818478,0.09109604225845491,0.5074331578051644,0.17303160077175575,0.4074389184018396,0.6632756852841394,1
0.16168301296393908,0.5389599944027464,0.35343335110034524,0.02437148991129076,0.8590524412162105,0.41847159542810825,0.4026868388386988,0.21645129958195924,0.47876111936695503,0.08647707686378531,0
0.5434559224509355,0.6999327801758644,0.9174743401121781,0.525094897529427,0.838420659560666,0.6999246731666727,0.47174178257101945,0.25561487995223087,0.6267071262171684,0.586053877068307,2
0.12436192917123096,1.0030668801794667,0.33942778073754465,0.8919149856488423,0.8061414438350766,0.04049540919787284,0.02020537497106375,0.6648041591613241,0.29324404349081884,1.0131455046139248,1
0.7659592882425497,0.1591504112545713,0.8649714508605604,0.29225343505072565,0.5142381817585062,0.4664409599897647,0.3622386430450144,0.2745947918171752,0.4064353820106979,0.6791383669354301,1
0.6054922402773467,0.6331326479663398,0.8576435521814172,1.0029638605349998,0.023664271078152686,0.22628038970190284,-0.0035858479688594576,1.0386750487910426,0.1703756753688786,0.4726602701402737,1
0.984382714371247,0.14276728305943656,0.5333128335547315,0.8683938574497456,0.6972532510851441,0.8252289933810417,0.27588311697981394,0.9362133563158223,0.6243135758963443,0.22280069070854494,2
0.789063562217742,0.8519257684007687,0.6853087216559502,0.8098504624873142,0.8795416962424375,0.3488251237124856,0.3755596538604462,0.7255155224417461,0.2653849000702718,0.5514675646924208,2
0.3914584726866019,0.7803089779746738,0.299744322043625,1.1477448879958794,0.07319092200093383,-0.48981776391832543,0.39216123509581247,0.3891340353482521,0.01053467934226876,0.5441427123469285,1
0.082332470157009,0.3502702612656172,0.2352200327571103,1.1818217289154043,0.5795863364396605,0.7520622077373167,0.5176614287856122,0.8580149411356607,0.7508923928373377,0.8122090658915821,0
0.6552384472849931,0.3038860358754107,0.9581477098704001,0.347026697570807,0.1518406209486068,0.976635651035412,0.009367225417495989,0.6069988875299395,0.08512417646911033,0.9252155259156545,3
0.44642751866485353,0.07859591441758927,0.8939390455055353,0.4856397441396374,0.9296364408424316,0.21548451237125832,0.4609412959179328,0.3934234482190356,0.8653482085236459,0.5429786599553714,3
0.15485334539648146,0.5379299957603695,-0.079645748259287,0.11168151455815123,0.9704064917246802,0.4236260709619394,0.2524325289503339,0.2960315932989518,0.3509195352804694,0.5653103920764164,0
0.03141662035389766,0.9569209580020638,0.26542240465860006,0.8158259490611097,0.7971312776995403,0.0573828132677401,0.0773034712196219,0.6734797807577924,0.27326260007908326,0.9619958065141044,1
-0.5421339652629666,0.7283098434552787,0.7436254537757362,1.2614847649364882,1.035534051231689,0.008807892136483919,0.2759359319658946,1.138258813429035,1.3803958367813247,0.15531169575301604,2
0.21067009942993553,0.31239807409496373,0.2506480734344042,1.0552300427083654,0.1743860739355842,0.8663144130260425,0.7846600741815966,0.6924685033833371,0.7979884114158654,0.6453056935123067,0
0.28260925607540177,0.03232334543597413,0.8734052061505506,0.45847305597343146,0.07256825341733547,0.2876606998601291,0.445950948173171,0.5242911109293645,0.5449036126721366,0.27127148826256253,0
0.04544084147222498,0.16155573238830356,0.5284927382085359,0.49577454450684166,0.8869773527226846,0.3517975297174934,0.5034755992956995,0.7302275669627468,0.39091957950826883,0.16030657527243725,3
0.9611206253503205,0.1291894868816395,0.22780639760047477,0.5285118077716436,0.3255459237662973,0.14247067153016313,-0.007137965918595529,0.20476343964795782,0.36393507805629255,0.8693958746896497,3
0.8792944756042937,1.0526396105467308,0.6238738456002326,0.5497020594896193,0.9034946673726553,0.31189908400218247,0.3540326244493401,0.14259728763328755,0.9816948790800603,-0.10005476379656783,2
0.20222279021968564,0.6312814818978667,0.010899902566163397,0.40784142079319136,1.0811416984241335,0.5465955224833412,0.25252992202404856,0.5798704088064339,0.0433012974170659,0.5991201409676619,0
0.15192655288541987,0.8845023660203987,0.30094793957142707,0.9704735986428988,0.6816716522670779,0.15118174912623528,0.09698416221922049,0.6646319324108824,0.14645597430558946,0.9362594182363975,1
0.8755368869056978,0.312912747759094,0.7147148493992774,0.03485525670484058,0.8911136701414287,0.016591985189823844,0.8702480563326527,0.6593205170246348,0.22484330056606575,0.7595566010773442,2
1.1284584638315611,0.5032333519192466,0.6537281957230225,0.7387780971323255,-0.09949716005765469,0.554297359225837,0.03671429307345715,0.6931217187021806,0.0636883569084448,0.18840396113716945,0
1.2084005149827746,-0.054788156805976096,0.7406977728484077,0.6434618984923001,0.8792713455089227,0.9434899389559925,0.006579200568672838,1.1089684781319866,0.6815002620665668,0.15472824726076584,2
1.1094449500140704,0.24121062527348056,1.123780521141726,0.32932301297078986,0.6381338379118633,0.22473812907491805,0.39516005164086276,0.43652809085536876,0.48024614955640127,0.24498867482565553,1
0.981368365559986,0.9925241131687964,0.6380117827617273,1.4930529869451939e-05,0.08493445006714506,0.2275847846624435,0.031128292216239757,0.7565048693964626,0.9841623812745917,0.691523779162121,3
0.5212183979459788,0.9043846498422381,0.6990308233756954,-0.18901371309783097,1.0324152666491375,0.1550093313391747,0.5970274721314225,0.3361953535159194,0.15844679546483648,0.173334924945293,1
0.05654764777945169,0.15238478158466323,0.5247409503196109,0.4952647388656089,0.8757253156429727,0.3385430440611179,0.5143518112637313,0.7401853246602447,0.4040547331572657,0.15717811798118014,3
0.42040546369676757,0.4963193400987154,1.287501028674531,1.0291067605793225,0.3834595760447307,0.42806852469928236,0.016656009439234426,0.9770900720290687,1.012675858370852,1.0050551452384766,0
0.7151860447870249,0.9310820997834363,0.7296048993161054,0.7269454202931895,0.36564832909717404,0.860019038170245,0.2930064626656074,0.26212885564417127,0.6210975850058322,0.19198262250266948,3
0.07789902126179785,0.6496889100155099,0.037719866769798674,0.26947850706784476,0.851673797039274,0.358569126259435,0.3692099352500991,0.34742668987136344,0.20734325030297576,0.36324254380873827,0
0.8286870128841427,0.5750871775647666,0.7966581407165736,0.3616245776531242,0.6662443536866387,0.9268703317026148,0.33006763655508053,0.1570398872019559,0.21212471458355497,0.8348658985569937,2
0.44069505662219655,0.7173034986592832,0.38382325610855794,0.9169887340396567,0.2707431519109824,0.4918884485598092,1.1268456410161831,0.5861591199256987,0.3903115138050589,0.1467276652900436,3
-0.18057152750610309,0.8555949007107071,0.13559778345086415,0.4347044603798966,0.9720738845624992,0.6207739819739684,0.37321606672831265,0.2206990653247351,0.12680658610850426,0.1394716974083418,0
0.09960258513880889,0.36205077725408313,0.35578433664504555,0.993896836692723,0.46702659570646177,0.7868388334753513,0.46874467976984424,0.7217621865777792,0.5550947653312424,0.638280336098018,0
-0.19719271342955585,0.7466043255014367,0.6067654753321139,0.9681034956235255,0.7315649544462065,0.3526955144071215,0.36975139084151937,0.33759825259384024,0.08141450750652349,1.3191244042326318,1
0.5995140621558523,0.7024532803798077,0.391708993135121,0.1164190313824851,0.24973083562480156,0.5252379664205594,0.921408768605688,0.5616266445850426,0.24029539054194762,0.5073156303761117,3
0.899211395822871,0.965643221009871,0.10222494577920135,0.7205888007204182,0.608635772938302,0.30844306330308496,0.8493362123650678,0.07718925414817959,0.31812839593559994,0.34400731688556024,2
0.6366151376890417,0.04159976580176142,0.15724352021660581,0.9329327027514819,0.5449751843667865,0.3996797759428493,0.5866413841915864,0.1374413113472527,0.2930464987880409,0.48493954456105914,0
0.4083927538386447,0.06792208132507149,1.0789327702106792,0.5814289424808186,0.5375440825687687,0.2844110161803139,0.5588438789497705,0.6143581066667538,1.0357139671513622,0.6618704535498514,3
1.1058632994347277,0.8321250439030641,0.6831271056196073,0.5569359454279456,0.7181758985081206,0.3724632517434001,0.6321623695760199,0.021279613649066997,0.9034726175232941,-0.08083051874528496,2
0.9336212969259812,0.8632442053536286,0.08724322243020546,0.8184347033624728,0.6094916275830884,0.3480638294318231,0.9454253610854425,0.06364358605104722,0.29138508152724135,0.27062905275927873,2
0.8600703361667541,0.4613767626860143,0.9234928504764688,0.14339513884994864,0.031264324105243144,0.5986322046466609,0.5290271200112697,0.23661347669827615,0.829660703889113,1.0151985945098465,1
0.3892369931246442,0.6093170826121004,0.8573025117962647,0.22247407128117755,0.7077991718462939,0.22777997809449252,0.8438299246812481,0.7920221496045046,0.27761182563643966,0.46246515441527214,1
0.9828101116999833,0.9806116432716073,0.6631298938577185,-0.012307205673661663,0.0745039810527546,0.22283861871042163,0.029233990343088607,0.7558414768010236,0.961329607697186,0.719961911966686,3
0.04264431916017207,0.5437692632559513,0.38857158787789425,0.08027697003652579,0.6481142594737601,0.13333801952481064,0.6208480527257605,0.7629796969997279,0.6054837700698165,0.3048033638241101,3
0.6962938991392525,0.19558153455409177,0.9568204690737638,0.4498781588228589,0.6138193575362942,0.41705125847332786,0.31610773878184717,0.08930475059868911,0.5883454692436031,0.8232136671981309,3
0.8621540217397768,-0.11436267190073396,0.2716637102349949,0.4028566561385032,0.31027037279598796,-0.005614320495925584,0.07548060568355697,0.21019671660164954,0.2813745186924105,0.7832552756840044,3
0.9927313369099487,0.7868269714895245,0.8098634256355094,0.6374591886727006,0.06267851039947875,0.4680820019639844,0.11025219780008692,0.6945658553179116,0.028441499046805995,0.45864129923096675,0
0.8138052337003302,0.8253647938475608,0.772188534621137,0.7886810722443837,0.9096865030320808,0.25809459804082546,0.3522962437271166,0.8002387453820011,0.32468208386492237,0.6233601515133015,2
0.790926158812171,0.9932805392138268,0.8298386974379897,0.5039620665591539,0.366423377149735,0.7934835977627163,0.12106901264521608,0.18300730406407187,0.7076200159116548,0.056408473605323174,3
0.726332950853576,0.05226833035088764,0.741310785375096,0.25063338538025365,0.05022508183337876,0.9321757119608822,0.22819567145993375,0.4524837752959811,0.24148972787418102,0.8955114448778291,3
0.7743638073271559,0.6027291438578275,0.7550239185499091,0.3680034726624913,0.6403904192830688,0.9274879492240464,0.29547641108726186,0.14404122268494718,0.22496743917706757,0.8346156911302979,2
0.7113610393017608,0.07773753713434803,0.7055741262749309,0.23279141810270387,0.0801353334888115,0.9214835357208196,0.21209706304354237,0.45837981435538294,0.2331907847904379,0.9011181974345425,3
1.2810733817071025,-0.0985050258856866,0.16793048627189333,1.1247633919936009,0.9805544637163088,1.236815696523815,-0.12131006637394959,0.7657073888372752,1.0744914930698877,0.18427321411771563,2
0.7967517965942411,0.8338164293273118,0.029505563208354207,0.6304472502064533,0.5372554131882823,0.21276168659052985,0.8061384824977375,0.04976558341369586,0.2803591348662793,0.3293814569741744,2
0.10381810191685051,1.0874883854996509,0.9279579788185839,0.37124896819848086,0.18318854916339872,0.9144765932028761,0.37176874987897457,0.29141659529717645,0.37448834344396237,0.45209271356413894,3
0.16580390476141715,0.5898046483872157,0.14273382617547897,0.17327160858483448,0.9181331627913184,0.2560683130972248,0.2256830187085038,0.30642423554942433,0.2236812162080621,0.4093025684441771,0
-0.023293766321488496,0.9925283260880118,0.7060023078416113,0.5467793200918801,0.7355032446013624,0.3341830345012611,0.9833519172253073,0.5226570249777467,0.5615038437471025,0.5906897729448374,1
0.9886602578259983,1.0493896364563717,0.5872092373972877,0.7372659435386977,0.6581135719689271,0.33360448051516284,0.5546259002648882,-0.03492637200453377,1.0018967840205069,0.021041386490548562,2
0.7021116710290553,0.11114708233686113,0.7364853577002708,0.30197718656241745,0.11589866689638136,0.9328349927017965,0.14083414599793853,0.5440250431165254,0.13976894467219825,0.9333220731895467,3
0.7967969491796981,0.5847141488091759,0.791727833857631,0.36607792227354014,0.6393554805641226,0.9349330346517585,0.2940041863321215,0.15946326475194225,0.19459068486414785,0.8668620873293252,2
0.9736262435841012,0.1177328790265027,0.9416060531079053,0.5005090964485822,0.3318737559687947,0.1875015514969856,0.6409577840742582,0.37289797315026574,0.3607204205881701,0.5315339662106748,1
0.3778161213050485,0.09527163787689369,0.17507036963448758,0.7085798803507455,0.5769523538724954,0.4873003683049564,0.9021228250633789,0.41061484350204264,0.1506789805099112,0.7716782827969101,0
0.5058115215715646,0.8109057069756188,0.8488906329709855,0.4758940296293938,0.7556370272077927,0.8314906673097716,0.5184967833104545,0.3517039709661079,0.7186568739943139,0.4579924506387016,2
0.8412513003093622,0.9497853724057065,0.1557142570695617,0.7615663768630921,0.4703621614015612,0.4328936583184115,1.000904512012233,0.004998942927450897,0.24284929129063212,0.3690900583262888,2
0.7750568596574198,0.3223697584682673,0.19139735750999906,0.19659916000666927,0.22201519424761962,0.4313949261714288,0.37531683168411234,-0.12810674296999164,0.8085200419290488,0.3856558680666216,0
0.625482413187289,0.8137564163707185,0.9940163318574412,0.7758570120351732,0.5051384722756439,0.2466070269000718,0.27528752852725813,0.9778581684714015,0.7772723715564265,0.7917473919762423,0
0.38436994928964235,1.0120364116643645,0.7793770276945485,0.25385756267015613,0.3754290431335654,0.6299889983769065,0.6258891095621903,0.3883936176339629,0.6231329946012567,0.4987184393070674,3
0.625396306563535,0.7616405011208105,0.8631198970857269,0.5399931956520551,0.6645504924342366,0.937538657653489,0.6010105459787036,0.4068905134343686,0.6084685128292984,0.39379172751601466,2
0.9736703894731352,0.12885108110541613,0.5717144067174791,0.8693523946232802,0.6947389497303078,0.839917341626875,0.22292512366525008,0.9285029963081481,0.6379844002101638,0.2570299172555296,2
0.39604858903645224,0.30805859094867727,0.8847740899337379,0.36983623017482087,0.7945661820135935,0.2784461282896302,0.2954733025491121,0.4746633150165211,0.800608260494863,0.45399283941697083,3
0.5560668621037818,0.23230268153829917,0.3692912594762899,-0.01721583885428904,0.1572789753761425,0.16046803992092074,0.5458648406224512,0.022172005029855092,0.6533516391551544,0.3221844700885145,0
0.2487764644731489,0.5889596984253949,0.5960434263866852,0.07947636466974173,1.2663734022422983,0.49012041407598944,1.2467927125467255,0.702123249104855,0.8665221178114881,1.1260223799578526,1
0.706762890984739,0.9460550056061584,0.3209269900913718,0.5668758224191318,0.28655474804397935,1.2590047842522492,0.4544346162097374,0.2211247672760051,0.9281668264015055,-0.11065010796131378,3
0.8085758043465021,0.1868549959005242,0.2991065928252006,0.28914342183548425,0.8011513306219745,0.8900914207074125,0.710983211790798,0.530789984478105,0.7738525146377259,0.09975155920660046,2
0.4449400183999504,0.119097062024879,0.24530792753243208,0.9350204220440503,1.1667815318754382,0.3012008569170491,0.06421630801208794,0.6389780687118691,0.8367050859117201,0.3754235530481411,3
0.3996665870285418,-0.1000029796045972,0.15138355175679408,0.02855893128698876,-0.09371191980949789,0.3294130410313145,0.47755575821766444,-0.3216716086214756,0.8840302794332513,0.42081078015656737,0
0.9837337422418087,0.0854997915958649,0.8603555700496779,0.6100267945569119,0.8104800802972522,0.640585166258101,0.08087527865760363,0.9583715110530613,0.8904927748512996,0.03175044727176232,2
0.7719779810315888,-0.022830617359385796,0.8220345125610399,0.16107378654267374,0.13585723919599552,1.0352946800627219,0.19104860700722806,0.40371867129079936,0.28414005847537516,0.8612590496453241,3
0.19243783664513772,0.38353395141985996,-0.05646208283903703,0.9734640569840329,0.4298233300111877,0.35259791090775544,-0.13516208875466007,0.13324505019168853,1.1460032663327802,1.0833500342484335,0
0.9589353953448225,0.855026422816254,0.12190276938428357,0.7482955484748626,0.5770312727569101,0.29345786347157066,0.9240076618467133,0.008326743956886852,0.2429574970556096,0.25962422025506576,2
0.6148240537759,0.5005073797943622,0.6123147424011626,0.613453675181793,0.2912685901733967,0.17830715216847265,0.38008453081700283,0.05594433297125459,0.42884979984713467,0.5677009957085186,1
0.6888626436684552,0.9679266814211676,0.8887480118620992,0.5697843747714524,0.3881066525617126,0.8286205577673809,0.18758828797403973,0.21328937554434743,0.6241774636646988,0.12343948979478367,3
0.7613639789952867,-0.5072136761637106,1.7375358279916513,0.6935238427832593,0.15657171257792196,0.21436083582475937,0.9677120320930709,1.2607676710108668,0.9199231057635209,0.495004996536004,1
0.7999852394032624,0.5838158475643327,0.7684771391683126,0.3850647401986708,0.6403847957838132,0.9382029387877328,0.2961750411567804,0.1555082514145218,0.20122969128645585,0.8496241383736572,2
0.9643551514107187,1.000511658357873,1.0215420626196268,0.4565852978728856,0.16402891550253323,0.550444156581349,0.21139233871367166,0.48946318249044857,-0.08977060115993167,0.27525951864712495,0
0.6955865476666879,0.867397313938878,0.3581682041267894,0.715508661315029,-0.05693308457904617,-0.03366423182765532,0.8227818033329348,0.14826544078603082,0.9488656941383988,-0.035362662290772506,3
0.7078840456271952,0.9929441766115674,0.7869761260691717,0.5810737870072537,0.2651860944066933,0.8614904830253682,0.17728203030641204,0.1926557613994535,0.5560835939088705,0.06024343507904688,3
0.285881114261783,0.8161831038282189,0.7372932075878875,0.5511124344270562,1.0256150304694285,0.138565340007243,1.0697977691296983,0.35195037826282943,0.5144542944563957,0.6266589275785993,1
0.8699230844856678,0.3273234012524162,0.6904598236673339,0.015248781507639433,0.8990215966993189,0.031237398470892234,0.8937360884839516,0.6849911037376932,0.2445922238563625,0.7787351319106399,2
0.7383679793896454,0.06902392662931496,0.7235046029322767,0.2513960416767631,0.10769961515720367,0.9744299620091851,0.20387357705716502,0.482593764158274,0.1931243657546162,0.8888765607099658,3
0.9042420634517948,0.906799512354556,0.12321324565317096,0.7692678209220375,0.5650747491150888,0.32340336264335773,0.8997659769911166,0.015847346036677736,0.29986707356994313,0.30701105387764027,2
0.4836233691627564,0.5926170125827703,0.25637381533663467,0.7475159955288472,0.0714811232076446,0.33872141350400403,0.8162505144376849,0.4012918145639739,0.722241065596691,0.2054017750394422,3
0.8189111177995452,0.34495240741782845,0.7211900195741459,0.04859735728919776,0.8861738198618834,0.04449912027083407,0.9166592079025746,0.6693681890450003,0.2462852460944177,0.7379696809163782,2
0.6317373142898728,1.0588937308210666,0.9660233824014164,0.7590740532919065,0.3162096706772111,0.6725714830792558,0.3994444650064792,0.39650897071411856,0.39390908502275435,0.22707185781029235,3
0.717519117430372,0.2552244301354392,0.9183039416723308,0.38338871543403236,0.6893417005830491,0.3702773486076392,0.33959489086226574,0.020942998208040065,0.5450503908044257,0.7833003430991031,3
0.47171757527634295,0.5290304787565853,0.8429442470927435,1.0301955030912893,-0.03009708224145776,0.033335898284166415,0.025694634435503697,1.0471552815337637,0.12119227902301677,0.5447548671413087,1
0.09190139878120615,0.9890759642775506,0.6761465463329657,0.583728162763896,0.8016985108574612,0.1983023540138324,0.895792119651713,0.37539205099463024,0.6729659958087738,0.7126854546003137,1
-0.08695541579529878,1.0195793948410152,0.1505495394301829,0.8390118306292733,0.8283178021652979,0.1274177305246982,0.13008616867232947,0.7961019526869662,0.22549832091275618,0.8854503185958377,1
0.9519506301488192,0.3131626835210492,0.670912365810986,0.04863435144926476,0.9198251831479957,-0.012837939529398379,0.8096386608970283,0.6410465140104017,0.25505156295159337,0.8096611069795425,2
0.8924572385123813,0.9017606369387133,0.09524057305874267,0.763868832402581,0.5922944282486438,0.3134488776314061,0.9041561846927878,0.03780585550751127,0.2766922340045354,0.28283612149687337,2
0.7127021963232076,0.2620448373975982,0.9245194258285115,0.36857735004927855,0.685616414302501,0.3820562921833243,0.3402818098581013,0.032052498310571116,0.533935650086312,0.7890894164620658,3
0.8457819224775937,-0.0853203236893331,0.8796626108208163,0.016233176530147664,0.7751581657944246,0.5067392928426354,0.10450305796585779,0.37244412338395505,0.6413579426031585,0.6268204926093224,1
0.5743271230065805,-0.04368319074327723,0.5539435990544997,0.1641635675568339,0.874958805214211,0.24781069441070802,0.4896115769223685,0.2107618203981731,0.6525947542112577,0.14573518759712614,2
0.672711138360823,0.08982472104869743,0.741220568924799,0.22640687978618318,0.06233430813262984,0.9344118623964274,0.22706660607693663,0.5080491429571694,0.24572655355551715,0.9325213292590306,3
0.5470346647045583,0.13299182542756405,0.018581299578080995,0.8350273678738294,-0.233023138309022,0.5563567774521818,-0.3661917873853741,0.25304341674761577,-0.10712142596463686,0.548448853181033,3
0.13945638767823623,1.013866017403875,0.7302284924554622,0.5514510303986099,0.8241157378708097,0.2379547653972042,0.9537839411484028,0.38432583686955735,0.6791218883329714,0.649628197722424,1
1.0343375046668282,-0.05268519999758162,0.9891711720706465,0.2903534916193896,0.5123491442175818,0.38153959199263365,0.27182567940336444,0.4040543869102104,0.25145671744992537,0.49534163945788495,1
0.7813952746710953,0.08526574382991796,0.790253515573673,0.1673129928791185,0.1469651528119483,0.935757653560772,0.1791934834254986,0.4213188668923258,0.14307593518601897,0.8498087920162395,3
0.8738930835115484,0.31244124669589485,0.7146034251739071,0.03313495131990636,0.8911371539146165,0.015178830716917674,0.8721251821875592,0.6599824037962552,0.22489947815752412,0.7581762773897842,2
0.1836084421241254,1.059887973281387,0.6975456920565487,0.6360455623255523,0.7805110127563377,0.18438284293074247,0.9212083745390425,0.26503483939951444,0.5871402504243352,0.5893728467175097,1
0.17952745914365464,0.5730332835217794,0.35207664176089903,-0.1291426387532395,0.425111309099728,-0.18103587504101992,0.9555108317821753,0.5621492449685961,0.740331676909706,0.13461959971289253,3
0.9241376485596923,0.8666068013333847,0.13846076302482763,0.8082644865198475,0.5932669017344289,0.36165845742505637,0.9019343487361023,0.014788973049127845,0.2651284135675982,0.2911682709211554,2
0.959515395438985,1.0170434217651232,0.6595153742673836,-0.007483667697256065,0.12211940089104474,0.22421362853646123,0.01600053001875305,0.7279889433243423,0.9636930956131251,0.7106307515815774,3
0.49925497795046014,0.2324326667698142,1.0510109004920622,0.37752656230238996,0.6403657266935437,0.25987122772321086,0.32087938696598967,0.39039614840057857,0.8399529784785791,0.5100085311211409,3
0.4825519065306504,0.8151727575486379,0.3762384106290265,0.7421367186580693,-0.011170854419191342,0.19758914904112973,1.028408554601921,0.5058016332405296,0.5491616548600085,0.37022936744786267,3
0.8685349455390327,0.3143362085169468,0.7136166740441449,0.030117293868404404,0.8894708572789269,0.01454187300320924,0.8760651491378891,0.6628379655800839,0.22763222888433696,0.7519946903230662,2
0.8985878970461921,0.8344383791179447,0.19653999873962066,0.815126220303185,0.5182463776737073,0.31121317238458585,0.806249385996291,0.10534185490199066,0.3723201584477863,0.28771373954875823,2
0.6780923007337524,0.4747823749568322,0.5934079848177267,0.6667295098869418,0.04246201632086522,0.500033653088305,0.7533224018805792,0.5246214361521923,0.5425047965229013,0.07073334183662679,0
-0.2418068330656567,0.6906333870973991,0.020566017455414976,1.381200699651831,0.3745527845872136,0.8086997004740069,0.805060870530279,0.48856454350924833,0.5480586895593617,0.7298475966234957,0
0.055045367621515726,0.15496291014309255,0.5219640096712806,0.49737023575357403,0.875100276162363,0.33950368983366586,0.5142743441949349,0.7353182418568933,0.3972372584353409,0.15823587993098448,3
0.7374707607042447,0.024975099515568405,0.7928201216265996,0.16222557825711031,0.21132889821557016,1.0052990816100484,0.14887508162782997,0.5742086106418327,0.2415878911316776,0.7662949605119916,3
0.4203402755593161,0.8074510662144531,0.956743847272286,0.5391226598292606,0.7088700413996227,0.8352753163024274,0.6079596894164431,0.33010641001823615,0.7010752729234202,0.5377656207529616,2
0.8345614447458729,0.23976063240784995,0.6504392361051547,0.08605473718631651,1.2547519214191636,0.15461106184601858,1.1602686240416147,0.5422630325991022,1.05569268387452,1.151713978273198,1
0.2344711764025157,0.43648314729900056,1.0471670445520838,0.7602626632734242,0.12485613139758006,0.30460703103460063,0.88724185161889,0.5751399974279238,0.34961840849592235,0.6944752331770979,2
0.732402722790974,0.10837680522004867,0.7151994107405207,0.24359045587533557,0.11558586327169708,1.0074345998388499,0.2486791359834128,0.472930189211684,0.19161612725788965,0.8314437868811494,3
1.0017668298745668,1.0453911583441544,0.6953451962877235,0.6762928345708688,0.872332599451828,0.48937703517760484,0.20926559589144603,0.9540414251021049,0.40535367596732036,0.5697185954235113,2
0.565225147445249,0.061258094431249195,0.7089013547507509,0.19414054474669598,0.8125408451338695,0.3993236495815834,0.6382348177564725,0.12139036722436758,0.7382475209274859,0.20079015680266707,2
0.7831114274459258,0.8424731858484658,0.7434952894263571,0.8079689522898411,0.9164624309373555,0.2809437835974442,0.37428664094250513,0.7901640346785537,0.3090490026152939,0.5890290887248515,2
0.8901178630719864,0.8252076014027095,0.6236299044618945,0.45665300156280103,0.3461216154017589,0.28844263239637064,0.9793361650042958,0.0615711119027012,0.717594886548425,0.03483527687197557,3
0.3265760538830269,0.2536373897074734,0.17874854916892258,0.6138214825080645,0.5617641971534587,0.3558608458032573,0.7275000770736709,0.4032605647572826,0.05974600072720136,0.5870474250083773,0
0.9669854457890931,0.6968290597692245,0.8642853674977992,0.7249263817230014,1.0306187121887662,0.4456426469140834,0.21263214552380005,1.0586040070471188,0.26398512755043135,0.6673860384913961,2
0.9748305819168527,0.9951792367115573,0.6589392263451959,0.018062013971494217,0.08491724868100096,0.22062782922075713,0.038328508243594885,0.7455759100916536,0.9717732844430158,0.70923823402204,3
0.1364588602408681,-0.06641411552957152,1.0410319548479507,0.23409273010985437,0.5905617653648643,0.47556316224969225,1.521175854338127,1.2291711072892362,0.5264713784437521,0.2588762184397582,2
0.010953199184215216,0.6138321662285587,0.8146474138842623,0.2252343162749877,0.7299478833261107,0.676804088862175,0.529763222342983,0.08407558809094778,0.780333733409715,0.019466920702864075,0
1.039314148171173,0.9695456862478814,0.47131277226042456,0.6832219057095675,0.6902114825314143,0.061279573592429665,0.38426803086525696,0.6846491079609714,0.07500515284084752,0.5859847915095988,2
0.8729049915433982,0.2987249788976794,0.7235904863331012,0.0333895306278228,0.8784629047305047,0.007895139697444913,0.8711961347634304,0.6468659764250176,0.2166486232958364,0.7481903663057186,2
0.5080434988270758,0.5935399805779965,0.27707344436298115,0.6577994312294727,0.04615899837903468,0.2905999252768549,0.7739492864874726,0.39415475259508476,0.7657725421179054,0.27309973602501625,3
-0.026481931268670836,0.07816439106785562,0.4924326915703179,0.25787688006494325,0.8667376026855808,0.4339430385264901,-0.01965058097504044,0.710334419737065,0.9288201395133773,0.8347777692274428,3
0.6708211434677195,0.8678035359098204,0.7563031298121637,1.279217627243948,0.24831290816017076,1.3631396692538735,0.8226161837526412,-0.4229105309383254,0.2919994220492803,0.14901341492220915,3
0.506429468295046,0.8241811950210763,0.8763608662877217,0.48246790521316785,0.765728863140119,0.8244970339250102,0.5371795799970084,0.35851682793500733,0.7382494848324662,0.46352635118282237,2
0.9114991333709828,0.34323594458214857,0.6675542571642152,0.014663266213023943,0.8746034723659561,0.018117819940204533,0.8469687529850121,0.698347306479768,0.27662012817421566,0.7376204456466184,2
0.7983743532276646,0.9110223685779626,0.7708005582275913,0.5540500949873252,0.6307033342191685,0.2632589859479372,0.15449959296636007,0.7418302109879243,0.47800913283803026,0.6085101708858935,2
0.2906346844279795,0.016640758355362245,0.11459823972531483,0.5187834830592912,0.514757256264681,0.41895852803522843,0.7246882215660653,0.1888991423004578,0.07691598335014996,0.6237336237279476,0
0.6407152275629358,0.26105749539249556,0.3992655423097045,0.04648206283667975,0.21103732616852122,0.1226337703924297,0.6251120355791087,-0.04450988158361159,0.5787706382228021,0.248082737987943,0
0.37766973385666885,0.48483237915376465,0.6517766458813887,0.7085738474883421,0.12993380920285172,0.020918467579503386,0.6134799810726177,0.6227049771465079,0.07564930208566695,0.9024670014439472,2
0.04171431626001622,0.09575633889816483,0.4616024156628073,0.3176806956444926,0.8479035138222281,0.3911460279691653,0.05188207811243154,0.7741414512520972,0.9107032662830943,0.7325403095715315,3
0.7077930655708368,-0.2259490276883992,1.0055653504666853,0.8215593945968002,0.5331585228114247,0.5387009957548128,0.0628935718198626,0.10417961234159046,0.8497789547572522,0.45011043148425045,3
0.044095152353955225,0.1216304968626898,0.565658578560587,0.49977814753326194,0.8410641282689054,0.3711854927745735,0.5316294227005489,0.7868729896738582,0.379139085002681,0.17185053101898815,3
0.4776583839711429,1.1195681208483288,0.9480182064994558,0.46331069510434486,0.4454613476205156,0.8681098484895895,0.34350459390121346,0.5500619737579334,0.04909103003559967,0.1372895662385713,3
0.01130912475477811,0.6139523382291642,0.8151274827512499,0.22564196528927963,0.7307851079594976,0.6802723440986245,0.53014990902414,0.08376809283794964,0.7765880993251267,0.016910266824106984,0
0.5301350373779266,0.6216793818578148,0.6847613134250983,0.5113946479095536,0.8431870390666658,0.7181868063783583,0.6148419511168907,0.24657775360317677,0.6807244664850791,0.5183377521465136,2
0.12109217963659924,0.44490954632159485,-0.193340680264314,0.662118375799902,0.900980926771697,0.4181497167892731,0.6372701881198274,0.6767081245813625,0.9998487914998566,0.48177648280300395,3
0.8351337382374939,0.5708848776662477,0.7324522477763763,0.34428809751968653,0.6743045722588524,0.9713766274460088,0.3290960129397473,0.12849128865412174,0.21937844865163253,0.8506646219016234,2
0.6252487006430362,0.6855557345514617,0.39850323228144546,0.9174659415563946,0.3076330761250561,0.00279709703951201,0.3673575584010156,0.20820733257934385,0.2863463292234692,0.7502678793307186,1
0.6123708189858621,0.49799472007990175,0.2656076318862253,0.7298560147421692,0.20107841042190133,0.211819659027217,0.7499281232894695,0.24588555953312352,0.635277571469012,0.10824760535119574,3
-0.20189172841265407,0.31585160512770577,0.20828489516504733,0.9001446216053431,0.6853450013046574,0.8677600678292156,0.6183692886274936,0.7657843530228909,0.7216261940955757,0.9753419013215082,2
0.9443640947248968,0.286805949762035,0.4563198139719211,0.6588199939366016,0.5049031694173495,1.055572994757849,0.05414450749710964,0.708289986036744,0.5965645033903894,0.10929841237821489,2
0.7075754211574745,0.6109620691194485,0.5245469915498209,0.5332105172306871,-0.1345300262667785,0.5155302168038958,0.49538993956563915,1.3936812916351975,0.5461118616561824,0.18607665028270254,1
-0.15862458795786222,0.4733125075596161,0.21236599420328184,1.0304342064791874,0.22529557742529607,0.7123269502281981,0.3924050552222209,0.9307132531787268,0.46550217195965565,0.6432882959680312,0
0.76076537345503,1.0325302588715324,0.8707489645857855,0.708608653602804,0.3059145018150907,0.9434261131308694,0.20653763856653784,0.15230153366691454,0.6430294006782348,0.05419969041757674,3
0.5845852009819155,0.8203574270085384,0.04555005678484003,0.3356503112746048,0.4571482308798947,0.23758789767176086,0.9389612358208517,0.38682088032925,0.6988674363206531,0.6747872055117918,3
0.9466143539365045,0.8362556840601042,0.8282774525648209,0.6372076266099816,0.013268153471679811,0.458660767101091,0.058462176872331094,0.745313336249422,0.08303905493883418,0.4202351653168622,0
0.9184100207628392,0.4499921342240139,0.742679157207204,0.3049545490157538,0.15754891855614186,1.0084365925267882,0.5710231078685736,-0.13259507868431777,0.5318002553098578,1.1172825173099543,1
0.24847460772667523,-0.2284272088328716,0.4979476939540155,0.6236193957079004,0.17484687019611556,0.6874664875145755,-0.3187770789568986,0.9166295803062278,0.25340448556616624,-0.32320807754729,1
0.8172291445066376,0.8210300453207877,0.7963236955144815,0.8133539390810212,0.8732770149961292,0.22152512719581877,0.32772037846080715,0.7555122395303444,0.3333921347190159,0.6367857041431166,2
1.2942350312467839,1.4320391816376574,0.2543129234222609,0.243794550308213,0.5341144268389602,0.6494323588429576,0.32227237060006775,0.4896833850202057,0.8441909327179923,-0.17920103467937076,2
0.512626393105315,0.8513309293292542,0.15488691636148466,0.32366488192970605,0.7357855951760011,0.24752067246748036,0.809016244277321,0.28254272176733436,0.7186170781043142,0.6034982487856333,3
0.07768814496114165,0.09273251464998644,0.5051660010282901,0.4795948025245361,0.3371120006033068,0.4865644796830226,1.0227664381102768,0.8555381302676983,0.7177992981814634,0.3915076607607526,2
0.7309770074376976,0.049366435301811035,0.4201895135028281,0.5631855384327493,0.5383836032586892,0.43806235652172065,0.6972570488279759,0.4107225889901399,0.18244698015111016,0.3883496832771811,0
0.19937689356534793,0.49250296651771475,0.9654503215427671,0.7057185449462072,0.08766149500823994,0.25334852753259707,0.7276829646220272,0.5887547951087295,0.3696897811435009,0.81201625625588,2
0.36365631024030315,0.506651911875642,0.7253363095670962,0.1398172728903224,0.933049276135197,0.5351614906313891,0.6160577366458073,0.6815672666118044,0.06195454331515836,0.44675604550902603,1
-0.023081148697167486,0.32614889786274825,0.35314742277174455,-0.03382538894896288,0.5951476598513965,0.04462908130773073,0.7576816544128187,0.6986400144547732,0.6119489762289891,0.06418685574130613,3
0.7576405408815694,0.6333131073644261,0.5111702180856964,0.8031684407239948,0.14347140483185924,0.038258249385866826,0.542626280534784,0.18769164594967788,0.4815203106887215,0.6684723306287097,1
0.12044401659839479,0.5489777073053672,0.06996911460068772,0.2210187205339382,0.7647047874576571,0.25704113160841324,0.22348947911431183,0.33642649278927816,0.2690778113279054,0.34561003185401185,0
0.23099949312720747,1.1285952118835747,0.6874742801641114,0.5852176103281832,0.49857658724161436,1.084307708851288,0.30732709546472126,0.3944577414010306,0.35404698531052403,0.3132633308703436,3
0.012172070336470341,0.6137941996808554,0.8146634287516441,0.22718797109647146,0.7300151161546273,0.6780231759117622,0.5306094757148311,0.08276801690709153,0.7779058125343382,0.018425171922178202,0
1.0237019322313616,0.2052540801060603,0.6315057544859363,1.1546827664714214,0.4121488642485692,0.7408602429040055,0.26539463921537465,1.0391987481925415,0.6571898886212951,0.3152203570245248,2
0.6610228038895941,0.49687528941085396,0.5988509967908603,0.6823254590214893,0.05758255840206616,0.5121630562799863,0.7479554579587466,0.53315810439253,0.5519256388158102,0.08117929351629183,0
0.654005783297899,0.49706975672973575,0.591452011323778,0.6749518775840483,0.05592558596324586,0.5107195496231327,0.7464689378866908,0.5409967277837565,0.5469821207144707,0.08882575778424605,0
0.4499817193004593,0.8200773366838727,0.1418741432651659,0.18835149304198723,0.6097912982836444,0.24169033578019505,0.8702843354796581,0.3880738181292935,0.7734850707071919,0.6229258536577134,3
0.43171778565765223,0.33576589930004286,1.159423186601241,0.23748109210465038,0.5234306275638283,0.25245289793181325,0.16926256337015352,0.559135603217557,0.7738532138652253,0.4022730390530953,3
-0.1635863235359634,0.7700481716780477,-0.1423371961476841,0.8161790489409877,0.5559642004642196,0.5592185332378061,-0.09187402563650307,0.49753388789472014,0.4699332469042358,1.3460705155966073,1
0.37896068789993664,0.08812104295241285,0.37405801740016814,1.0545297534191418,0.7072459022584684,0.849027297786696,0.6627757942218259,0.9105540931899745,0.31382543771931926,0.8124241559819552,0
0.7795751462657451,-0.03297814662286522,0.6052990875912238,0.2883031120004963,0.09581910598313094,1.1706730012877302,0.24259793684822062,0.29548936955938665,0.22085994970617115,0.9361756104027297,3
1.1390234317504566,0.9865733626811347,0.8704024029911952,0.7761441430879797,0.19133529912573924,0.8388282068369026,0.3927541581038834,0.14115038148480363,0.7982814188382469,0.14832961349139204,3
0.9675466952363815,0.9861455625362553,0.6104420912534779,0.6270484904551524,0.7804052124104629,0.25796433624150883,0.5128914270249031,0.052300704609241286,0.9135188266266008,0.02739893889177967,2
0.2937043927413704,0.4506075721017574,0.6235798743200461,0.74915676931178,0.3200284471056321,0.8265593987545208,0.722056122668067,0.7134196066264895,0.44474971079652575,0.7516475678416707,2
0.9335775869759951,0.8355626996649499,0.4145228291777554,0.6033306491349093,0.4617111134535465,0.10237944573766375,0.7758967819419305,0.33761777777557894,0.842652983921041,-0.1897782588001571,2
0.012381392482512766,0.6146533489225595,0.8132381584274009,0.22585747684304658,0.7289998294297145,0.6775006057794978,0.5325872573368015,0.08326005872984338,0.7792869230622707,0.0172815519272072,0
0.3776638421700612,1.021309361803672,1.1489624649903445,0.4794404837236536,0.8077597393818373,0.8163368700972209,0.37958340347314956,0.25490953615074163,0.42620767113658303,0.6321868530056105,2
0.1832983449776477,0.9047509412358316,0.6721695134995405,0.5623998025105753,0.8938016805230771,0.3630870685275051,0.8515138700287939,0.4152742314465498,0.6917670760264772,0.5507970858432937,1
0.8106332649670127,0.13805535827618481,0.4340415507671384,0.3452893633818489,0.9513072890518242,0.3184626070069689,0.6691902460396183,0.16445859303428167,0.5800314142782431,0.09307163842930483,2
0.8027766712701788,0.575153619925642,0.768870740622645,0.3842740929493963,0.6456286630480721,0.9366567383300974,0.2828347441262827,0.14860444670996723,0.1917103467744987,0.8667193345310583,2
0.6198209267063262,0.04828967026870678,0.6372611302580118,0.27599947762289334,0.28204169039116855,0.9797259351533892,0.17357843326978514,0.6362648770856731,0.38183808781074735,0.9155286961968867,3
0.4875525101142669,0.21536968487930006,0.9703229462453864,0.4285935319743009,0.67560901343865,0.3029971346745901,0.3291312198875576,0.3932578715323584,0.7557607302500289,0.5688515321887981,3
0.7103779480085732,0.8925201581778577,0.6632028479620007,-0.028099404910407633,-0.07715838062304653,0.8701021912269954,0.8676891463825086,-0.18982504721952814,0.7718322846026541,1.4009882290878566,1
0.18119625492583538,1.04303975433367,0.7332905065294255,0.5111047267470894,0.8796089558408747,0.1877876022442665,0.901943504255628,0.36593720303100014,0.7055341092514473,0.6955487297924517,1
0.7545994254986296,0.3566413741144189,1.0253960451206776,0.060370175295609174,-0.19936243714237611,0.7531395030768389,0.420896397925437,-0.18166469734965895,0.7285452889026486,1.2094775479962765,1
0.7889834464945075,-0.1617459623358031,0.028859161481992267,1.0610591828889886,1.0450452536154613,0.2293773032355156,0.21179702842239811,0.5390557235449034,0.7153425949586871,0.4726552179419299,3
0.6383211988634738,0.22270557107584513,0.9581203552643227,0.3735938140102356,0.6017196260021569,0.12325871426787324,0.4986079277664195,0.36494686655529246,0.9203661607124295,0.7710840631057684,3
0.3146677936052013,0.18719970763966326,0.1074346585950247,0.6405503068204755,0.5512676789834138,0.3830745294317198,0.827613559033494,0.2787546823961698,0.013198479092682798,0.668246588412297,0
0.6397515001128027,0.1206392782370116,0.6350475325622693,0.2099304604586542,0.7519508703276101,0.283129766798867,0.5665591840569566,0.13326440548321974,0.5609892273011934,0.2155755334768401,2
0.9499393120412596,0.9769246069782777,0.6555564571768824,0.04118548975014393,0.09035016252224067,0.19254099836317412,0.05017931533578404,0.7889152358777277,1.009978300972892,0.696158763274173,3
0.4978046821155829,0.19829701384760764,0.9962539689875876,0.41499662963764256,0.6977856902283153,0.28197827512716234,0.34158297119288766,0.42924315950312586,0.7840920844968765,0.5549762633803278,3
0.7820393625280061,0.74249979000369,0.8071517860199506,0.5009839281014605,0.13019297861721832,0.7603611108321839,0.05611749897566259,0.6639106793382816,0.24439382739562443,0.19550637580507546,0
0.8063196091032369,0.5930697835528195,0.7840553733819202,0.38601614839442805,0.6331365224384555,0.9320032680942377,0.29350451189585763,0.15186358085878976,0.20111595686531833,0.8482217023720284,2
0.2948464922209831,0.9025461731597818,0.6526990038704173,0.26370411968043483,0.1644167489355755,0.8194565174069419,0.5452008044095876,0.44246610364835576,0.37743412316242014,0.4209858540790578,3
0.8886663110963379,0.7040460017348323,0.8564356514070901,0.6604541759504996,0.13371085762258866,0.5559416770516025,0.1624916523748906,0.7680419550379074,0.11977866778016451,0.3884109228685007,0
0.4307277935123458,0.19853333121657502,0.597834671583916,0.45296554875460876,0.5954246686576201,-0.15949190108872907,1.1329140541571103,0.6257799497195446,0.3412001827596131,-0.23535887674014333,3
0.2680401353713267,0.8054711160055634,0.5618295015004285,0.2556644803507813,0.045110751751700984,0.7518373220378415,0.6192090110133418,0.35785321834202033,0.27081128136438753,0.4252091699126219,3
-0.08834871830553132,-0.09279817758486963,0.6915266466132425,0.7177042004695119,0.5543928447309648,0.20977459236856733,0.7793528158018058,0.5459231180529898,1.022768777503966,0.6147379359823618,2
0.8653190982374621,0.30385509658358134,0.719610983231968,0.042988210823248656,0.8901262174659411,0.020626912850841,0.8768162761922247,0.6660957407415663,0.23565950573813144,0.7468690347187008,2
0.564173857640283,0.5262317169403858,0.7921779941926848,1.002789696596115,0.016235367857268382,0.14100301163842519,0.011530340738976633,0.9373312711354593,0.09418767854143531,0.4664422726330902,1
0.6566170831875595,0.5034883323369544,0.6268717794255275,0.7083089235348248,0.059428865732825444,0.4931628871580478,0.7262885939450838,0.5472653170343801,0.5497648223223827,0.11132356360364573,0
0.09731585581814811,-0.08914040065233844,0.7144941620850346,0.48464353129298265,-0.011079363292920173,0.298867767974555,0.7548753367057042,0.3647401203424872,0.6455513744969852,0.24589626402578774,0
0.4019632216306305,1.0047954414101206,-0.019734791976997873,0.15860657585799862,0.7101299481755126,0.20145873207756126,1.0051298867751333,0.4508927163612075,0.5405582780664102,0.4703183182466838,3
0.31329113964989114,0.5285642233282906,0.3604315672007091,0.3296582129852931,0.037268611574891974,0.5150807799846902,0.17394607285558447,1.0081199749718641,0.09384083598099165,0.36977929810045046,2
0.3843335029762302,0.07253911460103378,-0.1610344505302297,-0.20177146524949918,1.0826725577273826,-0.28243285930344575,1.2712588731979146,1.4520721822886542,0.36324323878482184,-0.17876721635712167,2
0.24127073739360413,0.6253457586522263,0.8024969196960172,0.011686943778695967,0.8339616337609864,0.3603664610035477,0.6931081906834095,0.5659772697660507,0.1310142305653906,0.31133125944123796,1
0.8893182783297707,0.8075210679790631,0.8707023431038728,0.6977901637101109,0.8192603879698893,0.2599198782915597,0.4114666785010167,0.7714130637177199,0.3595474818293878,0.6976666600699117,2
0.4550078753190506,0.3755925378998854,0.8505654647653262,0.21039426494901942,0.7634705254562839,0.6725719723570559,0.6243543463783312,0.8839773668099032,0.4883095953629901,0.38171084864337174,3
0.1848126481905166,0.9699623116671192,0.7349645232148735,0.5536941266623125,0.7275775691124534,0.3494664457234009,0.9647664948268868,0.320304002835883,0.7559165372756784,0.7878086310506749,1
0.47301892807490054,0.32433232565929004,0.3194791101305492,-0.06425170836292081,0.15587983453593318,0.07489976483077182,0.5349143468892238,0.06603603343967966,0.7468791516044699,0.3904019984551309,0
1.0578591545730083,0.08241617278379096,0.7715936837426912,0.4438908116488789,0.3653512995018782,0.26052260141831685,0.49916545372259724,0.5707123668769479,0.25441152513590937,0.29913662077416436,1
0.6623186012238189,0.4696373651079544,0.6025652857268622,0.6615698969006064,0.05899855102490287,0.5414100940945112,0.7461630619205598,0.5322699667310185,0.5480629520603431,0.057393546081587754,0
0.7247682320277076,0.8052105090474413,0.1729520626145365,0.5862143573223312,0.6130907531319483,0.2136055902648346,0.8940641336599238,0.016199900506990255,0.3537439425588034,0.3993856593890337,2
0.97441204047096,0.9986978310177536,0.6466032570083966,0.008350396781240556,0.09567599081073057,0.21376255868352165,0.027219712701233332,0.7535066603016018,0.9835057220663325,0.6953276565436703,3
0.21568168624156683,0.636887391134113,0.8257463511415061,0.019949944625227027,0.8142910859037422,0.3827970979488178,0.6881573637417799,0.5896230428095718,0.11631384438072029,0.32112795555620716,1
0.9980687993216832,0.9310747637288417,0.530203694548736,0.6058874242847311,-0.16022106882571513,1.136913831027816,0.08027299979592592,0.9651661190671994,0.152984618779565,-0.029931193186995053,0
0.49469132025210083,0.5723208509360951,0.243424227261966,0.6819537304675055,0.08408093985572486,0.32681170162795353,0.7737147755378622,0.3570286780680524,0.7148475713030906,0.2209175091071932,3
0.7196397874136063,0.8478058190179573,0.7028446141125747,0.8464342736898418,0.9173252815642503,0.3721545010316115,0.3261414760946676,0.8312411733352072,0.38488643811027784,0.5358118293157501,2
0.6083154050201165,0.5430436343722234,0.275105091102825,0.29789139596687564,0.845809881556129,0.31961919858119586,0.3736872247941593,0.1003511834545233,0.2654134460152691,0.19091525990196037,2
1.179343588533032,0.4459321402791656,1.4970640697673416,0.8546026112945599,0.502470525215164,-0.26710688313301645,0.9813863189194683,0.5138176318423905,0.556234682428122,0.8596341169570418,1
0.8567683406604291,0.5448690485319045,0.8355779628934716,0.42877526159601204,0.31584422521637256,0.7771564434482843,0.2645625837137351,-0.16139738733705053,0.5364575711930681,0.8428691969015492,1
-0.3784514942937245,0.5652593887325731,0.12730252032045475,0.8215911399860261,0.13721259936779834,0.5080434663889851,-0.022682212482413422,0.24850737989618554,-0.17517395493662447,0.2992826213554296,2
0.4849756771930751,0.8223488165264468,0.8688766557262217,0.4582515944391821,0.7571362589284573,0.8392814712347451,0.5193637025884613,0.38282102769624426,0.7180856454380812,0.4859896789553811,2
1.2279735854234017,0.42677718155237443,0.5660777226026021,1.2502171101402824,0.030014250364447603,-0.05640462627930121,0.5605570426243665,1.126065938703448,-0.10163584545478899,-0.07306763493570168,2
0.586025688395141,0.035362470437720096,0.6094445038879892,0.10061491580065517,0.6809459396724491,0.3564313481089188,0.4630592108581704,0.2441216655972189,0.5554617149160029,0.18590449692017053,2
0.8945613814645379,0.9364365781834194,0.17206047265679697,0.7690904898520915,0.5897385597003763,0.25654445252835006,0.832811908066663,0.03588421073028755,0.3173603000816784,0.2312507536473963,2
0.9257023012405008,0.38416692175837563,0.8221068139871605,-0.36859833447210616,0.5052850979233964,-0.2196966870170351,0.2694006605722142,0.42697056368435593,0.29351895711093884,0.3957531204164676,0
0.05421794302141506,0.14667657191367878,0.5425705100390106,0.4910196593071023,0.8798332853576072,0.3411467571654941,0.5168443667986047,0.7320493733806465,0.4119470546658287,0.15812523073962378,3
0.9648688486630177,1.0059554336849654,0.6545176021755583,0.0023807842096683135,0.0940576679383316,0.21149855015465516,0.021891377809730765,0.7534506840215955,0.9900146823968935,0.697625193449868,3
0.8937112945948638,0.3531591600984645,0.7896396211398308,0.7385130318213065,-0.31667627691235317,0.09988460297073987,-0.16057786805190064,1.1570074199951865,0.40719364724562007,0.1126983112964356,1
0.8045088489265428,0.006382670909080219,-0.023934105774819497,0.8436450889553455,1.0341525228258934,0.08035845995293207,-0.021413862839244152,0.6764741635179025,0.530216702310649,0.4777879255206545,3
0.09288746016280877,1.015867450451929,0.6587179363274442,0.557998759669448,0.8337835220743889,0.22623061558503899,0.9623624968008216,0.3836060286626203,0.6437238700710359,0.6361215049495167,1
0.12193576580096735,0.7784385770977731,-0.05986500829979442,0.3441504344146871,0.8924948599029092,0.4948263690659644,0.4860271394395121,0.2996707993387298,0.17289355325308095,0.5331825372093288,0
1.4903659150288038,1.0097991859449753,0.6299204328292863,0.6102682898959646,0.37169020452196444,1.3596008483095778,-0.0871153851016866,0.4466838501985609,0.6258728943751932,0.9329219654379751,1
0.170959100517329,0.36079896513377674,0.9667352903858311,0.7688038157091586,0.07439947872163905,0.24029194840339785,0.8332914523435903,0.5785935337931057,0.30508442178714557,0.7978983943514512,2
0.6238035266174473,0.5104777749868665,0.6154768604022393,0.6921728258628317,0.08038448463639344,0.5042689979226228,0.6644910138986981,0.46059974124419306,0.5529523384878287,-0.0067537143089373974,0
0.9991092852759396,0.9477313511834417,0.13700308253091908,0.7986800420555096,0.5349484821367539,0.23547118299306719,0.8991644491743493,0.05093614209378851,0.30872649927464896,0.28482244704130666,2
0.6613289353449134,0.5036590489025717,0.5956953597298917,0.6792341503716689,0.04544472499659113,0.5220295460064227,0.7357011508093305,0.5352317754492482,0.5602792186142748,0.08992292923526041,0
0.026113309386930905,0.4202082261733193,0.3470578037748607,0.9486779916578482,0.4081931745329878,0.7686698401877248,0.48626397885536427,0.7887336284505755,0.4894258183403277,0.5732002812772024,0
0.5029217368729808,0.8193661828074771,0.8733545789268573,0.4797087770524692,0.7624034828327027,0.8255200058534257,0.5357443769416939,0.3608241856632261,0.7338626976882181,0.4692705281860749,2
0.3346124340402322,0.6876698401457029,1.1859424240419247,0.5101222399127902,0.26909441995852285,-0.1062393306545818,0.9449396855085378,0.732402682011095,0.3018848836470872,0.7623727334179051,2
-0.03462388188846423,0.2658224367064342,0.571149502092645,0.6122702115310454,0.24145272589452202,0.8236422246628988,0.598592943739744,0.46901425166019783,0.11480830421163654,0.9220415861363687,2
0.05461254752185044,0.7335119833142214,0.09620124712942824,0.2757521024960206,0.8952107273061674,0.4550374359917593,0.35734567457913635,0.37025659852571846,0.16208763297713194,0.39468573634563725,0
0.5646040004787911,0.330312698763629,1.098801846870458,0.3848827701794054,0.7845283919281041,0.19162857572652892,0.441109585851569,0.3827160814153531,0.815674445465457,0.4248517494217152,3
0.9661205656678826,0.8834819271212105,0.5088485994877506,0.5519455864173938,0.8744376132707278,0.26807091749755474,0.264172342545036,0.9902995292648501,0.2696817286484493,0.44420260101727893,2
1.2431903592349525,0.5380271653182437,0.46104033511270165,0.27963783622023203,0.2436116048814353,0.9965713343426417,0.5127916706552855,-0.22472139430149554,0.7373526460007442,1.1235374326366723,1
0.0028860674093042216,0.016397226907635107,0.7922047609156146,0.38877401590027355,-0.02358216816527134,0.46470155696763815,0.563238546789915,0.4012283368256667,0.6160757606920615,0.23985985880569144,0
0.3876556924638076,0.5557380035031887,0.6818594999900444,0.139513051974543,0.8714256892865703,0.48961642423474105,0.513629957230346,0.4927898716264866,0.003712117099345255,0.38601989015655236,1
0.9382818882710253,0.8718540688922313,0.09000801869000367,0.7698471655140845,0.5540199024271438,0.29883146338714295,0.9066223122249302,-0.011644464376601646,0.3299901140963915,0.2961288668529377,2
0.8204490197903553,0.6105102430241075,0.7918859371305559,0.3881804492000322,0.6505760084874159,0.9235417527237991,0.2710436216436444,0.12873691900710643,0.20421718008980555,0.8535719925824804,2
0.9151385038935568,-0.026826074291974367,0.13790847197594963,0.4666257236797094,0.06859211643371149,0.1965446035453602,0.0782333413458921,-0.010290063460893367,0.1880801926351851,0.8358454699195935,3
0.3731623110309913,-0.06870874703331359,0.8213559731528337,0.24591056678404527,-0.24002945280264176,0.7295904767196769,1.348165229060618,0.4928146989169107,0.6037671665234324,1.1190053005699883,2
0.2096760764667184,0.6500420355188616,0.8375927510845904,0.006182307590470039,0.8254674040977104,0.3892163158147097,0.6953235936686556,0.5896663532945072,0.09771886658990768,0.32389127971136966,1
0.30537231341318016,0.7397455630889734,0.35709425942561795,-0.09542529283173196,0.876012422606193,0.2806806423374734,0.6364373269671459,0.6656250433650793,0.1568630308584715,0.7628168258545884,0
0.2162400084829375,0.6390032717477648,0.8223949813913262,0.01690848998188961,0.8141857648867965,0.38246357171826306,0.6853354364787051,0.5923299539390935,0.11577986165934775,0.32109670076252955,1
0.3112545922021549,0.6824254572486329,0.8494679937430842,-0.007382833350677173,0.7876666888403365,0.42318697630033203,0.6537322598578759,0.5534731756968294,0.20408172251569,0.23214816722331988,1
0.18729699642351902,0.16790417947992092,0.41442490486479344,0.9967473747754811,0.22979189655913443,0.19987708748799315,0.5202420700496976,0.2059115009919636,0.40222776355199313,1.0624408300768784,2
0.8420606680755989,0.21828989200735704,0.32527405135642506,0.32665789111867705,0.7050116143154607,0.9491647555986242,0.7631712067480119,0.5380368012810722,0.8387055810785857,0.1326548604463475,2
0.08698617157862065,0.7109291666452536,0.07682451036239679,0.2495977014103629,0.8246782142244048,0.36935331263920396,0.3295651885253933,0.3755035243776277,0.18629361994256163,0.3794994747494927,0
0.4236163653435937,0.6868647539440713,-0.0033620908444534567,0.28479791310382285,0.7648626866282009,0.16385727469888484,0.8389441744958459,0.4744025999003282,0.6639394799434839,0.6448980472860598,3
-0.267507133594504,0.00821628126807572,0.5109555586962933,0.803934210765936,0.23406033662836737,0.7171070371064141,0.17346276897783985,0.6499789229914581,0.5494856983160308,0.32850595477568106,0
0.9711897113112401,0.997089732140248,0.6440569513948159,0.004635806823517182,0.09370784972335232,0.2179589156311689,0.02792593720203712,0.7562173474792989,0.9805269023138766,0.6933181867862943,3
0.3545752450833799,0.3902513704511968,1.0289263262185988,0.49036660616573224,0.20696223868657312,-0.04278785803942034,0.5686316856843439,0.7530575242971272,0.24564905642981166,0.5543992819678827,2
0.9230758849849616,0.8509448167862651,0.12608895800589148,0.6328509626397427,0.6999869931754035,0.29614355828444466,0.9090970163760794,-0.003008526312018235,0.18309012547966427,0.33363648943462065,2
0.1341920850391194,0.24928135647778488,0.596418276649557,0.9488975296532954,0.22049116267046848,0.6689700096136574,0.5951977277709217,0.37671471453358896,0.30777429911458093,0.7226264765005297,2
0.8555702618735853,0.48731101947483824,0.7045332477473895,0.24874288843377798,0.19981671219323155,0.9046224161649095,0.404580351125599,0.11565484320694737,0.5848976737165306,1.0255811074949173,1
0.06603747519416181,0.6961880242507509,0.05851391242503984,0.24171016305021467,0.8447693089599261,0.40699233589850753,0.37744061908490967,0.3645306112745052,0.17328355905437817,0.391007449931817,0
0.557410527987027,0.1661306956970237,0.5039886162090613,0.2665999481211593,0.7453470746166376,0.31793954138149144,0.5501593636244486,0.15131510012356364,0.67498700091463,0.15493262839795463,2
0.9824581047440059,0.24838935901672748,0.9397823971096808,0.7002970934570151,0.7057255963898506,1.0041503173622541,0.581124921444924,0.9326156385178662,0.3131903285019133,0.3715260062267494,2
1.229245151929385,-0.2690208506866052,0.5189559782655533,-0.055861535200772416,0.8577032689554548,0.9178717747805506,0.6533933014655648,0.48077999717327347,0.6243867949477852,-0.02631560154252649,1
0.6961688239137505,0.43582903681225105,-0.17124539663952376,0.3192926145154059,0.5710615969738555,1.5270176789158092,0.9299836081262635,1.0504839261877743,0.5295777563831452,-0.13254172894870786,2
0.6333004015232678,0.47678315299116136,0.62625875321936,0.6839483841996575,0.0656330907811072,0.5481904730930808,0.764234035985169,0.5351984975786622,0.5383057299155218,0.09206228851248964,0
0.2471560066066304,0.9893593689733591,0.10858888759417534,0.6956038949313784,0.7405427333576281,-0.11216186324171412,0.03934170134116934,0.6340908721554722,0.36809078052805344,0.7844429977118432,1
0.5393092651031292,0.8704062370866057,0.8199720887734069,0.47000513534230504,0.8121136722899092,0.7643406088670196,0.48316626286918085,0.3620535805424208,0.7467770156382767,0.4782134157438176,2
0.8082524492828731,0.5795669479808937,0.7712481710214596,0.3739608506673576,0.633577227945601,0.9301274737231339,0.28963204144630456,0.15600453791884997,0.19865288228455966,0.8623628772548162,2
0.7816197272686941,0.19084055248024506,0.2944855369134059,0.2643055880410047,0.7832883661453309,0.907443656837285,0.7268195608792706,0.5473650231586896,0.7947895889728487,0.09306768012307728,2
0.424446234755008,0.823007388745483,0.045354864433532455,0.3116634875279583,0.6443815090404942,0.18323912476522425,0.8838168598638277,0.3352266019653996,0.6668075389117268,0.6161512872060553,3
0.858544023821333,0.3115225949806159,0.7220240365652506,0.018103465129048438,0.9085385467542141,0.011797748242120496,0.8590558911717239,0.6460630207514466,0.22750656229965155,0.7623869400230888,2
0.7105418086680985,0.2565785651825457,0.9232721023735847,0.3787188436566639,0.6910576760566824,0.37072547380787835,0.33224117571022194,0.02642007763952557,0.5421718206541875,0.7874600723415093,3
1.0301096179400817,0.08624593278334076,0.6199461772158114,0.7808884608642727,0.7545862950151164,0.8418506389305396,0.14829192159239793,0.8372576274023928,0.6304397762008236,0.3426453157108473,2
0.5928770675217191,0.5656215025928458,0.2999258646284006,0.29769531778685526,0.8285511366471376,0.3449247432160327,0.3806724016754717,0.07939235175517134,0.22222822236109122,0.2096399339892744,2
0.8845703929068665,0.31517002784112247,0.7177607034129629,0.03815531121183223,0.9028680643722986,0.01066292829679542,0.8578489781313546,0.6681897208349151,0.2334825756632787,0.7576958231566957,2
0.89314975585123,0.9067414053570454,0.8731204677675551,0.8679137743953576,0.9211554881605399,0.11762205879563184,0.31693165898185605,0.787828449916411,0.42346160914834907,0.6732111216910728,2
0.055493425625654874,1.0235263976873477,0.37519839382959447,-0.40249790509107003,0.398850018439373,0.5631409805393982,0.6060605018764426,0.49140076914260855,-0.27466847534334754,0.42888572460141267,1
0.7780480808325959,0.25637161777577055,0.35591343897673255,0.3041550574984791,0.7687377670003214,0.9716769223793114,0.7784033420945926,0.6145681922093645,0.815610946776041,0.14159151948985224,2
0.9164176383654543,0.14943020529869383,0.21312646693781034,0.3516932137553833,0.7940885570005961,1.1172194482262015,0.3018790947124382,0.9731820278027321,0.1767632861912677,0.5137580405801343,2
0.879697377530862,0.3106609481283017,0.7169187947673659,0.027470730403087562,0.893670022381458,0.014819597103349222,0.8774444671164227,0.6618323394470573,0.22381400885732905,0.7573259915221319,2
0.4176789610824414,0.8221425904571921,0.056029945482313874,0.3027024487759866,0.6500970235150946,0.17561541080066895,0.8856643152364688,0.348296766774932,0.6787463717048179,0.6213211258984074,3
0.4908707535186302,0.45869342784933814,0.888062967767985,0.22835543514143092,0.7804626499829135,0.6915926364921753,0.5445182944147477,0.8404340983081185,0.5198076750158064,0.3273575924931168,3
0.883224490087044,-0.026491682680397845,0.3527284462783159,0.5094871836083364,0.2935784331242328,0.046696346261912186,0.12563218407290044,0.02585602855784837,0.37042915497110346,0.9224277871930796,3
0.6557636037313572,0.5553656410720055,0.7990247531367914,0.9744338335530578,0.0020638966135477776,0.02907122629321468,0.01730334300255805,0.9406349402435743,-0.013454198262214528,0.5243505811959718,1
0.769590666096197,0.18961574026496966,0.30296446578558794,0.29452864033493353,0.768175967694557,0.9428374250291418,0.7435699776882101,0.522808284944915,0.7709273175901623,0.08303658459385682,2
0.8000761891399316,-0.09059082151503736,0.16506274300935148,0.5069910938958029,0.13897284724252373,0.16087644007312965,-0.008469224555493898,-0.05440496785978893,0.14071151127076692,0.7960979895332114,3
0.14772820706396472,0.13528244566318648,1.2911175042913485,0.9319642367568526,0.03697074548723485,0.19221355900921988,-0.37158563160853014,0.3568589491768144,-0.3424468324097573,0.06720002792019059,1
0.7639296431891761,0.5588423686287776,0.812228636926753,0.42928535527789746,0.6942817032200976,0.8995223042671247,0.33502914001490897,0.21100198038962167,0.16279724034254422,0.8004470016898714,2
0.014099953675680524,0.613030595424666,0.8135282063867697,0.22570569482593794,0.7304123339397885,0.6773527459642477,0.5297887780478353,0.08200385091507985,0.7765228741370352,0.017561028012837588,0
0.18773692994061264,1.0621211970632836,0.7278365831910882,0.4021480287527227,0.6886155874056371,0.24678567557389883,0.891640717556168,0.29439907177919855,0.7339766054561297,0.7533857149928148,1
0.808379814285719,0.8730628254106062,0.7284470350717243,0.8321144982003963,0.9437560699917709,0.28330053950551404,0.31256783973124325,0.7837149767320191,0.3699024830897273,0.639464262640654,2
1.0168468180393382,-0.055003684259558094,1.2365856308414938,0.609732450382709,1.0223047113241752,-0.010573912335766822,0.25954723152784825,0.9040223490957109,1.2988309107539842,0.32381535306416503,3
0.8578619057862038,-0.04847327001459997,0.1353883495711219,0.3689555160041606,0.26641964733809737,0.06582448097312212,0.17370529959715814,0.053313166116557606,0.33927946732320124,0.8527014733356318,3
0.49735055069121803,0.19569848641612084,0.9946769632599108,0.42020588665723785,0.6888752251640091,0.2882578528756311,0.3401250644135257,0.4192061276651334,0.7777381957446086,0.5635042362551327,3
0.868033160986083,0.6910791796017436,1.5812180854022988,0.4810386838450676,-0.050425383572266336,1.0289180713605866,1.0402740425389956,0.09880537610831036,1.045243006519227,0.3038773666826071,1
0.845170708404209,0.31969865016843785,0.7611524679493556,-0.03345732014861684,0.8908011292446301,0.033527265445222665,0.9285221747026888,0.7014129366448604,0.18934016272445,0.7646467266808932,2
0.9389017519644884,0.28086821561666464,-0.359645242262575,0.5019180589112235,0.7035218437798455,0.24836117221429244,1.2383307251147662,0.674724426384697,0.828297083750028,0.6291006852599759,3
0.9298402331915309,0.17088143430762354,1.2050301090997038,0.8258982164216182,0.4734057227415489,-0.3614563702928315,0.7107381661081771,0.7877801094079314,0.5715273764245713,-0.17165397824864115,1
0.803997276687255,0.602047940124071,0.7405173343756979,0.34137413277009193,0.6649963581556596,0.9717141686332211,0.34864669097662887,0.18708686097639135,0.19319098436229598,0.9191800191957045,2
0.34036711482649407,0.10364716360118023,1.1710584266530155,0.5185043655041459,0.5944217756959848,0.2886072265927017,0.28614991419582636,0.44785459670031674,0.6817889920805914,0.47612235186618246,3
0.582059437120813,0.34597572913793784,1.0472661304282358,0.6055390270516596,0.8069620293570484,0.3256607238238021,0.42878718219014234,0.6069280535683441,0.6543919533161506,0.4478188043828819,3
0.09566828911560146,0.12602724893827094,0.5328845829437402,0.46544304127741964,0.8366300054176539,0.35280092608106295,0.5479034129757474,0.745426320525146,0.36946743901951584,0.12942420217655476,3
0.644106472966555,0.08578118653224837,0.5857501807870257,0.1413755085746054,0.7313837036781561,0.3326674151629907,0.5177550753473995,0.2257026564282948,0.5930683833161978,0.22098398314484,2
0.7258442850646838,0.7296236066092942,0.890525848773742,0.6933972324782733,0.8791634471829244,0.32825417398976975,0.2395920708261608,0.9240637464801137,0.29309056836344527,0.5507147826040523,2
0.5182461903166277,0.4252627127037372,0.27191887494372247,0.6745177129965971,0.023463687652096485,0.21923062275910707,0.7112105762584859,0.42267403925478975,0.7851857072932642,0.13742250567372544,3
0.5938361657461837,-0.24747026603509908,0.21149818881323168,0.10277002000521948,0.2579856732113568,0.48766436680189756,-0.13772605867842258,-0.07480077214196079,0.2181183153836612,-0.15066704375880402,1
0.03356842038112626,0.943618511081387,0.3108956363400161,0.8430253005060272,0.7538432610650798,0.07063564747957134,-0.02323559188270976,0.7926066629104437,0.16121783057588063,0.9982782218829129,1
0.45191045804535807,-0.13837010548422632,0.7760513200050196,0.013319009460510622,-0.17177701532450323,-0.21674657415436216,0.3589214502965105,-0.015434399862097478,0.5745279189573391,1.3910998475794258,3
1.0438910171818898,0.5801570252897781,0.8291334647187815,0.40372565628443935,0.16828548999048062,0.9265922987092727,0.47043923250256026,0.05200617478011156,0.6626623467153779,0.934626119977562,1
1.1518214147054957,0.9466455649581452,0.7571725398747814,0.5835176017167689,-0.018109874899775336,0.5423320863398037,0.18420841058710916,0.6288675052250681,-0.023218852608062675,0.424205958517204,0
0.8894253266820273,0.2814715004052725,0.694349219633031,0.021669705767317516,0.8913804984633253,-0.028137270799216546,0.8340898302515424,0.6689281782703562,0.17361361591790275,0.775002027366682,2
1.0189159158662973,0.9565204406641636,0.6482758305499237,0.5682672754395988,0.728926954705071,0.19341439191970147,0.5999666736216381,0.12581816043756694,1.0065360249110897,-0.039182191719632484,2
0.9607969839596203,0.9984722055167226,0.6470918829250816,0.01982764612048565,0.08088751334022445,0.2234448608228875,0.029998314226872786,0.7619983499354738,0.979204894733961,0.6879682536009336,3
0.44019521484848506,0.7123464775477539,1.0116603745808552,0.18929019412609252,0.8590166738143261,0.25160952163499106,0.8645594996896191,0.4683951512157891,0.021565203143021558,0.5572372384627445,1
0.4023831943198288,0.7451605016291569,0.015718051984268677,1.0295973424183207,0.09245656093473476,0.9943783255671188,0.12585249631404682,0.320956481810347,0.1235369183183343,0.31342067183220484,0
0.25138784562994565,0.49034914357635573,0.8754459828231812,0.6477145212329758,-0.05178405375734133,0.1730484798631872,0.8238088156101279,0.6112789838579171,0.4413850803809893,0.7273192523153701,2
0.010681006175578982,0.9324190778978688,0.2911711989919257,0.9153345668378193,0.7449948001791089,-0.04429359885337514,0.0008935359952988858,0.7700794173169944,0.14173025708628206,0.8847581686132328,1
0.7564362345894462,0.23859966869213642,0.9674160823091451,0.3837269992859898,0.6687705008647413,0.39015038847563704,0.3036173799520242,-0.0026544129428610896,0.5840872541298529,0.7780042552753869,3
0.6546354933444543,0.712944623353355,0.8708025559891462,0.39814101830053733,0.6978781513755962,0.6952150321423551,0.4815898795555996,0.5380663680461302,0.7183888437332752,0.4119765769615473,2
0.05798485116170748,0.1552604242913796,0.5290984674907264,0.5015104923322194,0.8783955424293595,0.34030031614647843,0.5109249105534265,0.7410537097133194,0.40298762547227157,0.15265745509572837,3
0.7237263911711816,0.24462707683332602,0.9345383738287149,0.40203180683782513,0.7258578892024701,0.32701858085305124,0.3237203535751948,0.02860968197977746,0.5541651075573272,0.8235520135904828,3
0.41872023937872926,1.3712785497916344,0.9486124660510209,0.7987320624249177,0.5693996697075332,1.2429704654364526,0.3393128610619689,0.5917359338790043,0.2853177270763532,0.10197844656753366,3
0.7011788253342173,0.2551215124856362,0.9206206162457975,0.3888880271128269,0.6976250895478533,0.382082848523429,0.3292981593404063,0.015031853395945196,0.541923149557944,0.7790616675225039,3
0.6948182643163565,0.49030555673551734,0.627731125290337,0.7016735978335329,0.05331395731059513,0.4749615254116906,0.7661724606513146,0.5055880880292883,0.5672216516175378,0.08844392622326391,0
0.6810786163697373,0.4959036970635517,0.5835347693520513,0.6752532249711378,-0.002140530850817342,0.4577166137803474,0.775321775214599,0.5377417034833605,0.4762880969864376,0.08280624077709102,0
0.025809616888134282,0.06507222039779842,0.50698672217811,0.2556647876516081,0.8145011358432855,0.39350075876234614,0.007943726369164506,0.7149847945029795,0.9529699727171889,0.7811331075000124,3
1.1235524775848238,-0.2262069862933272,0.2026903740725437,0.6201600781663781,-0.15531667883280964,-0.038293821692286234,-0.15728038010794493,-0.13206803354289848,0.3265232749752456,1.0288933942166856,3
0.5681462437760234,0.8650313791995146,0.896398013828608,0.5671704561195001,1.0141278645483196,0.47093485811670655,0.3088288567615295,0.6036417465093366,0.08052894246648015,0.600838042279901,2
-0.06852728138476843,0.7891373215147601,0.15211797926734533,0.07043294527131408,1.048654157448394,0.5821211802379483,0.6012107540707516,0.361263799142987,0.33332586593843444,0.2551498651240226,0
0.1830325429178309,0.7003232367716934,-0.2545594976565669,-0.21075452847680715,1.3172042667040331,0.7828820598000408,0.03660682889452038,0.5200234570756342,0.37448278186539996,0.8022277935658604,0
0.04723119225223244,0.9263832546154357,0.5018067106696372,0.34549563949343165,0.5295371328083713,0.6376674839387587,0.465684002579142,0.27446944946551405,-0.11049226279520719,0.13579080228334311,0
0.7069079281384815,0.7075528892912457,0.3591951247235111,0.776469987898932,0.05300544935017289,0.2070712710264457,0.409404078879021,0.20766757158740654,0.28720927426274434,0.8086539900914,1
0.6804900860195857,0.48742827435603203,0.6052053194837244,0.6601213157244251,0.04764798325069624,0.5362726682386135,0.7565934626032917,0.5160143579592844,0.5760777838355213,0.06489001492468571,0
0.136054324730302,0.987015427841339,0.7034169669732788,0.5172793769189011,0.8392083686440241,0.24528083242689658,0.9520032137469819,0.3820571971619047,0.6990301906777666,0.6722524721122903,1
0.13655959654509253,0.6577430540208771,0.8665315826873159,0.7571318010612887,0.007280850503700003,0.2781830892237194,0.7809418166590972,0.9774076877837733,0.5961202178547091,0.6292882691502524,2
0.08172575824954584,0.5718684150412544,0.7385161556647895,0.1280675892737072,0.9540561522259086,0.372330440950122,0.6939262180453755,0.6421220396523369,0.003463819551403041,0.2828693633903789,1
0.9060452804420516,0.028271798529602175,0.2294378093284049,0.4726018868784763,0.1959381958280389,0.16755170504255792,0.06140106104612785,0.04240934749915702,0.2596399074777999,0.8092238326471531,3
-0.35950011253986053,1.5559766897446081,0.35776366444508334,-0.24729732319262948,0.44265865864248766,0.44607128730716905,0.9461506513652997,1.2716400409432553,1.7175508867475278,1.2069163164299248,3
-0.3385595904043771,0.5558608221240978,0.48440254708472563,1.1812152900463444,0.15432715312175546,0.5337560482251061,1.0339179255892297,0.7716324776879968,0.2001799695025353,1.1230723024677531,2
0.6440899448730196,0.5156883201554625,0.5905485874008382,0.7282564235362958,0.10017013658286278,0.46560205003592753,0.7858414458207242,0.5366523044800263,0.6082256819105778,0.05188645564414608,0
0.33243690376278173,0.8371305571579739,0.0209046095669419,0.27234496863524005,0.6574942215822476,0.222235164457159,0.8407585353734541,0.28514224450450254,0.6130484438700083,0.6316935339553861,3
0.33755959836894933,0.6838195918876,0.3697082588588928,0.1388564394252897,0.27818738291506384,0.36850288600239167,1.4950441533363115,0.2618712763884846,1.090818311044401,0.3329090547699212,3
0.13749099175218188,0.368645384955271,0.6714995080089103,1.3033019192439876,0.17272800251330406,0.5348115200024124,0.40396275718895674,0.9172907527434534,0.19677442058838102,0.6963408974064774,0
0.46470256874185195,0.8970189347652898,0.8689534962218213,0.554791290560443,0.7016831298377559,0.7333614942778708,0.5142289184591531,0.39147628227034054,0.7349263673268405,0.4169016743310545,2
0.587406877637906,0.5350028243772367,0.32251017436737095,0.26679626490705205,0.7814331420118324,0.36407548005819235,0.33247076837411593,0.03854983296631915,0.1820310515136059,0.20870580965196434,2
0.06186263399644982,0.1447909965669359,0.5178686856051288,0.5130107096474319,0.853095856280572,0.31590323952939936,0.5323927866002114,0.7656284626030204,0.38194867032431623,0.18771654512667052,3
0.6734364963369326,0.4994837504613674,0.5873159088302723,0.6962931684507553,0.029475270744716377,0.4793916998182338,0.7425226669519808,0.5531515481627187,0.5817152714986497,0.10842989946266474,0
0.8739555052975986,0.31198472614256295,0.7142405938322332,0.0330119753223053,0.8912799037595239,0.015568178341330308,0.872107703928049,0.6597582202779156,0.224763445191174,0.7582923875658433,2
0.9227619837160643,0.9377474660836346,0.12693686149219444,0.7653726487251018,0.5388881515034118,0.3544790340838227,0.8858614296649384,-0.018725825758316113,0.29917674136577355,0.29214859949704003,2
0.5490700744920037,0.29336706429965675,0.360490519793652,0.06448374863043613,0.1480140573247096,0.15417810874172766,0.5128093538639681,0.006775596979625413,0.6267160038612525,0.34785351236624773,0
0.6779906641699674,0.0626704983867628,0.6651143595695783,0.05586645010360944,0.687097241321392,0.3657778060521427,0.5731390306022902,0.2602023463347314,0.8094834000295144,0.21903501075082768,2
0.418163532326139,0.8195176677405139,0.05357893842178684,0.3037814132277606,0.6526874277533243,0.17259199602988085,0.8846310011756925,0.3457539727238867,0.676728004423741,0.6219021316237141,3
0.002421317005963458,1.1138770075360898,0.6463333411795392,0.5550749994701958,0.9679437948629658,0.2964544069958199,0.8185883736982633,0.33754870018068395,0.6336943120916332,0.718173332611257,1
0.3693178171793513,0.8320379636672859,0.054061411224916374,0.2530399762389884,0.5947756209042624,0.18185657688796072,0.9563394718924488,0.37802512922031817,0.733132684479807,0.6129962744928574,3
0.8230159778199242,0.8347155569082821,0.7689076134196847,0.7929711411939571,0.9159528995732167,0.26172185125777897,0.3589150833307799,0.8043561894556595,0.329661229162835,0.6144094708615716,2
0.39006280620097755,0.09586624107373434,1.0421655670122854,0.3506659338672078,0.6204832003455114,0.24149352806479765,0.3226787815160894,0.5439925980853303,0.6255374567877987,0.5019926751290709,3
0.04949598125666341,0.15597631679685925,0.5303137649081137,0.47985646922647235,0.8777681601608627,0.34375352233291584,0.5137953217378645,0.739955857993771,0.40933555119786885,0.16073678027057156,3
0.8700249835178608,0.30337750589492735,0.7193064717546657,0.02416976842971698,0.8762015610392143,0.01567316339839591,0.8850011229897268,0.6481201071684168,0.21421451953162907,0.7454332858337815,2
-0.3800948400299111,-0.1339828549022869,0.3292159863158056,1.3632775831241486,-0.07489238827348627,0.03068029478488976,1.8043532117811107,0.41934324851115723,0.3211854308780703,1.307419182060032,2
0.8880832022140878,0.8969367717601244,0.07097796902196069,0.7763936970713418,0.5151853829498174,0.3495246159676734,0.918363035788309,0.02061815495141868,0.27051311323599175,0.3391093610988962,2
0.3921197601813768,0.08625471239547107,0.27357907053665964,0.5020226935116335,0.41036628436374845,0.24845507834743047,0.77298506399357,0.4601517529207908,-0.08801155991308082,0.7053200031014579,0
0.7680653372925718,0.8002699547403676,0.734770839937716,0.780933577810752,0.9233074908861367,0.2647530801255679,0.3722363854632898,0.7734625758044501,0.29107564171176736,0.6508877140208712,2
0.6787426529963776,0.08315899011659553,0.7253903526948128,0.2007368700209239,0.9273618216634397,0.1912274099508553,0.7814734506038735,0.25651878409637097,0.7761759904865909,0.3716972322338335,2
0.3701190391031571,0.871151910990656,-0.00642625557633416,0.3688469754824161,0.5880852108376616,0.1882222643788856,0.8224389425189255,0.3215843985831581,0.6752560519515894,0.6496009722496765,3
0.9584101360949187,0.9813830738687879,0.6582370163043151,0.025389282094785425,0.07899426176494362,0.2383453680747566,0.040672248074653944,0.7577913861537798,0.990702577947378,0.7059224405340092,3
0.4072106620381939,0.8552894412472395,0.0930450295547344,0.2790373898492248,0.6926673278105814,0.1333335896179142,0.9142575740637742,0.38680023375893824,0.6410914019063212,0.5971459070546093,3
0.04211095717857906,0.5433709194865478,0.17517313306333668,0.11542980831507609,0.5385007026189943,0.6290521205029731,0.1007510673920989,0.4926200858559022,0.2711892704158326,0.21379403031137792,2
0.40256183961741704,0.5311442908290966,0.8265528919641065,0.3855071779421239,0.13823991580809492,0.5462364391937593,0.7793419578897954,0.7876277757501989,0.47974593491918727,0.5363778888038265,3
0.1527820160418385,-0.198958667054139,-0.018831700750207125,0.6003705897675908,1.1164714575602568,-0.13207035239396459,1.0645236792990855,1.242069651304556,-0.014523671566871954,-0.3642612998623438,2
0.4061253947425437,0.8364426042257543,0.03738729412507446,0.29362469812909936,0.6312147522051991,0.1919645658798427,0.8957441537745039,0.3329474486072786,0.6681444580700262,0.6144493504945555,3
0.7051289439027083,0.26142450385000754,0.9191827601530271,0.3835848274852743,0.69378718608706,0.3736125684279426,0.3373104214303555,0.019367124876745953,0.547011519769049,0.7798428010817091,3
0.8707684598360655,0.5241158339498496,-0.14737694597418804,0.2798486401570132,0.27260578205430497,0.09937187031852032,0.8135167260615759,0.059322782310386624,0.6082576573217868,-0.37004262220836714,3
1.1526455631331112,-0.010955567928068677,0.5573212218999297,-0.037479584396578836,0.5736486708239839,0.17221989717335928,0.014455145079844578,0.11429984265811871,0.1276537095873732,0.34581454646569504,1
0.14524606943418966,0.12652797999700152,0.48852578631562793,0.19195671591727717,0.505736440909448,0.4856298133408497,-0.05971515764254259,0.6944633539772083,0.8698333640015133,0.500478776111459,3
0.3141447939209149,0.35517427334965984,0.3772570979739471,0.9074014676478199,-0.08821882483637628,0.29594576790283644,0.7421258067110686,0.500626924674133,0.8731652412033034,0.02304884249516001,3
0.20032498165362284,0.7161825593905693,0.5771639081676332,0.34533068129189487,0.3403163489702278,0.8276996425819184,0.41479149723781833,0.29787676961722975,0.48305386797933536,0.43587259192535965,3
0.8922085594819087,0.3093081243715764,0.7064050384757569,0.04753631169761557,0.8948242293476665,0.02038164003356984,0.8546877291770713,0.6698201018965234,0.24362668221917208,0.746411340109586,2
0.9157297431884021,0.9030162238410168,0.10277953973475501,0.7815095777617908,0.5792949239436671,0.32849359075643597,0.8965565204098163,0.02701027889348362,0.28738844401714886,0.29068672838110526,2
0.5717565669693079,0.20963575099277548,1.1156861390260393,0.4129193163464883,0.5667136243611904,0.1954562501369531,0.24763843520215817,0.49410031307210067,0.8304972845306605,0.6504795091407514,3
0.8782577253787224,0.8637408563108141,0.09304710521635191,0.7283714302231478,0.6081527280355848,0.28195036479378516,0.8592307800837088,0.06017147050684545,0.27894418563370715,0.3240960742946204,2
0.826620482431945,0.2599160796257693,0.3694422540236498,0.24597818334629898,0.21624581026300443,0.13536100725112307,0.6216563281898001,-0.21090206256962582,0.7556107871359864,0.5672705542409856,0
0.0755195521764678,0.6252900830142988,0.0540209588011642,0.25837261036508113,0.8645265932694031,0.41919990134331614,0.35694822304815554,0.3722678683551332,0.12773497836754918,0.43084106887717766,0
-0.07350792667372932,0.41761248780855337,0.2526170338762882,1.1777587738526833,0.2660737695408453,1.0202778062672546,0.7004677850648133,0.6562349243192513,0.5225175142719958,0.8234074727927652,0
0.7023942238484231,0.11170587631194745,1.2405112072273772,0.6785614456125595,0.7814100307584484,1.1562314832289142,0.6232955634547835,0.9446596115645217,0.5900544684528211,0.5325314919328732,3
0.8096859396167189,0.8969462858691654,0.18952734941419055,0.8377121532098694,0.5761790477977204,0.2996292121316574,0.927850874227748,-0.0518727769757867,0.30397841101335465,0.2887302573117663,2
0.058431042655736266,0.1612247986568876,0.5121360681634081,0.47543694845739864,0.8549025653946584,0.35872300860806616,0.5118564603644558,0.7325900518874767,0.3776747808454447,0.15509184036096924,3
0.009674345962347237,0.6176672001991215,0.8135177344227441,0.2286032603047862,0.7325026740373609,0.6828038737654398,0.5333256739245691,0.07915959615120402,0.7814618736763809,0.023410849160514634,0
0.7192377802414995,1.060173187107355,0.6883134574594609,0.5232899662238757,0.2196703440994413,0.8788851403952531,0.21976003266623492,0.20371311785269317,0.6306401677619495,0.216964626003754,3
0.43854873042868503,0.2779451549314324,1.0574780926114258,0.3227021658479335,0.8288548550655025,0.6036222504138953,0.4357888763311954,0.9014466356534448,0.5593956261022778,0.4711839665182892,3
0.0860805965683587,0.19855612723537136,0.4826976616150704,0.49848111634074993,0.8941894046588349,0.34242768122377976,0.5659189620076173,0.7893802495866824,0.4692205211049514,0.1618038902950375,3
-0.14961544207162114,1.1234103509346118,-0.16716215350788466,0.20124634966907162,1.0386666868954966,0.45447240321001803,0.5456127861222443,0.15990280456463965,0.16636165579391576,0.5625226932784689,0
0.030124623938169212,0.3233963134872281,0.4349749951351084,0.9634480367670246,0.42578631734410083,0.8294635322337023,0.5324962031961772,0.7641889529212451,0.6291343301482415,0.6724468771375688,0
-0.6256813933152733,1.091416394022923,0.2366779750609015,0.36369910594618415,1.3761967645556443,-0.6121933628426235,-0.06725268708733498,1.1841380868076485,0.05202575629701095,0.9038297796932205,1
0.8682046719769467,0.9752580464131544,0.058215017771255824,0.8300242924845651,0.48287755586540254,0.3915976224752793,0.8228009246126116,0.036525657459881095,0.2853911565568236,0.24359773313020047,2
0.6804097917773777,0.2601874329324999,0.5404612255418754,-0.059127110874351074,0.002769431621711449,-0.06502485067780639,0.37328136228679726,0.1516035935807505,0.8814398173534821,0.16674067403890344,0
0.1416485884050294,0.3839085706056383,0.32977692742619447,1.0451720912056432,0.5316288669945821,0.8745935925915193,0.4354811744350729,0.7332042130626799,0.5115776867559958,0.6126681344022312,0
0.8568495454778069,-0.16635660404416905,0.4121527214064692,1.2106392947549447,0.7660068444393227,0.4863798516203342,-0.11254443559147329,0.7707451650952044,0.7360040222318536,0.09108401815176342,3
0.9460097943085155,0.4843159573989197,0.6675146757334489,0.2999926791840157,0.06008932905011207,0.8044303613484234,0.3915520725877376,0.07629142871890073,0.7389076876733311,0.9736884068165983,1
0.4509743784879308,0.4732263360128775,0.035832320445867,0.9736755658743061,0.27073165172852764,0.600895054904105,1.0477464870865887,0.6008610797633988,-0.042875609919990634,0.7770487781042692,0
0.3473535726449574,0.45045065719312144,0.6463802301617214,1.0412935871319242,0.05260713815794173,-0.03129681968639561,1.033138300931045,0.6354460220905052,0.6410499050490259,0.7117407714938424,2
0.8985015088164998,0.9074629934731004,0.12434033168625927,0.7544754863934298,0.5607763418334667,0.32314857974961025,0.8802644724324554,0.03918646637028542,0.2791842154795089,0.3139256337239779,2
0.11529259922908555,0.9105528840583049,0.4838729537287808,0.6629948224802561,1.1714985243340517,0.36901610405012397,0.6354068610782087,1.2753297819745324e-05,0.49298598040406294,0.7699081279746753,1
0.7799630580362358,0.19895850930123504,0.29793470562380514,0.25732810697685965,0.7930001836879316,0.9143251518227041,0.7173392887534565,0.5439003124030378,0.8017277486312206,0.09426463778725629,2
0.8741183621545396,0.6122137051027212,0.6333146372337336,0.5172802994465167,0.12033787498082912,0.6124360315236838,0.2880023974956901,0.6666829331415878,0.11641952634153487,0.5494589246629826,0
0.7882896529990042,0.9743770154666529,0.47374980857830284,0.4465151220990744,-0.36740714855669826,0.4556072319216018,0.5537217837475719,0.6328477809466131,0.40998065013051693,0.4880273228004336,0
0.9806300271449795,1.005081920007722,0.6509024527545546,0.011000371790790026,0.10488696174849856,0.22050490310022228,0.030853504039508275,0.759382683613212,0.9815187742018555,0.7003118999150633,3
0.892744102211243,0.5608227143729723,-0.05683163300866939,-0.3051718328165496,0.14147912161269052,0.38226217509116733,0.22685089214839577,-0.20946930014105541,1.0507561656815514,0.7855933122100718,0
0.7116692409316929,1.1033799145473844,0.4705297652914072,0.5211833667909482,0.710847454332595,0.42848468138659057,0.595303240504633,0.17341887939094858,0.9264574278628243,0.23679016806826028,2
0.6586431059440134,-0.02908765495673457,0.6370709032640733,0.11417906949192158,0.6530746345869227,0.35844820557498674,0.46600942971294934,0.2902318507596055,0.5757348637029082,0.2501743612374051,2
0.1266768312751365,1.0670174234893992,0.6113798632973715,0.6955089205581722,0.8779310007233726,0.29611929965461736,0.9583586272418975,0.2195114641830815,0.5336600691362263,0.5572036130636663,1
0.8415158860791841,0.3443214119697023,0.7483765891589976,0.01823942798255484,0.9078373890722121,0.03273862318726126,0.8832569405388749,0.6938050639229837,0.20180555131796868,0.7650830178678748,2
0.35392016401799636,0.22691172640165896,0.5097210213844133,0.2063859372692876,0.11134601559575161,0.09971339041984092,0.34134068889841557,0.026550142502734585,0.4808691350046276,0.12927499639753506,0
0.009518869899837704,0.27123506191709335,0.6268171678362465,0.7943592717707699,0.34950505158013745,0.5916091837145157,0.8128601562798499,0.06842555695020913,1.0059398215118702,0.23607331446030824,3
1.0207807367939106,0.5350771622706602,0.6892969748945625,0.4137588260484736,0.15843628745264385,0.8624982354956043,0.44455609625401965,0.048816898500308674,0.7179186143600123,0.9514434213044947,1
0.41615269593051585,0.2867211047787151,0.5685070924055765,0.6246197001018158,0.34860618195239523,0.7765031160477645,0.7805355094893971,0.5940163949834831,0.3218636878154858,0.7254812662247713,2
0.7339195190689365,0.789394528415351,0.334171996071777,0.47073737019474055,-0.015539637753298391,0.22390693908726533,0.7266819906010628,-0.18480437061408034,0.4825117507680049,0.641554571211625,1
-0.12664665591891,0.8719587892420952,0.09165609681828185,1.1119447098653827,0.6603346390519501,0.3356920856395988,0.22100653450224,0.855807824989844,0.3063924491784055,0.9939466471796151,1
0.048119936172014856,0.9203826962352464,0.30277309446312595,0.8871921641626083,0.7602067065876533,0.059376341966416904,0.044659943887236264,0.7198844804458769,0.233886203125308,0.9754117449805665,1
-0.03343243691646283,0.17721285754682384,0.545612303416995,0.9923493624921432,0.35767989663057664,0.8156137166507814,0.22598847202817612,0.9334142285988442,0.6686343037899568,0.6245680484783791,0
1.0879735549672123,0.691600978647182,0.3369870140235104,0.9485424597403412,0.3471469898046595,-0.26552672770063857,0.2826956165957224,0.31032962455103424,-0.017129930149501926,0.7432944764371989,1
0.06454077483332088,0.44302913396342497,0.2742114186030386,1.088570529203199,0.5645942626673341,0.7512796527323043,0.4465458585089683,0.6973609198429279,0.5567765976767101,0.5514901390011554,0
1.0550954799108778,0.7721349327886613,0.27832878221068685,0.7799358589538232,0.6796350249468757,0.31253423534796737,0.7994151456862458,-0.017068704449890962,0.34859623017914676,0.2740984708292837,2
0.8875122229958968,0.30691748413832903,0.7108213436288701,-0.001003819040328667,0.8399235334923781,-0.025251269793703214,0.9316382598402461,0.618294213172867,0.27532570553527935,0.7224073768260012,2
0.8706594740565315,0.29478704557623964,0.7147840518153179,0.04991969559127034,0.8864884962546145,0.024729860796714683,0.8813955709813619,0.6459922024907863,0.22435798622446085,0.7491933855318678,2
0.8001102835910384,0.11138179316054107,0.15454429451397328,0.35533144716291465,0.05867112002957206,0.0015779168750399697,0.3605467066193507,0.17029843108831985,0.3763244458299236,0.8937358805454411,3
0.34014984221794226,0.23840303074905328,0.8277192776450835,0.8878472127234605,0.1869628645224468,0.13075347435654777,0.961774727391564,0.5172978476748343,0.19766112159445415,0.7519809783113596,2
1.3391501914222126,0.8242214211079242,-0.029944155431629316,0.037673499001674327,-0.6259744298782767,1.2903540179720763,0.21494544955539127,-0.3927883937203523,0.20636060739335021,0.19523991674155272,1
0.35074083846783644,0.9577901998494823,0.7269145108056188,0.3633490605077331,0.10199744683082868,0.8039444963522617,0.634037714859042,0.45603164558923387,0.4388752568132901,0.4942468969156378,3
0.9826776068677552,0.9841003983856075,0.6022077341805248,0.6384061119082219,0.7674582135682882,0.25505404483268246,0.4954804722637717,0.06075965741800186,0.9259445202585508,0.019061900267175656,2
-0.5093999446039026,0.6732397297660161,0.4090758377505519,0.23369047374605945,0.758588323676831,0.6183841538946652,0.3909484881799276,1.1848361289462717,0.11494471983095983,0.0729591461126754,1
0.018346928190926266,0.6798791920959503,0.08837802408844739,0.31360273488443036,0.7962343827453485,0.40874853781880616,0.4161255764203453,0.3169527022690461,0.12622149260641746,0.3802979328209348,0
0.9501145970034227,1.3355269777860166,-0.07273072699460814,0.29661726392059334,0.9375803927881701,-0.06463925553933308,0.21338743057104675,-0.2060545928789856,1.2475050910902044,-0.18539617102429456,2
0.05326745708737124,0.9142731389842594,0.3150984279073637,0.8676063566412623,0.765732496410373,0.08056713547924832,0.03143921006895344,0.715117899126799,0.22321687319132041,0.9782177774350599,1
0.9800535784322899,0.9996693898639198,0.6410034807013484,0.003726990077972213,0.08962308159453086,0.21198086563821306,0.030368355271931942,0.747714472284627,0.9759192670337464,0.6937979805219963,3
0.0128629034633402,0.6137328354978907,0.8144029977012673,0.22717050508219264,0.7300340955150578,0.6785296029675747,0.5313740171312351,0.08214079299460637,0.7784692779276097,0.01893320007522662,0
0.4656695795048226,-0.11206426138629277,0.2999502474039012,1.4524767003530559,0.04036612024143831,0.39120944978599215,0.32210372408263616,1.260786181714337,0.06675655320500051,1.3452275861877645,2
0.9278913263081103,0.09101324823079629,0.9045602367558805,0.2653265841016972,0.4330434435897888,0.35927687494391924,0.4694362556151578,0.5525639637406631,0.44655226623268207,0.39057052967033057,1
0.9721651351100388,0.8838920730840754,0.14425128897065992,0.8484625772348267,0.6063432711521664,0.2564825258608794,0.8858040255615769,0.06697970123584185,0.232272971412739,0.34556069120270094,2
0.9635766557583593,0.7678012612110756,0.8272146790039492,0.6527893809810535,0.08379077270210711,0.47148106297848036,0.12894314746989813,0.7070350260779731,0.029307107814256352,0.46367229132692006,0
-0.0021262392590417623,0.47941759189691047,0.4576158597849201,0.8649571057116491,0.3167471920724272,1.0013200800569577,0.5974629096857891,0.6210482361777184,0.640371483024577,0.7924046671822058,0
0.35560876392993807,0.9659501658377747,-0.027550091621012907,0.03531160406222056,1.0333847031220038,0.6751849135423602,0.03964317403281792,0.422431280434425,-0.17309916685182936,0.47542428664890934,0
0.9644173401994425,1.0514460145449709,0.5785192325410179,0.6831573250789855,0.8051270994161792,0.3236601102735627,0.4804502252368468,0.08959614609553102,0.9569196327978986,-0.02941066181843118,2
0.06285158711080105,0.1313184536361335,0.46775897508683445,0.5029020654826897,0.8777404842695778,0.36381476923562095,0.558738554187811,0.7067356328488746,0.42884897263581107,0.11528430923605176,3
0.8953864362228336,0.9289289600798314,0.14660970134982773,0.7197225040065571,0.5000854541244576,0.30217240967223535,0.9530390984276959,0.07685743053165939,0.261794094330234,0.2611903690776887,2
0.7426135845917758,0.9164108523919156,0.6600549246236513,0.2832835248471083,0.2716732185480186,0.7304527117447259,0.1440293673041686,0.15049340271991082,-0.05794294416166945,0.7171197984144373,0
0.8288829938777237,0.3209629491204496,0.6894953206613057,0.02223627936678981,0.8518447983430188,0.010130081420053765,0.8440337132124333,0.6278567663942293,0.26666364946072874,0.708146534408402,2
0.019079114334199017,0.13215453972261904,0.5311177602516011,0.4712276544222219,0.9038394305906213,0.28933232477453064,0.47361220457992087,0.715198316419719,0.41909320942309847,0.19885470664773988,3
0.631572375255683,0.14815387889273693,0.5660232020818172,0.18631642776041504,0.6794826176017871,0.40476692302889083,0.5467122812531198,0.3007481460987286,0.6121779065757723,0.2837817188939129,2
1.1629754161434223,0.5050136901194604,0.8193025989978886,0.4510949359971304,-0.022633771621489163,0.6685568480267701,0.6809296405897285,-0.30569910357585367,0.7780578267173109,0.8378742662031418,1
0.4191489695376255,0.8231818834627079,0.05341565290783064,0.30753120871072553,0.6511992251566352,0.17538908030489478,0.8890304868852286,0.34713901052786583,0.6753703118088289,0.6215125473001207,3
0.4843301506344393,-0.10960523580742645,0.6417887109172697,0.18302681833735493,0.1609067869196125,0.818891035746582,0.09496110990672013,0.4544198587205008,0.16838879675757767,0.6462609466843662,3
0.18097913337785865,0.8698533844177208,0.7646087371047616,0.7576430891362393,0.39366817457146,0.8982775965121,0.3469305291381781,0.397643419483558,0.5014544054109852,0.041205435744798236,3
0.4326285022677049,1.0289816029988021,-0.013050698057304619,0.5041464206583134,0.44688054062748406,0.17487175766527308,0.8572191810811678,0.19941156059256232,0.47642204541678274,0.7559090448292124,3
1.0049327599196025,0.692230516981713,0.9086932932439261,0.21780267970258743,0.573329444045206,-0.028103676519151632,0.9051456176781535,0.21273967490137563,0.7444160292942997,-0.0822056029310414,1
-0.2697164834137489,0.28036761704566526,1.0471163771355658,0.6672860537348675,-0.5529567633514325,0.1562845559376519,0.9236965277653097,1.6658006960141571,-0.0970468870157658,1.483319258507995,1
0.03864087364182752,0.3086718128004913,0.5164428184597629,0.8273345582247515,0.2479097075600605,0.6633037834464626,0.5621222451849114,0.4674564192248304,0.34728586486988045,0.8512499687072662,2
0.19935490124551725,1.0688817046480987,0.6218612418245536,0.8503614819379652,0.8149955440910205,0.8024983797362704,0.3516843282733242,0.049333999503997694,-0.25277669742543696,0.3445407959054772,2
0.6606123166831155,0.49356981242420594,0.5997363491012273,0.6833167188923102,0.060295690557791604,0.515740635008827,0.7500174495278917,0.538122746519654,0.5516038828011364,0.08381473789182452,0
0.3961405540772645,0.8005282715198169,0.05469188108423694,0.310860849399309,0.624066442889921,0.18201280262792255,0.8523914563433083,0.3801213201585291,0.6675340984411402,0.6020398487009931,3
0.8453892522768245,0.2655266174950271,1.0081166121216882,0.8423779707892328,0.6821796302262458,0.5487429489727909,0.6234940946474631,-0.0009784718450200625,0.7926041276077294,1.0071783143938007,1
0.904343934037726,0.2974036545551699,0.7510612963597266,0.005700242038398973,0.8698764298631356,0.009884311948364415,0.8207718676569384,0.6992897611061162,0.22893429715419644,0.7827101708269674,2
0.48176415015274715,0.4817757836377331,0.22905819285775358,0.7468398098186775,-0.03531148160620415,0.27323079174272746,0.7587811056633039,0.4241273947527163,0.7900806794940913,0.33994875906078414,3
0.8436649558470101,0.08504064248863256,0.9043661298169094,0.2594000216137736,0.32927928471013707,0.3136370592270412,0.43335521900703067,0.6225282045479332,0.5353875272765908,0.39672226713598524,1
0.6053741550273396,-0.18665071015655751,0.00966878568849884,0.9772583567631785,0.9790673826795786,0.007093057112266238,0.08637915218589629,0.7304684904002927,0.877257119795446,0.2582739761496625,3
0.8028748123440126,0.22533294624131736,0.2993522218334032,0.2804869109634146,0.7635403052808228,0.9368279873495908,0.7375272659737568,0.565282286715034,0.7938453698028006,0.12042743093183972,2
0.30273086975370767,0.29505895521073144,1.081518630272857,0.5668889487112468,0.004779552530204638,0.13113684977174608,0.7973091387323968,0.6878921791694586,0.27708517970454033,0.7601993735237159,2
0.6159500444823623,0.17160285369153708,0.19270343343032004,0.9096441753099934,0.8689251954677222,0.1285939447047907,-0.09424997231896971,0.41722609846217035,0.7210764950667373,0.4001257524836135,3
1.2287798421712515,0.6379696106857544,1.2498950858889302,0.6776480807293859,1.0957330448445184,0.035435632608389,0.40203212768087565,0.4338757153136181,1.5047518517162644,0.01553202886117,2
0.42014108523339033,0.8242570603631261,0.0620518899418808,0.2961698770789879,0.6554793964176404,0.174684553857928,0.8786921310042486,0.3318469304375366,0.66911456138484,0.6173529344893238,3
0.6329020797790594,0.05152257848563581,0.7376699788469783,0.2968767236334996,0.6410266052351001,0.44008732399495865,0.6424683014122506,0.08026511862968773,0.7296150388449079,0.3764463384357273,2
0.8129046022834557,0.6075922406480849,0.7435167511096625,0.3425572021159177,0.6643494207708505,0.9238274130895596,0.2571511530279952,0.13286746646645473,0.19606913407220755,0.8405393230417144,2
1.2292261430772564,-0.498863505645482,0.3940434422904785,-0.09101029443847852,-0.0775708923173608,0.48223795485780435,1.1980837268438853,0.49715398261392996,0.6753714542949389,0.3466374491077573,1
0.6782933459923028,0.9120354600767298,0.8220553036835755,0.445610676461364,0.7502445185021192,0.8344314235648855,0.46770143785204377,0.4098427731419807,0.6114439176894686,0.32420629016558405,2
0.47915567006526233,0.16645251376626513,1.065149010915964,0.4621469277853422,0.6340623297541887,0.21302347943123706,0.16829014988015928,0.49280642232191085,0.6046868873167984,0.5440019428977302,3
0.22748526124633456,0.8120936787874709,0.48733018575173626,0.3536234161910523,0.6261543648989378,0.9959464198165804,0.7903784755448027,0.8365928679001682,0.38128871745912224,0.39658206568331245,1
0.9917682931349207,-0.08357146435700016,1.23821181846688,0.4291909581531954,0.3483911436692185,0.18285540096311945,0.49620916572283413,0.722360285454704,0.14005947213576492,0.2549698321938313,1
-0.09966892034620098,0.0313278113788687,0.024082388767663887,0.9434074943986026,0.3946509535995304,1.0255536932735463,0.2198358873963851,0.5949900847524033,0.8528330150163347,0.9224228327926132,0
0.6475848186703814,0.12292043416748483,-0.23461787426817238,1.1921590182175383,-0.011326333961002952,0.36120319957770003,1.2437791042612152,0.10496365552467257,1.1723182091289495,0.6723281649943609,3
0.2628242809638137,0.7182208614406319,0.4858605753657238,0.6426020774304846,0.7220169969982929,0.3094177411463389,-0.1723582760356352,0.9831537547578432,0.38745629019185973,1.0550105434998427,1
0.6617453572243741,0.496753468033816,0.5989694223687282,0.6813294051838957,0.05707989020862892,0.5118639765303271,0.7483426434178507,0.5336562974323645,0.550900397214366,0.08057103192604335,0
0.6063137829411399,0.29379413643470725,0.3489887531102229,-0.0192363611985496,0.14249362839580065,0.20098938345917228,0.4833998110038559,-0.03357310122753471,0.7187588858038104,0.4338235971312634,0
-0.050232079326764406,-0.009432460423448141,0.47913786131451863,1.415374814600958,0.6810999604684309,0.7382579020841984,0.854785477666451,0.5798770835494398,0.5507977419488428,0.5826408467678544,0
0.9136308735647415,0.9206680033821265,0.14806512329328642,0.8509139983622249,0.649396235483788,0.41615293247576923,0.8082368417784651,0.013090160321104459,0.21119894854932003,0.27542187379345884,2
0.8048876859731572,0.38060778329589706,0.699189213128529,0.03900887585024043,0.9341148010273688,0.036540819321070464,0.798533357479196,0.5821901388310565,0.26103011522324715,0.7078326286008717,2
0.6525228992641131,0.06316423746646574,0.6164972364026627,0.16288392126588905,0.7625205349665188,0.30156476871929666,0.5468416828289145,0.21122465733258455,0.6470951135991129,0.2720197299553253,2
0.15069808175598404,-0.1770580287423988,0.7111513152515484,0.11824419658901102,0.4276821787091766,0.12680950010098274,0.4657363597767914,0.10711618258933023,0.8799731047768385,0.0811028245524108,0
-0.2124726197011167,-0.14988843451321843,-0.07733663161512239,1.1740907613776623,0.02219747565750696,1.0480905012467758,0.41736249231460165,1.158440413818272,0.369705560235587,0.5644067262854138,2
0.012685777603953991,0.614010630823105,0.8141229660100929,0.22692663724679923,0.7298307773067108,0.678600152044132,0.5312659213870516,0.08191997681551223,0.7786245909486093,0.018623709751445783,0
0.6893570730493642,0.1877173129178678,0.8842213781118783,0.26219221685497507,0.6317549168922137,0.16303372534976468,0.1838134400535097,0.5352873022786011,0.6567671529269454,0.6792176061473894,3
0.8651938320386077,0.3486815076663066,0.7359743838382573,0.06932906317322562,0.9241753685760242,-0.00662073056813409,0.8508391223150314,0.692202262285147,0.23353165682017632,0.774613256881478,2
0.3252932033454982,0.6112410380506836,0.32103598715108955,0.46222601185225437,0.5876443006341886,0.4739979462375432,0.5030183225074836,-0.2325019158404476,0.5242960705397887,0.15815139067139278,3
0.5162608589855819,0.8200802522415412,0.8859330636923035,0.47453165082770193,0.7645057735219418,0.8184422341683562,0.5485371971396843,0.3670572240138252,0.7449767447484773,0.4570148759569604,2
0.2493378221839184,1.2384781974384818,0.6490692563845264,1.1876205876884767,0.5428025835209227,0.28855389089590644,0.08885189177417951,1.049357135823716,0.24814705985810856,0.8403934563496911,1
0.8868311795227837,0.7173046793410268,0.5442069275145687,0.7500933510987068,0.18628952873828072,0.028713105515307782,0.5838373668847673,0.2044422053851823,0.4425308797196149,0.6772247206147936,1
0.025846915167856283,0.12545633795262812,0.40973981295287243,-0.048956921317047736,0.35059416782675173,-0.13002977055871281,0.40195389700121364,0.48909321438662073,0.43390814325810745,0.27753690623006494,3
0.3462951216377752,0.3160152286287146,0.5355430607770122,0.048490456993703246,0.25435176823201705,0.2957822304734361,0.4359521934208607,0.8347963916990762,0.5547489928339637,0.49186214960991614,2
0.8325758392133568,0.6864941790805875,0.46268260252434135,0.6976244015806744,0.1886641867896453,0.025476189428955708,0.45938412897335557,0.1910455132511089,0.4511280389897736,0.7017206058964809,1
0.87004747436032,0.30978619487266124,0.7112456538424373,0.037665404046667066,0.8939136152760381,0.016409342570662393,0.8679673551260503,0.6649424154242255,0.23108280419428115,0.7615095790032358,2
0.9376820978226988,0.6506157724503753,0.9327371523276745,0.5452838419577625,1.1081036485392337,0.4576463619260474,0.3939277480312791,0.5960907766740644,0.2234364191235445,0.7898368471354367,2
-0.1121769009153957,0.3951894658279391,0.3111029988140601,-0.03620811793389149,0.42227716112965114,0.04105431876360462,0.510928941389103,0.9313654671328081,0.758972125651354,0.08674463843291441,3
0.6163843244857199,0.051106236078532194,0.8247895779226285,0.15564249148340137,0.12629914212902155,0.8629778861844779,0.2879805402474054,0.4767976289292239,0.2739361302315773,0.8268148571502622,3
0.42161156848965936,0.822840420430501,0.05614936792615003,0.30445976649738243,0.6573803512287092,0.1763272654770978,0.8891187275716781,0.34254371169916153,0.6732801810150186,0.6174597208099275,3
0.34457627208370567,0.7467157507268468,0.3065976361865871,0.8179093491001147,0.060890218843993094,0.256354702383466,0.6648165832960994,0.4153393290296272,0.5933755872456052,0.24722387853197852,3
0.5789034028270177,0.2573604645627922,0.7030348301557287,0.8385245832774347,0.05574408069985168,1.060595320244697,1.0824237253897862,0.4832581936226991,0.2730696219585291,1.054447515933401,2
0.8725525594166252,0.4783669291172296,0.9362021509857141,0.5886677661496746,0.6767082311432355,-0.009749872102853496,0.8199099129908809,0.7921951265216849,0.9499754019098422,0.30267577698582365,3
0.4344892168498206,0.8786705859947758,0.7753890744059075,0.20095451235959844,0.1553209304647394,0.9547052462318416,0.42933719079007426,0.540905075397705,0.26457393598198026,0.4545982135217329,3
0.8246604478092452,0.8994496281708196,0.7436159519529532,0.7566881203711866,0.9713895616000241,0.22074226522021811,0.38566662880828917,0.7099566917274274,0.3504541113826377,0.6645525452197415,2
0.21787832222880915,0.4343818233918476,0.40903761152504126,1.029165143508346,0.4702607177251472,0.8375381363925527,0.5618286522735865,0.7051481977746673,0.5023498255739158,0.5674525916758737,0
0.39909193225976736,0.3159109289065094,0.5004511186595246,0.09783890069009685,0.22537716177682038,0.2902090010931345,0.5003200955873834,0.021173801585538953,0.6476045212509793,0.2909965887532797,0
0.4304378950881129,-0.18905998956889852,0.3593370730989426,0.08513379739936135,1.071483764802434,0.36827194946877395,0.8252878668096898,0.37808448623012486,0.4985897178133645,0.2795431527199209,2
-0.12092707826463828,0.8202097563529122,-0.04524784286985882,0.08112533543532707,0.7015882235704599,0.5759072608759845,0.3116378093199824,0.3462099845011301,0.22905226224678543,0.22626471145203253,0
0.49780716173764455,0.8383907857378745,0.8707377636512647,0.490366258424274,0.7510100267977862,0.8212130307072957,0.5356851948901451,0.37705800836108866,0.7364446891457801,0.45465296720605186,2
0.8647535121715806,0.595524736432661,0.7090782016083133,0.4451701852174409,0.6364690550505796,0.8761477238247433,0.3657004600136552,0.12255594210791654,0.18188869442203487,0.836817752800152,2
0.06689962260999704,0.6844911522070815,0.055139487260171746,0.26165076726230624,0.8505939132147854,0.3794344746028588,0.3565748611445775,0.34694872110711017,0.18567695455403613,0.3864750935988026,0
0.7606954927664763,0.7287895132332587,0.6443985676356658,0.24702387090610956,-0.3282529159031655,0.14580852938624592,0.0779519547592194,0.19120519096253194,0.013697818188264654,0.35275671375611745,1
0.2708161667953177,1.0770376910092465,0.867157162432906,0.5791616434113621,0.864446942512499,0.37473760710312276,0.9182943656995446,0.3438842137070039,0.7673402525282907,0.7461327058833261,1
0.17958655254142544,0.3589070578960103,0.13731572259731575,1.2409133582067213,0.5746050999861113,0.9236804076958022,0.5447139788193931,0.5612185330989755,0.37792404311926886,0.5487021410146449,0
0.019099737285405094,-0.15125914107627997,0.18756113763108404,1.0003314872911644,0.6882560892935498,0.4165434375191776,0.604854139967991,-0.06778872743368547,0.004332414174671631,0.33179371759708903,0
0.13428199664764903,0.4567608946299585,0.4078853864801616,0.856231021822923,0.3900090705927334,0.5801196633126691,0.4315873192650042,0.845224579893808,0.3192647163817127,0.8010392820490267,0
0.4746691941948439,0.7806713977725063,0.06012750381328722,0.3132052424149262,0.6050451569557933,0.1553865858674023,0.8653412220327275,0.33893251267314795,0.6276349773425793,0.6287900395701114,3
0.02011390744739911,0.3230767883910606,0.4776294512467254,0.81336016111868,0.23055902807607825,0.6468391113820178,0.5399536926813153,0.4834323058404075,0.33025810826036506,0.8079742582112627,2
0.6280168664522126,0.6647155679688919,0.1827792435698169,1.0278861779720276,0.19965311796394636,0.3805581862587227,0.04370306106138466,0.04871592190387964,0.20284432785158163,0.5673281970773422,1
0.03392627757694884,0.7988962859151443,0.15255394413664072,-0.23871756747800882,0.5406814289939996,0.7783679497875421,0.012172945904333765,0.6469096369576477,0.4701664428777268,0.5454056114398145,0
0.8918869170803312,0.992501829957514,0.7071501790202335,0.738255741189624,0.48876489499840403,1.0720026514133552,0.2425436079511643,0.14274929534586903,0.551479601200101,0.3669476109058517,3
0.6642326824092737,0.5003806682699874,0.6015074568451242,0.6851300163992359,0.05724872267570442,0.5157372452786324,0.7494047118828133,0.5305527501521381,0.5485889119175213,0.0814930611917411,0
0.8791196484223869,0.6418678980949027,0.390917055000313,0.8425116448297783,0.07499756905082909,0.17451315877609958,0.4819499638130412,0.09851724051283392,0.46856985666999085,0.8471919518500965,1
0.015273415584795958,0.6180707996028951,0.8134324174918302,0.22639089305826524,0.7348534268259999,0.6770950722010716,0.5334434240104717,0.08291354873219767,0.7804795000978278,0.01927941161674567,0
0.5377510420687324,0.18411862223062309,0.9916842139087099,0.45125576972405496,0.7215357623411334,0.34489060311798814,0.2905246752367444,0.4128267615671577,0.7637646011789079,0.5619740245030351,3
0.8021977107581412,0.5870425469017833,0.7635120816557042,0.4026823280165711,0.6194661784520333,0.9334920230945614,0.31790241895716215,0.14944695551917925,0.19524460174966238,0.8518241330675342,2
1.0013205087746218,0.9861809737583659,0.6619837231892814,0.017376534061087447,0.1159620608678022,0.24134533761463328,0.05769074955229956,0.7224967190450687,0.9508082049511607,0.6734081027142477,3
0.5546381698027943,0.11363460133058578,1.0498580895887122,0.46619030737985306,0.6919964518161704,0.20405328355297842,0.24178661691154368,0.3619020860481955,0.7088840475762634,0.4948678583817043,3
0.003617855890748145,0.8272381551442154,0.05270595305959226,0.19933889984388553,1.0505232444291848,0.4207257751201641,0.1799544104690587,0.15923547958143577,0.20788618082846133,0.5602008673097658,0
0.91082232330783,0.8996112926610451,0.11862396504355346,0.7799491719366236,0.5609481049770884,0.31157418225006056,0.8956246306781664,0.039717236315363114,0.3022599772530248,0.309592492226478,2
0.7186165855935293,0.9818797092781117,0.8138572393908371,0.6375474448969524,0.3134085615416314,0.8762733346285696,0.2267468250213778,0.18462666872533912,0.5563617341918868,0.09435928007638773,3
0.6032856537862759,0.8642102469301728,0.8100703770991448,0.3985358345942448,0.813490192788073,0.8830256478738161,0.502512002968338,0.2856314702679928,0.7120937177491979,0.6167946606367254,2
1.0094020809104636,0.8394777916081109,0.16382434828868148,0.6731470316969925,0.6504552258902994,0.29461308699736666,0.9446992128466508,-0.025565360217410404,0.2532649792337951,0.30262600601744294,2
0.9882254837226128,0.9927630948647475,0.6476788198696712,-0.0026449145866661375,0.08989407986771053,0.20909976941210806,0.012862652505501967,0.7648378698166283,0.9679805048675088,0.6727433739657,3
1.1744688772526468,0.40500437008873064,1.0948449838776673,0.0946039716704179,0.2686695695716044,0.5968461211493609,0.5174711115122674,0.06801038152010341,0.6222274652699292,0.8339119529113331,1
0.8002135648745851,0.6024905144821697,0.7923902265980425,0.35112886073620253,0.6124814603016584,0.95823118552591,0.3004502848866851,0.14877182960082144,0.20276523249724215,0.8848537822998397,2
0.27535569681922617,0.7804994374933991,1.3833094669334722,0.4509927847593479,0.42216097765248306,-0.034095975451640725,0.4256268172766837,0.09874561316129149,0.3671803972135909,0.9516748393694759,2
-0.48202462363643594,0.46957922053449397,0.43900599689643804,0.31963146117662744,-0.021489991326212154,0.8269612060554293,0.28460513799872095,0.3766006885626463,0.380982102310331,0.7464155001772372,2
0.5103287734924794,0.20479548933891628,0.9914878321945323,0.4174625900884258,0.6813124349736286,0.30933426628720206,0.32215802938258753,0.432480385475264,0.7939386034656462,0.5508795256940148,3
0.5478127840422515,0.78086485774727,0.9010882670666118,0.5554867214716472,0.7978160775476862,0.808189915935706,0.5649716465860708,0.40336597565917165,0.7216682224182033,0.47954779193638125,2
0.5156087246484601,0.206617403528219,0.4838995099551677,0.6923253126317033,0.29208661832969024,0.8455509796637405,0.7680173522939294,0.6358716838605073,0.41169651985610023,0.7393773243206483,2
-0.08629502549864701,1.1049795290722149,0.25399658384033946,0.9021943792633483,0.6658935037586807,-0.006076040027705648,0.13987774998094926,0.7131077149426063,0.07076967653807822,1.1442854001677953,1
0.03717102261733378,0.09911980335538978,0.513353706153715,0.2966508407033148,0.8208048202071165,0.5905449003628809,-0.2729290629488122,0.6417854536031046,0.7673385998263905,0.5430239193328299,3
0.43216074347317907,0.800364377931558,0.0677429266829019,0.3041701150896595,0.6588408872004947,0.15458572396295167,0.8687115612991507,0.3536690783183991,0.6924900377334761,0.6237359393137869,3
0.851912881763954,0.7953129266029819,0.7899585036062945,0.7964787552400155,0.8784547686241122,0.28814181226440183,0.3571012795514781,0.7799933377579245,0.33288953048630804,0.6520138389190568,2
0.016666073886060215,0.2548604781667485,0.5061515840404349,0.73080412886607,0.36056711015795256,0.6270245888124487,0.6622747638823865,0.4396320438349989,0.3751415700985422,0.7893930893063599,2
0.2794523441193784,-0.4425538289041513,0.36071358510548923,0.8608852144269183,1.1873760294702949,0.06578287594283017,0.35684890323079843,0.729640395578769,0.23276112315748304,-0.07919979533577653,3
0.920588060731632,0.2934416344145455,0.3990152110692542,0.8772974550635775,0.9627675894265856,0.7371981761620998,0.36769634530940576,0.7467988017707324,0.711842586839913,0.2685474696182422,2
0.7733929576235994,0.8550555980871175,0.41797511202475846,0.5610926654916029,0.35260288226542114,0.08311007470182086,1.0454870879453226,0.10945006620276526,0.6804824512565285,0.5021825555843241,3
0.15269219316091498,0.3002440642106918,0.8884236536017931,0.7447558779510403,-0.1502958042256105,0.06374454976442771,0.6939066131599039,0.7002586299985847,0.13344640775411035,0.6200184254052821,2
0.4002300568527849,0.8185125624532004,0.08907759791986425,0.280601877861215,0.672089306281485,0.1285542644158721,0.8490303188790015,0.2890381109787902,0.6601523433346567,0.6326639238208822,3
0.44016229012506414,0.5240763082683525,0.7574160443650536,0.6408162733344424,0.053862465865471165,1.335178991319557,0.40445576376195813,0.023777645850993012,0.49064669916468245,-0.4841922653590479,3
0.9466356880047191,0.5393092426335997,0.7689966917749639,0.430241239133196,0.028517368642723875,0.7813798024021018,0.3738870822825062,0.08705879202161443,0.6301260559313429,0.9743660291347314,1
1.4420228255287302,0.9471896742477294,0.9079862794255819,0.5800042067801566,0.9167927226123834,0.5850905610038896,0.15473247480452645,-0.15290679204979443,0.8797648200965194,0.07289529879271986,2
0.1249226489719498,0.2972198014962699,0.37723928886284963,0.990950288246881,0.41922444084262145,0.8138508653710822,0.4359169358407475,0.6776272757829367,0.5330040507521894,0.5847444917575633,0
0.49245034735892534,0.7056285390454881,0.8020547266573981,0.5390934429074113,0.7809012188770219,0.9348461197854293,0.5513903854102935,0.25342789737589094,0.7448174086241682,0.5068334327176549,2
0.3774257613411916,0.7895461552329278,0.03194286876688149,0.30663427726863945,0.6308381690632866,0.181492077453402,0.9037837311883641,0.3377990780574126,0.6886155289500422,0.5881843253929153,3
0.9792911308341272,1.0026203544158476,0.6456114292098379,0.0141963043442874,0.09189731950946557,0.21332209377309672,0.023089981245186027,0.7586597814080263,0.9781908882579504,0.7011998314579743,3
0.827645201736636,0.5643263272414061,0.26019658455706385,0.8728165637429837,0.23510291311253362,0.25058910786634714,0.5292230119280618,-0.0060994296995174335,0.6092755041707442,0.6472838918687618,1
0.6368912930596355,0.42839069500743227,0.8916789599770102,1.0524683197754783,0.0537859588002392,0.23426750817345535,0.032207154541444426,0.9281612565636497,0.10266239099705218,0.3938412873416538,1
0.7435572397309664,0.9306781257849807,0.8228686253148276,0.8124164644224982,0.8198305653332184,0.21777423135739926,0.361025060431087,0.6546504689503122,0.2556146799506136,0.7030022204319833,2
0.8073342547107788,0.8096556223802257,0.7649525409057826,0.7675798513030548,0.9181493211870624,0.2839389006599686,0.34410038743656884,0.8110747765017597,0.31677560388194964,0.5914318390208982,2
0.8958586698053006,0.15464566339288904,-0.3265753692600709,0.8850918899782576,-0.011050013416774362,-0.06383791181384457,0.735622959824284,-0.07569503163006241,0.5463967112277095,0.6927117275964567,3
0.21700118223524228,0.1499610030641541,1.4423189453971803,1.3812360317379988,-0.37887411011326594,-0.4154950761342452,0.43834952760311285,0.7347649197854058,-0.038177057215636745,1.3678461506067836,2
0.7095749432232266,0.2567343879902504,0.9235861732552035,0.37947973440836547,0.6899287705644285,0.36895100210496523,0.33103619387381933,0.026041815338456814,0.5429271470528533,0.7860691181629438,3
0.1808869437449101,0.34157592250907176,0.45118775922710985,1.0304413687437777,0.5586595022647496,0.686883224613869,0.42235586765757205,0.6837057093180546,0.5677815473749807,0.7290023644424479,0
0.8297759537496463,0.20667172786871094,0.45033551567101493,0.23306154602385062,0.8588766932326596,0.30017938124128674,0.5753480149843199,0.38908284095891105,0.6975043113725783,0.4322161711126756,2
0.4087614420998258,0.7673703659383595,0.07491578569539216,0.23132190396230395,0.7464598029884821,0.25580393660017076,0.8712706436264698,0.2937146580539488,0.6603049002410347,0.5709088102741192,3
0.14965994523611614,0.7478359848106336,0.10156452180419842,0.3171278299274457,0.7410243544974717,0.2403573502914459,0.49556272481056163,0.32896235099436655,0.2904867150512901,0.2820799970780974,0
1.0913861709981767,1.0928963583881997,1.0143789270215549,0.8569731001515754,0.3792649272872786,0.5860491618122265,0.4518141790465765,0.4241848806145222,0.20871469907941045,0.6986688382186592,0
1.0688039648333787,0.04531381729145581,0.83407278503468,0.47744758982798474,0.2844895968868211,0.5113998364489216,0.5988570503057163,0.6808828337345009,0.3230497157799069,0.38916587521173795,1
0.6001711958479539,0.12549826897599714,1.204221170410499,0.6207255476350192,0.8672347075126062,0.16804692113973485,0.43027501509019694,0.3454496955470002,0.7008370876083889,0.35774296303146264,3
0.8576516395003775,0.7420642273472495,1.1820214839296248,0.965383600122978,-0.07528263916994285,0.5986571400337437,0.7734080228362448,0.7081110377059661,0.45966750337401957,0.1899936322172956,2
0.8876079345047055,0.5394600379073565,0.780095231251628,0.3559441356655418,0.5500176858395055,0.9549058174252273,0.31892356708430025,0.1490531700757958,0.25624373078659896,0.8552797933135596,2
0.47638417793657384,0.3618342311391862,1.0042562222979348,0.614211070262658,0.524414729305688,0.09755410609989973,0.3201156103704893,0.244348224823258,0.6713571761113254,0.5237869608315683,3
0.07911669558182649,0.3408742480195433,0.3497414860675163,0.9980058476678313,0.478676681253195,0.7840059655687257,0.46743098924820614,0.7365735924149596,0.5596163581784448,0.6498383863410171,0
0.6183773287696581,0.9048901942914362,0.779160209071351,0.742674514663883,0.21816480053754986,0.9599675379562886,0.33176092116468325,0.23066908397876745,0.5627306683635074,-0.005979295152038544,3
0.4745430894278625,0.4395228644842875,0.6667310418506751,0.17806563075278212,-0.08893386246271787,0.09636814999459554,0.44801414841229087,0.27701991894610256,0.6057682770646318,0.4836285960159772,0
0.7365999636890663,0.043495820334648806,0.7410963125580569,0.24068190738511164,0.08939144374345206,0.9485568566255433,0.17864570642509403,0.5003215179369822,0.2082596118527731,0.8768093099234704,3
0.7105149424015912,0.25443308798269476,0.9254045760769951,0.37858580588606877,0.6935902548583761,0.3639783766757649,0.3381465366636081,0.01725114672234914,0.5383538454237062,0.7874997538459856,3
0.4859285680580096,0.23465571091937537,-0.01805335428594987,0.7162607485868138,0.5578942376964221,0.33604279444793794,0.629618583776254,0.18901796704993049,0.1282524041043075,0.6988919088243432,0
0.5288431059177928,0.37366342241680334,0.8230366725162046,0.4460133193670637,0.3142449677118341,0.7414233010046642,0.9815447199079693,0.6081539793087192,0.06303121887425611,0.7224569880486075,2
0.23581406184546772,0.9970448855838606,-0.22001734678701867,0.18417658325382172,0.8321616499989182,0.35636230393069024,0.9743781702028091,0.5723883468390278,0.5174422098868041,0.75877775574991,3
0.6869110562572734,0.690302808742082,0.3447040043372281,0.7038813470862479,0.284053541024883,0.1353433353221865,0.429518328645588,0.33567001170934585,0.4134798356752645,0.8340774441229828,1
0.8840810489847271,0.3077379863114922,0.7242197235130624,0.028772944358164708,0.896383683592198,0.024226454254016663,0.8568563898155455,0.6697398016163979,0.23039786593774098,0.7627072623220068,2
0.09638872811930552,0.8994405351864758,0.9554869610163663,0.3718476183341352,-0.6213913329832227,0.5691053120250009,0.8879520535565705,0.1507153832590568,0.35233447615467467,1.1059578307736428,2
0.21441108016885474,0.6216473390025798,0.6545371694676785,-0.09746728885986478,0.40792424064393706,0.15319822808056058,0.5359582681259871,0.6260689164976967,0.7992445651054175,0.4021253944130203,3
1.0299766359207636,-0.059401189417707057,1.8646585585280078,0.4587469388538816,-0.18380819284877162,0.9568993769264531,0.49231746630350315,0.7158166731934551,0.6725260258103916,0.24340394005686938,2
-0.16804151899205805,0.6460960515675919,0.5472883669068129,0.45417430212806514,-0.19152265702458218,-0.01588475616810589,0.42995662488322217,0.619387342835064,0.12068836598774121,0.9077694036248174,2
0.9881659982912393,1.006745399327699,0.6470311231117964,0.02064378527131894,0.08507451478132903,0.21574137738876994,0.033598082187149575,0.7515134492757224,0.9717347606753303,0.6874637533755312,3
0.8835517248157309,0.3153880607432221,0.7031072232566727,-0.0026750047674614225,0.9199514617952147,0.027985314791735848,0.8538052956239973,0.6883680298541506,0.2594560207014397,0.7699816627415246,2
0.6155248059823288,0.6198266632704611,0.9268022812082256,0.8726939414929658,0.14568433040675077,-0.08543027814690352,0.1639590669679813,0.8422907568283916,0.6330232255005435,0.4582602088070353,0
0.8971883019283455,0.2600569603016358,0.7788477045334652,0.0900112302462222,0.488196059574831,0.019341070251190695,0.7781376345252928,0.9416207474136955,0.09479364827775322,0.7181215684684514,1
0.6385485157449179,0.060072073496434016,0.6551211691732849,0.14632990561986797,0.7045186954125213,0.36878976851994505,0.5981089755346388,0.17537690609925594,0.6307362994167967,0.3212707329434546,2
0.009376730716627119,0.6108464189695186,0.8169768928413033,0.22849206625238655,0.7285490543297191,0.6796996888003736,0.53435102210164,0.08196782571170974,0.77608188010987,0.01768309020072301,0
0.7924399052331548,0.18291240593820599,0.2941884449318051,0.2668432590835825,0.7952841446853097,0.9184101506327244,0.7349716363944416,0.5497277666605869,0.7950777604891014,0.10168223001716956,2
0.011588329036763469,0.6118872510124694,0.8147532323633339,0.2267263868765392,0.7288244042646075,0.6767057140826541,0.5327965927808951,0.08452982396597628,0.777759919208972,0.01917712847053859,0
0.4742907840438859,0.4446639592334583,0.8815701611177588,0.23327865006039475,0.7915023673458461,0.6856292174559825,0.5552762834847993,0.8459321159848241,0.5454075192110442,0.34400924156528057,3
0.8139699739757126,0.8458624500320593,0.7641683711642958,0.763026394982703,0.9112538940154408,0.24691327180076414,0.3319647786855258,0.8054130005692478,0.3000234845524674,0.60753313750828,2
1.0010125536768446,0.622353624747815,0.39385694649893604,0.24764756768766832,-0.2873538461651699,0.20716082084237564,0.667671461719755,0.3575222534893966,0.7744995410191942,0.3424087829747811,1
0.9634536928858943,0.10136646984012776,0.6462420184273604,0.9100041769343624,0.8016502337293855,0.780378407217782,0.1408168072798725,1.039824245289169,0.6996550391403868,0.35547624386410237,2
0.2045049825093973,0.6412658418998768,0.08384027399930846,0.2508149075114524,0.0013679560802886126,0.7680387320144104,0.718469820533653,0.48085980619990715,0.5173771343189135,-0.046560159602581364,3
0.5456481825539563,0.775637135029181,-0.4903771765677071,-0.3275978172336803,0.5341149912195162,0.17127514537248292,-0.1696936405621029,0.5264202259535296,0.6163894696614756,-0.15379943991430522,0
0.7195405922834179,-0.1752709612223687,0.9092279664894501,0.03291348817520623,0.24286170257349035,1.1534621098089308,0.19576570411073552,0.31032325453866005,0.39957705576516944,1.0202616576921233,3
-0.047786001145529056,0.5855776843460669,-0.06289075134710506,0.1746481515816679,0.7535636096168875,0.5361785407628253,0.18056018969289914,0.5120724327041539,0.2822218885218122,0.31234253383548605,0
0.00457999370871769,0.0573144105456249,0.4925260573242713,0.25135333341475485,0.8318723650843495,0.4104197881615446,0.008895635882483256,0.7124684044145277,0.9337682205525135,0.8019569400128904,3
0.8271783191765711,0.7086768992558381,0.9108077893820645,0.7629650739248691,0.7109044885804018,0.1730229387746816,0.1764931960947058,0.6968023927730185,0.19480701705604103,0.8191289590080748,2
0.9109250469229596,0.8085174634538166,0.8049463746311525,0.71408438785551,0.8324332621110364,0.3431981632323391,0.3311109465952022,0.7469899401337208,0.4150045753463555,0.5624193291833669,2
0.3694004134120758,1.1301926237313262,-0.19467825257147187,1.3607400921914927,0.7195555840116508,0.8962691099480178,0.8269064280328702,0.3135730525858655,0.31099424906645645,0.37762565940155174,0
0.6698493451761512,0.09698589024789882,0.556531959187741,0.10855082318584705,0.8035932737091738,0.2626339565960041,0.5709877094331153,0.19506403369531491,0.5814065192674892,0.30087874598965414,2
0.23085076676773905,0.004726294077397997,0.2920283837312353,0.5052373889179598,0.39014011878205607,0.1194019205385268,0.7677116816359287,0.30390967574702227,-0.035550651691758556,0.7602874583500873,0
0.6663516924403466,0.49804268568341936,0.6097603831484006,0.670633930530599,0.05735807954920961,0.5184231200033779,0.755598768016044,0.5363602417067075,0.5461021858169041,0.0741744004076839,0
0.3362195372982658,0.9487538617375868,0.5274919612595641,0.6877178903067522,0.733896629053234,0.1252241553185723,1.158384053908066,0.4725473947348456,0.5483136452515516,0.8519866474942985,1
1.1574033957264223,0.8351874202260289,0.767757205992954,0.591504679795664,0.9225041070473394,0.48220155916032736,0.39348402573236285,0.046569941636892036,1.126031479828451,-0.17630521360046456,2
0.6659685277092561,0.11810211602496884,0.6530910636167777,0.22678547601820687,0.12080622411452861,1.0035816486865632,0.17895109342064056,0.4785388411103389,0.1844218590742478,0.9253919988988988,3
-0.006603250764446372,0.25518289943932365,0.5421708162067997,0.8757357339969255,0.7809650797641641,0.5078815595073041,0.8157435271806334,0.5950406069937764,0.8776263702967444,0.6739667737831078,0
0.39155335138281805,0.8593283937903065,0.0324756804208538,0.31437244351498045,0.6501593938861288,0.13488305013527727,0.8855753607293975,0.3592204924860356,0.6797162348863857,0.5961091887316631,3
0.5351986825137625,-0.06720546483449297,0.23084052713800973,1.1345996235665272,0.13274857872722867,0.0016108067681028515,0.3637336209265389,1.3424173580095742,0.014042931693695582,0.8071006773185915,2
0.20834098194375966,1.0494215834002032,0.7688485949749325,0.5758892099841453,0.8052857850174837,0.21853299161911316,0.969956543029591,0.3359490834848977,0.6586302579423741,0.6604876003824526,1
0.5563317653218308,0.29702284756908703,0.3984946568956371,0.07270154587000688,0.1287671797641747,0.16949011082009535,0.578170319684804,0.027121972104726895,0.65288663886766,0.32915523630715526,0
0.6562436917876902,0.42738411328776205,0.8708420301331385,0.13392368613583738,0.7580177041333572,0.37676920837946115,0.041738613702450356,0.47418399880025996,0.015110573507102765,0.696796115873177,3
0.7846352955239965,0.8734215497659383,0.786601375854994,0.8104354155885679,0.7240809451454648,0.4140823213445023,0.3622279101396641,-0.04082201011243988,1.0533871911825479,0.12149569047208825,2
0.9936551935875669,-0.06019166694930739,0.3304634677849613,0.5085398671189477,0.3012007944213033,0.20649821330526968,-0.0067290552032086975,0.0621778674224783,0.24047285265022808,0.8907700000433798,3
0.7352135486041167,0.012215055375831424,0.9052980014035663,0.4497126697724758,0.2527150927617604,0.6379863049993504,0.8193888746899228,0.6297397725009206,0.45013263022054467,0.14776408768095772,1
0.8757708786442658,0.7579105502452325,0.7077908617777712,0.7863884201439335,0.8739762608627412,0.22972455936007288,0.3370660183418085,0.8161194974441511,0.3299742244906828,0.6343178261039596,2
0.2782888644352451,0.07761503104785877,0.0768061830415973,0.8108990658044961,0.45010235635736795,0.4446422449811242,0.7846025381703527,0.24542513373162161,0.20378634513270433,0.5533675182342852,0
1.062982162829377,-0.9210126724407991,-0.6944011372661837,0.9731585968972681,2.0213759073038613,1.0185730321203057,0.3553335024845493,-0.5055105422601366,0.9820734295648333,0.04034718307372448,3
0.7349723685651163,0.021097157233478103,0.6403088204504965,-0.14723813391892823,0.27156495801521785,-0.1607303205271869,0.6186890569344952,-0.05729332722173559,0.9811082780278977,0.5780840434608625,0
1.2059671176430506,1.1476112205356594,0.1341488428551777,1.3624083509829028,0.17962057563564765,0.8468791801057771,0.5480413097254153,0.2936069480914363,0.3885983153650766,1.2919327137315286,1
-0.018888532627304055,1.0998380048849472,0.045650197167476564,1.0223813080687778,0.08639777049989432,0.004547652629787069,0.740063628260881,-0.11297430910075168,0.7938227445251314,-0.06426291411771573,3
0.6916644469026062,0.020626040571587838,0.7582473012733721,0.2668372683185785,0.03608494673727892,0.9965825485333479,0.23927491806400253,0.5119676120470782,0.1465736685850412,0.8589879162895306,3
-0.010540781694131779,0.8659841523603272,0.3210515474422629,0.8695361191073807,0.720507212593202,0.009664567574331907,0.05768699965335575,0.7497612385753296,0.2603055661808562,0.9908500986045202,1
0.530185179088894,0.42050733853577943,0.00662278193589752,0.6800245789315041,0.17524320849053343,0.16545031349344375,0.970549489105266,0.564152771659982,0.9989456251897776,0.43440733801335185,3
0.5941994795250338,0.6315543642545789,0.28513835933001563,0.6507521848455514,0.00015763938658248933,0.24652585612490469,0.8454125094937889,0.352089297850132,0.789627116137775,0.26859674350319285,3
0.15595106948004217,0.514623379921484,0.45318132464473004,0.8781371525681977,0.4922299042887531,0.7735147059884541,0.5519425521803243,0.7511302364009941,0.5082855909283343,0.4545355990425335,0
0.052428793695836834,0.7938371030411477,0.01105732448066074,0.5132389670824427,0.6672020769955004,0.5296703275667273,0.6417414763272473,0.115226761726644,0.4823832608041112,0.21326267741295535,0
0.7566264058129796,0.4213111987827745,0.8968615923631453,0.15507320292201457,0.10254793934393758,0.5013141882680392,0.2301175758478272,0.3501145647761379,0.6263819636739467,0.5959043986385851,1
0.41464257067140664,0.7717308305898047,-0.15345814410789638,0.19065372827066443,0.6213681469657515,0.1726253906492123,0.8828878888669112,0.4520786215491909,0.7075315604138784,0.5305300713999473,0
0.09047402110700943,0.3432350203291932,0.3734787751639401,1.008802946013259,0.45493124676864904,0.8091573976617806,0.48924530944209693,0.7466522927184143,0.5480700400815227,0.6505943693281586,0
0.5905206015736095,0.8252076902960213,0.7963030492087647,0.4668509622513007,0.7021192692924971,0.885925926663657,0.518916168815159,0.4072877908815649,0.7129430314788985,0.5504378500151083,2
0.03828358541690902,0.5101038856534135,0.8347035569438803,0.9170501075906852,0.3631011831815868,0.9125567108425949,0.6992510482854861,1.0520228897844175,0.3371356414029187,-0.007946159555310306,2
0.8518900220415712,0.3330348556377792,0.7038026713502508,0.025466741086499104,0.8684574234004869,0.026425466124344932,0.8584856994832951,0.6486296750180582,0.22201056957447754,0.7300790403458712,2
0.4686360811153157,0.8566524935978372,-0.08841177172853656,0.32309246874893405,0.6368435532497955,0.2496650749242444,0.8530114832363215,0.33589965397910587,0.7050609406000009,0.6332488413767893,3
0.41567430492956364,0.8794003357291005,0.9665603121663728,0.46413326968684765,0.7281836840105909,0.7463273244778019,0.5436960888843329,0.4024847034084112,0.6802367352685016,0.5437513524163918,2
0.1680714357985682,0.9687302008839226,0.7267632565663704,0.5637678702982252,0.8223839123419875,0.25071168706400015,0.9581360583742912,0.37151642323486056,0.6927741159867667,0.6520249102028508,1
1.065552845304129,0.41532839378848696,0.6433826192178977,0.8581123519622124,0.8297033197679239,0.985557355454364,0.18079225591002598,0.6686024588219441,0.8366581198774536,0.5057610584401648,2
1.0625010596811302,0.5017375616033198,0.630184362370988,0.40266769355273524,-0.04888240222617238,0.9986183943627741,0.4872184380881257,0.04674584373582495,0.5045741028988449,1.0223349307172962,1
1.0297709885842337,0.15423739901541247,0.6141396622277073,0.9557398469508633,0.6779713078448516,0.8571048563110526,0.17738876548389326,0.9299259363799659,0.7318786068153194,0.3360091657872779,2
0.5633652273020892,0.5875606148390041,0.15246992728344222,0.7486070373717699,0.038480229055317255,0.2341676046499221,0.8372718441719803,0.44963058093774083,0.5939805715880577,0.12721138663726037,3
0.9546907164265327,0.16279899800079864,0.939202313084515,0.29496380478063744,0.43692204544168906,0.36773137693037394,0.4505231440822309,0.5429347962348543,0.4678286991929192,0.4004962297541917,1
0.6499112498563958,0.5099220953545922,0.5878622048927773,0.7018174504001337,0.05701962165395958,0.505437434195902,0.7275351538044951,0.5126317591788173,0.5586878511806173,0.06060636571483596,0
0.7385395985997114,0.5920721630987448,0.5917452797767077,0.48853081133739984,0.7974190973846488,0.20092927191912277,0.7691872299945612,0.16310863229260064,0.40960789704714456,0.06831046684680583,1
-0.029017854498162673,0.42370909253104344,0.2402586649174143,0.8852763320322591,0.6194336157329015,0.701407580600753,0.5323703604383508,0.6197236651965274,0.5909126900301791,0.7456357931177531,0
0.6755803667644804,0.49259825552467756,0.6161793504102714,0.6678939023921499,0.04855852796839311,0.5119109055632456,0.7408880060493379,0.5386697075675566,0.5387583529132545,0.062418057210536476,0
0.5698576555581398,0.13104191117950445,0.433369303342578,-0.19577017144430664,0.39080738700778417,-0.007989244642048948,0.35981214854368426,0.10882788997673794,0.8415779164654504,0.43381137336845,0
0.8560449092885437,0.2826883902030824,0.6947197423839209,0.05322313801515889,0.8976464337096417,0.0023380836104229426,0.8801543954126949,0.645931934859844,0.21916209213184434,0.7718378152734539,2
0.6612575524047068,0.49537875595002856,0.5976523635630456,0.6817534118570515,0.05696609221588654,0.513185868315693,0.7472742185955563,0.5350093917788539,0.549213797454335,0.08234900714469012,0
0.8658840767806586,0.933028558238987,0.12096914762902616,0.73863170871922,0.5484644679396202,0.36138210651759506,0.8591499833302898,-0.029261408808076178,0.3173408019148979,0.27728463802239584,2
0.853818682059843,0.8594367098950915,0.7253726296020347,0.7132947891020774,0.8163702026212144,0.2005237691844342,0.3165295014126553,0.8440890561167597,0.25826097400684955,0.7025507452212455,2
0.1602890383215052,1.192565871981436,0.24666744359140555,1.1900082454444525,0.5965861625209825,-0.23661272840908154,-0.27942762395339,1.0242024703247807,0.48261876028473755,0.7469246890201311,1
0.7938831113105049,0.8362633042924187,0.7698475442771898,0.7898239509612429,0.9630708868354142,0.2841677657873349,0.34798565761065,0.7801554059145028,0.3032920246264431,0.5866792153583348,2
-0.18389133985978273,-0.4165401720970966,0.6391334688219952,0.07285638480965675,0.6477838624260546,0.4611092558704647,0.6678530395876091,0.6653721455470307,0.2883436984297061,0.7404768647103572,0
0.24893183888094947,0.258686042688543,0.44945622547802166,0.9207411348910277,0.3443995136996094,0.8924586723679513,0.6589274251970384,0.8517816011116448,0.37125252271392906,0.4371215559793402,0
1.0020117802873363,0.9978567075883821,0.21368754022315312,0.736652990232537,0.4616036018118811,0.2111439172519987,0.7546200943188172,0.08453225634841473,0.17535057617990396,0.2631388891631338,2
0.08739293263660103,0.969085072522889,0.7213166467001166,0.6067182799285219,0.8342158050041524,0.2959819760236469,0.9557636471575935,0.41444472130387566,0.6113440164054859,0.6967183751286068,1
0.8331235143490993,0.6024285715794805,0.9055007908230893,0.5916519206577211,0.6590603049336939,0.3056443909890042,-0.3164998317745903,0.764828012419826,0.0015240081058429666,0.30047762675821466,1
0.8692390777446741,0.2932685032075191,0.7126015300415152,0.05123026590108504,0.8946349671824869,0.006787191259549703,0.8904814208452833,0.6457397964479669,0.23122880767290577,0.741489982881347,2
0.36123099305018264,0.20017270132773637,0.07278417108343069,0.7087679433217774,0.5478497651347228,0.3138619517130483,0.7662156639327399,0.36319363374594277,0.038594948856068984,0.5873189384800892,0
0.6527742778293188,0.9632502454880884,0.9782268848194804,0.061022836723822915,0.7137772724560544,1.2790244576769367,0.5418114153477668,-0.1963012846741255,0.5554226877978476,0.9147587586480994,1
0.9225474143680736,0.7658441187347471,0.16875665255414196,0.9053278462777343,0.4890734541598174,0.36195531198786357,0.8458502202729017,0.06810672091037133,0.17849234545996356,0.26261340068439526,2
0.6398628134390433,0.6870591860184807,0.41069584104373635,0.6631117471484123,-0.004964958728729055,0.39528819401230797,1.002856655461744,0.33245220308621953,0.7088571408061324,0.22380927566925857,3
1.3252478247069028,-0.06328122156714833,0.28022647695230923,-0.16928041520785664,0.12492556155219241,0.9379867248837349,-0.07848906015062906,0.4038893849123127,0.1895955001482566,0.9652673037245766,1
0.17778196687494507,0.2746051376562141,0.376579409246684,0.9880724053365656,0.5012248241943893,0.7088622170835777,0.4889190029782055,0.6865184164667626,0.5786520678397681,0.5843253650190728,0
-0.13080193736363677,0.05078709453048785,0.25972578847775313,0.6750243476592072,0.15905806849732013,0.7962069652566068,0.4906998442892969,0.6226156322745486,0.4408359464051233,0.6460987424458283,0
0.9525888364920264,0.08913435570390817,0.6152377314370879,0.768735649972506,0.5950109084599138,0.7709934807871608,0.09428681097298458,0.8974083753432864,0.7981676063620615,0.16033034151555345,2
0.0023441038993361057,0.7593166246044669,0.5545217298394651,0.5878332352256097,0.8937501891944504,-0.16144669514603333,-0.007126714032828149,0.8595850115484848,0.06803418689114454,0.9654332502764065,1
-0.16325782074136658,0.04506138103626828,0.08802581153952127,0.7633923007174428,0.7308390737418823,0.4679192023887604,0.6938935128603961,0.463850635402961,0.8149356602813613,0.5421047133725985,0
1.031451955391599,0.07821564401633396,0.3401399613354331,0.8371701335345446,-0.1049650790876493,1.1346176794031182,0.31060810482909557,0.4349348360236394,1.0668996173980483,1.2089260162516964,1
0.8872082294106012,0.3244863933437506,0.6913871037829293,0.006400605909701845,0.9188023633503756,-0.021912703754780945,0.8721603645873046,0.6515364758322698,0.2128953974281061,0.7563508911696651,2
0.012578945251881076,0.6125908104879898,0.8143059759480448,0.2277390805798977,0.731059891642655,0.6800124338589139,0.5296938563274662,0.0816123356460281,0.7771910213256304,0.017615674249963673,0
0.0615594466780454,0.18996141398283328,0.3102481346177894,1.105662802716871,0.3172448370622726,0.8365308679604225,0.4763790058772396,0.7816955729661689,0.4516507246685583,0.5866666310928187,0
0.6708102149445551,0.49009199216923793,0.5853465360613469,0.6804321821188787,0.05510352989733492,0.5205270423579841,0.7361556167178487,0.5206046097568614,0.5567779784261402,0.09475131851188717,0
0.7024827114232365,0.7819503681860632,0.8057699361979187,0.9329340731125341,1.046406668958728,0.14305723024599726,0.36080224677193484,0.832951859367659,0.45901181333583757,0.7412952012635394,2
0.9743511395827864,1.000639602164678,0.6450055976828009,0.006443095427101149,0.09565049786904561,0.21729949103778734,0.026355773843687834,0.7551148710996229,0.9838414784046128,0.6943479337838558,3
0.8960367640437326,0.8849221759640469,0.11685490521137731,0.7600469067144564,0.576830623675371,0.34044546509839396,0.8765205094859951,0.00788326296632917,0.30018879153674527,0.31307203714299026,2
0.4556163141125924,0.16287740451596647,1.0248584269542536,0.4103456491923346,0.7114430435281046,0.28444200232759,0.3539202189501107,0.4397221276988426,0.8302406438528755,0.5795167813855818,3
0.7374833783524936,0.6857893743934891,0.3445819832069784,0.7808584166593423,0.04322011613272453,0.03694314527301385,0.411291378289573,0.25026454933822084,0.3313875971826325,0.7162881174991714,1
0.2837956462354816,0.4863498299356175,0.31041880725063065,0.36736470525853504,0.5519615960533982,0.27653555567456434,0.5947100675973183,0.4399865201684937,0.3543829461818076,0.2342302756936341,3
0.6965981367325245,0.590237365492021,0.5478950315968012,0.46132682366140293,-0.047664082260305274,0.743361111962869,0.7954448195782488,0.21552108295552735,0.48373709731050235,0.7564919686855136,2
0.769233500303594,0.872204383177804,0.6966182703850052,0.7733001304905945,0.9838961434683698,0.23384637013490694,0.42728380888602296,0.8535709083173824,0.3110910952689421,0.5924169138852275,2
0.7654075952861306,0.19892297862350464,0.3040528083707074,0.2726364204759755,0.7959195640824109,0.8972708719390841,0.7206494631192939,0.5597226337210581,0.8131607867889679,0.095635809358641,2
0.8703436517285525,0.944068134774176,0.17533684270877858,0.7088529015173154,0.6261332184165175,0.4355546104962499,0.807251626071925,0.0038307575825907124,0.4362249335400306,0.22908902024517103,2
0.6876187567075774,0.025273186076240777,0.7387508802853541,0.2758022098398297,0.2437492379727743,0.8612082750254894,0.08832440587877029,0.5695878931913836,0.11441296793427509,0.9583569422668033,3
0.012391200287251589,0.6121514903265985,0.8128577501632189,0.22865367125956426,0.7302638466686364,0.67750258753495,0.5303072295549054,0.08167655163537149,0.7780719874635001,0.01970899214480926,0
0.8723366354254243,0.3111818442737557,0.7114864784486258,0.034924686902469824,0.8820104726346818,0.02030614688800749,0.8666704042292667,0.6508454676645901,0.22700342851633407,0.7634647001026699,2
0.6582773909974493,0.5045258556741021,0.6138499729647721,0.6914630889964164,0.05235862000463308,0.5252108390578049,0.7343391657518576,0.5299699235743088,0.5636682550993781,0.08626512108011461,0
0.38166379760357105,0.8744270569819786,0.7594675085655368,0.06537650164304448,-0.3686247857371929,0.6709987032155519,-0.17610374717341282,0.1644373575012893,0.22198060049180096,0.5653710316772987,1
0.20184107338246055,0.08604021382761962,0.7085941522364784,0.6008317897028674,0.586864182181542,1.0000963964699878,0.003469339890430856,0.7731194490115854,0.2054257179399297,0.6400781665097308,0
0.7165583812682147,0.02665490174482657,0.005990215396859705,0.836919295023111,0.87802282592471,0.13018307764890216,0.029308934764948745,0.5109337231363201,0.6854056186342791,0.42988599670839955,3
0.5417600374358237,0.06367776085709587,0.9126287051474701,0.3485962062450122,0.11097559793303086,1.1036404633191386,0.2514329388356,0.2996298094508417,0.2519229441401693,0.9045282879476714,3
0.7495139493518305,0.7820814451787097,0.7402211835807125,0.798158338793441,0.9808591966752241,0.3108344929024272,0.34127024745938345,0.7872416218748738,0.29332045092406983,0.5968367528298861,2
0.2351224910070963,0.5233424412328881,0.3453728070967961,0.8377440648383239,0.7862221011896249,0.45625102991681976,0.5391945259921812,0.3883893532536789,0.15824605875102227,0.3302895442351283,0
0.6083229045925009,0.5580478463757638,0.29871620794693665,0.293793105209603,0.8309169680037534,0.343305089083505,0.36693252331569765,0.07149600269971962,0.23150595904046853,0.20861948736838384,2
0.622521839891018,0.6939847668197983,0.9629874251122509,0.4828583921754917,0.6406641212520046,0.7855673425688873,0.49000150388531216,0.2255764934034192,0.6414475598564178,0.4989442179166958,2
0.3369987159791187,0.23707448989945373,0.12645017892994054,0.7120018358323733,0.5654619617868526,0.31719055202488566,0.810661427477044,0.3268647265632372,0.05421987923100407,0.6149310106749251,0
0.6340384570759517,0.02391978223989296,0.5325305114590486,0.12183472525760435,0.7236939697305054,0.20603249450552807,0.6045136044968425,0.2630710038844965,0.7114904083667178,0.26172510973387997,2
0.8041510980463272,0.6106983732988185,0.8235467579526089,0.3524147218116303,0.6807549410585502,0.9284825962357514,0.345069137518352,0.20089314894830654,0.22147476216087875,0.8413740436958891,2
0.9830659908526425,0.9865666255844528,0.652649195672601,0.014426685111464988,0.08931289678224276,0.2086030301267147,0.02260319348804066,0.7487601255497515,0.9688789285084416,0.7043389822717759,3
0.25208604666715073,0.7051252365002719,0.7658232098745128,0.11175952588693262,0.7960399619170954,0.6881580937121241,0.6124654589415439,0.3223099641779544,-0.024408660739158927,0.20086353766118997,1
0.02550843864402175,0.7411723494981616,0.15086453967316407,0.6694102082617631,0.6262715266106862,0.16301937518807447,0.2696187438083216,1.009762601280713,0.6029860764453885,0.8082921548098824,1
1.1475827733763808,-0.03725309107614688,1.003114859576278,-0.02314065334894333,0.31067845324734145,0.08735224839388439,0.6782475311762575,0.706050013789179,0.1894246457334926,0.3052772906706945,1
0.923988052481844,0.10492179024071045,-0.30521671190674915,0.46599735778386575,0.12679247640877783,1.084242011386934,0.6816889875360267,-0.44595345672921843,0.17058940216475424,1.7665681029711673,3
0.6703722989751013,0.37950628028833533,0.9711584208309121,0.5641742568331287,0.36192284041535994,1.059806328851909,0.6114080367956908,0.27026434853635406,0.25240193784965165,0.6034734437934487,2
0.7034048984811935,0.06074039827820005,0.7335246221913903,0.2591380204090783,0.09883142042508149,0.9312181999049876,0.17936751764118253,0.4631590700160631,0.22215007160385675,0.873857155029444,3
0.6006470701434344,0.17042267442916925,-0.069890369925519,1.1416345334699216,0.10745229687914495,0.6496992876192812,-0.11461873478849005,0.5420992219944489,1.0520019615862464,1.372892263245999,1
0.6061528313670197,0.5641253743816077,0.33163854722813296,0.14602567581800802,0.08349059327995807,1.1759829908859376,0.4937822278329331,0.354348779650663,0.6931372655527781,0.4799210581203045,3
0.998714600657314,0.49064887592582623,0.7290360430075674,0.36602613671281614,0.1316419974757787,0.8632653909202147,0.45534026362896124,0.03769282533356337,0.6559759507177395,0.9687545936218955,1
-0.024834918538731085,0.607108719799473,0.25032675321796516,0.1846155208243741,0.9174068104230839,0.47876149549110725,0.38762267339033357,0.46147381507614715,-0.03956857441614475,0.5666546961559715,0
0.8302032467362325,-0.023846359658303035,0.8071307540557574,0.2612577305582755,0.2032803501913176,0.3890990894654367,0.24363497905496095,0.387268945609482,0.562690089823096,0.6054819194065035,1
0.8812517544910072,0.3028951765491454,0.7121356611175554,0.023977817368387586,0.8915545718335315,0.015555281060466627,0.8704798445635986,0.6577747844304369,0.23361608685903532,0.758284694903721,2
0.3913250974305869,0.8492259154199835,0.03296252486760176,0.3099214345766563,0.6677647898889424,0.19412168781436206,0.8710704961854389,0.36645405904188083,0.7027143639925343,0.6316507600538647,3
0.012588810915674665,0.6148248937548612,0.813636555604619,0.2257459882965983,0.7295077905969957,0.6784878758514233,0.5317858131833151,0.0814484585557977,0.7784381718727916,0.019067501461042895,0
0.8559734316353322,0.79883668409969,0.8057814718106637,0.8299466264524236,0.9297920946457032,0.299389896463522,0.34865822805274094,0.8375378090931312,0.35491366832709,0.6286390797856976,2
0.9905714476013593,0.9934735818387829,0.6330087256104076,0.02207026681029273,0.09034586457941271,0.21627493168302445,0.024990590331114258,0.7501640607281505,0.9795827089250759,0.7114234022199329,3
0.8228790966910274,0.7124402468647871,0.6783967325851487,0.5685312032249207,0.02392877035876914,0.6359992126401237,0.11130925910043517,0.6031862043559709,0.24262759216038646,0.6803406547753403,0
0.08286634776556186,1.041979017371481,0.627005733026911,0.5659260796243851,0.880074309944272,0.2151469148890465,0.9355638740626431,0.2686169870538571,0.6045085460939629,0.7259148329126455,1
0.52610233983598,0.7269655685649863,-0.05213017809089912,0.18270053557760155,0.6246883674459915,-0.024976328884444482,1.0189815003266578,0.09964745396364227,0.8476325214262417,0.6403042681508503,3
0.3506978663135619,0.4668265050823239,0.7900637731128501,0.6456358823039912,0.302331259167045,-0.122153273682575,1.039830751264258,0.6221234265068234,0.46514683420958886,0.5876188172820345,2
0.9579251835867983,1.042383489185884,0.6377849800882912,0.5941174243154359,0.799033487316047,0.294384389985255,0.6019375848963981,0.03986031387991304,0.941173474332241,-0.047086649833664576,2
1.3305042911005842,0.2921921747265118,0.2453879154516238,0.5719346199075899,0.4795494184804542,0.6745866413522476,0.16411399666655396,0.5922845104161574,0.5157721394291335,0.19344289545256774,2
0.9806486420339582,0.25695935118769947,0.9663143695370751,0.21098269979832726,0.17437472108580304,0.9160783505045405,0.49673723698600847,-0.007415748085834426,0.6139871867920543,1.2209864733303744,1
0.4688175729126175,0.07156320371566643,0.5710255995863674,0.4743236086492283,0.08723515614913639,0.07963569307344269,0.6584240533725996,0.7420879568658558,0.3726337863884811,0.5867366925012127,2
1.1102875159711392,0.8601831121457334,0.5885984360344613,0.7016969804807195,0.9008298231613556,0.13196072131608455,0.41489209731439897,0.2085959747047604,0.9858658969045715,-0.0316494495647298,2
0.649425133702626,0.4915078263252447,0.5963253194849149,0.6748595168134648,0.07521620169715998,0.5042352832279681,0.7421695956063803,0.5504298030625978,0.5544825819217493,0.08582577658189681,0
0.4997164765609671,0.2759537056366224,0.5619189726377977,0.7790493625279697,0.30491165337788834,0.8490126188969852,0.7479478252596938,0.6824239763140395,0.3713129059353397,0.7218848032083062,2
-0.2435337695838659,0.6754377888134595,0.5283134677835895,0.8149027236901257,-0.049429884460866214,0.701358058287055,0.24352396239104296,0.291404543545979,0.21214303636033177,0.9247111785376327,2
0.9063568924954637,0.9005028002115514,0.11796755076993753,0.7727533079306314,0.5628736555076811,0.3289857333634018,0.8929212024614505,0.02053338052807288,0.2955803497857661,0.30671500908522586,2
0.054504256980970556,0.9239148055054076,0.691696950697143,0.42572586739629065,-0.08037696997628471,0.5268214087560648,0.4757022707487675,0.7728579501320292,0.6894972868921445,0.5779902113507709,3
0.39803789539783857,0.8414851004393235,0.0434057798446357,0.2911808310210559,0.6464749767852024,0.16475940766465869,0.8617184591247263,0.3508656820067941,0.6853459036212204,0.6050157691896912,3
0.36899061624343704,0.9004000573870364,1.1243052874975195,0.5184006188199901,0.5535403294791524,0.47860444457722706,0.012857544629656797,0.8507989761928844,0.6866157309788261,0.8137514447610755,0
0.9224793279064404,0.12188590169704952,0.9567035349380508,0.24776662813548306,0.5688776041782464,0.47066577020257583,0.5716446037624401,0.6459366303201151,0.3401877727056105,0.488921294750682,1
0.7823766631554262,0.24135114945812264,0.30493809512989395,0.23447889143451717,0.7827220477517248,0.8561280328281262,0.7376709553096794,0.5414803345300504,0.8361640113591401,0.06108704558413053,2
0.5730211607330298,0.3544649715013475,0.8703770631605597,1.026367432548571,-0.16897730514053996,0.48188920930159224,-0.15188588611329917,0.7732466874098394,0.15200698231185697,0.48313862218055087,1
0.8405309721496019,0.4157890260894977,0.7710492510523197,0.8632919184612766,0.8893591587697718,0.95306459820883,0.3405314579817051,0.6776156417503361,0.8819749900742739,0.13906268871492206,2
0.11595514396167855,0.4325987572337242,0.8862843539595743,0.7050049306556753,-0.08971271361727533,0.31656536939732827,0.9041797595699673,0.7695473749893935,0.26851724647027764,0.7477043518214467,2
0.6400330446056278,0.4961844681251419,0.601170790544885,0.6944851755355053,0.04767069594217524,0.5104604075391009,0.7330774833374687,0.5279702066828409,0.5387335787930645,0.08901980120998415,0
0.945080094189284,0.8018392819450445,0.2724638667864663,0.4926936732818967,-0.17303980021481064,0.13039213467211608,0.6040085219163744,0.4489517315211228,0.11028637813836911,0.7340666899295618,1
0.7026162964850445,0.25836137029910644,0.9295244583670839,0.37660986269279956,0.697461308111716,0.36731914205870636,0.3247221059806385,0.02985362541436934,0.5522165883351923,0.7981792733084457,3
0.803321738440741,0.2782909971076091,0.6844382303914041,0.10162351180379775,0.9150763618445201,0.07688287527719698,0.8956408959189537,0.5940055482478548,0.3007649806265731,0.7843575746937198,2
0.6613537476119411,0.4884701234841356,0.6116361232453003,0.691759451828752,0.04471426506484166,0.5057405870937329,0.7597776934229917,0.5261487096449105,0.560677967588367,0.0749263107170509,0
0.575433649814592,0.589679345860127,0.1893612406295738,0.625714905706183,0.17551729448381467,0.3020448422482864,0.8277336340377687,0.30707109300285607,0.6709403998515182,0.24480593826214167,3
-0.44156470969341133,1.332389616825847,-0.3951956603123419,1.5794304137815645,-1.3596201683055433,0.7900746447943957,0.10278884653158948,0.7122028248432943,1.256483920066918,1.1884548905403836,2
0.9083763204453557,0.8963751166322851,0.11479095372840052,0.7670579979391043,0.5631769041885137,0.32590427677666667,0.8992290773395443,0.016927767016567084,0.2990591400126666,0.3089371717224287,2
0.9127036937094791,0.8494223388167637,0.05996398031053398,0.7032902193868041,0.6155629180467599,0.2805377035603751,0.9454008112465178,0.029961332353418923,0.3506755516125704,0.34013978528530386,2
1.0283890625997103,1.0818627082344479,0.5586906939400762,0.7108338015625849,0.7103778009270314,0.3043029142873135,0.39032340436036866,-0.005406665536385365,0.8920769399284327,-0.16716784336728205,2
0.6356307752394542,0.5227835886590247,0.29698517908045613,0.31009982538511693,0.8534281940312701,0.3116819185884309,0.39306736870555786,0.04494173909851729,0.2197856489836856,0.1888969303026348,2
0.967953669475911,0.9307643597158306,0.06167421457194726,0.6846668544949365,0.5281239880499315,0.28578716602354964,0.9326314432287272,0.10512916610663235,0.24086171535037657,0.36556187583130445,2
0.09324635576156937,0.1571326343236771,0.49479421539935825,0.5299634298961977,0.8310459811126132,0.32869821156268286,0.5129049653810344,0.7193627236980332,0.4416732457239575,0.10906912639168159,3
0.7269646191643787,0.22383238066876907,0.9595116169743573,0.41668578303758597,0.7085235370042431,0.3261694049926259,0.340782513920196,0.0003053201052524296,0.5003310062013852,0.7750815613697815,3
0.7824839044962701,0.5900256062322631,0.7501355598733029,0.38485209485804206,0.6567184539023141,0.9491013022630252,0.31021547237019453,0.15000610309867599,0.19050611541021883,0.8807800866147203,2
0.7431414467347001,0.8911003307466783,0.8208680656335775,0.7659052695190017,0.5601774317280923,0.09300225109550689,-0.08401967971753366,1.1672473946326378,0.9995231622024344,0.5630143128337544,0
0.7178663927352877,0.39818103446816777,0.18998991541344518,1.0785951295514065,0.22143423415381142,0.5864978619461518,0.9928924314172919,0.7739007073196851,0.7766282692155807,0.23014169579614724,3
0.6211909263142521,0.06443016551628061,0.20244474893243247,0.71173690150297,1.0164509071269399,0.31594454173747943,0.20779555505669794,0.3761776484183348,0.6206147402623783,0.4224901172278165,3
0.9204017501710986,0.1383297589366093,0.6327106808178403,0.9192588747698931,0.6145063536441915,0.839874768276765,0.212828667205237,0.9789776328811706,0.6382426964227178,0.3108743487478299,2
0.8755264533143404,0.2776512466427523,0.7141778272820478,0.015795980495939683,0.9007884995517809,0.044944490306743565,0.919534424465141,0.6103016777183545,0.24165028738222452,0.7133640971904966,2
0.8768068068596837,0.3154896143869029,0.7084617063757078,0.031266334020764605,0.8893888989314123,0.012589613466297733,0.8679022851303062,0.6532910193240578,0.23008393159861784,0.762453345301336,2
0.662561620510103,0.4948717387126783,0.6012638260688059,0.6832868503000253,0.05874392347618271,0.5107653986781272,0.7498086503952293,0.5363830550275959,0.550990877321181,0.07953583591083886,0
0.047694495833392726,0.8968927848851109,0.2954538681420574,0.9251977761173739,0.7545002751241621,0.11473160861998075,0.08791472873647987,0.7045848760024427,0.2328293657058813,0.9558068122486921,1
0.8410149090888337,0.7049458728088112,0.36755687064191844,0.38364245985758144,0.6788118834145225,0.3420521249698597,0.40207800153317375,-0.1287531093515402,0.884599474239135,0.0775766617515076,2
0.059336306997234065,0.14982544973526246,0.5227065215555619,0.494662284586553,0.8817332097563826,0.33707728999913206,0.510240390743632,0.7359380578697872,0.3989833316672116,0.15976133356936265,3
0.5740679783038394,0.8727869783001933,0.9215030177321194,0.4202480137238908,0.7538544370723248,0.7888068112286751,0.5793185885809753,0.3829675614629013,0.7253539534118042,0.49932358845040403,2
0.762495353810254,-0.017362173330667585,0.5601379412628799,0.379124598860616,0.6921665191299946,0.29017164059666545,0.5610936842545591,0.26587308513580715,0.6759300165311214,0.28848276407082674,2
0.7251498497306638,0.04661189781550702,0.7280042335388485,0.2435093919227981,0.1044350363696009,0.962703437966476,0.19012790618017542,0.48285886747529677,0.19881115605017585,0.8870195110412409,3
0.641740445131602,0.8172896468062675,0.17750949473610175,0.5364978467174464,-0.2135190701546349,0.4490061386510762,0.8691868752079257,0.7493212017384105,1.0803031886376644,0.22114710529784207,3
0.49880349529764506,0.5790212319406391,0.8293739277472976,-0.26147202811884973,0.7739319785298548,0.32209495918935255,0.41487416102766334,0.5009229675884493,0.27527839511319047,0.25351824406422135,1
0.4902375166187802,0.7036493466364342,0.20352914498296215,0.35127438485900486,0.5627976635254537,0.24221186102048625,1.098828686797828,0.2715066417108603,0.7392197519826701,0.4749734370883481,3
0.5871257050271549,0.24128554558882898,0.3341240608064277,0.05388767644744488,0.15048753678508534,0.12920514451353216,0.5106607526264438,0.06074478602619561,0.6893453446067737,0.3362447968702312,0
0.016015397036392764,0.7540860602310603,-0.18364167575919116,-0.6405842297962375,-0.044420979571843766,0.360751991409754,1.556194135362684,0.008810704112050205,1.8584881248591116,0.5534202822838055,3
0.44131599931504806,0.39106583091972585,-0.30412984431767043,0.4921763573779485,0.5258489101870066,0.27468412199605535,0.5364423464289602,0.619793059543802,0.0880385025983053,0.1117405978464926,0
0.6429414365584172,0.1698705884050653,0.8398577649700211,-0.02136069671562779,-0.21907416660276452,0.7319388678103602,0.18751260324749505,0.35957727843588244,0.8065721193946318,0.6357535387938509,1
0.1681480136704577,0.7317376299250049,0.6786107412371637,0.2790242649713406,0.003095837238582144,0.9152122209692037,0.41835821179137184,0.3833850055911652,0.4530642347866793,0.5717111954842602,3
0.8391511907346605,0.22223462435205718,0.9343942888133457,0.2158592295176343,0.4226810917927646,0.31974937720150065,0.3715875316174789,0.5561485031961438,0.4831834831630042,0.27040297806475966,1
0.8769355544958329,0.8578435541812514,0.688880634725537,0.7214291482281582,0.9106411791393624,0.2462295402359034,0.35352513926697754,0.7422445882893982,0.2599417515344229,0.6278246794004028,2
0.3192056313808882,1.1862638314006198,0.7690263056991269,0.5118249050744241,0.8176664963093399,0.06857665628554424,1.0719921920775912,0.431168446287789,0.7489085902026693,0.7496308940971876,1
0.4483514899550082,0.756475910925794,0.032222872894377357,0.28912173990520795,0.6108720804244703,0.1866233589520438,0.8212400371830032,0.3162760570168853,0.6317614326397875,0.5709195233195776,3
0.6066721127358552,0.5529179603775323,0.30289871998292456,0.283353374852882,0.824578918924052,0.34129805266519164,0.36722976887774217,0.07227697913731147,0.23506111506051874,0.20581481961712755,2
0.4999529263985853,0.8330253635659386,0.1205011828330452,0.86315727974763,1.0668678185645855,0.0850928538679625,-0.0465942376471884,0.05706739840221159,0.4437110429595226,0.2872500589193451,0
0.6309594650258886,0.5592725314138811,0.2924426107484984,0.5837330226784045,0.16478062707853794,-0.024304103911246044,0.5046772528612468,0.3514605598056477,0.2921859240389278,0.8247286484649351,1
0.9328696671637374,0.13023685780546754,0.8942669063219492,0.32593190568393093,0.4482164225787923,0.3799865973118102,0.4564983990387637,0.5533314112717436,0.4201819659396162,0.37902117086280257,1
0.5272458124678336,1.2190996003508916,1.076150211226154,0.5336512393382175,0.4443498927910221,0.6836480821195234,-0.07327400923525701,0.515820906918981,0.8557074211267102,-0.053833052397251696,3
0.33499300990359293,0.6216745370990652,1.0537254938295744,-0.08956762647505216,1.031061411727004,0.4297102834039434,0.9064630728861207,0.8064554291206731,0.09045705367368664,0.4311112707754148,1
1.0980550659620418,0.3408290802852937,0.7409257228809865,0.30355010166614504,-0.01926035975313317,0.9862747126858133,0.5866860842843129,-0.09038132020003399,0.6221001511514699,0.8847121002250458,1
0.9864002337386896,0.20732408591133988,0.727953162643669,0.7406069268599015,0.8863133775000713,0.8904637319057911,0.3791378945240404,0.7693144377409245,0.6736509117509115,0.38822141684712713,2
0.04766808666699804,0.9028341564968393,0.30777807321497685,0.8776354077350614,0.7566286570720374,0.07827124871386364,0.03309986670275615,0.7270223087742481,0.21714749185064391,0.9730837916807376,1
0.7891016408668388,-0.029089930154734808,0.6032952392971139,0.349417921873021,0.5260486900029278,0.4359360712670787,0.6768874465054355,0.29939443838357405,0.835334836783145,0.13512160587873376,2
-0.18314354827348367,0.464081158207448,0.5361619752038589,0.9776547175283201,-0.15177399559318072,1.3618084385870366,0.4403376082430896,0.5437647187771201,0.9228166441656316,0.45264972865616043,0
0.4788944557446436,0.9069158846783044,0.9233387041330968,0.4658591035324828,0.7317721745277572,0.8285172602589316,0.5400687683082376,0.37867906902849824,0.7827182918159513,0.5554330887798956,2
0.3061450927368002,0.7190551351141893,-0.009857011021299197,0.23330987376778695,0.6375548925561525,0.2887243260108852,0.7635523956698043,0.22105190395609495,0.6764859058505657,0.6550369376330595,3
0.44067119642410524,0.17637324660279013,1.2122001015506507,0.9883701821680049,-0.1163270034757148,0.3040016851878745,0.7455501380854757,0.2994042495290586,0.3954470862749825,0.8258836441431258,2
0.5077434166788821,0.5358180052482566,0.1877834615036153,0.7320873064105756,0.09718079025980837,0.3303588045571399,0.7509486739881936,0.33545495700053923,0.6755550752850272,0.20944414276012058,3
0.3119382008070765,0.8018425128094758,-0.05273500430866414,0.37819150781230926,0.6248167896161765,0.12882123318040445,0.8287752265872752,0.42759598260638365,0.686968390672859,0.627060935543544,3
0.28541311273079506,0.4600471670136722,0.478993411496015,0.24590817758345357,0.1599947072314932,0.2805110934050039,0.7286469858759171,0.6623192820856694,0.2951395166890781,0.0073040066306588325,3
0.4467645582010823,0.9401391646803845,0.30710053523805414,0.3529293552316355,0.3314075576430959,1.1343053918679338,-0.06462586678035975,0.4813775292347521,0.2616776104572264,-0.37988625952443117,3
0.24439731901622416,0.41380199731027373,0.41685314237988985,0.6508640851863612,0.12191682396948317,0.9958311169353109,0.8005692832114293,0.8607714509200006,0.846338474208705,0.4043196829160871,0
0.45123659114814985,0.767617735882368,0.020954690289442558,0.3540699451516473,0.6213732112994254,0.18901032413771648,0.9221710677876119,0.3542133033763911,0.6242825084753277,0.6211384285146064,3
0.807054556929604,0.3209492997631373,-0.28569108128331056,0.9137098625251739,0.030077029535843722,0.5228023585922112,0.31584286493273506,-0.29819461044852485,0.7378711203879971,0.3588845064231513,1
0.7494085204869756,0.04863351905474112,0.7309432912691028,0.21168634895047506,0.10837343366381945,0.9715313932407739,0.20827612604855528,0.5153645352303637,0.18991092130078224,0.8885793294992335,3
0.22221115473488876,0.709943380673707,0.7488483903800062,-0.04867334639864619,0.7323006500100376,0.445821401799806,0.7432807442918896,0.6712608503851297,0.12982606592603446,0.22528334793109844,1
0.45575491428839976,0.7861233550832323,0.9828581527744067,0.46024450196677236,0.6888270695337483,0.7198873725887108,0.5301177928194061,0.383782582922015,0.7546714710393191,0.3356101600969843,2
0.023272502892722244,0.6709030656912467,0.04297825572957455,0.23916968001740654,0.8315019843259244,0.36126880457321336,0.384643931373933,0.32280170035240974,0.20106183328841112,0.4164250746354831,0
1.0228787867058677,0.10189184900270189,0.5559509893017508,0.8113511398886629,0.7178923141972047,0.8397278445475995,0.17154716016583543,0.953056620502648,0.6439959140104831,0.21488503403722448,2
0.8593616236004334,-0.02768390282476088,0.22713299457191494,0.5116958135719822,0.2012537565561072,0.22616288166586346,0.01650073523207872,0.07027883135220427,0.2275187233502866,0.8310560775413094,3
-0.2079594404683373,0.7016033970324035,0.20824648019081687,0.922828221998347,0.1866571571747188,1.03104867605266,0.29763351271182886,1.0364063710551756,0.9475338194532424,0.8973186776144394,0
0.8633610246783799,0.40666829914804686,1.0548321624777248,0.29338160129831903,0.6824387880482868,0.6639234614454299,0.5040494009437516,0.6280161845459151,0.163766970618492,0.0744408200283353,1
0.8452376287853564,0.9550819137940794,0.9416858786013271,0.6614182346852635,0.04079943400208551,0.38805796941847165,-0.04100113535053873,0.7385429077283084,-0.09366394741858365,0.37096661570766437,0
0.7140379342374317,0.9370697335306895,0.6686192209519686,0.7041915116517025,0.8134700923018416,0.286940662680439,0.39840079908724974,0.706791382107588,0.25409233205769144,0.6137610264777038,2
0.7965866419397337,-0.004977214471286684,0.7135926931563363,-0.0006620692922910953,1.1748486638352127,0.3402559643740962,1.033543057936471,0.7572313273996121,0.428658180741002,-0.05907503212751486,3
1.043255590512988,0.4770365370757361,0.7657028965470994,0.3154059491756403,0.0703305164936241,0.8146434186467568,0.49179244774284253,-0.01897066770699422,0.6098398808515443,1.054852908894898,1
0.6620836195123824,0.48821373418335134,0.5956978301662053,0.6783947800524535,0.05959458457339921,0.5127440879274124,0.7384269646554271,0.5305252006828345,0.5558521609231468,0.07672986485678865,0
0.2659259271862853,0.858030257361924,0.6652694417168984,0.31520175657593164,0.09315492790197932,0.8455224229847583,0.5286184236467333,0.5034201714224371,0.3506024770647907,0.45938497688156316,3
0.43661664304278053,0.8094424046069137,0.028404559586693474,0.27424638831603004,0.6362738212652179,0.13737819476610427,0.9004191318633132,0.3558212367167569,0.6604551776805515,0.6686058695686214,3
0.9577209617052929,0.8179324992417263,0.7911605936824248,0.5911356155242502,0.09082182236364203,0.44259180171366175,0.06495028507476758,0.6879773999943093,0.006522381247178598,0.49490128757128937,0
0.9731243383506342,-0.014923804023585688,0.6638030463244421,0.014568602267576475,1.01894699326308,0.6249459311067495,0.5650140320071526,0.37711179420086205,1.0411962797239394,-0.17734009395658962,2
1.255509172814798,0.6938800323500471,0.37072192785350033,0.35244075303677475,0.42229540509866503,-0.0878981040935975,0.5093428130768687,-0.20955073354763137,0.6169576238164433,-0.08776156531547467,2
0.8615993731852555,0.3141622037058543,0.7093931332023053,0.0167628470121254,0.9084127270973114,0.0038562765534915534,0.8858499801766684,0.6597345654797188,0.2074883778474635,0.7762286812766046,2
0.34968375811477564,0.5129951935695607,0.8057284968706053,0.3044504349523741,0.7223010441351975,0.7441694430485977,0.7021051671244474,0.6735780120600422,0.694818501179431,0.16376121917915681,3
0.7009460933544381,0.9963712828357764,0.8075716570231535,0.6380622696524135,0.31097386040822705,0.8919322428649702,0.24312817505090428,0.17889188867299835,0.5471352424201289,0.10973668140673347,3
0.42469219384243895,-0.10028603844201736,1.4467444613752605,0.5582638277778321,-0.007882862289781079,0.7088413153488388,0.3204222386028974,0.5229102663737539,0.5593540402227617,0.2846292285308766,1
0.9199392339897069,0.9082647869941071,0.11428975574086125,0.7602645719869913,0.5532368216960729,0.3220058695540158,0.881502063336899,0.018789263210933216,0.29011407607244605,0.29409113512277146,2
0.9120553431575829,0.4190774093268303,0.4994711087190302,0.5989782723040096,0.6812672437436351,0.6986118649742395,0.4241719323428278,0.7187658031903815,0.9643710423787535,0.5604541042094623,2
1.1757335834434572,-0.07019071079846642,0.5300878243401723,1.1056326683456115,0.8361324472826654,0.5918343348656719,0.2951575337909638,1.0142183115051737,0.5937512422020206,0.4881963537061421,2
0.7220489597122788,0.23862114277729,0.9373389357228419,0.36004474107538137,0.6688490607549883,0.3465334696968045,0.3451999657820299,0.013184957733938928,0.5264077966729789,0.7711844906654732,3
0.8648829718377329,0.3123641289914891,0.7032642414172554,0.024124199509227333,0.8989733980472109,0.00553226737008238,0.8773072468244888,0.6490763990021667,0.22847900605674534,0.7459084362440048,2
0.4174240150914572,0.8345030525727156,0.03869781796622992,0.30091555964892946,0.6411957859656487,0.18856175567908545,0.9005318175626382,0.3621079459396953,0.6636040449584806,0.607235980849099,3
0.8748513307291262,0.3214995832689857,0.6763507860556636,0.0423602236945154,0.869148490607278,-0.004284015890430228,0.84554503782447,0.670846793585706,0.21528921612741694,0.777647997090828,2
0.9605572956232924,0.9550327366736883,0.14014633836321902,0.8035167995704054,0.5034404331153831,0.3757074646733567,0.9569625490269056,0.011163486826989342,0.32615218618219943,0.36186949568542354,2
0.09449616036053127,0.13777501729648378,0.5646475362088035,0.5321386489066084,0.8598516943075952,0.3602060421167158,0.5257395962424356,0.7269779399950161,0.36787212849222023,0.18420526742552945,3
-0.06873346346724155,0.6284482921108555,0.16270021787907765,0.30121614734198277,0.9698762007385391,0.41380641172796545,0.4543007372335409,0.497378121905524,0.14199872226885973,0.44819948594610903,0
0.7913535427597915,0.8146435594275069,0.8105673227253708,0.7482823643805696,0.8939662163268025,0.28711492792506665,0.3570102529140503,0.7835528567487187,0.28707610659858995,0.6221073809083794,2
-0.13143650379279445,0.2409226134765196,0.5741012513798202,0.22291508619615436,0.9116257456692309,0.5315480622780444,-0.026296054831757176,0.765315278339604,0.9848781474236693,0.8463759193169315,3
0.983241541237705,0.7902894796071769,0.8149449931023817,0.6256312381801448,0.08212603770244138,0.4846102984528189,0.10201334453339807,0.6998889885152465,0.026357194626110306,0.4620972689735731,0
0.4803645929446872,0.7817408808766102,0.8729191118458415,0.317137133012551,0.9251594143986817,0.865968753822917,0.3737270340240866,0.5161624696840835,0.5757461173395277,0.6267552428836483,2
1.3192627071589773,0.24687982168712946,0.7963757549248798,0.11125121141045052,0.0633238241318124,0.613593118786905,0.48328800809679634,-0.1539068109747199,0.9416602811888317,1.1343113593261982,1
0.36718091562584726,0.10361655046763757,0.43662721210044947,0.3412298377245344,0.4613202712707239,0.48966453638345336,1.1287076833840106,1.2017866012317047,0.44971319327658865,0.19130703085224188,2
-0.007820510492457439,0.9526959294156735,0.2517358665015188,0.7402406063070446,0.8278065257988124,0.1971806735917547,0.1985734903730181,0.5956583973413689,0.34008532340150643,1.043842205960348,1
0.24934115856856323,-0.19523445067413642,0.5184340281038995,0.7555689694367347,0.15368143165048023,0.4899639100024594,0.7248064062737929,1.0155867493777722,0.8494266154101794,0.443764650421197,2
0.8136691808451234,0.6294295053151745,0.8181484582525539,0.3548924523356695,0.6324491877578099,0.9598490723130161,0.33574593259529767,0.15741337722617224,0.2174063747518358,0.8542010017731009,2
1.0738839809239245,0.9609761899256558,-0.1899610494400336,1.2066636336410572,0.4975189469033106,0.5321409525717519,0.14419450349368163,0.6141454955206799,0.24066373845539907,0.4947213895443222,3
-0.023588598777515624,-0.5039667331460204,0.07441574564734149,0.07937057303247197,0.15368310225145576,0.14733083254315077,-0.5578013771952329,-0.022638120444384402,0.6210944109715973,0.39248852063686157,3
0.011780105078615506,0.6135778715465637,0.8125220949370108,0.228467834538793,0.7315941391397706,0.6802395169666441,0.529890165704676,0.0808966338896207,0.7786190159438218,0.01673545880814275,0
0.890729782118951,1.049317752552299,0.665886100199269,0.6531640872111849,0.7531259795805474,0.03840663766879185,0.36466816076375924,0.6235701279727439,0.278636840299566,0.762705414981235,2
0.9537240958962556,0.8063951223098935,0.19179983821195934,0.8316944843571153,0.6711742275849552,0.34383473847815466,0.9397916190026996,0.12680341885353735,0.32942417638854354,0.21126392441216635,2
0.7482903393574214,0.779037846464605,0.7462128410108152,0.7211711524223196,0.8092165217281312,0.366331421201771,0.3635950287874225,0.7339250957547144,0.2716058419658509,0.5839888873444934,2
0.6243204872356751,0.922025997853007,0.7297720933897542,0.7194781738788543,0.34728653201047927,1.0079960034940434,0.20664446475552603,0.12595838479991844,0.4885330447053397,0.1741561772526369,3
0.6947903573412414,0.02394739477519281,0.7672345167060495,0.528627093741062,0.3815572280290567,0.6722581693203308,0.9721617764410655,0.5735497946472453,0.1493488618594972,0.43452047144398465,2
0.9830372931763758,0.9845236632944988,0.650257928579269,0.023700273442292807,0.08122464104007657,0.2282510093136647,0.030314848876978294,0.741610114649325,0.99271505615668,0.6924309167534533,3
1.2146519004776717,0.3745407976146169,1.0943562510332447,0.37861618370062955,0.39002309679540653,0.13409680219994158,0.5907553903422272,0.28287911869913057,0.6345537826965931,0.5254710952865344,1
0.3668450980605558,0.2592124285855633,0.6434064910007236,0.4239962122548161,0.21288129661956548,0.337260015490603,0.7832082763466874,0.8454475930747973,0.09522570839048072,1.078426928085787,2
0.14237049726331014,0.18502539106424926,0.9851295515546781,0.27763054011265964,0.330763908099844,0.39637504024213793,-0.531510558901876,0.7987789359977123,1.207865853075039,0.3715513612131224,3
0.9183894717403632,0.7781958722615084,0.23705286422281777,0.7825716224427028,0.5178119958697972,0.35379394444710865,0.9579767804599527,0.06261024084771658,0.282610847590494,0.28459176518600116,2
0.2873687019758965,0.6680081053575189,0.8515342342199211,0.005665150988023504,0.8367195753079124,0.3911726185067585,0.7359878914302075,0.6237988263356351,0.07515453192431437,0.35961858730534585,1
-0.2881695361875949,0.4663481864670488,0.7678363442760963,1.1315434056547102,0.27068775337960993,0.6472746531626647,0.2075878665610239,0.4973809513479715,0.1729722525297179,1.1876528664306314,2
1.0298074162699824,0.14346345946993322,0.6611172290566785,0.8327764684206672,0.7777884574149704,0.7589148448403438,0.2767255856157648,0.8361868648304391,0.7047004090779917,0.15581287792256426,2
0.7660110810611325,0.6697737900117547,0.40667020714138474,0.6285800540847204,0.14339953603777722,0.18044353438884977,0.5247118580280931,0.060970296387888534,0.3481340321862447,0.847437141990069,1
0.1360740705309257,0.03198157341416505,-0.08830035427112506,0.6933978547548489,0.5170219274755643,0.25661421903134135,1.024148128890809,0.23679073434757658,-0.09659878108051012,0.6118809491932385,0
0.06487998834424172,0.16616304694374384,0.5221166995540277,0.4854762700639886,0.8654500021221966,0.32970998362633086,0.513772225097617,0.7539839942025203,0.3949467322856298,0.17582273609101123,3
1.0139626235641257,0.7590622631890567,0.7533080261370732,0.6081972984213925,0.07586668969504112,0.46647585875354464,0.09115649840115989,0.612772803889825,-0.03283861678690419,0.4690382417382891,0
0.8006455882681679,0.6009749729816085,0.7737979464898694,0.39911703275914145,0.6530700329215893,0.9573562987683595,0.31655271776626676,0.1822577948170909,0.19701999880041263,0.8443216799550781,2
0.408860937649659,0.7948962637506002,0.026030573682936153,0.3215708360937455,0.6593252923145831,0.16368751552444535,0.8621056060518735,0.3599172617555043,0.6514113164715007,0.6259877078847678,3
0.7505070371293788,0.06547052179972637,0.7713608772899623,0.21006001529919718,0.1161257122715047,0.9324961388746162,0.17350693145097057,0.511707944657567,0.18473475680297768,0.869541124748464,3
-0.5279017936426295,0.5581058149686235,-0.3596452456529458,-0.2772579444815245,1.202133448842653,-0.8069768892442708,-0.28556286433328304,1.2258204818943002,1.3812643862333833,0.7788865116222043,3
0.915261749083549,0.05351093261229452,0.23843384205611426,0.4407307344728055,0.2084786703614099,0.1565346062875811,0.05059969012947497,0.012628620698585672,0.2807702507613653,0.8405178084477599,3
0.2683329051333023,0.6966386890987029,-0.03316841237899543,0.42402892008838644,0.7193512902852086,0.18832421411309744,0.43761097755905487,0.5857408882930167,0.3558337350046673,0.3059984956370851,0
0.913509648859347,1.0521435038945952,0.6329323400940198,0.6461740122897132,0.6596839325792873,0.20289320751143414,0.3880840260765748,0.05916066692450559,0.9733281194700993,-0.06042293940951275,2
0.48198155522566977,0.18622282061789436,0.9887305804761373,0.4078792290254022,0.6778464983366124,0.27968331991669143,0.34355495332845587,0.42730478911127323,0.7624898925689432,0.569825861080124,3
0.5064558957112684,0.8232555220326998,0.8772579313654029,0.4811005477976912,0.7673235655767582,0.8219508048942347,0.5375122946948325,0.3594187958928609,0.7367720795463264,0.4632733556806592,2
0.6055409981490676,0.5544970049218026,0.30044230683076745,0.28576684691108933,0.8235766977826104,0.3412700757441867,0.36774100744144034,0.07154956713740479,0.23234902000458726,0.20371652263944443,2
0.9282705600767932,0.24759196597528021,0.5214811894941889,0.7926194682149444,0.6487795953468585,0.6515424068219688,0.08491068611490651,0.9482196383238353,0.6662295062611252,0.25490223253838323,2
0.6001984375343001,0.39363688030865057,0.8583449286949589,0.669489758004797,0.1692174262014745,0.17155492864659047,0.4446483584703934,0.5876009271313267,-0.16668796225517107,0.6542179267232466,1
0.8111517213467621,0.8378502901400398,0.7653700860732328,0.786243199145333,0.9222055955905594,0.26571827734496584,0.3769169298191428,0.7855589167202855,0.33789304285375515,0.6102207522290898,2
0.37929533123829406,0.29848284701421524,0.6395434496738741,0.9136287905669769,0.6762674894464225,1.0878633602908672,-0.35809429277217086,0.7501030010073506,0.44879550493066656,0.5913753710827852,2
0.9721692043742172,0.9996325406685911,0.6463262373156425,0.004152523396499557,0.0910973072812629,0.21074053419435343,0.02405804945479781,0.7508388031739348,0.9798195526707655,0.700417716855689,3
0.3341100984929982,0.10873905283611338,0.33244190924441924,0.7485124041430233,0.42017836836081773,0.3329629178976783,0.6055334411327459,0.5685965572988182,0.30474525589369644,0.6839552588820855,0
1.3851927799423944,0.7119121673604942,0.278210046316118,0.8914990696432044,0.12989050157089752,-0.2284098276989296,0.36048757398908915,0.010593864687447607,0.9342382547974699,0.5488560602007736,1
0.9191356431555796,0.17018507211153328,0.9397864816450034,0.2934825390581218,0.430989417279505,0.3809260129537581,0.4597399168971108,0.5491138865288346,0.49119779141912046,0.41833311367321774,1
0.4842156306400751,0.1721018564861005,0.25455338774921976,0.655295855006109,0.6435574917677588,0.41979249845316496,0.5778567760451863,0.1948908856262259,0.10198094170179632,0.7169410901825469,0
0.15904616682138453,1.0895863183004602,0.2525776965016914,0.7687121025512098,1.149151753013677,0.25433815526924497,0.21183043713124022,0.8951628741584735,0.2691792699040331,0.8309761627428593,1
0.6900839270649202,0.041816454543124965,0.07138653602804206,0.8763975956212736,0.9726602927362938,0.08407307454051556,0.03491513285421583,0.6121253196560016,0.6619180677964842,0.4649961750925057,3
0.6115132581084498,0.5917323014235131,0.3912689796341382,0.8494543707672257,0.2598975097406233,0.3856262453266264,0.6791143409557472,0.24343810140976607,0.5065233804516917,0.3527511359188983,3
0.6913485275540392,0.13525881677965362,0.8374964999612652,0.0776107191698503,0.11825787797146455,0.80160992453962,0.05902943911967265,0.5130235610086473,0.3162792004831446,0.7635442318650758,3
0.012381366337008771,0.6125552626654917,0.8129623061099287,0.22696795004418555,0.7279679024249965,0.6770342632958891,0.5292872078963957,0.0799848382245565,0.7799253599820357,0.020290540598292186,0
0.7250797819750122,0.02608342133658824,0.7820579116297037,0.20865557885001845,0.06061868747162019,0.9480536390469397,0.23146322593301405,0.5132943902038654,0.21216788024123662,0.8983413081246379,3
-0.009580939461613286,0.7327558429374217,0.4697339195149649,0.8587735011563621,0.8626361385031958,0.1731811171933334,0.00541531681409127,0.5899295874581195,0.272949894368903,0.918067685743074,1
0.708825714013346,0.2884670327330565,0.8811514520772927,0.40406998919903303,0.663260758030466,0.33584896814480236,0.31204607814890606,0.013166045480652738,0.5405050387254694,0.7507286978827925,3
0.8261776525505573,-0.04621394777599215,0.6051765023335229,-0.04151099723410945,0.6210826587013809,0.23444324428604357,0.6327000787898326,0.11499473832813079,0.6115349815679362,0.4696800817593541,2
0.6482543292392586,0.021587982227570413,0.49450555320721945,0.09159154298206944,0.7531419177528026,0.27820823743096496,0.6508902163357461,0.19476294016653872,0.5555076289845731,0.3513166332915237,2
1.0059239433992604,0.156780361966266,0.9750505620933166,0.3581980190396117,0.40580789744081497,0.42996060813145565,0.386461386769203,0.5630376493196583,0.48333904420184154,0.30708184798779303,1
1.0359782613318032,0.9403752153570135,0.6627524022333348,0.030519214712000996,0.11849829697019028,0.19462104418684803,-0.032318877997223425,0.7088973246990501,0.9884881960790597,0.718205295701795,3
0.08750084063772563,0.6817493316793544,0.34489485011322035,0.23254191637777874,1.1397412483649956,0.6392120427236082,0.08665746286912673,0.16189058360800673,0.4101706538722351,0.11670061078284577,0
-0.06865812323826279,0.6189432487334745,0.10063582620630981,0.40438860507736,0.9887842990536586,0.5456471687173591,0.3732693755455943,0.29186410845270994,0.3259979008157254,0.5424667997217582,0
1.023831796212316,-0.15743552728239693,0.1288651085407886,0.49257114956593845,0.2797666570158044,-0.012151830402820585,0.2069194463844845,0.04255072243534574,0.042980991897060866,0.7591975523563332,3
-0.22308509721855813,0.5012533702233284,0.6607208811894446,0.7619577357114136,0.5190848079954467,0.7595579675197554,0.24549426898036544,0.6835181045857079,0.4637769005185959,0.8642204288489852,0
0.21077213098793254,0.4823074943046224,0.8964604893413092,0.7984373583233596,-0.08481546745305132,0.07801039627424164,0.8048367687179685,0.6413806993350379,0.2816218110203489,0.7021622391253555,2
0.3526651722600156,0.5194896113704196,0.35199851687949824,0.2758877096544115,0.0069630903504755565,0.5097806512206615,0.20375511280919698,0.9581911509981842,0.08921156651167109,0.3279350845947201,2
0.38952056497244647,0.08659002117638975,0.626905260206646,0.46182664172706706,0.15298323131764724,-0.058335604145483444,0.7118772761569411,0.5511224893954609,0.04286602292033048,0.9401914341093596,2
0.9697445355864116,0.8321854207724192,0.8828715706324028,0.6333594028498467,0.0438610434837681,0.4885868567493676,0.04699895609485559,0.7453539749001935,0.008250520540923095,0.4279732072762844,0
0.5674282622863027,1.1939611363312999,0.03853724507486875,0.1824936868532464,0.6251288451765817,0.5585599432979622,0.05350773120286889,-0.432431028253753,0.5988538047131153,0.6477050603962696,3
0.21992596348381072,0.6356314105824102,0.814934739895948,0.008184347222322051,0.8245574203258939,0.3763926965617544,0.6864531551912523,0.5840957688689147,0.10936678734514658,0.31286293425701966,1
0.9719596252926574,1.0086904837058592,0.6457217816744651,0.010426255941941472,0.09048461487558851,0.21245040866242526,0.037404938534552096,0.753441704706799,0.9734541011809521,0.7035213024686302,3
0.7951440988946372,1.0846729817059368,0.4071569533476647,0.08685482037379522,0.5917599791906155,0.936920813288055,0.369185825477342,0.252328812597173,0.6702366230203636,0.34970717003114044,3
0.016454048730467793,0.6120879932079974,0.8161124618568752,0.22989562229420968,0.7304341278055709,0.6782385763138106,0.5276823124510497,0.08295738151826067,0.7774873194829863,0.016927841145057465,0
0.885899103551345,0.918916850196536,0.10660670806422866,0.7393001313729484,0.5741815836981448,0.3202234868460656,0.8556825735288598,-0.0011045436757416115,0.3225883735404786,0.27872361865495043,2
1.0968960283687499,0.5240253285799142,0.14299546691067988,0.41070841602395974,0.05544959453677857,-0.12274504018956311,1.1300902923490068,0.21889704496325546,0.028796986787333945,0.25954132883729053,1
0.8061792136480713,0.5741419079097969,0.7658130235491865,0.3849233484051001,0.623383781708647,0.9502217748343947,0.3015956190722465,0.17076197759884384,0.1805338786632393,0.8571371759165018,2
0.5837123760210097,0.4239148882859518,0.4921131573266834,1.0568385213940055,0.6543596935907032,1.2099639457940565,0.1380820540432859,0.9800616520445542,0.2620319231141716,0.6392250570203613,2
0.7957301494986211,0.02608318536468167,0.9423040300136722,0.2724618662567468,0.4274853612361447,0.3112277189971807,0.46666506414022935,0.6327417613585419,0.2747053105426195,0.38640835733243384,1
0.7711556894146914,1.431250946785774,0.6136431956122317,0.7743736753189363,0.3839388888764064,0.5418534506971528,0.598196476490548,0.08747246271167555,1.236993752046527,-0.13121917303886027,2
0.9869499037457281,1.0008697124061732,0.6555189072291203,0.01807831302940322,0.08281536261715515,0.21439438964805982,0.034945790963804554,0.7500378715627545,0.9952482005399824,0.6827100118616213,3
0.8856356931751366,0.7974681049774367,0.7727521240729343,0.8169241202137032,0.9817621914375718,0.202565898669946,0.3831828880528806,0.8396986485215738,0.2516499389075035,0.6207401806261506,2
0.5677993575241694,0.45844839707820106,0.22527773044593938,0.7720909328131244,0.1478470045143127,0.17251632133822223,0.7178526789076215,0.27588324590187047,0.7345815559817209,0.3533471832765094,3
0.8284200392080848,0.2995334537053117,0.5064638644436071,1.0817995714493562,0.6780394572994091,0.8371704108033973,0.2643488247542038,0.8092067713910299,0.8243754226810697,0.13427877170534264,2
0.8129509765695703,0.8426661514665522,0.7808703986402156,0.8070706781957128,0.9289585858896003,0.27896910334183334,0.34793020522417295,0.7896551989028316,0.311228151706785,0.6015162016999173,2
0.6646798151641206,0.23770659349288287,0.9451873506871518,0.3313796739963886,0.6804508030761494,0.41641934743372394,0.342997167251087,0.009580307323128957,0.5641096244911837,0.8193833195992963,3
0.9683388673616108,0.19510826532047248,1.0056733495809143,0.21898728181572222,0.5090848344614177,0.3380350132067408,0.4344896693194851,0.49558392878897695,0.35986421279290476,0.32924164359439934,1
0.9530399728771004,0.8879480345205643,0.7965128087586775,0.9102472291263297,0.8777179641078608,0.09590290419707997,0.6247096393947187,0.2781594416552509,1.0161340956595861,-0.2598386677165401,2
1.1540569562486467,0.28838886238940764,0.4916066887704947,0.7013737298895101,0.4901187179964739,0.6680303192539885,0.4088842112423621,0.9085203761237052,0.5041745451205633,0.3815526618654975,2
0.05810911501847337,0.6682150687904402,0.036716895537114075,0.25231514521580617,0.8391194311660751,0.40534492990931204,0.35555333702729824,0.3627112112902261,0.15313877407485363,0.4098273038885241,0
0.7688297645889388,0.24311253547460634,0.05686505019176835,0.426359286351347,0.35178883756709617,0.49815402321747887,0.6518410634047118,0.3388796322605539,0.26357007737958726,0.19279999998897265,0
0.4844142256267371,0.6581730307957343,0.2928125789198781,0.776689614497692,-0.19025539451217893,0.37294994206781673,0.8721114877326053,0.6086568763043988,0.5253289369574512,0.12617187119022072,3
0.011362524244161199,0.6128122229142052,0.8130575559936967,0.22691450253297127,0.7294163294731587,0.6791797597901387,0.5298290122803511,0.08331360450527743,0.7781546712328936,0.019877711982714687,0
0.7813063465669202,0.05667824690072796,0.7860219446965909,0.22450769862387868,0.007352682726504203,0.9851306077617451,0.15365950965759545,0.4904574380162734,0.11337649110382807,0.931974836390604,3
0.8715208336380746,0.2449657225531802,0.8271918464021334,0.05267259800247831,0.9697803574527247,0.0702607776485432,0.8594737889000499,0.6842615202378408,0.2817215130076666,0.8217808077591692,2
0.8323104774951182,0.8051558605683085,0.747175501457958,0.8095672821603299,0.9281851496013013,0.24341590543973735,0.37852987428018203,0.7916544269694538,0.29863762850258524,0.6043232951330486,2
-0.025209811557000722,0.16479749623552542,0.3159203467365491,0.28760034413691205,0.12314297233101157,0.5409398251490086,0.8714939370193643,0.8796038228085479,0.7832276049215365,0.3974209324617186,2
0.7809151113016278,0.5414980668497091,1.0116416067732323,0.8931056864798705,1.033831558107364,0.12766875767405592,0.9897172294974049,0.5934689329995719,0.5271595879197927,0.3053845075163471,1
0.37458490249104204,0.8274498687228279,0.05159167026444478,0.3674579679956674,0.6594202671980228,0.13949436310730592,0.9053835836928208,0.3804283974379599,0.744042405725443,0.6146975450969127,3
0.7569066774869926,0.2243603731570163,0.8142939194626396,1.188332872437437,0.5260606487337032,0.6677065334108299,0.38426298384830904,0.8602697025000516,0.8955172922544523,0.4083269197479647,2
0.09180567325854254,0.08263065895639679,0.5161787803519704,0.48845997165186517,0.3314059011598482,0.4970156933686812,1.0101914350656604,0.8534158337453556,0.6972542491273948,0.39333980368019783,2
0.7814407474039632,0.18209687621655907,0.7337176543007021,0.137557340216032,-0.04363558310962143,1.2889789051170784,-0.06374061418636617,0.6016344302719444,0.08408157788197923,0.9106173277617424,3
0.426646605548329,0.8336871735890202,1.4755705164689557,0.4437335118891008,0.33353498692839456,0.796821773492668,0.4817392840782343,0.19493049443066673,0.1953055804641823,0.4034417814114792,1
0.6037315711606059,0.5569106447721719,0.3010399229008808,0.282803150515893,0.821762161892389,0.34469523317211126,0.36364227692553147,0.071692871696551,0.232480670902805,0.20210913072089343,2
0.7967350468393093,0.5870702417523109,0.765155712356975,0.3623039953215395,0.6294982975424832,0.935428689775486,0.2921766126003135,0.14537162035952705,0.1930780126990875,0.845160323677663,2
0.8214911178160105,0.7213000095200217,0.7190129628995012,0.08543838269773904,-0.1402668402154963,0.8668756326360596,0.5166681502163892,0.4283927192451226,0.47674218946287233,0.24927246736786168,1
-0.02227310242194873,0.10001777432138599,0.36489523793179446,0.3990156844455751,0.34732145428832467,0.4289226319195118,1.1234322102252576,0.8256202871479262,0.5923858476992252,0.3882808132122517,2
1.0711129572989533,0.6262181135840891,0.679168725048184,0.2038169470675089,-0.06517199400580526,0.8650335974199402,0.41229777326432004,0.09318956480124617,0.6994621704070058,1.1392185955228236,1
0.6503805811453482,0.5232052837808784,0.6230134872515217,0.6984569259552029,0.038237305487205234,0.4867834785131019,0.7257960459094023,0.5601890617146863,0.5340732224029049,0.08110692712735158,0
0.014802253283309516,0.15231255855644632,0.45189481627708183,0.46821882633727696,0.8995306965752258,0.34634735143256834,0.44976301074997077,0.700603139068426,0.36086305117380135,0.1382263066913381,3
0.42823823634897434,0.624208717275981,0.7560605997189481,0.5061451993052719,0.8101978741766993,0.5054443633357738,0.8864111319932164,0.2971725890689078,0.017837268638183613,0.8972050249553855,1
0.817936164206049,0.5691937751525372,0.8032026413416306,0.40025206318973283,0.6594186204192494,0.9129817376809519,0.2716970092985618,0.1539054381322354,0.1942396483353016,0.8512607154742199,2
0.03433095999867557,0.6448074686887869,0.08141347260197407,0.2791085151071751,0.8362819352592606,0.35692743855412645,0.3871311743654438,0.35967871458121436,0.164030331271886,0.4108453875121838,0
0.12674116706042368,0.9854114090530376,0.6914633238730563,0.5972394616171972,0.8479751525957098,0.1732491124479656,0.942341045940857,0.35456856380771995,0.6891475147552797,0.7462497331925635,1
0.1975013188375249,0.6339230093566739,0.7829452308916711,0.03492373003583912,0.8446789155433206,0.3521315304079254,0.6722192568024171,0.5552695722992973,0.0991393666179156,0.29774320000191296,1
-0.02496986823303854,0.8683083552643381,0.2768983010783499,0.8521041680350192,0.8679489880166256,0.04064871882201569,0.0009325698260652451,0.7799593394135669,0.09963662627848911,1.0576450776196933,1
-0.12639936271454996,0.3311078736025703,0.45743076552048145,0.3003432294737859,0.6777361162071062,0.0006707145973281525,1.0467434196240302,0.5610560573816185,0.3560024233957747,0.543600989950974,3
0.8623407036053082,0.7194829214341774,0.4371900376240379,0.7271367404860574,0.07105778134128894,-0.0010202749309922918,0.5613017902626098,0.263162305550899,0.3758791967238941,0.791585921767198,1
0.3605373353989452,0.6941386548742252,1.059641778100595,1.1398630871674484,-0.16366668114941207,-0.16393493889528288,0.6807450064967524,0.3608571583549913,0.6543456933741937,1.2001915095479379,2
0.08143697632862597,0.3379856322699393,0.37805271875787894,0.9931999830068936,0.47572085996861146,0.753021083189477,0.4421453362138397,0.7142112188786731,0.5728761550720612,0.6216425058758932,0
0.7910599911962457,0.1741960460172917,0.27908982154111023,0.26468204483883184,0.8089893986147312,0.9020496222966157,0.7132278952118964,0.5164294657947361,0.7615230554069023,0.0610939918852078,2
0.17203697913986818,1.050613421330179,0.41438966379062225,0.44369103593728376,1.343499065140451,0.45504074392380994,0.010216374361360081,0.7213377575537392,0.5252930069826789,0.06540086119703697,0
0.7427269617211063,0.5257522257219377,0.7318016428836122,0.6758331102229967,0.826946620138909,0.17969716303368996,0.8490061320453692,0.3030141489165244,0.351727360344225,0.17024701107390972,1
0.7630055026721501,0.5679049067366619,0.7157495950143742,0.4173668937605468,0.6992725234134785,0.9368625868088003,0.2701629274357757,0.17424686555791624,0.23858079470583124,0.8237844844114064,2
1.0425756219017317,-0.05749639923368194,0.3289405428857714,0.7296697684722487,0.7585693728586035,0.947362861480899,0.082480536199111,0.9877934204004231,0.4893153211251028,0.2096647661853825,2
0.9071191510551966,0.9296417742474944,0.10354044098131056,0.8190484280311862,0.5519454916006783,0.30711597003188207,0.9627920082715358,0.026781760329644945,0.33091595168919297,0.2628514908926626,2
0.9552169391788221,0.018801971721906452,-0.06683172100936041,0.5810701419373349,0.2950826763391388,0.10268375316618605,1.3040116976124547,0.8196740827291119,0.832562692337893,0.23818731309956148,3
0.6072564987387736,0.5548364443452459,0.2973176200840884,0.28596124795576877,0.8230265247344088,0.34430635996009384,0.3671027416383234,0.07048945787533681,0.23775096280381616,0.2053180270349094,2
0.6645248203066985,0.28223495771583,0.8728827894077046,0.38535317157120746,0.6663977524749533,0.419801266029952,0.3733156883520106,0.030093043648715706,0.5251710669330877,0.8325090189488115,3
0.8217603728487504,0.596286483480942,0.781885277083443,0.3631584591203994,0.6566199897529869,0.9448975148416354,0.3051853557339307,0.1586667295715423,0.18237137273443965,0.8563345053331258,2
0.5547586905042463,0.18214422566232244,1.0289608565401105,0.3563903050927407,0.738685155736794,0.20137533148836378,0.3491124805048942,0.3125022792317317,0.7082914561526507,0.6709362165392792,3
0.81497194771099,0.13677610000017335,1.0889663596132952,0.39771965321923375,0.291465863466691,0.24003143517088457,0.4350852389740185,0.6828412246491969,0.6288328679152873,0.4892681004876975,1
0.6337087457496999,-0.010193763590896882,0.6729139665517108,0.04726166977628911,0.7049694219616592,0.17494136165594898,0.7088733825194948,0.11744037072955728,0.7013423070311883,0.18055091910692184,2
-0.19927938340891393,0.8916209074620103,-0.01610621005982016,1.0401555812647776,0.7812121394720232,-0.03336099458651974,0.25744640892472376,0.7903863331834722,0.17468314536735788,0.7211454330225848,1
-0.12627456025236583,1.0168424578432844,0.9458268894293872,0.4857901022277664,-0.019135170285335346,0.2208348534691008,0.8920102090822004,1.3165530312717197,1.0079632342483014,0.643600633893914,2
0.5050192368796098,0.3768091717122415,0.3924876982693535,0.7711294573877419,0.4091935605865107,0.7792536400591458,0.7117076238882885,0.5493374078122497,0.5402109720616328,0.5769905506198505,2
0.011881245925004483,0.6138809806343107,0.8130282902498276,0.22579816933757166,0.7284573674657349,0.6809792882599349,0.5323363297518274,0.08088696034313488,0.7773092951571768,0.01792339837338303,0
0.6547516958898719,0.2345418175802484,0.929786206230225,0.3201825825631121,0.7459435205947957,0.31854949787945397,0.3338152125365112,0.027993311051722772,0.5073594156405103,0.8317542696583742,3
0.8977502296517401,0.16984847287663296,0.8930278157652313,0.2685256655963175,0.3548347865047259,0.44164671267889977,0.42856397745552954,0.5608516332492267,0.37160612523358605,0.4211322182528355,1
0.3849659112252737,0.39899040180929257,0.4324189804797402,0.6694132395135208,0.34508150813915056,0.7778211205742572,0.8781532448928793,0.550902571546499,0.4413173686281468,0.8503055417995037,2
0.9841730899132037,1.0307974230613957,0.6272553028750708,0.012826634263571366,0.07143607136615909,0.21061203196611306,0.05838619602455379,0.7850539021408003,1.0012989755749233,0.6899254970958457,3
0.013890741076909704,0.6156320681487835,0.8161573104636977,0.22955790783844726,0.7310681931394933,0.678697097099943,0.5326882648163831,0.0792937259999494,0.7756660565418086,0.020907530315005803,0
0.8620623849266091,1.4341549378555685,0.9734477284378183,0.6587460089359097,0.4137104914342626,0.8921609833571192,0.2633154802054176,0.6500341614928975,0.4500147162584506,-0.27657872906589875,3
0.7115480928811484,0.11458321457122997,0.7341356059389907,0.24583167494966018,0.13705568813244673,1.0217408637349432,0.17387188200064033,0.5062354066498195,0.2464874708762283,0.8034378965353899,3
1.6124136091987307,0.4862559347501331,-0.017107005350844195,1.5408824414006612,0.21601382255188561,0.8569646869817639,0.9098131825460727,0.3442537529645623,0.9792507460951015,0.439976369619534,2
0.4092403229581764,0.8108742198122603,0.06157935288592932,0.2947055110762303,0.6546750087069314,0.131594334629658,0.893862988579388,0.3705011455691663,0.6724041597638905,0.5904119496635069,3
0.4573702718983545,-0.14153644217538272,-0.19940972653446853,1.3646593544326682,-0.28439063047252355,-0.1807465914670482,1.6880783699850042,-0.04442911829979723,1.3740447244246008,0.37256950929043425,2
1.0444377475108477,0.10414752674217072,0.8441999362335448,0.3868516598496833,0.4649866472756447,0.3202903588959668,0.556528966162228,0.4611937422353519,0.6486864242509623,0.34004316736149753,1
0.39756792994214246,0.5870062925203965,0.16259650270736886,0.6993508973225513,0.20867689909074177,0.41656277085688415,0.7168086160063835,0.4677333168635993,0.7108287791162671,0.2970698897502451,3
0.6045000615204029,0.156158592285496,0.39716964586980796,-0.035882946989799075,0.23812883348045266,0.1780108294593184,0.5685893037129134,0.006001563867415087,0.6520108555157182,0.30915202029409217,0
0.2629319035215055,0.4043876571498859,0.9265332569665824,0.7222784767645772,0.013250446807938071,0.1864699587065293,0.7963713505929186,0.6020191222047915,0.39759842501314135,0.8181971572190044,2
0.7956548333899164,0.7806031823092411,0.6994382625976941,0.7750744948053105,0.9500785487317355,0.19924555706468255,0.3338191907490917,0.7446176917543021,0.2671573819189158,0.5599445346403551,2
0.8677992843895187,0.06121930311789313,0.971215885396033,0.3342252886120226,0.44578417705577966,0.36276176092448803,0.5008584371021687,0.6397494359332221,0.3770594049415734,0.4449095245691679,1
0.3496438088678792,0.29204280046983333,0.06805579714001447,0.15947544950017745,0.3330641624282171,-0.15997813321634152,0.6383478813904417,0.18722899876666618,0.7701849697395122,0.4163205627815239,0
0.4625695410937348,0.8558821642208176,0.8843301770199011,0.5247350866796846,0.7356896018438451,0.8585281888240222,0.529729261577637,0.37333530051751407,0.7732945699297709,0.44694616481425287,2
-0.2522632333361761,0.613880383443804,-0.00036379727474838974,0.849397543549667,0.11841686545899793,0.44618979405917203,0.776365708229212,0.39621681153572047,0.5541446961835289,0.5184096032905632,0
0.12032823425119024,0.39462569043443835,0.9565964984662505,0.938306799723654,0.01675081311078411,0.36820828246588155,0.6413968367974443,0.4761575566622268,0.20150609385659277,0.7629591485445699,2
1.1578835255236835,0.5191072394710843,0.8430233452144299,0.44062208520462415,0.09006722553897092,0.7902310039998992,0.5684127006248778,0.14601014422313238,0.5555234920354382,0.9432828150961019,1
0.05261465525826217,0.15229392813448764,0.5182908846341319,0.4763623646813559,0.8981327399330938,0.37472989656539524,0.5596588235426162,0.7670435288468219,0.38392851030567526,0.16572715113169015,3
0.8018812674015051,0.5840430874503056,0.7777274854992884,0.3769729623198174,0.6405897893215581,0.9333696929828735,0.29089258759387615,0.15664485901756947,0.19696446594058334,0.8584960532195268,2
0.20717393649588461,0.8308437073375037,0.5524119043319234,0.3560477091045842,0.15818248737332977,0.7064059022348408,0.6172044660814351,0.5096665445271106,0.5093214870850545,0.4849416531749611,3
0.011894014565684227,0.6136161587505079,0.8140424262192087,0.22632655447744635,0.7305211844243189,0.6784984486377155,0.5309060144035479,0.08269491771220813,0.7780181896497451,0.018737901255113425,0
0.010541637423716577,0.612097750259737,0.8130247730634561,0.22299349743707383,0.7267177411361371,0.6803820070506369,0.5273129902595156,0.08509217195615669,0.7751037123949497,0.022705858641669012,0
0.6635954914414022,0.502081077235673,0.6017435364370268,0.6791462600436051,0.05750842320916477,0.5177896082067507,0.7462362501595451,0.5386761051637542,0.553423147043187,0.08488126246412639,0
0.6891174123707808,-0.11066895802547261,0.15314128714730926,0.7332844860377125,0.8441162116828822,0.3292541670960546,0.07157950879441133,0.68901685464046,0.49145150323908304,0.5529979682522221,3
0.8906386946531966,0.8314838073303707,0.8249369368537584,0.8053726206946431,0.9452260335443514,0.24763489606899303,0.22735806070060285,0.7343788365413974,0.40083838107445546,0.7139273717421006,2
1.6922221334643692,0.34266897424259424,0.32246681125592047,0.46166202647424937,0.4044216231706479,-0.3364124980906087,0.7227613707211553,0.5334411164449524,0.590264779446423,0.9746236010675822,1
0.844188137061789,0.8072384805687627,0.8182888632625329,0.8138170580623211,0.8531894912751892,0.2042840762358734,0.3345940700319449,0.7575106523372016,0.24908345990002315,0.578948980949329,2
0.49585364817665273,0.22265908406051854,0.15477398513286694,0.3564794525527596,0.5696381446251676,0.33747749691856815,0.4352961442946129,0.1365005439056033,0.6671751102409584,0.9757724995569258,1
0.7879833485614047,0.5729780946171077,0.7743322206173359,0.3624807519474333,0.636385575425047,0.9236940102049268,0.26794896298354914,0.1694386952761724,0.20141256334788302,0.8746235716798034,2
1.1835477846766622,1.2910796681584888,0.4626821369083,0.46746778139802564,0.5081295929719347,0.6598267535237009,0.12921445809718124,0.10467633922406443,0.9502867184184967,0.3547689453437681,3
0.09060459837622822,0.8813201933787982,0.2419370633852572,0.8446625657900149,0.7232440345206979,0.1073589152154568,0.05501239461675654,0.7387549173947072,0.16484937024161686,0.9643776584096715,1
0.7163735031547818,0.5759211413301205,0.4184308051945303,0.966253208717337,1.4243163658248277,-0.2337732876837778,0.2595485466757582,0.1222957547540855,0.47461717205092757,0.3834688657512563,3
0.57688904588896,0.13512162679907835,0.6419766203337657,0.14058604069854563,0.779635759263139,0.2958645981888942,0.42209164890232376,0.27385843316861236,0.6799969732444991,0.33122952129016514,2
0.6074047044571482,0.5548417073819788,0.29882452728675357,0.28332759058281215,0.8253480042497918,0.34233394507578585,0.3647645457741887,0.07206315157055056,0.23027063565190448,0.20443302351544054,2
0.7215076693475215,0.9934355025342537,0.8123953842614274,0.6500830299798676,0.31269755401478566,0.8789897337586697,0.23192545080681734,0.20022490835539747,0.5693311014493664,0.08967703565522378,3
0.8013880051971342,0.5808727994613758,0.7775941544355333,0.37815529111602164,0.6402522993548714,0.9367859619639876,0.2939434834774937,0.15757956944863044,0.19822200002024093,0.8626842417403741,2
0.9260000158094127,0.20689810592058,0.17742783474238716,0.6495453555319839,0.054664315904325106,0.1776088996729142,-0.0015733380838358069,0.05783991905277954,0.44069497738476004,0.816932634465402,3
0.2117031124156783,0.1261094909918781,0.626036121596557,0.6490862190431091,0.5371137553868514,0.48631577977375345,0.9569351753239206,1.0350254027945045,0.6786481498770228,0.4455669409870644,2
-0.026666811140327706,0.5984094115068541,0.08963374456139028,0.18663323450183084,0.9301653496201591,0.4573072303033298,0.26785034544506586,0.368166559580824,0.15209036758757832,0.3646144772637563,0
0.7908481547196731,0.5743645376024441,0.7766026392647549,0.38169371192265683,0.6309498768821037,0.9207490117815721,0.30316191794986985,0.15363432004779845,0.1924985146907215,0.856078310374962,2
0.22126776849668245,-0.0865715685841098,0.25239704697786924,-0.2599155628986852,0.15654723276901691,0.21225521788463858,0.19235130813572193,0.09003617179527375,0.22025536366098192,-0.034432674123255735,0
0.9138142289193412,1.171848014939253,0.5582317512106283,0.7692047744125426,0.7927293610843912,0.40643245831364866,0.4654702065293091,0.1792788269113143,0.9530023491133162,-0.15642279070626702,2
0.4013265882389897,-0.04326903411286859,0.42252375623761834,0.805790644547433,0.5217973599241387,0.8300474061193486,0.13291696785258383,0.31800030889259234,0.8602734756659556,0.7377689468642772,0
-0.26447446506101024,1.0333543991105736,-0.07986222062000803,0.36191977704308204,-0.11356168711369863,-0.4560650403275976,0.8676609189087248,1.3336040606083226,0.5806364989115285,0.1948964510334621,3
0.05599056093956868,0.15365684398197757,0.525219628798002,0.4965719685443642,0.8780989462118307,0.33756266162545095,0.5110446821489032,0.7383143530209333,0.40089226568570147,0.15761875726088376,3
0.2112925834189226,0.7391374665806476,0.8713020797798747,0.017370923537561932,0.8110874059809001,0.3079611809144578,0.6461591774756916,0.49326154231124575,0.15849590251803325,0.29408024427356355,1
0.5116433896569895,0.45803638703913985,0.5763170731464036,0.21796310595266485,0.31471539298042317,0.2808211226639968,0.47707913523335593,-0.015520890196520507,0.8053598195450531,0.27006586341624617,0
-0.25276708138562975,-0.8157409447701316,1.327823503953606,0.5998978821398062,0.38529998349423544,0.9776663699413286,1.3399608963920269,1.4946294968240044,1.2608813377596744,0.6906750621359987,2
0.43705068917711704,0.8170933931603683,0.10341290186943206,0.3064012681217889,0.6763332909623461,0.2102187227118467,0.8645821348942326,0.38843906037562115,0.6764321127054452,0.6574036352676642,3
0.9146627302419618,0.4825853828010484,0.420252478706276,0.9048407569085053,0.01756867850532781,0.12666779189354976,0.65111303962413,0.044237778822627694,0.4541678448332228,0.5647821574721578,1
0.617671349548983,0.5539938583446552,0.2934181837014114,0.28202916985953885,0.8137692778802145,0.35432000706765104,0.3755860826320639,0.05851262217653962,0.23024606821971025,0.20682563293360573,2
0.6236006957218582,0.04971814948386649,0.6136809240420752,0.1684967679127868,0.7045737814368722,0.34696941976274454,0.4985912180900496,0.19836250601520083,0.5840891914024695,0.3008160955752131,2
-0.008400183462799256,0.2882400390888721,0.5641278925988988,0.8607957397163859,0.23817892747101424,0.5988026473443833,0.5734833760484044,0.44944001775148346,0.29179436338947545,0.8620882460401059,2
0.6860278492302969,0.45422774182536513,0.6249379310855926,0.7146293710114289,-0.1588673234330342,0.3023495293190932,0.07689816322072274,1.0951951418159231,0.3227542494853506,0.26411571055828886,1
0.8108906757137986,0.7937771195143644,0.759092600715952,0.7679683039564392,0.9401063627091751,0.22104449205276144,0.398048753314181,0.747196674443196,0.3133084570289864,0.6099893062476716,2
0.34854551698192926,1.0153713369739754,0.47194414862784445,0.09045313942269184,0.8689887251900174,0.3805089835173436,0.8756637507525007,0.38476756799598005,-0.30348564994700833,0.19161272641083563,1
0.3992447459370235,0.8142714684364815,0.027390089202753525,0.2762554358964654,0.6396243524979405,0.14273430549245986,0.9075055264670302,0.35797954769992973,0.7156050003395672,0.6548576049650631,3
0.3681654756358988,0.31826830626867103,0.4325694043521486,0.6453017223084143,0.3151739723546338,0.7030348997213113,0.730852518195728,0.599556855195017,0.4666026545048429,0.766400138592626,2
0.9220556651396351,0.24670011901702146,-0.032546046272405635,0.6082371840896164,0.7467558744007505,0.004296013340517185,-0.12329951919987045,0.9388459993119488,0.9876856789211904,0.4809349959622624,3
0.5933411820311271,0.7073429934023736,0.8259716906003891,1.0185714675298392,0.33629063213650073,-0.10681450954416966,1.092846295156812,0.8909542543383828,0.20434124553524358,0.6466423941062764,2
0.6586671412470091,0.4971941153870634,0.6012654500260428,0.681489809396175,0.05589431745163504,0.511763067566507,0.7484633253379606,0.5325640183215239,0.5527040946287118,0.08216021719306103,0
1.2185057973937865,0.5890060393531207,0.9055154423008983,0.5706202513556272,0.15941585662460706,1.021983356212346,0.6342063329288106,0.0846300059846578,0.7083044228251916,1.0464867844892114,1
1.1759701005988257,0.2057938179192613,0.1833992277417559,0.5711105634335227,0.05771210314081049,0.3497195570441076,-0.14574470094358966,0.09567573310171176,0.1260136243065448,0.6917815624009732,3
0.9542811015585223,1.0199819347918126,0.23137958379419793,0.8724056826572079,0.5385329085991521,0.3773814055377386,0.7714186295582308,0.05369866907028627,0.18654614933005004,0.3980000406180378,2
0.0032173235605224004,0.48306589990690063,0.5162812462128253,0.9936393848957383,0.5665961821942276,0.9351779993862696,0.56391867488307,0.6567760274953471,0.42523203806006543,0.49406184827594135,0
0.8374248802907535,0.18575539885023085,0.5026176192799099,0.17514712641217015,0.8627322978477481,0.5430907828528758,0.2944081349037333,0.7245250082544858,0.31722770232831254,0.7288564439685308,1
0.38850140303476205,0.07400804313674157,1.0158883557616383,0.5308918508867086,0.7386125230470219,0.27927743802144933,0.3534746526852456,0.5422281818750132,0.7391811434853216,0.4712469360787544,3
0.8855851088724691,-0.11516034360872626,1.1301806290138947,0.45121841849042554,0.25540725651398033,0.08661310684249707,0.6029652133370262,0.5727405986121534,0.6800416405348118,0.5787685176857605,1
0.6634734471685815,0.48183962645171274,0.6032018219092995,0.6589092370856128,0.049784602418751864,0.4888298032645555,0.766432207467195,0.5182402209785926,0.539994876076377,0.08328671700615797,0
0.85260003313489,0.6239778203760935,0.2692622709444289,0.44886915980741343,0.5331717226706376,0.6545396223233342,0.9853647729567142,0.3371751692233006,-0.21126364725807012,0.6483407107469452,0
0.2388046952600435,0.35395826191258056,0.2744201932047219,0.986831145070034,-0.05922381679159333,0.39534965690843765,0.9594479424892907,0.8688176981216533,0.2062477681180541,1.1034764283568244,2
-0.547036100506368,1.0207508108010137,-0.4597090016047235,-0.27829850953090984,1.3754847090841134,0.3187696298477698,0.8941545068037857,0.4076843779916326,0.3046868266911198,0.06635432963740695,0
0.8744083554865653,0.4970415622780287,1.2658431029616013,0.6422639601671574,-0.1087872877912823,1.4914251055198622,0.6863181787500375,0.5061181786345756,1.0879484707644167,1.4208945643022437,1
0.7507292756151104,0.11091888291543717,0.8293887721109101,0.25708625063756263,0.712700948825723,0.39877089194672183,0.46836323038267336,-0.0719033417316713,0.5705746526681853,0.8260820655610122,3
0.08631284851674924,0.6191026749086846,0.034130700987734075,0.2344232849478115,0.8102577501750097,0.4525479228473008,0.4030814993107387,0.2805112863967988,0.25576626954064796,0.35309653280242004,0
0.930569146987588,0.3958767911020995,0.8139488857298339,0.038458769590297454,0.847041444231952,-0.07500177535500911,0.7540122969216346,0.6133970257722304,0.11324184783335185,0.7778730665458317,2
-0.026787976494615937,1.0238649916593656,0.162168951930008,-0.21972755482574974,0.8940258671310786,0.1849527505374444,0.267995080300322,0.28778637377707034,-0.11958410663713481,0.5470516501660022,0
1.1492656311356626,0.27548286543834444,-0.43515027885022795,1.256393967034907,1.2571488858149962,-0.18234797095038507,0.49558422069360686,0.13021519513678215,0.42852362056717364,0.7245593568744262,3
1.2666871446982428,1.1215504957888311,0.4378513092754258,0.36327268212121383,0.9657878476735748,0.5353578185712637,0.7166959226958354,-0.1293373203454402,0.8146352779406779,-0.09748572315231965,2
0.31947437781296195,0.23541295898389653,1.0550208224210054,0.3562642198431602,0.7816199867916798,0.45290615948057467,0.22568721909411787,0.5283563383153417,0.769265468480843,0.5296666531728873,3
0.8368694129119535,0.3707806040023284,0.7304809333348002,-0.011322246107572452,0.9555377209991494,-0.022747123440228056,0.8916045716918914,0.7285713027904832,0.16525940159693375,0.8222483435392169,2
0.6447896848141524,0.9052573086688426,0.8084936792916972,0.6257214924172521,0.35765564121581195,0.8184785976027438,0.2603524901239321,0.2202591367874816,0.5758446786275493,0.18961231973894352,3
0.7228737175186329,0.04383380365343383,0.7348480037197457,0.2444100688095568,0.08592130469289336,0.9724850543745321,0.1978181212024577,0.4922347507074011,0.18198348625174818,0.8684595119209274,3
0.4441663705118174,0.6915122854840466,0.0036034934391978093,0.4239930138036935,0.7042408298161971,0.30109697325665075,0.7644287097625581,0.4621583308031306,0.770651949583839,0.5782361215812213,3
0.6595041953877068,0.4738270304405939,0.6073430338046866,0.6648798739394276,0.04924580438346563,0.4828932880000916,0.773850442443523,0.5610117101612495,0.5272535258843033,0.07676456532773883,0
0.07549836781204776,0.4869493263837167,0.41093740531082085,-0.008804090552295321,0.4811978073024205,-0.09429274832742676,0.7189875072214376,0.7897276587020954,0.6347382034185235,0.1794259720561046,3
0.42345916357597874,0.7962863825190952,0.052908749736749874,0.28322781992018736,0.6504259629346753,0.19217468717494102,0.8991134812310759,0.33174887407632325,0.6845253743699745,0.6164242860013561,3
0.833831023896592,0.9334642387144346,0.17619510318734308,0.7739733633551966,0.6677557866824562,0.4047726336464529,0.9303148667545921,0.11493494604556942,0.2977891123732176,0.3374317363170838,2
0.465788376469132,0.8017996430680124,0.9145803242123194,0.5163393898733943,0.8107343365756281,0.8003871086910941,0.5922541290199957,0.3340852663091155,0.7593399359090922,0.44253342345391267,2
0.6956617655434626,0.21571985365581936,0.9513379581661068,0.3588996555749073,0.65160103621545,0.39528315343755616,0.290012721240429,0.06149354973574124,0.5249898733327941,0.8388329762966903,3
0.42993449970021924,0.714920275535294,0.457929080349614,0.6044083435149824,0.695870188904948,0.2301267221021322,0.7091624825164851,0.4078659874242868,0.7420648532403478,0.9112669751669025,1
0.9682132931768078,0.5427082416869297,0.6558633953584163,0.2606795069299207,0.18957887420318417,0.9793312446404938,0.493599964055616,0.10554544214315713,0.8091001322464791,0.9446899496725892,1
1.013542222006641,0.9760296362071088,0.01630936472767086,0.6035154674015067,0.29186825761632246,0.08127904318919751,0.6750267570530496,0.3457593180385821,0.40202871812504304,0.5844832355157406,1
0.8372759212441689,1.0336485428571662,0.10656474529177878,0.7161272983627931,0.5770130522118845,0.352952110458913,0.8834465133574654,-0.1265428066806645,0.15067318750511854,0.3385283139139312,2
0.07864605206352182,0.9001286531306294,0.2975403105354677,0.8510998981966921,0.7530805441529126,0.0671644422822403,0.06343883380581757,0.7101432445911828,0.2459827236139906,0.9752280689280363,1
0.05452900624987298,0.6748727589974618,0.03669242498094282,0.25200613561025137,0.8437783397842851,0.4084382139644643,0.372289778739566,0.3459458980006989,0.17247632893873055,0.4060126378264824,0
0.8773375453693055,0.31308404765727066,0.7378692111398126,-0.013887472901890262,0.8609579744988713,0.026349203406084612,0.9076419021979949,0.6489406758797348,0.24704789114273074,0.7856694886608236,2
0.05772436538596513,1.1953575850479674,0.4464591102413217,0.8406510890904396,0.7327424790731835,0.4052010433965975,-0.0265177011255837,0.8880845293106238,0.602137509111712,1.1938257890792516,1
0.5150961741446871,0.7699553099391214,0.8795008485622674,0.554328313344702,0.7262269702664117,0.7332182810298278,0.5346447818749643,0.45001979752984683,0.6548246314799165,0.4654535252233396,2
0.34950395780057414,0.43221606568840987,0.9217523579026027,0.675102186042139,0.02969598573329459,0.2546904121358,0.8828915998556212,0.7131593890782967,0.3661464315864102,0.6497844188801614,2
0.6632441387330573,0.4854858436681164,0.572987176107196,0.6576683413410978,0.0416310917739085,0.5235704085801922,0.7695314664095915,0.5179942307469315,0.5334335778141808,0.06086299797784661,0
0.7207257216625955,0.7015314371444011,0.6296958800140549,0.6888417550195571,0.42917979987671934,0.20185973819853542,0.6041893257840427,0.470915510400469,0.6051264919756728,0.8772552696349266,1
0.4050921995128294,0.8360668971522844,0.03589024248777335,0.285256124982696,0.6614165332736178,0.16948287324633446,0.905224730888741,0.34366045671178114,0.7020749060249133,0.6180568577761056,3
-0.04565932139637485,0.6258935907175711,0.50353059616116,0.7815105736589737,0.8265316155886548,0.033869930894043755,-0.20802388500286623,0.4142088082481704,0.2933540912017624,1.2014049154527051,1
0.9750554323507397,1.0022258034741258,0.6468050774173386,0.00677317888389337,0.10058609993470895,0.21563683131036404,0.02494025882958485,0.7551306760699236,0.9767967191676737,0.6933171855516005,3
0.19228275880130852,0.2669763679305467,0.35242309021209306,0.38383635321149606,-0.034193096898655684,0.08546819006826012,1.1844350649863253,0.14416540859854374,0.7918066188704983,0.5121187930814648,3
0.31503225098753485,0.21669172872521814,0.09770058487755547,0.4296170539736212,-0.18254164670499395,-0.12268248593300918,0.556926965837274,0.38336375334814576,0.25068608701098,0.44231448603290086,3
0.4480841946040504,1.0237373593374752,0.5001941176361583,1.0051731323450308,0.06774337527253482,0.28110011021193965,0.8073498983057736,-0.1736752134512296,0.0526759225441209,0.612294561403656,1
0.08678202903429211,0.3247395781045707,0.4046173283730897,1.0401079757293603,0.414099848628263,0.7742090428851515,0.44770106672545873,0.7088471567965315,0.602606548013426,0.6369634473000361,0
0.03409150804979991,0.1357017330758032,0.5028700144732503,0.4710802766151712,0.9015505574063549,0.3510591775380055,0.5102326887132419,0.7442028101346702,0.40233485254938495,0.16918861032506866,3
0.9770389668933639,0.991792507757028,0.6342979867881645,0.013924453681937388,0.09606154787804377,0.20464593708850665,0.026077828349069146,0.7601819797652221,0.9752670864124714,0.7073488184159813,3
0.3406134182651268,0.27763318020754724,0.84384332063167,0.6774672481935058,0.05275466267343581,0.030304167731779214,0.8420281950415869,0.7160205458448576,0.4659081290666515,0.645371159533828,2
0.6104247484777674,0.46897029486478664,1.2978775083427418,0.9452963850766433,0.29587904459775627,0.30377311274329555,0.573506788728869,0.8660361952829042,0.5195463979346868,0.46804041573923316,2
0.10031389352303653,0.550429574303053,-0.11951444629354935,0.4245788107136064,0.7763209605043505,0.287121830714611,0.3544510096014824,0.17798640395259452,0.23790750749921052,0.270618290200699,0
0.7685104376970968,0.5752664326058334,0.8018341575310606,0.3446086821194953,0.6665064447293061,0.9563104615598422,0.265257271000472,0.18866266691956757,0.20351612473660782,0.8313122383686113,2
0.995697493096282,0.48838830315747106,0.739107244521199,0.3734908681897051,0.11929966121819187,0.8685241754218254,0.43014499046780624,0.007276593126961533,0.6723800006388811,0.997407151336902,1
0.548085401241486,0.8025721019476599,0.9163529673123906,0.4766745388588641,0.7346502824212138,0.8233191160694834,0.5128782935704294,0.27869611223335694,0.6444211828263386,0.5193753896845366,2
0.2322849567349807,0.7096479491192498,0.85489638873937,0.5638627394846689,0.7309275111221541,0.6266336965010096,0.4910106940493102,0.9639935373061658,0.6848420389908403,0.43734919809297146,3
0.2445781724524115,0.9848801867379434,0.38767004418114925,0.6766553787673181,0.9349504694386206,0.17253239413712534,0.10259439888663952,0.8118075099112865,0.12844237226825894,0.9654555821332375,1
0.2887202357810257,0.2869348673023325,0.25837582132241016,1.0766415931429876,0.6116404256754577,0.6829245904492224,0.39402796015659003,0.6805168696160061,0.6500533033666084,0.5981992481790015,0
0.9511332538731686,0.12445911414247425,0.5264932664062628,0.8316792619800889,0.7266802651375839,0.886194903728543,0.24629009669347354,0.9373576491881862,0.6219501735571663,0.20676521622691943,2
0.055164650847848475,0.15722415228152606,0.5254536384693981,0.5040946688357922,0.885042311087037,0.3484341972783868,0.5104031041606387,0.7457926509818291,0.3914609333226223,0.16803549689486152,3
0.9997664107749717,0.494772100195536,0.7355057080350259,0.3687675502014868,0.115914589565758,0.8596508844357226,0.4236678916056484,0.007591991840963198,0.6657679937130142,0.992775155039437,1
0.6514980964970801,0.2782499362263619,0.9161735150639017,0.5421827765204557,0.6756966680390072,0.05474287814188819,0.43019905944008013,0.40411484588848906,0.8695060595298918,0.7268366592289366,3
0.8874799116604165,0.5729421024258607,0.21196497453610952,0.06984503258712238,0.05288980169181891,-0.19508581335249625,-0.09157750443935297,-0.10151104711490924,0.7754792824120207,0.5355376264903763,0
0.9917526661568823,0.5185883606879116,0.4559411834866518,-0.21185019217398482,0.9092612357082227,0.7598836524033812,0.8996646808102629,0.29916059754806634,0.19117150357695278,0.229164612801298,1
0.9525004011026764,0.8721025428407186,0.14940940123214114,0.7416210673792724,0.6049942334095847,0.2896660511825299,0.8795244260200845,0.07609360515767825,0.24878267559242834,0.3115486579799017,2
0.37200347576543297,-0.0848714722518732,-0.09049344697067019,1.0326204570362802,0.5356151948089081,-0.0008446184591055228,-0.22650719604553443,0.21241238656652423,0.6789309683628638,0.6720924620351931,3
0.5069249392591115,0.8146180759506351,0.883782494669699,0.4826972949871007,0.7511127469651772,0.8190553743224646,0.5434757498003717,0.3542494981254268,0.7520670533573754,0.4680730968667694,2
0.6512825330109376,0.2681324994984026,0.9631471616753009,0.3561697492910355,0.6902821455599489,0.3448074844376857,0.35804291760392565,0.03857277772024488,0.5962307346080304,0.844420826820057,3
1.011111998709178,0.41645418885059193,0.7449457811398983,0.28187659634632567,0.08388650790407254,0.8621935642260339,0.35664101472922527,0.012650304866851016,0.5668256931857538,1.0476427185528683,1
0.09266043410078344,0.03953899291459325,0.5401553519190021,0.5098241984764802,0.2951127785374569,0.40635074653137593,1.011156106195323,0.8945865125157462,0.7350723525659384,0.33924683886358664,2
0.5352479657588536,0.18455580583816242,0.98207547856522,0.428701027292726,0.6206705031285626,0.24771830990465632,0.3462392285176581,0.46461179613921266,0.7216172500487649,0.6008190518455716,3
0.031392507110408405,0.9033206730235404,0.26045795593328996,0.8785528397718729,0.7675352194235587,0.061874539802569295,-0.018167323563413128,0.7588534996019279,0.16498737509045153,0.9694691358767857,1
0.8696838016516318,0.31456567519436557,0.7108545787238039,0.027616340148159613,0.8949018714442933,0.012237266787607523,0.8676716234231725,0.6615889096755261,0.2284105018987621,0.759324018316273,2
0.3120527994186836,0.016764920683168316,0.2986257362084004,0.5842029534859967,0.6703013052220452,0.37489268568703726,0.6902362917124114,0.5142031605887002,-0.15112361834010604,0.8061068670641001,0
0.2662202364492569,1.0286621284513933,0.1668150683752905,0.970038266029333,0.21422919496690884,-0.264748082674946,-0.23925620049731522,0.6552144466001022,-0.21584995477513663,0.8456207014565396,1
0.6204240919638971,0.33715415500487816,0.8617483845899199,0.5053379519079924,0.8424069156617764,0.3662178253813716,0.6424640903790014,0.9187788320849936,0.3725832885070698,0.4361893072518153,3
0.06029897523058553,0.681300184700774,0.04536589496190618,0.2536696662322095,0.8508855099582847,0.3941740476149456,0.3635335727573383,0.3498604915346013,0.1685652071945038,0.40100412224778575,0
0.7089479879643692,0.8765341809197842,0.7747470269364407,0.6433885642027224,0.9862446247946531,0.15948475168843063,0.3415337237513611,0.9187254363336957,0.4216947108469818,0.6944512412405178,2
0.87522755502749,0.31638780719874876,0.7084339314918566,0.03316102278284621,0.878836992423086,0.032008834608480474,0.8911569931789652,0.6617755744754156,0.23348368829390348,0.7446000522130879,2
0.975775206154962,1.0012487105591765,0.6501006379350616,0.008375162032376772,0.09625402661892377,0.2186491433949897,0.03086214593465116,0.7581951665333049,0.9853305085075811,0.6930826495352967,3
0.45033865020725605,0.6316117473890087,0.763881016763884,0.5063874564606685,0.8439790255723648,0.4995063908839905,0.897521705273688,0.30037502238214325,0.02380717533873647,0.9066713226858047,1
-0.13755888206445432,0.924760107970459,0.23640160422030096,0.7682867372427946,0.5296827684930993,0.2679941502260533,0.12068496672295542,0.4936664513440964,0.4495281765433078,1.0520811487243806,1
1.0629198987490271,0.8178835325492109,0.6620735342411892,0.615343319448751,-0.06932212096523277,0.024862236396507593,0.30398303957367423,0.1637440657381414,0.7193523704276394,0.9063629181831669,1
0.1305050967612595,0.5475065350595512,0.8103958374889775,0.9217147592560196,0.2671833404400505,0.4608055934752139,0.8332018088533905,0.684602511176758,0.24157387780678322,0.5415569310972149,2
1.0741184491143911,0.5871312082202454,0.5812812469468234,0.445595892798921,0.14205972716376855,0.9849743059412917,0.3258070988617642,-0.07164662389778759,0.5649437145787413,1.0880420161648532,1
0.6723647220269794,0.4881023455997572,0.6044219839771181,0.6751763472340849,0.06898075159005126,0.4995383161757437,0.7397353054338542,0.5235157144526862,0.5610897649348653,0.07818300870976716,0
0.29299387428429974,0.7138837279387242,0.7489531503376554,0.7109801501176004,0.7502540301245656,0.7548797573189829,0.5693667629208838,0.3592983844548143,0.9583074610627972,0.18932452479519718,3
0.008164216673271139,0.3631958340420677,0.44589942619875195,0.8672065118070399,0.267463199125195,0.5976051649661984,0.546355913234884,0.5144757484300702,0.3937301205475967,0.8142416917017108,2
0.21507406259298886,0.6382512449292986,0.8229153106958844,0.01824630207784952,0.8144315344869211,0.3825146145938023,0.6859225711058574,0.5908208063323643,0.11360147446129908,0.3219498993978083,1
0.8659057822880175,0.8323342042757502,1.071332488817136,0.5300202846374937,-0.21463596716775668,0.29532414300784016,-0.10634147168485936,0.6056601749180383,-0.2824002716671884,0.5195713594846689,0
0.1715719035482485,0.7763566583329758,0.04709131190109596,0.2551146028239802,0.9474288945375383,0.34751581502551887,0.3688004235246718,0.4373790050444975,0.07395388021996722,0.44566889054722797,0
0.68388747049585,0.49718361561815305,0.5812954849117868,0.6723363185381587,0.07775039821050284,0.5421358032666778,0.7250405551699521,0.5080893768623396,0.520329566227703,0.07460824829983194,0
0.49854411908962865,-0.14065605997287028,0.46585952366250444,0.11474181819819322,0.014849433050484806,0.30947260110644065,0.33735986257588246,-0.028275512135256517,0.5084868428595162,0.6295219354015317,0
0.8101500211009534,0.6210727817723143,0.760932472108844,0.35038202944150887,0.6360678405777984,0.9364028502122345,0.26125709670491243,0.1715261401348584,0.22927665908119607,0.8987451176909592,2
0.9342168615347752,-0.09626589004501027,0.8194688890110388,0.6344225186000851,0.6794585930709076,0.18747669350333235,0.7269835466813788,0.68353871084711,0.14367705090470445,0.49560773756183263,1
0.2505196475876301,0.0026781240376703153,0.7694944398617294,-0.26903772780001006,0.3080331737486746,0.07107148501488178,0.7257937201115514,0.032706715624263194,0.4288693166597024,0.6145232753909204,0
0.010545505238000297,0.6890358227240936,0.5359349481007603,1.1827874217368461,0.2056840969926853,1.034805578677619,1.1282842836007156,-0.3393622560569135,0.8044076351819117,0.5590890732644145,3
0.28962847077518367,0.5733380416659809,0.9015525298288135,0.07285498053934937,0.8800745863717131,0.37702485201200686,0.619319470157948,0.582439702449657,0.14816413318511062,0.2580903217404238,1
0.8965362661618912,0.9895844091039919,0.18813317348566277,0.9021385080010664,0.5430400675669538,0.32003864401764687,0.7794663634822838,0.13570867231982192,0.23465262215130347,0.2087802807284337,2
0.7226215377077433,-0.010998139930076659,0.6756244962034801,0.21666913109755206,0.1875817041616798,0.9549308847907108,0.17918064841414122,0.4774722305834226,0.13530795940885815,0.8396268319068684,3
0.6523164783406603,0.4997237810307285,0.6034193029832463,0.6933071956465271,0.05749622942987573,0.5028936802031282,0.7575729917453858,0.548041969298916,0.5662072321007291,0.08258479746472962,0
0.801793732941262,0.5844163162456268,0.7778504271745981,0.37856066222139834,0.6400921507638812,0.9340823453195207,0.2918691627984685,0.1559714800830923,0.1968217369129547,0.860175879906961,2
0.5024344015912166,0.20476155650942182,0.9947732139791702,0.41763358318723437,0.6960586153304896,0.2845072943627702,0.343235763473062,0.4209505666869131,0.7755087781704826,0.5730802875208746,3
-0.55419911549454,1.2020602515188004,1.0657580675401053,-0.21274720814743697,-0.7793000189013973,-0.7627307077826804,0.5260816228183025,-0.14259194247791274,0.6993631745477276,0.4396545038158453,2
-0.056987004210608955,1.1650691916449523,0.7528451676068222,0.6297335924828042,0.6523213753570711,0.28410573581501236,1.1332825010786458,0.47126481972585604,0.8569526920667321,0.47954845675731916,1
0.584264840837731,0.4407306133803599,0.9046860342933631,0.17129985314471302,-0.31137091507122083,0.7578319827104402,0.4252723483613457,0.5155914105484614,0.7798485689515173,0.2561365094814848,3
0.06786529729702108,0.6782862811519121,0.5344543759162749,0.33671177010553166,0.7871913124147228,0.7434028265306017,0.7113004576412574,0.7541797713909847,0.5043489997248083,0.4300174708229365,1
0.6587341880309269,0.07468860045446804,0.6214995225296435,0.14161419305414072,0.7687612015286014,0.29807701973217166,0.5519874885989751,0.21557684777567607,0.6198255374438726,0.24413355522207505,2
0.012260083095670365,0.6142451499411209,0.8149119581722333,0.22692375404509396,0.7296981484564394,0.6786328017036604,0.5314485628287546,0.08234823644876718,0.7778274611168511,0.018058885439002314,0
0.9657455655526755,0.9941051816930061,0.6418818610369362,0.00903890084764195,0.09324150486996446,0.211969026536864,0.023132514345182133,0.752038695087528,0.990219483404874,0.7003146106843947,3
0.6852058350016866,0.07450001098132306,0.9759902389659232,0.5161821690447802,0.7451311417087938,0.12943800210692397,0.1367984782866711,0.386669501062417,0.9576718561023916,0.525836192184943,3
0.4204614282868554,0.8776462205835412,0.0580617850547845,0.286091670686915,0.6008405804885277,0.13510667419749417,0.8990168212267045,0.34342306360418345,0.7188095764566294,0.6073964486573505,3
0.9066999379747085,0.8988139118654291,0.11995337662537962,0.7755355497197604,0.5646536407737465,0.33076203281016375,0.8951985823008667,0.01944607135385477,0.2981582360847896,0.3048160060738102,2
0.9908080051562379,0.2723468505684328,0.9284104803494916,0.039788705714482925,1.5022143101547187,0.2582001552298922,0.16427105415750332,1.2817087630357387,0.5299581810983887,-0.19658786500555603,3
0.1873769350680208,1.0003336104497498,0.7170123916171497,0.5600944530271655,0.8522427825721528,0.2655780366602548,0.917065743294449,0.39719129383303464,0.6758296201142137,0.6407245524672223,1
0.2647775365629932,0.17543289386110664,0.9004271685962739,0.19562951702982131,0.8586149503143996,-0.016520964942815075,0.03992990289444631,0.17644765251316824,0.6502464074844864,0.5993668374759891,3
0.014160297410219753,0.61084278627294,0.8158783651806255,0.23190426559348756,0.7313016091730994,0.6827044942314894,0.5288238445189196,0.08257795562661165,0.7736930605422817,0.021019928496059947,0
0.6512063327916129,0.49416473242277814,0.6158727548013304,0.66539050913003,0.04168615532012591,0.5117732211740899,0.7406196958710177,0.5436393626830421,0.541585386962282,0.08804954951263792,0
0.21671382746346138,1.1539418537528046,0.47769026147538857,0.8804454653181633,0.8741236913692649,-0.17166608840698325,0.2055489041554848,0.7703225360592154,0.06375435925725106,0.7580061701349861,1
0.9225852654413799,0.9120341161771587,0.7022926054408425,0.7553093650571601,0.9818627999659035,0.1873535644539659,0.5351611505726633,-0.04188341646528654,0.9929258742146811,0.21240760824538493,2
0.5030387653845793,0.8184471177740497,0.8862110274711864,0.48308885640170757,0.7713340080237392,0.829725734949308,0.5309601068215044,0.3616789036571327,0.7409228339203491,0.45783770995912654,2
0.09377657452038099,0.06385337747446099,0.7337418940972117,0.3223202856546082,0.001717771646975945,0.3791559024268919,0.6124907622785358,0.4556234953193718,0.5831353260639819,0.26294067194512655,0
0.386043948874292,0.182197752022618,0.08998843425419403,0.6489464750685543,0.5896037473115601,0.2777762577071739,0.7140175425126976,0.38540070440636404,0.1255844384553237,0.5556154557346968,0
0.6140962338579495,1.0402505076890323,0.836671374791793,0.6770017415168339,0.4123402547614866,0.9284425897349013,0.1826465976013793,0.125547848022093,0.5582733725154262,0.1615817561798914,3
0.517837092357362,0.28442734575684975,0.403090728256345,0.04956279426094561,0.16578531315138473,0.17836356322589406,0.5658798372521667,-0.004528278783991717,0.6324698760280256,0.34910463891001337,0
1.1301778502882223,0.22480096163885538,1.1289898764642574,0.35795531437865113,0.6693052182161723,0.48749303891020795,0.331893011686879,0.5636484477798228,0.6644540462156427,0.4964731827889134,1
0.8277022655447711,-0.09299631567241173,0.4955830244246601,0.11994986380232087,0.8422150708022351,0.18509394811715676,0.5999706896537382,0.25333627751401167,0.47113181046794084,0.334438016769069,2
1.0160186831052995,0.5055432213013639,0.7286548604682133,0.3806058936537362,0.13575015929899092,0.8602320626163861,0.43176879433331133,-0.0013722774824325087,0.6817332991646471,1.003226138538935,1
0.6362557432590458,0.913644219245662,-0.5941558419910193,0.8945851411276776,1.036642915595031,0.9150094300491557,0.7570004212788808,0.3822327141974797,0.22773170415628918,0.8629733655680305,0
0.9154718997144211,0.9005845871400892,0.13113610692832886,0.7826248805594993,0.5619508704235592,0.3337025624151048,0.8984938597999275,0.009400227393778755,0.2817156051852036,0.29594352139076213,2
0.4941038726563034,0.4198990839670519,0.02905012615669457,0.8565972666474093,0.6587756913987951,0.12032938986973984,0.8223776916649878,0.3354339051595142,-0.22953180414262175,0.5405552700957086,0
1.1933522996417845,0.3371785955394003,-0.341099524701873,-0.10171022460518353,0.9068892606622877,0.04142289874500493,0.8042585634121392,0.902566438294702,1.0076322177147239,0.272270252092334,2
-0.4146239255042789,0.7474512899006889,0.15468357773498334,0.9990392575676245,0.9931249462851093,0.4343325689999035,-0.47186750624136176,0.13835336651669328,0.1818592180483426,0.9978964965876367,1
-0.02334944921139656,0.6751989573203733,0.09716376966442768,0.31768847778319553,0.9124108276964407,0.5048204356677704,0.2755226778615933,0.23608740758109423,0.18386863728727518,0.3164945316242383,0
0.7267781061852303,0.04524479236974664,0.736293952280099,0.27345977541265387,0.08741701012544875,0.903692180293871,0.18460562998273522,0.48139509233099936,0.22444245498919635,0.8389925549355988,3
0.9074633060004175,0.900614343786658,0.1191011857429994,0.7721053436974536,0.5634714126719711,0.3298368215860164,0.8916943655979246,0.0215611467031823,0.2948045314740275,0.3062806531987998,2
0.34340805295105814,0.26424436936761997,1.4756281891428809,1.3082499678043673,-0.12572893390975926,0.34799892747259775,1.3017442854024988,1.0063914706538435,0.9311633048616004,0.4321721343798543,2
0.9733890184904603,0.9920591462969748,0.6430334287548438,0.008083944772556627,0.0876499287707722,0.2122448736656414,0.031234338210990753,0.7610531950871482,0.9860413350042969,0.7045490968643899,3
0.013322163203694316,0.22158999071256968,0.477784111635128,0.5239388943964948,0.9745934000371896,0.44709953740799013,0.5900987973330425,0.7251357470698678,0.5062293469785304,0.285818880000799,3
0.30258495126612844,0.5203628956901604,0.39496025748323893,0.3427102172512031,0.00152308103515017,0.527945976625532,0.12413007168376201,0.9829301214393753,0.07730593361499485,0.3891050033515495,2
0.3435675183242708,0.14775859496163712,0.057446959600323706,0.6951273963412857,0.352538343698184,0.2604678065361796,0.8909802006570477,0.18123321114056845,-0.15014975927260024,0.7702983466700015,0
0.7107181503786568,0.2587611695617302,0.9240357771617842,0.37615337577644614,0.6917702669525528,0.3726482730495207,0.3315206933455928,0.026804218086014475,0.5407244424931208,0.7909320527628585,3
0.8645056792062495,0.28951200989167486,0.7184969723277569,0.06713523606091126,0.9037099204194055,0.035342800162658394,0.8675039682716477,0.6800745006823259,0.20528111044999708,0.743281425639831,2
0.7764347564526134,0.5927221887880809,1.0198787565959864,0.15168366213267698,1.0325822857603608,0.503286592025344,0.9016775959261478,0.9634975120428633,0.4345545973274385,0.28830068300356215,3
0.06572131308343088,0.24797682101542018,0.32470578290135665,-0.12976073915901004,0.2564972522851294,0.12389428984628988,0.8549854122433878,0.7731539615548657,0.8089110319220207,0.3837377307082921,3
0.0603015796123065,0.1548210229547482,0.5242911538681506,0.4834098482952036,0.86482869995,0.33408648573823785,0.5001950621777862,0.7406576995856119,0.4119570536489463,0.1542984847831959,3
0.013739785921166382,0.6137125380801828,0.8126196475695441,0.225307134344713,0.7325236807951576,0.6800734906977267,0.5324254735330309,0.08375335676660374,0.7786684406020236,0.016402260751467893,0
0.7386335538443074,0.3007410115500742,0.8802147019136086,0.4181061678592097,0.691394560339751,0.3322372890825984,0.3673356321526014,0.06717666288514763,0.5123346875859845,0.832126095905415,3
1.018583268909612,0.37430533811947553,0.890260423156594,0.20028928118249997,0.00617201121382184,0.7308863944853545,0.5732092566435889,-0.06055032255855339,0.6640344236023362,1.1643978837456852,1
1.0887078177431673,0.8443292508018679,0.7636150153862659,0.5772024388591415,-0.025193624977147458,0.41759449956817457,0.1937336755029313,0.6914670367694792,0.07227292044875475,0.5574248180923759,0
-0.11494944376547239,0.28349073624406473,0.9857473101727767,0.5048737034313704,0.18729770487442396,-0.12266286790161318,0.49492916100737067,0.6765249066430187,0.5905348594550073,0.597946494712758,2
0.8307150331068386,0.3352211962062611,0.6926926476922214,0.07615055675537306,0.832836445704201,0.061978168107198646,0.8130870791690178,0.6722975877407101,0.24139570661933668,0.7845879523265213,2
0.26854623169369296,0.32887830170703375,0.3414408594834403,0.41809243304940846,0.8936524694294015,0.338327494528011,0.2012238985742395,0.619529256356528,0.9779147581544625,0.9851905070574087,3
0.37851290872845694,0.8056471570046363,0.04057266515175248,0.28343769934596996,0.6672207280998669,0.16138581206502875,0.9215606619566218,0.3823616352485612,0.6406511245449721,0.6617029653719383,3
0.014123311885713113,-0.06319752057786715,0.4706131396024986,0.8715516504750308,0.9391344214955488,0.9726005644052812,0.21352346815011353,1.227580500142972,0.5615766289637172,0.9568938777786478,0
-0.19341854669123698,-0.2995137916461137,0.654577400753856,0.4401313753515197,0.5099348240528654,0.35257633462749305,0.9307495209964072,0.5658002432377729,0.31289362328725884,0.25793687085248823,2
0.9023425877923444,0.8914987455862916,0.12859518531836373,0.7636310055044404,0.5535281686251212,0.33244881869549453,0.8854766656410313,0.028715369182624434,0.28469209502198345,0.29461206725384786,2
0.5415124742898277,0.40024873424459684,0.8977606734217083,1.0046397956552808,0.05532708745815599,0.2121570266617698,0.2181295312516705,1.161245374016271,-0.09787271539016815,0.1478052559420861,1
1.2187708102079395,0.6629245123025173,0.9924100337641097,0.6769235481072126,0.31902235059709505,0.38744492691102134,0.38646100358356816,0.9634562535125062,0.019026520859722635,0.6450889109766438,0
0.9109796890279461,0.7963312112556106,0.5381444497313675,0.5229013650709207,0.07658317119138834,-0.12458505300971714,0.5755999678411486,0.009964219621077464,0.4393264049451283,0.48601703740988156,1
0.8246819073804608,0.20664012360907316,0.34964265517028614,0.2549397054872273,0.808458738959076,0.8822311878328886,0.7679434280090015,0.5573805309212336,0.8044861541469698,0.04623889635144062,2
0.38322364321404,0.22926680934036342,0.5763247503423483,0.7250043253686044,0.24298132050808494,0.6901069339917832,0.7653399007014272,0.643942600713318,0.46714900978159335,0.7916867332060704,2
0.6170428250769223,0.4756669207854697,0.5586597138763488,0.6547539512450354,0.04001820345337595,0.49199749823847555,0.7452796715639157,0.4936941765874956,0.5185216971711752,0.10631605103007007,0
0.9739673793145623,0.9995404552324709,0.6459968015472214,0.007512340278042246,0.09575688166684529,0.21502957711311643,0.027593166924928914,0.7537886712168176,0.9823237724820828,0.6965628919725443,3
0.1502686372831215,0.34904783793454275,0.5029717625614387,0.3084529392760561,0.6117670332742826,0.2342367839129185,0.5799744265406963,0.9358552242285634,0.6113022984014956,-0.052332460752889276,3
0.3983546327208189,-0.3219099785700013,0.5866894882249336,0.8731311105909478,0.4879657387552997,0.7702090385432272,0.9129992876747486,0.6431009608180771,0.3342614644593697,-0.027047415922904383,2
0.21894150474285087,0.42731714221385103,0.901353302295989,0.6798375988160588,0.015067588296489225,0.15584194310997032,0.757424871373915,0.6114614101163824,0.394099571103764,0.7740502090083652,2
0.6391095993363605,0.741663558679782,0.6018233304481415,0.8060945422872663,0.7164468602530243,0.28147671552529063,1.2617083219578804,-0.013208419459635412,0.41005464004971215,-0.12492998695680152,1
0.20257730712439886,0.9260908741205396,0.7286634909260408,0.5608339159460106,0.8153564485941163,0.210530446407394,0.8994086152707428,0.3192259805567777,0.6475516798231844,0.6254969803627671,1
0.16021555082557676,0.9892251413614356,0.7295607639234986,0.5479672623123868,0.8469661226746139,0.2446040069869032,0.9388744613369421,0.38878840886206156,0.699637928647383,0.6764516296494911,1
0.9903456189067185,0.0976983234396652,0.594839355209297,0.8919796498605804,0.6774263979559136,0.8065715529615878,0.24386203011054683,0.9405727392621259,0.6654863249590565,0.2875723532915075,2
0.5039599208431923,0.8241159998967679,0.8800522210813895,0.477016036880128,0.7634165421617363,0.8205282189970224,0.5365169394074244,0.3600853063194034,0.7351928719883057,0.4695089925485207,2
0.8020711014733856,0.5829749781247642,0.7778935954287517,0.3775741783781997,0.6391784459145089,0.9331800314397924,0.29077327032073863,0.15641144732872825,0.19660026920119444,0.8594180151808666,2
0.11226463979030815,0.941612614904288,0.93391981962597,0.6099541821081316,0.8920846047611696,0.4411012160641067,0.7181990588920787,0.37094914381287253,0.7822968103668203,0.82539463350251,1
0.17521586566275602,-0.09515305708532118,0.4301174049459756,0.4643602208236082,0.6883000967023757,0.4156433209384372,0.048151186900596714,0.5359809910150704,0.966828899134169,0.6007573885241706,3
0.21045685292606592,0.7720458080292802,-0.0015843420536337458,0.4194856274305394,0.9285419218818326,0.4960016382917101,0.4367887118662251,0.3596041739574836,0.19510069089187862,0.2259971905574913,0
0.7739073021527396,0.06174053877016589,0.8643769558847252,0.12601186023339256,-0.0033757911486352737,0.994058504885635,0.2794508580885841,0.4315278628482418,0.05157802761191818,1.0294674007394895,3
0.23694263753678205,0.4377519375585055,0.9304133335401752,0.7045626526696194,0.0021234710377929797,0.17243531342369625,0.7642673476525083,0.6132140857459486,0.3456764819651323,0.78953806346465,2
-0.04039579072339117,0.47128220298827256,0.2784376162020257,1.0629846275981394,0.6493316144837946,0.8812576260017013,0.19958778146694356,0.6659496078455165,0.7542685489352655,0.6897482218798754,0
1.0669959385474517,1.28109065408844,1.1074331016085375,1.0789949354908308,0.6759351375073832,0.2687543824130423,0.004724321082074934,0.9381030809506925,0.1209998575758772,0.41000936276198263,2
0.08751903546996602,0.0861675647854013,0.49890123295300515,0.4992309348454994,0.3322933769902174,0.4930285809599319,0.9984811739925601,0.8409492735745003,0.7104846589747614,0.3943742825009924,2
0.650271918697723,0.1677902458338852,0.7202478979190082,-0.3419379246641483,0.9512565752707917,0.056673449193333,0.43450753753960303,0.7788937518369313,0.27709527932746747,0.3596190080586207,1
0.7675815176077174,0.24129497348985768,0.287684589586995,0.2262589378263407,0.807735786259136,0.8799049893785986,0.7556646705174702,0.5965872457315021,0.8244529175404353,0.09033367294666483,2
0.4884019413252321,0.5663385051187844,0.2206254702138794,0.7098718374466688,0.10161871128790326,0.31376872059080796,0.7983683219684031,0.3835440521295671,0.7084252652974865,0.23661513057985337,3
0.09641324455124997,1.0619835896207577,0.6629844734486044,0.6537209251439438,0.6947585916096821,0.07333287378217707,0.8695552431963356,0.3880258861253674,0.8514278052950188,0.4941193847188612,1
1.0569990125004616,-0.17954337335518805,0.5002929046255055,0.6422871820856052,0.36281866790248196,1.06470145937338,0.21386234888839578,0.9909948472233541,0.640372436053909,0.16469801905682643,2
0.7065465517737243,-0.13466123173814137,0.5433798220483502,0.31808414361749066,0.10030774984493752,1.0225626994092065,0.15737778549471598,0.6046399443767294,0.04189970582683886,0.9784710347130463,3
-0.31222534274253927,0.2208007720279236,0.09355231986479706,-0.022398179887592018,0.26304515775008797,0.42240908540802913,0.6627897223586204,0.5043724948570472,0.25900087901251495,0.3344498516124322,3
0.6753482732541404,0.48239409076310186,0.614620661197556,0.6727584542076231,0.0672472535150893,0.5081781597922577,0.7359338466176293,0.5414952552447289,0.549429524784137,0.08562957073628524,0
0.8161511052140034,0.3057147919362504,0.9415017863349131,0.44410437132572717,0.39644128271106116,0.5615594426552174,0.4044693388536174,0.4570932508288177,0.3558928075731162,0.22006688797436452,1
0.863734736235043,0.9541675366849122,0.03727199338433944,0.7297723873279323,0.5098469855441133,0.3597423222969237,0.8234911186230922,-0.00935314517701169,0.3321107365790025,0.23503978252841304,2
1.0199603300625533,0.07971309283766179,0.31787442327392446,-0.0744643074035688,-0.058402141494993676,-0.14252293969507673,-0.5404194896550566,0.003699427665860365,0.8690710245117826,0.813474695116304,3
0.8366939523207902,0.5626810761696994,0.730867021971845,0.41079826140775294,0.6788881122793146,0.896536469522165,0.2620222254306638,0.09885201139521721,0.18836653614468366,0.857888249150309,2
0.39249804171940295,0.2034797329130209,0.055395556367895615,0.635206556431199,0.577336454395839,0.3316267611513249,0.74040577314271,0.35837910499165615,0.0362169939619644,0.6463825087112923,0
1.078719605201437,0.7144119648262351,0.7099473717222822,0.3807029250895556,0.9817056080888754,0.07316485099916645,1.3689578553655455,-0.46015641684244146,0.6598001401238877,2.13790576183905,1
0.6731075837313856,0.5165518107826634,0.5422902070901562,0.6969023951890762,0.0628779180781624,0.5236273393963268,0.7317541396937827,0.5588308887127614,0.5030372542483605,0.09757296150321162,0
0.5060905447573569,0.8527501927115557,0.859042118731582,0.4634472280035985,0.7769433366076532,0.8337178566336132,0.502313491750334,0.3636678365740854,0.754782544477198,0.45117420253354124,2
0.49308399325530433,0.7970483643829134,0.8697581453988484,0.41679354835108073,0.6953733053872131,0.7623510431516617,0.48805404399392693,0.37963700080119195,0.8011911457635261,0.5039847067827765,2
0.9010804347702825,0.9376443111455388,0.4877734324901064,0.7227462750340071,-0.08078786338268001,0.21165371244694503,0.2678185433605773,0.44433953586318253,0.17255107066714057,0.6955787533523303,1
1.8236506972914448,-0.15000907415834475,1.3472374570518568,0.912573053782529,-0.4873061075578615,1.2485865849941749,0.3147033027777438,-0.671856528089232,0.09618573189052504,0.12239011042757875,1
0.7866397581819277,0.8600888069400701,0.7968408681854081,0.8150578562909939,0.8843613602658009,0.23137239849241567,0.3905458626310185,0.8028246228644986,0.34703970407180323,0.6106253243679152,2
0.9135079601365541,0.017818379924312622,0.7265672107248797,0.43713869038296926,0.18096511679090413,0.7775243304274243,0.3299095953469018,0.4753906123346103,-0.015510768742629688,0.6356274773491392,3
0.6710295430914728,0.08308080778452256,0.6067621918279145,0.1528812684347614,0.7669757852370769,0.3011861986126774,0.5398866129033248,0.20171738199093428,0.6513891108431905,0.26049107176942093,2
0.41365336047417145,0.29295474140417566,0.6953275715560172,0.4950885495305162,0.7147629647886141,0.4047386017822209,0.20527629295947541,0.758886252444913,0.9284810742351863,0.9084154235880759,3
0.43065264330711417,0.3729448540642134,0.7743109722718887,0.4320041780179177,0.7336956302884963,0.5628268232873171,0.4228854409668896,0.738802321781615,0.7678820775566733,0.5582368247151506,3
0.2663618283945643,0.9179339906735973,0.6329855677612352,0.5137405148274029,0.7980755032478015,0.3524831281863482,0.9990374436318918,0.393884314544486,0.5778089393191497,0.7728569821539202,1
0.49474915568190686,0.6592937154271372,0.24014813712191302,0.3196780213853376,-0.11439820846051882,-0.014827127575073318,0.7667912913665065,0.516224263934767,0.35222874073206645,0.6003537534864096,3
1.0124717453621188,-0.17620592257782236,0.8242704232696345,0.03689073982501634,0.301118950110432,0.9299921806208041,0.3771844971454621,0.4475291567537823,0.35278354924355143,0.6842591317996348,3
0.4034925231548906,0.24877168531140226,1.0741473521467,0.4904625839242252,0.781485649322966,0.30760853002517946,0.2859072995708077,0.5392915267332838,0.8579223705774623,0.582753451008738,3
-0.06001259186161158,0.513065440591629,0.23130011314895527,0.13812487489946174,0.5775449068044889,0.740880684459174,0.07461356626250192,0.5813037772066142,0.1669693958947437,0.13470900050079743,2
0.9921086815684592,0.865455118259897,0.1851572781552101,0.7774039258800717,0.5954101040237485,0.39708064493031625,0.8491404015686932,-0.03223950369341146,0.29478687190765196,0.21158231166223063,2
0.6022752649401967,0.5329930485633438,0.2698214538672265,0.3045199638693768,0.8590081779210412,0.3576274768601144,0.365397860381159,0.05470761177320241,0.203053064111793,0.15720894383857228,2
0.060211103411484695,0.14631211725585425,0.5150351350281632,0.48080938665083484,0.8798408617438951,0.31878039600257174,0.5220513840551146,0.7441364262258249,0.4214707047639933,0.1342238510963872,3
0.802833658639486,0.340258152694665,0.3918172139508333,0.35353375287064653,-0.2834435173031059,0.6534953523461763,0.6374313854544509,0.21549252311174558,0.9851721574999388,0.5153353561207163,3
0.914228562743753,0.3573203357401889,0.7279316356701225,0.02122543994684744,0.891904022101653,0.04714609238551338,0.9062924627711902,0.7026468608931637,0.18249030637705033,0.7507471180008868,2
0.6212255793760941,0.09139131515430879,0.6728520473523417,0.2378884686039507,0.6544813872265071,0.1871760827600858,0.546613221753832,0.20624084494056963,0.6571865343557703,0.33965757318886597,2
0.8495161406557314,0.8618119832293779,0.5109169881028894,0.5771375147413653,0.7040590010023893,0.22409058610710994,0.5341909772058934,0.04319465055644077,1.0467729632206342,0.05750322227480657,2
0.14880707404378027,0.12626243619934197,0.6564253990702948,0.15171854520705236,0.05327430281399277,0.2741593218594026,0.8473842423618734,0.811923084292298,0.5335697812902843,-0.05343548394868991,0
0.5515545842962003,0.23754966627412438,0.3852655004721887,0.05235532509331543,0.18171128720672414,0.14270187706199006,0.5686953465880511,-0.0008137188697077793,0.6625705444262345,0.3500411311107881,0
0.05583108732089982,0.15338271264288775,0.5251347090494326,0.49656354175735545,0.8779888546208362,0.3380393774356922,0.5112341752081705,0.7378900018831178,0.40040126613155835,0.1574548232739377,3
0.36473063238306114,0.202134318287601,0.0936690410550174,0.6853325411290992,0.540992759897888,0.3213429600422556,0.7757274732582133,0.3238523683721395,0.052428724438320286,0.606165609263932,0
0.9668231473095901,1.0065430648793112,0.636207968493083,0.0015219190880501957,0.08474710402567673,0.2109848119077138,0.014099485891336376,0.7391989082525258,0.98574541572071,0.68526543455241,3
1.0993240381762557,0.23742752716401086,0.5240579153965154,0.9348965063718775,0.8111303748879523,0.7985349055031442,0.2722193043712984,0.8471157137278996,0.6264569418774087,0.19953721319570908,2
0.7039415550247371,1.0106481239217477,0.9654915448780299,0.49247540670002843,0.41320667080765494,0.8986594582368815,0.22458467070481397,0.21770636787944914,0.5411762074319054,0.1280098833464161,3
0.6192069806692612,0.8056674286444772,0.9702339054116464,0.7176818670792982,0.4194357483629954,0.26770914197279666,0.19137825735988112,0.9433538131748926,0.7917689506226299,0.7934550392474699,0
0.3410188561153348,0.9090264063440419,0.6448452228611556,0.3493336812123736,1.580152436819694,-0.11089673195799118,0.5970020774638697,-0.023005610348960093,0.0988492000192267,1.4645144459463477,1
0.8741775899110198,0.302723886838859,0.7016379527187399,0.020530287990993365,0.8969930744889564,0.016386373213149872,0.8814880250046611,0.6636014744704212,0.2152346494025455,0.7698627050792335,2
-0.23812898432231144,0.37358873441023344,0.3010541768746525,0.17733493353003993,0.364517528551581,-0.08577466918508526,0.6234773214126293,0.8454607665249398,0.14442267726192426,0.4867895702653737,3
0.7842844814336586,0.5508380216778984,0.7661927066605843,0.3713357250947936,0.6693251605320265,0.9402848137239112,0.29761115600516935,0.14874318027032046,0.1900893647867746,0.8602247654949187,2
0.475733730346434,0.8541543052871295,0.047985483628138294,0.4370315868682709,0.4699053938021003,0.2584159692731165,1.0867335065093782,0.38941248948308405,0.6135789844973257,0.4446493329116372,3
0.7485852548983544,0.8206663165911848,0.8354243338986045,0.7187769189075113,0.9222304941307412,0.22794524342699263,0.43269211414535014,0.7244710459015893,0.26179317989658113,0.687534080349982,2
0.35625519744060463,0.23530397123334582,0.12088393076831988,0.6584820309204032,0.5698758353792186,0.3006708788940006,0.7746554678576961,0.29461057143526276,0.08171754516489169,0.5874379566453503,0
0.35056359069583903,0.3172486167864983,0.29697253796039846,0.7223533999557104,0.06403709595813892,0.46454800271718144,0.5075587963366108,0.4508517357865195,0.07866981253536204,0.5479820663208405,2
0.0772766222505038,0.12543636440586273,0.5172820732063365,0.5211285319775995,0.9077493737150427,0.30076305651099217,0.5391728225009355,0.7160674539597773,0.42055252571426677,0.18870745160766417,3
0.7149781101153498,0.8316334101548835,0.8433358721654344,0.7907188595121502,0.8503100463407147,0.13962563970375613,0.4459065636034981,0.7276146705798016,0.2721788757009168,0.5836134634484232,2
0.07974264258110227,0.9818265980771733,0.6891834718818768,0.5808012564998177,0.825670706616426,0.24222802657192358,1.0082491318525442,0.36836688084063735,0.6806501303157555,0.6343177136522801,1
0.4469139206127884,0.42237436265211087,0.9139809375710294,0.5725762193980659,-0.09860118793606983,0.41494063179295704,0.6903411505581124,0.4769195853209126,0.3112389651306019,1.0009183501173036,2
0.4746434366189572,0.6348923562039069,0.12134052686440594,0.172766061147039,0.5881575010985265,-0.008119217234882348,0.9704804857165299,0.287942408684544,0.5585017867843387,0.5706446007963236,3
0.8720298680413654,0.8847426743499446,0.09571067795907563,0.7832961359543401,0.5936332653547599,0.28523653339444294,0.8512246109283571,0.01679305865759671,0.3044237842376862,0.32697549797712966,2
0.6336390719171311,0.7343648865887272,0.7395835776251655,0.8363103355958502,1.0292880158709645,0.419850233636666,0.5084331377225861,0.657887986743017,0.35947958814479686,0.5244442836376422,2
0.8216791641450909,0.8763890056559177,0.7148668767968925,0.7620374420997418,0.9343415091782195,0.2405065525013491,0.4177848414212479,0.8459957554709758,0.3764097294984538,0.6557072366602698,2
0.45214924677225654,0.5546668948339887,0.24977761108363583,0.6408918913229728,0.03492606843281616,0.3718890055027969,0.8621822535906092,0.3769873790062443,0.7426599620068512,0.19225065492600474,3
0.8366431917426286,0.22745877147846993,1.114058822353513,0.04788042800452602,-0.24281572809360896,0.6064573331248816,0.7091379050950212,0.5064339552490228,1.1069134065550124,-0.12926507331507908,1
0.9854992619021773,0.12542069601824596,0.8832093094766128,0.30306819045284183,0.4672978493456417,0.3708553797916783,0.4232900346279452,0.5917572447145247,0.48117210346857076,0.3368743632746666,1
-0.05800309052483393,1.1718094592252042,0.7718958688609314,0.5461534418648667,0.7883302639212505,0.29700499695948024,1.0613318758978225,0.18066377396840044,0.8806640699514727,0.6359268428476463,1
0.011428259404085962,0.6107126661730948,0.8148660172737716,0.22735888189467618,0.7321888225266713,0.6814226286911961,0.5343272672785144,0.08208670470986701,0.7759046653601045,0.01741388786538233,0
0.7893178484816459,0.8465347254817511,0.8417803702248214,0.8430687206331826,0.8839314866423236,0.20524399792908554,0.3199046398112331,0.825015103296376,0.33214936043924354,0.6046889364705744,2
0.19008626258529052,0.48657181961167795,0.9563769711989702,0.7062095578938637,0.01870281310605448,0.24027473207169547,0.702605035192245,0.5631379256204285,0.31745416617673006,0.8725039901068778,2
0.32392816185928003,0.8786666027541755,0.6439729504296251,0.27358579318307863,0.14754407568255037,0.8286515725198381,0.5656664884921624,0.44542623393130165,0.3686860907399076,0.40889378689732436,3
0.42713862403552616,0.27227914115998497,0.9465513385708051,0.4890092366396731,0.6922185515893785,0.34323227359252095,0.287565892184176,0.4241730429981678,0.809976230975787,0.5807085459909622,3
1.3200365373224894,0.4210157975527228,0.46544660677653804,0.7098897735506782,-0.07158353945345686,0.5388864860537891,0.38992471196256345,0.8633387993619426,0.06753637835646642,0.21082094497648804,1
0.7116732054060478,0.9001479929759355,0.937299733521108,0.7142791550092432,0.7281816135557483,0.10233287642339188,0.8872702398644914,0.3865538353469174,-0.0008741719506142331,0.5295700008684707,1
0.06399690303719935,0.7542926899174689,0.916951274182501,0.4791617674471714,-0.05232831831635579,0.6249702669820691,-0.04545937112279996,0.10704174145824025,1.6348707305629886,-0.16856712512237648,3
0.5013564720305552,0.8354015406666291,0.891373989839642,0.46631045060861515,0.7646490087667194,0.8348742921943992,0.5479887111010182,0.3755838573319643,0.7257355418783552,0.45919413735010567,2
0.07462245617058527,0.19945313362910777,0.6057061667962209,0.44285819502589374,0.8632427808589008,0.3220055394542935,0.4584601875353883,0.826235143889926,0.47182458592923787,0.22112032137530913,3
-0.01571983868144565,1.0751362778508304,0.3637348643007451,0.974282550922081,0.8136640080310653,-0.09228010432198705,-0.1346874739587489,0.6029041634370411,0.2624387034353882,0.9464600643682926,1
0.44235604992043986,0.6280740503125404,0.753589751076233,0.49366349803876525,0.825005228376974,0.5083802304754055,0.8848974874509126,0.3127929489915694,0.020286118329256662,0.8843315986052778,1
0.7272037725196119,0.714664479790651,0.4531473736766753,0.7263065311937459,0.20784696359658023,0.09480853816080509,0.4264484560467838,0.1541994285571071,0.35473346500079095,0.7401625220331391,1
0.8002802364545133,0.5910338021253834,0.7697009493477752,0.3792136293765968,0.6470964914148787,0.9431363773848458,0.29580368250289946,0.1484845147969385,0.20671897054070598,0.8542625230949887,2
0.6680534053999778,0.5908631129066921,0.6888460471717017,0.6719395968498383,0.910588988399513,0.12929221913043845,0.987997130821839,0.372977584975482,0.28879634713815755,0.22791890688080146,1
0.9705432965866703,1.0028935353583088,0.6470202878582109,0.0032885752010857255,0.09427560306220341,0.21325392935944598,0.033234352749824246,0.7524185375294091,0.9748300444970636,0.6922477207884588,3
0.7459945544789012,-0.0368564638811103,1.0363214293133518,0.1585976166076892,0.498007302806526,0.3517783911976508,0.3494852707052487,0.6001590249437634,0.5237041688287409,0.21826196139482182,1
1.1759403885778246,0.6896578422405676,0.4708606323104142,0.6219751953174618,0.5802284193293201,0.5747021755471686,0.7308856655037981,-0.4575734414654652,0.7684338145052169,1.1253804048453322,1
0.8050880128207768,0.8601968035741916,0.7623624311093344,0.809673151645259,0.9422545747501133,0.25713638486411317,0.3806653175568642,0.7939671754985621,0.3309117083306996,0.6230818118808121,2
0.35670047207258215,0.8343541548160133,-8.15849710776792e-05,0.27069861524264144,0.6189281685378465,0.18648053510909288,0.9390942423576333,0.2781413652252506,0.7467322272120991,0.5713848325675925,3
0.8156842171182971,0.6021680806641768,0.7713680971614215,0.3525661835548879,0.6560529944749108,0.9562078132294065,0.31986012865874747,0.15641693612528437,0.20577968922044768,0.8339268091822687,2
0.7289167547514179,0.838193567400609,0.28101121948544483,0.8729944006847288,0.6377984744151002,0.14142452363100042,1.0041457700151795,-0.13988252322839118,0.2867063904397935,0.22847492460024854,2
0.8787223711062951,0.29694503716952425,0.724111414070548,0.030295752815156857,0.8799800052932373,0.006304480582359667,0.8646578864682171,0.6352118736923565,0.2288868446115208,0.7819290361463538,2
0.6656884511169192,0.526908796816777,0.6083917227184504,0.710411877006216,0.0857488748060028,0.5295925548796876,0.738771106411042,0.5378866324480782,0.5372669617147162,0.10385405450417654,0
0.7983790330429126,0.9846160294538722,0.22960384893055535,0.7392004965896728,0.5381683204193017,0.22568496790389803,0.9401968591925232,-0.05212748519172515,0.31313206624389045,0.37515670642917714,2
1.0215990212453003,-0.07016368456211353,0.6139354591226323,0.25052830637367474,0.36211111932850565,0.4209606060060407,0.5352688400494113,0.8619418917319214,0.2017515554816609,-4.235765389737356e-05,1
1.4246751914836457,0.4215105173277753,0.6974658893599918,1.2210452237984537,0.29845309112124874,0.8684442871398751,-0.024783656551838174,1.0501614226467992,1.005351997174986,0.6142517590477965,2
0.13295466688232915,1.227651747425516,0.5654910494762387,0.7090698651471009,1.1206404389181217,0.36537039056898746,-0.43154849387449046,1.1159897349853112,0.05307066300044444,0.967097220911817,1
-0.11157011247926427,0.8484725439163513,0.2915816653785945,1.0546316819183816,0.550825286772116,0.06745284772817069,0.18633741167852214,0.6132588878608474,0.01767202176253238,1.007133709940401,1
0.7954007221134637,0.8335285487831259,-0.004974213863554899,0.9348587790685458,0.5412089200472731,0.4721997222866169,0.9493594950035594,-0.007957564351679852,0.14578106464058646,0.5157515258951406,2
0.9118293781814929,0.904858120648463,0.1165371189531828,0.7649515981994046,0.5702637200041476,0.32716046842696406,0.8874503863286924,0.013243333308568242,0.2982588594929826,0.31221904636873826,2
0.5912462181018187,0.5242800545964379,0.661615612098537,0.6249828168475494,0.8889214465065733,0.1435586228353602,0.9719868055150728,0.35500222089189754,0.26798595767246536,0.23578316639467933,1
0.1337399820661522,0.6545140796635832,0.04618695805026659,0.3362066427061401,0.7412676943350204,0.4030427745169773,0.42818442041586513,0.4536809527745942,0.24946704111659834,0.48337160266034523,0
0.3617472762252414,0.20238623734988678,1.0960613832298587,0.3497417816458449,0.32294213984604236,0.3931288441345802,0.41478813174809703,0.9333995885728417,0.7195038047150959,0.4627559924059045,2
0.7001995931363114,-0.13057254086312925,0.002754107013009127,0.7163677294786754,0.7883829346798176,-0.04306016955411307,-0.023236601886398082,0.4229511538259344,0.8161270890598998,0.4793225104029007,3
0.46644646933771583,0.8056880557155601,0.9353122907232957,0.6516545486632563,0.1804766254391965,-0.08200834799551643,1.1123818620842465,0.5385942609858407,0.7681548756891241,1.0139753125117432,2
-0.10316440147193218,0.4545167611568392,0.3110873808226361,1.3658843306357802,0.3854871132802822,-0.2759470707858806,0.08077881969822087,0.0638162278392681,1.196243529937474,-0.056503628264781725,3
0.990507381250995,0.1010867312749271,0.553802517511348,0.8664443236011353,0.7117853413023201,0.8685756233415802,0.22596972424170714,0.9529515148313318,0.6389460803779032,0.2761976094991904,2
0.7910888756350168,0.8281451622264159,0.7443294769341982,0.7674293395449836,0.9051381333462173,0.25034732200219045,0.3615928498168841,0.7704454787746238,0.33031822325177584,0.6408888887327044,2
0.011545074139437946,0.61333910989902,0.8144776343055278,0.22730181661379478,0.7288433565671342,0.6776017699243108,0.5322681337804196,0.08305546701462072,0.7791872462484605,0.017856368820406258,0
0.882171775217883,0.10732564506632815,0.8824577794187702,0.3709509273604761,0.43604109353804865,0.36669039525372427,0.4700189677853204,0.5577527511624281,0.46002033248544394,0.3679112850083544,1
0.6967522198897073,0.878903283966041,0.7754989746900296,1.0450658055803344,0.03561812343362239,0.04245385584190875,0.19562786321953868,0.033970081626157056,0.6426089849486363,0.39560184663620146,1
0.4134741242688801,0.3827957389275178,0.4571975206944429,-0.2756402899861334,0.9417078483298639,0.7113125027807743,0.5948566854773741,1.0120427778384018,-0.3281489802423427,-0.14979453270433302,1
0.7278575592224799,0.2849497464311538,0.9532694984079036,0.4103110001226773,0.6808949545377944,0.4017613352023529,0.33668493486179213,0.033293473911867724,0.5431614338869892,0.8026468395031673,3
0.6946130004516867,0.2536201617531941,0.9151298971235775,0.36229678065176957,0.6842251794186429,0.38414591811257104,0.3679846010633331,0.007388717173949032,0.5654809748047732,0.776744137674563,3
0.7793240072145767,1.092641320641889,0.8598531287584812,0.8694025378251182,0.4279289865202846,0.3699555395095753,0.5139539049316373,0.0014214725710734524,0.6030748111045251,-0.22583792473092268,2
0.8118573524753506,-0.12165283706717775,0.24565518609232573,0.871925555770722,0.9595736145845544,-0.03410044006267668,-0.110973081227831,0.6666297387128858,0.5078100008326912,0.47297398062337614,3
0.3665412937523089,1.2036401365419693,0.4242947042893227,0.8241707200457038,1.097336361546113,0.4357452409916788,0.012728503906997868,-0.38183369432957914,1.313012851018992,0.1786933818668029,2
0.9336204732267079,0.4295623153394465,0.7231068565701094,0.4302408282564725,0.11006797721727629,0.7812577822719777,0.520279118206183,-0.027019896726303748,0.612058651795991,0.9332683121726986,1
0.996092574143189,0.7833898177559087,0.804226324939933,0.6400952575612,0.08067650278290411,0.5178817683756904,0.06970702947127225,0.6465071076159046,0.07486573417094733,0.46478988107950164,0
0.598732254567373,0.5600741839429895,0.3076662768113481,0.29279048681517095,0.8296355636448711,0.3423735105839702,0.3606618624085914,0.06437538786422403,0.23990093609474586,0.20164115799244062,2
0.9966764689001438,1.04475530499018,0.5443594245307916,0.7106387444113358,0.8318834001839723,0.3146959612079376,0.516783381909497,0.08561736778387359,0.8368628309154824,0.030941797290761946,2
0.5689643320608286,0.12314240394359886,0.11718950013428582,0.9955983874985588,1.044504509681224,0.19863770794604915,0.06722844815827723,0.7118481398778305,0.5186332041803269,0.4877200048236877,3
0.5842076343858311,0.2938505406460335,1.0589883335571866,0.4585802133688043,0.5956644105056277,0.36381322294043017,0.6963460486503306,0.32061748402491896,0.5629512070773285,0.12185044648143889,1
0.9587017605646642,0.09183162917053245,0.8755978171388269,0.34075417582133005,0.41103297802483635,0.3924433911622684,0.42517283899675967,0.6364162020407379,0.4457410945181778,0.3720271550153133,1
0.16286710190468584,1.0728548452724276,0.6168607673735931,0.6782117639662251,0.8158187343270076,0.3990811825726598,0.8097003831206805,0.176993666144003,0.7501129154132051,0.6129444161327127,1
1.2640069973828738,0.46297192198784887,0.9323920123904863,0.2878197360257287,-0.21443696761402686,0.341798807731965,0.6059168445546514,-0.027182551681381367,0.8158286685207365,0.050471370493592564,3
0.6228066827439117,0.3818666313302258,0.007496036367862113,1.7948245536500347,0.6714535502153317,0.666532329513196,0.4665524634183792,0.7085894639515371,1.0447821642089226,0.9003298137001953,2
0.7277368554227158,0.03988015715777707,0.7371053258573415,0.24392834614626455,0.09654997315203581,0.9536157540028162,0.1795407714067207,0.48383395674457497,0.2144211690015382,0.87133354996457,3
0.14425525187342697,0.9447985348806293,0.7628095607290715,0.501456379047453,0.8899672220802985,0.20682747190886624,0.9964950311764136,0.3324669286629306,0.7399534798560677,0.6183209335005434,1
0.9543843172595503,0.9558896861928478,0.6106880073593459,-0.0305138793993405,0.12384156267171618,0.1810632467204129,0.05471289393596135,0.7901984979986815,0.9963822616466084,0.6966153207416792,3
0.9540570927267036,0.9999087350690408,0.6693924126447348,0.01645005541833783,0.11973289216080854,0.2147500067664737,0.05530600599837539,0.7604362880867633,0.9624164451163701,0.7087939970767033,3
0.6700503335864543,0.9840195317591716,0.7207993622733224,0.1696478495672865,0.027380124707744008,0.09862989642054609,0.38182855397040966,0.3997409376225362,0.26516243455258204,0.684386489464744,3
1.02983056731041,0.5332999425984203,0.6977300336845106,0.345346562798789,0.09375036426865993,0.8918037514490286,0.42498652227379513,0.05262636334982482,0.6865105280117577,0.9555554216982562,1
0.9700704852531895,0.7137465097927705,0.8951960218637642,0.136528604964685,-0.3780765842944378,0.6815573788608594,0.5358524840488026,0.4739460447242415,-0.03041377073263289,0.28334979181806713,0
0.16527534559218834,0.43144609674431406,0.924774149368897,0.3165862144442078,0.8271645890010891,0.6588310843210916,0.48363372934150495,0.9725535265910435,0.44953755159311365,0.4098760512949677,2
0.8936637774991814,0.019308937291290636,0.21080815940949701,0.4705501377212574,0.17449559109757076,0.15594162739987083,0.04418832020288113,0.024805859216208176,0.25016255109915575,0.814421449304507,3
0.15012468890507924,0.8019797595521014,0.7055776357472402,-0.486861670282537,0.5958549040439274,-0.4704993131053783,0.7867847347345617,0.9014541334086545,0.8259427492779744,0.18727340088283556,3
0.3291254774743542,0.22652877293184664,0.13577625568741683,0.6725965875605414,0.4842544094113207,0.23795276284889927,0.8182735908021871,0.35651601910885006,0.11417937850042492,0.5110130791274525,0
0.6517227753743149,0.5482621958022633,0.22097396645413342,1.394966181438407,0.48701546974636906,0.7327735138808191,0.6520876904075198,1.024033210876126,0.886195836167724,0.8992198466245055,0
0.9207356854780663,0.01696515926955499,0.2190554722453847,0.4584350092719437,0.19116085572533478,0.16669992236106962,0.06486181437627694,0.04241882395374208,0.24096128382008386,0.8273543111070522,3
0.736611072315898,0.00830110898081085,0.6580328017341499,0.20439823908275698,0.11444114471495284,0.9086904495218556,0.2644784344345726,0.419058526933624,0.175747399001721,0.8479468477196787,3
0.664345266071511,0.496671426289333,0.5992352293256389,0.6823714274016446,0.055071212536003056,0.5138375485015604,0.7480406254453319,0.5348062322040683,0.5486567561547838,0.07827614600532186,0
0.0921866701855579,0.6736356855592751,0.009180514238442815,0.24843754845336058,0.9461886795167385,0.41923256103149037,0.2917629127402071,0.3308085116152988,0.12155890248468396,0.49425334164096774,0
0.47887023691461167,-0.2986398498440847,1.546020642064252,1.7067898009615736,0.16479129574490134,0.5581923046824925,1.86835649451541,2.0038315237115913,-0.08090297887159792,1.3605660789881897,2
0.9827306023726105,0.5629560012470388,0.6548130035088096,0.2727468170630952,0.20210393465589988,0.9267617550804711,0.4007931877533498,-0.10396819465672351,0.6996525512441933,1.1013729304282895,1
0.5155079463114403,0.8030907835257362,0.9086548902224785,0.45764413064004,0.7496748350815169,0.7721120312885696,0.5705712432704292,0.3024323896649866,0.7054708913662721,0.3831265522344932,2
0.677279037854402,0.28863450817840725,1.0584159843406664,0.8486096663800045,0.1870576140135844,0.08796367746395028,-0.0693643356693418,1.2214596156950575,-0.14779808941336786,0.18643390938761822,1
0.9098708966273725,0.03800297488882282,0.22033417421042634,0.4538661837118161,0.20961943884037063,0.15838430249342245,0.07524860747757231,0.03124767166175181,0.26695069549302464,0.8000913173911243,3
0.720576642667584,-0.30386532546360934,0.2099228485807107,0.9756537492388029,0.7056039170200958,-0.0029055109042719074,0.3498029937687084,0.7827605838768249,0.7801318503385954,0.578291922298008,3
0.06286281508406968,0.6874667410836951,0.05342046676087429,0.24565306502477605,0.8611628666098382,0.39395088539155554,0.3530261766124681,0.34819436240815754,0.16617553713369315,0.40133387602184556,0
0.7808141054670127,0.19560944703682007,0.8618226798381877,0.38704526762697383,0.777286522095157,0.28793138078722524,0.2924558473324861,0.02526857147391333,0.5028595747609007,0.8951736438301767,3
0.724035630579611,0.5842608454577983,1.0449947125471544,0.23745797308130479,0.6430836298655658,0.44640110981035847,0.3908944657693432,1.1140985526641896,0.6500100616498738,0.39935459703606374,3
0.4140416794249814,-0.1420760229738881,-0.07995329312404942,1.1207080341258733,0.8795011570869853,0.35340775210194586,-0.14566266602216063,0.4007245535028197,0.4184166446530617,0.29643722965659347,3
0.22292726718486222,0.35680810030546445,0.2697802410901526,0.9786684043536484,0.5382503780001314,0.7045847290597584,0.5326920361845532,0.6849121122469235,0.42839022563151863,0.5381045884981082,0
0.5294095880535283,0.8160605602210487,0.8921836023616772,0.5131856226343858,0.09060887377599613,0.9624499696524071,0.4092945607544642,0.1713796393481523,0.5591961366942664,0.3591700490797297,3
0.08400842079907271,0.04997814343568079,0.41292684815762515,0.2960953734633195,0.8347986232299576,0.3408228186133005,-0.008166872715945642,0.816846107936559,1.0520725777549569,0.8713657942082284,3
0.2959165447617114,0.3444764231894765,0.31408998118199405,0.24020559783403667,0.20979867889362286,0.6202426485644008,0.8148703144587741,1.0801850445440195,0.8136368845496469,0.4689620233528612,2
0.40381796174302537,0.2514705780293333,0.6219371256851568,0.5439333937250339,0.4094045856975766,0.6616327760696274,0.780803610298051,0.6364048139126848,0.4541341634015381,0.6008280521385555,2
0.6750749902727955,0.7639276762046561,0.4735897658589437,0.6791450369508417,0.20461935604201853,-0.0005720757253242711,0.580757298489168,0.1932772847141555,0.43765054341087206,0.7685951974252513,1
0.21459144850104966,0.5318919667480038,-0.04104971582645661,0.22044743646016235,0.9116704891485053,0.2429424883714294,0.2696169843470092,0.47085597075344054,0.28377486593238394,0.3154581080034956,0
0.06449134220535035,0.49885440518649377,0.95085353588433,0.01685196023743071,0.7832883001941798,0.43082658184507394,0.5419101420329364,0.5048477991481408,0.30177268035550675,0.21885268965027121,1
0.6897107405765008,1.0878007989351581,0.7035863292826741,0.5587769917874633,0.38608398191051696,0.9578266779593501,0.24428129412036267,0.08738743624584654,0.4957483187133288,0.06621664396026647,3
0.8280929609944427,0.24927756816562274,0.7771495080943946,0.008367248191286761,0.8495002479232195,0.06429681346132637,0.8519367791695251,0.6199107029519569,0.22765981923631032,0.7505291882281817,2
0.30246684301739357,0.31879809499718637,0.5803548581112923,0.8074820650457806,0.49330150005695284,0.6166440942728753,0.6193308568033424,0.9093915395197464,0.8060774091095904,0.37591065670702684,0
0.6991619199360252,0.25293797785277156,0.9005484209378021,0.34579299683498144,0.6990701489922216,0.3374143008549333,0.30798572570117067,0.023278274811720755,0.5022035505625551,0.8075384430253986,3
0.4565471452230572,1.160303625700717,0.5316264275819791,0.45010663273640067,0.6448368667504006,-0.06337396754843272,1.21202411755971,0.08587105368185721,0.8290717847201693,0.8647659110144638,1
0.848633293597021,0.7764378795530882,-0.029339164453190875,0.6565477060990244,0.6626998499618844,0.19610776797077284,0.845824945490067,-0.045307689050833586,0.1533612971072621,0.368942677080706,2
0.9586968215985681,0.8504700999205499,0.6225040204810471,0.14010732091522957,0.16552730909009472,1.0687311661753895,0.36083272721769694,0.31071474277812716,0.2535046395837293,0.9751631958985847,1
0.6551123667699869,0.1571663551543918,0.5982386672172724,0.09612471071207115,0.823927548503263,0.2741697420217996,0.5710991358382569,0.26230159649526663,0.6550115176014956,0.20223670766907312,2
0.528805963664751,0.5492298153208884,0.3168377135373858,0.844622421707619,-0.25217786800007413,0.2698810013258967,0.4590020347071998,0.1343271977714497,0.5670097661924214,0.21519881293933305,3
0.8117806784861574,0.8643274627178976,1.0135011907249392,0.31137517599687203,0.05147452651773596,1.030907829122675,0.09109754226194933,0.012636564586827983,0.4700262280268953,1.0093509108186693,1
0.3346926270199944,0.8264864300256668,0.1548101092115955,0.34556574045674915,0.5511336788660648,0.1915416969546987,0.9129545660208812,0.3232047363273576,0.6865366177757646,0.5944993144266163,3
0.9150354466666624,0.08178018578918766,0.3734472891080631,0.15937027611119917,0.7148847945598832,0.375843070251501,0.7942399729229092,0.32580451241605923,0.43610187618673785,0.515532687087364,2
0.45615254600391375,1.065751457273231,0.6713675097860461,0.1728505216543778,0.5796924403496635,-0.22584173139219502,0.9028108974900819,0.09914323962939608,1.3786181170339915,-0.10250218792707538,3
0.12002174589162748,0.6625993834936796,0.272902086242409,0.8539145478332598,0.14954420269648733,0.4392863410990844,0.23070845316293256,1.0073377324418153,0.5131375757965533,0.8268169427534877,0
0.6968603079055781,0.08151547326048793,1.1687779657755857,0.6620105300580075,0.07373172524102345,0.7353421463922117,0.6872552285650649,0.4034243845176286,0.30099365564103553,0.7277810612021818,1
0.67896191960902,0.5173920717188882,0.5514342506477289,0.6429106785503156,0.007282888499388976,0.5159367419670078,0.7413510664748378,0.5802386794833405,0.5822599870942969,0.03495258428980139,0
0.6410228759107219,0.49535509259512384,0.6244692059698694,0.6641840927508813,0.07293789190799936,0.4841568195952701,0.7459586104777034,0.519627768372546,0.5632386652130115,0.09678943664349828,0
0.4079660193182557,0.3232531825433122,0.5028127131099974,0.5956249484447987,0.2274543398156036,0.8041500377282167,0.8657896776884477,0.5241371157101273,0.3791447772777362,0.6547442024763179,2
-0.412526945013893,0.6601116194373486,0.3910418664707497,0.6339604429048376,0.3966074263372553,-0.15321467538776162,-0.055767425022810624,0.27695156954839684,0.5822698531496135,1.0661226841944356,1
0.4183361505698802,0.1447694653853144,0.010469579621787906,1.0934625313873743,-0.016936681704603496,1.0815404267045916,0.3997397075096779,0.5286917109971649,0.17905252662040427,0.29527221327675773,0
0.9188147488369508,0.3767995651986418,0.6977616696471453,0.07971786761818217,0.9218038094854044,0.04270396678016862,0.8675441838766379,0.6845641967895286,0.20375958826697374,0.80974334064471,2
1.1980694908371197,0.352424259270392,0.6698153644420917,0.6819487621402377,0.8269774838647799,0.6562628131005209,0.38197076823576115,1.0791926657090039,0.38359069636387316,0.4572894143950691,2
0.390163995142583,0.6720405066481667,0.35547302169840284,0.6966980434470553,0.018965688367702044,0.22472422336230416,0.9030586508199283,0.4402116223985212,0.6939249400688201,0.27243112364686267,3
0.15200424699527876,0.29320928196497986,1.7822776398688296,1.0863315395857234,0.6934169288066728,-0.1579328209124063,0.4993019073099929,0.7458909821362374,0.6804113473826583,1.2423177540168666,2
0.8338995977889984,1.0226998788787236,0.8117867282467928,0.5365622459178955,0.359049637274247,0.7696955306619835,0.22256394067270083,0.15716754277088277,0.6161566578946353,0.024987763278852756,3
1.1256704642231046,1.083474060659515,0.7248585802450523,0.6258716739279426,0.68026659836679,0.3352693351801181,0.676633008363517,0.08463668468856295,0.8885941615335335,-0.09084052236738772,2
0.7841323135246694,0.5875719663231047,0.794549994916508,0.39277858029081775,0.6347815641708923,0.9235791463246569,0.27562379323295394,0.13933237229907672,0.2128964277674701,0.8386261980043686,2
0.8014447117034821,0.5751905437046942,0.7804265080902831,0.3804132162939011,0.6437753248413323,0.9416887087781689,0.2970037181160759,0.1537080591516249,0.2115810764331099,0.8575698088851481,2
1.1242314925317225,1.1719689609022395,0.631997126746793,1.2424784474715538,0.5959509753102132,0.15517573270989982,0.7771780138542853,0.4632146122731547,0.6873205220204441,0.8319123522485952,2
0.5121749216667988,0.3872243987461835,0.4122210920302379,0.1344382351562889,0.49095614332765486,0.4454169510879203,0.7823294758958802,0.7694394872799584,0.24730970618683942,0.2736771333535623,1
0.26499667491537066,0.08124004173413377,0.0660882943198096,0.8184096006506074,0.5864209567185349,0.45304377689318864,0.756855749703562,0.4348116114895292,0.11693951162066668,0.5984376838052424,0
0.48887734904569063,0.12852787997260398,0.5102488743076917,-0.04849106913656502,0.06507933336474737,0.11856291778802011,0.5194529452571862,-0.15528961376168754,0.5370470791833222,0.2885859431709721,0
0.7710246151244091,0.5765903059985024,0.7687592947085746,0.3692638538364204,0.6428466114285062,0.9587284478203442,0.30623027887515475,0.1306120758737572,0.17204077087214992,0.8427558135946827,2
0.5324703829675557,0.862445142136997,0.7340386866249329,0.8910713841223137,0.7242790675074497,0.4088069441321159,0.35081801453911404,1.1272417233066894,0.3605780038381394,0.32178522442531315,2
0.012401496081960261,0.6131661832356122,0.8131522877475073,0.2280842283901139,0.7305313084464852,0.6793693608214324,0.5303689270562448,0.0825903497202774,0.7793423934125464,0.019219798695688392,0
0.45119010136224086,0.11530891341239709,1.108408362564258,0.5287536648766721,0.6280938543843348,0.2526629404772173,0.41979450543534974,0.5512804217281523,0.8317189377289805,0.6240292724096274,3
0.7195647706405375,0.692839807766696,-0.09762257601157748,0.6839531137608983,-0.17194838993031075,0.12948659984379288,0.7800175633636554,0.19254167404338376,0.4606789120875935,0.02614212674618882,3
-0.1600032397205874,-0.12310707581875055,0.10537884761357064,-0.12646653017582737,0.501677774372738,0.03845285249133229,0.17897130363896072,0.2872652444768568,0.9494760445933077,1.287594123148645,3
1.017927430710896,0.3092248638463547,0.8608100631031619,0.18486414147778804,0.4137200805149016,0.30111850829090814,0.6094833019542195,0.7226846604257138,0.6018572307963203,0.284856126520507,1
0.9178652480927063,0.3613605564002991,0.6826214102545666,0.07448652857533762,0.8577564531787236,-0.02288361222392063,0.8259935609144793,0.6323718779286789,0.23296734617011677,0.7441120017113094,2
0.6211927614911434,0.7924706227677911,0.9842228732871923,0.7212620876141809,0.3914518766726551,0.2510182575366156,0.21619169739246008,0.9439660253133535,0.7912424760070313,0.7730799458243638,0
0.3344011678238918,0.784042643982967,-0.029903686065151022,0.2618634445097759,0.6263134278837773,0.1614978445646772,0.881213503761798,0.34887255782043947,0.7111237015062054,0.598256116131588,3
0.6464365893249413,0.16120805924227255,0.7754192897699395,0.20649765028367079,0.015029331977834015,0.94526700261881,0.1908668057690474,0.4636567381932555,0.17048603015415048,0.7437795379021073,3
0.5937481880788642,0.9788640320384053,0.9284535554570319,0.7225800887645074,0.35529790881001055,0.8497740305955181,0.0988764873877242,0.2446836892677687,0.5499405923330225,-0.037718759131656315,3
0.1283996739411011,0.4096541055842511,0.5286145051565952,0.9711605163028527,0.4702917271911614,0.8353245755137635,0.39470301816499165,0.3882353216619837,0.4750830284457324,0.9890305218148358,2
0.21447797891320314,0.6402972407709224,0.8204067256690202,0.014709699629322861,0.8163162433089006,0.3793759466288869,0.6819524737015424,0.5903935958002676,0.1177778469889126,0.32409826799247426,1
0.13731362495656135,1.0179920750446003,0.7535174556078603,0.5176464498250986,0.8399275863711645,0.24721571315642651,0.9084950454279315,0.35257534421368597,0.7247747992097381,0.6943094893126223,1
0.8618304689902342,0.9289799828028492,0.21675140569794638,0.8616316433752994,0.5498779554520346,0.2940379843566645,0.9435954636139632,-0.04119816586628926,0.38216382006371846,0.3632309831602337,2
0.2894918704181372,0.6225886823564901,0.3150416802623819,0.14112673755902272,0.7261149322093141,-0.23773584227985325,0.6833506846663652,0.7810158985769967,0.39255044354264534,-0.001562328317504219,3
0.3057480295457292,0.872974200940378,0.6372704053801773,0.2633898346044822,0.15201344500036404,0.8217776485484617,0.5645310376538913,0.44796649652625686,0.37047872293940365,0.40782595114603587,3
0.4462857024720994,0.9095880629104922,0.41266459740406375,0.7847009241569813,0.473794123099456,1.1924261896075494,0.32780492334196537,0.5275100836292577,0.8293357361314114,1.6045801792265277,1
0.2169359844741819,1.0925091655090986,0.8535812615805181,0.48632449736039063,0.6717240074074243,0.09081774934658243,1.0980177930461146,0.5458817556052539,0.8134596648640343,0.7987110184726622,1
0.5908773944134411,-0.03819346199770257,0.7225960525941106,0.1867661663870549,-0.36189383683551224,0.4984547021973336,1.1677361112389169,0.41074091594031115,-0.030198869149853202,0.7850738308817165,2
0.6207900294716758,-0.01548065015682698,1.3414580368415194,0.5065977229479691,-0.48687117262287083,-0.33878791956420684,0.9560639258630435,0.7814787803911291,-0.15205648610044875,1.1887315146480852,2
0.6874559595523314,0.09065250004280878,0.7528992517305042,0.2321816218015951,0.07344953269976476,0.9570631941467301,0.1511716179688521,0.481862845580825,0.223919848337928,0.8975185353865388,3
0.7580083353996325,0.2174438625448074,0.3134542395691235,0.2460522729558991,0.7520614408880008,0.8765399815888449,0.7053009560264094,0.5528531236387406,0.7606591048287829,0.07251535771365122,2
0.7250335191193489,0.28739946346692824,0.8961879098171999,0.3849129103520977,0.6100442760262492,0.31759273387111203,0.2779030298071833,0.01566006379228705,0.6120610066609316,0.6677999049790241,3
0.9889301901866095,0.4591674989909837,1.0889454675374435,0.8865630500392497,0.3283326295560578,-0.1939068154485547,0.28516354543179556,0.8480683853929166,0.30474851549125104,0.31305552408938053,1
0.9761283842777692,1.0992841414699517,0.15228262472095286,0.876190891635874,0.3553847048430891,0.3456679265593028,0.8854616815941215,0.17958346068416162,0.5282524392257838,0.02268146120035902,2
0.6289373728795014,0.0003078783093194183,0.11009804023676656,0.9017615991145556,0.9528968254085629,0.17137549178889397,0.0691101895228497,0.557763311109184,0.6945457088103983,0.37767678669389704,3
0.9376422586258787,0.17809154293859086,0.51073622857438,0.9302545641196828,0.6909571718725016,0.8570718280660216,0.21303394598863895,0.9252529237481208,0.6687543686800619,0.22174375698540105,2
0.6417078107164739,0.5690857927768953,0.3418734963295239,0.271964906727039,0.8354232162952604,0.34700224834441207,0.3948322999443693,0.05460858000491632,0.22589438928566574,0.20259009065231115,2
0.8770598586692124,0.32788812733321016,0.7199730530258331,0.018386963132556135,0.8731828660570846,0.02836740599315408,0.8754741145038074,0.6435292063515656,0.21742581440208808,0.7476549283970454,2
0.9270611754037504,0.03449165834627933,1.0143378411512367,0.22480896137607687,0.3271791617909453,0.44902076405585384,0.4403064251676163,0.6796530973183365,0.5175821045056884,0.352462578848409,1
0.8260054624034411,0.16030109535555642,0.8643903037704765,0.2339571896756712,-0.06378125220888864,0.8455774995796868,0.09020442495897997,0.3734468159205309,0.19830296522724583,0.8116030583219613,3
0.3369190951146818,0.5452633817006932,0.38235343428206237,0.3009290098541938,0.0509747158063735,0.48437962152295305,0.12687181624622965,0.9793254933898072,0.08635553192310544,0.403102180507402,2
-0.1942153383687168,0.1724892518337955,0.7888135714753863,0.8560900011743019,0.7625843293589438,0.6951279697781441,-0.08094140706433761,1.0476811048138472,0.5694082096938112,0.8449866262565167,0
0.2709063180724469,0.6672526101564499,0.03839723786484254,0.13348807458529646,1.0955297712885506,0.46288605043822617,0.5573865209462885,0.35542711322027537,0.15169462424618965,0.18162288515164904,0
1.3305232106473706,0.2979221567885439,1.2282241882957752,0.6922304887043427,0.549026167438567,-0.06736946101907737,0.15507881688839026,0.20691237043254607,0.5621260237555322,0.5461345822757967,1
0.011500802017501473,0.06904417732114408,0.4776268635538658,0.2647383540604536,0.8345793292645504,0.4268062440199376,0.006338866959074282,0.7188449027503148,0.9375231329681538,0.7899000342779003,3
0.3107656027981285,0.22470340168535713,0.6071423278846377,1.1767375844559984,0.5794456593198705,0.8262446918231379,0.3823907651977756,0.5744143328750698,0.8019762771479539,0.5701660319435555,0
0.8754614742871559,0.3793335143085618,0.6682213306371866,-0.03847992323947365,0.9429288216424705,0.022607166270268493,0.9325023703161628,0.5982070125493842,0.2833149197583612,0.6792791008349686,2
0.5200560821776046,0.24518764791572772,0.9577121937482238,0.462484873677585,0.6757744870640324,0.32928437463365773,0.285181987809432,0.41684471363266096,0.7261018295218815,0.5756129078760137,3
0.5566600671886409,0.2921028023909595,0.3265128392300505,-0.030601185765020425,0.12122034912714172,0.1897265161825449,0.48085693849598,-0.06618959072949077,0.6497725914178935,0.3454874183203757,0
-0.1155880527610609,1.1205952128252097,0.1809245576318811,1.3378662853703687,0.725752003974232,0.2839622897273102,0.12611800472838977,0.7121684311896597,-0.21432777101017625,0.70188503380862,1
0.6579909256935051,0.30974472264639247,0.5075617157105394,1.0963567812272654,0.33735814943703507,-0.15305118973417142,0.8226321500482655,0.5761809558531993,0.4790976936300597,0.7261852389914654,1
0.6478540316888919,0.888868713863367,0.3961518224139678,0.9046299599855991,0.12709356107021572,0.09775306566181387,0.31876501247542605,0.2091954183484155,0.3333749095996297,0.8311433500053446,1
-0.2544178823550916,0.8022015913866981,0.5749923279241779,1.155759786366578,1.0555807448044203,-0.20266788801277058,-0.03504627316678742,0.6080330955904313,0.14682247417285582,1.2301477204496096,1
0.754862107476928,0.2992004392467214,0.9674177233403456,0.3875825700636732,0.7308161119838384,0.379451300397849,0.3108841603157098,-0.017358403311704296,0.5194794482140571,0.7679697240809771,3
0.6881323668132874,0.4887393980360854,0.5777571007035046,0.6713231375073011,0.07813377593299581,0.4928350267957594,0.7324730436453013,0.5516156322598617,0.5422964222044088,0.05488554906356802,0
-0.015463054576391133,0.992522588502703,0.21269523626848827,0.8152119007305433,0.7302133156944259,0.14459534151121312,0.1111140603815246,0.7729659060450185,0.29513541950063615,0.7914923440170906,1
0.7701547699315253,0.15209869653913455,0.33766432894315823,0.2578308551604988,0.7565941739127178,0.8735748681607733,0.7459406857712245,0.5399520695824692,0.7713123755971193,0.10029405304579943,2
0.6553357861828064,0.4997943195862272,0.5895608575077985,0.6894672704053467,0.06370024518134614,0.5238198363710054,0.7594754374910357,0.5344108582601239,0.5498506491293357,0.07350647725084003,0
0.8080639066680354,0.7734988656442321,0.7886437175677845,0.7598369094619085,0.8454191573885412,0.3601887072756591,0.3226933844328532,0.7235522744030056,0.276622914532599,0.6639198057238567,2
0.6256725631886958,1.2855078764073462,0.505105650374423,0.13512468746091955,1.1222558571894257,0.5404513508346432,0.7682486142315468,0.575391305243683,-0.1697645289665617,1.3193637887541563,1
0.7568033678578612,0.33735288105555006,0.6031489318174407,-0.10145555749248303,0.7994689126584777,0.12929958485091708,0.7202669774155598,0.34975774742944965,0.7660777569126274,0.025746074912315065,3
0.6651503038814182,0.06803248187023653,0.5847081262259183,0.17152203336529634,0.7649708534931811,0.31566534300619975,0.559914668488698,0.18690395032484108,0.6344450766490679,0.24712568732612436,2
0.9606929887988958,0.9902186815510312,0.17087359909608069,0.13157984626509955,0.010770847748350743,-0.5042106690295961,0.36183441076533446,0.19652431736773546,0.19929339861796946,-0.0930239082184301,3
0.5206965988136041,1.028944846944852,1.0783588903052965,0.7672825028517912,-0.3533726057865757,1.0048342155299401,0.2869966309565985,0.810970965587291,0.4718684853561503,0.8280878858462029,3
0.2416256379865459,0.3336203714183732,-0.0006498225250450573,0.6184976593596786,0.4892550898954287,0.3874383063712482,0.8460769566782589,0.32642957752079627,0.007148668619341408,0.7050466439002828,0
1.1361363447864985,-0.2014160404341816,0.5149203226951639,0.26479176246045766,-0.1656162387919884,0.032168608016098166,-0.3364385770876627,-0.29200250710603476,-0.027541215437699162,0.7671016843215797,3
0.9230897961843397,0.5650926938248995,0.7193595309199166,0.3677099099399639,0.16194516512568252,0.8278003289496264,0.4308889029715099,0.03976689188423376,0.6054524965650342,0.9382917592327827,1
0.8829787003007231,0.30995725972931615,0.6952319923501904,0.0659051549613042,0.8713135138108723,0.01955252306421191,0.8709734099470775,0.6308535293705052,0.2297220391726879,0.780558897834468,2
0.926175533743474,0.12619734030961197,0.7390391962169627,0.38828464907331717,0.3476911096952214,0.19134475311701904,0.479815017314683,0.35595066094797206,0.30939599980217464,0.2765220233495353,1
0.46188142353285716,0.5155622290411205,0.8060488763492111,0.8120846853054607,0.1970654955609042,0.29677086481553616,0.629878944538787,0.48280338242513365,0.21367958663410258,0.8079307436886595,2
0.030834906234811388,0.29856409771300585,0.337886628061846,1.034103361124807,0.5097724471405604,0.7806893812419321,0.4773831322354692,0.6760866295648569,0.5576012474348102,0.5762562496675249,0
1.1454958252035037,0.17491016918194824,0.27097259771647597,1.1630465102627972,0.9459063168503864,-0.3438997956751375,1.5446617550494692,-0.15371920688615393,0.20193145964753795,-0.1493740276333248,1
0.728819566454378,0.06088677779866267,0.74326503744833,0.22920658159860724,0.08391495734642865,0.9487016837826503,0.1807102677732474,0.4924224349298714,0.20416568731682566,0.8782588087497175,3
0.654201879317377,0.5402299273411181,0.5616561642276183,0.6506932933150346,0.06062613165988572,0.46387484592795714,0.7532696249417264,0.49822486929839854,0.5228665952696451,0.0874932978221392,0
0.25824594656806754,0.7765494114886049,0.16776047312382844,0.38446650345416544,0.4595249879573361,0.1187442528910031,0.3395582348693012,0.45043923612801406,0.9438402329365444,0.6795188628906326,3
0.935277910412331,0.22700000354265737,0.8235425770853242,0.18859982738738718,0.45523924449527253,0.5222060827644202,0.5181801583270901,0.5605826112437546,0.5328065968329019,0.30557245784355846,1
0.3601233405791676,0.4496341593916878,0.2373993509640569,0.13000673490346176,0.30123680968817634,0.15305647190029226,0.7780451225359537,-0.1763851994652973,0.40782657348474993,0.2658515561221353,0
0.8914536067654988,0.07326806598781502,0.7620735113905799,0.786080536250464,0.8885723762818251,0.9925339871862124,0.3844969932701666,0.9532450296382634,0.7576721834894649,0.1873263452847307,2
0.6693456218066892,0.5968043102124756,-0.02349214155700008,1.143801422676368,-0.20736966717555327,-0.11897161183286725,0.4775569999213279,0.44078623175957593,0.6052236536103902,0.10198060092088351,3
0.790451997848899,0.0454549040137438,0.7670191378572375,0.290151432148808,0.1772241977516976,0.9286657132497471,0.21691277762186792,0.4894843298971063,0.18814672370117433,0.8020866975350441,3
0.7379600251048292,0.04046382956676433,0.7751383345632744,0.2530943814213042,0.07212358261323565,0.9807432048851736,0.2244105756372784,0.49283534976064325,0.2439582720540756,0.8604946750119976,3
0.7984108824143209,0.5810194434411837,0.7803434988567817,0.3769996928331357,0.637255105835089,0.9330966384368762,0.2909217290414908,0.15350914545270938,0.19936755020674551,0.862317526501633,2
1.1891371283755312,1.2583285668199662,0.6585934097661541,0.5881340780883471,0.49862809785437906,0.5358084877104321,0.4354748326298812,0.18580942597176878,0.7965024514278496,0.16221730275585927,2
0.3145591149507909,0.8835471673573561,0.638848729567821,0.27222671431937584,0.14573088390793382,0.8326202318207883,0.5624612406199935,0.4473376881899868,0.37588364308142974,0.4133826655712153,3
0.6569485165032878,-0.036544682137911,0.858213903137752,0.14221645676512162,0.30486395461424864,0.8208175199638263,0.29204918519275413,0.6178301832279249,0.32785594647521193,0.7053709007536259,3
0.7908221307617276,1.0652192148261823,0.8564156063749314,0.692424940216183,0.22153428260957922,0.8395016473005752,0.1736376773973391,0.1928672164001475,0.44420860233311327,0.15020923852065854,3
0.20649132811683402,0.3917662281124201,1.858570021136225,1.0211939675932582,1.04384448834544,0.7698434816189264,1.0863800799327366,-0.33221720184096226,0.2501283407633138,0.7378299331890414,1
0.20506073720083087,1.0405879549101325,-0.15455674043252554,1.3998221194494957,0.7288557125787675,0.502794952174322,-0.2935070795662275,0.5798208354815645,0.20460309712681052,0.4700574519842769,1
0.7154678377711907,0.11335239037445716,0.4834398676640046,-0.15424931921658733,0.09884489325932443,-0.08292010658059934,0.7253226570151048,-0.22162668213759656,0.7187970582396324,0.5305802600840509,0
0.15202604816004311,0.28348417725736963,1.0231368270277332,0.6817789794961656,-0.14022553707323962,-0.006760212331452076,0.6426895302849925,0.7375288059943765,0.4128085245144031,0.9701383291459081,2
0.8116320741598535,0.37615051615298684,0.7649470447346229,0.6846746400344889,0.4785266701593772,1.1703870540062211,0.11891037380695318,-0.26001335765758893,0.47945959471489763,1.1376902479978932,1
0.894663316194457,0.32007884734777914,0.6939564392252813,0.021063360656267772,0.8900929418682785,0.025970941358469644,0.8983660943340978,0.6445835266914606,0.19264207501936806,0.7457503638104223,2
0.5466698241485923,0.4176649165945194,0.2257631059373333,0.8092925123277638,1.17300722600833,-0.30994860180769157,-0.4250938910689814,0.9994494201302296,1.2147357193172033,0.4028629926272274,3
0.7824522172395814,0.8735348457332786,0.7534893777700358,0.6830103564590854,0.955821372877469,0.22489912883867622,0.4274089421308804,0.8629001054001155,0.2673580876521366,0.5896903705776583,2
0.5307997447093951,0.9421645833809966,1.0126343383651557,0.5923897911247843,0.8036934680591633,0.6942900875315687,0.420896518223268,0.4742645153590791,0.8261751988191339,0.44494387897051035,2
0.5553721870576062,0.47463628877726816,0.4149938225753575,0.19506225188700732,0.3452283471355956,0.3429511924088483,0.34436286431630103,0.24832902047381472,0.4005938491102615,0.4451604158539096,0
0.01436433901842337,0.8405190305365231,0.235861465772772,0.9131300166688731,0.7596133068638383,0.02522049808450877,-0.017025174392613376,0.650465913239171,0.28760909018752007,0.9849138368337059,1
1.2175746701338066,0.7384144005410278,0.4942496456867886,0.782040358435529,0.5735550351972104,0.08226255773669974,0.7226921101233463,0.047930512247318875,0.6780532359857823,0.20138716200600507,2
0.5372091416709042,0.2878015291348546,0.9113303707089894,0.3832044370087614,0.7531657093259171,0.3235467870549276,0.3999596475224892,0.5116209773779835,0.71860533054988,0.6517237878629816,3
-0.29034699238992434,-0.14467375065979046,0.8898404280379315,0.2852935760297387,-0.24606251523967626,0.08335797164042152,0.06573291643316537,0.39591618669335604,0.018750540782674796,0.26165550097662543,0
-0.0019353598910934536,0.8221382339098585,0.11694133294823031,1.0663086157100743,0.5101730113572007,0.2145481645633858,0.13725050765774333,0.5566663748760495,0.29352419571306365,0.7957427264923689,1
1.0564826631522073,0.9412027883526811,0.5763074021151935,0.6869636219309585,0.7973132137638583,0.1949486370027483,0.4110969775056543,0.065947880610889,0.901728922130855,0.11563466054573553,2
0.9683153390433882,0.7527750473294775,0.8521022154796415,0.6626646787785531,0.03185111485504328,0.5095356822133348,0.1597770160624496,0.7410241664459956,0.032185540639020765,0.5041395215699341,0
0.8527898288046327,0.8645872575284359,0.7366364818691937,0.8499309661345245,0.960367155061125,0.32641177320972503,0.41982522427458996,0.7534543060137198,0.3313195423232395,0.5617812669462429,2
0.25591929749994413,0.7797241171020468,0.21146743626377928,0.2388667947319165,0.4546151583928514,0.057014339193204644,0.6596428594331645,0.3699928562651875,0.5549148428820461,0.5665387985440773,3
-0.014395504979753074,0.12322496932787455,0.24192619160724127,1.1860735335260797,0.3480513566016141,0.8327383483982552,0.3416582360801915,0.8973150970181218,0.4294121167568804,0.488624775089143,0
0.41338240339676435,0.7970897001707491,0.43307841217291715,0.5461931799181975,0.768037872212118,0.28617523098761527,1.233343983755283,-0.10160562643018695,0.03924242369700648,0.7664063008159943,1
0.9808310498906793,0.7315468722544635,0.7394706065876956,0.6369556503435341,0.06285543720715606,0.47444351052446515,0.049423211924301054,0.6454451630962998,-0.023378101298464495,0.41578926184685516,0
0.9731137250451802,0.9949543993447754,0.6575173219712256,-0.0010558553077248452,0.08805891926038141,0.21503387484197695,0.035019641850642144,0.7694288600723342,0.9908455317382152,0.7098720753068285,3
0.3837789151366563,0.941892003046061,0.03156470368303178,0.19992773205864,0.6462182151498564,0.08696095006058024,0.895700016920732,0.38240877890200875,0.5524082721713602,0.6670210334447498,3
0.4490234768361505,0.9508016085213579,0.7887181064630027,0.5500129812022158,0.7307213953591101,0.6906241227815775,0.5062599052939115,0.30669414618688373,0.8468407754552224,0.47083807563577035,2
0.8377598628884582,0.5576478774972494,0.7678808967506555,0.4085065152023056,0.6261549658889929,0.9718052402813476,0.2678518943995619,0.18384589578828478,0.23251841849154445,0.8548151210709288,2
-0.17037427662889076,0.1250087966056311,0.2667291191149562,0.9541543459271727,0.4135199532358917,0.797747345272173,0.5021062054295158,0.987140013324604,0.5075676048016557,0.5085555831124684,0
0.7451950994965219,0.9922140010344984,0.5240297773308499,0.566114745521038,-0.08598923447242066,-0.1282829547177901,0.4662904950592074,-0.07160445955819295,0.6140690926004773,0.8512676694329129,1
0.8303442503744637,1.0867787120327814,0.96057969792553,1.0964248779582506,0.1402496146703019,1.0280951874511761,0.0174357964215546,0.29385399654399946,0.4943311380332224,-0.280262572796455,3
0.8049539379378344,0.8276630543472844,0.7652309139790094,0.7942202730870538,0.9322880919172811,0.25099015200263075,0.37946900418978624,0.8061826504631878,0.31244458374690104,0.6077099705672666,2
0.8949631943078514,0.8963342666334306,0.10554311809055036,0.7650868371355108,0.5491219292702557,0.3263732037282101,0.8891712726380366,0.026295412394678738,0.28941094411834645,0.3035322471181674,2
0.4142403137491488,0.32763112445511955,0.8400441945833818,0.13237328532255183,0.7813469462316888,0.6853766468169824,0.7142940552499534,0.7909068574184825,0.6760330384681086,0.3990005894158001,3
0.014346822414639786,0.6136660518357498,0.8120990263678437,0.22708904570872837,0.7290262141093543,0.6800854371105136,0.5310921201773044,0.08160053685380413,0.7794261279419287,0.01751480312400785,0
0.6260975034301907,0.09865882094555675,0.6405020687173899,0.14077893673862088,0.7720608154659967,0.292807507590269,0.5193802728630152,0.22924812833672262,0.6431747213053232,0.2535693128977263,2
0.405439945677919,0.15863056656410404,1.0264062453026384,0.3502173477149426,0.6180048146392777,0.38601751028415376,0.35283212142247333,0.35636970537543666,0.7021407821491572,0.5422486623501217,3
-0.15739209348548708,1.0929527578207563,0.3151061828929112,0.6397911605155702,0.6966435705655603,0.5146542558066219,0.460761992738531,0.17876223790131146,0.5158517054002879,0.8818519839133712,0
0.533548196928942,0.2669163916561838,0.3846900671118348,0.03940460081869688,0.16864486962387282,0.17390877646255745,0.5460524970364837,-0.0009415812741256149,0.6492651235713321,0.3637936016139714,0
0.9023920779993095,0.7179606700020698,0.47437070695093936,0.8304427901101487,0.12294531128135693,0.1231885082801778,0.5257612663431867,0.13624388365440246,0.4983221846336354,0.7186822237382171,1
-0.20259851885133934,1.448596868581401,0.5550277715651691,-0.24587698356054016,-0.8025773882812088,0.18775496621557075,0.6187732645390759,-0.08406430543247223,0.08577089675147787,0.603880680943308,3
0.8912335338790696,0.30220666369064014,0.766374812674458,0.049293761672620756,0.8960179251578577,0.03542487504235404,0.8660230369336696,0.6372883544723884,0.17019921641630656,0.7329719836347436,2
0.903150237329765,0.3158107718780759,0.7338357507633917,0.044273257298116604,0.9147321896931535,0.028890392562156447,0.8859908267184017,0.6778730279228488,0.22887522575924749,0.7718747479929522,2
0.83565096401551,0.8293327124005313,0.7849205607478043,0.7955117096212652,0.9122144882707558,0.2489479331838526,0.3730785581693103,0.7851252097349,0.345997222314612,0.6195068829199506,2
0.46005236957590545,0.6659060136443371,0.06561495446671838,0.21667915341347393,0.37230834320979744,0.4052744034609743,0.7083461206472509,0.26232811281485646,0.5902113615733768,0.7982702267838861,3
1.0694000832003492,0.5692103465305125,0.4341372678795226,0.7738244780105498,0.4082168136418669,0.24577127651424932,0.48977839696461956,0.4175031655300202,0.4020347102711813,0.7461858750816948,1
1.2485076685184933,1.1220420176654191,0.5917843426358124,0.4207537464587702,0.951733562642533,0.29501282183715044,0.7402786896765181,0.006085569690671373,0.7115441203720083,-0.1405318227583664,2
0.9343657316675525,0.9833376930299709,0.10539156900414681,0.6160760145955334,0.5049795335983205,0.20036760152808525,0.6764307288416485,0.11955900380000564,0.38174432436610495,0.38786733692921094,2
0.6642756044712383,0.5079931181217407,0.593850855798682,0.6915254870364423,0.05362562354611533,0.5286926084968083,0.7347119103691584,0.5500661104337286,0.5631878866604533,0.07454305500032711,0
0.7457969494872078,1.0759788406362687,0.7119208090723135,0.7389620315009977,0.22322417688302065,0.902023156479689,0.1404466332231591,0.19391977768963128,0.666585422122583,0.22132100042240815,3
0.8029378735614647,0.5761186832309658,0.2993377540087298,0.6869101374711346,0.08611498042800746,-0.04374485815860958,0.41693998133601107,0.1777870551998338,0.2833374867720382,0.7677525430280829,1
0.2525818428429329,0.27193775522546165,1.115614221573912,0.5034530300579012,-0.22992703033484718,-0.05565549188381683,0.6499457221011427,0.39085275410666537,0.28845646403614505,1.0509720334776465,2
0.3343713191710731,0.16497979868694718,0.11900554163715621,0.7056094507527353,0.5206158082366369,0.3002965767214339,0.7524226772548644,0.305465427875057,0.02403988783327455,0.5844887971425197,0
0.9201414613464176,1.0720910675021234,0.6782603944119256,0.5913612612816727,0.8998326634522789,0.17194236863384021,0.5721795458043146,0.16188922145723245,1.0351488783791156,-0.056212814074699996,2
0.9129617881677542,0.8070905866637793,0.6804168341284607,0.7542599884027832,0.9195745809467241,0.3429371036654955,0.3395831470277722,0.8722620319689951,0.25156654950369467,0.5899051894440854,2
0.055864158171083284,1.1676176137829828,0.804038378364576,0.532654992611474,0.8463587536351772,0.1304561044482896,0.8712969904843786,0.1993272168468584,0.7985775531667926,0.5051720707944055,1
0.35198184498105023,0.9344292760156954,0.13700829349089197,0.2195895827034961,0.6467074125765779,0.2449282830367018,0.9221781020426335,0.422304009329562,0.6128078153549811,0.5481086397412301,3
0.7914121597206021,0.6515466199939965,0.5367937038678965,0.7437464183409556,0.0726807332883652,0.0640033413059137,0.4794644468369322,0.1079365304523348,0.47903042126990886,0.9321672170411964,1
0.30957606190002385,0.8808292336223886,0.636506472117725,0.27175771479245525,0.15439267186022984,0.8274951367433289,0.5555379444052806,0.4527301520146627,0.3741248415946186,0.4165737958999552,3
0.6268603051583866,0.4748610915240573,0.6225616210896769,0.6996605078763865,0.045237992972943564,0.46731498554519224,0.7459630082770238,0.5417545344993061,0.5771641496021483,0.0947914778890771,0
0.8992071426448204,0.2775506557374129,0.7113588942391156,0.01945821794586699,0.9175985969040232,0.025801568414317168,0.8671530046361523,0.6909145945994944,0.2516385411094539,0.7292509527165095,2
-0.10239438139336446,0.649421821997356,0.4286831059309158,-0.2590208704678137,0.30315692984199366,-0.27200254531327794,0.7949554744465489,0.7754068845567234,0.31645275355447794,0.5518727235323788,3
0.2930585525832927,0.3647966082695879,0.9414602051521437,0.6220474523153181,0.12383508297302367,0.11614372272633332,0.7805723018732096,0.5582039181336753,0.36842577551069355,0.7632425969554233,2
0.7777551944528766,0.7315815083254467,0.04298812665821927,1.041940700852627,-0.21658450771545562,0.4756938836174256,0.9830806858339589,0.6294907317987806,0.631261635750715,-0.027224295110928498,3
0.3713483571964509,0.2519380434466911,0.08391046224536775,0.6094571534163059,0.47569453916427046,0.37339534650671724,0.8151527948854373,0.30901682858660895,0.10700052181490705,0.6630080262979504,0
0.7094083683898871,0.27033431189446666,0.6963538613114448,0.33547448878656727,0.6740311217587088,0.6012335851343691,0.650071346444349,0.5479918348426784,0.42260276546911624,0.08230723836413012,1
0.011154469601221694,0.6161946479406849,0.8111377071028437,0.22393136027173965,0.7283625544371024,0.6793537086054877,0.5318907250998572,0.08319446878578268,0.7779528440651775,0.015585819747460221,0
0.6078949050209713,0.3724624366283306,0.24040829346051792,0.2637200544499092,0.3481181653845571,0.22963558739221968,0.7449333850761721,-0.1734276496310971,0.7215642247449723,0.21206715379924324,0
1.1217975546999641,0.6314212773655293,0.9112376403013792,0.4570395230865225,0.33392006900215915,0.880010765281603,0.3532592649044742,0.09020604452242187,0.6354808336606547,1.150583959339741,1
0.4757210081009887,0.18425672167803464,0.9970980764467402,0.39948102130107127,0.7263310285103061,0.32983405672367005,0.3228906970054127,0.4127562142682169,0.7936695364672256,0.5805751753499948,3
0.3525664917186313,0.04685186495823712,0.6400323243517961,0.07474980688789487,0.7278572554478562,0.23815821087481576,0.8846458655122285,0.34940759252175124,0.10850564178538191,0.04373315391615076,3
0.5102119818870046,0.8306619232508711,0.8895027138521236,0.5079041432371344,0.7680022572574586,0.795251146616734,0.511929158986604,0.3363830157367368,0.7521509342509326,0.45298754358590093,2
0.3140793396044878,1.0151406321389813,0.6444925803424368,0.13654752277256194,0.17713320994585624,0.6960580175155298,0.48104456112679894,0.33901414932773044,0.4168123677402799,0.38076494294858665,3
1.0445797447562144,0.18768478355202844,0.6581634401915155,0.8570615094189363,0.7966410784894261,0.9094700220921035,0.12949717797617502,0.8237135314246561,0.7506723091264955,0.369267315639915,2
0.09117914816422502,0.6628741199273566,0.7152848785566828,-0.009152607494723963,0.7401314153780767,0.08921774152369943,0.6302590331245379,0.7799520110871062,-0.12269567413424018,0.4066389497381493,1
0.824464682955249,1.086287317366584,0.7482485374560975,0.689485502438839,0.6531404473522675,0.24378141028689337,0.39673949899473676,-0.056901904674920734,0.7801292619243235,0.014776919580189757,2
0.013056545898594535,0.6139187317585764,0.8138739527897962,0.22712074266640783,0.7300941686008656,0.6784995064729941,0.5308212540015453,0.0823115324184852,0.7784769209490932,0.01905656999814304,0
0.37548503561382807,0.15903255843004727,0.11769702752777783,0.6378344954660496,0.5101091461656374,0.3402884184997094,0.800500782758562,0.3298124263930131,0.03916278093708744,0.610537338961251,0
0.27758564645420053,0.41537835191212125,0.48325285138247476,1.0699786991536357,0.463957443697222,0.9747232678022204,0.40226192726503457,0.5370784602039921,0.5831435630175996,0.648879865908026,0
0.3058835321954962,0.9162229811194549,1.0473861019048871,0.23398312542469613,0.9576874489053016,0.29469627935435794,0.8361807675500732,0.7539115741381721,-0.0018539127891135654,0.15592957196312257,1
0.21044946802827508,0.65716278362441,0.44653627322536327,0.1267412163076841,0.056271130704996286,0.8641373365932414,0.44415345982055005,0.5415777111328873,0.4386051957414002,0.3016761194893039,3
0.5332343202184893,0.055268667417440964,1.1582094706627795,1.0151815931558428,0.09370395041671223,0.06414212631848389,0.838124252804878,1.0140718154197883,0.06395448431780432,1.0504600393736754,2
0.7887956764287007,0.5908611376840951,0.7677607976690464,0.3810816059186839,0.6502147845495302,0.9433639854042578,0.29568351327043835,0.1565144948350125,0.1828463196600561,0.8489755121992365,2
-0.40985005321194856,1.3787811173351345,1.0949189438399598,1.2771196613945106,0.8791893549781471,1.5385101015803913,0.7251345542204086,0.33831443766507197,0.8810297403683279,0.22846552365125478,3
0.8551429844541947,0.9753231071497103,0.44727213165626156,0.5514438982272324,0.6097901615711225,0.33772505499402217,0.38193872710624804,0.16776648197151892,1.0117243717240538,-0.07552526924129686,2
0.5117960334419596,0.25100522011745485,0.31772713863366525,-0.02599979109734689,0.17192425415677776,0.1699827488607581,0.5753790502668721,0.046638769664301735,0.703675951319795,0.42553576449177777,0
0.22320095391161926,0.006825447126226791,0.3331765406628775,0.8904669919166422,0.12999260475269192,0.6254659671186781,0.5027837567157545,1.0725025063551366,0.6061832021085415,0.4689314586248552,0
0.901564674239785,0.8992352187406116,0.12448238155823375,0.7743785652769765,0.5673175955334391,0.33443422943612505,0.8909492277834892,0.015395416888251825,0.29306377705081327,0.30450176288664316,2
0.16345431111993586,1.0278554160140203,0.8234326534040519,0.7073944239293731,0.804557878474259,0.22493301116353243,1.0238318482081714,0.32533661309067097,0.803422216522085,0.4805603047369721,1
1.090948481914417,-0.18238357497173918,1.230322745536043,0.059715410143304115,0.7623724580227453,0.43972098033304385,0.23141555216136278,0.796371826299129,0.08981264100656539,0.7694415057647903,1
0.7367904562914869,-0.005610641725342216,0.7399148617042921,0.24708924746478506,0.0406158970061735,0.957374645217363,0.1807577987182007,0.5495781502292032,0.2574289499431822,0.8538620506134386,3
0.901608313633695,0.3298781261463294,0.704656956471082,0.035107381170499656,0.869726924593962,-0.010777312820242163,0.8644136226373457,0.6593528463693438,0.1969335805319701,0.7789043159470693,2
0.29203649068209514,0.4754604807909787,0.8062704391786047,-0.04922654179004046,0.6403197950314305,0.09418400947808286,0.604478145407867,0.4610784777643724,-0.17823506710720205,0.338054268441003,1
0.11101327364072676,0.6487076468812889,-0.11750897481642233,0.35570434073255086,0.7703915583476046,0.5610622512166588,0.320927282987039,0.21874660726036838,0.26628687031736403,0.2793194248042306,0
0.014066651887217044,0.6169631435268763,0.8150314834729528,0.2314910916946543,0.7292043939897248,0.6829894695388414,0.5338589154799358,0.08416101333013423,0.773918581199976,0.023674280169390154,0
0.20988231477607633,0.32536271107084064,0.5492218247120828,1.0513122200758087,0.32289451123906354,0.8936277344519078,0.5839297173428162,0.850011999884191,0.4011029694229109,0.7472850159576011,0
0.2946065688696682,0.879836242204836,0.4561799073951998,0.4883211541388021,1.1475401569255503,0.03233068795592442,0.7252154332944326,0.4383750433606466,-0.1995866486747609,0.5640725436743175,0
0.3746453871705731,0.29622666378917334,0.16848020568338262,1.2426801337449238,0.30786882728821807,0.2411798578549274,0.5912279153505735,0.3486649010037456,0.41130966499300864,1.2637763948902359,1
0.803442046559439,0.27897839354205106,0.9403541077189076,0.40107076287926047,0.6802299810576943,0.3416949330084872,0.3483609133529437,-0.06878376001367931,0.5061339765588325,0.9013643463045392,3
0.23896700929314812,0.6130465125084648,0.8124286379486559,0.025854643149149578,0.7997304289962002,0.4146125082681412,0.6881885350191781,0.6192395546030773,0.12088166116560244,0.2947103198827065,1
0.012144997152306313,0.6136167806627724,0.8148443822930066,0.2262390405304567,0.7295691734204064,0.6780207848303175,0.5318956285281632,0.081585280335527,0.7783353788174279,0.019079475561761986,0
0.2579269448958902,0.8820463181428004,0.337770560986388,1.0412287779500746,0.6901381677263632,0.22938478024860756,-0.04829295887476234,0.7406649520233782,0.1449957636073953,1.0829747095708548,1
0.011313316924974089,0.6131446959231227,0.8171119306231167,0.2301934521699651,0.7292028393609488,0.6777296426187027,0.5293753329418355,0.08115263266984057,0.7757633137540336,0.020961087162575134,0
0.9927169614987055,0.7025312013136654,0.6596580871456196,0.45975772404098314,-0.008981023272805852,0.37855151689778754,0.0831066715216999,0.760285114426987,-0.012456350518966972,0.32731722642028055,0
0.20681735218963976,0.9525793169297664,0.7132313750355387,0.5112297555935535,0.7705153661065842,0.21571438915431815,0.9283563013295885,0.4629775133886332,0.6401692642155612,0.6247923681042,1
0.8136483266992419,0.9751784312072708,0.6467725460746756,0.44642717334770105,0.2781446033336077,0.8763170030558671,0.17697890735693464,0.18045116719461576,0.5314980256365568,0.062273983484980526,3
0.06558840704805932,0.14940732776305887,0.5178714305312704,0.500421485559665,0.8831077787272263,0.3491580792085852,0.5194719201283272,0.7218613755434027,0.4121606171460395,0.160282940677533,3
0.24462497553299897,0.8305209244193668,0.3029358625721835,1.0221964978580615,0.569052803983658,0.11602248181941427,-0.12349582940190007,0.8921584561914822,0.3592332365288315,1.1422440618980125,1
0.06363015301577982,0.8694947465671529,0.06218328287732758,1.0427552113328684,0.6611128238607041,-0.1819177570909286,-0.08849669662680712,0.540095452399547,0.04840140441914917,0.925822269203259,1
0.3414161343387062,0.1812840793992035,0.5379878986972161,1.2663689160055336,1.1734027362421535,1.4596920361843482,0.06979363262273067,0.7123456429531134,0.6632981822107151,0.9682008702876095,2
0.5075411382600303,0.9107897979498598,0.9429222469323643,0.5484852336781499,0.8701983854743125,0.8006408878512971,0.4550864275707186,0.38886896793622083,0.7828060147531537,0.5034392809345863,2
-0.1970296486714635,0.5482347450227621,-0.11897832093622882,0.4685839447117267,0.6711058752908406,0.6490214892938074,0.381467483631185,0.14465923779887535,0.3966271708455404,0.3829210635861657,0
0.820864638556018,0.8344762551185918,0.7673645291772971,0.7917552928802823,0.9150932483970252,0.26152757691023687,0.36089324469384576,0.8020713378203643,0.32845857305952975,0.6163504604869967,2
0.7510678557324322,0.0961560158395032,0.9195864168845825,0.10632312690301521,0.6185780472663591,0.5143899866099099,0.5111950463410613,0.5821570624142008,0.4114660615154317,0.2661925326103929,1
0.408113514220165,0.26239648659351056,0.9061306354697796,0.9209112391037475,0.27048594293229006,0.2761813612523153,0.9043562249590236,1.210103273311654,1.0440185633934107,0.09419330085135358,2
0.9069912467339291,0.9575291566202121,0.13626347315914306,0.8065112178020343,0.5419720177307246,0.3833357475231778,0.9413808849530391,-0.025979389988925995,0.3348777282638081,0.3275412494447916,2
0.961369035765109,0.16583519541996838,0.8747767132781821,0.34419522519981444,0.37787671674287815,0.4228984931437166,0.5146782390729815,0.6270269686796275,0.5015457811133125,0.4174075904295542,1
0.834436539761193,0.8394933775877728,0.7606765328261968,0.7891555310614936,0.9063521700531876,0.26307936911659063,0.36698602854368406,0.7894180403544344,0.3255322502481106,0.6114634848484839,2
0.7258117010314913,0.0640390299311473,0.7198136003645806,0.2512778625922134,0.09260745497576993,0.9627790730616969,0.17199147920368793,0.48115489798147404,0.18647773418266228,0.8855621249171065,3
0.9460286725063595,0.8916057728243475,0.08510006299330879,0.7187211269938566,0.5749793818403448,0.2625240209602009,0.8999459534742091,0.045527363215443005,0.2421376068805864,0.3463645948918989,2
0.7167081647734381,0.06700505956124636,0.5219209812924556,0.2057332806928927,0.6938020328114061,0.42491192298606945,0.46695281047531967,0.33756095133319675,0.6765148132264923,0.11139825593331629,2
0.08163963170746032,0.3310366411556036,0.36915386193325855,0.9336285040216636,0.3940148491709551,0.7196703950328012,0.35518146416186014,0.7868554421878181,0.6297166871867566,0.5575210744824662,0
0.6737014290080394,0.08853325354257974,0.5617219492028789,0.07784203749489799,0.784321198956622,0.24185283333412771,0.5625242719021171,0.11280496340232653,0.660585691977637,0.3118906227906694,2
0.5811396578008006,0.40240144429465824,1.1456729342504612,0.6733792180326603,1.0516415043234422,0.48706517181134623,0.6548049430642702,0.6858236140283152,0.8299299202441683,0.57900264272466,3
0.26468574290236724,0.03881460577511786,0.2671866277495226,0.8962045728382446,-0.10186365629194585,0.10052913229243365,0.4751455766600373,-0.11840622633460063,0.5077779663581728,-0.06803903963559765,3
0.04521605335926245,0.14920868090607747,0.5382499657433916,0.5012740902222751,0.887160728564478,0.3407148287160314,0.5251051368045638,0.7263617190931311,0.4124510865568255,0.15851055583097642,3
1.095470986371411,0.5764955194612117,0.805624103626052,0.3960162986556026,0.16548171823385838,0.7639154890777231,0.3461198892436782,-0.04145168975881468,0.7238104026016943,1.0904174641339557,1
0.9190828414869173,0.8925216686978672,0.1957070241857658,0.7809805412429313,0.5253934736064416,0.2486141361581109,0.9473326479762765,0.028268294301928183,0.2870059724262678,0.3391010608856278,2
-0.5786396682665513,1.327592673264982,-0.2949868524154109,1.0470838469423398,0.9357819126212452,0.2614545336783288,-0.0065352619755962155,0.7058024548803461,0.4932921363899879,1.2542022110931956,1
0.2092283279633701,0.5331296515013166,0.9303806490205491,0.704189652898391,-0.04239779538646962,0.22605040866556922,0.7604387931954673,0.6055503442746226,0.2632873039880676,0.7063202271063547,2
0.31390985843232555,0.2117356651952419,0.8034197152633301,0.6313097861306438,-0.08616836297684044,0.19869072755958095,0.6818158974373557,0.5484411396282952,0.19160952452508193,1.0060883898459283,2
0.05082664683910029,0.8201616007455429,0.18502369481960665,0.24868763992474438,0.923700271853602,0.35338763442736065,0.2691231395361653,0.07019971173730227,0.3608948129953129,0.4756081047601288,0
1.1670014804446538,0.2680414404985616,0.4199016330801484,0.7469823644141954,0.2225262152143613,-0.0699119071531302,0.17820561174909497,-0.12749129061240996,0.16903830979889112,0.9103512470451923,3
0.8656599684354812,0.31058805795514355,0.7153655239513038,0.04123284795252037,0.8844955115216899,0.020628413174964402,0.8707008249029344,0.6515280819774658,0.23152683049569558,0.7584049558660474,2
0.6223726594882875,0.5710102563290733,0.29940685129423394,0.2662280944289656,0.8392395341972122,0.3327364501826356,0.37891016370265673,0.07056875591949952,0.2174371301635115,0.18599756808274362,2
0.5379447790336748,0.1592174673608091,0.5175007867623136,0.9080502878319321,0.24143210831226677,0.5815567899807808,0.8512557217216952,0.5799503156267596,0.5827978598625349,0.560000708387327,2
0.9697316466472605,0.738468425382777,0.8070471853419692,0.6427504896237447,0.0648374096269056,0.5226346388930154,0.1212427868563839,0.7390561920269315,0.06789881597208303,0.45336688731056574,0
0.056149170877217734,0.15377142507237007,0.5250585751985996,0.49660775941527685,0.8780055335230474,0.3375896377484314,0.5109861784631985,0.7381830036742367,0.40088715652674417,0.1575814084395129,3
-0.11716173630666238,0.8645221705702384,0.05762070452063776,0.15403976665865848,0.9059885656701573,0.23022720045395523,0.30563407592960873,0.24828234081552525,0.16298676486765273,0.3556250970200788,0
1.095851991004774,-0.21534387158795365,0.6427074000276807,0.12211656128991702,0.1567359067287476,0.4808991101927872,0.5160159621784884,0.45375824092073025,0.1663598455872043,0.07822022909420595,1
0.13540492597822862,-0.9156601162539638,1.610440009057609,1.1611947331148964,1.2131051749633155,0.8460951918710213,-0.10519389967823933,1.191504800279323,0.36828097048090047,0.6960524885499872,1
-0.09395959411263963,0.3016631262402801,0.16987614623635022,0.5967866734338763,0.4921728791971675,0.5027163402798025,0.6772336056409765,0.7344016952553502,-0.007094752484248318,0.3602761998815661,0
0.8436995458121866,0.8508056206292686,0.7351638044724188,0.7683158804006556,0.9532917372318901,0.2785760482881582,0.37749121083358633,0.8324611209069022,0.3468978006859523,0.5876172477565802,2
-0.006123265061756103,0.6635499651811992,0.05108907135433558,0.22072326627841168,0.8511017237456397,0.4080181101771869,0.35019230553528036,0.34690100604396645,0.19462240803466407,0.39270116504803904,0
0.4534019555214578,0.047625255628008956,0.4687037481505646,0.5757513957597147,0.9155502552783161,0.7836780267749641,0.45523742272061174,0.8490373331043192,0.1340899860137516,0.5561704501832831,3
1.0759748753609335,0.442980844430513,1.2980126062685513,0.36633688577344553,-0.05586975661003979,0.41317504474963945,0.33024019159701895,0.2909018536428636,1.014607375266706,-0.018713414460820824,3
0.20712266136535223,0.320944087392266,0.15264598804342755,0.6302118163645549,0.6422305367466281,0.2814786810677179,0.7227232110016071,0.23683494376417585,0.09429383462321916,0.46846535785803967,0
0.0003399047954739439,0.08046508344463038,0.5976706323425521,0.3718097532402257,0.8584467333651541,0.33967801277167586,-0.06310653946176525,0.7200998066588592,1.0143805133843673,0.7133134828075335,3
1.0203256000371699,0.17704645779620123,0.6088106460423367,0.6710377164885529,0.7565202720499089,1.0240803032327181,0.12953758148312264,0.8556288342364322,0.5352532777637825,0.12285792260535866,2
0.9936366854428105,0.4654714273496376,0.7552002974361091,0.3484466768742219,0.09703182212572498,0.8911099298214807,0.4301743169803602,0.024470188459271902,0.6484811647149268,0.9948717668195212,1
0.3403364394590515,0.8102998446334048,0.6689031098671928,0.40252430388844535,0.7208596409011786,-0.06287450950123258,1.094267014417931,0.2522763480711988,0.6788506954077187,0.8561300972240928,1
0.6596380371024543,0.19716303362147558,0.5362879869373809,0.7379715866181571,0.5767952789020772,0.8532182318288343,0.6426430492176783,0.5475180284768885,0.3200786151877741,0.36781920389009226,2
-0.5227597690093577,1.3678989426704162,0.18680230211312765,0.6015589923861551,0.6675708218634006,0.47093384282748413,-0.03668260589474669,0.8929774691407038,0.4842629412710339,0.5807066189996513,1
0.24909366993771548,0.5226405760858258,0.5290565405356459,0.48263863153870845,0.5686903197199017,0.5225058127231268,1.0402766463709745,-0.05370032707887523,0.13330503936802174,0.7434678829846768,0
0.24591576609022475,-0.20429864225961375,0.9717562648448738,0.43060643703302626,0.2056551435175528,0.1779993127626761,0.945317453666022,0.44097757826545403,0.5379862886277978,0.009312937983396025,0
0.013879458463960982,0.6177587110064358,0.8176757391684382,0.22449143713065076,0.7297459264218581,0.6798200895909969,0.529894278518523,0.08207648302905463,0.7762501065559162,0.015470782574363566,0
0.1348609750101476,0.18087488167860735,0.28104383236603914,0.8984046263394446,0.4120294562234009,0.9352598490582167,-0.006998139635730205,0.570997315523887,0.6941057588823651,0.5675057499731427,0
0.9730044728399173,0.9730000268055959,0.5834994928805842,0.6451333747646703,0.8061240799177629,0.28632741596888023,0.473769909707614,0.015803333202279037,0.8713155765230434,0.08231361550581498,2
0.7002854691067806,0.03014972990053101,0.7120407568323773,0.18313368513603656,-0.016601824935130377,1.0270655561613937,0.2153138722047301,0.4963709127874932,0.26987104399214157,0.9253779412329516,3
0.01552596409126688,0.6148968784478611,0.8177678709445858,0.2241392694890541,0.7335144000184198,0.6794646040985384,0.5296136086310586,0.07881907615281052,0.7778345946209676,0.01890622180647136,0
0.7954555832393029,0.5787364823132649,0.7779814341765408,0.37156581280689094,0.6464076376055153,0.933719535505683,0.28949394708835874,0.15586906650400295,0.2035230474716002,0.8668268773677917,2
0.7702618146082378,0.12024262737956287,0.2594987425827341,1.099133200573746,0.5063437551797924,1.2061622866263697,0.17714326141990105,1.2024913724803015,0.7687298937817759,0.2738535587456548,2
0.8520515729582679,-0.12725480489280216,1.395885190361331,1.6749489112673817,-0.4961975896444278,0.8448793354368213,0.050403951232832034,0.6949810976280572,-0.3172516773293472,1.7733470675241338,2
0.9131528839971672,0.9050993692263792,0.10942622161036925,0.7784716616759739,0.5737709433396591,0.32654060230906995,0.8930577408010026,0.025459933282820854,0.3000286972990755,0.30274462630699206,2
0.4215829081983765,0.8168968179516292,0.054086249085721204,0.29779833800289596,0.6592189439229138,0.17040592274285288,0.8862618121422042,0.3468601820411814,0.6741616954536169,0.6276765351871566,3
0.69157235118769,0.9746273821422397,0.7908371119334238,0.640555582128685,0.3174032903785782,0.8553391419352565,0.2257060431898485,0.17302666000989134,0.5808161604748048,0.11815491272321108,3
0.38014165826599755,0.6213417124415455,0.09546688981547483,0.7889099702082129,0.06661606002231982,0.2298560649121406,0.8113110893938216,0.5937455278819365,0.908312128087912,0.3776962391283253,3
0.039690265085245,0.31523911672200605,0.38417110329591103,1.001331847343009,0.46522525140952614,0.7989896857481703,0.5039363931170148,0.7234786464641261,0.6101218560060707,0.6933382837947182,0
0.7242318875191818,0.04011237505835475,0.6409917422802857,0.35910334641592734,0.20807245120638895,1.0622989471941164,0.16172467531779106,0.49360986173517124,0.29956927145699574,0.9569283089896542,3
0.7132399087315703,0.050874202406562805,0.646769683897999,0.26660370203042444,0.05418443176242919,1.0002118610303479,0.15634191042423884,0.4659636269436399,0.29250269354656383,0.8632167527779947,3
1.019975401424564,0.44901333512868447,0.6263243717483926,0.4956220523754855,0.07769314576795919,0.7794274000990281,0.31764719730873603,-0.07870593465455633,0.750157175393271,1.0654539634201616,1
0.6196733595976898,0.46492517575886894,0.4429560523044733,0.3115698042703403,0.9032921947967603,0.7540451085711048,0.5719987382837975,0.613787340669286,0.42918509445815306,0.5591513608594502,1
1.529521112427926,0.5449255673376842,1.0792833283557246,-0.8116486128893042,0.3535105538486569,1.4597645082206077,1.3069781250694952,1.3773850745980156,-0.3221277781160289,-0.3970480111689355,1
0.01262521342024709,0.6138990929088849,0.8142401169234718,0.2270369665009124,0.7299541760496824,0.678678156572605,0.5312103029168376,0.08200215280330303,0.7785211588518313,0.018683718766689214,0
0.5973765211762097,0.9363749521028774,0.8894701996209319,0.3730881048845046,0.827685626402788,0.762649319601924,0.6382443411043646,0.3163542197987106,0.6858315284367267,0.5837925588672619,2
-0.2524396462353905,0.6500225123937026,-0.1842902929238242,0.8335890591189662,0.8704275715213122,1.0405057311779657,0.09948081823071953,0.13983044998518268,1.1778918452376723,0.2971971906527553,3
0.7311174069897104,0.05086043622531924,0.7369223988048159,0.23385678849633273,0.09534981083686964,0.9516676514890354,0.18480129610237672,0.4956626812139878,0.20368942024509012,0.8880676422933975,3
0.7122513624443382,0.22569161451232406,0.946439799241593,0.3742314589021696,0.6810992677354634,0.36510078584778055,0.3268869432321524,0.045665340456164744,0.5114595454485993,0.7601748115651283,3
0.1410595243365971,1.0177762735405635,0.7112298265039698,0.5752730069879166,0.8406248328225542,0.24550348695358692,0.9730598341648717,0.3586759829182114,0.681518094130648,0.6940658351245054,1
0.011431046788515212,0.6734584214742471,0.05262010989496333,0.23716784148086925,0.8393386068328975,0.39409342508202116,0.3214144184782754,0.3643189313204905,0.20858629095630565,0.3896315275226759,0
0.6486201694782808,0.5226232107569169,0.6327821536062912,0.6640261145600251,0.08315838507625123,0.4724347566945747,0.7497045623762832,0.48691988162548777,0.52337371383779,0.130431451321788,0
0.16300480849650545,0.33844741909284776,1.3814480117211143,1.0589058412055492,1.1368321081161343,-0.11810427655681943,0.4760266730344754,1.4229499681689348,0.14886356266846124,0.8146016639688236,1
0.9308761022005422,0.8190282325012738,-0.17665496121271673,0.376082678097087,0.4986816801951972,0.02847943623022614,0.8425776515146273,0.6571927292346308,0.6694294534647949,-0.04622329931096675,3
-0.02499468651272488,0.4516271899323777,0.5365770069579744,0.9993911490641393,0.2905200472367406,0.7376699805576616,0.4578405863847571,0.7384355592513236,0.35988855659184554,0.49820441067423055,0
0.5370548055635916,0.3375748370028998,0.2916133555989231,0.13797257487477438,0.19477488235134932,0.26075035013534764,0.44375410987671193,-0.01575969572005466,0.5727952263617272,0.333800889309746,0
0.6306288422445143,0.5761603243515727,0.321821868283382,0.3077583151924867,0.8221006899995493,0.3191113500028004,0.37236230937502424,0.06911088351021955,0.2161134554287573,0.20081452586574725,2
0.8643563890404844,0.3310277158909181,0.6955098075035505,0.00725604967091311,0.9119972918394753,-0.023306833602322552,0.8519012603361436,0.6479468010659939,0.21466214186878377,0.7742426671340759,2
0.8821135798647762,0.8986265153677035,0.6535976584786831,0.8935463717442433,0.9591073600138249,0.15291869588157475,0.4350213565853974,0.7524574722331209,0.4258657911766215,0.6786041264181675,2
0.015718729632571125,0.6160678767620493,0.8123596650907731,0.22802820469554133,0.7298764143534678,0.6762907470435318,0.5283827045364613,0.08360325559396611,0.7783399646636765,0.01948303549275161,0
0.04858391851453264,0.1215411773175489,0.4933538181793682,0.48206214881354975,0.8807285415173689,0.3599544337364501,0.49489948223334634,0.7246861366524994,0.42521396443564974,0.18242195005194517,3
0.7845035390930858,0.1920878474833231,0.2984326467188109,0.26470922852541695,0.788972830851513,0.9076366692181608,0.7242362046156714,0.5507491168967744,0.7938160027264851,0.09191858706233473,2
0.8939746513899107,1.0763332946108954,0.6540449245799635,0.8810801187578793,0.30381631367756357,0.467537147331492,-0.11545859876975834,-0.06463549891309567,0.16628482981174414,0.22139783187503803,3
0.9815646170449737,0.2832214119800618,1.0010159717866642,1.290939600697287,0.1966911844637167,0.02653070512045401,0.31546539632524867,0.9884571962331947,-0.26313726396387205,0.7511026998266133,1
0.3449713211244755,1.214293243949551,0.8334622091431938,0.4532727001850398,-0.5303366756372005,0.14489300313040115,0.9822521613086022,0.6891873833121123,-0.32191879780703836,0.586757327611359,0
0.8598727883341118,0.3086913837266769,0.7148357818538436,0.01959575608194076,0.8845194825483155,-0.006936786363870167,0.8876443364056972,0.6511963835000167,0.2007601660037733,0.7758352987949865,2
0.5496223149694548,-0.22631529745629544,0.27352695733505844,0.9653672785279269,0.8796632074811179,0.054908948379577174,0.13838954207820198,0.48207482429228393,0.5989052175622855,0.5295116049838579,3
-0.0065685381726725,0.3357905176949464,1.0901138692223324,0.3236213400198784,1.0041910064709307,0.5671717470869361,0.6519091847033358,0.7425793932472597,0.3689199154428629,0.27979696034482515,1
0.3331351261209917,0.4832558413224612,0.8148627513279264,-0.013800227501275637,0.6578361140242583,0.34081470208094955,0.7968420014450663,0.6503442143847014,0.21666340294735548,0.1988392433568958,1
0.7998944823896282,1.0049475893231312,1.23180948740446,0.9816596617600246,0.8048870660168511,0.5194574719280317,0.39549625575084846,1.0473517835040087,0.694472424312311,1.6190697986591496,2
0.8384015664288739,0.5588673976204769,0.8091910860126724,0.37696358641356514,0.6093963036088096,0.9655450287985423,0.291850139766698,0.11652983971677269,0.14980601746221428,0.8933177731885904,2
0.41356506870781407,0.8143041858329885,0.05945556889226512,0.3065350824046115,0.6556818222401285,0.17160433202033964,0.8894948298118783,0.34005437333756233,0.6794321925390145,0.6241795547865724,3
0.4462262971401551,1.0166678093885377,0.7740647706632084,0.5461170862839455,0.04621519774220917,0.8452816881277472,0.38552664661957203,0.45720178493805597,0.5139081162871278,0.21704732037293067,3
0.94613355754589,0.9781813933996425,0.6271968635751057,0.02069926412340596,0.09197956978754435,0.22607358485900442,0.05434191161195352,0.7566564503674369,1.0190620911445403,0.6820991255397972,3
0.7573840712540185,0.07906991001145755,0.7494046010542768,0.19700489625472467,0.09172640418254716,0.9118063922751514,0.20639056787033527,0.47335650305517574,0.17593492011305895,0.8809243510031906,3
0.6630673431315842,0.7768377451941516,0.9953894965515159,0.7064951776386449,0.4111558205591088,0.30480190619375747,0.18728990042099866,0.8794654000825431,0.769905861165574,0.8281887410137735,0
0.8922034506781535,0.29921484000857546,0.705335426383934,0.04963963307465411,0.8738567452888601,0.020101441328841094,0.8497272016085263,0.6825069237572376,0.2459190128862064,0.7361334225287852,2
0.0851956616576307,0.8244230361150933,0.49192275989474915,-0.16145543992194,1.173078812758217,0.5291739230677482,0.751660588661625,0.8543139618564559,-0.10233727548811886,0.2838627011006269,1
1.3549776397627618,0.15571238051526215,0.6711727739922296,0.18629689465237464,-0.05003523508746904,1.167604951052901,0.4750878041469923,-0.17732112810263054,0.7839076276208039,1.2132257445439365,1
0.8797443004501544,0.30663386844474455,0.7083021492585018,0.02670477453647372,0.8888849016913221,0.012912571768885142,0.8770436236109529,0.6604227296663593,0.22267564990565744,0.7647397677588047,2
0.6158015642904173,-0.08684606288172875,0.7083690819285943,0.18189821408545193,0.5762610646489775,0.25759973891099613,0.5425092839736306,0.23114428316860147,0.7814571377254688,0.2046210368049553,2
0.745733276703375,1.0498827840491953,0.7521213581133513,0.8708668462636837,1.0744334876584727,0.08050776137476398,0.5555446219138628,0.7145152179374192,0.47605965383602494,0.8316725432576118,2
0.3461849773477349,0.9115312839688,0.8871090299811196,0.5469362089543892,0.6157806447554616,1.1709410963192612,0.48722657213585907,0.42452455979295634,0.24889243622573926,-0.0379213381436721,3
0.06513244419652148,0.16627999102631413,0.5086469684473093,0.5093658198069202,0.8787212697474394,0.3335961970876515,0.5079900108046188,0.7255752497803645,0.4124539870862405,0.173611389033832,3
0.893570817149369,-0.04230550881156481,0.9420651999607762,0.09027732730506302,0.16424480807818403,0.04059415491560481,0.1299510667487021,0.9446951177019041,0.142124334026154,0.5511108494011459,1
0.43730949151447734,0.24553509836578702,-0.10617972850508323,0.8823707647081515,0.3795129865475865,0.184955877143202,0.6105308814901746,0.29014033725478294,0.9465264540911601,0.07431840335253201,3
0.885290467315718,-0.3947557800910564,-0.05636884427799996,0.9364461873644329,0.7495864217356197,-0.25971007803322366,-0.2322588560180882,0.6895317677961005,0.7404105392726161,0.06268392267166617,3
-0.01699165135829761,0.7864591248876288,1.0934655869587617,0.8878797888102973,-0.3470624510412961,0.23848285059331373,1.003371868081915,0.6347074624512259,0.12242958883485591,0.45944850446144914,2
1.0104323192252394,0.7887139460283288,0.8099268196883508,0.9841117795050152,0.8952676164897468,0.2026522561284247,0.454686892936472,0.6696626373544452,0.0999078122533727,0.6761741977987978,2
0.7712833135105859,0.1545996347296843,0.29524996750764554,0.27936779474213236,0.7850285552134065,0.9442046056535861,0.7301128231306881,0.5840985436718983,0.7573825395357265,0.07405269982053914,2
0.7155325476884528,0.5239150627808321,0.6565510235882428,0.6903150834191543,0.006582580578524309,0.48709422040163275,0.710475992054042,0.5449608515846118,0.5041992493185318,0.03558013743286448,0
0.9584836201821224,0.9795543421359244,0.6527769851669514,0.005744383915182642,0.10765603960584584,0.22056933548613977,0.05761015906970203,0.7656198684950715,0.9728946367388511,0.7057240925926164,3
0.08259377960893102,0.9504889674933591,0.2979580927874759,0.8785854345906735,0.770898169380732,0.05949421802251457,0.0727979331151671,0.7003505725183004,0.18413162627949417,0.9316121806482432,1
0.06444978648297603,0.8764689728224161,0.3324836156355492,0.878284297637983,0.7358393504565367,0.07844448234100072,0.007601240904135952,0.7245987672890241,0.21491964505845354,0.9556940307994568,1
0.9041075738405963,0.9104996682661758,0.13290786224101367,0.7785857564929695,0.5660904305197022,0.32847448763198445,0.8956229797450006,0.035055433280485146,0.295777672663586,0.3027672967153124,2
0.25483850879571013,0.19355744187852034,0.21204093128828358,0.49249611685915085,0.6956082338437659,0.41615053819158365,0.8381149542896625,0.42421186132850475,0.33371659524680203,0.43628937711221805,0
0.3120113065960127,0.24540457084506428,0.9671759636639871,-0.025282560929611564,0.35392458171190466,-0.11133221562807866,1.3885887563390371,1.2025630981791877,0.8098503812667128,0.5025857345926926,1
0.04222293833713042,0.10015568974859432,0.5021508835014632,0.22432777189082714,0.8321152005799396,0.3809650331694334,-0.027172085466383146,0.6697857733468999,0.9452205754721339,0.759957610634713,3
0.049417109014513634,0.15588062867078903,0.5316630865210717,0.5036469269259843,0.8726429849146324,0.34313962250793506,0.5086198679348689,0.7342837960221206,0.39623353256573457,0.15471033521274521,3
0.06973478253906992,0.699907831847579,0.03845593596322272,0.15195883258309334,0.913596528717012,0.2684605262799916,0.4168347493336381,0.3124999536847553,0.16280824632084276,0.24110307355788485,0
0.32109890644825734,0.904060473269458,0.6872169008976743,0.23868300402595982,0.11721977051638725,0.8613104674958793,0.6008675640543141,0.4147646596772389,0.40552414128703834,0.4667578383854205,3
0.9135480669299058,0.19014485820554267,0.9067880076547032,0.581758094943899,-0.6438062930682101,0.34614045723281106,0.543938761400732,0.32396991825227245,1.0565796416444246,1.351842910745614,1
0.8918674731455184,0.3264459398123614,0.6624683227473389,0.0010525283699541754,0.9104833472885696,0.06695205352680471,0.8505645475018269,0.7135072515768784,0.24067181108350524,0.7504679693131172,2
0.6448046993163872,0.20942540293045278,0.9673235962111141,0.5045822320224835,0.7481762263857072,0.09749025002236122,0.2876798286123654,0.2243964985217503,0.7693793715343029,0.4452368812816699,3
0.282181624781776,-0.12751876432455783,1.068265868416536,1.1758224046593893,0.7182159560277576,0.5367106161278987,0.20294113260415003,0.8502241799684657,0.35878721790647383,0.6674115183037574,2
0.1279042380178021,0.01847073419094599,0.7102144564743925,0.32198278480807546,-0.023215703692810993,0.3799296513873913,0.6325296470374641,0.4965201827245439,0.5419520995043976,0.23472709046217316,0
0.8227073152526982,0.9081818330722069,0.8705511238120075,0.9270491558658956,0.8534435121283974,0.15616497910129812,0.4836705681574252,0.760479637001731,0.19608238116070129,0.49797145678077126,2
0.9578267757879098,0.990961748040594,0.6548067504706824,0.019212397642303106,0.11056476053550456,0.21178700230688655,0.04581184390890868,0.7531437907941836,0.9847462801566176,0.6905013344699438,3
0.27479900105935956,0.9224847032544254,0.8700537755623425,0.43037515298974627,0.905306000281962,0.201858173102567,0.9948203553253708,0.3458152047768003,0.8118691267829466,0.7709724212202003,1
0.9004876472931279,0.9622375780575158,0.04750481774221629,0.7059258330312221,0.6396450011151636,0.2656787880850481,0.9154130369816083,-0.03037965609222007,0.25654639816420005,0.2746286842208539,2
0.9029670674093689,0.5218369768143901,0.7257720682359693,0.35062309007252673,0.7059690817516973,0.8409077295765981,0.3642945102236274,0.24253019833288042,0.18789970383603066,0.9451926489572281,2
0.37568767574921924,0.79512602000106,0.09607108128950059,0.2569406370579987,0.6892171082693067,0.18157701372522445,0.8954022473251784,0.3096009828858589,0.6586474358035037,0.6089584778508301,3
0.011093569351041875,0.6187781977074884,0.8129722095420021,0.2244907078420822,0.7269640353529626,0.6777667181142393,0.5354944804450213,0.07714171189916173,0.7780431720488497,0.014692734292018506,0
0.8173966094654732,0.5580792062435086,0.8235067512827864,0.36525948521917095,0.6027270678165864,0.8926230175446791,0.23640163766233427,0.17453762113688517,0.21557472603990113,0.8859457457522252,2
0.1995356108599552,0.4566435143729435,0.2847374272295611,1.1036645355692105,0.5772167425242469,0.7659861028039051,0.5146180083777584,0.6665429315822801,0.6538851494298419,0.5779130840343845,0
0.32123559629064546,0.6549323903385774,0.7380726716116404,0.01429722178382232,0.7493239630635647,0.34862603057897085,0.613956778899693,0.652683887066991,0.17149434900876126,0.33982997051571523,1
0.9973504798388784,0.3598000895996087,0.5875130399794505,0.017433758028352307,0.946854901187659,0.08565814742772741,0.9499540408808776,0.6078169978657451,0.1819805085822819,0.7378628634456829,2
0.19406734644406307,0.45311368620121817,0.47336431808753804,0.022035000290957382,0.4954676078777275,-0.07737040582780134,0.8744227338400699,0.8611970738815089,0.4979330513884825,0.21097601037990676,3
0.011701679220507794,0.6069440365819667,0.8200018052266255,0.23429859376724008,0.7371119615612183,0.6820750060405204,0.529054903244012,0.08032821431168773,0.7815201543019867,0.016319028020832783,0
0.35479921319661206,0.6841720253784487,-0.03137320257679642,0.6680010924846775,1.0212899222246896,0.3821570689277099,0.015971454309939737,0.5896430489891719,0.3147446803083572,-0.024841286612776348,0
1.00525260964569,0.7837393121477267,0.8124151411235806,0.6395063747888768,0.0920035944892455,0.49780709281744295,0.08205688387755034,0.6609874870081961,-0.002108170883718171,0.44509737270634414,0
0.8676108469512953,0.30417063316675375,0.7135707858945012,0.022522246509711047,0.8797030107627526,0.00851962274441613,0.8689338279482476,0.6628764744914107,0.23604531321337713,0.7615793745481433,2
0.9473439490278878,0.6069433924221246,0.8615943158693087,0.37739190405991385,0.13774835648074696,0.9766507301662277,0.37499623721342523,-0.08559381656119414,0.7987613791418899,1.0133945508925166,1
0.25892987097227976,0.15002553981421293,-0.0031288488908918916,0.7524685312465746,0.5980194077719263,0.2847474369187221,0.7637400721452956,0.23259969953526588,-0.030509007576783556,0.6718649817030925,0
0.1458635921902393,0.3258660803353132,0.3685042374999736,0.9523167359242439,0.430591055782781,0.8038032319536949,0.5192502221425762,0.7497304868350261,0.5191178277260938,0.6286563695603355,0
0.9648129941785009,0.6190175424271365,0.7379009519459652,0.27924980487304574,0.005916545162511888,0.8814060706377629,0.4503640223596256,0.03607782929390503,0.7084338588670118,0.9623281019858639,1
0.7941589339702615,0.48014750349278845,0.5300498004470023,0.4235448813051981,0.5631517907170525,1.281545113563228,0.009492684805529672,0.030464897414544567,0.23386116500881116,0.9443508997027434,1
0.8703360393412727,0.3148729081170993,0.6961561370590784,0.04727739949917968,0.9111873511060987,0.02774852993613334,0.887607736286218,0.6431989117540083,0.22972289798212253,0.7461216253519699,2
0.6417780058699875,0.5167050385468929,0.6303460524189959,0.7065526931516429,0.018286987768581536,0.497991498237253,0.6998485650234609,0.48133700943597546,0.5301336477740466,0.061552586936189306,0
0.6988046393665561,0.26389915681206655,0.9334351008996561,0.3745041238633051,0.6779494396361301,0.36603843465402724,0.33071944080659454,0.02607046276453533,0.5319105739700963,0.7795783750412982,3
0.5803160357354414,0.36915314389508835,0.9167516832329573,0.3496057927304043,0.9376571833485949,0.7139939695601135,0.46559200527893696,0.690718926738845,0.686671934502691,0.3087317753735879,3
-0.38431824848816953,1.0587034439179894,-0.3976083610606118,1.5201884635976801,-0.17177137230772815,0.5201381119176811,0.5415247500866707,0.7772042315293523,1.145231115364736,-0.04694077898399268,3
0.9465621099754784,0.5520873143994902,0.37184195634575945,0.7385822181317162,0.08020542195385831,0.025749093537997814,0.4884187586885239,0.18914094020280736,0.44170000799301207,0.7132217903719809,1
0.9809587466182994,0.6835127746933336,-0.13179604327105912,1.4344885883238807,1.2263751158441356,0.26111932371768276,0.17980218323093444,0.21129263798341957,-0.036406751507496726,0.40518688240736117,3
1.084179411061912,0.04027529734700451,0.46999076069737955,0.5808673170670475,0.2370022219657122,0.44373041609677527,0.32322294423630715,0.5961893339215489,0.3333591122013193,0.05041867094361391,2
0.89404134694275,0.89998702871179,0.1538451506830168,0.7709584860924502,0.5564027755628277,0.296602822763371,0.8672182263637782,0.012006713374786567,0.2517433529301508,0.3555425473829082,2
0.46011587798743964,0.4343802281887592,0.9054434446813412,0.20690544408524456,0.819850835705931,0.6795605703796472,0.5406474954196874,0.8245786197166247,0.5183684695551284,0.3408423692326,3
0.8265172343841123,0.6884395549225968,0.4623918257879345,0.7526667594401497,0.14479257847909383,0.016938357756663913,0.4994397704794292,0.182507008252903,0.39868319532151486,0.6813455156444962,1
0.765453529165181,-0.13066573997757303,0.9005867681729101,0.9745933717430162,-0.4941247789919885,0.1489462238457536,0.3878966622926311,0.8481731275524897,0.5251571084082716,0.7458305936405716,2
0.8303103491702726,-0.2564975490461966,0.5399102640686229,0.8552588919485893,-0.5887101093447272,0.828762254701372,1.0234680675091314,-0.03642427549871219,-0.15301927344620825,0.8236123385095822,2
0.9723508750458851,0.46825594986286984,0.729813822649507,0.35238513563390833,0.12635309362394795,0.8658952018563496,0.431352411362489,0.037692740098923,0.6566516267257184,0.9949324643410068,1
0.03708233073093306,0.7111410574900676,-0.1967636352886872,0.4538585894334375,0.7730782918137044,0.5124759933543476,0.30746177459362745,0.5153420366965491,0.2465434947646386,0.31970042367658846,0
0.02000826434221975,1.024751697347526,0.8631273589753836,0.3244745197045375,0.7774128676945572,0.4714148282802667,0.9877494679414198,0.3645438873032291,0.5692456537986134,0.5175385405919855,1
0.6236403769442872,0.0881939947235892,0.5921370768262597,0.1253177888045879,0.7283337842711303,0.3235108544475409,0.5751664257616532,0.21526784643886285,0.6323107021316524,0.25282397800722967,2
0.43106479815574456,0.7822154712686373,0.10772189083293277,0.40216984575846154,0.6954450789247872,0.12006404059616793,0.868321554740395,0.25113133390512504,0.6965164234238698,0.5745884699050369,3
0.18650825368619667,0.9039473907636958,0.63108355386625,0.529740353883953,0.7444443878019397,0.2932953908318803,0.838766017045066,0.4480643170975027,0.5978995890271961,0.6510759451003705,1
0.3573313015749524,0.7785186291410218,0.8934482342368142,0.00493460496642395,0.9503889891747839,0.26468111211263334,0.8017454617114436,0.6270077555645075,0.15251725627848844,0.35038464023129295,1
0.41980346812927455,0.818018414739746,0.054630760850237714,0.30470092330316706,0.6508616227542761,0.17003504844424167,0.8854983656850608,0.346800219785314,0.6798675987924542,0.6187871936324495,3
0.8035873881005104,0.5853849469075955,1.2324761556885497,1.1420398965376852,0.04329725615120672,1.1681166695373593,0.5217390606361596,0.1705266168968454,0.12815052215431988,1.1293738453394764,1
-0.08939980080993071,1.1140491924165572,0.2712633420233867,1.1017764636727478,0.8356074081626731,0.31873808293037353,0.0270003141597007,0.6397199818520247,0.36185577926047524,0.7922638438350655,1
1.1316152039571423,0.11630104730760138,1.1560772505375296,0.001583324621165505,0.7474169044311052,0.32635609688133044,0.38354128625098444,0.8930690749046097,0.5823055238807957,0.088692879713619,1
-0.17539041031062638,1.0878122353396502,0.25877886825190866,1.1062157206411967,0.7276409492312794,-0.06808586710432254,-0.059979532817005354,0.6100446131221445,0.10967522695791573,0.7634822054689938,1
-0.09016318257325673,0.23781300943554132,0.07728858647820935,1.1273868288612325,0.7106729094230491,0.8161131597720791,0.2871708250233148,0.550190155496994,0.8899030295611903,0.4187682316860356,0
0.7372728720414077,0.6500592158324225,0.7942950301408798,0.381021575034414,0.6514460837433765,0.8902683669590743,0.28838868372107884,0.18146400782119804,0.10391849060295777,0.8788457975869267,2
0.928761582263968,0.7820594212669174,0.7634767214999347,0.37876055055350505,0.6753559083265361,0.13366093966599696,0.27800783539854945,-0.12725668647694288,1.1076584385811044,0.06699575564838522,2
0.008323177124192498,0.6161648768950172,0.812810716924694,0.228049800788771,0.7352322074208166,0.6776131097698098,0.5254453941617442,0.08239949446127029,0.7823484032349823,0.02200187098556789,0
0.17038869733088022,1.1266000286342548,0.7542894430991951,0.5492503436659861,0.5159145714713853,0.772149858895773,0.4431129840420388,0.40807905022684443,0.5847826009437439,-0.0037700904806790003,3
0.8720569556441251,0.2845582141579214,0.9313010973970612,0.17224385663596153,0.46228502372151187,-0.01675523907254295,0.2132586224482627,0.40124897789930103,0.28296179127604715,0.0845165160800721,1
-0.14786051061221203,0.39568042536076065,0.34589414875276864,0.6868097937322173,0.20180354823189073,0.7042718416789159,0.4713531542446425,0.27969969618602797,0.2633205498309774,0.9279881791544675,2
0.49545576854990536,0.8300530548933578,0.8826110349026348,0.48782797302460423,0.7556075712361782,0.8314145127457705,0.5409831353361797,0.36928136583362203,0.7392136313803477,0.46195616027478276,2
0.8818441103332291,0.32538833977151693,0.7165259289951061,0.04690613638236545,0.9040686922259369,0.02284494014918652,0.8552012344053705,0.6502914855793449,0.2193950313331656,0.7624624579175148,2
0.07581098912016818,0.13457094857890478,0.5119504251360131,0.5053455502355716,0.866472843088094,0.35993645623103804,0.5004389571570454,0.7378703829190105,0.3974079049629387,0.14559400661328575,3
0.4895113987951444,0.6287652239730619,1.177324141593321,0.5816766218616856,-0.19923785296198163,0.4744425652432799,0.8339961534969872,0.6108568914353112,0.25834641578171,0.8015520696041799,2
0.8104816028090803,0.5735175492424384,0.8037106799045273,0.39740980555550803,0.6842008710799596,0.8906456177098253,0.320060982881589,0.18693790577308864,0.23548361563947343,0.8188019041499858,2
0.5983953385691321,0.5610665067582348,0.3081736083857218,0.2878170186945567,0.8227993274294366,0.33460162742897476,0.36746294506802724,0.07155131343036653,0.23955901900265936,0.21025983261703263,2
0.2111976589367231,0.28960148231886584,0.95451992108391,0.6511891526548206,-0.11184261693803975,0.2187656576961201,0.6304660142534327,0.7295424647245474,0.29736499579496345,0.9492956124715362,2
0.42138828968327474,0.8170210586950655,0.06938438889192128,0.14129304377876656,0.6365458188314926,0.030172707516811947,0.715276027103824,0.41599255543104013,0.6290753614381601,0.48051858359797484,3
0.05643361023663687,0.15518871345074442,0.5254669326842474,0.4961009561005036,0.8792624805792856,0.3382265784452053,0.5095653599542576,0.7381386630030985,0.40064259766457866,0.15814388639499014,3
0.4028619346612859,0.433947171430631,1.3881001339103356,-0.17830224065179762,0.5384335706688625,1.0252923353616747,0.8984205539767023,0.5773813228886098,0.5601900901255149,0.3104408149254348,3
0.08371787105808176,0.36488118613983733,0.30946639100375467,0.6758473310955699,0.23723364454081755,0.7553665239435966,0.3768460419439059,0.4301868790751522,0.5503989102868928,1.0371124353361676,2
0.4702112633289496,0.5426104497401331,0.7552870341419062,0.8080568242691009,0.8993519315278165,0.326669972061434,0.8519031603655048,0.16848585377426437,0.15932833956076692,0.2813990261585358,1
0.43051315856584876,0.40380768941007855,0.6664803404169319,-0.11715450351159495,0.7494466753196356,-0.1981501227128851,1.0203298807352015,0.3406381538622489,0.2846308259552327,0.18887019223257634,3
0.9245246444891636,0.8993448944063842,0.13178334550862456,0.8053777825931812,0.592631912056375,0.29471768995780884,0.9247321406042156,-0.013433959672861831,0.3338812545201498,0.3156323146908658,2
0.9677207394619028,0.8166981975826655,0.8281119732371884,0.6500412740043814,0.05895155621867137,0.4636068443607809,0.0902741511911095,0.6682061654750977,0.050121887803158856,0.44957100519848703,0
0.7860125406125867,0.8003689252779147,0.7144409365252196,0.7465510377578577,0.601663619846144,0.06001271954230325,0.7357503372536812,-0.13742400611800432,1.1148893484806215,0.21286880113285092,2
0.26484866385338396,0.4270729080074297,0.910441364157802,0.7525500350536395,-0.023684469451003637,0.21906381686692317,0.7417849046092341,0.6051576716427757,0.40409752266931,0.7577729664693966,2
0.019587947782029373,0.5426181082968443,0.6184454163432481,0.963021857611645,0.3077351317718662,0.7617050120459831,0.5806302276483211,0.47012468080067943,0.5759351628283464,0.7131343873405105,2
0.8979814956600615,0.9599999620072203,0.1104464891912941,0.8089362305666293,0.5776443341444039,0.21678477132616303,0.848091576940299,0.10895251866822997,0.29277881048023996,0.3844112959425379,2
-0.0971899501334422,0.5297243683764695,-0.1573956264007239,0.3881733618132658,0.6167264817631742,0.6413110718287759,0.6250687104899171,0.4335672070701335,0.1465187355321096,0.5103386144493335,0
0.910263849653399,0.898863919986166,0.1106873253756992,0.7787495391683222,0.5578700628491146,0.33718172894785414,0.8921981347760709,0.01775709475737089,0.28646792890942435,0.30944246268395986,2
0.5164464108923231,0.42857095562555947,0.5396789800769966,0.5579965744321622,0.8621795440960441,0.29826891737336325,0.8582997347436682,0.28182525088930865,0.2680325605664913,0.2846241875207967,1
0.9752250486222555,0.9976853658038868,0.6493259542741455,0.007599377661602317,0.09256137708178383,0.21581447813384982,0.028929688078848725,0.75414137484893,0.9836893161643582,0.6988015133402167,3
0.7956817148725931,0.22124870269515934,0.8263173820212459,0.44966286689247864,0.6620215358326249,0.18615494410789574,0.7583124571656576,0.3445868962266575,0.4359525642816423,0.3743030399280394,2
0.815048782839483,0.5527127458376336,0.7257747077894371,0.3814413387339843,0.6619585688538229,0.9024199303475052,0.31407724379886826,0.14506130352550672,0.18276139019543658,0.8665867219991892,2
1.019689073218418,0.8373291112466829,0.8001884339796107,0.6213627175036407,0.06918113871638877,0.4345202465036868,0.11404342212378156,0.7146314462792689,-0.009162836257622015,0.5113647342359968,0
1.0291810878500347,0.45444956679663423,0.8712722055202697,0.4698117168951,0.18781741975153998,0.9863649607308843,0.34578848062975986,0.09481775012779785,0.8148588044779468,1.0561809236328539,1
0.5507853545647087,0.8630864651971598,0.8212190823315837,0.5337604178195059,0.7410954335373428,0.7468034950680935,0.5369548490868684,0.3588207834420014,0.6726603609273017,0.5180644340110034,2
0.0921777142933209,0.15379388518534168,0.5206488980222971,0.5357804863796914,0.8638530952203318,0.36004297633262516,0.5349839953269211,0.7163339725037069,0.42216474925341585,0.11689267083758684,3
0.9306817153622593,0.0603966423823895,0.8333459745167631,0.4492950580950707,0.17390594293635322,0.993057354381746,0.004221746800483761,0.42319745699037764,0.388191694303486,0.9190448188720078,3
0.8842553942468842,0.2969738329380767,0.7043679205593768,0.03212756852154769,0.8884555857723958,0.005674504859029558,0.8877875463820986,0.6633684687500543,0.23762770571798839,0.771382692150136,2
0.938372880067164,0.06748745318372638,0.8047229800661942,0.8570554435874446,0.7115949344533923,0.7289453017114358,0.0001353399371201991,1.0512914329624843,0.7680499183007649,0.27096049166526714,2
0.4738056368883003,0.3938216219755627,0.8550035897128188,0.2164269961202317,0.604101482818115,0.4049998530661637,0.43630497843499366,0.2019057757654143,0.6142358104317867,0.49065058706302545,3
0.7619921483570599,0.19195618343067047,0.29689582988632324,0.2671283715976348,0.7627992648723351,0.9250351698526049,0.7383177269690396,0.5332709272925433,0.8056900395248051,0.10780275620486167,2
1.2049494484084033,-0.008752971525020636,0.7378090063430844,0.58955958691681,0.8774888448039673,0.9724432668095818,0.6051057441503682,0.7726753453591699,0.28098206041146573,0.1922971926335317,2
0.3374400971706,0.833763293563506,-0.25867799092622484,0.18324954080031308,0.4446231167455713,0.3315760227092677,0.3078225348516106,0.8477052503154321,1.0831046590948257,0.30189971565819984,3
-0.1872543346207158,0.9258662933984241,0.24834931206653432,1.1405624653105935,0.8731734792020129,-0.29400533027255493,-0.20846053370289663,0.7958829502957906,0.0709095532929136,1.0801439999559963,1
0.016489566046849514,-0.04285880205189026,0.7362836954295271,0.1325494421647043,0.9273128180861971,0.1737516263304171,-0.25452436871780953,0.5496299433073252,1.0357091316122171,0.85262134973962,3
0.48130273578827515,0.8575846042021991,0.8751395218564056,0.5184872232865061,0.7274678628691459,0.8407731005277842,0.5651958147365753,0.3149073621507921,0.7156426882898804,0.4369838981441565,2
0.279848227666201,0.6500453148411012,0.8554369734027911,-0.0425137258472865,0.8623832945278396,0.4406850104894183,0.6536963216201762,0.5309331888133181,0.1014523609010879,0.34765534066684667,1
0.9098065234810668,0.9046893279900986,0.12346797863310932,0.768244878865316,0.5583629703686404,0.3273234793878126,0.8947866008504172,0.014725472535406693,0.3012174565463055,0.3013792951744792,2
0.5860879152988666,-0.04746952806252863,0.16862938205874503,1.0176036221169413,0.8029628550110443,0.27570830844717137,-0.11818699493774554,0.5019938461145461,0.6424841009597501,0.32780014044347716,3
0.8978030833262064,-0.08122927526336143,0.2626824534153757,1.3416910595351383,0.9120701353795468,1.2787427311083148,-0.09452902074782382,1.1339192170783658,0.4180507038149295,0.5504470413739317,2
-0.22595122432111175,0.5951105368888785,0.19404102003998774,0.32386435824557225,0.7222823496209934,-0.15882523542551705,0.5508065036238229,0.8312286619366387,-0.0236039889296214,0.8938746933800551,1
0.04812658147994723,0.1472685267958531,0.5256446886833316,0.5007062685601068,0.8670167578707092,0.3483635189562616,0.5193858099890353,0.7264272149867819,0.3941168439091709,0.16813213195343502,3
0.4279157562739282,0.6107911797394033,0.05327572048307594,0.8977673831348154,-0.15952763108430779,0.6655597372908466,0.575638003113512,-0.016697427914924956,0.34261980847075907,0.4822203136323089,3
0.6700965698455298,0.49161303060657235,0.5925877151703589,0.6814847878368591,0.050953880682381894,0.5194666878304808,0.7504078419413972,0.5330753141434634,0.5461852562364963,0.07127388307599236,0
0.7250219907329355,0.16361210934860063,0.3415991095385137,0.2666889727540483,0.8272619153321342,0.9454361707593956,0.7185195767673807,0.49977297163759643,0.7409512706345239,0.05820825504108077,2
0.7450969572113538,0.9980401857185155,0.7882617918025864,0.6492621011870919,0.2981872678624549,0.8894960269334821,0.20489824148549482,0.1690263651894887,0.583795166948594,0.12432566814593682,3
0.06116958070279626,0.6821463358842771,0.04707993412857701,0.2545705477413217,0.8524823138395454,0.3926852241517389,0.3642189549153529,0.34899978796856157,0.16899995522082817,0.40281252755530894,0
0.9102870910416403,0.729740491548728,0.7597408755659557,0.791580000355333,0.8678994084207626,0.22468185914260766,0.2706744100509887,0.7163343959343407,0.2033762961316462,0.49548034425743215,2
0.4224760621145071,0.8131634678318976,0.0555613612000924,0.27943005418788414,0.657180963931227,0.15456137379222978,0.909439564123912,0.3661425729248207,0.6592492469341131,0.6208115191622415,3
0.7334390162153566,-0.2344970097110876,0.30377756924464194,0.8755718953651361,1.0846437133818467,0.28540652717510356,0.05344925890408378,0.302812453741667,0.6733805413022802,0.5693976889743397,3
0.22040446753164245,0.21343163297649315,0.37189408645781874,0.8269222795128349,0.3122739201031972,0.46468210181888703,0.8050361615676618,0.453220156093755,0.28547268869217035,0.6823850633932731,0
0.9880776945430281,0.4800739572539692,0.7296226555127288,0.3822536896001797,0.1093090427487152,0.8621654933778902,0.4395556743003671,0.005866836940300796,0.6758018658496047,0.9953677027876527,1
0.8469966515382396,0.08837801533063766,0.5794532214940713,0.946523972887805,0.6988889939699823,0.8795628744920257,0.2976315392286779,0.9971895248450315,0.6779887669176657,0.34481892525000435,2
0.6639732736306317,0.6480048761224922,1.0519073050220717,0.3956238353305287,0.017574444411077188,0.443906393644156,0.7959216067252444,0.32124701817316614,-0.06025550472012442,0.9490527453852398,2
0.8805154636053638,0.3389641175802998,0.737730860538493,0.058314292538085274,0.9012800323521425,0.03504362274385082,0.8854629038265568,0.6700413222473118,0.2098867511025162,0.7841028948310216,2
0.9208196801041976,0.32878569874131974,0.786182969345113,0.48615068920423327,0.3205705818904188,0.999356937602153,0.3884225754364506,-0.1780130248268177,0.719155720973702,1.070553027199015,1
0.4883498531022701,0.8025280925295989,0.871330559821301,0.5238831373101459,0.8087696175224932,0.8592297385999329,0.5390832227697407,0.3798041975718729,0.7159845325961073,0.45613696161234374,2
1.1057063453130165,0.4247635296914093,0.7447766448824713,0.9733357392461665,0.47903873924957624,0.49883348626853047,0.29974699110903,1.0685643535539606,0.2694091461146657,-0.09958939994068733,2
-0.12897071858270107,0.7965911580332736,0.21193775723288158,0.08724805032712249,0.669803787846103,0.3928882586214935,0.2219481878192872,0.5380546996958124,-0.014555471187129215,0.3280559799578472,0
0.9715939290155188,1.0263813000753867,0.6260530885790554,-0.014594505718594112,0.11891318547885596,0.20588340801874822,0.04581683159773715,0.7699754842138241,0.9720182735595686,0.7166791234535587,3
0.950630927869602,0.9481835980984527,0.1110121580028234,0.8258196803055199,0.5138410194421793,0.36811288223616856,0.888981899670257,0.0148662578819424,0.3211161937384732,0.2776422455518362,2
0.4419533253292625,1.0283690842058775,0.0932524572596689,0.41508848215024885,0.5957032777278168,0.09396178885404115,0.8244340636748533,0.46355412779416894,0.7058657208783614,0.7445699693205052,3
0.44008128155532067,0.7889779510308582,0.028204074328936863,0.29805853936374066,0.6373269194253921,0.1801077275438676,0.8914550534804259,0.3403742756385395,0.695632661595174,0.6181258246016166,3
0.11563510292464618,1.550678834934526,-0.4075121205694767,0.354376506951539,1.3666840230089567,-0.3874476415281805,-0.5910214257237573,0.7428262957609743,-0.019571501160269206,1.2635835054666797,1
0.5219002617499885,0.6240013428127125,0.2505407177984507,0.7687670667184981,0.04178298740018487,0.2943899472490779,0.8605853677212247,0.31889377232393223,0.6915371970280074,0.18432988136217288,3
0.07145376165967574,0.21724401556763479,0.7928347392738622,0.43919575858375126,0.1568542283660248,0.07277906847713776,0.6162468995453632,0.3367483761528911,0.46679050220018337,0.8315534337880732,2
1.1611214952175193,0.28321844237622507,0.9567399571473206,0.46497868075968385,0.32318431669030545,0.7745851932935663,0.2968673554934379,0.04410828068062601,0.8183553655075195,0.8182925537418175,1
0.14880560455532546,0.5725255077662779,-0.07397160392984245,0.24636394729119787,0.9979269530518992,0.25923020821405185,0.3068001613341707,0.3445890526371266,0.02547479770433092,0.5120832009063704,0
0.1034386187315497,1.0184289396110267,0.6937441623619984,0.6458791420380885,0.8797770480338527,0.1890795834326985,0.9920831319316227,0.41636633996774,0.7605084777748826,0.6195394902622418,1
0.54603169950035,0.32334369394167956,1.0201877707742257,0.10145392337763884,0.7350638458701005,0.6363996599948176,0.7718655607926935,0.9848506552591024,0.6141979023414399,0.5787557611834551,3
0.8167036206621249,0.2237303757314044,0.31676820405094386,0.3028715175112695,0.7454068024336509,0.9498743575714522,0.7627253997655676,0.5809091239762951,0.8108230814991095,0.10902252359080242,2
0.5710099113598256,0.348079084283745,0.43441745764651274,0.04744190064961685,0.18984151602532043,0.18036801806198202,0.5498032474582997,0.08262147083807746,0.7267138116602031,0.3902819533912375,0
0.04942933415702921,-0.1831911332665467,0.5286099546789635,0.5754593569769246,0.5298545253054275,0.2441053389819089,0.11749959281471825,0.6557793765420742,1.158883446530668,0.7324200243990439,3
0.38365262191649346,0.6196560991233028,0.9657285524610595,0.6973190143648762,-0.03826773278181837,-0.028461906182193963,0.761959858997289,0.38104753268978453,0.6162102681619912,0.6936096689837011,2
1.1240109614072868,-0.2570560757876023,0.07277248593216439,0.4287293978945568,0.826996127323461,-0.21685728186384218,0.0438701676917309,0.28678218797318095,0.20188927160263875,0.3049440318448043,3
0.9823812996509951,0.17495917133484978,0.6353976722382625,0.884403332673659,0.7350299872934268,0.9018281105993519,0.24517593613860894,0.9639302027227532,0.6686784793734233,0.21217800387504585,2
1.1295021443663673,0.3279788924783565,0.594825397186874,-0.10628765230498166,0.9388878729079042,0.5190370475924193,0.4116216899718733,0.42737425520711014,-0.10774214908207247,0.8745948987368892,1
0.45391694758800416,0.8404311393461229,0.9180501291643204,0.577055015061613,0.6261598170681513,0.6836076234705719,0.6606885315731328,0.48100479066148283,0.8462700814968488,0.6056800893575651,2
0.6429378913212913,0.07077607178963252,0.8614242002565289,0.19103268170275256,0.5947368864546326,0.33824672777619263,0.5404032006981885,0.25358366658162357,0.8449606701738692,-0.02658264046045744,2
0.12233800904810074,1.035361842470695,0.7264161527712685,0.5651757989645448,0.8132901884353385,0.2653412207929374,0.9536793647756214,0.3903894740878831,0.6937974150415775,0.6680809925789849,1
0.6655471588403342,0.035093579620511,0.06176972594128953,0.879841219726635,0.9433189849168045,0.15584570607958462,0.03786306939587309,0.5593706006069558,0.7129318683009233,0.41381198220048687,3
0.5430867744124818,0.06458931396260423,0.9606021600925387,0.5664538939528898,0.5305194047689721,0.40232483916014616,0.3558090052462405,0.39333371320334376,0.7461492554582235,0.5223098503931598,3
0.21016027660627754,0.2003517972919669,0.4982193972250069,0.9515368746083922,0.5726580081138593,0.7345198320802732,0.34336147805121525,0.7856896173291624,0.3680892907817156,0.7287707760092772,0
1.0195391110980216,0.07229262940672279,0.6454685221021078,0.806015489657268,0.6114588702682604,0.8334599449259148,0.23492482707394233,0.9109526444985004,0.6969159141171668,0.28445905071809685,2
-0.12194463637818886,0.40081130045566293,0.20472380687770092,0.31244872686320513,0.12577464093955332,1.0298346819464257,0.44166761817601663,0.8843942275314504,0.8612538238518161,0.3033614188807416,2
0.587215668113861,1.2545859650394662,0.17262265619605824,0.8260978985654617,1.035215631329639,-0.03237217171618714,0.32795158313323675,0.5461007710677078,0.08915095059146477,0.570888399657495,1
0.9730060389836386,0.8265353402037812,0.13972574387010775,0.6513847416761189,0.5062581407995935,0.3552618877341199,0.8574117087679659,0.13297799081646022,0.41777232751341,0.21416653171832561,2
0.4106428775162024,0.813637149897084,0.04841092905461339,0.30214282666226355,0.6402976435471465,0.18169831873676817,0.8732889524686321,0.3467682637873495,0.6769952431653161,0.6163662279247896,3
0.5570633929373966,-0.2231202012772345,-0.1687460643890411,1.1056618306120336,0.6163847671112592,0.03964996041531933,0.2803644970623594,0.8865949889841929,0.6451701139268322,0.15699462709574896,3
0.9734201590100791,1.0019649759510514,0.6445722613963346,-0.001821197366044693,0.09295424983555708,0.2179173415287972,0.034987964103240815,0.7540601107892084,0.9909637706169304,0.687346090835282,3
0.15133055326446576,0.5938427949401259,0.5781141168974795,0.6433235511085323,0.16003356022713622,0.8620423367231965,1.0133986953795238,0.8776933814334518,0.24172720716356624,0.7753924647301782,2
0.43989945405436914,0.8085816250022325,0.08238367273735915,0.2737846816028257,0.6378231127493696,0.1604031945740927,0.8845598077862677,0.3264874721870632,0.6498065706370785,0.6158009391975438,3
0.013742384208073596,0.619333542356234,0.8103457450771889,0.22837285165873641,0.7269488723477086,0.6791268617419939,0.5285312449684543,0.08049876149510224,0.7760164121375354,0.012686668935440603,0
0.6767513162888952,0.48496618916676953,0.5858112878793241,0.678559706815057,0.06294539301140781,0.49774885622380116,0.736409791158719,0.5202307792908512,0.5459265847826449,0.09379461184834732,0
0.9832000563312515,1.084340429138145,0.25815047922611734,0.7228208868797837,0.668775031954062,0.44758763195959556,0.9186503714195805,0.18136008833834227,0.22497466685599804,0.19575084172847645,2
0.49177684544172207,0.4744928747348073,1.3098633230451746,1.6971307459273275,-0.23349670282722376,0.5398849599470824,-0.5541009608197268,0.5454436909174368,-0.4876267245266266,0.6016737801594962,1
0.9725442109411334,-0.021697832243653736,0.43091357443695666,1.2634052608639983,-0.055794393236379684,0.5553809189715104,1.0297717950837235,0.09079894971990454,-0.37945426365844537,0.2958953018778131,2
0.7247753321894062,0.9999426813602222,0.8531776305174996,0.6661807992426759,0.3622698259602153,0.8208634979400667,0.22331712073389587,0.15022997743362765,0.5322507523784638,0.10551032834130858,3
0.13771861104466196,0.3891318799735626,0.30763439748734306,1.0860310819048389,0.4999698265486806,0.7801719171629019,0.509206260080507,0.6706283207080113,0.5170009606379079,0.5332294502949688,0
0.6863989681615025,0.048175179100728036,0.7381296719788828,0.22173824416907373,0.10994370185345383,0.9757862971774108,0.19986549942352438,0.4526925192038361,0.2096629230928532,0.877487127842355,3
0.6403853315084364,0.09935930393434075,0.5929257846042543,0.1596484350865009,0.7313904273108492,0.29459282400322845,0.5253384792228252,0.17509155363808046,0.6248615042584184,0.22784328495436734,2
0.6758015125608222,0.04231051146558154,0.6110919257470486,0.17918884766261617,0.7292899392933732,0.3283505318521389,0.530563093387231,0.1918682450556434,0.6306090065561916,0.26716471637721045,2
0.9734700214188521,1.0020696384161765,0.6462621998864203,0.004582458245266204,0.09785635280445819,0.21517714157206894,0.02688132557539191,0.7524439675572859,0.9850949551061959,0.6959725473734756,3
0.957265460292712,0.1267525286194813,0.5950062652328753,0.8988694306504328,0.6945663254981411,0.826190959204452,0.20493302387246648,0.9190991204206012,0.6207031727035351,0.2433004249634165,2
0.19314731662991375,0.3744592340601552,1.0232084218391555,0.6879198631021728,0.015000933671865448,0.24040787206216332,0.6990739042343942,0.7026288056590599,0.3168699013522943,0.7664085822344696,2
0.4575045627053689,0.7637562171701648,0.639189055056972,0.14293707809872006,1.2072740237863124,0.39908917317288944,0.8736886469275594,0.9299174858747099,0.23147877460135097,0.44703647702830784,1
0.6771579061387847,0.2547139875270581,0.8975525754598817,0.35432803335746355,0.7094721319734301,0.359303326086431,0.3893486161570768,0.04956006747505956,0.5582972314043734,0.8360671106441402,3
0.6713394363958414,0.5250297112581798,0.6390697526524076,0.698967808731706,0.06122739822892828,0.4939604137759115,0.709443264731189,0.5878092658008285,0.5463154909866568,0.12107734827820635,0
0.44247975244059523,0.17820043322497742,0.19031928439624227,0.3659104512084244,0.15450654319402946,0.08919920595724182,0.326683269572293,-0.16934361301411663,0.6139724736963417,0.08178616989223769,0
0.7497485553424169,0.159286705287115,0.29424080018624,1.2586533101072166,1.045216797465011,0.03847004274056404,0.3818812075650707,0.6013271969788312,0.8016852014071381,0.7439411463742069,3
0.721014863480529,0.2511520854818795,0.9167318695338917,0.3829879606532751,0.6783201381680614,0.3682680342092618,0.3282497662374674,0.033890077135992465,0.5299922204920137,0.7967584560429005,3
0.780244695260984,0.8239105647110022,0.7301704212638465,0.8031153466302834,0.9714053470940124,0.27598435540210225,0.4024090846243059,0.782954325163844,0.3135308448023751,0.5788349189390263,2
0.527377926926677,0.7442987156886947,0.1383935977681786,0.40333669631621766,0.658144679493529,0.23063494327366485,0.9903886568477056,0.2381311445839558,0.5656485506839858,0.6832502611378575,3
0.15351656929003984,0.9439535336019247,0.7219331698771443,0.6198039319230145,0.8220156040995703,0.2791475380699694,0.9828558611535205,0.42863670708850854,0.7877206712579893,0.5804624885150509,1
1.0224526370932787,0.0048656742254435635,0.25596591188983814,0.29555502159858704,0.21721680328149917,0.21933609018675,0.20941300068516647,-0.07175791639550072,0.3665833104573609,0.9573463836322088,3
0.4558850960227937,0.791682128300319,-0.049255244328897815,0.30143998420991935,0.633529620626023,0.19524303755034544,0.8638308940829481,0.26688444683755014,0.6244262449220007,0.6927920524697286,3
0.850935065808911,0.8471951789562898,0.7574184577999371,0.7627431451851769,0.9208400814249021,0.2845076216820581,0.33187997029917005,0.7795558025051771,0.33080308103460937,0.5937125280691115,2
0.13267470849014523,0.9965365992284044,0.718465634987783,0.5531462552013336,0.8497851542000359,0.2282456582123697,0.9585256344353084,0.3540456927403365,0.6768013576142136,0.6574262844935467,1
0.22716529256026713,0.6811630650020124,0.09059450563728946,0.47168634082796257,0.08618355032185836,0.2853803100139287,1.049632703384185,0.6007342562817912,0.9140321071747985,0.39012412033980004,3
0.013432305233012505,0.6128704031798815,0.8133456082403279,0.22604987665577309,0.7293577830021191,0.6786297418729115,0.5313847090137895,0.08200129553870322,0.778406652809184,0.019753746625275233,0
0.013001695379512481,0.6119467210045876,0.8119502324461035,0.22369608868458868,0.7305204924048112,0.6775825267088327,0.5332480619042308,0.08107567408408128,0.7734155865919039,0.02399105816451857,0
0.17146848802773978,0.6437104542646481,0.5760687249110797,0.04634725108412243,0.6297906621273631,-0.34036097610522464,0.5587230357811849,0.5645502015729094,0.9690950273532063,0.4671296439843608,3
0.720100857099895,0.793407245829763,0.9017758031120683,0.8637838355637171,1.081896740821106,0.039218362839353094,0.1518473078535472,0.6218554403107057,0.45769579328830534,0.6544785767388255,2
0.9322957867832684,0.8017077421855447,0.8272791774953443,0.6902779612900406,0.11428141316664932,0.41508260399026514,0.087732589163605,0.7434709713906069,0.027204421685911643,0.41590020650042364,0
0.3914861732277575,0.7307831966051282,0.8117672851504648,0.5110733184383667,0.8722239218942911,0.9468882365608223,0.5675557152045992,0.2623737584766649,0.7513944123073033,0.45902151362645005,2
0.11928973831993292,0.7309885091894024,0.3065059263438101,0.8846842218686026,0.9747965320281536,-0.15370475697528205,-0.0716352987492283,1.0846102325328304,-0.03720382732732941,0.8708196888690147,1
0.17465267692955214,0.6867073702416971,0.7599026763163108,-0.10073372671311812,0.724142765049064,0.5437749534321148,0.6007625113419603,0.6711361661911579,0.19188729472651989,0.433036098411752,1
0.46055255464454115,0.13511418137532746,0.16165156959811983,0.7819515995177722,0.540060399914421,0.24461852304337844,0.7072606454722722,0.32397263638715307,0.12049843747902685,0.6985548856139765,0
0.13783366232811708,0.08383423941684717,0.727819146379779,0.2735277474435571,-0.047702323218694234,0.38076612621527756,0.6199615533041637,0.48982156108954056,0.5136317740900179,0.2852369998068091,0
1.4465707458404067,-0.48618474638011233,0.5101931595046125,0.7431828058366416,-0.21536429425191916,0.6043933512965964,0.3516831704555604,-0.11631381913235667,0.44562886280048475,0.740161365584143,3
0.0673646536953516,0.8329393389955119,-0.07612555105013641,0.26536300158477744,0.7201192422187535,0.5766727314273291,0.37016364081086,0.20195732624623344,0.19382976081397868,0.49057090786023716,0
0.43345750675570927,0.2460089672624765,0.3471845178732198,0.48068833132149225,0.5255616145886589,-0.09213724171906168,0.3160800647085524,-0.028020077578673627,-0.11017033240124974,0.363495959555206,3
0.00683151296490242,0.7376260783120263,-0.4964697762763759,-0.28940456947068116,0.7795624075482466,0.44547689163376925,0.3331401228071819,-0.6051826311029174,-0.1163455382598475,0.8226153607013128,3
0.2251239901633756,0.1689216731903367,0.10982553235244216,0.35053326561358644,-0.17936441543130138,-0.44731964354379383,0.3606886733470316,0.7219639227046681,0.2035647969281349,0.14131774584477852,3
0.6451284214413621,0.5017206810291566,0.6086412446175639,0.6800033662625857,0.0675122673933449,0.4964410776619198,0.760857887844485,0.5326123226689068,0.5626986047436263,0.06693801727843775,0
0.6167126314905986,0.0034417421797355574,0.07996648428685026,0.8473529049308735,0.9119243596987152,0.1591399642124471,0.021743954489955572,0.6034784258409127,0.6511070753437846,0.35972811962506246,3
0.916141079712585,0.23300246809651945,0.829418373764303,0.2868771561751572,0.46635349455954006,0.4038849852922776,0.33752631994007865,0.6308351963106243,0.3293500292214576,0.25427699658038827,1
0.7673166045074401,1.1278449259810654,0.7310382305913509,0.48365472556003686,0.8940368726461981,0.25262064952777713,0.3190397428906898,-0.13809240295729205,0.9199145074775237,0.20914980041416914,2
0.3392649316568886,0.8372727992190084,0.7423694984358313,0.2802328538583583,0.07304280156149867,0.7423578643404174,0.6404434714647765,0.40562340796720453,0.42876060224690293,0.5098435922504225,3
0.45963782360909644,0.5930880752667541,0.1927321253122879,0.7373775595963927,0.13621731807036336,0.29578978574045756,0.8380503543320872,0.35736574774940827,0.7318044840265564,0.23150381951826793,3
0.7314704195382531,0.8753483710516429,0.33038934173113854,0.8412857561118925,0.6230662019360023,0.45106254280207364,0.6829040835241524,-0.014292817028196375,0.30335407139861725,0.3489568490861762,2
0.9433246292547586,0.08429600338174639,0.881249796494878,0.3270461267677623,0.4149802029270766,0.3548625430811489,0.48907423140563455,0.6105869760843001,0.4844533788419694,0.4114438944513729,1
0.6250917729929459,0.046662975296296316,0.6108425540533285,0.5001234941486815,0.17184981804521685,0.42323549928619786,0.4825247018519973,0.6807723665828853,0.2363595583461123,0.7814683657511342,2
0.9898610055209841,0.11709425953097113,0.13128381812661524,0.5008435396260368,0.2586578964026932,0.10321646986497646,0.053152165742629556,0.11990002317063524,0.3051081608171163,0.8011521770775066,3
0.056615789098509,0.15615887051497038,0.5245621328143302,0.49677068192899854,0.8784772265996988,0.3362753564546348,0.5146795400463003,0.7410366902488266,0.40197170813028044,0.1605076360709223,3
0.05664243768708335,0.15388856224240754,0.5252960350033473,0.49713967014193094,0.8771274113830924,0.33893259399730297,0.5106532742282945,0.7391324601694208,0.3998654585688405,0.158237928146616,3
0.7586243432995687,-0.11709124693150158,0.4221861395155699,1.0980074845610666,0.3674494887653492,0.9443033672945603,0.07801132704474562,0.740573507618884,0.6129759169994751,0.14100703529536504,2
0.8937508901007527,0.9160871772460053,0.11548097406090505,0.7683975373848871,0.566246068349151,0.3045031869533259,0.9185505167433948,0.02182844980332259,0.27542937007724577,0.3262767733136534,2
0.5763646277787167,0.2852675359897388,0.7621662618721772,0.6753625284211926,0.3058909183304452,0.6425950520693156,0.10670563654604803,0.3416916285915317,1.0313743782497715,0.27672073380475376,3
0.98675610731061,0.97553012932226,0.6674872553379767,0.5736326547534482,0.7769419684875907,0.2858931173696435,0.497828026377252,0.11412990062242075,0.8845358304198861,0.07427883945337369,2
-0.10571954323110083,0.5170236198653961,0.35343859522051974,1.1677056238180037,0.4798965177032866,0.5746747134632617,0.3081425048266457,0.7954147695150657,0.6946061981368377,0.7964754695769938,0
0.05911596950241593,0.1434107064693959,0.5205062817681713,0.5024818632717862,0.8859988488195107,0.3435779053229081,0.5052045169403363,0.7289399151127924,0.40212073666688714,0.14638584198389173,3
0.806579880213598,0.582874553128317,0.7879911787316171,0.36873307487127677,0.6407662202198317,0.939061922811515,0.29542640705036133,0.15745091165880817,0.19792165243583973,0.8684710040069581,2
0.20831843970272856,0.5173406882670858,0.8871825196012868,0.7423096865992045,-0.04892073609055894,0.19327512681465894,0.8147386970094525,0.5361556308437742,0.25596983035758847,0.8875691866079105,2
1.0177051977306368,0.681931166770824,0.912424898851566,0.5234787680530524,0.18981181185858687,0.44716909163495444,0.20455570484700913,0.7121758804303647,0.14330448183789735,0.583451537188983,0
0.18536299572723994,0.5184119478037115,0.2139871324087903,0.08203787795471479,0.9818621206836909,0.40159619643352606,0.26885778276709094,0.3996275798057438,0.28983585432191106,0.35132817705902125,0
0.3269663643243622,0.9850248697949684,0.6831868670987531,0.36551602966204744,-0.028167324714340997,0.5281276849882905,0.46875218155509657,0.5972467030431438,0.39812579007668897,0.26995760729330115,3
0.7913114953028887,0.3932636577833618,0.7664211246828404,0.8363997161190415,0.44990721812816686,-0.047330434179599534,0.20588219328569646,-0.037069845955137626,0.44474972280511704,0.6104125523116151,2
0.6211964040918614,0.4300640209961605,0.017376152457039995,1.141654607908352,0.831198191245584,0.975965656096066,0.47958274278232516,0.5166331900896981,-0.004022314059336507,1.1945151536424095,2
0.09646020689735563,0.31670917119513575,0.8104536667587829,0.6300228668388816,0.004941906150772876,0.06988004949656412,0.8499959810362537,0.5502537439561459,0.3292582056319526,0.9435057696025548,2
0.3950168453975351,1.0964788141020367,0.19653950092484873,0.8409334032170199,1.0536656609945565,-0.019446676834072738,0.03538546295526973,0.6604128316583961,0.583858147438537,0.8996254226762204,1
-0.05414776056174997,0.20464070724713695,0.3018177385266567,0.04530944282886094,0.7741674486096237,-0.1272990214501072,0.6295018708770331,0.5408855071017373,0.7519493698176154,0.2175287120084749,3
0.8000926280525421,0.5841887935592904,0.788895174314727,0.3672462683491348,0.6501223532477467,0.9347472918292755,0.29709046029203984,0.1561948416287179,0.2048231193562257,0.8671387105390319,2
-0.05848698934844715,1.15638462063051,0.18931582124476368,0.8668846972000449,0.6409833004828561,-0.18103454558126425,0.21432867435557013,0.5016213482808385,0.3615643377896689,1.2072146327814202,1
1.2239805347153707,0.13766736636085053,0.9666875492355907,0.5804369040983328,0.36197381067128764,0.7458101185667376,0.8007433904323705,-0.2622515363065203,0.6860389275919757,0.6359541996649184,1
-0.028804520746573026,-0.2571925954902122,0.7167850113320203,0.849571233367471,0.2452851108874592,0.712871003549169,-0.4380483448445315,1.1159123409105145,1.251697197949619,0.5398885800009678,3
-0.05460252835816473,0.8230008155376718,-0.10006944967017314,0.39932566662158564,0.8544356877451919,0.4385605592250007,0.5237715448692731,0.4716904713151379,0.10710046246168198,0.22470156712287737,0
0.06934947413943997,0.3994016445150408,0.36958982133853996,0.9649040845915565,0.4589207994204759,0.7665723683894301,0.45812896448930207,0.7086711879106203,0.5914616029004806,0.6503889207099082,0
1.1679246673482426,0.09498523895724678,0.8101782778297452,0.2495262310024285,0.2056708177620589,0.619167254807881,0.04236738983717259,0.9236182760600902,0.40237170503466707,0.6796243883877517,1
-0.11846975108409738,0.14838110552607153,0.8907859834373552,0.9069627251289721,1.4668133046279799,-0.6574573399593627,0.06952032001770347,0.2327698952224979,0.33015335895453896,0.3868793164924774,1
0.014910178199583188,0.6154948072620134,0.8147171360160534,0.22780798434232963,0.7315088494001625,0.6785861921021225,0.5315043780380793,0.08095440036683324,0.779882991295111,0.018669832728505514,0
-0.14642360665580445,0.8415023276044499,0.4566526573797185,0.19246721844715683,0.6290101235055777,0.5877374283078134,0.33158934709973237,0.5147834286732631,0.7049404697099406,0.7134987543382183,1
0.10406311871437088,0.18752749595652932,0.49817257568023,0.5177940396538822,0.8805871109459014,0.36117337421358625,0.5532357085707993,0.6882739132204763,0.3846820937913852,0.19890144194999415,3
0.5753087051926165,0.6054949785969369,0.6578922201534321,0.7075562763275901,0.8356320597394189,0.16275884990960768,1.0341083852689865,0.2976942902997418,0.3827654499625296,0.20802626080262882,1
0.10882949325067331,0.7281204183528986,-0.017542152278543777,0.3080320568157526,0.9031017208227465,0.42215251688988403,0.3628999778400641,0.31054494112278797,0.22090267206723146,0.451096545762452,0
0.6883309126194128,1.0782807983851166,0.8449471923804935,0.6324099130180512,0.3039926221314438,0.9710063571591532,0.20103686521795236,0.06704185615654544,0.47017150488109993,0.16911061794676097,3
1.014888625802919,0.5137692268599273,0.7091027749137816,0.3998062855413291,0.10097660225613386,0.8968618227899418,0.42107022550211776,-0.006260865415565071,0.6389293789187581,0.977676546332046,1
0.494730166288983,0.2144149490518914,0.9993306211705114,0.4197432681709204,0.6714528596481609,0.2846752614368537,0.3460802015949802,0.4188128433345847,0.7898725455716858,0.5813807199412759,3
0.8788557850734715,0.2846139313622481,0.6801552858517309,0.05886223762472133,0.9015373736668167,-0.0027285559009700734,0.930075849281199,0.7091892199332961,0.1517177459878854,0.7105372463563108,2
0.3967569319184972,0.8441543519079029,0.025303562013238995,0.2753816363488595,0.6686706731612763,0.16954095079038284,0.9070656543114318,0.34608832643614323,0.6784510280752418,0.6368920950529918,3
0.5798434458933748,0.1406311217212396,0.5556927022451644,0.23031140460161226,0.6370549316274463,0.2856187508934824,0.56878008942451,0.11704224864993987,0.6102501926175338,0.17570354371814745,2
-0.06718734782514127,0.6754196895203354,0.5364886727632696,0.3313623684462652,0.8531418874884741,0.04223679702483785,1.270338484248175,0.7269285382924777,0.8351067332957319,0.304631584963202,1
0.715330233516951,0.7069614874792723,0.005284023377023869,0.6797825786055123,0.6280830618289752,0.5227492651718844,0.6787345795646342,0.26731508402504867,0.40129344327428207,0.2835629879726291,2
0.4212510162789241,0.8006791895483815,0.04351483699348316,0.2986417613139557,0.6381000954275812,0.1817150846405923,0.8702504922314142,0.3552424646003732,0.6751610497189948,0.6297132783705063,3
0.9579496990270128,1.0321565958374566,0.6186830916017195,0.002262332710764278,0.10410234981084082,0.18579099843193297,0.039734777561386984,0.7725822728320779,0.963385210148001,0.6750858878403736,3
0.5052447516942514,0.644760134119089,0.8002075988230235,0.6677386904196562,0.6412970218769021,0.6486444634465671,0.6197619931890868,0.5121604001897667,0.6216454312981343,0.45236432457195663,2
-0.05894220043270733,0.6899789246396603,0.37353259579799336,0.7189968594462859,0.5102558903558922,0.14276757453834568,-0.2900323142610731,0.6420113701261388,0.5259798876483675,1.0450086262285547,1
0.9354915060250909,0.0017505718353581397,0.25972743637683676,0.4897687361589954,0.18929950535021706,0.12379797549422127,0.10173268752971361,-0.0038352749369909775,0.22246608391779726,0.8228164382017964,3
0.03297351792081042,0.6286937381262644,0.09014589943594262,0.2924737580585301,0.8465053913901193,0.44338757753646224,0.35991901909523255,0.30158740743138934,0.15102740420036304,0.35814517512789357,0
0.05700843547814508,0.15463843974599234,0.5258078217777562,0.496843710030715,0.8781786601277479,0.3367086648744445,0.5121389661765808,0.737667807660754,0.40177307334485163,0.1574074017027276,3
0.9122773193211028,0.9060628388088069,0.1084457672301431,0.7715854792237893,0.5578688712497926,0.32521866835919755,0.8829045655163841,0.02449715804339662,0.2856847227243603,0.2971389884298886,2
0.3644657331444397,-0.23137285725294698,0.6824316717537362,0.33657653586265235,-0.38581652874291367,-0.11879256498361063,1.3871037789526395,0.3441337121318362,-0.0022106445680024067,0.748152660885131,2
-0.293544382843255,0.517993054270387,0.24019050568362893,0.12508222885846956,0.7833761368353536,0.3712836693153533,0.3903216931622909,0.31172592889999556,-0.09646708955258432,0.1042288867595203,0
1.0398622460444902,0.6371601482093869,0.8087695367937019,-0.03674669206804909,0.6505404924036043,0.7486914379064465,0.7689934983694622,0.2735365214854611,0.25335342120019627,1.2219570991386624,1
0.220188634710735,0.3461516472219235,0.7189943763796606,0.7212944153970302,0.4451948075416537,0.5233243722136565,1.2643361412075311,0.7244149225042427,0.671592199347103,0.3373210367381634,2
0.32346042080030857,0.5160946414804146,0.3459060620763382,0.2804494987353043,-0.027829512663557217,0.4625709644559069,0.15020498988543118,0.9429819158172903,0.07163722496589943,0.4008628464905457,2
-0.18907018302417775,-0.1800635926482214,0.5196315747018742,0.1495092304317896,0.6153407396480101,0.3918965090791172,-0.007361039701699681,0.6095842419439231,0.8663851358210467,0.7179924756864845,3
0.4112852212545195,0.8147791523522535,0.06295772462556182,0.30286904990572666,0.6581197168658466,0.1637838893299935,0.8753618635116552,0.3360529165412212,0.6743110038706625,0.6289945497429263,3
-0.09443841011782866,0.7931542201447513,0.08489551263845922,0.16935282705064814,1.077163702098806,0.21232921419678835,0.4418973340199908,0.3245370222478743,0.41556081246412274,0.5279191788544799,0
0.8144039408468271,0.1860471727483958,0.8227261948353566,0.18673783209106193,0.2863738846784616,0.2842299606083283,0.48314901166615526,0.46897821609775114,0.5078177754923481,0.41398830440293155,1
0.010004970143781508,0.6150684931411582,0.8112077220944369,0.22510443874359606,0.7317942633521297,0.674863072693934,0.5304420868794713,0.08257637689821659,0.7825024449815258,0.013830030793709525,0
0.5976623355447287,0.03889232102829131,0.6840338710498903,0.09900615580785363,0.6998065629709095,0.2870910843682496,0.601218730233568,0.15625888464352627,0.5965552154727964,0.20465239497738433,2
0.6832693910547382,0.4678367368928435,0.6249612983689435,0.6445182898615662,0.04490973860024312,0.489749891726404,0.7274479334202117,0.5278748565284964,0.5167718595065791,0.04945923404247223,0
0.8382313382530928,0.7295438203308094,1.6656975791131992,0.8545694463587563,0.13071842433384773,-0.4376773588270716,0.38500224114805803,0.2737646621208389,0.7745756487176392,0.6867089437762297,1
0.29630336765459897,0.3344530431258384,1.157762875736414,0.5299867939895557,0.02351304138740697,0.4424745773531829,1.0285458377074708,0.7377319071058088,0.08838773124510652,0.4188512639740836,2
0.7752235601539956,0.23974311869194073,0.26104869468535474,0.25486676347511517,0.7446289606075956,0.857459757519894,0.7124841440594353,0.5076732570996383,0.7824956740925381,0.12041269893067393,2
0.946659770609783,0.715704338271467,0.7616836430150339,0.9207169718026427,0.8028508305055522,0.37477708363497403,0.4427423268342038,0.8164921981480538,0.1849228486391838,0.6066736419147524,2
0.9619673410742913,-0.037878254901051484,0.2915354286101405,0.5347995709904955,0.18738580389722279,0.1834123239212478,0.05653467217997474,0.053999961707440966,0.23585006230223413,0.8431392834305603,3
0.6895702705848812,0.23214077141304576,0.9016155456131902,0.4252534511633953,0.6857407703909615,0.36985899625584656,0.28934906120453974,-0.005865374270767228,0.5935403482275261,0.7829883563448593,3
0.726802697700493,0.31066192179024577,0.9879536654695367,0.4244780202454529,0.6439403431091495,0.3988825257865024,0.32898600417463586,-0.03661866714999039,0.48973864087611796,0.7526467419879557,3
0.5318499039085918,0.8227632740588808,0.8768159978706388,0.4225431257176078,0.7209017996554216,0.8178976334185688,0.5006995680099131,0.3833989877345437,0.6935755332574052,0.4208318420755251,2
0.11930499057498559,0.9499500111370649,0.6677008805578869,0.4878027105183136,0.8658085200340679,0.25587658403557667,0.8925527786431282,0.4285585344665625,0.6364612972249077,0.629701637899153,1
1.0603768315624722,0.67515579632303,0.7143498917206444,0.6047260858589041,0.021944675450154216,0.5325453714937392,0.023345670272531094,0.7644044979346661,0.12481625971175442,0.4706609819057015,0
0.9851076091341928,1.0095913546093724,0.6511432462497365,0.002556851814928901,0.08175854270588989,0.2070356486106404,0.023046382897239898,0.7392177772064011,0.9691616187116058,0.703848584891484,3
0.059081437841746055,0.6832593134180067,0.044278114185140334,0.2532075789967364,0.8499908124015062,0.3949577997860537,0.3612795386121847,0.34866660285236384,0.16629792931334805,0.40155483952056403,0
0.6554091188159813,0.08374081482264116,0.7587989598573786,0.2095409692211619,0.5321511584864349,0.051096088543360674,0.8400987767386897,0.11320758752454288,0.4828244242369478,0.36716775962261705,2
0.6919148758871809,0.26714413411640153,0.8984573926165677,0.3818646935349526,0.6815259409826451,0.3700241260790939,0.3476435962731004,0.015411039798917388,0.5351143572959777,0.7630803681956752,3
0.5197024167495609,0.5651187431132494,0.21930738299900443,0.7145745305918012,0.1248498976839053,0.2619243372566064,0.8072079223855655,0.37542472993832504,0.654182172078164,0.17597918865847728,3
1.0223768249796013,1.0123022882811519,0.6641543990814831,0.618319507938287,0.7878150512452248,0.3117548866041997,0.5436904767382233,0.08966500036031519,0.8837199373254969,0.012081465351461483,2
0.5779068145345175,0.8608231507901287,0.8688125840176424,0.5794552422495176,0.8490396525237609,0.8631363064889352,0.6182972156569823,0.4028527572210849,0.8006075565317193,0.39753476365064616,2
0.09352071227514225,0.48790702959771814,-0.08011354203999788,0.07927375462323188,0.9316880384185255,0.34405626279198237,0.30859102105738273,0.20391115198300389,0.12403162079503932,0.31693661761467923,0
0.18482171669019082,1.074078412995734,0.7237699927272075,0.6065640382466659,0.8846546949813449,0.3437637318704579,1.0638271210101464,0.37261580680498885,0.7800286296318315,0.6803435275550878,1
0.12434574058650616,0.7022493771008012,0.4935057519358813,0.6856692307887826,0.4553426010891086,0.9533598980943312,0.485076575891488,0.42891813539333423,0.4254079007763602,0.34501725312263987,0
0.4438475209399919,0.494558817979199,0.9998346979740349,0.780766351303101,-0.1262602354296012,0.17428145032627132,0.9323821100869238,0.4656085892469972,0.352105040463375,0.7967846270613649,2
0.6059529829532007,1.055427631857,0.12148688693442278,0.7448667212237151,0.8041153896729719,0.24897706701562716,0.6235924210552841,0.3786796082344428,0.24643015180914518,0.34114857711009894,2
0.016319534460652846,0.9948898995486548,0.5885375181176224,0.5005105967323952,0.8935953413839582,0.24486051455874552,0.8150552519110182,0.3951869247377686,0.5345830026901186,0.5793826079083605,1
0.11867182579869912,0.6749158149409435,0.5406597861221242,0.38494451235046834,0.6623489980707747,0.7489808929644491,0.61098549180055,0.781056374508347,0.4511161668313866,0.40641258735472174,1
0.22271136148073825,0.4713164127104109,0.9242238555031522,0.627732724352224,0.0692119885368144,0.09922126821129866,0.8242289413973289,0.5264991775317368,0.29037284493782234,0.8864136346970415,2
0.5759338481840223,0.7017756580601925,0.6591956088793265,0.8636079443317676,-0.003200963033171078,0.30736449166560287,0.4863752888971134,0.05146743280842886,0.4979755972291036,0.9227874298282492,1
0.8290489132636867,0.6870088713953163,1.0383609752183973,0.7222671168596213,-0.06858825024627764,-0.013180796239442988,-0.3424688148539636,0.7537265533199375,0.4705507286928078,0.5656101749505047,1
0.3081895355275514,0.6545066577422811,0.7642218960018154,0.0736011566792637,0.8871012298809365,0.2878166726571595,0.683191498447054,0.6660517190169704,0.15363512084220152,0.388352047094573,1
0.9803066573763336,1.0057498253438,0.6532381279797465,0.012631460802170081,0.10044587183012962,0.217795003338709,0.03135836631061329,0.7538682066511799,0.9803914109801267,0.6992840512553911,3
0.6522829320622776,0.48958858610742767,0.5956467838272913,0.668815421212608,0.06412401028661754,0.5258662606523697,0.7445122898029966,0.5457734966832629,0.559805507207081,0.08091365182103996,0
0.8615156274090073,0.33342133435952326,0.6784723372940438,0.015547848309803693,0.8817904956252618,0.02001096580336511,0.8475073999492894,0.6830837586083086,0.23089036701766313,0.7281001675823229,2
0.6359300456351675,0.5239153605756026,0.6284434674018321,0.6487172088856897,0.026378868723645064,0.545470230710974,0.7677278897542151,0.5544626467077309,0.5742373733719377,0.09065796595996259,0
0.1341310045775739,0.3606553247190531,0.32135403428039405,1.0404457988502187,0.45120377356080155,0.787326757391245,0.4700237789555779,0.7325062609477746,0.5296483305800391,0.6769083270491744,0
0.8486488157017108,0.3433571485326621,0.45890419509521957,0.4224886506674282,-0.10119188474233892,0.8666888609577121,0.5889976230241057,-0.27487104076711727,0.8786044013070783,0.5674505790962743,1
0.6101180931074842,0.3436286453718883,0.40956929340038295,0.9443311125603115,0.17008909303806108,0.4332414364903168,0.943724964628891,0.41926208110280555,0.8081906649118403,0.4993911678751821,3
-0.0006713888460456036,0.265252430297001,0.252450351377987,0.5906721813165186,0.676348833309788,0.40680224727837755,0.008144221168548238,0.6725778914929433,0.111603625378625,1.0837906637818573,0
0.628609612986204,0.9141708849440787,0.820544816816889,0.6202420996744165,0.9432087068290355,0.21193591903770828,0.5356892990781532,0.8806311262703224,0.2009858946672299,0.6741737820145288,2
1.0629011932522707,0.7712874353300483,0.5910474694662523,0.9014037609138927,0.6041035823665097,0.07391012310483949,0.047036734731713714,0.8274702157558235,0.015728999184359327,0.4585508008327912,2
1.2235696211490048,-0.2600684497741489,0.4670071974404946,0.5964563012483493,0.16975254263727216,0.4621103436146805,0.27612317163396527,0.21459426044568902,-0.0725769932618972,0.9427931070909457,3
0.33655972825099756,0.8220829095351553,0.9256695587997796,-0.08445082049268163,0.765872277787109,0.3712364383881748,0.657691219750612,0.6992951891634397,-0.07874346113242994,0.48701314738064916,1
0.7105263002541173,-0.010010142455902607,0.7443505208795502,0.17493633132300215,0.13768217681975084,1.0029843093013104,0.17189227686810807,0.5342540713756962,0.24914067337718473,0.8869341434431435,3
0.27320850936751767,0.37616386785204575,0.9118460322568095,0.7489680116765801,-0.010895465563351225,0.12672770499323677,0.8151701366848709,0.6619196959222684,0.36632398003395644,0.7624694084947957,2
0.8675073791069032,0.016287583362080513,0.8178072617473174,0.13184856992987662,0.7302438756575317,0.3299177926602733,0.8358690432456397,0.01518070351169537,0.4685431824391061,0.06430239287821929,2
0.7757565966286152,0.5990371544334673,0.7537795057611113,0.3739122541241843,0.6516063390984808,0.9347923706521107,0.2818926115951832,0.1574252427591195,0.2015824235238944,0.8870856731976309,2
1.0888844529069963,0.11245821564592376,0.09844099304204629,0.6172091714100507,0.3840324891002546,0.21267710892555985,0.17158382806571312,0.04808373812116341,0.12351757801299224,0.9200883054387612,3
0.8262837670396216,0.7797103625164199,0.8283425170346924,0.8023096023286427,0.866546125337777,0.2086185427034616,0.3199968454243644,0.7730099293375434,0.3313320802845899,0.5573667794769572,2
0.20838064876299053,0.8399676355113741,-0.00842032743173473,0.23158649733380937,0.8720414255740855,0.6279992856569259,0.18995876100588327,0.24395425668086734,0.40866539055109574,0.1536001438898035,0
0.060216060005419444,0.15460282647080492,0.524558170010192,0.49696725264072095,0.8794920689099383,0.3338835045616866,0.5089475432990878,0.7417835923615151,0.4048838249271902,0.15462869620666653,3
-0.01527146043086583,0.9410823188017403,0.03776766972285224,0.1376953837525854,0.8275405901843726,0.2723089755893426,0.5374046026336753,0.3693631977763156,0.33096687049008133,0.44281697328292874,0
0.1459318640905235,0.36500367808075346,0.3164341090505524,0.9250307198333722,0.3712736898693061,0.7848349670960939,0.38880287644076617,0.7905986366559843,0.5383670987985164,0.5673314598887954,0
0.9690806939650771,1.0273339108831367,0.2113970405695681,0.7324561881909135,0.7501365876639451,0.15355959871720734,0.8070909074802959,0.17240218019696626,0.1738427699691254,0.20568786146307116,2
-0.07070883634160982,0.6871500368014931,0.006167191691751478,0.00029462765581383943,0.6238294378572758,0.5921587702343367,0.032762347504912394,0.3565883133506624,0.1634702717022708,0.22423346943712236,2
0.7630069378266457,0.8467850283736275,0.7433006700000061,0.8496578676823812,0.957868913071604,0.264537875689237,0.35854876553037385,0.8597866998971467,0.2880517341511501,0.5733165206383326,2
0.4862072089413348,0.8680755733618761,0.889865718767613,0.49449417153197034,0.7689116486057659,0.7981138355070877,0.5612766242169454,0.3331745104986032,0.759834314197646,0.5100411679341386,2
0.8772510550637637,0.33861135766260336,0.7361306568308399,0.03601820146899314,0.8906314299587733,0.04046219717177919,0.854473905329155,0.6320624228034836,0.2543085954488365,0.7744390281064786,2
0.13642260925675442,0.9952307894138428,0.6990857903057022,0.5511767807009476,0.8692648111268071,0.19294811651524268,0.951687778619612,0.327201666249026,0.7263543093120988,0.6414527487324657,1
0.8255090585513052,0.8420432959186458,0.7582053714833359,0.7803555401149511,0.9314286704840959,0.25912536675698283,0.37190643167276055,0.8096141049116751,0.3338605408180498,0.6104686812351865,2
0.5257933741691526,0.8576382143499525,0.9508308434597185,0.4205791109756781,0.6446889884913751,0.9115760281766963,0.4981679829463523,0.41035463590328486,0.7628574524769272,0.5928854056143295,2
0.03606868279916364,0.9052531141831414,0.3111319954514414,0.8906555656943064,0.7698969234886919,0.07636993790110808,0.04098804039450687,0.7169978918571498,0.20335607214060475,0.9596231886806734,1
0.7996704058164307,0.584578964534723,0.7763349683930353,0.3790277769824203,0.6382895531521331,0.9330507452568024,0.28899006145275663,0.15842968692531756,0.19866995621544303,0.8600815616955634,2
0.39994423044858063,0.5452561832537817,0.27297632493390367,0.6640158544692198,0.0496284769414993,0.28290843135061877,0.8267182223076358,0.34096169301446405,0.6869222890414465,0.2309006342480792,3
0.37995150092914814,0.20414083305877825,0.08098531913929172,0.7025771011105033,0.5653739121186377,0.3270546131767249,0.7499648847986106,0.3071159187453596,0.028784782927314102,0.6202807358269253,0
0.1905394658638544,-0.19952183685141706,0.41067981853778845,0.002880232733635024,0.7094943193611103,0.6535074260504872,-0.18074075831554762,0.735470169642772,0.7941791855118373,0.6188624477007397,3
0.34220411056001293,1.0521413666705721,0.1367841725035298,0.8783378932104484,-0.192487695926644,0.24680927687928095,0.42260925371625624,0.8293913848653635,1.033340581743292,-0.1497903570246607,3
0.8993447524170278,0.11783436234990805,-0.29394793120596585,0.6415964369135785,1.0554343392571428,0.11846315950391031,0.019072136172181387,0.8266122933011051,0.22932279192970972,0.31365138512614654,3
0.913249414786919,0.16684107948528756,0.6703174599222452,0.8365879715492491,0.7657103249300523,0.8336398801361237,0.17641808096165298,0.9748530764088662,0.7324693665028883,0.15493642832273744,2
0.35466081143394645,0.8552090367881844,0.6625400566313607,0.2522953457817677,0.17736794979914108,0.7520479342204405,0.5206083692898327,0.4577881409369792,0.3129574715681814,0.4768611577820666,3
0.916959842448813,0.898700646641963,0.11122919315629727,0.7640827757194749,0.5642006629072975,0.3253505083032532,0.8862851869284185,0.010452254878847598,0.2998437152924554,0.3142393718773986,2
0.8459156732258044,0.9694948317985408,0.8001163826134763,0.6152842329383886,0.2678617928154467,0.9376434846726327,0.3650348023676907,0.27579120986592576,0.3945655037933625,-0.04187433320760586,3
0.9055632546176571,0.9375292491604674,0.65786443579025,0.6545226980318879,0.7466310021201459,0.20708729966360329,0.46358112656648187,0.07375722218976788,0.9802185629514779,-0.01592946260867841,2
1.0879953953760424,0.3633624443107596,0.6658421277506597,0.30074447397313625,0.040515768637193236,0.74139193469439,0.4427982810554225,0.07843740141653252,0.6427491865007943,0.8619957432359352,1
-0.2704951874576229,1.4349266672335763,0.5531464932533168,0.641879198389649,0.7173701026474358,0.7510972174647833,-0.34719477090850054,1.2393163004924426,0.33269606341683416,0.6087233532965725,1
0.4737390019678859,0.8429499041248979,0.006285044313412126,0.31148865551774746,0.7012255662748763,0.16933872594315522,0.8965649481337348,0.3268299883384051,0.627130459659603,0.6141310716719696,3
0.8670241034545947,0.8590970085053452,0.15099295775544563,0.8132167535362582,0.5675349798268782,0.33641597857166,0.8960833554452741,0.05074761461937712,0.27880636846669316,0.2995339342011969,2
0.6756642496649131,0.47882979812069726,0.573635360991973,0.6595552187285127,0.08637478311419501,0.5325854721678184,0.7556816686887541,0.5468423257119731,0.5626894686614397,0.09529666463024296,0
0.8023595849661485,0.5651991402397984,0.7404076552152089,0.32149759081195217,0.5870717645803821,0.9661546800685107,0.2327159698713646,0.17260187406180383,0.18783767129790818,0.8143367432582258,2
0.9408829841348091,0.47814752951155315,0.688457658071641,0.4085706944170004,0.16730732599500522,0.8208564044419966,0.4709460038386526,-0.023836692032300082,0.6958891113650628,1.0499401030568143,1
-0.2085919385824324,0.8970766653982036,0.9435293925220265,1.2661581043215766,0.7663155877119425,1.1577273827977985,0.06749619125826489,0.4739336376272799,0.207838869614484,-0.1420006800344844,3
0.9868399167813581,0.7180609324038604,0.7749056817319472,0.586073704230658,0.001283724675930381,0.4786185945297753,0.15476203640370967,0.7078817636098881,-0.008778430054302525,0.4518180293149407,0
0.012702198819537191,0.6140345719281319,0.8142253660073174,0.22705037874062534,0.7300887707059781,0.6784331105023951,0.531114281985503,0.08204890912499063,0.7782986889396876,0.018637382150629645,0
0.8011303717978864,0.7446121059270497,0.805166202162416,0.6859603258451266,0.9345069860247743,0.2328108518043064,0.4070896681310454,0.7215091355644152,0.3716028874039448,0.6542882996634797,2
0.1714776898705378,0.7284692227754261,0.7116778975097451,0.064222809569356,0.9556835200343082,0.3799324427645884,0.6358910446834348,0.5866164635648649,-0.04865658931506037,0.33542170553332074,1
0.8008930209043852,0.5833239475559838,0.7775813181291014,0.3783079121476266,0.6392640632111737,0.9336866653448471,0.29087121496158147,0.1573324448543141,0.1967186047767414,0.8595587610003415,2
0.04990402256654475,0.6939800263164446,0.058248895312946095,0.2616483387556187,0.8674236844124151,0.4106580158450297,0.3588453283453901,0.3493175521123591,0.15262235219779416,0.4051870438460284,0
0.7705651777934892,0.031812770646737,0.9062503950072004,0.09530831226994543,-0.04969352499316526,1.1017389607831531,0.07109702742702578,0.5163470805577612,0.14873132618131576,0.8180311315118958,3
0.7469272994324981,0.9973439882946609,1.053177092924519,0.7860993167663264,0.44019132410817663,0.1925611220668711,0.42153798114411634,0.9637609240020093,0.960005588153664,0.8018122902836265,0
0.16041431632714628,0.5057598664504979,0.04167167644543253,0.06437241682378558,0.9766207118315915,0.22824215885532206,0.27130819733918204,0.4446707035814504,0.14560436864175308,0.5005538414972839,0
0.4770224350544362,0.25914082662553034,0.4294420029183943,0.029875059916463567,0.2142121157832023,0.15428699409072943,0.5328051523052726,-0.010693535534371863,0.6890395046346055,0.38776052338098704,0
0.6038387561929118,0.07896066723929282,0.5174663171872079,0.08049062632533642,0.8175718647003385,0.3816880035478535,0.4681023517626604,0.1625045384524294,0.7159358536694985,0.21417771715916356,2
0.04411995139958041,0.16090957071767611,0.5285429354002005,0.48746491340041054,0.853379653943652,0.3237046790698344,0.5111070404296023,0.7310406779694382,0.38694000002089995,0.1365006868464112,3
1.1333067335539737,0.19210125948238585,0.3865564011891901,0.8603426804262182,0.653144453762439,1.017897949429681,0.340592543193121,0.9291707837350194,0.5155638034412601,0.3758565838893374,2
0.6144068226108997,0.7940603708659112,0.9901337701463672,0.7012403387477029,0.41009691652858227,0.2602036944802308,0.20691649535142947,0.9309584033402872,0.7762945363769577,0.7708146660733866,0
0.3562690471781514,0.36456355088353226,0.9387499786533847,0.6849132269691959,-0.0007915201043612245,0.1209731982688349,0.8975644953471543,0.5512864321558933,0.40071490263398535,0.7032434169620255,2
0.854109509817411,1.0472159392581963,0.5701061070286264,0.7891564563608374,0.9262179155042678,0.27756778821181644,0.6690524304720888,0.0014176561899496426,1.0123950328575952,-0.08008465593234226,2
0.19370291436366383,0.24741131784843962,0.6714761757909461,1.2043364052295773,0.4625414817230614,-0.1942475574024241,-0.167972391126945,0.13261543716527902,0.10889839791497195,0.6546918912297984,1
0.018979218442437037,0.40375872541813196,0.5919802581434771,0.11391422083922152,0.6573941677010292,0.0485582101683786,0.6346056963494757,0.7454164384130835,0.4823615931952677,0.08865763728536788,3
0.7223940635587556,0.24833743295125718,0.9190230921620666,0.36394915449541876,0.6700785516332464,0.3486989059956857,0.3232237727504441,0.035131582977219994,0.5348250387047293,0.7837003497646629,3
-0.010585933141479237,1.137545049049192,0.5391823858769567,0.5086895415201697,0.8786958459050543,0.40863209043969184,0.9139716953245537,0.18666905619253035,0.6732103175587976,0.5592298239909711,1
0.7928105345347009,0.17201162302022097,0.334775776270609,0.27481046387076496,0.8027691449956423,0.8732096947372378,0.7213770082272533,0.5658440738259677,0.8029415485518626,0.0847287120438639,2
0.7816420835305274,0.19692781294139358,0.29522183721463136,0.2602754281277659,0.7842531345558359,0.9098554833000402,0.719788195231514,0.549496319270982,0.7971925953053721,0.09163076430741336,2
0.4171652822639569,0.8208386506693719,0.05461221902836206,0.3023996351788385,0.6541895085305446,0.1686300913326333,0.8826545014666864,0.34190958868434934,0.6755367039883624,0.6205257157677877,3
0.4088627474570952,0.7023198393245538,-0.06114082950771017,0.16781675774989863,0.7527494397047068,0.4101179886717572,1.0912187005673606,0.5574753266392031,0.6819530027802665,0.541781293955428,3
0.7710327614120694,0.18643091000942574,0.2848818703706629,0.2649133360507964,0.7763539433359481,0.9246048336190342,0.733252765075541,0.5578792783402758,0.7856826742425874,0.08600760177110467,2
-0.05420147528851185,0.5704097181692599,0.0938987828411103,0.33616423392586087,0.8721764217696192,0.4869404987571947,0.3143254908620091,0.26707231871433196,0.2071971031365612,0.3179005354437955,0
0.4220378253355567,0.8734479921282499,0.0805017471504243,0.3078261203567982,0.6185709917731396,0.1346380813450781,0.8976528751021143,0.2982649357333303,0.6919735108213428,0.6673050019098165,3
0.918748920732374,0.8502618963206274,0.7504266044965244,0.6315724266932876,0.07894284647964943,0.3960909107690291,0.11312260095800057,0.7118857866957795,-0.028352348826308334,0.40970961306002535,0
0.39598038069749075,0.7950949990036885,0.0866038771737808,0.3353429286826857,0.656984981258009,0.1512825149950983,0.8675511980538936,0.3559631364594202,0.6844037963410625,0.6385539636391834,3
0.5905246931637748,1.0420125465661896,0.917225166147472,-0.06457017822500594,-0.07460412235820799,0.6525418357590246,0.7741441610499161,0.6374245907880969,0.3772935244880572,0.6476256982568486,3
0.7201295558824142,0.935529214832152,0.8666606715158659,0.6618381499246384,0.26249050666989016,0.8668902425957403,0.19564386043388785,0.23240667997271974,0.5621533637442292,0.07334747442433057,3
0.6800293247362506,0.4964127319292574,0.5834561820587129,0.7014958531344998,0.061053055294087326,0.5102020719501048,0.7590935994429772,0.543167239686468,0.5343549707921461,0.09304148423518228,0
0.05487998669135398,0.7559648583741252,0.44805355140975694,0.7357704828057864,0.6137795576057126,0.23834103638914117,0.03675601825639752,0.8630466946984144,0.20150657748970865,0.8307984875865333,1
0.3251999560199028,0.11257002200352387,0.0038818449238701563,0.8461586796409153,0.5869739131808871,0.15674528282051628,0.5897041511040204,0.3051826318017727,0.20456535850857793,0.783078025021483,0
0.315416173140232,0.5426758024296098,0.3743732435999468,0.32489612227062464,0.023800344266028155,0.4996605058126904,0.1476117234195163,1.0095474743640618,0.07608355487703208,0.3517407667870746,2
0.48720578687323224,1.021394216469502,-0.5744436437393026,1.3191694286917224,0.8497022067912962,-0.7970957594955752,-0.11313156163431556,0.648580519099323,0.4742903781916569,1.12808313108839,1
0.4203048502230855,0.8167294194493483,0.05353631153485763,0.30642117222007986,0.6473617435233621,0.17270893310944305,0.8871102632830662,0.343656516552698,0.6749170315794196,0.6251683670689125,3
0.6033273782998523,1.0323715925166919,0.8811988424333602,0.9540557250449235,0.4372275203081911,0.8531234733220807,-0.013056437233480794,0.026765982823885398,0.1740623607281066,0.4968044271587587,3
0.3498140347271058,0.3867904471720822,0.8287724848560539,0.7873348176400734,0.046750292535394165,0.20156627045150677,0.8670030999359084,0.5144311149206129,0.3219550890042085,0.9073555913769158,2
0.717864765145619,0.2661158939641008,0.9107045845291012,0.37668604483445933,0.7079082500171476,0.3682245662833767,0.31466762689884203,0.009917909513721193,0.5461799070691384,0.7750532501885383,3
0.8178401805625842,0.8484105724802818,0.774731495492396,0.7856963908561126,0.9248507960877221,0.2553630556833718,0.34798631384106177,0.8149289586584324,0.314886709298963,0.6286320466952685,2
0.39484182257824546,-0.02909213000298251,-0.227289700166369,0.7251857482633667,0.9001049326514599,-0.1494587601499741,0.09749339868444674,0.3408548035375049,0.6092909693818469,0.10934691217739373,3
0.00401327752576424,-0.03968388390858259,0.3673327886189512,0.31532793413218174,0.7117875747296322,0.4529640829214335,0.10353703945772791,0.699977862184129,0.8764680235277708,0.7678391947031197,3
0.6467929950525142,0.8433461524762537,0.9225050487271532,0.7772908670260821,0.4518348833489617,0.2946784168697536,0.17087930408376875,0.8781066295524828,0.7946565455367618,0.7219483644270622,0
0.8238414220977318,0.019910279730109816,0.6124441527741815,0.1692086800283854,0.7163029641097642,0.24116520331383168,0.399554559911952,0.058925407507257055,0.5850844044832413,0.19194798575328595,2
0.46277989168357603,-0.15933294746017396,-0.04236924244140049,0.7081662296590489,0.7365058878174464,0.3137219437315004,0.18888213935598688,0.7667393027755727,0.5137558582068495,0.3894396957425155,3
0.8535097196589323,0.3045739540664186,0.7035084403101828,0.012876392192246996,0.8624890233348418,-0.022762822968463235,0.7981900891692232,0.654923543910482,0.26213208749790085,0.7180765094629934,2
0.1752360095356482,-0.08721838439408655,0.6401191624388506,0.39236419480961326,0.08839164932397166,0.4866516648950379,0.48756724199930235,0.3801838000314744,0.7140379407174337,0.4359912645730184,0
0.27183522558962886,0.931438951722172,0.675554876969972,0.293974761292686,0.2487100421858565,0.8767698297427268,0.5242496374778155,0.3741489256636016,0.3790955599542668,0.456628613577174,3
1.1538662641530495,0.5402806737280422,0.9760384115455165,-0.38732598545255914,0.5334821479561267,0.005441661363735084,0.33455408478940973,0.41062565882835667,1.1328009055937542,0.8143073999587149,1
0.8885666746681031,0.1253048011099879,0.9644031447542216,0.33214914579388016,0.42243176557711015,0.3786636201597089,0.5116810393107136,0.5857580662540965,0.38497758344295585,0.3402562431063272,1
-0.11971350118494159,0.29281547564302246,0.6924506538510572,-0.041219261828458476,0.6851239838218803,0.6676744849001544,0.3730828677272505,0.8130651623082947,1.228834991974625,1.0786729990122907,3
-0.20150427459132547,-0.24165774520748706,0.6415288697927672,-0.11037469025828006,0.8203637028993198,0.36836768328699865,-0.3207504914632846,0.5251458016157541,0.7959992717569931,0.8423830450830856,3
0.02913772043835967,0.7718068949842176,0.05238437872320573,0.15336345447167715,0.8620267862955735,0.34842079041678764,0.4676436208687599,0.24086796975608715,0.0677870849746083,0.367025342834415,0
0.7467818414104946,1.0824627712783124,0.5249942604812441,0.9202058925771853,0.11749991474963856,1.0354815149502168,0.24448474540640816,0.3084153037693629,0.5282112726094079,-0.20817605684414497,3
0.2542577560729402,0.879151395211571,0.1659946801914975,0.39261295928389306,0.5234370719516505,0.6258451398610649,0.2781262097398833,0.03476195591019554,0.15611548360427246,0.8285638748077135,0
0.6632450676979079,0.4971213536307908,0.5999006328490261,0.6840086013527171,0.054738929065910866,0.5128847652917523,0.747400978107107,0.5334443176848692,0.5530247472248623,0.07923618035462733,0
0.7760201340117838,0.7035434057465484,1.0284028052899508,0.6162746473343271,0.46386255286963973,0.21800997038917405,0.302132445775627,1.013961739396895,0.9318304309820082,0.6972978642048271,0
0.9526912176476362,0.1453428024087218,0.9058634238967421,0.32610830612432407,0.4100789537650021,0.39618306848956086,0.43880277312519544,0.595741227702121,0.42637590165113093,0.3603790765938832,1
0.49938576249456024,0.8192337292738047,0.8845859765102361,0.47375355953855935,0.7124213759753459,0.8410038249183481,0.507095481289533,0.3358474375746283,0.7859931146339141,0.4133812941007583,2
0.9712426915795356,0.7658961944368264,0.4797167552509438,0.5424373774797712,0.6137176827639459,0.23341457552155812,0.5238539411961239,0.2783298700842541,1.1105072063248491,-0.04919309063255249,2
0.06493394943175006,0.8782635230814173,-0.03924980579371387,0.13899082871656684,0.7239468778893233,0.21483941246416496,0.23852209168138488,0.18646708711123508,-0.036716655829391126,0.2198521851749864,0
0.3736361002386698,0.01964148678392222,1.1040752626231205,0.4812906750056114,0.7934432863708223,0.33951649481544277,0.4662409064657211,0.1806982848113572,0.7415796980744991,0.4414426981644848,3
0.5501722902489392,0.3176435493898305,0.9357024271797869,0.4500532220945932,1.0149678225625118,-0.06697159767593414,0.914241688555179,0.3082595144456235,-0.033389960392213314,0.3701321320662729,1
0.9904669286540726,0.23970636677629198,0.9847647236836604,0.3093532937421586,0.5476820530452708,0.33906308026742515,0.3343378311970246,0.5653133599645219,0.42015826185826494,0.402477324111681,1
0.033743454951106415,1.0478445101835516,0.25638108390052966,0.8770858432972402,0.6526788693015398,0.11210596467831874,-0.04926778125898647,0.6627578169986703,0.250238641796117,0.9481909580368848,1
0.48207506571357744,0.7703065257032223,0.8307955565551719,0.45602686223521977,0.7415144069282589,0.7871486411947881,0.500870022770385,0.31660691930310875,0.7541627734399676,0.4135842390984379,2
0.45211237829749573,0.6148184235441987,0.20307489034101184,0.6802854032229678,0.11236501417106005,0.29002412582947046,0.8182723590410583,0.36990874179062927,0.7238800127071533,0.3163510206601625,3
0.5247783343704578,0.1135093863844937,0.7012304889935579,0.6986146099428663,0.04847157009878622,0.610671603962083,1.0034579870606124,0.9929052547244682,0.600956166595942,0.28548321699842466,2
0.2846770543365206,0.396545100254526,0.9188369032884024,0.735289909871174,0.054042301862942274,0.1335042726567351,0.818345993933366,0.6113276025240867,0.32184388792699326,0.8680107096833837,2
0.4238167192018484,0.989331908317001,0.7904781042895622,0.4420815308097486,0.9077658901645673,0.8562383613100759,0.6247107568077183,0.42705006062729345,0.8305941328960456,0.39684165569545454,2
0.3031788653775358,1.2606318281922169,0.8770969665804582,0.5527898294888898,0.3770551839240956,-0.3044417574846285,-0.48843648602039735,0.6143465746571707,-0.17615018404819838,1.5986949417335774,1
0.0123405792541914,0.613883612281647,0.8144081732880827,0.22713626113966867,0.730119611339209,0.6781571328545358,0.5310993718635081,0.08164339202444808,0.7779562582478047,0.018407364643033313,0
0.6773820114761786,0.28501079377973687,0.6095794472578958,0.22627836808158094,-0.13916552451350353,1.1533255294980478,-0.14372095302084942,0.34712071814720674,0.11447865788440233,0.556418217122443,3
0.6383880348036265,0.0638634015821717,0.6266568764622766,0.16106479361753434,0.7637731733272731,0.31616275446979003,0.5436669636190943,0.2198321443445398,0.615584710824431,0.23912068140963366,2
0.611381342367365,-0.04135722164369529,0.9865423905653204,0.2026925654266499,0.8859538646184404,0.3017322667765586,0.14749473819898185,0.5976445451011021,0.8043195129413753,0.5636400677074469,3
0.33155457855247106,1.0049935587984282,0.6659822395220799,0.36607473664421486,0.4997883431917222,0.4878317740378851,1.051496361365456,0.7161386055529496,-0.1917289178355679,0.5504433666823912,1
-0.20185621538630127,0.2853038864679983,0.8374448903694838,0.1559141703114692,0.668358611987913,0.6781148395146184,0.9817823483802344,0.8200142518371045,0.36715467861735085,0.4842472268837162,2
0.5343107925709872,0.7866716397158475,0.9264842758793453,0.5066378743113438,0.7411401018993076,0.7852167042354468,0.5270802487440543,0.3365131200310886,0.7570486161529193,0.49226396769164277,2
0.4291965390321047,0.8310479676396689,0.04437343383338572,0.30662754793327396,0.6455675366835399,0.17110959669976383,0.8784316309978826,0.3293790628920354,0.685583509642203,0.6281091129524382,3
0.9481537757929164,0.9475883838521525,0.651302517095034,0.014357802065230081,0.06125623897085489,0.2094457958204439,0.07934961196714,0.7510033245105102,0.9609229073223204,0.7021918590132372,3
1.038777657946295,0.5401427918775499,1.0454252386667902,0.9201019080469729,0.5637960675004334,-0.044423038990276775,0.147910560078217,0.10630731644707751,1.3445040831172859,0.41243963556768654,2
0.2551881281366339,0.6203734612351606,0.351314771429492,0.005140373561266523,0.26873574250270105,0.39378116978499167,0.5791359745470965,-0.16327742354158076,0.37401263170841587,0.5571860486668248,0
-0.1627712202864542,0.39355466878746836,0.03943682310302443,1.0046522915705578,0.37492729793454344,0.9886418016237378,1.181886857094674,0.46335507143027566,0.8976988169078921,0.27293934926115876,0
0.06841336664470594,0.6299230578339295,-0.010815032338536597,0.30298711430532366,0.7824907757697699,0.422157034431123,0.29967691977075167,0.38324070568727425,0.20858438208055244,0.33067921935342387,0
1.040972561362577,0.9761596821531321,0.4607033865044555,0.7777732815748348,0.6696583165511405,0.10369159667237748,0.6713921500105222,-0.1377877007823817,0.8298440753149979,0.15570468998611958,2
0.07056005340927468,0.5746133661687199,0.0490888346214373,0.19353005726384376,0.9685208242382792,0.32633566870925634,0.30141715501277355,0.2592357894840137,0.3668271188428005,0.6053778871779822,0
-0.06141375438989996,0.7098356265683772,0.3443898200688694,0.9080457271525928,0.9686182536818515,0.3153881714712711,-0.3707786445255092,1.2316772369471378,0.3508512851262272,0.983861789183956,1
0.8526996283168417,0.339390262985767,0.6915467630824881,0.04126067853810714,0.8974501617899759,0.036361881711954494,0.8445777874830918,0.6426440544789072,0.20009191130251128,0.7385301761770022,2
0.650621766711851,0.08817166268817954,0.6191122760846846,0.16446780218534804,0.7591601193922438,0.32978499108974135,0.5690341892893491,0.20450691097975163,0.6347380586131468,0.2614438612109125,2
0.013046169531683603,1.1301989719147725,0.19055891992420204,0.8377459278475777,0.5796794366856298,-0.0803590234003409,0.009778226636780959,0.7438481606956578,0.12669054384402217,1.2180958548407348,1
0.4722367758525823,0.12229145470815184,0.476719942415153,0.004062036921392891,0.1082194078320915,0.20292552559995145,0.6986703866925597,-0.15128187365377915,0.6096567479320366,0.39184380558346693,0
0.7169819282191241,0.24383729307202887,0.9344764043062025,0.3895407807753745,0.6974210303706387,0.3563731562781463,0.33860999397505787,0.04101683386143522,0.5358733071359498,0.7837673933648168,3
0.04134129474501491,1.006714642488228,0.9570161912113134,0.4784362993258739,-0.1283875900775902,0.46691721688561666,0.7916661442834146,0.6909859791921489,-0.05494385085184028,0.6613396703303354,2
-0.11704934785370286,0.1579150238194253,0.24805280063728877,1.00825305551819,0.7295200891882944,0.771413393665593,0.22743408247553631,0.7644600621731821,0.7769683282727816,0.6861334618078239,0
0.7980717789625233,0.5790759649571872,0.7754018540332485,0.3791317727238172,0.6377729081076059,0.9314370051674926,0.2885257168321984,0.15455878343861928,0.19543958870305103,0.860559735680912,2
0.9720286028753354,1.0034973672513845,0.6435304468407648,0.010093990083441159,0.09527623138549343,0.21540693124866184,0.028219259740260405,0.7567564387621766,0.9803508583211897,0.69467006084962,3
1.19972932283164,0.10518807992346468,0.9054610421721586,-0.0517460242496906,-0.5476345810598455,1.070033234944592,0.4389779360521115,0.10904704088191278,1.1532638272137934,1.246447186555694,1
-0.40223562194773066,0.9163905663801881,0.11447731630536494,0.703400204569795,0.6781834401131976,0.5867744922940674,0.7021695356886819,0.4003400329183684,-0.23131708199179124,0.7783578757982942,0
0.27408058381549094,0.28731866894599234,0.09130880486850533,0.6087633081697035,0.5561611634857203,0.24035622466927492,0.71158623714347,0.23908336040853073,-0.018893537107881817,0.6977401740789416,0
0.01277286566752308,0.6137339663687571,0.8153206885567371,0.22843274944578787,0.7286653419825977,0.6774793783879266,0.5324802117319934,0.0816684536552566,0.7798416003552282,0.019226541137619967,0
0.9729091727617211,0.07942843685301204,0.7700648182405986,0.16559499951775491,0.3548092825191879,0.19413349668413957,0.5304134614070255,0.7184497494502544,0.4965419946794342,0.16790736164549933,1
0.7497884001263084,-0.12013207113134167,0.5734527209433055,0.2726441816461894,-0.06844498220562467,1.1349636614126668,0.21646914423341768,0.6514626449579887,0.38156932029495,1.0204931014119907,3
0.4198731963253598,0.7522374991843465,0.9949454521518981,0.6135363857052121,0.7033498539731688,0.8240164056630845,0.6021791018399785,0.3457603928172106,0.8083884722138335,0.5495493171541609,2
0.6120409155400802,0.5546230098685456,0.2974622570135559,0.2825315456524884,0.8207453114602461,0.3319730327786938,0.36163944070236986,0.06845974247158979,0.23923927491041894,0.20808765024675016,2
0.3032246513913157,0.8643405063582497,0.6731526037938257,0.25112493175149225,0.09912769952502501,0.8812486131257175,0.600500580647378,0.4045337024672491,0.4323294877674523,0.47023388765848195,3
0.612754213379298,0.5502308713450261,0.3013052056131265,0.2942209410499514,0.8318769203926567,0.3383183844074209,0.3736829966588723,0.06435663502445266,0.22810320867847855,0.1971158997641795,2
0.8526300353283753,-0.039757654476321846,0.711234293628016,1.1296913507523967,0.6155233571416789,0.8475788039458544,0.2148650402368236,0.8378271235921163,0.4486236798615627,0.5804550090969716,2
0.5877316265665725,0.8861435279572196,1.0967569967712185,0.6453820899049699,0.5270620090760333,0.18723447057542691,0.19455701618525229,0.9665248436113183,0.6651917002803104,0.8421437484541843,0
0.4496484662469061,0.8506713761591226,0.04347676892214705,0.3582126658939206,0.5871508696494073,0.18623935664106409,0.9107829764015866,0.36445527781590764,0.6228961568016124,0.6908051602550567,3
0.8424191139806629,-0.10923971375556543,0.955704251498873,1.2989529013451233,0.6755993730338011,0.5718031641170394,0.29172611165031426,1.1851168350887449,0.6722530314079358,0.5476992530877953,2
0.134249593094462,0.8255780876860227,-0.06918900782730311,0.3550798610381158,0.9701402656661084,0.3940995105564821,0.4661556907399346,0.47072592172174166,0.019477271305772065,0.3747959219131072,0
1.0090736094165453,0.5099202685367503,0.760293803805371,0.3696948532946928,0.09621418851181907,0.8518394617481474,0.4554219635513201,-0.0033804104891963,0.6521448997160441,1.0102003544747435,1
0.8096220133587717,0.3038285737951247,0.4531875950107551,0.956654128125902,0.83202163233371,0.830242669222186,0.10637329682187939,1.0189244396407398,0.5749813492422602,0.4190647115173968,2
0.6740871477787511,0.8959507813956341,0.8272904103076565,0.5796614246833857,0.3048261176248402,0.8731814517275537,0.25961604273569583,0.15957441729842833,0.5530637757513592,0.02506482178114605,3
0.01355576449507653,0.6123975451919235,0.8128984273944484,0.22592548073226165,0.731869226780599,0.6802046398156436,0.5316151560574095,0.0829034548500097,0.7769316361879791,0.01759316253460326,0
0.08436603915230968,0.3901780432591243,0.3523306502924268,0.9648516889637283,0.46652388835859887,0.758472736901059,0.49070219457309927,0.7366808225454575,0.5252747140361962,0.66855947801148,0
0.8371655435357719,0.8272578211890098,0.7987216292682615,0.7651850362563507,0.8999643394638208,0.2703248537222048,0.3872723712082868,0.811620886147477,0.32339554117353,0.6356535853770682,2
0.4223957564584784,0.8071338713768381,0.09314536049740918,0.42683290862583256,0.5863728792906833,0.3030314995152061,0.9678645850322057,0.4519609634882897,0.7736380828420426,0.5130852046455513,3
0.012532087510321508,0.6141310923486079,0.8137614755231763,0.227100169709313,0.7303582410092306,0.6787443059562577,0.5312478132465577,0.08227918386455824,0.7787419475102265,0.018924025145299388,0
0.2649974070279353,0.5052359267309385,0.017355118102712765,0.31832560765486806,0.9413240868714131,0.5504482952280301,0.5287811941005152,0.46139933021315316,0.19048900329006174,0.20001091094256002,0
0.20077541597839654,1.03046171664022,0.6272906015241052,0.600990191190997,0.21677676298123305,0.731320741604747,0.2330646595978776,0.1191915842946572,0.15897063590169114,0.5220025318035136,3
0.8126286345995778,0.8304558772875771,0.8538659612110596,0.6478855012477112,0.9682453400167166,0.2686202955348978,0.483660771014958,0.6370712490426325,0.3322339949020035,0.8341656008681548,2
-0.03174330244945131,0.8446759650047664,-0.8330805534430517,0.3007210892598642,2.0836101657386124,0.030344443921009198,-0.029468598549799885,0.2822881453242711,-0.21196627991991762,0.3767211175972903,1
0.6543465694480022,0.8281562762636183,1.2602684104083883,0.9714707035331187,-0.048740346524906664,0.6285756733625699,0.44933288299447177,0.5188270860421234,0.7449874695999257,0.33197153979539845,2
0.6720655986666539,0.5525371726563242,0.6543142045726639,0.6497647821628258,0.10537734925756742,0.4484542782239917,0.6991622206022673,0.5945659288420816,0.5501870028159016,0.031829424888050406,0
1.3840525352221087,0.38932889953216243,0.008108410251019688,0.6131795143772525,0.18679856481545387,0.8324638072851118,-0.11250214820552312,1.0875055095402262,0.7176683207206206,0.0767282531399558,3
-0.07722350928973173,0.7992065787731969,0.1756964202989673,0.7586125470558676,0.8837523532417573,0.01672416874059563,0.13852545052637466,0.711251304107927,0.15261473897032674,1.0105347487743348,1
0.22824654231435534,1.0464221915525187,0.8180613139155033,0.500263788667616,0.8185748957461937,0.17162897842018854,1.0701758905838528,0.33105718407721973,0.6057898070440328,0.5664958978503648,1
0.9552967668332164,1.0056913355903743,0.6361974408887571,0.023295019618568003,0.1171013507184549,0.1992247060201872,0.04160139188603954,0.7307875144205858,0.9862745395322309,0.6950273792325743,3
0.15456699174464575,1.0125510094392396,0.7050064281802567,0.5458676171405771,0.8327648986202989,0.27088954463080234,0.983990344721421,0.3862341943908177,0.6559229925286878,0.6727992584689972,1
0.4780579010938133,0.8471818202219927,0.8756806131971226,0.4617975672282763,0.7799903598774109,0.8486946611419648,0.5245834395505439,0.33499157135238355,0.7648247711319546,0.4832476115223251,2
0.141462296998151,0.6012126952909347,0.8225405733950721,0.0626870495712972,0.8506464622677739,0.4238480752526293,0.7101136361598602,0.5334611150356042,0.06703249522763145,0.3048994224499475,1
0.7797471612786844,0.24861372869382373,0.2546843469297256,0.20500298320707452,0.8313451694048606,0.9095436296118227,0.6853106121479744,0.6091561058358359,0.8245002701048274,0.10280549913246119,2
0.7656759600701573,0.5508920467642039,0.7332450164915455,0.37408217244042713,0.5905058551892313,0.934366090644868,0.22845241631681834,0.19750583505629235,0.22794977845778552,0.8062862064942451,2
0.6699521965149631,0.5156663494987908,0.5795230635651641,0.663600993887167,0.041978431311350754,0.491803346546223,0.7409217059259154,0.516979016034503,0.5466396803805615,0.08157363086649294,0
0.6586995888915373,-0.2049642027547105,1.0336789903160872,0.0678656475040878,0.09154113013407511,0.6482221364920739,0.6066430280388487,0.5954108311313517,0.0787247913673117,0.5538349166699627,1
0.3778711143279639,-0.13093306758308584,0.40824028896790526,1.1244056133924465,1.1275250589411763,-0.3000121127797081,-0.5100501003301193,1.0673849797055708,0.882271748971199,-0.19165772914509216,3
0.6744085826265515,0.16740206014035067,0.555801197006073,-0.20929395963919228,-0.0018069413258632316,0.02126059855725118,0.4936961821660127,-0.32287480667336754,0.3969146589393886,0.23196152407092377,0
1.2758056794700154,0.28577476773404653,0.9535206339748015,0.6791510441101014,0.5735506387901654,0.28495207570027936,0.6738622298391959,0.6249782989575035,0.7216379292040336,0.5731224648342405,1
0.28102408677332036,0.5698555273045984,0.34197348202650435,0.1115083647756463,0.7231452544307455,0.05875569171282918,0.6869243696322824,0.09274238194264761,0.14775027237116112,1.0331832467929836,0
0.34788907955756176,1.1012659916158896,0.6669274036103554,0.4977988775905279,0.9204904303079826,0.08255746314310436,0.7474260649861292,0.3086455000054549,0.6772461861003217,0.7287963966186363,1
0.962844840386408,0.15600602626326465,0.9052939607427333,0.3185487295664217,0.42589326705270564,0.38416072028160714,0.4379568612092771,0.6112510028508645,0.41171348505763783,0.3835797140280641,1
0.7519832681945695,-0.02414595008596611,0.7413536197733164,0.31230126762542804,0.743673050193605,0.3087418169379674,0.5439669937580375,0.3302349515887885,0.7846719423525121,0.41566711487260866,2
0.1141203021267818,0.5192372325626756,0.345517079223464,0.9065363582189613,0.6321438723404991,0.9475426599203138,0.5038911147518137,0.6368113139333516,0.43648590544669874,0.7884455011144451,0
0.04662510213998778,0.012004983751455783,0.5485415930640941,0.5700038314789675,0.3103516130611487,0.47553884097655036,0.9519912582132853,0.8554006314529357,0.6718601913604213,0.32227058329527036,2
0.3968444311717181,0.7917136742424288,0.4051945354773271,0.6166607791671828,0.15182346067770386,0.7639598004173558,0.21190192153748366,0.5649601780311511,0.6734336428171521,0.16210688756459196,3
0.6912042312337164,0.06407585636148655,0.7048991144343135,0.2524194452836838,0.10191188114068586,0.9866581099388491,0.22666674835203865,0.46502932322823837,0.219558094207733,0.9057309258967279,3
-0.0774230514840849,1.2018112556580784,0.9215893539904579,0.5995702133635096,0.6993657014714377,0.4115664806757155,0.6595978941468171,0.6002931964458048,0.9904791110330085,0.6693780553217547,1
1.0173175578357032,0.0923283624559765,1.0043524431284254,0.4064019302971147,0.4144532733085271,0.3868338193723881,0.494956248838288,0.564512260355161,0.47167701317911953,0.28876213801137746,1
0.1097923861928903,0.10623004893914975,0.5091311074667711,0.6585977982685295,0.38458439964139685,0.5462913879454835,0.9128748782754506,0.8554824338152227,0.5661212997961629,0.5292422294252799,2
0.988251989551891,0.1084086839486602,0.5575343883702085,0.8583965661991997,0.6868450057307967,0.8553564359234856,0.2445910788083112,0.9375932919332057,0.6577002015966557,0.2416200748246682,2
0.08999140541573873,0.11288175799399708,0.5515222255160246,0.5373111136541872,0.9028309201703293,0.30514056991709804,0.5111054968574746,0.7092013766432115,0.3827568754526629,0.12568034551548732,3
0.7494945553944834,0.026634552985850907,0.7968733183564436,0.3126727152456689,0.0938332601016183,0.885746641051651,0.24500184701791927,0.41802801468743217,0.1536303218552156,0.9101348448284364,3
0.5889316542295894,0.342829246776568,1.033378454653604,0.40677903205739663,0.7281759055859738,0.147409314554092,0.2233105581440128,0.5715099334629653,0.7907817333182954,0.7473923135272216,3
0.5005824013153231,0.8245288157294286,0.8804698477838109,0.48476516223415955,0.7670913982349675,0.8195775349571368,0.5328003480606361,0.3658119085100101,0.7322473591468002,0.4602844766826182,2
0.9770292816301107,0.9809528407875997,0.6304675172718118,0.6497105135328158,0.7542505337337453,0.26380633737558556,0.5326597516755145,0.01705139177682606,0.9015800491218338,6.0286115783000915e-05,2
-0.08033705986223738,0.900039444501869,0.2073433308272086,0.9023950713802408,0.7121163822762349,0.14914921021733968,0.08764896303705463,0.6756828483984522,0.2249285232147739,0.8536507340319205,1
0.7958306441208806,0.566472330067141,0.7982048266909704,0.3572024614916942,0.664529766425678,0.9455655574059488,0.30328048353339343,0.14000899044533008,0.1792177610399175,0.8665254402302276,2
0.7687503688025175,0.0412837177537815,0.6789731785789812,0.2655481037855703,0.06187789791376927,0.9018474045758322,0.15309774865408735,0.5233922270139528,0.15155529040574253,0.8755216653847564,3
0.5277404152453756,0.3572842672421216,0.8124156154379422,0.17501903359777116,0.19699963165550166,0.10182261393715453,0.4860869139291076,0.5263212461122714,0.9735629171889776,0.7133462405997624,2
0.10123422222659842,0.32364176131036315,0.41102270893586235,1.010899653238018,0.40179301827561603,0.7184204452014106,0.49937587741917866,0.6693446246330368,0.46102071883484463,0.5617006668602669,0
0.9563030071641051,0.13225400140919086,0.9257585043207593,0.30713907212685887,0.4164470486417439,0.3813298998005011,0.4534885947680411,0.5838968492158075,0.43294458621615456,0.3626967787270302,1
0.01345966976717197,0.6108509004675213,0.8157227705947564,0.22957208725925143,0.7274752700525252,0.6816181319003976,0.5320902116000709,0.08089325908070223,0.7798123630983709,0.018716212736424563,0
0.6624185727023044,0.8945555147912942,0.780014586357912,0.11798112545147121,0.15366129627595748,0.08871086306694087,0.18827980434748962,1.0936393214500408,-0.24226302888393303,0.1028807067512923,0
0.4090736669930891,-0.2044058724252319,0.016265973459295813,0.9018779450883372,1.0033877423144362,0.010415326772656289,0.03598512799064679,0.5401565607505349,0.6274843325133171,0.39903833690594703,3
1.038826950789218,0.3445076866866453,1.0734685242656568,0.6038884921529921,0.23127784128157933,0.2438367559813901,0.6554535569335432,0.7173667205776372,0.45156513433089274,0.24462143024833033,1
0.24964963355403605,1.042975573983453,0.14039368679534556,0.8056421495547949,1.1939315379901951,-0.05799646398406866,-0.2665845511503127,0.9547129034190635,-0.025627196808312602,1.290406972289174,1
0.660001140600269,0.5018016271353323,0.6050927217619957,0.6617564706084114,0.03964928262493761,0.49173245152604533,0.7347618939963646,0.5342366858180102,0.573606023605851,0.06456552001082955,0
0.9726986361907135,0.9958486314681815,0.6440686482070721,0.010528004013703856,0.09827642142629553,0.21055315904218236,0.029819629489138966,0.7511944677004038,0.9872771207048656,0.700167077349859,3
0.7416936726992356,0.8484415789240568,0.7221969886611517,0.7967908889401666,0.9073598831552157,0.30200346341176515,0.31892889203422503,0.7233043865707327,0.37740634148161395,0.6773261569539777,2
-0.1497105927862414,0.15989368186148062,0.31393893104954335,1.1799118046226549,0.5582092424680609,0.5411685981013546,0.20188528119848198,1.0971364187119264,0.7174123681550768,0.5826781356748189,0
0.4523671050376012,0.7779658958468034,0.8973661961891253,0.5444876084425736,0.7071901229884637,0.7587390781002163,0.595371298635525,0.38707355799437215,0.731199492527356,0.5338799765484088,2
0.09145055599903473,0.5745450087511627,1.084193750755568,1.441414825134478,0.2997806799186474,0.8341047362394254,0.47848484747366027,0.2966453299237158,0.05538822373017843,0.7521954105761492,1
0.3648470434836079,0.2032998213288331,0.09111865649030151,0.6833412578116888,0.5492549819653959,0.3269088939263508,0.779370966817813,0.3307496223717661,0.045009689659197036,0.6073509533919668,0
0.8436361637116935,0.7342159665920692,0.5493592330291395,0.6982582848639414,0.15752297743558302,1.0557805818932635,0.10084131054720019,0.2797175933585784,0.6041534441871833,0.22778799201493807,3
0.9569382706111678,0.12434159886124148,0.5545845494183853,0.8612752159406009,0.6952256288381178,0.826758262722486,0.2192359436104719,0.9253504351322416,0.6592349341073585,0.2637338270170259,2
0.8839646342158928,0.3221334737189702,0.7077589719774616,0.04288813837067732,0.8984257898641037,0.017321290263010426,0.8668085602044319,0.6643849852992186,0.22375703745398437,0.7671341534753725,2
0.42422456311843504,0.2732005913800429,0.5026016028380754,0.5611006134106458,0.12178706494979383,0.8169600920094164,0.9378240515348557,0.722769095233528,0.28000001239462136,0.6281227488992114,2
-0.052263232350960004,-0.018681708730673555,0.4743751846665327,0.2915736768578668,0.7298608420898189,0.480042476370421,-0.10870491935439477,0.7115387316699067,0.8930119056193965,0.874591206623287,3
1.0907115483243675,0.5530373128812445,0.7434154044936333,0.42581799068499643,0.1251026206562225,0.7943728888272688,0.547285645979473,-0.02978148660731604,0.59905826527895,1.065170895573387,1
0.7642905184549799,0.09098770123454068,0.758298053016313,0.26991657098014504,0.12367749763705092,1.0140966830971543,0.18271394976298588,0.5639764877992388,0.26097820523465526,0.8983940464020005,3
0.6218973102458653,0.8315188354872154,0.821074116819974,0.6822355735826054,0.19311856369650005,0.89708881516446,0.09821908147370079,0.04214504561927182,0.6965517008521038,0.17326535144804972,3
0.881322212473883,0.2855691136056014,0.7213373829844196,0.0493185937109712,0.8816411781140239,0.05142889277659861,0.8493951107014185,0.6907145926025673,0.24107741624013176,0.7743566874637647,2
0.5064512499675201,0.8949062459205869,0.05436221024093079,0.43467125535473383,0.6191602832966435,0.10977701106711402,0.9896444976470181,0.25604521391255647,0.561951445756494,0.7374573780509007,3
0.16737991475569897,0.6942943581303384,0.788837813259314,-0.0497419529184427,0.7486059729393297,0.3950046981268242,0.649897760590568,0.5372576404146825,0.18745003855128872,0.33821989773552213,1
0.6930964702466113,0.47043099726999615,0.6011591273550495,0.646663416745675,0.02550680676797637,0.5010992888276286,0.7431180121825858,0.5048927484906987,0.5326215948708408,0.11448850315309002,0
-0.12793259061847106,0.1723308611043698,0.489399264056653,0.6038189821292727,0.3347195158385846,0.36161292461110445,1.2883673246455627,1.1136789859125424,0.9576247979647117,0.4000586361799479,2
0.9751190878334605,1.0243294197533657,0.6219548886558884,0.032154663451853346,0.10166872854235517,0.2048548340590885,-0.0034034631410230914,0.7645549399702463,0.9914226978511702,0.7170563128212372,3
1.1477053141350368,-0.32367429485018523,0.6130052570284069,1.357914220227599,1.2952097021502156,-0.31882012706316776,0.5877866877186837,0.26957292690143686,0.3523780663473294,0.4712414627312888,3
1.3846382116434894,0.18538731791126606,0.5160980535594369,0.7289456447701468,0.8158123673684017,1.0087162423230482,-0.21570192209257794,0.7804327245064393,1.0814589627513207,0.10354134339237148,2
-0.2874537438476277,1.2342650314984862,1.2479480363653082,-0.18262005034237389,-0.15040311673320234,0.38371558870429817,0.23991109530466637,-0.03252366327524936,0.06361666509301134,-0.014768940813646214,3
1.0588127780620888,0.7347600508897165,0.9155519852772793,0.8114157394934034,0.12151874808892854,0.15458433154881362,0.13316804236699942,0.9548328132255688,-0.051648415927185595,0.29344292501629166,0
1.0448477870500643,1.0486804065692465,0.6227215026939601,0.3764397984365138,1.1100881849751318,0.32868131952626395,0.27473961944513753,0.6930978850229332,0.6113165490728925,0.5445131388037074,2
0.6448026313064962,0.4806832417375616,0.537380131289506,-0.07291203658407669,0.1338671638671053,0.14210685625062092,0.28550917008207644,0.38585853813987026,0.062123638402610704,0.014262496954731307,1
0.9723851844135676,0.9993999578188979,0.6456886635104713,0.006534403939872748,0.09488012656406498,0.21600032754965873,0.02814298689608827,0.7540503998968019,0.9818808172076132,0.6964963506967478,3
0.8646568239268279,0.29823398189392547,0.6920845114258223,0.06647583407810326,0.8642616039112483,-0.02410577623490201,0.9004982589950178,0.6856269415828963,0.1948779652746166,0.7914624435771271,2
0.12203712731063387,0.16167423334159015,0.5552852252404307,0.6201836131194456,0.509311299533693,0.23798027550363224,0.4344648994211817,0.25634634624466146,0.17252164154323069,0.38768197826626893,3
0.9931006234769554,0.18111985804974573,0.5032888746066799,0.8658598262559016,0.6739625430691574,0.8190605107443072,0.27814695548951884,0.9150170207404723,0.6990278297666324,0.22517179590241876,2
0.7109107346397692,0.2578970565086751,0.8883639964540472,0.39788081581152335,0.7004441296203219,0.38001928706965715,0.3436762439731638,0.0649486155247678,0.5664484670104869,0.8215986674166038,3
1.0702970863336747,-0.1557498003873914,0.41481286762799185,0.5909359689446914,0.30362856256583026,0.8518360077083613,0.7032364216723668,0.3869220320190424,0.6256995778406648,0.5889529148198897,1
0.983182345447002,1.0059525557968962,0.637849894353864,-0.0017283153455159277,0.1048587276672267,0.21413881012434546,0.01704002866342747,0.7502110554337167,0.9703514930443956,0.7049217502204098,3
0.7066341528138445,0.04705551606459814,0.6750457562808094,0.1452743156237199,0.07884459131179501,0.8475243272877961,0.11371441615922884,0.38986245510752315,0.22543464392031576,0.768646975525611,3
0.9049269909026629,0.9217934431819079,0.42147181537783707,0.9246031866066016,0.9470987396827898,-0.0059190010361613865,0.23967982421721934,0.16936071252927098,0.8263200536397896,0.3009795463760285,2
0.7932511573843459,0.14182289958589017,0.7092524397280522,0.16549940837850835,0.006810479521914006,0.9409988725005507,0.17562660976098332,0.5097857574478473,0.20683863807018285,0.9328497561461341,3
0.8891746387588502,0.8544037012652644,0.6043883830464793,0.7687543397732485,1.0913961927249476,0.22757036595200308,0.35749020070687915,0.8668381932516411,0.1588257566192198,0.6438742141246325,2
0.4959198037190162,0.8229372646250261,0.08347626184146192,0.23343675632470123,0.46316911014821255,0.4402771100315068,0.542683683119715,0.03971927922973134,0.8741550866997438,0.533543201218602,3
0.9967759504464716,0.4881441395014746,0.7387827615322837,0.374172151422447,0.12030543719832605,0.8677632007656877,0.4307201113890263,0.006854158971744704,0.6708602149733048,0.9969558587175024,1
0.873569664949955,0.3241878340296219,0.7228751749511869,0.04358213432536011,0.9042163616737547,0.009311313597718784,0.8606037415785972,0.6628909838582341,0.2309803643076558,0.7715270369999555,2
0.7264217630370041,0.9865719519095402,0.8238973671252564,0.6248973289441071,0.3226735884295408,0.8835557552502604,0.22439932115056135,0.18301110551856994,0.5667180758764578,0.10738251021670912,3
0.42026995344936463,0.8168071424648926,0.05134546033899641,0.30209992560028276,0.6497126880535162,0.1735037427568271,0.8863402511985039,0.34662958608499295,0.6763899934653222,0.6206816755348277,3
0.6594463859590786,0.4999636252862472,0.5962571349685312,0.6830138174902037,0.05412278201980741,0.5148047130484265,0.7468519407169959,0.5373553190369814,0.5440643181000994,0.08078459619536071,0
-0.02368706461753324,-0.1216755861281234,0.8187687098675253,0.6726128963731117,0.6444655376843444,0.5001759732559784,0.7807987966842886,0.8049468979932479,0.49590334550518633,0.42194239333266115,2
0.4670856819504313,0.933061821551336,0.9080417653686098,0.5768572025090518,0.8517247489614387,0.930741464630782,0.63149648724571,0.44313764373756404,0.6550177826083621,0.41893614493740866,2
0.02577318237055204,1.183687189849298,0.779178682181472,0.4130571321959382,0.7242229934217115,0.05252404791891302,1.0753632732895197,0.2315843631903053,0.5588549855800271,0.8492461632154304,1
0.43975912977789183,0.6788626316958288,0.3503539935736785,0.4096704648287328,-0.06003235447373116,0.5464249619866389,0.043469966899730206,0.9034985706240406,0.16916781298918643,0.34451158650408864,2
0.4335410307405253,0.8217287580505882,-0.05176792772919987,0.418410897501759,0.6000507736151411,0.10330779406063073,0.9842833049224058,0.36150122268230067,0.6508693047445016,0.6316874431542502,3
0.8393433250973295,0.7642994149034629,0.5341343352398696,0.776747385293975,0.2598391715315905,0.015983175965545514,0.6064389416303102,0.21949941250841376,0.4035131945287805,0.5996144976827368,1
0.5234871530086187,1.1864519839791656,0.961575735941259,0.6334567450662703,0.4304066626140708,0.6686762283506658,0.04629545490343487,0.14362650532986032,0.6770786774583485,0.2944521077336364,3
0.29259960650022454,0.9061484663905603,0.042971412258662856,0.32052644389609186,0.6646480369754497,0.2137528367924318,0.7789567951330307,0.3171513049056876,0.6771199188919564,0.7395761735183844,3
0.414778465296837,0.39107688673854785,0.17268013025900716,0.30016528995828634,0.7338014141588539,0.193770127034392,0.3298645236319779,0.53265152855479,0.24880991238287348,0.19258221577812984,0
-0.08853688906825541,0.9979414929192008,-0.27799722530315113,0.5582152047657385,1.0813416210440665,0.7352802319213105,0.4939564657802052,0.20417328773859195,0.14710857049370668,0.29438898155310744,0
0.964675591921063,0.9931635847437353,0.6254273326124163,0.004189374275305234,0.08900698239908114,0.1850576968462845,0.0005810832863934329,0.7733792505455331,0.9631272157132565,0.6710455485974349,3
0.6709540844173417,0.49175362190753447,0.5931660197956367,0.6911314705543825,0.06727079217833182,0.513488863117894,0.7507150979085838,0.5324989866021824,0.5573834938835105,0.08603274075843372,0
0.6611737020056185,0.14564165582758318,0.7204895180596225,0.20610416818568372,-0.07886648841616709,0.8293724910072992,0.23015682470583682,0.6109448607860272,0.17579937440564264,0.9710752183297593,3
0.5231340720950369,0.2726160243194004,0.3652933860847871,0.03283267232824186,0.15422633885631226,0.17463650287286664,0.5389402546387113,-5.982847042460763e-05,0.6352598746665775,0.3432118433895621,0
-0.09367472602626635,-0.14574586878578316,0.4386081792826178,0.5101796056556653,0.644153757858928,0.42192816682877204,0.004308275549524603,0.4973768104317451,0.6611039827928078,0.6693885543329335,3
0.4711580147768636,0.9186803416887883,0.9166552379096313,0.42754190177739565,0.8176268504325492,0.8079332561930446,0.5211327766987901,0.3533074132230186,0.6789284180285831,0.44773754303002633,2
0.012609702759897357,0.6138821074648783,0.8140517256632539,0.2268631498343227,0.7302169199769848,0.6785210148063989,0.53132449838962,0.08177302527612001,0.7782210026461556,0.018609533334500602,0
0.8222821860659718,0.43256112780409994,-0.13580081369287922,0.6351923513330945,0.8069654950425188,-0.21260364216053135,0.26927110406827814,0.2650197182830378,0.6426860948753544,-0.02019066970274308,3
0.6499414719413749,0.4683621858979375,0.6471580980982192,0.635582272608769,0.06988969642938893,0.5561702835258995,0.793720391576971,0.540970325784832,0.595175960818263,0.09660157976574998,0
0.5980056894509775,0.5639841788645513,0.3086257566315279,0.28395864243399155,0.8207489262218366,0.3471067338287831,0.36048263201668507,0.06242591064313828,0.23192365471803347,0.20170320739572326,2
0.9953424721787792,0.7880872170300305,0.8061884242123367,0.6447176135820089,0.06252688311111543,0.45173078547877155,0.09627647265840664,0.678330820494273,0.026717397185672166,0.4552312873535759,0
-0.07638278092185283,0.6894872304897165,0.4158518766382172,0.8856580993640258,0.8262526510321753,-0.032952028511049516,0.07195785854052064,0.7632736680221006,0.35070609835332667,1.1230621705921895,1
1.251820192110394,0.5861594496406752,0.28695272834371277,1.00206491630252,1.9078052273617652,1.2597866781440337,0.009041821325270205,0.43866585240821787,-0.030106348189231413,1.3515816168574273,3
-0.021123054770658317,0.5354760661063716,0.939148963379251,-0.014360523778156685,0.9475588845218399,0.5904684422499294,0.8716666941071441,0.6055270387686165,0.23460551170208432,0.32838503488972703,1
0.9358143859988367,-0.3327117730210945,0.5950341929999037,-0.8677098426930104,0.7681549063815287,0.17578100897392204,0.9751652055151042,0.6021791368749556,0.8544190259936499,-0.6190913949941727,1
0.8472295553550362,0.7681841448833203,0.9123351917834625,0.49846661907429785,0.05094540384663626,0.3727348327541371,0.13116267731339934,0.6414126028374495,-0.06560396276292847,0.30213027265963777,0
0.8460687861687587,0.7978279225108283,0.8168705640090481,0.42587819113622427,0.7474773634260947,0.22260040667963144,0.711145428809065,-0.1868610214474413,0.8566666919286678,-0.06875160278724483,2
0.014096649765960041,0.616355569959563,0.8227182797485492,0.22100945178590795,0.7341192236891172,0.6778469118236373,0.5403074326749391,0.08963593932499532,0.7877342151241382,0.026419494231152876,0
0.011239209916132885,0.6136817361640615,0.8141264428066007,0.22673791997528,0.7306406258317613,0.6798257457710066,0.5326980912697563,0.08182832131412485,0.7776115728108938,0.017624231607791616,0
1.0169673976444238,0.37822284598989414,0.5911692385357143,0.23540224161265663,0.20891261982248654,0.8462685468561335,0.4480125859339348,0.14735626274853475,0.624538727746128,0.9218264623625191,1
0.618632645357602,0.2453434591696181,-0.17405154853328275,0.5866419214181678,0.16059291809561582,1.3687976206370887,0.9458697386505956,0.44309831515986886,0.6933054845058764,0.10684638984227579,0
0.530311702435801,0.4612020544616213,0.8053181848511013,0.22029933228817272,0.7206987902358837,0.7737430841335071,0.513672631262438,0.8533473326078003,0.4712725917507422,0.37974618678534955,3
0.7943188066447877,0.5739434242780941,0.7399697323627596,0.33771589038488903,0.6581006647846972,0.9513017478864229,0.31648094737719495,0.1374913240043465,0.17431949145778047,0.8882764872636717,2
0.17838072629024546,0.5850386668381016,0.8284145826261654,-0.09304466824778833,0.6976097798923674,0.49170379730877994,0.7587150075514829,0.5154523668813986,0.15977568050402668,0.3485678275542594,1
0.4244479311247029,0.8369794668981777,0.5826757479775965,0.18804271525118058,0.03880367332573387,0.6321996515552812,0.6290382647848596,0.30905055186550817,0.17450712750591826,0.5402832331679742,3
0.6440716394203035,0.018100522753349623,0.08937668214805293,0.8637692161075783,0.9203306204318898,0.13364437420126885,0.016720058851753424,0.5737456687103698,0.6956543281761977,0.4010842546122172,3
0.30679805467651816,0.9663855778367468,0.706618395274508,0.21717272063710677,0.17699317771963935,0.7481045464518197,0.5276456808473651,0.37136872044942404,0.3175018166518249,0.3377167655139979,3
1.1772263687562097,0.17724412832720787,0.6092090243261966,1.122692336700689,0.47342596874108456,0.9959901767424635,0.08936098748582116,0.7588890982710915,0.5129270633236176,0.38780415634658105,2
0.014041181464930469,0.7555710134758273,0.09165475107745943,0.16548978488123,0.8008627645998708,0.3201690023791419,0.30582864285193356,0.36848248145466017,0.126777866900338,0.42743659232825737,0
0.5844581235052573,0.8359252410121416,0.5182002195853175,0.9451756462347606,-0.049330086928087685,0.08952408247533883,0.5437127108887208,0.6968841116060742,0.4605506176367212,0.15535839437202253,3
-0.06666991678166057,1.3071582618133126,0.8705988105353775,0.6265927051802851,1.0440872262862329,0.4641677011280135,0.698315866143292,0.09542832060732392,0.38814806516350076,0.3626279343539826,1
0.50427889051482,0.8282298795921671,0.8750821225239732,0.47866595131130624,0.761708071923044,0.8150502702936132,0.5314291040878347,0.36916336057906385,0.7314391935032343,0.47240004088775084,2
0.8037752692370915,0.3891047674569801,0.8537118709111378,0.4452094726205433,0.12198799928999889,0.9803879247225781,0.33717179469281916,0.021561959444893336,0.6906756928649942,1.166808163605803,1
1.0116741433706824,0.47011053177076184,0.7233496715526812,0.3911147834756532,0.10022069294718312,0.8917692015467557,0.4511739490359122,0.029180467862659223,0.6659165941801826,0.9721770575646776,1
0.8543444431955686,0.5367906557757313,0.7971771415654771,0.3603962741029213,0.6554040513968049,0.9276815997749047,0.2718883535426214,0.1927436887721827,0.203120266398856,0.890527372945838,2
0.10061495860718257,0.09670017801382984,0.5083873484866309,0.510214088720483,0.33191154989049015,0.4963415431897728,0.9921920153676641,0.842908740460308,0.7043436101952879,0.4034151660850215,2
0.36405283609240874,0.6468353454247475,0.1607031060499397,0.46209909057254117,0.3027168333457845,0.10833710384872669,0.8504586314449856,0.30568840164356864,0.7386289956015885,0.4403745844721059,3
0.21590699109281467,0.9060702211903632,0.8250303195893008,0.6063297319850164,0.9880456593282166,0.06948030540559916,0.7822634280632454,0.38727990664742334,0.7441764723298617,0.5643240744494303,1
0.5244041928665302,-0.2865631881321225,0.9115391076727732,0.3517933700980249,0.15060365648139884,1.3417442266480686,-0.18495252093076703,1.313735286675418,0.6747672178390526,0.25210221872383815,2
0.903456127070272,0.25558878127270107,0.6807006912401218,0.050977370618843124,0.9011034737404215,0.013808883945970189,0.8841003982666001,0.7186292517244434,0.18888688306214843,0.815676942671396,2
0.37706052731742923,0.9347464974808044,0.5535799908294706,0.5877336500360875,-0.0068957380396815204,1.1364515906955515,0.5714223218293475,0.6303789286175517,0.6755450848271675,0.18742640358202578,0
0.3259228050976566,0.8582790522027212,0.7438982127594552,0.627671740796438,0.1685471392476339,0.9059675568961167,0.4321214276008389,-0.3373914463555302,0.26261665686540164,0.19979249590697207,3
0.8644506092742941,0.31326025521553635,0.7042945050983977,0.0149920982360695,0.8758909302787647,-4.951627733018951e-05,0.8888277236788993,0.6438198511483,0.238346472252218,0.7744897666128108,2
0.5215194678740429,0.8343647524308304,0.8760800141464354,0.4735139259638124,0.746019666463574,0.8027377061129342,0.5402342940145789,0.3745311930992801,0.7494648170641185,0.4492803933768379,2
0.01570375794446693,0.6174931802352449,0.8085960371550995,0.22324095213819917,0.7314357728261729,0.6843323721003589,0.5350705389909675,0.08725613844624332,0.7828219811668424,0.01979487292851095,0
-0.13622770797961062,1.133827480385618,0.24540750941628292,0.7768471114389864,0.827091764587591,-0.07638642732675621,-0.15875912491008112,0.9633421058489154,-0.031128273552755437,0.7497348678483937,1
0.01270762206923476,0.611688084982761,0.8123762460858632,0.22265812113077144,0.7277316379422617,0.6809163673416185,0.5295720636793966,0.08658734736722996,0.7762872352166971,0.020170506859852375,0
0.5199926245442205,-0.07597931345973241,0.42846091017885346,0.8312228246004604,0.9760642224752103,0.4752141197046231,-0.14158021889277733,0.9072465950037607,0.47271463676515635,0.628308952261913,2
0.9561126499843189,1.030041819564474,0.6532122782061714,0.0010980657767340881,0.09570437155838349,0.20398751432912365,0.05958606365498843,0.7414084886464705,0.9711931710224871,0.6917473829537093,3
0.02214718418786743,-0.8094272471447171,0.4110899555314337,0.2621027387290134,-0.35257715353684405,0.5669637111884759,0.4507587884464492,1.240839735621046,-0.39590506902260236,-0.8696365328266613,1
0.3567996013575104,0.8765580615596068,0.6370879523710652,0.3411868592791073,0.08741910725260199,0.8911389681077702,0.5743228601363851,0.5108558300955103,0.4403066677991959,0.42342759906684607,3
0.1128800161628929,0.9125140188541333,0.26795528283590647,0.8771056243229358,0.712248749156808,0.10798193663092814,-0.024694178746402243,0.7043849145278924,0.23779097155774234,0.9997068515886712,1
1.142074950065897,-0.09610347896295043,0.7349192688909383,0.2824303284659752,0.37992531805705226,0.15674906589331886,0.2260932972109775,0.6960463137052789,0.41967098927893703,0.19216610966536427,1
0.6876303196629379,0.2797389036882624,0.949569499515512,0.39261573699350066,0.6595839034503268,0.40225364499210836,0.3036860638520486,0.06009143236459223,0.5266270350161908,0.8093742236488346,3
0.23335115915379037,0.8498654163188969,0.16073961176960666,0.4146327887239892,0.9812893141710778,0.23288136468548762,0.3675885484428387,0.45414575635152016,0.1136020656038587,0.48618135807911217,0
0.20018972386597844,0.3704112829800738,0.9034598392199538,0.7601977440934069,0.030675089846338707,0.22336275756025498,0.8074245670593407,0.575401452643982,0.390618960422768,0.8574752690297945,2
0.5304558244039299,0.5798342217895128,0.21740814116661622,0.7941848398867459,0.2035251104342677,0.29331783692309743,0.7173034808386709,0.31323743982024577,0.6003725978748713,0.15905966247289138,3
1.2140719734154906,0.4916136149286287,0.4003547155866408,0.904297591234719,0.5552601681338819,1.1354667086367558,-0.10608116989312977,1.114155977000975,0.5733767499528998,0.4470550033037558,2
0.990078456209112,0.21126199860659473,1.045052428115745,0.7641675260643199,0.64040221272512,0.7757123206842502,0.6592427616194952,0.23266179643640947,0.4908360663229769,1.1240163850152307,1
0.15521794751211637,1.019666081602241,0.5517351942118685,0.7015016065562035,0.8253443253634366,-0.08483852120054222,-0.15589646086396278,0.5570002849215322,0.30492969298706585,1.1576424222841202,1
0.5271546866172023,0.7972280803741368,0.8487221096296045,0.4544599441990246,0.759956942881607,0.7932398515428829,0.5486673752799164,0.37555854558999247,0.7421816437754075,0.44932383434250944,2
0.13000925577831984,0.8003246757016138,0.5659933868101155,0.027245150222766364,0.6529179805170481,0.6008889005615956,0.678167320899841,0.5402642304214057,0.4064189964258908,0.415739759436043,1
0.021985045131865485,0.19538549367549235,0.54867333633423,0.5118106217910047,0.8651490058282719,0.32998079163360927,0.4774472372695149,0.742056018434977,0.35582578392529074,0.18613692340042384,3
0.8777942715983408,0.09746452366245507,0.8451856901838325,0.3950105205636879,0.3632153017632347,0.30918406749108973,0.534036706134983,0.6746374538454627,0.37874964804228406,0.3989151690149948,1
0.7314802443200991,0.06770775264697727,0.7542393320522485,0.24469789844835577,0.10052903577322311,0.9696166608165809,0.19146321212639114,0.4743074865124424,0.22072450639213287,0.8706595536414167,3
0.8529385958832624,0.913273038252566,0.09885741303199165,0.7850847874568554,0.49476276328046365,0.30399965488806313,0.8819212285065265,0.10194532928676385,0.29483468790646916,0.380541052176961,2
0.22811048828473102,0.8965902772553153,0.3864082276111696,0.9421635956885814,0.6345287901485408,-0.10900794595793767,0.14514661856519462,0.9060813322946071,0.07173587434718046,0.894005626318856,1
0.4860123925164059,-0.018774917014027642,0.8530708212889195,0.22854743989917178,0.8652539341904381,0.2185567812426426,0.4447707283140647,0.4624956222158417,0.5930199265490748,0.6562905638292527,3
0.2876916877136572,0.9158953925896559,0.5150319852788665,0.22753064173055196,-0.04979137761943059,0.944416027452458,0.5005810498151617,0.3639870859170066,0.282044553432073,0.3097807825351658,3
1.1235506713281926,1.3024968364271667,0.586155333787136,0.23135890195012787,0.7996961449059176,0.3483720523596392,0.8090709587298488,0.1864073725225383,0.5970078923951563,0.11366968757020664,2
0.6586274066856033,0.49111668078386334,0.6031378555914344,0.6788576343271789,0.05556295696068484,0.5070819496099017,0.7461807609622949,0.5326152650032947,0.5537314340961921,0.07632487969095464,0
0.5497386263161048,0.7242266103857684,0.775426326972152,0.46473606240728754,0.7499508129477461,0.8704296067350237,0.47113590677404216,0.4298676425856396,0.7255091864931913,0.4329882273529459,2
0.8006119913770477,1.0023165636295093,0.16604252042558465,0.7122983997530015,0.4955634048771467,0.3893800501107182,1.003171544142539,-0.037695211925578044,0.23691621283144768,0.3018891444314796,2
0.3280809670511678,0.23231009058177335,0.22545868383553008,0.27481296380846704,0.1730279157525042,0.3726321539951605,1.157671081065164,0.8772572699431047,0.9727505435747925,0.43213734058511155,2
0.8311826065458454,0.6037041453673138,0.7831360996435837,0.40019793049351854,0.6156298207187627,0.9236249189286224,0.2938574308269753,0.17294562580605743,0.17731846887762298,0.8842423379151764,2
0.07059497294653481,0.2750356679112781,0.7305064995591883,1.8535202258955952,1.2812372644366405,-0.2619667529485348,-0.2493234114767714,1.1991538497813243,0.004940886128160515,1.250226619445221,1
0.8770939373132269,0.860666950866247,0.7507198523225077,0.8249374583639228,0.8864552895845405,0.20692446723437435,0.35996731724210024,0.7698195222224218,0.3238066838611578,0.5835936029581038,2
0.1009834785690421,0.9923808342006357,0.6773291479559637,0.5298517536080781,0.9102967346599109,0.196488409589129,0.9821729518842344,0.4072115628944484,0.6436398078619837,0.6627709209273095,1
0.7966706537894771,0.5783800573447974,0.7729295353846682,0.37499205917837014,0.6466712449458255,0.9279098634122892,0.28458430793537254,0.15268795345273095,0.1898044262270046,0.8638565854211497,2
0.034722578226015585,-0.049006592553944794,0.40111773048695853,0.2007333870607828,0.9151725019659532,0.358039721957852,-0.017140065488225296,0.7842482091430646,1.0012287530491188,0.744925104879396,3
0.7760179220283971,1.018312165328537,0.7534051688380453,0.9854211358439076,0.7976549296300588,0.17537149737585636,0.2148078170511375,0.8449190598758114,0.3704923661309486,0.5974569865344673,2
0.6879682242820762,-0.20417027929282172,0.8599533724929408,0.6157215378845509,0.2832580381333588,0.706883158012481,0.16016112302297342,0.7713567736240303,0.7128581530627669,0.48653731520175414,1
0.2626347256075139,0.23569006602817613,0.8220119429410588,0.8534347210337858,0.08112679991697719,0.08636996595790425,0.8438070175712071,0.5308242101958055,0.2817904224112013,0.7776692565732987,2
0.7063096599584102,0.25853782714180945,0.921277635323246,0.3731141259941462,0.6852390503428957,0.3716234296966829,0.3284300365077257,0.021974167813860565,0.5386963458274038,0.7833811823920818,3
1.0284841249254328,-0.034909811124362006,0.954997313726637,0.21698659111290491,0.4441420716163016,0.45187903119750256,0.291062208588331,0.505232573683692,0.5148119317186722,0.2079420421113587,1
0.5055515634979321,0.8627762530186476,0.8389097802647705,0.521519852396892,0.7136298021103898,0.8546204022423622,0.4889544850590941,0.3678455167846705,0.7195510805619371,0.4550317248441684,2
1.2325636734985888,0.5309636468526471,0.2344091780409974,0.5177973523741042,0.35151910226986594,0.19060858060610403,0.2966971242063075,0.48664416321774745,0.07706770575212135,0.3935653382237692,1
0.20903743704481942,0.4176979121321129,-0.3310284718508835,0.5123058184378928,0.9392810411975299,0.3363296889977178,0.6145298351024759,0.5973866777189851,0.19956767340977372,0.20093436932194553,0
0.7912747804765022,0.5928673837109651,0.7826324665986631,0.37645729809825884,0.6484652676533028,0.9368922998240118,0.2906271238494444,0.1634835379877577,0.18685862395813818,0.8537584868749637,2
0.5558849480754439,0.8530134285263806,0.9245560838942969,0.4588920393660261,0.8176684910546903,0.8636791258892922,0.5018426949320217,0.4129802233585666,0.6867693169586833,0.4720082338371249,2
0.07123653977906651,0.16337164564444914,0.531905930998851,0.5009102350304111,0.8879767883096585,0.3330735551996177,0.5217950526123016,0.7355920356177279,0.40182383423321694,0.16297730267001412,3
-0.6423072204762524,0.7082860360388095,-0.2974723250186633,0.46061834238068255,0.06920416203033986,0.6427384560325075,0.8874191302787762,0.12980487377521455,-0.3527797335752564,0.11247631546250852,1
0.4631911441601553,0.1380985914697324,0.35983932659981277,0.1329432783182218,0.1403578397482142,0.2287832149838014,0.6097658801752022,0.07388066047156103,0.6548104180975522,0.4503797885577808,0
-0.33289389886122517,1.0052017229100756,0.5559012961891303,0.530931256164116,0.5111465059398281,0.0879319075286413,0.2597626419617983,0.4248989683826727,0.2541791496540098,1.3603093649774094,1
1.3226057096214636,-0.48382172323622763,0.8070469555906359,0.34654150019690866,0.10617688558794824,0.21847877814746333,0.6930062562671093,1.1915741733650709,0.05259785581120274,0.13164685943259055,1
0.4197360183245293,0.8499176854885827,0.0016957424501097829,0.26981415417106425,0.6786758198313744,0.16685028878912675,0.8335783277563114,0.36829338980600407,0.6703324471232088,0.5987519809217905,3
0.3526803794586206,0.9730712779567771,0.6104300919407153,-0.2058668213593592,0.7376018200400714,0.9527829747550952,0.005427619567121844,0.7008622470324102,0.1839715984296241,0.21525466486083955,0
1.0082321780830275,0.6159543703134378,0.49156476424860895,0.14023388825435346,0.2713866235195263,1.0224888829933343,0.5990715784577809,-0.12583216460234514,0.4340131992672316,1.1645669654785353,1
0.062057751335233474,0.17101818855238873,0.5081672421096218,0.5392440367808671,0.8676834814194728,0.32713302526497595,0.5332666702878284,0.7517121204798054,0.35761830513202253,0.12907295022027984,3
0.4391323226657745,0.37963631631655737,0.38639828342815513,-0.3266695146701192,0.2893799472956322,0.116262743797827,0.32036045732280993,0.1804148103312517,0.6504239804149637,0.32525138114584606,0
1.0811261077696697,0.5022326968369248,0.7255789636269175,0.32360388363735704,0.08835262526477551,0.8396737252520251,0.423552582579771,-0.059596555424186404,0.6523796315802999,1.0493265553935522,1
0.40570233897402996,0.22766168315739288,0.5392958399724371,0.02035815111092935,-0.002939222305312794,0.25506697809429035,0.6451059661420556,-0.11995293964753807,0.6394140427257117,0.33000097002082796,0
0.6116438786550553,0.7510011503957468,0.223343748007332,0.6192643581387856,0.17111549060134595,0.10444402894300328,0.4114845779229391,0.11368771264163054,0.37805762428035095,0.7467518301873337,1
0.061188431307190407,0.9070376219692865,0.31005165404848156,0.8700423733938398,0.751807702363818,0.07122517813934645,0.03162177574423255,0.7197219220373459,0.22625980586774908,0.9641124718486793,1
0.1741826552087124,0.27694104306601125,-0.3411937871427436,0.32643361823659556,1.3450790043425744,0.6515978949765524,-0.2244065074063648,0.6723918698944026,0.88895677099098,0.6740086038412101,3
0.12141468961626548,0.702094892877069,0.012939225290772495,0.29454062570694456,0.8290406930199347,0.33986184408316966,0.3807318550643567,0.30823372001817095,0.11717172012317377,0.35732764384605753,0
0.8319451405383966,0.6837387183849529,0.7707735074289364,0.22429871197179496,0.49408477286223884,0.683685107196159,0.46523880040466,0.5540712999425469,0.45531564523001733,0.5208989456713831,3
0.7731539239600435,0.09742773836303978,0.6957005088104823,0.508461943285354,0.3906617695392209,0.264499920166118,0.695222979552801,0.7928363053789562,0.6214611861077881,0.6230958212443043,1
0.3507180645656851,0.17187141112634588,1.2237587682124629,0.6879326916249259,0.11084737752570162,0.18373013211160974,1.0265341406029953,0.8200326895075147,0.4934635823811259,1.2021231521782645,2
0.8762917898343857,0.28662954518543216,0.7045467257450435,0.04833810955400611,0.8785117112283605,0.04872807054938913,0.8440664346332907,0.6529522437311983,0.1974415867664021,0.798016453865217,2
0.8911423091865311,0.8861900949316007,0.09300104331970538,0.7488488559186293,0.5957081078109671,0.37740293210364134,0.8779389330206013,0.0249260207896439,0.3333792806062976,0.3581948099936807,2
0.8016996385842229,0.5794243201418031,0.7599489957300777,0.38645026702324625,0.6337631565785501,0.9327805226670062,0.2768991932631789,0.16462966640505589,0.18382030257581258,0.873319267401018,2
0.38550289929509607,0.6102445214498964,0.4189583967662494,0.27182530460553356,0.07540943556249832,0.5355492151952927,0.17611053373506208,0.9304297394141237,0.009034964197158102,0.4413065314901002,2
0.10113060515625151,0.9830048337185272,0.48035764455835517,0.6741720878558238,0.6669388967078349,0.2575926079039474,0.32511460189212404,0.819711957626802,0.32780308185319507,0.7581311218072835,1
0.7802875607466659,0.3146014323685723,1.0426165927606534,0.2195407909035761,0.42601926135977736,0.2179034777314179,0.5660734986446742,0.679786395622374,0.3162734727017339,0.32027588335712953,1
0.081874465863897,0.35508194441466007,0.353762422851725,0.965719327023853,0.4368309453655694,0.7781006859558632,0.4584023319406895,0.7095691097454896,0.5831585198064335,0.6666054106855848,0
0.8391992566673186,0.48966147636477786,1.1312778251490843,0.32089689997117987,0.5785904009888088,0.8766018486018046,0.7808901331036803,1.4252904883037845,0.5065829421369137,0.8339304520044697,2
0.7151997598197969,1.071650590540509,0.40193132676129345,0.8351554750893738,0.7995614469705898,0.06712654891372849,0.20079118960109799,0.4605820673016831,0.7381578747037169,0.71659952909533,2
0.43348685796447795,0.23038788470302274,1.0239208874590124,0.4133566344322659,0.7055247464760317,0.3413699732676548,0.31629138755590996,0.4654993158574322,0.7336100898618242,0.5448576017166425,3
0.8815020953082819,0.3094450694619688,0.7205286555671115,0.030065972747802254,0.8925134323322568,0.018257894614275478,0.8677747046511843,0.6521989787989597,0.22077617444187614,0.7509050598560906,2
0.9100323575341864,0.8897886137924539,0.1372325143441258,0.7255117927401,0.5879297510606656,0.3587851713927036,0.8458327713201763,-0.0004596881601374274,0.33680237639752636,0.3485555036972754,2
1.0201103243447136,0.8896286548492542,0.7398179719196796,0.7191693524977182,-0.0405394482607887,0.40108723468522456,0.04393308599584926,0.7952846162581417,0.13454683327730071,0.3922894223517173,0
0.0651865328790822,0.6781697986493359,0.04590385602679178,0.2570330416724933,0.8514731775572997,0.39894293901449246,0.36387164481224893,0.35336779617018144,0.1617487508543952,0.39752357673808736,0
0.828811377776133,0.8446209710259154,0.7893908610596638,0.7809661381166001,0.9402100522088562,0.28023252441253016,0.37216877261561493,0.8035779419994422,0.3008582694056821,0.641634958504638,2
0.9671445901756093,0.21602729752948396,0.5674925526232767,0.49110139518286355,0.21349806490018075,-0.2847391010037515,0.291491249229904,0.33806670650984694,0.032126086377839036,0.4446777983016775,1
-0.052615384497779416,0.15488000547541114,0.20470782278053118,0.837476970221491,1.549317152623868,-0.03784958506595443,0.5479146894442496,0.7214794653165522,-0.07601097922859948,0.9496735720460752,0
0.4167365131599087,0.8237184903984696,0.018207859764864526,0.30840281540091635,0.6730705951568096,0.18676248856479344,0.8617923670163183,0.3676012288019798,0.6483969255346851,0.6495097268024678,3
0.316215287706223,0.8952600905853499,0.14274645406464814,0.377804958631867,0.6343780872090855,0.24807931319042942,0.8516771006884241,0.3003756163475855,0.7825752483413845,0.5895661687890162,3
0.8673583096381486,0.3566769956037533,0.8564459388723612,0.3610565974738057,0.02672058403699433,0.7078670536335324,0.3834565524359896,0.05396801217115619,0.7475238764164427,1.014722081650369,1
0.01763599183911886,0.7190310055777234,0.1169877567696857,0.1446826159892179,0.8101986839298276,0.367786984033916,0.3175764735172696,0.31227266715233176,0.10694875281371351,0.47795970408226685,0
0.5531689730729411,0.5387392778534646,1.36684048283925,1.0545510144611874,-0.17566850915082288,0.22212943014259476,0.31229416240758423,0.5564297877439682,0.6164494574271489,0.6070730404609913,2
0.18487166422717852,0.04951835761411864,0.5954179807792708,0.6269070994263541,0.18097057576927497,0.4805237439148367,1.1166409654448408,0.732008490056794,0.5911342617130417,0.4817688931418599,2
0.5443209047040929,0.8244837500975875,0.8512250757952454,0.5136606053779827,0.7586498392274459,0.8187589758748207,0.5483154736678459,0.3698550546315588,0.7374652504135264,0.44887998155547293,2
-0.009067222014531185,0.1770205575176966,0.33999612259638556,0.24349840518418836,0.9380226999240252,0.3754681642036217,0.12769802285643528,0.7450836443978914,0.9771518633683758,0.6774050875711142,3
0.3918355671843645,0.6068788249121853,0.6880519285956282,1.1253402455143628,0.043095095233287334,-0.054082257367701586,0.07733864347655131,1.0598263742459646,0.3378912887876955,0.35242306798405143,1
-0.17952400724412226,0.07436728025437832,0.22663604236506513,0.35759717922286405,0.5731169772198131,0.42156934326157547,0.25069826401281436,0.8547580470117648,1.1585010022384463,0.9570603850718185,3
0.668201783594862,0.3854803470640436,0.6801465304585834,0.801367009077171,0.6626856053283099,0.5605444448917908,0.4827126757198943,0.7147147026874109,0.6776425551091688,0.4984973810695469,2
0.962244872842615,1.1539721549224708,0.8392703714085946,0.6950560747633737,0.07214048834566147,0.7620360200208484,0.09448830546583681,0.2175035222524517,0.6049251894663088,-0.03670495506867949,3
1.048838784287159,1.0038833033552832,0.706634149259332,0.5771241482718715,0.8716004414363654,0.2094970671085337,0.38786731347420167,-0.01406920881759445,0.867136642393388,-0.04293135080465493,2
0.23627652591895457,-0.09541367956178715,-0.06359265461327035,0.8103063949715573,-0.06229440873142722,0.4403054827870603,0.7423903027416593,0.6514091511819348,0.5479668116500835,0.8699093241221656,2
0.5221842032198343,0.28663171274335725,0.7774838850690042,0.5760084688558083,1.0601568308319298,0.37754551585823315,1.0746004803100004,0.23906197739006788,0.6190519915032522,0.4871074040133263,1
0.7404367308086566,0.05999598488688681,0.7443628549043972,0.2611537354391705,0.12257553583503411,0.9875935548918187,0.21944193938764947,0.48783935570416087,0.1687449401443275,0.8630525313344671,3
0.6103927606127606,0.8764157150434424,0.8471177387317275,0.6973749425288764,0.2652440283759907,0.9652354038921831,0.12366751473288627,0.1316217087675056,0.6363870488958903,0.14083483666386049,3
0.6660627279117052,0.5041492936532231,0.6159455010000366,0.6758806854227006,0.03468276406269189,0.4916719709238087,0.738500910352935,0.554193616407391,0.528948275733179,0.0961097937790416,0
1.4247376158298637,1.2178261377697954,0.6587025842429953,1.0893770989862976,1.4368360171810628,0.2116458065369547,0.5943249518916944,-0.7236385779516034,1.2783355083326224,-0.41383591035897,2
0.02188599885867723,1.2239030265734225,0.615976976375482,0.8859773756710659,0.4885167070085503,0.3259595605323395,0.8660504281478425,0.06936548565775491,0.8575370416744542,0.6466155846566901,1
0.5518054584046997,0.7471495807824157,0.6181608132864923,-0.33580636285039134,0.42197708592865546,0.6970423019981432,0.812465694232952,0.11779020788982317,-0.07132090274630598,0.9158024942601083,0
0.5886716165406255,0.7725613557241763,0.9535910405633097,0.7093822290799815,0.3863739076717392,0.26980176404255846,0.21951897454381294,0.9077592887769073,0.7768146853161236,0.7524514799938034,0
0.4817858013895713,0.8540786547954792,0.6927776474880915,0.5717366880328781,0.4052819415281118,0.9478996453235115,0.03699858384179003,0.08719558995962093,0.6733542368464409,0.24653283241020954,3
0.466213460554278,0.8510259111775421,0.37962938733723306,0.857723121086969,0.4435733204502772,0.24214617841956848,0.7184630199126466,0.22042934335335426,0.522745331974169,0.3751902536045477,3
0.7578156207137863,0.04519575044641634,0.7472400218574361,0.2287118481528969,0.09144936546888163,0.9246786814154183,0.20164750229954614,0.49607923294568634,0.2246864072013558,0.9158860035140838,3
0.3917746495854862,0.8064937682382906,0.759641388231928,0.26954309026088685,0.24523774814224714,0.7479964513717403,0.6599594204357482,0.49150007100684895,0.4528413297557486,0.3588134459622883,3
0.05878549074071915,1.1488905793012538,0.733273891822884,0.503842438746841,0.7672185365945733,0.26165432772976005,0.7736414241999165,0.5640359981832508,0.6317873121399549,0.7113847308121968,1
0.07072102152354026,0.7838764509736695,-0.11557881702047135,1.0071824088584849,-0.03661785209709381,0.16738372490080564,0.848165042893045,0.6939938256746804,1.009316269957046,0.37698408874028666,3
0.11461320539319605,0.40425913615627485,0.4047319408641135,1.0930107149623025,0.5780359036515486,0.6933718153178582,0.45831755145914077,0.8099164793444289,0.546930943424135,0.7799706094081398,0
0.6956690149258269,1.0625780263289073,0.6936456055360917,0.70844934010933,0.2934642123474298,0.22690607892384473,-0.09470263021820718,0.5565621342049765,-0.25595612923237454,0.6776663176011749,0
0.7593861996373248,0.1505741639961844,0.3270632793639241,0.29169540101473457,0.7787061338117559,0.829076321641201,0.717091263151967,0.6096545362003809,0.8333503143784081,0.03754574030943899,2
0.29864713384362745,1.0696031453583297,0.3673201434104705,1.143531599693428,0.5336925604767858,-0.19277177280236762,-0.014767110708244761,0.7751957758593763,0.2064584258541107,1.087477828198733,1
1.1751360871508938,0.7934645035425054,0.7077898981654616,0.8324199444124462,-0.05813399132238531,0.22901625912253448,0.18422487654955277,0.8590049199994864,0.20127264399490014,0.506098183434827,0
0.31143718216132915,0.22493609134576553,0.14200473850897655,0.7146915097942792,0.5680449766210028,0.24915894563148905,0.844564433313276,0.34846176746126395,0.00541626944842355,0.6081145570572642,0
0.2899671173423652,0.0897738187410077,1.0253498650889759,0.27568895508946023,0.8756592573858901,0.27603762808704874,0.5967525881661033,0.43085352338116295,1.00578764629644,0.3625225569921957,3
0.5693688760076947,0.5904927593814643,0.8252783983996229,-0.15657753838785596,0.6078493032760585,0.7268994556515108,0.7719655388354458,0.66143078979142,0.32424575703844516,0.6485125487116974,1
1.7067917019366623,0.3210282310503528,0.7657084673760811,-0.16884974878846637,0.8175174654403625,0.9208222094071288,0.7657263686788417,-0.644113098056025,0.08762664238379847,0.1557331517554077,1
0.1438848532360022,1.0417805485654659,0.14950164831463114,0.8243625067837743,0.8830180990422025,0.14416978178112547,-0.10800300412972944,0.7350671466790921,0.1699311293349126,0.9200084765915671,1
0.21562125930883796,-0.03936448246685234,0.051714979598001726,0.989362580827599,0.20086863567870644,0.060464996018676886,0.41685360390735765,0.06732915680556106,-0.31345610437142196,0.6935051543171338,0
0.9307749611827063,0.9188545201483266,0.1747713851263266,0.7191874607385634,0.49573311918846585,0.28612781090011624,0.8029315017637064,0.12829799779279968,0.3973177912450609,0.41085913945165353,2
0.9238722024053871,0.16582958131697315,0.9803774281963249,0.2525872034910097,0.3916472325104968,0.3325911205606084,0.3914442713460696,0.5833613918734248,0.37488243059395276,0.3744290467974128,1
0.9561751137361792,0.03426366320927359,0.015597520892245087,0.5648306906833598,0.28657963827248284,-0.14699389247646244,-0.24824755664004833,0.11755821024218853,-0.010241427986413587,0.6077729424238746,3
0.6590348963158709,0.4986088097261822,0.6019923955190875,0.6823990416491097,0.05565758277259577,0.5139199364130613,0.7504132352888369,0.5342223031261022,0.5484739338554019,0.08355219494608358,0
0.8601312405684524,0.1669104897412494,0.5689351420859052,0.03921223877442581,0.7526217999921632,0.33778758721036145,0.01027338547621548,0.9680303222741817,1.3014875917972066,1.6216296915524024,2
-0.5157385274350303,0.995698000513267,0.26601537940178194,0.8625966190027327,0.6222522164400255,-0.08227364800238032,-0.46226564363385,0.9471055109606517,0.5450322075586553,1.4184576055446325,1
0.3389704234530326,0.7701824815786257,0.0172052905932204,0.45759687800775933,0.6185601610051014,0.05171369384648648,0.7709619707597193,0.43626207892960567,0.7517626979237239,0.7426761016302652,3
0.12740727132486104,0.6487643575240799,0.4273196998473938,0.47466814783835964,-0.12635619633872147,0.7869979454035925,0.6169234639733451,0.10879932482731447,0.5640079139372998,0.34565676323590666,3
1.092254926445319,0.43872653952321006,0.836084180302044,0.3961187139599761,0.12312691299091268,0.8527248185629412,0.41976034207033,-0.07854793340046173,0.6128913569220582,0.9513232851571563,1
0.11738122361779135,0.5829947406071114,0.05484312879570391,0.6267343490323718,0.6404019688384164,0.4920371599734433,0.4466381551870199,0.7930660098724562,1.0299571619252679,-0.04348210566722799,2
0.7040018575159812,0.020650356700187854,0.7304670963981557,0.2517684480328887,0.06151870494876932,0.9304231760017821,0.20131783008068005,0.46995955444587595,0.1691668434003312,0.893325884488955,3
0.432441415090449,0.8381367354251258,0.0783208748652891,0.29852070584981355,0.6737658466835799,0.19963676333099145,0.9001321022537186,0.36745072893633857,0.6915265188963713,0.6011634900862622,3
0.4442549941547985,0.8165652063185319,0.9885091544220982,0.7109194352920515,0.551443962918607,0.6051242393566656,-0.13508144337112848,0.19802945701894137,0.5827988935906927,0.09117574041781429,3
0.6791492966799867,0.4954555268629262,0.5909672150295644,0.6533858843110056,0.08753763138164523,0.5133140552963353,0.7356238753898524,0.5002139171740176,0.5852528029851378,0.08405988895887909,0
0.09973696386795347,0.9940862571600236,0.6773217694592316,0.5026624016217593,0.797294131583422,0.303318428435909,0.9459253085482688,0.3242299951107808,0.7522185023351576,0.6076949204090367,1
0.09537774669453072,0.36839259563092247,0.3625328737824975,0.9837702681452569,0.47776641966145234,0.7804998350786221,0.46214189173939885,0.7140814004533166,0.5625319314088293,0.6408300304697858,0
0.7783418911603213,0.6915674687113262,0.44097244641057315,0.7317081534179221,0.17778040229652026,0.03326545318503526,0.5204074807301009,0.17610262776998442,0.4489995983255382,0.7119624277722649,1
0.8485559101505071,0.7379575960387447,0.39330057618790226,0.7789822458677678,0.08720912991686836,-0.012353484183430137,0.41170984988305737,0.20324930893268195,0.3565670600037174,0.7660789641380504,1
0.62992927952954,0.5196688485218081,0.5710346156443581,0.6713732040747534,0.03587062499248954,0.514732025598036,0.7175748435424736,0.5355847238527351,0.5829449899190373,0.10182632875413421,0
0.5068540609051941,0.29830837079803874,1.1065589453230722,0.47527878769181375,0.774753689489516,0.18610160039923285,0.31732470136394103,0.4709866735191432,0.8393906171937322,0.7039385193500435,3
0.7853600701624285,0.19286750152870802,0.2945174053792592,0.26244873782939043,0.7863814826127158,0.9077225134437514,0.7234312976504842,0.5494454592836725,0.7968037494137211,0.09422855788315088,2
0.9896862834587017,0.17427097477205508,0.43785439712781593,0.7530595125921044,0.5530564529828772,0.7416611764402558,0.14930048844137656,1.0277376430423173,0.6988082915758709,0.3269249752729895,2
0.6440327817896843,0.35013347074796275,0.9609335142113155,0.3503989240322827,0.7800716232224963,0.31026338121351166,0.3618732206204339,0.026859143701126083,0.531119040197101,0.79808212735971,3
0.07328343273083195,0.9501079571754025,0.25782228152059616,0.9168516112873272,0.7038264454996194,0.05839789775269404,-0.006762958123348678,0.7578997181363144,0.21979744211358299,0.9212303867939317,1
0.820094312242825,0.26338891272977927,0.758683049356491,0.6521624635172675,0.5228838828041907,0.2347380868394269,0.4242671363619132,0.8434575273081373,0.08938514925419305,0.6265980772117485,1
0.6548995053325709,0.49219503394555364,0.5927141832067976,0.6809255006514048,0.057940994419959466,0.5157032250319958,0.7626664880616845,0.5310872008087947,0.5518644256659435,0.06945334454954158,0
0.9612607307223308,0.9423287132580954,0.5499185938154021,0.7230855162034242,0.7955986315496634,0.25064489886063424,0.5106359472809745,0.14092447342773884,0.9713864045947885,0.10988896709082685,2
0.7806727592164725,0.7383933716972981,0.9907556497458168,0.49045577681960223,0.3510036253987099,0.6480872548915848,0.12862941494710423,0.05149611466058965,0.752496062363273,0.0713092287721272,3
0.08869243726272583,0.09180296109061123,0.5618660926037307,0.4703167829945407,0.8015382132019209,0.39198759412769985,0.5186518835483579,0.7025505527619246,0.3562544180968111,0.1691475785054272,3
0.7106304708302588,0.27666307076154484,0.9310880231141917,0.3999042118875084,0.700945956806366,0.34111860637833497,0.37382488547383336,0.06932022490578021,0.5867710012310053,0.8312359942749807,3
0.19850663096856486,0.1801726099060559,0.5896434374875914,0.9932632475466012,0.21019917415716313,0.5347262622913588,0.3764916191158594,0.3315595602845064,0.41319683997656087,0.6715314689180892,2
0.9769473961889049,1.0008237827683932,0.6490505909764087,0.010691095558850373,0.09516002145812422,0.21687604437812985,0.028854071194668162,0.7527648992407872,0.9798891533350099,0.6977527272426386,3
0.1058307293880121,0.9781164825125699,0.38104874610310546,0.9723393042766518,0.7070754721264567,0.08083870993835207,-0.010108187162759692,0.734743847707101,0.2470618205809978,0.9163952037442019,1
0.41745931484577925,0.8210886439711552,0.05449529590734491,0.30413074831559045,0.6516249936883276,0.1707396824717148,0.8852452071003668,0.3470177779130352,0.6764298782964223,0.6238097339342618,3
1.0399985240318166,0.20352202500622507,0.4950566537794567,0.8497680778323167,0.6141050109873664,0.7822849582711038,0.26287665993634746,0.9395635553237668,0.6529697629451353,0.32597355178050447,2
-0.018243911948546646,1.2076980469724987,0.10428002140815504,0.6821672272578228,0.845299001558523,-0.23532641352443134,0.12444063366254089,1.018176182129639,0.29531251283092913,0.6734904065097468,1
0.5639120680669403,0.023608808204120195,0.4671281627154688,0.05170293518264381,0.8759278060046009,0.17431336885135543,0.5346960273163025,0.267189189059574,0.4400875411771249,0.10971210606186121,2
0.09961946923694717,0.536032456419318,0.08302000863691686,0.3434580687554243,0.6369362742950022,0.35043207268560445,0.5058399715280766,0.09196667252077634,0.37560147421245665,0.5023746349585732,0
0.6642728445093663,0.4921906912208368,0.5950290478036252,0.6821670282548913,0.0616440970829973,0.5099025046870674,0.7525151655921342,0.5323376663112221,0.5496331836141078,0.07846420238418941,0
0.5273074123609829,0.2779395947062402,1.236843064220337,0.6062356042918668,0.5993643262987017,0.22028850713034817,0.1936399165439675,0.1571474112512678,0.3049580768155094,0.1252452715660569,1
-0.031190670990954517,0.7401297737178792,0.10212936226696687,0.38415095168761015,0.815112482604752,0.2604460640738317,0.2807005020149491,0.4679576139601821,0.334641347551896,0.3383424222098284,0
0.6706808047874603,0.519579583094345,0.5897897488707358,0.6976803618983476,0.0760456250033873,0.5141510380997161,0.7657731505207476,0.512982934266232,0.5642311802195166,0.061589899678108614,0
1.183761666784668,0.2410799579301737,0.77287285430147,0.9255363959710807,0.6803471989163125,1.0198847615410296,0.08972940024612677,1.0720381666287062,0.7023669186631587,0.0634703494929316,2
-0.0698029592212048,0.28231082460821355,0.743737928024518,0.5854910621197562,0.24869910597008232,0.9856874824565487,0.22734786411896277,1.0431954954183935,0.20971806819201938,0.22342319173964859,0
0.4931684385348372,0.18967372248974348,0.9814979390793835,0.4321706418975482,0.694809875228273,0.2978228905740905,0.34167486484216164,0.4240087669075949,0.7910852215537036,0.5699272868363857,3
1.2751606886577198,0.45445864209773496,1.0391991438175234,0.14647093167630085,0.7649737256951353,0.33916460692248085,0.1206664574698379,0.871514853630817,0.9799627323941198,0.8675702836993626,1
0.06580021040596742,0.13807871200436647,0.5558481534013042,0.48038066153042264,0.8885197418318989,0.3055693270897332,0.480314017990176,0.7057737141731485,0.40003781917255804,0.1679145499000268,3
0.615389280357043,-0.013246955305043745,0.6918867851653563,0.5205066717159705,-0.1770055572536488,0.7961540352299057,0.3204135676355976,0.722119239880717,0.32900446021576385,1.0433983944925012,3
-0.09582363410604378,0.7716391139853126,0.0759747268495666,0.03247920459649645,0.7920563082830588,0.24760771021642988,0.34845664587818287,0.2437739035384447,0.09499954553350184,0.4174194937868289,0
0.30622798042694643,0.27341558211897016,-0.0012190858407858524,0.7688416038270871,0.4940942494195399,0.4358901161077071,0.6518339674405953,0.26333017045094487,-0.03777278187316509,0.6742975186900549,0
0.8495652900438037,0.023681761000010286,0.7109739087837026,0.19910887027958524,0.1460896198259304,1.05490034014396,0.27201641697846335,0.45860094730157647,0.1454768248531755,0.9013990828156504,3
0.4031242636443808,0.33194364712021124,0.884366087143951,0.6163506816429204,-0.09415909570567584,0.09297527169664106,0.6809579350956714,0.5411392567242146,0.41289641425017015,0.8919830320962763,2
0.05217712817079425,0.16009482321809426,0.5190243614583225,0.5052432598874689,0.8775482836542058,0.32917378573981654,0.5082044165070538,0.7359408637152979,0.4036694851240632,0.16182775420332574,3
0.7016964952835308,-0.02027177450907977,0.6780291168697689,0.15587947678774697,0.1785136088218424,1.0218453815516495,0.10651798679354953,0.5233789114316436,0.1238448279664749,0.8336967120288051,3
0.8364980181659301,0.2586165471879054,0.6941807233138982,0.05033329458950338,0.8999778720201208,-0.020786131379624068,0.8168653469649071,0.6272182169976549,0.20302031090783082,0.7515972417797305,2
-0.13309915979949904,-0.05334705153350941,0.7470400948936086,0.6213127066561428,0.24260690580465794,0.6570192489104765,0.9962405366043392,0.9675837784197945,0.9441834188515765,0.1595034110926816,2
0.04482093518627414,0.1530295596034667,0.4882676203454279,0.45373315742111,0.8822877412976268,0.3024869149726765,0.5534747410853779,0.77640121118367,0.35352681838006367,0.18762417197730658,3
0.48253447764517987,1.2729585124938498,0.500138212035189,1.0371185505752158,0.8943631542796,0.43066562815037734,-0.06005731694335918,0.32428829578078033,0.09209858177572874,0.8172867806067173,1
0.6815538457227487,0.36315383193418144,-0.0828681181129326,1.0178658488446242,0.36272358413052264,-0.040042077866153936,0.13996893578067127,-0.5740241743023826,0.7506503058585283,1.1626124599089622,1
0.7329718539462146,0.5108113648077278,0.7886348013820551,0.3432716421315828,0.6648469453601228,0.9120652970032832,0.34919555890179865,0.1648872494026695,0.17725883116011842,0.9178954293506416,2
0.29023745486914787,0.24052381694172562,0.11972320374931797,0.656822272553782,0.4976369882189615,0.3716744232512539,0.7065459227747606,0.34363264776714525,0.06946988126621119,0.5179043193118443,0
0.8339812121127512,0.8796733792311361,0.18446291206736173,0.8272791150901346,0.5157982961003336,0.36394718068732157,0.9567729134562484,0.021499948531377728,0.35641991749233576,0.36093108561485066,2
-0.6291308311971656,-0.5114631066662575,1.1844511185734419,-0.28439107266488695,1.3126268086328825,0.8261021146086029,-0.5144254500198293,0.37047893129915865,0.6414173631632314,0.44564327124784914,3
0.731541678287857,0.04942187234674763,0.7226363765142132,0.23382881788754514,0.10466550499312668,0.9588192649778624,0.19125252179152147,0.48139706668285803,0.20356560866232065,0.9021609421620347,3
0.7369804255431939,0.9688761537016135,0.8118612400869478,0.6549127743550928,0.33758608731949186,0.8714688429452055,0.23394668589744913,0.20565365591869705,0.5671526605316618,0.11594664589500897,3
0.9807493162857597,0.9943296954608268,0.6431760590389044,0.013258387120979584,0.08796243324371068,0.21774123606782977,0.0213825975056243,0.7494384368021583,0.9759936671342924,0.7022177632460789,3
0.7375649224049963,0.6219921849179008,0.7428884419537365,0.36286377662317554,0.6320289484310188,0.9218515234040902,0.3246927393047436,0.22320203716188586,0.25019096182346556,0.836719476865342,2
0.007943541159943397,0.6179137926566906,0.8086871554120315,0.22535864798259247,0.7355822592241283,0.6765665860302713,0.5266467206076938,0.0764570436241155,0.7825117016740022,0.018360252816206134,0
0.6518400048647726,0.10924527945361653,0.5730166279227569,0.12069856029486231,0.736279588454784,0.327899939186133,0.5617680270693354,0.2211312781676584,0.6590690756791168,0.29047699404453814,2
0.6784152440078932,0.6062263769777307,0.6053681611451149,0.4270857671874986,0.2964622635113725,0.23123650776261975,-0.059500423544611575,0.6690304092336812,0.0981378508241167,0.550333655500822,0
0.8325992403330817,0.7737364197981345,0.8190990502927122,0.8132650955200326,0.9777560606369134,0.316666013584971,0.32938124659775914,0.7856206996939363,0.2876379884693034,0.6128352838409142,2
0.4953864848269035,0.6146851906044886,0.9406505875596017,0.9780018141892068,0.14474517979178977,0.8280034675786092,-0.03813373216932109,-0.30328854192856014,0.9218988290041885,0.2916963854057122,1
0.7987243896483882,0.20655347067854232,0.3067093792796212,0.2410048011328365,0.7741403264214196,0.8929885150697671,0.7009211504516141,0.5439878440722145,0.8198454388929454,0.11140606092289163,2
0.12865220035033834,0.09137511296118367,0.6909920506327555,0.28168186475049006,-0.008562284610516002,0.3874647619065794,0.5525964319436757,0.4647412072623408,0.5209195186769339,0.2951500078283171,0
0.04467599519326662,0.16445697254244643,0.5147516841548696,0.49187356765169266,0.8891350745215361,0.34706234491484356,0.49776793415087006,0.7351044711336157,0.39105651175128286,0.16103760449449372,3
0.9563790270144624,0.8889973332893422,0.009946011948643918,0.792113976849414,0.511585696333836,0.3917087171067849,0.8880452306290899,0.04527400730080926,0.3617874409866574,0.3609234330174363,2
0.9623184190401028,1.0058228293403761,0.6489875141019344,0.016805857467040903,0.10262206566894225,0.2255294184925954,0.03460400215620249,0.7576826374783958,0.9806291680219558,0.6974980102983139,3
0.012143566350345,0.6140040942554404,0.8148645067548664,0.2261947210943018,0.7301200612186316,0.6790432329752923,0.5303865424743731,0.0829986392442932,0.7774507782905798,0.017833051876936065,0
0.4250158701874807,0.8284519025764441,0.06259498980328634,0.2924460795294213,0.6421364721123799,0.17007633287293253,0.8743948082977043,0.3380107077128009,0.6816636481707562,0.6325898015137197,3
0.6456555247049871,0.5018506577857251,0.6063931251433708,0.6751124167626568,0.05398615064753099,0.5261995499366977,0.7659472919743872,0.5540926147751283,0.5278986533617122,0.05688288809508056,0
0.659876393327827,0.49874112924467184,0.5975523248463281,0.6804475626623202,0.056151152820078105,0.5101904046936695,0.7471964121795219,0.5328076469770094,0.5500307982834202,0.08234321308974424,0
0.9703844659467942,0.27142991603231703,0.6780333128506559,0.7257618315081715,0.6265700800409043,0.6437112918538616,0.20192958333522168,0.8347022732762136,0.5655490318195856,0.1182979221194067,2
0.04536666260471446,0.01368946968071081,0.7540429505681218,0.3163628100257885,0.01093158932821561,0.3622441671870268,0.6119520527718181,0.47556763589772977,0.5356173856656693,0.23711522951105526,0
0.33267113200831605,1.1605123101388781,0.7379852780964262,0.5966373512077959,0.9601163975729986,0.1411694224934863,0.7715912409896923,0.38094898930896276,0.5235923062388437,0.7608626995357131,1
0.5093440576948866,0.49637102727359567,0.48222446194038004,0.4717173752255968,0.9897268482242695,0.3124169709724658,1.0329080372137478,0.5044706061599983,0.22299323095580084,0.14002796348882243,1
0.5501894113673942,0.792564950827241,0.05308977264491553,0.16123433379239108,0.5926104685706508,0.2161821349852392,0.8099130428847432,0.13019763380463525,0.5994379647266855,0.553441691726031,3
-0.019380655664189256,0.14512222332985675,0.32390372753862084,0.20116183010428404,0.710579719185779,0.2718582511668063,-0.1997316817456465,0.7508020171177847,1.1456783779597797,0.6011841154448989,3
0.7108610149684943,0.2571253386016732,0.9231684473848457,0.37814422594106617,0.6917418334460652,0.3711913813774915,0.33215210228028447,0.02692586087178481,0.5421705812735813,0.7870666204016673,3
0.6627699766733804,0.4962489273829565,0.5977053829897178,0.6834348129929587,0.05872971635056875,0.5133397144115074,0.7470838742932603,0.5333830195036441,0.5490694906952414,0.07870728576689892,0
0.5113956803620856,0.0034338298479825724,0.6144809091668055,0.028283982991787304,0.9102439400738958,0.14692675245109843,0.637716105710735,0.05883341028203912,0.7042825336154928,0.19757398099622095,2
0.8080806480617004,0.5793018766956299,0.7720666931523635,0.38699700301973383,0.6307221701807311,0.9420625108702632,0.2943138834286916,0.15491071836249054,0.19067143391262928,0.8656133347319136,2
0.4683829607099877,0.8840044362266399,0.025546626176081718,0.28830502014641646,0.6036145001732347,0.18049152986747186,0.9419520134489433,0.3184708343276586,0.660909793820416,0.698841974975526,3
1.2860872517800939,0.009444158607428935,0.5782662239127616,0.6194850404886882,0.8478536745213121,-0.026699128773782055,0.7586347399531006,-0.028974200940417694,0.38357625855658084,0.8306375218038398,1
0.4392052030294215,0.5276775623394176,0.6183614673454514,1.4981174833573627,0.8254928547539013,0.8738902753200085,-0.08729688731471918,0.9677220291875258,0.5514601716710253,0.8242128601605256,0
0.04392365766065905,0.9192959727319743,0.2947131146501588,0.8808485047744254,0.7480865316579992,0.0776168277612743,0.02693912601079195,0.7168766341799032,0.2245383095238534,0.9644014573800544,1
0.13492843362289209,1.061542216097395,0.8752103196650423,0.36198455386554734,0.7701224693553854,0.845788059262929,-0.3454175195398602,0.2699494867236625,0.6344034726554026,0.49947789214376065,3
0.9264713889347058,0.9101346326840335,0.13788020057605738,0.6766906751446875,0.648066166291469,0.3924297211757135,0.7407578028035161,0.10893749075619172,0.37457204389564935,0.1786216513829798,2
0.9017121006779174,0.3142543868437097,0.7537305063943742,0.0032492933031596574,0.9209556466711495,0.03978877149951013,0.8532040388939616,0.6492772267706386,0.2546343522876188,0.7781185098282575,2
0.9790438074563427,1.01143286807056,0.6581801671900617,0.0036778884122720614,0.08780502636215133,0.22636971654152244,0.018428043911554365,0.7596189443130488,0.9891235266381415,0.6856903962749898,3
0.008474555885040903,0.920593259703656,0.6403802549931776,0.7480923807971263,1.098851156529289,0.16163422735617666,-0.22274292469810159,0.9325825279793557,0.4268441478441376,1.093877732887122,1
0.6559750513083265,0.49690904566161564,0.5992059191285338,0.6817213874067325,0.052292421425332344,0.51750458461589,0.7444431352962361,0.5381326943493396,0.5533203716395726,0.08051252914757105,0
0.9113242773800683,0.8903488199427476,0.08356901544720584,0.7879578903417763,0.5770988668592528,0.29763187558672777,0.8924085522593156,0.053929399425928615,0.26326319012794974,0.3453613880563082,2
0.8111765133787232,0.5968300591705804,0.7703076510007054,0.3707000802194418,0.649317057290521,0.9412498050081789,0.2922699778905711,0.1692520844245012,0.19762328407636967,0.8530653586332538,2
0.013092241339596054,0.6135389588076943,0.8126566234883683,0.22664503065857838,0.7283601518497228,0.6802096074985446,0.5314723623129345,0.08184718846922742,0.7782626190772308,0.01822644888521692,0
0.8150756594185298,0.5766223959775431,0.7839589799253511,0.38383737590030964,0.6358781187732219,0.9453557136201198,0.30088881395946737,0.15637946979967418,0.19065823350582925,0.850550511768614,2
0.652869575659595,0.11201438276680754,0.12281519334309454,0.9940039887724051,0.7877084039306718,0.27266326560611653,0.04345272636774639,0.4672313915317342,0.5288903968890987,0.4688551362543509,3
0.8814932152369955,0.32341060523637866,0.7291015747725828,0.024994829013767754,0.877383278034414,0.019151691960578494,0.8730645891248422,0.6479267519728453,0.23625974192218838,0.7662826735100204,2
0.7932961694095012,0.5748780549795722,0.7782985879349631,0.378443564681082,0.6384817059584781,0.9279692188451155,0.29214210241014754,0.16336240829912904,0.1937799541548169,0.8615517268124919,2
0.7757427149413495,-0.10945492021862266,0.458271344257417,-0.01918264390885449,0.842296669122213,0.41969099501090834,0.5907264586028933,0.2972235638263796,0.6110155243406055,0.2530571675929052,2
0.6383548670441965,0.09035825487679591,0.6294505348503704,0.15923190566827086,0.7376692931641402,0.3422507623645015,0.5196720854096971,0.1755072672043127,0.6589565229376588,0.23045184810541183,2
1.182791343116788,0.6922508940543926,0.5482733428970596,0.03673454842508095,0.7471268293333702,1.1944100517812846,-0.39176165803708773,0.8342396185724833,0.5781602628350421,-0.5623688178699541,3
0.8800566979111978,0.9376268742262025,0.11986226634888543,0.7689877533130577,0.5987130840567614,0.27303189564963265,0.9298736854646372,0.06452340892420975,0.26613828343302537,0.2926739221418296,2
0.01251530998497679,0.6138756913741611,0.8141134274214579,0.22698472369871317,0.7298877410643516,0.6787494719482573,0.5312859114424838,0.08193941707131742,0.7784950195206545,0.018564016798291408,0
0.9977766387353489,1.0537845005554731,0.6891085003473469,0.6948835934842053,0.855944284699891,0.18607854800565185,0.524277309428729,0.09293615869991048,0.9544260871924828,-0.019853192740962665,2
0.8966823052400702,0.2614325045279763,0.4928794356887496,1.2681095177213328,-0.07909496244321015,0.328506164867934,0.27558662756991664,0.8325351981061866,0.05335459848516035,0.47186709093399254,1
0.9392824877130431,0.0869557803389423,0.848579369393207,0.016787768765038846,0.48831864325924007,1.0402004462525345,0.3012826727223826,-0.3047172142208292,0.6795213260499976,1.2626282115942522,1
0.7873442734077927,0.5828444694534747,0.794834118470386,0.37532498665629294,0.6468282819002649,0.9277286527151325,0.3047474996034284,0.1491837832665363,0.21302673500953445,0.8451396097072449,2
1.062627551609904,0.6034053463314945,0.4377939481036994,0.41489732862521483,0.7563376167360596,0.28073976663064215,0.780240299349283,0.4105981668131812,0.4188894858498182,0.8815800138422717,3
0.686600773687411,0.2473873607116104,0.9218567227678992,0.33546307109331186,0.7296842882004202,0.4024863227708084,0.3470999698431672,-0.008862111181935473,0.5641526147429111,0.8324956071487564,3
0.1100022654266859,0.2640366835624882,1.4378518538805576,0.6264547043445503,0.3512271833136419,1.1846363842137946,0.05366055190418928,0.8582002938653739,0.9898986331519878,-0.32651781081371434,1
0.8571550820759818,-0.033327007297188765,0.531084828418104,0.28822839019399105,0.30570865583978457,0.23402618412565543,-0.05635595782148564,-0.4949150864635208,0.5026738555572019,1.0165120260775569,3
-0.008701400143676544,0.1157686380167576,0.42856621970435665,0.25391501098395036,0.6814300362615656,0.5789658232268946,-0.03159544910760397,0.8484236301997717,0.9890341351680159,0.8164469958401689,3
0.05443730046383423,0.1524794064833006,0.5267374581942609,0.49507988771144035,0.8781860444388455,0.3391971176056493,0.5123184225142018,0.737208115187109,0.400307082990564,0.15733239715175645,3
0.6061548782442429,0.3825139005155065,0.7313397333345529,0.5323728976353509,0.21997542015356314,0.1262644560752629,0.7921645880133166,1.0128076017905243,0.7971305964379325,1.0105665410377707,2
0.9982695964196698,0.729480352150803,0.31884546353952675,0.739218360819898,-0.06210527749506259,-0.2202611422701124,0.27241258392343015,0.38693704339090684,0.5629612870496561,0.46901775459961526,1
0.1292848114812461,0.5815640805200859,0.7656691970244364,0.049364670577766015,0.7975033809877876,0.33258889113526424,0.7220481985847526,0.6844119927782483,0.1906905527655144,0.24251377352462716,1
-0.36064420040521794,0.6865492644990293,1.1205572478369894,1.4063353952029438,0.446919161805529,-0.17980907020088976,-0.08811373411826862,1.414565347978925,0.37766460731232554,-0.28771492437689383,3
-0.13069479314488933,0.641675604446969,0.059444402688716855,0.38946395053939226,0.9745744072985058,0.23333134391501942,0.3491172061134298,0.32937317460309706,0.3312513057530545,0.43725931976887844,0
0.8852599430291231,0.8787644906183975,0.123318230371413,0.7587833773970311,0.5578868011036082,0.34893819853949637,0.8898827759692876,0.006492403937436662,0.29937888884450603,0.2969825442021847,2
-0.10040793268963011,0.5299901921793624,1.2269785508141826,1.0662420551183693,-0.07615890728825599,0.09356873615321218,1.033304002764376,0.5288025855612759,0.25687965796650003,0.841734571624839,2
-0.03566489899467498,0.49034516020204005,0.23386137424060702,0.03672248916437612,0.8945158270365411,0.5609598703908292,0.19406017351878857,0.5363173882199903,0.20136787526377198,0.4803926532444923,0
0.720111298235615,0.07644598706862654,0.705197583339304,0.20191562342173908,0.08210504320043935,0.9418381368682711,0.21425493154609657,0.5103223508294155,0.18755924470921578,0.9235520011596938,3
0.9277107216424824,0.8246488671131371,0.6506695164993788,0.4904250506075936,0.6697837500845087,0.2973429342742977,0.41816430850224234,-0.042669936276902506,1.0717926133940217,0.0974169725418799,2
0.7306266226096161,-0.08237133001492414,1.5732186693503665,-0.06407408123447372,1.009672936811167,1.2855362372828651,0.6318068382727451,0.3009296208249846,0.9420162693244862,0.9178291347160525,1
0.5415650837158115,0.2460077613709088,0.4041943022431523,0.06944719238520192,0.17621629053594043,0.1874302317278623,0.565783853584736,-0.03760280981102645,0.6879294376165498,0.3345230059049318,0
-0.024077062790811163,0.8508100698600413,1.0459151022095,0.634230605014066,0.8259589584982078,0.8107173919747102,-0.24564422101717487,0.1793186494775898,0.16548669985598208,0.5825051592420072,1
0.9254560696725119,0.2721054401978598,0.7622960003756054,0.07310195786756271,0.9356533932930112,0.05005677082512559,0.8491640215458297,0.6768249769480119,0.18553094612336837,0.7631828639112016,2
0.5353392438368829,0.28108391273077044,0.35762576836381516,0.05305050749675451,0.21115507289846522,0.2212223036263066,0.5802904150125723,-0.06278589868864849,0.6610731456600171,0.34790873973690234,0
0.3245900648407898,0.08067504004581044,0.4569834225156348,0.8646163486580198,0.4194486123775769,0.8631035048523985,0.6368555220961146,1.0200676518443499,0.8461334284809883,0.5311757536527304,0
0.12436351178197777,0.547528431313471,0.5304024626708717,0.4593064413376813,0.3349657571409646,0.6672203235940888,0.5934725234661203,0.6266488299912008,0.5427863112081492,0.23332163830750913,3
0.7732950678996273,0.22618157266521238,0.2754983125713325,0.2508419390581016,0.7654144844292865,0.9504562404610708,0.6883760265527007,0.5217070149235462,0.8034059544255665,0.08433374521688565,2
0.7899328201417574,0.5538290083012312,0.7618295797245435,0.3689582285259592,0.605258923300892,0.9560644053970628,0.2954375451370142,0.17401929831760682,0.18468083597852877,0.8701852568977234,2
0.22170376587080443,0.691391045906894,-0.326245800589548,1.2626642785829691,-0.11077693774551642,0.6244411023494061,1.28263224794119,0.39361287914277765,0.2450724573470182,0.31270373580503036,3
0.046596855742287016,1.0310014802459673,0.6600331252872585,0.470466070552222,0.7121754875185832,0.13843502193644416,0.9913154033544055,0.49490370631444924,0.7092521863330954,0.8017610416644372,1
0.87810398550096,0.30978468316631114,0.7303260837761149,0.028662122781575122,0.8804083503692187,0.02783861170231993,0.8770622920603328,0.6753356476082633,0.23275417515335062,0.7672786378549441,2
0.6501631097676484,0.5135180476712127,0.5828544815618233,0.6898367090283496,0.06445964569420343,0.5254135559989163,0.7386032416004449,0.5370240655659018,0.5281510956841277,0.07439288694579763,0
0.5017062674440413,0.8191432698015222,0.8838349523197083,0.48685340914793424,0.7612144258226231,0.8178408065795834,0.5336457096731304,0.35804554955531803,0.7427424350076052,0.459442655900444,2
0.7523318948955173,0.07541171209715475,0.7899418400063314,0.2149146698924759,0.11203720620044885,1.0097504678075055,0.1548091493460006,0.4622651520780469,0.16955999671305372,0.95538394087407,3
0.7772599221726469,0.04947289166313108,0.6691708710545732,0.1833287819909185,0.5335222701223019,0.2732281695760763,0.4519972467944718,0.2855414087224889,0.6706305949281477,0.2630235620289474,1
0.8899867735153291,0.27126962515853864,0.6763075074821339,0.07140731240169443,0.8789572133607563,0.05009324627627883,0.8892268519939277,0.688420075531873,0.23454024422331143,0.715812587761967,2
0.6413715320074964,0.056432513366562645,0.6082901200185833,0.1440563412834599,0.7419158146601814,0.3180475421855444,0.5330729637679383,0.20373238815872238,0.6204557936714045,0.2559395129395065,2
1.2752747739565873,1.0608884395741656,0.4621611639068084,0.7700568154303067,-0.12828918094031927,-0.4371479283201535,0.8886056325453024,-0.12150881953334314,-0.028142084223553576,1.1658797157229928,1
0.6774907771262668,0.2040251468912265,0.9971361635303365,0.32586665288172,0.7515009901323285,0.4407345945979246,0.32099752743787885,0.10972032694296999,0.5761043244448456,0.6991933193904575,3
0.7650520395464815,0.9042595250469099,0.8406987083653067,0.8612408768415926,0.8355897670362041,0.3845995066583766,0.24549240715372156,0.8245270693168801,0.4345145943706438,0.518075398640938,2
0.021367968888691725,0.3052456088047307,-0.23721504628844048,0.19015243450355285,1.2766818589797893,0.7947953107381504,0.5221897115555343,-0.0017322504187860521,0.14951079876452308,0.605284393992318,0
0.7282706630920821,0.05145374633562227,0.7398303737454816,0.23599771887289547,0.0916546151139227,0.9552787463540349,0.18562878931920537,0.4913649052898893,0.20151680351006282,0.8863830565208424,3
0.494172503366452,0.6751398101936655,0.9482981019408763,0.44961581315818794,0.807180096810194,0.7603530736349906,0.6900204620909124,0.3819306998314079,0.8478513893452896,0.5470508013708083,2
0.640225380984494,0.48131231144868847,0.5816459580049413,0.7037283450356692,0.045176741988627755,0.5022032978266231,0.7867887211584399,0.5224388180078722,0.5066608210670368,0.11553786964993679,0
0.128215230507846,0.02926015908280133,0.2725375316295602,0.7680492041019892,-0.09501534151851859,0.6298469760057079,0.5735942211455383,0.9950582274561797,0.3035130310671483,0.8658109037996788,2
0.013918213167482775,0.6148949738114247,0.8156956669708191,0.22627483733290293,0.7288569761018732,0.6778941990679228,0.5323821959806175,0.08258884128800838,0.7773290984096454,0.016697380237021116,0
0.40449939354037096,0.5993754330185068,0.37226028261956895,0.3140686539169404,0.07635528172079403,0.49805924739485447,0.18804676331177891,0.9574567000101142,0.016515124044453794,0.29579312652392686,2
0.7820197594396627,0.6334108719445961,0.8166747603222678,0.4105068132129883,0.6098585577622689,0.8928788074421438,0.306940842371015,0.1815727717851703,0.14804851241024602,0.9054367078831812,2
0.4696764018667152,0.8058432938362864,0.02359612788783697,0.23980843682292305,0.5739203880265265,0.22105535586345434,0.9842867215802215,0.26225110348062486,0.7496639628413694,0.5485659126245002,3
0.19300233821680318,1.0747210157521043,-0.3794968440440919,1.2727430813854963,-0.6015448458779963,0.007490556468829124,0.6428931395873779,0.08492066161634382,0.3423011627581593,-0.006322265836858576,3
0.6330471243380811,0.5292311954361015,0.6312667573553816,0.7040310451513979,0.056851881604057554,0.5437154298102087,0.7488576262986708,0.5580916992421603,0.5848054570277618,0.0685020979960488,0
0.9629511314058512,0.9574005014710064,0.6733153278054355,0.737219308781066,0.7097917267427503,0.2608487347501747,0.4896744276288273,0.13120644435240156,0.9993942220163541,-0.016186735847327043,2
0.0399590874910728,0.16447022898170027,0.5431066278267549,0.48659937093595007,0.8773319060895588,0.3424066094638466,0.4976307579035754,0.7437684473245947,0.37976791930969456,0.17254853466751696,3
0.7613650688791258,0.8556827232107375,0.04210654298107937,0.7826536943754919,0.6230332444459761,0.2378094613695847,0.9100489916940688,0.06556691497822865,0.26496341541844043,0.2833880201339605,2
0.10273189198332619,0.8617301687751332,0.6710862522107687,0.6567683015894693,0.887561203259899,0.1693210181659448,0.8249438659563586,0.22672518781392895,0.7161151064503458,0.6902864924713762,1
0.1414226713236398,0.539044193225978,0.4175061707791928,0.8533910913877427,0.3297932155664678,0.7336680859091679,0.6599818854290596,0.8705039946074842,0.7103481069262717,0.6122715619906138,0
0.1942394240447759,1.1571894346159761,0.4326246907537381,0.7425101595810499,0.7785986882172826,0.5016591462794173,1.0794803206751165,0.6143955891895314,0.4461806911707574,0.7115539519110115,1
0.011950897790244743,0.6139871012519901,0.8133923182272255,0.22617517652381314,0.7298420681287094,0.6793289545618941,0.5319684647695333,0.08138630417748828,0.7789964502851963,0.0178602810510993,0
0.8905440422536571,0.9129417770533204,0.1071043213297791,0.7801501724023263,0.5541370138222824,0.33671570951000795,0.899279139582753,0.008807496859023697,0.2917416328573836,0.29341656999766935,2
0.8234805889088888,0.8394484734392391,0.7756105867639269,0.8010747402297221,0.905113871055589,0.2709258321698513,0.3735090397986524,0.7940014683530167,0.3203406809775323,0.6173239288123316,2
0.8901032525114358,-0.14338777059532315,0.6266832252158968,-0.08461139490217381,0.8010306923590162,-0.004616718322444147,0.6277507433047694,0.29876711901222974,0.8454119121066975,0.1773391066187348,2
0.5707445565233993,0.9637977352142082,0.618428648051348,1.1370412626755784,0.9912406787345707,0.5663566205475747,0.11866592272855297,0.5463863220040497,0.48495398265879186,0.833372795627074,2
0.25591779801972614,0.19892587410573395,0.7447526596809624,0.7072766741951012,-0.5007421515234094,0.35649341330340156,0.5937639383017943,0.9742103150695478,-0.2275796210352985,0.2618675658575671,2
0.4352982334482995,0.7933609434312543,0.06318048688340418,0.28351982853831664,0.6826755724072405,0.18002506328473938,0.8544374114567189,0.3972611634682807,0.6698978611835844,0.6380013925062477,3
1.040914913545055,0.06814539741550477,0.18963160311395372,0.6121655515538049,0.04906572549874905,0.5076619548698149,0.07169350175056119,-0.2499439412267258,0.4372962416998551,0.8622308831689061,3
0.4901472989406491,-0.30904475119396235,0.9116571168610409,0.40189519961186415,0.2242052158073512,1.1209771016929482,-0.3043000984311499,1.3883113234853188,0.2712637679693956,-0.22835841225183506,2
0.7367798063311618,0.07056077856866852,0.7809479874620513,0.18958759937656205,0.07988387696578506,0.9983966369975339,0.22961052451638653,0.4906172902627968,0.2438830547153613,0.9173583869098719,3
0.694151136746307,0.2407114858609996,0.9320707172217925,0.40241384181504236,0.6811042618861516,0.36283808984318716,0.3100627768979442,0.04763842681658384,0.5243522303113981,0.8007897940957492,3
0.22469820102632723,0.24718515671352462,0.05517268029304531,0.6541002424931137,0.6235116776995708,0.45497281653868016,0.922004113787782,0.10028524818668569,-0.023720394007451878,0.6019636262094951,0
0.0139641475936008,0.6142693849985656,0.8141006088580539,0.22561938274648702,0.7294405536940443,0.6772906859007499,0.5326007351504632,0.0817658530880033,0.7779076562433078,0.020411239135892077,0
0.05904689136428115,0.07744543089736233,0.47281902286144173,0.47834314682212087,0.8775970285509151,0.3997888138319252,0.46161514076297555,0.7929888167924435,0.4274367284255442,0.23717309681309517,3
0.5434384750986366,0.7985338247854992,0.9009559705295493,0.46625428448135997,0.7423181583433601,0.8601893107371008,0.5564576699311172,0.39602100380055966,0.7482320886255207,0.5035773900854916,2
0.3192842589713519,0.527502356681619,0.3660303976777436,0.31487236200447516,0.03365600509848385,0.49584709114607656,0.15088712356511833,0.9960890164646371,0.08467653386764021,0.3693856461645248,2
1.1322557450012227,0.10464062141834318,0.4643798676336637,0.82182597374157,0.9193763648910445,0.7651040045669179,0.045863391473760534,0.599167274698001,0.6572812680972816,0.40863152652321805,2
0.8950701182015249,0.9038859537469555,0.11311119584084355,0.7591427865631346,0.5668948033148126,0.3313426587096166,0.8920460237679813,0.00519598010726321,0.31179732640759017,0.29458651785006285,2
0.09425941836161404,0.17939065899193568,0.9982347509133469,0.5558957590369269,-0.2965554995005851,0.17528403198472817,0.7350042896970201,0.22663332268130726,0.22282191005692958,-0.02481788368193344,0
1.3852776718452497,1.1463873889727183,0.19362604723468546,0.671417643292514,0.06558971277983884,-0.04300265940206116,0.7077062454165465,0.9720621006784875,0.20689441651901438,0.5190050842565995,0
-0.5920408809116019,-0.5732136051570696,0.9228345300669314,0.9694256097299836,1.2210072637621316,1.1075374748565103,1.698999322164711,0.9226691094807217,0.12886399399873316,0.5466361254723375,2
0.6977072958522336,0.2821838228848578,0.9650504895187919,0.36715099055852785,0.7118945551286796,0.3798989273487419,0.31443712290120135,0.03190108050953015,0.5514573957743311,0.8164787583377465,3
1.0255338379812495,0.12023434150183494,0.43678489734232995,0.8275591505178994,0.5196521405814488,0.7631122363891674,0.3445098369824028,0.7927642252687959,0.46436516502516156,0.2783925826186792,2
0.21765451754269555,0.447350412542861,0.9585056093098997,0.6765859359646837,-0.01306913761025777,0.18485660382069027,0.7280463542852257,0.5679295894685378,0.34924155352291275,0.8356533583895974,2
0.07742590702550331,0.9813338057963733,0.7132496113119098,0.5640649285852786,0.8386437583248204,0.27502002046052415,0.8768771045306158,0.41787918827714815,0.6632204563840851,0.63781303765786,1
0.678526807438142,0.2160998426612757,0.8698014531348411,0.3489281685676056,0.6595690139177691,0.32641334683309914,0.311341247376547,-0.014724370176391832,0.5102684812873329,0.7360483891218967,3
0.4972949890974177,0.20181169589168388,0.9991265495504505,0.4194698101156669,0.6900540462701644,0.29302324913482075,0.33689596775941094,0.4169892665264356,0.7769760125438995,0.5659896014099206,3
0.8026258979135398,0.8526828546075583,0.7075126725047516,0.8425223533244753,0.9245695931044141,0.27510654599596446,0.3307504730771689,0.862795106248345,0.34830249067988767,0.6699459804308806,2
0.7979732525753441,0.8502571234162977,0.6661344564945821,0.867111156440592,0.8387801243549541,0.34814564851539004,0.32236892154485225,0.7465646599957847,0.20548129637072807,0.5375211562195124,2
0.8703889508628135,0.8786405928511758,0.10703378157154035,0.7910721361064126,0.5270866557701884,0.28764241912303495,0.8673093611167244,0.05333222508661173,0.2670373333278628,0.2728037120167786,2
0.7380892074399971,0.024541698872286355,0.3883351466981706,0.7483162096120738,0.1739532473738176,0.27238587692059446,0.6462073587437309,0.09908267394594505,0.6823417650759412,0.7196269555618368,2
0.7584998968597461,-0.011895582516612685,0.8573140532440676,0.22337083367418098,0.36816249121262745,0.3358578534798669,0.24250259937116686,0.7918680185518285,0.46432192716133935,0.5129702290569432,1
0.9491383472438168,0.8602439338246799,0.5687634601795036,0.3409073692300983,0.6234147806585485,-0.031288500822618914,0.5571546060301998,-0.23338062552575106,0.9403500202980306,0.2853220411133543,2
0.5469004566984202,0.7714247092774104,0.8499991514791414,0.5136075782911307,0.7824267129167191,0.8004482195602524,0.5045616648605245,0.32775374392327683,0.7639417906317202,0.43336431143063037,2
0.6787614288942729,0.01795402366710344,0.7928622009401688,0.1874582116884988,0.12148531013092367,0.9626622817239824,0.2118758526634962,0.4354079059616394,0.21293763099457977,0.87272116070815,3
0.6091149180760713,0.24951817829606032,0.4525071765502807,0.04016955537111724,0.25914796750816366,0.3409051466269618,0.5885017418546038,0.09792146677433883,0.4602570245847055,0.6135170511855114,0
0.062123694008355726,0.15397686714414635,0.49920995096245685,0.5183885987195245,0.8595469725466804,0.3485879535475578,0.5076230849734484,0.7238091226496514,0.3837881769953041,0.18437442848149535,3
0.42044383006891906,0.8104964764180211,0.04801131589855792,0.3031573298358998,0.6580649882578191,0.18811015053721428,0.8899696862766647,0.32843674544036444,0.6708363521198298,0.6368830669240794,3
0.8804921987491733,0.31114503963024037,0.7199516533894198,0.0298421148797591,0.89530536477782,0.01085364279766072,0.8644551311230676,0.6638774849153305,0.22093444723204894,0.7598377048517282,2
0.01733288510115938,0.6114911612944991,0.8163889076239518,0.22976664688264387,0.7339301362767707,0.68034396054843,0.5325280938644957,0.08144679583953354,0.7802590324565049,0.022107977640636732,0
0.2661535100110468,0.21421104035972902,1.0923363373775896,0.6411870624827207,-0.05506078295032194,0.3413883522497331,1.0215463058147498,0.9036165085392603,0.260368920770604,0.5165579258780282,2
1.1122736363760004,0.528659697395897,0.7611357009315187,0.3234353200844057,0.06623446560905794,0.9312115778031308,0.3205140842597758,-0.18381810386401276,0.8033173032998011,1.1809571905765581,1
0.7490808043092902,0.1540558854310741,0.5296363857983863,0.08868638749963591,0.7968815671846698,0.16577672505270794,0.37543146439651087,-0.0037151241930560297,0.7126151349918692,0.4174057080846872,2
0.75148593201564,-0.05084324787815955,0.6829427796773687,0.30041180651157307,-0.01942213241254888,0.9210843479895658,0.25616513505696986,0.568876656752652,0.28216836177505156,0.8727198137814111,3
0.8134066005367614,0.5717181452175035,0.7750055526438333,0.36226065601855073,0.6210698388855721,0.915040143234565,0.2966848320000948,0.15718928947542482,0.20436620541712555,0.834637133023318,2
0.7478347488075561,0.8732423465993976,0.7618759772917321,0.6957718490932525,0.33700093512384954,0.7269903503587458,0.3538833344554134,0.3791217842759639,0.3476244437120176,-0.03802585631255734,3
0.8731258494058337,0.30674047333231286,0.7152967598879738,0.039826384634182914,0.8961731939416039,0.009072271527990353,0.8701441651070076,0.6590206859507649,0.22365968878676187,0.763800446610174,2
0.3205640374352322,0.8391690533826877,0.08195038902277191,0.4113575656799913,0.5700059835538501,0.2576206580655447,0.7934125725357201,0.2549917013492147,0.7543759747987551,0.5368681976665355,3
0.01440827361634748,0.6158806010404055,0.8150366241689633,0.22702415620345506,0.727702780435554,0.6798913934704686,0.5339667100613913,0.08060116746403485,0.7810522994338871,0.015711102051554928,0
0.6817591302258789,0.0687914884728297,0.775411369609196,0.2906934162457937,0.04969653352890544,0.9501545628268515,0.17666426273580424,0.44799150606691557,0.17608337061219329,0.9498217614810529,3
0.6393548716876103,0.11159740003277276,0.5920134669635395,0.15865171047205567,0.6981904056511457,0.27925060848626704,0.5708800090968973,0.2506751616139409,0.7150964632168032,0.3220116092651354,2
0.2521715361944646,0.8883274822231011,0.7583282234912356,0.430481677189454,0.7255325016572693,0.09013360455132288,0.7829840369943866,0.3646828130769393,0.6282378179768975,0.8156458818403036,1
0.06756014824009988,0.15592724105327235,0.5381266465259584,0.48193996334335726,0.8716750328535312,0.3277190609863437,0.5131716591548287,0.7440043546572586,0.39890260299071706,0.16688565779890693,3
-0.012405140064808307,0.6824841013198218,0.022492978964705306,0.16543333531392035,0.8019789470085701,0.5293620849760051,0.4551330901210299,0.37438340194258446,0.028021757659673352,0.3181993019159606,0
-0.011141434997121488,0.24326529370792543,0.5305568852779606,0.9890003565665401,0.3636426098075947,0.6489695831832011,0.4184945534789636,0.6047761472714077,0.5667705909159869,0.5503291642740711,0
0.04971588282266114,0.8820530335172526,0.3609310908589907,0.8320088277439812,0.8275851913234373,0.09635097624527247,0.07270791703728488,0.7955908601690382,0.26439358869202756,0.9466888837311358,1
0.8713467601637683,0.31366399401911205,0.7118739728778603,0.030879272688540887,0.8917413432248484,0.01762587321658286,0.8738903840045387,0.6622647560962156,0.22283790896697694,0.76169627161908,2
0.8341768779524741,0.8192545403812415,0.7609957285201279,0.8065665980004142,0.9171723510182505,0.2580912384896261,0.3661273974626115,0.7995819314024611,0.3244195419346152,0.6167185490646518,2
0.2417886744231507,0.23557710120773828,1.075559217609143,0.6124225927240997,-0.07453835059038112,0.31407505923967394,0.9006858540573933,0.44170435476395264,0.24403803039871214,0.8486079372057324,2
0.055566842693043426,0.1558209974764445,0.5251355637071089,0.4970871787432256,0.8793266537933719,0.33987220494439835,0.5109875344793843,0.7384521213440715,0.4001660665025995,0.15993804204871434,3
0.8490118149962198,1.0074814859290027,1.003379099639578,0.6870859214367788,0.7077235108722306,0.398856299500373,0.4618805940219548,0.7153013552415364,0.2609778300066712,0.5762045035943633,2
0.6471213421298809,-0.03861274317301616,0.8462319852122794,0.05709317596182868,0.8182684279048119,0.33255225398283983,0.7492722549803328,0.05900207643294994,0.7724009525375467,0.2653762610346232,2
0.2577992792190539,0.9604143825295013,0.6470115366650281,0.5355485394484241,0.808477959080576,0.2511280128072515,0.9690608328838499,0.4947891664726365,0.7742721069123988,0.6953577473103925,1
0.8475961634071822,0.884236027370322,0.15928235194636717,0.7473521550926115,0.5322550348695487,0.3448135864422541,0.9155084686334689,0.051689219927728174,0.35422716832184287,0.2624659093951181,2
0.06090155221641229,0.6792407549406448,0.047893262793950474,0.25092351950940806,0.8526273319245954,0.39519520036345196,0.36184734550291303,0.3508722740367702,0.16575045483556616,0.40009591402343286,0
0.005394971383856806,0.5552798710962872,0.921459001103456,-0.31296444132389767,0.23418843102649123,0.35471646865131007,1.1498230118486126,0.36660580546913885,0.2355056949021237,-0.17867859890242654,3
0.34976211073921626,0.26197334257074617,0.12209480702499173,0.6386634897770438,0.5752326910328234,0.31332215025200705,0.7306066999004528,0.31487198150124196,0.03792486993827303,0.6124116320848948,0
0.05740808228759399,0.9072802913427811,0.3373614722842217,0.8883503708346695,0.7610857186239021,0.098977427686205,0.02765643703277059,0.695131080453624,0.23607803051672774,0.9409810084717256,1
0.09443295871305524,0.3584449030031425,0.3576633067906193,0.9950489492933442,0.46878858566819726,0.782661282601659,0.4689802810179936,0.7240047061601377,0.5566095758995846,0.6403157129457524,0
0.06176239102553618,0.15252910608410744,0.5343947813359728,0.5070345025440427,0.8907973159815405,0.32673103361549233,0.5228687099009169,0.7404728644719873,0.396385362360842,0.16618896942276337,3
0.013270656225815719,-0.03976436168017773,0.6194953498365486,0.399589351263767,0.05116334013079059,0.5384762854674141,0.6031808143866831,0.49681534482332157,0.4118888710943262,0.3622504394864641,0
0.9718581736875187,0.983069576889494,0.5970643093828081,0.6196695807186141,0.7796332670220031,0.27716908333343143,0.5009062830904759,0.07292707226995424,0.9459086843992301,0.022674142023508703,2
0.11450360863379681,0.06949440093559418,0.7359196789617461,0.3554999903317682,0.010759659420139218,0.3619691122676764,0.6550384116124046,0.475515579502669,0.5844807084737228,0.2823680387270994,0
0.7945672576323084,0.943644866422807,-0.5639161503519539,0.45161876365790865,0.15191794796645275,0.505729144414663,0.11548920201218238,-0.3205950796575986,1.365855490042323,0.5022319500785606,3
0.8683816744217111,0.6903280910528459,0.46068963905194377,0.7622378371085152,0.11794485088854069,0.10675780483867243,0.4805252419343907,0.13510513093940885,0.44222920535251814,0.7354383560436424,1
0.01065113289584969,0.6110216386806426,0.8191669998936543,0.2243672553370195,0.7244814417077717,0.6858599817654423,0.5349381484234337,0.07789170021515203,0.7801953584509963,0.024956493439888962,0
0.013704176897430864,0.10747896275221541,0.5957346181130303,1.434551513442333,-0.7626736445721208,1.1941009343240183,0.1458506546355377,0.5053620135382763,1.1268411112852479,1.367614368022258,3
1.290947219010303,-0.26795640072668747,0.10100083849031755,0.10763886850974713,0.38645086120814637,-0.08179790174229465,0.006467204577542449,-0.24596113159681982,0.47786763132469967,0.72981433506171,3
0.21449199583929726,0.5473411938208497,-0.03848489458231272,0.2142246050805456,0.8910270098134934,0.46557313100980025,0.207800717762631,0.18437820066008978,0.21736805918857496,0.43557753245479336,0
0.5367405647747376,0.8527700183533201,0.8949412832116662,0.4968139722790262,0.7873578291375426,0.8068127578251532,0.5680642400176774,0.3842353536906069,0.761351127742503,0.45246538366516753,2
1.1667900543284055,-0.4149632642262626,0.6985577453730557,0.7290265834760825,0.8922035602543015,0.4786862055640131,0.40792977694716004,0.7225193607830366,0.004146813756912171,0.49718308334149075,1
0.2812951511357286,0.13365601035023167,0.9109370264502962,0.5052773603723495,0.5056796914605115,0.4802134233818265,0.4576589133878093,0.5881734914423888,0.6191121771454132,0.5196105231776148,3
0.269089837943443,1.1217798835057238,0.4872484706110676,0.9573320337086646,0.9317022187832611,0.17458738718073075,-0.14773578409113913,0.6664646050317922,-0.0119474570923091,0.8386109218646165,1
0.3664885206418485,0.20983403065644615,0.09157333783233884,0.6864102898477472,0.5361341652119029,0.3264488667307758,0.7692921110590525,0.32194686672639633,0.05642144898863887,0.6029457721282764,0
0.9686092816672647,1.0141817683086123,0.8101431972121202,1.008407972688732,0.874933396880837,0.14848297895766455,0.14538555167462774,0.6611734521387015,0.29416550658162055,0.795834813497295,2
0.8456296682673732,0.27729691501723264,0.011061710174847056,0.6334516714368895,0.039060923518203956,0.23767115128455416,0.6022545622261775,0.20024612693848445,0.6260636295197829,0.3981189085294692,3
0.0288604455636914,0.14458948365585064,0.5583006799186078,0.49954842793641113,0.8999958675997862,0.34836910647585323,0.49354748792629866,0.7495447625246917,0.42815193643317834,0.1719611595265564,3
0.5022883180297315,0.8239534538983291,0.8774455383382155,0.48225606999843745,0.7590878590929733,0.8143847088088197,0.5467129973806144,0.3693498375998671,0.7455926214846846,0.4677740089186958,2
1.0585718199053562,-0.03744429852009937,0.8843665104397811,0.28224736173102205,0.5133228435656856,0.5509397556273802,0.550968515028966,0.432605026834753,0.34729546567151315,0.44466855529955374,1
0.6636926310477618,0.5027067230455431,0.6037727803228208,0.6814479876758331,0.04630279622678779,0.5192730484078424,0.7452503875733276,0.528824733397503,0.5470154684211312,0.08562270057253643,0
0.4112362276616021,0.6791681909743617,0.8885395411270768,0.7342304721990747,1.153072155368148,0.5131747029588183,0.6247022815033123,0.4392279852042422,0.3484393499772633,0.6152675539054728,1
0.8013091720394044,0.5931296308027406,0.7796108476118854,0.37510322685595765,0.63248710959864,0.9290047896613678,0.2788413828844388,0.1682775799144437,0.19181601275463922,0.8595716952197091,2
0.8028241595577563,0.055006964253064373,0.8110749915985039,0.4631190473442009,-0.07772901957048181,0.7175185620416211,0.2618433473836387,0.7596274566085818,0.4634136036260336,1.0680826931039824,3
0.012940565207157695,0.6125511751729764,0.8132704258456153,0.22660617332549196,0.7299246609605491,0.6773274851596288,0.5298343415631385,0.08248036706991864,0.7774020314084744,0.02000390677199998,0
1.008449997677351,0.08981530125476561,0.5050127968120135,0.8709659540789509,0.6879611099978933,0.8981683109939937,0.27198419561169335,0.9094809343912779,0.7042071917207835,0.2104453981268978,2
0.06639875331508234,1.0069101154308715,0.68534371311954,0.7119451314332368,0.6868110210830773,-0.2244667357709872,0.171406417912307,0.42768650727590934,-0.18948429074220924,0.959789572972417,1
0.03343385096433353,0.9540865932089043,0.31284101776696627,0.838221693536147,0.7530986392938186,0.05576982405355087,-0.01731576584719259,0.8064779391814171,0.3348796562349197,0.8741460703891613,1
0.7113710419091497,0.8712785575603402,0.695482770827653,0.6845649799031682,0.9871440051251049,0.34017530600248347,0.30943121216940167,0.7293023497927753,0.34574774708660705,0.6735765767212464,2
0.9261077424998425,0.9139777306499263,0.12336113849788968,0.7930819264655511,0.5606179996534227,0.3139562448840015,0.8965172944846178,0.0013411369769709865,0.29663354944063636,0.31929890766518687,2
0.19917430724693772,0.34688201772098687,0.8588543293473042,0.71324409846757,0.10069704217196516,0.134928432900707,0.8601912091022117,0.6016232061548793,0.4286600204569541,0.8917782994248217,2
-0.27030762536614306,0.8097726412975694,0.7163077108168422,0.4243086898845691,0.2189754198085714,-0.18873188776513894,0.2524849542611858,0.6453098747167665,0.36697067439546993,0.9277113580231505,2
0.637497271181821,0.335085795407373,-0.1861499260392268,1.149358537116461,0.7987898856824018,0.0863410111216682,-0.2774644585103445,0.5377545600033834,0.8163691957744036,0.6900861087405169,3
0.7650035147415335,0.18669683931085052,0.292094886293569,0.2637137268710037,0.794968349519757,0.8961419939263514,0.7275943551512141,0.5491106071989978,0.8178188858447277,0.12308077133945383,2
0.012556862997495396,0.613836934190475,0.814180635574912,0.22696624948014135,0.7299232847523491,0.6787404683416307,0.5311089479438595,0.08207321623419872,0.7786447893630646,0.018827033196409205,0
1.0356622719696207,0.13525757191959176,0.6245796113313783,0.9257491789901378,0.7347958507424295,0.910799594059146,0.21645866230443972,0.9053939049745973,0.6282945128094598,0.24420298037784463,2
1.5139988517686542,-0.25080384985503484,0.45218652411398397,0.3390910130151246,1.0146986258349977,0.7379367022059098,0.7079902303218468,0.6072130728639641,0.8960750516637283,0.8615111744243313,1
0.9811304908353473,1.0192599882657005,0.6639061548971973,0.02648430859654773,0.11105122002292077,0.18941344414017594,0.002343363859302859,0.7604409974499041,0.9901950945165497,0.7224980379217596,3
0.011500243793805322,0.06309859766522802,0.4852874123829642,0.2633298017955665,0.8240821000569268,0.4161609526894236,0.011171741024981493,0.7107686631373428,0.9426454364367478,0.7966078895546684,3
1.225009734451846,0.9306381387430743,0.46570061084801806,0.5440212911800892,-0.15653721078740565,0.5815092470293726,0.14100582464833286,0.5883956489054436,-0.16550542686584416,0.5996427127220971,0
0.949210523471515,0.7591249232939202,0.23613053547076387,0.6119554479561219,0.41203440525376045,0.23185897499865404,0.305459052292239,0.4701777653483682,0.5897621127795051,0.9497253204864962,1
0.6646003660014226,0.4985271701901239,0.5963346753822536,0.6794389048764956,0.06374782645660182,0.5050590009605525,0.7520840833512442,0.5271850345627969,0.5576886665552282,0.0829766216982861,0
0.6209256613013672,0.9806162004222199,0.6311869590932062,0.7607830918062115,0.9198272189378439,0.44010711264441094,0.39284067913874815,0.9412596286971167,0.5637691726552782,0.8471199432055931,2
0.8251075020721426,0.28627375278008166,0.7957059354829901,0.1375471244513902,0.358841838154174,0.8319157337938483,0.6264964379772532,0.2432077968497122,0.7596601098749954,1.1423200328356666,1
0.8224148179805499,1.039238111454261,0.551268875227801,0.6720558765637824,0.5073421180664374,0.8084197696305034,0.22381560735393352,-0.04243710845440293,0.33150086569311554,0.2455451196781179,3
0.7798994683392734,0.16089052722470562,0.2799105113649865,0.2382304661536156,0.7717548192282707,0.9288808056299673,0.7600411566224294,0.5376964520325133,0.7811462792448579,0.061560223045594074,2
0.9198285327100931,0.8874657974337784,0.12398267522664055,0.7777204579518096,0.5757606983894317,0.34095281204705635,0.9009414317954982,0.008927178247320668,0.30815301539466927,0.30927591563265494,2
0.23242437217188805,0.6332007744322636,0.2640174033145824,0.8461345735628817,0.19730097881279945,0.9066851121769897,0.48268220629114844,0.950880783625327,0.2767250035693636,0.512737087619396,0
0.421396068418916,0.838805185646896,0.08364949065468898,0.269726977547308,0.6725055478181742,0.2264969328234787,0.8616911026699622,0.3776419204403909,0.6828337464973933,0.6574157663081298,3
0.06361712077013712,0.6803541921501216,0.05126079590302132,0.25376559747804855,0.8469053432553006,0.39275848705402866,0.36913051517243034,0.34581851044425516,0.17367384402439873,0.40465315169249694,0
0.034013119820694396,0.14814514743327425,0.4986706393626652,0.46903942060533155,0.8517218539183323,0.3595066394298488,0.534193231405928,0.724269043537885,0.3861448848187033,0.16558522300325804,3
0.6809891051424042,-0.013358949437165035,0.7976574272853094,0.23236875199408336,0.013375760943918638,0.8875998184154898,0.22133400549069426,0.5115932389541289,0.13842012938757703,0.8464930002503457,3
0.5001896285240608,-0.16182115039255224,-0.10563757415402664,0.8038333298314435,1.066688911443619,0.09339254447935214,-0.01351903613082859,0.5404942639448158,0.779180844112452,0.36918236305541907,3
0.04432992971894737,0.15110711043638694,0.521464091077655,0.5051740979154211,0.8873911100399179,0.34926766575837187,0.5184651905264092,0.7251559562667647,0.3884825842244638,0.15660204664874178,3
0.6574906727873508,0.4836187700874367,0.5820163276897954,0.6583293485857632,0.08502695797378021,0.5331995842794693,0.7322082819482041,0.5078300255437881,0.5635173375920484,0.08415325183771964,0
0.7326607364168902,0.020444841733886096,0.8790419419250834,0.22446159167046248,0.00328069670520538,1.1397773171886798,0.17985728382975158,0.47987245388956246,0.29034230750451184,0.8057964810676478,3
0.8278641667585379,0.5725689628914707,0.7515175275440876,0.4015864477643677,0.6243628025533015,0.9488438221052293,0.3237728251184049,0.1236468426628736,0.19028437665069114,0.8375919228602696,2
0.6562351186341328,0.495412294824382,0.5954749115813304,0.678972265929775,0.05087595012482562,0.5152837462321409,0.743240298948957,0.5392378503662374,0.5567381877688001,0.07803723932468656,0
1.1051015070527868,0.17867795698536196,0.735214978812439,0.25254383327342766,0.6240848776459802,0.28008959903655084,0.469682588432589,0.67837506906383,0.2664334056931124,0.245581573549842,1
0.5097163035231047,0.7905204245308262,0.6273071242069569,0.5813842471377093,-0.20466421681897792,0.06950125950312444,0.7364262972273785,0.29971515433543394,0.2683103889909481,1.0478108207518195,2
0.3537454397494084,0.2564384784760265,0.541874544217903,1.109724263463515,0.25709342093238047,0.11251607097774148,1.0529902620100606,0.7965769577893757,0.21431634519184528,0.4498775735853918,2
0.991959716265705,0.7854157340684432,0.8086276221588233,0.6363184380679914,0.06450247380598464,0.4670021228868426,0.11184960555185611,0.6939438517745838,0.02717443261087476,0.4584245984377451,0
0.8520017497071964,0.6061713658960242,0.519653393858009,0.7873759058976106,0.08958640950421402,0.09515931704616361,0.44489642727970957,0.19436213202199681,0.3691484632610141,0.6575007864081709,1
0.8629413641759117,0.5380536953338984,0.5557139276941574,0.6411275659017088,0.11037257897836403,0.9716577449550654,0.4687089735863208,0.2943595653741444,0.6120521064613353,1.2626917173137904,1
0.7846374621397736,0.1931495964118859,0.2964920278035295,0.26375697411014515,0.7869547248678035,0.9078754288094056,0.7238430085944472,0.5488942228071827,0.7956411043712213,0.09257868280879901,2
0.15251225705565546,0.9371638056858178,0.7441942785621659,0.5496092473400552,0.8420055440243637,0.22957516950967202,0.9303514794575822,0.3223608408807623,0.6227616393256762,0.7048295612025197,1
-0.21474628201187057,0.4916554169999503,0.3335454684102205,0.6999076666842656,0.47552892688373954,0.6375103635312835,0.36635531375017805,0.9238494400970233,0.3438117524022719,1.0121612087582292,0
0.49893263677928024,0.2558796268907584,0.5361617471692479,0.7000074087532636,0.34883029428588563,0.7747691379361087,0.8050956038998907,0.5760267431571944,0.47403806622108446,0.712598866928468,2
0.03800648155543218,0.7869961859586178,0.45380233234119527,0.6161824070813992,0.4019588563305872,0.6900807899260392,1.1269138164975958,0.4182255484698816,0.6057834145180715,0.5316085001066295,2
0.5426556933616118,1.0018816074239578,0.8793773503678245,0.747533300103412,0.22492927712301053,0.760275432872944,0.14247501525450004,0.38891039046077436,0.4131328506245747,0.06678152732287662,3
0.18448276293816732,0.8070572086647209,0.8891183037528203,0.5871217398488967,0.7332171309229719,0.03109540187898377,0.9095985049061093,0.5107118961124569,0.6601440679220599,0.495856343083758,1
0.7793860438147365,0.036891743090756574,-0.19847654270889314,0.9366892131592917,0.8840399779744658,0.005901027398349884,0.28035828475604035,0.9095506508388389,0.8253381664719797,0.2000241155289077,3
0.708400895361119,0.5294543231217573,0.5902213092184538,0.7113182710016743,0.08536524452312237,0.5096478899044136,0.7121763363101843,0.5467587328830495,0.5311712902422231,0.06030127541002379,0
0.0377535004548408,0.1324761989219647,0.506427629996725,0.48863884783273187,0.8572022829839687,0.3330950813633622,0.5273317307226466,0.7379190282293365,0.40500240749894256,0.14600821626837476,3
0.9642906970572077,1.0001674523354176,0.6453266434747474,-0.00041737860649687306,0.09742817254875871,0.21970236683477,0.034004268902402775,0.7502087327611229,0.9827273903855955,0.7045868710826259,3
0.028885870769313544,0.5509913797454358,0.1731021915972047,0.11854460217490856,0.5237503409569616,0.6348165627466398,0.0864968272743612,0.4817028276702345,0.255070051557081,0.2197313014368849,2
0.8394873074614984,0.44495530461575183,0.2553675233671682,0.5772872062797381,-0.2543221930763526,-0.27285795295572624,0.2795986734767326,0.37415721690467774,0.6915906186468409,0.9770431567721723,1
0.2481649746696839,0.9488246311489192,0.7423575082541336,0.5476049733053733,0.8333230085510515,0.29764206622476563,0.9864378628017999,0.47416349277596903,0.6156062436840071,0.5694122641460994,1
0.4844188869235119,0.8676333889496409,0.12479534812714717,0.33671656808215555,0.6575212045465911,0.1569239573647338,0.8677665572657266,0.3951638972289406,0.7058228087790955,0.6528822383022695,3
0.1712979327644285,-0.037655413508175015,0.7422157046432112,0.3108456399585393,1.018442107776652,0.4283949500787027,0.06180034952129758,0.5607111401950503,1.0763396072167866,0.5465905142347671,3
0.7613035257501916,0.09628874359268375,0.7717176017422751,0.20179954314304502,0.1596196623904192,0.9107154142561522,0.24750660835786173,0.47632182051268424,0.1426584698199492,0.930551413421423,3
0.7520040675319667,0.05854747904636391,0.7364651837611507,0.23549690409146148,0.08069891456250798,0.9811564200329267,0.1878456946325586,0.47453470214274407,0.20909227710979172,0.884335947356081,3
0.6461422351946395,0.06853314400019936,0.7380821276095066,0.21554851656723184,0.05605885228756261,0.8598415386122487,0.066430014476295,0.555237839298957,0.15693384743635788,0.7509927982514264,3
0.035648649556159956,0.8875095985236956,0.8440958883912603,0.41098307049239896,0.9337731103449999,0.24251470900841815,0.8775147968316745,0.2571787704069512,0.739028459537655,0.5717429298427263,1
1.2498168307027875,-0.2437046454819614,0.619798965960618,-0.03634691201309792,0.013638627461806718,0.6865953995820634,-0.24827609123159994,-0.46940762567945227,0.7030104913085296,0.3917772610541169,3
0.7291687679005519,0.9934035084341495,0.8148342387563383,0.6430958009732946,0.3202331692253487,0.8877935318475056,0.21259950740881778,0.1967562909322842,0.5641269379597491,0.09224239128822553,3
0.8750356707330601,0.32159638274518826,0.7057858748593069,0.03270903779646895,0.882626209144886,0.012301500899201784,0.8787115480582197,0.6683363457000138,0.22520744240556623,0.7658223971072762,2
0.5940740547908171,0.8352537044323165,0.9445102847148207,0.6970254504317144,0.4272998339596183,0.2705526194173413,0.1953261445209869,0.9215131904965996,0.7475740815568631,0.7714911525992177,0
0.39779494084126493,0.2967060973401437,0.5764330948413869,0.22866791037045253,-0.009062795055650885,0.16961493902993285,0.4045312507492102,0.05212844471836355,0.5738891654936651,0.5390286086384909,0
0.43901555458457303,0.7770885111135902,0.016365356238489018,0.30881802685103615,0.6137133761242178,0.21825383082365718,0.8741123545926603,0.35628331517658124,0.7040260433285362,0.6497442760284236,3
0.7230386581984256,0.4196120962735166,1.307685871624637,0.7128371886734375,-0.3102541837268489,1.2567012380832239,-0.557803610454802,0.30939547379157034,1.3138644789942016,0.10522992109583007,1
0.7830575250450065,0.19708735801286817,0.2818633867364907,0.25078153312231166,0.7814928270156678,0.9070049708491784,0.7346638132096169,0.558311911985618,0.7977212414875477,0.07827878919088847,2
0.6636134735789647,0.5051149659619303,0.6025307599140961,0.688983385608399,0.06088871904916361,0.5182310375028268,0.7411373764591477,0.5401954018537438,0.5447242490106475,0.08872744605226673,0
-0.0655785603632518,0.20410036505171325,0.3310973294966282,0.20206328480657518,0.8228474167568682,0.4217210350851014,-0.09466946803026265,0.8095992276052559,0.8845500790863061,0.8666288681313299,3
0.013792039166369442,0.61577341651576,0.8160183277426861,0.22512553439037006,0.7318285645036371,0.6770483241064592,0.5288752775657553,0.08223324919377833,0.7762539803469594,0.016969064431046985,0
1.3568157929726619,0.533501010685464,1.101097786749316,0.9243603444109479,-0.49893480389697664,0.9924195546844577,0.5266427992727118,-0.10043910823268415,0.6712585755712228,0.7769513682689083,1
0.8682054646786082,0.3099549144550224,0.7449691331137963,0.009137730326461497,0.8613895596956307,0.0089604084378158,0.8657952781391255,0.672014287303926,0.244303468849878,0.7506709676842914,2
0.07153971356677921,0.7021637107539829,0.5238171911670384,0.4318438702979768,0.7032052917681314,0.7980186401064852,0.5975586937212225,0.7905355310876812,0.4476805734848529,0.4497716419787878,1
0.7989336355095578,0.592508556064334,0.785414617906318,0.38274027723056714,0.6232652924754967,0.9199644584331867,0.2801535489991242,0.14362333869557112,0.21327125065865582,0.8575309920027754,2
0.5297687702053733,-0.24694160625456452,-0.36047226232694796,1.5426385319122606,1.2234768398701221,0.38754506917992093,0.9307708481575667,0.9295258223360034,1.529802428630954,0.6792264936323804,0
0.63468852186099,0.8670557088341265,0.8344070771220168,0.773202921815385,0.21852990592844246,0.7544161175077896,0.17237006369627245,0.24475437328594957,0.4579966896198911,0.1325666058168584,3
0.7832461819476831,-0.1429238321403334,0.8996666457803384,0.30945659003004167,0.06352750071016869,0.6124247949338859,-0.012603672695773754,0.5656670413962305,-0.032681188733935496,0.9058925568213225,3
-0.011860105498427309,0.6609074936610938,1.1609259589220615,0.6647694700876676,-0.23564759679186587,-0.011584635095300333,0.8303218301938704,0.3204626377659934,0.5240116319552479,0.588081183437014,2
0.8817412804388595,0.8824906048214275,0.14893512130659792,0.7968941941869672,0.5147389035217019,0.36076436825300656,0.8558403005656514,-0.0006251075672359212,0.27974406584138206,0.28435327696283313,2
0.998000076684735,0.9783247308917323,0.4249148121319685,0.3670920720200299,-0.11148509018538638,0.44033180852182424,0.3847057530544347,0.5147681826906434,0.7111956048533228,0.8536222763593168,1
0.5024333979655101,0.8577111406614676,0.8934928018044246,0.4719961482512935,0.8188175655830596,0.7594581442391116,0.49747335606969517,0.4193314120617464,0.704484723034677,0.4992593209554717,2
-0.05309971314867534,-0.05968864530133888,-0.09565679858242074,1.0324224463627811,1.672779573726247,-0.1663158667464334,0.0519299874074617,0.3230290812382631,0.5066879757892631,0.20047385518229824,3
0.825722439552591,0.5482753084331311,0.7634050812642442,0.3510489821349811,0.6564984018461866,0.9742097623399043,0.31774788142619736,0.18644126787070314,0.20305428298191702,0.862350102981375,2
0.4608280771598465,0.17863858891468273,0.9520321860259654,0.40311079199391864,0.6600610779440229,0.2807196652914836,0.37798519683549703,0.3679334264200201,0.7442814975521306,0.5497303392107699,3
0.05989223717057601,-0.23664399459399654,0.7304714261638912,1.392627836017398,0.5927976120821363,-0.3073200310806893,0.19986183161758098,0.7723666166877406,0.8946668783342003,0.8150772099400428,2
1.1974796374365024,0.10979390902684014,1.0980515235241604,0.22413312685316766,0.22073113329421673,0.24997701005483564,0.2250359139715354,0.5312386741833419,0.48927219476545664,0.2947243032500969,1
0.6081298316254935,0.560325487411272,0.29776896655711915,0.2903485010072536,0.8208083068567653,0.3368096573378859,0.3710085394891175,0.06904044333571327,0.23470077736249578,0.20339455526733544,2
1.3569798899714567,-0.05253616004464717,0.6642006950145716,0.6496177430956418,0.41474568165970377,0.4977911486704071,0.5838693354410115,0.7332120219504658,-0.2858611745523487,-0.300901751751221,1
0.6211047065461852,0.22525896029999315,1.05945129134482,0.6441049956201782,0.05132501641318221,0.2276403829065679,0.1656599478007867,0.44704773951254906,0.4430301962199184,0.3460803641987843,1
0.7991862264749773,0.5581234030172939,0.7874208791454905,0.3699431200679455,0.6149369449604127,0.9187063497489134,0.2877655644668549,0.13639077810753425,0.21079824615694373,0.8407755299127803,2
0.8579836500788572,0.859107977729508,0.1618592434752724,0.7952867222182828,0.5025726378961195,0.39937136842024895,0.8628263550874685,-0.03779045966799034,0.23851762463635956,0.34074719760621264,2
0.3720601066614071,0.9269290315837586,0.40695589079926275,0.4288280858454001,0.9492763905888524,0.041502643618860136,1.000928395372692,0.4957366103790032,0.6777908260826996,0.6268368635849605,1
0.7977250329270089,0.5843210490119658,0.7761663981543308,0.3758640524856535,0.6477481688666905,0.9390651804699732,0.28125564771317574,0.15510604626855967,0.19377591703522756,0.8626778632760866,2
0.7021683004953908,0.1548270259805755,1.0135270887927164,0.29319912141391147,0.931177737366632,-0.02020288307164053,0.15675703808959604,0.11860205756335734,0.8414807552166276,0.8422971405088328,3
0.6545558123613094,0.4954721361762523,0.610571375333308,0.6837945300604702,0.05036402901720083,0.49955273418515755,0.7568824750087414,0.533856482308918,0.5604339328390412,0.08382782402871132,0
0.3273552637757897,-0.2605406412001077,1.032509267574457,0.8748134007191376,0.802386386885366,1.288030997571861,1.030784935040644,1.0560957664926014,0.07153967961549879,0.14059284892362042,2
0.1937967745735291,0.09911855249090343,0.724905931954946,0.8558657864104162,0.24938325368172976,0.49558492054400904,0.6240983749125596,0.6683963103885391,0.3950447884891556,0.6367270240446755,2
0.37229898132494643,0.8727470150406226,0.08769644706703375,0.3062765345673175,0.6875217221080945,0.1407603375211689,0.8531492812555815,0.2949234287625386,0.7183771745936602,0.6398561858978453,3
0.8558542654060348,0.5457254479506995,-0.6497282563908571,-0.16143467268200906,0.8421965891350545,0.33448555154444987,0.22527283726142758,1.5540694760444262,0.5052391542652241,1.4256262223783966,1
0.8227720011711254,0.5820128141988921,0.7815414275039524,0.42307237207129245,0.6116228558877171,0.9388330605604854,0.34021573188428755,0.17230875714274943,0.19693209436054007,0.843839762866744,2
0.7935975222376733,0.5891457080698232,0.7763725456646545,0.3780546298477709,0.6432502563082538,0.9478962156512046,0.28716222943519987,0.15501873258090634,0.19924296269983777,0.8568996725925381,2
0.8896595652704993,0.05833809156303359,0.8590700791470076,0.4104523202238744,0.34244144613870586,0.34366860820704,0.573491483413649,0.5106052667795337,0.3942905316323534,0.4244266646610764,1
0.12258428663581368,0.7073501913960669,0.8512483036844524,0.0703670762714422,0.7600122220031327,0.39186588918513027,0.5716096471259682,0.5144387626913538,0.08373281198126767,0.3194151739321968,1
0.06058536461600497,0.7877483053372761,0.004554173052911122,0.17727459641673105,0.7892964570282353,0.28965554932632914,0.4554354753897468,0.30564996508386233,0.2730973741540169,0.4470352086126639,0
0.5872398732749613,0.03564925104383656,0.5421863036705831,0.14984219642825128,0.7948819572566546,0.36939662312369703,0.4821160216113034,0.25269259990182863,0.6639752610496295,0.2921137465157689,2
0.20237836642086351,-0.021280657281979615,-0.1334155861798365,0.5251491934189959,0.577347003111985,0.08713470666647746,0.8711793259732957,0.2241183612364015,-0.19930790392290937,0.5007964781730888,0
-0.20498769893711088,0.8337733638822915,-0.1781851710563717,-0.21053911710443923,0.3932459264032797,0.06384996177681151,0.07999685261647432,0.3171683556486876,0.37784547346130426,0.31694389936710754,0
0.6371830347993049,0.47217939635713646,0.5988036349239112,0.6990618111988028,0.05834945869862794,0.4942162567900869,0.7325203309175441,0.5304929493876083,0.5701791787751387,0.07037891838973703,0
0.01160868123239754,0.6149113485277418,0.8133765559353268,0.22673253979082197,0.7297952174849973,0.6790785962049182,0.5310193326952098,0.08101141677816288,0.7784299850693879,0.019718142087191914,0
1.122591910224648,0.32578513209387794,-0.002069349539848317,1.256493866353026,0.6810845866471082,-0.145355057263171,-0.34069630473743656,0.9263784838816415,0.18738099246676404,0.7102987626436155,3
0.6074855254851925,0.44631814036088835,0.6378448235649139,0.7284968789833012,0.04188926120618113,0.5200363626175113,0.6989209320114553,0.5393238955053408,0.496984117197513,0.08584424505197813,0
0.9902980442681363,0.4694772813252285,0.7218902386045314,0.35355795379525906,0.10839043222195957,0.8818007885918069,0.4531923817371007,-0.011123582593987682,0.6518196272291276,1.0170922340177795,1
0.7553936804849618,0.7225233198482665,0.8662219964632843,0.7313648487922895,1.0109152879117542,0.253165531253005,0.3753375765637315,0.731777916550894,0.3914104856600694,0.6740191355516603,2
0.4485331321952688,0.7693296428183386,0.06566236480485352,0.3583253152403768,0.6897892616410934,0.22869473678867916,0.8771648785280256,0.3393943162457487,0.674638557722505,0.5743207214673914,3
0.10841971339051354,1.0107184495019665,0.3286418261764521,0.8465000476528606,0.7052873543513161,0.018222528886560112,-0.013270840785603748,0.6259269914158853,0.26508003947116643,0.9339572543441297,1
0.7673014923046224,-0.300235708827784,0.015736478102885948,0.9002043833259099,1.09798551081577,0.37457099522438975,-0.17134313366009296,0.5009475901801537,0.6965038089146768,0.03325609370798649,3
0.9308209132448975,0.6853274890966972,0.8732454488628488,0.510454279617373,-0.018474140613545714,0.6980235285368005,0.2657907948424567,-0.2392775509304837,0.9079467501982728,0.9562768032201654,1
0.4746414057596942,0.7884132645695016,0.07323231485631064,0.3031996465482184,0.8564454415790024,0.3133955830202685,0.6363120617372305,0.4597677050857028,0.8515264488382037,0.6690026208859607,3
0.22593716116679632,0.3160170111363856,1.0577819768274563,0.5847797512153402,-0.05336067137515769,0.27537029802464147,0.8693432816151256,0.5844874205093664,0.5338838617184329,0.8747901284203939,2
0.4564725434750756,0.999202702440789,0.7776642381895669,0.09130166893079394,0.13193563097419547,0.7031265363795951,0.43892357955586403,0.4201437474415617,0.2330825050137771,0.5604368888221369,3
0.6684795801079911,0.19076610902019311,0.6464463749641954,0.39219385780958516,0.03017625339298033,0.9850479521948999,0.1985256823031478,0.5076191490819781,0.27315336344649127,0.8337762775201768,3
0.547112781068451,0.8460104098499643,0.888270988647439,0.47723176406835727,0.7902593244273638,0.7869562708817841,0.527690634573288,0.32230050521692716,0.7044824765608041,0.450856573050243,2
0.9275458056949756,0.9557710578633877,0.02910928079434863,0.7095499074704927,0.47616540318139855,0.37424122763893036,0.9562723708570352,-0.06514252493334458,0.25533438799441777,0.3454692361337056,2
1.015202243462673,0.3084454092489395,0.7429222223010157,0.15311944159085783,0.6552397477572092,0.38726860398283314,0.3430146942629558,0.4495027961067687,0.6265857520959082,0.44528599733117474,1
0.039484610353623856,0.14443457139385482,0.535521192259961,0.49014675389504214,0.8830165617681397,0.36838209646800213,0.5154687552556042,0.7142867321746947,0.37128420402520695,0.12146177451367304,3
0.2384463825985054,0.43596403586080623,0.7978615764009586,0.8539918358628419,-0.09183954034110317,0.26535482160210455,0.8112311247118558,0.6579900640725277,0.3474331250134803,0.8387883363315103,2
0.012769080969905113,0.6138025932330066,0.812937964275289,0.2300092569942753,0.7319182814452897,0.6802895489640636,0.528806930240005,0.08165654035412917,0.7787076713948722,0.01970619097208575,0
1.1791938619641171,-0.08671324336509892,0.6377879288107976,0.5569646899184248,0.33949515515585604,0.7467901223640416,0.6382791118990764,0.9030282154353603,0.22565895609920641,0.7083904839607835,1
1.1043417857382825,0.3101071037603343,0.8710257805303431,0.23941941335904474,-0.09473606611970903,0.7715396163521864,0.37508279212767554,-0.0722936022167026,0.8806930977951437,0.8894988625104109,1
0.3317256263720158,0.36527908347850235,0.08927313335718036,0.8626121658226905,0.6170329364570644,0.40685825106638523,0.7281499559632854,0.3577590866457059,0.010060195539083959,0.4766249163829266,0
0.7319273204525816,0.020733419747114373,0.5290502959113051,0.7346088423130346,0.9580697076578091,0.877765909918373,0.3353373889495757,1.212209160327491,0.8022934825957113,0.46938536797167685,2
0.9746312121613496,1.0047474750048933,0.6445424496452336,0.007298659284340462,0.1029755611941702,0.2101933497466938,0.03295145462758022,0.7614219706651256,0.9743318394804841,0.693333494836378,3
0.8015957885572488,0.8235449944596869,0.788742615881755,0.8063238954418293,0.9058759293776354,0.2798195333814104,0.3929747324810834,0.7716778126082683,0.3474250642347557,0.6000413020435338,2
0.755911957702844,1.0237966343671423,0.7503637629723585,0.6907143515170874,0.2951305957146245,0.8330571412824406,0.22701933259391616,0.11284177530489,0.6060355104982901,0.13410224951092814,3
1.1232765300480836,0.6436911611691467,0.9168793167912859,0.4168494433624493,0.02541464931617342,1.0139700684507178,0.26801247658989547,0.13681550055889585,0.8180175709382591,1.0112970396579477,1
0.49068140647569963,0.5605577461428927,0.2171036222616716,0.7034220334798251,0.10381989414347036,0.3151038335995356,0.7975520397236013,0.38208004780263677,0.7136138082686112,0.2421126936849136,3
0.2765101311982122,1.0183097989841834,0.32971190960305313,0.17440976614730624,0.8455499809760162,0.11558507128342543,0.01892618478336383,0.11207662055879247,0.28445634955225,0.31937981593627207,0
0.01198725968546404,0.6105979869460839,0.8134722657828076,0.22301593163382794,0.7312574154361767,0.6821344692424754,0.5332816900267425,0.08599234603426457,0.7823140749388082,0.018515707942746092,0
0.12298940664639739,1.0382230350735253,0.747120284322108,0.4960754301453906,0.873585583760025,0.26530167385531067,0.9838279579851855,0.4036890302842927,0.7071821028688668,0.6520856843589974,1
0.29392423804320167,0.7554567693437135,0.6850061898690456,0.18928902560622424,0.37041806122328524,0.8633743089018794,0.5646043065143086,0.42753549279702513,0.22832790710730014,0.626760984839591,3
0.8760155956548846,0.33326169095165564,0.736250219367376,0.02077235682205944,0.8797751581935986,0.0032657717440201153,0.8921477560218624,0.6622218539584422,0.2023083310918804,0.7554224587995805,2
0.8889658807178265,0.346784520320374,0.2935998543677853,0.9732179703223075,0.7798413222457357,0.7174964824589565,0.10058852878786484,0.8507751157560193,0.7309824760267183,0.09726127543021676,2
0.9036009270176081,0.8995674637429836,0.11839073003907778,0.7679518829231763,0.5599589247356548,0.3373714876866527,0.89418512259409,0.02299399076687292,0.300351833494072,0.31201344854463914,2
-0.035991924229554814,0.6743732183858854,0.8340017668807989,0.8575138689437226,0.4293834728653549,-0.1853116967897635,0.5875659600912083,0.86640975626031,0.5185311270309614,1.4970209006165036,1
1.1029266377295706,0.41841844338927653,0.6357452806349984,0.45627872810860737,-0.03310239340600529,1.0366436961841363,0.2438768840702679,0.07252588568582684,0.6495931079182554,1.0643083942766782,1
0.968473778626446,0.996116537047605,0.6445387818423558,0.020420691922214622,0.08120224244813604,0.22106563232626883,0.02523830490287178,0.7613454613100265,0.9851363942746079,0.6995409311734824,3
-0.049190852243721384,1.1584837662020122,0.8664440656622001,0.6805935141622641,1.0055005743797558,0.40140387814736067,0.9901681068066202,0.2653455617571715,0.8740863410308827,0.7255148115711598,1
0.040440753433788605,0.10741384524731379,0.7205036957776483,0.209422250680104,-0.062228649288473645,0.3692028541587313,0.6753153362773594,0.6047831792126506,0.7023839929426006,0.2078717676496783,0
0.5011146291910872,0.2744303480926487,0.12882744030536025,0.5634323938607985,0.5606115490554052,0.22544072187208347,0.8716697008687476,0.2383627314607522,-0.07544392928881075,0.5509494612037612,0
0.012475482736741218,0.613829651688462,0.8142740335578359,0.22716940522396056,0.7299597305315902,0.6784734078223852,0.5312719331989012,0.08195889922381154,0.7783780040440761,0.018678110572114843,0
0.683789742063033,0.026762613639043642,0.48851517805206446,0.49901527364100073,0.22316756494008955,0.5840708010552653,-0.001807169056814939,0.4186808108826404,0.9904715749565156,0.05042409072430454,1
0.813516548506863,0.9239289465852797,0.12723667446716544,0.8818509452321097,0.5051052219705252,0.362357882764126,0.9240917867469539,-0.04763521279838019,0.29326988394647097,0.35998396336779626,2
0.2567285049537066,0.39446132521065314,0.9082134470140095,0.7344698112426635,-0.0104546239588245,0.14495534176409755,0.7996166121448697,0.6371915713457831,0.3657948395653072,0.7896595980103526,2
0.3610753797047381,0.8473606468555837,0.12270688697961281,0.47958023551118656,0.6633874000754153,0.15747639602584035,0.9947396262501159,0.3668519085945821,0.5101741211735267,0.45100026659623854,3
0.013819804183708897,0.6162450542494937,0.8174422421397215,0.2299574825065901,0.7308268470377974,0.6818799797022376,0.5296114115413786,0.08022108271890051,0.77938615191611,0.019604330679427708,0
0.7370807118924146,0.9332527482128747,0.8439387973811542,0.6565725622093734,0.30695076306544566,0.8485374518930758,0.23635169151978622,0.17117968500000297,0.5218962816909342,0.05518600034258918,3
-0.14199594108571567,0.567152378927015,0.19515314172086468,0.4260057500599407,0.6481521911271501,0.2036997553904964,0.5947105589957845,0.4886860543858045,0.08308453687967156,0.2922643650728869,0
0.397244069965035,0.8085705165505476,0.4698455816666774,0.034065266449032516,0.2786395227610348,1.010271146581612,0.8393084836304003,0.12060241083027667,1.2932070754166278,0.9669106252671134,2
0.6824356394267299,0.18802489440701114,1.157817494251288,0.0991615667022428,0.5476758084036503,1.0591549903422715,0.3339016621169765,-0.41159927672371494,0.7409841756853217,1.080740180947524,1
1.3815862767127598,0.21394636838689954,0.851494601100454,-0.022599721432157605,0.49274806239067875,0.5290525050821595,0.03751411848592301,0.8713097839051013,0.1781276539017077,0.6395410431617108,1
-0.0914265444031761,0.12742486218708404,0.1040457065568044,1.2227930779135328,0.3927554473498622,0.5094037826563409,0.4830787186622647,0.5911357408953835,0.34916633522781515,0.9336562912826039,0
0.3708188604529866,0.821737527536203,0.5305309203601125,0.17740869610825705,0.2151521254742223,0.9112030687748169,0.6058548010254949,0.43468335077714154,0.27076715060850326,0.3247938032253005,3
0.22199061289385932,0.6035809958470721,0.807160070569117,0.022938416973275727,0.8227347395254118,0.3823358768740947,0.7071530679447967,0.5821153240045869,0.17390593547937783,0.3669058576652148,1
0.012146821459798023,0.6121524846575317,0.8133168966451618,0.2254212937340037,0.7286869836022732,0.6784495456039499,0.5321659445781513,0.07999351068350342,0.7775168294315787,0.016940109315948405,0
0.25349505273917977,1.01577403924224,0.6190749394224584,0.5305253368908985,0.7148578374466785,0.24064729121049058,1.0434520715960656,0.5180895820741245,0.6387676111796287,0.6601790061876304,1
0.9821454389778537,0.9706456688022634,0.649947867672911,0.016775482244613928,0.10665752786043083,0.223982513568822,0.028443366074238776,0.7362676278494145,0.9671282316378021,0.7072714141160655,3
0.8245174766031969,0.5569001284227174,0.75722537818146,0.4062256748801906,0.6816920626109271,0.8998905776784336,0.3130843679939098,0.1577371754968465,0.19695500451860334,0.899312234923962,2
-0.43553731021568765,0.6899308091166204,0.939414421135196,1.1787331411867832,0.026459459926673645,0.14328913672228283,0.31274044093868847,1.195944575968809,1.1135946504588963,0.7128403529755964,0
0.6772669921574913,0.5357093116222217,0.5728160661351535,0.6678524470327054,0.026017395384239216,0.5399445629731322,0.7018744413814076,0.5784205620717244,0.5680858662866859,0.03487638363986344,0
0.12689088714780183,0.7227241849196722,0.015697381131754173,0.18718302235954598,0.917350900561979,0.3255604359931736,0.3414897739738626,0.336322566199628,0.1996924123453881,0.3568973197339423,0
0.94232313052884,0.8672377655694673,0.10045540678595428,0.7442858536895964,0.5372398033631897,0.3699698813225707,0.8790255371882617,0.006784722612963612,0.2660230676008472,0.3503951077187983,2
0.4159953212838586,0.8187973761939015,0.047650651169951756,0.3081104168980396,0.6589474045994862,0.17841199793918636,0.8847181011197989,0.34514472124836715,0.6756664764830438,0.6240106799322215,3
0.06874814443815341,0.11495010064872324,0.4749981414638633,0.5240714898047727,0.9102695513109671,0.3392730576362319,0.5115347100141775,0.8003382476517165,0.34045171470478836,0.09900215876391172,3
0.12294144537957952,0.3799335942734287,0.34930719883294065,0.988241391004029,0.44636094153798556,0.786148277847215,0.4966421634035776,0.7348835985415715,0.5630864840503285,0.6146894867333347,0
0.7715887380145774,0.6471204113155464,0.877445070369569,0.03396388628184774,-0.07459367691240137,-0.12935187695456513,0.34277516824484233,0.0180582647543729,0.40867038829361774,0.6759753117838834,0
0.6468449157401387,0.036139435182044176,0.5829287403502678,0.2186044316536313,0.7528973791659064,0.3020644549559344,0.5847250696622269,0.22070636628016305,0.6414359878111027,0.197961232007053,2
0.06047494458001741,0.3980290638721624,0.40478436679917834,1.0398748249618965,0.41828522619569664,0.7827964538702709,0.500175064616887,0.6953775348991318,0.5276722548721119,0.588463173586823,0
1.1674826797602393,1.1422298299892908,0.32087891312036054,0.6697164366966628,-0.21462984876729635,0.44688117854552445,0.06006883045205885,0.5415536560196226,0.02269082651480897,0.6173504940160507,1
0.5671227700031499,0.7726562995432158,0.887099779084895,0.4942185321293559,0.7010364935036831,0.8113509364215297,0.542408839042953,0.41423380074378335,0.7225352950346521,0.45751520093352804,2
0.013243941524401129,0.610664712015363,0.8120694224970766,0.22372926016451855,0.7291544987102729,0.6759158053873947,0.5321340026900669,0.08429713408408938,0.7796704987525691,0.020448728293691255,0
0.7390284464444549,1.0706845374007576,0.762523601719758,0.6260262695167034,0.33076950627724094,0.9033472205255402,0.14879925217809425,0.200858519818939,0.6213069456183256,0.07079712700282578,3
0.25854765915279554,0.913951230892831,-0.12284719652089654,0.04796195668377515,0.9480583710852469,0.5958987276788588,0.20860624763265803,0.39576262813730695,0.27679049670718064,0.2322020653754766,0
0.7738276321184896,0.6440451859871638,0.5120674776472716,0.7315596001533504,0.21403772797088644,0.02432884748944438,0.4403496634911371,0.1926733041962572,0.4061063060998073,0.7883920832521611,1
0.8731211504064361,0.3148128292954658,0.7095993223102347,0.029490633364759836,0.886958326708157,0.013622851906231066,0.866606252771013,0.6615144621552891,0.21927764625998508,0.7563192808024456,2
0.8399498473138998,0.6568398014104295,1.5228848372282204,-0.26724147241183605,0.6787537080707191,0.5077442192199333,0.27974038631827136,1.1470271161749541,0.8294498353583468,0.35699605984070415,1
0.5036504501801392,0.6133870589294637,0.996243276426928,0.02956441372119667,1.0310184994127243,0.8318829769969929,0.5442489034041355,0.9007975303449471,0.8198440728742005,0.319716872171863,3
0.7873108176524809,0.18020813207957165,0.3090785015189009,0.24781326073263446,0.7973552946336175,0.894719109234632,0.735560712773289,0.5461247559767669,0.7831648749541018,0.1123454662665574,2
0.8742267610810638,0.8271622237990865,0.9064625029767586,0.9823154660412534,-0.2565356658144197,1.2074946920393683,0.33967477963046655,0.6349561912795714,0.7267013906965343,1.1909419164110344,1
0.7164857883292176,0.24635164474284435,0.9313177086014152,0.3833042098026901,0.7027636961448199,0.35687287399191275,0.318348112880023,0.02226162546115199,0.547866975849363,0.8018489407217712,3
0.8940110621746236,0.31913135898331757,0.720269481962951,0.03913493296392726,0.892868661261819,0.020314446315283948,0.8552652504838865,0.6456100341697029,0.24376981338032588,0.7648786195191464,2
1.0057995992220206,0.7499655336169158,0.7975900738816718,0.6230864266061965,0.03839699869170661,0.5104998776246751,0.13349227501281943,0.7459430155525889,0.024997879021311904,0.4158285441952255,0
0.577552943504028,0.5634147854725895,0.2795320149311187,0.29724047189127384,0.8381094337510482,0.36073656099854895,0.3696809564236938,0.09517091782026835,0.2503615397206253,0.18804714031024652,2
0.4156488311415258,0.8214195361938951,0.05252852215263282,0.30157562330753174,0.6470701940334408,0.18007304937765328,0.8804099164728043,0.338203970280477,0.6775448151198342,0.6269158816529077,3
0.9121624812718558,0.018795757672459952,0.23117474436234237,0.46990998053505,0.19589073059630932,0.1579444665726308,0.0751830758071123,0.033917530107494334,0.25201107457070365,0.8129112965163708,3
0.4889909951775845,1.3501930181581638,1.1571135802749866,0.4766085245087036,0.3669324106439472,1.1696102623866833,0.6445247580309907,-0.15669825287756023,0.4013221619894717,0.17273914503060803,3
0.9337133104072908,0.8352036787553412,-0.004781121641935962,0.8240897419280768,0.6828880377611881,0.4906102583879619,0.9972689221080118,0.10811567342905187,0.23387507732125684,0.3313607458736919,2
0.019390214900725608,0.5698290302609095,0.748140594123914,0.5142615785690388,0.29449596948620355,-0.14908957163639922,-0.17267684486570903,0.31746984280282065,-0.13830937193939102,1.2985531287827399,1
0.23875609463303882,0.9440587386250405,0.6035465483387615,0.7478873100750294,0.9837722353428093,0.3111711540380705,0.8567664533301392,0.2047757518020355,0.574329629836359,0.49143504977836516,1
0.06620823528118694,0.9729624208652866,-0.1582899577989175,0.45803289541345227,0.6452014575856703,0.3133222636671274,0.45590920562018133,0.27658469172921696,-0.11538682904059472,0.5151471457936778,0
0.02390843870682669,0.3392821572193151,0.4979516398589795,0.8308751546916612,0.23861099565826527,0.6547655674246997,0.5445627913039764,0.4400191876234225,0.3413704171192783,0.8317540024571308,2
0.667262600972658,0.10024461430066922,0.1906556873590715,-0.19292203713965028,0.09063075954020544,0.033547693718810306,0.4168465508035649,-0.07279559287378005,0.8143374759037052,0.4849293427047816,0
0.4052319031966931,0.8032203737757312,0.06825560283650482,0.3299986305270276,0.6359350347796973,0.1313247252802767,0.9295149314541464,0.36066973830907695,0.7278924581113223,0.6755461521418151,3
0.8915960441747537,0.30811534769268034,0.7312200026488657,0.01815464580381121,0.9108300089938772,0.004981890135195148,0.8561421305809322,0.6705771512722585,0.22468617949476488,0.7665353608460919,2
0.9609558776664878,0.9975787093149794,0.613686381950708,0.7068091695009069,0.83354361631302,0.2515447876884412,0.48586316733685936,0.10524441161454176,0.9529879954812621,0.09791807010062716,2
-0.12367010240128598,0.17775532117076526,0.4535874406009745,1.166177352971669,0.1706780328144275,0.41410317041488404,0.5441362785369885,0.5037451556256698,0.6789100697906224,0.8958327830665161,0
0.05394843203242531,0.1556431782643869,0.5218888542738331,0.49168424809524325,0.878040438413465,0.3359906832289591,0.5121872851002446,0.7401035284859668,0.39868681689279056,0.15891384114460563,3
0.42035012173445263,0.2554845090527103,0.8409704638614462,-0.17927886798977455,0.038626726929534894,-0.09029943323063877,0.11370457290042768,0.47534282459990046,0.3800472613009014,0.058437098666657805,1
0.5456000241403144,0.3026370580894946,0.36179700205080206,0.04492247093046193,0.12066108000067419,0.2170382895743023,0.47454668077402146,-0.02430373846185792,0.6828292777634309,0.40755737328698516,0
0.6990720347944737,0.06084395046534506,0.7147660135165387,0.2589344661489681,0.20631265867863846,0.9805054987869558,0.12910065429652534,0.5822116817925688,0.14225362263454913,0.8225238028321474,3
0.7628901573121434,0.11378915410956765,0.6989037051010187,0.26290610916173246,-0.059021547080606,0.8682443247612947,0.1497646090733022,0.600851081047475,0.21597555029263504,1.0000074694916081,3
0.36151028983236533,0.30704957729551907,0.4647962980210732,0.7198231537001913,0.23688623444412388,0.6791864898414786,0.8479837034431963,0.4901819672574774,0.36290759224534425,0.6179257771777982,2
0.4247943133283826,0.7160793359764057,0.9459171834722541,0.8712810854049748,0.34305544120966874,0.2179764097125576,0.18068357968541754,0.9773070510591432,0.7002887327459367,0.8776810876790078,0
0.015512842639738074,0.6150891234263239,0.8115484311597299,0.22258776367902705,0.7269642075247135,0.6780125779318265,0.5308384808743264,0.08347333516360335,0.7833876540081766,0.02157482014947124,0
0.7162919327214635,0.25348605728410667,0.9182835607015986,0.3724998656278246,0.6831045863760524,0.38403276569263955,0.3412831924883581,0.0388876253285264,0.5425500580790251,0.8002109933992196,3
0.6630796899552286,0.08242706841736058,0.5774634961739309,0.25026074604880916,0.364340607259364,-0.14240694410529825,1.0389088671617581,0.8861392886772853,0.19598320984264828,0.26064974289267917,3
0.01582835256593812,0.48127503117691706,0.751118029893953,-0.008069607361336762,0.8869680973131128,0.5736749431537638,0.8050882719802538,0.45495119564493486,0.08244699719527766,0.518334848859543,1
0.5205940456635867,0.7614229683365349,1.3570592350335806,0.1295846514826382,-0.21573669136519702,0.18090449277788706,0.3946032415692926,0.38021706572746383,-0.1326889082754888,0.7815438242003377,1
0.5177909483462142,0.796809491349614,0.8684270494125688,0.5218979505527136,0.79580392632478,0.7591248305391862,0.5960305096357146,0.4260001195302779,0.7178465237851097,0.4405284289536279,2
0.9217596645320494,0.9621977021110393,-0.00573526592308167,0.7676341115217927,0.45154193036065093,0.23448620966037131,0.8510884726529878,-0.045872065794380884,0.24406452628357686,0.251419558486153,2
0.1734003357227564,0.49000995344458864,0.713875253421091,0.2115538307466819,0.6891664294590981,0.5192132961721162,0.8232674109954083,0.7751112878743016,-0.077749537859787,0.4739503747804604,1
0.09614713024470795,0.8836797793114924,0.26643847794596776,0.8354503755713546,0.7285569795822544,0.042796157178430785,0.07201855604384874,0.7308371850985662,0.23316051037313038,0.9823361014768961,1
0.613815038971789,0.808256401545518,0.9643639675011416,0.6987642178665581,0.40152271941074696,0.24650666148393133,0.21188233222471223,0.9176667203526507,0.7828001283198707,0.774248301832732,0
-0.6461169945921307,0.9754112430570545,0.32975528000148513,0.8272575163507165,0.08992200488368604,1.3664312728952752,1.443263474152642,0.34383042991136314,0.10935735826030213,0.7058782932529806,3
0.6062498380223045,0.2904612205051318,0.35957928653979293,-0.1001288074177388,0.18147800322178298,0.1827085473716437,0.5235521240767327,0.053641485254766336,0.8081914849183637,0.3471749905379207,0
0.7113781048948152,0.0681926624295669,0.7091956520368462,0.20387227971291524,0.07160730885560482,0.9773297105110348,0.17518829058103058,0.5234543435886193,0.2321146291576659,0.870064229633845,3
1.0420541554255616,0.8093235898546698,0.44021264206009203,0.6191858580581143,-0.18513510787916942,0.10405023244277345,0.6107883735767936,0.935863337115109,1.0472878831438304,0.05545921962972533,3
-0.04242336914551206,0.37630146592163055,0.39435450512232617,0.9453819070419824,0.607796907585402,0.817059114731515,0.3450074253323336,0.8360114567823227,0.5190660991148484,0.6800434318228948,0
-0.04323868858891852,0.5378124075709618,-0.04074399743845088,0.22370191829243857,0.9870144509575212,0.4690303395608786,0.20164020519433584,0.3975177561952711,0.1739441210080753,0.3912134940652515,0
0.44424361695052994,0.26599511997209513,0.2175900798979164,0.04373676414083082,0.11654191958958958,0.15830120527537545,0.6370350864429325,0.04833354940065373,0.49515120235547644,0.5396662178331126,0
-0.20820850860402584,-0.16780436455108183,1.2347010242452439,0.12636414313276267,0.2689151861760669,0.48432285650297396,0.47746755480679554,0.35730242705300364,0.7531900032579041,0.28376061607465264,2
0.5278529794530348,0.6010733697664913,0.526059306062693,1.1666799405680726,-0.13938955832313024,0.4169727567240375,-0.1542789557063141,0.9863460251655106,0.22854698525967337,0.2130530112616358,1
0.2632118259333786,0.584500231455309,0.7584364469083512,0.018513197490818742,0.7756676148805066,0.4228324970322357,0.6878354648082836,0.6496598708295146,0.11609506313540398,0.2662365902254183,1
0.7381614086719074,0.04913772333599133,0.7486884224275473,0.23816143854830998,0.07789377279189733,0.9430676714488788,0.17903006843674832,0.49780542276990103,0.1967900473152179,0.9005992284940053,3
0.7385463264260231,-0.02493301266263672,0.009083489033543293,0.9895649912536517,0.9687289171259084,0.15070867972821575,0.13442925830416652,0.5277503776424222,0.7801631143787707,0.3859084422760494,3
0.8200251633699494,0.3591556630838765,0.7269100462044129,0.6472492464805678,0.2776154610371784,0.5395243701854594,0.13956300714058972,-0.12079088829719656,0.959471021457222,0.9291350686879012,1
0.4603443901534813,0.8347903977101032,0.8853385376876841,0.48557631632201315,-0.06745918478041257,0.5760202440626712,0.27057694421987466,0.12281949475658632,0.5511713206968342,0.6950490502071285,3
0.10547570445438313,1.0040673720750193,0.7655206342948471,0.6644233687513504,0.8726675546005558,0.11160463651585484,0.9807279571684746,0.36892498462914464,0.6463077567662026,0.7902642754362091,1
0.9941221785544113,0.9838565970681128,0.6676996532945089,0.02795847331921415,0.08588914389370571,0.2158838552731919,0.05641691493490536,0.7623508902478836,0.9974588563152607,0.7217302515460801,3
0.9580838818104147,0.9874666055075852,0.6454620816300276,-0.035760413824539566,0.054946396184505586,0.16757246558996658,0.03299389336193144,0.7343682790033491,1.0352728842491141,0.6702086874405458,3
0.09425990503733113,0.3814278505434543,0.37892199096000817,1.0090007578491451,0.46470512311263845,0.8055614009312354,0.45963490621775366,0.7015285797251151,0.5602122559562693,0.6173755705992868,0
0.4944393859929763,0.1886421435285832,1.0017989642255885,0.4250247666242342,0.6943999751513108,0.2952720146971179,0.340859695894059,0.4217196072099104,0.7794884740797802,0.565495080771187,3
0.8875639341191973,0.2985568905951326,0.7330002744867458,0.0266185461091645,0.8859228791607993,0.018632404654076194,0.8554203523408008,0.6414057717774502,0.21555019469664738,0.7632904166492952,2
0.41442164137520876,0.29695879331748826,0.3822943010057303,0.07681180509028909,0.057340449304811386,0.22184403599727825,0.5274828828627982,-0.0011832042671564244,0.5336292301703612,0.5208110636717402,0
0.01690235713596379,0.6159252174213151,0.8198378357438549,0.23131327372070268,0.7249570206505821,0.6844139483008695,0.5349239662890741,0.08338296144647667,0.7814525746097594,0.021216459979537815,0
0.6331409040350252,0.5272506163649825,0.5680264588621192,0.6584592002477929,0.052729456468925746,0.5435699964035063,0.7724967876840897,0.5354160069687416,0.5302468141691855,0.09535017567836859,0
0.9596353718015597,-0.024764990387499297,0.27397603728493436,0.4603430070097635,0.3090826320708875,0.1384804015150156,-0.06529453302391494,0.17415079805056236,0.16583938326655762,0.9294941813338994,3
0.15011532770933772,0.38342609609521255,0.29534845230419143,0.9636286444522509,0.4414373765366235,0.7030699225036725,0.5296554350633602,0.7009838241020945,0.43842433780443646,0.7174564508344791,0
0.4189244068703879,0.8183060147748797,0.7722172929927998,0.7680841952874541,-0.23133321267617846,0.6011290807142151,-0.3562404364131156,0.9582699127848043,0.1841466153575388,0.2997245213120294,1
0.7881681673233721,0.02345278936012712,0.6532498288824903,0.33589694222538063,0.1997941924913013,1.0220460044212702,0.2808552028945316,0.39753551873940174,0.21963927184006252,0.9842690072827058,3
0.770368907094094,0.7072062272315011,0.4854894505939056,1.185685386609672,0.8570110629815975,1.246199987376327,0.3006759448362837,0.5454384743489319,0.8730939780314344,0.9715503597555599,2
0.9774357679878422,0.7833580665664139,0.7119277302304485,0.7920853181474277,0.9976212827661265,0.4511728572719156,0.3884822071195397,0.6160778397087117,0.3351378343731207,0.4972626434748445,2
0.052823216596955276,0.15459785189688907,0.5263146393001049,0.5019011223474376,0.8795713423050087,0.33444450201706577,0.5069202927870171,0.7349751505532707,0.3969337519115297,0.15810303667718426,3
0.29943568847353436,0.8511779704333811,1.1137282919867098,0.39413592296422517,1.0584633881724586,0.5179763051190682,0.723077883429672,0.36085281446013406,0.5516448771312042,0.8512722038400637,1
1.2040751529469125,0.011328445387812261,0.16138898090491788,0.8024863663689323,0.8690502749860282,0.8518171981374825,-0.09787437330839965,1.0325259472009265,0.6099518383010408,0.2653752486714224,2
0.5337408659267616,-0.030469475257684717,0.47191860497933735,-0.02294560106888832,0.9258948981087579,0.16407431881814935,0.5853119738996919,0.29997053039831445,0.6239866092827386,0.5031426239728072,2
0.8283622629676449,0.9628059787571143,0.6842422341801203,0.7599272828875224,0.9167453912199647,0.25817655846352494,0.18038204655354229,0.8344803666023233,0.25084957572478495,0.7436601108987754,2
0.5953723243200473,0.512447747528275,0.31064679789768024,0.24890632575815871,0.826715398848936,0.35215438986991177,0.4017037770818284,0.026625759752490152,0.2793604160093949,0.2130042138792693,2
0.9736097145700442,0.9418955724471283,0.32130218982231495,0.52618162991211,0.24928540405470367,0.10615314994213496,0.571602669497396,0.09691923947485806,0.7287274411305182,1.0020461860247514,1
0.8989800914975002,0.9317602588657231,0.16153850827722083,0.7852168698253655,0.5402729506017491,0.32509788784832633,0.8361518516286581,0.001024844537491909,0.3620807138075922,0.35674087289324896,2
0.3029856546816272,0.9213707112497099,0.9725820371044246,0.7477538862905465,0.7206759627827941,0.4452014662940851,0.9920460644638711,0.2409893322407813,0.8251380447847502,0.9026564811109754,1
0.19950949756963215,0.40014190538528766,0.5649514113452277,0.03529254706277516,0.614783524585813,-0.0028522054584292555,0.7103177627431989,0.7204114435805229,0.5935206514649142,0.16965332610042025,3
0.6165664453812167,0.09361258736594535,0.6369646318265751,0.1005560969149554,0.6478863693489745,0.2768398672148555,0.5391130665992688,0.11750465326903636,0.6775883852134006,0.34176427425020584,2
-0.2008433725979193,0.20050982335287615,0.4141965283714896,0.869958672661921,0.7183102630751572,0.43168390748586627,0.8882564178914716,1.0918694755262643,0.16561041021446948,0.43765891355876047,0
0.8204763965711876,0.8772769418099311,0.7098628357413623,0.8074185790546158,0.8538642642373369,0.21312229235263241,0.41390941676146725,0.8270081505177802,0.3821602182963967,0.6042744228086819,2
0.7331420677818004,0.9718419700108031,0.8091677936163386,0.6281853408006788,0.30083422800245974,0.8918440831950786,0.23658089995328518,0.1840837811583271,0.5744123320580499,0.09542527230802349,3
0.9469203944528914,0.8527680245032151,0.14952685762417828,0.7635425924097915,0.5218065949872547,0.37839808140783115,0.844989623177574,-0.0014314120012513462,0.24079811439544474,0.26778013631209013,2
0.18138841018709267,-0.3861741115218426,0.5787930732089334,0.4346143401331458,1.1613670931356428,0.645721968216036,0.12094726247241672,0.2064779529094123,0.5093618923225489,0.885852435436122,3
0.8830468259627637,0.3093871296150534,0.7156159592285594,0.025745201840246194,0.8990502702426455,0.012625053830586,0.8776706174524959,0.669404553040829,0.23261210524008605,0.7573898602262419,2
0.4809761645883368,0.7325632597140146,0.056581600659193564,0.41972071812743467,0.590430775159723,0.23823388121787575,0.7753883462814499,0.4533429096746374,0.7616448046856291,0.6102455240109401,3
0.05568858641423605,0.9118745075026528,0.30196239282728266,0.8747174661525187,0.7515757267207515,0.06947240595804864,0.03729542321897003,0.7290363113746615,0.22308922263204084,0.9696722530158286,1
0.19431833675890858,0.33367004384310145,0.43869094496019323,0.9075623866719799,0.5076171851998809,0.7980064383120268,0.5260535501281304,0.7555013461281537,0.4579003941813776,0.678525795062554,0
0.5113995644485686,-0.1664680057326005,1.014834938868749,0.4841824691312166,0.9509919183266304,0.6096955460237318,0.5975965990974634,0.8049899830083987,0.7211682850771804,0.23839579692490995,2
0.5425683453407179,0.8774617097981027,-0.03727491238351262,0.2538370267668588,0.6326006343127657,0.37979824168848,0.9270628515010717,0.2055224844763465,0.7938857197831496,0.7734573789941107,3
0.9212208101525391,0.1502843380847987,0.9467974126568679,0.34842605116146264,0.3861560495972783,0.33757746910158176,0.3982493813108746,0.5347823337480968,0.43754394785152406,0.36052523285464455,1
0.41214261217454595,0.8368083518696168,0.05331594882113046,0.32129477464531675,0.6457134561092555,0.18395379069008586,0.9126013315264452,0.3136921906011309,0.6593362053838259,0.5906718358230811,3
0.8822073559495266,0.32283921184317194,0.7058615211686857,0.04910756034774219,0.888093266641159,0.024865259947675196,0.8746750791380854,0.6500200450606843,0.24034208390029488,0.7723784397498137,2
0.8230168442482798,0.6418391151185759,0.7527682493174486,0.3725738475353087,0.631872598540665,0.9467389927749089,0.27714433196866406,0.21860643890720144,0.20504442876153886,0.8912047876776439,2
0.4184929840292893,0.8188718490186758,0.05237332436432288,0.30265141897984393,0.6518200887590089,0.17197860087720104,0.8828364045600147,0.3457578969556075,0.6753451858134375,0.6217779176812399,3
0.33527980987861306,0.5466893486293358,0.8345042693708221,0.8348361954757298,0.32084911774962055,0.5541180289928951,0.3253228848130323,1.1348156001773289,0.03880069880151625,0.1641982245237431,1
0.9363342393319961,0.34741527450566057,0.9937606134722397,0.2719072443404317,-0.006911702311253959,0.7871824184401519,0.3499227147222432,-0.13976607715387682,0.42566540893794147,0.9612427794778856,1
0.5857357181792643,0.4862512382801966,0.6660732123036035,1.2391523300789302,0.16517962618051818,0.13910393445250566,0.48126860671634175,0.12009095735598374,-0.08313591096231615,0.746227488393015,2
0.14646038415331192,0.5694649728191834,0.34149391461773815,0.6470797445139476,0.5534514519095128,0.6011506952653753,0.7185489178906709,0.7714158810080701,0.5024786753372066,0.3620675989279731,1
0.020897830472963716,0.41845409006115775,0.5432545985025271,0.8453149254477237,0.655200457216832,0.7397743942452415,0.6735821274096024,0.8479595042565926,0.642577693934909,0.6644475808063446,0
0.01309811359857127,0.6121518398369257,0.8105169034627715,0.23027406252464347,0.7277351208852363,0.6821188174174343,0.5339509395401248,0.08581512132673273,0.7768448805566455,0.014455481610598654,0
0.3210710309981663,0.8166157552148331,0.7387433693559159,0.38816764559200434,0.868394936588734,0.8546339894087333,0.48735658860904363,0.6748447109961162,0.5463498442244616,0.6471971441797775,1
0.9375507994207,0.9348001441664571,0.8730465992223511,0.738478807711144,0.9304535037405496,0.16944816790647502,0.5013078173809526,0.8549400414745804,0.2552335681755832,0.6391244320498675,2
0.8010368973405467,0.5818317999055561,0.7785123055984718,0.3791632439674522,0.6411960959618177,0.9328293625198252,0.2900654800225042,0.15467986147009213,0.19496018888635366,0.8597991561078617,2
0.3125761428415049,0.2089397789058989,0.8231481077587547,1.0184465373254725,0.060057175226061535,0.43170597400795285,1.0339700037129307,0.5638182551529237,0.06829637339470884,1.0875795073477459,2
0.7778778090465874,0.5912845843999466,0.7561250358816312,0.3390249648875818,0.6364269112932899,0.9596130298144825,0.32609449292422305,0.21649571032066195,0.20303350514114288,0.842953624895615,2
0.9813182353460514,0.9985325292979107,0.6538954089960948,0.0031685394411430836,0.10110521490188105,0.21421539985918375,0.02425425322935338,0.7499568796874303,0.9743793110471817,0.6969755152968098,3
1.1559531584234621,0.8517974654944062,0.4526263141658002,0.3010704659434324,0.49564013500034587,0.7345907479331846,0.24795025156965053,0.3193380645182737,0.4166195341938915,0.19523394641386424,3
0.9108051974492155,0.8992867632647903,0.11581115726353702,0.7697068245650388,0.5593778791496028,0.3269732061271526,0.891569420061618,0.022795459763477778,0.29197977872599157,0.3110869594009915,2
0.39246000781550383,0.36606123804581436,0.7895156962496037,1.0871881382949935,0.1788175377443321,0.23041533214705912,-0.06451026217010607,0.9734763766696091,0.14009317136556418,0.45450971149055114,1
0.7788094776303808,0.9427189622203526,0.7028164113549192,0.49729014162397994,0.19756958126510366,0.6303004212358451,0.4585126834572195,0.32894834566565445,0.3687713522407563,0.31395107218624707,3
0.6985855671616676,-0.12119187237764639,0.7243782809583675,0.276215672263867,0.9289253791597682,0.131486013346393,0.0954338749173132,0.14433927964841586,0.8038437583032877,0.7390074505737723,3
0.7622064119900827,-0.24042925937451276,-0.03048335694938678,1.0985664476866641,0.6979882171258232,0.28013149396484904,-0.19483539114138518,0.7113873389931217,0.8948712178798547,0.17970840651266357,3
0.5748817250510617,0.9614769987312166,1.021651372344207,0.43556600382193067,0.2864237773874626,0.45314971907947166,0.8458975237747279,0.3062258963303012,0.6154259685448521,0.6702967639626684,3
-0.12021463531100898,0.40527493993533864,0.17264060047481108,0.19660952136327825,0.45714798854269334,0.8311612811579723,0.24588325096240202,0.4269473598336813,0.13442830861139105,-0.10645100087957354,2
0.2874217216855546,0.2459405101273629,0.03403069839758604,0.7343181522449375,0.4886395089526513,0.2908480614867913,0.8595419386531532,0.297219969794147,0.01682998024837236,0.6363789857167104,0
0.2636658654429426,0.7234355191202401,0.5825405450276966,-0.32714566058297295,0.28854418493171374,-0.3019516749244591,0.22725380957866737,-0.27740143431746883,-0.02601133310375281,0.31903295955206873,0
1.5382317925755515,1.2670271702785432,0.20281463914858844,1.4272199505072876,0.8102216277332649,-0.23305101474691509,0.4799789991852125,0.34084885349583677,0.16653863393723767,0.691296160405096,2
0.5349542110469245,0.9017886372499384,0.8657983954647847,0.5072439577250079,0.8499886376686876,0.910524054977067,0.5965508964570526,0.3980971165852098,0.7456471838980337,0.5051025372609141,2
0.5046081337636668,-0.29116249216875834,0.5109386609256514,0.3131431932341877,0.22251639501308873,-0.1182657180048533,0.48487713892272316,1.3951019012333137,-0.3600516910686472,0.9405833373670812,2
0.5962735379261418,-0.02023977753987999,0.5686568949185276,0.12002429309899487,0.7700520205770304,0.3533994725815302,0.4486190499380599,0.13029987026786222,0.5793485926689776,0.19049117299565693,2
0.8822904289436856,0.3030152725877629,0.7157110400460215,0.024000122469884956,0.9011203940610127,0.006833360209859404,0.8832555532649026,0.6540661062114359,0.21491369910027094,0.7469710450191279,2
1.2794990516963607,-0.032797256566613836,0.725510058259153,1.0204994693504523,0.5880711662966583,0.8643811877264744,-0.06769644657557955,1.1245305727108945,0.567617273258915,0.13735192212404201,2
0.7553189689074983,0.6598561476685146,0.7127826303583096,0.33926762547011446,0.6911390026345791,0.9136499507141201,0.3047290900676041,0.17788240716984277,0.11372670414386075,0.886903381891472,2
-0.0015316072031859584,0.3508928148226249,0.8820302725075108,0.5704994068280538,-0.26909809972963367,0.19574548313009912,0.4668127288634984,0.482739425280698,0.5964408095197153,0.6371673657802099,2
0.6230181298262878,1.0642638565738536,0.8025329856325828,0.6211819687849205,0.3082589803266775,0.876010523950045,0.2551604216653479,0.23715992198121671,0.46522970370480987,0.17934409274850788,3
0.5717118059861799,0.05054980069309692,1.0306716970186398,0.4543193671355468,0.5759705788788119,0.23979648081904265,0.3025958073838452,0.3014977414917994,0.748664132471686,0.4429220036954471,3
0.7965558362401243,0.8604091079906149,0.7341912287111102,0.757914333213667,0.9157778761292726,0.26047842876327987,0.3580149359543843,0.7801522263777938,0.3725788140556388,0.6038677733781771,2
0.05829239531556531,0.6612987886309695,-0.004464188519190816,0.20425612296326606,0.9123281520051081,0.41402523823804754,0.38561215732162485,0.3703719847744234,0.17559420586548463,0.36052479850444163,0
0.001075124018234945,1.0193866325651664,0.4364204301234884,0.7375533644587994,0.6934097959521113,0.014225437989794767,-0.15948448106133523,0.5589481348092661,0.060203586562073474,0.994504580548313,1
0.6964193610144509,0.2836039743908332,0.9030079427080523,0.3602399905410064,0.6988335450696391,0.33407098126765056,0.3718201277463666,0.0635708582467871,0.5692209438547587,0.8184129305116237,3
0.9917589718483782,1.0129051854674425,0.6584668828071357,0.030097829382491746,0.11369046964395386,0.2044232257073895,0.04570895613835503,0.7477360845222993,0.9607766145351694,0.7093622089385426,3
0.9057380105641122,0.24732876438398427,0.7310491159493521,0.8246551357903744,0.6840966856180642,0.8534250127844867,0.14470410601041567,0.8684342586389231,0.7730568845599105,0.2863059966443247,2
-0.02131462103133542,0.15840817126173962,0.4224252281839062,0.29070308411201085,0.9778705603410176,0.5981493211039794,-0.051189742335152576,0.8469075428162135,0.8228074086047451,0.7120165477908443,3
0.1538038306987676,0.9954251860395581,0.7151123914899367,0.5389816433486622,0.8436034871848986,0.234283974669324,0.9457971505054615,0.3751161303309026,0.6855819388534512,0.6684776941104305,1
1.1670775231458608,0.8358030815242109,0.2647022150476906,0.2595850028153708,-0.142314745011335,0.753531616518379,0.25318068754093476,0.5277742696474896,0.23064488754625356,-0.30153017857537145,2
0.011533425300036166,0.6134914584752277,0.813620654156773,0.22844745246996973,0.728790875198912,0.6787474302818423,0.5329265149994368,0.0802822040053573,0.7784651816280267,0.019316887314432672,0
0.814291238323784,0.9096640327308089,0.7940055286677604,0.5213268697923892,-0.021427037539549873,0.39812471256427684,0.17785358405025598,0.6134285073922356,-0.1470722249778098,0.26364833354411266,0
0.5473325201139199,-0.16849137990104082,-0.21745620219381112,1.104980164408905,0.9575177411047294,-0.21663146635523362,0.016240397910814008,0.8248647180672852,0.6028479687664596,0.6691809340468651,3
0.9098506924990019,0.8894917788391342,0.11405744736099972,0.7504472269230446,0.576286980663514,0.3451023932057117,0.8918661168984969,-0.026972376821487502,0.32247973424523624,0.3595003451499455,2
0.5396680507407451,0.25554988909666365,0.38221984466825765,0.04128378329453932,0.1607998286199059,0.1645596701437032,0.5514998778711672,-1.8953794759418534e-05,0.6481464899882304,0.3599781164742881,0
0.7098394325810139,0.7635247546563584,1.1661353987914327,0.15951101105515497,0.7488669272231722,1.1352434025921194,0.9636182405970227,0.4728385592328968,0.26097359350989763,0.4900042769128264,3
1.0094277523923059,0.8059784441098927,1.0016480519517788,0.673194521384624,0.5740871897805836,0.5689386220645478,0.2821701355928377,-0.3605558124665898,0.9609224272558895,0.060921903003298875,2
0.6599886584594017,-0.11652889458280308,0.9024396032748746,0.20876010989191382,0.00749470522088011,0.84369979189495,0.08249439514004564,0.49422034214885063,0.32572270610981235,0.9557752899225711,3
0.7312616343245014,-0.21633384317588716,0.0014723596272245842,0.35828437487249043,0.017519625585859067,-0.039521619593461205,0.13854652427740938,0.020321382183465467,0.25283014992910346,0.9928985594153414,3
0.8091025150412883,0.22674726360927816,0.832768434523972,0.278926194680591,0.5976545800689641,0.18927680552554899,0.4893569792710997,0.5239796072836851,0.2779176371242687,0.5068679163304229,1
0.7695703032478314,0.6034968607006511,0.7618302897158121,0.43164172152281544,0.6703616813227579,0.9409988772337713,0.29578494768428387,0.13108230554032063,0.19314281780676962,0.8623865441532219,2
0.16595454096001233,0.4798207110517354,0.87164713456022,0.5661606560763307,-0.0947063971105147,0.16232580254299775,0.8799676432914196,0.5030493210213288,0.29414716887101866,0.662924157916484,2
0.012625350197065151,0.6129810106139129,0.8127425775341877,0.2264119488510195,0.731686972253972,0.6797878279982494,0.5314951188514789,0.08082268330062307,0.7774465915574496,0.018863459298012475,0
-0.3697726523393121,0.5134215203986195,0.6675317891865098,0.8112296264332989,0.9072799756089264,-0.1516332828350447,-0.11169285390076139,0.38571336565126674,0.5295442968811425,0.7758193051183728,1
0.7829369922340831,0.31219098965499625,0.7849733387193633,0.2760374067810225,0.5643160670100121,0.35978113278736373,0.612031972294121,0.5281731769570123,0.48068973162887263,0.178099445547388,1
0.09610392546305074,1.0193052835167533,0.26752843027472756,1.0092343406427111,0.8131628740673728,0.18860888441516427,0.06167828898430351,0.8263251257743559,0.2714617943499177,1.056581233371045,1
0.07918083975209753,0.6870077820735639,0.03807756151433666,0.27253547754943486,0.8523190343817083,0.38326444068614796,0.3652954886759661,0.3243940873558791,0.19445595041688435,0.40395085935792446,0
0.1148239769344721,0.5223303838734382,0.2839446877927728,1.0457414374129237,0.5643780523212162,0.6405078307986507,0.4257094221110724,0.7452082861480723,0.6206075898220648,0.7763609295673771,0
0.900730783671134,0.8952865284834779,0.10236034199636597,0.7777872520537685,0.5467328817496794,0.32881636495909655,0.8907632731051724,0.03564077829212312,0.31341868001823053,0.2950586358540137,2
0.930692999867073,-0.007814553120720158,0.5173563217926916,0.7971428476284784,0.5522558767412715,0.70647754317923,0.23171312266701016,0.938931076991514,0.6750165311393698,0.24000728382909936,2
0.8005053121489878,0.1971474280946905,0.2761094112538764,0.25285244075549346,0.7977318702219527,0.8960443130676876,0.704130427932001,0.5787157679481684,0.7920787906467744,0.09578427132709326,2
0.2505009013897186,0.6271079441239571,-0.09446646978485038,0.5074830165837451,0.5532837232049271,0.28813906453406857,0.9214406210795195,0.3509053114177484,0.6259949745845096,0.7295489096960927,3
0.5474338094114309,0.2594086920592797,0.3361939698522518,0.02952718351411933,0.1571735064224265,0.18361785433855615,0.5570856470237978,-0.028963699246850393,0.6016456046946377,0.38509771850579055,0
0.40532120552902134,0.8019426658059203,0.05928355219981862,0.2902179468786907,0.6593599636472605,0.16214464513912502,0.8735321581814737,0.36386459647669367,0.6742762820059212,0.6097522029496979,3
0.6951665326956761,0.5618443971869033,0.5908374926421479,0.7049018685903768,0.06161119761571084,0.45614137264332716,0.7505578385690327,0.528209407995889,0.5629569285497658,0.03270959306162795,0
0.9568297698687235,0.8046650519360931,0.02462501631491118,0.7061857446323115,0.41377520706514437,0.3518366636657175,1.026100644430383,-0.09155993215916453,0.20902902303412574,0.2965194607953097,2
0.90497582117645,0.5605766024057622,0.3141831541143061,0.7840882156871827,0.19873868427044838,-0.05948955358808507,0.36416319765026806,0.21590245408708048,0.3586801755400282,0.576315826627839,1
0.4473397301370272,0.6330857043585176,0.7383415433286566,0.4884638088508874,0.8354185745189078,0.500823229845323,0.8906389359339422,0.30382935571129494,0.01250569927779028,0.9013346020450594,1
0.7151855024721873,-0.10794500174805852,0.43896179066115015,0.7162656081605198,1.1131897974102964,0.9078829456329204,-0.09513351079975957,0.9803590186333259,0.5848532644620534,0.6222285658829547,2
0.9767780383774104,0.8207126516069755,0.8502918471563614,0.6404329620673218,0.05119963604044699,0.48534692649939937,0.12764012905631048,0.670076083647294,0.03555987759592394,0.48080040184253037,0
-0.011570169157055027,0.7869071050475612,0.07264859165579575,0.23700708493406114,0.8266660529152936,0.3126581041028255,0.30537933226485975,0.27438201336543194,0.17121117862610888,0.39870499452061736,0
-0.3821335014697136,0.5097606203176916,0.9639733946892197,-0.270438108171573,0.4266152191437546,0.8333552593523055,0.7933644686533522,0.2392157886182424,0.3318507134240467,0.27812779998646203,1
1.1797127698133485,0.5868888070818254,0.7087696158116117,0.5891245423150624,-0.013732122781456649,0.6870739372854997,0.22030370333173513,0.7895703197260721,0.21415776720268795,0.3535754608456344,0
-0.21052162245447326,-0.37583808390799867,-0.04627387310780495,0.3717428123059793,0.42289527319989895,-0.7978285554768614,1.12039416649557,-0.2041200787053583,0.2857180416247556,0.4465258603887813,3
0.6262954734539494,0.7052663417867373,0.6313782698072513,0.8332295202426533,0.9525690851292945,0.12467494752207836,0.37352436090146796,1.0019743890062747,0.4771290753996958,0.8298846685740041,2
0.7251314902587171,0.054796688382777806,0.7373005747982846,0.22767148783106014,0.08326758550200478,0.9573436578140206,0.18094999026513373,0.4999568724854944,0.1964936090101689,0.8806973682378834,3
0.10116497785330555,0.564281601597594,0.700669589686441,-0.11782536349013467,0.9376613129868633,0.3062291910640506,0.8333944963013428,0.7165464887612852,0.20641665349901572,0.4067744991729374,1
0.957912194427108,0.1278510724687778,0.5734858938261016,0.8724896539053885,0.6887944085103993,0.8285480053639449,0.23949407388022043,0.9346175799181047,0.6485682461710407,0.25460116865440235,2
1.055210669468795,0.4987861471578767,0.7344194429252078,0.3158948241436669,0.17348163751053597,0.883610433741734,0.3912829204217632,-0.04533619898423139,0.7247710196559647,1.0535906889392053,1
-0.18723355067673314,0.6938285109092206,0.6826040395113371,0.05184910186448098,0.9069628958356588,0.46523407168872943,0.44305073144089385,0.2019597743475942,-0.06013683948753748,0.25148850557347957,1
-0.0749935557704734,0.3864788844993445,0.5258363725175055,0.949831822133411,0.30080323356276767,-0.020948670011062154,1.1751794750296827,1.250649551669837,0.2879333962400336,0.46352360042667945,2
0.7909984903405165,0.651791072246683,0.46221320753113976,0.7422354296508606,0.1645301915790866,0.03632202513623968,0.5052901330573395,0.18349961042491908,0.41367118327047575,0.683335269018406,1
0.11961834779030256,-0.0022068563949094733,1.3359711183857423,1.1700997329845406,0.6767623867734031,0.6435114443997914,1.3662583357967684,1.2065179073563044,0.03725785837643991,0.3471650355263093,2
0.7245183254876805,0.9368755217110161,0.7870789887311473,0.6803509402663598,0.3219258005456824,0.8389550869538324,0.20245827282438833,0.18640751540327877,0.512925267531555,0.06188472943903087,3
0.7617966733953686,0.20313202190225996,0.25954610422650226,0.2971453107569339,0.816925853343458,0.9459167216186931,0.7528907921021243,0.5651754214431917,0.8342930304301488,0.11363962344891794,2
0.4607304421633749,0.8177272095447529,0.0808184357222572,0.36200736329693484,0.6419171046168306,0.195341033917238,0.8673109955241399,0.33476833267091793,0.681932164009151,0.6096463257163517,3
0.8644848520775541,0.3208754645150195,0.7322182746239236,0.04127195793011474,0.8348888906576833,-0.025925543811273863,0.9036439959705292,0.646229333052113,0.20231389219735854,0.768470660218404,2
0.09042920802366344,0.35902861701059846,0.5837881005349157,0.0895469616972978,0.5242003136914737,0.04307757950387116,0.6784360059936255,0.7435534642040195,0.6401083392912057,0.25691752124270134,3
0.9630487092917618,0.9578554121961164,0.07124007240396549,0.7803045803789515,0.5732737740881388,0.3894988601851957,0.9445268343117107,0.04639117337038963,0.3070071530309517,0.3311319117172878,2
0.563940093812014,0.2668826123796118,1.0136170316524877,0.3960154947681206,0.6095818408589597,0.21452763146139864,0.3319242916660503,0.34861509081006986,0.6905582639071848,0.6411750466448146,3
0.6083262557986374,0.6561080365036814,0.14640428334920746,0.6424122068763305,-0.02858640487241229,0.3940917869841293,0.7101076830707528,0.4171369395796857,0.8492128602269501,0.3790052650887493,3
0.43963956492159134,0.33200952644270953,0.40580447416769366,0.1600610960146807,0.23060758723324748,0.038102432005595765,0.5398107053928503,0.05277516309132485,0.564280283418719,0.3255161175398939,0
0.8728384241500932,0.39799731969233937,0.7844823941440816,0.4164976940934422,0.20011806667912269,0.9456304077186242,0.6018975316947018,-0.14484424420175954,0.7539589037939226,0.9311373253811699,1
1.2711691713820368,1.1575477578308706,0.38072856493031715,0.8702770022675345,0.6094041758724072,0.5820842725224954,0.6382597590802863,0.053063707791373455,0.7406797278166117,-0.29662834689019874,2
0.8852000742019264,0.932724945190977,0.16237079029651916,0.8176081312484562,0.5151689421851535,0.39517131886360324,0.9548712419468878,0.055892417420394906,0.2469365765327869,0.28161190389795676,2
0.7868568933959564,0.19839783759725804,0.28779368697518803,0.27412454888938054,0.7939262723552514,0.9004214065852407,0.7320454576666752,0.5562284732347308,0.7990026710830972,0.09393950592540595,2
0.8360435233083948,0.8216359486304214,0.7846229217181763,0.8165274109394232,0.9386029487793676,0.25883994010761313,0.36617523693968806,0.818869088245494,0.31383643772026715,0.6153012371277689,2
0.6080301564078796,0.7889676185511251,0.9844128147878582,0.7052033039033264,0.4188107057863495,0.24078430169213516,0.200899384233063,0.9243434782221542,0.7815224719253069,0.7662969137146346,0
0.8690646517626811,0.27876039785296647,1.0956379798476674,0.22111645312157274,0.41740356639244935,0.26806808688182976,0.26942348108055003,0.44625218098869984,0.5602144514331112,0.48330852847026107,1
0.4965860339627413,0.8864566296050832,0.8813636925367462,0.43188780043431874,0.13374614826966158,0.7539523670363757,0.11677097882245815,0.33735730106139267,0.4556556308078388,0.24711083152285712,3
0.053875126439754506,0.05990150702042979,0.4294413095421184,0.35926997867258376,0.4474090318593723,0.7239494331470587,0.836142256492652,0.1862968016099785,0.43764902099901565,0.48590704616598246,0
0.961148014047373,0.13986595374194302,0.9429802705545629,0.3024823732726079,0.40407982753940014,0.3895651719647863,0.4607147527125897,0.579945366478065,0.44465355243654975,0.3733559386792299,1
0.2978159667750191,-0.09962587920341237,0.43582168215173434,0.532728317646104,0.3416258280737787,0.029565577663057035,0.7355101524311438,0.28838738854275703,0.8997737130548235,-0.10503175876405246,0
0.073735966081826,0.367980296588284,0.348480988735388,1.0057568446207772,0.4880113521416604,0.7593719032604602,0.4576576549109467,0.713622234687805,0.5820901228533977,0.6241148746849795,0
0.7677838351197084,0.5908234986754395,0.7280213278702138,0.3520135209244049,0.5948781172226424,0.9877761066954788,0.28483532516648563,0.15029765403869738,0.2029626273428252,0.851624961921371,2
0.680553217578261,0.042894444362228695,0.6030783974311179,0.20395642922370114,0.6903941688764188,0.3040630019413429,0.5196877980156291,0.1932617757172466,0.6490282976842905,0.24340252374743407,2
0.542021010927112,0.577830871575628,0.7404789816164767,0.6393548235543167,-0.20227445242841624,-0.35867139729509107,0.931141458053984,-0.1540840252541557,0.4920924721051626,0.6687402980273881,1
0.5844529782793162,0.6167343791694021,0.09725349396993907,0.6611810001367451,-0.04949486919231036,0.324351606498856,0.737473434674948,0.2924213453930621,0.7032694656865908,0.14073621503039216,3
0.5073669545579681,0.7952947236673108,0.8621150777413439,0.494281327912532,0.7861784514351812,0.814461792995262,0.5336809077424836,0.3176131392912249,0.7250201451408906,0.4625662284798139,2
0.240316934922722,-0.38511613086696717,-0.2313112291541886,1.1093944766311927,0.5652551487063184,0.4020822501213928,-0.17692786635776406,0.18801257282020606,0.665378279289231,0.744885501798016,3
0.8687878839736434,0.3118599459200537,0.710564658892033,0.03138465467734774,0.8931495319640284,0.012180671443813572,0.8716474381065159,0.6634384700043938,0.2278272547400185,0.7625016694444259,2
-0.14617758463549374,0.4106803508584511,0.14812311574240283,0.5191513547271676,1.137786688976882,0.6385536059228258,0.2913450574583425,0.26103530533372177,0.2935867667734778,0.2904080595213877,0
0.17583359838071938,0.357707790415964,0.986334995241404,0.7162561200000052,0.005534678551954812,0.2426332735272519,0.9177281813691066,0.7329540361331565,0.30658847052537785,0.7082872020917056,2
0.8807612832498777,0.9141240431784895,0.10026560239290243,0.8004179085418286,0.5276718285449351,0.2969281818101891,0.901703554202437,0.0757530475647828,0.3513055095011987,0.35962717474922756,2
0.9800847944017381,0.4325562767785158,0.6589927276315704,0.4989187068310972,0.09583545333900383,0.8907892658057219,0.31739125117732575,-0.08749317270423292,0.75437361963317,0.9625610099191635,1
0.08807685881565346,0.951023129440921,0.2938343286813595,0.8384764906439435,0.870781209035539,-0.015095991499132252,-0.012287488049159093,0.6669917052441565,0.16650139266110353,0.9720872370510062,1
0.7606612383935181,0.5497950635272448,0.7538546741992723,0.3416834305049646,0.6736382275364282,0.9099539516003183,0.2716363953509021,0.1742411355025871,0.161808253167521,0.8483411444194189,2
-0.10848695364504138,0.5785815822728129,0.24145432877827405,1.1898365333003516,0.3060847625515901,0.9732342011261694,0.30027778065763555,0.8168861343657701,0.5415591417035911,0.4238736026168026,0
0.42567278541843273,0.782158846613469,0.07233810340791746,0.31530331762096725,0.6499753521639465,0.16101997928173498,0.8896637477912759,0.3642783383034518,0.6453518754949383,0.5834818285255662,3
0.32112177748891657,0.489181303715607,0.3378752535829113,0.3590610568225011,0.057232420233292544,0.4517926116948789,0.20829367797718112,0.9488172743888866,0.0472865442184173,0.36507177710853034,2
0.6999710370376231,0.9962488847116808,1.2085501262477658,0.6898005409167786,0.6911653214098601,1.1475027982668036,0.5169374441293098,-0.08507806933586115,0.5006854401356263,0.050436661167118015,3
0.012753885452072403,0.6142723607437244,0.8141622915318597,0.22701513154086475,0.7301675996416795,0.6791994317224417,0.5312179273663068,0.0825223735855637,0.7789362111776313,0.018801607197222358,0
-0.5445206303938307,0.27213216826667186,-0.11053569530753654,0.37723079371441204,1.1456598594471838,1.2309438228854566,0.6055754429712832,0.8588617403052432,-0.05722625665879277,1.3074702029102716,0
0.22442490027071452,0.4432190912092568,0.9339129819543929,0.7472483504209538,-0.003392281999581793,0.19283960849867102,0.7813720299650806,0.6162216014505493,0.3550820762624694,0.8065135747749852,2
0.10622998543379883,0.3508041945071994,0.47417307144643117,1.4334728592982453,0.04087854630470522,0.4235804466402012,0.3886264925702724,0.46017995661141775,0.05500945332876184,0.6977798250889421,2
0.9504920931413632,0.1253363423796302,0.923073633051009,0.31044216301848504,0.4155838174257552,0.38144227682678833,0.45357299697842224,0.5743051155853529,0.4331836169370466,0.36004963403753487,1
0.03913200208675681,0.8260817881566614,0.7181205653264089,0.7447223833995595,1.0364420221867436,0.07605334475343453,1.1225385061500412,0.37500527765337527,0.5515397148542289,0.7024590145202324,1
0.39768792890234295,0.8238237626618168,0.5258608864279062,1.2789252085904694,0.3325496762012986,0.6127472314786002,-0.23972355426098624,0.4527545952304951,-0.10929775132309316,0.31786389865897846,3
0.8731837555605472,0.31252766202032944,0.7140520976611665,0.033556465288509904,0.8923228061069545,0.014540539716508729,0.8716317263343014,0.6602167496790299,0.22436052203633675,0.7583839411349069,2
0.8039503707071968,0.5853017302824118,0.7790757813925642,0.38163307938967944,0.6432250954092698,0.9343749828021922,0.2859471925009993,0.15231319042532288,0.19350479337779425,0.8560013322831341,2
0.7789201499272604,0.5691723129962116,0.7544912800409478,0.39781993009507444,0.6184531734206187,0.9179267436466447,0.29511715591208343,0.1802984007472933,0.1784331100843852,0.8705849736079859,2
0.05477058696896673,0.8774874080990827,0.04406623597726276,0.3205977636773587,0.7118722305244983,0.8444597326043066,-0.07398910189148566,0.662315959047264,-0.02231325028201911,0.6861723312370618,0
0.14319158697064277,0.2648580833415918,0.335058708212268,0.9395818086005429,0.5634925475725411,0.6881171474724048,0.4922113563676431,0.7307574662922837,0.6450237960334543,0.5595502065607388,0
0.7196243316017065,0.26523937446810886,0.9190005683378186,0.37909225823291265,0.6930556052599851,0.363659789918734,0.3226002228918135,0.0374807764016844,0.5346996642197921,0.785941491433604,3
1.0145001609470217,0.7367992868623979,0.8340695802494026,0.6483957260646381,0.029883865815034057,0.4391940949597856,0.14100627356633044,0.7362230170179348,0.06314570082382721,0.44341158940532077,0
0.8171776674447481,0.8308376320695249,0.7694772052914267,0.7997329958037099,0.9101214781619376,0.2567136130622412,0.3607799211977393,0.8018171219820277,0.32155811630425424,0.614980037051745,2
0.8901973870407953,0.2768716099852114,0.7160902210884487,0.06731674713199869,0.8574085776272644,0.0036760826959526174,0.8528890558915664,0.6892338936715606,0.22320543996976966,0.7903904411823861,2
0.5712968809163133,0.08509195361436717,0.5896416131741256,0.7460336312818158,0.3697881012345933,0.572590665433486,0.08298788413108005,0.25741754623360075,0.3444783095978345,1.1265410184936853,1
0.5583226556673504,0.21011726920862103,1.2031797357670317,0.9615005245974275,-0.11121442039445177,0.23340546205516072,0.5631818252694543,0.5409530424183611,0.6043045533502388,1.1441067124837825,2
0.5413308542559165,0.26646525158671125,0.3833517795475607,0.04784800530822193,0.17718521498729453,0.18675828023994526,0.570490397550806,0.019671125738784403,0.6319916316447399,0.38323477029728636,0
0.911956243876173,0.914446589357015,0.12199575170451002,0.7659705105099885,0.5593500699401996,0.3267928109740731,0.8864700851712735,0.009665333640689494,0.2839644835300431,0.30722585539741903,2
0.8870711693265101,-0.17898070828973553,0.24269592952449484,0.7103378594091107,0.6841934567938242,0.17433734130184972,-0.16256239624012747,0.7708418400141889,0.7126674160734316,0.5567882936295269,3
0.9076209174227925,0.9141701636213264,0.10173001088733717,0.7901430149119674,0.5672291805330234,0.34309881729156894,0.907532326698944,0.012371272348480119,0.3057274794064126,0.3079480143275276,2
0.5209253155322932,0.5510199755356822,-0.047326758760948384,0.5640511869367255,0.034691512841123734,0.48147449839373796,0.973819803145132,0.41647193553284273,0.917381938848798,0.11003236329754773,3
0.21522786059086985,0.18485686077799435,0.4223175264249181,1.0562346445498023,0.6301949171562293,0.9581147536723453,0.6360948867634235,0.8895790283023006,0.5209082073956108,0.7421489261222278,0
0.7276326331675332,0.19925424955270407,1.3706441558317088,0.38514962815304055,0.430182836340249,0.3575328626989649,-0.11494672691003965,0.19544762645568942,0.7403891122627343,0.8791444571218363,3
1.2189551999852948,0.10868730900324011,0.8569058455721404,0.8829484747673991,0.8373107397651272,1.120857483848058,0.22027157537320938,0.6658621839997878,0.5595732153059487,0.22341134338655788,2
0.873594440382223,0.33747651008552765,0.740193394987387,0.041287511967899315,0.9056348616052893,0.009461073962159885,0.8744399805160558,0.6406801741843428,0.22401192026513728,0.7412910925402519,2
0.790937616832908,0.25590250243907714,0.7826509594529619,-0.02604760287969416,0.8474317402527358,0.042423236763500266,0.8495022219876902,0.63534765210339,0.18111852233076525,0.7239001155743982,2
0.01977264307797874,0.7218999383887611,0.5205921396682058,0.5058392226091206,0.8893643938577043,0.29741788622841786,1.1598782815427504,0.4831489635968885,0.4895679564387878,0.6468902101790185,1
0.08170456753400208,0.42386807574771246,0.4639326822583532,0.0221949337855658,0.5768947911009213,0.06570704268294295,0.6510453254679966,0.8126017054835825,0.6283173881501836,0.07835953998303555,3
0.9806011882001203,0.32755325272151153,0.9189020704455094,0.2567500745713992,0.22930905636191945,0.3899511486526159,0.3914328633646984,0.6966542482563094,0.3807664779229357,0.4359692856688965,1
0.09072786690302552,0.9692207514600413,0.6911323940687625,0.4210601957867051,0.9325625379994699,0.21763431355074744,1.1323231909356217,0.13578163898180468,0.41486690946533045,0.6915355368249255,1
0.45274725922125614,0.8292961927080889,0.8711383704409301,0.4307824705655129,0.706234730311941,0.8177559035947575,0.49322991022623563,0.41664995716290887,0.7756934608300678,0.4032288360249695,2
0.7276617028675003,0.04103478608879841,0.6319107923334614,0.08793455554714297,0.15219059040801564,0.8304250733925119,0.16835830647499253,0.3673426440329965,0.2635315792241828,1.0289826141588425,3
0.09760480965679252,0.3564424502542586,0.3584669435777264,0.9990620778588202,0.4679222592967703,0.7837404605388008,0.4664801502125928,0.7286042982182227,0.5555131037180435,0.6405931009523183,0
0.12206350369920921,0.926048755956142,0.7663840641710704,0.579278832319571,0.882542561123768,0.20340872650992073,0.9769897486467676,0.3886613993890533,0.7276018031566478,0.6375351835870838,1
0.8901011170386681,0.2806473918637524,0.7372235361200082,0.0815288974108953,0.8897957104255901,0.005241240943286731,0.8883386363237722,0.696027818302225,0.23814230623888732,0.7668696574976577,2
0.8853757870071598,0.31058456127779455,0.6871006902104664,0.005881386214237203,0.8720224342048241,0.014658668919728675,0.8535697703735715,0.6576755984807509,0.21066750844305768,0.7606191802731689,2
0.42399444236667555,0.8003198171984208,0.034886176080024034,0.3217562425941857,0.6522188216979636,0.1600145036612522,0.8766524607353381,0.36086626893725515,0.6630191184296528,0.6280261943732866,3
0.30233954647488304,0.2035163748869539,0.053862128276236584,0.6785161038725932,0.5081724672738201,0.22334077641094727,0.8029416344135917,0.29202593609358674,0.09436182349366835,0.5994729956536323,0
0.5645265801176551,-0.06234339895394697,0.14446877161346589,0.3119332531404658,-0.042156826765917865,-0.04543507523754331,1.4558249702914157,0.4123522972408273,0.6154611890659495,0.6203000256651887,2
0.008508306134514698,0.29759221996340113,0.9427706761171643,0.7038872168800048,0.8504039907628185,0.2476543006107696,0.7327461488157703,0.6740741901749596,1.0733923654592652,0.26682231265612605,3
0.9498175805270832,0.5524861178422252,0.6970234157605459,0.31600916210210034,0.14753467889245298,0.9180979390470002,0.3855853255733938,0.01495572940316958,0.7209518152122831,1.02884153942692,1
0.6426702815181796,0.10344455989023166,0.6246964492757109,0.09281086171063306,0.758039845827156,0.32703055489483945,0.6136203974001427,0.24343616117145664,0.6485751529276932,0.23561176455398053,2
0.15811000315200982,1.0074254082831975,0.7148993978371108,0.5291553560419777,0.8402577096619589,0.22238591854542034,0.9322363707053565,0.36902549777833177,0.6966266206722787,0.6715190365293735,1
1.4277647496763928,0.997410057454184,0.07639814452142468,0.5054611302787116,0.2288849609673211,-0.2941573993118738,1.3896350111529037,-0.7187518294536439,0.73303206932189,-0.09497763399439191,3
0.8189707914626396,0.3737437151177378,0.32881873448927323,-0.23169174871708803,0.14910801519377967,0.20517586582570158,0.7797681515127759,0.006508144068395321,0.6403550633973925,0.23745042291399293,0
0.07394541156866195,0.14999185345857713,0.47584667393210134,0.9091553463065183,0.2877208268872832,0.9653247077021162,0.20753940787294373,0.9511687956133373,0.8248794830305888,0.6345827732179768,0
0.3735810965898436,0.966634346088527,0.30639818099149096,0.8829317896096711,1.0298426936167075,0.18454057938393498,0.0028862626722792675,0.3951334953317956,0.5262630052421506,1.0079127543563746,1
0.8015419855436667,0.5906077554323927,0.7857212466333212,0.3680279895477512,0.620432190936713,0.9336796114098861,0.2778229380543104,0.1447142336289041,0.19145477006206563,0.8503322273842131,2
0.9206009555104396,0.7373897098674586,1.1778924335778067,0.9785129515644813,0.6234019049815929,0.13867093016508467,0.3780301892794976,0.7049442973613369,0.5420894961429741,1.10552299069338,0
0.49905295822185103,0.569971208244372,0.21516635858681338,0.7165842464524086,0.08952030411502607,0.32026623260831905,0.7980346808148475,0.39405344189141434,0.7006851263658895,0.23494358828682518,3
0.21702479449138443,0.7517338161568152,0.5437510455803404,-0.007823463502653394,-0.12781974869872603,0.6262754041090539,0.36580668362441426,0.35504599026251693,0.30888445236939815,0.1424434343068829,3
1.360074825688704,1.2650778484659897,0.6064183122309621,0.6563616412518838,-0.6614987305166824,0.8148333557689769,0.4089076082428762,0.46361419345375404,-0.04459796256612086,0.8487620826235687,1
0.6621837514487218,0.49690809251490015,0.6030430394076176,0.6749394326951264,0.05852333385673482,0.5100312820325461,0.7427435901862152,0.538790711084832,0.5527074076859021,0.07764740442307096,0
0.013692213994928341,0.6141134249181305,0.8122774835740784,0.22713545075275937,0.740816714232081,0.685553906609788,0.5387940322855961,0.08180488558480188,0.7736415972656441,0.01571286836325252,0
0.9135019455248289,1.0642823918643547,1.2590045684559583,0.9494042241766467,0.30249810469549265,0.5386393491522669,0.39011764292312257,-0.24218157550425276,0.6088201251692253,0.993000610522671,1
0.06487417379673811,0.14370507663138324,0.5188940993622622,0.5275901392450743,0.8608667323012072,0.30563508531671685,0.4532077142500225,0.7732979993983328,0.44055192242890123,0.22919863724086073,3
0.06344610941164133,0.9045341675299008,0.30736527869067487,0.8699611400579514,0.7489720189321768,0.0680014739844,0.033729369353885486,0.7179521247824936,0.22880565809087505,0.9755393629397567,1
0.7942341488004115,0.5959472330532878,0.7731862870218013,0.38883327654629385,0.6361672751719702,0.9210288546968007,0.2813326715948771,0.1527159637401428,0.1972459458337123,0.8530450815922392,2
0.10669735807699707,0.5959543547774192,0.06180709878332664,0.0774393427202294,0.7905854423679891,0.4963447756739718,0.39768032839035977,0.440791882873198,0.3143795659448868,0.5620572981633969,0
0.40443989651799583,1.0266070298197678,0.6487040717079767,0.24403313064346246,0.3082407293546303,0.7338311870529782,0.7212600062373697,0.5276878239189957,0.5400114913290641,0.5089426677547757,3
-0.024097072488885443,0.5521387284819028,0.2164826907799845,0.08194633547324826,0.5112147340030639,0.6494069083807127,0.1206540060604995,0.4373507741874875,0.18846840182264263,0.1960986694525403,2
1.0355623875189552,0.6610953584674539,0.8571893080286754,0.5312723797191334,0.04759422576792638,0.40675316565576464,0.1870377279014367,0.7921600158886388,0.02501876904408147,0.5228544613269301,0
1.0623917595391674,0.05185866962235601,0.5340797387543738,0.5678100211675192,0.2755447338165827,0.9570640317591153,0.2547330612079123,0.7820718996653637,0.7813400751142137,0.09764889111019753,2
-0.024665474786155196,-0.12470003126549897,0.4686882607341183,0.20876205469397474,0.5472843409591797,0.6413264123118035,-0.06349160272575752,0.49715308415322484,1.2260600333237777,0.9998022076748143,3
0.3162885189709028,0.12240663923701792,0.3191575629444736,-0.13524777054953224,-0.012735053077405883,0.06198849082155604,0.8028831354382333,-0.16541128510554803,0.418565018962091,0.5059381146981565,0
0.48064258109531055,-0.34994938990987623,1.0446065771679471,-0.26120553616603015,-0.2328869627225093,0.8743395907271623,1.0485818470325323,1.224867343963829,0.38439953860567394,1.2574591829828403,2
0.41154302658259573,0.2388039332177554,0.5638725667041862,0.6361491684151974,0.36533999295270975,0.8048233867541718,0.8746759407855793,0.5080939118725457,0.33198550092767565,0.746533450898368,2
1.0201420241961558,0.8958068666097645,0.13804018917985686,0.7135452476749671,0.6933954332900892,0.20279878142650665,0.8959086887966041,-0.020652267029350573,0.4371355561614283,0.33158683657101407,2
0.46849018740144754,0.8576254500216239,0.8948666756012236,0.5019431673506975,0.7916944761795794,0.8367060959886659,0.5722308180903587,0.32446619301385365,0.7844189625495064,0.4680489116090498,2
0.5210994986074683,0.7006187122177129,-0.054534522998264015,0.1561932123531916,0.5280596286082435,0.28667388276199046,1.0222059738885103,0.44476666266670084,0.7318984120875991,0.6818960387042861,3
0.7803762489837107,0.22310591083936793,0.3326355863362683,0.3019366990068236,0.7760301296155555,0.8856109569150338,0.7317199489058224,0.5776603597836466,0.7949887142032256,0.1062912931651683,2
0.9889116840351858,0.9992121177586872,0.6442022811322115,0.019524077024884796,0.0781568319342427,0.2215947414746485,-0.0007117814553688519,0.7574017527952722,1.0025839240722785,0.7114757441594122,3
0.609486857247944,0.12190081473072988,0.7971610345550425,0.23830276845420825,0.15715147657257272,0.8340463498695834,0.20121682031739296,0.5605221555267231,0.2642382776039678,0.7949529456029139,3
0.7507760920613014,-0.1946799661529407,0.7282882525606797,0.633154749648497,0.36821843138002164,0.28808026360162986,0.3840118706045195,0.8601058006795994,0.5654359652311971,0.3253505247901388,1
1.0497675398687674,0.6826363893763786,0.08540375836075059,0.569703020452239,-0.03971699741313481,0.3395639772566131,0.41337339367183795,0.44250308170207897,0.05653410850196122,0.4786816648848039,1
0.15337817285012956,0.7992705694824401,0.19553755165166326,0.9480900098099945,0.6820677207372577,-0.008053154330168288,-0.13266778754579198,0.6234467230807037,0.20249120382372335,0.9906331668850821,1
0.4609153563793827,0.8039904875381475,0.13867126814199604,0.3135774514637116,0.5911161866666278,0.1276598854179101,0.9530024648206815,0.41018421016991374,0.754659482639566,0.5246121072746255,3
0.006437123739539211,0.43465175438246184,0.4943097697545761,-0.0298726667699028,0.6164865805040433,0.028583686529089134,0.9839423442692345,0.7159155326177942,0.8392276759368426,0.16043556444069806,3
0.7592175581151728,0.0835360804921243,0.8284920318223465,0.5411274250326218,0.6281182614472965,0.9831103358318157,0.8244553327486953,0.8782845841836575,0.027531405494957528,0.34718149142016325,2
0.9568770635021945,0.8870243270680783,0.9712316939695078,0.9705087550007737,0.7246280770553597,0.3919596211271462,0.4446020149721136,1.0061441570438825,0.15341197689441952,0.6688048921018788,2
0.6801605611947182,0.47610702582205344,0.6097078562401644,0.655222801093425,0.08710447158144549,0.5458054594314063,0.7617365525180486,0.505288252567379,0.5724352442462115,0.0618808612112067,0
0.9678934319630633,0.806503956837544,0.8422132664896935,0.6334829457708939,0.06100136470128692,0.4916519539580686,0.13899402545022854,0.7132975322782289,0.0671179239154759,0.4710403056526279,0
1.056357058983854,1.024652852339056,0.2631600540748086,0.8249162251667709,0.49436490581182774,0.3279352398026463,0.9576443072831498,0.012108426337023644,0.3466059192815217,0.40267695273344806,2
0.8468495998068445,1.2256017738197145,0.6227349953274306,0.702454079938766,0.39873948076597876,0.7542552050173233,0.2690983415161769,0.08660032175160105,0.505552046583653,0.04808417905837077,3
0.5057556117042369,0.6588601733742265,0.6876503486578213,0.2484072685109921,0.8451116682440992,0.8731720237609633,0.3973964848497936,0.924511633811901,0.7264783321312351,0.43952713529677734,3
0.12903596378763685,0.4955170086039291,0.5401346669057285,0.9136945334092211,0.5100547057879132,0.64283697080363,0.45396745445672915,0.5617787285799989,0.4885327501434408,0.5359885801562264,0
0.20417292226550965,0.9665023871366704,0.7623959526824938,0.4881556481969049,0.8986464101699235,0.17485625287381767,0.9547841963012837,0.32489964930317783,0.706562453935111,0.6884477808408997,1
1.1094260895782084,0.7705366437354828,0.3040722418343522,0.4764362482553032,-0.507936566738417,0.06789369335618067,-0.017853911546327296,0.7765766275184933,-0.08446756923546483,-0.09044464938716634,1
-0.1635534529187263,0.22895988726687114,0.5856420691724984,1.2826705250099195,0.2962655569641097,1.1836864190827634,0.3418117805215549,0.5216247011215237,0.8439729252059818,0.3194109828453195,0
0.8697384127375064,0.3129982968366652,0.7133270174768568,0.033415477095371404,0.8876731496211684,0.014485496292702498,0.8697483269277709,0.6540701730456457,0.21949642413486548,0.7560801768271147,2
0.8970430660626078,0.3153799499087341,0.7149783627945618,0.04853572464849827,0.8696888191459212,-0.0008600048687899924,0.8883823407843086,0.6678889888431954,0.2182814272278338,0.7356054506158186,2
0.9307079054103216,0.15365636231536775,0.5527477105226586,0.8638718051539578,0.6736916739679923,0.8766238654934382,0.22190546093915195,0.9055469241380989,0.625656544347906,0.22317036314204625,2
0.014406022047718459,0.617560042619688,0.8110236189429629,0.22891443820497206,0.7321317788433068,0.6759483213251904,0.5280606590390712,0.08373699164558586,0.7785439335224181,0.018606283847772402,0
0.6802719262372907,0.053426349432407476,0.10889164974946194,0.8603185494850687,0.9226520442903322,0.1470496292703607,-0.01350457822077921,0.5898672307524182,0.6732171178717445,0.462309956720209,3
0.8794476629168823,0.05293747366460909,0.7040639646353143,0.8107860223576038,0.5607037070091033,0.7703286598598935,0.17580785005727168,1.084850877170785,0.7354825034653395,0.11935212666524844,2
1.1005569224264187,-0.018374037975836595,0.2104440997928239,0.5603250398239068,0.19706878467804434,0.0670104076099315,0.20966358574810356,-0.16361051175031238,0.1364242070492694,0.7401374767481197,3
0.8740379489293422,0.3120161876205237,0.7145172145005403,0.03296597543065639,0.8913453846548884,0.015447448096058606,0.8719144466010843,0.6595741182140004,0.2247770282753981,0.7584997661943476,2
0.8772321447620757,0.3682359343252017,0.7554192226999195,-0.02855936740691859,0.951341727780535,0.03384484207830387,0.9338019425386692,0.6751683966104208,0.2293305591164108,0.7669264737188493,2
0.4377000248956289,0.8880867935600855,-0.040625188504794574,0.2849621229887111,0.6087915401321115,0.23834082023225153,0.8926513953356977,0.2775867574312551,0.694163036454352,0.6967570083432477,3
0.04637009981040508,0.31001245433589714,0.3159552943631335,1.0541311358460412,0.46398658959463307,0.8103927699169517,0.49540521137920646,0.7560446213993545,0.6265194207936182,0.6393680902386681,0
0.8649290827711861,0.2978021148235336,0.7101497034915261,0.01813655754038585,0.883784013136409,0.02422041938473606,0.8754908730279743,0.670124913471327,0.24081786556076212,0.765953440416619,2
0.9130562999116343,0.8901365312251239,0.12737794665597815,0.7579450291694055,0.5601396743539676,0.3272490262132327,0.879734435853231,0.011495580152067858,0.29651616386592056,0.3124503941348882,2
0.5637414843523662,0.21432054406091255,0.36888697660218345,-0.01010496051610836,0.1417816329802056,0.16465050128693012,0.4569594941886384,-0.05178802267747789,0.6210708274822876,0.43066759992289333,0
0.8876021177642036,0.30454036834749276,0.7165370971486669,0.022081010171483482,0.8932955301042641,0.024720462218341937,0.8689263150784567,0.6494631933607954,0.2141984091094534,0.7606360408898656,2
0.29558058435680934,0.2468372686138844,0.2539168063973853,0.9886964032368175,0.2675310001500484,0.4293300849107049,0.5397129646207116,0.3315858391367728,0.6185230166573208,0.21065062829957154,0
0.5546118163992845,0.2758312022413977,0.3734659869047298,0.0612480445623363,0.17321606339500942,0.17932913440451848,0.5655619861048164,0.005432098463352548,0.6733774017516913,0.384245406052478,0
0.44734577431688066,0.3578648441547976,0.38240569219798315,0.7398661967903657,-0.11082080851314394,0.16231832671225427,0.8454880953697596,0.3378973067733553,0.7436069514549397,0.23256183987716472,3
0.5726407697614149,0.24700437490095178,0.34623604749314624,0.02421142885091663,0.14379468413993807,0.20266954870837986,0.5506004664185759,0.020552932514064943,0.6470366436459194,0.3640413062705599,0
0.7461686359512528,0.05245723079362514,0.7329873248456867,0.24794714357273914,0.09191112826931369,0.9573452252569762,0.16856505595543209,0.505636340698414,0.20610401485265892,0.8672500129096766,3
1.2207847016648847,1.474795595140901,0.33248875218229096,0.7708864967360382,0.5119347543315931,-0.06111326351541313,0.5813263844559267,0.04587319312062393,0.7646800633814128,-0.45263366265559357,2
0.7114398708390008,0.8144249164135633,0.3428182080978505,0.5425917211612884,0.08277489131049542,0.0548647243566594,0.44222087723448383,0.005655354737494511,0.6391295520163426,0.8039403326761952,1
0.6117547854625625,0.5913160006841562,0.7333810009990624,0.9498683967347838,0.7002300748826089,0.0441071398544426,0.6068093005617026,0.62872477865612,0.1255290169035363,0.20500660355500155,1
0.9016293742867484,0.29763980713289157,0.7647378434202954,0.07550291680580556,0.896169222564349,-0.0052109100725576465,0.9010566988992512,0.6375986701310918,0.20623868481997612,0.7460627683314027,2
0.09431256497230253,0.5258769264498125,1.0618315458670424,0.1458474418222554,1.0473351491568879,0.22491272146412297,0.804791498787063,0.7907894818404305,0.2732278494833941,0.5907812089183216,1
0.36333786481329183,0.5646874398024707,0.39232204663268605,0.35690301889429404,0.006303450169673992,0.48532000983248874,0.1726633295683272,1.0358390581865622,0.04206698097333025,0.3408571463548581,2
0.8758265673335403,0.0967277257486152,0.9243218928526309,0.39584932718397936,0.30200976887994674,0.4868512295526445,0.44115163739523733,0.48015277685616975,0.307331655820391,0.318912936223611,1
1.1817678543936962,0.7320183268726211,0.9063878117584103,0.8052554125702425,0.16285803646398803,0.3471807659965421,0.24522850596337506,0.7596981720450526,0.1503612291048304,0.4914085392780673,0
0.04213133492990838,0.16455285026600663,0.5326220339465637,0.5463672570491219,0.9251656551512735,0.3138833149986905,0.473512743948461,0.7332271735272139,0.4519990294349008,0.14356315144957998,3
0.7956371898726161,0.7210057891098267,0.4339260352038751,0.7328685601496402,0.5455496310358189,0.4307587868909874,0.889375956815138,0.41670503186738367,0.5516536078665004,0.21065411178914803,2
0.015451278165041311,0.6178275000371894,0.8119684279869128,0.22295589788266687,0.7283984122961523,0.6785953619740822,0.5290581049223849,0.07980079732268923,0.7804602073745075,0.019820665046989584,0
0.9754630321205611,0.993923873029649,0.6572188581273536,0.007644103139071747,0.08710323772341365,0.2250873201082419,0.01729483629389482,0.7621263934468634,0.9760920514930143,0.7029960683705444,3
0.001544633292411779,1.0113519228021857,0.291675581779732,0.7268133559045378,0.7536207971744954,0.16372387698929253,0.07561281964993816,0.6072757325217852,0.13671255294167578,0.8771091262201385,1
0.8033041750875747,0.8251888354362387,0.6800830916239627,0.7754993864478759,0.23358878687223422,0.6932379945047007,0.35098778364461736,0.006246192065877482,0.7348821217211117,-0.06160196553994718,3
0.9156295127672613,1.0106071599755047,0.5477433991171399,0.652696507262177,0.7425279477206851,0.21386848411644982,0.4734282569337576,0.002675544237752986,0.883363365642168,0.03894452625424748,2
0.8959551078590978,0.8878025048328853,0.10677009460340531,0.7796655195163522,0.5789336819486125,0.31403300017207775,0.8854622149572194,0.037834506971611157,0.3037110022706872,0.319712035955929,2
0.06199520843785328,0.8794558844834612,0.3089730621439717,0.8443772446876638,0.7924051692117545,0.030029479392124483,0.07780945943502839,0.747930293900392,0.2467795610042837,0.9778223880173862,1
0.5407249897687099,0.2246921904470677,0.988330792265751,0.46675374483959287,0.7195147394370951,0.33195889783168114,0.317754059038371,0.45511269601942006,0.783373633933323,0.6023288295390564,3
-0.002016311435314194,0.9368913728121172,0.44670314726757715,0.9205041230084553,0.6911653019461172,0.12423328694938937,0.04026557564563281,0.7098476335831884,0.10892221548056734,1.0247161392586295,1
0.08866314616837086,0.1879951429988943,0.5419274290454241,0.49743791403048726,0.8427829800272196,0.32455892890074634,0.544981492766194,0.7343507471957715,0.41617945651267413,0.18191066291771757,3
0.9796161214805863,0.9905702704988805,0.19502988422968043,0.722150950988372,0.6347549354492563,0.32760642526625416,0.9783329925590469,-0.038961912378430746,0.38258109717733685,0.23414910102373723,2
0.10563902360581352,0.36445387328583684,0.6000443715284033,0.8041213902991418,0.3009679374064533,0.6985657783717553,0.6518736033882963,0.3998035051920171,0.437541311770559,0.7790148181452469,2
0.38898924490237263,0.04092909080360584,0.7587831514614757,-0.10990187268333579,0.9775145152882591,0.06446906783944387,0.4501296541345675,-0.07975371119449426,0.5333148727861379,0.48147930437204706,2
0.8050030846120444,0.5872596320991617,0.7764744249688583,0.3790134697083128,0.6389763877210486,0.9343893596101067,0.2924751559305407,0.15205285082591136,0.19364512833845457,0.8623871458441842,2
-0.03024743523021095,0.8123684017927604,1.0737051941751732,0.5585685027832211,0.14682460631917202,1.147427417292385,0.7185193454200072,0.1315893803402225,-0.07163057966907771,0.45093797724904977,3
0.382260037885837,0.9506192531183125,0.08781678424744153,0.35558239058934565,0.7841142518214705,0.05276743171921902,1.0112327540706636,0.47499594561358005,0.5470298325565075,0.5604635271740449,3
0.01395391701995439,0.6130132431284757,0.813185684108871,0.22743959726804971,0.73075483614621,0.678289226889712,0.5319051711974406,0.08212676665111196,0.77950046602302,0.018042443100620427,0
0.5165810122009911,0.8358676671009612,0.8333849784002634,0.4539980486766661,0.7436844186720835,0.7964684171828927,0.48906947783893495,0.41152436695573275,0.6865338477206359,0.4213753196595993,2
0.7527098325379282,0.7858720374292033,0.8591486588637463,0.840398891521395,0.9313739649858729,0.27228205211026385,0.26131494945369566,0.8462700338290446,0.429436063859867,0.6399349409967036,2
0.9358137489753056,0.9461251803237571,0.5590220383055524,0.6785031595334019,0.7762546271865938,0.2477138829915996,0.470929839604833,0.09976768572760604,0.9117652867635574,0.053826066370681006,2
-0.048737489773833687,0.1595456302009795,0.24046980133829182,0.2295293487367911,0.5637397843823635,-0.09829652301064665,0.596637624385397,0.8566357282807007,0.45863453277445176,-0.10198128448994748,3
0.878930822976477,1.0754424221559462,0.9041380428375546,1.1209441100432516,0.6930482510168258,-0.5743661088163653,1.1620223506329495,0.6298519184191387,0.015736153138182774,0.7900016246886589,1
1.3161559497572126,0.9026144494866116,0.5076732597120821,0.4774305835242199,0.15957055639928883,0.03438904614273336,0.4149687972281816,0.8172606959636965,0.43974476140369806,0.7723761055387955,0
0.021503042813148868,0.45902770706211493,0.778864759683469,0.5388299781576221,0.0351760150491377,0.49620164936151273,1.0882321116553042,0.9032028553276827,0.31113976991793396,0.5857314802953616,2
0.8349525432175399,0.6347773537615484,0.41568277314017643,0.7496205903239526,0.1601821108710085,0.058487798379198555,0.5071017675123751,0.19257950306233285,0.42638480778671173,0.7300303762992171,1
0.7875128754155918,0.5752544514518891,0.7998646830662351,0.39868308050879014,0.6849907811128948,0.8935829164055551,0.2713995414614485,0.14853185172753858,0.1766673521787998,0.8211452587593769,2
0.5404778363645101,0.3086329977169116,1.0787161820694564,0.5254253944003984,0.7363847521824961,0.2983060764084237,0.22582798793784994,0.46885389376936276,0.7534401222298059,0.5885069723977515,3
0.8184953679649952,0.8269744227240201,0.7725303322288357,0.7914283882174478,0.922350557596494,0.26244537084269776,0.36150357305387276,0.7991864006888642,0.321809326796944,0.6207065383395711,2
0.8902724672621459,0.3384735439281561,0.7354169925657368,0.06516066897294093,0.86121719401442,0.007665486867547932,0.8914237412183162,0.6535432083749722,0.22616319937798546,0.7665751244560666,2
-0.2259969282633786,0.3557062498270123,0.6776872551347792,0.44097921783891375,1.0320593647823535,0.2692837104385315,-0.025006476003232976,0.7575219544592958,0.8244598159876126,0.517761992831202,3
0.1609801931277442,0.35280220249767685,0.4301450573443875,0.7309639780337996,0.18319951693742917,0.23268794208084598,0.6348280416019407,0.6334693274762093,0.9353541166468026,0.4439584967810057,3
1.2307711929352714,0.9516001944443289,0.6385182098086185,0.19293103281348373,0.3466792750852857,0.90805050173038,0.3614972240195367,0.24654533459076372,-0.4076881772540882,0.5813785613359623,0
0.5682639387814117,0.3288801361398246,0.33459201355991375,-0.04236981039350911,0.13083024637817106,0.09353139944010805,0.4784539439053803,-0.07741159678629055,0.6144766417534632,0.2653539266808761,0
0.0790310070265946,0.6669326386190787,0.030497886470863583,0.2405094536601524,0.8513151614884629,0.3875483682423466,0.34214622593654004,0.35918255354741835,0.1569044442670547,0.41902331169783413,0
0.7347326359801312,0.5242441776538436,0.5502995924613557,0.47737565511082114,-0.15681782006423461,0.6116799597143483,0.27034708882904984,0.2114644606333649,0.8467142506036709,1.0406980959568999,1
0.6993544665569048,1.2725242513162112,1.0237858948805343,0.4625491386538445,0.1792905490616576,0.9291155146818568,0.5982664062694625,0.4855610340449224,0.060198855442931576,0.11706160767828722,3
0.5362420771545279,0.27205432540793606,0.39428218679112104,0.04283893301761402,0.1686011266769889,0.16609980875890448,0.5443721997199739,-0.0059256926739975815,0.6449620615799012,0.3486017993506855,0
0.17515768703333923,0.48300726836441316,0.8365714446840011,0.042260905674945407,0.6794306386426274,0.2975317759806596,0.7853451556520348,0.501094667664528,0.24065699251304198,0.4024926092397754,1
0.7865891502152298,0.8131481393863011,0.7481670301593069,0.7497666372724352,0.9082750790011238,0.31370471948142403,0.420157815098415,0.8230066793100148,0.35168347284071666,0.5898979258992595,2
0.20539222797174048,0.8608212315903939,-0.030718262156895965,0.25693024263614783,0.655856869333698,0.6109869937869652,0.2840572957241112,0.5393833305188988,0.011254705237510515,0.6146303147516391,0
0.2047739957020034,1.4056289959753427,0.4107181561832564,0.5112919066670877,0.14599596158026018,1.2123863146020935,-0.08388870963223605,0.446142300203649,0.3361117459993772,0.392536661130409,3
1.0789864453518987,-0.26706262830327554,0.2458637512159685,0.8925057862324051,0.2756239715321713,-0.21856837817800556,0.24539981672167166,0.17458809570064043,0.00765943303404687,0.5951343900716308,3
0.06426541115438329,0.06510218925343804,0.7596929488210955,0.34294629575429936,0.0263036950084714,0.38989469379644953,0.6047525478521669,0.4609357405818392,0.577928653420244,0.25562855138835017,0
0.6260546846320523,1.2528849648485296,0.9913419917459869,0.7737340035877776,0.2601550596365188,0.7566402112547745,0.08277374126047685,0.4641074129288555,0.8164397964872396,-0.03684953366509633,3
0.9008370637607335,0.08469061278926845,0.6933535954487247,0.8869510324160889,0.5921917970855407,0.9618776323380155,0.2626323966804506,0.9491923064202868,0.6581175481456689,0.1292002152604108,2
0.46225642739619627,0.8510597401836303,0.019264935783234245,0.2828652169587661,0.6419647607859105,0.20634961374907712,0.9186173399286679,0.2795920262679734,0.6824491640850139,0.5688788871427329,3
0.22288350857193662,0.324437307573269,0.24841612335067195,0.8556955262041486,0.47411294693095124,0.1343252173075068,0.98295205549839,0.03163846884997745,-0.14078643718697015,0.36809855504997757,0
0.25787189395479837,0.44887935518912947,-0.13247059468648176,0.2159881933891503,0.7628492995358545,0.2146254248501476,0.32802150954653725,0.44355730596591,0.32560976144087056,0.6794560634621306,0
0.6077958906419569,0.4786949433912684,0.6463339854729222,0.6424596050555378,0.015952168511607613,0.5667429214282911,0.7289786509374697,0.5546398405106667,0.5420950867706745,0.0842256914408271,0
0.3820763388724157,0.13624139640824967,1.0405366678579233,0.2872645863496687,0.9360156117997482,0.9374377272654832,0.7800038218723084,1.0972527861801207,0.46928604101664617,0.06301985109319175,3
0.2578808819698409,0.589442589885534,0.876195514572167,0.03267441341205633,0.8860340650149502,0.37998071580976117,0.6192961996138702,0.6590134551074597,0.056612833847833846,0.2711760720675447,1
0.5952447442633014,0.786510566281125,-0.11694007406450321,0.5030377646758717,0.5691734558545472,0.11142923277521086,0.9676968863920509,0.2556862542777433,0.7467493493549989,0.4520426092012775,3
0.6375594005748992,0.521571893507107,0.6383935436106717,0.6584888231289672,0.06876573500239623,0.5436514312005685,0.742910467427951,0.5528151859483936,0.5840923449589305,0.07850070367656352,0
0.007131054097764669,0.6336658587671319,0.8276470161629113,1.3665347616718488,0.4370236337925426,1.0530792358245384,0.5640193874853218,0.3120229686962704,0.6597532895332858,1.0076606599717453,0
0.8091641035534514,0.8103515528402534,0.7428594071792636,0.7621607461061053,0.9046140486018183,0.27416904967980565,0.3770084408586976,0.8021581964157201,0.33705964308234393,0.6378271139451797,2
0.0520997873954517,0.15566012690447006,0.5229859345776411,0.4931903708351581,0.8797714024990252,0.3339901218031669,0.507049955703417,0.7396512774919526,0.3971981198080139,0.15550376938120747,3
-0.03234510154967124,0.626048044664625,-0.08139215827438173,-0.6660877872378428,1.2536488095371294,-0.25159830259460303,0.2665684516953348,0.9566351119048908,0.7392865919328174,0.3384997286049209,3
0.6728384534288648,0.3880767332180555,0.3519202062060939,0.8284921419614992,0.03629181788553941,0.5802478136881889,0.7553606419531165,0.4101712573607497,0.7504174489302263,0.13684172319014604,3
-0.0840048676931203,1.2111144075759324,0.9132426091776421,0.776749285288659,0.6267700904178063,0.09197920549191418,1.0725405189247812,0.6056349202706468,0.8009439234431528,0.6303395944294189,1
0.9218005902248763,-0.02693167277518918,0.5909888471993935,0.8114586607658861,0.8641437852697429,0.9164974155184785,0.20118811897263494,0.8888117516308552,0.7063403620996747,0.31419950684080256,2
-0.2232098632082294,0.8098470124903554,0.38113725899892514,0.9340819461725667,0.6781155121461564,0.3131941736774725,0.06154333071997456,0.49560245126542957,0.07274731851730057,0.9855023617218168,1
0.36911688048503244,0.8786952074295521,0.061396676318449195,0.28574257258992464,0.6785582421270975,0.1986957419664427,0.916781104671992,0.4072339891945034,0.6752195974236295,0.6695940652808643,3
0.6835544180556153,0.8288745774766134,1.1127895552983496,1.1116929227839853,0.47050880117891125,0.031754497604034815,0.9533858441248455,0.4623863129051898,0.07275096030956474,0.44230975427345265,3
0.07650862512696097,0.536175348678033,0.7611757261664899,0.6308446653510149,-0.14845148948535752,0.08688925067107671,0.7968781037375137,0.7800929269208448,0.5413601580564715,0.7520224934491767,2
0.8543018712673922,0.4600601311263368,0.8658202607245027,0.8334094350253185,0.8612087948565996,0.8966719278312747,0.017503204608878054,0.6493079172086514,0.43171937335299615,0.10583014667077723,2
0.5139293049762189,0.8657695509236412,0.16994640218192036,0.38605890553398464,0.6258743559532062,0.1907063336882554,0.7949850842294219,0.2947865462034278,0.5490503556604996,0.4914784052075336,3
0.07567282157136385,0.45331287273195664,0.8719013078123279,0.10622611224383408,0.5837385796434231,0.6152497981091016,0.9233414557077345,0.7504730039500368,0.34865302363120376,0.560898531752915,1
0.9766560047880739,0.9999931760717197,0.6440202980821769,0.0049535033645238665,0.0964320392505338,0.21837418602404435,0.02928410238188415,0.7519579975708856,0.9807351660097018,0.6940228913868363,3
0.9742773209492273,1.0005421094924516,0.64664193291479,0.006704436967173846,0.09528865311753396,0.21556723887851398,0.028186057631499103,0.7531359031813799,0.9826043320979989,0.6963198409500957,3
0.7085806357891061,-0.04338052830198945,0.43773978738873653,-0.05234370460594168,0.4959964528476662,0.3461670043318576,0.44820143156361175,0.05164535619534191,0.6603929575160352,0.042221179621420635,2
0.4175176252144218,0.8182193730953634,0.05126876562327947,0.3067952662008932,0.6521316932521491,0.17465675284022805,0.8873098697791307,0.3450151162354505,0.6762496683243582,0.6198253920196914,3
0.42711554705006866,0.7687555173086288,-0.0768129231739289,0.20498562178316937,0.664350081672876,0.11389200369445418,0.8630885480542719,0.43987536671486926,0.7387464583446175,0.7047354992979785,3
0.7551806477226898,1.0465520692289267,0.9979159581356978,0.42258980797059575,0.2976836175658845,0.6464724904189972,0.19136373698966352,0.39867101817408757,0.5064655149396193,0.19461525866541135,3
0.025949497798648854,0.18140418640719164,0.5387317144693371,0.5100196651317472,0.8931046199187044,0.3046631201863379,0.5254496309381683,0.7469811636745821,0.3741197590338112,0.1616136075311179,3
0.03356202345113021,0.18598546019850723,0.4897519049343908,0.48567051196848765,0.8675325303087302,0.35799343427093366,0.5144889075512868,0.7628423953573287,0.4154402174309007,0.1787373237738766,3
1.1821495647582814,-0.004346594406705068,0.016013351360622763,0.37931077002391916,0.46420943740530424,0.5195593987942075,0.0023182518739751495,0.29487952739773965,0.501064516415637,0.5877377597354912,3
0.6361255838590911,0.3725638120800038,0.8311774407510731,0.31580321704974934,0.7154889402885071,0.5052140711472833,0.27373949532736697,0.08460602960038703,0.609698229251404,0.6830503694732024,3
0.6017899179241293,0.4850062006120109,0.6207135136805544,0.6312335648511528,0.08527133644553003,0.5193481936525172,0.70844446680838,0.5636387138705227,0.520597938844489,0.1025300697264806,0
0.7313966011233903,0.052541438591726365,0.737740804283841,0.2240225505338012,0.07858630022537344,0.9553229282450849,0.2012440481295234,0.47942781593555944,0.21111786836727006,0.88277392676599,3
-0.0657082703676577,1.0877777720908692,-0.26829195409014384,1.0955880209880784,0.04321418228817081,0.21741002456494335,1.0461325800766144,-0.04037622108926303,0.1950298783072888,0.5101154622388346,3
0.8895889861663352,0.2944521065115668,0.6953893547697237,0.021497168013019215,0.9050000507424647,-0.01367090865356926,0.8457633238691062,0.6268688333223666,0.19908085922903265,0.7298862756980786,2
0.6632890308077622,0.5220817734551789,0.6846452949452221,0.6693245658393616,0.9129421729015835,0.18485173640686417,0.9676405104646748,0.3366075094912428,0.335729530405129,0.26777124929244234,1
1.0349742915687439,1.1160890196855835,0.6220117159974424,0.48650485510385494,0.705939358096661,0.15374177653082916,0.572615735076373,0.011936828036067264,0.936184427517883,-0.08682361942213472,2
0.969300740164727,0.9950361862873657,0.6458792723564493,0.01511018030549157,0.09491496440986079,0.22065617570256713,0.022267887545169777,0.757712168921726,0.9745667630794097,0.6890265116935449,3
0.8642990762263186,0.3097152551997253,0.710497836862497,0.037117023763140515,0.8946809997987079,0.020353659516158112,0.8649643630682488,0.6573134300487393,0.2284833135190785,0.767306588355033,2
0.9493525172045507,0.24254822808162768,0.6647806501201463,0.10661521597880581,0.9803770173390987,-0.013579026430660876,0.8670264887006939,0.6527389012544071,0.20754419380546518,0.7472552285028865,2
0.85043237367683,1.1927947322661863,0.6111784272516447,0.797402957021607,0.3239449369703157,0.8786246181968517,0.24510619564665478,0.33603668609115045,0.7693566433900486,-0.12211938867144131,3
0.3562947084031272,0.8868209763013194,0.2163699414739737,0.8938092847997902,0.7169587973070917,0.1170432140556672,-0.0257838209341113,0.6308028151001593,0.21625292742114693,1.2739637332645322,1
0.4845514584921871,0.5651510714302942,0.2346138541607529,0.7039156998249869,0.077697777689953,0.3099283458160533,0.8041700870591931,0.38717278331837657,0.7171586153092051,0.22571642793714874,3
0.7335441572091959,-0.4706309908991947,0.4943977882327141,0.9192306517868764,0.00497013090652032,0.8224716820676601,1.3582749419280844,0.693701844472753,0.07924177791051867,0.27838763500428315,2
0.2468218921710009,0.25634916686655423,-0.19500072912968452,0.03183020733629306,0.828477676035724,0.2539743684865099,-0.17978197602243318,0.525559635758769,0.5140797697647954,0.5661776707016091,2
0.9366178572201153,0.9178540758255418,0.08233928590810319,0.6970126190379081,0.5729304154794711,0.346984585629622,0.9642475933708585,0.07420217746150254,0.3501807186682181,0.27395357072736315,2
1.0539980426694069,0.3056687842089656,0.8708976385192759,0.29263986771359934,0.13987298633980205,0.8783721354160018,0.2278890180458317,-0.14739191731389842,0.7120548045826339,1.1083969502823021,1
0.734076125333041,0.24804132977314355,0.355430086660083,0.30371069479283064,0.727325330953318,0.9578738196633199,0.7380414618248158,0.5328097542146852,0.8232691726663613,0.1346894222944728,2
-0.1497979133056253,0.6662161827677522,-0.0032805519919231196,0.6990144656655175,0.8855928316146208,0.3626291499182459,0.061477071877170275,0.6660897310730494,0.554725412461402,0.2517762126768313,0
0.8085578367372582,0.5957733427572313,0.7892076159440085,0.3754350656856697,0.6431927343446994,0.9336808763554393,0.28288018552792804,0.1707897667150901,0.20730881069412505,0.8667854371915371,2
0.961796799085086,0.8851780923167495,0.14603682856613887,0.7829863600474206,0.5365569010558013,0.2897849331407373,0.9388669825852969,0.0158903205172954,0.33791623873702376,0.24826871004603385,2
0.3980585627022752,0.796826834373096,0.07545915990516709,0.38596714125812503,0.5780953583793338,0.15929282757383936,1.000090747948485,0.28476536660870144,0.7289352136559333,0.628810968954725,3
0.012814654411606763,0.6138842102134281,0.8140537768427862,0.22709885450281128,0.7300830731424088,0.678826316681019,0.5309291125339908,0.08172750779638208,0.7787129395317951,0.018642415056236324,0
0.01504895998001727,0.6109614999883446,0.8162504022791716,0.2226685597489513,0.7303105747827975,0.6775312854482101,0.5250414270555587,0.08750418962702676,0.7762758796063842,0.01631238595264539,0
0.777521605093099,0.7870616990631552,0.5041261077757905,0.8111172462522622,0.09334187103628525,0.14283781313188806,0.5905339532824051,0.22975426692777012,0.3632089961507971,0.8258625937873499,1
0.37587918506960494,0.5301829388240851,0.09447985053931215,0.8175939023258514,0.07072404328589345,0.24981320247759292,0.620218285567583,0.49522161190942526,0.6327768829610064,0.04689897460744949,3
0.7136526207850827,-0.008479956037122649,0.7065311641017095,0.21076412056251792,0.7537057094366469,0.21918853434325414,0.4966982487585717,0.15099287795106275,0.5868167446055358,0.24873812162521708,2
0.21035543627994283,0.6489208237881746,0.8321125320173717,0.02970343463538501,0.8723527989892041,0.3403013606014431,0.7081763585702684,0.5599102146336427,0.06495760186249518,0.3181007220805694,1
0.9347411828237036,0.9541343418053405,0.6024443473900732,0.6518884418498828,0.7443439871878619,0.2401460712718734,0.4896842820227145,0.006677791335036931,0.8921045619811631,0.0603056933416615,2
0.9170660688522916,-0.024977893336420982,0.0057001293517749685,0.6226192105355622,0.38005988307892213,0.2187463272779054,0.01691403271261653,0.11417859849557054,0.5337517954987512,0.814306914741587,3
0.8409511599430868,0.33376957364076426,0.7309588014381755,0.05281315920214709,0.9211004409684906,-0.0025839993330345826,0.8341668800770614,0.661211817704887,0.18628328502072575,0.7727996879929148,2
0.9410643866768658,0.5026580383002562,0.828468803940646,0.2456716045028685,0.026021967022172715,0.6583950826855348,0.2407110833779803,-0.08175775369691587,0.7593704414822132,1.03314157825021,1
1.5168911385121389,-0.1622509836459197,-0.3711259288599382,0.7820060515889146,-0.27169106305046015,0.709170880995551,-0.056681335871461236,0.4604542077974823,0.5110148228872975,0.604358259224643,3
0.47120393244918646,0.7217293472870159,-0.17005987392420485,0.016504959575651512,0.9790698680624299,0.21898285727800607,0.06511808705573746,0.48932116985609697,0.26977532186198927,0.686723563940054,0
0.17902171011266146,0.9778664564179893,0.7129394345447452,0.19527608075953415,0.2969533393160009,0.6897222618133135,0.6398221297689027,0.5188646105811331,0.39633490568910457,0.5238146145596252,3
0.941287402606126,0.7060289232548312,1.1538741753471997,0.6452424564458348,0.16069918770519015,0.873959543786596,0.2101935444389534,0.25036739547891573,0.5865289327495155,0.8424747000544537,1
0.595055307548976,0.9198163764011472,0.8151387179489581,0.4095265670771219,0.8865833240060492,0.9772861130589794,0.47794672687308537,0.4838269920322191,0.9045093841655221,0.5137843288339116,2
0.9956769732088827,0.48395209541864076,0.7354540669314394,0.37378460117275486,0.1174081448981646,0.8724379091719765,0.4306242939558246,0.005359747452750889,0.6706417689101307,0.9995930958163082,1
-0.13010639893544113,0.6195890656743835,-0.00025840168985384604,0.25737020610424494,1.0434860392646126,0.2580779047019653,0.18343538154405406,0.2298217992585673,0.12190849451341915,0.24500003459318567,0
0.06284922795086612,0.19199269968510352,0.6557873818765525,0.3165714378427981,-0.09937649449759389,0.22107684735786737,0.6650199016612393,0.36665221040850865,0.4029277567845978,0.16021833997947216,0
0.9259002831076663,-0.07964208209341175,0.9626972627472112,0.18347167176571738,0.30103751192785144,1.0633314673917214,0.058405385446433894,0.4427346883168677,0.14149921942002902,1.0728009586609502,3
0.7442722541852892,0.7566210645290927,0.643610291759918,0.7391111822346317,0.9243364813971118,0.10117399797797397,0.24336014017347352,0.9380410698443562,0.34082520441268915,0.6812516064099448,2
1.1419929180886792,-0.09650155270244305,0.17755847403819297,0.6986850741366376,0.24081439872790011,0.08308505386759703,0.448688237578746,0.09819417107068398,0.23774220330128853,0.7427684395774345,3
0.9347599134778976,0.15035642658364612,0.9121560512172531,0.28834964797031826,0.39862755167289754,0.37946892042335784,0.43855027893105314,0.564878024672512,0.4310862245841541,0.3642902295759073,1
0.9592756506219902,0.0781229366303722,0.6226633085899359,0.854809368418428,0.7363792204756018,0.7769900206220723,0.2594667306073019,0.8942608797886948,0.58643968318968,0.20090214304011678,2
0.40622311400825517,0.8114820642214655,0.8155258182036952,0.5269096683518194,0.8651516274683901,0.9289227592726906,0.6684574482402468,0.3459412718829236,0.7535460622087857,0.4899773667240761,2
0.17681695225013572,1.0193949064196985,0.6417281776108403,0.5695119538841596,0.8929878597130033,0.24633474818308984,0.9757083635832674,0.28988374943673545,0.6564873518548533,0.5954576006628551,1
0.8167984024022461,0.8381980949376081,0.763217372341577,0.7853040672080084,0.9175149571708174,0.2632329021376776,0.3591133681704429,0.8055044413697782,0.33117023129314727,0.6112342380150833,2
1.1459691602531166,0.022131705095867482,0.6274242207883516,0.6089349306020495,0.5705215834838699,0.42793916359881723,0.36656306658777493,0.2877066325198579,0.4122722362503324,0.38763495896260863,1
0.43873811729793305,0.8339417826706024,0.07744492186091931,0.29296528715002,0.672023595345304,0.15481120883384933,0.8831434634857737,0.36911761007366056,0.6813161066560203,0.589499005561286,3
0.21284430615919703,0.3844176453771298,0.36688395059090073,0.9718379848208971,0.5814862731974221,0.717650380955795,0.36198940419714587,0.7215866415218637,0.512397815909195,0.6835314367869658,0
0.07370910603042355,0.8886172503536087,0.2725703337411602,0.8937677190802817,0.7423793574383641,0.09180220786298919,0.06863887351238498,0.7566010191184883,0.2501914340524601,0.9669018916085222,1
0.5353609225100647,0.6529537221459012,0.07740775282915738,0.6054733494048953,0.39352788779596287,0.4054839952409024,0.9197035712430945,0.4511991125987747,0.903563251062402,0.467331189559716,3
0.5558419631335526,0.42668654684727925,0.6412820566774741,0.8918958274876091,0.12389996390245937,0.14677594100307223,0.01164799900575934,0.9592700184873554,0.047272435529748164,0.5789016316769428,1
-0.12316698896010772,0.6933005840598853,0.20819277585899845,0.2218190742557969,0.6786153753419952,0.4362538149348267,0.2260172831176895,0.5002294538635319,0.11779681861048973,0.2602146902204092,0
0.6259896451771384,0.4789339602371133,0.5617338620021817,0.7164374563620597,0.04432012408815636,0.49489933155807597,0.7840730274085915,0.5114323519706604,0.523728527291498,0.10127100987556958,0
0.805061556950607,0.6510417570060667,0.44597424822167525,0.7367429134383432,0.14899484700240334,0.031018349700101082,0.48101526355144847,0.18999746470873366,0.4047439690768853,0.7042254862825065,1
0.4994168630536585,0.20769952188127852,0.9985527325668904,0.4228283782334557,0.7029510598556027,0.29883753072884456,0.34326345199938907,0.42000117626327743,0.7682899315174142,0.5534482828897028,3
0.41596690241641127,0.14170089903795213,1.0674182953300972,0.3760750975895304,0.7145581924040181,0.22798204196320093,0.3614429091085967,0.36895253319533067,0.8485894903179793,0.6314598059585459,3
0.01134471095851452,0.6153457203684632,0.8143866484008925,0.2254266653698595,0.7319343604397929,0.6812036772543749,0.5335069331422415,0.08020274693062436,0.7759282480009965,0.017524489759567406,0
0.8009697175222208,0.8211387619000154,0.7729226810959288,0.7736443982978283,0.9189801157440657,0.2605061058350349,0.36214810356224,0.8145058192956932,0.34490101942692497,0.6007498527749312,2
0.9101839851746191,0.9052855146862451,0.13685856377890698,0.7724090615390504,0.5601754508669854,0.3151525142908879,0.9043619567454655,0.005463083168927118,0.2802731330763887,0.2923705873563735,2
0.9178815746618407,0.8892339141507,0.12975187336650912,0.7614206255830454,0.5626044403530943,0.33399961014173224,0.8787041434070714,0.03735491253123114,0.30097336258200086,0.296796904083294,2
0.8485910210842057,1.398481754686369,0.8889827523686051,0.2232630540882904,0.744719592889179,1.2024692546030968,0.14810474276617364,0.5302999006571008,0.0993151872985692,-0.11098258378737996,3
0.1721707777391854,0.18483610205835657,0.6149953021657263,0.7813118692636989,0.3805340442612861,0.7800039261695543,0.5407642583913878,0.439374244509833,0.4334895100967132,0.7473337162159442,2
0.5320520556499387,0.9130859644358061,0.8404818960402589,0.3905033097712241,0.8498173008390402,0.8348954946878036,0.6018910757601151,0.41607184154519294,0.6183215111857963,0.363822008791492,2
0.7986814008652184,0.9920359335011759,0.5979089411525308,0.6040107143220187,0.6070049186997548,0.9105547611450285,0.518006116682141,0.2875125514610356,0.709115714285282,-0.24203616630793268,3
0.6844514316913768,0.9584897241959843,1.098122795369839,0.46530911820302207,0.47315076219908303,1.1001465608758458,0.00814971012955773,0.061887842751381913,0.4278285148483256,0.39015072704463216,3
0.6685327418468746,0.5111546123597533,0.5896478374718016,0.6626101607088014,0.07532497810898688,0.520074026214217,0.7397571640724196,0.5314821151298466,0.5422579030774868,0.05843334220405211,0
0.678445515489331,0.16261363505617737,0.6059666733916992,0.21784543921564753,0.6810287883417613,0.283055819876878,0.5218831635344383,0.08982490996172862,0.5791192406737277,0.15187979854478634,2
0.6520053748489002,0.1795690933925786,0.42986349336406093,0.02782776229284462,0.18132295270391152,0.06811870211603521,0.5314113353404939,-0.05033182361896453,0.5807966946347827,0.3706060463026919,0
0.5565555057450677,0.23694762111389348,0.30892160736473817,0.1518638586602597,0.08240000138670595,0.17244301383665425,0.4609138975469801,-0.07852458223264397,0.7411113912935174,0.33049668038060825,0
1.1438204756340347,0.26457389442239315,0.510267567149688,1.2473375991339442,-0.16050123097495567,0.3207466892885082,0.24023039676714697,1.1490925216453833,-0.248309667455763,0.6556353894403575,2
0.7520813319173362,0.9959620678870628,0.8374582513819726,0.6367136747612938,0.3410697927881926,0.8473961235189742,0.21483059812446317,0.22186291869684185,0.5575719872073491,0.09356396484550426,3
-0.052060253075511154,0.0017164712505337576,0.8456211281505825,1.088222563991371,-0.19782400945605863,-0.02344263288780654,0.9915499919467934,0.35445050456724514,0.7757443811901263,1.0117911846063743,2
0.773058196864491,0.6837970822332957,-0.011937248329332684,0.7364389148428531,0.7072346407739979,0.5043678131891339,0.857100451766039,0.4954660816284163,1.0996405414077701,-0.32610436780229113,0
1.2106086100505085,0.5335315485118626,0.9117120393628594,1.059011374824974,0.387199180089409,0.6529350211583911,0.8579902090089809,-0.6536486541968773,1.249642868651779,0.6274026955184777,1
0.7193823234849955,0.3951465659741455,0.4476609084841658,0.5787021935607077,0.9432627871870255,0.09769140527277675,-0.12070021398616379,0.6377123499808831,0.8138586540121242,0.45844288651770854,3
0.16966180351405669,0.9883377456720784,0.7099527069723767,0.5320350324033046,0.7532497958812086,0.275960675683705,0.8707072273197017,0.40470250589403167,0.6611711173297952,0.6410992621149706,1
0.7810332100298639,-0.5896084779122213,0.6019912893665164,1.1969210575757063,0.812454543479136,0.7499709225932711,-0.4075599624753502,0.678798179109069,0.08346492198094768,-0.2408725960352187,3
0.5921787096570912,0.13512693033563206,0.5806351158797076,0.06365166974146372,0.008897803942047713,1.1205794261723026,0.11633939487458403,0.3998694295697055,0.281889100131524,0.7435543109057478,3
0.1093051250970904,0.7305102139176495,0.5349763783925394,0.415211063135007,0.6830403625380458,0.7530467475228524,0.6161247092347714,0.797629080739444,0.4736674267674136,0.4256497185598617,1
0.8890465988881452,0.6479132694017429,0.6937252753562927,0.7182123588725801,0.8872255213543784,0.09711341462555878,0.3292579255627399,0.8480396312572227,0.1909800375217967,0.49252103588973895,2
0.40396913100511483,0.3997606113029216,0.212783060018058,0.9790088427374379,0.30515981590460484,0.7286037990759187,0.6672881819876048,0.38542710171405536,0.3004561673661152,0.9294966069777171,0
0.42824369536790274,0.19409710202720706,0.1051092683368259,0.6220509059590141,0.5921049191911564,0.3868905331635931,0.837568255269608,0.31984137914595107,0.0521809731633576,0.5642356632167005,0
0.11534866636652802,0.6474746124703237,0.7134871149122168,1.0231457309457856,0.40560651870016506,0.19743870240719597,0.6973779897655097,0.3900853302666979,0.7400203474230727,1.170014775441488,2
0.5876053310168744,0.12360391923396183,0.7245726228286826,0.33305126776082133,-0.020795213056363893,0.9210860249605105,0.06459667973593822,0.4888410855949381,0.057775795853777207,0.8411194899190537,3
0.4844635589736577,1.1254741324017394,1.1283481114230893,0.6546804196782784,0.41187608928108294,0.9059089374257825,0.3188444075185589,-0.15637846337431915,0.8778577679343841,0.11746602230378832,3
1.103459452816404,-0.057406563907280106,1.3406059216226514,0.34918335458391836,0.06113245059658162,0.7508796991011657,0.46874902255978407,0.10342370523990174,-0.15925766672281838,-0.08775857583382862,1
1.0710034206079508,-0.2582705039922255,1.185175909669224,0.7424548301210598,0.8979340406380275,1.0531640854979243,0.8825305176424081,0.7903139396233319,0.6911137528870421,0.6787957862058299,2
0.32406079828541456,0.23635814966478924,0.06168655408366224,0.6168346114258436,0.4259832585942481,0.372399850067539,0.7156911958563442,0.3578319675934762,-0.015903551740962835,0.5763687528764493,0
0.6147979372707506,0.45062097966600156,0.25241044747041924,0.8788082148110826,0.3289370196303315,0.296562068005969,1.014433782628723,0.45820460832783444,0.7754615579473616,0.03266508953095565,3
0.8157712562929279,0.8225422925082044,0.8616933361635444,0.7856823805186243,0.9485833488811878,0.234687246336722,0.23154353318618426,0.7732816071284865,0.3566961973995218,0.7317363383658537,2
0.9802751403129594,0.4886871079490283,0.7277780665596619,0.36476998296496005,0.10821937896644553,0.8762403050953935,0.43746993966205905,0.008205342721948576,0.6863555067349804,1.0039666594133296,1
0.13572756431745775,0.3660767053660366,0.27295728871772973,1.2374914639228496,0.34148135477852726,0.8559475162822866,0.3919644824740416,0.766926645124894,0.3623182896937286,0.7080271329259198,0
1.1441905116470314,0.21999418520920033,0.6929503699429886,0.9554580851993414,0.5549052337616511,0.9004101805980624,0.31079765259925207,0.9272759148291262,0.7686027510373005,0.1836767368400451,2
0.01167604450426569,0.6135527423793593,0.8119160432855301,0.22753708233927478,0.7311945686379004,0.6780482919942536,0.5331581140028654,0.08015434418188291,0.7784895934628799,0.02063252644610573,0
0.6905221685516666,0.9677647111341575,0.8910271596964449,0.865829929900576,0.9174170115686868,0.21075855610730412,0.3695411515655795,0.758374532658066,0.21949362735215794,0.500894717838828,2
0.5007736035446075,0.18267966398139507,0.9715566945351399,0.39587421133384487,0.6975486986583657,0.32394237223618694,0.323637050462967,0.39074149952870424,0.8169554258329583,0.6032780260471996,3
0.8472479794477583,0.8103864038902169,0.7391053150873941,0.880424648614126,0.7923223426744742,0.2566201735064781,0.4648700245595454,0.8510031868651,0.4218361678556002,0.7047434131432205,2
0.25371264370826885,0.311381658609117,0.6837638139780265,0.3970740574362363,0.15670794436347638,0.4404148998410379,0.8786940049048195,0.9324852232426418,0.6168815929667101,0.5345992481417821,2
0.5134762706919462,0.3041738873607643,0.435963686101594,0.009381825966126023,0.10951893069997527,0.21712728719769026,0.5320024907419918,-0.04883330778923724,0.6591987637032828,0.3414463066306888,0
0.8323683298516695,0.24039349619402353,0.738851212518233,0.6789281027037125,0.8083265181882371,0.7951741821031837,0.07442321157185253,1.0916153098398458,0.46637535683079423,0.1868180582534271,2
0.12476725563310116,0.4673834942153018,0.7538228296838609,0.12487225202440787,0.7941629253555261,0.5124309171507124,0.8600733093595465,0.40995180729194913,0.2309117536473313,0.4670451018298728,1
0.035567411819368316,0.49716613928577114,0.43972205595702424,1.1125526184047825,0.3806087953566926,0.8831824606733515,0.29893009777225993,0.7685338579961345,0.6623936680759196,0.734302617301735,0
0.761157849774647,0.8987117415243262,0.18829368724718867,0.39378022078086905,-0.0007107588107359009,1.4991970390078115,0.9093273815168063,1.1752694796919922,0.7725166658928796,1.0523192328340898,0
0.42871632111474217,1.0091567013587854,0.2014474187945857,0.40913549654180936,0.690537272293949,0.03380266935401624,0.7338886019514979,0.21927707617688308,0.6981633143015173,0.5676296768817019,3
0.4534887464632019,0.8477741018650684,0.040235293670035796,0.2899057687790975,0.6337412513825331,0.1839958272075021,0.9221185233121242,0.3071310718707694,0.6664643645908439,0.6548186256611354,3
1.0477221989020131,0.6245121411673475,0.6806600962995182,0.5418780426902516,0.08424819393591385,0.9583833802253461,0.3656229307664213,0.04247707998573819,0.5787512184203156,0.8014172065837945,1
0.680717186360758,0.07381643879272819,0.7884492482382043,0.17804198897216061,0.0672564769037057,0.9703945588379135,0.1630526723565829,0.4439037874244394,0.15323124359959012,0.9428190361516976,3
0.4927995217628137,0.587392847542118,1.1558822237787247,0.7489107863909819,-0.029883473405650375,0.3699391694665234,0.4922016259875231,0.43435257519379317,0.4657257230265341,1.0122179673876217,2
0.5585610842305817,0.8653191021774195,0.8345005023615131,0.4715277277648587,0.7134129223297482,0.8464682545560929,0.5316524089415857,0.39391068204088475,0.698939614301743,0.4292244951649259,2
0.19471719523044984,0.6229530283798145,0.8630844363719524,-0.03711544770957544,0.8698152800266131,0.3667606509590165,0.7009731033729043,0.543917647746029,0.06430583172243912,0.34603408221395543,1
0.8035272994630495,0.5781051455915962,0.7763840497603244,0.3809081356086421,0.6407442846118308,0.925798745724974,0.27909497345056333,0.15032932514070035,0.19959656784182878,0.8483385323490441,2
0.3890452377615159,0.6252085973830653,0.21768616859259274,0.8200048354490732,0.016533997067879017,0.42872707564861423,0.8503293700629888,0.5063088360606192,0.6153088790265745,0.2047163576476575,3
0.9707897779382221,0.1632443672620979,0.5450011824107646,0.8184637694756829,0.6563093487521636,0.8702489596699227,0.2852568190638383,0.8792273761235248,0.644676120384129,0.2940892058097452,2
0.14104209835053153,0.6238859796713472,-0.06234240214259078,0.3289103487340756,0.793596802270912,0.34871474372903244,0.37290442061564866,0.46926056702453,0.20970106865195326,0.2823205402652741,0
-0.05824277425967708,0.2812855418897436,0.5574816184087616,0.9499744432179584,0.6967722563767559,0.9860116488191907,0.2713027695703024,0.5342629404117344,0.7363353874240369,0.6909162606861997,0
0.2145498683401808,1.0819628048924628,1.4701146249271568,0.40958188670690693,0.39409794959719646,0.11970618259788678,1.005938447526912,0.6411983607119582,0.2433454821155645,0.6619482722137986,1
1.2412178891246644,0.8099420776687928,0.8549436696296112,0.48601068780611156,0.872311521900953,0.28305592787037015,-0.1873469415122172,0.3378372416864214,0.16876247402388223,-0.2615600772199257,1
0.08914865813133306,1.0946633281774922,0.6112885674554897,0.47481533751929916,0.7303633508838272,0.33832021363073905,1.0255239996887706,0.31921877081655936,0.8004227355783644,0.7296965210584839,1
0.4064763657785412,0.8190015409526897,0.05042383424499684,0.2995191803404067,0.6453792895176322,0.1613905723740789,0.8789536514142404,0.33983759249799506,0.6776828675816149,0.6197849752270315,3
-0.2838654725501532,0.8038786982957122,-0.11056716132839342,-0.05841280960035422,0.5475369060781028,0.5110711787768205,0.7754529128985558,0.10865610813133664,0.42908441547823495,0.7601180658682002,0
0.01754732740226956,0.8712677315525666,0.1478179183407215,1.0436772613111862,0.9187946693886274,0.11931644161970895,-0.0035175917676970245,0.6507583429197037,0.4246308921373071,0.7813177074894897,1
0.09124387031262055,1.0827448182122155,0.5780721153866487,0.5214085767676325,1.0365101164885346,0.26945684677961346,0.9415357824956271,0.29258903135454367,0.847090416197791,0.4814666521136775,1
0.9093187782890085,0.3286025175974672,0.7145250317538129,0.04345531943165253,0.8734075217492915,0.013918946949649564,0.854037588006653,0.7031251456489297,0.20241013072023695,0.7856735130031074,2
0.6483100099273515,0.07147835602651095,0.616119480183026,0.17821536999520793,0.7374032115205991,0.29672641672291733,0.54895462235135,0.20992870973866745,0.6193256402334729,0.2646740784652148,2
0.8513069422947342,0.837970345974802,0.15843981248287953,0.7721558323579125,0.49806430977728966,0.26023144693731615,0.9509857423736116,0.04151548211618976,0.22544072307709712,0.3648284994915154,2
0.3023619620338517,0.4276054556737161,0.48012135468717093,0.5206614420276512,0.5329241407637821,0.6606449233919504,0.8415281079560414,0.5152375173491878,0.5544237323715078,0.9472946672244921,2
0.5705751662825577,0.6146007761105998,0.34001370061652536,0.4580582986098142,0.25423806111157965,0.19803480665583226,0.9342529539461812,0.06118610174929291,1.583302843253132,0.520484399108736,2
0.8020994609773171,0.8445890856340026,0.7622154776660243,0.7757677922173365,0.9183825935731368,0.2448227737566178,0.3795655200883545,0.7830991183517344,0.3366791432069635,0.6052140712378039,2
0.9895915787523801,0.4793238770897464,0.7349310644781283,0.3705800259414928,0.11471346420728018,0.8712412647808644,0.42434237786682105,0.0020010125613337416,0.6737616222214663,0.9910371901943199,1
0.7686927462706667,-0.06089556664210094,0.7317458029340906,0.10602284727011282,0.708109041947374,0.4058731255651913,0.5521034159973195,-0.0049085817168665336,0.6394847626520904,0.24683594843693854,2
-0.14953639902908694,0.7218958437729864,0.27252785094236115,0.9316053803799653,0.6886379265446642,-0.10576268202999145,-0.008908442329706744,0.5802137138822115,0.39586866910337204,0.9901242166990979,1
0.8562626690232675,0.04964584250414394,0.38033778517886546,0.591835721177566,0.3711735414403503,0.274417917123237,0.21280651305499604,0.19955584359422554,0.20233544941512555,0.7265123235633894,3
0.6617386368546496,0.49707091185447966,0.5999679547596121,0.6812991818864953,0.05557461419460467,0.5105023176227156,0.7487977587379206,0.532602730852953,0.5492298142065426,0.0820232200149813,0
0.9412124580056771,0.4197332333824837,0.48779162559079153,-0.22512971696935968,0.1367201070360018,-0.03767963803913926,0.08561869566859426,0.5145005029524341,0.5590086889582269,0.5143506402250193,1
0.04137847802692005,0.32705244747430484,0.5068934907577212,0.8354235146989365,0.2520156913185175,0.6415043963801016,0.5624535319731839,0.458937134486322,0.3500154626381793,0.827627193997088,2
0.15200351107277063,0.65445328877821,0.18107004718825048,0.20142246405024716,0.8203836278214445,0.4210991978127761,0.42705497793441904,0.2996381225382992,0.03325299266502568,0.34098570442432286,0
0.6993326434039884,0.08448070712954717,0.7396007817351611,0.20342737202413794,0.10407380770291616,0.93484558638357,0.1651723681176352,0.4639741769346376,0.1986764260616622,0.905461956591855,3
0.11037251805115766,-0.11041898069536604,0.9875443515604095,1.052865679019845,0.4500676227907841,0.3716105517389985,0.6353049772739562,0.9213014466257179,0.12979797163423573,0.9316661145249059,2
-0.01115359514461245,1.209690773144158,0.7861822004859502,0.4081721936166221,0.8858181417447143,0.2036299748128913,1.1304964304035907,0.2361399914550915,0.7798008708502224,0.7010303810574212,1
-0.3473032160117643,0.47723323527775896,0.47403063044719684,-0.051469150045606066,0.8431247423182109,1.0387895184481466,-0.06329894906103425,0.6018383274259383,-0.20657614324968054,-0.17646272185826056,2
0.08143753319346411,0.6847578202656593,1.145498068318668,0.8949515571041524,0.1854383142736217,0.2922947243293037,0.9264196759105165,0.2893297584228723,0.254682249804818,1.0330972703421286,2
0.9311615826127568,0.12405303238571373,0.8687427711044553,0.3453575859066138,0.42833663876859435,0.422171968921583,0.43644287538662413,0.5543118840248847,0.4046432437314353,0.37885384559055474,1
0.3389299344539354,0.8350589647749751,0.8623574713747748,0.84298080992545,-0.5211552002437652,0.8392994098145592,0.16483845580379963,0.671195976786965,1.1339979091455548,0.3025004965280522,1
-0.02731136305978135,0.6837226155987667,0.11601427500802113,0.30898559935682807,0.8458909091535679,0.4835120624409116,0.4128480242092811,0.3771023877879996,0.0896366409807324,0.4189950205368946,0
-0.15523312569083436,0.31245254297843156,0.7186090545768945,0.693356992105112,0.40491005697740867,0.5123224173836365,0.4250036849462637,0.5751389973729202,0.48133403636488953,0.7925156586762032,2
0.9337951470377108,1.0588707096852574,-0.15313731226951421,0.30041616069327476,1.2494660003270273,0.09521984776391296,0.30392628318811055,0.5072005540319156,1.2202316979570693,-0.037333084513700154,1
0.1825673069836277,-0.18180257084094212,0.7775125987063836,0.3695184052231921,0.6936798490516183,0.34419204317077035,0.23633941330097305,0.6866089875568607,1.2294746731940023,1.1185934830197164,3
0.5170433085428614,0.8359498378666285,0.8646267148803348,0.4716857754731449,0.7612987108493153,0.8297714273791489,0.532619037150782,0.36345285783198805,0.7419161474066006,0.4669147907858629,2
0.05017615144776899,0.3698565330515825,0.3115833378028463,0.9567069809605507,0.4866222371300517,0.7396162006153892,0.46701174365448117,0.7413852104092183,0.5666899413410263,0.6789720503231621,0
0.8968306891520164,0.8497273795083202,0.06690759272342744,0.8010925215341185,0.6080940324583054,0.30541268643015945,0.8956442200762613,-0.013133814897129434,0.27404954951757166,0.35389081029423286,2
-0.1866124282829419,0.3403781932252132,0.3292184845412628,0.3993155917239816,0.20936373440918213,0.621420109994062,1.3535058535912563,1.1341657367775506,0.4139849075503701,0.5117631055350242,2
-0.026894368439660102,0.20450421667809812,0.6152936030019215,0.3797551511886432,0.7413104403924434,0.3292875427004403,-0.006965280261189425,0.8896197649402847,0.9463940535570061,0.7388910015790012,3
0.4164163830255992,0.8185698394147565,0.052397459209958246,0.3031934318814406,0.6535409906033529,0.173594841825713,0.8865291922339309,0.3462193833657065,0.6752578125621108,0.6230204872579557,3
0.12171378792057616,0.5763867321275163,0.5166863698294292,0.748925511856579,0.24972171163512155,0.9605515059294647,0.23223619351042,0.6415522341337738,0.6038147898822203,0.729986928631702,0
0.4065395101400017,0.8291707226459668,0.46294429423635985,0.5271342448268901,0.20959419639714533,0.572709744255521,0.8462694675251032,0.6442852280358704,0.4671074252435212,0.15044367609641146,3
0.43774007260067394,0.8570277993247807,0.04250249616825398,0.24562648721369357,0.6280437956794361,0.24510993824031513,0.8247453769070067,0.36187167282628985,0.6699395506421338,0.6454827068452196,3
0.3963034456343808,0.11892991928156879,0.322532216294662,0.20762693476079042,0.2352913297824873,0.080692364247551,0.4599609861301634,-0.03649005529162503,0.4969402682669589,0.48242801401192353,0
0.32123934066820525,0.8266221421821103,-0.018601594731579005,0.3519880145934316,0.5626138234645288,0.20117192546171528,0.9286092413314171,0.383579025760029,0.7721787794428774,0.6729412558905399,3
0.6780553054086711,0.07400875807124556,0.728876957128219,0.1527646473559184,0.139602628783534,1.0411763883870058,0.3514083155249162,0.5084543619681268,0.2490553993902864,0.9771972129065642,3
0.27117773670232215,0.3890700623119494,0.9693196278556927,0.6998513909458466,0.002754987612367932,0.1589377241524255,0.7882703926118017,0.5946461309867093,0.3659663653603134,0.8229309931773754,2
0.4043591565104152,0.8024059183943476,0.0885856941574319,0.260447564896283,0.6631999070086272,0.15739298464943857,0.8943918906634217,0.4068330147684035,0.7084268319336505,0.5751756998665121,3
0.8762943526569468,0.3073372461456982,0.7051821682105169,0.023458101750095453,0.8485077177358771,0.054430483861076864,0.8582424873888098,0.6792499998069764,0.20668170348207257,0.7202414736094619,2
1.2516509369611868,0.0948316164465464,0.7967096999592107,0.9930881139150709,0.8199713507613475,0.5448802454646948,0.02131901417473203,0.6079391275346844,0.4056839413542748,0.0008276051209691881,2
0.47452065105697444,0.7997213600343858,0.10043633701952087,0.3281132472740279,0.6413698974181932,0.1304580376773879,0.8427938308954338,0.37948085755241084,0.6380920603475994,0.5827640380194586,3
0.665199898204873,0.4320903615755559,0.24670282130903742,0.8815299993767086,0.20149599896548104,0.3240505845206778,0.8316866698807811,0.5825969476498097,0.61065041597425,0.11068890369551906,3
0.577299946428262,0.5606474542553013,0.025638368383020083,0.5620100574472805,0.7596095128950899,0.5293020148285756,-0.0958834924154912,0.2991517480552951,0.5814916849089826,0.9029406876455398,3
0.5981689960718195,0.5509281443898172,0.31831037481657204,0.2804316303240169,0.8180836408902278,0.3237459845216194,0.3789894342555422,0.06301289136563086,0.21681712350978527,0.19654966573162694,2
-0.01907434602417074,0.024383118744572843,0.5289312991696445,0.21571466806105077,0.9065658638462957,0.32558669026645154,0.014535612487651945,0.610429283496259,0.9236815928420611,0.8886402150224814,3
0.9754622378838348,-0.055700575135246316,0.7567651291224485,0.34663924512843014,0.5697106597896358,0.23991438198599654,0.5318029846318743,0.6107273544344775,0.4763806870837604,0.5371257463012526,1
0.4737050975130185,0.8398731569510868,0.872721600326146,0.5160176522157314,0.8203379672130794,0.873758470469374,0.5163588266683289,0.41481708872778456,0.6770087229511098,0.4723541652807864,2
0.7509584659012878,0.7388207070744208,0.7343700776614183,0.779797450633994,0.9402048106241305,0.33237032883868906,0.44350652121699796,0.7157036153428632,0.27845961134626196,0.523075639521365,2
0.6608995502915458,0.49648700616999686,0.5990521858803856,0.6838733729821501,0.05727768344147214,0.5142493204920747,0.7466578986465771,0.5329518590186858,0.5508609135786432,0.0831220640762122,0
0.14969198199380995,0.9014310520216657,0.577938014288475,0.18303213797483373,0.07029932993039653,0.9756582972849007,0.4473795440184993,0.3750983312911814,0.19178130234489754,0.340161874652668,3
0.5643956200241287,0.6504986925676268,0.591873325095623,0.7747270447044783,0.9353315133096808,0.1345673594103286,1.0817096342380321,0.4632505428937464,0.21478670322311472,0.16375947034407687,1
0.6446621787945295,1.0802649035909693,0.8016819645603389,0.5224438789395136,0.24369852377443874,0.8985577887804854,0.16488176722899495,0.25231485893377925,0.6689878329613178,0.21551488901590096,3
0.67900584142082,0.5227899243778119,0.599772160600013,0.688445900763266,0.03935524839058589,0.5052141353014229,0.7178508379031465,0.5630115872866601,0.5760048221172878,0.1109628781473751,0
0.7470490323903195,0.6844851084644653,0.6227557272321799,0.8192137099735128,-0.023617665301006063,-0.19125876724840254,0.381331673129346,0.32695113617640564,0.25349783337568804,0.7557382790905369,1
0.3594457971797623,0.5491775529847258,0.3443414875295938,0.33438947105930056,0.022550235525803666,0.5145074511804371,0.17350731405717554,0.9565630262551714,0.10364872351600579,0.38179327295769594,2
0.7825418719247955,0.9774689079395601,0.8777060890045065,0.8812460070461311,0.9036938740701324,0.4169196992439817,0.23426326621808138,0.8336834633504073,0.38323095202790486,0.747899947671217,2
0.4100901900360498,0.8668205370628921,0.027472126714805263,0.3167731204324637,0.5904162113467301,0.17666137509846708,0.9115097100844706,0.2974230041013506,0.713851747757916,0.5570790204169865,3
0.7136820690801055,0.25850092134150393,0.9264218297396315,0.37661276994291815,0.6911092080969069,0.36867864326141236,0.3309497769425172,0.023927643791424355,0.5444954828301541,0.784883275643632,3
0.8201240246585246,-0.13566003683312938,0.09272924381282346,0.6041302149877152,0.4007325317609453,0.009169105049754323,0.28293531220949075,0.09468367647012235,0.4907009318442298,1.056723660165806,3
0.9513697928102591,0.9562692324665873,0.5746274767667454,0.6800459370681001,0.8229653892123144,0.21599032070937635,0.5485803532492615,0.042473992034318724,0.8583953199395026,-0.03004848838933015,2
0.748350365028923,0.2452073410129206,0.9897524787139254,0.38504678462465913,0.6998755774625158,0.3339703726138005,0.31743479031006944,0.05296504230225971,0.5920125436091834,0.7479299051065816,3
0.014254981604866209,0.6121966326771515,0.8119977337141525,0.22790033079823313,0.7274026461554983,0.6766341884607858,0.5343174951058773,0.0787479245926179,0.7775221445538245,0.01530191533809247,0
0.8037802354783787,0.5819084020924437,0.7720449684059452,0.3837228665391655,0.6338742197345472,0.9349885940686928,0.29211816072550045,0.14928120114015372,0.1992603593723136,0.8526321543282243,2
-0.05567753980680984,0.5464321830438592,0.6199661807966508,0.9297960457414356,0.5711728618579145,0.6946000357920533,0.3336277160306531,0.4118942732408493,0.7489480615461467,0.825344516731638,0
0.7474112930771657,0.7809279662905291,0.3333018148567493,0.5004553315280673,-0.0025542545836895747,0.9228519172192328,0.8901310800916353,-0.4198107381898437,0.48467210978782616,1.33483612623359,1
0.07487094348760036,0.7624894953783365,0.8699733136873948,0.33618655854493584,0.75359104280575,0.20191592162206315,0.7365982553578161,0.30558271075855864,0.6729302372793635,0.6650356577519059,1
0.9042391418404804,0.8889693825864124,0.12131900285753068,0.7618807973898313,0.5427168455932995,0.3153114930074776,0.902934046465039,0.015222613055654581,0.28157916757958806,0.30292803886186537,2
0.8044463473729114,0.933927961959016,0.7826783249538372,0.6368017064950482,0.24319060775633264,0.7165732590098517,0.24239335449481797,0.14381070246778677,0.6685675255261517,0.12059178059728781,3
1.3484807154212426,0.2442219925176386,0.6350828052271632,0.8405955657468238,0.30382433675551146,0.9096881558094656,0.16166493100854137,0.7332673276471778,0.739371798973745,0.5927381689395524,2
0.5745829193992366,0.25692240779877246,0.38413478531675266,-0.009343415420313118,0.19667259100299198,0.21320809684867414,0.5911227125784121,-0.030596217174705558,0.688465880015512,0.33686121147507053,0
0.23849465308299211,0.5628134697720695,0.39578897813439307,0.7324027150469191,0.25653139534653935,-0.0055664644967886034,-0.023460501266735323,-0.2317616338033056,-0.3481303718516211,0.5781309273346218,3
0.6071030415961943,0.5229284143951052,0.3866189886837235,0.7894370551526336,0.19319266930414924,0.35323751217205257,0.7994612616356539,0.40476624946573503,0.6716962395082305,0.15387964004077134,3
0.019423298844880102,0.14017198771824124,0.5206452331406416,0.4977029677558113,0.8764001313908537,0.3291876558005097,0.477303179898397,0.7401294741630287,0.43627802900130425,0.17777886793911768,3
0.22681486160822417,0.393833431742623,0.09796347603365019,0.8215764543549905,0.8066474281680021,0.32177555085349385,0.7042169991261779,0.02858157619564805,0.07590943152505131,0.6444109587886241,0
0.7195710447230935,0.021755800720587606,0.7617542651692357,0.2685978821352649,0.12602122405714178,0.9885561039509984,0.1734443459577584,0.49976426979544647,0.20645697291353918,0.8554243223216201,3
0.44015642046156017,0.8358576965096117,-0.03142370714381032,0.2526763390506872,0.6858763610765775,0.19694323229396196,0.8589079858378299,0.4061482456449289,0.6539810743756607,0.5536529272038752,3
0.8969102260938355,0.4972282216941769,1.0913870869696825,1.2825050022571842,0.28563703773718785,-0.03365021431690085,0.055434976672393506,0.9605706644900793,-0.19703656820360127,0.5406390820371655,1
0.6867961105538873,1.007570781422488,0.7224616108240107,0.6250611438906493,-0.16206668797610044,0.04424611842426725,0.07221883213470769,1.1360522584053951,0.04825788304662892,0.6118438906559662,1
0.8591559449933301,0.42125096050886823,-0.3959418722391165,0.36580886772261945,1.188807654917539,0.6731263361890754,-0.13462119149994467,0.18321823529263848,0.6701457242020914,0.2561637777054695,3
0.6560194846568979,0.24578218031990567,0.7412549531638432,0.0687534377247413,0.07319328619580209,0.808957079562548,0.09768126183746215,0.7365316673084445,0.3673559805324387,0.7012670117148355,3
0.6638740984139675,0.49524728983125105,0.6007814100029453,0.6802783593199636,0.05786945707740018,0.5131388374909921,0.7490992311567382,0.5331556969529917,0.5501481304047826,0.07874965907206266,0
0.755448916931498,0.21448905189447703,0.8639115600743705,0.34120409006717317,0.7317156151183755,0.3644640850757884,0.38562646909887976,0.04554282461812593,0.5228875147408295,0.7995767212599029,3
1.2858542264257031,0.4726006627863424,0.457283640189344,0.5483792673473651,0.25278673413919783,0.9296179573532389,0.16706803451197916,-0.03085329171035786,0.5535671106346672,0.9069188844775136,1
0.462851944565216,0.6857840400556762,0.2763692297328304,0.6103719930817579,-0.04277502535478209,0.19084796791420156,0.7418009315193799,0.5206317063005301,0.7155779022630137,0.3695423718940152,3
0.4317557217837218,0.7972077769541419,0.03934535598102111,0.2912629352042783,0.6748488705285081,0.1763007791092418,0.9116496944425236,0.3163717359499815,0.6921815800639113,0.6259289173329604,3
0.2061493145060096,0.6335445394877259,0.8338624716860621,0.009127813778187518,0.8061710144826159,0.378127226010276,0.6766801904228443,0.5821852680582875,0.10486711715260874,0.324148833119723,1
0.05161278250261774,0.1584173089121113,0.5313026901545927,0.5024677542506022,0.883962904869887,0.3309407061606702,0.5160833910856789,0.7384546935166143,0.4059174620633989,0.16253585671836784,3
0.48967172645406537,0.11853522377131556,0.920445271647678,0.30094080200806905,0.6375840793687034,0.1704435823598375,0.21788309636698083,0.545966183106283,0.8507003052599844,0.6685646184162352,3
0.26069012131082175,0.7233162735780477,1.3415759869367645,0.2211945364553964,0.7927361270795645,0.6049948778773936,0.1482136525012448,1.3171607667726382,0.3491007731281641,1.2250244639614065,1
0.7312662313716327,1.0224168751467124,0.8862354778261927,0.6089010090231343,0.21901322852853727,0.906919782266102,0.3001666900131157,0.0926488385729532,0.5546740901126476,0.03501593225916917,3
0.7046518054558092,-0.009676441176275526,0.05233164304204144,0.860884442503945,0.9290678323938238,0.12160169926787759,0.08847971551492582,0.5408458003079119,0.6635428973530871,0.4018433357732186,3
0.6035377271773867,0.18376467372769661,0.659471420578218,0.08716812764214443,0.24759830829480375,0.8524310933604895,0.08985531567714915,0.4847718593281425,0.33726545240087946,0.9318056783101492,3
0.8501872817006617,0.8288315917246091,0.9077760015399063,0.4912637010382645,0.08171163437371047,0.327397167371229,0.17905544388198216,0.6627477818563268,0.09990546694367501,0.34124847735762653,0
0.2540622518346245,0.417654641813842,0.9526122328105648,0.7333989312535311,0.005892267366524487,0.17821243221141544,0.770934516933444,0.6032331998714144,0.3761247627616425,0.7929879406476196,2
0.6626505194093514,0.49432831188235776,0.5991464623049453,0.6797584162976797,0.05816390228556666,0.5107265913826992,0.7483481667986132,0.5349057050934427,0.5521453178021563,0.0782411215944018,0
0.8768362692407566,0.3435676819825466,0.7406134361491978,0.023368675436868984,0.8354028983193809,0.014539404977670818,0.9158748511303881,0.707015963791269,0.2056270883256595,0.7398804653755142,2
0.8693291011536205,0.32022502813387327,0.08573837285069798,0.7192991338357557,1.2468250392332105,-0.19451744779814417,0.22761079082890764,0.4971955879593854,0.49370132997007093,0.24578233044352388,3
0.6315969352297109,0.04862517746633401,0.2734337402264674,0.7247569758665567,0.8802844509926856,0.19869099557987674,-0.07319991172491402,0.3858787282738236,0.8157632593107211,0.5991400842367354,3
-0.003370904425362753,0.5701451416771778,0.953099810865501,0.40209874515985927,-0.385718289305361,0.37824462341392195,0.42613922092618567,0.3886711195132736,0.0535583718037832,1.104786929600117,2
0.8242716152832292,0.633117313819229,0.8723300150804765,0.6712231935059639,0.057588114847028575,0.6440044772389738,0.005956251662107656,0.8007894730154751,-0.05241500078528749,0.429458871264082,0
0.05519434646342404,0.8915145731027521,0.309557902217823,0.8606735255581163,0.7335681328872996,0.08130068738574205,0.029379497462374195,0.7313746437182812,0.2335289414236882,0.9841568015543939,1
-0.009882899112043542,0.48870536842401313,0.524648558722896,1.1728213122023727,-0.1533192613041509,0.6961769851497831,0.7654548814289737,0.4369124908247162,1.224334032177032,0.1453741247590905,3
0.050516588065500315,0.7468112086664693,-0.015727925173284224,0.1651670334562914,0.8864660455339347,0.3562779594801457,0.2758799716760472,0.34198445170686703,0.19524898862995588,0.32333202885044077,0
0.9931523531770623,0.10844179615804389,0.6023504544526286,0.8387917604404959,0.6455271444803744,0.8836392895335957,0.28232345406420434,0.929827815114502,0.5731761279380488,0.21844997754572226,2
0.883564788767676,0.3152895582259189,0.7079500680772283,0.04633696285214846,0.8957971668584983,0.023535400618932147,0.8609832270309701,0.6435686970875673,0.21349785475189648,0.7608260614693305,2
0.6403129223034837,0.7344676089088188,1.0175758862242494,0.6887627099789467,0.813193119953669,0.9556830234020894,0.5121569512735997,0.31775646593985485,0.9277161098578031,0.5239903720749087,2
0.8373161634659146,0.3437938648223841,0.7137224718267082,0.025721391444876045,0.9271187984902285,-0.021878704948024207,0.8907295597771288,0.6223663948638318,0.2391760715300287,0.7541295558373478,2
0.9494311846393997,0.9818689397920731,0.6684903857612969,0.029803638125289668,0.07084102490747649,0.2074481185517964,0.045513015999722434,0.7466538885009579,0.9919841596757448,0.6654259796528154,3
0.12934778430472177,0.36594804547921767,0.9653818916238709,0.6315816694295803,0.1209658497991135,0.05781259420572432,0.7176087292666349,0.7247805838562726,0.2991350496395001,0.8236614102273047,2
-0.03454897632383257,0.1870655574211516,0.8561727723543495,0.45270857582591795,-0.08788600820009944,0.46511291820586786,0.7272769568020283,0.5005708826158477,0.6874203601547698,0.21485641696939656,0
0.5203208463776238,0.28878671975612197,0.2614729708985818,0.14405922015871556,0.05945400286685418,0.1090327834255603,0.4180579709328149,0.01237508360188315,0.774106675980912,0.37801959393562506,0
1.7757868271080666,-0.049840466038388764,1.5558722482293337,0.08568163554930164,0.7885636122583112,-0.29033348373534584,0.2480782919835726,0.6755534599561216,0.12697555443290515,0.9459288903569999,1
0.06458731710491565,0.8956477674604264,0.30837221131613834,0.8816756205744869,0.748621321216486,0.08011877320099577,0.03771038592780469,0.7118091014758144,0.2061669562636631,0.9590036953004166,1
1.325305333932714,0.9486509800195322,0.3989210023497518,0.6344633194355849,-0.03353515453066147,0.48414626773440794,-0.10358628999566,0.0625664819950724,0.9505500748718998,0.7093172009853576,1
0.7730214572554046,0.5940804409563948,0.8078236582303867,0.3303166492791728,0.6760344620996792,0.9448255810423855,0.3018094746887138,0.15190006396386918,0.1424269885288023,0.8415358730442095,2
0.39041930836500854,0.1750901488326143,0.07720078336848779,0.6998512654102265,0.4712094078070236,0.3298485282427643,0.7443717254979311,0.39025012238428464,0.032164365481654494,0.6329283950878674,0
1.1342951471013518,0.05610524342811228,0.6886515010552402,0.9056105610595236,0.7140061240685815,0.724763751024935,0.309186124563931,0.8935293446867181,0.47672325490486905,0.2699502833346454,2
1.094607998097164,0.1376680378235706,0.614594944797991,1.002398820294896,0.6088021444308629,0.9243773244397808,0.14024344114134044,0.8468573600185272,0.7748087392818713,0.2759523015614823,2
0.7733550382682836,-0.00614466772634132,0.7331765681712396,0.21315333677595485,0.09206004627143816,0.9485571429626111,0.13653815236235878,0.4585561955551658,0.14406515884667567,0.8329127987720683,3
0.11584899336565813,0.3741313061466396,0.3423694262531979,0.9792130610185025,0.4520379026514977,0.7931591979243247,0.48767312456210254,0.6995548528441548,0.5462399156303814,0.6602607056962886,0
0.38031024899391863,0.1710970817206622,0.13961315810900418,0.6773559342452486,0.5425418400655619,0.3037238111682418,0.8295870405096069,0.3499340966866324,0.10665137696527596,0.6661432095338476,0
0.849350687602704,0.2842810044030558,0.6960269077128232,0.006597906891620771,0.8893795711148561,0.036890726783562866,0.8589722249848055,0.6694173777052881,0.21254886914424553,0.7793992194956021,2
0.11209928602878096,0.5343007250261347,0.7101401220463764,0.19208849248140072,0.9327248347541395,0.21186464315496947,0.8521421134308627,0.6437192123689558,0.16839185775962603,0.2823059696223016,1
0.743535009698423,1.0584874745234445,0.7347153228079122,0.5765231265271189,0.42417525197737427,0.8535562995085828,0.40719229451344935,0.2086666755270554,0.6333686977851862,-0.0347514945784311,3
0.3474842202911169,0.8265774389550653,0.6695321908029019,0.27534116410524206,0.05881133249341344,0.8038703595038302,0.523793624822504,0.3679388416100473,0.37815844629289186,0.4463281541659807,3
0.8849922276174742,-0.10516827379791313,0.9002016395481492,0.21730012379656258,-0.05088519868928157,1.0721247539986034,0.17056881812397645,0.6534636988064223,0.38543699033182416,0.9553133658160124,3
0.15754882836372242,1.0001452408613545,1.1267742401242071,0.061173456133140576,0.954810063465371,0.2418394903946243,0.5881370888211419,0.8988882462077994,0.025679821261543806,0.4776028272216541,1
0.6586202494801066,-0.2698434116377976,0.17270216366219251,0.8710967712521064,0.981173831845563,0.2549740317329068,0.7166953062397182,0.5414144919857482,0.3375709213542317,0.06041698564155562,0
0.5666969081388789,-0.009324464114432163,0.6961583104630539,0.26544531899087476,0.9139140998056725,0.24258608198473164,0.4242446986422799,0.09719270419849342,0.5014723138282151,-0.04140781909544594,2
0.8571827253311,0.7525171903896061,0.7018365721338587,0.8973198559260998,1.0111754614729902,0.3093588424464284,0.38801694540165205,0.7754307925510907,0.362552541109081,0.714426165001701,2
0.10508719880729378,0.19937225145013054,0.5426842521016537,0.4724685953627724,0.8713993346243675,0.2950037264823356,0.5066225856147601,0.740291241510795,0.3598718066333066,0.17953858000469944,3
0.012781383993653396,0.6128187434176178,0.8091937623444123,0.23203985856208387,0.727635281125226,0.6811214639721893,0.5276473336612525,0.08228356080811089,0.7825734001907272,0.02182512842029032,0
0.9106133807667046,0.33347754325512413,0.7131456279532118,0.04714349689610023,0.8982744607437239,0.03204325514997061,0.9136974077599559,0.6850987337326695,0.19976094099886746,0.804823460464975,2
1.207692473459018,0.5390128477662994,1.0742717443737404,0.8334064418939013,-0.19624247838807557,0.8695258012135558,0.8172097308249022,-0.0017212803654403867,0.8504863341650188,0.7533646569820273,1
0.48365570425516774,0.7563801491651752,0.0679520380189068,0.2687852921804917,0.6874607861136394,0.18926972197410524,0.8200661862862663,0.37962258853881664,0.7463838609376571,0.5627399383231072,3
0.48844889001571096,0.11304726184820113,0.10044843985462332,-0.2279247331046147,0.6418553380391037,-0.20333996858935094,0.3842794711029188,0.30822421811950396,0.16158518856324655,0.20867901941363526,3
0.08472786185875103,0.6022228027016038,0.9591239661610488,0.18317103011599198,-0.16037129525244115,0.6299478740286073,0.8759706655643424,0.793050944084023,0.41880935134948555,0.3475619682105553,3
-0.02385964137295679,0.5505151548844616,0.2078035304852879,0.14537417422639765,0.8447422663715934,0.5248131772514313,0.4589898109846907,0.43660715298909275,0.06751189792958864,0.5106331994129194,0
0.5363354282509091,0.2581182165898774,0.38296303975905044,0.04084973584622851,0.1605335321433766,0.16477487384003744,0.5484389085669125,0.0006948705244907073,0.6506880675281703,0.36201393065502535,0
0.2992705393878752,0.8999796453306734,0.6477472594860929,0.27172452497002453,0.14480249313055996,0.8463301607825755,0.5717762028034714,0.4656854663737273,0.375838900429713,0.40822339182466627,3
0.894750190618875,0.33988501307204794,0.7266057476059335,0.02176109596004723,0.8713481939565512,0.01849220602569576,0.8439815807265474,0.6831222891288556,0.2594431286613517,0.7246049061117147,2
1.268360555812732,-0.12151523069474673,0.0944155759993161,0.3481798176413813,0.11359778322376894,0.2602097134850423,0.22935992111309528,-0.0979628890444508,-0.1519021361468772,0.8562955926637071,3
0.8160518882458614,0.8224755895727736,0.09512285512325848,0.7737668309065019,0.599518402288329,0.40764826015530276,0.830871211209065,0.05959801437642728,0.3021628266123015,0.22310834194858228,2
0.9622649528067816,0.988378079205959,0.6312628105673761,0.02223440526277857,0.08184512708061015,0.2281173121109514,0.014348219516074038,0.7472984593394991,0.9929285863252751,0.6891943462060649,3
0.2753437380190723,0.62585578054142,0.8821250332266951,-0.039445189703292326,0.8184506750532796,0.377061174241893,0.6832408926233031,0.6116051401840553,0.10431902302257075,0.35257270156460785,1
0.9384671687036765,0.7934695868695527,0.7958776176647727,0.6471369262335048,0.07310077202381857,0.4781931113904372,0.14034969186760127,0.6866885183538359,0.015370660844668291,0.5016068452606293,0
0.13293770925739168,0.3232981231433996,0.9851645141639425,1.0441147014718781,-0.13984601168103936,0.17943412880794474,0.4534046213004458,0.6425936173397856,0.3660310241895061,1.1755335211677762,2
0.38011287557993656,0.7745264369057653,0.6163155298802485,0.7057658891047154,0.8222450467865914,-0.001233084947503349,0.14796373263675194,0.8166405850230352,0.23492044448586502,0.8850509037377359,1
0.3715819165353491,0.7773209165915815,0.024941326320957562,0.2783271727874364,0.7054483258068869,0.13969220762741894,0.9272649757232573,0.30679930681999035,0.6771852346472496,0.672425640447531,3
0.5378334591178161,1.1041299197972898,-0.26869779436074603,0.3309335857707776,0.04230269456716973,0.40917153679831264,1.2174221200365958,1.4694081014278995,0.6947389977476903,1.2952907274966312,2
0.09224848846531623,0.7186323795837033,0.010707261142182456,0.2464530367057067,0.886115145970296,0.40273814358670995,0.35026975145508815,0.3351688342207211,0.15520025203112675,0.39793374339122667,0
1.037988311326481,0.24345477052616726,0.5323459894303595,0.9123930691495478,0.6601804671918838,0.875943083357876,0.1592205939297627,0.8941839477146416,0.5528198642483874,0.16832873840974824,2
0.981230260257925,-0.035876707865740265,0.9007894221474493,0.6960665156057773,-0.3391988687322209,1.2740197298788192,-0.05227923759115216,0.040981624224077896,1.1891881182215456,0.72471919902555,1
0.4883764958650648,0.8414533894952735,0.01958640787581198,0.2922184090542918,0.6962804962218936,0.23713630692379342,0.8637303330535924,0.36864724882995237,0.667888733307125,0.6058557232924543,3
0.978414691187447,0.4888642482171074,0.7521346988407692,0.35402974370817136,0.10921683846264874,0.8499248549591459,0.4209527673082175,-0.009935839623080353,0.6471865206240461,1.008288725767021,1
0.011509584912149123,0.11906218751682379,0.5110972886747159,0.4626578050478335,0.8631101635254231,0.32640803904134613,0.5457679502467684,0.7536325757337577,0.41845196451111544,0.11197805511347364,3
1.269528808388292,0.577536407724274,0.42066301303541703,0.809406484883278,0.8072351017143652,0.06524028756367017,0.3895736299949904,-0.013291527865105915,0.6863042370189187,-0.18731593100673466,2
0.42877069058023,0.8288946551412568,0.06546461199830082,0.3045163764284796,0.6612948253242065,0.1749333290931253,0.8766290350862437,0.33582678075983613,0.6760485068252499,0.6229100505930014,3
0.9080207081374321,0.8995059762201957,0.11823098347596178,0.7721788684926656,0.5639763423112598,0.3290999957940514,0.8918727882087715,0.021500527345833687,0.2947040918098354,0.30677710405162706,2
0.3262617690606948,0.7617029942652762,0.19472199505633583,0.3759083713425272,0.5528893599792014,0.267022047627175,0.9162998575842738,0.21485529223714864,0.624524219567214,0.5891619278878962,3
0.8783377592391122,0.3431923041686076,0.7354237108535703,0.015173811207008257,0.9354158880244695,0.005564547494655524,0.8462682237458025,0.6081772273595966,0.22939301176331528,0.8245909137274052,2
0.011595102612119774,0.6147816747363706,0.8134156599613074,0.2276716572883096,0.7287444274396141,0.6778522850806388,0.5321865850096624,0.08086477594184038,0.7786310159606054,0.017717929500256458,0
1.0097019186074323,0.8944045308896145,0.5993141997556468,0.6475119270686852,0.8594721609878556,0.33035645445908235,0.5989932687728644,0.06656221412397308,0.8318825295478026,-0.05831141788552019,2
0.7797202828808883,0.9345387197556991,-0.006588320568208475,0.6664074900178015,0.46978621513835483,0.3477612995543744,0.8190835621447846,0.04038605355545308,0.1727699286473454,0.24895826386273612,2
0.35527812907973766,0.5472933904832995,0.9228449308350142,-0.036909833876246585,0.8188957614099771,0.027110204003580718,0.344062708094882,0.5143388834300827,0.10184825821739983,0.7299234262904887,1
0.11839878592635951,1.0756009030635167,0.13486207192114677,1.0746715514221648,0.5419852781784157,0.19373775075462824,-0.10078377783022813,0.8219327185633052,0.4269135812942664,0.9175788570519134,1
0.8040757571506809,0.8179922976073459,0.7833373668786561,0.7908587061825451,0.921671751692367,0.2640895073022973,0.366221235387613,0.7948306513475398,0.33468012224854615,0.6178422417838263,2
0.16411597195396466,0.6684607260628667,0.013559087561298797,0.35557079607957814,0.9390526143227549,0.40395300728473005,0.32498837676982023,0.2796168684072329,0.1419489288942965,0.4236938417670984,0
0.1222161984731745,0.18028155349616576,0.6901036928167554,0.10090924104476696,0.7961485819839048,0.7747930262552063,0.2161997794553459,0.5351353667949044,0.1855432604197398,0.6936365766334316,1
0.6166556217453837,0.3208468575542288,0.33315057298036516,-0.05757471258118073,0.06316983227303605,0.26653632232656577,0.5436550854187895,-0.10165469910254483,0.7287880102359701,0.3927449744932146,0
0.9884291252639867,0.7827219290252628,0.8090397100466858,0.6369417343876866,0.06766545886018253,0.4628885432788879,0.10945622866565613,0.6963059025149315,0.027797554708292756,0.4631089911525148,0
0.6898202806861056,0.10450795465853724,0.7969760681074705,0.2396963050556423,0.12895380437881998,0.8851258452177198,0.05045788216904856,0.4328615130396113,0.03619898761391732,0.9805137055394956,3
0.7765824130383563,1.0369666709759509,0.7519467026824237,0.8218053312760841,0.84748533829892,0.3714206185661377,0.669980966147984,0.2579572857673037,0.7356290202647677,0.24459811704526666,2
0.4430389555527625,0.560822302532839,0.7850621159189667,0.9543153968022611,0.32378948644773164,0.7374856692650616,0.0204696514008586,0.5397619933876279,0.40076301329342134,0.2703057267084629,0
0.3592711407337056,0.8119517936822959,-0.0825063985605475,0.2264615635287948,0.6936796690077375,0.3231722656404049,0.8940169254222682,0.38376260701241616,0.6422547797940178,0.4818601046064621,3
0.033349742729775415,0.3231211482332313,0.5032313418599677,0.8423027158454695,0.24671224140519282,0.6415310958758978,0.5569904109320202,0.4635642750556286,0.3444868281162421,0.8320657981679153,2
1.1538778361838409,0.571835705129143,0.815132505230492,0.07945231160828542,0.15580808058927192,1.2123720539701663,0.4327605877948021,0.36054982914977435,0.38364288558135656,1.2484778503333391,1
0.054305339054013246,0.15587662005376152,0.5251700110739608,0.4931634886159404,0.8782078100189532,0.3350201035927629,0.513665450012917,0.7391140111430485,0.39930421903016694,0.1537155921703597,3
0.5144955978802527,0.3323660939308734,0.37780115679388115,-0.07149322247291033,0.2517883498727837,0.22041241060971495,0.5353701510725923,-0.007150229047434129,0.5894044247393109,0.45613175539550677,0
0.4140280483824822,-0.1134811543040588,-0.08436048047033162,0.7190266943694119,0.8523432335852825,1.1729210314149814,0.6645328730792031,0.596237645656842,0.4249577357046901,0.7174497979786472,0
-0.42508556875517667,0.37885580556534065,-0.12323700319772607,0.9542651806329853,0.19984897943816737,1.0084449609161796,0.7355462121895602,1.0830511481534968,0.8650509750235469,0.8942162813360195,0
-0.12097630098870979,0.0720983707978627,0.5894368931050593,0.5946144711207388,0.22406616747289176,0.4796421859810513,1.1073056989990577,0.9415270008306679,0.5182265311466143,0.38131533843763665,2
0.9765261886034237,0.8202064399964069,0.18833484103212964,0.7385269976896365,0.6019926837956997,0.2438983903296625,0.9282328144944112,-0.02651759496622602,0.30735182323785337,0.278469980460121,2
-0.0031946943107712955,0.754913107674307,0.14958842661421706,0.14395123683044128,0.7848866011313859,0.4857924010432422,0.3949921870142955,0.40768136784311215,0.2508632426564992,0.4740182861406267,0
1.0313934387131867,0.07838354386133331,0.7047284753756102,0.40198718557600593,0.2784665016913622,0.2031574771632598,0.29358067384676256,0.7130931268217585,0.6318165753060142,0.342751611008732,1
0.6969240437616788,0.531315276677498,0.6341899856843177,0.712232108335396,0.09569332664268829,0.554923088952406,0.7809937317240987,0.5772271095363739,0.5759238768605891,0.1020651495369275,0
0.7360243500278298,0.9671515002113567,0.8155077425104348,0.6425281541443021,0.3109644181386236,0.8634146942557397,0.20213270521577056,0.16666196533532812,0.5794950474542022,0.10282211125120751,3
0.39832295872659834,0.8343627875827868,-0.22340403739601017,0.35285472202740337,0.6559215724511342,0.6412435250421334,0.18297675166630603,0.12208040125834727,-0.11138368099646068,0.29386362552156126,0
1.351892383256312,-0.5843212938459553,-0.681962109252916,0.054163728494190155,1.0009587064414114,0.4046685580920708,-0.248156849152241,0.9648529609297058,0.9246809519083509,0.9200547430782888,3
0.4851975635899516,0.4131051243316789,0.30321798753996687,0.7041750497526175,0.09209417208309201,0.48157454154160517,0.6995852978424909,0.27879815307800326,0.7232436992312109,0.39763755147236485,3
0.8803473058458847,0.308452193014587,0.721063691654805,0.04078314503484004,0.883468775118897,0.02219754106196422,0.8717363227388667,0.6571737689380707,0.2344260944858619,0.7677416519115332,2
0.27913313131808815,0.5842992380527434,0.030840627519007697,-0.055157268023049266,0.5711238713465068,0.3413517747358252,0.4803573649570083,0.5525302830940532,0.2892156472409376,0.6378385277675082,0
0.6817619090111223,0.6247827221180979,0.5319479072422547,0.8860385955407823,0.7866003132783872,0.22353515463874013,0.28956747844750247,0.8506629477778542,0.3012895552776137,0.7433687020948689,2
0.056610372725753276,0.15447093221561506,0.5245518447526103,0.49739132665595553,0.8789115316232995,0.33675139556822226,0.5108451882302502,0.7375983988060619,0.40095300424120217,0.15672212024808777,3
0.8684078068592636,0.30724544918750607,0.7176865998240481,0.03716682704125745,0.8894694189483358,0.013840048505615262,0.8698194154852297,0.6654264479012625,0.2240300054233516,0.7549425014535959,2
0.6441536874344613,0.31544216789285673,0.856197466259744,0.37141183665005695,0.671026569786465,0.3733156221076291,0.3113498457258424,-0.0315196668915195,0.5525631388017213,0.7692635282302089,3
0.2528098307714089,0.7759786333766111,0.7512184276969683,0.4829101356137959,0.6991603934209598,0.41656598157934865,0.6942680324248998,0.5497666365613999,0.9005768420737343,0.7740120661102774,1
0.962699353550398,0.4307586839003436,0.6806362259553298,0.3296893978545366,0.18869821221515526,0.847465982083494,0.3809832421915678,0.07210102493043068,0.5881923096815358,0.9449548339789758,1
0.8279962923266639,0.21642427304097084,0.6321510685700357,0.10430926524645104,0.9727943063953973,0.00673069675901509,0.9550702675322321,0.68569007709636,0.20196962073998162,0.6762533946105351,2
0.5116753323364762,0.3218371712383556,0.36071771831783017,0.6603332806388275,0.06376899570989608,0.85313173394166,1.070057126212078,0.5776631831043694,0.5698664950037178,0.8784127522719809,2
0.18502720889214114,0.9521700485910746,0.707995663491215,0.5238476930073558,0.8275529583357273,0.21113401392744027,0.9623483675409928,0.4177520721001285,0.6861894549742975,0.6882656699749617,1
0.21688546876986847,0.5765609706757033,0.7694520183093703,-0.05303717049020529,0.8896987477341137,0.34791725394383677,0.6858081130219487,0.5550850532225747,0.07909409032364341,0.24729682308935264,1
0.6551837112272466,0.4595547299684814,0.651137498939423,1.0814598291453748,-0.08418432810564058,0.21106986224771943,0.0007910328919437208,1.064309668007586,0.1696190143307298,0.5050222522290744,1
0.800040514488738,0.5860431718073185,0.7815875488612475,0.3766203609989925,0.642339955110532,0.9364566513373329,0.2881578184030453,0.15747228650768474,0.19502397428257148,0.861928020088368,2
0.5992110859057366,0.5645276331846597,0.31243902281634617,0.29033018576265474,0.8096082884122545,0.3511363587120407,0.3822890014209777,0.08165960311333592,0.2196269212265245,0.2171443690012854,2
0.5720060405809044,0.5361204048377737,0.29857556557421633,0.2651295237880441,0.7775765156692719,0.33403813055791054,0.3582339027845843,0.07239892806133154,0.23480998408625836,0.15727207442232882,2
0.7006630443530906,0.2613567741940353,0.949408885881719,0.4571718279083568,0.7479400888716935,0.32291531740463664,0.3470291660396649,0.06155802236169975,0.5285025519182349,0.7691090006420923,3
0.0864620817072778,0.5952959765835707,0.05266860857957756,0.3903389654740228,0.9554777822376553,0.513935850686261,0.4124050112145522,0.3053327019971539,0.10567016032218332,0.4013083907341271,0
0.6207505354193494,0.5772475715368625,0.29116228472777533,0.2827796431251781,0.8027554557767583,0.34213637223834703,0.3904152533910941,0.08196721513424676,0.23103375361051987,0.21420267153756128,2
0.12927271460992446,0.44500166343034614,0.2699494502597517,1.104677557302597,0.5460808414409961,0.8654018780233068,0.5730025420441828,0.7396970404007673,0.4863031430559101,0.6389560343698542,0
0.8092218999477226,0.1481907802294189,0.8361805313639529,0.18236965161526159,0.044092744189885305,0.8720444757106308,0.10014527590002163,0.455796338075176,0.16681094428164703,0.9496937504026173,3
0.47653987438148293,0.2983916344729609,0.3716975197388678,0.2877947457998591,0.12788186498790916,-0.06575431898904302,1.1125210288743925,0.572812022207376,0.3688065050224075,1.3550732071762543,2
0.466557105693248,0.7696397815997987,0.14982514429237184,0.379048349045077,0.6689932562030796,0.2638434395347221,0.9029846777324823,0.43512573397846305,0.6390030503404973,0.6788586843319245,3
0.7314422818612456,0.04317270507279404,0.7415730962763694,0.23350159474246246,0.08708511560153287,0.9600656232590122,0.18648173564178852,0.48767715098450876,0.1959963625691688,0.8932984918638286,3
0.8809727385963282,0.3073356210185351,0.7067478539183523,0.023789426450778937,0.8764974537719424,0.01285590268865023,0.8708394423135881,0.6626780674601965,0.2353697709671272,0.7723911867596704,2
0.9311908213344554,-0.003621503417449358,0.15788358938773983,0.5156755561224845,0.05148090006744102,0.0057500048072411936,0.06540244242061785,0.034356240993569404,0.05697710701099154,0.8572060451548416,3
0.3737262584071921,1.3456753452565526,0.4193306251792812,-0.05363979537212327,0.18573096482691162,1.3853621781794883,0.3023779695490827,0.19136211675210835,0.5984189852488866,0.5815831768174858,3
0.8150725132111333,0.6002467617435071,0.7702666486308656,0.3992331838513059,0.6498288427933839,0.913670417604957,0.28427771528395435,0.1696992420394897,0.19282205571701735,0.8777434200797953,2
1.2900904328527212,0.7790012946761213,1.3762976896928394,0.039082619953585085,0.7420007841758347,-0.028833597853135273,0.8320325010839619,0.45272454220046565,0.7036146914424162,0.45196158264175845,1
1.096273993564476,1.0856673246468498,0.4614757527510503,0.39898226819831895,0.0030116101438418807,0.6562861132056882,0.2945496444008441,0.43376161691201104,0.6469627370540759,0.2933050647618193,3
0.9523674423541973,0.9927424316019352,0.6246308938218534,-0.007152898984836311,0.12293322546185388,0.2516818375526111,0.07073728269473734,0.7510806170129514,0.9855061080001827,0.7064168735951659,3
0.4988199018281414,0.8211605385723415,0.8750933571847698,0.47509092551349075,0.7612989376498104,0.8245129054836642,0.5318514020923936,0.36975746882384164,0.7373163989725471,0.4569112760002138,2
0.2197847638834301,1.0781396461335686,0.7668397379514301,0.5941840505171494,0.8642163551696201,0.2716137195124996,0.871031641810774,0.29521886164748884,0.8262794296572311,0.836840940845235,1
-0.22122159464869712,0.8035862086140649,-0.23801869814024096,-0.05729989657831985,0.9351118340351503,0.46655991607832914,0.3517153133760684,0.30432054257544994,0.3799531627868876,0.7279486472892702,0
-0.41934472406896295,1.245530829091305,0.18472010097701694,0.49337348310711343,0.23473416405229233,1.2303424608083882,1.5122558232906416,0.8830408773696404,1.642965115800769,0.36982698013000925,3
0.2263570252897205,0.5766943918045385,0.7513781884150103,0.09044670517756195,0.7543222136390431,0.44167306162705505,0.764199791302087,0.5289125175418978,0.14861536857020818,0.3499639240708341,1
0.8885738123465228,0.48951997314423384,0.7370336430073734,0.44513913754683265,0.18816775411805417,0.8864668752273344,0.5238650555195918,0.10590678796795056,0.6424709164198106,0.9266730563981933,1
1.0254111798068946,0.166917405727891,0.606402011863466,0.8884830146767873,0.704868723161669,0.8218308103503403,0.2616829262404887,0.8419767363073314,0.6766866068898426,0.26912739109131734,2
0.8265192598550509,0.5067485620582338,0.24587330111398253,1.0916626399641123,0.46226410525815226,-0.08556969284951904,0.8522763608141827,0.4499893408159572,0.029857919025869935,0.2664715287855177,0
0.722935907975225,0.043233279707212864,0.7502615183885113,0.24239434077399977,0.09254104612023668,0.9612472789940091,0.179494685424084,0.4970621170822639,0.19285943673960854,0.8941887233832249,3
0.24523105242745555,0.4414158567073154,0.9155312053633716,0.7518842440917729,0.00223061216227532,0.13859232894694334,0.7749580709181474,0.6318384556223716,0.3354362487425134,0.8324415283153014,2
0.1328051055921126,1.0503636386076733,0.6832855050101401,0.505760403516214,0.8969822906902922,0.1769145795437504,0.9582052774723874,0.3480431637266077,0.663956398565042,0.6174959797872062,1
0.6448454396549518,0.49220675380956325,0.5834077730080262,0.677101386417526,0.06794898190614149,0.5007418410927232,0.7610935939114671,0.5399629838875547,0.5432555531105048,0.06320830435963842,0
0.9321486999467362,0.5499731797855085,0.6525556929567472,0.8276686199235754,0.2217436506570603,0.10179934753764056,0.6469480635623223,0.08947441413873315,0.6017543477197591,0.7314711276274407,1
0.4814186002855335,0.825405355051762,0.8853163833090438,0.4538396380294128,0.7751733920534835,0.8249828633113965,0.5571371191019385,0.3709590355952723,0.7341035106991064,0.4785709685073508,2
0.7910209498647064,0.5781872218665134,0.7928161278045325,0.38944864317168965,0.6414443111904029,0.9589012614251138,0.3033919856313691,0.16408617628674174,0.1946737835259364,0.8340933714218277,2
1.011781610532055,0.5138535600960208,0.7782491049881023,0.5024008222142142,0.5016676886524102,0.7654326183908178,0.04233360529273972,1.041557107601268,0.15058458661300173,0.36583472136145195,1
0.554865766792048,0.326583321395839,1.160183365375465,0.3178858289975976,0.8639586332173373,0.20629123260923718,0.4686525860823786,0.2919259534211742,0.5837064735067947,0.40227021597629853,3
0.11936708108814609,-0.002525798313210016,0.24386026197901292,1.1518405079047969,1.676987206897294,-0.1884840581518677,0.34270140258695925,0.31252647839060416,0.5702758715054174,0.5446914182031984,3
0.8688838140057452,0.8953107380561813,0.7210617925215633,0.8436238454187719,0.932947383225557,0.25741813471268377,0.40600547330084136,0.8081095933855952,0.3402122756784855,0.6274480237647976,2
0.8690146993402811,0.30815519925515794,0.7115222914951965,0.030503160373214627,0.8963388860639144,0.014794158073584938,0.8748862668857401,0.6573861518725433,0.22303783568935742,0.7623439699821424,2
0.06371032224387665,0.9178052035906132,0.31410505011608864,0.8785004171969154,0.7417543022690286,0.05679748045046304,0.03532084170659891,0.7138406345435054,0.20890362261541906,0.9618243459727813,1
0.4014678001744442,0.8370160270257624,0.44477770108201165,0.6279633996262586,0.19183751956625827,0.026363846389095696,-0.2623012540790011,1.0844635011747568,-0.07135146897588657,0.12840077788570226,1
0.8716846066073436,0.3096121222782303,0.7131226411071121,0.034568927586501305,0.8911826560447946,0.014765411144499644,0.8710102007623546,0.6573067436259653,0.22501602218960873,0.7602305309080563,2
0.578856520001251,0.5107292422136993,0.27996179928994025,1.041541402413543,0.3625423365619852,0.8991068985258749,0.4748408551228949,1.2379740673864013,0.7742871937397748,0.2582786412829048,2
0.13352756885585096,0.32888651614879993,0.3094005511037705,0.9438608540998459,0.4433013474024793,0.7574725944712803,0.5195218566337758,0.71703124404086,0.6060293895098515,0.6747266871780738,0
0.6588953070424175,0.28209146155055986,0.9078819535958139,0.3832914782643679,0.6820768773114337,0.34169066935689535,0.3813753761241974,0.013102899176577741,0.5129109526357813,0.7985157759476544,3
0.8319749287502689,0.28456421967106404,0.7374732795867597,0.06764057921311448,0.9238042852228929,-0.005426814371761811,0.9051676394807868,0.6800099923851162,0.24646715781740913,0.7263143822423902,2
0.7880542625244069,0.19272559614375856,0.44187921398827706,0.3525323567469628,0.18911534410202502,0.8755720228058742,-0.08071342619738497,0.7809355517092768,0.6166213593839956,-0.15708786736535757,2
-0.20192123542198526,0.8694783250578446,0.379519983778564,0.2999821688976329,0.5249509937151564,0.8880372591838662,0.3304450129699561,0.7188916889686855,0.6421050277365455,0.3019274794460406,1
0.7930546892758639,0.5706390976873534,0.7657552603475902,0.3677028584575496,0.6330268929578583,0.9246697128185929,0.285180337521736,0.15170639033873973,0.19838862052318687,0.8457659061671149,2
0.7733111181588278,0.17462851069077118,0.31000958827417197,0.2614976524508016,0.7940769393693609,0.8914494377887707,0.7261213758646541,0.5597212456510121,0.7777366949517696,0.09789208955482691,2
0.948064014347872,0.8738584969121705,0.15528570910814432,0.7801861321324937,0.6693040400206305,0.4186390535559292,0.887106976515104,-0.05582931120523327,0.18895238993586805,0.369024130932539,2
0.21596452240345856,1.0275494783828683,0.21740061125625576,1.1492619559497512,0.8369963758221162,0.45250508135980344,-0.47922982709043793,1.0177871767526743,0.31247124970017637,0.4630718314252874,1
0.5495983211973602,0.927839113175487,0.7233239526226236,0.5361917990425694,0.25709971635399204,0.8410383059359041,0.1597344306401081,0.3488670833872559,0.4953351863588961,0.10681889904049453,3
0.3676487952217976,0.3340672105608351,0.28620108411832684,-0.06819128470097612,-0.054920446534284656,-0.008600135983016288,0.6044681771074251,-0.024459169260050394,0.8020331779746039,0.6051471097200526,0
0.016244901449660603,0.6107033514016507,0.811798302618162,0.22725036803751475,0.7311764373219076,0.6823363818708464,0.5291239806322909,0.08173448726279645,0.7753107680415842,0.019860959061142807,0
0.6685451679712656,0.24323332349063703,0.9713331573177559,0.33105349440696913,0.6794586431088416,0.3432780207830368,0.33372957007286397,0.06687559510225005,0.5508943132335005,0.7523134155606477,3
-0.22228262862638604,0.08462336391845621,0.07947487551400917,1.3556623551756748,-0.2589239220519616,0.523953478433725,0.7362887308933994,0.32217963536816724,0.5966446645085876,-0.3797339427700145,3
0.07917873870651804,0.8824996619184026,0.7871288073940385,0.4717449866171517,0.9103036403764646,0.326453516481664,1.0307722268827595,0.26968079649821897,0.6961566170049341,0.7776690657424168,1
0.8325009569599533,0.6300213365643385,0.8292177609798659,0.42724885767212145,0.6027745061062575,0.9113461874235658,0.30960077018170856,0.1820392855006635,0.19400329816719614,0.8204935406079157,2
0.5474177406895049,1.010525891542519,-0.0755515614981419,0.27904735725352803,0.7976793670732113,0.059290554255248346,0.729845667132432,0.5242482693716348,0.8473702722663985,0.6871198925335736,3
0.9097365550880487,0.13831791273494523,0.43747523597931254,0.9389285749213647,0.5414355296951523,0.8367360096110418,0.1884303862326987,0.9130325106644726,0.5452711243474161,0.18288508098797712,2
0.9174563078489886,0.9040574767917867,0.13391988842788013,0.7826855807482183,0.5384592016876262,0.3209730567414665,0.9137435814026157,0.04642274418186346,0.318790613547834,0.31665505884517525,2
1.2091473362792393,0.4836891939654494,0.17307553319887597,0.8102937490922991,-0.7883375470204139,-0.49744520583807195,0.9961057507810882,1.221392670685007,0.35987300264960775,-0.6424713413594977,3
0.16812903400384574,0.4711274261237265,0.2797308887353005,-0.03221195021772991,0.7536014112756371,0.8697004210889239,0.02108732124080677,0.3000564716008142,0.4192581781507748,-0.02640228111326287,2
0.8206921364247053,0.8090770652458794,0.9905975898070226,0.24532593592409718,0.5097937039442695,0.5745377566086092,0.43519056894919966,-0.37811005511735185,0.3114215271590854,0.6845221339902137,1
0.4838074570449989,0.8488355745116674,0.8828181737202823,0.4826664407520589,0.7579133150636973,0.7824539226650443,0.5397765346956611,0.35555741232722443,0.7469471248735378,0.4988806568142386,2
1.211138513134622,0.8540145199913516,0.6314732160428798,1.2075219531723889,0.13058485864801314,0.685216438587921,0.2727988580628378,-0.2385272877817186,-0.1517795181773064,0.6754328774828556,1
0.7890413681602788,0.18630673813230392,0.29412704952752244,0.27072918166052323,0.7810752305372932,0.9111984169074264,0.7274188436153094,0.553843496447805,0.8024845058672255,0.09055921366464209,2
0.7836178296491035,0.41083513694236334,0.4929309572171491,1.0651308152275183,0.8569699528208143,0.631376123042952,0.32107780947005493,0.7612474763349779,0.8447170765810206,0.44412868793188953,2
0.6293209595159213,0.18669115702339917,0.9308733375833693,0.30354299977725885,0.7039927534722846,0.4602954764223492,0.3230207966250797,-0.046269808586065275,0.5821101503594807,0.7948035712669915,3
0.12132205485077896,0.5047494842828995,0.4083138177635001,0.8491728472258986,0.6040373351753096,0.9063745208404503,0.3509322173831746,0.6972879962374356,0.4024907815106107,0.6027526993365677,0
0.36198125253982205,0.6236776931846006,1.0747102537320696,0.19605856578006745,0.6528050480400902,0.8239777690394927,0.6709790895816601,0.7523910619702067,0.5286549401984653,0.5155574305356606,3
0.13175811849323438,0.3565683753788785,0.34936681610988324,1.0851116790044744,0.5374548216048368,0.6964924651207722,0.5777818175098528,0.7327636120669888,0.481996321297062,0.6841937555455062,0
0.977083132449407,0.5688707412347203,0.6736952813963593,0.0716438237906637,0.6936952710033247,0.487614303036677,0.9592808161466946,0.4100183680843328,0.10647500692696615,1.0676333522676098,2
0.5657127293284121,0.2021668502201587,1.0860504921430219,-0.17576996590963334,1.2487048228461783,-0.23762036342956294,0.1414116813324927,0.22430380269181113,0.9856483425854069,0.07615846028483048,2
0.2429587363001303,0.4033760144226145,0.9391400186562777,0.7360707356336608,0.0066801262574886,0.1676084253684773,0.7848038241407191,0.6284824757647418,0.3885751697362579,0.8192207983481201,2
0.2971411398980335,-0.0568489522070354,1.252575405079244,0.34426453893629616,0.6671125070023016,0.5289862394713936,0.28940625525984925,0.4395847993729181,0.77399710780446,0.5604645339442668,3
0.2663145123603134,0.3569700496870982,0.9696267183670777,0.6677310838095213,-0.029830817038541832,0.17118779650712562,0.823226943826909,0.5573429707890709,0.31161114822110403,0.7733635543421762,2
0.10513077814375203,0.6511201128469188,0.9303585316496663,-0.023903338355411585,0.7694011981794361,0.29344949014762955,0.6373412137107202,0.5665471637370012,0.005636955525112494,0.33039914748120447,1
0.11932878994341778,0.830011558411198,0.6108683723712501,0.2254509266216702,0.08044793747250592,0.7884293935490948,0.7108083388806177,0.6805062421630533,0.5241489514890987,0.3735633567607798,3
0.9173127064311218,0.14865631666111298,0.024104391313571234,0.7025656323124873,1.028737797409843,0.22482599786430468,-0.23017363515969458,0.47349476464671836,0.9095899628798074,0.5880226494980174,3
0.8744037727142906,0.3109746654780485,0.7146964941550504,0.034410262194232856,0.8915604230321073,0.014980033574839745,0.8726496982579038,0.6590558069311373,0.22390719883887258,0.7580688105163664,2
0.8810552403609577,0.4321202079533914,1.2503380610517,0.8536896186503606,0.6916487865928247,0.49553789539547155,-0.015345498505882738,1.0957637805728824,0.9362421975921608,1.0470649870399755,0
-0.3911558021537126,0.2831453631951437,0.6685182619453998,1.004285623512877,0.8550986960792623,0.3341610618171691,0.20643652140376728,1.21454460710935,0.3184138562425791,1.312589072685856,0
1.1035833877523584,-0.01754060866712881,0.7663352644886823,0.015783023416743036,0.5331636915072131,0.21586952865109885,0.34718788727078276,0.75263484201584,0.5394650074828755,0.5694728217684922,1
0.9494621399171717,1.0113340367812935,0.6680362525666389,-0.0046560316837363554,0.11600930586233188,0.22353453400054024,0.034688760091991226,0.7706962825067917,1.0026637650455557,0.688716234356473,3
-0.08310924608752063,0.4943970285201443,0.3531457802689754,0.8583411990746279,0.07640109991780758,0.8884244016708304,0.39584262375801493,0.7131899966749085,0.21622370019961168,0.9108025079814104,2
1.0880222732182372,-0.0786024391820975,0.49507442776729993,0.6848217951111664,0.9294438547759687,0.5881051053875284,0.11070003241778183,1.100143452757374,0.6000193341665997,0.35419270412498227,2
0.947539227973992,0.563026577536082,0.8000808346102597,0.48927942324536844,0.5303940615837648,1.4135133993484967,0.11949782389922448,-0.4800392600556166,0.294177997167379,1.2824655959351954,1
0.5388689164574617,0.09413485283300416,-0.05234949190628993,0.9929380542645557,0.6623905455793013,-0.23596572973545693,-0.27214895212063644,0.8411094338425813,0.48509838389310483,0.1273428556677102,3
0.8814245096977578,0.9208405112121291,0.16843268322326221,0.8110950504402058,0.5054136758809407,0.29283471409951417,0.846474210717411,0.09356428974389601,0.3126393709605007,0.2411706593199989,2
0.6753619180334024,0.23964640814446073,0.9233054703878222,0.33555522192256576,0.6559887759179431,0.35204965189300935,0.33252991533701165,0.042748540874365845,0.5789516601288978,0.7798967544880198,3
0.6497017092264343,0.898648007630422,0.19651717682916742,0.3769638411684466,0.8829665243391605,0.31984269052303627,1.1502152334954998,0.4550374310516485,0.9117649569577143,0.41587225421644675,3
0.0396760739971831,0.936761989774449,0.17028124358701352,0.785057998532378,0.6500180473956928,-0.03180745109809034,-0.07724747078925934,0.8885015108214303,0.10789598650272228,1.0612147846988582,1
0.7225727821075041,0.2308028115365859,1.0054178709037955,0.3076708504253932,0.7106681908125634,0.42261994023230376,0.4121279236636049,-0.03316703657632762,0.4772086267817572,0.8165069267011819,3
0.526273471999934,0.004676306078826298,1.117516412039728,0.22026369111138197,0.6346823316662439,0.3085450723654298,0.1708934014211237,0.5861967983829847,0.8406285029950941,0.6538957120247904,3
0.5029707296790172,0.8627045674646894,-0.0643472758131241,0.23099165943632163,0.7712072527319122,0.09856592672761336,0.8271807064182829,0.3955057084169043,0.6178978378729288,0.7007471184885845,3
0.12061486484455347,0.31941996595562316,0.8836247377623883,0.7252735865458344,-0.1545799596306772,0.27170021972487046,0.6530976635439868,0.5517364820568057,0.34247441643711174,0.7677142951122738,2
0.6687242172790397,0.9136188991587039,0.6978021223179679,0.08214909250894198,0.500311089014505,0.6258701509718857,0.316039503681812,0.1139638832290721,0.8377706518899444,0.6759557770412269,1
0.796679848450336,0.17529392302839708,0.27755708108551636,0.2802674564430705,0.8023070747854714,0.897698270082012,0.7050596976510186,0.5314065173119106,0.7834782187809552,0.08781444188623415,2
0.3795552192888628,0.31456753278977323,0.18700271801316812,0.8422665799696248,0.417136312797068,0.5205394802510931,0.7803408045949701,0.1409884309252942,0.14124630768617613,0.5205988776029467,0
0.7629136670726101,-0.3635276110982173,1.093104109822226,0.1018965516261407,0.9521215587304686,0.5230498703593355,0.35823319064267023,0.16873376502802345,1.20410705385448,0.6382870887661835,3
0.5028339669141011,0.17192235977436182,0.9419098844836332,0.40648272305768635,0.6518917429280856,0.3450698402881167,0.34175349361505697,0.4037816851938609,0.7376348478344561,0.5587520738619471,3
0.6663320250867099,0.5050755417885638,0.6054252954163055,0.673760883171748,0.05024905436506704,0.5133417405295251,0.7408320719005923,0.5415711465935131,0.5512102925405401,0.09019236218664241,0
0.05529891003611223,0.9074879606821604,0.32220187585191656,0.9019431983133033,0.7494793862155085,0.03010521711815268,0.06653637095210865,0.7562071328509805,0.22467704045532128,0.9683878980334183,1
0.04117399235800037,0.1603828432785475,0.5251986605842518,0.4839552158221593,0.8876030401771273,0.3332296146216534,0.5172031222624344,0.7573534209969428,0.41514728600515605,0.15966760869350483,3
-0.008321189059360357,0.11421472432713892,-0.19341466639020566,0.3533308403378057,0.48396709165724794,0.6666854941740151,1.0415897245076728,0.5052102006855433,1.1865255921204723,-0.06402531569465097,3
0.8798524645593878,0.9203623445297199,0.09301162147535305,0.7595189841301642,0.5820109513837909,0.30354518697986643,0.9184033448461814,0.02612535070928368,0.3109840401491602,0.27816133710957136,2
0.013611135022441365,0.6123633386504275,0.8150044325004405,0.22864404208189795,0.7287935193374369,0.6777908299461759,0.5306625050455234,0.08123438405974678,0.7790084942368994,0.01829159552414808,0
1.1647890251743334,0.589781682526501,0.8734645760266209,0.804073139401908,0.0725290892892987,0.5188384681282053,0.015324347598848334,0.3535236497539844,0.048545304754097934,0.5977642399692379,0
0.984611889487615,1.0093722051919711,0.629444168029939,0.010077211155708837,0.12155928015137606,0.20852178390947748,0.029252459906086572,0.7609481377785643,0.991190496702776,0.7043035336527975,3
0.8328062528687631,0.6265244379357232,0.49087378695408446,0.7668626376624905,0.16044329266190752,0.00378174812409926,0.43754513048744065,0.1869641611945351,0.38809612549205874,0.6480216897025883,1
0.8963298529761053,0.9184615313496789,0.0947916128040838,0.8256698962929415,0.6424769890769814,0.2294684980027981,0.8959487768448704,-0.06560939643886074,0.36096014977389645,0.20464377717699184,2
0.5384989912385927,0.27626576001590714,0.3748502926099381,0.040136961513105016,0.17617391220117598,0.1662216809825902,0.5299587414222023,0.0028290626993729795,0.6450586311328376,0.3704714167250266,0
-0.06777728005933029,0.46287135803556834,0.1528568771766179,0.2717177783009872,0.6024309164102969,0.6557536110216515,0.34488679537952127,0.45513355547092926,0.19400698334620742,0.37239658887557836,0
0.512229660803869,0.19429802760254544,0.9696709149173176,0.4168169885470251,0.7090672610640631,0.2888353821329474,0.32649288636272655,0.40674684951732326,0.793217962875588,0.5684558952589479,3
0.7983950936116745,0.5850952771432195,0.7754315792316863,0.3753774367677649,0.6366845939558857,0.9348300925646131,0.29393197137845284,0.15527350947089427,0.19624710904846382,0.8602362677739295,2
0.7832677480064425,0.6120641695087589,0.8098891088985263,0.3773443785668965,0.6108037145410814,0.9394319276888727,0.2617998020140782,0.18558889731776612,0.20869764482385983,0.865187223434566,2
0.8151219118538677,0.8686383109928641,0.8089201948105058,0.779130948648299,0.8785449613734702,0.24853175409038414,0.39823563768239045,0.8239533992855503,0.3006026294491797,0.5887155553753656,2
0.503811756615581,0.7496194913393543,0.8718042632356258,0.5286068245203654,0.7560837127042146,0.778896143803766,0.5506286683718677,0.32418064135211544,0.737604488579777,0.3655278509126111,2
0.6147824719868923,0.39220613160511747,0.4236375305144197,0.372940922925854,1.113367330556886,0.2848003467224919,0.9424436948976269,0.20076191854484665,0.566324139623543,0.04674599498250756,1
0.8790562712133333,0.30533991217516737,0.7120046033992703,0.028016589133975978,0.8965218879813548,0.015277858139478108,0.8664220224281147,0.6595154137591184,0.22620854111793534,0.7574758842192172,2
1.1217452243529236,0.2937074804862019,0.9691185401105326,0.28855534429632124,0.5672978502555864,0.3735601789414837,0.28826899394851413,0.4091760939551151,0.44011803297842705,0.42165557652793717,1
-0.3996580791099622,1.286083675181072,-0.308375956260049,0.44239148346725116,0.6385145630541971,-0.2124415266646682,-0.32961981067153484,0.6970832210820581,-0.5687446322169175,1.5188895076110023,1
-0.00012297415415246649,1.00492938554775,0.25163268904437774,0.792734671092938,0.6915782506506232,0.142081816580663,-0.029282761337721355,0.7322868669387013,0.16372448751197108,1.0365204765570204,1
0.14775235266373068,0.9943240511428492,0.71409560106467,0.5346487434836188,0.8463011076912288,0.23713061702548244,0.9445952029616826,0.3800936046486603,0.6841105770208145,0.6623011907003579,1
0.08448377742991181,0.16487341750851678,0.4809102722765745,0.5118674737853167,0.8807360131378804,0.3881684431531121,0.49463736286003485,0.7614353463610106,0.3792903840628476,0.17921354868279601,3
0.6089126960103913,0.4509270608623397,0.35535992508436753,0.8272219504229564,-0.033429793214340725,0.4806165191581381,0.7693999436306657,0.3561920026172311,0.7132848666621967,0.05629742279696784,3
0.38523372027295316,0.35549907119959684,0.12130280486534925,1.0614046838846365,0.17147204046576286,0.8306696294797028,0.5291621864028206,0.6553254685931734,0.26102769692641226,0.35045697467909653,0
0.8788768038793912,1.0613552919124856,0.06265562029771693,0.6749406973409777,1.0583462120386278,0.5786448058489148,0.7845375717632306,0.43829896898534104,0.36743464718332935,0.5994848547917896,1
0.6055295702707539,0.5550264138211175,0.3006052487054938,0.28545658485638464,0.8230333820670772,0.34111020947057047,0.36719973554100893,0.07189341573897375,0.23279345740904195,0.20354114429364634,2
-0.07056725514939428,1.1354110504001909,0.4119307398517558,0.8332305848201081,0.31839027924337043,0.2676741271082024,-0.3614710931434313,0.9921025062885493,0.03776445671445139,0.6969663332384957,1
0.4476818323963208,0.24417816469631304,0.1440835208394029,0.9204352249079361,-0.3056076446779157,0.173235814293213,0.7136022107929731,0.30398052791033725,0.2780580467477022,0.5964958961934812,1
0.4390801917117656,0.33798093540584895,0.32945302087830475,0.47026878576645154,0.8817295181810044,-0.4357819986899827,0.215073417125472,0.8109989741234217,0.4164673565384842,1.3825439341489123,1
0.4904640961112899,0.773665380520336,0.8653727171871356,0.4500197377362786,0.7606239241412068,0.8173720694678728,0.5263789754427842,0.4001965903004967,0.7503763522412549,0.47045171539620856,2
0.46116249525337455,0.30185710661539084,0.5187826260929462,0.6832873324415619,0.30302691646197366,0.7600426747225197,0.8308104098983632,0.5718960237671727,0.39774622188620357,0.7251802793990908,2
0.6111644043879079,0.18655486847968136,1.4460863564186335,0.9282412342525092,0.254942575330283,-0.2730356577104045,0.9802962965969029,0.8958217329972974,1.0311128560187588,0.8994852416726905,2
0.568798466037497,1.013460495834367,0.8838889534069271,0.36130963796351834,0.4805583902449323,1.0739390502417687,0.11028500948497368,0.1931499883710105,0.7785404646801308,0.26154439818857556,3
0.9203248677702089,0.20614500894482737,0.9152859290062721,0.3220841912058932,0.42871478697447934,0.4446440779081764,0.3761330180513307,0.48095151900085215,0.33966655190037165,0.45887297272366434,1
0.013757722272349978,0.613027370700403,0.8149955733300547,0.22597055611522335,0.7290803961828237,0.678173546988715,0.5309383398681786,0.0810259231188906,0.7789809746004089,0.01975872147146477,0
0.8762346691541194,0.0479386703973152,0.41966040716039643,0.8298328897566914,0.8329996946133764,0.7735448321994505,0.2084517488507818,0.7947712179954999,0.5764510720468194,0.1941961487929259,2
0.1657654419492249,0.026879409160344044,0.5749980139557141,0.5722560439973677,0.3776248868594715,0.4282710302771807,0.9937078000116873,0.9435172026848085,0.6361869350020846,0.3023288622210016,2
0.1114216521014621,0.9280840326027113,0.7628492997766958,0.4616310659764172,0.8193515297994155,0.3359091076558111,1.0194752306843944,0.4089133172484154,0.634423375422679,0.6168854261675366,1
0.2565374870150873,0.6539668045138329,0.4289406610429444,0.27716067506969155,0.04791394063174228,0.6248775605077838,0.2548049145503898,0.983172834244557,-0.040855442193900665,0.2897588333525054,2
0.5225944736599372,0.8299834606766436,0.8746248636773711,0.4694342353970135,0.7808654339984837,0.8470585042263583,0.5230307733176668,0.3400952163092741,0.7634395788806554,0.46464324474264446,2
0.5150984101992433,0.7821036288648071,-0.024744288546081877,0.270714367730116,0.853322301857602,0.09876537481766204,0.9539435482857477,0.16815930639444365,0.7322785588644255,0.6490110374043367,3
0.3385132330151835,0.2117092113857346,0.9298407902952572,0.36672527691359885,0.5413488856028281,0.25214986385376054,0.3689517067117263,0.5005981866064144,0.646328835000322,0.7385643728156761,3
0.47103590871924056,0.7449586985204377,0.38496756443812413,0.9911238195705667,-0.0780287490034651,0.10189129445540096,0.6303092719544087,0.07684737963582011,0.8057768537423851,-0.07060028699137866,3
0.2011746586706447,-0.13197731456952272,0.837817741799795,0.8770456961051087,0.16038389656850477,0.4971306303957792,0.20903421382114518,0.6970215357858575,0.7751717655782318,0.9930824897460122,2
0.8773941417080945,0.31009722983794574,0.7121895213851246,0.029676132402770884,0.8920828144496846,0.01290013391421834,0.8728678581306133,0.6561903915525158,0.2223193879001715,0.7595196233983235,2
0.7352220602893188,-0.04297629433279822,0.19149152425718313,1.001438067335108,0.7792201750467604,0.14631441350220092,-0.0083558776312571,0.3461147017025061,0.9429430364246061,0.5105502918567352,3
1.2308213717113856,0.7659539947377463,0.8331921958612967,0.630713076564765,0.3973627628552074,0.9505415868057516,0.7110260124547566,-0.022221013384161967,0.6061582632255559,0.8386118550817651,1
0.9947324866581727,1.0075062639811094,0.6661119419074671,0.01845401182524506,0.07939260580139913,0.20332065754443637,0.0030460849057341935,0.7776125897830687,1.0123723901892094,0.7103947383084865,3
0.6900063298399353,0.3599979527153718,0.3761376879287614,0.09289325501031453,0.6180862854892728,0.6309848110038729,0.8550852371942503,0.5419271390770021,0.9104295545098235,1.5089628185711206,1
0.630483746286866,-0.34545293068874144,0.5923298813816884,0.042268733861268615,0.690353516003692,0.6648671328838549,-0.26759203531464026,0.5727415159336324,0.8208154831630738,-0.13589447114167275,1
0.013044454446045016,0.6145221994683646,0.8135937706823898,0.22715064891691514,0.7304512026927846,0.6779077496929178,0.5307174678685797,0.08234698299242756,0.778026531687755,0.018591954426745924,0
1.184007757685696,1.1024671959839842,0.6239730674320374,0.7787978268582487,1.0396126061641273,0.20788969459780088,0.3361150272923833,-0.18387335429310253,0.6686463129423521,0.27058819391586064,2
0.9636976050222528,1.0310965611479117,0.5917827036773429,0.8171796473328735,0.9166827622702187,0.2849938672453784,0.36237576469685306,-0.03645272697091807,1.037761567192217,0.17227192878714162,2
0.8232319195972864,0.12493627239647294,0.2062192243236273,0.5177530222876402,0.2908891311758723,0.07260084982787009,0.17555796169918186,-0.0388920972409572,0.18132561173583284,0.910809278253371,3
-0.09418710976622024,0.984332320667366,1.0458752778028417,-0.22436231789085992,0.7120577827458585,0.03598449681683502,0.3789650146129112,0.9299536958897757,-0.006867484045189734,0.1518660623973463,1
0.14283594807200145,0.9094373975813954,-0.06753466143597142,0.1111865952651003,0.9404376143986349,0.17349113575939182,0.1354282709978716,0.20120255022578148,0.17861032113937164,0.2308697271749798,0
0.6883996436300186,0.19416748582648607,0.6101685278814705,0.9538840357805229,0.17499910044181924,0.6635864021068977,0.6218054116101951,0.3299149928585886,0.13628384386400888,0.9477597883723015,2
0.4916413503953029,0.7023135585032327,0.38099452550634216,0.4513958266772655,0.081927696796097,1.0176395727536152,0.4772054827154166,0.49667409932227086,0.34070444502178787,0.3957923633796735,3
0.9271740707964118,0.9138076951191694,0.6755989164470242,0.7033996714292392,0.7932146223067751,0.23918554310203957,0.47952575997576663,0.07279234761909975,0.9610381461864049,0.02015358562985165,2
0.3989803964633637,-0.30422073271709615,1.0076880842419143,0.05859268179446764,-0.14077327080915486,0.0650574700648343,0.2706200131555109,1.2111906336527234,0.9310456073148011,0.7409243959714312,2
-0.1492859922065578,0.16116906944946963,0.7249239769344623,0.5927954403224303,0.8653141359901595,1.0305237924890926,0.5697053961173193,0.7356119122821351,0.7232784133062309,0.6784828668622773,0
0.36200174817822967,0.20289482773190076,0.09231464317360188,0.6863327429242779,0.5436950621643032,0.3222485593891274,0.7756630907853619,0.3265204433985086,0.051108502168013215,0.6038646400007343,0
0.06099547447445997,0.15427850859600342,0.5253003164068689,0.5050690632615713,0.8748722361423928,0.33288421483215663,0.5075119015575337,0.7386128677471613,0.39655428635063045,0.1635192635491565,3
0.20346034462474671,-0.18017108869509174,0.0843394765141222,0.35654238954167744,-0.194021780352993,0.5037560016408331,0.2050302175115084,1.0561137932594924,-0.5889786331387469,0.69737115057521,0
0.8858545662433556,0.2522846133990522,0.7164005424378157,-0.00521400745114689,0.870216316956508,0.06094229056299831,0.8724527653749307,0.6285276491929869,0.23647472277608572,0.7651611188569077,2
0.8385478478954635,0.816630663463594,0.10633192940247521,0.8503459893791654,0.4707136917045432,0.3070656966215111,0.8142269559401542,0.060747516882189254,0.3649329840937596,0.29657566879509034,2
1.1266790753089713,0.7311587602700594,0.8955151066160594,0.5346355225538367,-0.21412315180096791,0.4119896236021855,0.11411746227696876,0.40863171356264355,0.11869291532697637,0.28021749218990044,0
0.8228979935346799,0.8684948666724774,0.1626001651975646,0.7784416094691556,0.5231263636090274,0.288925321947592,0.9093787289085994,-0.011521739547060768,0.2789446675446564,0.25512590914348476,2
0.7043228771557568,0.07443573366129963,0.7616356553850328,0.24234012727725115,0.1294541769658101,0.9508644551159997,0.2248544600503052,0.4745892698526831,0.17991508878368156,0.9180860634878012,3
0.27962201748795434,0.8836086517943543,0.5871970506560987,0.5529522554393478,0.9445045299719984,0.2210166127416168,0.8997831099323255,0.417869961010824,0.6918578158953551,0.554685432334348,1
0.18966904707355006,0.23587319466679746,0.3747800729287232,1.0845585939780076,0.3074925854535663,0.8380468244251724,0.32386301173190696,0.5768790319400627,0.619666994248855,0.6538050404444428,0
0.8326635792691234,0.46739546456397313,0.037522447727791695,0.938484164768801,0.7315156134118993,-0.11318628959121607,0.18002487877182835,0.47932188166310685,0.8686817658249997,0.03983478306948007,3
0.989766616866118,0.09564875220552746,0.984243327124001,0.34889669319464134,0.38300966469107156,0.4168463938908331,0.4294790852484602,0.6043298536268055,0.4444476383828101,0.34544550488288006,1
0.9861307393641365,0.0647791485725617,0.9324006651241293,0.24745864082878355,0.38940296823679454,0.3158612140937656,0.48169525435677,0.5477484493293707,0.4956764292598178,0.37911838520380753,1
0.015425079521880873,0.11196367222229492,0.4943233323838465,0.5257545167608053,0.8834696849678921,0.2911314922561968,0.5079991121336888,0.7118178441477562,0.43700301780263195,0.16198872629345118,3
-0.11954525726675783,-0.052174390898918094,1.1907865636581851,1.2830694495119424,1.0177878897063783,0.8967990682991317,1.2631612038951974,0.2442774760307833,0.21790190418607436,0.09908319694550494,2
0.6979173266830787,0.22900144542872555,0.8621678453938939,0.32467048752076305,0.6802187276791658,0.32114868714738515,0.39458368781134473,0.00050808121576916,0.5582885524912228,0.7623465156081316,3
1.0948753482698166,0.7611695582199779,0.6182427088441386,0.35335022250448656,0.29968192358921786,0.8020688984069714,0.4479561887254188,-0.1536863501828903,1.0134131454827742,0.6537835925683335,1
0.14896997676878518,0.452535321605499,0.48748414489895536,0.293631457600871,0.17772481515202193,0.47498158592696255,0.14119037053731262,0.8790815204984915,-0.03990704096298647,0.2317215696519976,2
0.42831268337707246,0.8304509706265596,0.042108825767101135,0.29399548417341537,0.663972698819266,0.17841167888408738,0.8769160747646761,0.3454018366282976,0.6736626227888917,0.6209211555930535,3
0.0544614193243662,0.13461318652895093,0.5396207571745004,0.4836840232865068,0.8861161443757991,0.3359743869725309,0.522500606762678,0.722874152924398,0.4133100307464116,0.16511772150094692,3
-0.5154544595160825,1.3221166940963358,-0.34516234607236995,0.9644481631810186,0.5291273050586638,-0.5234583731516452,0.781677500333047,1.3060984510558917,-0.17161465814309024,0.6967166304430599,1
0.3996673669828653,0.16426476342728896,1.0499935382834282,0.538206580766809,0.7598255496810281,0.2766644923551887,0.3311445621503455,0.30919258469717237,0.6881395787784339,0.5790547091176027,3
0.8936763772316124,0.8905034587471753,0.11333689138507866,0.7820398454897824,0.5478451313939048,0.32862787759630013,0.8837105688684007,0.03597824034006092,0.294755493494544,0.3054375682488834,2
0.014912877775324834,0.6125786284708917,0.8152536220430315,0.22896568698243416,0.727951868263067,0.6791941144080016,0.5308095446058847,0.0794250044408816,0.7788575247039319,0.01763204038552467,0
0.18883367688957858,0.46093842442529875,1.0417233972983586,0.7341458490796035,0.03185452023715854,0.17815543290364821,0.7381064355891991,0.5504456301929682,0.4388582045947314,0.6521950518889907,2
0.8574650600416445,0.28468077038214296,0.7074984155104567,0.034094234128211054,0.9107325914664287,0.0250060022536564,0.8611248707050081,0.6622439306268252,0.20094036537879978,0.7508796009324513,2
0.04335258499186843,0.6856385057766335,0.041528997473511256,0.26836478614614306,0.8401096093341219,0.3883872972898814,0.3576227807653046,0.3658835365634587,0.17378332155146425,0.39715541570325963,0
0.14695767284219358,0.7470388679437737,0.9063702066020972,0.3433552619770629,0.7259710970612874,0.2654607787718654,1.105473564872852,0.44313814286367814,0.550117336578513,0.4863934066565045,1
0.14429877206284472,0.5998394444930718,0.07007129488092871,0.47458777847339895,0.6235508656260413,0.5953298380568597,0.4327154241042936,0.4554674560962553,0.1480136053981505,0.5368598758015665,0
0.8247330011185695,0.17884614906916305,0.3046542146942162,0.25912200131431523,0.7987575056135736,0.9424650006906998,0.6856826996582825,0.5469081864966141,0.7788497748326685,0.08334027167238425,2
0.5043161063490813,0.8166735152762643,0.8858604813235518,0.4912595496578155,0.7652992083620545,0.8182152181279484,0.5398699015345082,0.37661597482011167,0.7457832578342042,0.4571404287601684,2
0.6113550395224652,0.07400877165485945,0.6874333487071136,0.17359201534348992,0.6932016240066067,0.3369612482115172,0.6066536747873357,0.1313609074204587,0.6362676913465998,0.32756566880031013,2
1.000084473077236,0.2584886438699465,0.823885409596622,0.2980429154282043,-0.06872543954121216,1.1406145126316691,0.643685988557682,0.1478584578561968,0.5444740259389769,0.9199883376969873,1
0.0937695953627908,0.34779825120468644,0.3438028191498259,1.0018121781140032,0.4422539136082673,0.7547511797596476,0.4959563678943491,0.7052173937088441,0.5543416454982198,0.6268514510552428,0
0.577242774281132,0.5602377040919202,0.3274411959058079,0.2879186253990056,0.8051149502835114,0.3194902041523809,0.3965026332448732,0.07937651653166503,0.2615546954263635,0.1894026166139514,2
0.403586083529433,0.5680373936629952,-0.022085419135961237,0.4850384797213353,1.24301918750685,0.3391686194572692,-0.32882105493111924,1.102130297903277,-0.3321244311220847,0.9649342696677823,1
-0.08902888254576427,0.4653552957940229,0.04327272729078007,0.47094166383533015,0.9801806996113177,0.3632116664805425,0.30374203529799204,0.22991428623972823,-0.1058031855283123,0.2876299487976351,0
0.36178852373137005,1.2463098381675868,0.8741743506136532,0.4083324152759084,0.857950904912344,-0.0755874038716613,1.072959680920722,0.5632728482754561,0.41418437042825645,0.756097174406712,1
0.17989802079688558,1.0864344531546108,0.5663037647787732,0.25887725803702033,0.9839655346679512,0.5018386202584223,0.9775880004163406,0.24424166009600887,0.49712305199735585,0.9650363421774516,1
0.9455435595699164,0.9367280088437023,0.06456214985866912,0.8098765142771256,0.5179232434674688,0.38303809931883726,0.8796561606858997,0.07354826499939249,0.3274023075701171,0.2959510624098019,2
0.8426223360136205,0.7022716903677303,0.6797330935253965,0.6327331582106996,0.21183855064692678,0.4650275377244451,0.17537914497682805,0.6365668473978122,0.13596606157219887,0.36615397568517666,0
-0.1686183458886369,0.3944968488060321,0.542201507196016,0.22988291156508225,0.6856887537870627,1.1291392811977603,0.7024058926742002,1.1323702089957608,0.24314756301545357,0.2967301111585297,1
0.9101806803709073,-0.07136398293565058,0.3769624733031226,0.5588197325115275,0.03551995807164521,0.2562982482137199,-0.028979707716599967,0.11468130246353068,0.08971200799700607,0.7879041268314989,3
0.9778384144608419,1.0014203705793105,0.6378865784962082,-0.004412347901304162,0.0863571719722591,0.20608161273504436,0.036298230205094435,0.7420004303457373,0.98216660534259,0.7074869532673341,3
0.7943164140430528,0.5709639211536687,0.7573126002419669,0.39152062367556795,0.6266216518235137,0.9402654743643712,0.27959172700077467,0.172924338205821,0.21650863094916148,0.842236278132661,2
-0.1282541842367626,0.5581930204913322,0.4242763263630366,0.3831456519154319,0.3250954063474708,0.23181676913469684,0.77618328327021,0.25447521360994363,0.023674588169717237,1.2929857386671273,3
0.3720582144893438,0.7491388386628896,0.16280491724961468,0.24664740180356193,0.7025542806303756,0.2938713235476906,0.8057360026860007,0.3507908948807151,0.5666422283640734,0.5146673498484161,3
1.0142315134628312,0.9098968967036412,0.8561424126867118,0.6336593894716742,0.08813803000530752,0.48707328598533156,-0.014734265463076657,0.877656516036931,0.19550014264050583,0.5993233393850366,0
0.46790623695589906,0.6933125471641952,0.12114024201738466,0.7474491345033751,0.03411776769556818,0.3682444294716436,0.8329429695102573,0.40098308074899897,0.7310718011842963,0.2700977035262445,3
0.8670425353838034,0.8228107480778385,0.7788268962969714,0.8009645033416364,0.9135652728345941,0.2919786945757711,0.33079844155313365,0.8207439579440428,0.2846969642934535,0.6011294065561239,2
0.7019782612279658,0.30359611267213543,0.8736961511547129,0.42010764442852644,0.763938691393171,0.4322726408168091,0.379285370915912,0.10336456653400507,0.5320280186107744,0.8204511297277005,3
0.9357828993453875,0.08469962864579204,0.22970054185689892,0.5442616678645641,0.17491977184110774,0.09736827045081432,0.0535977824647242,0.015784940276410225,0.1590474655960843,0.7562774721279771,3
0.4150513996642095,0.7997707504678677,0.0005082873778404703,0.2674243889305469,0.610154792424849,0.22352987094651233,0.8714124535661258,0.3700779230626519,0.692761030519075,0.5874650542320873,3
0.5243877986234577,0.5501530818172662,0.27246836591235957,0.8609125343669395,0.169678478638779,0.4189865335932213,0.6544256517653776,0.36204551062209,0.6940599644466667,0.16674075251725157,3
0.3201975612116858,0.7583634099247896,1.129899038792256,0.22815629802645385,0.6279525362485403,0.5618784118251229,0.6768425330211778,0.5828354397952327,0.340841728675909,0.35274324130750706,1
0.683045544367797,0.2665942661314936,0.61472964767397,0.26277565670946446,0.9374826555284246,0.11985646511572906,0.36571001502401146,0.23217799830980645,0.758013587909336,0.20610762761466156,2
0.2219746863540811,0.6691539482681678,0.8303829156873159,-0.010439143069937519,0.791239466185938,0.4016176045796334,0.7127296961999141,0.5867032450920009,0.10427408913106198,0.35466922048940813,1
0.7097633452549578,0.967365995333695,0.798796177328391,0.6413407740704687,0.29648119103310033,0.8754245685466802,0.22591197477622912,0.1697182631418339,0.5410952223310653,0.08839061667208643,3
0.19236697817135062,0.614564394437241,0.1606194917141809,0.36468531798815795,0.863162266151869,0.2340755166827709,0.7155760585184434,0.10682817363892572,0.8529365429378661,0.4617202501626332,3
0.10670558168425405,0.42782853237992186,0.4987431033456359,0.09109658858997496,0.6126697335420624,0.013911812350946729,0.7062216057898925,0.7164099930702563,0.5801531846715147,0.19314535112345618,3
0.6904386705819392,0.6354961281448801,0.6786671335708312,0.5990089046634888,0.9282267942834518,0.2230643297290468,0.9008674582157636,0.29489993754467025,0.410156504833418,0.17817613908681929,1
0.5333732931294135,0.013541154169550151,0.258242688004657,0.5046143393136293,0.26113651865331,0.6499744420224016,0.6247520255034594,0.5708134180574662,0.49683930327294556,0.5270771414595556,2
0.7842383997354271,0.1971566099712645,0.29856682206020774,0.26048979539263184,0.7896379948291905,0.9089711724639327,0.7186787376376941,0.5523195963206089,0.7918579472733475,0.08955923593915904,2
0.33464746792054967,0.7718939626049529,0.16288324098141516,0.25463592113673644,0.6082129876070366,0.19509017341646637,0.7843494971891991,0.3195356853831121,0.5850125033809853,0.6925919724217044,3
0.1032473827197856,0.40649802002679947,0.362282404797938,0.951737876016499,0.44151716732040447,0.8158581695303381,0.4961892705273333,0.7681486857396124,0.5617725348065987,0.6890900353070673,0
0.4342676003497856,0.33416633839985177,0.6800149011612747,0.5738476958581252,0.17523327814388268,0.7794756513087118,0.9601663565061132,0.6255014088969283,0.4027710320054021,0.5878921533017107,2
0.9534592019184739,0.12737849482202343,0.9251685951469633,0.3049979014327768,0.4214736177726994,0.37721946877974166,0.44897476405453285,0.5775443178596013,0.4350617804646621,0.36218726353076447,1
0.6053804191363933,0.06499619736625681,0.5238244390949277,-0.22958040463588275,0.15842549876645523,0.0020775637709275208,0.7715515631567921,-0.17446215465964243,0.6214868006073853,0.49267338958647267,0
0.04014842931333472,0.30492046999100336,0.4139697892321201,0.8172106184066217,0.18588751081974605,0.6047221813352621,0.48464001304517657,0.4974311402323791,0.413450429000609,0.9188299996323335,2
0.1883171900940585,0.3939098461964774,0.8886753964553539,0.6403341147321074,0.07444666607888886,0.09926658655768811,0.8410264888209735,0.6856377683306937,0.4352657322992733,0.7889638711538921,2
0.6554113120820032,-0.008471284830275788,0.6875243926327903,0.16279109350162888,0.10064744337124888,1.0174260731038236,0.12403474902885626,0.4463031161487532,0.27030162405394303,0.8152983119967059,3
0.41626552034552927,0.8149891025859793,0.06830681005547304,0.30302030658651735,0.6372640252102886,0.17102755816323767,0.8882234391391094,0.35834989196052086,0.6631090595310504,0.6134346112061723,3
0.13444083422902697,-0.12170770646912121,0.24197205842457759,1.0135127486751672,-0.2191742696489985,0.7577104931821941,0.33425347317182985,1.4094353033868003,0.6551886500163765,0.00038154820884539475,1
0.79065484594585,0.19042042341870702,0.29171973685342983,0.25753245523696044,0.7778692146460399,0.8982549513989204,0.7270597327225432,0.5557525080245175,0.8053828716671948,0.09225677700374697,2
0.36210338164296557,0.9775231522698019,0.709323675120076,0.30348685615691434,0.11758085282812862,0.8535415931818757,0.6570027558877201,0.34930709872742477,0.41004961401779055,0.33651424654921047,3
-0.14025193206201025,0.5915736930011738,-0.1364418635419931,0.7122169001430921,0.4678857247354395,0.44289242309183924,0.986673285042599,-0.16193903111428376,0.7754543771086355,-0.023814110777194197,3
0.44768416228094315,0.06752248185704843,0.7893001399976194,0.6891011930097051,0.2795601395085034,0.9857644280411361,0.7575083242636019,0.8427977889561031,0.5438649388325927,0.5051211333299916,2
0.5041033888959598,0.24777249596005027,1.0262772341624375,0.44599174742274506,0.7098754502308187,0.26115518799238907,0.3539697294571025,0.4265855167029653,0.7511052478983765,0.5113031605043412,3
-0.0023768864385442998,0.7334401821078801,0.49481371109980105,1.172799592922579,0.8129928943361074,0.3692919177532105,-0.0904015892709166,0.8098587479182238,0.16985636147649522,1.2449319367087357,1
0.48684795169750933,0.25809147739032984,0.44522470099828726,0.06467248042573431,0.1809710586412839,0.17720693601162513,0.48163789970917265,0.05838472072716439,0.6864556187649534,0.307866477597454,0
0.7243396854959133,0.9290700380372843,0.7335215407581841,0.66355102340811,0.34166018533542475,0.9042927445165663,0.18993707059877482,0.16619915101015434,0.5009702130559254,0.17812164135104927,3
-0.2361434940546171,-0.45959225314069585,0.40294497601598056,-0.23571206060358268,0.39735236185164186,0.8565697379081525,-0.14497762644787515,-0.08884029671205773,0.32057234407498647,-0.15619604471573095,3
0.9337780303917451,-0.006099721582316468,0.19085710564326522,0.48398875039264405,0.21096586790085192,0.1964221688148353,0.036391441400334276,0.03379341792870262,0.24195799967173723,0.8472773220743909,3
0.3124594720322712,0.3600731801450883,0.8565540344013997,0.7205983794336059,0.04571952652066951,0.270708995457031,0.7337346889180059,0.6426414646218447,0.39940966138888945,0.8769619533281667,2
0.4087230780004381,0.815524370636156,-0.009732405710708297,0.35070001574147375,0.6480905564070586,0.1877499270045635,0.8222678939323335,0.3788337426219684,0.6980045682732692,0.6862373235453523,3
1.0850423660960646,-0.047006808845300785,1.114224075094851,0.5137932196522996,0.2553642158613826,0.6586708451316926,0.4389844143552581,0.4891665655393931,0.5023818419812096,0.18579859555282527,1
0.5291475020212708,0.8347954133261419,0.9470036245171135,0.5416365557127473,0.793417524291966,0.8458442705004121,0.5458555031049224,0.332457650656836,0.7297273878488338,0.4570480570765199,2
0.11428220860429773,0.3993781559157682,0.3418253266278707,1.0205498584125245,0.6103729216616203,0.8410523383725867,0.5588079318243528,0.6649839843754739,0.6917154809313781,0.6703337375280395,0
0.6936961918021584,0.2001578589332083,0.8817579944271972,0.3270536281667525,0.703050766074818,0.32844161296946695,0.34414361521571263,0.06879084939109237,0.5941689163145986,0.779507931270497,3
0.012550159915885411,0.613979220845489,0.8146467261193067,0.22733230143876634,0.7304600017577755,0.677860798385572,0.5319594638213876,0.08120830140166341,0.778021085247799,0.018487746330735823,0
0.6507626828502899,0.5065346318011672,0.6152760474643216,0.6847587110846088,0.07198969728618776,0.4995581829019687,0.7370720855540267,0.5249378507314758,0.533433165913059,0.09622517451858628,0
0.8012010643208003,0.5835928374375742,0.7786649608022999,0.3773652894135663,0.6394183191677968,0.9339001644392642,0.291058773273732,0.15683934902489938,0.19639814396793828,0.8588576278076283,2
0.8817231579183415,0.9010930363543476,0.1559390501275946,0.809626810343112,0.6003489265004006,0.31612229817807225,0.8775553138191374,0.01776871015327054,0.25962665971348686,0.3115692320123864,2
0.2529694645978947,0.8628686893240336,0.7847468767276411,0.23094457867966994,0.1176778488889676,0.8573682864642502,0.6137132628627907,0.3908196682955439,0.2881383267569925,0.563546732043414,3
0.9227851139256974,0.43192713261379856,0.5642811590003235,0.21413053585492953,0.4562322453031139,-0.1257737100777936,1.5383570120316488,1.5955485736018833,1.4517458652169069,0.037079585638600976,2
0.46395775592168476,0.751767460761682,0.7088373239658444,0.855991671750963,0.5736380699459234,0.000814311384502415,0.6189423497601612,0.6809031676804622,0.8341124718551417,0.21372807717122866,3
0.9061981521819367,0.9003010454346756,0.11958735072921801,0.7720344655690963,0.5626840247715326,0.3283205053619314,0.8914180171918723,0.02067916840990411,0.2969633391745398,0.30848018103144065,2
0.905924595553196,0.11733792568171765,1.021752835269023,0.4597508878673887,0.32457434074729397,0.5373391565798181,0.3445688875184308,0.7299201953401344,0.3439802696489682,0.19553478231030907,1
-0.000641188248406227,-0.2571787415612595,1.6311059411724245,1.358878747719908,-0.4459678849173692,-0.2905905942744791,0.8364612977681928,-0.03127627615167938,0.4706842799293089,1.6999500017762577,2
0.7395700420843117,0.013956880361309085,0.7304044132436446,0.19904381908876514,0.12529021547922276,0.9674795854567092,0.14979447484126573,0.46950927235065676,0.24053779718736362,0.8612387312538805,3
0.07314603697992823,0.5922574335205636,0.2069767922557642,0.12873024398112684,0.5084382803344585,0.6239169810195998,0.04684918568079301,0.4797407974092138,0.1982719220979378,0.23298713226017853,2
-0.24718132626466188,0.944932524065516,-0.14185508314161208,0.4111802321249766,0.6321138523717599,0.671540011849058,0.09680354396887009,0.05070981908381156,0.3733874646825184,0.4242061830920034,0
0.8646936150275671,0.6415872533552899,0.7674823403890147,0.3882668927538796,0.660750581474455,0.989369437468166,0.24265254055585203,0.13478440347535356,0.1942915552414861,0.7919949254831519,2
0.05515397338732364,0.15508997485493567,0.5267323686740867,0.4960304879558817,0.8771520013122173,0.33865575334775716,0.5113067813391937,0.7356156513203577,0.4033429129821864,0.15677121473679617,3
0.5084520900770692,0.8225394151561053,0.8833624511155591,0.48855661773571896,0.7765375012576271,0.8272914917063279,0.5475095720019052,0.36882878692585513,0.7319586886020302,0.47177507858243484,2
0.7445472420898434,0.14368802776230433,0.30258010486313824,-0.11606447056609137,0.11195843994528118,0.24558656544208446,0.5710192013480211,-0.18202877521315508,0.8140329606794565,0.24171164952705232,0
0.011971447298024377,0.27518301244011223,0.38797027751295476,0.23977447094659915,0.8771326380268176,0.6948179679526023,-0.21436526550989674,0.4247026503687382,0.9640448704205595,0.9014508092930786,3
0.3430241405684341,1.031799447867349,-0.3111556123799748,0.7478284768464792,1.484873183674099,0.5521478759954557,0.5951571982506162,0.3805789224050426,-0.45152966243337256,1.666416744266027,1
0.9900568904327491,0.47169408882890557,0.7390152498976787,0.3678190093662574,0.12451248704698403,0.8675872647414863,0.44210837493082833,0.0009228825331637274,0.6698169672275628,1.0085250035773272,1
0.5268572923253898,0.603937914424612,0.24016538787249622,0.8953504845792195,0.3137514295872849,0.48546362066231036,0.8838154654077544,0.19063520157641142,0.5289071403116714,0.1468023200454986,3
0.9247841680560452,0.8503144218338848,0.04915695065698317,0.7454438302930076,0.5674222009260246,0.3052245813688275,0.9168189586978829,0.07342546928141566,0.36604700153735437,0.23943474997475583,2
0.006524309774641482,0.7367876710416064,0.02922293658946514,0.3311839290804632,0.7997149906677075,0.44745376836819795,0.29828534070933643,0.39952185544827845,0.19101214897319968,0.34395512265911876,0
1.288591147462055,0.41045211674399884,0.20681595418308357,1.0558832493841739,-0.22440559442747388,-0.45782456058241344,0.6287205536901018,0.8176434325977003,0.34260215626892615,0.09219730612091714,1
0.6895115423449854,0.010549868348111627,0.6919192727786033,0.20750806555816687,0.08985445311314555,0.9358433971547075,0.17495918370593252,0.5398777812305193,0.152315014594189,0.8942818103842508,3
0.049411769944147414,0.6947937348270634,0.01791252721361502,0.22050059856381748,0.8714923533947087,0.3760309917655953,0.35326108047623517,0.407095655313008,0.10371452142990482,0.3713910547156024,0
0.8016748846679224,0.5835706954985759,0.7784256226915364,0.37612259365752687,0.6384510731722676,0.9323070137210032,0.28967691669904627,0.15882376702758827,0.1947521279239647,0.8607293374921607,2
0.5970988280697094,0.08806231578874647,-0.19449055481206162,0.8736962550446339,0.7494352283847867,0.4569278389187549,0.9598565003987598,0.06376604889971044,-0.29291357719157685,0.8146655890310233,0
0.15762098034505612,0.9796535815283332,0.5282352216375188,0.4704489285206441,0.3978483625903255,0.7100207271820247,0.25948223251470615,0.3291156996748905,0.3491080629667791,0.6070816827545173,3
0.7134332342198124,0.25902858349825864,0.9211893361846518,0.379269457196086,0.6930781745564496,0.36982303588400195,0.33097388688047374,0.026484763719808138,0.5426264796200573,0.7876415901512261,3
1.0374371094327413,-0.3905084399739712,-0.7513702208065868,1.2147594923434046,0.9733970639082704,1.2333951347426029,0.20983734267488624,1.1374177196338304,-0.204736355694479,0.6023682088128448,3
0.6635208007588116,0.4985299689573734,0.60083454638759,0.6803793290173098,0.058199842026987594,0.5109190057972068,0.7498418209605112,0.5318946399332964,0.5491711087693971,0.07878235815587359,0
0.9750464856066441,0.9526971928415305,0.2009329795479754,0.8333203607482502,0.5225678920157355,0.3473965494689242,0.9408474940607614,0.03750874227223125,0.3813746435883826,0.3791037326734615,2
0.7244624416471481,0.04059769044661326,0.7318565192090556,0.2131797527119937,0.11672369024753092,0.9407673481582333,0.1835198672050522,0.5079095094284799,0.1816337320581013,0.8630829350070499,3
0.6657327929319493,-0.06715162510241487,0.732905963461761,0.2918886181640167,0.8286750971825573,0.16145527104384128,0.44836455179011314,0.35475219259592256,0.5968707693001464,0.17478911990895296,2
0.6045430330184297,0.5556164636500228,0.29779631575567356,0.2825819290593434,0.821024259516428,0.3397830451309752,0.3643796878927938,0.06937023748093965,0.2329275064580515,0.20216159887927126,2
0.6978908086165343,0.42451431782872956,0.2531983572283345,0.6777950486929153,0.14630071251081897,0.24674137769279236,0.7498814402916578,0.3127130611856202,0.7480190309079943,0.40743197344172954,3
0.013135823940168137,0.6128230292772956,0.813296601831434,0.22664785452219496,0.731640696534985,0.6788284886795368,0.5299077158549903,0.08191928428095219,0.7777628727341911,0.01748583277303745,0
0.8562388572737547,0.8597892878150429,0.1370712556245946,0.8204699261296672,0.5117592579018482,0.37026466034197436,0.9184794233334309,-0.015808313329116294,0.23920785471175343,0.2564093934201144,2
0.1802889855008864,1.0001319470242664,0.6255237678483703,0.5836964476909595,0.8188862785847112,0.31166303619325436,0.9347767111407349,0.45806681857413034,0.7382822665467018,0.621245854925288,1
0.36546903685650184,0.4769454431307594,0.679496739920707,1.1989441494093172,-0.10592137845765073,-0.3536884981780263,0.4199600773615536,0.3747747802706904,0.6837702573403291,0.391081599706233,3
0.7370829025576857,0.08162183240229973,0.7087611643095358,0.2385507174250323,0.06935117841477631,0.9483442683514485,0.2464089702343084,0.5250068597750699,0.15302278573613765,0.9284012185414969,3
0.6909796732193371,0.2620406660849213,0.9097685824412698,0.3398768517692005,0.688836227945602,0.4047030600761153,0.3186373732661712,0.06398506460686615,0.5660508019803081,0.786439282982295,3
0.5830360727333125,0.2244461449615578,0.8939654244585815,0.960954835381654,-0.07173968234673822,-0.274982094663781,0.422579788898072,0.5918194606059732,-0.012559781970717845,0.4095785307415108,1
0.20931928047854703,0.22750539603906073,0.6865731874426331,0.590043781505628,-0.07641074149661425,1.0209213004435806,0.8819585824331914,0.19385677627809123,0.9120519154116836,0.7494157955827642,2
0.8786176471511439,0.187020517023454,0.36612190994790095,0.8258880029948741,0.05878866895895479,0.36308631084055776,-0.09723689941832617,0.3288487188190155,0.4750191386112351,0.5832422394651149,3
1.107606191138163,0.31626801477732197,0.9053005758513691,0.4080034993147238,0.36757486358946867,0.9783074376848188,0.5288165417417555,-0.14993257833458054,0.4654749254875102,1.103530342839687,1
0.2537841488868127,0.3955282796299887,0.8983831893257856,0.6711853796923591,-0.012839620623365407,0.2082532585392009,0.8220762740140526,0.6476615884255529,0.4440176401043423,0.7945165939434351,2
1.0083731454857183,0.8016468752563901,0.623690757390473,0.5786432707851241,0.9268955742878439,0.35796497490192364,0.33405308212629264,0.05672679737200252,1.0256066543519264,-0.13711307474891898,2
0.725712995001861,0.05139197112537519,0.7385219245032331,0.23705120151480538,0.09020452258067546,0.9569556816204894,0.18910060621468833,0.49101091316215423,0.19952145017836376,0.8854611739473642,3
0.8946380444133515,-0.022367445532027103,0.17729484100871917,0.44054271314902604,0.2567311873645125,0.17866376581622995,0.11807158966400216,0.06169114298571789,0.26773253625503435,0.7865469335277031,3
-0.013940166941190674,0.11911728522203685,0.5374182371730704,0.24067000391710536,0.788262196048476,0.4187728802042395,-0.0475558332410594,0.6479355320801298,1.0104553776572656,0.8719608160357074,3
-0.309253023518016,0.3715974518764546,0.9204243148156027,0.49928537536238027,0.48169941009163286,1.0041139950098636,0.8463336384078379,1.2754494446565703,1.1182939603617612,0.7061378276730423,2
0.8799943562859909,0.2686676715396162,0.7482764533479279,0.03604301360340635,0.8933676994796695,-0.0206578235587545,0.8470104747036221,0.6348450635849109,0.24550048107560543,0.7105154187106246,2
0.9555375365339249,0.9629390139453298,0.1386318336835898,0.8315324916607855,0.5881379338457516,0.27688671559082734,0.9272322626435643,0.019436758943658608,0.3350529545578153,0.31773140020262236,2
0.5483334255068102,0.42811749214808337,0.3660799551020907,0.799747932426911,0.2809983735719419,0.8186254114255924,0.9694932996080428,0.5653606634033822,0.49680293848682033,0.8696625810456069,2
0.4097188783104123,0.8221167264824176,0.04241071415514418,0.29504911706846404,0.6413118328912834,0.18138236642553143,0.8774581227038938,0.3540592202257313,0.6942651601696459,0.638192612863613,3
0.70073943521137,0.04846840680728115,1.0262177765188063,0.5178805077474324,0.49029965247484264,0.36684174165844263,0.5068160657996039,0.421162235629924,0.9723135752151384,0.48542877502061077,3
0.7956516841260257,0.170226721742743,0.3361267246099892,0.27787529128451083,0.790893612531959,0.9485452474899555,0.6984929745994697,0.5878941590609257,0.8228395588440489,0.1192011436076575,2
0.0805701022894956,0.35508520485038386,0.35689009708830755,1.0056413149359076,0.4648205283545761,0.7736624655168649,0.47920407918185287,0.7122429186970022,0.553698960115814,0.6337800753490475,0
0.5971109020703499,0.04899717117395882,0.11274171784411592,0.8568430869668437,0.9257260790091095,0.08625329290887729,0.021051038642386447,0.6116284750318239,0.6690017585544558,0.40980418940662894,3
0.4185331040528275,0.8207579502055105,0.053532027896156714,0.30314815342852064,0.6512540599179981,0.17356946712072893,0.8842353867068761,0.34539004192158074,0.6759951825073081,0.6225380687898839,3
0.6347576901376781,1.1705772698015644,0.30623279667360753,0.6196623267263422,1.121622000235472,0.3126466732316508,0.6572974173808817,0.07541894442970402,1.0606270153097985,0.29439478610515163,2
0.3276569096374905,0.025960288158807965,0.9166894067442543,1.0347213203992331,0.6420857474150974,0.1888237524270958,0.8801065219968272,1.1310025139915612,0.727167679713401,0.9164155262855195,2
0.826274716222094,0.21594509960737118,0.28460489928789906,0.24588334698104092,0.7883945987535789,0.8798872212925514,0.6922912041910096,0.5814805777517373,0.7834287046282169,0.08265700749261856,2
0.8216022001698854,0.18436592078452235,0.262697719850787,0.28227992516103984,0.7844570360954012,0.8832803568464838,0.7320759287707015,0.5943179594681868,0.7602581610933131,0.14074853690511951,2
0.8725293875639938,0.177449160034697,0.5134592589203637,0.8869598847787127,0.7833767913155946,0.903744829448974,0.20032592313472558,0.8843991655196407,0.7024635056507389,0.24280950799571138,2
0.0011771134208430623,1.013560256194925,0.4982834394036413,0.2743974788123361,0.5039008987543427,0.4741176855924635,0.8671337305439838,0.5969836638860431,0.43289218369382015,0.10050842945480504,1
0.05705596588602427,0.1465145021236256,0.5178704600578449,0.5044138834251373,0.8814766420369086,0.34572246003589696,0.52009712786607,0.7362500871428915,0.3925715733689533,0.15120379118015123,3
0.4711285678911528,0.2867949269527758,0.507087620236256,0.6688993155069202,0.31359566483089096,0.767712554939634,0.8305561971982987,0.5624613709561063,0.3905764861483245,0.7155220825554284,2
-0.43464223389261863,0.24433886721449197,0.371028913127419,1.2620175624376149,0.9170810308133815,1.1566092593125992,1.0402548877239242,0.150025856379499,0.17845591503274338,0.9555395462527992,2
0.8912224011718037,0.15779361533604885,0.0029090668333075775,0.2970359979412922,1.4208103364379803,0.24500096537748084,-0.45994001951615343,-0.029714330858131466,0.8785865624747098,0.0314808703450829,3
0.3095691400760806,0.9007564301660058,0.7478922127590242,0.09044249784069738,0.6528577323366289,0.4061606708911947,0.6082500280879404,0.3667359159374377,0.36773177633557474,0.47136936562500287,1
-0.19307992279934755,0.47325901073211907,-0.2090933473962227,0.25862936519302665,0.5860612585725444,0.6140697705094039,0.6400348127198203,0.5097451579621479,0.41901634192978865,0.27419256628030697,0
0.7591598109185553,0.7466929043535184,0.3638987020954617,0.532914766738611,0.40684929811569426,0.7442150687389001,1.270560155267597,0.21001411133497566,0.3807508831470675,0.17190278489918742,3
0.7180466492645493,0.2561404840989228,0.908182983414695,0.38457560622340475,0.6727768424976212,0.3933512526718834,0.32413101817986983,0.05224777308299691,0.5700175645676954,0.7714729902057862,3
0.23659733798150176,1.185785770162112,0.005468767924470208,0.6828135660383856,1.1309224489696903,0.5077575308673214,0.39758845135404713,0.9964610387898253,0.9129487132642813,0.7157320623159222,1
0.5016437679237803,0.2716208212759156,0.3878006504913529,0.011420092484553512,0.13354306462625745,0.1401360626972318,0.5807326071243294,0.03790608527260954,0.601935261138086,0.36263163819093597,0
0.8448912453018986,0.32781067783010037,0.6983083508513556,0.007887440241979606,0.8700256744930456,0.006438240656465179,0.8993840212838348,0.6940033383831113,0.22467980625318817,0.7346283264332669,2
0.7848880281951219,-0.037070181691978954,0.7936051250510412,0.5511210559211399,0.41389252694346024,1.1323104995908557,0.18612168808927007,0.8167364854861053,0.9351160402587337,0.0565058977014839,2
0.23860478444570607,0.9489346863737994,0.7766503628828739,0.6620822196637695,0.7908933071984395,0.3561201953711498,0.9152361699072996,0.426777533130827,0.6697603829704384,0.7997652130037053,1
0.19945053423180636,1.2204749517262876,0.002521662371656297,0.7299700738282247,-0.1477218397758499,0.8804780732565864,0.5942743343589006,0.17375425812904005,0.8541063129229143,-0.0798315925746712,3
0.4976665480592678,0.19795878042996995,0.3718274926491397,0.011062902904224403,0.09681866654004916,0.21420929531344657,0.617678989440038,-0.06276224582064616,0.6210221066644512,0.4145616471971778,0
0.34046627209531244,0.17324476308550166,-0.21706907416596227,0.6416551878362102,0.598373299807267,0.47187054821077973,0.43755422072856726,0.6560200840698932,-0.3580931145053207,0.5944855714166333,0
0.824164435596141,0.6922437076938404,0.02825349433381913,1.6261476301726405,1.4296792613192486,-0.37305853456921684,-0.15041521080983067,0.7531781952039159,0.7804924733870914,0.5092707138613928,1
0.06008195455928034,0.18952698944726173,0.9165598038506476,0.8428779845785085,-0.10900671988835954,0.011239952450463886,0.7095084573920235,0.49585326907582666,0.27251355302477154,0.7580366079565959,2
0.8718305920074332,0.28365630051078106,0.8845198464682478,0.324232355354111,0.010798551181504343,0.9142496582049279,0.5396267756222983,0.09072287333589299,0.9194017943466395,0.7886615013542366,1
0.08413235250990368,0.1146231139344531,0.40016649185612435,0.2903917961736279,0.7166431846978858,0.3821908492598778,-0.016390756795303947,0.7867778129710972,0.8740159657433415,0.8059395447701811,3
0.5864273222024761,0.8622324105192227,-0.10068090118403683,0.9113713776210206,0.15244764390577312,-0.004435623415845802,1.2205333711178552,1.020264317241137,0.7564151049706763,0.15278040966381123,3
0.05400457853326707,0.6738800215165084,0.019572397999973797,0.22733000375178802,0.8495551995322295,0.37532598848619453,0.362439652541477,0.3466355425103149,0.1853246079162264,0.4176279243609191,0
0.7451755001932049,0.5693443599933804,0.7868000948587682,0.3314822404155846,0.615780808111787,0.9139425866966393,0.33644053242443894,0.18525752958688757,0.2591558740646259,0.8182162683061872,2
0.24463196907121754,1.0982263362843394,0.45718455291283194,0.4830528432889967,0.5279612710171793,0.4371697661778887,1.070322214311716,0.4200470624101716,0.8999627626713156,0.6181064297993938,1
0.03902056798474555,0.8120169388567603,0.3755727449437217,0.9584107893784921,0.7861671144839318,0.13523037050499032,-0.06105628112071443,0.451187821377723,0.10468444612277343,0.8457942744683119,1
1.059271218120979,1.0490336267322034,0.6611631851214134,0.7127291427668694,0.7111662275414521,0.16487984900929586,0.6333630160164995,0.12281134833828233,0.8353432520179277,-0.07178096482948672,2
-0.0817139104291773,0.6929713855852453,0.7171298616132092,0.28263173003396186,0.8909003620483169,0.3359461659491134,0.7495099374540076,0.911581807482681,0.029972966158359524,0.42963771047927396,1
0.5788803317445533,0.04401025120395048,0.6296256556882659,0.23985279434320428,0.20708397571588297,0.852188844951693,0.2091226102315256,0.5350285040458558,0.18978062161735457,0.8238645090738776,3
0.23391108338049005,0.2989761161073316,0.933822595859786,0.8222581734031583,0.1069010757000942,0.11551146384279733,0.7914247386460899,0.42413366565264154,0.29375454782092103,0.6510008207082103,2
0.5823249100869244,0.19060160520830077,0.4464497919754648,-0.13503457466784002,0.20487818464639157,0.0742086713021078,0.48989849037152966,-0.19940885050569737,0.7617028561257841,0.4392653041495078,0
0.5688553062087938,0.767839466514012,1.0021971016939168,0.6786739432346772,0.47015522048626535,0.26095859661599774,0.20580570158284006,0.9871221086631592,0.7748020966318792,0.7806623260146552,0
-0.15255273748022893,0.11921300409997054,0.19883335549700593,1.3455484920506546,0.40841264370836794,1.1317392723927937,0.6631392439069972,0.7325158766672546,0.38880169136951914,1.1116956371268145,0
1.0991404530848796,0.5190256508670925,0.8558847977171775,0.6939894272812498,-0.40229268041911215,0.41358349831912294,0.7214666681260317,0.07286150140968067,0.5528139516942053,0.7728436206584277,1
0.8295574954202074,-0.1791574800597986,0.907015711106784,1.1558770051158753,-0.15415013221395357,1.0819686063843876,0.5097556933089005,-0.23138095418201166,0.7491594037958234,0.8587230132938296,2
0.6266994645304008,0.5699970580550046,0.6330620788861768,0.6761536336999806,0.9215047400475486,0.22807386267192273,0.9843121981531132,0.33555656018785435,0.3637867623858896,0.24481022996870222,1
0.5712558732003381,0.9616483084712071,0.9117127045453399,0.05110327348692084,0.517722418899883,0.6605369882349521,0.49868873176284184,-0.1239380458019767,0.10882917644063972,1.411731574171868,1
0.8508521337793276,0.3084623228978228,0.7308542793700368,0.05603484031554193,0.8886489972959288,0.03890184353872367,0.8992344697718319,0.6595975834986358,0.22811353329531792,0.7543307323503826,2
0.04503915607872433,0.9846408459042135,0.34964168255906103,0.9422624461483897,0.7312742978319012,0.08768646529704825,0.1003295468208563,0.7001246132352779,0.26336781705935935,0.981508254833722,1
0.0766432825334725,0.23546177085791942,0.18564852141936797,0.8537899133673628,0.35199440904111357,0.6092352852375443,0.6489888281362903,0.5271028333002715,0.6970564047348317,0.4991162460083136,0
1.0445053616888167,0.4811489324848551,0.6855893209892312,0.37735490912503045,0.18294851936909637,0.8425073473269602,0.5073206273537171,0.003512614093870325,0.689721997862171,0.9761454723356088,1
0.020969089710186482,0.13191043945986794,0.4890834167562159,0.5203509542464895,0.8734353964105411,0.31486771216529613,0.5254323328161984,0.7798368450735811,0.36823399245884875,0.13305962347315137,3
0.75647211594201,0.6508090625610674,0.7437150891987545,0.7796104627732051,0.33384816435062015,0.23974351238606809,0.06328590890972902,0.20588160226747823,0.4291990562928116,0.4990996147947863,3
0.7573847606116207,0.08481676154475232,0.7970174503240383,0.1936555676615062,0.13418140678502222,0.8865395759890956,0.1410910438069625,0.41261046001633445,0.17893813631679203,0.8335914413893578,3
0.9751219231835694,0.999967529284547,0.6453039785552779,0.006362066181472101,0.09352064293771752,0.21762346186511491,0.030961394939450985,0.7517024454493992,0.984654201919549,0.6973946497078567,3
0.8170107962471985,0.16159959238605726,0.2925853660711426,0.2373250019958844,0.809947046956855,0.9345665378835937,0.7199038142308449,0.5656579650802532,0.7803568121270154,0.08495594637160707,2
0.02207102548796047,0.5450595864700658,-0.2975693214222065,1.2832133787998723,1.4495590098519475,0.6810483255639886,-0.5180587224859119,1.1365830933860899,1.3133684903415441,-0.06258938561027239,3
1.2110084892162902,0.648979299230358,0.6098753774501479,0.38894966755541355,-0.0980406235454612,0.7773922429206677,0.4570084984874351,0.11674243401389096,0.6952620157501906,0.9629413552676032,1
0.3807653732149733,0.7222431761094548,0.10373873873391294,0.3399790719561071,0.5579942420984227,0.2791419096784729,0.9376921155462408,0.23221144428320498,0.5864725645885154,0.6969183224957134,3
0.4791560004616418,0.7007314163678277,0.3563732091527839,0.6031627851596313,0.026394695013319494,0.4005116797332967,0.9436831710854663,0.2811484294361352,0.7003698423151616,0.35674937224679354,3
0.9034278874374632,0.9680329580486687,0.036088160052489604,0.6900877918688212,0.5277207109533271,0.3218209124433755,0.8158103989034297,0.03996791699966694,0.2924684751785571,0.26741430375733644,2
1.0645216671391802,0.38639661384866686,0.6644802591069978,0.5186782965519011,0.006290332215117114,0.77317605803282,0.35340842247184556,0.20731012010165104,0.5040011238231561,1.1928718513161165,1
0.4349964980963618,0.7561386415961319,-0.027736655621186213,0.39864637651126655,0.6937947159182444,0.2372481840797368,0.8045877791260418,0.3911685563141751,0.7964379542112613,0.6847278675560311,3
0.7833830013770704,0.21728031251442984,0.27223728562147703,0.23321228214176176,0.7641688097080017,0.8813694861827001,0.7732940455098899,0.5123598508398179,0.8388690164340571,0.13393765290127868,2
0.18233687473941323,0.048808565761679634,0.7137576423577665,0.4663120784417234,0.5818104618988509,0.9338310187353291,1.0658468406981942,0.8273339938119928,0.6428257182965227,0.7018377434045415,2
0.6262067809523661,0.9316702076007342,0.8035087478798061,0.5011556084677243,0.5956701467282497,0.9813118524745579,0.4429403598006423,0.21002127230641546,0.8392538076146815,0.6150766372253118,2
0.6349642702992463,0.5559930606028287,0.3005546600086398,0.28704568875607156,0.8397123112306291,0.3074887540013515,0.3786862733590971,0.03697346717420278,0.1988660142276617,0.1759540225082207,2
1.0626310905996252,1.0681050457554664,0.8515995215724674,0.5964776901900948,1.0046350694676767,0.10125061783913225,0.4105523270151521,0.06100517155164577,1.0260860473474782,0.036342046351966306,2
1.002592168929098,0.06118167184979803,0.6493272934266987,0.8580450465146804,0.602258473568545,0.9330885512913432,0.3068152868974947,0.8661519812925896,0.5985465815225042,0.23924509496475108,2
0.8326209445576456,-0.011295197318684808,0.7535332565062612,0.36024094258205125,0.10938598604105527,1.0557745942954064,0.3238519975651975,0.6222178901928545,0.13190309027250469,0.7596213560916532,3
0.9093662319697973,0.9198890808503006,0.13131026912539964,0.7666575827976534,0.5613089671029554,0.3377115923027649,0.8798589312759199,0.02944466946723198,0.29924533307932943,0.29815598505332397,2
0.9195226428974429,1.0046440385588467,0.6775392898090302,0.5957229571305187,0.7353834438922139,0.26941888983878226,0.5414139101012875,0.0011836510440881576,0.9861321570213198,0.05322050516286035,2
0.7871764064861313,0.5444888463381172,0.5561707736344007,0.8522312738085929,0.30331250605356874,-0.017457091591930048,0.3864374007868022,0.28214856023921925,0.3465430817935605,0.7726964914383742,1
0.41385857891537264,0.8240074967001375,0.038755357249741676,0.2921317364085659,0.6669321411602416,0.15442287645539185,0.8962854664042577,0.32813113604032945,0.6578188437462968,0.637919789765907,3
0.7411595710969398,0.05149646653400242,0.7580862903368409,0.2518948902753985,0.07490957019388718,0.9552516072497795,0.17026520716214988,0.49148802639941125,0.182071193478926,0.8899972678715546,3
0.01078942349997788,0.6155689174697128,0.8164811756136461,0.22871999536571344,0.7286494472602905,0.675734654399091,0.5347003988068384,0.08320199489054866,0.7810783405675116,0.01842233755503147,0
0.1281735150041875,0.7248584291018998,0.13484867931010644,0.2439075733783157,0.822305883843138,0.44475596430273256,0.44923785722529275,0.4306927475324957,0.23357072377930868,0.3330852010672617,0
0.11938923357245779,0.40418609936950256,-0.09732908543564253,0.808106241360937,0.6542110095080711,0.5278952173555159,1.0553901747115044,0.23740261502356458,0.19014360588372362,0.754431123061571,0
0.947273437961204,0.8531813660352681,0.01457268697781558,0.8483412496291083,0.47495505376180813,0.43174358872771823,0.7819905284906622,0.011198415571652107,0.39669460865004613,0.3192125628056359,2
1.0090311714702396,0.4923277247904364,0.708744488928744,0.4139988797032852,-0.035971617836639574,0.7677619985125392,0.30227255149748417,0.0982573382032368,0.6623445575564814,0.8662913847351955,1
0.9224706315062422,0.6982108625706375,1.0701338324012308,0.7595748215191525,-0.08008852032857514,0.6641282260191218,0.24547022032853727,0.7197452062600659,0.19274050559228859,0.29668613086868656,0
0.015684485971606682,0.1900764703023487,0.5213268107732218,0.47904492551771666,0.8622963517188675,0.307680389783103,0.526752014463001,0.7013118442828444,0.3568984088710397,0.17660487402652597,3
0.1459101785017347,0.4761519342444952,0.7826599679763196,-0.2157173959108276,0.8301616757564698,0.44462386830154765,0.7392772808566368,0.55439183673004,-0.12223763797656212,0.23851781729851573,1
0.08773389581067467,0.7888540101774272,0.27546120064687674,0.7476073262526863,0.6947651600125304,0.19611544168791537,0.1758420337689836,0.8388296274147997,0.07660669755354813,0.8449814501878047,1
0.8902151247660798,0.9442111378706782,0.118034620250118,0.8240274968680391,0.5975597210804362,0.31092428676095996,0.9097801346507967,-0.001540233731917761,0.343393989353656,0.2961682551539451,2
0.8479246351362977,0.8659410602228084,0.7085418364539074,0.835769943301142,0.8698405384500343,0.2218113943847661,0.391453939246297,0.7297973212038564,0.4071718597200708,0.5381321600223595,2
0.025224754379909536,0.896523024845688,0.3029754370392264,0.8508928163303323,0.7775570247223169,0.050555634286413645,0.025875598743544188,0.7318529024814312,0.2460628389133988,0.9642146182548305,1
0.8399147972096681,0.27321691983219726,0.6879374288482921,0.05269722500464079,0.9013878124729505,0.037212385200342576,0.8359806372997223,0.6846759888676616,0.23306977184432728,0.7537499194055904,2
0.6779464496344378,0.5132884773620227,0.5974488748554206,0.6632880348329109,0.04118420590544357,0.49556957402064267,0.7148796946996747,0.5454420566429518,0.563679209284275,0.10668223868115474,0
0.6711417728770659,0.8424479962288061,0.724787352969725,0.9050316846725545,0.7799209892185212,0.42848260552334305,0.46867986788791205,0.7576388309346227,0.43799834029823304,0.7347192222402972,2
0.6547681839102495,0.0615421579628999,0.620499145415616,0.14259387505942117,0.7577843166904485,0.3077655680967215,0.5322745849187894,0.1944078236949077,0.6369188434900446,0.26200731492510354,2
0.012682254367875612,0.6138016368777229,0.8141620758724205,0.22702922203893083,0.729881435268558,0.6786088890055828,0.5312332980061688,0.0819228643025043,0.7786213117225892,0.018786643568893268,0
0.24313611060833099,0.08225824706653884,0.1669471115039916,0.8900523575952126,0.3620910757116565,0.6193683769641526,0.2873973462052925,0.5355649326939617,0.7826739693675717,0.564661297910644,0
0.9010303662788963,0.9072461741621297,0.05631900316395626,0.8498154795726506,0.48156528315369196,0.25968650048816666,0.8225523403307835,0.029587530839080722,0.30550289755598303,0.258647435990862,2
0.9290085818137572,0.34562776561943825,0.7533027756350329,-0.03869515363720302,0.8235810858356165,0.05464802929979379,0.9110103154847916,0.6019099148117245,0.2791653250066406,0.812813361987281,2
0.18633205785236778,0.27112689605821294,0.9990474235281417,0.6614478265834917,-0.16527169036997919,0.3021697190407342,0.9216108529516993,0.4418267793440327,0.3856815726827686,0.8747209158464634,2
0.013249269327776153,0.6146938107178882,0.8138120451733929,0.22773671794894298,0.7299068730855927,0.6792337037886149,0.531062935680551,0.08268330096088285,0.7786769628762211,0.018745561244625727,0
0.8985844940123164,0.5713992483000898,0.6196130657614116,0.3527242794394245,0.03513578759733915,0.8893172684627125,0.48162844604205274,0.03440168636677833,0.6029764270460272,0.8878572968368694,1
0.24300779862388028,0.42618194752253924,0.717408185305394,0.23294914030922806,0.5738325419483745,0.5299634720238102,0.8859868971332758,0.792759085287984,-0.062107220304719574,0.3606689326230635,1
0.45235954490477603,0.8470630609923846,0.01797478122278285,0.30802788646030155,0.619053706692919,0.12908164352652268,0.8712067198503396,0.3499234384128607,0.7087884103496762,0.6403153646164327,3
0.6666318609510835,-0.004283957716451514,0.13379688414182983,0.6382168505096933,0.28552618879832636,-0.23089708338912474,1.115754367676324,0.19957272173084947,0.8940332326223951,-0.013689520788836729,3
0.4482418238413546,-0.09299259838469043,0.6655839118006084,1.0814850936686622,-0.45179835231752585,-0.07173693898391631,0.8226587394974221,0.09034605670541956,1.1121888976546226,-0.059168538678344484,3
0.9738656743735047,1.000397016232503,0.6467524524319893,0.008626049866907327,0.09502527339467785,0.21668259771104817,0.026643379189419343,0.7541695181646878,0.9807036977012122,0.6955721500197163,3
1.0056981967271614,1.2328096817574559,0.9570545521725412,0.9368313176786107,0.44103619013312517,0.6705247208349174,0.1354715982304961,0.25681783122520907,0.49442322983548115,-0.051677211476565954,3
0.960278256938185,0.3851108180402786,0.5857952085445752,0.35943870248207005,0.1501271565012146,0.6466543085085823,0.38654300880113285,-0.020489671957020856,0.7289703903458276,0.8913115223147495,1
0.773897350576981,0.9807542023314848,0.7726457109219809,0.6673579944976503,0.3108942645673295,0.8122544307836594,0.23830297523435962,0.10556409607035049,0.5733142434190159,0.17427309779843006,3
0.2890276935498874,0.37507014927435844,0.10612407151940928,0.7137334498442841,0.5192104409473062,0.24249594890157297,0.6372626991426072,0.11492624542391891,0.07665973566510083,0.7713868398479142,0
0.01237015501458909,0.6136588259505033,0.8141655068963143,0.2270592995157797,0.7301988113453083,0.6785188858249973,0.530925076867316,0.0820177856362179,0.7785206632465818,0.018559149952285334,0
0.45988590209151714,0.2257181546713249,0.2295971374705536,0.551754305470646,0.3638753073157758,0.4227119295611907,0.9367321464891827,0.469936380463866,-0.02713169226024359,0.7452148216567465,0
0.06475621979151074,0.7282060834282217,0.0680565635811587,0.31608485654903595,0.9037944923872892,0.40507300264206236,0.36364040978901874,0.36079542634145867,0.23060161506793098,0.35424224251077474,0
0.49085166172114353,0.5537758654948246,0.12806816572342522,0.8204190313844942,0.1584582155038704,0.4374893490323497,0.7397917224610043,0.35693153918767045,0.5817254512054304,0.3414084752911635,3
0.8338070643982368,0.8220656276518253,0.7813271155680787,0.7737577696821921,0.8962119615317968,0.27015711244303736,0.3494028741212352,0.7889219098903556,0.31928018345082393,0.6385284405135635,2
-0.09228027388485255,0.7890321754230655,0.3318206483447783,0.8059208535598259,0.608858365168225,0.6006208287251902,0.7897499687378075,0.4687503717677233,0.5232961151553799,0.5496890422198609,3
0.015493714751514941,0.6108815104625449,0.8126367060283691,0.22816650637115074,0.7303490397729241,0.6765512896835334,0.5272623506757084,0.08480314793046095,0.7788966741718383,0.01702860750800708,0
0.11838054768753561,1.032635258368634,0.7352116015553625,0.542358899794329,0.8418889348496369,0.1834050502306047,0.9263372860539317,0.3442784982196756,0.7064011821788311,0.720710775751893,1
0.7019418391984081,0.2546734447213142,0.9309191388076364,0.37391410406159203,0.6983737022966735,0.376386261156177,0.3382215974336936,0.02258109704482165,0.5433838397519101,0.7840170111034596,3
0.3165294595268575,0.2245807433239115,0.4094223581690941,0.8360856721641379,0.44051138082607477,0.04179959943520428,0.9108756821981274,0.4246406821102323,0.2882152098274694,0.6096201339924542,0
0.9011461391520532,0.3877806737533265,0.8507719279739079,0.22718826895458305,0.11650452831478132,0.9857270105362226,0.3424927194931974,0.15535636091559119,0.5665130183055075,0.9531952397462911,1
0.5103652479445372,0.6050769300481132,0.78150459668283,0.8850866702762047,0.024827008544751686,0.13798816049215828,0.0779904891360679,1.030059174019027,0.18810781256685558,0.45036888603981945,1
0.671858404207553,0.521092078614948,0.5718448423860367,0.6475703736126163,0.029177570118749975,0.47395058459498096,0.7170516790257951,0.5057635365434799,0.5363755774324597,0.07728145302740504,0
0.04725751620158486,1.3066243633055088,0.5408703403953017,-0.3750267288163097,-0.6008014270617882,1.2540152144619336,0.7135001052598333,0.21600078030876443,0.6340725669955998,0.31147244190308565,3
0.43562415947820327,0.8240941199244037,0.8134231785318811,0.4467021930308774,0.7966146331851285,0.7940506775832525,0.49436454552273223,0.42246396100233136,0.6954986181002304,0.4822156627546438,2
-0.6135130635062715,0.06192734374103259,1.8203158090398845,0.7541411791728767,0.19096015660464077,1.3451918326712877,0.7436373200971513,1.7386811807161306,0.1607198253487821,0.9212100747938003,2
1.0079097736378424,0.8712794854134518,0.7861575012842966,0.7420892951072927,0.08638014661263219,0.4528871071418178,0.06000673793889632,0.8098665502022436,0.16293192121326025,0.5901537315986751,0
0.4271299801546741,0.6362841653282026,0.7490299117499507,0.49426959170290635,0.8110684613319131,0.484902642089626,0.873101577212381,0.29636316356834497,0.04258131724427855,0.9072712376798674,1
-0.09994682241174582,0.7510828944633026,0.4321945446383335,1.0260469574965472,0.84602739689003,0.21721192076607324,-0.09151011259134725,0.8691951705185077,0.3791060532480371,1.1579778171557493,1
0.8471172396911163,-0.08293740303476355,0.581038904915204,1.1205452018604594,0.7707607983662063,0.9444407667773882,0.4870632246317691,0.9132999463365064,0.8346825215577685,0.17519130274023087,2
0.6364324028960073,-0.23455035852683526,0.7010826255639641,0.21313497362974507,0.2983599342799239,1.1604190929384166,-0.0299602538154366,0.4323053699351554,0.24454973975557395,1.0950647163125795,3
0.9761881342834794,1.0048562365874958,0.647176710165844,0.006778039148896329,0.08807463007439208,0.21192650049681913,0.025963214824811155,0.7488205287761238,0.9747113951934515,0.6943359646503742,3
-0.0373806906556238,0.8136338937648662,0.428353878340177,0.6741959135314592,0.9814305164982307,0.09723402340043868,0.7028302200468048,0.13716192644767472,0.867718481898594,0.6467143374948834,1
0.36963473875297,0.38692055398194436,0.54282581291515,0.7708193610846867,0.3951459706200179,0.7524315491085638,0.9224559764278868,0.6532899557148895,0.31415175547352886,0.7763594468420738,2
0.6621629941529918,0.6921581627149545,1.1311425800295623,0.6628372292433008,0.4462101254842,0.09864493366429586,0.2874637455379295,0.9520606937812669,0.8884525506832063,0.8594389005793954,0
0.41540019854479976,0.8060774722595039,0.05363745079754725,0.29255915481663763,0.6535618771513327,0.16549896059195052,0.867198326277927,0.36940350056238136,0.7050862484278432,0.6017051174864126,3
0.6702957734103987,-0.0868688446050058,0.3860632916339044,0.014953637950538362,0.668719528196522,0.24833411266789485,0.42963137793794176,0.37758226819454405,0.3967044769721578,0.3135063814982326,2
0.37490127469314083,0.3313849509032589,0.1524614495361993,0.7039390906516081,0.48092818516856284,0.29556509628726246,0.8188579589874558,0.2202690353114959,0.21527300229495205,0.6869404745524578,0
0.09590060429705471,0.9693649837091736,0.7809138245301064,0.5094619203613584,0.8318104166316579,0.2831187440165488,1.0211465329942326,0.4834542695075378,0.6735550667820903,0.729692843377872,1
0.07921785885150569,0.19337751171500256,0.5356459012279109,0.4909406444530061,0.8703570367070059,0.35311293165641827,0.5472032818035416,0.7099607035860451,0.3712779027278438,0.13892584661244234,3
0.7672353009317676,0.2948268340129499,0.8750571473620344,0.4243168545405204,0.716880849857975,0.35143180483479225,0.30908172682497803,0.0321235338030013,0.47863703492762494,0.8078233927558912,3
1.3511576456180843,-0.43803242231517747,0.9642007025524151,0.55022038672731,1.0045105951177609,0.8179900935601319,0.4803697087863244,0.6651616379439573,0.024611136565358627,0.19448132503700993,1
0.4827878489476672,0.7992249138400556,0.8924659572637575,0.4982041040696832,0.7690487170939674,0.8363560280644343,0.5186803664029022,0.37023605526887177,0.728204115208219,0.4371121715454203,2
0.4213923810228819,0.09885598006850366,0.2640252035196522,0.7924597894414517,0.408693031867413,0.34184462884418254,0.788588654044467,0.3162237264975023,-0.08346836000111396,0.7093137488518967,0
1.0155006880570239,0.14867526785594454,0.5326291459677959,0.8591309137684539,0.7000651987951014,0.8362507275763204,0.2804604157688552,0.8661920392799242,0.6229902317921732,0.20847550608484455,2
0.9786006930398271,1.001082214594553,0.6539700372574091,0.015441004793488713,0.09884082192479207,0.21794941578257937,0.022761750346971112,0.7567910495697049,0.9801324791264076,0.6974736505686724,3
0.13863484995962544,0.23531297459491274,0.525901646151611,0.9155350563921558,0.32192268073030805,0.6711597679421875,0.5880233750953952,0.5655340633656121,0.3178497450556542,0.8777514461031739,2
0.17393538509673534,0.8682108402708572,0.3230263307845177,0.7855965384236084,0.7256461996201584,0.0983283390211263,0.153752851643289,0.7645574821034248,0.284433947451645,0.7893077238626219,1
0.15443750547943147,0.7839053339746525,0.134206499749108,0.35111546257542203,0.8702672413457924,0.308559875110176,0.30172644483615796,0.49485890047108594,0.10317519245398313,0.563542919306298,0
0.15266461796857334,0.9946563548359859,0.7165763345899464,0.5370161803338371,0.8462147106114459,0.2358356679019769,0.9429850085649445,0.3728339391557693,0.6867685340373219,0.6714424867052765,1
0.29046990743433915,0.4740938304405368,1.0784722949548828,0.6416428305588786,0.10942858507717207,0.10695360506113176,0.7799529922090374,0.7171932287531226,0.24903407895014687,0.799820355531059,2
0.6252292754201505,0.25075757031241463,0.7210376746628335,0.8000079302723874,0.40205338657991485,0.045547574843049804,1.0753037118821287,0.4348263402663052,0.09835645707506013,0.7189560649249587,2
0.960109789275899,0.9877971050249121,0.6487668877264854,0.024511126512647786,0.08530512157153146,0.19789066789046078,0.043729192751683306,0.7356596193348045,0.9600564158465343,0.693968868293022,3
1.1568696403392207,0.5906930948152457,0.6774366784690498,0.5421788657039641,0.27743733169797435,0.9402833208706576,0.4734534787251731,-0.07175212821423102,0.705611744274175,0.9568641296356266,1
0.5838444474962371,0.555438824491768,0.7692597056347582,0.9709528655253702,0.00866508580554267,0.14981732253580027,0.021863300063197928,0.945245119763869,0.11800317393892257,0.45118912117495213,1
1.1902323447585443,1.1689370935877736,1.1729120995399018,0.4699472100246894,0.36550566388224043,0.7147018883536597,0.2349054186797333,0.5919442030759656,-0.2420683710632886,0.5258098773638421,0
-0.02551194370712309,0.6687585265714876,0.04843480847375238,0.15362785126777828,0.7976027026383683,0.44129252079568315,0.30416917652000497,0.44686257519505546,0.23466067717209654,0.3077032229344995,0
0.31466843496501445,0.15094067787972082,0.06681549114932428,0.661254560967184,0.5590791528661831,0.423018958495698,0.7066508759002283,0.3771617907953704,0.04292273264285831,0.5460909567690557,0
0.6685604861790712,0.5097718410797935,0.5977183078594739,0.6828575112310837,0.0640703174653215,0.5053230838784081,0.73724913834689,0.5474653898247446,0.5544468837887714,0.09245809179283555,0
0.047470323708506755,0.1994008700631284,0.5644422585459613,0.44797540280742776,0.9322860769531178,0.32026455242513574,0.46330402157287387,0.6908250348467931,0.3817572096842638,0.10786336621106142,3
0.9639293041080765,0.9892577504559319,0.6478258103878081,0.012107327450125008,0.0919843616918206,0.21906475986108967,0.02479797211219139,0.7498322335165933,0.9741148907315192,0.7077552438413344,3
-0.06594428536898989,0.5570220325510526,0.5301236522589328,0.5502458014508771,-0.22135720612106924,1.1911117162366198,0.617185523908411,0.9660121414052737,0.11639487833174872,0.7137556676169721,3
0.43167811371334375,0.6059638538225725,0.2797350431789352,0.7290176566810889,0.1959940185767788,0.23579987529193738,0.8842786470181114,0.36952787867367315,0.5810567318136911,0.14719054093728465,3
1.028733467566987,0.13485469577011452,1.1709857762988534,-0.02104053848080578,0.5856402083913383,0.18146037037520935,0.559353305784819,0.742197805301653,0.7448511510020479,0.7021271683359696,1
0.029597847760898542,0.15968210100129876,0.5342438591712361,0.4861638444291657,0.8896905465432391,0.3121095622635333,0.5308245943769837,0.7638715885128053,0.4237377519029446,0.16267314473575914,3
0.013229499813656993,0.614517234456365,0.8131149180070472,0.22669901871826292,0.7288330764355102,0.6790056063151677,0.530170520367636,0.08246807856637925,0.7773193873940674,0.019178775717847155,0
0.8761964829887335,0.31525150023958387,0.7168456681508769,0.030452050920854404,0.889615305689135,0.016354001708830123,0.8693284719773562,0.655266463916446,0.2249278489184905,0.761305350316918,2
0.4497133023924636,0.532814215446698,0.5923745101459652,1.0260125452624385,-0.15673954752762012,0.02692835577830334,0.20200290641086824,1.1928825648574217,0.112402650382442,0.6040244326364388,1
0.43214927307791035,0.17663682509857115,0.17999255054058824,0.7284156079952604,0.47974992442163467,0.2486188627121937,0.8930594883452103,0.27232681042615,0.023168954131282445,0.6762087889023566,0
0.457016946180981,0.5855175652016434,0.3566795028713421,0.6341204437378136,0.13255869286188304,0.1911645260839981,0.8383239963679792,0.29432236817868723,0.8198154743322672,0.15601626550721392,3
-0.11026334446753674,-0.048392578825813146,0.45544761909526815,0.2944412670405918,0.8408622661757535,0.5274598152660428,-0.020648109662639587,0.6493202921884937,1.0143437979466243,0.9107298439983473,3
0.6030003382890611,0.5533693049862988,0.29887820576823015,0.2862356492237582,0.8225400048755884,0.3398789828957402,0.36931837897299813,0.07029994306597373,0.2314000577744253,0.20177456457132747,2
0.6627489747714939,0.2410806895912324,0.39888528395167056,0.16399779063654862,0.3198613145755854,0.1184536405460486,0.7038802257991822,-0.1717920187401442,0.7133327523571003,0.46216725171597206,0
-0.057644114810688984,-0.3140866959890988,0.7215532749670547,0.8900353596487868,-0.45412803748386554,-0.5413455474389696,1.4929664014962163,0.35987441688979976,0.6155026133648603,1.059501693231275,3
0.45441475898332423,0.7668594794752391,0.7904988625279845,0.3827039733639833,0.607616789493248,0.8720118167514378,0.6728621275540594,0.3826844745760368,0.6475222963169787,0.6588739229765042,2
0.299688403368629,1.0117461898398834,0.143377989588165,0.26654053004989314,0.7975767037220134,0.028487780520920658,0.731108967211858,0.4636954014644017,0.6225971013942714,0.769709067284399,3
-0.04697700705215935,0.12693483278733647,1.2690953143982726,0.3205896909046069,0.24195512850744547,0.6273776848298107,1.0702715576106219,0.3494014348525868,0.22700802967995803,0.9686878481212211,2
0.7677050605348978,0.5387942641483958,0.7329101856887652,0.42177330543153274,0.6691986458968272,0.9044283469558546,0.26279124113721747,0.12211543374767558,0.15517103947304411,0.8568091241174997,2
0.7403812315770385,-0.015352106946614152,0.5006629876372526,-0.21949447250792414,0.6597695726445885,0.37369071854469793,0.39358672508420134,0.34748262549290015,0.3560594881036001,0.08936487496061218,0
0.08161469272600333,0.8453291740995225,0.2356090764596363,0.803879759327488,0.8134599295619317,0.11349323753478094,0.01928264789070019,0.7881577433599067,0.17875665975813287,0.9210089110034355,1
1.4202421003970878,0.4982598009460134,0.7501356588171334,0.6533248956724924,1.1118051094796533,0.6361705600037718,0.19050053497959146,1.0776222599943779,1.0599258465899197,-0.14587696284286444,2
0.10810770739936437,0.9593939749382518,0.274129178160085,0.8238467726190202,0.8186980013443665,0.0068891059054322495,0.0749156808678535,0.6589619555963848,0.21878204364902643,0.9972718445927256,1
0.7388228944147761,0.007866063667936157,0.7948543044540376,0.8312158042575192,0.7133826570985321,0.47082433107873095,0.13080293017072542,1.239499889382002,0.43824644269906443,0.3722390212524634,2
0.7870558939204814,0.19092341798432086,0.2993990606602971,0.261903097054171,0.7901460836738063,0.9066065145401331,0.723001398098824,0.5505290305107076,0.7954600452727647,0.09032576281791073,2
0.5217865449607022,0.6340289389683398,0.918892102069545,0.8033538149455911,0.5631380097345255,0.19851926249498644,0.3167730661342208,1.104773537871174,0.829343032185231,0.6903763237090302,0
0.954814907690451,1.0657728822856012,0.09270841245146216,0.9452326793008217,0.7751558240085856,0.22848032344594413,0.7684465595338119,0.11068005453203493,0.07863727763686146,0.35774051371712734,2
0.7174964506411667,0.9835387077098976,0.8151139705960294,0.6361532811674264,0.3152098483768971,0.874594782085992,0.22711259954737872,0.18651892922957689,0.5546585473545098,0.09504143081165081,3
0.5108680327145103,0.21800726255522201,1.070906511157578,0.2550039993763492,0.532503927407509,0.20798110733065037,0.3532212148662103,0.29628720036227796,0.9195182686348597,0.473704040085086,3
-0.07343808339304014,0.5577155719205431,0.17237435627548872,0.2644441717556126,0.8064750852610363,0.5442282409675709,0.28160238063123016,0.4756531305275708,0.15183936209941862,0.4126989901353067,0
0.049974274829724184,0.15242883890094683,0.49238589120863596,0.5278967898780063,0.895195477988276,0.39420469213772896,0.5716669781142847,0.7290631136114831,0.45595077170417203,0.2054247953880296,3
0.2072742364572177,0.15384794291003775,0.598440330471275,1.261466262648589,0.49083563871982494,0.9437321046985678,0.29360501238822867,0.6312631444857425,0.30863930566625464,0.7542129290428587,0
0.4732894322234542,0.3745671700539026,0.31680429254595677,0.11488616739696031,0.2646484577305753,0.0795892065954857,0.4245576887779586,0.06058827951816283,0.5505929213395663,0.333483802685527,0
0.7588784074716496,1.0532565476878606,0.9907792102586653,0.42054786087008844,0.5032090065692462,0.9797784121955194,0.19297811583068025,-0.004545982300108498,0.5029161078039375,0.2613298456425479,3
0.8714603780801584,0.31399239148907676,0.6419002436224337,0.3225983892253952,0.058889311259291414,0.907234814006726,0.42282182525475526,0.12055050082467794,0.7882125450692867,1.0203063665173744,1
0.9528583809108381,-0.026837934788201873,0.9870724301089053,0.6161525545889075,0.2498179986292065,0.412160481961741,0.22812988197105982,0.2544836149968013,0.678286689564351,0.25445754015580224,1
0.5936410657604347,0.06498480268907453,1.082309082962691,0.402302231802517,0.8089987135684951,0.39638518846301496,0.355495489878399,0.5261707377449693,0.7941697923064451,0.5506084457159985,3
0.8328131234955363,0.8332307709787262,0.9013508945614921,0.9260154815777412,0.994437567185693,0.3764981239924582,0.21059820643162624,0.9162906069848307,0.18511447106517975,0.6671099289639318,2
0.09114280441186706,0.712121327796855,-0.01286213127240636,0.3397147902286398,0.8294733006455357,0.4094772615119689,0.35923079714227546,0.44594878806736077,0.19743542852659765,0.32287713518868333,0
0.7000981270829185,0.9858254760387154,0.9220945837687674,-0.043148658518056104,0.08842508226051166,1.1914058398500895,0.903085424398388,0.37884208550730625,-0.024814221580664708,0.4855864798493451,3
0.7489924397219477,0.9485969924118333,0.8372931866309614,0.6572654054036231,0.3331876170588296,0.8500613763970046,0.2457436054725237,0.22786466554540086,0.5142670351437696,0.1310304620420875,3
0.06733355778862127,0.7016735849054115,0.025587555099918183,0.2828264534570921,0.8417372214287745,0.420113055244152,0.3367660529734258,0.35788491377618187,0.16281985863977735,0.37494232428280333,0
0.9693899607246552,0.8761065207652882,0.9377553223034335,0.5597242004513142,-0.07263719027149221,0.559404840747681,0.08983832133290892,0.7043680699340198,0.09394678841186546,0.5867205917140905,0
0.8952445736753393,0.8778000586663929,0.5935210787468841,0.5884723949992952,0.5049574017266221,1.112791302300264,0.09120779167677254,0.3958052133829588,0.4930220683844218,-0.0808139267198722,3
0.5269624276974334,0.2580643136527211,0.37835675712623307,0.04275361982957491,0.21417435601597526,0.22214651937096247,0.5061450187602979,0.01425200690905117,0.6133841277910714,0.39524366850040893,0
0.8793643511465657,0.8926734250306374,0.7749240319199222,0.8448387405030956,0.8427506818785493,0.3084395269032476,0.4198416212381266,0.813840054344104,0.37554443481326094,0.6538581771474284,2
0.7449573045628131,0.3078081986463286,0.9390827094747092,0.33801616807449897,0.7427365613342763,0.3388994574237371,0.2873117086115084,0.026643131246564093,0.5367851779204871,0.7844663397483248,3
0.49996441300158284,0.19440456498385383,1.0032858085555814,0.40680330051156416,0.6909673968369033,0.2957048148224126,0.3362583853397167,0.40554026227802564,0.7678897575364765,0.5581369100290974,3
0.6865893283132991,0.38736333696728253,0.31899035587934155,0.6832701806964991,0.15359809683550635,0.46789258206731366,0.7534365053339536,0.3699364167321703,0.8306384706293152,0.2926925981163075,3
0.8601524435966483,0.8199579004486749,0.7870242944740862,0.5027672956186398,0.10387681950515479,0.33914352988851315,0.267866643983391,0.8505889051951433,-0.12182645908890988,0.5370896005662108,0
0.1163683900160356,1.237231929197274,0.6578253056336536,0.459136448894185,0.604655548903419,0.07260903813513295,0.8541027224699226,0.26173549575439314,0.8063275655143636,0.5006321429528646,1
0.7595941410949668,0.2511407057652416,0.9344041323852426,0.3575905658001178,0.6818874285206877,0.4043255088203636,0.3673869597996372,0.044821972304399535,0.49161377233242987,0.8305015528530426,3
0.05264035222307804,-0.10899161419401812,0.7029814275324759,0.055830105271945374,0.9500273989378762,0.5552246746802826,-0.061422969995701265,0.511829996519368,1.027410450600737,0.8560736655957589,3
0.025549910280227517,0.9988789251515204,0.37809374733685935,0.8139394503564157,0.6769718739017504,0.3007982259167965,0.15527005161678537,0.8346844608969064,0.4524782690279899,0.9384837720608398,1
-0.06885933731254062,0.3982964880576042,0.4924111588207528,0.09925655602390812,0.5493559970060201,-0.06549425492006195,0.8265595803528594,0.8255076352157735,0.8431161383083663,0.4246097012155276,3
0.07764687737912995,0.17021074537455239,0.5019754899343423,0.49726187117653026,0.8885841839790316,0.3630832412602764,0.5275203896633734,0.7295826192236332,0.409991026435666,0.15371355881696877,3
0.1696100360495307,0.9585745218195755,0.7947507548003377,0.5320623459632846,0.9314777223612098,0.3234175928102622,0.9202328988842078,0.2978423410225075,0.6532609160242125,0.6994933487826426,1
0.22398330272868489,0.7767496274491966,0.4847154006689077,0.3966475229254051,0.12250081787800299,0.6678289072669379,0.6815906305410754,0.34386608681044295,0.5043791349321615,0.5446868173969547,3
0.7090952056932002,0.2577465956662417,0.9224399819603653,0.37942525146436656,0.691052358259536,0.37185329749893936,0.33287255785329384,0.026837355421127813,0.5424324551482901,0.788636245853139,3
0.41879064842408503,0.8184329523021504,0.0586185323441656,0.3153818657949852,0.6410032143100092,0.16916741118786066,0.8819756625610766,0.3422082216214105,0.6718799529570525,0.6242891326002095,3
0.04565737030957739,0.9050399393740456,0.3148145398376177,0.8596765060639964,0.7540369910922448,0.057115714522846237,0.050077380905160895,0.7292312123587011,0.23135241191323289,0.9671741091786341,1
0.0863649511240931,0.8991767126582468,0.2094619345930286,0.15553258362711825,0.7826219712369415,0.38851160614042196,0.16229272795394545,0.057611746179500434,0.19685288272298856,0.1259088688575134,0
-0.7130866006037253,0.23936562834370304,0.12614512825729718,1.2396250411696141,0.2788932371688252,1.1002004452556782,0.800752911279013,0.7535898691802935,0.3904852813438341,1.0569692817050678,2
0.011976779286103474,0.6144289845270621,0.8154698536122692,0.22673056126807728,0.729667467049674,0.6775072715599326,0.5301491022212004,0.08303075892408751,0.7787005039394852,0.01996055075916206,0
0.02008293870703775,0.1896083521711261,0.5539355575617988,0.48757349491811963,0.8937259677782595,0.35952652913866107,0.548419132826439,0.7383220959575009,0.4216174142101513,0.17502661159417343,3
0.2816118630372183,0.8488992512654481,1.1445549421222256,0.9684621950858467,-0.040285195155616266,0.9001226224958553,-0.210531565150488,-0.3304638839115066,-0.009964330975818947,1.1686776435757988,1
0.834598337255403,0.24467565825173757,0.3316905624374976,0.24510117047670932,0.8016379222027957,0.8930463762402276,0.7058389617136184,0.6102815026207761,0.8194218581827004,0.11792147648397254,2
0.8659848216830324,0.33865939408910023,0.7174823519268104,0.009256226749008042,0.8856690710684971,0.03691110831433732,0.9011079497961823,0.6860687514550623,0.2299079342112611,0.7623174598264322,2
0.35487086889207514,0.8548888234505986,0.014135701476075582,0.2517046178716858,0.6929844286704517,0.24020842876778392,0.793587896135339,0.2599918606907775,0.6577837670095434,0.6700874556403251,3
0.7324253206794601,0.6687901282998205,0.5850724494755475,0.5974791879343426,0.019430386477718525,-0.07469789654725262,0.40146660673156165,0.3002932508009323,0.34209059180019696,0.8682007216033811,1
0.05892014043546596,0.9277837660535279,0.3059015713465739,0.8664136959899159,0.7404322815409149,0.07804349171683689,0.02648592576985577,0.7317505839602416,0.2372730509629789,0.9626530873390016,1
0.35875470752821503,0.9323398209162909,0.7384450187214732,0.46676880108470636,0.8398325240520532,0.7860756734657735,0.4465260351599219,0.278606373294162,0.8613045121701937,0.5711910673515629,2
0.012030056119013116,0.7712525984118466,-0.004464832189429065,0.24137207021267057,0.863960753856654,0.3746047691145976,0.4652556033824814,0.32543122450375406,0.17133315585595074,0.45385331244940086,0
1.3791660274261044,-0.4733099871457044,0.2659646246102808,0.3329830360709395,1.3720665933460245,0.7532296653829886,0.8159741577445504,1.2336837327975485,1.02880137381029,0.11546931482567943,2
0.24986542905229317,0.3828735593165396,0.9376241046343271,0.7406591172597671,0.054060421926246466,0.15278344339662425,0.7814149428313095,0.5881213864164772,0.375856734388303,0.7980453115526103,2
0.967652532509104,0.1283396342478381,0.5616175144803018,0.873446976572595,0.6904321194104803,0.8366680648188085,0.22262614047348744,0.9268313562945691,0.6466966415682193,0.25727789080420665,2
0.22507659936955665,0.5406305224471728,0.42247429359503264,1.3551025040806988,1.1285305291639856,-0.2232529630170202,0.06820252062444121,0.8073048169888273,-0.32922373623078716,1.4297277749498782,1
1.0130518940217568,0.5612080286228835,0.8369442907436017,0.42304869595077754,0.11033647837128238,0.3033790842753248,0.192693759589586,0.7171262612303021,-0.15899636988552096,0.5937636265159627,0
0.9626914060689957,1.0002462661854599,0.6542622501894577,0.017576126330230417,0.09158135724873415,0.20201493179187255,0.03143773545555007,0.751343944417866,0.979362596408082,0.6940076902499482,3
0.6599386921864427,0.4993301688418228,0.5934994423212078,0.6735554396720745,0.04966173062418029,0.5172163159265805,0.7428307138098191,0.5264107098017868,0.5556067231049373,0.07659661738882062,0
0.1406657686238075,0.20616111630433137,0.319568388215305,0.83644047243119,0.5329519693531349,0.6499384162870425,0.5916789172923399,0.5952674986054927,0.512007481602418,0.6315391077138884,0
0.7618667688143201,0.40201813158171146,0.24634869286941408,0.6870634797397407,0.18927771699756596,0.19121290090308285,0.1852652102826834,0.4872415423874806,0.554360461435112,0.8062433724484703,1
0.8046222434865365,0.28245910348652464,0.30479467068573934,1.2574207711572452,-0.25446400784801476,-0.3035364503102529,0.7723727505555216,0.9088499962941761,1.2128435151556825,-0.170186721280629,3
1.0027925202846764,1.0159156911848946,0.6627017023588114,-0.004933142219445238,0.10340790337128147,0.20628165320733857,0.024339616426007987,0.7452762266251052,0.9571305083520749,0.7005618862017942,3
0.5150750801919308,0.3761637110885421,0.608771160797511,0.6274615370665023,0.29794817706048965,0.8392594768989874,0.7765170023668695,0.4847087902901266,0.412098832147837,0.8094761630654566,2
0.9074878287933348,0.9015704476124633,0.11900543150800291,0.7767844254774489,0.5645804633313245,0.3265121930728401,0.8883906740075085,0.024026896759363467,0.2982057544745145,0.30449872952346696,2
0.28787397446337193,0.8295719410107844,0.7985875821915195,-0.2153869325128326,1.0089407447417658,0.1507194025170837,0.8093816178401299,0.4204973577083104,0.16214535299300883,0.16339760751756613,1
0.07342678520927615,0.8225750522974024,1.201789475095595,0.39085990869276577,0.297085422414162,0.24034390292986502,1.0993582151722578,0.9902057143507995,-0.21827258866732274,0.03438703932456272,1
0.8835500620869541,0.704009769264577,0.4137463084029572,0.5735203167485554,0.993528012520914,-0.0356948120673074,0.8257431146743224,-0.134133683461552,1.260097302816531,0.2060374829652231,2
0.7657479319637606,0.5217085394829507,0.7328477261782357,0.30455396453955674,0.28116035548424667,1.1039452871027216,0.30018365751736553,-0.0964016501472776,0.6087927028876333,1.2813625720779216,1
0.8066187590248708,0.6408244608157851,0.4391297032730064,0.7080995449913757,0.16946848927823327,0.023017071284982985,0.46650751160195914,0.19916422322029784,0.4113927179766409,0.6898320455377857,1
0.06431560541622092,0.8185633365604652,-0.005847243015088238,0.10067066111747125,0.7064962904384707,0.4164319296774359,0.13988641199079155,0.418413445732498,0.3803838094086769,0.35883466139235876,0
0.015712684075573025,0.6132422751251767,0.8181715647865879,0.22889252620844228,0.7318104004812511,0.6770245564260671,0.5345707661763505,0.08661993338970174,0.782146805099803,0.018873904358196678,0
0.6035211574331779,0.5511020149515752,0.3078882769714812,0.2916187545923702,0.818918057198682,0.3410583540897355,0.3662174414163743,0.07414294189187723,0.22609209193589133,0.201766080697867,2
0.37650582748661326,0.895960267519131,0.5297202407317565,0.5440279224282074,0.10183406874981232,0.7554446727580006,0.2854607049410864,0.02693925693129348,0.49729774218925793,-0.04697022574031487,3
0.0911894713792595,0.9631443783462663,0.6488293472410598,0.5282250319308717,0.8468620360989354,0.31216356411077917,1.0096391375800429,0.31053565912959635,0.7797653005829611,0.6633853224483911,1
0.5918865405673,0.7974276770925364,-0.09417128918823076,0.27978682027239615,0.7728801661726392,0.2727400899562513,0.6921811757808494,0.3357381892728605,0.5668999127544656,0.5592926463603579,3
0.12967835939984962,0.8317080375493503,0.24961059400487706,0.8645752636203866,0.795663744731905,0.055866269159623366,0.0363637862826138,0.784827752771732,0.21186161143689378,0.9331876077390338,1
-0.007345484508806434,0.8753962677531641,0.1335628674487878,1.0860300743625992,0.6293611933450468,0.3556483560066282,-0.1031725982823925,0.9312765596808887,0.21135354442335885,0.8837907801459154,1
0.48054514407413473,0.21177989229522118,0.9879900311621287,0.4234982896261278,0.6867016708652509,0.2869085584517758,0.3487981280989293,0.40172813383568984,0.769947117579721,0.5534476352597579,3
0.7077922351342057,0.1659912692351249,0.14854999626500165,0.7646323577003445,0.9963054844444263,0.16389837450099567,0.07958140508976895,0.6106169825277991,0.7779775041148138,0.33214643187050596,3
0.01278198137708861,0.6151612589059373,0.8128591678708724,0.22597438355181582,0.7303060481730705,0.6791274022334859,0.5299567314305366,0.0813891361285661,0.777700549337596,0.018497731410004072,0
0.26214990922073655,0.690158626110208,0.6178286723431929,0.8085327959479616,0.5905358720051042,0.6848751945667598,0.9618935803017167,0.3899833489206606,-0.06178805158912576,0.6574661700113463,1
0.9498045908474582,0.897534238587208,0.07684417778777927,0.7811661038487513,0.6262258317532237,0.3425023183116126,0.9233556438513086,-0.04761892629614588,0.2981500610663268,0.35243340576692883,2
0.6158539521724983,0.3932112533778413,1.0997159590558874,0.5726600339139453,0.6126023138840776,0.3787520464584159,0.2958126321707879,0.46651440667381755,0.9473815072542839,0.48521302492423585,3
0.0327709180177773,0.9186650279941169,0.3162561948483129,0.8606380734606165,0.7465736096818978,0.08609840106744832,0.02398077384950048,0.7058049369163297,0.21299589492506735,0.9624340013443519,1
0.3870836539449878,0.3531078580972323,0.5226875829069673,1.6608580055039557,-1.756021303379279,0.2085357839743451,-0.7051670854837808,0.26193626664064584,-1.4277980786662992,0.41798600347609927,1
0.6579574223925222,0.8752744373586947,0.38494657405866706,0.4986251190076907,0.4343595256839331,-0.17331654670533556,0.5353276547829737,0.2875453230469037,0.6638429902689233,0.5513098337645888,1
0.8858673431399128,0.25724024118192695,0.7884927666269391,0.06145535082946449,0.8501223573945869,-0.02379913627555607,0.9107128859865106,0.6000003359427117,0.2634151857663894,0.7774053269162035,2
0.9688386391046946,0.9951437409912798,0.6489802671811139,0.0016097424100871005,0.08906213152490298,0.21834955702087483,0.03338486307534355,0.7568783385299129,0.9873336587158108,0.6907884675163575,3
1.6078280130662725,1.031199258166872,0.44206639945688847,0.6852414778691607,0.6292844363607613,0.47655845952287257,0.7637409528423097,0.0014911363101293984,1.3236333873916575,-0.043865827259333245,3
0.3616832910568459,0.20579067112770558,0.09525369256138291,0.6651793522061131,0.5271672158698564,0.3328290927306908,0.7932354362446142,0.32834363173714404,0.059751090526743766,0.5865759761331436,0
0.2451797823747056,0.4204812837826239,0.945831454661391,0.7226428068908147,0.008752041192008071,0.1709163344628842,0.7631126920198557,0.6144636659100435,0.37651921001094774,0.799663909866051,2
-0.36712775002046005,0.6958156222898865,0.0688555064744808,0.8657315764177236,0.4327008692216271,0.5983018607699973,0.3869214808614917,1.490270237647736,0.10537073565624877,1.013783986803605,0
0.09106003102476548,0.13813274723266622,0.9731317241536851,0.698870810249929,0.029584761285933812,0.4408106990260471,1.0129747130718685,0.38963779466828635,0.41875256443053166,0.6431615514487125,2
0.8699389065463191,0.3099483704008578,0.717311779047651,0.02805455931899495,0.8896171870611898,0.01557947229708073,0.8776621502243479,0.6658798273040841,0.2236144140683567,0.76101127209458,2
0.6021409506707526,0.952057772159786,0.5999263191570262,0.44332875187522874,0.3039039218997319,1.0734946707648207,0.33059486170610664,0.16811053634659862,0.46015867854906484,0.1563524419385618,3
0.7154500153798052,0.2595168203386685,0.9200272479959044,0.3743508612131064,0.6868500563941855,0.3755674616277574,0.32718754390127236,0.028235010882513862,0.5455622073306727,0.7841180885701031,3
0.951250581900478,0.9122634138074479,0.15274729554979524,0.8112696044416906,0.6002854081544698,0.2949736450538081,0.8399482670559807,0.09201099058934571,0.24016652653341292,0.30416398617745993,2
0.49193070395219485,0.9388468076494377,0.23059256792961919,0.4274884057715431,0.6656346111110936,0.1367974755252774,0.9596072099235196,0.4892149511827466,0.7720573536871752,0.8298164426339132,3
0.4660378696797075,0.022862387269205534,0.7791422700233241,0.2476661977315896,0.25782175998206225,0.9363164053451795,0.4619906501084123,0.7781168979866009,0.18458895265705158,0.7981909702176047,3
0.5425125418830778,1.4253242219917581,0.014836444670930149,0.6386639482946276,0.9363676267676626,0.30274302849007917,0.9519400118278305,-0.23696399696056697,1.0884697797114493,-0.3750920797601871,2
0.008747142273355386,0.613235705480139,0.8195970961945074,0.22898001096127826,0.7290852381292108,0.6773902516175133,0.5353898335364975,0.08122531123811427,0.7759435155312575,0.013686305741595598,0
0.8756648539460408,0.8644033074020475,0.08894614903949358,0.7647948725168918,0.574806033547517,0.3558682006123264,0.8592375846468474,-0.014621263097142852,0.29194158616958393,0.27193987013786364,2
0.9304148678160165,0.5587511343099151,1.2388843643475531,0.7930101673036949,-0.09120258112888491,-0.7828362393748814,-0.6453483515467754,1.755223644272654,0.3838609369230869,0.1929151602345786,1
0.966303791070001,0.13308972459816026,0.5658589327272828,0.8682382804224412,0.6877363520284662,0.8389263833591619,0.22731916026599094,0.9249720786679708,0.6443595423847086,0.2540533943608678,2
0.8573368688281917,0.037524649180787545,0.6438349142733569,0.11005141163899683,0.13204131119920515,1.0770820365012554,0.217124472936856,0.47886046232604595,0.20826413848769745,0.8294239848716598,3
0.8567052590504259,0.33281769989708404,0.7389455692863376,0.04564528953565417,0.9105320534134075,0.029752777425295234,0.8848935035141705,0.6413524836286449,0.2300196305211337,0.7795415119921004,2
0.5438888525748123,0.8103540213309721,0.34219089191675756,0.6987663268133747,0.49459798718631215,0.17344229774544373,1.0173891775074926,0.5660895574108911,0.3127564995666525,0.4250107532681143,3
0.07532707014975733,0.601906485587793,0.09587597905670031,0.36832504627299156,1.375496159741007,0.5029110991568496,-0.211169833469823,0.6721940838676894,0.800754308005073,0.7076738944964517,3
0.458118459331871,0.6138552395076805,0.7480791055563041,0.5258073047262074,0.8297648979319799,0.49431551082121455,0.8916648265208184,0.33867623049671935,0.052344044625323785,0.8786623519159442,1
0.9526372938279015,0.9824619927345238,0.6429845558624018,0.021370576238778374,0.08988550359605384,0.2375281894134584,0.04830674723612857,0.7362118777596425,0.9738519176075228,0.6984342792152336,3
0.5596648909812477,0.5900501719459943,0.20523140805953774,1.089723646244301,0.6700990948730396,0.44900970743630464,1.0198674160276266,0.5504851963444432,-0.3346673489681242,1.0052457867706412,0
0.9474833652008845,0.1674094765445361,0.7263089159273926,0.3590589503744384,-0.11309936333144177,1.0240360280861591,0.22312774050432693,0.3827048489521706,0.459641221336136,0.9437788984642644,3
0.18861142426234473,1.0730761681628131,0.42341734182690305,0.3251905549989676,1.356325392104306,0.9109239857090538,0.5355587049506301,0.22870612783466182,0.11455924712868035,0.08052894051712756,0
0.833129572799254,0.29534669502711375,0.6984161246828476,0.0606710379972934,0.8850836362580804,-0.025947991577736938,0.8198106585058539,0.7015567107974805,0.27828429044482134,0.7422953012616041,2
0.000454791393496648,0.528411435436947,0.06082611449731246,0.41904111341768857,0.6723665578036132,0.4514010259010729,0.49393545864832866,0.4463013333226486,0.23120209882578263,0.3531266457618963,0
0.8553650775563866,0.9350333566592222,0.2498660470180453,0.7431248049661789,0.7088981326566903,0.3062012334405461,0.8399028402141736,-0.11916312416073721,0.22487487591543487,0.1690273782239861,2
0.6989013310148782,0.2697425382287839,0.8980144786031881,0.3714038231918338,0.6889032606050737,0.34899387611203747,0.3136322344883335,0.006084688968982857,0.5321403511640322,0.7865854606699841,3
0.7137765552420307,0.24378736201402823,0.8981537071322993,0.4046674465316123,0.7145418030279193,0.3938916257625057,0.2951372246202948,0.00042170317836893664,0.5517325051959115,0.7610209676422495,3
0.9852209219028591,0.5295666915312333,0.7271822781725158,0.3344404908312278,0.16275106192100697,0.8885999411796842,0.35824625283193223,0.052080045561454985,0.6540034981207024,0.965808084369828,1
0.7555767334949508,0.18901144754222476,0.3154331370551394,0.264173928836573,0.8208582165672482,0.890016947306669,0.735133774950342,0.5534763785469147,0.8047731662991358,0.12010543643087106,2
0.9860091686719027,0.09140499333291247,0.9298084268481569,0.26961336037194156,0.4406835357821754,0.382803610243917,0.4329214117511979,0.5700751366955294,0.4380128339771702,0.3396012639758702,1
-0.046430723403801,0.6282510797943067,0.06074812708066041,0.15693665860351905,0.4344468717222479,0.7596450555285807,-0.06750468684049898,0.43970048636526426,0.1180369027660067,0.13513740843037567,2
0.4195606931106492,0.4875733455855969,0.3691089783731718,0.2828516109832142,-0.05768840025252417,0.18531755227117477,0.8562310863287923,0.706844364519829,0.6690265271723717,-0.15024929536976195,3
0.5768401254706996,0.76064228893422,0.956108679282832,0.6912182638247664,0.4066644511529413,0.2258110423335044,0.22980769313323093,0.9767086309031628,0.8223464272702802,0.7490171073776329,0
0.35973370090945284,0.7873019484402942,0.9923745739805527,0.4235939129158933,0.6394163383165532,0.7350389184737445,0.46429168437965296,0.4376566240975479,0.7889740959276713,0.3970959943954162,2
1.2151369809811015,1.056107785479949,-0.17784116630124425,1.1176175748318884,0.7730543110034945,0.1587086223426283,0.07264620584897963,0.21289966722693304,-0.07221912343088077,-0.5058930523163854,3
-0.02480531215958348,0.6113520256935927,0.5244070612341457,0.2560098050232136,0.28347606007868187,1.3195127629141223,0.3630231462155835,0.2711203716424383,0.13146829989255035,0.5269090092219311,3
0.6616763679062825,0.48338758951016825,0.6079022680238193,0.6715402319314235,0.0631976053401344,0.5168257438490047,0.7527413367261817,0.5249496731361186,0.5563789547606346,0.0824347538100371,0
0.4512454449539249,0.5103605845448318,0.10795203390207375,1.1891084092407243,1.2824666207893873,-0.8228019069285445,0.6852660256135499,1.2709159771164542,0.10483846261434968,0.3303109812178473,1
1.058920330038012,1.0989794471742789,-0.7020093282756967,0.4687444092949931,1.4237298570001309,1.0316646790236685,-0.6739167311545525,1.1180864635850059,0.8841695430515009,0.14464597236853993,3
-0.20477475794553657,0.7208766471626125,-0.2635752037479972,0.20574750383855148,0.8540889876574098,0.6876286670436638,0.5672303985481781,0.688785878532439,0.21730804388017425,0.21884246474151658,0
0.7824712142356096,0.5492873434211607,0.28185272874383993,-0.1378499172924598,0.4024889537461851,-0.0931428147343718,0.4359241968349868,-0.012634102691877515,0.364476542827992,0.155443991976964,0
-0.10441563566260355,0.21153023470546695,0.5864623868750741,0.3806276931837519,0.7537101085141351,0.24626069474921297,0.15399499888417942,0.5188875621064963,0.8310136238514932,0.9370016765528673,3
0.26051891812124217,0.7022684227763544,1.014729545657887,-0.1746168149610895,0.9035461023107458,0.26607242450576546,0.65652216271952,0.7223315067757159,0.2789098304550944,0.24793765167539553,1
0.5090133736674761,0.8350142300822868,0.020365184773259007,0.39233319604618433,0.655015518539499,0.21888305266331423,0.8978463614074853,0.3528275924072521,0.7117205322308432,0.5167112578847691,3
0.4531273196327885,0.6969410999363447,0.7111919055243524,0.3950735528799612,0.9006365589183315,0.6971895469995761,0.5151986276169643,0.40928647622339404,0.6198942970007704,0.4748429538772836,2
0.2676557374745512,0.1647145261043747,0.20572539163441617,1.1608008381017405,0.4202658728748906,1.0353022987314144,0.527108684468652,0.6602445750879015,0.7282633205560722,0.5881674737944119,0
-0.04338345328029902,0.20089146450088852,0.4538399309612028,0.9354758048667812,0.24130865735059098,0.6725998414981156,0.6181948480676118,0.45800967906708784,0.3719186829084245,0.7529146728352245,2
0.9887889087664374,0.4529748406162903,0.714815234372203,0.36433604450154916,0.1526070216496507,0.8254619583537119,0.39515069686680104,0.04108002593293823,0.6410084552218455,0.976672820141491,1
1.0038371091959926,0.45986432802814464,0.7522017540409887,0.2771693462979639,0.02275848526782437,0.9269217978920328,0.4821219063545777,-0.09812791981820883,0.5684995346798356,1.0808407197916823,1
0.3853918731111018,0.8253680032981361,0.0049525804347148455,0.2619446198738269,0.6420178039295578,0.12210025487590856,0.9442702737529803,0.3041179097760473,0.6510614502276485,0.5958762123633908,3
0.02779119747292451,0.29734954270515385,0.3274732549200572,0.9042113386322388,0.4671668116460409,0.6871736575281385,0.6128762488985489,0.7601603328401951,0.5389786141418461,0.5772592542861936,0
0.567317367228878,-0.2139350387588937,0.8591174383674614,0.04752791134398643,0.012835247309680012,0.76468509813139,-0.048632226255004324,0.679538761920917,0.37911808834362193,0.9190057703328498,3
1.2005845478214179,-0.6756340295332722,0.05318565487305796,0.6705054092587434,1.0608938810070299,0.9910285056455621,-0.6768172356108589,-0.16149513512890812,1.3719198388489118,0.7843879896985959,3
0.7248421371063339,0.03009957602707988,0.7354356426866134,0.2558748334329146,0.11099619844612212,0.9777730771073895,0.21280166634917658,0.5152032204397673,0.21348344887997975,0.8953899694204396,3
0.9320347992789164,-0.009711959134841824,1.0676204076413125,0.3243012470893876,0.26467133480918015,0.30349810046026593,0.47973855512952684,0.5503901441571022,0.5212197828775935,0.39467058244331144,1
1.3224016986576013,1.215672534067747,0.7815376108654628,0.6163327749966715,0.9371397581397005,0.11194464157601147,0.288355838181911,0.34232272317042145,0.8125579379176036,-0.22366623624137355,2
0.4164453723647113,0.8154967048313452,0.05779748337233666,0.30685292767749706,0.6510165570879247,0.17296346114552993,0.8832119331975987,0.34850557129572063,0.6802297942236448,0.6201518923422061,3
1.1470099597550694,0.17945301463810018,0.2659303939177765,0.3487971360621723,-0.046198924071682496,0.09522482530541679,0.08600259270784173,0.2600049629569119,0.4711056078695328,0.8949601104684055,3
0.05043582944365415,0.1750683377642288,0.5424836909249587,0.5169280588763521,0.8646088285784378,0.31583469294500555,0.5237779108852617,0.7348002963710588,0.3975646952248891,0.17161130970382815,3
0.29226481138972826,0.7340000208614015,0.05873937227642703,0.9686238256599504,0.23413251347055114,0.18958406837357267,0.8827942133649583,0.43688518892074896,0.9306302160464013,0.28992918093450026,3
0.6483716578452637,0.016734169654047917,0.08257902426116616,0.8745270596498167,0.9387442388379142,0.1311915120817744,0.026284189672865922,0.5700322879781643,0.6843672423706718,0.4146569266375764,3
0.7811781288963917,0.3237673030135112,0.9799890875174243,0.659817569587646,-0.28161710894830194,-0.39397563976436867,0.26778797827145173,0.6695912445909208,0.2004317227477468,0.6231921632669564,1
0.793349450297742,0.21003987217846098,0.28786339463346816,0.25996338644758854,0.7847696216270109,0.9284715291578256,0.719197885034171,0.5574394972029757,0.7775625209807392,0.08195216420096296,2
0.08593994678013821,0.13682890227780403,0.5341296502875559,0.49805335703984105,0.8624243011417225,0.34235943443004524,0.4944112096235301,0.7163554640817635,0.430047713643939,0.16992290469115737,3
0.9936835260248138,0.44571339481638356,0.7969104643749755,0.33964433581171316,0.057669516774462186,0.9331171057915091,0.3565982918513664,-0.06959238253621201,0.6373042415997454,1.0324194260918915,1
0.7013562784785053,0.7750009615667186,0.36513639615096727,0.6884786297970924,0.2717859423030696,-0.04160389825118174,0.46667454753466164,0.14797686917743413,0.5003019895992766,0.6946924546399148,1
0.2786129826534106,0.6016638187833199,0.596397093466874,0.10716814320591027,-0.30042042363275284,0.4420890208311813,0.1986893077934787,-0.019405365246756033,0.6248222316483056,0.2982733125407319,0
0.6294853118459451,1.1355603680667992,1.0369493030311503,0.3128308408891795,0.33304584598587783,0.5590133553362244,0.14872932107057682,0.12245399369605266,0.9231598535793611,-0.254027883187029,3
0.1393148870792032,1.0004141781047562,0.7261760733172852,0.5488995228008016,0.8296753350516481,0.22908045252189374,0.9417872429423674,0.38092765561319314,0.7007634770729166,0.6826280784258049,1
0.8104011716052533,0.5952746970823226,0.7798503540831556,0.3682578491460482,0.6522708526081176,0.933194909595965,0.26663930812200093,0.1880737073974203,0.1847635311568977,0.882825840895628,2
0.5165033496396061,0.8283318621963452,0.8663117979983761,0.47457220488411894,0.7545299009851937,0.8142394231163744,0.5411839259708718,0.3581228106379091,0.7310159976060542,0.47686158047117433,2
0.36236231691828935,0.07668188058616562,1.0983514271108952,0.348371411824221,0.8245627008840388,0.1396452845199605,0.4540676755125766,0.26740978395181225,0.8526541437769299,0.43623664716902066,3
-0.13850863570665597,0.5844021745612183,0.1818202331418644,0.9212137793729153,0.5405304826126702,0.882753614847731,0.4329963476705545,0.5141708397063761,0.3426660724454383,0.6598889922106286,2
0.7976677939672618,-0.0006954853446056106,0.6769810579228013,0.1866391030921792,0.12428771396945201,0.9573976012464885,0.14528364123535237,0.5641580501333688,0.1292996454866579,0.8868348732413653,3
0.012367039468615197,0.614101381301223,0.8142992419647771,0.22719105078850965,0.7298395709969412,0.6785418740064013,0.5312308457192443,0.08227677864466562,0.7788732681551115,0.018991912853127943,0
0.7743876661442376,0.198131695805121,0.31161821129031186,0.27715473864245127,0.769232881771791,0.9161162225121405,0.7201821079333569,0.5569378536285281,0.7854884670180587,0.08407160563599564,2
0.3194806030967484,0.5324765493285616,0.3646042495270957,0.31584703592464586,0.03173001808990111,0.4972358846004268,0.1541329505577127,0.9966873212441653,0.08660984278494124,0.36625447688839347,2
0.04420572855355796,0.9403101092208319,0.38168827461006916,0.9000845334222906,0.808165544104009,0.5096268592626445,0.8501325328011573,-0.0974950717498656,0.3369490471787862,0.3502745511017602,1
0.9791403866644653,1.204913243692841,0.6952425043905056,0.5605613831524537,0.8635869405256141,0.43684925762690285,0.6753243412420644,-0.07586867117777468,0.7787950518927652,0.006776395775767413,2
0.172876926530091,0.9267668723918078,0.21363459806965618,0.9260213723769517,0.7625887555229137,-0.055152107818313936,0.13857772155923323,0.6960346795971452,0.18723123222266103,0.919742337698352,1
1.108725291231226,0.9498487657195598,0.6817886158280385,0.6022585980085902,0.8234014598718028,0.41702568650032695,0.6637805411032012,0.9672727327472883,0.6112779123665008,0.4923969433219792,2
0.8751888094370511,0.3217522216833797,0.7034336886573237,0.036144324672110366,0.8806199242366867,0.013797755545219125,0.8814089967413986,0.6670691461973212,0.22557145311208945,0.7604461939867897,2
0.09138596280732803,0.9096300272515557,0.6788512565232421,0.48501314971369913,0.9686060092593611,0.27424286442944834,0.8253058566716213,0.4145053779966682,0.6202357809724519,0.6857926887555842,1
0.07629570533695659,-0.05679930718198717,0.3682371371935532,1.0095715295489331,0.25892769741289046,0.9388201233211197,0.6527561871044618,0.054796855752741624,0.0668057307859502,1.058420528624106,2
0.825228872270965,0.4707083793468136,0.4368036179595739,0.6130524078434223,0.13708655763532193,0.16582318959530354,0.5411928630629073,0.04245687393734082,0.6037294084753816,0.7350763256890331,1
0.6753112968932522,0.252636242380101,0.8999477678070619,0.3694747779369186,0.680240457881749,0.3470124454713145,0.32671648730738095,0.06157010247109909,0.5242676286394412,0.7857177508338583,3
0.010185630769713405,0.6136377166429615,0.8153279761499684,0.2280050808304005,0.7274086727965375,0.6812204111779183,0.5311856998863389,0.08146497548160646,0.7809453960934328,0.019393292041801374,0
0.703511809425759,0.07054612283584352,0.5521926065669539,0.19859140112257945,0.8471254069815961,0.24658120352450083,0.5655759561045713,0.31284452869739376,0.6795201599874213,0.16752822076986043,2
0.506304514826329,0.8211556463722025,0.876387419680719,0.47962679312172574,0.7646154930909083,0.8213364926677464,0.5398126028438397,0.3606665375671734,0.7380583128245589,0.46668287982885664,2
0.4177954289310503,0.8116250621758243,0.08199748155054651,0.30253401073804526,0.6678792380677773,0.18810458454062762,0.8579860335921324,0.36285316187223665,0.6545474591830098,0.6476650827195449,3
0.9273938262710961,0.31602347357675686,0.7107199006559786,0.06406992474784659,0.8107080850237067,0.292719530590155,0.7904437826307983,0.21361129229799328,0.3524024970073263,0.041495826431057176,2
0.12639064226487212,0.11666884162753795,0.5344475896601026,0.528251408372259,0.3040268922836319,0.5015914911535071,0.9563758074789735,0.8150337551570458,0.7395731677890425,0.3549298469022518,2
0.6702216320415001,0.035994193817919004,0.8004003692476086,0.20909803795175697,0.10065636411914564,0.9643386393721985,0.14884551600555213,0.4668122090351738,0.2047142222163527,0.8282125486864085,3
0.9589190794980145,0.6903085015866879,0.5556369914844951,-0.3482228607566723,0.41588322416668344,-0.2742733043879933,0.3128032063440183,-0.41292135147168624,0.3182006428484917,0.8412566009579201,0
0.8885630774878087,0.9072393570828897,0.6398492510531615,0.6951799369679591,0.8122546600562205,0.27342515031140113,0.44634698968541703,-0.01085859398972909,0.9795624714621994,-0.03941539798071546,2
1.0164095304635088,0.12836224851696867,0.9505722970969912,0.330070410516534,0.47592307960789565,0.44029677007199075,0.5171374885705395,0.4434151180556143,0.35515989474036636,0.29820205793253,1
0.2786713265259134,1.0705289414166141,0.8763754864075618,0.40222871927549464,0.7406511756027658,0.1949763881666917,0.8950007020315428,0.22990718412200628,0.6664602138174095,0.649998679150584,1
0.5290237977661224,0.8382423449597589,-0.09114662319402156,0.5161863290035027,0.7333172107442317,0.20673887702634636,1.0122942026994965,0.41557559596860333,0.6177312360691404,0.6469362160730056,3
-0.01963578464636106,0.1333745156582425,0.38649623308422354,0.24881228282371642,0.8751412112444,0.34168972531432057,-0.06290971865655061,0.6189765755605119,0.8636533082723992,0.7735756587435773,3
1.0931315895084153,0.20803125476040008,0.4648864675498004,0.1572708563423379,0.22035016703338683,0.745647050008966,0.5637641748554848,0.13535885736129005,0.6405429826649409,0.7988521461130738,1
0.8437582004709022,-0.0822383030535131,0.7324428867328867,-0.196621775080685,-0.3584341718631177,0.7828312038815615,0.2142834195447626,0.35491146046393196,0.5203598955411568,1.7535522482658548,2
-0.31864891123174266,0.5325946962744696,0.4585940555040694,-0.0811802370498187,0.7243287766955344,0.8831448389317755,1.0048079062274795,1.1492867542880374,0.7769477000463525,0.506871727530211,1
0.6653211217440164,0.49283260067665313,0.5989710555978157,0.6865101930230919,0.05375374085577508,0.517403778236808,0.7544677526940067,0.5265305640812515,0.5518498713300773,0.07486754556636788,0
0.4400859112886035,0.531564779086345,0.768307198463048,0.4508951196654419,0.8467481843784829,0.04083314290063439,0.4194006910781595,0.41625744703763007,0.07185393562042042,0.8019668277446603,2
0.5797529244370676,0.5695277910218101,0.08335331207150168,1.0954254656892786,0.7233197574298167,0.310878682405993,0.20080495067142146,0.8576689703624475,1.2985387839304061,0.0017199198731853993,3
0.02571971054841543,0.5631145601050072,0.10602843626318173,0.34443238788439495,0.7327785491158437,0.47764575865301606,0.3245754412720102,0.4073822177724956,0.3283800601780589,0.4836197637799481,0
0.7535157096405376,0.03005224995275619,0.7488461897201941,0.2550818839496161,0.11464062814192048,0.9774744641665405,0.1651580238166211,0.4666901794691761,0.1967796131949171,0.8662794849190173,3
0.0042950653361759905,0.9610622342570956,0.6576058183952702,0.48618664674858286,0.6166276300709397,0.5397307239235871,0.9629807673514541,0.6196355906787651,0.9710864395357068,0.8932721424800434,1
0.5477460092677131,0.20941124260728106,1.058379684255637,1.1178078287574404,-0.01402224459022601,0.7494951568156354,0.061497780378317136,0.5396489878779289,-0.5554184250078963,0.46435273333197424,0
0.05407291998969377,0.679169521628816,0.7545865371510807,-0.07170876098344349,0.9775234031547173,0.3679061213027136,0.9020822309292608,0.8219567136310635,0.35913223996130783,0.1127191612317125,1
0.8922771481476292,0.9241430773780175,0.15859823804098838,0.8097455475586928,0.5954795716861776,0.3229128404110802,0.8725231752131423,0.022792282546215372,0.2934974005240388,0.27079130317380695,2
0.2214070943761618,0.7130923974798057,0.05758624215295023,0.31890494304037453,1.048298892705151,0.20693065182870998,0.20858471960904496,0.39943885583066224,0.351148620654134,0.5998427399717637,0
0.1330774302650523,-0.07055768900924844,0.6682328909717046,0.23733727972982824,0.7050118983133601,0.4522536204568626,0.14933969034376307,0.6134564352771473,0.9502013233879223,0.9225347090592642,3
0.12624881401087668,0.4309581030723365,0.2476505162181436,1.0861099276476787,0.4386361922162795,0.8483031692616267,0.5525173159287573,0.6841010512563671,0.483442031855734,0.5847409769352478,0
0.9188847077041458,0.7641080090390029,0.25693128007262567,0.6109529947030075,0.3908731689101872,-0.1387030122669483,0.575207877667463,0.10176427299378994,0.3770741027052059,0.8097972620104064,1
-0.26678979713041195,0.13506996643126887,0.4892958939350253,1.1316521052802133,0.7492314412518123,0.02158370970535589,0.5770862634909566,1.4547834988251669,1.0005381613233144,0.05239064447088998,2
0.06233919900860077,0.1489682050382351,0.5215458041526183,0.49763783086524965,0.8800537430395992,0.3391617303925468,0.5097413792046902,0.7350911743032201,0.39602000775663654,0.15865127526892178,3
0.5346912035844855,0.16837715972908582,0.7129196110522928,0.2418183885485255,0.7009401986858311,0.30047850941274357,0.6944712783944214,0.273810870235619,0.6834160718053657,0.37107518879198576,2
0.2747123426883877,0.32718255891344994,-0.07465049411529223,0.6668034316368842,0.7300189542147734,0.16465590210932718,0.9958399832729689,0.281990424790797,-0.13822881426542255,0.5757138840451609,0
0.34338170040742816,0.7690827365899207,0.6640670344009104,0.9569890625053311,0.696268410048615,0.47233418868687793,0.003446783462263875,1.1647407657476154,0.7406402730783388,0.7281998604969664,0
0.6034357978054071,0.5584019585784619,0.2977123351660059,0.2838116902303867,0.8212607685655412,0.3418694072997754,0.3630678462987019,0.06920035644834094,0.23480804232161423,0.20709525930725164,2
0.013328112153729527,0.6130352018649426,0.8164195541302026,0.227133635897825,0.7345105973970241,0.6774635799058292,0.5325505627309509,0.08462975106020967,0.775102140593963,0.021276047824205776,0
0.8967060300491476,0.32987311215030596,0.6982048660059236,0.05104189404761443,0.8701193423757674,0.016689376353208878,0.8729008569206853,0.6318481993724376,0.2338318038721029,0.7433799395583887,2
0.017327511985883167,0.6099618628791986,0.8123677277546373,0.22340695741554967,0.7315754831205484,0.6832903372849227,0.5302407007906607,0.08164209926329379,0.7770495960113881,0.01882988151605748,0
1.2822758346264136,0.5238622247107485,1.4363928446936076,0.38528658510428204,0.8469400157852904,1.1889295684920143,0.8409252247715282,1.0479797133325048,0.25679753853363646,0.732900585038202,1
0.558489295208758,0.8651603618153543,0.9046838790300982,0.43946243401201673,0.7557835405968635,0.862665049308033,0.5200623579896715,0.39513548527758635,0.7559947660934841,0.4677973199301338,2
0.17469945325834738,1.3193731321884552,0.7090455912654461,0.4919129467430343,0.6125051930874303,0.0836464738942953,-0.25887831384752436,0.9051193888263479,0.5640976754728617,1.3669778354378586,1
0.8544009117168359,0.31737806983553024,0.7349616857577781,0.007645204906654327,0.907202083379378,0.009193052769153446,0.8923713053928422,0.6636844151659304,0.24058021532573834,0.7792219427802939,2
0.7993483311061621,0.20319209560569185,0.30620830855139197,0.2760933655520025,0.8051623564246155,0.882221909223573,0.7059834758545459,0.5473444728036043,0.783310519410528,0.11408282233952667,2
0.48626746474798455,0.7952120442113647,0.8425833996356986,0.5187506421391876,0.7656764114682564,0.8021017854761883,0.5293799587933863,0.3887100479170765,0.7089142140520903,0.4237951143650637,2
1.202806859886326,0.6027093997653352,1.0298602415494873,-0.2362941479479692,0.5125145488297449,0.46520878744851485,1.0420450950603342,1.234067193586601,0.4295203700388304,0.2900891396754515,1
0.08105212621258699,0.3328667321730466,0.5224748179485521,0.8274110413682373,0.5272905662239787,0.9991465452355237,0.5562011918260773,0.5751923114363823,0.3688395074591256,0.4910846046505765,0
0.6787538043461313,0.5988225379632359,0.310365176068527,1.0359327932400997,-0.021453717390570226,1.2103857503640183,0.7438352287599432,0.2082275344833202,0.8158708919735604,0.9874428354171401,2
0.6517726159970754,0.528914477416972,0.5764889717383934,0.6705975131321695,0.02514939493635033,0.5354834397607285,0.7507324736495954,0.5419691217280643,0.5595343771545657,0.11019973204771037,0
0.49002438338905707,0.5852031237432507,0.2913111650648656,-0.0698101688472349,0.05341430859241911,0.3961036558379227,0.0061639643691118046,-0.03358090717646299,-0.009946533021502169,1.4387471034478407,3
0.7589270342682208,0.025335486575775515,0.7667135043225478,0.20755468770605,0.13320939199640863,0.9103425433947225,0.20727996983129404,0.5116670372853759,0.2390371450249585,0.864014313216711,3
0.24232280286855593,0.04721707836060185,0.10604855091953529,1.260144429940543,0.253739248967487,-0.02829862362524216,1.4130448463163283,0.9776930631114721,1.332124699528761,-0.06545902708987628,3
0.9351251156714198,0.6447546424279254,0.9551234453281626,0.5732209609406159,1.006856485091486,0.549056211553695,0.5933521005989897,0.6742755673727865,0.42495009514163623,0.6705649573687653,2
0.5784851191944639,0.5347484066991518,0.33537040342933894,0.2939038131931001,0.8231997857232134,0.36454970153713456,0.3867245850953117,0.06743044645817299,0.2500795592839102,0.24304300694925582,2
0.8962411508469873,0.0028772570733064384,1.0711975741265334,0.34729138452003344,0.5187682311097848,0.35189959204553706,0.5229810628808044,0.5936730775373501,0.45338421830075315,0.5151359460229538,1
0.3302421313769218,1.1196826834549845,0.8294689233879188,0.5140350315699055,1.0674100098576798,0.40483673132359865,0.800868632984723,0.6691867161716369,0.9109334026624857,0.42042645041450255,1
-0.5936147823471755,0.021255360362503417,0.32343368662833305,1.2603973853771822,-0.8050485376944668,0.5757807071349513,0.9352687655698528,-0.23966547384051262,0.709007783523188,0.05662905632810053,3
0.7153027743317739,0.2589743134647419,0.9210435540450167,0.37446075774092225,0.6947561198105012,0.36528827579631296,0.32649710284104155,0.021264016871077002,0.536910217761601,0.7834239459239128,3
0.05672759987996615,0.1679610878235033,0.5086221911990537,0.502281173964567,0.9032354714028531,0.32615093506078074,0.5330987089199557,0.7174239140026296,0.41548056439854836,0.18376894394962237,3
0.5397287095836495,0.8142787792461125,0.8778152963274162,0.46993800317963313,0.7559287551307489,0.7981794753112426,0.5329032537787162,0.3607639701581495,0.7298324072297739,0.49784086839234937,2
0.9334183210309929,0.08194627545967609,0.5894218061328312,0.8388911394181641,0.7327102089514238,0.8765136560818867,0.17276193609384724,0.9609635056328641,0.6743297358976788,0.25769506697444416,2
0.6711217200828232,0.5049238264514297,0.5812281890686076,0.6868564791217858,0.09082905329800034,0.5130455725061228,0.7694580722299148,0.5512768546597306,0.5381353282457991,0.06312393997812878,0
0.3428725722829312,0.33371818376356155,0.0762995925689481,0.7402147640058604,0.6564552909725416,0.2692621942810389,0.9371066117320856,0.35796868852179514,-0.03349320635719699,0.39223978150500904,0
0.05922281506906283,0.6823170645312892,0.04652851118844719,0.2536672260601986,0.8520765897656898,0.3950395696258614,0.3627479685440369,0.3499860479272635,0.16811240532697636,0.40063890732989454,0
0.8740705520739395,0.31211128880169026,0.7143737790505343,0.03303644922434514,0.8913446702914399,0.015354595262401422,0.8719553720700102,0.6596958779583085,0.22472973417821393,0.7583073941480862,2
1.162291343999509,0.5447657860816829,0.2750938918471983,0.8739498060196043,-0.09416060089253245,-0.3129189455607676,0.40457662836594854,0.5842283321955266,0.5596207043132038,1.102970368001594,1
0.37473976775969187,0.799064441359764,0.05478234949515934,0.33035217411871715,0.6652465181470618,0.12046743258484906,0.8589214388933664,0.3420538290423304,0.7097637922644021,0.6527459886721974,3
0.4184910521550316,0.8194457592032168,0.053523543043398236,0.30458140082570667,0.6527007886838604,0.17223684865976963,0.8844062318262615,0.34549601982385353,0.6771016219666622,0.6215859620697121,3
0.40665659240759794,0.7927041736562584,0.011360950411456114,0.27341832796186577,0.6394928264595453,0.14834677548326447,0.9380929495247027,0.3800231163863227,0.6889433101371143,0.6226961930212488,3
-0.07375258253783579,0.15249538110550115,0.4453710186334756,1.056748660395554,0.5936955473955209,0.5551096584888972,0.6084502173537352,0.5071041360707327,0.5227421184674003,0.7936747524282475,0
0.9033843854352481,0.08293647512691191,0.5911829405264424,0.8697543104637356,0.7294226888580752,0.824015299570704,0.23708117492981753,0.9323861755351922,0.6198044042960229,0.28354067240362607,2
0.47408158401939704,0.4397311107423524,1.0297680993744502,0.6768222528526466,1.4124487641209837,0.776258806149,0.12392679767021625,0.3690461438968626,1.6288524431734457,-0.0984546761813517,2
0.10146156848824314,0.7752972195770857,0.5938182642237192,0.7684115726436487,0.25896372554427693,0.35450869028983123,0.4039740735759117,0.5468244351348697,0.16117875554922106,0.37648167100410884,1
0.3304840614516835,0.729651375804189,1.2892764121210274,0.6298404540393368,0.33206685645798323,0.5490249980721383,1.0033970456127261,1.0388785513722025,0.36962090857649454,0.21331523985665993,3
0.7284548044540523,0.05006796781534667,0.743886966098056,0.23750784825065915,0.08789015125040994,0.953635421515328,0.18260266761563676,0.4940662180214513,0.2002504167242648,0.8866055506541255,3
0.7376490517054171,0.8272820655975344,0.8093736941747018,0.8354112476481742,0.9247605729429696,0.16080103368849716,0.6932308296023555,0.25716307917771275,1.135272098013247,0.24190242221820007,2
0.2734153564600239,0.5762687395396406,0.34758512187223156,1.2180605991188376,0.6855540514183137,0.4046368966789035,-0.06469782116314965,0.6119950640825171,0.07640408330564846,0.7323130434327036,1
0.26006212666179257,0.561086083781914,0.6680422615843847,0.5833000001543821,0.2769474930004549,0.5792530212275753,0.5458609119365646,0.3819419674863257,0.4020958306860078,1.0366801066769324,2
0.7840195741862963,0.1919553671356925,0.3033296547907163,0.2618010159093569,0.7861485623787915,0.9124392508774029,0.7160878710036077,0.5409822635613977,0.7880296728496586,0.09709035876586979,2
0.8866939365385735,0.14109205449444048,1.0240429128174404,0.2506009688809302,0.5501923461042385,1.2146370979796266,1.0704984281320937,0.2593929041077555,-0.15573965146704294,0.34650614333471275,2
0.21082772753777734,0.7112738568704582,0.3501359486112197,0.6842496468578272,-0.34887614873623235,0.5087629922551897,0.6411064695937098,0.5917631879359788,0.6710828238417602,0.11699651889280288,3
-0.08807564812133173,0.6924256620192959,0.13843474716229714,0.4895945639515079,-0.09978400595081038,0.6778700803388397,0.9469662890907798,0.8831601357083858,0.3617363802458175,0.9152357510997552,2
0.07001215264156445,0.7649543841595877,0.10590638062010174,0.35372110536079904,0.8112654801101528,0.30450488938348774,0.4585512524377074,0.3739658041791955,0.2495811241088538,0.459651697449507,0
0.22621256474118684,0.15446674636296925,0.22570005226246767,1.1887617820825405,0.6888215496044057,0.5402754951144793,0.18916680896117266,0.9931142639593771,0.9014462235064222,0.3406819089516819,0
0.6030294223068006,0.2751076791608672,0.3775107923777733,0.02561550680793909,0.1897638734992743,0.21899528223447715,0.4936301837582259,-0.012044398526194305,0.726961737633183,0.43592760934247854,0
0.03921730181747265,0.2942026175382928,0.3549062945505128,1.045097230724339,0.41545838014809017,0.8244239982247273,0.42365068943396345,0.7648610987147978,0.6152177993629182,0.6481428703050778,0
0.3713890599652869,0.7905077932970389,0.03917750038913391,0.2898740929407063,0.6769580249824806,0.14129118578034813,0.8477260921670164,0.3561339964300761,0.6520495355136966,0.6532822996435848,3
1.0409051810094176,0.7074566196958593,0.6387783094067485,0.6229231238363817,-0.008100222805872165,0.05161383268763842,0.4058146031096168,0.1388840775867876,0.21508755525527729,0.9327052403950692,1
1.215108202478862,0.3171405596910348,0.9380917001218386,0.7167408341284809,0.6970190005222454,0.7270586909572129,-0.23460750354652848,0.20514634170934026,0.5491691483075146,1.2459109999850293,3
0.970423801821547,0.9974895143389081,0.645179132911956,0.009285703296562565,0.095821421351717,0.21924988994462932,0.02730724237533616,0.752439183224811,0.9811058682134125,0.6920871468131332,3
0.7580000544392513,0.05300895288771502,0.7593849290254995,0.2296478386118014,0.07192474555820347,0.9050531513831198,0.14126563709266754,0.5062212770463804,0.24138090228754083,0.8315424831818599,3
0.5491160167817486,0.7398425827785057,0.12150354750242286,0.26300007510418477,-0.14495873264359105,0.1918642691010392,0.732238380255673,0.327276859909063,0.27339800578874685,0.2262696492077197,3
0.5937850464326211,0.7575831643187465,0.8950095082018719,0.3596057975985671,0.519823157581565,0.9117890166953804,0.2950128210906341,-0.021280055734020364,0.5935161925844981,1.4099397894435486,1
0.18557767807098297,1.0614390919631536,0.6667854086892873,0.4486802394840147,0.8606985859177735,0.31362136244336547,0.9074563319921917,0.4667130797039697,0.6823371487767228,0.6087547836910846,1
0.8800095884672745,0.9196500103675433,0.09518627791454717,0.7630272296378463,0.5455244127764705,0.3340736494317425,0.9035240828635415,0.03761479174907244,0.2699798830883746,0.2879046788046064,2
1.013157594903744,0.21734209918533778,0.32945066657457633,0.4066107393530782,0.38897850744250295,0.1318692151789373,0.17481393607622647,-0.07789840141096491,0.1568298228190224,1.0191715862873214,3
0.8122644653795208,0.31622950315082365,0.7548163640309945,-0.01634853622668716,0.8283699199509748,0.03914780302766381,0.8224946526974682,0.6786321104317671,0.19184886508064147,0.8012345147805235,2
-0.3092782406018883,0.4895688322127438,1.0122772036579355,0.7192992689471714,1.4369570874320843,-0.2575232158779048,-0.19990035757651886,0.8360091836245299,0.028302422366861285,1.4226271889388664,1
0.4847643724290947,0.7885927252489654,0.8651098094317442,0.4757340034853542,0.8032045247905014,0.7976904323626929,0.5768206773958631,0.34716948077885507,0.7265764851476515,0.49672280840767163,2
0.7699854692494496,-0.2641350142786964,0.8957925358305412,0.48489087158696365,0.6645305276512259,0.0702040663870585,1.0022369693866033,0.13968969583437835,0.5717909016637996,0.11951600233106435,1
0.37732106622727696,0.8012700822420212,0.0924740086352554,0.3224140363918671,0.6621664227497187,0.20748013731045625,0.8804605517762102,0.2710705337881187,0.707988915258263,0.6878755324696804,3
0.8228905158836375,0.8245564177768492,0.7645931615703098,0.7857288999536067,0.9215364133040739,0.26215192860776537,0.37144926148952406,0.7993991651408555,0.30963937715775197,0.6106502360866901,2
0.27961782083560494,0.710753607553941,0.2693978287446472,0.8555038424763352,0.9943747151776278,0.2518748442753249,-0.1513685493475808,0.8658019320833051,0.0625932220091362,1.1773003714955919,1
0.9359863094867839,0.7406712051268657,0.6743380079333949,0.6646830050913458,0.7689826526186753,0.42492339458904904,0.33167525137505455,0.719601986682667,0.13994034258416832,0.7353401713178852,2
0.8032267451531494,0.7926573613391761,0.799095914881494,0.7650074210771902,0.922481625670544,0.267452887239616,0.3226756428020055,0.760837146357,0.3522228050575449,0.6248199463124996,2
0.8690016281218644,0.7950062012266469,0.8045496281101866,0.8400202702678533,1.0012657195440704,0.3112045706860056,0.4560151395976031,0.8793860727968291,0.35448415280955814,0.5373514462732568,2
0.3199974357623791,0.5303982362245864,0.36727162199043917,0.3161247325387094,0.03088872660183192,0.4989641225627213,0.1541647336622291,0.9941895526290986,0.08931718837114117,0.36644450624497177,2
0.2529049361315991,0.4219787143343978,0.9918439997455697,0.769350387801673,0.06329039067534536,0.19187445520313381,0.7399232824974672,0.5886815750661214,0.3154593640910491,0.8156370317466192,2
0.10764587122359916,0.1766474656664104,0.5345249438785972,0.47040048465429946,0.8686038097603261,0.28703041128707996,0.5522372243695014,0.7003292097675072,0.44121395991890444,0.1272980304009127,3
0.48633638861502615,0.5781364892180924,0.20412372038650964,0.7135926885162416,0.07343729102347471,0.28051133916959653,0.7941501892369304,0.3962433163265799,0.7343230419744198,0.21275248268845273,3
0.515230111584595,0.2161293670390558,1.009276203143431,0.4028686125241724,0.6844505803263535,0.2732568105014673,0.32480421965571155,0.43379425904973296,0.7937666475225661,0.5725882889475457,3
0.011956022657299345,0.6118414321061394,0.8161453888032227,0.22454969184096474,0.7315991567172626,0.6789508221568917,0.5333397679532557,0.08449354002735411,0.7786805474919117,0.019995961595907063,0
0.9978977042419477,0.49102844299557313,0.7405020305693498,0.37191380520886,0.12549591887711783,0.8718427828698223,0.4321270283158428,0.009858296315844043,0.6713909351160613,0.9966128730924689,1
0.37937168370784446,0.07417932370734182,0.4855556236645965,-0.029273045832970634,0.8610142295393872,0.1978892699662349,0.7206716676172729,0.9145602106675259,0.934732806497252,0.08937110924196207,3
0.45246186218338263,-0.1500749982406056,0.8494841979986708,0.351148501217599,0.2503950127525998,0.8554400388734166,0.2710664191287959,0.6640183916505684,0.425927200047021,0.610724564257783,3
0.7598425673412545,-0.053094802870415014,1.1318205334838927,0.18442633241819528,0.3759918123100117,-0.4582841913635458,0.5629388106617482,0.5167122488185485,0.5059768994128007,0.5531377089276966,1
0.05466044809384958,0.9122412521858485,0.30100914921144356,0.8742655078119961,0.755302468062907,0.06891343081747159,0.03553681178546964,0.7262406166005079,0.22054842930493412,0.9701345711744374,1
0.9702254387480396,0.9989412142828697,0.6436378337702126,0.011389789034331233,0.09890626979293562,0.22268916220919532,0.03447302879878591,0.7465770529261736,0.9881419963263564,0.6932177006017145,3
0.840507748088684,0.32034046577202235,0.7109053419799035,0.035906293251456306,0.8911600833388438,-0.012983656304059604,0.8890214416273486,0.6447257780381801,0.19574320787571245,0.7602254786650818,2
0.8714225410715185,0.3025053378621334,0.7157535552502937,0.03399635314542962,0.8727055495098232,0.008171886240499558,0.8832424255739634,0.6698989885336867,0.20588681317132712,0.7395728217947034,2
0.9279888390165097,0.07046976104210356,0.8159550208283611,0.3830583995323913,0.2946793590621015,1.1222392853360197,0.26869736157607793,0.6095873650300047,0.24720640192541543,0.9815493984952732,3
0.5393812141162302,0.15499584692356905,0.6924555248498777,0.26840463713458895,0.6780817995382608,0.2676789792593417,0.6549076568000475,0.07447692590524899,0.6594085508171715,0.2564994308929378,2
0.8823868270548538,0.7444825583489134,0.7416780593665067,0.3751848675266818,0.3983681242346858,0.8976699214901906,0.5175797542286891,-0.08345375911418468,0.6062622817060228,0.1955013224465845,3
0.46718077610934045,0.8997177187144331,0.8139866605130993,0.47358894910749677,0.8214584856385317,0.8541770261902267,0.4961453429700605,0.38723241515697054,0.7259994549951517,0.45773059929902465,2
0.012971614906990553,0.6063848909323345,0.8108237097003077,0.22128963237349103,0.7309426438291798,0.6861802132553333,0.530285354941527,0.08873680115348444,0.7859112438368325,0.013180039807920475,0
0.6927686890213623,0.19153064360223004,0.9227196984540593,0.4064742753461975,0.7110827407622373,0.3227405907652393,0.3501015790413765,0.013910580023324147,0.4944450275073605,0.7620193417315133,3
0.4044046197225231,0.83224936077916,0.0593643391567373,0.2936887868415062,0.6608784621114883,0.19674016522410606,0.8798967697874115,0.32245093699611926,0.695688012327285,0.626671037666778,3
0.5637517177920023,0.8637730862763969,0.8406408071298794,0.5255226192021675,0.7238426616302903,0.830591203635064,0.4883602490044244,0.36525914235088125,0.6841690269496876,0.4760374446345905,2
0.31084938845442206,0.8720363624623151,0.08794976245258138,0.2975136625543836,0.7156695812815992,0.1414516766711227,0.9393327855296528,0.31181311599821804,0.6204655979428711,0.5750685427097656,3
0.702260077974935,0.2955325025073111,0.4192207781215266,-0.06928504077217239,0.32534321921351184,0.3855436122878831,0.6303907797625413,-0.04009940996755574,0.7660010745320885,0.2533841845208018,0
-0.2920605823726098,-0.3461327896063389,1.0054282580421159,0.10761176844073805,0.1337911123023011,0.6852872933348219,1.580435638460044,1.4057859353842104,0.5388117526313096,0.6594535768417402,2
0.8739712281677287,0.31273153545405596,0.7146372642139703,0.03267506477932663,0.8915579668740169,0.01489262202390616,0.8725822846604699,0.6599542596400684,0.22399999579510366,0.7583325937598696,2
0.16460502603856236,0.12942372891278003,0.6325580360404316,0.11681143622623114,0.6869434622898729,0.8412394574110662,1.033011048173645,1.0160065745197993,0.6539364944447899,0.36997220332458725,2
0.7864857956284995,0.5766761396806981,0.7687271696173716,0.39687457379364477,0.624980978840619,0.9366583668645319,0.2945815188879456,0.15702876867559126,0.18082872353964566,0.8733018595154233,2
0.05589173140097553,1.2464529649403489,0.25442054648275914,0.014059535688546176,0.46644139672355084,0.3379700840228711,0.8690393382177507,0.651764107622758,0.6386804025765767,0.8396331933102463,3
0.9535189991933959,0.15602508992524017,0.594366548861843,0.8952641098236587,0.6743741693403529,0.8702127191358459,0.238411746344338,0.942976010805774,0.6562525994162833,0.26027400216552365,2
0.057213647569206605,1.0486991262181162,0.6033880952707691,0.43570613587122164,0.9406478149609545,0.23294937637000535,0.8187540754875399,0.3291498578798713,0.7689819111379127,0.7113026012113501,1
-0.18716562418060306,0.3015384968477987,0.72718681039294,0.6065320446514375,-0.251848424330888,0.12670514139713573,0.8127946122532108,0.5694664804553253,0.6563861673200653,0.13765430769296877,0
0.05215435592381936,0.5668730780773675,0.06438782327436733,0.36856689345074367,0.9301630115018839,0.21724399491508878,0.271926959501148,0.3939699413750242,0.14352600111248145,0.4991132033157581,0
0.3991528646496288,0.5245704695769912,0.9595068003681363,0.6671332865889567,-0.06155503264530206,0.21037820588363212,0.907994694989089,0.7669515145794236,0.5778003062890983,0.6498737150865533,2
0.4066424578514971,0.9431284149458545,0.310320100961578,0.63632205965068,0.49841272046941104,0.3576825123367331,0.5143728346545697,-0.51200319305904,0.3942183033161336,0.9807411503601764,1
0.8045932329697991,0.587844602936665,0.7805198268305675,0.37438479619271897,0.6407035480875866,0.9344633988195409,0.29597894443259204,0.15759337786881633,0.20100479185975387,0.861365594700475,2
-0.2623124317897496,0.13566485973663273,1.0324204365146754,1.226957926159969,-0.2864818176488336,0.5074615256904498,0.7083373048425472,0.7459860729168982,-0.04883037030097398,1.3746909653958341,2
0.922092107552328,0.3435273774493068,0.6873663837908869,-0.006117798587834573,0.9206805524105177,0.021260661549661615,0.8614686334884158,0.6434892750539318,0.24596200189170447,0.7882129924399159,2
0.4951770742987757,0.19150150393525905,0.9941726053148656,0.41057650406749036,0.6782923971085166,0.2956727569929261,0.3519051099050986,0.4169402427167266,0.7744699765576687,0.5725617258141186,3
0.8955552717424251,-0.4404941900911773,1.0023270208511006,0.6045919327859304,-0.8622849900328857,0.029974026589609293,1.1564180485473892,1.2439052415342615,-0.13859638403798968,0.17539389001891625,2
0.8717596502561271,0.3438278991333217,0.7413296427135471,0.011959551755675108,0.9064511688557503,-0.0015273042344807822,0.8731398600695459,0.6902544975321113,0.24618568402676969,0.7758889016391654,2
0.7105857400754135,0.2580946020011177,0.9195536699928911,0.383974619285387,0.69673411579674,0.36355447591931295,0.3365952652385747,0.02828829473894894,0.5400215012930111,0.7883157640675492,3
-0.07470756534111833,0.19707648975822828,0.8551528324921626,0.5492217348512654,-0.027229526874072207,0.8204442644599975,1.134486822866213,1.1863690947908498,0.9750121821406075,0.20702486544965049,2
0.514828045840249,0.23630972846335846,0.3649268201364491,0.03238467045901763,0.14595561213063213,0.14242640759501862,0.5707805035510235,0.006694564376758207,0.6514480509225857,0.3568546039721172,0
0.10644479330810627,0.6644532628619311,0.08663564948046093,0.3125504791410331,0.7045601118804832,0.517200364368312,0.6207845740184539,0.6296993416461567,0.11852124343938615,0.30593647513869215,0
1.0547052392861194,0.9125754938735844,0.5833685629719142,0.5667449025062994,0.7045849648087807,0.18001231075044957,0.4444272654921937,0.09555699957118671,0.929308143894985,-0.028056032409344775,2
0.2892510689164671,0.4390711198834113,0.9893183799291592,0.26834708479569724,0.8246243344796882,0.10839142402311328,0.31347597999437266,0.34560496408591035,1.0176936155896164,0.6722123404414646,3
0.3237721434035448,0.5325754765580368,0.37106510531615233,0.323820406157147,0.026732122241869438,0.4991305069977952,0.15880862149489683,0.9994694584924794,0.08045012969416943,0.3581093024819895,2
-0.04026664546872358,0.19658694392902615,0.6609316203872249,0.7154414652888015,0.33307353650635646,0.3162151463498929,0.848699903625325,0.9684159330247474,0.7608407340698161,0.4406876620937806,2
0.09866661524615705,1.0033006254584647,0.7064506048068256,0.7105476726697607,0.9021727251091664,0.3100524206857861,0.8152566077137042,0.5380793169139276,0.5302073088840482,0.5359716517757305,1
0.948477974723321,0.9288611410945825,0.17996708787195792,0.9031558053988306,0.4122551363024295,0.2239729026350231,0.954169431404932,-0.12577297624809636,0.29916479056915846,0.30802743253504106,2
0.2349987000298951,1.3106790032370932,0.3601471310130206,0.2955094404811951,0.987431105468518,0.004476946489968103,0.5078213749398875,0.5780239278334444,1.4371604124288497,-0.1508259794642373,2
0.06089205021290486,0.1486391070314103,0.5238324650853419,0.49246251187993817,0.875239056792691,0.3410977793050492,0.5163913418766473,0.7360721416493812,0.3965237990022705,0.15509455051169257,3
0.15871655395209744,0.31584912459484205,0.13711870106971003,1.1422994244450435,0.2597967184854557,0.9661389635548617,0.3493432398848992,0.6515406597381379,0.5102555785831572,0.7441202603198386,0
0.9885730445849445,0.8721892564020082,0.04592746627824239,0.8060157346946273,0.5144754736923473,0.252701280583458,0.9483544395392418,0.10974261062261241,0.24891939950311368,0.22759126337132674,2
0.032663468581531435,0.30542341113352395,0.1301414615852888,1.0015299765513521,0.6023073906957074,0.821894716586998,0.6130877100554042,0.8684893611121359,0.4770344195989819,0.8448400419896411,0
0.31381992939490433,0.5948219899725697,0.8912362577933468,0.02522517821804123,0.6024941384967173,0.23317924589854475,0.7329372059348385,0.7265980701669053,0.01646728375456412,0.2603167348287731,1
0.32887436113829815,0.532779113167674,0.3782927101000177,0.32716091172408673,0.02607164582190817,0.4896011392016842,0.14872352529394361,1.0027033919747115,0.08053487895267888,0.35623266976535073,2
0.30559925184864967,0.9305723894585167,0.7168286975446536,0.2727039146744216,0.2322415365164917,0.8472241971481681,0.43056019037679194,0.34763936693003905,0.5088119900263358,0.4147781715717736,3
0.9298914175454454,0.8693939450278245,0.79526364856034,0.6195524477295711,0.0615887879274113,0.4846582298761331,0.07820705424680635,0.6482702129403257,0.14978389075518386,0.47175847387062425,0
0.052146634654252594,0.1462371792322947,0.5263119939379557,0.4882735103633615,0.8817912481721562,0.3359285414829448,0.5035002572493675,0.7467837659419602,0.3969557627938698,0.165940842060117,3
0.48174458642999596,0.7696192276818095,0.9659208812036058,0.5540625300265468,0.7921646009392482,0.8526147753405668,0.4410586229898674,0.43674931871265005,0.6639332564298353,0.3509145573356242,2
0.6022043286391727,0.5323444799428525,0.3085688713849972,0.2986917094311667,0.8416459604233285,0.33339020688541354,0.3554865216023121,0.09587258358258338,0.24777848817362877,0.19258936077734903,2
0.5978206337786808,0.39082284332863837,0.6112616612772472,0.2436403667704414,0.29669640542719145,0.040519251697498065,0.6721579389963469,-0.1772239390691341,0.6686594272718103,0.16834211814648462,0
0.5352483332415422,0.2229944662875388,1.027670182124113,0.36929143762246525,0.6444826241944296,0.3188918010187683,0.385323413595626,0.39831737353799657,0.7669017207978416,0.570274334719533,3
0.7741972893149691,0.18450778275239585,0.31132866893720496,0.2411219518060642,0.7965781769193336,0.8903422825653139,0.7167233232846985,0.552499473794475,0.7982203996598964,0.0673360548596724,2
0.8752753112908993,0.8568127957485393,0.1197176527748021,0.7782681299916387,0.6102031625382607,0.27450516583447965,0.8978479303891651,0.06167243069103459,0.2852372688940437,0.2709645850250692,2
0.2357135830913679,0.42470339828355974,0.8734290370568389,0.8078294313829877,-0.0044170742206007035,0.14025089261908025,0.7987216221672132,0.5535358748128806,0.4391275580296863,0.7621920806465656,2
0.040583980300264014,0.14029458828927024,0.5434947448817254,0.481837791804196,0.8757251516734104,0.3336405036541709,0.5197279509511643,0.738999262055627,0.4144235893025045,0.15992651973341582,3
0.27824833045069614,0.35125805223004003,0.38591179780437856,0.6331926493934552,0.371771838960526,0.8588255351668116,0.7063104328824832,0.76890307744073,0.34840214034590544,0.7209443868075115,2
1.0675619002398724,0.11850355451700396,1.6272739421281033,-0.3404588920111906,1.356355373584954,-0.45186446592536433,-0.23862904144816477,0.6349119667608348,0.4479762488698029,-0.4299963672081152,1
0.4690055215540627,0.09281524458272149,0.16162073323907497,0.8973836199338983,0.8841959601640953,0.007798543559948301,-0.13183953025611853,0.44897320861055434,0.777584407664088,0.3673828239938606,3
0.829210841011901,0.18775932146909022,1.0154142738024747,0.2761979159112478,0.29560825215614894,0.4479792319229521,0.555176423702981,0.6720465110407379,0.710899593180262,0.6096897957014777,1
0.5996896410514592,0.411547685447471,0.38871581892984275,-0.16734864200028166,0.01653979122414262,0.47120970149425084,0.5878462321931368,0.18543625810893377,0.8124252481787352,0.3764758152900184,0
0.1688497407259549,0.8757230306591562,0.7679459755733574,0.6037743325712627,0.7226540322472614,0.2961379846276783,1.0069777780717226,0.3035453000599547,0.6337421267169645,0.7805689061706483,1
0.24227962276108791,0.7914853689172792,1.3619945809391256,0.38474161146945784,-0.3323153893225241,0.08717339633247435,0.2701250079628,0.1356634105619931,0.04037104135352271,0.3171283875753256,2
0.4409045212322158,0.254293593715324,0.9841465640579234,0.4116239936291115,0.6468305454952555,0.3019394305153234,0.31514287107823347,0.4178324354018368,0.7343864729663968,0.5972572416771875,3
0.575916539435071,0.38193459730112134,0.16919786401680398,0.5895176365063056,0.01705044466662277,0.3627962223387469,0.9460820530950997,0.6465966317811751,0.8173418602471247,0.19024773771756925,3
0.6580353948208194,-0.15853706532600786,0.7740672146923232,0.37687881631202624,0.12289597337065772,1.0809359620674606,0.06284278908727631,0.7625636497554169,0.043842117594744434,0.6223332814958475,3
0.6140036009178409,1.2100971060797692,0.9907430135275287,0.49113161211994105,0.2497194723490818,1.0879914972936298,0.8409871613098235,0.48585741209810174,0.06766518019751022,0.6368408569908729,3
0.8937685137472697,0.025696735980754122,0.2215025620562036,0.4487331425284371,0.17252886311470622,0.16102658766519526,0.04980673291762275,0.06388193875695175,0.27186035452033297,0.795199850923054,3
0.6686554366598354,0.49568277297931745,0.6062770043574007,0.6814807499844525,0.0728949786786456,0.46719804031709694,0.7410641159627306,0.5195960114224072,0.5370185000685479,0.07883545321507601,0
0.09536451410545524,0.7537164223218408,0.13048784556974496,0.3008104665792839,0.8982534283796028,0.4799746855735836,0.3488532116917959,0.277667970639483,0.15619190772622024,0.46363083469917243,0
0.3661315573434102,0.508585784095227,0.30021607913568676,0.39393070149114806,0.07509861144545443,0.4715414161761975,0.20973458611905704,1.0412712515668638,0.10556743499342999,0.3492300895731148,2
0.6538449652627428,0.5009619931479963,0.5986787251704229,0.6884858871087258,0.06111661388260275,0.5157675297319628,0.7560354260737109,0.5249781842245306,0.5567230404078951,0.08424356999519263,0
-0.37552108381405525,0.9640858046746507,-0.11178990480199685,0.944394897594016,0.5952872586286085,-0.24617369129573557,0.3663575208973417,0.9774309456452186,-0.13604505771927744,0.4978048226704986,1
1.1122594101444314,-0.12383513890146847,0.6947715639322947,1.132393149581457,0.9723232242249975,0.8160987447174144,0.2162044464599372,1.023759246241979,0.5127670713156932,0.001751520158394415,2
-0.01228337998420112,0.42494338937403425,0.44484916035367467,1.035863693715776,0.5787035464785811,0.8058635143377916,0.5451016591150022,0.8589695376029106,0.5310916911567447,0.6602206364629689,0
0.058607773958288895,0.6746002385521824,0.04351577111491132,0.24297832773274836,0.8549722169565533,0.3868638138790002,0.368182660151159,0.3553243346357967,0.1776469734604071,0.39045125186365676,0
0.48710997697636,0.577358282028677,0.21391533179170485,0.7267170682724589,0.10096920725516206,0.29797987411661186,0.7933838638849262,0.3747267017537743,0.7158316912840625,0.22598322841767676,3
0.6442028107854922,0.11127037786459082,0.6727961983215628,0.3864172239839616,0.07589787441090115,0.8074648464826689,0.14022536686241294,0.4166460289472066,0.08254115734724869,0.8803967799447358,3
1.1670121619806106,0.9830538725125204,1.1580468467603509,0.9377078204576214,-0.12772503794705692,0.6465985689101861,0.24059224903035467,0.449032666193588,0.6568052417162731,0.23391776039016268,3
1.0334802113557298,0.4236035516457655,0.9499579625238282,0.9707069224477298,-0.19545877948675178,0.39689051549534704,0.22722528700065578,0.709719486309415,0.3716490751972167,0.09099904556037669,0
0.4846005748365,0.2788140789182557,0.5673050029360915,0.6962834401409784,0.2697417053212181,0.7123226208957072,0.7691854238511049,0.5977852722575208,0.4178429241623038,0.754427986788386,2
0.01497816691590716,0.6112501037104229,0.8160060594542687,0.22657301908965602,0.7332118747019485,0.6764460811342796,0.5343174277163187,0.08462249681421938,0.7766702903291403,0.022052921157587065,0
0.5912285205134921,0.018578277525012815,0.5876803625089282,0.21152925079873963,0.7610405937781232,0.2612626861341173,0.550882957206954,0.26404540044716224,0.6209446200313861,0.32354652162719644,2
0.00983013058662735,1.0584442329762975,0.5273327453760935,0.7898864406318831,1.1413266213178577,0.48154260714717023,1.1803969220789157,0.5675601393691863,1.074288824295286,0.37020788419947687,1
0.7974284547231568,0.5862104853947239,0.7793686109623837,0.3752952202909539,0.642994656209651,0.9378532608428981,0.29421503939429017,0.1601608804586491,0.19947671306122264,0.8566114360613968,2
0.9730478054566573,0.9956734059074752,0.6439760054242509,0.006766447820262438,0.09065468044885101,0.21744503208252758,0.03285140026189369,0.7522295703427035,0.9815250683381234,0.6971355651378682,3
0.2130803811610831,0.033967189120990116,-0.017305216941674154,0.6780113601562114,0.5882140896907886,0.1426933195224893,0.8410795775727223,0.4487189364985089,-0.047680195636941675,0.5042693383139293,0
0.45739165124562003,0.18417013502467877,1.0580122902159057,0.4423871147060281,0.6249197088393526,0.32783047570163554,0.3534542608713692,0.40133387612674865,0.7630336157252028,0.5088125717856953,3
0.9636600092062225,0.9966476466083943,0.6566388768675181,0.005768109902001698,0.09972471104915781,0.2049391971607847,0.018572525807411224,0.7418257446643279,0.9940003464308161,0.7066728205206896,3
0.6938108378553496,0.2223998824138684,0.6343341623868416,0.02642242075968422,0.27364017900764304,-0.07873007806938834,0.8293586837063145,-0.059851310243503444,0.677792835679289,0.1420791445333942,0
0.7814511771536251,0.569599429865648,0.7813156794277234,0.36305935730811695,0.6211311878428002,0.9501242319435516,0.28856469538146057,0.13351824518843544,0.21170108005985824,0.8745265337015019,2
-0.005284671046888612,-0.01739754560325947,0.5479248232547879,0.2066279309361137,0.8578298683901663,0.5282901524166621,-0.08354570664614122,0.7587098626270591,1.0712812264017224,0.8410669135486286,3
0.6008526592770892,0.5931987633427702,0.2933667392182677,0.6187985105968355,-0.04816318505438402,0.16186276911024214,0.8154850706679977,0.34832724733756565,0.6709656150581353,0.10377428439251032,3
0.32333483414563857,0.8022489216466775,0.8712904203524586,0.6991111481496228,0.3272280151167635,0.26526910682974414,0.5162472765939916,0.8658512170032209,-0.18345894711677485,1.439597303821495,1
0.6594287310718687,-0.19655429848221462,0.12889278128766235,0.5926984564726124,0.16209184534390103,0.7376943734229849,0.5766122083666295,0.30616994034275746,0.06617186472408637,0.10026204919815096,0
0.06624645020389613,1.010101547144386,0.6645930201843734,0.4489713028344665,0.7390809324983508,0.3356381949604556,1.0260316503648754,0.4310807038033339,0.7879856708818014,0.7383752887037015,1
0.6479770243322641,0.29643815323212075,0.9590010871820254,0.5942611017459186,0.6843213345919101,0.26305788526543145,0.2595857508070475,0.6194106331845843,0.7674376850955018,0.33795793555705766,3
0.3490529517203708,0.6017146811386112,0.2682367255560455,0.38643122624342774,0.03348677449677958,0.5270539330440083,0.1857403620793572,1.0341442588804906,0.12707826200716524,0.34483324776806623,2
0.9115221258167322,1.0479802307606203,0.8235455638891767,0.3839734043677124,0.870228377300523,0.47489634005396975,0.6468434263748073,0.10936082310905498,0.8530603344169415,0.19547488005797342,2
0.3423948583020312,0.7582451119742213,0.05310256710109425,0.21896247260050583,0.6006163645341633,0.11703135699735984,0.998740740352538,0.23686474061679844,0.7449417277138142,0.5496799564759062,3
0.21453519656090736,0.6982433100474852,0.13431969482652414,1.1989470750959286,1.0678472412150462,0.1690188136881442,0.367827395570464,0.551463780199959,0.024221357423786616,0.8400989549598445,1
0.32249944891614024,0.7562649205356988,0.7075768642234269,0.3125508025141943,0.22989889452431317,0.9092275006946371,0.7747760060019022,0.6633375131403773,0.455201822884132,0.16167091055095123,3
0.782236610832427,0.1950374782672433,0.29637738969552785,0.26563762450712436,0.788316745632008,0.9096777749447245,0.7270800928119183,0.5469583887216226,0.7969221272089877,0.09072338714985216,2
0.6401073520834248,0.4712840395479187,0.5832896623931174,0.6650961492360414,0.08089225528941119,0.5349785724331305,0.7370278992710518,0.5323163322451515,0.5634561930856757,0.09700978289769532,0
0.5797439807578888,0.20957394834899407,0.38140734625651,0.11769149680462579,0.1868621491837853,0.23357923705320394,0.5655488781666064,-0.09796344207895454,0.5806763323384626,0.38518913996863263,0
0.08246882782333287,0.3608934833137801,0.36573781325106774,1.0086570476050596,0.461850851238802,0.7972912916785257,0.4858985642783762,0.7263214052120244,0.5642695187175407,0.6520634395673884,0
0.21988826079485793,0.7592200708444705,0.5061011301803391,0.28857140455564634,0.10425389436080335,0.9113958465701427,0.7032891387328152,0.4050560397651079,0.4186594133646392,0.3581814698016147,3
0.7339293562939635,0.2683458884055195,0.9136012306771247,0.3974321809099417,0.7084449522592732,0.37399393974503337,0.35468425802922293,0.006548449001847048,0.5420702419607025,0.7673959482917161,3
-0.36984213210633743,0.6678727473115176,-0.03739125135183141,0.42833324769028125,0.7556946381129377,-0.13441286520284812,0.589108671352545,0.2906253936622396,0.5478604245379346,0.9430535585776715,1
0.2611647788016247,0.4649425316053075,0.38991010189693887,0.5863199690667439,0.3258365443863964,0.8280298286901638,0.9507337997236367,0.5625197648784436,0.5704594759442383,0.7555626772149759,2
0.5670709112419048,0.3807137820449721,0.5748800624176809,0.36481916450139196,-0.2361439072246339,-0.08955566534113146,1.0337501864277594,0.40663712846713307,0.6704523250478382,1.1018744600390655,2
0.9582109739999871,0.8110283634961495,0.7949058754946765,0.6664452847545126,-0.015597336147240001,0.5459234286305283,0.041215368482466166,0.6328245489840794,0.09919644760975356,0.44655614979706154,0
0.43789797303010475,0.03307224146634827,1.1904414506442234,0.32325797250153493,0.8098933563185533,0.15414343075295195,0.3978010914511186,0.3377319779470855,0.5993830297622252,0.5864026756645382,3
0.8141187307846279,0.9077645823842679,-0.004222798241963546,0.8167276379983665,0.44155869236362905,0.26878686644716027,0.7545434794382047,-0.027635746271421235,0.30576520833547494,0.40224653483129574,2
0.7109542546865415,0.2645437901268238,0.897468569636639,0.43615708023746946,0.7245623329289912,0.3380195218828453,0.34758832097801695,0.08191422974291275,0.5616970010090016,0.8116592484169889,3
0.02999032846676801,0.6491271111423954,0.045276791131328195,0.22793688358999,0.8295430479510838,0.40950200228390793,0.37303025720775174,0.338078358375193,0.20083184739526982,0.4183692530995836,0
0.70187070700544,0.26907064742417747,0.9156215749818287,0.405933860335045,0.7189388664637761,0.3991150470895764,0.35326235639212167,0.03931648610916781,0.5046231145765747,0.8058900953945546,3
0.25689299876596733,0.949748955820928,-0.07427360053756585,0.09813518960214532,0.46529671817683965,0.008269872597912786,0.48412299852333074,0.49407068860212244,0.22112948224529277,0.26998611140628287,0
0.18238938379743425,0.8160671857773528,0.5783882896679002,1.1342667352158942,0.6871011711852274,-0.14695098962982878,-0.2085221991070674,0.5068461559639377,0.17007882743437847,1.1452371735983835,1
0.5052695456770788,-0.4377591641227414,1.0311192574278922,0.4700469044844946,0.9467521757408321,0.9372024516938073,0.9244859092466471,0.5247077666939379,0.8180210423297573,0.5599615361997163,2
0.3342511127145127,0.8493603031140597,0.09372323703422127,0.2851072208148295,0.6985385441348542,0.21349065714652285,0.9561463565498209,0.26982218680678827,0.6810663896837702,0.6676215425701472,3
1.3020476235797347,0.2927958765661043,1.1878365279701324,0.42976657772933596,-0.2000769782016642,0.5876082228932334,0.3976072243732145,-0.07732913929466967,0.8548023956285451,1.070774862591788,1
-0.12515036407603664,1.0166798391137106,0.40921103422471755,0.6729088299445097,0.5481429942385239,0.005255235014392248,0.23823826484040764,0.778283900167782,0.23022227371017004,0.775220256776718,1
0.7278411391018595,0.10304990617494575,0.5604558547601891,-0.08121024232715975,0.27399215575235136,0.07388548097237163,0.39418140882425473,-0.16497276983776057,0.5381811676807913,0.3961893690165614,0
0.42237348347559567,0.8061246642418969,0.06790193685135737,0.30379392918914877,0.6585116622689837,0.1766663670015553,0.8726399237419398,0.3551039173966778,0.6755205576400982,0.6320900773738474,3
0.3694008654493629,0.6987535546438256,-0.27424187590423266,1.6505189356582237,0.41813624297674656,0.41802309665372184,0.8639114145456557,0.5987670343575462,0.49282397167957054,0.12952530667636464,0
0.18288895151416198,0.20146078795015054,0.8274097630618908,0.47166642896664634,0.9804854265263725,0.2765141438179298,0.9211042439383078,0.36875392614413427,0.37411821716671745,-0.041234697351211574,3
0.5420649367220878,0.859310073967285,0.8151895108692084,0.44715197391810385,0.7500785080153763,0.8389136772487008,0.5094371000322802,0.33617559801594715,0.7411210954448912,0.4902143458748789,2
0.6843560525889834,0.24294394243070244,0.9530043642905486,0.396082015381724,0.6798883740381705,0.34917810744501554,0.31772463631798925,0.04815792798413738,0.5290338206665672,0.7918892369412104,3
1.0505748257574052,-0.021364702329366797,0.8303585454093287,0.5003002021400598,0.43017942388228636,0.422190982320297,0.6573453033755027,0.761131948370971,0.26158954677926516,0.2828353153302142,1
1.1685666382445437,0.6368507260906502,0.6714684599597335,0.6944162404755442,0.7028294808306714,1.2047725223395982,-0.18878597821762777,-0.14013846722447137,0.9284411317159521,0.32437703288679903,3
0.8273624710648249,0.8414008687209582,0.7674464992932064,0.7815258481875049,0.9230066549511048,0.26596550046611406,0.3525924769986183,0.791430892933347,0.32955289208935085,0.6191998765691987,2
0.8348818838734,0.8836397223185922,0.7184917638516984,0.746596733919992,0.8949627112689816,0.2502937706664046,0.4034467902804315,0.7631468053343576,0.3270775382335438,0.5698240389900592,2
0.6796465938003822,1.0074014285343753,0.8191927194336206,0.6754714088132528,0.3525465765100627,0.9147646950877243,0.25188149655418896,0.2303693348524624,0.5080046778605958,0.058137483392932426,3
0.9981663795941457,0.14150646331329864,0.7866366023374667,0.31502560671744456,0.39302920462365976,0.4969454051702413,0.5820708630239566,0.4552495282811624,0.5556501490109779,0.2770276744663273,1
0.012976472618066967,0.612842597803645,0.810790403755996,0.22993754082065174,0.7269838695551122,0.6781293901371488,0.5275139636948994,0.07997552224260751,0.7818877538803629,0.015575603781654006,0
0.011857917901705728,0.6138516539505001,0.812495631143969,0.22776511207205405,0.7313009661951381,0.6795121544262427,0.5321615514242075,0.0829157843985801,0.777896004820783,0.017395721421923967,0
0.6727235924228587,0.4892026856592418,0.5895131739379841,0.6672021721335983,0.06786887336157835,0.5000120845200109,0.7369023104135471,0.5401388595350022,0.5564551865616673,0.08787913373690716,0
0.9177661365977967,0.7237789090160295,0.7977083966048658,0.9051217276335062,0.7999330987681622,0.17311012794314856,0.3885807721909117,0.8223273596404301,0.2859320729475438,0.5321295632593067,2
0.05552990742629036,0.9127767968971798,0.3037769988798505,0.8704292297959255,0.7565055156850395,0.06888084156243715,0.035962185156678865,0.7230089591944024,0.2214237103927191,0.9720209570648825,1
0.4873188573973268,0.33580084502912194,0.5722254372089816,0.6416155209231107,0.1511394324275699,0.773623904657811,0.8758694196421668,0.4496767631372799,0.5228983416161284,0.8247829782243241,2
0.8018616755492225,0.5845115756326866,0.7793944605878942,0.37534319558517054,0.6387049347243917,0.9318208624077488,0.2908043126074418,0.1564302172472029,0.1966477898406959,0.8593224420189226,2
0.8048539935260958,0.6085384011066595,0.7751695060993854,0.37593560992893016,0.6448350560517409,0.9522881987519332,0.26664478716796025,0.1369065710772092,0.1757202575911073,0.8827175642438229,2
-0.06609873559589058,0.5543861471878614,0.046947233227969155,0.25224625356798225,0.7819766062328808,0.3284939856669475,0.5747359916351259,0.3283348738499869,0.2915749903190068,0.5231522353774305,0
0.5847758803874095,1.0576544502708407,1.040553919935875,0.7258062024602704,0.12821072122083632,0.9167120085842209,0.19431931383774417,0.33888662729583247,0.7753805280806936,0.2852403215874987,3
0.30240686772057856,0.5479455514360505,0.3358072334792596,0.2875268574801688,0.008771998679393513,0.529156357608818,0.1812528061358635,0.9628698337487042,0.04760530168166327,0.3432359918055139,2
0.4509123722899344,0.28504769529306917,0.4894217443599243,0.6786505043222084,0.3000114294761322,0.7440464546982998,0.8322391497693624,0.6013425312575909,0.3879037186876397,0.7437291089782615,2
0.8448166983836212,0.30520956067732885,0.6990589278186496,0.06589445910424224,0.874196302545907,0.0037157118548988306,0.8964625797847204,0.653775500164718,0.2196300464495918,0.770109670557211,2
0.8890245985963047,0.3056445146955939,0.7352639539326045,0.059263531719302105,0.9163723856307454,0.0340367335704927,0.8962823485532454,0.655170277548703,0.19919833002306797,0.7696605443479788,2
0.32708254231613404,0.7135728516336276,0.568770301496197,0.6013954579190922,0.5890354906460167,0.30928515938802986,1.242679542779489,0.6073375979369275,1.1363418939882253,-0.24664430249411406,3
0.5700005559510076,0.28188490485889367,0.49678665533449184,0.332110677658782,0.6407638861130395,0.0653372462904229,0.661202146229282,0.3384789407034865,0.4338289493963443,0.40785110959263515,2
0.4077545305293527,0.10911347220464261,1.0703862936823831,0.3610061329352553,0.7677214757108685,0.29660435012835235,0.2746824395998134,0.46830842272745554,0.8552388920284054,0.5378418939519946,3
0.691609081359244,0.9344569516240102,0.7982171001401492,0.6158092516376011,0.3359152824897998,0.8973897577187526,0.19046714614812243,0.24452184969615529,0.5415094152097681,0.05127347712311916,3
1.1124912486728895,0.7976564007485093,0.4114982094147295,0.5964208953670639,0.9503604729863578,0.0943857116665327,0.6985307777435902,-0.07333634964297425,0.7825162347029936,0.18006359559927318,2
0.0427366875515017,0.8959939073371757,0.3261018501721389,0.8569324869750349,0.7275207075490642,0.055905015485762315,0.03076028887068407,0.6952373449623024,0.24603271702086613,0.9373939649668178,1
1.1076667587674045,0.9727943810266957,0.69749366598673,0.6092309054177132,0.6508159629195017,0.32019808494586244,0.486170556695929,0.13551902603716998,0.9947822978782721,0.18511999646776162,2
0.6670955173851147,0.496386722919662,0.5930296457699141,0.6979777075324828,0.05322470161769124,0.5077631124297863,0.7409562445820708,0.531861578107353,0.5562939903312554,0.0831656945772372,0
0.5151819714822145,0.17393945663502447,1.0226868745158368,0.4206221742751379,0.6744421840633518,0.2988634784588034,0.3407031671410138,0.43687720336393254,0.7788124669424962,0.5661609491202616,3
0.6775168361564478,0.3078418550889935,0.6816955099004102,0.13906057636090408,0.5346960779431847,0.47121211179868816,0.15782786329028076,0.13481583953311108,0.46747419120694544,0.7546997742218667,1
0.9597117938978177,0.1308782781520928,0.6062103597392378,0.8671184216149554,0.7144563130346411,0.8138203756923096,0.24008972277774834,0.9185551415583246,0.6213915974734896,0.285799505662173,2
0.8327427028234723,0.8448138685335009,0.7888623088181401,0.772952563364702,0.9036244763102924,0.2875481659562813,0.332349279975343,0.807162192600697,0.32556263223375465,0.5932292115178546,2
1.100426535641557,0.0941489358405932,0.7583515542845232,0.47022739828977456,0.30183591137028803,0.44177127953864126,0.39465481739094577,0.4502246122107766,0.5776772812915136,0.2235434386418053,1
0.34687567738210573,0.18532028660399638,0.08249451486106374,0.6785417515991891,0.5585543028579499,0.29812324410808744,0.8056549186254888,0.30322485403811533,0.04792479991294326,0.6219592276730022,0
0.850293824302704,0.2737077195999806,0.749758514227976,0.039985250747501914,0.8560493745206008,0.02908809298278444,0.8962625499797449,0.6189828028499829,0.205541667182415,0.7978093817307492,2
0.015263076958869325,0.6718196411219138,0.030605196176249645,0.32602517224209493,0.9308355660544264,0.4965359563243505,0.416460474963551,0.39546757394280213,0.24073670774314462,0.3622563917852775,0
0.8595423884553512,0.3216608531352443,0.7104259805938778,0.04720632284646025,0.9081193538271695,0.003880076929497798,0.8804934481807505,0.6407909241693794,0.2165986928547848,0.7493193183881846,2
0.549108623974332,-0.025290176787762353,1.0385567084188136,0.39163604161443666,0.8647676097384186,0.5246489924057757,0.5371216182071433,0.6065712569062346,0.7024050444661725,0.44563028527224474,3
0.5672384822468859,0.7548244919977474,0.9183120760748503,0.5107964845389279,0.7500904659360789,0.8896744888872524,0.5749937962331473,0.3754519303018283,0.7948075011088437,0.481902593822249,2
0.6873556560000931,0.12134602328138372,0.6140793055305375,0.01000277726303242,0.5965912665395845,0.19116913423148701,0.534546263275649,0.2615249897355596,0.5733703343014808,0.10871370720459575,2
-0.11072521300307886,0.4668022041983582,1.1097197405103267,0.005131025654602439,-0.33032300342787535,0.625480353953493,0.3922482303253535,0.06381010943939086,0.1851659997500099,0.09754712715972164,3
0.7155838994278443,0.07717405181825668,0.7139618390248424,0.21711429185056463,0.1151275213131885,0.9390032731944725,0.16489026866944645,0.5198489056157349,0.22246897988890096,0.8901907799257649,3
0.7983850105793624,0.5859297885278749,0.7837894158826679,0.3722792894539426,0.6439774488748552,0.9319373536311271,0.2942215496472731,0.15141031963015647,0.1926268622341562,0.8531961950548008,2
1.2079305121300912,0.30031866067122015,0.9053498166248148,1.0456900917616903,0.9790885164309808,1.1681751998837018,0.49603202181235406,1.2874886046646923,0.6596213875360418,0.20657388622589345,2
0.08746111868373853,1.276317502108571,0.8226699665843599,0.7161919202508226,0.944153679856053,-0.130446256775326,1.288629888286093,0.3093863677313262,0.6826869900649892,0.4131269862046185,1
0.6795340185518665,-0.537048616382147,0.9310225164588999,1.575433935866127,1.3639343523179976,-0.8824261855555733,0.9090672442558927,0.6901286059828515,1.47120615501704,-0.0798036647385133,3
0.9784603456791002,0.9466755761626512,0.5778224062893159,0.6385873911518526,0.7684255795536576,0.23603373835854247,0.49340121544570226,0.07943836682032865,0.9128688603099344,0.029038028435064204,2
0.19606981010294863,0.7471499355202026,0.752022033524473,0.1382613435965761,0.788041730622536,0.3043696229986759,0.5367767062531353,0.6631809621002235,0.026885139373550665,0.3358839971231313,1
-0.022202908459925855,0.9055762451290877,0.39449529587455456,0.8269579883574687,0.6874019390072411,0.02496607369338328,-0.02924167477052969,0.7012675857014679,0.18985355577363353,0.9604689690251842,1
0.7998856050086565,0.7735842793168464,0.46964614388197906,0.14317006256219889,0.23971194900912274,0.7446379681361782,0.48397953149991463,0.3050439727324102,0.6543784455450827,1.2514040098675754,1
0.19339501897698036,0.3360581200810713,1.0191461051861912,0.7103675185026138,0.07101610863266924,0.2285564443215274,0.7549226018238242,0.6538095078416057,0.5020160145148578,0.9435300234792982,2
0.6476959470389406,0.022248389718532456,0.08486256597269388,0.8693983066009521,0.942755695610963,0.12954375670893287,0.021027878114920975,0.5658162357299612,0.6838901009250008,0.4101645495460467,3
0.7879395168859074,0.586263964988527,0.7676316046095577,0.3710003031098081,0.6309635468831027,0.9363849017170669,0.2870709798943129,0.17684089857264323,0.21076834765069735,0.8622931148831559,2
0.8535034940883737,0.3495410679816744,0.6763442401235347,0.05296903818286762,0.8460629382221443,0.021326742990636506,0.9087186719891851,0.6818208704182981,0.2027736542947743,0.8065677386567599,2
0.012599672563852145,0.6138652689160935,0.8142682409370756,0.22692773049386786,0.730023752264418,0.6786429395629047,0.5312043185504519,0.08193491059502171,0.7785029700024121,0.018759101872127294,0
1.1097396258904986,0.8644234846802015,-0.09588338352494657,0.5619561317173655,0.7871936394277168,0.4011350404953825,1.0669559916979017,0.13809077277998832,0.06003138983346029,0.5340497432808443,2
0.7489218412056267,1.4148937820826344,1.2076071497377319,-0.16284325593881888,0.7509986554157356,0.025792037316424765,1.4083843116851744,-0.08964258667995584,-0.35360812258136365,0.6538138179339121,2
1.2327530279747236,0.9803709974498968,0.9080020909946114,0.6819837336745516,0.0036110340983640313,0.6543456215322907,0.20673201156599638,0.7234215578463813,0.2257625394716294,0.20928017591505457,0
0.5346028530932005,0.255219596801266,0.37605910710256896,0.04087660255731754,0.15888900731228117,0.1643388289007473,0.5422476913513756,0.006025500734829756,0.6561158803956332,0.3675754644881705,0
0.457019406186861,0.018668620605134342,0.8198871790797575,0.22249148408069597,0.9330707783675289,0.28100360704375976,0.591151985982666,-0.005683794251636981,0.48966983805151854,0.19169418597144988,2
0.05413520371790132,0.9314004512768818,0.30790907990039756,0.8742657968312666,0.7363210419506594,0.061529185747281306,0.017814513920356635,0.7209083136092997,0.1957273451976576,0.9816709246854006,1
0.3836061859144744,0.8040947537820045,0.027988089607232654,0.3177554437690431,0.666545200657518,0.14002324167274205,0.8560282517996102,0.3115004717513506,0.688526857511301,0.6455628360622591,3
0.8886094424030281,0.31969641770151247,0.7111788331640226,0.02543277921499474,0.8867788576764515,0.0002717311457793199,0.8605455706767164,0.6518395272946412,0.20807677439755703,0.7572425046719972,2
-0.08400757352611826,0.9429748810658525,0.6640582288419267,0.7760837917581356,1.028047081558601,0.4145199324735022,0.8117441666278367,0.6100627387668125,0.5584438225302234,0.6572091189480964,1
0.429083045453197,0.1901748218332655,0.7068500920748159,0.21316256039684375,0.6193985237253056,0.23244772803331143,0.7294005371315803,0.21230489994310553,0.6135964192674407,0.08378722782403047,2
0.9710630166454717,0.4856292478619446,0.7297534789851581,0.5491094523853671,-0.3729618747951704,0.3517748364388562,-0.04722048932555095,0.9730746113213167,-0.11364069228667364,0.8023488803429736,1
0.48720102283765276,1.004474881482854,0.8398533288164823,0.5627631611780072,0.5922687689290216,0.7291524869324153,0.36561020822439233,0.3843650062582082,0.6091370305151687,0.4830425136112172,2
0.4220010281086716,0.8452266727020632,0.939389501442956,0.38009225905794175,0.6992261162747851,0.7961106815094597,0.5490905860987731,0.4505072733458048,0.7750118999181459,0.4300074357863051,2
0.4323296633943413,0.8167189950291505,0.01570987076785202,0.33257909883809156,0.686451561486391,0.15905412146548373,0.8854776619457756,0.3751700032678651,0.665438265804257,0.6137532335975131,3
-0.17078405334381735,1.036755643720574,0.12817146526992731,1.3614407034307332,0.8701169920036492,-0.5154301387210624,0.3791773009118599,0.297886655067214,0.37860448504727384,0.5961721257553309,1
1.0061067996733628,0.4692564177813771,0.7279105446484059,0.378260972379047,0.11319890045916371,0.8636382885277128,0.4405962077309647,0.007105094553794064,0.6901208613062899,1.01049360667224,1
0.012705358451227925,0.614015407368898,0.8142199650904683,0.2269729091658045,0.7299128388247462,0.6787197982987124,0.5311714449750944,0.08207776491064814,0.7785856784792421,0.018715278072823232,0
0.805565809169782,0.5707622571912345,0.7430287253305407,0.3542602143507345,0.6131187464158927,0.8853427681753,0.23246110292612646,0.18981565652210966,0.24990834706201376,0.8252768824901221,2
0.07596375742535724,0.05043212665563167,0.532340384002271,0.19715035912234583,0.7655502033968872,0.43819847683117863,0.05449711834129993,0.7498320111469534,0.9969825851667825,0.8150463022525025,3
0.47548968599002367,0.7574012493215025,0.6770039900516963,-0.07228421929542182,0.8264372377502298,0.27332437536142407,0.5725400346606495,0.35599472209032856,-0.1256888610039494,0.6002785869772415,1
0.46982321571262137,0.4330156876239862,0.8216425319842113,0.29090698662982517,0.8543106370914557,0.7083567867185753,0.5259761269023823,0.8366939532393031,0.5318576132423872,0.31828780863990164,3
0.9730412642043557,0.9988179284427603,0.6445904010748429,0.0037728152226749966,0.09483282992344301,0.21711536252930164,0.02839159244471879,0.7574816549872072,0.9850571846964264,0.6912513000652004,3
1.0989318945334203,0.5901350721928844,0.5581425283573964,0.480900826286812,0.13301974586769205,0.8503075077361116,0.5381781961801643,0.008548405831756369,0.7590786467468259,0.9310492919192449,1
0.966274000197951,0.39867970342224457,0.8328096937869519,0.625121522367845,-0.05246099227380836,-0.19423604404749922,0.2148691770129303,1.2715161663242878,-0.3521096202848514,0.6349576389160683,1
0.7252649930736053,0.2422022813713136,0.8987368231596303,0.3952560658658827,0.6913616799918697,0.3887229510293547,0.3335054837305319,0.03875891384158313,0.5059605885097088,0.821187158780625,3
0.11586774909630604,0.7191665502388626,0.0455383700893383,0.20109055812783977,0.8015685398793284,0.34284472523152004,0.35984384199821184,0.3655711137606826,0.1483484439001505,0.33575414421979805,0
0.5707369697173782,0.2530304950956808,0.3633694038735186,0.10329103455545649,0.10722215774853011,0.15094549820269434,0.5329891755367746,0.057477629404352096,0.5737116969000573,0.4180529902029504,0
0.4199837559017319,0.7530378433489135,0.6239203168417166,0.17892476110552197,0.2552023837499095,0.9263353500006035,0.43938599759239744,0.5587652074068535,0.5022479596501408,0.5384707456608735,3
0.13372845716134274,0.8137450504898979,0.1565415849078333,1.0553748710690363,0.631170619569827,-0.04592447353761868,0.187319622156523,0.7542755175810623,0.1219986019822386,0.8647506716794158,1
0.8248985297454773,0.83326771347084,0.7226644716196571,0.6870741266314073,0.9925388105267082,0.11277635838879269,0.5036755254194991,0.659809246983115,0.32750827391078713,0.5863415896471765,2
0.24805222400832824,0.14046148472593012,0.3033235509033695,0.6373129281311535,0.3739431567693356,0.524709730614032,1.0529498474534011,0.5746356915002295,0.8805503708201619,0.38479296413713654,2
0.045556639282217606,1.1137751149716446,-0.11599738331243403,0.9259360978429432,1.0443514232266113,-0.11574100519588212,0.36529607887961874,0.5817086265788618,0.39724117264310566,1.4399571331150152,1
0.6836421248748825,-0.09316492273620924,0.2114013452000035,0.8039639224192092,1.3090027006670923,-0.15652645780339614,-0.2639798798760598,0.37658267541758006,0.8414437404859791,0.25612159300432225,3
0.2027090698086548,0.6914614462012707,0.9329598942772215,-0.10147530178211507,0.8512957175079192,0.32488132127051245,0.7554923887234443,0.6431568052540708,0.136618179274317,0.37255252633451014,1
0.8005161683209364,0.5832160279132157,0.7791400369738432,0.3767168413727614,0.6388063017982802,0.9342894103260819,0.2907804047480874,0.157335769333756,0.19665518159739917,0.8586431366891721,2
0.858767619652908,0.7133420297301918,0.7367010254031544,0.6004350320652239,0.012742848284205785,0.544596619783799,0.2183198382532256,0.6861938252913504,-0.04435491202944121,0.5807592617070573,0
0.16782521323412106,0.8326930007860976,0.8192681167372531,-0.17374454270302397,0.7546488738990291,0.2557138352742391,0.9514770533352601,0.4830509345300223,-0.03425131165367476,0.421027125325401,1
0.5934335526726017,0.5494465933552819,0.7857366772968937,0.9274960299904785,-0.03587955895300992,0.11035833778856205,0.0035870838777585807,0.9996247985815908,0.14088362844608876,0.43768562133005157,1
-0.009635421842198247,0.8648104822315859,0.24917789630135806,0.9178067511276059,0.7687923763517442,0.04697199503048802,-0.0206306874884866,0.6605100886163104,0.2614582267053961,0.927324418208943,1
-0.5167474474016243,0.8945363447191877,0.33370954021505417,0.5411162451432289,0.36455558412862293,0.6177792569349502,0.7411629789747374,0.593597563769511,0.2514033955293834,0.7079233523792402,0
0.709772946365094,0.9546282934337149,0.8715981001978862,0.5765603197452396,0.3123464774553146,0.7774106050258724,0.312340492620484,0.29770922968975716,0.5691430095596286,0.0786741656182714,3
0.18339188170645518,0.6355531768965063,0.8031909798297632,0.03421121645126295,0.8448930645653276,0.40180239560692577,0.6472623061828088,0.5761470554065566,0.1507402551134433,0.3606308835506822,1
0.6545678071604654,-0.1450273155376629,0.6463211551973533,-0.06252656063199463,0.5214939097966705,0.2564933986636319,0.463985765429868,0.04572612260683662,0.4365585863067055,0.2555725772521711,2
0.8079817814728343,0.5795050285331342,0.7797521924585612,0.38498335598514444,0.6442685354574929,0.9359962810285327,0.28420389782488376,0.15837720093846047,0.20028957568833244,0.8560751850024474,2
0.7359247529857929,0.9632278149451325,0.6883463325509876,0.8656682688397876,0.8479929734169406,0.22369177321007835,0.3383286876930582,0.8975499407752541,0.178222446873496,0.503072900655422,2
0.8919055016622345,0.8934582463791403,0.1255554435180292,0.785991542011128,0.5636336908212995,0.3185316128528904,0.8900124411317436,0.010423100745078455,0.3002069372049754,0.3101910989729928,2
0.5789488734672449,0.7225022010771344,0.32508953178527766,0.6490784031417499,0.0446120163008933,0.19875360297119476,0.9746919443699966,0.44166189047765037,0.7340226877125755,0.38152098616448005,3
0.29588691394473016,0.4067206741812678,0.89520042292038,0.7627462882311425,-0.000607270592750354,0.1756854566467631,0.7047269604633525,0.6324352897085572,0.31054023456077035,0.7546761613517946,2
0.07411303588004572,0.7321804229960649,0.07724408694163419,0.20988996862671275,0.8660017876869182,0.3754815764732288,0.41162437784251743,0.3594629674486546,0.2005766490228543,0.36728829101584576,0
0.8824441920126936,0.31270400728464626,0.7036582847847757,0.025119709425400275,0.9027546563984876,0.014929542725891271,0.881746167852249,0.6499290769779801,0.21179342623078504,0.7530663549890586,2
0.6205728590747435,0.07462848178128936,0.6020970803613275,0.16306833593631215,0.7970902049218599,0.298444611667026,0.5899299809071581,0.25125837509144133,0.6013692766276363,0.23521539732074528,2
0.5632096809262738,0.06433797235403904,0.016962920710106494,1.0064916819360343,1.0081317535242922,0.007254975601961311,0.10743080305273221,0.5263684778940866,0.6855482168796024,0.46176369216520086,3
0.9920584983151808,0.09174180906000787,0.558099795971241,0.9001828681249351,0.6964205833777042,0.9123925139048003,0.19698446993480034,0.9485129521091096,0.6735809747265481,0.22680321183023303,2
0.917774097056816,0.9064476564338466,0.12592816788330205,0.7575793984944387,0.5625935932404234,0.3146569049631812,0.9039323694003123,0.035659095832502305,0.28376694289541116,0.30170193389712235,2
0.4932802088540113,0.8036523896641249,0.8933567056144011,0.4637375634433985,0.7598563577856811,0.80472736881629,0.5411842081090013,0.3362536038988214,0.7620737170611143,0.4640084649501848,2
-0.016838515611308683,0.6398736462622057,0.12203939091866978,0.18913737284731394,0.8843736488539553,0.4584007781352066,0.3226117222265941,0.2838993736695651,0.1574458023348473,0.36551285059831934,0
0.5015298656933126,0.8345300818475286,0.8780945717550714,0.5066761905075715,0.7448470314523511,0.8034104765340263,0.5362824290156383,0.33106664244973427,0.766354030689637,0.4593460351558143,2
0.6085905914992711,0.5488802313733476,0.2775131422095769,0.30745494546280877,0.8069202484150392,0.3558355392009526,0.34948117219872094,0.04938573209119217,0.2324523146206505,0.19817202768794176,2
0.6911603268983564,0.2501098218306911,0.9190810294500416,0.36402555340050663,0.6903786585687142,0.35810049970115765,0.3376932783146899,0.01620314075130354,0.5414349751497992,0.791538870012752,3
0.801447757189353,-0.04214792768626144,0.5481612146735586,0.9552920273077694,0.6905274449990246,0.8834104450732243,0.26567965417575057,1.0945374601796398,0.5301070376373144,0.34028508202719,2
0.2624484097086858,0.4131680308700349,0.9197761061103037,0.6878772870596795,0.010742728960701912,0.18407453624889025,0.7424404160777734,0.6116841129235331,0.33820215248872604,0.8250565419936646,2
0.6203833838757792,1.0364630755026496,0.6697772657681419,0.5636970590655166,-0.2303550354260691,0.22077613911737567,0.41820032535972906,0.4101091861550459,0.4638021479457459,0.7056261296044718,1
0.10905330074785054,0.3762498859679661,0.36051996553351856,0.9715017959031474,0.49168603303072933,0.7905862715593748,0.494464732624178,0.7554195840834864,0.5550543360766071,0.6301425507871512,0
0.5048697911396695,0.7877939253117464,0.8636068885281676,0.47749834748852127,0.7472694165456572,0.8378049527880517,0.5065516169548391,0.36067983372160195,0.7099383836420592,0.4608996902246454,2
0.0576731042483413,0.6324479684315931,0.3679171191435826,-0.29782741682742025,0.700803706701079,-0.2061379856910565,0.9504229027684479,1.0258952518615472,0.4908893001402398,0.10646273796581544,3
0.6381210930307282,0.47060457835827774,0.6275290038495845,0.6295466964352512,0.0460215860407393,0.459216205382319,0.7998377979287662,0.5185463481420848,0.5771675962522059,0.13130805101112517,0
0.54895744496039,0.22587700252833193,0.5365043965333605,0.06935443278408487,0.8398345687846875,0.20378515627856206,0.5040689348606925,0.17924591187462696,0.709159996676722,0.12190199070160115,2
-0.05342647261559827,1.1471840982923653,0.6574631768994715,0.7233098753836524,0.7406691555396709,0.024378932620720606,0.7047181318959302,0.6080645730519408,0.8561981356240741,0.6823028515613745,1
0.548023863185028,0.7929497445870695,0.9678622589306028,0.6944330510257702,0.3693165057188303,0.3215532879530672,0.1598374520823811,1.0084439487054724,0.7725903178638831,0.7210688650062949,0
0.3501748353319761,0.7698012908659956,0.035150083720604984,0.17320105785751816,0.776291526213371,0.15844749648576448,1.101652258093739,0.3864353457004418,0.5942232692889419,0.8399779394893435,3
0.2850443169517905,0.4864837238986331,1.087585010954808,0.6904919865433422,0.552734072723238,0.11222106372346377,0.4936432325170137,0.6601232772027046,0.6299658437466874,0.7964532047398335,3
0.6194457686176218,1.2886602059233665,0.4211007208131579,-0.29451330123207564,-0.5099344859710311,1.290752958479486,1.087732345132452,-0.16537008421686206,0.31090407481493165,-0.05503944381592274,3
0.6671470697896238,0.2590118548696669,0.40274112521855904,0.3002221245419626,-0.058920309625978745,0.9049596738564569,0.6016593203839185,0.23381886784023576,0.5506287069495766,0.8942020288147423,1
0.9860599802212404,0.06071745482709176,0.8624802981877744,0.39733228369775114,0.5222282721868268,0.20582220723288563,0.4210881175817451,0.4347367975848055,0.17520737859647945,0.31710230432245695,1
1.082938241145757,1.1388292077738167,0.4165891277209224,0.6488951766395942,0.9356674339364517,0.23835583567929874,0.5093514734908836,-0.10182797803884841,1.0940237057374183,-0.1395513336583631,2
0.8589623521298265,0.3108076621848056,0.7297960445827761,0.022861278966266187,0.9032734045811168,0.025893992476444753,0.864167079421144,0.6415741188987497,0.2347687949539228,0.7701419513456607,2
0.27619907559476664,0.8808371707712355,0.10534985976755523,0.33873459274092405,0.5302482112630494,0.32017675857766054,0.7511995834294382,0.3824599403034225,0.7931168991075433,0.589677908567016,3
0.06021232801329109,0.47314473817254965,0.5424829022658797,0.5389106140245907,0.08311910239757345,0.5571119561599164,0.7535785170804408,0.6756965339709967,0.4406780798407037,0.9684428359712539,2
0.45502800644698715,0.9868390387152941,0.18181774691166627,0.3532831922610211,0.4756901785952096,0.0756958697430305,0.7199132989900767,0.7401357016891487,0.37511947228867215,0.10906415712866369,0
1.2194285081051395,0.3367171472114778,0.80782344250141,0.2651037120625782,0.12179372091630036,0.5762289936985494,0.24626315419470032,0.08857070676295191,0.8091861646908216,0.9536097009513488,1
0.47056322959615504,0.8192306383727039,0.00028134947839866115,0.2330785345536605,0.5985969882721882,0.22962232860460022,0.9120686422149782,0.3435777254156808,0.7031956455078355,0.5604214096791409,3
0.7535965768380388,0.0124583124787635,1.1071192293258765,0.3536239590279976,-0.13262121051853237,0.5923199513166768,0.7758002495954393,0.33455579117401174,0.7733514515975292,0.6870960656654514,1
0.45770086654237396,0.07631959005278638,0.5649495773424623,-0.061459893398115445,0.27036217938939106,-0.0026382578003687485,0.6688695933613866,0.17955137884005412,0.5533160790904791,0.2598946729134664,0
0.6482988319036028,0.4599815312767088,0.603894824755002,0.6538911392704286,0.09311404310786844,0.48651528692113355,0.7834392029125096,0.5479533022058961,0.565695163160798,0.05096292431331288,0
0.9709983922138029,1.0012817557663953,0.6485772849648518,0.0018605815524513226,0.08929215930098917,0.20484161688188454,0.03648236931961746,0.7582786189591623,0.9741687486254301,0.6859485094216888,3
0.9727138190295345,0.8348984630650529,0.18510219015651436,0.8170769539483953,0.5670266882905537,0.29473102006260105,0.9195768181002034,0.06298859314556864,0.2433457368234256,0.25526013986109136,2
0.969378002082157,0.9748792283769395,0.6455668988299421,0.009247552425455455,0.12530044459923265,0.2418017874329318,0.043666026080384654,0.7563273229868351,0.9989658267843057,0.6846427158755785,3
0.990380001793909,0.018573482795108412,1.020288314544415,0.19426163400166202,0.37843026465906615,0.5617263927649845,0.5785608035394394,0.34557335659170907,0.3744028277705021,0.46589518573896194,1
0.3442541275659573,0.2681316634862986,0.2169820116766194,0.6526438994233016,0.25397562196266615,0.03433995107087723,0.854633077639551,0.22973338548174038,0.020547454032825773,0.3486019647339616,0
0.8920144358033626,0.2949325598363052,0.7329152776008668,0.01081040481604963,0.9006175933387315,0.0174671152289627,0.893712090622536,0.6604219622669127,0.23945287488495542,0.7725315607917025,2
0.9885511755998848,0.9963967841678849,0.6487522470814509,-0.009867467420064443,0.09085106649548343,0.22229769469600624,0.015147770352450117,0.7524855016626223,0.9606317368834155,0.6943522049338235,3
0.5451702499224943,0.7891882847747208,0.871611291194479,0.4844711132851143,0.7505894413252104,0.8371328532915594,0.5616257854636656,0.37382718144155896,0.7351743337851534,0.4766239298315406,2
0.05472469553723888,0.5678072673588584,0.8601300472621537,0.11510023174481071,0.6540968743948402,0.44668707833813887,0.5345045528231358,0.6978102096027701,0.07622391688317613,0.4752923202716498,1
0.2835238731465146,0.4250978219446522,0.9644131129850161,0.679139734697257,-0.024823864304508846,0.12369650309252037,0.7996817633316935,0.6458072306832557,0.43755502703975313,0.7817512075511691,2
0.2438767398391819,0.6782730879183909,-0.19949823167237446,1.3825546665212864,0.5488683077819007,1.1667138161124482,0.04303791498779852,1.248023363234938,0.7238729907766996,0.601990073923299,0
0.5957329530956726,0.5414524856450202,0.272339323298461,0.3034989067425471,0.8187546643650562,0.33165256746199145,0.3411630937671769,0.06586705976870266,0.22203239160790345,0.22225626754035477,2
0.7639814495179924,1.122303343749291,0.3164429756733276,0.8668841744895346,0.6336589865625155,0.5238955158819412,1.0570008360656187,0.005362992057085278,0.1080333924984784,0.4752473159575311,2
0.1407688339345145,1.3535667119794665,0.693449803984004,0.37181544587302306,0.48690475044637427,0.7075925542030028,0.2718561165865865,0.8170315596933606,0.16662200135262872,0.7542148093049688,3
0.16036074564155517,0.6938961135750545,0.1887672651453128,0.5519092310536555,0.761953595678379,0.24417747341186136,-0.003734125079580153,0.30468393382862374,0.28029995459204304,0.617958483998187,0
0.9425469960396694,1.0367988871410665,0.026949765018938726,0.84559112133324,0.6980431026149533,0.3320143999390382,0.7766115890365456,-0.07877025149041329,0.15294979703576367,0.27539121679041123,2
0.9250340084966303,0.16972369506773932,0.5373243096258945,0.9389301648032178,0.7695738421750734,0.8093752556888589,0.19324410680941073,0.9135984708717799,0.5408840990915341,0.22156207236235256,2
0.021646643139656807,0.13701478404029593,-0.30306100606700404,0.39069720479640935,0.5218881796019867,-0.014076913021282833,1.205191053467491,-0.17844990240191605,0.5401520906086238,0.6574912278447853,3
0.6098639252879123,0.7874215190007238,0.5366241340119795,1.1770741260460027,0.06009259854228415,-0.3239636170427923,0.25744089290073957,0.9216247007385608,-0.031185077870216682,1.2759018264891893,2
0.3571171912419586,0.6536677188714382,0.36207743935902337,0.6442336053225985,0.016378404488037707,0.18644277599807127,0.8645707049478342,0.3481127128855777,0.8008436589653529,0.2574775922451977,3
0.8237958531062586,0.6194684895797156,0.8165675576923349,0.3744563473351759,0.6260817131484746,0.9819047573947205,0.2755674649014899,0.15408204070194736,0.15435007080962296,0.8621301064508758,2
0.4742086473921356,0.22590096584158817,1.176634884190928,0.5479459425696485,0.7396668032331805,0.4963091757096906,0.47251909826591865,0.4516100172574351,0.9633655584201939,0.4042974778045112,3
0.028814135929486843,0.11871447029295684,0.5236210058599096,0.4749137006890987,0.8713541725036014,0.3103914265773719,0.5434992468572786,0.7662145840763303,0.3920188014911096,0.15968510449013462,3
0.464677534994453,0.9372539275876843,0.9129886975959497,0.6468649460833349,0.16017798448686704,0.8075360033164526,0.005180021731936435,0.43186259881896594,0.6599152395896725,-0.1067434103580642,3
0.7040885492589066,0.2654355180734132,0.914199243594984,0.36418901541933496,0.6966737331189713,0.3650311110464051,0.3460704793942047,0.0390485351267082,0.5485910988423335,0.7953382715654664,3
0.07014460213065474,0.39959101967237975,0.9990017614599508,0.5958205742383162,-0.1609211470730977,0.2169963817257594,0.660890314676259,0.7463847901655828,0.22719395115816635,0.9073634194881652,2
0.9529729190872049,1.0038550005702187,0.626384611075762,0.5974769341206259,0.7967362359995773,0.23787741933948825,0.5519861578202737,0.051771289515349726,0.9443535836492009,0.05662982352638102,2
0.6614154965158324,0.497442680300452,0.5990781523511428,0.6807774746113255,0.056433663630008686,0.5126647841443706,0.7482681316998515,0.5320540417723697,0.551852770178873,0.07897766180073935,0
0.6972524181950944,0.6278694595831065,0.6913483463091903,0.6656610194406127,1.1533388399614841,0.09327848317277199,0.5648917757843284,0.8924754488155102,0.3212175101481115,0.48234330398525593,2
0.9711134623999575,0.9992652484863173,0.6496772393736924,0.008815367050731817,0.0919524708313627,0.2164221549564145,0.029287762790217924,0.7563487768758592,0.9848991425485287,0.6946931509748979,3
0.7264754997504498,0.08110372049676867,0.5718073263064885,0.1159653984740677,0.13419830768431554,0.8607572662323313,0.2730922497114325,0.4683272819035256,0.08222457713293364,1.0408362500895851,3
0.7992636534389208,0.597812117874547,0.3816352803254927,0.725568042298795,0.17955588611509793,0.08613272874093544,0.5296746812862969,0.2840837899722021,0.44613908498376903,0.6414461281221603,1
0.9423099660715415,-0.2566904215720279,0.9192194697729861,0.4711308529942844,1.111466325667001,1.078426189198849,0.15260354782791918,0.5266025907707426,0.8638375911623108,0.6848821261681448,2
0.6522978734548771,0.06913810543653319,0.6114633526486336,0.15920092304862063,0.7497069704445556,0.31247571077348585,0.5458871566300587,0.2043907510923389,0.6317473358317734,0.26024746960306044,2
0.861586554583121,-0.06474767078548435,0.601015055714081,0.09526171764250721,0.22461737663664974,0.890331306913248,0.10081662684292801,0.43260917488758754,0.2044815175162688,0.8928150581143744,3
1.01922150886284,0.5641573953035659,0.8499148567291517,1.0741175700307963,0.425127886804087,0.4531116025998191,0.443497620302303,0.86500467558075,0.2864702294839902,0.5207820493317881,2
0.5279154657776859,0.21162254402649178,1.021217930973812,0.42096986743802756,0.7125652410956905,0.26265759089365853,0.3690365955435859,0.41162280826456654,0.7555572169479117,0.5672443772567312,3
0.9245593181707202,0.8999752265543473,0.13614215687878242,0.7581005938746911,0.5808784222217904,0.33631555137262337,0.869580227464389,0.01588475813974084,0.29856038849850364,0.2850709081574691,2
0.8183263788714963,0.09625059822952264,0.4472615610548714,0.7386388176993718,0.9112787728254969,0.910311657851884,0.3118947739411784,1.0663427404613925,0.7028131591776816,0.20614443101583657,2
0.5322096502057609,0.8214754956382079,0.8759504677178834,0.4566424512528112,0.7530462917448256,0.8072258275356572,0.5539419802602487,0.36607276092258556,0.7287698347153027,0.48355376399650996,2
0.04562585828745258,0.16453377793481,0.5315925896624352,0.48690012657361637,0.8780971110565029,0.3341435972755789,0.5104783676275841,0.730728995480937,0.3960401099956613,0.168580856112299,3
0.8768089210517425,0.5602494749835645,0.898015249462196,0.30244263268045113,0.2618914920647909,0.9590154702351558,0.4294931414027977,0.0005239953600688178,0.7534115788570988,1.0476593479121656,1
0.2154054956996981,0.6317192322047732,0.8525131208097998,-0.0022056692603060583,0.8107106338833078,0.41281125348051684,0.7124119339293384,0.5934308847054375,0.034432848539134114,0.26179736468287185,1
0.6182309511492716,0.7131346338660116,0.4205765283524887,0.9735579857579251,0.3577448135585798,0.6837870935293415,0.5786860296701166,0.7036839063994036,0.6637303920529021,0.010054058173369046,3
0.4280826484465611,0.5073540731508589,0.2548206848226636,0.3521610741279121,-0.00032369053517911084,0.26640959637529027,0.08961370602235508,0.30441245908316167,0.2957780681674939,1.1311009250961328,1
0.1477588821158427,0.9910541575120674,0.7124883766966432,0.5385068976867862,0.8445867751976741,0.23872887112813018,0.9367714874512921,0.38022759128383227,0.6806619819618288,0.6595486029392438,1
0.9007495050264368,0.354800371904818,0.7169249393210589,0.036805418990323246,0.8515360349957339,0.0548385105854533,0.9111617758918594,0.6683258631173947,0.20570723776533503,0.7163282413692772,2
0.6053608904645209,0.5557382099896764,0.3012789854112551,0.2854775568504682,0.8235456055507663,0.3399457442894649,0.3682712653803223,0.07073313389556561,0.23281678081999696,0.20229290944362127,2
0.982068834739324,0.5456168852554765,0.6906892803156196,0.34034048221725455,0.09397013017471477,0.9079252461819244,0.4208806713100941,-0.04275067952122015,0.6559164077377785,0.9737310221982092,1
-0.16804015579852283,-0.21138761261770206,0.4842270073869072,0.2355577500841915,0.08290425961309905,0.5949867194649314,1.1895014239619215,0.7895112180021272,0.5373334774009828,0.1804476551023616,2
-0.3067752812163713,-0.07598383210949822,0.8137834908420782,0.652169817677217,0.8946430284920075,1.2540363442078215,1.7197370145139512,1.1631951445513022,0.765525304643189,-0.1725295306625752,3
0.04935403163775599,0.16754107818601183,0.5351564481452479,0.5120667592042323,0.8710200506608903,0.3395907617642338,0.49809317950816323,0.7425343925488367,0.3978158610779882,0.14988523548552668,3
0.056537025706756686,0.15697281411309028,0.5268879133592546,0.4937338708562899,0.8757764427291514,0.3372264774279249,0.5112795921336123,0.738064568061766,0.4026397414662007,0.1580601613617372,3
0.9053213991394806,0.8887048555697435,0.12133290872524431,0.7601736026667166,0.5914241610923645,0.33386319592730024,0.9180467177512455,0.009075197034751582,0.29601556153739417,0.3291871855938657,2
0.7077346335957794,0.12891614941708923,0.7410587655945177,0.29939186542935736,0.04099084525422536,0.8665207609397867,0.09818976117801774,0.48914022906156485,0.1536854219110625,0.9634198854962007,3
0.7778906363911194,-0.021008032992188466,0.7458518883635715,-0.0442761114839402,0.6842664126942966,0.4788265313996678,0.5741274449325394,0.24587910003394892,0.3987791321918287,0.34243546833079447,2
0.6947740656185041,1.098282404024612,0.38051950962733405,1.4035650452132862,0.03132433288005798,-0.6548205136018891,1.0221636535383984,0.5205473340428335,0.4032031086868448,1.187379914600873,1
0.23181887941564033,0.6506458629163255,1.0594232567084438,0.1922895003000645,0.6589954650307686,0.9265286946044632,0.634378342976862,0.8603213672414046,0.5930966947770311,0.27287164768869776,3
0.8451995187244612,1.5196107819949893,1.38168415218503,0.5498916479242678,-0.0685255579780849,1.1749629430946347,0.2652443585942362,0.2976880290409183,0.22474507435553776,-0.010322516814375182,3
0.4226263311527391,0.526263676852054,0.024083408909350568,0.6706017439971822,-0.06533759691205912,0.27749599140410397,0.6550717771593544,0.19095445330765382,0.554085141072382,0.01141032597452521,3
0.07689928081069082,0.8896443213849119,0.28113208465736295,0.8538654738049323,0.7827381804543717,0.05256569490872702,0.08083490120776388,0.7405849576672117,0.18020692906851438,0.9425818160348155,1
-0.3251645230003287,0.7974490591857282,0.8182419932282003,1.077824823655504,-0.20807857724463366,-0.42220045243726123,1.0414780907536416,0.7302074895531224,0.6817219817075182,0.3178473710952547,2
0.6151809611422222,0.7358510835416645,0.7577401934390537,0.5347784633531362,0.8245299792557781,0.9068718435766575,0.48243929141054676,0.47351751589338287,0.7934080010538761,0.5244918860041673,2
0.31279341065380656,0.6077654151242197,-0.08429795675963037,0.4451641407896038,0.9565103987415743,0.4755719277130973,0.502330172020971,0.05430263716567624,0.24756951880608313,0.3781789227061867,0
0.4357717040239457,0.9008995608094252,0.12379868796330014,0.25213973693162667,0.6943315561087796,0.15610618972758478,0.8930643856270029,0.28074912111073397,0.6466604826941103,0.5591206852018631,3
0.13139831215136272,0.4076608662537868,-0.19261650769987027,0.3543119921229503,0.8737413112106996,0.6680158759937382,0.4072468031458823,0.2451233257565252,0.25488642793206623,0.1772451900033861,0
0.03376340709748031,0.9512482164785867,0.33425153211818587,0.904605006341875,0.77484539995781,0.11404343310677088,0.06396409437415533,0.6894104162101745,0.2276319930304655,1.0056622055967612,1
0.9456359795202387,0.9517122591075344,0.07190119078609823,0.7390634777734292,0.5307371778707778,0.3078589519000521,0.8581562728669266,0.05361121579471986,0.2912759887100562,0.3529895925269279,2
0.07425362331430166,0.12278677373588416,0.5610938396033686,0.5128795454179305,0.9004562040448755,0.32587004572626943,0.501216979899218,0.7772883553713067,0.43829744782435365,0.16398643419602826,3
1.1644564406398752,-0.0038060615647143303,0.821608908249114,1.0127576394762703,0.6455829150722979,0.658852741948577,0.015013832744266653,0.7950155887031298,0.9661059136727123,-0.04501521123021013,2
0.39065052808594924,0.8518098765592023,0.07179694679817582,0.312108577387726,0.6679124076624211,0.14855199433913593,0.9079001577993645,0.3658961217297308,0.6591318039074097,0.6156968180111438,3
0.874529199317654,0.32015577785002486,0.7243957697477384,0.028288852331559963,0.895270028960241,0.02596542054322573,0.8805999262910854,0.6576390179374431,0.2331124496399191,0.7614388262330792,2
0.07935099245676432,0.8900514535323298,0.29647075283181346,0.9212258446179227,0.8089878126579212,0.10361450706565664,0.07652080933798092,0.710169402940102,0.2479641600015637,0.9172288020600197,1
0.045874198908939956,0.5163124188040863,0.6941612117955854,1.0491742686686318,1.0656884039888566,0.8176256628056787,-0.3544180675967682,1.1853597473259052,0.1740620002257165,0.5521762035573363,3
0.4908337944638217,0.7100778037436571,0.6255250285875721,0.7761854399809779,0.1184184451141338,0.8286023185822037,0.1283345098746537,0.16008368519306249,0.6481202186803595,-0.13620166473414175,3
0.8192782466026333,0.9411420815774432,0.7555005340717685,0.6570253078963666,0.8649617977558792,0.27198886839290054,0.3868292063491071,-0.017136616731977028,1.030306740507837,0.10796310464863869,2
-0.05452502066919762,1.033216067382499,1.3567298838881179,0.27169220899980184,0.48914703197604664,0.6430107724367395,-0.6227191164352486,0.5033692441810098,0.4767106974657122,2.018495703963982,1
-0.025888101381494708,0.16963068317211832,0.4584515328025203,0.4538372820781841,0.896576032798593,0.2969607131215526,0.46379306763690636,0.8109644766731023,0.313588194163141,0.15656325504942933,3
0.7052148217852693,1.1119272640498896,1.0102197780726416,0.6752273773085281,0.16262906126331772,1.0069343735922223,0.0678905891323241,0.10122925639767205,0.6765378985609468,-0.10247547456723821,3
0.1935959684783636,0.8608187127797209,0.8783657828139539,-0.10110925894271994,0.7765416387525276,0.31151643129203016,0.24360919594113484,0.8810395415015485,-0.050013181909834725,0.07116783214479333,1
0.6518018474017478,0.015731094536174963,0.08526529502252632,0.8719808382573201,0.939842891588318,0.13014498832196242,0.027465135586171113,0.5700885500870303,0.6878054094301888,0.41244232609225073,3
-0.9373105567821564,0.3139883543783415,0.12991295941176284,0.6998578512590717,1.0363140991270439,-0.053622735809743444,0.8097282969743923,-0.016134258311884864,0.9424524125417839,1.2689462578221238,2
-0.010392714586125285,0.7783579368765737,0.2469149641533848,0.9866255188487066,0.8565849138263298,0.09310545560525227,-0.00911903179838066,0.6368802739407591,0.06867215704280152,0.8147427895010043,1
0.492404409035447,0.8257526534593751,0.8527190620460051,0.5073897175977433,0.7354283998209995,0.8646523949147431,0.5760786612400758,0.3295669657700014,0.7281038389041409,0.42230411781455773,2
0.6152644483369076,0.5622594251404336,0.2992939405185634,0.29457394162499634,0.8157216003550485,0.34157966700209874,0.36855726283714385,0.058655633819218636,0.23469328304462175,0.19552389116562433,2
0.3898861998713487,0.8279101366963164,0.16793130312335766,0.4259502818287537,0.6317741055099246,0.15010071903015634,0.7640089490553061,0.35180917726565314,0.5182078436273656,0.6117646835865085,3
0.8710932180700083,0.3388103040745527,0.7182234983373154,0.014938394257728117,0.8913760925671221,-0.0008554466892368093,0.8964742401910042,0.6775633552225191,0.2429740355593906,0.7748486767160936,2
0.6709679993122165,-0.11064529003164258,0.24566901397177238,0.6073563224471743,0.7061573168800686,0.05289996145284592,-0.2665544527970337,0.32436010652317293,0.5161631101518513,0.6513163520611378,3
0.46273278418817054,0.5386572546735264,0.4804268045019602,-0.10476494045590984,0.5040684621791294,-0.11191693476362197,0.3724444632973156,0.11933283610333728,0.23118448416802623,0.43995488400282806,1
1.2942475872374466,0.38859629302946325,0.7766750715213441,0.4915130313812206,0.09597249310981437,0.8930467384831499,0.3162820469900383,0.19024679799447466,0.5402145395771552,1.1756707974555005,1
0.903668495160114,0.7472132081293643,0.2450301581690726,0.8637345221353421,0.31157671941329995,0.004606725943332481,0.6283677145503358,0.1347358672720873,0.2481279594562384,0.607626635463005,1
0.9467242189618952,0.9939608452601248,0.6183421700847382,0.5998656888289389,0.7900919169280612,0.25990975619306395,0.47123657493804577,0.06739072635874069,0.9137185176166168,0.021292784665692562,2
0.8586474150187264,0.9391540007644202,0.0992258195897695,0.716498015935406,0.5158581227530304,0.38627976369380124,0.8427496257581973,0.011080814066445602,0.30317978863311373,0.35408032466660333,2
0.854079661669514,1.084532921846914,0.2933063862763088,0.5790789033356568,0.3730270288913601,0.397927555893546,0.8532662762750719,0.005917088282043513,0.39943151635368956,0.505411482536112,2
0.7491195005249881,0.3154528885910459,0.8287407010513095,0.3546736206628234,0.6072379987086568,0.4058175234041535,0.3148585303245799,0.7387970765772627,0.37799709629521033,0.4766740156931717,1
0.6535966623108801,0.5092681100654414,0.6287901397182418,0.7130833182292888,0.08953425268583984,0.48549830734422106,0.7585328610425524,0.5223358074206557,0.5934122347298905,0.07066809886708,0
0.486771792298157,0.8657075250578817,0.8154908055331632,0.4715209683563637,0.7718223135911368,0.830544307528488,0.4923617864428561,0.40602757948521245,0.6738756928282186,0.5374042573260267,2
0.149918526157264,0.47139417856868915,0.21785194785300246,1.0283718561873283,0.5293870373891967,0.919273872810982,0.5232969523469957,0.7924157393149182,0.6178777126030672,0.7694335256669151,0
0.283306566705182,0.03534023003629935,0.9244428070197522,0.4317973378849586,0.624709148241668,0.41936368830821,0.2886323351956693,0.39479042105117873,0.6468225173711725,0.7756950771438361,3
0.7578595412380497,0.17092724817979033,0.3034140469928242,0.265080796431231,0.8073942370795534,0.8957280369534734,0.7071932917950481,0.5418671748434344,0.7717186891191354,0.08485471351576541,2
0.008057966404993192,0.8600821374130152,0.33478093797599906,0.8850725235043185,0.7497315718701151,0.03604404859257238,0.06956813178616474,0.7542266896748119,0.258125121893313,1.0209844492554518,1
0.3586057125325011,0.2122317025687033,0.09023312739657256,0.6913404026623479,0.5428486381083858,0.31601069022474026,0.7829949861231488,0.33659251048455,0.04911095781184589,0.615296877715004,0
0.9132137518617732,0.8962264852701122,0.1191904371445324,0.7670651692361903,0.5604063611380566,0.318198522755949,0.8820204773892906,0.024353563900898923,0.30513451545237297,0.3065930542578329,2
0.013682986044369412,0.6147300590952769,0.8151207682968346,0.22664480282536198,0.7295585168629121,0.6793265514458873,0.531663245827262,0.08127081000970542,0.7788643102634359,0.01840035167706516,0
0.7120678017756014,0.7891493397412765,0.8710171335975151,0.7717578271742264,0.4897464508303566,0.16520037597322293,0.12265514751387493,0.9354685401326095,0.6940254843303892,0.7916887784806971,0
1.3437152746154304,0.8279851444580114,0.7048402662514532,0.7112662334078017,-0.07737468418208279,0.19612593737802403,-0.3192283020259601,1.1448739449592011,-0.05683749972570015,0.26299647991143676,0
0.6675394349297623,0.5043476703096295,0.6211133481033868,0.696487959797208,0.0805152401333073,0.5380919021562321,0.7832667474926575,0.5427265545585263,0.524942127228872,0.06318599804827411,0
0.7564697473323758,0.2550889617508786,0.9755351848415107,0.3120940165202279,0.7334389512372036,0.37355860866979496,0.30153114548898374,-0.032751515159143096,0.49636205777065356,0.7659712974844404,3
0.7200345315436343,-0.11247398156712288,0.3152449180106008,1.138877115822558,0.6434787273717437,0.9582062018892002,0.27606528176920475,0.6802987067073555,0.8756576605850517,0.021321313699815936,2
0.6741540882997855,0.2559915943046674,0.9211296379257461,0.3858681646011602,0.6969464157204173,0.3718778971643622,0.3330884670533902,0.04780776550566809,0.54686734874096,0.7520496577840506,3
0.4038575408234071,1.0432337515548116,1.6934796714042397,0.3564376572100971,0.5149200888974527,0.3959732966425078,0.6693679328476052,1.0584381451584735,0.15301935170248335,0.5445265419821272,2
0.8277540405713479,0.8512014604838047,0.7577201894193496,0.7998879724995418,0.9071867463607332,0.27940095885572835,0.3436688372087612,0.8129948306911878,0.3125009986850943,0.6177890127072112,2
0.7263510561210462,0.9756421010051464,0.8140390311400972,0.6304538542661086,0.3039725541799058,0.8849131308174103,0.23432246670015713,0.19182459276682418,0.5389854887826158,0.12094425850586477,3
0.14268342682355756,0.6642924592125998,0.6884807951347549,-0.08128502915259872,1.3437427894270737,0.41783132365171416,0.3749513955131328,0.2394398183939115,0.05818016147436911,0.5693308789585062,0
0.5994865422987761,0.05975307379152135,0.6621924945145581,0.07384671576617927,0.7900784622405208,0.3374426268918974,0.47998332887611284,0.302265122205431,0.5629293792588901,0.33665118836909946,2
0.1776663327473691,1.0156615468144863,0.7045165299455266,0.5244724627633323,0.8592937880765568,0.2539712246329672,0.9339617581084623,0.3863002940168903,0.7053645389779227,0.6891937504721853,1
1.0164757182904365,0.48609573528497646,0.7549225589023753,0.34431287264800836,0.10111695500760261,0.8485131703965556,0.4214987533466244,0.02098155284653019,0.6531226127605717,0.9944003101356771,1
0.11744183161015015,1.0848156838597716,0.6584795092833794,0.7733917316116402,0.5958283040197339,0.1783675521562112,0.7858042651025279,0.5608026248436029,0.7391878026787729,0.8200569630692712,1
0.6068533465122122,-0.10356055947616033,0.629201057233987,0.36771739901776757,-0.05175087242722867,0.9982745375293595,0.23675320780655174,0.6770763109082516,0.3024615975839081,0.8490132679867044,3
0.3079532271011954,0.7872577353076385,-0.08030057957207298,0.23469283857564363,0.5832990555298387,0.12182797640579042,0.9835139127577938,0.382665880917042,0.7892595742919009,0.6915876967946657,3
0.9837068229509776,0.9389444747008412,0.18769937715624183,0.8755644900405063,0.5538578701921205,0.38244071465147766,1.0175587983300176,-0.123211157343936,0.4492144122433731,0.13329435800560432,2
-0.00487960512724072,0.0570371261699259,0.4807954473141389,0.5007271669105721,0.9670818260619358,0.29394126836580514,0.5013038626956117,0.7812369232642592,0.5059468341279227,0.19328875676541807,3
0.010891467167635827,0.6067311552212166,0.808139429430707,0.22055827238115305,0.7250148121220005,0.6765112341824158,0.5250629833220679,0.07743059526240785,0.7762044981219675,0.02630174435090626,0
-0.11299663496933263,0.7519933941585758,0.4731189646889572,0.836573824511229,0.831730624323361,0.23419584969416268,-0.13680021640643836,0.6207271214989121,0.32911463733917456,0.8511021629232429,1
1.0366549490974606,0.8175052711952713,0.8790621910793669,0.6723784359442867,0.14296391587645207,0.5465929272777096,0.09153980377615681,0.6572161402501794,-0.010235133123361481,0.4177693858392558,0
0.4131005612955758,0.9061598710912573,0.9080412986921312,0.4319906318367827,0.6381157262386425,0.8929081009947382,0.4637118605449615,0.25168574289897855,0.6946109642757736,0.5629289537249502,2
0.7404653415167264,0.4758750910699033,0.1403295818083301,0.5370947157934433,0.19114911467243056,0.21752569633544067,0.775468037696279,-0.2290153911149308,0.2990289759186797,0.5494973209052595,1
0.8097284571456027,0.5819680517947174,0.6515496727523356,0.4168577059468743,0.6194092093265041,0.8692502924406945,0.2546458849626388,0.027614377778496235,0.1859715416171897,0.7936951028217157,2
0.8683632453880675,0.8364121637908304,0.052459648116139374,0.7317330523751048,0.6225960780081136,0.34440316811091576,0.909016921164487,0.055197621151919146,0.2416521366258402,0.26293868850563223,2
0.3412323768495723,0.27053991009911926,0.03704724497730947,0.5869368783328069,0.6463210498585596,0.2526259934121756,0.7000421123021842,0.2556959451681111,-0.008496327035294224,0.5876697042437584,0
0.8497818363081093,0.5677454901803853,0.732040632935526,0.3477309583766018,0.6421830151644455,0.9463548414257499,0.35210295418168414,0.11936306027813612,0.24192338216284148,0.8491832404978822,2
-0.08676081316825371,0.5600558462086516,0.21651588569277896,0.3835103778726784,0.869784779480504,0.6294657196046676,0.4518003210120903,0.3372630898667991,0.22076541340310343,0.4806119252114206,0
0.5465502579717711,0.8621970851066828,0.04044855701243974,0.38455340213355116,0.7768839989571367,0.3218304759311975,0.7577890594947585,0.34561778153924,0.8154756530823095,0.7020377067488413,3
0.012684241447905413,0.6140704341812684,0.8142860488952074,0.2268868078793542,0.7297957644939511,0.6786032908871998,0.5311280166424509,0.08220509839030643,0.7783698815526393,0.018847184049582064,0
0.5912791364187562,0.5446395654228815,0.303661672900198,0.297683289705108,0.8307384756693257,0.3457436926522682,0.36989057326422775,0.08504987944429916,0.22779148196711538,0.20154553286449525,2
0.6388409921842119,0.14272484909793748,0.832395679862405,0.143213873153522,0.09886937821970287,1.0632366772865305,0.11131522706827898,0.5002345414128018,0.14303141066282826,0.7919431255529634,3
1.1931136551088155,0.03849167014792096,0.7478162140804562,0.31221081814101664,0.5418278592630513,0.15989389862633938,0.750775951114259,0.14706694947895665,0.5944863987453476,0.01811463844187139,1
0.481252985101658,0.7944201374357517,0.8884798632682515,0.5120984887756216,0.7204527960784017,0.8197253375390285,0.5573407372352648,0.40458172715726115,0.7164219689641241,0.45016971749471785,2
0.7375531900246098,0.0747540839950504,0.7817756208594862,0.23117671670279186,0.0668881938382011,0.9211780495111584,0.1410582277044133,0.4504045939634171,0.20484357900304653,0.8665983785167483,3
0.7028764682812155,-0.046776957727162574,0.6626941063742331,0.059508674213505655,0.6297214045693276,0.19651966079260208,0.64639749270683,0.3347474252348087,0.758319285095976,0.2634077044454474,2
0.3563450491890928,0.8437627692059477,0.6944015488954116,0.22779906028477126,0.1430995460831275,0.7784111596305037,0.5236705768670964,0.49233483399594574,0.37657211932238954,0.40258570433300345,3
0.025477018525403447,0.8527636662845353,0.2085454917310997,0.8922107467854418,0.847077679420944,0.04199954521014292,0.09820445450779713,0.668856955134014,0.21058213226843092,0.9512756287632793,1
0.6810685019309304,1.0611635469027951,0.4738178617276636,0.387316547583596,-0.02113405020904044,0.6967048553981867,0.6694100836872872,0.5971271302266716,0.018453068724878008,0.19248679889415773,3
1.1432392350440463,0.31296030294981414,0.5791814492235184,0.04946041121352779,0.6518244041927391,1.4219288832968107,0.4940865359750404,0.5917787962343543,0.4799846916686863,0.584516155225451,1
0.41014966409613,0.7679477743673502,0.07435888152196812,0.13399939406564584,0.7928561707707728,0.029928367402129397,1.011380759918339,0.18874172349204443,0.6170129166464667,0.5057396414886556,3
0.6085856600527219,0.5496459611459511,0.29710280723472393,0.28860557113611096,0.8178746027975007,0.34176925058922275,0.37146738245187383,0.06715697891826329,0.23002919211526798,0.20197665361424755,2
0.9659821725127947,0.19445923051016656,0.40997907921253196,0.7668518537922064,0.5954828225205483,0.8025340157081349,0.11510511668128855,0.8505399690536332,0.5444403434093753,0.21466530051809835,2
0.14758898541758675,0.10045938496409934,0.7166081820588938,0.317949000758476,0.06295486838529449,0.41440081649589544,0.5563363663996117,0.41863852018192166,0.598398610212785,0.2733234472941977,0
0.12300073918749821,0.34390032331366394,0.8126739202164868,0.7783508320188407,-0.0887389183537787,0.0867043271425496,0.8208510833523222,0.6543397315479804,0.47831855087229697,0.6766845634520599,2
0.9904747424551302,0.9863213775048815,0.6263391243967887,0.6328696906737798,0.7813170408063768,0.23968432150233124,0.49005831877749473,0.04914064614678628,0.9107627594689162,0.014741331008443144,2
1.0417382539665683,0.45138770890152224,0.7307571178350315,0.3494757722215938,0.1575908097063185,0.8450602521494228,0.4446438113295548,-0.0053232310830079975,0.688745711256593,0.9651965720877386,1
0.6657206880599632,0.4946366836023297,0.582108229825007,0.6679887199597244,0.06539130792561684,0.5155174095219219,0.7421156295785275,0.5259396461697019,0.5615473407509641,0.06839734711870156,0
0.6770929496734276,0.49493652178937875,0.6140593472796341,0.6949354673883906,0.05150621368587018,0.5036270387181976,0.7445832171166806,0.5315667635038324,0.548924343842308,0.08620499316759876,0
0.8981997391318581,0.887790225947193,0.10545824887056723,0.7494826016068865,0.5534713232499189,0.33253845668746607,0.875458336124823,0.0013263577376687735,0.2712448640629599,0.31521046370748157,2
0.7601560416288385,-0.23694747592998977,0.6412132860670324,1.6401841881169832,0.0026233633801139578,0.645942653408179,1.0400977620159113,-0.16280229284676884,0.6834176698845379,1.021602187849592,3
-0.014522132188080836,0.08651226502820986,0.7333102667187341,0.7256138537548307,0.15609744738961384,-0.39372357660729596,0.4789717220212562,0.2504467808874671,0.3997930538432621,1.8237512790321069,1
0.5632471110040911,0.00865806719480483,1.0729084271525267,0.3977635411042208,0.8524928995741169,0.41977214264774143,0.24377678037763983,0.49108809167008927,0.6818790885924046,0.3386558512445754,3
0.9968328128708209,1.0109649465788033,0.6392043769884843,0.009897040397409677,0.10633478542232092,0.21131679351511798,0.008997046792209216,0.7739174581486667,0.988460195728907,0.6852372864503444,3
0.4159930175829756,0.8302689866669624,0.07238998243556323,0.32195009782746425,0.6377764705909974,0.18447423779980354,0.8694468224917262,0.352001209153464,0.6611233896985016,0.6194088826938792,3
0.05428890243055442,0.13383886453283517,0.5392537871760861,0.47695267343559844,0.8535155420618432,0.3323855239232856,0.5045918517512505,0.7277793158613074,0.38519027746719503,0.12541166614157293,3
1.0136741359371604,0.8598908474591094,0.9179841194292886,0.5967355919263393,0.8353160919226842,0.13690439406353766,0.45894745318816255,0.9043900476743884,0.4109234895805831,0.6645584970038044,2
0.6009112323944443,0.7672422478761612,0.9070803028694941,0.44204921215313475,0.7266434791517369,0.8161486599913342,0.6522877938310195,0.36873050240934613,0.6954462640799122,0.35136293932025575,2
0.2558662366754389,0.5471361347176517,1.168536685493852,0.20780960486068215,0.40035536263363064,0.5118165505458656,0.6083061973355192,0.42584454875261124,0.10574069993300082,0.010290652587789773,1
0.983830924826105,0.7748511041154043,0.7989874806532269,0.646971815623529,0.07079697279854189,0.4470870169157286,0.09528835341880094,0.6851780120466449,0.04524565917188207,0.46345620841218743,0
0.8649577639993733,0.5541485831227864,0.8129000653977294,0.3832847121293266,0.6693932642899948,0.9943829735045471,0.33400992413987207,0.10569205159360441,0.1596163906115881,0.9112979799015416,2
0.08176462461708016,0.33779257457825373,0.36844045430336514,0.9672826397477234,0.48042140591632754,0.8062712959694603,0.4885147485663371,0.717124670217888,0.5260396615154163,0.6619407300216501,0
-0.009723396725604627,0.10193220281612364,0.3488604675633875,0.49180500415593587,0.1402403512377617,0.575880493260267,0.973801306557816,0.6918317203580535,0.879446981419754,0.4833080154184209,2
0.6115802449595228,0.811099466887425,0.9849729932862213,0.7497419178945066,0.44270923209628066,0.26283008633404426,0.23787425127213596,0.8985167097530709,0.798407804513724,0.7931074581864656,0
0.6537130688168824,0.9182712162533,0.5716666716423144,0.6587878506177897,0.934223718295651,0.49518184376614416,0.6039884524105888,-0.09753006616814894,1.030758895236464,-0.18853014061992046,2
0.713488054326357,0.25570038376463006,0.9171857516588047,0.382642582629817,0.6925618491381658,0.3689378776875552,0.33661557339268006,0.029245212167654622,0.5422203198070674,0.791669077389715,3
0.7518371801825608,1.0005545769480908,0.8792470791675955,0.14590507923024326,-0.020581993389978848,0.6168226590432586,0.6412105958655689,-0.34495369847794843,0.6358926948637154,-0.29705928372746127,3
0.4633956483336805,0.2965171338537071,0.5208983337464497,0.6850269616734297,0.29709293127621034,0.7756759731798271,0.8194403927231989,0.5694300471670387,0.4018295709155186,0.7107056087050505,2
0.7722658394651009,0.8227657905936124,0.7450875217073181,0.8194612864052587,0.7851402149504667,0.262913183599449,0.41071326862827645,0.8380577548959804,0.3633429562539879,0.4980216197716075,2
0.8071523094495154,0.7418110915215632,0.7878439230758311,0.7197511290225275,0.9715574517127531,0.2546915355194641,0.31213149362695813,0.6779598956421772,0.2162585779866714,0.6768764738132217,2
0.30254242384786584,0.5998376536551763,0.8104452998902295,-0.1046991248521766,0.8220641583443604,0.3217762186968136,0.7805112489711035,0.48058535447111583,0.04545781700105199,0.34651593868861674,1
0.7898199127221157,0.5752821797538334,0.7972826338228287,0.3758271266133286,0.630840949862076,0.9401622807140173,0.2666347682098544,0.1387509671408201,0.22202847851413024,0.8824399515336331,2
0.36645968869508216,0.1367060371856226,0.5789362200998418,0.8036206261456135,0.6963474140602723,0.7399956536675256,0.6895534341196418,0.7303938946111789,0.8772207039449231,0.3968751582712231,2
0.9563676661379152,0.6372773368397135,0.7025464876116547,0.8564462924918474,1.110072174692512,0.07294585948058785,0.43301034234365954,0.9666204263483625,0.3840153151077218,0.44951254693652987,2
0.5669473131014794,0.7900071603192172,0.9801282846441791,0.3697568002704025,0.6703179988772684,0.9121556929176273,0.6441659792289441,0.3458369887288829,0.7887420812031214,0.5331658832892359,2
0.7164841392856095,0.25919078307721616,0.8970461707275064,0.3626916382387351,0.6760228532514088,0.37906333040446594,0.31321928818984623,0.012555280604002968,0.5249998791491793,0.7841517122472067,3
-0.09765885948124406,0.4730294484637324,-0.05378041887283663,0.5695322505562899,0.36665673104658963,-0.3107837491434478,-0.3805470121938407,0.9314311535593514,-0.1646372652954622,1.2974076125174474,1
0.9596704406073722,0.9867857756189045,0.6348177937825467,0.006926604687795373,0.0778046035403771,0.20104599727326194,0.04195753039894584,0.7665111615508614,1.0048684124567855,0.6745357177774465,3
0.010944444006788043,0.08501089227737518,0.4118613803104248,0.3186474579036537,0.9555441348440632,0.4934995005423752,-0.04443856415813845,0.6021290921065525,0.8712412051073246,0.8651915009480621,3
0.7356780356889288,-0.14282819089410476,0.6761065346054141,0.26196944473233524,-0.06755671622803167,0.7571005683988012,0.18113264619236258,0.6694224662736414,0.3924010831051413,0.8104872241848089,3
0.8619845535079759,-0.12848262332292873,0.09391336549891355,0.49864266041688343,0.09201520060660638,0.37608910697999687,-0.05759584284140511,0.2561386308638528,0.49571368167699204,0.6612497536483969,3
0.027863321957827394,0.3498463271313689,0.44465641460708966,0.9559967696658106,0.4693462148176811,0.7387977960113014,0.6312590702653311,0.3032716200261471,0.5641443477323815,0.8525242099690097,2
0.6293335414290505,0.543723676416618,0.6005285186850443,0.6291694715574194,0.00855156505133698,0.4911989770869711,0.7594782112198298,0.5591741757277804,0.510216736991957,0.040681008042569126,0
0.710645202301678,0.2600203642180234,0.9013639497908298,0.3913553447832998,0.6691011844847043,0.3575154207299442,0.3444183459453994,0.039098068011659076,0.5396273566149125,0.7864068903269773,3
0.0655727920881872,0.08486007402099069,0.761434188480162,0.2949563847879876,0.03269006605667839,0.36506867044647834,0.6107447141795345,0.445752451571485,0.565156915138691,0.2523803867103143,0
0.6017069785309338,0.5540970645447767,0.2992268273214306,0.2808055211412805,0.8252723826186513,0.33969261258330535,0.3702765294242951,0.07581341445572619,0.2294482552617528,0.2075586181433407,2
0.8394783914883162,-0.4685986212879309,-0.07745953511084036,0.8126491285350809,0.7408354663098129,-0.06545896616003721,0.40289868241686283,0.42431809194255665,0.5568664012134261,0.4341826973741558,3
0.5542307198924971,0.5347315088070643,0.7217351051091858,0.9537579190095214,-0.004673729113609727,0.1894169566969197,-0.02225880123574503,0.9352096035247706,0.1703267729999562,0.3926622318873789,1
0.5031960971937487,0.2737966556832689,0.5652263048948575,0.7338788088529661,0.282384437896232,0.7334040133252043,0.8634377762576474,0.5932684600746515,0.4126752535356171,0.752461252974753,2
0.47603515050170636,0.7827834606878468,0.11829473260993925,0.41495340611422726,0.6485725483025976,0.2554779094561592,0.7255330559109217,0.20811514149747404,0.7864043902432353,0.6421262446615462,3
0.0421462334947946,1.5295741374111418,0.9995229709695328,0.8536284276236961,0.6092969452483163,-0.2117114948571741,0.3379841664204554,-0.13759332570386007,1.2745231757180302,0.862308691065312,2
-0.1250056121529368,0.8087500250184995,0.12076589881893524,0.6547494069442232,0.5037599172348111,-0.2845354483466819,0.392340275771587,0.9004821193556262,0.2928169086822512,1.0221549993380181,1
0.08460959224504414,0.8400285863531538,0.871082939398532,0.7671207588872127,1.0295225674914519,0.08717619916895486,0.8832525187322854,0.6030732284531204,0.34894280832370644,0.32490007970718454,1
0.7902623997670872,0.19911677739785386,0.2950290018155016,0.25596070351940253,0.7794592157385772,0.9037474250194841,0.7329481964464625,0.5477814194373343,0.8014560193041381,0.09609848481563046,2
0.7240321862675254,0.8327964414355281,0.6449345201311035,1.479008689871741,0.2354239299638874,-0.4118459851145186,0.49504499151065084,0.8476705723543451,0.7375184799956219,1.2163262509348505,1
0.2643194410994318,1.2410934846112156,-0.04526447650538512,0.07920479554506266,0.15103412113963,0.3587345619955382,-0.12029123137074216,0.5997081570586869,0.510138505195688,0.2351932082588561,3
0.06258166300268528,0.6831489529598123,0.048482120272895265,0.2533323099557295,0.8511181956644437,0.3936858174595227,0.3614822716822151,0.3495667325222591,0.16606751634916528,0.40064374251155727,0
0.7899500763269514,-0.018342449224826418,0.4959941973152095,0.11064392453579297,0.5849256245149592,0.3899355102187049,0.5239773362876549,0.24520017759206003,0.7087055450645964,0.3473072138087739,2
0.017070301647446065,0.7085176409542148,0.16292667528338534,0.16848537020911097,0.8205113670533132,0.4605224693882808,0.31307007742415294,0.23235000247900295,0.18622002618058703,0.43406327589096233,0
0.9524956806250722,0.14336583406798348,0.531933796840799,0.8601714937356937,0.6997332378271727,0.8052327754644399,0.25591975188849486,0.9624583344416202,0.6409140320611549,0.2758677247768854,2
0.9608797661209304,0.997980207281235,0.6554491601325799,-0.0068820179577824825,0.07600122749782512,0.22045131515867242,0.03460847708666504,0.7363726780952075,0.979737750653013,0.6845546570806488,3
0.9787169847656577,1.000402927862357,0.6583417520022299,0.012673651654457843,0.09237368473282541,0.21817800993069814,0.027466646972744868,0.7625752541509698,0.9675912370995142,0.7087648754361812,3
0.07911261714123101,0.8159544884197724,0.24990834965098394,0.9257102907284798,0.7185424814870023,0.08774262359317817,-0.0024066987929767247,0.6467689885255872,0.13211459829392164,0.8946438507470116,1
0.4279427604278819,0.2403898939342139,1.1102610595459463,0.6349002717352941,0.023626802740097423,0.06877068795653477,0.8373125028975084,0.43422869598227776,0.5471685783495817,0.6586873815829635,2
0.48784941195671394,0.24405510828937638,0.4538225115143788,0.6226179292087848,0.30452292046923013,0.7805963741858342,0.8001889959818614,0.5553854495003518,0.3913436360303461,0.7204455017099265,2
0.14621073001991947,0.4196806674038329,0.9934542999702286,0.8042826409556132,0.5101198656026437,-0.5053338385949325,-0.12458485235784833,0.8220037249640666,0.19753016447019062,0.46719933885138476,1
0.8579405062104888,0.26777000377717464,0.7036502600135095,0.027688868261184676,0.880070048840623,-0.02261188203983524,0.8704826398155352,0.6805384515623654,0.21172191270364077,0.7742464567413843,2
0.32445808996940534,0.7225114303001171,0.7382925045748459,-0.06990792189188032,0.937588958800532,0.3033607181585089,0.5969367469927902,0.45168920861623474,-0.030878406334039238,0.26583194293549256,1
0.014060733185248586,0.2649937617612917,0.4304604743563174,1.0822931552793966,0.5822597166909225,0.7520349969900112,0.42929906172306237,0.6582556177885593,0.6878171762698946,0.5282358690756452,0
0.7318634352012091,-0.10445584715327474,1.0857209020646075,0.178352192706605,0.5235033690239365,0.3587614192117561,0.3795249015116341,0.7513831323005394,0.25473847891209767,0.19091856872492544,1
0.6133572215055031,0.5741557367995953,0.31696038580032027,0.2778543376653123,0.8405745740355254,0.3422198984960614,0.3633332273740695,0.062155389398986,0.2298521543407238,0.18593892795116762,2
-0.02333902924021164,0.777517267359406,0.03681951758811727,0.28581946155678495,0.8374250975434689,0.5629099754690212,0.2665030235681589,0.35358810695544907,0.23332363222033056,0.4404006211388128,0
1.5312760355279766,0.09673479615221128,0.18234331145135813,0.36136717595268464,0.9456229983103015,0.1836836303269599,-0.4829441391428836,-0.26306038652097263,1.3089830491154562,1.3001826968000638,3
0.08812319569181418,0.1841919205712824,0.5251047149704361,0.4650528274729282,0.8432090237155605,0.3310164678894277,0.4876160912038909,0.7402003497100521,0.39204085734097854,0.1525509423924249,3
0.6821467552193876,0.7857925825359394,0.5736360469738593,0.9502282409695308,0.3979988516741646,0.061971874776819445,0.3837140919878782,0.24797843941882936,0.5061514773568669,0.8036964510290812,1
0.7330569602158671,0.32873377193334896,0.8271074199746408,0.3867750450801452,0.7385890602210705,0.4311240218540411,0.2839884681217862,0.12115151019220764,0.58108916811694,0.7916434162274827,3
0.822805190957859,0.8345663216178181,0.7671663244542687,0.792817065980505,0.9163001237857848,0.2627445306979566,0.3622153517709842,0.8022807968206446,0.32804838798335806,0.6172956340440251,2
0.052846058053872054,0.15688265670442422,0.5269763046498152,0.4923880784986536,0.8803300283344003,0.3331372480189896,0.5058767862117783,0.7329216194312503,0.4032012318373008,0.157732091138006,3
0.972875101696363,0.9687761484043103,0.0968079111157377,0.8241219640027299,0.490007793956535,0.3961056270168051,0.938383279401461,0.09113061850084424,0.3446105368053091,0.2621973988254208,2
0.5444259743279972,0.790759990050784,0.505999894924855,0.4126935497941101,-0.02078375861566298,0.8378670788806952,0.7440712873402542,0.6562917522459641,0.30957290061552745,0.28429182902123873,3
1.0139295632130327,0.5535461829892756,0.8096588498959423,0.3773123926134587,0.046014629314759886,0.7774815278949898,0.38343910278497395,0.05765737221027942,0.6909545070557614,0.9169307162314569,1
0.017967923949651715,1.0905392644522143,0.8046202366952581,0.6166398038931531,0.9889504413251535,0.3909710301866944,0.918826483490831,0.23553887588835995,0.7461807243633173,0.8174743792635821,1
0.8888833693936601,0.2685496065105318,0.7414846200993975,0.03195137014941399,0.9039685104703631,-0.017389557346250056,0.8373173203192956,0.6943457710573344,0.2282913388600749,0.7520509026409867,2
0.9813355504783053,0.9922998162029654,0.6433353995668851,-0.001007961962560618,0.09126749093604454,0.20487915832047246,0.03703411503574136,0.7461609886435348,0.9823898244250473,0.6903824912700879,3
0.8002416249594665,0.6260720568492152,0.2579177388751867,0.504175300105271,0.16983929983376966,0.31412095411790714,0.2715605476497764,0.00660348273623565,0.10830547928426243,0.44508786193331257,1
0.9189912055433429,0.8895754019473273,0.12861936882154054,0.7792770446063528,0.5748188124890908,0.3266289946371103,0.8990972854419171,0.011927906544082054,0.3080357991830089,0.30097115128468377,2
0.0537898927667779,0.3428698817455858,0.8090607112784686,1.1206695251600114,0.6485303773342558,0.9856412089106934,0.11770124589282538,0.6991638913754171,0.2331949858803865,0.8243198926421994,2
0.9049595589214949,0.005114102493596319,0.9467307881674168,0.14765477652984615,0.2966621977636955,1.008840161082487,0.21147690415927367,0.6511099511600272,0.2075453957324365,1.0244363465336392,3
0.0700972454856226,0.509318987251871,0.6371464654035837,-0.13515437318167692,0.9536695321550287,0.5410687037493145,0.5907992163438878,0.5340847991742056,0.2355794785097035,0.06939212720071902,1
0.6944048643076709,0.2503462946720813,0.9034284458216083,0.3544553937469345,0.6828815257351584,0.44896543848491377,0.39045527095220095,0.03303209612467677,0.5983529164203977,0.7211719899470989,3
0.21330075211244098,-0.26395216119124154,0.4874521859013998,1.2435648877299712,-0.27861266045388644,0.904668787506159,0.33347409052357896,0.6210299856693834,1.1994685625616448,0.4887645363873821,3
0.043959975332092234,0.33711860985608505,0.48500397492721203,0.8544972748934196,0.23724825333751326,0.6360871976764723,0.5733041986360612,0.47326789062456015,0.3523319737514084,0.8462836764098273,2
0.3467622271499546,0.28665693081705823,0.11246432253557118,0.5699988705797676,0.48992187904963835,0.26279431377230905,0.7668822188078026,0.355961484643372,0.10945770242394726,0.7024575640368433,0
0.9724889196939982,1.0001817427330117,0.6479407631726763,0.007631878322164564,0.09707464314165518,0.21517195598783798,0.02907884851567754,0.7530717947832594,0.9824364503636795,0.6948556137327773,3
0.10978382623205452,0.7206622670910046,0.9005026035132515,0.47946924611905484,-0.06586991710379608,0.9630185392652307,1.1492257736313871,1.0158845724339898,0.2807099191186622,0.3144407944559758,2
0.8582771255366143,0.25601864199267954,0.7735336277812387,-0.04439490863373871,0.9529465055810757,-0.008556625695177497,0.8931273448447965,0.6996945451108149,0.22340566886169383,0.7859506935731391,2
1.2251014556125261,0.030034408416861696,0.5288772756054702,0.18549036028817917,0.8017647321085821,0.14632510093963783,0.21800368042970258,0.33908762664667425,0.8153460832356443,-0.011184110798041103,1
-0.03720385650328187,0.7467872890145607,0.6053450513716216,0.38188498724494574,0.7566914169383047,0.4174261662556392,0.8113467984865661,0.35102184817905935,0.47971890784283217,0.9864346720789903,1
-0.17204391893025056,0.084339797912244,0.31771146467121614,0.11572075511110808,0.6662102202108598,0.4750572279969177,0.2151242658568458,0.5885928909035033,0.8658143155548653,0.7576299076947837,3
0.5097214143550648,0.8238382603942419,0.8780828965827125,0.48295637727840685,0.7685922275228847,0.8205276812200163,0.5413898941320942,0.36347095506774996,0.7345057244563195,0.46377349119345135,2
0.9847387141898587,0.951864104288136,0.6199884159291279,0.6652558805830564,0.7812980717947461,0.2212474065561294,0.46821229346919235,0.056657436386954474,0.9555518828175626,0.022914318839889522,2
0.8745391747737377,0.8870589043732894,0.18895636946232194,0.7400537445501517,0.5360700456280213,0.3571432833011948,0.9632765219049756,0.12079005414649245,0.2719051678438591,0.2515343964832437,2
0.34752600010334134,0.9670123064937353,-0.010272576194572447,0.8881484359963421,0.48430937716175076,-0.18673438500683925,0.11855840681129312,0.7371264566607604,0.38749302632228444,0.8147633638134443,1
0.8459278192422975,0.5963743381257447,0.7276098698251656,0.33528774551727186,0.6166096764619188,0.909308532446028,0.26314344109317556,0.11500004579907008,0.19846860676023695,0.8409353736579313,2
0.6704497301004925,0.47232782428245085,0.5906156246131093,0.6821303053462361,0.07307521700065445,0.49246958543542607,0.7313092314281073,0.5390110082283639,0.5622196652140421,0.10063878872879718,0
0.7379887727216198,0.24775146808651444,0.3149685923007617,0.23623007644611224,0.826552649744515,0.9507987681220761,0.7568642041078301,0.5199570626419892,0.7744775020048289,0.1151885875597363,2
0.6642983238245888,0.9865112207613141,0.7853664662360356,0.6422873305493235,0.29058427135600867,0.9336795627068305,0.21788159760593187,0.19263121943598974,0.5422494011227272,0.13882351193141285,3
0.4397662912067101,0.607030291432358,0.7434735193145556,0.5040897933810636,0.875395381512814,0.5237437530783743,0.8883431539006017,0.26610804225342616,0.06120036782832744,0.9028345949271487,1
0.0620471562925195,0.74747774787316,0.3045359147290467,0.7761425706804693,1.3215735391663255,0.6190287351553906,0.3172329270170699,0.4792689338631258,0.6870159736797326,1.138058739146622,1
0.13387813939931809,0.3979863010019136,0.3176291030643654,1.1152924382850158,0.44969525059086957,0.8695815322225414,0.5615343394512744,0.6970966445786823,0.4118603585238439,0.6385240462398432,0
0.6132932011589793,0.9102640641630528,0.8596777908497679,0.5867933271390428,0.783799677282184,0.7774718077027064,0.43544446226363887,0.2566418695764692,0.6735165313170585,0.5380221574345192,2
0.35704898890318976,0.4521341065777155,0.05085135950248135,-0.07670466238335527,1.1930816726410396,0.5531541581687541,0.6218247861523033,0.4340607739768294,0.06652264735494659,0.4538942128748642,0
-0.19638329647468683,0.495012616861903,0.05285946966642118,0.18395022242383618,1.1767958757292705,0.6445407510036145,0.6540316630044279,0.534695009769615,-0.17039992231565165,0.4959162804179387,0
0.41417525212174716,-0.24714036551217777,0.6438498893931959,1.4737645455599004,0.41577600537800036,0.35927912130929024,0.31298550562755,0.16907608102527152,-0.22147187353969333,1.632664314376353,1
0.792644615627801,0.20484368855138366,0.2971677155497258,0.25255333302971655,0.7920498273542584,0.8960303707525528,0.7208057879726433,0.560819258966149,0.7865321312402603,0.08621364573244762,2
0.6659718240590404,0.4789417036490757,0.6034572951010077,0.6994340660308515,0.05487582894106564,0.5269203996248056,0.7448369543432322,0.5397449698205761,0.5644680611621717,0.10394098439319252,0
0.8247670001173849,0.8377740424023195,0.7742549239433784,0.790741812288448,0.9107209943322895,0.25563720906070814,0.3648564275388494,0.802784730657688,0.32244361712127595,0.6108203079467062,2
0.9464375414943875,0.2724007828518297,0.6882188190401266,0.019758254742953785,0.9660273557944588,0.0580697465578854,0.8233984032788753,0.6891804622901959,0.23527371651260492,0.7892554772362452,2
0.4154157386872971,0.8229598834019588,0.050170411225399905,0.30735943334590127,0.6514473309444446,0.17516451163617647,0.8812479347920257,0.3433099586089801,0.680819315205978,0.6258486294001119,3
0.21868760674803833,0.49457531468249805,0.8620345469217665,0.7400499366146633,-0.06790486827063075,0.2693103912787383,0.7812836346429756,0.7471557400928879,0.3690374129159629,0.6406421540896001,2
0.872817389397613,0.30758611466115465,0.7185026529901423,0.029198834431882904,0.8881028629916038,0.010578016241085335,0.8677817552177315,0.6559750498464987,0.22618262939642403,0.7629880958673113,2
0.4660123777062564,0.6742027089961476,0.9237285914597382,0.6544781904677569,0.7179978280384524,0.8890766303941167,0.7313155153457458,0.24369649579274077,0.9737455225793804,0.26640908863970025,2
0.8820342171325164,0.5387078646647298,0.7221779371687305,0.3167388128318578,0.6267703724467338,0.9818228006218676,0.37190222010883117,0.22109896282000038,0.22350015876012577,0.9150751929461559,2
0.03963803853827743,0.40435432322385434,0.40784411177237245,0.9503073300639376,0.553000709020997,0.7000606981743277,0.4888639627464558,0.8020768945102217,0.43680350809731455,0.7310899242568205,0
1.0238687502593633,1.0269329622626338,0.6442225023435448,0.6344842126419046,0.8154514378909092,0.229092201204314,0.5463676634426974,0.06825741365089102,0.9172818875919279,0.054721695881958896,2
0.1945813853648467,0.35241195131860253,0.3594190136548612,0.9784945005209884,0.41101120456251855,0.6111224662024117,0.6399320579676108,0.6762930082841037,0.3877435388907435,0.8197684758112501,0
0.3357875287398163,0.8371058019826175,0.05034377271121668,0.21992015382234534,0.6929784211303246,0.13828167218818818,0.8322597296662264,0.4071411598442915,0.6562935010233034,0.544956402625524,3
0.010765420880981012,0.6175759136856026,0.8158090422491426,0.22882931702476067,0.7298525550272655,0.6757881445201058,0.5340194481221282,0.08167986772016926,0.77805908467283,0.02033676286878088,0
1.091558424542558,0.8901097905521304,0.49022518341930726,0.7298557133126765,0.7266008640457968,0.11940271239632183,0.49293856741039,0.15229854162489578,0.7700569605857143,0.13316952109795643,2
0.6615635759285048,0.502335654371118,0.5927096010335997,0.6660823638135174,0.047242288108914,0.5212528374682073,0.760376099827086,0.5481422804437304,0.5669571984197567,0.09371761358804492,0
1.0263230267458103,0.7927519481460186,0.7698323480260948,0.6424600719488924,0.08066279181474342,0.43308113796922754,0.12361739952295439,0.6696707025561366,0.04639243126260593,0.4632088786716482,0
0.8606595721106718,0.06817980647910057,0.4795463573153708,0.8692905691753514,0.7902237355204542,0.7510320546644951,0.16479591246232708,0.8834138723410313,0.6420499984660815,0.16852567088412412,2
0.842265280520669,0.7098838628054092,0.8772413662372881,-0.007022856616733297,0.605577903511618,0.46571142679353045,0.48731058121969006,0.22061697071400152,0.516916524755065,0.9141344632926152,1
0.7998177747509279,0.5853321539248981,0.7782406916781004,0.3790562380657454,0.6380262391748224,0.9345310973790786,0.2913453678195121,0.15915817017213488,0.19274460363022747,0.8601248955547659,2
0.6693756259195964,-0.2945341741624007,0.3091920388735028,1.091854207598438,0.7252754186290363,-0.06474029024542632,0.17966406375023747,0.35072966723684407,0.772633115206871,0.26773953440171916,3
0.5044545508435173,0.1343335830790059,0.21317604683837718,0.7913039067527894,1.0840255739575282,0.16376748217489098,-0.07637123591038211,0.6376587447833537,0.5402569565931272,0.19411354059305216,3
1.0492193976395598,0.8325851231258843,-0.2109573698262786,1.2126720093670014,-0.03286146249401545,-0.024883574171201295,1.1024658586755707,0.16501592011485416,1.1016831018718825,-0.14318322734138322,3
0.7061385443267009,0.2552117171732547,0.930936851018403,0.37633204787681557,0.6862685281691654,0.3638724659314748,0.3245045797780441,0.02097751254656999,0.536166601588385,0.7818347038081276,3
0.49710614399411424,-0.13187271625565472,0.8661154972413925,0.16983659586979954,0.8856522646922453,0.19850672301821143,0.5273258078012212,0.27307745873114936,0.41253821815167463,0.2703992085615753,2
0.1562810063377084,1.0343176593284447,0.743492361006484,0.5251344280617657,0.8887494141138432,0.2543111393392295,0.9709265863100348,0.35215516138619873,0.6647741225965974,0.6773191630393037,1
0.221165613471697,0.511006095630979,0.7011391785554179,-0.15132896931381512,0.8871690507935447,0.40213628717941174,0.665352502064956,0.6434874197125537,0.0232124675339119,0.4861145854925723,1
0.028750652995326725,0.14156075525174208,0.4815385285449615,0.4605969523155713,0.27266995119483595,0.5432509382414376,1.043290763527397,0.7909115129276488,0.7492574429763924,0.33287354569888367,2
0.4755686970961736,0.4587894769152497,0.7168632862798903,0.6326433290013641,0.4351051213830136,0.515924728961831,0.2211988399310154,0.2550088536079537,0.24988037502083457,-0.09896960596755117,1
0.37823395732897674,0.7925791782046798,0.08812873440647767,0.07390985929211943,0.8321253715836598,0.40874740829991196,0.2881239837712389,-0.03050593397216711,-0.09195443078150412,0.2943364884881643,0
-0.10576320428884056,1.135894082669048,0.9899648072434758,0.31910924400825685,1.1811531735002523,0.42683346529296884,1.1134284856625791,0.24872324506301258,0.9771552929471483,0.6390789988274529,1
0.012601550844636636,0.6127332215642086,0.8138931241755172,0.22685548723162527,0.7282142457701127,0.6792340347229943,0.5320501715061344,0.08051163490322896,0.7798289389472387,0.019417976198199828,0
0.4762771787430833,0.8277066870897961,0.9007354219404089,0.5011314627216711,0.7669243898761149,0.8035299875662298,0.5482800257464925,0.33571073856454364,0.7481302557343361,0.44802439171274316,2
0.5336554039483559,0.5489474873156215,0.4681529901515087,0.220257210384407,-0.20071730765852128,0.6500770624987513,-0.046834719235547384,0.8543336117272333,0.0041227989244785185,0.4166010719103404,2
0.17570911017801266,0.9631347471158039,0.6595540939353963,0.6050536498011437,0.7671268766419507,0.18016195897042517,0.9399743302962783,0.4291655708677784,0.712962846302512,0.6272205401005035,1
0.14110440976589797,1.034635077526897,0.35406797629603826,0.7750224124766724,0.676119371733299,0.029116453606742893,0.2678429429928315,0.5941230556502617,0.12118346954306314,0.8349329570291087,1
0.7240916476827702,0.9926937947842481,0.8329310798850645,0.6399419971330895,0.3260291611209885,0.8616395117289087,0.23395042472587985,0.1932072290095632,0.570459036951291,0.0965772606944679,3
0.8060922475688829,0.6022244306824202,0.7911622588232647,0.37595505812177105,0.6618160666073694,0.9047352559535187,0.26468998956929857,0.17565800669328036,0.19601145895852617,0.852331263169639,2
0.17710126613436386,0.3761034696976686,0.9652306705747702,0.72568514086809,-0.05610022664487385,0.18659091060574545,0.8635146024194227,0.5539132269747483,0.43804932937575863,0.8385695507423301,2
0.6916658434395154,0.29766184787551764,0.9046541087167116,0.3746911932195737,0.6522947539207077,0.39955460158416917,0.30136856630661335,0.05417609419251395,0.5596761392270003,0.8257836825334222,3
0.897868049082563,0.24458045171995801,0.3829119444898075,0.22368926209390583,0.1875481760585644,0.8321224158399534,0.6725459173266845,0.05714583393280573,0.4683130440811183,1.1109593371099018,1
1.0647177986659546,0.31583027296642663,0.6824170686127808,0.9560950578325995,0.7586365543613498,1.016681673718777,0.08800833868168415,1.0264363110650887,0.5323298167566467,0.4321122558629661,2
0.14858284563822885,0.9949547392615624,0.718097165101518,0.5419759613655071,0.840834673803613,0.236496825028354,0.944828861652989,0.37738418353842623,0.6903637246151847,0.6679052572862583,1
0.37474227997976145,0.020939851164201023,0.43588295743194294,1.0921834687641823,0.4524465923212492,0.13043749814862443,0.3599587901611868,0.6971549702218011,0.4133296826554462,0.5601967806163402,0
0.7549922812661846,-0.15435145798436714,0.6026580928806948,0.11594885359072486,0.8165925112565982,0.16111050920366468,0.6852907380265334,0.10259388439675846,0.3587009956611786,0.496918867172214,2
0.9764936214300894,0.9894250951974232,0.6655887465253313,0.01171989948290137,0.07385360316510067,0.2086055548791888,0.037376513272889635,0.7709438558557126,0.9601375623856782,0.692099455933785,3
-0.19696367011330057,1.1008182372496496,0.06803570741139993,0.3813481636523071,0.9630319599170823,0.4931509356352952,0.8082234765649163,0.7150157667069582,0.5238609660343609,0.3605855042276718,0
0.6613726589509901,-0.17923803400077148,0.7566093874211007,0.8699860961965555,0.26281597640251797,0.4255218553897512,-0.0020656563645712334,0.8918926831347472,0.510772553277346,-0.037777911780595475,2
0.3324527596462763,1.0281657193299136,0.2419544169808946,0.7275995310477827,0.8168223252679695,0.16544553958470112,0.16627916097671086,0.5028084910347572,-0.06701431155183041,1.0318062972341973,1
0.22605449987274373,1.0962640046495153,0.6618226297411722,0.590390689262803,0.9323468731450978,0.24184090190108307,0.8114294798505464,0.3595816604986427,0.7908991618673922,0.6964878694032476,1
0.9293857363551682,0.7908187701892846,0.6677941774818126,0.6723959898187439,0.45563002599925934,1.098671080837319,0.08135249256207006,0.2714094338165456,0.5921043820464676,1.0177000433986265,1
0.40742769203263884,0.8054464488161689,0.9509855809435896,0.5476194281988006,0.6486750667564637,0.8767850066571823,0.644773779920228,0.2268925779644917,0.797639400112598,0.4695837224472145,2
0.9384852631635934,0.9275086761296094,0.10961680437490536,0.7727977547829166,0.5675316820429676,0.3151583089735507,0.9032198997200352,0.012357763601276854,0.27710997829996215,0.2951633517307324,2
0.7260779521183978,1.1965393666001065,0.6491031062955925,1.0211499276755203,0.4852557729733621,0.5754898155377115,0.5243788242885019,-0.18003922460633687,0.8540783981232078,0.19171535902368295,2
0.9135539778670667,0.5211410588506562,0.8467582708354475,0.42605573616857223,0.08643667713039033,0.9542886684388004,0.4865370268281484,0.0017422669249555905,0.5667503613081223,1.1063577237415054,1
0.9053088290686142,0.9873854243378695,0.7138683459641135,0.7284012061680899,0.7029911140460948,0.2295512040315853,0.3761398665243484,-0.015381525167911997,0.9019826106369523,-0.16165278421354237,2
0.5112629452699489,0.3351266239406876,0.7998862464380245,0.2048711745108607,0.6146577446972566,0.16328565935216718,0.25701731357541757,0.36011207386174793,0.8105027826058041,0.6735129139967326,3
0.24073878083588512,0.9604816013434715,0.6935107635452603,0.1888559115959499,0.18523389882868477,0.7954688590810985,0.6553851553622339,0.3696315046274695,0.3982589699634599,0.3809462878250218,3
0.7609929351802376,0.20073363962980711,0.327658060817452,0.2896535182188205,0.7898835084540422,0.8933421984822083,0.7541792912087599,0.5816316490553252,0.7664068995704663,0.07296743109380836,2
0.014076997790958083,0.612917931209841,0.8155654150368878,0.22585666747446445,0.7316660445906579,0.6769319915463118,0.5287266446427723,0.08212611208324304,0.7765940237924049,0.021097435662708205,0
0.010701667606909635,0.6136379620603235,0.8118595668724683,0.22487858615732687,0.7281084897370469,0.6809221940598081,0.5327156894509533,0.08328488069095889,0.7805024175879401,0.017871580986395352,0
0.12342705248580348,0.4368518931378844,0.006729436952259027,0.1689489822190302,0.8598763783498823,0.1961535351484515,0.15950216512689885,0.4058870088686094,0.21424640770357212,0.3289147107975231,0
0.38073639002404025,0.27360955394309683,-0.36725960801784807,0.8000755963254924,0.7116156008138024,-0.30656422239373693,0.1605709727013879,0.7774781274909635,1.038627077983889,0.13432705300912084,1
1.0370101697310912,-0.09058590004684647,0.9602627077826895,0.08439967528771836,0.3430684494466367,0.6260564055956672,0.49115628450561144,0.5112469821596288,0.6847239935405467,0.5178228823628448,1
0.019988865287541804,0.36380065534433953,0.4023060459162196,1.0370207696827052,0.7021140482896283,0.9649529497272811,0.24338648994920184,0.8483988283601746,0.7772603750916329,0.8769247254291598,0
0.9871012603328465,0.9749183526465569,0.6466141246861659,0.017742097120719107,0.11093286291902255,0.19963380681195256,0.008606298745547039,0.7578267092602066,0.9894513437284536,0.6808419476652732,3
0.8090041263217536,0.6665896303881751,0.4580658608717141,0.7340246925215291,0.14507881175546294,0.03916126083312718,0.49603666299785776,0.1951266658481466,0.4163262368992559,0.6958793051403218,1
1.005319295503634,0.9920222521151905,0.5998322037792452,0.6650876765241716,0.7740962107824185,0.2807819546855569,0.49523483083009606,0.053717643683829676,0.9059899374496686,-0.010990976070905246,2
1.2639656798050594,0.15999780231325192,0.9087045611790683,0.4010335507664741,0.7231229361982745,0.4323326410530848,0.7485679715823774,0.8754048098305446,0.2650335594009493,0.02887298549958045,1
-0.13993952552901773,0.6251032449659358,0.16761454967930278,0.4161044602934278,0.7166847165107766,0.2054866990253302,0.27573528034944716,0.3696865587304267,0.04241810816745045,0.3151020839488036,0
0.8650345466753484,-0.003638016282213441,0.542441090826649,0.7534768891581798,0.7736236638428163,0.7336302341306994,0.25828507177933613,0.9195798731208457,0.5208183334649344,0.23086556887371143,2
0.5225192457227951,0.7432110596417021,0.7995103873415336,0.8224130859176741,0.19352463953745433,0.6354601106819746,-0.031228065290807017,0.16598598586537835,0.6851455564865209,0.36950809408752217,3
0.21538540109226265,0.5294677280370439,0.4857844019729678,0.17850917699628005,0.4772216344534609,0.07535092841772845,0.6695225998773598,0.6563230531204016,0.46551747864994386,0.1003249123485056,3
0.8754406074483706,0.3293328822466244,0.7051872323664607,0.011979101781412059,0.8679117537079293,0.017058302848359595,0.8523285466614842,0.6333455136401017,0.22431878911383138,0.7558714920296014,2
0.9386530118280442,0.9129538544577444,-0.10423419785380425,0.9535693629122757,0.45971664250798094,0.39175852178912274,1.0095300743318527,-0.09916703118874641,0.4522394259482465,0.38141226439379794,2
0.6183423938670711,0.31971223517340364,1.72078851707493,1.596690240908516,1.8914109108678927,0.5981413071655997,1.5300188001521309,0.21684290099286221,1.2147752877531415,1.0232710200759847,3
1.0190067912457612,0.8108317376977845,0.7420856497646929,0.678308357962593,0.0807131546202334,0.4868628625384641,0.08909429591545473,0.6743650847266937,0.05302888927755478,0.5131978945662071,0
0.30594472955203006,0.8730702237369335,0.6700297728939101,0.3159179247062356,0.11558853296765277,0.8649901446163989,0.5576665500286239,0.491158744174479,0.36163303126624036,0.46066687792146943,3
0.7312324095442304,0.9975199678699538,0.8113881240800421,0.6350757756037777,0.3019629998806045,0.8760119302210907,0.21559527962883138,0.20111178044436767,0.5777434770172787,0.11137040863935442,3
0.8709787325523604,0.30459729826885323,0.7052482684655657,0.0251594525134599,0.887161570450249,0.01033388095666889,0.8685273757380616,0.6557191758846534,0.22768251074770404,0.7604267804354548,2
0.5421192072220327,0.8287094843951235,0.8890436934408426,0.5044394968929798,0.8298109146014355,0.8052133309548197,0.5290551479438588,0.4106431446644396,0.6684283765908711,0.5223636802308426,2
0.009587025624930755,0.32045537785616524,0.4759499735444589,0.8347600846425755,0.2695505111543929,0.658449521897888,0.5336929745677931,0.4657130031798481,0.3364271445164682,0.81352597846265,2
0.26398296242715436,0.5291110600432782,0.41370687286045693,0.34068126873213184,0.036730781420694796,0.5131917102740096,0.19723951343631754,0.9511355572712806,0.0905511916062873,0.3031296409068508,2
0.6058840484284043,0.01960741053581508,0.5024238594001635,0.08647499787767704,0.796098079278265,0.18306384433213013,0.5550597616461747,0.07575201505788387,0.5862102028362953,0.18112162248928707,2
0.033930032524948646,0.335015486957851,0.5320750491340399,0.9323004267293782,0.3222086362345723,0.6579543539646988,0.606022189410256,0.450465234280265,0.4278938288859419,0.8300639494438297,2
1.0195390394038752,0.7112351838723936,0.6879194823659482,0.2074626487669964,0.39977941080288,0.775037323213198,0.31691319625864944,0.1827150623813629,0.43948278249869466,0.756231388899787,1
0.4427049160338542,0.8876809972219223,0.08574766892032074,0.3752673306537109,0.7224795489966629,0.15266255560138825,0.9055382185105834,0.37132548153040507,0.7267140337949527,0.568725456892047,3
0.2622858868930652,1.1443458337714807,1.0629889048879828,0.42707299685708755,0.11062614713634916,0.3411578166726501,0.05907298202005595,0.3427425260991328,0.5875276340440566,0.5469362067805381,3
0.16128976645504653,0.07003782459679218,0.7864457541738238,0.2513884310505019,0.060844865464724486,0.4720544485907648,0.7214068602632002,0.45929608853658604,0.5385526116394518,0.37155333721331496,0
0.7688584991387436,0.8354709867258415,0.22480281295776572,0.7965492954279515,0.5013453762572035,0.3564673598915296,0.984901421364605,0.12252056639566893,0.3041787569652846,0.40029165841965675,2
0.3906394212536674,-0.3253007018688702,-0.07641720151901704,1.00531049228204,0.6058610793647377,0.4943246182881778,0.311421883851403,1.0595011826067147,0.42576357716602364,0.8229727882496436,3
1.0401713592329251,1.1466542205647852,0.7401987118719463,0.6807650756751734,1.0502375444808134,0.30687953495421644,0.75462736145219,0.32978716919896667,0.6379762118489627,-0.024512217831763015,2
1.0002523834223669,1.0198261275958576,0.6725495196035673,0.0005114692369715809,0.1129773192779858,0.21449027699402343,0.03447397962811582,0.7576376721798315,0.9816595741853655,0.6783976258038231,3
0.5031281530344484,0.19048094606929106,0.5043591181932771,-0.06556933963921621,0.014272000344154129,0.31385734572451973,0.5998830920644956,0.038518008152442156,0.5385518594722277,0.3321605841901136,0
0.16679393064268605,0.7589993405499141,0.8994163413892915,0.1178145566328374,0.7962577117552769,0.4352980412499764,0.6458087253804105,0.7344689372770772,0.11459045043332934,0.4018386123627605,1
0.22868316590005233,0.9744225782899758,0.7300604410523607,0.5367248418405466,0.9409711123561935,0.12635919642740365,0.9287909793280088,0.4044581498383406,0.7681894026011507,0.7605726198889612,1
-0.022314822719870675,0.3400844998012655,0.6845459338598034,0.21722077618493613,-0.0007155417020050514,0.44466069407000997,0.5377259507462886,0.6004038227588563,0.2031984674307447,1.125030692141999,2
0.6208219130420108,0.020086708661971958,0.6195786534448368,0.21645420750979863,0.7769811114332845,0.3355014127595665,0.5700642872877062,0.21703653197057804,0.5918078363685152,0.24257007306289638,2
0.7917913931675983,0.19051298116662554,0.29345858424264504,0.25680291324466087,0.7879815121235458,0.9165018142689637,0.722295530966123,0.5557151985678626,0.8005973955615984,0.09160268406288696,2
0.09849686538935246,0.3585744318763596,0.37169525555938837,0.99904045057656,0.4641894976988747,0.7778826184183842,0.46435916162090496,0.7332285185449955,0.5632355433764784,0.6363102020080312,0
0.9730950319056262,0.9986635102962231,0.6429652776458861,0.010644660765502094,0.09643014614353423,0.21054643476944873,0.031504882369436236,0.7580539208944885,0.9838856284357191,0.6930488244974149,3
0.3566111062128576,0.969212178457288,0.6867168658064017,0.25045136332320195,0.15597884377208693,0.7761766443539714,0.5836388130022936,0.5386024288476163,0.402632829257742,0.4946704472291899,3
0.8286582572445316,0.6698964353070366,0.44713795623911656,0.7349286479011626,0.16493399848211063,0.05585849306894594,0.4714165029446156,0.1786136125829846,0.4282701295565531,0.7092712561022395,1
0.781887379376603,0.1968863252522977,0.300439522128258,0.26435210194793846,0.7916700738318523,0.9108583176181052,0.7190623226024714,0.549556957418985,0.8000134045542338,0.09810106653105559,2
0.5627209355343775,0.9161722847569227,0.8772182257614538,0.462521149851976,0.14868285238523335,0.9284241318165773,0.19868310694325417,0.10160251917779689,0.7204393274033606,0.04884725220816698,3
0.760528225640977,0.5551778753708312,0.695482879476002,0.14928220619796076,0.4022464936283764,0.1263181613828721,0.6044084916155309,0.5843263973025661,-0.2321597124593645,-0.025110732703009175,1
0.23082462197183873,0.9081615175216966,0.6937921419119565,0.5904496938080301,0.7832288001263346,0.22261841256412032,0.9232986935927201,0.338034721194994,0.7776345616892588,0.6289829131904929,1
0.8022033636719755,1.0920539200971446,0.7650150371615915,0.6844031578958519,0.8532633643244197,0.4181747725962246,0.47370457936767246,0.14332771852731713,0.8591933615713485,0.046051997835965544,2
1.3489094644302102,-0.17211470103892057,0.7708069744165025,0.9394282416665872,0.8385208314323418,1.1310043456686198,0.5814448314512124,1.2129249163068785,0.3789860750722961,0.557495804219603,2
0.8355022342057313,0.8259151049613065,0.7649345854431863,0.8006404758264294,0.9061242155976266,0.268858884847561,0.3755342372597752,0.784391025122243,0.3332698078346941,0.629500394183464,2
0.9030584686205222,0.30282351637449306,0.6936681687134822,0.049837894251506976,0.9385199403034353,0.051093005931896855,0.851093590107668,0.6158373323959472,0.18905782877279326,0.7445047842216906,2
0.276116802038239,0.3947561959899719,0.4123430288589442,0.9213088565161254,0.6556315479870753,0.8314829491685175,0.19377773108382412,0.88511030677656,0.5757353483205568,0.7057023632668653,0
0.25630984434259646,0.07370759794165317,1.273452813810568,0.3475508151551295,0.6129077955833058,0.1568212991528856,-0.014317226281397921,0.44293085740709015,0.9978306791982378,0.48585069009054854,3
0.3127495213433193,0.624901670764574,0.8791173277843448,-0.0730452400274791,0.800746821353547,0.43910755771760157,0.7406990674092866,0.6950639976951759,0.17245673356868851,0.40539551271421936,1
0.44546006023811086,0.15117116808430742,0.9991716001206322,0.4019759509708418,0.7469033261021499,0.26061547999076523,0.2936797282941892,0.3660522586022014,0.8384470095182743,0.5812506630827592,3
0.9814765287451841,0.4744165658630269,0.7728583255592775,0.37886679272608587,0.06634679860125155,0.8297515942467458,0.4375238228016787,-0.029383698162828577,0.6621049357021281,1.0136847790732562,1
0.36509162056003874,0.8397452253650347,0.11499935353531113,0.2921087358799134,0.6805889999522546,0.11831921793584946,0.8781134264870609,0.3589363970087791,0.6141952325396757,0.6213551330162795,3
0.12523572948499384,0.27211921310283305,0.8786135192477849,0.8163375335549217,0.04029936149672826,0.27468615980546146,0.821852051606386,0.6120635561024815,0.3422507581702633,0.885322911981482,2
0.4739115342213408,0.22566083022858568,1.0293654231766602,0.3713891819753534,0.7180214039286084,0.3049810214368014,0.3833645257559656,0.41573804584690294,0.7333931306070046,0.5719142226886322,3
0.8285341022170071,0.7895666113352411,0.6078878819034752,0.41041934969982663,0.19894584644544508,0.6596143869590937,0.17949052322080405,0.8869409093468448,-0.11396924133218714,0.28711034297530347,0
0.802406398032894,0.5829001472725329,0.7782781870829864,0.37687265620003835,0.6406329873698569,0.9332062845642388,0.29001929552450884,0.1568392132296988,0.19683730940668362,0.8582980317441138,2
0.5218609780651556,0.2464123914193454,0.3682076414841624,0.05595223407291472,0.1723802245541027,0.17664155017216532,0.5452794191036274,-0.008784285074367274,0.6615376773309425,0.37645076316050385,0
-0.17101613288024267,0.8935795105794782,0.2368582252491065,0.39658821659103427,0.9351233718805797,0.2883211547342428,0.54434328430364,0.5878060707044691,0.07627826020647234,0.5057077129431811,0
0.6641058716805422,0.49313250780366,0.5989683671615116,0.6791292036746895,0.05918582836156875,0.5097611074039746,0.7459799112718977,0.5377645008118079,0.5508881704745793,0.08231072443787732,0
0.8961889251278164,0.3295651102007722,0.7382606520695232,0.05854431174642913,0.8888153370244751,-0.012317372981013028,0.8810828687921275,0.6520419303150594,0.22750122420050545,0.7431362997874096,2
0.041879467236079757,0.34730451186159966,0.3147862446344673,0.9716771201616289,0.4442645365058055,0.760861554815975,0.44167672678628545,0.7848283270428573,0.5143493197722333,0.5883263202475189,0
0.8135397075591166,0.8516438556079466,0.8970187356808772,0.8059221469402635,0.9178075480027804,0.15098414692288942,0.366492141241374,0.8177229249750165,0.26222414488597057,0.6182203805017096,2
1.037587445444971,1.1287739730675328,0.6225209791139719,0.7363515890252526,0.9416296952438687,0.11171226183838781,0.32621312651414563,0.17222832693902507,0.780408048121485,0.11902291891954432,2
0.14411155661105626,1.1877321033118085,0.594719154307555,0.27014029964087677,0.5335008928096926,0.5174851976505415,0.9765490773341409,0.11996902748297195,0.5760676879004958,0.5512086593617742,1
0.8161960022402613,0.5409968095147992,0.7321539941476632,0.4165849545507584,0.7014642954873035,0.9832467688019226,0.2423195682571586,0.12799699660633773,0.2333772756141318,0.8972472570145601,2
0.49033047103077215,0.15047104787272897,0.8919210299395561,0.858094818020235,0.2607928659286967,0.09409359918205625,0.695941358019594,0.8867548697013387,0.28529478570610184,1.0738273963953149,2
0.030134501555542707,0.6670173379684502,-0.010697053377734897,0.1792451533893834,0.7771377376964551,0.39430148459293896,0.28550467739157714,0.39529574081515795,0.26615225256943487,0.32511856813138035,0
-0.1359284499407767,0.9680347310457793,0.4122073808940663,0.7821134124072163,0.933258327573211,-0.04141097385005359,-0.08816206995036743,0.59519179310624,0.11371597973404393,1.0890386322385557,1
0.4947319931400322,0.36099310171555693,0.5064031217470814,0.7193627941396988,0.23471633464564973,0.7442953135866885,0.7481624212208826,0.501588112381281,0.43963275673965085,0.6703219855410052,2
0.3800170078506664,0.8282091998900728,0.026104511737221097,0.31146036905216956,0.6667646325529526,0.20968754217149127,0.903489434107122,0.30409573284851654,0.7071993687887375,0.6429853313832963,3
0.46036334454157996,0.35509258088470025,0.5990693155907912,0.5974799085240609,0.2563946293671677,0.7055829418412501,0.7706720757870075,0.6188616396006493,0.34476807592361547,0.6618031726278358,2
0.7762088811275173,0.1036063912718676,0.473460050123262,0.16829042387990753,0.1942049456053238,0.011531694825631877,0.4197078262854857,0.24217418973197033,0.4475563511716879,0.42701200482230284,0
0.8660349193781426,0.2683762402454438,0.7068999348273509,-0.005347689694740886,0.881229772182835,0.015521299574601837,0.8983030607637734,0.6310992151624748,0.19036652137535964,0.751105251388058,2
0.5955650579004893,0.20021626599673287,0.37053267570493004,0.10747489361781135,0.1152169145730638,0.18102568869509292,0.48897684596832336,-0.028415311919200582,0.7204550574668284,0.30326533581135223,0
1.0996192345747098,0.31590934149478245,1.0183163331237397,0.39422467564879393,0.5091388503976961,0.611739078023482,0.6962822893504566,0.6366266144808784,0.7063361769808998,0.5903296773708802,1
0.40921536274648523,0.7941934524370154,0.028640262120803263,0.269555069418679,0.6477256721177925,0.15378265805922645,0.8745691188540146,0.3132313677808614,0.6727153387617147,0.6125385994929172,3
0.6724598515146787,0.4879564213668299,0.5890184315338678,0.6699936058666871,0.06933319122544626,0.5021982630606395,0.7405723976432551,0.5366973689144006,0.54069864777279,0.08949488087074753,0
0.4666351411713974,0.26800985964862,0.06950533499192268,0.7685709621983737,0.42162040277106483,0.46783545734143905,0.8047984738262541,0.4890859225876467,0.20065849499000626,0.6919751861428122,0
0.03732724275691299,0.9320295669502741,-0.14871055938031374,-0.017045328758846068,0.8312031689223454,0.4035219138256396,0.6590795885684748,0.34562236662525614,-0.11449258959361874,0.5604965910455796,0
0.013523648109486024,0.6133013179687258,0.8152978634685477,0.2280723502158727,0.7284528115287788,0.6801139571634153,0.5325764974105743,0.08163774080170616,0.7779940868895822,0.01714215784273754,0
0.9084968253198964,0.19187457063095667,0.795477651825917,0.47979997985835754,0.22315745296931788,0.4985664392323904,0.4834046701234855,0.522561122928059,0.14527078222801398,0.5034567150551846,1
0.4788995594570227,0.9242458909650566,0.694002489559278,0.3707960368021468,0.6714175660069112,0.687217764152185,0.4144943191398436,0.45706098099022535,0.8286624414331354,0.35490840967746734,2
0.58829060916725,-0.016859956551907737,0.6477629800865928,0.18978669265704692,0.7242041987668263,0.33989274428474314,0.5115676257333592,0.22236623785630516,0.7314635261717111,0.26272352138120264,2
0.013906277330853757,0.6115197856140715,0.816514447595842,0.2290782224806728,0.7319662649651941,0.6770991517149973,0.5301710685857697,0.08608580463790586,0.7827677303740398,0.019070268606209417,0
0.695238266414667,0.463829919423149,0.567189343760451,0.7181197086851854,0.07191190817148524,0.5258979947040091,0.7201569903147421,0.5045517319240072,0.5632613276275147,0.06422310798019971,0
1.151183617821562,0.6422354113039173,0.6029058630002299,0.3002048886521205,0.01623409342224867,0.9539978984888374,0.5620546254086858,-0.15355912928614704,0.793722499007507,1.0566941662051064,1
0.9168866199593987,0.33824830746543016,0.7340602983804088,0.03163339014500338,0.8538742321817059,-0.027003065818646546,0.906347333694045,0.6686671368785483,0.2625304189779633,0.7802339790597663,2
0.6908243976904058,0.13484201933772594,0.5738799092670912,0.4514143005831772,0.10403624647563356,0.9660478732811035,-0.008330524610986184,0.7057127809722321,0.0020346818137362555,0.8776023496881165,3
0.7196159034648342,0.9405148843062487,0.8459910506727393,0.44877235040722013,-0.23773500116213095,0.49691220665002467,1.1305608968171001,1.1932167996402627,-0.0463497017844855,0.19307491449842562,2
0.9835963217898384,0.49585449456677605,0.9102051304590071,0.427647545991881,0.29675337182704536,0.7682743252342916,0.5918455732004453,0.1112623558996319,0.8153612946698562,0.8166983319006239,1
0.363940696958119,0.1873811443139506,0.0977531207037324,0.6904954919389983,0.533354521624218,0.30206790780628817,0.8021443203019574,0.35569424273518807,0.0918749060315486,0.6041169993337268,0
0.8526187999317785,0.2943934537872817,0.6884691073491561,0.0024424007655531287,0.8826477263714563,0.016440597297932142,0.8821517626953294,0.6604791012640051,0.23988025169009938,0.7444569980795178,2
0.42663332687726957,0.11758797715720806,0.387450635439753,0.38468671046840197,0.7422603036837114,0.8496360620940437,0.14159386427749304,0.1876399331004242,0.4790772896420632,0.44555798338859287,2
0.3556878368520816,0.8857504226167561,0.0690478834224789,0.3811721992234047,0.6823843000282281,0.2250795535746195,0.9310513170890712,0.262735412143527,0.6983213731643113,0.6980172379177924,3
0.9056305326703834,0.30590514656746925,0.6829108868432677,0.051973806032087164,0.8621614376226616,-0.011444273775881416,0.8722065877664084,0.6319958029607865,0.21013025585733333,0.7214085398299467,2
0.05980233358880838,0.1508746223340118,0.529535635377792,0.4942424017734143,0.8756968007030016,0.3443893397990282,0.5057825011248918,0.7331128542450785,0.3960100948767193,0.1522351956397902,3
0.014837611910461228,0.6162193297541599,0.8120826452506164,0.22655617368915462,0.730429612730399,0.6786806070863494,0.5326672540368841,0.0821193272025165,0.7768601616741184,0.017389601286300488,0
0.7636422649569887,0.5422005346298406,0.7311965167302469,0.3926935433374617,0.7018985664427063,0.919111782080101,0.3031279880146411,0.18621382245149426,0.18183814633062576,0.889030770228071,2
0.4264319368117204,0.7480935077489189,0.8239184045077924,0.5724743456701913,0.7398476474508366,0.8147858393687472,0.4648591176084156,0.3297905274389583,0.7496367188574559,0.5692099390655208,2
0.07232373438064166,0.3364915739857482,-0.003880324047036615,0.5246391584872201,0.12376580875111472,0.19772237232512252,0.48196733437521677,0.04696790405265461,0.9488461721319976,0.4262170775404258,3
0.8140080610278297,0.819713746973494,0.7378511359803925,0.8280544356920712,0.8770713365871209,0.29991625300444463,0.36761878060511766,0.8489095041090166,0.29836647417429984,0.6515314236131143,2
0.8026652522864348,0.5735463301457022,0.7670899420444852,0.3938381103188393,0.6170319185780744,0.923232473355227,0.31684474729396844,0.16526647230078773,0.18349249324063474,0.8861337627842834,2
1.1548556585734193,0.7955810095115703,0.7374257095427823,0.5540723543714672,-0.05400233847481635,0.5656188319551154,-0.050076523057439204,0.7206461667517365,0.010488752900515853,0.3583142719964239,0
0.6752778010796573,0.7923548606016859,0.9088057773524096,0.43137536234141516,0.36731315928573877,0.74087701797695,0.5109176770530075,0.06751802489703077,0.83475526078051,-0.15616126384703982,3
0.36512880023587085,0.6270890309865857,0.35751440014327257,0.20608885911346636,0.040500450744297506,0.5076826042753434,-0.011747115499045752,0.828376853189886,0.14386259103371993,0.3703770658754767,2
0.3703371854133949,0.8706738111304202,0.12793270201125728,-0.07486016574216864,0.5758085276109098,0.012075039103679575,0.028575197449866585,0.23224556696633114,0.48707418605162367,0.651525727358307,0
0.5608981564072794,0.22337282273144443,0.9856833818909481,0.31286270476493244,0.7444341317368013,0.3347452109251273,0.4396395555342534,0.3615101434143444,0.8675707173703363,0.4712000119873063,3
0.963045117684141,0.9857725165136189,0.6481093074815065,0.004833935915438521,0.10641409574952927,0.2096742769817088,0.01786130597199659,0.7513724272254881,0.9835690046733948,0.7084245237154758,3
0.3784202596589768,0.8193337157009584,0.031738780896223034,0.3604116714242669,0.692833283677132,0.13183017066927774,0.941119372208624,0.34462141813364705,0.6540717534895695,0.6833340570171085,3
0.8281802938953491,0.09575304375067942,0.9711777196647863,0.30685266795372407,0.4350869545575308,0.1970610975901028,0.3482143768495093,0.53605626511481,0.3684770418863585,0.3230123397479313,1
0.5085087993500292,0.8249465935555026,0.8789516301990389,0.4799356066022454,0.7663655685119362,0.822848590895638,0.539920011647457,0.36367846596586495,0.7351223578052102,0.4659914304474316,2
0.9640353383177094,0.024963868659179867,0.12011678439762785,0.5704897303587879,0.08828564031946871,0.03616801606816919,0.13169203312935152,-0.04479610082047354,0.19892694768222677,0.9393349635091914,3
0.918919896821411,0.3268025537126628,0.7334883598606229,0.05329647949281134,0.8963460649956034,0.01620174998637467,0.9255696433593804,0.6199901004799973,0.26885820252152404,0.7746038741608148,2
0.3759619682856052,1.3558436951932011,0.756107986442721,1.0030238526273143,0.2948358528238646,1.233694858876448,0.35157385416636777,-0.19650605484954586,0.7644971943282913,0.1847071510949974,3
0.19719460839983916,0.8406826043706869,0.6833881152075469,0.5393849380452803,0.569253371491411,0.6702115592791326,0.5433613917878286,0.8620269643092118,0.5383405515439755,0.27638828759310474,1
0.5369477895215885,0.6214427824518027,0.18091383057205812,0.7472086527622039,0.02483691299759709,0.39633625100695247,0.8078726849314398,0.3673207565034383,0.6829430258425578,0.23631602813258856,3
0.39897720149261473,0.7722271252867056,0.0016951778996180666,0.28327672721452574,0.6985774202202156,0.24362990644575588,0.8487069157341864,0.3144741589907345,0.6895973135075333,0.6303732830037329,3
0.7376100057294808,0.0629316772820312,0.5871465495941488,0.7042587153133781,0.7543810076872828,0.7521028836268184,0.41352421882722656,0.9622671834127312,0.829381495105633,0.04489628606119267,2
0.9746442608994743,-0.1608629356951088,0.9849937204865036,-0.0070958001650665015,0.045388236741493115,0.9112299484212832,0.29066802905847167,0.5400720121553868,0.1120492896641798,0.9116662958817434,3
0.44103788232697555,0.900797061574671,-0.07323308728495986,0.5759397586490203,1.0592947107264803,0.4158070964034223,0.05243816435076126,0.7431261943032552,0.39920224019803063,0.3815916078643425,0
0.32069136259259745,0.20285814199707652,0.06277262243533353,0.663620359973437,0.5362366607555832,0.34945611590205733,0.8141274051738163,0.3336717081390417,0.07275387494548137,0.60813389275913,0
0.7466803461932929,0.21016263434342844,0.31579895556728027,0.2920172978911338,0.8081999749059984,0.9298842191186333,0.7156484058081706,0.5043310740151895,0.749074896526714,0.06992479732593723,2
0.419318095347249,0.823013315946648,0.077269737828221,0.31246077759323637,0.6736366322773343,0.15516161687891403,0.9236106713482437,0.3093841089345419,0.6901454506155189,0.6254856523292168,3
0.2425456318623692,0.594611346909072,0.31719393041955274,0.26251619859753106,0.07511375086876029,0.5828404866093181,0.06461677368085182,0.9392320502822847,0.2632614045985018,0.4158182586888464,2
0.7528872525251028,0.25093306160423096,0.9815293544748247,0.40549757593672514,0.7075466960924953,0.42770724523058085,0.36189015511893735,-0.025076822182395604,0.5467151054654311,0.7885730595684036,3
0.5796365238684642,0.6641143721575048,0.3021547311627536,0.6607201697115587,-0.022106951412004916,0.3951928193202541,0.7217607164346599,0.3753340536133213,0.8084582639927752,0.19739057509940672,3
0.1567603642241726,0.8330063527298263,0.33007591013535775,0.8128586513620673,0.6647325656176921,0.06413871027771645,0.09852401944739611,0.7875794788905406,0.18607260445520907,0.896144849053318,1
0.5516003651187221,0.6307818055967211,0.6859698539280904,0.5689720447104806,0.8792356430950036,0.11822941014776812,1.0686565979168696,0.4166126769706786,0.36869270868923854,0.3626310094396391,1
0.8283404636975145,0.9919544536001884,0.19496571760773004,0.8005252050786668,0.6324955993290122,0.3116625266054676,0.8509505388678014,-0.061065679273129,0.3489203409387059,0.391774908947644,2
0.21647242391791502,0.6770047638769343,0.15873780859361625,0.42618621478455854,0.2365388232823245,0.43981598174364567,1.1806320188042096,0.28507768695681696,-0.02751666604405567,0.8020619824897692,2
0.5564275425364469,0.20977203484516949,0.7293738267256975,0.2063315893670025,0.14877615499007646,0.07214100477824938,0.3278685212795196,0.06555547431885048,0.45331542537193503,0.6189979336190499,0
0.4578298127400697,0.8416362275661118,0.08428095504717012,0.33440877411538283,0.5746180491898186,0.1420352536552613,0.8831542454803946,0.3009544886215315,0.6598640960977981,0.6129751182821418,3
0.6118088583165794,1.096348106227336,0.7307924868135846,0.6833978807342743,0.31327488199376374,0.810153927393108,0.26314289365905164,0.2183087180673288,0.5978883708131225,0.21031692549131642,3
0.07640230972266815,0.7383280569065822,0.7806071307512401,0.09189941861513555,0.819722231839342,0.4891698854857209,0.5853259568565821,0.4189425128582921,0.03187780877620748,0.36476986214430057,1
0.5743446113894183,0.8266903986502371,0.868840886531363,0.49504689035839894,0.782123110429756,0.7810431573040559,0.46695083345982474,0.4476166771483724,0.6596301458416243,0.5368241366530278,2
-0.18724458228353075,0.4326183292060477,-0.014433489463171356,-0.443926504727682,0.8893644046765752,0.2689300855379245,0.49709698558437176,0.2879066784024907,0.647974710449685,0.5750308690770167,3
0.6741011620009076,0.23491371400415972,0.9355258402292935,0.42941273639580085,0.7087176381617901,0.36671085742078086,0.28876877055890615,0.06303585803337651,0.49781886081316273,0.8137135014321288,3
0.5733497422658108,-0.10068115578804582,0.8366239257887689,0.3941521126986194,0.18347203517097832,1.054333834666784,0.3679093959136668,0.5640511654003728,0.1131012798288419,1.0105475984188474,3
0.4168178069238663,0.8167708234568988,0.04956705315363524,0.31225168005019277,0.6479329700248937,0.1797255644120004,0.8860522529199181,0.34481171827203,0.6767439424706262,0.6256409747700258,3
0.9520861601308882,0.12716099515084744,0.9265447924504101,0.308044214948557,0.4194878281012463,0.38100803539338846,0.44705270764155713,0.5789104477577927,0.4365951815767464,0.3646852072937973,1
0.3776215613416859,0.591123698983881,0.48265555036907093,0.27778420116485114,1.5409323601174585e-05,0.5559302247471434,0.16465165371942028,1.1241142750288666,0.1389255480675171,0.355361270731885,2
0.06420145835742198,0.8951384782979546,0.32000348568249815,0.8707419773439925,0.7640986779154253,0.06844210727524867,0.05398303096388877,0.740127918119168,0.22035298454573907,0.9622696451518985,1
0.7678789901207351,1.0197116422655053,0.5951582420514563,0.5760326591197781,0.9998760705347683,0.20135437783438617,0.3628854379480334,-0.15123230233176377,1.0122194949706864,-0.12397361488951214,2
0.40935794206294834,0.4965114939391098,0.8936590603062649,0.2532439122319776,0.7821457582019872,0.6884908460343994,0.5343184750298767,0.7951342519732597,0.5749369321603945,0.31991486309255707,3
1.2203505544125042,0.38983960799314243,0.25152778530326825,0.1331413404551572,0.3249094156912484,0.30105245576115125,-0.09012373714168231,0.08273050217201877,0.24500027181800346,0.44133011217997,3
0.7724635091016095,0.29120064093726017,-0.1733261505928544,1.0942538216555937,0.994917510514018,0.05256156147248299,0.06722575821148052,0.45399516072220414,0.5646629079803059,0.6493686356226234,3
1.0199955711165252,0.806046287868758,0.8135698007479143,0.6276801574296589,0.07477720923754376,0.4824557096900494,0.12545230403725954,0.7232362000379631,-0.007520759624604301,0.4913388184515727,0
0.013013832889637502,0.6150646598848954,0.8132643573095435,0.22887476357492992,0.7315029341802962,0.6796399277719719,0.5317495638891514,0.08155042831645014,0.7769729705329026,0.017543317316237723,0
0.6696422258927315,-0.00384144580185165,0.12589372134582852,0.8229667315874224,0.9335018933899162,0.15972211394823183,0.05825970869214612,0.5205392200607837,0.7093045269343343,0.4252173886465169,3
-0.1911102707032874,0.6295268711102986,0.43789260243101086,1.0919757765038929,0.7757813050528176,0.7012204438531797,0.5394123789205485,0.641909209775419,0.5146445436498895,0.5408205137406515,0
0.7649660080872764,0.05320747581350931,0.7919452660245131,0.2636494308956697,0.07732483035429928,0.9477408347565669,0.1910905437766852,0.5031015756541906,0.21214511513071407,0.8866795036689782,3
0.007502316690118536,0.6187566447583733,0.815037293348371,0.21912367218442869,0.7380254931470361,0.6794436005690059,0.5232129505584538,0.08256210433425269,0.7841096203896674,0.012700766277354785,0
0.9199992470136438,0.9120627292285102,0.1533220331847764,0.8256270487271642,0.6002983410988856,0.26040577643547136,0.8225318075022747,0.01929806481908409,0.33154984635224916,0.27854262154033793,2
0.13922505725321754,0.44521821095720926,0.3395738039863939,1.2065289327195496,1.135335769476633,-0.16941016927272534,0.2767183223795022,0.4110048327535407,0.2552206015199938,1.4500021086063692,1
0.365287726111133,0.7569808005769173,0.0664507964723381,0.245961112141109,0.7152676250814409,0.10436781778412138,0.9226303313790639,0.27079445667862945,0.6428207807787618,0.6331707592268757,3
0.011452995579482594,0.6147170069068998,0.8139688104215168,0.22656713364799308,0.7307890288768819,0.6791811081588248,0.5308333190867363,0.08238275299992198,0.7783736395224751,0.019031770881916883,0
0.08258504637134319,0.14967722959648255,0.5348232099737864,0.5234334082733674,0.8436140806430747,0.35163539287466145,0.49404436556174397,0.7287382309271998,0.3919396589597079,0.15280998811208543,3
0.8758483610368566,0.9296353269512918,0.13733111638259177,0.7487064685797775,0.5726970540214196,0.34979845505261575,0.9044801835477819,1.3469784260734807e-05,0.3012906878443769,0.31658284615744875,2
0.9523395831493158,0.8623558827475946,0.10327701851575065,0.7240598434078107,0.5949348512607673,0.3424930461180028,0.8720243629096075,0.1011262562534655,0.22878618015172913,0.23045949872106403,2
0.5729863120690591,0.04199235235599594,1.0204634903621064,0.3117427878190212,0.6982171997613604,0.3212486471137839,0.4770877167101406,0.2528503014499512,0.6112608107564682,0.4781107391376861,3
0.9730286797269065,0.999785237330227,0.6468463012689379,0.007000918163686977,0.09578576392331532,0.2148853872401151,0.02740195387907326,0.7543983134765,0.9810643245361579,0.6954767855896088,3
-0.05096128888895532,1.0916454119340218,0.5168733457916397,1.0558108341667098,0.8853897180144343,-0.04915738698067573,0.012537130363196862,0.49519185109347696,0.11779025838027227,0.9775503275926761,1
0.9678708867647328,0.7748885797322137,0.6143285065171318,0.5992718750774868,0.04456397905407103,-0.109688341673111,0.5044761412709304,0.15762532258992118,0.564839593208,0.6667217479356953,1
0.5531423563943165,0.7040301258182267,0.07359756494800085,0.6259073807917548,0.22151868266477742,0.3141737426953121,0.8325359524004678,0.5202339908537297,0.8478109237663577,0.15146085059716355,3
0.8948240779021265,0.3273989470380204,0.7092042561964417,0.029115218454857823,0.877484652522186,0.020747561603205244,0.8893665962868276,0.6595849835276665,0.23304129522410655,0.7747011551088065,2
0.8158711978875884,0.6321358241075513,0.8147441296468471,0.3731736163967214,0.6429829462486608,0.9016290947358523,0.33856070703479235,0.17228331640172745,0.23327345668080643,0.868139450755022,2
0.8488436673457057,0.5934305113274829,0.6993118319465758,0.6450397880921357,0.7340495028327111,0.06584894965887819,0.39798835291509993,1.0278349139650769,0.5214699680410035,0.7205876397876583,2
0.5147022686871178,0.04132786163609276,0.34352841324884864,0.9318858547206845,1.1043390552037737,0.33489698950836594,-0.19518649788533904,0.6888737075548265,0.5051003808340085,0.30731029354198885,3
0.9092222633588262,0.844625152671597,0.7227386023664536,0.7103450839831403,0.8590876483376562,0.3143532817176208,0.4247275979331047,0.7965795075766146,0.4222101260016779,0.6891436109463894,2
0.17615816303623594,0.5930947005955356,-0.0005795686741199291,0.05414213472313306,0.975957043458153,0.28976914472825815,0.49527694218781004,0.4576758592041622,-0.026751394432018016,0.3487677330688114,0
0.8040667555059675,0.5769002746935393,0.8114734857932302,0.3549282494299755,0.6352238259398483,0.955322871893231,0.3114089824769148,0.1617631440159531,0.18472457137852896,0.862539613771548,2
0.8759913698729694,0.3070861117370228,0.701160669869169,0.024158871608819132,0.8825918247204596,0.0413651659466371,0.8502615370414918,0.6790492143969992,0.20207473665470427,0.7439241855656958,2
0.7763387020354006,0.9281660386492553,0.5549101161403814,0.8319556927648437,0.9523302770654265,0.04184913751632119,0.6610560936163782,0.20217919376494728,0.8887360325836241,0.21031719202309088,2
0.38323386336441956,0.8124613290633257,0.05254965255155064,0.31988615696740225,0.7175873683802654,0.18284080043535733,0.8449380797692755,0.40210525354167914,0.6428709491773941,0.7161423180925629,3
0.1267727312860284,0.9298266957679183,0.036989431355367856,0.31150339086191703,0.7548438187051123,0.5952580941172885,0.3081368024504936,0.14042522129053112,-0.06417982318106252,0.650642482352237,0
1.0420267534188614,0.24907635931554412,0.6611865942905277,0.4246275766494736,0.4830519564877701,0.23837054369720367,0.5984517665952173,0.5329920998286083,0.6184141668692924,0.45827042140116386,1
0.3293408728319832,0.2346578893789231,0.10669753760147091,0.7005136727484953,0.5761919109770748,0.2941886581879711,0.8134447489527342,0.31820526598326965,0.023639513149960763,0.6239295034684744,0
0.643787098675072,0.5903410014866368,0.6553492219176291,0.7565635473119612,-0.028277279482371853,0.031662530106146086,0.47861659624368447,0.46167739752717896,0.5812348245269492,1.008592911100725,2
0.7240333985392844,0.3089320461755768,0.09193186778688073,0.6436402655943503,-0.17275413119275712,0.2629009456093288,0.5588429667700214,0.15781366405761824,0.7996782149634319,0.05689206532383212,3
0.01140089559836827,0.61970492450627,0.8111768976687073,0.23259914441109755,0.7268006934585816,0.6795039909164223,0.5292058547302153,0.0872134980532386,0.7855063924527332,0.024443460479468312,0
0.47260596810515576,-0.20893590243680332,-0.11378743997661339,0.9150734088078192,-0.20344692333497355,-0.4482436895916292,0.03242323084418914,-0.552261337233561,0.5540082586967043,0.7909625994452641,3
0.8707278183821004,0.30653694179099483,0.7132880122243975,0.04084084527129682,0.8773626129307258,0.02540828465475614,0.8789572144583425,0.6591901234346593,0.231841500085743,0.7721360796866651,2
0.5069284042289145,0.8223727785993107,0.8772956677063708,0.48029828150485065,0.7651418846440007,0.8218473116221534,0.5394654075894726,0.36089430548866575,0.737394728949808,0.4657061909127763,2
0.8431623558309096,0.06598887691493355,0.7645089792851519,0.4381599995402858,0.09222535651739389,0.973464151250409,0.411940039439952,0.6919316618723224,0.007087103612851892,0.9214825006709898,3
1.1108716444088278,-0.07434403867023734,0.7749974698686914,0.4319473864885466,0.4253592080940968,0.4554354962885704,0.2877046217697534,0.4862908325076807,0.33393088117040465,0.3020221316390158,1
0.823354345471006,0.6661431396213389,0.7645774207014876,0.6114069476641021,0.38653394346321485,0.6747619576879574,0.6955840061260723,-0.12947963608777652,0.7839461446219625,0.9442460154302879,1
0.460652762119911,1.1286607262635127,0.4838580419862119,0.7037797775600593,1.1372416173185025,0.37526825742377323,1.091871988235191,0.6182744637945476,0.18563921223108093,0.5999235490343248,1
0.2356906309063201,1.1403477983157166,0.6361269995119292,0.48752675676134083,0.7570661046660433,0.4163270988073705,1.0998989315324803,0.2920668627974561,0.6415205596105781,0.5017475663478751,1
0.2016971226239317,0.625222760614023,0.8199651369414308,0.05062147823298202,0.7959955185087477,0.3535269573383711,0.652471892786081,0.5680665150334664,0.10692735174951831,0.28954667322269484,1
0.3872096316072931,0.8281588395421061,0.10802548082359928,0.2797953616502495,0.6501277335887536,0.20234997647886532,0.8624825392081419,0.40021975681319016,0.6744566018033875,0.6197079452000965,3
0.10385211642170251,0.335910543078908,0.3728700622979786,0.9907957806714938,0.45080210240645197,0.796697292568405,0.4565930311071849,0.7185296232434696,0.5359267061585069,0.6377329243207209,0
0.689796334656887,0.4592090850558797,0.5957984545075813,0.6773739712440536,0.034729699751008,0.5343686464324027,0.7091371606468212,0.5323533842639581,0.5670641023304946,0.11095477779265461,0
0.1419548658458003,0.9752951176403348,0.7021611507839649,0.5225946590190551,0.862292710965421,0.25505429857848616,0.9560223671186112,0.36171721975686183,0.6985294217903678,0.6791383191335512,1
0.23787449633871913,-0.08688476837169984,0.6193832617591485,0.21496434725007113,-0.050614863401941074,0.48819952236761516,0.5942309650474056,0.3602194652202748,0.6780189968789923,0.3924010368062323,0
1.1162259508712649,0.5431663623026695,0.835178900102753,0.2728627457627903,0.17865249750516152,0.967362997608216,0.37767479595168185,-0.04351529909487188,0.734491953424566,0.8829851353505208,1
0.4630728646153206,0.3286933558093102,0.5150621775367451,0.693361387065662,0.3187152766272509,0.7891393658333989,0.817564346000335,0.574571270400523,0.3947433363182227,0.7484146993264991,2
0.8081297376271599,0.6328363223423411,0.48377137828730554,0.7767120158766603,0.10711779546496566,0.029791291039930272,0.4516725106466015,0.1747814647806756,0.4475722504074483,0.7202968487708866,1
0.9368862323721272,0.10409214405936842,0.5211210221308857,0.9302303804442372,0.7613427355645145,0.7249187281626748,0.1327965866272093,0.8930108027957667,0.5607123958390897,0.32157779872309594,2
0.28055152555686946,0.47382134863150466,0.8174958540812616,0.711280479468524,-0.5582576171688379,-0.33944056622224905,0.8123910162944606,1.00126400303894,0.7293297891639225,0.8589123897743932,2
0.283559351340628,-0.2388869937773429,0.1767636326830841,0.6068612940790451,0.8978416980009163,0.37677882619477393,0.40838474817076853,0.17964892983110275,0.6304876659162875,-0.16573906480755435,2
0.39945334952891765,0.7923914628442239,0.05492810166017038,0.30471082321798487,0.6273762592352958,0.20837141575948923,0.9071714717318904,0.35853610534908614,0.6579120588602627,0.6087310249571642,3
1.1154589740276033,-0.4412197584539338,0.6799034446379284,-0.0873305487203628,1.2377492165811221,-0.425284353875436,-0.06505902995730961,0.2871456897136961,0.9628354199287098,0.32538154088076393,3
0.7947525780606579,1.0458924361617183,0.9154751917753505,0.5647209861437008,0.1492848909474499,0.8991196868381192,0.34239755739141536,0.11345115586247617,0.40910754304326413,0.06338815947442059,3
0.19459679993868628,0.8859520112221598,0.5625442394086433,0.42696050967887245,0.7261725353706747,0.39004586411830733,0.85172677627875,0.504896844067841,0.5679565941376771,0.5876741750587081,1
0.010034178921636452,0.6921004710712577,-0.0020514520812062523,0.2049011842615892,0.8502875288057096,0.4138970742975913,0.33338764491522216,0.36996915827647037,0.19385335040038526,0.39219737735414134,0
0.70868930744628,0.009465540300693243,0.18126149954367424,-0.11895649437852665,0.22481511717490293,0.3388692288139779,0.502353292620706,0.10168078937260391,0.655406987851002,0.21040177304019553,0
0.9510967603709354,1.0198318081115614,0.643205851418593,-0.014543643035753652,0.08858947642290561,0.2352852284719565,0.011210995874888871,0.7374682852885187,0.9677382168358493,0.7074823574331754,3
0.6920315278137614,0.4805360795883232,0.5587075991369735,0.699182871876096,0.026050146868509445,0.5114113899076576,0.7338137208366801,0.5427901910612727,0.5384020262002477,0.10248839061521439,0
-0.2747127305760346,1.0974631657783256,0.3498380684714198,0.7911342030046902,0.6121510165769387,-0.27470210976677933,-0.09763342893132301,0.8645051917173916,0.09696887417263118,1.1499937077674445,1
0.27469929587344893,0.3971576803621743,0.9672805042716904,0.7555134972362791,-0.010935278967341146,0.15375721660405162,0.7601290925752544,0.5984891401041738,0.39899741859351356,0.8361068171974871,2
0.8541565584155015,0.3232452349147469,0.7055503121300475,0.029764589433360345,0.8832286272565657,0.028817093355701193,0.8789536200262384,0.6634248607535987,0.21365956549082746,0.7574543333768774,2
-0.04603590946183597,0.7993283967590422,0.06427404883810968,0.33237045954828776,0.8446457350949554,0.40504128367183834,0.40656006426599056,0.3866623001510984,0.19745107962424618,0.3591625741089248,0
0.8108205353098594,0.25412469230074963,0.8464240094804986,0.20548638224464105,0.3322022800619726,0.4756131546175208,0.3272948010743199,0.6160260396220317,0.3362078559085001,0.44381884783556413,1
1.0375823466291838,0.40967382992862705,0.8091848582804494,0.19717898888001584,-0.013819203837664884,-0.001171280101195285,-0.049400623732647087,-0.06332068672589203,0.10971002683366454,0.4011863906107661,1
-0.06611390552999939,1.037727111682719,0.37475309936258866,0.6528867779441873,0.9234264697189892,0.21532636772771407,0.11444794091433018,0.8212337824604512,0.44412879970976815,0.8005238233421774,1
0.28873730758235727,0.9307654821999256,0.6722957641361584,0.5972517969125121,0.739368402827956,0.24419181933668369,0.9671669017812538,0.2932751209737737,0.7356595429442981,0.5772061806210771,1
0.016058550764182934,0.6118930390515032,0.8123312082372017,0.22887879748477116,0.7266092891560516,0.6758584368392261,0.5279537667270819,0.08017374902552257,0.7770547898777388,0.019494149419420823,0
1.0490232973173863,0.5517537114026982,0.6845546191757689,0.16152692060005613,0.9893930958282817,0.5537845520481212,0.111888746511217,0.07454832263177946,0.922824374852378,-0.5301609287158591,2
0.23465110989052956,0.6462740950316965,1.0198633792942822,0.12599255245425872,0.7067227018010132,0.49049559174169366,0.5570639760415858,0.6752391051804836,0.03263629995805484,0.4275042392234256,1
0.9219694858705411,0.8895988561034636,0.13162099860584597,0.7475698967067346,0.5627410787412879,0.3577760403160693,0.8827409204097006,-0.0025335698961506496,0.3362737947260774,0.31195199192409867,2
0.7257523898036788,0.24331118180332534,0.9469140667074494,0.3739039424231321,0.6671197996261655,0.3917306764159439,0.293547165993977,-0.0037724696548532277,0.5627514540133554,0.7488902147558798,3
1.088299733715735,0.3018992401270062,0.6936842102791421,0.7515504324621354,0.8391157190011183,0.8963950330984828,0.2528603640429361,0.780193151736673,0.5509551653132877,0.42885412696989367,2
0.2545663710220573,0.3562338618026463,1.0870301945141765,0.1816288153068344,0.7669869298322614,0.46986575669723485,0.7009667224564156,0.40903811748245145,0.42965126776197365,0.23692770951111589,2
0.9015368656154462,0.886237181771198,0.13846330131967263,0.7676509003945475,0.5276034913858235,0.2987335673396308,0.9224361858956984,0.04370007051407672,0.3222324228332668,0.2999253442427209,2
0.6051507193247844,0.5581030364617894,0.30256997553180076,0.29163743919297735,0.8149494528001883,0.34754210602770674,0.3645225781998165,0.08042440336575522,0.2335672003762384,0.19588573800250386,2
1.5964149616014187,0.32717352528952093,1.4215187301073997,-0.1835624301463259,0.8745689670782887,1.1004375127503447,1.0175289897935427,0.5987530300094976,-0.25205270530363044,0.459371846917432,1
0.658440851283264,0.06947436616298154,0.618834807415853,0.17491262892024487,0.7336867754340584,0.32961542604094,0.5406779004067401,0.19308358240179976,0.6135836264503409,0.26116797698008803,2
0.017636025438220404,0.0734169116379357,0.35732911681947177,0.5606386460581838,0.6463018849509737,0.5922438376211624,0.5198996072576317,0.14086619940015604,0.47046770331489896,1.0835109112820058,2
0.736802388197304,0.11886890820836636,1.1516246507527117,0.37978762496481644,0.6373491394222005,0.23176038222529155,0.5563129501012369,0.6599436678098478,0.3591771786846211,0.23700904542849427,1
0.023736835278256582,0.4997815211319032,0.36281082660100245,1.1337801516205253,0.47377610525097635,0.698237421065489,0.4644720301722079,0.5731830705513844,0.5527924155929554,0.7923473629470079,0
0.6398565100587923,0.01817581935656668,0.08373987792565775,0.8860992835199698,0.9453755197728868,0.13806199559357893,0.023632558134928,0.5646309547409025,0.6791837719954161,0.42344271938978123,3
0.5614097471504155,0.4683555499538219,0.6299443286527086,1.247404913558328,0.922119937577544,0.7929297278396652,-0.23596108916065794,0.2363823990449106,0.6410633649630397,0.889941322321978,1
0.7586594908091963,0.1786258783687112,0.34382965687654615,0.3084518909624211,0.7808460223354021,0.9529995524971387,0.7343373407682742,0.5714100734713933,0.8372447270226795,0.1031439913426031,2
0.012762073417799374,0.6136208347829283,0.8147290791503876,0.2264976281584981,0.7299354135251956,0.6783544844602108,0.5309710279576568,0.08184727606104802,0.7784480535473494,0.01823821303180478,0
-0.3776336636535289,0.5773054994381158,1.0100659093837416,0.5240716291721335,1.2374850522904488,1.3368062373334744,-0.14937641731290807,1.2339279513571335,0.12405624382182195,0.14301585196332472,0
0.7920750348144612,0.8345984917409529,0.7788890827669684,0.7677494581666042,0.889428968549747,0.3030132527472511,0.33165287425767603,0.8606598780209568,0.3767821275633183,0.5654237126214916,2
0.8468473406535395,0.8779051797847214,0.7678190862519332,0.8446477682542964,0.95205362009185,0.28128597529175,0.389578720152565,0.8482870276670603,0.37610339654335645,0.5823670808820274,2
-0.04764197438216608,0.7462311758053327,0.03316497224521199,0.3085560413573103,0.7665420513797291,0.5680651396647907,0.27372496729028883,0.40611872704219215,0.07347429604394268,0.2302825712131828,0
0.33400723983748254,1.1348802636024793,0.8300549869509031,0.5994359661550878,0.6828817341022495,0.26765127047738174,1.0564020341820797,0.3321982557906327,0.7044938219678729,0.5802582735670903,1
0.42092460481397415,0.8665444729464374,0.8624531757640511,0.44216869164692546,0.8475907441880282,0.7771713221915552,0.558812699518462,0.39659781959812945,0.7348664126760441,0.4101745272851453,2
0.09741381735362607,0.5443054395390583,0.376496859186226,0.3660493023786854,0.9193974231165143,0.493187052827011,0.5687065228256252,0.6540292926720014,0.15558259764922544,0.11506507593866105,1
-0.22558957748685182,0.762170280316739,0.037101393132987215,1.0436815068771792,0.49932269746575303,-0.013605566456242363,0.21476039653068182,0.9937097100179625,0.3254112596041756,0.7011464780254673,1
0.05972206258704125,0.6827269326257359,0.046267469435421045,0.2553667552207817,0.8537196186519725,0.3934297991006512,0.36331755072147326,0.35104330372527676,0.16954674437442277,0.40318422322099573,0
-0.32438583667865206,0.22796535936160983,0.0036238225249680678,0.22789398531848168,1.1851771081873896,0.8652645152771965,1.5288913825651256,1.198938419298108,0.32267911526275794,1.523667412132966,1
0.02755930001097602,-0.60832915130674,1.348931848900361,0.20745508705868593,0.32615285438225,0.41504335524435376,1.9031842802304617,0.26778303916837465,0.7598434959715572,0.9407286615324278,2
0.053704482087658656,0.4443900433261734,-0.4191122447127259,0.5473955563640404,-0.6142369729361609,-0.044696623160311755,0.42844824339217674,-0.1892429278490918,1.1665065035819386,0.18130554412775665,3
0.1619596207848031,0.8516592650631607,0.5044239311214235,0.699937061493493,0.8312855519690139,0.04259409925422765,0.21282193964443588,0.5817027030799797,0.1669922998639525,0.9903933008716239,1
0.9044427765173351,0.3804473441880077,0.667890674902507,0.039061577376422955,0.9187261235567141,0.0052747717286515065,0.8759791761267345,0.6252119647934025,0.20826904406895952,0.8351335857743424,2
0.382366291922296,0.0873434594558651,0.9216872880684763,0.32297169040478163,0.593440302956167,0.3597438409968729,0.44669008611572514,0.37748736725367377,0.6574379794136509,0.5332539464281704,3
0.13193863763108477,0.30907896818274133,0.5106737381882666,0.07238097023029588,0.48943663909716123,-0.07042210035965632,0.8408761440210132,0.7293830692883777,0.7018875444682325,0.20811083653488688,3
0.9177984894106177,0.5287686958479598,1.041705209424232,0.5106343972739456,0.28589993295272786,0.25464450469912236,0.40382319558106666,0.9971061828727228,-0.10931969010247627,0.3343643364250865,0
0.885866762034818,0.7748384587457315,0.7833111705875775,0.6830932570323108,0.8590334610761889,0.25683335695050613,0.40005555129808323,0.7675186931214055,0.2844452686936607,0.6578622730585987,2
0.3471387194746127,0.5462398624744819,0.34991079342690534,0.32992624139395693,0.0583668591596277,0.5256163927661032,0.1804138672887367,1.0039295011000522,0.08532835499236957,0.35265514298275225,2
0.3887960845779067,0.7759473668977588,0.021190020150366515,0.24800390997289662,0.6691106257349012,0.13477768167202578,0.9173645892744026,0.3332634393798401,0.6935794454296174,0.6604686460785583,3
0.13810619711291497,0.10914531054462594,0.03139270650311,0.6330101390476903,0.4107555899893279,0.3951589058522973,1.030829977111012,0.1860863761926033,-0.044673064742689644,0.6749227364752082,0
0.7358098428133423,0.2392094401138141,0.9242926257109376,0.37106775523093755,0.6991906819091946,0.36585274598789413,0.3346237758576274,0.05003927222019797,0.5737843464397332,0.7574701688634481,3
0.8686151220693996,0.49767857033519397,-0.040832666606099244,0.6304109139512277,0.29545382094897976,0.8272694777726931,0.5646109460541124,-0.026232751179474323,1.0679111824861072,0.3134009851750766,3
0.43296909674329775,0.25696505496693406,0.37873430750735143,0.0827757146168645,0.13825696873790003,0.09810689726080109,0.55838536965049,0.0873180787225923,0.5681303480524283,0.4382858991845017,0
0.09410834459958861,0.4815819779914604,1.1703304077069672,0.6958064127799068,-0.11674745790177905,0.3419490668520506,0.8707164349586085,0.6168417783118516,0.33214369743213384,0.7847230829346129,2
0.399691472572113,0.8477886080843049,0.11283175965115622,0.3000885506042861,0.6104870661602849,0.21649469498010243,0.9316102345463876,0.3082577861806095,0.675359541713634,0.6762753530996316,3
1.036298673050939,0.023668396106681894,0.7513217701480616,0.41366675834554667,0.8735090399328449,0.2177409139215048,0.35297562937710314,0.2158563076421312,0.5616643875195314,0.5867075259841688,2
0.8336402780414363,0.05478256432069868,0.8146023636203265,0.20435236289924713,0.43132667966670357,0.32776472309498483,0.5153982747032081,0.49773584181100344,0.4744641259221564,0.2866951576655879,1
0.974063790961333,1.0372223588744676,1.1450935478768687,0.6912609390435325,0.39164506926294146,0.9126074054921365,0.5526711921523138,0.08802597643474504,0.492788491073993,-0.005635642614964201,3
0.04951474322047821,0.9105896791041964,0.29964640557278877,0.8936638990216523,0.7418062452760127,0.061874329524148945,0.04951116709279028,0.7252755036344223,0.23328905232694983,0.9497685664400426,1
-0.047250204651379066,0.5847934056507936,-0.11124452055111317,0.13788484980086155,0.843589021474649,0.24717336608962154,0.44600882359022287,0.4400766586941527,0.03512405610081548,0.5367708130243614,0
0.2720582944633335,0.03676697049668405,-0.20241457628544418,0.43836490062230205,0.8542129253786236,0.3708593062533082,-0.30950147962567554,0.23630068565552698,1.225566661163214,0.14447132450753775,3
0.9990356173012963,0.7915329126311076,0.9103841091657795,0.5438999045458083,-0.03253924682224571,0.35805419926604265,0.1511111583876175,0.6842880699909637,-0.0084004267716681,0.5336879549140011,0
0.9652426489165032,1.0017393429765793,0.6504505928389321,0.00620373979281474,0.10122442914491249,0.22295479721525382,0.019529426478568396,0.748493851050823,0.9784849500889743,0.6968684333697436,3
0.9074950833882015,0.6180577206568467,0.5983187277313586,-0.019573237146888856,0.017941937316780454,-0.12802565861953674,0.24352311328998993,0.8617214729993468,0.15922796512825227,0.5065955449106703,1
0.3885315341246565,-0.18807515652915327,0.2822129399496592,0.7935415206869008,1.3293755977172406,0.1557317982523593,0.47147048441020545,0.5318312947428937,0.5577028023317252,0.809017440388963,3
0.8842150775615693,1.078012839675705,0.48963166341420095,0.256882858432031,0.9610529316639598,0.590136154267803,0.9054698168628749,0.36151202259614645,1.2291624205163578,0.17686418072794188,2
1.2705336001438783,0.05346583150279807,0.7318393798327006,0.5800419619908619,0.41383316130959447,0.8954574697992147,0.29940415320523145,0.845500332098666,0.7532737529454079,-0.06542662505595165,2
0.5321854473561669,0.24218660990421859,0.35622398497307833,0.06858782923460997,0.18476709546586992,0.18780681918622122,0.5803971070196231,-0.03256309649771811,0.6804996821395384,0.3457332159491818,0
0.4029750667345497,0.19877886239950956,1.0869812755146244,0.4696704145817658,0.6195542454546056,0.33379090346931023,0.3825627262001147,0.4499005466835626,0.832210087702385,0.5215178021166168,3
0.7886351089939537,0.6271704108463232,0.2736434244905269,0.4113822034509252,0.34108835016425315,0.3536821357815138,0.7810106096421398,0.21188092879288944,0.5245633271512287,0.37883782093165486,3
0.1887773172243232,0.3867509208146418,0.9422108823465356,0.7468358357364738,0.07775297442183937,0.08594654610341851,0.8474778639538442,0.5974499860625376,0.3919382512541563,0.8082155390007637,2
0.5734946089845311,0.9127054925155689,0.8688704342179432,0.6493679463787547,0.2280648620690629,0.9059367294494363,0.3371820578651526,0.11456259288359315,0.46846421790182446,0.2152955837004965,3
0.42266681769799497,0.8363036891095683,0.05124432331708174,0.3070860425781022,0.6388634577393946,0.20426766823047843,0.8818087289948031,0.331006750354409,0.6450492166369006,0.6367709403988114,3
0.6845623190838087,-0.03254120092097368,0.7693060224551473,0.6621989030809775,0.6985107042879273,0.060691220488286984,0.539617781573533,0.22926286164085893,0.5612416997671286,0.7182824513235447,3
0.6441883755718975,0.5135385352480628,0.5591996408685059,0.6969177928178035,0.03804849197817309,0.47468945196326157,0.7532522914153942,0.5156608249942674,0.5619907244874094,0.07065893365751423,0
0.6588990839186311,0.5320617164509318,0.2799720102181976,0.2820034506111866,0.8200382844216091,0.3629843901122106,0.36371869081062125,0.089649893803214,0.255053102987861,0.22362924002549409,2
0.44356216071124943,-0.040075100065099095,0.07182754656444011,0.7663404736584448,1.0118902983423697,0.35291990691164615,-0.18104170323255792,0.8459376927579211,0.39958951483774086,0.5583389342479617,3
0.13851501797565144,1.0338593506405558,0.5122782899449372,1.1722096150958872,1.05495412188523,0.11462120453267327,-0.26507614709594773,0.7121623325775808,0.48637844576867245,0.9858042335151349,1
0.4159868948861929,0.90899978464921,1.4478350771915895,0.5224403399460096,0.24727768118224253,-0.1227887108626119,0.19380808189373178,0.48945962718997693,0.6524047301700008,0.5406598532298004,2
0.5060067948257313,0.7994847149913676,-0.022018008590125815,0.2143590088718369,0.6042930028351264,0.12415708118201829,0.9257631127293674,0.3933081866824334,0.5956920364169803,0.703193320348622,3
0.5175284188867021,0.20740169230992975,0.44494140520661063,0.2547668068987711,0.671779144049395,0.43619842817150883,0.38539008680882353,0.1357464279839449,0.7802401214038097,0.31711668612116034,2
0.9166300333871783,0.2949705230507247,1.33456709601621,0.377670185186349,0.21210784442857059,0.12496704681109455,0.13863132786867655,0.6802727427344645,0.09685310509398143,0.4553932589999515,1
0.6550529728798753,0.0693930632145552,0.6078218937134627,0.1654133867945639,0.7528424137885023,0.314599389923617,0.540756776661917,0.20995273645359672,0.6259030302969488,0.2559174623725288,2
0.09857308325266079,0.48805356228166685,0.40397386252197787,0.8893798408726286,0.21538002142930723,0.9215885883787623,0.46753061956929665,-0.3238379680116178,0.614512648321615,-0.257060559553271,3
0.07877475576943405,0.14391276170480546,0.08553537883336787,1.1128699910777864,0.7324940160192297,0.5907124645632836,0.35956121571847316,0.8835867002074056,0.319630272518145,0.8291418067197465,0
0.40355345692063727,-0.14113993728549723,0.8146932319259618,0.405637380949764,0.714105275665591,0.5335520309896092,0.5023275586603458,0.24160796765500697,0.6540662971683546,0.4229428038993679,2
0.519409348330022,0.7703356622181016,0.8452798539436065,0.4398336718486235,0.808319103590195,0.8732586004219881,0.5385351566788624,0.325171404458384,0.6857868078309307,0.40967979797019016,2
1.20278132596983,0.10530934486699574,0.41314719819080326,0.3166756935281543,0.46105919599133566,0.1679432986091901,-0.07926897845722852,0.30608238295170676,0.1956512720704588,0.8993879939644249,3
0.5330913604378911,0.7734664583465256,0.7887271277926259,0.4119606173003176,0.7886353467450354,0.7376801545653116,0.5343398186467487,0.35288245371950244,0.6636678386456305,0.44625533413848484,2
0.08359227210196449,0.08612735158694694,0.5072634896142638,0.492883884059996,0.3419545606634663,0.515927613670204,0.9954883278045341,0.8212376428062832,0.6867463904064512,0.3659215537054354,2
1.5981677853309384,0.4568745054705814,0.36170990250913715,0.34422749041912243,0.1622506778847927,-0.25241700431736813,-0.03701608911421378,-0.22208982991111514,0.14357517200308478,0.32838955949333093,1
0.4557762054862436,1.056971053250876,0.9535570055051272,0.8270042834746055,0.2590232216858187,1.182196154247325,0.5219017429702755,0.36471820955391276,0.3761506144488047,-0.03205931751456925,3
0.4463964183948754,0.5556176788408467,0.2757471403846399,0.5024255077948492,-0.109127129356787,0.37246162957479834,0.33168144914403574,1.0986790481080078,-0.019318373893733837,0.5126815299421753,2
0.1957197479791023,1.1219310696063391,0.29237117303833177,1.1672235245063942,0.6723792091935584,0.17834628768270427,0.12141181149839331,0.5745101877605053,-0.16570302258390557,0.6195238718631593,1
0.7278294541366588,0.2414968202317523,0.9300056049375643,0.3844045146023604,0.6655678305038241,0.3548775670714178,0.3441142684911294,0.007803730921910237,0.5472672731679734,0.796534839571499,3
0.10101468141227435,0.6913609516309253,-0.051118737400376174,0.12442386023144208,0.857640654480565,0.3824952285219215,0.41333708217223586,0.26310283467149104,0.08381015267712463,0.49627125095067187,0
0.07076560289842593,0.8107962327687627,0.7824124537186595,0.12002381670030446,0.05636138238615858,0.6149601415946255,0.7608861735791432,0.4273534442360382,0.31388201529219906,0.6081516771626462,3
0.48149367322150627,0.823424378806239,0.8753429165327892,0.4793606099429902,0.7239296529138329,0.8836847817564336,0.5346959794333471,0.35051555321311106,0.7647752004899318,0.505781142315016,2
0.6623336575201654,0.5789252362137934,0.2911874540430572,0.8366411001763063,0.2771067511506285,0.4634189000906367,0.7486950694016102,0.49781618177974984,0.5519403590853932,0.22187457325902316,3
0.4042397906871277,0.635098323382051,0.5411478876755894,0.4977008296970238,1.061266417585776,0.14829689589741288,1.1716313518439831,0.19317459447878485,0.1206600948700785,0.01495935265233217,1
0.42689344749168995,0.10242187812516618,-0.013296546239875529,0.25821461601044693,0.09191546404707183,0.03815968707956119,0.5712592573059858,-0.16782873673214568,0.6507113994643332,0.6996538165923036,0
0.051337354358200055,0.5291397525567234,0.9975435831011301,-0.10619923742353038,0.9412692656054719,0.3898204306330773,0.8748478307591644,0.5149648812813318,-0.024846316986720185,0.46023371357655574,1
0.9721653134021504,1.0010716415444973,0.646551590413632,0.006619366833396932,0.09515166900196868,0.21652580395138338,0.0274214688722366,0.7531812482834925,0.9817551909167334,0.6950158975915525,3
-0.23750029712083243,0.2815194211660368,1.0035073587864372,0.06421835416427452,-0.13582319206718377,0.6320573819360619,0.39210505496390247,0.6204747398101265,0.7877453028231396,-0.14534942653026217,0
0.9229399050853978,0.4097470568794572,0.5490108768508383,0.966153387598974,0.8011011457767229,0.9881745119721868,0.576019471297339,0.5795509023593415,0.5947915500484264,0.2463654610809053,2
0.9059972310931026,0.06396950723048068,0.3068521956733243,0.5291149330581875,0.08889149030032564,0.2713231039396415,0.08732254298422377,0.1589337478594431,0.2753263601911442,0.8618349161738237,3
0.16249729117070186,0.7169178914527178,0.8186661719280809,0.12176317004034555,0.8445441162543406,0.4318810498319998,0.7453065954178195,0.49810474244360364,0.19912224169161655,0.35055197242983344,1
0.6709610414551699,0.10586512198996026,0.7604827851048981,0.29718491655471013,0.13016610846783427,0.9215777046764385,0.13152703735467988,0.45940535327473364,0.19768691380210807,0.8738444339889286,3
0.011159094723226773,0.6118342611140953,0.8163164862537423,0.22566027951930695,0.7342392226197674,0.6767513500875029,0.5303690796618085,0.08309125269716446,0.7801358528622818,0.01544151957704837,0
0.5355374998688921,0.2883429968276984,0.3937455908277191,0.1364512959180218,0.14103088673865055,0.10834108393056283,0.5893766273067739,-0.0835140470762181,0.7421011908148163,0.4025182197713776,0
0.012198223678122344,0.43871858437569294,0.32916150261973887,0.609677493664145,0.7054436690269759,0.5045288243104609,0.47131014585483555,0.8107227531037905,0.7259477385563584,0.4084785025056976,0
0.5261963069378276,-0.14861108963421818,0.4409993420750351,1.276363835633234,0.9957723560090584,0.48319019563568755,0.055895340153447895,0.4607880413369792,0.4098187505019541,0.691880553959779,3
0.7916592395040333,0.20509666898243592,0.285963947717363,0.2608022628365448,0.7530580357170027,0.8885752854093626,0.7262086408494592,0.5646130891176245,0.7814878625120082,0.12041178899589472,2
0.798270887953827,0.37522836189900793,0.7434041051761047,0.09716625514119742,0.916706072300406,-0.00483557159666291,0.9085232840652853,0.643615936114644,0.26608867163928185,0.7225582717462028,2
0.07629628962880795,0.16554288478821558,0.586225141264133,0.46730586746566094,0.9185806552007025,0.3690854138489687,0.557934175261747,0.6847354513371404,0.45535040221043266,0.12063835086237948,3
0.983918952931002,0.9686312003973916,0.6139425531132133,0.6848710655415501,0.7673645473863964,0.22670438345647437,0.5064275194653544,0.08242800137333622,0.8906934886451381,0.03220212120488278,2
0.03559402492793712,0.12906453792175018,0.5036002631830997,0.4201983204197904,0.9187141404811238,0.391988035822776,0.5541238525926246,0.6996741028410841,0.38070075602683806,0.18731163996311828,3
0.3506993166477509,0.9104789790352593,0.1053643076536622,0.4190609452526297,0.6360970167012723,0.06857108849773921,1.0119477933585885,0.2953141184920291,0.7020652031815799,0.6586010442467042,3
0.27233315631967103,0.5804731067394475,-0.1888171675998547,0.30750355182945804,1.0690643766067751,0.4000888563262672,0.6265099253927852,0.20450978586134672,0.1420017529709728,0.6080530992065354,0
0.34602970562475455,1.0544667929789013,0.9410398911418872,0.31174898061125683,-0.30879998804023906,-0.4468600742142259,1.0731793869806878,0.9999831232521723,0.395435394309256,0.5909061243046744,2
0.3824655415778011,0.49837492032817404,0.9180805921516014,0.3348512708426159,0.9110811106074526,0.5714249818527877,0.4854960761020438,0.888412729356039,0.441983913347916,0.24296277078414102,3
0.10674953464773182,0.2638569683984432,0.7607619624774944,0.25662464159104226,0.20183166855035994,0.40396018756222835,0.7514885448383931,0.45988580696345915,0.4496085485422747,0.4365433441319786,0
1.0086790207975567,0.5518971517902755,0.6980432949652176,0.388269372566247,0.1854351481244531,0.8461322188133013,0.49185211078171137,0.07104397815953122,0.6618785585595455,1.0548795922988743,1
1.1612936667459541,0.5994470901933191,1.0852692550906826,1.002321977276803,0.5151177251232482,1.4206368793870623,0.5805535083332558,1.5128897924085347,1.0426855935500947,-0.04231593888812285,2
0.9077574492152135,-0.01776514923408634,0.7140207582057045,0.8980120479538407,-0.07642556968274938,0.7924393873566805,0.9180587531804487,-0.5003124902530699,0.6667685157265555,1.007611399196847,1
0.4073576356601262,0.8291280890172625,0.04933614876612063,0.3007615589338675,0.6390402637316788,0.1587348663678776,0.8776801537461564,0.3431919981950949,0.6888462800257428,0.6119601785408857,3
0.6825918925103888,0.4818808859294321,0.5980912278902624,0.6756673778912444,0.06452282038369174,0.4856195798577669,0.764157692886801,0.5439409178029039,0.5276659587978167,0.08286057982784314,0
0.28005364569635766,-0.16014930132095212,0.5747344711154582,0.4458030231431008,0.8485469156498188,0.39227665239059134,0.03390065154727465,0.9556022549543383,0.9505844684826228,0.7115322776826254,3
0.01353991743682054,0.6115838844721345,0.8162023303022405,0.23107381888804635,0.728905350682952,0.6775536425892749,0.5348133519960406,0.08580834012864416,0.7754288279128696,0.02045348915108918,0
0.5230745139431573,0.5404442335137506,0.188691345573003,0.7037443544564159,0.07990822878068313,0.2843031465626104,0.7753676751813993,0.4055333442526455,0.7119485198590786,0.23853989077975493,3
0.9138959523455125,-0.16031692365599726,0.7863957218493791,0.08444617150567654,0.1668519593271659,0.2000247499582016,0.7277645865816804,0.7991184486518121,0.5182785380763574,0.6332425577782255,1
0.5115601452591153,0.4515428179938312,0.13224447465333525,0.6885648530507802,0.06209442621362545,0.20686157992997256,0.7069582911997094,0.289748849069585,0.7604078154912337,0.3032525077828689,3
0.591297710374161,0.04219298878493239,0.7005573133974918,0.22716484931803038,0.6893772572032955,0.3029644183569053,0.5364286933679968,0.1508404192531273,0.5412004965247562,0.18375383544494994,2
0.9342391055675557,1.0862109096428616,0.7839875379045057,0.7618034040555638,0.7045584281226746,0.07731823015244094,0.6727532545947696,-0.09389165091904617,1.0601297597959862,-0.14402588727114093,2
0.69613493488145,0.9969445119748059,0.8274752576656894,0.6590290521608291,0.2941669740255952,0.8729056775939718,0.20615837525633265,0.21521961376766596,0.560890070327521,0.11787768496714573,3
0.0546396796785565,0.16363236862352204,0.5215330115369733,0.48771701834207715,0.8886434431087177,0.3474497446935374,0.5034393593230795,0.7310976110042398,0.4075150540891375,0.16698480845572605,3
0.7017267836624874,0.9371206616767297,0.6840355235631188,0.20394188755121703,-0.22504855535263013,0.5679844510465821,0.5235914516484292,0.30028994891822947,0.09608659006617992,0.5291008670671995,1
0.39745007902357943,0.9752237890369189,-0.062413038902633694,0.4645886452350849,0.6183933621265937,0.20301441804122358,0.7520889766201315,0.2275095132520022,0.8191554010485882,0.6455199836564561,3
0.05685771718293209,0.899331301997553,0.312240208333282,0.8793345918697077,0.7539191409584938,0.07037476518559681,0.047361041009032934,0.7262911442676921,0.22716614289961223,0.9763561604772512,1
0.8135416656771459,0.5931666699743849,0.7944437274586552,0.37377190455456255,0.6815744713068983,0.9721147803203654,0.24756322972975725,0.14233522881322408,0.19608277100356794,0.9045223724599926,2
-0.03403179892024838,0.5093948540290512,0.20000913768088519,1.1707350883157628,0.33644410397081004,0.5783068905688145,0.4044118653206129,0.5530259980625232,0.5266510171792207,0.5163096929109781,0
0.8474702714424418,0.5305966075760065,0.8053114799455166,0.24517719762065393,0.04927060568754196,0.7547567124024357,0.300728759223548,-0.08569519236566271,0.7806790875291201,1.021276511706594,1
0.25954445524292724,0.39436599595987837,0.9463025594026697,0.7918263412970796,0.07045365128982237,0.10250276342391233,0.8342342165297874,0.6464617761492975,0.30748020948562155,0.8027662366245454,2
0.8649842071286236,0.3167370975559192,0.7082699985608533,0.0429744153860587,0.8989884415075872,0.01893501382414745,0.8650546739945576,0.6572857080522374,0.22322841574876912,0.7574260355188954,2
0.4867246576305927,0.5675344647035783,0.22142430899239787,0.7091631567238873,0.10127214448999605,0.3138616450385615,0.7978581198916842,0.38112302897917233,0.7069342948817804,0.23573222956420586,3
0.0662769671903169,0.6981262238115544,0.8516250805923725,1.1846309080828505,0.7269185411089834,-0.16577698315545436,1.3096058778777968,-0.12353208145002248,0.1976681205499653,0.6648276131697204,3
1.1196655352678213,0.9038431281669411,0.7754976849462937,0.5335896247605,0.04272842974770268,0.6246623639459497,0.2891667342713524,0.6363574408871121,-0.07042199704295747,0.5967435033323127,0
0.15385490390679973,0.7833380924740492,0.7772185873224586,0.4157565268312049,0.6782156602640436,0.08398552888717589,0.7336852875205104,0.5068469328591144,0.4787473886856891,0.5047226223017123,1
0.005755637151571201,0.7647492027535363,0.15414520063942924,0.6070895554767177,0.7414004828892561,-0.1304059739548452,-0.24086374927581006,0.3896423437390956,-0.1116156095525998,0.639779793873816,1
0.2963030103378085,0.7041693602833932,0.698716254046669,0.17558633974418997,0.6576567437664038,0.35294302500807695,0.8570407164990501,0.672232239814344,0.03800899773639928,0.3247795303268143,1
0.6609591677073253,0.23053181774803297,0.9094438575375219,0.34539289037717047,0.7315973069973736,0.39717753347857315,0.31583636051465624,-0.012078472043348644,0.5543625723063305,0.7947552357596611,3
0.6835812021541181,0.014438240587466476,0.6448672231946907,0.18579583078293407,0.16787195381048808,1.0155305771994574,0.2384322774257088,0.39072472201037795,0.115909176378265,0.98348844186265,3
1.0067835363959354,-0.14409700173353712,0.9938227689795742,0.3321165528821723,0.4583876964929506,0.4424640773056853,0.8542608991075198,0.5401574080087475,0.12635935551163774,-0.11684541823026345,1
1.026560491925713,0.1519343753642121,1.1793045539844405,0.47949945492856116,0.1537500337840924,0.6418506839707537,0.32971961387731097,0.5811287462588006,0.561540755887762,0.21665760993129213,1
0.6039570192567341,0.4649494416466955,0.22348355405059772,-0.19822243194080916,0.2112716938129115,0.094631564330774,0.777774461211382,0.1542053333581003,0.7958365123669636,0.43480144252678754,0
0.17435287949707592,1.0309433329201718,0.7447299803298916,0.5618960944179499,0.8066018383803439,0.20582821489726685,0.9739702746259512,0.38854576507570093,0.7294387345819229,0.6381259281192088,1
0.22661565705894446,0.5956915821079445,0.7937992441491527,0.819126623723653,0.06434214090536491,0.0006435146538887881,0.5415903254837657,0.3736616606452596,0.27191285839086393,1.0048309639198278,2
0.2418903698438143,0.4355634860824723,0.9291782561762708,0.7433789349052063,0.054082542899740925,0.1941674889649185,0.797425583171127,0.6006596664264536,0.39900108734523004,0.8453467625621365,2
0.8014492903967246,0.583901452065966,0.7782976362251179,0.377668979942301,0.6392491809800132,0.9337664116213201,0.2913005029088925,0.15658750027276155,0.1967278423032141,0.8589395550837801,2
0.024300951517392713,0.30589430224255587,0.482119015656086,0.8221872669311859,0.25305571988335224,0.6564431671609569,0.5604305081248504,0.47100795345707136,0.33371619120959795,0.8619921532945216,2
0.4789436971241139,0.80639550812414,0.8562836489414061,0.4818267676967452,0.7533606399904876,0.8369038239407254,0.5585914876516352,0.34753844470756956,0.7179765580391557,0.4661306201789037,2
0.527821114368648,0.242107283441332,0.31248036225509124,0.04885291393943306,0.19434180078443028,0.17023273855991344,0.5730679255768212,-0.046955001161307075,0.7143588657073706,0.3571012424283481,0
0.010027082405632293,0.6107712802873736,0.8146206595459601,0.2281549477249693,0.7265869016867303,0.6801068546887284,0.5282961583623145,0.07905848078495875,0.7759144790902152,0.021479856325165168,0
0.47648661654784397,0.8409467697234309,0.11757144966722757,0.3199456732521162,0.7224727297196336,0.07044279630169585,0.7702295242846223,0.327284790968837,0.6234906328592529,0.6912861944806509,3
0.9410644701458523,0.9627672055443383,0.7073710347479307,0.5959899740972944,0.7561895004388143,0.3381734562516233,0.5777314730960815,0.039592776461395654,1.0067473812589944,0.017065090909165755,2
0.800418792030826,0.09364719555966121,0.7016666860058507,0.1764797722556362,0.06693634940313026,1.053046250971441,0.08748097675073768,0.429204829980422,0.1845631006621944,0.936339910498631,3
0.012695777342834879,0.6136546849051455,0.8144429596030056,0.22693842600372066,0.7299812880255042,0.6785263386844488,0.5312395546421369,0.08183708603218634,0.7787670677791667,0.018866956748241792,0
0.464318155914386,0.8803417131576091,0.0854229255952609,0.4130332672228215,0.5476042477261414,0.1850125714632228,0.8396514188678421,0.3104767348917026,0.5256413868986574,0.6681306167879559,3
0.18839809385441691,0.8188162712630679,0.19473739042000804,1.0423782087601752,0.551102363174617,0.11962615044472436,-0.09054840673979012,0.6238252359814225,0.12600357173924964,0.8667866630726463,1
0.4763496826918022,0.882600247002498,0.004738242351955975,0.3575633579267339,0.6235361408886507,0.19228036759032718,0.9368552104309716,0.41636104981288996,0.6627006760319283,0.5934319020065724,3
0.777953380162525,0.617545502417107,0.8047405179469029,0.43308618627763723,0.5930943560833981,0.864815509750933,0.24187742322332836,0.08806598711813608,0.1486064206290352,0.9040488055925174,2
0.5077451420271812,0.4214404184582658,0.32355627502100875,0.029431436436968668,-0.1655518749973644,-0.09526889097202962,0.4498723369013249,0.3257329401215959,0.4932952370362274,0.19989512819139824,0
0.807792778297118,0.5296222043658952,0.7177993975061421,0.3538440074677199,0.5883954249421143,0.9664613167498775,0.33898402096642705,0.1352726216922649,0.13838330193036602,0.8712830874663264,2
1.0255824569394811,0.505500466572385,0.781942604666869,0.33402962760840216,0.07996502130372445,0.9030123068550846,0.4021894981488874,-0.007104237782338391,0.6508122229635118,1.0201597661431117,1
0.8701241118874319,0.9131599434006293,0.13700407916289864,0.7861848119696612,0.5561163311726133,0.3280507170328869,0.8944912071968469,0.025566030002363394,0.2848298789780079,0.28487305996609613,2
1.1466177847408294,0.22060658157251328,0.05278526857880536,0.7456939289076174,0.48838241579166985,0.3785845493382951,0.14262517851072087,-0.07543089303086928,0.5971307299177555,1.0278743132553643,3
0.08632425877899405,0.3490299277198163,0.3638739247927787,0.9878810035052843,0.4654666055374398,0.7943242711747397,0.47633453183815716,0.7245506009625923,0.5481937259084915,0.6451176125130961,0
0.5009539108226772,0.5507377608472027,0.8348779484370749,0.291136702938302,0.9312953732177716,0.60891926631433,0.5245570223812905,0.9781925500743665,0.5111072416282108,0.2944597889060382,3
0.5494964426801537,0.2544415108125357,0.9405927267873231,0.45031301009355734,0.7349414705944135,0.3042573767223508,0.27141242620891515,0.36114023609539336,0.8405424655948738,0.5345938531838378,3
0.08905312162122092,0.2877931658391887,0.27577074268879237,0.9932985197923909,0.46383380257395834,0.8583236801533641,0.48045245823558147,0.7576597114595991,0.5046386744261536,0.5857021329044885,0
0.7325185091393474,-0.019850706393319262,0.38957049066951743,0.04833197247011236,0.07738568799606424,0.4913035430029744,0.47474092380629895,0.20277804247824172,0.41420145124071694,0.12601409132514618,0
0.9729196281262072,0.9934854643263168,0.6474843920068274,0.005953172737149113,0.10220875932101028,0.22341622904536362,0.03284722842521541,0.7575484159414351,0.9877532652458553,0.690421925873557,3
0.8254892042185508,0.2770318427264412,0.6958552456409955,0.02861048891701011,0.8697600188272867,-0.010188823593355281,0.8890100637746013,0.6333110114374694,0.2532267289820569,0.7359633222969093,2
-0.5316306683563524,1.4100449007381322,0.5325815853445953,0.8701724154602803,1.3423945070852454,-0.289461670075125,0.726819008655227,0.5727577851274891,-0.17241521299928358,1.2771602589968933,1
0.8232111819688911,0.29512686422929646,0.963690533824613,0.22807272028387293,0.22931508950931861,1.083051129531122,0.4939009117159344,0.14448694249550992,0.7623800923960127,0.833556051756311,1
0.8583055699724593,0.31774599306201795,0.7010882489796038,0.03350405920320884,0.8798440837909873,-0.006639384039358685,0.8756683374424665,0.6811772658690891,0.20468581957381465,0.7663620336698763,2
0.0445406881514859,0.9126697823745615,0.29953399752562887,0.8764853226853514,0.7568014878679807,0.06698367542016855,0.039583839011572364,0.7326481111180723,0.22727441759163058,0.9627171861612682,1
0.8072725496380024,0.5779773527883857,0.784264207451572,0.3681897776745127,0.6478123630944459,0.94225297884897,0.2792584916663742,0.161373431424865,0.1831037029512896,0.8475424929808937,2
0.6056809200255746,0.5551113346835452,0.30087453339135994,0.28553197958284876,0.8232062268206114,0.34087385965483874,0.36740415583967645,0.0719729602078356,0.2327871334180537,0.20352820936091487,2
0.8140547738704972,0.17628169467131133,0.2960138553369864,0.301508087075013,0.8535384744656414,0.8646726117949686,0.6284468991948032,0.5171256078096816,0.8171096527661911,0.17752919395076716,2
0.9755414880319113,1.0041939464126521,0.6516088906411492,0.011466936674736413,0.09950789018422386,0.21243541894114323,0.027906010128374965,0.760163074825151,0.9864356816248858,0.7022771207376218,3
0.8922504191639964,0.29116570666408076,0.6946888010382317,0.005817368050783884,0.8956442998246896,0.034171195410647504,0.8467572877450619,0.6293357205642726,0.21941096441939728,0.7547568318133312,2
0.27306773436702836,0.5940704064064916,0.8726984472502435,-0.06397256506257094,0.725178752905303,0.3712878078647906,0.7777757868439718,0.5050618722484973,0.035968869700161915,0.31027285463198884,1
0.20242754980761737,0.6782547775837195,0.7276760841722532,0.024651819248231455,0.22365718308526328,0.35747262526133616,1.1725577059667351,1.1068025731794227,-0.11762576334533975,1.6594302651525998,2
-0.09356222697495409,0.5065065924715384,0.36399259121863803,0.18358928391087692,0.6890032812235347,0.5241939851739474,0.3947078659596488,-0.06309710211498709,-0.23899758563603746,0.7651913863088642,0
0.2316761566484055,0.7309098914671875,0.3702853849669717,1.0481273251315522,0.7381088171622545,0.03409241660084916,-0.0654134844031908,0.8566271569006513,-0.000201835460533345,1.1298988195021284,1
0.7673774591887303,0.06815600459848166,0.7582156018492989,0.09780709494301726,0.5833558671512329,0.46469390394076004,0.4316456459661582,0.40993592990527833,0.2905622593153546,0.34071537736155294,1
1.1460500943455827,0.40397878496855577,0.8929248905797521,0.3407552810987315,0.2426779349760657,0.7315810417623055,0.34894282632169227,-0.033008466212457975,0.5760708434477183,1.0362827595622204,1
0.255406308405251,0.07649022266553815,0.7078062730772701,0.04029997043570285,0.6157517222334508,0.10302477169434587,-0.030334762573974286,0.6395966940434397,0.731813870479066,0.5767818037696384,3
-0.24532705725186738,0.3391183263162307,0.41731700460734006,0.9941303888812412,0.33307222233120104,0.8452492219203219,0.653813022845876,0.4871060337466788,0.5710242915624719,0.9827475234544885,2
0.4229692962269131,0.837905823968677,0.0726608882410971,0.3233023249941442,0.6872738034811403,0.21169413126118805,0.9123855471520245,0.3693093434485075,0.6540919209059418,0.6124952282542538,3
0.5978477452007075,0.18830811317539103,0.24691424241027582,0.1424783517078922,0.29425063862215733,0.3234316584496969,0.7193728581458199,-0.13117127590637032,0.5388493298383107,0.3493258080990418,0
-0.027947308947981142,1.1057267637987958,0.5961114267642357,0.37501154139779663,0.9455813897817802,0.28368576151851504,0.8479134315472405,0.4232281919971297,0.7941204170434337,0.5949974966575835,1
0.7098295206675566,0.5990409166086754,0.8485133876924131,0.3756308855678565,0.5570153568575046,0.9300033473670443,0.30193892705491193,0.13645508914995763,0.1780094271886717,0.872866607830514,2
0.011863528346940789,0.6135054310659034,0.8176478978341729,0.22994076345324713,0.7273932982123457,0.6783053454536788,0.5345331197763332,0.08281920679337286,0.7774497363167457,0.02209851635995946,0
0.3612832556166005,0.21773456683700143,0.06920933171856955,0.6787362971297263,0.5641263294212719,0.3534525027162347,0.8069490767751591,0.3058287786876788,0.04500815642373929,0.5852382692764092,0
0.03470907104224378,0.3320765855797725,0.5134079040807552,0.8361871669606601,0.24045451522221503,0.6454222129275321,0.5685921163014921,0.44730383256162887,0.3534032567940161,0.8493476223007718,2
0.013701124918859801,0.6120739229400306,0.8162490266603517,0.22762236025901098,0.7281157289695067,0.679389308981499,0.5297791800304192,0.08064839085720978,0.7793474443578704,0.020579349708461623,0
0.3711931957641262,0.22565536829474914,0.10849445318970248,0.7020659212767144,0.5216296356560876,0.34341733609394465,0.7561033934150946,0.31260959299414953,0.055086201213737356,0.6238516188317773,0
0.7469225298250637,0.5827779533363558,0.4583236844373996,0.43445161845321617,0.1532785800794328,0.16747167227376208,1.138403784139894,0.39727529314469107,0.68655825848082,0.2868272047100464,3
0.8435923526514832,0.3425892368147063,0.7329257513558738,0.01771026505608643,0.9139765468212115,0.014824324666152864,0.8816377965116049,0.6626988716344343,0.224631543678778,0.7525906931767432,2
0.6556615710115145,-0.028446098107944143,0.7803000786412665,0.18242230256359118,0.1270773901887256,0.9243385759833982,0.26292358707178504,0.44185658141428646,0.2789969775043452,0.9477920205965689,3
0.6656394271534309,0.4996765690817349,0.6111047400716354,0.6947478992375503,0.029117131455548395,0.4866048643776602,0.71152436076637,0.526372024328215,0.5770141571468071,0.03660783919853396,0
0.6667768086223088,0.4980794813966881,0.5967670059017806,0.6817888607085071,0.058058743692885315,0.5079076659354638,0.7444120917178609,0.5288435193530847,0.5464351868505842,0.07804624764691262,0
0.5075401988722735,0.8189442072676912,0.877771173484991,0.4840382072116437,0.7646381293153324,0.8220722753689477,0.5383904326111683,0.3575552658105974,0.7380694341014138,0.4643569936065328,2
0.9240725829711145,0.8764422670819836,0.13138274080138707,0.7358892052174586,0.5579266277101969,0.36009877845436766,0.9207014348982614,0.04058092678040519,0.29792924441749,0.2865541071244112,2
0.10525663014050513,1.0922153229799187,0.6005223524978882,0.3300914033733731,0.3790138854646805,0.561868011193211,0.6961497573852105,0.29583452508026914,0.561077841792096,0.4225296274892506,3
1.0711817045375693,0.9842273530318403,0.7490974989259607,0.4975932802634587,0.8921400063041378,0.30428010672573963,0.5504179773960735,0.05619788498375347,1.090251163202501,0.21586650192884224,2
0.6471013619467408,0.4984582148204558,0.6054877369918735,0.6659600341920795,0.05200633230501067,0.4984069484304273,0.7366766941690495,0.5377929985480949,0.5664197907950606,0.05948174259298339,0
0.6100619601646027,0.7709657980191607,0.6141447893209074,0.46532065430196773,0.28636686298651853,0.9627724491283238,-0.010546167228257491,-0.03630413260304699,0.607810594584795,0.11548806471239997,3
0.9917968681293381,0.29716135647620245,0.957144933276013,0.45960624714575693,0.5525432332483511,0.4039476772379288,0.4218205028429355,0.6441495228400893,0.5165522526698728,0.2443629652029726,1
0.672337222452404,0.011946114967923895,0.7088127807085001,0.2135910919584465,-0.014882804475443587,0.8851358675723712,0.16319056101908655,0.3868978136079495,0.07802341390816829,0.8053772297644654,3
0.12443199557951048,1.0301561082449553,0.6907364697298487,0.5667754736031038,0.8146881717673425,0.21419320158764976,0.946915900382342,0.39183072799652274,0.7134719747070037,0.6495583292780364,1
0.9368114534313976,0.5178374491679661,0.7369867810577889,0.4425132254998225,0.15531484518858682,0.92664174091331,0.49553813614947756,0.021155833555199396,0.6381534508267134,0.9965536879018694,1
0.40267289518633403,0.47970442286784887,0.5642814648538058,1.0182460454517694,0.5901127894617942,0.530466617919404,0.5847375207485184,0.40899833001679986,0.26656490264470445,0.6036421704730746,0
0.0503566646994885,0.1576038441403281,0.528424545331742,0.48781311057542176,0.8848924068912404,0.33416242188892786,0.5183891015215343,0.7362366532246483,0.40707724173564236,0.15479143012795882,3
0.40982516731488355,0.7356372049462174,0.14475480688252837,0.3531844952151077,0.6476896183895899,0.1916809569246998,0.9417777660980297,0.23505530072170322,0.6556670194652504,0.5089011354998038,3
0.24890802208596946,0.3610937874545891,-0.10432551150275152,0.759349057647158,0.6245490086379683,0.3373452263134375,0.6428077517084283,0.17530682462324024,0.0632299769955524,0.4494863540595645,0
0.9617703262958274,0.17951771032396607,0.883912583751582,0.2605931140577047,0.381875960956872,0.3268357399994388,0.4473286985717141,0.6227131901767804,0.5043110437368188,0.29974262881157915,1
0.5392598775337727,0.010265632222970389,0.41779228498213816,0.16191147476599388,-0.3683759548656095,0.2714780913526606,0.361529757116918,0.5123283903026522,0.22590648840272665,0.0038989535856172874,3
0.2717842572547457,0.695249026226626,0.8858502338034475,0.054542694699086146,0.8962073539837369,0.4646986505441681,0.7160926597075258,0.6404237405682615,0.19235936898609945,0.3034284581567732,1
0.7828332530792661,0.5764881889578264,0.7926912795467167,0.3943623042726811,0.650839519678915,0.9514732253320508,0.30910949716103603,0.14994216751414727,0.21017837771850356,0.8754596881408911,2
0.6051428063118394,0.44422341911585717,0.6033853187023522,0.7021907980887849,0.12323046518028036,0.4548500982123949,0.7547746866656665,0.5660223631310728,0.48779099378430574,0.08389624398943077,0
0.07438761879616465,0.16424865309757694,0.5440670345272212,0.5145551143688938,0.8925002140968631,0.3268925451011878,0.5093927664912364,0.7339652234461719,0.39498188267502693,0.13853836373087244,3
0.8446457651286942,0.10155597151645354,0.9680129846729723,0.16400045351719908,0.3843243105502973,0.1338501286773174,0.2827006215097773,0.7352175281696813,0.32627043535170736,0.17049832241793747,1
0.04642902968843701,1.1790290964145185,0.4562740948295723,0.269334567268405,0.9976995439277511,0.17987165641377265,0.7696180367766217,0.6634454806680122,0.728651113647317,0.6429637586001435,1
0.21890759737547594,0.6301450842185098,0.9341443228487201,0.05343576768826983,0.8618335687307062,0.32517358225167137,0.5912562596297186,0.747499630553689,0.07623254584803818,0.1321799955086869,1
0.9377097321231882,1.0120223920488893,0.6332589062574551,0.04494203435048449,0.10707778739280352,0.18725266062696622,0.059933576389093544,0.7417059005434202,1.0205374689720883,0.6727653165022203,3
0.2360574604372209,0.4571432285425529,0.9667031786477027,0.7406588040499966,-0.03203089535053835,0.12644024018502276,0.752102780498966,0.6012978161387436,0.32354813956703343,0.817641243078309,2
0.13706404407899514,0.2242573669337689,0.7415909523413422,0.48559452072574977,0.032444272975513486,0.12193544604123867,0.7262519594581098,0.395004021491905,0.4034444782014286,0.6105497319696742,2
0.16959956002355808,-0.03249830435501755,0.6499756351569083,0.5700192449995192,0.41231601617454366,0.15206602608454928,0.4958266383584222,0.12991686094996063,0.5343508887621795,1.0219991161161222,3
-0.12998633537154974,0.7259858607922037,0.5285355185010853,0.5840663098977295,0.7801288626182492,0.5580541659353662,0.7496542324988096,0.9488620218810193,0.4729064933048714,0.4996506283822491,1
1.2194090020405564,0.0912219388735121,0.19126291594259148,0.17763349560236663,0.5994452126092287,0.8779545775946638,0.17127155451440818,-0.39150019845054324,0.20580419515103054,0.7471050154250929,1
0.40397213119440095,0.21095082465030016,0.9880329991380993,0.4727401295935564,0.667841191496077,0.4184732878113482,0.2487936503199231,0.465779711933069,0.6870262413562825,0.43221518598246955,3
0.6279121981012277,0.10873186895294824,0.2986806970643354,0.7087965705481546,0.09517761780415598,0.46716331854679377,0.48191548965145004,-0.09394170811649968,0.08234919833017443,0.9328376395822351,3
0.012507617037189682,0.6133713641734021,0.8146866435120476,0.2272830530793413,0.73000315173656,0.678982696888004,0.5317548906637305,0.08270161994045978,0.7790875893841388,0.01865222205956774,0
0.830954037369947,0.2767446974228182,-0.07202282028214446,1.1116692135898585,0.9429177802776503,0.148513136598456,-0.2022273185558441,0.8359953880467061,0.748932045941792,0.48971714596953947,3
0.7870294413320169,0.06216822889422724,0.7475383120031358,0.2426437151784791,0.15552828560450005,0.8859445271768345,0.19205008288363684,0.5097364553863384,0.18169623546066402,0.8266380852213314,3
-0.08402117019147742,0.8369851726124992,0.5429685039935492,0.16028573266609064,0.28513682824365477,0.712312991493448,0.6054169933637545,0.5007032283783498,0.1499896573392775,0.6393599013782116,3
0.5526325453395518,0.959478598562808,-0.12470859882656884,0.1625181805153435,0.7440228217904987,0.0041122059409088585,1.030830216276363,0.48916602730623027,0.7178559252368425,0.6962140089430102,3
0.7717176326247317,0.8991770842183954,0.9882740491544972,0.7850794648119795,0.6759949107192846,1.0323031480230704,0.09445590816756036,0.25588989718055066,1.1040597635062828,0.10175683787809596,3
0.3630408860059546,0.7726288291212801,0.026794196568251917,0.2737586407108894,0.5917140497238913,0.16272869618041952,0.8194057400787623,0.38364845587244145,0.6149667952709873,0.5874071507370118,3
0.8726597404222657,0.9402480030767624,0.09538961543824616,0.805854272987573,0.6009713970305299,0.3556966702732593,0.8825478334623112,-0.00019835569926687432,0.30467031961586094,0.29025792688001123,2
0.871462512345549,0.3119499101176737,0.7156246069628696,0.030890724134772323,0.8863350915519516,0.010360239121663947,0.8717597909019662,0.6559878109621481,0.22910770618098975,0.75734465594923,2
0.14015107977005922,0.09043945508052964,0.5133413689947497,0.5406102300939218,0.3601263663197824,0.5102846310836318,0.9579862220156956,0.8416196818396333,0.705655981639653,0.3713888454602939,2
0.4511322337701095,0.9050336568148899,0.8951377552839463,0.5743512604770242,0.7712094292237882,0.7517354681808811,0.5161565128471417,0.2787064274362565,0.7032195939116501,0.5082434396352093,2
0.6567926198258679,0.7093102738313943,0.7182266303714715,0.4771535085260287,0.7619132838406986,0.25741037108243475,0.8246394243998065,0.22641075716173792,0.20084251249786605,0.0812419381998793,1
0.5299467720469235,0.28311279709875775,0.34538099127898453,0.786058732548798,1.186198987161297,0.01802708856227621,-0.0053555431575112375,0.4190587358326757,0.8816734223216802,0.6783851507523937,3
0.754339265847055,0.28580094214048496,1.0952233948488226,0.5382748944385389,0.2755914926526092,0.6043526035737006,0.090438501749397,0.3373578800232238,0.5788602762360977,0.9570598224203735,1
0.9623846169928516,0.37105555965559783,0.653312613948027,-0.04250723217081097,0.9051272577528855,-0.057215681782561145,0.8615118938904003,0.6365226488896966,0.25360960766479,0.6696633944203371,2
0.7912032800423395,0.40855521070571815,0.12748238505365933,0.6058135463540659,0.16412791485297168,0.36020361791257566,0.4919631845965287,0.6202829889468606,0.48253908522339917,0.35821968208162386,3
0.9725052819907434,0.9995774500489022,0.645336131654184,0.00988933755007947,0.09551277710212666,0.21646617592591472,0.029235763611044154,0.7513057842191153,0.9843118804527573,0.6960044748005786,3
0.16366562410667498,0.7573654656245001,-0.010751481938761097,0.20247804029156413,0.7557622832632113,0.41111322623208596,0.3346052736342192,0.28209298693919593,0.18134339484509904,0.4584816105961918,0
0.7862838790695426,1.0254436838076735,0.13327599383638286,0.7367631311313351,0.5156320487847325,0.3915086764027394,0.87293854788844,-0.01347060832987916,0.2684689516905802,0.30896534168710577,2
0.2914597001667068,0.20800047251581327,0.8275535451457167,0.5234163952672041,0.01577868357053363,0.4199052266328944,0.7966321910853841,0.6409974758125906,0.409260693753829,0.7922218423693441,2
0.8583044678169951,0.7754515222398748,-0.02224120739590385,0.20520384329037566,0.5520664164433637,-0.1293353495252101,0.3524721956731931,0.7112990297115912,0.4358872680572866,0.9377459827799731,1
0.8265138888135933,1.1127837502866256,0.9177674814918212,0.4837003411490871,0.3265818010597458,0.820505015049523,0.1445096901318092,0.2643913717986416,0.6576662879310655,-0.05852171498152642,3
0.8842296952916892,0.30772953866785613,0.7033749493413385,0.04200746537444727,0.8907212506990025,0.009819234289741897,0.8704792090937593,0.6542152492508198,0.2185096254667031,0.7688172311421659,2
0.3946675532685448,0.7458363530990725,0.7961351347636525,0.33827659091381845,0.20000398782695603,1.1747270740880755,0.9157965533070962,0.2492351546676807,0.27461232692169235,0.7751525532317727,3
0.3786406156932371,0.13112339996590727,0.5116084307244634,0.8901564551736747,0.4763058825546894,0.44980384278533975,1.0745902631138176,0.5052440381770811,0.4729812858315601,0.9516972964668073,2
0.8543298655096291,1.2366172499101462,0.6243569431709903,0.3843100200488227,0.5203574013929801,1.1328879337991995,0.19881508690513217,-0.2434641356548538,0.3171864287315786,-0.03823039842894341,3
-0.15473140268226926,0.5093192634392669,0.7722414877817789,0.6810170352718827,0.21196044478928244,-0.020652068153793973,1.0086043610373499,0.22794016078314122,0.5917648285346889,0.6525785084818878,2
0.4297060670254775,0.7034059063315942,0.7049478948876003,0.4521378731249842,0.6834458597623483,0.25949198776112536,1.187893642874233,0.5386958662291418,0.6255261267412072,0.9544841547039093,1
0.8355895124227799,0.8565912835436024,0.19953407865450246,0.8307561865534576,0.49799143129520507,0.2412488258780184,0.9086349130367262,-0.0712494446538626,0.26948264708219216,0.30642570581417156,2
-0.07972486286160507,0.5830633445689051,1.1342509172109245,0.15931985146301908,-0.29043878726851985,0.36540024880632116,0.38124628102365404,0.8322424505861217,0.46169418848938576,0.9543367179941404,2
0.8708423727708589,0.31234599812165686,0.7146412511726539,0.036502958831329826,0.8930875215315693,0.01689164822120019,0.8746196025535254,0.6584003827067677,0.2249112856795556,0.7614833300803157,2
0.8021735631581002,0.584299119446952,0.7748196950955799,0.37853334448080944,0.6413477963054789,0.9384004799741514,0.2871619837783556,0.15545273983557803,0.19474358174215126,0.8627210701230938,2
0.605631165648176,0.5548905279538905,0.30088407764798425,0.28509502755772914,0.8232131301380885,0.3409312613550327,0.3670802136198175,0.07180346374757589,0.2328795509470701,0.20341124759502327,2
0.38346282091437,0.7280438222488035,0.10237386697589,0.2732868829935542,0.6110524382344927,0.12531295143132437,0.8428389650527389,0.35313125668472123,0.6232959587526165,0.6918317514527752,3
0.6636309156573731,0.497517009165545,0.5988475950229961,0.6832308335586166,0.05282651195198887,0.5090817077471459,0.7510447740726238,0.536480483171696,0.5495248685870678,0.0800846034732302,0
0.7243982593203921,0.054813889422632885,0.740223929839416,0.23773673106876875,0.08970535588723293,0.9547357456769877,0.18936682912197397,0.4932224021791872,0.20122216818223448,0.88786757418545,3
0.1313231125054583,0.23606301367024707,0.3966338719879593,0.42874147552984665,0.9892113837517447,0.2568083318027823,-0.06008668413254502,0.8411229650171352,1.137644787406068,0.5990993402588929,3
0.9785084526939268,0.9969817936818459,0.649623749152454,0.012314980799062798,0.0997828655541845,0.2128569770386812,0.030115710852039505,0.751415464122496,0.9850366564122921,0.6937177843736847,3
0.16872771476308618,0.35607677554433176,0.44772518885441154,1.137129821032019,0.4725001661626748,0.636812860799609,0.4315851949932384,0.5250276788789012,0.7122525922743665,0.4876000284365458,0
-0.12373688699941304,0.8648091632491028,0.4514657988284897,0.47456855858694846,0.7803529290136421,0.776924923088489,0.7846368221938167,1.0223349024819002,0.3901458808488229,0.22508694054502154,1
0.795022149263714,0.5786702244446558,0.7844412409818591,0.38067020564017123,0.634995003588957,0.932166435694928,0.29510815305390153,0.15964133384164508,0.18923457940904032,0.8592364575698203,2
0.2195089722620564,0.5462659884113871,0.10452537915478045,0.9190475960809679,0.047040791367814645,0.3055885204224422,0.5321679727263702,-0.06346011835202214,1.031401040514666,0.6017052988540774,3
1.0002154116840782,0.08025303902925987,1.022393522487965,0.27848540365588254,0.3131031348370002,0.27211689891738694,0.38269932620831915,0.6142896002953457,0.32726895249510046,0.2789413737012699,1
0.9463763095312645,0.15219829089102263,0.5854874364523256,0.8481073699983612,0.6848639236762053,0.8348915694786893,0.24325597245944489,0.9391472029904568,0.6479363822752011,0.2730406350915025,2
0.7724859496724534,0.950568992171247,1.0777286888901352,0.6351520382154378,0.10502129233767127,1.0293049273946877,0.3640431533549146,0.07134626565458374,0.4077463657076429,0.10520226901675421,3
0.24506435844148308,0.385038197273994,0.8249950896042603,0.7973396780663295,0.10557925537392734,0.29624875802589423,0.7127892556247213,0.4725151783395146,0.43114180084441533,0.6706573244948644,2
0.5248525966103202,0.8180862485289307,0.8905867105631086,0.47986160603385836,0.7390381984558605,0.8439569922833982,0.5427659072461845,0.3387077530041382,0.7565260081098661,0.4654100134768686,2
0.7996799096337581,0.8794612548123295,0.7033452564049267,0.8889010088461853,1.0326632491421774,0.28204938116664463,0.37998685005349175,0.8787718099688613,0.38821005326291036,0.6911393865369125,2
1.1094399310654006,-0.1358219361959182,1.0354338845090503,0.8417927199288816,0.22567565643467194,0.3934717202892793,0.5223978528191618,0.29424539668266136,0.1438547571520356,0.25271079511744204,1
0.7274547720530469,0.05278470847957051,0.7401986960710168,0.23514146263990138,0.09182568585752131,0.9556010924186515,0.18649687182728014,0.49211601327028875,0.20045789124979316,0.8862985853517501,3
0.7878349055259561,0.06949840280057293,0.24615968219768655,-0.044799110881879725,-0.23430082312039419,-0.23240927384652527,0.6271099437324877,0.12124704089129693,0.27562214252460787,0.5450317562068447,0
0.9965274539501642,1.0263975169174557,0.6109852888607703,0.009669568528044157,0.06360818308833135,0.24361338818045652,0.0111748463841627,0.7325882024234942,1.0126527366793598,0.7194994535629718,3
-0.028241669345387563,0.7593913390773541,0.725197306630508,0.5746522220082488,0.5432180046247698,0.629544191293177,0.6578297119828435,0.7652603116770276,0.6016833231934217,0.2694703756076262,1
0.697933964218875,0.6852492589702565,1.077860864003218,0.5950393970603098,0.4318670437998351,0.01748440865458012,0.45592355565673476,0.900769438574499,0.5637471350277283,0.7526499131257673,0
0.6613573307701872,0.9488584291494471,0.2034675288411052,0.4202710423864873,0.8314223218353503,0.29520679382381165,0.766970552135944,0.1636211082695965,0.64708574442647,0.8732962150410992,3
0.9544592308593471,0.4192682133766097,0.7208202716453729,0.1323887362975275,0.7993699207469405,-0.00469896615564001,0.8569432930189153,0.6503390888917844,0.2515615738376396,0.8118281556322056,2
0.5864042002539088,0.3124202649867778,0.4078800918942904,0.0455422329005487,0.15759740079995424,0.19595517544188304,0.5391951115177078,0.036546684152466855,0.6022891217804588,0.3913171928680564,0
0.25824164481100154,0.9549817450652591,0.5671092811130061,0.8241839083225022,0.9398931082443435,0.13764188543089612,1.019320246674746,0.5407621310154492,0.9323271324300958,0.6984370445088178,1
0.9550897057829387,1.0054926155635904,0.6288439114510324,0.004981676026856966,0.10516315213451478,0.22836308918395815,0.032454282921832445,0.7570282431918222,0.9972299812690831,0.6903155362140206,3
0.2414940092685561,0.40833584677619456,0.949110089028248,0.7211320653145049,0.0027442901444570808,0.17390477481009747,0.7636502634688069,0.6089134017005875,0.37615404824640336,0.8021163162093158,2
0.03860324637444311,0.7092714260868973,0.26335277374491595,0.20719036274007147,1.1167716414716724,0.4110894726814078,0.08716160983197624,0.16303387128190597,0.25646493240644164,0.3606920886067059,0
0.8182456062799486,0.5750229473181087,0.7906277220926843,0.39087827382292,0.6402062894241779,0.9500894325458293,0.2744315313111887,0.1473487868647828,0.19033273856649496,0.8596370019647407,2
0.6259583890699681,0.5439191635023554,0.2802891247066292,0.27216002408041795,0.8140840093947267,0.3546906506201936,0.3511850937944425,0.05180106005417541,0.22133640206867142,0.1839885781598153,2
0.2255140761196177,-0.20182526416310664,0.8851693155291723,0.8595313422698845,0.38439985276417954,0.5037941797719814,0.6506720166349221,0.6134160732405063,0.9679347712367836,0.4694058586275814,2
0.5174350211689585,1.186737699275534,0.6385372858877766,0.29486677308041365,0.45173727588906337,0.7622123060430783,0.32412105678640185,0.6450687919289828,0.49550822011009266,0.49152336146078407,3
0.7719658112989635,0.9896639417940747,0.7673956592003666,0.5987216917757848,0.23797219083811866,0.7732570866485284,0.14732057329902226,0.22278939738685022,0.5996287620405745,0.19233551501256219,3
0.1331282109842465,0.6318100646995823,0.2283385524431855,1.3552747859993768,0.7358119635050338,0.5950934764677915,0.27299915158440613,0.4820869506317289,0.567875148255845,0.34496419777707205,0
0.008457860182480834,0.7260066456168829,0.021533295929211226,0.17007975233635136,0.8972913012434348,0.45461020882649145,0.42879777549580267,0.2792764192647389,0.18236357113577809,0.33144206835256784,0
0.14960966487907512,0.9705684247487908,0.29000151490819326,0.7640100609228199,0.6964146309303434,-0.02076876293504981,-0.06723849920589799,0.6171446669129391,0.38281695724213693,1.1386394078056266,1
0.32209563427361443,0.7274672546616098,-0.059885887609120864,0.4073087952921125,0.5453563007066782,0.15164688725823156,0.8244819457368449,0.4128763040566669,0.6790052988489405,0.5964495185665677,3
0.9356500332075317,0.17499307931193153,0.7437327603384295,0.5830488795033583,0.35471583428963,0.7600291954016322,0.3353135884308325,-0.1199097740138069,0.49639822601959166,1.0205855746295829,1
0.6455897605799019,0.12024245900974133,0.6213356602307092,0.08092815935170974,0.7856695554038965,0.2280255633431637,0.5979549489265454,0.32078540773599507,0.6187169443938549,0.3247558623244507,2
0.4298468115382631,0.34652442440318554,0.5148188951356029,0.8724491801669529,0.8055260988148802,0.5626432339752991,0.49306847425958833,0.6944847692102419,0.7863412399296501,0.530855034346661,0
0.5932629637476633,0.2854449613047154,0.018297459793533366,0.5173322214066335,0.5786634096230346,0.027123433598515656,0.5981767236964287,0.6296068393094711,0.3358699545930061,-0.04176779199039937,3
0.6440666576630398,0.19327994382796285,0.08734073756844214,1.0288579988236235,0.8023018847072085,0.11805510369616873,-0.08013115740627771,0.5530133225582761,0.7606023782969108,0.3380566735443795,3
0.9438193798351012,0.195544569292466,0.712850083313361,0.9100757782026477,0.7936040355355665,0.9783998227571921,0.2261715100396296,0.7814663741033814,0.5243298913077318,0.3185186254050948,2
0.6439518804916748,-0.028769307232789386,0.020025385445886223,0.7257026471348215,0.4111640976776215,0.3097414357750305,-0.1877145626244342,0.19644708475529654,0.2527585546430062,0.865483606709272,3
0.2265794345912731,0.5771602516005473,0.8470989444272267,0.06298137793324432,0.8416684921650469,0.44848964041117645,0.710695986923833,0.5746416546288352,0.1086070868137794,0.3974597298899693,1
0.526084497381194,-0.3952454557388818,0.6439165217231893,0.31433250589581063,0.08955148219757197,0.3125027233181862,0.9054708327298757,0.320821414910289,-0.1915310603844853,0.73474785900984,1
0.31094837815281073,0.6168186212395348,-0.0292230969792983,0.3581825799412226,0.5097272826606305,0.029666471743463596,1.0798843058900676,0.39805682789329583,0.699635339635615,0.6060543337829353,3
0.4417110298060236,0.8458311329114139,0.022158251359840293,0.2956607137849985,0.6812957499529424,0.18472452701043401,0.8585966381540153,0.31614484121397907,0.6823192039750314,0.604197545318207,3
0.44501301092173423,0.8327698137431999,0.24587275618749582,0.3316125450947206,0.20538911276040417,-0.03455586142115734,-0.35236677565068647,1.3009196504509655,0.08417532542481229,1.3502596080737135,1
0.7320859205410681,0.22967367257281648,0.9305504069525009,0.3644432537406248,0.6923921919312885,0.3428806861776528,0.37152359045944694,0.006860911486411828,0.5021844804383431,0.8264629368940397,3
1.2151145442164761,1.3783933371030468,0.9001985813061386,-0.08529679663311562,0.3190209976001884,1.0143236362345904,0.01608145336541994,0.5785445420977974,0.377579186279807,1.1010028026174221,1
0.4646907668016782,0.8645432303837851,0.1039954156979063,0.33642024719866764,0.6241060412268685,0.1651558405374753,0.8616083736755773,0.334896507672053,0.6299260979968363,0.614423175628902,3
0.8747598172311608,0.9954490647757905,-0.024408226373579978,0.45772024668853917,-0.047230541937474085,0.7446798627400494,1.7229693783458921,-0.24770396892098456,-0.020560044060981886,0.7617419187789088,3
0.3828350536381844,0.7859159490974379,-0.016196123977697235,0.29954578639104545,0.5743980122334834,0.14940759075259927,0.9118156627200287,0.2952857215409227,0.6454542400573189,0.5555709124003604,3
0.9090437564789062,0.9031493892169198,0.1411185802559452,0.7479531051838554,0.5794152550220407,0.31023032735489003,0.9103642390220168,0.023132566640675263,0.2937800291490716,0.3013134061990703,2
-0.13738674756014924,0.9973559702702575,0.23590080084654266,-0.2052382425176234,1.2285595393687119,0.6322386101207604,0.7714826471017812,0.24579084076949573,-0.29609917323843893,0.1421159473729734,0
0.1508913906691475,1.1816843402877493,0.6464141813998272,0.6767266743680265,0.9115022274857154,0.12489592363933616,0.8431651762078939,0.34112516985261354,0.5486321867174717,0.5594187010536935,1
0.4750773164792561,0.6321876247764707,1.064119442112718,0.738212273863595,-0.4452165788536242,0.27730919590665015,-0.9611561000050532,1.681269132317853,0.3887048400891523,1.3406537687407745,1
0.27506005279791185,0.6499293525461338,0.934423874961422,-0.011213587355269353,0.6527617851295145,0.2869188835793643,0.7041467728293636,0.6742383828720744,-0.04419646973972996,0.1504039122096725,1
0.9115347601390846,0.3034881696741592,0.7436141588729616,0.07849260637903685,0.8234654944728366,0.005421590222440634,0.8207397749835722,0.6246314823389795,0.27011885114099676,0.7534824007497527,2
0.14231684608788378,0.9995212322808692,0.719411448050145,0.5346366643100272,0.8301289826454157,0.25028113323934775,0.9430169984534653,0.3874699323376507,0.669488512436543,0.6793314319983731,1
-0.06524621624412055,0.12491826007338808,0.27999211076824104,0.9027013074451012,0.20136450403546458,0.7800719347635886,0.6460366914813914,0.4489795821680929,0.47953553038308633,0.8883531745029933,2
0.44184731225259255,0.6942538846323242,0.8933458709875189,0.846758706173522,0.2884379195297536,0.01725268850025799,0.5814418478562383,0.8735729600734117,0.5715289425862388,0.5860263515903564,2
-0.24130512060204218,0.9649753658169193,0.5894532454251733,0.14469244149261834,0.564516552033897,0.2175943616716464,0.7194772647616164,0.5744345009669998,0.6861159100637391,0.803871489049568,1
0.9533680857597139,0.16126841432950093,0.9026930615376241,0.2747276195347057,0.4381663352776943,0.40597610189525235,0.449723608838307,0.5791489320156799,0.40543714070651504,0.40568478729333507,1
0.35746578338779744,0.6473368271442161,0.18967024015107004,0.4974121528818848,1.0524184042427391,0.17081772636703701,0.46363545066442235,0.3064423867291557,0.11026994014921573,0.6709635468249132,0
0.5699550833506337,-0.22893814683889424,0.7179006576213326,-0.04161649731191125,0.03278880225480936,0.8917119270565135,0.23345274369249946,0.7201538497263359,0.08621828850749305,1.045210465516772,3
1.022098493512303,0.08939547517495787,0.9969743550430812,0.4260182798539276,0.2861583728968179,0.39588263863068374,0.33453041810396056,0.5392169451858941,0.39994236965999264,0.4401835110673166,1
-0.11905993540166648,0.6613553428401269,0.5718676699803695,0.6365284601063173,0.12446642779707856,1.124004823786764,0.6569442360418336,0.8427192229413121,0.564300223016558,0.3194204623783066,0
0.7306132765191292,0.9925224857506392,0.8168102942696293,0.644801836855868,0.31963815952341906,0.8906547450874756,0.21600235200909484,0.1996673555075706,0.5373558870152422,0.10560150262838136,3
0.881225389118255,0.35255775408922263,0.6823416457064158,0.051515759544689364,0.9086143561329607,0.024071262206322597,0.8984625578156824,0.6907797474158841,0.22949147956058485,0.7345099697540916,2
0.17591111130026435,-0.1747645545302959,0.44579754599185867,0.2703286010642904,0.5553366398002508,0.44254086786052227,0.3575943509056508,0.49691233492952486,0.734615228242576,0.4864907354422311,3
0.2145881552930715,0.6394706386195257,0.823427809262894,0.017474974753802098,0.8152433871091835,0.3820740643786509,0.6857831771042707,0.5908158015288867,0.11386981740784867,0.3225885135647026,1
0.7130947748934855,0.034665229565534444,0.6873637242527093,1.0891556582539992,0.8597656973902291,0.8798284443841815,0.22050590556248245,0.8143623334483678,0.700406751675291,-0.017099847341931707,2
0.5532239326645734,-0.1937058971991654,0.7714364714378656,0.39439864669444535,0.1842076350305126,0.9771813809782063,0.2673792560844976,0.6923316577451283,-0.01884725862791145,0.7392639861487716,3
0.9091815680112425,0.8776337024180213,0.09635150907066034,0.8238872957655103,0.5606747718959236,0.2941530855853463,0.8509711739753446,0.018916959954366677,0.2343789727514095,0.3053097784240068,2
0.06792063647833682,0.4026923091395361,0.41390537911704356,0.9391078219988397,0.42071311635070685,0.8367399902632658,0.42670029076723265,0.6954658058043246,0.5833886172820579,0.6477920966657791,0
0.286824414677284,0.4765000947569661,0.2137252966860363,0.7469560212450945,0.15112631724685005,0.8399449234437671,0.9643145198769025,0.7258488258224016,0.6351953151629547,0.7981342611320561,0
0.730537648599499,0.4448104771119557,0.8143137475488579,1.2369285140395818,0.31182030887801887,0.6655322437116563,-0.11790104108153188,0.8185310697363066,0.8688124391824297,-0.08693525922842904,2
0.03981666386211964,0.15592503404921793,0.5382003265804547,0.47787379722795953,0.8934959833306755,0.32982942420704736,0.5193499360061996,0.7220488260963881,0.3869887915103411,0.14654315493630735,3
0.48288339370775746,0.5805922006168791,0.23114936826042076,0.6954345904525334,0.0783391748607851,0.3117212789119511,0.7682593962527868,0.3562680084661773,0.7063084022907925,0.27749403133207057,3
0.7131969876829195,0.012408646442676044,0.5006070139832259,0.2835816076338848,0.9230919568335342,0.23759137594915378,0.37789148994553323,0.23448088863055394,0.6483014318826604,-0.15529468816918435,1
0.012538300830266667,0.6137852283022456,0.8141205731524854,0.22708547094032183,0.7298983016915875,0.6788106633530157,0.5311980549120144,0.08205545206786011,0.7786352722836205,0.018642993750922376,0
0.08007991240210144,0.7779166528870889,-0.08162065197292503,0.37473516448524424,0.7229248812469663,0.5396388286039175,0.20317534018445513,0.18272607390298423,0.134456025123507,0.35182033207137725,0
0.31991436665208234,0.8598180548973916,-0.039129964520768765,0.23216677326838145,0.706216116863377,0.19375050781674985,0.7694091205521647,0.3800367965851593,0.8031311591730746,0.6221084957278589,3
0.6443914105300982,0.23315878787866348,0.1820480144062102,-0.1361439632395793,-0.04744248067815093,0.37840103612993803,0.39202634298892647,-0.6656905673190593,0.34499286951299263,0.3904303705883207,0
0.3967941644992361,0.0158647817775468,0.01801732133591326,0.6982015343970248,0.6054552995981375,0.2942418567070346,0.7113874453670788,0.30956642569556303,-0.06834997814812539,0.6074544542077167,0
0.7077382563008559,-0.04844893536139554,0.8242505620306926,0.2801403063331774,0.7479926859486022,0.5063823120466678,0.558299375709957,0.24541071684879,0.7466107128701275,0.2966295655684761,2
0.10177986000840054,0.8101820665855888,0.32965522983153855,0.8550854003678522,0.6024952346187279,-0.12117978773469218,-0.12825181780814748,0.6375764312290768,0.24101155467129193,1.0401385018536777,1
0.18445541803827367,1.0069863251311018,0.6968381141499909,0.50952666080831,0.8750392277376273,0.20947627589896797,0.9448915919909376,0.3367831226268938,0.7260400822673502,0.6579421954407227,1
0.09182807950205112,0.7408930734752955,0.7364873470783057,0.19698334105388082,0.7664083986858065,0.23676548443856857,0.547335852948278,0.8196715045293704,0.27517030452722635,0.44670550052911073,1
0.6069029851775619,0.556385457706856,0.3029353361866896,0.2841477498218994,0.822911375047481,0.3393737348063965,0.3679886527488595,0.07454663587941036,0.23003439917512328,0.2033075923856253,2
0.8228194094254405,0.9705997867685757,0.357040805392961,0.695540548013923,0.18120312391715007,-0.2077818242747248,0.28207167912169284,0.9838480287214398,1.1336795742896664,0.4531609244020557,3
0.599663882332434,0.563201403830034,0.30334770498944535,0.2790299282076048,0.8269838094816006,0.352150425821995,0.3665259088757847,0.06363795977982317,0.24306301538923378,0.21165543009991064,2
0.011315580632939271,0.6144203764326039,0.8138647801837194,0.22807790767376473,0.7278342362043236,0.676695269429324,0.5314007665839555,0.08389044004371204,0.7766895138012316,0.019250558661504054,0
0.9122246523528552,0.3184672890563959,0.673634241719451,0.05710502579769625,0.9375288906786918,0.03418591786017407,0.8940383422767657,0.6817052877617125,0.2243558107871806,0.7555060204191291,2
0.7267147300312408,0.6277803636777016,0.8326906154861358,0.3710244159130542,0.5482689963692787,0.8608579129548884,0.2454238375492596,0.1602559505115298,0.28503033227747687,0.8741914784414432,2
0.31231796928207056,0.9094288908729172,0.5889018165781233,0.35974861591843943,0.1292911843087773,0.9090797311008649,0.6187335735118763,0.3577377727244336,0.5386677183228008,0.545854252928974,3
0.6058483800478366,-0.26315808807020524,0.5567451958081859,0.807075452552177,0.34922425157644205,-0.06645085926540106,0.5001421245019011,-0.03511098625224779,1.0303616157945634,0.33809876131233313,3
0.612016392337529,0.8442301192055403,0.9851605002559598,0.7567293275835842,0.15599369637616736,0.7388550879763818,0.044701155114678814,0.16577595105593262,0.6867987741624126,0.13965367682944074,3
0.17216971366933886,1.0655032538249736,0.6406856768671882,0.6212298349997958,0.8166713821314219,0.2491951545460108,0.9618078813454232,0.3478857173198201,0.6212994670507173,0.7565320917282604,1
0.8896749208850275,0.2953190868278093,0.7359636487052235,0.02150391476795775,0.9202731643074155,0.01801217736408902,0.9014563192719173,0.6410499594707529,0.2384072135864027,0.75360429995698,2
0.21143415766501653,0.9838318000461949,0.7402627958238657,0.5343565418005668,0.8142845709861112,0.37695157419272873,1.0245137330161582,0.24836055259203668,0.6682429307977538,0.6588510948735546,1
0.9099280501911821,0.27982670319280073,0.6688801635276654,-0.033166995584066494,0.9104916811641189,0.02021689795042294,0.9315504582747661,0.7172768157155917,0.2132496890627622,0.7996564458731491,2
0.23449280040905884,1.0353656931520583,0.3874102682772141,0.1010123898984926,0.181196257782613,0.7074614561090566,0.7064441732313623,0.3201570766794346,0.48256021035053204,0.6196845472496304,3
0.7185486170308519,0.0681369070052475,0.7233518333778038,0.2542896541188264,0.09185294905143793,0.9626393980437284,0.1912249475960503,0.47187328721034516,0.2025200532871436,0.8830939348161472,3
1.0591622844663005,0.128247989461115,0.957307250275071,0.2337615214104261,0.5363918031313406,0.3417193447300042,0.3645007417825911,0.6195559760252687,0.41174686751798334,0.38288676678432504,1
0.7000888066374408,0.9290895968378705,0.885796936036497,0.8410807810014278,0.9134851151759213,0.31052176385710306,0.38927696574701576,0.8982266540044703,0.3327700750774147,0.638031754690648,2
0.3769783515508246,0.4944040293732574,0.2991194136527934,0.5932600843758494,0.09643869540222423,0.3182311753413238,0.762502047125625,0.5335830637845136,0.60881565996508,0.13868317952195752,3
0.5248237534946463,0.7649371383514426,0.7840934962457837,0.5874192823660044,0.8032935507472138,0.7262000347530602,0.5594052955749746,0.3026321597707436,0.6515292389442318,0.4230908425034805,2
0.8594667372223238,1.0493588021638103,0.7713119717732643,0.38698976087981773,0.3191109117101259,0.5589429944517259,0.43428191490289325,0.224302249562303,0.9500617433551348,0.1784149967013864,3
0.6049048353067554,0.11197063885660966,0.6607503359910762,0.18227811818440234,0.7731576105127178,0.37343637299898563,0.5973643539114174,0.17186423730678824,0.5779272791663083,0.25416586467919006,2
0.31678869462174386,0.84757075748833,0.28538756039438307,1.1188509838653504,0.2688511370962011,-0.045574034421266896,1.000092531571182,0.7024215636680973,0.9585530828959452,0.6029857446960998,3
0.07890472849762747,1.0594340516282283,0.5190433373068496,0.6748041916517576,0.7160260168029856,0.12143811130124603,0.04036022257144434,0.6505378176001767,0.11692591020689348,1.0916476186912476,1
0.6598863437276123,0.21195534266995653,0.005221761302000888,0.7947283129010119,-0.09998991709297975,0.1912451194692409,1.1114135605902984,0.2869496557410421,0.8474429679025411,-0.02711588525209102,3
0.49273839132359076,0.442356883319193,0.6300506117281719,1.1544247455223031,0.06283292060670989,0.1946206260259295,0.5330856726959708,0.2006584569570119,0.745764677978233,0.4771946349755151,2
0.044877706411841085,-0.018841357943683745,0.4189636002585778,0.5177349353946237,0.4622709732516439,0.4098521627689866,0.9475711487519536,0.6919789665335461,0.8321216835864967,0.3645212188332463,2
0.5705441605170902,0.4744861727473329,1.0409373738598664,0.19925538170555174,0.5861893619287398,0.5117750318154417,0.5619985909564464,0.37779919267107476,1.0684352105231631,0.6454226048077492,3
0.9797734070423493,0.9941923985022798,0.6413583259790854,0.004233537752598892,0.09028072705395515,0.21015591523885288,0.033857530153549614,0.7537386280961702,0.976799448990667,0.6982375252269873,3
0.9980922892225935,0.12386888350342944,0.7178554902537791,0.8489948848806755,0.8672688087959557,0.9199787449142968,0.15276006710340434,0.8775958266439359,0.681066591573722,0.08147668066433328,2
0.6645355218876068,0.5115505464367559,0.5911136961484091,0.6652337026090227,0.07772012562394989,0.4931451440229076,0.7587030694897343,0.5270271476156847,0.5588725474362282,0.08291583007933466,0
0.8612642593121967,0.05836895942074667,0.3810635565506779,0.7494024358327382,0.7303482937644772,0.9350779925028135,0.12640831222886395,0.8107969266053427,0.48804936368774315,0.1428630505717513,2
1.0174387365735096,0.9022646942726196,0.61783742602353,0.7096893239043405,0.8171003197203779,0.2615263212836019,0.4831345033542261,0.08926528884285256,0.8705579985089077,0.10010830523837509,2
0.3331021917587127,0.9413780388562174,0.8591612502272197,0.49605408902623993,-0.2983645105695439,0.21761363173904172,0.21583132654932508,0.16838750060941862,0.7776938360291558,1.0903900450579274,1
1.0030039093227827,0.7772212845684939,0.8432409952184845,0.6663669589902544,0.04971078465175819,0.5055248729249647,0.14848854798944647,0.6758626093101371,0.011349101623400366,0.44653390132925863,0
1.2592628601266884,0.3603163201499727,0.726115401652399,0.047266368633305356,0.7720364031529416,0.5782198217786972,0.33511221823691023,0.8897127992848077,0.2589567866299657,0.6687429406850467,1
0.9490950946993498,0.46998121677298155,0.763365963705445,0.36499050187991267,0.13592800392027315,0.8271203377459904,0.3546611700997826,0.013447086452783114,0.6530955022929105,0.9394373028520471,1
0.9726466662700868,1.0026885351993258,0.6464063288476297,0.011099099190292814,0.09787659072756591,0.2119845792452937,0.03296593178145188,0.7557046369956617,0.9792769840824062,0.6986290012423826,3
0.7002722387452347,0.11613603087532687,-0.07460230065604528,0.8079495560473675,-0.07624019324013637,0.8023621922307336,0.3075899100432835,0.6149216791085268,0.4904046297298357,0.7654707399296038,3
0.6488863096899021,0.056752768003761556,0.6133830326865587,0.17262031618658388,0.7574238620134511,0.29598878846387106,0.5313074970747149,0.19450145396411744,0.6278679195788289,0.2693383816097652,2
0.2824908351935762,0.6055326628472582,1.3037391239825655,1.0279390723337207,0.0026723421697716207,0.41400313189916693,0.4612394416919993,0.22187522595425002,0.26528640678828175,0.7890092935362936,2
0.6524054371349629,0.4851776571096304,0.6078047333997842,0.6828280641557539,0.06851322922892275,0.5102870974743446,0.7468420051248071,0.5269098092560895,0.5520168509556118,0.069702194597602,0
0.6274165175906207,-0.04755912384700474,0.11520021668500488,0.8476900087316435,0.8580061328472364,0.07388027450292702,0.04226868123943678,0.5825420619643242,0.6887850235599912,0.432291357087496,3
1.1077101016832689,0.8913554491137237,0.8516293285620489,0.5620907832266512,-0.06875223488703136,0.3465643617114007,0.208937948185858,0.6379677797083211,-0.05536741084624704,0.5887970064742978,0
-0.2287654006086725,-0.04538513918003134,-0.06232839795864192,0.4890824094030135,0.8545018283646013,1.0824086606566312,-0.06070590673964282,0.8030509689796183,0.9928236791322222,0.5924710227468224,0
0.6077702508706261,0.5262250023471011,0.6204282739931191,0.7042894117927722,0.010594525834691143,0.509046726033815,0.729920456976352,0.5908093532723416,0.5468928071587809,0.0752966074760484,0
0.08034457453053112,0.17877414412982764,0.5444179361238182,0.5337623795857057,0.9237046728213547,0.31641381089577003,0.4636815702417267,0.7619113727529527,0.41500136091359985,0.16115505400643287,3
0.8104126737483758,0.09582506063514168,0.65831032534579,0.8719151597168587,0.6696933432721046,0.783056752834986,0.3290189484624132,0.8663249491348227,0.7018221694253871,0.23544384840401,2
0.8118336331764148,0.6089990587194611,0.7401548339273154,0.3881966790779531,0.6337892706406026,0.9193871348506792,0.2553578816628928,0.1493433736698866,0.20418866311957473,0.8340935033754476,2
0.9960949156576461,0.4910624119532558,0.7357898644935903,0.373945358543599,0.12093393552784339,0.8686594134870859,0.43252796846675157,0.0032953522415395107,0.6727467068851646,0.9946279662492995,1
0.6948203040117825,0.08456128453667934,0.6160276899375262,0.33982508638910713,0.037270713653484056,0.8960074082796504,0.1619782279914244,0.583317968165536,0.3250838539287478,0.9450652637555016,3
1.129265995192279,0.4347647012551854,-0.30329829415705306,0.30280687387472405,0.8642344173360164,-0.4324815841849219,0.4878480760648823,0.5796418783074636,1.2649708125894183,0.4720278129345921,3
0.7081208020608003,0.09188337115074113,0.7090646212464177,0.26100786622223515,0.07127859605641829,0.9405723093087844,0.18460300147366338,0.5317920151024991,0.18850421320920488,0.8907734834761135,3
0.8240448911065805,0.8343743017032644,0.768282858674581,0.789663049989658,0.912725926521468,0.2665959744256411,0.3634948193732668,0.7981819719885119,0.3304060696898865,0.6223782966776567,2
0.8994762174918612,0.918095866289111,0.11116437013263378,0.7893128412580687,0.5737515870340116,0.3266243061473175,0.894932025012623,0.016243601537817027,0.2839205011419691,0.2931104241785825,2
0.8552704944410481,0.25348860293380726,0.1671413363183344,-0.1553811498740576,0.7059364870076112,-0.19705605445574037,1.1363682835970654,0.1379484926107541,1.0911455225472477,1.7064915705139034,1
0.6768911557068009,-0.040871142802895374,0.9209625439925081,-0.06871100796671126,-0.10912612526461465,0.7245582863323992,-0.13908801409472693,0.4076772695108188,0.004140082057981026,0.7709641945850486,3
0.8110461492629143,0.5942348022858448,0.7922401290033501,0.3715634534935463,0.6321239617430909,0.9202891507455104,0.2801135593367112,0.17161963520600237,0.19619804053327658,0.8523834771493849,2
0.34399243009535535,1.0230421719964764,0.5511987884008704,0.5894822562423665,0.9231621426549061,0.18002675660268444,1.1145613661395766,0.15267354785258944,0.8892582868431472,0.8522142722596211,1
0.31043686907791646,0.5615326280297536,0.09733574823407204,0.521416529881942,0.3007004105192644,0.5127198502557702,0.8068852573535926,0.47154970578366023,0.6605886962868672,0.37620812081285077,3
0.0888269999687197,0.2647220185091385,0.5095153303141018,0.9443217101330035,0.5360471473573927,0.7498784243992173,0.5367929033364924,0.8462147880562682,0.4471550182536943,0.527277725896067,0
0.2759264812949098,1.0785346552813668,1.5515678185479584,-0.2848452429715693,-0.38642641318689186,-0.21464297373367897,0.9028707375159674,-0.2263552613659523,0.9839490771109254,0.5132895382077665,1
0.5450326766732798,0.19058432891823385,1.202077877923798,0.9308041019557554,-0.35714507697545256,0.45232958693604086,0.8906606748099312,0.26881188712880266,0.4449466375764801,0.5239121357989205,2
0.4738197943864341,0.7340548356891033,0.9578650919150535,0.5117896777282515,0.8312606038687658,0.8681933871914229,0.5907436841894812,0.376833548060899,0.8141239961900117,0.5659642856469529,2
1.0780853132531476,1.198073679324935,0.72742677632133,1.092041224493204,0.48023169423461365,0.02817043034235997,0.44246426893131136,0.2886791572817554,0.8082784881895344,-0.2763879472333618,2
0.6680643218584522,0.08547786162458598,0.13558862921551523,0.7925892536083681,0.933893968697996,0.1893863907887297,0.009665600605350766,0.48827214516150375,0.7243268012071065,0.5129390517215008,3
1.02099089300229,0.8263539631110493,0.03494473990807795,0.7977522700105076,0.49224980324838263,0.41573009764420205,0.800099592431873,-0.03611711378075548,0.2275324180405155,0.24603707585244794,2
0.33185896681341365,-0.0379190280033484,0.548101699846937,0.017496203040580454,0.07162584700175174,0.012294203323454683,0.2186001532295202,0.36388328516740315,0.9069068590732212,0.1300278045093121,0
0.71207123356778,0.06694724791292887,0.6814645474818212,0.13000231214754168,0.6892462094074018,0.2598290260785026,0.6095891720914964,0.13737745679908006,0.652687393561291,0.18381489974506526,2
0.7403256582707196,0.22752868696712356,0.8957713517782141,0.3806454229496802,0.6565893609547246,0.4323630338041536,0.27520317493972973,0.018681051628320188,0.5696294033876029,0.7840201246285822,3
0.0584940435970034,0.15485682479971666,0.5278894477465563,0.4962066244923694,0.8749027954495817,0.3401502175827915,0.5079161145418524,0.7386938604447801,0.4027390185835431,0.1562652422880134,3
0.8641532345336568,0.20922008582146046,0.6066244292345417,0.43493374389681433,-0.02164287539804058,0.80172052936999,-0.0036431527929173813,0.700605026754477,0.032547139178080914,0.6590387036084031,3
0.6695697196000354,0.5125260089327114,0.5734485387296485,0.7106842369124938,0.06684718072156313,0.4823639295809028,0.725017935918189,0.5181925575931237,0.5674244527697372,0.0548188417467666,0
0.9738297152517269,0.9996576284813216,0.646673344307611,0.007921243923540964,0.09532724405175273,0.214794099039984,0.02730919742754849,0.7536505003395618,0.9818519300792614,0.6958155016089707,3
0.9261511536270091,0.9054837536173804,0.09331418550190976,0.746294421035462,0.5415106886031532,0.355991544419458,0.8732133420434722,0.03317771509710197,0.27114942630229755,0.31853868765530235,2
0.9062399921725016,0.8953658090935863,0.11849285779418407,0.7762445257723952,0.5708928136998297,0.32972766179437124,0.9003890266364423,0.026171344848269825,0.3037921905791709,0.29789529826667255,2
0.1705240939449066,0.5457331911765761,0.017463031785001464,0.17927496509308338,0.7535523532954618,0.4980216239762998,0.25734369860660034,0.4902526064761915,0.14485370824248317,0.501004319048187,0
0.8053901930630558,-0.0021296006856039718,0.44797052787206937,0.20254301571583655,-0.031041338618017056,0.17390138470625355,0.7995199238569661,0.05169979160449908,0.47498719567367187,0.5341405157223925,0
0.5913967098448158,0.19711072293609583,0.6472708803527724,0.2963243013300896,0.8102961176957812,0.15422753231289799,0.6794306488238485,0.1561835471514646,0.6164336029687398,0.3357946270782355,2
1.0191792712307763,0.20076128385447894,0.6257984621096078,0.9536785624657867,0.6255966697351741,0.8466239112168957,0.3319854255611693,0.9152100210681682,0.5803489376471301,0.35837873140761345,2
0.8314573507939961,0.8132150914921654,0.8496228457608317,0.5518541850059536,0.323220677101108,0.8048630676383,0.24474689809687658,0.24139800298649558,0.430440001259181,0.023498185764715837,3
1.4948262842675542,0.9954080843229545,0.46016381378390053,0.5945627763178878,-0.06214671605952693,0.5875471208305015,0.24587946844406253,0.8345346656013779,-0.4691261185953399,0.031052767563544192,0
0.2238388525883479,-0.010113020380566842,0.7847067620855881,0.3434522336501087,0.04957750366583803,0.2882428886482314,0.55017273634476,0.5916159617888341,0.41583612543837967,0.15313147328573734,0
0.0006454294197860491,0.6703546756439701,0.1578216241703358,0.16296309304741574,0.8061911854626649,0.38665827421410653,0.35101920675283416,0.44581731552653747,0.07601659837292504,0.4956940343715208,0
0.5449841996130891,0.6061092322699307,0.7984817354311277,0.8112522289175491,0.962048681291112,0.08781370878374534,0.011236684201713143,0.47089328743516556,0.6791421325716964,0.46662686241020235,2
0.6594754749014777,0.5258618943006407,0.6884040724922014,0.6988109688329417,0.9697789952698825,0.18548441924901343,0.8973106134848581,0.3947027654001937,0.25860787648426564,0.19692534136738163,1
0.9728431688217425,0.34072928405771513,-0.3642613825124689,1.257524308869905,0.3925285822717912,-0.3453198956139166,0.053134430592002735,0.4025061940530247,0.8259493201007421,0.22743152750910228,3
0.890159669003988,0.8910783103869641,0.11855552897567714,0.7962816023876398,0.5519075345192722,0.34461488518280614,0.9184533561138408,-0.006005331109774633,0.3113052928862448,0.2840528986804832,2
0.9759268214528369,0.06624654410348302,1.0629900301529664,0.4799442083303685,0.3757883370978398,0.3530679684798237,0.34986003703140306,0.7536822146082341,0.3792763851276253,0.28673814856699686,1
0.9937221619355879,1.1094741794765595,0.5509339138786054,0.7145939362655354,-0.06810366690679678,0.25612291456389297,0.11240980336050463,0.5152112845891241,0.31993264099238805,0.39553184285099097,0
0.3997854690324646,0.6340936125678995,1.0490106885431048,0.20119329811369935,0.255878732152138,0.752031645204706,0.6726533874256049,0.7565561793375244,-0.2072839563217589,0.6530443216338102,2
0.785361322753989,0.19646681151470016,0.2941049243552647,0.2607455220039119,0.784010950447312,0.9093477085228504,0.7253033552699908,0.5503941827848521,0.7966554518600707,0.09557583827050738,2
0.08919382270783979,0.047140976518405875,0.6113646578236946,0.836687451815192,0.12365693491685158,0.22083679008160756,0.5039171623106891,0.28793464909242583,0.12850755510578485,1.0229546569501977,2
0.33883129600180917,1.3501653817481951,0.786551690145771,0.28430502034192606,0.5337083257975038,0.7268483371899415,0.543159756016899,0.088832298779077,0.8986880439109585,0.4723820865534494,3
0.8833733451472416,0.1731887139288651,0.5939829802749035,0.13385272324261838,0.049244983501574614,0.8018752072071453,0.18953640010563877,0.5545171537583736,0.07811667418178911,0.9506144772461956,3
0.08269378933993185,0.477153623744583,0.3803792261285981,0.876519264568808,0.3616018321331015,0.7403156692261531,0.6076931010573162,0.6612184888978412,0.6162234138069482,0.7858023007979684,0
0.05545732498918261,0.13538518290915716,0.5316896646994564,0.5127603205352966,0.8692458585941212,0.32277889853766906,0.5223378808117618,0.7431448697279438,0.41080568444678556,0.15060398849903361,3
0.6186716491493721,-0.45856931161206554,-0.0817054351105106,0.8149672948715356,0.8207779460064238,-0.11430525708979236,0.5449966169871925,1.2818800344784895,0.8208033586991945,0.5369535464879968,3
0.8235561007872231,0.34648123631585726,0.7571475679466129,0.0010085777915540203,0.9215571416249242,0.014729901044907852,0.8789222345807619,0.6949716522859958,0.2239826413945819,0.7187149129671199,2
0.39378353546687256,0.9985468643442925,0.30915525191986015,0.9290535499729191,1.0429243342177577,-0.19083585194742542,0.22882907639671518,1.0170184091702605,0.41296543718566525,1.1023896855491366,1
0.08708521054485778,0.5850811713449455,0.14087076599817094,1.1937682187121785,0.32745276634207515,0.9692653318605002,0.23970592677234803,0.7819931201161386,0.5881866655389778,0.5041399849822726,0
1.1370636807112113,-0.04529828124529908,0.2772154974046747,0.49317505555154945,0.38160529640455043,0.16169992536707017,0.13621930758117592,0.2696042514143657,0.02892065570415292,0.7239783069055665,3
0.781360936820264,0.20209316962995666,0.3089274972010082,0.25356768630415266,0.791510152051699,0.8996550529660415,0.7088320108487913,0.5664228912202229,0.781439686041205,0.07605461626580338,2
0.7847565661723778,0.6043850058652371,0.6764419713318799,0.32393413760458456,0.6966640019260035,1.0162684493817833,0.38238341766283623,0.1619330174312713,0.199612308628705,0.7969198537947865,2
0.9272744529452995,0.19816783229784107,0.9700695441426801,0.3409701479713742,0.45699990847952743,0.32874922255760497,0.4138985641903832,0.5122824042866816,0.4256050303154092,0.3677717603848492,1
0.8774183037813191,0.3118897794751052,0.7055824038357347,0.02955824184569254,0.8859420537575416,0.02301311365669416,0.8806871327630643,0.6625824669951649,0.22092956950338122,0.7613522839890666,2
0.648266465630774,0.016296626544744244,0.08201901133860189,0.8752941127721708,0.9366358315552635,0.1291205915054684,0.027073116969589896,0.5695188271136229,0.6833223497442485,0.4169336893911957,3
0.7104368732732447,0.23488976393559313,0.9096746737501373,0.35558368579028105,0.6760966932575225,0.3730419143645022,0.3450949276949425,0.012280552251998913,0.5300903342604952,0.8132992969972569,3
1.1193766623564116,-0.09180556990700428,0.7077027922779007,0.3686315708465682,0.2356747460170238,0.2447935915882236,0.5682631618725994,0.3352681693523443,0.5261914079519021,0.5074129044635044,1
0.3881895495116591,0.7860483475653477,0.05501143493313103,0.36332215661676714,0.6429294073758282,0.1976439118740953,0.9509299197915252,0.36143662617588634,0.6397895506125587,0.5683275455056261,3
0.8577466391154275,0.31157291253267166,0.6216796061290903,-0.04310571289269306,0.890455510776484,-0.04520934455755675,0.9227481159293605,0.7148729922899746,0.1368752650591903,0.7478114542469153,2
0.9100649686214369,0.7489044610321575,0.630770753054166,0.7445924557193029,0.8561498648731504,0.4322716140854451,0.13809758571127384,0.5913858063743312,0.5210081317435301,0.45077052399040635,2
0.3777507369982211,0.20247525943833214,0.06393137424163446,0.659715849821358,0.5515178697333939,0.3609085208114915,0.7582167450516738,0.33363278741316427,0.08469542793429606,0.5967191168656802,0
0.3337748656478566,0.7684197194715706,0.11281364487219592,0.4089569954255753,0.6929484149035574,0.14355644471120574,0.8455217934849024,0.41071273160091337,0.6442173122949849,0.6055187312280168,3
0.24715352444003832,0.41051579485519724,0.9613151596985293,0.7188747769314028,0.0191989278480465,0.18081147361934458,0.7727959689497138,0.631416277960228,0.3731652171894778,0.8042196052151281,2
0.965465413402829,0.265176705426823,0.5903888105735305,0.8523772222993098,0.551084706492269,0.7127677995829933,0.11841412868381837,0.8758845882210119,0.6026739937097079,0.2940160257773274,2
-0.10564577126639049,0.11981291863159985,0.4585292782376052,0.39681098463329856,0.9619376442867018,0.33585553421554676,0.100972277010767,0.5923637079489071,0.9719584921830322,0.7898536585605577,3
0.7532732020653683,0.35329415050116225,0.6364555633500625,0.39003553284258846,0.3534257394651422,0.5657650625713164,1.1511672646437303,0.3183347653727967,0.7280328903063313,0.48105180081539833,2
0.213444720054681,1.2646518117582914,0.5886923714157987,0.5643992929121784,0.3453152859092629,0.02698363530412301,-0.32512676415108616,0.7901830305726854,0.0039590454656792395,0.8124772372703248,1
0.4437807623345444,0.7992699640126801,0.015467231276878608,0.26828836637887565,0.6647610422378214,0.1403873237663128,0.8408484528996572,0.34813106685747097,0.6640578041854243,0.6132783012179456,3
0.09194025496659164,1.1063027145852813,0.7999825204683055,0.5716101235556674,0.9234426411051018,0.309748325070141,0.8712790914143248,0.4748577260478592,0.7703980742545263,0.5961832662625736,1
0.6213816190523082,0.8549047216885562,0.8967548056747705,0.5408644523056438,0.7540661280132024,0.8225413168793871,0.5871416922340088,0.20695471542793384,0.7858500241044685,0.4173295889141042,2
0.1519578214112431,0.8734649712597939,0.30621810128860155,0.5136862885363036,1.0123592606961542,0.06278019293286269,0.20797970053928955,0.03923604316629686,-0.12048399940935983,0.49310155110508724,0
0.9370006675158065,0.12362393701959988,0.958866692468746,0.2871176211484585,0.4422043562252599,0.37912441420117937,0.4386900667822312,0.6011420212444918,0.43305996272048075,0.34876758031630417,1
0.16683507269282238,0.15071905935941166,1.016490101379448,0.488901791230402,0.2281023449255749,0.2396677615751333,0.7205539523809591,0.4566656365264225,0.5566410576407579,0.07665659248312706,0
0.5018645609040577,0.8967994841195898,0.10045372669161706,0.31020864942481857,0.635601965810554,0.1725214333926541,0.7853323673620966,0.42560426917546645,0.5831678032243115,0.6802629717040176,3
0.8841576709203389,0.15253698750039663,0.6616402630626543,0.7482087236582087,0.626257324762816,0.8952392287996112,0.13289901592026254,0.8058373747267524,0.5964092122688518,0.18886510078404048,2
0.9873034405745003,0.9781583722990161,0.10302493966535596,0.742921963475418,0.6008663992415593,0.313253167185943,0.886640866866395,0.07160539427144394,0.24794807132367927,0.3339987175244834,2
0.5822671884282915,0.8729928691581526,0.9207065716283914,0.5479522251172566,0.6757350109381494,0.7697111590890091,0.4746942041718816,0.3648884122838829,0.6353478282294929,0.5304393420834869,2
0.7391136035591026,0.47313124521946187,0.6169990557645499,0.7341903884978951,0.06210275471799526,0.4367790572475004,0.7318943842370232,0.5850475338735576,0.5417599798949104,0.044725816388142436,0
0.5325163135335816,0.249475501983348,0.33334062261093034,-0.00019276539849914787,0.16234467817036108,0.1861039057604572,0.5950949715463459,0.04955452664896429,0.6517021345741647,0.33490526031419865,0
0.2543909152699962,0.2862392044700074,0.7624659522410493,0.4942779096038532,0.16917116371512367,0.15096227391683212,0.5339296083133203,0.7411429322086516,0.5858322344963542,0.7663683150896652,2
0.0846482333102001,0.5977001341798691,0.7877757898379794,1.0075814453350063,0.16113395242049697,0.16425513013044601,1.0618910607595682,0.5228231316297922,0.4244691964987429,0.8048694021101915,2
0.9048078458503889,0.2876752558314917,0.6997298157763252,0.0012969544899155555,0.9012008107416553,0.015328020516168812,0.8912009060605492,0.6291534274616062,0.2414348998301004,0.7875268917740667,2
0.4168566839433885,1.1704069863576692,0.1866519598389381,0.5220242105334016,0.5041310969302693,-0.1487683880821707,-0.18759527664086287,0.5024963460575997,0.5327311438426756,0.573184187080669,1
0.4749401341963547,0.32767140664669164,0.8847553337834324,0.49431934560150054,0.6273544545273828,0.43546816220140766,0.4120890336476401,0.27737434786612825,0.6706920738791262,0.4766075709101145,3
0.8913433089536064,0.28998913663928216,0.8519227508280014,0.2889763985312938,0.0934032840622147,0.6483799052212103,0.2632207002916384,-0.00246180967237135,0.8341701222133913,1.0076854599017084,1
0.6939365850757548,0.03277969636410964,0.7596030995963748,0.22449343888544226,0.12240460657822248,0.9507804694057398,0.18588466503737047,0.4646918735820956,0.1668025010629759,0.8931065428757555,3
0.011773396472601063,0.6139626461006321,0.8138750871282062,0.22784125874231304,0.7299140762107251,0.6784740539489157,0.5304168537449946,0.08242998619991566,0.7785798148889539,0.01960131081361243,0
0.8890842065641112,1.0610200698639007,0.47327044304657745,0.8176569421339654,0.557661543619365,0.09090187565539487,0.4257300911489274,0.18909812327747105,0.8412803727887088,0.08096384089000082,2
0.9116492525205242,0.9014946513750913,0.13270960728701436,0.7594961987091661,0.575669722341088,0.34485251014266544,0.885096800847366,0.012292490966136872,0.3022280080832486,0.2946264573995835,2
-0.003993761178765182,0.6302998827578022,0.6474542166285238,-0.13507998478913674,0.8128079454968327,0.19002378300951647,0.8743802283137901,0.3880383409589147,0.23170879411384854,0.2854583423915386,1
1.0350751070782271,0.7911715585014798,0.4528590446333952,0.5762807418170268,0.36202830472857395,0.21558652496119252,0.20085993203072372,0.4234055130221947,0.07821118815285666,0.8156112710823716,1
0.15428739843851447,1.0185134489627596,0.7310231227631451,0.5238873063781249,0.8039181817701044,0.21385814027286892,0.9520969067641155,0.4056737125629968,0.6875294210393014,0.7008137951276772,1
0.5484988545433154,0.25138967513709587,-0.15540731390822357,0.7036907866412456,0.28742757884849657,0.17831765398204563,0.9941171597713979,0.2410706654625508,0.10048645187058178,0.6398859267334638,0
0.6512485557981393,1.309252412508318,0.6563741782474997,0.6437680893747658,0.3018886069065437,1.1597540717735688,0.18798555251710514,0.3003933714116681,0.2579110792312472,0.022454766085566055,3
0.4626885120322934,0.2343678683735564,1.0088011294990626,0.45737977435777755,0.6786313521347243,0.25697662512486585,0.3250603813512518,0.4173982479966276,0.7945575249270098,0.5602151219999217,3
1.0642435505468646,0.5253984300307291,0.6688960676763326,0.27792190480306933,0.06492507600224175,0.8716765918731156,0.48326274092920424,-0.008963158281436866,0.5959484802255226,1.0359826571424613,1
1.121075623418039,1.204262076199724,1.0396248269031951,0.9637786520817448,0.8098076075290053,-0.25821184436857236,1.0240234140328992,0.17200815521517152,1.0238495841164352,0.19313738634034722,2
0.6152812409784456,0.07797809635852078,0.5714657249681142,0.6033199622463018,0.6265436434914232,0.8857609043087472,0.21113096125724054,1.3296798341566722,1.0163923018778647,-0.16891475843278525,2
0.597707757838756,0.19510167498146175,0.2830627212319645,0.13498563111219103,0.1213498404785966,0.24828058100919256,0.4905989531488393,-0.10096549826322586,0.7681796977247167,0.26583194737302457,0
0.4076041269614445,0.776145794185743,0.08713676469671333,0.2883859207672218,0.6466953434919566,0.1552696004126788,0.8428569596189417,0.3223591244026501,0.6408046973141551,0.6246956019674054,3
0.7129704887263394,0.2706634708574273,0.9323432065083488,0.39064486301971274,0.7035724545376781,0.36216525577921255,0.3151487872725371,0.02108640323466395,0.540055808988471,0.7884555320735943,3
0.01207712081215049,0.614469984619328,0.813901858372768,0.22659858285151843,0.7305841316329852,0.6788902743345308,0.5307880644134902,0.08183618897362308,0.7787456443789703,0.01881444864694608,0
-0.04158279319769481,0.9723624829146189,0.1769773552738153,0.7802644797394853,0.7651668227985123,-0.09722290407323794,-0.05475216188445793,0.7362863147165042,0.2123874869284082,1.1482865364245503,1
0.3751516805717938,0.20242578195301542,0.07923572152942815,0.7230597802196818,0.6451815947902118,0.39104210414350293,0.7635455974039811,0.431688859905519,-0.025876727311316114,0.5586645430305477,0
1.2426650250879017,0.011840047753122973,0.6727963624445537,0.24280052138984853,-0.06513793908950274,0.9485966000668341,1.0810146468133404,-0.3428377244778687,0.23542518899852544,0.8252351023652362,1
0.7352910225447289,0.35966697952728277,1.4417277973510312,0.6173288727262154,0.5146695694474123,0.2509445670629319,0.22178785559310718,0.3186639685364049,0.4970470423737203,-0.06701901575992353,1
0.606023506888698,0.5550565998646786,0.3002369446647575,0.28569006098505945,0.8227579028538472,0.34053129706897356,0.3667976248388572,0.07210205990586455,0.2333863974205246,0.203919916400678,2
0.7544847875052338,1.2963765506714207,0.3655328360835255,0.4785905928744932,0.25451994547300627,0.37682652576571096,1.1298618322431166,0.20685728807678513,0.8891839930616068,1.303945075952062,1
1.0001791009859693,0.48816253966047274,0.7460205234527336,0.38409308111451307,0.1271679287472507,0.865386273407423,0.42286554340341126,0.010364032289735866,0.6649516885112758,1.0004358623950504,1
0.7660358068818992,0.6194075047747362,-0.05686724467503823,0.5895937483411019,0.8981551992457163,0.620859015502486,1.2309566209847267,0.9800444981995573,0.29239598038038617,1.316383737055403,2
0.1577193802706224,0.4936812550931062,0.26753994720290736,0.5048954430809273,0.7511242116602945,0.3964461321957611,0.23667558696082328,0.3931520275381893,0.378344723411865,0.4590592028849288,0
0.8982973388638842,-0.1416945711969672,0.6731843385763151,1.0092617587241406,0.5879730491227176,0.745656856479137,0.3092674147168227,1.1276289294988786,0.8942544092197997,0.4004023886700427,2
0.35379388708260817,0.24719465101037047,0.0636241347166119,0.7292232177807044,0.47365900581150866,0.3769332478469223,0.6987822652825111,0.3230712154421827,0.01729803374339258,0.5565243475419507,0
0.8224587921908714,0.9799943984966337,0.7542308041562261,0.944220778331757,0.872319351841607,0.4051437597188615,0.23442696843308414,0.9508079081197898,0.1804761137169651,0.6191763822192433,2
-0.18933095559344415,0.9812419781399098,0.7712259633957975,0.2118934607257943,-0.0031456942731846547,-0.26179518680387087,0.4399526222428731,0.16817700802111163,1.087276920860348,0.15736798313999212,2
0.45209431313484955,0.5692807997489475,0.20544874340243527,0.6847914730490712,0.13096806925126078,0.3531412005241841,0.8321287057084221,0.33647552175821405,0.7138663651656147,0.19581324875223988,3
0.8705920698324052,0.06497240700388726,0.2563915545456986,0.5841006007828252,0.025493022019645234,-0.00851598732410963,0.15522785654193919,-0.2083508263787423,0.47788504050151515,0.6424505306407269,3
0.21763622577209374,0.5732864374673083,0.8146530971114677,0.4186169300265684,0.03537344227930496,0.2711714799794279,1.070574175921581,0.47199480983508874,0.6468768060260678,0.7926318034037724,2
0.8734289890392882,0.30984991520340155,0.7125899322749703,0.035280884019359714,0.8935721652583954,0.01689073980290752,0.8732417763324074,0.6601598770044617,0.2263771982869233,0.7561461098485384,2
0.7233138605050379,0.3522444741873347,1.0970873900351834,0.8122613090231636,0.2324314771592111,0.23861618462321055,-0.29755032745479804,1.3546636538625265,-0.013081994305187652,0.656073928772716,1
0.07003892144747507,0.9244216976483579,0.2907031568295478,0.8694024410916519,0.763287604967762,0.08527569245504019,0.037140291512868094,0.7263546836135952,0.23661864293485654,0.9854796952379843,1
0.6333869945802408,0.448943389992593,0.32738189200251233,0.07766802563876823,-0.1101005907219747,0.7366621467884069,0.6127966311415248,0.44750043386797816,0.056308276495982634,0.1455268146903767,3
0.7645794044058905,0.49360200543307337,0.5775496907560985,-0.05585439705995765,0.05057769917539466,0.2669381977874015,0.41475496621123525,0.013984417407881115,0.6050098170053779,0.3019456035160834,0
1.0102495262636422,0.9783738252508507,0.1348034758909662,0.7135430243926788,0.6308832481359063,0.3421771889584292,0.9787587314881074,-0.043343798775026685,0.338158756243386,0.2443650656126206,2
0.7207565331935408,1.000247683354806,0.8199065512479237,0.6388140532918245,0.2993253215345122,0.8614765134233093,0.23963518786561058,0.19525301544769683,0.5318836445354391,0.08479380993789669,3
0.6918907517640792,0.5200857644296463,0.6220938201696413,0.6570872344942883,0.03865855178894461,0.5026834204800071,0.7425244121128018,0.5720565507477944,0.5733166375820532,0.11417416169475306,0
0.6018450224116025,0.12303810994858419,0.9507195674777239,0.477225730403127,0.6460525781644142,0.291019984664371,0.2513404305143716,0.3184764476368355,0.8603541587558544,0.4433193064965422,3
0.08873369982797982,0.9824590386651526,0.3388572525488341,0.8866800173910195,0.8108481693108847,0.04104850828694698,0.01757267479803421,0.7313416486461087,0.18273482577297423,1.0200908593551528,1
0.9022329857821749,0.2904734829081964,0.7162410833191001,0.05001979997056326,0.9169914847251731,-0.007982132473557876,0.8485590465876706,0.65089142569741,0.20390335363168163,0.7664109282616614,2
0.5654861357157659,0.4972414433090465,0.29917545621994956,0.8783929935934943,0.8381418113024941,0.6063928706142784,0.3841561704386661,0.42419287193699995,0.8710648810809699,0.04407283056611139,2
0.885557775960706,0.8630731265756071,0.06415773584888446,0.8102569993238579,0.6177325790761661,0.3661640516076325,0.9438401563740834,0.027359817378971883,0.2574351332348832,0.33038076624278284,2
0.6511948778705939,0.0811555888578065,0.013573925484321347,1.2003879086636795,0.1470620408206616,0.4334713056361846,-0.037586499155727204,0.9947405132959799,0.7502290675961463,0.17549951708114436,0
0.5584220266317277,0.8664850242951521,0.7876544508974332,0.6841368118520729,0.24115427318653876,0.9895554375472809,0.33794215589586707,0.3094750492866394,0.51886000498001,-0.008867845789809495,3
0.2635207780178107,0.5141037289093635,0.28267767990540066,0.2944861271389815,0.07417902657965975,0.45687240842765353,0.24575935865179743,1.0555409867394228,0.10053185675661923,0.42924300686874434,2
0.08752095581216474,0.6037081601765407,0.20075849062768297,0.7047615304791938,0.4447484598100622,-0.1619147870010351,-0.15991655063162663,0.9018909696445598,0.09342165459639082,0.6761591586390729,1
0.1875287384186815,0.5205437625396367,0.9882853175209986,0.7332645337329664,-0.053647042072009384,0.2234417683142427,0.8026908323162095,0.5633201572469463,0.4754187883016521,0.7103080836830573,2
0.7083233234566302,-0.09865801405398544,1.068578670265738,-0.07828125173136269,0.12582657407284786,0.8129692056181284,0.30095809285330927,0.17230148715190816,0.6504802129608491,1.24591155252282,1
-0.04213658998408101,0.7897709081363535,0.18449462122065974,0.13781445861169522,0.8727007614780878,0.43839786509223405,0.3492818603710702,0.3012914120384275,0.08983748742744571,0.5409467801304874,0
0.5317390374587772,-0.0072226402763984066,0.16826983744122356,0.8699125654938327,0.6692611241172677,0.3961100469511872,0.815652042610536,0.4215559699450415,0.9267262633713307,0.5986195954543408,0
0.44604663629727476,0.16655574777915605,1.0968087751298117,0.37829039068944303,0.5680232275066239,0.3616360429299894,0.26035772232550847,0.3229671547559635,0.797943343366211,0.580206942559559,3
0.8036247133323563,0.19932532015028956,0.29137770562287085,0.24332100222503678,0.7948617826977511,0.887693459059617,0.7075181593152694,0.5627375432460491,0.800232177430653,0.07713360351750836,2
0.9671263671382465,1.011532098659423,0.6352112828251139,-0.0009888487014170222,0.1160345931625268,0.19555437429274344,0.016784785980316935,0.7652241203539627,0.9694172191371243,0.686590448772126,3
0.10111022456110502,0.5788946760881317,1.0776815517363094,0.6196723450067985,-0.1607081302398881,0.028725369290944464,0.7254321923042959,0.7417410967084105,0.5453312811178523,0.9023597959773012,2
0.050084850334452403,0.31223961296945524,0.48882839087840335,0.8472344152031377,0.24531156899497722,0.631899854011254,0.5735150187531299,0.4654097716260952,0.3310241423986452,0.8597116543102873,2
0.8985507949878693,0.33025139362362116,0.6638416524281056,0.09406681767184323,0.8754781132924664,-0.017944507629599864,0.9285276402253168,0.6608683214867248,0.2832202122398333,0.8297316191046319,2
0.20133770017400227,0.6255520767697218,0.8610925996158074,0.009221579951808119,0.7490872396186847,0.34799032806423524,0.7484358225221429,0.666610909297326,0.052365549967413993,0.38813935492285084,1
0.41826571197359935,0.8263760570405463,0.048253248672188886,0.27032715897701315,0.6812694681170791,0.1789204748060029,0.8637363355642035,0.35208104073407287,0.6646396524173273,0.6253189083552919,3
0.6360951544830465,0.4788871025293361,0.6124865729471236,0.673630925097449,0.09016637990582281,0.5406734073901597,0.742547063217452,0.5408684066933646,0.5488437820504477,0.10740408299417686,0
0.8644967685688776,0.3118761952528641,0.7198543830984274,0.029273296938456435,0.8829905340757495,0.018564689736513026,0.8756450667117865,0.656958569600106,0.21788721866944133,0.7578726173918997,2
0.7659690137179853,0.6304446354395403,0.799735411438661,0.35308687789541376,0.6767772278198851,0.8822483071558156,0.31415155329660877,0.17830098580251622,0.18088636710781839,0.8437055971358228,2
1.3287741596379128,0.06272786166114315,0.43761439158435367,0.4809299233165532,0.6375528920306953,1.2513440068009647,0.11626115678765142,0.5392201301025331,0.6375752728209778,0.004949826948328018,2
0.6513786055411831,0.23299770768648165,1.2408703392900504,0.13367092245907888,0.04405717537432802,0.03789285182695018,0.481281669791,0.34903915063619817,0.21204195801052508,0.027230593703998107,1
0.479146648448237,0.6016023771671981,0.21901923118198136,0.7381790863441108,0.16388680444333414,0.269906017892946,0.828928550635493,0.4500610359382924,0.6484124883891644,0.19949747170904483,3
0.36600208565475234,0.22605069064420463,0.43960290389254697,-0.045574707898640834,-0.005535564770841883,0.3146358076820617,0.7026417709443625,-0.08386220409207264,0.6175783545935005,0.17910018739044326,0
0.5454118263710235,0.10108879719078259,0.49152531569260516,0.0667268726440679,0.32675736372675834,0.11381926847598525,0.5524088635147925,0.09055694869540984,0.7068321978142411,0.22230794978912213,0
-0.266068877621804,0.6932933694473363,0.6532209210918282,0.6910771675726982,1.0292094684650164,0.3408930590306801,0.3257460293923716,0.528492998305018,0.3626945175107425,0.6648341892273695,1
0.9507623076666846,0.5539296763333131,0.7219152609796684,0.3551049946402551,0.15230918870139004,0.851724987953749,0.34133041078563325,-0.0589273954440733,0.6725649833097636,1.1096133834085025,1
0.5466454238435124,0.5567353594619567,0.10047422958467446,0.4274584687607037,0.20546754311281867,0.13356394311354114,0.4662154951379512,0.1607970960483399,0.4296949855956646,0.5089273689584822,3
0.8399174635009032,0.5855303534565297,0.8073568638102572,0.3787997049130543,0.6624191206707931,0.9176947339168274,0.28554839325702525,0.1624077971111974,0.21482385812962274,0.8808399207507062,2
0.8690287963123242,0.5186855963326701,0.787552721359338,0.3836699335873666,0.6486702181014007,0.9232601686121006,0.30039363752646114,0.20817001099352997,0.24072683708580836,0.8329947109594245,2
0.0407259496054573,0.6724903424868702,0.04594364940547034,0.2646213084915258,0.8441896799382643,0.3976451654971783,0.36807577578403894,0.3569949500660906,0.14962870485029287,0.4114542424876505,0
0.7203592366586181,0.18684087896499235,0.8355389990475881,0.15741135833893805,0.024034926590342162,0.9844222959493507,0.3303752321819929,0.4986920535276486,0.2397543383126289,1.0453594392408783,3
0.3062025692118243,0.479648699455667,-0.18761513007710556,1.2708987054203935,-0.3655127250852969,-0.10518542983925255,0.16510729387102818,0.5980844026390476,0.7720061778370071,-0.4868928526680425,3
0.9572023823824323,1.0012582571111723,0.6183977130190971,0.625814892027105,0.759042989163699,0.23251772365830947,0.5050551889723043,0.07642095654235867,0.9514108604641658,-0.003437075677670976,2
0.054725823839432045,0.15247290966653967,0.5225411064341345,0.49580327367409793,0.8750837698305973,0.3386910371351964,0.5126282850111951,0.7369335431974544,0.4015273736380241,0.15711975534471306,3
0.40358561849599073,1.0215251472512878,0.1424180285629773,1.1412507922910868,0.6237781637615072,-0.39453840370602045,0.8079932626294892,0.006965067510770612,0.007750377657336827,0.9295567146879031,1
-0.1452605614530195,0.14282743118102237,0.48575101149762884,1.2070379008110694,0.44095569478004093,0.5261834646404064,0.26042685412598077,0.6124668361176964,0.6211977160956208,0.8191982470688469,0
0.2116955020344083,0.5357745950117354,0.5140880043208561,0.299161362430166,-0.00605428489916373,0.44386984569763366,0.27983939810451014,0.8008009989350326,-0.024937401304526916,0.1805411792393822,2
0.7069641080002269,0.046603023810226275,0.7763030472472496,0.242051678515961,0.07907312730568278,0.9303417201107821,0.18884238243939924,0.48548912072450556,0.19358595920552926,0.8827320672320459,3
0.011465748291790166,0.6145012501185535,0.8145840945600487,0.2262957670031757,0.7293702937934972,0.6775898593516492,0.530732627300601,0.08301510151464982,0.7792607636355684,0.017984967926507837,0
1.3549187969508887,-0.4548855897092995,-0.0761065337643144,0.9903529855235076,1.4053537467814705,0.019639805891868242,-0.35980746000467334,0.7155816733057391,0.7669262854729785,1.0923665493537151,3
0.37078093728214856,0.4210531305515352,0.7622688369358399,0.671244473829147,0.5353827188925279,0.07482618191090351,0.4440141608342099,0.519157111907874,0.6704440246562638,0.37923024876911476,3
0.9273160272498316,0.11722485742507467,0.9512475419770569,0.3137416319125336,0.42256207367553206,0.3558242005855177,0.4650443539322418,0.566645728519577,0.4521332838529732,0.3588278356750049,1
0.3879465789399198,0.8783542957732171,1.0271299016269564,0.9737142288135685,0.03913089473905029,1.0313331046645926,0.4738141019772215,-0.2232728478216574,0.4966579506599071,0.5551336184643911,3
0.24696631595098786,1.0406068513242688,1.3692985279726506,1.098137730599276,-0.2522453707534519,0.5001126222461352,0.1499646500031564,0.6520319620499753,0.9679807821789863,0.6401607517306906,2
0.6814498441801102,0.5039369040151708,0.6146814118242729,0.6821321946641863,0.03707137403809145,0.5308503792015652,0.7570888757559991,0.526128493336371,0.553666402432254,0.07234052257540254,0
-0.1354225229486346,0.1341601644829884,0.012723171388542176,0.636760849405865,0.12047751214016333,0.9325192282877339,0.45668674781015567,0.465291877197056,0.33824682017921937,0.7694118628779166,0
0.544099621227017,-0.005942038835329847,0.3797954421275102,0.9069627253611067,0.6874889829038913,0.4342295887459366,0.48678193781127854,0.9462517094811238,0.6506882498899749,-0.05294500704950755,3
1.1859617591430203,0.8254340262921142,0.5396380873272125,0.45066239362057536,-0.17999888913069803,0.4201408105227548,0.21176369127187686,0.644432277542113,-0.06098255643411234,0.5415517239093948,0
0.8440171832529902,0.3156114805666309,0.7507569238851288,0.0014835025564536447,0.8994474851739834,0.03016728653890062,0.8416693912660768,0.6940530181445194,0.24874155704915327,0.7947843397889972,2
1.0404210937846465,0.1786280633151904,0.6426872525693668,0.9148349756959397,0.6450351365816298,0.8027689430831285,0.22766199394399908,0.9387168252713691,0.6228848090184219,0.18587055291309584,2
0.41027432443249834,0.9681844278818715,0.712287811837564,0.31731749962387823,0.7774727387475404,0.7544493346336396,0.5854157159238621,0.30337650012029477,0.7998991091902328,0.38940697271202684,2
0.7083885828818809,0.2548357005579451,0.9195302465811364,0.37801257916914527,0.6889652918154477,0.367678165799863,0.335690790330927,0.023519926400605372,0.547498406059453,0.7919953412613642,3
0.12565639603344897,0.7814367433387177,-0.07480492481121796,0.19148589438783978,0.9526821038778541,0.5363065343611454,0.4510895955738222,0.29974208454358464,0.2792150290041263,0.5651696334544208,0
0.5751397477291692,0.52691650349349,0.324238171784936,0.29877129699067584,0.7990471544856566,0.3348951615287775,0.394294308405494,0.07251388295732014,0.23114658578756314,0.20213195505274703,2
0.45429588819811045,1.0497811672753856,0.2073054089745116,1.080868344876262,0.7713055973172923,-0.3246329057642858,0.5796910431678057,0.38657958392201697,0.1402962946733135,0.6294557340934746,1
0.7177040854986325,-0.11435438209097998,0.9299990049265711,0.3126335128205571,0.2830630113254444,0.8552261880220878,0.34477141255134813,0.4897988713874538,0.39038003670473875,0.8933856433088326,3
0.9230504571499152,1.0256446982012317,0.747745526633798,0.4475680884687161,0.5442031755345961,0.8518543798567054,0.1584512041585617,0.38661955897498124,0.6538285117506847,0.24904848207676222,3
0.3798553329759706,0.7182359789271234,0.9324426454234804,0.5809494772709649,0.7976427685179114,0.7235265851004943,0.6378248709018254,0.4251354044684948,0.668374380307574,0.43979360997903244,2
0.4980017693190732,1.0912249068207915,0.8668548005612688,0.42319070856882224,0.3236110003394133,0.8190240705263526,0.34315897177181975,0.20213699664656729,0.751002740779953,0.11208730020772173,3
0.8226188615137568,-0.522700246010631,0.47799489582266047,-0.29877947926430404,0.8254006993393925,-0.18821798245695898,0.15463142927787887,0.8379542649676496,0.32599190221627267,0.64296865990348,1
0.7757658761054456,-0.008684826913324842,-0.020821099587958955,0.9022182265456338,1.0590751494377504,0.11448336514202098,-0.0720254777373566,0.5576704123713346,0.6924062114328443,0.3626665856636216,3
0.028766895706113314,0.5711660494218017,0.4710512790065074,-0.12142610917801311,0.7151492200229727,-0.12118739962679448,0.29221258560766783,0.503265681697232,-0.1047261175446787,0.238970476061363,0
0.9427950081048123,0.49224785305872926,0.8027694018257349,0.3720184159561333,0.1692272857465761,0.8431346170688285,0.4402276441169589,-0.03014541928193574,0.7062572729836957,1.0326108368531892,1
0.6624595060849199,0.49803497891313586,0.6022743448414332,0.6809521636871207,0.057576120927174415,0.5148197130246779,0.7446761428727059,0.5342652420582981,0.5517005459095662,0.07791502907705729,0
0.12319070138573338,1.007617376658728,0.7368805385473597,0.5797988166811188,0.8139240393026219,0.26053194055206885,0.9181965993123523,0.3918988435399202,0.6442721331677672,0.6751796238761258,1
0.45737351302424184,0.16589038030835518,0.9775610049206338,0.3438627341541744,0.35722113549691825,0.2700904341975956,0.9156255914480748,0.5934607781303611,0.6660969961398056,0.5279178584197743,2
0.6768129005874537,0.5055445236264916,0.6104492667382271,0.6909775795262199,0.04897739253236463,0.5021560439082423,0.7507924143904711,0.5460335735604673,0.5420396248145802,0.08342332663254906,0
0.8680297325344628,0.35269795157043127,0.666723009040711,0.10498963330490206,0.9494093703562614,-0.05343182786466702,0.8785473067723334,0.7394628932110874,0.2500964817761803,0.8148087434779151,2
0.33912439823488205,0.6138891839188029,0.5233045138902427,1.0288352987673821,-0.003164512044357304,0.06578535338100734,-0.3761487325710603,-0.2154028893177493,0.05495210455453203,0.41688875815404003,3
0.6557827547494766,0.04944861641786005,0.23345957767989395,-0.06765448893935677,0.0953409014449801,-0.0034940321505389227,0.5902573374089153,-0.15700975541042056,0.6117113288620718,0.3092523254375215,0
0.6274860412273657,0.021585292674661388,0.05653863522125903,0.8570156877827988,0.9227625724404049,0.16272390763512298,0.022082973650948214,0.5814400623860005,0.7228375957136557,0.40254372261963467,3
0.020902594352941208,0.1510597615230013,0.5627579833280729,0.45954224669198696,0.8756979786239659,0.3598759787517399,0.5395942179875561,0.7750870942996791,0.36965854433675005,0.1208434793959813,3
0.22311458458983746,0.6439078611940167,-0.16623881717163091,0.07073920843172796,1.0153544242565493,0.6033105579565258,0.14213120605986296,0.4718845962338674,-0.06939480288699565,0.40524241929436516,0
0.29145348330285215,0.664155501844357,-0.17408744942588636,0.18673340563051832,0.6146020280707198,0.14364753103758088,0.779795334403642,0.45262660213786055,0.7624822555792072,0.4281769173252302,3
1.031045406896955,-0.18236786551775275,0.628411747215996,-0.013208239820781231,0.11741073177779249,-0.4357724883711649,0.9171772448784474,0.8778918477794548,0.7265728452726207,0.36203542027775887,1
0.952589835963933,0.721551343865727,0.4016717022408177,0.7194624026952489,0.029272482135284897,0.026228337090261476,0.6668711160615185,0.07349599202332849,0.36342390371270145,0.6534544974031382,1
0.3430710191975538,0.37571370665448073,0.6465765022513476,0.02833096388405809,0.9584129719694999,0.06710245730813486,0.48018111429832017,0.01020642478895234,0.4839486947814423,0.2981361469224196,2
0.021367604343767457,0.9074235928595896,0.29249520897973613,0.9076505376640882,0.7481418229409856,0.06181755694325566,0.05488371621658985,0.7313569810343243,0.26028347341907915,0.9932943939143215,1
0.10051682133253786,0.07196443726738716,0.5379215399268032,0.5448671252338331,0.2892590048316281,0.4367616224188567,0.946582190407927,0.8095271126604354,0.7275741797623743,0.3847646593192693,2
-0.046918553225335,-0.1749530829381336,0.23274778940858953,0.7657679692222197,0.15332282258380292,0.22519420791178202,0.2459008144765514,0.7060527743770844,1.1094933772476505,0.7989976834745378,0
0.46446851990098037,0.5514990853867594,0.2701728798915666,0.7697276949242721,0.1054066855566736,0.3673273877825556,0.7909365488683526,0.33937942202338583,0.6983653109068922,0.16586881859943303,3
0.6475223452200939,0.01598850076909253,-0.05089128865512049,1.3889428423372774,-0.1526360168359816,0.5277168720816892,0.29622593819789483,1.081796827182944,0.24482934493240227,0.11050387863536093,0
0.6584679246191101,0.4959700905841353,0.620370204284751,0.6848687478915706,0.07352082420086908,0.4925787361867805,0.7116932908532522,0.5048316601378033,0.5461679829588669,0.05726058699863029,0
1.0066848219484184,0.16976964435869743,0.7978398589623064,0.2984624740892752,0.48311746935283595,0.4160228834939046,0.37395355428122734,0.41149912174739306,0.26815177776149535,0.4690271952015285,1
0.831357021844346,0.6231644365981701,0.7689439892992003,0.36946324602776975,0.6228896793476861,0.9264827101691558,0.24363312677039387,0.15363411780874991,0.20007506677130174,0.8209444706013203,2
0.38789345137298753,0.6390801128506929,0.3143122172598729,0.573133022812272,0.977812019639769,0.20956350678118482,0.2279824902278422,0.4190841391667507,0.33678596044590114,0.7852874985672005,1
0.6395517938967845,0.2529318945548874,0.9497268822858242,0.39121460519531365,0.7249238761977198,0.44793772724462877,0.3060618850320043,0.01893822756052973,0.534983550871806,0.8437980079115461,3
1.1320059355472425,0.44466452203663953,1.0383850497338325,0.8217473440433901,0.7000357111589045,0.27490870731569417,0.6202639742646219,1.2641462504436394,0.23114619017563695,1.0638785361675982,2
0.30148120347090884,0.3442052202144329,0.03329140909266615,0.6432843153855154,0.3175418215129469,0.5452893430693665,1.0061782473188428,0.34330228882799,0.8262306598439779,0.24895185723687133,3
0.01771523516097854,0.6161000092838126,0.8065584238333492,0.2194659202676007,0.727501634394222,0.6731946213654944,0.5276004924816612,0.08598664368064284,0.7774338961729422,0.017860340800579095,0
0.04899070610106292,0.2926397367407028,0.35330954877512677,0.5498374027129276,0.1684446404869898,0.5486712832563123,0.5910768428880022,0.6175130562062482,0.6572548021739326,0.5222073474326723,2
0.3469398310673345,-0.036471110971668996,-0.38918525524669056,0.38693172899014544,0.07170060441061754,0.7272538988942248,0.8545155018542941,-0.2473104983668879,0.3071677124394862,0.3695199767491138,3
0.9594386098251139,0.8987889326433065,0.026585247661880085,0.90610615268378,0.5204934023436194,0.48894558488752315,0.9892082268558038,0.002747077836179647,0.28807249767818166,0.3378043653731747,2
0.7672440090240851,0.16161756102544822,0.2677066925397593,0.2617290053966542,0.7754611339116492,0.8693411378306679,0.6917034091735559,0.5234654975502868,0.806345114569428,0.12412683389106427,2
1.298372084659436,0.4992053359489128,1.034550282976295,0.45199376814071573,0.10615672531011758,1.0521598551544153,0.6359492665787148,-0.08503120488699262,0.4061189808241649,0.7316124136875549,1
0.4065911420085588,1.0587370520473116,0.08385466822676668,0.9095161814665893,0.7595324344211556,0.3363798912146522,0.035847296770389406,0.8976669203792365,-0.07435427982175064,0.8392813583376368,1
0.9235740822518185,0.9430940999161845,0.8306181452497188,0.880703988454241,0.9315728176955527,0.3303233036824333,0.38900934366476125,0.817429602865223,0.2801265640258462,0.6428785785533897,2
0.09869266196049556,0.7511019093375105,0.9539867166647236,0.09602773843060747,0.8720677259711187,0.48217041736447264,0.6434203919321023,0.5504073361934931,-0.002453053084031931,0.37438137925392206,1
0.7003782655897894,0.46188908883096425,0.6012552830838214,0.6557604871099162,0.08845133601933317,0.5199611054370835,0.7855227420194866,0.5265304344267299,0.5816687924275105,0.10928790083515726,0
0.1792382518230523,0.024416618377597232,0.3250547098391997,0.8421033981080981,0.09501706201986304,1.1205198660622606,1.1422765619438366,0.17237060331209636,0.6663445069819629,0.6306760158442941,2
0.8838628708825289,0.3135267397683998,0.70822074984413,0.04198068985547349,0.9005867660597476,0.019826824287634017,0.8688736124782157,0.6525594042502936,0.21957661203159107,0.7543206872349385,2
0.015581187438897387,1.1126515653688396,0.666213515860065,0.6272956352204747,0.888288150906659,0.3747549931847514,1.028434291624749,0.4670454851345159,0.7922083378595378,0.7126934234989213,1
0.6742592109737788,0.5004183979772429,0.5994696638073959,0.6914649546507429,0.05703083228015893,0.5189139657215642,0.7540120628385683,0.5261968690920268,0.5380047233582601,0.08201578091721384,0
0.7995797988781103,0.5608283502755623,0.7537834228452794,0.33087970629394886,0.6834854294740542,0.9097680875958702,0.3027240368104546,0.16132620565234887,0.1930363559464439,0.8678848484879076,2
0.6649843908061446,0.49430292502945833,0.598976387754,0.6871299072276583,0.061078364134570066,0.5178867058159918,0.7533106552093375,0.5310071469059974,0.5560457571078308,0.07510958364405512,0
0.05363508460409761,0.14614592730772358,0.5169802671849513,0.5036725424097483,0.8888849230478563,0.3421174185772555,0.4989978739951057,0.7358679041667958,0.39035264319877044,0.15508295520808463,3
0.03882322862838036,1.2348206731888018,0.8487106725791291,0.3237687391682491,0.86167724275315,0.4997867028333554,1.0271347872413088,0.3414432137767786,0.6255674889904128,0.5617241737629008,1
0.11471574686999134,0.8433761784198222,0.9167511015646386,0.1041921846265589,0.9422652834373013,0.49700139770767526,0.5565320200419095,0.7703152946602374,0.042051524248958916,0.31822634253825866,1
0.9913202714943543,0.982206917800596,0.5957927958238359,0.6442271201203257,0.7775370798224195,0.25949932858041946,0.5012628141304758,0.04612648249272078,0.934046346865323,0.01586204649350161,2
0.2398434093950576,0.17548663052959232,0.641080621820063,1.1995539716505852,0.4157607448623996,1.0242477998616666,0.38942866985493096,0.5495647978243807,0.8499999648102169,0.4858287474407484,0
-0.18820707567557646,0.27408759186253734,0.32981544912119054,0.8056092663343384,0.4276166977359408,0.4285840972422973,0.4311175215424126,0.6201099286568765,0.20028737852016734,0.7101491905509687,2
0.03305007877618643,0.655212173372719,0.061560954765892836,0.24729792326658612,0.8542254271163204,0.3828075089515064,0.3947577886550561,0.32950405095232804,0.11931535066880314,0.3576597258312829,0
0.483399366328623,0.8112012582388713,0.9119380972186544,0.4494166173207406,0.7251577449363885,0.7810111915769655,0.5557886205920552,0.3430866460392758,0.7541443601350558,0.4988580830963925,2
0.09238625792047218,0.7078229421530771,0.09099387831728831,0.28637449896779227,0.878547434984783,0.3785380643334817,0.3923068161162151,0.33745782376436445,0.21264403272385263,0.44302928403672026,0
1.3605560417478932,1.1454783469518282,0.7585167729881382,1.0464382138710695,0.6877163942420446,0.2904019014152709,0.6703242087339257,0.137040566995271,0.7786473818497202,-0.2509867780353031,2
0.06832761151625147,0.38057125920215557,0.3890508951395642,0.9629021215788657,0.43537128151218957,0.7661402954860845,0.5028674573563628,0.7212884671028608,0.5835833921914511,0.6798883219003111,0
0.8374460119602962,0.8255345943428434,0.6937803511379552,0.7726802495030634,1.0080477245342663,0.24432935019890256,0.26841494680508377,0.7258417280974049,0.34095699622729886,0.6552143845087774,2
0.3768607154386532,0.3672156884061801,0.24033882328414757,0.06010004745932153,0.07266474582747293,0.07009115084768017,0.7105463306676124,-0.08385899269187122,0.7179527311620504,0.3891803207648677,0
0.16865152880946205,0.05979409298374169,0.18043208437976382,0.5945380245839119,0.4669985274927903,0.5440448176654807,0.929102830561323,0.3579959014837429,0.07024356497205575,0.5765809559030923,0
0.7792740837282874,0.043888809221125064,0.2143674626394716,1.023687443171492,0.8929517201783219,0.11403385976808954,-0.008816093360759732,0.5704061706317305,0.8352229899583068,0.2585658196970484,3
0.2177819808042664,0.6676903979104639,0.8664190727051992,0.24076615921121186,-0.08885109333899358,0.5680988369608909,0.36017299305006223,0.27157365470669903,0.41870131359374757,0.6671007496090958,3
0.9632771192167535,0.9896956614543514,0.652456463350482,0.005441672321918448,0.09683570461037405,0.21462532751163207,0.02520737582930997,0.7537082402491474,0.9737068974541981,0.700592348909603,3
0.9826313433367942,1.0080372946033005,0.6324087725578683,0.0193761259786598,0.10542538714073525,0.217184288646327,0.012836424928532859,0.7683986162448732,0.9602667738494239,0.6841406105914944,3
0.9724477511951096,0.16205899577775612,0.601943516213141,0.8705617102215999,0.6655430959853563,0.8170206054103271,0.21933477593425438,0.8723314952713217,0.6134045975363884,0.22187781121492156,2
0.030608742862990358,0.1765541185011615,0.5344685237102577,0.519878064389833,0.879441241827581,0.34319989625501834,0.483865979694385,0.7525631853791396,0.4176541942923041,0.13828310542987018,3
0.2510165130319069,0.4027796078772062,0.9279825687430677,0.7250183914722284,0.0016430614044447955,0.173682149725997,0.766592983368872,0.6368929374673102,0.38315652786996873,0.7930499787473515,2
0.05996178416159682,0.31917083903986265,0.5527441472342433,0.7919636032676802,0.25137177027691165,0.6290858798152982,0.5098628058551095,0.4216005513347781,0.2968076494791477,0.8037342394097404,2
0.31502957387386876,0.1981443063083193,0.07302382283800735,0.694294598683565,0.5759027949377935,0.327321634352558,0.824522110503179,0.33945008306805274,0.09420056830892734,0.5576956124213446,0
0.2693727032805379,0.03485283829155231,0.28133397595782245,0.06735822760919498,0.12635427461114623,0.0890293805459446,0.6551694755991809,-0.22289012810594977,0.372923771088447,0.25937419656781946,0
0.8868414263695478,0.29963971198742206,0.7039748382478459,0.013704107917439732,0.9015248731671955,0.029889254897467535,0.8699680624739582,0.6638340385836063,0.21950007946779482,0.7660532706674199,2
0.46386989509289955,0.8655238609510842,-0.01487263229265523,0.3102905268024283,0.6048849213728248,0.23240319032413398,0.8619352372000953,0.27477504371310185,0.6946903157421548,0.6905898812879979,3
-0.4426870119879756,0.6157115572449237,0.5513767561982117,0.8351024994333034,0.47918089080411536,-0.180116669996118,0.11755656825915306,0.5767979433817587,0.1305283574852773,0.8905976920736638,1
0.9503729782718062,1.1812887682763948,0.9654163526839163,0.8700606290512889,0.11898308133180721,0.9640367199339139,0.11617629111989441,0.13480382513212658,0.6971619510818459,0.15030843949477235,3
0.38635806554990704,0.6557816441980304,0.8752859411277716,0.10219742926843356,0.17968688155815263,0.8157136231199019,0.6078438989192831,0.22101533583012467,0.46475602730884213,0.24737579745147897,3
0.7041081081666029,0.2548126439859934,0.9287522672224237,0.3750645723296861,0.6984954391018674,0.36917737093092934,0.3245979049958987,0.03127633308075298,0.5438799125064646,0.7949577367742867,3
-0.0809980567474648,-0.354638787126253,0.9341362776139268,0.0928748972046479,0.2824795375947011,0.20077322376009016,0.18345279806649487,0.6988333285271328,1.047852759630339,0.4155090499111419,3
0.6002421394118012,-0.1381056879954156,-0.004375043241301585,0.7241656917105294,1.1043801678253913,0.054508411462343836,0.22676611500808433,0.34797923485734816,0.8418818029216633,0.2561316568406059,3
0.013108586400695121,0.6131828166207123,0.815176029970952,0.22714417140034038,0.7281423611322876,0.680513795561082,0.5307443689271363,0.08178680383415168,0.7798333321947593,0.01914175194514925,0
0.5632394341212166,1.0512075217828452,0.9083837765890169,0.32971096560975977,0.28831889183465964,0.3074884712213021,0.8459950396911127,0.07215920350654298,0.2400327677093105,0.6472602487390896,1
0.76053911092351,0.5934466267218531,0.7506665275828996,0.375505461792991,0.6288249114358153,0.9613288388044108,0.28947909050378656,0.18033969168021244,0.21506685219902494,0.8387143187139234,2
0.156265129365938,1.056809691810206,0.7628603002160538,0.6050969996342905,0.8033364115067483,0.2346373554934174,0.9330246030566061,0.3310612718353354,0.7167894829115463,0.703100975464822,1
0.8551345528630101,0.4257267731823568,0.7507124130166103,-0.06155866278276606,0.8683832958086761,-0.07858256105051463,0.8726317461016224,0.6970357360701063,0.34572014172653204,0.6806045812139759,2
0.18946491515268088,0.7540237739054955,0.922704499322621,0.05404381372862115,0.6153232174636012,0.41275380199975975,0.6131710597607705,0.6843642985813972,-0.08971946431899833,0.47904132579444936,1
0.4610028119240338,0.9477739989546061,0.617681290177032,0.24276484234706697,1.0305850034403623,0.33023405506508813,0.6815900762312654,0.8709292991133528,0.3058331577050378,0.15104530479778597,1
0.6422528422463902,0.5561124461151046,0.5873013322706852,0.629065475540771,0.0838979608278666,0.4529193576606214,0.7084321149391148,0.5342361460423398,0.5209065843957201,0.023839170588040297,0
1.351008986902833,1.3232357323562325,0.21867076071684738,0.15327280249372893,0.8634076322471178,0.42707847789613856,0.18111107464129778,0.4512924337247234,0.9178101622038821,0.2716007203587244,2
0.8606935025207052,0.31286697461812896,0.6999561963386299,0.03893546659130281,0.8786909104080896,-0.0023566993467713827,0.858352121020761,0.659188611346713,0.23069417098038147,0.7631346453263314,2
0.1957469411574082,0.8563641913076707,0.6901785401447287,0.6631777524705004,1.0783086570031437,0.2503187700570419,0.7890740222560656,0.23366194582247596,0.5966650446433636,0.7073084774631556,1
0.8020262639616219,0.5850049068545514,0.7773086368706825,0.37832924561481784,0.640083995885511,0.9345067431925755,0.29104317443343763,0.15559198119491982,0.19745595830433724,0.8600646638103949,2
0.6645359827584658,0.49394768717411836,0.6070992876320891,0.6832878045211845,0.05767959292880303,0.5044707492122421,0.7431198816078941,0.5260250852965099,0.5464888139292047,0.07667815726256424,0
0.38407324294306333,0.48005804975129773,0.3303035626410713,0.3462173533339512,0.0580924790224851,0.48837511456254223,0.1935107936251871,0.939511655083208,0.058175796730088686,0.31652963193877026,2
0.661034407733399,0.49605171043293916,0.5984158447263316,0.6821156442771504,0.05754816022052608,0.5119934803537372,0.7484298051059978,0.5334267106845973,0.5518855760127405,0.07979574220236407,0
0.13725817769860277,0.5664988467206841,0.834583140836358,-0.052305580197179555,0.7860332580031192,0.31837518302760937,0.7336829543904728,0.5366016290114648,0.03979421792052405,0.40144852777925255,1
0.00738661731354211,0.6085623893806551,0.8130532438031725,0.22166345608454294,0.7307417894411273,0.6805969681093066,0.5262361877546521,0.07667098164284199,0.7762056436439225,0.020508429593758305,0
0.5315313222817386,0.5119643541358426,0.039388060103149825,0.5981582457381643,0.053167906569034126,0.15975673150117659,0.9406180711689515,0.38449548656387506,0.7488199309133786,0.004224954834158717,3
0.05233769381627973,0.9097991807101993,0.3002901889523751,0.8705215800329772,0.7462861374795497,0.07735051143780647,0.03297717532588602,0.7322941465181511,0.21442748240866397,0.9649859982373583,1
0.2097117410580824,1.0616843368540205,0.8341019698504339,0.3956849690719837,0.9342552864446717,0.0956155653697357,1.0488211102312583,0.2730452591208414,0.7085681497016838,0.6609848571437523,1
0.9185778842853651,0.08463035493084133,0.575283502690579,0.9192635939816481,0.6717070891991438,0.9109556731317624,0.2748544010479312,0.8886690232684537,0.5844316888698347,0.24202905162726757,2
0.4046470308840311,0.4558513174211055,0.9417254003387365,0.29017426753288256,0.8778951631716296,0.6378795243431536,0.5852664971154752,0.817896168336123,0.5545868239786448,0.420201153511619,3
0.8090291614848335,0.8202991396749991,0.8043737826431848,0.762834663619698,0.9442613339817726,0.20670688933298131,0.3248201208287411,0.8321959974230067,0.35967522843721444,0.6699404382234113,2
0.2566065802957118,0.5873390954271921,0.9800793275817452,0.8858840695286185,0.14920845024573284,0.20891507401307347,0.7664319972318911,0.4920715901718743,0.3196510023980581,0.8381910259834761,2
0.590235814180804,0.7802175429646881,0.37903181871487546,0.5939313949821166,0.3662901512913823,-0.16371657417542312,0.6183561658067646,0.011547135622846566,0.6721490935204504,0.497216663413529,1
0.552403963935368,1.078301430107895,0.7623230904114695,0.3489023079052772,0.7493022382697591,0.9111088418925474,0.3411131943358883,0.3925313023223782,0.7261180453949625,0.34511882495577395,2
0.6078916557092028,0.5525082742197328,0.30257086368638203,0.28436203156155326,0.8231104088216111,0.3430869988566492,0.3686331350256638,0.07232947845662623,0.23357014041103855,0.20181692368821652,2
0.4313693803233398,0.3779184941087636,0.9456199050894787,0.32392545400710393,0.7310069108156717,0.6549801060163029,0.5917157401957295,0.8813611266860799,0.613412358116575,0.26677139238136127,3
0.8130521934712566,0.6024050072436976,0.780851511855866,0.3824343239727535,0.6380192389467519,0.9371784159949026,0.3043618609182185,0.15502875124722315,0.20753104698711924,0.8482669987720244,2
0.0628069690434691,0.14533483978918654,0.4945889519235163,0.5069058275960597,0.9100796930634504,0.36697235894959096,0.4867985907085771,0.7251551221558163,0.4061384821853512,0.1788093921652077,3
0.7752899205564554,1.0575206209111792,0.8445581550961753,0.6449850926748928,0.296359227691197,0.7659195581095765,0.3520992394837092,0.28386742715456986,0.5726506903230201,0.13127071097831688,3
0.4165983589568145,0.6651616544759552,0.30633486362275386,0.2873498049295518,0.08578489561280453,0.5935239760865052,0.7573874876278914,0.3522788012569278,1.2936608470045656,0.677953990966596,1
0.8774854326039806,0.28194339129875523,0.6779043446297718,0.07086545112963974,0.8748582869127703,-0.0320441008677127,0.8777869655219422,0.6083372847477937,0.26570812888992423,0.7127583720371545,2
0.49282236284009034,0.5868153791166951,0.5752993943371281,0.24671675974514942,0.4866123366594092,0.14586316724709167,0.9583712064679679,0.43258688213437413,-0.13150944838988815,0.34883238229135627,1
0.07114482325742616,0.46416384839164904,0.6969495891263041,1.127966295477182,0.18764886684847032,0.6495960164646256,0.31482982922039093,0.9540290712395595,0.2999150269401622,0.766265226865566,0
0.5074761076385161,0.8151425202219311,0.8577083521773782,0.4954831010255831,0.7550785512393865,0.8096519380940078,0.5532649975806179,0.3524324530227058,0.7534023768266858,0.4489936718246859,2
0.5609778643248032,0.22409299765156443,0.3324526168517828,0.014998818010002805,0.08195850018194756,0.0654703655197821,0.46247352638548794,-0.06892128947032689,0.6804700603432807,0.3776622399451826,0
0.6525029058593941,0.0718476993687201,0.6121230234469479,0.15304776930767383,0.7477479158248038,0.3095362479966086,0.551902305200589,0.21045240364237972,0.6377321826661355,0.2623998736227703,2
0.40163995238910627,0.7997566701464899,0.03249930190599167,0.3122062799342939,0.6280743808817939,0.1749497374925813,0.864009911542758,0.35935409376872574,0.6553978860129402,0.6347854211480658,3
0.660715641402941,0.4970261623678037,0.5996550749390459,0.6819517880313846,0.05640600446689958,0.5123434863790411,0.7480255076385648,0.5338678716140041,0.5501156599266118,0.08064257491907904,0
0.3010075193922057,0.5700582249369924,0.3298748111929854,0.33013370660793995,0.16201466165907127,0.5865217926344188,0.2623591545064832,0.9686701067946643,0.09146008113133205,0.46428592573186145,2
0.4076209452795094,0.27566714306341356,0.029388125732159945,0.7664745329625164,0.4923562390683648,0.32569827540727,0.8397613187379711,0.39070936240598786,0.06684398098584275,0.6616089456090347,0
0.2809842124632435,0.04414673862948187,0.05845919345723466,-0.024056143073821812,0.7270515183989715,0.4516191831113857,-0.16234147705832228,0.3066298120067466,0.6841684163764727,0.606115085542954,3
0.717150665163994,0.06049742421206704,0.748038798440388,0.2189408997925226,0.0015183461080047062,0.8579351145265143,0.2692211680201837,0.6032923546410476,0.30412325069683344,0.9590756932931594,3
0.19344434741016714,0.5079425860888062,0.20789677289646138,1.0927348990461538,0.5079665881194436,0.7656593715511898,0.5242345161094553,0.6135295176013985,0.39127150157005564,0.603463369122603,0
0.7276820174045888,0.1114222590920892,0.7241187640870164,0.06725977199667339,0.7685600502484172,0.36757536182981004,0.6488819093469365,0.1012332081031071,0.44474777816732963,0.4487151147580625,2
0.7257277540615039,0.04853939733303249,0.7469721765874384,0.22314713150127247,0.09115810686329184,0.9471431201453892,0.19061911940983234,0.4847474792914522,0.21363573369174724,0.8899829691082687,3
0.3634642101188683,0.1904443621706626,0.11538017464266158,0.7128529551221252,0.5643161493334286,0.2995382796039862,0.8035337949660846,0.35136738680649543,0.058637035647372604,0.5633945643235394,0
0.7481555041249861,0.09813120290777408,0.7287870719898671,0.26460030772784077,0.14607689867787937,0.9562709259306861,0.17747658345093917,0.5426387906726868,0.22902545306817154,0.9328690030276184,3
0.052813679730657086,0.15145697979016465,0.5293625319546196,0.49867218906298577,0.8757273582359881,0.33916174640921337,0.5149696471786247,0.7392033475694163,0.40086791466233196,0.16031660992047228,3
1.0177922745447214,0.5078085723346035,0.7581038146490491,0.3928736773016556,0.12467583529332875,0.8822496617819846,0.42175742334365046,-4.575290502146015e-05,0.6563174563257324,0.987961124096906,1
0.08540324021258697,0.14841984868669378,0.5271490812350099,0.1641819458850157,0.8054403133597782,0.5122974225757433,0.08505435729617108,0.8011844040537939,0.8424400275638592,0.6846670282098386,3
0.3175875083721687,0.7063829837421034,0.28138629671173465,0.928636591171599,0.6345002063453044,0.7036799893569775,0.7473474727271577,0.44415445578169843,0.6893587566258512,0.6631270846752972,0
0.9421898693375722,0.8178942918456459,0.19057677710649942,0.8073623567659349,0.6522224847578785,0.293318655848121,0.8769497667332087,0.06334698826515614,0.3206200707953444,0.3728500243237478,2
0.8039171459244364,0.585978612825026,0.793760704447713,0.373519210478166,0.6396245835078423,0.9304872166946786,0.27804423434865994,0.13900187812433837,0.17919172340743555,0.8507580253946285,2
0.9631124698145321,0.671299342261425,0.6110071675583328,0.8523635318644113,0.29529303338105667,0.6641882738629606,-0.12317735539637065,0.49169400758803294,0.045108150956909746,0.45950768752385535,0
1.1760992030868027,0.3820781102235464,0.10612032788995807,1.1927717865677208,1.061052433416706,0.4319656546631113,-0.04629976082582721,0.894122174982569,0.4967150115423253,0.2907453533711512,2
0.8565624124794547,0.3164731773586414,0.6899309580192123,0.04793745757181526,0.9125764653031565,0.027704611983929477,0.890485653634149,0.6603102255046228,0.2149466723003134,0.7508823208635074,2
0.9875149620291791,0.9955680580776883,0.6545417153175844,-0.0007537339643280006,0.08587702050963189,0.21739761712937958,0.038866388675133624,0.7458357721695672,0.9757761489251521,0.7042989630263123,3
0.88583255517597,-0.15438318809551188,1.7486201005945392,-0.192813472317379,1.4098203681013977,0.0015844150303188642,0.8124073557734566,-0.24594123091509135,0.5728526150832239,-0.048900509167802364,1
0.5848031730687073,0.28855526307634316,0.5988595401317323,-0.1382606855314314,0.3701014347754691,0.03366028795402756,0.5338773987621191,0.09154165895069742,0.5214046307083585,0.4866682507458779,0
1.178481641431384,0.9161368705501068,0.5612631720085305,0.5270398998386372,0.7883782678791212,0.32385181811105,0.461601578868859,0.16653778166565392,1.0221062255782962,0.09553823079461295,2
0.4590401554337509,0.23797007718504587,0.5293319049950077,0.11257354046965479,0.07683561880460377,0.06265749147896994,0.6880006028287915,-0.17149986053823998,0.5346331507073196,0.1910550844289423,0
0.4823242241739247,0.3141201757361028,1.1017541256888086,0.4860974375187103,0.7123012785181798,0.18844644037057162,0.4557281787907264,0.32798482187307204,0.7415619042001425,0.5713510919206908,3
0.1852165323152659,0.7695587510430923,0.18928119337131283,0.925129929485665,0.5932679821849103,-0.13994664741922427,-0.2049787265679559,0.6651879625023864,0.2555256512173239,1.2280931282781016,1
-0.28029722009240765,0.500096879989246,0.4230687599644824,-0.1387457999601055,0.6729077254925271,0.35641588093031057,-0.024266615686958593,0.6173087390069877,0.14487527192560443,-0.025704382654178015,0
0.7219661983015686,0.2961916628046465,0.9256016399634203,0.4284067791503705,0.6905109348526842,0.2775208618451497,0.37193798874468215,0.02971384642273786,0.433254189280486,0.7649454901475815,3
0.8032455207592574,0.11329036434578196,1.3230794020673335,-0.03600785952661828,0.8075907266470175,0.5578015023630872,0.6496444905100889,0.4582352663278282,0.7723236733096364,0.6023493385060723,1
0.303219110834153,0.8589531462032489,0.4052184409309433,0.507338546545409,0.3533950965369608,0.49999449160273474,0.5433803230221285,0.1535169695772141,0.26474851919921194,0.0289015526987374,3
0.6586445717182254,0.7113349986281341,0.3347813561595545,0.4557701694228779,-0.12941396540832756,0.030542675452896028,0.7060053472968476,0.348037043377896,0.2878119826315284,0.9072641991638953,1
0.27537968814824104,0.378315418914349,0.9201933325088268,0.7190197534666701,0.033320396869303416,0.17183982155215838,0.7440210284893772,0.634065982038043,0.37781905553124706,0.8313735080209586,2
0.9381750049193381,0.16616169968050462,0.9346485703215519,0.30273836648505337,0.3811933291479647,0.32626059893584736,0.3947745138518619,0.5306471019079486,0.38257921907389314,0.3136995750494477,1
0.32193321748788883,0.020915467097686546,0.4846308037411068,0.9430628123230989,-0.12402274982935185,0.6736782735850189,0.6544851045734251,0.9116012209062723,1.2066429795580822,-0.10215007401592197,3
0.009711338739039782,0.6147244413219218,0.8164420183119947,0.22377203232031945,0.7309228002508322,0.6790086447242755,0.5305515968028762,0.08587541468188516,0.7754041032961643,0.01526788349679422,0
0.4535878404461303,1.2293594985248297,0.9255001016043309,0.44321849986225353,0.08981371392803955,0.9995285533165417,0.26081906846560454,-0.07454132305388922,0.4422436997315571,0.26550478495470897,3
0.9202840741238355,0.8116283626896028,-0.009772981766726058,0.7788585879700871,0.5768816419714548,0.46514620497469605,0.9030109165830307,-0.10235200145490454,0.35808666984206083,0.40567135511290736,2
0.9891812794100465,0.786587364078484,0.8098914599247892,0.6396236024958596,0.06569244419033674,0.4666079842477521,0.11400866282819769,0.6915276134577915,0.02947448421502851,0.4595026570908794,0
0.8642618893900663,0.8629753417243524,0.14397659619852882,0.722280847831046,0.6174460277390922,0.31410088991618773,0.8444644014106514,0.0043583588994844935,0.3566019762359081,0.275240283634413,2
0.011434512884611387,0.6156602063148723,0.8175423609771889,0.22473750081069807,0.7292210146557975,0.6779501057527653,0.5295046560245632,0.08272056498447627,0.7797878481632159,0.01562723722039935,0
0.017678492375988286,0.6118339008500537,0.813085624318575,0.22271528921602363,0.7303215667779414,0.6763992681569377,0.5291594355740985,0.0846062164289956,0.7818071849700778,0.021659922731277932,0
0.06118128514529572,0.6603509166921596,0.05286809542768585,0.2632304211656219,0.8583502631612133,0.44338245852924435,0.4319545060533329,0.3457940000635101,0.22005856450034497,0.40790595853357126,0
0.5103780046273693,0.2747958061923975,0.9470588923744505,0.8354427958026862,1.3161256381382054,1.4146114292233904,0.3918550225002385,0.16312923942268565,0.0017999263346403227,-0.36124485072193646,2
0.6186535856197793,0.10686540112314302,0.7032931379527182,0.23570993503632276,0.16687102550445776,0.9545886957336811,0.1143339920276915,0.5644532239978762,0.2365412686102723,0.9377984200272877,3
0.8049039370375938,0.0019490414960619262,0.6883921797879655,0.30931983355217674,0.16333083036001556,0.8870212274137377,0.2612991963669494,0.45243760981189984,0.24762686597791536,0.9671345929658488,3
0.22218258948257008,0.9978333721101338,0.7564376852688858,0.23209860178913924,0.24014076412861252,0.7097608527302881,0.6222146878522501,0.42654764287588065,0.39792363237930406,0.4569657588750051,3
0.6842708970657562,0.02047255273422715,0.7250765340814159,0.20603453010874268,0.1182685692750229,0.9404081368938176,0.180656811507587,0.4485527651764008,0.24144950761815814,0.9073095863670246,3
0.6520839142620494,0.26480428969063435,0.9557080780019976,0.5300884977081417,0.042954962854422296,1.1155772337497014,0.4966996922782885,0.6249040162333538,0.3597354307800328,1.102458733769151,3
0.6014675396934621,0.3571132925186665,0.18725708695696364,0.48236719561770436,0.7457675024939492,0.41798688651946625,0.8369046817521512,0.17275332369612692,0.058993273764880366,0.8283580863821535,0
0.7156106122059647,0.026458126725044717,0.5271650601202894,0.2257155768726554,0.6896906140723847,0.29541226799186515,0.5451986685855417,0.27220100721548,0.7120591779586178,0.25930297485387793,2
0.4941125287187853,0.5692342077728403,0.22981039892812904,0.7133149914858661,0.10914313262834724,0.3050921183675641,0.7980928775146733,0.39596202723390683,0.7163410049632004,0.23295806585007037,3
0.48642624515739297,0.8967012203114364,0.7978095440212488,0.4543286378268435,0.7141878939445057,0.8382273138635904,0.5925917996110656,0.4126244881463257,0.6572491906093606,0.4844638165213831,2
0.8834027283635268,0.29967127542525884,0.6535583579350797,0.12960160415515348,0.9161656704300379,0.09490407375410247,0.836979276967353,0.5809933571029081,0.3120239174219825,0.8622031134999824,2
0.7081934862813839,0.2605193848258901,0.9202484310344277,0.38407098747349816,0.6885802260935,0.3738999311512313,0.3374449366214196,0.026803498684320647,0.5438807612304958,0.781952689211958,3
0.8366920896587297,0.2551449553451963,0.7551121670743255,0.036768154597990925,0.8561824244415102,0.018835566050430304,0.8687872029016235,0.6075811687580734,0.23594739895353312,0.811748583141969,2
0.9720081447994529,0.11298617887339925,0.5960400294289926,0.901892346916229,0.6888456089700232,0.8613419692689062,0.21086660205501634,0.8877529907843841,0.6449955660431853,0.2191048864526499,2
0.4008183170758673,0.7309791473722902,0.7298867303681102,0.23401341024372752,0.5107574459975647,0.29191023365954427,0.6636071168229056,-0.06502641140109072,0.43970507643851814,0.8716764265540633,3
0.9967308568372101,0.4871807001271674,0.7378093415835458,0.373867870513373,0.1192918422852245,0.8685294784785321,0.43175805431688197,0.007586965385423606,0.6711562664339547,0.9962181801439167,1
-0.09211832864515035,0.663737426093601,1.385400188830622,0.8079699475843367,-0.21706799398298984,-0.12097138918690103,1.0076153613172676,1.0611829198984633,0.21291260204885185,1.014880471317276,2
0.2397587110795354,0.19874833016472823,0.05738554042040936,0.6482943122961371,0.4600678880489787,0.3611706697120609,0.6679642127490996,0.3864723753725118,-0.08003122257509449,0.6403626749357627,0
0.16271708077472086,0.4206003853815487,0.8384403487298536,0.8645110358747703,0.025128108450620662,0.07978338255059349,0.6367827148114835,0.75280285943737,0.3321777236197928,0.7635598216208636,2
0.4495918570609391,0.8393715007345482,0.0762422986021019,0.3177009068439701,0.692679297081139,0.18544709375707905,0.863565437276023,0.34738148773564687,0.6648407308316793,0.6368180487454391,3
0.7357399089525011,0.3308846541210973,0.8567457769496305,0.3620265873666241,0.7262112678846525,0.3000240632011514,0.31691061459795355,-0.053295987340256326,0.5243613833415686,0.8408679145332106,3
0.7932356232868686,0.20864228578167446,0.4494227747033211,0.1768724637286224,0.7159257208835778,0.21950132484066548,0.5006685130059746,0.33936778799025785,0.5159033258955497,0.1166487464001851,2
0.6275804961791152,0.899602464576841,0.8202905070183378,0.6966707345309306,0.6681107794710316,0.04947436409212841,0.46672815461700423,0.7549895185524651,0.5567574384009085,0.9092616104021398,2
0.6621529566603244,-0.003693497055761205,0.7725165142767788,0.2263604984248564,0.0856556157544834,0.9417392687958344,0.12319830838678658,0.42995577021721987,0.20182972399441543,0.8842332914502736,3
0.9668013993485397,0.13424290900984898,0.5657812220229398,0.8693735349878787,0.687392128477735,0.8384428542821232,0.22577321245773854,0.9262565295580194,0.644285546357549,0.2536018591690672,2
-0.04403605197251832,0.5317848529767744,-0.10398365545589444,0.4007879927461847,1.0265596983757557,0.33144985523546056,0.5421650014636863,0.19717311409647742,0.21852983045723884,0.51896987139163,0
0.7576196477711723,0.6118494675752235,0.3945992202797042,0.7620557847470917,0.22135304984991086,-0.045051674827190566,0.5332935491786625,0.3381838135228885,0.2821334214447294,0.6267783730319043,1
0.9767837015393378,0.9952847856382693,0.6651368295691172,0.021970629819709448,0.09914982834266256,0.23322517856396108,0.03465146871983978,0.757515223835332,0.9611560538969794,0.7121298771251231,3
0.2205336847590849,0.6146257848497645,0.847023302689565,0.04822856503258349,0.8106519790897025,0.34474157059887917,0.6507685393831253,0.5530545717614392,0.13944424795298116,0.36003174736959187,1
0.9716749233396168,0.9999515847580954,0.643053444144591,0.00235002059532734,0.09112649939312817,0.21793492457900898,0.02293331535533095,0.7516156377529183,0.9787450821338195,0.7006606004381908,3
0.8898792986488511,0.31367356639623123,0.7063309328402514,0.01442269832516158,0.8951658364336145,0.008750471271028668,0.8853711729567525,0.6443778403871283,0.21904364610812027,0.7757348150981191,2
0.20424694056570675,0.4200465034640397,0.5792635608576702,0.33851452100697055,0.6261383930009629,0.07883025850430991,0.6728320215060077,0.5984357907185409,0.8399629335852146,0.18987341844899908,3
0.6045131438781822,0.019640960066513294,0.7116183650063572,0.07108445814228995,0.8782264576133474,0.330578719899032,0.4172883076048654,0.08317548067786247,0.40336461932197293,0.08329384969810688,2
0.4499934109633709,0.7313366046490919,0.8461172768175479,0.5779279557894992,0.7350553886044288,0.7285573100513597,0.47843505226818694,0.4003827328109424,0.6510169833529851,0.5333501659595721,2
0.45081498677224735,0.7643142985580612,0.08155999858597406,0.36421563234012044,0.5959640025086568,0.20918946480207862,0.9413120802401393,0.34533653022357463,0.6679141682326116,0.5803594896466779,3
0.915079356255758,0.536467081718374,0.5916184468944029,0.5990927226380283,0.058663139862867815,1.0553351036338334,0.33959062057743894,-0.2238141539869243,0.631162064858317,0.8221646161637756,1
0.8417943383031539,0.9882376525911775,0.42348880867797445,0.4149484562221615,0.5360405332906333,0.3537096484538293,0.670348875144585,-0.12371103557189042,1.1056359506380131,0.21712753335721244,2
0.3772251916141272,0.23143096922319067,0.4078845387460173,0.923615068490319,0.840030455420999,0.6783699575237119,0.10393843857267471,0.34931916357877213,0.4295816195226456,0.5206685416005232,0
0.6982475750501778,0.30277889311541406,1.0039495915583032,0.3764229314175119,0.6641690150806699,0.44758392178573175,0.40594533482266204,-0.03335572852830915,0.4956885804929944,0.8415911611345105,3
0.5798869376607554,0.8365132085161986,0.5788235673249775,0.6856115637133985,0.7394976707117509,0.3697820172377648,0.4466619565069902,0.9881832178354144,0.39739187758569844,0.7232744561445721,2
0.5938603959133009,0.48350548437147695,0.6552483415350684,0.649519885027002,0.983650118172642,0.14368294466792264,1.0380749443155661,0.31689807637919326,0.24436907685057538,0.33049485110046095,1
0.9282900358920996,0.8972969788686033,0.11652233613420679,0.7512092122113359,0.582677780748885,0.34565946616648907,0.8844016428595487,0.004949717927263496,0.2963649217418665,0.2927392752507661,2
-0.1864348564707503,0.7090752232522195,-0.38551567604249254,0.5781717053351594,0.373463092036188,0.641742355057091,0.41858218917516143,1.6991932733424755,0.8574848558399225,-0.22734044976049816,3
0.9933650427655252,1.0103599488239745,0.5862277671629263,0.5511900354845176,0.8334771991193696,0.16978960380440922,0.4162454199480299,0.12685309618818125,0.8646403338344751,-0.024614829601015166,2
0.9688094585944457,1.0110865185637674,0.6345359200487595,0.019230794606340675,0.10375517929312955,0.22528389744334512,0.03924355290113431,0.7605628915078356,0.993243514896793,0.689947087634501,3
1.1269566403446103,0.3679518826165251,0.619522666718662,0.059861768690022216,0.5702949061211948,0.16959229847770357,0.2683199290232511,0.4988448329694084,0.5899688202952204,0.703186018893684,1
0.007173949428447746,0.6145931568605161,0.8096802312552007,0.22773431478666248,0.7348866541079196,0.681325215402777,0.5353917822652176,0.08608050447770638,0.7764536015204136,0.020655495003698864,0
0.9732713408046586,1.000959680212209,0.6460194236958027,0.004824686214456756,0.09778071329522467,0.21243863346923722,0.02994961996959985,0.7524906064383436,0.9814418885495352,0.698540987793488,3
0.9593824196919951,0.9157838921352982,0.04927888981957988,0.7604344125243537,0.6011938811090374,0.385336746312239,0.9899810035224949,0.050894899020992236,0.2826776315449779,0.401378865551555,2
0.8045843432685276,0.2164459453140451,0.347838391234309,0.23216590251928587,0.7098357254980532,0.5225920263753632,1.1976135773619294,0.12574252334650332,0.024358820471885423,0.9049520194155989,2
0.8804337411937576,0.30062608901511007,0.7185075586905063,0.021151539476659147,0.8829758855556454,0.014544951587001984,0.8809704143440125,0.6715958804810451,0.2340693561387366,0.7641416783940417,2
0.856702972406409,0.9336091022777988,0.1901542177380866,0.6986381326349689,0.5643459854380951,0.24275421826614207,0.8111676687222815,0.004578586642333623,0.3225640460966598,0.2663656744474394,2
0.1659620058068522,0.8928911540707124,0.6323534309119264,0.6901288362336436,0.6969070842418621,0.38207608528215964,0.7708524765123808,0.5480099812320155,0.7658912528615691,0.7448885693123632,1
0.904939814796843,0.8297303887671059,0.2502880087416739,0.916839230592804,0.3616077195563183,-0.1206359286625314,0.7090502791282656,0.2718215690346372,0.6198962727688309,0.8379941202619008,1
0.9077356125736664,0.9164735350674731,0.13338687390186643,0.7668861285881531,0.5674189883316608,0.3152558592656914,0.9053834365613668,0.028227116288663864,0.2982380617152393,0.3273051191234635,2
0.9196901757009055,0.29971631330664306,0.685851341143319,0.08370667784545281,0.9169539373534444,0.002857171963252511,0.8309152202819284,0.615410145932989,0.2740084366803234,0.7216258163137654,2
0.25975946705722647,0.15176554794282407,0.6711741846109536,1.1296047497310224,-0.12746833614514297,0.13858783448509004,0.22154266213508056,0.2669269946792422,0.07492963378866707,0.9695155362129124,2
0.49436820669971376,0.8481214061298643,0.03164629558715418,0.3453351564279524,0.6414462536072776,0.1769797616729644,0.8828220794146767,0.20253493190686858,0.7875204213418797,0.5726820664135539,3
0.970666749928566,0.994997486083712,0.64679618483121,0.0005977163728148795,0.10114417861594827,0.2114247036968531,0.026369448094225464,0.7521990094526133,0.9839370322881539,0.6963825695853437,3
0.8486979272706433,0.05134506008206197,0.1256177879406022,0.2995358116937859,0.4843992053004335,-0.09570693016945847,0.30214110377972137,0.30349254002820447,-0.060666433276771015,1.1163629558695223,3
0.891725448466631,0.30211586172426574,0.6954142421568752,0.012764395101709035,0.8871789853065828,0.02161175718771485,0.8625382360492613,0.6376268310397026,0.20009467592581162,0.7660524488963115,2
0.2750858835840155,0.5550627789213565,0.573686199587278,0.33784412353724386,0.40576261810509023,0.8943916726035914,0.23837029738786875,0.5102843068831541,0.3336741646234326,0.31080285757829534,3
-0.05988310978267869,0.37715561216572907,0.6001123110898166,0.33563682108676524,0.40807677836393674,0.35403135545062414,1.0416576846857921,0.6890662483023654,0.6145578257462717,0.6451565079809001,2
-0.41878009133565025,0.3875982362831668,0.44237816285907194,0.32972217967054684,0.3886003805708918,0.2746633796654179,0.6010701546441601,0.280011208725122,0.5352567310976559,0.47792353319305575,1
0.3313212293750305,0.16543085617889153,0.08594063218804086,0.647010828521749,0.5440928663672805,0.2972573820722636,0.7312829066367064,0.3251370860480762,0.01122258749601348,0.6195878339969285,0
0.05272513636992818,0.320043861331081,0.40659343122374164,0.9597418697924532,0.4288773192557189,0.8005579186254148,0.4789089235245449,0.7380896843609164,0.5470827649318748,0.6818397242604929,0
0.6818906581749695,0.3999181622286202,0.8393391995783753,0.7609991584330777,0.9062473828911626,0.16253667195805238,1.0718271852618209,0.19967416457049533,0.2283486959999676,0.21724852129944536,1
0.40420431543650065,0.13524389410994478,1.1092552146972907,0.3715276329335715,0.7455824762552796,0.12583223053597062,0.20069472500069324,0.4535991433497135,0.8678034535430947,0.42660392608674097,3
-0.0828447546015193,0.6403657774525761,0.9605789099504198,0.8830772370869094,-0.36824485357404413,-0.2469643532775948,0.6965207410199106,1.049303854035261,0.6712916278670942,0.9424418157990763,2
0.9755823781135265,1.0009108812401961,0.6459684343948218,0.010761046461775914,0.09600480369125172,0.21811514501987248,0.026378182373900536,0.755014143588371,0.9860478874697628,0.6982850485270193,3
0.9355250877754728,0.6381159231609339,0.5816786045531703,0.23230286770868405,0.059391836631590186,0.886159545640104,0.4279435602854715,0.0031214617953307837,0.5336036870025357,0.8565510823601957,1
0.8013231356472649,0.578599572883554,0.7833831700718802,0.3809926313052151,0.6415742601027,0.9345461758420014,0.2875868052525813,0.1578851570211132,0.20076163184406992,0.8533870366360855,2
0.24405111247226016,0.2673502967003826,0.2715036417595728,0.8311556261307258,0.5272833819690904,0.6625133926543888,0.501143576588302,0.5874044995925969,0.6089654076772217,0.808623278958801,0
0.833181491070851,0.8709239837003896,0.793599633829596,0.5136449297502573,0.27797429580147404,0.585905012278184,-0.05795135156306874,0.743075521652362,0.10458906852637104,0.5531492573850695,0
0.6272319639119848,0.5971095323896123,0.4026562793576593,0.7961208003118073,0.10977873860681694,0.33761150054087397,0.9011928703152632,0.41160462966857736,0.6832305213429206,0.2341766374275264,3
0.9319183375008707,0.8928772932240956,0.48933864467449767,0.42914217566539936,0.11968541209601383,1.3570893882694819,0.7388821015151729,0.10215003964562722,1.0753730920646134,0.32078128608795503,3
0.1792911819879885,0.3185608899995692,-0.531493213512653,-0.3558722540977467,0.40708038063862984,0.0961439265032345,-0.2978800418077213,0.5104835038396276,0.4455188027723733,-0.2615220239252505,0
0.7171001922107476,-0.261995326029673,0.6260299855354632,0.1252818619706315,0.16239986770964865,0.6090476952844495,0.32699399207306995,0.7831620222445638,0.17443948944374754,0.3249389321913474,1
0.05507130325831311,0.2358008975912325,0.4319290311614067,1.2151479125431461,0.7337586924465633,0.5983268404117452,0.11549103754493295,1.0790584221205464,0.844432815850977,0.518723868476628,0
0.6752388023680751,0.24047119434115308,0.8501261051261481,0.8535093877189681,-0.4590756321479329,-0.38453757704341596,0.6412858352192327,0.036953251294905565,0.26492325959367574,0.5338554242151349,2
0.861134478615385,0.06743083677244183,0.8895887013193295,-0.01851944105248665,0.3307119982052504,0.852008555393184,0.33921543224808004,0.4632531198482186,0.1309610258105039,0.8984003814309115,3
0.7073718308150221,0.09424369595225915,0.6134701245646556,0.21616181969926568,0.7842991028208005,0.2790345878062718,0.5881459210068689,0.23335578900397252,0.590759951692918,0.293990420313636,2
-0.09284749544234538,1.1437830621502483,-0.3467022495768328,0.553844175554168,0.07983322978644758,0.325728618891647,1.6117590098048122,0.8073712580435142,0.45368872560319773,0.5158674591240122,3
-0.0015246074051898234,0.4443220585913722,-0.16282895101806313,0.11964784830178718,1.0701007518506331,0.3472544792311926,0.23448245371516135,0.15300856758725248,0.33583690058500665,0.48963495823185876,0
0.2307160088405151,0.6821281515117202,0.638396856092029,0.12706171567173402,0.7055742541248,0.3768311851731979,0.7030703176883997,0.5283855079441987,-0.05607230713558686,0.30738271421968705,1
0.624155270603439,0.03789357524438115,0.6922051817314155,0.15894616870862077,0.08963466273431889,0.8754442909584514,0.08380330212496451,0.5954424538410188,0.1531735792205674,0.8081451122388614,3
0.5817949512371973,0.579779913675865,0.3317964737411696,0.3147213845104765,0.7874589513112813,0.31683330165597945,0.35613889670169446,0.08375468943643255,0.21851423910902795,0.21720647942225604,2
0.9113563663123243,0.13105745706741734,0.963018951611292,0.31226336059524745,0.37926105418734407,0.38012910550632634,0.42000063118337905,0.5939841298347996,0.48848108248317806,0.35536946907672057,1
0.9720540569617663,1.0034976489565646,0.651216779061071,0.006211523553076371,0.09420423752687006,0.2124070196901656,0.030475348271573912,0.7502467447124855,0.9818360275378054,0.7000623657578985,3
0.20267832906533295,0.45064837066311425,0.8600912656479363,0.7246277866528913,-0.00855863583922541,0.23648238746295847,0.8681966161679606,0.5740026456200481,0.2851498858159758,0.7983325694503445,2
0.8983428972340108,0.8705127547982117,0.06336754353897928,0.8241915839115652,0.5315037143549092,0.3696663080843526,0.9143152384535177,-0.020670617026473964,0.3192712846425537,0.28897652128350576,2
0.77226406855131,0.03357690939049891,0.7486853796505336,0.2779270128038694,0.035804111720293456,0.8969774925427527,0.16204439776076918,0.5297464623812407,0.17148258834713365,0.91406276444025,3
0.3870025550218436,0.19579817436497005,0.06338098875245453,0.7359519002769742,0.47609058652894765,0.2753806411790695,0.7238211044802334,0.3486956064686634,0.10520726572671621,0.6541460832606198,0
0.013734490649863002,0.6152782560248949,0.8140594527992284,0.22803533209209229,0.7291782329312124,0.6776629413356036,0.5307778744057682,0.08290442944152808,0.7783919815543833,0.019621839205369612,0
-0.38525075546439513,-0.40099857653686477,-0.3553879971786974,0.9163745212398582,-0.5949249557375533,-0.5290550174205633,1.251650333884522,1.5246782199234823,0.14242038369574983,1.0702132883206574,3
0.10901946972532861,0.8973751252681039,0.23670944810136796,1.0981239465244679,0.6284536430128641,0.05566467114452483,0.2305576031623827,0.7703284284093087,-0.00290001618365468,0.8780735217114548,1
1.0096770081765922,0.4953703499484424,0.7570001416783032,0.38635118200972124,0.1399019275939588,0.8618557439955864,0.4151225757749658,-0.0009062769815640203,0.6637607186646975,0.9884615422814808,1
0.5084423931310815,1.036154338297472,0.830182283542684,-0.3048068092922875,0.5219003890451049,0.05762021070442774,0.6430150528489527,0.5135584950503271,0.3254718358798715,0.3103970895147051,1
0.1524948743161959,0.951908193074826,0.6869665455947841,0.4893908965987967,0.8915574739507095,0.22353676987010118,0.9984661742903751,0.3907914477782409,0.7331898764691762,0.6738699342898959,1
0.7893586759793039,0.5968083377399225,0.7727148669573498,0.3907449741246297,0.6468457271693866,0.9383019716501471,0.2999435368204568,0.1610057821891092,0.1982353599379794,0.8649426050967213,2
0.15304344439316392,0.8735787438037923,1.0619329106920667,0.2746691831386677,0.18245865158105867,0.30375783476737994,0.8905982097235527,0.7632663141048361,-0.04872362929727081,0.4167892978658341,2
0.04505785028898648,0.760501773957185,-0.014431222344195471,0.2188800024775501,0.9111905703510239,0.3285818359786629,0.29582591842846195,0.4081136263683658,0.13467344211223065,0.3804191630002996,0
0.01286300475149369,0.6142680066882534,0.8141193808266144,0.22679763174029763,0.7291509586596302,0.6787054895446282,0.5308086314647217,0.08268376713672,0.7791716336697387,0.01832440014375378,0
0.472340540672439,0.594484817045024,0.7936898933391927,0.714277656230355,0.2655941916150367,0.4604800159611954,1.0233659757150684,0.7529895713223849,0.4544506468117957,0.9711833349093866,2
0.5009004042071407,0.82528905176678,0.8843607638830003,0.4777707879030283,0.7581450052860699,0.8204011778315417,0.5446942301053341,0.35750307903107875,0.7427471418926542,0.45882347761046716,2
1.3218990463977311,0.38649645804617677,0.8386096279371584,0.5368414488681316,-0.06310380903653845,0.4185285151474809,0.2854353973124827,0.016735582576373052,0.28297140979952484,1.1382770334420946,1
-0.011641133181172256,0.6288764895887325,0.21890050977481754,0.22874866965393786,0.4387407400872323,0.5575876125915861,-0.02925254362104089,0.47553957328773544,0.3394183054820177,0.16489163504811175,2
0.14170958085949692,0.456201758636169,0.5167545868981408,0.07317828541927669,0.5783702481276634,0.027226510659012333,0.7294114049037175,0.7848608446480803,0.5767719938278577,0.20730678932084542,3
0.0973452380188672,0.3592193135707496,0.35917534300396975,0.9958496052421444,0.4665768012753649,0.7841234704622028,0.46785273817423956,0.7260755843086902,0.5535014900888604,0.6390474909353423,0
-0.005007757003925459,1.0343748930008598,0.39094339699807035,1.0050290879893258,0.7749700284511637,-0.020431263346602738,0.14668358647359522,0.7985399301494038,0.25083079206873476,0.8819280989005892,1
0.07083646265580128,0.7404535506394292,0.0954827522038123,0.2711651039712489,0.7870054125555296,0.33122140605795064,0.4157989030775575,0.33648604985279246,0.1466641426014506,0.4016762886727153,0
0.5030952940020392,0.2004965168825698,0.7815553692502792,0.22758198352035777,0.9103714830373941,0.3960158723035563,0.38864195522321066,0.2273811112526578,0.49317964124918023,0.18323407401245084,2
0.8781295057355405,0.32055581883379597,0.715632852682494,0.040435178386842935,0.8935482996855431,0.007199328485365487,0.8706687655004621,0.6563375365279576,0.2217693049180354,0.7558868846084102,2
0.12029818575301568,0.49331360815053105,0.254064378749933,1.1359545403330205,0.4988591935802057,0.7787571976644071,0.4965640718156652,0.6504395221666608,0.5757541670233088,0.5184811200979953,0
0.8417083727117203,0.874089290677813,0.13325404479758546,0.6899698783730476,0.5853611381681338,0.32563463742767457,0.9775029380503473,-0.004810752160272859,0.25025948520332914,0.3112707368873752,2
0.23834826646728166,0.6345281691590615,0.8893561078257937,0.05894687238188672,0.7430904046443862,0.31631854533096726,0.6295165259629102,0.6599566802346939,0.042424330261930654,0.38813450843908637,1
0.25262400926809747,0.1371408067890681,0.2115907664676367,1.2259369475668762,0.3216319475395961,0.8365567516563776,0.28600758982931396,0.6253457590505371,0.568856903751561,0.4414293644222107,0
0.8076365335622769,0.5760843910829365,0.7878287099189917,0.38100142173599705,0.6339569977892793,0.9288800554440764,0.292347343832958,0.16696649864548233,0.18510663731636062,0.8591728554137155,2
0.020502444797175903,0.6492994345856891,0.677594790428516,0.3963193737284227,0.5663363477530231,0.2102935661621273,0.43411467605527565,0.5810078860557335,0.3594426035389666,0.21169834369180018,3
0.948095144494994,0.9121823151764152,0.17869071919522186,0.7156278219575776,0.5554492243397919,0.3587553103113772,0.960762753020536,-0.06258570159992521,0.34136383807723697,0.2957598983377301,2
1.0138698684878162,0.5601768161938697,0.7925617436104742,0.2856782972985042,0.09045018879007322,0.9178696451979282,0.4424140234488043,0.06857626220197258,0.7322507699271679,0.8908752915222339,1
-0.14854323634410915,0.7038691913097911,0.16774701265582348,0.4726198900137829,0.9114476464578645,0.3379653577998856,0.5087687361935954,0.3120650740576302,0.05728520494579943,0.27268425114183215,0
0.07315940286043401,0.22626192022848743,0.5373083765863856,0.7588395736772202,0.1076357102281395,0.7481266486957291,0.5075646172045857,0.4817997988303469,0.35238918475286546,0.8211570733568523,2
1.0578795199215176,0.9885257079612835,0.11936497630606041,0.7899846725634083,-0.09953549681726481,-0.3739570808026186,0.22431893445272055,0.003215614884109458,0.3228372348827212,0.7177007865278309,1
0.15915139027806563,0.6489366664640899,-0.08506950853573758,0.2485513778092179,0.7405652488181765,0.4557918655122361,0.22347001364961752,0.26711774428152907,0.2604550065142156,0.36110044790805906,0
-0.07299840363980625,0.11200929940402596,0.09109848238908358,1.3108503931694928,0.7065959074966934,0.7159706796828268,0.38402879613313246,1.026168588225256,0.32499076828778933,0.992676969463106,0
0.8174825001780096,0.6000684831811264,0.7711638117156483,0.38796101051238013,0.6238658438616395,0.9371080193128652,0.2814800225504748,0.16081793767663458,0.17806202020640172,0.8463803520840433,2
0.6275119146130329,0.13285711282198276,0.016596431850982307,0.804177118603593,0.9330790238577675,0.20677133699262773,-0.07971068871239709,0.5275379621510579,0.5998810734035984,0.3972018369764926,3
0.9215473545476808,0.6081679287620145,0.7140785967740296,0.3932529145527615,0.012766154541615754,0.9068498648461202,0.40148886871954725,-0.04130046746093711,0.7317372300012248,1.1268810149030402,1
0.013881000955904584,0.6159596786227272,0.8134525764307771,0.22612114965471816,0.7276973651963013,0.6796306050959061,0.5318090666377314,0.08243477863206823,0.7761288557526635,0.01849092308242797,0
0.6721494535410221,0.4805307301239252,0.5802588745600545,0.662738915730733,0.055709225622599244,0.5126972464550433,0.7383646587580297,0.543566655694911,0.5443198646457124,0.07310951373363413,0
0.31066554589787776,0.618583484408759,0.26026524019431957,-0.1306492735671839,0.5827782885442462,0.2405162824211876,0.9246802229502246,0.5934880316853248,0.9045888074753892,0.2742361580908933,3
0.07029602564498688,1.1949657934370528,0.5520521513052579,1.6493421325404163,0.18120275092141913,-0.0007215941270187209,0.42753438322093945,0.1366530775696844,1.621407067780643,0.7759824207919492,3
-0.07704712095065663,0.790261027416792,0.1902682408187901,0.9235039951049541,0.7309744499715772,-0.07911040876928643,0.05600617147386558,0.7397140542540088,0.21320648221400845,1.069143148416719,1
0.5840349272512103,0.5614961624193375,1.0055993213930665,0.07887354019918649,1.0449478456875014,0.639860576612597,0.22100975841632464,0.9948757605235943,0.6200625635167125,0.20687603312863403,3
0.7840451506326348,0.773672627532261,0.20112904775168977,0.2060853207321846,0.3445831300273294,0.2972918611967878,0.3087690646158968,0.6453048733316648,0.9013035212942245,-0.43664707322760504,2
0.01222024365986749,0.61230235034127,0.8153696345465908,0.2260688557472744,0.7274481340963735,0.6785538487875512,0.5281204777522034,0.0848677681995355,0.7777941725964305,0.020574208859432046,0
0.6548154968752844,0.1611022069532862,0.521585130805641,0.18295063908146147,0.869879767754129,0.2608379560816845,0.5315046991740082,0.30888869136562286,0.751219472537985,0.17959351574550822,2
0.6440947571137654,0.4345291026124027,0.7499757277906052,0.2237957428291467,0.06031795103837344,0.8174048399082934,0.3966441473224125,0.16231424256173332,0.7171794930414729,1.150494507576898,1
1.04983834683628,1.033387236335042,0.21327703047291405,0.8067557262944556,0.5232032486325684,0.45084060034904305,0.9924266616621876,-0.15215552666993892,0.4150584151878608,0.48872545485021435,2
0.5021242629542104,0.729591255740349,0.11989263452126256,0.30050953863208685,0.7353160438383057,0.11345373945737097,0.9004206126651028,0.41128844073976545,0.6442839350675512,0.6661239776080286,3
0.9269390221568361,1.019855021511321,0.6567688738242472,0.5831413234741522,0.7721213896570124,0.24139102931985226,0.4889045866233489,0.01295965014733589,0.8701574290336772,-0.010357991832233543,2
0.8116793346186679,1.0628006301108697,0.748216698903716,0.9103786497111686,0.9523535633173545,0.1253633491836224,0.48790942406583515,0.18877357460178879,0.6953729728292666,-0.2508770159155489,2
0.7434559560469696,0.7622708786319377,0.36881772562898896,0.40244282691886224,0.8811569516637671,-0.08333372729723176,0.34011004244744536,0.18272301175962036,0.8024492669069788,0.20223577274804957,2
0.3766321767567319,0.9726568517184866,0.9467751589328026,0.6037754076180363,0.9496832274871314,0.06347814960353138,1.1503471982943687,0.4026726562613375,0.9063770016201202,0.406100880472273,1
0.7290870817315167,0.8857184470036138,0.5606663417397024,0.43096643449683203,0.5136307035214942,0.11057214024677378,0.2893546783507541,0.0007520018685290286,0.7317196289606063,-0.12035144577611467,2
0.4953763351645844,1.2791485895226402,0.5149190418583953,1.3634448817889386,1.5008383372484784,0.28877737368187273,0.6779799558107237,0.8914947678249531,0.7022201954459533,1.0423970255269768,1
0.11724154496321419,0.14692683839588677,0.3192841258144318,0.1973915554534833,0.6908449427154864,0.7251585670049492,0.1236119275917752,1.0269466058683312,1.2734170789157162,0.5167683409916035,3
0.06795382151147021,1.0845905078307048,0.8249525896367026,0.4596287021061062,0.8731978556004283,0.26822205647685937,0.9742782178374438,0.4136000164271699,0.6909316086230312,0.7042499556595563,1
1.0865720744852816,1.0035966627698252,0.149777179759438,0.9722203587930157,0.25317323463109076,0.0673836149839796,0.7281527035330866,0.033022453142158896,0.061221747745271615,0.19151495337993013,2
0.12323545761378298,1.1462234122214514,0.5807227899849472,1.15572992946372,0.5656746566936851,0.03406248561007795,-0.23491206803160658,0.666671937119403,0.26522306624927827,0.8343390946847593,1
0.8478656873173734,0.15867289271225055,0.38351470381198777,0.2677026066263266,-0.02925531162980549,0.5801398873739898,0.4798478689187003,0.3584009998918509,0.7824434924347998,1.1833450805995347,1
0.016204489788128107,0.6517861704930621,0.2998056748262783,-0.11731069388654461,0.7677739158677502,-0.02501597312187957,0.8514591709551311,0.8360291469397756,0.6773238725415164,0.2922355039122274,3
0.9732164316834939,0.9273088452542771,0.6574936315886107,0.6682372634076502,0.8351487572712425,0.2247261136929504,0.5311531627395369,0.09517673294927712,0.9635361719684267,0.03714894898707466,2
0.30825287427215387,0.9363868138407567,0.5815843238330994,0.23049489602981174,0.12192985634104045,0.7801108131086824,0.5261715692641603,0.38259423870621334,0.40572802657041984,0.4587132472491408,3
1.0877470820618957,0.38712328878045504,0.4692743476387977,0.9087194768594339,0.8442890198292583,1.0884581009236405,0.08618164103112502,0.8215898862944893,0.8455935919528883,0.2984256294803291,2
0.35166035091072667,0.45937699170125623,0.2904508055666402,0.1344085875650281,0.16647656805953,0.3667989709474583,0.3499868832117763,1.0391031700729907,0.250588196724295,0.4403788095874455,2
0.16931381150793295,0.625127981534801,-0.2946859883352529,0.38267234716020804,0.609112049132986,0.5374656846716535,0.5241274369565078,-0.00259808795542954,-0.19254081819644192,0.11258868803413608,0
1.1299449566408801,0.07959415023074917,0.7716682014911977,0.29235838599317904,0.30712861283245124,1.0439832001330402,0.31768826189262184,0.23552942037316554,0.34852494146884766,0.77618556511146,1
0.4574307522775776,0.2292679925534361,1.0198501054191031,0.3930737235603182,0.6360960188368114,0.297822970256531,0.36429496726369565,0.37309841619594564,0.8391382440743137,0.595963482507348,3
0.9846415921703277,1.0102144723679312,0.666369673341789,0.03722652845199913,0.07595172332189265,0.235330047014379,0.03979802079145425,0.7306835620228698,0.9770354657744859,0.6819076616748087,3
0.7112755455303075,0.5398782364544652,0.22986555277322474,-0.24320150224138187,0.22231875071556906,0.2566430988406191,0.6478853228278972,0.048871305651942594,0.735910543894998,0.5149256298878495,0
0.90689695572656,-0.011013573515161253,0.1798149982356261,0.5270215340551582,0.19527699931863113,0.13369891151597108,0.06236374285352458,-0.012044460748548244,0.1966700578788653,0.7439849707410212,3
1.1554312823212691,0.6140142777135752,0.7208886349171,0.5721754116897546,-0.08126814792276899,0.6714436807181022,0.4143260608248549,0.10384735671982565,0.7378616841032072,0.907880118006922,1
0.2270263885939831,0.43442560272913144,0.37465143192340383,-0.27194370986098204,0.061037795392547625,0.06276570383329749,0.7741764603939958,0.21328860533494792,0.6644355291407412,0.5873961792433295,0
0.06902090150260351,0.7525392766661992,-0.008587240589500604,0.24945196998933014,0.8778813548850736,0.4165752047458755,0.3134909534113535,0.36863411536082763,0.23582686681606316,0.3988636584139662,0
-0.07105737186176517,0.9464981158479351,0.3558120969692057,0.9272887559601679,0.7340762854549343,-0.003305930960630185,0.08714590044002413,0.6509654341541018,0.3401521922743067,0.9273654792274135,1
0.017065902447108355,0.6227229078360829,0.8157231517200114,0.22944912573134071,0.7380611065336101,0.68608448873851,0.5351673327165338,0.08053965347135922,0.7731671632418367,0.009091368489997797,0
0.7691996027229825,0.15119883292498246,-0.008970426514136848,0.8117825165671999,0.8620254730636653,-0.018080536186298846,-0.11558088101913966,0.6669554062006666,0.8283947268515418,0.4647116053868159,3
-0.4067377340735935,0.2992330581333837,-0.12028830592786799,0.6530956581727722,0.683422364636748,0.9152049708122763,0.5708045085780518,0.5703889863258594,0.3726663510874856,0.5245390700513447,0
0.7723688157396229,0.6097700856531042,0.7804173386397067,0.36801305426779,0.6205105838834089,0.9132660396084512,0.31689652299624677,0.13474260919066283,0.2116907111794434,0.8403794261132631,2
0.2886429776572198,0.5744248501374674,0.38506874269681174,0.33627414144856094,0.041267801721333194,0.548476820385461,0.1552317632123156,0.9943582229367314,0.04725515340326482,0.384549689749877,2
0.0018370988316238554,0.19082618829138343,0.4704983286892077,0.5406692766371162,0.8432454714657881,0.3428517834597112,0.449442936379851,0.7693023232170796,0.4128252397793442,0.2162231363665938,3
0.8371728477774545,0.8873511453304369,0.6815134617920993,0.5324458892526456,0.9644317456152787,0.10776646910534299,0.4498893781895634,-0.002906336611336123,0.937529526861708,-0.0008713687246405845,2
0.967478054273575,0.9953564187551697,0.6512123818612756,0.004863480330978763,0.07830302675674718,0.1983296997807982,0.02078544506514504,0.769809130420313,0.9736518372632936,0.6910755433740478,3
0.4463911662096647,0.7091305382207317,0.9980226327326935,0.375944128742006,0.7440820865738386,0.8663739663879103,0.44842802109175295,0.3769610124532738,0.8400278334228629,0.49504615695111404,2
0.6641162833412153,0.008916650033867343,-0.02478353804612682,0.9778966655593495,0.9066512309393161,0.08345403759522277,0.13192342102325427,0.548702245697235,0.7622467565173987,0.3836026035758652,3
0.8597189389292955,0.34245509587159456,0.6551279454043033,0.08246971293711233,0.952580563569431,0.07845302190188466,0.8528764983987149,0.6876404139138244,0.17665453786973012,0.807178458051487,2
0.5127870967325443,0.815373662419992,0.8182517500204911,0.19301928484235525,0.5334070836202921,-0.10485022510037345,0.5467766913358236,0.5461244633964081,0.844397407273052,0.14986219447363916,3
0.6364088389709986,0.46315788755947873,0.6096354313618466,0.6439686301901985,-0.008942464538775258,0.5239621613162168,0.710626976391245,0.537341741702833,0.6106962603478412,0.04904601919702737,0
0.8650187687793316,0.6062409096661895,0.4402979497655342,0.7887821943708381,0.1646897331623157,0.03433030293476209,0.4469292945437202,0.19284550745643303,0.46301608021698015,0.6505974737963499,1
0.05989488623551667,0.15063407484183922,0.5187406526190511,0.4966782240069177,0.8727251259073933,0.338569436461477,0.5155268288878375,0.7416242457575608,0.39721743157884654,0.15837165296536607,3
0.34727355586875874,0.18577883692412403,0.44338033375215913,0.8748543967406437,0.5332829664307619,0.6142275762437293,0.3623789366205427,0.7173025700053056,0.48147191773782244,0.4968490477775569,0
0.4692151242910868,0.27384425902137177,0.05581940680182361,0.7272024072401382,0.5960264804387302,0.3177259014783739,0.6767390790650967,0.3255926980266178,0.09788808963944107,0.6250092433127744,0
0.012469219457232884,0.6130828911751365,0.8147062643794466,0.2266637628701974,0.7300036585413392,0.6794156679441093,0.5310046898247902,0.0818029010784733,0.7788718253349853,0.019787102699306287,0
0.8999283312357615,0.5612451470236722,0.8329521115838581,0.46473753259485745,-0.03535722037312594,0.7688678972247805,0.27561667968221293,0.11206475711654089,0.5454136942603564,0.8680234438328296,1
0.41289336766251855,0.8170519936891897,0.04946845511140571,0.3041018231627959,0.6489954978682869,0.1717837388822746,0.8792322717434885,0.33937082517651457,0.6730578312987148,0.6193063830435221,3
0.9706657688323639,0.9993176321113892,0.6516897523667211,0.01258841739306406,0.09217302675874879,0.21444578531575229,0.03200081957614551,0.7547016262127865,0.9805469283575666,0.6948608279720704,3
0.32598484409627193,0.7830016152135698,0.10520965747062404,0.22804331696070435,0.5626534122805491,0.08545560168526166,0.826140114141209,0.2652658698300431,0.6032539891632743,0.6819423432629619,3
0.44616428447037326,0.7933133713963835,-0.00536004344410855,0.24756500394729247,0.6544595349041417,0.20579829302481908,0.9086665121982472,0.3215447717936581,0.6203437630954883,0.6687010554133853,3
0.7141379743816648,0.979710540584684,0.7917214770166112,0.6464634292968151,0.31740415700433006,0.9025135803317194,0.224648810407663,0.19101153045704997,0.5573529456950541,0.12304119569777022,3
0.7497659052437181,0.19647245388570872,0.1642120181226518,0.997010529742453,0.5566356634330984,0.4673916629239454,0.35683397321423954,0.9257639813586316,0.7901451608013829,0.0375874226727142,3
0.8135807983161215,0.8380635690793607,0.7562775803705413,0.8227745615017623,0.8688955494494532,0.2750061232165395,0.3611809261710852,0.7999881788309934,0.28071085854616146,0.6102395066006602,2
0.0653308886819568,0.6012588228854211,-0.14288575412850912,1.1472929668734624,0.3163624135962716,0.6875581467090159,0.990235339573337,-0.15107167338447136,0.44979439831821016,-0.15785593203162018,3
0.8898998725265453,-0.14941353592725654,0.9018534958039391,0.5236752795639505,0.7172811411319961,0.43680464437666144,0.6412865553814827,0.43715747406395045,0.48925046868305494,0.3262733305091795,1
0.9446967574338303,0.14947236294226104,0.8933242598894052,0.43175471510139635,0.47771580539303793,0.2685234388493727,0.49198413570913485,0.6832857389832867,0.29902619574098444,0.3274905679619537,1
-0.2685585096241311,2.0785364601654956,0.8809023447160633,0.42929138948170525,0.9293599845213186,0.3902706481850701,-0.3625320982052271,1.0961388579852538,1.4087986327487823,2.1979447165076693,1
0.8115164033980925,0.8558718645937816,0.7459353519918843,0.7916341768682277,0.9100431899318585,0.2638929950502924,0.36029643658323385,0.7838063355411128,0.32512858847099424,0.6013554509019163,2
0.40992167309030914,1.1316253717318427,0.7308468884621476,0.29076763441303366,0.8854572438799321,0.49141336700591254,0.40372777079173644,0.03638482850592899,0.5302808073562342,1.3011942648335428,1
0.25917079730341563,0.41824168892034175,0.9215740972725732,0.7349428949429734,0.005508025133867283,0.14626152515657592,0.7638508857506014,0.5941935069450279,0.3737407475332009,0.7862718330717142,2
1.0161812789765314,0.1294501155779758,0.7205196855581362,0.8459666126755798,0.5670412182693664,0.8784535283361105,0.38434576069243115,1.0483199266405214,0.4889171896468347,0.13496829567528068,2
0.6656384411104699,0.03329631768489684,0.746063525749349,0.2979550863599329,0.07671723144378466,0.8897897463705621,0.23328194290717452,0.4203279316978201,0.15402771652071864,0.8415260326055021,3
0.6330892495205294,0.5812228564495016,0.31485151138514966,0.30439327475789685,0.8223528520487478,0.36148824683811337,0.3431297267186426,0.038647132676046116,0.24620014329999693,0.17646073353565167,2
0.9886042611791312,0.8741345896421779,0.6503539375835019,0.7892671675989069,0.2548821403764455,0.022000709777018138,0.6230114475489988,0.14041955982577492,0.5688249061939388,0.6257098591823109,1
0.7663290337649328,0.5481790734923142,0.7338832333796349,0.40314331441635115,0.6311068243661494,0.8808271102175729,0.31354667981546236,0.10817448522390732,0.18184099960622893,0.8125815131529599,2
0.0485021503051896,0.17590036488511185,0.48298868900511976,0.4922784230668912,0.8537076288901028,0.3088119700453555,0.5290094867158637,0.7373865539703135,0.3978273207727054,0.14953600808360773,3
-0.055215127173817824,0.7243605167441084,1.070124355533756,0.19027137048491405,0.8038379822780355,0.40961000729248387,0.9079589617289511,0.4597708006620337,-0.048464604602984296,0.5511048008080355,1
0.008115468958253373,1.0242916638917523,0.19619849053925326,0.4972911506767331,1.1677028265414147,0.8196101985594688,0.19758882518575954,0.7359940705357344,0.4979065067937635,0.25174595313901427,0
0.16706425453903911,0.470971405480402,0.22304475662549325,-0.33845349029442306,0.6565118968697652,-0.09456291085129243,0.6152617193356347,0.23236559713054233,0.23443718076975992,0.17795341790824934,0
0.11977221456526846,1.001318154310663,0.6915147952153784,0.5223725855356683,0.8345005412398624,0.2138656238478867,0.9390545426200306,0.34579969280959516,0.7185036286731853,0.634586730897363,1
0.9756331564334912,-0.18316551781480644,0.8945927051476139,0.6108282207190036,0.5639744373211235,0.6214731333299244,0.48416931291832754,1.0780983794863874,0.008039939020011655,0.26380966171941056,1
0.3466505208431424,0.49981529472049824,-0.21385773308638034,0.8966452174793224,-0.27089202258219824,0.5288042650926297,0.8912760255503456,0.8234610149894297,1.0058675430208188,0.37997162149095187,3
-0.052344741794771665,0.22645093955857354,0.5437134156300442,0.42755321711760347,0.9571051756846861,0.29622100823894365,0.5282883819950459,0.6792897618049585,0.3030472683342198,0.120586839327647,3
0.06407733841650382,0.6838700363445973,0.040118473036406914,0.2433744305188031,0.8614895690739014,0.3988530370511747,0.3582163681078898,0.3461451606336623,0.15818054299164946,0.4062853548484355,0
0.045254115980262084,0.08921087012588462,0.498467390524335,0.2620750419332395,0.842732820991855,0.39179212078538506,-0.021724156851990577,0.7367750839921816,0.9239169842630325,0.813361652547429,3
0.4756657697798807,0.6511911435524951,0.24330216619281733,0.749897871918001,0.1269363694935482,0.3974896779551886,0.7009878148673486,0.2939976365052975,0.615784266404937,0.19957982096206636,3
0.9250564088685933,1.2153141620470715,0.36970049172182473,0.927674503763986,0.5002594101704623,0.24318631289654022,0.6314720848586461,0.3200037971486115,0.7113411231155047,-0.2160223423405672,2
0.5825048969360302,0.5418034929160215,0.2888282823606825,0.2662905004073042,0.8399062003912113,0.32915272769597875,0.3655546990176523,0.08601050171839272,0.23546700358049863,0.18670655648226864,2
0.8324453567243455,0.2258806730150048,0.7371992858023804,0.131608110926332,0.8425110382803759,-0.047731550588368296,0.7805738888914449,0.6342774014821665,0.2832105947608514,0.7259997010805367,2
-0.007951660028998254,0.3855127479223013,0.553483226907427,0.87643310366549,0.17434968475291773,0.6012969800357226,0.6501487078982886,0.5393290454645104,0.4191446675214812,0.762452564703525,2
0.04668053217321838,0.09695106003787321,0.5896990116364254,0.4207128183234126,0.23730165620754717,0.4151946830522144,0.9815671484796139,0.7478559180940609,0.7385760174425889,0.4671406710669861,2
0.8687861670374935,0.9582956632037191,0.8096248043147773,0.8295346478489527,0.6844150979659248,0.08795817858809646,0.48425985719335385,0.2526757209440929,0.7801101943784414,0.0550870041192696,2
0.6003204745332739,0.16616171721752246,0.9896203279261444,0.47872392949573256,0.7680458447837365,0.3143302557463879,0.43627070148406616,0.6036971866329316,0.8925718763884458,0.6541806957229123,3
0.014294770928340216,0.618963129947843,0.8144718147761545,0.22843571234765117,0.7239694374053616,0.6841531447315916,0.5278225205329747,0.08625567066395416,0.7727210375644449,0.0221195152191546,0
0.23001134866759024,0.113621904789914,0.20371337126655648,0.5563266465101491,0.4852624086200688,0.37950616935324627,0.865802157060803,0.3369840086489416,0.12055636185592765,0.7131807980350635,0
0.03179432869200936,0.6704246633332691,0.030350619180979064,0.24289993609749053,0.8508386868101521,0.40046381964997635,0.37094850404644575,0.3791354650548481,0.1561140817671838,0.423260755635126,0
0.052769935986733435,0.9123459431818807,0.30038464960583283,0.871844472248793,0.7542159299720886,0.06827776214126938,0.036604293057625116,0.7263954355681977,0.2222492346482994,0.9698402299026098,1
0.5865595620961781,0.2923993402710366,0.07407430512891516,0.6936656927882806,-0.0798954174547637,0.4850413063688914,0.6940436393898417,0.18255872948108048,0.851739895727477,0.025266484800017558,3
0.7469002289185691,-0.029402061865438603,0.713050805576909,0.2866172122480433,0.1465240045743928,0.9730071245454219,0.1430000185531653,0.4618019887021805,0.24837666465643643,0.8608743535532966,3
1.121928225462928,0.866651203168178,0.5748587069504218,0.729264606812661,0.7126358240757734,0.33103153662623874,0.6022575868856933,0.01637926587454719,0.9821510938594852,-0.2926490629371351,2
0.012827611402397195,0.6134964457872749,0.8149239165449754,0.22659358738782145,0.7301608126953975,0.6787642190719704,0.5317069668274158,0.08152672630524689,0.778564386332695,0.01899019377165967,0
0.3805243049303539,0.5182362844119089,0.42490604480079647,0.2778175896815869,0.07423366337743703,0.5570673425457326,0.11749427363631063,1.0514937607037962,0.06414642812074726,0.3337958409393609,2
0.6000894114960287,0.03695290384391564,-0.038902461078078654,1.0430645648781,0.33930365390542805,0.6048658297280182,0.6722255916600316,0.9743676307539026,0.15204408318185014,0.13339411471292173,0
0.013018815163004207,0.6142987203199887,0.8142557497540679,0.22691808006170439,0.7298277576984502,0.6784915171930012,0.5314468023203587,0.08221792431355171,0.7788495463724581,0.018974730572075712,0
0.9243969353845402,0.012566309533685906,0.27216821483359227,0.5102812505324784,0.21984092108252978,0.1947467600049953,0.10524813918581111,0.08606594292087255,0.29702740169684444,0.8012405994471218,3
1.0330571166749973,0.10960110318195235,1.424044309988767,0.8121895094973598,0.5303309470384544,-0.21683394649218846,0.13417850092819067,0.39239737506100547,-0.01969257325980389,0.1828322928467778,1
0.983402086169696,0.994582618506362,0.6394007927001369,-0.0012309682316713616,0.095423683957835,0.21966976163160237,0.028832232107946224,0.7599386472256069,0.9881675986739192,0.7052830638238585,3
0.6266429665054454,-0.10075940659377558,1.1466206792929945,-0.17526049293630774,0.6679166755393133,0.4628687095888335,1.0208183844269163,0.3497072799441947,0.9224800160041193,0.677830758181845,1
0.6266194220297974,0.9063805839920046,0.7809312389616353,0.6057424377661089,0.8733060086123718,0.8304118431376589,0.48552379375524246,0.32467781200415985,0.6292628815688918,0.4197750645813111,2
0.6890374527399061,0.4957167361347769,0.6061783240842981,0.6452001155829338,0.03281307810920266,0.45718334849700526,0.7105066373415219,0.5871871586079329,0.5512614545132054,0.02420714152304254,0
0.29755768556702994,0.8172878129301016,0.7130415593946843,0.7765393037000797,0.5224983132343474,0.949752658546819,0.32652111010050366,0.295635314753496,0.44439376925618423,0.051617933909941904,3
1.3779001372264141,-0.3456061198978099,1.5670673443496468,-0.10207785070826719,0.22556011410718754,0.7515653446554519,0.15143076607220518,0.3306600809128235,-0.3024492928458036,0.924298156480595,1
0.4198683278569924,0.9263274411924708,0.9549189804949111,0.3869022017896606,0.9441345480692002,0.8917518719762595,0.6735156481543,0.44202006584098746,0.7185637096169523,0.5840230693760975,2
0.18111993367349832,1.0549306867759227,0.134658939439543,0.8457328399403767,0.6569873389692643,-0.1514954688509303,0.11825683397088993,0.795790002827975,0.07011759873964468,0.9194788018031274,1
0.016631255109575936,0.15018212006468465,0.5548696387280786,0.5271509226938241,0.8621962052720852,0.32952049565231545,0.5259707333245446,0.7650983608472922,0.418729450002605,0.16200247205700752,3
0.4298353811763708,1.0040038942581622,0.9146471453047784,0.4872301868227181,0.15664852191289264,1.123667698758689,0.07546767105094718,-0.10794241109475178,0.2623744668928269,0.24092487804937582,3
0.07208494002332665,0.7392124109505782,0.05293553048951388,0.21397044559232592,0.8084272662491933,0.3448216756743324,0.3619911838320118,0.29571928149007487,0.1457138234586573,0.44952460931235294,0
0.5204299717000181,0.2111609361796641,0.37899367298544373,0.13266606220670335,0.2526764782615606,0.17888071108057546,0.5802060576241732,-0.10053347700695854,0.6804844238240184,0.45839330990929045,0
0.8423750612762989,0.8536134362920138,0.7876560912983552,0.7981772254812693,0.9121884948738448,0.24561213301664753,0.36409095102314865,0.81789599391022,0.30822985128911357,0.6228258107522776,2
0.7522172345339648,0.7459903901991278,0.8672780439026309,0.8593154907930022,0.8152951334715534,0.3525393435342065,0.28063326594927807,0.7480499277613192,0.24794260946849633,0.5607971515271047,2
0.41270898884935286,-0.006380103347469301,0.7119838834590189,0.39718234999434654,0.016218870534228852,-0.4259337408701017,0.2687592571386441,0.31509095148386207,0.2255490497299615,0.23534780799304933,1
0.9346963212099465,0.6567431786626885,0.7174165114556761,0.34417078053407035,0.663116149567206,0.8757154000227286,0.3259005287791171,0.14903456806284035,0.13341993682674996,0.803446947317661,2
0.013872787915272898,0.016245219667547592,0.4954856899668798,0.23467370439846133,0.8027745789820442,0.47007034130981706,-0.01138965520705144,0.6560653963145756,0.9785823613715017,0.7652302066029073,3
0.6367516634848205,0.1783283139609751,0.4221011657932891,-0.1029253954769096,0.10459804492129904,0.003090042736479226,0.6011858670424974,-0.019879803850502864,0.4528735772173278,0.47836610262534635,0
1.3894876998748857,0.507223313412364,1.0458339280694977,1.1001592909803444,0.34613794534754694,-0.09286150719539943,1.003076030795662,0.04370645910266845,0.4927839200541382,-0.23769130595016924,2
-0.03180671140574626,0.6742827522629812,0.4957580136125136,0.6572101451682997,0.6395251435741907,0.4372240439961035,0.7010573852379608,0.33884105864157016,0.9194802089575657,0.8417209411710866,1
0.8769561557587005,0.9374050077448967,0.1325753025558541,0.7508676520660701,0.5279170566721778,0.3445261173946782,0.9418977719601206,0.08393557287589268,0.3187523061619129,0.3547224472772525,2
0.9973417025658208,0.5547496091297768,0.8249411994033631,0.4059300927844562,0.055364776354508,0.8976674854256694,0.33627014975784886,0.05887811415483761,0.7420824778119851,1.079746535444739,1
0.6878306132011315,1.0865607641912682,0.7957688109549572,0.5761083954967849,0.4000072926739596,0.8679475165285093,0.2899366643485422,-0.00999471623362555,0.41099571580616745,0.14479926455643416,3
-0.019640334253317626,0.7016372838564788,0.5821601553786324,0.8310214275294748,-0.09539811295929153,0.34082849806932214,0.6088990255559111,1.0308281028830593,0.1574981856739849,1.199290631031157,2
-0.21992865457283123,0.42044953015699893,1.148545255431357,0.30554793063553237,0.4346082154923905,-0.17800885143564077,1.2182693349901637,0.25071387661881167,0.6710147354549189,1.1396638694649666,2
0.4220902143391207,0.8198751857828728,0.04994741417812262,0.30674783830822505,0.6558628578722919,0.1762676081937239,0.8839519946089489,0.34788313316742947,0.6729123720273759,0.6196212651462872,3
0.6767574530262553,0.4824028083104705,0.5772578141311623,0.7058141623081192,0.061596534133037534,0.5366601926504362,0.7548374408199864,0.5117387119373203,0.5409072045367159,0.10236284631333922,0
0.012504630729259692,0.6138331392746719,0.8141248106273509,0.22696581485451778,0.7298852109909025,0.6788480292994543,0.5310703262487385,0.08214368759042039,0.7785100764476972,0.01863546497062466,0
-0.08829385707184642,0.15065416734143328,0.5675032555302415,0.17192762769991096,0.9003338471140457,0.3068076967654001,0.04934288815988182,0.8226220105634503,0.8565888484514818,0.8730670389051249,3
0.4111699091338301,0.18557319596923988,0.07057837114747528,0.7275733013911977,0.5497652152761429,0.36087727648969203,0.7734375324457735,0.3024633155791788,0.07349426425377098,0.587070766747281,0
0.7928914792680535,0.5932530260300707,0.788924032810539,0.38984607994731135,0.6246609735353559,0.9223279067065631,0.27742101325741925,0.17322639237090856,0.18462222526592637,0.8646549620944414,2
0.9141791350855586,-0.25945809582454554,0.20109850252482186,1.1476404041340684,0.5698555975863837,1.1662433466705324,-0.18181733912662107,0.7356840082372142,0.7069983363276395,0.23085053532509636,2
0.8748347405353248,1.0768678193697319,0.2895599884845189,0.7795860280443587,0.5797470742835904,0.27186874577126374,0.6514289625269187,-0.028634049438060895,0.491875486507417,0.4417141161095477,2
0.1863040583135097,0.5489192029504011,0.2190697962461273,0.8372044208609706,0.6259159452675238,0.7364506423700581,0.36655673656599747,0.9145561150966611,0.3605202561007405,0.5574490547910135,0
0.9657026583077408,0.8933390250662355,0.22215390824370979,0.8078722521485253,0.5034558081566765,0.24255055554777488,0.9220398469024977,-0.028153471134400712,0.3491462513939585,0.3374630719139192,2
1.0589076853125323,0.9448257419388622,0.5610156133268132,0.667094365942122,0.6839472707064509,0.2916137119089186,0.4646246974098602,0.14282907975358014,0.8501730965972448,0.06882825677960419,2
1.2411255823199372,0.3355177771988389,0.5230346545018991,0.3595068691905079,0.15115347689169714,0.7421384832109184,0.3907527368305033,0.09610656100560457,0.5312396398759582,1.0123901906494184,1
0.795351170945749,-0.1199048995084997,0.8319004408387473,0.39176866199994664,0.1353607150126344,0.8888697295667265,0.02419449204865698,0.5466418456888458,0.12497186697310256,0.942017723311622,3
0.04877526479310259,0.24971231665088933,0.3408763370725044,-0.002666083556375043,0.9347633663173472,0.48638044244553436,0.5145868041386124,0.2748743375748568,0.05837845813970868,0.40358918232021357,0
0.3538526764458731,0.9024053883070031,-0.018774871004653138,0.3371193584051518,0.6669639691670239,0.0969307481659575,0.9213646741329615,0.28966135392556713,0.7205027140673349,0.5624378073987846,3
0.9413054943239173,0.9125111693320939,0.09722914947414318,0.8038333319217463,0.5266210747270116,0.35456362438268324,0.9209295425563487,-0.0068948963224724664,0.2860761808705449,0.3279212524525652,2
0.9906372998714547,1.0177493673698377,1.0317937577183647,0.5528185800646513,-0.1472630549218829,0.4402479393782718,0.34327489493330665,0.7298625389899969,-0.241976940786732,0.5385117683153688,0
0.24097334039825707,1.2297132509284967,0.4445808895583791,0.9728622417581447,0.9610857540110106,0.3620262231450687,-0.24317992769276175,0.43283306423010187,0.0973256063464418,0.825554668776634,1
0.5503917379086066,0.26408575156792236,0.3816806694315866,0.0510187873356405,0.13421075290559054,0.19017767594770638,0.5525035712930787,-0.001369555815667568,0.6243069709833785,0.33352773323200324,0
0.47155458346569973,0.7385699917866974,0.0031987819868544085,0.32503671515285626,0.6617061464851824,0.21493734082329435,0.8790766251848116,0.4083098523792554,0.6096422991746318,0.5867698884907391,3
0.012679343924916608,0.6147075141864471,0.8150055558276796,0.22623093283573933,0.730593032818139,0.6782459047562424,0.5307526795199689,0.08253153257513367,0.7792705047611175,0.018487696165756774,0
0.9901400001261421,1.0763501296586713,0.2829679239957963,0.861206000063257,0.6501014709375679,0.3643367545701833,0.9838858876921058,0.11703518090687143,0.13510048541980968,0.2688725010703966,2
0.5015201635145425,0.15921704435861533,1.1641478367228015,0.4481355264108331,0.49857805986623094,0.529577874547444,0.5296422397288603,0.18630880572359113,0.6091233101124927,0.39230190212676297,3
0.4643905814128758,0.24582363212915587,0.9468251437506626,0.4161664893494563,0.7070123622140816,0.3045454493724798,0.38179382305507936,0.43433318487249445,0.7754348087116565,0.5841979797882488,3
0.4099128219882574,0.05641176262499503,-0.03399772109923993,0.5500175669741892,0.4964781469437555,0.21838561309340937,0.8847774671632817,0.3159455509526364,0.11617575052355641,0.45895886217156956,0
0.771435799085972,1.2481756956875891,0.44037333710419857,0.7487316977442537,0.9335089667203272,0.13594681734856803,0.4224194617457296,-0.09872416235119136,0.7402183378125322,-0.23590937782344423,2
0.7821951465446126,1.0794758071384356,0.6859517306416429,0.7002067911921752,0.21640354471458706,1.0040785805352423,0.20941748506955637,0.16640167811770773,0.7028655361708239,0.1821690554288745,3
0.7731671167952046,-0.09126740636932187,0.9468415723353115,0.39932392829023416,0.35238386982020903,0.1778019181669815,0.6944348274595809,0.6183721379369546,0.3402731050984087,0.1640857081982518,1
0.4126018971176215,0.7018141919155614,0.8236870433385042,0.3485784669500479,0.057954523564967164,0.7290819179962117,0.5187032394111892,0.24767078588723504,0.4177080513441638,0.6193843078294694,3
0.8937090159820471,0.3287589124587625,0.724691307786082,0.03419285704653415,0.8759546043677227,0.004952137185858,0.8521724920537873,0.6575751061293327,0.24021860557504301,0.7800489610642829,2
0.35510223578416766,0.8385479872222423,0.07234774223774487,0.3295195472429983,0.6384194850289175,0.1325194325891445,0.8412039916934407,0.35340271458355743,0.6870254477539841,0.660083081757024,3
0.8149371362800473,0.5597954538894955,0.7767254425317981,0.3383608505149922,0.6254145987074196,0.9021846509863275,0.3173857776595898,0.14483365857342673,0.18751689532466828,0.8266735700624498,2
1.0930891510840168,0.2414331716659573,0.349075738803685,0.31069974379225573,0.8522376267249542,0.029176679852498444,0.8733608882381316,0.7656370925900104,0.6434541610162137,0.7289719301836126,1
-0.09075283188580996,0.0684162787734196,0.5992434084398395,0.3598116713409241,0.7199621597566229,0.26670905345214835,0.1048516917337869,0.7558010693222826,0.8809370199242262,0.86742833162515,3
0.9778234363859439,1.0008097006692573,0.6449673452918725,0.004752658075586582,0.09944411387359389,0.20877845940665765,0.028567826638789276,0.7486396235557766,0.9778280090375955,0.6984621558588009,3
0.5079514223982793,0.8216323912040938,0.8742510431323408,0.4762367332898202,0.7620049856996347,0.8203224744953764,0.5364609822555534,0.35652698723343484,0.7339037468732275,0.4658888356155519,2
0.05987224264307308,0.6810422585410301,0.04890282469211746,0.2531472077741418,0.8534280363887243,0.3938703659058813,0.3624130377969657,0.3502591065166122,0.16665966151819564,0.40092137678659706,0
0.17940549604669886,1.154543374338954,0.8093173882574553,0.41527591651375095,1.0483580626879792,0.5151746402435979,1.082379467006166,0.6510601953589635,0.7797335834510187,0.8092304997549622,1
1.132017335614353,0.6533909922786326,0.7334544007943938,0.6712034949591911,0.15695347216874705,0.5260532346743101,0.14496232254296232,0.6422458033009149,0.0944155920314368,0.40702640490083514,0
0.6279100397646487,0.5652140615223733,0.6139842985810093,0.6532204028540347,0.020417038888109147,0.5874434089288428,0.689081055051625,0.5024404457901814,0.5005199331895941,0.14552549554580138,0
0.7017760511380834,0.5832977591309348,0.4770674570553076,0.6182030676098724,0.22775226962325584,0.05427021464543677,0.42693421898624,0.32192115144627326,0.5039849584213065,0.7434261654076595,1
0.971149216197833,0.8438525725944828,0.13636954510088833,0.6691539847556008,0.5021580655162545,0.2889230631596619,0.8653771465687983,0.10040889063810524,0.2571369346407215,0.3412576044938258,2
0.537189723493837,0.25314961669731856,0.4095022578460789,0.015606506075474813,0.17364216379618536,0.2011385441596992,0.5192718068512504,0.027930261377388403,0.6727831855072249,0.3485432703115141,0
0.5005727648502135,0.15641349981372427,0.5438189236469269,0.24445434416459716,-0.031752551876931795,0.21356608547519818,0.642079521738589,-0.1638493190762358,0.576288688567395,0.2364940331101312,0
0.7700815524874458,0.4506026251136028,0.36621315953108813,0.0907854040690073,0.6265834456597672,0.06383230593516256,0.6824278075821337,-0.10887417382045933,0.9567716700663151,0.35015150123538574,2
0.11551803437510785,0.7242832485501338,0.12159803252933718,0.1583033528289537,0.8679986264443862,0.3156656712577187,0.2512689200650735,0.3425725334023197,0.06212305868179141,0.35329609188531846,0
0.0534404947273313,0.7266874722045651,0.041024394419360295,0.342108722128214,0.7336803263057721,0.3716069176223803,0.4508407468410166,0.34224723654350453,0.26671648787736163,0.49498690751318,0
0.7085331845520153,0.25644384015603644,0.9259990179910675,0.38220665820880473,0.6986942532517219,0.3741246335158373,0.3353805043046201,0.03372497055219045,0.538492167148543,0.7772227635034246,3
0.867926691007405,0.27391065379366036,0.7236518735234538,0.029772690085357222,0.8425397823204334,0.06370235385500539,0.862924346526974,0.6193324480035829,0.1932536409230289,0.7395458931359743,2
-0.24689588589600442,0.2710178504637525,0.5637288747915141,0.17682463348153038,0.7586247181430075,0.486791466639961,-0.10583123787461168,0.39162029849245783,-0.031155354249786466,0.6922849346884371,0
0.3349115391854539,0.7938782182835651,0.13153235394778706,0.3445450283240389,0.6123586578681093,0.18715699804251648,0.8388927937600453,0.4009558651500343,0.7196522835250914,0.7144483014288191,3
0.8527235055954578,0.9961190825247741,0.1830950125396147,0.7996198881357951,0.6123952859995534,0.24354626985567934,0.9558364321946661,0.2137908163984452,0.509731804456828,0.2564043357536155,2
0.8915592858060603,-0.03634085689254524,0.569983631251804,0.14452412489879302,-0.09319672362072354,0.9369305251285754,0.11398057336617037,0.5782112851238193,0.41853588086613636,1.069807275078463,3
0.011229676700293872,0.49042574376012493,-0.05222378218513271,-0.13259952791347562,0.8849954552676089,0.6243876438647297,0.2668012911327635,0.6624897967563356,0.0428343971706954,0.49727917606919636,0
0.37975199983877034,0.82952327124715,-7.978474111298289e-05,0.34530287501878687,0.706152772570178,0.13973133662717035,0.8516289115464171,0.3118738126608602,0.6897027831408252,0.5618132737299798,3
0.578922262348218,0.7302470869372625,0.887398878126687,0.5746942395021944,0.8685959407851633,0.8807368204701841,0.6049639269496194,0.3634917653587863,0.7586692848329304,0.4738504983041363,2
0.36298498669467494,0.20390075289202358,0.09213083484107311,0.6850833477309454,0.5428897200759303,0.32306022688566005,0.7746366405616179,0.3249574796123076,0.050623806910600054,0.6046193942815733,0
-0.16968946309302524,0.8776264308022586,0.25113234071449975,0.976233035251097,0.5003101396930812,0.27078455911168997,0.07441035887449092,0.8468424312355627,0.13421821826042268,0.9583842537838223,1
1.1010302731307409,0.9799864408891411,0.6405935620061575,0.4239090359237543,0.7394519244952034,0.2384254223050439,0.33072268359419765,-0.1877947002576197,1.0549366415530843,-0.21502358770003552,2
0.7484287787182223,0.8674636778787831,0.6818435308242984,0.8778140304298802,0.8522272626188109,0.1539083986378279,0.2855082314674846,0.7566535528835763,0.30719220249069396,0.6953940972470264,2
0.18977215392114188,0.7524784426310419,0.1335135373719315,0.5137061300709358,0.6700865091933872,0.20236380133615728,0.9099564800522949,0.1372566992385087,0.07956513688489214,1.2238840406334177,0
0.9477892128230255,0.08537956479809052,1.1529869086841547,0.1429145045600217,0.39911250468411796,0.12774290762436208,0.9664821639818604,1.0241024927561964,-0.007333906842628968,0.8912356005335195,1
0.4456544674439735,0.7770628952093601,0.9143282198840254,0.4752594381756661,0.8383401090540932,0.8951032110814683,0.6121059863029433,0.3940169237346653,0.7264341740982648,0.477433972486624,2
0.5405392828555912,0.8667929699831199,0.9084580260507619,0.4276316680764459,0.7304342727268934,0.7890278996096897,0.5971532199097368,0.3974118705903178,0.7542588807719437,0.4251283489238929,2
0.10395405229420951,1.025406509077996,0.7472913637909313,0.4841922892575561,0.8140803314423068,0.28191451953897156,0.9891392509645536,0.4321331644427648,0.6678944533031308,0.724909497994309,1
0.7083461590425335,0.13760975072501697,0.819699632338034,0.3166620575945052,0.05455117920727768,0.848238192646526,0.24096635351107998,0.6101036519156161,0.24649807217873942,0.8385417214048437,3
0.581348536490479,0.5398439824911109,0.2537803549403035,0.2841133114690365,0.8446967308889256,0.31642232208166954,0.3651185598614927,0.041670889570548104,0.25541907738769615,0.1788998467451978,2
0.6542874629394572,0.20357972362808877,0.38988668906731655,0.0068364158580706755,0.25350019454363387,0.09483850749364496,0.5116423287386535,0.050779929343200386,0.7084447379272174,0.24554253631467754,0
0.7753283605819274,0.18930822716807655,0.3163859138440436,0.2507932083918884,0.7723350814925711,0.9263383786964742,0.7023354529785865,0.5451312030905693,0.8169728510810714,0.11262415848253554,2
0.4679127958694668,0.8050470248450948,-0.08930654304558264,0.19400843237327325,0.61531681993589,0.07459318115917084,0.9281725680620857,0.43583387832828757,0.6286342446697768,0.5844105785126525,3
0.3703657513935672,0.5266300101318804,0.7743869168612859,0.6231678634186727,-0.17535687804981745,0.03556546035350866,0.6318251247131372,0.6954954258383298,0.5669048645229737,0.7826025108580532,2
0.9769061978828998,0.9969349678559304,0.6492729505349623,0.010176429770561546,0.09438440337215875,0.21612961652529927,0.029516404709441967,0.7518638543956915,0.9833769686520677,0.6966712912299843,3
0.31989645952242535,0.19242735949756556,0.13552130783854607,0.7120706492374191,0.5007928760630657,0.27207556923441073,0.7832372710010133,0.27754855075280666,0.0759877488254391,0.6220196572389118,0
0.011215897459121327,0.7077554604514714,0.021306520095517117,0.2287125243663759,0.8365154687732002,0.38692241401722527,0.3921070769226633,0.34713537201615874,0.23908505174848918,0.33310723143679793,0
0.6415980541870001,0.6730111426831034,0.8489830406231563,1.4723984852643777,0.8729321109781715,1.5007956034329775,-0.48366726429066464,1.26129432282467,0.5912268930659328,0.7464042517856841,2
0.7970872254903189,0.18301171903487407,0.31795548655511424,0.23510522879000043,0.804893091424325,0.951096785518187,0.7139735770104965,0.5621266306936978,0.7720278824791749,0.13034431326724832,2
0.5834778930539971,0.9931059736319682,0.8939222836685048,0.9233729230368795,0.15443511421404926,0.7146009137518918,-0.05809201664892699,-0.11089949863994408,0.7555771756916645,0.34000405573998316,3
1.037851143797262,1.2097780707478798,0.60041762460684,1.0232204679338308,0.025657718361589317,0.3416752455893174,0.5443723309613586,0.5050102412775423,-0.7647476349191474,1.1492359640815275,0
0.1427801006346892,0.6232556874422095,0.167547503603241,0.3683758857985275,0.8307557788132626,0.23717035288876862,0.5019065273813343,0.3160725070751876,0.16793355577679792,0.2552245859328065,0
0.8706408069556131,0.2954309832455881,0.6899301408216321,0.022148385701536183,0.8643537242076414,0.02524492521792591,0.9010350349332479,0.6528793302108056,0.21697138311665093,0.7445956407682115,2
1.015411080753313,0.9527576899733,0.6267378855179405,0.6150210665057647,0.7679822455472768,0.22191933319883145,0.4763273230165126,0.09879957120454447,0.9610956757620308,0.06379624734599193,2
0.47503978064995067,0.7994217137391856,0.890116505307683,0.49242583752719526,0.7843182202417304,0.8345528793849397,0.5371027358075026,0.34649027783911474,0.721071186737653,0.46706719751812875,2
0.2585794255399131,0.3363439399800624,0.8887778077675919,1.4535784901544906,0.561908409391176,0.5558996181647051,-0.4801573640922524,0.9421040566213211,0.8559512068899756,0.6142905880671575,2
0.06987510564097112,0.7063704747433234,0.029819253846633285,0.23292994759601487,0.8517767126339455,0.40944608289731427,0.38872896685352065,0.37379257606526833,0.1971175774473575,0.403390917831252,0
0.9238185585642548,-0.0008325230344219149,0.47782190669803504,0.8586322020612451,0.7693174452520158,0.3213275459907078,0.7339863885351497,-0.07453326265066856,0.5916271020154393,0.11639820051040439,3
0.7731534039203232,0.5965127047696135,0.7694326508579872,0.3588036410865397,0.6529507505924574,0.9207833134332204,0.27915480844231993,0.1696815519387084,0.22166901480840323,0.8313950939943174,2
0.2992138907552767,1.025548391496785,0.9150654897973725,0.32205023151961076,1.1177374664689261,-0.1545766624330333,0.6969523792117855,0.921912169084703,0.2119428351016392,0.6510928593054063,1
0.9990107697141615,0.4755857871437368,0.7441735150713291,0.3819204172727721,0.12396258701678008,0.8714632601754339,0.42424473253509826,0.012916317939646763,0.6784531713902843,0.9973886775123236,1
0.295226760733129,0.4529999716175575,0.9208563240643797,0.682992242213561,-0.03946399268236442,0.12650246736551696,0.7475454747907141,0.60919482781474,0.3005188190196101,0.8033048261267745,2
0.3658615535821365,0.20096216034274275,0.08896773795029811,0.6883466180142976,0.5407608761570684,0.32567416284805073,0.7723756072417807,0.3230022015793916,0.04709304001234109,0.6044970903822113,0
0.29663275937811945,1.0159564037633682,0.5695038061676533,0.34057473898525165,0.24886064182533552,0.9221124188907838,0.6285598417509632,0.36491728288953507,0.43773203614541817,0.5397710640340108,3
0.011498315633521917,0.6131683527787043,0.8140306742507057,0.22680996525269181,0.7305688963883019,0.6789483443786285,0.5301696159653692,0.08286751885090032,0.7778244941256273,0.018416557520198766,0
0.6596887755172748,0.18777068493819335,0.953625157371657,0.35054293577627027,0.689779969428635,0.3781506800188397,0.3339767230984632,-0.014778786698947534,0.47277575098735813,0.843973319095694,3
0.7216669592883075,0.08147661795293423,0.7742673632738455,0.23618585826565647,0.09564490054732193,0.9733392251168865,0.1860175770995163,0.5302157847012372,0.17809687910074495,0.8701139793251707,3
0.7417209852317042,0.0326456926281375,0.7343942593787175,0.2114013002092092,0.07488241815934651,0.9727501550969306,0.18611709743221874,0.5000034210905088,0.19256528970748293,0.8942009046149944,3
0.22289464750713614,0.1613598825461391,0.5444275899367077,0.5789372069900549,0.04303094901779275,0.3701369081328971,1.0672692558333856,0.5166634353542292,0.263976309968686,1.0470811020790667,2
0.24279592005684375,0.6880912154412056,0.4714113794357707,0.3609675218259902,0.5758997758341606,0.40671914183020746,0.8203265953943015,-0.02787020479141422,0.2668614327416083,0.37073080606856673,1
0.07097328697228644,0.5445608846372267,-0.05464532019318517,0.32824684664480536,0.7052135260487099,0.417653876502346,0.45015614353522193,0.5472189693419761,0.4088901933644104,0.18629350678500575,0
0.608382102976895,0.042203252524794774,0.6086592815221146,0.19397175424866628,0.7987335737743345,0.35249580907202305,0.6075496646980643,0.2323129794628358,0.6210183128090571,0.1976683225569229,2
0.3909975228044413,0.8191474453860368,0.0036302466602907563,0.2535720583538742,0.5960582911450554,0.14248864539206849,1.0188389977267533,0.19887091416598532,0.5105023874553001,0.5667567782541246,3
1.0024407972732743,-0.01705589926476178,1.0330380658719074,0.36904890166394777,0.4865958095353829,0.5035478567244334,0.3342471873106235,0.7291377180595185,0.5846793080514038,0.4487636928539827,1
0.9507621422101097,0.12325214476526278,0.5309169573733641,0.8761818773562338,0.6897436517985303,0.8336202957206198,0.19563288382010918,0.8901991801000357,0.6609963131126957,0.23211086725390345,2
0.39293890348441307,0.8882004591079391,0.7503097373971763,-0.1006473870848983,0.9763550683821866,0.6053961727707576,0.9374573794874972,0.542115299318712,0.15745452196132995,0.17102429937128452,1
0.7141026462266339,0.27793068728328835,0.918563874600336,0.38508272912359515,0.6967076439376161,0.39000104583855594,0.313536213942869,0.04454471749736307,0.5538139419960946,0.8094898527603568,3
0.6437757497397247,0.019439242554092503,0.07674780313072653,0.8737694901703043,0.9363498655509501,0.13635338004685776,0.03363818465033991,0.5672018639233315,0.6922187325417585,0.4208451790863115,3
0.08279571832665517,0.16497314365065646,0.5093938952208282,0.5273372699839032,0.9103495945807384,0.32077587713062544,0.461289998238125,0.767927961515858,0.39757472715134273,0.12068489997248014,3
1.016277951534359,0.13231084915365127,0.5836545020036059,0.7907708204100509,0.6729042479365958,0.9040194247246666,0.26780184319550515,0.9575013835164551,0.6315440001507197,0.2155649612921477,2
0.12924392696247847,1.0350033046063778,0.6889067736229308,0.5444705033409246,0.8267656989550495,0.20287924128792773,0.9282607425438101,0.35389688702355776,0.6853141124305275,0.6330962133499721,1
0.0675221655253548,0.28735037374802175,0.5634999488537988,0.7820352954408367,0.2723201480325802,0.9932303001997981,0.3534301246730285,0.9048850831618452,0.31188999219312885,0.7471010492754306,0
0.5777032479853366,0.06137791280625531,-0.010592720917194237,0.9651256840680883,0.960243662306548,0.17521171600648738,-0.031807070658901995,0.5383862723980932,0.7374651716006673,0.4283294191409567,3
0.4451106206307831,0.7773165620221086,0.9220420997118807,0.4695817558308637,0.8192868972228207,0.8644927609356111,0.5581424794203329,0.3624371102676264,0.7075916365623947,0.5190889793655923,2
0.9101274014309584,0.8956881616695119,0.11938977708005866,0.7722476859769661,0.5653247416054659,0.32989296671113466,0.8936897075333793,0.02076263962894605,0.29055715504141744,0.30999670748201075,2
0.6925399273491092,0.7542441116231445,1.005429702122472,0.7634683863656203,0.4247425868780835,0.27027738392066764,0.20419078324574627,1.0224544451725939,0.7293945291950836,0.7770748392509366,0
1.149174325860254,0.4421737907361286,0.6816966236091846,0.33036808743329465,-0.03314857167848703,1.0619748168486347,0.15541733199449254,-0.06466602995982582,0.4612620521355504,1.1967474817661887,1
0.572466044231109,-0.2603954271438499,0.41538974321542466,0.562408189680371,0.7304887390795942,-0.23772808904680043,-0.2755463060259408,0.30892102050192644,1.0729593022249984,0.4323831600401176,3
0.8079016647382643,0.39783471278103266,0.7589247961283198,0.44735343979432296,4.620126375949607e-05,1.0987540794469288,0.5990796815745524,0.273610274155051,0.5065041797125254,0.8252422432343604,1
0.7254660743345935,0.0571339422321299,0.7441262242867895,0.22959271733946685,0.0957917456013227,0.9515468607334493,0.19102217057743232,0.4907242534883576,0.20215192551214578,0.8872500622042662,3
0.4854306624707421,0.5084052224768427,1.0715573876143327,-0.1307433111480808,0.9273081792599301,0.74561047082245,0.317990421874924,0.9078534315051804,0.13031185930374775,0.7331190739761844,1
0.3521179630957835,0.18874993449216854,0.590552495474687,0.7690953880272242,0.49554563305365146,0.7243900797947055,0.2989000987854676,0.5475452400919911,0.5215207355482837,0.6141274993615644,0
0.9562549549905236,0.3972757034500392,0.7546075450982873,1.0625773379546535,-0.2410373568391882,0.5633776618424605,0.30781463320093266,0.13569197580117814,0.7995544612510719,-0.03420151729252008,3
0.33090817950362184,0.8103345367751286,0.1889918636205027,0.33451738269427,0.5227449125452103,0.14388792700804415,0.9806623606411565,0.44954450752613057,0.5766410149307054,0.7493094590695096,3
0.9805204723836727,0.16558203450942738,0.9914865705371091,0.25411390953350554,0.4502696995996184,0.30417889212432603,0.4085158692584132,0.6475618533328388,0.3650071895947953,0.42877467376367306,1
0.7502435755307574,-0.11733118610527923,-0.046576337185718186,0.806443594382943,1.0278477113553361,0.09094399503284606,-0.08137769776490063,0.5188154850973322,0.7365163914351432,0.28113959714027686,3
0.7841908584508582,0.17387445375417687,0.8973531365021284,0.468581355373635,0.20983478998629337,1.1349565670571018,0.28921541651460025,0.2548415811356577,0.29414397273615295,0.7266496821669737,3
0.9579060284466435,0.8757669796793902,0.8970952735544194,0.33115385502640204,0.16933774948175692,0.9468539682305327,0.007745597083270883,-0.09965222741930901,0.6097946635456214,-0.008988161436886938,3
-0.05182531027998308,0.12208499381592777,0.4507867660556613,0.4434676588303865,0.9255944119536397,0.294180333242614,0.5485094879032192,0.7483508656697044,0.4239007511759812,0.17389472691640456,3
0.026653138798375678,0.7500172798006799,0.10759803817212119,0.14306867419873404,0.8542722380789873,0.42262189284700447,0.36240753312648005,0.4457286625194292,0.27118005541793233,0.39011111344939936,0
0.7344632111327558,0.2572468589390019,0.9162816767739769,0.35309508508617116,0.7203273861388755,0.35998236002624945,0.3457149195621344,-0.014065094677308973,0.5072840549839386,0.790824595394958,3
0.8826883130933433,0.31760914924810385,0.7197276738233234,0.039880259646755914,0.8927489490531172,0.016536228125692956,0.8683768507384966,0.6652384559105081,0.216376082093687,0.7478300022004203,2
0.946963583177413,0.9713117372371525,0.674871457594604,-0.0018172186147633676,0.10031539271928791,0.22854101720582912,0.03150952424807217,0.7316943926761768,1.0039535570079032,0.7212006185221289,3
0.9362503119269224,0.9686608105661726,0.16819058853042362,0.709920610183989,0.4726772695815668,0.22347298726309317,0.9376921421091288,-0.07191777028349672,0.2125142038675521,0.43751953391306464,2
0.7033147289233401,0.47426287981841075,0.8846802616297872,1.1360464967497168,1.215989110289717,0.5936115490784025,0.11966582581675883,0.05431792672066488,0.4384706919954919,-0.004664145976205729,2
1.21631909393287,1.0929715391488313,0.35724218469060876,0.700458149074548,0.977380483551716,0.21914876447880244,0.7227360104186098,0.08556314380949598,1.150739956149292,0.22719382466883895,2
-0.19901746108710977,0.5286965333118546,1.3488708271008731,0.41957799587683015,-0.08587089542686206,0.14266767829838148,0.45016178463117135,0.4806152012557594,-0.11251561208217825,0.714985028798926,2
0.06337673741341965,0.18251490590841415,0.4990137255336674,0.48853352547051093,0.8945901877518255,0.3380451107231834,0.4871469469675083,0.7201597847807703,0.38029571547748714,0.18171863543212144,3
0.2832598401084643,0.3882659584283016,0.9738044463809962,0.7511325546966966,0.0171296039157418,0.17334830301579165,0.7905886019993477,0.630048550106915,0.3665624378646571,0.8351563311066469,2
0.6613410603888217,0.49736214967276887,0.5996444627863133,0.682206662410162,0.0576851755418477,0.5111980607880252,0.7489542482194738,0.5340750800612232,0.5514844979927017,0.07967447015452322,0
0.9454091475863544,-0.15050273372137352,1.1183945698374358,0.37654967421449065,0.495557790476857,0.3580325559020302,0.44502884955666105,0.34450535576962527,0.21733991725937568,0.17065844317756862,1
-0.05387872305163606,0.025560568412440025,0.2962272212760475,0.3139927894967987,0.7995802862270679,0.42101276840757007,-0.030498277972272517,0.651975750144369,0.7602721849777176,0.6800536158709738,3
0.6846508404552284,0.06865816725911006,0.1100219168346341,0.8286910406711318,0.899886849453873,0.1149357051920419,0.07245909792870808,0.6299798432038661,0.6898651636018569,0.3642054812871837,3
-0.17845574720257146,0.5422816876418783,0.14835605868970358,0.29521470736502664,1.1670410516558567,0.09804686137755661,0.11793419519932691,1.0947832198498497,-0.03956612521036762,0.5163389248231887,3
0.762611597842513,-0.23093559425475174,0.3341578356269993,0.6276994690229878,0.005063712847407892,0.1693410099692904,0.28949267077366936,0.07226057413997883,0.08952106954193723,0.48186582957990587,3
0.5880665009780515,0.5671981226915329,0.31908859533908057,0.30029496387327503,0.8383141010961599,0.33047548843780844,0.34509289389178227,0.04785345573715863,0.22192487249590612,0.23377625289382445,2
0.9693139334839347,0.14360513473847464,0.5574480210253401,0.8902000311817876,0.6901387695813731,0.8623871508785552,0.19272142939349193,0.895259639909071,0.6071614848830017,0.27450268362781804,2
0.9020679358699637,0.26694073622782954,0.6810547477861439,0.01639883540860002,0.8749440049537224,-0.01900998103878341,0.8349704742802543,0.7360638807509438,0.14589383690526364,0.7342372884274666,2
0.15344391088908027,1.0127774132430534,0.3158230990997667,0.7111302981056852,0.7888160168140871,0.2313427640710269,0.14748448543676113,0.6638001253318309,0.23494992840710777,1.0108134937842665,1
0.9738768100021308,0.9970327413462028,0.6381693122438696,0.02053351217603642,0.08800948592118986,0.22795682414712704,0.03392120182642942,0.756497825280585,0.9886062882036593,0.6857321982650683,3
0.8023340072234818,0.5826534345654323,0.7799232065345694,0.3762752929690856,0.6385148230059758,0.935137205079797,0.2912787013389042,0.15753135713587157,0.1968028812333422,0.8582137922380664,2
0.7405405456917701,0.9674191364148238,0.81945890157316,0.6659369128411936,0.31851159059080086,0.891468203982643,0.2033031389870176,0.17708156531087332,0.532496181817374,0.07035209975016075,3
0.39957222635699013,0.8114963428608338,0.05413435986373015,0.3416921688943898,0.709344133452525,0.13010876491941056,0.9231068467022032,0.32804361530565695,0.6496695586157705,0.6074618161967329,3
0.8881895983284823,0.3181809106328647,0.7160422787514475,0.028497828554679815,0.9122710384168791,0.025475286285743408,0.8728503226968997,0.642431240709645,0.22399897698740084,0.7736634726751398,2
0.9308688628757835,0.16672402048819965,0.9672351130835952,0.34935826709982276,0.4447914058307261,0.404816393735841,0.48775749061883666,0.6254098754956348,0.4053388189331423,0.3395832275377504,1
0.21454165075043397,0.400160668851845,0.4164856039352679,0.061577267727680594,0.6755860506460767,0.09525850540690384,0.6349161326363307,0.8023615752105966,0.5516629151089244,0.15297467070559434,3
0.3300346453786041,0.8749301267291766,0.029343547095959224,0.3218727578179042,0.6934063855709065,0.1842697104435733,0.9529501586668236,0.3994296666932251,0.6045517610288672,0.615310157974848,3
0.7497571465602387,0.17519090082923963,0.29883657019934534,0.2842555791695785,0.8155304615439708,0.8768625971051496,0.7012102938427048,0.5142327657687988,0.7678055478199288,0.0683714069617892,2
0.6711909311254276,-0.02141876314648046,0.4944797952325434,0.1375516288817273,0.8000053861778443,0.20249715749995212,0.6060522187013155,0.2717425775953922,0.6819015940052374,0.14381022877012006,2
0.9210775482846247,0.9323038186728555,0.09895136945581547,0.8077356296972398,0.592018754920536,0.33968687703879136,0.8540053570426046,0.026947983650799527,0.3302659700945369,0.30941862667053516,2
-0.23458447757398043,1.108201360049351,0.0378453312792949,0.7304218585658122,0.8805171216383119,-0.23352161638275398,0.05901102548457646,0.8413672946126638,0.05963452142765899,0.7019260314466869,1
0.5959215392878079,0.2647495594745771,0.7615288168956444,0.2514766565796883,0.0796731088737393,0.898089243436483,0.002884820506120045,0.5210369428948215,0.7047250399403517,0.9477689385370236,1
-0.0467671337703906,0.8255652067052315,0.22998824652931935,1.0582177479541086,0.9884845107208747,-0.042324448959999594,-0.0754188552289338,0.7515194628280096,0.4546560200186956,0.8900887619160673,1
0.5367326191211416,0.07457686675340722,0.48934143057960156,0.1743000600595934,0.7977577116281469,0.4280113892899358,0.5151356631715426,0.3147312785222791,0.5966127122103552,0.36422727915160535,2
0.6343173625003633,1.0249364612362624,0.7518243270051775,0.6818185158200523,0.23442071287946972,0.7859774868644002,0.32544986097769374,0.2906398845521218,0.6296981889733188,0.12745447700121196,3
0.4187186304322621,0.7795488429053524,0.968332521450233,0.4787101679699381,0.707550588632249,0.7833652164643826,0.4513900822992981,0.27956816623677777,0.8134270442928343,0.3872452333817694,2
0.7077029606874894,0.24597247512887566,0.9110265448595258,0.38805661627172794,0.6978400927723312,0.36716368972986774,0.33197818449673644,0.018991113016934964,0.5338819990210892,0.7835895595068788,3
0.2601105639542485,1.1691373726453569,-0.022765086908507703,1.028803525872322,1.2840571486296417,0.596044108587853,-0.479496444283803,0.3923852182943383,-0.1965405296052129,0.4029301665536893,1
0.9171544086404819,0.8914131129993597,0.03492197906149565,0.7698110728340919,0.5697625844548365,0.28856155895575086,0.8242868133113708,-0.060971183952743396,0.3145993949042433,0.33842144684454395,2
0.7200507968232345,0.5414726776643122,0.7890604602241603,1.0588755614726497,-0.03005010323295597,0.13534023101747342,0.11928710342677673,0.8826375217032807,0.22559224797943073,0.46450111323889676,1
0.6217383526671524,0.17533816628163618,0.6714989061391964,0.08933351498575016,0.6265588052430272,0.34985762054108704,0.5711481561616912,0.2616795955854705,0.6556870950099936,0.27765309535589516,2
0.3939399974892114,0.4397287108359364,0.27529588863606463,0.8203427066722162,-0.0682619696033683,0.1506476469193001,0.6095779990093867,0.5054506489275866,0.6419309330937063,0.1381313088262388,3
0.8239863813116884,0.5845001395403956,0.7877858528116304,0.4054631489953734,0.6127059370155542,0.9596809678598931,0.3172381344630124,0.15644959927609137,0.17615558591677596,0.886693201436346,2
0.778974190560302,0.008811520806394378,0.6943743137851109,0.18166740592608666,0.10104943384877825,1.0222805338150003,0.11831051772465083,0.44235732743055634,0.19570585510911337,0.9390658691578382,3
0.8764717960333944,0.3203801516772629,0.711480416973373,0.040388246873009605,0.8940479665948534,0.009783771824886257,0.871250126851764,0.6703341951420789,0.21689264439958508,0.7692538945554952,2
0.6374044627430022,0.9015717260027782,1.1484696572129571,0.9121980201921295,0.5476200391915595,0.06324516962838578,0.31004889566216215,0.7450181298721474,0.9946714795539167,0.8505441032739927,0
1.016848136883138,-0.13086840495238616,0.3178504761189994,0.8305141304800533,0.8824203548938111,0.5540804212698167,0.0005964570304578531,0.9693377422278591,0.5976530612994116,0.054402437549547905,2
0.8585155824006061,0.7726253608515337,0.7878785523235333,0.8443583382950705,0.8871846701005668,0.1938077384989743,0.34197357330489336,0.8694720048152773,0.349035976278577,0.581419424826785,2
0.9120516575990041,0.6198112405381091,0.7812636266042362,0.35003166524760576,0.25568528067870633,0.7551039330471367,0.6046771960607193,0.09796143612127492,0.8471912363733451,0.9958706542825644,1
0.44751846674043344,0.8581609797006468,0.028397608567017757,0.3053511999433896,0.6947243415530119,0.1369593115286325,0.850172803953103,0.333660584817977,0.664116979252712,0.6149468179874122,3
0.8339458787607337,0.14247999168606013,0.5723866557249446,0.08226047182638371,-0.020569040146325032,0.9048924679014978,0.32346793799103696,0.5916176041401636,0.15332456147771198,0.8555554956232955,3
0.9026325275093904,0.7775273715547995,0.5477841761260962,0.3957418079741674,0.13398037780676839,1.038395357606081,0.5844494626849641,0.06109436259230917,0.5878382673358938,0.9730531929568496,1
0.6671966593079929,0.46144392969687614,0.5642249815757789,0.664356150997498,0.05077845130350538,0.4931438314958167,0.755351920064405,0.5094093236159333,0.522391297407603,0.08670926776202542,0
-0.07937965833961041,0.5205115392068195,0.15663688632449305,0.14795784718983557,0.8883532001147967,0.2648621792844086,0.5176502866923574,0.18291094503398553,0.1704384930357726,0.4897228376680874,0
0.5046665450262197,0.309906278589285,0.3189222600206791,0.10152977965034565,0.21041449448378627,0.2205857830387063,0.5867779656518894,0.07697028532924202,0.5738304310997357,0.43503309606572355,0
0.9174240241525633,0.8577984905967598,0.0963666478793737,0.742305977408543,0.5770926821355707,0.3754033950287559,0.9409849831625812,-0.021366371844794903,0.32746265376660927,0.2732284195415681,2
-0.05861238681282402,1.003450241794446,0.32707338711358286,0.7808187335026614,0.7037346909223244,-0.0024459339738535923,-0.0435607239248272,0.7377924858415067,0.10732269409654699,0.9712623348537399,1
0.18765957129491165,0.09976641984174889,0.6950775255558668,1.2254855566415293,0.16269861034277094,0.8338640897507081,0.08504621831670517,0.6929737731266162,0.6436512688322608,0.27748678065504373,0
0.9442907640033039,0.5620807035911496,0.7876532595245302,0.7068301110926903,0.41904570487502574,0.3117581072497416,0.7886085318441594,0.1443608052634828,0.5575568152099067,0.3760215280327407,1
0.9151783116114857,0.8341724824329085,0.15805249465482618,0.8259620352593467,0.5236530869937512,0.36955201011973166,0.9321617619567044,-0.026418713344303145,0.31961854177723714,0.28772372024198145,2
0.4907458435356837,0.8039670600408143,0.8935421787993914,0.49165967867600724,0.7545609447311404,0.8136776637877363,0.5537006672816998,0.3426227121833349,0.717659462535703,0.46308035502673367,2
0.2766530035076056,0.16727785540948803,-0.20099313765294313,0.9093124045233465,0.8691436964609954,0.5758118869640987,0.6869563601197457,0.049774261373874085,0.5045653731739684,0.4770612096300766,0
0.09006683854512723,1.0466477811519566,0.13259612834918055,0.6512200011160086,0.7651994522512191,0.36614137616221876,0.5271328754460742,0.30082177218073447,0.07714431852462829,0.3481038006072976,0
0.6749447762744138,0.48212933896750443,0.5844288520237793,0.6739692318495099,0.06701910965922045,0.5184554771325853,0.7543998862121657,0.5339272621664374,0.5481584027321631,0.07451820645575735,0
0.022629926107194283,0.11876497980222447,0.5443283765342756,0.48392366562211814,0.8418408307648545,0.30249660503892845,0.4954913021084172,0.6992109620022647,0.41244522046646664,0.16651181787209804,3
1.0402235065186105,0.15584181735870242,0.6337659465614197,0.7033953606138887,0.8500133519374059,0.9392800325016708,0.1691447160129962,0.8006287648100532,0.5606117881013698,0.4466847079240066,2
0.14910594704964206,0.010925373874340602,0.5472718575629861,0.1554192940692104,0.9573108975874237,0.3378898823079447,-0.1309734498422502,0.7794650220453933,1.0424364615329942,0.7362340103387024,3
-0.3869273059694713,0.47595404165798844,0.48084971912821783,0.8619723424683022,0.5383274205795193,0.7033480332985642,0.9180178976353156,0.8279040177068525,0.5782410913430186,0.8672843774606199,2
0.014223796181112046,0.6153074986255219,0.8134275858004112,0.22755493219181608,0.7318169919686515,0.6788897653231976,0.5312283322538711,0.08054907788839359,0.7763087890471104,0.01797696789471215,0
0.41081865140377405,0.8213545763347591,0.030503666819464054,0.2816688492071634,0.6730089439614173,0.16247422951763102,0.8849234022757879,0.3469104144874085,0.6701095524115209,0.6106139588255144,3
0.4895712893995128,0.2071628454829322,-0.00831786736397147,0.5928619654801779,0.4214124689321772,0.3405721506070547,0.8540546010828115,0.15071159243484475,-0.04296554095849524,0.4400040049629996,0
0.9567714960108674,0.16844342031405532,0.6251475831226077,0.8710431334317936,0.7451695527896953,0.8133719568740284,0.22463286031022614,0.9193287973375732,0.6525601617689708,0.2947960462880074,2
0.8224105703691842,0.8309270617688,0.7729570398332218,0.7980617421022101,0.9118670866527043,0.25842195756900266,0.35635997451984724,0.8036977912783937,0.32818917844333995,0.6196157785672477,2
0.4411040162593551,0.8530197452728507,0.17029366153268158,0.30186944576212665,0.5842809970169281,0.11315761806016168,0.9976986041839945,0.43389330080307975,0.7641484774523544,0.6469608868225525,3
-0.023583970362737378,0.7147140035275746,0.1443006785034794,0.7619371842101154,0.8682829424535632,-0.1517290476926374,0.07293677583751651,0.7853336624034635,0.23121180162820465,1.0213303678186347,1
0.7687845087814503,0.18438639859316158,0.31839751442586617,0.28396140923394964,0.7756995883454413,0.912237354726865,0.7029195759214598,0.5587082185053078,0.8373151210512327,0.11787005754721991,2
0.5046172152113926,0.30861782477801414,0.12536162996935904,0.591595299665597,0.43677923270539104,0.3652773742534151,0.7012360922433007,0.4208272127626714,0.08693524382459644,0.7424884512433677,0
0.8720421962649009,0.3246708102945522,0.7062257107388555,0.02178601390685248,0.8952311486287283,0.014689002388294266,0.8623713925473555,0.6546897239708627,0.21129839204043002,0.765648534540167,2
-0.2645000117957012,0.9959429315928396,-0.0033393194441532215,0.9815770599003448,0.6005012170913164,0.38856727855239626,-0.05672367217407007,0.994660372029061,0.411976603856824,1.2614103087102597,1
1.0479367755221254,0.4590448101214929,0.6731119737915363,0.5317888122981351,0.34494825618176905,0.8087353487869738,0.49382562066127933,-0.19357405619317275,0.5804185866467154,1.1907530365525203,1
0.8990412828888188,0.9102944987494965,0.12206798894004821,0.7739690187023834,0.5566072850239657,0.32321542528765285,0.8929228320779863,0.013947367180056292,0.2988246699475861,0.31297427938207106,2
1.011040753622873,0.13288863130130077,0.5388088521140445,0.9066740348375847,0.6552591894865258,0.8463641094412886,0.2515370898511495,0.9194038392340754,0.6407747915291949,0.2840557591809537,2
0.9847582028170639,0.696932310938762,0.942787482233449,0.591962409307299,-0.26200693687428367,-0.3283466941874239,-0.09354086974293374,0.9668804169967793,1.1032396664320254,0.266145236232293,1
0.011042643986969787,0.6126940956199528,0.8117931580503629,0.2276424616348823,0.7296161490503847,0.6783444961911443,0.5297005823610041,0.08102347760960853,0.7806254657646319,0.017780499713342487,0
0.9746065844362971,0.9984887820875512,0.6459263256639368,0.008981136929655947,0.09462916298289317,0.21446631754837692,0.028111702542514286,0.7550942142903027,0.9827590974966607,0.6970068378296812,3
0.8270559825862935,0.8142874878420965,0.787213700985263,0.7612786518915692,0.894500250828082,0.2468869024849993,0.36042183583452664,0.8275572081288854,0.3442155895711163,0.6379245965022843,2
-0.08197809351205637,0.4930831495932183,0.34592285122025845,1.130350154784272,0.6193582690525039,0.7223188829990349,0.6063492986605342,0.7278585526048684,0.6982977591559805,0.6487838653298859,0
0.032484293027610134,0.900887258707789,0.5971717877689557,0.6339867089262404,0.6968389893209956,0.39379702648883086,1.0927033194058093,0.4836089071824835,0.74065335820363,0.6052686868059799,1
1.0475056308720512,0.2838686568145922,0.2402531481533757,0.3964445114267857,0.39810059883708093,0.03130083241061632,0.06256050375716837,-0.22033989855129626,0.03744237946619869,0.7947696279821733,3
0.4682296703311902,0.7924459109826077,0.8552367770541869,0.5075320688145254,0.7226800541644592,0.8163327857653385,0.5649012433777528,0.3262408022349916,0.7621081415008925,0.42702883524612195,2
0.4855798902730113,0.5428372786201121,0.8660112566437741,0.8936580505079176,0.11145267751189407,0.09831380659965203,0.021060220733351696,0.9750657476367841,0.1810916006520663,0.43328618886876946,1
0.7237314053789082,0.8961643396672977,0.8093615970757542,0.6908178525840912,0.3693198037633862,0.7642564287878691,0.1878864074115903,0.10898973095396768,0.4669505454158833,0.11532027112775875,3
0.7087537274259992,0.19445662242194572,0.5723631662141764,0.32536686659655156,0.7562514278286468,0.16262277697617397,0.6799389275221346,0.12239626768746563,0.4607836389294109,0.10260167570499962,2
0.330950183763968,0.3819220648424437,0.9316120792806883,0.8059174098560297,-0.09124937750668395,0.20784969830460134,0.6851439648171659,0.5436555621948933,0.46273829948895745,0.8313842458822825,2
0.8987564348250697,0.6033729180070437,0.3560692981037768,0.8288888691194768,0.2601623276752622,-0.037665435572240946,0.46470299337802684,0.07874343285576561,0.4917145436146659,0.6795854140739375,1
-0.036357987949144216,0.3368658837727128,0.36772707084662976,1.1184733812464958,0.6717453551105614,0.8069847693799473,0.6390927704393822,0.545628157770214,0.5458330321743399,0.7824567931310847,0
0.2905537224750926,0.9764931145930286,0.004458541382502422,0.20985967610415637,0.7565892428526912,0.08087229488907803,1.0304017707663171,0.3708372045916377,0.5681448817392403,0.5069637951020661,3
0.017122409573511268,0.6199390455903571,0.8196221115525265,0.23159505672573014,0.7331800825759427,0.6780504802899828,0.5314846650133029,0.07584005169342249,0.7745437315457687,0.012119862453210358,0
0.13295720258820407,0.9862139023239341,0.7247683806517067,0.5315455863069213,0.8559952835304038,0.2643099030376348,0.9483134019360789,0.3834698969590325,0.6647276632059946,0.6425348386423234,1
0.17057542133784515,0.6865577443533147,-0.05120603533795545,0.27350887686842384,0.9389674956820209,0.4153826128674811,0.35906840646589305,0.3189326636852243,0.20174501001520295,0.39396857523997664,0
-0.009406647310694446,0.8201768328713046,0.2152354680664787,0.8005198685848897,0.7974703389381024,0.11952056662554274,0.05008343256176813,0.6450175224757815,0.2117673217234796,1.0501414228972796,1
0.533305581372005,0.8464936055100574,0.8339145069351175,0.5062604941949023,0.7482477218022189,0.8730635128670734,0.5720930340068868,0.32675257621772225,0.7840060816092308,0.46182699530378474,2
0.45178610094202304,-0.09855950697607019,1.2584561574432231,0.4210414423352104,0.49841332100004737,0.20726799019944822,0.08178105994944157,0.39313570982464385,1.0371077313274029,0.375898448326745,3
-0.10702067843017227,0.6774637512005388,0.5708821623706866,1.2583609362872474,0.3034515513067132,0.8321995751920443,0.6543306770993321,0.5312534423244739,0.8557431972151015,0.3698595085061376,0
0.009516322180950623,0.3948307583587115,0.43938668892925486,0.901650088979731,0.23370569167649177,0.7054804660436202,0.6239625525471305,0.554559230552293,0.4333625500458269,0.8307377245473409,2
0.9823002509712402,0.940428138004821,0.20017960591902434,0.8134014403593947,0.5523969914595718,0.3067422327399698,0.9380184492056497,-0.07277656392833805,0.2675634560684987,0.3681548141151223,2
0.9344286277248307,0.31493949101275326,0.7041244122012453,0.04453030788658146,0.8735499707087814,-0.04381714377611916,0.8512968937460309,0.7089539411812231,0.23378481591345127,0.7776526551677916,2
-0.05650508352242466,0.8304082409854959,0.31855617035466044,0.46955580458098095,1.0461752598280492,0.13107320370745668,0.2154699238939574,0.6836782845607667,0.46122586179050346,0.7159617480786375,0
0.7488963093518846,0.03345446726050269,0.6752340307489858,0.22318143973292018,0.04596893694349968,0.9804811946284686,0.17485126370500656,0.44514824061776115,0.26322977391058855,0.8885316620456766,3
0.7174821886966537,0.9836721363461703,0.8152548472647455,0.636126923374641,0.31504051904537284,0.8745539907376315,0.2272165745720256,0.18642167117286154,0.5546945221359948,0.09501219357032134,3
0.6781890662555257,-0.09391961684155134,0.2095579994436702,0.4890373889460469,0.03889463883710087,0.1869044221425622,-0.15475297195774543,0.011217328127120875,0.3058710345297879,0.6683230988165579,3
0.6516565780506481,0.4987595863511899,0.6055987090771037,0.6832609152084935,0.05045156623941714,0.5154254849222188,0.741283674766853,0.5309060584736184,0.5529977853245904,0.07805396624553411,0
0.08249952996925501,0.9191604024503336,0.7584764438088487,0.5532386921136587,0.9189152435173115,0.192931779195794,0.8936755654855035,0.43640560913350523,0.7398509678737295,0.6683986768393079,1
0.6798213282910562,0.48804250280791833,0.5868387097322733,0.6981625930169122,0.03193525085560036,0.5108125056602701,0.7658670986194085,0.5500521446214638,0.5652864922666849,0.07492833403382322,0
0.7327786543647885,0.2689004413920254,0.9213953061223517,0.3690698105847446,0.7329648275603582,0.40735339569635115,0.3785766908214047,0.021955203322629707,0.583138303622418,0.8157374241563213,3
0.9549284617644423,0.1263049416812157,0.5558630908226279,0.8859004919161088,0.6660859390547691,0.8663012145554022,0.20323521176246237,0.9577121002555894,0.6422930293448881,0.2764062632030562,2
-0.2324535706390931,0.0830885850008071,0.4111001125539072,0.713548702190885,0.2665227251176487,0.5799736144690895,0.94047861382262,0.4033062215875773,0.2541493833574314,0.6475233874566804,0
0.2732687624814742,0.7422284286685865,0.8114218552352781,0.514091569703249,0.9983639819232342,0.3038137325384356,0.6830624088574211,0.2114935694006308,0.45353560327019865,0.642101041712626,1
0.5071624606874945,0.8455352529869542,0.9046367418997153,0.4739378318841461,0.7900464311159221,0.8221075537820293,0.533707582138164,0.37517857779719194,0.717895259848954,0.4693385814234077,2
0.7039662634920015,0.013384871762419946,0.5170775832621514,0.0855581103131731,0.7823314960324249,0.23215383511732607,0.48933618896977926,0.2284601078393544,0.6506143836665501,0.27752277192736563,2
0.9578731438524085,0.08454512400256832,0.43498932609239577,0.2372766970701494,0.4555754682469538,0.11919358543249606,-0.05481236271962779,0.3512411064602905,-0.13807644970221783,0.43581384288162783,3
1.0019938585746873,0.882720443028132,0.767984215097941,0.5780699342763358,-0.019727366983612868,0.511716702625991,0.100268307597877,0.8058573819059124,0.035243307012963535,0.454711326849198,0
0.6461427559983686,0.05849036220169043,0.008091100418882419,0.9488843451691921,0.909673894086233,0.11718318308349765,0.05353042711559755,0.6454256475817542,0.6467199655946408,0.3441957374420318,3
0.8822663353687885,0.2463891451932982,0.5906479596325674,0.9283977914508149,0.729779785671759,0.737555663105061,0.17238402579893186,0.9191086673927716,0.5718038675934903,0.3270192069163764,2
0.054246051143231125,0.15320328322415033,0.528906848967775,0.5000879430557187,0.8801696282402839,0.33417327715614736,0.5111449530568377,0.7351863070377715,0.40075833922729925,0.1599836440271424,3
0.14135298590134535,0.32603030951351386,0.47030607521602336,0.8909514912398695,0.5444997522399871,0.7338239389711142,0.3795178901354277,0.7728753477302976,0.6916966159309541,0.5347353910096075,0
-0.0922527358923132,1.0473947390879523,-0.12248378974914706,0.10206456931147853,0.5264029518939641,0.2053705820759351,0.5050209167170618,0.7418597810894515,-0.09207208664616467,0.012783062827793623,0
0.9692394124436919,0.9284001431504305,0.12318985193343251,0.7492108102540741,0.6126664406107865,0.24780454000091084,0.9251141101721202,0.09627225440433367,0.26976030264598566,0.2695994244087143,2
1.014342233490814,0.8531192902843988,0.13246316477893785,0.7840948518421923,0.46170130279085503,0.44190039112453394,0.937263952697232,-0.05322966502113714,0.23765882577083647,0.4273997285935828,2
0.3530745281135404,0.5214959516435671,0.3090239858947118,0.26590219350865957,0.03803936132992338,0.5228983312788676,0.10888184769427524,0.9538903968771505,0.14675422075152092,0.3348785433261637,2
0.1453898151786765,0.4387457636477468,0.5361095007924584,1.0290002892876147,0.03472981772913396,0.3283214464013229,0.6750980414634833,0.2532730662333872,-0.00808007320162002,0.9324877904810677,2
0.46246637381857375,0.8929120097375197,0.8263546112585001,0.548943710482652,0.8293592321181914,0.8732410035764304,0.6057240255466194,0.3721614249443013,0.7178749038558809,0.4724478772731286,2
0.8506085553553745,0.30235189513526595,0.9036829956772583,0.48438496162825995,0.1946437425706408,0.16670611948692485,0.5439342212875927,0.5339662194419138,0.3952436149924656,0.4442232883192613,1
0.19059002892525542,0.800987883734566,0.7112910270823612,0.24469186814753752,0.02079505990483524,0.7324629467104861,0.7136126581345372,0.3151656117929357,0.24604058532122494,0.4525286742040887,3
0.5994833410520654,0.56540586292231,0.30082958263720067,0.290373170840889,0.8217021145373756,0.33954293190276386,0.36711687008007304,0.08260008062340782,0.24084761199791566,0.2000073025587195,2
1.0825607258951742,0.2515758982309423,0.3893932629895281,-0.42134013656343394,0.6086898398457395,1.2503834966324763,0.47044559488882565,0.1208266037041366,-0.05253588010933852,1.0086196861134502,1
0.3628715366732735,0.5434344307528453,0.39607629995390947,0.4572110593884363,-0.058265219196288964,0.42556800253786137,0.30439924021316267,1.0124062937976752,-0.011770481082953574,0.4217180884787198,2
0.7729607352225343,0.31059161092196186,0.773982800579264,0.30418245395348914,0.6879056565955635,0.419938504145134,0.34864425706018093,0.3082557257397221,0.4564206202080554,0.3804606752991705,1
0.0076257582005252785,0.08249551822409092,0.6973834844621378,0.2583291511983054,0.6183707608443012,0.3633566100291286,-0.18042687809884356,0.7595617388668027,0.7729320689100028,0.5589196679274996,3
1.1721478770422702,-0.235963943811704,0.7769049627841003,0.7676069334663931,0.3185784882050393,0.5442856400813677,0.2839731227162113,0.9177000061268383,0.7864256087472067,-0.14058530653279416,2
0.01909690123924756,0.5237178240653522,-0.040586633139879716,0.1565706967525373,0.9556789605624738,0.49222580401074734,0.34052454317670433,0.2577533142768606,0.01514276884425167,0.37214140144626934,0
0.31853975706039833,0.875044814375455,0.6343493162209012,0.26207624412393227,0.1233464123282782,0.826012085697038,0.5763684736325037,0.4214554252222366,0.3756250182351477,0.4229528430957827,3
0.4118687221620567,0.27847958083307767,1.049453535741912,1.3263354617684602,0.7868574884511378,0.5622434665537744,1.5500804625547269,0.2142917382587582,0.6406295769775714,1.3026038022177153,2
-0.2380927609796652,0.3463582408304133,0.2067650046502819,0.7038323978818208,0.359795303514203,1.0453337019045108,0.37637131959193637,0.6980131962276576,0.8527100353168207,0.5153358333271578,0
0.8685610799306215,0.30512378709255045,0.7098535554846573,0.03062072678401479,0.8836764893487727,0.01352145519129744,0.878304076211175,0.6547382962998749,0.2195292369842155,0.7516967968427535,2
0.8297067991866577,0.8083810973008692,0.7666695889986348,0.7840477077279131,0.9414791891088471,0.2572423248922604,0.3940744541438525,0.8363769846563331,0.35554662432704026,0.6085926118847218,2
0.13869472754838677,0.7512386668096027,-0.01661177089970868,0.20137387320848163,0.9157555537785338,0.38926633555128565,0.3437085614015882,0.4366012526609576,0.23833924060004727,0.4845241825273103,0
1.0033515592495255,0.3511617402083953,0.46532013974510883,0.2451403927579816,-0.06462310489524573,1.124571208614341,0.6864075883480749,0.18165614387108084,0.9006352137252189,0.8932865216115986,1
0.1945001738160419,0.9902883239964019,0.7806481810982469,0.4582654444268237,0.8110260947674008,0.1826480445324425,1.028524440261877,0.30341795739811,0.6827141785429445,0.641507031627686,1
0.22768235384405175,1.1503274340969267,0.26274419606208715,0.6763107821116443,1.0296582071892442,0.3723605062397558,0.2287221182371057,0.49134083578572796,0.2848722786508153,1.123783262256005,1
0.8519501672350914,0.8621606580649491,0.7531574767843343,0.7850561097910471,0.9154609781976557,0.237905028458039,0.35344798335512684,0.8266421573378542,0.3192818012164257,0.5972771905673316,2
0.06490664077954995,0.32702929821649085,0.4823237639744958,0.261551176045555,0.8813584518027247,0.670646578071423,0.24390495323236555,0.9619744839068665,0.8503662355691864,1.057058890048019,3
0.8075777114086801,0.5768351799840414,0.7667666713522484,0.3639033405344244,0.63207415424359,0.9497027504025353,0.3000213174143133,0.16824040698857465,0.17323563261426214,0.8547829464749428,2
0.8170829774280727,0.5974694750705123,0.7873409152542005,0.3769994035813854,0.6466460232341283,0.9586142027691863,0.2977022863246247,0.16701593436610676,0.20435314569893592,0.8804347805137555,2
0.10440862876702159,0.58045204825551,-0.04933861540565759,0.18055950661271614,0.8444846633052853,0.31826442245052355,0.2790638903654662,0.3704253182457251,0.2775057289465575,0.3549842415060074,0
0.9876499653551809,1.0066603775212541,0.6273958746475515,-0.024288196853123438,0.11085957771871778,0.20349847241629843,0.014304982500801266,0.7750301462080612,1.015388223033109,0.715764385732749,3
0.6670064132509692,0.4147221666164307,0.6883164137941744,0.8422459242746498,-0.04874365942417726,0.12948518936576855,0.14046543396309807,0.8340841395547944,0.027223696128199207,0.5512342150855326,1
0.47347990208139945,0.8624071400405001,0.9119522069420553,0.5074566017870531,0.7520304047990509,0.8301260702326092,0.5030998344975987,0.34935319981305957,0.7612990596318353,0.43520088775437027,2
0.24613812563343668,-0.04046327628925048,0.5252793318206279,0.33342758956689744,0.42024966407556885,0.7271374467800575,0.7988286097240522,0.7450914042862875,0.8785763763723977,0.5063751755921345,2
0.17604184545875695,0.6007636315688942,0.09871170320004632,0.1326535664762207,0.7588215610325145,0.33251964936790357,0.26991015245593325,0.05956949970036901,-0.042714836759114305,0.6287056730131653,0
-0.18754443439734847,0.6997318889541498,0.5823079775661368,0.5146639596897059,1.0905761761880106,0.1676371335245887,0.7960848513852846,0.5350109519571403,0.907535305993414,0.6564395770221618,1
0.6578526005545665,0.4934049212966657,0.6067826138510687,0.6755432980153784,0.04943927754545103,0.5216559503489578,0.7461355881133294,0.5274367745927473,0.5440377559491028,0.08019693397361478,0
0.5050221493019367,0.23101325538628387,0.2877376817605641,0.5786230824984079,0.4182676249249856,0.8975450423372172,-0.25843928275068706,1.0723762987443217,0.4611198329015276,-0.0689758925167363,2
0.6008143360364333,0.91743593989122,0.9831110477836797,0.8209259434091379,0.24152493348251375,0.767805323942568,0.06206449198176994,0.022130094474083956,0.58314435729174,0.14261102194599623,3
1.6164926496735683,-0.43251601584736166,0.737685431387823,0.31196146661850943,-0.18637051494737944,0.1241846407096257,1.0561427714155465,0.9258360996032118,-0.0024642983143852715,0.9566093075589003,1
0.5594893979926512,-0.00016708736824849746,0.24737501692892117,0.8832379810664981,0.9286888084022585,0.16716018697455157,0.1497622730270679,0.8132410912106502,0.6557816515025703,0.48234724897903136,3
0.711587796980501,0.03689113469857952,0.05019362694205898,0.8485679908147766,0.9475757813677345,0.07066219649062438,-0.004003150380372623,0.5084830738512273,0.7088769793111778,0.3494898039291688,3
0.3079055856195456,0.21006187198383733,0.14738585521494196,0.7111559433264273,0.5895382993560881,0.27221906842583676,0.7451599784585121,0.29669843725973455,0.0747724355123358,0.5880425402568382,0
0.808532796784309,0.5897238654661444,0.7892010389870804,0.3878276303405981,0.6384897966846729,0.9382301146983055,0.2772266623608946,0.15388727105509767,0.18334129858820236,0.8645681955131127,2
0.01444310971918257,0.6140545589673011,0.8138739777740364,0.22845889184610302,0.729026434688925,0.6772513821755434,0.5298349112744981,0.08344863335846492,0.77949806376682,0.01838322295373654,0
0.9343256761018417,1.5814706468032984,0.3625112380814848,1.2406116380885,0.9260240229095376,0.9968640358722615,-0.45735224048169487,0.29927545894510965,1.1594448234066927,-0.6692391072456397,3
0.6868582579254373,0.012616526716941733,0.11890226489952183,0.8499863484366594,0.8939578313794599,0.09105645204252563,-0.009177610659386368,0.5996415987517316,0.6995753119587419,0.3906291555403824,3
0.8032429194509098,0.5849262518995735,0.7781159016840103,0.378494972826207,0.6391186290188966,0.935250521908928,0.2921196829785585,0.15618778554630258,0.19651416428807064,0.8576980736426512,2
0.31780140875515667,0.33695495137483367,0.5480247245220602,0.24532609651228465,0.6593472665665947,0.11037567846658586,1.1962628823982828,0.8977077526449515,1.0230154987638174,0.04172855646362289,2
0.9678979027629896,0.9873861148341039,0.6325533320598924,-0.0002372531979158805,0.09340655844659161,0.20439909989911967,0.020757310964504828,0.7517167205984017,0.9935409980039973,0.695406497090734,3
0.2889421257071897,1.0206493131489838,0.2654736023585643,0.41912673539932227,0.658820987063737,-0.009314260408941809,0.9661434611290602,0.25956479992605325,0.1089722180663878,0.09717288669623314,1
-0.2740233792229,0.6679161110147591,0.5881845744568669,0.2720847547303901,0.06908892821231925,0.3134993806544177,1.0686491220687953,0.26760472045616573,0.23211288340197944,-0.33896645730481745,3
0.3785988107657208,0.631369178998268,0.08646484835381033,0.5348044354118193,0.795152798118381,0.1312107434865905,-0.15270260766711685,0.03029668457818452,0.2872679750807326,0.296638098776001,0
0.7626740698705651,0.2067359255696684,0.2707617818929543,0.27462812770100514,0.7804092811835998,0.9049455203965041,0.7326271957886196,0.5187175666298264,0.8332781264909354,0.07868514293206261,2
0.7084596719054206,0.2691398502594967,0.9327113875367439,0.3647802765011696,0.6920701238769481,0.35501661527617306,0.3305282521659028,0.0128131029062676,0.5284796178329776,0.7719543773248491,3
0.18132550263156202,0.5167840433445159,0.37998509792725466,0.22894795709321478,0.5552062055743632,0.09254318733308596,0.6135803673768677,0.8531316597153892,0.6272104698050276,0.13330746977379282,3
0.5781294920823503,0.5702172169792011,0.29027881034264164,0.2907029766355748,0.7959425914062838,0.3624688040194842,0.34809347116127726,0.05554427998902617,0.21910296808146176,0.21618313008196496,2
0.16204683316730117,-0.0092926261643239,0.4658767585336451,0.5272999347165257,0.4428542639476084,0.5166382431857964,0.9139767526077962,0.8337661404231784,0.6112142349096428,0.29391906931293,2
0.9833979605736801,0.33851272801871424,0.6813715545363705,0.2716233882175091,-0.021652698536256676,0.9385927397082587,0.46515353167693246,0.11878136665642104,0.5668151477737898,0.8989634929759077,1
0.06776835982921985,0.3249986796929697,0.3191147946888121,1.033551553854452,0.501922613168332,0.7899598879896909,0.48115348642228384,0.6826625488643564,0.5308663989063639,0.6521472120708907,0
0.7886986825196773,0.19621623111882153,0.29205413549264236,0.2641370853426035,0.784252486558322,0.9085656433954089,0.7281376783885282,0.5489264701610271,0.7934899829911776,0.09400007064589341,2
0.04973596150525228,0.013493280523247164,1.2294766547324487,0.5912975247033525,-0.04122433359809919,0.4279163994387182,-0.284606326173756,1.4035279648870926,-0.07684127238952226,0.7600805761323891,1
0.603800205573268,0.7787743827784576,1.0004620746667687,0.6974032948121988,0.43375899429269776,0.27481850985794726,0.17907820074856612,0.9112323036749393,0.7625179971538687,0.7782408553200754,0
0.528302785190036,0.14317592184531133,0.9720968025467481,0.35995493614545787,0.6121514083347797,0.1935976267742892,0.3728700842079597,0.4392503597607978,0.7432914601584641,0.654503538960231,3
0.05577574109533042,0.15104580701740478,0.5278720255761302,0.4976740781980022,0.8811445095145901,0.33562869443795335,0.5139608095814133,0.7412795242816699,0.4003468502634242,0.1596014475441712,3
0.6108222449442632,0.2642335504328228,0.49083213518429064,0.13295784628756394,0.05029986128804835,0.3226079108128189,0.7037743169078522,0.16294608329812585,0.6545949100657321,0.3516351062414269,0
0.12827986995244248,0.33688998379518964,0.37349189779982445,0.9830304085730222,0.47951736252821886,0.7967311565571279,0.4560863496397167,0.7738789616943998,0.5186062102491997,0.6020166792364178,0
0.5176026992840655,0.8300562961295257,0.8726122296827603,0.4678196925717586,0.7661890030445369,0.8197840503359044,0.5258706476183601,0.37467307643130227,0.7270371579586775,0.4703675262012918,2
0.6248658280830066,0.316276863767765,0.06990567030629757,1.2932565029913172,0.3779189962346586,1.0495875850669258,0.4671981169029229,0.44608810868648224,0.19469270405598554,-0.2548035307604085,2
0.8715036884883688,0.26875974413040965,0.7366795906738863,0.007339358801262082,0.9121302434495252,0.07626766226805486,0.8726323450018296,0.6603454804891234,0.16926323960463258,0.7138856933493238,2
0.7760798458708102,0.5550465130448721,0.7993291290066523,0.3459031156954464,0.6759644671332302,0.9314044748239764,0.2623256710663866,0.1323340632817887,0.21490724848655374,0.8298789498096752,2
0.672376803835869,0.717745036718521,0.6271104717772371,0.8531004391024514,0.9652680078638048,0.14254588605727062,0.3609883148086593,0.9408937733589368,0.36893648527873285,0.4944960028242186,2
0.9941081838268816,0.9764160526837264,0.009892891438723836,0.9188837006946711,0.6885565191493463,0.4385303363351866,1.0094659953218776,-0.1040831161972401,0.26084326518908374,0.38430510239712723,2
1.1684641463921803,0.3186488977747338,0.7497204461003651,0.6133266328093865,0.20050280210998705,0.7532016197742523,0.45421894575561433,0.16345448346028596,0.9589170106325238,0.7099026979107705,1
0.6999757996659273,0.23438937690486514,0.8613753090149292,0.4449363514454409,0.6898664496022977,0.40873447464599455,0.2614957426136102,0.02977385584962972,0.53014749026277,0.8253101885593979,3
0.4021038381209962,0.8003828398561028,0.01560176245047485,0.3451842419694582,0.6866667369118609,0.1412788866740238,0.8885746486912548,0.36752443093101356,0.6186881466416335,0.6509180984009306,3
1.0186744047416247,0.02755398374455431,0.9596310899750108,0.004352447765301304,0.6475908503567014,-0.6541531485268061,0.24393113168235098,0.7637158850615885,0.5201052381076945,0.26742820679941715,1
0.8052419929880953,0.27635384016734993,0.7198941601488927,0.12998109273583547,0.8107407045583204,0.09373645551027998,0.940967304814592,0.7018671375738351,0.20537494294212827,0.6911977056229096,2
0.011983194833267614,0.47163694727044014,0.692215658074764,1.0399644363116558,0.4693979973883813,0.8245292124771747,0.7098691296680846,0.6287749953373739,0.18557567829416677,0.7074542403795927,2
0.017718502084465963,0.6176681235628827,0.8159824213689337,0.2315208122897483,0.7258005734026474,0.682263230571154,0.530470828609807,0.08649620178643139,0.7799256202051155,0.020141770686966372,0
-0.6101526555590059,0.152960772027338,0.5870495420017505,0.415194869019349,-0.7091516264821003,-0.5245338108038554,0.9786232288610601,0.15836000514100707,0.7010884744943744,0.5337204737445347,2
0.01188984751196163,0.6153932764955968,0.8144231784046704,0.22247800950143162,0.7320818403819449,0.6812385618129007,0.5317857378784583,0.07990735216989987,0.7805310191014976,0.01836197060905156,0
0.04897014643074296,0.14409959111284984,0.5358685571184283,0.49906403529676924,0.8844978168187047,0.34210938829200843,0.5207726660122289,0.7293848969086141,0.3978878573455795,0.14835698380382356,3
0.44418038519773295,0.1775464884715991,0.9374438262067186,0.47288385836106084,0.7882781087434647,0.36598883941440263,0.43101090509924583,0.40966766595464665,0.8054185746966167,0.544800010566373,3
0.012300369648731515,0.6137046132991668,0.8140032696951774,0.2269683872735624,0.7300161333240466,0.6789877333904727,0.5313905817898851,0.0817202710824855,0.7784664484227475,0.018613561916843813,0
0.46647456941336524,0.7438189523506152,0.08605898944060339,0.19535100642859646,0.6095527953499944,0.22973713138773427,0.99426441255555,0.23529565269674554,0.6701184719982932,0.6297110026973735,3
0.04458163961167089,0.6818537993091612,0.2598511957908257,0.8932383436698156,0.43071729066682285,0.3347818966558703,0.8933339931446759,0.4962616187310001,0.6399370384060552,0.6245870442014728,2
0.010679047080970554,0.6130494052441902,0.8104041955027855,0.23072408454393575,0.7296518680429217,0.6821659550019887,0.5294792331914177,0.08139358724659575,0.7814043672055166,0.01977454799759272,0
0.0455383173184287,0.11167294654098538,0.5679463406533053,0.33933134730764836,0.7850872612531515,0.301563610243772,0.4922510407076502,0.6360298468688721,0.3968455273037028,0.11127886811386017,3
1.3256598592707598,0.189160276461328,0.6156721746121258,0.6601796560305543,-0.1327014417559752,1.0587220228000378,0.4120616709483137,-0.17467488733560135,0.8221622242311102,1.2661698872843923,1
0.03645490869812535,0.4209021833166896,0.279045428322919,1.0557009880068922,0.5035607860940905,0.866289156070464,0.48746924376920975,0.6721205253111151,0.5086544854440882,0.685826726535513,0
0.7470837289468751,-0.08297925373397494,0.5596823442748331,0.3025936442528062,0.8533716442160206,0.27629723750944707,0.4662281731556113,0.3334602681310158,0.5646059373873777,0.3403205163062982,2
0.9875499965827419,0.14534337215879425,0.5861613400228864,0.9007158421167344,0.6398708263058122,0.8851395914440915,0.18065457856052752,0.9174852286592842,0.6195836242327719,0.299757462678989,2
0.9769062739708351,1.0013061567758248,0.6417048499603473,0.003368288232217912,0.10050003741739803,0.21152320920182915,0.02755884680763439,0.7594284121285887,0.9813036494582725,0.6947219089100571,3
0.05692931923260108,0.6857201564437855,0.043025900231012354,0.25329272237797884,0.8492682743815,0.39293607839212874,0.35635453153316926,0.35540430088664887,0.16406346359796015,0.4015448911838029,0
0.660272438768651,0.49791393303013565,0.5973790696189002,0.6785600678909549,0.05556115688905467,0.5125283966204577,0.7455764038939492,0.5365614983324956,0.5522592406491882,0.082033922217719,0
0.7086641114467123,0.1623497277917589,0.6715292247374941,0.2052093378326195,0.6414739144846662,0.3096893309434091,0.6485540395643604,0.14246010687374938,0.7265115996453873,0.15737612488274633,2
0.6230216041041553,0.12345414502866689,0.4974444567563293,0.1449709099498452,0.6627156888122452,0.40736051964669817,0.5993979353098428,0.20709513678185873,0.7046284837129067,0.36982862297597674,2
0.7810507209630992,0.9413284646056659,0.5961554915029557,0.3417564798214872,-0.06577418061759599,0.08558483565102887,0.7696188550717931,0.7113152246795709,0.6627827859816503,-0.1362603000762861,3
-0.031882872432853246,1.1803156606753735,0.4306613019701956,0.9125091570266054,0.44843903912836386,0.37750034357765605,-0.004839948325680146,0.7691231291064693,-0.1999757768042444,1.3512677493886263,1
0.5998244017564945,-0.0006711810150520012,0.817074109320003,0.3362213923272802,-0.10458927337854285,0.8270500337484066,0.09355496752546241,0.4361563474555847,0.35427778946860766,0.7016910734779546,3
0.14112956469430382,0.10536179232863407,0.1613959420256844,1.256007645351879,0.5916908356998775,0.6133708096451134,0.6432130982712879,0.5690028962238781,0.7467468972773277,0.7734792407249458,0
0.9446774329117166,1.2379956400493257,0.562106186685323,0.6039014224770739,0.5595531597216683,0.3668156378594618,0.7412855693887637,-0.021716985663010113,0.709532091263463,0.1398387226308969,2
-0.061558018353627494,0.8980721222549615,0.29102959382576576,0.8835693409586128,0.9244431653186413,0.0027365468900902162,0.06568139781830329,0.8416111199248131,0.1871239920746287,1.1402442787888494,1
-0.12298214992997553,0.4746656179270516,-0.1310820697738146,0.022730044282361125,0.8129559490887506,0.8417076790720298,0.20304894002480417,0.0607625121981723,0.16209561181544158,0.37696505913653344,2
0.19435027145047373,0.4421853620146934,-0.2721721794196786,0.8567590863510812,0.6655695347949275,0.4117825623294829,0.10063542576229023,0.3795256070158528,0.3899922161101595,0.5589646251699816,3
-0.004836649003940693,0.683122073262598,0.14105090805491866,0.346445321991067,0.95142295809947,0.3557529424349649,0.2938247182587739,0.40016753165927865,0.2167760249042405,0.4045743053631622,0
0.7050390636762417,0.27652042038727104,0.9181887717998822,0.3797851564154485,0.6717614787871206,0.3733633206998252,0.3152793165483491,0.02487431862187521,0.5301580932680954,0.7759940034737067,3
0.24894400917895726,0.4139285783371086,0.9430567238669978,0.7184778372159139,0.0028251295952769766,0.17152698029727884,0.7673274747609601,0.6139280554773798,0.36827264531539106,0.8009263494403361,2
0.026318444551949847,0.16763446595683681,0.5277839823938117,0.4993772084323284,0.8709174080326295,0.3712863773967129,0.4804896089792,0.7607670652780413,0.400145885194749,0.20511008981821366,3
0.4293567909724026,0.8273999850449889,0.04191610388258478,0.29169632462622697,0.6574568575816025,0.1871727299642067,0.8966765509166001,0.35666100625227504,0.6684015585222837,0.608536878227618,3
0.059379701112825124,0.14951988780210043,0.5301285737402106,0.4985626691150685,0.8798032420288486,0.3363534703667439,0.5090951527794904,0.736881746684892,0.3994306775098998,0.16017890100931495,3
0.9774791027506733,1.0068537865995453,0.6516773698043302,0.005947024220086803,0.09717532488309184,0.21666338759934298,0.028050304655488783,0.7618781047111177,0.9777152511955454,0.7044044667585172,3
0.15232191337176082,-0.2246776508379299,1.0332888700311615,1.1076012416346772,0.6270632131483904,1.35504209444818,0.878162477183636,0.2577540345771475,0.20157886035082628,0.35975814924972205,2
0.4967417707433685,0.19496400202779396,0.9950495974447041,0.4208862481746936,0.6888642235233309,0.287536957913883,0.3398190279217658,0.4199827226318106,0.777600187395439,0.5633584733711963,3
0.0745117602736568,0.30643172615140024,-0.014257481193988064,0.9317837002348001,1.0600798572253465,0.15004026213845073,0.34598906875654545,0.8649331674335261,0.7402269157938312,1.015637937731507,1
1.200751048134512,0.15263114124741017,0.5093946308571523,0.9800489656783318,0.5891248876220775,0.6928629375317077,0.03054548054720277,1.1196443424498141,0.5134688845575206,0.046657783125017754,2
0.8687562437868543,0.8560261368424857,0.7861850836132279,0.46486241318635246,0.41007425376604784,0.08980340781292992,0.7649598568828041,0.23351604109831478,0.904430504346184,0.18546187151672966,3
0.6492345806278775,0.20171260353441703,0.9912876234555129,0.36810046002701513,0.7194300340478907,0.4227336715790288,0.3186373497049886,0.01996239590104476,0.5092146162509253,0.8174725300198258,3
0.5883127336153208,0.02061874677880071,0.5606044474251206,0.37736721096746306,-0.03621015117264831,0.7598228494257989,-0.03434557733380886,0.6042642971558746,-0.005581786517716569,0.8900658118145152,3
0.1875156382808101,0.35726163761545116,1.0718213450240115,0.638553525961097,0.12165964163244027,0.06408582469356233,0.8795731332535947,0.5921836132845102,0.3109713838165166,0.9071398287971133,2
1.0036490261980433,0.6611859937103908,0.8123523553143337,0.4209353520744237,0.20314918738108656,0.550932684550265,0.23049791675516412,0.5988913962987629,-0.08104479133993513,0.190350146876208,0
0.1839572451767071,1.0422056883635156,0.7991873339421636,0.6311943688675112,0.769848505309929,0.2828917268751554,0.9594313544590576,0.41091431331274597,0.6917911485358725,0.5938334751776886,1
0.9427363032051811,0.2495948015082304,0.7817871857897252,0.029077154953791803,0.8768834099254141,-0.02004751730236646,0.8386078610456547,0.6620456447922303,0.23263482165112165,0.7926929979310522,2
0.2577642483713567,0.4767135858820422,1.0185489383828834,0.756058779585566,0.007492051924733136,0.2302899009562121,0.7974058295787759,0.6530713543725418,0.38065927455280035,0.8742238834882172,2
0.13139829901918532,0.20569060753238622,0.48892258429400903,0.9655665558274182,0.1203736840727744,0.7753091376289346,0.5369230110220962,0.5212258673816932,0.444388480536743,0.8812068538250577,2
0.7871182300697838,-0.018187316253749086,1.2234851052455098,0.4075840810660849,0.4183782352166506,-0.2615922413799794,-0.4488482147060392,0.658539720127364,1.5637046046071768,-0.36404583027053106,1
0.7911210345544869,0.5933878286049249,0.7950587978020104,0.36877138615245403,0.6526249097722447,0.9318933681289526,0.27334958846465385,0.14268746682713845,0.19198559196051776,0.8653936785573768,2
0.6782369051491648,0.4968206820982229,0.6302133043025244,0.6763910279046237,0.05204353825021901,0.545249764392629,0.7824942910487107,0.5664936938324668,0.5155845219802976,0.1071999762371689,0
1.1876540032571503,-0.09935785992945956,1.0065808113521415,0.5845033609928447,0.5612425728190251,0.4431406028352047,0.7017785330054317,0.6586814427562184,0.6167466361276293,0.15046371426429828,1
0.02774534481084595,0.9113690614585412,0.34456537544665805,0.8925947137561134,0.6728876986135931,0.024436179532208523,0.05920052582869701,0.6568962230868319,0.2571661160888248,0.9922046875807283,1
0.41216068606710327,0.7670232687492772,0.10251180090250055,0.26226280215114844,0.6205531149534549,0.20523335120637465,0.9281970398366374,0.30341956926516017,0.7137897995454275,0.6656628164040184,3
0.7905350821923067,0.20103685460262555,0.4100237906411621,-0.05109448919179298,-0.001620548095601193,0.20138773847684077,0.6679086190787121,0.08604202575079976,0.7796199288496831,0.42236726878233544,0
0.25185747637362355,0.2935364130508058,0.7753583472972405,0.5310645165731506,0.12073476987295123,0.2815286754464864,0.6422551440967752,0.6324926715467567,0.505569471332152,0.743621971934843,2
0.008446583529305995,0.16216054198861987,0.603716675966078,0.5032132040087721,0.848958621124387,0.36418882249763634,0.48682642816015465,0.704369341794004,0.4779023237328252,0.16334106064165982,3
0.10542335040335128,0.0859126524383094,0.5203479069653277,0.49032288095913784,0.3164451120723871,0.5008089881875651,1.000125000185244,0.8275646483129808,0.7254667946703368,0.3926093874327454,2
0.12740672619695032,0.8248510170996275,0.17239861481507052,0.200558494951602,0.8451530193976622,0.3457923050161993,0.42877987961818026,0.44981622570806357,0.3106762383669462,0.5395669865604701,0
0.8436137188398084,0.2762680952321714,0.46689873776527785,-0.5017640146412711,-0.012719113623155143,-0.06369192949232463,0.8839680247617978,0.21386526708250103,0.5605224761744068,-0.09928236177476957,0
0.04211328253927718,0.7822851183501792,0.46790988740150463,0.09548806258202558,1.0175354744882539,0.5147122483137454,0.2998829030712883,0.495431457001564,0.6289533676420854,0.0641819771082005,1
1.2763900177286551,0.3726060079050165,0.6167488838557373,0.7265777114434351,0.5968440819227733,0.6418331095167717,0.12724485869055863,0.9773988837932185,0.5766681494179463,0.17138419841612318,2
0.5905051981967405,0.7843713140915407,-0.10733421797909365,0.7674841340313049,-0.10738813938878874,0.5035603791034196,1.068484375958321,0.6178007281863487,0.6006752723619887,0.13018506260059928,3
0.08232055703772811,0.9122836249599632,0.33381207133303553,0.8383844330255203,0.7757603762364352,0.09766403746798036,0.055956181111946224,0.7507866474886978,0.19262338417240563,0.9895265308852587,1
0.668536567575711,0.496653236294053,0.5961663813791672,0.6854629559238754,0.06171255770822712,0.5131509629562232,0.7551130313163599,0.5387971493492356,0.5483438089700765,0.08234466365672145,0
0.06435646029870426,0.13308812396232744,0.543033759098168,0.5094879763894978,0.8899827029486016,0.3191030017048432,0.5209376953883409,0.7598142631432117,0.39634606353781626,0.15468822273298735,3
0.13298683314891624,0.5613182630183806,0.17894451089934094,0.40428924552361983,1.0493778224652146,-0.07288367524072098,-0.3196617582193497,0.9895798290902503,0.18492254753503595,0.8017357340054798,1
0.9770706043210664,0.48961402121290853,0.7405895299558467,0.36536305803936237,0.10234227659287441,0.8453715782665102,0.402484909189038,0.02156020926611285,0.682501907295342,0.9887959803137181,1
0.4648461310563153,-0.281927099716057,-0.08222842738945879,0.29803229480615523,0.08158022783038305,1.9693806800000404,1.1161908214495693,0.4748227775305519,0.8306238526437462,0.7557250874876158,0
0.6020386319560772,0.5515310042882762,0.3029799487461643,0.2812763008230886,0.8248162941563936,0.3455432567430778,0.36782767381049464,0.07404878025423205,0.2273847405535089,0.20350951860638633,2
0.9095386095901613,0.9176089948846813,0.1290152651380858,0.7744932828225125,0.550349216389515,0.31563290356103313,0.8869857380843199,0.01168390046611161,0.2913294292123428,0.32254852921702704,2
0.4897709629769077,0.9246504907149691,1.0305433340995727,1.0091755087424632,-0.3300400702226718,-0.12954119726947866,0.35737763010330315,1.0868741786138993,-0.07786554155713632,0.8004851680186292,2
0.9064028635010098,0.33193717278567053,0.7183897500697551,0.03269371676159078,0.9210134278038864,-0.018973552056924213,0.8790140972879991,0.6532622360745779,0.2204637281643864,0.7567011972810211,2
0.9075028916534742,0.908915483096292,0.12428485978921713,0.7636409613056381,0.5724009340923296,0.32177289141224497,0.8856676721128482,0.02923032117386051,0.2958034834974306,0.2973258701472578,2
0.744560689164131,0.17848880883349955,1.209406237242378,0.36266845544804355,0.8060628504235036,0.4456981320336585,0.38038360976977453,0.6379108640682112,0.6135477972452504,0.6080306411139175,3
0.5721485910318157,0.8888980063804287,0.8996505304214522,0.5183166315905683,0.7983292307124105,0.8893141617692539,0.5035818295225146,0.30586709036224713,0.7063614189228129,0.5136310833466201,2
0.15576139570275582,0.24013156351488352,0.32350829465516284,0.8591678343602699,0.45747651102065423,0.9119305816356047,0.4663956510494752,0.7224291418937643,0.6740378328830273,0.5367415816282395,0
0.6361287431990051,0.8661662516668851,0.7136824948209062,0.6788524424867413,0.3277411937573717,0.8109340037536874,0.1875015431310823,0.08470288288718511,0.5557593742802254,0.13553214720267884,3
1.0376116224503094,0.5652758566017375,0.7143730055176457,0.4271878527889604,0.10256053987497511,0.7894761742387878,0.4680467783625972,0.0789240699393547,0.6766787217424725,1.024290360063026,1
1.0082005635772135,0.6781078768071805,1.227136348908902,0.6244571510108344,0.09104748215380529,0.16529045112750662,-0.03316072897808556,0.7797815648367906,-0.08535123691474737,0.2839118382678038,0
0.7872036390419442,0.8584091257257486,0.8571965975442709,0.6497120279561842,0.7908290480447597,0.3587201411099306,0.4460013740794717,0.7477962183042144,0.45299182796952087,0.6722778885647567,2
0.1548432344361272,0.5989145482089424,0.9915131380875984,0.08600208400159381,0.9386895711646375,0.33554554046315727,0.7999796743804704,0.6162029154641726,-0.12041710127592209,0.09307550514381102,1
0.8087037541133583,0.9000621113634519,1.7356790174682692,1.5247793257630033,0.520564477777302,0.47914531400936405,0.26220806976307587,-0.060632360879542935,0.32429865277962433,0.6642877152436593,2
0.6625601031332949,0.5000738036552044,0.6005635755552827,0.6838064607000967,0.05483785494259359,0.5145840055972059,0.7492358691839606,0.5367920017625564,0.5507955963483099,0.08180819614715247,0
0.6012834730486346,0.5526932456180803,0.3055227432078534,0.2842086286280245,0.8216489651304786,0.3482754190456561,0.3745487187956789,0.06573320347199098,0.22551248281144837,0.1982361708574024,2
0.6161727790313505,0.10684667374568625,0.042340246852103434,0.8071593456980964,0.9765553015695314,0.10638136111303736,0.10939635583567256,0.6029272743413825,0.6570346918221338,0.4486688881083504,3
0.04582037709410656,0.14321861166147828,0.5354414343171772,0.49010665798706693,0.872517759551056,0.3392607901102285,0.5186714505971467,0.7486183318702616,0.40678002157276166,0.15194308391223446,3
0.32639155902031225,0.13484935897072925,0.5797758563127682,1.0731125794803327,0.3303914641491723,1.01251185940238,0.3201738619314517,0.5969437424603337,0.38978211464126966,0.5179552555058781,0
0.9842427901703733,0.27277256834148567,0.7088898125576961,0.9180582382593184,0.431215156773104,0.7761633420926773,-0.08542487480647998,0.815435989372429,0.39150609002793496,0.16565073831039528,2
1.1158085101153952,0.9372547189243909,0.6927385060422159,0.5427627286942907,0.7512333433914282,0.13053543900215148,0.41544280242046777,0.00401506035004294,1.0458913560090655,0.1223093351189626,2
0.6503674056106871,0.624734497445487,0.48971456522437196,0.9343326642358439,0.2925560969684451,0.3885277032174583,0.47906248987505357,0.6184989643177301,0.49759900417854513,0.5710256999164937,3
0.8435151284334058,0.358901055003797,0.7520408740077641,0.028136887222607668,0.8552617853332729,0.01090034128926402,0.8892954060697617,0.6560274777039069,0.22732130609117265,0.8110055627857867,2
0.7970024807787399,0.5793780633731445,0.7833427422026752,0.375532447793951,0.6387982293848866,0.9371914740650297,0.28900520435013566,0.1512073221732279,0.20319975244320274,0.8515062771710961,2
0.1705353304878549,0.9398824304457196,0.7456133241024794,0.5402637678406397,0.8968436711112954,0.20618756039963312,0.9825367967303529,0.33864223083728484,0.6911877620812066,0.6118712378611978,1
0.7455596850312107,-0.013060849792801726,0.6772995823280064,0.35299425995067346,0.9111146978545891,0.45920469815609377,0.38412268889072165,0.1933597954034461,0.9923508227417005,0.7350070248400502,3
0.046403626398276554,0.6537607189481007,0.08913142020225445,0.2998099654196538,0.8925964275373602,0.3991597591820272,0.31800887453228127,0.35133683173895164,0.1729366010319874,0.3572344652207677,0
0.0953827750336291,0.35967140844395823,0.367598935683646,0.988814887334506,0.47021064234466825,0.7927542104303636,0.4663419960864864,0.7183090540469804,0.5580223621644977,0.6426217758543143,0
0.8413699992770752,0.27395751492099324,0.6526296773407556,0.04542260902531626,0.9585789769791988,0.0003426807863389017,0.9486044439443783,0.7181965353179458,0.2981420059396992,0.7285882500910247,2
0.8855790551744557,1.0639881832319318,0.24032173372751836,0.8165574114782199,0.7479559645095435,0.43448924233885333,0.8605661884626603,-0.17443240242860947,0.1758046722525209,0.33345269286154333,2
0.07113911894427605,0.16388099938995893,1.279921851873755,0.24191748660833368,0.10213851071097595,0.6832531296390936,0.6989083653660778,0.48017717496489687,0.12361248197733057,1.0745938168013391,2
0.8009545766059988,0.5829706733329842,0.779292386832619,0.3768267459430793,0.6389210186671952,0.9347341666528366,0.29039169210212407,0.15736163019765645,0.19684849545776126,0.8595132783334529,2
1.1157039122896757,-0.4404938978295378,0.35602696591206384,0.41445262481728845,0.7363404194262997,0.11257408372954279,0.4217732743732922,1.037224927605433,0.7233818528494612,0.4869411409796634,3
0.07931656827180902,0.6756441220205629,0.06523577328760671,0.24618645280150303,0.8481777704582547,0.37148687415090864,0.36504836996185447,0.3432623474983161,0.19120099579184865,0.39238364221948346,0
0.004005860731041019,0.6193009237008668,0.02905701351681698,0.19917696307123708,0.8039353408706197,0.3725294307791675,0.3924986261972289,0.3631570687714659,0.1844848079618238,0.3990548850600272,0
0.6401491180482858,0.8292126111684399,0.4585032255202402,0.945747930320017,-0.1914046533871568,-0.09549464291840981,1.2086539491995996,0.4288395322759596,0.6837555020896282,0.3711002588190085,2
0.908257648683523,0.7861113039108673,0.13875540040066142,0.8480455495388518,0.687302438562789,0.41797544201239883,0.7871165282355838,-0.03678570498470484,0.3840902286189514,0.4180597784041214,2
0.8624569029011553,0.3154422115295164,0.706457454257387,0.02865355156533638,0.8835063404356424,0.01792083431449221,0.8836646908914159,0.6657912692336885,0.22349985234555644,0.7440763771549724,2
1.0019663977094055,0.7163943893925893,1.1848735186789299,0.2955971849031205,0.11525331369409529,0.7677922258046019,0.6535056267856696,0.5312712980328719,0.1853201519341432,0.23682467902985171,1
0.5594223821262483,0.1929626817152332,-0.09016289164665964,0.7657362389055457,0.4150571491572929,0.5664941866104768,0.5934965696083185,0.6809524730618596,-0.2822996568343832,0.7970681743414503,0
0.48127852578411456,0.07456961446872235,0.13816293342964608,0.7206091308559326,0.9628349779574363,0.04787728971447587,-0.0310982181196855,0.4844763142042696,0.538611486435008,0.4736157857283979,3
0.8860618544250429,0.3297635784295062,0.7315840231413905,0.032798683931538265,0.8876525127073097,0.01894855167436546,0.859571163949296,0.6783103082369203,0.2056284086487209,0.7789475789439712,2
0.8353636494370735,0.5627088593836997,0.7337785587687301,0.43302538458464107,0.6789377840202621,0.9902229467570489,0.31549282252740096,0.18986029112579428,0.22364765868023248,0.807152529237964,2
1.016724885793263,0.44630244502437133,0.7333466989766319,0.38979710954934743,0.11795753412220995,0.8900278331785425,0.413771155245443,0.05033512592384414,0.629505160788633,0.9946728349159458,1
0.8548775895188302,0.9147508394851394,0.17082312973166727,0.755610102536611,0.4897970258052227,0.2996337315679503,0.8233285737022954,-0.02239771186414903,0.2837238210743569,0.363886565885422,2
0.9931096261148334,0.18234375291834534,0.5011816790826181,0.9044328583672819,0.618700817575463,0.8486647105635041,0.2612665818052725,0.9487054937472769,0.7233256770578063,0.1909911285815054,2
0.8644262744944872,0.30694381712524615,0.7147494971660977,0.025352965201658997,0.8751738881601472,-0.004101644313955613,0.8812674871277574,0.6676552831481889,0.2485170194961995,0.757961819041554,2
0.06170740678902809,0.49642558803308984,-0.09939003631993057,0.5211253497705133,0.8818469948626959,0.1698915316712009,0.6732940490804573,0.4681104114170458,0.00629412438808144,0.14685263968790607,0
0.21636509182638378,0.2741736979744722,0.09655258295034025,0.972541936891367,0.7035127219298858,0.4366225618805991,0.6165564145190773,0.44899224545995453,-0.06220559816041804,0.7352711001150612,0
-0.044331268527429774,0.37010413843518175,0.20523948725549984,1.2724731810144196,0.7665121480223815,1.0760795683958988,0.76284859783707,1.034606338760991,0.8494489635624317,0.5500471022118094,0
0.08242715372156692,0.6685134431165225,1.1337353530154664,0.21629322580210675,0.9473163358307821,0.6013226772231867,0.8241474483966051,0.5069112049739521,0.28303405162277806,0.15610719430380612,1
0.7991006487134716,0.341191183255255,0.9149247255615615,0.37195140188276543,0.6798746784010378,0.3220984295155085,0.25516686064235555,-0.04006651371019676,0.4643039445676582,0.7670289148194592,3
0.9240021794348985,0.3636504425991053,0.7371457820552845,0.020707377891690082,0.8307945413958631,0.09145456447123147,0.9611507903043011,0.7203361239399636,0.2724557715918522,0.7000363322310461,2
0.07980752224282969,0.9743058896484669,0.3065066987905542,0.9093228123647489,0.7246131322526976,-0.021605262642208356,0.09598794865985885,0.7272613306698781,0.15004511574744167,1.040000797822336,1
1.1293666800296258,0.2592280427418775,0.7295467567965244,0.8562569725936177,0.5565965395413863,0.950321420913818,0.14205274925865563,1.0388216753739887,0.5328532983692852,0.4240703945823645,2
1.0761309547671236,1.0252946277107675,0.7239400429969187,0.6695762033453573,-0.2052177414459837,0.5339961812267033,0.13490411162778826,0.5938103153141562,0.2092840086783174,0.38785409163061635,0
0.639586549046538,0.026697852177100113,0.5969647694033478,0.1331968697127106,0.8248124155580712,0.26630256017649606,0.6446052651839518,0.11945114442353007,0.5321227436605035,0.32529885507254025,2
0.8126137314106113,0.5837081986932973,0.7715705450601056,0.3811506387067429,0.648378204929947,0.9329029399410101,0.3047240491075263,0.16103550892327972,0.19968368292405275,0.8573757097289542,2
0.8647639098766877,0.28655107974000005,0.718182948262226,0.05632436634582279,0.8688956349379294,0.01617932742764408,0.8881462312753147,0.650294415212687,0.20685671643723538,0.7755643246771516,2
0.2498470685429639,-0.5672293095151989,0.40364101064051505,0.9596896415445348,0.08214264212180572,1.1259941163039056,0.19627491834879796,0.6959460522349028,0.07822871213704147,-0.2654171026886083,1
0.22672512905852155,0.5658958902811922,0.15246008677499778,0.5022930063364931,1.020182962599083,0.4478772933091555,0.4618953393696487,0.15420141277070387,0.10786345419083845,0.46253074490339985,0
0.9516258941668687,0.813965012154868,0.5593020737218133,0.47442957807362185,0.13286224676051378,0.680779309426894,0.27716928841208566,0.29577602633626976,0.4681498932592301,0.24034142643774423,3
0.6687210068248761,0.493093584780031,0.6058028825146217,0.6769752371393305,0.0559557018330749,0.5130382429561489,0.7561686604424709,0.5263174976238781,0.5420167829658438,0.08331836291543948,0
0.7955175508421861,0.5827973974120602,0.771862436223553,0.37860358830261087,0.6388356091176154,0.9283316189914489,0.2868543927739072,0.15101299712079444,0.20162708325499737,0.8652543955807528,2
0.5612334145835186,0.6155803958117366,0.24685423642285878,0.7556881729265127,0.11837758035173601,0.3123381762744741,0.7311648706024161,0.4845786269307075,0.7955574052326496,0.16575042083522246,3
0.3712762719057765,0.8557977677835051,-0.004357221581490732,0.2641897013657547,0.6389149318844896,0.21847655532927368,0.8438496725190989,0.3937659136292563,0.634521474730356,0.5885997029325095,3
0.8382899443057803,0.11219137464417853,1.0302968251423437,0.43601920326483323,0.24336492945654997,0.1663423268205922,0.21757102010209176,0.708101146848829,0.2568986709958207,0.1318845146434041,1
0.9354956493178216,0.5966862991581832,0.7745422559728244,0.4320182300864352,0.0075247724184666215,0.7053272260848836,0.29612497973663965,-0.0700054550922697,0.834411853532492,1.0254756037642576,1
0.16149605289360935,0.505823108286428,0.761448602123037,0.5893305188373333,-0.1426616443964828,0.025332992746709693,0.6638490546220049,0.4964625507947433,0.40026498769087726,0.6555698979968378,2
0.829560892736104,0.5223522206933664,0.8418179927421912,0.634284899497682,0.3463239998920584,0.5029827515565476,0.061257524249584715,0.4104521289404088,0.056176238387736166,0.15290163391063183,0
-0.2441752326921086,0.6907425362953541,-0.01052226314079202,0.7390738600440386,0.29818844925231447,0.44999623498617536,0.4278065472919216,1.0852002661323956,0.6025753113173522,0.2693741479457139,0
0.8048077081694789,0.5861385774366275,0.7818827133930011,0.38165770848766517,0.6414359797025342,0.9319679030563564,0.29218839831819654,0.1584743864233208,0.1923977546691429,0.8604697908259711,2
0.936569145868178,0.3858972450960684,0.6526400909103729,-0.025537967571211607,0.7950005579648993,0.01585983298629491,0.8551050535894972,0.5862565653454159,0.12300197239409971,0.801556709617375,2
1.0948882424416866,0.377707344260067,0.5342401897348761,0.8336409344457186,0.3989945966018034,-0.28747604446337033,0.2813181346349033,0.0849539772964785,0.5108249540802274,0.5509599274061585,1
0.7077422799579611,0.2573949198289741,0.9318984623293988,0.3814337872063241,0.6873156265881412,0.37189818250095136,0.32340776471153965,0.031245361735653603,0.5391341803070255,0.7909875353905611,3
0.813410152473173,0.8187989934990296,0.7894575963409188,0.8227644793474393,0.8872131387513006,0.21860404994730875,0.302532761174932,0.853453755929852,0.33294946272163606,0.5802319927830113,2
0.5255671968578688,0.5898271787875429,0.7089960073132665,0.8172746614549212,0.9250121974252753,0.9486043887699641,0.7437210983096363,1.0809529508552227,1.15099360577923,0.19989130286761694,2
0.673715969478169,0.07875460768160322,0.6431981266542435,0.12987836938759093,0.7245988964339302,0.2859153621765172,0.5686406324526623,0.18319938042546718,0.6323679167921009,0.2644196320169294,2
1.0741779547949366,0.20593699591567707,0.16116427597097052,0.4863249955303302,-0.021855885195575825,0.04840896353271716,0.018232908519626133,0.08706705670289333,0.1792352487385767,0.719602874083627,3
0.6994130094789565,0.2546086514272205,0.9052975877163929,0.3739645501209935,0.6742129398718328,0.37369282153977706,0.3444388103281902,0.02544573311448453,0.5292467262819104,0.7875962124719262,3
0.12221969689768884,0.31363514402308895,0.36264765764365225,0.9135300872436253,0.5808436032797422,0.6510749966847096,0.3594607180463377,0.6564676343324258,0.6173560985826436,0.6406422911762317,0
0.9979251984056831,1.0293906853631514,0.6682778525153182,0.0004475055605152869,0.09803312156595911,0.20294879186772913,0.004553999612640903,0.7644465252161362,0.9826225559395345,0.7254463189451966,3
0.6379125991743864,0.45351968462271014,0.7065532669124913,0.454734708691815,0.33679249525207555,-0.11223620866982237,0.09096849595912138,0.019568455924022343,0.9478860002503402,0.0954102153734302,1
0.722151820117704,0.8021070460190027,0.27672773434397896,0.9654208542580548,0.3982410410800754,0.3886919658412795,0.7275600159918975,0.15936926415266162,0.23456105017567544,0.41062864607803407,2
0.830085465190854,-0.15173152994001576,0.01544947006707273,0.30186642839326605,0.10429268536806126,0.13941547031344484,0.3746568290423993,0.0165244119467755,0.6122261877674249,1.2917673948205652,3
-0.1888560904025152,-0.1753646525017476,0.5507158070315495,1.3309584673358765,0.790892883249427,0.9841155804509698,0.6399781648603743,0.32836341115562206,0.08419448592686574,0.6405460968212713,2
0.16426058061285292,1.1414499659709,0.5441735365518523,0.5368625545240275,0.8459179496695862,0.31163682738918363,0.8871650523439558,0.21865852845791933,0.5234657620777181,0.8350189422074453,1
0.47924309368464524,0.8171554263885944,1.2951764418399427,1.334865922835101,0.14085139431939703,1.3816227238742647,0.6872946506236428,0.7706548228570804,0.9624281135510897,0.473061798318347,2
0.015602303727279249,1.153034967007717,0.6278008651736509,0.5741865305411491,1.0383035074664604,0.4271784160184072,0.7185701660813709,0.2433652995155391,0.9094636275629093,0.4473738820633638,1
0.7000975557792142,0.08401982877126593,1.1456297482034,0.16103702350078392,0.7145298048200697,0.34251156601046945,0.6541636048172166,0.3119722695674828,0.6593839409540143,0.051899200793006695,1
0.5920131856153343,0.8182940399867681,1.1685011200740836,0.6792713626848597,-0.05375255319920591,-0.15598349583277193,0.42456000442891406,0.8930661601187835,0.3879602124591074,0.9833091352044833,2
0.8117285797784545,0.5916826678944461,0.7882977409800755,0.38492990335468474,0.6387973975683299,0.9279756505587082,0.2972973231665779,0.15489569392757785,0.19526473168097327,0.8650965305055954,2
0.9013014458167755,0.9504241199871064,0.1620310331642769,0.8252487032775997,0.5984150994630257,0.30346480395405356,0.8768299967697697,-0.03198546946087637,0.31719841613774863,0.2989449401538792,2
0.8654173946602418,0.34158084229684466,0.7351117149490782,0.00930287188298604,0.8794170961614006,0.015356247662364104,0.851643009805438,0.6336765620360906,0.2165724659833722,0.7680164597481972,2
0.7858794478890913,0.5701686756059972,0.7807320502235325,0.3735766027277006,0.6517796714914444,0.944411712833719,0.28565342323591425,0.1674270603204127,0.18882296702676812,0.8609782211755508,2
0.40266469218169343,0.8991864373754225,-0.018766366727709358,0.3647726028859422,0.6303786723631584,0.2519353492202093,0.8277882033908356,0.26716229306490963,0.6539050682578179,0.5586157940010869,3
0.056148158405294,0.15524522574087538,0.5121442059328205,0.5029022903775224,0.8708449122308327,0.3508488533171529,0.5234939026806534,0.7504920676025717,0.40286289004382086,0.14754421429278933,3
0.960508692453478,0.16954773097391052,0.5573506227704377,0.8796852904671446,0.6677461285676114,0.8484515327100941,0.2630843348558836,0.8749282979541186,0.6915698031485494,0.206932200828433,2
0.8726594074957829,0.3160044374761546,0.767839782283554,-0.010987621764927513,0.9718391510531428,0.08991646692624926,0.8570294391899383,0.7107842119473073,0.304976368041346,0.7246126173035332,2
0.07146344266193647,0.8104685543253738,0.6869153389656184,-0.14325804138794926,0.765102198710576,0.5443329703528669,0.6989102784580445,0.5653928335111102,-0.043016099003472696,0.46863221388887133,1
0.08390183994845424,0.6263541220404955,1.0736013541613574,0.5608372420222475,0.19265268091059784,0.7272425620323283,0.6642010704046485,-0.3124822133768994,0.8650265529677448,0.6641527145159225,1
0.013576067636476171,0.6128131244669787,0.8137110937838027,0.22855440313579709,0.7292203834619412,0.6809032933385551,0.5336536859018433,0.08399091836167315,0.7777366568431036,0.01880232512685015,0
0.009330997927377103,0.6125462039868315,0.8184505792090739,0.23186261213104567,0.7252736153552554,0.6749196839531603,0.5286238951295205,0.08560896419668669,0.7808462695216496,0.020574135700642794,0
0.520872208382299,0.2460574156795669,0.3932122668331984,0.061215647861736444,0.14200421612393738,0.18800075905134245,0.5317709882171816,-0.005678514278679101,0.6410121137695365,0.37443465588956115,0
0.05131474779753553,0.15151731974292643,0.5029322254890335,0.4985779090031176,0.8900115230239904,0.31199776314054056,0.48423608625018416,0.7449440106383433,0.4086791496772183,0.1318393380057835,3
0.8266538889351372,0.6155841553796876,0.7708370879130532,0.39959012020545137,0.6178449468805096,0.924704859913191,0.28169871259117985,0.12741218629613255,0.2287352565321607,0.8644260903349367,2
-0.1266715128695862,0.15766859583138804,0.50515941639082,0.28453752227392637,0.7153561968970337,0.7775253762677456,1.1494806456926008,1.1254680352716702,0.5016936624569733,0.5619189572241097,2
0.91381079978797,1.0558318101083741,0.5987895988483091,0.6774716926626381,0.3559269794055542,0.6290870301615122,0.456602201674312,0.35733857409640246,0.6823638579668557,0.33031739640767466,3
0.8088621411508924,0.46261999782869273,0.3989356549094089,0.7278865857486655,0.13559682433332815,0.2630319802870283,0.6102615587645658,0.2582475639070876,0.4924010011402131,0.776024484017986,1
0.1599970683587574,0.9295373984273353,0.6210301722444528,0.6771255717243618,0.47416994854379646,1.0760877636043722,0.5468765531180533,0.2869841622006018,0.5403131578644456,0.24816134567019557,3
0.3480719548075847,0.48255951224363053,0.9117618277208559,0.01021027938389073,0.9365366559615124,0.3469445151589443,0.5715678691487778,0.42261195732677087,0.05063489394532514,0.22684535864586938,1
0.6604309785098136,0.4926163854477149,0.596264590585585,0.6777734969176111,0.05295651159373742,0.5142341462637812,0.7467226665614142,0.5291307623119814,0.5551558835760818,0.07851303678568136,0
0.6757070648389433,0.4893796180004013,0.6261976256186906,0.6903015226829916,0.029609201676572154,0.5238851638793263,0.7271024409379978,0.524232765204856,0.561172736190108,0.09311746348319877,0
0.7015379262384857,0.4491919365600646,0.9224330378357166,1.1547879601786817,0.16471415398241512,0.3920313528767482,0.22780238919888138,0.808542316465108,0.1948596448869372,0.39511894776793266,1
0.5617596731754928,0.3803198378281777,0.9537969378847289,0.20846953217815767,0.6979362932678607,0.7568078268613253,0.5114037381365099,0.7689677074273958,0.4343836861208432,0.24939472260227494,3
0.5049645374850374,0.055313234933113166,0.9832030830816709,0.07292481206182061,0.326338542140561,0.7752236354122041,0.09177290658274993,0.4276375947040171,0.3834544583615538,1.1280508282718453,3
0.7819872705203162,0.20341857188925658,0.28858025812272836,0.26633387706114237,0.7854707533509465,0.9041580369513704,0.7321833028438107,0.5531360256628292,0.8024882132708622,0.08644272472070752,2
0.6351456239411848,0.9973437556734992,0.6987294698252191,0.6481263608131765,1.1177089358575065,0.05149582636320443,0.7103069513504979,0.23146325518599073,0.8471563998214027,0.34850961155126864,1
0.22039085283717455,0.609747047324489,-0.12610543904691796,0.13178333888919763,0.9335186919622851,0.21139283131901607,0.5022470209987727,0.5160961443887611,0.3158709599590659,0.47603933612591975,0
0.9944587303275967,0.32072537743425206,0.6251495724382754,0.2755345260274941,0.20088220598233997,0.7436923772237506,0.0873415096674584,-0.34278570161524174,0.8948280040373923,1.1048868908236211,1
0.9697260306157321,0.08496224768542866,1.0143167729845042,0.24145249262196994,0.48436639542385607,0.3938383132554969,0.5092044165945283,0.6510258902471624,0.41033403593443174,0.3955562386509624,1
0.035808078133927,0.06472724141199301,0.6053792566145055,0.4583246289940154,0.4103873466171642,0.4670282273303641,0.5039386288904157,0.611930876847324,0.3752923890200261,0.41783290025861125,2
0.6576446836014336,0.48810750809948106,0.6252969149902905,0.7063699836983853,0.07946269478320474,0.5280174087991397,0.7582193149758694,0.51127129816315,0.5727111400416082,0.06796208059550922,0
0.8815124399041542,0.32274439962377166,0.7098506772973816,-0.01630131495596661,0.932060243802281,0.021341197276692044,0.8893960251421388,0.6705092579723935,0.18002618818459998,0.773340901429182,2
0.8337322364597224,0.5550005459309476,0.747584895913427,0.38456018541340076,0.5992371000689245,0.9046074494433913,0.2327828846222475,0.1505927407124587,0.16673630075221602,0.8550256476730244,2
0.5892635619311628,0.5976733140329327,0.0858755099250205,0.932318367808562,-0.1454258153131235,0.4362897837190829,0.9241015995876316,0.21846722165686439,0.9673803740364162,0.11080980265569165,3
0.28032529251783356,0.5537619068831469,0.3546691578734981,0.902961029858691,0.6472164332316019,0.6358791950027904,0.22926408062363154,0.5165913741173225,0.7613554461649616,0.5859402100595459,0
0.6593324252960769,0.5690743258045513,0.2563445113452239,0.30851297152834345,0.8326252436763933,0.3066269118685176,0.39062553743969436,0.08515853147952811,0.22926836597190017,0.1656364509584198,2
0.8064022455621214,0.5763687832842197,0.7602011208560052,0.3834069201269106,0.6098494695504363,0.9266206564500175,0.291908987322508,0.16519401151996596,0.18243522120951677,0.843167681679619,2
0.9942950805789198,-0.1388797289179166,0.6788910426221311,0.2720224615319335,0.3185076946935329,0.20222074756666422,0.46184106399157565,0.374329508908265,0.34488655258876566,0.6478578365775904,1
0.5408934474213507,-0.39705841782035944,0.5070248995009811,1.1897099497182908,1.0608015560456734,1.2590586561594317,1.7787717230964393,0.6989744743051262,-0.1168902315331265,-0.059883056619007446,2
0.10160341097974324,0.5185830946468486,0.1401828456722222,1.1472372261445636,0.5347030632678123,0.9385166762851033,0.27741848346249093,0.8118411890865589,0.5623986938124138,0.5018170688915389,0
0.43090256578542674,0.26982081381459,0.7327830833837614,0.08380529154429295,0.851096053489639,0.5345370782026547,0.27785661387978905,0.38323629152735356,0.39627580709928134,0.08858737462452115,2
0.1223237416326022,0.35630076115020254,0.4244262387853462,0.9357680679499613,0.3887861210885951,0.8221376818476143,0.40876330622629614,0.71783052545695,0.6240287994745,0.5850338704444903,0
0.7132850158225785,0.255764591666131,0.9248879548522926,0.37585129723260735,0.6927847883566209,0.3707543799906232,0.32711250721247653,0.030574331022000155,0.5452672840098011,0.7897472033686618,3
0.5961807599911826,0.539340627016022,0.28454334502689604,0.30082402667610536,0.8211050243241255,0.33796124053849186,0.3675748635004703,0.06619054877641746,0.2234345334250399,0.2353418806640863,2
0.028063438738787895,0.32633938045108185,0.45347167861934745,0.862611020461129,0.23144669803237,0.6422760940662392,0.6535940183459152,0.5534358737094495,0.2763995150744209,0.789689342998557,2
0.6170570569447928,0.17744616273884134,0.8962272121844191,0.26609137353250345,0.545835830151973,0.3712900779812911,0.3192263230623278,0.34812741917007695,0.9402961940270788,0.42172119624065973,3
0.8378306549809926,0.08997567318649236,0.1115335883984773,0.39579175627300484,0.30644451252502447,0.28199208222380506,-0.07452648971882772,-0.019430350992625994,0.3395526047815512,0.7504657147288254,3
0.9914745614727785,0.9865219740756725,0.6331546602493887,0.43282620252546145,0.6360679758626505,0.3387119091804537,0.6030652588871993,0.09072320120973268,1.047971773156596,-0.0722105786789224,2
0.552783453876796,0.7222698549906816,0.33875438240690736,0.5276107282076008,0.017711161746765125,1.2786213015564922,0.43129757762050364,0.4253757486028685,0.26411335874687514,0.9237982316537355,2
1.001147614325469,0.7038426707091773,0.9011060984497526,0.6934269595707042,0.01121396367188917,0.384533085994866,0.12489709469638216,0.7603212969129091,0.11675060173565495,0.4841355717316722,0
1.3035731998723366,-0.04590390875115932,0.6798591078297325,0.013834846098768283,0.2039369819352241,-0.043034181679035055,0.8122335078012827,0.3749365172072085,0.8142740071113626,0.4154708650933877,1
0.8823644606745314,0.296100159041762,0.7137567187905223,0.04919379347523363,0.8724747029925107,0.00029470618097297667,0.860140842713626,0.6638541853209629,0.23552569251677036,0.7722244489082662,2
0.5293907078169606,0.5339604224689516,0.5252358252488197,-0.061834869849305085,0.07615830095931853,0.023312908924220055,0.787391779355035,0.5172439226733407,0.19114084220703656,0.7815021251362588,1
-0.05139730480000984,0.4943860026773766,0.3750986894454514,0.9584315474416762,0.13869660564377395,0.8144370840350288,0.46040168706153123,0.5196290186178608,0.4586698987445482,0.9188764784555736,2
1.0129896627571344,0.1360418952966725,0.6560209605149886,0.8084537315213771,0.7638349545755652,0.7744516664409604,0.27895185374272524,0.9181859317804364,0.627560720708674,0.21713807622542608,2
0.44444892316632906,0.4081266078253172,0.3005373468523423,-0.08958576564718276,0.03819724469451791,0.20025554919170352,0.683263914906882,-0.06029090562275339,0.6712787167978491,0.22325381488920287,0
0.7327210336169467,0.8409296015205057,0.7265314907360759,0.735550515647543,0.9040081481619977,0.2832238191930052,0.6409941412905904,0.979410425406545,0.33193922152612143,0.6593680142555389,2
-0.4496929656980864,0.045201223469408136,0.7641009012292926,0.8493289081180342,0.579530237614091,0.8489712013339933,-0.453124018621606,-0.12792466654571988,0.694818509827259,1.1035923018765688,2
0.43082228774868175,0.8086390018339183,0.050832274373898215,0.33579750315988277,0.6922314477807582,0.19574879105598614,0.9258342521409194,0.3525188412799716,0.6733649193992328,0.6381439159870113,3
0.5580995531758367,0.27506454745567155,0.45591022996659236,0.1290270719958601,0.2699009878830417,0.2237395064528454,0.5455505793420548,-0.07614959368555436,0.5909841015091073,0.4316435157627728,0
0.3674706985396925,0.665723338209986,0.04229289253941858,0.15489803296213445,0.637451821780662,0.13820729797338793,0.8844438321542374,0.19072195713919143,0.7351654327777419,0.4250332486149956,3
0.6515303008382651,0.6029611954200577,0.8851494244456903,0.1748298563276514,-0.16880868653008224,0.8140460086093203,0.12728895511536303,-0.31455796209322884,0.5899000276389702,1.088372645753426,1
0.6575016040401367,0.12405872681063329,0.5515379738367228,-0.4113324011819266,-0.2738464487982227,1.1598633353543286,0.9001863208516563,0.3356576793435222,1.3408039715630196,0.6964027574698226,1
0.7036415102392235,-0.2672147103059248,-0.25239174905764294,0.9137203553459045,0.7329385113214527,0.23888060546444606,1.0133754782899405,0.7660370097351312,0.36781959600061614,0.4345794110746419,0
0.18217285794091417,0.7844998038067513,0.31483446405329657,0.7593619692131849,0.7897022541286925,0.05307446264153687,0.008230256748147168,0.6771519951648349,0.2058212632401301,0.9373002723035055,1
0.11442417894445188,0.7591705460167582,0.026123193337497307,0.22569460650707301,0.7702892615485983,0.3534380899075358,0.3898230684084447,0.39216495913199273,0.10506700623508203,0.2992595674491424,0
0.9770739296313109,0.9429266178185131,0.7900929788394503,0.940711946129031,-0.14355419142115314,0.34757479238192784,0.14603825347639,1.007746824191959,-0.01675721532828469,0.3266971827257603,0
0.19879988524514033,0.59656689310078,-0.18776200598838252,0.6534100024622282,1.4484885343539338,-0.12963472137202892,0.7838702287588273,0.05788828656678524,-0.34361044377912453,0.223955269829148,0
0.8950387680388683,0.8933534682155497,0.12655909440760618,0.7748394731306952,0.5773268247759672,0.31823275622189023,0.8881564150694816,0.030925674433648076,0.298232379552403,0.30438291656995264,2
0.9199812139219169,0.04986232481759216,0.6539469724693899,0.9816372335591449,0.87530497739607,0.6830207435106888,0.3089982419142117,0.8721498423674323,0.4580310746436823,0.34033614077913804,2
0.2904828786642044,-0.08184323701009932,0.7947110071171686,0.7633185911178384,0.7750368366813235,0.1918938853682612,0.3819240561828303,0.5711260782445349,0.800350516418977,0.3157248652395486,3
0.9064909786128981,0.8977916420381001,0.11440578370628106,0.7680581683150127,0.5635016154587023,0.3256223340974784,0.8967909607863059,0.014600475666574252,0.29296762282559685,0.30581252764122674,2
0.6149459094066162,0.4112510501446066,-0.13780710908947208,0.4143987404708211,-0.24543248077625718,0.8072093139740901,1.1881689730746912,0.8642349606267763,1.3629557407713626,-0.20231042446256725,3
0.7891657892224145,0.5608330434645717,0.7733421472650683,0.3924973694694778,0.6298832849825028,0.9599467956167828,0.31137059763258856,0.14195617279835412,0.20675182385834,0.8731588515880988,2
0.8808889737780161,0.048381439737234896,1.0230778380875771,0.1490379819536291,0.5494627392313755,0.35508243902116166,0.4218994130032874,0.4443369294565944,0.40691751415950356,0.4180617341450831,1
0.4315232607319144,0.8439791587147829,0.00940849873593537,0.3641502837151433,0.7298861588150195,0.1824958389684835,0.9592607803099554,0.39620659852046225,0.6445990907583664,0.595280618487789,3
-0.2933879216819425,0.45857837805120966,-0.04355204050987194,0.49550666415456796,0.3927128718872614,0.2922935392696674,0.4307556830455996,1.3478762940835223,-0.10739962406348086,0.6975874347632955,1
1.0403951941771947,0.38718518998127804,0.7056278590206208,0.4145428947429552,0.07329840198353056,0.9291453475423948,0.33428240674095916,0.07946865185155742,0.6353644787959182,0.9332802592946408,1
0.7959237834503857,0.5860514934771354,0.7771857419544862,0.3778537275209229,0.6372583104636994,0.9362744665167114,0.2901846497945371,0.1520596392918546,0.1946952156399772,0.8562603840621544,2
0.9678965470172024,0.9963861362236406,0.6410019342036128,0.0007231842469837841,0.09446640325007295,0.2184645148407017,0.02437381187302142,0.755577046444169,0.9771536673553504,0.6989970760122153,3
0.0653838214717159,0.9822379427341218,0.7274790339331338,0.5643775565076206,0.7886450906673798,0.17297273255085582,0.8879060331030851,0.44594436768878765,0.7093699249341134,0.6405648511825763,1
0.07244027610412543,0.14424262854089367,0.5306839163698474,0.5046141762678205,0.8810195404122405,0.35117715860073895,0.4926875481789858,0.7252176396115907,0.4086526749867865,0.15741744356646276,3
0.5520749007044279,0.8337964372502156,-0.07395910200121808,0.20324665927125504,0.5207893377124255,0.10269405769422063,0.9023258728799833,0.29146402097824886,0.522575776354709,0.7908398878025381,3
0.7167107827401985,0.16383872757456472,0.5839610403999025,0.9866076285017711,0.42151449691996895,0.5214159509867177,0.6321099185464982,0.5484061887071997,0.21430743305894379,0.7204162173190239,2
0.8648045365151078,0.041455077915435734,0.353207204391487,-0.024229742327911585,0.07804486113964498,1.3914852982434516,0.8851615189252653,0.3185930219241426,0.7512838333521803,0.48637510973812914,1
0.7892346360554601,0.183761626777299,0.6839515636125207,-0.008362918294426813,0.9238839602755566,0.3241912212425753,0.5111443189841253,0.16877616727397857,0.44406728632449755,0.26836546250034077,2
0.7824752363922345,0.18835575818150155,0.29396624469560617,0.2594992205931289,0.790456632908012,0.9057434896042592,0.7247873297845382,0.549534493286838,0.792429694070732,0.08823900385918065,2
0.2542793507852322,1.15923014064718,0.3239863366423326,0.05364050727464542,0.4866495043964117,0.992565797264191,0.24091159663076028,0.18894075979434882,0.09705977064178645,0.45373414030530257,3
0.5490036278849594,0.7487779051702467,0.7856982987668242,0.5954865845445616,0.8054968128803829,0.9027953658112694,0.4232403966403705,0.48507440694373766,0.7594230230068088,0.5581049425556979,2
0.33435151262687185,0.3254426192554098,0.865186610236244,0.8082961448263455,0.09487274900248822,0.25642177072564615,0.8186445064484792,0.5461583691623381,0.4572204646845667,0.8540547964240836,2
0.548618293543313,0.705036619744464,0.9163577744595753,0.7485938965828081,0.4380533876900185,1.1639960401265141,-0.11072790456691722,-0.03919856523068613,0.5305467807337073,0.17201191473010083,3
0.09647555439703054,0.13202178899786166,0.6266325352403336,0.5786811927436339,0.33806780928041824,0.3152432325682193,1.1675992634558967,1.0022442592056067,0.5902596120497458,0.2905161969046484,2
0.5249072146283563,0.7824892162591586,0.9028212943532935,0.512888815108232,0.7717094498448027,0.7915174428682719,0.5104796277374495,0.3804183629930842,0.711677237294799,0.4487199145862049,2
0.39292285086297885,0.28436552027366674,-0.03093357893522314,0.6727442887246738,0.6524139655177839,0.35375862540376,0.668141745545696,0.3685786926023321,-0.04992421023687732,0.530571450899483,0
-0.2944589063246763,0.985655834086899,0.3091066185169068,0.4954334532348981,0.9518977736395254,0.0031973099268348265,-0.28054028652412544,0.4151166696348751,-0.3472129630918499,1.2883208740580603,1
0.6805113224094745,0.549885110662824,0.4999937665598749,1.0687279298277312,0.2602876328849059,0.03602753155538707,1.2682052743352825,0.050729755168093416,0.41489133306986115,-0.21389675666838598,3
0.6920457983954904,0.03471931404619799,0.6342622595738876,0.15115626481748481,0.798859359259033,0.3307320504944156,0.581011255297527,0.2126844911963308,0.6537865446146215,0.3099439286236919,2
0.8732013690126775,0.27413829423552905,0.734980154759404,0.041544609171987136,0.8428197890892689,0.06420480004439733,0.8279752306649144,0.6862452336095511,0.22119914323974899,0.7281518327777234,2
0.92564871508518,0.8946183064401002,0.1431591210387829,0.760658305093267,0.579920987665609,0.35410298268991225,0.8649659290244747,0.01987176779787973,0.26588172665011417,0.2880957427675921,2
0.1721858593319986,0.3894464334171151,0.37741405016605545,1.0121313600828856,0.5739173030932012,0.7956645278808382,0.37192819891693385,0.8092380546455267,0.42891480117911684,0.5789839222669461,0
0.9457915191933834,0.1081890060808007,0.5907736877549674,0.8432774506408679,0.6563330211250513,0.857000965441006,0.21658066127124928,0.8921460625194167,0.6807116704888172,0.2543607531154888,2
1.0262385558201041,0.5495851652001004,0.7505568138675444,0.3244475367389642,0.12136839450811199,0.9215368384196919,0.46454244622343266,0.019986973386070722,0.7137720045852288,0.9817755483289493,1
0.08851711660126459,0.8276986749919173,0.690106707868054,0.6658534581904683,0.7275310807639344,0.25340660192636294,0.8867261556583768,0.3789753435094606,0.5838175306810577,0.615000938989814,1
0.7966675845850248,0.9438824928945733,0.5816567031617581,0.8296870820547448,1.0973741392737781,0.06710883331708403,0.5257752353895115,0.8996215207326045,0.5189425336635982,0.4490041191794917,2
0.8688242319119676,0.7908773535055351,0.8465185704915812,0.3654998633102398,0.4222620857345426,0.6660422423639936,0.11381633282827336,0.16621272527824424,1.362798930912418,1.3696640484449758,1
0.12740872060543867,0.6035066941486033,1.1628586671866927,0.7484751385748651,-0.07710213620110899,-0.08180379738842142,0.91980317552179,0.7225428502492708,0.07486812473409671,0.48360784567410314,2
0.9686771448479568,0.986115521311994,0.6566269361959758,0.010797823897482569,0.08639834732469218,0.20272189202355542,0.025742106963473628,0.7680190953549403,0.995679745818482,0.6933745264195493,3
0.7272599574434953,0.1971862885743198,0.8418374296132669,1.379189162734061,-0.6470767054012334,-0.5292564822530075,0.2732295413211654,-0.12386005177330539,0.4607095088019647,1.1697516374555144,1
0.7856779117363211,0.17845394903710274,0.30520149723347173,0.254297585276243,0.7710683874647887,0.9176752653744904,0.7312085959452083,0.5469567176862806,0.7976262843823865,0.10523725598322317,2
0.7590528279079091,0.01839878349380169,0.7719887355640591,0.19178639057345884,0.1622609937059968,0.9215004091740343,0.22449057879401813,0.4986809283171079,0.19469804198877577,0.8803175025495158,3
0.5101366414347089,0.9187274128395128,0.09642326689237546,0.26096100806267314,0.5863300606026326,0.22845739204697865,0.8591463857317087,0.2994367308816456,0.634816286853114,0.5131037567940399,3
0.6475414913791117,0.024881969682387033,0.07137457131654047,0.8771577876437149,0.9373005557056076,0.12104705170101605,0.016208431982237665,0.5768406400388681,0.6937609450953941,0.42666240917225706,3
0.8970351600421559,0.35387713795081976,0.6722472802473864,0.030513634254323005,0.9091308708332264,0.0011288438884119994,0.8283726974870242,0.6678196691334788,0.2029955508058397,0.7153351364328037,2
0.47413232468821737,0.14213627177274216,0.8651829753727873,0.28344365084704903,0.639600882259199,0.4020215167163216,0.27681061899152604,0.40042602465317567,0.676484985268872,0.6140060991604349,3
0.8901632726522257,0.9176420817147806,0.12046951985642859,0.7503887238514757,0.5481612318412191,0.2989661455231531,0.9252204981383445,0.0037428655958941723,0.2982622222711197,0.3093208062365649,2
0.509299491002464,0.29669521548558325,0.3703892613740894,0.07508267370374744,0.14141972790639734,0.128741301551759,0.5623451310605442,0.011142565143389401,0.6886365719331436,0.40518616793803086,0
0.3727706933773887,0.017341853549269037,0.23119378403242258,-0.18753598479416128,0.39756019546120086,0.01064136655499498,0.5826226233711792,0.017782408344220214,0.8484002375407446,0.39011913462582126,0
0.8455823161817607,0.29453025314341713,0.7446489941554314,0.01498894173654642,0.8782513496444116,0.019104931697167146,0.8561242509872821,0.6311473528970407,0.24046220358398793,0.7570876474117598,2
0.8238077602938585,0.556001074448898,0.7429138352515257,0.3403391528248785,0.6175523820606919,0.9764808258019834,0.24571995724934653,0.1969822842025484,0.22390611848420888,0.8750020047333149,2
0.9759679455326272,1.0027370658120713,0.6479753328020232,0.00803567643796124,0.09169316037259193,0.21235208573604414,0.030579072543688305,0.7533238299764742,0.9812422828380724,0.6916145904673177,3
0.49280067193920446,0.5636220966084573,0.20486625127735258,0.692151909153203,0.09404513669204304,0.29211481962286956,0.7690131564186029,0.3879240794504919,0.7587112637048984,0.19099351548634538,3
0.08062058549115818,0.6988740821532218,0.07009221012916153,0.2924406967682883,0.8714875239837763,0.3759429817107825,0.3441537475124334,0.39018569081526133,0.1236375354506106,0.4427185814442407,0
0.7267983671452172,0.13948514296902753,0.6228924070254545,0.23950418762592043,0.03574212668494658,0.9080911686799721,0.14559021258025767,0.41120507086200864,0.31472121531233527,0.8542117664518638,3
0.673264000714839,0.09043372588203717,0.5879597495770289,0.1663669279880245,0.7321183857024606,0.3204661961401144,0.5265554239628722,0.20110966551855655,0.6411723388572836,0.2414375522275178,2
0.7632304769010634,0.1298356077161688,0.8964956015566565,0.22739248770197218,0.044443202440256846,0.8947138180522146,0.21493000312239377,0.5086079282808309,0.3587178372139823,0.7547017250410488,3
0.17521803207115477,1.8495161667559439,-0.8903415188126997,0.8124038736909873,0.6080906521034084,-0.8404764884034245,-0.012166506956109026,0.8929008350518257,0.42232352872914725,1.217600425292636,1
1.037922844447306,1.0072482878742843,0.5559393299894302,0.6376157680028388,0.7290996019413352,0.2328325936412519,0.4480853673102171,0.10399406959734457,0.8772173880501871,0.06007131663865192,2
0.2030111958597395,0.6420838879434063,0.8533555173652795,-0.013065640396901657,0.8304507437212819,0.3819910081059691,0.657557430911092,0.6117899895636133,0.10095877126604563,0.36037329805409324,1
0.8945813354964243,0.22846268778480722,0.2474054632713153,1.127174272037796,-0.7711603950560718,0.3610905716384018,1.2983553686554,1.2649996125288738,0.5399797467743234,0.20240845920946238,2
0.14557675882291146,1.004733322134765,0.7453633142859691,0.5418581729850264,0.8719396080729209,0.23337896547956521,0.9651952230705975,0.37762135605970554,0.7094732081448464,0.687857434677619,1
0.5626586436331101,0.9136046185903257,0.4991966863637082,0.832345913839699,-0.07478515780160466,-0.09411480084827575,0.49149049692213376,0.016020657040336367,0.6314242027307085,0.6031163405997899,1
0.9029840307857594,0.27454693233877314,0.7045920882991171,0.01067562952334572,0.9267048190680331,0.043211492164287366,0.8320838893074272,0.710119617847265,0.1942297206013267,0.808578125372779,2
0.955658858286921,0.31517500467465165,0.6945577630228349,0.43344996499712846,0.27937973245093684,1.118874305395743,0.41697954075034743,0.5531283023275164,0.14441893125184146,0.8630777718616064,3
1.0948448468162968,0.2521107138371422,0.9995121610449291,0.36307395633625217,0.5242336457089857,0.43396573810941835,0.47151759183187975,0.461417975774551,0.5248378294233269,0.5097502146458468,1
1.0223548356555934,0.1012187385073911,1.0576259227399234,0.7316317101032505,0.09213398675693725,1.3646807370884118,0.5718379027651069,-0.39516961635997105,0.6439863344143872,1.4810054356348374,1
0.2637735723547653,-0.18495916580487348,-0.18636727758126082,0.8954415913448623,-0.058874173554189,-0.33527982931407896,1.3577518021248751,0.4056103618032324,0.927113260351829,0.81178119353344,1
0.416841972801768,0.8178429798912634,0.0562360115817769,0.3009664787734772,0.651031158148378,0.17291895378426075,0.881898481677011,0.34268110801110163,0.678270685198843,0.619357250695453,3
0.6615477057440922,0.4951831387634723,0.5900845637972415,0.6725346725355689,0.05591863411373197,0.5216751563153824,0.7506545874783297,0.5282617243343862,0.5590559515603186,0.08557419543265388,0
-0.20965333317022222,0.5163179354457254,0.35832853798373965,-0.05582963463909202,1.048715734457132,0.40634436390944345,0.28794441469349485,0.07035144063634091,-0.11115178581369295,0.41872164999409905,0
0.19470700435843472,0.6427988541603762,0.8703875233691571,0.0358656604418407,0.7617154586368432,0.4368241357114636,0.7390645632267643,0.5683334788712685,0.07827597062951291,0.3428003102496912,1
0.6033101642702616,0.573570384774745,0.27669063439610847,0.2882781356150571,0.8477258745327636,0.3291631645583248,0.37841750337140856,0.09040739955364056,0.2398931120779045,0.21984994914476538,2
0.40852154499176724,0.509430681398273,0.7412784743998736,0.14418335118643666,0.8792372442073519,0.7522623106038471,0.6659325259357679,0.8013104215392713,0.5467777469523336,0.4271407355775417,3
0.08843256461446657,0.9716900348148478,0.7732403557140562,0.47306128627841953,0.8313908344798342,0.2783595048179415,0.9245061917566647,0.3814345753863721,0.692076658819749,0.6481835935886546,1
0.3653038977322204,0.8799170651357733,0.5713116464086084,0.2950684464751059,0.202449282667173,0.9569881605651319,0.4492375210525425,0.35020871862860425,0.2450365863726789,0.4019662709812905,3
0.057668413348692986,0.15296833823628433,0.5255596294437275,0.49941802142933917,0.8801430235140904,0.3355892473956874,0.5106247351648383,0.7372746712849302,0.3987701279881527,0.16052266789299216,3
0.871372885685659,0.8562104219314586,0.8361157745476772,0.7840866210520281,0.8481486424446841,0.11044858099790039,0.3105747989573328,0.8699398417675355,0.3039908557124705,0.6960179283526255,2
0.8023774630147377,0.2655753874729308,0.6859066458226266,0.03804536873805375,0.9355818623073477,0.01803376947489224,0.8344234258606305,0.6810104315990169,0.27629506792300756,0.7669059713490627,2
0.9946922522946312,1.0095660882817328,0.6159556876761918,-0.010989804811279414,0.12038924226845743,0.21587945629757027,0.0018945605128420813,0.7752785355451366,0.982824512905532,0.6865048343430445,3
0.9170919712987958,0.7908794944819637,-0.011970801283028187,0.8001584959778903,0.7080103436569245,0.42998479898585573,0.9047942026261576,-0.061876163169798756,0.1676692019905149,0.33092100465894203,2
0.015064853162450473,0.0456185045280003,0.8310343928540977,0.2846057911809976,0.014374261860913931,0.29890615284645805,0.622951949872355,0.4871296590467595,0.665534400507059,0.1763372889476563,0
0.9826779274099159,0.9839439420488191,0.649615415708654,0.027412551881862098,0.07930142344320193,0.22772486565360944,0.011542308659463957,0.7679730481487909,0.9629624263580953,0.7097520786846264,3
0.3795805326253102,0.8225143893683577,0.06367671075722944,0.2724453541078716,0.6981685927154375,0.1480748238839682,0.8904659172922387,0.3632825418910795,0.6510167084630767,0.6481521802228254,3
0.6700213652830797,1.0330978182598876,0.9370003489983398,0.013419209028718071,-0.0012405143907538163,0.6053042216360083,0.36971469532433926,0.6974929051213143,0.26348224031414774,0.229680615055786,3
-0.10729004750788962,0.9478241534674344,-0.10246096265158577,1.551226040322788,-0.04241103725904383,0.9532371129211105,0.8769966294924423,0.5826000424942901,0.683358207985031,-0.19898675740841787,2
-0.03929697713896285,0.5313545675612971,0.8168892876376582,0.1527646145450403,0.05943680121424281,-0.2984181964369368,1.378421221671855,0.833877099544029,0.9277889908962121,0.5423269149563694,3
1.0496318980613188,0.19324775302837557,0.9902458157469335,0.39687240976851457,0.6054017303089859,0.5325194078832378,0.4330409478184128,0.6687762669845985,0.4953107168059282,0.22707291008996497,1
0.4194359289395016,0.8200810074988122,0.05260965898097743,0.30530804824162644,0.6498444377735262,0.17508037621285905,0.8870612170370247,0.34352806123400875,0.6768703618928873,0.6241375880011893,3
0.6188130892732081,0.16208104441538945,0.8456942951817796,0.2951116089394964,0.04683123921617828,0.9164580444819369,0.10961866129849947,0.4021057869294478,0.16736075904860626,0.8559736456302438,3
0.5077206756126627,0.8876080495262373,0.8874039379316073,0.4223278498609145,0.7722744843799362,0.871538839871134,0.6025541057401033,0.3710083046768339,0.7804227549462934,0.5675857566012936,2
0.9250055928049361,-0.4822849515813108,0.8406504489784976,0.7318472584409959,0.12958046003090395,0.33940877870601505,1.7011775318619318,0.1848046160774406,-0.30837433236304823,-0.5224450007541203,3
0.012412378262002923,0.6152966009468375,0.8152763524748856,0.22855585932161399,0.7311720536790374,0.6796350516301395,0.5299914417098575,0.08260929023931293,0.7772631898972838,0.0191474234609883,0
-0.07220185249230517,0.16518181933107912,0.37753464081879506,0.29055841930778525,0.9033013601100359,0.51570094287708,-0.1295511587136882,0.7316060668487305,1.0773058801930178,0.6837508859534266,3
0.6607659861119098,0.4970466081772882,0.5980493793281231,0.6822884037612482,0.05821622659293792,0.5123355520654409,0.7476078320933743,0.532544017040823,0.5503266506844999,0.0807117999676114,0
0.35759104208191617,0.9310361747536056,-0.022188194395777405,0.44127625271768933,0.5397352603195363,0.23950051967564387,0.8162087476073145,0.38059637729826756,0.5525303772270252,0.7380607807309298,3
0.7807551173424405,0.5647192600841977,0.7685553996412293,0.38606398327948377,0.6483078193019596,0.9282468232466672,0.30756646481451777,0.1691578096419009,0.1936719187661225,0.848252638886195,2
0.8233023912666766,1.1213217519939114,1.0060628736330628,0.2973909622034048,0.3212487857929367,0.893526126264418,-0.30590265870366906,0.6855744269311832,-0.43220805405740687,0.3226399814468378,0
0.30223119004564314,0.325399980483837,0.9325027202202854,0.8098775548294073,-0.03542185493608793,0.23684268642262096,0.6733370097634115,0.7179904273387212,0.42986389518750656,0.9126099031138397,2
0.6604004736151506,0.00722663891929407,0.10196595176747503,0.7952098231010226,0.7843585091528982,0.2226721438612189,0.05478606768928864,0.6485081219089849,0.8037708363182473,0.5599697782129365,3
0.8016199757816922,0.581816893587733,0.7784873121517754,0.3777589089076935,0.6392322388406861,0.9363076894070463,0.28984222913676444,0.157829012662347,0.19408670797769656,0.8577689038479346,2
0.06938510064344722,0.9384227503768553,0.6361577464822193,0.5487910591557286,0.8487144253895536,0.2488884486743077,0.9472895508688066,0.3349866871028799,0.747102460862241,0.7061427585187748,1
0.8794057260230728,0.8412872893090256,0.3526719782838769,1.8238949885928617,0.8986978397022943,-0.018339608258543166,0.06796615360577428,1.578979552193088,-0.2991336707758303,0.10572370728824726,3
0.7721111162300938,0.30684659699876105,0.010851236177998907,0.3608504581917924,0.0014808298080500604,0.3201124840888143,0.15432880087577838,0.16199278439134612,0.028149874860258772,0.9572553433712538,3
0.45349726727665407,0.5738814834244677,0.21950130411023078,0.7390197043062646,0.05169669785993634,0.2653127796379345,0.7870482362912598,0.42479841084083614,0.767159738627362,0.16842253525335407,3
0.35958759467400164,0.8811087067952184,0.7136320363107213,0.2069326966675381,0.20142502590758715,0.8175040834073206,0.50417819084204,0.4281876694639546,0.42781237734893535,0.48501784720324037,3
0.9747692986879619,1.0126545122919983,0.6386498182179828,0.0010254953359010617,0.09597446774670193,0.22443686109850025,0.0375821286918485,0.7587071995088256,0.991904279039305,0.7029509172936633,3
0.8092396084788482,0.9781427961395068,0.8975332583441649,0.5295781864588411,0.24450350711235097,0.9662865713326432,0.16895470717246808,0.27565762985259906,0.6733557313254457,0.023101860583700534,3
0.6422316607049618,0.24754428299581413,0.3887817135427746,-0.027839253748624573,0.06703299200069839,0.09375356442273733,0.4923805806402216,-0.0005992285675339042,0.7184099950174554,0.2712967805594006,0
0.5083628063995194,0.8168168503523099,0.8804315647231004,0.4873921599280941,0.7607046837195477,0.8191441245711193,0.5391080861114,0.3541451018797904,0.7402362849360324,0.46793655633542475,2
0.686618763391357,0.5296236211402764,0.5594141317316562,0.7435157264228983,0.1323245835569855,0.45636990929048593,0.751412540704527,0.5639763168017127,0.5042580383783023,-0.01941028121475742,0
0.28718595589487883,0.9260025703326273,0.6349448569562786,0.4084000589519229,0.916296373468012,0.1680381954101029,0.7202720721591943,0.5347504367049941,0.6249470439196068,0.7663321319359434,1
0.22496210398173533,0.9942450656123337,0.8452188149556688,0.4544054739364405,-0.03807632798921878,0.8676493451219328,0.5218849622340614,0.36549542763555504,0.5596529827318746,0.1903570121864834,3
0.460185018081073,0.5473267742241221,0.9383737367702071,0.3030092994553412,0.7302051711411756,0.710129363676648,0.5906300373006681,0.9475932080117538,0.5704382829291038,0.44273870148262917,3
0.42425194767806196,0.805808733057555,0.0835858704039823,0.41638099338389106,0.655092238542008,0.09624180463984283,0.9620934616285906,0.2947444060936713,0.629654820777036,0.7008920419862371,3
0.9745916935740137,1.0003164647442648,0.6450525481294628,0.0036628358321079005,0.09860990591244602,0.20805955013788033,0.039221205472010585,0.753464532499375,0.988864112957609,0.6895984091897646,3
0.24363271407596512,0.4246950082937818,0.9514099261421268,0.7180707407560947,-0.006344094639430205,0.17379558617553206,0.7778259258849455,0.6077410594749049,0.3617908215085739,0.8044570988558878,2
0.7177621183225034,0.25167514223645415,0.9119001622292647,0.4072957705647571,0.6861441273339833,0.3970723515183055,0.30336008256180647,0.02988876691162871,0.533547493187993,0.7854703428266921,3
0.2684809302444364,0.9998029938442254,-0.07329759599031227,0.4131156386034236,0.8223909589544369,0.008470736326605832,1.0272772456101817,0.25444674579262166,0.6266458142767298,0.6367915409634813,3
1.129224442364662,0.9882313507022668,0.3336765970446819,0.05853273293880579,0.48412118256652426,0.7342405605962814,1.3758030792785618,0.03137537385521327,-0.017242553485097956,0.1785430012216901,3
0.14185122477574202,0.6411570147135236,0.7792116511529521,-0.011456894735599289,0.7709657742523007,0.3243525368326383,0.634820364614919,0.6446309936188095,0.1306299294192481,0.3910560281967651,1
0.09754075816091082,0.9713350583426094,0.35364725053984747,0.7669752259367575,0.6761910978319167,-0.13646723635113003,0.2526147550692086,0.5482085274737463,0.26798986899721855,0.9729689549103717,1
0.7619344238872982,0.9665907349533279,0.8250159914487034,0.6192293211812352,0.2641474981625684,0.8550762654027045,0.27445589914752977,0.1556996064189855,0.5656996956127082,0.06380485197108018,3
-0.02253373192431024,0.6861564432178429,-0.02221396892192734,0.18805948921515606,0.8331762217718897,0.4813354909982278,0.30958424271505824,0.3851544810978301,0.11863662073154538,0.34004187108322764,0
0.9282164055286581,0.21294693198853085,0.478124321974912,0.7963348654494614,0.7089688365994862,0.8467039035226418,0.25079434478604623,0.9019771845709809,0.7072940733915483,0.2548909771053906,2
0.6051862405215108,1.0054276185383075,0.7922359455676073,0.7211114157708319,0.45144537957979936,0.9962018481279972,0.08673493105196997,0.040360044752090235,0.4914527876419976,0.0978208457847387,3
0.8995749788274848,0.4650596940488182,0.478729584569971,0.7115909178247478,0.24879960499434498,-0.09862632324753753,0.45449574712119845,0.4009926331870515,0.34230222763414203,0.5198348444893617,1
0.3907487498556314,0.018705132034932258,0.23886749150323924,1.0601563201307358,1.0104514329862133,0.4732878555934733,0.08952088058616237,0.38355124860171674,0.3346055115144144,0.8053542119842949,3
0.7925634588626947,0.5965107402073179,0.7723058403125507,0.393009159927759,0.6547127325475841,0.9249844092992996,0.30454265009447895,0.1422477449483792,0.2045005822458191,0.8432185202186847,2
0.8337394496717037,0.9421060001946615,-0.005286547857408119,0.8382178211047187,0.4833420742061198,0.22376833391012682,0.9257533843116402,-0.04646452927776924,0.312293479407619,0.29285146841636905,2
0.6562583196215102,0.49934980287414477,0.5981897495870933,0.6742685206706708,0.05734580807900803,0.5124541141019431,0.7501332388197892,0.5348334089964941,0.5472141348398126,0.07380033317546011,0
0.9219397444760716,0.8511035094766121,0.009012064997197283,0.8563784623474328,0.5045999806522654,0.4346831421767068,0.988920476325633,-0.02533323941019204,0.3394099135244437,0.22374792797882254,2
0.7626707889033484,0.5112649459722811,0.6756248283071228,0.2986148890302437,0.6123049739812465,0.9463450173558061,0.3275001334271426,0.16432412923322584,0.1606953897095366,0.8649843206688923,2
0.13160291422427411,0.1665841365660049,0.37870096386620794,1.0396543725095904,0.3462966999751739,0.7391343080014617,0.4208267484820517,0.6493530445562558,0.37695228428246896,0.5070959986738217,0
0.2561462359345865,0.4067026790001032,0.9440963306807908,0.703417145980698,0.016425189950759023,0.17348809818206395,0.7732535560646852,0.6180025717439918,0.3840611558929629,0.8073857834366821,2
0.7863424377831078,0.8529986622629192,0.7048598262562202,0.8260639383009264,0.8766272527431658,0.304857681907415,0.39088893683409737,0.7398429948023808,0.3799030658722349,0.594684379104513,2
0.014078043809820775,0.615493230409238,0.8131507850389741,0.22869984015376205,0.7282078040079205,0.6798763323692321,0.5320342941088428,0.08063544923007494,0.7796819171181557,0.01741647760949204,0
0.8794001620583081,0.9220246354062276,0.07433991107299884,0.7831315130113589,0.523218737073972,0.3714116026321793,0.8837055790126146,0.05121902231412559,0.3286057244865314,0.2875250527333365,2
0.9847933462909894,0.058750015365888794,0.9307802600821176,0.28266468747062445,0.49187226793842864,0.4148996375639963,0.40241066148717625,0.7193616478349684,0.39301741104511306,0.4922767320022944,1
0.8074385600332558,0.5816409787371515,0.7721102464151908,0.39998648975513956,0.6676197804016023,0.9575622477907856,0.3073107491623286,0.14646929062076852,0.21980044827687076,0.8279632662906296,2
0.9286471013977937,0.26610652526682566,0.8137173258521079,0.22030911596116382,0.4433628598513477,0.5019745058355789,0.546963487800034,0.4978808831193798,0.4055935517692395,0.3873136568063482,1
-0.22925520355354823,0.7685589254841113,0.5835925909683304,0.7684712812792136,0.7396937766439208,0.08763451266783209,0.1354561754881942,0.9835410365017858,0.1961006380157106,1.0612491530708161,1
0.5687966763228917,0.3310888540961967,0.9085466453258034,0.7298522651908947,1.1394532996621436,0.13597708663991276,0.2920964996298289,0.21678292025573723,0.7568687419707955,0.8750669800179895,3
0.2865638660367747,0.3420084344792465,0.8483233418363325,0.7676722979017424,-0.14397420181413098,0.29711604743481945,0.6184717079414008,0.5589755632487361,0.2183776093910245,0.6564386420629991,2
0.956755453428563,0.6927080077884553,0.49323660097961547,0.857933093625046,0.32412507632474546,-0.10827458423837802,0.2855808869636923,0.2499433693380255,0.2661223471694305,0.6224069509550897,1
0.9635263028197312,0.12576054449580976,0.5602914353699002,0.8383311273544979,0.6912513322641797,0.7777792443150933,0.32701280246051917,0.8895274126110588,0.7454382353544236,0.21290421456833863,2
0.3863117211790097,0.7739433709968889,0.04306165506461043,0.32602757292783885,0.6963810587542284,0.21004214937012627,0.9233885820477028,0.3592987183936873,0.6508134634164933,0.6025473469419698,3
0.7401026331006371,0.27413890262674745,0.9517842212200319,0.38258704829166074,0.7066670718213873,0.34742172506200564,0.33671291640073686,0.023496725091074415,0.5346812542882515,0.7681146806935255,3
0.9157641613885027,0.27319802619349015,0.7335194581629828,-0.0021342415381467167,0.9343968734581688,0.05359596328047803,0.8739508260761522,0.7023918193735178,0.25776661669073686,0.7181577739782757,2
-0.01903307291759853,0.2991183009929113,0.4601630067898641,0.8584470064465538,0.19671972775881108,0.6199578250195816,0.5769488106220804,0.5059053220094089,0.31813195893302054,0.8458349242985768,2
0.7062787684686621,1.4626997225555693,0.07721950300007369,0.589828077915316,0.47314997313716056,0.3101837751833857,0.3577061263530024,1.3815224320960622,-0.0448414372005389,1.6323092712393101,1
0.8095592395097432,0.7574930957975512,0.8098537271982972,0.7159364290189032,0.8786531592446707,0.2920148852735157,0.3189598059205146,0.8608672685094103,0.4058400731894593,0.5512553917149322,2
0.9375072479955341,1.0510997369320003,1.0944751727561075,0.47958770789282157,-0.2369122572855662,0.26879046616913693,0.26120402618347954,0.4781351486147724,-0.16901814308337912,0.03366447046229942,0
0.31697498562746035,0.7752978682749514,0.09698140413745113,0.41587181394385664,0.6262289865816062,0.09491509033614712,0.8888394073005079,0.320505427482112,0.6085871351805491,0.6869076380730144,3
0.06274154719272947,0.8307067087684981,0.44163579057091973,0.7171289953844908,0.9013210567054197,-0.023157940520936657,0.16307705463320663,0.6288647335267767,0.05413857022623092,1.003140690647065,1
-0.09165016069465198,0.7018445807067191,0.5264514258575181,1.106872871127103,0.10892322864741744,0.9869569734784088,0.4289627392128499,0.6704710397540244,0.7537696115301248,0.35151514103728804,0
0.627288793671148,0.9077854205676823,0.8975997125039336,0.6156042799575197,0.3583425512271696,0.3826420169533231,0.03340099884693912,1.071081187063361,0.7919305394877737,0.6421364144239692,0
0.5978387983878007,0.5564071550182556,0.29409932529138744,0.29750966182431654,0.8120536807749686,0.3443821375225648,0.37875396336521894,0.060989053030281196,0.23331319144908416,0.19928250901417127,2
0.03069539607716979,0.9512543836670047,0.23654150958819642,0.8186068472553423,0.8205212555433422,0.06805399460001092,0.03948641724985353,0.7603109973260604,0.3040381034169782,0.9407298375182589,1
0.012727973738408413,0.6133950111781155,0.814536670041553,0.22751899903230277,0.7300722931776858,0.6791180594025573,0.5311676216297367,0.08173213197973694,0.7787759315572286,0.01851171982839326,0
0.8030792791728358,0.5788544177805904,0.7655840548687469,0.3576244924729444,0.6632809083474783,0.9444507553512621,0.2840020559171158,0.14416593440092612,0.21279906032512988,0.8652608696658801,2
0.011705621658923734,0.6142918187240924,0.8149536930296344,0.22606242890097789,0.7306274485514197,0.6778618688441167,0.5321249480599661,0.08135639438252676,0.7787954611005644,0.017578483341954936,0
0.9596300307510367,0.9728858259955595,0.6229187175895919,0.6471422224801859,0.7739101224182603,0.25226160721751106,0.5027309338589944,0.05789321246091104,0.905581670887778,0.0385762189516425,2
0.966864459094389,0.05951998256951342,0.5646911973093343,0.9393713959837844,0.6895988591242586,0.7808356630837147,0.17516037483038818,0.9787809528656211,0.6329181706894547,0.3109192621432699,2
0.24507478012234232,0.07352223869955773,-0.04957904052041939,0.8494959390166965,0.4137588125994519,0.33709697119248216,0.6408184246010661,0.33971025776226127,0.04883053015755881,0.6239045419994478,0
0.49132047910557,0.7895569275014827,0.02564154134754572,0.3386139302649078,0.5729158612277272,0.21885513552350266,0.9370319466370659,0.3362929730716867,0.7438723045541398,0.6013288212540079,3
0.674582125260685,0.48648094676100667,0.597107886944213,0.7037695493423861,0.04619189768172332,0.5175585890189925,0.7484560010257572,0.521156685733474,0.5310798129191044,0.06215971638390838,0
0.08339371641379673,0.7168221203741766,0.05566763760008672,0.1979382669228556,0.8566877066787839,0.4503213851680207,0.4051244439316392,0.33540830773826413,0.1614077722981253,0.4252565480610172,0
0.35762681202087576,0.8374584207107209,-0.004422983273990273,0.31531925194983557,0.5792457120702623,0.183208263009486,0.8584627318627321,0.3375436765271904,0.7157453086406199,0.5491625027219886,3
0.9511706135582936,0.8610487120061797,0.06608692398139165,0.7313548031339299,0.5828178580941239,0.3569958607179061,0.9487451996551879,-0.006386478147770776,0.33618411732557324,0.2722938712377503,2
0.8089292608025728,0.6933396846890195,0.7218019098261487,0.2606908481421344,0.10390988727387086,0.8280658905811004,0.6582565568276727,-0.1515959050803311,0.5238819913226909,1.000958020134887,1
0.7287481894045128,0.1418050965833435,0.26693730486680556,0.27319490946087516,0.7430127602386439,0.8569682942392907,0.7351451224040033,0.5936913860625461,0.763258175906405,0.07122397125354643,2
0.37488758038604775,0.7891996644731571,0.08395962905619853,0.3403318063030002,0.6635481477498543,0.15112340502387495,0.8763314952321238,0.3252233049250712,0.7100165908138436,0.5725265452555401,3
1.1172676685640983,0.12620880504126497,0.9284984364457536,0.6616292709980603,-0.17019325399326313,0.4517661093727886,0.9237934045394042,0.3628107625529799,1.1084884122356216,0.5987308734615115,3
0.16068781011562552,0.9893298105212629,0.7179412264943129,0.5325913919567538,0.8376351126774563,0.23624565902745442,0.9486712636831512,0.3778906445191817,0.6782836482176858,0.6727650962478346,1
0.12402315286863819,0.6837024382163999,-0.1530553836960838,0.3610981093492406,0.7015291928404948,0.5047623390366128,0.2473696767648675,0.278270869539886,0.08473319858054887,0.49860899641964473,0
-0.049553319276883306,0.13131572666683078,0.1368199400011531,1.070182418926072,0.45171550002725896,0.6522071058979855,0.40078076157756926,0.7140616400932824,0.5201737476980992,0.5249214653941264,0
0.9166647371528946,0.8927081862062817,0.11935068832484654,0.7742301248017994,0.5659077408716449,0.3244929134849943,0.8905884229755651,0.021573124409945278,0.2905442018737122,0.301001353531519,2
0.7579222118095466,0.8915796061187846,0.862920818020407,0.8790632725936709,0.9942767688975177,0.33886756265604445,0.33105452552634973,0.8391234694075101,0.33358597545394075,0.5253837294550895,2
0.24914960524980462,0.4099452751571432,0.9353520938412262,0.7222113441708522,0.009848040493612839,0.18339959733614244,0.7705016108348012,0.6090518045635284,0.35953235772282893,0.7983926254730973,2
0.6625876747919431,0.4764423399991059,0.5787988340124958,0.6803822200350628,0.0642823838063514,0.4943432178528072,0.7648209091387325,0.5300782831662993,0.5316025455973938,0.100565519418614,0
0.6868647041782636,0.8540465281195916,0.7502877747931871,0.9156928646322839,0.7575293546775332,0.2589853623725624,0.3580344452791921,0.7240219329790776,0.33434126650798596,0.6308569590370213,2
-0.07598467327961288,-0.0684640835840046,0.3819152583539218,0.22753799272931222,0.9933172549023362,0.5444261728018032,0.17779150835035654,0.8730025513109321,0.868466512442466,0.8505846511268622,3
0.8252527477016774,0.6063101779600536,0.7593020658693352,0.40302062546407075,0.6443061553757258,0.9654276266008792,0.3130476524014568,0.17751557680894284,0.17218036471375986,0.8580503336165567,2
0.4676922128529728,0.7773853092013077,0.03624241739125184,0.30221567580867037,0.6971265805503916,0.12047742762270539,0.8765287204438402,0.2946494227589902,0.7191869960181323,0.6511068803895832,3
0.38316145767712145,0.23064795586365777,0.09684743099184073,0.6637104161315578,0.5376933539167241,0.34116370569205773,0.754671432067634,0.35072785284581093,0.022701504282784887,0.6068399676440472,0
0.4794977555939683,0.7414723684186152,0.04003673692726757,0.2583004406138621,0.6879538824911626,0.08911165144810532,0.8023945938077601,0.35124750539334276,0.7199762251268639,0.59852017404898,3
0.9685393346958873,0.9300535012473393,-0.047689263945954824,0.8114579200669139,0.4848922752161422,0.4193066235773369,1.0565013629256408,0.18112634358335672,0.15544882709466679,0.2937454842868316,2
0.2845609397898121,0.7347870741033449,0.14744286003377127,0.28343379065295654,0.6150289678904497,0.2020692161221157,0.8667013272108813,0.3909337515651271,0.6513085707819635,0.596050529988995,3
0.8070939533928214,0.5792112845841938,0.7839430276641399,0.37434738680357244,0.6439607591998501,0.929347260445877,0.2971469871250554,0.15513948802474103,0.1954683979736827,0.8549458956281577,2
0.9536568022990908,0.8484266041448218,0.17584102853442315,0.7408313750469065,0.5484943111533985,0.36351140161081413,0.8427255263310989,0.04588604984595991,0.34641487607158794,0.25511707820120016,2
0.6307661803671033,0.04154435977327344,0.5703295994170824,0.14235224081009903,0.7525312183834798,0.2703085413457051,0.5561889631168329,0.25327742962732386,0.6409904415976407,0.24036052461359642,2
0.2521957437705293,0.9781115377803137,0.8299354870091926,0.6050631460751229,0.005152199986040551,0.9695542847761746,0.4772852947505448,0.7648183393929542,0.442848573568194,0.37160140699923194,3
0.8933071464932358,0.2875535836811583,0.7139790055764774,0.01631594803076602,0.9202536085521762,0.047644122960527294,0.8607263220830442,0.6535788344396032,0.2593040805456641,0.7867066994510882,2
0.8110045005897943,0.5166619797287155,0.4757524155890934,0.6729655484425834,-0.13598327980540792,0.14228436846884407,0.5818968866285442,0.2986902991109619,0.22313820823891214,1.0529426656895706,1
0.059049541932212665,0.1496999990712408,0.521786451592839,0.4997292317641217,0.8777093778583426,0.3368666560042171,0.5101407892299205,0.7352223108445842,0.398611051433349,0.15575412677406844,3
0.07960310036979501,0.2274244359187992,0.5702254307972218,0.45260260322709545,0.9492690666217608,0.3175610202997549,0.5003159343223146,0.7835328116291944,0.406603264494066,0.1436907944664387,3
0.04235369393976239,1.0347796139749523,0.7924826246139582,0.6094607375633423,0.8201756040962952,0.21018572412541273,1.0669194194526501,0.3070552630718981,0.7177023074133609,0.5442263289599439,1
0.5010008884022109,0.7739688219915043,0.03238705040919622,0.3546397312605868,0.7165953885180162,0.16929237629030963,0.927443585189207,0.38441809783980363,0.6734838183245508,0.5560396945829135,3
0.04086867130256511,0.960951673817915,0.4889641802215435,0.49702047310461733,1.0259887605738582,0.30239418956524466,0.7431506169323759,0.430600257171766,0.5396639565582813,0.7376223492874334,1
1.469100963343378,0.10904956837511476,0.5991831118860474,0.9912943410479715,0.3456686476570337,0.6409943278828947,-0.35650678446368356,1.4973136642478413,0.5251085409486785,-0.15709964042922792,2
0.40500194583283966,0.8388031181451123,0.08879306341675047,0.27796862257132166,0.678332639855517,0.15680071654643452,0.9052694129849566,0.33548952113642383,0.6476446565374973,0.6505393400854629,3
1.172450406829268,0.23949004176501054,0.807673026216979,0.25960364430877286,0.30144532996354745,0.9113884397205341,0.4121455189448913,-0.014731472964431065,0.6771928545708944,1.056835046598734,1
0.6135218681301848,0.6498456702525732,0.24782691555980907,0.6859326933961037,0.13044941583295883,0.22992847237631972,0.660293556709685,0.3646087178450471,0.7451325230955823,0.19405517495140667,3
0.09536587361975163,1.004538080135326,0.7372892295953511,0.4740281336951656,0.7659246769869671,0.26739651634161665,0.9294174393149879,0.38155879604468684,0.7563127638845069,0.6068400503301373,1
0.17753313130085782,0.8617040014330452,0.8609951962298004,0.706558137261483,0.8166056664048064,0.17826797595250696,1.0443071587471588,0.35228500427157944,0.5282749012146861,0.6607896682320996,1
0.005845954942923601,0.8692359637311704,0.2575520036703714,0.9000613176756157,0.7958934779875985,0.12092845401548558,-0.01580399754867768,0.7751208865958505,0.26705432274597907,0.9883589869597492,1
0.8643875267374231,0.6491923108967075,0.5776798808977963,0.6219026411713143,1.0995189869166946,0.2263657647374492,0.265222030553437,0.9774439168721789,0.24267430953851388,0.7884197498930491,2
0.01212580040575,0.6136795091748911,0.8144808685365111,0.22731347340512692,0.7295199845359184,0.6787138722548071,0.5313480945681188,0.08160777663192492,0.7779703670223057,0.01866745913971144,0
0.8412273595819625,0.7346616148448069,0.5451547501680359,0.8086144752297802,0.20444143967109013,-0.0640708112433119,0.5881094789442766,0.16136277592323742,0.37612533043507274,0.6196099075759646,1
-0.2604038874060449,1.0096913715651852,0.5114599518674334,1.2061174024405723,-0.015108235209224108,-0.35517098245301965,-0.27840467671896085,1.1406267930185503,0.915066653242623,1.020887366566452,1
0.38833087979210046,0.8305314223724457,0.04433245150583874,0.40329597491197594,0.6921870613782733,0.08784353923707727,0.8516062993338074,0.5026663815955754,0.7157414494326239,0.7752162743686039,3
1.4899168648305396,0.5036325761782096,0.4581117905279462,1.012926149182518,0.6752219224431982,-0.04884698240063223,0.5943252160691099,0.5700917762962188,0.848472534281566,0.4229535207644006,2
0.26201000884500736,0.5141849837883463,0.2502222998831157,0.8591401718744185,0.38418154057968584,0.9164285878624647,0.3308531608394495,0.5520534270413013,0.47093982281908253,0.4483996055203118,0
1.143078805990575,0.5304549194652315,1.38543733017638,0.8897269577298108,1.141790771118158,1.370551091211802,0.21802125310671713,1.1527333166489486,-0.07471843926921662,0.43299309122371643,2
0.9045585620386933,0.8854590062727247,0.11091386056406392,0.7785333181777185,0.5734244580375328,0.3579855122310498,0.9230507714842139,0.02901580158513082,0.2966508008226072,0.30802123076906646,2
1.039782526186657,0.4468434924342299,0.7843519747529671,0.37355433114796804,0.1532919019682219,0.8399982446176412,0.42199089759237335,-0.011327349795961061,0.6454672759575238,1.0071083411601847,1
0.8006854047607371,0.5681732906824573,0.7508021711902209,0.39423077557676384,0.626297048400447,0.9575249378142623,0.2622685492742291,0.1424908531044578,0.19581879406789615,0.8427952265881883,2
0.535849287735002,0.8217426967947297,0.9105298228108569,0.6651529005552599,0.47811084681033655,0.18987675682005292,0.120955101656221,0.932147150741061,0.7799374545252022,0.7255979735113707,0
0.8594590087053814,0.27684372684352676,0.7181689521469827,0.00027542738583950094,0.8484138052931112,0.03985711722532913,0.886642898882754,0.6206399668743523,0.19237055181484547,0.7663540943559594,2
0.8695531172827532,0.8466521033752552,0.24469882912537816,0.9180133203876313,0.2900619496363548,-0.045984772066225615,0.6989824748056606,0.29396912952487875,0.26182657647971097,0.748651149476734,1
0.9385644306088509,0.879853598370708,0.15905165053114229,0.7420360509888579,0.5939466744580559,0.34530658906412376,0.9153159612546087,0.00986450831731152,0.27814581389284465,0.3365126018575731,2
-0.4837076290961757,0.0474322576626896,0.21525994657911635,1.0219629238190968,-0.30574933095174506,0.8933758950807797,0.4431002832670947,0.3601447803713058,0.2930799076954966,1.3427974533963614,2
-0.01621792129602974,1.3968734419268938,0.4721649906944151,1.3791381886568679,0.8569773021784183,0.1312188359382443,-0.5040318826542791,0.9420497771082003,0.7943746789509268,1.1079765096078134,1
0.35670719535417883,0.7536207144648306,0.42435190261870204,-0.23665611641993917,0.17614150663389344,0.9667593050825174,0.2947770086121336,0.24708329189824657,0.5626555193123246,-0.02757195767431328,2
0.04015562140929851,0.9072816501831562,0.3100438733841284,0.8595961240092976,0.741582707902112,0.05815147531532008,0.035011019240151986,0.7204865484240538,0.20945239898836976,0.9746660959672948,1
0.3540796281971625,-0.1853271647903788,0.7396400675274621,0.18474957941904818,0.8356840948229536,0.5395202254234787,-0.14808037302542212,0.371736989074121,1.075025238235316,0.4340531095623578,3
0.43643893333618333,0.8279405608691559,0.09501711154592231,0.34823743861121126,0.6328620448626473,0.2149361999076267,0.9248170669292962,0.33606427054120497,0.7053916698812381,0.6107064700322085,3
-0.17733479923030232,0.313602008272885,0.1095850491159906,0.7518299283345744,0.4393865461808527,0.9592780386903883,0.4721575170635574,0.6669759493142969,0.34413930855472785,0.7433043799790953,0
0.39527939577262744,0.8259065774746547,0.08570938628411043,0.3470684877612861,0.6236421214911556,0.20528127127094067,0.8765275375457853,0.40115007035295025,0.7114952332458921,0.5886460787618438,3
0.8837436708765828,0.7019125041005573,0.8869601399588694,0.7127633880765178,0.07577479799504927,1.080306177393835,0.13512417846049501,0.1496930876233835,0.836726525476887,-0.12349027360593809,3
0.8161732448080263,0.2337041047170946,0.7250378873857162,0.07119322646073775,0.9514667152865294,-0.03195581309997341,0.908815795215625,0.6191274559170282,0.25764158186930564,0.7702421053976715,2
0.7615909713605635,-0.0613764383210903,0.6474682607872128,0.03193341815264558,0.7785582221039753,0.29947765426886175,0.6228145414709629,0.11574204989315319,0.5232351861472659,0.1793870808784888,2
0.06710259685072029,0.16916423822859641,0.5054141548831836,0.5066432324236102,0.884591037111019,0.36044421618215067,0.50211002267862,0.7415702741145402,0.42287242712560036,0.1348000985670177,3
0.38586912897484404,0.48757449328749636,0.8057781391243493,0.67808651559247,0.5945330083804077,0.054680742116261394,0.8330392140905983,0.5829201867002212,1.0885205025777427,0.467912857125712,2
0.2680564506239612,0.767251121772679,0.24342361006243923,0.7775445358921798,0.6672048909227887,0.12545605155382397,0.00572688387698457,0.9406774395425231,0.2992599851685774,0.9863926477779196,1
0.430108940651339,0.7269489893459415,0.1347284715559087,0.21753037929507738,0.6421746629073104,0.23267979902395097,0.8160485574772331,0.2959600549342566,0.7252785063602283,0.5244250938115957,3
0.6722157453950466,0.08780121263997066,0.7552081093279385,0.3303438037929185,0.16771057535441614,1.0380728253028513,0.24590158121800748,0.40020110371217993,0.22003712038760254,0.968037922200695,3
0.174757609815277,0.4648339556159139,0.47267009681670685,0.09659335195777097,0.543430984068019,-0.04478617726437845,0.7610898428539721,0.7716280638793918,0.5801822156565323,0.18610024363858788,3
0.40940865886707145,-0.20814500151316429,0.4486312437829302,0.23947278242078796,0.7337865964834354,0.7399088422980022,1.068042678162201,0.45242460280462243,0.9495019028568717,1.1751007875839816,2
1.2013899619477197,0.8991349739831102,0.6878800544349056,0.7499797978488958,-0.027809460683696205,0.6073972002335178,0.0752134597879752,0.41179498799834807,-0.13389826035985025,0.7848723106141514,0
0.7367918826052913,0.05064246582875186,0.7302985742694783,0.18733352188685518,0.1324915795128375,1.0021095392447998,0.15706741353642809,0.45780226396299867,0.15987318715682264,0.8433227515386226,3
0.09648575120185192,0.6807090922226465,0.03419609547655077,0.22086242924461863,0.8558846927066504,0.4178667470394982,0.3974975478837822,0.32633046277792827,0.20775950795187195,0.38803621885925277,0
0.8458701589918998,0.8261267987137504,0.7753067352012526,0.7557739927609856,0.934518384465095,0.24858381808652427,0.3984825121503955,0.8114119782699897,0.3117702564135841,0.6359811288655527,2
0.7506680065553439,0.3188418140277409,0.7670663860152587,0.3138050281455229,0.6011181139927513,0.3895278574992897,0.5759946307881095,0.7665479657410932,0.40753661622318166,0.4704174457171479,1
1.0299062239057155,0.4831350635897116,0.7177755332775314,0.3552999356504906,0.07901210193413946,0.8540476998269376,0.42582815089045695,0.033510853530751325,0.648252744514418,1.0281677115214982,1
0.9315036783376914,0.07032313357666012,0.2862801617247933,0.4166173165388378,0.14942409761173883,0.11148952148319521,0.025510687771554366,0.07111611626844645,0.2922552308974712,0.8363028834122339,3
0.46615759686690994,0.30646756798249686,0.7127672239863182,0.590509347642765,0.620087429840674,0.47913676616685313,0.1677884516178626,0.9079996078145323,0.6528531171804953,0.12403564675574658,3
0.7346250574525144,0.24218223649689713,0.9035336317836722,0.308517380065909,0.6834263261994884,0.35140914305699794,0.39328166414730253,0.042402496898985606,0.5613677122846975,0.7620803110253556,3
0.5373297595506925,0.8664683618653969,0.8907966467865412,0.43344326765194746,0.6832445218460144,0.8102087117996202,0.5342205052534827,0.4684158708563688,0.8017910819401085,0.40083362530635125,2
0.21258626058405108,0.9373423910605085,0.6598581256435113,0.5724616552103633,0.818616615514337,0.23785144864493185,0.8986966465326436,0.3578922117322707,0.734280072949756,0.7115929782360422,1
0.219814076025465,0.9635107637225238,0.7734194159570461,0.5748107991580758,0.8410750157388148,0.131109616067623,1.018117845173661,0.31904115222009527,0.70739036362019,0.7338172614977846,1
0.6828403214773874,0.4964437970014542,0.6954030568187435,0.542012412956058,1.0211031357053886,0.2672840051426627,0.9340183923193638,0.3357272894228189,0.3236735932026468,0.24979581758158537,1
0.5935863056257384,0.5091239221119144,0.29463979110219696,0.05677543489877668,0.46405298518448035,0.4624586534866035,0.6961947928633251,0.24101177662352996,0.45766113986135376,0.08531807755705528,3
0.1722331449443947,-0.07651237183091919,0.37283299215526794,0.21001630700717527,0.8453390697484677,0.257651452347848,0.01526520490533569,0.747416709318799,0.8638698939526773,0.9269962609240426,3
0.9634487014244844,0.07768629748189183,1.025135951328919,0.42424847305547575,0.8264373206811076,0.47170423528515065,-0.14304911955509259,0.9849393323727638,0.32651105345176407,0.4664819735678535,2
0.08524026585459392,0.3534030855081152,0.3898405547553193,1.0209996606361316,0.43917518267297756,0.7576379772759106,0.4703460339064804,0.7199889884594575,0.5822468719928203,0.6635898354185102,0
0.8574059038577378,0.3026104225785082,0.7315231577029014,0.031198399558716155,0.8922510053804871,0.031208323005735037,0.8758477062114117,0.6552530140107156,0.22505722420840465,0.7387010967209191,2
-0.6308195938627394,0.7588611023268038,1.1166506296465004,0.19368162953520784,0.27170998671386215,1.2045961809891583,0.98398083902339,0.9547874915389849,0.33958151448727697,0.7713562906091176,2
0.9366687536693507,0.9416313546439732,0.1321050112983858,0.7327512728977885,0.604472447650219,0.29090722293968546,0.9085205883162814,0.029232085318525447,0.2888195959020159,0.28108311021597576,2
0.9676784399108738,0.7794823549245817,0.7973361578929153,0.6264946743912396,0.03363977853243767,0.47274708781746955,0.13434325377306533,0.6634755531468051,0.04110520445578188,0.43513968385728446,0
0.38550505846939287,0.8662059385167906,0.06142772913778471,0.2569290872707651,0.6142617175318046,0.18001627682016236,0.8340701871374939,0.39817727124665414,0.7024712595148521,0.6409569230833816,3
0.020387301983643774,0.5770130078932248,0.8658866443447042,-0.15007141499368531,0.7984428450737505,0.4572091267967801,0.6111373472560753,0.524863705285639,0.21570921110922495,0.532099451804771,1
0.5035512201297291,0.8461261378662182,0.8614115427541121,0.4822335945537708,0.7393187918530403,0.8054078183273425,0.5140445622176653,0.37156166101884314,0.7381021265817317,0.444046938764557,2
0.9744583938187373,0.9999876081971986,0.6464469782161376,0.006189981755201579,0.09632802328954766,0.21692612862122831,0.028648073563135222,0.7527561358713033,0.9813725004139666,0.6950839738898917,3
0.20596438380411594,0.39535862539865735,0.46002267432424104,0.9283499818547656,0.3891434331850539,0.8038187183757868,0.349013210036515,0.737156031872368,0.4971343096502681,0.5348664984742322,0
0.23160144219362022,0.5635742677617868,0.6967319861420411,1.2166333564739404,0.5193259990062782,0.5553777612650789,0.85303945339556,0.3732817113967689,0.5579149333142968,0.7472256991790858,2
0.07102113577382442,-0.07268608804493593,0.10231312344476584,0.4477055891041224,0.3148035123161922,0.535820063351891,0.42397426377259506,1.2668599912943406,0.29169295509179816,0.07897724825743746,0
0.688314695529137,-0.061286801007629066,0.677598646521078,0.15126574550366034,0.7390575111027821,0.2416757123569876,0.4457106510466347,0.12578421827926284,0.67578553917906,0.3489494427250054,2
0.2486443221712345,1.0534978033874065,0.8617450652300513,1.055579587659895,0.5605667469637117,0.800139869325957,0.9182245355244568,-0.00822581786540888,-0.00296280253560266,-0.27734670743575596,3
0.21846460176754293,0.4623575518224958,0.5563255962395988,0.7825184949974063,0.7638363869241425,0.982123763739691,0.2674339893275734,0.7707423380527287,0.4961161867955154,0.6048680526505494,0
0.49276074032698897,0.2660405340555798,0.44635133209981176,0.16685870738743988,0.031040969723461598,0.0571720405064923,0.6738544280131913,0.10585510836681161,0.6601896567893143,0.5259220975059666,0
0.11900816911500264,0.3277453250840687,0.3694813553168714,0.9791882732019497,0.4365153060212085,0.771036319672704,0.47289425088937204,0.7138410890930879,0.5394187967247709,0.6665678489443814,0
0.776025040501238,0.1894413056441386,0.31175768282667565,0.2073791335831772,0.7177299980101355,0.9264275469385336,0.6753511630842024,0.6120902843425919,0.768557891518407,0.08214527673240127,2
0.760630847327572,1.0751093693932794,0.8306757986759915,1.4023177966332807,-0.10399333849536413,0.23630926190072868,1.1165703694176337,0.05607460755477284,1.1104192347175061,-0.3456547556660978,3
0.9436465791673573,1.244403437915702,0.48779736819821873,0.704645458963217,-0.19092140887571102,0.07332281917050032,-0.2745535227919791,0.9873180649460982,0.32019335404035176,0.16921795529105021,0
0.10780075756212279,0.23391034480796244,1.0350768299032647,0.7781764034363392,-0.07308211726300529,-0.00977901768663153,0.7512418540123957,0.6350645640923609,0.24797376724507209,0.8363246083031534,2
0.17756259228783267,0.18572972555648148,0.15981327164130318,0.7360233340320093,-0.18204179150022137,0.605802761586127,0.5152100328577816,0.5935078943973173,0.3614714554292286,0.1734582512232306,3
0.36292029333259135,0.2004396768038647,0.08668842016115412,0.6909419132660459,0.5384114528845582,0.31791712241039055,0.7746909034004011,0.32273636082348456,0.05607345079213416,0.6010088900719655,0
0.06300784119820942,1.0965909899577868,0.7466535191463675,0.6579831171359558,0.9581635462473966,0.17737933989890417,0.8649372339257799,0.42823500633325623,0.7878236987240619,0.7784145307083195,1
0.6896463220935756,0.34502491789147716,0.5809197720832229,0.9911532739448586,0.9056881399426212,1.0811371521360247,0.3146841412701449,1.2544638351942812,0.6471508895605245,0.10040397716578386,2
0.9286648867597608,0.36292893397497145,0.6490490896085639,0.07779216643220892,0.9296097040899389,0.07612460898485951,0.9056038974819821,0.6956684083679106,0.16766506440172346,0.8183459076743973,2
0.8272515496473797,0.16452079312485476,0.3423527697715453,0.3066488662078376,0.7755560904972153,0.898008120471561,0.6871241887712561,0.5738766018018828,0.8065442933573236,0.13966806993101738,2
0.6977361689651289,0.24563681376805255,0.8899993244954282,0.3611111198558431,0.6622881805698,0.34849642540973597,0.3553380993563888,0.01970722340913509,0.5237432410833716,0.7837402907813096,3
0.2092105224573813,1.0003389689795148,0.2079116822974753,0.7065979451239516,0.7695732151579677,0.18494700029156586,-0.007910995887855238,0.780896292822987,0.2356051506422914,0.8929019864668578,1
0.7645748076846745,0.623100429760381,0.8371124504689336,0.3772130978014336,0.7259398206695509,1.0264617403623157,0.25042318370049493,0.1916179804289177,0.30665079303304305,0.9014599260518825,2
1.0145040781560122,0.15913955551277514,0.5231897906279377,0.7942476105274756,0.6223666893780053,0.8911914717009073,0.2132871538891647,1.0069431551422456,0.7017603250648672,0.2915225209194057,2
0.6957641570416403,0.7710496606913628,0.9045066432818196,1.1449944832756123,-0.13680560942974118,-0.04012279479105649,-0.09437172234429222,0.9432726076294053,-0.08827921445539572,0.3783111679554979,1
0.6581337162118416,0.5067877165339588,0.595340648738908,0.6920205578308729,0.0559114972309108,0.5106841195479126,0.7328068158444806,0.5318046251464039,0.5342710106397497,0.09179079025551393,0
0.8142499592014849,0.9551990854905835,0.29391036790548963,0.6106403166045502,0.34232368439525906,0.2304311187638921,1.0343405778762622,0.06879292529772199,0.5775556226361489,0.532352119556423,2
0.9687396994286939,1.0050368024836405,0.6505993211707662,0.003514618740593231,0.09579821535783062,0.21948999207753742,0.03196520909578607,0.757889508488672,0.985533390734139,0.7012951643118606,3
0.7010695795841616,0.26302076782814604,0.9070222845301245,0.37480903232783247,0.7122769173856137,0.3802593481898318,0.3185170647510612,0.012935020024265234,0.5254637686262561,0.7731452361348355,3
0.7116121906296056,0.08322861364769693,0.7905395725179818,0.1764810930418903,0.07400643459520354,0.9046831034537166,0.1768024086483823,0.4918845506263929,0.17183505699229107,0.8271356719342062,3
0.3922334217342889,0.7364140298839541,0.0028962984162397773,0.23331656835338133,0.6921997657115618,0.19535472157077022,0.9505480329558438,0.37392803992796486,0.5837507520568226,0.6780154029355049,3
0.9261445677622581,0.8573266730735529,0.11070967085358646,0.7248739286642989,0.5621787201978607,0.3202867524711129,0.8859301643639742,0.06860668246545149,0.30080797291685696,0.27847796406666786,2
0.13597423278110843,0.9630070107168542,0.6942103039590872,0.6014932365848742,0.8891686109688075,0.16901415285279098,0.9208138346331998,0.4452047035645928,0.6836661849295032,0.681988215478605,1
0.9037029122085077,0.9091089079992049,0.6151311312685287,0.6001553034822809,0.7347042376754707,0.31499581144290606,0.5772304781627288,0.11570928365592073,0.9833452340798938,-0.02108792726541501,2
0.910665494101066,0.8310118084274023,0.6670672891564491,0.8510193303031295,1.1885283248261445,0.4371763906390519,0.9441419790315857,0.13038531198507897,0.13616141927448216,0.3786275831586584,1
0.3560381420788627,0.30601609183063655,-0.27108565016762337,0.13083290463587682,0.6464840246321026,0.2271342389894495,-0.2557076264803346,0.2738169434370557,1.2453881521901002,-0.15701868406018127,3
0.9460265248617558,0.9465461380424736,0.08346901244153715,0.7640812008498502,0.5672018171324237,0.32374015382960564,0.9211734803414415,0.0006728803429913409,0.33988042268477014,0.3414002571324742,2
1.0513581524356532,-0.6110582934899937,0.5461472677294672,-0.08751197227627183,0.8324389599802383,0.744733623102677,0.015629204478407113,0.568847281415718,0.9158078887606499,1.195256886850852,3
0.6605541210375366,0.5005339207751173,0.5929446644833307,0.686201533388959,0.0506936036983928,0.5089435993969489,0.7437396905816673,0.5308021256544696,0.548925881916333,0.07260040319718498,0
0.9532246082676707,1.0130150538319012,0.6317706477542075,-0.01557987299319721,0.10511668893386236,0.2046835878125942,0.005522055506397151,0.7731380781731741,0.9657712656666391,0.7147611977351258,3
0.016829519933886202,0.6104374202919641,0.8152936095220643,0.22624928158339053,0.7261665995505746,0.6787365922047317,0.535400101205053,0.08572470837363723,0.7755275270957482,0.017378820676520846,0
0.9304755819540196,0.9600673948512563,0.5740959419693039,0.5777067051808784,0.7876577326620311,0.25344845511282,0.46382120302216906,0.02935824890016198,0.9828737636166068,0.03299184192337306,2
0.42248224301697146,0.847694181987549,0.039651823128143415,0.31342730233131705,0.6865338301199573,0.1980001765132216,0.9046293256513093,0.36951171560631274,0.6375863872315404,0.590196114393273,3
0.36608891737494353,0.31544592437526187,0.9818593383730466,0.2187165311955978,0.7090145597129697,0.6201569864947631,0.4798863274108496,0.7879968294404263,0.41375284201521534,0.30428213266390536,3
1.018482374283684,0.22491581806014171,0.06435258962298032,0.5841873523887644,0.3658773226604264,0.1382676011396627,-0.001501701638764688,-0.06763514127883735,0.2976483547042873,0.72251293077553,3
0.014356232973655727,0.6115671403441266,0.815692224937383,0.2282687302515809,0.727404890213809,0.6786238130877491,0.5336333320629684,0.08320973169889705,0.7766682459043415,0.01885752635404599,0
0.15194099699443991,0.94376047820022,0.5264820586016258,0.12676376790366878,0.16122365680833864,0.9072012590993496,0.46705429159114786,0.3556048418741165,0.3100003503875869,0.511416316581629,3
0.9814600316476352,0.9956850424759316,0.6415898573987989,0.0021717932603023656,0.08730419126079013,0.21320927519453506,0.03019829643429566,0.7480503550217545,0.9887252578025123,0.6905390253704545,3
0.4148481582936982,0.30678045528270736,0.10059606321722203,-0.2659442510476979,0.39318691875991196,0.31573656541258044,0.6240637739378964,-0.07956905290903843,0.456551194291063,0.2176071372178581,0
0.5439264093836325,0.700452889027413,0.3942321033532634,0.8274761964845054,0.011966829958412722,0.6103946659685271,0.2301473331523078,0.8921518152572958,0.06738099232599792,0.937111609997681,2
0.6107130107354801,0.5557958172056652,0.293493451214896,0.277712677470968,0.8160457415943411,0.34570264816864266,0.3604243764015508,0.07740129271102249,0.22737006446834215,0.2051732749850276,2
0.6214651039721946,0.5623526672987613,0.29373527059610294,0.25224298881661167,0.813443066148704,0.35415932142324513,0.3924756045338174,0.09495972931218123,0.2539717913019841,0.2337737527309333,2
0.9251696763759125,0.9398074791262854,0.15571252535049662,0.7419000091316594,0.5943104959496285,0.2991763145369901,0.9253042722980265,0.049015691231844724,0.33105895552315795,0.33605403805551226,2
-0.35221836065436324,0.5119696715972673,0.4473250488432135,-0.09449881562477735,-0.06846467508090781,0.1391662021325617,0.4271200441938642,0.3820779809600165,0.5991096481172071,-0.3968367521551941,1
0.30997049702188056,0.7474792107372946,0.7001850748044254,0.16972116699963255,0.7111123708992872,0.28903803349649737,0.5712424050710604,0.724269143742164,0.18050690557986807,0.326030835438239,1
0.48106990984774545,0.8194789375098492,0.007395533931850197,0.31108316835834765,0.7209459062868417,0.10807282103546338,0.930902719402595,0.33166005924674075,0.7304027365422012,0.634385709699171,3
0.729549942305105,0.28148456528034443,0.9452819976456427,0.3739658910032827,0.690016559593012,0.39810120773239205,0.30382113626700513,-0.008391523620908142,0.5159700919099915,0.7781722173074705,3
0.8194319763401494,0.5761745583910914,0.6086500158366348,0.002914966751294495,0.8909519839329099,-0.12336008786401464,0.12921777905262588,0.1314081459840073,0.41258818849107937,0.90984006304192,1
0.010425340080333946,0.6115247545309784,0.8136089345913525,0.22644990264454232,0.7280495039129308,0.6778822887077812,0.534427282166337,0.08066036096105916,0.7808644668521937,0.019657551039055973,0
0.07786397293465779,0.36330155732580016,0.24103069060188426,1.155824955719998,0.552317388687554,0.8898652232039921,0.3044648669669335,0.7642561663149434,0.44029550304473003,0.6219139924100887,0
0.09350146361052382,0.41928996440738037,0.44438933771469735,1.0868668248955615,0.3752438757855855,0.6917633875669277,0.4750611996105677,0.7049030570532314,0.6320806402390421,0.5589698541085936,0
0.9037190081870924,0.9030728004368692,0.5031460392927892,0.8718545631926886,0.5083367763514376,0.5130800198810654,0.6998185379487962,0.32427679269070914,1.0335656271966758,-0.19378883974682945,2
0.9076835458999162,0.9417246815545378,0.17916062697933582,0.724243242634141,0.5531444682974196,0.27378212517615685,0.8086669240679802,0.11358144335398403,0.38893379136941186,0.2261154172779918,2
0.4921531065013122,0.2005037431107392,0.9903980148419366,0.4099052542267238,0.6781767479125833,0.2992693515436119,0.3482128868743482,0.4199064811835866,0.7869730696476234,0.5665547996634828,3
-0.06958489508443136,0.6941528622318079,0.048879515678870195,0.48581146873688297,0.7988211884226969,0.6317092498118062,0.4269841899388525,0.1407345734327119,0.19255635913193755,0.6185065858941277,0
0.3091684966239649,0.8440588110466247,0.6329385657891505,0.2974998957992808,0.1165564197433814,0.7857606991786684,0.5581049141822868,0.4365832748108922,0.378847368653427,0.435468099036915,3
0.6512756081820673,0.06844990678397489,0.6100736250054196,0.16021879047040352,0.7492230540278004,0.3135179783280127,0.5466627248064581,0.2046833208337172,0.632834799052524,0.2608770082368417,2
0.3657925399982217,1.2657763426336543,0.7495355666992707,0.7461241114159796,0.8568312923480039,0.2462579960334164,0.9958012567433152,0.6339650242274107,0.7606981409243357,0.6305443324802747,1
0.3205965048113594,0.882021390272035,0.6388948554899602,0.26258991285013655,0.15525315537689272,0.8219471080339982,0.5704656901477575,0.4495849387428813,0.3797618670769639,0.42674513558748356,3
0.012560697273390844,0.6139031190187271,0.8142038953077375,0.22709639848123253,0.7300458025862578,0.6787686615716589,0.5311162613658831,0.08199864750295142,0.7785395586088275,0.01858047466002317,0
0.07834256631892889,0.37640640369473305,0.3627785144959986,1.003825115612341,0.46736353436871714,0.7659473486122595,0.4877670634839065,0.7390706155348334,0.5433551026989794,0.6516910434555998,0
0.704287907275141,0.07198404798110802,0.7288696050165174,0.21372278463084754,0.08352878103005307,0.9499948010702857,0.19611102950538845,0.5039634290955144,0.20407026580991763,0.8931346726073947,3
0.5404064851275738,0.24228778622668062,0.7602705660285802,1.0656520225643138,0.7247130134854743,1.1599042337152676,0.5699385434410486,0.5702553344822546,0.14424776354490365,0.3433106833220263,2
0.45795544902120416,0.07628676861455491,0.02511828395011735,1.1989467093767479,1.0098355163160886,0.26301223840565924,0.3727190707255505,0.8545170507231868,0.528011098951406,0.3512348723498686,3
0.007567838603610309,0.6063579925222707,0.8111492773617899,0.22588835689612718,0.731734114603641,0.6689819985835188,0.5377710248059551,0.0769477695552347,0.7878020254305108,0.015081188257208267,0
0.3557878965671059,0.6033972154190365,-0.013120743148418545,1.1652272606030531,0.9637473431934682,-0.26856351538992157,-0.35323322271660446,0.33514785190117885,0.6755674324673268,1.270367535121534,1
0.49331505632974915,0.8315141582941169,0.8855066966010973,0.4766027691441782,0.7635569810969327,0.8159351418128935,0.5554457744427249,0.36515542371359,0.7493422946391917,0.47605697218585413,2
0.07374260569399813,0.2898723664162537,0.4548008247711265,1.1024066792250962,0.592741898472022,0.6997803281560608,0.5349085777787326,0.7927072409228301,0.49887912019602354,0.5884331759956752,0
0.7908813649365275,0.6790365290713264,0.45530078210540387,0.7892870474980741,0.08307488232173899,-0.03631950423222484,0.4555076635142591,0.24574130505649816,0.44109871241736937,0.6817997026210493,1
0.8814872651055676,0.7777330980464009,-0.0074058037298145585,0.9147036522369492,0.532285090253116,0.20023139927673,0.8598674447403222,0.019915680633341412,0.1409110103138678,0.4594069112729355,2
1.003586388903287,0.10673085412525518,0.9798285278560378,0.3723547003635666,0.4416174928791887,0.3761091551417709,0.4388229813638615,0.6461802609097778,0.492845937771066,0.3360527316456796,1
0.028690022642556157,0.7391896390025797,0.0005597148120268791,0.2988756469497072,0.8335895281628879,0.4330499298496133,0.33184392036237914,0.3767535150794121,0.1345285065967361,0.379709702449068,0
0.4645054771016573,0.11840898710710933,1.0330894462109281,0.4360534582974746,0.7242466753226886,0.2117053663853605,0.27310148854087496,0.4540611533015463,0.7574154075102918,0.5115540495472621,3
0.296721102675804,0.3890564138794276,0.9591409426981453,0.6202158520677858,0.08986815710165245,0.1869004808400592,0.8353913135781886,0.5971402039825335,0.30643799399639055,0.7338039625345949,2
0.41939575685527447,0.3942721439203187,0.24087863118803915,0.8155237087951341,0.3102214572465825,0.850995949364313,1.3710986989439606,0.9110318917673335,0.6653698031335316,0.27313180148171995,2
0.43317695524538413,0.7858000910112524,0.5771485613072715,0.28903747919288264,1.0623354355207817,0.242019290249671,0.7977990205531594,0.35900504674982997,0.6161056071555655,0.5052817876935016,1
0.38215338933101006,0.698379689496774,0.8101008372163735,0.5822134780470907,0.711258463152298,0.7784275302020751,0.606870637503369,0.3501123028734192,0.7556060915137991,0.39766025665937693,2
0.4106879426688161,0.2715281848049893,-0.5506171658699348,0.9283500057022009,0.8526062286614063,0.08421965539808743,-0.03569070795348697,1.4712128696017686,-0.5365367188623338,0.5844490359185566,1
1.0562622784750055,0.5895399315357969,0.5735238045417267,0.576465655086544,-0.07095863333351657,0.9072820229374978,0.27511824591708467,0.08320459380476505,0.6214866761360558,0.8739349042868377,1
0.857026632928431,0.28216402201828616,0.7301585104695327,0.03442785666618261,0.8772071727857128,0.007491893237749238,0.8867596271244187,0.6453063671905099,0.2502724018764318,0.7893741852736955,2
1.214339150245288,1.0006342887051989,0.811781421830467,0.5944836346213369,0.5233503094714258,0.00015549506308887295,0.6430127617741337,-0.17993078763365516,0.8281213071464141,-0.15644111815469233,2
0.6142385198022559,0.5633630517907402,0.2932652823516146,0.27622222985893785,0.8200597510266698,0.3339521161738188,0.36937721743756513,0.08207909692814862,0.23611485087170175,0.20706213561768672,2
0.3341338253601956,1.0161150042855174,1.1981410025963712,0.527109512455419,-0.04008879049827999,0.557446683767846,0.3498258629437807,1.845986998580523,0.2886706942669145,0.7372723717239156,2
0.34881460020270283,0.22979731073073925,0.09467195149501066,0.654368675972824,0.5698095049292402,0.37908124909828916,0.7463112281642935,0.31161563029813283,0.08908473755673853,0.5650610532996988,0
0.4502815741935735,0.1804613640018854,0.7342903941210295,0.14876209371158566,0.9120579977534947,0.34856083735423915,0.39939945839187485,0.2938234400589798,0.7478192968568328,0.5401077090331641,3
0.023468463354075663,0.8760789646721495,0.33055239322672364,0.9200241345552636,0.7461068214001921,0.04543825773588091,-0.0018914981838951822,0.7717565971560874,0.21120226094426336,1.0014576804734945,1
0.8614351573294056,0.018643235736056786,0.05867186361867821,0.982142244430052,0.8349033309044406,0.33201842835345685,0.023286616545203906,0.6412303362673619,0.47539923968042863,0.5874920701902488,3
0.896317264506638,0.8808302761031981,0.14912073076632895,0.7925142886694746,0.5853106834558697,0.33163764371663346,0.8722680483741979,0.023414581011999377,0.29240170738908877,0.30374339367000996,2
0.8673622281395846,0.30884706509516147,0.7229721499844497,0.040252095484127934,0.8945580285740198,0.02073180279828428,0.8750977262834782,0.66790370557421,0.21988665817755512,0.750670700188695,2
0.766417041262857,0.7969666146306341,0.8054410419587122,0.7814569096892572,0.9347131439252739,0.23514161476552678,0.4338655023503185,0.870215691907096,0.2689961563888635,0.5992715819600172,2
0.062105498284355166,0.680428650912273,0.04800439588418373,0.2547804203443994,0.8542358038113654,0.39436417697854126,0.362490285053937,0.34904695035972705,0.1665818025252681,0.39867473782037743,0
0.09916049974774344,1.0187667083737788,0.2551472868972298,0.777824590998548,0.8616174400562044,-0.0459021725101999,-0.016047074731908466,0.6176156444394645,0.2905476904183194,1.0153523883883135,1
0.6219472700386178,0.5375027961176189,0.29767998837059984,0.27570387455611484,0.8206167260856516,0.34352672046042293,0.3698592790609704,0.05574683941131496,0.2368318284841845,0.18661945112055378,2
-0.19740216080668743,0.6780480950586092,0.6391300288529806,0.7082296692856443,0.35897483234613736,0.5679552275186763,0.5626254839472409,0.6259597361882447,0.8352999750569134,0.9733465994129039,0
0.5842969854510407,0.5421312156543912,0.7699732498791121,0.9926493668747063,0.010146669379553141,0.13376439549393887,0.01825552606426271,0.950786407629911,0.10234960162348027,0.4748078339363642,1
0.056238390228696006,0.1375809211379557,0.7279252529100706,0.2608248406629586,0.09167389731652388,0.408555132573324,0.5581624729919418,0.5142802197007316,0.5132318350910904,0.17848079584978765,0
0.7172884516549451,0.9897234073764738,0.8220675613233923,0.6422779032342384,0.31166396591758877,0.8705749336966648,0.23484522503624233,0.1947238056824303,0.5530897677377328,0.10054452626877922,3
0.534615399945577,0.8403322592208888,0.8177574725889522,0.522639714936749,0.7156046039971,0.8524152895873791,0.5515027592076394,0.3094936625462269,0.7916172833820025,0.5200622429313051,2
0.9096217042666439,0.32695400443275674,0.7083641745526429,-0.015084177499463558,0.9312859697396147,0.0005938380822764298,0.9047833208194908,0.6316248204170108,0.23874940567264508,0.7646022542370636,2
0.162007535093093,0.5574976894441126,0.8048796485014273,0.9773622946723626,0.11354781589959037,0.5685564555594584,1.0611040547536497,0.7362048322363379,0.3895479872831411,0.7693093910888444,2
0.4393898921968252,0.6068395998293237,0.7170768929685627,0.5978981446081855,-0.03311442728707171,-0.05773079515308993,0.515522012506752,0.34703988433270666,0.42421351028063825,0.8180753799013047,2
0.4431562890394366,-0.021893347186178233,0.44234083616041536,0.2030123402579075,0.6088323050398611,0.32531243629513595,0.5362070250473576,-0.011240574439610823,0.48945108224134615,0.38369947212235084,2
0.49961468879119836,0.7810940665143968,0.8088054174293855,0.3773659608620241,0.8797680772050027,0.806726234739608,0.6376934624915037,0.41865499675516915,0.7143539023875273,0.43183780122726956,2
0.38050740914356523,0.9172256092263268,0.540630496214858,0.21165160131048083,0.13428946473007475,0.8287032760174509,0.6281540341641664,0.3835423405681479,0.4689895226326234,0.4018661741842101,3
0.2508818451836783,0.6749515031602278,-0.10663085422442314,0.6383119636079339,0.5069135923458783,0.30453058297819746,1.0401303947013842,0.69492214247717,0.9788853240657184,0.05170485516715767,3
0.9246012329110509,1.015487264007875,0.022684287332635555,0.5666999434725986,0.5641989221813608,0.21653069449400636,0.930188064989393,0.15455203608853327,0.4394294318497497,0.27576824392880916,2
0.012004220999696393,0.613470869750477,0.8147535139496014,0.226468069879733,0.729634688044616,0.6781381640438268,0.5309971844096552,0.08208817106232207,0.778820819142444,0.018659619194149733,0
1.1954857765096625,-0.11071255021382001,1.1218015482446113,0.4916433562964534,-0.3666330432206162,0.7753203109164482,-0.046242612154075546,1.2429050271070103,1.1856506442921817,0.5355231844766516,1
-0.15890234980003604,0.6093454627010579,0.685773795290462,0.9618553659514701,0.37411135598934986,1.0633600232747493,0.6773865088315821,0.9902542105164742,0.5089292951463307,0.8867039894027458,0
0.4164019025548731,0.8169869843955262,0.058602772190470734,0.308824311762155,0.6547527976854906,0.16792108842480172,0.8900380029620193,0.34604711667463156,0.6733855584194794,0.6254103526664274,3
0.711009002272688,0.2541952784715839,0.9179537244369437,0.38559224467413566,0.6829301756503093,0.37409735719876075,0.3292613287449088,0.016216754283344355,0.5317885378001865,0.7890756746651073,3
0.8536516911229235,0.5192796232140356,0.5995085406351187,0.5921053093334666,0.15683674410472612,0.3732538354345242,0.26001003967545944,0.7924456499551197,-0.17816786862738815,0.47348211444343324,0
0.3679353488999905,0.11887457211085273,0.2402415047624527,0.4917281916533124,0.018123657227285928,0.5092313082185376,0.8166545960198757,0.8900051244549817,0.878819907154147,0.2895226465451335,2
0.5239373342128585,0.16670469485020323,0.6029022549982246,0.2215731063237708,0.7555856024984895,0.374232278902358,0.4766077332913419,0.1069715090882999,0.7687254060356911,0.29936722236591506,2
0.5712290886706171,-0.1666427502246885,0.4138345595296665,0.0539521351342563,0.030472576252475597,-0.06647761389501092,0.6391601905196252,0.24137642186977648,1.1947475174984499,0.1814090512430032,0
-0.08298622475083561,0.6895018712709677,0.8549006342428576,0.8506086228262353,-0.11926566924153861,-0.11012901768673106,0.6707379818099616,0.6324816314114139,0.5414071338561108,0.4735247976494983,2
0.11153218436793219,0.8757206678242441,0.36211234894488326,0.8741024838584901,0.7123607162192714,0.10152426649480613,0.0791016839571134,0.7435758200106781,0.2844543335596307,0.9389503230018594,1
0.9995937732906052,0.1948174723586562,0.5111043125005761,0.8534166447579664,0.6837675436408395,0.8059167548127335,0.16469938956950944,0.9353232170279977,0.6333376723527349,0.27106685895609783,2
0.23123318275875573,0.7120782667599272,0.2439403573142184,1.5751096587383846,0.8813211049978306,0.8040964366204822,0.6452740781835271,0.6022193071444821,0.48982075542777714,0.25177025110949186,0
0.7322941826574539,0.11220201077020961,0.7743774131944333,0.29789763229226146,0.1252820477843039,0.9362034432072938,0.1345805521422402,0.5354484987960566,0.21332992139794618,0.93620463094223,3
0.9705251049411487,1.0050186852284626,0.660293284758744,0.026666645364008822,0.10027632749474677,0.21811120675165874,0.006614247817244061,0.7737889267086063,0.9670445483039463,0.694651340831126,3
0.5669006900960782,0.3985032795767429,-0.34720441312896533,0.5589636272365464,-0.1773481489627678,0.42330566813461745,-0.046305436299835454,0.005268245508125116,0.6364519324606621,0.9787861398189445,3
0.2066942369992686,1.0116112755358222,0.6487459062935014,0.37510378763743535,0.10369030300687641,0.7180371033623245,0.5959519700899928,0.4599456872275493,0.47293956663906866,0.4709752971589577,3
-0.029963540646319564,0.6752188015296515,0.008537585061212022,1.0425333223008788,-0.279861399746725,0.9444952560738895,0.8431956060747029,0.737244830954336,0.7417658404826524,0.32789248815241306,3
0.5062893387082069,0.23761274483588743,0.4008007544347351,0.024214279585244317,0.17558697075552665,0.19723802775180765,0.5547241027652567,0.00564774545267328,0.686871882007788,0.3682838070954335,0
0.4666453259160869,0.9108627616384931,0.12109441245523657,0.333895866448619,0.7225358025494777,0.12101995008562556,0.9207802218409001,0.265652587205321,0.5950047871998052,0.5893874590795138,3
0.01250898789261084,0.060630988088929624,0.4828133663767097,0.2632268234738978,0.821522565311268,0.41646218074177765,0.006391698566620795,0.7101674694179908,0.9472540155194467,0.7975773109729748,3
0.4875266062113263,0.7106183610351157,0.05192492324901654,1.311813547652179,0.19725938885295366,-0.05528361791406622,-0.0745991392053248,0.7533992919445629,0.6684717493729467,1.0782760968213922,1
0.689862109341728,0.06877810483198214,0.7405637351339972,0.16968682964209464,0.1518476339736216,0.9051783754658347,0.21928989460625242,0.4908644040100216,0.2414380203211296,0.916346012597147,3
0.06226554717669027,0.17695719800858198,0.540295783002974,0.5001432844250532,0.8750059604440203,0.32890319273476076,0.4894107419403696,0.7590907387850349,0.4004531190576547,0.15837464970507603,3
0.6748740203124189,0.2827129323381995,0.9240332279193469,0.3682800782341456,0.645430830097576,0.3307654798601801,0.30959938689079725,0.057427647777329435,0.5494623282975575,0.7957154716706194,3
0.6540413434742423,0.5064449975816575,0.3002750053399821,0.33943515431643,0.7934962196016812,0.29880642058299817,0.3171484098169579,0.10784128650644494,0.1913972008141439,0.15621346862275173,2
0.18499635242922557,0.6455596797564472,0.7458460512861516,1.4567807812078946,-0.34904658529007926,0.157488656797702,1.001690169073497,1.0190199974891507,-0.08099203555961593,1.761803463804158,2
0.416586859869724,0.8057472652304986,0.04972956975258945,0.29439810566101804,0.6440830553336575,0.1765449895473818,0.886630872186651,0.3303780123765687,0.676095037458107,0.6178400267174899,3
0.8358602442819829,1.0451395302828044,0.7485939187725451,0.3685178100625566,0.17904932838032253,0.6679479023005543,0.12832588828793517,0.9510832106867595,-0.08225996502866528,0.27148597113556583,0
0.7236385052557677,0.0563475363651133,0.7309718257918406,0.24423803950884732,0.09271031821222167,0.9644101377669754,0.1805317400804824,0.49761473111421306,0.1948542588514977,0.8852160223040005,3
0.6650549179903962,0.48388979557412587,0.6072186331927703,0.6635117569042644,0.04556499076465523,0.500775758088196,0.7415701787809298,0.529168847123336,0.5644205172931307,0.08233694472455103,0
0.673360978532445,0.16135527732438176,0.6564894385724489,0.08128809861472623,0.7502442624987348,0.23708259675259602,0.3985134716190212,0.19410648357386337,0.6560103743161461,0.38080251985480096,2
0.016109319989635388,0.6112470799806956,0.8148846999538077,0.2232150602862168,0.7270108307007437,0.6799858157820864,0.5315090468626441,0.08478046418219394,0.7755040555484262,0.014746067360546209,0
1.055538022701941,0.2929385576905476,0.6714730274861421,0.22029796243985814,0.4034511308436039,1.0542781470778069,0.2831622623212137,-0.02982732112826479,0.5614207252985981,1.3497511028384324,1
0.5035340681504411,0.8256779027833847,0.8781654449087862,0.4818375746352841,0.7678621025539301,0.8199761505173081,0.5394036204073873,0.36150447692431864,0.7398344854711807,0.46417206694621543,2
0.7446978937783963,0.2839731384024271,0.9518849903431255,0.3398185619037573,0.6646566943153955,0.374438978994081,0.30131211347053416,0.06948699219470778,0.5228477708249917,0.7390751639389412,3
1.0182679876611478,0.8662050524499025,0.05354759019065329,0.820400119016951,0.44804716042205817,0.4338432997241504,0.8643207026159554,-0.08827935237270157,0.2369090151536064,0.3782906774925011,2
0.07939319685523095,0.40983290141725165,0.4104223364301891,1.065895026655403,0.4723940609191195,0.7359838297077982,0.40798003787022014,0.6778559053490811,0.5864378575386241,0.6666042275447226,0
0.7810357146984027,0.6015824978890711,0.7933669067977895,0.37150399462941563,0.6190572961889398,0.9175000432159215,0.2782047596892179,0.17290075944091407,0.21246496462365685,0.8446754580715251,2
0.5351543735633582,1.1152133761882888,0.6528007926975421,0.9902502590049841,0.0994854766850534,-0.22222703461800564,0.2719201949383063,-0.3490145582938091,0.8859015797204812,0.5598591763241161,1
0.12281772763654814,0.9624628998166737,0.33399627487983413,0.8572442386053688,0.676359950129649,-0.001587602340216085,0.01243955545610589,0.6520001280470977,0.26506787003325183,0.9817137410353047,1
0.8833703465562998,0.3181669620373002,0.7114388636207628,0.041601442302338996,0.8901738660933068,0.024988055582595724,0.8858171273081877,0.6715548688389005,0.23592597071373075,0.7666869256299192,2
0.5953008378645038,0.7864243596798447,0.95540843454171,0.72084389804372,0.4062928646568405,0.22813845345739403,0.22504668361497937,0.9425582680097071,0.7695536047823003,0.7456354782839139,0
0.48748556471739946,0.7683762132175865,0.9160489937595423,0.4628933841287502,0.8275695049350197,0.7203428962538032,0.6402870186341911,0.3487476987747897,0.8026200482392948,0.46247124687306285,2
0.25610457098526945,0.7580903978304963,0.5560993651322881,0.8677496019421701,0.17618520584593556,1.042226524971154,0.5389840049367165,0.10251626721114648,0.6232386507890397,0.004414789034285049,3
0.16748293595926564,0.9990197018838122,0.5679852890434365,0.4813549112199365,0.6781486079340597,0.11593857061414568,0.9565929010405639,0.47134065182963425,0.8422485253514872,0.5100405597454019,1
0.5290485596605299,0.05810125863983079,0.5000655571057567,-0.12281286404705169,0.08262400190029619,0.06803461767747708,0.6942650938750887,0.053053844347973216,0.8299527307101665,0.4557526383540714,0
0.7638571616749501,0.17412333739359012,0.2944575252754629,0.22731993668670902,0.7898264446748468,0.8477073885552846,0.7522365898399173,0.5548742142968334,0.7489589635394842,0.052062656135805234,2
0.26320260767315745,0.4306377403201249,0.9492800964292304,0.7350803403821204,-0.021526362886217548,0.2057961102313945,0.8099741914887439,0.5870803387974104,0.36015127096143845,0.7594052559614561,2
0.5058200902550651,0.5491098033222503,0.21609461804781752,0.7166507136368614,0.09132327714017797,0.3147711081695937,0.7886326001355469,0.36409311234885383,0.7110100842755358,0.23489441706624092,3
0.9792262250260864,0.9967006210782011,0.6303562295211688,-0.013089224841324826,0.08448857854538946,0.20793897814446743,0.029562154661317987,0.7686197804709411,0.9818563339889953,0.6746510042869714,3
0.9005498823545064,0.28657123104578963,0.7114391721036231,0.03136159296914338,0.9002127366486464,0.04550110128176241,0.8802386688343754,0.6639859911837134,0.1917233413591271,0.7307445754987506,2
0.7160119187006597,0.761041462863783,0.7281830547123059,0.8087401729986059,1.0351058002006177,0.34683037135576145,0.30116887010015037,0.7771574117138101,0.33907984014304,0.687157248851552,2
0.4125925398561666,0.6557805779031344,0.6720312813153159,0.6154591384909103,0.8109772325380509,0.17087800975372128,1.2759959566588743,0.032398885971446745,0.2719029368156203,0.16245386506162424,1
0.7958880517570063,0.952270568084171,-0.261838171420516,0.22977074600959424,0.5791693643953664,-0.3980553687191766,0.028343358290991025,0.2742043032150674,0.6877185114458441,1.6169376439627805,1
0.7872306528296809,0.1999906898166005,0.3058881979924194,0.25794204099111634,0.7816538095388631,0.9041041074539744,0.7206675472153323,0.5590978315473198,0.7996712963489062,0.09146814789289741,2
0.2510801715419634,0.2812916207282092,1.2024432242107985,0.7120046262568602,0.5352445862949464,0.08486477195155134,0.4979248098601154,0.37778445040468933,1.0652198674507076,0.6512120072111485,3
0.8804167510517572,0.9645650433630073,0.06299118816312284,0.8158402942611995,0.580309242566151,0.30582594440712274,0.9057031145073599,-0.03827923474772455,0.3260058665527836,0.33766762367227704,2
0.6859570223851034,0.21185626579728292,0.8863304786653137,0.3979311426919413,0.6363782171807248,0.41796925101713567,0.2997619207257633,0.03665602078998427,0.5012971158801476,0.8037138890453043,3
0.8144888329864972,0.18746839891428665,0.4264155664272453,0.0676674821338275,-0.04310322047442319,0.8183571961006302,0.19610013409467156,0.22756325064445443,-0.11428770607094452,0.9672385818455517,3
0.06283350140272684,0.2720635458596774,0.3053673478949157,1.0180578526510884,0.592432459842553,0.8807862433076283,0.3628152957061366,0.8300488734527736,0.6669784683326909,0.5989600595311347,0
0.579843493073321,-0.25922793228702856,1.2819752233730892,0.9723117493952471,-0.4591929983095515,-0.17863541792863946,0.6365127823791228,-0.012611597185260393,0.7641724357871817,0.4062196486330336,2
0.19526224703046366,0.47198520567018,0.9189939341253766,0.7689780496247143,-0.03255044373964867,0.1656269061104293,0.8004761977399046,0.6790358734982338,0.3492354191945644,0.7847995419287378,2
0.8056670453136218,0.5862426200247092,0.784037364564946,0.38054806744218195,0.6404516719481934,0.9293519753739942,0.28736130141519733,0.15592193554647213,0.19080142845447837,0.8583560493965523,2
0.8724266356950537,0.9846263109871296,0.6362922347154127,0.4924818197787577,0.7684205231683148,0.39589672021594735,0.4911509477970608,0.1314361339429459,0.8773406380114069,0.026487929225166146,2
0.10404406617882764,0.577109373123036,0.6208632127970817,0.7593154600443448,-0.292006627639436,0.34601747528822313,1.0613322023277219,0.8924616974660786,0.17085583494280465,0.5452026056802322,2
1.1869335505617642,0.32075349712404605,0.6904944771572841,0.3508775514109489,0.3394990050367023,0.516669866081832,0.5776179313008563,0.5695233707292957,0.44001881483742145,0.5071750754480873,1
0.5263446689715647,0.34184477872484575,0.3413704124160758,0.07677046104523083,0.17156340258427744,0.1126514284086552,0.6222285381715928,0.03405880529577578,0.7044106938011682,0.3259422716316437,0
0.8752119911297374,0.31002545422859273,0.7174107085239461,0.030349236870261587,0.8942380798405157,0.014308754001106106,0.8701882476248252,0.6626224958225968,0.22165775716080055,0.7608473425538876,2
1.2199536709282597,1.1580256531681752,0.3659249649885097,0.9138033773085193,0.059265398190258195,0.6006998193262795,0.8338611131508331,-0.2868238858395341,0.15974467548997096,1.081596426687334,1
0.5635772611003839,0.39542881656592627,0.17108759712984178,-0.30903101289370893,-0.11428687197845427,-0.36007650510625167,0.3564341368396732,0.8485489840855911,0.6296696729359698,0.10229768228750385,2
0.8183340091171024,0.8335581145167753,0.769977842631451,0.7938341186517095,0.9249914327510337,0.2632745230487621,0.3537792983982713,0.7953281972583635,0.32907849403549194,0.6287803929923498,2
0.7090162687517467,0.2383225818857397,0.9287176083132043,0.39672960076956654,0.6634324112541222,0.3523403906852962,0.3426098673472674,0.021610572053296064,0.5521733698170127,0.7931060269433551,3
0.5013705233396706,0.5943088233630376,0.23058291581955623,0.6228732191594533,0.07252685701867502,0.21690926421136236,0.8174498644545161,0.4673494240625174,0.7324975742923776,0.17175288831105315,3
0.43204110678138874,0.8363017922280498,0.08906561769084659,0.3184362374293369,0.6665435395598526,0.13904963225270517,0.9133162372651796,0.3706416060207359,0.6529974756307126,0.6635727364595659,3
0.6597621287239114,0.4834353876129702,0.5929965151358277,0.6759300697529753,0.05265572598428008,0.510481253392003,0.7475014926314688,0.5287069176691821,0.5424077439119795,0.06472209178895844,0
0.908580515690005,0.7428085051659084,0.5842141511417501,0.5351261832815293,0.6499963838844756,0.15775911313303342,0.37262285094115427,0.8149415985674523,0.25855760682571505,0.3583030632535979,2
0.799674585994888,0.5532830470781157,0.7995915336437697,0.3912582989068407,0.6152112605664973,0.9032008604075671,0.27998170792527693,0.13551006951089378,0.18950653182222568,0.8605138151972845,2
0.8888247455213348,0.30736796842201713,0.7046471317616967,0.01048925803645524,0.9057467357559806,0.02798352499842578,0.8558418904448024,0.6521481777665216,0.21368114282339282,0.775714545769253,2
-0.13301283608137848,0.23859763366569076,0.30272675739461014,1.0221870116593925,0.6723181926776074,0.8038268699333786,0.22688918145361323,0.6587499576096478,0.2630218191907979,0.8777874765403753,0
1.0367329717177536,0.05927153603069055,0.8773727019000134,0.4457889142359692,0.5594772130206205,0.18518442842288999,0.30537232252527147,0.3741252891283577,0.3578635275029465,0.5689432731565547,1
0.8430173486092444,0.5685841488724213,0.7329542251612987,0.3359557281512617,0.5918695473039349,0.9118777700100466,0.32589038198559644,0.16221220685744125,0.14885172260663837,0.8628907634053893,2
0.8969439367353007,0.09405420587405261,1.061889938968894,-0.24239864989232612,0.8556652263797538,0.33128218373064855,0.205039038631546,1.1181087446760207,0.14812174244195458,0.4601053846038738,3
0.03352066287546257,0.4474605854959333,0.3840235076326821,-0.05580177709216469,0.6927297796873891,0.16516986417171267,0.7597415993510096,0.6131733151542533,0.6125889504433882,0.0946986642148539,3
-0.07875875161021406,0.58884554786528,1.038953793431314,0.6329315058078596,-0.24554522887418376,0.38342131752469755,0.7139332192692429,0.6601188245171637,0.11245645746110233,0.5135820534446728,2
0.28000479676080803,0.5114013345382824,0.26818026497204167,1.0785498806677944,0.31628313719772294,0.6519115958741555,0.6008078883748693,0.21576698154981816,0.11331514880259905,0.9812250397216765,2
1.0226534142484476,0.8707502811265092,0.7396955165039559,0.722150818732515,0.15489985893177885,0.4628485365166212,0.11139686551342695,0.7596027846607698,0.10861200062089905,0.3983713050331812,0
0.9925267151810347,0.7845440815351472,0.8098775455829837,0.6362706270803822,0.06639680905095469,0.46818258517706535,0.11220468031815586,0.6918064056320439,0.026852969984449446,0.45646117082444126,0
-0.20467567226041278,0.3955536816674077,0.653184534836556,0.6494773711827224,0.09122216463219446,0.39918329719181045,0.35712552244566115,0.22856597263445674,0.3483343634834109,0.6579381448287622,2
0.29250970023215206,0.811221489424791,0.988786193613592,0.036675816675258745,0.5839688345662352,0.29237721625426094,0.8192289353166095,0.4410456461278003,0.07126535078239976,0.629740144619225,1
0.4786967659886947,0.2725116724414074,0.36011105547628086,-0.008413073843976111,0.2085385009082966,0.11783171016412425,0.5704465794045733,0.017131693345792336,0.5885681727999895,0.367386614669969,0
0.8859730156961108,0.314617628319846,0.7286096725768023,0.045090289422928455,0.907708721989318,0.02315090526160487,0.8742686453676842,0.6516215920001928,0.23481411797890936,0.7432902267993442,2
0.4013949227557803,0.867115406668894,0.7864863629015919,0.5421644270283171,0.6641107935580602,0.9407244750406338,0.6504527265361366,0.4209335862101105,0.6481285213951312,0.4513280516594095,2
0.47445027257124095,0.8696991810363932,0.917171288314231,0.5356145804708373,0.7391389892501287,0.7587437448862813,0.4935515557965525,0.30477043793276504,0.6942761900492961,0.4923333297840419,2
1.331925154899659,0.24891568576836812,0.4166033138279009,1.2702341313906027,1.4380101136835202,0.16931229459161923,1.2166943581070817,0.9149794147974921,1.1444293606200513,1.0247522637269322,2
0.40037537921856015,0.8312271384372555,0.035712429992920555,0.2802662201208039,0.6357948540954932,0.15978001455125299,0.863687805613707,0.34721070751327576,0.7003409405579722,0.6220804866349762,3
1.0984960826895693,0.6536568839712216,0.8242658314932504,0.221077320702886,0.2823387680937365,0.744187377218498,0.5805172417879019,0.07314953327877805,0.8146816483989325,0.9404242227419826,1
0.39350130728955596,0.8050860973859761,0.017663381244494035,0.30827563160078925,0.6716623554612189,0.13622683632879234,0.9057797851011178,0.33071456017825096,0.6721517933124195,0.6311796807052799,3
0.44943956234475896,0.45510931757476153,0.8886186354012783,0.2499690524383426,0.7919624981792832,0.7004218852597487,0.5662491118201852,0.8366323046119495,0.5595213299196085,0.3304460739904844,3
0.9624083681857443,1.0223173745900018,0.5501000155753764,0.6259222562580135,0.7145236330980446,0.23460007138178512,0.46125510329579045,0.09786155351965092,0.920209778813072,0.028236486758584024,2
0.9420870412082265,0.8453243614264391,0.6494642656268398,0.6325219953725869,0.2920471778510414,0.40444317815584396,0.3038477818785077,0.49550256133311354,0.24145863628695297,0.3634275890989726,0
0.7440608058979973,0.1443047836562386,0.2655749394706838,-0.08160647036360394,0.25713716373088935,0.27055528996431455,0.5579761861218219,0.14793890701627954,0.4490417966878578,0.16272596914774726,0
0.646346091387166,0.5025100524991067,0.6155420511919554,0.7003620574596947,0.0703421896893824,0.5264136967563111,0.7613481623374907,0.5160510610736495,0.5331188575916981,0.059905023272044125,0
0.7533868368452931,0.06306518787051746,0.7402219294752231,0.2589992747932633,0.08070659402356063,0.9654286163697412,0.19475734338458475,0.46594489440655434,0.19507494356431035,0.8644370963377623,3
-0.3440315994394068,1.0228396619293008,-0.038511305328836176,1.2887327089843765,0.5888607717494252,0.12251432016934108,0.45152956316995446,0.395896264603523,0.6583185110398329,0.890595859054965,1
1.4889327341043894,-0.04050511711940405,1.3875156373991007,-0.1411218658742186,0.028315702647675467,0.45543823823716745,0.6391890486270354,0.4844557205276325,0.28686310981126517,0.02873044607599201,1
0.08421627670544893,0.6714937048747347,-0.03389377375641826,0.37143182356004567,0.7828974209507197,0.5406806224847618,0.5018907765196763,0.39514287446055574,0.04613743372530919,0.45177116131760725,0
0.008072234686077151,0.74433178041224,0.7108793870401033,0.3781553255372725,0.012978310940647081,0.6147382494643006,0.23178325819730816,0.16967405286734016,0.5635618497733608,0.5310691852260326,3
0.07746919090878984,0.6829151118023101,0.08310636373144614,0.24723037013896984,0.891316104568153,0.4041595721156646,0.39313839030402087,0.34093249791227015,0.2155685235984612,0.4378912191715217,0
0.6864198867232824,0.6628546277374633,0.0424772146499344,0.8303386502377255,0.19335692997947032,0.13244161788256636,0.7206698933907177,0.3029768923358321,0.5360346792844628,0.4431049004053932,3
0.35163530101461565,0.20169452523951745,0.08251176322717801,0.6801789979000612,0.5343370218517184,0.32808478630470167,0.7855060649464983,0.30890802936039113,0.05072531269828266,0.6141180659073241,0
0.2192991886842446,0.012489582721930369,0.6011563214113239,0.26396674245341917,-0.08196484496839909,0.26887485885644036,0.7015427820441751,0.621642764308517,0.3501172893985933,0.017764934317388792,0
0.5694273530744381,0.5488654909249291,0.192558102274618,0.7423213527324313,-0.009512001784578714,0.34344985625156954,0.6962858253262519,0.40850379720058677,0.7191485345251006,0.2953885476348536,3
0.8518426049332644,0.9475781096211365,0.5592771966847506,0.7772966262304708,0.8510714939810732,0.4393530307221534,0.2873631811748012,0.7077546266397925,0.19338414331825654,0.5211831049129807,2
0.3036048647328913,0.7409799870382524,-0.29516671846432146,0.478098136503468,0.7850907124782118,-0.11055061257202026,0.828993100648272,0.6337133629665452,0.9565325807392218,0.5426123562020984,3
0.8143245672335953,0.8229523489774925,0.7679738560103059,0.8021359284281664,0.9276559113403756,0.25205815078405025,0.36503165904917884,0.8008481836424696,0.33631630176579785,0.6116169965132957,2
1.0747929430084553,0.20954649474185172,0.5429526080163176,0.9383027343989344,0.5983432943274631,0.764824012524484,0.14169517208057633,0.9820270708822676,0.5610461413120752,0.21749619924821748,2
0.9936349258897629,0.4796226572951856,0.7487693452904318,0.3742727595128098,0.12706708755649498,0.8565918510256214,0.4370448073807989,-0.004734579399883565,0.6762693878158531,1.0056208747974535,1
0.14064405090923832,0.536335055329212,1.4142320814459493,0.4467913296379366,0.10749183102393373,-0.08483621683316239,0.19014903859474952,0.05776941116588663,-0.21271102339661896,1.0004741294155504,2
-0.18201296502679798,1.2745527197713418,0.667633817644882,1.0534034407163233,0.9249068737347859,-0.013758790585444075,0.051724327574565986,1.0790358688934343,0.01940471380642747,1.4323718601601454,1
0.3942588355979692,0.20424965725629682,0.8156375826628847,0.5267813029443339,0.9336004798468618,0.38359518153965677,0.451708549746833,0.5413898367540859,0.6594899233193805,0.3535036761537137,3
-0.14276114892572864,0.49126397150445955,0.49784997335839176,0.6651230179259762,0.3075400346346207,0.6022170725136226,0.5013250093879915,0.28971530943995605,0.4416372832000838,0.6881138178294787,2
-0.23713697698747738,1.1110681803156708,0.2849261559102811,0.8710875076460088,0.7676561124066942,-0.1649706213612687,-0.21341806524559337,0.9278394684028365,-0.10213777524336765,0.7550387828358007,1
0.06965597136229892,-0.07720174715129857,0.2846122998343426,0.7077156464464611,0.6906165582436048,0.8962238300534326,0.7928556354954022,0.5551162965790643,0.2354771760076625,1.095369735816608,2
0.4480417497857232,0.10696523045254808,1.1512211032650892,0.3131806738068291,0.5487969307212026,0.38116477024320017,0.4321021421773426,0.3649625993518427,0.9179346701039434,0.6858600526846313,3
0.9681334141316373,-0.034682179973129196,0.7920925854250838,0.39551534894455287,0.5034044380082023,0.38802515900503703,0.5149967407357343,0.6890070313637573,0.5887954741220114,0.2823494818196835,1
1.1848431217837985,0.5016657759773009,0.776687354195075,0.6157945318455447,0.7972639027091644,0.7954790914107929,0.10609810890216814,0.7235000412404701,0.46022728215513964,1.1973384153932387,2
0.4051514551661221,0.1505899167680003,0.17755301618563163,0.7535316740239283,0.46712572871766717,0.27030799444132875,0.8273936774118874,0.33767144026148993,0.11625462647228729,0.6784930694248028,0
0.07889021102341065,0.14445191967128837,0.506315349927677,0.5154273863618162,0.8701218954400286,0.3242555150819252,0.5149615566554523,0.7537450161132195,0.38254560348496097,0.1446833985857743,3
0.9664608731913226,0.9298801701465931,0.08194179137216587,0.7284551282077478,0.570280025643521,0.3750999707388346,0.9021687604990755,0.004525281568143635,0.2808392409014282,0.2677300156103786,2
0.7984661602223586,0.6082362005231038,0.79226805104181,0.3372491983932337,0.6317289775362467,0.9772979420900235,0.3230080183744478,0.14240824294412582,0.1879882190784527,0.8480484947248575,2
0.21865692885657012,0.0335740369012463,0.7419882597624925,0.07225778698649388,0.21782062677757913,0.4439406201150659,0.22367657828903492,0.23570648084653975,0.9425127928217099,0.36477875671057153,0
0.012881894122946816,0.6138875007444993,0.8141449420732866,0.22722893606576336,0.7301333010446887,0.6788428166276149,0.5310220905210751,0.0818551074131241,0.7784513207572487,0.018381783667130783,0
0.009352492498160394,0.614339172551491,0.8121309746017126,0.225797805121857,0.7309478078050563,0.6763332972357401,0.5318351254957262,0.07906813656800094,0.777932423263301,0.016571080423706683,0
0.9037540978802595,0.29917020959129853,0.6844072947965444,0.08017761572921521,0.9273846625732403,-0.02221926468232347,0.8930444711161154,0.6604075493694705,0.24051966942952227,0.8061542115159092,2
0.1759034146029591,0.4559802974136547,1.3388761861179506,0.6936874339980994,1.0575987579602402,0.15145606747588636,-0.13935690105317533,0.6672037304676858,0.28473129955501114,0.5741104883159057,3
0.06949305431426656,0.12702054777669258,0.516710841787565,0.27017484162473776,0.7867715379577429,0.46340547984605435,-0.005108560449417671,0.7052696576024184,0.8894263431539031,0.8279869832937493,3
0.8430037784470752,0.8045515449249738,0.5992492705269853,0.6189447044595485,0.29489614268396747,0.15664030609863983,0.45355027323669417,0.12981622702368367,0.311317123983818,0.7525622637281071,1
0.5417154866530809,0.011729871823377147,0.7851902166139497,-0.09867994552546266,0.7074179534025661,0.6226176405312882,0.22347971152386087,0.3343223604504618,0.2827706408124897,0.06398224532434932,3
0.014041858061613365,0.6152515963661024,0.8144148190068112,0.2273438579181735,0.7306388555354105,0.6803306474648635,0.53136836072705,0.08366379747870124,0.7767029979216382,0.019531343896805123,0
0.07367211234038384,0.06138311284355315,0.751392866546071,0.31154617175222327,0.01801037616053466,0.38734937465666697,0.6284374691821922,0.4605700740701,0.577524123317301,0.24753756941865088,0
0.5844641258723678,0.5182362347521908,0.2377224881354959,0.24235018995597926,0.7766782022248447,0.3445726638573873,0.4332592331095169,0.11881423286230924,0.20707286749620668,0.22510850749739367,2
0.8254200030362697,0.5703124744492096,0.8052625087008499,0.3558405647386333,0.6540520004589421,0.9494184329532758,0.2807091652824823,0.13341038329119453,0.22312346659223495,0.8349753923740492,2
0.9871423101409339,0.9946455192254288,0.6514657705663011,-0.006423339710402957,0.1125581832919716,0.202849360795511,0.03929682993583016,0.7436832302663998,0.9723978011202052,0.70429798268817,3
0.12336164656994231,0.4170127205650609,0.39512770184087437,0.24630624413653987,0.300219343497104,0.02959153156556371,0.49237487559966364,0.2803197652455554,0.6923424040644167,0.6030156560689222,0
0.2323041580811126,0.70388599701974,-0.13533538132700845,0.3048693688724595,0.04646456662820432,0.34944118480324765,1.065781636725256,-0.03985808858146067,0.6965527820626398,0.25967091446084767,3
0.8466438614455352,0.4870794934195504,0.7942208938626065,0.9931688588189822,0.8680283974317266,0.4586808511480096,0.220586187491339,1.2928510461595375,0.45011781347895186,0.41926197865433384,2
0.8848235077667721,0.5277177202129234,0.8338301698434006,0.38972390041104144,0.020146483767965462,0.9387909129761148,0.39392821119365773,0.13391372622382958,0.5962602458650419,0.8980407905985383,1
0.7014121248794101,0.22293947737355768,0.9026427348281647,0.320088036061654,0.7690659979672131,0.4236475831804396,0.27197447026270094,-0.016710485228465334,0.5622316386714489,0.7644257940301559,3
0.28642836201339916,1.0371263673754847,0.7791201217859377,0.4218440309346267,0.24446795897096613,0.7770328394121855,0.43099576920047544,0.5278149245698864,0.45393508803959065,0.24176245252640174,3
0.4299300315255107,0.8422060001051572,0.06197459270061581,0.29233985974685717,0.6282936316471177,0.19454377633492811,0.8632096616038623,0.3617813500206695,0.6917258510792835,0.6221698877563262,3
-0.26449964163103074,0.5689853770262376,0.3549835876070606,0.266943129253598,0.31653800870137305,0.6088539489251507,1.0892994227989325,1.0918419580853613,0.6164311870630618,0.5720377191138296,2
0.05824960453734961,0.17562401397046248,0.5065424226250385,0.4788993576476384,0.8765769817991849,0.3447482977200301,0.5155731912888106,0.7609921948871614,0.42235054412848505,0.1799131210676787,3
1.2936370679408054,0.32196432791526425,0.8954742341306052,0.4585577994428348,0.0013131600381733055,1.0412196200466286,0.5316287592471518,0.3883611881603278,0.6611102535051591,0.6769121532839106,1
0.055937474095044674,0.6728795212365287,0.01972560745580754,0.2497045295519225,0.8157241304095659,0.4462844758948382,0.3150467276389053,0.3923348326068343,0.15269722282126955,0.44410199629403135,0
0.5942517650878509,0.6684697712000309,0.25207678822675855,0.6607675689963842,0.18642144085349158,0.27292245702779566,0.8498495187819745,0.45103421491167794,0.6995810369880017,0.1610711535653473,3
0.4000069678513829,0.20069197145072487,0.6422216659608782,0.27871518062157014,1.0303023720332007,0.7984217722260671,0.49151284217726804,0.9249198049701971,0.2490152034522815,0.14260569980267046,3
0.24174272771301686,-0.5888970352791798,-0.43360775462770396,0.36543008848166014,1.1567053189397052,0.20644186933567665,-0.07528189243619972,0.4893526290211685,1.313859732221843,0.7423589130088526,3
0.9725429774620834,0.9783808847355987,0.6102939279100031,0.6355339282259744,0.7795110475816852,0.25100545048501643,0.5004637074796913,0.05760254780493085,0.9177810182172287,0.027960683702978734,2
0.5835592513781578,0.40432643908285815,1.4239008771444732,0.7368979759800759,0.7267308761859863,1.157985665247785,0.4346976246596907,0.4300539947845338,0.006225361393592532,-0.19580268243262677,3
-0.050156217424984745,0.6884383835445235,0.15787688735094635,0.32779560475016023,0.8548805542947892,0.535232959330881,0.19836531467610136,0.24670319411686062,-0.032544604979520636,0.4715068746279143,0
0.11902188843543464,0.5660010226680934,0.8212387805581788,-0.03401976913935332,0.8967383361091434,0.46409793319058085,0.748223680126803,0.5265475842315269,0.1493166530491503,0.3489704968243769,1
0.7422391931220905,0.06378448085500467,0.7443754368505238,0.24248165318770742,0.10763655698770586,0.9416886397708226,0.19007246091140959,0.47786569231771847,0.1971395533761353,0.8877845145631282,3
0.1301350748277767,-0.25218641663835706,0.6970562518217802,0.8577826183228138,-1.0940895489574554,-0.691940247635014,1.0738983450115895,-0.09735529047316771,0.07042908462053843,1.8208397830852825,2
1.0993267286186978,0.11124674261979213,0.6277197462265625,0.5518342323920382,0.8910921014661521,-0.11858494668319802,0.7559392248610048,0.2276589863087396,1.0353356722980418,0.4885549068715994,1
0.783838896369716,0.19498043627245135,0.29730853499756177,0.26155906263832535,0.78722858411171,0.9101621516877086,0.7219792982740701,0.5501312110756922,0.7949336198784364,0.09511201945754905,2
0.11239672337489265,0.7067878608873785,0.058563837018575454,0.2047287035740555,0.824402972747196,0.4144513380391966,0.37707020523149337,0.38407808400939386,0.13218583053987024,0.43550961545033107,0
0.6241760019107344,0.5408829100276327,0.31365983256061514,0.30473316832097674,0.8039704316102566,0.3495593126047394,0.3437974369375313,0.05884882555232589,0.23193927908610698,0.22213102215054117,2
0.5915293746684268,0.19579883920337238,0.5206989392615302,0.12518871375870755,-0.09772264678822987,1.1659196485444179,-0.06324751916567617,0.4731305645579644,0.2749777409003474,0.927190388890502,3
0.46253164038326033,0.8222111738168771,0.9547641914903638,0.4704999301818884,0.8070252812979307,0.8917861441193082,0.495481742690903,0.29051982962849054,0.7774256501298638,0.4777048287795988,2
0.8834973592109218,0.9210528206067833,0.08336749647275749,0.7443164019890403,0.5105016836724274,0.3128732822705205,0.9249366017153157,0.05054051985074128,0.3071528478345728,0.30954636435200167,2
0.7083435303607317,0.048977939425607145,0.7080029931239783,0.2625975805841791,0.05164939303654736,0.9670008622964589,0.21671980755982295,0.46507042367998314,0.20688425328120325,0.8440434965767207,3
0.8670440975322596,0.9235261669094136,0.8009265104078159,0.7972323622541369,0.9014715754929956,0.269068072454241,0.2625862695343442,0.7919382410583707,0.37127664303702856,0.6648501581283358,2
0.05110511750013713,0.3799187853717933,0.9407916652854591,0.7968259097287602,0.02760988262211548,0.014409029400696133,0.8259021627827888,0.607214749495608,0.35776487800242224,0.5893216061856633,2
0.8126991747883312,0.9478765397060429,0.6402411891610276,0.8127084331184004,0.964765969833194,0.17729281741410785,0.3661820302716535,0.6784410042303113,0.37967880785692065,0.6008322930431041,2
0.6548386885618565,0.08187684313206597,0.5909503079053019,0.16178619537201175,0.7437144562438058,0.2899598895347854,0.5483178706270039,0.25330314112465463,0.625068944207054,0.29163943229958456,2
0.9729905637055897,0.8754681462939496,0.5382142364146115,0.7216795480584015,0.740575190913124,0.32214786415144236,0.49666744496546444,0.0742040472366296,0.9727380613977289,-0.08222389513410736,2
0.9238219430160102,0.025026446488184972,0.9307039179019346,0.29479014526840364,0.5283470649872231,0.4753993972882992,0.5133321563670724,0.6728237324505184,0.4413697327789517,0.2604267432308964,1
0.8782485085043701,0.9079255399210105,0.7266865787961366,0.6627765252236388,0.8794266829514905,0.1648796776027313,0.45643333440638634,0.006756712477628442,0.91241157679239,0.011221865984764177,2
-0.3188626993059608,0.15739937664585874,1.1152717489088557,1.2971469089528376,0.3017022952823731,0.6775990524202451,1.4394241053822037,0.6294466550030678,0.3779633920481014,0.6168711987009816,2
0.9104328197633279,0.1297068272910487,0.9698225544711789,0.2772987971022991,0.4809449031160155,0.40435539226545913,0.44221899473344906,0.6586226971134888,0.34439054831429294,0.312883332821578,1
0.9665066266245147,0.826307167512937,0.5674337449290615,0.5803173872397733,0.01042945710337767,0.08764029651017072,0.29507646420439587,0.3242832524701967,0.46349515936119623,0.8843511772326367,1
0.8785759157749834,0.6244741279896242,0.4091281398100408,0.7210856512978071,0.06024319974430198,0.13056641020008847,0.49001370487425605,0.22215858147333506,0.38637990570900843,0.6149959557521214,1
0.16576291954113476,0.23146034820881836,0.5198425878737412,0.9365284231412698,0.26734925197304643,0.631475249809045,0.6408094856704274,0.32447319766735294,0.5008756315078606,0.8085828940122595,2
0.8888576005565775,0.8642239864073626,0.6500524188557902,0.902933708086283,0.8685064384600631,0.21119951152419464,0.38104338981010655,0.8421140010837992,0.43079796009878457,0.6008272332061902,2
0.04989921081190007,0.9065842171475583,0.3000485079423822,0.8721038638568192,0.7488682216484365,0.06933166870335143,0.03786985887818588,0.7213322443252959,0.22647686167397105,0.9687483801374929,1
0.00899856809751947,0.612017716042967,0.8112583365407352,0.22484628532649617,0.7263285708832895,0.6810442266693341,0.5283852499731428,0.08341860107523444,0.7756178063256426,0.02305828500052299,0
0.006215105890245176,0.6220626121498085,0.8098917388073644,0.22025329029559845,0.7368728217321777,0.6833874649120244,0.5292082903729449,0.08350199264150089,0.7786006514280354,0.021037154231883223,0
0.2093477321632298,0.5865859541895512,0.11703869577441942,0.2829992278042303,0.9305613558645015,0.4697206350356817,0.5234623142837957,0.47045573282231085,0.2873045417097782,0.54717518425066,0
0.8421878064120816,0.6814723707274486,0.4386538228095515,1.2062657722580317,0.2922450088715977,0.15258343700204416,0.2699561193342626,0.6681497497144211,0.14214356414953283,0.7099339375038032,1
0.8313466861113571,0.18669545771734053,0.33709141705455475,0.21336757656385244,0.8198617325350079,0.9009043540936444,0.7207123645765592,0.5139839605290822,0.7432186575578306,0.04033289875567706,2
0.6300711201774196,0.4764638760609169,-0.04920365684460637,0.8035341721329246,0.09854018188937941,0.5301784892200205,0.5592396156465822,0.13126352558877813,0.49045076465846527,0.5066653540938679,3
0.3918647772597294,0.1521155974205575,0.2864913903915688,0.765911844136008,0.7872559616883311,0.242419832636559,0.10170415234967,0.7313120816970347,0.7748611768367866,0.29633660757416525,3
0.39144275643364024,0.2998966349199108,0.9720589808251519,0.6626826976661438,0.1368015613541437,0.2090662356499942,0.7722994961467499,0.625938507787448,0.3480443580031609,0.7497645028775412,2
0.49972400449400256,0.6342750103272868,0.20540035965248346,0.7932739057551,0.19257691799810078,0.40039052838504785,0.7803308321297893,0.475227952476889,0.6293028741304451,0.2007133687851714,3
0.42029382469230364,0.8171803019901912,0.05410962222146233,0.3026002799085638,0.6508259750854066,0.17596379079756075,0.8853394565096787,0.34528500288273456,0.6782175670063167,0.6207158098788126,3
0.18421969341326597,0.9652462236990356,0.8939452853324509,0.5756431442703065,0.8821218899266994,0.11506477645178871,1.1304544696917675,0.3452512252409997,0.5343374885478831,0.7694764218462445,1
0.8161904461909757,0.47505309321313577,0.7502394784389778,0.362347258850078,0.018577933750119735,0.6990483721237346,0.5143074599330201,0.13676479685416293,0.8605268556363407,0.8685931918085383,1
0.4995924503345674,0.8932040835652926,0.11836654130808409,0.33670323413394077,0.7063281087945816,0.17590898448502557,0.9224513174526203,0.42879225849936314,0.6429443101940293,0.6368367025854019,3
0.06039115761712637,0.11174546263989701,0.5378538206222282,0.5321351466082184,0.9121039111038022,0.3575894712431096,0.523997227316047,0.763930136288904,0.36153560444679583,0.14784128299295257,3
-0.0827132789627586,0.5130350237321653,0.2390948686034925,1.3387762101410345,0.5242114254413867,0.4801468851128206,0.760438755104905,0.3563104037614336,0.2614351046557661,0.4545490149804633,0
0.9017801885188448,0.8989482051560902,0.11620100554006106,0.7668467310477519,0.5537764360912559,0.33621404833824964,0.8883393469749692,0.030057153037353228,0.29935475487196767,0.3038403711908047,2
0.08438544701170511,0.14263489494884013,0.5437093253260545,0.5122224383981917,0.8650538882033529,0.32592678831594274,0.5198055409972555,0.7515712791452335,0.3930437637040531,0.186471412084375,3
0.49687746163221463,0.6902760218532842,0.10497907951876831,0.3315897558954223,0.5411387386303282,0.27921411638507954,0.8995485425844878,0.24615900005269076,0.5865242489697358,0.6030005660413008,3
0.78692557791817,0.7701678903746075,0.7276578893680179,0.9547576802435479,0.87506065001122,0.2097447227655153,0.8263888000826806,0.21833565156681867,0.6867389418220542,-0.224187338877945,2
0.6650080646673089,0.39421845769655334,0.7798147062739337,0.6626845277361406,1.001891435154539,-0.021422584208329987,0.8147616256131172,0.09541429856006464,0.5007301045474504,0.010768983573710061,1
0.8309398844673621,0.0820392333371321,0.9773165805981132,0.5108230380563314,-0.139291350068531,0.7078537370925106,0.41946744627116184,0.8164513863948664,0.03478524147456083,1.283367197662122,3
0.8501064670324607,0.5447436898410769,0.7955012155830954,0.40044682136017423,0.635592356993523,0.9519931206133065,0.32610264359397245,0.1416275497677003,0.205991748262737,0.8780124022782069,2
0.1218423880001654,0.40311640922430353,0.4942362870589122,0.07483358433042979,0.5934797467389318,0.02356882972158233,0.75389887981626,0.7665518180426774,0.5912256196816525,0.20889712897972562,3
0.8748160311475794,0.2245939971661824,0.797316679240234,0.4283006978358005,0.44460410493013885,0.27693235100877656,0.3959693700879405,0.6734939837643336,0.38226548731573673,0.44042262849276603,1
0.781808816623765,-0.1112960366932649,0.4062252806066331,0.5619421866565623,0.24090704170526778,0.004596929515725573,0.2037532805985714,0.020144029140020243,0.20448102507690702,0.8007590937423854,3
0.38766083738000845,0.9913021956288618,0.33350461474094706,0.18155199656088178,0.3629142775683397,0.7349310009510087,1.6046701237726295,-0.2003359800959318,1.0534401095884998,0.643383200411828,1
0.8090463071134522,0.5364628071133155,0.8975041057652445,0.6116154692170636,0.9857100557771038,0.3684886336806537,0.37793792150741284,0.8054187595080905,0.7076098185239088,0.9152110562192459,2
0.548635807346979,0.87022366496424,0.8594344821049161,0.3468981086940648,0.7744871864769701,1.0619103032675288,0.6090010170124394,0.2838093413205539,0.6913130142590723,0.5116795900349629,2
0.9765425061864659,1.003516637874243,0.6453954717628777,0.007045684071080195,0.08944817618553,0.21585608159009026,0.027890683471552897,0.7579820843306971,0.9820533254123952,0.6908252645270769,3
0.04584842026908019,0.31411872643068994,0.4988400786502066,0.8181952925150481,0.23376805581626206,0.6426324325293897,0.5788386591802754,0.4704906474202681,0.355172015533986,0.8483042487078124,2
0.9523643990915164,0.13889910625334775,0.5421139817260785,0.8840451169294341,0.6761304946802908,0.8621672991049332,0.2662080692465573,0.9544975603474116,0.6766521798223654,0.27376061000046314,2
0.7809561803901063,0.5746803929922949,0.8025775821019515,0.4138764972876868,0.6432623135464262,0.9200231163165374,0.27628876968811805,0.16938801297756864,0.22666528462325958,0.8322231958453473,2
0.979209925103012,1.0014121488986256,0.6462540571160716,0.01093723967422061,0.09396156153158838,0.2223213202096541,0.030359155000937364,0.7430942321612053,0.9937361891413233,0.7048019599084256,3
0.31820168249565073,0.5402001851704127,0.35469317608508205,0.29047141043160524,0.02879261561970723,0.5061286306785204,0.1734514366367455,1.0202461772395626,0.07747335700566528,0.3791187966741626,2
0.9627899731488291,0.9878110391218203,0.6433536487339692,0.011592480564844153,0.08264562592907122,0.21378044105035715,0.02574152082546128,0.7652755071587117,0.9802182681030541,0.6842527952080538,3
-0.11791280077447583,0.6664307578449458,0.09204340837759512,1.035182559750956,0.9766170286872101,-0.19334681254566727,0.24234542063598313,0.7540425873625793,0.26774653631035306,0.7821440888483331,1
0.912218170099768,0.48851086946866074,0.8064081016740424,0.6775560762002615,0.19585968130614084,0.014920156674417762,0.8030211121935957,0.08372205322519394,0.8478705629014024,0.3810060319542707,1
0.7279062234934335,-0.010985093524136541,0.7414975044839275,0.1840962896604573,0.02296975367457449,1.0071184177956056,0.2133015487740904,0.4948690436674547,0.20409963516290888,0.8431837015314333,3
0.31393099743808384,0.9064137411909005,0.46993213080711027,0.26439447967393087,0.045159690689513796,0.8149598079274258,0.44197984969435633,0.2928344424373207,0.43773518613741336,0.3040729016583505,3
0.8787936101431814,0.3247058655342774,0.709531524642704,0.03384904717934122,0.8874011292321068,0.004432353134310783,0.8585381570549313,0.6730037613075808,0.21795033016698828,0.7660371016522154,2
0.03356598783761905,0.11561138231866468,0.5629331925453799,0.4725610258498092,0.8589741721127901,0.3107740639503772,0.53274822572348,0.7807675908267497,0.358441879268923,0.1269959832644235,3
0.6568409596944363,0.053125521163023104,0.7490326932903967,0.7059878835492113,0.8085166013349421,0.11415683230304596,0.1077025868524259,0.2573988584366094,1.0252161263519852,0.5361528409342201,3
-0.3528327096274907,0.3076892969120594,0.9616641416488241,1.320882346823633,-0.13679607959580964,0.7300019514258829,0.5451576168894323,-0.0700998416436307,0.2778023201931259,0.15634555868437328,2
0.8266408308773262,0.791767878479624,0.7840764573251763,0.797944638344808,0.8828022525457419,0.2600387059428537,0.3877526351802083,0.8436462394856576,0.29309988904495354,0.5737455452171927,2
1.0410803994273916,0.7495476998630302,0.5928372335419112,0.6868116324691858,0.913164478939472,0.3051842567591999,0.5177633243315126,-0.15974453763125915,0.7593518339614003,0.033563854231395546,2
0.07658156990704254,0.3777614078094127,0.3870283529361284,1.0496543010681645,0.549748963559561,0.8231027154439994,0.34471012608542406,0.6300512198519805,0.5039570117108844,0.6466657900314905,0
0.49813879252095655,0.8489596558204855,0.8472789103286329,0.47382218684435795,0.7309835642799576,0.7819419628580887,0.5128829560342347,0.3916611360805561,0.6891953415889205,0.43207820828340376,2
-0.09744153531566227,1.0383848857044495,0.441700355994611,0.8224991443188159,0.8938990908636587,0.09623700811442254,0.11366169420278172,0.8952871666164041,0.304163318977152,0.9265034050885158,1
0.5627052762466928,0.4748886714803044,0.36135678319982967,0.2734500286996793,0.8022020210189582,1.1350448716098762,0.6436906487117497,0.7925698829285761,0.45180341127043283,0.4621862303705599,2
1.0574668350418486,0.5894085250560457,0.5116634960512821,0.48240890560441585,0.09954883303644403,0.7846441980329523,0.3003735369847245,0.1122698087292753,0.5726416087813098,0.934823361841735,1
0.3212542314240496,0.465015935274139,0.7813769062449362,0.7259283907957912,0.03306372165335359,0.3617066174082511,0.5931557518707372,0.5618596149987132,0.2632622692199149,0.7450447503614062,2
-0.2605290393620596,0.8262656750905799,0.2723001849101685,0.23405490773109916,1.1949396080698285,0.3367007426666194,0.4554012817304807,0.6878645941925974,0.16152336370146353,0.6335259154588236,0
0.9855077682325428,-0.24154551222537224,0.6584766935358566,0.5274065840526371,0.10422300413264957,0.5931166650783504,-0.4014697530666659,0.40450991583088974,0.2916769966990358,0.8465700685086138,3
0.8321061303119368,0.7865737301210984,0.1918168914077703,0.7397814139682655,0.5681930501741946,0.3963433599602904,0.9924925696265602,-0.059036790114823434,0.9870709138996068,0.3293590539744866,3
0.9535097862143977,0.1312618993535561,0.9258052123073882,0.30288944522397926,0.4133630990639081,0.3785363718852434,0.443422276780121,0.5743548309299196,0.4413039183127126,0.36221116334308284,1
0.8688419798244568,0.8842512013693715,-0.173785465995476,0.6362368403962019,0.5049804837298251,0.22246633505933439,1.0304129414924152,0.05287381408859163,0.25348309796181867,0.21787321685428807,2
0.8452030773529806,0.3066305886756521,0.6852665560034623,0.04628997561849708,0.875236101424685,0.009495763171198822,0.8738705571739853,0.6540756674411015,0.20897842687126375,0.740425692076033,2
0.9755220523250722,1.0028014155018579,0.6420244136184655,0.011842830994530363,0.09206528933884076,0.21117888483070923,0.029783205236463058,0.7476160431754149,0.9876066047505645,0.7008612381927334,3
0.09537532162207651,0.5152883145817952,0.8785530607478849,0.0021553773414431966,0.8259258781021619,0.3087183143748302,0.6693030917802631,0.6207157201954796,0.21412315249408664,0.4043651721114599,1
0.7289913077231431,0.9797942676791487,0.8530676696029506,0.6543216427150085,0.2929717800259949,0.8712354660305353,0.18119285617068964,0.2424338099204073,0.5592602228353952,0.11843236535395826,3
0.3826650312636347,0.7612186422425661,-0.00830698064724155,0.33670756140859215,0.6678800857951265,0.18078283471637435,0.9448376673086654,0.3854302708583259,0.665453068576528,0.5827349021269962,3
0.913121409453574,1.1574066619453163,0.04716918350326815,0.383110789303667,-0.4708668060636265,0.8453468070825768,0.7732529209032761,-0.5050686803341473,0.46277295901221194,0.4209888615692955,1
0.8553415124583817,0.9387215157474751,0.1688485794615992,0.7757276008184527,0.5553342258249095,0.3111440513898465,0.9281395488709543,0.0063010512837389145,0.3057888327911165,0.322596510443969,2
0.6958983474303968,0.0013057652606014991,0.6910030600565304,0.38860562246950336,0.7693759323784685,0.3167173971825553,0.5874738095136272,0.5243615985082544,0.5534518887912645,0.7842553400439851,3
0.6187056767723424,0.882545572613452,0.47991168368536286,0.5960057810649039,-0.10721923834708785,0.2532744328970326,0.8478939648838146,0.6770132436897819,0.968475820208507,0.11986922125956521,3
0.6246395168987462,1.0140835353856739,0.7691754689057331,0.8407376889331548,0.17737992574741768,0.7584418325593137,0.10413225401443306,0.15560524592329344,0.7529200682578161,0.17433076254571883,3
0.5317371923247864,0.40728079535557415,0.11937554216772811,0.8759815701815984,0.4754431776042277,0.02914835389988197,0.8918586729930333,0.40653585836216016,0.5171111145306533,0.7329139930071273,1
1.3987828108303557,0.4783837393914552,0.39928558618725407,0.5648523461581931,0.23135159774036124,0.9724366444817479,-0.37111875950461803,0.33063385221949226,0.5455207828158933,0.11799656820298754,2
0.49507875191152795,0.19346983755928485,0.992965779348234,0.42243181816512504,0.688162289494709,0.2876906932957819,0.3444977276704726,0.4203267811627562,0.7814228839262984,0.5608561974822661,3
-1.4810501977645905,-0.03876914935443321,-1.2924027126865727,0.7528824452122702,0.5151290076573809,1.4071258377540774,0.21386230207449683,0.09905039525659987,-0.31402591907858746,-0.6810602743965575,1
0.8955357908706655,0.7797639692271945,0.7887852509600517,1.7583038487234952,1.2284875323992552,0.5824709290322552,0.6966423447929625,1.524021360187612,-0.11786015443559056,1.0473982842308884,1
0.8049609675865887,-0.03867812483876901,0.6929264156726671,0.08655095871313041,0.6517750581144721,0.3236704230210393,0.6473913039123913,0.2955905006610693,0.591913637707398,0.23127994925668044,2
0.8955834413678062,0.9675105582038591,0.18278448008512732,0.6864335350301372,0.5403168286714033,0.4523384489023226,0.814766692292084,-0.07809548346453947,0.24107937081240882,0.23892670930123525,2
0.8872010780589386,0.9031215435507027,0.0951906865791047,0.7771714127366497,0.540623116188204,0.34977365201946453,0.8760705104666024,0.029334615976030324,0.31630002694433224,0.3084700893998409,2
0.9592899008334718,0.9862062877515673,0.6385836058305054,0.018274278164139367,0.08023417249368149,0.2055139233352703,0.03405584899582021,0.7393061206594631,0.9945149014217843,0.6886754348680334,3
0.520398547388578,0.475205602084031,0.9232380243214947,0.5639724408969067,0.734495631453906,-0.07277297464895452,0.0873940743673814,0.6229298312851655,0.7062738448603537,1.076482034620739,1
-0.17114818111474128,0.40929751204945025,-0.10795850925987205,0.06801930200788961,0.5944575746172978,0.03669464841392889,0.3808905283574274,-0.09113618503929444,0.045970945807885785,0.5726608779451363,0
0.7735479738204566,0.8236628237229673,0.7813964993742186,0.7002178606486288,0.07215593848219842,0.3795488778482193,0.15627002932555686,0.7295692027800019,0.2070405571293406,0.2975289332749815,0
0.009535512040304242,0.7869166481744923,0.13725770142577468,0.3053231368015805,0.8507857797669091,0.34191774712167516,0.37353817659090816,0.2626699810325254,0.13744456695914328,0.5143252795659616,0
0.8029608735071733,0.7778466900771872,0.7135444858825726,0.7945828919624435,0.86901606503013,0.3128554925626515,0.41209813781955035,0.8562849557475593,0.3049480626427332,0.6059453815063541,2
0.9732801118086216,1.0028710953240338,0.6488063356331204,0.007537234157741625,0.09324871787857347,0.2124082856337428,0.026201285614088854,0.7568099403412059,0.9847141474865092,0.6966641599466443,3
0.8448828301839556,0.2786080383146041,0.7150517398039251,0.05349435544275993,0.8651409807058144,0.013095517236737953,0.8510238431093298,0.6300358964615824,0.25275127277420195,0.7575043608334675,2
1.3879717653252317,-0.018702545993844133,0.7583466193165028,0.6318532143027145,-0.29652505786460753,0.771608786749354,0.7166886329596834,0.2671422426449353,0.3403280683807969,1.0836206385948037,1
0.09873940389833621,0.3550644993504562,0.35855852917872927,0.9979636534991785,0.47065028544346404,0.7838489374392044,0.46777058852323233,0.7238048569243483,0.5561931020369695,0.6360138242566253,0
0.7140039597061071,0.2410696418830653,0.9111079971080867,0.36293461194147436,0.7035924519713795,0.3575866895631945,0.33213274557968714,0.038500973311512254,0.5280802653228885,0.780026276064968,3
0.12445486193073171,0.6054034765334178,0.9231439602733642,1.1192322384074396,0.7284182474913088,0.8139618494173719,0.875012194395256,-0.09985983425578038,0.1901339536326644,0.594243454219624,3
0.8034597753296421,0.25367676261360333,0.9981825771284044,0.3793137686569886,0.7354911224436953,0.3884084767402821,0.2915249529827013,0.08485455798389399,0.5080184221971735,0.7673148249895491,3
0.8101021930201985,0.5809023637381965,0.7724177310004136,0.38143367979984033,0.6326261336111472,0.9339595232573652,0.2931013698125354,0.15475636563700998,0.1896675022000978,0.8581931772019046,2
1.1339402428562533,-0.16846759965833696,0.43101395636219597,1.1647130389048599,0.5730875278248603,0.5048529096857796,0.39761603851257,0.7305636384210967,0.6267906278662626,0.3368144670277852,2
0.9788669905263842,0.9982123992558454,0.6479874077297749,0.0064729877285399536,0.10043334208235791,0.21275624497321455,0.02452851772932103,0.757032219608776,0.9780311430719517,0.7024312260153376,3
0.6899301320962474,1.2212326548036576,0.4081664371576644,0.36634225409508725,0.11332998064915911,0.45810172447745334,0.5410988210144635,-0.1464166879208459,1.108435989243663,-0.48582652553037653,2
0.6745965520617302,0.4796386089029024,0.6162929268273954,0.6896524956704841,0.046873966934529936,0.5018027349831444,0.7725865039194733,0.513832433828278,0.5527250508134683,0.07956105498197225,0
0.4797472723142695,0.6161645725163934,0.15984594510901734,0.777247588291419,0.06708471270067556,0.38399788185450046,0.868523142953631,0.45985653288577927,0.764670144504845,0.16878055066311345,3
0.9045968892984351,0.09209385284031603,0.26040482341858023,0.35017683182831266,0.2659433969729152,0.2228815753518178,0.08844504890105881,-0.06972145532527958,0.3292529401410597,0.7824459245751141,3
0.5601793635093899,0.4842492645614364,0.273355207065174,0.7894245783430006,0.15132137939491042,0.34064690079860716,0.7853841526623041,0.346191053244164,0.6662024280253406,0.28981020475263053,3
0.033886523937995364,0.1505864260580239,0.5324497980265929,0.4603540302782305,0.45053766464087175,0.5197947529783695,0.8727243521811937,0.9532089482123843,0.781668019616008,0.34988031039493056,2
0.01218560534040014,0.6142166670047866,0.8181914659523511,0.2297533795455879,0.7304307359024382,0.6802526903270882,0.533318136353732,0.08652104089655759,0.7817842611037864,0.015918777685328112,0
0.2677429362678757,0.488443974526117,0.28906367979891645,0.3973345153898074,0.04610022751055535,0.5151829654931903,0.26000017920866625,1.0005624966810085,0.15369783991079847,0.5028230922285698,2
0.5880436933860944,0.13652937339254517,0.30542417983960085,0.29165885216274456,0.49090410255984684,0.8064428818389118,0.5555615722510454,0.035974124611013326,1.1956966717217696,1.4750778939005236,1
0.48549125761608014,0.6701293608863472,0.7977966735148033,1.0840554068018131,0.0433896001418487,0.062289537797828864,-0.02741458041063958,0.9485656935032085,0.06764805690619492,0.5065570852094884,1
1.0177670810996553,0.7048107260617051,0.8178399468114653,0.31861795051873115,0.2753783558639367,1.051296821860284,0.3831963817586326,-0.14230437420406994,0.4607434424348881,1.1813744703853022,1
0.14641482672499911,0.9132502494449429,0.3501442147495606,0.8360529850476869,0.6790439426852989,0.031403615381760626,0.03217313969520652,0.7756252093231675,0.16213790646254927,0.9653788377154195,1
0.9605740555394835,0.4392616596110976,0.7802378902481747,0.40121468308533853,0.10175490061758805,0.8111033476480585,0.4321576782273624,0.021218414533232578,0.720793757943116,1.0347963211442672,1
0.88955745492414,0.9119791009661522,0.08747137512701036,0.7587785707639515,0.5902779254066632,0.31182189796476967,0.856802546295675,-0.01246085660015029,0.3118857316827302,0.2847442316176656,2
0.9695287426106107,0.993433268896839,0.6460591873929448,0.011951012184668257,0.08967524469585281,0.21455674762536261,0.03279210522072101,0.7474827132151808,0.976968509636907,0.7010625789021531,3
-0.08689725369724566,1.7699469636143177,0.46817013322696754,-0.06429560006587232,0.0033819348947494443,1.2808092689348909,-0.04752441097229443,0.3022117958657208,0.18362698361329555,0.9879931587442758,3
0.04286927785940697,0.31957502307440316,0.5067356770989193,0.8431742984207115,0.2512273122182782,0.6395238446337468,0.5660217160496244,0.4522186071245298,0.34451910837456745,0.8439087158782287,2
1.1708136021727658,0.5870184257984938,0.6471444521963987,0.6787090493353953,0.3276796625731016,0.06744063304066578,0.5496408788937993,0.1638360015018843,0.7885542565520536,0.9156964956067488,1
0.40527610358378857,0.20008803315512885,0.9393836695479122,0.4284664717536485,0.5796519653839843,0.3235832614513091,0.2368816393766552,0.48868466324036763,0.8518490107716524,0.6567904479046126,3
0.725768793264599,0.041997447336069645,0.6732401949913172,0.24689612531717398,0.04258309260963532,0.9062137810145702,0.18461374017084586,0.519940776088111,0.1354232683254577,0.9461794649658934,3
0.05757784749951913,1.0055895152423702,0.31343467524687246,0.8187044854185825,0.7470959725120128,0.055929051840751795,0.051681957915707566,0.642354526924869,0.30877118451366303,0.9247322205467068,1
0.8768237635253733,0.8766710184335891,0.8710101850213491,0.8466463662589346,0.8209846426327024,0.31728123935204616,0.2989386276080008,0.7986546278898544,0.22320214697992166,0.6006551185909648,2
0.9418900249521591,0.41722979911843305,0.5884392559452154,0.4638411954389695,0.03999909866815826,0.7301602873232401,0.31597208288770723,0.11153928308695993,0.5566688992599182,0.9961099743826686,1
0.8858653181587106,0.9113886721708991,0.09606916419333093,0.8005139847909424,0.5243546208416617,0.3853824203696587,0.9151144531894723,0.0653073655533566,0.3513272329953403,0.26513403660100876,2
0.9376954824681896,0.18272796055263046,0.9288345950407303,0.31531458566931214,0.4728929171873416,0.4190107590632113,0.5019193968787287,0.544558021383548,0.48320072165133643,0.377493654584405,1
0.3557005934008224,0.5350254826896235,0.7342063771429876,0.6642529038224456,0.008506244931990944,-0.03982699412414384,0.921880000696059,0.5832990111803613,0.29126816142603185,0.8186242416127218,2
0.7053217170607806,0.17492812053789453,0.4175505282190075,0.005134997496465114,-0.02215321061154868,0.004596849972645256,0.3746192662703188,0.05803766199184371,0.810068617987942,0.40361508757411013,0
0.8760990965671919,0.9254056893390705,0.12160474748849691,0.7770697542297693,0.5707268829947966,0.31136535974998536,0.8658451179610646,0.04180228974130787,0.3156604071833987,0.30886354645553565,2
-0.27500378502873174,0.7692756537352738,-0.17100045604582526,0.6167537045330109,-0.13427525060194156,0.5156770375468396,0.266178157831751,0.6897753473485515,1.04294263951481,0.2803278101554336,0
0.11926415552552114,0.351097546709849,0.3024835191344757,0.582252519883056,0.38490448262226246,0.4600128516937346,0.8084838959099261,0.6283025792719004,0.3668073138872762,0.7922715595952103,2
0.7346570635590333,0.041225957336304006,0.7247954479098112,0.25203665620652693,0.07781909038321591,0.9673372064285717,0.18862813628015235,0.4934337690838347,0.20723507841732536,0.8937273620018532,3
0.4889253246579152,0.44976178428412694,0.9099032442864522,0.1974007418784811,0.8125919076520771,0.7130738884899736,0.5611518917410641,0.8263254363685594,0.5246579473028804,0.3377192316119455,3
0.24951893033059167,0.24131567828522194,0.003986016206080439,0.7373114704099009,0.49762474288783604,0.34054249284584115,0.7287089318970231,0.3550046740289576,0.19388885179966742,0.6704078833144707,0
0.5749549126695305,0.9514868803751187,1.3895322288478302,0.7903110786559099,-0.5806265500139167,0.29436847185230686,1.0079561403054125,1.1931691551723622,1.2850581791405808,0.6753392577900872,2
0.1663871726058591,1.0659088288937026,0.32406419296379574,0.6760320293021049,0.8761220608817845,-0.07573745466168624,0.19134385607376167,0.7104711654573729,0.354515500236377,0.9841411038237867,1
0.7723600273520497,1.3564950670910174,1.1977566963196216,0.3014779751691062,0.2845856492111899,0.9793760854300534,1.2683012885164608,0.6267342341769135,0.8096183371832957,0.6627655911450103,3
0.9509507855496737,0.9733709699697551,0.6538755079816652,0.042456974450959625,0.12976647631214308,0.24004726794957937,0.017791482830907927,0.7416979186319059,1.0154120796334403,0.6816967255066066,3
0.0692800210534827,0.6784245220030823,0.028203902191497935,0.2615991190315441,0.8608384816047923,0.39481408280775815,0.37406875039002574,0.3545562203677428,0.18721696829688766,0.41871222702214084,0
1.0240542391982215,0.763078943781424,0.8289512603792651,0.6044903041603894,0.08204006301196155,0.449611424288579,0.15476753551678188,0.7474186862141495,0.014951038750423596,0.44017607071612586,0
0.9894249891703063,0.7950148904959882,0.801883173145762,0.6375912498399234,0.05837829820381747,0.4614631612068688,0.11826696028064075,0.6912598947942002,0.03358454216182931,0.4602950915928968,0
0.4025074316595689,0.12387686064692532,1.2234169491584375,0.4575328543822168,0.034187128346671064,-0.17558820307965078,0.9245543894864565,0.6205340394221747,0.8230240171610405,1.270380736497254,2
1.224581180823356,-0.46621188767039756,0.23943228737392813,1.1056365122743035,1.2158792070785553,1.1257389597381167,-0.0972192320725846,1.6369543626545155,1.0898781083750455,-0.11996508571821052,2
0.9466028639949706,1.0138092830887475,0.6328170317430849,0.6034286703822972,0.745395750834052,0.2530118200965227,0.5382775033004781,0.08937228708317821,0.9324333846549892,0.05815820801341098,2
0.35967360761655415,0.5753607599159003,0.8756883526020738,-0.11500843922222684,0.7358463269451804,0.24290002122842913,0.8166481349905113,0.7077815910463735,-0.011398855284067422,0.2811509606505557,1
0.12413610415212648,0.30865489134784996,1.1017647281422516,0.4429257202872575,-0.6208368651271893,0.873806602313789,-0.13089159167913222,-0.1476117819960544,0.9477360143471902,0.4767828379048602,2
0.1356654220993125,0.7394495608891978,0.06501221570770939,0.1881768172569037,0.795814458915669,0.4579668438314966,0.42564984354196583,0.4217723237078378,0.15225806633098496,0.43881549950032334,0
1.0775292021976277,1.0386367500832447,0.9101119834107191,0.2673895285717512,0.15831438067909595,1.1887054574108318,-0.49672989613151686,-0.3849401232170251,0.3369452513980318,-0.21134827238649867,3
0.5770172127911664,-0.03313237318101885,0.028282121246497705,0.9721611552745425,0.9453237140258208,0.26643499863378584,0.12534343040679963,0.4144214174975396,0.9002290584470354,0.41626022131916696,3
0.658082097645413,0.4919850552278109,0.6034504877570679,0.677013074922203,0.05463533737795945,0.5131933064658555,0.7507968010849906,0.5314903984554158,0.5522143147831844,0.08299526101056869,0
0.9275668695294315,0.3309090594498627,1.1572613218268133,1.4512553108423658,0.17358152654425552,0.5853579141487809,0.22406059589626437,0.13770047635122368,0.30659310204798496,0.8879026760171238,2
0.6487550415650614,0.8804369158579379,0.8919271272914427,1.1641291731018122,-0.19146853331842134,0.004118392754111799,0.23839342477893383,1.0116809233397237,0.4210110568436898,0.28388713729004095,1
0.7180021644843169,0.948262778849935,0.7788918193556713,0.6728652405746334,0.35118431230493924,0.9005328762459637,0.2072765550381195,0.1746847615803631,0.5395922578202397,0.08815558120641738,3
0.7944215172192387,0.78994802635368,0.7991495179183965,0.805793475504793,0.9020013544191868,0.2400723073274243,0.4249430006672955,0.7307177158328328,0.34143022467519146,0.6286773410742494,2
0.23670556053408967,0.5066760046604118,0.3479641105707917,0.8542805897374804,0.6558555366981521,0.9713117039573698,0.5703422124779151,0.6090217971546876,0.46127288937719807,0.42043954206046147,0
0.8713360246082443,0.6598242541257802,0.39046325720274755,0.4265974980222762,-0.12987178930900534,0.47043888356917823,0.8280293441573265,0.2373754527297008,0.4047932970045886,0.5407987818893958,1
0.8334396619121516,0.8854849325801913,0.16362706368788338,0.7599706427818742,0.5417265517268135,0.2738083849926296,0.8036318269165831,0.12025434425202731,0.1701601702030125,0.20713719499786415,2
1.098510631021722,1.0337813247234067,0.622455766168868,0.6481560312244468,0.59607256271722,0.516200273998118,0.6572495497988187,-0.3597709344589199,1.0810234805088017,0.222315045674566,2
0.697223509410195,1.0072676418727233,0.843628773888903,0.6695971506818491,0.310996832623337,0.8957919342119344,0.24379601588207045,0.2029284198092901,0.5305102756344472,0.07096783968977637,3
0.7097479958080322,0.25612225011489836,0.9233644057266366,0.3806395609310057,0.6914826038386631,0.3713750646901991,0.3341198082699313,0.02879387226994867,0.5445900214356574,0.7855874961195319,3
0.9243531798117937,0.6916102009226662,0.42060144869026356,0.51677241816547,0.009259419579522254,0.2123470210081794,0.4313985787203722,0.22640415400177807,0.3134130496408365,0.8849616056697136,1
0.23439841971062852,0.06522325617147223,1.0264333157395735,0.36196605826912964,0.0906447040776999,-0.0950439178040764,0.534503685091788,0.26899882888546056,0.2759781358304214,0.7461678762781937,2
0.5484257784217395,0.5704857116866361,0.19006605335922225,0.7601794057939195,0.15365217065418896,0.36147088208335665,0.8286504395246469,0.4383838427135964,0.7695006753930664,0.2521773172055507,3
0.993446705963755,0.8680971692270698,0.18533915036591203,0.6714778666760862,0.664395943966762,0.19763492322754417,0.7732785720735026,-0.10979922497015895,0.22819323577784792,0.1784099153278932,2
0.6559651571250869,0.4931693997253548,0.5928477908659939,0.6820949844781066,0.05892467285308229,0.5066457984237772,0.7508319043938393,0.5314675904121168,0.554141175222613,0.08304283369089745,0
0.8530243440919346,0.22355819244490688,0.02551886499687535,1.0465051068007318,0.9116384017347194,0.07705345721241044,0.038457104111772535,0.5945371162774442,0.7295212783861563,0.48545635751909033,3
0.19330553314569776,0.7296015088414081,0.7199273658639743,0.02129018133283169,0.7438236841623983,0.34241466761767364,0.7794731741492347,0.6257638879844992,0.19374249219674433,0.5061843079870192,1
0.32806632033926797,0.1298388846331327,0.9186432276798856,0.38393790367757513,0.8370968507679919,0.25420760783837093,0.4890555474235113,0.5941628888330369,0.8746030114374881,0.436621372908448,3
0.00769310016420753,0.05308479803717309,0.484209744394903,0.2725599936206554,0.834112985627051,0.41598463864514346,0.01185836018728833,0.7170735084477723,0.9385980002401276,0.795506516450943,3
0.3390744551009973,0.6318880907758713,0.19678543442933913,0.17823705508183932,0.6508591096214354,0.15610032526048673,0.6613282100519076,0.5305887208607163,0.7388891743351098,0.6776900434668982,3
0.8732990008444153,-0.0944312935228129,0.627685546987376,1.0234578235256353,0.9967092774724371,0.8007137818312112,0.035326843544294356,0.6892033154496884,0.754261138654843,0.2866320250379324,2
0.8511839965632932,0.01814184776029406,0.749902507294355,-0.03263929713959157,0.7872484073544812,0.25595916235031824,0.6327925319312854,0.31203793652295386,0.7086559523305545,0.36981640561058177,2
0.7991975880068585,0.17812900080175964,1.0541837536444214,0.3670244395437986,0.6608373205738958,0.45402279717374483,0.2874071930568127,-0.1055875035551514,0.5402397762694052,0.6590044345184507,3
0.6638513554517154,0.021599418404836323,0.06054052199359748,0.9055336795037464,0.9091525805424153,0.09821806745857653,0.0006179509416576467,0.5362836336543096,0.720419607204472,0.4444092341601927,3
0.9682909275435369,0.13430102508741842,0.5717973372035704,0.8651427556879648,0.6900636589096738,0.8414253140262264,0.22134821370009022,0.9297629342232461,0.6474853753005669,0.25576687368390205,2
0.41697766637101163,0.5637039153982857,0.31116950015438627,0.6837272077237982,0.0943427349496779,0.3693671643594452,0.7643241028494754,0.42928815582754704,0.6735165101729378,0.2134818978643293,3
0.9218517552746872,0.9716885632095199,0.5771747213273013,0.5507393267286187,0.8599957588458002,0.25568815844943416,0.5616666871355043,0.12174090148363866,0.9584135830612646,0.09933140428671218,2
0.6735273648921494,0.48092379668647905,0.5865521849241583,0.6672798545732461,0.04451512263514335,0.5195023893037257,0.7466194566928931,0.5169214888739762,0.5371077546643371,0.0909595850891521,0
0.7851176287073386,0.19344070512711053,0.29649451148744427,0.2640326708436883,0.7866407600235478,0.9074601730122847,0.7240851951025282,0.5493610302379355,0.7949496166109024,0.09250488222633617,2
0.22530355777437566,0.3483052639290463,0.4118096192256892,0.2352227837315226,0.400413218995713,-0.1533122442934398,0.5291381807136335,0.8088192138182959,0.7694808201143386,0.35577956668600197,3
0.09238363704380154,0.4612586866208311,1.306921872891877,0.2683268917691409,-0.5204970316566584,0.9579544275460872,0.19184630417583592,0.736369982529466,0.7552571587276555,0.7176344329550939,3
0.5295452633095222,-0.1626895695933206,-0.01910818435184161,0.6925660241095523,0.5044830710568231,0.7297464970463654,0.6563263690484744,0.15786635299115592,-0.1472902656201079,1.0077513509273162,0
0.9866641455591589,0.9636869801738571,0.6192573720859127,0.6240234864503502,0.7681935246804789,0.24146067324327608,0.5159491630121366,0.06610466451733353,0.9237291392648738,0.021867614389734044,2
0.050611630461018464,0.04584323017893502,-0.05079375178782719,0.7008162029903312,0.6419060379551805,0.6820862425998371,0.8200208184401977,0.5507603345885099,-0.1396664124573113,0.4572184349953414,0
0.66639258331261,0.06577197875006764,0.5919862042872523,0.1618414219993028,0.766464373776108,0.3271701923527954,0.5315200936798526,0.18897949265500838,0.6488399390157539,0.25792466045260215,2
0.8804976922874528,0.9872179458183379,0.05942304502106299,0.7475652555298412,0.49083190017667067,0.3162529378237629,0.9744778940192375,-0.04713650580546683,0.32102841907736773,0.3421236966303913,2
0.499323638403614,0.5721872804121716,0.20956274366970598,0.7132476273099008,0.11327508724529664,0.3178209268549545,0.7974260247735482,0.38721300311190554,0.7106354940352307,0.2478298035723504,3
0.15521335048011858,0.8480284197366041,0.6008296634500817,0.7098574140919937,0.8304313743729064,0.3981739463596192,0.8403186930500531,0.45764717048625636,0.5839660759975407,0.5146381360690061,1
0.1280780653266334,0.46203029397721307,0.2623732960650472,1.0289222603872605,0.5861440238801527,0.8440691593126773,0.570217221637622,0.7686973727385831,0.4759711437603515,0.5183040828005562,0
0.8662969824978782,0.1671390864666802,0.8366971217689042,0.21960809682930174,0.3291300908486666,0.4376465341101765,0.4248474778814852,0.5557728252895147,0.34279007457569993,0.4134291166688362,1
0.8987651498863487,0.8912426142225452,0.12336686499150763,0.7631619413539734,0.5559366175319721,0.3252244101432995,0.8922479910272338,0.028218353851080638,0.29793174401908246,0.3006615199897873,2
0.7305201916091203,0.054904344792961426,1.124674381760438,0.06825201545944304,0.28931491851834323,0.21354228379973159,0.5687520920981406,0.774571194331146,0.6769404222487225,0.13601605312961826,1
0.5432491585097549,0.7810218205673181,-0.028872518190782875,0.40120225776439367,0.5683622038721607,0.048317190801303964,0.8249880602419656,0.46052405549564457,0.7739492044373222,0.5559261933673144,3
0.8198089289637949,0.0013675152249310873,0.684854458961511,0.15473593108015182,0.015559774650632366,0.9936088209053529,0.05945095142099022,0.528447004545491,0.1726940859610457,0.9660998034979367,3
-0.11243219389368397,0.33987993335452965,0.49573460988236173,1.0325288018551166,0.2921767274832716,0.8233405193567898,0.40134811382120317,0.6501312104642217,0.5869054702394658,0.41894260861950233,0
0.7127380010300709,0.26256025461119664,0.932063909911576,0.38717757324894697,0.6846946373899134,0.3626863244960395,0.32784050741116444,0.0280721127872706,0.5510391696021117,0.7880219260753067,3
0.9774199887387665,1.0030812245837513,0.6473268027454978,0.008074117676098535,0.09287885908611707,0.2163416054675385,0.02476917670940787,0.7526292846867026,0.9789127456418258,0.6944405581917635,3
0.9419471926091063,0.28991900548005217,0.45197504562085267,1.0356357303410237,0.854323912727997,1.0072965271579881,0.38176632069259,0.829366544737552,0.49760348737608695,0.1289552148877127,2
0.2888914180143124,0.5754948462400977,0.41857364321241963,0.33745199918394425,0.10459441888796331,0.5583166025988154,0.20030319683115694,0.996365093111117,0.14398337917385248,0.35723694923177524,2
0.19592873398178476,0.23131678820335624,0.02242714671679648,0.5409647715075937,0.6069942514334579,0.483903358688841,0.9583206863782354,0.40831653292835857,0.1418174636481273,0.7276951501374365,0
0.38122310040895807,0.9098000426821817,0.6910204136158967,0.364268469883859,0.04635747008006978,0.7410769670070132,0.48707781891860513,0.3636012308944944,0.4893738539031102,0.4708697473599405,3
1.1629519142515237,0.6218388004730494,0.6050261161181437,0.36592092334487347,0.17786940971766926,1.120478770751086,0.6123088967436242,0.22696980386606724,0.5393265786295515,0.7765373684826512,1
0.6701238305820788,0.7696630887448699,1.5635000601872502,0.40174044679034926,0.5223675618466467,0.7208990665639589,0.8945022769547466,0.19200354274668213,1.0655518032481075,1.2978993777140697,2
1.0216803893384696,0.5643376268581082,0.6484898288843386,0.3899147392245867,0.06965967248241248,0.9471618805791807,0.528025337241299,0.12010391658838174,0.7626811635318574,0.8592626418217278,1
0.607263496251256,0.5650415240470272,0.2892915313298701,0.2778975905136023,0.8127579041335645,0.33900303084608724,0.37273081653934576,0.07819066082978915,0.22356220679984856,0.21182816173650282,2
0.8328799907503304,0.8010963460904892,0.8708846303320825,0.29897893076626,1.382155583552016,0.5714678117084916,1.0341038700221932,0.6080480042179495,0.49955577835922316,-0.10350363837536125,1
0.6943277549699602,0.9713597313756078,0.8137993281846073,0.6538119237202128,0.30906468146530175,0.8881976038903883,0.1864782400994045,0.1698513480520079,0.5114961742930096,0.13556740686381788,3
1.014740729762873,0.222975933959909,0.9550094780359235,0.21932186431599293,0.4666121457997244,0.46524110394338114,0.47923307755937666,0.582047710743409,0.5165437288120942,0.38188127206654016,1
0.06865708224173313,0.16847579630760987,0.5390307064599597,0.4838686510704463,0.8577550168715649,0.32176248284812786,0.5087891967130879,0.722659480118542,0.40639771425291327,0.16849188790736722,3
0.6535177586313443,0.06170949095136829,0.6177801879826209,0.15344447949795428,0.7505600672829952,0.32071367261209277,0.541252613432107,0.19633372296512624,0.6270374149047995,0.2535964682443632,2
0.38996496036022393,0.371638965223976,0.4781211834870762,0.7992775617826111,0.42250921356754834,0.72142515967128,0.798596195325221,0.46661988728166026,0.30755950591612774,0.7235109445751969,2
0.6907633472222253,0.19966513440896388,0.45481539429415146,0.13210713210667085,0.23467111138845556,0.34384154147756607,0.5968678441252384,0.026151294080454204,0.6405978422319191,0.22802466898033763,0
0.9427844132825902,0.9067822885947632,0.70192789016072,0.7528309831670885,0.9327946743057429,0.22232380798078452,0.562954909721354,0.2536642117057841,1.0438672467482446,0.0940849645601261,2
0.14794500190315366,0.9778838467926972,0.7132274866284981,0.5251426952768111,0.8446726068140041,0.2350499985454609,0.9572272024849053,0.3802293944349253,0.6842877821439277,0.686362190339229,1
0.5003330366007568,-0.04903215237950001,0.847424386128143,1.1033371774382439,1.4061617698996596,0.13043753150834014,-0.2516115997525302,0.8460703797501037,0.9306660814404775,-0.24926963842873906,3
0.47052869614404325,0.2659712120220901,0.41359966791108854,-0.023946913064396377,0.2369330016158952,0.17135622514668616,0.49858957598861997,0.014718249331625527,0.7192677945947739,0.42380487192710303,0
-0.11249081166981359,0.0018410520689130655,0.6724342974442643,0.036084429187642875,-0.05978268577981519,0.46685931119991037,0.8077707166790266,0.39344315971839416,0.3435316726917076,0.25041862524641445,0
0.40515856729972244,0.66807734617331,0.6085177837110879,0.3172915029119972,0.5527637995094754,1.211359612314841,1.2608793872483959,0.3896344336308232,0.03688913626897028,1.173514491470494,2
1.165683250058648,0.0059114039663761275,1.0771389543021652,0.6126000663393264,0.13830782985352905,-0.17047936225464783,1.7734098638364868,1.0570337994252204,-0.15594632866951152,1.5411718858693038,2
0.4727741039701157,0.8170942880574946,0.8950733008965605,0.43780816280090296,0.7407124781485178,0.8677669370953681,0.5266092371281084,0.3259416802992468,0.7565523513243749,0.455267855261685,2
-0.2796301955651272,-0.48351052493079283,0.27014303550437496,0.9845427111305027,0.9319050388336168,0.2882097898073993,0.6486560450952754,0.33780272374503206,1.0920452922562713,1.0029419571949405,2
0.7688773328073598,0.23475289611768793,0.8786837563076243,0.29012228691488795,0.7029171851009767,0.2926033065782022,0.3653031830605248,-0.04548379623686194,0.5777785956463716,0.7747778965129369,3
0.786263625300737,0.19695333189350303,0.29276693569007245,0.26450513286916444,0.7882686743826173,0.9050095298885423,0.7262744900931468,0.5493895219982166,0.7942337818593512,0.09566727893342476,2
0.010434029357972305,0.6130080543151414,0.8150400604548694,0.22478372561034754,0.7287160702835083,0.6771495754224984,0.5317257270092206,0.08078298255119988,0.7763090265863444,0.01849727073852029,0
0.4612017976506591,0.14756232552823367,1.1281756625178114,0.2986230390794837,0.732091444943957,0.2452583064245808,0.24247609464150927,0.35104483011796805,0.9609093192264855,0.3833279595562751,3
1.0221161278165325,0.20050078998659498,0.5333271169647682,0.8688632765970394,0.742053717781477,0.7745435311706418,0.25973743688249473,0.9567764025555313,0.6828590337636374,0.304893669460102,2
0.1013280675008249,1.0430979609926465,0.5673303219356983,0.5645319320599474,0.9949653125567397,0.3679232767115446,0.8903683347828724,0.6153464049408583,0.4560198002614161,0.6970872917865477,1
0.750651349275462,0.3583317791571864,0.8988624789268896,0.6271738089480116,0.6067785593102667,0.6062159499050859,0.11548238231047642,0.6912607646461698,0.09714780083543662,0.2497470819693103,1
0.06970664352596444,1.0021921897498858,0.21571812730245082,0.9437391269966947,0.9110278265941613,0.21367132395097654,-0.029622084000564833,0.8266858049027664,0.39701692164355074,1.1462804234758566,1
0.6734258352488127,0.49254683521557124,0.5938487874028714,0.6859939726367922,0.07075648953361464,0.507516056988274,0.7345449867770555,0.5512908510327994,0.543129147118461,0.06596395766717982,0
0.5662811850053113,-0.10918633446275866,0.05631554336347609,0.8089232465721706,0.9762832826576271,0.19852328602815125,0.08462513165172057,0.6311152379791032,0.7434339602486909,0.32427024546545474,3
0.7616881525924395,0.7105082076257017,0.4830514349317139,0.7802206820710718,0.1385676760312804,-0.010818916177075838,0.43576261518046844,0.25174367619774446,0.4499695369146113,0.7162170510101027,1
0.9150407774221281,0.020316677447196528,0.23938721767884583,0.48062165245513383,0.17832496080019544,0.1805060883459033,0.08998614181725959,0.058887419277735255,0.24040472531361948,0.8338401587922456,3
0.22661998266752592,0.19223345719163862,1.2357802912306892,0.3133386781559636,0.987685584968129,0.44747240488203505,0.5691117651787628,0.20568844174722617,0.9276253623032407,0.5507047824037622,3
0.07913351858481735,0.13494629846292303,0.5585850267757784,0.47354462067518593,0.9237067584951897,0.2977524247621671,0.5333084916038526,0.7842405550123953,0.3921463958703135,0.15946646342255863,3
0.6654657728214767,0.47170393244981484,0.5956266430666459,0.656222954180002,0.07889948000585251,0.5237345059546769,0.7617053315301194,0.5478253114987416,0.55285174242771,0.1024656101491106,0
0.9595349256896317,0.9381539127323402,0.6716808061174904,0.6462362438513324,0.7375235195064535,0.28632379043072037,0.4720545500614201,0.10523064309652874,0.9613602911155398,0.07491216222928765,2
0.1305439164206877,0.4572956886153977,0.4698108647722651,0.8933609251079417,0.1752105208923047,0.5625765897572517,0.6400919329902067,0.5621652485861426,0.23259174166329377,0.8807667278225567,2
0.12414898851806272,0.7372651496766023,0.06033313542445492,0.386542064845108,0.8338706536776608,0.2550501497363936,0.4647817411999515,0.5150004195541201,0.17348356005073293,0.2909895570730128,0
1.0608080364804648,0.3343093738677644,0.7647687306757711,0.36256742625984895,0.41596071106560145,0.5570937535993445,0.4184013325415017,0.31078431455828404,0.8023742706501995,1.009124485152821,1
0.8626132941625213,0.3480107094711492,0.720038414230854,0.06889307695720522,0.8997785412730288,0.015380288807319682,0.8507929899307269,0.6251450581906713,0.19861837400476853,0.7896822509075817,2
0.816650775173862,0.8304101920107461,0.7619573171513873,0.790743939123859,0.9138516249740235,0.2415231007047422,0.3362752211500645,0.8100968695965718,0.310794480839571,0.6176683065112736,2
0.4527542836631958,0.9945811491009221,0.28151976322752414,0.3621696072640559,0.6288154788285814,0.42771178777115915,-0.5438560623933908,1.3689727538539902,0.6648356236790607,0.5162359697932841,1
0.36130941223240254,0.768554703023166,0.9257441641952423,0.47163599030693043,0.6246786784666258,0.2125174937583995,0.9473032303603404,0.43325730178301014,0.6328468039688132,0.5967362895089874,1
0.38784479712402037,0.9372769945465891,0.6142439867121373,0.1680487630502911,0.3255400837352346,0.9984058970895727,0.7039438230565163,0.6060050531259871,0.47014536136362284,0.5840113182585395,3
0.021140602234914624,0.4590688785695745,0.9134177010324173,0.5435864173842786,0.4815763971120782,0.604566609411849,0.998499069187794,1.2567786813339246,0.8567370339944045,0.28330884071404183,2
0.7708317658389067,0.5789046005498293,0.7376500697207264,0.35509544260813986,0.6354024274757842,0.9695286915926237,0.28567748376405394,0.12563828416955014,0.22516728750224213,0.8616724891618034,2
0.8245326726945489,0.6916983455921238,0.47502665153939044,0.7131547647203874,0.12862444460280992,0.03236768859907774,0.46502974393300767,0.18622681406903716,0.3976391500808319,0.7338422997494015,1
0.7049059458174384,0.25315702731124595,0.9207048365078426,0.3768112720121814,0.6903341143229705,0.3643814007526798,0.33145996980415604,0.020616003160375408,0.5380510103443175,0.7859144596193216,3
0.2725231160525051,0.841081397751973,0.6231264797884859,0.6420528035752316,0.9115716734677273,0.3896465897724131,0.8260974329834982,0.3605334212724422,0.8019631575121383,0.7104870729335874,1
0.02337862674931404,0.9419927012730351,0.6075809586211469,0.6889678462852528,0.7662596016861676,0.16358916085014702,0.8673455818684828,0.533999501165785,0.8451970136038836,0.6625836954279806,1
-0.018931123647009107,1.3381134580961664,1.2210730262731773,0.9849377387225944,-0.28515597974679463,0.7328786815141447,0.08824275679238822,-0.5629206067294367,-0.03902849382756768,-0.6312618429769458,3
0.8215340454842331,0.37964447440605864,0.48196964866440656,0.6476842222392267,0.12436068682473715,0.7690470775991861,0.7278993099847872,-0.14559274099792502,0.4467565058891678,1.0577381674466768,1
0.0280284083924473,0.30775925407536775,0.4895335935249408,0.8579235078283756,0.28188953835030545,0.6780416495976015,0.5845901983931293,0.48727375919694593,0.31944261957034886,0.8742223609550506,2
0.2608853143644639,0.4258618437208537,0.9519969651026816,0.7329093376647763,0.01459513641186447,0.16195920143617448,0.7677874321652907,0.6037467401898373,0.3730720814291366,0.8068144388755041,2
0.6908925311923371,0.05264302692045603,0.5769394211260856,0.18432430818634168,0.7580529583832047,0.2676518605925455,0.6311802340919657,0.27430468324034174,0.5774177895916784,0.25855433315781995,2
0.7832121113930496,0.19618536371772816,0.2996784687343443,0.2665157779894936,0.7853517610051983,0.9067553805923784,0.7223919326230941,0.5456318280429084,0.7928653787587252,0.09573784175623463,2
0.5067797863423061,0.05509172160598427,0.19937774331891087,0.9525571593737553,0.830794889338258,0.3536131758767292,0.18264311308026587,0.5931799074901061,0.5516185358779394,0.33561798495054973,3
0.056865179749761054,0.9137430005086457,0.3086646713851641,0.8668039008116171,0.762604015521015,0.07716690061798355,0.03063771474845635,0.7212517338489982,0.21374352632204352,0.9757121053746508,1
-0.46252946568603837,0.8719324940888865,0.631611811348378,0.9688749627154547,1.1688710996172909,0.262008651322604,0.09111487690638731,1.2082071479895917,1.0195433828651428,1.1958019119223546,0
0.9170932498714516,0.03264145543199172,0.2404879780068004,0.4687794615418619,0.19138160353196856,0.16394507576970915,0.07092883987062995,0.04107699494496511,0.2539751844643987,0.8126775655546065,3
0.8652327130804679,0.31307831943936876,0.7191132940263875,0.036124371103097734,0.8942805752837572,0.011523135088898455,0.8635293243632817,0.6579729229892802,0.2197723117528646,0.7571188029381586,2
0.15115976699499656,0.4910712198246773,0.7042990114667677,1.103354564254006,-0.047087450388697105,0.8404005232164447,0.9477120585844517,0.3550331811518297,0.06666976138319186,0.9964227291325018,2
0.472590895446376,0.08333616802040694,0.04505658332921199,0.6793412101207583,0.5186069071157267,0.4539043679524736,0.9033872424278062,0.2517508952360324,-0.05897489537956195,0.651125090346464,0
0.4199761335124791,0.8119546007534199,0.06533012709882158,0.29272074277706905,0.6616278616243289,0.18286044995445752,0.8843370467585692,0.3466458340199156,0.6691471127960812,0.6126504628996484,3
0.6338849350192528,0.013086413216874163,0.06822219046766921,0.8912424286989732,0.9458829657138601,0.13173137234772744,0.024937954693994582,0.5782702784321461,0.7003491797182004,0.42903695126581226,3
0.36715773732042634,0.21059433443733022,0.08605493099256659,0.6879522436741984,0.5441604366285674,0.32633789794557544,0.7725803132854323,0.3299794047510946,0.054473926238031364,0.6035038664111877,0
0.8805722536605964,0.29229593646677554,0.7239828445212503,0.031139042271105873,0.8956408492406294,0.03537855792094617,0.8869153820833502,0.6637902157226336,0.23871283297826854,0.7496512309675523,2
0.6900075906836471,0.7782857156573474,0.7090124694621134,0.6610848592725735,0.4371310359476291,0.5565658591647129,0.750426740882287,-0.16351179023141837,0.5468003642936918,0.8909116223157497,1
0.9442669327714676,0.9776833250768059,0.6192318291981957,-0.007869090197635214,0.13108683688096479,0.2246820712566472,0.0578166113966145,0.7351163615437747,0.9381625351558119,0.7236066468517606,3
0.5655937487133139,0.5122938741140597,0.23547416280070504,0.586197948537222,0.21701335942607292,0.351298439522882,0.6624058125995411,0.48363380830351177,0.7011725566160935,0.20668548911775314,3
0.7886478361759494,-0.0711888737198768,0.8236497575315396,0.356199141365099,0.09263701320011149,0.8665085760118462,0.19491880837482753,0.6321451417339374,0.06308887688612663,0.8313159133045838,3
-0.060870815883602186,0.21810159275052554,0.31972962578550035,0.3953514591041896,0.8866571038497252,0.4612691899791731,-0.21267502002935082,0.5858565743717908,0.761248193850425,0.8739957731323429,3
0.4238552825896753,0.7991405940201126,0.059727671830734054,0.2795495137408403,0.6449918472776832,0.15286177426614256,0.8849857759210833,0.31239163940341863,0.6426797428354227,0.6435211025935559,3
0.4330797911722022,0.821557538017864,0.8067204612483007,0.5272002220265528,0.7625052686271014,0.9112729010302976,0.5265404646993813,0.3094565594396836,0.6702001138020262,0.3748069054322184,2
0.7221561907686062,0.26374509965273957,0.9155254462678166,0.3844103974901136,0.685610575127185,0.37342016704771475,0.3311981367333932,0.027622197710040965,0.5317279281433868,0.7867682359485636,3
0.4645952596783773,0.16149185168934455,-0.09478400029899214,1.0931742108438744,-0.006838554892586557,0.7915878930777307,0.7303205370378841,0.7239541722998906,0.26518442248556445,0.6253560266691973,2
0.8718613724286843,-0.4021433730561784,1.1700802077669112,0.9429989389505711,0.1575783054950387,-0.1294408712683851,0.31317283012517294,0.7380696905556294,0.7594614031975178,0.1847482661195555,1
0.8766181381803488,0.30186532285871825,0.7171546480401999,0.035104179853906244,0.8975079940553099,0.020731888790633528,0.8819273834997208,0.6512909342656407,0.21701700168252114,0.7500407413106932,2
0.8271916329704283,0.5440046091057023,0.8193938979052103,0.39006007531556713,0.6641600535283693,0.9260658167251609,0.25668808657710207,0.1599347131168827,0.22492918487427555,0.8135463886703808,2
0.3107676466381006,0.33409397627229154,0.5327360583988126,-0.3279782527486794,0.3078002564463194,-0.14893923910120896,0.9592545455732246,0.5522439444998843,0.6280132357764431,0.7724886666129684,3
0.025372497890691792,0.6133035427920716,0.07809656517563993,0.18354371016197268,0.8092686893166746,0.9534619237088846,0.7040531962170186,-0.1444033898700885,1.4403251545181899,0.5556022410405952,3
0.8010133818759413,0.5897942622641945,0.7733989897014152,0.3792672037471989,0.6374996558733309,0.9354561417963566,0.28510628273584115,0.15682058130418813,0.19732209983328408,0.8629633172274005,2
0.8616712633894543,0.9349893123457483,0.12920584105403002,0.7751211315982544,0.5574643011253624,0.2974970489605935,0.8970197565330972,0.035331203785592305,0.24776257336947635,0.2980299849529719,2
0.9956778869540273,0.12126385423091363,0.3882045702730728,0.3018862553231608,0.2785455321390416,0.6184947077952914,0.7044405862829917,0.3136990790894956,0.8850415245198033,1.24555590623819,1
0.21366107882833818,0.3803899777657054,0.2645707247147512,1.1062896119638095,0.3891889844073975,0.7003451091964129,0.5126996793112636,0.7056443544704217,0.46197768677628687,0.6106248331139833,0
0.4484912827453716,1.2805093157982297,0.09591466016150213,1.2324697699502323,1.0979695752403047,0.11850104905804931,-0.38170790406262634,0.5941781635767115,0.6173597046956001,0.5539899458689922,1
0.6679045500503357,0.6381786316435659,0.26091353636802406,0.6586194316388793,0.07830921907682882,0.4285613305411914,0.7149209263256628,0.27841732125534047,0.69113352030408,0.2744205703461746,3
0.9660770282745273,0.9862459306716723,0.6592152203981406,-0.006788913696939909,0.12162615383615283,0.1871011262387924,0.04821664263354963,0.7707714629176053,0.9773557916515614,0.7183095372770343,3
0.8077627134596529,0.5848217553159075,0.7684055553535782,0.3746690823242383,0.6379952349791813,0.9443732019922138,0.2833649328650895,0.15191205010062228,0.196055877766873,0.8586244001635277,2
1.2940769775120886,0.8786508250403304,0.8595454459226222,0.6899954373891349,0.7080826056007827,-0.06543545310615656,0.22632763036922626,0.26514333472457197,0.8317134922921048,0.11721794189775611,2
0.7102451209040639,0.2598087101192135,0.8709213321054965,0.40072251590941904,0.7269535532886896,0.41714302084476,0.36960203052747875,0.007237232736831224,0.519539287295261,0.8205242901595279,3
0.8098609484485217,0.5696815725359615,0.7702534519784713,0.38663164400335026,0.6282123997989358,0.9326847046676608,0.27975690716115537,0.15653361997877957,0.21094690331596055,0.8681629953226856,2
0.4417316893839109,0.7860906564361706,0.052988560636222676,0.2591192487734151,0.6171959712284324,0.12948814979008755,0.9311863731425788,0.2950153140455951,0.6916273716038436,0.6260093744041043,3
0.4751058570337021,0.8286221479704831,0.8180246009268668,0.4255455690124128,0.7491193025205561,0.8420445779263743,0.5840500945518114,0.4022234426250363,0.7165691404453641,0.43920249160635216,2
0.060824858916394234,0.1667583379488178,0.5467142400599151,0.49071994046222606,0.8973739423983429,0.3276648420311877,0.5301109600243195,0.7197213529515529,0.4155970159899477,0.1378975443735773,3
0.40975424974492053,0.8201912098785402,0.04364769431021885,0.32398057398836844,0.6339114777784824,0.1830014988120039,0.8746346454799031,0.37039738212174034,0.6608291426839275,0.6442410312801767,3
0.7973904424870724,0.1711891287469674,0.29976878021996317,0.2809241164086403,0.7734833333637566,0.9212718286646465,0.743661490012661,0.5603718772955291,0.8048827591979044,0.07041581554734577,2
0.8912595733718274,0.9063911841976224,0.12315568186387016,0.7660954675493588,0.5724205935142971,0.3379765407760937,0.8617581066631146,-0.003352543688948266,0.2892000757470773,0.29680246404786326,2
0.3145182661330694,1.0634397286240964,0.24407936803970723,0.6968576955011122,1.0580065434877133,0.6847908478047373,0.31226849543906177,0.4271381378602401,0.16678937637996236,0.35066426337946516,0
0.037280210435128594,0.9846403835470664,0.9091738950532432,0.5818684809176871,0.8598641099743389,0.28279721444800376,0.8127845181873306,0.5315566350073982,0.7251041213197964,0.48316952360033827,1
0.2044370494216437,0.29429068857284424,0.7825216048177868,0.30511198108591786,0.6935436952869574,0.7504528761012627,0.363307231622265,0.5924206869845852,0.6000666464085104,0.3786135897783127,3
1.0472023837244753,0.03709555638155704,0.270359144833835,0.7941319053099936,-0.030404201261747615,0.5792532299028634,0.19061631459344788,0.3021290832098216,0.95063931401202,1.4818420362687312,1
0.44124216375152475,0.792854480053757,0.08179900953567645,0.3133098380647623,0.6731435866640907,0.17476196078992595,0.8651844914272926,0.3236345941689178,0.6620464227685748,0.6426325232371879,3
0.8024001130378717,0.09368923184106602,0.21220414729409767,0.7559030438722535,1.0898387704666166,-0.0787188796152081,0.025577141324177318,0.43182737246866104,0.7337137917576223,0.6302198580731865,3
0.2880229414172868,0.18637862099620142,0.5804342857782505,0.8905262213870501,1.192135681247212,-0.16878159317122127,0.2848326446018441,0.8521031426360142,0.7708708642624418,0.07033455735177485,3
0.058414767895280745,0.8255249501788049,0.08733208815947163,-0.07755932265100385,0.9898278173926063,-0.1825915088193231,0.5033608391577922,0.9462944959638575,0.4852964108149438,0.21907380807312,3
0.7490948686784691,0.5735575105535835,0.84484438627684,0.62763218995976,0.2249480920850282,0.2400959108560306,0.6862172875675605,0.22883701658748842,0.3965274332518925,1.089912181994482,1
0.06652265149556114,0.9276847088606185,0.3087385315344637,0.8925902994572965,0.7635775830005112,0.07724833935742707,0.05737778269792515,0.7220901659184961,0.2100897090713146,0.9521936298928778,1
0.04489328952505384,0.9308562837644099,0.2883587944279592,0.881429475979384,0.7537481397713722,0.07795316955646414,0.03688882311174084,0.7096869327159376,0.23942424436716483,0.9806918303463071,1
0.7839375778595149,0.1911757413493893,0.29707726776241733,0.262517511599641,0.7865769338439027,0.9090938307798505,0.7260101819180809,0.5509625208522423,0.7956285753927058,0.09460368681624091,2
0.6670182379123265,-0.05312238120334993,0.09736324199342909,0.8257256966723322,0.9395770404861008,0.14372463906120114,-0.040140856550611934,0.602081674108313,0.7648372249552419,0.3477777596493558,3
0.6833195695456709,0.31654233533051995,0.9248424061163244,0.46353416848818063,0.6409378895474428,0.4211339205237628,0.29753249750020616,0.07147527242722612,0.5787208469195589,0.8698566627432891,3
0.10452416376744074,0.21037920871363217,0.396720411637655,0.7987700651625869,0.46236040931157696,0.9773097369384933,0.5057648790739775,0.7601982586755722,0.7796383211333326,0.7004837324714174,0
0.8699538644339225,0.8349257360497592,0.08314156954000378,0.7349847097017635,0.5975131091400125,0.29160225541320184,0.9001770715957222,-0.008597538239905247,0.26764779385747106,0.36647823720479056,2
-0.16223519466300113,1.5351630166092685,0.9372748512769281,0.8492052484971726,0.7039836471090646,-0.04979736623443021,0.8997184685643851,0.12455406842067068,0.23161196526268008,0.7557771015709894,1
0.4483485753276963,0.739441619680546,-0.06930569433595181,0.36267115092648244,0.5984825077408822,0.12277136245751555,0.8451328853941293,0.3828203376524708,0.6333945375334208,0.6879062084341785,3
-0.18248976662639924,1.0803695097285666,0.19440339628469755,0.026904551924232106,0.9230175865521368,0.523279644149967,0.5827839664425828,0.6887439986875056,0.10353167515168445,0.3003252358265195,0
-0.823176562039358,0.7921859539668481,1.5495854280279449,0.8494456770025229,-0.6726239452139059,0.3670757933736516,-0.3051151248841858,1.521405420372154,0.8881508957950703,1.0275351125646894,2
0.7772611438492442,0.18023374711083526,0.29088779324802294,0.2736603705552721,0.7848594106190019,0.9028421118285317,0.7299661869453153,0.5513142714897161,0.7836881241926311,0.0876453640249628,2
0.670784281825244,0.47837471344515803,0.5683672103116215,0.6854587660445861,0.05661264665615959,0.4925745554966071,0.7775513378961414,0.5517744377667452,0.5173155540219151,0.11056731257505233,0
5.7526865371901326e-05,0.3223029824797673,0.5851821905579365,1.0644471446646055,0.16115476204009932,0.39985604807798514,0.5196691267339155,0.3093846605944556,0.41936146253342704,0.8131523544215304,2
0.5480691522755948,0.20456703432182852,1.0677806081521393,0.41139853890489436,0.7160391215288866,0.33335994051237766,0.33217561604296086,0.35477658698981296,0.7511742579227394,0.5650480040087782,3
0.9167085865621182,0.9123270224433083,0.12561754394346356,0.7663072599529854,0.5514163002228827,0.3212226022876471,0.9042639674159864,0.02594254536078635,0.2849701183440246,0.3096147371131228,2
0.7691108291111767,0.926297074799062,0.4215447427200784,0.46311493699627404,0.0006861658071127541,0.13792294580366654,0.24846643858177747,0.1397430681292654,0.569097794053781,0.922102103886551,1
0.012791866808185073,0.5322774987884128,-0.06330744969385932,0.1413749899529949,0.9579860417264885,0.3978556530974598,0.4594902195299839,0.42868618599398267,0.33935846238042766,0.45617485395536644,0
0.8355623772760523,0.5379338352302893,1.1892523808927575,0.6392843105095944,0.7346303715125829,-0.02761024067894624,0.40038574984860104,0.7490108640800175,0.33904269579812746,0.37454952934028707,2
0.9047952334847456,0.41225336823120184,0.7369722886416139,0.4502631649791548,0.13337990973681602,0.9574762950756337,0.3853526798111475,-0.06648912509064642,0.67196691791271,0.9686184605469711,1
0.6346905221476519,0.5398785742681423,0.6626697247534009,0.6488683801362223,0.9313163999277145,0.19011228257765314,0.9526617279537364,0.3324095917328162,0.3188217459209764,0.25998214925368607,1
1.0947616932897088,0.8165334404911352,0.8825881368190952,0.594994695722478,0.13939343591620065,0.465131170025196,0.20633912706430488,0.7127935979346748,0.03535775572846574,0.5385340020315152,0
0.38446518262313795,0.7568140987137226,0.06260745022927384,0.34880964498691874,0.6822543982564788,0.11234447441615063,0.9305329937217701,0.39573908419298054,0.676697892620767,0.6490516766931598,3
0.13288306295313473,0.5719368020562005,0.7679842662275028,0.11180622246864783,0.709862327911117,0.30209767697801876,0.6426823057126554,0.6084479138917112,0.049439019674666254,0.3286910277579477,1
1.5018481500919867,-0.12081985565866285,1.5018217481232838,-0.1252804023871511,-0.6545191421290272,0.8724104524885007,-0.413557335427827,0.08796432805777132,-0.08644388244337342,-0.1634829302950318,1
0.3609213429171184,0.26974872809513256,0.8118544077117946,0.5904949752450221,0.8765637442412874,0.2789308718447922,0.34679469178355726,0.4649554238922038,0.7784552272586667,0.4007939736224717,3
-0.11485782702504654,0.7932756523451255,-0.10430070550868206,0.29585126954030927,0.9144263940579301,0.4878493543831305,0.5133209538677416,0.36273197087375175,0.2488043078473571,0.2158925059571744,0
0.6285391371947643,0.14419970501863577,0.39511391655061345,0.06622830112701839,0.10069552618536165,0.12633940496686827,0.4341449271311151,-0.07867152757266321,0.6333869846289946,0.39011275243382765,0
0.9220085061116363,0.5314248468887719,0.2670428529786302,0.33709540844241753,-0.2040213480448358,1.2239626097576406,0.6162951917975715,0.512119709602193,0.5921030543437625,1.381920703095128,1
0.3369649085375843,0.30548059550504575,1.0078248012333635,0.6240182884156055,0.1540793628695313,-0.012536652086872963,0.5653042762313136,0.6405865217710585,0.5651008426113185,0.6287279720432446,2
0.8574953435194199,0.33514979278561463,0.7214177740949936,0.04495594757392169,0.8925695739301499,0.032163543973624226,0.8799969494255118,0.6540416787721537,0.2116923316417209,0.763967447764397,2
0.8908108762221371,0.3491876262631133,0.7314654111005795,0.05945541299143714,0.9090815488035334,-0.028656594129691154,0.9113898713589579,0.6108140417191554,0.21188320435768937,0.7980531483724873,2
0.8388657335576265,0.27489211616368614,0.767477915656696,-0.016075503619023546,0.9567767872742027,0.06112205388258298,0.884497342473684,0.7362239743077621,0.12819977646897623,0.8408097085684211,2
1.102451049377687,0.6152854231534489,0.7130434244740366,0.3425532618187598,0.24550820335655538,0.7858817000700776,0.3361792700496076,-0.013582405788854255,0.7647400374173123,1.1566989424353529,1
0.9011031521110144,0.9213015960249613,0.14316194148074754,0.7980988338530797,0.5580918257568246,0.3319734793381766,0.8768068350294751,0.04064624249074705,0.31513654840670524,0.3309160931218262,2
0.7914866325113007,0.01718725758424656,-0.05088337785788016,0.8980839482063621,1.075863806946797,0.347933212496528,-0.18887186796715982,0.6607058784329398,0.8966058515218593,0.4659771387898157,3
0.14602956063013,0.6274668131609029,0.6822040918710368,0.43194073999699467,1.014310742310752,0.2856133487857622,0.3566969281245193,0.6563039501523842,0.18812582998676938,0.9458284916215546,1
0.8010188717028047,0.5892768348275004,0.7736515817938253,0.3711750112271761,0.6362718190871846,0.9316769035175563,0.29070125494615173,0.16091263144535525,0.20088511566981104,0.8559402917745378,2
0.014086202013161547,0.6176879068516171,0.8143756178720576,0.22371610214832022,0.7292109697128201,0.6762465325737035,0.5273426586652245,0.08491878589621046,0.7743238270128645,0.021896107044387825,0
0.8756290958320678,0.30385282440090766,0.6985731579623221,0.028904486700254153,0.8616005915736389,0.00038195990779573037,0.867211421783314,0.6384193770302456,0.21524594561076188,0.748005922274517,2
1.0214294447990018,0.9429272645928862,0.5610374969268409,0.6398361193472356,0.7866873919897784,0.19471412557341897,0.5697679553850821,0.03911581590035879,0.8837383620892766,-0.02182904968698711,2
0.5002552061049432,0.18010806082072023,0.48189127063432347,1.0024230606393265,0.13407623962874182,0.8949323087521681,0.9758691332586786,0.2296820499207678,0.5104268966443524,1.0036773758089907,2
0.11339949445639719,0.5308954751098995,1.2084702621950276,0.9160311335222188,-0.13537182449803006,0.5641631242919466,0.9355225742063025,0.7702764073842878,0.49358141511483317,0.7019333507385939,2
0.8756560062544609,0.3152480732552744,0.7190421449381068,0.03243945457224309,0.8991132930442558,0.022381889272444742,0.8639604053103743,0.666494824698023,0.21956462182669023,0.7655999241089766,2
0.01494418823487137,-0.51869012098838,-0.18647858460232725,0.9197660799182498,-0.24801709096185087,0.9969584753439333,0.5166284201599216,1.2660900949368235,0.2777495129259491,-0.057516474844594545,2
0.42335106756547236,-0.10800327873683357,1.2602515482060865,0.5953200622137916,0.4390727953275157,0.518976697714588,0.5170682958920818,0.4104789381795637,0.7029276705676748,0.8534017170404257,2
-0.19895860200801763,0.2682834064247026,-0.2764444962044733,0.5634428044346753,0.931043600762248,-0.23100834730811437,0.1991403116197392,0.6144408437248194,0.5751847885746659,0.21649712772976637,0
0.3615912117602116,0.1415480518441234,0.038586470671497605,0.5577406460534355,0.655451603498746,0.326911261091325,0.6687708685023774,0.2020384864062606,-0.050275824597545704,0.742855368986793,0
-0.036762005688048105,0.6097572170072887,0.449393528021012,1.1312074214661763,0.2210782612566591,0.7124630127245194,0.38254988890425934,0.6044320692460619,0.6687677544099236,0.6076212103228973,0
1.0383227825323456,0.027172621979268258,0.5094996411368404,0.7489886382806854,0.4477070810537087,0.06269725726887904,-0.043666594717691076,0.2498298556326331,0.23904483160470524,0.9348154316419528,3
0.6242087334611941,0.05604782224249388,0.5891919344186022,0.8715347685627564,0.023554148357063265,0.6791793409790446,1.0529786283799698,0.7394092105577167,0.4836908869267636,0.7909050815297014,2
0.9141424124160626,-0.15955060890109882,0.9211958798048306,0.20151051336374143,0.17767074075578876,0.7230242245500231,0.3936121016813558,0.3335586507683188,0.4450435008740176,0.9225071641779164,3
1.1382870020424074,0.3697300799931145,0.8424365854862665,0.23644962365666428,0.2573001482585707,0.8322566426405813,0.4809015865029823,0.03535033587167538,0.5196089154385481,1.0258401300695301,1
1.2979431125946794,0.30180252478306613,0.8159131248191562,1.0772742202981913,0.44777337785493876,1.0664532223874843,0.021597981465886124,0.7817524270853755,0.41939088910360034,0.5412650816744213,2
0.5855128550895375,-0.03746318564709373,-0.006073152747061092,0.7908484957797481,1.1400043064773244,-0.07309166785621632,0.022870526542278037,0.4420196032550002,0.9004654783595305,0.5989902395289473,3
0.42872601784641373,0.7454185336107767,0.966076109041411,0.42789765387513606,0.6540483951670076,0.47826192146294844,0.9950489400157358,0.33016623840596787,0.36788835134826026,0.6436186606642602,1
0.02434435831701318,0.9402522975765647,0.1660890413073132,1.015758214235623,0.8753117821666787,-0.058562382641904887,0.10011484508232475,0.9295207847266139,0.5210605576535613,1.137300091918141,1
1.0899289729041362,0.7176677219218085,0.7305169889497064,0.6192728582568515,0.18415254503332257,0.6651205044715869,0.09507956462545789,0.7360045161933534,0.0615698669381574,0.25448859790868733,0
0.9017164902741717,0.9467355455214407,0.025051191303452014,0.7452727035548582,0.47274454573698915,0.4132930322032552,0.9105592323926318,-0.019881359895797063,0.1474587893675876,0.24551100388865946,2
0.5149225988680292,0.9472471134179958,0.020965544743097392,0.42966038448355404,0.5376063955678521,0.2566018845782656,0.7429942548905908,0.4522842629757819,0.6099152499441687,0.6496557216994583,3
0.13511484794617612,0.9818452684434501,0.7282096468383561,0.5216204614429627,0.8218950868204928,0.2568824594901825,0.9868285155446674,0.3798125660141674,0.7120684280915379,0.6288830614084191,1
0.704226119051902,0.626022150073399,0.49925822507344986,0.5648626285639113,0.21211155785151997,0.051616483137671094,0.30461615735786796,0.37247109862733807,0.5880515269605111,0.7606429494647268,1
0.6772129375761227,0.8844724259841009,0.4549746056227185,1.5736425615951006,0.3240609323135951,0.9609591319195365,0.012776592195894831,0.9690949256660897,-0.007668298333126322,0.1430515814504802,0
0.49636168157954974,0.7329338845725786,0.938451637962372,0.5452831547247198,0.714018697489932,0.8746710869787594,0.5928958046718903,0.40040157793032455,0.8187097407768635,0.40661834131375735,2
0.11829571165517368,0.9840431095726043,0.7139295806433406,0.5178034517157086,0.853357221458327,0.19460949127284152,0.9589616609127213,0.33377318747675344,0.6615018246944455,0.672245056115317,1
0.9732139565983285,1.0000438479564038,0.6469897790364733,0.0070939914323620845,0.09544978930665424,0.2151942398309291,0.027804735340841803,0.7533853046738581,0.981536652815425,0.6969012291236497,3
0.5065183717402587,0.8465306437096861,0.8785378625459628,0.5398077781579053,0.7065766922341599,0.8379139109287551,0.4656450300655076,0.3121609409978822,0.6483785844742886,0.5090098612741897,2
0.1543697719558533,1.009258869752477,0.7433376147280587,0.5320795906619329,0.8576171942040987,0.2637573827073981,0.8986270309008434,0.3158646693214835,0.7013361613555937,0.701473249758118,1
0.5817236054480376,0.5128012869842122,0.6916312215404636,0.23099859379757137,0.866508866356132,0.8824840450190327,0.5164629017137495,1.0303892904093948,0.2914646661739606,0.055979944633038126,3
-0.18866071055289424,0.4181145766560471,1.0051258791846647,0.7154463921072928,-0.1463162712730754,-0.19813815832135673,1.0051353754394199,0.6467368524330592,0.3862774067285954,0.6698900438484107,2
0.35801267703500456,0.24194549612164076,0.1644979646246618,0.6576758631105921,0.5963809958521015,0.2375388194886524,0.6918653875506952,0.3211389270226521,0.14451184237923972,0.5446063171473685,0
0.9275248164225133,0.0016293905729742597,0.9129485214518941,0.45820157847911713,0.3121397522007814,0.23241308863597412,0.5991860856961299,0.5615460232480779,0.5511243352950363,0.21791224930569883,1
0.07972795182220642,0.8128726735848499,0.2255661551191071,0.8115752973866521,0.7768541453613906,0.0036443392748513187,0.0021653684737763107,0.6213449313087669,0.13237072166283848,1.0063786069887168,1
0.45990878472833696,0.9031886655858384,0.9171469590731807,0.5936100798382613,0.7105453128070035,0.8338935204434224,0.6223876135526332,0.36694056428659133,0.8190905319622775,0.4950075480472575,2
1.3401258272905883,0.49353808317544057,1.5298860897624333,0.3514163445040779,0.05342096123888396,-0.2235126595654423,-0.04665180863170837,0.853628721223088,0.13494787894875093,0.4055948547338063,1
0.8744753921105106,0.8062949268472898,0.7543287909730897,0.7919132791750304,0.9414386213315487,0.30190159247372095,0.34992561711891224,0.7523779754786185,0.38284245267757017,0.6696145401143043,2
0.6275278029978086,0.5876574208806609,0.3068779668697177,0.2683875945328492,0.8470175040895692,0.36626389061934556,0.3335828201639743,0.04957430274020104,0.2349626858541621,0.17809722350730864,2
0.05239800347307366,0.4503771281092141,0.42286272501533356,0.9972520950621321,0.5013173777542996,0.7729718265696954,0.4691518043838008,0.7351180392476017,0.6267660387431521,0.6521314137217951,0
0.5044615635804831,0.9963631992286527,0.17060657974515958,0.4232393324485715,0.8407171444684095,0.32258302504642455,0.9976137000706463,0.3927014378183455,0.7904562250123934,0.7668027049076578,3
0.9051845826180093,0.06779993053668261,0.2445993100833322,0.3899228799781745,0.12834235576580807,0.08244423523660768,-0.01497007065056255,-0.03251225192791923,0.3205952374866352,0.8759489967669583,3
-0.051488389289816416,0.652868576675891,0.36506743675319225,0.9784830401144656,0.180628247997917,0.9462084794122588,0.2986839170232034,0.4746089899874022,0.21737925748414216,1.0226913975880092,0
0.8916700745402085,0.3415027546119687,0.7212878713111699,0.012930200455084619,0.885472313353864,-0.02229844390407204,0.9203714187506087,0.6730674365994811,0.17792998661220183,0.7805722322059426,2
-0.00013865278013561189,0.594171073729315,-0.01906810757188547,0.2244951107249047,0.9045450032594389,0.4105911615166765,0.38279467681190227,0.3454826046326685,0.20269139650706416,0.3247846421581102,0
0.14310884610320518,0.6829566814233052,0.04024531895475137,0.1744591443799699,0.7242850499348921,0.5959925742404814,0.1921564514915562,0.572758663984297,-0.059389122007189515,0.19986958002463723,0
-0.032945771795587594,0.03486461492190239,0.5959446515796687,0.738704188664772,0.450399251539797,0.7186245797416375,0.8671445755155281,0.7931504751791072,0.4900944016363955,0.35096833703741087,2
0.009986115373606247,0.5847547496055379,0.8542166187404613,0.1503268706959855,-0.16874510108677787,0.2883930484634886,0.8477701035265113,0.01085552550300739,1.0028534446130428,1.146974063514269,2
1.0127692067785212,-0.09637635319568594,0.6301574337654343,0.48001917175274544,-0.2957045271414422,-0.27730237940161345,0.7015109630483832,0.4739825067997774,0.6224090308242961,0.40910510201388484,0
0.10684745637461353,0.7069765274593922,0.9342463341327614,0.15345644014885035,0.36470314745971766,-0.03586713707463035,1.0016311705043437,0.15029784172381605,0.6584641817916641,0.511360029274373,1
0.7068949221418307,0.11933341798687147,0.6626189220549114,0.19454387074409538,0.6068764953370922,0.22181039681301717,0.4538230878648377,0.1934180156010865,0.7056306080743535,0.2928165353950123,2
0.9184554281241444,0.28422300870688666,0.7321364746089747,0.005992803757614958,0.9238949941882518,0.011554647351632582,0.8964206627346132,0.6622673995225327,0.26301580058235446,0.7701360911000025,2
0.7885740854760116,0.5664845487542942,0.7979630929600098,0.35326732898750113,0.6519551509734994,0.9483687271792951,0.2954213192487764,0.18508932332111896,0.19654171983421123,0.8813776435293682,2
0.42388851668233524,0.8249195214302625,0.052789056318705826,0.3076089115705288,0.6566537113406928,0.17762957204031607,0.8919500816193652,0.3463823816269472,0.6757785490000994,0.6202556050726771,3
0.842276370643959,0.6123598924223913,0.7637100738411147,0.3753914250033254,0.6263724181162643,0.8833783747799434,0.3516207878174587,0.10494000157582332,0.2392400410214163,0.794635526494411,2
0.8404574514881815,-0.22829698837786927,0.5778730632579656,0.4397305448215684,-0.1931968072284413,0.4053942954867871,0.15372213288340086,-0.19394559238317902,0.5858317108248128,1.0499087582870703,3
0.07434424993589053,0.11328928317039513,0.49055413172048734,0.5089433360727845,0.8701147623801079,0.2964976126056147,0.4867251600184666,0.6967815619761721,0.3796033783257969,0.170387304088789,3
0.7391370074234391,0.7524544645733295,0.09846694379150067,0.5572306607525687,-0.15384295272799164,0.12799701541170647,0.6476592561963397,0.5405317484067879,0.6910121322270762,0.04473500288714488,3
1.0330468725797366,0.5404223030474946,0.7311843937584779,0.3817358571848734,0.3192012132871841,0.7746398990845251,0.22871206564544244,0.03537442201394199,0.7560228185649559,0.7609505155354446,1
0.9163652778424808,-0.22750901027354542,0.6878441653829993,-0.14918482125904153,0.19136240630926935,1.0171136301492827,0.25504377181001914,0.7698432683571252,0.356720939369065,1.1371815288841591,1
0.830644254394716,-0.26613447026519615,1.518085244082759,0.3628170784552332,0.4127093528095988,-0.05409558483453086,0.6047645163997977,0.7134502812004699,-0.059550050318954606,0.5218840615524525,1
0.44532857647576424,0.8087853318109681,0.07398675011809333,0.3152900692275114,0.6308165743868634,0.1566868902215378,0.8920268060529475,0.32773084076435677,0.6770240869477085,0.6028563384390044,3
0.972281473987802,0.1720648702782172,0.908070539141532,0.2731220336448643,0.44908857609863206,0.42778800547472634,0.4865260572865847,0.5390431394127875,0.45293243020690876,0.38741255032210736,1
1.2077264225064628,0.8158255512671382,0.6918069945192273,0.7768787479398799,0.8204869405720042,0.1853536019740316,0.5723090794928067,0.05567924521467364,0.8168920653503087,0.23579540811988084,2
0.9785378128329111,1.0035524338204584,0.6277640146732845,-0.00693770085280908,0.1090760472139892,0.21373196907305206,0.022299790491687108,0.764091118940054,0.9650710646471691,0.6823667964334708,3
0.6670983418730292,0.4894997313962472,0.6013483524460794,0.6879163691653224,0.053298021735935015,0.5055188604161217,0.7446528687114743,0.539455350823357,0.5505152542339601,0.07321669481240614,0
0.542882163840255,0.27304977711193895,0.37230089550746565,0.041650744704270375,0.1551965869324402,0.1777973843508596,0.5357375364617397,-0.0035225103992267536,0.6529260182616687,0.35996846353883044,0
0.17416648524988299,0.5476778590034349,0.7434882746729733,0.022942215943059927,0.8398238345421802,0.38286554136967776,0.7036823460002043,0.5096886617119204,0.20459884372069032,0.27510860135426257,1
0.13898682270279727,1.039468846843535,0.6555959673647309,0.5526160656156517,0.9110265238281335,0.18304763697824927,0.999593238391068,0.42361649998779094,0.6516755859302561,0.6276987804252393,1
0.8460503247204838,0.29722363670267304,0.770126703035832,0.015091446575464344,0.9449432664894719,-0.04436050650498167,0.893314466205526,0.6777251838543347,0.1941935446253173,0.7896293965086532,2
0.47506279849053057,0.361149699532228,0.7920500722505028,0.5821969008920542,-0.1548622685713153,0.13350822937766693,0.5257622940960085,0.6134404938682942,0.16642873822052862,1.0109508436442132,2
0.42554071573837643,0.8443848728109429,0.01822150506658611,0.34862817123879786,0.6422435042880731,0.10219045801402714,0.8596115539787581,0.41573773492655786,0.7019892980012086,0.5668058319039433,3
0.7473374684620275,0.6174882243905275,0.8609914517728959,0.9660137385371155,0.49029378645725974,0.8544826292918132,0.4924830728034887,0.3817010051116164,0.17275182832181551,-0.0985371117805188,3
0.07928125130896357,0.15973218259544286,0.5015452215210394,0.4914819596389122,0.8593290261529669,0.36306394780938567,0.5146252240961541,0.7224347006725859,0.38877618898330596,0.14316256848817677,3
-0.16535197763891554,0.861900931821557,-0.18545738489965005,0.5885650199963486,0.7181489115259543,0.3353521906558509,0.30568204184849934,0.4020951924334748,-0.10755655256062141,0.6594203088538535,0
0.35073010310621694,0.2668783559283415,0.19626083883686873,0.7230745445845459,0.5008253767908472,0.4141754189169422,0.7828487264029237,0.3051951278529813,0.09548477978779871,0.7049917826962824,0
0.9562556361146253,0.8428740675264011,0.18881356199453952,0.7385608447315823,0.5652762293203745,0.40717362996559014,1.0269676499404745,0.054586181918394004,0.18704490086749181,0.1651699015333658,2
0.8429270817951481,0.6274639469616594,0.7171379149797711,0.32548957930006456,0.5741009488208799,0.9178750715504643,0.316591483466057,0.17674583570642163,0.2445492755846533,0.8563451383166033,2
0.8570332096037248,0.31603056059208606,0.7000618891951798,0.032002117926885655,0.9079576859845145,-0.0013069335253875318,0.8890819963099607,0.6670801731627547,0.20983885582474737,0.7618829904771286,2
0.5303512542587706,0.8867240967240206,0.8300869418512656,0.4895410491417178,0.8121442513898695,0.7663519468524539,0.604034613956147,0.3541781921367335,0.8053557030280021,0.45663631594367976,2
0.49957151090094876,0.37601380965032516,0.17116463589182898,0.8892063097903822,0.7238645840570486,0.266713065680197,0.9679607604486764,0.35622558294245155,-0.1284883094474106,0.6751727637478644,0
0.8119481242158723,0.5467805374739048,0.746625458759811,0.39391889045177647,0.6037192411291195,0.9735375323506174,0.30650041623279467,0.12018191828790917,0.21398076409971611,0.8460143140990991,2
1.0656915950058659,0.6285049118345281,1.1887906499331837,0.5686099351539201,-0.26468284718442087,0.6585272738834834,0.5676812694882553,0.27776300577645574,1.0704876390895313,0.6314470653585935,1
0.806006956410677,0.5870621784572327,0.771067374863671,0.4456831800485024,0.6789011414778228,0.8836667738429873,0.35674298667213056,0.16642326503066368,0.17581746826537825,0.7866791915914134,2
0.44894482188698215,0.6650376116229922,0.4323780297465157,0.21750680101109565,0.1474049051327381,0.29422204511305206,0.25265526277339606,0.9235192392221964,-0.05735985563911383,0.27237105012687635,2
-0.3946025058079679,0.8360417359045393,0.4106280183725116,0.35000511358745523,1.0367273365149845,0.6550237745536734,0.6512424968752408,0.14985781686990796,0.336026471442999,0.18333802019157472,0
-0.0041688978734811324,0.2738206244964746,0.5417568459190315,0.7940948393000787,0.2293865762563032,0.6586221414742274,0.49819742699521,0.4444081297287598,0.3039417178328205,0.8465780953781478,2
-0.24319702185876546,0.6481546291558089,0.1896575587653236,0.5577601169033162,0.6583404913995842,0.8916242062293095,0.8477108269112619,1.0460684845262318,0.5021382349207928,0.573496212936014,0
0.5580745039218618,0.3420349516994487,0.46984982650068213,0.7467620058865304,0.40803123753799553,0.7825542152223978,0.9392037125530756,0.6461278801054418,0.3428453107859697,0.7963849852275812,2
0.08013714623966645,0.6176217932016038,-0.004483699293823223,0.2648338549352761,0.9187535409801193,0.3870199943345237,0.3192486685313158,0.31063264080479996,0.17281518796090325,0.38252709295504006,0
0.657344252995438,0.12294853241904427,0.8847964966965477,0.257328904656555,0.6318587031199997,0.3854682497323664,0.2634743649680941,0.041650342800985084,0.6019135640676117,0.6704870712684131,3
0.7782722509867134,0.1164678592805594,0.7501769409403173,0.22024701170057717,0.058036014616263266,0.9607639065148548,0.21670415504917323,0.5053641651627586,0.15443604914692988,0.8719477559234105,3
0.7253882990971644,0.8063037711564184,0.6548891269161763,0.7508883153390185,0.9714923227088084,0.28753422043254623,0.45610826192497667,0.7691872435543567,0.29895608789530215,0.746766256066154,2
1.045625420942154,0.524648451698104,0.7565928061048143,0.37070608913845676,0.1365118418387907,0.9422296261148284,0.438923144045927,0.06542996145953607,0.6093592855541138,0.9222155893548999,1
0.31580485689446225,0.13521680211856926,0.6398160059949736,1.0972094784299589,0.2213146069974627,1.0665075172945175,0.34768214978313494,0.8457512025937252,0.7952324148455403,0.3775957508193604,0
0.20484942853542132,0.3869155604878492,0.6284561691933352,0.6396626465458533,-0.05163342639979873,1.129131158977604,1.3019501927972534,0.7474885703737091,0.767910510955173,0.8175153555056217,2
0.5735486095421319,0.3206377732901562,0.37317423829815966,0.6328253550975584,0.622505341414412,0.9641266458420794,1.1334063425958827,0.6729451267949004,0.64757888011274,0.8247403409593789,2
0.6524943252181914,0.5093816453241312,0.6053897079410415,0.6852387432839949,0.059225630801297155,0.5139122758369112,0.7465025370342712,0.5479703175895136,0.556954341202905,0.0699828796950653,0
0.4097562529760356,-0.045304981199648445,-0.1986001219821611,1.0078444075520703,0.23811557415327994,-0.05252469966175924,0.411564477592298,-0.5277333170410696,-0.16623994391322455,0.6984241456668087,3
0.4820351327536118,0.45412149061253043,0.8737609592611489,0.2399130499331777,0.7795928346249651,0.6818109201273443,0.5680626126872422,0.8531883164651329,0.5366352711131834,0.34528747256122155,3
0.01214040497835897,0.6136592962331562,0.8146976726432793,0.22693390292477686,0.7298539916097174,0.6791971228340914,0.531709409407137,0.08197843922639136,0.7787491469687617,0.01907017209938778,0
1.5467091418932606,0.3367774868930383,-0.26528013758459956,0.49636457826962144,1.1823147852945033,1.6253602527042301,0.3041494536277096,-0.35523898370162166,-0.49573351652299447,1.8523488533633587,1
0.7093663644557486,0.267088537255833,0.9244980185605295,0.36798770986335133,0.6892853621064847,0.3560338035098197,0.3313911639819374,0.01718728965376782,0.5602421256341871,0.7814172924315599,3
0.4362840038860517,1.010989185811865,0.7918010810913455,0.6250671095373116,0.6735058529192548,0.8898326936787265,0.5421069429056458,0.16791842362879553,0.7426188463021186,0.41997794987863823,2
0.699740644663422,1.0010091591680033,1.1967475101599279,0.4432390056221046,0.037412465975432324,0.43139327379966735,-0.26338192184355347,0.6132404223627411,0.36967008550784874,0.2499957031438513,0
1.447962386100217,0.899245218398816,0.2636604604338107,0.4326727733596202,1.2339620988328452,0.31314670863946004,0.7794752499219179,0.10973146812027869,0.6793342583127326,0.020171403126035478,2
0.4270374096855523,0.39742859345464393,1.0551189871337112,0.5515933889414197,-0.11561094504040659,0.29240710366108114,0.6224484103968361,0.44841587470214805,0.1854648856519711,0.9075182713274117,2
0.38529952458875594,0.9418976952758606,1.3005408564317338,-0.16366082700256945,-0.6088411286157811,0.9803103432553943,0.35654206021458174,0.5136537407853632,1.467672794848624,0.501435193742263,1
0.4981127668491347,-0.11051004546301682,-0.12407824020882915,0.8092499197068058,0.9037020890302042,0.3354743742338272,-0.14723761919059902,0.4519889812671919,0.5460726440561264,0.46280998248361427,3
0.6704363656203869,0.6057173415154167,0.8874672518911563,1.0615510404650481,-0.05224877129832693,0.06068054967954148,-0.03006964809957468,0.9591514192406744,0.0628084188234689,0.5318702755434986,1
0.4492992952185843,0.3158904441704585,0.5561782052797756,0.6302870827418258,0.3041046582903792,0.7527005017394297,0.892192955185876,0.5166921010127751,0.3738759887727734,0.7761506740761477,2
0.2521688938085492,0.2814843341308433,0.6149966049973582,1.2528929325252256,0.7437284453637467,1.148227109397969,0.36253158477976233,1.0511716402479612,0.8479671575019752,0.8651932074135394,0
0.8432871293478743,0.33815012735260586,0.6864425531578777,0.02033858419980515,0.8675822368470941,0.023803348195775537,0.8558488106981557,0.6693683995297267,0.25206987989990337,0.8005186903991448,2
0.8986001727846431,0.1769779945123896,0.9823350722808962,0.24998564596853973,0.3857368193811891,0.3436792251566977,0.43713861877400556,0.6495913083601086,0.5038645702901321,0.34941073658046046,1
0.029600947642069837,0.6899478661064496,0.03066733505764938,0.24414843836604372,0.8557407484118231,0.3786629772744148,0.35270817398821513,0.3690102474168394,0.18865284725159745,0.3878753101302215,0
0.04487413250605006,0.3072301019280166,0.3779217337215348,1.0036352644824336,0.47433472526316606,0.7517900551520665,0.46610260734765485,0.7647989022424424,0.49479370062152134,0.6938540484012634,0
0.9741831138890836,0.9992363778489345,0.6464793095800034,0.007825435546057816,0.09501467367899226,0.21601565621019647,0.027135818370506222,0.7539003686526706,0.9815674502741354,0.6970385803039348,3
1.0598551925107367,-0.023853466456059146,0.2834751923172168,0.4308640470203353,0.301271012314305,0.10198792371398076,-0.03717824134153025,-0.10869077813102501,0.3296841051334619,0.8386577254372559,3
0.9727122277275893,0.16075488014367462,0.556372618442734,0.8889319280785705,0.6799782858219864,0.84597653813226,0.22600893186348012,0.9368675417639983,0.6549734439144161,0.23892924721786613,2
0.416241091230853,0.2661826166315251,1.0045368243057469,0.4124926901822691,0.696895376254677,0.217623844516635,0.255706226237146,0.4224198222181223,0.7808901332053244,0.5312486913536775,3
0.012811343784055667,0.6181182780085603,0.8173718313320713,0.22424156829458486,0.7282490671948192,0.6841663602323427,0.5291090705162397,0.08521858624494107,0.7827345400572483,0.019323809263131264,0
0.9333611797287121,0.8255554813818606,0.5974449297559047,0.7465700671748657,0.21321665312933985,0.6034243537958359,-0.09198493703834246,0.7003758037910309,0.042298839305510746,0.5290835874938598,0
-0.2562970709112861,1.3803211950831393,-0.16604016109780412,0.5183126518571993,0.8074826502402743,-0.05882394446001232,0.5055263802534774,0.5154584033664164,0.2075406099769857,0.563082331491707,1
0.5493196456726733,0.42656014777587375,0.4338539188786551,0.4475237763542954,0.8202531121229235,0.17105951759285087,-0.36015617610037076,1.3196413051238165,0.11894644731827687,1.0927746185497056,1
0.7712672820652434,0.9493969480267985,0.8817268633078974,0.5981774044101674,0.3990660572005692,0.873879256237882,0.25446028237071255,0.07409132397413179,0.6410289046419694,0.0568568622699565,3
-0.03578370313218995,0.5725848006583687,1.1885074975312506,0.6283901377222281,0.9695398608282191,0.7149977544830464,1.4440084959198216,-0.05632595670232915,0.5386805161973149,0.8114659269416317,1
0.56140098777044,0.5295364359643334,0.19064689425715875,0.750062734155337,0.05144751744866696,0.24474178185350198,0.8873345401358708,0.35285775972172295,0.6669038407704043,0.23282945953899561,3
0.5593719609071275,1.0198445357752717,0.8261818064008337,0.4741678247812319,0.36643071286113377,0.7804867636233119,0.14131127061974497,0.3242027177125769,0.7179372170976045,0.20494730200149336,3
0.37735925210611126,0.3818427782815014,0.8864954173267273,0.5034012411986575,0.5290287717278334,-0.044405858161122275,1.371039992525811,0.5791293236540823,-0.06855864852171645,0.5457282521326815,1
0.051407030033498946,0.863008122793614,0.6552081891805639,0.5233281302034845,0.07034165808807973,0.6229748277794911,0.34812699246236756,0.41659795381826686,0.36212012341483873,0.6192873175251888,3
0.9148088291634489,0.9165049469385065,0.09515034362305286,0.7697129166167451,0.538778365546137,0.3289792598218712,0.8880209535774257,-0.00347159225567226,0.3140897603412434,0.3111985215290697,2
0.9749784557352572,0.9774164854126326,0.608287148462216,0.6349169978257134,0.7760662403844909,0.2554359751241811,0.5047697775550223,0.05269656939471385,0.9229418298374544,0.027292741716061608,2
0.3550311252485904,0.3005566576785217,0.12502854675583921,0.5726805261756079,0.5267063475549835,0.40486529805761196,0.7196588840507878,0.26518914576782476,0.06105813898132277,0.5551868382514878,0
0.7478124394917272,0.9981159234620263,0.7900275839228115,0.6602943129730386,0.32517130576736547,0.9011088574604721,0.26991727858011083,0.16847105585133665,0.5858747193027773,0.09095580290131478,3
0.466069443981288,0.14975126547063555,0.27591206482834896,1.0195394372047073,-0.016020467658571156,0.6148795793603519,0.7349315349005207,0.9676944850072908,-0.292662702719243,0.8488439059828813,2
0.31003057172232634,0.42921167250078374,0.45274087188096157,0.7895962347898181,0.4260630511552902,0.41819653940409496,-0.07043051159763423,1.0075452449471682,0.39596675702466055,0.19001954895057105,1
0.6038295755788992,0.5650169676978483,0.5783410738903967,0.24476138100843087,1.1974099876281006,0.6293563748037079,0.5775751123424451,0.210618576212109,0.36794717086214423,0.24776862315850168,1
0.7953930232974735,0.18459006283188134,0.3164703425569369,0.28249571959217196,0.7880226010973789,0.8965119967994092,0.7432033718982671,0.5431951003753304,0.778374232521762,0.10744010223532723,2
0.27640583614928693,0.8364537779393486,0.6881851857387941,0.2483750376208294,0.09012102081069392,0.8316054069618637,0.5659087589775228,0.4977529851240531,0.38979559339421904,0.3444831590026117,3
0.05090313263384261,0.6444235068783307,-0.060698654712326744,0.31466420815235346,0.7438790283884558,0.3225528492540425,0.4609693815994916,0.45687756308900196,0.08469912505917022,0.4339522435321267,0
0.8074263416433151,0.8313047869417787,0.7576877584059666,0.7807493696944665,0.908517297452719,0.26493292749039654,0.3651840089327874,0.8178078418013063,0.33486169621441947,0.6323886984131212,2
0.8671331089957277,0.7874769179425063,0.6866917149213574,0.5107973765657493,0.24735932268151836,0.7660380402351001,0.31137714067806455,-0.1826383080341892,0.3774218522577245,0.7879651104507771,1
0.07435578146920083,0.931025370996747,0.2951098253268249,0.8117317258864302,0.7443293699662865,0.06583944121173006,0.010974313022516727,0.778696042586224,0.19792590879487276,0.9604033148941971,1
0.19010466803468482,1.1246167532518543,0.45112647490997754,0.29348938673779523,0.6559807607965412,0.01880603358242189,1.0599290484861437,0.1730561839902744,0.6517824754558984,0.9323984388735433,1
0.1750728505678709,0.8573515113536185,-0.016025468949230126,0.21942181351591225,0.7447256552699919,0.23213713784495277,0.3094272053072595,0.43332654828963946,0.3189586897221668,0.29856424782428925,0
0.8644309747686248,0.3245001775870959,0.7400688620691062,0.05284607958515844,0.9205911492090436,0.0035120213253627686,0.8487526444306379,0.6381086799603187,0.24564423847477296,0.7546241174990778,2
0.8810590063589487,0.9252915884471188,0.09826144064667798,0.7999548506733761,0.5531964121490704,0.3390792532592098,0.8933574612137771,0.01324265877635108,0.2766000580252675,0.3269570188457438,2
-0.45321260192447443,1.2847539834703043,0.4478397365058546,1.5352872498658892,-0.50387032090979,0.49369276432908044,1.5953722254757257,0.4808220644824307,1.1219291495576766,0.6145705871313838,3
0.887960413255088,0.0748740395478664,0.8997619205764642,0.09248877145051984,-0.020216004413590047,1.0434148741413798,0.10373262538641183,0.5110993839004621,0.26954777741024,0.8130727730666585,3
1.5435192172530967,0.48306468354205623,0.9250291049910366,0.4688478848647062,0.07770513066507646,-0.33160733234503953,0.18350884509649845,0.5220202444166946,0.19841538740596062,1.0517988443906046,1
0.6634092651053451,0.06289052955347454,0.2732348842591186,0.02967969932160025,0.37351370771325637,0.26598998977536314,0.5223380298868444,-0.03508801215237936,0.8333146260768604,0.309752848181481,0
-0.012919901688293572,0.846312738593567,0.33726557613878766,0.7558387362906102,0.8061365152940609,-0.04484707063206109,-0.02291848351633722,0.8237752437845549,0.12960003525501063,0.8545045615806052,1
0.03338989283068533,0.8869407790825466,0.278782037932832,0.9335870125549149,0.7990774364115095,0.12642103568346574,0.03675380130243042,0.7397396368907931,0.1488877938394318,1.0267704421384962,1
0.995573488741715,0.3127841529951715,0.8941565155364702,0.48565390285781107,0.15272085045463726,0.8708583843923232,0.5224521418923266,-0.10212504379431041,0.8629568659875398,1.1860148605732135,1
0.043196577695587615,0.1411314721095234,0.575869144774775,0.5310511254800596,0.8814012858382747,0.32514399576900854,0.5741871588604366,0.7960414486437952,0.42714629740195115,0.17301648975669062,3
0.10580243126376013,0.853192719742775,0.7900490606201327,0.11992594087056563,-0.08148438486197632,0.665843088015867,0.4257272180834715,0.22305556525514927,0.4482372566121203,0.29236842589329787,3
0.5188452455790914,0.8370169713078731,0.9445364482391184,0.4986558442491211,0.8295222494684991,0.8572013606590377,0.4960421079344589,0.3608746891765185,0.7912620130601138,0.5115990045100046,2
1.166737769017569,-0.17473710632800823,0.49778960857614196,0.47083127323821233,1.228108405919047,-0.3913637453520835,0.1754352044481485,0.9405673891490043,0.5098132511207455,0.5871515261920507,3
-0.049797554991700216,-0.042412313808709995,0.6348019767421125,0.412652250096615,0.4975931217760415,0.3567226400887513,1.0950826861810734,0.9700305168905521,0.8727392041628519,0.4453868203873234,2
0.17047512875394402,0.5362197092091032,-0.07176694454030604,0.20943761004531314,0.7962165194219819,0.5510371602808666,0.5982248487090855,0.47115192609160883,-0.043884080021614896,0.5928071793259025,0
0.8860973910740163,0.30693610446050285,0.7212987320127117,0.030183725994902447,0.882942321035899,0.031210645158051407,0.8571717317507332,0.6765239947725972,0.24343891151533115,0.757201746781034,2
0.893312197970675,0.8350067806586089,0.048817301646190414,0.876073301860589,0.6708343378750972,0.24229175628455907,0.9270612900591826,0.04269636144368197,0.2191855986202016,0.28862034984697066,2
0.004387050226270187,0.3407940982660822,0.5394260479698239,0.8425032492000154,0.2127560517475058,0.6099212494329205,0.5995698300995225,0.49102433266783424,0.30383596913424105,0.8498804802213947,2
0.19475762966687216,0.679904864817025,-0.07161276837893199,1.0755084287775847,-0.13137204022613355,-0.05168614173575742,1.1897176132911893,0.45281775924054934,0.9766153253008485,-0.0985684113336564,3
0.30983596212363396,0.8040957792478771,0.736487684879975,-0.11863895438230188,0.9105161341691365,0.43581908817779347,0.8326977205027838,0.5386570678201263,0.220889479648342,0.2244691015807714,1
0.653937769082193,0.10960343108858178,0.11600602910513963,0.8068174138508415,0.8503334487488476,0.06068062174301883,-0.05545169053022565,0.5328347457975016,0.787712206959538,0.3823230425391664,3
0.4436393504741013,0.8674360883626419,0.08893671273823081,0.2595044964184806,0.7001968050354489,0.21263153088749862,0.9007401927005173,0.3366998491597573,0.6589661712892809,0.6428273488160198,3
0.377441556876088,0.7768812549166539,0.11739465859653203,0.2726631000305067,0.7143634292782818,0.09899156306166873,0.8211228918151374,0.35120243806705287,0.7032550826385588,0.5648985649302469,3
0.7656717835108228,0.13358550403201214,0.6713259582026141,0.15746469694432863,0.010813054564751984,0.9665650716679537,0.18556640617246878,0.5718639993468597,0.1802104156384779,0.9182191553424087,3
0.7716088845773915,0.12575497678633357,0.5225283545708547,0.19933948071246205,0.7558636696243891,0.1572540929167273,0.4763695670556495,0.20634408346046537,0.7077808895820261,0.21384518004922212,2
0.15225512742038094,0.747922326481528,0.9061020875150471,-0.10148796325575177,0.9172680057674527,0.4656820895506945,0.6707625548424575,0.4379217087666636,0.0018477299692870042,0.3108701946760634,1
-0.15965770732376033,0.03512059168428546,0.4102816859433996,0.4666137254677022,0.16972784341184008,0.3498702616885886,0.8418933353616433,1.00782576175646,0.595729150065735,0.26427391970015685,2
0.8708381928198204,0.2743733280908974,0.7225137154172949,0.026347912735147083,0.9252822944065742,0.005652892554970368,0.8610989081289112,0.6306699993472477,0.2598272885574264,0.749700232322083,2
0.8684863531985019,0.9742734509304188,0.5504661301314984,0.6120885387456669,0.8813323766340945,0.2857280821801556,0.5751326472678672,0.1301529339222093,0.7936023321799306,-0.09985195850567383,2
0.19398341280073172,0.10792877498752804,0.5155336501020753,0.5458571716226419,0.2890630117850421,0.5989035435037804,0.8899779120601342,0.874498606053067,0.7242669788428445,0.2710530241393283,2
0.7106170918357155,0.2687198235163952,0.9252099540837287,0.3840138576966456,0.7003962444267395,0.35760809345215966,0.32983752272476763,0.023023313698145725,0.5470838093349616,0.7884179930745462,3
0.023551976679336527,0.6845230043705371,0.04599457758590503,0.30442864342671405,0.83520057991729,0.40955713648506425,0.4073180551329658,0.27823257894150644,0.3051135851372455,0.3182007458844095,0
0.7762735704527552,0.19984786339065416,0.306857321510686,0.2578078715037928,0.7763412344356388,0.9094168305893091,0.7282631221618594,0.5426445720016108,0.7907225926411815,0.09622003306040543,2
0.05563203588463668,0.8658772803519369,0.30970296399369845,0.9618514723437988,0.6665525853994003,0.11698445656590671,0.013397553269943071,0.6688816208767147,0.2112397807996939,0.8809719500700761,1
0.9909135471707333,0.995634790861302,0.1656566524346588,0.752449021396611,0.6234011183594294,0.38388063519949767,0.9573332667005913,0.12856850868830544,0.42149261274721117,0.2414152599881026,2
0.2971343636383551,0.7840592731272302,0.8072979993934006,0.4163668255659271,0.9422805391245185,0.45808347308917885,0.9342670202216606,0.25812684647049644,0.8441037425748703,0.7358785873454725,1
0.4183816614789493,0.8195361789912858,0.0539384630133921,0.30397025958267293,0.6523666575497804,0.17261048347290694,0.8846956669715009,0.3454377515599525,0.676865539046481,0.6220269157202865,3
0.8948295216514297,0.23416691341307633,0.6741272688042679,0.0015162887715063286,0.9306041874392849,-0.03912041723464651,0.8010874499803698,0.7092945171939717,0.16521837233860104,0.7081885308931207,2
0.8172488626458734,0.8377277560703746,0.7487217541261074,0.8096655917383881,0.9010212685199003,0.27282051959575937,0.34038976757498657,0.7763543850033005,0.3089273702361718,0.607667006251993,2
-0.1901350291434675,0.15686897000734057,0.4622142400375756,0.15041559219996178,0.8618410529691714,0.45352017845952886,-0.14703733754214046,0.5383086230671821,1.1222863808208414,0.6314742515610101,3
0.011566912414492328,0.6115530421204171,0.812761086233954,0.2282241779985488,0.7313804502881023,0.6809895421086823,0.5306765413263379,0.08437975767127721,0.7811969572223699,0.019773373791678647,0
0.5670878029814683,0.5033454549521903,1.1405223514907434,0.5760509902706964,0.7596142683844511,0.3861638827895078,0.4497101943695506,1.044849743540714,0.8161801042150654,0.82754486082462,0
0.7130842999039197,0.26030163655278665,0.9160460615593626,0.38885696445818985,0.6821670654258858,0.36105880165573323,0.32234954706780133,0.028076511640736414,0.538428556455025,0.7957775610998257,3
0.06376252142564941,0.9483971686893187,0.5600901155581962,0.4650298071617113,0.9767637438599428,0.4640818935841095,0.822870568164372,0.3765952290719774,0.6127142709535,0.9139866672495894,1
0.5461769391002446,0.8435472516317813,0.8938509466827352,0.44542557723505904,0.829050519467112,0.8204254180386431,0.48969537860343365,0.312163791124529,0.6780774869067091,0.4671852309525683,2
1.050738614370885,0.8235524051801527,0.09272846546024574,0.7642237344233392,0.40749295735240987,0.4743276419195782,0.9022832138718041,0.1306661192389343,0.15993890795558552,0.2454214003719917,2
1.4327252816880272,0.3621933990336696,0.7603432764365416,0.9823552883499378,0.485937124283526,-0.040175272247407356,1.461769667449866,0.9695277978916442,0.4260354948820423,0.0856666916710781,2
0.5751794626258497,0.26234951071748025,0.079317383780107,-0.07834495557477854,-0.04880373128269011,-0.20915175386965928,0.596840459875698,0.15189012066488108,0.7012274871890258,0.0022837915547962995,0
0.41881344654361835,0.815653887861445,0.007972785419384933,0.2940824624813195,0.6394104263325705,0.14140462536352388,0.9115080092590125,0.38954713106709427,0.6519516499920303,0.5994929784652373,3
0.8311708352069678,0.7649917910304269,0.8904604476444113,0.8762611845360307,0.9511025391009198,0.39315021323519217,0.49720315518524577,0.7770206627636147,0.4334825577807046,0.708417833230593,2
0.3882351943326369,0.26507890662428635,0.7890378309600675,-0.04968896430115405,0.3322143086973979,0.9157657165967504,-0.1511960542135392,0.22417261238392117,0.5249937640100066,0.7175035209660636,3
0.24077373573218985,0.29757673080943514,0.14552249449971172,0.7421736840594763,0.27532851341819736,0.35466854516513946,0.598221088323118,0.28718294327048466,0.6973726237553747,0.1637564614103269,3
0.23113306517376664,1.1088822292572547,0.6854180954618961,0.4364238521066373,0.7914095352660129,0.1637049008577759,1.0178537048858574,0.3017749647059582,0.6216622998620315,0.633251836278529,1
0.6687545560854162,0.4916679960061561,0.6028832346539826,0.6735723538843756,0.06420877608116347,0.507464789402375,0.7468611225762234,0.5336099309383336,0.5460236592176924,0.08592655867742245,0
0.6494581054172046,0.6657261822544146,0.505246659098358,1.1444527064228114,0.48484230353384394,0.4533513371088212,0.5919869262243382,0.36232786954234275,1.1911279204513434,0.5524978874086152,3
0.8057660465495083,0.5533769941465184,0.7577194250478697,0.3968582010832733,0.6492613819455716,0.9358238179791522,0.293357672308492,0.17267459173555783,0.182783244503823,0.8548607888456328,2
0.11550718920186763,0.21240592093191696,0.5259444574182202,0.570742654284957,0.8738880174476258,0.2863956144805401,0.5108564222513324,0.7268397070836914,0.43409167342600546,0.14243206174681908,3
0.34408594465186987,0.14741065008988208,0.049922918594926216,0.6934933510999063,0.5983044012549013,0.34169196753722697,0.758827438472219,0.2698276665005361,0.07709322811965554,0.5570580602152254,0
0.9707407814157549,0.19782808951878122,0.8407345557247858,0.3698686543175189,0.4368401255877071,0.4560957107952895,0.39191414969827787,0.5554363545845623,0.3636539568893269,0.33986579433136727,1
0.8817463794638277,0.31259102612402223,0.7086596651078529,0.033443342479731804,0.8853654976688222,0.018035665471047038,0.8685929909076312,0.6653869908179266,0.22585433726430132,0.7577291812316845,2
-0.10534837910395456,1.2918088508372751,0.05636397600035847,0.32780435716542355,1.3258983394881545,0.25076549703004336,0.1519801587026292,0.6408684022502573,-0.0027970275086099117,1.6483658310215665,1
0.41897136823069087,0.8213835928800891,0.05448993077740477,0.30675124396673265,0.6540499121126252,0.17043276213480074,0.8822592224717966,0.34799248889199264,0.6741814362746403,0.6238137110321034,3
0.3304624783315304,0.5136863663196767,0.9456721794238246,0.5930349131301216,0.08732324454342152,0.14161385680062968,0.9645525806233529,0.5396022090429203,0.4087804128489487,0.88737256743279,2
0.48497517928407086,0.6611648106898647,0.059519175088733056,0.6525877688610049,-0.14087815986501637,0.23997053188288434,0.9941005585806155,0.41663837693362815,0.9636022197506078,0.30031284550884013,3
0.9057375764113031,0.2911359119934645,0.752410502892586,0.0497458671070627,0.9209732508138859,0.008809611415926975,0.8502641541719614,0.5976346606639845,0.24559038591041343,0.7190131745519694,2
0.6635302825343978,-0.11627698579535983,0.6319001941402606,-0.12048650930893978,0.0885039639017584,0.6318476426931021,1.421739743787017,0.400014192553806,0.9274055849017784,0.08065984145732413,3
0.7906219938072417,-0.029693705260616335,0.6880464147920937,0.1524679635243703,0.0740001179550701,0.8896045582950602,0.2060364511514548,0.5442126607658153,0.10504537316269578,0.9109209421256043,3
0.5078807183443199,0.8219449722541974,0.8807766364976469,0.4847063355178089,0.7618510759656328,0.8234802435085061,0.5390216082090671,0.3611187441277713,0.7337037541004994,0.46184164531302463,2
0.7729107069419465,0.6752764031515213,0.3774898588429635,0.7516179600534278,0.10785666967201842,0.025660912606918197,0.5630838853249591,0.24353357708250906,0.33789144619651396,0.7380720835026826,1
0.6144569445168585,0.5783736416952885,0.8456605444173353,0.4487567945931983,0.43136193330256184,0.5902056241277807,0.979747202081191,0.5218935362328877,1.1297903872295854,0.260059492256025,3
0.6668944701738114,0.286613049199744,0.011378993069903254,0.7340690145301754,0.38155357903959564,0.2834758105865856,0.3815335631766915,0.5663742598418379,0.14895884743196963,0.951355961365996,2
1.032631515727558,0.08120868387545363,0.5596281191198018,0.936894240133105,0.6507774895502751,0.7963055342104959,0.21752232253301923,0.9914777111084436,0.7478617963930986,0.32120353289082315,2
0.4147138224263819,0.0975995636798338,0.5398373352012988,-0.05428873810388027,0.06313901054409579,0.03181658718107136,0.6745194581673152,0.186133585350205,0.5516370385039406,0.23585351723853173,0
0.04757803166889615,0.15090337516614746,0.5294235094024972,0.49939170552089696,0.8837798808485503,0.33351946512482555,0.5045914646614551,0.7462311644346369,0.4025136775762937,0.1505044071505878,3
0.7606990802528316,0.09298786717024134,-0.0356407423268557,0.8025378123731108,0.8956113924501258,0.2078886923077892,0.042162439529297574,0.6350386792410601,0.8526417794743808,0.3782258650161144,3
0.5083108071901498,0.7318147854961456,0.13976987024650936,0.3492631221577162,0.7012717037348337,0.07457568959398618,0.8124579351539084,0.2402480024901156,0.8066972004648332,0.5429966408921384,3
0.08473459852445693,0.06482531883658704,0.7464015022729907,0.3192696880655297,0.012051343661497096,0.38408610921939584,0.6144976128398189,0.4535767620383224,0.5738224954021001,0.2522438539055594,0
0.35530695019262154,0.042950450282125185,0.3147203275141002,0.42831035253438393,0.35805681968820924,0.1110823510853246,0.16401063613869582,0.935673435643582,0.8511559027197995,0.7785459722937175,2
-0.01662161734852108,0.7852890158037981,0.38309902983472555,0.9579877605884755,0.7282627478915604,-0.014287904405992438,-0.03816534481640911,0.6770099541937893,0.11404482466453317,0.9648096761267423,1
0.5081017109444756,0.7831382739198627,1.0098647458312595,0.5402322131381703,1.1288644586732828,0.76799424344163,0.48503421293449944,1.1718947355336526,0.7401365584026036,0.2660748240500286,3
-0.01290966169868965,-0.0026569165615628054,0.3984081459797313,-0.04370190567428503,0.36750796753179277,-0.33124048722425525,0.6573988043947108,0.5226641193779904,0.7056576006911702,0.17309048509501726,3
0.9893186251451758,0.9953335371298798,0.6497746470891717,-0.005788386091791227,0.11113927839189804,0.1968609135550929,0.017183275620116626,0.7589864521526091,0.9657760532514039,0.6961462578792069,3
0.2381488847646413,0.2830540198196507,0.7264431081236143,0.6036795466890498,0.10637150203971354,-0.017476139662049806,0.4926259658411283,0.5189403028290209,0.5963457070134897,0.9128569429725213,2
1.2263769657049346,-0.06840102378534707,0.28309524916963,0.11076219490245595,0.2519394533104631,0.5231831192534646,0.11526145613556388,1.2042607817407118,-0.07216731670552012,0.5157500351393984,1
-0.2252894447548125,1.3421501135690923,1.3787004238702127,0.1569447196279496,0.6761169715878363,0.7457468838588912,0.7380125947454261,0.9909480765610774,0.1271715125685339,0.5642142528976409,1
0.6724918130102492,-0.1546352797999914,0.1191355971946402,0.9977214368286305,0.7798734798499205,0.16411741958654896,-0.19477870239645226,0.5497211037203458,0.893453100766437,0.29379968700587256,3
0.2601609884405898,0.7149437104892051,0.2427371700441593,1.1288181012119347,0.25610800264579947,0.49923235920558445,0.18636274769789923,0.8874864049216644,0.181967428914378,0.33532129179815096,0
-0.08248548770853678,0.23987525133597293,0.2011516294697456,1.2138316294200213,0.30299844803896014,0.843562110986558,0.6021085227392615,0.42932578470961064,0.4878050275278487,0.5788227308025218,0
0.7456691039729682,0.837315396478601,0.5064767044728775,0.896493292298624,0.6507889557946253,0.6065249772582841,0.41796783721238756,0.7941432381580413,0.7115437520631653,0.6674495408707642,2
-0.35547777405743447,0.14346989986756514,0.7686245080618113,0.5558533660791591,0.32276357523927435,0.3823543497540493,-0.012990040765921473,0.13814779007194744,0.011656395513570783,0.6536255525708305,0
0.27563271915157794,0.16357765777665323,0.533495904296881,-0.0075965692044801525,0.49504230819696043,0.5168721874494893,0.6753432559193228,0.2512793595833901,0.9172630515363613,0.11203285227613646,0
0.8031068927350126,0.5865368191398349,0.7742727047563283,0.38248241943091915,0.6389959667314247,0.9312075091814842,0.2805471078868874,0.14523483908011228,0.2049991236124397,0.8512280552509268,2
0.5328084740002659,-0.21316295549088285,-0.28427514554718986,0.5124538912323111,1.0172861561954643,0.35807851385306855,0.43809982609366144,0.2606351103231702,0.4750361406091591,0.4006414538956134,3
-0.09197066070134655,0.40002541705607525,-0.2043687801692376,-0.3256944946770972,0.47364235991607884,0.08285979154783202,0.3545551090433132,0.3070255262889287,0.1934137575761359,0.8324022346401829,0
0.6253879859623773,0.4655013433960744,0.6706041640697364,0.843389209028166,0.6784077080740356,0.8818146446752859,0.7403450721711455,0.24549339100330597,1.0514578998881157,-0.43567980328743505,3
0.2755694697599013,0.3088785285821043,0.9420607486933327,0.6644070832123515,0.0439067466278729,0.22494502570758196,0.8361603457721071,0.6986389978529092,0.3349447279294578,0.8938666472997454,2
0.7165844838297547,0.7916246305127452,0.6245671581194496,0.7500942932327673,0.904440086535292,0.3257865758277113,0.39051245126359607,0.8947178180404346,0.5011178500041782,0.7145879139778611,2
0.950474002932952,1.0170614694570426,0.5752963612604206,0.6371246195018628,0.7605313205655551,0.2303320972302546,0.5079586660836239,0.08248636714265883,0.9589180801571237,0.00134805423721188,2
0.38713119245960936,0.7909996575287775,0.04517528187701737,0.3269906713177485,0.664365431365556,0.20787535016686678,0.8882956494701183,0.3117825591595313,0.6961577526086042,0.6289904576859022,3
0.016840815441295405,0.7524060872453823,0.25864626386547773,0.0052758525898597974,0.5723502099618291,-0.026032665084256668,0.7340431857693396,0.2764855977366521,0.2487684328579005,0.09350602914444256,0
0.06035944033431631,0.1541415487392283,0.5234228795994962,0.49726618074844764,0.8764633156242609,0.3421105923564066,0.509238295477371,0.7384434505207493,0.40255553017339474,0.15418373003761543,3
0.5920804890191036,0.5688295164017698,0.279800595255344,0.27894232934098107,0.8324448056965701,0.3285549768707488,0.3611278913856956,0.0833488497281468,0.22638169376448083,0.22139786595462335,2
0.14555489044373224,0.8374199346292825,0.23451675362374913,0.011769492888818567,-0.5809710067397674,1.8404249557817982,0.07256973756588331,-0.25921648878116954,1.1415581359244706,0.13508842783528346,3
0.2921773421584879,0.36523799042159594,0.9613408621319381,0.6737059233100018,0.034087829097807075,0.2147088247864778,0.8037699385829312,0.6186571683203038,0.35825555301834117,0.8009491924957906,2
0.8588920968579389,0.3145024712015607,0.7264875463291957,0.008785780671945378,0.8900407819808388,0.041586747568680624,0.8717769563657429,0.6867900390555353,0.20679840384581205,0.732455320847091,2
1.0129463087798618,0.8345218973714128,0.8281143743682329,0.7330426947982943,0.9275784564484599,0.30780566099202183,0.6900577054071957,0.10886532754358506,0.8253150911498383,0.09264004421003295,2
0.1715589120632935,0.2895242000238669,0.5959410445362725,0.8562260526462728,-0.23985165940158337,-0.1091579987352525,0.9657335505644167,0.6891477180384882,0.7064447523426567,0.33133102602330733,3
0.0016149192476008142,0.7889098950460146,-0.0619832993269393,0.390921800459013,0.9810840831534134,0.3664958850899763,0.3257764668162214,0.4911215960386317,0.1845423575845751,0.5601037630471196,0
0.8708594789634279,0.6623156760395332,0.42906073407665857,0.8200592222807885,0.09786129772380556,0.0057951481599050544,0.48669773055692667,0.3025355145031012,0.4433538279504154,0.604410794347086,1
0.8406415643260081,0.6121713606481481,0.7771355787587536,0.40726325823513887,0.6662973859920547,0.9700169804577613,0.2946003430535892,0.18181799537456825,0.16803613105216827,0.8347193048987376,2
0.22564481030212194,0.3312618057811185,0.9128613074150156,0.743735569538821,-0.10060286767438208,0.2085338059282151,0.7392370116779687,0.7201472316681748,0.38435947244378393,0.7777187573019422,2
0.41961575809905793,0.4774892749958786,0.924923704668005,0.1991990540972174,0.8174846888109076,0.6372851583931722,0.5334630752117347,0.8761845456436579,0.5094355425851262,0.30106515483152074,3
0.8228767050217266,0.23647985034398,0.3269979761814138,0.20214192484739069,0.7738938236810302,0.8992749051140485,0.7332441652596684,0.5394885656369741,0.8248846443145442,0.09973567459710936,2
1.0062161557731222,0.6264938217917448,0.16449766747776529,0.1607656662746346,-0.9212592244448159,-0.0050812802329105455,-0.0944043874899907,-0.3638070949440794,0.13805049543415504,1.851628754233342,1
0.9505334407091374,0.6957064746427415,0.04710952308707628,1.4577370860185308,0.9724399432589081,0.062240395214874344,0.5938252172056753,0.2004105631878959,1.376801845970633,-0.0930609945710884,3
-0.12632228897234996,0.5361151661814691,0.22044883273604587,0.27838239352383515,0.7861245282143425,0.4212880473491236,0.3260327496387978,0.4800344467519355,-0.022133260530956572,0.45951574204286927,0
1.2277670957392326,0.8721040812958364,0.2987344125018915,0.42183249943040785,0.6625364302071328,0.42484594637287637,0.3968153695926007,-0.07036862328126259,1.1875110611454471,-0.08517095036729977,2
0.23132370594499813,0.6426743745589997,0.8164718686687584,-0.013318073364126777,0.8259005259651163,0.4004184926284546,0.7129288728855253,0.591030155042561,0.09903824788332931,0.3014402898905168,1
0.05429079877233071,0.6770298122992715,0.03962131834904566,0.24855471985417607,0.8545946253025459,0.40254812313150196,0.36229538122099697,0.3582905542172231,0.16077047949717255,0.3973476834933078,0
0.2918855593461066,0.9774331195758154,0.5639130381827575,0.8036713603342247,0.8925436275755781,0.4554247490615816,0.8255486502640568,0.0883160321234091,0.6760472597216386,0.9792308698830304,1
0.9761711444793922,0.22410414413879587,1.0642136597671996,0.9347649101786657,0.6345295918429074,-0.5331475052897975,0.07110418769425114,1.6489922943154032,-0.43795886503757275,0.12675192015308473,1
1.0537698087263658,1.4304987540040675,0.7856271531198135,0.8111185226998688,0.9231336981194209,0.5386047772347984,0.7148486157173692,-0.3075111254882461,0.7689780967390301,0.16201754735651672,2
0.8229978261962799,-0.0052489123302292065,0.770121013533823,0.3460424956776649,0.1111800846975834,0.8589723486552543,0.10914222770632738,0.6102022856821059,0.11704788986935342,0.9315938744132359,3
0.6091080279636758,0.9374791484878436,0.7225996345527763,0.5871828015799644,0.764943663702799,0.7431875371276244,0.47636522525984204,0.3463585770751046,0.6330298120883373,0.6010649185298884,2
0.5308311171292599,0.43056815893485106,0.9374631759015911,0.19594260152242726,0.7334664390586828,0.7347839614855457,0.5661694428846673,0.7354674408451044,0.5538566873794277,0.30493944279489826,3
0.5812273028408327,-0.08575399142074763,-0.03994107986071549,0.828062192026943,1.064980303434326,-0.0008567705947293003,0.029595410867312325,0.502728760718881,0.6513919079526471,0.450278715845236,3
0.5356034068792093,0.20926609201523785,0.3421430655416981,0.04908328759343816,0.13487701195771482,0.08643047707806607,0.5799809014488594,0.02829859239454585,0.6340427712042808,0.35101382594027636,0
0.05525059678612286,0.15429502070211384,0.5238213724783709,0.4951070880618571,0.8790369361269519,0.33710102745753223,0.5104456322909677,0.7370693431760683,0.3991806236942869,0.15564649462023847,3
0.05961886472658436,0.682102875052312,0.04497443089708966,0.25344868633700235,0.8527313010217772,0.39519763893009313,0.3644319140477921,0.3506380159971263,0.16737058338638466,0.4028720086974244,0
0.7661152091098663,0.8446240537499934,0.677734990757311,0.7901775374934511,0.9696229988444441,0.35254267026722835,0.41373108406714026,0.8791911224177601,0.35869869852603603,0.6694449183684994,2
0.6033703133467451,0.5460882402401195,0.3038263194660561,0.28639330877015123,0.8127609155339218,0.35611600273050104,0.3461130748507628,0.07652238729148082,0.22454205333457863,0.22805671070349107,2
0.70004646653707,0.26748993691158773,0.9140742084437198,0.36602241855132955,0.6820828730059396,0.3618267918411499,0.3434434977321261,0.014788884477577265,0.5534345406660571,0.7798561133016922,3
0.3890814341212586,0.4033522267561976,0.09701483838097308,0.7248858602377393,0.1902099940665281,0.4747472186632401,0.44391378133227233,1.0221774439802194,0.4263296829225755,0.44772267168891333,0
0.1681485804417506,1.0054838003869215,0.6608316825665399,0.30848674998014386,0.22546979849260823,0.8494859476503339,0.4741868334054915,0.5948268830332718,0.32532182870505283,0.5082406435190575,3
0.31624319779754395,1.5358570197400891,0.5454629596325513,1.232429162904939,1.255823381615611,-0.29449028511654735,0.3427994320905996,0.11100107397064807,-0.11584564399210373,0.3973750195835436,1
1.059092515380908,0.1124697937365119,0.9079187643988079,0.29014402403930245,0.42924072599256546,0.320811479370144,0.42422286868908593,0.5137181086309655,0.4702764155055518,0.3385515181973708,1
0.9027324614315638,0.33010845989450105,0.7195550209215662,0.04102158633514866,0.8708955007995383,0.028039435609909024,0.8807463526492545,0.6753066125563578,0.22378706330449577,0.7376408072820083,2
0.3483330239555946,0.07380795792828182,1.200601172372108,1.04880794607765,-0.0374310883412311,0.18984448918523802,0.7881635958454651,0.5086878734776462,0.5638804504392934,0.8321661734141119,2
1.2517021974266223,1.0699202472165164,0.8354476522163747,-0.30664814589448286,-0.0037719288214252134,0.4599933619226035,0.001703887756638378,0.7919072275044092,0.8743661628268224,0.875593653669592,1
0.6799352257096195,0.49275445984930843,0.6053843746531634,0.6857889685121222,0.06413832677790254,0.5251509926376976,0.7472773611052886,0.5531054992868583,0.5552047312505796,0.08031202932721397,0
0.09173509061289847,-0.5296078068578827,0.9304918262043992,1.1541192836225473,0.6482972070689879,0.44289038638786987,1.2370026688255433,0.19441874090507816,-0.2910630562428672,1.126683066638314,2
0.03844301607540394,0.49633515676651996,0.20365573113924754,0.5898571123071165,0.6743725960507346,0.6489021139171522,0.14685614109444453,0.5425274295567363,0.13596959043733967,0.65560530679297,0
0.9747440003503446,0.9785934722230525,0.6088910981685286,0.6330769984584517,0.7764602865833735,0.2555475159104341,0.5065084313694298,0.05399304178042125,0.9233871140652425,0.028755766971375565,2
0.889753653492211,0.9775293649277885,0.01488496475677048,0.8873019119307086,0.4974311553061148,0.3284656348323496,0.8965573482228115,-0.018833118005716805,0.19943342391317354,0.41677647619061975,2
0.4753838276577486,0.1308137940864588,0.15385488505141415,0.5667670164881567,0.4400813878483622,0.4150939124734386,0.675265625636388,0.4510637578313434,0.13480686315741486,0.4779123835021843,0
0.9455172834342784,0.8582681381965936,0.07509617309562595,0.7388430493438453,0.6009617064008241,0.3442399953983415,0.8888195889872801,0.013772584508409671,0.336663304991163,0.3150318855025389,2
0.9487686811924689,1.0292212230941993,0.6384942065312861,-0.021570131162434128,0.12022493948490937,0.21558672282158148,0.017794158607724563,0.7842376778336562,1.0099422685093693,0.703639148573026,3
0.012119112397387864,0.6136260442910375,0.8140750224685079,0.22664375507363768,0.729849756098697,0.6791324912641971,0.5312388608083484,0.08149903324560356,0.7788552590769146,0.018982127270285556,0
-0.23549970203661869,0.3111850278852358,0.885702946670545,0.4456825697880071,0.5214473899844492,0.13119459317858395,0.9847344765349029,1.0834881295368863,0.21079051817427558,0.913496416770862,2
1.0495397615941326,0.7914584251305181,0.7549473215536657,0.5932848972804324,0.06577598336472283,0.44234284333786167,0.15492368814757576,0.6817831264593357,-0.015319779000822237,0.4915011329888471,0
0.8445966082869477,0.6292838521523914,0.36728486080426404,0.6942029388088502,0.1615101126973114,0.034579864323303844,0.5645295285334512,0.10178018883142956,0.32713834432005373,0.6049513196814551,1
1.0665854063570397,0.015009959122212995,0.6874058719405423,0.3235252703391016,1.118817105020317,0.755285806429575,0.07346364987832707,1.0374418893498671,1.1491894358956865,0.9299026667369943,3
0.9893893308914529,0.9931670097129656,0.6602674263134428,0.02211172120101875,0.08597151103948272,0.20586162812439276,0.058732012788332885,0.7852214447003318,0.9926907956081001,0.705265241907561,3
0.7572175479032177,0.22397588728324952,0.8618987392281332,0.34529399145304657,0.7140405777142549,0.3848536115334748,0.30885608622532135,0.02595301611427937,0.5352567138652076,0.8529246075270853,3
0.1456370860433227,0.518531467871982,0.7465708260358752,-0.00873465568377475,0.8866946258073464,0.3414608327991621,0.6025974758284985,0.610829045517702,0.0870001882424645,0.2501351853707977,1
0.9717739945061429,0.9993149546672175,0.6457075049517935,0.007623986666456546,0.0948768385397281,0.2173640281997476,0.026323777712227377,0.7527465264114922,0.9803769133514911,0.697686290944853,3
1.0613393632748003,0.7509654808639175,0.808279077668341,0.7194823610960157,0.006049354167918845,0.4032181913919408,0.1656119537415061,0.6358560834876541,0.03914699671314976,0.45505022208165447,0
0.11884279485415455,0.6248372585669666,0.5994085153983736,0.9521496265040259,0.08163593691312394,-0.1475108339233041,1.0872338699368478,0.6672096505953528,0.24968757069278494,0.9788689974614223,2
0.1796896830213571,-0.11326755243707715,0.5515644285909399,0.2503472890810595,0.18859527075757349,0.6717801969378219,0.7987971768892892,1.0227376844350546,0.8724511866526174,0.6501653873111927,2
0.4616377790229607,0.8321306330682735,0.001662390263864548,0.34023725228463014,0.7040696569508542,0.15597892924416007,0.8557011837153008,0.31111723330830376,0.7004170975415215,0.6822726336535946,3
0.870686719503852,0.3129161036457686,0.7176427247443531,0.03014928644861471,0.8921774792406283,0.013923084832676375,0.8690403545471602,0.6618128697302119,0.2256779862182533,0.758754346114246,2
1.016051149657679,0.8234006531661127,0.0768925995362166,0.7454897809097694,0.6588432973429343,0.325165530467084,0.9844368652506946,-0.033708927411254704,0.18503247927976893,0.25833417003894765,2
0.3690634445927234,0.32319051836518764,0.4514439433179173,1.1726993274320159,0.39606137517475026,1.0894456238488655,0.07803042306063435,0.670820763460228,0.27628059139895333,0.7123259199062336,2
0.05298837911805157,0.5628583112208837,0.11433106533987936,1.3368460167144514,0.5334292061301422,0.5203165801576314,0.2809545298359315,0.9629836722632802,0.4643818008608062,0.7849982625529726,0
0.8556019497551559,0.8987179046425127,0.20018680710980274,0.6552117147378931,0.47573376270107315,0.3474495054922489,0.8202688827754168,-0.051312928678534514,0.2368682066863335,0.4258087813682452,2
0.7926518322317749,0.023779633206236633,0.7276887516492723,0.27784077999090806,0.7715365755216719,0.2486693822519598,0.6897755222768039,0.3178004634198396,0.6037443096751608,0.29451581717611597,2
-0.137232605737583,1.001510670242945,0.5030438833156794,0.8038540705010819,0.8748162393491398,-0.10634315149265097,0.213807729537781,0.5570486843576883,-0.004064770057541689,1.166467961388814,1
0.5511784665400092,0.5048372027614102,0.18189168952367418,0.7737434968792598,0.17194392795067281,0.2494317918296579,0.7635739690923672,0.31200322407150877,0.7248197402897899,0.1881275542882498,3
0.9079526463938978,0.8980778514012939,0.1161594863287645,0.7786711739648587,0.5600486212327938,0.3257409025708561,0.8946130166477626,0.02077198927624892,0.2912804817903284,0.3074213739727157,2
0.437600728397115,0.8617224102280893,0.08655478393698146,0.25665888746813076,0.630317998507478,0.133323432294155,0.857422655931608,0.336986969343943,0.6649581646914476,0.6423317990169819,3
0.2942367146164298,0.06156455185066587,0.18064277004045753,-0.22614486759240454,0.34897939010328216,0.17936458239759212,0.10364602565458726,0.2687970810342112,0.9240811065029588,0.23137543295221685,3
0.23652830170879602,0.632992494186342,0.8009389740592481,0.057246076984968364,0.7731846950055117,0.4184514739511992,0.663055922962048,0.5501127184568609,0.13100270679030468,0.34499689567320474,1
0.9656348253140984,0.9815472648926221,0.6285213263339635,0.014674191419205177,0.07522847825713315,0.20815990123828967,0.009074899198348599,0.7607459604521775,0.9703637769079912,0.7017990605953605,3
0.4584957884717353,-0.1195735187903933,-0.07327754744931744,0.6586394113881024,1.0674824422387332,0.2973642013073109,0.03749511450951565,0.4346786605100664,0.7882281384052454,0.3670486839206095,3
0.10364738938584991,0.3970028188783911,0.5242740807171511,0.0807831741991201,0.5941407366560789,0.0012510037305126383,0.7144418076725549,0.7310667919884349,0.5951042842131564,0.19023613994567024,3
-0.011496287966377916,0.3375317601750697,0.42435032337516027,0.8814822755402354,0.32844292042123774,0.624012340598428,0.4584075973798767,0.5107897829335096,0.29231638720603403,0.7575960958054624,2
0.7031515007544944,0.04633604861575767,0.752290252712076,0.23365732556524826,0.11605877000004858,0.9219328141489387,0.1783949369059124,0.4648985399302746,0.18362125957276032,0.9062337515873015,3
0.08963883231909442,0.13229844696834653,0.53013072768806,0.509532708136718,0.9093498071858128,0.3729966039254648,0.5182940408893342,0.7434729518684826,0.39602455514619367,0.1752756040674312,3
0.6685578744781264,0.9689899752233979,0.8288073245088897,0.6800597805048143,0.367593743923434,0.879366166168783,0.2657576188049744,0.19656489277206146,0.5796214996506744,0.09963081069568075,3
0.9063612349142813,0.21470028028750102,0.8094049547266897,0.17359982626492965,0.30863576452276764,0.3867877908759772,0.5655710959614385,0.6106682486483377,0.43208385016244266,0.3613768324404196,1
0.7330322189248816,1.30928152335,0.8202465942382255,0.7166955992925355,0.0964110703256319,1.0396544440196493,0.10197895703193186,0.06282323861942235,0.2558457523477965,0.4516761983909931,3
0.8719206157624833,0.30644270938267093,0.7108095673621497,0.029201576026517774,0.8870016001601289,0.015402419800431473,0.8701580887224164,0.6612152828741373,0.22621356582612467,0.7547199194438418,2
0.5924540708858368,-0.1354190424922569,0.20905521777221844,0.9910854916490559,0.8089072995173268,0.22982439848068598,0.019152832935112288,0.6166351126147472,0.7731490175921547,0.48716876906941775,3
0.48720830329960046,0.9575198685876101,0.5906585697070235,0.4428287842655006,-0.028815974201340522,0.8278068198674182,0.3246378366102045,0.20312814154618858,0.5407841675414493,0.6243987741141328,3
0.634176853707061,0.24616610494171898,0.31084082823278675,0.7076293843218678,0.2869382990697612,0.7375719813967567,1.213251160042502,0.6354862690321559,0.7839799687375015,0.47816805291191655,3
1.115694666772872,0.5811797727465635,0.7589518669940434,0.34665161125425137,-0.03967620777986383,0.9491388631524058,0.4778220413943174,0.07297500806280774,0.6346810457674188,0.9537508455225537,1
0.7875832245963459,0.5747430100392621,0.7736237179360155,0.36069859982586955,0.623855279789941,0.9326042007190634,0.28897878519365416,0.1425104516532236,0.17767410468939343,0.8587586904394311,2
0.3050273224702149,0.19711367817496497,1.0202867466391257,0.6963450370318821,0.843906768503564,0.20795912874395228,0.5859069534538838,0.3604906848802532,0.9650504507039839,0.382735390565874,3
0.8564907503409996,0.6599805077344493,0.4954737249020888,0.8136600749505427,0.15906711764316456,0.06110289201790037,0.4942100358991955,0.11256292112032767,0.46490321514936656,0.6842693072298236,1
0.27303082940070655,1.0526001729747927,0.834022337267003,0.43666939918252873,0.9430328688767935,0.26399828229424727,1.0681945214930164,0.41297626560536804,0.8803083305444748,0.8731778769199892,1
0.788502621509434,0.2851697612642399,0.7882207750935805,0.3205393059147333,0.2955651963629615,0.5156606263344933,0.6180983312750407,0.5765755274580973,0.45340400981934126,0.3279978499192241,1
0.12274593327979198,0.3947301471706205,0.36006874608927475,0.9893277999244763,0.3847731497521012,0.7178561951870053,0.4721515385069998,0.7498702943122957,0.4605384994678108,0.6964889126965381,0
0.9538807447683038,1.0030756238849357,0.1445741507478084,0.9043534648084975,0.5894188793350232,0.32685579175084534,0.8231224660138738,0.14301955786063247,0.292783789218459,0.4204563538177178,2
0.8921429634624247,0.8452594755814256,0.1739479015542057,0.8245400625232727,0.5929204001987955,0.3223808029221675,0.9595756995947021,0.013773293284294223,0.25201208235969136,0.2534613679032609,2
0.7249785637297568,0.9690973362358001,0.8048266806240271,0.6476430668774042,0.35054069520246345,0.9154970278536254,0.20905148983434166,0.17286581258419473,0.5253021879651808,0.06647173604614245,3
0.5813378641979496,0.7126056277875557,0.263706111294038,0.7727911738299355,0.22544381459958618,1.0425380094030543,0.8475118210483299,1.0265875036176801,0.7972312430925532,0.48283536134022875,0
0.819869261159879,0.8352567125086846,0.7652529848991113,0.7927369781898885,0.9139951950304613,0.2624167912800444,0.35818222006872885,0.8040792403670759,0.3264355811473451,0.6177535223623618,2
0.015453695098251737,0.6105414812799796,0.8129728503894115,0.22898519125481595,0.7283407603263172,0.6765067536409232,0.5290166689651661,0.08174283658995049,0.777352906799303,0.01823995075615026,0
0.07687617783806877,0.341394937557119,0.36874890360453716,0.9989953175292907,0.4559194003018223,0.8050010372043963,0.4813985609986902,0.7290042186492612,0.5533052910165109,0.653992580934394,0
0.8871331052295658,0.9086775211671769,1.0303367199682505,0.5423377952198258,0.8635966733449033,0.36665582106116984,0.11890994963558635,0.6303749744416611,0.103466793932737,0.46278496451490087,2
0.6129223914735795,0.4976438577023411,0.6138412552990864,0.8099855546224153,0.27549998010857957,0.8056619649928078,0.9834707291351291,0.7521854554198738,0.5620861405677826,0.737221755745701,2
1.039348746235286,0.4730125456304473,0.8708024733383257,0.4370161056456724,0.005961082792454844,1.007011106290292,0.48008283874404073,0.035470832292655394,0.6228152999708931,0.9924724028307166,1
0.3898967494371886,0.7195562259920609,-0.04306802126420918,0.3225012596469952,0.6110303905595738,0.19751593434610348,0.8997497124543885,0.37882483869544903,0.6713582181404983,0.6608264986838024,3
1.1882592334525548,0.2538821296424002,0.7547324222992068,-0.6127566267711577,0.9190030815970643,-0.770600523703873,0.4558372991546173,1.6223206546571551,0.11573136760848157,0.04975762268205075,1
0.6013037196721353,0.5509686503236252,0.3042399659747249,0.2882684863043388,0.8202182373923157,0.33770113705962024,0.36600910173137935,0.06774701667359014,0.2297428312841854,0.20759952637310408,2
0.790458790290049,0.16915992854256304,0.31484217494733086,0.254585277587222,0.7983412046791581,0.8923576947738289,0.716565255463072,0.5508965577306913,0.782279475566897,0.10227448978357465,2
-0.1495913801045543,0.32807575935731814,0.7807372582588638,-0.3563673139418589,1.0214252861103863,0.15886441146234473,0.9479281377793262,0.7212322651546863,0.3264927513086837,-0.051636884810493666,1
0.6844226549917206,0.9920130231144032,0.500756903908234,0.5573930056510807,1.102376046736385,0.3476133509463597,0.42315264529015817,0.8964595116115847,0.38443601538571615,0.704163784882061,2
0.28040252282200634,0.352522572526501,0.9460678672868197,0.7254589160885805,0.0914965942269641,0.08720427926332328,0.6855174052861914,0.5464120281811874,0.3577082020258309,0.8461046295287763,2
0.9968354939987031,0.035147654979450355,0.3822711298595799,0.6599561035575217,0.23746610659296088,0.037598414598783825,0.4378226426905385,0.5373553695038802,-0.17893357871891602,0.1562619613855653,1
0.5637268051747878,0.7798911551495906,0.966713085006329,0.46709872614737136,0.8742366668869231,0.8589654970538405,0.5111828071781455,0.47328513251756776,0.8365698048998828,0.4528997719589858,2
0.8351969888838358,0.9203951970192301,0.7368177239397589,0.6179152152825754,0.48047916839252397,-0.22807437187051816,0.6180932778325181,0.01090771159298265,0.868387798541907,-0.16361413963170945,3
0.8112492174538853,0.5977353958163637,0.7811761105886685,0.40225802260591176,0.6132066115288832,0.9280846192817481,0.27693508678595713,0.17810639713764306,0.1852430588945577,0.882173702880847,2
0.4408686465525383,0.7648943026014161,-0.01705694242463561,0.1704589572070306,0.5953099798699031,0.11484203720348053,0.9775165395032648,0.4903314762501252,0.6816617789324345,0.555218085032031,3
-0.08102654566428671,0.83175832120351,0.05501320258034034,0.3042218477942528,0.9994047819416259,0.38228064993073074,0.4162571541996463,0.29863672508058325,0.23567596763991153,0.5281991484661752,0
0.7036949849110009,0.2352437348270308,0.9304446759487295,0.353112865020529,0.7132210051118651,0.36106255706341345,0.3072902120588871,0.018280382868390226,0.5202336891005236,0.79293672675315,3
0.3855937677172817,-0.022332351696608077,0.11878457979861877,0.669263318570825,0.469463971313985,0.32897736347344725,0.8949978593958033,0.27189703391635367,0.15445786516100055,0.45968355002410094,0
0.9042299218177666,0.014808624753415461,0.2768804461931708,0.4385158528012744,0.22831059967883072,0.1709477034547653,0.06402191062490359,0.047829842620499004,0.22893663729407865,0.8045223124862619,3
0.9077341347573488,0.2947059579345266,0.7318684221490225,0.06709185808402693,0.8578047405776259,0.006793848199167842,0.8315756575945812,0.6869482667949238,0.18514625066126272,0.751326201578811,2
0.8295314445564035,0.5927029401883858,0.3926563974918341,0.9653356956437076,-0.09462905690014756,-0.09668640599664785,0.31004096217501476,-0.06646700791574428,0.26183354196207503,0.6629291158164082,1
0.514977530790712,-0.09364096867531242,-0.012028588772077617,0.7172278697381473,0.6775441708784464,0.21282627110695002,-0.02301804374524117,0.4442804231811247,0.8267391769848591,0.6484068848393261,3
1.1835516351737088,1.0638239998909462,0.47453339416166973,0.24451880888624866,-0.029204417990960407,0.19778332373906238,0.05826877680498602,-0.49484576607998676,0.729515188795096,-0.16122233919661355,3
0.6626406007360393,0.49396159357419106,0.5931586821006489,0.6774327480821837,0.05539212353208185,0.5121950308277466,0.7434682065907179,0.530706172225621,0.5467287666455467,0.08489651341446722,0
0.021835247005020653,0.6137166349226127,0.8098549566211695,0.2299083719703084,0.721732926028104,0.673945628521478,0.5278331077124547,0.07545953924581585,0.7880622557636956,0.012120825870877122,0
0.9034330500660017,-0.014216169863938088,0.20269279687341932,0.5154164810163694,0.23102221057483807,0.14153545715470875,0.11916557379292231,0.01801751039261587,0.257867932334472,0.8399288711533103,3
0.8011976336531795,0.5836526066573187,0.7787075972320211,0.37789082693894277,0.6392083321326871,0.9333773596099791,0.2909841166283372,0.15607251921238746,0.19729675770301944,0.8586639799881065,2
0.9531811535768491,1.0230995519061148,0.6383895664227613,-0.009476260198557029,0.11896900643919675,0.2332453614210751,0.023052448600460025,0.7511958322165377,0.9718188605170596,0.71305284759577,3
0.237317106502092,0.638740300087058,0.9326390601835433,0.028306943350986664,0.701272245980403,0.25444806943524867,0.7585988390220934,0.6383467357479152,0.17478893967468767,0.26793960987487403,1
0.09720986270688374,0.35937447898910446,0.36110440037878155,0.9957545097728971,0.4663106274835759,0.7864875877177835,0.4668193571722207,0.7280235059925875,0.5542779833414627,0.6373107353249176,0
0.9194353909722432,0.8879509089473566,0.10668241698567131,0.7627995169354682,0.5711951777617782,0.33246280552182017,0.9059590700372638,0.03242812893623191,0.2840680117983928,0.3074239846048372,2
0.03724996849829196,0.14732257595478232,0.4769052541200707,0.5297641507208586,0.8884296060204352,0.2816582604954378,0.5141003605500096,0.703301956199642,0.4372993485094493,0.20335357801875617,3
0.3631228419007475,0.9117437320157222,0.08194180761693928,0.35865645912902056,0.5974249229973013,0.023061446895358134,0.8801325714644335,0.39019101232963604,0.6455322902839918,0.6584871852812738,3
0.8894048921128257,0.35020118761745983,0.7481056155662927,0.08088199998195193,0.9016957204094953,0.04514722028599946,0.8257916421056638,0.6413511635724557,0.19010222368026236,0.7893860673474307,2
0.8708211784451702,0.31406218755154885,0.7142577193754285,0.03715190774141396,0.890695552849606,0.018556866348310563,0.8686401857528503,0.6587182980334323,0.2242307354113745,0.7614247716812339,2
0.4861895393583744,-0.4514776171012552,0.3375127598391564,1.0968099100515865,0.5422108109065331,-0.2689512946853364,-0.4684889252748484,0.2371513564277058,0.19022129676395422,0.5759965216943264,3
0.35297808812525966,0.4968735070530358,0.33789662546602856,0.2893282655677442,0.04536377694934507,0.5256268501794217,0.17926048794292185,0.9870903731243467,0.1095023433766497,0.3312795958361737,2
0.114340367584297,0.09052226800591526,0.19279883431779976,0.4825350721837992,1.5735050042738319,-0.17119837199918103,0.7521993949295077,0.6982145191155738,0.4293036090033939,0.2097622116887402,3
0.3341125177023501,0.7172206728471584,-0.37795004633259877,0.3315366655665862,1.2125969327601926,1.257773010921653,0.6560682575694144,0.04787541465691808,-0.06212036972273988,0.9320600827540912,2
0.5028147179865443,0.4287438065754153,1.0143257628553413,0.14706353200341465,0.533651418402858,0.27363189237096663,0.5141596577730732,0.8518686963450135,-0.06704701522549134,0.48310245126358686,1
0.8591841413814841,0.6135778671050596,0.6925988305938002,0.7939322780786356,-0.3390162747209633,0.09757340279464051,0.9517338176268346,0.3653942127955646,0.5254608404967409,0.9483430680809641,1
0.8668247931088301,0.299252313387837,0.6912388096864319,0.01624346166003531,0.88779748422883,0.025673755438491923,0.882743916640192,0.6549791986104937,0.21850009916108099,0.7873330418080952,2
0.7286343397091462,-0.020844165365472317,1.5404870643849655,-0.06375200864180963,-0.3559811540691554,-0.04965111624473423,0.6932386632569254,0.3330519024735247,0.8478657816625743,0.7869675435366779,1
0.7835318872467547,0.02847879164455485,0.5365016273160653,0.20101015168786532,0.7449602399582308,0.30394402617418403,0.6527126635488495,0.024224312768543255,0.7480685253674172,0.29018059196537493,2
0.6606184820043115,0.15675165651610212,0.6682132470496466,0.30068243169210895,0.12853084069060117,0.8527584180189673,0.3905917600990064,0.0419235408792753,0.9318395073887147,1.043135982977837,1
-0.29580098162504675,0.8639865585590509,1.2904795364822557,0.9194133651997551,0.19507750786407715,0.3811231080350806,0.6591053967682975,0.19959406561814202,0.05016793825813237,0.24018603311046216,2
0.06209621322845248,0.15681631482134237,0.5183221998950661,0.4913540740675039,0.8745462988180268,0.3306800909406385,0.5074556632217587,0.7314457203234466,0.3964843481380157,0.15952389738939268,3
0.2996546912817929,0.478151228235673,-0.33793522181742386,0.6589422117946973,0.70053222754947,0.762033395987123,0.09809858242824493,0.6342248688633587,0.09391760307733127,0.23994365177294258,0
-0.010709609858757185,0.13350221896610276,0.21185237735226298,-0.22142947850478717,0.39715139528320664,-0.0639187063229544,0.42869859717849734,0.6327342930000349,0.58155531695282,0.2672576619768125,3
0.794426022567251,0.3074994169539531,0.7902064446821886,0.42733385716543776,0.16521311310963877,0.4500405907645484,0.3238999090361717,0.335974225178617,0.2611717593162883,0.19712824695332792,1
0.4349457775720413,0.7811830183595146,0.017855567530270185,0.35332441797646064,0.672751208331673,0.12777454753582257,0.9227927225870816,0.33499651977070966,0.7212053019020371,0.6064332989396022,3
0.6486405567603974,0.5036132816993746,0.6176829916155743,0.6607912190198536,0.046319522311771805,0.5217391191240538,0.7644647053382135,0.5229186262855532,0.5688010983533468,0.09369024251826441,0
0.5429001412693384,0.4242587579909019,0.687202160454687,0.633835719725413,0.0864294555540236,0.10154603085074093,0.4143386982579344,0.2476444363036827,0.061797455425943726,-0.019763981476513648,1
0.14974060079206333,0.6189721255540175,0.10962465344357111,0.12074198330936506,0.8691572535613596,0.5024026959543776,0.38729002547798796,0.3876321132903583,0.21034711894083385,0.45357706231243916,0
0.4442047597755356,0.5441904924432924,0.18217748127462471,0.7126644703847369,0.10944368901807859,0.3599494656033197,0.7759676763922592,0.43046862718237494,0.6952230389629604,0.2689146625264906,3
0.24956428081612236,0.05919081953085259,0.10759347181216145,0.3331131929663957,0.8683985165549285,0.022436132515945784,0.9812828319260299,0.5993195524967281,0.34309930505203495,0.09037006288651278,0
0.6505116881180093,0.7335133454405669,0.9856485599039856,0.53660437836497,0.8096660340752105,0.6900193041465942,0.38364298380761064,0.2680887530192916,0.7292365653433774,0.419892253714056,2
0.09583093286235375,0.532187057130447,0.7688678695523112,0.6230676080576731,-0.010874280933206571,0.08463896672374976,0.7062628992495303,0.5050523224644359,0.3771001007196422,0.772216900002582,2
0.44956487219997926,0.3081225438379424,0.5099182501881567,0.6835241987224702,0.30674059606569976,0.7600314635443297,0.8231141120001574,0.57484410160922,0.4037595288138744,0.7266675769644776,2
0.9885089394387234,0.9982694480531809,0.6575713764614739,-0.005622558711687518,0.0826423752987971,0.20756047687621024,0.034209764551293306,0.764438884707386,0.9845624480178341,0.7035883927405424,3
0.623998060103186,-0.04707258453954702,-0.04030971364992131,0.5371030854952149,0.32365218117404626,0.4290193987605793,-0.10674780001203873,0.28846789444257825,0.24513811775895228,0.568492836184554,3
0.526438624087489,0.6806033636736765,0.17798823692760585,0.4666523301037795,0.781689343802417,0.18713813041788804,0.8518995751398606,0.36887917574843687,0.5365380296309274,0.7160811671075984,3
0.7084132690378391,0.9507048586871323,1.0777273473435884,1.3987632949576545,1.1038591404634834,0.6899096125421649,-0.2617743889622457,0.9258202012074928,-0.538891103595594,1.110245959545313,1
-0.1473580950583835,0.937294951370025,0.7953922085425299,0.838937040417622,0.5422980617414157,-0.03735359569932223,0.8889341748954155,0.2874408705104656,0.8119727996115448,0.9539287579196273,1
0.7984841335851826,0.011120034840945689,0.7323194790983572,0.3461059989412298,0.1518541999110778,0.8767866222415089,0.3030237623922882,0.3883515051679516,0.07352981832460603,0.8583414522044024,3
0.9540654461798245,0.139895873348889,0.5582638068958191,0.8733063336623196,0.714402369381109,0.8258642532951834,0.20949355242929998,0.9263282582555219,0.6290009720510916,0.26040234293190945,2
0.9646464594748984,1.0041139507858978,0.6457291315713413,0.008018239207734947,0.09550998176970683,0.21436054527579373,0.018889005371862944,0.7608117929449967,0.9825598955237972,0.699541003798618,3
-0.078089513967874,0.5966107297460809,-0.11186229979509138,0.1558361015470071,0.8995080186109904,0.4184563525992022,0.2123851302254001,0.26506826924419596,0.16575733337702223,0.49937733946544716,0
0.6613658787365704,0.48127433969091227,0.5933066117480018,0.6693296807625883,0.05928352052169617,0.5208784027767054,0.7422355717533533,0.529915404897544,0.5649662199272851,0.06788574682548468,0
0.09647705297797887,0.17501671007605316,0.5341560880678745,0.5036990250143807,0.8556967074857328,0.32620666200221643,0.5517653805323149,0.7052771849604211,0.40124575168897986,0.11552141023695106,3
0.8074664594996805,0.5919647367111047,0.7778375567777169,0.3817345930747144,0.6450479323472939,0.9374006456176841,0.2875667174348632,0.16155132630795682,0.2019011872709317,0.8601917904662012,2
0.3853737758083647,0.46926348210534574,0.4102328524750881,0.25580001381654577,-0.009887902510257611,0.5135592774932618,0.149809395895373,0.9647520812644397,0.07395187911339846,0.42798371941227376,2
0.5641283970375501,0.2639586143115038,0.4044328001571457,0.022056075664589,0.16453184616944744,0.19299435273714047,0.5536163744823945,0.026217909554516486,0.6757129831178145,0.38652993068815383,0
0.8451563221722262,0.27996309413841924,0.7450915784903049,0.05499819605451507,0.9308924641517675,0.06819076670560592,0.9042056303087741,0.6772820963390422,0.267241921898514,0.7991923053012114,2
0.36945970930866634,0.8919467786776853,0.1062757905609294,0.34982553971358676,0.6101342345639412,0.24155034280703896,0.9469178623168412,0.39589847566947645,0.7211460121808069,0.5690735115063791,3
0.07429635639712759,0.6660114733937974,0.030447485998910905,0.26367881850339114,0.8523643088765892,0.3776027037400943,0.37206472690068354,0.3459717706861086,0.174590474028755,0.4097742457803405,0
0.8422227895308966,0.2617242911855023,0.6915155120725741,0.04047000569854291,0.8460058977002671,-0.004940332891887861,0.9258559483551677,0.6488204903411852,0.2699530098251707,0.7706187680549594,2
-0.1463307118365416,0.8302780098618686,0.6720005457333699,0.48951479528202463,0.8047893456066133,0.31335549118891093,0.6819297901802729,0.7002994160582517,-0.19128589573641674,1.5699629695152688,1
1.0032892125786332,0.9915969307200571,0.6554031376621976,0.0023442063858494086,0.06866695414716756,0.24142707546817896,0.0503683563210168,0.7822363376939434,1.011206772089817,0.6814661654685442,3
0.7337269393882282,0.7596414392680996,0.6704324220480963,0.8395173099367976,0.813340721250046,0.34245227567980685,0.46748432658441974,0.8801018137765863,0.37735945468227694,0.5331277001216971,2
0.8835892791025397,-0.09069542167071315,0.6220424869477492,0.3112707976565997,0.34248876874400125,-0.23799767165211105,0.8558571309119827,0.2626362352654345,0.40542079048025714,1.170582706352942,1
0.6060437112243097,0.5503088266232762,0.30203463236992534,0.2890249939692295,0.81695813922062,0.33414500028008254,0.36674512962862654,0.07849024372864369,0.23714671970426018,0.19656616243799668,2
0.1358808532565107,1.3702765348343389,0.5905554454381564,0.20698776747000153,0.7277573963862447,0.1429452229353953,1.3265567872168849,0.1506595786740937,0.4455673187993413,0.6001598287327182,1
0.4876453327780564,0.824366757498369,0.8925826298795945,0.4733126469733839,0.7670655233478328,0.801846953918659,0.5277647167622878,0.37245890984092334,0.7321730834966561,0.4664091116343585,2
0.5283435833513394,0.547247696054533,0.20359459770986915,0.7340822259982831,0.03358751828863368,0.224382938595602,0.7491064322104453,0.3939997150584274,0.6809918161483237,0.14961325774413875,3
0.587829847912349,0.22646836972951606,0.2190434317335842,-0.0240192652367337,-0.20793455179520726,0.7629350046463879,0.3510689623483533,-0.28940007428689646,0.998341600227038,0.9483087256264174,1
0.5633265649980331,0.7856720518061662,1.0332907496862032,0.6613102704172787,0.31808555229304125,0.24460397864314654,0.09777806869363372,0.8473952603527019,0.7716607218458554,0.6929170390437922,0
0.9538905838950591,-0.1632215383966602,0.1062280197835722,1.1165730263428124,1.0138204679785576,0.4509794784414837,0.1793950492927796,0.7106449112638493,0.5881249972687275,0.39844949264934804,3
0.15582727569491484,0.010489857065950889,0.5748845369335067,0.5819567689085008,0.4134037317831239,0.48880061197304964,0.9326812821265,0.7814329930448413,0.7398655438256638,0.31095552810614474,2
0.6692405013028858,0.5178462020947074,0.6517509097685161,0.9035869880106259,0.3710852153461357,0.18969811310257012,0.45277201461357686,0.26034052345934594,0.6121900352333026,0.4993552707168366,1
0.6269051822866016,0.3778181126986807,1.145091147003483,0.9193877090328071,-0.18779038204602724,0.07021568473115217,0.34568311123397294,0.6644081226641363,0.5879884779183525,0.842529964047138,2
0.9608926709171309,1.0098508323533226,0.6340363362556403,-0.0020445447318019564,0.08310506655613785,0.22016987749761996,0.015369722971365555,0.7536812037463562,0.9817515776949424,0.7048303904218906,3
0.25248906325403797,0.8916869324733633,0.6471130912199493,0.4330370286735755,0.8653615228685677,0.14296171468886332,0.8676894079158145,0.39924715754318896,0.6220874819674224,0.6963045512274504,1
0.9053348027261077,0.9044078929295607,0.14276404250089533,0.7988486135037347,0.5747711093852215,0.3650187032107918,0.9238164659455796,-0.0022507061700467283,0.3048388516715533,0.2781754210951744,2
0.7969443438209329,0.801994326914858,0.7915203281844384,0.8781414919491368,0.7977654049920457,0.34372493050267516,0.31585115435209643,0.8654693345411416,0.40987812523271455,0.6033043903376143,2
0.04683430971575658,0.45032033098745905,0.39329871500414326,0.6953138785292328,0.6941995829880725,0.4672491881853991,1.3281617401055228,0.6437818457529051,0.9216697582862852,0.3908738692846049,2
0.2249554153417357,0.42772334706527976,0.9367166812937796,0.7287144138428385,0.01842845159536111,0.18595458816223498,0.7566259601874546,0.6394670440056431,0.3753341195829399,0.8030421255199441,2
0.45671072275262115,0.4478594022524204,0.8864938975317911,0.22892332378141286,0.8049015006459794,0.6964070348463873,0.5629516187585115,0.8469456934312122,0.55561941889446,0.35932217425370855,3
0.051123108779249055,0.32154889388711616,0.5220169004932815,0.8515284109159036,0.26000458422035955,0.6435755682068457,0.5340341316482646,0.45130232860135655,0.32807484578827584,0.827858684453245,2
0.7975730719204901,0.7717785548998397,0.8124293244120895,0.8027763411733377,0.9375640588310553,0.2231015492188434,0.3714082484866208,0.8069920549361447,0.2903731440121617,0.6810875632336373,2
1.0019063203830927,0.8066118999393936,0.804010904941437,0.6611291810647838,0.058289722284674855,0.4896084403436468,0.13418789473962012,0.7111752830736431,0.03205844633706226,0.4622588649802162,0
0.05990306201161449,0.16293375010787337,0.5204567463856068,0.5037295094238432,0.8877630413628755,0.3333649656644244,0.5023599363732811,0.7463132757191712,0.39752221763050455,0.16592053014390826,3
1.038483704147357,0.5398493804779775,0.6846283275338968,0.38839407956510075,0.1639700364437811,0.8179449755327642,0.4026290872095043,-0.004794778342311731,0.6989723547703552,0.9439708469075242,1
0.868267810717692,0.1862889401319418,0.5293511000924305,0.7294877675458756,0.7271802129511146,0.8495801884901585,0.16690215667318797,0.9764623765655717,0.7313765556436715,0.10583058385511818,2
-0.30797133016990635,0.7086015765809446,-0.020213388429585977,0.5592037247757959,0.7405911940437621,0.21490824069206,0.12149006454825985,0.9759461120096017,0.693413411589733,1.2743035251868702,1
0.4122527503546485,0.2519362584664783,0.05835332829278044,0.6776237874892731,0.3366424090883915,0.49773834926792315,0.9379737786653898,0.09826340127152844,0.036210296919438195,0.6622836026706885,0
0.07527960067433352,0.688536242044334,0.04644870793923352,0.23644717463361992,0.8421397184895874,0.40857360154173167,0.35664824284461405,0.3571585587073778,0.17729073812597046,0.40741774938169034,0
0.6651102459302638,0.4970358230679507,0.6004873143898205,0.6817262980432933,0.05663844803081168,0.5169062362739559,0.7549503874629575,0.530107182213694,0.5489410445009352,0.08729525676344344,0
0.8176026442883602,0.9216139557164059,0.8831714484989341,0.5896766299061192,0.10935478367017429,0.5293715352559694,0.07510167551592745,0.6239543417343174,-0.0936273935088457,0.4871542405341324,0
0.8089275339278812,0.4825280553370806,0.30414483744379706,0.8260204187925219,0.9858897753909132,-0.19430646169963017,0.39362271550501254,-0.4193436273125128,1.2038809867975102,0.14779398563162555,2
0.9861308580378516,0.09723499771143469,0.961090171843845,0.34758205164080924,0.3832023718660854,0.3990442216915263,0.4666922221707479,0.5970830836210799,0.4685320475220533,0.31817559182326227,1
0.5624941201491307,1.1716088858052294,0.9031277232205086,0.39552631821191353,0.4158848952182185,0.7603087713990294,0.9419301700098179,0.120877662123138,0.40386880367920647,0.7156712702610166,3
0.1144828544694492,1.001032012136878,0.756614374193999,0.6159391480255214,0.8594144035874357,0.17110670402498307,0.9608343102115776,0.3330507902441974,0.6778502582153761,0.6560422136030022,1
0.9266762054381669,0.185097512562045,0.5846494065763445,0.8253632134914543,0.6833328597864216,0.8330131513489181,0.24805000951856804,0.9255538296879787,0.6133884184417026,0.280445813723989,2
0.23062472368967812,0.47128326394201636,0.47883594796886125,0.4254522276483913,0.05813185451246815,0.3376941166540942,-0.003019551899796108,0.9364386385690027,0.16732485822653723,0.40628676097846556,2
0.9796987398462751,0.9796019832071451,0.6433600906846394,-0.008273925976740228,0.07751320979416795,0.21932413126539857,0.03877096781208331,0.755662082612106,0.9876059377012683,0.6918520691757166,3
1.065894530022938,0.7680705436465626,0.3641306657641382,0.922316624290558,0.08655600554992927,0.1630707800771249,0.5773267197318114,0.22212842708994604,0.2906772315416506,0.3770549276457579,1
0.22495408256450306,0.6279344988695398,0.82944537557629,0.028697676524655744,0.8231132538741016,0.3796699377685354,0.6934306297771017,0.5845763276739881,0.11997542777337619,0.31702003113399196,1
0.7246103438760154,0.25525835498554883,0.9394175804023451,0.36118381275309464,0.6946342437411962,0.3553282124465051,0.3404200829407579,0.00652605242082871,0.5451030414484332,0.7699612157458534,3
0.971236021636212,1.0244703613039097,0.6673388743999816,-0.007176979605106628,0.10238450119490793,0.19299182204057191,0.0031928621947387957,0.7621155020070384,1.0019113256849992,0.7275406545660824,3
0.865805394153422,0.3107646948392515,0.7134223400157798,0.03391429105298825,0.886466654831124,0.02044829708188575,0.8715805887833801,0.6516423994371405,0.2167550725619245,0.7557566620578444,2
0.9117475707007052,0.8974142478711933,0.14898394738454246,0.7805980350481833,0.5312999543793816,0.35893542396575645,0.9152198671026861,0.03583682277279341,0.31453857366048954,0.31615671802255413,2
0.11679475078219863,0.16613327934568584,0.0020663907653750146,0.8459085901214511,0.5748562819670164,0.023276550710794486,1.296806882260936,1.2964486456112254,0.8553947082285023,0.5700543641563475,2
0.06473253339888638,0.1704159965217288,0.5221138374819715,0.5151415117528452,0.8877909238140033,0.3398110318727568,0.493797274416352,0.7555828174518865,0.41604832891377225,0.17316806867849682,3
-0.6010242074532867,-0.35956950865455745,0.2096922449025438,1.178244089630475,1.0025579969209293,0.13559860779084276,0.5454725730024315,0.37802237504956715,0.5001238645204318,0.11969627788485743,2
0.8788544728960471,0.309745413234586,0.7175855335011342,0.02891476267520309,0.895180603803093,0.018776187084563387,0.8671205779592209,0.6562186991583187,0.22605896777937,0.7566144839821952,2
0.5018531560539937,0.2020794801329345,0.9957326412439104,0.4245653421237921,0.6857394948115108,0.2847495222383296,0.34468476876002047,0.4151001728571643,0.778493223199204,0.5697440753187205,3
-0.3720809746807209,1.5799029736870636,0.29019746240706945,1.4605395978788986,1.544237863192274,0.4528963471149132,0.18084405001357912,0.32957889006297914,0.377264496119046,0.7022914532072064,1
0.07293390781046541,1.0020245115316886,0.07753937814687159,-0.02660106827936115,1.0128848260543222,0.648714130109615,0.675140730921798,0.06936173924255379,0.18952464193117302,0.5917247929406939,0
0.965809651467779,1.0028628387018599,0.6252203722897764,0.0009863869005970064,0.08558953564465754,0.24657374128020748,0.0398654156944288,0.7819108340886871,0.9818801641177538,0.6950486045665147,3
0.8133413271118826,0.9241810469715872,0.2075155509454037,0.7134296815383089,0.5409561194609762,0.26984469024633123,0.9416845441076647,-0.06498483952888537,0.35574047295316524,0.2242110630863342,2
0.30238383854311435,0.10529379207156725,0.6518705287453579,1.3516970059353082,0.619519368767721,1.1009904394199563,0.6357965571595208,0.6780743739933547,0.21453688060462017,0.9021412993956446,0
0.8431748444404703,0.22232799298756678,0.4219412659131297,0.4083301167750123,-0.08460846973363775,1.0408850910102752,0.2909225779931606,-0.1254327172584077,0.738052680864782,0.6563389823415029,1
0.8000224831857123,0.8550732277260483,0.7757071164574416,0.7573666827473629,0.920821313181367,0.27706419640344215,0.37773584898990553,0.7824384822350327,0.32174086638746,0.5935952496052598,2
0.7848240604621439,0.19334049751130744,0.2956446998269683,0.26422685936383533,0.7869834502015522,0.9075287335325308,0.7237489650802978,0.5494962377306344,0.7947688467385259,0.09345825742115188,2
1.501160491972743,0.6928463900425327,0.5421931973264724,0.5051249606457044,0.3645834867480343,0.4840404876076871,0.9507616127689537,-0.047778277064328155,0.8347874838019301,0.6995795348263445,1
0.45854322136491193,0.3275568393954986,0.4592095061667694,-0.005211652688032149,0.1747382036975049,0.0765995311367779,0.5365967096065559,-0.07389683865237621,0.7319694060710933,0.36675823727007517,0
0.6701808866086448,0.5067185521003181,0.3618047483572102,0.5535668865198595,-0.0332045727737619,0.0686699686183477,0.397668200714595,0.1694030493955226,0.5530158095772455,0.5665236482354523,1
0.8558012062865921,1.0787517656098518,0.6330715878360137,0.5388031230468671,0.9688506366395595,0.2695029879383495,0.3120412256779103,-0.07365059804744592,1.0601516174414587,0.2274624663310586,2
1.6553678103163927,0.648977707930784,-0.19223292870886566,1.138696948537248,0.14697082875774187,0.7795706884738813,1.1713644163518544,-0.3752257375647358,0.950757812567993,1.0865987872107383,1
0.2508716840236946,1.038074336344521,0.2767929951890143,0.6562147335745515,0.4707829367408021,-0.05272413845371626,0.3172284147680769,0.7259186358045984,0.24689148675145717,1.194214799144158,1
0.0630943201902858,0.9233016931345426,0.2926442634781391,0.881144869963257,0.7689821701329875,0.07244265224284466,0.03536200093444603,0.7416040969527853,0.23465955570492283,0.9789214918372846,1
1.371069753796657,0.08533972426280406,0.3176772110795295,-0.023996737977286964,-0.2229916029828159,1.2678781496532296,0.026137713386942818,0.42330228236384876,0.6096354065852407,0.5776289259580293,1
0.17910262796571508,0.5919815662378567,0.1588772390224936,0.22945640021991293,0.7647164902660462,0.5134257373158199,0.2468938224958977,0.2976632539196575,0.1746541017048909,0.4726151878347136,0
1.2728781155886206,-0.4479925520007866,1.032612813143545,-0.055881311061806827,0.007506750065082668,0.4371222351834642,0.6067351487793151,0.24107684174345295,0.6712245084135517,0.44249303731541684,1
0.45169916153464346,0.2370241415232497,0.3336965047650784,0.05873788947352476,0.12865341492131818,0.23701282462707318,0.5503434388914686,-0.057033231812603585,0.7197687622561815,0.30469090544302263,0
1.2792129162416284,0.5339020894437958,0.6429411674597074,0.36142977699253886,-0.13406243321963462,-0.046419327820652626,0.757997141192488,0.012198645361243543,0.32059538784375724,1.0641551819730157,1
0.7187601109829661,0.963366562322324,0.7967822465126279,0.6343189100387951,0.34581131687655786,0.8977718036911437,0.21734451243987266,0.19551665981713837,0.5247742988781668,0.0936370275453011,3
0.695449137021624,0.25920257296854393,0.9512878560982124,0.4218122571545765,0.6891781810856601,0.3502388006843933,0.35912493279049235,0.0624200801725393,0.5151320546538776,0.8299280557908814,3
0.35513597788656776,-0.23837934008110595,0.43016444253042274,0.167663321240415,0.9486859848848609,0.36646399515086486,0.533117863210552,0.16572505088897846,0.5105792673202894,0.40192913031564986,2
0.09805685163914943,0.38943218649003053,0.27428884698520206,0.6204856869970747,0.2916972440787491,0.6713499779917262,0.010261866077064752,0.863397943313197,-0.12407510845169972,0.38010323091446185,2
0.6692522155838555,0.48818840481099823,0.6101167320980552,0.6963835707889326,0.06189189990088657,0.5300168626038819,0.7637102363025758,0.533215397216913,0.5634786305944331,0.09461393548559298,0
0.3938967459657371,0.21775686865797042,0.06938538503881186,0.7047327155665696,0.5657883544318263,0.35692209029880284,0.7560199681132984,0.29256987998494677,0.07159610815291853,0.5718521399072682,0
0.9324785230301851,0.33460169102722065,0.6715898987580433,0.016501847103276984,0.8797607970715794,0.042770615952487726,0.8790600089109105,0.6890468826735838,0.2298353923637261,0.7304172577977464,2
0.6004634611328277,0.6911789877661223,0.46985947967181263,0.5074920125474465,0.0830590585668286,0.10775988312783927,0.5628331392997759,0.2885782697118047,0.7855005395245204,0.011487817503656073,3
1.1176687764752544,0.150780234129552,0.3803106374645674,0.7199716563405937,0.5612224381821547,0.6489429102299988,0.037501239547101356,0.8306734434093438,0.5689049849520039,0.35379664899579116,2
0.8845689238828635,0.3161149197198221,0.7036583087432282,0.030209105478410356,0.8881016697194013,0.027880824969653287,0.8622862053001932,0.6388645114503032,0.2302014541857487,0.7378050802219929,2
0.6480019217758585,0.19124886466291738,1.4249786027056175,0.40187371337540895,1.1569133255610546,0.27521829342576437,0.5926873101963168,0.5368389118939763,0.3302832011537181,1.0109546120188773,3
0.601165444585814,0.5699245604809564,0.763837759509684,0.9622466621709045,0.034465912336369975,0.11869390857289833,0.01685096376333251,0.9210008918593191,0.0920748128802508,0.4455013965078599,1
0.6483814258878816,0.5100552782459656,0.5960365619537903,0.6855505712656407,0.06574414368312605,0.5242495187299936,0.7545024283163784,0.5368778883527278,0.5467935231368278,0.06871858707285602,0
-0.022097141718771654,0.38985905662736137,0.5439754851771366,0.8779431294810764,0.29374128527273213,0.6554763784230967,0.5658017295467553,0.5053211533218311,0.281719507548819,0.8655163739776492,2
0.6177723874784147,0.7899178327255768,0.8007835611725117,0.570983752771764,1.0315451701898548,0.34381608096308197,0.36358796820937694,0.6606693792308332,0.12402253022772355,0.632260414975128,2
0.43091367015730575,0.8663651930947662,0.8824096297349668,0.22756069879986135,0.683076263636394,0.5906691226504335,1.4213195081564702,0.9085428390541938,0.02994581077131836,0.1646850150068172,2
0.7519615769613,0.46254068877049737,0.7959384987140479,0.7239633443167905,-0.2106757476143406,1.1407675159963824,0.5378193664335816,-0.3947818687329908,0.3153379980449875,1.0464257423761538,1
0.012687380004492009,0.613302575685275,0.8141230944011344,0.2273437584927212,0.7302974697969575,0.6791856568989687,0.53096140102256,0.08235119661031444,0.7778598925183896,0.01927915665097896,0
1.1752545123893958,0.23317915449895005,0.8295923357386463,0.5078482486030109,0.6273039528332576,0.23498213050343397,0.7064094653751514,0.7465579519535852,0.6322718392285152,0.21237516956939484,1
0.4700341995735353,0.8305896913327251,0.14090171697113016,0.30831547593204134,0.6443563506913568,0.3146286749040075,0.8134366794613163,0.4178569862788495,0.6494180406759783,0.5822753336477607,3
0.11929350918074164,0.4083489930766749,0.3253813983378249,1.0447867990279955,0.5289532299921116,0.7933479655942761,0.485197476491693,0.6818337466604847,0.5947254289874275,0.5798786229532025,0
0.9640571407059513,1.005850550004801,0.631593802695518,0.026689513778244908,0.09967834072157741,0.20542245651563878,0.05157679630881163,0.7302239534111222,0.9689750744288776,0.7000454010745362,3
0.9508799467182952,0.9080870982123991,0.09540759191618889,0.7455432076686257,0.557097014096088,0.24977730808594215,0.8754054863471556,-0.05967454964207734,0.26556880829532387,0.3841168229435951,2
0.06553703875984833,0.1268813258479987,0.5121790719519757,0.5063394799001736,0.8761654364302374,0.332049597675019,0.5171248513647939,0.7267568091309438,0.3849435784936688,0.18361244124214557,3
0.19873751367820736,0.4557026155213778,0.9963941544904039,1.1384179225659694,0.4715708614654067,-0.15747097765663626,0.8807264471069093,0.5281866774308478,0.8993115189713136,1.3286799320001796,2
0.9084969883536709,0.42294385050518635,0.15763249882954367,-0.040024572279169834,0.43571278411968434,0.9351442697900798,0.43071767301796987,-0.1907118411384304,1.398448984935206,0.7479381417464076,1
0.17253216507932034,0.9952536523223816,0.248779887384678,0.7840381208776861,0.7563928737197678,-0.07906712876794655,0.025819721056644672,0.6492153163331783,0.1415521974298864,0.8781640479560103,1
0.09858831425261833,0.1969242438890735,0.4825807907694265,0.4759096737842702,0.8891286930353061,0.30810782413037185,0.5147864457173219,0.7882684125087643,0.41748854817054804,0.13270520863243238,3
0.9147243726168355,0.9397955929367043,0.0917359245445376,0.7545767978920322,0.5064435009420545,0.33646572458655866,0.8501900384549772,-0.029833935307824827,0.30723478996961257,0.3306000183387431,2
1.7092641422178636,0.772850419529781,1.0575536331864015,0.4042294362583179,-0.22865748067727115,0.6960013851745557,-0.3399754865823382,0.14747833014398212,0.7707926833443977,1.1513132287899794,1
1.4509638470395911,0.3772142848331277,0.9406003674651642,0.3549276610569583,1.1127940537056993,0.5686230118933288,0.502692416121021,1.005818749664216,0.4696097487546847,0.17070797843482677,2
0.2309503767906712,0.932048107842269,0.7053568519106235,0.6203401979175749,0.7928252085860443,0.22785041441028775,0.8718295177825195,0.4559426238275458,0.7441866755489168,0.6515237197204945,1
0.27231835228318224,0.8743522639169793,0.023457543236366618,0.4937391381326444,0.49060590982500135,0.2702045827988635,0.7925891995904116,0.4761367459195688,0.723443107794856,0.5073154188291603,3
0.5929789173189809,0.581261748991076,0.7465958271680369,0.9894388835444592,-0.01607443165583032,0.15496490670855373,0.04960635258297858,0.9602153864088693,0.09282657078354345,0.4832145082990792,1
0.011748409730118774,0.6187909238981749,0.8117143735092447,0.23111088348372885,0.7263098694259164,0.6758190910062123,0.5342871479939716,0.08055971263690472,0.7794791962918987,0.01941080887768313,0
0.7282999201838776,0.2790936394270865,0.9474758558766962,0.3505473481309262,0.6605430973433571,0.32519969721110387,0.3283904232573544,0.011064253228053853,0.5211461006860124,0.7550320603295027,3
0.009149134904167432,0.6144676373457193,0.8121516761564535,0.23371694855833083,0.726498158089111,0.6782374630865894,0.5249694259321227,0.08342911488516937,0.7757746715615293,0.012537621157903023,0
0.6515056676918192,0.28465736719165813,0.017310235244783048,0.7703745940896682,0.24608768021349603,-0.2472701219528025,0.46592278828031675,0.32848340872499077,1.3156622655694679,-0.16652102550415704,3
0.42177320830878395,0.5184933000219547,0.19331776175259588,0.6791400762093031,0.06759808659241552,0.3550614322578007,0.7680133737730511,0.44591443563726796,0.6577114596994039,0.18368447611552702,3
0.5688055895276577,0.6364320365065239,0.5998632420950748,0.5597339158338919,-0.025683632945642354,0.3313032235766704,0.21488797760124145,0.4618609067313404,0.48742395650771375,0.4204988236184747,1
0.015044082665176109,0.6161280641892676,0.8108215566018115,0.22686581557039326,0.7311590952798827,0.6803152315962412,0.5287330884394278,0.08557073183041623,0.7796868954410873,0.020726626049398834,0
0.12565009498883367,0.27962616287439573,0.5578199140313572,0.8849898857542006,0.13757201484669138,0.608453900922705,0.586306323963131,0.5130712667745834,0.31538934036359173,0.7558531939475022,2
0.8061745673001918,0.5751131032631087,0.7776037849058651,0.3659907794867413,0.647343548914861,0.9366567090953821,0.2969343048948889,0.16654877105122395,0.19922084279601687,0.8478092399519978,2
0.4906869410413975,0.8413663309305912,0.6319540630951633,0.5629204877402038,0.08655924663944295,-0.11162332535400898,0.37746924812781635,0.747767439757417,0.12831493384361833,0.8596257200426303,2
0.8967402971212595,0.9046020856075667,0.09314286866351779,0.7776546149424325,0.5640498252849894,0.3535636892076059,0.9100774473101209,0.006658437465655918,0.3107377692774111,0.29188477391569545,2
0.07117898117694729,1.2241798002998163,0.4795721230110874,0.539624673608172,0.031963858264473774,0.6297167280932865,0.258996520078055,0.6205329513772171,0.5957152687281718,0.09821188927254337,3
0.6071582725496818,0.2599107289099176,1.0133878978083013,0.5119644561309487,0.6391322202064863,0.3225285593444706,0.3295796098026597,0.310114136423139,0.8209756900611809,0.5449938787043059,3
0.23161520152890444,0.8508191745199286,0.2685148345231307,0.7101299659358276,0.5331977118353605,0.27064713349807007,0.020973760042393964,0.9271944360799556,0.008414465645682184,0.8345962668024024,1
0.8805851142832722,0.3122794484331536,0.7179932759632996,0.035330146237304565,0.884217087659747,0.019086383027454412,0.8761154521252974,0.6705406898818905,0.2142716969659855,0.753386502174427,2
0.7086142839987741,0.030621062746839515,0.10967414498479855,0.9352475445979364,0.898208684718183,0.07172596474988258,0.05554329688424947,0.5545621357309812,0.7253850334081907,0.426181498962486,3
0.4579323848105799,0.7668753975269864,0.09746439523867495,0.2790135299941104,0.6788554752079562,0.21615037635361725,0.925308525149547,0.3468817281417126,0.6256470261443149,0.6752429939057656,3
0.7561380859425434,0.14760972327483002,0.6810608092491556,0.13350959158934386,0.13743741417090816,0.944743566836879,0.07638470526862658,0.5191753177201937,0.2669825438828174,0.8868978881896726,3
0.7321251046659359,0.022743856212380814,0.2911615250431527,0.7728647343006935,0.4590055054205715,1.0447555173584315,-0.005916791342189837,1.0439543847925015,0.31669380187084756,0.17933021723767195,2
0.9105991774952105,0.5777831023327733,0.3858108972406727,0.6694190165691257,0.2885650946082582,0.19403229818598342,0.32800985959823503,0.3320167182868174,0.5597256270048846,0.5460278144833068,1
0.46569389636154385,0.11971277292627225,0.5990151260330174,0.2246745136145003,-0.07051047227054111,0.06548062378236162,0.5259836596808958,-0.1846704153256122,0.7043231554501788,0.5958773421843044,0
-0.2902430082053927,0.8512108287884668,-0.05680285830985399,0.7639854235739687,0.4452104538524589,0.17122563670914698,-0.06555033210247567,0.40316863787821255,0.8388786863125728,1.2068701884820479,1
0.05658749063640914,0.1280460977498728,0.4956062478020485,0.5158345369262314,0.8765320344347369,0.30256537163653924,0.5257228651032426,0.7590757879203949,0.4138512633927093,0.1774697784621592,3
0.013582874877021497,0.6151504751045263,0.8153936005405563,0.22541516823124524,0.731472804198185,0.6792466903884382,0.5323832595420258,0.08307293408831173,0.776918378611375,0.01818429757764795,0
0.014375307201587544,0.6145135137172304,0.8160320158055137,0.23216341970560295,0.7250610386892882,0.6793773138661702,0.5273639539101448,0.07516188085887147,0.7762907548214795,0.01940372346643514,0
0.9983810730912963,0.9906762390739946,0.6770295153349426,0.017366480098148826,0.09042215061279939,0.22093487350801208,0.02962332164499877,0.7780261825410014,0.9617669496101313,0.7030862397209909,3
0.8827321014295533,0.924926984126738,0.6871019645478541,0.509859368557143,0.3030304335046805,0.792803106427197,0.12882403543895216,0.03375611706562154,0.4092305767271719,0.056473851327018924,3
-0.0001291794546661989,0.16932635096223175,0.4148141277328114,0.2209165863329755,0.716406254088255,0.3827542921289391,-0.0245282183009607,0.7997335445880027,0.9184925084018479,0.686858869277293,3
0.4567483216334839,0.8039824909918333,0.09358443156942005,0.27426922196211617,0.6247324443257489,0.15815371825901348,0.8670624245604558,0.3863120409516372,0.6680834507943147,0.5860414537347237,3
0.5012002942184628,0.19048852534100374,0.9976047564916865,0.42110612979333095,0.6915125443540878,0.28919206932886865,0.3364862186706789,0.4211611387267162,0.7802351135874572,0.5612451910002163,3
0.29406519499098527,0.6939700154242796,-0.01563598343847364,0.701754109262083,-0.1478630003751936,0.6024107671306917,0.9860691457925631,0.3881296929423333,0.9887975761894281,0.1617585111337258,3
0.7945512257470626,1.0005360964443009,0.16866909829175664,0.831325732307422,0.6593209517057885,0.34379855230395284,0.8838751512073498,0.1321068443684842,0.34849843078188925,0.3205591367684851,2
0.7694835868281386,0.5748712875515452,0.7747772225325648,0.3351024055642294,0.6031807957928201,0.9443680115778825,0.26118255406411284,0.14493416480692844,0.2491470054066816,0.9204597203026762,2
-0.06831498393639779,-0.3321909358216202,-0.04030542514545865,0.5027408475906654,0.2770163422934143,0.32134779232611765,0.32311271551414544,0.2646658256032254,0.20028716308819933,-0.18320687287420867,0
0.6775194006620755,0.9449743474704951,0.8432840459545438,0.6693901548250205,0.30466394244051903,0.8321231541711067,0.17748519183234562,0.22773653173262262,0.5466705570860805,0.0604772451993915,3
0.9985532220613841,0.9481973224068152,0.6168172897747204,0.6296990401643575,0.7978628447879833,0.2843559995677949,0.5084197729144468,0.061984261372939164,0.8918062642886267,0.012967939900412437,2
0.25577840587448425,0.8539018112649266,0.5431452922200234,0.24904378075145697,0.2365759014965302,0.7127822581996593,0.6315504634480525,0.3559657835757337,0.3868866932949019,0.5286416432442955,3
0.44251393850078385,0.22831839256496603,0.019276317123296513,0.6284859830320743,0.4821879456262036,0.32838871326391017,0.8490053101327705,0.2415993941445073,-0.025441949619521675,0.6272680823395168,0
0.8754461163939861,1.1115505356560287,0.9157037532270316,0.6294599766163557,0.5274891591222681,1.0759798851054854,-0.00772137803572534,0.3737357416037633,0.5915885528000598,0.20456062929472973,3
0.9473824839399522,0.22335791420028134,-0.12646319246573623,0.5154807651276585,0.6141770005133632,-0.4044448565891646,1.2913917613413828,1.0754203247157024,0.3159642789662043,0.40442976467453556,3
0.01396184068836856,0.18478474192025907,0.39196092258382975,0.49550058571082667,0.23556791624040613,0.5984857828528272,0.9225634025954594,0.7785629412577117,0.7996553345798229,0.28169411887993523,2
0.6214942185173117,-0.12266123092541215,0.19494492267304478,0.6985980335266659,0.8673008189591296,0.1422021709708648,-0.11266501606703366,0.6091498546876867,0.8597417976695481,0.32180813267232555,3
0.5925849079696255,0.7653452669647318,0.9647526212724754,0.5703919032021378,0.8478824436839562,0.8803357066959032,0.5662892871382194,0.31428650274267184,0.6954332330911148,0.3945219477526358,2
0.5096929675653,0.8088918841397792,0.8559570529830306,0.48894157783326075,0.7717691024391113,0.7983475595858389,0.5097969867430898,0.32306094603281615,0.7108365951886786,0.5109604028974576,2
0.1138739291811491,0.09330279454981869,0.6636221098676532,0.21680913061757295,0.015196512707338187,0.5983146563521895,0.7181002491203109,0.4741105971188893,0.3672210965315599,0.37282235243372774,0
0.8432380710213295,0.29029201942499755,0.7317938881419755,0.03720263402576558,0.8702299439289987,-0.009054834662007207,0.887514183680645,0.669598574690493,0.20966218444297946,0.791789052676151,2
0.8124416350532411,0.6406181772128068,0.45149691671869024,0.7372495880523344,0.16128940342317874,0.05765242417240633,0.492764674153115,0.21214693376225366,0.4276034596252643,0.703767861585303,1
0.3319643033609931,1.1485765569904238,1.2228200726238454,-0.1435913992887896,0.1160256461297432,0.33498207536999963,-0.8812772886568947,0.13499436844454937,0.8561321488609669,1.1511510469143722,1
0.5124575396239823,0.5879944117391303,0.2270092565526703,0.7271125063487258,0.12877774449223256,0.2876475874463685,0.807959140458703,0.4061880702661981,0.680426606182408,0.25415470699622816,3
0.49359561476273006,0.19412610493956817,0.489462269848406,0.2761241335257308,0.7453990938233613,0.2448895409635946,0.6686954808508491,0.10982179384694846,0.5599396992613411,0.3565576274129576,2
0.7848602918099935,0.19310243715940711,0.29633839546791807,0.2640165761772944,0.7870223679112015,0.9079407402714876,0.7235778653970069,0.549162677282804,0.7953902407568942,0.09266782886326828,2
-0.09201798689056831,0.5035306312637285,0.5566790244287627,0.9120205649004363,0.8348570868603576,1.1619787950321463,0.3579981954869734,0.5855952393713971,0.1752939017285266,0.4771787859112696,0
0.9852883039991152,0.6652494015643562,0.22541420532985545,0.897300775294327,0.2688212654781489,0.13480182779944236,0.6959629993490856,0.16764957761133384,0.4086045714973332,0.5153164721427809,1
0.7556703809173991,0.5973177649690649,0.7525864926140182,0.3121182187811472,0.7012068368503357,0.9408567744314682,0.31613678783282884,0.1288200456847124,0.2454049683819362,0.8996608062616653,2
0.5968448578670955,0.8066539486159886,1.012147378343735,0.4217201006175541,0.8124629739089463,0.9314322278052767,0.6368878554798489,0.4060195006581139,0.6033804034691724,0.5279995683751182,2
0.21271748916753286,0.33748304031075227,0.4673508630834319,-0.05341992643489463,0.7946188980496823,-0.07101432992603154,0.9992656644933979,0.9860511155213737,0.3760519446184575,0.32654389626664204,3
0.13660041372797782,0.9445760699569045,0.15701390912676305,0.7044038012503154,0.716602777563115,-0.00625981180703275,-0.00292297838235088,0.9155868882602005,0.11945096143469891,1.087886437942823,1
0.26304543931475793,0.02972197765704826,0.06666630874318663,0.29894424973541706,0.24676153102162288,-0.10401468277210474,0.3200364530744936,0.3845765489842156,0.5327826200694641,0.41283328499859534,0
0.2665492425536454,0.8409793139679651,0.5960036705582473,0.25873290638803337,0.9069492047296258,0.3430995454157757,0.9046019481367122,0.6829100787600035,0.3527137957022056,0.20999176739895303,1
0.9713088571169762,-0.1365553400011488,0.0045392085050721676,0.38998144118719136,0.12239424820213177,0.30854561198570585,0.2374908391165029,0.14366709586023024,0.19548141713755823,0.6511507469855419,3
0.5442634754343387,0.1712773886946325,1.0412819431738143,0.45636964888301124,0.7161294050486788,0.27160699351256407,0.33182483716054045,0.4390961645742121,0.7290502684721684,0.5782371500029981,3
0.6377921370128583,0.17159508871485973,0.44270602907343987,0.12284440052876278,-0.05829981833607742,1.0684394824053705,0.11523229185319783,-0.2262518064562498,0.7689342097720429,0.9909904492944699,1
0.5873153418330237,0.5507491005839433,0.3006066700981579,0.2723302812608849,0.8175041703538019,0.3209208304707514,0.38133749607195677,0.07871739804794087,0.2551232021696505,0.21551191297302472,2
0.7894234443431163,0.19274817304994846,0.3018538080146808,0.2635125448479511,0.7829686182106995,0.9081985448895035,0.719176827374802,0.5463472692340573,0.7938064369618081,0.09490482310627965,2
0.60074343701277,0.02776915483287895,1.0266127354753531,0.3691686684959805,1.0769361220828777,0.28589525516668923,-0.035308096127315336,0.4071979840040712,0.9558784045058168,1.3374926664127926,2
0.5151975339119186,0.5532917942838306,0.6215105486460633,1.036585862631184,-0.2166445983634141,0.26998749726316734,1.0615080751725383,0.8769107899418391,0.04292393593689625,0.6370146840485607,2
0.31127331082778287,0.6297596388659983,0.5488670058936018,0.6701642594471497,0.7289143024783749,0.5622858542788166,0.3904172577502064,0.5047000644535712,0.2848973853501454,0.7964189108728241,0
0.891841651481658,0.2964967727436842,0.7128142448797572,0.03865290134113284,0.9133212409721091,0.04336909018847653,0.845911038435256,0.6433150930931678,0.1953089300774102,0.7392117031929224,2
0.4529965428551716,0.2839227542234844,0.5063664394971666,0.6808147720544183,0.29560073125697245,0.764016013054965,0.8194096174532587,0.599344717478705,0.3940348577654991,0.7193547373703831,2
0.3096784811124835,0.21606949449913992,1.1194585759040603,0.9086755889836718,0.16150804253225454,0.3020503162521687,0.8074254764590245,0.478413541865803,0.37912257076642,0.9105184331891368,2
1.0365670848395847,-0.2587746924874746,1.643610436311095,-0.3915422306154893,-0.247352438280792,0.562075325443147,0.206137937676892,0.6691759469063632,0.2072489786307665,0.7767115828217255,1
0.23270133913691626,0.2597290437590146,0.5112045384556174,0.17917381042273345,0.7437252648003011,0.6356633245171119,1.0603138131228926,-0.21669794324961633,0.41871068743132334,0.03941363566250572,2
0.5082919031416322,0.8198754279247275,0.8807030830880633,0.4801243324281837,0.7604824284221213,0.8249175318873241,0.5390717093859511,0.3676247917886968,0.7391229613255758,0.46922714836115764,2
0.2697003562481265,0.9609795044830609,0.4760435684018775,0.4715554020500841,-0.17911754279653175,0.7408253824965011,1.0910350232266124,0.2523169974490541,0.8140398648663787,0.4393337388364143,3
0.14802315215041342,0.23011310944464175,0.7282988671468574,0.4692282058733789,-0.017458637990693176,0.5386888418055265,0.4748753275030233,0.28433831353080025,0.6698210631578385,0.1777047261674414,0
-0.10048153895513995,-0.004899147017803529,1.4600833929135406,1.3539473909373965,-0.3040934122206323,-0.39379059443536535,0.6063280896613935,-0.002741487121300401,0.11741320522090304,1.4522296553563852,2
0.481082462836517,0.5027590620463006,0.1653158060289341,0.7863747823940419,0.08315665207647427,0.36778822042985715,0.8376814999219209,0.35735273121385264,0.7870945014303568,0.31257423132597817,3
0.7941799119166403,0.5839554191300786,0.7699735850106456,0.3841387752009416,0.6406907064161583,0.9258162636903979,0.2873622519897466,0.1653185068080126,0.1975189015783619,0.8538167510722532,2
0.4125025719644381,0.8149651696265348,0.07618062283934378,0.33290617796735855,0.6764555993131534,0.1501874755772009,0.9110022372622124,0.3605190688206887,0.6566837190421027,0.6217945969057771,3
0.8136358863630587,0.4995333528537457,0.7124918549921365,0.8519586336901979,-0.12659673358793572,0.5071726406666162,1.0488283036651438,0.8145714245056875,0.42518983584867753,1.4471443518349345,1
1.1325120712410621,0.25753286953106214,0.29200545738003436,1.151548760618954,0.8953767864015861,0.7057345879479104,0.16919037795066144,1.2079256969618213,0.5731975568000683,0.14317917980902303,2
0.5724638408031423,0.256575134239655,0.4630029193567482,0.08265213766836904,0.20288647444789548,0.1542904517660186,0.5466735712833422,-0.00841190404448187,0.737603126205809,0.4428909137280422,0
0.6345318238457955,0.5292802365097358,0.5851482981200993,0.652870635845939,0.08651469840929177,0.5129243882714946,0.7137577757090331,0.52950948555168,0.5180231654696351,0.11676189288322905,0
0.012894254134669448,0.6147414848259145,0.8137592686951685,0.22741364817963394,0.7293641475739823,0.6783040653398461,0.5316394193350257,0.08245343939145251,0.7790036655500644,0.019472696918949796,0
0.9520394997544114,0.8708152321777791,0.14600713744461966,0.8159000610378434,0.6068805027849171,0.42217909305426293,0.9773616542623794,0.043876098041662245,0.34136430893881065,0.22213452236700476,2
0.016565829716607826,0.9083437188749822,0.31062217276392484,0.8990247695263931,0.7913677914555298,0.08012164939340215,0.013727771551008582,0.752073378882653,0.21282620740224645,0.9345056597405456,1
0.9698647093020187,0.8499372569972339,0.06010823536883277,0.8012040966877484,0.5945194876227142,0.2769845504717029,0.8457105817013654,0.0020728333847527015,0.29620968318411284,0.32290989687788374,2
-0.9609626876539585,0.2155934006053437,-0.489306069995318,0.2803200560337945,0.2576243343518252,0.47100908121760454,0.5748437488564286,2.0427778611121723,-0.09689941427252957,0.13656917205637936,2
0.4018121222552684,1.0046155675544832,0.9306941923872796,0.6637667008712048,0.7855503028296795,0.6845242983053801,0.5202619921244879,0.2467765562807781,0.9050282146224564,0.304205270385516,2
-0.32771028850893497,1.016755964548963,0.09436360628840601,0.5012765774987665,0.4922610447851704,0.551217500828538,0.11762739560756486,0.5574683003956671,-0.025876025759770327,0.0815926670893905,0
0.1018023426315501,0.608904281218398,0.2795316532212812,0.9701639216397467,0.16375324448003298,0.9370597159992345,0.41895616432233723,0.4733658959421849,0.7227765625841263,0.6055807603558644,0
0.1983310170091816,0.04292393078556406,0.4896669876041223,0.4178666683094832,0.2160885007206765,0.03261170431376276,0.90783949104207,0.2815063895639927,0.7079809486587751,0.2116092944763193,0
0.05576313956796859,0.02621676521387163,0.7303613831076251,0.3565174095283621,0.04367483979362248,0.39707687230788696,0.6023908473022936,0.39632962533225563,0.5334246779125221,0.3008459469067331,0
0.5082902394728851,0.8226034277743891,1.0012216156689442,0.6108373977665796,0.7999340353330249,0.9116835094326792,0.44608288803051915,0.3456105823622977,0.8175873011324077,0.37490284804687013,2
0.757767043314027,-0.32416461568772326,-0.052048928110146,1.0510201433872526,1.343834845618455,0.028293759872069876,0.18177551919599863,0.13462741824781138,1.0321426568753123,0.18324323319981464,3
0.9996571836172573,0.35422376420658397,1.1224850953663494,0.1461207077166504,0.5036004204240568,0.5666647275105621,0.2585244192313778,0.4119488355828953,0.2919798497859767,0.3761883063881669,1
1.1904445163378412,0.5019834102289891,0.5053389150694336,1.1740240897753784,1.7561106472997419,-0.1681376628771859,0.5288447254038625,0.24623196103695316,0.8404094591628296,0.8133816259578215,3
0.06730022762789675,0.3729455536730458,0.41041201103380476,0.8928411077527123,0.05968999410639833,0.6308189546473609,0.48120611134259983,0.32817125602341674,0.3152872781132963,0.7242050156836493,2
0.6179004362840962,0.2604488583968646,0.6984224464856383,-0.29744621368757146,0.9021791218787557,0.7179026263680174,0.6954674203694258,0.703087534445235,0.12223835893650134,0.2948612132892571,1
0.25351565462366354,0.038990846318863126,0.4641208483756176,0.5892855542873823,0.11621726391383666,0.7227181616394636,0.7167688689017537,0.8291926915720046,0.46055038301681295,0.4793281878190684,2
0.6363922480107378,0.9360398281050395,0.2933766847911745,-0.6181075409918566,1.480127874094236,0.10163281778480426,0.5111009105475985,0.980173456864432,0.30044762422426396,1.1465488617836848,1
0.9284502726287216,0.688602017395676,-0.11734048175532441,0.7833198704425582,0.2593329695211115,0.031111559316379156,0.6314672451956345,0.4504416943186642,0.7869561196295329,0.2135533801965025,3
0.7194986524813692,0.06664209836463285,0.7623962513399534,0.26596062845773455,0.028200442498296494,0.9829618053618605,0.15825091665016927,0.45589457234906067,0.1733283447434289,0.8749345144090412,3
0.06506737701477372,-0.22546645880323668,1.507820366462491,0.3581455238813743,-0.08324901157024511,0.03498249217866986,0.7479812971068348,1.079435393897352,1.2499481365730867,0.7364620813095868,2
0.1222482063567458,0.3452449096982487,0.37397789461828757,1.0013077579087033,0.4666375849886237,0.7680382006300309,0.44539535489917675,0.6832772622841362,0.57845615401332,0.5856974442084066,0
0.31046202641864007,0.4402437358653245,0.4119857444672909,0.4595076460986562,0.658254513419319,0.04136765614015758,0.48545662118230676,0.2566241666094735,0.10017163973982335,0.3682809439974082,0
0.8614957878228242,0.28691404419846545,0.734611992710166,0.05037193023699928,0.9123101209373033,0.001715365465564181,0.8865811660300723,0.6705629542439466,0.20028732064647103,0.7443723805078782,2
0.8498318833449032,1.2108782011521395,-0.3031319944535035,0.5844362472053576,-0.3452999788362002,0.4734544310294338,-0.11413310366495732,-0.3749445655183664,0.8413148179426371,1.127054855966697,1
0.7904286522245586,0.19089981488484195,0.2926170874441808,0.2601283786823424,0.7858521990368066,0.9044399100071749,0.7266490356359202,0.5542309725783244,0.7894587291000773,0.08650930753797254,2
0.0045980834707794495,0.6179469620450915,0.8195775075752969,0.22174140930009714,0.7221818316864647,0.6836448620103373,0.5229835702359735,0.07714172348400354,0.7754038110862942,0.01840926116474492,0
0.32294693292894416,0.5424319242556201,0.5391956453077679,1.4513510405042824,1.0327130317047235,0.20856284561228383,-0.23572611730014154,0.8566826108391031,0.6317213638892021,1.047040500107725,1
0.14523242653259355,0.6735871437272993,0.8766454647688399,0.8680674756456421,-0.21658658116720778,0.12511184844666826,0.6234451340281624,0.8540950689074711,0.21075036799359495,0.9530016031166202,2
0.7414921919312021,0.8717859802994697,1.0432345017772204,0.5717920365045542,0.47368077641444445,0.7839858474203063,0.3086881254030249,0.19190405217155282,0.8664335918474831,-0.03385395630644952,3
0.6597833082731485,0.49427731242571327,0.6045248611485466,0.6780094626192924,0.05260263548068828,0.5138843219815086,0.746448634742685,0.5291319746322786,0.5476807470766837,0.0763014001180263,0
0.6277643755304836,0.5623042045117125,0.32073011268013185,0.26186679805813146,0.8173740915791026,0.35220254852501903,0.38041922412614737,0.06384584476268344,0.24491266865489666,0.2204456941108271,2
0.11565434825087567,0.9499900490031566,0.2183575047277725,0.7468539464168273,0.8775745350504554,0.09071609780469964,0.16859269511403413,0.5937216630204107,0.3557204989524233,1.0846658650852605,1
0.3577715636189251,0.53490540998163,0.38999066299754837,0.28048327909348125,0.030111354177353843,0.5253604579120232,0.17898272105737068,1.0066221092698548,0.1097812311034025,0.33010601112345134,2
0.6534286496721772,0.019132232855716233,0.07631104545502385,0.8799621658966909,0.9382449854236786,0.13620408964643693,0.02051292549159064,0.5661484751124914,0.6820898558513975,0.4150791677074836,3
-0.16186026467586806,0.17946754859113834,0.501982275336942,0.0641915660268505,0.9567404940976334,0.562655045521991,0.18666027188311488,0.6397643692240529,0.9858750856627145,0.9630211411858146,3
0.7148164746647245,0.24493996900531514,0.9233170166000086,0.36932323378006143,0.700732390506725,0.38289345388114593,0.32414653185845255,0.025993705004811827,0.5441144556716769,0.7785269133853259,3
1.130189494467545,0.575703530726236,1.4069425043576085,0.6947508979614658,0.40797853962072544,-0.15568736638543335,0.49604729098986916,1.03236044279733,0.1222400721733728,0.16721555690216497,1
0.6141958022140963,0.5618120974977275,0.30069383985684645,0.27789840496058815,0.8189383808479248,0.34920276608068135,0.3703854505179338,0.08036642509152553,0.2371228128284895,0.20724978751148512,2
0.5516483746300682,0.27492283681889307,0.3358845660020626,0.08789862853677691,0.19340251657050714,0.19979075820512862,0.5071619635943391,0.0011397580279328152,0.5984112218293817,0.4166442829014555,0
0.8316542239356551,0.6601070296731167,0.47790528067195803,0.7403624026402453,0.18243812054431768,0.07994878302120831,0.5518346224546605,0.20919091698396264,0.42478723109838706,0.7226981485290647,1
0.9443983361591443,0.18242123915806605,0.44516575774648404,1.1413589991275068,0.6031341588094233,0.5553243361704997,0.44249438510411543,0.7295617446330415,0.41129959332895016,0.3279806432808562,2
0.21331064898491756,0.6419758216411303,0.8132904070230869,0.02863011595848567,0.8073392872633061,0.3821438114319325,0.6965680950797486,0.5913280773715157,0.11291185127048806,0.3301328994629734,1
0.6461116918427906,0.5517571429924089,0.6785290652579801,0.6523435396776935,0.9413553241912368,0.1762600971175302,0.9597293136098836,0.32076018663895844,0.32321742489287053,0.24185497794296112,1
0.8049855191561758,0.9267714357375513,0.8520287150665071,0.6562984667271603,0.42980999166149947,0.9825634560852804,0.09791701515174941,0.07945075569506291,0.6930425406622561,0.17612214394466819,3
0.2070983042658687,0.6329640696895801,0.7921956806861212,-0.002609882560654999,0.8330236777514302,0.36387016219301904,0.671014510273645,0.5655437291546216,0.13409029373655776,0.2953539755177578,1
0.007916844776021389,0.06661001027843151,0.481491811311919,0.2609785866724684,0.8246663844146186,0.4132839213894362,0.012477141048289779,0.708305143829972,0.9414622680793523,0.8005745629249097,3
0.7615585610227266,0.11389084250964095,0.18200648285140225,0.849025424110834,1.048128497863551,0.0732574367464503,0.12115736848327725,0.5426323418679478,0.5855583845955448,0.31059218226265756,3
0.3449024635209381,0.4103957643204146,0.24508972379771513,0.787312514450444,0.31447123623095513,0.40669958061498324,0.7845345324739744,0.6240434215289545,0.7497110319632438,0.4535431400560726,3
0.75279563371574,0.8164111124751865,-0.11504642078868399,0.8389005498937039,0.3825400163362239,0.1170334153364897,0.4790065285635452,0.511547791322469,0.39119103179644343,0.3903711445768907,3
0.0854288687525495,0.9522180530596035,0.5376731817524689,0.8232625476320545,1.0146705174585557,0.30816424332199954,-0.26945293518299146,0.9706143184754689,0.2157835981971429,1.2348370787896483,1
0.1774382003701845,0.4735326975513384,-0.1184591378122773,0.23574787903690467,0.5253799951549973,0.5178100278655621,0.11042840272978155,-0.00680166899382334,-0.13107168373323613,0.2040332523003865,0
0.9082919594441337,0.3728438051791778,0.7246216975374573,0.09986594528412143,0.8884859129800233,0.017814113484625596,0.8972806555586612,0.6139474778520806,0.21635478476166192,0.7825398089883568,2
0.7948874592537627,0.55824802291331,0.7750517657305726,0.367848582155593,0.6460894502149315,0.9056772673444878,0.3016081773274549,0.12579754760413583,0.19728717035878687,0.8560555090956371,2
0.4615186081273945,0.9204387056289889,0.7661563737038333,1.0580350493300548,0.9470927095156078,-0.24705466570020357,-0.1774478052595774,0.5260487055395172,0.03603276315071602,1.3604767548543473,1
1.0202178062360108,0.8976385100534634,0.5499923935423784,0.6752831055390223,0.80512970922194,0.2464140203912911,0.5482462971174272,0.09390505735722776,0.9734921125054238,0.023516218719439246,2
0.4799784891526851,0.44385911861554245,1.0043774601096465,0.15175237071431755,0.9178394501340403,0.5666560268438711,0.43265309002935914,0.8382353499680802,0.607947613896954,0.36826892949516726,3
0.45574681024866576,0.059039028900392476,0.9934508848221116,0.492862393732466,0.6930031322455106,0.14274440893563745,0.4155537443641679,0.44796915415799876,0.8546326386962965,0.5533468786838218,3
0.7446919121946601,-0.16401513466745757,0.28818083958143126,0.40660819275819804,0.00251043383563912,0.09134893370719935,-0.0004238968691005901,-0.035243588398986836,0.3954945373703336,0.9058354477325962,3
0.6749925741656871,0.49472936383611416,0.5861559729894257,0.6884421733361796,0.05794894873143736,0.5038853722070409,0.7439174751109566,0.5322504365632844,0.5596671376912183,0.09323287449043784,0
0.0971157674958426,0.18329677531012986,0.5315034215955355,0.4708944430928691,0.8400612093460575,0.291855310530648,0.4739273090160028,0.7809456473996198,0.3994905263684631,0.11994277941710038,3
0.03502115597179169,1.2489740625195203,0.907921821506644,0.5118102040309824,0.9615975141335802,0.41476926149187326,0.905043140995608,0.6169648278739353,0.843934408597623,0.4110742914225433,1
0.942696489863865,0.46669629585573924,0.7266069798316935,0.49382107542445686,0.25267034215971507,0.989770794857044,0.29842930924426403,-0.13363581131010968,0.6344290710899698,1.0430659056147995,1
0.12207114738475974,0.9249801130478044,0.6405549901228449,0.448191637534602,0.9389943767718533,0.1334300769408087,0.8608988596944389,0.42393598949408734,0.7517436035960096,0.7599402511246864,1
0.6463446896997155,0.5239328130338229,0.5618644298770611,0.684126976099596,0.05022674362664622,0.49391007140988163,0.7369523601368598,0.490776014289273,0.5436339010620784,0.09004309276800031,0
0.8258133363649972,0.8366564030975906,0.7620882592975392,0.7847932105156605,0.9158207130838382,0.25275651111562847,0.3630074503823137,0.8004565298893064,0.3307220135899992,0.6097763078954601,2
1.0161265258229748,0.11429403613561709,0.7307763204221248,0.6913798455490016,0.6672578461812255,0.7365993445337897,0.3150230276084948,1.0593991451312799,0.5348826443729617,0.08938139837250705,2
-0.1944248671019323,0.5331642667522377,0.013565381587459353,0.09880501754287377,0.962047260879588,0.6359832025288485,0.2759388687464546,0.571310644679437,0.44937792012951727,0.2821771574715414,0
0.6406231601934071,0.4705841243051967,0.6205649433474459,0.6551199538584209,0.03300625384264122,0.5380322273830148,0.7337797668933926,0.5519311299319006,0.5356896716567462,0.055830968220063476,0
0.424555903937233,0.39814017648911815,0.3352053301819326,0.4641707963035985,-0.01665932149262768,0.10050149764734051,0.9556295962334347,0.12191980056409074,0.6916472132030415,-0.03325788870225388,3
0.7896829896192601,0.21764724576847497,0.29172174538212886,0.2516595603897387,0.7954464943655595,0.9284173072235689,0.7418248386850355,0.5721992396377253,0.77146430720024,0.08278013697153422,2
0.021829954299658123,0.4982251146844757,-0.0688026808750987,0.3582029156959958,0.9583664092278453,0.3685155240933311,0.5655385924335763,0.47539226923575323,0.352377949833955,0.35267624960926963,0
0.9549159916552737,1.0113627237806642,0.6682664999725777,0.028190557269118465,0.07190566165396241,0.19060447929825625,0.01012097927036364,0.7498355162934722,0.956088128818213,0.7144289149724738,3
0.5149642996594015,0.25487268056695345,1.06168351167803,0.37326975166422405,0.611276890240503,0.21618736875421124,0.2741417770832022,0.47172680771715936,0.7868165347566849,0.5625610662606165,3
0.9790012651610869,1.004273093381296,0.65509993270707,0.005416336864678446,0.09096854211750506,0.2169684629230613,0.03426363835395155,0.7500819976538474,0.9789743340750773,0.6885179760662377,3
0.19567019857812473,0.642251649196854,0.4796159423105455,0.0390373534383952,0.7516090930787103,0.11119095952927062,0.7098487366247254,0.8051732999489359,0.3753136306827336,-0.06422970965589742,3
0.6684592814409394,0.5036248682753746,0.5939422887220693,0.6894831839211685,0.06483548089454735,0.5127769287781133,0.7480642989758904,0.5327774083699709,0.558016720288721,0.07627115936676047,0
0.4620593692855123,0.2300851152279621,0.3621297441363499,0.8720927284186124,0.4472691919615491,0.8749693493349838,0.836135068274005,0.48975806126325105,0.43315228315586496,0.708391677127064,2
1.0314599719591062,0.7775943605078469,0.7799066986769663,0.6796232906149742,-0.003070407689578336,0.5278604643164699,0.07737901789057078,0.7511338962228908,0.0230609556416756,0.5169934507891695,0
0.3093409378783918,0.18803894188222314,0.807039411680037,0.21465317104883153,0.16704804220293396,0.3418945092889838,1.2584174940772352,1.0342006906935304,0.6397200090261437,0.3599602828999194,2
0.08420217861212609,1.051406787806718,0.8560323972450794,0.48294486640370643,0.6788927137667226,0.3581498584744083,0.9986901160386769,0.20812833456970314,0.6119706747727653,0.644486397472756,1
0.4626749697683134,0.8633728476587785,0.5330370861689995,0.24541087610044285,-0.022944460895712254,0.9007793158221183,0.4456223607309514,0.46149447946986377,0.3202117337620543,0.26918983814692676,3
0.13929239800552695,0.9528400261749745,0.2840372634952591,0.79666184857345,0.8104545762883962,0.11132372936475812,-0.05856718796578715,0.767503049969659,0.1501531275422387,0.8933317848929416,1
0.9137664387624826,0.8518203119318764,0.9310903472937134,0.6794617641823949,0.4411923164171575,1.0382596450364965,0.20809021753831874,0.13629251867423509,0.3873073376273234,0.26582768495606235,3
0.18879114238075745,0.12281497779552769,0.5120389600684334,0.41945528663759424,0.8608842776181259,0.3004149085945716,0.45530367523706056,0.7576488464875342,0.47899153557150426,0.02610848242935629,3
0.3402272776418227,1.1699980885376837,0.9249462169509899,0.40176233292122754,0.5947548343027023,0.31649295639866104,0.7972474036335495,0.31972866157001556,0.9079427974953987,0.4363040462625246,1
0.3323634227304864,0.902345674180591,0.5881697831347797,0.36474080317149016,0.1952207619696812,0.7608147317555978,0.5324696202557828,0.4278267138744442,0.35456129689931765,0.3800827776961051,3
0.8811586001542802,1.0460334364163877,0.36655464755767764,0.28482356766866207,0.9456459443329319,0.14021440014482184,0.5052297342434602,0.4555318310416784,0.5777118862492603,-0.005700437708881886,2
0.275958770193257,0.21932142320676662,1.2914921956545253,0.5905921495868751,0.48825432894259435,0.8397380143387507,0.14247184764441229,0.6053387474295991,0.8874133183044091,0.7902771381112637,3
0.5898795585541301,1.0347873335986117,0.9049586834750714,0.6836909238068226,0.11790542102654816,0.9621732738283655,0.016894470762865238,0.37973312064173814,0.5334523012251062,0.1003015654199532,3
0.6554015516015904,0.07325880440074305,0.6177725981933987,0.15460500603680732,0.7569070529216488,0.30462243403372197,0.5492966671546703,0.19616201692602905,0.623474297017261,0.2649217449812197,2
0.09160068071996656,1.0460836149350579,0.685775960130305,0.4790555193051453,0.8695538443112237,0.2140119190610467,0.8832387663801462,0.3282166972302186,0.6727388330671225,0.7260652693113582,1
0.42731118401223955,0.6301940869012738,0.7273249713456634,0.5194574659357029,0.8389375235691977,0.522252744800332,0.9005430421822892,0.32565142491012,0.011994716159001878,0.8937892327631344,1
1.0049664873840656,1.0566188630167057,1.0225823939403382,0.7962953773958423,0.4696406192048448,1.0490426233357033,0.19783183784995084,0.1190244002738193,0.4263093674335028,0.01944977550184969,3
0.749604323403526,0.8206002465213283,0.2092144816572738,0.6864761265109007,0.45317670105345637,0.24409834244164086,0.8850596370916545,0.15886792266419722,0.2481824222134853,0.19309586616846014,2
0.5326263975238975,0.5762098300953263,1.4394544843370587,0.9948287370398764,-0.28198789484478765,-0.33779524474349043,0.4494378022304453,0.06466638382788759,-0.1548586065282057,0.6670355523224989,2
0.19366860581592804,0.6148628172173634,0.7650823607625926,0.02826935961384524,0.7996181165001859,0.39935807333982826,0.7414968661524083,0.5428592916478693,0.10163804185770291,0.28512452454601295,1
0.8164625084573576,0.04135775608161332,0.7359375956083059,0.3070099834372756,0.19687925110288196,0.8573782058543244,0.14154871225220034,0.57789017756271,0.2704973075528521,0.8663466663026207,3
0.6589305642449076,0.4979434479646326,0.587995902171648,0.6718554255877432,0.06736277112604783,0.500792617398116,0.7355444233467949,0.5230189400663037,0.5387331242773817,0.09272458217197341,0
1.03807098386927,0.8962211617569957,0.45117493940220793,1.0379492430207184,0.09202194324347757,1.3074161614795918,0.14340181728385604,0.27559356262251905,0.07976397848008526,0.3145145547314446,3
-0.20658443343764626,0.5103187414220463,0.7091325025818247,0.8151703550880912,0.502204701371037,0.5793343761571698,0.41334152698212523,0.4434823671557261,0.11056810287705143,0.837869030916904,2
0.6363841275577522,0.1316144615167332,0.8561316428589463,0.3437082557476236,-0.0022981565191231845,0.9499731151390052,0.4195031173175058,0.11539688948150345,0.47065439295157613,1.1169684461181473,2
0.013731052011671933,0.6168415640539952,0.8167339056413869,0.22865975945512032,0.7286641782981118,0.680486059468347,0.5323990714728991,0.0800982364399247,0.7786930434856302,0.017289053320721892,0
0.6109519626298539,0.5504130400691569,0.30096107998335947,0.28684538525455583,0.8243508961543454,0.34576012847387944,0.36523316610719075,0.06848636494300701,0.23252700386594782,0.20030552009120153,2
-0.31338302128949047,-0.007388421561485559,-0.07442673137556705,0.581863673473785,0.6817395285346332,1.1598484190215474,0.5908567655308739,0.8439638079360099,0.13326444844033974,0.43767981401394834,0
0.5079120921478566,0.83141037604802,0.8835618283924193,0.4812897418337663,0.7612924742244911,0.8312537544161118,0.5304182372210355,0.3533620222104197,0.7451379733385465,0.46835220263080984,2
0.05268107202792356,0.16371894097195275,0.5186035925988731,0.504637661526857,0.8703133796945038,0.35125333410582926,0.49749333161206905,0.7554880791860374,0.41368578204665685,0.14635117807498413,3
0.6127421296613402,0.6022036493069531,0.8037448438288036,0.7437097544351342,1.0080086296193036,0.15803422272019724,0.3322105103787167,0.826413719603389,0.29598891736567656,0.5337599291025359,2
0.3824659908756526,0.46064556579947963,1.1270868108557037,0.831892772466384,-0.0743080203958971,0.21317443574603986,0.9318181976701321,0.58678439212768,0.4776839828622797,0.8443756600788499,2
0.5933334584652523,0.36440020287009867,-0.07268728442738864,0.982060134362754,0.8534038225134447,0.0736067435043739,0.34035121179189054,0.21504090796408698,0.4780441843200737,0.5337683767892787,3
0.32363236270935203,0.583137749299348,0.7408383690014277,0.11946535122970679,0.7517953805723423,0.558537667317031,0.6689263804495839,0.710800126754577,0.5693903331800597,0.4551134091278871,3
0.23543715941633003,0.4644067407344669,0.4076741970099936,1.0759100333710898,0.4435230780510442,0.9265709618508922,0.24771060343251328,0.843569103086813,0.6717197218420478,0.6731504034436905,0
0.7533033746193655,-0.12207354419472824,0.0845635935995975,0.4659144194950208,-0.02540837748770891,0.16399725437678714,0.04878903283266868,0.09003735196191295,0.24832438122810208,0.7150674561142374,3
-0.0714006892036271,0.6893585500668068,-0.017099063075968604,0.12370108684039066,0.8786215351471952,0.41913335411462943,0.480394341213539,0.2685201122233615,0.2569779291590682,0.39907642408579286,0
0.038935558664038514,0.1593154525576167,0.5094761971097682,0.5045777773095633,0.8908760919083436,0.35848235858395977,0.5249025887921681,0.7355789032889274,0.41128665824330785,0.1601839070274922,3
0.05770384366467429,0.16800828607614637,0.5150987154402102,0.5371801366006134,0.9016783258340484,0.3009160048379113,0.522330552393426,0.752629937667866,0.4058171453223741,0.16385092930300874,3
0.13077578211923088,0.4006257128006757,0.5296919890791468,0.10557236449471218,0.6086741285785756,-0.002988275447196052,0.7118909389813738,0.7642679716791521,0.5817633134036396,0.20400420599870092,3
0.22363783671800552,0.06175165880943551,0.6958567146092653,0.3297992799942108,0.11654117309809212,0.5672424354382097,0.4234058062520035,0.1680523043822969,0.790487339361429,0.2985702094252565,0
0.04995863173104814,-0.09150900734437084,0.5383232464165679,0.01635190742112709,1.1888169227229684,0.3303663495212833,0.5661667765114685,0.8017867862078215,1.2378126959096956,-0.4063866408843264,3
0.3741939232895063,0.14474569531241055,0.9876010357943483,0.25547461309677044,0.5906414808158099,0.33234715130075665,0.31960731984472535,0.3926809721639255,0.8098160873638104,0.6406174498806531,3
-0.08734081232949267,0.7927753360341093,0.7487022819288566,0.7056916659452939,0.9695955297063614,0.1817028619064093,0.6642135171310516,0.22696437884455872,0.5020289510139231,0.9112966939109458,1
0.5759608295250083,0.8045570452763053,1.369295968862255,0.8017238164946576,-0.49563187158892064,0.2746953804048785,0.8169234621194507,0.6969912615917682,0.7947644712164894,1.399183313250023,2
0.19113044260796563,0.16794085282325766,0.6247729546953873,0.3709869918611701,0.3118263766505551,0.36592507110927674,0.9204831426556684,0.9191162758211162,0.8266805823688228,0.24129073947891078,2
0.03492423989249058,0.1731186541944048,0.5118757301747743,0.4742345927740118,0.8745463371937996,0.33149713675092446,0.5071280741820042,0.7497565854255723,0.3761931177397985,0.16728255327807978,3
0.8086847213901247,0.9031466747227154,0.6989494630373669,0.6073522564173043,0.43139976608705505,0.9147825665038716,0.37670244747097326,0.10663726201109545,0.46639498119833583,0.15983386991092552,3
-0.1651285443215267,0.45252334052250975,0.9341346920238733,0.22133516575698686,0.8981197056961086,0.2136895520664534,-0.8912533358518997,1.1546599075476243,0.36226705757584265,1.0109990841914454,1
-0.019527719101676944,0.9563196827886216,-0.069496877083979,0.8698830870027097,0.6130171409686777,0.04337770676727298,0.6864361906989191,-0.1287921047721935,0.981562118536959,0.6343331371173708,3
0.20247392919182355,0.4101104007297532,0.5494484840833603,-0.22099470915865552,0.7309139282643755,0.5220880412893086,0.6477722570942865,0.3864024238730126,0.27086051174143505,0.19420580233129608,1
0.41822431678410144,0.8111618811399773,0.8190559532813328,0.6243796186010725,0.6495504278711397,0.9437074858941505,0.4000139951899806,0.2787866961882633,0.707989433801287,0.4627394073618863,2
0.9607807709523166,0.7449600884938637,0.6943341680244325,0.6485092550044909,0.7276462305501582,0.17486415651912618,0.3102240054404192,0.7919825728695419,0.31879534104045526,0.6725835748998624,2
-0.45799116355057823,0.38541957488314615,0.19912866027305207,0.5486949760999296,0.4257756240352015,0.6400048451497231,0.8394398358369484,0.6239840174341221,1.0230567970475972,0.32081544421569147,0
0.08630889855990687,0.3627497641180197,0.8536813619883817,0.6090971232365563,0.23347858855881232,0.2604406508605135,0.6537880472796973,0.8406585173032928,0.2404198057009719,0.9917637865247915,2
0.9938879977286335,0.9897380771649215,0.6457587101414015,-0.01665992732188126,0.08402094833831124,0.21036360055385508,0.011955477904425096,0.7694995860144989,0.9983509371430285,0.6693361593229916,3
0.16072103173810534,0.9534432442925717,0.6803871944608298,0.5839587629631955,0.8012168575945126,0.21934409643254135,1.0191767485952175,0.46840421104037583,0.607153591922166,0.6523320031470656,1
0.09580863606888224,-0.023275648522482456,0.41164055001479954,0.17675451395948502,0.8958410254646922,0.4876932384984034,-0.024528317897357224,0.7896083288504202,0.9260980491281752,0.8505401867388571,3
0.5573239252096556,0.9700978624428115,0.9774883989336483,0.46320482448116246,0.16749688189355283,1.0525391399102741,0.3305298934886697,0.34305594214620505,0.7065096404253398,0.2339480809022271,3
0.7233904197625317,1.4062498278205706,0.8817025931113803,0.23748460110501962,0.12480307554907316,0.7737794959363188,-0.07575716487272799,0.010944498698342575,0.37292614054323286,-0.03748347355240872,3
0.5446036086822523,0.5280903056179668,0.7093703045796982,0.8188255726041864,0.43148513189657645,-0.17378582552314464,0.5652635967793163,0.2985405529317889,0.5315982085064689,0.6222499865145557,1
0.2620994555161805,0.07941725709446819,1.1705473678084977,0.17343489562201783,0.9094473165522581,0.46999925026539624,0.1362165716151328,0.6356515787973136,0.9660080472600958,0.567267110774826,3
-0.2164747134761572,0.169264544523975,0.6286990040578371,0.18905882410674188,0.8218472935639556,0.5049312820624939,0.1984567970896605,0.4394423117251842,0.5338906292049237,-0.06596309123986543,2
0.9388828241792715,0.9790698657589949,0.15644239740925292,0.7204411333841414,0.5262651194327611,0.25636558275365223,0.8855501036031548,0.07274115964541186,0.2066694989212649,0.25527448796321706,2
0.9795332675982809,0.6659113565963066,0.9036717833088974,0.595960616883655,0.7460614576948704,0.282074246551686,0.24926732208298433,0.7890194827022444,0.3163811019616172,0.516829778765314,2
0.5939994803521024,0.11838637859378663,0.06274903881283657,0.8177718162247103,1.0143412694619929,0.1550467642512643,0.10628035650194645,0.5521831913987254,0.6886509708768661,0.3911969167936384,3
0.8065455330803335,0.5844199704991666,0.7783935658302252,0.3868245605484216,0.6342433498437688,0.9458728132757442,0.29990514168246923,0.16655881616560214,0.1873350180477509,0.8703670712100806,2
0.008271128530187126,0.9221559470455107,0.2738229200292141,0.8640396904150878,0.7763976035713447,0.07632741647014651,0.06032274472274665,0.7184282784801388,0.24916176093272988,1.013715853556547,1
1.2535674617467156,0.2786593151309349,0.8063107376506559,0.4683035184783491,0.2404058444787947,0.5270397688599213,0.45824290608632895,-0.28662898318021474,0.36842318759566667,1.0146651364911528,1
1.0271013122290833,0.8637120657550592,0.4842428409379421,0.6478496725751254,0.2609103545903689,-0.06805266361136175,0.6210507067913249,0.36533665717539643,0.5735740872902303,0.8692066966870077,1
0.7073691179735484,0.13347363625635822,0.8084557822224248,0.2683959443948673,0.0939720130025343,0.9797468725084099,0.2117798379690854,0.5674580547313873,0.1386561907424187,0.9423549075173188,3
0.029740641210289603,0.8482224649386357,0.1977487593402441,0.8181496249540777,0.6457790220713424,0.11002388666485771,0.06070140724174866,0.8189482108106241,0.19949066796334974,0.9993935424466098,1
0.09501524852545684,0.7010126704141207,0.0162197876936614,0.2836324346503191,0.8388008675637982,0.4294178525549907,0.3311366134161717,0.3593885671409922,0.14752426233379615,0.42056948901858016,0
0.4339583905504723,0.11211981471471788,0.24286823476033859,0.11333984217767708,0.235982442350719,0.2744840485053647,0.641769678270699,0.153158071130521,0.6554654889159327,0.41608194456114256,0
0.049313355881229703,0.9023193754991247,0.30493404748910685,0.8784738852004325,0.7488881936129063,0.06255024141073201,0.0284842729353724,0.7177573266098854,0.21872826796118275,0.9656582099985492,1
-0.009138775542740452,1.0885197626666154,0.8482007647098648,0.4929134727693447,0.7506133378136984,0.049906223495550406,1.059195622639186,0.4539445257032435,0.7771246041965859,0.482117624673911,1
0.0965700610141906,0.9364351541981517,0.3300742866516983,0.9103323375524378,0.7147511354191562,0.09518653191629306,0.023557228745808973,0.7508790520138869,0.2670684284288666,0.9537110543225402,1
-0.029200884306015695,0.19942586518917735,0.5050312004195123,1.1090318812260394,0.703885502722218,0.5534111968061806,0.87382879883918,0.5412172808330752,0.7053425959973582,0.8787462481157717,0
0.0800664923359493,0.12342298783728009,0.5435566953049805,0.5360146717699612,0.8613016475980437,0.36983128190468556,0.5243229959266702,0.7302691527908303,0.409992596115118,0.17493240439529506,3
0.701588933392164,-0.06871747062941495,0.050457788346071404,0.9774168421970806,0.8982016990666447,0.17822664224237256,-0.07494116747169771,0.5140019694480248,0.7128287117266896,0.3626206067739767,3
0.5892918418424425,0.23196687243749567,0.3753007895082568,0.07876738659041299,0.21888614125382166,0.216453881833725,0.5841242164980469,-0.027111410812979166,0.707384403742825,0.350661015826546,0
0.0526966546529231,0.9042989563740734,0.29465028513378894,0.8696631186941578,0.7541251279114884,0.07814924090710046,0.03819873871083742,0.7243468870993709,0.22705521214498417,0.9630536418564033,1
0.8748019969474501,0.3074567736119651,0.7069044900139175,0.04703466216894679,0.8799830992348684,0.013913541630212849,0.8614703705088465,0.6498851834467164,0.2277730316712647,0.7593630829624994,2
0.9253468054039794,0.9499676206654678,0.5319458438886586,0.5603526733185322,0.6814595379231778,0.3276891111830106,0.534928933911549,-0.029006462456871288,0.9393368410858924,0.022731888629429244,2
0.2648109547010543,0.15325717449727427,0.7171824528252988,0.5703004231976915,0.1500301628609108,-0.07635580170394507,0.8762163533852764,0.4187277858930463,0.37294201390209775,0.8481422761969664,2
0.012844084140033404,0.6139404720883533,0.8147534113511422,0.22684920554101634,0.7297574176753694,0.6785086128454498,0.5312396213671532,0.08220571375788736,0.778627719496884,0.018507596965973157,0
0.659869014336578,0.07947916397711499,0.9522319892187474,0.39582474924342326,0.7385960375308219,0.11001513757287046,0.24530831621329258,0.5037614104918955,0.8076624556438231,0.60970614163745,3
1.0542695766921328,0.9585258466533878,0.5618033895559212,0.5929670933346297,0.7450727260529695,0.31947852992725523,0.5375869014466843,-0.029672732892168138,0.9843197982521676,0.10990713127202466,2
0.961608260462758,0.8741480109199228,0.08463199051883816,0.7188005113286102,0.46643137966512216,0.32219146750160893,0.8697519322795906,-0.07229223362053591,0.28822443256914665,0.3493239243044605,2
0.2142945596027493,0.28589887010908477,0.9607988891857061,0.8448370809248111,0.030937672067702607,0.27539745325732035,0.6693984205037818,0.741946772293084,0.4431768017850266,0.7534005426261432,2
0.7206624665636469,0.04133411333267179,0.7356190245815977,0.2524311698838063,0.07081729686187246,0.9755190202432262,0.1912587748822637,0.5002246606349159,0.1990122698891873,0.9047497530135541,3
0.8838987367561586,0.3031545067899082,0.706372343122111,0.02575104555605473,0.8937564507187061,0.019466854583481474,0.8636347192961075,0.6613486375087918,0.23416563529526943,0.7510118054468947,2
-0.11802322712958987,0.8123771370682307,0.04344376406603894,0.0898157294997961,0.7795369479511847,0.5333605960505936,0.3750613915389253,0.15753772710298466,0.2695939122843684,0.42944425945100606,0
0.30260731180805345,1.0638414887166283,0.550214883370393,0.4126875961732277,0.7605988693066852,0.22358015478885918,1.0783379241558293,0.532444338475447,0.5490829278556624,0.5746001337816294,1
0.7793943039329371,0.551035786136245,0.713451063187777,0.35412857251226876,0.6115273243276982,0.8469488267044506,0.3431034664382007,0.1127416855245065,0.13250371303695957,0.9049600466222486,2
0.7428120321933659,0.5933973024197499,0.7497598658505369,0.2855587070780771,0.649570121851841,0.8824808499585505,0.23836218530546455,0.10744086202366192,0.2422087207075889,0.9104637376229295,2
0.8555973436451829,0.1990499995587231,0.4224237851198374,0.9779038963160194,0.6866740256108297,0.7684553420089933,0.10972533448564253,1.0732104023437232,0.5512602615657356,0.2623852710718847,2
0.09967048301200476,0.3477554960461858,0.3692705876321617,0.9912105253014752,0.47757226990283896,0.7994832448744887,0.4478714302277197,0.7351677526841083,0.5530216389900817,0.6344960719966943,0
0.7891098140486991,0.2039812845625333,0.3077199196893641,0.2612690017088534,0.7750630654902854,0.9119142699277425,0.7341219313957571,0.5709115025617709,0.775843598899652,0.07810922126486064,2
0.2738000308720665,0.8317997611051811,0.685896445280976,0.14199149591064308,0.8105805188392724,0.143201148022938,0.7541334226841859,0.7104224801810193,0.27731431676811713,0.5479977022012414,1
0.23271686902939837,0.659145848749399,0.7187137713244999,0.15391837028589386,0.7655301804527632,0.3135118590921398,0.677589256973198,0.6159195176350157,0.14691395778578153,0.3692616683693619,1
0.23631436039966275,0.5606040088601298,1.1274283238622322,0.8675126437678188,-0.18453335429385875,0.4817095561594561,0.740133244515686,0.6927268911810374,0.164768540265291,0.90683314860219,2
0.9392682301584842,0.9964643714902872,0.6224979198122665,0.014273243702191515,0.06896214584896096,0.2510555103469285,-0.018136121415929123,0.7164651868703666,0.9498730176572417,0.7453813365547793,3
0.9395225283042448,0.8943694338016565,0.07950056781640516,0.7843589565276359,0.5716227552560438,0.31405272793989775,0.8696202753972622,0.01477310797997285,0.31715934074146424,0.2745357448366768,2
0.09037733747852542,0.35482291912844366,0.3573144666300197,1.001565339152291,0.4592212974434244,0.7819011741782735,0.4724364094894762,0.7290666540087098,0.560292861269109,0.642050791350259,0
0.13221751464083556,0.6532377924091793,-0.04087565999954894,0.3038185628598283,0.7485959199977994,0.42437219049304414,0.25993560436799273,0.4377480052039172,0.14112013645410562,0.2982493066614411,0
0.7900912951197181,0.6660811339401284,0.41670185798336173,0.775194049099692,0.1966801950192888,-0.011191114529033541,0.5802389483729313,0.7316222888091263,0.8876471538760394,0.5667463233393448,3
0.08242025978109704,0.35661312997133404,0.3774886826514678,1.012609588550192,0.45948915088297787,0.786189053263605,0.46242241223745395,0.7230602166732533,0.5378531903973454,0.6523748920704303,0
-0.07774217734551232,0.2802314106087902,0.611894436519575,0.7443138237721899,0.19703114628706236,0.7223050918439706,0.48577782002272535,0.33957271274162326,0.27400000937005864,0.7557995815638547,2
0.6749181812474914,0.3265374876853931,0.36228745930230194,1.1187810168289392,1.136788683453766,-0.03349499630443864,0.33855918247091693,0.9111768324568872,0.6241204585000286,0.5778956332567271,3
0.33263324974759806,1.0883892831690045,0.5266134889814056,0.4404079571057785,-0.11658513557593514,0.6433560019905421,0.44198244781513796,-0.11247476369381898,0.5619456494676295,-0.21739943667334072,3
0.18015741542526292,0.8726138637923977,2.1007159191123215,-0.2112285383045437,-0.6391779880457831,0.47043606244499736,0.07437070279084224,0.8237828198855928,0.48133925530919813,1.504586593154865,2
1.2563454468647537,0.8989582455737011,0.9561226724775387,0.888845759146896,0.015535150331526262,1.1852445642322336,0.17414155908591833,0.4461907759470288,0.45027126019013763,0.7563773349107673,1
0.06890786518032546,0.4442786579367467,0.42138724430212476,1.0213215719844606,0.45572718410508706,0.7275452560756539,0.5061626832492541,0.6432862656418556,0.47227296315353495,0.7191261296003594,0
0.8240273658006931,0.8351901284900954,0.7909753929579566,0.8107367985581334,0.9155535017045606,0.2445337566085427,0.34518343062686185,0.8152321564258668,0.3374558835087924,0.5989057303344748,2
0.8289950799938353,0.6582259451303407,0.43477055544248816,0.7238101604280031,0.1608622217879576,0.04739772151326445,0.5051687069311469,0.19962365319390202,0.40476881999766456,0.6995241829695424,1
0.7859982510812128,0.5470931344483031,0.8015055645735685,0.3852862795873717,0.617664997998774,0.9253187586174871,0.27557781037254303,0.14342753557567892,0.17101378299486455,0.8936976047307745,2
0.034434892182491995,0.9231338032807097,0.30888834592061964,0.8926024794099543,0.7514928082063222,0.058041190530055506,0.04942178809938859,0.7117738716449364,0.2342055927095085,0.9743284037858089,1
1.0470737600706221,0.00925644984026279,0.3211744389479204,0.8276753173775816,0.612025229722944,0.8854280010889012,0.4136222790940767,0.8680068689530388,0.731862696942856,0.23791300810520966,2
0.2759861364470526,1.0667029994972352,0.37822607444876527,0.6170320019456996,0.5849180288242867,-0.046550368770870876,0.20668139316931386,0.8687421860821594,0.07871812163781355,0.9136820311230255,1
0.7459709355030045,0.028059036790787056,0.7892685541568452,0.18663079979255193,0.16064217096331596,1.0218530685149723,0.192385200721913,0.5046007855237545,0.26642773921231966,0.8221694149142579,3
0.19307691334101532,0.8599418231349408,-0.15875949936331302,0.43223068393463715,0.897128643606081,0.5794549230581907,0.44789988437575445,0.246035271657446,0.4063096318321787,0.2982001534583878,0
0.6607698497090134,-0.02517870522574006,0.8139753159152999,0.2611235541294433,0.11902526055691039,0.8973388359222281,0.13091753433285983,0.5688324282583267,0.23801656855346373,0.9364920065733939,3
0.8799592763845598,0.007149971978949163,1.0399151799371733,0.44697749322747227,0.36586943465082744,0.4029677429506907,0.4365252999078328,0.45313195223024577,0.2973043256767642,0.3807630811199035,1
0.6135674148859115,0.55208953545106,0.6565348470144875,0.6193349701288082,0.9032206453792923,0.16589968292347634,0.9668365454527383,0.30264145412967347,0.2987152265315204,0.2846516486718036,1
0.8597582463026797,0.22759110228402823,0.39391719254951085,0.8852762503487946,0.8018411331187233,0.9390343341734233,0.2068440535168036,1.1771526783439408,0.9166693351044504,0.22967693767150363,2
0.7911070243585777,0.046178308480492355,0.7253243254503232,0.1352454508958567,0.08791163391410536,1.052135096498041,0.1697568190885866,0.38365593108406465,0.09867930497219646,0.8522533623721531,3
0.766323927998335,0.9776166303870139,0.868305955710527,0.7445962587828193,1.016822544845354,0.1070228813613529,0.4781234510163862,0.6151946249003112,0.43592814517174505,0.7667075165528769,2
0.780073346082246,0.18775491215473575,0.29555295093338185,0.2599848315729337,0.7887141529211699,0.9064181133558967,0.7230937777208727,0.5472563944103643,0.7953420295083903,0.09340713266267928,2
0.22075308103510796,0.6375616722175864,0.8384699799033171,0.033140114113624684,0.805176028595041,0.3946946204379002,0.7018211718401733,0.571670465203764,0.11996669615487802,0.33140858393103406,1
0.42467553009325953,0.8564736058030572,0.07227617354812083,0.31500202801645755,0.6618223198290376,0.149823290962389,0.8652816553869064,0.3380678519480118,0.6757986622215113,0.6088952062675087,3
0.4726905668079983,0.5433503629868214,0.10490182224893299,0.39204039777781574,0.3125313473759341,0.42545702128502777,0.6433456902523366,0.15285924362824624,0.9725109494013621,0.32388280424889004,3
0.06415992187514949,0.5401925776380991,-0.0864600133387336,-0.059756824561749244,0.5985334322604594,0.6430735120672079,0.5918350445517329,0.6705935384658901,0.1915438347052194,0.3870129992224409,0
0.895621441690558,0.07564539776804287,0.6957968068193048,0.9836068676484094,0.7176334310598497,0.9525234570989457,0.29107067808012627,1.1187205161799674,0.4231595698077273,0.09065268688097294,2
0.6859361159243648,0.48270253964517995,0.6152524161567371,0.6751265579843707,0.0873518991500139,0.47651588707631487,0.754832321950651,0.5177526583268298,0.5257162308000761,0.1139206982115222,0
0.055965473923973476,0.1530744835657492,0.5274669251229891,0.49619122352901923,0.8778637676393927,0.3348451341386646,0.5114940903161491,0.7364014572448065,0.4009980468075252,0.1604220687586776,3
0.04227654826499884,0.17912913788773513,0.5433242112519637,0.47838776636503894,0.8879419952979447,0.3148214289063349,0.5020749584200479,0.7670523189966039,0.3939853483570705,0.15726023888654425,3
0.9505351253772419,1.0790799015323835,0.9806450987945815,1.3701377719635275,-0.4114567160933439,0.7276636837155543,0.01900819021431091,0.5579586016258803,0.05417525366618536,0.1858470122266684,3
0.14002921875560354,0.6140427470300303,0.27764770649227,0.003440725499387731,1.1347491125919777,0.14715249658327334,0.4269874233942772,0.23083233279826604,0.048473029933386855,0.6524772902402277,0
0.7548768845312642,0.5918838715451644,0.801154702752717,0.3741870340999458,0.5781454660498103,0.8886471587722218,0.27803785612999626,0.13611076019333584,0.24707465337587997,0.8160463555048802,2
0.012631837870740879,0.6137261112502935,0.8144469634837781,0.2268563964437634,0.7297699680013099,0.6787486043603974,0.5313037918037188,0.08207358755649656,0.7786524067213648,0.018739896041502144,0
0.7531979347358142,0.038868609810070905,0.7976834192070569,0.25122012716327,0.14280994788038906,0.9663922654199075,0.17390574956769458,0.5363708148257398,0.2039125165862756,0.8985900826038569,3
0.28013694341720397,0.5543740509056745,0.8090737149843504,0.9570961140834928,0.29786615246961906,-0.10172405529903433,0.6953534307437379,1.0505404029241685,0.6724272630047639,0.4820609311337148,2
0.5035029186073039,0.5751030044991366,0.2351056343696114,0.7125715509849174,0.10868706118759848,0.2980822671759623,0.8085921436826162,0.3660674028341793,0.7135318737288817,0.22692418908997275,3
0.19224416100242472,0.7620962143765533,-0.07747807134558361,0.2796568921281663,0.9323953873042381,0.3702849919692857,0.4273640856120797,0.2512547242835584,0.06947220122083496,0.5115863205175257,0
0.9744323119998263,0.9988845337117361,0.645570056186201,0.00872474743714217,0.0971457403230595,0.21268539249900165,0.026195729461004,0.7512534994282781,0.9815166207580297,0.6975659405851282,3
0.8231414259421134,0.606177145535989,0.8057154454400861,0.40463899677688014,0.6313431435485467,0.9187039045159283,0.26299273454268396,0.18089638498631933,0.17129148979055106,0.8883391003322895,2
0.8515772997476141,0.2931736568766221,0.7247193350789558,0.04476676914461728,0.8497225057676835,0.05651665582443592,0.8819333331881467,0.652819099366191,0.2257763125406532,0.7633543036075087,2
0.4449785224388398,0.7775786918770183,0.020101829277967997,0.3301699217630704,0.6954185262053061,0.18614058711145554,0.9104562776363821,0.35826065678515395,0.653460341339389,0.6502480405211118,3
0.04564064893338998,1.190265512238625,0.6350010270330521,0.23297708006516743,0.08138364312543539,0.555792181807895,0.28698616458908766,0.5584926062725634,0.3958032542272442,0.3949925021241001,3
-0.03205810095242098,0.03934278620440623,0.10432416960457136,0.878696629454583,0.679357553734981,0.3873904659305305,0.10645247826473841,0.9884248273916787,0.5025466553823283,0.2731131386362391,0
0.5739950918710891,0.7254453717865008,0.8503807959198153,0.5190433113619206,0.7773998760273804,0.8873350713232089,0.5045047072301075,0.33745404504736365,0.6801460968620254,0.5800552507644224,2
0.09328586792747572,0.3692469790064659,0.36176532275299406,0.9936148318793294,0.4799890347994735,0.7644595817556701,0.4598206081572683,0.7146963623171817,0.5615902920004863,0.6194092104489377,0
0.5231922678787937,0.8442985454240214,0.8710933485072526,0.6328111402128829,0.7884244694758795,0.7838021553964609,0.39591068883814234,0.462686490451948,0.70711010993363,0.5400380232803996,2
0.38468605527876343,0.5779606586778415,0.3584282920496852,0.2685832294499188,-0.12668502177769625,0.3367469703635211,0.3428531214418857,0.8943199117015127,0.17900650595043371,0.325222500814639,2
0.2169219524310914,0.7529752180168436,0.395573583420599,0.49726319472349706,0.6107169942770887,0.8490928625951704,0.4973622817161753,0.8013468131182138,0.628949370759043,0.27819581281954137,1
0.3551771624393598,1.279390677237445,0.37755586473320824,0.771913886348299,0.38335856828825227,-0.3352372114535865,-0.4336885097497799,0.9362879110241267,0.7186843484549833,1.470140302025789,1
1.119541326093614,0.1436791690996179,0.6497768343156216,0.9776247063657408,0.9051185288334895,0.8750892201650358,0.2956280580433698,1.045485853133005,0.6188444972412707,0.1454691986102553,2
0.7519760741518443,0.7106996086555846,0.6993195764744099,0.9633008216926455,0.944457957540628,0.18559839038654863,0.2026112629610278,0.7150009849109281,0.5495959014438273,0.6801618684071766,2
0.5187983803722966,0.9389122235163601,0.0014828850880453173,0.3474079907162934,0.6433237124685593,0.18505025371912567,0.8310104012901667,0.32568328217902526,0.6024333698014398,0.6372098075242717,3
0.28556093812479033,0.4479746910945327,0.9959206903659623,0.7321095512685964,-0.05324355357973891,0.13957196596507523,0.6970225317787944,0.6421514227185007,0.4497460435629721,0.8246280221909063,2
0.06705373203906764,0.15319575963906562,0.5155079890065302,0.5080561965666635,0.8894021194838269,0.3333668340791356,0.5138125401497496,0.7375669866514187,0.4120450044172131,0.16891178942407087,3
0.7306962114784212,0.735427499231343,0.23144067714964323,0.2251908293897794,0.4704492823909053,0.7958143174264165,0.8533828961204482,0.5564910715107404,1.0573324591639848,0.2311081151234848,3
0.6969562261593918,0.13172690026712922,0.6409104694769903,0.5282708415190372,0.3850849296689375,0.6342836350320298,1.0108291601129202,0.48428128765755185,0.4446268031136634,0.6020411652508261,2
0.36818906496820114,0.815875659992206,-0.009595174335840034,0.2646618645696651,0.6850962596185304,0.11978320804496212,0.8637148864464742,0.3509933260882784,0.7268118200271543,0.5719850348823244,3
0.8932764119022611,0.6151179820819496,0.7781085620878442,0.3197311319323101,0.6315954735592779,0.9068972264505617,0.2945617388298076,0.19931200464200124,0.1754657487106342,0.9624494465773265,2
0.7228594275474481,0.2698464990853213,0.9696510823035618,0.3866077154453447,0.7441051184518731,0.44020831686456696,0.3109450289790638,-0.033080234260551664,0.4803318169756339,0.7809360968792729,3
0.5941899761101846,0.5670109627070156,0.760387099152536,0.9636254112700045,0.00979001274171451,0.15583459938567865,0.013064476475299323,0.9333880774740573,0.10454020521345991,0.4538964978298331,1
0.4132210323613096,0.4442276599460779,0.3341695908099309,0.3126523525321058,0.04292064973989723,0.46699338334089086,0.2603149746156592,0.9704391139666494,0.0012720961335124514,0.48077339049967316,2
0.5095790617111222,0.36564717547680214,0.2607823123161173,0.677658922677886,0.3180546275077337,0.5318613398620611,0.6473597451369236,0.5364720180898609,0.6185930488192819,0.1785817455192592,3
0.8851075257050497,0.958364338511562,0.15734479804890025,0.7409081810533101,0.4836849993322487,0.3302324358102812,0.8233046702469166,0.008652246115036986,0.3036624585692782,0.30460595675307234,2
0.9783510888466862,0.9958663056662275,0.6495488375339897,0.0020240230594285816,0.09112489473445569,0.21506919853076556,0.025820526879448275,0.7582305444264629,0.9858393104295047,0.6923057364336163,3
0.11677721810557573,0.35560541564804865,0.3347873160800247,0.98296500804896,0.45792264908231134,0.8067985218939262,0.46574194138243824,0.6969162791046362,0.5851830480985358,0.621033077928972,0
0.3382446191147293,0.3050796637199473,0.9076186772689366,0.8698175507846669,0.15224737115328832,0.11360557987917583,0.9658696803094425,0.5901418887409697,0.5456223494053912,0.859851158278418,2
0.07234733916923258,0.13957149023405072,0.5122574232715436,0.5049271031609618,0.8923488422876807,0.3525839723824716,0.5217122462074473,0.7178247143898755,0.41436344416347626,0.17338792911905881,3
0.6781499830527418,0.10337025489655793,0.6836643295382006,0.2255583942477882,0.05189171808004592,0.9379349793895125,0.16705854146005572,0.4730706628511182,0.15787529081969232,0.8382680294702809,3
0.6798650683020997,0.47134325970388513,0.554201283203489,0.6477767119765423,0.058282530502882,0.4562513795925314,0.7568120589272895,0.5025308860997011,0.5442610696566901,0.060053960602720266,0
0.8769039961023265,0.8620491412002586,0.21106425116840125,0.9323929117711534,0.12064089531170644,-0.058527316620458444,0.43888460732323653,0.4576768120676415,0.6393382047341247,0.742100666793737,1
0.7047988394262111,0.00044936623605197623,0.7417620194786915,0.15208190438619806,0.15136158756320325,0.8964354993816626,0.17597776722824363,0.46261927234352396,0.22928648797221712,0.811662992983477,3
0.38743730894818135,0.776550734886006,0.07756774623178991,0.2911846369131105,0.6497119909049114,0.1746311229039902,0.9110982686209442,0.37536631321317193,0.6419728035359101,0.6504011557032118,3
0.9039764411911293,0.9253794596737033,0.11285168676886469,0.7460436867411432,0.5841183602961526,0.34849995765158864,0.9123337094363586,-0.005684785517385164,0.30613797520495595,0.2907538093191892,2
0.9002486437455692,0.8839556152691104,0.13726075884039424,0.83558381755322,0.6057865366152204,0.43444959373803843,0.761479962107349,0.024913998907404374,0.3400814060029991,0.26203110535298424,2
0.7517688947889096,0.5703368159847866,0.8235105889287956,0.3824879479802772,0.6702807418418064,0.973365869776549,0.3109601104909602,0.11419019858522558,0.18094945259765752,0.8183511574843181,2
0.16105908244866063,0.7816417434414694,0.9645792028021605,-0.02613060482902703,0.8168051818654536,0.308078335209822,0.6718610068232024,0.7261489370303917,0.10973926068547152,0.36372919343770904,1
0.8759574214440841,-0.2867516479674651,0.7449339558433306,0.3756981511083547,0.4080796339885926,0.7131592975980332,0.29688035533416246,0.26316882525274565,-0.0003483530816789093,1.2254931983186104,3
0.7187889546063687,0.26447194308705724,0.8946007510333293,0.37727183470765935,0.6669189306182344,0.3892437726845229,0.3101220319277744,0.001013692174778244,0.5237896992821861,0.7712453050425622,3
1.2552225340265695,0.7810622402755176,0.7355984305339598,1.2965717534299468,-0.367121571584762,-0.2617102276403622,0.46812342717945926,1.1768932016588483,0.5243023314807227,0.5368644371025453,1
0.9099983489584846,0.8743672197896323,0.13569049976378686,0.8033822280420073,0.515445438879655,0.396252941038578,0.9149058049280046,0.036739960720922726,0.33071740721570847,0.29209258159844614,2
0.5790447776720525,0.8042752368648253,0.9713883190581701,0.7944613354609137,0.37539679659891184,0.2702121681145712,0.14911789853471383,0.9357595280852399,0.7444610587811481,0.6987644971623863,0
1.0180174787070309,0.8081452322678638,0.7885408996726415,0.6641273662350102,0.055372912909930634,0.4858048363229843,0.09278693474253995,0.6714696196446799,0.050274532110625963,0.45997508799966136,0
0.6796876766547941,0.09654464121807547,0.5946932210861684,0.17351360932719684,0.7589293182793201,0.3426975323525667,0.5721751472067553,0.17977112003467777,0.6010219006257798,0.29050348102749035,2
0.005651221500791323,0.2935906740516446,0.2927952857142353,0.9075098271199281,0.3406485917332483,0.6535903378016807,0.5769566749277697,0.6617198878937536,0.5946066384949991,0.6168274790668341,0
0.8776999365864583,0.8834967838867259,0.7515327747660793,0.7694017954399346,0.9601474752756055,0.20881673875772414,0.3278595120739515,0.7624826456472898,0.38202557682276056,0.6209450877873036,2
0.08760592328354744,0.6961810472647383,0.030317937650364075,0.25056977200064495,0.8637377276474013,0.4332105442354329,0.3820609089268367,0.35486820953989107,0.12342683679912031,0.4118754351206478,0
1.7360362850152855,0.23888910953154396,-0.10196908220577902,0.8556198375761509,-0.08724289645327521,-0.44399751915510277,0.002257074250708955,0.6325612145740753,0.9333529733884037,0.7835115683493659,3
0.4541629338471642,0.42759799665655773,0.6930683521593033,-0.16073824291377578,0.7265344366265588,0.49206976400862334,0.9660008682766192,0.6935239321027362,-0.053464679033845636,0.6934328256677449,1
0.1495338386953478,1.1352432474104022,0.6472040055422478,0.6309641990094946,0.401418485379905,0.47765566977297863,-0.19588694252382804,1.315515287711707,-0.07113056662118444,0.8783516154147774,1
0.56309667918315,0.5866953145354635,0.29093675775630035,0.2642948948203436,0.8592238056443644,0.3182643796351526,0.381310773117365,0.06868900264820749,0.2299001965577592,0.2397024559939125,2
0.06495157272158883,0.09786397520555282,0.5172076327144053,0.1863535732837137,0.8254360045893907,0.41452051350709224,0.062487596296351464,0.6943490137792221,0.9085936269298942,0.8189478547729082,3
0.8315242678616629,0.9702375684414416,0.7850177509303807,0.675556532843045,0.0481488404167235,0.3956187355397305,0.03882685982497845,0.7010390429204811,0.21753000291246707,0.45324080710195624,0
0.9452248417170283,1.0077304398701603,-0.3373264004957297,0.5107502639432457,0.007352343148364637,0.035602750119460236,0.9320371510362327,-0.046421340235908826,0.7109975916117746,0.31913382852014616,3
0.3562373702396503,0.2693448554934942,-0.09628957075534694,0.6935364047683577,0.6726741242895257,0.18944552861584013,0.8647437050030004,0.3497505521717429,0.06822627535167285,0.54468109136273,0
0.8781879353801866,0.30569310124735194,0.7112569610262905,0.025193433836002123,0.8863647220779046,0.02847081213737849,0.8696285167060863,0.6505546652496126,0.22458869387821762,0.7501122379503338,2
0.891106197178622,0.32564562136979375,0.7685551066518445,0.025636450004464226,0.9673505159835741,-0.02810656876959374,0.8654645237985299,0.6424609137142809,0.2582642478264509,0.7139917589235,2
0.6411075514656835,-0.04630000574263106,0.7453767810203202,0.12655325043589538,0.06621364989388392,0.9880740842889749,0.30561301435000904,0.5800231984873869,0.31523202130808636,0.8584511420122274,3
0.13772372900010552,-0.037632951384673596,0.579885701942076,0.12856082200573885,0.8441692170041183,0.28366312466496024,-0.09675417628452715,0.7720447662678137,0.763788784145977,0.7406661984534575,3
0.6715900525565431,0.504792500116866,0.5949673591103734,0.6867068924035822,0.062295993810622334,0.5015740555494624,0.7409257255621505,0.538643514053633,0.5398805778849238,0.08122826033763354,0
0.7705840544824001,0.47852068369015416,0.5007226368274669,0.24804186639167217,0.38281840130152306,1.1194093447362947,0.3418108719516476,0.12006425926839423,0.9497870070852548,1.0767153893116943,1
0.6910865086762823,0.47217414375167527,0.6446129944763899,0.6641291355819137,0.04937367981443047,0.4470426179435899,0.8141192993578206,0.5658365450776874,0.5678830166278293,0.05183752913474701,0
0.4721447164318196,0.6587948777648822,1.0911821399507216,0.305959340263281,1.1576995657863138,-0.08023868934409845,-0.036724730781418524,1.3182517036299746,0.5418991497594472,-0.1646060991538313,1
0.8443374340266064,-0.10907319983448696,0.6872848738157773,0.15422273112255816,0.1629448055279386,1.1796962426550037,0.12900903758186877,0.4009264121246981,0.1567125920031669,0.7081744420345546,3
0.43563180982506045,0.28542341363407653,0.10299851283453802,0.6063374743040472,0.5483126833465066,0.26593823088531915,0.7090386754625166,0.30688025604927044,-0.03427814307108565,0.5030044271069125,0
0.5472348361995661,0.2707324142436409,0.3980125050112513,0.030643291117184758,0.18960303032850198,0.17787062103297205,0.5780296567024928,0.017423557527728003,0.6290565850054706,0.35223892265546247,0
0.0048964468915806,0.09442273102420523,0.45158503919725623,0.25929576167635726,0.879730121197772,0.6426172665255404,-0.21106643992584245,0.474993635162551,0.9885991944689462,0.9626925239487947,3
-0.07130816891663119,0.8659356930664234,0.2711879644502051,0.982817327203994,0.6151022853326168,-0.025393230619641896,0.16949079041621457,0.6587574850137973,0.08665542943345522,0.8493030033322168,1
0.40149485936651796,0.6814669962233697,0.24819481941000224,0.4787031743174198,0.024005416946756813,0.4486671391645454,0.031006341645916743,1.0725815227786573,-0.010930873555969445,0.5142672158558133,2
0.1816290642996899,1.036764330845228,0.7612182863309708,0.5203506427938668,0.8553972987810711,0.18911235268035048,0.9712687978315072,0.4190473336149691,0.7211770145860567,0.6368910415317766,1
0.14028773361962152,0.3471647901412907,0.3644525922737821,0.9669934230203873,0.44141887821005094,0.8331658347840959,0.47025382548237915,0.6884639657112541,0.5784461204565932,0.6472846936078395,0
0.31827948983140497,1.341704680082104,0.5818288071275891,0.7927468407804226,0.7131229066072433,0.19999807640624204,0.3928830870899989,1.1271463132484019,0.4756250255246291,0.9549568166607247,1
0.04059414510396704,0.5100216494999559,0.39423093796404524,1.090895573797633,0.5919885079829558,0.8289387924629105,0.33576638338010906,0.5946850590915643,0.6819136888063746,0.4557912402503653,0
0.7998078568313611,0.5986597382242821,0.7623707061538257,0.36180435092367835,0.6587951386458353,0.9257771487565486,0.29505956890131135,0.1746387354945021,0.1997750399351048,0.8640487911093201,2
0.20087891836424537,0.7033019274062681,0.7186244821362201,0.04858787736329884,0.8417129947555068,0.42454317980774425,0.7038679177218716,0.547660688632369,0.11960835363585767,0.402569693034213,1
0.438761644003131,0.7341368894512751,0.9419934009049471,0.5254495994449043,0.7806655811347358,0.7371961649355483,0.4903957971844377,0.3672452960259936,0.7666304405872537,0.49082987326388205,2
1.148357873770304,1.1145460389929078,1.0811979197127284,0.7773627873074882,0.684368691232666,0.17252731281996764,0.6005050567830386,1.0868350487682543,0.18003879869760908,0.4587388297261687,2
0.8006030515644513,0.20269308355956758,0.3080172774719737,0.2551000375796299,0.8045704997791593,0.9257683389405861,0.729177130801204,0.5494826156924392,0.809076902606276,0.09020985356337019,2
0.6245686635936372,0.7739101584815626,0.23341943823579792,0.24773939430811948,0.8740688748702149,-0.015503783378904151,0.9327500891076784,0.5594569513324,0.6414237713072264,0.6913960067375725,3
0.06099018086241734,0.45517660621423245,1.2932086391204591,0.5942637639949865,0.16327377334032608,0.6036975612594018,1.0559944011789457,0.6033737848434729,-0.13815316707164615,1.0352442469331704,2
0.4639421285174811,0.9447239444434974,0.8202243267709853,0.44367493650324774,0.6491938881010502,0.7857572568141182,0.6455592794550626,0.24663226543961347,0.860065787895715,0.4862513960987355,2
0.9015011947473839,0.877442371750792,0.09825258164888083,0.7773624110529269,0.584630865119981,0.297345237387635,0.9145207690715219,0.0062278045780011695,0.3011204474897661,0.3240620556709824,2
0.9173591308297668,0.04088294312531249,0.7076062707999371,0.9853479594558582,0.7319687983236624,0.8285746964188456,0.27144991313112715,0.904692942717325,0.557049188354426,0.2303939256510571,2
0.6420788249722774,0.4099765781262192,0.5807538080738763,1.070950468258535,0.013613894487747406,0.14841993244565949,-0.16715354371560356,0.7478459575262231,-0.014984119895120718,0.4985850542096214,1
0.4772061450214704,0.5776823661541635,0.22574813262121687,0.7238671534133148,0.09838458321130063,0.2997255067118376,0.7971440073277298,0.37695746589957035,0.7236966666935801,0.23681682749953123,3
0.3193257852214676,0.5739245054414803,0.6973433927665933,0.0648686052540602,0.827901801412532,0.4611793473750959,0.5637622542193714,0.6720076367402922,0.0025016197650567645,0.28694605649870353,1
0.010761228060864415,0.6142511716368345,0.8123252620538803,0.22706901941173696,0.7291737308440974,0.678565263894978,0.529811971464507,0.08275663702380939,0.7771233099412523,0.020484486314762927,0
0.26126678499692435,0.4860186397477134,0.3204737589730413,0.9209890972547161,0.43791984140045237,0.5665692288387558,0.3769428969575246,0.756691326711766,0.49195101989266216,0.7043912694230033,0
0.7141782070594257,0.07847821254199365,0.7404489017269132,0.20964184451411863,0.10244551372241803,0.9353885693854338,0.2083936203550826,0.485584932257126,0.22384142790326897,0.9046920589717515,3
0.8308938492165635,0.7858741047313033,0.7267547196410205,0.9802347697669344,0.8746553747989425,0.24886230939515774,0.18704343055975728,0.4721400541362672,0.31686784170412674,0.7777927430654323,2
0.3584224152045734,0.6275358497388701,0.6582670417224308,0.47265045612702816,0.3381402870016749,0.986686938000884,0.12563548460703333,0.3088400041711382,0.198197113891094,0.2530337540229394,3
0.1435864610123384,0.44108893794725873,0.5526352534998367,0.11319383704120901,0.6078185496009495,0.03799222415566323,0.7541039949622906,0.754485738059775,0.6250861925892701,0.20665495610607001,3
0.46039874758889154,0.39889352652705323,0.21575336725265495,0.002379147574209581,0.29025175946644616,0.1987855472018217,0.43404202261129526,-0.00961435073581558,0.8141872646942818,0.2996773041979424,0
0.03506561657263167,0.03972375039098735,0.5152193698038258,0.5468897624505281,0.2984430239750824,0.5486965993521734,0.9686917917770557,0.8534555606269341,0.7243950603169472,0.33552503190662264,2
0.6684866887133242,0.0377261304775203,0.521343382591409,0.2007542182353485,0.8206893109025274,0.23970006884335077,0.5604734281609083,0.21233522838371927,0.7118169785448313,0.2725578799498081,2
0.020854692189670426,0.9513077814205363,0.2646677306577636,0.8258753279787271,0.7318588165335161,0.06990126114795794,-0.01857033144218572,0.7035491070919065,0.2675160888736561,1.004168520071219,1
0.5634204873739047,0.7655917086599417,1.0395255138972739,1.2311907698763331,-0.4247883944832378,0.3814215910125716,0.745013033221823,-0.3127783819071034,-0.0352088358714846,0.8599181507058526,1
0.1517804744023921,0.9930392589920736,0.7251398951144926,0.5221088883557095,0.8400898168451469,0.23749117386710114,0.9515316551932514,0.3763339926048986,0.6810306511653813,0.6512454127201148,1
0.9738935427013762,1.005122664492754,0.6488206632879386,0.013848906416009502,0.0894940178440428,0.2149845248304508,0.02373806203934873,0.7492691860538352,0.9876238471606134,0.6918496909588345,3
0.09525262886971296,0.3569278717885931,0.3592222878529082,0.9982916433211783,0.4680267517073273,0.7846812652547929,0.46952578519574234,0.7279085647860628,0.555257737982849,0.6392814105689559,0
0.8804105433858128,0.8842544916216981,0.14148050007484272,0.7510421301525235,0.5423624343120613,0.32632335626580794,0.9169698065182514,0.02837616675665115,0.2953841818033025,0.33151042356635807,2
0.012055231528340815,0.6122950631698815,0.8115824887206183,0.22626639279851427,0.7298863687302517,0.6758561172154672,0.5312851734767059,0.08300869318181675,0.7769675744957378,0.018798049144410207,0
0.10256827822323761,0.6754512394579656,-0.00927128770043563,0.24380331125666596,0.808491573133502,0.4471799315436108,0.3918064545806839,0.32626082600522704,0.13092653692890577,0.41697327638888754,0
1.1253437841772822,0.5871853900263783,0.865262352221189,0.45681655912719676,0.08524448594622744,0.8902450894632827,0.43199221779570435,-0.12673148402546236,0.6434992945502473,1.1361187647442512,1
0.8552484408037957,0.8507109359333273,0.6598112612558399,0.8697258747137426,0.8572652312423678,0.211183797835485,0.4755217949178396,0.7103923659282164,0.27814688242157737,0.677344551070823,2
0.793364594057276,0.6018420143761947,0.7795645973593566,0.39300421413092484,0.6589077066807832,0.9538826839995774,0.3077439625371794,0.15304980322727937,0.20697525726512028,0.8564549033980162,2
0.8152413240940377,0.8733014707878569,0.06792506240936869,0.8326840077045564,0.6002313965250823,0.31166112154240366,0.9635707176342897,-0.021422199995615225,0.31360029843830084,0.294053142564998,2
0.2131622090737756,0.5926109764179608,0.21593280263804127,1.146701847139176,0.4926458301277542,0.5432490641671254,0.3766977120785333,0.5031643241473361,0.5825755018686678,0.7570820702237697,0
0.7654231470435457,0.5497940338902855,0.828649401354496,0.3289009454273716,0.6258347983361198,0.9434177542442095,0.3330245634681958,0.1251236381239643,0.19836135148678122,0.8921232597722375,2
0.1308189440326135,0.09929230505383607,1.1299930269106426,0.7510480500059135,-0.18100351205525733,0.28499965023221974,1.0093630860988905,0.5932063398924693,0.33312392651877143,0.6431646371910795,2
0.22398403626032498,0.36460494743729893,0.44770826194822333,1.254318592782326,0.8802529712956623,0.9880252952325097,0.6159788572382128,0.9013296096113845,0.2177156815713066,0.8217111054049149,0
0.34250377528218423,0.817293219944491,0.684414966432448,0.1933067556758014,0.21756022095426572,0.8581350002760088,0.45575478628215194,0.43535635052082,0.4248543900713103,0.4690002017147653,3
0.06659894264261268,0.6760259429061877,0.7859611115763904,0.16097885119197888,0.7399319637908294,0.33180904289572916,0.8036679562442941,0.47501217531456247,-0.016830984028491258,0.32281499006395825,1
0.8028772743302337,0.579827707294174,0.7754644578617533,0.37900833069118045,0.6372700300239165,0.9380191264931727,0.2935449918099449,0.1529694818484524,0.19801911694576585,0.8629762366172244,2
0.7082328110194825,0.5099206633279613,0.6145168170897125,0.6511387625596928,0.017422338814429596,0.46608531785588553,0.7460336101611273,0.5540893191021123,0.5968302426023779,0.11426412054930157,0
0.8975607498626285,0.3755564562753412,1.0074239643121774,0.15732712510557642,0.5691076118667744,0.5618389163724764,0.3984114456248438,0.8428873707029747,0.3937117070728837,0.20192510160900576,1
0.8413464523600944,1.0837698445246198,1.0067618856047986,1.0045635725086224,0.6613409060211254,0.47252767450665045,0.3500316000414702,0.7178678442588564,0.4675179580845737,0.4696051277831136,2
0.9944419915893786,0.9771277996964535,0.6150939750112275,0.5160416581728628,0.9161171184097855,0.29969758053859014,0.5062286807721922,-0.0962938466844768,0.8719399569291787,0.08884823461742003,2
0.9874323764739069,0.9810435333493852,0.6603253660280176,0.014021702976958504,0.1155603777296372,0.2175265728670493,0.010031688494240174,0.7709809265069304,0.9671003158490566,0.699950190740169,3
0.9190856265362045,0.28037536714774397,0.693374123729753,0.04429868624028138,0.8757386099518514,0.053051967783507535,0.8666190745260464,0.6585379753472167,0.2706642742951104,0.782993982552606,2
0.7988893822607587,0.5796026915295256,0.7732977850508308,0.38427026412973525,0.6389003569632329,0.9299513316437875,0.296734858294408,0.16139532738556056,0.20501778639433704,0.85779274245242,2
0.6969300893094419,1.1624321949111995,0.8809229186397596,0.7650150125177901,0.27211934839754204,0.7855720262245826,0.3832026037314912,0.3844244855596324,0.6856032573897186,-0.06431182737243879,3
0.7146825547810111,0.27244164206889954,0.9385112778872049,0.3624781282634605,0.7083502052681945,0.353765015887339,0.32980226429184406,0.03829603956863378,0.5245122419174861,0.770630515058133,3
1.1084734609929405,0.7587991633055885,0.6774376566203499,0.6598797010657865,0.09974742274827632,0.4902520379829119,0.32963646277046266,0.8659626250158088,-0.15713421215718107,0.5010326149729576,0
0.042341888477470044,0.06225382690207269,0.39004993285882394,0.1726545640341529,0.8161090216687371,0.4803399515931621,0.0365311950343203,0.7750494987993299,0.9788637892715597,0.8799694589351893,3
0.29289195702334053,0.3299869137010058,0.568620497073884,0.4915131078307874,-0.020463729718779564,0.5706524894782428,0.3597849279192392,1.206588758756347,0.15739109278210972,0.39419251745664513,2
0.701263026897517,0.24626007451107926,0.8947953013087028,0.3836934843562676,0.6788572379990667,0.36714937561188826,0.35128460926118243,0.059554769579510655,0.5291346949392189,0.7792848061186859,3
0.8467508604792202,-0.022449075884324626,0.2512558381869607,0.48018792627510815,0.1805717775941649,0.1493742655454141,0.03594554564848194,0.035488498653276114,0.248094371207408,0.8541176363644593,3
0.9265485784478769,-0.0017934003019491364,0.13194466358564833,0.02938898891073216,1.4371385988697623,-0.06463503381118141,-0.6671810324344204,1.289718613209614,-0.011322643034416435,1.1361140216339376,3
-0.4083400303132085,1.2343365611889507,-0.0717496409236298,0.4582807900189055,0.7473725578681282,1.061404454717785,1.0289535932257476,-0.05341867284558566,0.4514854029274649,0.5420110525442136,0
0.9617776544571488,1.0200393967957615,0.619960743508422,0.6945281587613757,0.7969452020532767,0.29927822620639977,0.5492069041871239,0.09575952346044572,0.9333808699095545,0.041545874343365055,2
0.12364862574574796,1.076718220377575,0.7919607899949811,0.6148623722494704,0.8086447032745628,0.2423041410019831,0.8674020409098672,0.30976972960571747,0.8384440831530011,0.7878317952622736,1
-0.008578159789148457,1.0046869809573715,0.5685325930369205,0.9053628108673496,0.9910273446852489,-0.2168316727804503,-0.09826606830245327,0.5430702519644901,0.1855500399604842,0.8352666956917238,1
0.5919673072240512,0.8852996523039649,1.0612284120963809,0.5094692575515236,0.4894042815752436,0.26723843783243995,0.30899522867046636,0.5805561808263476,0.4233357607096961,0.6234346531043057,2
0.4298096108353817,0.8508329350083469,0.0210780027069754,0.2802740251037601,0.6828761150510828,0.18451338994036864,0.8529684220973873,0.3556730460450205,0.6699552176532066,0.6271726730677115,3
0.8028068524148376,0.5837276970599174,0.7804956476684762,0.3738102438758787,0.6372565670977031,0.9368480764104948,0.2911146012087926,0.15823943572883215,0.1951009734862175,0.8601710802771099,2
0.5223873077120262,0.2756579735315081,0.3625056364596384,0.05649969488306553,0.17798242144330448,0.16629835792863176,0.5241202784018222,-0.02634572886362715,0.6660524668602307,0.34638216446073317,0
0.6805095235415153,0.7350382349281194,0.6755808519352469,0.6254905781188955,-0.08744396364885362,0.771822147392846,0.49737261454837844,0.4081418240703907,0.30673252033495313,0.08110322921123697,3
0.7203232598381598,0.12049953657264942,0.6965831047958719,0.12389617179475579,0.8152892893100945,0.22747272315631142,0.5146814534674935,0.2885385036630647,0.6871859390047941,0.2594587395181378,2
0.4462319609462857,0.5595406957979189,0.19075951943316413,0.75026670071206,0.13024636240958135,0.352521356290451,0.8264064065131634,0.3528914107210632,0.7538869909396004,0.19343738906427155,3
-0.13072973363423948,0.011985770963444525,0.5167669589339734,0.2599535679225026,0.2728402330040566,0.3347583167086721,1.2025937689327713,1.0702932647963417,0.776719481305377,0.17309085361091633,2
0.3107304919517008,0.1484430497473446,0.3248053607088587,0.6888582029845685,0.6182948743007348,0.3697805889771442,0.5919900359481457,0.16213275352593015,-0.0031345058651207,0.6689696916489765,0
0.7047378745313029,0.2553272692490484,0.9169255371895554,0.38128659212313243,0.6966160441767404,0.35972308669526737,0.33299152360640194,0.019105764797096605,0.5416363997350828,0.7794507519808385,3
0.7514393611510393,0.3074454709427372,0.5941352082644669,0.5085161516359121,-0.04183029417256487,0.8517874588720832,-0.0033539939735756086,0.40546148420010353,0.11938070041124414,0.8190286911276173,3
1.0471044739217066,0.8895839246522091,0.16839812500230678,0.7429401961368394,0.6820772319703499,0.4305273406128183,0.8315519570076879,-0.010384953485595587,0.36886533472568417,0.3712629460880469,2
0.786313817895868,-0.3236890724910391,-0.32770200567641067,0.9672781633655128,1.0544522529825038,0.027162081455579523,-0.22686036608945837,0.1688000856671626,0.5769287803639662,0.17152481603554565,3
0.7224469740368724,0.07044807813751522,0.7252847331819705,0.21838482499765582,0.11126750615988376,0.9690463548036292,0.2036848087084625,0.5061659167098612,0.21853771097129074,0.8704934635708064,3
0.8191750809571251,0.627412384047145,0.6116668856278373,0.5094611477530355,0.5432759667234326,0.8374835384246534,0.25136277844674504,-0.24233751249377822,0.049605461521974537,0.031053401173774975,3
0.6938054145971216,0.4977510955361134,0.56424757828066,0.65120642192827,0.0634338600422342,0.5408308862607774,0.7189745559707643,0.5130843673125418,0.5468580472958786,0.0870839215714709,0
0.8831032035666008,1.0708027311505686,0.5814069774098573,0.6311937026109072,0.7429723392128283,0.2829882729474795,0.5029441313472892,0.12018773114205893,0.8856761313096884,0.11179806319751989,2
0.35557101070093977,0.1425464728345211,0.035700755312221076,0.6315477148706056,0.5778902196637579,0.3777531926832673,0.7742873938891927,0.26812878384436395,0.07473918818081551,0.6481753473816277,0
0.7283218322486867,0.05134133323898997,0.740569701102887,0.2354611189804724,0.09175446760186198,0.9563821650432872,0.18556088011457292,0.4934830636341633,0.2007361260351559,0.8857454771208213,3
0.6542000905625163,0.3650859686379364,0.9080623406663015,0.07356569922914244,0.6174670816511223,0.37828663427834375,0.6557069661394055,0.28371619722717484,0.15193037711181606,0.21608272416881266,1
0.5404147105702239,0.2537834600298875,0.3798679810483063,0.04053093672307724,0.1566877359356216,0.16045106035140375,0.5482014948850636,-0.0026148985049648057,0.6520266078746656,0.3600265620873134,0
0.3658546000404786,1.0889292815101632,0.46459400793578887,0.9634999843908897,0.5278612610332116,0.356378879990033,-0.3167385921445165,0.5004815213408544,0.3006275535598843,0.6205940805520833,1
0.27994664607323316,0.30433169560257245,1.254750855075205,0.9363831235406916,-0.06471060408763839,0.39230062574847036,1.002218362886738,0.7321498789446818,0.36136785722668785,0.6984163811944453,2
-0.2726212541487388,0.932647452052272,0.6035409340301268,0.6659686005587557,0.535578963507603,0.4289240315998413,-0.2909720714002934,0.6899862074159556,0.3849434726356393,0.796434986108752,1
0.8660127129604801,0.9330548899185629,0.12848014816343628,0.8084761433914825,0.48112915336143747,0.37129662101319955,0.9066210826543453,-0.01644792110374818,0.2126986802317932,0.22987025155239826,2
0.15646897256338843,0.17876022093204966,0.7034249191201294,0.578868216718895,-0.09409211660470201,0.1928811530503759,0.969133604051659,0.43682666136143433,0.38289425620447726,0.6310950160768637,2
0.5893524661852984,0.5516945897142774,0.3316374013632576,0.29670124556984334,0.7984157523553074,0.3314874175833254,0.3751816696382677,0.05082612404705829,0.22270348876208504,0.17850925443120647,2
0.11250663874791686,1.0201475949238519,0.8866765640732409,0.6708740575700349,0.7878925806717904,0.2903180323679178,0.9660966077760188,0.41344597415171225,0.8661945745236493,0.6009509634863777,1
1.1143043358201667,-0.08496047225916958,1.0298196146915737,0.6293897422193387,0.64210247946847,0.3736685762753998,0.2892399786880445,0.2725299903398118,0.5809720635715924,0.48665691076447204,1
0.30825630679928645,0.14928780025292765,0.713693199077532,0.4347810277211902,0.6638870952784347,0.650396959602568,0.21612694367077992,0.5487519709992601,0.612868143502677,1.1537479343399815,3
0.7775417841752672,-0.07473827173138631,0.6403239034995425,1.4631771717728186,-0.8541200965973154,-0.14082805541463622,0.8415612587798248,-0.2058041454298558,0.0009454532890739165,-0.08328858391409222,2
0.06183783216237305,0.6800564938176056,0.046207938224231464,0.2512462747610496,0.8504269279362677,0.3908105540594434,0.36606482041281246,0.35007341062566133,0.16973027077332947,0.4002697156209018,0
0.9807420092999537,1.0096313812680318,0.6491733417813998,0.0015321728116825823,0.10737344380297827,0.20744904290335817,0.026797958586633547,0.7530668159326641,0.9698135686613117,0.7085707027861801,3
0.4179100640566131,0.2985679554790128,0.14250628635520907,0.6706257839432445,0.5721594842065596,0.22844720880313218,0.8564491476537109,0.21729807366452294,0.11855253631415778,0.6878728454360642,0
0.045499266891105124,0.1607788480498255,0.547048420180278,0.5088638764948167,0.880763839502116,0.3408523446268255,0.512381402296182,0.7611012363870477,0.40151150533788893,0.17864980606863518,3
0.08514427206431495,0.8757751382846499,0.747656423393787,0.5253894876775649,0.8904866545788072,0.224025103741395,0.9560887949055304,0.4240275552439319,0.6666740734942849,0.6174773352245347,1
0.7573898916071078,0.8600135067748241,0.2686335448229048,0.614133229421861,0.3361905017528737,0.3899584595799138,0.3952345112608224,0.4432952571912229,0.34503266497960683,0.7214871736325081,1
0.030750077693534383,0.32966732058956993,0.6457791923276297,0.16637184175801173,-0.17279710431637257,0.23264430951799514,0.5610141980650838,0.5052264911908463,0.4965888185283044,0.29463066049129105,0
0.05085239920595175,0.15624918477925095,0.5187982551414091,0.49195890520886515,0.873705239756265,0.3385512911248158,0.5161860215123562,0.7374808800362738,0.39805538061450685,0.158727633456823,3
0.4833400223341514,0.10212224985987689,0.2155869804797811,0.2186855456262835,-0.44452373254708394,-0.6309924695012028,0.6412928330185496,0.5096567996976139,0.9468501309504943,0.3751563782846366,2
0.34340692081443647,0.520570121923732,0.6131668487705562,1.3137649972591623,0.3667329448888716,0.8525476011076558,0.830599343090854,0.9350223986211862,0.5242559150059599,0.6385469458176186,0
0.03961990472514782,0.5001747194012911,0.7421682864539441,-0.2832582636695299,0.9761197099447277,0.14127184441113433,0.05589205024166209,1.0198942496172725,0.39141712687056085,1.3432945362431803,3
0.8388815318568671,0.6145228724193642,0.7885286133715824,0.3312050171091921,0.6750621718955954,0.8900740454927589,0.2659360472834149,0.10972231596629742,0.2158459877685995,0.8757046839243928,2
0.8370707355043093,1.053752484909137,0.6770480107997315,0.6569757802683587,0.5647443731509179,0.09427085562667298,0.7233828582151272,0.2136867226178764,1.1487804548074183,0.14130700421284598,2
0.6187249611485716,0.5415448293082086,0.3144702859506619,0.27487309683428873,0.8274866903615621,0.33228760827546133,0.3607692544753985,0.07406930581028208,0.24509673641524804,0.2130590034848216,2
0.40677488531196193,0.8107691738070382,0.03729239446580035,0.3047944536308649,0.6405445571223388,0.18679488756685464,0.8801322715552686,0.35099934128340815,0.6775912951227319,0.6349565706130869,3
0.05614226367628893,1.0080038910532174,0.29964512945735994,0.865505336283814,0.8123615750772442,0.019690405439664306,-0.004954263575291211,0.6544831184136386,0.3213038003293554,0.8884405626411301,1
0.8906668778609355,0.3180334610143517,0.7103919371267463,0.027845048443950898,0.9073588963302787,0.03446113278168668,0.8495990718556844,0.6746480824177684,0.21398884763966913,0.7573195457056077,2
0.40482492604171194,0.8300497368498702,0.036169647132336585,0.30307954704837314,0.6420493872446073,0.1822493613350091,0.8885844682616528,0.3317634601806033,0.6480798220080765,0.6384033045767016,3
0.29079925102306947,0.8795444214427246,0.6167539202408197,0.26897799323612265,0.12681608377601275,0.8415247241340791,0.548707233429809,0.4578418913614434,0.3528869393871943,0.39100177765969535,3
0.6853797151420615,0.28430885360678027,0.5504199605872846,0.08100169073031813,0.8515188351104805,0.3309725816371563,0.11220912245364695,0.6844595975556191,0.71945265540613,0.46815842195223567,1
0.8085930732117367,0.5916487950981489,0.7685484203671101,0.37485745863633835,0.6468523948399559,0.9456399070637451,0.2808409120511227,0.15488436869575428,0.1919758266357021,0.8538375386396095,2
0.638437758205332,0.18249095663955298,0.5180359387941451,0.12965400323978105,0.8844892152031308,0.09205540908205068,0.32479592663450296,0.268701385067158,0.875370527260898,0.16833757670199678,2
0.9669488016586993,0.993401270245202,0.6465304505486313,0.014840334943588905,0.10332866439865462,0.21836061523105776,0.02640047022788767,0.7550773909814309,0.9850599297025225,0.6915250135103423,3
0.04412948826564436,0.15976446316714887,0.520129704674833,0.49597862997341846,0.8892486808871775,0.3433933694453898,0.5136174684219672,0.7428643574965405,0.3874181496876065,0.16047507073076178,3
0.010012736189748187,0.6116687014444718,0.8113870556768034,0.22569902728004965,0.7323419952013404,0.6748863380163913,0.5300747323709627,0.07989191706867138,0.7804755416618434,0.017087904393346322,0
0.0977308584796,0.9896307903994025,0.7401222543218214,0.6069682236489796,0.8442205401335401,0.2625758461684686,1.0079477419131253,0.3317489194546555,0.7578192436679165,0.6663290816220067,1
0.8397621029262365,0.910702840756938,0.02255763693364432,0.6373727443595325,0.6838658189728927,0.2087108961596975,0.8185302739204932,-0.05105911750591091,0.36435707909846216,0.2893392760003401,2
0.17299449346263598,0.6343429437719506,0.8692985023978369,0.032385313306736656,0.8851193017934201,0.3781639765430853,0.693427979847713,0.5338851213123722,0.15219119617452725,0.33373186667755544,1
0.9666020542677113,1.0256651995879398,0.6553635635033193,0.03052706617089535,0.10802197133540238,0.20176969741435077,0.0020475627853776476,0.7681502973083352,0.9598337610270242,0.6857825814166536,3
0.8424619646487677,0.8669524715962141,0.7398977955371601,0.8016780782625121,0.9384941986357989,0.2925431977238059,0.36695055541032107,0.8079715642354582,0.3086835914766175,0.6205409983209765,2
0.8922928064652318,0.9026307456864286,0.10441166876983665,0.7975039136038304,0.5605106985208888,0.29885482661624,0.9099185129652945,0.03209057539273876,0.2769473649338117,0.29093923400575694,2
0.11910136092601374,0.09848922645791097,0.5238488545420129,0.47063950968128876,0.8588250514739516,0.3612934153603433,0.5272312647689293,0.7087290943115244,0.4643854691749551,0.12848052706595964,3
0.37193542797604656,0.9247213615710643,0.3038183203117312,0.009641618518847622,0.554766365881169,0.07433995691615924,0.1791726139186236,0.024234021814514173,-0.1598569124961971,0.719270488197698,0
0.5450017591701821,0.9106819240157566,0.28145003711971,1.0412195011181022,0.6680840190872294,-0.22196753762004134,0.4545110813595695,0.3118719761777769,0.31517229916576395,0.4906016278715468,1
0.11475689808611443,0.17085263835392286,0.5084439606820155,0.5141186354380333,0.8638229675766803,0.3554614630086621,0.4939759547014663,0.7655008498525363,0.4324489032656124,0.16772754994768133,3
0.42961212086875233,0.12293126399922903,1.3614820704060693,0.5149024175111837,-0.5913960280769129,0.2724797353413819,1.8383977557451003,1.1088920980579327,0.40713430293961533,-0.03168376021670144,1
0.6373938480462877,0.32070627088902426,1.274825936734918,0.6218265647168325,0.8375959806141976,0.24245500666064274,0.4646239800190869,0.8542999557566432,-0.05121333620063884,0.6715229571165794,1
0.037281824631125296,0.5044630126049171,0.5615020772478208,0.21146871204372136,0.6680889645073156,0.12918204948402937,0.7691928867708272,0.6610593623978184,0.7369527714170723,0.05897465895260434,3
0.24704091441817003,0.4141285986962699,0.9453390319155118,0.7209799051031512,-0.0010639557314857185,0.17018229609120092,0.7654501274477719,0.6132715962183529,0.36616304399677424,0.8025359358285079,2
0.5692916730113479,0.25680259770828306,1.012913353197067,0.40736792590023396,0.6351466746726969,0.18990053398948892,0.27875454504334407,0.4663187189873875,0.7285695574255455,0.6573476272990317,3
0.928393993802838,0.8928409527049812,0.09643829220348103,0.7721019541034627,0.5633157992117938,0.3297292046013689,0.8998595383145588,0.0008159699979981005,0.29475056881408646,0.3382241635461343,2
0.28281524534216457,0.6353207997090661,0.8902737977275966,0.015191610489796142,0.7179128363461477,0.2899297690431294,0.785187438855109,0.5415780491833823,0.050900744739540246,0.2188816632585331,1
0.13805528563098343,0.9857408467717838,0.7760601354946787,0.5512718309253214,0.8777729776879081,0.24335577308854783,0.9144765877137228,0.3946277890137351,0.6436937820900815,0.6194793097182827,1
0.4815501383001674,0.61248308101119,0.7763579248443769,0.45690597837866176,0.8264495461440494,0.5217198973269181,0.925760215377843,0.26564750944183385,-0.00510847103131952,0.901800042493515,1
0.44043491724956724,-0.3456433012841569,0.7373591682757935,0.7419965305626254,0.2605841048874219,0.016788609638306973,0.6096201586936807,1.400560887249656,0.9809903522321486,0.816041074938307,2
0.8677044957935937,0.05662987904014742,0.4178469302438391,1.123738732675819,0.3529356586059786,1.0129278457820674,-0.45817279070344796,1.635822925425171,0.8744555676366536,-0.4519690716323451,2
0.8644829445686678,0.32313693344434696,0.7040311222904909,0.028131049122575868,0.8913281711976093,0.026516995367098,0.8643924456104525,0.6589979425896795,0.2223773626469867,0.7691553017257625,2
0.8068835216923919,0.5856492292739609,0.8049051450322354,0.3314959881278803,0.6842906353932391,0.9141649231713241,0.3375717150478141,0.21717955948115156,0.25055424981053454,0.9025614623176187,2
0.17266788168703076,0.9882053243321437,0.7305101692147813,0.5356620405413107,0.8267230158647761,0.2129449138087902,0.9218009002133832,0.40434333132401007,0.7079472200667988,0.6475563949040875,1
0.06210468187541921,0.7172832609059067,0.014366173496884245,0.14490027214764464,0.7982329613742184,0.2844016702441541,0.38262659503995894,0.3209758880426125,0.12004219288745653,0.3395610237205423,0
-0.12246318256845945,0.0426894379834043,-0.3647191832130463,0.34737144288645366,0.6705618215106919,0.7544529098601828,0.7952509441870849,0.07621871668389651,0.027182022862747846,-0.40291997842339367,3
0.7658920742097273,-0.046890911790029965,0.6280839711650045,0.5725138333026938,0.6440406676541547,0.3368927456290412,0.24795055691444606,0.3948566280528757,0.7629698002762691,0.1614153317772008,3
0.3942074523314032,0.6294251068068231,0.8240104538024263,0.11032153231759839,1.1631710894267422,0.10813180214845936,0.895716710873028,0.2809107660153962,-0.14251473696507055,0.007438207462041879,1
0.11846253285818029,0.35877537536635,0.3509112730970645,0.9942420966236518,0.45671634068363737,0.8191609675057355,0.4433450311142251,0.7054501091666285,0.5784633157615353,0.6117242210377132,0
0.019873276982665417,0.819954962795425,0.7805258658258243,0.6866027194867488,0.7579791882387641,-0.03552601544159717,0.9763648747943378,0.3096315725751014,0.977911484398547,1.0006842310033208,1
0.9090055685954163,0.8395627711371962,0.08192331841260925,0.849074994103377,0.5278082425427241,0.2829800595105291,0.8968556656833956,-0.028644273954539744,0.27541918971456647,0.3683964915090938,2
-0.06672491716845491,0.7157287095661676,0.07150280855024345,0.28833875234514583,0.8204985396418586,0.5056943073304339,0.4384956544883398,0.3384770819504521,0.06814768999735667,0.3620789592911426,0
0.8257615860205971,0.5978336069555878,0.7623408257180688,0.35953970528859314,0.6309013072392413,0.9421761991785016,0.3104212094769041,0.17241147532017476,0.21594701019707419,0.8644490801912741,2
0.7902903720001484,1.110340899658552,1.0724300116545467,0.3057513812479242,0.5008392462574401,0.8742646516621899,1.0417269957543658,-0.4511991786245858,0.9517649103489216,1.631048926260045,1
0.24491212049480984,0.7737840889238672,0.2828101029191618,0.3436435914960677,0.5869209548708763,0.7301868639688243,0.5605274687523935,0.15894200937819797,-0.15388018065880887,0.5318368434408657,0
0.7266480314012812,0.7350505399741711,0.8551766982604225,0.4395836153173259,0.19235493920827307,0.9677072016988177,0.44130845976078403,0.35394994543038644,0.810428361172914,0.09800569963359988,3
0.8750497527733543,-0.14136347634270874,0.6433211063146373,0.10903424617243787,0.25719807837870307,0.49768874219275594,0.333518536785837,0.343419926008019,0.3254362485559521,0.48992151287980357,1
0.7337771377559406,0.2565087055721795,0.9496445459034994,0.38629355353692046,0.6596289542017734,0.3607964137492257,0.3597527003978799,0.05492869236580615,0.5291145950269329,0.7660083180427758,3
0.7720803243337945,0.5942183452457611,0.4569831498311042,0.7286086200895572,0.1677985529433896,0.02796368924942947,0.4355260063509832,0.17944936069423684,0.376285777538144,0.7512949354375674,1
0.10059877562915776,0.09663531374802006,0.41171482793557723,0.42087509368622644,0.3395418685673106,0.5633209999023974,1.0386281604949692,0.8140108070374786,0.7717272529747463,0.38990805600904416,2
0.8201353691766828,0.46686588150753217,0.47559775708319313,0.4822121250671321,0.09877823673667589,0.6806968221662054,0.394667948421205,0.10075818869748493,0.8251579811830386,0.7323796313509051,1
1.0666957135195947,0.44835993270304814,0.8308809780265609,0.3302138295810004,0.15348686107978932,0.951645937897424,0.5494432042674906,-0.12705514924893646,0.6124746190552447,0.8644288382642059,1
0.31437734034368503,0.41968083589100863,0.2570238451098583,0.4088492644986852,1.6398434609758268,-0.016953630023242378,0.4511984478582064,-0.056205528372912705,0.1904401834463197,0.12387400578003699,3
0.709552898017615,0.25219037248644494,0.9272020144875808,0.3915987102707142,0.6905427919372124,0.3679143462130669,0.3431604154411671,0.036807385636142845,0.5287888254304018,0.7790794033992576,3
1.1395104807543213,0.10605948468575728,0.7727938501740694,0.5259795536886618,0.5084388109512212,0.3660920798349651,0.4986920241902791,0.7564037662977984,0.5879854733615338,0.4003659040570384,1
0.7272750929347135,-0.053957826846399756,0.5113831254824311,0.08918332507744879,0.7215866193226506,0.390042895719091,0.6689313492174311,0.29080579724563316,0.5279304922538514,0.17893997039689913,2
1.0424954203059862,0.09982074650991389,0.5009762006577034,0.35388663249593333,-0.14314582645744323,1.0905808158518695,0.5907747265209172,0.5384577930496591,0.9895385937748067,-0.19241965306757103,1
0.021036313032459265,0.670051781071271,-0.04357369504286611,0.2457382476828413,0.7759443599110433,0.2757981594623624,0.4777607159815706,0.26236999688635626,0.15255119812470808,0.41577736057379355,0
0.21168214607719468,0.6440552958268608,0.8431144995506532,0.009690879531514662,0.8554752105796166,0.38144713193442736,0.6571371414149088,0.6171761707279498,0.14646770067819448,0.35077488460037937,1
1.0570581312875316,0.11257385989325992,0.68130955910724,0.8890399768505988,0.6652586074627348,0.9316083194645884,0.1930353460708778,0.9093264976545795,0.7470943934862156,0.3624802196281088,2
0.06347266033215807,0.9137230965286742,0.719882233970833,0.5518786452782267,0.7811342813371249,0.27796755704667914,0.9011424938109046,0.40040634954486776,0.6185455403997476,0.7591747478065417,1
0.35323035205744757,-0.060107494141476536,0.02240053578639939,0.8197326399114955,0.08220355914317395,0.8629299987188418,0.17745684398138206,0.7224896124105907,0.20273243628581739,0.7756418191649139,0
0.8496542557703909,0.22925870784622165,0.984522657135967,0.3139163089795927,0.48582783450467265,0.45771245004824845,0.5367310731696576,0.5057733580823758,0.4833750067179289,0.30808629957365796,1
1.032229453375807,0.7548417449883009,0.6366114402753262,0.2037771158960301,0.3110041990902407,0.7875848337273391,0.44022843590288885,-0.19560819592487094,0.3306489094897475,0.7063704526128043,1
-0.024246014504161126,0.6379063989051728,0.0725916851244472,0.20835261383728387,0.936927546261271,0.37101930257545673,0.4497337660032463,0.2950315880023973,0.08477849527541514,0.4506289611374605,0
0.7177964361072497,0.015769620315354255,0.5645521659017269,0.1269195090569426,0.7596587862547666,0.25604825607805953,0.6451439614562856,0.2509413456242714,0.6206931758610833,0.22832840675697838,2
0.0540486806662821,0.7010066334159955,0.019203415311659047,0.261356207331932,0.8442786323127183,0.40554436732717297,0.3949831089677177,0.3459989165863492,0.1602625478827453,0.42436223873539736,0
0.6599559086719764,0.6312751191682744,1.165256455972034,0.28948595154211443,-0.3604884291433892,0.5813045804716885,0.6261072802997696,-0.22525245101762773,0.46895913913787857,0.5040607191034773,1
1.0632827622163852,-0.20405679684231193,1.0639600528827469,0.021011754575078923,0.051828110630936175,0.5791656937380022,0.2748457363435163,0.4382991797645652,0.32276070866473083,0.7069312496368103,1
0.6010202973538542,0.2858926719589439,1.0257043193720856,0.35368594080856697,0.7194547913786664,0.33677903160116773,0.5029517922108877,0.370333306614413,0.7770064936665545,0.44480081837996116,3
0.08893095535788535,0.8218356427621367,0.7699299425873865,0.414833164016933,0.6282821339509059,0.47511022570573136,1.0292062358308407,0.5278354577430178,0.718354339922004,0.5157256364024693,1
0.7835977320072792,0.5919001712194096,0.7635761799582071,0.38613936626959344,0.6192512615648282,0.9576118382115429,0.2794244748458363,0.16731052140359545,0.1766047023576124,0.8413304922747985,2
0.837853631141075,0.24707060888970822,0.7554079423588835,0.00822326691809611,0.8417573991762579,-0.018709085979394684,0.9180895961907519,0.6503204160371975,0.26490098711162463,0.7760330901454451,2
0.11928844823488821,-0.06256630388917991,0.2636660734545558,0.38012959920252065,0.1836805582321215,0.8707798191133914,1.3707465998641384,1.0224447198533568,0.8940012541862921,0.23482725958464606,2
0.42137688908199794,0.2716720744004417,0.014069824823511143,0.49373280551722704,0.4971171244598415,0.2573250287055786,0.9222681007072053,0.4446445723112844,-0.012370659937887829,0.645750156930954,0
0.009357883565558252,0.6138390085964998,0.8170869439067623,0.2257709895113669,0.7292462726479193,0.6803214940965768,0.5323385909341952,0.08361205956449591,0.7800273329401516,0.018812920818514194,0
0.3386096866576558,0.9349373621951722,0.5886303025163313,0.35089210561226614,0.144790394957589,0.8944452949167503,0.4950870354114432,0.4772680631972731,0.4320556529723288,0.3459176023004617,3
0.022355426272512816,0.7040806414780384,0.18811550480093428,0.40277074139035585,0.8928034681964155,0.33100955546706234,0.4964858025357004,0.40499002897961134,0.3345224418646452,0.4924326231395852,0
0.8398446099479887,0.934049393067664,0.8205480929673221,0.882796830081159,1.0063479981000456,0.28957723953019276,0.27023494760587824,0.8359897723264836,0.3596183829476638,0.5596446141019338,2
1.3822561713647663,-0.04016259234081737,0.8364524862657233,-0.07897796322579564,-0.009239286672722224,0.7434650058301997,0.9135974310407671,0.834610768180375,0.41224745088839587,0.3878866255680567,1
0.5048519667910081,-0.054968176599202834,-0.006398631256888207,0.5187710269559787,0.29415263182217444,0.378854321103764,0.8002305850977629,0.3349515977627209,-0.1634731789566521,0.6994820523930616,0
0.6022854009815619,0.5544868339542314,0.29753280877351235,0.2860292083076997,0.8188320902640605,0.3447330740930837,0.36577329284131993,0.07476189245480354,0.23386967356137345,0.20077189221739267,2
0.584268816294341,0.3303645282261581,0.3593506703889705,0.570681920677444,-0.13403037979829155,0.3913923809214259,0.8166132152777318,0.6014644505002309,0.9527345716244598,0.07933955419624425,3
0.12085320892753582,0.991492332749211,0.7428158219639246,0.500759119656917,0.8718876031584917,0.2268999371432986,0.9444340359055172,0.3649031306400044,0.6933323618430353,0.6725307256037635,1
0.5122531702258406,0.4527461495407867,0.7320852528664866,0.4660406991067463,0.09433552879638335,0.7723624959756652,0.7338206440753047,0.382019821424201,0.5302409242319429,0.5574897733364832,2
0.05367790377628506,0.6757167789390804,0.06117382002553809,0.2389959139303522,0.838465462577215,0.3884760149670978,0.35777163635222486,0.33619915581181326,0.16935020906741893,0.40461755641896846,0
0.5973851631772292,0.9666080542017184,0.9405797669827713,0.40350652029050516,0.8126468779583034,0.8324132441459142,0.6607706586743696,0.31207155512492996,0.7109467899078756,0.5263669146225518,2
1.113516982538112,-0.09048891039021442,0.8854899136068284,0.8687939885059992,1.1353835280211397,1.0515170797621336,1.4358476833130775,1.6392391232398973,1.0120050833262437,-0.5681946132522165,2
0.5177821261426971,0.2455593154206813,0.39623001876258196,0.06193885881903156,0.18742351243365918,0.19186211820033344,0.558064149770083,-0.006960216881019888,0.6681311683389606,0.3606076474275789,0
0.013975711097438667,0.6158590204702588,0.8148171365076414,0.23011064651795096,0.7304138555342286,0.6817758885139995,0.5280291384111638,0.08131251590910325,0.7816520368981177,0.016499774347083523,0
0.4436138888285375,0.763181562175664,0.019482684394491905,0.25167198597917234,0.6788620185432125,0.22929250959969805,0.8072789281740247,0.3362810029308312,0.6388111832011761,0.6543717793382322,3
0.7314339335597213,1.0438065539879529,-0.09004428555659577,0.4917450178746,0.20478122580741376,-0.20054479537994285,0.30550656893082156,0.5223934059443621,0.933902165293224,0.2757122843752993,3
0.6023038086536092,0.9390125899393422,0.9075287286566066,0.5749433838750931,0.8107111882350664,0.6937120327904875,0.6513652194211078,0.3351083671868297,0.61375375958699,0.3625737271603544,2
0.0024597789425062286,1.0003215599918787,0.25605197489791276,0.9010219356507505,0.666201299761711,-0.013917003047524149,-0.04777577842083651,0.7168147935986462,0.2759726256690525,1.05314479064976,1
0.9452327115774593,0.6064457702247699,0.8284188329564068,0.27841666928311104,0.23064532296845675,0.7362086784671902,0.5607171908171118,-0.06948726278507447,0.49019132967747786,1.161257252879389,1
0.9631642202382316,0.9731581795288022,0.5850852734690873,0.6700417450366658,0.7996266034726524,0.2680922145408721,0.518800019710104,0.028437583545936628,0.8880039390373953,0.0030935847028066947,2
0.7305945148122994,0.03684864812196019,0.6979986430136871,0.20368138488852922,0.03410114368727772,0.9854787075063759,0.24400535691657088,0.527584926888905,0.1711546611208626,0.9338264095264277,3
0.5036677156929552,1.080485912985414,-0.025744439930362573,0.42469556942956904,0.7252548853801412,0.44681104805669836,0.40573005357799374,1.1779943864180877,-0.227864282274497,0.7624252582786541,1
1.069681380634772,1.165990876935902,0.6910158428433053,0.7390271139798015,0.9204107676547495,0.08645693442290195,0.7230372852086325,0.23809780861384452,0.784424723888273,-0.08987160398696276,2
0.9123512645142446,0.44257323089812517,0.750633823482393,0.7388724128348485,-0.041277596645384274,0.09463583433744788,0.7080555044726743,0.45594042216794,0.6890845942299381,0.4735396968444946,1
0.030223785338290978,0.7847294451606498,0.2987182200700918,0.061327538959073835,0.6900388864146024,0.2811493254748698,0.3629538864729241,0.508556259504517,0.4271465323651219,0.19469657566862614,0
0.1834087887543464,0.5632339762838174,0.21399048774898483,0.7728007661751529,0.38384873920540524,0.9363004587484728,0.24011988901509637,0.6976377028770149,0.5489740554214892,0.6420680993841051,0
0.6689838098743096,0.4976758213366466,0.6164310711021258,0.6605389762198364,0.06476794652803816,0.5061571622950202,0.7679028942235047,0.5333496457288804,0.5308036725064589,0.09313308616020967,0
0.6075465738081487,0.18113114708895342,0.39125225851769946,-0.06799772164927964,0.07731092715176976,0.1725525787561431,0.48627858483267133,-0.04088894267487495,0.5618436541642264,0.46563758064172656,0
1.4222725867521626,-0.23802364533392278,0.9695688566460897,0.8448149102065894,0.803799805898264,0.8286939609958197,0.6093843027561354,1.2475779494713806,0.6421175058252873,0.38499552737071824,1
0.21637079164468068,0.4319554718563286,0.9564930646055495,0.658355888497606,0.04024089346509492,0.2084000444558376,0.6861337849672827,0.547734568265413,0.451770921265904,0.7342290125256874,2
0.7786455239073835,0.7598215921616155,0.76388122054648,0.7524687794912958,0.90595462585071,0.21838624196874587,0.3941304358434821,0.8059501402555023,0.3116303953396666,0.5380059881302387,2
0.4776983531381567,0.5725706880409464,0.2021307559927319,0.7342982024872177,0.10874836335714153,0.33000125840884464,0.8165712028754375,0.36590264666652106,0.6835285075264864,0.21473456436343122,3
0.9894546045090199,0.46079288271888647,0.46069757393451927,0.6897076654345213,0.19653257136150237,0.5566668316002461,0.07588803914391173,-0.04502384978609322,0.8049584708940414,0.9883045563594703,1
0.3513401199818043,0.3838448122002913,1.0061331060022107,0.707696983086726,-0.04591589158576414,0.2390409592596505,0.8586099207985491,0.6147529360032676,0.4392000835359872,0.7637321231779693,2
0.8742702889384814,0.3120156874165712,0.7136885204845503,0.0331512349011857,0.8920029858861781,0.014936096397873142,0.872106507188151,0.6597185303705423,0.22526632195922017,0.758507170130609,2
0.9593508561572164,0.6453233366271582,0.18090774640690782,0.1363888173307617,0.6776947163601422,0.891261956845612,0.3527557238413505,0.34441876506877966,-0.15901519021227706,1.2590599803122717,2
0.05169197396917399,0.16435131895608207,0.5338087666877639,0.49938651262686834,0.868261153537032,0.35023024102306893,0.5162376815427954,0.7445826990250688,0.41133636282687674,0.1580040912881259,3
0.9567424756357489,-0.16218809747831303,1.1290841253022441,0.5238207272241915,0.3572086943881688,0.20165470014426823,0.3848880354901971,0.6610515551055077,0.5354212881045428,0.3818628354231566,1
0.36333716178662717,0.9889290487902329,-0.29828180812864824,0.9116240867433067,0.4613008098261871,-0.1486099022254811,-0.34848775092823014,1.2487616333469151,-0.4485118062372666,1.0785009922316668,1
0.7331026683543141,0.15034763595403383,0.8199313345315741,0.21199119488699014,0.12998165484598279,1.0571507284949189,0.15051025035581447,0.3948211955025053,0.24936538399858013,0.9288692213583525,3
0.17078551607940307,0.6661942575900774,-0.08276277618557468,0.21753446112696428,0.6392294230042738,0.1284432415718396,0.8087932850825662,0.03931752096767743,0.789769436200881,0.36593605690003467,3
0.9493198047674164,1.1334502142922296,0.6981694474861712,0.3743289005511292,0.33336607280752895,0.9027133387482366,0.25805229644403427,0.09057278039307255,0.3200039137700701,0.2617890819407568,3
0.8017929526908816,0.5400718221566037,0.8012633127573505,0.3612211412133802,0.649028001812759,0.9272507280432728,0.26749651381757705,0.18835371596763728,0.18378655041745628,0.816877547120383,2
0.5652700805979548,0.1864323050999676,0.2776579606626838,0.12912254002962376,-0.025582296213875172,0.03625798793588983,0.6677069267629476,-0.08898896990481718,0.48865119142615066,0.20604562588201886,0
0.8051825851268344,0.578961378599796,0.7664777952706757,0.3699427755097441,0.6470751852038589,0.9394587031343988,0.30189250911395615,0.16491648135778952,0.187134471165727,0.8538163852218285,2
0.5917354816646682,0.23903506127522484,0.5441554792448569,0.1953062780995232,0.1515568251929393,0.26261215383225334,0.6039635275853851,0.045233805518707156,0.7789855551824623,0.2691320718267083,0
0.09137156171062183,0.3336683633863923,0.3643756351525901,1.0161699263616355,0.4563639836809781,0.7807221535393704,0.45088036397770775,0.7481961221116248,0.5739840091431306,0.6675352855845369,0
0.18384571755276127,0.5954106696236505,0.8113374663320069,0.028539288151543506,0.8001320203985348,0.36675405254859683,0.6781668040991935,0.5589870466100558,0.1445695372207862,0.2735226789638962,1
0.5742771158239259,0.5914329761330395,0.9317693265762896,1.1492938774385073,0.791420729460807,0.579954629410002,0.46392789380971683,0.8800199036236093,-0.00752005155047053,0.33062374238890296,2
0.1608578931200757,0.49034085970665253,0.9325848862131914,0.8376811697626229,-0.12370958932506823,0.22411839842106696,0.7187936417716441,0.4831203108542464,0.28347961553087875,0.6922822967120029,2
0.7137943682843676,0.27042578241442367,0.9315296012461891,0.3648593351482873,0.6763000190343028,0.3856270289932058,0.3447044661686075,0.034569173884080484,0.5266524356506661,0.7806923352173025,3
0.7269294323025517,0.05267316459158195,0.7423651411831675,0.23845790970487593,0.09045776885129475,0.9555728036433316,0.18449671041059235,0.49264277415916957,0.20429724598119875,0.8883193129144856,3
0.7250064109687232,0.23673483698013653,0.9206457686346422,0.36110735535324323,0.7069023543877181,0.3620706744281389,0.31756190488707475,0.04638911841065001,0.526036978774322,0.7684069588087242,3
0.7100027632103535,0.2575347761229391,0.9216543354220573,0.381850512786916,0.6924330626752387,0.3720138063104313,0.333767613301119,0.02770893062704347,0.5471460946734685,0.7910624968827306,3
0.5127254535714999,0.8276654784287039,0.8882237132041083,0.48874729471574113,0.7688990342390815,0.8169613023080755,0.5449412741112752,0.3658543192641653,0.7383448501527661,0.4580808720064353,2
0.8093853989332471,0.5595498507917382,0.7677628570360848,0.3928490920790733,0.654534810729075,0.9227213461667008,0.27888336327571833,0.15600036508092863,0.17475262983980772,0.8220645505751043,2
-0.02654975725503894,0.500077416922611,0.567256802664444,0.8653025153609585,0.4156507927959736,0.6441231299403055,0.7363794513414526,0.669724745706034,0.6341108767700928,0.6426078702993657,0
0.484995346888899,0.8017146890476148,0.7279331074067855,0.7005187216608795,0.24677232541806232,0.8406044881760272,0.29232490494318314,0.29797910312385756,0.7369280111988629,-0.06562473704397415,3
0.7802209363948274,0.36011094095724905,1.0679667523424146,-0.0867311656210516,0.5198438208179321,0.4882382487298195,0.8476307829419909,1.002026009993741,0.8193035317379976,0.6755620570397165,3
0.5066718088881981,0.8219944146523577,0.8770554454993316,0.4807954413100484,0.7654743773744614,0.8218420704443489,0.5395310198921689,0.360916490585532,0.7371430473993515,0.46602641420747365,2
0.04073500226623466,0.21335489299370922,0.5540170870464773,1.201005951549039,0.4902065099051947,0.8458554588040453,0.6602155427878822,0.7948310256583453,0.4517549168699557,0.5422975277907781,0
0.04054759767042636,0.5622124681819695,0.4474437497924043,0.0019137474358435075,0.6156978410594739,0.08502621727644849,0.8595991067469227,0.7661434086062606,0.6345895563032039,0.23853328003767388,3
0.05640165307390066,0.6679720942120078,0.02985619458272063,0.2642347423728023,0.844179548585705,0.39546618886595397,0.36404418842487307,0.32820590967628266,0.14765144620008708,0.42287605343562784,0
0.07540297717027283,0.15800107049155349,0.5027760848973288,0.4785649768177683,0.8977183620034195,0.3211318565302403,0.5033921642590187,0.7546231950322726,0.3892476204204123,0.15318068793550166,3
-0.05357378984840738,0.38388099229185774,0.5716562956361491,0.9294193551948243,0.1598688943035217,0.5793137115650062,0.5078075004226371,0.49306609394670997,0.33539282185234565,0.9227405643070203,2
0.9215383645570193,0.1504026667440297,0.6593556465289938,1.0806632146967041,0.3680543216696402,0.9357227836446826,0.34747053009507406,0.27082547295945086,0.193015522108677,0.8000296668022051,2
1.4605870700267825,0.4107497387329283,0.05202860017849395,0.7808945812635875,0.36587269870850003,0.2599640300392038,0.11047024160290968,0.4591005833241273,0.6721094306577113,0.7465377129424258,3
0.8393171430717281,0.3294483018000646,0.7265713623653087,0.036518513679684124,0.8573170051279867,0.03682276407475335,0.8711597215111541,0.6259589221297531,0.22904022117944747,0.7400669365230292,2
0.7966289520520737,1.3714913675260187,1.0290813013768787,0.2086731941759638,0.7989362627963909,0.1953527357564257,0.18155532318458073,0.2800087891852173,0.956317831378515,0.3481480142169956,2
-0.09081985879968149,1.1459489895611332,0.4297757249737149,0.7598253929449335,0.6305137770840348,-0.12757824335537096,0.1436320588949228,0.839361744553212,0.11371610774725578,1.188365403636947,1
0.4534427320284701,0.21485382370831319,0.3958221253933305,0.7490579486568493,0.8317644256147759,0.2545155814173489,-0.21879886506707955,0.24696798562701539,0.7239008988949179,0.24781504068967367,3
0.08458275934439707,0.5973139302950949,0.28755282765827284,-0.14539254494659298,0.16102350909538574,1.1147668535732926,0.29322426377690597,0.7000327163256577,-0.047513418748472536,0.06231765663591882,3
0.17820641377381732,0.6615822329359444,0.7938375971764489,0.007956520281056034,0.8652951184579398,0.3371143712700878,0.6166778298543509,0.5382276921819701,0.16304887609307783,0.36699309109464323,1
0.6562242608190897,0.8991222373736812,0.8998577042889506,0.7094618955042538,0.34209780510399074,0.9433116754309485,0.31392421996801423,0.05738899305580189,0.4550563968733402,0.15698896082498484,3
0.8804442294805651,0.3260808815305619,0.7084984650995585,0.0502770558670944,0.8718404470470834,0.019594505396805545,0.8703507061990832,0.6613432388760658,0.22134505289436446,0.7669054106226951,2
0.8012391829610982,0.18545042890177693,1.0814292285299874,0.4102365492395373,0.34938120592549093,0.4301496207521175,0.47994831371033725,0.6037612444334665,0.45514651723577937,0.31178125594006706,1
0.10080063536713346,0.6459119112329442,0.11972011885995194,0.2761648820333613,0.7782367012390108,0.39068734574038044,0.27957632410791355,0.23678203949931237,0.10590325318068118,0.5065712804449226,0
0.5613677729817012,0.2338096015333978,0.33445427948768847,0.09852387538617688,0.09240367028967879,0.17758518943871282,0.589527454237837,-0.028524541780860398,0.7201198071265462,0.405161127988764,0
0.09541600071048795,0.0906010981210366,0.5099264095404029,0.5008411017693528,0.3262282152191245,0.48308531668587207,0.9899768706006293,0.8452452062850282,0.7063093622536918,0.4016401445130166,2
0.8925640299063321,0.3783460991001428,0.6008167103458362,0.5274663440791142,-0.028342888962746393,0.819465469330438,0.5621706829783482,-0.009477148489545336,0.7165330524035373,1.0340581020649058,1
0.31497109776716486,0.5528159358730157,0.3602929591351534,0.3221949238375776,0.016988543918598182,0.52559134193592,0.1510322956598984,1.0539889076770732,0.06752060849006689,0.31326134111818327,2
0.46558317897854307,0.9452929529677969,1.0421338269938931,0.32805193989223125,0.8107437942338201,0.8750502689872208,0.4953643016525054,0.3761695593876293,0.7883792686638038,0.41288228946298505,2
0.7633078747014849,0.20916187109601153,0.2712153265667658,0.28440698449705903,0.7731193140785982,0.924362916577026,0.7496898341594229,0.5188403996626362,0.7924415339952697,0.08332449841610473,2
0.5993310528062148,0.43006121362123195,0.7692521258748041,0.27154346337262975,0.271557494445536,0.6483413090790684,0.7448198893946604,1.0429975304534875,0.5091033739499953,0.610697292151202,1
-0.032433773150754366,0.12001521027970682,0.7357940313281395,0.3926432797574257,-0.10092523233943684,0.44409730235358275,0.7039736959720215,0.4952922796847726,0.5119024601986688,0.29943648091037395,0
0.8950116745737549,0.7102204619724273,0.8125651990807267,0.6716914091529672,0.8579256875703485,0.36223612387811305,0.24599739449624702,0.7848775051750485,0.4162987798765795,0.5299779091758882,2
0.7839829269499305,0.20261005290624787,0.32706351138318884,0.214118295680307,0.8000504045089217,0.8763632447699337,0.753041178362235,0.5539513546058298,0.8287720174853423,0.11325089495367827,2
0.9142304558161845,0.3084034094785557,0.7202537864785346,-0.01468719903126401,0.9238208913234232,-0.024473040329522043,0.8368697033986517,0.6504091690898941,0.2429559370073479,0.7233197166462814,2
0.38832591586662957,0.8086238449607769,0.0917121914614469,0.2729388363760003,0.6787455529907521,0.12924901721996976,0.906449723655547,0.3048770486594154,0.7295909485213674,0.6530979608157121,3
0.9628444898883507,0.06968736651290203,0.6192253024966368,0.2717556283257302,0.3510926888675542,1.1163790679629433,0.4167685822025633,0.6174974181181352,0.0005936231226613686,0.6752743329922313,3
0.7073336248743826,0.9662355356249221,0.7886005769291476,0.6466885357362507,0.27316006568541,0.8993094403380641,0.22559974772188715,0.11384494420405102,0.5070975982881134,0.026038649878903725,3
-0.1276139872305653,0.4493290712808038,0.49178673691224106,0.8039894201312686,0.6778253547039619,0.45991715240008624,1.3453417614395577,0.8494704600057681,0.7172744991437917,0.48198677292227377,2
0.06454373862431989,0.3329362130477917,0.40256994524928336,0.9860921075883635,0.41932152367175435,0.8325927610929418,0.48475694759639204,0.7030709691950316,0.580895127379239,0.6021601700274716,0
0.9679470788625317,0.9181475021078142,0.036753760513883016,0.712755397981725,0.4926707090281437,0.3706785545091897,0.8043633293141086,0.04804129103268232,0.2947783364970928,0.3953331985398997,2
0.7528579634650262,0.02140749687689846,0.760985466318743,0.26551964722521937,0.09318237515137989,0.9147371413862802,0.1988057922571242,0.5085264138609754,0.17649654655400432,0.871580191045,3
0.06619229448304488,0.6668489928674559,0.0417104002216089,0.2704287644615906,0.8323224602970851,0.4129881853583671,0.3707071826949956,0.3516032552415747,0.18402139045084542,0.3858428893633391,0
-0.24187197483695722,0.9527436929573591,0.5298600593657053,0.820142382105239,1.0521385681675541,0.10953825556383383,0.29176002743639323,0.5572894089530105,-0.031456495666156103,0.7556985892350789,1
-0.02875727761352441,0.7104243752739671,0.10267433743790236,0.3160911492832129,0.873264348284155,0.5165522204604615,0.4502484919129445,0.41152500423436844,0.28448229190241425,0.3581422706631423,0
0.3803696886568866,0.19536500720071903,0.07310727555598333,0.6681501119025786,0.5295052981732914,0.33070264450621883,0.7716952357028681,0.3458325449441867,0.0735983804166814,0.6237415272114052,0
0.3416447327217419,-0.2312861834199949,0.7302157937510543,0.4096399693733063,0.8796543941384707,0.4035674356193545,0.24733335340784024,0.48804304307568885,0.8152797723344631,0.24119124495572777,2
-0.28941869255500596,0.09850263879545307,0.433463591118885,0.9376827187447964,0.2952349458887492,1.184722227099999,0.2647838569783617,1.1160579220451086,0.3259037855286605,0.7506555853238387,0
0.9077617425422962,0.21919181624905704,0.5405130328288574,0.7710562070879415,0.6352121735169277,0.9265541552069929,0.3838090032836977,0.7837174954986253,0.6809591664726699,0.10491671649868806,2
0.7096304633019742,0.2511297914930728,0.920860210580418,0.38076133328321016,0.689281674790148,0.3731394025436724,0.33094600016199216,0.024352886071221803,0.5367222965516755,0.7834082874420767,3
0.7221241163965878,0.2897431984161312,0.24908704535200937,0.5731341739144107,0.5519878212890995,-0.1854372023564967,-0.24668038881200727,0.7251485810135978,0.408714571742513,0.4335988627799658,3
0.9922258135285136,0.11101872130457058,0.882954583848626,0.46259780688386054,0.37686019734734805,0.4520538220111591,0.5128766791736038,0.509346697665066,0.3921817995957326,0.5423490540778638,1
0.6581670405897959,0.4970527594677922,0.601425614042313,0.6922905893638021,0.04514702145226999,0.5023001564763591,0.7364430627317448,0.5297249821279801,0.559860877507909,0.07685492482418907,0
0.6127540972752166,-0.012941724069031966,0.07009811087479395,0.8859161286849793,0.9335881749123423,0.1081721326391047,0.05195638153244093,0.526776432636819,0.6535939445974625,0.4512301204737762,3
0.10948024086439641,1.008415037336672,0.7582719845613147,0.5570144812090282,0.8265264908206018,0.18753151039452082,0.9417669459294633,0.33376453125956945,0.7326670001742964,0.689736862578604,1
0.2835422273647724,0.05144703412680601,0.6199330143057489,0.4311013367035724,0.20412910827575786,0.8709053024756314,0.94691748212082,0.8089157964653102,0.7574096152946911,0.41155889139464724,2
-0.057587812838327396,0.2968225538817093,0.5158132148281065,0.892298489116283,-0.05833038446252514,0.5662661570504083,0.4794389091046985,0.19180577242851282,0.31043667468764974,0.558303875640291,2
0.9104752524915934,0.8973796290031113,0.1229635257039941,0.7764885530641096,0.5593594989397647,0.3300867503638323,0.8923926582632757,0.024180563318578603,0.2990370682993136,0.3065682007469368,2
1.0653755295153031,0.4450397188735115,0.7844356887025951,0.23343551710626226,-0.016986142113343206,0.9973746769363314,0.4455865080942508,-0.15240745661956623,0.5925112302815816,0.9060366413506716,1
0.902812476938111,0.3455484916102783,0.4556953894945847,0.27427150822683133,-0.01353518788300559,0.7800293845298263,-0.026798705303409553,0.553074079197251,-0.31762863310716716,0.27816263929499685,0
0.8100796170196993,0.5816314118187397,0.7861445994161619,0.3833801815541133,0.6309240299152377,0.9319963958370394,0.29430041873668594,0.14844582057993108,0.2050022933937711,0.8667369937466547,2
0.22666896333226308,-0.26655200720714856,0.37893725648955173,0.5884008398109363,0.247786513252891,0.6735679703973176,0.9731968161185076,1.023374752035839,0.4818239112790085,0.14009328590918324,2
0.9040149546155439,0.2978628860802417,0.6946389794219358,-0.00484670520497308,0.9135367149804919,0.06460914279289728,0.8834912915113593,0.5991443066337104,0.21980665162833954,0.7482193133449284,2
0.5227877753256398,0.3014758281046309,1.0747254111923108,0.31559042707157947,0.6103040843567269,0.2412466693455039,0.4236207069376222,0.49318384317869174,0.7145141981830729,0.4962293844506055,3
0.011846016521241634,0.6142268153979128,0.8139989714164777,0.22747974208354385,0.730193096956438,0.6789964875556963,0.5321562085297888,0.08157677176308496,0.7785299856500874,0.0174276401952606,0
0.8710578448101856,0.30395626566433914,0.7153317291131167,0.03188752263573482,0.8874267717351417,0.0040987956911132,0.8615082908546131,0.6635566917494367,0.22630139752804357,0.7645899300458074,2
0.10496415064580175,0.7817916338149775,0.9042048068678107,-0.13805192651182704,0.9240958096122478,0.16856888784383275,0.734063655100561,0.36739975953432324,0.031100202235226734,0.14794445148568192,1
1.063654465845185,-0.031178257590145607,-0.14164873915845572,0.6399024784801821,0.9080668998466994,0.6033451060294706,0.008582474613148518,0.4258630502192541,0.6278577892673955,0.11545541851455166,3
0.010496577053107897,0.6122555716972577,0.8132052376406758,0.22635606074825965,0.7316561923989077,0.6809352022132804,0.5320897688905266,0.08378141277986145,0.7805551027042006,0.019420194364294197,0
0.044137384176662436,0.9204813251189996,0.29303270195824815,0.8752975365039379,0.7506544156556768,0.07537830311705068,0.033106736468185176,0.7329566250572841,0.21083131391935073,0.9658241768890878,1
0.04500247669187739,0.1365880159098477,0.5749454017429214,0.46955179002707614,0.866258292066276,0.3707685159959653,0.47421817634770896,0.7366515027494523,0.43900366449371064,0.16531718936607345,3
0.013715278478706454,0.9196518273938965,0.511063847188076,1.0696078368951458,0.6534022476495394,-0.42108402166768466,-0.12905102366299842,0.31798625369082034,0.5571705289660038,0.7750290877645305,1
-0.10753810438635347,0.18099211768963583,0.6224679992713058,0.4375738366467274,0.019676951919713144,0.43866171145829136,1.0667564827220417,0.9742696054509286,0.17850538800118515,0.6496565609353188,2
0.8652196192699788,0.32393846909865825,0.7246208215246356,0.035708979446717456,0.9042912632500515,0.01080634092308191,0.8595829980820646,0.6438962873180101,0.2363625926128069,0.7500353939090012,2
0.7345708683816863,0.17223430748107588,0.6235859617659891,0.12548429862392585,0.10740474724359166,0.9048666350189067,0.13845409288541255,0.5499270671628003,0.18173961416393541,0.8625868794781808,3
-0.19685951230345822,-0.3392618839523176,0.6644284096181581,0.40020746541887203,0.09909428812672139,0.9790362428786064,0.6996180589462477,0.812965834353833,0.7520172892100175,0.6450332576460969,2
0.005544403285806548,-0.03318230662918918,0.6375398466919424,0.45251942865091865,0.11717727609936213,0.39058179206682087,1.1657304408043279,0.8739367780231213,0.6640748419438606,0.31064825164947313,2
0.12799826371306944,0.8479466311356942,-0.06122216206949724,0.2908598688510872,1.0674149415838168,0.6198534764488874,0.23501541938167067,0.5106809462722268,-0.033758359176119135,0.19730199366247203,0
0.6125772192732559,0.8931562572096421,1.0692975089482215,-0.05544729778652552,0.24109621352740995,-0.5523745932766103,0.05353710173720494,0.5615012342091525,0.3896178697471476,0.01629814179128125,3
0.0725570421838221,0.5493628987367629,0.17996018936699043,1.1338709390009871,0.25712504691984717,0.7949668570362858,0.2952836295499667,0.483602310259441,0.30147186946814425,0.4952887578562722,0
0.37907811666821206,0.22422102293752053,0.08074279864932851,0.6935227813095789,0.5270893857292034,0.3207984273620855,0.782399072987141,0.3284841601322994,0.03554341742216204,0.5907547456824284,0
1.4589460256819824,0.2767286529049382,0.7302474056829811,-0.1615657417554044,0.3056939280396298,0.8531100984793927,-0.04044608480604678,0.2765188356647429,0.3598516144152768,0.824822494025439,1
0.09116533064760043,0.0036134270723820264,0.5007220506003447,0.21982660919805483,0.8935672769344507,0.395254675750499,0.027555199901179567,0.6393557820046333,0.9098162226142844,0.8384679450788184,3
0.8208115578642048,0.26430237734811557,0.6619767508664536,0.04638272320980389,0.8457036702493691,-0.04377393465068913,0.8417252366537895,0.6825962702080054,0.23288545213660636,0.7895741879108573,2
0.8560274358429437,0.3531051680444611,0.6885111708832254,0.018674968937729068,0.9222477317836196,0.056975617152244445,0.8510364789147777,0.6278389224009643,0.18911344652068873,0.7336316635001123,2
0.9187076585474697,0.11345913112186909,1.0107626936957812,0.32792778429996294,0.46315979440448796,0.45463003818320447,0.3906679160233307,0.5167710166988047,0.40067065588930234,0.36595192103255275,1
0.5975932320184577,0.34996372294846667,-0.26066025333285325,1.281344934576364,0.8965492924660506,-0.09762570971720472,0.3797129321334016,0.0416047619763984,0.4334718591340835,0.5722744382982765,1
0.8043595887122883,0.13853226824492704,0.7171146381601581,0.3416373801823521,0.22298994152909396,0.35980865898379544,0.5922228585461777,0.6430410290677997,0.24577254071827784,0.30296206142332044,1
0.905785448577518,0.8947058908520323,0.11990615907512292,0.7766700157997674,0.558483458791351,0.32893296329728183,0.8952030061404589,0.016283913859366037,0.29309798584338503,0.31190363097853296,2
-0.09478541983379474,0.2697564589583695,-0.05019701506471963,0.3216618249798679,-0.28383799437607,-0.08239137082011527,0.7888933049034927,0.9629499806351021,0.3555167936026835,0.28678742958935116,3
0.9696320502788972,1.0004232910780677,0.6424857855772927,0.004755232774022641,0.09905471376826408,0.21579138936115935,0.024176492801954136,0.74952835325612,0.9794288130654629,0.6919388536511207,3
0.39909965388201857,0.5702048813856528,0.923325557940109,1.1848451512382203,0.31007391592746864,0.47745060538116624,0.10200283017473366,0.4593107191129504,0.6022043334165829,0.56230662794134,1
-0.05603022676726331,0.5252443519535435,0.14178395565954865,0.14373147519324592,0.7655261133712685,0.29964030213329745,0.30113581243187176,0.4278751953059196,0.29035564774448946,0.26216495575579746,0
0.4182388032401661,0.8196334111515584,0.053581432083415544,0.30431290488824886,0.652434716610071,0.1728524014178474,0.8849300256732556,0.3451328928129026,0.6764190739311358,0.6218807427822268,3
0.012268084782838914,0.6142856750908079,0.8151898829147296,0.22871169740208472,0.7307235479323264,0.6803880147713869,0.5320294224246512,0.08272915675930805,0.7775747251468632,0.019206166125886118,0
0.6800045544751983,0.07109962418816837,0.6226694193465442,0.1090220967586891,0.7920548021418473,0.32244980864877754,0.4740992894456195,0.24358858718080112,0.6723196357158887,0.2688876058899712,2
0.80268431772077,-0.14750475900873025,0.45292670027996684,-0.009357897891266925,1.0521040295202753,0.10077503806869245,0.46263173193805973,0.17755644675429264,0.6338055107943574,0.5963871468946018,2
0.960123057837391,0.7935664079899004,0.148742204086218,0.7642465300660761,0.5684023404358326,0.38726488601863407,0.9409489650300431,0.07594709399531555,0.28616646173455984,0.25167037422396743,2
0.6953722291374598,0.2315800784675472,0.9777106690457987,0.3356408565738936,0.7025623709462594,0.36593431430168,0.38299733385760204,-0.007112030415404154,0.5596244790323942,0.8014790082954509,3
0.5428974689038678,0.6717930297110299,0.31374866090010856,0.5789933764292583,0.03415582889169552,0.34911548198313547,0.6554820320019981,0.19800892052570526,0.9056569151877055,0.20437722772487124,3
0.3643574997841238,0.7615902977409924,-0.005701729937050107,0.2779678280100349,0.6187019568525198,0.1952728583517563,0.8667368915635637,0.3160384657472186,0.6314168327210053,0.564792287443829,3
0.2744548196333055,0.4064698413631421,-0.15975427053432145,0.2884699021466882,0.23362960496951268,0.3595396747432775,0.03931344591531438,-0.354184950268436,0.257576526416722,-0.1264157340860505,3
0.7736841280990219,0.6912161932008859,0.4966546138918789,0.9154093850544456,0.7191903132544274,0.215715214352127,0.5120273387983083,1.093887216638899,0.36993543565313025,0.7905813523617268,2
0.7293792343996861,0.1296642804313183,0.6091460911842965,0.1282964452867114,0.4026554862068602,0.24316190429583823,0.1956454166225587,0.2961764893066527,0.25159991925154424,0.11992747233976853,1
0.28855094645885226,0.7946698673385382,0.9517065177479594,0.3467890427569242,0.626643537805553,1.0032727232831975,0.44492145165469554,0.3941588189067666,0.7093980226964802,0.6275530404273132,2
0.6780562202794215,0.8033822548570221,0.7407723816018901,0.47578569995635955,0.17684256711185614,0.4017101502369081,-0.10371897263112723,0.44698242010722133,-0.3211705722509949,0.3694998415520181,0
0.47158202755621326,0.7238216781560511,0.48872218509167226,0.9149566125928217,0.13041926637237033,0.03899860223688077,0.5190280224274298,0.5376945171446158,0.6808287805884563,0.6075434521177832,1
1.1585917608750405,-0.21387512744431822,0.6187391724389286,1.0320529963544636,0.21322534749522262,0.2988614271559348,-0.12769165005456315,-0.1788712312904974,0.008229659068675677,0.23340328750353212,3
0.7600799427686878,0.20072639112645677,0.25626423144830157,0.24919365507888022,0.8160201160552708,0.8800211864821146,0.709554625768906,0.5859255366279202,0.8011349548270924,0.12087601485742,2
0.33039114596307556,0.9823215557687828,0.7298130710625268,0.6481434523995339,0.7090011400215088,0.09007694584362197,0.8901233378844708,0.4187137161535708,0.6302546585027615,0.6508046985572935,1
-0.32259180437278906,0.9125872348277229,-0.3007563468829587,0.6908817179632554,0.6170386790234595,0.4160466879580458,-0.0714396204150976,0.3151143725416615,0.5287415869507839,0.5237133093440793,0
-0.35740252131745764,-0.2977115164760239,0.6775807086776074,0.12070766577022492,0.6023680841397059,-0.04530372194202245,0.9153386800194463,0.05449694052593468,0.6223454778096268,0.7006868944662614,3
0.5800541898437686,0.2558976142440616,0.3698461276249571,0.07887888097192977,0.19027249065539065,0.15520519124222143,0.5836258904319932,0.015521523123565315,0.6040135266795379,0.40434034051237483,0
0.7765300284693246,0.19148249788857988,0.2928317023225392,0.27160550308273174,0.7965628017947519,0.9073966760675154,0.7337823024533319,0.5494225591222855,0.8007331963236627,0.10394303374549062,2
0.7799023092129157,0.5706424042427347,0.77789807375785,0.3182704083933991,0.6152741624976392,0.9608722058070068,0.3217174992162702,0.09695461424341045,0.24056416036036052,0.853996183956844,2
0.5199892674518122,0.34750373262704826,0.3499714336992682,1.3440569471837196,0.7068638275671467,0.8286789403604148,0.603693959858111,0.5573258930599668,0.2614906461983249,0.29444614704446836,2
0.06480451356750982,0.6750462112266584,0.05094700868858502,0.25130955870929794,0.8556294170592812,0.4075919117761014,0.3601814262581238,0.34100625840158666,0.17066885196615095,0.3994682035801106,0
0.014209210576588402,0.6127634015971126,0.8148427131814208,0.22722941931389087,0.7275636537274206,0.6807071939668904,0.5345474322731931,0.08235882945667185,0.78150006624531,0.018858870822471282,0
0.9213015046272321,0.3241986855070731,0.7262529417935037,0.09117206737942599,0.9449392343544586,0.04846268304740842,0.880313167584862,0.6619544214988605,0.27474696953513567,0.7315473544082499,2
0.05382430940037565,0.9112988555360039,0.3019561185428076,0.8730397558101949,0.7540508685333138,0.06937683416113832,0.03694238619007348,0.7263380316887997,0.22083926426078926,0.9690442841780619,1
0.007638158882400609,0.6103178564578984,0.8119274990391477,0.2228668453486303,0.7311263544717407,0.6731318377998642,0.5389545758032861,0.08720940606826452,0.7844983750317455,0.018898301495263628,0
0.7012952285234184,0.7560870122290956,0.4569012035250893,0.6351542096136223,-0.024152675680663677,-0.06431573650625999,0.3605386992559312,0.004413251275225627,0.2205257060457056,0.671568160060817,1
0.8052282093195768,1.146314839843626,0.7556163232916384,0.5729022022722123,0.8884871240287395,-0.040430567986783905,0.4516326820970727,0.7361842557972794,0.5922108336610775,0.9567342452173162,2
0.9728542213161854,0.8482302318374774,0.5013719194604629,0.9225636236490926,0.7375695819962431,0.36055534783685256,0.7058702395144093,0.33232947401252333,0.7307125214768747,0.10286846862630242,2
1.0137272258743866,0.9340472917803752,0.4513739584946222,0.2833412018915981,0.27390985110182997,0.3056940958452579,0.18758371836706866,0.23849966110011572,1.033008859569504,0.35341340376309965,2
0.27850860029957497,0.9158390968967053,0.6403971583041494,0.296697928552367,0.1170171945928011,0.8047573852027371,0.5519179140019219,0.46996629857968863,0.3376904763658779,0.4251752370490712,3
0.021985994487569827,0.49621701827722176,0.5275174316627584,1.1212709312080142,0.526940614679859,0.752348991307704,0.6202483007804099,0.6888765224076167,0.4125217761174411,0.5510105877006292,0
0.9068210499485803,0.904078653713168,0.11410820575508766,0.7776639462246808,0.5588879866428527,0.3273961336633306,0.8901237664123596,0.014112004475730943,0.29512165779472627,0.31110260818380214,2
0.8641311431687896,0.13145442849495875,0.8671970117643942,0.26453506046205705,0.378575095927994,0.3089047243601147,0.3761089467387892,0.6384410654897288,0.37535907871566265,0.34821095892439174,1
-0.37156614283582984,0.7680947837107379,0.4403334260031746,0.44849539293399565,0.5797848125718021,0.635643634436112,0.003128096953540105,0.5845980458405649,0.23038277886364866,0.13996830583469838,0
0.21790567969018995,0.7426517664021864,0.9295208329237789,-0.20490061159407458,0.7809509241415207,0.17548358268518824,0.7273343991793049,0.535871731542632,0.1972727983885847,0.26761522172597335,1
0.044456835310035664,0.13902995972243426,0.5302854629274114,0.45124367569097473,0.8946389873549195,0.32794096022935937,0.5078769817720614,0.7846740110743186,0.3764156437547752,0.12908624906884195,3
1.1651018248079745,0.056188917704139696,1.1003437850512987,0.08903448890573412,0.1211948652841093,0.9984282361110484,0.9673659870574978,-0.16173142844111407,1.1242333938104685,0.46855457225512054,1
0.8800560046191784,0.98927327484462,-0.09156731219874098,0.8373573676158382,0.5355907311738168,0.44050997948914994,1.0820955458994206,0.09735402505833429,0.3297646048795159,0.6936383669082035,3
1.0515045357979478,0.41718998304615856,0.4579003919858625,0.6088777144025947,0.5117378422899437,0.8373302582029909,0.37143416186473444,0.927695067550535,0.8606918070916181,0.30571384652407396,2
0.01300595972721121,0.6123259786667116,0.8152918443940411,0.2259945835583251,0.7295618502895614,0.6795612995658694,0.5318199620540639,0.08355868890290746,0.7795196347522775,0.01980695468598002,0
0.8837941625294565,0.48758831881036874,0.7881596613843344,0.354339433979401,0.16582790848366574,0.8834877196365629,0.307256414184744,-0.09598347757245412,0.5609945553205523,1.034613460452823,1
1.5807021244842137,-0.11535432575384941,0.7014317995829199,0.8003313222507603,1.1357502510626845,0.930192798668954,0.23816318464145503,0.6035090554675426,0.04078778112659487,0.520966152456757,2
0.1605497059957946,0.9936759885505726,0.7057976966040628,0.5438827540315424,0.8368505992697298,0.23289366303998194,0.9304913351047358,0.40147193905890366,0.7070594366805844,0.685172221386298,1
0.10010031068664654,1.0325662164898175,0.6516689360732177,0.5854233357686769,0.9409548415487022,0.18202531010075504,0.8879729958258319,0.35467208951472606,0.7311689000780999,0.6095034078598046,1
0.7062929400738039,0.25880347395609465,0.9298711126075289,0.38133723376665485,0.6869183299648893,0.3722228117190609,0.3311486162502911,0.030860049205100687,0.537293569046419,0.7889569999110637,3
-0.25426198433157343,-0.050711470178106455,1.3758460544278608,-0.04594299684723535,0.1377755578991294,-0.2413665580828337,1.2646709267061846,-0.03919557537236906,0.6870397242909203,1.126395986039124,2
0.07587075974408584,0.674049740127109,-0.004577658382065086,0.24016495576713823,0.8251621682038617,0.40684055350290493,0.336534654079605,0.3663667151965371,0.12681177837304067,0.4304784145718052,0
-0.3083034618775987,0.19204264740609037,0.7300059648861837,0.6496524555030584,0.7271003646499886,0.8449503137938865,0.8170512502633811,0.2859777124070782,0.3824044511319459,0.5286926564018314,0
0.682971850813688,0.23437357415997884,0.9246905369924052,0.3762966877057383,0.6908931247679975,0.35588994732568124,0.30589042992809945,0.01182038628234871,0.5544572582951492,0.7648103661501252,3
0.6863164947388897,0.5333054082525168,0.49137592072035363,0.43010325551295087,0.48584397387165407,-0.08963229038842296,0.4463763907121371,-0.16179776695441073,0.8237452404041719,0.019047477871046714,0
0.7911801582022502,0.030808384507770487,0.38610672561233234,0.9549503083170838,0.9335249723174683,0.6593392897113476,0.255667842833126,0.7215228137345373,0.6550997350743818,0.18867732529271874,2
0.5960212356977033,0.42027219988346415,0.307389696769847,-0.0069105365932362744,0.15345869039849178,0.0859664887966048,0.41751995642341544,0.16138583369050316,0.7917494722000884,0.566860216516359,0
0.05170827239046118,0.7127395418631994,0.03401436011865664,0.22433855779075332,0.8838069535481244,0.4217206753704605,0.3380793204305098,0.3680528742612761,0.16298710698563096,0.38673078571574027,0
0.8135951350601893,-0.022019062709064507,1.2018233945876104,0.3302243865426837,0.45313643210142696,0.7305290206220916,0.07054760854805364,0.8079224790519013,0.780161236028937,0.12574029818221327,3
0.9788900426407974,0.997559434712324,0.637761295975925,0.002046618195888864,0.10909132576635946,0.23250545021026742,0.028259045242163078,0.7639718121084401,1.001300059043039,0.7000213546112337,3
0.7017662921723482,0.08512081188622905,0.5523500494892184,0.5445884821621026,0.1099843798554996,0.5960727188707375,1.0885945604853915,0.29944793566192246,0.16775234159933072,0.44634010100945903,2
0.883938678118834,0.9676797169687493,0.061787338827475294,0.7367946750987723,0.6134892036983991,0.2944586586199803,0.8892365895880585,-0.05395866828772433,0.24026330767388024,0.33785156821857465,2
0.7964404108440509,0.5860796003668233,0.7682044468596599,0.3875501329707835,0.6437868400570329,0.9381437321019757,0.28970747592241836,0.14735177529581944,0.1881293890701297,0.864038584145027,2
1.188466779586451,0.8023663272825977,0.9691799568021782,1.1191242456849315,1.2569342346583479,-0.16661238686408808,0.05249377385164483,0.4934993988210678,1.3335332553880386,-0.1219391083623109,2
-0.44473657629017427,-0.04429205779076617,0.562303362088667,0.544741188452957,0.10748316567135374,0.2946133913338555,0.23252973020531542,0.3377518714490332,0.5736533934894582,0.27896622625867706,2
0.43158861165423656,0.6125205165200227,0.6823943630793861,1.2406194213186923,0.16178924154157556,0.17672808012824248,-0.3734708417147135,0.5828068124681034,-0.18384023168409008,0.8704634027588526,1
0.013402339271965493,0.6132991444267647,0.8181284438965707,0.22758679963661424,0.7358028751279811,0.6747526961813429,0.5295253772249046,0.08555338477698583,0.7745604546307697,0.014793527346595323,0
0.9348290324896544,0.7874976874391146,0.3149200337763995,0.61362787195542,0.6243630185860785,0.4768152971565095,0.9658574611691907,0.1782079593263557,0.2971416402558203,0.23574191804160338,2
0.653732003334931,0.07105946552197254,0.6145689415509729,0.15703904995999599,0.7521738324403803,0.31211868600374154,0.5435445265188241,0.20155431127666967,0.6288950644600912,0.26317773464291155,2
0.6548493964916271,0.8508231552079115,1.2272323347348295,0.457815558893491,0.0247152186642976,0.5325296764976155,0.37914667931484297,1.4346800502084545,1.0283619915992745,0.4371682209727897,1
0.6608224476686879,0.49593506115282965,0.5963240209871147,0.6879084760726027,0.04806372408432345,0.5048830015172852,0.7464074288559285,0.5390298674048888,0.5474434231772015,0.0721818683266568,0
0.8445060801089617,0.9800511162211749,0.5631946271793982,0.7015426420203031,0.4182754786003992,0.11626210845067039,0.2180090298133578,0.10043378441371197,0.7308328320119258,0.3324188823665591,2
0.8116999114564848,0.5761920260453224,0.7827634889054985,0.36401884374979615,0.625238469505821,0.9433115075967233,0.3032428755860502,0.1586582525728929,0.19331524137612488,0.8613199877778503,2
0.6926420973154045,0.5046464919306783,0.8363860350779935,0.40418694330402416,0.57550950988236,0.9576533203839278,0.4116877744479017,0.08639912240206149,0.28072078278391105,0.8940088270564733,2
0.7657946261649964,-0.39155826929831483,0.07110525042821593,0.3854678855412559,0.283983573511961,-0.4052642176468595,0.5928862245755137,-0.013000717545771923,1.189988008515928,0.6163191862405284,3
0.8265062601934222,0.8928642582602593,0.13918211340366352,0.7918704365099412,0.5738557080363391,0.3120476303317867,0.9025414009383738,0.028081921829757214,0.3604372423442743,0.27951701189622497,2
0.022800781741740814,0.440650190517597,0.6360396707327163,0.876743402008038,0.3259768025315446,0.5343606256586093,0.7202561412045729,0.3965002457711912,0.20526560624060114,0.2989482265106496,0
0.5667825117593897,0.2509081382360158,0.3593373490783262,-0.01975582349200307,0.053961239211158196,0.08519233898118954,0.6318449618651187,0.05863351310403811,0.5943611178539139,0.4071362898865688,0
0.35698969437538164,0.19012380677990698,0.04907980279266308,0.6681429607625448,0.5115412165834669,0.30176502705331637,0.7429014460013001,0.321294001121382,0.10247604957871673,0.5929868940873958,0
0.7750721820404387,0.17635237384244812,0.29740713152639264,0.2559015724960509,0.7989280846742852,0.9129242357173563,0.7044785143493376,0.5660920434075271,0.7939045050619008,0.09932601707664021,2
0.7889424090035454,0.20212359734248647,0.3606748509302262,0.31505915085616115,0.7325543457968059,0.8984256430961087,0.7548912239707232,0.594821305379967,0.8395121946006867,0.09697406256156968,2
0.47536300717709407,0.18621674645879382,0.9962867681214977,0.435006041709433,0.6792499393393309,0.30442742881440565,0.34658285331058736,0.4136700266059906,0.7639159402195604,0.5637438382093162,3
0.3812343236704362,0.5032353978307229,0.7788172087992535,0.658531971350448,0.30775979806221687,0.020504824862858484,0.8374095848452893,0.19775564799743756,0.24275864324111676,1.0012825224162178,2
0.896191144342237,0.9146830640468826,0.1367659409603159,0.7819420240370955,0.5600709310050364,0.3170730208193685,0.8785605810719709,0.007104152987886848,0.31014580600127944,0.2922409766426355,2
0.009207007791034796,0.609746628748877,0.817252935333313,0.227350252327293,0.7277574708351957,0.6787397015369488,0.5315976758867774,0.08216156227767976,0.775847995009407,0.0162769642985483,0
0.013257306171205694,0.6143698024812995,0.813841420686636,0.22632473505813885,0.7303847493839982,0.6786986924097859,0.5319451759602514,0.08178061078798553,0.7780531418409418,0.018930783746146825,0
0.7696348654450007,0.2531370781822985,0.6283533341375438,0.9222782214590316,0.5527678912253398,0.7807884284400806,0.43980069034111857,0.8727040524852068,0.8548810083772724,0.3883423063828682,2
-0.10309119833279673,1.1432173310833618,0.4920581123887694,0.28933121471530143,0.5536228917439001,0.22407105258514481,1.0771812473639641,0.5035952436745246,0.3833429902909093,0.7413956659566053,1
-0.1855637758160265,0.5254444566403783,0.39685532808737245,1.2102340932869602,0.8814567876186998,0.9208126966728549,0.05177646465343716,0.9348856572306995,0.413501157692561,0.6841106630389132,0
-0.5305362985398836,0.46792874111333194,0.8002015032895344,0.7039979897235906,-0.021618781675587062,0.1343580722279143,1.5479151909095044,0.4501139145274789,0.965973330419313,-0.2909945297583719,2
0.6679118009511416,0.5171248054595103,0.603744486845948,0.6931759118743647,0.037953469856900006,0.5202112416471973,0.771329099633448,0.5155290811984938,0.5708283344559855,0.09665613507101803,0
0.8622195070787885,0.7310068281145494,0.8081618088096421,0.7404381521842449,0.8011871990618371,0.394162953358849,0.4078188687551125,0.9177154762189487,0.46783807013045464,0.519570023768013,2
0.7057853017136464,0.24850985413122126,0.9065225965319684,0.37911428922148593,0.6828537785609591,0.3867325088500039,0.3238290984611978,0.029643761462823725,0.5540881109119586,0.7857424564104265,3
-0.1567278646926968,1.0231028041431534,0.24550006958414014,0.9017571339318118,0.6920592297412327,-0.1775242161524499,0.04165867534142659,0.8661977657509801,0.09429904547621912,1.1356319124815852,1
0.6499673873969821,0.0685546631608912,0.6102183739519105,0.1576710207031366,0.7470105821562218,0.31077141450525475,0.5480918972716015,0.20574494139780145,0.6302848971224558,0.2575760273114282,2
0.9739733822821702,1.0028302128005204,0.6497713988305471,0.005326591827765596,0.10049757650646483,0.2196322900033708,0.03300467458767696,0.7529387956216383,0.987399504369762,0.6902104583235092,3
0.45778830936759546,0.5589213684470642,0.21875373257818426,0.7053918882600769,0.07743946264838153,0.32436214579386075,0.8163988222038955,0.39160762595816984,0.7412133307218355,0.22783033213925308,3
1.1689184211818762,0.35848750947268565,0.6087807790112589,0.2951598990596179,0.05025054716716748,0.7032945210664805,0.43018986603401094,0.07120293839381645,0.723356350357311,1.0981876369643615,1
0.6668044783060859,0.028863130983621324,0.09588387579868245,0.8867469531476427,0.9315753810393702,0.1196964034116471,0.03044783002406707,0.5833705334997685,0.6893105693160214,0.39684120088789,3
-0.16886764330142473,1.2192985663799698,0.4184680431055482,0.5093698383891242,0.7633982378726714,0.2926421253463972,0.879838963283447,0.3655174578096949,0.8939076457276331,0.3913587928198928,1
0.788092551406772,-0.09646860311900304,0.8048763556717635,-0.019605104899868164,1.0807379942441973,0.4355799097958781,0.5435766838859402,0.25577404252439784,0.900904889885882,0.18450760895833507,2
0.8244712519139177,0.6117885465973809,0.767915633961801,0.394686705747633,0.6220057773104446,0.9587412949778181,0.2644370258874194,0.18234607483325746,0.20739536128422142,0.8383483308159903,2
0.011445577275944528,0.6141755951532853,0.8132007258149619,0.22642453853145303,0.7303341467447806,0.6799412914373466,0.5295329330130246,0.08158735169543556,0.7777545374417173,0.019945273569075293,0
0.4869048240682161,0.6552365383084844,0.13744665044746074,0.7278956632419236,0.35109750500931314,0.16014858326480622,0.6890481727759804,0.07931647599311553,0.588112179120571,0.4123464762247135,3
0.8134163305762323,0.5764005997235145,0.7831525260969014,0.3805210977257621,0.6341580993733351,0.9298511837366475,0.29225630631126454,0.1618503687251209,0.2009665715319762,0.8535239932626585,2
0.7319684386214992,0.3720930457855547,1.067770126019353,0.3826077524757241,0.7478919854226206,0.287154494976033,0.16845523073480706,0.081670171481319,0.5690285520284571,0.7516585072940849,3
0.26909617726331225,0.7714390987984436,0.03229778557626908,0.2160454645711672,0.8359467113895925,0.32218151688385327,0.6003638297089229,0.4947311985783307,0.30897770861459817,0.454434347300381,0
0.7062936753695694,0.19528931372222796,0.3801714222932583,0.45564589802315464,0.27509469077206844,0.07657132228667411,-0.0432181185177036,-0.007211088378956121,0.32579167341100174,0.6206066180220703,3
0.8131075923603075,0.5194875962753004,0.8611745913318647,0.33533316028585247,0.5709228299926556,0.9410291170295718,0.20395759127898616,0.17435576852056683,0.15800794618181738,0.7838201368292871,2
0.9728183025257803,0.9881851766071338,0.6384708580781999,0.013416172297285634,0.08439448952925246,0.20481404019884697,0.03361278668209827,0.7428852405907931,0.9699446928400425,0.7053614426883351,3
0.5100324552570344,0.8640842302894949,0.8377292339322228,0.5219427942956982,0.7774764968127561,0.881562521408595,0.5737957824014095,0.3692541642657008,0.6780730865230711,0.5250598933856541,2
0.6643276218950016,0.7246100778447389,0.9134025532663456,0.4914148186746,0.7903537169976128,0.1958410938748461,0.3115730123180017,0.7706730539400675,0.5788506689322932,0.3852267782149562,2
0.6088859416436017,0.5466509821941736,0.29416860354950136,0.2792087218564178,0.8314032570331059,0.3510665958792758,0.3743321927730642,0.0866941953004949,0.23873862391626774,0.19015787258522143,2
-0.050088071738748144,0.7531829585744415,-0.06431006663658538,0.4066026869350461,0.8584249788364883,0.4288877769648659,0.18999255151147268,0.28472390449513035,0.20486423009696614,0.5534727735435958,0
0.4606842095850383,0.868795549182707,0.05748715377720826,0.28937989736796066,0.6337935406870854,0.17941956207174883,0.8965725814644888,0.29940408260957796,0.7234772364376387,0.5636437203152975,3
0.47450268612005086,0.9057831879587283,-0.03724185266994885,0.2598659994557797,0.6403626768375389,0.1288289416661517,1.006149971231243,0.33167233290595066,0.6515487525151129,0.5954283306468007,3
1.0105988485314774,0.9539862686612748,0.5704181799658468,0.7425615372858503,0.047307871903381704,1.0239075630145407,-0.11674636973525082,0.3369729358373309,0.3050947355291822,0.04788372424104178,3
0.38790936023444444,0.14312656112209546,0.16203632676540347,0.6650721588258819,0.49085413174181103,0.39019503120190474,0.7803362249994914,0.3917236759524373,0.02983948571099201,0.6268422424870372,0
0.6718436341593222,0.4805253924694505,0.599380403866581,0.6991353417659455,0.045472192695150376,0.5202383574376743,0.7447363948992404,0.5207793523604317,0.5623003824893656,0.06670988075182364,0
0.2718555460502711,0.9014416375636769,0.5481469519114307,-0.07291502230591672,0.7673566389380022,0.22408443798978653,0.7354738723349696,0.6524637111110635,-0.025908875163626416,0.3125451512356657,1
0.5006601272757325,0.8312287266399522,0.8727937800289953,0.4790627197203352,0.7645804982181815,0.8269628783746233,0.5370919466692855,0.3601867876600301,0.7446255519665217,0.4575123010158454,2
0.911278766211411,0.9015995807271866,0.11850843183878819,0.7738823122733164,0.5606352949456511,0.325509271419926,0.8899357932429176,0.01641573553109794,0.30020219350110056,0.3082032155359155,2
0.9406306747758372,0.988837894711388,0.19014758267802478,0.8512157499400618,0.551854109424421,0.35350479961621134,0.9463379696427222,0.08950711896467768,0.2678880551185066,0.2768078283262505,2
0.27941599953047186,1.390544628607402,0.9745272127395868,0.5860726989900729,0.9977109873455459,0.12575369400496583,0.6431771894609171,0.5352711327476363,0.7364248195373172,0.3367633034380738,1
0.9653674001192724,1.0044004335620187,0.6582923198852932,0.01133686393418008,0.08899162320283482,0.217597473832643,0.03259622789152172,0.7565450625883972,0.9748860006382708,0.6848141938672441,3
0.812253763960573,0.35033040963311957,0.7214176551506015,0.01882299766861819,0.8643226926227667,-0.02352061076313019,0.8824155754231778,0.6368082321000417,0.2776755008356069,0.699429684171033,2
0.34585052317124787,0.6796987896623503,0.8236409103778412,0.7347737747117642,-0.0967739359543434,-0.07883854151358743,1.0755112712341415,0.9355531625597364,0.4081332086208618,1.0720739426580614,2
0.34031932395099307,0.19957039144395353,0.2814988116046689,0.49243533696338593,0.035750087544788145,0.7737211439794407,0.7442780024178033,0.29223662086494856,0.36392600680779363,0.7082456161846353,0
0.8125814874252131,-0.056661327357498265,0.3118949081985074,0.5271932040958625,0.2355223971592607,0.20382058438369824,-0.04004068230060112,0.09040142199017102,0.14863111686529096,0.8719435513193886,3
0.5218924869304591,0.2671741845849575,0.3672235680682704,0.016377351667454403,0.19148879096451368,0.14609325142595095,0.5698919169730877,-0.0015833664491554183,0.66863996258697,0.3755392577715388,0
0.019179114520988062,0.6417478392080184,0.018889687122414067,0.30300739683759237,0.8393206648902275,0.3771530528738949,0.31412484447386124,0.34847047096199446,0.17934485363436414,0.42244758385364944,0
-0.02073884431657215,0.5306649514208147,0.45436337599144694,0.20401896826148447,1.2427342453833155,0.5483844761767658,0.2468198383165771,0.8041215574480978,0.3530652961956462,0.5468775204190819,0
-0.31388149371074453,0.6397279770992365,0.04007802910806396,0.6332675752637592,-0.016288936308310686,0.3066990394232715,0.7236520044734748,0.37031776880322304,0.68979695582322,0.48857115811663065,0
-0.04929341216283911,1.2664526719524611,0.3483308894176201,0.8739106086170308,0.7987827332682391,0.34143509990621207,0.3367814948444152,1.0074161450601427,0.473856563999534,1.0132139355828855,1
0.3554279268848685,0.8621939907450149,-0.05844560312473815,0.4563898770669469,0.521597991944683,0.32977462021105464,0.7661629715695083,0.5106761894979693,0.698809185991856,0.47694222983255063,3
1.0128179822964736,1.1602311933909153,0.13038272114821925,0.5779390152590959,0.21078785092021823,0.20822219113005974,0.6311327148183058,0.2254554208617378,1.2073250882415527,0.5526602226639418,2
0.6913217520336314,0.664093429702964,1.0599737573412353,0.6812591636476629,0.30045692446352645,0.13773462933712516,0.06900008038409433,0.8233736624007868,0.778238065594316,0.645843978306929,0
0.35222738933280473,0.6549895922178665,1.441089572789747,-0.15426467638188746,0.35639010402735327,1.3317025670331926,0.5670219265981163,-0.6830040465673297,0.9244287117908196,0.5244773687291251,1
0.36096192679691086,0.2053834974208544,0.09162414401192535,0.6851800621327043,0.5449188680885498,0.32429851975559704,0.7751837347893022,0.3273156945810695,0.05243981463842134,0.6046783525474501,0
0.818890648578837,0.6707240974621254,0.44413259122959986,0.7394250764908292,0.15056923590353713,0.049476195073541146,0.4914648091302878,0.19607195398679098,0.40582873170786715,0.7088942046947204,1
0.4202621519998102,0.8240056914763009,0.0522542007289609,0.2996305221477133,0.6510188002174451,0.1759430538335713,0.8818269739741842,0.348210088732684,0.6746820701085955,0.6242313783260282,3
0.6231929811879002,0.045526117745586354,0.21255406831582174,0.8236528248486734,1.0912443529633624,0.2568858293459658,-0.06432498804887356,0.6179274546512011,0.7866426824286799,0.340774784314794,3
1.0023377416718968,-0.0034862449265784766,0.29847747646382405,0.7597304111166966,0.9365014013342982,0.3476315342378467,-0.27951862840853503,0.21015779234648907,0.6617260045738803,-0.020897514790778893,3
0.05492369934926031,0.3585115440250989,0.45645738395547697,0.985469851588043,0.4347118942031772,0.8254463035966317,0.43262240672794494,0.7967544967104425,0.6129762031860188,0.640938897739372,0
0.783041886263998,0.11875932702580444,0.8315472091341659,0.4103212505969324,0.2938736643236781,0.6210948204818165,0.8562503900320358,0.9619746706458968,0.48207232622989815,0.35371578853895425,1
1.0364203761010118,-0.5350792342095514,0.4396876866760088,1.567910014059869,0.3126397374178006,0.47621941151037084,1.3654632784059086,0.4376125048640284,0.6798678293264693,0.6117687859554888,2
0.6543244650759997,0.26807943768429243,0.9266578286351426,0.3592205376736697,0.6289590254507617,0.4039727881049471,0.3936668445575287,0.08231593728838758,0.5095290217999577,0.8070034151046702,3
0.2637843126659033,0.8465024220816787,0.6384418590955862,0.29799221449066593,0.16901425296291914,0.8182094133162101,0.4847761976031709,0.554473296233126,0.4011629745817511,0.35477897489187216,3
0.8689133807094328,0.319444161722506,0.7206677213015173,0.029610912333961115,0.9001796570031511,0.02593916097000008,0.8730762965037023,0.6619177703911473,0.2209842048483366,0.7486428129914454,2
0.10699978688902786,0.34041679017424553,0.4850954288701034,0.3570223060343646,0.4297859806620324,0.5314038976083485,0.720036491369253,0.9805440350995407,0.5587215803232592,0.5658252786363528,1
0.566447790726812,0.32304103063181017,0.6277499038476795,0.18881134503568975,0.6100198583524061,0.24865587544472434,0.3193306639110166,0.3396853445755993,0.6617125100301858,0.348017355037437,2
0.11069094222408793,0.6593193704340867,0.6934489667063782,0.08831897645588864,0.6391700302264279,0.35881046157311447,0.572719533791149,0.47162987251024296,0.09185149077092855,0.1419011986814511,1
0.5013740132896574,0.9971875377119522,0.850229686899468,0.5007316261696102,0.1571571246096414,0.6864825165641252,0.3106601972756532,0.40793200507671823,0.4428207187573343,0.2952447020709934,3
0.8066140858228301,0.5873381816461477,0.7754954218920634,0.37148575573004766,0.638981172757703,0.929084854541118,0.29687419061480524,0.15259363861446218,0.2037207259188821,0.8551538778971571,2
0.8469102531424987,0.594034769545611,0.3687245144351142,0.5717139049581325,0.2190600252154202,-0.10436314296563712,0.5270034896834221,0.05829734245887419,0.519788842983286,0.5133806319510631,1
0.8501689255970456,0.2928649716624876,0.7460109192195813,0.03667793093055576,0.9063478252317384,0.010966155613026777,0.8273152153885452,0.6314088578657961,0.24273171907316338,0.7746680994199624,2
1.4013633195236135,0.4473002881947298,1.148335348385019,0.28278348537301823,0.4116545448792698,0.5680564036262346,0.17426186371053431,-0.16781237523442413,0.2857293789677959,1.2776281182002687,1
0.6377159478044814,0.6447117171653794,0.9440001751716448,0.8797286688471094,0.7343749438848042,0.19886931430241322,0.4981991764419861,0.9181632864481163,0.36345791691664286,0.7952987959468583,2
0.21209126701799152,1.0591943920820432,0.7585877654471268,0.49306499187041475,0.8663736297901028,0.20076223846131616,1.0071748539116114,0.3294530973735193,0.6288489257491077,0.6128916770297114,1
0.011232951444022657,0.06330292475974934,0.483841065949309,0.26219199061098025,0.8248905719478129,0.4167481364773224,0.009896936792171677,0.7114680663600061,0.9437799804500203,0.794445297600771,3
0.9757015739846847,0.9973666876222467,0.6464315378818798,0.0077948576250038695,0.09445848241374795,0.21454346033498056,0.030477498017311856,0.7540546003190906,0.9829086027224622,0.6948932145087195,3
0.7396532556711877,0.05178182643679541,0.72405393624586,0.22526184315228412,0.0952603979956428,0.9428717592530274,0.19263878008823956,0.5109188338114716,0.20330793623050283,0.8875585148384111,3
0.6651067199360451,1.0443533436675283,0.8505586210150076,0.6074410378654909,0.2841853667067428,0.8850637978212833,0.19102299477552537,0.11277370846910627,0.5445440185004066,0.09239373731528697,3
0.9849779994458895,0.9915888158341597,0.6375263324489621,-0.005719990099405369,0.08331824601542707,0.21953407732056357,0.0290603629356248,0.7490128903397646,0.9847651087832086,0.7077301596064244,3
0.7279268284808179,0.7298876178384666,0.033009954265685926,1.7066354323501065,0.8712390190284168,-0.4744587751582955,-0.04598125998170191,0.1643122076941963,-0.3279145269038335,0.8528934025714916,1
0.4090694690905808,0.825942688349114,0.047937594686005884,0.31706088530616433,0.6620091816852101,0.16325407320359084,0.8872324922337362,0.3341586314597442,0.6912050915562519,0.6255601293966058,3
0.8910589396982818,0.9061548316283307,0.06665994672668,0.7489799398742596,0.5407674360442777,0.28238093777939943,0.8836941214946795,-0.02339960074897457,0.33165510728940883,0.33516331992486664,2
0.5818355235851309,0.6374417088636112,0.879740614539357,0.8875548305644995,1.2018374217385637,0.22652165651843376,0.3213499983387046,0.9470469569132745,0.40849798302700374,0.6978644783448413,2
0.4568513263667866,-0.23390600616570906,0.388706710903589,0.5403036625690439,0.107299487779662,0.19098614513881085,0.16662252593666627,0.5215950078939573,0.02889878452419245,1.0302048088286482,3
0.7944775139995942,0.5920698617227274,0.7944684241203109,0.38233309036646945,0.6164457860495727,0.9362400581097519,0.27271460185275004,0.17902945381218618,0.15903954274049364,0.8138976655672214,2
-0.010967963660393903,0.2031842058334916,0.4177973698213101,0.2578844581756405,0.49089987765744325,0.08462779233236802,0.9732646804168575,0.46693624465248074,0.8129461218666421,0.1811432091237102,3
0.8037948257351243,0.5900053418494245,0.7823091620047672,0.38102464879805925,0.644401348782014,0.9394631797358716,0.29456679334263974,0.16167626785407718,0.19926035642040474,0.8527955012062804,2
0.3006731324407222,0.9405612108926105,0.6637443560969909,0.32551913488309947,0.2108603263651178,0.8725856480834113,0.6249669579636855,0.39627494189112994,0.4281299206773874,0.46153483385017136,3
0.6979998425076056,0.4292461460958572,0.42805537596566123,0.5101929147902491,0.005059612425476409,0.34383742070435475,0.7478675776386847,0.3890075834019028,0.6594887612533127,0.3170387716773179,3
0.1955147215246723,0.7175010859811397,0.1847870730329926,1.005948018350217,0.6559436888727626,-0.06844964126699224,-0.24226768563539058,0.6441191328950129,0.38249032214139833,0.992802829446404,1
0.6675804654634958,0.49821979683469186,0.5883628439163978,0.693385039989594,0.049275229083790076,0.5157831002977195,0.7603661345711624,0.5373877851701548,0.5387176145805238,0.08384489407315679,0
0.6521068144244712,0.513042396533697,0.6213179615769416,0.6671986243602644,0.032975877816637994,0.48206622552384315,0.7565966009028722,0.5469942357329075,0.5570414199031967,0.08383708837003688,0
0.8775597867129862,0.9439487753700834,0.0802947901363524,0.7880210030909311,0.5520710711084217,0.34779057153011994,0.9230579835934012,0.039670981539003225,0.3374132302038463,0.3467162093414939,2
0.5857617106400741,0.6692063024094067,0.14630676682368204,0.4711151960511456,0.5655380381906814,0.3011812588791669,0.9720705340281434,0.24538107436817438,0.5103165237617266,0.5692864622655043,3
-0.10459925295580497,0.3173463058241241,0.4839157551554767,0.038417385984084916,0.5815200631860623,-0.10766525609566566,0.880551850165635,0.6849783714885499,0.6338008057232892,0.25407136470908165,3
-0.022053086519351506,0.10271655369098501,0.5739595370334336,0.4884554888391456,0.877189878880172,0.38767109430443697,0.48543423187078255,0.8564869687022796,0.2783832512309624,0.11792299854078686,3
0.719663963094237,0.322222427986676,0.8095922673345172,0.20876827119673558,0.59806765957225,0.9270211878823869,0.40093823203036233,-0.5070582585681964,0.29681666856554073,1.4419658177642036,1
1.150473341762827,-0.07816276899514218,0.211540588433387,0.5092215704396511,-0.039902897359874706,0.07346218069057861,0.16737075562246342,0.1820366730392228,0.06570955692947383,0.7165117058786388,3
0.7955859261534232,0.5961298222135093,0.7897594903020365,0.38927183322668085,0.627187496189471,0.9439804045079649,0.28025535264426576,0.15107728727749337,0.18547112880511568,0.8526095823741937,2
-0.07844335596164162,1.4482397928854263,1.016238738230871,0.2649101811943081,1.2484313468030888,-0.06839677129047045,1.0649296208967554,0.6006483888803904,0.707278048580314,0.3444933724214709,1
0.8413740363639375,0.6070438722159466,0.8157019742800555,0.3767454260559743,0.6185580633951363,0.8945882325479543,0.29030591338416684,0.1619519815329873,0.16759680187846315,0.851784572750294,2
0.07520007273842141,0.8754798350212729,0.33683868833618114,0.8981652426059028,0.7722494110633511,0.06113498698759505,0.07204736352507904,0.7785281732364397,0.2526593226894225,1.017906121639017,1
0.9675343540740289,1.005465269225981,0.6387287700546443,-0.002991628097837361,0.09229951885734526,0.21477539404959084,0.01990713489839569,0.7532979401723995,0.9858282068019338,0.703641780816021,3
0.3601534180265696,0.25459407780580123,0.13445495615011832,0.6636041665202352,0.5268321929985094,0.29063453512201526,0.7253922717885717,0.3478190564308319,0.02808784307170841,0.6554122056483415,0
0.9332827261519981,0.10911967880352175,0.8215916255106315,0.7743759823025386,1.0150552427641206,0.8116663576037821,-0.03829522888098025,1.1107875336400472,0.38168009140811776,-0.024198171521133738,2
0.16259258056377682,0.25471314550791935,0.5849888453065968,0.7837385269720045,0.30760039333731426,0.5914284525039466,0.6699893604867377,0.5351613240817708,0.4789619076184026,0.9093664629548801,2
0.9670511201128118,1.247181188996446,0.6456784071350861,0.9563748515563503,0.2333268286114457,1.1564030066630395,-0.07035089762177249,-0.39561007024470385,0.11414061888305616,-0.10383744719659407,3
-0.011005983101594397,0.20853619693934938,0.5523304277591794,0.5358971503712966,0.8948432539804869,0.3183116007712205,0.5410811976443566,0.7103869357131687,0.44132956585473954,0.11035432034039205,3
0.6322852731686057,0.7863295585848046,0.981094342619743,0.7128026860179757,0.40252648640762667,0.23979677301930588,0.19711641719393364,0.9579979280047426,0.7580408192811483,0.7420582945921484,0
0.946423683345882,0.7944301360933121,0.7861569160156937,0.7468532280150151,0.8934515199197595,0.23376133430534096,0.2717881665731128,0.6439187837831393,0.190467521130879,0.6969621029231603,2
0.8204465169698423,0.584053053613931,0.7327600228575711,0.3315321559528202,0.650765622302751,0.9283872642855912,0.3046836284707574,0.18664035766298953,0.1795399608263758,0.8966984800624886,2
0.00042391342149050715,0.3682343862999574,0.7113868650296763,0.9118868112904362,-0.13607297103045965,0.29868480159574096,0.6167786214888085,0.5228883210078638,0.0697480575312513,1.0645818644871583,2
0.3070294048877934,0.4348878113969825,0.9967019818179768,0.7562185597577461,0.052990495663601714,0.17779039737176278,0.7908618306921887,0.6726014010200957,0.3653017840843927,0.7601380078569375,2
-0.19213632563695693,0.3532644269180129,0.17964790439077466,0.2621786111490798,0.4488166230237312,0.5655150746616283,1.2623338881588997,1.1372255836719756,0.4621216640204443,0.4251806700049342,2
0.6045005748116313,0.595291188100991,0.9438871453008725,0.2277165843388384,0.9406465180562154,0.07072981364623501,1.0230862822829097,0.7580833746035487,0.5709641023460983,0.6135718796784835,1
0.7983705629725087,0.7507822968693312,0.04256064094719905,0.6237755898104954,0.47133599770624657,0.35498874630734817,0.9213737616655161,0.0237262506036291,0.43838106468132143,0.2752429960605999,2
0.04827947636943472,0.16241453386458754,0.4843147005898747,0.5199180259325051,0.8813849353329757,0.3071134181468768,0.564824970167715,0.6867240353233734,0.4100012809526866,0.16485314639073073,3
1.0186078444960844,0.09904861735545105,0.5925475136277015,0.9072204662520392,0.7293461445216859,0.8269640480757041,0.17373382192253842,0.9253773507966371,0.6731860627755317,0.28859684196182256,2
0.06554275535624632,0.08505621522537776,0.5219784784766663,0.3382611626921665,1.1740257653936015,0.23843529732810959,0.2107023664743083,0.5179482849192185,0.4301887321923076,0.07782180137763467,3
0.5006807375655463,0.8869164852383308,-0.20396477428524118,1.187080934941316,0.5503646697429911,0.1684653178234134,1.0973070081049383,0.9545876369503903,0.8527926822093662,-0.2203030261391768,3
0.45753359582016173,0.7551150490829597,0.08972656111795316,0.20667019541426274,0.6296953495587375,0.07204082959213733,0.9324663257905711,0.4353552477980078,0.6785667480087767,0.5682364544113423,3
0.7847702193270271,0.8503420751903317,0.726891098254939,0.7003573598546712,1.0524992426827557,0.15683820312420874,0.26611369024931875,0.7042045720328505,0.4787237238369352,0.6552540349973085,2
-0.14729578296579393,0.8204805802147985,1.084926294797143,0.5559365211029472,1.3253504097421493,-0.3738575795121939,0.9765231171044325,-0.37885437323536963,0.1654122393774647,0.97307045683437,1
1.1260439513180267,-0.14516493289704696,0.09154337923016703,0.47249646080516755,-0.01258988156598062,1.0107615776105197,-0.622138810888037,1.0221193561444892,0.9998919727505275,0.2181669001569725,2
-0.3521196437452243,0.669192099258254,0.3121390194206439,0.3224604626774721,0.4172353001408422,1.0726009281749496,0.43605072633612496,0.9313608870378252,0.4434995435001634,0.5773790866386219,2
0.22505965331729733,0.6635256645982732,0.7901534673933673,0.014865536071343362,0.801107228112748,0.40178118658692796,0.6877196894936249,0.5393476986790291,0.1519509826843352,0.32144036908637336,1
0.9737425820091613,0.9844580561517212,0.5985373598370045,0.6203033353787105,0.7694994025487648,0.24912153821313737,0.5074542202225084,0.06677039304763643,0.9330935376426032,0.036654421833473984,2
0.6307804231592279,0.2176908185492214,1.1193701038683146,0.5993753321481735,0.40521220685569553,0.19047978525314824,0.15940550921380006,0.34099538634927573,0.4649815585352803,0.5591510748100015,3
0.39724532653317424,0.5300741881399624,0.23719554515888847,0.8371214590074612,0.41225735639289257,0.3942865394292573,0.9414130007877177,1.184280601088752,1.1413440918772075,0.15237384050263253,2
0.6735405264547406,0.21721580653789344,0.9125195194990045,0.347600834064243,0.6636806568780914,0.34524499205523274,0.31002486641871807,0.05013994709448178,0.5358699996321779,0.8257371293429442,3
0.07207995989899837,0.7038247357859,0.03947151642872537,0.26925438589962486,0.8672795111289662,0.38542403553194277,0.352510781352625,0.3312163811571907,0.1657028961525138,0.40513813314153707,0
0.03834803239894663,0.1669469661834026,0.48126579323769914,0.42361111683495994,-0.2728004397924401,0.559979699748353,1.167355148686425,0.25930990356881267,0.5996865794661614,1.3895219453140575,2
0.20011310453789505,1.148951502099025,0.6700759126177057,0.6081053548743651,1.0484785287041798,0.4469896501193251,1.0470199185404057,0.501290433356967,0.48183630218474593,0.5887196374616801,1
0.9766047968723375,1.0079725791845273,0.6420447153953497,0.0008205633962635756,0.08310400779856064,0.2238554048873011,0.04028457344925863,0.7565114563655608,0.9783394457593629,0.6893555271485685,3
0.8713597428365647,0.9175028414809144,0.49188622840872726,0.73651107905559,0.8443444635215043,0.19130970892641108,0.41827177542475363,0.6472923619159887,0.6058231614380931,0.7340248151973252,2
0.33939561217219527,0.3600366035689429,-0.09300432669073716,0.5873384105886582,0.4851983173335984,0.12329213029320135,0.14667709614799687,0.6677920435154965,0.3527913093482351,0.619244660204394,0
0.9982875644611658,0.48821883831985563,0.7391964723193031,0.3701011680333328,0.12394926591085349,0.8699501408069046,0.4289391998155836,0.009852144641426641,0.6734732568956432,0.9938508691270413,1
-0.1074393761941762,0.3026994043919367,-0.2407983392652453,0.16862110212670628,1.054851572574115,-0.030144692390145,0.5913153994208036,0.4995848903404079,0.2416584098069996,0.18399418096009684,0
0.21799478946141013,0.6952390243638598,0.8669536963637394,-0.03294388385212372,0.8304817802510853,0.288668704548293,0.750835575799685,0.6630851084278321,0.06855544496310648,0.34560196897767237,1
0.899861092014059,0.8981401594553113,0.817239295098952,0.7427136870542713,0.8228917941804212,0.2526156718027976,0.4306271433009773,0.842518475409101,0.2679209293691268,0.6456325629590347,2
1.0189078917017738,0.4371615336037039,0.7175432075627716,0.3830777850462114,0.010097929185248822,0.739795413735199,0.42327356076670414,0.04422800788647213,0.7160684849222714,0.9738871736923249,1
0.7560802079967047,-0.09629765999643422,0.6170425159373134,0.33088932005236976,0.6909633898951799,0.630546160437427,0.76516118852069,0.23371512337126987,0.15041240966152902,0.6637489541395631,1
0.3065883617179656,0.8948611702976281,0.6408875485962724,0.27860504848401463,0.13849772157252113,0.8272032458343253,0.566821723396832,0.45512051193370817,0.3854235219594294,0.4140776254924221,3
0.2646229969664356,1.064959570212486,0.8331369393498743,0.420478366037061,0.7800009898654543,0.40877295272240555,0.8488889327252251,0.4654084183809162,0.6789493668435193,0.8555440546268919,1
-0.14052119481092593,0.24402524511534537,0.7873277684188855,0.4946829909778689,0.7660451274451998,0.5858583201724835,1.162184074322492,0.6885609409740029,1.0047008685972063,0.3229359173052953,2
0.7967556712817606,0.6570211660663412,0.6607263659691134,0.17367584301513284,0.5912939214533971,0.24301141646715546,0.6369749733081164,0.6321328993234325,-0.08559470672916608,0.4881109799856661,1
0.24284309845033444,0.3855768182978443,0.5273723167236803,0.19556395210075053,1.0133612206698404,0.5260966519832478,0.8001671521960403,0.6370267002989807,0.2574575518475656,0.31250764130361014,1
-0.5277237201816747,-0.728917276957288,1.2927732456307828,1.4901351398350162,0.1415434673329632,1.0672713386258357,1.4487682804508184,0.8273349672103549,-0.6269062967629389,2.0029986835306666,2
0.6068887669275274,0.30721960794621506,0.9634824931402332,0.35310450799649856,0.7598587392513652,0.3683230019107021,0.4005881166860684,0.06871865615881985,0.4891334219255684,0.7921301873404648,3
0.9001773576596155,0.9001102358264084,0.11242912820734391,0.7657375801254238,0.5728426262152075,0.3360026131171813,0.8891589267363965,0.031029390402347725,0.28555485492544025,0.29927386519032834,2
0.7789914316453103,0.6335674324492723,0.4528439208087092,0.6885861046115976,0.16144511656272312,0.00917237887069864,0.482868705050001,0.23643072019124622,0.4414432174734276,0.7453224906423569,1
0.3288159531826663,0.5102341705075184,0.09557921191525279,0.7987269968379245,0.18625554622218204,0.2601632738311099,0.6642893323129391,0.403863839330076,0.7103903273501566,0.319181266213759,3
1.1482708314574797,0.4851517803647021,-0.5471496996481325,1.427639014383764,0.4714080660895632,0.6830500802708007,0.2776360565189112,-0.028929374187725565,0.6284075249505802,0.4325103100308263,3
0.003782260001906637,0.28726704599619524,0.9955964225136908,0.3865492441599172,0.7164607292532524,0.6243681009377603,0.21777595945956008,1.0905372431013367,0.13474825115157796,0.557408844973461,3
0.8652454645615394,0.41966842003258736,0.6827973488566542,0.4891119021081623,-0.019252653394986663,0.998996623491262,0.38236868024839926,0.003483377749125605,0.7983316345994156,1.002717197318168,1
0.9362009100682894,0.25382278384048307,0.7178172437926824,0.05238037928563679,0.9391234803644192,0.09139577547390422,0.9250841757858237,0.6814291333414224,0.26151212655184924,0.7195293488806259,2
0.1262014733237797,0.33222173684752476,0.5421189090466325,0.9384949064194558,0.32384245042230736,0.6893524677493668,0.6342721670059169,0.5066387077546289,0.3693097580671775,0.7839894372289674,2
1.0953745379627635,0.6897716499249945,1.0885346665229054,0.8860836069426732,-0.11938436549121395,0.04478780089414924,0.057229576147997646,0.7759559733851615,-0.2381134567378369,0.27938033124419054,0
0.2073902973387832,0.7984997418566347,0.5144975454851562,0.9538490629126486,0.4373037858601109,0.7720465223751729,1.434533976267506,0.19864521190634768,0.8850407506706832,0.1849551340430417,1
0.9113220714740411,0.026869853320699123,0.2365865174186415,0.46026324507243893,0.19102790596019203,0.16280176145020092,0.06744513232709244,0.057847198034451555,0.23118177447418842,0.8069105583170268,3
0.673830203333696,1.096210805835934,0.06433955364418811,0.8616815944052715,0.9175781514304204,0.5933382511007583,0.3716172082147143,0.768746721078473,-0.16131204201510646,1.3850904295414068,1
0.9078962027123595,1.0186554938777612,0.5307123966385474,0.5708145897646328,0.7912776085798837,0.33205865878091,0.5206179218328539,-0.011154087008777791,0.9372610333691999,0.04117991878794779,2
0.8267340970074367,-0.235832007536996,0.6955666817705026,0.9956570128599651,0.9406435390365269,0.5486832205177136,0.4959929332711144,1.027869848171088,0.5663062899727525,0.5164743591758704,2
0.35251565560616177,0.3249744668653482,0.9240347321670339,0.3893997290887368,0.523551876509748,0.3272616403289308,0.46824957351641266,0.3022013503194013,0.5933885122829563,0.575821455313808,3
0.8491089206261226,0.24009187830362066,0.41756417586816197,0.694272436459042,0.5890943034241496,1.019506273125396,0.3638577308608806,1.0962719157539995,0.7746168990244074,0.13751118002247037,2
0.04634536437516434,0.8913477027128532,0.3207923068209382,0.8596409911815331,0.7492430990853076,0.0503928149582787,0.061709882226431374,0.7055628193873211,0.2131432060378733,0.9785797512957196,1
0.6374650484779895,0.9101742423581197,0.6806856599308151,0.9384637994646299,1.126334578131004,-0.14628941914773763,0.7422760790263174,0.44333138942843736,0.3551860472837851,0.8555704885325974,2
0.05988673511546994,0.15415419327723684,0.507508799356093,0.49291419347117743,0.8932084045486164,0.35018454690919054,0.5011924441214053,0.7410621654689079,0.39801379421019983,0.15503669607633289,3
0.11524781100516758,0.6290485856381244,0.20004721975732664,0.11396755188242055,0.4232066327003961,0.6639566310695151,0.050256887333902385,0.5967966677775997,0.1656077075150333,0.32364589780304365,2
0.891353671008093,0.8549174675832708,0.5833899792793248,0.5412029958069773,0.8388538192255455,0.435542767079178,0.6580069020398661,0.2342904239882994,0.9956472177437253,-0.012386803917432111,2
0.6198896678458856,0.8054552118811744,0.9757125427735056,0.7271485525623207,0.4105065626568372,0.2613384503816588,0.19264689781974018,0.9381303907450669,0.7619908204178454,0.7659468604821963,0
0.06391917656527858,0.6458800061432672,-0.010854529496892418,0.294677050449256,0.8418838076652464,0.32935112854350046,0.30164127169262966,0.3368187549974902,0.1422719037764088,0.3704597289138799,0
0.7253085136186342,0.10528154051885594,0.6927336248861412,0.21727251429898237,0.08641122751466378,1.0286158559358478,0.18062506283516686,0.4669234006890451,0.1304412860120922,0.8045197829988271,3
0.7297648987078491,0.8866618743287564,0.7631236314720483,0.5696094792946393,0.11519043296656248,0.9987993880282559,0.22744739777552808,0.2747257162990993,0.5276002832307591,-0.08241797484510088,3
0.3621627644761557,1.0203458370470253,0.12729154005199805,0.1941690620592019,0.7786391780556158,0.33731471954333736,0.9298204130299931,0.34545669061309897,0.8331998586987155,0.47416053917600975,3
0.2613381440572187,0.4577366994062323,1.0086941168075454,0.6593037061402963,-0.006963730543429787,0.26001979696846117,0.7415427738764814,0.5523791620950976,0.3320479203388586,0.8568880767643733,2
0.46688970219306114,0.7857966160273182,0.04080327411823894,0.2610211630827917,0.6632789937098618,0.15782140059384828,0.9269241629159648,0.350903987811838,0.6537566935763772,0.6427021716340906,3
0.5849688204516146,-0.27364116483145334,0.19440881563443235,1.2855753196214463,1.1802930022075218,0.7738628854653923,0.12624067859005766,1.4327667028551478,0.44900283071324987,0.14203563811325054,2
0.7799043892776819,0.2158997401444709,0.2764431203710641,0.2806026359672661,0.774888099143166,0.9234474400875279,0.7211577587066609,0.56327925785622,0.7779509995999192,0.10141839309783035,2
-0.025175074684305646,0.16917277214870516,0.21501079029122655,0.8296634043494986,0.6438474037282537,0.7469431483204554,0.5915146704327697,0.8190750016259057,0.6604155256751217,0.6385839349530841,0
0.20033388325840565,0.8307669405077054,-0.03647263899495187,0.17942409571697016,1.0838731644765722,0.5145506465510165,0.2623260280828482,0.06656879210591027,0.130036879299717,0.14606920449317135,0
-0.046335537431478696,0.47707263798327293,0.18918443489185002,0.8501666817254315,0.5590467786576987,0.6283946441111224,0.5575385310813967,0.7311212001424549,0.587474116561325,0.734162628413685,0
1.0519468003373782,0.7096525992587502,0.17844519912719403,0.3727020793720193,-0.3690499357525276,1.4293195348893988,0.9695878737417253,0.03828606088496182,0.45617342060606547,1.143769440495258,1
1.0463966253378496,0.5368738465438174,0.7552115109220868,0.4558708948973668,0.07156400408881336,0.9500772618488412,0.38612538232111165,0.1294097311264154,0.6423653921194821,0.8776227867771982,1
1.0830068182796118,0.49084857845206264,0.8557353247512136,0.48129695333756944,0.24930996759956295,1.0207264716276516,0.5029184764718277,0.1680429531895908,0.7883072662182623,0.9598074867859503,1
0.01696645154764434,0.060288126466007216,0.48216002895515414,0.26725057692762566,0.8283897666240597,0.41963988080679754,0.012042619173885506,0.7152408845777781,0.9465830177521954,0.7951731744853708,3
0.5060773434353096,0.25421743467689395,0.409886848900477,0.007581607022636917,0.13651724725261843,0.1529667827595895,0.5119448882616032,0.03666590512201561,0.6161835330323102,0.3272088592803111,0
0.22085499019548657,0.031163917585152884,0.5901178176938866,0.20984137702764505,0.20999418516482257,0.3651035579043223,0.7471129301369246,0.36251353372025763,0.42914007539965504,0.4536042303937589,0
0.4175227093826961,1.1038086423857294,0.8985053686858937,0.23487886157748594,0.10339005679766379,1.014008748658671,0.6071440734678252,0.19313824982763433,0.6123875907091203,0.6384477329418277,3
0.5684706417345035,0.6787278199181308,0.8579311888318495,0.49382748616484184,0.8525515769341356,0.911533328745811,0.5018464154795601,0.34733800776841395,0.8831615850976691,0.49298925590781506,2
0.03528088508877894,-0.11039493510183973,0.5100680442590335,-0.061380244606906886,0.8615520727072643,0.477614112899978,0.29491372370850694,0.44339417287610644,0.91669896960355,0.9796819347244019,3
0.2907741486142968,0.8843807458340095,0.6383835543332407,0.27678681175545866,0.13419338905650782,0.8125102974171868,0.5584614594349803,0.44776016161843624,0.37521906879906874,0.398844286668589,3
0.8174457616521413,0.5816300369157225,0.7860357043168582,0.38386506698846884,0.6560384146430445,0.9402407557607335,0.2771519054925552,0.14710623864140485,0.2141035198553936,0.8686384438918915,2
-0.23364355215027854,0.6400759649627418,0.22657893200667312,0.9870931901022737,0.8744253264793196,-0.22598378862660046,0.008263840482015422,0.48961257382031953,0.14722722811021982,0.9066020614604853,1
0.3285163777202993,0.3143484414162236,0.5193458261785897,0.8769710155697982,0.2582079205249932,1.1929430611453025,0.2398361721435003,0.4104478509330404,0.5092986612649745,0.4536351545381031,0
1.0583980894639056,0.36054834602781033,0.5619097417946491,0.8666922423441482,0.8951775093713934,0.6064194634020473,0.24092351741976098,0.7660535298894647,0.49530703176727703,0.04471614345176292,2
0.7626440308905752,0.5459812654951436,0.7704717043569804,0.439149535470258,0.62910661223593,0.9365724628368285,0.23104713593471443,0.16775399639070712,0.2544709722619563,0.8232635710176167,2
-0.6001641050153607,0.20340397571624375,0.49559528419470966,0.5369472182328623,1.083979715630889,-0.45852907196799864,0.9282414857959446,1.4237198354055491,-0.3791928716999875,0.348302564430505,2
0.9550714234603046,0.1348509245064537,0.8961275673309239,0.2951362903165155,0.39126708924901443,0.3363906430126893,0.4969287335945726,0.6201813213753244,0.45325323188386024,0.41600703621178775,1
0.9361616637408736,1.031122846375573,-0.004680152809898072,0.6704274851666331,0.6393748621057805,0.10852751975823349,0.8251410682489689,-0.13093039164415382,0.14011081456683705,0.547633577189344,2
1.1322473046116202,0.20372301026751838,0.6826225695399738,0.3091300933806565,0.22524515178127352,0.7730307594453639,0.365780051212915,-0.25829214672734746,0.8843360775907769,0.6747185620755637,1
0.7799124466114191,0.8594851811871156,0.7066266979747657,0.9973917164191288,0.8604693769211457,0.20831202536208765,0.14574788458194105,1.032736426570825,0.4367199166217888,0.39891961321570657,2
0.901391350372611,0.39566396523053415,0.43972287968974466,0.9777674526732867,0.3413671311214199,0.09674702474955697,0.17329633451201593,0.0764949431711033,0.13158150597513413,0.3865534200222347,1
0.5130108601646967,0.41231598990604507,0.8902945061847475,0.2745862974282244,0.8084632612620762,0.6781311110179653,0.5748681448244543,0.8419245678203802,0.5620510336029,0.38120229891977153,3
0.841518203862515,0.12256991414019404,0.32451917752784143,0.32024500714169507,0.7166233267252518,0.8903617224432535,0.7491644406832987,0.6044334944647581,0.8103798860287806,0.15437445514390197,2
0.041919668953874445,0.20367279426279328,0.4782241860788283,0.5292608750720001,0.9045922877558922,0.3796888580856489,0.5128257208665431,0.6841452689741724,0.34633939244369344,0.1470961002641815,3
0.08870057492216359,0.3273836953287825,0.5535024242429982,1.0744217871359394,0.13000468607967208,0.44862777774348334,0.1750469918528469,1.0017271266360428,0.8343393788033884,0.3859197465664191,0
0.5204075056725193,0.24987716400472781,0.4005493729653237,0.015500218466965376,0.18554648154932224,0.16473252386806936,0.5221871544072644,-0.0173589387861948,0.6425912563847517,0.39047233559578465,0
0.07338326451712468,0.7262610728035451,-0.03726247090555068,0.30212195547829007,0.7760256816081579,0.3397221115432798,0.277027573769536,0.35894015524169853,0.11497192424869628,0.33493156214649034,0
0.811652325355871,0.5557700342354376,0.74629625193974,0.3791092350422363,0.6098643883238208,0.9252244952871697,0.3025850106541905,0.17339971212108626,0.19732332761695381,0.8916820486702681,2
1.130619117123206,0.7360998221059625,0.8377454733310322,0.7621785028805872,-0.08134771220118509,0.6551597083692265,0.0737371698079205,0.6571823608582146,-0.04868312184013146,0.3177445847370516,0
0.1458481471117197,0.056333383353879524,0.5813566417270329,0.39058887961432964,0.695081536824255,0.31015235349901016,0.0024116337281848924,0.6225200356068534,0.8605065685116404,0.7614940681173366,3
0.05276498416438074,0.1575799903522849,0.5280606776927098,0.5144773736433718,0.8752374624724207,0.3156463506806268,0.5390364872538339,0.7588604224154945,0.3890065499229968,0.183843631974091,3
0.8687719697662296,0.13566779839682166,0.7782518689817346,0.3507799817447266,0.20222530380654774,0.6067819522558351,0.28250580576036355,0.4613728097024718,0.2738993575306783,0.15111406163890354,1
0.04754661127963251,0.15643767913517975,0.5194879355851295,0.510152920335778,0.8804176912770139,0.3503546192459614,0.49666626346712683,0.738080278595547,0.3915121874749761,0.17136019635716385,3
1.066897752869782,0.05865005689039493,0.33534934567711633,0.019874991267758324,0.19634046402148675,0.8744896153019805,0.7208443768944528,0.12744340195926562,0.8241799110836832,1.1929170230150663,1
0.8649200072984231,0.3233977874139316,0.7119888580061579,0.026803893064182342,0.9064259833389772,-0.009830034301218992,0.8856009041424331,0.6862204538897234,0.20036993984201973,0.7754796798120936,2
0.9620182726878079,1.0060445584628992,0.6579998214026579,0.01776823250525236,0.07842667045531468,0.2300707532966528,0.03139689469688185,0.7515055593073288,0.9817624618053024,0.6968803051735281,3
-0.20563703015980106,0.8765913632842653,0.6582603196634313,0.8867339291375718,0.7242518233542055,0.25402927391032215,0.9668539471140967,-0.10215963159556435,0.508997712625028,1.204680870947653,1
0.9404874356314542,-0.1136219410327847,1.247229425710934,0.24058570789656364,0.5728386511192047,0.5364169610032197,0.2353319223728978,0.25512555694236905,0.6489012942789816,0.5120476968549349,1
0.46587283768291493,0.232928345725191,0.9213007646785015,0.42030259580051377,0.5737678461080227,0.26606510078703677,0.4216833806387319,0.46653850624226817,0.6983877839035306,0.5619441605043713,3
0.6870966643075909,0.0408549859816022,0.8022932408204696,0.20892895033326864,0.14513411210976246,0.8847397635473004,0.22101946541477607,0.49623407805732755,0.21961708448173328,0.8358622485235557,3
0.9635075197820122,0.7286684250944724,-0.5886174868033139,1.3632148154581392,1.273674255162888,0.026487920801823564,-0.014585623332400446,1.2441613698014313,0.8645123294714231,-0.010474283229740533,3
0.35530604061461274,0.13573243255927933,0.06247801699169988,0.8806499319638412,1.1332805235775534,-0.2221747754501664,-0.10789785707043006,0.26385025397831047,0.17047636190362214,0.3786453808245407,3
0.030957858138166382,0.6503972928568148,0.126347894162382,0.35686378102943517,0.8846384938267091,0.3105673088976503,0.4070146994192029,0.36188511052621264,0.24610403958315044,0.2811454676083765,0
0.8735961310261076,0.2608495462822918,0.7314266910175693,0.06175903870323713,0.8527164301645209,0.04005028221444975,0.9204705739714739,0.7002466711655779,0.1806611354256434,0.7509014312182489,2
0.6562960410502359,0.49627079742489544,0.6006110894803611,0.6836403465104798,0.052352984698159744,0.5160284545769246,0.7454269030698394,0.5325282767219582,0.5540891296227076,0.083749126846218,0
-0.0669744019872725,0.14747107714329438,1.2355842133178636,0.4653907626313781,0.8999825230563084,-0.2167338653502906,0.6068365688830861,0.3600747306088257,0.26453490653682193,-0.28913349050884973,2
0.15488886032781457,0.23298717751755765,0.6238227486066497,0.7356593557509382,0.12261789444178013,0.42595122012826553,0.9271822572903465,-0.057106282401615305,0.8851763263134298,0.687505503749153,3
0.044893690013635336,0.15372496425108778,0.5157922625074103,0.524917051869869,0.8981637490355269,0.35071991066828195,0.517098164243573,0.7480109904120628,0.364139145903727,0.19492660555017835,3
0.053021707588613964,0.12596618748497995,0.5083652129305497,0.48167241394784743,0.8708641423833428,0.3761443343952563,0.4674706327823326,0.7162013428469504,0.42348440567080203,0.14449848967397003,3
0.5073544393890141,0.1860421128911769,0.9968226240713094,0.41106438500232384,0.6882633368299935,0.2790448490724959,0.34271803493443537,0.4309816928821215,0.7656417553503894,0.5695879456910594,3
0.49027457341388336,0.4151046308524029,0.17423704490658726,0.7559025202845692,0.043074446598958045,0.42573534624576614,0.9717675890807295,0.5391929063900981,0.668121649956588,0.09525975343433282,3
0.45216929680851575,0.7284820000916553,0.17772335461050603,0.18507730025268604,0.7287931260747855,0.17596794426381554,0.8581066445238095,0.33591685953022554,0.7952145450408046,0.6795246623139556,3
0.19033622552349488,0.42417106429281265,1.1646343699224877,0.8673433348682729,0.07378021951436078,0.03119182333688575,0.5293356135231929,0.7110108979261214,0.6261482325746841,0.539613515764351,2
0.9782286057300388,0.08305910528003085,0.9007137084753696,0.27514749717330345,0.4377719039132123,0.34424236950162224,0.5039670445037655,0.5429070284741271,0.46949712348803474,0.4426302403835194,1
0.043645575913812795,0.09916623476167283,0.47901376712827254,0.29772665148624583,0.83173710611498,0.4263032508212742,0.04971088165560327,0.7135957658747318,0.9056432664719057,0.7945925074890284,3
1.1168611913683577,0.015837286623162743,0.25727276582362385,0.38445923156821554,0.09104936758313444,0.4413762537685564,0.14727731396240132,0.014894564267046155,0.4873018518863768,0.7807964581297853,3
0.012168029501934529,0.614422828415045,0.8146156932154051,0.22613376771179677,0.7294770782847121,0.6800057356625699,0.5314874377010563,0.08181575320375219,0.780044815011877,0.020002681505880714,0
0.15231928939985492,0.7009903656561974,0.7740726892126015,0.02748710880406942,0.7413976785234281,0.39667332854404486,0.5928176695380094,0.6843512609484634,0.17730949550846736,0.37544330623849304,1
-0.015910123192616657,0.9165756633742083,0.17028134602423298,0.8726443990840816,0.6803173552797553,0.15505842892797095,0.12057145601246154,0.6069909976267799,0.09478673549498948,1.1156416331043895,1
0.965710016372967,0.8086943153905305,0.06887132560543202,0.8018068200616285,0.6459511594226532,0.3486667848129159,0.858139994259922,0.038070136286419934,0.3979988195423263,0.3591071309388962,2
0.7365924181821956,0.06275861245673892,0.8061307061699086,0.2601804730073043,0.06057240502172308,0.9804882983842902,0.19799222190304622,0.41215974294233043,0.15011320061324457,0.8985680495514392,3
0.8546783087946717,0.3172208084034373,0.70480960242932,0.046248988368332744,0.914300941445513,0.006332203475784278,0.8507267932491767,0.6642645447464932,0.22109400257991244,0.7847853706592679,2
0.4363144762287091,0.41486505029290766,-0.20875213826247518,1.2596108904077985,-0.020612303753572328,-0.07369794441130345,0.2444330921295066,0.09607605695073163,0.5219184646478601,-0.1300091503888069,3
0.10477828684837638,0.28357948349673373,0.4164180826603514,0.732982909813372,0.15227147172139513,0.6657319085889689,0.5763197753921093,0.4996498389515206,0.21200100441753422,0.8437499021643886,2
0.9755777579261634,1.0099336321379837,0.649955706873095,-0.002220475952275718,0.09325010453908227,0.22536213737886612,0.03676101609405075,0.7537713378160382,0.9835771848268552,0.6890185961737211,3
0.2648442150672877,0.6626498226946462,0.06764766340650304,0.19790252889844534,0.628324745354954,0.11201084631784883,0.7697593326541643,0.46415298291418416,0.7482766575173846,0.5808519143947594,3
0.4748885669279486,0.17752213096403024,1.0057221825013938,0.3637025135198765,0.6249247197947412,0.33920205992114477,0.3246923310630114,0.3615525698614113,0.7169028954672696,0.6096815527480703,3
0.08717480196828074,0.09019535814690399,0.4983532105565458,0.5000533092106281,0.33822083542400233,0.48591231683730607,0.9935542524966344,0.84446581888824,0.7131237646479912,0.3930571975158686,2
0.8750362569452299,0.6004646182649005,-0.049769676902922666,-0.05253857772905152,-0.26365921234382544,0.44070613168482836,0.11101183684990856,-0.09661632060393124,1.0811213668674222,0.14993928100678008,0
0.713036483162112,0.2615522885678422,0.919385077318096,0.37939318614873185,0.6949230495059846,0.3775076820076935,0.3222656403770483,0.021244666944807554,0.534821385388876,0.7897158518771679,3
0.9617104907651362,0.6759544103960486,-0.1484145971760058,0.9648757407788766,0.6998925337295009,0.09809986933829926,0.8420206224827704,-0.18197673584442872,0.5233883565286057,0.13776150507204432,2
0.22634467468079766,0.2895161373804863,0.3115021176517479,1.0372250242702235,0.3279814222014501,0.6592834604691998,0.5286534280367527,0.6203189050044821,0.6976076517986762,0.6321459407487924,0
0.33474384881251973,1.097547616536783,-0.3770081483585191,0.4215739864475988,0.3445270243952686,0.8432066153088182,0.253817723125092,0.5322120998427943,0.07753536921297938,0.5466012694530932,0
0.491511378217132,-0.3571670779184668,0.13310214120574143,0.4994093335768457,-0.09966100053778254,0.2656781202311296,-0.3751388608856285,0.08614951703306148,0.547006984298521,0.34456064296420286,3
0.3037150873094223,0.4094625141032451,1.136266896917679,0.150690635447738,-0.35404572073722446,0.7810967540956321,-0.013399008078947783,0.25735191641862426,0.4018542846829057,0.33428830317462854,1
0.877902955914518,0.8788962309246954,0.09378177236723109,0.7710684814805058,0.5554376205983532,0.3341410759762419,0.8625709702195785,0.04630680275584599,0.3209933010062172,0.292707210172089,2
-0.18268575290517913,0.4646966595118119,0.8512507084489311,1.4018124727298429,-0.01743831954306979,0.4501866620338555,-0.01162248731693899,1.1831660595520204,0.6147627038167506,0.4398912879178559,0
0.2904945696033706,0.661935587558224,0.029179016310347028,0.9023274392582153,-0.02095938569129445,0.26101096934428647,0.8017982046173776,0.5766736209394319,0.6744611849962352,0.34688193415153273,3
0.9291089417588203,0.9554829138502893,-0.002074093414640127,0.8496475396903073,0.5917922395821135,0.2269723118761594,0.9955372503660735,0.09347758988660149,0.2859677625100082,0.3029276037261142,2
0.48091601004274354,0.810207241241114,0.8985653010650049,0.4674928823782995,0.7971635813844645,0.8497512528087218,0.5879278411713187,0.3484711009884684,0.7436197302427039,0.42315988708015545,2
0.7510773982371381,0.8832919579716868,0.8813827859844348,0.66765457711148,0.8255243001741503,0.24073605974124662,0.27085754599155265,0.8014449741692093,0.3743431635844258,0.7399397780281123,2
0.8691405855074107,0.6631425473567373,1.3131315962341248,0.20678745387102926,-0.8701792578478476,0.6578381178018456,0.6158258350520025,-0.47528506862914965,0.877903268120737,0.5117468182509767,2
0.21390841296956356,0.7554100217732428,0.6585578804339758,0.8245126319539884,0.6664307542073664,0.24204409948114453,0.4020958042174614,1.071118276592999,0.6403791408740759,1.1643797231184716,1
0.8879548236834217,0.32830223780323425,0.7207167205426296,0.015659959486169096,0.8736071465798344,0.001352470323759453,0.8605990825698503,0.670265106531803,0.2074052760284479,0.7444785766965383,2
0.6036317568809848,0.5525560998823221,0.3023112789979047,0.28611412846723555,0.8238095511565856,0.34202798895022335,0.3687225281684117,0.07234921908508783,0.23129237733773708,0.20591835444567055,2
0.9699878283254558,0.07060470842698557,0.8690150817255382,0.25927254061246774,0.42103364727762216,0.42907685732122186,0.41487948066790004,0.5349367020838726,0.38147753205158885,0.39737144487597353,1
0.5289113959224587,0.38690732088920543,0.9296752912134066,0.8702761406584596,0.5827372779297938,0.37030308254920513,-0.4344722064461317,0.5134034252476702,0.6698829006002851,-0.1323471215173762,2
0.2137687549819026,0.6386085553705951,0.8281068903129067,0.024882618068383513,0.8113565698745622,0.3862021640863396,0.6911699308508819,0.5978374115222441,0.11165066792066898,0.3249489417083607,1
0.2680569874107182,0.37768243929638906,0.7951651045645579,0.7539698705615436,-0.00920903738752951,0.18010783327630545,0.8319273215320576,0.6118836873674786,0.3523981691958957,0.651953571553469,2
0.8380539730412593,0.586313457331617,0.7495172353666099,0.4070195498473217,0.5992922335167419,0.9557319976868246,0.2769909215977368,0.12694544389583273,0.2190253097824302,0.8802615430477029,2
0.5224134316693873,0.8386279903186752,0.9018635996432819,0.45442320889129323,0.7693397921850693,0.7817362312346703,0.5505500249239812,0.34966224573782906,0.6998592651291203,0.5061083780727896,2
0.9778767659171547,1.0413916369877498,0.6554543688667477,0.5737114216543906,0.7709754181124383,0.37581070541563966,0.5996836455174966,0.01239293589030973,1.0179079872295926,-0.07397980990201683,2
1.0606047165587775,0.047917429979190504,0.8219155011347166,0.2929651203917013,0.3888512497429486,0.40398742948982047,0.5598259537484819,0.6663347649014477,0.5319789834762495,0.43478289981962015,1
0.8923900139278905,0.270214426011679,0.9026661218534783,1.3490164150977055,0.5561445418408859,0.7306362501583514,0.5330435662848709,0.798586789257067,0.8452868927308989,-0.039060709848347475,2
0.9677714873641915,0.9935181186272106,0.654217904037972,0.014062968132763785,0.09586840252871455,0.22588495271535197,0.027163640547949314,0.7562285769659568,0.9795250667352297,0.7108026396369785,3
0.15833984138899182,1.0069364826089904,0.7166159258373339,0.5473958273695585,0.8355124057283939,0.24223554876862177,0.9461143313928948,0.38326030500617697,0.6850201162541816,0.6783483335659312,1
0.3673365118598624,0.9690203337807237,0.6737442783515699,0.41173552693248583,0.8056575521619097,0.7738602597886847,0.7205249409613907,0.498460048622099,0.6853083020040122,0.6322653132839253,2
0.9565117286640641,0.19153670488136193,0.47305540855416717,0.9690877013754187,0.6896575990559707,0.949065696858148,0.20094312418007085,0.8400068446437648,0.5601769840361085,0.22489781722686755,2
0.18152355910559378,0.6932387708743732,0.7361551081414621,0.09789462918120323,0.8009245579274427,0.4752882480009987,0.7591745414557036,0.5476090005847033,0.115311226737501,0.2297704387703578,1
0.8736424840311146,0.31258041540003995,0.7143601911759467,0.03311604198868287,0.8914107253237398,0.01480015599812603,0.871959023673229,0.6594204708284943,0.22525525116655004,0.7581374882944318,2
1.0347412851101219,0.7983948160612861,0.9129254529589453,0.6017327945382616,-0.09623748447785213,0.5213887588855812,0.1447417141445841,0.8385613059287227,0.09942981496198619,0.7160272901376886,0
0.034191689788506334,0.19582140517391894,0.5423490620244539,1.0012783037074031,0.4859505266187094,0.7334388109187355,0.7627473110717533,0.6279660389141231,0.4503193072579844,1.035627797608767,2
0.8775718290986063,0.3060715170561779,0.7157176326517894,0.02652635796714299,0.8954275872122532,0.007854224278033152,0.8743002265379085,0.6599965500948406,0.23246774268480275,0.7552682971783338,2
0.9503725334046969,0.9529484127854809,0.20102027534861291,0.6915179802279425,0.6668123693250778,0.36034881614728625,0.853091297069693,-0.007675571161408608,0.26370676487382716,0.3134970510946326,2
0.6424700774199058,1.0343457817890909,0.8585842067807827,0.6667271454476297,0.9809463899620664,0.11063842250839792,0.3573932649939385,0.6259165097273707,0.13298440351411617,0.6871301587410268,2
0.9982979518899933,0.5331202272284274,0.725680682111916,0.3976644329027943,0.11205258725724287,0.8578452602063292,0.4149538054060716,0.049784656227418844,0.6893360533218369,0.9479566615930237,1
0.4553111353932924,0.7997888096385234,0.027260749904863133,0.329977748280624,0.6145183394984044,0.1943473325652627,0.9077467314112097,0.35856528625158035,0.6966617164781191,0.5979750609246225,3
0.5145934324001213,0.1383757180883159,0.8609587725048496,0.4212459058268218,0.8108869543357723,0.13804791146552087,0.19512486819157465,0.27348646328761295,0.7725442214926729,0.6538579460387871,3
0.42641301713587426,0.6882388163651163,0.7052480184069425,0.6811114102506102,0.5882886383199704,1.1524222787770855,0.7440645997970156,0.3855327590311666,0.6672733169795763,0.5194980457968396,0
0.5724605731234959,1.052536068599612,0.6855035330546613,0.4904360769782906,0.23471520757558495,0.970653236276088,0.35214004278466554,0.23669638618652256,0.49443989981333286,0.11085133832184327,3
0.891293288642752,0.4885612972852914,0.8162811723089533,0.3443014247184343,0.022380592469722155,0.7760460400221312,0.49796260298179235,0.02192536758666467,0.7222880894541244,0.9585531920515252,1
0.15444297647949728,0.8841193521046149,0.818989794985253,0.635935816802597,0.6176631796587444,0.3664843441692769,1.1460554428613052,0.4271057045086004,0.7267045074029196,0.8609602970746195,1
0.9911470257872219,1.0067186727653767,0.6654911457420218,-0.01640306562713516,0.12059649576378863,0.20397186887791155,0.017455987120642762,0.746671531285651,0.9849836643549735,0.6816219530060911,3
0.4411680906764655,0.8721081604601195,0.8878306831510706,0.5693917976601408,0.6705131329759525,0.9217673856924071,0.6091764507639074,0.40092730607257787,0.8119980961287769,0.48875139324814515,2
0.5108064460094228,0.8095179222357024,0.868730981988133,0.45161139865054956,0.7573387511917925,0.8335902527238689,0.5633117017621042,0.36827977771900605,0.7091847034498671,0.44380391147846254,2
0.23821343598330896,0.4755198939987736,0.271355737875088,0.9056959343011907,0.4818386122089134,0.8168959885917089,0.6206030916511259,0.561328671536472,0.6782630161403296,0.790297201220628,0
0.19093324058141126,0.5027902582024928,1.0137162709097955,0.5064169079486055,0.6047811484256571,0.33089273257423246,0.9837239103500552,0.7593639769228693,0.8556834960133317,0.3445706992888334,1
0.3968980498336936,0.600807327326103,0.3724984003909002,0.3219532674673016,0.047176213783253144,0.49690161599399674,0.19285160964553424,1.0161529028834784,0.12178303364140314,0.4264264407081968,2
0.6410543002842566,0.21476232574974563,0.899472894799372,0.31871888889250355,0.6750451372189328,0.4457072009684845,0.4154406139660199,0.3467685884184637,0.8289833950791101,0.6514318132859297,3
1.0914000123786651,-0.16272584242654176,0.5291456125266003,0.6502200239497165,0.08017077170818276,-0.046717138966138966,0.28312560738158776,0.3193271563723708,0.31247060566670903,0.7328943868555238,3
0.09524093942545066,0.3571972553788162,0.36244308517198814,0.9948802441739538,0.4666044986772534,0.7826731996588724,0.4669695750925675,0.7243073352768549,0.5529741019982544,0.6415233621659319,0
0.6233582118689387,0.12244216341952742,0.6992702044341897,0.13805249333952985,0.1441254441496628,0.8457743416220243,0.08078829207120895,0.4465993135310551,0.23883099802775548,0.8339050188370685,3
0.7932512150905957,0.8762575243606197,0.7028390754950551,0.7604047400093328,0.8731769866322966,0.17909801726862534,0.39096272977473767,0.7400488041108216,0.2523875408940151,0.5469887352461316,2
0.811576219719637,0.9322739305520898,0.6546381655501653,0.9117784675267677,0.8213234392645543,0.3408751382131976,0.28167204267199625,0.6746488850376999,0.19784697016793695,0.5489183841824723,2
0.12832740657423722,0.41184758068470767,0.34932651506836493,1.019725888301314,0.5555222579715753,0.7338600182225377,0.42440483248646865,0.7442647732640528,0.5212358853666637,0.5774853465097762,0
0.760542662872386,0.6702289477947353,0.4355010816113661,0.699858748930207,0.17000096325823041,0.0497594984013543,0.48151051521876775,0.1509372122614307,0.3792555815899658,0.6553009813394088,1
0.4004424249568379,0.050846859656599075,1.2266419295656823,-0.046383925036538376,0.40973723760889746,1.364860060989549,0.4578661026192935,0.06821579511911174,0.6084508621647406,0.8718592071230056,1
0.8756788892026067,0.35462680850408657,0.6767413077598217,-0.015302035465505723,0.8387185012386875,-0.02091984776840778,0.9055278302036784,0.6563478754201136,0.20456689298877695,0.7618769837643116,2
1.1360759819787474,0.4640952787111503,0.3077195792173104,0.5200973957254434,-0.45716848126943466,0.6867715697720177,0.11905124229054509,0.15373789898400936,-0.02627926319691823,0.9115877912412718,0
0.14394759852531339,0.21363362805780325,0.24522148916510578,1.1312625456851986,0.5890522072044899,0.7069002313370105,0.6585816026255069,0.7595545321261907,0.6439306818061088,0.7093979248203868,0
0.8041817602166281,0.2514639046152783,0.7689391156819089,0.10207343239830381,0.9436197608997805,0.09187285517082992,0.8442503180941071,0.6707849922992146,0.23401282839500437,0.8167311009688965,2
0.8690606607293937,0.035274957027813206,0.5361991203816133,0.7805604898284896,0.7306677451099048,0.8451897525244744,0.09473486333587178,1.003345447096135,0.6853979632552447,0.20155657495709306,2
-0.021248015435781364,0.13277053930405247,0.3664970139251025,0.19990665284165665,0.5138740052496694,0.2564555968758081,0.046338261490203064,0.4653438686666699,0.21175460284115433,0.9467061557845854,3
-0.049109909399447566,0.17560708803365824,0.28091290492215965,0.9735138113119296,0.6500896124188504,0.8327534649691498,0.4366552712684979,0.8356057253327611,0.7471350880093788,0.7187628554087131,0
0.011685256994873314,0.40637238812856685,0.38380907806580383,1.0724014540882392,0.42073281908809534,0.6818787528684289,0.5101915317652418,0.6396457675574355,0.6375492973204029,0.5404939042474167,0
0.07910704979522258,1.0079960767970677,0.2643367705596581,0.5263669342709618,0.6250994824740008,0.5717920292540264,0.026420563305013023,0.34595009601299814,0.22046685631187643,0.3500016054414086,0
0.6078585183336633,0.5471245359201261,0.29801019791184813,0.2855879371248921,0.8285225355373853,0.3474174289212399,0.3749162076201518,0.07567778720418987,0.23913122542684076,0.19815937548560103,2
0.019044586562000906,0.609267978793806,0.633790470612093,0.5478082926704042,0.5656445027368942,0.8070133236481324,0.5748315730812124,0.6942727258334866,0.4803629135132349,0.5554009089302767,1
0.8762400347866919,0.31247603328147056,0.7151137076408144,0.03581517782294064,0.8939443027705287,0.014655787633481347,0.8743050745397185,0.6585140556362936,0.22693735458210507,0.7606643607527898,2
0.7690822295831852,1.1212465024992189,0.5043347357542287,0.76932584735304,0.6678194930727271,0.1425164102892419,0.6773240182753525,-0.1586377791598048,0.8485526997326658,0.05233425538000466,2
0.09550161067125607,0.18854551562089017,0.5545501766353282,0.507613559070645,0.8388174461822848,0.36178642510245596,0.4927819688973858,0.7756929539850917,0.3671457782103677,0.13154476791411085,3
0.4669764958537789,0.24696576164270898,0.058878532722626074,0.6989874739564356,0.6629380376017111,0.4123791096300895,0.8266047726277872,0.435392449861297,0.0007371273114375396,0.5948224161395745,0
0.17630129682295964,0.43517292383437167,1.018609060302082,0.6733825784354004,-0.19543326910874717,0.12762326945326397,0.7525161539581117,0.5141495655236155,0.32989949525199846,0.9699295921430575,2
0.9647078606133563,0.13474709322620185,0.577183572777474,0.8892800752647323,0.7014058353958789,0.8435802779937698,0.23975045451466773,0.9212872911348252,0.6599768704777075,0.2642058560567012,2
0.8350031050282333,1.0548930678989314,0.5642300705794269,0.7810172198875969,0.4025540265693507,1.255379808442317,0.34928353714062593,0.12251074163553735,0.5161636122360651,0.057509491729622185,3
0.07347993661806411,1.0281418198132328,0.8039685434956138,0.5259148584773017,0.8235679320562308,0.2924849781102009,0.8870286968052243,0.2986705278862881,0.7004503306824165,0.7652256508616725,1
0.6256671391144012,0.10194188133559842,1.1306155672829088,0.4832795406474429,0.5600364292432025,0.10975995989093562,0.45125918069527393,0.2625688574285695,0.9090277770811594,0.7121880169621267,3
0.10010007081520939,0.9908502388238918,0.6491364079171752,0.5361037948542187,0.8471626863830938,0.16303625789471285,0.9508064101100866,0.29911030288300267,0.7448811377564364,0.7467578986926853,1
0.5750760217905174,0.5568062341370529,0.18766976586842846,0.7985517116092289,0.6777354255004443,0.44241795588494864,0.8220112381544293,0.04956533844010774,-0.2757306420900543,0.017947122845157648,0
-0.013799486018013729,0.16997115736488835,-0.11922995189758023,0.29957746187203965,0.09193639622421212,0.21129603286534704,0.7949303258633011,-0.39504142276472004,0.17309625652799787,0.7391779672941582,0
0.6049406279220115,0.37718298155095975,0.9270495311487174,0.5197742381492287,0.6016082832928744,0.179283306644916,0.36278645126027187,0.4858649227460773,0.5393425490557903,0.7090938475996107,3
0.5763310207731142,-0.10096604251722949,0.7692539779225535,0.20685440707250816,0.0005797890107789722,0.9472443695454124,0.4559967738120238,0.6256210502803308,0.1080025297013925,1.0176710389242118,3
0.8516402553762179,0.39875089316218026,1.0170991438658281,0.648670116302849,1.1104902673468193,0.4150063821256914,0.30046861145845083,0.6626390055532347,0.4449717162380023,0.37910881072621744,3
0.5873096066850857,0.48544803521178903,0.29044115203602394,0.4832494483242836,0.28140784107251876,0.5198583454067078,0.8463820204310734,0.529197364606955,0.2850386824622075,0.5846173475000466,2
0.8126730991866213,0.5605976198302263,0.7928055051572952,0.413933991832337,0.6713053399413048,0.9201230700383762,0.2647016767886047,0.14976109423366352,0.20127010847616245,0.8974036035618836,2
0.12129918130706727,0.09897204643756191,0.5453407995183204,0.4932428676378465,0.8867313210644594,0.3665024210572625,0.5384801300944047,0.7274139092273888,0.457176644837634,0.14758636020993887,3
0.9065296221562786,0.9121235696674459,0.11902178747933426,0.7811584964506174,0.5762904787278609,0.32915459452627505,0.9060930161291111,0.014493554702196314,0.3028203198334591,0.32230919557882404,2
0.8231399570324809,0.35608515702546656,0.6785577570401001,0.2053678451740604,0.3670068168843498,1.0604476045397857,0.36391424620367985,0.04440390320041104,0.6466481624226739,1.0583626014598826,1
-0.06938972088892487,0.4333631766775132,1.0274212634099218,0.9344203885011204,0.04310968750312163,0.15715169928500844,1.0142488728623742,0.7399970388962149,0.5277002764123804,1.0015895046349133,2
0.06318716588042042,0.1420252591513882,0.5268626872991001,0.5117408131709383,0.881681755532196,0.32857016298476033,0.5002149950657526,0.7228929925437726,0.3930841756048673,0.15274023178038365,3
1.043833094451014,0.5844457089469406,0.8073702996770938,0.27014479705993366,0.08733676822970027,0.7657202281275066,0.3548561656387607,-0.005362006530767361,0.7335365090367747,1.0251965293788627,1
-0.09743326498703409,0.36477772847915263,0.506937861253971,0.14489237109552036,0.8576077331233594,-0.09455556897019003,0.5067495951248282,0.5691768011326939,0.6929068938696761,0.23212573281483287,3
0.42759324055900083,0.9695054268210006,0.7735835907149125,0.03283107450656647,0.3486728325355585,0.7432121599469954,0.577159690904977,0.17858887023837156,0.618679458697602,0.47051542542721786,3
0.2811508460675567,0.9039603667812055,0.7392562071546562,0.0013720055245132756,0.5752438037938427,0.39924998767862957,0.9354810973734538,0.7286539583050734,0.2773462774962874,0.569561942663318,1
0.36018381134767125,-0.05184737666691153,0.2014631478447486,0.34243510708616937,0.3918013375546028,0.30966030951990475,0.8253865362133062,0.734348957137602,0.8265354076735829,0.6242452800081635,2
0.7907530342734939,1.0078599191619004,0.7435774468347249,0.7618501131872597,0.1212421535506232,0.38242090783085364,0.19759613450119654,0.7804275303895407,0.1818362695724777,0.5794689962909174,0
0.45194356044908945,0.5985579002833555,0.24309736979207677,0.7043908667866227,0.07544619695250664,0.3291124898770684,0.7998891291032588,0.41979431242037935,0.6914187258377401,0.26659042579493236,3
0.8749032454571133,0.3699431176098592,0.756130596480733,0.0696824502708521,0.9252072415595548,0.04597525156501268,0.810514141948582,0.6233580556518327,0.2778668456340194,0.7218458899783837,2
0.47217693419641565,-0.004511627369369893,0.4591891831249033,0.9208213007599535,1.3780862353920666,-0.011710324925823079,-0.1925503460001761,0.04852470706836931,1.1141806966852597,0.32020356102437225,3
0.8081491472297265,0.9273619878262799,1.0169514942280777,0.7334414402256725,0.6090366988244563,0.25785957830482287,0.648642677044949,0.9892350725224028,0.15626853656364123,0.657257938603458,2
-0.04825193393844324,-0.014114475245945779,0.6172827462701679,0.24029093602809162,-0.005728107289736221,0.5675130755770323,0.5726747146647497,0.5080541098951025,0.4673115450147598,0.4460037305628184,0
0.36654661555036894,0.0756883589491784,1.141776549540867,0.4131066776772183,0.5198686191033756,0.18006863195232575,0.4869375787924798,0.11036745182570351,0.804156641859298,0.7794967394976982,3
0.9323628229709378,-0.11958180046203903,1.1571961466173548,0.24941216466254457,0.6277277857920993,0.20878978706729218,0.5420669201211978,0.6993532754733799,0.3424806496022278,0.09580332541951969,1
0.7954196068785622,0.18123931293677828,0.30724014075596484,0.25599585762161847,0.7881365737037914,0.9137155561429817,0.730331427647573,0.5372337246335622,0.796335304096725,0.09930403363985242,2
1.1194493101823038,0.8393529772674766,0.957147885127,0.5476921013185808,0.2168611117882243,0.4507910509719431,0.17501064656239557,0.6900221060331049,0.18541906247559317,0.6976316077475625,0
0.015626387040923985,0.6104006244274929,0.8156537294385289,0.22605339206933725,0.7345985154760527,0.676626828013948,0.5313052691316569,0.08615103911872612,0.7797252055986913,0.01411181302702955,0
0.14626886487391497,1.1620632909266024,1.1372417805597974,0.5490632782469934,0.8345015308910274,0.2642959183609781,0.961677333051956,0.19706141668028035,0.8722712823884964,0.5810262014510592,1
1.1031304338286505,0.6210257046711507,0.8192415149529864,0.34483210033841005,0.5751867521603371,0.2243577806229939,0.39370421484466017,0.34761934389050764,0.13985634488807697,0.719410318409875,3
1.0540874428316354,-0.08420069080785983,1.1335792606028892,0.2377585109914347,0.2260361589728105,0.4800665891801674,0.5538409822081132,0.3602720634956108,0.5087838579290858,0.14686135457274327,1
0.4190283905863826,0.8192632685777307,0.05108809977530983,0.305915931392378,0.6580767152630326,0.17385146784967553,0.8803519667922695,0.34860935691001577,0.6711803099480739,0.6269288336947489,3
0.7183993431772191,1.0207459799525311,0.7919173760509145,0.6408354257848767,0.3461767629360578,0.9205456124560892,0.24764385913157008,0.22171324718333596,0.5371294849378289,0.05766041821925959,3
0.9828951008158192,0.5244853864552738,0.7462357168242828,0.4258235257146926,0.011346528868202851,0.7684837392490199,0.535745702051341,0.022607611544034366,0.6110721386372904,1.0896723888689333,1
0.6753581115744163,0.663975648135501,0.28896963717722285,0.970961130536151,1.0771058327451855,0.08193648385858557,0.21758714967534298,0.04835188279552137,1.2156216480089463,0.019415427438780115,2
0.8687904066900958,0.3179817872070464,0.7074675240639106,0.04049575960112178,0.8992682777274723,0.023874526175858734,0.8666356603883731,0.6602375958695748,0.217634565530626,0.7595948694973014,2
0.6247936587264677,0.5360671449430924,0.3174329602952896,0.28659452813251096,0.823622411775333,0.3240012455687393,0.36057777589760975,0.0769392801348087,0.23431774625150892,0.22158796304554695,2
0.9289780945381885,-0.11748950625264432,0.18250896594626023,0.7707175371149518,0.5568729782970582,0.044297562079309155,0.16621778719437078,0.4521991988051069,0.6659926840122533,0.45128023473241985,3
0.2454036514287123,0.6571044615409817,0.8368389780308799,-0.0300428054442939,0.7857353563702352,0.4271065641593954,0.6946098079284312,0.5525034796536462,0.09754733224017528,0.3068500215014307,1
0.047394191966858394,0.06563301024142842,0.518411644827915,0.2944690160563296,0.8262578978837333,0.4025540916192755,-0.009021833401639843,0.7482563789653175,0.8871987336395719,0.7655507026505856,3
0.01588622328094174,0.6157859158357132,0.8129300572646134,0.22431755193962596,0.7284988025613338,0.6763554329586807,0.5321620747013277,0.0800404946871655,0.779791406074416,0.017207587748187102,0
0.8703265096249452,0.2982002631485899,0.7172597913537462,0.06312607705146285,0.86210127975752,0.03185578029732035,0.8879242684315242,0.6422278485277197,0.19999633415581858,0.7420178221263184,2
0.873216394214826,0.3147472419775715,0.717099582841618,0.029727698220785297,0.8924983203514226,0.017250040494218563,0.8703093895395145,0.6617709139158378,0.2239208188069104,0.7549481224327712,2
-0.2638425185107867,0.4745252114591978,0.1768698132465643,0.44131435845211836,0.6388104192349915,0.8877985227677139,1.4123626673713718,0.17573540596629866,0.3512668331253908,1.1339149081048419,2
0.7945442632319483,0.5636281678614669,0.774595719326354,0.5389614861418115,0.43606333951877096,0.7455109669101977,0.12001983107967867,-0.02192945134969897,0.7988506594568755,1.2543539634447523,1
0.008022030619292131,0.8616241786759945,0.8227010970142873,-0.02371635717778335,0.5951722211119768,0.2440571309005093,0.44955547040557237,0.7937570018650565,0.33578620825670913,0.48693169256974844,1
0.7978157816037208,0.5560090849064748,0.8089008439138798,0.4090726970987336,0.6138471875313782,0.9448946306141947,0.27702342891233256,0.18059312133820338,0.20013253782392545,0.8420833301018723,2
0.1309971742999262,0.5343358007283064,0.6877910504087381,-0.02788131217263961,0.9472196825281956,0.4805623470287217,0.7406139716789906,0.6189523348411854,0.23483273871905605,0.17979051322971903,1
0.41862817760255766,1.00893938029866,0.9189561856670038,0.5132693742638315,-0.8260130873032976,0.25966472814622543,0.8378523433299743,1.0766209252770453,0.34521580485235376,0.20897404182827856,1
0.9700012136179701,0.9831732839969536,0.20246677477367314,0.7789613423146644,0.4846693761690014,0.39885671407474976,0.8170604322140861,0.0005134062729084954,0.3060747360931741,0.3626457741005991,2
0.33328520181357546,1.3736614380404872,0.4681157976946435,0.7455490034641197,1.1608619480922486,0.35747012143774914,0.7096543801061344,0.2874931433737792,0.7304990243766365,0.391220097494988,1
0.21570695522339406,0.6035075946582246,0.41565814763173864,0.15360916270547517,0.0871414698040238,0.43541184810124034,0.1711089677966171,1.10500858294178,-0.1032033979427763,0.26421195805314474,2
1.0047695618077905,0.1448274861005592,0.5222479420901389,0.9538210934325632,0.6662227084817695,0.8982784430695654,0.13477709416450306,0.9042960401267021,0.5586088678188228,0.18027367622339718,2
0.4489420562711488,0.042835223615884294,-0.10967467387314167,0.7944281437873166,0.6687108742764285,0.4043471604041829,0.5759667056682292,0.38138707374128616,-0.0987316186078131,0.7398978037757011,0
0.6247862480471278,0.5355327202319594,0.30871146742075617,0.2871841602792552,0.8174919475535447,0.34300687935055124,0.3812280370197109,0.06226059225526104,0.23208145451026244,0.22359980188738096,2
0.32044241475015706,0.871749627978298,0.6503135779201308,0.2565112592710911,0.14277604807851738,0.8327365479268877,0.5756653202203063,0.4554662502708075,0.380960236972241,0.4287120789837095,3
0.7084367143183146,-0.08457552176094393,0.5009744399305153,0.15426419758266222,0.6046928737377227,0.4337892078124986,0.46974161869966474,0.27771450634349887,0.6769568001567182,0.3981028640100165,2
0.5138142970329818,0.8388935536593111,0.866967022971352,0.4753154568890368,0.7513764734771395,0.8107013861529556,0.5519378599649862,0.37185391292820286,0.7483596655992558,0.4476319690945109,2
0.2163223768083851,0.6443200435087637,0.8492463477707207,0.03528884853630583,0.8177761354857284,0.40558884705178755,0.6929588398698842,0.5561007425570966,0.1495427236200189,0.31936801658328057,1
0.9543238999528622,1.004199702413469,0.28084244520952373,0.9102223850538083,0.5234757694745824,0.5304822001735963,0.6910177191603576,0.11817046535654777,0.18762426271970534,0.4727584017862583,2
0.906443975162888,0.9000537850206521,0.11751290652791188,0.7735637809837366,0.5636049161800843,0.3298990696234443,0.8919252796809372,0.020893517732324736,0.2961337161705303,0.307073209479629,2
0.42837166044159414,0.7330821732167632,-0.02153400482003362,0.3939832092444623,0.599437038051581,0.19660449546933975,0.8931178036390308,0.3618154686275905,0.6462620669433137,0.5726830873403278,3
0.8521536526414875,0.8498012435435918,0.7468882670921547,0.7553974714668865,0.8775672338914902,0.29524318904209856,0.357204264237272,0.7979537319853309,0.29177705326319603,0.6253354842031925,2
0.8488651191928479,-0.23820835860749584,0.5284313881835536,0.2565110978693805,0.14199730663993165,0.6940087212080832,-0.10457656878690164,0.3611442424951894,0.461585835970583,1.1239092332031344,3
0.5503750047619461,0.5459854966290083,0.1926539058080779,0.7594537158780746,0.15110433675297041,0.3281192253553131,0.7458695198747408,0.3467295915555609,0.7429736780823737,0.29073982797671594,3
0.31990788729994907,0.5332107119358606,0.36637059157344903,0.31466476285126566,0.032257388986927954,0.5008570739299072,0.15365873368914287,0.9924766806317559,0.08683850259875123,0.36041481908927425,2
0.4859795774998682,0.3225857715528437,0.5036494230663036,0.6522662694840747,0.32183644309701326,0.7785696876319368,0.8006728965411747,0.5578553341011171,0.4282136346343325,0.7245982274769591,2
0.3435813732326129,0.7888899870023389,0.8053897922981529,0.30333672021749813,-0.05480701012890657,0.7116492030896422,0.7549672233295727,0.2832408551652055,0.4832395517804344,0.3793512891896585,3
-0.042920155029062185,-0.01633800721061604,0.6521565291510142,0.20937126538120543,-0.010221988538331422,0.26784781098647115,0.6230994937477867,0.5246987270718622,0.5737585559225842,0.3670707328491647,0
0.3200631696959277,0.5248716307094416,0.37616489354028215,0.33017611874351344,0.01732907584909542,0.5125733772676487,0.14993022088343871,1.0052263298757045,0.0938162729073585,0.3790569599204126,2
0.9681871466402561,1.0082637795832041,0.646380410992886,0.003285969834668865,0.09853617448816913,0.21272587914275856,0.02020256450869524,0.7563708884689312,0.9823737156259608,0.70021922774883,3
0.016277856780554517,0.15925187604954433,0.1711944330926536,0.20393201563551977,0.4203840541821568,-0.3177121989200999,0.7126688326907072,0.7492498552996946,0.7973535849273525,0.06328500593878156,3
0.7156577525283971,0.6281612140080811,0.23718449451958507,-0.034462333020433306,-0.17384966826904114,0.32962886635905697,0.6368579025275327,-0.21910693160709466,0.6677155349804289,0.25706838049153957,0
-0.20560342746128063,0.03973602914572261,0.4659696336337709,0.9810667128014161,0.175031646670276,0.8925655429960587,0.6752112077885244,0.4585756177501147,0.6762953685915646,0.8419044917984913,0
0.17487041769171296,0.5358619137680206,0.41597713892883836,0.2378431241736888,-0.05033453685880336,0.539786101580031,0.1185891470122253,1.0237349264043853,0.21718599556423537,0.26882585529073,2
-0.05205975483231952,0.6472344333382358,0.014645240136511077,0.19353842017396916,0.7654635840927714,0.4630225968037327,0.40482130206000577,0.2296792125641311,0.016226756459308628,0.3897292813240508,0
0.007910062669465359,0.6187209273688702,0.8181851572161839,0.22583079369885875,0.7282742356080196,0.677346487672802,0.5353527990264474,0.0811348100494393,0.7804035843417647,0.020428732060645282,0
0.010595314075222717,0.6169260911631509,0.8167700662100846,0.22403877895790159,0.73251044303796,0.6792609283153145,0.5322362969759296,0.08049032859555846,0.7755071795945201,0.017345004923435273,0
0.47741205950241106,0.5381653780652482,0.1887247426324573,0.6927029659942782,0.1080386379936422,0.34893504674898784,0.819681678806783,0.38004557476464723,0.6934360046513316,0.25049153296876103,3
0.8153338841154745,0.6413112762258647,0.42955654059304116,0.7219731953725641,0.13463660909694553,0.01554218260127373,0.46621297226214325,0.2004103834378901,0.41399482195844395,0.728190692428181,1
0.7246006199341442,0.833692523257641,0.7929978245462912,0.8346144989088413,0.9383117041438083,0.22958601879158208,0.36150732618615117,0.8319748329298028,0.411273102094801,0.6283517468106028,2
-0.05905737777820014,-0.0028469879629953315,0.35314756176526413,0.3851553920979678,0.4257885613934422,0.6589404435046,1.127724440007401,0.658934731072195,0.6992160653174145,0.5066834102742426,2
0.04240417745350005,0.38981982263770115,0.279062804286848,0.9015267663623945,0.5018742485609027,0.906845800010322,0.3948378397275112,0.7842350070596713,0.6415029644205574,0.5811309273861736,0
0.6267271997304528,1.2191650081541465,0.1839025738574866,-0.09371772534767403,-0.11979533028458911,0.5943987663141863,0.3759309540163378,0.7068542337100965,0.5526687800698235,0.29634613491141887,3
0.5948993795069156,0.566495993928314,0.30761667308129204,0.29025623180431637,0.8201380856702046,0.32613576819923934,0.3827656541171503,0.0657398907918612,0.2215624109233852,0.18708186744258148,2
0.7723742679827793,-0.06783857849509081,0.6202288332835509,0.25619051676992993,0.5541947957028781,0.3393878608798285,0.3140178721240424,0.12930739282019038,0.7293742537536878,0.4186390793131587,2
0.7683068279805781,-0.06941745973701634,0.5039730354766935,0.17651841550734504,0.13722845208644174,0.8385203923714404,0.19291730669080462,0.6157074536987218,0.26448214122169905,0.820475380284,3
0.8340946105860279,0.35953562547213436,0.7245008122924075,0.08546362207557716,0.8742346158892457,0.04279757108176807,0.9189112294883945,0.6243794693936034,0.17901666440120453,0.7773923602010425,2
0.8995394520042906,0.9196150844103963,0.12544885525200772,0.7846470776407317,0.5683570623350854,0.3373095897055805,0.8989188756782263,0.028802263826439273,0.2964702009490614,0.3121260513672383,2
0.6822707064389006,0.5290942764485718,0.5845195456131187,0.6463601787096857,0.0228063042099639,0.5517598083231485,0.7132295483199084,0.5402244614072951,0.5739117295652767,0.0815400863510226,0
1.037948795659797,0.5113870656382398,0.6755212855519124,0.39349237694332545,0.14405772399019567,0.8750681517029809,0.39699179855849726,-0.012235411339006099,0.6692281935405439,1.0008280647727552,1
0.6660729950678246,0.4886624044452961,0.20674236738368956,0.6987499700815847,0.7025236457241553,0.21049717066214924,0.5138678215316622,0.6161104221748994,-0.07437139584760137,0.9144523198363991,0
0.07203386780587129,0.5160885265506953,0.8925703241119637,0.5941812420076114,-0.0778895674875985,0.35992074252349154,0.696209141346293,0.6025997824508985,0.5610086639226084,0.9376280749691416,2
0.5195358598456458,1.1989999792969919,0.6521653014649282,0.16060552159636393,0.1716245402460522,0.720032605130833,0.5163694035705458,0.545178621653572,0.2609321086276154,0.16072226976037501,3
0.04383940141431463,0.18919489387608535,0.5089654515655312,0.494228394567208,0.8898538412001528,0.3021565947071281,0.4806865432858949,0.712701528751706,0.4325049773661228,0.14130395143274163,3
0.24155572357992583,0.557040020932115,0.44326215487823717,1.3235359980772192,0.6961265805086624,-0.33428840560355116,0.27545938242667306,1.2076077697589143,0.6901187637353476,1.1205966769962799,1
0.8928735562257532,0.3121168454817392,0.7301344814602309,0.021897874523456512,0.8926530615391775,-0.00194541485401108,0.8936532323542851,0.6462018616021445,0.21497595247087295,0.7605706412372853,2
0.8693942613602204,0.35960636049977085,0.808318954667837,0.0697645549331853,0.9926257942241372,0.03631972499372224,0.9150385412834435,0.6703989633027451,0.23315169601597896,0.6300789003972183,2
-0.14078402336148277,0.5883794021455776,0.2416167646809142,1.4730273741139817,0.5841422293267537,-0.24239921921162239,0.23479995545591362,1.17459232785481,0.8189447314379291,0.7929623597645387,1
0.8391858812060621,0.5891241759659966,0.7765494021997628,0.4169068439467365,0.6451722259415671,0.9836508392962722,0.2550428829812854,0.1150952877543532,0.19865498045479274,0.8497261912943254,2
0.7783878263458002,0.13770132355474285,0.3166035075957625,0.26942127324559717,0.7674666837865374,0.9106309798929867,0.743287642891348,0.49804338479724564,0.8183479097853954,0.11740351613273745,2
0.5760539169408432,0.7633863982294185,0.8444188805558103,0.4456954330424491,0.7848118378044666,0.8467940848195715,0.6050279469181218,0.3601338045643768,0.6670005655381992,0.5334787327723604,2
0.012685828567962859,0.6137128349963888,0.8158395861159642,0.22653489398720925,0.7288113420156775,0.6793941664004903,0.5319749042004471,0.08066594383639089,0.7786232072345037,0.020436824972425795,0
0.06761469445131736,0.16817822137162053,0.5326019005201521,0.486292918666641,0.8625273680955118,0.3385087601024252,0.5197332978532184,0.742076380452511,0.4019739119732568,0.13085105724766485,3
0.36355593975791883,0.21540867637960395,0.09490788121657685,0.6746603407754994,0.5342150554611834,0.31353375154895663,0.7919465977580816,0.33371356071093533,0.06257193308781646,0.6165236613416732,0
0.9675754903916355,0.9737887123466628,0.6973017205861746,0.7640362012756946,0.8314569343948028,0.34894999265512877,0.5143351595042807,0.08936843116543677,1.0158376066272006,0.1498174360503473,2
0.7054317565439073,-0.048002961261415525,0.4758137779720536,0.226942860892546,0.5803117583250804,0.14009413564213183,0.42700812280393663,0.2954488946116264,0.6432329607413996,0.1555881183960222,2
0.7557661021937067,0.07403982582113135,0.7717814078441279,0.21039880279782486,0.11095125893255897,0.9292342500998498,0.2013832901817572,0.4972592938100497,0.18531176498292565,0.8631255143055543,3
0.9059332039263157,-0.24865789368300706,0.8442297796257714,0.4540661588277937,0.972052760401114,0.5253861587790323,0.6113635210226156,0.6995513965707739,0.9198554365044308,0.0733882022817933,2
0.7490207907805666,0.5977974224593019,0.7822318406667265,0.321387351704271,0.703943548816826,0.9607944216209003,0.2788755655367566,0.1297945345631406,0.21214946948486002,0.8734948729838055,2
0.7486712323923115,-0.07277219383469916,0.539212190343116,0.11634017229003453,0.7658942744939319,0.1687833236299281,0.5254098846545316,0.26178244615891955,0.7272357944992057,0.3599441426972639,2
-0.07194421890788555,-0.2973894760446364,0.711759223553118,0.820766185693986,0.36862179398699113,0.9571175610461631,1.1765727618620268,0.6599838597534504,0.8989436620921721,0.23406460995145129,2
0.8852339205367604,0.30238428694382374,0.7053887783574451,0.027157247735894435,0.8806184960062382,0.009586448589705962,0.8685232439803015,0.6696139607156478,0.22280963857566752,0.7542118888077487,2
0.8014052830626947,0.589139932034077,0.7818599566043141,0.3737490970454083,0.6503103621436975,0.9372787416806043,0.2824332596333849,0.16483315067629883,0.18520435699662222,0.8652699338608297,2
0.6062923765266095,0.05105626065551256,0.04806494619860246,0.8313162867510496,0.9348874867043054,0.15737726944054642,0.048968426798961,0.5715267410871829,0.6915586268730985,0.3875163341890005,3
0.2992365715068003,0.4797596218470627,0.3163475109643061,0.6294820940716501,0.1379789859175471,0.3361224065817638,0.9230163786165224,0.28106708919432116,0.6951210614633251,0.1267844175384759,3
0.23476715648885396,0.428593160151347,0.926400215302487,0.7284753771690619,0.024958178779781376,0.1934704545138152,0.7686368421364873,0.6339560543244035,0.3928389526414831,0.7783917900994443,2
0.14370421726255256,0.555153487214405,0.8651350090948301,-0.05296784989228377,0.8956142111057155,0.2773034234141771,0.6435568926487032,0.7038867195523463,0.19739940220795765,0.2782806435926318,1
0.3793837661311762,0.19602795671357373,0.09758289886594393,0.7006041589177582,0.5198342616974939,0.29759298762872005,0.7555136811079731,0.3500894889592937,0.010188080611560922,0.6488369626648908,0
0.11046743618491202,0.353205051244484,0.3189312731034296,0.9081211863206797,0.6069994842986031,0.6465458286459574,0.3287267579911862,0.7803559946906397,0.6514933407251342,0.6699817722993484,0
0.07696263258256458,0.16606858093786037,0.5305336173133517,0.5192105810201391,0.8601160649292363,0.34426345196482877,0.4881527493756147,0.7599657546164844,0.4055377268133891,0.1437272128921895,3
0.7106352797721829,0.06978962131489046,0.757351418631531,0.23140483099942416,0.07055651481823241,0.9693542001445443,0.1929650928576985,0.4999078677729602,0.18211565376544345,0.9039657886012028,3
0.10809210757121722,0.19630440858348108,0.7317541292606485,0.36124228100234795,-0.04024496412590131,0.3121403953767953,0.49426977202719663,0.5522439284490746,0.6662132726846566,0.1828966081944457,0
0.8511485490201411,0.5751688861842003,0.7767010756366829,0.3605031976048483,0.6020536383625766,0.963036398294549,0.2910498257929297,0.17936079541593908,0.15901170548551685,0.8607912259570214,2
0.7055924288116512,0.08901005584196156,0.7996097738062617,0.1798095826553825,0.10807446553658603,0.9404153888395616,0.12476321809451221,0.5425525251023243,0.1384061067976811,0.8744708992233502,3
0.8665226509728835,1.0159373319319256,0.6617639010010878,0.6879282317025516,0.8755158379327499,0.16428158457108435,0.4351070064392015,0.03889232443969895,0.9896371407152553,0.023053776596704906,2
0.28569794507221974,0.8172936717629463,0.6087805804030384,0.2527114757381364,0.08223664713861036,0.8842246240621405,0.6286830218223305,0.432873111241207,0.3584792274741252,0.4375468683044356,3
1.100060974643276,0.31059465898894856,0.8923814292859128,0.1795518792761143,0.3603084070115906,0.44947165588488464,0.3945489202078863,0.7610149022304105,0.4180840368221157,0.5392844724745784,1
0.013159837150091263,0.6118276803167428,0.819615917556164,0.23077950056256222,0.7246781079020713,0.6794290954881865,0.5344644053706166,0.0817768915517779,0.7792903526770413,0.020957293899676283,0
0.0012426726065216803,0.2728158311973771,0.5347278902769845,0.741583674202651,0.36363744061148673,0.6237530856656179,0.46291987300554827,0.40009287137939,0.34759585839906215,0.7594451066884816,2
0.48157597669107866,0.2122058144067413,1.0153325103172341,0.430114334909657,0.6815565872090037,0.30290993641288105,0.3414540174246432,0.42208939971093806,0.7664942278660029,0.5563221148135095,3
0.008055441467373706,0.6501364704502782,0.09372589551878108,0.28088055978034127,0.6943127827400344,0.34352792814544597,0.1957417655894106,0.09553909385117343,-0.029651311926486013,0.35137564947725036,0
0.9750894574323119,0.9896676773781845,0.6597692727106923,-0.006927545488580692,0.08289870259896608,0.22569602322159213,0.0496248510805708,0.7506290635359127,0.9972134628016764,0.7017573591010086,3
0.4106946467146023,0.86270733961196,0.021864294270021616,0.2478089107427661,0.5735594523168298,0.20288395666326212,0.9505803526100649,0.4156969118472427,0.6220411290211939,0.6491805398123283,3
0.661794214327143,0.4969167322412613,0.5994019646466325,0.6816839318639532,0.05720143851828564,0.5116504173273102,0.7481436507592446,0.5339481250879422,0.5511975451555883,0.08028758309325729,0
-0.20320474166877778,0.773752939813648,0.2933735371617833,0.8737855159315924,0.8164422257903527,-0.06505240714775501,-0.08959597644293044,0.8719066076717892,-0.008885057451292672,1.0302934308130476,1
1.039200432018271,0.29403804224099483,0.9970971044633867,0.35604469045351056,0.34499192317258154,0.2276314789162554,0.4468893955568709,0.7345134758515295,0.5818920771446812,0.2011177080976294,1
-0.15274380235566754,1.405229298576191,1.051176457889535,1.4884745699332544,0.6446419788898232,0.8991404591547565,0.20800087030250636,1.4238656298467998,-0.3807971441604405,1.332069711305917,1
0.653868717905171,0.475521383231624,0.5911383720851427,0.7032038923777302,0.07577919042007725,0.47834986641710425,0.7293763104776383,0.5396678690704286,0.5756589439845848,0.06438478515482363,0
-0.025676367223179487,0.1118392053899729,0.4548052182143355,0.33012225626400915,0.7289928029002966,0.4158167484975023,0.1338362125519382,0.5896619859476955,0.9278349449671002,0.9475991028247208,3
1.0780083037795871,0.1688820749879308,0.517213125969215,0.8578799918864202,0.769369549177396,0.8583085165234842,0.14278933030579027,0.8353261627269235,0.5576992636620463,0.26562696086531745,2
0.5135624908889678,0.8264497755327732,0.8660024241854956,0.5043437566276496,0.796279384504637,0.7980793532398345,0.5327614514001259,0.34317799574663727,0.7611828546533533,0.451751657521884,2
-0.05591119540966935,0.37600841922761186,0.3021580424446496,1.2491017190006335,0.2750219440564935,0.7962473917005669,0.3037442059983274,0.920896591201089,0.7663771002071894,0.8101452399813714,0
0.6856467042232847,0.977574697438314,0.7901910074730537,0.7270366481970961,0.2959784441878001,0.9192092378170402,0.18639207304920133,0.30340472550164016,0.6551180665379304,0.09335197088058818,3
0.4609168281361037,0.8477872364451046,0.44396523235259305,0.44754204277794063,1.0880964021509207,0.3968872089570468,0.8702170423714529,0.6497007640550826,0.4910727143583753,0.45859374741430614,1
0.7219236325190337,0.054152335251605586,0.741774766207114,0.23858490627210927,0.08487480868435163,0.9498525002918425,0.18484208790329346,0.4893053456876112,0.19405250704188276,0.891396067118796,3
0.26021620370699394,0.4513619663432835,-0.08832932495622137,0.5561249674303417,0.5716441074842218,0.40806072086591244,1.0028062714518637,0.17121796493077127,-0.12746152844209968,0.9597101688421643,0
0.11523301562978969,0.7407456488164166,1.6013692624920455,0.2853362472384419,-0.031312823190156595,0.7695569170959883,1.2964934954936367,1.1440864134502307,0.08029922019533187,1.1950237649751676,2
0.6577056370448128,0.31569416560249514,0.37455434545039024,0.18567751451296907,0.2720383089971457,0.08517499802248603,0.7115594598217555,-0.13962293417313434,0.6307690385852023,0.5071121683671049,0
0.7869481299426156,-0.08341833217403813,0.664164872188053,0.17250962796705266,0.15859776584628538,0.8498454108554985,0.4281471769457445,0.4451370919172767,-0.09611082331396653,0.6141964990496701,3
0.33155242865021484,0.48121966314900844,0.2907809745150175,0.8524625446682951,0.3160222174124708,0.37892866705419637,1.0927464153598334,0.5655219376860221,0.7477440590532966,0.026722332532895493,3
0.4719652846869352,0.8100968291124736,0.7810526636675672,0.4176815190821608,0.016552326295580955,0.9105683276554094,0.6158333189655423,0.414129320631062,0.5161351573674616,0.5560341372485996,3
-0.36609234696911397,0.3522313017430262,0.4256372151148753,0.7044396824715673,0.0017037121666281692,-0.004368630175431709,0.05203515585000962,0.7219701227921045,0.47692306851275024,0.03663065631568005,0
1.0011808711194496,1.0221207896019444,0.5862310932766083,0.5999512879793447,0.8147792040761335,0.3019620470018544,0.5495925704817584,0.09201373932697648,0.9076218238289746,0.045236410302061936,2
0.6919781213061156,0.02454143401635942,0.741942732800299,0.20774807935708872,0.0424229114260352,0.9944754067265368,0.21465333919471577,0.4489544874772824,0.1599536100243832,0.8624175888818432,3
0.013199649416149564,0.6149657332293536,0.8153338999164625,0.22666214627643286,0.7298619821625133,0.679285692354101,0.5323513444892751,0.08167732523404858,0.7786859272026342,0.019487632262367695,0
0.7187117425779959,0.2490038020505115,0.9327004776937554,0.3806773084032795,0.6810945253966468,0.379949350745362,0.3215918949263869,0.01711596953520973,0.5511494202909046,0.7791727847680985,3
-0.07274848816489662,1.1668938572438812,0.8741900018628368,0.5952878282746056,0.6932426152336453,0.15178391803809232,0.7168353082790282,0.5587123451340335,0.745420067617773,0.5349224246480443,1
0.011424179650574774,0.6123516805346544,0.8150881110031549,0.22714760801884568,0.7289989826485244,0.6771224032089002,0.5300388267880559,0.08260845416362808,0.7779323060822998,0.016816755971718233,0
0.6379708158418231,1.212682946741553,0.7176869835136886,0.2788913224308376,0.8427815184111305,0.1375974302061292,0.4886096260654387,-0.26329501240038955,1.0238676328355627,0.35499855691832866,2
0.7872063649684368,-0.12842537953495536,1.24200292873324,0.5701663708084748,0.400432265267974,1.070159302487545,0.044874681772839375,-0.5843940810205854,0.8841827039645163,0.5245857924913399,1
0.01625803913456023,0.6129383777992768,0.8115088660410313,0.23039822942113758,0.7336104728374336,0.67785977852336,0.5325873631845411,0.0804991707773492,0.7751945219525984,0.016980616420753398,0
0.37100028465963414,0.28263233441114244,0.03265760303349696,0.6903874171199125,0.4947396599179442,0.3080504068982494,0.837790592494888,0.3059686270499317,-0.031926661980057475,0.6859565103941616,0
0.27745651035908603,0.5499615824173871,0.25201907250622835,0.005066913295276115,0.9845306678517565,0.4037113944677148,0.5312388358650861,0.48969961879205315,0.4316839916080843,0.4683209749484283,0
0.346465416480772,0.28816352572454174,1.2605301637659359,0.2846813590568526,0.8909309809135175,0.4122361522180561,0.17561618639546478,0.3402483919108965,0.990727018358051,0.7543162865431545,3
0.5059421862172886,0.2577116836935281,0.43231315498454,-0.0004918943954659999,0.18614226360731917,0.17594320862613785,0.5893841951432098,0.03410899680276308,0.6842380306625601,0.3155427387254292,0
0.9798059642378509,0.08702285881966072,0.8872709336744566,0.2705032932000306,0.4261110622524546,0.4136739636150646,0.44492645581080575,0.5826962023629414,0.4206037050252635,0.38198010379114034,1
0.9636738627982,0.995669529333566,0.6462966414956083,0.01807745795446602,0.10127239457305205,0.21772022288984236,0.017292861922585855,0.7485121497973093,0.9742806813147893,0.6966965654434092,3
0.3356601997055423,0.8820974399237539,0.6020947417146941,0.23911559100085467,0.15283924038189145,0.8256246649160712,0.5434154523921311,0.42472086596608033,0.4042172019621662,0.39918361318417744,3
0.06079070715787056,0.0954267898967807,0.5234308425115963,0.5215606364485512,0.37028713355923204,0.480178853134075,0.9720743107610527,0.8592483180539345,0.7411832792967747,0.4068644353216557,2
0.7045386660864819,0.9812800391445498,0.8175152164269787,0.6455935147927762,0.30599128275928406,0.8700866814840178,0.22759891893528206,0.1954562321935027,0.5552503736125021,0.10248726576520531,3
0.5379488218542278,0.8285424744779262,0.8410135597270135,0.4665658609671814,0.79714887667219,0.7807855282532701,0.5735281716585772,0.39780995295716204,0.7066181244096678,0.4667060321793164,2
-0.3308817441396503,0.26832288243000146,0.6375301717582569,0.10579365916554995,0.0974049572195821,-0.4783720937237095,0.56387067613337,0.6188807661399707,0.21690455439314268,1.3268373166901524,2
0.12358888667773196,0.5787029988621564,1.0872044388119733,0.6739145432655039,-0.23258735520091328,-0.09209418860588975,1.0689554341945566,0.6704290649628382,0.15994574522467522,0.70749617844839,2
0.3865218587834303,0.11486295419708825,1.0412150708750958,0.29090325878971024,0.5187043119117418,0.21295464017622767,0.5092388552980378,0.3572224283874233,0.8649220781330764,0.5335190416208279,3
0.40355313898269723,0.8179862072359091,0.04695848338939419,0.3021757691593418,0.6536503592196063,0.1759920455184109,0.8949953278246109,0.3342102525414835,0.6795061207944679,0.634683598857428,3
0.9016034267061797,0.8221285843656004,0.04631307156320698,0.826003259750997,0.4496001583915291,0.46083320010588263,0.9218554738660194,-0.10010360987428904,0.389918999085179,0.33679177608821104,2
0.8885250016877332,0.6812218021194845,0.4757629979458106,0.8886209272410607,0.016355229839496638,-0.09806397955567919,0.39872911623353535,0.17623815849298055,0.276294888416056,0.5732228303185722,1
-0.29261984210260916,1.0305474820472669,-0.08834543933665662,1.038366434882094,1.0141634301057914,-0.6754358069284055,-0.12884384138416177,0.3699675971882982,0.27274850597132416,0.5173576002554992,1
0.7690163100226012,0.08193157887306626,0.7757921848299075,0.26497828295899206,0.07399705537919628,0.9787973485294129,0.2005082480487731,0.5244503576436729,0.20560588286123843,0.8679586364031919,3
-0.13815952790463923,-0.061424372058063004,0.9404890128672475,0.23970535763127365,0.05164371893447305,0.3711531393194529,0.5817516442354269,0.4304454326668095,0.8235175613462339,0.40606426575931615,0
0.568366359764705,0.3472861434693132,0.6507023081375024,0.5484146901512292,-0.027607051792210124,1.1291521589344835,0.82059140193258,0.11059590204576153,0.07986571721749242,-0.01754096529002297,3
0.695261440835716,1.008097245739839,0.8125108238084344,0.611050581511634,0.31904809287764835,0.8964349542119957,0.2240763461998827,0.17420768284346322,0.5773769061762856,0.11641990996288155,3
0.7914687268771078,0.8236680554314117,0.7786056040732873,0.8076185287563572,0.8914884336794787,0.2863458474728923,0.3575250971954229,0.8160976630863847,0.3036359717763598,0.6316120436982041,2
0.5006486494391702,0.693864765167216,0.7753286403931643,0.45696036751872493,0.8083654183217813,0.5078571744404997,0.8749812290430922,0.3444622547835505,0.014579008469856039,0.9076911956870142,1
0.6428625293578608,-0.16135196029770316,-0.020675523821941738,0.7310492800786188,0.8741432807161362,0.08737003711186443,-0.036251316952884874,0.7629368531594579,0.5706317398874903,0.48194078451192623,3
0.16976331544873347,0.31880438574932934,0.8367670708262672,0.683033583089784,-0.12128122786729421,0.33577185589366004,0.8297065792838915,0.6727679324429982,0.27022608374751284,0.7914207798608373,2
0.5869716279941024,0.3004938365747897,0.7049743576599026,0.6749797787602455,0.9379177147097999,0.19807856875611077,0.8979206478415831,0.34079872745389195,0.4542655805826421,0.2465085263459971,1
0.8369537229164934,0.7287725049793192,0.5151929647199691,0.8118567228782217,0.22601134120476052,-0.020363256292126215,0.48310869927244815,0.16854741580036695,0.45667944864854615,0.769441933630831,1
0.13677093235538912,0.42061099202874963,-0.18964997351301316,0.2294957948519624,0.9937887670405646,0.4834145061717027,0.3413956413751781,0.5728619620058832,0.4122512977072396,0.44102649554755496,0
-0.4610588638884464,0.37389029297488424,0.5103957570222295,0.044794346069779,0.9077171746332161,0.2933196452652373,0.7360312968120998,0.8399943111169754,-0.17229888408768218,-0.0515918088243601,0
0.6701738621582765,0.4802156078536168,0.594012732915777,0.68634246725086,0.05064170801767849,0.5051405848768581,0.7590248548688576,0.5329807915959952,0.5546234581459941,0.0973081248662537,0
0.9081507157023635,0.2902940330524919,0.6940920612066146,0.008914677124445797,0.8545287959197182,-0.018745173087152255,0.8410918315342835,0.6205025831599188,0.20970483688791264,0.7132087765015226,2
0.4907868083289913,0.4869500359674596,0.7249418477499266,1.0993938710448905,0.031195325442357105,0.3025737271118549,-0.06864684536588363,0.8471102253143576,0.19414094252589265,0.3880977341671934,1
0.0810358883287791,0.9330199447829216,0.3335580653534789,0.8760402024074304,0.7735215252592953,0.09017766694322772,0.05351501676993339,0.708406956129205,0.1917735690149135,0.9805745366698927,1
0.04825681968630969,0.9876250700308651,0.3667508916733283,0.7441941785904151,0.8719640827819048,0.09739045244497602,0.11789236374418215,0.5937443101692226,0.10744723459668154,0.9185632836753232,1
0.2657349388733838,-0.24850642006227586,0.3258357114511844,0.5092746646262162,-0.018939269587389493,0.19150551334751117,1.1587963515713275,0.6040765421398627,-0.18190368013559666,1.6438886174944574,2
0.4762368916606821,0.5325955822177818,0.2330127254721081,0.6941709554455586,0.09825982791678418,0.3130180854665942,0.797850318829528,0.36645955713550254,0.7062504834100899,0.25158862481889555,3
0.4668025864715872,0.3103443651862897,0.46155773795905264,0.6424853971816146,0.3268830398142851,0.7536824444966163,0.8511570565247507,0.6137313794782411,0.40119066818953797,0.7284118310790968,2
0.384911543668111,0.3997731954463325,0.5469536912090006,0.7545818926570881,0.21411218242389843,0.7394071375094473,0.8499232111283187,0.4993702832722756,0.3367133533911133,0.8083454809372749,2
0.7085677482242881,0.2174565729126977,0.9649641938994515,0.413715424392739,0.7423986484390284,0.31175656752577946,0.39959312419052695,-0.022601246083035154,0.48727409801478944,0.8479561998675264,3
0.5952965351710642,0.7527301108125257,0.2925874092232542,0.9587889591816114,0.44444596280891513,-0.06395923454985153,0.6662671532974023,0.6317597444766676,0.4398176476387202,-0.08975145909470195,3
0.789997925868903,0.5876955090588795,0.7732471711471611,0.36598895993755565,0.6472650631629782,0.9382022603497683,0.2865511955826764,0.15940296338980658,0.20664941855984859,0.8655822479370521,2
0.9146893084245062,0.4486278187352258,0.6850975233987047,0.7861812885944586,-0.7764543988904903,1.6534201941554583,1.7033221004331947,-0.20416361796888516,0.4013826377053128,1.4828450910946909,2
0.1387567922841819,0.5954064679252626,0.761325642259681,0.8396278755774635,-0.10177730389543148,0.25731045633619676,0.9305180060981103,0.6112916452557555,0.31530022047612416,0.745924044732371,2
0.3901097589813177,0.11047362953442436,0.38436764498858633,0.31129698903860775,-0.24839294099653364,0.35797665019601044,1.161161710277566,-0.13451627930916388,0.5815608879888745,0.3434848361471675,3
0.922589306198314,0.9307344828946805,0.11632108905966179,0.8314796140621088,0.6527757435907261,0.2785527375509037,0.8152470303617012,-0.06602696116894573,0.2524997102786743,0.292474763253296,2
0.29900516996751125,0.12358373474036607,-0.033294395901798196,0.7431703978802896,0.6256524169156942,0.44828564462232967,0.6733942703433416,0.2130362100205624,0.11848608782830564,0.6607889515098199,0
0.7864538540375008,0.1674189639366684,0.3188666302354769,0.2921223230145487,0.795799469404782,0.9042377057204518,0.7496884167016419,0.5624171493101442,0.8178359763858056,0.07277942831121434,2
0.7245229980461131,0.9891642162107578,0.8400396770253508,0.6573887630638034,0.3592164261081707,0.8822176922722428,0.2147647546340233,0.20119528923181082,0.5181113612868997,0.057971286612671175,3
0.40075387421686004,0.8132245846210682,-0.13111096804794076,0.3936759300517172,0.7313736369827095,0.003994070968980912,0.7910803694702416,0.32704164746539266,0.7267148501816734,0.5273818191833212,3
0.853558790533507,-0.005568622189917029,0.1320652281278331,0.5590409110680185,0.18757759895771195,0.07211767867282837,0.032471955368165994,-0.04801502339853658,0.3297270004764973,0.9063717110461782,3
-0.41489406332967976,0.7930235107847933,-0.31445498492314916,0.5133749111552336,0.8726778379372161,0.37369204906664466,0.2500239601540206,0.7136994103513814,0.3423283796635241,0.003888994599879625,0
0.015823016631527582,0.6124761468338776,0.8158833915438155,0.228858303360596,0.7316433766457598,0.6773641785686223,0.5280473093001326,0.08376774365523257,0.7784543806443935,0.019934904622021396,0
0.7768655835625109,0.17864517523155637,0.2709216209541421,0.29991913233703543,0.8277928096872113,0.929902333140251,0.7139629715463373,0.5304940533986646,0.7654186181831607,0.05939097151538823,2
0.8053535110400051,0.5795371220342675,0.7551147815745289,0.3991739829461159,0.6530390823286146,0.9066000955525738,0.30209265376771816,0.1284977576175814,0.19375592099249464,0.856149465062494,2
0.8234317535319648,0.07643160130692907,0.8543717445407792,0.4539083595462184,0.661968358270361,0.17295924074169772,0.4357859616436348,0.4686624424416002,0.5498587361977456,0.604624745297336,3
0.09558479464448291,0.3984496249700277,0.33534383676410573,1.0060716036988209,0.5124280327207223,0.7653359992881403,0.4584472020809561,0.770656522355359,0.5334838695418498,0.683209866042164,0
0.9246304911843732,0.11014028527441001,0.18444533388422452,0.4015719908209709,0.20821518016621365,0.241219973947265,-0.02394276632292043,0.052060915057735045,0.2409654104163557,0.8008076813072387,3
0.013105488047619823,0.6139250663896613,0.8144278896600566,0.2273800444692301,0.7297141529484498,0.6786932652620903,0.5312333292311717,0.08173784974902784,0.7782452618140155,0.018192189008752677,0
0.8633360968509375,0.32140803456561295,0.7174704065939765,0.027603125126620866,0.906065781324464,0.027116935950650317,0.8690376484440334,0.6690864106527785,0.23005318559218135,0.7712279425099025,2
1.4420609226472307,1.9720427879847746,0.8288898530085835,0.9706372847006255,0.6980091263752468,0.12273314310270693,0.08787893591279516,0.810305503275208,-0.44875109319841544,0.7021126901717898,2
0.8948597127981349,0.32995677018383923,0.8006169113514452,-0.022335463525725005,0.8759589525689686,-0.07698081239658977,0.7587734104961782,0.5456507573645486,0.264512149533923,0.742536600294742,2
0.4720378261223659,0.17720468732700975,0.5899359940478857,-0.029944255609213877,0.17825439688014494,0.738393591279608,0.2766828284359968,0.27025576162585246,-0.014970826079777094,0.7406757289732313,3
0.8338954297980443,0.09954037159003075,0.7498810875780928,0.4863796973227512,0.5984187288587286,0.45835286314980095,0.5301215708328284,0.45660188452193107,0.4440569217522446,0.5817784421743375,1
0.008934115839373319,0.6154458122025256,0.8115663553007199,0.22299330692723604,0.7300990067011197,0.6823150796623685,0.5313851444339004,0.08370992606084052,0.7794832492992563,0.021637114416447823,0
0.8233813062024682,0.9463143249885497,0.4703223046217594,0.435684422681054,0.5955380207783422,0.35575268520653147,0.35611684210449734,-0.0111304458367662,0.6547479513763752,0.2822400468786946,2
-0.25744915865610984,0.33810529679678236,-0.4831603334009904,0.5927770254216154,0.27124666865080493,-0.2212575753517766,0.23274183930252965,0.614752847994178,0.030946858268691896,0.7558738539684184,0
0.002356428886092332,0.9465751003683576,0.9813492047029875,0.5015526440930229,0.1886656541177643,-0.5283088584172297,0.13583647601134355,0.7840929088834465,0.46085487663261976,0.7609834775475763,1
0.46260848348783745,0.24717788548282452,0.09164234056087417,0.6184601965001219,0.6300520191051514,0.33516580043185246,0.65959350095976,0.29818024478361627,-0.02988645432152308,0.6586544286923702,0
0.8278873301952756,0.8321912762210192,0.7567105772085087,0.8243315514431654,0.9444093619335848,0.27707890975746713,0.35498474228261245,0.776027277181693,0.35626165695280426,0.5932762680495508,2
0.48706163907404953,0.7231224856754941,0.760977987149613,0.29537093965363415,0.11670624594799192,0.5939565914048218,0.529406626740128,0.3507781070488578,0.11765819262536675,0.6384199430123416,3
1.018268017743417,0.28634597990213495,0.9204646395195011,0.2396307859790333,0.15693310137058417,1.0330168752522393,0.6233114438833024,0.04993000902337494,0.8106016887501669,1.0414167903597469,1
0.00974610669177732,0.8218576202348072,0.24630060767302608,0.7891250684436389,0.5755260882467301,-0.11984966711359044,-0.10746335435191956,0.6248043480344496,0.2407863439678877,1.060408465067271,1
-0.2530287709286203,0.5446407475232369,-0.1752190589273303,1.2118812267187757,1.004014588158263,-0.10164976871094566,-0.5111693770506885,1.2783463135685722,-0.2032659877225404,1.3256860124885617,1
0.8128147069539577,0.6639489902923885,0.45190255610688723,0.7303327352006977,0.1553311746046807,0.03764490745134125,0.49403143939932315,0.19795046231741165,0.4159210361329575,0.6996105503108324,1
-0.16811548385727548,0.9853037923391892,0.22376916709199696,0.9460580219825137,0.5668410020150261,-0.07614675827848075,-0.16326906913099934,0.9411029046365044,0.35277958264042053,0.8359192587582558,1
0.3843110975416458,0.15853735675417574,0.40758266145863375,0.8596708827697628,0.2445907722370527,0.59685763701165,0.7096536432845044,0.435431463590137,0.9160615339263793,0.13464074712467078,0
0.3250396277485569,0.2115653554657474,0.07233012614938526,0.6639264571642788,0.5570150930529076,0.3471936224564824,0.7659911782064861,0.35782200841850353,0.03693918978486561,0.6064652443389063,0
0.9338306143102233,0.26299430284694125,0.6821638644773316,0.078677244567664,0.8912323847812043,0.07915189342302036,0.8310765023208351,0.6285185546233203,0.27526042704265863,0.7388771414032671,2
0.7876864025293462,-0.021682959074208696,0.7872401521765738,0.3804236009272606,0.27278501199952365,1.0042800359503334,-0.01231369352094705,0.5506623474114046,-0.03458117102320568,0.9471720625971511,3
0.7105536616562086,0.2546035757476061,0.9223416200055462,0.37891111129889943,0.6888109764745342,0.37078156093564585,0.32984976748657924,0.025247639925739723,0.5435372176576286,0.7868936056072698,3
0.5393371442129541,0.32876915592173633,0.34663224837632756,-0.005590794729749486,0.2010764048954709,0.1186589366852544,0.6028440320938717,-0.0032793139798057295,0.7270363178400233,0.4094201535163195,0
0.8006474956911398,0.20444618378744414,0.2649151760168233,0.25451510583271236,0.7989918413908182,0.9258015109956506,0.6972553373562056,0.5576368329634976,0.7801146542362352,0.06852402246264941,2
0.5274517395459367,0.7909400862143174,0.8494979587464884,0.4744624149290038,0.7608239550881987,0.8046241180931106,0.5461421460822977,0.3735190715422614,0.7746157424622715,0.5000091995104685,2
1.0328704117495315,0.44541277732594065,0.2781705018883154,1.017644148406546,-0.15095165109403152,-0.19303096452054025,0.472526932649138,-0.019135532261843946,0.2495504192630248,0.39410915750961534,1
-0.03328545388715606,0.7309958741380476,0.10523350874281237,0.3352987703759755,0.9821559539288881,0.42575305473556335,0.2491886570544074,0.2896074021740814,0.22946265387082437,0.5436349625066506,0
0.28481355981660267,0.774434527914461,0.1214445719267787,0.221023300518322,0.7117666273660987,0.32034735118894,0.9958249457525046,0.2048588789680664,0.7120234776255288,0.6511509246876277,3
0.668044830220232,0.493926918275539,0.6059900569810295,0.6729168572036025,0.05836552803520642,0.5211806412137556,0.7424051680819119,0.5391643500689078,0.5567853583134749,0.07374612097660403,0
0.11355100185030023,0.08549979659171972,0.7808217044794424,0.4640476052033554,0.22283553230597958,0.780790368023159,0.8088594948339699,0.4933275084967029,0.1820669995611594,0.9978023438526622,2
0.9237913117893494,-0.03305159801858112,0.22110193321049987,0.5573243893197242,0.09993908135485505,0.20827103672701586,0.11077714667016393,0.10690090604456765,0.30753556721251296,0.9270757379446586,3
1.0023208428577937,0.5025860642439804,0.775126008320199,0.352616087491334,0.06014969794667604,0.8331327532995556,0.48471700065977885,-0.00884343572598334,0.586978028163012,1.0459015802695204,1
0.7237581565227668,0.27012142783553983,0.8976959984551134,0.3590596654444021,0.692289824306595,0.34203080673796765,0.31265910482596077,0.03665550945673701,0.5521686402487692,0.7959364698988378,3
0.1408229252011862,0.7841498642155298,0.7242486943789851,0.32488632441502974,0.8750588509397523,0.07287071403032239,1.1031771234769205,0.1666131977996951,0.4588845907761165,0.6345294971586276,1
0.5472779480129881,0.4174296545229129,0.31338243675517463,0.4872442914918619,0.47896772081210737,0.4088597808573103,0.802560343231268,0.4437176304529061,0.06709788485783062,0.4457269440825518,0
0.04047718679604691,0.9770052339239784,0.6956128334201112,0.4672121733474334,0.9812125036195438,0.300190456777922,0.9135750158864215,0.4337166194371921,0.6062161648120467,0.7909727485044753,1
0.8842909729149694,0.6316938126260933,0.4236775852495635,0.6049736465581141,0.13535643000554232,0.1217309948468442,0.3590864022797528,0.09745673413896089,0.2687031331417205,0.7383071302734212,1
-0.1352105704899669,0.7298901132088477,0.1959159141732164,1.0290342091322553,0.7662489034886883,0.28308073804238226,0.1491116057466847,0.573021458107936,0.020263470910627884,0.7758201830347513,1
0.9954454089919493,0.48586539046111665,0.7726611998463806,0.45558397116637483,0.0408151576978614,0.9123262099750954,0.4218392624021161,0.016549350851274357,0.6414823854403496,0.9905246278027796,1
0.029269002949210327,0.16711286235046102,0.5013164161524393,0.5106773176531123,0.8763928725217044,0.33061104610582603,0.5283407390538937,0.7184474146656497,0.3946715465651618,0.18277411647204822,3
0.5152813043911812,0.27479450754143875,0.4010436506817726,0.05635749823757775,0.14058007079154491,0.18191845731684272,0.5698942581482931,0.012532750024877111,0.646363786899694,0.3502615690093996,0
1.0615062530828456,0.8314395433410562,0.8389476984065865,0.6676812541958276,0.12392876729739738,0.4903705040894841,0.09821904013943103,0.6266588834430886,-0.02353461392626644,0.4167084192688144,0
0.5514289645909849,0.22456253770967202,1.0578113101624937,0.49290266321438125,0.7125444767091501,0.3189763217061209,0.41168751827163175,0.39896400444116203,0.8058408778335807,0.4747086636858794,3
1.01895349557112,0.5349538466889576,-0.053482433585571365,0.09354179632858806,0.00015172056805128065,0.71431523118897,1.2010271894051674,0.03773257859804369,1.3492009247862828,-0.11760383717564704,3
0.9928219611728889,0.6387089881388308,0.7330990604894816,0.2285194779440619,0.12749912730701318,0.6984340591780888,0.5768952943507875,0.03169578848489504,0.826338632727444,1.078043359899805,1
1.131591048852838,-0.052831171268302834,0.7358188911550303,-0.013391447002967127,0.17198446357896083,0.12959742203197094,0.09235527487225903,0.5863903645572468,0.6539639961679113,0.2720182779406351,1
0.04225091908582524,0.405838301361916,0.4390532758747874,0.975547724415239,0.43725123062542337,0.867649931034792,0.3954185754461338,0.6611956480001916,0.5090881232208827,0.6448444322359297,0
0.6058232537749614,0.5543224089886615,0.30138395336485846,0.28467347142058824,0.8237089430503922,0.34112795593508743,0.3680904972990197,0.07277877571024739,0.23193058009900974,0.20352440742391603,2
0.9095164522201714,0.8854662626848168,0.13233174076287915,0.767509329625463,0.555371693808508,0.3439828080328869,0.9066475812060658,0.019797958319718194,0.29572400944573535,0.30786734342015776,2
0.9026070843163261,0.8871789932948585,0.11944387376932004,0.7642230436464604,0.5809850945379497,0.32847284382411707,0.8831661782707497,0.0005897057691525431,0.27699746296169725,0.3237419949139415,2
0.14276305328370784,0.952856233597343,0.3251819548465013,0.8285915745556256,0.9222781560794809,0.02236836480700577,-0.0032315558756334795,0.822823503999958,0.1176291766133487,0.8046636608165134,1
1.1083096963568881,0.41844237701751946,0.839494523177052,0.43372365514353844,0.23470213934219006,0.8242164158857231,0.36821165035273046,-0.015760462111186285,0.6127789237906653,1.0240106290651068,1
-0.13274438943897374,0.16208325870178814,0.38194512605585534,0.13051914885653876,0.8926981717145925,0.5612915194822821,0.17048540092235964,0.6110188970453213,0.8594049481644426,0.7721557684924607,3
0.26696209030575396,0.7408765818166845,0.5914522760518901,0.15572805674576728,0.07896753468718558,0.889857643080134,0.5645349835671543,0.5221941325472611,0.492185092004471,0.7154299252785612,3
0.8739278978205255,0.31928094587600453,0.7199629328729138,0.0309059720767563,0.8975824188661937,0.006544205536825411,0.8738870787867541,0.6570740535771314,0.23165020098646172,0.7631543362736821,2
0.9475878286181171,1.0680269762502883,0.5433613749187318,0.5519418882612304,0.7271127841069313,0.2828120023786045,0.43369164551119344,-0.0136635477451173,0.8442788737426573,0.08898376650727405,2
0.5070763843140637,0.8223596975628477,0.8780880035782487,0.48026579836693445,0.7650937434043436,0.822265335958409,0.5396175512010721,0.3615311030591104,0.7377812574672028,0.46554456474299716,2
0.5868446570431682,0.27245390567734207,1.0896492009202543,0.32308955911176584,0.5998719560244046,0.3057248838604377,0.3465364020155187,0.4779122978058599,0.8927997482565404,0.6493690273834015,3
0.31717652427184206,0.2670554758549422,0.9182258955957547,0.47789088706538463,1.3013241161449174,-0.07281521512113853,0.5039204813571667,0.5717455273162301,-0.305747583128131,0.3136742736278128,1
0.7195362979893757,0.07875362944765271,0.797473200699488,0.23693115539667164,-0.007247397814808515,0.840769708376401,0.2862624884507254,0.452445342930769,0.32635141144559404,1.0000494440651306,3
0.32665561858456615,0.6153244451923495,0.23260743118515492,0.17708092650110102,0.16113642554246854,0.6161085624928658,0.31283136987440585,1.04386230535948,-0.019875004729921916,0.28509287954858803,2
0.036753507209399044,0.16360233712714836,0.5419582053838307,0.45618730845585836,0.9038802342257242,0.33369546336474215,0.4777749945140551,0.7505111346421082,0.44881926486288815,0.15183834047378464,3
0.5144668745748461,0.8825899279749514,0.9116069497667819,0.48812452707236703,0.8160839695734143,0.8338961764651928,0.536222566487323,0.3518857325380744,0.6747931610936249,0.5041297399278201,2
0.632935489959369,0.2869912017177412,0.8749985084777583,0.5375381773307089,0.7993033141160995,0.33024824691457844,0.23370292846238377,0.44351651905436984,0.7087241706074534,0.6511498560862616,3
0.43998004627012827,0.17062719395764867,1.0168958649050215,0.4447671213618164,0.6616811328904438,0.3186903558897791,0.42562610306106424,0.5194092797796133,0.8908559128789663,0.6812233326268015,3
0.9590104653902103,0.8573735433776422,0.8595645997862035,0.6156380757230293,-0.007466212331800476,0.4075966242107375,0.07266105221099156,0.744683713190162,0.07015780090229043,0.39781150726390785,0
0.32726563576736306,0.8462255175438131,0.21987266155258728,0.9720491627618577,0.19561212445101683,-0.048875573663298255,0.47481643422158243,0.17138316765615064,1.015294873259246,0.5409741140867637,3
0.45158017449729,0.7713819211573428,0.08803406194772842,0.2991836299615402,0.6154366931962435,0.16678942689578716,0.8883339644592306,0.33193352246311075,0.6703406471015828,0.6201440526964571,3
0.764080380225175,0.14367931537907333,0.3117954990153123,0.2302895459757478,0.801801418438787,0.9098606978514185,0.72507650573329,0.5830815141527259,0.794899236966407,0.042851616648210265,2
0.5889527863069624,0.8696349929452737,0.8718499552560361,0.7015608419987479,-0.13453606241231972,-0.09963598858837835,0.31591048314559783,0.9733052881267543,0.4218839070716907,1.2126793698149714,2
0.8124998121084652,0.5809490886107509,0.7887466198925619,0.3728366798292322,0.6545220384948998,0.9336056713074901,0.2971175732570465,0.14700571114446231,0.18311669361968738,0.8615727955661178,2
0.8786352596357627,0.31682623894119827,0.7408169448673694,0.05641756575478683,0.9050246351553951,0.002014913511513356,0.8456753034390733,0.6662005436882054,0.2404104039614876,0.7616380830696419,2
0.8624226170160111,0.30324047272986654,0.735558594823049,0.06368987259769385,0.8729104090746458,0.04413392572425712,0.8503040529153608,0.7000253178635231,0.23446957778054345,0.7951463835218349,2
0.9213568209253393,0.8946911991300711,0.12948056730399538,0.7553518008816276,0.5553611283144234,0.3342346650068181,0.8761846191676245,0.03603150721131183,0.31268562861538984,0.310058216452633,2
0.5878832131462594,0.8125425143060964,0.9537693170583762,0.707687637683397,0.43037218688608475,0.251869353135319,0.1771042723688846,0.9070814429376954,0.7887775236807979,0.799863177394688,0
1.0637001606932404,0.8939620524204605,1.100085601040977,0.630996567626003,0.3221988420437232,0.9740137643168965,-0.11469943215416406,-0.14588465748866558,0.24935669432694596,0.01998990594292631,3
0.6562857697337668,0.4933195144775661,0.6020466105257101,0.6777285839286653,0.05756741831662901,0.5134941864997195,0.7435625200773539,0.53382736714083,0.5514060355144543,0.07563402684467149,0
0.5167925019813455,0.4792789107325751,0.7167514938487096,0.9458640752625391,-0.023189684039959815,0.20988606659184988,-0.010639360290081463,0.9045417785202085,0.10631344541883228,0.46155700611204714,1
0.4768828171690416,0.8374509541022043,0.8667472764069463,0.4935528303505531,0.7173587758842026,0.7786752379009464,0.580947463063144,0.3989010656646257,0.6996583551854815,0.4269660307917165,2
0.855359701520205,0.3272796935484309,0.7111239894894428,0.005677958048816847,0.9186397142468614,-0.006385059462116701,0.8774182304432545,0.6437425404987273,0.21956448012768337,0.7383460466962349,2
0.31573304201756625,0.2841324603765218,0.2808234284397434,-0.04271855214294425,0.02814758763808592,0.0581947889077169,0.5339508777918697,0.007911296183402378,0.32659505303525793,0.11651146238211663,0
1.2393327694805851,-0.2547277197696351,0.09480906646663993,0.7546039695382086,0.502430597624921,0.40020387555720205,-0.36277762453677764,1.0832372555879943,0.6079398546569084,0.6414522299855773,3
0.055764474111121023,0.15407614312272147,0.5256641514342603,0.49727420768134833,0.8787484842616254,0.33776867529699656,0.5106310453375296,0.7382844863679416,0.4009105629308092,0.15811144806669022,3
0.9514295531096895,0.760566172855709,0.754384142867602,0.7225909572216428,0.8882500531758576,0.1253025618673514,0.3702518062808627,0.7059464636033138,0.22246346132115974,0.7507478496680879,2
0.47504565029997164,0.86643274185741,0.8453004516474593,0.5445182850543857,0.8193440487157002,0.8744309379642194,0.5065476309400271,0.3760958737363316,0.767535733681997,0.4257834624046979,2
0.5088100243341569,0.8203155691613278,0.8789917192249778,0.4847796077706446,0.7676702385557084,0.8184540787493216,0.5387715592021667,0.3644116476686168,0.7375470068263961,0.4689236364435997,2
0.6455845009734081,0.0313157576419789,0.7106644212712208,0.229264328060631,0.7023504993792183,0.3176838999034484,0.4939046989322157,0.2549050457881208,0.6245448842099531,0.23345433271094254,2
0.28195350990726376,0.8156620908951024,-0.17796596348097446,0.5219737609638504,0.7421610842543682,0.23832820472905944,0.3959865513232544,0.4701675652967369,-0.10150019862615389,0.43360304817669415,0
0.4406667939173419,0.29162703274211876,0.5418562842768251,0.6944781513383046,0.3048314629372687,0.7662517802286253,0.8340465630731434,0.5949565979483077,0.42146126473127105,0.7037860180671767,2
0.868866540143873,0.2734263404773324,0.6442184459318201,0.8297481211708373,0.7062559990217158,0.8096101513402437,0.21202987865078632,0.9956230560613077,0.708208066572254,0.38595392177283394,2
0.9508548212329717,0.14262763825190047,0.9641037691260079,0.15223816366826978,0.26476587265395907,0.2824095393523931,0.36708372073547596,0.33190199810876597,0.5943192736843946,0.4342413739887422,1
0.9357916897244379,1.092094475152766,0.42831388473185733,0.6137006352985152,1.020851606034678,0.16734743075824732,0.03608021573583836,0.6754025494131639,0.6275898319479418,1.1000750436414384,2
0.24472728299923666,1.1084576371923656,0.7382309302955661,0.5816740084282451,0.8070066649914654,0.26101920672404094,0.8964651090742262,0.2614646909577984,0.6047671599310085,0.7375552278031351,1
0.8674906875810156,1.0238673102932683,0.10749423479067627,0.9297272599017632,0.6512499825825803,0.28102890890189336,0.9624823075439977,-0.14472512539082108,0.34064667012188593,0.2516881569276651,2
0.013393530685848004,0.6138734445674406,0.8137957084993974,0.2275984990500355,0.7304771695698036,0.6793504310008792,0.5318156513710122,0.08118380773658027,0.7782814225891677,0.01830062545588814,0
0.0460901048510432,0.5947409483126002,0.6905963497877488,0.026650802968996183,0.6199306386413257,0.21636975966503394,0.8345421509144036,0.5567329201049178,0.01697109937333044,0.47738409658830155,1
0.40231950181861054,0.7792331495640441,0.10980338347912683,0.37510147389701287,0.6897308348525593,0.30771745788917854,0.7099654244265834,0.3943638348471802,0.6220115695901526,0.6483049935591274,3
0.020589588068911292,0.45872171102087145,0.2062279417284751,0.4251746657388433,0.6833263789969414,0.6255604905557768,0.5420405943524466,0.4006309478654527,0.2893479548526475,0.23382539247040943,0
0.9409713706456828,0.8959619448834415,0.06829342110521075,0.7412196446088686,0.5790170828272472,0.3852438501653584,0.8478976217526805,-0.017098552983948787,0.3127464221761368,0.3042449056004527,2
0.047535382359612445,0.16346669178944928,0.5140438332068874,0.4903623012582759,0.8744655155961917,0.3288528030389307,0.5215892636540432,0.7289478568413177,0.39420261968177134,0.1654927133835892,3
0.1461996476937178,0.29590995234340084,0.6159297161394568,0.8594479489770032,0.3039213585640767,0.5661654370914629,0.40012015699382275,0.3417353050790536,0.31215802931982045,0.9086526201715048,2
0.10928454529063177,0.20448775071640118,0.6242592546494662,0.4382477141657428,0.43141931690389906,0.4186865500662833,1.0953261971049022,0.6876734150621402,0.786279294267108,0.3649583354093299,2
0.043428806182478435,0.9440033933063143,0.7664647989517972,0.29388371649632333,0.7883830530576086,0.6255232541811475,0.8849661620968828,0.8913920876470922,0.16361239172044162,0.14943140148695624,1
0.5742613404279963,0.8302647840283452,0.8424268251258524,0.39396667690105935,0.7903735736471462,0.8685468507466506,0.6247232497519503,0.44435118656375605,0.6965041313090651,0.36995092971847593,2
0.06431741997812239,0.6575333160487943,0.06627709568305643,0.2699182021216947,0.8703979423855241,0.3731707277181469,0.3381779980599734,0.3605012868400595,0.18101139299402297,0.39206863200290554,0
0.6588339325346245,0.49075621727528934,0.6057966799255325,0.6803688449905332,0.06217937662894507,0.5089042328884664,0.747410042230057,0.5416585131610203,0.5452371598704407,0.08359049438691284,0
0.5686355448926006,0.058786298662910616,0.6928280664902825,0.1863627535828679,0.7622637344092366,0.2741956133980479,0.543175218137522,0.26131291611294283,0.682161337466406,0.3139395403196785,2
0.09570887694752837,0.6940152746906026,0.005868797998546699,0.25264999323646636,0.8546887574911713,0.4070658942043429,0.3285232025573352,0.35076084159222837,0.18899025809548042,0.36418617630687555,0
0.31260864943070177,0.5517652770212493,0.3849782385197807,0.24399301924388866,0.09572191215871712,0.4852423836218385,0.15861412298578628,0.9931767426738294,0.10612981034516629,0.29423710480871984,2
0.16232271442498114,0.766975123052125,0.26909490865814034,0.9416325631379459,0.7217972302968498,-0.08796639679077353,0.07941063051990209,0.6176152930970744,0.10067288361844892,1.1093524224327935,1
1.1553478972924172,0.7160566491170557,0.8963867151111546,0.8493044832464502,0.37723107097418235,0.9371755829772495,-0.04666960155986366,-0.26121788999135676,0.21784074451554425,0.560777408343831,1
0.5829536529772725,0.2655614558176302,0.9192288399840282,0.44697656355358206,0.6390159709384637,0.3522291966998288,0.37648141470355795,0.5013854884975172,0.690443700305739,0.5990469314215477,3
0.6467596136297351,0.42777732899845866,0.21840512909822618,0.11274276331721944,0.5032901809497923,0.9134789961664447,0.7098667523208937,0.2274129560208168,0.805305972095091,0.7976603958967394,1
-0.2524458333847807,1.2862851136555813,0.07330053285878155,1.1966275282333996,0.4331601421959978,-0.054289063292353404,-0.29372038796338534,0.6990232535437814,0.28566425406679063,1.4030676705728404,1
0.7916870609388522,0.9265116636256479,0.9109618779690477,0.6629530140751997,0.34180292495569253,0.9005505968240717,0.3413757216290009,0.31182720135947906,0.5548634850995141,0.16931237475914773,3
0.4423244656223396,0.5551237029799835,0.6365282843427376,0.31961661922574175,-0.07777470365764522,0.3463471590985255,0.34955222627276916,-0.17009868848532572,0.39486238850862887,0.16322465265944636,0
0.47928321192736273,0.8279957695733451,0.12285569542965684,0.3066827492051444,0.5579647877082251,0.23052125439333623,0.9706523793580537,0.31641275236507194,0.7379935329564209,0.564309209906802,3
0.7136345933285911,0.3507770412751425,0.4851586605281472,0.49992337158801103,1.042669336883778,0.3601118580935796,0.7517812184811619,0.44337178167310487,0.5532174683943207,0.2517972495998744,1
0.6968684625170273,0.09233296683199209,0.6188139589381016,0.10024084111467935,0.7160178254145095,0.2759506368955714,0.6009853614356375,0.20381810535822484,0.5881392215593382,0.32108430846339425,2
0.2128627294363444,0.617188518416552,0.8430946920663807,0.025198317252538696,0.8245797318720666,0.4029120926373658,0.6793250216854178,0.6002035443466104,0.13398842172792513,0.34475056095216405,1
0.6489387688565306,0.015957327289387344,0.08223169911920297,0.8728005953589376,0.9373248915224517,0.1284784158343559,0.026551244792127397,0.5691687146377873,0.6860842538614188,0.41692303677334824,3
0.8695807427533344,0.31506942590427506,0.713081219460136,0.031125596858104506,0.8960245193429116,0.007923624448810946,0.8792615662009835,0.6535086394826877,0.2216076681492458,0.7538072391031302,2
-0.057012019506453904,0.5905801374372656,0.6115788860900618,0.030959293739787667,0.7580273801565094,0.24002770767200204,0.3879783252629881,0.8769904784429665,0.37238915533995026,0.12503927218587438,1
0.07823195256410545,0.18167198372115678,0.5406504428501698,0.5080639244270521,0.8363759176055625,0.3875883528896349,0.517750103619416,0.7904569592866304,0.35668244123322174,0.09535051200381647,3
1.1156644400522877,0.8454622618612074,0.5867043116885848,0.8074281185645128,-0.03235231650473554,0.378691906328641,-0.10068259771496077,0.7690287583343267,-0.036926278749821545,0.6660511375362901,0
0.4089178845321818,0.9244093102748991,0.06115811466548996,0.17445149049005254,0.7011740408203634,0.05286310465546257,0.8657380913312259,0.2766271354123781,0.7364769982818858,0.47106600957255906,3
0.14226427962181165,-0.0756078444588596,-0.061837375943378126,-0.282690789619505,-0.6054423762605233,0.1449047607926629,0.25575915262552695,0.9776196534326619,0.5482495757533029,1.1227810227197859,1
0.8367795256478023,0.6972651535792534,0.6664098359825296,0.8873771630209074,0.7262936745533787,0.1726500272465613,0.35558849557878164,0.7725337170890731,0.3273243051625442,0.5716543891150583,2
0.9565196189103032,0.023891081741985454,0.2095736457563597,0.4612692887304661,0.16264850423737423,0.10736388434774413,0.03297104912152058,0.07636156906282741,0.21789730520366224,0.8557285586143297,3
0.012895866354833762,0.6102393426958869,0.8077197076277294,0.2323490449017087,0.7308785496539246,0.6804416732913592,0.5290559529301818,0.08447064031057033,0.7816767216836669,0.022069632656026995,0
0.8405618888521538,-0.1414575213053208,0.6154129200459572,0.1321759813499464,0.16863074478529752,0.7681477357099844,0.27417845400628027,0.6733787394020291,0.004486750899833969,0.6794531699577532,3
0.7060767759634496,0.09656455986286848,0.1563907851076177,0.8983045153258644,0.8267031191715104,0.1448352580140992,-0.06323468890752144,0.6441015034200479,0.7693834924091361,0.4303472792518098,3
0.2996362250029718,0.7354530149232701,0.11040240360102423,0.33369217525806555,0.7003413895064048,0.2118444096241063,0.8859446557344143,0.422610905255277,0.7945332994162148,0.5147596846887669,3
0.23646652008943844,0.6300239540278687,0.8922462317695106,0.029431682400850853,0.8224304485076626,0.4201121996756015,0.7508951158006155,0.5306697970284228,0.1637361281153959,0.3149988796656393,1
0.2554803780292572,0.720127842871598,0.46166600575957084,1.1195135382305355,0.8131479667657788,0.2135143241074541,-0.09152620959858168,0.8877652965828483,0.46719543066499597,0.8951105912161679,1
0.5014487194668026,0.16736268602090218,1.0486823908941918,0.7431573423552501,0.6084350641909351,0.4726565170044664,0.34160070975640794,0.44859071541794027,0.5648648119759353,0.05999006710372573,1
0.9509751938022218,0.1269383248961275,0.9267238940696685,0.306745463092843,0.41913883940542707,0.3803849292613705,0.4480737259366015,0.5801940385278838,0.4358057672340835,0.36565455347373516,1
0.9176955399106043,0.31464649620018,0.6847555094574022,0.0010267436124032775,0.9214202798400313,0.02727499793153913,0.8576940908405344,0.629598646673871,0.20498776991041387,0.7480049967789371,2
1.0525730122104027,0.9813612645354323,0.5506251727842366,0.512797263728611,0.742652081892321,0.35262908649711405,0.5632609141550389,0.1060710882547381,0.8938068055429421,0.04717681222644246,2
0.005382428968894561,0.6164193199405654,0.8171905632647295,0.22526214708194145,0.7296334345832575,0.6820890869240672,0.5340315385690153,0.07519209594160206,0.7815413650771937,0.01605508788170452,0
0.3608482953553545,0.8865745914422791,0.6238091436551962,0.2896535387318278,0.18649146275630407,0.8568585459615534,0.558259287656345,0.4426159692565122,0.429542461529355,0.37988311233344174,3
1.014566952942292,0.7401384925549712,0.7829804043613834,0.6456295093128503,0.09101812821645774,0.47886162925702097,0.07411188405058868,0.7088884621313903,-0.030013510558669965,0.42204271609418503,0
0.7956764900874448,0.8761089865752048,0.7977648162576265,0.8231753194290573,0.9544621364486854,0.3258240040813624,0.3395689368738533,0.8287992613639799,0.2903137233941639,0.6562230413941241,2
1.0636511135559585,0.00647072403061915,0.47326426963596324,0.24860113155970195,0.31010234262367803,0.044210509276775445,0.32319005602005907,-0.044120337012066344,-0.04837935402368981,0.8898724431037655,3
0.3053947909435324,-0.519422506913192,0.7402513985239436,0.6317230778673989,0.9835761392698636,0.12376511639713461,0.049410552356812354,0.5823908781067403,-0.17115696280241188,0.6916751589971869,1
0.6254359644767075,1.1106144983253374,0.4908114856726152,0.8157728061004197,-0.3050663625172493,1.1944615289886489,-0.022158518368774582,-0.32371172086148825,1.2499585683560754,0.7824241213303873,3
0.09726569643741331,0.49930040831909406,0.9995118657956092,0.5612985602520574,-0.015341295298828658,0.008359914066801921,0.8139135447616626,0.7931640316952336,0.3798843390557628,0.6408816663124351,2
0.1490792478706972,0.44236623034554473,0.1282243417793982,0.8900492615879161,0.3750665884757945,0.6275663629133827,0.3233182856361099,0.8513476946291834,0.3537753692218567,0.8067218066133008,0
1.092152396431932,1.0872793178829834,0.6262430478246832,0.71013953710981,0.939510844605552,0.35105839387895243,0.5854060091633688,0.05206480407696037,0.8660394817791702,0.022990630130844916,2
0.407782179743594,0.8005446729703636,0.5504534793488078,0.3736226990032819,0.16923627573982852,0.8765337319121519,0.571484362958568,0.40310113791675256,0.35755139172343087,0.43098483543151683,3
0.8180935010880963,1.368100517344125,0.860679739230931,0.22827278227408587,0.16752235830802042,0.5773106569610622,-0.32088053831895114,0.0947062382946109,0.3126535612666522,-0.011397041165821672,3
0.06176434873514072,0.3845819527721331,0.3394579085296203,1.0286336821626865,0.47945733664035406,0.8204833459508427,0.5032629622366703,0.7018367687908689,0.5517299113661346,0.6620357451679189,0
0.6528125000909705,0.5068132014491781,0.5781371329113089,0.6808409206031122,0.08014666788084829,0.4999021257324276,0.7610613460517656,0.5213450316644714,0.5680816227343568,0.09881971614368501,0
0.2781189028017297,-0.030818655391972594,-0.281436363230135,0.5584814419866366,-0.42748664503323497,0.8941398346058154,0.2518558748358568,-0.17240804815388622,0.946663615982055,0.30299677811624925,3
0.9947775393349322,0.9955935586850051,0.6324745196787416,0.6254068195120764,0.6850783873584284,0.30862878419331086,0.6060936884308903,0.09297261138704369,0.9945188216942555,0.02274688554500256,2
0.16760462035775697,1.0071420499554722,0.6966808919335328,0.5219316402585178,0.8286139881599788,0.2525491803827742,0.9613156206784083,0.3853149530824923,0.6748879227831105,0.667544642936732,1
0.017370360961526762,0.42445181305777185,0.1885941925251383,1.0856364645680594,0.3692631573779287,0.6865490670308868,0.6826912402275557,0.500424766679392,0.8898804396943982,0.9359625604346997,0
0.43435292269697245,0.15163956879444038,0.9288794301286248,0.38510895705350806,0.6154972168247871,0.260429693431263,0.41256849773735044,0.4966137783209071,0.7428256934889131,0.5119461344011407,3
0.73109577292587,0.17126306960678905,0.8877207797289558,0.35816030018010614,-0.023587751331361928,0.7779604649595295,0.20067921974979733,0.5594288616461244,0.2650563077381617,0.7351744625926286,3
0.24903477846175937,1.148274043633159,0.9742559834632936,0.2582000822983756,0.8736973408072836,0.1917878668203078,0.82561358917273,0.3382744748805399,0.9702584146301603,0.5778500847702778,1
0.6208088993170574,0.5730654975663716,0.30353707394658763,0.30508248359684303,0.8035663145901941,0.33376679146162314,0.36908563514273574,0.08101572721080248,0.2290426950930073,0.208359380146562,2
0.013390906888969644,0.6154878667603412,0.8130187109362822,0.22860848583491006,0.7281496020799956,0.6795839083985539,0.5296798687015634,0.08263139468678637,0.7804037600703079,0.020741621304019842,0
0.8071703253003375,0.5851378851896208,0.7815659803303611,0.37325305089887767,0.633088446274528,0.9308244918480504,0.2950286125526481,0.16318975939484456,0.18953680731311293,0.8552633427551612,2
-0.21675364070500802,0.7547780790482967,0.27528313051333475,0.41768196105510846,0.6459385567518101,0.135255331170323,0.38242226024768333,0.3651043065850991,0.23435579597210554,0.2770033652231829,0
0.8522383735581854,0.9436142973419895,0.11717922491267843,0.7808540080765182,0.6108351899111597,0.32464856652099006,0.9508076798505525,0.02235951842840023,0.27783327955200166,0.31750265731248184,2
0.7840001640621985,0.5776014410871184,0.7767087939159619,0.38228904312389933,0.6540756775158663,0.9430504197421795,0.282956267759422,0.1552284123226768,0.20861245300070802,0.8764383586930945,2
0.9889933324754832,0.31481365263498173,0.9026084727119209,0.49803864723979757,0.06358397639294747,0.9632001678275234,0.36778986982364736,0.12795933150054867,0.6948977162534655,1.08708646918744,1
0.30671612156309697,0.28543070420545313,0.6332441425110281,0.5712688102002214,0.20227403065101807,0.6136321629420634,0.7823398071881318,0.7259810426495085,0.3320183278792921,0.6555087779909651,2
-0.008410481219878724,0.4633922680050353,0.9741759741440689,-0.09359972666914429,0.7212435696873248,0.47739632057461356,0.8630209245039919,0.7476224862809762,-0.04193880224754118,0.10151942821722565,1
0.8223751995606292,0.6104812506818525,0.7786242532483078,0.3893331677059515,0.6521683914539568,0.9670392004631303,0.32574400613249266,0.128555492370418,0.16387472633925745,0.8716683934680959,2
0.2980252643469369,0.8917392059654397,0.6502596347891874,0.40428149800922114,0.7732923322716977,0.42180842433981824,1.079054584746036,0.5267005980499357,0.4804084596148569,0.6195881959949305,1
0.751742079682106,1.00330171662474,0.8922915973809059,0.6899532040837925,0.38277189965030745,0.8294811386054536,0.27849056723402915,0.08556697052594084,0.461356727321353,0.17639602857700115,3
0.8137500879734636,0.8217685055007775,0.3481495989557412,0.5616030555720661,-0.025076404922781542,-0.07338636570606223,0.5116963058367746,0.06344386720271045,0.573692382346281,0.8563030431019675,1
0.03195296400156594,0.6886177942673097,-0.011744436005307522,0.16058180802545494,0.7610081710203342,0.3481403552366586,0.2665091418543033,0.3253314690478289,0.08932100116112118,0.5058110556318419,0
1.329755663713803,0.17474589166966042,0.6365565155534592,0.09777408865021925,0.7798911703761469,0.07552449332699457,0.24591086057618053,0.7447958578782894,0.36242748244785056,0.11261840262355888,1
0.8252905069876,0.8663484213438052,0.700982108370538,0.8198821425851426,0.9606239265362972,0.22694917552860128,0.30457030740062957,0.8311731607766075,0.32635566825860046,0.6822438900232005,2
0.8342007276947554,0.1440660215704042,0.3324732222320121,0.2139496067374067,0.7529008399272907,0.8868544542953012,0.7613392094171944,0.512044764827292,0.835020862627607,0.11486271376728899,2
0.11669050667626266,0.6212305650490307,0.03713893870032149,0.1921715989421793,1.0216471432680216,0.5913080185851805,0.08215429776677852,0.676198504077377,0.11942460322793705,0.6590654917669988,0
0.8308192602310386,0.7079391051596848,0.31018371542549694,0.6767266136227985,-0.010248356380673312,0.04274446860258201,0.6635856382186941,0.1796664914979289,0.28031401608586803,0.7167730840981499,1
0.6440559089818972,0.5469450525130742,0.09890177264290854,0.9401437192436717,-0.09710210226003735,0.2721573972603721,0.6733347133585458,0.18215952866566132,0.48500615690359655,0.34794629737209326,3
0.7197169044516697,0.24284172299982792,0.9126173307300643,0.3776425597908987,0.6767206636523629,0.3548927053197029,0.3146977287481425,0.007178422283587865,0.5367907726739423,0.7837003466048277,3
0.8298386261774071,0.5199529693512759,0.7798942675926497,0.42809085243028305,0.6732402155233662,0.9177406517222482,0.2942937591486009,0.1101488682015168,0.1802147357728755,0.8269176216599825,2
0.9237729006309023,0.7621882383010321,0.8208075266111619,0.7635620622676316,0.9882425352287798,0.3673638069160794,0.2762383544816584,0.6579768426578049,0.18557489899325202,0.5352471542522672,2
0.47901594655381524,0.8037861737098753,0.946660239477221,0.41090559012537725,0.8202679797178485,0.8982970019315188,0.619747855720029,0.31283919359172624,0.7545518257441295,0.47919732400068316,2
0.3444589718558805,0.9316376257381181,0.07442190285862396,0.3333651165813071,0.5311254685259834,0.211775595071526,1.0184472141128056,0.28720071333522174,0.7523979673646257,0.6136816184515511,3
0.6159123820382282,0.02449561530722707,0.7422622925279745,0.3532675890803022,0.202088441773852,1.0470483032376976,0.2867061425749794,0.5727248677378158,0.3107355333771213,0.7997688232332131,3
0.7823190664946966,0.6452974319953959,0.42102251597939816,0.7125777076369878,0.17706096631767443,0.06090431247447234,0.48878769414692774,0.22548931122889174,0.4049780545723449,0.6894158003472908,1
0.9616692673872036,0.7221099784668559,0.4123912508404616,0.6212945809109299,1.0216853776860124,0.5303713620368271,0.6918909769972403,0.31067361949892625,0.6574269191881761,-0.16256486337251375,2
1.0309493245199335,0.682929585796976,0.6845281751109039,0.5812250658513258,-0.036403607228253365,0.17651143858647217,-0.03304351017956486,0.7745390181467011,0.30552694484357434,0.390814074502169,0
0.49336116668610486,0.2817984176854471,1.2236483271347942,0.6291932196972582,-0.21639259073376052,0.23525432024725365,0.5054499263819758,0.7201039605638083,0.18058324248606178,0.7832648693295189,2
0.7436448686479773,0.6173621095722469,0.4641960228000148,0.9367458639602104,0.5572657226366518,0.4847131675845396,1.0817081145731775,0.8461094160116818,0.08966988533511,0.5894395759964863,2
0.18075160234668736,0.48276577795583336,0.8831418231319891,0.7782091029618935,-0.06665739029162195,0.129315548151818,0.7630463982302946,0.6622766895587119,0.44322755390059737,0.7873399547275242,2
0.8226257713088068,0.577936486291987,0.6888850387601805,0.40376519515077164,0.5201341505145927,0.9491142592001055,0.31276090920692595,0.13358768725139591,0.17095654028728074,0.908373949400682,2
0.02877428815231318,0.6271535844474768,-0.03543575790101329,0.2456108001395362,0.6871613416038823,0.5363359691705626,0.5233097648165651,0.4013460523904604,0.19419701986923082,0.45561564286889916,0
0.3407058238735861,0.045084721969831876,1.1071377638855082,0.47332888957039043,0.6056269945783291,0.4213452316088469,0.2953373727273206,0.4854402539719227,0.665636404433202,0.6365563025275872,3
1.0793923894557589,0.8288911790746056,0.35769050498975974,0.5817784761482652,0.9686118076774592,0.38549638956097043,0.6604041040942942,-0.2346686216784168,0.7995185306050872,0.109891035539102,2
0.707033605284101,0.10629539657811021,0.7887588296108327,0.32876749697737423,0.22663303230701154,0.8914907188069351,0.29286878199962924,0.364979643355102,0.1273797835360923,0.9291155427538281,3
0.8791883377355896,0.7051504489642647,0.8463873140920009,0.5322169156137584,0.36478618261438656,0.932081899729919,0.2327643370018385,0.12045241348468283,0.9402283947045782,0.9649480859919901,1
0.6646266312714794,0.4905643235191366,0.5984878473719482,0.6890852254160372,0.051641083187212576,0.5265895052018911,0.7404315128053974,0.5234072763004587,0.555121847744992,0.07748103862279408,0
1.182126738343608,0.07823376698472095,0.7284900749228862,0.8660645333471624,0.6298221274208488,0.8000259122170434,0.3053842062493157,0.9919200840764294,0.5019388910175162,0.5139079382423766,2
0.41213380671375316,0.2274953151635154,0.5976217745014656,1.2162622644131806,0.5305980683681222,0.9672380224083448,0.6262651445284196,1.0369171442970595,0.7855881724111113,0.8526293477992951,0
0.8399606599539584,0.29700202016004734,0.7418735590978209,0.03308700432247247,0.904751604073529,0.04953019549328657,0.8823153313476358,0.6355231692360513,0.19807431462352468,0.7753106624849119,2
0.6922904445716007,0.9954816698582212,0.9222793961542604,0.7060017431792688,0.13571596510091494,0.6648377619140245,0.485052044732751,-0.07394739914283355,0.27936425743387494,-0.07680337811811647,3
0.7322602812563274,0.13773409182563423,0.8088927566513666,0.2363672246686713,0.17737664072321674,0.9847758693851318,0.10581598865657868,0.4196258793611437,0.15093396616497498,0.8003203667718811,3
0.5071981149978444,0.6988248764561942,0.4739572931882893,0.9241770048706367,0.6427162730465705,0.41619163006803106,0.4070794928373265,0.5047079951916785,0.5425290346526652,0.7414869289146526,1
0.725038095908684,0.7658451933656043,-0.03545120545601521,0.813680242481154,0.6757710049172034,0.2733645301834825,0.8315082842248535,-0.058284794617600985,0.3079048146441385,0.32361191576538273,2
0.04059672974590161,0.6746439368545011,0.04596629087986029,0.22891008653597095,0.8510301289486691,0.4184025410710988,0.3634959127552439,0.3680902613313002,0.18468063952489558,0.40400775395230987,0
0.32333412303596837,0.2501188172472,0.653618787723749,1.0469523859725012,-0.2902579684505801,0.4265052309018201,-0.23008860196993322,1.2469640760124143,-0.15239322400392258,0.3066467772140147,1
0.8794907035433033,0.3150096796987287,0.7215152064084687,0.018388111236584556,0.8246235009632313,-0.04020379145980407,0.8507583427629495,0.5892257946521628,0.1561646453011971,0.7015680152269435,2
0.5692958257266908,0.33224831049508313,0.5901427427220809,1.016464337707068,0.2546219541935896,-0.04707677045433026,0.2168960274056072,0.9207190553823056,0.25320483007071337,0.36106110592811086,1
0.874323040505547,0.31213995893724633,0.7148276855793065,0.032907685961966436,0.8921663951002582,0.015821239483592594,0.8722192330640882,0.659006374172952,0.22392447021126716,0.7582272863928035,2
0.9571541080062428,0.020514710343249365,1.0747201296996463,0.9967884578051479,0.24868644246247232,0.7227052432498509,0.8578007318253961,0.010337444348818238,0.9513323277669319,1.581482311921136,1
0.3803564578037998,0.8325374304036981,0.08727850357608502,0.3643363885691451,0.5936333431878218,0.22221577188407846,0.9399490175703233,0.38691755437955716,0.7053014229596738,0.5624912232304303,3
0.8995044106137167,0.10783706310202888,0.964467891519925,0.2635994832300831,0.5043132428678414,0.4681637682987724,0.3792437824422495,0.5108994986076165,0.4063329457994166,0.3416316064458228,1
1.2070190181406093,0.33322394675633527,0.5694924039895946,0.31780639813169687,0.07306347512780853,0.6948261287126761,0.22789408021817667,-0.08948336003731526,0.6240988087028939,1.1065293741621622,1
0.8685174905720306,0.5884799780395382,0.33724586878857027,0.2551884133218707,-0.024548377967588436,0.5576051887218649,0.46529332569056087,0.6030444094408678,0.3118667875681083,0.09197878255205791,3
0.056812451386173725,0.576425428150675,-0.01580586308068784,0.2048495705162361,0.7389934825389779,0.28366528082988884,0.29449721282704766,0.31190231837474736,0.09502717970051877,0.4346015705956672,0
0.7094237516813591,0.2527518244771581,0.9413598743098545,0.37087123707920666,0.6927345167127101,0.35747787296694866,0.3321357760503642,0.031870419354132644,0.5569160892189571,0.8014974439431901,3
0.7540954743211654,0.38752891339704487,1.0085900740140008,1.1320479039332891,0.7072145831366827,0.5618927531729463,0.780558618137285,0.6666802867897457,1.3135852024103265,-0.011272257124829599,1
0.07760127756786067,0.37930832292679945,0.32570776018806724,0.9399570749231707,0.4491348923888892,0.7794435560861052,0.5096846835819396,0.6787557826402981,0.6129064168545267,0.6480230930123186,0
0.18018583592277257,0.6585102146965989,1.1052460602366465,0.5658776811282342,0.716372787936955,-0.11274149658878763,1.218431806287651,0.07917910650026794,0.8356886796569984,0.9080883363326939,1
0.7755716134681403,0.6101504425704841,0.8137249264626027,0.38208941425647985,0.6971586319789765,0.8704328676974538,0.29713654053235844,0.20145885621044854,0.22925895222414497,0.8261669555733926,2
0.9594389317738299,0.6373585874961114,0.6290417489772616,0.5840345954598621,0.8774405743696325,-0.027076107396502236,1.099456623594019,0.907834853764099,0.9085577458634472,-0.15273971017579602,1
0.8119913272425286,0.03243420734970885,0.7357557473336946,0.1793020210699926,0.11258878202473913,1.031755124156767,0.17581592099689167,0.4759047089754719,0.28707667877933474,0.9743247291453331,3
0.021613833294677583,0.6555301967410277,0.4374693845300224,0.07453153603287564,0.18843089934186286,0.565308167552872,0.2599011305330054,0.523867901201531,0.22805722000224254,-0.015891883250333,2
0.48976958498168993,0.8311668304561493,0.8958322227315537,0.4969082003195394,0.7681929451983172,0.8246952357911872,0.5442871125460914,0.3595697192660426,0.7460187206977492,0.47498136514867345,2
0.049059943309736974,0.5523082204010106,0.22403317591468436,0.07710473798298985,0.4544303247228274,0.5702513155343555,0.1092865387668514,0.45754806456770547,0.34820319713649417,0.1978915185294833,2
0.3154427871967397,0.5244449393912258,0.3683038128526715,0.32720613048454467,0.04416206012024161,0.509296792985995,0.17043234086398049,1.014465753699208,0.06875756463914653,0.3589348282927712,2
0.46709555607531283,0.8360537111400639,0.09237089610443011,0.32120044435020756,0.7027626517917891,0.22814133419935712,0.8179946661343056,0.39383233794033673,0.6602323976701957,0.6451838177351742,3
0.35510589634607703,0.20041506423494812,0.08626256109136801,0.7021628633062516,0.5503957046382709,0.30208576525145736,0.785239169605248,0.3356894826524023,0.027500675512003848,0.6265655343057507,0
0.23714612669913088,0.3357347810263918,-0.19438456911964228,0.5410563891806699,0.5725846248781179,0.5039054313630302,0.28928829768078795,0.5918589926811035,0.4676105939094511,0.7173721406779879,0
0.9420710050438943,0.8834007805899575,0.0384971564043894,0.6044953616217208,0.43879607488389394,0.17622290245068986,0.9514402992843415,0.023446530048690864,0.46040795877431645,0.3167995496764778,2
0.40152891924582923,0.6056149993841884,0.26011503278548725,0.7140652438834856,0.9709501794291387,0.532976944383006,0.6191616482191766,0.131951510018539,0.31380472447118546,0.1743098383945392,0
0.27173039559609957,1.336412451110928,0.747763367804253,0.34093010912035754,0.1533800844968857,0.5067726196637222,0.45623616759256824,-0.3820494048004247,0.7791866319827099,-0.4994895883584958,3
0.0786097645599735,0.36680790398124224,0.1333419928755351,1.172995086559441,0.4279186602343252,0.5547068806610641,0.7596294227024057,0.6099864282041132,0.467779318997677,0.5998297385910595,0
0.8532470160746085,0.2821493378690627,0.7170700556779025,0.03361631922991964,0.9015490183150533,0.03346923606453474,0.8755621665686187,0.6827167885605291,0.20566235194499988,0.7502677631771922,2
0.03547870392616603,0.6023505818258256,0.01593563246540325,0.27232225983316766,0.9352698045327461,0.3645809293649176,0.2933353082075996,0.4338803508431464,0.1857468507700177,0.4456410265668456,0
0.6646830754982943,0.5599792603761874,0.7071315208090335,1.0372673574276514,0.01971043920887388,0.037157423714103716,0.02682241566521526,0.9751385414582467,0.2041967473824141,0.40832985828063273,1
0.6366278987775471,0.7144688896585196,0.2613096876127723,-0.07620421439372549,-0.1724835572044634,-0.3095633286728867,-0.17062249649448435,0.6406116964181379,0.827533609776932,0.17750091288387945,2
0.0744540639293419,0.14215828683648626,-0.2564052636423226,0.9236679851538867,1.0246181307941833,0.49707976960113737,1.1507519232410386,0.06221165310554494,0.22425485872115938,0.37813341005923495,0
0.4336842591490699,0.6409052881219159,0.7592678442652271,0.5227310808686167,0.8397110356461633,0.5306490366281,0.8588453367514464,0.3009805756231196,0.03741577339123778,0.8731746078203061,1
0.6284037441650641,0.49809265436091893,0.5498778201311837,0.7226519614727894,0.014735983398644022,0.5286427559398389,0.7566440001504692,0.5089825958050613,0.5019550952213329,0.09639261687286756,0
1.5179518540810557,0.20804685677847917,0.8138610245325083,0.4224093979347692,0.32482803332499305,1.1180266634451226,0.11097389879195212,0.8362864362269904,0.336753677631684,0.2438844229619346,2
0.8924516079937793,0.9957956484069778,0.4973670842925572,0.569937356685504,0.8399865430209035,0.13190270518714042,0.4633302348373548,0.1599961575838169,0.993020478312053,0.136561034853606,2
0.00990130938136171,0.6150851084517078,0.8172995392687168,0.2273311951370433,0.7286228807528224,0.6757670945623788,0.5294538643925072,0.08449619910815608,0.7754672794429237,0.016732146151442775,0
0.7149451747581962,1.0152531518381833,0.8035024745159548,0.6242077514210885,0.3238712361371158,0.8875868848539816,0.18860844035133725,0.2178600978054633,0.5619823624024239,0.10893039124380377,3
0.7157339003585055,0.26724023996129015,0.8979744924460358,0.3782790884407794,0.717723653296305,0.3722503688204991,0.3622054089002037,0.03123330816680005,0.5818212495658721,0.7557965064772418,3
0.46572498869566215,0.8130683652128448,0.045450236594285945,0.2787758681307555,0.6659365167435268,0.20842986955100987,0.8877248529290919,0.38707380423097326,0.7148118584754876,0.5873456588095552,3
0.3378187113697759,0.9470587398724383,0.024205324944972066,0.19101812646968114,0.6261202308794814,0.23756369607252875,0.7996774461430246,0.2595452203848408,0.6085145063627709,0.7045592135923251,3
1.0093700531584944,0.7811730951401098,0.786020106141929,0.6445264892544605,0.06822745544175922,0.4326715313058889,0.1112062719109605,0.6610281213075104,0.05094339790023037,0.4562380245724865,0
0.869517804529651,0.24549562858868393,0.7607070473015478,-0.02507559029834827,0.4703721218142173,0.6815268078628005,0.17022645141531922,0.3962530660104074,0.2358686590768516,0.025248179791676706,1
0.38230553963117436,0.09208338522447373,0.4482495924918315,0.19304126861618232,1.3037760373669525,-0.4329769337650553,1.4282573447468927,0.04192073558620224,-0.1343693375347471,-0.1955653678343553,1
0.21912298592964552,0.8717608304744301,0.27376918126468774,0.088483349679465,0.6395148847711558,0.16685664839701878,0.6516534340229381,0.2849954287394054,0.14931261879560834,0.6598064787481206,0
-0.7754344202076192,0.5246998331825585,0.09546844995090162,0.13765817222130872,0.14662280017486218,0.458162382070141,0.27650276669540874,-0.310229905534819,-0.47190963721654344,0.4529301135276832,1
0.15618367319232745,0.9431509058586153,0.7880009540627579,0.47243395360401924,0.8818352426568041,0.31239191013271833,0.9272917733841486,0.4195686149778927,0.6410330178075156,0.7010532701868886,1
0.7415258033475743,0.20350506860577394,0.934096052830566,0.327837623930714,0.6958453198608122,0.43717475254405913,0.3848311161899532,0.00758009948328742,0.5202861107931044,0.7889705132393184,3
0.6805906501731923,0.27801315410721295,0.8788949856618777,0.33752784833013905,0.7130203312896795,0.3568100095701903,0.31800291600915737,0.02198455477685791,0.5779522620929144,0.8274254829050514,3
0.38289346511001926,0.8485328755965704,0.0668181800062085,0.26440644083850623,0.622711147911767,0.19809353331845145,0.8753711302865459,0.3194989204128569,0.6431972805880699,0.6407535572469404,3
0.8137621351875212,0.786772852199078,0.7776758210618367,0.7726939454165747,0.8732293055439518,0.2936795607085587,0.4046534590101707,0.8017300210205669,0.2787216895232443,0.6615508740647317,2
0.7478343331636345,0.201850472695431,0.25893676402947907,0.25526481695655995,0.7822054684839354,0.8978904812966908,0.7428835900080172,0.5284861550900003,0.8181850692881958,0.1270548765610084,2
0.45390188510029295,0.3042312204897119,0.5130688630316486,0.676621391954252,0.3038656395431978,0.7647756043481445,0.8254334892467311,0.5809087390118064,0.40431640091730653,0.7235836422805056,2
0.6375436016443906,0.4962724671576736,0.6210585878736591,0.7000612756136805,0.05887094937165614,0.5138210398191106,0.7273980911119206,0.5262971955979803,0.5465140062938548,0.07985005133285451,0
0.15129503744497874,1.2488379566256567,0.45121360030137947,1.3899072938079402,0.895562085197895,0.6001767837794927,-0.04890382813380903,0.45776772566896196,0.23934682510391353,1.094931953120392,1
0.9485250354366737,0.47592133538591314,0.8082721863157268,0.3621475571520777,0.034774059172332505,0.9077040037236542,0.3813484510298293,-0.04645628829021202,0.7131275292110867,0.9209996590093441,1
0.9728732175662835,1.016603811405252,0.6068267512885774,0.017872304484608696,0.08277654377444026,0.19665844450758332,-0.005262760126725843,0.7850501629687385,0.9672860314414424,0.7006071394790067,3
0.8271527945117837,0.35697693118150753,0.9442303476558276,0.39156519110532934,0.1730958489829006,0.6136242350765941,0.5178515572508385,0.25792019432225555,0.7128335426189593,0.8965938230259489,1
1.1624957762362849,0.9449679889269791,0.6033179826659955,0.6034892026281874,0.1359904965022018,-0.036424265798465916,0.28929948433311103,0.7649660542751646,0.16358906940773177,-0.06232275152044464,3
0.24282952174209213,0.4718158948817776,1.0604646449303405,0.609192887447445,0.13361306556439953,-0.03483900163333964,0.8070989716748949,0.5698611431787199,0.19492301204391757,0.9313245392359251,2
0.18191132015207007,0.2829295781905002,0.41311127200513026,1.0683071405241156,0.43236768509827855,0.8385251561077991,0.40687843848258254,0.7794072159471204,0.6321393050275413,0.5634031465472027,0
0.47953323292028627,0.33824253755049305,0.18374984554047563,-0.2719698050176758,0.3682854588790947,-0.3466990947869858,1.089639915992647,0.9900512647287677,0.9969814246192568,-0.007776853467003048,3
0.3678036188672658,0.5098261664219299,1.0218858296344424,0.6041460663356983,0.09606553578582482,0.09786419750913213,0.7874389386897019,0.6056685169346907,0.27594726439253275,0.6683428010720471,2
0.4847567707534045,0.2082738409007241,1.02681723798444,0.44429698432258546,0.6573999219390336,0.2923457955641786,0.33720671718472545,0.38974581756408067,0.8043098614733292,0.586810595314357,3
0.7832699984615629,0.23892542144324602,0.9826215581603235,0.3105280243360497,0.7066021829792168,0.3783029652309919,0.3517694547105556,0.004305595544905699,0.5474697343970936,0.7759329182710453,3
0.18131509634205956,0.324804090426154,0.8442413797104654,0.7652333065916693,-0.025063438895879926,0.05026043701992672,0.8973686060005237,0.7348988495892057,0.4925977134111599,0.7976593751895619,2
0.9772533399486326,1.004250603948925,0.6431953398661728,0.004318506893361949,0.09688127718074825,0.21875519185618528,0.02320526967856623,0.7496322229299719,0.9821728631755675,0.7015899820634308,3
0.6215017506635304,0.10151505506470479,0.7537892273570759,0.3717385721661541,0.14169911239915514,0.8212064854417547,0.05791519159984207,0.45485344830257374,0.22768502669266824,0.739944537796747,3
0.7009946349545748,0.8061140007122535,0.997848879912495,0.643474267172669,0.011390703158727894,1.1190979189762158,0.4265448941113161,0.5952781267349202,0.37146766180610113,0.001477057758000777,3
0.7689165318056617,0.08738021992562603,0.7275299184781118,0.1822278559108489,0.08196922781162887,1.0074345150793484,0.2347193378662167,0.4939987699412308,0.20399697809093476,0.8873277891969837,3
0.7907885780660792,0.5870727813984123,0.7851025203522168,0.3789713476083918,0.6389439822963895,0.9267988403072429,0.2843744611181332,0.1566819852101897,0.19269723776238015,0.8670576680838821,2
0.014638379260718721,0.6120517829369394,0.8129499192811357,0.22867757264971636,0.7299666853219653,0.6772390835775715,0.531417657880077,0.07979118396549457,0.7778667988154138,0.020526839369693038,0
0.6458651544319138,0.2175944498534441,0.8958888407831361,0.36337453681172954,0.650174839600513,0.4062814795460108,0.27028634867055007,0.04042669019798394,0.5053593076471541,0.8089098643457793,3
0.8747766224809539,0.3055309486814324,0.7114793389760925,0.03848651365749043,0.8963798928030429,0.009792938166833914,0.868589268383537,0.6652566772445195,0.2214502696306863,0.7552376498479573,2
0.07260919813830921,1.4533910225649915,0.7616865638589618,0.3493300958701917,0.4065261632192979,0.15040579953159816,1.0213119851464307,-0.06970605253869339,1.1453461558399745,0.7006275855247922,1
0.8172888865364079,-0.11169856954554402,0.1613672550927846,0.4654131473562233,0.34288595802160415,0.2050509077648734,0.21413910064102804,0.083363120678612,0.2770634593634032,0.7358756877771228,3
0.3423810419067622,0.26981209536994244,1.0418212762511387,0.30111233305635654,0.6625281598369699,0.3455865349133355,0.2974936742779291,0.5399167178373092,0.8352622787892895,0.5838807103421646,3
-0.09008557563621375,0.2856438153918417,0.30598547605174864,0.3142904398068946,0.31106116527009775,0.35782788035146385,1.0211618953425905,0.7780991154376834,0.8861002040292395,0.5971880516611586,2
0.7789987352548051,0.5670321589248906,0.7934948125004754,0.3790224358642501,0.6462859367123989,0.9456527340232297,0.31256462366893345,0.12642469219707655,0.17314319452571064,0.8350198334730087,2
0.5814007756612813,0.017140994896247944,0.6502926607832479,0.17022335810577188,0.8054268202849629,0.3117052911041969,0.5478782172014952,0.1519730745719031,0.6504060244828201,0.22135205622652332,2
0.6244060650444098,0.7855052574923265,0.9991343047763214,0.7219533874400642,0.39771431423267806,0.26734021475308084,0.19499894227180734,0.9160995309997185,0.7921430370385318,0.7902735865755784,0
0.7991577155245726,0.5879501488848202,0.7716380683684644,0.3791852417485417,0.6504719275411647,0.931324549127408,0.2776892406792518,0.1571725088526959,0.197070435882672,0.8709856018789456,2
0.47544180784789314,0.8938572103690378,1.0244870334860035,0.49857929244835436,0.8007828611180251,0.8307055419214915,0.5156498124200837,0.36042139254440136,0.5801596746011348,0.4791072290506818,2
1.3751313104425418,0.28440184177742384,0.4526951770189951,0.19278041967047355,-0.1045523257879234,0.13743491780565226,0.03727712350731788,0.1400382619579515,0.07083887458431515,0.7994564589013162,1
0.3000995902505222,0.4951464222800461,1.0807301925978954,0.6642881237582082,0.14872073038512074,0.291030786246947,0.79023399833537,0.8017742025369755,0.7148483013522413,0.08219547617482485,3
0.006518569468249698,0.5180174802841824,-0.3252893518630465,-0.17358021290542874,0.6369100756308779,0.11326206059818622,0.10737048154436124,0.3797876577776663,0.5725927684185625,0.6736645103790976,0
0.2260016106692619,0.446295911103695,0.9721700054986679,0.7584571417816068,0.037898706228036566,0.15328914296622204,0.7592405571232136,0.5788770833025045,0.33368410388087394,0.7988343032403594,2
1.1253421561371293,0.37229620401332353,0.601026372692909,0.3597267338913432,0.06102471570499707,0.8516019179262779,0.5646359064770532,-0.05539028336660141,0.6184953319573234,0.9768728388318106,1
0.4866733544377395,0.5569972169715722,0.22936573288632336,0.6987508292504337,0.12166318421630272,0.3206146482232569,0.809906289018944,0.3706369323996953,0.6934327756266724,0.22312267371417768,3
0.08124074143944035,0.6731546379442195,0.09357606215602848,0.21803577015085632,0.8892532991492086,0.37212564377825796,0.33349608804013314,0.3296527167378682,0.1442500025271244,0.3497151647226696,0
0.6403364732316579,0.4233902312924818,0.4315344324791578,0.9601583795172174,0.3295944239202941,0.4509830249298603,1.1135902102829152,1.1053863669023196,0.6095091298701478,0.7622558990035071,2
0.7086359772666654,0.9247180366893402,0.980021278673979,0.7190290746274235,0.476662801450779,1.0161596107091206,0.17701171412637992,0.017191527120230088,0.3951825504434132,-0.07734306481104611,3
0.6448309229202027,0.24996834411624022,0.9918611582153132,0.3298168460315776,0.7472586866393011,0.4180281991099899,0.2665373032371242,-0.039473314146275085,0.5612416110818739,0.7173272089011785,3
0.8317464507185854,0.16028244877285097,0.7162689430557713,0.2618479137159471,0.1628210122090155,1.0225107519117327,0.13586743480064636,0.5409634380652313,0.09125145066864311,0.8343182286065185,3
0.1822220249664306,1.0168717003300567,0.6988567321610335,0.5408288855038962,0.8474944315399603,0.23127673729453,0.8967662837294225,0.41009500521529946,0.6568670001624207,0.7004382460980689,1
0.6743710706069462,0.4932869757588877,0.6238237868768769,0.677082754178973,0.0647871860621684,0.4875688271253446,0.7321015592328448,0.5234434716801705,0.5437899278804875,0.0680800114442722,0
0.19160378973166928,-0.11886573263695294,0.8146824916211436,0.28385862841497084,0.021401136065240564,0.22384122879609797,0.42582172985998945,0.33749258939350296,0.6319850257841866,0.24755273321096827,0
0.039813552967298195,0.062439277030643295,0.6900220072129721,0.26929098429993403,0.11508360075822739,0.373054341048159,0.6584614541363291,0.3821968868251843,0.46743149784512233,0.2287956946115265,0
0.49728688783946584,0.7559101008320857,0.11032717284585705,0.21457634395022213,0.5862989360758127,0.12178883537423968,0.9129849563864959,0.41785176887974784,0.5826150393316415,0.5724333812897133,3
0.3242800618925567,0.4619316697582455,-0.08904500773393656,0.05926291189094976,0.9088511103312978,0.5128816761784196,0.38578279128804116,0.5377860643071639,0.4465050726224099,0.3770473981952834,0
0.7350245095011833,0.055205480933723655,0.7465649261130173,0.22990546593475195,0.09173944113939933,0.957585117898732,0.19283845357925547,0.49131644534013574,0.20754933799987907,0.8774419724774366,3
0.4237860777043879,0.8544947006471217,0.03228031893420086,0.25503142820748087,0.5680781250547252,0.11874902473353163,0.839840038441403,0.2807759226387535,0.7190158517675591,0.6338199893927573,3
0.530327853549451,0.8064949819450093,0.8557607109255436,0.4366775341223132,0.7943665964809099,0.8129994789284167,0.4962582567545976,0.4166160261044875,0.7268503905119914,0.496480991003334,2
0.6680098874946482,0.5017081936422293,0.5998507747823734,0.6883309193519188,0.06394143738919922,0.5113793693998462,0.7443248852531829,0.536170481460883,0.5465242536319035,0.08871611254264619,0
0.8255948531286543,-0.0156385400952197,0.2429296073070723,0.30404173638555093,0.5737486984660063,-0.22646666619422978,0.6766278475528922,-0.39015407181202,0.9990682483259319,0.6187194790332009,0
0.036642710070926704,-0.15154405729779302,0.5338052736869375,0.5828302882163818,0.5577755574852217,0.6724380895695755,0.7066453922858096,0.8921871703745429,0.5980703336913716,0.45178039820962945,2
0.06894879718368983,0.15611303313800634,0.5414453845774231,0.5160617016790331,0.8879615849050728,0.3202737861096381,0.5497656282456346,0.7452048936110408,0.38103010961358685,0.12014965846405315,3
0.1527677019642713,0.5223197929150726,0.7839383930145152,0.019069496650681545,0.6896082603013495,0.24513727595673807,0.736386329765796,0.5246719416650232,0.09089084073781364,0.35053719336480316,1
0.11620585340713233,0.494622342557453,0.2762989411040166,0.9433052291471774,0.49123670932161406,0.569091737985685,0.5934808433574976,0.8068388879853292,0.4759537821403318,0.921058566134926,0
0.7198365127770533,0.5206068693493011,0.44767158256849293,0.8725859816747543,0.20019321116485375,-0.042938733926757774,0.5400402320292769,0.06980744370251185,0.45459385696906107,0.7361173320517153,1
0.6051330762333667,0.21521395500905668,1.2273621630179135,0.23197858332605495,0.6720094274101127,0.31154279685054237,0.4371354464837766,0.4553618766934856,0.6010892990652809,0.5094007324440399,3
0.7951733977351247,0.5755814886887256,0.7774369728221572,0.3841167078419904,0.6298505855643192,0.9222734217793648,0.2902621798178702,0.16734173423106338,0.19577492490429318,0.8508811131095253,2
-0.00427629990683287,1.0204020679886208,0.2030519465463665,0.8342014385364726,0.8669865753629535,-0.0328554934619629,0.1496581331283898,0.7595716787119621,0.2962031421384259,0.8394416228170667,1
0.963994250182939,0.07467979028749441,0.5237592943551145,0.9107737104742069,0.6702382176968603,0.8192730145285106,0.27114979935461136,0.8641190158124851,0.6268016732043022,0.16465194703547292,2
0.16061715983851133,0.08275859967316926,0.6080077728047641,0.3988318299162853,0.9729150393924609,0.28349824473510354,0.4158733806347029,0.789033646022271,0.30647089964630225,0.03557552666285932,3
0.24776679152243042,0.3490972781010405,0.07171103266563045,1.2939442210360825,0.214152014055829,1.0433943630576625,0.8062901178183111,0.8321700897460815,0.7320828489817253,0.31781335144287615,0
0.7307112047626917,0.03830275045177439,0.7235462379700911,0.2443913590479629,0.08456897467518963,0.958018362146854,0.18505394434121838,0.5064458800970558,0.1811987874637747,0.8848954727248121,3
0.8633868414672315,0.3224508326939176,0.7076969250193629,0.013178487899476496,0.8989665712973243,0.022686518609665363,0.8545127932878558,0.6603430952622781,0.20749296555696983,0.7730496079747425,2
0.6105884683575954,0.7434712637525722,0.6051186010336205,1.0012813256206161,0.24741165892541067,1.0919806842452275,0.09675176218546147,0.5723874532023083,0.4786885674712097,0.18513388647880658,3
0.460083937114654,0.815123383417732,0.078235468523599,0.2552229793654689,0.6603167526720076,0.12470885465612319,0.9262886126424369,0.2980785365763405,0.7003299369159808,0.5878743701029749,3
0.7967881710105716,-0.010046600473627196,0.5096614241598123,0.14733659372156627,0.6753745502002707,0.2519496599642363,0.47589277586684786,0.39704025468662163,0.7615568749140647,0.30460697112541063,2
0.7448620321524795,1.3122398035868181,0.5272105541801493,0.9583985327599207,0.8442955470809417,0.9203790352546495,-0.19711232248551297,0.33925786949861847,0.023045863258670307,-0.31265387878471135,3
0.47381717401334406,0.4609607852946817,1.0896174809891888,0.7523713358280557,-0.17944922154934992,-0.052854735541763315,0.8013048907609615,0.7251944127114973,0.2883535876500643,0.8011270242448151,2
0.012509890251708839,0.6179170814205031,0.8133396314844585,0.22111123707240218,0.7309318140510099,0.6844776652024623,0.5262770259100985,0.08277021724379262,0.7781840889673187,0.021565849802113755,0
0.6708276649186427,-0.02485921037383456,0.031474961156227506,0.8108148212178133,0.7849054221373206,0.03730822497508507,0.08895299356618158,0.7186428502509167,0.6555821440021973,0.5159424068004367,3
0.5825563749882673,0.7892886598843163,0.21891092894045486,0.9105081398615236,-0.07173174321123937,0.25937125238633596,0.645075433276987,0.32445191309005533,0.4363145547149284,-0.05007119390829029,3
0.1447688448693768,0.40347038729435736,0.3299230035498081,0.9678603254024141,0.45633899305364517,0.7559829834264111,0.4966988003077453,0.7451220124909229,0.5734508632702412,0.6721468953782846,0
0.23995688385530536,0.717420630505299,0.7358709308790249,-0.024575567240488462,0.8993342322700763,0.43950210749590124,0.6778160215566004,0.5381204320249883,0.09258134372250429,0.3964103222812687,1
0.016818479621345632,0.6144944465613453,0.8148809479899706,0.23231500833628696,0.7282060922820565,0.6751684042929941,0.5361047265953703,0.08001730777511469,0.7781324916992434,0.020392427717014456,0
0.20202020676751065,1.1090231184041464,0.6520222949110506,0.31725664730107217,0.8528643378156119,0.0052865273173162974,1.0015081793062268,0.3306241208436434,0.8806601195293187,0.6849123976363796,1
0.9082888616137205,0.8656385031095097,0.013369281549121287,0.8120965395735305,0.5192965882476804,0.47533455886981546,0.8526571692439892,0.14643496019048624,0.3384502045841609,0.3505344526020185,2
0.6560048652614113,0.4414675849064558,0.08390448649624269,0.6432631362605924,-0.033603457506839185,0.4744764938652717,0.7633875800747725,0.2511724528827796,0.7261801859366321,0.13969310228006132,3
0.8732388244240429,0.3117433903752345,0.7157095096040855,0.034352583784965494,0.8926326403376138,0.01574138954040066,0.8719238131169172,0.6587580290872768,0.22475184983428137,0.7571791595000701,2
-0.03893377776472014,1.0026860659887387,0.3028069374432488,0.819891949510227,0.7134254701880017,0.07433011258874013,0.05958927931542128,0.8088941006146058,0.17393011613698312,1.018362468221719,1
0.9975346192805942,0.9723031230410788,0.04304854213730254,0.6986197001087255,0.4756627901740351,0.4288212521207321,0.8591175371231007,0.03287063280107654,0.34257245224152755,0.389195507536996,2
0.10350897589848501,0.4062746982893499,0.3336608857762994,1.052881265551543,0.4210414715712804,0.8080747579364228,0.4887565256956075,0.7421335438682607,0.5175510181227408,0.5996279046679547,0
0.06042182151422664,0.903817527683829,0.21204143780766282,0.8085141782406983,0.7612679250907978,0.1878816639466815,0.04743974142278731,0.6604810353257919,0.27619562035697204,0.8605037815903236,1
0.5701868554836774,0.7841434841695546,0.8114580762239125,0.6216087732726031,0.8700767542551905,0.8799608568365999,0.6238087453944237,0.27374301694389336,0.656717489891944,0.4644686045652037,2
0.6377978798567732,0.7024379993725927,1.2232931746240185,0.4916898386003566,0.3111939894880513,0.5268496714538113,0.05751087069185701,1.1998657826434764,0.7707820901440708,1.09852134244658,0
-0.09595874105767477,0.7956557801133689,0.149065889060894,0.8506615576767295,0.7152738515163144,0.215537857869269,0.11610923662412227,0.7016411217813455,0.3025021862161098,0.8323805757989712,1
0.3405933052460093,0.6344797943015847,-0.14149590848019522,0.33478897253861467,0.5851125124782658,0.07359655547458051,0.8583222214875004,0.6028671069290485,0.5561097917077692,0.8861563433283028,3
0.6684539763819752,0.1544014715104678,0.7158319188780182,0.1590055252282676,0.0010827659262825085,0.8898234352751084,0.08947206232052217,0.393077849197393,0.1770494408047838,0.8292804906881062,3
0.9538124307857045,0.5338982584967416,0.9258454701515755,0.9486949128957254,0.4515700511131196,0.7697556377652285,-0.30859059653990023,0.2525870708741329,0.47810029101971807,0.2795047076516711,0
0.6257390446179285,0.9057873995140091,-0.04293242495634038,0.44662242767154997,0.6001764843116855,0.1388694192158323,0.6587776350817797,0.2570201257140315,0.6093866379809583,0.7506492670676508,3
0.5001574098014082,0.4344028691082529,0.5025449122068124,0.5076147868796547,0.19234156573285432,0.8529399034875378,0.5815559025337504,0.2598782766500093,0.3856001944166057,1.014979007303858,2
0.055716756077037695,0.7376397062680932,0.10931290670250154,0.1946118507690628,0.8360657626979192,0.4010447073409978,0.41657495523829263,0.3753626247344407,0.20867099091008942,0.40207689150311515,0
0.6435116949179182,0.06104275503595509,0.9117829294787353,0.1256671837476115,-0.03767174218156519,0.842631868499537,0.4128781407707749,0.48374781331498756,0.22899972869173246,0.740949234632427,3
0.1554974534731408,0.9782046618816407,0.6943403069454632,0.5507001701775783,0.8189561390292506,0.22469108572353427,0.9356858524322823,0.3739551329245095,0.7059554410603759,0.6824608105041794,1
0.6246456618191737,0.173762750686041,0.6458077407163024,0.36107602279900586,0.038896730641271665,1.0521869701146382,0.2775148505262808,0.3417949558072161,0.07785927298222337,0.8969793476067418,3
0.09189609919754715,0.20505534104205467,0.582153206164778,0.5146198834141994,0.9330156168055502,0.29868393648913594,0.4845201838915377,0.7618796787344593,0.4527106968479167,0.14473131552288415,3
0.6394402278516925,0.5323807131415496,0.5726225095625115,0.7115589482528415,0.094565427533578,0.4775366958674639,0.8001283965889164,0.5125827848109633,0.5776610441015027,0.0770541849590192,0
0.5466156816760114,0.09117019990790651,0.6539235674563506,0.14054295337521294,0.856762309830189,0.33900631752346294,0.5925658114281663,0.31357753611327166,0.6885999312634252,0.27076145152874764,2
0.48176107165351806,0.8167828244491575,0.8550840890242869,0.5062944084193831,0.7281433790137896,0.8333259550817721,0.5339453731654911,0.34841566777488764,0.7154196124443808,0.48876631941837234,2
0.9644290976330525,0.9993373497539177,0.6365128800235578,-0.0007672551149956498,0.0943608130376103,0.21611314090250075,0.03646768351101126,0.7488036228812529,0.9752647905104819,0.7049263440104439,3
0.5606794555223914,0.8448961181068274,0.9216645766549596,0.5100759477268213,0.7902235772614226,0.8872368833525806,0.5714166899078333,0.4022573951587043,0.7988826763376521,0.5038499775463904,2
0.7625962785516245,0.28574549081192907,0.6754742946894667,-0.19369413768087196,-0.02743511301613208,0.06539702140920375,0.8375418567819937,-0.14552414227020485,0.35835263772287795,0.5343050515783403,0
0.5742476328359417,0.20703667204764753,0.49052064463906075,0.12913444005061386,0.17952335869195057,0.2005540723261994,0.4278535871051233,-0.17611862356393077,0.5844778319468039,0.4084765046615556,0
0.8877961802835254,0.3507389626045045,0.711000551565126,0.08849134536112804,0.8434293915809772,0.06025488063214518,0.8601219295307427,0.692153873571463,0.20398337193738345,0.8066545239500391,2
0.7345679038410156,0.6453431925618095,0.7594560472147032,0.7641150334253658,0.21075640158401732,0.13072509338039234,-0.1396786611994146,0.8614461827728359,0.02000670341563611,0.3130096722902857,1
0.3689272773689939,0.32450776287364197,1.068792341450845,0.8132961314645165,0.12952967263713278,0.16111759802261322,0.7707008690146568,0.6568960264797041,0.42787566041401714,0.702602932525921,2
0.6687746726278192,0.4971936703474286,0.6101358070738763,0.684938647951116,0.050805291021352804,0.5079579390041672,0.7337801029223082,0.5252394745497203,0.5471192051411417,0.09241157713225812,0
0.7216868549318578,0.9788880432775966,0.824835561358753,0.639894525741793,0.3138211736403682,0.8707590473427167,0.23095053453175152,0.1879233884801809,0.5624419373942113,0.09420956463429592,3
0.6864852766971118,0.4737774139847824,0.613050024213095,0.6720356257770544,0.08376263162762787,0.536080304536939,0.7693474494557675,0.5111283901769164,0.5240907204851062,0.09530840902296059,0
-0.0498324574031907,0.07359806622285175,0.6833703013282313,0.5112388333399043,0.4669151536781949,0.669470996108161,1.1038292024933967,0.9552966252202245,0.5006413296656446,0.21042291870474453,2
0.24793650452577035,0.6351885684576971,0.27089083652385926,-0.20201054657884532,0.9915621219458854,-0.024025054432180556,0.6590818763520074,1.0264448433100262,0.6271015358797993,0.2819355761667969,3
1.0410936636065387,0.4342925963517595,0.7310455532945599,0.47542712884574423,0.1725807667037997,0.7845813313859182,0.44133701786613155,-0.07893275691886385,0.6084955463920638,0.998346115420111,1
0.7961674983555455,0.5924724391634133,0.7841747798761489,0.3704097861116201,0.6326300276603448,0.9278257118364847,0.28521592419367375,0.15124569575834096,0.18800681696014748,0.8642460020914254,2
-0.22015892810994891,0.9437781411963475,0.39219930660181723,0.5994759229625363,-0.46444920098552217,-0.47705717906074796,0.8868429449928316,0.40106539330423197,0.7945196561806533,0.5170157176854828,2
0.31536547429084677,0.7881119218153196,0.6535932905034283,0.08252468994612529,0.9547443178347631,0.2789648286568156,0.672180766548924,0.5858476892223076,0.13589472061227711,0.46594874954459997,1
0.5917013313923245,0.5526284218787747,0.7779103597349205,0.9801226685813761,0.015610809754281356,0.14185122173473183,0.015654493630235338,0.9394963453085808,0.11096656143393852,0.46036962938049536,1
0.49467821528710676,0.8295001115328755,0.886872778824886,0.44191821932823483,0.8089685313114585,0.8105765767689761,0.6009736992853862,0.4347753613291014,0.7623440226581889,0.4663627194933716,2
0.0005442645357249809,0.6364206596242172,0.8719879011313934,0.5522941914447768,0.055515342582486166,0.941310917928435,0.4583229148223895,0.5500050021523396,0.12853342611725468,0.1729209373853933,3
0.04612750634110571,0.3944709915257063,0.9974594743660383,0.5276465394759936,0.1948082011737039,-0.016736641477182013,0.6596754954940739,0.6771361286894405,0.20185714858247666,0.8192882313272097,2
-0.15153375223905896,0.06957175245668984,-0.35059913227298667,0.9993241489049012,-0.6452682563321872,-0.5797881884837629,0.1438879907623789,0.5732103724350135,0.6832166425096162,-0.16316983429810822,3
-0.02893906504416227,0.3786069294204256,0.6185983581985068,0.4084749551568869,0.11016347971930562,0.423732117705573,0.5962517255075186,0.3529870355815102,0.6213506601741796,0.698059907278565,2
0.4751881762878749,0.20141083460469045,0.45269342637573634,1.2508579995039562,0.016260159617429513,-0.17566917565007262,0.44384219966720917,1.14613981861737,0.09530034625043837,1.0665401928013656,2
0.037032155198218425,0.5162700142181735,0.921339741212522,0.1525580512427412,0.9079383513391832,0.37235327119367895,0.8686439046057997,0.5255979103688533,0.1170264839033419,0.41519199897274184,1
0.1339064291987689,1.0694898499215097,0.6428053579689414,0.5190204351956158,0.9267467368920873,0.24362813448408202,0.9859474482207612,0.40115936024713095,0.7608990117645937,0.7316274003852821,1
1.1847375550312496,0.6629816433953195,0.9486656451472668,0.8417067593323642,0.15759087961005103,0.7834828540924845,0.07267576070750942,0.7896638199913151,-0.142621542086734,0.19467515374625494,0
0.20719558543875716,0.7617437177462163,0.6554650347783273,1.3199503565600201,-0.11994031568576824,1.1627810037009167,0.7143231174797132,0.7113959237394304,0.04632418783225434,0.9530430915548667,0
0.24465012862344301,0.4718322010250518,0.9749962185943996,0.6401723271627359,-0.0318983711920259,0.13958563166182741,0.7549807940031805,0.6149865973416204,0.39597239007573554,0.8841437348028448,2
0.12249544004121826,1.2790579978580696,0.08162121440254105,0.7156859666963107,0.8617651529887138,0.6241865224669565,0.8524216502586469,0.8620498071838433,-0.14927026530018972,1.1048662623620906,1
0.668313606972388,0.25886531025252923,0.8954309123104278,0.4025689672912508,0.7318490200088167,0.32769538266148107,0.32109122979578414,-0.015324143445882753,0.5748896313809374,0.8086810264669252,3
0.6200424044833281,-0.08858026980300246,0.6849746437478865,0.035389635186641955,0.04462662581078269,1.1623648358627903,0.24357614293413277,0.4741337282722688,-0.03302236882948173,0.9014021189424034,3
0.43887065060849445,0.7409691678202661,0.06398658034053606,1.1109913451320306,-0.02540863865908266,0.7099547665490342,0.479804264419549,0.4826186806338583,0.17175883371745546,0.535602455387616,2
0.2688390461950969,0.4183812684851703,0.9173309972202525,0.3802254857923088,0.031461073943243476,0.3191638488275743,0.39659865455730264,0.746188579427203,0.6418838805929348,1.0414216994450949,2
-0.1561986051142998,0.6874995157238607,0.4752709734770746,0.9119869495904711,0.6586866865683016,0.03272693692616687,0.11553426790220245,0.5693147844232677,-0.028174225600497982,0.7350880214963019,1
0.765567550363652,0.19159020824358614,0.32238647247617175,0.26393813515125125,0.8113896815328971,0.8260079335389005,0.6754672311667255,0.6094548380026931,0.8592812858045072,0.09947626244317188,2
0.9273781641841414,0.06864118451472143,0.24622159249800604,0.4944743465166649,0.24192621107447498,0.1499948838081921,0.08147163962110213,0.045353766487523095,0.22818937969127634,0.8559957678345631,3
0.857939409014509,0.45711303303814144,0.07507825732100515,0.5508709893941737,0.28306506357338707,-0.48124509160507645,0.4464241164430501,0.5198380487525486,0.9553364765729709,0.24653797516610781,1
0.9308157994084034,0.9366703266319323,0.08620117553425535,0.7764065804628714,0.5264967248651805,0.36662407225058774,0.8798951393305023,-0.008502758549982878,0.29645727456081356,0.3410984894038682,2
0.4336607844577589,0.7568598406758654,0.9577198174123865,0.4942909178195347,0.8080650635515989,0.8951171174473982,0.606560288688038,0.4417779767413389,0.7850025611455267,0.42476433808053443,2
0.8489385598401327,0.3301926069277253,0.6883439701562748,-0.008850423585721065,0.8839545646643938,0.001970430020909337,0.8825277648188434,0.6860540606682418,0.261469748228422,0.7770137419728602,2
0.8802965027208709,0.7993801751093382,0.8189918910540218,0.7359154052292282,0.868335772771916,0.19034158038487653,0.3947572124543214,0.7650971218781872,0.38694800872030577,0.6832195488026425,2
0.27300391297810334,0.21180336534753705,0.5032911817536145,0.8700313090444011,0.20838147765758347,0.4716219523240559,0.6777237032977352,0.838213303813586,0.7075243298753299,0.3438196153170143,0
-0.0304533442098922,0.14829922736605644,0.4127345989197749,0.34067693980524555,0.7814435887915816,0.45944956169021944,0.0005882836194591508,0.7177258667914457,0.9508503120607085,0.7601163564708675,3
0.12791694052756325,0.6840412364829018,0.16525481741453224,-0.12784544180939422,0.932089825138148,0.0371915539880148,0.6521087802936882,0.4228225945089547,0.96655959782825,0.565489773238788,3
0.7143938418904922,0.2727688195973415,0.9261930597589682,0.41735100704809275,0.6712381332401925,0.3443581145115435,0.33408258948989683,-0.014439479685668506,0.5728417644447344,0.7829728567999654,3
0.013403925621162539,0.6150761985480547,0.8163094673802471,0.2294111038693897,0.7323053174649505,0.6811951269420641,0.5320479113398455,0.08168073723865109,0.7809046803466065,0.017473618940748288,0
0.0773286013476496,0.3589539976110348,0.42256240867405437,1.0684288716291908,0.45135551997777934,0.8567223682468068,0.379443741556744,0.7501115935752904,0.6409835629547567,0.5967159971593199,0
0.9672661929917461,0.13301819709708695,0.5674159092482884,0.8674341958986103,0.6865347042986502,0.8400030731392014,0.2234729761365534,0.9239397209746152,0.642252412141568,0.2517109047423175,2
0.63341256147271,1.0862209979392365,0.5848830528044318,0.8405321862533209,0.7895061847960372,0.14209811419011076,0.3180492662285556,0.8692017211748482,0.5029786353963221,0.35284182767204997,2
0.4416375304060499,0.20568205773319265,0.05418854786187624,0.6910737512960697,0.6037382577739646,0.23227277822423353,0.7798866793629486,0.20555624923960442,-0.061968026128462805,0.6346476219320137,0
0.5825946089131255,-0.01839067090436,0.54008476298188,0.21361348392363824,0.6807773171579568,0.3655863427635839,0.6359591332551121,0.29841806981415103,0.7155940853288663,0.2509440232002901,2
0.33859013363577806,0.960325576649389,0.591067583770887,0.7444062213616961,0.43246726828769494,0.9174434971166279,0.38428919340949147,0.3719457671689099,0.5700814234435507,0.1793426563574021,3
0.9667797272827178,1.0064153370639242,0.6398391572854237,0.0036909035387066866,0.09284692556854776,0.21331284911830523,0.02475817666938656,0.7489055918682985,0.9754016146755361,0.6977137837806237,3
0.8416766511268979,0.2888781240363167,0.7646949082340192,0.06658240971884104,0.8785291178827789,0.0425366953399158,0.8283166523774138,0.6534919030251944,0.28326951089287494,0.7133938210396722,2
0.8644104344600014,0.3657690129237249,0.6820330194552393,-0.07028681964785898,0.9701196272430181,0.01623821721619211,0.964233506216507,0.6770685650476163,0.2604333261081557,0.7653571657837854,2
1.2825331859850562,-0.37565002549801924,-0.6978132723613939,1.0549368803435561,0.662302427678095,0.027441484015135742,0.3353079875136557,0.7217067484325328,1.1163996897994104,0.3129340400152292,3
0.8095454429544735,0.8175053742015796,0.761399029356521,0.8068199378347591,0.9131451387157096,0.26267097500362346,0.3471953351347658,0.7967712467882814,0.3424340195554681,0.6003145224696291,2
0.1399990346710187,-0.028571178494421257,-0.047944834161668504,0.7000342152611281,-0.017325255757205116,1.9525112778690366,0.5380833040610133,-0.17796610306890243,0.3136982007069398,1.4251863397812086,1
0.2012931147568447,-0.7099132673732055,0.1631292304608702,0.9999308998026468,-0.12095189032483022,0.9194571696642821,0.22941280299252087,0.8176443504794976,0.9576710265066722,0.6966650803719294,2
1.0830621670568668,0.2537682821753299,0.7361046476242532,1.0015606203589271,0.7038350853726784,0.8409884646315724,0.09551729999489228,1.1151491481187625,0.766360697079499,0.5315289230663766,2
0.46384038903129565,0.04520191401165402,0.17025736394627433,0.7233433556890945,0.25202951279834734,0.03332638758355627,0.7087103294618194,0.48911339427884076,-0.00924724815902396,0.436783768783394,0
0.41291125761239156,0.4216629984313048,0.40213501954623565,0.6162713230607965,-0.15565105170164162,0.1219871292412979,0.9442949704152026,0.09408686669696043,0.7227339454163881,0.34246194893054205,3
0.8982755248525411,0.1942792831504513,0.8250392464067994,1.561907573808372,-0.008131233869748011,1.144914197752466,-0.281423353817169,1.0955422908230288,0.4993307819594418,0.24589113522693223,2
-0.5741077384242852,-0.5640949399923028,-0.013234964572556907,0.20747183314954132,-0.7350272276017096,0.7314311173373387,0.6414043453111052,1.5264809276400655,0.4447921972240445,0.616827015476235,2
0.4315943397546207,0.7896646718205539,0.7191139150255196,0.43883194882319987,0.8713654142456528,0.6152272366344973,0.6517601722363006,0.39604954081830773,0.6778426290132611,0.5625286589494184,2
0.4998465750745022,0.1828163510707625,0.977095459403461,0.41585083372230436,0.6928038552974312,0.30436892054663434,0.3293762691219152,0.4023294162275592,0.7896790134461923,0.5536574891183037,3
0.8026420651856812,0.5787455313246515,0.7670812212103828,0.3815757678912679,0.6331635456589771,0.9310686064471041,0.2853082533701378,0.148425873320352,0.19261735405809982,0.8657380014698062,2
0.7947880699100472,0.18544709230209788,0.8382891419725109,0.09443348494413148,0.14422303599370212,0.6049768239296895,0.26455646327600374,0.304692605999691,0.6348707286227624,0.3589465928474747,1
0.5155676330012549,1.0801980680960799,0.4595335302145804,0.17115542015529323,0.11227015194674365,0.8870351482043799,0.6473828054718682,0.245937975251496,0.5754239083158214,0.30431560869805874,3
0.12449449922457728,0.49874179122692663,0.3556306898229368,0.8473135033630399,0.2535323768689428,1.0003127135888275,0.24602840930492673,0.8707234096621673,0.763195521391937,0.8093761829952351,0
0.10711662628141944,0.8911318760677667,1.025677476339221,0.37939671034751965,0.623773332839541,0.2852488024096406,0.9676380945987907,0.3428213117077328,0.38878592994471545,0.43493163671933494,1
0.5943846403683282,0.5444724944366116,0.19833965057023412,0.7921306665651693,0.009473051067513408,0.3516899285069601,0.8926017074224488,0.3140070143966962,0.794604235237701,0.3375673969365375,3
0.6620021022463473,-0.15346957171948886,0.6898570824464103,0.052229949065959694,0.5819747715456303,0.5208601647407181,0.5468194952780037,0.5008816401116318,0.8168864476596045,0.024786732126024974,2
0.6870034202696689,1.0724832530200146,1.0116331296305678,0.7290345748911029,0.6279485872689954,0.9723678638419545,0.2526422370186893,0.1309083171832959,0.28092054063557226,0.40236323287012965,3
1.177777815154821,0.7099333175143818,0.7029769752629417,0.5144940724627881,0.09616556294802638,0.8093214424789854,0.26928390558061865,0.20210511552104704,0.4447786143398125,0.8426119465127366,1
0.7606366861230492,0.20745173260899166,0.26604476337702315,0.229885526560994,0.8157594375768156,0.868755902689731,0.7554628378816245,0.5211779011180011,0.7581223222695116,0.06940909029498614,2
0.7654355105774145,0.19168917488466397,0.2886873738344723,0.22008220122776107,0.7568325067794123,0.9575661692150638,0.7724289258468048,0.5925461150715984,0.7988334327168477,0.1301255254183888,2
0.8760178459577739,0.8484977530425011,0.7394835949077897,0.7499109802565902,0.9556026433276177,0.20135849452853058,0.372473187511135,0.8369030670712598,0.33472319832136654,0.6626332719963571,2
0.05916756231383389,0.13436724958583762,0.5289642856226804,0.5082098980648314,0.8652467148093458,0.3288975658034498,0.5022495099128812,0.7259708033885662,0.41399423153505055,0.13969880544371924,3
0.8494593611878052,0.3236829740508191,0.7121882805383961,0.038618339330036305,0.8934189361434606,0.039601006583033435,0.8695261389147194,0.6485490943114928,0.24396347826054973,0.737576077529057,2
0.06119720482504989,0.9128402606057098,0.3026831628839802,0.8688260266285177,0.7602100913015614,0.06913419778844603,0.04146730159956355,0.7187919985715638,0.2119600380885224,0.969942023919169,1
0.628451481989077,-0.4684390334508227,0.6933564361808205,0.06030640971802431,0.08954935154866953,0.17362133570715935,0.5304657380644284,0.279869855812386,-0.22700945921521554,0.40644631205962184,3
1.0723603027265298,0.3740848583115447,0.8141765746360733,0.22363328576815178,0.4367243090512324,0.1568482498469654,0.6109886484687208,0.4653799853025014,0.3917513920662432,0.3215179436728248,1
0.5035166237199508,0.2237178821205884,1.33618742511934,0.3311193257413339,0.19059129983163034,0.2956447030736139,0.011118815261500103,0.9182497435411672,0.5958984139587331,0.07132639622305176,1
-0.2436034761029946,0.7695085887283983,-0.38747587734727906,-0.20948121485820415,1.3105417930068366,0.47324455453537595,-0.10794020452480563,0.45912163357242103,0.13567218508823548,0.7368492953916231,0
0.8161382948935868,0.5716889156117826,0.7967995010682878,0.3780717173413183,0.640789748991033,0.9150048669188909,0.2985581667469992,0.17774095692988287,0.1893592075798943,0.8625228141938324,2
0.20117193882299933,0.45305420814449743,0.9040119141595843,0.7533548254635649,0.014632645339154204,0.13187652365712932,0.7996238762715563,0.5946060080698419,0.36860100055929773,0.8457208499000564,2
1.239330592091011,1.1050724900033035,1.0575045423352556,0.450852074477319,0.17419284231005414,0.9106372684562049,0.44440396045291225,0.6812432341133412,0.8935694290089329,-0.16393934895252626,3
0.1177900366482848,0.34962593673927794,0.36996655987452814,1.0060242670588935,0.45693825048596004,0.8076268524317419,0.48405141363941184,0.7384390844626534,0.5382093288370711,0.639026041304791,0
0.9846294579316296,0.9970939800917028,0.6340153594766753,0.01934549256229956,0.0845154991160497,0.20200580253362174,0.03461154107255243,0.7617208670230247,0.97985364619381,0.7010876109271593,3
0.22340069820405345,0.5379170938298194,0.42409401268643765,1.0178321762018445,0.23732046247702385,1.0804725594487747,0.2931205225812126,0.9887974660903307,0.6527312536397892,0.33547364220472936,0
0.8279615834288919,0.722358799688377,0.6592071800304314,1.010152351179006,0.8925956559729934,0.16767991198004173,0.5271626532286935,0.9773182015828797,0.2456722648824219,0.4205364054373197,2
0.7991573661708482,0.5886414104132872,0.7763571963913796,0.3817070504347172,0.6465911836488976,0.9340499362552506,0.2878171325577544,0.1640093179534978,0.19402679017344412,0.8563036851003789,2
1.1794095395111541,0.9181148224822506,0.9108858209186743,0.6705755697844212,0.2654484143967266,0.23136523080215962,-0.1458793220667327,0.7546661999597801,0.16249485828035862,0.5623659607045273,0
0.6907500532852395,0.7184182527233958,0.9099234932230227,1.0204180728686998,0.4897501405107571,0.5197663392863797,0.6590999505319703,0.5483435820778446,0.03362423011379745,0.3575830312710957,2
0.20555715602210348,0.8126552031129933,-0.14747387073812152,0.5197106676615717,0.745296899221795,0.07114184945579027,0.3750968834292653,0.36594055252127006,0.08270272537402408,0.2757190959206066,0
0.2914463915623897,0.6319632853452753,0.029584908530659697,0.25918557082221644,0.8743386812883152,0.4091807869072608,0.2659511235077396,0.4198516638513629,0.14604675647131754,0.3141957307943651,0
0.5910180505386696,0.11541418770308774,0.5974021745430405,0.11406088468053006,0.8173517524797661,0.3454086563367363,0.6142506290435559,0.1629988544574799,0.5476435048174029,0.24661836666636394,2
-0.4208418080806662,-0.08033084514713584,0.7261096571872289,0.2100633073610731,0.13586751503921038,1.043240161392354,1.2958865319145978,0.5578960863688832,1.1731510319542846,0.7421961366807366,2
0.07289712062192771,0.17106573672504022,0.51228335444045,0.4804306986860752,0.8886911450806015,0.3235542784985608,0.5035369916913529,0.7351203348914264,0.4082746400436505,0.1467059961000394,3
-0.239624573826762,0.5201867464262118,0.5140130846426809,1.2889347808147633,0.8431779353348066,0.812711460209582,0.25842363464084345,0.8250420040383678,0.656496437995972,0.5892319042265336,0
0.8930540693784953,0.8364604119739416,0.13830643407476112,0.7557168445975199,0.6318674978495813,0.29597403861049315,0.8957875306074028,0.0020986892401819376,0.3721111478654725,0.3012127614465591,2
1.0350512824346616,1.0771979811215675,0.5542259662011655,0.7406219370265349,0.6038134540207484,0.25747256472679436,0.7409650287662107,0.25766513371127286,0.818721917955324,0.0073935362892527424,2
0.8685176083298735,0.3277898463806726,0.7256348867437725,0.04223138577802106,0.8745287297677508,-0.0016944812715794372,0.8610090148937393,0.6655998108869231,0.23844074486362046,0.7467365189386392,2
0.8757951202255252,0.3350953711801992,0.7456518924868516,0.040004583404191184,0.8588383442898153,0.01523915463406221,0.9036763903767487,0.7102011776653898,0.25786037113240634,0.7751300930920685,2
0.8759357704913261,0.3131371914200638,0.6874312224869524,0.06525450108780528,0.9083032859180211,-0.0005061179628647258,0.8996410897132747,0.6564857499857889,0.24449230131150135,0.7463722032817455,2
0.9157410018635314,0.9414196300700307,0.157208193689107,0.7208532358389315,0.5482411690738462,0.28348590723418715,0.8904960464967144,0.06313501803839834,0.3360004427044147,0.2579129469623135,2
0.6531459172282513,0.4984262368583424,0.5999984714033962,0.6847895661810401,0.04382022070895787,0.5090014545772706,0.7598159334818689,0.5230160337829682,0.5513493074444276,0.06968441443421954,0
0.6724367279253957,0.21008006915650085,0.4922314302820289,0.09342998413503466,0.658746796036045,0.296423543437679,0.5546532778895231,0.33280228003559365,0.5334331610013563,0.31338473994911564,2
0.9317805155647974,0.6861605076519044,0.8677431354605722,-0.3796192688375126,0.43360368516254616,-0.07543589320407826,0.7013699449345394,-0.04713925272015349,0.9477708201356894,0.4786446090095892,0
0.40775552097135603,0.8414814387652071,0.07626918121383912,0.29831967695236833,0.6584709723369042,0.1897593640342755,0.8906189897152879,0.33515739753465795,0.6920659440447676,0.6230591171932901,3
0.017849212909924993,0.8156588917247668,0.28491215641955264,1.0348795063583067,0.872018556554969,0.05860469617797796,0.15750916586460362,0.8419056462207349,0.2629801868879324,0.9826841432283638,1
-0.19841234042983363,0.5995947285626252,-0.021994926901818562,0.30182117115103785,1.1957646196731062,0.19515058849684547,0.3070360377801771,0.9127226514375223,-0.020713419028709323,0.2662267049920391,0
0.15045884531286488,0.45612887518874456,1.0249427543278253,0.9492404660609461,1.0604076473830157,0.289817374043143,-0.22308792829689061,0.31074969800900165,0.19987976597689922,0.2815948018894988,1
0.9732061689062901,0.8453139356827578,0.15145677745886738,0.8128076116402073,0.6453282453914941,0.2372046714874265,0.9626016333033631,-0.04928284465188118,0.33893891317257574,0.36343373437006476,2
0.7374626760203152,1.0401845520859685,0.8759191788520064,0.6456054940832133,0.3473283498418561,0.8271974871151406,0.23466348906554954,0.14028745832606293,0.49953703798153604,0.05513772680677785,3
0.5863264999071245,0.5454157283417294,0.9351665742703487,0.22589275229630637,0.7305486431671352,0.6679559966374818,0.5745344194218501,0.7774664478041183,0.6111106435211663,0.4688318918297474,3
0.39070973302986545,0.2166802042135684,0.09737334593526853,0.704160398030919,0.5339989839605327,0.30962411419346486,0.7458461863999503,0.29433963900745325,0.033181755962389745,0.6071721469596039,0
0.6986256301710723,0.15723047680777963,1.0847985366534818,0.4138043271892643,0.6954473795589668,0.2148410966326127,0.11900677755258687,0.420244228208008,0.8490468075375553,0.5835645067529224,3
0.5002066398670859,0.19356894325285937,0.3177018012252059,0.031079613928147978,0.20233138706254905,0.2105194844178343,0.5224039512456536,-0.014616641843631204,0.6708663058801124,0.3676913092678824,0
0.8884203289577506,0.3148239671451367,0.7291963551198603,0.021082352115533096,0.9001463578243794,0.011172500153459927,0.8652440950924093,0.6593990689899316,0.23442937265422142,0.7578276421813721,2
0.921536526057276,0.905391897517751,0.10124540320732238,0.7557284167882572,0.5653083533241567,0.31091262159282773,0.879801908307633,0.0343638349897091,0.2849842200508327,0.30136384754962947,2
0.6234815218667825,-0.04413918827700722,0.5172436046313726,0.14120211036147512,0.7453750741319731,0.20096054571823974,0.5635838775793701,0.1930767391150015,0.4788654741781287,0.20872769800118,2
1.1805524776004097,-0.10114509396757632,1.0033075015616653,0.2271975611081588,0.4863473957812987,0.1411635456812684,0.30455467360462285,0.3571081780555718,0.7055878681936356,0.3167025659036367,1
0.11227968525068727,0.4050795145335574,1.0662544958464846,0.5260990063857476,0.23607702385564835,0.33498853694567954,1.0102439803160783,0.6790139370553626,0.2148354510851374,0.8470150573259877,2
0.5338780845750756,0.7890136342205263,0.844470667525347,0.47991505897597897,0.7988527078131474,0.7749602193299147,0.5637269324075865,0.3755987445756893,0.7646424266172039,0.4419848020460688,2
0.08634783660423029,0.6644145473485044,0.07754461380804878,0.28833396953606866,0.8264522641996639,0.39267694294161987,0.384050277880052,0.3262190848391434,0.17736473495268584,0.42477898489809146,0
0.48137407852224473,0.38713199660917375,0.5794003967047304,0.6420360425091975,0.39477162127074905,0.837015772821092,0.8134011225300085,0.6281184181761186,0.4236885362796358,0.7060354779698879,2
0.012461714168372795,0.6139497957685742,0.8148236863333265,0.22765462292052438,0.7295293221581369,0.6793505669800121,0.5303462566810209,0.08123857702543269,0.7790554141000159,0.01902559953328064,0
0.6990602117312957,0.07187062141818254,0.7640799715159947,0.2588885272559394,0.11770157625409118,0.9503862424641831,0.16857405116512,0.46437609305217026,0.21881640100721533,0.9062996314382199,3
0.07781922804080832,0.2944700839676717,0.3838016718887019,1.0087947896363014,0.4992241746668358,0.7783243977651721,0.4432620590738759,0.7374904587851545,0.518899929327935,0.6171890998553979,0
0.14104367501635312,0.6148957117475887,0.5900452349156434,0.06492040256767419,0.6240622185762071,-0.024500481467427636,0.6188690833262647,0.7768487992969093,0.6440187454147516,0.21574428741102442,3
0.7495351236143857,0.7033528873479734,0.4474359471023648,0.7026612725636558,0.22927421178899426,0.04890785816785946,0.5422794435695741,0.10324838615910648,0.3326124249623441,0.6432096121973992,1
0.8990163955572236,0.31264559604681563,0.7282403712444069,-0.009381646051649623,0.9350698421696638,0.037887142560049235,0.8502240716240548,0.6402022135807199,0.24545089595410186,0.7648292036039147,2
0.6204602742186687,0.11286989690398751,0.8652061002571834,0.36918501076055693,0.22023357126417903,1.1485052140519054,0.1124906307236903,0.26887454143482814,0.1223079963477006,0.8082563726980106,3
0.1443501135798502,0.3784553786083933,0.30692458874253087,1.0350178965510104,0.42686661808531734,0.790896271596692,0.5141711505569178,0.6780436375220731,0.6115246985942328,0.6502911915753649,0
0.6616252059172175,0.4966126443381391,0.5987652479205339,0.6815028247290233,0.057105192004449794,0.5116149134198683,0.7484855967248955,0.5339307055987337,0.5505748866863456,0.08091032104464255,0
0.950917797395175,0.820239486632399,0.7700373844982014,0.5920758769617317,-0.021525419977330457,0.3614137545109111,0.1437594043147557,0.6589121673877372,-0.018806523879686725,0.3654997568773226,0
-0.08230759420235292,0.9002014248171043,-0.001853252165403503,0.4935879869737245,0.9715680661320195,0.5613341142003299,0.18618952266525987,0.2672778485848101,0.0934259559418051,0.12191816908555925,0
0.6590883534212951,0.15134461289971768,0.9525679036001905,0.38364446608175384,0.5887720203454843,0.4957058818905874,0.3352521096856541,0.3562832709545136,0.9923700072540613,0.3699361605698271,3
0.6475209416869181,0.48295532774488037,0.266393031203654,0.7053010153001152,0.13610905031002618,0.1634183860778309,0.9692807481000829,0.18489165182728326,0.5464483810638806,0.04355474642502591,3
0.5887994236229268,-0.10979984071882579,0.4446070729425199,0.30307645692571095,0.9020724231443236,0.3652641922580611,0.39796357892244083,0.10813983413804162,0.43335725820988197,0.11728729470164298,2
0.6277609537764125,0.4959346653160023,0.6310929035600263,0.6757403481834636,0.08226428276979893,0.4816450943114531,0.7531629402976123,0.5098274627630814,0.5451964228635157,0.10511586192211533,0
0.3568753594055957,0.2057305253610653,0.08484898840316617,0.6864877087880984,0.5353979531140194,0.3218344522547937,0.7776975422878849,0.3354103784573652,0.04735559333615921,0.6126839172462982,0
0.792468801365152,0.6202507063884289,0.7786896093239697,0.35005529048270184,0.649080045854395,0.9569223694874842,0.2679856425993559,0.1951271948656441,0.2245074883494803,0.8878816181821385,2
0.9492967675776494,0.39430187330300537,0.8518658226305161,0.5398647816360199,0.19208806976962678,0.8465424540914294,0.2777529004112032,0.13190466615814503,0.7633619059367283,1.0515601529576915,1
0.6233500082107638,0.5857722992169623,0.2657705279484086,0.2684477464895387,0.8364307457552117,0.3028468894049978,0.372328694773139,0.1047565544313386,0.22324992613459335,0.1802828863893438,2
0.42875039585000724,0.7777628579907846,0.09251493538934674,0.2834396535806715,0.691525833266638,0.22284074274068297,0.7714590756762456,0.245676400682308,0.5967725788294138,0.6440633697080951,3
0.8496261599653923,0.3275478608621525,0.7017906564262641,0.021247261087749547,0.8678106140230515,-0.01950940983543334,0.8853566688121665,0.6270792214681835,0.1893452751120955,0.7880168912244688,2
0.6227698918801954,0.8278992297317924,1.0047860291826263,0.7351848002191097,0.13118535171477327,0.5066663333081756,0.5436349217329408,-0.06286195194215823,0.7401715262219117,0.8928063407432667,1
0.8677084113754678,0.8017938497120787,0.3255646766255501,0.8483201301882701,0.22660672818649882,-0.14684002506949229,0.44896966491880796,0.2087819510639705,0.44188868604975745,0.8227393797745512,1
0.6993569557094609,0.2561507614278131,0.9326389196907149,0.3928774254687964,0.6883920506931114,0.37371197155215097,0.3337565932340301,0.03245770134681144,0.5509060365025135,0.7976655754776482,3
0.9313422765011022,0.24102035968570856,1.0195197647052183,0.2834708915104419,0.5040667654266883,0.336968378535508,0.5412446908158516,0.516408577354543,0.5272788397469698,0.4121346615831569,1
0.3668267096466436,0.6132445016099892,0.46578255085913983,0.3125695406682353,0.05133679713019072,0.5588116936936012,0.1379427131679924,0.9360418402989085,0.1771891121412832,0.3343061912268868,2
0.6725226022707916,0.17716735583974202,0.5302262425592443,0.23020823588718836,0.7361320829020466,0.31717716574968097,0.5658744196550184,0.1988790900942377,0.7204905610046901,0.30348832230589523,2
0.7890793193609874,0.19507804674761886,0.28066518424677867,0.27959358673313206,0.775328943642527,0.89133473164568,0.7393689906078607,0.545687360317236,0.7791933979138568,0.09881535834680866,2
0.5727337489789899,0.5658796137228672,0.31768431514832157,0.2652077222278606,0.7889260918402412,0.3077052368810669,0.38864157175670744,0.05557696457587159,0.27006419334552106,0.17128619476055681,2
0.7070282953858772,0.2572413910515387,0.9376692772923603,0.3524659186685719,0.6847059555650963,0.38271612460375104,0.31977751901832535,0.03814127104162283,0.5516396694577453,0.7998752207460962,3
0.5798311426586289,-0.19443739133369525,0.8883110109364163,0.5953321228430039,-0.2629022902514286,0.7862470005475403,-0.07069482942743538,0.5714556549768456,0.30522474251430054,0.5686534981283542,3
0.12313657561864554,0.2614044828177883,0.5984973487356066,1.1733128947856422,0.42862115542293583,0.7751754417020575,0.7449815605553178,0.6503324464684588,0.49389105985552045,0.36196990655152494,0
1.2089816805916762,0.5967283494881497,0.7874113638177063,0.061245227424281845,0.006997492408545025,0.24947618086168422,-0.1814427355005347,0.0686988863877777,0.6281055725444579,0.2821035025378362,3
0.8030634790745304,0.05193025377092831,0.7169238225496194,0.29137421910440736,0.04131766932797371,1.003024063793979,0.08577336657603508,0.5723229421244691,0.14295366811001184,0.9210664226298405,3
0.4432855326189527,0.1725481238243345,0.5136815879248813,0.5789752647405458,0.1804522035358517,0.9199584809051713,0.7940947894176844,0.6773878193007484,0.43418783530531774,0.8358647052686556,2
-0.20191007274276168,1.3418788162216777,1.031979398117656,0.20716253914468735,0.8712873126625648,0.493546385500249,1.0960965042269557,0.3544878534097968,0.8027568758111558,0.647963311743764,1
0.8004690069918717,-0.012706763138971691,0.7357335868714058,0.3269571038331181,-0.03544978853290495,1.0354459506498666,0.056745382121958565,0.3707580276428351,0.296258728947524,0.9763673603663101,3
0.9045644435467141,0.6978375200565242,0.905814446154511,0.6616844665008309,0.09474789802645284,0.4281677931063498,0.17871758452211772,0.6198728146063794,-0.008554793237768706,0.529580053348272,0
0.6014038439823202,0.5209712202237007,0.2945463410108419,0.28471460852263897,0.8365874046149777,0.3011409076910214,0.34654762057983524,0.04711819187607985,0.19284970707553878,0.23420345196142517,2
0.48442451033973527,0.29777425205882774,1.1340977204178986,0.26486201736094994,0.744712059484299,0.15507601529747086,0.3878173215650825,0.2399560267321571,0.7932806348933968,0.7630169339889179,3
0.9708582329014348,0.80773259387389,0.8071696093170396,0.7071780001538683,1.0012183673485078,0.5496757121790221,0.3682756074132104,0.2728676950584471,0.892524569673758,-0.22710499509455612,2
0.01730340573665358,0.5468704799597401,0.14994254662784925,0.5055112333294971,0.7550658377580276,0.1489265331004149,0.39312927363647227,0.4696120017366756,0.10239405886133648,0.18175619376302213,0
0.29782022844534706,1.1294378018526723,0.8538867122576276,0.48289909763744887,0.9381591342861029,0.23873628651949885,1.0031946532443117,0.28894837839526905,0.6503141290133919,0.5155302314528972,1
0.9110124932928505,0.3585536335469883,0.7083417745219214,0.022043292818370114,0.8880207140415766,0.013238262404563996,0.8334032368222365,0.6785930748578701,0.1793513703273517,0.7675542044884287,2
0.09728957313450304,0.3237773935942778,0.34840135123987415,0.6112606644914634,0.2611341641043669,0.13244446851711003,0.9703724374288644,0.47751291305822063,0.2991650080072632,0.8588795084997576,0
0.8842898916641566,0.29935609804490615,0.697014630744446,0.017409491589532998,0.9024622869200385,0.0150540723358704,0.8810364028905011,0.6614958096769293,0.2144930937426923,0.7361240423034788,2
0.27880154328263196,0.8470269271423118,0.6882856462090862,0.22714356887107867,0.17451852918764965,0.8357527588242719,0.5678963212088649,0.4206394111236259,0.386221510746286,0.41109154348823346,3
0.09896453438560968,0.9023532839278254,0.28573678498689487,0.8514033583491828,0.7801835516320358,0.0710120434456919,-0.014785670539564574,0.733836979305745,0.16455632855340563,1.021438108344913,1
0.0028014391328167187,-0.9334911784689625,-0.42473730822918,-0.5444942019972195,-0.6435945917116684,0.04540951945905902,-0.6046170232327988,0.3152427517882896,2.1510418053657276,-0.13059232167626833,1
0.05365028200364972,0.909891838418564,0.30492466038477506,0.8663244655248279,0.7507563797288611,0.07158700253828858,0.03222542898726364,0.7249583751595217,0.22050374637335002,0.9637340690391102,1
0.9167188858310117,0.10840517593331733,0.8885319395124534,0.33046069995675265,0.36820433329113667,0.42039614816566934,0.4283656327578697,0.6269250945656997,0.39436027993618344,0.3554278976354862,1
1.1704536200537456,0.7790280221278494,0.6752583389489943,0.2013953449661359,0.4094664055231868,0.8157647146363287,0.6892225126983871,0.022327075266186026,0.6267482565368752,0.8394623517361973,1
0.6090288817033033,0.0783349532154636,0.025336444504334178,1.2983123810172634,0.546107594901144,-0.16641942594781817,-0.09616282421872073,0.786804849006892,0.7217930283541161,0.03221067221975943,3
0.963151997559274,0.9950391889518941,0.6532837705693104,-0.022527653983916825,0.11224556077072542,0.2108210201508355,0.037503476690275823,0.7382975702122138,0.9471706716972362,0.6980731758014725,3
0.5464674954357885,0.06976367107985948,0.24400167634895828,0.8907806510643369,1.0270735806702018,-0.055917795186240404,-0.1596089318516982,0.6551314704795814,0.6524338233357724,0.24144413355008162,3
0.9322848558206451,0.10850818449438611,0.6058584520375028,0.8647602372741893,0.6974158725593971,0.8679495533314292,0.230468450200911,0.9479192087782227,0.6638704845083356,0.27009288238113227,2
-0.03475313251507474,0.1832391806026305,0.6845063402147719,0.18172317128738552,1.0461645234315513,0.3633288155199479,-0.10424597179222947,0.5965672766311338,0.9602246434864875,0.8806562179569419,3
0.7501895383040865,0.2409087490931975,0.7696014822991668,0.46188758920268624,-0.15789291466481278,-0.285594949056876,0.4588814169014157,0.12839736231921312,0.9613959032156244,0.2686379337721029,2
0.13086624031977304,0.40344025717515747,1.0557336147462462,0.7558283950322365,-0.0035151655858096254,0.23517087060639014,0.7385383307477099,0.4916747864841587,0.41019493296898085,0.8309598859125623,2
0.8796578507197864,0.30577350427597677,0.6986434674800996,0.050443245664273426,0.8758080346515023,0.0008162563720153764,0.8825294000277258,0.6765255558931094,0.21708303785445107,0.7736423126089486,2
0.17282573072539695,0.6285548570590883,0.6573717045431735,0.1579569076277296,0.80506213311568,0.4130126999715249,0.619741722043003,0.42148299265413014,-0.030454146674590177,0.15239452356728866,1
0.3896624649371275,0.8857351644592991,0.6951052780978262,0.18936383296570952,0.08712747939180993,0.8094414233697824,0.6276814204466621,0.5250755032686999,0.3671707808787006,0.4467546202399944,3
0.41958773039115765,0.34866829947804323,0.5034485962863667,0.6248687305961685,0.24620361679404157,0.8209345888330826,0.809840397889011,0.5880594558327724,0.3874797255276929,0.7056127916070094,2
0.9612355387181777,0.6977657409092093,0.7177117481505804,0.6480996847329576,0.03670151389072808,0.42769507662423584,0.01939613050758701,0.6550220149527198,0.02235895174163899,0.4633924150415733,0
1.0626585614817032,-0.029514448754696304,1.1401154734790206,0.5619253826538287,0.4346909622280537,0.4519876437509033,0.3821432860746078,0.6715002447162052,0.5437797028774731,0.25104767974529213,1
0.791340811790356,0.6645135846039191,0.4105942245190646,0.7715298569166522,0.18936149608822533,0.012708583678059469,0.5115310330488938,0.23915568463571263,0.455546690803793,0.7106048294642149,1
0.1940461492716642,0.4551462254403794,0.4993626159717164,0.9634549594281092,0.5207483372715055,0.5147687005483461,0.8922387651614254,0.3143218734907977,0.7550341956616096,0.43102790885066755,0
0.6762245157807383,0.26395569468091057,0.9139123038638908,0.36537443129276764,0.7182434828870038,0.3885715437704052,0.3393262530966523,0.04275888962167527,0.538604993951554,0.7980088358366073,3
0.6951401650395299,0.4982818041833699,0.6103403165956058,0.6779350741291472,0.07647565332022245,0.5019583380701468,0.7417250647516433,0.49679229746543574,0.5582076936170103,0.11161137359855608,0
0.7276880469100057,0.05334943275741882,0.739612885494916,0.2351548143464441,0.09209112036345847,0.9562047009549441,0.1866974961254166,0.49193636143151576,0.1997700041627012,0.8865952069437337,3
0.17681604626067426,0.38835065050390993,0.3673749275591807,0.6617834050224247,0.16946629918647882,0.8499572653899938,0.6294383710338333,0.7108732705677264,0.40879206904343135,0.832283852302189,0
0.5630540057649402,0.20631909794710954,0.9312125016835804,0.22164887200737288,0.1186151673323845,0.7805551210832202,0.2954310365053109,0.47642307468918055,0.1782678941695556,0.9479368005899615,3
0.7726224139132082,0.20698452029212566,0.5391220262070515,0.5406630225022608,0.02746837491901677,1.1561993753352213,0.24335835579430484,0.3799471065334794,0.6765182953773011,0.9961454107422053,1
0.7065979422946692,0.25854695670288386,0.9263389918483026,0.37620445452418705,0.6880320881169526,0.3700786268460607,0.33320893669777507,0.02406310339673416,0.5416007780131799,0.7847067121202352,3
0.5811596649517325,0.8257070308061579,0.8337095251430451,0.4905190127476452,0.8254222185207208,0.8713418305306029,0.5627879902453831,0.42191078766985823,0.6898469412192438,0.4396754930241244,2
0.8813003060657002,0.7987411535195323,0.7501112356460663,0.7609460939349318,0.8637913097299614,0.19571966295916393,0.3669543379370479,0.8117633121656387,0.3258533875537196,0.5717347255694359,2
0.6594822379364059,0.055660147629589665,0.7407777579932164,0.1811390399333225,0.179666183298402,0.9622560888809575,0.2533638468755801,0.44905102591042007,0.12477511789703265,0.9830899548755397,3
0.2879413749723525,1.0947941516992266,0.2013935544765184,1.0798473863998577,0.23310579012056165,0.02066529232733992,-0.045643191118887774,0.496734653672309,0.4681004104140365,0.6857444551974669,1
0.6987087190427057,0.9861581423540947,0.8283463770674261,0.6008457934325834,0.31376622777144514,0.8478631188529927,0.20842111884362,0.15154531141598687,0.5146068478937053,0.0896053634248265,3
0.27898403889189755,0.9716872194493382,0.5640702526950827,0.4143862809597294,0.08365955938319022,1.2996117079139793,-0.02984302064926775,-0.2305030194682609,0.8578510299437733,0.42717106621914097,3
0.2773207254223401,0.30408977023123773,0.5129585650169499,0.28554823609661545,0.8232435883726329,0.28638344684738115,0.15589148824163443,0.5407736063640491,1.080849619152896,0.5801819162162054,3
0.028111247735324585,0.9904370883804734,0.795262025075092,0.624925656869122,0.7519989300109361,0.24821492417180457,0.8917761933036439,0.2507124587156878,0.7617001911264835,0.6521393058992716,1
0.9569082592819473,1.0247799242943754,0.6267117296769146,0.00895685560756909,0.08707215956582082,0.22864178108231528,0.01545334257489616,0.7508555147818999,0.9854489010529668,0.6737863959170517,3
0.8142856908970078,0.8259698097838336,0.06528715970422502,0.6569975994916187,0.6091151106220976,0.42619152709485203,1.0085799080138897,0.0321303861248676,0.32503648027507576,0.29508709457129617,2
1.0859369613815704,0.19384950473527993,0.821775061170751,0.7892123971337995,0.8914024403392607,0.5282935778345463,0.4208067685224389,1.0282623511046411,0.7462419889002546,-0.04967824817900868,2
0.2658335634758876,0.4238796438020886,1.0006763562273682,0.672004569789493,0.0011090997593724105,0.154739977874781,0.8242238679774883,0.6452819284764324,0.315432992223064,0.8272138237728567,2
0.6121812378195419,1.145120942042708,1.2284506050418544,1.1685921477781493,0.01575268938616281,0.6671280496574412,0.7954381210825088,0.5469500840370451,0.7707605466351807,0.48618290517634,3
0.9364949523792456,0.9292024000929799,0.11432455712778859,0.8336708289432156,0.5453841543532425,0.3606354625766059,0.8414102093662564,0.024542673958712027,0.29345117104219615,0.33281075998075316,2
0.6951329315942436,1.06765590677053,0.9167469060050144,0.7738652372975606,1.135144099090033,0.4410299285556405,0.1920116270057937,0.606926233609463,0.3570815006553961,0.4703695208131994,2
0.2573493530699311,0.8762947654259847,0.661086325719755,0.45962258976452447,0.73547347117326,0.2832605294167449,1.0322988374370567,0.4450096131569841,0.8168047012232568,0.7612598558967827,1
1.0740629222561802,0.2769698270757685,0.649572176888122,0.13051156077628642,0.33910766708907947,0.3990417475297854,0.7551791969016968,0.42602104055879103,0.7961934049353425,0.812674309772694,1
0.8623895930691409,0.3301182639135965,0.6960893904409167,0.04800933633726681,0.9082215348322296,0.033088965236269,0.843026292058247,0.640703605678178,0.20965332651803903,0.7863921596019683,2
0.8417990813656837,0.31736720474132885,0.710242983655687,0.024830586922288983,0.8695264960518182,0.03419965395242827,0.8857298007851021,0.6671015127317579,0.203438841831778,0.7589900889828636,2
0.6632175835442178,0.4980936931077611,0.599197240968553,0.6711719775613842,0.05779767492395877,0.5160323081100063,0.7560182899058692,0.5431507294083211,0.549800180670937,0.0849429115930655,0
0.15811100366258846,0.3856173801763995,0.5146273459299922,0.9108881524382368,0.45135495002040177,0.8904759966909181,0.47415680279460715,0.8358473193458812,0.6853947083348932,0.4808877102481437,0
0.424774101038066,0.8136773518726796,0.13945577460691133,0.3543859351928037,0.6345302444864127,0.24501697649624743,0.9304084361653472,0.271460088362121,0.6999655066327676,0.6004318260514192,3
0.010398215490367884,0.6137860436010772,0.8134927510351481,0.2285976528786905,0.7292036309027943,0.6812670015278822,0.5327480917551545,0.08123399409240785,0.777242746492002,0.01802323627842139,0
0.013126217746726296,0.6114925612542105,0.8106803206519997,0.22780600923071323,0.7285850451741064,0.680523605515749,0.5305014012209077,0.07969132107498593,0.7773924578537548,0.020851160405702614,0
0.5747658490199401,0.6444775239281707,0.2185300123871459,1.0523620807702003,-0.029643395820769636,-0.028703804562449156,0.21041705417544776,-0.10238910293833497,0.6408887566657093,0.40330421976384034,1
0.6668005997886272,0.39287011398840477,1.0306218783855312,0.1659684494113292,0.9382147101191176,0.623640009441102,0.6211844603754788,0.7784788767943323,0.5502037761321406,0.41595028526662703,3
0.07377676144225637,0.9737457342557284,0.7679508038323626,0.6828529164278848,0.6863297852812488,0.34286486150245366,1.0773625888535185,0.3900744701203146,0.6064721244684623,0.7400223975686807,1
0.4542500040175097,0.42830080333274895,0.8936500384024136,0.24072595421979764,0.7879155156849798,0.6960487123602689,0.549382256068577,0.8436254694088154,0.5375129562790222,0.33046812297796996,3
0.12813017894622167,1.1002198232026608,0.3667345573283467,-0.03301611452949155,0.59445015715788,-0.09559460671471154,0.35122043765977856,0.5405291094610415,-0.2095182669424573,0.4983325363331519,0
0.3161730453465478,0.34620221613573965,0.15242242061568176,0.7188750520266145,0.610939513511324,0.2759449576161443,0.7946568267347456,0.4522516265636778,0.0023018268377151124,0.47701287900946404,0
0.07246926406302379,0.6795846238737747,0.06140740114507605,0.25909467744895365,0.8353828757885682,0.4110778814776043,0.3681795512373355,0.3663296833931141,0.1810274044534371,0.39632774241266966,0
0.6482411839554543,0.08301875083009116,0.1260125777762085,-0.08028533558753687,0.38151296142442287,0.2656496618155016,0.2881016003488519,0.210937118497741,0.997759754874526,0.404334182281865,0
0.5044024055333101,0.8037042256749403,0.9081258130580231,0.4588822557913896,0.7457284511873252,0.8333352680709203,0.5457727250497406,0.3152172509749411,0.754648847090558,0.47713004987007207,2
-0.01188108401231995,0.6986652335801664,-0.004388162725264266,0.17502839848153645,0.8497311135725713,0.357041267068961,0.29776090592350213,0.3748378766410671,0.28737599946751424,0.2985581647499408,0
0.25008417738673455,0.53548372939212,0.811137700666133,0.7614703940410771,0.05452219135012232,0.21560102511252757,0.6213807730405986,0.6674239007738626,0.497586105651711,0.7051850413544121,2
0.42155575883116214,0.4185247929035179,0.7144367329428656,1.1793181603625316,1.15928277906386,0.4941353615920282,-0.32792276041913615,1.4551651115837714,0.07295657245704112,0.2188742537429521,2
0.8327796284237564,0.8645007760383243,0.761682894575528,0.7813943412223959,0.9378032276308707,0.2826670906334849,0.34189827411951945,0.7883391766985807,0.3106508618687899,0.5937530902019484,2
0.5455759501291332,0.5393323392941226,0.33975391846902225,0.9769834951481766,0.2918055032726057,0.3382490159134031,0.7772762366822246,0.15633730686320066,0.5076300065484409,0.2205356575178288,3
0.005167709469853996,0.6135801703079469,0.8152691989124381,0.2283908404080794,0.7221264417341328,0.6773272583218507,0.5242479999806277,0.0829486626825686,0.7724568585263422,0.01998484472446593,0
-0.05171004325093634,0.7791531428064093,0.15334119246553993,0.31684470642961693,0.8962652393987279,0.44096790944717434,0.4199671246307189,0.440060773366759,0.16403226970569282,0.405591407112413,0
0.7605514249946316,0.5806664769324384,0.7592876366344666,0.34081211161398983,0.6361115302665364,0.9622028053733644,0.27395647508344817,0.18297729674981827,0.18963723721588982,0.8923661022585434,2
-0.09153410201711781,0.5692320839787318,0.3299188891251587,0.8539128653894337,0.487840633964555,0.5820644425663548,0.28201299470479313,0.5114494336096391,0.6168971926281859,0.7457881320061851,0
0.8185512801801699,0.8174625358221762,0.6713337816955058,0.8708913759033778,0.819742671254694,0.18648333033772152,0.29315410402940956,0.6953575026047969,0.2425788650914325,0.5820575813819032,2
0.754627188128914,0.022100768548341403,0.8072606028693348,0.2917095119869912,0.11725791450948725,0.9717669125336277,0.24746812651157943,0.5122208490784841,0.1345340584349422,0.8559884225221153,3
0.9504518987431608,0.3620350819218428,0.7813849937728342,0.2823699133145481,-0.00308916262766884,0.8279923191594966,0.536171403966956,-0.03250519629290831,0.7475262761055912,1.0248021015138553,1
0.7967381156013142,0.844300199583369,0.015544365548554429,0.6769266380162553,0.6399662546885421,0.2363097178940951,0.9926160075662362,-0.01817916205122737,0.36752105269537816,0.2764685316872187,2
0.6422536681279629,0.5040299353270423,0.6144603995109376,0.6850571802914392,0.05496243876194297,0.49879619238592443,0.7350747089709755,0.5529319075204983,0.5665207232207256,0.09671201673561233,0
0.045285676371174144,0.916071312744398,0.2753705586879094,0.8359392097889758,0.7143831942994114,0.047804354670785185,0.0135850910350425,0.7352651057660318,0.2098948530064725,1.0011004269467907,1
-0.06133456447518362,0.11420215007515522,0.32683655467704065,1.2776125605405344,0.4963446090611106,0.8932421319663172,0.4899893643445809,0.7202605063136426,0.2838285423729938,0.39052342222117886,0
0.07858859723709094,-0.03930530645628924,0.6338829606582455,0.34139788926007253,0.31054541448053485,0.5668001009229829,1.1619052750341996,0.7940228677756812,0.4160642775581926,0.5148008218783593,2
0.5012522418055392,0.19494530608427194,1.0008061573143776,0.4138412218715931,0.6893093467896727,0.2935438672792036,0.3436897083870463,0.42101316654744064,0.7823136469545034,0.5626223347714107,3
0.08805751940496605,0.15377774597833124,0.543960934618929,0.4769086171498639,0.8867856588799022,0.3503126480234507,0.5173438328575517,0.7714629664158559,0.40784878348639575,0.1691844604896902,3
0.7487381108784128,0.9727661022509408,0.01643260540247868,0.8295806986372626,0.5962997405868747,0.4393528964166148,0.7615864575296887,-0.10232261854057693,0.22667425991719953,0.3315865172256166,2
0.7046123798301773,0.07517640987674473,0.7692137315000472,0.20969506919904077,0.04874384885883925,0.9672346595869907,0.21163524934370948,0.4853138097327584,0.2349650543194308,0.9039109006958085,3
0.7716815307942282,0.7509349866844255,0.8243702318662022,0.7548971786937031,-0.17706769027720234,0.7726169682917318,0.5975823817184925,1.1601920744457836,-0.25886140709977945,0.9878587162744866,2
0.6397886346008346,0.18156149721444664,0.6762063090515272,0.35336532907095664,0.034846701664383,0.9324643186372115,0.2054065188015687,0.617922623418316,0.30942298387375117,0.7864991417074809,3
0.8999548592141935,0.9167121806299215,0.10095507867392257,0.795001583932994,0.5269677354410867,0.364093702846477,0.9171399291028917,0.0479971923369917,0.29280515554638004,0.27424493318640786,2
1.2686904469715563,0.7839479997097532,0.9907510928561041,0.966844524357253,1.1915843257685506,0.30174885901059945,0.78392727697713,0.09436439094017916,1.245332824242763,-0.07235079905597414,2
0.6809909376406865,0.20798609834886264,0.955973828943943,0.3138034483026424,0.6787701244379442,0.3127236638469514,0.30075327753734554,-0.006486405164924956,0.46447240236779425,0.8344920300611477,3
1.1866711707733086,0.24162373063381215,0.5402078196028632,1.0570012336898662,0.6241885655402397,0.6127353336573583,0.3298561134629603,1.263959759109945,0.8296275894390633,-0.020624934986275822,2
0.06979780982078695,0.713148608756328,0.136967532893702,0.3615537028437007,0.8509180686376036,0.49107031084877967,0.46715148765954084,0.45312044765935755,0.16805949410071563,0.44233502191366986,0
0.2555598929402457,0.8477664574032977,0.42615509245563016,-0.05651410045893712,-0.14706370985499156,1.3112099251805254,0.08915301680902477,0.45984414471575497,0.5191672693668468,0.8587457079722831,3
0.7966925872275461,1.25452373338299,0.21948230266006102,0.8015985708368626,1.1380234066988781,0.0625505861596449,0.422437505052243,0.08629905157613563,1.2958813007611751,0.057722514992856036,2
0.980546905319098,0.8876129186227287,0.20638503898481383,0.8322236576736614,0.524163714409094,0.3285519571098154,0.9265687563295179,0.11469387122300582,0.27818345972163744,0.3560715654370681,2
-0.01785107940728732,0.6546857698584039,0.5805584852637593,0.8292860382086019,0.5684193409803747,0.08573540297855235,-0.20916341583119868,1.0305522788389485,0.02697113492841796,1.0061879190452898,1
0.6259997683173699,-0.332570841958009,0.5272169289477342,0.6831673731472592,-0.07279381712171107,0.4622286893825751,-0.5412806694337629,0.5070691521489357,0.3098839313182173,0.3696181401898213,3
0.7195816244287749,0.2901202178511579,0.3781226499196822,0.777114775633481,0.4385843481796704,1.0622089214735126,1.114635167025103,0.3121257731857262,0.43633594910504087,0.7402133878603884,2
0.7861756644905391,0.1774400491973722,0.28243680638937085,0.2648937504628955,0.7972128944810205,0.9169600754615918,0.7091242217958171,0.5471281957574439,0.7987672535494112,0.07831282431896947,2
0.012484711889235925,0.6136224175131874,0.814055262424519,0.2268429326609628,0.7301351668352627,0.6781056705437654,0.5312890226352314,0.0814558587209269,0.7782893981530353,0.01849756742976575,0
1.1060742980469032,0.28997433900393826,0.03029242742752883,0.3833220716161781,0.3527251490255414,0.3781672259244413,-0.05758850380452231,0.3450880682010888,0.47916061177062536,1.0432241476554336,3
0.6482895847148025,0.49630111354921785,0.5936917428703293,0.6748300912938121,0.05204710910001521,0.5092746845128957,0.73582925190724,0.5475404064845869,0.5643958268433595,0.09357270074207014,0
0.5665292574542593,0.8210053760744686,0.9314578775071333,0.47363626854062335,0.7992024776478369,0.8683961726843565,0.5566044846233438,0.32452859736134454,0.7480447852027187,0.4749307159727252,2
0.7282988875267573,-0.1719934292339323,0.2545360979134792,0.3805263019572701,0.8007675750696068,-0.19185978841244128,-0.2772876169082978,0.013117808498379402,0.8518223686331716,0.547282117500568,3
0.08415650709298157,1.5118200653085299,0.022458669859732716,0.40814877256864757,0.22311307384853019,0.03224791698467234,-0.5798740563326942,0.7880162871401203,0.2138565947542874,0.9689490614810873,1
0.6547400179468629,0.9984098135389381,0.8951236053801535,0.6543448260429531,0.33042334125793926,0.9265760684554943,0.15642138086414054,0.19104112587313662,0.587589456759819,0.16862009119698962,3
-0.16329503006543622,0.07610658336576398,0.08200006468135695,1.2066610372400575,0.39520029428896375,0.9869860034412774,0.18368032769628795,0.7051958197751934,0.20851041435859313,0.9915279765054559,2
0.008247131982804745,0.6196074690712392,0.8124096813653529,0.2320836149042656,0.7347587606587702,0.6771495621684341,0.5299876371058749,0.0767615204847146,0.7738974997599836,0.01660434237337425,0
0.6978706486081453,0.275402679205307,0.9088543637010573,0.36614895187533897,0.7054656596277739,0.37329393383705867,0.3156640584024769,0.045676701905641715,0.5356950078844562,0.8111416520528472,3
0.48663635559318746,0.568281752048069,0.21974268743861378,0.7081726961863251,0.09960270566060807,0.31157871062805537,0.8019594467258461,0.38563921936264106,0.7102914286844453,0.238758192859696,3
0.12004082617591916,0.7397305425018992,1.2580349390783514,1.4853084763723654,0.08016144628924604,0.3901901222207991,-0.3105861244839583,1.3027593107399713,0.30560674914161035,0.23691504293705942,1
0.6513422291156625,1.0193330836436256,0.8469311713373466,0.34653299681262506,0.4262770448290644,1.2930251140548676,-0.29610442011318416,-0.31787563997059354,0.28164150650707265,-0.10173652095529881,3
0.01307464050172396,0.6140190991366984,0.8141655009169213,0.22701783209763418,0.7298724182336672,0.6787012833095962,0.5309509124298948,0.08176728817630188,0.7787366867893202,0.01825492873749429,0
0.25533717205758905,0.7093261898152381,1.3876238959997178,0.3002520803320174,-0.037252556528561985,0.09593209376338853,0.3936633341775892,0.5147085138112453,0.27493108593076254,0.3116439078351058,2
1.4158595898572055,0.5995794759505149,1.1435482567601423,0.8285306321184436,-0.35906475601881244,0.6705960047621946,0.0033208338376183866,-0.4102524219230556,0.6959788683318338,0.9923338166827924,1
-0.2761581744606161,0.9939185702339701,0.4609307010904817,0.75046430409353,1.0195513436712038,-0.11924381586509442,-0.16721289770395695,1.041072213789211,0.13636693650395293,0.8929170155551578,1
0.7924286509398009,0.5904934278686222,0.7821406065472483,0.3576134755320008,0.6110527267466507,0.9584973415010973,0.307034787982262,0.17207887667017047,0.22574767548997668,0.8490045072274429,2
0.1796079198880973,0.826446382487474,0.4401011591159461,0.5357087248730253,1.094700764419832,-0.01952635931014801,0.7360705344022679,0.5082371131165332,0.5886002146140715,0.8513480977989588,1
0.42170808612902433,0.42125664505635774,0.6613454937685758,0.8666846650380929,-0.08686858296211304,0.05094866206795512,-0.061392093733534575,0.7876738753147667,0.20901404012272917,0.5065369467719263,1
0.2459947574805911,1.011399775884029,0.8112212761033839,0.48625506990198375,0.8490093432912483,0.34930055806334454,0.872533757977352,0.34018633133159676,0.5948642784218492,0.7158651652187716,1
0.8834602009749684,0.31708455184094086,0.7246236468156821,0.0440651622650297,0.8938474859346585,0.004154179206350944,0.8825162050843758,0.6498756194996889,0.23329747189415603,0.7620700537146307,2
0.7822886139799947,0.570776185994571,0.7639318411486967,0.3742725988362568,0.6363013166496089,0.9476518425094282,0.3010503813184728,0.13808641821663736,0.17738517047183003,0.8641773770968371,2
0.6131974750863127,0.7825539861016163,0.964314612713947,0.7317084324192362,0.41805335414696804,0.2729338312426252,0.19400349951439616,0.9497491718152571,0.7531907014651195,0.7732800276064486,0
0.3754462769732257,0.7942163445212702,0.10325446520124333,0.31251866826527486,0.5689972617475514,0.1788132518629432,0.9730577995798932,0.27378088742332524,0.6768042435034473,0.6128561663694257,3
0.6781900892926156,0.27102946950884327,0.910151354479168,0.4092265007043795,0.6908332821020426,0.36274245021344975,0.319502865439823,-0.003478774346480567,0.5159927688061817,0.788408948527635,3
0.7639391620708677,1.1642230023577602,0.6887963425120684,0.12269460154327327,-0.2876408283599592,0.772225778196403,1.0959267434272775,-0.08032874480484442,-0.20067384319541637,0.15200601635940625,2
0.9710026921097211,0.998478586438149,0.5642610773294721,0.6396306796050678,0.7232095844075085,0.17869666330624961,0.4282721442657911,0.00038876253975689973,0.9698425943143505,0.05266784039546504,2
0.5003451547938847,0.8086770463556325,0.8797760656146827,0.49846344567302675,0.7870085572175848,0.8000702688100959,0.5354468079687651,0.36668572622243323,0.734686255036464,0.4535498800841675,2
0.447705614577532,0.8670485499361177,0.04606868198608411,0.29656941365491973,0.6820035731776226,0.18545101208991233,0.8515445684611356,0.2994814137057473,0.7127734939417244,0.6487953765049113,3
0.833960504059451,0.31886236596096285,0.43198918202566017,0.5258869334151655,0.3514532511933771,1.3060737302730898,0.7893795853989444,0.22402505871239425,0.0023573423556089157,0.26437518573764335,3
0.2593237438174954,0.8474765582515509,0.006220578807895838,1.0301062524099058,0.0035671420836156376,0.39200305631078125,0.49124939676180185,0.3581560260825846,0.45532622546904045,0.6501629891129852,3
0.06007430156757367,0.15138987827207934,0.5211469548820051,0.4926376760889041,0.8820586195338076,0.3366747522927151,0.512273821668513,0.7418321786053341,0.40039575576810416,0.1576744033336028,3
0.01302528959316761,0.6135434812557219,0.8149302037120796,0.22773949359501666,0.7292569596372082,0.6775109815753404,0.5321033437331785,0.08273793050042201,0.7795668055619452,0.01764714645710812,0
0.35645725033003905,0.48067520185558743,0.3166936643883359,1.1315446313382171,0.4466973687377016,0.9015415692464148,0.4587862246501322,0.796427777021196,0.7292141631438795,0.7772080789086837,0
0.8648321850538815,0.6561688483111063,0.47111274960013816,0.6824666420910219,0.16322612935797126,0.02936853817850236,0.4815429331246758,0.25180042016786547,0.38219389969375966,0.6768723543298595,1
0.17974589582739395,0.9203652481024898,0.3330369316948781,1.0193211909285333,0.6523576663016305,0.22009123504234737,-0.10765538932718655,0.6454209667613502,0.10398650489985642,0.8502700640370057,1
0.47588976890824813,0.8467719047757432,0.9420248265956128,0.5395303953495767,0.7064274943991232,0.8526091545323211,0.514351220140556,0.35982301915301546,0.7072646622563545,0.5122850630369848,2
0.47317166777889863,0.23229361294376455,0.9561244690345239,0.3818563501666946,0.6656152052255175,0.2524706969357387,0.33137533340539793,0.4115531772987552,0.7843880638508417,0.5600619514311236,3
0.013122561251340908,0.614156700765848,0.8145790772369477,0.22659633134853782,0.7297926351330853,0.6790134450108121,0.5309804084635616,0.081739469813447,0.7789057349336224,0.019028339365498154,0
0.35563315104832705,0.7584057686765979,0.08322248756844244,0.3570288900363159,0.6584770755731884,0.21236486258025739,0.8954384142521281,0.34029652445393266,0.7290829378548619,0.6093251007980687,3
0.39724197789394255,0.35765342879950035,0.8359033027765987,0.6216592263606658,0.19170140334238261,0.2569067841579782,0.957932002133837,0.7193411144232293,0.3392624556040471,0.6060589925012667,2
0.9501046054208193,0.10118328032088963,0.5436542526743336,0.8649718483186959,0.6784174477938822,0.8665182673836204,0.25233130723063757,0.9628797320794764,0.6057100968174723,0.2837333866100767,2
1.0414274846212992,0.43312817410833604,0.7917927730180602,0.32495524826333655,0.09893996241259802,0.8958271925194133,0.47528616853932854,0.05489138410793672,0.6879382352348303,0.967513432686719,1
0.3652237921688729,0.20293673061975046,0.09045147400229381,0.685768326668161,0.5465004941540719,0.3246881780069445,0.7729611832571847,0.3250414278418251,0.046271451575637064,0.600945082381968,0
0.7323023306987183,0.008543869652084007,0.7668089176086251,0.11229931399805998,0.17241237435295143,0.8427126584614324,0.2379941099480138,0.5437859569805378,0.28761837459835926,0.9841180026378777,3
0.8045189289803084,0.6696232983189638,0.4545066087975813,0.7194559407575437,0.1578397240847297,0.04668851711219001,0.4990445762137493,0.18977649210624323,0.425871607977825,0.710948506614743,1
0.3941511161154375,0.36035994199329824,0.6370118463960418,0.4398700950208879,0.8425090634213737,-0.3397163782073443,0.7150086486958037,0.7256586197402601,0.5909730840468357,0.5193069927039788,3
1.2925166507362293,0.03260651380610087,0.5754954713218003,1.315021495233666,0.9368710167544488,0.9644536227137601,0.7783446453204524,1.2290021546006689,0.5087681807166787,0.11341908728098371,2
0.9103841641700932,0.3042762667596848,0.6628472492954034,0.06715019497964315,0.8441244670458148,0.012234620777842764,0.8600289087645488,0.6889881235607302,0.2723277004166293,0.7383754487626202,2
1.0712680954172693,0.7234594459302341,1.0742132126660129,0.7913094036077866,0.04010247211941376,0.6428709465473863,0.2012328008378755,0.12295104367476756,0.7767202181338282,0.24192934615785555,3
0.9179859732188455,0.9260946486240395,0.012108665869046104,0.9006136696663289,0.5220661801064153,0.3732625859740418,0.78797747282287,-0.1382955982072113,0.2905403513235147,0.2626737302060213,2
0.8711637715410966,0.9801236375653448,0.15430237726678397,0.8349423776519503,0.6848076920380969,0.36606678288453265,0.9370284209413131,0.034029621905690456,0.334555540911538,0.27154879270039745,2
0.8089931819227095,0.6004663382710198,1.1044794501566835,0.7058004896154932,1.14696938235467,0.12297085875390638,1.2120112316532614,0.22243217752186922,0.07287421522975915,0.67798745749383,1
0.4938681972654253,0.22823592041851476,1.0190402811423265,0.4170312914236627,0.6952085465672714,0.2525241811415667,0.35101094815553957,0.4080878432130487,0.7801035076921242,0.5738284184065379,3
0.012503396691646325,0.6137608353025011,0.8144192594338449,0.22687596059884405,0.7298078019122863,0.6789215490540035,0.5311611784064821,0.08218852175387009,0.7787028184234188,0.018775936141505453,0
0.6209865828953625,0.5520383143299361,1.0676106558555674,0.2127092368143576,0.6382773142923281,0.4577969461367113,0.33185563733001144,0.7487846218924461,0.34759760537925644,0.3191769172609378,3
0.5139209208360888,-0.04496808023048235,0.6142866719909993,0.5301419779510816,-0.03506082581241746,0.648076135800304,0.5902399876662622,0.500909049598564,0.1617746810300726,0.7847792797988588,3
0.3449716984276591,0.8089878956526211,0.02997895672309832,0.2918420271830006,0.6105265754253999,0.22254909893295663,0.9053285744883689,0.3618780725259154,0.5952783993641794,0.5109661953327937,3
0.7840468673580839,0.5854432554933707,0.7925079469897843,0.398274680219226,0.6643828960714412,0.9167897332456454,0.30793480162301545,0.16439374780881144,0.18395906839883092,0.8710571781867547,2
0.6410503593131662,0.5240712118152625,0.56508721961011,0.6273740104711537,0.08920088423413516,0.5308084838163991,0.7063315001986369,0.5167904061910377,0.5519128501137673,0.10249929582564675,0
0.3085992260402061,0.5290123684498966,0.37700181846152325,0.3097035258504374,0.035066472752857736,0.510629739472978,0.16698313287700264,0.9891274727625485,0.09054445366770003,0.3622687239601708,2
0.5056451360705932,0.1381022351866349,0.8050626832269523,-0.15154933533275877,0.7139187182236499,-0.3058957265613236,0.6130352138855596,0.8269351734221648,0.5279195273935567,-0.2209512225368267,3
0.4396228575352893,0.617814983090674,0.2558714203390332,0.7141916007665274,0.38852360339032654,0.4787000056812166,0.16666294515807245,0.0859519885915692,0.13202722679753864,1.1547533209223788,1
-0.022852628116666454,-0.01796881154500396,0.23997592167186305,0.42888454676046756,0.4729089571077436,0.4337865788313525,0.1253958755161219,0.642065485889307,0.624438237591133,0.6649337045019701,2
0.7119229642232658,0.24499159544286267,0.9482136943436322,0.3804470208291227,0.6936287458230842,0.39029704413974187,0.32830098057483337,0.013819916614309759,0.5432698564066359,0.7632518934322549,3
0.5953336307279037,0.5511730449094306,0.8609514424887318,0.9049371759615982,-0.07334986925500099,0.13618310989748109,0.047571617658353854,0.9051602785181883,0.1416959666829839,0.3772895130282615,1
0.2895087483532017,0.40364690985358553,0.24590291401141579,0.7886813558516677,0.5958567615815529,0.7765818300664534,0.43460775590444706,0.9623693265530637,0.5252493394578119,0.8011926741510941,0
0.6497602950847814,0.010147142874595845,0.07614454957717588,0.8815166063365488,0.9291993902891325,0.12344912282870318,0.023121461233332325,0.5693996202357391,0.6937330603452371,0.41851592118205677,3
0.31583676413011197,0.8713750732293108,-0.08891814981972401,0.3203925556321551,0.58286783567184,0.23750788467970826,0.7925705227185429,0.4374658299152252,0.6297482409090036,0.6123882594673927,3
0.3791164544765544,1.3951059345755437,1.2169838809306772,1.0583182611722686,0.6327717530956014,0.7511575260127039,0.5675105833286961,0.27131394508280304,0.6383620971065523,-0.47690993281799987,3
0.8465415765947922,0.2965898167845556,1.0720357029513683,0.2399454695946298,0.3908337192057033,0.3352442547465139,0.5001865960752182,0.45911787151351646,0.40007800037525987,0.3562324447004066,1
0.9608929789058879,0.9135575217045241,0.1362054304320309,0.6744929968163604,0.4758185945085387,0.3914625976161037,0.9501746756893766,0.047373754293181414,0.3399649880652445,0.3935349234323907,2
0.17853858402853764,0.8116648760495657,0.8157896542533998,0.4343148388260886,0.8704907561061238,0.10841406779025287,1.0663658887606782,0.5189198660848685,0.92137924604675,0.43011035185282853,1
0.4232035640596175,0.7496126083527583,0.006141116224526101,0.2418361061928106,0.6405494802678343,0.11821583479521233,0.8789594912014821,0.2703371073550477,0.6258293012659697,0.6699803596128875,3
0.8473934451409006,0.6877670046490163,0.5172427955968886,0.7636163444161174,0.14827395099916543,0.020518850874859704,0.47511323158030794,0.20231014832370847,0.4954843840138705,0.7036710050635272,1
0.4784648143320368,0.2715515284573506,0.499176649169374,0.6614550003411417,0.25571577047626715,0.7677536872291393,0.8069552269127608,0.6070377590691818,0.354440288593037,0.7663853482561406,2
0.08337177420462889,1.1612423187264476,0.4875508725964952,0.7663131928335263,0.8655155053168838,0.13877176067842373,0.8427033977970888,0.6642828251282971,0.5796727555874484,0.8910833583825911,1
0.9484317579416635,0.8590161018561447,0.13929920737079102,0.7847676001878284,0.5170477979943365,0.3129864680117668,0.8612554076915839,-0.004548846978741014,0.32364273868467297,0.26070943880826364,2
0.6183729457466673,1.01327630793863,0.5385431408842035,0.7124449421865606,0.8799746257405464,0.06474702411226765,0.4058636935830829,0.8748532988028676,0.41365711307307984,0.7802906911741475,2
0.3397089234641132,0.45234395982903136,1.041387197245735,0.6718477736102276,-0.06789983968397643,0.1619677324142655,0.7954775069931549,0.4704367922669449,0.2921569513578702,0.7409889580972194,2
-0.034842266531077276,0.22848520665579933,0.6760341846107322,0.9250225298926154,0.7082687005720775,0.6442893988197201,0.2539090015901172,1.0643572934185086,0.4386875388230136,0.9059544183774237,0
0.8482880374385839,0.8133029561809869,0.07306222226429085,0.8132471324419516,0.6626531172647743,0.4175529518577169,0.9643351774496831,0.0291703778951028,0.3704134720076337,0.41399440168585727,2
0.8366636947184573,0.6603384581534849,0.7231797185270719,0.6758951314645241,-0.1670297601859112,0.367865614327754,0.030026291638858824,0.829929201845331,-0.031192393051204997,0.23095068872840727,0
0.8211802026339079,0.5557940260339427,0.7998812588990702,0.38244436571538354,0.5932636892628907,0.9410722069806353,0.3316720740621827,0.2019192474605837,0.23918719667118626,0.8180873261420698,2
0.8190114702973663,0.1514324884032098,0.24689169331680685,0.22734938602926036,0.7668077960759049,0.9153962984527765,0.6921844428915562,0.50493072205979,0.6919052464721673,0.006822349600156194,2
0.4809354632150013,0.571587462768237,0.2113303519837492,0.7159666001163157,0.10915668941150031,0.3112605478581318,0.8048285196202377,0.3822887664786361,0.7173219811004519,0.22718493327142122,3
0.6754877985397161,0.7064764806609926,0.5134841638049539,0.5692544894103221,0.1382989442941394,0.9659251284654982,0.4857547947612819,-0.23585052079628238,0.9357528504281585,0.5805034041751762,3
0.4905203443363479,0.6255538513437333,0.8661102342373532,0.6692377168917498,0.5967332522560029,0.35335477643265106,0.29782798365582375,1.102416736021083,0.5111885232751096,0.7691756180622695,0
0.628847538748041,0.5387902767608976,0.3471432257830406,0.23921992340486775,0.8111554659440946,0.3312018394273823,0.3217105655195052,0.07611103757895166,0.24530598483352956,0.19127583379956925,2
0.8481252024863678,0.1927725902811982,1.019462281284926,0.262522755857115,0.5224176009931811,0.299239019632547,0.5513784985366532,0.6523568896242855,0.38674936508697455,0.3507794826307856,1
0.42707339113577586,0.8217398909606943,0.0735431937505951,0.3346856819208011,0.6226316809731798,0.17347182895266236,0.8847364351055894,0.31637960982225544,0.7062858814430931,0.6082655125492205,3
0.9692058775435043,0.8466139218962255,0.14335913434446548,0.7894342296974928,0.5584936349297236,0.3185491784864408,0.956377170706029,0.07920574330840971,0.2523073075971697,0.2440125158038541,2
0.21430765611535474,0.6641911489822063,0.10052682734059987,1.2579028417020193,0.7619356065115743,0.665595257267235,0.19580818365633257,0.9175461804831394,0.7022540918782388,0.640675799447428,0
0.8006544857968284,0.9037363410175558,0.22952145350758502,0.7459903134860759,0.6582265041489237,0.22530561187390175,0.9636104301328601,0.0015430485294585378,0.2574998586653902,0.4031478127721774,2
0.7793315079516524,0.6473203512529304,0.81423379771252,0.3885762906086266,0.6446409095001856,0.9689035286222265,0.34637542201935384,0.2095996352864231,0.22386588219011988,0.9276678317281453,2
0.5272361539376457,0.8847564950195194,0.6484460571101821,0.23990602787326173,0.2174442471077595,0.9665274238722052,0.4091158073071035,0.5277589739044691,0.3632141265408935,0.5094621518604203,3
0.0819879378836901,0.15376769149978514,0.5245752570184389,0.489584703153328,0.8608771831892414,0.34795856789702484,0.49649679562674526,0.7309230287548907,0.42217156737597145,0.13616531570507248,3
0.910726465129933,0.28159594577761593,0.7402507616029533,-0.00672164564017106,0.9004109744856763,0.046769497015375985,0.8363168475797362,0.6844762740883078,0.26066813045245435,0.7211729774463154,2
0.14399140740861557,1.004687397872298,0.7052486239381811,0.5488176630085647,0.8502054556990144,0.22838648596034594,0.9537363588293234,0.3648925074892121,0.6954475097979821,0.6770753434685244,1
0.35238948271084936,1.1877966407909524,0.5832610512598989,0.3189868929034659,0.7593205030832885,0.017057622345120815,1.0774331620304838,0.5800937217024928,0.7227554834030759,0.7800375452023203,1
0.08762132997333232,0.10194907774880217,0.4695908243291106,0.5252885453394819,0.34500424992988643,0.5287768406846043,1.016983447228108,0.8583253712270243,0.7115421959846178,0.40585056681036813,2
0.6549370405495305,0.5080772083454937,0.6088829634274802,0.6807647155209321,0.0565290271398528,0.5085212879555966,0.7307633932906452,0.542825955076294,0.5548114839956303,0.0858046927976619,0
0.715183341613728,0.25010052419429074,0.920861501363544,0.386192356677132,0.6761371374235531,0.36483822543805244,0.3445922139112655,0.020757422657357825,0.5530002433677634,0.7978611966321363,3
0.2180167779942318,0.3287681363880784,0.8020317004116602,0.8996717029885428,-0.14691873263292735,0.034272346442355855,0.6804721590045107,0.6608447959391707,0.3420386288010085,0.8100192810316796,2
0.7935105107151726,0.2666840797971396,0.5080392402685621,-0.02415373302390289,0.48128317519277886,0.4733462375433548,0.5494692469430009,-0.1699595307839206,0.2808298456137247,1.3466894916576058,1
0.7960339875358189,0.2338766703096179,0.35179532391344753,0.222953515389904,0.8319735615449125,0.8813713354351748,0.7541854885485679,0.5462982615009829,0.8109727379224689,0.07502494629213384,2
0.9651519796490481,0.43446728758764624,0.6507680193875123,0.3715342626846422,0.053871461014884534,0.8337674745343711,0.4551050530961817,0.05772798961738729,0.6339230892253143,0.9734353443938358,1
0.9513395726678069,0.9751965095779443,0.621403572452763,-0.02769447807419253,0.10831034188216737,0.19187491835228176,0.0301344207588839,0.75135670591632,1.003066205584258,0.6826868118706603,3
1.6460247962066803,0.1120855175983887,0.4340732403369205,0.23781544313955372,0.005139631051983451,0.8669449272062387,-0.45185560902853084,-0.1688720751016014,0.1484905890167118,0.8077613150663427,3
1.1038812510719436,1.168893374889177,0.2177103537455547,0.9841203564892985,0.18958415360472514,0.5466496957466592,-0.05892701972067782,1.2358236819426325,-0.13249110464933725,0.2330833138598629,0
0.8756143061442577,0.31862528285482533,0.7072721701838657,0.027722381175710437,0.8891884042041287,0.010177993810457746,0.8751892040886046,0.661318711744942,0.23244986160313238,0.767677692110725,2
0.977987151314685,1.0052599161101818,0.6485782311741809,0.004339022840860979,0.09527193378043537,0.21373822363677286,0.024199130083168197,0.754840066161499,0.9797087996990768,0.7005915017663795,3
0.9245703435502716,0.4219431488118995,0.8765633229478684,0.2591252079758765,-0.06492973506050578,0.9561615758592832,0.30455468406478736,-0.2224749996322706,0.7956316395976165,1.1910751541275404,1
1.163940206705923,0.8637580895579795,0.21837212609431206,0.5852739319739295,0.5438803729631205,0.5941517309936857,0.12448494192287751,-0.14887287931184512,0.977106767755457,-0.27846242279050765,2
0.14868733657683858,0.8574027600288882,0.29649227527611766,0.8316557273932975,0.8199147918789885,0.1218247763978346,0.0660251212605821,0.673634054854435,0.2173383388816264,0.8911997066445702,1
0.22156768898121332,1.0677111979841545,0.6151619826809646,0.5744576487684834,0.9278935646666862,0.3383456513480141,0.868295918520906,0.31008352075936424,0.7804347333185434,0.628914492719593,1
0.9466682630731599,1.0182119448705538,0.6179267545061655,-0.010406176632683811,0.08772715620466613,0.21288821318315873,0.054168208708160664,0.7416941000736947,0.9822390746970565,0.6743054839392922,3
0.6870112370640683,0.059771359726042986,0.6470690156178297,0.13530922817631952,0.7822538376191273,0.3464623020569644,0.5437906690407645,0.21136782592022002,0.6428076959863043,0.24136192168198733,2
0.23872043704760015,1.0455519942578277,-0.061272466630046096,0.6942238127444531,1.123482503240818,0.27806562895178566,0.3029716774202719,0.6258407806846016,0.5706787836984311,1.2145830633506791,1
0.47001362166450783,0.8426359967708903,0.0727575109013148,0.36003723969941326,0.62859728384254,0.13587535517802152,0.8855144964643675,0.3496358327746843,0.669756682511679,0.6031588773030561,3
1.002180024919193,0.9915382029646331,0.663007781356457,0.00547943144054343,0.09846634486743154,0.18525202017044723,0.01969778343512306,0.7247479406128067,0.9645475126449159,0.6671301769251964,3
0.3642946675792137,0.17353938390777202,0.06908925881539377,0.6825317473651578,0.5760125300677418,0.29922673986710024,0.79334932757064,0.33044573751256967,0.03893398142085874,0.5680201783122363,0
0.6285654831061336,-0.2006738784964413,1.611721848299063,0.36305426955865344,1.0819914734962512,0.4398526282143108,0.538051271296191,0.6676246416925706,0.7614242527627936,0.11588710671709429,3
1.155532045669383,0.37725810369626006,0.7479146866272562,0.2958255683956401,0.364854621869011,0.6639367212381815,0.44022322774711914,0.43367495533408934,0.3358605774773416,0.3075306626937308,1
0.8571617624317158,0.3258230495140651,0.6979408114625666,0.05165638042988711,0.8800809319680183,0.036908666531193166,0.8847302644494801,0.6749734317801287,0.21611480668441949,0.7483873656159753,2
0.2974219786723114,0.6849832704319516,0.8775355783731338,0.057330267908115726,0.8437703042360739,0.3620948657707788,0.7535871353195068,0.5818650906914843,0.18063977130184827,0.24341219002174275,1
0.09179555395731424,0.3529497286883119,0.356061736603191,0.9922363613133436,0.47004703805793496,0.7835814255802416,0.47122698213431957,0.7221028747765014,0.5540762105443647,0.6426173342444417,0
0.8991769470294066,0.3064895174901772,0.6967872400134733,0.019543425655321918,0.9410059844679677,-0.04467038276056221,0.923157118046211,0.5984384022033791,0.17827679837489077,0.7267548882690135,2
0.7480158997374299,0.7567253447014113,0.9292897706790237,0.3803342391603816,-0.03230246634688291,0.4231954073007279,-0.07348081751684737,0.7236369946676106,-0.11015448052979693,0.4170489657407084,0
0.9702349695447133,0.6461855293097716,0.6663019452490627,0.6072045471577417,0.10654614200826805,0.5687105198245893,0.2265007512716134,0.8458491476303036,0.012433568824834953,0.36049398011800393,0
0.9554816550921937,0.6619042174238646,0.8595384223528358,0.708725972576717,0.20050794162921595,0.3858338547618733,0.2560125095861499,0.7938301844066473,0.10198411315922658,0.723962737526179,0
0.18762262742875763,0.29806644814400884,0.7004610286522449,0.3808061182612835,0.18522451899361864,0.6160070336299726,0.7776913396897034,0.8503929504440215,0.6040004019617131,0.5300160736834697,2
0.7539174677058599,0.186991318617847,0.012478839241354706,1.2290707019372582,0.2441650196644763,0.018875510345784385,1.1960637225839115,0.19026964684704684,-0.08855448710942948,0.8584175819925722,0
0.734379421710168,1.106661568409784,0.7007329973165481,0.540434396754078,0.4203088242125277,0.5176010662320308,-0.07819844528674652,0.547060530686303,0.14081114948262424,0.22274715164160916,0
0.23320606290254814,0.4142461528683137,-0.26387614335532006,0.7834443340908913,1.1215900424255163,-0.003812970400661392,-0.2803141080849954,0.2222818925347515,0.6679634731036688,0.467783657808961,3
0.8000182836900782,0.5824081927017434,0.7785326471055306,0.3765878441408749,0.6382096965404915,0.9330521327426703,0.2900249969764448,0.15683034336042126,0.19543718601322044,0.8594000098127891,2
0.09320028569829016,0.9243583260695072,0.35800434087487715,0.8814118816440917,0.6977261888587898,0.12315426414804853,0.022138540619526872,0.7876500127379658,0.23477173365810314,0.95459263989634,1
0.40094771769819537,0.29419724413998394,-0.06862241862828303,0.8495568786106927,0.6465927406021241,0.25886974700131116,0.9110682074983923,0.4019445858433988,-0.07075112877646324,0.5986573844139825,0
0.9795065501430282,0.993215498707055,0.6359340582969838,0.015455950861779052,0.10351388925275547,0.22413410106436402,0.02041794992473904,0.7631605758298666,0.9786352017274457,0.6913881535197332,3
0.13827813180076615,0.9882711513288608,0.7304901153392913,0.5311862919145958,0.8589146336456596,0.24529147055902387,0.9326031569174711,0.36167719470279525,0.6734894793383251,0.663779530557622,1
0.9526490659675535,1.0148823764385877,0.6285203637093142,0.0021584719190140484,0.07564480109634275,0.22074095656770987,0.033705605119851885,0.7326113811444,0.9658974133869446,0.7014543009447248,3
0.31828375155657057,0.17353761303705736,0.8136731885145481,0.9153595214837313,0.0927959371868926,0.008160446392610848,0.9663113155424831,0.42387222569465266,0.3362990331600727,0.5882791452449269,2
0.40660817007455496,0.805698534310819,0.0470182478202732,0.3184418320661734,0.6466525723274953,0.16614052954228412,0.8717341058081102,0.3569509105310747,0.6777204796596907,0.635028278087169,3
0.2309595481454136,0.8090208972532948,1.2639115736500353,0.6862845292814832,0.06105214714408757,-0.10201287863773545,0.9050369791468756,0.9361301044350034,0.4483265848981406,0.6548879306838911,2
-0.0044145985284768235,0.8032918925364877,0.2813067545681723,0.6895911742187848,0.9267687557808204,-0.03669843463364619,-0.024536830255435703,0.644150849261644,0.3387256389045148,1.0940320581614429,1
0.5047447358464247,0.8318972599599183,0.882417692282823,0.4781627087851794,0.7608910926169581,0.8103539730210519,0.5298034944143448,0.3519626616728213,0.726169117215422,0.47254870437883106,2
0.8780756442184109,0.9145876864964527,0.028735456193103873,0.8416130591279393,0.6612855916845586,0.3113423187899211,0.8213002189052527,0.09583707690178035,0.28717089427856923,0.233272541325581,2
0.8107119304421894,-0.024268015714340743,0.8767304522723056,0.16869892791284158,-0.033685087021324805,0.9790483229612108,0.40623198104864644,0.5850491207758192,-0.016116417726084437,0.7309585899669775,3
0.42145565288070497,0.25815956926703343,0.88829491167879,0.6495544119237526,-0.03218599597344662,0.2965459574834797,0.9491419333839566,0.4195105134221322,0.1677148690313841,0.5681138835926434,2
0.5216528774589889,0.8481089612107756,0.8787386398913771,0.44333873580819827,0.7276655117595398,0.8032844274960405,0.5333988277648092,0.3228584616850538,0.7654376735702674,0.4935428937532729,2
0.3983312726746881,0.31173229499891125,0.5006910820212697,-0.12226126568524731,0.12675474580426135,0.07087597990196036,0.352704431800977,0.09176122298632598,0.8753891228740918,0.5321053831107871,0
0.8732203640835319,0.853094315202874,0.7032346483328696,0.9398437698633582,1.04600304725951,0.38259799363620683,0.3402936321459057,0.9207905371289331,0.3673720699875876,0.6269549471725484,2
0.6957330804523465,1.065483140356319,0.09138300414599543,0.8210522769377944,0.5988802253762814,0.19970191007618887,0.9837704400775794,0.14575911314277837,0.2215132041561605,0.25754048638016724,2
0.6592701214715642,0.06226810484182374,0.6117948360169078,0.1835650957128705,0.7317473559902682,0.2861385295494898,0.5578291813464413,0.23077696637796363,0.6713488967562493,0.2269476852237622,2
0.9715791913621121,0.9990197065525651,0.6458423323216049,0.009124582620573802,0.0974927968527544,0.2157461290282926,0.02650646249318524,0.7527013961753122,0.9833215644118349,0.6981058219509774,3
0.3143443838571117,0.5888052914442089,0.3588947059259886,1.0121956857483834,-0.21388882081359906,0.49098947358592715,0.567879851504203,0.1526540085302558,0.894327753050088,0.4523183438533606,3
0.13981876807770932,1.01226322697449,0.7105154501686596,0.5629160683886852,0.8494936441928167,0.22228266100303945,0.9197624202176219,0.3552796672027214,0.7033405143892552,0.6824894574800834,1
0.3405576572416744,0.49187955400327693,0.3734321860583144,0.3420264696886606,0.0316952637744622,0.47046383858494223,0.12221338327144435,0.968407455712559,0.06349136197684106,0.3642244657256738,2
0.8622698222790021,0.3434025879461554,0.7049778075321514,0.02276408420814861,0.895673527776778,-0.0072236550438319926,0.8439319869645086,0.6804760118338469,0.26164620462753535,0.7554590406519769,2
1.055260317276104,0.5064184643006506,0.7057861981578148,0.43969433469458746,0.07195924663111111,0.7841422138364449,0.4984706756541417,0.08691287943477306,0.5735020916606673,1.0170024632544885,1
0.017481987127457355,0.6176344265364265,0.8235678395079149,0.22537850429471645,0.7399487808118704,0.6890892724342955,0.5380934773463941,0.08650448231992273,0.7694056097818507,0.020237329095612183,0
0.06907002615430735,0.0548380624250505,0.5531551897991704,0.5220905740196343,0.9186474396816968,0.28289688882716957,0.5027675652093544,0.8522465029434303,0.3785372655133356,0.2616795705970566,3
0.7077018554455814,0.9961461776328644,0.8225513105030564,0.6297791009222257,0.31933695066264794,0.8721973668131785,0.21905587017718883,0.19041756196295911,0.5639637100009394,0.11240733763754564,3
0.7219475205938906,0.21332204317595913,0.8813117862555976,0.34251306008217486,0.6868567025526346,0.4017958317324427,0.3563736966145224,0.052721840271945486,0.4989746280653425,0.8297440378780961,3
-0.16116355644142621,0.44215579785845927,0.031186455541270364,0.7011601527712688,0.22633254580523945,0.6034039848973844,0.45231457582960743,0.5213939825672864,0.61853764922055,0.8002048316376666,0
0.4543455311650256,0.899855922657346,1.100099581587191,0.5736795864211393,0.38267759988253647,1.2242840227064726,-0.07007316608500874,-0.03192889942972149,0.8674948913323709,0.5265901554849859,3
1.0031011763348552,0.8613485063189563,0.7669196610174304,0.45212666820598835,1.0055128981303432,0.2649477103982969,0.3260890673736352,0.14238702655178725,0.9347749908571863,0.24011591054775933,2
1.128456856428121,0.6545069440670024,0.8385910841239251,1.0540916995582301,0.6594139294521063,-0.06129708152401958,0.417009107274914,0.21337294510083543,0.49551885975655596,-0.17893747376897515,2
0.6699139360819972,0.4864239919376315,0.5997085080326621,0.6899124089832795,0.06439148298059916,0.5143719003055701,0.7451369585724246,0.5379366040694549,0.5410855724410105,0.07221451623644065,0
0.8796267210589807,0.2829923937231498,0.7409145259650839,0.05816130031828505,0.8708900802221522,-0.04721721361747239,0.9296879842013576,0.7218808648008346,0.23337943146023415,0.7882395220464613,2
-0.10673253337622826,0.9688517703144963,-0.18231164260383909,0.05653023518282416,0.8970359612347217,0.497600827479279,0.2985488760002282,0.4985810354078066,-0.019160970257436294,0.2617189866104469,0
-0.8235004131580116,0.6846085552148068,0.2252659240753767,0.3395972860024967,-0.12359212557364685,0.7593579183265315,1.2912445685132208,1.1712780166190002,0.6638520114834289,-0.763032016744301,3
1.0024257436191921,0.46037783448902725,0.7737973872833828,0.40897213047699177,0.11442009340938777,0.8677757679903568,0.46239556814011723,-0.003953072046020934,0.6467277165649264,0.9690714070351778,1
0.7992275169060419,0.3379359387573863,0.5529542010883692,0.3602826081151129,0.2061435124882361,0.7185689441362728,0.4635165391568984,-0.022430016214357956,0.6957471564390054,1.2112818454305905,1
-0.0025586167229552925,1.2687455678261823,0.5978213825876042,0.36551991276116685,0.7850264984340156,-0.030998885556245193,0.9230312013235838,0.4289369529985782,0.8387842676174739,0.9247289030502488,1
0.19488696528863328,0.6754280769475733,0.7788553207574518,0.013013556013928094,0.8011875770820227,0.3946366833762863,0.6563795133063659,0.6510713470765851,0.13637290696206505,0.2665297412440061,1
0.15540721470663088,1.0313522360259184,0.7432026094345973,0.5114967095490035,0.8659568947981786,0.17303605888505513,0.8995213470497606,0.40546571207017945,0.6946965048879671,0.6732448716501302,1
0.04084921327265576,0.14887517695488506,0.5343643112896985,0.5078071465332874,0.8605338705923296,0.33580569141350497,0.5182515958394122,0.7491441395401865,0.3801088680120878,0.17604833248963553,3
-0.020028984982042267,0.21824659127945484,0.418765019021492,0.6206444916214933,0.39978796148511575,0.4733545760454185,1.0784275429405938,0.7260479424547682,0.5707753226143488,0.40524486330061604,2
1.0013329314871555,0.7883281677052961,0.8121873967708834,0.6374368674815308,0.06299019405117877,0.46592334807864155,0.10688548064168968,0.7020739765828493,0.022050113967685317,0.46774470954541164,0
0.852953267436955,0.5831216256715741,0.809439928748567,0.3934199532146494,0.5920977442363434,0.9665388505902941,0.2376142204593891,0.1697388683251411,0.14914059964713106,0.8526736063627854,2
1.4214230007038142,0.06283618989561561,0.0740533866072769,1.2928292842021645,1.1934132079267759,0.7989508505528631,0.48628996943664105,1.4731285992668517,0.868249409043681,0.39148438714195544,2
0.44702204327171824,0.9611986219996929,0.9798955627763287,0.7566134828595145,0.33613851504495396,0.36792111839178954,0.1535607984108551,0.7742721473206731,0.908596188146675,0.9416564901704768,0
0.4978874515116824,0.8621718631392107,-0.03670025272267778,0.3264330931491803,0.6221886153036323,0.19196858415061907,0.9927744602828906,0.33920976317636176,0.7046425551544792,0.5586814335971081,3
0.09640840520321396,0.15478745761369778,0.6144657256589563,0.5870323979768387,-0.04935980626496894,0.015877409953185373,0.543366985062177,1.054011566683002,0.2772391110476331,0.46115066657169534,2
1.0339382599961362,0.7750650297297697,0.9310096591883855,0.49530072875471537,0.09441951339420898,0.4099834331602244,0.16340731375925616,0.7875869555683722,-0.11169866547614785,0.41171357939756964,0
0.6059123442352217,0.00321322542034215,0.6210497069357118,0.23756853316298665,0.6891716230621862,0.38251665120372647,0.51251500825552,0.20309084710023456,0.7075463188789568,0.3355177984864141,2
0.012635824090102056,0.613909240896918,0.8142284837331731,0.22700001180501841,0.729953816686254,0.6786786102249008,0.5312416115977079,0.08198570378975852,0.7784884119858456,0.018703061834975887,0
0.05596539455645821,0.15398116259994382,0.5253432040599768,0.49630826176459897,0.8782698263068962,0.3375258482334605,0.5112705592577255,0.7385043112245372,0.4009299640384565,0.1574210311598898,3
0.08143756823485465,0.07389657486610757,0.4962705845950899,0.49817615018655725,0.33157941651045814,0.49983198897431724,0.9834149559538454,0.834847919939501,0.7052928249536293,0.40111953183789706,2
0.3460761553690233,0.5377650982567399,0.34974887923721176,0.31962625975840186,0.03153447491178645,0.5218453999927539,0.1831613511764585,0.9867619494977007,0.10902133544742867,0.3648045564427858,2
0.6558928330453184,0.49584634285713475,0.5855357280425187,0.6886881675895575,0.060882548259297176,0.5097990818552739,0.7393354558638501,0.5324503775141364,0.5552809126708508,0.09317127564113463,0
0.7303031682034382,0.25491075631763926,0.9054990643147012,0.3865943872814804,0.6890547926615391,0.3747541973237725,0.3385235543033919,0.009054450329895491,0.5485920436549363,0.8061032690902661,3
1.0973675420744422,0.23382873933987758,0.6472283881981786,0.7056578600584991,-0.05767107640846722,0.6178778986056492,0.7436631095253488,0.14140870694381338,0.6067302780204371,1.0451093277289574,1
0.4042826809559935,0.1320882086398451,0.03302467065820491,0.669512507029407,0.6169038231425344,0.37330919322480843,0.8802557774303894,0.22335249402480184,0.02034471163523178,0.6865238565960127,0
0.9751582341892261,0.9764063806011763,0.6084072074712306,0.6344220288508668,0.7758267441294078,0.25584997716866464,0.5047370151170855,0.05286954485137092,0.9227796074539555,0.02825176383362569,2
0.96564741238481,0.9259812786707339,0.1206165317383913,0.7944753705432936,0.5002760133425628,0.4024015126950217,0.990729989276963,0.03482998903288611,0.18691219767836753,0.4220184405592877,2
0.0300105556668383,-0.6693094163474234,-0.6465060403621006,1.2435371882393529,0.7350471399418306,0.8689234438564843,0.03902668812870334,-0.14053267418099247,1.0522876073058653,1.1325804942785114,3
0.9060389522744233,0.8975093520375536,0.12294275042492372,0.7728858830253621,0.5654617069864369,0.3280575170641215,0.8902634161074159,0.023369669036740072,0.2964287808435293,0.30785100182461755,2
0.07896825293941254,0.03146388356930324,0.4652267006639727,0.23667273994754853,0.8270093199412593,0.34973379252540504,0.07938276574206285,0.6899302670514327,0.9532584208683491,0.7907511805412839,3
0.47655376727556364,0.5791634943911065,0.2152873311938862,0.7170810154096297,0.07676311871516689,0.3018156286328498,0.7938702997598811,0.3809725378879324,0.715522203267554,0.25458010531661357,3
0.8128687498754482,0.02811270830700626,0.7675156975495563,0.31030381966685927,0.5732259717249034,0.542587249757695,0.35655261043015374,0.40738474788069523,0.7930541090596135,0.1575346502738738,2
-0.22707214203028864,0.5453383134333567,0.6638072262079401,0.6277769696463755,1.0034912757997705,0.08805571445672906,0.022126096260192185,1.0086631627296678,0.4355106876092348,1.0924909069581796,1
0.9327579459139654,0.8749498267533686,0.5611913828438433,0.7312717966545763,0.6361865296410107,0.2502335293679634,0.6224852406510277,0.7091767183278261,0.5967598671842255,0.8267975793610799,2
-0.1551052566549302,0.9079141720612294,0.45172724897842054,0.6896832099630904,0.8358078633839953,0.1322495135132054,-0.05069090104681229,0.8830603103441537,0.2509255880598402,0.8590895192469519,1
0.38474312067500976,0.8859489909213575,0.7527797950232149,0.5564789520803269,0.7819130827579291,0.8976758223916215,0.6675981291501243,0.23945027420450254,0.7050662475950463,0.3771952827772984,2
0.5936639599363314,0.5577043247171203,0.3159082942363848,0.2965787628499745,0.8131703977956498,0.3576585780261817,0.37231794536217117,0.06277350542858164,0.2236441118799517,0.19068040805074613,2
0.8298823429370826,0.37402143228256535,0.6691735079071961,0.025387293003600216,0.8160145142779237,0.028340929675625126,0.801592175131949,0.5793631310304493,0.27762172739283614,0.8410661706203275,2
0.05653618652062728,0.17256535009023974,0.5164341250647622,0.48768498649141667,0.8643940009846409,0.35119448954781113,0.5247041387893213,0.7397536732903476,0.39832663260874634,0.15186172416043642,3
0.8655006023284323,0.31391800089406774,0.7059067547192195,0.03189301948181623,0.906955384797535,0.021590667587589707,0.8836512267373562,0.6504167220004339,0.21252688007919812,0.7694558272707575,2
0.633779533944362,0.13846301917227266,0.5247309488766015,0.0985250966557922,0.6873291287475375,0.3747313787239228,0.49193248146242713,0.14799944533874843,0.5452243377825562,0.23809640955516412,2
0.3541191061027814,0.3065159858613251,0.8502436266624095,0.22649635636568055,0.9192022215535154,0.719340197619813,0.8370233120971872,0.20118165846394448,-0.18263309693634816,0.45239832246842926,1
0.4667593150507739,0.19792014052247262,0.210170990356401,0.7483049434043472,0.4965871451600564,0.3156524430370883,0.7066882887835322,0.4296508353789325,0.13737078032672956,0.5092316997450528,0
0.7907091269751767,0.5768998631246743,0.7988222159745925,0.373490523476522,0.6379110059849462,0.9066942191314276,0.2672237585963984,0.1479485085845037,0.22320499537609606,0.8350451538760325,2
0.9755002299866419,0.9986550278158423,0.648049291949791,0.004937796797615367,0.09727193585452272,0.21539594915381774,0.024811269320067483,0.7531901073913888,0.9839630364909979,0.6953463415331874,3
0.16139860571184717,1.0884285534445017,0.6945563680389878,0.5241904156384039,0.8933705161831594,0.30870191575704375,0.8863011777438174,0.41799739876862796,0.7071168007658775,0.7533469473306454,1
0.586977770245965,0.5499043608562153,-0.4410192626264299,1.3356732440644556,1.002249853298741,0.14006972786201585,0.20268747013309477,1.0028292817509157,0.643594609967657,0.44340357436911704,3
-0.1727705984106562,-0.04166331330635756,0.73970443391754,0.562134671810859,1.0718870207007314,0.3841391320831467,0.2343996292317696,0.9439790871143109,0.9841151690553926,0.717242988122013,3
-0.0974572846776447,1.353275645606978,-0.14584161431036363,1.2815487284734806,0.8303787840938827,0.09811716878997519,0.14917406851340748,0.73721270857196,-0.18071571414912296,1.4013489597041788,1
1.1308498765105566,0.30384339887092904,0.614213375027871,0.11720064278217396,0.37902153786720466,1.118849909039536,0.2543246480868508,0.0671921475182355,0.7620959551847758,0.9754100716070186,1
0.06333744646199269,0.12537848315452635,0.5304183992929743,0.4825050814349765,0.8502680897240295,0.3392607129438729,0.4910586863473095,0.7212252905295549,0.37883703975786404,0.13299577921948952,3
0.32117271478063875,0.2315538090153037,0.04977168774276425,0.6856884185947131,0.6145010197477149,0.34208276290696354,0.7368041801761321,0.3886440198069836,0.12205578491007801,0.5419705878445918,0
0.5109822307147137,0.5068414540168135,0.40498718364922515,0.3747699283291592,0.13560653278321144,0.6060645357270098,0.6369639160807662,0.49307935250234625,0.5491255368444282,0.38969550595980446,3
0.3068092106232295,0.34467357678057653,0.8630451972717895,0.12352132647959704,0.831682987154582,0.49229335964091947,0.48301600246989373,1.103229965992046,0.7821762529264527,0.273806070526122,3
1.1219738793971994,0.35361407916389387,1.0109032041541555,0.23103033653233426,0.21978174905018105,0.4066410288410087,0.24701732901428572,0.7878371597492351,0.24465397016792992,0.171237367668194,1
0.9202283731013322,0.7266679276352951,0.9726222996876817,0.44494106697737584,0.1960074534593215,0.5842173297639495,0.26898153389477164,0.5741210342997529,0.23451951664679277,0.6419721725418428,0
0.06036959966590227,0.668907451975555,0.030523449051349908,0.2554163042040734,0.8356801981810328,0.3903672946739696,0.36387983268290436,0.36943316703353773,0.15577269483219652,0.4049421191753333,0
0.473966216208504,0.7550520823427731,0.14906486959822324,0.31825164753982255,0.7540387405939714,0.12806551754219495,0.838906478343143,0.22027249152143608,0.7981375814481712,0.5294894012218773,3
0.7662568553765822,0.575194810072182,0.7985617274951646,0.4319395895405933,0.6206904903085841,0.889970072499656,0.3549714888468155,0.13283594689723002,0.2621025006451087,0.8969665661922569,2
0.978304739642229,1.00282954164229,0.6529134776922224,0.00791980974799561,0.09313487859110081,0.208464596288015,0.03019535776884358,0.75288273538422,0.9878393421561557,0.7014937966751653,3
0.8009982502779857,0.5816973302021833,0.7767365996731435,0.38058916315307295,0.6348938864448043,0.9288798015853136,0.2930714569021403,0.154610777230923,0.19601900298404792,0.8568392663271069,2
0.4437523005315166,1.0618505077841467,0.41268871506759247,0.18136957123524738,0.3179515745892663,0.9338924692712254,0.6878922544139444,0.5046040841783492,0.43667486592260085,0.4884180312748937,3
1.0412450587543072,0.714141647297828,-0.4351070651769956,1.2156354574748418,0.20203884253115245,1.4797695158997053,0.24336930828650527,0.8604826520683113,1.0034230900836147,0.17602964369497248,2
0.3696559312599838,0.7070661141781746,0.8838243223856916,0.7526567292843918,-0.11120064214469899,-0.1500416544130896,-0.18313091169524848,0.6199226626346744,-0.016883996484377634,0.1627667530123011,1
0.3679273678216204,0.8047871232609848,0.023987699901059638,0.32220536514797793,0.6871645956548064,0.1522907140841107,0.937930181192362,0.3735004970769603,0.6662980773323897,0.5502328294110793,3
0.8410039110576456,0.9554000377665001,0.6051838117370583,0.7298757726938396,1.0290443215789182,0.13134314007592135,0.49588074648119407,0.6903973998877599,0.3884396220725092,0.7208206042130176,2
0.8646324451488363,0.049429910577309694,-0.3007974507003788,1.3910831339883325,0.6395618331197015,0.41410061109705454,-0.17223951557184003,0.7869456291088233,1.2283130917303935,0.42486393488383745,3
0.016349901101195018,0.8749697002837437,0.2811180348750235,0.9463359741169584,0.8065401470164267,0.09608377721571075,0.04520264086777479,0.7519781700308091,0.188891541469895,1.0019977253251078,1
1.184105807273894,0.01454317561449947,0.761866335749253,-0.19925798738448586,0.279076059526039,0.5078787022771545,0.001992668860180735,0.06985540275563262,0.29119873412679714,0.9238249562891702,1
1.0743751966101502,-0.0008112178289285676,0.7007211815528941,0.8055412699986328,0.588987889265974,0.9825522318963769,0.26970547079809254,0.9105348607747636,0.7193067605970541,0.11630104428639856,2
0.3629106020907724,1.2326720818857033,-0.03112160317840401,0.6069109301905343,0.4843235302726823,0.5385266590953645,1.0583026344986455,-0.036879066433140845,0.34911148038602346,0.43331709638229565,1
0.19246162796004457,0.7952410592946901,-0.21825115017669355,0.4136297633212098,0.9882275413074806,0.12414379683823279,0.2716772549353752,0.0877702754118001,0.36548861738378674,0.4946863885670477,0
0.5996956917910324,0.5588763149207354,0.29600768001185995,0.29932834108761625,0.8242817000559185,0.32908735911630127,0.36803227099378927,0.06615815951166029,0.24576517553411106,0.20076647847564144,2
0.011806764521249772,0.6134486301735627,0.816367376584473,0.22603426165569987,0.7280057854685159,0.6771734334099097,0.5297479429320787,0.08299451774749711,0.7800184394482624,0.01848355075109158,0
0.37624882729658105,0.39797691012121683,-0.09264399348350028,0.4370462198305431,0.5206024951992102,0.0016661070767686748,0.9032866520473916,0.15212349561812372,-0.2855191966050968,0.45167503008944787,0
0.6914730445373363,0.8867793509457722,0.23042492273286608,1.1267869176179819,0.45867292833816664,0.5395931298682517,0.7287533007052837,0.1211386207793308,0.924126509579423,0.7601518315957967,3
0.6413572821230686,0.26409580559133494,0.87642267794999,0.4175692063448946,0.6825725661993526,0.3261708396455822,0.35850833391828935,0.0036042638805114414,0.5830444580683751,0.8219263054515932,3
0.6358423764773555,0.04113817861043368,0.8090956889954278,0.2504207032687392,0.10956787982276259,1.0521893390423018,0.17743909940644065,0.4718618713611034,0.2145968886958273,0.860126927833707,3
-0.1062346359387667,0.16843834692509818,0.40988339303780785,0.7963937420924945,0.3448359990370825,0.6292404418976758,0.4901011202056772,0.603687006851369,0.5995207089139999,0.6200506024539817,0
0.47877679408482626,0.8053792463798928,-0.0059522439311902806,0.25784635668946504,0.6118026403981589,0.1484132437014615,0.9211541428414005,0.3459473294484584,0.6277243043229292,0.5665875962117166,3
0.34377211512227185,0.5161711114083247,1.199564302486764,0.5704063939051643,-0.017405787161688648,0.331558838001608,0.883372081996157,0.5468443638357136,0.021177313738772796,0.7233039514395673,2
0.799121356076501,0.046833715369180004,0.29635478340695565,0.4573373395404876,0.30835418312894913,0.14029111391413415,-0.11786166249155078,0.08920777100633608,0.21897423981004227,1.0231459601256614,3
0.64673595039927,0.8100724404404207,0.5923609168916508,0.9537923975255866,0.20652109080180014,-0.06271704785100632,0.4139212967414393,0.17487266845862237,0.19653632089171869,0.48377048745764745,1
0.7834771260282729,0.195069951124678,0.29372123192631316,0.269560882135074,0.7905182996478076,0.9026017403369015,0.7255118565561893,0.5452513760406492,0.7925019223892771,0.0871798249128571,2
0.7454399425979805,0.044023942870507086,0.7293086122967009,0.2281070231436411,0.09341077313465675,0.9698215325698323,0.18150220252629454,0.5101893669664601,0.1865396885933913,0.89183865330803,3
-0.19795258623170586,0.29040903368297494,0.33911331596492045,0.9867415162247131,0.36411770912222197,0.8978456114907766,0.60418723960483,0.8459266033827119,0.38374510339316736,0.35194058431893815,0
0.38203746850855536,0.5627861585517514,1.034776647556319,0.1726281897133016,0.8958499398059614,0.34031254689403456,0.8784477853467108,0.5982018550288777,0.1354798559992383,0.1696689019672869,1
-0.030237707730597765,0.4231662625053226,0.021513429328269395,0.05036671265956033,0.7255173925796217,0.6042383855173371,0.5023288107673631,0.16422403618088738,0.08295587770600892,0.25460146797090816,0
0.973332143138875,1.0004237486152079,0.6467551467368625,0.007833343155406068,0.09526077878106746,0.21498660085716423,0.027481817820921028,0.7533780940992302,0.981704157601835,0.6963360675566925,3
0.964503544602353,1.0066377246828169,0.6559651983689835,-0.0044587004666587875,0.09729208174451574,0.20769125369733016,0.03888466231047673,0.7453535569382269,0.9888675454346375,0.6862530977210374,3
0.48674953592836734,0.21642282347658756,1.0364450758672226,0.43530369051302653,0.6601306239008549,0.2877446542758504,0.32458070196747324,0.4128303539815208,0.7475242690440972,0.5592847529515552,3
0.060556494787732694,0.15629050656600352,0.5223881538706259,0.5022166718816244,0.8738354843716353,0.3393903565565244,0.5078919406693736,0.7409904040057805,0.4061495473789829,0.15974297987505492,3
-0.14303638375648997,1.0511075416559694,0.23326630178370983,1.0181335107292069,0.8127691791243035,-0.12285299990005169,0.2603557138869487,0.8438620504770941,0.10134275019545853,1.0183669195297633,1
0.6681541399736542,0.4832080988696633,0.6002539347943741,0.669705705575172,0.054721500606510654,0.5284135740974513,0.7578511928897534,0.5497666654542852,0.5647232969305961,0.06876598507317577,0
-0.08738391269952436,0.4949722221769757,0.3530193826569949,0.9008961417564292,0.2727229162367939,0.6964509424357235,0.3519364658548161,0.8657765302551274,0.6647656018117432,0.6608345049425881,0
0.9219353674017011,0.9004618320590341,0.11718568203357527,0.7793618717008886,0.5517168185308017,0.3248572497823676,0.9015042702078093,0.022694706161432064,0.3001082895192766,0.299869333951969,2
0.8236800690121651,0.5541010712537949,0.7902159685382821,0.355475235137924,0.663179266774476,0.9495080035653416,0.2949645505260675,0.15928918277980136,0.16825642266800428,0.873728161530457,2
0.25607483538096754,0.8354191036532114,0.7890899402081434,0.7162459194646758,-0.24787437505953341,-0.145440966584929,0.19537252447859654,0.19039232016493682,0.3023076377918123,0.5677835996711444,3
0.5543288432937501,0.14826515231444892,1.0524847276408231,0.36448858302033993,0.6993685313589224,0.31001924226132815,0.38753133703784903,0.3865137964578173,0.8303327648873207,0.5393419452566593,3
1.0387231684490037,-0.04539019283078048,-0.3475369887439975,0.8011990558187588,0.8408832327587539,0.5437332428344688,-0.39302360518282886,0.21818640715653553,0.3263665361020229,0.6719445611857908,3
0.6624404606249139,0.48845616129863284,0.6077885670067589,0.6936429133822858,0.056781028995920184,0.504017057178446,0.7554771323408785,0.5291865439877753,0.5470510649838939,0.0688508183335656,0
1.0066816679683084,0.9580187013553236,0.6136470002758107,0.6129304075053346,0.758582357574511,0.2503064473653558,0.5238053974443948,0.04180003578510313,0.8952073770237329,0.02931993735021225,2
0.19820393826585794,0.6858319356356057,0.7755081603799912,0.8068848076167092,0.6874895387717854,0.26399459638662587,0.7440404285182001,0.6208659012823257,0.3987595623014176,0.8861695502752845,1
0.0572264330722974,0.16153146538359875,0.48124537499159536,0.42828346017383395,0.2928596109324096,0.39977926733296804,0.8010433505967125,0.730197272095946,0.8006067869865963,0.5251164517399294,2
-0.03193112768144521,0.3972391466211493,0.6383680796022153,1.226127059024753,0.4887476159883656,0.8069046415945624,0.6629127651181702,0.9735862326363249,0.5525936805668255,0.5912587403940839,0
0.563637513553674,0.19388073893274674,0.5930599040386475,0.0205879920996552,0.04597528885065974,0.986552148976853,0.1415233800400534,0.3886533198926723,0.2839185577704353,1.002628419279672,3
0.09486405116806804,0.15761804937471152,0.4928169021494441,0.4570826119874718,0.9361108213392622,0.3117664822543116,0.5509170961728121,0.7562177062725948,0.38762926539430054,0.1879391500164472,3
1.2680271195506174,0.33832329697445396,0.8766723671636916,0.08018066292368939,0.7048031744800823,0.6911657259086816,0.4833806826539425,0.3557848032113026,0.18816648348357518,0.3502305408010182,1
0.7092288800704981,0.25336965464296723,0.9392381131347156,0.381143861714636,0.6868849183538915,0.3875202192809908,0.3164001816966156,0.02019064223635917,0.5240877695445069,0.773864908278796,3
0.007488252928042772,0.23383091171624149,0.3789075843520582,0.8441221712611728,0.21286995499219405,0.5173402211978975,0.5396221778795471,0.44738424551620254,0.3565685980764526,0.780198394728949,2
0.8759697524544061,1.1153203243072247,0.4141295855226309,0.5026292844102137,0.8035869482775028,0.08907387896367669,0.5565945858810515,0.15188672593070324,1.0738440615584595,-0.14702128388622746,2
0.6542998886271015,0.08207700191155747,0.6153111929972518,0.16175749920770532,0.739416865070876,0.31639911823565037,0.5505234259010624,0.19911258865464773,0.6431772749547224,0.26517504543467585,2
0.7833506504882879,-0.057299323058358206,0.7995192650451521,0.24252626717736112,0.19601806604963923,0.8677231314422598,0.27646676535174847,0.4264625233187712,0.15080968706587145,0.866376049205015,3
-0.06150002502323709,0.6660502165878707,0.8901448222044334,-0.21072820518920418,0.9934424493895797,0.3775971501431793,0.3967751641278873,0.5328230736395664,-0.07220390303031468,0.2313581646956739,1
0.6434997551074376,0.23573837104264334,0.9484996705298281,0.3158494972718382,0.6645555303990675,0.406974412547992,0.24857191528885525,0.022876371202520857,0.47669678628913736,0.757244196007552,3
0.8466294896491163,0.8474545519770225,0.7912238835777902,0.8112239026742302,0.9009798259544062,0.2615020335071314,0.35012220189922116,0.8006036078456733,0.3307703820405909,0.6373961992232792,2
0.3624648864332328,0.45931506402518,0.5045132089541394,1.400333898149805,0.8942174892153374,1.2063326802348742,0.7299114352870838,1.1061543637879454,0.7348023733177965,0.3646702519778021,0
0.17467188439967118,1.0246112363267315,0.6671751786513419,0.5589949210816676,0.8810181626583721,0.23546272405585353,0.985836696800269,0.3540749872545804,0.7182633483683052,0.6961117833264433,1
0.08859479528667649,0.8820840789505848,0.393253971333148,0.6748642270808066,0.5104460596515261,1.2206069280887448,0.6498266108317462,0.49859500535467927,0.5923002852293555,0.5382852044651888,3
0.38022817068682185,0.4200770505011548,1.025908247021678,0.7966832897748518,0.2167556992368034,-0.0800977907893538,0.10913184952200561,0.8384600474629934,0.21265992392637834,0.4216785481677042,1
0.7891098302951166,0.837133163855149,0.2875380382716425,0.7428379199296642,0.30828693079052627,0.04625027382903345,0.5560135339286822,0.17937945846764045,0.23831981966883378,0.6997560449580831,1
0.06434199344878704,0.687328338892708,0.032682720060735,0.23575054992107863,0.861358880686862,0.39433268990777903,0.3614788628231969,0.3589924170357369,0.16651900833156288,0.40825833923638677,0
0.5646840508821385,0.21007037030977915,0.8061053367702953,0.17801140687647848,0.34952107270207977,1.06476419231279,0.47116528112433054,0.5033910311929815,0.47964573560166873,0.5693076983819794,3
0.7567556648400549,0.20009436620586055,0.3101934675619675,0.2533873598699243,0.8116314849863822,0.9068318844334737,0.711592739021389,0.5669329213715792,0.7907538325233483,0.0638894827177119,2
-0.06573034219345224,-0.09279218434195691,0.7864109810682074,0.498266841016745,1.193116786632625,0.8058122170082263,0.014981447968142513,0.724595448567674,0.6845753730036105,0.9405993972704649,3
1.2428212415831954,0.2616117200836324,-0.024307362774486876,0.3645465995106105,0.5825107328419599,0.4498974586354583,0.5678029383505298,-0.07148236239107342,0.4126088846481073,0.41685179313094955,3
-0.14022062753272155,1.10234899881195,0.365770040926645,1.0150592424302358,0.8278940152425673,0.04331411941903932,-0.20061932700109233,0.8043837468334482,0.35970077753832985,1.0239125320851432,1
0.9481697345726079,-0.12718332822605571,0.7162046601694156,0.8101678743044559,0.5408123525181763,0.8356230362975087,0.04675632027599205,1.0098169804738077,0.6847555998510311,0.13271493689459252,2
1.1058121292610315,0.8565541509420971,0.6959355282379228,0.6429460071893879,0.20090299363792558,0.5251726815313863,0.06980192166783167,0.6578936644010223,0.15203789630181444,0.5552180233987578,0
0.7099126814489558,0.26524708340810577,0.9143590403727014,0.3718705165573317,0.6936116513310486,0.3669009233736108,0.3315277939141925,0.031223419473967406,0.5363216486146135,0.7965711320793324,3
0.1382733415545544,0.4270672658062525,0.618707623486796,-0.1197866865915082,0.7630720233775831,-0.18002359588125028,0.9429342610267424,0.6656664046146934,0.6455251184993426,-0.003391398956869268,3
0.7252021241457117,0.04923111472910027,0.7358046570558135,0.23461253167010937,0.0864859537927851,0.955908452234377,0.18511692902621688,0.496042444608022,0.20042504661855534,0.8833631773966956,3
0.692258582379644,0.9198482766006574,0.6917362993399907,0.923865172994641,0.955092598113794,0.24244614950511578,0.4154028535780511,0.7499077395611524,0.23733297665100087,0.7540031131555681,2
0.6108170174202321,0.5612486226520232,0.2884006261271742,0.28992858119168585,0.8106379034433571,0.34418757464262684,0.35934269338346486,0.07097963159650855,0.2413131286799043,0.19097086007813957,2
0.4795387928712186,0.7916565463274607,0.07073326437337103,0.37108035055820854,0.700960099085167,0.11926927697065029,0.8215558603416763,0.2762551544019991,0.6958203451341459,0.6142491006269944,3
-0.2781161301565399,0.7745549362556735,0.36308006501903795,1.208785047373223,0.1192525451126516,1.1949287493091814,0.7873316035965905,0.8996625242936285,1.0272944211321495,0.838669616881612,0
0.0303880385164783,0.6695872198309972,0.012314172114125665,0.2008109400817038,0.675126664596357,0.3996144184980315,0.45620118213205335,0.3083077233244578,0.12879543162745014,0.453771457243976,0
0.6641958578172416,-0.0734352652830971,0.9183545687250481,0.053405298970453347,0.3397322366688479,1.2155937640881112,0.03647384922003272,0.7225157652270556,0.09345864381525337,0.784582257968121,3
0.8024073442542528,0.8202858335391763,0.13386148476274584,0.3317312613745171,0.03315185498598387,0.5675581849995515,0.19095164837415665,0.04717666679798667,1.3043403092942838,1.66276907348496,1
0.7823707143926338,0.8734878159045472,0.7215583204683464,0.7521649114044493,0.8875266143467175,0.277282520997409,0.3938754940244843,0.8093819552870022,0.3528527265065298,0.6182796720154754,2
0.9752577776807928,0.996947055516039,0.6499304284850363,0.00819610479512427,0.09272338123923972,0.21731808020151733,0.027189445418116274,0.7548707659502361,0.9830839821951175,0.699422458332341,3
0.6082980340586208,0.39569325998950344,0.4824951055379118,0.5035268197891926,-0.19126941818147958,1.1870840423571511,0.8192833788499252,-0.30755535056626265,0.8407313420954032,0.661810017562229,1
1.3517822911156563,0.33125568578747755,0.6470502999490487,0.7011984586554347,-0.1933741419407763,0.9688646374068306,0.08530051603519789,-0.039910225169171434,0.6153025847685618,1.05585004590507,1
0.014285621344605268,0.6130086742664941,0.810292494345004,0.22826372075411594,0.7259395745294703,0.6779560133437744,0.5355243927329769,0.08419064166631017,0.7765884386179063,0.021032318580871692,0
0.7694247717618226,0.7992446446027341,0.5143572665417464,0.6971010624125923,0.1353074112461105,1.0956953579153992,0.5154823869363213,-0.08958392592643155,0.8773476803283389,0.4331609360687621,3
0.8806959851426164,0.22321266726964184,0.38213213431796483,0.7889578850137179,0.7588047672404364,0.7867009645038768,0.046392610367842535,0.7393206463795963,0.5019235992268536,0.401331387341609,2
0.06411476750617914,0.21058455806827855,0.5742420534192977,1.0398915812865797,0.22699784404309462,0.9411842557528434,0.17750408342773966,0.6200401395469286,0.3382963730067098,0.8876576333320227,0
0.917236090829247,0.3710284517149506,0.7499613186050587,0.009919680848696918,0.9003607072361022,0.06041892179969786,0.8504785395101895,0.696507338375781,0.26848219827194325,0.7957583525187039,2
0.23851075556454265,0.6497729702229534,0.8352541506327027,0.04326661920897415,0.8374139234768483,0.3026453664590168,0.6452145068885013,0.5355003317999256,0.10462685853312989,0.3807974900347735,1
0.22192718170066827,0.4584133304872736,0.5901102166431299,0.2460320464790231,0.9222431596484926,0.47013867385054664,0.9159364035482247,0.6483864514966495,0.3115860175011903,0.4880036824975592,1
0.8004251716268228,0.5834728277442727,0.7775789576531521,0.3773473282126432,0.6414792472362144,0.932455774688212,0.2892479855667726,0.15693307137061419,0.1979290103856797,0.8573068526043263,2
0.7476582105893761,0.05115738281473985,0.7956992334789298,0.27671812449082445,0.1252062411525181,0.913637442401579,0.1329371701569421,0.4523991446765731,0.20276527805369726,0.9368022712145838,3
-0.05698879618553415,1.6708178820241584,0.36017827121502655,0.9901273117093569,0.2834940213522763,0.10787528632740316,0.45660661991103096,0.7194851931558462,-0.31569757186229375,0.4791504852134147,1
0.5550522225145592,0.30660793816081816,0.9716408202911051,1.0207593146526652,0.5900251821500291,0.46359684589570843,0.3374857244182179,0.7881841451522804,0.3166279607136971,-0.020287087919706237,2
0.5278244418482058,0.4905855188004858,0.19424424847883348,0.650711374910056,0.37655390354251916,0.11204825446701197,0.6648993984869364,0.40866478500117476,-0.09607272769334829,0.36962812825189006,0
0.04138852862309661,0.1597356348839415,0.5390656795865891,0.5070338210070227,0.890828982376866,0.335863298535496,0.5092995185593335,0.7484030903543734,0.4130540310859832,0.16318227442039063,3
0.05364598872268943,0.9112493421953524,0.3019041699188739,0.8729342644136681,0.7539160719596611,0.06947536962403582,0.0368209401814473,0.7264694894781041,0.22096355108033497,0.9691337345728216,1
0.8846174951901542,0.3595028170770144,0.7364650968325399,-0.03486418851917458,0.8706753615553454,0.004072795784451265,0.8576430681028904,0.6998778701732481,0.20417400511119527,0.7874030339894504,2
0.03136741806119224,0.8848587857433079,0.31405830798544326,0.9157404869577294,0.7497904431552842,0.01380480768764538,0.06983866633758266,0.6841210705344751,0.28181099191161574,0.9911672132650966,1
-0.06651783544201122,0.9591146339642149,0.22655009194600212,0.8557577957516052,0.6684930210265357,0.16461641384459355,0.1644140701355713,0.6010222864422973,0.1146292154179223,0.8435351840018839,1
-0.3503840594952077,0.8958807624359341,0.17741573415639342,0.7263280702911237,0.8557489343876876,-0.14575359590221626,0.2990089516105048,0.38614949815478333,0.329136957361637,1.2474983773831716,1
-0.31725187868127025,1.2717386559494754,0.11445446626810546,1.2618277302923295,0.4527287126363907,-0.2347333593166589,-0.19400564433305215,1.1303649207054292,0.3801197383269137,0.5673004418704481,1
-0.059854741625495034,0.7800569983249067,0.3656322513332131,0.7740339782773866,0.7619612329726316,0.13122967914630335,0.10413796755758244,0.6810780557142503,0.2978263008830739,0.9424622656438691,1
0.3828504108333588,0.01073239733880399,0.8823308764818727,0.31661458184203184,0.7169505504589249,0.2998461435210881,0.5697494048129182,0.3363393227868338,0.8912649573949261,0.40916301159439866,3
0.6999959255492498,0.021996743546848305,0.8023361442703861,0.1712747749130687,0.08679700341508406,1.0608100297389589,0.08111426481435896,0.587577164523647,0.19647180290349103,0.8152226213163103,3
0.6830462760241676,0.9730454637352359,0.45219831217948403,1.0468821485747153,0.4256833637471243,0.2351713014651489,0.5308598495270249,0.720031886443109,0.6055666408680697,-0.18403011269616382,3
0.013420227071510108,0.6154455511044595,0.8141235607310771,0.2273981424529649,0.7298998609079058,0.6789215288941852,0.530236916111701,0.07996717257872588,0.7796225626142478,0.01796299224637301,0
0.6203862681088327,0.010189893552736258,0.8545244795992529,0.16216932724762423,-0.03959160410237891,0.8526598687706092,0.11193457675193746,0.35961687579320467,0.12407672783038161,1.050456105712083,3
0.013917110374390846,0.6132060357946597,0.8136564053057423,0.22627093839491694,0.7310898082758241,0.6792490637828699,0.5299859715534199,0.0823870688934852,0.7795336064333789,0.01689782654560989,0
0.8002525929799114,0.5836116178369217,0.7789533368273287,0.3778650377432491,0.6402064358872899,0.9349751327684097,0.29129810951349744,0.1576954987678862,0.19559324864812594,0.8596580677469238,2
0.27216986234542473,0.32049276773416036,0.09694211003074879,0.7165486188930728,0.4542189728034599,0.44830589104945096,0.7537224340267823,0.28099296139149044,-0.02559613010903082,0.4936776229294703,0
0.445407734699954,0.8703706279032135,-0.014860942707568658,0.29610755761786484,0.5903257938617009,0.1033275160979735,0.9454515603658004,0.3669045042984344,0.6411708810548298,0.5990766994995784,3
1.0536630732347467,-0.35590042743396033,0.9510870505710239,0.5200174236541857,-0.13291086169170352,0.5529772719734658,0.3460880365983042,0.9925654141324531,0.48333188746595473,0.334589068588274,1
-0.47278752631649,1.5526190857115174,1.0311602648107276,1.0525382222793565,0.9988923799497799,0.8994844081577208,1.3493856860010314,0.12173009152979261,-0.22006706573940749,0.9777884863467599,0
0.8659128207115497,0.14836177612321572,0.023185306208079,1.2712232822499077,1.3589354908971014,0.13839454651793937,-0.28000205409186163,0.3654140414808529,1.0187711489918325,0.36637465709399714,3
0.10765560756709702,0.972803765799354,0.6191401806027292,0.7246655934865709,-0.4711282392409563,-0.07504265809523691,0.49778352315223073,0.23125899037534065,0.5690556300993735,0.40837716077471,2
1.023306258549492,0.98758160133242,0.6123344968205396,0.5909547260344701,0.8282308508602152,0.2850567203065729,0.5507471607275666,-0.0031665590352535425,0.8742107997207266,0.03864836908121377,2
0.21313376774740908,0.43360658328502566,0.9333730725134752,0.7419245722626555,-0.02905128820190639,0.15187930168604222,0.763711946247827,0.6504646157681571,0.3871322567316045,0.7854817329507591,2
1.4648893358391692,0.9624595235068172,-0.05330784793615284,0.33818399715568437,-0.13971119503951146,-0.5663927876762326,0.6607790022411982,-0.45549327484232727,0.1512896933386198,1.0428989835017073,1
0.6113867371189161,0.9717349035729247,0.899105603590277,0.09945162345752179,1.2763994698961096,0.14241192641222278,0.9178422221170002,0.6369060701001604,1.3277201349552152,-0.25949106262326155,2
-0.09376556731480798,-0.09056405932171324,0.2193854496688133,1.06612372094818,0.9963682995109945,0.7388799145616948,0.31924729632912674,0.6518392855330951,0.4846121129556147,0.08396206471498535,0
0.7698618329420513,1.011636087288648,0.15878224327745347,0.6733989674342508,0.6423026671036507,0.291731307350752,0.908691541340363,0.16392396700745526,0.2580160639837621,0.3645199737049976,2
0.8241719299338215,0.6217735054110095,0.7314226993821995,0.4466199823106573,0.6507391436072553,0.986916914227659,0.2540450491692573,0.14170916683422805,0.15989904299883376,0.8383519322054613,2
0.5476635213991421,0.7537657728483915,1.155591688873905,0.9090263634886779,-0.09178418362046831,0.062217643136512346,1.0320547190277858,0.8855014988511807,0.0324607094773291,0.7218066547858759,2
0.7714434751840703,0.5976809773696713,0.7751249041830414,0.4060151153332582,0.6658928323632902,0.9022968189407602,0.27333718759456194,0.13169563549019217,0.189209643201731,0.8708747226382422,2
0.6615703675277648,0.4969993455365454,0.5989300533008783,0.6816527721573342,0.057299610531039935,0.5117907598373381,0.7479173990914956,0.5339061447223804,0.5511609709958227,0.08100656834399086,0
0.36473876128514315,0.46748851890309745,0.8500495109272466,0.43735490705017677,0.6479055684474839,0.6192943494841361,0.740054774428579,0.7873049549771522,0.5806130755863667,0.3475233326798321,3
0.1493606694967826,0.9982495982773282,0.7116082259892813,0.5387086817017415,0.843383862725789,0.238606931045355,0.9448549597498781,0.37815715724958265,0.6869769446699675,0.6673377809288813,1
0.4912967287126732,0.6534672973731026,0.30197092815878684,0.7241557516254674,0.14421761123617388,0.26769090354747144,0.769016847262931,0.35098992056347644,0.7828308079381324,0.31032827725808243,3
1.451694950714373,0.7587441578859602,0.8092508546869186,1.3801464076388932,0.60170728899028,0.2790958446807331,-0.5753928976163581,1.09730670316956,1.218741388858783,0.6290742867770451,2
0.8791304747309312,0.2110721067559974,0.5711857075608546,0.20510825152600337,0.33965639564243144,0.7428314881160133,0.5052697873628109,-0.05136211443737107,0.8908303027303607,1.1376597335946854,1
1.3058096331361484,0.6756124804935963,0.598451690814381,0.5285013786800606,0.38890929606804314,0.8024305100524578,0.2955789280675351,-0.049502742467038466,0.6083045111547388,1.0814402209082483,1
0.9452468524063475,1.0174694824005919,0.46014040440553927,0.5779003344843525,0.8540176880706215,0.07511989516364753,0.49195457613548904,-0.0820208112429261,1.0877388491879798,-0.07017221051958848,2
0.9126471933666886,0.02550612163687984,0.23219424572371244,0.4686170785393716,0.19291932985860658,0.16774180477185868,0.07012791024745871,0.037451869945998265,0.25364681044447446,0.8130347912705469,3
0.8064165900510634,0.596453141071518,0.7998951108858764,0.36551174001961895,0.662857572327297,0.940289082198451,0.2850511026370181,0.15490068267825421,0.19800329473521,0.8551422441567387,2
0.9080973400323977,0.9198264731587609,0.14170039056927733,0.7461666187419513,0.5482746959968599,0.3374529186663199,0.8660395222491358,0.04263770149411085,0.2736195323155056,0.32680375611735735,2
0.17289625514153215,0.4768723155365513,0.7070057381174226,0.2402078948307145,0.727175540286295,0.25776317304765267,0.6286257777584793,0.5074926255054206,-0.10432826974571038,0.5316851541857075,1
1.5013575463550222,-0.08439174354470946,1.3138377145806215,0.8170911693093936,-0.21646391380286306,1.18959009792538,-0.13802311031503178,-0.6514164538933758,1.0700807594088346,1.2390433873677633,1
0.4131884271503702,0.8160551461547183,0.04258488576128164,0.3133698929791179,0.6504707840855908,0.16482365187708134,0.8837581694398376,0.3340866484587444,0.664496363575484,0.6282074909259073,3
0.7130457401610448,0.081225106773798,-0.14834759250814122,1.127448281817244,1.1590862555167112,-0.1051590968004768,-0.11969622377297306,0.8067878581775396,0.6575957043778519,0.16436542454307312,3
0.3903785839087724,0.35512568417794704,0.5679006913106355,-0.14584845529593737,0.6388864310013728,0.215678460822395,0.36145888238768814,0.8404446695680705,1.3225693712833828,0.752168712498954,3
0.7740095898921737,0.5948963610114287,0.6286222670763297,0.6970742126262477,0.09803718835867198,0.4336090033378003,0.22763869499693673,0.9649062450456258,-0.0718769580469855,0.5721281333220084,0
-0.585879693100593,0.7445719477766446,0.19680257299678627,0.4354946588902677,-0.5485280832497808,0.10586978987069125,1.5765688546990213,0.5118548046721771,0.9674274374589595,0.42215377816555116,2
0.213812227943616,0.6284657784655043,0.8325117125713267,0.010212988043367174,0.8044135815067698,0.37167376050706247,0.6785657391154806,0.592128362879,0.11615440658184492,0.33387243817394574,1
0.6031734934185503,0.719452451903246,0.7191315292493426,-0.16121019975080486,0.07273578243585921,1.2165617710560714,0.8513424174494963,1.1538521566574782,0.43128893798436363,-0.19376012667204823,2
0.15141987977565827,0.9978993527759956,0.7140998037033623,0.5245358047108755,0.8536449692414122,0.23920508060919915,0.9433849383716427,0.3770495200797072,0.6852529328952269,0.6814540275157991,1
0.40136135635550074,0.20641884510380384,1.1541810108073312,0.7766373793300554,-0.26190767514676816,0.11829838154182355,0.576168517000654,0.5818125353981228,0.34504364481260175,0.7721431023244585,2
0.31360918994933684,0.5284558810685115,0.37047946228538736,0.31223555335107356,0.025471472789499825,0.4950907886627677,0.15857396263963547,1.00130922672587,0.08328072400330618,0.37188891956834325,2
0.7565998938574602,0.6207275803725733,0.8379308821472788,0.3436480153620166,0.5832342448244889,0.9246305504448216,0.25447230947743005,0.1626680562469337,0.2178946935601544,0.8273632169382141,2
0.23779191367307356,0.26139042573775917,0.85398811113844,0.5464710285577062,-0.0041557555415817375,0.04067843610215954,0.8094496716352084,0.7283455914029696,0.33693880374569324,0.6585511055453602,2
-0.07809149400668547,0.29830540753961665,0.8940362293104407,-0.09954207579833248,0.7814426697030563,0.3262535320045293,0.8205474627575514,0.33660752798021915,0.06491718996426507,0.2517365787522854,1
0.1716157813926417,0.4520585466292152,0.2849900216402397,1.0786473734735391,0.5017942619295366,0.853590283107137,0.5331311115467803,0.7458201586889875,0.48028134766957614,0.7232846334959051,0
0.34805342314392945,0.17622265348076827,0.10958182614277566,0.6900972756360968,0.5154732719478048,0.31651411415180053,0.7598853805746077,0.3011847401303979,0.0677294359095181,0.6164416040925051,0
0.8802364212536343,0.05382923557276417,0.6157548683532301,0.023763616132630144,-0.10302080773857578,1.0074361772290858,0.3500536956573852,0.7491043484549151,0.2842329699470063,1.0578366792508551,3
0.19292879405787713,0.7374805778373609,0.0612538423921497,0.19169343245642756,0.7867190663888284,0.39691511216748804,0.5443720843622035,0.42104637672384343,0.34933020870098086,0.3971489075661846,0
0.22994158356600655,0.3803157255919799,0.856307302736059,0.710376281081137,0.09963996304930058,0.06958137142704313,0.8622433225955891,0.5998712143946812,0.2852263358959979,0.7664700548347088,2
0.48173363453637313,0.794264738034952,0.8747172380319727,0.5168971736912749,0.8142068488342837,0.8123215708761681,0.5168276409428744,0.39475269175750405,0.7341915466193081,0.46186204041511253,2
1.1003397488182238,1.0408367039881943,0.4434522439986243,0.8189176111525329,0.7807851685504066,0.43076091667289257,0.4842046871687567,-0.12334050025310234,0.7327746907441626,-0.11554833337577142,2
0.6226942858088734,0.37188790419963313,0.8703414225980036,0.5267741940170092,0.5747413833136392,1.3234684650271156,0.3100882251466653,1.576931583121953,0.9934198035402312,-0.03456457765276272,2
-0.3373034612171125,0.8967921349622894,-0.043105863533067376,0.16682442524916033,1.2370943023510963,0.5510366348929457,0.11156693513913518,0.4027054275797422,0.29407808649623646,0.4711918271455442,0
0.9198886284417781,0.6045810742539879,0.4550227660774541,0.7100886225459679,0.9962582419890016,0.3539668124973463,0.8752484897842677,0.29664237313476455,0.5771754638398352,0.058334163063449365,2
-0.254052182181031,0.8089670215395457,0.3961732922995943,0.8136653736599964,0.804421316310921,-0.2591092263361214,0.2593285762191182,0.536922436828216,0.11714500882584786,0.6675986109495082,1
0.4648192078581002,0.833625720000195,-0.014848182786607544,0.33565751414390366,0.6229164960429652,0.2493872226118797,0.8114087818794432,0.3541563002721415,0.6318727328352751,0.5588750043091261,3
1.3854916871482321,-0.26503673573756276,1.3282856084243233,0.25765630342449675,0.15730554279513198,0.16491072975307108,0.6190707820095657,0.6488930990760218,0.8151068371338981,-0.11830897470077628,1
0.7315382985615058,0.15207464356910616,1.6234151672177344,0.9227123674606619,0.7654755072466525,0.2927034938856352,1.745165371233663,-0.14478819762597983,0.8730291394594505,0.7638005947910598,2
0.9958993650561635,0.10006281602210451,0.9255010509486051,0.3234972145475563,0.46785907658979115,0.4280314666255251,0.4849470891677681,0.5589429603787627,0.39244111498406975,0.3348756090151182,1
0.30814260692446943,0.8041702526112717,1.106599128898861,0.04429139910453603,0.5451994207675515,0.6015777803449701,-0.0008449638436016649,1.4283058509674305,0.2887330823101649,0.8388529574507411,3
0.5608931764552946,0.835260670744865,0.855377522099362,0.43432005008426233,0.717243530073881,0.8490309960677032,0.5349318837837228,0.397749482965429,0.710356743855173,0.44713156229953444,2
0.810614863621258,0.8197037306447009,0.0831811189067321,0.6991685139718361,0.4461994079338796,0.18920878932648766,1.012789902497064,-0.017144583406672353,0.2470936620981999,0.4194261814053108,2
0.24674811596628365,0.41303419122235935,0.9418969233331203,0.7179257385144181,0.0013834044271163423,0.17438324211086784,0.7673576380308516,0.6169657390366513,0.3708047321838579,0.8038340135130001,2
0.5734074437381882,0.17582005667995385,0.8847386911403353,0.34607901073440306,0.12107318623085492,1.0234134969022677,0.3090812140831834,0.5445463121733873,0.24261799015739993,0.7258637739463575,3
0.21725318965834,0.39918853039549806,0.3669210010967135,0.7867076418439388,0.22295479081777453,0.7101543906519325,0.5896413170412035,0.5430770064583299,0.38935161425598536,0.6633840779765807,2
0.30796015802047916,0.5212858379854937,0.3605306715092233,0.3268435163725385,0.017939209872129422,0.5089671553163219,0.16376513031678827,0.9926914230870126,0.07857338791653956,0.3629569808867233,2
0.906495563978303,0.3662372075949113,0.6490982801622648,0.022316798708624457,0.8388619598933995,0.07039808807304218,0.8678422309380563,0.7238377349484187,0.2967958376003669,0.7944588052823566,2
0.4032423486172879,0.7841320984677949,0.023644254716686335,0.32808639289111446,0.6213965038431729,0.17975056621047666,0.9201022558868075,0.3863194089986221,0.6502577643497967,0.6109187652900202,3
0.5696987640834666,1.1915454214022185,0.7996764353395516,0.46180175793943,-0.46751606539451,0.4151285947656963,1.463120312047325,1.0687371455806394,-0.46647529220736506,0.40342821868593903,2
0.9130399654746835,0.8401708048583553,0.011453447692074223,0.8462220116740249,0.5913448394614098,0.4130309524505407,0.7250497317951082,-0.07213399223002309,0.41750472529148513,0.254451687681284,2
-0.028160489669632804,0.6807979466063809,0.9333159801562849,1.0990062372329183,0.25133232937271066,0.3353325974521769,0.671812754794046,0.5279073862434012,0.02452325710104264,0.9938001481242831,2
0.4567111318370906,0.5580132346464997,0.9521700755069831,0.8840428775896632,0.1096640878147258,0.38108357573706064,0.274751146121418,1.1342144550360285,-0.0014002473076919486,0.27534488755605513,1
0.38674575934342387,0.6885979066204878,0.3927153583370041,0.3701698214427588,-0.08195539580701809,0.46045609211958816,0.40324875223474244,1.1231210921933594,0.36218577465091234,0.2859263970784333,2
0.1371147462754921,0.40937990951431136,0.3420943720713799,1.0607846885496621,0.4454630991079445,0.8362963774039911,0.5216844202027446,0.7596663393044314,0.5125636561399055,0.6193730840104603,0
0.8715730175816727,0.019255844708840772,0.6381649395147728,0.9550244857582187,0.8240973752618781,0.9299974451911587,0.35260622426251415,1.052431123611053,0.6394502780972896,0.2447362618545704,2
-0.0036200011205650764,0.6982162551458893,0.4382315460811951,1.0874621033431937,0.8745882009342681,0.2667097570064584,0.08968926175148562,0.5616666484078482,0.08079640401157534,0.9117471881298008,1
0.4634146020484053,-0.031328893457443316,0.4641692742279946,0.18578830807834973,0.8053790550208025,0.38233835029107927,0.5959852750654598,0.017944665583608133,0.7056056604657586,0.22179063388633985,2
0.21070502963013799,0.6245252701428836,0.8519832495585936,0.02311243782794316,0.7968493783022796,0.39419013915382894,0.6694932876530081,0.6142174637598482,0.13884550293048248,0.3511232026506229,1
0.7473765916929858,0.02837343685704602,0.7168098349226107,0.22617057454197761,0.06913140080206037,0.9824694316969329,0.15289328829328547,0.5111838920930478,0.23571860522813504,0.8886902068091502,3
0.1475701599230587,0.10166559938248615,0.48701076013316114,0.5326718911182333,0.3820437350823102,0.5468597953970349,0.9626110683589606,0.7999002532741825,0.7209110618796915,0.4398503314945231,2
0.24647378264810854,0.9953640114924384,0.44149222954912504,0.8942446933459584,0.6621133730767483,0.2238508956435494,1.0065318989737417,0.4005274469307619,0.5419802829562403,0.8215130933683887,1
0.7543520715666465,0.5578519940599187,0.7401421257112397,0.37221741634941397,0.6546950450504091,0.9901305294750761,0.23983232413201844,0.10225106031165035,0.1651902662499706,0.901136031189878,2
0.9894675667208537,0.15698988789672108,0.5662476006756247,0.8529563261337821,0.6605834782549804,0.8614948594603327,0.2063036821172238,0.9070080817315301,0.6511355336433221,0.2697994831864142,2
0.014149956704436837,0.6142404093551496,0.8129850609253404,0.22688070906189273,0.7306722312170365,0.677875914324489,0.532825664362889,0.08013047594789309,0.7804567151513009,0.01934220289786709,0
0.07321893059816756,0.692996434946711,-0.04858029692044491,0.3660862728387281,0.8081618562978635,0.2652850250618669,0.499493406682837,0.32067425147480216,0.274062934500076,0.3207315861052395,0
0.37094883066095163,0.8988788316944262,0.6282373526133153,0.2263216432778861,0.08648132340462722,0.7819342524590962,0.6394201226930302,0.5197528571262976,0.47146050002114637,0.33489570832714377,3
0.918212522679485,0.8858256972836895,0.14744410308936845,0.7744819205073888,0.5493549669577437,0.3357962546742651,0.9101410503063805,0.006810778819408721,0.3109495623443407,0.3379070272109058,2
0.444849391577078,0.8274461783712157,0.05844756704574002,0.28029249549165913,0.6544942366954529,0.1731074595194022,0.8627557248386901,0.337100280634824,0.6854917437484194,0.6154954215883901,3
0.6637076678637593,-0.05895284269022505,1.2137815452001008,-0.13489153711061286,0.7640046840666621,-0.04933258329446771,0.8460904741987989,0.30669894698797573,0.38049701631040694,0.28695684858825327,3
0.40284523938753825,0.592517025565852,0.17307308989963122,0.7212397055970973,0.09315855604000628,0.3970304470020105,0.795674464067217,0.36433169693643624,0.7996815628232441,0.2603883332144796,3
0.7203819802753377,0.6229699799546207,0.80044214407623,0.4782755639983323,0.6404041269482867,0.8945429233080362,0.3055704577488145,0.1932789518789798,0.15445872047197076,0.7577105380902331,2
0.8574523419232184,0.3011749172284994,0.6919263383858257,0.02912542297942819,0.9019467347611142,-0.007320228704094624,0.868939455553643,0.6700013161489159,0.2437422032020154,0.7639841365054224,2
0.941171292623696,0.9222659761893462,0.15510383131757438,0.7627046836104545,0.5654925200995915,0.3594665612734725,0.9116987607927628,0.0358896316916947,0.32176743589825074,0.2956476431550796,2
0.5072379175377829,0.28490996956592896,0.31167640484331244,0.057587155634317266,0.09865340067009618,0.08755961244526489,0.5070285953883787,0.008688766081339219,0.6473147726964057,0.36481195317248316,0
1.2528127161884428,0.17138034157026344,0.49455051490639423,0.713559117673404,0.9593880929895233,0.9559475235187922,0.5041562526536463,0.6877247683078678,0.5401272768268415,0.4786507149191258,2
0.5213554263677816,0.8408384904634735,0.860205444170177,0.49185441558285026,0.7632478687266612,0.8427210591644515,0.5449790910797394,0.35595531597206015,0.7400090604947555,0.45557845772288424,2
0.2268399388723465,1.052470670302623,0.6661232169253418,0.6875087341283703,0.7415734691968453,0.37715942194062135,0.9876730887940721,0.34522764048067367,0.5655842247951554,0.7921475111324392,1
0.6600491107980566,0.49783313152876035,0.5988984021249283,0.6813779008522549,0.058288077961093025,0.5116899850749626,0.7468851929550265,0.5339137532810878,0.5519242236564388,0.0791936861784186,0
0.895113765936442,0.10457006120392623,0.7734824649968064,0.9410011862429094,0.6023026985825343,0.8912273096783108,0.0016089890115038585,0.9677638355886138,0.7867529453639575,0.3996643827421775,2
0.8843776854984633,0.8628849188652619,0.0688233060914046,0.7510317560580251,0.4564606924956251,0.4204398524291423,0.9908304263778862,0.01724951918213636,0.2679135453952105,0.215525657960424,2
0.18316965663974755,0.7147883495598018,-0.035356856432319145,0.10186456851751219,0.904495735132187,0.47384743068518415,0.28802016471813274,0.36821445469325603,0.2422464745202194,0.2709486690479479,0
0.7981318999174747,0.5845935777160226,0.774377648504682,0.3771791250222527,0.6439643803007112,0.9375789178989264,0.29404323394461374,0.15608800250810895,0.20009055720961758,0.8616939338646075,2
0.9676912032618221,0.9817823551518002,0.5068282776925868,0.5273210599860279,0.5411309166993119,1.1205883198272595,-0.02406400219208321,0.02608960782042627,0.6090116131235801,0.334432697468266,3
0.535977772441732,0.06716499281595517,0.1931509874266898,0.5694350665415316,-0.3167050695533558,0.23852120975563704,0.533918623897922,1.0497340710971053,0.46300186612947586,0.6002805776145519,2
0.8968995302913023,0.8607439983491014,0.0419886945018782,0.7535362283007336,0.4784603456264648,0.32673504315530427,0.9434328316669918,0.07559143890946254,0.2524874337859058,0.23100214182479645,2
0.3439579349391578,0.3319320911619617,0.41435375880838193,1.239551856751416,0.5817345473800118,0.7100234997670437,0.722962928029528,0.6464601805038535,0.020993167197471407,0.7192426078844367,2
0.6736917502855355,-0.011733069366217624,0.7532821832632156,0.32098160558807487,0.3012264094205285,1.0836024777254638,0.022819317276398854,0.3707039160776162,0.068675859068904,1.0357208427620739,3
0.6773713151519118,0.48432254649048595,0.6062688719832942,0.67643048074625,0.056520607470050235,0.5089079554072568,0.7644020895917366,0.5263358196290516,0.5359769307771503,0.06672428504184073,0
0.584604320532229,0.6469215563724369,0.4883443616915341,0.8465471543622605,-0.027388416036734142,0.3727658660397662,0.97570296111882,0.6590198323233054,0.6878710782387425,0.43722760563797547,3
0.7442846753705897,0.1249845357956539,0.19016222309503203,0.8449570216845472,0.9472402516022421,0.015091482835231818,-0.09744907997302106,0.49687114454652154,0.7383060522718782,0.4885023402885239,3
-0.021339878180716337,0.962856372442838,0.7335410714297785,0.4648250648798765,0.9029347648032539,0.43708520112755433,1.071298436326491,0.5654277954850359,0.5706257901872854,0.7211142092281165,1
0.807216418992468,-0.12234510764812268,0.783560239543557,-0.024237432537590142,0.44059482181356213,0.3614224763490756,0.4593374227989347,0.49872288085947125,0.4320074622836431,0.6276094752618604,1
0.9954610679970123,0.9933949647473369,0.6434441841350527,-0.016552305982245177,0.11720838067564099,0.19249183337942005,0.021033053268665555,0.7708318832250088,0.9708911476393434,0.6760652252164574,3
0.657709360237429,1.0286190441537582,0.8933606486741476,0.5472570264146602,0.28256024633441984,0.8839774240651427,0.28009220513874966,0.2331441399660558,0.5654739191105411,-0.004211265357639826,3
0.417843612022447,0.8224774561358642,0.060326119148405064,0.30699890154578985,0.6496520140573029,0.1851156164813007,0.8779740582101598,0.33279873911702473,0.6920752944719253,0.6155041004081061,3
1.0300671202583422,0.14355111090605288,0.8842037367104657,0.7795986363371041,0.18030295642992847,0.9644873566161185,0.7253774308836202,0.010958663815860763,0.5114940729704782,0.8088040515098859,1
0.6571561378974605,0.026512836612143237,0.546398618442056,0.034036132660432525,0.0917172694518728,-7.588471966815669e-05,0.3094387492035825,-0.3361965100455506,0.8479758021218546,0.16091113793513329,0
0.8837365334122407,0.824542010189567,0.7092018529562293,0.8761656773429178,0.9664529726219099,0.24297977601219956,0.3527123806602005,0.7532326859701103,0.40142217731335894,0.6337312211059755,2
0.8659238966015944,0.9348041206858898,0.07991913610712413,0.7244274974781146,0.5203981014204639,0.3433667246226054,0.9351320338437101,0.04169865090353277,0.25471407818910546,0.3151913479972465,2
0.006387980743073951,0.9066962575949183,0.32080112432631525,0.8711527996012741,0.7668891556007039,0.023110431787429497,0.00041966200245947827,0.7170846469449529,0.26900305352326115,0.978401699942649,1
0.16095072130275442,0.9627129328595336,-0.080650182402039,0.557334773881573,1.0414887589089175,0.35776022834097376,0.15950663352559682,0.11831053029536673,0.1808661185088885,0.27876366942333036,0
0.7752221028247713,1.3429020434635786,0.7401056209144081,0.3530874179575636,0.006146526649025985,0.9700726568339264,0.5553818202646581,-0.018092205051000038,0.779414980493488,0.09137885337042452,3
0.5280817088250854,0.24607226907064345,0.385784691413144,0.0356798961219287,0.14232900609727728,0.13520366571392087,0.5728752067750424,-0.026438409539544037,0.6535242945472463,0.35267124438073644,0
0.7870186599147794,0.5928437905063988,0.8127954883120626,0.39561810049230267,0.6670554468473242,0.9276414051383404,0.2701394779815505,0.16909691192627532,0.16312172982709974,0.8465669340350154,2
1.2252911287020136,0.08152408384779303,0.045149718297544855,-0.15225663257413657,0.4455677146273588,-0.1322836962675169,-0.01818356857033765,1.0644700700722223,0.5565978557252566,0.04377991000728676,3
0.8714634964145712,0.9284785188590182,0.12007256913626742,0.7708785869954775,0.5968148022879209,0.28949868055585204,0.9329421732864578,-0.006539017316231896,0.2812291241256814,0.34212454012730636,2
0.15268416036417234,1.0175064694696854,0.7218788943216471,0.5676298042215513,0.8539669271236319,0.2595666457753925,0.9425081652132705,0.38842749157698664,0.7015605717729102,0.6693122604348536,1
0.826404603976382,0.8536032146655379,0.7667576963626364,0.7966585814833677,0.9097215637883925,0.2821986672634415,0.37311236602080505,0.7832682632725363,0.3245055096110714,0.6140089526653556,2
0.1667165348965597,0.6648433627086543,0.37944513439801486,0.6835361732580163,0.9157761858651641,-0.12883290831417407,-0.20593938717837593,0.4796400130988504,0.30145120772901524,1.122202194883818,1
0.4410600818071068,0.8291820369813473,0.1253686069515082,0.31833241727679995,0.668234810072468,0.20897738840772598,0.9792214201157309,0.39533329376535525,0.6482861602147556,0.5813954578171575,3
0.7076400918161365,0.9981395905224207,0.7334987180623459,0.5168448718031222,0.21820732372450705,0.9359014768292819,0.21809517024906963,0.11756541789145164,0.5658672893089991,-0.029517461709405557,3
0.0974227065717773,1.076309838666651,0.6854198170173517,0.49309933500461933,0.9397903696120338,0.2873502609033203,0.9995921924471625,0.33098528662301113,0.6050111296178854,0.5795620138430939,1
0.7844345706314264,0.6002494202945007,0.7898398430733856,0.39468580700665146,0.6538132038012305,0.9322438308654158,0.3088638853667413,0.1491135230521343,0.19955541696411083,0.8667662166894403,2
0.6465003916405927,0.36896016199415055,0.3384232767804831,0.7643856676548392,0.7127673283532086,0.2710918513882711,0.6197432887880342,0.5709332078249496,-0.237604605428282,0.8038724862149151,0
0.6790512555266518,0.36636926687949956,0.9752696673594338,0.34448450859447544,0.5963579871085627,0.3205212304040176,0.3633989353783815,0.046156692426112964,0.4586354971012739,0.834300241535947,3
0.8535233472164427,0.3022090562639655,0.7306521884879623,0.015153859059326692,0.9004475810353499,0.02111581122565367,0.8745714205518567,0.6477082291063394,0.2406199229944666,0.7751413427732137,2
-0.4411709530354451,0.7420690916083362,0.2826002115791397,0.1267341017030434,0.2831496825783151,-0.37732030181952714,0.39917284345780785,0.9156044248722324,0.7189332570033322,1.5424126547666561,3
0.27132368742681606,0.8875266398481736,-0.11086357017760695,0.33542951244651054,0.5358835134791937,0.6788578014672848,0.3976880610195622,0.07221744314640399,-0.09643594660495369,0.33176908954496537,0
0.8415824990902837,0.5620674358406283,0.8068129775914176,0.36117589252685617,0.6559464229169651,0.9734107868992617,0.24934401481694393,0.17570718830617296,0.19264557555337905,0.8568040984331868,2
0.3014532855089657,0.9076296487531829,-0.00610432353270713,0.2093422739468228,0.7886859045083185,0.1881172612016627,0.7636978836481886,0.3397995263131294,0.5434025720338393,0.6957750471199261,3
0.9005823886122488,-0.008919305354494783,0.4497085097338965,1.1445110152077396,0.8838437977072304,0.6534465448237179,-0.09937912944536975,0.6090277134951099,0.5847937409615193,0.2709215885576911,2
0.6962419693408779,0.28720058360141776,0.9184602172728329,0.4213122258942554,0.6494295965463874,0.4122312441968638,0.37181446114022065,0.02478241776745365,0.5839789708233393,0.7486416774871091,3
0.4471954486567868,0.2945662260710505,-0.07618996593263183,0.6226362512125749,0.7055026465927647,0.5373297441029776,0.7580749315511274,0.4532130794064731,0.24530936531571373,0.363941160586693,0
0.8792441121102536,1.2795357913380394,0.8899918286274366,0.9714566254145192,1.0216018042323016,0.06404444039924448,0.5461757595097604,0.13113231703325492,0.7846485742155624,-0.2658572855166113,2
0.915568454818361,0.12774187827441383,0.5886395458900702,0.8725103340474775,0.7036271260461163,0.8420329484859093,0.2449645696087105,0.9250735016956534,0.6122567261311983,0.2596205700891048,2
1.2385894616515818,0.6964540501939227,0.12911375718572893,0.41350321094262243,0.352656427430611,0.6959202787601642,1.0327826114364438,-0.0019011051045239053,0.6892658199601696,1.7202550520555238,1
0.10965348374027822,0.39369379240319424,0.3987867076962603,1.0155390264247088,0.5159170449008853,0.752236295849352,0.4861676271963918,0.7695451887585283,0.5821444983513784,0.6730931397049025,0
0.8415774407865731,0.3059949323006281,0.7085720846775673,0.05424112338976088,0.8886243245727492,-0.017605181747222642,0.8551160730120824,0.6752111918827391,0.1957362709639296,0.7465419122088098,2
0.8996438590177318,0.8244314719126461,0.09006867768356996,0.4689080618173666,0.040803743696827086,0.30011814727218156,0.5337337389781104,-0.1662832359383678,0.40778925919272235,0.7835417201926944,1
0.7249800152646267,0.9887696261292385,0.8121036693467485,0.6420625062805623,0.3058475231999085,0.8721156307501879,0.2198524267111598,0.17636990061465357,0.5633193429050783,0.10166963337158806,3
0.8725491020136957,0.3138249082711781,0.7149635097895085,0.033548643952044654,0.8906743305500208,0.01292926680829746,0.8746821313869171,0.6568566413656837,0.22556200849029517,0.7546916520012938,2
0.9815486867391047,0.9861294547816519,0.6532348963282528,-0.0037768501505036287,0.11196144225754281,0.2326837988049972,0.012401269380758516,0.7683611434129503,0.9923906167835516,0.6919955177492838,3
0.2847690312893517,1.123762061581181,0.5699860728558352,0.6020613970268844,0.8221689710298414,0.348334558352109,1.0464369780059661,0.23075440549810824,0.5436692724382471,0.5806449019947157,1
0.057911423897135085,0.6817538082807966,0.045031808643978516,0.25455480470951697,0.8547965811911769,0.39747084475994193,0.36329122389353274,0.34881357302174404,0.17122922263287865,0.4020919585484663,0
0.007902766583933492,0.6034931083635202,0.8102051499207298,0.23625150081124036,0.7148725727992837,0.6732554366944623,0.5413374136204114,0.07393772245124539,0.7787934339267485,0.014761045169110393,0
0.6804114693580042,0.28937090963317547,0.4271432179823986,0.5568278067832184,0.20997670341713986,0.53944760471839,0.6274749032850798,0.11925644711312766,0.8417902464042217,0.3852682476520244,3
0.6404893047742578,0.10038525949673624,0.6398918706307488,0.16776568280795234,0.7743048246738111,0.3049490588934103,0.5763092020405726,0.19892131749056066,0.6046505135844746,0.25044872317298605,2
0.19918333946461617,0.655895079993057,0.1089189253543405,0.5305737540994122,0.5932288165389635,0.26094201770751213,1.0786979081135937,0.29390980685940704,0.49084543810830905,0.857862111168816,3
0.5012118509650801,0.3078563484120502,0.7209944613308519,0.8167390329407974,0.5568455929780838,0.7664782035091573,0.35188691040980424,0.9922366101875664,0.5496414101703453,0.24873616648416547,2
-0.2069534403984906,0.1407612772789472,0.8349335058418121,1.11563285017216,-0.03454714721453894,0.6916673654194234,0.721794912314323,0.7312978204962339,0.43202120156488716,0.7918352727667337,2
0.00959191689975775,0.6224687804903214,0.8143846161708286,0.22875370827687408,0.7352849887139865,0.6798761834129238,0.5388239094264281,0.07698925018694756,0.7819258110610796,0.019024509933348522,0
0.7717037769721251,0.615524481964011,0.77866862094489,0.37624410367715416,0.6541639679238633,0.9145155008380306,0.27227839903495904,0.17475050352496357,0.22395662514380127,0.8258403379414286,2
0.1797037665239224,1.012807451636484,0.47926593542629914,0.3595830773779827,0.22506129060996646,0.9100665910262535,0.5646754918670736,0.33659175826364507,0.39235537541974275,0.3853131931046755,3
0.8042797903973978,0.5978177218344664,0.7988816189472947,0.3999662140308018,0.6662548430058562,0.9466335980783744,0.3043950960017451,0.17413735531808963,0.19508779934251416,0.8714812270875041,2
-0.32759860612551883,1.0810353421796912,0.07868188194454906,0.9848295716417461,0.8062802600187762,0.44093464991844533,-0.17998709063283547,1.0328647771351704,0.3616003985865862,0.8008219292849257,1
0.9126395530481669,0.9251391085095538,0.16755213171913222,0.7847059689371425,0.5735640137012273,0.2639478237200911,0.8602048741263573,-0.03455369576206568,0.24631481607399325,0.32998770061861715,2
0.29900810226335783,-0.13278687409273288,0.5071818715050979,0.5403598856155598,0.1668460032644162,0.6992737475239255,1.0828602237200553,0.6817048787627278,0.7811628172283134,0.6609470880669184,2
0.7537082262853941,0.5052949598065277,0.6064636378064248,0.7489367513793286,0.2568826642017036,0.09363975838594077,0.35905036165046716,0.35669758072985974,0.3219971992130011,0.8300195793642594,1
0.8228782047143425,0.18414044471724972,0.5571232836220723,0.9290700450635928,0.6355000352797807,0.9462257311757256,0.3346083394328562,1.0502648345500345,0.5076071162165532,0.31845944620579064,2
0.0603066696856089,0.13866202142993694,0.5295267570289578,0.5025636158768753,0.8629538553169301,0.32575698466809877,0.5211352910783889,0.7317324562608067,0.4108685864263694,0.15946702427980772,3
0.06516030247459763,0.31050214487363614,0.4633312754425067,1.0652762509538605,0.5570592316301887,0.8239676368345137,0.468765160447404,0.6648115537629466,0.4593702250846484,0.6105434727298051,0
0.6015256525407294,0.3159305732815393,0.050011560258703874,0.6796249687682945,0.0709867234420091,0.06122321874911624,0.5440315658458375,0.3393160952997163,0.9501475795340167,0.07664932834460833,3
0.7143993981762837,0.25687699426502375,0.9268571417277327,0.3776088442765347,0.694862683503503,0.37495354871168857,0.3326643889061298,0.030010507854502808,0.5401905023832794,0.7895703787314963,3
0.7030056329896243,0.5145703616170972,0.3644909037962296,0.835291980160033,-0.12964146617789155,0.5492396431988171,1.0343086269321815,0.27560418932296393,0.7568953342070087,0.4049635031757692,3
0.5859788559600466,0.5302772069069634,0.31498823492876243,0.2800915330452825,0.8269518330205835,0.3153320452339314,0.3543122399459355,0.07738215291937967,0.24353358044971737,0.20851664021972455,2
0.8684908780426813,0.7467749371331708,0.06025328827719183,0.8303024694453811,0.6785247550180367,0.16682213718046926,0.9499955663493685,0.20268522819809898,0.42643736570192947,0.39591068760564707,2
1.1338107670523805,0.8612785141800265,0.7646704189176472,0.7533561356940126,0.7150552424116656,0.1531878446961044,0.4597682272625734,-0.057020718684130944,0.9706086919674337,0.15096097680725712,2
0.04441140467331943,0.056139807147300935,0.5256333111811946,0.6564144098290654,0.23647456371009407,0.8526443207616878,0.08557725001030642,0.5862825159642494,0.4530800997002535,0.9693656826896082,0
0.9523614393475873,-0.012856818064693666,0.26887122822490206,0.41990738589182763,0.18265735676097145,0.13393649955140285,0.09031807994768848,0.020769315717007696,0.24921646691969596,0.8018296928126666,3
1.203818362834817,0.5928358243887605,0.817890711807226,0.12385219158375271,0.19637591044762054,1.017942929481491,0.28356124757433343,-0.12082849940956333,0.9775321091937446,1.2264388626975005,1
-0.08627945563180575,1.2173858194637242,0.6422358174136902,0.7879396578792408,0.8875055647818542,0.2575654743188689,0.6595529335618091,0.25665232199884247,0.5521924153693208,0.8608186172391848,1
-0.01663615424447975,0.34488842769194766,0.6322585588644396,1.0927360286206413,0.36210642387416897,0.4674719349403949,0.368427410887201,0.5217448513153079,0.13766428995337193,1.0153336941317774,2
0.6543852994740414,0.05480184858904679,0.6156923398015915,0.17207039082236178,0.7804829212564113,0.3141226824838778,0.5404068741467845,0.2319173970139196,0.5967196222389028,0.23292160979005616,2
0.5873483062091556,0.8104212464915951,1.0247855279609812,0.5643654053014264,0.04732150084225073,1.102159307303703,0.07111586118636593,0.01843681776670325,0.3640338659610117,0.08426170005181847,3
0.4335085960637308,0.3454033222352416,0.428094084470559,0.6114666234596309,0.6143397169715543,0.6006243941307581,0.24103209837359643,0.7227326112626795,0.6089115311506604,0.2840942522203681,3
0.9494278651113994,0.8318361142075416,0.7719327745153569,0.4097973630009717,0.3820647820261045,0.8867538920932195,0.21380151867400704,0.35926039410134414,0.43631130658363276,0.16382564672402058,3
0.7320161634013734,0.06302505810208764,0.7360653198637417,0.22299671155812936,0.1045892510384652,0.9383114640233262,0.18360660739763784,0.5075483374500207,0.17987780557268604,0.8888086236727872,3
0.6923930798100995,0.178536084541024,0.5670318681626033,0.10698503917720492,0.08268758534266775,0.9427253865334975,0.041692146351930165,0.5209634095862323,0.21721531593555438,0.8117268951048238,3
0.012557779777530712,0.614323148215627,0.8138283665460495,0.22714372283659434,0.7301541216080105,0.6783930551618238,0.5312346073408529,0.08193320944486522,0.7781619339292482,0.01895239898139967,0
1.0568659621561518,0.6487388745857299,0.6985627293998669,0.3518736872972072,-0.1358506300276202,0.6144656614165109,0.2983613595484883,0.5807695877749172,-0.05292193016112226,0.6454203840947361,0
-0.13058379094100458,0.524040397270044,-0.07734721716735465,0.7869671841374981,0.6901137062904764,0.3890624448279416,-0.2647900069559463,0.5703704708700863,0.2404773955853463,1.3262903692081474,1
0.8666089209543139,0.550315147426942,0.8705159066232954,0.261133668006054,0.13029550782006935,0.8142383661270408,0.4040603307838037,-0.12003552740205412,0.6010675777658813,0.8711167941905218,1
0.7447681721804341,0.25721656178504176,0.8858181887771318,0.38846259825008916,0.7212435341814976,0.39957725294365726,0.3647406641659159,-0.006058148674806162,0.5110561787314928,0.752411463588352,3
0.582650602103848,0.336929376576817,0.4478372138302893,-0.0759764146057742,0.17771653375383123,0.029769314078414322,0.5651188604472631,-0.14858296472524335,0.8179619114451311,0.23626531054217417,0
0.5578572535403382,0.36250640882971763,0.5063154876117499,0.7112731466721123,0.26886594027559835,0.8651930857958035,0.9179641301226433,0.5767544644372293,0.5148639388999073,0.6301230168593652,2
0.10548100849478895,0.35017713124093175,0.35197187674782093,0.991402685090053,0.46208341456688407,0.7809406095994723,0.4628385682519835,0.7250089836144454,0.5505596611509571,0.6389529587297847,0
0.08488170918468593,1.1132600467721048,0.7548634568859877,0.516840161461029,0.7830903705364128,0.10018637712002926,1.0996771629992614,0.3003430547877052,0.6720600959539069,0.770507592355397,1
0.9739291849694734,0.9991811726077868,0.6439543575957889,0.010513079131965636,0.09522377062247134,0.21321073890637948,0.026358229740003125,0.7536791810669471,0.9810085375543254,0.6942170183560415,3
0.42586277911532483,0.8234409456531353,0.058669539858922065,0.3108180207644284,0.6714039057459016,0.1775084221974341,0.8585384081468707,0.3399299533748311,0.6748199702992981,0.6049767063354945,3
0.8032892043420636,0.5412406827351943,0.8123857747714252,0.4286826000731671,0.6106686087521438,0.9749752335226753,0.3056584922928407,0.1401237553256449,0.23825268694679433,0.8131239333126402,2
0.9090085804245004,0.5768829614309046,0.7628963845096801,0.47737786911520297,0.029148153124175902,0.8829504529763863,0.5346757520349142,-0.06852862841502859,0.773565560474149,1.0930618439458886,1
-0.2606380119643643,0.6606075887173756,-0.2686299662526821,-0.033511804224964914,0.9116923586387862,0.2550283807522874,0.6683578361790585,0.41696042812511575,-0.09710428177806785,0.6562631959506139,0
0.04416165852399355,0.8947197351906301,0.30101384377763873,0.8635782106119705,0.7453822369436912,0.07744320064049615,0.0489412022681274,0.7418088430678239,0.2057511188672531,0.9862121360132982,1
0.47029013703653183,0.9008231013949725,0.9619107259697232,0.48167690981982864,0.7276348748593257,0.9010187545788317,0.6498179658577113,0.3265794803417461,0.6578495385983706,0.37469151177208027,2
0.2023557493252543,0.5733175734062698,0.900537496035834,0.07805568187525698,0.652138145725939,0.3038345347695356,0.7682811311470794,0.5605650375210055,0.03614433872991275,0.33065281552981074,1
0.014301601925401823,0.6154870953738629,0.8133673366946184,0.22509471123622724,0.7273413718552516,0.6799206210709323,0.5341593277368956,0.08198297140651273,0.7774691861865038,0.016833701252020515,0
0.3065843608802825,0.9655111152461546,0.861384102012922,0.341301723348941,0.716906172235404,0.2520358425842377,0.7616535359157302,0.29762552138562937,0.5082847065412005,0.8132558482126325,1
0.011154437032924208,0.7749078948354726,0.14039504503992398,0.7889670335344807,0.5974770826347473,-0.10639623764581974,-0.1529423437843153,0.6090207902346834,0.2665198526378919,0.9608564662844203,1
-0.05055702145255846,0.611972322947398,0.27048783665538684,0.9828357271914262,0.5078092625911463,0.7963720619292319,0.5511940180732645,0.561715332163251,0.3988711609245805,0.656610888848246,2
0.9567475341115852,0.14769035312727774,0.5577412258860365,0.8391490312733189,0.6725809919704866,0.8476541391909276,0.21202486629050388,0.8957919424284186,0.6683874134639882,0.285675100411955,2
-0.005836309712672037,0.19762906812795697,0.5264716901664157,0.4977228560011481,0.8573384404089754,0.38526272094422,0.46319113101655435,0.7472490174090275,0.4082679995446608,0.1630209036905638,3
0.9112942884188023,0.9760591650554381,0.1649313779584038,0.7630801614428895,0.7181714038294266,0.4410927308400795,0.8100769649274102,0.04030422527407593,0.2057829261696904,0.4098935371353305,2
0.04097505528879264,0.1607984661137147,0.5268967455798795,0.48992461034073115,0.8803509201963199,0.3284254696208265,0.5149455222096421,0.730397777108963,0.39404864031458714,0.1726780256536356,3
0.5212112349582387,0.13642523082695218,0.4142543925032763,0.15799910685103796,0.14858293005586196,0.14006588161713346,0.45289422144429137,-0.03595678300691036,0.7761499425169827,0.45379537709409956,0
0.5434394200128562,0.5789525452680384,0.9802048682532105,0.6382834132625261,0.756543151527765,0.27665568396857043,0.614783183122472,0.22034465920795293,0.2364919279193607,0.5939079197282012,1
0.07592630159400152,0.15535798609679052,0.5098083533265247,0.515421016947504,0.8926854189432696,0.3332148212171029,0.5188563578022755,0.709391349949066,0.4008704478951034,0.1618888973811821,3
0.7441990186845251,0.2437526999620956,0.3140692865687128,1.0846637358556643,0.22776802290332188,-0.6345192786612236,0.4303623287521085,0.5536153111708677,0.2322172132868214,0.4208032848935649,1
0.6330621277299987,-0.2782328987985096,0.7657288669926738,1.0020543154882542,0.10241514292439857,0.8307762592332462,-0.1521598711651348,1.4350484007645785,0.39625509781296464,0.02124151312458078,2
0.44682954984671064,0.847776895291608,0.0693110541846982,0.30669674156104787,0.6172801835710712,0.1918963715861219,0.8598788077659519,0.35951859475560494,0.7001694058896815,0.630885457118973,3
0.6997220495794753,-0.0005912590858376497,0.13766814753346301,0.9310220475281659,0.9698407778894969,0.08604710062830848,0.055101596794904784,0.5056280405037711,0.6965060940737777,0.3906986982290679,3
0.2828527579420764,0.8044080959293898,0.6202916449281685,1.0616623052374257,0.5979279815724522,0.33048298383540614,-0.056179328548430815,1.010388155587323,0.36825832250219015,0.7021399492686202,1
0.7748426743886283,0.5710338284326353,0.7889145855623723,0.4038569161457796,0.6407594426706278,0.9227354580790157,0.2860917526098096,0.1300752979621208,0.1835278151732049,0.870913562613306,2
0.8157969845891643,0.5831101011255383,0.7706009588423616,0.38830142243681737,0.6496422508410556,0.9280999907505473,0.2929584044374626,0.14602088121238269,0.18884685827119732,0.8688186239335279,2
0.415098749628806,0.6145232710302031,0.7634155876932756,0.5262814440568508,0.8518877373711786,0.4881290813016212,0.894032652642833,0.28146741977462314,0.026042835098962158,0.8967322879728158,1
0.8579720497239618,0.2886476598757806,0.7288871628808953,0.03879839721327809,0.9174426956182854,0.012734707310644178,0.8756170218331089,0.6459603305264212,0.2387615854684848,0.7857323005816453,2
0.13031243978802587,0.6030016569541824,0.06827063062081948,0.2385248350857076,0.8664477471834232,0.45599086045739,0.33617159764530263,0.29784714911087284,0.21647138261505816,0.39948661734315727,0
0.7286668805870202,0.4589615482337947,0.5839970705970522,0.7132748507818832,0.10422716379093752,0.5158225062384163,0.749467341805804,0.5767325298927017,0.5249062795375168,0.1497229289673947,0
0.8921338800159982,0.9144424881496148,0.13643930617735725,0.8120122092139358,0.5271768241978941,0.2929416505851067,0.8453566796251495,0.04088912916541467,0.27660025038902075,0.2583497238673569,2
0.8932547493662031,0.21047809303959025,0.280789650574388,1.127287661068666,0.832322805529386,0.7629273423602594,0.4247927676280418,1.1064625821209235,1.0175951851006804,0.2752909202622612,2
0.6506465302555733,0.26123137751139214,0.9137273893598313,0.3741815868930491,0.639071799499265,0.4156575567243867,0.3572804484036046,0.08365571602626456,0.49879576536950077,0.8430051690694527,3
0.6597557195285833,0.9351536692009584,0.6885693400273718,0.9321135518785001,0.7420907629613314,0.2220562231729305,0.29199787446309966,0.6230070706525981,0.511864351336397,0.4605927003480066,2
0.6431988628468243,0.13972524549555138,0.8333648587454185,0.2969317123944851,0.011492001084755538,1.0478693993408736,0.14205827209494237,0.5446253277316434,0.30659785301877557,0.8366136679824976,3
0.7127896155100265,0.7399912898381104,0.8853015140393702,0.8889008144133229,0.4571247756501774,0.08411126841198988,0.24462590201975906,0.9175783027476853,1.1488839434478908,0.9387999866693615,0
0.23139771820734428,0.17969090326350254,0.29897935307843054,-0.24944899902281198,0.25236234370612926,0.23270478216348522,0.3612859170813868,0.23740752379138494,0.8471570652965273,0.737751585550414,0
0.5955966732375364,-0.01914954659544138,0.7579149357019612,0.13307674276236456,0.7540993141693259,0.14528359159593796,0.3907532062116045,0.3492229716483012,0.7960765826342769,0.36184617349721726,2
0.9810845454702721,0.9938923690812252,0.636883898787537,-0.0013599739420048947,0.08403188014929117,0.2257162247457988,0.0348232047831731,0.7451596776796016,0.976497778798706,0.6993935545003911,3
-0.009264766235864363,0.7255011834866814,0.05134937089092134,0.25949608873015534,0.8430352843979964,0.4417675346808618,0.28681789477767955,0.39428638959447915,0.10257035598019797,0.5011104528335638,0
0.5129731350829765,0.4497519007307325,0.5588151730218311,-0.05327421228614436,1.0298119901966252,0.21229270965636854,0.4108637109682774,0.31890767775748613,0.3168746315922738,0.2790097673218766,1
0.9583046696047297,0.12398546474054069,0.577837969588565,0.871918542332013,0.6873430281346166,0.8373760768458091,0.2268516950098386,0.9180813607378487,0.6499132638575275,0.2524721180637634,2
0.042528354963108854,0.6338954549432143,0.3734711262804903,0.06578749668077055,0.9285793944839994,0.6036175398449167,0.5634937717220441,0.2733273974320972,-0.05185649727039254,0.12737065194649644,0
0.29739533868547113,0.4347105108671876,0.9385443496936445,0.8496003326807,0.01505795924187546,0.11809674853415156,0.702721470291631,0.7284824624055342,0.31377749125893195,0.8188387204619194,2
0.7985466612951331,0.5817753959789579,0.78119358307769,0.37866235974429174,0.6408366387883511,0.9363429574159977,0.2895223111203549,0.15744559558554638,0.19506101608457482,0.8600496640579333,2
0.6537469374533703,0.5012281566454538,0.6078448623866578,0.6723809457166496,0.06232413247093766,0.5128958780213465,0.75676244984985,0.5247973306276942,0.5431796805875351,0.08550403472721559,0
0.5316769085420522,0.11169676589926303,0.8498398955617006,0.877139619120272,-0.550090905146344,-0.05685820882037135,0.5635365720371336,0.7594934025198472,0.666628255470101,0.3786824267067178,1
0.7786578459951867,0.18194244426342882,0.3205214233424477,0.2825979382237539,0.8076926209496799,0.9119248726598762,0.7462951296816741,0.5416387335791132,0.791959644872089,0.08252690368578386,2
0.41026552407761596,0.6960016094431343,1.068836287060253,-0.05497215658436044,0.7764796900693182,0.5212706831292192,0.3738893725493613,0.6172618865639607,0.33335206589647326,0.4318464965415303,3
0.531684933992278,-0.18872158835445157,0.06788859020112195,0.5182071279532249,1.2466371505225513,0.43660129035612155,0.23020095635202856,0.7878423813505402,1.0539465375860666,0.6906939696258958,3
0.6967138373546422,0.24092787374789182,0.9351063715809912,0.3687042641685428,0.7018372227223588,0.3449277078954228,0.36310114222941986,0.05293458501704867,0.5294151469570003,0.8105200405674302,3
1.1228266715372668,1.0640001324163988,0.43239563402057346,0.9168933842891748,0.9774381514120049,0.281540349810083,0.5873288462095345,0.39890437010086277,0.7222625476903861,0.0918001214546345,2
0.18196343889194705,0.8093653083417927,0.4435337423761581,0.709498478531906,0.6670141592455048,-0.24340474170362858,1.2321329547380317,0.694426165601076,0.2597202473452414,0.11156651976795863,3
0.9734467488454176,1.0004124575023614,0.6150039356202573,0.6248333523177777,0.7557566134902934,0.27282499629810236,0.48360634084657234,0.034023202786595534,0.9256721620848136,0.01951108735439129,2
1.5819945870275096,-0.14642013908390172,0.7722040071727339,0.9142803349278268,0.4866797043818149,-0.31315614795875546,-0.190912461954101,-0.30750675592405363,0.2670625567959686,0.8013323849829388,3
0.9937018025503785,0.7589426263740942,0.3495858930923262,0.5573823821692183,0.6725811138569482,0.3348599620880337,0.2579247137612549,0.0034894775407917633,1.1660678588621187,0.37856917411099167,2
0.8742975611617619,0.3121188958738568,0.7146113409863883,0.033286240477696995,0.8912342886994824,0.015154708665388044,0.8719045185258159,0.6597838939649097,0.22495217370249165,0.7581552451224822,2
0.9592292046281786,0.9254336293940025,0.5108844598551076,0.6615088608325231,0.0792047255730538,0.3929913263578077,0.7644839640256798,0.6509293152366598,-0.06558039993463871,0.6269164776203073,2
0.1902338778155379,0.7791363297013334,-0.05955812486770176,0.3832011511964105,0.7257143819903485,0.4575134549707481,0.41092258528388087,0.4462314203689847,0.256201746780478,0.2987164821960595,0
0.6639607895867793,0.06448658562399083,0.62606327284153,0.1400985841963836,0.7623058899003446,0.3019281436691663,0.533518340278414,0.18557463433056912,0.624669530254612,0.24649430224936292,2
1.2344896728527246,0.6413487696532838,1.0663337407782363,0.5010807133795586,-0.07017525220643567,0.2806739783549297,-0.08248726039443968,0.45309039692035424,-0.19992846207571024,0.5424382638021881,0
0.5451320282938499,0.8766768496590337,0.8190167523980049,0.44792179906329505,0.7079977093595328,0.8535919286989145,0.49483549788754844,0.4128043610346196,0.7819788307777477,0.5015573208956365,2
0.027367359142568326,0.6406693025454078,0.3095179220124491,0.4413032985263502,0.07715880480075746,1.123969374212437,0.3942214114437518,0.7605084462053375,0.21665996836694149,0.7404711638557719,2
-0.23562212196687787,0.03282319556279977,-0.11458708318211086,0.9913289119139695,0.3012861826160196,-0.048911734050520406,0.5293524426948832,0.6124627201591106,0.26760587884501047,0.5022505884423247,2
1.0115787590963867,0.5036868934945554,0.7457211349023382,0.36876722777049364,0.11519542442479044,0.871090999285276,0.4306256573171378,0.02305255955507951,0.6675313924891263,0.984234219615617,1
0.2893135586373342,0.39172727724151823,0.9782614854512408,0.36768634830139935,0.6968574130915377,0.7598418852699617,0.6661818862043591,0.9781933750388563,0.6111041306812113,0.2296178331203137,3
-0.06018425986714104,0.34274013979387097,0.6258253348093812,0.7355339815409133,0.2134665205506405,0.2580959675750116,0.5185420869572778,0.2933339530153888,0.16472211904635345,1.1200837701059256,2
0.6655201968792884,0.5022904675788608,0.58987558335554,0.6756098718559287,0.06295757262371712,0.5210864242504362,0.7475397736534192,0.5293861959475608,0.5535822641562358,0.07640878226111394,0
0.4612498710908306,0.7397460193053012,0.9626749379468247,0.40727715360365313,0.8348096601347913,0.7335004566942914,0.660457796300873,0.3785837398778884,0.7802045630424291,0.47969805492723666,2
0.7277262297703739,0.0529083754810104,0.7464783307482646,0.2399617168935951,0.09796609894575464,0.9616847365765631,0.18325255137359844,0.5005654896226946,0.19660587524149406,0.8821613270745488,3
0.9716649270285558,0.7593782662326669,0.7790602728802272,0.6673893780066428,0.08545151712109375,0.49052260109505547,0.14596835457924548,0.7099602813165402,0.03961272820782322,0.45683827277375444,0
1.0040233446468192,0.4885755488496191,0.7302506622566661,0.3821204412900913,0.12437950755020025,0.8620968629284522,0.4275657537443864,0.012775062331644986,0.6738237705085687,0.9906239788372793,1
0.9151550775351108,0.8915036866109437,0.11562742728479791,0.7755025295591276,0.5618286359702297,0.32311518107049486,0.8934882437843321,0.020383888128141785,0.30533846592704417,0.29838484469878135,2
0.060625257923745596,0.21784969041091426,0.8981817048797799,0.8055222555534444,0.07113837809461024,0.1640316498623586,0.5822741432163432,0.6715876826496834,0.17839615557847613,1.0878890578877785,2
0.7480452173743374,0.7598929042634842,0.8724185143191824,0.2982426756103945,0.807280077170956,0.8807909394603968,0.3924431954248062,0.3379644552320241,0.5165472636225122,0.4983127384477812,2
0.09628366853500572,0.30248684058116904,0.3024852987831375,1.0476359775590989,0.4326364808808444,0.7340591123568767,0.5183778058918324,0.7294241909739768,0.5423341651050656,0.6498370943152351,0
0.2781917854507824,0.5179750853874434,0.11404556475275648,1.1005330032449092,1.246517071901107,-0.008078663088213783,-0.3067353260327713,0.8066413317076905,0.3270313435756983,0.1685861069406562,3
0.49170137657984014,0.8104597690375825,-0.17825350797411718,0.3092505145595028,0.7805604013922779,-0.012557794845693554,0.846765105016037,0.4299729341517932,0.578059193885242,0.4537828927088214,3
0.95112491666027,0.04551170002771229,1.0071304082461752,0.3215128236550153,0.19269774228655426,0.5176128968399314,0.5964617400838073,0.5999059701723776,0.4696210952142293,0.756825768194321,1
0.24564299826461947,0.43716076784124697,0.9178249950550925,0.7028253263983254,-0.024601075805525945,0.20183145333328056,0.7977003637042288,0.6342758403223093,0.33887481264600156,0.8345914259165121,2
0.7791853858299623,0.7017810677379045,0.39432776507192946,0.7326413851750121,0.11500837075096741,-0.038331068866523085,0.5024744592628227,0.1468914187881531,0.43801174225558165,0.7833767544474994,1
-0.008706060658361756,0.6312957642212578,0.06655045057054353,0.3025886112261492,0.7764359734788517,0.44050496839427217,0.3956591597745169,0.425991998201131,0.16920563316177265,0.4132483742064002,0
0.4794331346081452,0.8127709562056169,0.8685193614377101,0.5042225638838993,0.8010399329705071,0.7940412506655736,0.514044632312913,0.38229387848340196,0.7304624436707328,0.4744331549298884,2
0.7272195744252852,0.20591830205142816,0.3087620487389541,0.243850869694601,0.7291901878319241,0.9036756165137402,0.7919724290914572,0.5696410061683791,0.8189465815629718,0.14621795456012115,2
0.899658542525447,0.23465987354253248,0.7389194042999925,0.3510384502989365,0.31264434181270717,0.259680189443227,0.3082502142238923,0.3224861336272529,0.6556880925177047,0.3815124675848394,1
0.9033238189707481,1.0371973261643919,0.643178915267833,0.6196323887857105,0.8162911170657305,0.2336846381214086,0.41181279789422864,0.08740908871967398,0.9316047206780091,-0.047149522665862545,2
0.018654000983942917,0.33620425686596866,0.49318869667281506,0.8221814938430391,0.24213663663575133,0.6337387335843787,0.5693400108593349,0.4556071021646095,0.32817356289852445,0.825552829492035,2
0.1874676003498601,1.0076435411843223,0.7349068522631033,0.5594742488024161,0.8146169672187364,0.2257110413255426,0.9203057050635998,0.338560214866079,0.6586822166189206,0.6322905082066785,1
1.025044597085628,0.7882868405491039,0.8098115669444574,0.6777525917446249,0.16806607159500553,0.5663994015958942,0.010886768975918906,0.7188688221244536,-0.05360201556779319,0.42309497958177633,0
0.8573583394153469,0.9998380617653424,1.002655367726853,0.8802104692611428,-0.07654985306526652,0.9451254141561618,0.1365187449684773,0.7717834715860913,0.3179691296586795,0.5870227667983214,0
0.03379082157009153,0.11229619466880363,0.5729843460514862,0.46566102678266824,0.9209720404027281,0.37191211375282,0.5397119320606746,0.7382001582512568,0.35928691266515833,0.1212255832938102,3
0.10198711432230737,0.02806599665122348,0.7998502127229539,0.33786628489647313,0.06374603737194315,0.3836416643576488,0.652111496562289,0.44835437905607595,0.6401819455420148,0.21185343457485015,0
0.8171270589633819,0.5648110560071699,0.7551733841980104,0.37696066724205124,0.6646115031534766,0.9070303852549176,0.2730062318772442,0.15246806170778204,0.23273496902661925,0.8309079888421428,2
0.9739825889197973,0.9925708773301549,0.6388816794849392,0.008943854128865406,0.10536757988686626,0.21413007004123524,0.033015442668545204,0.7463389987332202,0.9822815693832998,0.6880463138338478,3
0.8619030671540836,0.9966414531750791,0.6760484201678056,0.6345187157468658,0.632928098012329,0.09407505520683268,0.30683873549072443,0.13340893384010075,0.902346107631833,-0.043109908131871766,2
0.8190797262702982,0.4060516497304068,0.9290420544518175,0.3169762872500071,0.8478502778073508,0.5460829138212648,0.6133903537169396,0.7108302113345359,0.41439574864470874,0.6354738383803277,3
0.6249864041787033,1.7305244647602944,0.18687185354008773,-0.5368878534698055,-0.35800458745914765,0.951473569232696,1.215345047982329,0.30147901713017544,1.2949583006887453,0.8077500580203563,3
0.7492459683958971,0.09943276136468468,0.746538060752655,0.7346981612327441,0.8631399886288423,0.8834970888497795,0.07806213784527913,0.7286320630122824,0.5239020780866659,0.2823453886896435,2
0.8834161636284201,0.8917413339096021,0.11832794259162238,0.7884222683330354,0.5412921398359485,0.31723953721728476,0.8994074194996405,0.0036971539931390657,0.2814111361316793,0.31991219866585185,2
0.8461345039756724,0.3435782488725162,0.721810665419568,0.007589068097083148,0.9356612195805464,-0.02312325749381574,0.8570376555986793,0.6551908735424787,0.2146185879233439,0.7314337464969476,2
0.8057186025839195,0.5832818745148187,0.779831882195613,0.3788200871914088,0.6377718504566273,0.9335654125827086,0.2865298035544936,0.16087789535973668,0.19771250567627502,0.8582260930756617,2
0.38229866406592766,0.8096251945486911,0.06993768369208414,0.3213044132304124,0.643342233219173,0.14309451833559655,0.8528405523037803,0.38144918358766267,0.6496473984520201,0.6607857529195421,3
0.33499180321304267,0.8970260235932028,0.6267717945539967,0.24508482795716385,0.1255622576278213,0.827325380540772,0.5493317719661225,0.45120689974769,0.34593998231929146,0.4389853755742811,3
0.6471576596186506,0.4454900193344721,-0.1845739927364773,0.7668390376315005,0.6591890440297349,0.29630749996079897,0.5425570049221482,0.317218433819338,-0.04793792539197898,0.923496783738208,0
0.47592262505403016,0.8360366458655885,0.03589353585198397,0.3669987306394459,0.6929383625716038,0.16849612608640505,0.8724507559359731,0.40085762261480506,0.7416174180534996,0.5876463566776746,3
-0.12907228751767638,0.5875471345677765,-0.058406579031319045,0.5153143294034083,0.7845181831941379,0.28554479394154225,0.30677563118497253,0.3380065819976672,0.05945515702636259,0.43600055730929693,0
0.613414772985198,0.8766579476250894,1.2078843595332345,0.46852347325654226,0.49433669027132054,0.20222453628722464,0.21859134810962744,0.572183754167045,-0.27336028131185114,0.5838829992733964,1
0.8099471194890984,1.010337902271867,0.8618538858628708,0.609612182610306,0.6291238454008727,0.8314706074693039,0.1633638761464696,0.3565390152361848,0.789181088794129,-0.12897652621498565,3
1.5250509668692782,1.0069923503458063,0.8335510837631122,1.0813824544021957,1.0610330709026898,-0.0533770919129361,0.34813653001906,0.3942658740583717,0.6081185174044135,0.5604752513531754,2
0.11076725430962389,0.22676900230492367,0.4490114942429528,0.49598844809836373,0.8716519850137016,0.4169311348761384,0.4808281325144414,0.6956778843153512,0.44706285868339524,0.07469948000449367,3
-0.18344069520034018,0.4139455550227737,0.5798878251305489,0.975105053702875,0.6207147375054507,0.4732276496243252,0.7015180997794139,0.7370212920028126,0.44654853925321647,1.0170408202108674,0
-0.04209404245740818,0.7914095199713609,0.028389756128522715,0.39032296133891276,0.9950576261512659,0.23731385892138832,0.3326244417357805,0.4074933815576811,0.2579108118938148,0.25934046414840917,0
0.3526465105152715,0.696349170203553,0.30379969575829097,0.39339455817427227,0.22140013722392066,0.07302732346544145,0.05287177279935454,0.3691058100710003,0.06812919847871265,0.2833854788048235,1
0.6269705134722277,0.6821180457623854,0.18737670275290072,0.5346205026890568,0.31661925596724694,0.12587717467350115,1.0069257273756873,0.5205861398006688,0.9166358347323915,0.2913264159626523,3
0.4284798092464259,0.27969817276190645,0.49222715919146065,0.6681371983285835,0.3345298426080059,0.7341483856947488,0.7922510202052836,0.5592769199199902,0.37442301787966925,0.7036400867148472,2
0.6762780600480022,0.22175916052454564,0.8926410443757317,0.38393010860331994,0.7143620947105705,0.33854182372612607,0.30452131999248194,0.027082377756250924,0.5598292382487614,0.8167905885471399,3
0.013083532126193873,0.6138241032257445,0.8111181560604985,0.22005562459778127,0.7227835876611913,0.6752897231732369,0.5241484971678999,0.08480698180990767,0.7857300702960666,0.01893780493425588,0
0.7837912054921001,0.28240167568755914,1.0081321925916575,0.4560023070795346,0.6615189486478379,0.30030527264882234,0.39987452957187297,-0.06051628935566984,0.5365708164737673,0.7108973287383276,3
0.8107120062000539,0.5912512581323464,0.7820692181323443,0.380788027345966,0.6299586065729554,0.9320907550564248,0.28758816204556925,0.15597690722638316,0.2019768426221807,0.8528955132441411,2
0.7954581867731886,0.22437882709130508,0.28179744409437035,0.2513789694401828,0.8135561557778985,0.9322855716331745,0.7141796371381083,0.5391803885247303,0.7771291575047662,0.07021916840392654,2
0.21693809345927673,0.692528158390036,0.7691907126650761,0.06547173709900134,0.8554861984563223,0.339940246649867,0.7144022368324132,0.5865562478823938,0.08921007900319168,0.3383825992795149,1
0.33484170643354766,0.27227145421979126,0.24723026592020048,0.647191356461213,0.6459118297233548,0.4213722037852066,0.8977404323691882,0.4688266600945788,0.01608595503922655,0.43954455525442376,0
0.644831579326732,0.9942777768691944,0.7535516227444695,0.26882839473461273,0.07618364114026441,0.6797300174176714,0.3743085973321191,-0.14940010309787533,0.23707847144402988,-0.09465629790916516,3
0.9095385426524286,0.35936781719260696,0.7062749774360635,0.01230499455535532,0.8813665798740118,-0.01665443980920723,0.881429186040709,0.7159974343733313,0.1690850926935364,0.7214627696565479,2
0.05149564572915483,0.20287999452590275,0.3253374748388297,0.8426770741785219,0.47696556351078945,0.8224816266681704,0.4434961365634756,0.6797433110586951,0.4397244314404021,0.48409016490496,0
0.8075890687988182,0.5923257969808651,0.7452822462902295,0.3880672243443099,0.6243427991180289,0.8999872500582443,0.258710170120801,0.15895619409328685,0.1967176702046333,0.8214491054687677,2
0.7460838198917804,0.5985682468560094,0.4051796145854406,0.7818195602157116,0.1387761430349239,0.03037622565704127,0.4655417803122081,0.26625558205987776,0.3518632446361692,0.6559741838013643,1
0.8528516706892092,0.29430122379169427,0.7488831783614223,0.07489269339780802,0.8993870123378291,-0.005236689630650434,0.8549104192609229,0.6344139640270376,0.2284097106335453,0.7998646350380552,2
1.2543904277522575,1.066004461532562,1.070728400353857,0.69882432802302,0.04888917205427167,0.3478746425622759,0.023281519115254168,1.0563014984396835,0.11786668675033564,0.39560755684890725,0
1.0194600829356888,1.0148595531611224,0.6574012343186585,-0.03876537856914995,0.07658310311873415,0.17235709133846983,0.005706039084923471,0.7761738643263402,0.9968960834629794,0.7240558147696079,3
0.09055024760463631,0.29320659727584125,0.30391729509836646,0.950608251788868,0.3955295382694807,0.7812435680904878,0.5310238204662246,0.6724140885128276,0.5455063131250834,0.5759176782216109,0
0.40085162012898257,0.41648469716184167,1.5733860392141175,1.3381216202960378,-0.3538703123322035,0.6564520978320683,-0.1728340958592646,1.335153229440664,0.12041687823488968,0.9981319923635371,1
0.3565817441535418,0.9241203189612772,0.673984528701826,0.26407517255108076,0.19176342797892182,0.819378550104504,0.5266938134742046,0.4197747427093673,0.39060217667092834,0.43679189322479467,3
0.6454160928643047,0.2088946727302301,0.4370517884288194,-0.04282499406486051,0.15249808411751764,0.10679145657740621,0.4355306298862955,-0.05234058635009021,0.6223494323840276,0.43654161303630956,0
0.3492251230942408,1.128332458380442,0.5059580829360986,1.233031052262341,0.906588665016459,-0.0490809368430654,0.09180615288208649,0.9554875048577915,0.06843210527291291,1.004841060318508,1
0.49164215594278937,0.2938275647772235,0.4208203809506053,0.018633120918400487,0.12872369564733582,0.21403527327389088,0.5493771949258287,-0.007240998333110449,0.6268634101843783,0.3494534846743742,0
0.4583038261136329,0.7050202894652734,0.11120176362617723,0.2624405199469898,0.7552086392117906,0.18322878557597805,0.840260597164971,0.43258158928412427,0.762530256300141,0.6879944481745188,3
0.3152345995429229,0.9234981488813072,-0.0026951466616422365,0.39998317175707576,0.6412477391257143,0.1484367963369006,0.7805813813021288,0.44015061208488543,0.7473677904564244,0.6147060003353073,3
0.8206950827003365,0.6066704404927729,0.7524675395314638,0.418052562990596,0.6808932661637377,0.9691972076411574,0.3027922756764355,0.16468227741189576,0.17899890392685588,0.8148909882688706,2
0.6031676495845135,0.566843030635693,0.1741018016029487,0.9136064225375884,-0.07632127896174462,0.4203916469955794,0.6606565028860834,0.23168494227923025,0.8429933503766813,0.15784543630710984,3
0.47930471174426253,0.7797579413192784,0.21181942002989684,0.24878092782594854,0.5516056184103317,0.16309244904456643,0.8418698667251208,0.27539496838666744,0.5228833459800173,0.7047967519966126,3
1.2148717278302326,0.5515737269219221,0.479689769141191,1.445364317318653,0.587755091630606,0.012200428734243485,-0.46511393531740197,-0.10152903040156347,0.9006418655676806,0.699360145822306,3
1.372800845083351,-0.48878928809814126,1.488715783331,-0.5132807755763912,0.49773480604291137,1.0398262083480083,1.1119240644168333,1.4437265713196528,0.3353623008860644,0.8803819825834245,1
0.5982013931552959,0.18477085058299236,0.39713386155207264,-0.03831276828558218,0.25535359120976053,0.1976905104465519,0.6528197933446851,0.025299525406214895,0.6510356677154364,0.4256128254381851,0
0.5052659736795464,0.8138035950776448,0.8783081929995866,0.4756778321353335,0.7631579926453902,0.8259974577513977,0.538963086572906,0.37566736090020636,0.7333628254135711,0.4544185303727826,2
0.23016370585948834,0.3097489535514064,0.2367007438178897,0.9368855011261115,0.35188277532417045,0.921824979371448,0.6048582540236855,0.7745141071701156,0.6433380348262987,0.5109224819279771,0
0.07055646517078198,0.09986895782639754,0.45927381189435984,0.3280078525039281,0.7753258134651292,0.49548995668651374,0.0866065091581653,0.7646327442618887,0.8627037347464199,0.7262085529718422,3
1.0241748201180192,1.0258600347001763,0.6126799024675242,0.6613071907491792,0.9032155719707594,0.31906076317170373,0.5811515477603202,0.10068458118999588,0.804556748209509,0.0898166274263716,2
0.713765191688618,1.1868366011694231,0.6931477396147858,0.3848488347288066,0.2530817880796897,0.8278296138263871,0.31440873234867256,0.04696762737010826,0.5043430999758063,0.2548858290195375,3
0.7902831674544863,0.7063458339828116,0.6788227442010814,0.14360014565741394,0.6484517176612833,1.3470797103976089,0.6372843939178447,-0.4920162900530498,0.9526585258697707,1.1813501265392636,1
0.5127220340950355,0.787195216919699,0.8789462509731459,0.4823497179297431,0.7434196133306452,0.7947484458893165,0.5591983875517047,0.3343583686396373,0.7056201312293476,0.469720798624994,2
0.44658549618136917,0.9093491634245846,-0.051979000363981384,0.33970486032169045,0.6641900836693594,0.09372303220369263,0.9164665307756281,0.29998596244823017,0.7271164318707711,0.5842174453545004,3
0.05137988831373405,0.6471464679201632,0.0026177632514137253,0.35133364311452425,0.7733226602144234,0.32016192917570174,0.30513382772536113,0.4480742128097773,0.10972509379617466,0.4101970858995811,0
0.4171711150000228,0.6711592406538691,-0.03827742046363708,0.0908302742138549,0.38909157568727704,0.4693237298460948,0.2698384184193997,0.03633780977886999,1.0398629287812065,0.666071549846744,0
0.24207512791753716,0.9510623633683051,0.7151468063762271,0.5507078127114388,0.8440242086827676,0.25800188589932493,0.9730527235030219,0.2650468867470369,0.8361327453164851,0.5219304558111654,1
0.4928833294587702,0.19820085242186336,0.9950655524780437,0.4241508009412993,0.6911252445367054,0.28471997131878635,0.34477280732367366,0.41513409838904647,0.7736888246197504,0.5649159787543687,3
0.11035875598620794,0.7840629478146608,0.6603172980116635,-0.10930291136653245,0.833929507844656,0.33799645287826485,0.7134742760942299,0.6988579641887863,0.18589324153171832,0.3554203628589163,1
0.17425383588199495,0.3083773595030633,0.8359608922107575,0.6354099215203403,-0.02494738208761427,0.09448689001785714,0.7735682299698009,0.678343484901861,0.36820638899483626,0.7649615650090785,2
0.08158064283969303,0.5278923105137764,0.5880176173285703,1.4036873121170483,-0.1088025242912134,1.1431590485218805,-0.0815140689411965,1.2962477384830948,0.6767394294100478,1.1501948094452437,0
0.9002463354108484,0.014259950415663164,0.3072354329109736,0.9950023753534949,0.8356144573104327,0.9586022798089994,0.3350562840955287,0.9802154410419319,0.6760708932360908,0.42090224652837405,2
0.7782153994368503,0.1968843922484381,0.3031900126159638,0.25650016651790786,0.7957085087448764,0.9103044643205438,0.7155112850957775,0.5505110658542391,0.8054745867130618,0.08730622044742609,2
0.6265445221530639,0.09304127902433004,0.8365316482794943,0.11867583154258823,-0.005252525179207546,0.9506396354518891,0.30866431581400466,0.48897600054430235,0.30659759501234946,0.8896105913427507,3
0.4179854949982816,0.822533277584447,0.05950310590356462,0.30452171522939586,0.6545840922632962,0.1780051478247461,0.8848009511863681,0.34336948653477306,0.6828721369512006,0.6183710843580628,3
-0.010267758317875256,0.26101979818959253,0.5459470328933911,0.6743899145283958,0.22569400104400678,0.5975687568148257,1.0805675277118327,0.941742885977493,0.5570672632177316,0.19243364549708453,2
0.3572538033378435,0.8946418596507179,0.06993762431079487,0.27139348598831703,0.7267470697950266,0.24347159570526508,0.8054251545620743,0.2788027954540021,0.6879818997157938,0.6762583087479516,3
0.04650034286486723,0.6541812717146551,0.07825991875967055,0.2525475084404955,0.8778106199308456,0.4296402071972813,0.3363684945598704,0.3606690643791224,0.2055174286025726,0.38922245799915334,0
0.8179015289063165,0.8181695126534141,0.7532318887196287,0.7937135974476264,0.9042046384729185,0.2613895819885347,0.3748757909375689,0.7869163001019716,0.32698470844476446,0.6114582428228641,2
1.0002778338867946,0.7459068799720447,0.8385979787634256,0.6421870362507328,0.0374081734914431,0.4726073608960115,0.15274686025336062,0.6673481035088666,0.016848440663019958,0.49034535584426864,0
0.8220733648259786,0.8341354564531351,0.7673123087788114,0.7916981185755108,0.9161670070233162,0.26199308298511614,0.36058740511634046,0.8017804535812738,0.3271854333391525,0.6170743622918188,2
0.012305072624894508,0.6134038098464586,0.8140262845259896,0.22345112283183616,0.7263004630865136,0.6759309170701334,0.5345517742891229,0.07807650405429847,0.7757457923527782,0.02369947520964942,0
0.5222248749886034,0.22859088122521914,0.37983434215259115,0.008023531604562775,0.13619609498995427,0.12896306520482564,0.5242031535865096,-0.0349184469740519,0.6864714710388155,0.3623112901208264,0
0.7631224923079134,0.20253229533051204,0.27947389731530736,0.2891446535596829,0.7651982110408144,0.929688625364498,0.7362540979153535,0.5450272793698184,0.7675435327428854,0.08685086538368045,2
0.048255976680469416,0.041948993231511245,0.29632053137857683,1.1791195266012329,0.222369081687901,0.7387224241846584,0.5782262609344617,0.8393985240253291,0.8691406445327088,0.31744379750048374,0
0.960714071683663,0.8232490365609808,0.11449985549512198,0.6953074605044477,0.592976048558861,0.402744294505212,1.0700323086352617,-0.0382686489768539,0.15787694107244804,0.202608930094427,2
0.9070054994019321,0.9037294052680127,0.11781449049387432,0.7776751292324716,0.5597683966747367,0.3318157313157651,0.8953549005838592,0.019780399341174024,0.29275074934873285,0.30319136261390317,2
0.8838493558386311,0.16028999651039394,0.23163464126277547,0.9637896187655905,0.8793101811975529,-0.007948119488012884,-0.15832400095011454,0.800957710750908,0.4343240655833139,0.15813345459984274,3
0.9311134077823114,0.9113558736018578,0.13322090975255532,0.802267624206617,0.5603886400408832,0.32499726943805846,0.8808727673615712,0.03297860388813856,0.26894023064966327,0.32301909582247496,2
0.04897319576735895,1.0720600593289868,0.7700803308711733,0.5225583433515387,0.8520504573595017,0.14590524377397213,0.9772400443108586,0.5510000576925702,0.5220241440966458,0.6713399125011488,1
0.9668139188447471,-0.2142494876738792,1.121483249249622,0.2621253402632608,0.34100814335054813,0.232722100371208,0.14630471708074994,0.47123661844093145,0.11028593687836513,0.5022887089660495,1
0.6734966051600414,0.29435285967427965,0.9397660099753605,0.34165731093611984,0.7292221555898858,0.36888778147581547,0.3677644219577237,-0.0033601563162627586,0.510947427450902,0.7790739825911709,3
0.3777002388936699,0.8607893476520478,0.03308748235315833,0.3078899854567591,0.696146837648771,0.20356395028259625,0.9013540552371382,0.35877875277616184,0.6695932658371644,0.6462879647658564,3
0.9868013095445443,0.28396359383046604,0.860547345534569,0.47542121113598124,0.5194201364563918,0.4891312474913459,0.5889539680149176,0.4906355246349736,0.3033544689776587,0.5131140294154066,1
-0.16532630682481753,-0.6927598211389054,0.2642963965315823,0.6901633619192418,0.757142152275605,-0.0026150548498511395,0.3048818481507525,0.6218638575440715,0.10260196687163015,1.1677459683951685,3
0.41574014562223194,0.4241826373645563,1.0382112626844384,0.17983139138449666,0.899514404180999,0.6215946678868499,0.5492996856696294,0.890432754747512,0.5321931502164182,0.30845541752388245,3
1.151941973969042,0.7638831377692799,0.7264606279775844,0.61791878332287,0.72276474591665,0.2310069802773672,0.7129053220182497,0.16391351219727052,1.0759945199501313,0.10708527425749251,2
0.7862166037217032,0.28348738880942503,0.6618841679289845,-0.0166216542568979,0.9586016082851535,-0.051266244084487406,0.924409914669052,0.6640209840117562,0.19136558177360588,0.7449031078008969,2
0.19925277127711574,0.11534492246973982,0.5658763702554995,0.3247662321001164,0.599515695194353,0.44173425761918356,-0.08718028984798513,0.8758107003961922,1.0802396142855304,0.9247000043165067,3
0.2992304933668107,1.5421203468476405,0.07273424081916133,0.6231441961187469,1.090734553337751,-0.034622708425779206,0.5637588004821494,0.9692541947346726,0.8437369054611442,0.8375040896895649,1
0.056720133211135365,0.8782693558995035,0.2465276482679904,0.8858859729188007,0.7147650462600427,0.10385598788863575,0.08266586093804956,0.7781463894465211,0.2753498630720983,1.0163698243028356,1
-0.11811297212018701,0.679817064822337,0.3220685290777477,0.013421170629506651,0.5142710154520219,0.5979617165686983,0.003741940964446522,0.5378071714464058,0.32754829935218466,0.06456396185061794,2
0.8792158058911066,0.8973653168544511,0.1430392606891298,0.7668274614865515,0.5947622364176253,0.3313003982210507,0.8782446325138733,-0.008426082126996526,0.32520771396165893,0.32137256330596736,2
0.40268126847862146,0.8878705160285923,0.09164803465815263,0.28600724239573594,0.7398556256700513,0.04261909273896028,0.848642466171537,0.355463758408056,0.5656037991221935,0.7172100214796966,3
0.8054946041445387,0.5917264818041517,0.7613188051315761,0.3964853954497397,0.6190027161488079,0.9386546953750156,0.2806453893304533,0.1460858554042409,0.21230153956628142,0.8508610922206707,2
0.666574126731791,0.46042653955432294,0.6050906991861069,0.6646504244588234,0.07330975620153055,0.4849308029921112,0.8065653312753441,0.594776143924427,0.5114215715536016,0.06567539039031053,0
0.8359736007061519,0.6883231618709286,0.6382432111476539,0.42283758695946294,0.17959293177228386,0.5556787365082156,-0.10061897387376481,0.8944984176371358,0.14489916140391562,0.44891162124934,0
0.8042427358475066,0.629667702926913,0.790279213380823,0.3442034728143799,0.6212499573454636,0.9019307555027292,0.3313640291257272,0.18985564372500527,0.18030278546734557,0.8387971388488913,2
0.9373758250032629,1.0722721329541072,0.19169942391887873,0.8397725437615172,0.6752197434594029,0.3721304019351446,0.8415401834720057,0.07910159633332908,0.4650982269491647,0.36490044809064576,2
0.6861058586932718,0.07096630740420007,0.04284235367341005,0.830164564148633,0.9009312772760485,0.12749648675002112,0.0007984909502968783,0.5303686974629811,0.706962006193657,0.42014663548377695,3
0.4522698147960306,0.7363692540767639,1.0098901569412249,0.5251947051268125,0.7333095630233113,0.8249382081365341,0.550796899484335,0.40048679199350434,0.6830049590492088,0.37740690267528143,2
0.010903346067962085,0.6124297278382645,0.8151695490965161,0.22749377591367329,0.7303801617933895,0.6770920932955415,0.5313316223219872,0.08414187679594334,0.7762238974070044,0.016314814351310106,0
0.8317365949256026,0.5801289630348306,0.8067391921567005,0.3396610883991169,0.640729083832438,0.9640998185139457,0.26269117962960453,0.17181302354838482,0.20537495061116573,0.8858548730221967,2
0.1703914226984612,0.7179626847458404,0.6592426044557695,0.20109138810535124,0.7999553689022754,0.5003346241924361,0.5961262928273909,0.4178697577118714,0.18757980380389142,0.2188705262109239,1
0.653293885921235,0.747346694437612,1.0161146078532346,0.7717959533124291,0.45704329587989534,0.3320511518465691,0.1323530812922982,0.9604141840959821,0.8477217790349849,0.7527234368407021,0
0.8004909150041013,0.5812592431112645,0.7768544223759166,0.37538276191885334,0.6376905993743447,0.9359204358076776,0.29094656766166827,0.15347130717233218,0.1989966806904282,0.8577881635111952,2
-0.19326067482257914,0.9927824353834129,0.5454419973237622,0.8427375809966188,0.6940214931809009,0.1749023379395465,0.20197392102943684,0.9005003482365621,0.06419657041625731,0.7468148594446744,1
0.5139611958782924,0.18236736392105007,0.418400168408386,0.0402443294013447,0.09176457416661611,0.06394277182304002,0.5161370256739236,-0.018849539731375018,0.6783220626486042,0.2657803432342694,0
0.8518379932087481,0.7637545943270031,1.0679154509167086,1.867933012474518,1.5446249500616815,0.27049728076460755,0.6738140888003431,0.09183590776405137,-0.15706897205413617,0.40528606219221175,3
0.7893399867971218,0.5982350542339463,0.7863566900802542,0.3921026958952214,0.6252908806029537,0.9272358867800353,0.26037511923926887,0.1840415328486172,0.2168588801462765,0.8621413045960831,2
-0.4504632360950289,0.2665494403547035,0.9441587626886718,0.4911501670359328,-0.28403528021160696,0.9087869492767993,1.926460950265783,-0.025790613508361204,0.29165427615845424,-0.6090196499471705,2
0.34994241364792156,0.42537908495899374,0.05303662303375345,1.188631466571281,0.7361188730102948,0.5144815072732812,0.18172041489015167,0.7496502294903836,0.23382475015852755,0.42466628084600255,0
0.2662253472824863,1.0758135889312392,0.628111586271113,0.47972332258527567,0.9045995138197132,0.32251611287237947,0.8426780846655538,0.24252323045250881,0.6165664653087045,0.5774338510639829,1
0.6323752185191598,0.5096579402822718,0.597525468543711,0.7062613018345432,0.0797669024788265,0.498166576632973,0.7258026634360552,0.5564784176222491,0.5351240962563162,0.11009789530716582,0
0.7841674645319991,0.601328885453575,0.7783012073801296,0.3870808176757243,0.6151325210316658,0.9270116251009637,0.30629015502010487,0.13745164573579333,0.22091968412749202,0.8334869067264947,2
0.1422219903188274,0.41853232643713945,0.3865737660575369,1.0396479048745935,0.6197580047352704,0.018685168910043015,0.4109558027686678,0.14565821682249125,-0.23114581455931826,0.9431907407352352,0
0.5699285828346546,0.7938011454580113,0.9066788331398438,0.35532127172079175,0.7379327551879709,0.874076945840965,0.6339170209193302,0.3764842162193706,0.735909584269628,0.6018962481468267,2
0.3796004362798658,0.08210285034244193,0.1783117949898962,0.7370695101979264,0.4571454080852997,0.44213749650484746,0.9298889688849703,0.43787684504707947,-0.054930966153090593,0.6117184647249836,0
0.8580366044212516,0.31828182513524367,0.7162159380871214,0.01202919299605186,0.8692850889132699,0.027457990007386517,0.8499240985215067,0.6794758998387785,0.24496043316181842,0.7657636807203144,2
0.6552155696332765,1.0292175897108229,0.1483320716688143,0.5402376242756206,0.45299295940802037,0.5721871194438815,0.22265524847497148,0.327232630234895,0.32345348167822374,0.65420034108488,3
0.7088371341615748,0.2607379547182499,0.9308257006639917,0.38355321605121334,0.6926191421927567,0.3810353834101074,0.3237258623466356,0.011357289493840288,0.5571023039922928,0.7766845001933587,3
0.592279968574438,0.8971351557248888,0.8621073607341577,0.6181396582588221,0.8508169986345459,0.9491044447936604,0.5284531186416284,0.4679708546916854,0.8094232825469458,0.45429654085921845,2
0.8291704031014271,0.6163521665766061,0.7948099107484617,0.3606927238833451,0.6678546627625318,0.9010498506931673,0.30239416252344503,0.1237151658946696,0.17624425343464323,0.8857991561799274,2
0.8703923246767605,0.31682104655569393,0.7083716526421636,0.02517549524092778,0.9001575623869572,0.019220438877862907,0.8675479140478339,0.6539996936557408,0.2302240767259306,0.7623595044476237,2
0.16626573817945722,0.3271860233940973,0.18996302435698537,0.7065154482565459,0.4889387631174815,0.1894249886059768,0.7629103485069703,0.4059436898630013,-0.11154594904881238,0.6071246146558744,0
0.6488168670384025,0.057690905854684116,0.5570363083075822,0.1139516512545183,0.7924337084746834,0.34351018514630643,0.49187005388681676,0.2529506592725112,0.6053849470650777,0.20684904549107813,2
0.6460612899857179,0.7663238423600399,0.9577219996050923,0.7219851128002642,0.404125340103841,0.22319316863763994,0.21895953719457195,0.9490258549476692,0.7636163876537426,0.7547999336660459,0
-0.22988207068536337,1.2066065145527922,0.36378946932803796,1.1459247080786032,0.7718601601194998,0.06737210237746855,0.3171289928365584,0.9081503512529943,0.2506085946486976,0.9932205428493099,1
-0.09462021743575955,0.8823924650568695,-0.12260420167042838,0.37943153082975256,1.0945931779210012,0.5438556587596646,0.04420040782614054,0.12624819209849372,0.47640219281118645,0.31898485992027503,0
0.004146977155603013,0.7473620646155802,0.11449303050330661,0.2368447827031419,0.9254718925336923,0.31733374833200706,0.42670482548013683,0.3469294623466219,0.12306039971873393,0.33155653541697433,0
1.097456106574183,0.8344614858291832,0.9024652649451659,0.5137685364200436,-0.12030541894138067,0.3010600586149258,0.11346316634751429,0.8903830110990564,0.19585801570697006,0.6042737467427263,0
0.9110347695676807,0.8831451016028661,0.13911884366291188,0.7525478420193262,0.579637692121731,0.3187895505904363,0.8994655055511179,0.019008714104622283,0.29731359582770545,0.28809596343450466,2
0.0969459744488018,0.04744095864812285,0.199958593400887,0.3558709171546961,0.837319570502849,0.1775192347779488,0.4466624636392044,0.32048135807823175,0.579499306352822,1.0434326546778805,3
0.5173540616417647,0.8237488822218417,0.8956759989169959,0.4860415901116368,0.7809972676163215,0.829438921110418,0.5230252042237221,0.38100508706256375,0.7036853486450507,0.4844873017162309,2
0.42132085097078564,0.8098144228319356,0.06357195806942513,0.288824821114225,0.6667444877785896,0.16402218857432926,0.8810537820281565,0.3579020764788614,0.665649638512215,0.6321587199376433,3
0.9493121844853553,0.9743891724350647,0.6754490468038983,0.0031924503456957423,0.08554592332911895,0.21487540992452864,0.045787084426244684,0.7392874083458182,0.9464803653496437,0.7033774790821474,3
0.05919185141652638,0.15221631558620966,0.5325850823771952,0.4888212315194584,0.8821584663722056,0.3391728132478692,0.5183028223273862,0.7367633394536975,0.39747964627975374,0.1569307519987658,3
0.33402346862860494,1.0546836500742693,0.7158491741851283,-0.06782322307051347,-0.2639712287687011,0.5621395255310554,0.8316906059268026,0.8625619280588144,0.7575964409902753,0.18184571414810444,3
-0.3044549034791522,0.5116526983992846,-0.13269222463098973,0.3898382453673579,0.2873314291159778,-0.13764725467261757,0.426972579629505,0.2537498929375591,0.24677049538499538,1.3246950320850837,1
0.853888386078367,0.32273338880193086,0.7171652430559358,0.020907638387284377,0.9032645387832248,0.03795105117195284,0.8631416089488869,0.6827547332320599,0.22377777345569752,0.7828466326990828,2
-0.21953167806257762,0.8463123548116263,0.2441963023051464,0.8163453706836614,0.46846740434242196,0.2291279622730225,-0.2166322060714777,0.9676804129012428,0.03398962223415039,1.2439445416896502,1
0.5474911352473948,0.4811302696488793,0.734058264780378,1.0237495926181717,0.0713777557408787,0.17651816741671467,-0.0049694480215877815,1.004762256163296,0.05380627470047684,0.4896470859642968,1
0.4407265999660091,0.34077716387612683,0.851568293234904,0.8204418196231476,-0.17066271037360664,0.1883698207112217,0.12782745404125095,-0.06773694217320553,0.5100622456921928,0.5942186577669711,1
0.8951394102137299,0.36118172857441444,0.7042509382390117,0.0455177065146787,0.8499880071980459,-0.010281476779444194,0.8767763154089966,0.6989356185836071,0.20334496487052314,0.7420328529347672,2
0.6155934495256029,1.0316797935962476,0.704725784932689,0.4128263504571599,0.46880317691325984,1.1108078829532775,0.398288269675724,-0.003582381762377518,0.402289377482633,0.3020180551781978,3
0.011179024839336506,0.6146034209748455,0.8131340910546553,0.22834004293124602,0.7295058796078454,0.6803223268828845,0.5325895550308167,0.08114397131321896,0.7783559623332647,0.01711078982012656,0
0.7409893082523531,1.2689390378198526,0.8074285022248696,0.6903323204612275,0.8630763690473935,-0.09486387825097387,0.7393848192992273,0.2182703554989723,1.157410310963744,0.2689529327428135,2
0.3259444749128233,0.3614407101164265,1.1292589472393286,0.22253399898196688,0.7731957976269359,0.18100367590812588,0.24067582113028557,0.6387856016056739,1.0355076240934633,0.28904559168292765,3
-0.23193444255206475,-0.17783043950531063,0.6663531852903672,0.4557269917841047,0.41817510312854045,0.1677251341277165,1.3209919337062286,1.0884427717681409,0.6200994773755671,0.22863673852556107,2
-0.12349267270139658,0.35748230251975277,0.759057356580857,0.6306294194067047,0.008724783115950624,0.3999289459747223,0.6660110122347858,0.26730990802160737,0.45139518532257383,0.8528285342384803,2
0.14617819392221312,1.117002890120194,0.49355774904441163,0.99768137351003,0.6205089252745442,0.10515130086026725,0.20518632504959236,0.6717336981631651,0.34539141706471943,0.7980101410272051,1
0.3501434801403752,0.492660645624197,0.1990783222346233,0.8496457289119267,0.16306905683044381,0.42255383037692174,0.9022277909642706,0.5041239098807831,0.8061474887993461,0.32490309238220844,3
0.7007236067693763,0.8433739231001394,0.9131915528917781,0.6492608206307499,0.9809602698769593,0.24506438827394594,0.6109623460074847,-0.025695912144326802,1.0929235486340023,0.11250297403216244,2
0.9441717396536158,1.0468139320792191,0.13347700775494642,0.6857990441824829,0.3601309899997698,0.16368524653680355,1.0114783181792504,0.08662143632938378,0.49017693528133155,0.3779771050164301,2
0.9938551814667486,0.17645899772272786,0.6113099587105146,0.8688161888697986,0.6999276911863221,0.8534426857848947,0.1836997184507799,0.9703512845731831,0.6821622090812968,0.2527910072893932,2
1.0098616504623186,0.5355323033556282,1.3880148702141244,-0.15154952502079255,0.7831979039554795,0.8761631961735125,0.649116542534973,0.4059304951896725,0.5822721814160742,0.958635665019294,1
0.4799406965055225,1.0196962451488267,-0.014704600240942889,0.502709275756083,0.7198859047630158,0.1479775307376082,0.8083979974229923,0.5503963557975274,0.5591533001839568,0.8226054068547664,3
0.6512056189958882,0.4176816587821645,0.895681452621904,1.1220338134181922,0.9046892117871139,0.9005155497307697,0.577522246612618,0.995131613039371,0.920140469620721,0.2783509495496066,2
0.2889333963171659,0.9242668197464254,0.6866058518249846,0.25343604546878135,0.05999353661561614,0.8237878961220422,0.5495615855067589,0.4363999806626441,0.28180172700307304,0.36511466651203317,3
0.7330054611506971,0.8004226943922238,0.835092155812058,0.8026409636391397,0.849623616181965,0.27407859200181706,0.4129343168516597,0.8842327509004504,0.3073284688874826,0.5430319239939025,2
0.8065522860661593,0.849335873393313,0.9342368073947628,0.7433605566678162,0.4310458085793897,0.8645251778013159,0.35599821851005864,0.13570661348224256,0.5511473047759071,0.13580390369520012,3
0.6415337607775278,0.29628712058598194,0.45370872355073777,0.6507545981683792,0.49942574142328167,1.2329553827572437,0.06926561104564763,0.7343794826028655,1.0609465003825196,-0.07101036975195169,2
0.6872679011223772,0.6657494562120976,0.34764117680391854,0.7029863243418665,0.017015073025103453,0.6331153718225933,0.24273889215097438,-0.062373947270360025,0.368174373410978,0.8867582886170321,1
0.06188246729185981,0.15581855915378684,0.6858299258828541,0.5907396618466834,0.11235836560479923,0.2959042219856217,0.9443648948106417,0.6456990927101376,0.9239053295087428,0.6549560513731676,2
0.5260970865308627,0.35243008772460493,0.25561597123535384,-0.06467801534215228,0.11288671689851842,0.179907525696434,0.5268052908581776,0.1475215447399216,0.6379914346061416,0.3973919188804485,0
0.3329729308840573,0.3620831089346255,1.0303460854494708,0.8112419810965159,0.11887931208597988,0.14827311647414787,0.7853717125100846,0.6098572507393685,0.23067516937509636,0.8378049875480263,2
0.8749583269681152,0.9276116050054285,0.05489508180489698,0.7245971264153418,0.48845983942742954,0.24126450360091936,0.9549369322441641,-0.0920108415566221,0.34029571911391443,0.43976329259516767,2
0.5467472602344765,0.9524585043350215,0.9438507163614199,0.8312666386285877,1.2214392347698078,0.5806177954035299,0.4710370993210725,0.652844259363903,0.5743654641977557,0.6471349275360516,2
0.37846934004335364,0.21036795846019937,0.11511324819965824,0.813778817568383,0.47669570487065943,0.24121583508859512,0.720790214885838,0.3824742837144737,0.1620413669989833,0.7609723223715885,0
0.34306722989106414,-0.014496206053693353,0.5633262049334186,0.4259589465743301,-0.09639464244751167,0.6125128465207461,1.238642975669406,0.8192170420733761,0.594977883474361,0.19360208654016287,2
0.9025464577386216,0.9063577859828156,0.11563186278477494,0.6552276618952304,0.6855225883598451,0.2659795385874454,0.9545895244162492,-0.016815462751811713,0.3194842693032706,0.23868757398474588,2
0.9753002831406457,1.001535374583423,0.6485251311433593,0.005175861597922847,0.08884966875396577,0.20914889492808766,0.025642430342566972,0.754383599777019,0.9830085935101164,0.7009976787543014,3
0.450920089283046,0.7934051152752436,0.07149572408405408,0.3018978804358191,0.6187005391224428,0.1590366382980527,0.9081633990103305,0.381258783772147,0.7099035423899822,0.6175659983839157,3
0.18720542655693767,0.5090467337815247,0.7480868161400644,-0.031319582670427865,0.7059904139423536,0.2729211775067901,0.5429175415476999,0.5822004948487582,0.11856023266705448,0.33663496904374357,1
0.012660297434302694,0.6133067900868253,0.8157171411784853,0.2278669330746855,0.7315717535383512,0.6792553610874995,0.5299062242367114,0.08097668113117214,0.778619034516283,0.020182951947734912,0
0.7687304309029914,0.642079072015822,0.5045184546746888,0.6283948598538085,1.1026066570039432,0.22777307792414248,0.5212945979335957,1.1270949353560802,0.1081944505639165,0.7774080621305177,2
0.8801163076829703,-0.0754872009599705,0.6009497514024378,1.0425803554291162,0.8794076429438997,0.6926651405398152,0.34371516350532044,0.8206843593699831,0.6198447413925605,0.47048932526183984,2
0.42347582124140154,0.12051061419501227,0.5012678758393222,0.8409206108875384,0.4871145412575934,0.9264426906393561,0.676834012624618,0.3623125338052007,0.5784096059994577,0.7135409397407658,2
-0.186197538006126,0.47385158514047426,-0.22038959758696608,0.5557758082342124,1.344195510671038,-0.051422504421853074,0.46236634505687074,0.9775183575785,0.26949644333845835,0.5269110556570693,1
0.30637282794090337,1.0055660068737045,0.7527161050281835,0.7354657692650953,0.6360069225778004,0.08888902382066113,0.8851353906850419,0.3025011033185656,0.6669284328266842,0.6433375130969737,1
0.34861704585539965,0.3883176547743403,0.16952040335990073,0.6064219094777544,0.5532660607190377,0.2660191055826502,0.8644731608922803,0.19604365685696484,-0.1367332120287798,0.763027815462035,0
0.7744424721944082,0.5635112056620121,0.779141824333203,0.34769340157786677,0.629968275521267,0.8836838931603006,0.329407537150632,0.1516957832298036,0.20458729575758902,0.8972597345504232,2
0.5480410513145563,0.7815909879403223,0.8700288686985429,0.43711291271419517,0.746235678452067,0.7973463575562748,0.5274313708170046,0.3971039218755444,0.7570894889375254,0.4352403072001294,2
0.05748466355751857,0.15317572754991488,0.524941248182314,0.49774854516794503,0.8783836873143018,0.3386893247314093,0.5124326654648577,0.7372229888116801,0.39948491501414457,0.1586899635495453,3
0.45782268502797635,0.9273728707327674,0.04837652980283995,0.21045892702480448,0.7183635918009539,0.1433225506224753,0.8935073907578127,0.24777052553780865,0.7037865757772136,0.5963332003269064,3
0.3787015026629327,0.41487888809734996,0.24759950403392383,0.28398314492469406,-0.112590953473617,0.580356075651463,0.3283924573464432,0.9813977293673408,0.26412981589953555,0.2454581667822741,2
0.4959998225129952,0.8582964727049104,0.9670745959351903,0.5153795376850395,0.7141757366374295,0.8521264843236532,0.5214611584098373,0.44258985520151917,0.6951445752030779,0.44397353952419666,2
0.8516482970014069,0.33355504459833646,0.7006197085304103,0.044943757497418774,0.8854068816905226,0.023579448062517133,0.8717881472508128,0.6549912960645898,0.24777940829180564,0.744070113469342,2
0.5929729666901737,0.1062402258404585,0.6679593183479043,0.14175357619067852,0.7103576924080643,0.298326841808399,0.6729118326502672,0.12902213296999254,0.7778712226046852,0.12901311773536456,2
0.12858233367910393,0.651437611497192,0.750878321290976,0.5592792766292064,0.4914176009930793,0.7671348279665187,0.578956816775252,0.8597205587002851,0.6105428505775979,0.5152448106288238,1
0.398723457451352,0.5105250258150725,1.3405347892089021,1.3982237016349024,1.88409394692195,-0.29869674677612384,0.795908540842308,0.9572960220115415,-0.3171072280546714,-0.6085914949716538,1
0.21199416175462232,1.0597256997821196,0.6957144999194261,0.5875086701212346,0.9100090131946745,0.24404613200144992,1.0025249162034031,0.3620793164399954,0.6209041674869112,0.7244833552072539,1
0.25909077737366604,0.38468392943812085,0.23341588801419866,1.1346032306019673,0.5041899239448537,0.7544877150945632,0.35570616535912597,0.7660805590783542,0.682533398486679,0.7845693772052078,0
0.6694362566060718,0.469664174586962,0.5729423513292004,0.6616381620918759,0.061349282918084974,0.50596787863635,0.7661079096608681,0.5113305520502398,0.5747262458912389,0.09408105520248794,0
0.42939735897164555,0.3647738409253449,0.42841955038471213,0.05452526253765936,0.056786211854283064,0.251701664627134,0.4424180045418052,0.016721845766116003,0.7553313280645774,0.38027557668852596,0
1.0498640487420787,0.9509553175399775,0.6017449910544447,0.6687926357126536,0.8452270097077129,0.24535660885402627,0.42348371108793953,0.14194824872282968,0.9034560840934144,-0.012619888499915133,2
0.15032268373360064,0.9868128569254966,0.22457434272976204,0.9997569641970012,0.6485277551716646,0.17921909849185047,0.030607806567352944,0.7896322577258594,0.31811310073398374,1.1630231599216039,1
0.6786949212731096,-0.3588098621982149,0.15319352547851317,0.974800939810999,1.3696993621580202,-0.089091140817247,0.09306894446188023,0.19927291342523118,0.4060462023666233,0.5250071447852055,3
0.7091218304886366,0.25015697802394554,0.9202517077931511,0.38313832250157787,0.6917153439780659,0.3627898077187381,0.34472232854370444,0.03568585583320651,0.5307019610607319,0.7858504823171468,3
0.34095805729965456,0.5022788932127696,0.8351001255102022,0.21250880326456034,0.9668443473311246,0.7478308273218774,0.6125416383429784,0.6689550461351066,0.4469956831883896,0.25961392499491853,3
0.9167422318647682,0.904984872256063,0.08952283308834605,0.8047769518820486,0.577642935038994,0.35040730864811465,0.9279725079167358,0.052221092103561156,0.328042568513521,0.3113387831754489,2
0.30830307308696286,0.3527531774872431,0.8782223221609707,0.873703487103173,-0.12185389530964226,0.2707390446560173,0.7105625713963386,0.42132731277741964,0.20717511685068896,0.7969017970620413,2
0.564450061227153,0.18476735223053203,0.7851161657181182,0.8125767016054954,-0.16014027625721744,-0.28733818317805015,1.2052977424227795,0.6541635571560555,0.1783396830701346,1.0775303120129078,2
1.0135542195276148,0.7961091923030522,0.9024704041836276,0.9621289957541753,0.9461666926050404,0.18573261585684925,0.36293650123965837,0.6787253216781197,0.49152556565148187,0.5274563849106321,2
0.7374342954237562,0.18286871743600994,0.5030285972859972,0.10413071822630682,0.857436280900035,0.3871191594657964,0.5987239870184436,0.22471301697530469,0.7290323157469614,0.17657895005795504,2
0.6103878556885385,0.7370986747894632,0.7654629354629122,0.39189639468004556,0.7433973099572868,0.8193244020306276,0.5136478901303164,0.5007378281606509,0.7583848474433538,0.48625066800692096,2
1.0701760230537263,0.782839499902764,0.7055964589624537,0.7340307469093775,0.16525357495891851,0.403548917882798,0.2120946516843415,0.6814108695095106,0.06601731246369277,0.44933936531170887,0
0.01402981593070861,0.6042327041439045,0.8191664921562857,0.22784385630608203,0.7257908987309863,0.6732175894523389,0.5312714278546721,0.07552968377434183,0.7765912281971806,0.012184652857650188,0
0.7625411073202645,0.27401124205828065,0.5618136504036119,0.46257147931126713,-0.12435707127615389,1.004007471101489,0.24336933454187706,0.20378449802793427,0.43948308011254167,1.1544319123723588,1
0.6394577782712898,-0.08505422235122469,0.1394615885464929,0.8898039570411044,0.8371133567476142,0.16082741402989031,0.044044901976823043,0.4362271214521035,0.7031608309843701,0.4107133002299709,3
0.03424710747903656,0.9950338873366958,0.8473572482592298,0.6960707099317555,0.7581815969885701,0.28430359002293065,1.0128941764475237,0.512232975120037,0.5419103809730912,0.6113728475695119,1
0.45380436948922614,0.8157383595480701,0.9011276347883281,0.43330781924485934,0.7847929691133604,0.7961658939454707,0.5098391590339271,0.3063628105092817,0.7417637758225778,0.4919128883966268,2
0.03263842847857276,0.8888637452120316,0.3056181996380613,0.8810543481771491,0.7361065622152063,0.07623724615866315,0.038844209809638694,0.7058169032128394,0.2188374943811666,0.9817929906088229,1
0.31987034195145375,0.658228822482329,0.15972924404658567,0.483685780096083,0.6280139211596045,0.6907187733939106,0.6211915239047148,0.8368312177376029,0.5829322845934088,1.1463826243438184,2
0.8317137636393721,0.3263117241511303,1.362969893967714,0.25371986255989787,-0.045106361711544196,0.5301546074378574,0.4452953849504237,0.49521699763896504,0.6103043417913282,0.8814359450158927,1
0.8722795709774142,0.28233930905356097,0.7052701344914983,0.02954012231655994,0.9151573665727345,-0.0017741979748297707,0.8947701024537443,0.6610811899899759,0.21724947859483465,0.7459332654592542,2
0.6404401439103131,0.5155609116981626,0.5769366834566687,0.7211070444671122,0.09193529073696212,0.5059285446673916,0.7574124326865498,0.5663504310460092,0.5855305273208895,0.03786717961960972,0
0.7774339055174279,0.6583658629644806,0.817513215116992,0.39300325416347204,0.018550176143458053,1.1248742955361077,0.4378210854709464,0.13478044505229028,0.9866325607195483,0.8765327145864528,1
1.4828048614456906,0.3013405412274048,1.8277695361153663,-0.08734850896856666,-0.4667658257073847,1.255290606601926,0.6222785220519692,-0.11103434443578826,0.8728238969480266,1.46897672178967,1
0.8862148860467904,0.9534279278864616,0.7925134388269949,0.873290925399431,0.8874463464549482,0.15426123896832386,0.48557404367057777,0.7448813213113017,0.27929768086184337,0.5469899831146339,2
0.0011930120442200653,-0.45696179582490287,0.46479659304449866,0.2886499811619331,0.3330596282982622,0.21666561368561815,0.4333437234520903,0.1812140028088423,0.6618196410935989,0.8184908432359244,3
0.2850552297093994,1.0089509790274214,0.798337760251577,0.30467266297690937,0.3435163165994787,0.9888287605116581,0.8061294491445445,0.42888681988985294,0.46504043863273625,0.18468911732650797,3
0.9486046381540565,0.5375990724380671,0.7127496435998104,0.315890662362329,0.05928278147104271,0.8501486274137936,0.37210439721131244,0.07691088907648824,0.60141862218291,1.030107049061796,1
0.6608824245678498,0.4931063733962059,0.602504753422299,0.6774470920525099,0.05418061221585479,0.5135710760123894,0.7491806038821254,0.5299217152756793,0.547790404076408,0.08479763775225047,0
0.3742341408643248,0.6991849793318683,0.693475329047537,0.10221078643389384,0.5995258152360917,0.33366924144827576,0.4834058184333543,0.7407564653955093,0.06917239928076173,0.5080223113211371,1
0.8516570861877821,0.45703053635449065,0.39137301681589126,0.58154212419163,0.09673536373664529,0.2766894648668915,0.4515712148087825,0.24948504027315838,0.6143911552154324,0.8115471746752235,1
0.5045053260526084,0.8246528966835817,0.8876205644619218,0.48556558368206815,0.770019996470923,0.8237387370143652,0.5330686345429656,0.3485417879477072,0.7431443348719976,0.4513015963583561,2
0.1374600214604515,0.7626872292355654,0.18014065162414802,0.19770100425120526,1.0175879519998061,0.22952572737077703,0.31676589104632596,0.36173307672715294,0.2997778195914653,0.36145264729240056,0
1.0694022681660937,0.11851055778282009,0.952800555585933,-0.029301502527240397,0.008598085430976218,0.9322655547149574,-0.08603769417333523,0.40504326806696683,0.21833761000090837,1.0304453787793042,3
0.11577494993886314,1.0094840289877807,0.7188500700251544,0.4958275782874254,0.857142800274078,0.24484918110252027,0.9556200880993233,0.38500188557518095,0.7125597946952638,0.6832849265669824,1
0.49852921382299664,0.6907664658410158,0.20325075446551294,0.537297488436068,0.8196459720834159,0.24908399517498897,0.8061203763163091,0.5848334298100419,0.7800744753859803,0.7958802032587495,3
0.9138716017886899,0.19259320874911912,0.5307429538619929,0.9368980493114636,0.5875494629924499,0.9058298144656192,0.1747515587848051,0.8268871641186296,0.7008296278832292,0.30917330037593616,2
0.012558915071676613,0.6139425855767208,0.8144580825120932,0.22698209248838047,0.7302076340094978,0.6787628750698758,0.5313924978598693,0.08220225831567149,0.7785996500887891,0.01867388996103966,0
0.43471881730666506,0.8270855289661477,-0.030146459157895447,0.29481092283235705,0.6035262850051729,0.06659599978178946,0.762102969729104,0.20272083854817924,0.6453274211652408,0.631824695065968,3
0.7861379179301576,0.9979733602631967,0.7507833254547436,0.7335832354940608,0.3382458446613814,0.8565994583826091,0.32517180204198404,0.10734219730342705,0.5815311725825129,-0.001439763916374126,3
0.19706450339368736,0.3043623772785551,0.7907693204554986,1.2358262274879421,0.6264568021253872,0.2051621349672047,0.7622043734987488,0.10174101778886457,0.3163989282578221,0.5062591465839879,2
0.012468665153599045,0.6137379844157708,0.8139855163539435,0.2267540950149286,0.7300429890934923,0.6789507394162011,0.5310803467160531,0.08234071739602546,0.7786491429055586,0.018943496876408384,0
0.5812424287376832,0.17540825913065644,0.03235473583562721,0.8807031230820813,0.7588511211300025,0.08212569844049467,0.19701318710845514,0.40249098961281177,0.7379336444737111,0.39676145489487236,3
1.0183253113776374,0.4663609409908591,0.7654788582634949,0.43557054816113067,0.10711406458534362,0.8442124914211894,0.48311156395811206,-0.04965269430029058,0.606622862756076,0.9410839011583609,1
0.4195536258512819,0.8387857408535957,0.7796578190551026,0.4874367501807303,0.7071607307961613,0.8510058427977435,0.5423711928346527,0.364736887406073,0.6986919543944293,0.3807286325533732,2
0.6153012892373676,0.5527356023604116,0.3082329603908767,0.2859279247318802,0.8254727641564552,0.331065977330082,0.3743103426710964,0.07640501059183147,0.2320480031676721,0.19604775827763712,2
0.5141973193099578,0.8214537189380451,0.897559582097677,0.45867227864152815,0.7432991074618657,0.7995859040796968,0.5498914685567539,0.36767351036355106,0.7273956885659553,0.48412196794814844,2
0.382285763723153,-0.1910521368734524,0.8322129603132558,0.21739248552743884,0.6904044277757805,0.2793327275747528,0.7348011013040334,0.8314705155577597,0.6174649923964569,0.49199138974064455,2
0.05655699950906557,0.14900913204889357,0.5248719642629861,0.4965458901881413,0.880172378796974,0.338062781508887,0.5152735373378795,0.7389241900962984,0.40428909668160096,0.15521749107420169,3
0.8150526944365339,0.7056917179579327,0.5190543618104957,0.8034274126264576,0.1596194968509964,-0.02023987762226727,0.5640795223478531,0.20304504759812023,0.4268727710670112,0.6839127913074846,1
-0.06615987664611256,0.5141942469080908,0.0668288390207723,0.3375946626621762,1.0761764150469826,0.3241678708846808,0.1882652749640725,0.42067572235403095,-0.08452313992192584,0.46516992624756826,0
0.7017272406830034,0.290633071420237,0.8855393964417013,0.43224810505820616,0.6631771510709757,0.41031417937679565,0.34680251733095335,-0.012493980355970873,0.5836464104257445,0.8388871211103225,3
0.5992912683601304,0.6505930859849456,1.0673603292105716,0.9618076591280473,-0.08889611521207952,0.8607118667305284,0.8316287447423593,1.1238538731300651,0.25033608676603514,0.7905993167081632,2
0.7349440753778365,0.026179583104840573,0.7161701928098508,0.22579881970833376,0.06206925705927122,0.9401347602814788,0.20302140254268713,0.5116135766163872,0.17452263337736498,0.8899575980170588,3
0.4853764538631279,0.18203229316221775,0.1281562849922105,0.8573607954433613,0.7852297194286864,0.06530974471388343,0.1640625218203054,0.43572355559430753,0.7908209298273635,0.600325749749713,3
0.7654580177654934,0.7484773116580082,0.5345289759889056,0.5055822709054154,-0.1208163298549467,0.11428489096795261,1.2465490460348057,0.37374230870738673,0.4247862305508133,0.597402386194292,3
0.09978727203964707,0.4134297637232619,-0.07749963059289444,0.5314740803970905,0.9577240704877117,0.5784978971409453,0.4804823717524128,0.02506503287020767,0.6236366529290858,0.767050413486041,0
0.5454399737664182,0.5000252560560592,0.5913151380585852,0.6213713285483834,0.3827331196969838,0.6351048934998653,0.6661810486931778,0.7293305678651807,0.2739031246733523,0.8968134466406851,2
0.3287484192554879,0.8271812442604675,0.8197296118399253,0.20758380168437154,0.7244951237794502,0.5470493198182352,0.6533615144941833,0.49122852945415313,0.08138750556149243,0.3450028923077953,1
0.32432898644010366,1.0328389695530427,0.041574179032516465,0.48261765012478425,0.21939690316965843,0.18467168977753107,0.4035121295997059,0.6265388760378271,0.3632841647602322,0.5998090626936349,0
0.7816885347878407,0.9903194678107303,0.7810997185128981,0.44087671626094227,0.1643611777523769,0.826163475331085,0.20535278674813376,0.36970961769897337,0.3197520226957742,0.0030711565503400567,3
0.9660297558241463,0.991785611559053,0.6490558699840401,0.0002867805263599586,0.09359491031981347,0.22669905818205222,0.03900035597398224,0.7663855610079555,0.9906475719735812,0.6866987510529438,3
0.8187988783560111,0.6140659864778563,0.38511511858766445,0.6402860207511998,0.2590462116165414,0.13406692088869343,0.5211980254343732,0.3224823346971966,0.3459318585092455,0.674639821396967,1
0.43869652616165583,0.3603039806530514,0.44970273980071285,0.17564498356781308,0.20456262052365953,0.0990116517950428,0.588453406251143,-0.11101397990305319,0.7094532392806829,0.41238089606959627,0
0.21041019749474282,0.7673583157323687,0.15305915647632395,0.28839043651521606,0.716736079556523,0.3960518238449178,0.28550738758306243,0.25402299630927927,0.22188155765426756,0.5954976069274496,0
0.6061944831812656,-0.027630202153247005,0.0431091817426578,0.8894385021341905,0.9488211976061972,0.08184152291364005,0.03128163545810948,0.5659558706836045,0.7312106829601163,0.39545646966634046,3
0.8833461810275419,0.8787850832405435,0.11613239226535531,0.7774109522403465,0.5582304605778601,0.3018765925179573,0.8990180876160849,-0.010043648515978928,0.2736973231009957,0.33690394424225373,2
1.106223460022627,0.16324982882849004,-0.07382614843621638,0.27806711440216947,0.9830341721298469,0.2288285499010194,-0.08534941660499962,-0.7166507887988673,1.710275162805941,0.012141995471582621,2
0.4911773957902563,0.18547676362532578,1.0044896754778716,0.41527355506638375,0.6808201788153412,0.2992426904371255,0.3420246961250817,0.4165536891653565,0.765733585990808,0.5662888979780466,3
0.7149601351323821,0.25215583914416445,0.9149143730936571,0.3846547971705548,0.6951968368473304,0.3749954394587694,0.32522102149798776,0.02392390967930661,0.5380590097762283,0.7890791976902889,3
0.9784453000947512,1.0015359380463893,0.6457250951114192,0.002620813905574397,0.09566743303289162,0.22059093463933407,0.02942201002361342,0.7576567811353481,0.9771378267924399,0.6945594456528473,3
0.6265800755976129,-0.009051795919030915,0.04131052516773001,0.8883536009497595,0.9740448542017037,0.14805698440098666,0.024607802453587697,0.5868166254830549,0.7276569082950906,0.4436550816173425,3
0.8231705869648794,0.5500735046332248,0.7974869754964117,0.3667758890615471,0.6349391939006372,0.9389881951677368,0.29039187265164623,0.170347392917363,0.22186277626585885,0.8695649880411263,2
0.5901528013852348,0.7503758666757187,0.944620728072437,0.38675605289432957,0.8300338822272301,0.8735571271063944,0.43050523605944635,0.2787288511370992,0.7694289091196064,0.3659969384616863,2
0.9735208689891256,0.999790177894359,0.6464136505358037,0.007371568278818775,0.09538517673006802,0.21546146355321485,0.027901756510085054,0.7537599769279423,0.981939206936356,0.6963379411004229,3
0.6495866629009918,0.07056032897477832,0.6053936912948356,0.1530892211665671,0.7577860836532118,0.31771608427424297,0.5476655454982705,0.20731704440672213,0.6375420747099451,0.2641692198110874,2
0.6320560277143402,1.0663894939444731,0.882999590647796,0.7243247765677775,0.21863590018706405,0.7947754435118294,0.30425132892896856,0.11272811642182738,0.626492967205048,0.1659778760439777,3
0.29220378092902166,0.6816428966468743,0.016813922925707665,0.27007227648211923,0.5776402987887004,0.17479332313961393,0.9633962075423719,0.22691847847543795,0.7266581471693153,0.7015037434790445,3
0.06578523874861046,0.7121933477141577,0.0961753649335812,0.19195067745150401,0.8638080896614396,0.33803491250776546,0.397509086290576,0.358094054074009,0.13026341916511838,0.3644345931236653,0
0.7221186291758035,-0.015315931477379974,0.7207125296202808,0.2746169518816882,0.014805105997428847,1.021239228680066,0.1832166487721437,0.4079442491182423,0.12870196958272412,0.9745310319408109,3
-0.16883085976048412,0.15251770387913743,0.8724093143815679,0.9147996041544866,0.043661677939356845,0.4009729161001401,0.9754869548943064,0.5288188874802848,0.7243442437078299,1.200231868003403,2
0.8758274441772893,0.3204463031760282,0.7213459450904582,0.02692434839994413,0.8980216193567262,0.0071203390319601375,0.8678398620927865,0.6655340575002353,0.22417053979306192,0.7627048919880022,2
0.1344977084041546,0.9775169695387131,0.7212093606815072,0.5287718032338337,0.8248324860705183,0.20679608605076544,0.9385998779023879,0.35382248286818185,0.6726020077285568,0.6928526101464405,1
0.674856073517549,0.4813900862705488,0.6089131175139909,0.690491620774695,0.05517656079107195,0.5050182413078337,0.7319727557991842,0.505882209065393,0.563833148767972,0.05407643253780717,0
0.9626092472896904,0.22782327745937475,0.12338369654861675,0.371485227668896,0.2691340076491418,0.8405054148817803,0.3820995497864409,0.583510895381107,0.01923519595764972,1.1760932833809947,2
0.17042671260526387,0.4532252988668662,1.01346361432149,0.7594328970203318,-0.006197185611453833,0.21921371473644857,0.8415449611559598,0.5341686671212625,0.4081254573247133,0.7936958518312701,2
0.7291238780733401,0.20991963074223946,0.32710934364585426,0.20854571144902684,0.8188587995537305,0.9140945951475563,0.7502544886819427,0.5150181329202587,0.799926730202835,0.03694753999905768,2
0.9610965486478393,1.0011296768412041,0.6456521287396969,0.01453765958958399,0.0883377474127998,0.209875856620076,0.014915884887266813,0.7632421782861752,0.9924027933327285,0.6926729939484098,3
1.0482477234579173,0.8824574575225679,0.5163037665348456,0.7051840168631999,0.8214558601439315,0.16044469073257878,0.5150891723517854,0.042322326028911395,1.027554122488885,0.07800132311379578,2
0.7951831136974999,0.6635651985714289,0.4470579705263406,0.7014602065008491,0.1608255794453131,0.05327643024059355,0.505270571745419,0.18518225261092985,0.3862063890779323,0.7256263238782652,1
0.7891307003410583,0.1974837796763271,0.29239016863835554,0.2735733791188907,0.7816396353444577,0.9120514327697515,0.7135952548274367,0.5545499866479638,0.799193256046847,0.08389575819777055,2
0.7779783371412853,0.19848165849179622,0.30364526037122286,0.2603339362610947,0.7859724760547757,0.9096581578827402,0.730510988109605,0.5504311179990337,0.8007936265977821,0.09628254140308408,2
0.10336027332584849,0.12566787980040178,0.58684002109521,0.5624211619285973,0.8833589421826826,0.39378106632337023,0.44625473065202464,0.6809383327281187,0.3110072381419694,0.1765549526845278,3
-0.03871489997036405,0.17908926236985695,0.6218575546861714,0.9418816978107856,0.21182023190772745,0.53561111718971,0.44801450414305444,0.5761394973312817,0.30402872061671354,0.6995161409228561,2
0.4208489692206229,0.8466607974647241,0.02931174375373547,0.19588430594074108,0.5889249842348891,0.2009018666017912,0.8700923214407049,0.33641671903958886,0.7237983613594556,0.640015639349435,3
0.3369782660824367,0.8020516771647559,1.062572663703169,-0.21975643921214144,1.1353095754964475,0.4573682521345102,0.3765388064567452,0.580678433581051,0.35674510480382216,0.5186677230434695,1
0.7219868404672447,0.6753821926219702,0.4270217304185449,0.8198990538316767,0.11965313320719846,0.03919337096219125,0.5544457691780318,0.14082281860467555,0.49849290153533066,0.7054733770841874,1
0.2807553954745064,0.3278402088892488,1.0936256869442966,0.6547895991311945,-0.11627627782312745,0.02419064391504805,0.6380862703805288,0.5969447703119889,0.500384621962814,0.7599283413425422,2
0.6452193289251845,0.08852431781473935,0.5841966103170553,0.13837350195839102,0.7378024045630419,0.2957681984371908,0.5593998417780653,0.21247240893140093,0.6480305744222287,0.27906169121625113,2
0.7216897703019451,0.23976069752006368,0.8821415202720314,0.34704941687944213,0.7319231994463424,0.4069108304909166,0.32521084952020834,-0.01838754836966898,0.5886619373218683,0.7777586050444946,3
0.38301720347184454,0.7835999407592931,0.06970341902529334,0.304820216221343,0.6817592880463418,0.15436627378342516,0.9209719826860098,0.3141808407342348,0.6440253861460489,0.6065115028891247,3
0.7465628368458406,1.0058437177556137,0.7966163784476625,0.6162987191535682,0.2913684597469796,0.8638361797538969,0.23246847531861298,0.1652647634419472,0.553106088005655,0.10965467870652512,3
0.4576552211128108,0.3374836169036963,0.48391412052649535,-0.043073702537598596,0.020310155411069758,0.12275591044065703,0.3828261480538945,0.11994682942694246,0.7639744713100656,0.3898172448102478,0
0.0123641556319566,0.6107488747809922,0.8132686882071135,0.2310290600365692,0.7284050064931267,0.6813780066070844,0.5289964816245907,0.08045324167713276,0.7745997599331275,0.019379332870353518,0
0.8682945425626111,0.31612369045502436,0.4410930900466022,0.4016272900031566,-0.30395094370978437,1.1463233469119996,0.2582660417434176,0.05260780586291332,0.5431464011099668,1.004320390006017,1
0.05014458984452619,0.3708497095940846,1.255117273070387,0.5448002851229404,-0.18827517822741108,0.10831831240387275,0.9521751445212674,0.9309230281807428,0.7393066558361356,0.8516046813157904,2
0.10446629156525417,0.7172445470209694,0.0076301562711496435,0.2111024346590402,0.8089849903613661,0.43390597140799525,0.35037806075664785,0.30893108152709914,0.15441745104777663,0.39537718215172557,0
0.5643391009965528,-0.03448097943055066,0.790240152957003,0.24994565186335577,0.8359622387618475,0.3681296764771864,0.48327437623839653,0.13747479111925126,0.7057311476454505,0.15536364101466468,2
0.03425057295686898,0.7737355957663846,0.08246872723784582,0.35572648262125467,0.7849564702581415,0.3208396084703072,0.3334028041573362,0.413411313019709,0.25414685143878385,0.349482914984265,0
0.2946443003855018,0.42747946945924054,0.3121969657276266,0.47466060590665504,0.1989247423998322,0.10278489107240008,0.6250912401699557,1.2175124847905234,0.7085898571298409,1.06694274350648,0
0.05444760494992194,0.9328121858618981,0.2705538018452539,0.9357522071522515,0.7715251203748582,0.11601618839768554,0.047393929490568705,0.716077148490143,0.17228906241165876,0.9078693647570111,1
0.6396179392396117,0.5093320916873323,0.5814968237040251,0.6741478718511097,0.07654401918545727,0.520690319013066,0.7584553917440181,0.5770531839571782,0.558274467959806,0.044874747872818616,0
0.8823102830451519,0.9147973921799302,0.3410961025151987,0.6998465829491249,-0.00759912871040741,-0.09159523886906279,0.3973847051046449,0.08097395991219992,0.28035192662069264,0.7986553676629452,1
-0.09519965932156696,0.47104500155731754,0.3254741882875659,0.47584636538964287,1.0392121150552558,0.777287323042699,0.0930674490902253,0.3018068657478918,0.6278971939421837,0.1136758369929678,0
0.8531277819019626,0.9352745470618149,0.18136548001423056,0.7511659928877354,0.526631474113136,0.29962352625221883,0.9220461506633355,-0.034907509147858076,0.3163837036912536,0.253230621949459,2
1.1517981057981808,0.9668556301165802,0.9690386356524536,0.45024153715279625,0.4773329451866414,1.0600603653673055,0.08255551579959944,0.6478570891955173,0.18738468974662276,0.04964648484386686,3
0.012643501629408154,0.6162429137612083,0.8116214136193385,0.22503910158012658,0.722627542983662,0.6769901718349163,0.5275876684938988,0.08503928847814403,0.7789275645800727,0.02211707572664674,0
0.7629192249542351,0.024018980952792195,0.7103680692579124,0.25975882622512647,0.057250302166481096,0.9486858529979318,0.17134620095559697,0.47837834855660577,0.19424876393389323,0.867060827233163,3
-0.07653435375215784,0.055528396708149484,0.6539688076393536,0.6831465884065198,0.3522872252386692,0.5541823393965142,0.9181719808657207,0.6514891932646247,0.6453634712620022,0.4385009005504501,2
-0.26749704272937747,-0.12186691505252645,1.2660048755058368,0.32410601889511587,0.6708607645696364,0.7308178333032789,0.6340000480631931,1.2462450773466474,0.7932551347596948,1.0420342610932898,2
1.631653868495743,0.562223451197412,0.010958360033425762,0.8237149905887048,-0.5389197983470072,0.4650694176716112,-0.6348858870090791,0.8602140465151551,-0.1112984134091208,1.3681281108722274,1
1.4575542356003823,0.4369999040949165,1.1086633352633337,0.3752344903889376,-0.3871628315596727,-0.4098797201257791,-0.4391705129884641,0.20773088341466583,0.5454427641380383,0.28573468397125207,1
0.9326060028250126,0.8712423220850916,0.5781200045763366,0.651545683942139,0.7147758628259866,0.4038114559677928,0.6117999002671014,0.17131813894468012,0.8013358186224316,0.09564988865923224,2
-0.1344483788105448,0.8612985971584585,0.35244361827706844,0.9233923071539691,0.8118721081981326,0.2286254226817524,0.028513667980907702,0.8550937220034285,0.038069819087452494,0.8319798919516125,1
0.11876883030437937,0.40602074732988613,0.6927424163504697,0.5626084207821386,-0.07525220615342144,-0.05050317344860472,0.6893616996975444,0.7692335619087673,0.15336305972239206,0.6547955958372821,2
0.6087739782699935,0.1702171550015173,0.6656268858776658,0.04490720289425318,0.8501939887048716,0.23972214464087155,0.5395793373925036,0.15363154735112705,0.7248939027676836,0.3404238169331898,2
0.6624995690653536,0.28260845182127464,0.9497257078936141,0.39333309992113497,0.6793013456136451,0.3120829050586362,0.34609321450674246,0.0021559660560992733,0.6089381961032087,0.7429674456248762,3
0.8009102467967953,-0.08144895222274234,1.1976515834002992,0.4780345069915234,0.15554196977988943,0.7008804621287197,0.4957271835774255,0.07192338884913052,0.5598030581802256,0.4890478483303122,2
0.4843464712501443,0.2145894060830819,0.33779564698144,0.12235556860354986,0.28343373646237113,0.08028932429298363,0.4122469205076986,0.11544922200728439,0.7849101632257761,0.2591546535457764,0
0.9200708555974026,0.8601898108172268,0.15580644571348692,0.8031924832911168,0.5814715515778307,0.35429757224318054,0.8897132532987184,-0.012555723184679353,0.2930558872935883,0.2815310259752576,2
0.8247485718612994,0.35624988763770377,0.663268531545442,0.01892547990976748,0.9477358799117286,0.06596054866189008,0.8950235617918262,0.6344973447661351,0.2424127103512034,0.8065316694053082,2
0.9846082752049259,0.09386850542325895,0.5506670951130828,0.8411764817921543,0.7235649882224924,0.8701104104368148,0.17876518879635306,0.9602506257784718,0.5875881301873701,0.23374133346584505,2
1.3664872710383267,0.9600832010930612,0.4036726445044484,0.42955829579679844,0.9761042071179342,0.14914815361007266,0.39033488544635736,0.025262076202920127,1.3396647358673615,0.20683887063000775,2
0.12904682175509113,0.8335637147929414,0.6097902738914093,-0.1029764176349998,0.7831346788820875,0.5676747463517303,0.830059099370799,0.6815561307380716,0.19120857822407494,0.5280028613847765,1
0.8081625203552235,0.5671626176261809,0.8083861132053073,0.35762359660383286,0.6291894974949022,0.9369424471857006,0.29484857502618933,0.12633854924043872,0.20942574425847502,0.8411457723326728,2
0.7921767696740775,0.5735876403154443,0.7677485278598541,0.37374730462542216,0.6554619026769353,0.9162337796457535,0.28442050322877155,0.16466081247645323,0.2082130974544512,0.8756865381122785,2
0.6475671195618246,0.515867873129725,0.5920352842097597,0.6794376972551991,0.05263009894291658,0.5124211359598192,0.7356025725630168,0.54284651666793,0.547337552663339,0.0629995799732223,0
0.258575332297637,0.8337854600573206,0.8343234997852229,0.015994786351321122,0.202327898377505,1.1425793826313955,0.9191908995745695,0.502357937629377,0.014612561232160703,0.5882252116575395,3
0.21226155541682762,0.5448688024507151,0.6397126748255728,0.9417450118890243,0.8932389573752819,1.0025172842692265,0.012010002830591893,0.5712491611785511,0.472150762709597,1.0843591400286652,0
0.05113620160761576,0.14716312569521495,0.5313081419818118,0.49281740617412256,0.8767004942489229,0.3392409971093649,0.5085743824096044,0.7424737751015439,0.4053685768935275,0.15282220097930138,3
0.4054368104535305,0.8371269621951225,0.009653052654369769,0.2606313058612013,0.6189078231002194,0.13781223050904878,0.8512652737341496,0.3148555974163103,0.6391078105540349,0.6446539894501011,3
0.7087056528815433,0.6281236066995428,0.9715104559554798,0.2274391610878349,0.039113512854903776,1.072952064354225,0.6030548947814387,-0.19559654961613265,0.8943125279745534,1.414579436567433,1
0.12321108992667146,0.5607251724549356,0.16840539052575998,0.29777271926860316,0.932114145870664,0.3992456615453936,0.4243425921446541,0.2886767945045638,0.0635540141689046,0.35674751648721514,0
0.8800771064999556,0.3137309108840705,0.7152546342203054,0.02440096072594821,0.8813686271898479,0.010798557740420794,0.8661867162409447,0.6593003279089481,0.22600182309503433,0.7493228300071079,2
0.08100448899024068,0.6974384996429523,0.6493611432108961,0.14390872148955544,0.7659050275969835,0.38310682482668446,0.8490601766122603,0.6641713635483046,0.17630253742387125,0.3318243777373649,1
1.0253397478842448,0.8877569631138309,0.5726487976490421,0.5694360737155225,0.6632850496091052,0.25766365418406273,0.574020051605256,0.16624418132797697,1.04333127020351,0.041350478654418016,2
0.21565980949354452,0.637642750965655,0.8187413159272708,0.00990772552079748,0.8120268026648716,0.3763373641665359,0.6811765134914709,0.5854893851343818,0.11503048281926907,0.3149439083601528,1
0.4479053191344837,0.9953043120483938,0.43622885981549014,0.04217257651756123,-0.10179819066857107,1.1112156839257474,0.8551919803674453,0.48564735221714256,0.589996154286285,0.7111644321863664,3
1.026482570981026,0.9935925486549987,0.7051414342007433,-0.05322924874132873,0.15401590738623722,0.2249740702876486,0.035362114978577025,0.7573528740298666,1.009251338666546,0.6389468931873504,3
0.48625656065564765,0.6024439850420402,0.06882035514263721,0.848969799623424,0.10313530531085968,0.524047771155629,0.9624888181608466,0.40302550246757307,0.5713859645625163,0.412159162338685,3
0.07228574801015095,0.30859732749976776,0.5101956455650872,0.8318724664871844,0.21487460110245085,0.7436962584454577,0.538337608096217,0.41609306414821157,0.4273909594398934,0.7809017824578645,2
0.8662460151491674,0.3066783142133587,0.7175828356345766,0.03320899165903275,0.8996550039199991,0.006229666550246812,0.868266608739625,0.6546637077728423,0.22750278451269149,0.7509798407462774,2
0.1198573009198555,0.18825808195842522,0.8672744068288758,0.37821455684478833,0.11631401371082199,0.35167691675167145,0.6206968625064485,0.3601495871614287,0.6940511284167434,0.37868583293096003,0
0.776667742842156,-0.06537408871174749,0.8353441283705801,0.36733812085202244,0.1366440619807558,1.0138276747136306,0.2867370028690957,0.5602672776743071,0.2208900972527092,1.0000246876160654,3
0.21084191769658298,0.30573878439978314,0.5625007793148245,1.2165638935299723,0.2917475220732383,0.9860439777417377,0.22599262117326152,0.4923006861295478,0.796596686473665,0.8624506085407008,0
0.9343270748051665,0.5676961788370284,0.9475763221542227,0.5717421524505937,0.2401389283961945,1.0551447168773458,0.5868405612676209,0.04835488332901314,0.7397649652516578,0.8831615650879819,1
0.8474493368094924,0.3083061633350262,0.6869804632352948,0.04323683629056459,0.909102371345069,-0.010241950193228308,0.8949039426618943,0.6646384061284615,0.20279830252247177,0.7508857505959147,2
0.8340381480559067,0.8435517696758781,0.04093683945228235,0.705671373812855,0.623925395728902,0.350910019411372,0.8577714907619242,0.08662279043228074,0.32709153105775257,0.30219186587406244,2
0.013485233019914488,0.6119372671879914,0.8166312260061132,0.22639387072891967,0.7313314715711631,0.6756156082370991,0.5328672007326347,0.082115623311794,0.7761430331910761,0.020229967063829155,0
-0.054900519240256046,0.4509149380649242,0.23029891553506102,0.8966810180964936,0.545051576525471,0.6717683661174344,0.4479975123955316,0.9034076322549232,0.7411104474515764,0.5420298495181034,0
-0.07989276515614155,0.26073382457162325,0.3184244180680668,0.5261886072504226,0.23349898596740412,0.35069452125611805,1.2039149554071247,0.8053396103082664,0.5741996895142879,0.32694127933501776,2
0.012729804090310425,0.614032005861426,0.8143626324517867,0.2271362323797938,0.729821198289632,0.6785691424395338,0.5313101682142718,0.08199560847924234,0.7784850036268054,0.01864464531960216,0
0.5430782441725245,0.8530031728651746,0.9974013795909168,0.7697988013933048,0.39849540906609326,0.29254054980074107,0.2171059930506071,0.9866342775528941,0.770839291800405,0.7958717350054804,0
0.7423676119659401,0.2718476618357757,0.9829015593650529,0.4306287449631271,0.6650301500498396,0.3824787240835204,0.29539341185434853,0.056519104250847774,0.5875573766023312,0.7463383338360656,3
0.29663304152714104,0.9415802572894908,-0.057011123369654124,0.2344294920557271,0.6216450361687587,0.24301440737439473,0.7723726447188695,0.367025497801754,0.6660228542272822,0.64257480158157,3
0.5137522113712628,0.8085986986619201,0.8716428879627764,0.4817753810820867,0.7741693691286152,0.8310227566058177,0.5328373695071705,0.3577572548180368,0.7317424519588491,0.4680906732710323,2
0.5971141081316395,0.32722229669639125,0.33500186137517324,-0.1130322048807211,0.10393584719840124,0.13471862893512354,0.7225259192543001,-0.20294204370252622,0.5634465521233593,0.3206910485042861,0
0.48717119861037284,0.4266409097778835,0.8495339090594936,1.0604985666550613,-0.011059121139061979,0.1317190552325412,0.1926853256462666,1.0939682784492282,0.14044585395234055,0.5275998350384784,1
0.585128339783259,0.9747695514662722,0.6566634523923748,0.4460761370803305,0.1625919154821405,0.8507922204846701,0.17704636754884784,0.24542803709328165,0.5753948914047398,0.06538294633859618,3
0.8687300330404659,0.8366077021171893,0.7866880106582422,0.7505737034657601,0.917714395647067,0.22241558721486535,0.3784344333934698,0.7799891463480979,0.36810274782372243,0.5979960766378573,2
0.8573588754220993,0.8421533862334971,0.13109550092352737,0.7507568549826346,0.4517554176247003,0.3639146290832427,0.9094358661849654,-0.062283050528225414,0.2518684909684496,0.30393894298434176,2
0.0501388474083557,0.6717294720138332,0.04483689126995742,0.27348694145300423,0.8458743539521245,0.4075864482472891,0.35992142319303233,0.36861667624853645,0.17465194850564392,0.3794651214467485,0
0.02827638764564712,0.9244783895486319,0.2730707661924779,0.8907339772726858,0.7745526343912817,0.0886158947330925,0.014040393272447667,0.7365163332208424,0.2357536451328841,0.9664212046752887,1
-0.023728367301258338,0.6495525703396416,-0.009316403495699122,0.28212623196374836,0.76435706736514,0.3560171715662084,0.45713528689967287,0.44401067515800213,0.263159353583592,0.49230703867481784,0
0.8229082476450019,0.8260221672181107,0.7591175291727476,0.7876557221211506,0.9082666823039254,0.26370178037510394,0.36550717725710963,0.8026712519614686,0.3293380147702303,0.6242522385730324,2
0.09163241327841565,0.35757654421907636,0.36598561052089956,0.994670624084024,0.4614950748117952,0.791293340689382,0.45866265625607466,0.7280379861260706,0.5453478372203304,0.647393387787639,0
1.0978754361121732,0.6020339574501382,0.9641847978857037,0.8758961655488416,0.07445846185364821,0.5143209176719163,0.22230599929195166,0.7851240996306073,-0.029619001662040123,0.5917206041199174,0
1.3353474670184522,0.3933121102276482,0.20372906838117355,1.07229310628018,0.819278795496555,0.42785445642397973,-0.3525821631111974,1.188353830317214,1.1487992166446523,0.3093484857179743,2
0.4972750243160113,0.141174111884444,0.2433295696012261,0.09140738744938934,0.19258879447348443,0.1445855417100823,0.7164365531912242,0.03563605095844917,0.4968728048605723,0.4739795650810629,0
0.24623756037782207,0.09415271755084142,0.38672390358273584,0.13725220384012426,-0.3346573453228505,0.33082407741405445,0.3781681040642457,0.43926416720319084,-0.13431757054642934,0.11491546824251231,1
0.6069054726977872,-0.059485394228086186,0.9040620610314855,0.29034366138573686,0.1735486048454213,-0.22213932559324617,0.0037136624862120493,0.634759456415273,0.2076209951540316,-0.26182196132811597,1
0.11270334902195125,0.02243922034087542,1.2460481490495356,0.48785003348422695,-0.33378288642644627,-0.23000085365319567,0.5342518740785978,0.8910100525460054,0.2691338785137505,0.5089285614791625,2
0.011907701738868988,0.6149772492624694,0.8123624574019198,0.2275356679087745,0.7297975900976473,0.6761739517906967,0.5336236838025166,0.08469907733929097,0.7766617568908104,0.021022097795184824,0
0.5036848548660305,0.5636867556439953,0.2127301599251517,0.7067045430409764,0.10243451799612584,0.3150456666946735,0.7920809172559347,0.36860058891008873,0.7204068596087913,0.23475306353036413,3
0.3618795026348049,0.9522319274474936,0.5259619443085747,0.7428277095688706,0.39079767540987503,0.8889141867337025,0.3759549257316851,0.40693995375509834,0.5294571546640423,0.16413990722517224,3
0.7210462703771967,0.42203248682703964,1.0729213804997362,0.7552155197443718,0.3610843956733357,-0.18965176969422065,0.0012574668431617197,0.5790213093308896,0.5062122172453604,0.33062386937015054,0
0.6884803623828704,0.048462628513815664,0.7782970585545884,0.2448295789716721,0.12385942030906288,0.9360280391439546,0.16620048187961023,0.47832728777149425,0.18115530576264127,0.8823718463370206,3
1.2166483010920794,0.6767939050263598,1.2515767143590013,0.6824985923960951,0.29777522751147906,1.1834584145042173,0.6250948805499377,0.2405724563071723,0.1671547108431647,1.0746506429221627,1
0.32142862678280715,0.9025233205439384,0.6460171453846628,0.29843607891400503,0.17260309264543236,0.8191287836422347,0.5596765962366097,0.4538568344695634,0.36592214260716177,0.4060724593015849,3
0.7715475152787421,0.1568356388416333,0.7018513589553619,1.0804617320972607,0.5562048166427613,1.0405630475101824,0.16359158088509967,0.7395326601426364,0.7301692109565445,0.3288787207873558,2
0.5654890381993186,0.1255643200575145,0.7011541482422928,0.14160764933701353,0.21587513059170865,0.9008596317233424,0.1955951040382664,0.3227995789263546,0.17510474772465898,0.9034945816595079,3
0.012827375757655557,0.6144848637315738,0.8117623143935042,0.22839942064848848,0.7289019572626373,0.6762372973750469,0.5299910998518605,0.0810871533702842,0.7784330084728446,0.01902193591940224,0
0.7132716827906285,0.25320194112286937,0.9229031810203299,0.3762396888222304,0.6891581952749065,0.36778344232890164,0.3297971628732124,0.025702064945291585,0.541383776019673,0.7911167606935468,3
0.41923336932421124,0.8144359483740121,0.051716291368477,0.30603138734283125,0.6513280472343097,0.17538047701177223,0.8836304662610595,0.34581507474791123,0.6718409746332851,0.6264773474145161,3
0.10286770992057699,0.3554792352119944,0.3938486866024915,0.9939992745424608,0.4625389214593539,0.7946863590444226,0.4380601024419012,0.6976272165358638,0.5897493902067603,0.6637851359770387,0
0.8148776128662628,-0.0613468640862293,1.0556275544027964,0.351149194695572,0.4052085399602813,0.5614003406619897,0.37363485903263066,0.5530593491723539,0.3897181328906954,0.4298811361926248,1
0.8262844287672638,0.25837916277324957,0.7459262704750217,0.052954058579566365,0.9226421522424908,0.04793573984564592,0.9569969487681782,0.613495729458564,0.25714704079602513,0.8413833967341564,2
0.7712834630957325,0.2104264553650826,0.305456350934692,0.2759203425337855,0.7661131331231873,0.9326352700824669,0.7499720246095846,0.5443490115255544,0.7818087882365521,0.11516489126743643,2
0.9612290027571969,0.7047029196904642,0.68759131788076,1.0319662497974278,1.312863888301743,0.9299600514014261,0.09542512663374875,0.11506788452183567,0.42254162747991364,0.18932097138729342,2
-0.19211730998278032,0.9307811949450426,0.02649239310395679,0.6792008698744509,0.8810157514262829,-0.08575922610776684,0.2097638350992338,0.49574473033627864,-0.0208543403858914,1.0433822443761025,1
0.7925300422864116,1.0161320381682377,0.15131430975192128,0.8304087419873045,0.6974265630347523,0.2985866083056682,0.7989152014393841,0.0018248303101114083,0.2525069809413262,0.21834610507280627,2
0.3666045148601191,0.4699329891819988,0.3587904899079141,1.2587551141478492,1.1001071100790685,-0.025274148647329867,0.2808456340923845,0.5304015953751904,0.5325595723175528,1.089800200372205,1
0.14460238907067402,0.9073948376764662,0.5974138341199089,0.5069817676371686,0.8286809564548506,0.2991804755517081,0.8769102183232402,0.34208336641081455,0.7463403543418933,0.7990977071854478,1
0.09361925962954987,-0.03843324686088445,1.5051511104122601,0.45941175275438795,0.2925558069158506,1.4659586225192949,0.49025039176674656,0.2866828241969107,0.7525046421118027,0.39084602690109416,1
0.012400925013499894,0.6145361701419837,0.8153693882201495,0.2272078594365984,0.7302655696533791,0.6775287007451303,0.5322310636103612,0.0820147842507001,0.7794009861884831,0.019754061678513304,0
0.02132608564016318,0.15627355643530258,0.5673285382682985,0.5013915062187461,0.8409078037169594,0.34333629061635046,0.4972373313104166,0.7706329276139581,0.4172881503736578,0.14179618219706833,3
0.2782899955320143,0.17728771383187927,0.11835638394209749,0.7190564468925471,0.462664883805681,0.2782423206983291,0.6938734439420193,0.4119357472328861,0.10669570276200296,0.6271209998163493,0
0.0662104656077725,0.1604520350939962,0.5296804002348746,0.4942118311725766,0.8807680951031943,0.3353868902272746,0.5067912890307289,0.7389187899005878,0.4105637666708052,0.15546373228668972,3
0.4344181090875268,0.42841125582614714,0.266170529433985,0.8109915792563317,0.10486128232698508,0.4150774477807132,0.7188857263399804,0.3621594035737465,0.593956057156791,0.14334939701129906,3
0.16144393373435867,0.9746606256655295,0.67080174125452,0.5183053987285557,0.8101319097241366,0.25717289213340727,0.932692240119506,0.3722266185747101,0.6705861247277984,0.7129125055156438,1
0.4153624431423315,0.4773540305457058,0.3456820141301772,-0.04460120834925188,0.2616055303970347,0.21082384557638642,0.6296598073090799,0.11832061572616244,0.6874714049629651,0.3152129266402249,0
0.06175331961286626,0.35550656127561714,0.4044819480390166,0.878004007827217,0.26362631370834816,0.6162123763463094,0.5731810564180531,0.4022223534126491,0.3743985485666551,0.7772112069938794,2
1.3303690075241157,0.3659953725522458,0.6749866663855865,0.64939759058024,0.3048186851708229,0.785623738146972,0.18376452007843316,-0.10188972510264092,0.40924651398424206,0.7138604754093262,1
0.5619007007868615,-0.08321462578114275,0.2923101503565283,0.7951758764588528,0.919366798558279,0.40946346405360434,0.007787468285770205,0.8904740405576306,0.9893826861402735,0.04393938757546531,2
0.08121841997093746,0.5904378825045565,0.07246986938016901,0.3672086751264259,0.8877832654970242,0.4725909811718689,0.5312380375549766,0.38672604339829963,0.1917491822453932,0.5034971751341162,0
-0.06441030093026628,0.4635719791755721,0.2612009917807967,1.1168145294927863,0.4097172725808116,0.9337360559008141,0.6089505600432891,0.8181580641192032,0.5469352419837874,0.6789719926401986,0
0.4401368078101927,1.1617450790444277,0.31561588466626805,1.08225056683807,-0.12392802998477431,0.7127092273137494,0.08661158034307981,0.3671670964965202,0.44617763108922054,-0.2579295789786091,3
0.2815443165670076,-0.2513029302552494,0.890665114687662,-0.07128445343896131,-0.0818109431815019,-0.03511858800028492,0.5782365327538949,-0.5051535820218603,0.8203185116724137,0.6357519728753757,0
0.7344446220824009,0.9098786130598926,0.8035202392920636,0.7269669088499878,0.82784892648276,0.17872478583097934,0.27917933009954177,0.7704456327271918,0.38060385862305984,0.6773756538230237,2
1.0342708967792136,-0.1755694329497608,0.6026287201903957,1.0379678783768864,0.3280179556318904,0.6589087421428089,0.4765497589003813,1.2795145710080917,0.18438292274497642,-0.020846680142202312,2
0.15712720103681396,0.35473535412262114,0.4193354155534245,0.8832921905234944,0.5108301620236446,0.77855970051488,0.5040507565707205,0.8534570632811772,0.581727436555388,0.6921405802999482,0
-0.13705905368981555,0.7838177443317942,0.6180383062154966,0.995019471453776,0.8470428708790438,0.10702312578421434,0.22794963737137675,0.4518152664743924,0.371036166729182,0.6794840008975822,1
0.8089979054840167,0.5718981113933438,0.7577122277594852,0.3533486420709274,0.6409136371476781,0.9106432676116152,0.2851751879330621,0.15040205639474144,0.17214044845457083,0.8740242238570686,2
0.9228089833076493,0.8896306745527403,0.1110195314352244,0.7811084406957536,0.5734473531944513,0.35025881854025204,0.8971880936112666,0.03828959038868304,0.2744105082073745,0.32129905378608126,2
0.7412873774157737,1.022478006695938,0.8635212895420206,0.6538607203116994,0.2584423292332223,0.8484250473095143,0.18802613659179127,0.18688317827816703,0.6058877679443817,0.10314068391191153,3
0.7713818792981302,0.2040514527134019,0.9250634740028264,0.3699312558154099,0.7009669938948646,0.3170183941092595,0.26100306059246714,0.10889770801965336,0.45977840562641886,0.8359185684854451,3
0.6793229249457148,0.67186659696932,0.5367269922013287,0.44353669919470634,0.45420645868374365,-0.1502640344929865,0.9052950120599773,-0.1377957873027832,0.8181365904089613,0.44760439769841825,1
-0.0993898174862044,0.19809667643238255,0.4468192752212047,0.9693123458247176,0.6612212483758828,0.7218013256682512,0.5964809580207099,0.8875207936301575,0.648345914213118,0.7968947478973714,0
0.9843556480494646,1.0157634632016184,0.6599391147347309,0.01988537617202495,0.12113000568444537,0.21484176765298835,0.05889061825944865,0.761166999131267,0.9930804089122208,0.6861404192802347,3
0.06589107700803994,0.6426757313429099,0.03102502380537782,0.2588750240371899,0.9065230445532172,0.40514379116170995,0.31509955865059625,0.3445622001510048,0.15528940231363458,0.3929026421279608,0
0.38974374237126064,0.25777416546842224,0.09869930110719413,0.6407866658105598,0.6579172434498765,0.2291023120266093,0.7234055341790907,0.22711548404444504,0.09336767644470874,0.6576271019716549,0
0.945215598003583,0.47010801655096857,0.8505995929599368,0.48399165860441473,0.08103383314114501,0.7625522616611963,0.4179948993380203,-0.054483165420819525,0.7335855902489112,0.9183585896898014,1
0.34641080535841917,0.964786455700917,0.5507364228908663,0.702790910837848,0.3973220358857206,0.906836443185415,0.39040988029690793,0.3902220984401939,0.5807204626301172,0.2012913430916871,3
0.34021987628178796,0.920398881020102,-0.08724552757534454,0.26636062419779255,-0.33836106311591696,0.7516013628207022,1.0550777596408047,0.18397630241316426,0.916214544543271,0.06388912447879788,3
0.6355621940913989,0.7570878703135007,0.8077005615229972,0.40275632160900227,-0.2985139391828289,0.21375794862323955,1.1313104406651704,0.8624652500393863,0.143079613605492,0.43126362379413635,2
0.060269509229428475,0.8812773123974963,0.5531244735703088,0.7341765500011923,0.6011837821868813,0.28183024058772854,0.7883181467059948,0.28108197207805263,0.8679299113116055,0.6973474257594905,1
0.5369108580694242,0.34363551307593815,0.8367892320310724,-0.007706453957720072,0.9863945518592251,0.7701778000587551,0.6056084783511972,1.0934803468460954,0.721421444026203,0.56781084558181,3
0.33323378283354405,0.10280707132581265,0.158505503720217,0.7312501501481833,0.6187578046192308,0.37042450716503306,0.8101917451379775,0.4358586974427001,-0.037184765936678146,0.6945472544821795,0
0.937053177138792,0.7951203220465017,0.6289307272883218,0.4045049608761376,0.3387733139283099,0.2720433392847307,-0.21142488550404603,0.9742696183509869,0.07219398144493294,0.32337784065981934,0
0.18578791878972056,0.02147503757358242,0.8072202743374184,0.24466908737862852,0.09807250089948485,0.36011958322204757,0.7134800581867148,0.4855363089737798,0.6610907272915557,0.22644047965313505,0
0.05834853759161636,0.6867714613217906,0.043738181948956,0.24872024498491016,0.8512869839290922,0.4031977945460624,0.3692121471376053,0.35341661501343313,0.17414595138888783,0.3957798919401142,0
0.735105686912065,0.3048787227914325,0.8849295955740737,0.31993256786661733,0.7037071009835344,0.362959149852593,0.39032208235634513,0.02329703060396829,0.5645618149629791,0.7802417323102057,3
0.4462254354883589,0.24936088053852615,0.11058885704321889,0.7326009053919667,0.5799211972455584,0.23133639389497984,0.8037302605997793,0.3213657812430542,0.009933856078041398,0.6683981092415376,0
0.04932710274870172,0.6215315796492201,1.0387732558902172,0.7084893135352394,0.03901872510680656,0.26872279567603224,0.584838886902379,0.6157240765711554,0.15423565514082266,0.9003634111181776,2
0.7446736233722295,0.07735435990511061,0.7966765878615178,0.24295086163859214,0.15232445746403375,0.9998944076693483,0.1878041314028366,0.5167128853477984,0.20872007274474835,0.9179783339526492,3
0.4506564047328375,0.4143693248193348,-0.054551956420848424,0.4717385708622801,0.679137666183077,0.49496027897930767,0.2478861225300756,0.5088328910377619,0.3776842283859877,0.4979414964927286,0
0.5067375484259186,0.190353230828419,1.0031164591556598,0.4152469917243559,0.6760030999201876,0.26053427728974216,0.3680856181599011,0.449684747319252,0.7970464672909384,0.5858438236158283,3
0.8014147018671259,0.6909228219302828,0.740762990075715,0.6417242599506371,0.7917905179178386,0.47452919977037955,0.512702317341404,0.826852989077754,0.4376506490122506,0.5088578269713174,2
0.631976339777679,0.07387698326931896,0.6323516384513783,0.15815136558757636,0.6980834116783626,0.289070119747087,0.5256660008366386,0.1809560270901432,0.6026501297861473,0.30186814266950884,2
0.10367326981050429,1.0029161259470245,0.2912064597644377,0.8646371409941073,0.6925791514691428,0.22432211547482628,-0.0006447781432735861,0.8616190168479356,0.05060365514520418,1.076598659120125,1
0.8372280873622929,1.3471975601408488,0.9606782168630564,0.9215448036097273,0.6659062758456418,-0.12788268682852716,0.5805238948874485,-0.019248822558094236,0.6803873355963801,0.128487435505109,2
0.15822233850677034,0.8104416734491343,0.8245782120371911,0.45110914191827556,0.6673813563732438,0.3569628916709598,0.59592101197453,0.794530893797154,0.4845804745026717,0.7041347636877773,1
0.6618779572147245,0.49693260610589085,0.6046460574882051,0.6967697198527374,0.035501135765583475,0.5069812003066682,0.7356696144128853,0.5265925285598627,0.5742188371541008,0.0851971627081366,0
1.1089557671820955,0.1416357643198834,0.49664067121999433,1.1470220971909648,1.1853188149038918,1.1559037041938425,0.6595832786900264,0.49667369589340804,0.33789079748995604,0.7306066847926732,2
0.6745058612877045,0.5265419977725778,0.536339868688384,0.6771848081452757,0.03251162689872106,0.5044265314850958,0.7032382845061084,0.5323488312619618,0.5669878281048288,0.11496321671671109,0
0.49325611747930076,0.5661505789879766,0.6780582117657922,0.5504985529715196,0.7882982517888734,0.4742712292792701,0.8255594101788557,0.30388072478400324,-0.055657165304747985,0.970577647306453,1
0.7851703995517958,0.18937398149720266,0.28461170396706253,0.2597297017363428,0.7714118915884208,0.9160449001909193,0.7194556872406155,0.538289106138265,0.8078342039626768,0.093235641504241,2
1.1961535971060728,0.2671456446338922,0.5764164048229528,0.5597097156458852,0.5054336208715322,0.10133304262411177,0.801205257704934,0.2959029605139465,0.6989398275547195,1.0417856328283825,1
0.0999596987775398,0.9048238358930656,0.6315111083414993,0.4497468836293112,0.3220918525051524,1.059238292797891,0.49595183299375517,0.2932872247856434,0.1558712528532796,0.16466765853984655,3
0.8655627605716811,0.8298655485147118,0.7225057764995283,0.7890954601376456,0.9681894061672147,0.32575986995419565,0.41096009948982204,0.8017270301605889,0.37929423701086007,0.5688674332940092,2
-0.22193665840901022,0.34902250308121,0.3967749451761198,0.17048624717775285,0.14032378271180307,0.3199598836972016,0.6413765092019885,-0.217932744674728,1.3903475070858995,-0.5274123611166475,3
0.649731579050926,-0.034968264352157205,0.02789633418699923,0.840602382931422,0.9134252601542925,0.18933377758341238,0.00019329335329376987,0.5667744708202248,0.677249142573928,0.46462976129082517,3
0.38218535032238854,0.7652643902204984,0.01456775632452103,0.3088460039816003,0.6881368888002226,0.15518664462031453,0.8881074856830735,0.3122824108905413,0.7310419168788166,0.5897187362471258,3
0.4925819154635909,0.37339641520967404,0.3173664543007729,0.011802695702374463,0.23091215426651204,0.19279763025129468,0.5666513978594279,-0.028059295352241855,0.6750544326124015,0.34549646634733,0
0.8087241358294035,0.5698224300628748,0.7637220114578606,0.367845925058225,0.6261357775343308,0.9479173116385301,0.27808768467275496,0.16617253964434453,0.18034603400513446,0.8676494090170752,2
0.812183282753129,0.5944934595801682,0.7779523742497573,0.3749218690943896,0.6378976003693926,0.9467473717154337,0.3013091351099727,0.1664834930613139,0.18569282179602262,0.8528015665319891,2
0.28082152804159033,0.7064052683035221,0.42487008690470046,0.7629644363364022,0.3511127627863088,0.47871539266290875,0.3781309529584622,0.8698177467477771,0.528211082312033,0.3660615293233661,0
0.9414137268494279,0.5013371809463815,0.6861770709614345,0.4875177052158213,0.10886900975077307,0.7915699509140597,0.30114034856438504,-0.013682686976969827,0.5368473904684856,1.1124554306086807,1
0.34217886862007907,1.0499171376839633,0.18673394372553825,0.7046679503210336,0.45992491001338087,0.6352329639644204,0.5207674343475266,0.4981105903281161,0.15905900571240505,0.22771921254498914,3
0.48871740079063036,0.8769323610252936,0.918104238306502,0.5398293451291422,0.784512869038076,0.8089506585921523,0.614685567156716,0.3039522582468173,0.8058405287802292,0.3952907850929303,2
0.014058768591898283,0.6124954273596279,0.8133485904632002,0.22781616608071803,0.7295648956239388,0.6795559018740587,0.5312052852912222,0.08170562210221059,0.7771474550252226,0.018396987557061158,0
0.7687965313670073,1.0988419471914872,0.7752247469015492,0.6439074408050434,0.20703732486563442,0.815106628144843,0.3809104553112146,0.08137886393091556,0.4487375288610098,0.1586542563308559,3
0.0444350800056561,0.19933793070924166,0.5682890299006738,0.39990048645353,-0.1820092693549102,0.04718857466890433,0.8279710480195128,0.5408006715541652,0.695775809112279,0.7714839054641764,2
0.24253985163947797,0.4348502576456409,0.9762779654638429,0.6881331237872588,-0.07192526297720614,0.10925489013401177,0.7869230354230987,0.6359769615172414,0.4277195298624018,0.7746977832050524,2
0.6023760681710988,0.3405318427101521,0.39886945461945483,0.04407939125041675,0.09458749175252518,0.1002608773189466,0.5927504093443583,-0.05550504774390762,0.5657297377145091,0.3415882454873877,0
0.8353620648366578,0.26961261193519204,0.6820611996399292,-0.03338187785492992,0.876221597230021,0.08270717607890253,0.8119947358072932,0.593171420118257,0.26371091728211915,0.7362128401401283,2
0.8885670786309127,0.29659964203656286,0.7267369747228717,0.0393504937409705,0.8945037322001977,0.003610294226400343,0.8762595044892594,0.6441410554984945,0.24039287386973907,0.7656823388739707,2
0.9865529562559985,0.7985220412978522,0.8260231953736032,0.622126389666578,0.06881963902723996,0.4491818304072927,0.09784807790649874,0.7092301487979612,0.011500081308946468,0.4737094549754466,0
0.9380259671810127,0.9256287178987003,0.8024863946527332,0.6710816625087596,0.7610599620591497,0.1727473342727949,0.41468794211150745,0.13818582796813605,1.1105381353946155,-0.1808557147770249,2
0.9046857615418225,0.8740478807964843,0.7562453067835505,0.868154843908738,0.9808533974228438,0.22391068477482629,0.42008144722433,0.8571782419606717,0.4110235745126717,0.6529143533728513,2
0.4535521055783437,0.8030536467526341,0.4330922451497073,0.11316207129505026,0.2677492072612093,0.9516228726483643,0.7577471779725301,0.3424821582335905,0.23713818260286945,0.5721096446538241,3
1.1845349137333123,-0.16425532487113148,1.2320858226615605,0.19639284853900052,0.3038029219395898,0.501677259155226,0.5481975996791487,0.5975944886874021,0.6747120246289449,0.5593073620699658,1
0.2838308784438737,0.2687098266596003,1.0459226863485214,0.05698721169903717,0.9310760869206487,0.5444289223606615,0.7437144111733182,1.011392648946158,0.5584648445079995,0.42785598254744805,3
0.693404421394746,0.08708403856418019,0.06199634087679107,0.8460272551025516,0.9445130415763306,0.06624633147682141,0.001986719484058208,0.49317788108760086,0.6074886261319782,0.394447074035349,3
1.3227078749321426,1.2311182177418756,0.8852439100835989,1.0687860714810682,0.5063647360541688,0.9030212746402654,0.7756854003524998,0.46928595712890614,0.37147422242908557,0.36327837515754036,3
-0.08134368760678437,0.8220754956356527,0.43981223113965845,0.6826543855773992,0.9498688980123366,0.02457097835648009,0.25834617189573006,0.14684006343638747,-0.3583299092965073,0.1170239531837508,0
0.7862147533801329,0.6037269573540948,0.7883837098881006,0.387534853775078,0.6580434620933437,0.9497680824658253,0.2963914098664674,0.13884666980196886,0.21684330334479754,0.8507795843350486,2
0.2519567408206691,0.7143298732760744,0.21477921199200106,0.11064307462499806,0.9604009606267918,0.18590977143331033,0.494325379344987,0.25644739962318186,0.20468813778001527,0.22259635995609375,0
0.4335819456844187,0.47683700351676334,0.7717170276081449,0.0684361815602059,0.23383769562277526,0.39134854369364086,0.2676329832603705,0.8065612117893599,0.12672418256720358,0.7067067750535866,3
0.13664546038377492,1.0908279628952435,0.2790834392884784,0.9874919918096199,0.5359080148237316,0.16293934492101048,-0.151336549386405,0.7802478743732569,0.15969912266342917,1.0621745823325073,1
1.0540785836276068,0.06435155967968277,0.8998887056730824,0.40333403331679124,0.36360165760323143,0.5035239396440203,0.5290507929039281,0.6988216004705197,0.3898972262843268,0.4879426657312388,1
0.7092002797895175,0.6180472321162961,0.3714767817067294,0.7466241787374491,0.10658796357049147,0.05369945331193053,0.4094948716885434,0.22907486069464827,0.48326952099504794,0.7811817861649477,1
0.49757494590028944,0.8465472233852401,0.9358874694746392,0.5290594593594609,0.7588905805568399,0.8244993457975486,0.5493727939746833,0.3329466633334533,0.7620161659854027,0.49966795613781084,2
0.009914141703458723,0.6281811923241538,0.13516493336390295,0.18932175722192757,0.8974361126200749,0.4487874201821681,0.286476777664987,0.3702628478517321,0.24569491058658544,0.32136819375701653,0
0.43891138462009566,0.5088619061421039,0.2337870328065779,0.6764112535707799,0.1414824757491021,0.2440606090856386,0.7088268293777533,0.2938237718325827,0.7893912499463429,0.3143236515973985,3
0.36600638120589873,0.44335993984233546,-0.09628170528316654,0.6587877986072543,0.018815134003068265,0.27875843475532747,0.47276156534352615,0.015922045717496003,0.8145276381777841,0.4740963396922575,3
0.4734859068019177,0.8831275518167663,0.9376830238080966,0.44951082710358853,0.7462057762056404,0.8648776463151392,0.5768657138011838,0.3550726178063352,0.6843401202961323,0.40417737840641754,2
0.7030872606868751,0.26051811124824664,0.9209313113381751,0.37802034908425824,0.6952562921327514,0.3732191537367028,0.33773791761486327,0.025349619058871245,0.5360919614538626,0.7907698131533499,3
1.004576091689718,0.7105193230051794,0.7803876025119143,0.7386227341641722,0.9317095837045971,0.11854963275216326,0.48787146583912744,0.6101393371162569,0.5144133318126117,0.5589937570945144,2
0.5908942515911314,0.1696601151845688,0.6043727904980859,0.06976985365669378,0.8349682619569693,0.3393054298115758,0.49269299504059777,0.11596759116661132,0.6244231299533102,0.22875152901101117,2
0.8772763945786752,0.3122994331828508,0.7105176798162973,0.03332709274675658,0.8879446560683405,0.01788433411589868,0.8682890733244156,0.6588075177053782,0.22787011382117495,0.7616669397259325,2
0.19472669737213044,0.10361494143856298,0.5266164904505171,1.0230343100573887,0.4038590199394353,0.7908139069403085,0.17532099755076458,0.999723963582784,0.6612748992367301,0.5876347958432946,0
0.4184483407987499,0.8195395283885507,0.05391920189393504,0.3039397638042345,0.652383498911197,0.17277630372752717,0.8847104894399801,0.3454554716565606,0.676701089129104,0.6221158119876743,3
0.058802527347998644,0.6056385095384861,0.11034439854187376,0.5628635874506855,0.8009136950712199,0.34563369477448197,0.295774253732726,0.5522677770128036,0.1964162680128652,0.36901433875764716,0
0.8813963190288958,0.7333795895545074,0.7296517264024922,0.818219833818266,0.6161991905369484,0.580053796863218,0.1915332249055301,0.31251958689090553,0.5532616071688773,-0.04075452286164177,3
0.7961995622810072,0.5882298232771831,0.78435911720744,0.3702888292008638,0.6403300102174724,0.9354769442726669,0.29405413238207695,0.15656920941019606,0.19567023152398008,0.85731655942305,2
0.6093255372312468,0.39957076353206067,0.3535804883740068,0.23621959751620378,0.19681916016898016,0.10053758379108389,0.3976913346186586,0.09183725891211117,0.5397230495003341,0.3305494863276279,0
0.14955447874772732,0.9938866029371469,0.6907054151501227,0.5000570084518386,0.8264369902616324,0.23315043849825123,0.9557649055622749,0.37371363819125547,0.716637595794751,0.7046985292175707,1
0.59937835170027,0.5479270996708637,0.2963219646227711,0.281904125175574,0.8105863103661698,0.3534931409227529,0.35562089530012775,0.05992801711704532,0.22981527150764974,0.19832740485791397,2
0.6845106279360739,0.12270419782403504,0.5669507590860845,0.05311993164474149,0.2145269012350356,1.0451631023664862,0.11834962402082126,0.36165149255685325,-0.0033740430732648874,0.750531366344318,3
0.6261990694903099,0.5410723400290223,0.23714323454380448,0.7077991056693296,0.13261930738724553,0.393176759994741,0.6875624754567219,0.5045289559637275,0.8450113778087796,0.11904997155635012,3
-0.2568838787522975,0.015228427511259607,0.3800711899530271,-0.2501989425553002,0.4741306356871716,0.6984306275417618,-0.1711062142174844,0.43060710956141895,0.7854942249870596,0.929465968601751,3
0.245439859054724,0.6041647100660981,0.5870514461513535,0.004925910854346122,0.5800177066428684,0.6179661267748895,0.6415197383064148,0.7290340637336169,0.2386682763835513,0.4035158541244803,1
0.11118905141373034,0.35272351137318037,0.22423733546157848,0.7688330220341145,0.5464777486632596,0.5444740908453537,0.7956739259342462,0.19161549224914598,0.17421944031469902,0.5897190085445552,2
0.9753926784819649,0.9814596417228575,0.6287146510792638,-0.010087156431643284,0.09643973663508755,0.21624563485626364,0.029085087889209067,0.722317603739907,0.9762717518758552,0.696935329828324,3
0.9315543795033757,-0.018764458426642143,0.14267971132182078,0.5151976060175332,0.22264058196969222,0.2282224226900107,0.04304722304543335,0.08690363772469195,0.3015956093571081,0.8293331485507619,3
0.8274402734753001,0.6103020814857539,0.8025526848188296,0.3845867650954014,0.6624893000248733,0.9074602526785852,0.3190355034647097,0.15242395365695166,0.17829145353594655,0.8793114017035905,2
0.10716830959634482,0.8810720724459662,-0.1782253476374511,0.4052812272398574,0.9261216023430018,0.6804653628000628,0.11443450751713882,0.2330397802974807,0.13905204262998253,0.393791907741711,0
0.45983762095289443,0.42282027233353714,0.7708037113813679,0.2805142374129625,0.19684804391251398,0.9110954084587053,1.1344677184497485,0.8942130046097045,0.8002585963125959,0.48615269067099637,2
0.8702893130282229,0.30370379437571127,0.7206430525920314,0.03394926694268061,0.8825235156036191,0.023056364158345125,0.8662538796382958,0.6616452380968583,0.2157322475711307,0.7528851930227517,2
0.18894532529171315,0.6169759363767751,0.8020770713847476,0.02949212113707904,0.8321611948340789,0.37302654583381156,0.6979072949342683,0.612302456130844,0.07631011886659073,0.30003911549784773,1
0.6460574766530578,0.48332748056592484,0.5907281803721592,0.6893531703519364,0.04209774063122616,0.5207663566362768,0.7628710384628784,0.5360232837964362,0.5407200073727252,0.06905457288287596,0
0.04767112916139497,0.7004372178912607,0.05465454490537957,0.2338234858895306,0.8543220437660053,0.37435492646877155,0.34833166744490485,0.3565775792689699,0.18036297741300103,0.38455850204868003,0
0.8096346018386055,0.7349093975439113,0.551429989082157,0.6517978932327669,0.12651455217913415,0.10239879426280177,0.45780751659983876,0.13932862222009817,0.511144633878575,0.7415175964502527,1
0.3974214570950011,-0.49083860385959777,-0.19271328606159188,0.2283634757077978,-0.34714020151665814,0.35383681559381475,0.052184682197013645,0.4282683011344844,0.44880880932334233,1.2167925234930332,3
0.15506932226732897,0.9994393270437215,0.7127609247378653,0.5335910386502805,0.8434915171323152,0.2343312256311992,0.9442173724599211,0.3745891857681273,0.6911154337317439,0.664524137126556,1
0.6411519772256662,0.3730387177842942,0.9240242900667768,0.5561475384214833,0.7291230599999053,0.04418596203735384,0.6250019114855554,0.16239807094966774,0.7545670836102939,0.5899739057812833,3
0.7989717961675266,0.5864510881891618,0.7816890211083315,0.37850779507907517,0.638349212476294,0.9331824248804698,0.29166744017420465,0.15724270538068466,0.1941468915538523,0.85784417154998,2
0.8835197341698626,0.30271959876298177,0.7291548864026717,0.0240318389556794,0.8820580744803765,0.029278019328856906,0.8686649777548349,0.6465896092214817,0.2360016590643292,0.7447896946878093,2
0.32532856857047104,0.8812034938445176,0.6484140272854032,0.2765586115774946,0.1444626752578926,0.8264895937819653,0.5634468207530959,0.46020388221973496,0.38595347079833087,0.4244958164197345,3
0.6605883481255658,0.48759922899425584,0.5811171264527646,0.6797726896556353,0.0320699056797874,0.5374271355780329,0.7392068297020973,0.5141763649937696,0.5533716332702312,0.07306124804543264,0
0.6385810188244216,0.3152091784791106,0.29354349901514853,0.13562437203116734,0.08930267175834662,0.2730202566803269,0.4968063207660994,-0.022768294675271715,0.7157479826486433,0.3115231775741335,0
0.6557086156369348,0.47268796181213907,0.5731581756791171,0.6943725560612934,0.06736473051694945,0.5211145504017246,0.7257425993104492,0.5179542179769432,0.5447462985765013,0.09729326954871652,0
0.1255053360945903,0.8762347404266305,-0.11020399158894895,0.356383014172219,0.6816901904139037,0.4391049500941142,0.27765142573706797,0.5441213884738388,0.29406887383657343,0.33156379824902027,0
0.03659092058654234,0.17054429932353724,0.7308205341655459,0.6195218277991978,-0.007407771777970694,0.3172057143573266,0.6018852444672154,0.5843527630998929,0.5282322253717837,0.985516122657411,2
0.13215064475760285,0.45147282341619566,0.16540870370338603,1.0500701930452503,0.36994365823554387,0.8121290869020524,0.6533449080022915,0.7617032001575813,0.34831789210523456,0.45949377957764814,0
0.9105840853057733,0.30815037892945796,0.7473343156256246,-0.012687192693139906,0.9077524885420583,0.05475007555254135,0.8688306921594124,0.6885052166718755,0.2280390922650992,0.770242379546941,2
0.01914149804515801,0.3158204170524553,0.4295037017790093,0.9313249265472201,0.4379570019350101,0.7783847422979838,0.5802007375152409,0.885515755098528,0.6459802821443875,0.6957826460294426,0
0.5553035108496519,0.3906572519991666,0.08900935063186553,0.5769601850655608,0.7253608108973364,0.1286489450068865,0.8646169033928769,0.483713392363579,0.22950678054535362,0.7662048800607125,0
0.8782252285283709,0.30451653574500775,0.7116057618003495,0.028708351394599953,0.8859908122247676,0.008427790247526684,0.8628848662240938,0.6619778110282274,0.230205999177372,0.7680357439737927,2
0.7930240572941756,0.1628440463953736,0.6978628820525029,0.2361615752214401,0.2650353434953032,1.0128182609005654,0.07107810460666862,0.5203008678281325,0.31992862403418,0.876489217718559,3
0.9712849827674432,0.998831036042821,0.6413040236636981,0.007493577562739952,0.09924397058262215,0.21913099359262542,0.032887262192984594,0.764143671063846,0.9818036693302228,0.6904495874496809,3
0.7103783754813976,0.25706499155265633,0.9230314115633768,0.37859906088410017,0.6909540496759867,0.3701823663808175,0.33204201097736685,0.026472401885175245,0.542420069004108,0.7880546141096194,3
1.0938533272629996,1.2692505108530259,0.7893993416806435,0.348393178777808,-0.08686111102846494,0.6877908642000896,0.08216475182781485,0.09707313116356742,0.3192910202094701,-0.24597563990835547,3
0.9322588025938624,0.7387838540853391,0.7942471527586288,0.5876888598520009,0.04844045253840429,0.4564081250780329,0.0702511045982469,0.7192822349687253,0.010081082799973256,0.5024498352659548,0
0.8655829006747127,0.7665603474915329,0.7462262179714677,0.7817011501136013,1.0497154177235386,0.10930879637793536,0.3675697128964576,0.9168386661066661,0.4232554080967379,0.5256005618628435,2
0.9874307276802753,0.4954707564828723,0.7428876417458874,0.38531153000104545,0.11988009915077559,0.8595148534152697,0.42265994354315484,0.020005732582632912,0.680101698221246,0.9832153926109666,1
0.7251362293915204,0.26155361605720756,0.9256307948802369,0.3814871614828486,0.6788565532573363,0.3861264457094512,0.3214272029785317,0.029508476489735105,0.5537584585824574,0.8055289201965952,3
0.8108605216669805,0.6541761346300936,0.45334724742826626,0.6798773703927751,0.04452219980639155,0.08559672387790629,0.3985013090065923,0.27344292899779854,0.39232118545527067,0.6688943062133622,1
0.6159419137693354,0.038109221220820194,0.6672237305899927,0.316619488105593,0.220497996485481,1.0377362449751735,0.27508250364129166,0.6068212227391394,0.07004764608399744,0.7724552073105859,3
-0.08888789287899915,0.6441667368978405,0.6278982282004459,0.2558302038193186,0.5092474227883981,0.2022096439502227,0.9388739119259568,0.710600347903818,0.6205651219336407,0.20385984686545428,3
0.8283012617653422,0.5676836739117,0.817804164164409,0.3826129620916457,0.6222627904647358,0.9563908377732725,0.28862548774944596,0.14991681019049405,0.17446955734892627,0.8491588673670092,2
0.595142940460544,0.07705737490487544,0.8379223804344875,0.1314974788073163,-0.0242493086458348,1.0265329977169937,0.1912921664959017,0.5256687057773378,0.2193575105325028,0.9121916668462456,3
0.08300858390743303,0.25106570452835997,0.5727144967950936,0.44634118422104196,0.8514796668901048,0.37632185204255814,0.44570844846835295,0.7088348077774298,0.3606998935615298,0.2350713713562998,3
0.033927073671901,0.32532751381052527,0.5009000231847783,0.8396621264117106,0.24871872455795546,0.6426845642884674,0.5575721951072631,0.45719618587149946,0.3454155796347702,0.8362106345443846,2
0.9287997652977253,0.14516757231825075,0.9164976288442094,0.30685326458709056,0.4496365273882526,0.36133222562820366,0.43735790447367384,0.583416806750585,0.46264083559848185,0.390679417685486,1
0.32247567524938947,0.5335851570916581,0.36885760786428423,0.31454732089182236,0.026654754706319117,0.5013774183970312,0.15610048623963302,0.9976122105857193,0.0885442964484731,0.36117332227829335,2
0.9116242230694576,0.030330676088060834,0.21291536549909015,0.37428511764911276,0.11518544475918531,0.32129052827397864,-0.012549767263271602,0.15016193860406243,0.1508615034439536,0.8617693237989745,3
0.22576996299637836,0.6931473620494044,0.7457853079192274,0.25261468566054984,0.3115814274709504,0.8878195074232664,0.5496933530989445,0.6229921163202123,0.23971645416329174,0.4833270572797775,3
0.4118663704998559,0.598407398880836,0.903062601903825,-0.11155866312082338,0.7345591168431818,0.1853889771814817,0.5334362893161209,0.44956102529215214,0.07359939974815886,0.475215493415424,1
0.8050925859437258,0.9914172227175717,1.0451213345414438,0.8275213596010658,0.7778906959255767,0.23825478589227345,0.3954471386896584,0.510481360195423,0.4331611396062553,0.6471991872295063,2
0.6487364823706606,0.10762114136079129,0.643599726999275,0.16567010064174917,0.7589747772563173,0.3009634517404686,0.5663027600795068,0.22914307362734712,0.6664676268100981,0.22635613467910573,2
0.0504368832993671,1.0082244543619,0.5628048355716146,0.5002521455303599,1.0301906695798,0.2887920581158065,0.8581286417384522,0.2393532936237462,0.5497623207562427,0.4769183965384678,1
0.8877052730754665,0.6253331076574098,0.8027715997300333,0.6521556934427574,0.32750223347863017,-0.08302166672367417,0.2547999513825333,0.1333479644708386,0.5450204202062361,-0.3411838168956219,2
0.3374897297381871,0.19500669536466858,0.513545565887942,0.13339164472076975,0.9004497741999926,0.7041960588693867,0.2278201589360287,0.4027297702681404,0.5968884511726882,0.5664142624747668,3
0.28782755962888074,0.5062298601691428,0.37700918209117357,0.29630483343899966,-0.002448716913420336,0.5046427876049057,0.1886078832024347,0.9891624920393179,0.08136208487488297,0.39461412932622386,2
0.89737219115796,0.9146343711634972,0.10944250378386156,0.7570927172451599,0.5572551624632726,0.33580700841690764,0.8939876488886155,0.015081564698993546,0.2783403787669369,0.2985313694891187,2
0.9111821318487645,0.9081340232187667,0.1096291097391402,0.7942907248648451,0.5873308792827842,0.33854504986734407,0.8833286657800921,-0.004039007676000513,0.2822898559432823,0.32559624389828307,2
0.6664223075967932,0.5149712529131284,0.588628292511822,0.6553997714346331,0.08408071169649213,0.5149995650166979,0.7569861828773958,0.5204418603377747,0.5237157482587802,0.07525873345456416,0
0.8042630370311713,0.5382456683311926,0.7835442888675747,0.3767991063763673,0.6361832059362561,0.9522924190445291,0.3261984932404599,0.1844053774806143,0.15566178759155247,0.8378917912875997,2
0.013126628803340663,0.6130212200038979,0.8152355360829531,0.22747716326932219,0.7300836037997803,0.6792634499910107,0.5315943079536287,0.08269720362708947,0.7782569564860549,0.01813627641358603,0
0.048594333104336855,0.14891563424916981,0.5265234580221466,0.4882628645375742,0.8868830129208654,0.3333897068988671,0.5131305003377322,0.7446922532117357,0.4019956946718592,0.15381965528423452,3
0.7598016292749888,0.3976957890602881,1.0117305294607908,0.6804838681028307,0.443940792589399,0.4516397003709724,0.19520253785057184,0.5111449373447555,0.5609838985927069,0.793035571277477,3
0.8050109565797372,0.5828741581871881,0.760720513268123,0.37793849138312824,0.6530926084204937,0.9508779902775657,0.26521594737770376,0.13977580136158171,0.18379751299508662,0.889032920594115,2
0.0650086449335665,0.17304327454280904,0.5333908790839611,0.4969134129116594,0.8791285918606259,0.35454664625273385,0.4965888397199371,0.7532629186127099,0.3886388169227965,0.1466599556995112,3
0.013061746201189415,0.6143542848768919,0.8145925501823897,0.22666200055847516,0.7294943675935743,0.6789670392511917,0.5312583625704772,0.08206771490887306,0.7781447135068895,0.018785499119260203,0
0.47174736326110744,-0.06738280088929388,0.23548175731621704,0.6813670673772292,0.8115740131816614,0.24934484597932385,-0.13960957802426768,0.6106335927432538,0.499857195476659,0.3112049873614944,3
0.9908832290263655,-0.19726058375024247,0.5751408528740287,0.9835849535277539,0.6224150175059524,0.8829549551844773,0.580541672887405,0.920536848435995,0.6211953255144569,0.27157648933081896,2
0.926995727497264,0.9061644926960405,0.11738427582743344,0.7617568777494217,0.5437444911409371,0.3088097531140258,0.9121320856564199,0.028192914341784767,0.28465717595404155,0.3148968177546651,2
0.11209316211388465,1.3612181220638653,0.22981420463166236,0.04764217957070527,0.8387729340250645,-0.4972485827707033,-0.3878289380266794,1.4045132294651137,-0.379476225003313,0.8725799433857463,1
0.9543492595607108,0.7601067510189226,0.8993156319688133,0.6337287696433528,0.1253640816688382,0.7076353783224394,0.4337049720093416,-0.04511332441685753,0.9106277104504635,0.9186396215702544,1
0.6774558886865216,0.1314634839582667,0.7316191696084934,0.2178085682354836,0.13153279390967842,0.9785373323719253,0.1343808694113044,0.403429848193141,0.2582298267623661,0.8939075107815162,3
0.9738709133008157,0.9998513254775984,0.6463305435081199,0.00773442410083329,0.09464218539663502,0.2149194776379088,0.028387479673704186,0.7541027308216928,0.9814149488739193,0.6960169915123632,3
0.48904990747269017,0.2574189711605943,0.3192734025311684,0.0033826137463879233,0.23944496928940195,0.08338895138371634,0.5045013495640429,-0.027529051653641397,0.6355510384907137,0.32465163880475945,0
0.1438011794639703,0.3589053309768747,1.0643797948904128,0.6974034708781646,0.16021332808631145,0.29462399236972137,0.7589955440381717,0.42506052001965,0.4358984189626805,0.6976731345249414,2
0.06745294065284084,0.19294726553518599,0.49309449071724637,0.43360568804716476,0.838416903235577,0.4003175500503543,0.5729690674788429,0.7733139746232659,0.394741681064129,0.11989330167293646,3
0.778554209104039,0.093942236218064,0.6986457730514624,0.2771785607879806,0.16542305276918035,1.0193546096926822,0.17558876743057392,0.4320800412154482,0.28051445758153376,0.8079256845687014,3
0.22522177340699703,0.5970972621860118,0.9251715959941788,-0.06374410330193347,0.8633915864415201,0.4540321107870261,0.5753287392261628,0.6061637625500484,0.1809257621170255,0.39724818861479705,1
0.8563818286456139,0.6455657873916633,0.5323415474487773,0.8012468196570851,0.22444972375853806,0.14552313789547305,0.5549122644186051,0.2500941059802035,0.4918247133721698,0.8355581421187867,1
0.9752831029856064,1.010946461738018,0.6357799485980979,0.00839055398059684,0.09277633112101415,0.2097479784880546,0.026583184652010983,0.74534244017674,0.9915745517299972,0.6875676584970397,3
0.1223693974314316,0.18779386744178067,0.43068182623568496,0.7124141135487391,0.25180856134916574,0.6158842105686353,0.6130276287436788,0.43286399727005354,0.186523703030307,0.8584859177844236,2
0.8136188218476225,0.9768791169937929,0.9908804145428598,0.584126569799581,0.8799356618109134,0.1556352733845191,0.481606060461786,1.0311702241079437,0.11032704567879745,0.74248407605455,2
0.7542903749627862,0.8927849545659792,0.8540675922400671,0.7353507551020141,0.26772323311667506,0.8948536823098429,0.3157376641029867,0.2321235275097483,0.5410908204917662,0.06514330912277265,3
0.5396715246397025,0.5966732182116861,0.28805994731384044,0.5958765078127504,-0.18649032860274517,1.0664159449945436,0.20168996433025838,0.8138828125546538,0.5644057755580029,0.4654230634482777,3
0.711218919062447,0.979277214334694,0.8588810116536314,0.6736998942350618,0.27052582467183206,0.8458284379867669,0.22151233580041202,0.1813744522347387,0.5374507331171183,0.13657682178145167,3
0.8915149616036805,0.27259442146586566,0.6778805878979359,0.06965702331984473,0.8971173892217806,0.06703858064171063,0.8773113979272057,0.6365064672643264,0.21117012951345857,0.808818288944201,2
0.2516820998798062,0.4050204596745045,0.964330238541425,0.728905795464313,0.022078372579411577,0.15368180029757506,0.7633157184172141,0.6197895735572917,0.3585573843387189,0.7969075884985437,2
0.9062176469122972,0.8961970046666263,0.11143421128535912,0.7723229977313876,0.5573340214017634,0.32643743931728414,0.8857280675647577,0.02647814283630781,0.29479151376650603,0.306538951511406,2
0.45192656064849984,0.7877405667199474,0.9236321414630981,0.517631466211257,0.8022353434778656,0.8631336269749474,0.5057712499649555,0.39083501758062184,0.7943484138473922,0.40374783207591924,2
0.4386398491011257,0.12917239187685423,0.9457262088110908,0.4341696057344211,0.7000621249831913,0.20363377180034248,0.434660730246457,0.4785671892613009,0.7972492020456561,0.492410932406987,3
0.22367510832527626,0.4399869171079505,0.9279393463190762,0.6531286492421272,0.06309749622418007,0.11155406308453603,0.7955954002757978,0.6359995998089613,0.3605000686311221,0.735895999609777,2
0.16606763729036433,0.5044569532557931,0.019625595497895748,0.7606909391736669,0.6531161936336239,-0.1933265737725589,1.2329452642643706,0.20088962952186154,1.1930710393573045,0.14872839728888904,3
0.6658806881070146,-0.05067788092139666,1.247373478845277,0.45441763945198,0.8989397852916334,0.3936700157445888,0.23080884203336288,0.6664856042561984,0.7223435927953487,0.5897417403872132,3
0.9703767395293886,0.9981935183352164,0.646753232917964,0.008520571014300614,0.09256010730807124,0.215336382100702,0.025545612479856268,0.7558661280432033,0.9810254167581012,0.6990559906341557,3
0.06136986542405232,1.1969301942308834,0.3741960963231148,0.058271691363903644,0.532954006238681,0.8818204338870477,0.861644577351508,0.46844446049818855,0.1816911762191795,0.5269041044779793,3
0.8817019616704818,0.558832476686532,0.8500289945742097,0.45067062906873984,0.007619711393118789,0.6627967059633502,0.2811411880116555,-0.3656299490439134,1.057378577001128,1.1186317935815144,1
0.9724413469809411,0.998429223897496,0.6460564055763162,0.0046667843917938484,0.09691061993511307,0.21239535334859358,0.030783866293978328,0.7561901006978919,0.9791448473007336,0.6983121012540975,3
0.7704613234101403,0.2841168779043234,0.6599367677816316,0.03540198373896486,0.8677700904203745,0.0212313576047879,0.8395925038145599,0.6841996270034268,0.3074370741206046,0.6924520199198456,2
0.7177007105852893,0.14686868088771105,0.5536757982894778,0.40757938946794003,0.6745896242130129,0.5107516957171326,0.6670058154520814,0.30424659673913873,0.7809293010687426,0.6487521835663828,1
0.83207856250057,0.4058869524423391,0.7921011481853584,0.4798710222394612,0.5382180022958791,0.7811184278639363,0.6187196084187531,-0.11343849356007198,0.4345356524925049,1.4233841356142514,1
-0.11022468388014373,0.77055679726169,0.455788545065986,0.7979531093888116,0.571249342319401,0.18043972754877252,0.17102092072945774,0.8813137847258589,0.20436775113204408,1.123076984142823,1
0.8804224929235412,0.30202305088314585,0.7208830262246165,0.036623745585213606,0.8861430696288692,0.02295952183418456,0.876763714304421,0.6572786031332604,0.21683569179314555,0.7518531089998864,2
0.1883402647233044,0.9691770641074468,0.7160982640179728,0.5527861070659782,0.8689524163670905,0.253477514283114,0.9734050981554194,0.42761711609122155,0.6675380913463654,0.6263896252158323,1
0.36482597330306676,0.9158638381621855,0.11633146122822588,0.6642986520187648,0.08309234472926524,1.106724293686494,0.28479263367338514,0.19535050110380137,1.1619556537254707,1.0212646396101384,0
1.034619147048191,0.20309865747451303,0.6271705903621491,0.8915176814367712,0.6332594920023532,0.7709713683965935,0.170463000368264,0.9324747968622966,0.5596903051845673,0.15885705139546907,2
0.2148456029400905,0.6388486401016789,0.8236462425473575,0.01818495475534567,0.8149264326019343,0.3816811853520562,0.685365004237788,0.5909037857340734,0.1141997321619018,0.32239019621815523,1
0.6021499751620473,0.3115899300158685,0.31829009219971727,0.2553551312353033,-0.03061310510461654,0.0605094771995133,0.47954997958855505,0.21098972851338188,0.8517330456780654,0.5586907551178033,0
0.9263589724192822,0.0752651728993533,0.5742776997124018,0.8309315247079184,0.6658362958633703,0.801536863254408,0.2878693918861828,0.9797125212295172,0.62781480096394,0.24607786573651905,2
0.5019367598598388,0.7539544699321956,-0.07289431632420176,0.17321234550838216,0.5381960174042715,0.3433533275780637,1.0286091653624554,0.182324655790498,0.6523340635340018,0.49703268467686035,3
0.680724846264871,1.3073275945848302,0.8177373878839092,0.4934855091714957,-0.0015090047386763228,0.9724300024804646,-0.030836385623189133,0.17666975247380268,0.7496627394247095,0.3149002372120734,3
0.2638961869166502,0.6895604749669157,0.4105004190649714,0.28479920379279666,0.9953759349904712,0.539865025376213,0.9682346763154425,0.548237871720157,0.9697577794458612,1.0175702923839474,1
0.016629167147171272,0.6130749263187345,0.8181929038299239,0.22951176389207562,0.7261044907241638,0.6808102395953373,0.5301426894501664,0.08215503047266762,0.773910604595849,0.022191866999711752,0
0.12134274291307502,0.8448215953257723,0.32687188643085624,0.8856324021145477,0.706321589271713,0.10363451965012221,0.024599126015837205,0.6798979844986566,0.15376292538616607,1.006794498010138,1
0.7101950154930394,0.2585784912639699,0.9235563593918222,0.3777055554196662,0.6887005078902713,0.36862481533207986,0.3296359757487742,0.024530127342416136,0.5437315952298578,0.7862726306434344,3
0.18539912883465667,0.3352296861877959,0.9227941936214107,0.6232421915595074,-0.0910545831054568,0.09950027949679595,0.9073409426812972,0.6177504932778822,0.4388587490566051,0.8594044833481534,2
0.2939119248113029,0.9228803589155065,0.7139834205990743,0.7204491813447115,1.0273521763559277,0.07328715829608304,0.811894768822174,0.2763864142059274,0.8516266231579772,0.7112735977653004,1
0.22633078099291234,0.42439278960120724,0.9424170914252146,0.7000328282504062,0.022720807421024596,0.19440603518984997,0.7567634311671463,0.628338660048455,0.3859620246145418,0.7878665028404317,2
0.030936440604748074,0.007619148365202624,0.7549460046164828,0.6804858454501654,0.08694183049031964,0.2722849861609476,0.8610427996752732,1.0941138535824004,0.6975744068518096,0.2778700639168372,2
0.8966420696094114,0.2914702181480633,0.722687437173732,0.048466658378320954,0.8830959486596903,0.014627367642726336,0.8312022653816971,0.6221731696984473,0.24680978034864373,0.7933764615116783,2
1.03019096736458,0.428808120211942,0.4141154641581888,0.6207779771768103,-0.08554662800971519,0.056032794721116795,0.4181402159001424,0.05779012100954253,0.21437701719026675,0.7969869763286315,1
0.6629763649089314,0.49679146831626947,0.6009646763448913,0.6814750504450697,0.055209852901751816,0.5140745782045602,0.7500100563703928,0.5303709613426566,0.5493769148655556,0.07994889697852232,0
0.7151542523897536,-0.033619312588630476,0.5067059670402211,0.4333594732799626,0.02154487489461228,0.9810900498682886,0.2487450185310221,0.7509508447783916,0.281834840084352,0.676105993533251,3
0.8368169118065636,0.8321993984910466,0.814727521682396,0.8210306885187528,0.9167912678470227,0.2205259474837798,0.40768985032739136,0.8173819975625345,0.33678762565150283,0.6594798626923262,2
0.03835892999789714,0.1769213451184628,0.5268527410430234,0.49920555000878347,0.878970404417358,0.3608144354018871,0.5316130224768278,0.7393421397983645,0.42209321906680464,0.1658797693905071,3
0.010436057602524938,0.14620068111903067,0.5288610046768444,0.5188373932764919,0.9007044107294712,0.37418716998212287,0.46557260943592105,0.70254381440313,0.3756635806152843,0.1836416554399741,3
0.5258302998479656,0.9157998868866478,0.5302936502313389,0.190562716296586,0.2864103811741211,0.621079569385432,0.35263879627279476,0.7036058389309694,0.6123929715975139,0.6063106777446045,3
0.18745321634631684,0.5759566044882365,0.5749892736985549,0.45128477217734264,0.713251339774622,0.8671192730204441,0.6444033755059483,0.9046004616059505,0.42846645449182663,0.48654320598996137,1
0.7535957701190383,0.22645753884850642,0.9650949788077072,0.4084322363365739,0.6078159293559697,0.2927478965174431,0.2676681572035621,0.06910225246454374,0.5105991330324955,0.8259155440531739,3
0.20171691433556946,0.00235036945621675,0.13873696686146955,0.5679111608038462,0.5639754677155361,0.11972239416435895,0.8977052056085312,0.3364493366337953,-0.1472974490944104,0.7667856903222355,0
0.609910883903912,0.21143536159533521,1.1930079740345938,0.7821228222528953,0.673326607681021,0.3637387490240005,0.8161590926740068,0.18072190846113598,0.7507061178840049,0.7769357951903415,1
0.4175974724992016,0.8165889072454872,0.06976266942247716,0.323796134005697,0.6648262071960185,0.1646062723833588,0.879662154094966,0.34023333576685993,0.6873285517567939,0.6272441100209144,3
0.8799202248045949,0.3121233334254465,0.7077328635791766,0.02751374196777556,0.9012694010409176,0.020680995937727736,0.8651104953928136,0.6693357865658832,0.21967143771786116,0.7626432272984461,2
0.10741602189614533,0.6432581379645015,0.10874599035037122,0.2941222493522313,0.9103551706424962,0.41510779134885195,0.42356326961516644,0.2991759816184528,0.25553674730594633,0.2766279214558553,0
0.051099315982732985,0.16333683056516174,0.5294434184543511,0.4479705734117519,0.9159962285657155,0.38770913835758575,0.46787789451858375,0.6981293120548794,0.4269021351923813,0.1860756094762516,3
0.509181783290947,0.8317445680897758,0.8744473068763271,0.4844650929864686,0.7651733690040616,0.8245435208456394,0.5407196761640759,0.35118945117844336,0.7342185249696288,0.45981712320545065,2
0.7185364359313787,0.2665670187536135,0.84646755046112,0.437083386765612,0.7037711827448849,0.32590929021994186,0.2700691267359766,0.08625892616772204,0.6077410400910124,0.772222403257935,3
0.8761422942611367,0.33088096702649283,0.7287003020730946,0.0778214740627709,0.9309858201456892,0.02163603288452053,0.8766720282346266,0.6625005165915242,0.15850108458915246,0.8123512684739921,2
0.7427978858687985,0.20207342114039262,0.5684702188786385,0.5326387926267453,0.3382240598182459,0.20293146974664886,0.35835213058378423,0.6493353262168512,0.09166030054779539,0.20748672514403838,1
1.0690204784345108,1.0002165641446055,0.509825284171834,0.6775618941506835,0.7270225020024517,0.38134733228086753,0.5494223678631414,0.0760548817488743,1.0367550987868166,0.1434734759657138,2
0.7962675246691929,0.8683801982261625,0.7715440657804444,0.7683680471593389,0.9475342848903516,0.2943360619570459,0.34346312558688685,0.8400033974484898,0.31499026665680724,0.6161435388967619,2
-0.5748440152317472,1.204196685172088,0.8255178369433704,1.646750602539098,-0.6464210940208885,1.4306067409477272,1.1887135079527367,0.8138339648405978,0.8255824071431399,1.0303570251811263,2
0.13428332278086985,0.8265111929241755,0.5696910528918138,0.47850420276401007,0.8848952475595048,0.35770904739462894,0.8826626004718708,0.4313213722509645,0.8110727712479157,0.5268686993468432,1
0.04149018392738582,0.12551537170518776,0.5242644753122253,0.4772262691015936,0.8918016267541096,0.32825346790543897,0.5031113110231448,0.776131316010422,0.43040615019176465,0.16054140522609092,3
0.01382050250111566,0.6126624827728742,0.8179048662238819,0.22992613392675687,0.7261709371294872,0.6819062046756125,0.5336404122690074,0.08564664120222924,0.7792131286181281,0.020768008824799036,0
0.9678859524252502,-0.019179327272557674,0.2699657005874509,0.43628548042438947,0.03276611473386007,0.25681367932913046,-0.10119708146208536,0.22029490491710169,0.2118144483811138,0.9686170021098779,3
0.5382036919746886,1.2104398633709217,0.8395302356244305,0.2335512444760027,0.14333073243061156,0.8030171182964669,0.35616816209997176,0.38038254380451525,0.14819779694547158,0.42253699797802596,3
1.186726615606999,0.21417448069291833,1.142303895441644,-0.27906727241627505,0.8024485687549519,0.7344050728078093,0.747091800298288,1.2268587735575078,0.0039001466919461047,0.666944522697581,1
0.6462562753345945,0.06685465709240006,1.0223139323536028,0.2945748060900851,-0.12597420790129196,0.8793790503247796,0.0040906381576724105,0.553431021515629,-0.06334290727762659,1.0017954225580312,3
0.9004786260205749,0.13724122811380637,0.8623405745854371,0.3767370039872696,0.39542808681644737,0.4229152708060112,0.476400159560057,0.6442204902666044,0.3700578747332299,0.39849495637024296,1
0.9569785015221015,0.08574867695192982,0.9728472696514938,0.3077334483363764,0.3991276137490679,0.4137024399295327,0.44705151804942966,0.56938190275878,0.4120186192592626,0.35175326836828735,1
0.6769210648521762,0.11355012356445357,0.5887907085445155,0.11745686332065378,0.642550260105262,0.42863878725343024,0.6763898251058325,0.2740845682908176,0.631142013316127,0.2328104648526254,2
1.7843892929013332,0.9632622509076249,1.3215049146062652,0.14126097840195115,-0.2781831781607137,1.1940161712541193,0.5242660678503808,0.4911279980710573,0.9008334411659571,0.2067299697751106,1
0.8790797027621455,0.3060765923584369,0.725833086479503,0.023303932884407616,0.8871425740588184,0.020113306685934397,0.862509977559982,0.6529245095668915,0.23160152627841363,0.7475060455469283,2
0.7135586729606743,0.5458061101130394,0.678614943497749,0.5443765668138276,-0.03175635833335491,0.9083017379010838,0.17903020162112301,0.653709739257185,0.3332025802739125,0.6224690560654097,0
1.0845915988554107,0.4659551730626049,0.7883061325363907,0.333182621760691,0.09641048397836509,0.811511448095351,0.4810530001756412,0.09073461256880941,0.5987400694407232,1.0842778133723483,1
0.961218204583939,0.3820063585935933,0.713484930487162,0.40687797138353965,0.3434399838295985,0.820545601530115,0.2777903491436452,-0.0371244597236712,0.4838810066724891,0.8367728723543506,1
0.6986109232265628,0.22439540932371002,0.9171972515141626,0.39147317495389167,0.7020393211787347,0.42338993723137236,0.376641903165046,0.06331118233122747,0.512078901411738,0.7953710994428804,3
0.3911498840599355,0.6016561621964622,0.6295842474255127,0.2747776961681482,0.5086960650711394,0.5709285232701438,0.1817717885120672,-0.04608514714883927,0.6753423689168034,0.37029900692303885,3
0.9365564867837555,0.8621900921298712,0.1272362466878863,0.7273399982583949,0.5207881905055013,0.3348407634430496,0.861824526485546,0.05865426305438987,0.2971381492190733,0.2784534540355876,2
0.5981488569404265,0.5553747799131403,0.22782631917400337,0.7707309533006931,-0.0014272004532734223,0.1610080480076585,0.9432661575049825,0.2910742496867473,0.7526364686599654,0.270115570696739,3
0.680050733740704,0.12739232141289375,0.6086616444989406,0.16935526631857775,0.7294271197977923,0.33862809050189663,0.5148564359284943,0.19181385849698368,0.6274527693790924,0.22217887894264982,2
-0.3221550460134216,0.19769239701882788,0.7044979251898457,0.7270945543652455,0.3489296097352988,0.6928464928351026,0.5249287627503483,0.7570389217906628,0.09607391494662218,0.46633094084743065,2
0.7255871402391335,0.3289741984305635,1.0368642821009653,0.8664367720738485,0.5121122421242814,-0.14721985641458596,0.03047529611855819,0.4668983076768387,0.5795201305451525,0.7002444816440758,1
0.110251867317187,0.9846896015534633,0.7345390463115957,0.5363021358533673,0.7846448298327087,0.2377880642278999,0.9035984257177517,0.3487606431653503,0.679635232580519,0.7249874273466616,1
0.23683325699705865,0.2817690476572354,0.6211565244257453,-0.11653407137199992,0.5411161533503456,-0.21083215660509705,0.7125220993029536,0.5943112573467413,0.7351197396361184,0.03947762590441717,3
0.8679913129571131,0.2920312848065537,0.7046467509062205,0.05844418751346335,0.8941541329372971,0.0369137081017446,0.850904086725247,0.6828745742406818,0.2273815343994753,0.7369249462441535,2
0.013449685205441464,0.6140054024562813,0.8139661604810764,0.22803343174349758,0.729694093677342,0.6796030938372105,0.5309485530407807,0.08307176764065813,0.7794069898794526,0.01938928809306593,0
0.01312916635923771,0.6150542456561415,0.8154819708244182,0.22590849421918047,0.728710719356436,0.6799515924673565,0.532089777804409,0.0823146661782969,0.7781294356269588,0.01904631900593177,0
0.43247608760607026,0.7377371094942878,0.23505853946168384,0.36859728209475134,0.20951347160017963,0.5556168974630653,0.2016306499205222,1.1421644664358397,0.06283874086889313,0.3678905402857781,2
0.7863008721428147,0.5851986003662099,0.7435702016904712,0.35543497696959064,0.6156040815596324,0.9574613975654536,0.2937804328036515,0.14404079679148524,0.2244307690704206,0.8474132043087823,2
-0.6206874410128265,0.5055196015624294,0.010959874880811737,1.0410041249350643,0.5761891944893551,0.5344411473530833,0.6768291362790972,0.3708502647290195,0.9939695816416104,1.1326699698332878,2
0.5298346601113216,0.799357253325099,-0.07812070868915988,1.2315843688220038,0.03565450299797346,0.6451752397226913,0.3968894878814643,1.1129109469213418,1.1241924840952326,0.17364985100688368,0
0.7639041438482731,0.8846030060526406,0.7818379314760239,0.7924070175172205,1.0401132824901376,0.3807111599167458,0.4631883242339746,0.8878670570929456,0.20149169273693812,0.5438847774381299,2
0.7548864389575458,0.22805577215613596,0.29830858731669746,0.2857027160298199,0.8135373928226937,0.8808801505267136,0.7065328417938329,0.5919385453241619,0.82544633615914,0.12220722493642536,2
-0.3551387416774033,0.2388643099877265,-0.36383481960805686,0.26063796562428837,0.9181628925559606,0.24862691544694915,0.21253859249862903,0.5900223414019868,-0.2506380460611493,0.7483625733710981,0
0.4625251905274403,0.14944469034563174,0.1513513752166383,0.6163685196582374,0.5321649602678832,0.23440578275273674,0.8000901407686042,0.22930219228899304,0.01863133574357817,0.5575785807872938,0
0.7596308896325862,0.6432751999382895,0.4291908053278599,0.7043142448797103,0.1446507188663176,0.04577689585365405,0.5395640852689223,0.20639854254450005,0.4424338234535381,0.6741234009794277,1
0.2633601196878188,0.4255178122552274,0.9365735031947342,0.7291680179351258,-0.002162873625822871,0.18082787452799012,0.7519906662928911,0.6270070921771655,0.360317211893826,0.7877191965802761,2
0.6461113673556858,0.4816074168371885,0.5913792155215472,0.6880505204548354,0.07151668437216917,0.530663695919342,0.7652100403810667,0.5221103954738248,0.5350495234459669,0.09774373732793606,0
0.9883039237094876,0.9929143086566936,0.6576142930379063,0.6327532268953105,0.7682113582719005,0.23718573421099576,0.4301171012017095,0.15677647061128624,0.8489101976645657,-0.05115897378528639,2
0.6129112075900822,0.41984026908820565,0.8102802735661213,0.49460219968954044,0.8117225858675915,0.20074997202729886,1.0747879662351398,0.23735353837489798,0.28599420314473567,0.3716713194757255,1
0.6601942216701796,0.466589866181433,0.6064407532642441,0.6964723200625826,0.030745148647532927,0.5339726277285644,0.7750869271285951,0.5061918119043053,0.5388743553204708,0.10956095048019344,0
0.1045474779842423,0.23847149253962824,0.853142977052405,0.8152389587317838,0.09598947014098858,0.12495476051995372,0.6988047839537113,0.4954676167992316,0.48958635240651704,0.9577998321080742,2
0.9667895298910542,1.0019326708607335,0.6403904725416563,8.455317711704349e-05,0.08705751681760836,0.22546837699845274,0.03596515414291514,0.7636118166860173,0.9841040950325851,0.7006493491497948,3
0.40891387192837764,0.8539271585696425,0.0995717424724255,0.283270060593388,0.671689890116358,0.153881729900822,0.8527210359754313,0.3330981410547719,0.7124533891610719,0.5890652735284738,3
0.49798044746012915,0.8414691667995626,0.855969547696634,0.4656096815609516,0.7653199157368933,0.8364053188084725,0.525107032140253,0.37619332006112643,0.741540867777479,0.47598910412596024,2
0.9100473316333656,0.9230331175107214,0.11209044868913424,0.7661672474984168,0.5692531651738748,0.3194203675769203,0.8852521177384994,0.04218150861991736,0.2643456216875646,0.27547730158594996,2
0.10106447861230064,0.7110682701608884,0.08952423728968589,0.2902490567907824,0.8546714160124153,0.39640816106249704,0.3664480942495561,0.36084130594276204,0.1834034792359264,0.4127420927959815,0
0.9708847771983907,0.9979281740453597,0.6435283172116113,0.0047447511174329125,0.09904113629617647,0.21657246322208584,0.02845909258723599,0.7547859589845405,0.9789517580734469,0.6976576460908641,3
0.30035055290453383,0.1455031053320207,0.07118944771828709,0.7312682636605492,0.542503386956597,0.25542147824687694,0.862780364805664,0.35163777960905607,0.02346173671404154,0.6434873403827505,0
1.006420646415359,0.8057463067017863,0.18713661776379378,0.8678137362731928,0.5388830983911695,0.2578291546380456,0.8936334551056937,-0.06883226409826115,0.30712072814939784,0.3557738789926973,2
0.40883022558473653,0.23966225492334367,0.16123525350138754,0.6833205385066737,0.6109843117319004,0.294515318194565,0.780356244522624,0.23668165338386055,0.08768424769589012,0.5604326592886503,0
0.6064658137172225,0.8537658506720353,0.9607834023721293,0.6781434719304105,0.5734864886990139,0.271295866283608,0.14035611149897398,1.1217672604233977,0.9513185704892037,0.7847910594638967,0
0.5746187192283276,-0.02159020665102375,0.6627329232749077,0.13484521356729445,0.6846403596314032,0.18456226410392118,0.6661115816774161,0.14807536807845675,0.6515230383774873,0.28977816058446143,2
0.8287494841854838,-0.007355299863520404,0.04402128935096533,0.8697394311561021,1.330160136989361,0.4915142451864993,0.4794010645256661,0.6831964028721933,1.0097226655775478,0.05846472562542421,3
0.06576263282275559,0.18753478152391917,0.513493365012713,0.4770571804666894,0.8648669226319414,0.36657814626832597,0.5337708992437801,0.7539019669688783,0.423404628497621,0.1317489485966526,3
0.36596186128778313,0.762052571462884,0.09826271782356892,0.2436430756135719,0.6754052308418778,0.10745610266333769,0.8748691425622689,0.3081549266407209,0.7356700092958375,0.6084289398198106,3
0.058894578013200104,0.3765008446102407,0.31678227589475016,1.0223493198827056,0.49267000901958125,0.7635993137735569,0.44613542641478904,0.7723647903656987,0.5926081587803109,0.6476173064632784,0
0.9108324346024032,0.9139642629721427,0.11325498048650955,0.7852657522197377,0.5663108628645711,0.3265902031450731,0.8969018995169449,0.016976901648446292,0.2983453248212355,0.3095982715857846,2
1.0726078886258867,0.3997922384948089,0.7318567651192426,0.2832717586064365,0.20061310905251462,0.8861918184533369,0.3632792898194184,0.055506109435796404,0.6810489860542874,1.0030774401231342,1
0.03350231294938863,0.3003078737484591,0.45708619740052614,1.0601981187249838,0.4299606204243549,0.732618561463952,0.5308348405230952,0.6405756653776885,0.6343711351827676,0.584155108679204,0
0.6446682690443455,0.5090291979252388,0.5830008536795503,0.7091954550574324,0.048177751084684396,0.487320745727885,0.7631024726363899,0.5318914642477094,0.5261193681676574,0.11357673538228526,0
0.058519085742546204,0.1512582584557533,0.528714813939865,0.4988256707478928,0.8817560271233971,0.335340937709779,0.5091956464830654,0.7359670358943435,0.3996716751364123,0.15951887099776477,3
0.695377155404397,0.24566582593757585,0.7629903605665592,0.11441313284579152,0.7120950923213223,0.06053794037915017,0.6864800481835223,0.9150098679199999,0.12187183848310845,0.16227233133847338,1
1.0436704754563202,0.2583210503392394,-0.28103602352780876,1.3768964226224147,0.7762237296517337,-0.05417812729774349,0.35574959544322293,0.1418979644767865,0.5598099317205744,0.9211095769933001,3
0.8747508783677633,0.88687321572192,0.03658746898444984,0.7561403855965413,0.6002281949145334,0.4093372157101621,0.8980964409551117,0.029002279672637674,0.2209228733770418,0.35003546161750604,2
0.38593849612965303,0.22191090324445012,0.10944283219107084,0.6957294394489477,0.5315561564364053,0.3007053390998325,0.7519904067983574,0.29620662570805606,0.05031980884248713,0.6082260592178664,0
0.11575583477118198,0.4103533230677086,0.5207193938037551,0.07488914355379012,0.5940922121028609,0.0038768902913914353,0.7184080852564506,0.7336415986272815,0.6045955791094395,0.19455971979555137,3
0.6535397497384805,0.4891644184619429,0.5820799299121009,0.692599710980994,0.056229971929717786,0.5209791214721199,0.7574051876405505,0.54892973975301,0.5539646830017464,0.09816197564236584,0
1.1143992974120307,-0.3152713167562155,0.6986261682409807,0.289255585088508,0.5779471841349607,0.4736454534937026,0.283429600930306,0.5887203562761949,1.3602060524976798,-0.22847976247594481,2
0.03403154551601428,0.2232795509560106,0.5362072610421085,0.5214172760917953,0.8838640610348467,0.36795656553354505,0.5075712215390226,0.688946126467757,0.4454324535905141,0.09713813512764255,3
0.014231668658170184,0.6103882976514322,0.8182206514174071,0.2245422025791313,0.7264129264944994,0.6805102135410038,0.5326642466397788,0.07961230036542162,0.7830509463501473,0.01829161089131002,0
0.4316514578363406,1.002748186880762,0.7059930044824151,0.3138003938766626,0.33048169875520217,0.6985434737630172,0.5834991038348728,0.4720621216620124,0.47455667366839427,0.6065110659263753,3
0.520447411051177,0.22057221886965922,0.5400181496267036,0.6721455503985516,0.3157832764206115,0.7879499010296749,0.8427800299752077,0.647066290713356,0.36401182042566665,0.784826172060528,2
0.8674464206467143,0.7989083558904166,0.7641625546020203,0.7846300587958597,0.927739619633745,0.2570726539845909,0.4350220030241011,0.7430392451571316,0.39877323253771324,0.590323596733737,2
0.20239769412316472,0.980686320998092,0.7074228162832842,0.505733820432508,0.8614256942111533,0.18858466963243867,0.9163594529269039,0.3526289467704353,0.7127011347095729,0.6902377498612611,1
0.785610491966618,0.19577709008223826,0.2918295139489192,0.2607063154540462,0.7832446635661754,0.9071090222328576,0.7266060874185833,0.5486840150756535,0.7951395008702471,0.09544208436196158,2
0.3076462082404515,0.4601193086103066,0.0976140151444294,1.0956317542860583,0.46163498227937916,0.1971476007445516,0.38847727217821787,0.4077889627963818,-0.06857339241277058,0.5749120997631973,0
0.31700062053650924,0.2489520114504405,-0.10467941211811174,0.31600390254419775,0.368327567964304,0.5135633182020175,0.4879236776538364,0.3921149838617791,0.04230160431766424,0.9543300703829742,0
0.9758217361983709,0.9433019316268157,0.7778190846011969,0.5550804098588825,0.9993198456226766,0.3016473700405203,0.5067081997695414,0.06041077752128285,1.0395952231688093,-0.028091449130599563,2
0.713508444949167,0.880411881227323,0.333142021014604,0.35033810413410593,-0.2162471853848369,-0.004919821744090558,0.724755236686796,-0.11653311007122247,0.4412953954225483,0.7567951536992895,1
0.27850046835790065,0.532020209418676,0.046035471808786144,0.17924250682799392,0.7218283461333085,0.22976387936831116,0.1800160435865747,0.3397974519648005,0.1354024695506975,0.39326432398151095,0
0.7166256467182647,0.9825233802173093,0.8173788872852847,0.637701095183388,0.31676343469355905,0.8742309350251527,0.22768004300613634,0.18433090153100617,0.5521596323025396,0.0973780391082034,3
0.8032728063399136,0.026852650079700537,0.7283731532719945,0.1450727969383075,0.12305146380855567,1.0134666436752364,0.14603269709829036,0.41384735379352466,0.25574219646450214,0.8404930891417143,3
1.293216386485095,-0.024051141512518213,-0.5086524968911902,0.17090234915796587,1.221774623706909,0.6761759509273866,0.4310475998699021,1.2008799462352688,1.1957697110033436,0.36567312191201656,3
0.3806559397898074,0.8883000039005511,0.028290717199844273,0.7820482808480164,-0.20620652620983448,-0.024527684164171004,0.9606783260634473,0.21850197880095185,0.8463239955856743,0.4345709866774475,3
0.6274369315139273,0.3973127909088326,0.6782226761313158,0.029183965589018868,0.9296550949083041,0.5336167574775228,0.5474619374872215,0.8115611414840189,0.6422519873531326,0.26797533252419004,3
0.7982111586163566,0.6952169981551258,0.7786120137265381,0.8909832566200132,1.0366913282623877,0.17142083390126628,0.22350269936785172,0.9411427852184214,0.42337464905009126,0.5002849257594093,2
0.06276480421719137,0.1345664572899356,0.5438462528312996,0.4836357987953115,0.8925827621972063,0.35651779892056085,0.5333788004598746,0.755638216815188,0.38176115755764933,0.16444368486825878,3
0.11200908102416565,1.066161819945401,0.7523991617007038,0.22953888013721463,0.3433330825702827,0.9429348000216491,0.6677876117760624,0.48855595963671056,0.5066318231794352,0.38872047881481475,3
0.7641243806518027,0.18774666795933684,0.24470499260292233,0.19803894022481658,0.8548186874111209,0.8232349247338271,0.7170320593108475,0.5250395149199065,0.7837825958677752,0.13892502285027108,2
0.9802898934534916,0.11448917128967585,0.9531386093516394,0.29544868176749756,0.40529486322250213,0.3745294237922806,0.4514593736490942,0.5866157970967837,0.4554980622642748,0.3710712911047517,1
0.8745796963885134,0.861630849942242,0.7618209931144817,0.8447344873578976,0.9789478512602466,0.25844254040511144,0.3514520285956957,0.874050644249183,0.38844400926672085,0.5640929837656596,2
0.7849511893828174,0.5449150684887992,0.7373772340049147,0.3948747335187143,0.6126932379499592,0.9509446072547436,0.3037714375466216,0.19751157561801944,0.22025097362597035,0.8523242217417313,2
-0.18558373183471957,0.9028201416136059,0.12802114722030355,0.6112780415746375,0.5956067475281653,-0.11724579333223126,0.26037216551712045,0.6865758159265961,0.42582036569897597,0.836834114760787,1
0.802739247454664,0.03235830830429172,0.8181481421966534,0.1443160775068642,0.09324177699684032,1.0205486833395387,0.1224683150280023,0.5433596693521634,0.15768930053498842,0.8201488203513143,3
0.280801993526412,0.9366964099531151,0.005976280142454299,0.18496466476280904,0.4844724602519844,0.16349834265277643,0.9785443529297082,0.5324083136325053,0.6406775745268067,0.44010929558700185,3
0.8625563137709013,0.3093806926626872,0.7037032523921535,0.03374463960231902,0.8908313134496891,0.023322169387669213,0.8875794960496163,0.6522252319550758,0.22380125504703674,0.7524285542696878,2
-0.3057050168123454,0.4224396428102519,0.7168598217569817,1.340335413577733,0.08924762053037172,0.6454488340598772,0.08678747931937075,0.5223044052925044,0.6449687267593092,0.4987093590319419,0
0.35698119454154553,-0.026736218178398385,0.2584514675322219,0.2147320456436215,-0.08236070255608505,-0.0877910743400282,0.3715392030914211,0.29825988774957046,0.8583046014556961,0.42225188910795813,0
0.06503778159578101,0.6973412418065545,0.05963167994847703,0.24265795804803367,0.8692806913372014,0.3801715230335903,0.3554666715202113,0.37057681051233893,0.16995401241057775,0.3975235865932457,0
0.18018375093054714,0.935884059775613,0.7500618469147748,0.6633229365407102,0.9262296483157799,0.12444256555223358,0.8273851437599007,0.48043768555214866,0.5913120787298299,0.7191396183294944,1
0.8315939770464015,2.0553832879126377,-0.4916180267390641,1.4345742418117324,-0.2981369454034345,-0.8491647386600528,1.5115411274003754,-0.5621252224704641,-0.7113358567050747,1.3542647728635724,3
0.21188965408904228,-0.03707244452847436,0.7151558426742802,0.32221783994680525,-0.06385187973566135,0.33068726253413094,0.4513012438593019,0.30339952762104117,0.5033596489585047,0.14890057664689213,0
0.9961269706364239,0.9885579437706747,0.675014790165356,-0.004326729629395445,0.07869994911772211,0.23969851125640812,0.014286861730206424,0.7295570887710723,1.0111208274319998,0.709770014283439,3
0.5678588341050663,-0.14823863162946127,0.7703416167794643,0.6640831274460159,0.947150109110404,0.7794316457802045,0.09938250676519472,1.1132785661809077,0.3576353012232916,0.07424052149683208,2
0.7092820408508099,0.2576692026955826,0.9254796169806878,0.3811399619330058,0.6891136859682995,0.3745363899850879,0.3283445968153667,0.024711296606122292,0.5388761731012863,0.7876972827556077,3
0.09037513140464934,0.3594466228454486,0.36099969657901476,0.9992918571786275,0.47057550890418254,0.7863322065135219,0.46463199921775733,0.7207428674286044,0.5489024405770557,0.6440306290477037,0
0.8134169837513872,0.16750234818247717,0.5794509467007662,0.8405290223912981,0.5822113685510969,0.8495972648540134,0.3722203447927085,1.048966126688243,0.7345638121788609,0.28424299617162735,2
0.741017729220581,0.039465357118187126,0.7628077323521646,0.26020045770037364,0.0985528627126824,0.9539937701896687,0.21438891778643349,0.4647074285035901,0.1815111576439066,0.8670614705074207,3
0.3307063960668878,0.6061589461573077,0.7401011969471575,-0.0649668887916131,0.6879629562590253,0.31004318379225615,0.6530758151243298,0.5806866416309089,0.0508433920897436,0.4032083728187966,1
1.3006724611181164,0.9524688917456896,0.9092845948640238,0.7373503282891856,0.46528756620584955,0.4389032548495171,0.5741978264177402,0.11065323556003422,0.6203718336871846,-0.009858682733641669,2
1.012139422833046,0.45911617919473835,0.7844168331998728,0.3285784381811966,0.1407106399497416,0.8637806020833172,0.4301039111140943,0.046509910603951564,0.6793446489900994,0.9493740659128428,1
0.8414334081983009,0.3129884043540531,0.7285735265616317,0.04598490067881327,0.9201412568022943,0.04127622273396191,0.8407278912428646,0.610529599403773,0.19888257026106798,0.7585608033587288,2
0.224979049458101,-0.041650664794640246,0.420312302673575,0.3842518629917068,0.2711933994549167,0.3891314058646472,0.8919398096550362,0.7817593584119107,0.7588950727344608,0.38304061227265257,2
0.8633086953074198,0.34272530202675344,0.7240610414417492,0.0031443998668938544,0.9240939282605636,0.024017074933195836,0.8669743672911691,0.6694907436690946,0.23435423457737908,0.7789302120409316,2
0.7112049321709812,0.25266000802424354,0.8895476211156712,0.39357835974456035,0.7249935720933202,0.38836099042701305,0.33279651601824795,0.014675453043114862,0.5125572669688784,0.7616771141553053,3
0.5504084216082881,0.6869309888221932,0.6239493682702993,0.2253094731713876,0.34908248610077863,0.697349230011578,0.8268186711333168,0.6860603044669612,0.6702013903194098,0.5463615286569103,3
0.381338586379738,0.058096964181307026,1.1497669274997193,0.2639681604750136,0.5694269869592827,0.31889780767654535,0.40737121219553024,0.38701470665627496,0.639670066412996,0.6719676055703365,3
0.6648912570379764,0.8994490847317305,0.845017546101879,0.6216777678678626,0.4071314533017862,1.0698840627130355,0.021033534243748597,0.21817326726077862,0.6755960325224668,0.251010963728586,3
0.14543458406041038,0.5466605801950042,0.06578862152562516,-0.07872891077998628,0.5174325599243658,0.6782694737308128,0.2128805946597959,0.31071038072545937,-0.015947963980096402,0.3870912937372088,0
0.4494729183217865,0.7846486817619764,0.12864299340782287,0.3676064632708916,0.6877117805135564,0.10066218220158171,0.8902827754125423,0.275388014615801,0.6177157319612432,0.6092590763958584,3
0.48889920549482435,0.8803525827191067,1.2744662614900195,0.8154412883552963,-0.07052503711861279,0.46451548986501945,0.8519404277133972,0.12760564037229538,0.2719021103068261,1.1041190683038518,2
0.6863785186924867,0.43768366384488694,0.5398189092739298,0.6840624090929203,0.02443256424131985,0.5306035479844822,0.7384289382885718,0.5942923045500125,0.49352219679921755,0.09638851208108139,0
0.12160139139338622,-0.26248005456736556,0.9492858141237672,-0.1535404035478406,-0.5508094362573964,-0.5347503269466167,0.4293938523411101,0.7967661814569369,0.9387549588954281,-0.12326654378253854,2
0.9056409314040407,0.9256743513143171,0.10238732054217034,0.784931056547217,0.5386807439877271,0.34138549031846643,0.91595671509736,0.0223182648295719,0.2971829182404839,0.3129773032337213,2
0.8051654679616598,0.5878010275699443,0.7814569453469213,0.38490354603410437,0.6313541609274219,0.9434896249977835,0.2823792621615295,0.1632993202273646,0.20392668804165665,0.8545697735819242,2
0.7037185711331085,0.2851657045179427,0.9323109046423261,0.3752103521638216,0.6812788429165453,0.36233699907752415,0.353273220884274,0.048673650584673205,0.5066919284342022,0.7574346094335525,3
0.11824021663211558,0.9644426859321713,-0.2041330705791396,0.13409853030713864,1.1578467192721047,0.26529342585089416,0.4341832690430274,0.2502636942996865,0.2479860921072978,0.7079983960509935,0
0.9213286371074294,0.03336229968783077,0.20526102983840702,0.46056486410826886,0.1983669940084946,0.18071202051099536,0.06991326156120013,0.06879598721154175,0.25025073672158604,0.7980878831721097,3
0.8626083951582114,0.3031149499874819,0.7175938790046325,0.022335612344274374,0.8772953867082411,0.008479165505180311,0.8742057029576602,0.6668207583931755,0.20508183081705586,0.783444343619474,2
0.6390461868326824,0.22950117318804591,0.8617493807593105,0.4789908771537661,0.06188549946568595,0.7583324998970729,0.15866677353952868,0.29273453237579017,0.46715859523721337,1.240416287277354,1
0.6036734629619849,0.1916033297356264,0.37976841091493485,-0.0462216416324861,-0.015236793293343986,0.018859106924811853,0.5449760967248791,-0.12509623165866743,0.6937072787713495,0.4526693470239804,0
1.0213985865404016,0.9926580862769543,0.6653178653914544,-0.00034171233433768003,0.07080258248517382,0.22650581635990252,0.023121914660284557,0.7267357184340882,0.9806853675048405,0.6981917913011035,3
0.7378575445850049,0.5030967094720089,1.0203878752820827,0.8913930993958114,0.7302398119353004,0.5602168828437348,0.03665491692438766,0.6760335009724988,0.2722325584971355,0.9535639903403612,2
-0.4510174660509207,0.2851724619256985,0.2817470187837855,0.527731465848494,0.19499937532724926,0.42443124569152213,0.4764722513865409,0.6833671208073235,0.25858388387821424,0.37409028193480565,2
0.9963785650892516,1.0247872153403685,0.6087999407206157,0.6383914843455729,0.7462274835531252,0.1926184353965479,0.5155302524486778,0.1098875256406461,0.9273527000761086,0.08434622737202127,2
0.006811941406519861,0.27224073546076244,0.27823994882150355,0.9241726457039406,0.3850535306481849,0.7276168835232353,0.37922237389250024,0.7515114641102435,0.5865582031032884,0.5967604912181153,0
0.012199704909766242,0.6159897307231745,0.8145260873320493,0.22968020936810632,0.7327340236410362,0.6772565734027743,0.5287615641588852,0.07764716525259059,0.7798312128016023,0.02315283268691818,0
0.6013677766670708,0.030640758750400572,0.5314387313772003,0.1704950775674798,0.8206726570585273,0.24229751208255157,0.6208165387778765,0.2865761618723665,0.642762660656431,0.316766904970165,2
-0.598634549142521,-0.11665476407458397,0.09237533382768648,0.5123229901465853,0.12533883937844925,0.036012167057089095,0.853564157102073,0.5763575550859986,0.9123636080704774,0.8726774037713604,1
-0.0875308853189129,0.8002325277033112,-0.07094855800406925,0.08942073167532241,0.7877652381616989,0.2758229592158006,0.5664442373703162,0.5541816298343119,0.10433447255840946,0.5949795355989451,0
0.597945280590421,0.3175127702967023,0.044795730571679675,0.49267496973135033,0.47462912523089723,0.1706002819959935,0.788565316670959,0.09915349808960947,0.06497067704912465,0.3568761321017046,0
0.44229715349330234,0.8236194024778467,0.7098805392142177,0.08668302844021347,0.3494704112870639,0.995572567391759,0.47286865975097503,0.4885757956873947,0.49734303557278103,0.6272311757619774,3
0.576544801329114,0.71107056599291,0.23266069543745657,0.6618056338112616,0.09120142355026921,0.3914365060240013,0.9593434058118471,0.26963434309826206,0.6300275666464477,0.10646036598217531,3
0.7874873438206071,0.19348461948498522,0.29565582928196815,0.2615318021378397,0.7863958831214873,0.9094620669251525,0.7248726235009255,0.5512036657553138,0.7969803571166691,0.09436362736088623,2
0.7007138093284737,0.11033980123091985,0.7263680264064488,0.21661838885322085,0.10936778935127674,0.937143670469854,0.17884513712795064,0.4870460645030861,0.2520220841850929,0.941296452667494,3
0.8085818563979634,-0.04830124789287987,0.0793061328394857,1.0572704022632995,1.0776664272975456,-0.13085337706102623,-0.22288829145628325,0.3078004559680233,0.6344315572859776,0.19653532161952977,3
-0.4816575196900825,0.39321834440385517,0.6678266634953767,0.6444688811653665,1.3086152966769535,0.20907384144471855,-0.247216191513711,0.9366020636266426,-0.2449001374190542,0.2582576052897192,0
0.06811991553898283,0.7754986561370397,0.19332252754439228,0.10048517919331745,0.6798621938705023,0.39257761714013156,0.19049309936146616,0.18812956612167278,0.2111732246531902,0.33729249360299013,0
0.20430289703315768,0.9639192904381999,0.7624735244454163,0.14533540357247887,0.19908081358984137,0.8441935625282705,0.5896198628004343,0.34949715359770694,0.25570620068285993,0.3462641030162017,3
0.8073597687241356,0.5896587122908102,0.7808043403023668,0.3771742685697896,0.6345182121825476,0.9355683500487141,0.282759751244518,0.1550261991321231,0.19223033679076115,0.8628998484892502,2
0.635140733230527,0.5268772481806869,0.6892775933300298,1.1143511797440042,0.24700052090834534,0.5664602392582974,0.8612828736584632,-0.2195744659674052,1.0669615871708198,0.08320220836876313,2
0.8918235210795595,0.889739257532443,0.11609112106186516,0.7780631024720421,0.5580876654349893,0.33015617225695987,0.8857081154023989,0.012714005220460553,0.28673738175957053,0.31259329470817887,2
0.5019604551821728,0.5224221449391342,0.9147885242120527,0.18458061096921452,0.7219773074449186,0.5969714373664057,0.4505766586892085,0.8707819757108314,0.5309170865813351,0.21939007775962605,3
0.7139497051283821,0.2564333382168854,0.9431111090229364,0.37155189019755314,0.7096603300091724,0.37606018410107717,0.34032961077564705,0.023771971503534373,0.5295092114400936,0.7650923982401064,3
0.20428258823654655,1.077518167349107,0.783591063687176,0.5360930792254716,0.869739584321049,0.19359900773845412,0.9433510855582776,0.48779034791482495,0.6259567425583004,0.5965513328523381,1
0.012291245986079042,0.6122672632464953,0.8149972347169807,0.22537530961151633,0.7299671422375401,0.6783368613476731,0.5303522263934286,0.08017662234646546,0.7770172621180093,0.01697678656254296,0
0.5849572792641057,0.25647211042844187,1.1614195179014095,0.14660708528631705,0.6466290346295425,0.7352009983619311,1.0270775214115468,0.3055348882891702,-0.25832688605507104,0.7743947720261449,2
0.09201483816342192,0.46000995809475975,0.08159720676752028,0.2401621373977793,0.8345137566209754,0.26842117015866856,0.5022225861756592,0.449927265626285,0.3165868380608111,0.49613316389919554,0
1.1744298090455096,0.5319799602534132,0.4241150497372656,0.715436738743152,0.35903282569292694,0.7466916601654148,-0.3859567366016987,0.5679833892036297,0.14839625429643716,0.2614047878429211,0
0.8398532786915534,0.7772168397017739,0.8926400352935998,0.7113420320194045,0.46999758826052873,0.6377582137326611,0.261795693942388,0.22676657294786967,0.3201584974168801,0.19053789838832622,3
-0.02056057124837629,0.6940442942656162,0.7701841245562479,0.7436316904665743,0.382221802680301,-0.019326677004930543,0.9847931634116773,0.8718498894172949,0.5276544249659465,0.5298256260328088,2
0.6505957365377754,0.4947035799139162,0.59393101066745,0.6904710424150471,0.04948335464662947,0.5136266790265199,0.7429018268100978,0.5473695607252318,0.5500265240416585,0.07633553026159998,0
0.8673014092375839,0.2615861384065504,0.7386785294005637,0.05674294708586579,0.9252336860247741,-0.03733376375526117,0.8109227801016943,0.6565084853547444,0.1971581986715899,0.7345470621776421,2
0.012797874641933625,0.614466671577641,0.8138397382358883,0.22758286643119743,0.7295614487382392,0.678785202500522,0.5321319178050931,0.08167892295520508,0.7790159608162629,0.01807918598671819,0
0.9120174050485855,0.840712066497156,-0.009062230284548917,0.9332687940990059,0.5096081432880678,0.15072530689683294,0.6813972318759418,0.2588383534012591,0.3032654010661514,0.39008908693057737,2
0.783871527847349,0.18860519957745997,0.29219401645573,0.23208641040881878,0.7763676307753888,0.9143402787344953,0.7154115796875697,0.5396237095529862,0.7919482649443487,0.12537532692136702,2
0.07528623554936355,0.6850193619662626,0.15612857241587194,0.29482943596265765,0.8543628654754026,0.31401509330784116,0.4290963833602006,0.33036441713275805,0.21444446489794122,0.31596121148290934,0
0.08328891886245862,0.9780551136161543,0.548009540596339,-0.006511501432806266,0.3202971651923612,0.6670012366852635,0.5044011811718428,0.28977193278066604,0.5848588854702491,0.3259472890748907,3
0.011942639849729804,0.6136051377677442,0.8137049228550366,0.22665743688576545,0.7307131114121467,0.6780898491022705,0.5310913856764167,0.08179222384198954,0.7782216360116495,0.019427921821220218,0
0.9026926684225515,0.7854435732967231,0.01468746479974066,0.7724209663782314,0.6536969032294419,0.26557446636110826,0.906333996168994,0.04354068836960055,0.3491690621880157,0.1883319528074667,2
0.11105302025927842,0.3000936867961866,0.35918885716646326,0.961472933089194,0.48233779836082313,0.8243929136068288,0.4797298826482814,0.738680964587088,0.6182438275417872,0.6675227246210987,0
0.5198313011040123,0.8330774456399599,0.8986170513539801,0.46888811221432247,0.7574718345617156,0.8089250064228434,0.5371995665384278,0.373098601410855,0.7303773616448864,0.4817422739102463,2
0.7923130730743159,0.5620088431645897,0.7781170743084671,0.3593046090928866,0.6259045896905447,0.9312724774544653,0.3079662057392144,0.13596870477299888,0.1857238894657476,0.8377144263450504,2
1.0315997007086326,0.48563269854696806,0.7468768538964863,0.3955125045355166,0.08927621197829433,0.9082742680419943,0.39037942624816646,-0.005539836253060586,0.696186125484207,1.0441258855878746,1
0.8704361154389144,0.35976147138563913,0.7493837062933224,-0.008205685918283787,0.8459705964146079,0.00489539351721986,0.8281775396510939,0.6815116451485568,0.23156320931918398,0.7309957441244241,2
-0.04888026819043066,0.5161009571684038,-0.10104040715410367,0.19842033523852592,1.0474386510064422,0.34929600140339084,0.18737529589224974,0.24824330510553577,0.05232256378917713,0.19354501354756887,0
0.4273406116210424,0.8046419212921364,0.03822821297740039,0.2962300677266962,0.6393539128514445,0.18406683035294652,0.8706137525616074,0.35089006621239,0.6725290448916162,0.6075503914960709,3
0.08159475737556904,0.06315859969922946,0.7446605695290912,0.3236269169218077,0.01391026809399738,0.3841291425819398,0.6147321857549716,0.4545674038758959,0.5728311163650116,0.25792192528915936,0
0.3952264638020268,0.7834164840967541,0.08483530626968341,0.2835227814298269,0.6301287735014904,0.17520357802130707,0.864191434848005,0.36048213456125144,0.6814228258898952,0.6009206066393092,3
0.5627253409108767,-0.6440520588400755,0.15025391263143667,1.3447701584958955,-0.08109648200126651,1.134874939346431,1.8720730512298394,1.704049054557797,0.9652598277112536,1.098754574169684,2
1.0631678820641095,0.25768143414753153,0.8381438261944325,0.20404173722127683,0.5292329186283853,0.30949335185179017,0.49196051426510035,0.45372191352082536,0.48281629519898694,0.3338284001125339,1
0.4120177873924641,0.45786531212000126,0.9991043812359863,0.3239100593020179,0.8741061114121443,0.6272520672477198,0.4599069277137554,0.6149122489222225,0.11214525754737079,0.21361302989163058,1
-0.0070172451565919045,-0.07512593756071054,0.6272315347141045,0.05757720046076206,0.8586960830926669,0.4597569081161318,-0.07193789765691211,0.7750602423515005,0.7414159641561959,0.5546642746337295,3
0.8061862682117906,0.818313099479229,0.19811473696612933,0.8998543734658058,0.4398797463234941,0.4040125017510295,0.7748891782978502,0.13484450498857303,0.27025513360759,0.2969265000898254,2
0.1772199346084552,0.47242039339495107,0.8236090134201406,0.4945753946296139,0.23691014899581977,0.1451884227438638,0.8767608225301455,0.7634181474201078,0.5270161810514845,0.8685357921371598,2
0.1653329359508353,0.276463125422972,0.3182181177368647,1.1383358073885936,0.49911035734735604,0.6671388571377894,0.45563519191642576,0.7885132734971422,0.5259872377222476,0.5516043606638306,0
0.3842113651405011,0.7966015474628008,0.04893319785629584,0.26384318244194227,0.7026630727144032,0.2281399544370592,0.8812370126025686,0.37911058617193755,0.6740091873916815,0.6247546459261983,3
0.06833427534628057,0.16348513750604515,0.5222797653187697,0.4827485361407116,0.8934845574825767,0.35345733749887603,0.5284216723458709,0.7555017438632519,0.3956469691886886,0.13707237209785442,3
0.40670750060432614,0.8483187209958031,0.7739475559302263,0.9209162909182838,0.11344450514494347,1.2052803105984664,0.3268872819344663,0.45819556796752214,0.792207949637166,-0.041438149705366994,3
0.9647269242725225,0.00424427358119615,0.2714566364089977,0.44580340734159213,0.23625392542765541,0.10347700036437608,0.12202753289267403,0.06808747978889272,0.290795613860267,0.7520546863338646,3
0.5355742614923661,0.8194532327204651,0.8344010616815509,0.46789890569735937,0.7855266125230681,0.7737266770699973,0.4907975561247899,0.31991019773048524,0.7258263591537994,0.5121549647779805,2
0.8763891479805754,0.3116730230072679,0.7217658727131594,0.029600816473398767,0.8850015254225823,0.02238383742992982,0.8800530027022456,0.6615449904790214,0.22598890440183808,0.7647345338711823,2
0.5667742381572602,0.5470469600466962,0.7523691047100358,1.016272764687478,0.04911195021548951,0.10632628698556389,0.03265008614515062,0.9707067806940293,0.10626745722414535,0.46854574334974275,1
0.4874840775216681,0.7623777270934815,0.8053465883827868,0.5081796091488602,0.7600471677028389,0.8847470219930034,0.5501015672508006,0.3760216865085092,0.6863504187189288,0.4975954798204007,2
0.1029631075112924,0.8521487697327255,0.43649979519868143,0.7394046158350174,0.6609920048108997,0.16050627074420323,-0.016059446951305657,0.658092737030565,0.06481512131488584,1.1033020907899105,1
0.8149649481994699,0.5594128540023606,0.7636860796715642,0.37635232594393153,0.637839660686725,0.9561777942701272,0.29080492758144527,0.14894209037771697,0.2215685241785918,0.8740924513069313,2
0.6946032690133088,0.2522556727052913,0.9367808704703514,0.40167337626689265,0.7092141668477683,0.36443698229684734,0.31929700136052847,0.030370562527480566,0.561725199755544,0.7934708052238054,3
0.6247372525361244,0.6820229789714317,0.38235813526566675,0.8247493190901372,0.1788363366797374,0.11565344014159756,0.4651983218226429,0.28188027927287335,0.2890058457437169,0.7694940939484495,1
-0.06607297896024603,0.6646168905380975,0.7885088678358274,0.9935283027226937,-0.0008914661725286654,1.0854357275132784,0.17291608455556984,0.5816942425043723,0.5575172917945161,0.6306796858481064,0
0.2352102555770129,0.7582280426323312,0.22739466344183773,0.751182316473072,0.5734030034056882,0.25426315543970257,0.211728612664288,0.5171708891703201,0.15105483310272327,0.752872317741248,1
-0.0265197513050405,0.8168255987769595,0.947722763096845,0.0451753356517237,0.7310643201504234,0.13331479581656291,0.5066541998849928,0.7892670689911447,0.2794018314157466,0.2749276152992205,1
0.9218213825293837,0.9768927646251107,0.056067909252327505,0.7632540684153242,0.595885963669927,0.3133072496947632,0.8422072116735609,0.016764565099072756,0.2671617620562839,0.3399912456719496,2
0.38956172522112537,0.22646223903933874,0.10638042560062091,0.6050403652891905,0.5738166485429996,0.3083875509523768,0.8240507734227984,0.36445973476874355,-0.034112227585738605,0.5668792636635073,0
0.957857360831545,0.0014004260377637745,0.6488292257028025,0.9605477555916276,0.6057346230992248,1.01099364437563,0.38624453494745997,0.8231262464785825,0.47486659721154023,0.13298855005406665,2
0.7452058047770362,0.8349670917373702,0.8562195160877987,0.6975652473774496,0.8548147545306162,0.1842171094613359,0.3562691458948229,0.7865736569398012,0.3954714286350949,0.6542815942089436,2
0.9631266667084056,1.0055922339661747,0.6598202686950774,-0.009948181575212881,0.08567574256054751,0.2100297154865613,0.05644554373987343,0.7265770764439285,1.00019539752604,0.6849291072031165,3
0.33074764385482164,0.307526539933673,0.07075392907412995,0.6421286180679541,1.0593081516136293,-0.050031377536411265,-0.2075233874101181,0.2641634001993505,1.0678771782807193,0.2413135748996221,3
0.6662315880118715,0.49228171294104994,0.5935520037371632,0.6833560864586897,0.05851049801184722,0.5137007215513102,0.7441208735117087,0.5304523255936108,0.548882747850386,0.08574979242881733,0
0.3821854275337726,0.9242270458735286,0.04250656895375158,0.13830588585924655,0.7120632168642697,-0.06446285184204084,0.8824713804855825,0.17166067674498683,0.5884383767601977,0.40107795466675733,3
0.9719670375188432,0.9998681327897447,0.6453272828025824,0.005103989191043136,0.09679206743054859,0.21327518675774318,0.02797672684779891,0.7555410382370176,0.9817836804692318,0.693710255023801,3
0.41639299191527823,0.3555806323923814,0.05593778658929338,1.6029621784833759,0.7981884394192613,0.4219399818285387,1.645542975985234,0.5247069678017404,0.627280254461035,-0.08125647987438722,2
0.5298337276433966,0.2787541720891071,0.6273419832885568,0.5607656114231097,0.41490702596760576,0.768390457645667,0.7068110608199644,0.6415264961533009,0.44980425139895286,0.7759596588317337,2
0.5537584161492475,-0.0017956594815652371,0.2654581742990344,1.2393187276648652,0.829672034532828,0.4604122927720068,0.6213523195072979,0.9794688993861597,0.44502150554780984,0.7409664566785626,2
0.5045880340376583,1.174426866567972,0.26108671288907226,0.42984678190556896,0.49805773773616996,-0.00951051196696237,1.020892607378803,0.5942508992942083,0.7445583680268402,0.3496806620215025,3
0.3929870060895394,0.8208902609980053,0.10211739477004192,0.2616246402270864,0.7175911606678316,0.10852135636757795,0.9446052190849834,0.4300704963878119,0.6681858881808146,0.5847849923354128,3
0.7004049314292864,0.03160159802993793,0.09609380793362407,0.6740349119753695,-0.025754614263131193,0.1486608677322372,-0.14953538547692447,0.1130024969919619,0.0875536839782394,0.7928170691442398,3
0.6165174633270503,0.8845733720976304,1.4863506899364998,0.3643534637756446,0.1247701565482182,-0.14359955550824371,0.12479729282287488,1.1236357266602433,0.07968484956123612,0.27781552469604454,2
0.6265209804368824,0.5235724405075558,0.6366335033370597,0.7130857868324708,0.011380329350655013,0.5268381627737918,0.7201308277707711,0.5024237294959434,0.5829040234152003,0.12570064799906516,0
0.7270049762807057,1.3123780492069665,0.7733605775514087,1.058157867166714,1.2745704963754636,0.5625035670521663,0.8577581531069256,-0.3464861741004438,0.45098878379723173,-0.19480231790825603,2
0.6170346583161237,0.01994707882632988,0.617809345950346,0.18116333517387245,0.8030862056038807,0.2603615953557781,0.5005320727129086,0.23149877791691242,0.648480643243563,0.2519102518770786,2
0.9644298940544084,0.000765861529513634,0.8162997508110986,0.4124132714504837,0.2830175047076474,0.3081383770704401,0.3517442953795488,0.42851418417228493,0.455619378246549,0.3013177809214294,1
0.6575344561077716,0.648250442492807,-0.20295323831916623,1.193500858681457,-0.4420800148794196,0.5704986662688394,0.12109918241815498,0.47884050267093786,0.546061657383801,0.3645453388009313,3
-0.6082982387925099,0.6130715969399354,0.11519116331932044,1.2649968492335277,-0.06331181706640232,0.6602960358036425,0.27300167205593207,0.6632321542462627,1.0133565251904288,0.05787169506457934,0
0.4780009324567783,0.405596367126136,0.7656993092979288,-0.035573342399882885,0.7742730233529941,0.6295924681243467,0.45441157468541027,0.6485999131196676,-0.13160231098453642,0.45078683531118263,1
0.942413241014895,0.13202098126014147,0.20130647934182916,0.5594048472351754,0.12457466077487002,0.042468924056053375,-0.04626039861814937,0.016546695169775482,0.27736370043354047,0.7811509925167879,3
0.3229481425814082,0.8792433101234808,0.6559879582386171,0.281842640784108,0.13549616578502519,0.8263557688659646,0.5655647529191457,0.4541664575058232,0.36580033937191087,0.41048064422779174,3
0.4416169962680956,0.20040036616406845,0.42152092623741244,-0.03185887881777913,0.814166845355135,0.21824219456947927,0.7371692782055753,0.3058836318575155,0.48094442547422983,0.42841983660272454,2
0.4191049162187808,0.817342559773495,0.055111308935775594,0.2996984422779542,0.6562328758352383,0.16944766044065215,0.8832471345980742,0.3504564884107288,0.672117282550675,0.6187150065911489,3
1.2248716741163563,0.6732311867705505,0.5718970991628095,0.5112982321105972,0.3421271383567893,0.9075649783879022,0.23393448391250826,-0.21695685578619275,0.573416148563337,0.8599778826278033,1
0.9205792117725028,0.35778428342284996,0.2073441117818906,0.5334989227822887,0.3766638894910984,0.7364576908918626,0.5064909563094778,0.775521146392832,0.8055813128696019,0.007261036761827877,3
0.5263832282775615,0.8032338873027098,0.851603272982604,0.4995010592382394,0.8104426589375359,0.8478066608383211,0.5439585892297122,0.4164175870234712,0.731633111867803,0.4221609326068001,2
0.45559576450787115,0.7773119263141965,-0.08335983656851029,0.30121157958259964,0.5936846230760521,0.08275584266141359,0.9238997034442088,0.4043763306007757,0.7553085885358105,0.6072993599281119,3
0.6653037500277947,0.5141658771302796,0.6771291031727791,0.6023527836425913,0.9962835066660525,0.1560834200353563,0.9898528440544334,0.3233718320030433,0.3052224887861351,0.3380560499922325,1
-0.04055866980466717,1.45878173516975,-0.4649101195445817,0.6059326263171219,0.4312098410417002,0.5242408920517088,0.847383692299082,0.48479639226278687,0.9001961357982496,0.7591271095454183,1
0.6147377828566992,0.7494080041997003,0.35026133351534144,0.804309509599237,-0.06129350338805439,0.1568994224582546,0.5920178898180847,0.4420921738503018,0.7517423640570998,0.16645726239192604,3
0.4413525893836783,0.8017857301203591,0.04969944218815068,0.28909315382818795,0.6450882564412407,0.17622546769035935,0.8703892363147604,0.3223015933186585,0.6925027613422384,0.6421236840807751,3
0.6474913290867718,0.16680892729871394,0.5945880183586246,0.19942495484404418,0.7058002770851516,0.3241989091179974,0.49218471492634575,0.15757675265514087,0.6557317490304423,0.3537209966726137,2
0.5672947171480278,0.8982047444908711,0.7913329894271682,0.49167222358268,0.3021069252997538,0.793238293366879,0.09636623054023555,0.31411448508201967,0.6293983137597178,0.18354154435488607,3
0.8756129083612423,0.3122484538176346,0.7090315213840221,0.03742812181469429,0.8908008604989677,0.016996443350076027,0.8777232647551897,0.6540272381528976,0.22610947346655988,0.7581986271502393,2
1.0267237339605617,0.8009666021719413,0.9010350319584348,0.7268311802839784,0.11378649803548846,0.4366134810242684,0.17764042617117415,0.7739951484322394,0.08550843447638362,0.5393717193327511,0
0.009298486389543132,0.6099198870727024,0.8118165083833231,0.22091691752574708,0.7250977820514483,0.685335394533442,0.536835741331132,0.08312268302953288,0.782370299016156,0.01887613690426267,0
0.5941462993048003,-0.35357439661967205,0.3078160227573022,0.279256545992582,-0.27036923115644446,-0.06842156346738976,1.060966475637827,0.9518877970532724,0.7509103835350379,0.802247063688996,0
0.7800828790490388,-0.026101591533466667,0.8662491701266075,0.20320554232405383,0.3565795710231154,0.49932386391644007,0.5131369951459412,0.41097277657239456,0.4811533444477519,0.402507218957697,1
0.986266703402296,0.8603958318996119,0.1385882130370888,0.7948563630607354,0.5666248018453937,0.32896488706039756,0.9448716475024148,0.05508816158037435,0.3780603557470364,0.29092971201173407,2
0.8993363656894894,0.3347471374979269,0.7064274882221017,0.004105279988068221,0.9113142201081227,-0.006321800190757489,0.8915167034708746,0.6843419227646746,0.19276937008098488,0.7935768038487561,2
0.48698210967549316,0.9763372704518661,0.7265729464311106,0.06650859894418054,-0.2674329685009464,0.9192201873752952,0.9383433193378727,-0.262122517926743,0.6188544211910005,0.6647164440785174,1
1.1660556528918027,0.421420329198517,0.6386400253518931,0.5769877878626299,0.39166547990137734,0.7213533934211068,0.6380029642286357,-0.07184799348440266,0.38606078782681846,0.7565539559301223,1
0.7009793179614996,0.8553302960114518,0.658384097876357,-0.4186204798950769,1.1179556114956772,-0.4095861780967227,-0.273624910569949,0.17050695573503033,0.668647144780204,1.1607681355254427,1
0.6750086300117492,0.49347753330908156,0.6017245541904097,0.6828871532874238,0.04519415278925952,0.5011867010197455,0.7513065439105547,0.5307917369079811,0.5367011800240067,0.0754103671099272,0
0.2877595405418315,0.28426564805684823,0.2830461395754048,-0.09044306210913175,0.5432609049526564,0.6395800907591612,0.10673406745762012,0.4988608970276268,0.2924169320013781,0.289167889665921,2
0.9564679160833716,0.9199302681146826,0.13032018509490226,0.7510323146955966,0.5554908555718145,0.33023427021529317,0.9055449002798822,0.06548927150756961,0.27388007214028554,0.3455550999947347,2
-0.05050621863054583,0.7744371569682018,0.14150086391794636,0.2356010512409482,0.946041139901359,0.3098328429412782,0.4002032425204049,0.46674685902191015,0.14901068203347798,0.28432224676946194,0
0.829041842047683,0.6794333118764272,0.4354611854169123,0.7191477707414697,0.16510001487355194,0.01601072229644593,0.48467463543382694,0.22215499939918207,0.38956269026825036,0.7074633400586763,1
0.5064837417342135,1.264086577350763,0.7555429274673905,0.9867811393470782,-0.5495593137487919,-0.15705066299773354,0.32550605442052755,0.575062112459888,0.49185370447936544,0.1516478174151612,1
0.8904234257467992,0.026041113333606616,0.2824854235074164,0.278941282072308,-0.08781527669046768,-0.0022378245846798595,0.35076156511198947,0.07871777483395712,0.06589518238052988,0.5421038174560457,3
0.7193153551182395,1.0354183203550675,0.7437931831210286,0.5560677026061756,0.25821039681080393,0.7748341234167693,0.2445804188631633,0.16548962322146796,0.510302163619984,0.12366457056453342,3
0.8034044774231628,0.5876473382933998,0.7797673014278536,0.37513289301329017,0.6377458971547804,0.933006171079497,0.2900291235249179,0.1579914018441868,0.1934422042255723,0.8561599290086666,2
0.8296949055785068,0.22729581639986085,0.40608381108108477,-0.0044250992203021255,-0.14628931372414417,-0.11486625711925375,0.06820123064150274,0.2564230156702948,0.8254949893930814,-0.10320464870618978,0
0.43760004749349496,0.6479144173991117,1.1709724782163722,0.9833487919543205,0.15441541583597423,-0.12384075516765802,0.9786641918485401,0.5258570291224633,0.28061193033044424,0.4797156280905419,2
0.014929450283496746,0.6143678444946872,0.8166123658428787,0.2273681684081432,0.7296194727935473,0.6768433696429145,0.5335239593211846,0.08078172589055678,0.7791992746607018,0.01681236097834091,0
0.3455133071558459,-0.07956601758255585,0.39322920476579565,0.4018925692870496,0.6081672225999428,0.7370222182344424,1.2121987566362382,0.9666928207699365,0.8062887885288365,0.1284229768749776,2
0.43856846859660864,0.7294725084146285,0.5703106327953196,-0.1337486764374866,1.2852443452365474,0.5214223867671305,0.6654217796954018,1.0728473298522225,0.9082774403863813,-0.09325980387130894,3
0.7896992989393853,-0.2758505799912239,0.7515240074488598,-0.1722854825133594,-0.03220861457484242,0.35652205251051505,0.0979772958624111,0.7305279460955947,0.5404796296105355,0.3696011939952383,1
0.6268367751605926,0.20833725069499917,0.6731300124764258,0.36464298588238037,0.2112182723150834,0.7643978460246281,0.2300745919276891,0.418219428415588,0.15607686941052282,0.8838595166869326,3
0.9707722762748429,0.1299190211056023,0.9087597017455451,0.31117878286927986,0.40092313543080793,0.3905181589849543,0.44994523353394855,0.5954446971730677,0.42654735101580793,0.3503851997827555,1
0.012581794937723793,0.6134675059847838,0.8149657748807299,0.22768069731442125,0.7300006095290996,0.6780531682311398,0.5318059416994845,0.08160204525649123,0.778007063248674,0.018617819151724464,0
0.48509919377551086,0.18778494503643367,1.0770194823289574,0.35377684892480404,0.6417158438392535,0.37017444585064874,0.2961797258723845,0.44766027444589773,0.82378047054872,0.6338329956104845,3
0.052009847191683604,0.16864085345966995,0.5311340095723445,0.4980203229361249,0.8693196511488109,0.32605264792319993,0.5021698156014245,0.7514217800340561,0.40903399597665246,0.1738172566054922,3
0.7843812967167085,0.1747124473284748,0.2984481929607845,0.28445917657783487,0.8035186046023922,0.9170342529010292,0.7441333679265016,0.5344579291492938,0.7802851572127272,0.10697779600503703,2
0.013817145924161766,0.6139367354914227,0.8160921083281389,0.230506752246487,0.731926139247318,0.6789253147920534,0.5290354107070583,0.08219116905356767,0.7810249522659841,0.015509707777957533,0
0.3704712442109669,0.6802589472333218,0.5653280948491067,0.5167276047596442,-0.03637158316753139,0.40480903994068607,0.408162793716092,0.7756928256640894,0.060146026910803015,0.1191425180450206,2
0.8459473468921689,0.3057786442298865,0.7042834034096799,0.06165620677558393,0.9574752399441663,0.016559783181060213,0.8660680205702347,0.7173812322056918,0.2435768538535989,0.7275932355258202,2
0.5424714493439105,0.3657893588176222,0.6346971503395968,0.9267284093357617,0.9609686715064655,-0.0745454751965024,1.1839880150231457,0.12371835460373298,0.3768402451881781,0.5347795650672089,1
0.8425446704501076,0.8408284325571765,0.7880146091653789,0.7657265806691976,0.9429172211865542,0.23235580712312512,0.35721212570693905,0.8170117292718556,0.33932017259140573,0.6502982441747671,2
0.32362077379128806,0.5280028167860171,0.3693187902680743,0.31361373587404845,0.026702974680389763,0.49778196807079705,0.15749756928269906,0.9970982538187106,0.08574289678293107,0.3612515275684407,2
0.669065076372151,0.4805348419369836,0.5685295626708482,0.6729414237059972,0.0712062456490247,0.5393894191169714,0.7460991038066499,0.5641514862265128,0.5761383891313699,0.1036438844490785,0
0.6665129943926991,1.0343115844591768,0.4161150519706027,0.547758893154664,-0.07541579085173894,1.222860022554662,0.355730423498549,0.3603872205806832,0.38834759329833934,0.7497591228855409,3
0.8004647009842906,0.6089426804485004,0.760744449858847,0.34680945137461866,0.6751429471647558,0.9450373293796761,0.26529429001416094,0.20628347939772432,0.22674238077795353,0.8856273245081854,2
0.5027721195585287,0.16394725866138038,0.25111106305977426,-0.03327088628091311,0.08945860788184022,0.11342352295796129,0.4943900805747611,-0.011479358689800866,0.5462145459672144,0.4395211768322677,0
0.4389149974570316,0.43519596663302884,0.5096914775938068,0.12349845966244978,0.049614194928751396,0.3054916628810929,0.6902318187535783,0.0882784421368384,0.8239562555469394,0.32697688395090807,0
-0.1818755650917696,-0.13029251163895358,0.25738812355542207,1.8932202041279211,1.0297990231363003,-0.9002607090446157,0.23005451889259773,0.3876663352182065,-0.3315603364413273,0.1403551217678526,3
0.6621597242144907,0.4967285754782194,0.5984688183699398,0.6814536617685862,0.0569753723949811,0.5122522247956177,0.7481709011682343,0.5334092084403673,0.5508319580861911,0.08069641743593835,0
1.8125426154168012,0.5420613648974705,-0.14207852895960182,1.402425954829833,0.7330699417205854,1.0449581448508036,0.08339705779916917,1.2998208479067952,0.8224541024288619,0.6601465608829707,2
1.031219506803735,1.0874678171830945,0.2788457660174303,0.6791665912634123,0.6978635714581155,0.26708985982218714,0.7485277972673972,-0.1294802427567396,0.10992102614370083,0.28832772890833136,2
1.8590043462025685,-0.8281441849036923,1.0980626660151418,1.1377975017493005,-0.858512407202649,0.7087554400709922,-0.8651687007812406,0.9051430281071348,0.4712360513429354,0.1878264752286929,2
0.5216115177539646,0.19391332163625902,0.22589286832709854,0.20627657633620494,0.6095734089511864,0.4334687200471171,0.808850785758914,0.8149500340958923,1.0210189668251917,0.2507142531171064,2
0.5074743193153294,0.549861444887953,0.20439977076086951,0.7042097272684518,0.08908352928730073,0.3190323125876983,0.8068164774631388,0.39877041163645177,0.7187116241960101,0.2387354096345402,3
0.6581689493241456,0.5042283068899953,0.6065587026937338,0.6760821106981778,0.048907812341941,0.513933103806151,0.752516480325528,0.5391015751291953,0.5481578118419875,0.08252395308744859,0
0.9623650425700564,0.9912130309073859,0.6258325211415725,0.0019808263756224877,0.10481783447287096,0.20405806505988322,0.02457193874501909,0.7671229849584713,0.9626946439401881,0.711294483111981,3
0.5128704079462041,0.6410515551569527,0.21892464502916953,0.37603431701820406,0.7022793711648427,-0.14314300619193376,0.7631370717564808,0.5214289675834733,0.7679206999258493,0.6110487432874223,3
0.5049590003310704,0.666823165602255,0.12632106537683535,0.6032288191890862,0.18639776819165674,0.43417026258867086,0.8353610477697334,0.45826864837321807,0.7264203409940388,0.24488168074491817,3
0.6203676550067807,0.7836583619376359,0.9819516900254441,0.7160060575967625,0.41956798193607375,0.2564356198276285,0.20222039298916253,0.9237529192440694,0.7574306261578133,0.7832411611187781,0
0.18444355770010995,0.9247673390781386,0.9916052105980544,1.1390275280360587,-0.34066802078703057,0.49255632021883317,0.2679084775393596,0.7850139120411999,-0.03529811711760972,0.7475797504520625,1
0.8256968733954209,0.4993654955644734,0.13043766599253764,0.07137136326914849,0.28550797393369026,0.4528054766428948,0.4844625253025071,0.23278430119261914,0.7255571229206474,0.35898970283362597,0
0.03626771148140272,0.32247510227083503,0.49580432798420276,0.8311834315813467,0.2503258013986767,0.6458871980809947,0.5638971986296915,0.4578996537857079,0.34015775793718006,0.8343982949488268,2
0.6645395169041781,0.49504542154393283,0.5955558295438095,0.6803691543572191,0.054864118814258844,0.5150523255952247,0.7472972895233898,0.5341900348465966,0.5535576818067456,0.07984843056872014,0
0.5404475447618423,0.16659839189176456,1.0935771381894677,0.09764929840797595,-0.1189278116544149,0.03442359863008865,0.0978521709448395,0.4116916119764689,0.3981273068909132,0.9594854116964375,1
0.7160415894648938,0.2618433837103643,0.9300034468505941,0.38340340572374965,0.6921266974966044,0.374355034319643,0.3331909175763799,0.0307552136265904,0.5339810415148045,0.7907600543712545,3
0.5623073964941397,0.8246158438140238,0.9598294777873841,0.6810121564261385,0.41114014368234997,0.18402102104360077,0.14077715357624662,0.983081023212744,0.8504938955090591,0.7928938180981152,0
0.4574196919995297,0.7177782165659059,0.674613874075352,0.4380035916130451,0.0014600570277080172,0.6790206803970456,0.6821299625310335,0.430475987505228,0.44012989733151514,0.4135114269509547,3
0.2826233813521498,0.35857212933354565,0.9087423595695763,0.6099665123265672,-0.0901817050238983,0.1256899511211688,0.8153251037202376,0.7000361956595044,0.42469236125750165,0.7880286835717708,2
1.0765154696957067,0.019472890468805543,0.2207603875920327,0.585695948723846,0.4615450771596292,0.9327748093770544,0.12990020403543537,1.2191669998350112,0.6108288100622512,0.45083993471471484,2
0.6144143637018644,0.5507343824939207,0.3975264960387593,0.5366160022821593,0.18178707281567436,0.1435174976799099,0.34671423324817996,0.3708625200420427,0.38795163818797457,0.5900508189079009,1
0.5700018147563143,0.4358309854705581,0.07515107563799314,0.8926428745559903,-0.061859233027793836,0.38572351886335393,0.8535083833714628,0.39517330022222324,0.7308329596362073,0.11950233612244543,3
0.3175858578901427,0.42286459979003044,0.44711579590903183,0.9270849235383459,0.29059408304765344,0.29099314068506005,0.8486938352433651,0.5583541362876072,0.9284450147471786,0.27084051670295384,3
0.6194082100262979,0.610770272683189,0.3581319773667824,0.8068262974992888,0.12697754727685556,0.4512045208826107,0.6770580320119078,0.2535785347959568,0.7504321977375378,0.3454380026947251,3
1.2211447975546441,0.22704299701463743,0.6331436838742925,0.2513077264195922,0.29435036512202506,0.8485114241313537,0.2513088319123583,0.06498991314212518,0.6101970760950449,1.1582890043299792,1
0.0877726583499508,0.0914260073652196,0.5057157519645916,0.5043883764628598,0.33518942246917593,0.5004787969065182,1.0017408844595401,0.8483009483042332,0.7122505037723349,0.40477295859588797,2
0.5800833561086087,0.8483212201770627,1.0194969805060234,0.6721548400457906,0.3960595109273977,0.3147675034889159,0.269104407881108,0.9937508882345119,0.8437740754112162,0.7362939775866569,0
0.1578740932338819,-0.3228569360521839,1.0091958268488175,0.9556589046360187,0.13841739992395363,1.2420827068738816,0.7148987184299888,1.3209699501427994,1.1150300898085421,0.6082913511271706,2
0.6586787680147599,0.885626918799479,0.8832841274252378,0.7856753823295377,0.4699039352631012,0.30265895687372363,0.13479522951135378,0.9337550803262696,0.8314657381685461,0.7011715819444865,0
1.1151077220997458,0.4024621399377769,0.7715151588923352,0.4066269897881314,-0.03449536174314782,1.0505283613299858,0.4003504711037238,0.05947793451208389,0.6556523184887748,1.177661483548258,1
0.4995901189105346,0.22184946275700437,0.7024425482109277,0.2924072353133036,0.787143778979961,0.2931182014454435,0.5109926571492556,0.249525423264146,0.5881915975169121,0.1813934182090201,2
1.0062268150020937,0.8566694861661387,0.8891236579455397,0.556476248912828,0.039153605426724754,0.4595830252748107,0.03076441399069793,0.683302521515749,-0.05851884231705229,0.5064539730985199,0
0.6037360800046682,0.4637574354081957,0.5896763448368542,0.6386146395962138,0.20022041133717208,0.30925553068932654,-0.06937481863876216,0.07316365286602267,1.0905617036890403,0.9520530115041553,1
-0.40179993186748786,0.29969851090795685,0.333536351583848,0.20231491888978903,1.2754877577450814,0.7953047351481981,-0.022204615946228634,0.5491543043783972,0.5260468241702929,-0.04598951127990325,0
0.9731273533469087,0.10367787893027136,0.5580044708849686,0.8281736299354552,0.6478929295077195,0.8540315976396323,0.18553003404233978,0.9523742668225512,0.6656826339097419,0.27855081617192057,2
0.5433889536656014,0.27606466436477106,0.4056322723970838,0.04587766355980113,0.16920617765876741,0.18478329543862596,0.5588171790862866,0.019102925564744903,0.6584316653560275,0.361099115319104,0
0.07736374098465765,0.4608824152171456,0.38632739586954873,0.5416134639937502,0.6037750413537786,0.24745920155025172,0.4379122068876015,0.22831589100816707,-0.12555842165934766,0.9234611145183125,0
0.01846268050623979,0.8706798357040854,0.3071198518962199,0.8634022914327624,0.7559372810046274,0.03811213907103528,0.0029342433763132406,0.7541237571997341,0.19057887634915252,0.9342458639184396,1
0.07806298645322154,0.3717882191964142,0.3459627105888687,0.9807020934726103,0.4679413754936454,0.7860230318607325,0.482015478004927,0.7209723452867081,0.5565657337574287,0.6290789576453364,0
0.49862739057682387,0.3764923359475183,0.7251958417254872,-0.2995496005528356,0.7547709196754182,0.6224411459513912,0.5183102446942909,0.9704509842874761,0.3005865875089089,0.3343691626857496,1
0.09382615889947568,0.30366666948769067,0.43262337734863854,0.7676287177410182,0.26311766029241895,0.7132218219647651,0.5076527362055174,0.47671362488587293,0.29832779265747533,0.8882166851934181,2
1.256868747332123,0.919802715634765,0.4311386087909566,0.04750234049811136,0.1012789847849648,1.32409075350875,0.27452492007306584,-0.047228928716803356,0.5446968961502181,0.595633970723511,1
0.28269063006842354,0.30430116132577445,0.7777846325763965,0.6132770063426054,0.5897571055110056,0.32497734917346216,0.33651275217216525,0.6240054271749512,0.6243067686493022,0.4574583387194422,3
0.8268970737416895,0.6254940357842363,0.8186168593982551,0.3306112208652307,0.6698419120815918,0.9379479895482817,0.3173010154543576,0.13400416853474334,0.20809498474181085,0.884371015858158,2
0.5838752795844372,0.02822618048339795,0.6376877480318022,0.8490211101583214,0.7084198523369273,-0.028935939900227192,0.8025715470734986,0.06179136232637833,0.9577560879907571,0.1491610532196352,3
0.2912211366573154,0.16493063454261267,0.3238311275163416,0.7292778477420191,0.4032133468874687,0.7198744985075531,0.859615050944994,0.4581175727681598,0.10465958773357623,0.9618986077504027,2
0.4037933788070301,0.42904809048368603,0.9607251060730757,0.232306160558363,0.6414368894053519,0.21337417182381868,0.8748092399199837,0.39149886271736356,0.057861487737720436,0.4258365383598461,1
0.5973673915903281,0.559888715126924,0.2827723829074862,0.2755022968236598,0.8385138242054132,0.3249276189601169,0.3646961103869461,0.0573905516874516,0.21660532005191108,0.20262841058751155,2
0.06335610508987699,0.8932247623723074,0.5129314008781427,1.0323726546748038,0.16284300066691035,0.6938644539157379,0.5902641546370476,0.6440175309307028,0.9732751837674409,0.24770697197598188,3
0.9287680030982424,0.9568241340344004,0.23985613425803493,0.6531267575201833,0.6545751387701324,0.4427007652167684,0.9699403242958183,0.029310159092754882,0.35695889204511505,0.24314575343674213,2
-0.44771825753568417,0.9287863788036451,-0.39976174586249913,0.857290833372806,0.2119441654266856,0.5550901527660159,0.256756733755537,1.0392561180804347,0.2357264448974397,1.1339486707252897,1
0.16352798451140005,0.9913122348829174,-0.02118288485880282,1.1123480217074189,0.42551745718643597,-0.08322911888768295,0.2120143929971494,0.4029025795621917,0.5061440369191639,0.693832347438772,1
0.6024086226562009,0.14477187663391128,0.6818961816965833,0.2407091175850476,0.21340146496729273,1.0611446802502706,0.039772114346667525,0.39529457300566395,0.24706138720548979,0.8330288785053883,3
0.0556076837931547,0.37022751462902115,0.4941506369112117,0.010574652352331168,0.5928615890046787,0.07797269196426176,0.7457713245031483,0.7037410790234505,0.5611699261902481,0.23131845062055129,3
0.4902786378079873,0.18589239958585188,0.44643022491376516,0.32198802258924847,0.45846471781622916,0.16189769787694736,0.5528875049213176,0.4847486978681002,-0.25823724060751513,0.5734501514705344,0
-0.01390132712002247,0.5401006794281916,0.6168796463989978,0.9125590523680578,0.5426456152961163,1.0732899928925201,0.5029376540504841,0.9035854069775251,0.6986200241887848,0.5244958485466118,0
0.2885802465915655,0.1482008159876862,0.8966597010207259,0.37694890221448996,0.6406503020086757,0.28327196003791233,0.37834373198047294,0.2613339007557086,0.6471325622595541,0.3910038060599718,3
0.34199806202543914,0.7889789005113302,0.15683003619741182,0.2759811270499659,0.7564115090649175,0.03981248042970506,0.7975134581070631,0.42387139588916944,0.6993961195861267,0.7508608616188959,3
0.010683977623751888,0.6117062671234563,0.8135043794883179,0.2275763181452168,0.7284806870293637,0.6773897910734046,0.5319977288593624,0.08309365297673166,0.7770622081863225,0.018943858523955456,0
1.1423630041763855,0.4683369201579983,0.4700955121941768,0.7093476408309503,0.35401470076766783,0.9763568967119315,0.8705438347468974,1.0127425087777793,0.25646316061053015,0.3568041372340479,2
0.0120990876622486,0.6138899212698125,0.8145001210597572,0.2278760560711838,0.7306508654088889,0.6787354256041059,0.5307507399679692,0.08151326703778664,0.7786888556268157,0.01859226515754699,0
0.10147550107944632,0.668062871724172,0.8776569277664037,-0.036726120924297265,0.703858911542971,0.3784509941680072,0.7615631868666534,0.49728960689267326,0.2558689256367346,0.35913994240216784,1
0.8862205630856667,0.8912232403591844,0.10467610647137054,0.7877935190906517,0.5492660944899888,0.3446566241496399,0.9125853661835602,0.029888951581196574,0.29465622386210205,0.30801271318695966,2
0.726154925446018,0.2536947815508404,0.9235157865347078,0.3711865861536974,0.6824549069167699,0.3654456686618519,0.3394098407776819,0.04296072526414069,0.5465581467067235,0.7728391686025855,3
0.24509070177319126,0.41827502028648245,0.9394883473331174,0.7203718452087403,0.005988638618003855,0.17792465742701102,0.7706448531875327,0.615063195564863,0.36366934135749945,0.8042130656492271,2
0.38514582253893104,0.19315272495502595,0.8750941389848877,0.5030181272628268,0.5772318753369978,0.16648838362512836,0.32316375506821127,0.35708420779504074,0.891142589662253,0.41787317845428684,3
0.6299422895096144,0.5516533674003711,0.3031150855784838,0.27198663063683093,0.8402554103171123,0.3134287209598308,0.383215272392603,0.10274299155594929,0.25787109071553,0.1872434831666868,2
0.7696924686361052,0.14787181109861408,0.5811550762808899,0.8891969817604728,0.8832837007127736,0.7432556364714497,0.09744787461866553,0.7195657198725148,0.48646181492888335,0.4460971653485306,2
0.012829051652529679,0.6092727906417985,0.8125036180805711,0.22998472826344504,0.725727006164916,0.6805712843400995,0.5271345855191295,0.08000622968507598,0.7760217470333006,0.011980891988695822,0
0.48661532254174505,0.890403853463942,0.8871260248896047,0.47299772573164645,0.8014200929732425,0.8609522290423538,0.6103646777266177,0.3505097658873409,0.7214325318751212,0.4420944806147883,2
-0.27315166284693626,0.6183603760849465,0.33678605308901927,1.1421385995386488,0.19226294833121943,0.6362437173770281,0.4827913863241626,1.0761334990722988,0.2692028425605029,0.9176928810032804,0
0.13702799433699148,0.4544133437375809,0.6483681381510069,0.11336290887895834,0.8448167442518751,0.4642705849671819,0.6496413292264219,0.7627240827779924,0.3188520150731836,0.2664266352039408,1
0.05705906176662928,0.7244018924852023,0.9517677259554236,0.5545431043180975,0.7242465768110551,0.23724442865265216,0.7918907957287051,0.3440191514907035,0.5125712938855114,0.6077916134367494,1
0.6128982926190272,-0.03162815238230132,0.7134331720778625,0.21058287734760958,0.024680762142663126,0.9363270596190693,0.06329517617647029,0.6257332553821546,0.1350143838399307,0.9411737674457781,3
0.45802321207804075,0.4127055582785999,0.9260236983933432,0.24636992401473082,0.8319698769269301,0.6780748619932877,0.5823953529520921,0.8049084517430964,0.5349029316465825,0.30754719882439685,3
0.8604487827986672,1.1160000418144653,0.6161483560478086,0.49542227491979995,0.8624979584874509,0.10481341041591796,0.3567539710547004,0.01136757159181262,0.7497924124268041,0.1907065439750565,2
1.1239733598513622,0.869445832156663,0.7009727487326051,0.48674347976299837,0.5439313681375363,0.46721310390651344,0.3631714880054292,0.13101385812207783,0.8167258663760808,-0.13028275771596676,2
0.08251646613296079,1.0733633256199653,0.7344639152850022,0.620855580405214,0.887160465366663,0.13041765954753476,0.9780034207222702,0.38051640183681873,0.7518757496937611,0.7014727700647271,1
0.7027859308547924,0.8460371787882187,0.5589777133954288,0.7905602245097988,0.26696074433257333,0.13609458717805253,0.2941296216675275,0.19812335148703425,0.38746285682064263,0.7340143639639186,1
0.9714617402330377,1.000219689507679,0.6551655340391084,0.005533859419331964,0.0980199490512167,0.21001134335769123,0.03558491033113663,0.7436111917706635,0.9941447567203082,0.7026565645169749,3
0.7949499092019174,0.17570968489490174,1.0495918764402314,0.13110252658165944,0.4641721082007372,0.3869073561022765,0.6295039835415086,0.660218118807094,0.2731805467235141,0.5044354644548503,1
0.706870925310743,0.09700879424978015,0.5482771956782483,0.17863772447969636,0.7398536830326861,0.3077357502495414,0.5182016850111462,0.1525938602861906,0.6984610942187216,0.24845775564647174,2
0.6359516162761542,0.4871698266744835,0.5635814315515173,0.6950883730687842,0.048493878548858706,0.4759215485347509,0.7552118367551673,0.5489373535905011,0.5250938057326048,0.046511769366878716,0
0.9313748879291881,0.8534462064015643,0.06122864701800248,0.8596343468143155,0.5198374089349087,0.23400576930253908,0.8950603907404862,0.06665098841663077,0.29750171086235266,0.3248155705999702,2
0.24944039978536076,-0.13472793383943446,0.33909480748943904,0.6499022459146194,0.9015870136073437,0.5274159050380008,-0.10793407054755189,0.20273669069836003,0.6860645417338193,0.05774151809074862,3
0.04010588362659731,0.949431363008855,0.3256382888745835,0.8377945119027174,0.7049536274801212,0.09776644458187601,-0.08752367711089404,0.734010388504334,0.3313660432640786,0.9804574307696803,1
-0.8273385530687265,0.6363228875760478,0.22046463042875325,-0.09633591308029477,1.0815668285551934,0.021518669041267,0.6266053357056908,1.3121671942178712,-0.39940531822583747,0.46409762094890383,1
0.015536365133446604,0.6128446890351161,0.816495243590995,0.22567937971340055,0.7298890047364192,0.6792728620439883,0.5316806962557821,0.08291271425892598,0.781388490327753,0.020358809671901613,0
0.9765790030505525,0.9827629719434646,0.6126780871849559,0.6818593665184267,0.8185857487920922,0.2753659289790222,0.5144711514751602,0.05604753703484693,0.9493959213439764,0.007336148178303432,2
0.547016104663388,1.0398311724875955,0.7321442782372086,0.4677765527961487,0.444530704095842,-0.0035617319389623092,-0.10908337991784517,1.0930042082056257,0.8658638107473626,0.7327577729258102,0
0.06054029510479914,0.9710584664021918,0.40175212430266316,0.8059221689945139,0.6408860991141238,-0.05178733121074448,0.14449568517587227,0.8164763921678284,0.26409544179908956,1.0760727218261403,1
0.10681836430113101,0.2122300184709227,0.3466140473628777,0.9479995924537695,0.2773854478668488,0.9165625213660801,0.20921038229275607,0.6002737464998018,0.7274013242751557,0.829729115237823,0
0.19528835264535757,0.9694129763907987,0.6930112325729676,0.49058685794234175,0.8363790433391018,0.21746226887837328,0.9652387767164334,0.37006568421511454,0.7279140380507554,0.6431779309120234,1
0.43399276220469346,0.8450991637083656,0.08974773425591079,0.3014978743910169,0.6192528448477336,0.16744255372577996,0.8977628680178742,0.35793419582356983,0.6397350867508617,0.5896071744150221,3
0.17120778854899865,0.796143590614549,-0.06104521743501892,0.2070624333944861,0.9557192176880079,0.34164145239526433,0.29205727375673385,0.3166344605843959,0.18027942584378315,0.5048510036070293,0
0.4701534664509245,-0.07690134442647514,0.46256658125674677,0.8189662905366908,0.04308198021077431,0.14027709035655483,0.8540750283695706,0.6495021531056702,1.1179872688716141,0.30753918606875397,2
0.7650344391571794,0.4735729017685971,0.5944571464948747,-0.0777991859936151,0.3306042540115023,-0.7654922324341478,0.8028424629374147,1.5018922021899466,0.47201319243575957,-0.3161864830938269,3
0.9626098090863499,-0.02007306179215551,0.23026761491565922,1.5146550069516929,1.105097693694782,0.27942737238005133,0.5413942730460363,1.581308792696219,0.8457932387195568,-0.110511763156947,2
0.9320101025808888,0.9828336913226219,0.19703432860415093,0.7781371671536298,0.49132255323462504,0.25094928057580757,0.8908719753131458,0.10200313174233122,0.31520520652682393,0.21211937106308418,2
0.1292160840218119,0.9571576489481207,0.7302754456540145,0.4790591650577733,0.8127234389736614,0.19728676059614222,0.895182887967487,0.3648449995879417,0.6405484401706715,0.6622465482692745,1
0.9403787296401147,0.9602201055165378,0.14531743224861568,0.6926693163176086,0.46607980572548946,0.361986908683655,0.9313730515037193,-0.013739522593302508,0.24545883276687275,0.2524111604873778,2
0.9564490043135226,0.12189933373878684,0.9183201366475091,0.3226802417740888,0.4130206176663075,0.3783160245630112,0.4369317220188851,0.5704979761440601,0.44156791525589123,0.37097044030561216,1
0.6528599363479974,0.07379612303581547,0.6096747707120146,0.15808339707660768,0.7543195717176632,0.31841596584707005,0.5514364304218181,0.20833167079840487,0.6386418561607698,0.25612649054550235,2
0.9041373732582654,0.2984141210132382,0.7357492948783069,0.07179603031672285,0.9068858679755372,0.0002672449311058103,0.8990449472753929,0.675907435338476,0.19583999555639942,0.7871383766863607,2
0.42685991658361133,0.8316067258398964,0.05997248522677956,0.2902137341587126,0.6735761374109207,0.16105529657423243,0.89545084750143,0.3384676252891295,0.7112287855273007,0.5850887341844269,3
0.11811058686404635,1.1229845241779461,0.7284772545949825,0.7621944430912934,0.9769951242048278,-0.0029316944774607223,0.9346055334879345,0.3424649263616984,0.5269008444919806,0.4290354835449718,1
0.7359015477171756,0.05047688646635042,0.7348700721202601,0.2578892733182501,0.06584190341997374,0.9440496032770592,0.20826624901580482,0.49055108247200946,0.22787499860856428,0.8706290216245427,3
0.051528810753292915,0.25936984548926956,0.37423069375290624,0.0943433288522107,1.062903582547583,0.3481967404615493,-0.11457228297318431,0.43114577244853475,0.8190395570007906,0.5720108749424304,3
1.1449814205100224,0.8604430511513028,0.7180470966714733,0.44860990700899156,1.256393469741754,0.41114266658301585,0.7511594938836017,1.0066326654591775,0.017910252856684905,0.26522276418874186,2
0.5083450648229539,0.8384609245711824,0.8353073292507607,0.4767719374904123,0.719506719446811,0.7837699648490394,0.5135467227645107,0.3981979521619939,0.753463571977167,0.4817061472141851,2
-0.07283013474034584,0.0037114467320034025,0.28075102893876025,0.4361028221773464,0.6620472812144697,0.31465712442409766,-0.056840999965691766,0.8085559858490424,0.9741123940224711,0.6572950834502851,3
0.44810943373755113,0.8021501899647651,0.08980920949446608,0.3371798310606758,0.6430063155132302,0.20579520629863773,0.845831701165574,0.35710180699035027,0.6374584360712283,0.5978058800215467,3
0.7329807198372984,0.09046366998010477,0.5041197042486285,0.2758458954879466,0.671399897798843,0.26774100366329745,0.6544951163393729,0.20016987698192232,0.6371897576343417,0.18579945856350458,2
0.17041202991285584,0.6500596917669955,0.7975297401299071,-0.05250610521225968,0.7974341568399774,0.4545300433303016,0.711271977746361,0.6391578394193106,0.09990197282774702,0.24488985969225063,1
-0.18467207815440162,0.6689800244380927,0.02419770704824073,-0.04756393410855819,0.3396740978401197,0.6858735189545542,0.23713000984896598,0.31593968025621,0.10295267113346229,0.07349480066291994,2
0.6024323169235828,0.35236632872340057,0.7376123278579078,0.13736058447737062,0.3653185243832294,1.0203859182666593,0.05099521798014567,-0.16588610782561372,0.4948508971546007,0.9924806947604196,1
0.6527498252103936,0.49092929209829295,0.6243491590591745,0.6573507969586436,0.0602551539168236,0.5458389256183642,0.748206845936341,0.523190608945822,0.5866166451370619,0.10110896053800209,0
0.3006760654656764,1.0761023662056106,0.08922001209932187,0.6905878168286428,0.9260355303468965,-0.17422402217010358,0.21124453558262274,0.6890191871147824,-0.01167443270416052,0.8753301602717773,1
0.08143877267109198,1.0559514193688933,0.7194905532409025,0.5672107717658822,0.9329801543873804,0.24237883703422114,0.9269350239141411,0.42220460331263737,0.7816170928910593,0.6380930917352162,1
0.5122280502208577,0.15897630214902964,1.0256551116331043,0.4291359947154707,0.649162223549485,0.2352778902571103,0.32930363081004627,0.3814305989279778,0.7544185846096569,0.5107279244597996,3
0.38361518992133103,0.7879895406802537,0.9962526983716878,0.4641690485631226,0.6449493445688983,0.8670796946433852,0.4106098577742555,0.3358694221963206,0.7140610350505702,0.46844422401770375,2
0.15200198389548028,0.9930025915638766,0.7158329042268331,0.5395006633604936,0.8451866139422226,0.23358199567686166,0.9445267404140357,0.37636256994865763,0.6887461920491191,0.6651433476284664,1
0.849726960911313,0.8981457322856048,0.21071404690410803,0.7182553872238489,0.6606539076137198,0.250304644874275,0.8180111272253885,0.05012980538311351,0.25118230706963396,0.20492052424221666,2
0.012678112285926215,0.6138862992754395,0.8143216446896293,0.22693538218893453,0.7299614894228692,0.6787245083774307,0.5312967887094671,0.08198967669398366,0.7784976923332475,0.01863393454563923,0
0.6085959554827128,0.5539944257703731,0.30656123369056215,0.28572235220872366,0.8239808911835914,0.3360553535918171,0.37406442766612913,0.06672228858768474,0.2263779811068311,0.19290616592767013,2
0.873456842504853,0.7949214732985338,0.7535259535166586,0.8376542917450311,0.9101941924748914,0.29718887710035674,0.32376239260728634,0.8296699564754332,0.36392739043386113,0.6814516441416194,2
0.4470397049742596,0.6830264592630519,0.9966979063553327,0.2616870635506514,-0.2888016529547231,0.3464485309376688,-0.32325397562765107,1.0936149017644197,-0.031028140618518524,-0.12234075725466598,0
0.7581213997707974,0.11178219464256371,0.24338739753948502,0.5269983287858427,0.1363724587693922,0.27694577635009976,0.20533282645002454,0.1567901366524451,0.14701606303860074,0.6651727477719533,3
0.40392950955655454,0.48821391784187673,0.08341302596456077,0.7431190247822123,0.047563508271282154,0.3362462611255061,0.7821120655065712,0.2735337048736063,0.8504098141150425,0.33662229506897706,3
-0.348462380602638,1.0053473398022263,0.226415353534971,0.46279648184067207,0.6072301759342257,0.1835203638680234,0.8483200292113018,0.2872846356500646,0.2712996490441194,0.5046496008998467,2
0.053064557760730824,0.15416116662366658,0.5241452524674628,0.4999036745464388,0.8853212784727269,0.33801150552644604,0.5062352898109085,0.7390481036723873,0.4042567817954278,0.15269054875243793,3
0.7768359323522169,0.19588842632098044,0.2998552119610484,0.2743287008453185,0.7774410746003012,0.9070921781024346,0.7145058203852052,0.541561418696371,0.7956907134449133,0.09368672715832174,2
0.30333355567760495,0.9108207068530452,0.7100615130248715,0.22733499491700174,0.2536153835519177,0.8061394274179814,0.3802771854014342,0.24781019782174687,0.48799845616583093,0.40399309271971484,3
0.8503284021921819,0.33054807335957725,0.7151301388395261,0.03508553886630099,0.9057540216564754,0.021551734808784275,0.8666494869771716,0.6777936401030533,0.2120027035140171,0.7739519386226106,2
0.01891506813453834,0.6405227099788722,0.09055161061310127,0.2013269971832215,0.9156349370999248,0.36744662199119743,0.3968203276364696,0.41757549450893977,0.18433308560117273,0.436452546015129,0
0.05491608008129061,0.15320697855868068,0.5267284546187574,0.497459952739735,0.8765165367584202,0.337491300206113,0.509529390667252,0.7376486834899476,0.40075161340399734,0.15594038297643958,3
0.010659071638681145,0.6114482777347109,0.8150518041126187,0.23004433523640425,0.7313665928506995,0.679019301206846,0.5342322364754836,0.08465849514326318,0.7800160471391382,0.018128744196184196,0
0.7886049427117618,0.17448282878846483,0.4934339849605223,0.9709022495197801,0.6630294422004199,0.6874494543475703,0.455470177889829,0.7204193738838492,0.6519325549661912,0.03828850949752338,2
0.5646649836329507,0.8858148742569434,0.3712209757405669,0.7241577446492049,0.7687300501201806,0.4994906602822064,-0.13666215403041299,-0.1398631424785547,0.6650586850419953,-0.27844629887206346,3
0.4238262876057576,0.980496950598223,0.69095990227204,0.1700012599827707,0.17118702427918608,0.7659366602138501,0.6450256970514314,0.4783285144159191,0.2572378820503573,0.5237770780753288,3
0.6543887279817572,0.5778032954668633,0.5390220301315535,0.7420018878628746,0.2633057215433661,1.1237653372536884,0.745528961511557,0.5487090256733846,0.2616536862203719,0.8801624286103527,2
0.6694752858071907,0.4940912046251311,0.6060008239338452,0.6644966015911588,0.07812650264549874,0.5082869687084816,0.7341161088235683,0.5431342388417332,0.581306346259854,0.05934622083893129,0
-0.243712208849595,0.1651782343806834,0.056843093126420774,0.399935206110052,1.010518940231934,0.45429890863730543,0.32327452610236346,-0.11762131249305789,-0.04209921423923424,-0.10065740274264989,0
0.4515519512024723,0.1634471306522432,1.0859582572297546,0.4505985325167578,0.745482921167517,0.22931325773940192,0.27348387313802924,0.43102118645542564,0.7104032737929847,0.6420184336924557,3
0.010674010506746587,0.6124775907099345,0.8136816933389871,0.2243170917306433,0.7325598967313566,0.6763774771699347,0.5304957634383635,0.07927381990809688,0.7768158225304305,0.016416731667865437,0
0.14941378467929056,0.8438403417607235,0.07487752547097098,0.8350248628095909,-0.2362187556225689,0.7657588597316355,-0.10438230467264575,1.361239513362288,0.5269521150539829,0.5335501339982174,0
0.17507584134944365,0.6612601518548861,0.8600137922288184,-0.10327955025635926,0.8134773955964394,0.3364909216129674,0.8061743904108957,0.6678019099542873,0.04627531531769001,0.26273705424468863,1
0.9991678145903824,0.48928545228455883,0.7453111460674203,0.3656930170222999,0.12922986164775832,0.8766443309259867,0.43966260678080094,0.01633560310334676,0.6756564160231954,1.0073799666901375,1
0.23587371534219917,0.534180577085692,0.8070460172817631,0.051902471271414626,0.9018695578515946,0.26957898371115163,0.6789911667448983,0.631349313994932,0.1079651613623932,0.33019446180181217,1
0.47864311728903225,0.7963775638706653,-0.3763095612333702,-0.004404030459016273,1.1899669202243057,0.1315071923279476,0.5625583341355923,0.08398215067657122,-0.19094181196754612,0.2825570338282795,0
0.6790862520679575,0.3331643817253946,0.7671978687058725,0.274358977836618,0.07351092223052381,-0.05839596681135473,0.7282507053530085,0.01293536329309856,0.38312419409879367,0.6332408215625416,0
0.7976692058576155,0.9846646850930054,0.8080472634057597,0.5812221185781719,0.3276381583260247,0.9418675168007159,0.13311198109760058,0.19947420347988545,0.6635666096524403,0.06093669130064125,3
0.11834183825657327,0.3494669421384748,0.3354864384970794,0.9686854920967649,0.43571075355203515,0.7460656901885574,0.43690382457554117,0.7476232163720838,0.5431723630275707,0.6480606849817233,0
0.16144619185974066,1.0146745529740475,0.6967504113649254,0.5679118403237972,0.7857749678537851,0.31194124452720656,1.0637200261221067,0.2111265615924089,0.6682097766681871,0.6173074619653168,1
0.49595609978029653,0.48977302104029663,0.42019478751646766,0.7972397523676209,0.15951904708141246,0.12888306167555194,0.6073520604229834,0.24065106256703278,0.8060883214973837,0.11847300319256654,3
0.8055369559938167,1.1912792331348123,0.6595770297452228,0.8888822830971219,0.2616549103465197,0.8263251460113984,0.4628282935337557,0.13209796534740853,0.4900467947945847,-0.08156575000840177,3
0.9429086727512881,0.8077759260369672,0.8397755847351208,0.634815236398107,0.005354473663172522,0.47862573696461685,0.1545678999009792,0.6042330575111579,0.05560349859133962,0.4589762404035934,0
-0.045760951479866696,1.0118951873827473,0.5587948188895216,0.9027314376244947,0.8307177026650931,0.6451022589034295,0.9684303705051892,0.42214000633665966,0.9670827150546006,0.7577629096187719,1
0.38782837955509547,0.7833714026733346,0.1029547860638346,0.22253763425195353,0.7184005341911046,0.15381517739964418,0.8730925819046844,0.3955476412734516,0.6627845549760296,0.7165806785586171,3
0.18072959708215527,0.9652105848914089,0.6714960643051943,0.49899842070752026,0.9082578038270915,0.25801777467340975,0.9832234314665333,0.365873051105603,0.6598040268173423,0.6504078090466175,1
1.0010664889419063,0.8898074437273374,0.5009135665825355,0.6963783086259732,0.42865284379649626,0.9263334498554064,0.32971211029026837,0.14023127561622173,0.8558272866211647,-0.24066164131078221,3
0.9860618331947546,1.0107578472370156,0.6498294898878333,0.013889819816519256,0.09445347317454043,0.22779165761051456,0.016667195864232508,0.7605543397538658,0.9692669490850095,0.7079219632111644,3
1.2014922654605227,0.5086749279694303,0.3871572837542643,0.23851379900137687,0.38638887199089533,-0.09884795690956233,0.8575130987362113,0.29323496142252015,0.5394986388428207,0.20660585508161897,2
0.5094740245188196,0.8228717552214097,0.8785260539217611,0.479413783800771,0.7663769267254343,0.8196584071071406,0.5371866501985411,0.3637811072839374,0.7383871673559179,0.46660987595931713,2
0.43180233590318684,0.2740185821466717,-0.03966732096583553,0.6206905514777177,0.4770742235791667,-0.08249640441075012,1.2585570792165186,0.8067404792553559,0.462808762918271,0.10292123474664189,3
0.7270691887970943,0.2341756580715346,0.9080119339808682,0.3581489929746123,0.7008169540917557,0.37043885031672946,0.33733490900954055,0.017600073357105762,0.5339606182993253,0.7877577237506294,3
0.41729376055363826,0.9805600346119087,0.7063080995516313,0.4336381346865368,-0.037736811622474414,1.0760682907638754,0.7794633858405196,0.22028440789280845,0.2994783211503889,0.598978481652521,3
0.3072477414233429,-0.026452615640584376,0.9956123457916556,0.6658660422239808,0.6656337760762459,0.5304616809147328,0.540757778372325,0.2336595952292234,1.0028173187420668,0.6505023420693787,3
1.065173574915171,0.613691648215993,0.4450049796478269,0.37153702251087545,0.019846645044525185,0.520594075240803,0.7539802626623768,0.00745131728006366,0.5740754867123743,0.9443677772114577,1
0.5627152186795152,0.6730301005742512,0.639152754409151,0.5519715715315379,1.0627307964291774,0.014917164181614012,1.0879058324455906,0.27606011595807234,0.166217254656733,0.20804751784239683,1
0.032000590185708125,0.8875436178230723,0.3085156634380263,0.8747162482244765,0.7275435165731506,0.06087456524476355,0.037315099806528286,0.7340145555395107,0.2074049097208032,0.9734213978829662,1
0.28166032075009023,0.578277465375067,0.7848386602675593,0.07539620196135514,0.7854903616015183,0.5087281490660038,0.6297913302423431,0.650774572980965,0.1331477971964699,0.3787633912553738,1
0.8854857825466234,0.32013397047646497,0.7246738768280178,0.028087412784174738,0.8917834677904557,0.020649021846042337,0.8713849480147636,0.661485584663777,0.23561243593332182,0.7698875815155826,2
0.5181412646230602,0.13668530207622304,0.269444813647153,0.5329968443108297,0.9757548319503071,-0.4047355578732684,-0.6018254666918609,0.5211555625311233,0.7996980948005878,0.3636678781105136,3
-0.11764663006399567,0.2339758532238168,0.5888701644217568,0.6308563208637332,0.4163490958820723,0.7011894482085929,0.8751788779610986,0.8558748090191209,0.6924297858511065,0.48447529916653087,2
0.8068090760941794,0.20390846590075248,0.2805274854852023,0.24373227408790824,0.8103378878707255,0.891206539725891,0.7382898615672607,0.5261360926999548,0.8146959164939535,0.10347355891072722,2
0.9754471230668896,0.9980169228542285,0.6451184921162666,0.005110685112839777,0.09318161093089296,0.21716813896735238,0.028836397266031443,0.7567556257718245,0.9823266296649,0.6971124608490724,3
0.20350612957920536,0.04224893344080463,0.3884711035773524,0.4493828072860392,0.4281080900411661,0.46438992948392205,0.8980432466130401,0.8522918778971426,0.8118359330538135,0.42018548811415307,2
0.7098152142570879,0.32287477975063494,0.3078338032205576,0.5636168228914642,0.1322828015662011,0.3874177348013067,0.050753898077416815,0.24549156138821523,0.3034043801237106,0.5717078661124663,3
0.4771423676608429,0.7941624458219504,0.11444118791706129,0.3135824182059255,0.6636316215323996,0.1972774328288249,0.9529040128984871,0.4144226598097286,0.6925899485697401,0.5453916021546229,3
0.9172723431460424,0.5464155817866584,0.7163704753472164,0.31016270206025215,0.08138018086588872,0.814695469707308,0.369567409242744,0.03160139425968099,0.7216401099267689,0.9610528463959414,1
0.05734900871065243,0.9345525967804792,0.2854205348191188,0.8842351994653452,0.7445736559992784,0.07700568695851696,0.061360460445498706,0.7150179214316272,0.2389304694996172,0.9717335164581739,1
0.7093309986836787,0.26057202573213883,0.9273736862530088,0.3742986297803147,0.6913918746770701,0.37330090772196683,0.32880652892733364,0.02831655039114376,0.5387465884835473,0.7859828223651065,3
0.4414229368631326,0.5906466685284701,0.27551863735526094,0.7200943046344582,0.12498861379242628,0.34362836288647575,0.8415963257411061,0.40762468834478793,0.6669056787551103,0.2084595758789232,3
0.5020253590966987,0.8293593207608332,0.8686295344442264,0.4790996754111804,0.7687151237910405,0.8164305071815037,0.5333302653177522,0.36037243567503735,0.7314500831539268,0.4551484792672562,2
0.0969746625704414,0.34533554118674653,0.4246571707104846,1.0155201147546133,0.3622555167993814,0.8654605478938563,0.4963724913777627,0.5925427802845449,0.6107780112362778,0.7635531454490685,0
0.4608054951086154,0.6461006370870526,1.0194056191217686,0.6737581787870495,0.07444962875044395,0.031089281361058735,0.2948764220640796,0.8248712213958369,0.16703635065682,0.28130191929256143,1
0.48820676096769566,0.6369868698727765,0.17088755289448415,0.13115046988635018,-0.18280441019694746,0.6791510017216829,-0.09253752653239611,1.076142910855755,-0.1270484875015705,0.22440278005531983,2
-0.28338714816033284,1.3399995109947909,0.0020196557764678436,0.9182720016395011,0.40944995694759106,0.14416337934544876,0.2926403139117017,1.1152495616579825,0.3918038227133501,0.6842029546826932,1
0.43039486840591307,0.8787835883924849,0.6766245795030488,0.17530343430086476,0.093288729011541,0.7136064589770243,0.5090371510577189,0.42354342273626633,0.4298568089030608,0.3172110519384128,3
-0.07144086614174419,0.6971608747718658,0.494818402898155,0.1503518379648236,0.5482985277045637,0.20872957632218853,0.2687126088112175,0.5831076274541824,0.14220347058074556,0.5446424217116487,0
0.7769545840548946,0.9234078024291249,0.9276234653517756,0.8001279145970177,0.9918489351737367,0.2593314512725268,0.8263075696028597,0.1100077653359897,1.1034015366393537,-0.07900034215047806,2
0.025091012853005135,1.007201507564985,0.8415155811569806,0.7279181888083511,1.0441019181576578,0.16504142910255998,1.0622804287774448,0.17565978624623182,0.7709618207073455,0.848180224573184,1
1.1433566738663006,0.6072159966687543,0.42937425441624194,0.3546536189915227,0.3465804866118412,0.6223469452897673,0.7190359224287997,-0.022329101973266516,0.5980197147970387,1.1045116122846672,1
0.6598045404605571,-0.5573001055442538,0.8786179104880929,0.9486868440434827,1.0613614328477325,0.9856257297340396,-0.48039394975670824,0.8701441181728007,0.3173142394303119,-0.38727916828181774,2
0.9671270925137314,1.0011955857314616,0.6511479119345407,0.0038562682449322233,0.10059349778871002,0.21700650226196788,0.023801173817938073,0.7495687101742058,0.9811588791852228,0.6941799556749633,3
1.073241625596659,0.06763667577376728,0.8783391043057222,1.0829795645246987,0.8547254783415045,0.48230769470259544,0.18284248354643182,1.099391995330955,0.3820409796951469,0.6095729043115575,2
0.4302547891869723,0.8090530712591578,0.028876969381735652,0.284648584046409,0.6384342693588388,0.2003836658311953,0.8924345959030712,0.33932431693294673,0.700085097643332,0.6461690067190224,3
0.47987727389524204,0.7998663838634432,0.8515864325630011,0.5292596964426255,0.8249863095019798,0.8657211753350055,0.5936237693907711,0.42450731846857837,0.7656128848964384,0.4719204706789399,2
0.241153883849678,0.535193399347366,0.6668026832669357,0.5229100474112405,0.04520957666672781,0.18255148962250956,0.7220110418306493,0.20217651464909248,-0.1202784833724353,0.5705598942767258,2
0.744545702454422,0.2157310853278509,0.8881760476027707,0.33115363631165995,0.7327622089982848,0.333971789229204,0.29680179561459624,0.0300634116630237,0.5138908006384324,0.7736069201828031,3
0.7964646907585561,-0.3337942454981558,0.28035655933061077,0.8762538070538843,0.5258232934372538,1.0575719908333532,0.6994691296704378,1.1781340479701006,0.5362625710614293,0.6092119322375247,2
0.351537283400841,0.12749969463667257,-0.028441408023913317,1.3189675966722805,0.8562726395788439,0.8533139620505867,-0.09538070385067943,0.5115372699308146,0.17234852699214565,0.38490802017975745,0
0.013437576926039021,0.6134433325584538,0.8153907880678247,0.22842594202386607,0.7299810032183933,0.6796699374465486,0.5305351974418253,0.08246070771535631,0.7781379365700635,0.017615490179286195,0
0.7520115122531537,0.21193954477739568,1.0279242879432289,0.05350699571365192,-0.2857727269900295,0.9221237435143936,0.36528526764259245,0.341661668300511,0.47252570780136954,1.1096664976632071,1
0.879295234992808,0.8438955463792449,0.12353746825056254,0.8281501148604419,0.6264008764716215,0.2698224094061749,0.8571033136126057,-0.040163683812622995,0.2958520238686007,0.3694536577617329,2
0.028647733721585925,0.14508601626866788,0.5311769482086531,0.4827467825877544,0.9285751718325193,0.374451764296341,0.4871144656797948,0.7762101905247087,0.42180321146854494,0.20232125753442892,3
0.7687482502156022,0.20017421546394656,0.27974716742773675,0.2491122015098867,0.79788185508555,0.9082859630057162,0.7080292481288413,0.5714815901495363,0.7774787751913362,0.0953712158096336,2
0.8075779805510488,0.8459228160055328,0.709100401593573,0.8422544997903297,0.8633350221588495,0.28276058930450987,0.3584112425601211,0.8191567196886984,0.28322208802456245,0.6173513052293997,2
0.41953414331285455,0.2503218597677688,0.9307889224726988,0.955391112434589,-0.28825698999437127,0.2132638061545965,0.5750324932605584,0.5969880650111782,0.5686923714359118,1.0008900659470112,2
0.6205968592371744,0.8131362365412231,0.7243246771385331,0.5526641387987459,0.6621062574146384,0.955353775944243,0.6031751097905084,0.340586203754455,0.844350557029509,0.3625438543283257,2
0.404677273703642,0.6908018548886408,0.3944458101365184,0.3334410418052965,0.2193052558637355,0.6029115538447705,0.4858566363990826,0.4476099186304683,0.9804357726768365,0.44439784890783857,3
0.28551210191399756,0.6912558170408933,0.7778641610244347,-0.02670521384230576,0.7622461007584641,0.45955263642957433,0.7504302572870089,0.646948329632517,0.07928128992055608,0.39307093135207316,1
0.31906933449564917,0.2918137125695831,0.9660871917340864,0.15281754621412036,-0.40073845599979574,0.2042242238343982,0.8155939791307009,0.8720765954830534,0.13682644194857002,0.22750575967765896,2
0.0763902476779175,0.062011736679239295,0.5269816178220199,0.48612370286305573,0.35791498387310766,0.5109798822302533,0.9861531328228653,0.8482700154649655,0.7132117114997757,0.3674589832138139,2
-0.09201186027083175,0.16449370459509186,0.13930718053014518,0.26219539642877654,-0.08150692630829098,0.9736977701556893,0.3267398623647613,0.42811362801487063,0.5604607815544166,0.7676283153306576,2
0.05566736169499012,0.734586012209922,0.05030124765444163,0.21118457216364694,0.7968934539802626,0.446826018604483,0.3557998223979829,0.38540268492202573,0.18246715769309974,0.4494239934038632,0
0.7662121221369218,-0.025694555096140756,0.7673155626451937,0.19390607518923864,0.18311195868836058,0.9869619436100537,0.09476380548294985,0.5912719804789568,0.08126582213525327,0.9888607177980953,3
0.6287949635978816,0.2437108138147906,1.2877780448576173,0.4543262747764789,0.8840144963014835,0.15690154931801306,-0.03156333616783452,1.0353193697292036,0.5345122135393995,0.6876841650375551,1
0.06491931950211054,0.8325172789985498,0.3176419070964899,0.9629553690714402,0.701243912290551,-0.04438492979641652,-0.01011659857914194,0.6130036430231791,0.23229273319795832,0.9856791360928716,1
0.03939561992522052,0.569438701066641,-0.02505621847655247,0.1697757733513821,0.9067104109855233,0.31854756315675664,0.2993093865748285,0.37376049254377597,0.18317441901523984,0.497050952397849,0
0.8017362946053801,0.5826985266803621,0.7775628456809696,0.37943757509591547,0.6392146420460065,0.9330928174016405,0.2896769562037316,0.15837223522347477,0.1969989770495261,0.8599155389266075,2
0.10869190759760214,0.12637295031386214,0.7106561374603749,0.43643909545192283,0.13478588361473648,0.4441481493563608,0.5174978186360811,0.4802986685902142,0.6494350429377526,0.3351264021463297,0
0.21119760087163797,0.3395381418623269,0.3738390323545982,0.7561818434108859,0.24325079956236037,0.614658538907923,0.5819774760987648,0.8335403678300148,0.7835596761336752,0.48690219894643,0
0.48806382975722645,0.5664851683890046,0.2210401865910623,0.7097820013546424,0.10129059097411425,0.3140435923602227,0.798812282928235,0.38338044663508436,0.7086480678590997,0.2363510757402154,3
0.38783377262810464,0.3413330798276624,0.7996562085991331,0.3224446620398308,0.7603124594115364,0.7060636993102342,0.5668354419088023,0.7430323908445464,0.5181189773822606,0.3490362626332832,3
0.6431270803072884,0.5038449300988959,0.5941632415627947,0.6669695166208959,0.07260421201779231,0.5223083431890237,0.7594247858926021,0.5432916878574306,0.5529839730985839,0.0787080715423314,0
0.9735276243690443,0.9999803970707489,0.6462352276328658,0.00709510153001268,0.09548754555478306,0.21496611960091527,0.027989947924805796,0.7532867551758757,0.9822926275517775,0.6961838166830492,3
0.5338367927780052,0.8474182286717328,0.7859843658183645,0.5131437488758711,0.8656015257412786,0.7568918149240765,0.5691269123552118,0.3240332809008567,0.7309191322336096,0.3892872560810643,2
0.012294827181347537,0.6148806724367649,0.8133895956066117,0.2268996209121485,0.7310586044197552,0.679159829950328,0.5302107627873731,0.08142021511971834,0.7782654019951648,0.019104806755980294,0
1.0457249261328854,0.9213841200218914,0.5551509209134738,0.5321431549436147,0.9649464163068315,0.25159315934598203,0.6206149616450795,0.055895148232692815,0.6983448074781049,-0.162509048962277,2
1.3187299969364015,0.38457016749761813,0.6159503724680677,-0.008679177194434617,0.016683090326861952,0.7728087273065416,0.0504315480066882,0.08451976912458524,0.24041020794900053,0.8682183632325764,1
0.7875504372357117,0.19460609516358104,0.30171695415750294,0.2692779401234038,0.7851547000110989,0.9025432436540359,0.7293579065830011,0.5454638836443261,0.7965100398975217,0.09155015412624089,2
0.09010365550183547,0.516643944634408,0.5533979165439404,1.2024221307321181,0.48064792387342015,0.5906240890290761,0.5769000620693686,0.9668452175127975,0.6808351765888703,0.6103661492792485,0
-0.1423594488433179,0.12861185686570384,0.33367642426322947,0.8927735532929489,0.1977936726304526,0.8409343361643822,0.41752260419093623,0.4363211487237701,0.17898360425096227,0.8837684757370629,2
0.8674736953588562,1.0300397329158246,0.126227949227205,0.6259278762920452,0.726288202885278,0.10272607304158221,0.8785499811711198,0.18158635877484125,0.18803009680231453,0.3499813438301853,2
0.14151329748983665,0.9660298568628277,0.7025313177283824,0.4848921947620666,0.8727905352989465,0.18945363227071027,1.0182528464080787,0.38269041866099146,0.6489030065054481,0.6565262909846632,1
0.03274655406547161,0.8321312251604538,0.7234395743466412,0.11976367297702861,-0.03478802501540637,-0.2336431585795662,0.978148069064201,-0.17999544635527798,0.28924246480300353,0.09667116987259641,3
0.8682509271513894,0.28221508011746305,0.7861469794456903,0.04370919332184663,0.9346364514117134,0.02802311978084991,0.8324921611439343,0.6727727697240807,0.2763331059137749,0.7805162438747804,2
0.8292762331870911,0.5781090880360469,0.7515689390105734,0.36659623351982895,0.6503085478014109,0.9101025606650889,0.2701206155823727,0.14154086392365195,0.1769800170262513,0.8728303394026757,2
0.838211952509925,0.20980889368208422,0.6405982720677268,0.27605917817581255,0.42176953204375334,0.4139174343062325,0.20560824253536542,0.6104733275117825,0.5467448997605293,0.6238534757352436,1
0.059356926069591545,0.17790577172001937,0.5303456126713003,0.47185717638508307,0.889281020123885,0.3432285587734701,0.5189824594459078,0.699816344515849,0.4028321168390172,0.1256033007478016,3
0.10187009424840773,0.41193647692766727,0.5196912914763114,0.06932227646985648,0.6024786970784015,-0.0041597917908539304,0.7236860274244844,0.7331312157371963,0.5917941848187047,0.1864992132289184,3
0.5767136702263453,0.5657211905399764,0.2897250847942028,0.26526255747308625,0.814262191922469,0.35799283517701075,0.37087374187822425,0.05175191995931132,0.22880107350173606,0.2056699427402787,2
0.3638976890955576,0.5318361179577946,0.21112110178934518,0.6923206166295661,0.01603339191779375,0.4256188554597117,0.7150612096999934,0.38397819611030237,0.695543037074059,0.23657721041317362,3
0.8825957530511216,0.9601030252761813,0.08650359930432114,0.8345539077059839,0.5172037297129949,0.2827305108053975,0.8255080695721462,0.03558623339947958,0.27425324520271055,0.35882153612135337,2
-0.017634906397910724,0.8478823781012481,0.29025290673303544,0.9442821009613377,0.8373326743552509,0.1629198913289687,-0.058394750123385214,0.757578225661936,0.2693032088080616,1.0620045542969148,1
0.9450562544857352,0.25856596553892575,0.8533779503817274,0.21305837024636054,0.2770239124996967,0.43179139795451804,0.5337470532924944,0.5168197512171226,0.3906191179368989,0.2652223182923048,1
0.7758854822247897,0.18274055348359539,0.29988653214905275,0.24907232028729326,0.7927598153118488,0.8976586964211974,0.7106935551123019,0.5342650989335199,0.7884592246403072,0.07763490547133602,2
0.16103227260445796,0.991209888116579,0.7236792742890908,0.4948824308194664,0.7968796520566357,0.23999877993193297,0.9839168593505192,0.3565608553831132,0.6993754226759369,0.7021029036790981,1
-0.47544034275127367,1.0788321842723807,1.1836287339751295,1.4801156809040066,-0.21683919892885284,0.43217391119089016,-0.18004444712599632,0.0522138529086118,0.11881342720535842,0.3337984477901836,2
-0.1423844180658894,0.6045496799403612,0.02425834058514659,0.19806752543006484,0.7288530126224062,0.42839709170394474,0.37387083638085283,0.19603400306499644,-0.062384132062427045,0.46360788138412246,0
0.5641462423826649,0.6448955830737397,1.0960791636164917,0.08960300192709325,-0.4502935033983516,-0.1030002536692094,0.2788038673090022,1.4732964428614828,0.5879726820953093,0.7917284466212698,2
0.15046785807805269,0.958845972063035,0.7239367145494824,0.4887331536184122,0.8231883987373559,0.2750772899864646,0.928975654949165,0.42296442532369205,0.726639587723565,0.623066016817816,1
0.03841783877630575,0.22576774619478127,0.5343915065646142,0.5148202127873389,0.9424169957468825,0.24487217805765943,0.45150443254285216,0.6865183644270199,0.42289625073868026,0.07939241143101478,3
0.36832671363663677,0.6689069303558439,-0.07196984451470431,0.1523351357513392,0.5628022394844476,0.25073929032639286,0.8362884547852621,0.5749905200111587,0.7077563755209552,0.41867807153225123,3
0.8693353998353726,0.8744399903108958,0.8421975053463007,0.772621999388874,0.1960307616114938,0.33541682409544427,0.11045428980018425,0.6251452855647154,0.027252903985678548,0.44164557086131606,0
0.04320271126307816,0.2338297537914557,0.5131546829580073,0.47705382588389034,0.9425827082913496,0.30030000676467977,0.5585415886036278,0.7932158620000771,0.4393547736812402,0.16698221044826642,3
0.010733283066076592,0.6115561366158904,0.8130396418892132,0.22519342891922484,0.728438587641274,0.6788003285884527,0.5343210638287139,0.08305008300923729,0.7775503041027414,0.020111338940968677,0
0.5391680726682032,0.2653243982933545,0.3776576340134852,0.04450721937396377,0.16150049955186202,0.16442627611317398,0.5579720429659462,0.007159232250535547,0.6571250289279937,0.3638543125392491,0
0.8918733243635878,0.2959527320283185,0.7201580527682734,0.03429093712705671,0.8859135093579237,0.041069529226646986,0.8775043144485052,0.6727200531095205,0.21533916984434465,0.7776167635235596,2
-0.07022582796946422,0.46421277443298214,0.4126431781326424,1.2550824468250013,0.17603323757778944,0.7080664353721522,0.43887008589485893,0.9289836670730987,0.35110217843680197,0.8979131494026901,0
0.43109437536218576,0.9439693802036881,0.68273693951533,0.42045861354002356,0.348434298922233,0.6919621340433075,0.5807858718173053,0.4227865496336573,0.4779772082669074,0.4482613735277738,3
0.9914930241515705,1.0107292023025105,0.6600447279506009,0.00841974216324059,0.10407762343832092,0.19884050413003165,0.04017975003515358,0.7570111723157404,0.991492276999146,0.6940169697424299,3
1.0363340497187468,0.2583577157266643,0.8331290581297769,0.44790238466902754,0.5128737187602775,0.19358162084004926,0.27100020337458885,0.5224604347466694,0.5050386112034153,0.4399001876757007,1
0.5414818924975081,0.9415664881743531,0.6555317896694235,1.2618748604609802,0.5267309435555285,0.3220235828407137,0.422624414246955,0.7553442193553376,0.38340061925677793,0.8343628037307299,1
0.1960319068463139,1.0846196823550878,0.9011825278063981,0.5073246553446953,0.6012010314060254,-0.05093630519066533,1.0593240781977529,0.34180966348505204,0.7101814461839905,0.7364959419923935,1
0.6544262364307672,0.49620420752929156,0.5991255024331135,0.6745696161973495,0.05149457161233088,0.5079088414605005,0.7511687072317089,0.5401982688486434,0.5439643631990343,0.07981490298194592,0
0.44308176383152253,0.3589490233762012,0.43937913895474867,0.12427992373759962,0.11108252311764641,0.08872743091920304,0.4363891587674923,0.11743667531732432,0.7805081876588922,0.29609925990917774,0
0.6090627687360655,0.4305468080421784,0.11491663253038154,0.6623156650260164,0.021526571537716782,0.26112732425688384,0.9169822583612851,0.5180451380609952,0.8334799959502488,0.24370336771580783,3
0.4049151789596186,0.6498163925062325,0.5968173167093783,0.045455538767246395,0.6049264711771752,0.5624190239244321,0.517951662044492,0.7148197604512231,0.734931066511018,0.5936191500254835,1
1.0599111636316998,0.5763622855839335,0.5470682542851873,0.4187844360062126,0.0365113808820042,0.8202884249571605,0.583604319320782,-0.15522280114045228,0.8644162078584207,1.121481446750124,1
0.2828834658416277,-0.059492563787393704,0.4735285699033779,0.8485723870407584,0.21048667663102877,0.9704619771117728,1.1044362279386657,0.9125765372906063,0.7141796032769344,0.8564277439753838,2
-0.004994349285283188,0.5243803343158167,0.1099944354049705,0.16905444221989552,0.6228773928185763,0.5571762527993753,0.054497702978099694,0.6189233849833267,0.19570993016001742,0.1421868711228714,2
0.18065264731487982,0.9347585363330205,0.1617773092767148,0.05982037255942599,0.33321096420736296,0.5771339032334518,0.42924475908811177,0.10184601659199233,0.5731697451725694,0.16854765344696737,3
0.3993515593404029,0.8211512199628004,0.03271119240558081,0.27284755013211065,0.6782225606537527,0.16990900756403626,0.8794935541428501,0.37290165268629377,0.7043114927629942,0.6263651581800657,3
-0.15860510777453374,0.4411521941020766,1.5617084764136924,0.3621639106632458,-1.1176059551328974,-0.44260742000018316,1.5801847267459186,0.5349838951927093,0.2429498084827392,0.7461401273244307,2
0.8153086490592839,0.5764617694069614,0.7955625417443748,0.4055686751498357,0.6541929863215785,0.9663375720503382,0.25205917359827135,0.18358058477304812,0.19648605202894906,0.8455404093426242,2
1.5115283891754892,0.771131304397052,0.9404201394419376,0.41874200884693935,0.49936540453638706,0.2367978630302119,0.7525699584925298,0.34308572998886555,0.3884991111922702,0.3998968304296055,2
0.5236009907505431,-0.2866650595514959,-0.13979231317376045,0.6213379522770508,0.8763027720737132,-0.08270174484873993,-0.048251288494130726,0.5845091892175861,0.9709073585808472,0.5768657655425002,3
0.3461333180198454,0.22959326078034076,0.16785498292946227,0.6605760471486805,0.5895050511218993,0.2824438983558971,0.7859382385126462,0.3083176244937024,0.09702452640951903,0.5855979801069985,0
0.842964871599471,0.948746676033497,0.7637296230853934,0.8033308931917249,0.7945765474892429,0.2025636140411065,0.4480402801394149,0.8538936721587159,0.2836804526312546,0.5267654607396023,2
0.5077554219531611,0.20118250955497238,-0.003347018684547204,0.6642010794932818,0.5278834536226793,0.2237213863165069,0.814086201710413,0.3474241179143431,0.13532639637188493,0.5746067604682681,0
0.06672519745014492,0.07537174745858238,0.58883223621665,0.8811900846936255,0.2284915089395306,0.7980728787671689,0.20660139003668515,0.6393847911301912,0.5364735356761845,0.6159432399331056,0
0.12263490979026588,0.3600929111992831,0.3473013201560548,0.9987644218468755,0.49103467221178426,0.7625963734158996,0.4814183476685847,0.722990844391321,0.5296297230173304,0.6295070257797005,0
0.9288118422667728,1.0754621240387479,1.0304793719216234,0.6957615208907442,0.12301011089798541,1.0341180977769557,0.4261497707485856,0.20990127173497058,0.6745066076026704,0.1527827593440307,3
0.26963051901598484,0.7069310242031925,0.6786053859335658,0.8375090191967148,1.169658156678449,0.4217088667035922,0.6723447813108668,0.0721659430527472,1.1602663077393987,0.6875650460537148,1
0.866815346591083,0.9501169382482119,0.13020665340530482,0.6770874775871447,0.6154061339857833,0.3240359838660326,0.988612492137161,0.11577891826793073,0.3230442678455265,0.2774760991209835,2
0.8996284424217617,0.1799373480865141,0.4513228997116845,0.6002287312979115,-0.009105916587161728,0.093560282895793,0.1386174463235779,0.031117479904975796,0.02067385581664835,0.5844168698779758,3
0.07231389713966672,0.703965262686033,0.024112891875978926,0.1798529077302617,0.9667555349914541,0.5150986578277249,0.3845088764828854,0.3731483122277353,0.07096290233708634,0.35829203997254977,0
0.740768350836561,0.06376637676824334,0.7290729657411514,0.281448393858222,0.11391121153857518,0.9891638288244355,0.13579195291864568,0.4653899263011999,0.1615258549820072,0.9019144090627287,3
0.8282456547685061,0.6241806304388757,0.6874529391697298,0.24539598981550534,0.42926333393157967,0.7022850029712348,0.6098694131423349,0.20412680274109127,0.8773527748316556,0.853076367939794,1
0.6070324324467209,0.7454448609774574,0.31629468262232485,0.5188933983478099,0.2799589578437811,0.40644076536661555,0.895866414982532,0.30861834098576635,0.8522769569428394,0.379216693534696,3
0.23912856852428552,0.3536193129324877,0.8919610702908276,0.38737187755566627,0.7643359383274066,0.7648672422168867,0.7299854222524322,0.9799587230972144,0.6587906511828464,0.3813722317701428,3
0.9064470250662415,0.8993017419660462,0.11525331065073596,0.7691062723525373,0.5819582468917154,0.3430253538570972,0.8893850845960376,0.038244434379244255,0.2861711069840852,0.32576761468975335,2
0.8639293953707047,0.3047751277775918,0.7005432093132311,0.01701178126733617,0.9088532537806028,0.004764633905794074,0.862447657511344,0.6692212847837862,0.23827433842886028,0.7411051413203564,2
0.6935079283935645,0.28406937721699826,0.9410385699937202,0.40922643009239723,0.7268158587539693,0.34240693765947106,0.3443235057887605,0.03204647485996329,0.5340882765433749,0.7895389972286762,3
0.1838017019266228,0.6382306357158882,-0.04660082621177325,0.5851117569573046,0.07031431226791357,1.0667653618010142,0.09458902528068419,0.7597843833052772,0.8399375362904535,0.5457228656591194,0
-0.21862636929125595,0.10092853688003582,0.2729815072908872,0.14622216448206346,0.5441544263177382,0.29942700027137237,0.20103320599646157,0.3712530577912694,1.2352227979672814,0.5493103590007357,3
0.20993380902598763,0.7304403404672104,0.08261990345549902,0.48413811564565135,-0.07004972546694932,0.4884464180222728,0.1218420047455558,0.9307603140781681,-0.23427602779287843,0.26200657298405433,2
0.00820374761097791,0.617935104901734,0.8114904600039053,0.2302805062795156,0.7259966206758068,0.6745166153601962,0.5264246142330056,0.0799989840665665,0.7782655098992093,0.021136985642429797,0
0.7846118755596128,0.5774931435088391,0.7686099642365202,0.38853376572080434,0.6201872314559499,0.9306348815767072,0.3122279792204381,0.15566849915501155,0.21588450230790904,0.8478112778033421,2
0.7807786696366061,0.8574325186744778,0.7752072688319134,0.7608596292928858,0.343751767102717,0.7767089313516345,0.313053888631159,0.0431510159563781,0.6386869277133057,0.1934870562322204,3
0.9000419963174356,0.3915237099551403,0.6376971958976928,0.09911393593362619,0.8828284561078933,-0.06078390797439634,0.9320077736812554,0.7267917149602238,0.2327862103779441,0.7300845473459325,2
0.5080632465521037,0.8222473053334768,0.8780192483269961,0.480723306443031,0.766691245129721,0.8207164803944791,0.5393696222011667,0.36137780234686284,0.7379434503380174,0.46590917469003196,2
0.647677811018508,-0.061137631463112754,0.7199312272919018,0.1193057841260834,0.044709223625629006,0.9432586055282298,0.10988856692489116,0.41691045334038473,0.24562185838300363,0.9267311197454815,3
0.9549459503164913,0.12592695394219983,0.9250828507706741,0.30382242173052754,0.41575465170781134,0.38186202512522516,0.44534684369729893,0.5838630168416179,0.4336612653605874,0.3641274682607848,1
0.8153724001145143,0.16528239205037537,0.2805938034235652,0.28226503145734483,0.773513512447745,0.8958410472070705,0.7419157277193635,0.5648965930638776,0.8026594909376723,0.06161981885436537,2
-0.18351570931069713,0.255620723387047,-0.4985532474326969,0.3190340095524268,0.40026761569034847,0.1784395498110457,0.6104212506335842,0.4841731413378375,0.8097808728652548,0.18190547721546282,0
0.08351800291380763,0.9683791948803084,0.238373210573279,0.8478080483355698,0.7089155421248136,0.1425003658367267,-0.012973862051793357,0.715112699166529,0.19988629037891745,0.9673530068684795,1
1.011860235827111,0.6044595168885928,0.15899295938862407,0.7352523665158293,0.9094631565685993,0.7660646055990644,0.21459417123754812,0.8014392610677306,0.2382442508339525,0.2883584522880348,2
0.016093173805905435,0.6104692076409037,0.811299121808469,0.22995075894328632,0.7301148535514819,0.6815243681160517,0.5310202791664932,0.0806114450186937,0.7787665930230353,0.02019781501134482,0
0.9417736733561957,0.9281887041144198,0.09719260875210531,0.7503591414957212,0.47258838745649046,0.3519197860821714,0.9916624333901334,0.0045130936508424,0.2631719467186565,0.24636081284690978,2
0.11375430718306637,0.24637440363272678,0.28133386855783504,0.8350985512271115,0.4065054558600026,0.7247705577761167,0.30246060993783136,0.8313975864450779,0.7493981806083209,0.5816946405244086,0
0.016508987395157083,0.8832495730003778,0.28359143542014803,0.8335079415369715,0.8218832825220928,0.030899917079814078,0.003652257407468655,0.7838525251770989,0.22610672773579188,0.9445800811730262,1
0.32471740640824126,0.1722083184886323,0.056194294075969826,0.670779467511264,0.5349085893328812,0.2929977713742546,0.768198180373093,0.2799576157047097,0.006328474994640537,0.6393577033400784,0
0.8193247797893863,0.5667984723089396,0.7827498361163792,0.39605857763042235,0.6273728454396972,0.9273280474135229,0.28316456015544866,0.1560874902145516,0.19678091323309307,0.8441486207185933,2
0.9969317676567734,0.8267815473146104,0.7625454068176214,0.5864407799043425,0.11843264686834884,0.45793186351326204,0.05919527177701195,0.7439579794189578,-0.021572348230880008,0.4409329989168804,0
0.10823157062418204,-0.0056014330581756755,-0.04432937870984155,0.9072018448116534,0.3656504340799256,0.15447828928976495,0.706049364139241,0.4241058469177066,0.060584036494826146,0.36840844641584913,0
1.128716485483605,0.576726816994148,0.9305542361318598,0.13981186878503443,0.12700766252993145,1.0706409147927718,0.232252342330556,-0.12124144196182601,0.707832933455778,0.8414960783717811,1
0.732018915093926,0.23364682551122615,0.32670342330356544,0.20514720853570792,0.7449681475888245,0.8750035560959304,0.677887881293922,0.5874813573383734,0.7859895138677295,0.046589091822354385,2
0.7367311965856355,0.2502526439254675,0.9191959836018656,0.37271135085402046,0.703112462272214,0.343421909001205,0.38815058804508656,0.05320279228537776,0.5429247443966391,0.727859773380987,3
1.004312829715831,0.9560046584555288,0.6420792353184939,0.6326929229605709,0.8037797716953893,0.28849042040982553,0.5419503545799884,0.017430008659064813,0.9421709323278927,0.011323929907008732,2
0.2391308658394772,0.014047849509387977,0.640436659193806,0.5958024475221253,0.14906643074492554,0.4514372239372729,1.065199552305595,0.844185178617701,0.6343701399302156,0.3135767133275761,2
-0.19859851620626018,0.15086061077262997,1.045635486719761,0.9479485292373403,-0.10722012364075159,0.06618982456734762,0.6367741266175283,0.8802311145692082,0.3443039776306225,0.5367558015486213,2
0.06673054205902049,0.8919721218067688,0.2911218317808917,0.893800348072316,0.7632786775564069,0.0543650720842286,0.056645646457038144,0.7079821462459562,0.21419434783801408,0.9602413937337493,1
0.08464292371661584,0.12863008436375611,0.5035683190479335,0.506763180067002,0.907039541097286,0.3696573461913223,0.5271215443118742,0.7181311960845894,0.3847390867600551,0.16676319145086133,3
0.11171344558515446,1.025262224943984,-0.017401312577074973,0.040984505863239235,0.5366938501576273,0.5783890457346399,0.02481647551161903,0.03630939802033778,0.4369722475441058,0.49448014992676614,0
0.12099456051890475,1.2069057977816797,0.329512913351862,0.07831641188457422,0.003400602455157997,0.7431826132624486,0.9864337052928065,0.3907894400654358,0.08958887771208618,0.2916638875788676,3
0.012783670005138272,0.6151085341542282,0.8117941944849015,0.22335775701738625,0.7281869315483046,0.6767290330829571,0.5285266892249465,0.08113302439251824,0.7775302296914214,0.01737023187467742,0
0.013092350192947707,0.6144572345605385,0.8147039029033208,0.2276181310349801,0.7294376365622017,0.6791497040814696,0.5309232841740734,0.08247568438050792,0.7776407283767265,0.018813535854983566,0
-0.4032179933639135,0.5960477890723157,0.7421032290299429,0.94158010631514,0.011217666191623954,0.8963311354233288,0.6315402893419978,0.5893323350137302,0.7372821581076779,1.119098779024807,0
0.7815443935013224,0.19239014850693942,0.29556844010744365,0.258884284095298,0.7814329718072378,0.9040600852623775,0.7281518196611095,0.5500189776096787,0.7967172091556332,0.09406688948442912,2
0.8244750119649111,0.24836650729854115,0.31858837731248524,0.2828016508004735,0.8208082450976554,0.9572041163522378,0.6971475508774893,0.5704991352390173,0.767479291968121,0.07716462310204096,2
1.312891179197073,0.4379827492460575,1.1650357663922488,0.33646382672925235,-0.14808521200963876,1.121076166921167,0.5928552038334963,-0.5134552940290079,1.1459554638979792,0.5732666308356984,1
0.012689790190406424,0.6139152266345332,0.8144690542486664,0.2269293554162103,0.7301857926677496,0.6788544774783093,0.5314425077265311,0.08211283197038782,0.7784815613948337,0.018721495028612683,0
0.44127069267332575,0.5853662011911023,0.5748898494954864,-0.012346141372692705,0.3820104127159327,0.45739407377984953,0.5785685454100276,0.7721684487726861,0.684843609791591,0.23035519937012688,1
1.0684834596356345,-0.04308222077763815,0.4587704678805734,0.808747651280253,0.6925147261741738,0.9875627164264227,0.20387529981476463,0.8309508107549005,0.7748720765399936,0.3912823991165919,2
0.3150030655418561,0.5196103294724491,0.8537804800654135,0.7869871350727428,0.0021451990244768454,0.06762038230269192,0.8139875753837535,0.5850557495956759,0.5212988746524431,0.6840516401481627,2
0.7896553860088786,0.5714095204967917,0.7882188844510832,0.36421620357548457,0.6437995600054196,0.9267853807034336,0.3006274274418894,0.1705078828433675,0.18935739636363,0.85131545857389,2
0.7329409465012325,0.005453890781526763,0.670635595559602,0.17509853337316406,0.1278300736331545,1.1188401013176557,0.26212056727015753,0.4267787285646702,0.17769817292935006,0.971679526033741,3
0.06031621647131205,0.68314081598397,0.04935731713059818,0.2532880360564162,0.8505878090764726,0.39659207124347434,0.36104740494970616,0.35319071984593364,0.16849432576529189,0.39885521621360587,0
0.6932855080688994,0.2710778899946172,0.9001704365851569,0.38325652211947864,0.6915309624998335,0.3835655467181533,0.35364428994801983,0.01353735181307723,0.5652257787244095,0.7969571829432283,3
0.06792302552238491,0.3034060718684649,0.2892324685389696,1.2698591541678432,0.5371149685085781,0.9816193800026092,0.29834937115004867,0.8780741609595872,0.877517985472015,0.8898539292298797,0
-0.033001571782113964,1.079340819316122,0.5903603587425008,0.71599428228119,0.9936307135412389,0.1597764146044342,0.7459741492545898,0.3698397352711833,0.6043237428373189,0.6406761340292848,1
0.6173367432982215,0.5168152100971732,0.5934708378218447,0.6545193667579144,0.06904334808573993,0.49854292603303557,0.75468460559766,0.5733947677294807,0.5155411935453463,0.08197990177586464,0
-0.10149843545098575,0.5346044275920022,0.7449949607726735,0.02606928180674617,0.9232129369287002,0.3554789551403869,0.6190289645674945,0.7822133667264889,0.5536419129841803,0.7487599035570813,2
0.5540535882290355,0.3783616649017345,0.9702580303594259,0.21012808155665427,0.7242523538409654,0.7765379428052168,0.60201021888742,0.9178344049601451,0.5711086605836262,0.29612975925675356,3
0.8980502731597093,0.30342997762016255,0.6104708962060386,0.42135065122799015,0.21065730780279282,0.7126649007407407,0.39085143813668455,0.03288706252457731,0.7751932793999203,0.953618713171624,1
0.38179495115721446,-0.39869200137808003,-0.016608933481012403,1.2793957093226316,1.4245237630259875,-0.13387582569632667,-0.3450958355931602,0.12034399377926147,0.42033742988813744,0.0033677980089661386,3
-0.0053710651214726735,0.30047483931387264,1.2445640357219943,0.7149218783667005,0.2299215760460001,0.4649720757274968,1.1030110455785138,0.7104102026041041,0.7219276846501602,0.9537723921057639,2
0.8093068406938235,0.3177074651214615,0.7269231786862523,0.05870840212813641,0.8466649554814214,-0.050125055157065904,0.8022519599650884,0.5797126760037238,0.2273070555346952,0.7495603121450782,2
0.8879208664159594,0.31594697857958753,0.7344171826738154,0.06390953953554454,0.9000346043032069,0.04575469746842591,0.8454160449173185,0.6830448774564961,0.21717470205049508,0.7789803502704532,2
0.7962351986389171,1.009855490531213,0.0008199078882956679,0.7846713266417937,0.6466855326626617,0.2518684840017407,0.9219760583283747,0.037111284816828266,0.26669470726350614,0.24149688941892472,2
0.9246269852668264,0.23347123508066037,0.6515895922385329,0.08950429066582778,0.832204857750445,0.045998309650452665,0.8419574179322615,0.648593535043955,0.32371062244640303,0.8099788367720979,2
0.628064970337558,0.5902719671550875,0.2775355029381775,0.2364553416558439,0.8290283415532448,0.3081454104960449,0.4144015041016284,0.07773145082645792,0.2062338883026367,0.15693630819158233,2
0.1068469712949654,0.15358949776625402,0.5400512333705563,0.4574833698611799,0.9258538275368772,0.3288145112314849,0.47023080864987177,0.6979473913711485,0.358892610218536,0.18400864175044418,3
0.07646644846300732,0.9661015978833862,0.6832301582897587,0.45395015806094513,0.7866256960770518,0.24368500904287108,0.918755175222657,0.40480637646785,0.6014716846703952,0.6356650425102323,1
0.8525693319934934,0.8353766666156881,0.8258963567117883,0.708824988282144,0.30517224315056823,0.9258684347821519,0.3393659273276566,0.13673269576100372,0.5827588085397792,0.04977905982126153,3
0.01294126337440023,0.6144951235226351,0.8141055315926558,0.2271055283337824,0.72927418600732,0.6780196554579452,0.5319238305133137,0.08299096218544744,0.7794002556270382,0.01827298907622631,0
1.1930752308151695,-0.1464552450459255,0.7953070591291962,1.1000958151511175,1.0068112313186395,0.983039035601056,0.040169331031653405,1.0622752220817846,0.9037449451335564,0.3173161246785457,2
0.7245227361698721,0.5424602159112777,0.5454590933040337,0.7107434465231712,0.03205568633561577,0.46295999622405637,0.7995057971345032,0.4903109343975903,0.5004903586893549,0.06438753024772158,0
1.0335514934636423,-0.004866937332174359,0.6433974405496188,0.16452602629756763,0.008529818561694213,1.0648990483944818,0.49403047670092126,0.680552274617616,-0.22108166620435532,0.7340496524069511,1
0.8153336314609394,0.830569768220977,0.7835373978704847,0.7772122081055411,0.9412863584733245,0.24481630000440724,0.3748877202912728,0.7834562316347983,0.31156764351040633,0.625149003441046,2
0.12937675929290335,0.5577336675556809,0.2306484265169971,0.23894045202843686,0.8929741000731131,0.14594644354128164,0.1843866037784677,0.15234950498774055,0.4236993025696758,0.3031255933523465,0
0.6557486099190601,0.49535168366946297,0.5986707124711046,0.691214034440572,0.06767111134730541,0.5112502186075994,0.7376015488736986,0.5438779928084507,0.5481065636148116,0.08820706088215093,0
0.9146037977624725,-0.09663575911671343,0.5351840786766718,0.42671856843095923,0.15540471601836026,1.182597901299331,0.45813905489947876,0.6552920708834606,0.49828322762401417,0.5976430221908593,3
0.9059176746180734,0.9008932295979707,0.1158690117721739,0.7762088172544497,0.5660371249277072,0.3251394151850954,0.8940527883907965,0.01845381650825042,0.292493763791648,0.3051033207077688,2
0.4717250553005884,0.5670091637016327,0.23854002194478244,0.6782359519747393,0.10812100363037912,0.3518916672141835,0.8383601728911027,0.37104595777158544,0.742282786008341,0.21504083499712826,3
1.0972601753338531,1.0166457931450392,0.6988599575704625,0.8572392143004249,0.7159123677485355,0.23606447594202387,0.6066387153019149,0.24785494253335916,0.9729375317737808,0.24121746831302932,2
0.699243998405246,0.2766987176615772,0.9407269277713717,0.36365716488101324,0.6945826876039163,0.3562480956052996,0.323899913081962,0.019246858655214912,0.5575165032230829,0.7864757103614672,3
0.25056222823291957,0.3922527991664857,0.899735813915498,0.7121078412973445,0.03223961276307653,0.2101101228771438,0.7547260614022969,0.5706982681532194,0.3476964849015049,0.8289074229479895,2
0.698097294608566,-0.1213794869284214,-0.08577536440367506,0.7024513081727766,0.9833048019290997,0.07540749226845024,0.06309756858090598,0.6715775718986001,0.545795434297757,0.5956521422356651,3
0.3080115525510227,0.5101445304379993,0.9183555881803716,0.7164610113319956,0.07325395628921474,0.06107785989902344,0.8710612623404029,0.6234681821123091,0.32744584018194556,0.5545279851904956,2
0.2248744959176351,1.0321797872214546,0.718936183415328,0.5546352410611102,0.9386155284197182,0.31449821797172833,1.0391128356627992,0.4276730860046124,0.679440978570833,0.6890068723304168,1
0.5999911016326686,0.38263383062675393,0.16138916809797615,0.7413503826341088,0.6897290915331307,0.23682547201586457,0.7892275572768497,0.4922863085689236,-0.1935845623664175,0.5661255117470262,0
0.9043228865196019,0.8856657042714386,0.13487871592448228,0.7533910199624493,0.5521075873956136,0.3319132779798324,0.8876478150957811,0.02263230800082802,0.28139289662169026,0.3259784206745667,2
-0.20421156576405214,1.1504434370838368,1.0236774642279143,0.8565772309646716,-0.4148763029611826,0.4609902211511142,0.3669265468058577,0.557744774098894,0.13056301328696948,1.4156406377407302,2
0.8819675604521364,0.41653399035435146,0.4431373742828291,0.6351933223556192,1.075319022262142,0.024849907440798014,0.8850369327295947,0.5764603180738592,0.20078121040413813,0.13498887952948033,1
0.3816324024424025,0.8374040824915863,0.11508487231207819,0.31244044238070934,0.6413148457177392,0.10909716368029024,0.8762309179594618,0.36671498737085373,0.6162744571701917,0.6943192255897374,3
0.7373190254391545,0.9962658519464603,0.7907560177182026,0.6227501672609794,0.32886666667893744,0.879616475391512,0.2663572280232561,0.21554544871464293,0.5690987075333552,0.07585342613921325,3
0.9791565178561696,1.0059375340761822,0.6327655249450506,0.020180721899643095,0.09282734466833853,0.19152752845470572,0.03679065028344036,0.7382373854096339,0.9619175294553384,0.7168585402531965,3
0.2159290763436073,0.29367158674048444,0.4041983714314487,1.2911803067176786,0.5546471120874659,1.0529545509101799,0.6754466477652667,0.7001387793566627,0.3799447591801059,0.6375501572011516,0
0.8087507544013183,0.8219152330482015,0.7588954081468106,0.7805398489999402,0.9071428988129039,0.27521534060070585,0.35308319579122577,0.7911202390831791,0.33025263218612755,0.6340370524343104,2
0.0707899166430031,0.44113746657213465,-0.010249820753429673,-0.11285370740877143,0.4163270027647318,0.6534140519993241,0.14292356463309855,0.3539507761075107,0.5193860141888399,-0.07012187539357917,2
0.9811840326564433,0.11485362860960519,0.9496410970338188,0.3421453529406386,0.4759038871340891,0.44746701844307707,0.4510682572907305,0.5418756824616837,0.41395931881579007,0.43290199113494193,1
0.7282538726753445,0.05697445924488031,0.7422159955216764,0.2247508227287409,0.08391075101609274,0.9585240867150654,0.175957998294138,0.49940556194798846,0.190789301898689,0.8782488385740631,3
1.3109937495642887,0.7058399731682445,0.2799112662484906,0.4704601444157227,1.2205835431992424,0.32317285787959826,0.5392016122095787,-0.16137580068677174,0.47797020528120593,-0.4546265941741145,2
0.012471579862751676,0.614187125245671,0.8143405967729426,0.2272282575554628,0.7299712585367667,0.6784323164538784,0.5312775365853554,0.08207758412015655,0.7786699787358751,0.018497339231295786,0
-0.10091684835862377,0.4307760685965839,0.5941398379185502,1.4113542355506306,0.3693484445397524,1.1777313189937966,0.5473463598272725,0.5753075116734315,0.291525316456044,1.0053548027519155,0
0.8743299917449261,1.1459898307053442,0.974994517244761,0.7194573037927141,0.3661127120121608,0.8276944566774136,0.06761957458178838,0.1346864860868754,0.4710551523674033,0.1115743878776898,3
0.028747445805492156,0.05584030175449228,1.0720538000379585,1.4873631994398187,0.11398880515466218,0.20911678587311108,-0.39672525749276605,1.0276906279409537,-0.6589673216709023,1.2403520239795633,1
0.164022315166628,0.8617968781187971,0.8107212755352503,0.3037314685523458,0.7431282016545842,0.17169014578870015,1.1266391969983842,0.365540988007393,0.5158723698650733,0.5306600241927292,1
1.1350134610783613,-0.020387381792554032,0.4377547847768884,0.9189195759231356,0.5465104322420373,0.8386461301273401,0.3079660046640444,0.8023673426036835,0.6135042742402311,0.2220722160464132,2
0.4034661001890146,0.91566949272526,0.6715239481567447,0.2218455149024114,0.13701218064999876,0.7866588317161141,0.5305384987816488,0.40397837598437,0.446097127948936,0.3874061630812593,3
-0.02230409964918581,0.0874104161276035,0.5051213087297228,0.174435098895653,0.9295423216828334,0.43333265203946875,0.036118628218782534,0.611507180591318,0.8549471062341436,0.8808169397971833,3
-0.25200479130771336,1.4276632220884624,-0.047041933545837744,0.37976189565470886,0.7739744164272835,0.09281120279476379,0.1125123811820737,0.7904150849974894,0.4490565494161833,0.5485418507239497,1
0.659063281779899,0.16977667846229222,0.8747187441881626,0.19255228175696473,0.2293450207548142,1.060586676034333,0.20130845456358612,0.5094770970554046,0.3465900644113319,0.837392313459237,3
0.8946035037842647,0.9219935002543561,0.1552139737320365,0.7681638312757801,0.5462642707170887,0.2986341546618228,0.9252722160444159,0.049515369961832124,0.27999071710595697,0.29699478562365017,2
0.9999319610354985,0.35664149232595205,0.17907799353611065,0.4198881701053835,0.09440961136672338,0.10753385575419992,0.4929385375223112,0.4741636459385659,0.21905787149443237,0.6127829580688332,1
0.01686215973110733,0.4249184548433036,0.23394001028014139,0.4334242746844183,0.6177825494498996,0.22446778039840615,0.9428722663820411,0.5966839888518861,0.9289994199056745,0.15762188413274972,2
0.5227233886823888,0.26882399249369787,0.8699122161614063,0.48447868274554184,1.0825509618366689,0.18873010762103862,0.9129477295520767,0.46364104631180275,0.8368220444782644,0.21621430973682454,1
0.6558400267771755,0.4905571187218178,0.6046542084225797,0.6748144991233824,0.05361504507611283,0.5033123637543788,0.7461394441953997,0.5278431074170251,0.5449596443285127,0.08165932693058982,0
0.05417578404732981,0.37091267654785204,1.4004486518140828,0.20713699707377997,0.24466243923310954,-0.35852455535670136,0.5778287004577224,0.9391430121600653,0.8623708974862567,0.6242474585502689,2
0.8831518290069101,0.29783297790459673,1.4508227136529517,0.2460185917081732,0.4821586325789168,0.3921972050887098,1.0892946246416795,0.9784136770078895,0.17686579684555778,1.16031279732846,2
0.022864041919212597,1.1401082406123437,0.7092561493079933,0.6813510014623826,0.9162829665894111,0.09613370192178272,0.8347107436325004,0.4203485833583161,0.5945692697371031,0.6354509330385297,1
0.8988961375560216,0.3097559767475559,0.7588431249860511,0.03690748092204372,0.8655514960847219,0.048837912727979584,0.8031427742137182,0.666519424121362,0.21755503259025025,0.7513126317332146,2
0.2222816844968357,0.8306765005251415,1.4839252813354955,1.1348823179685574,-0.5724945221349307,-0.34638501120675447,1.1370308781116343,0.9335409587561794,0.8924174539570422,0.5589537623359726,2
0.06293383246323346,0.10524347944656295,0.5033336772939125,0.4986624066298927,0.947938075314829,0.3161573353889092,0.5128687840487106,0.6790784235068068,0.39489860434143725,0.19878768934004898,3
0.6559358937301291,0.5005163927970733,0.5927884764000484,0.6828448006779118,0.04627148552715268,0.5010389144278857,0.7595263911714875,0.5443861584221553,0.5394157627774099,0.08128944570848805,0
0.852358422821611,0.5539771344697888,0.7789232939661124,-0.27172586662869835,0.610693221859371,0.6387611068822544,0.016691764561202582,0.7227527573532723,0.4773997387945703,-0.10989327400162524,1
0.1679817364415222,0.008857995896231548,0.2076046003949966,0.4581514434403299,1.4180254150763392,-0.41426359751286,-0.523138887166975,0.7028171012410839,0.4601094144116199,1.0160399091067793,3
0.07805097608330444,0.7144568698042222,0.47503347403995533,0.9341640927670487,0.6392724667236994,0.18389766397118285,0.07206624442367683,0.7687456297734853,0.02123342908591133,1.0775398397544227,1
0.49370436928243755,0.18489345519679623,0.9821684410343893,0.39887516081414315,0.6606550880409284,0.30594851063650963,0.33103590726871035,0.38941006602904266,0.7819319823581297,0.530149837799804,3
-0.00028324166061002853,0.7999921237659116,0.4952176833847779,0.3729368602558183,0.8540332540256501,0.26747885408255145,1.0767641960448868,0.3638137809028323,0.6554622953960357,0.5249743497909376,1
0.04468592649686292,1.3623455511471574,0.04619600987318373,0.4866808090935141,0.7850415824736987,-0.3256450043486727,0.36959594313710215,0.7015576515281494,0.3786841257439797,0.8784840374681593,1
0.16618422600660793,0.27909204662769316,0.29283357931252524,0.9726149682565088,0.4867111822693973,0.8120827937789274,0.5207780938613406,0.709361399649079,0.5466254741967023,0.5744919487365464,0
0.7445952098892729,0.5822420123321449,0.7609507250120159,0.3177596405557108,0.6653783854755865,0.9426455058536963,0.2842023504142454,0.17915962177963293,0.21963854161437768,0.9036442457396385,2
0.4125674137333181,1.1049417059638313,0.94345778964964,0.8559429126055743,0.7603414947632638,1.2517824107239848,0.37603544479240436,0.6192510644251717,0.7576719914656663,-0.18817283744530072,3
0.9192496138635435,0.7223776707050655,0.2469601388386669,0.4285722054697071,0.32544780781130994,0.4577292178932988,0.5687540861820355,-0.4214184653624845,0.8567108831406369,-0.4283949002737173,2
0.5784999386295097,0.12207074406006357,1.0178349691183564,1.0918181097866992,1.1626160280819962,0.24583663386737042,1.0465200087588968,0.3599060446395083,0.12628489140772353,0.5992681324306715,1
0.7354734086376851,0.29015995708447445,0.2749052055851359,0.841259983554065,-0.4085620291206664,0.8524722502212948,0.45435367530811,0.14416084694528125,1.061855476213608,0.5915319012686884,3
0.6064652851480904,0.038428582427735045,-0.008760308520043253,0.8024131369031807,0.9312484553665868,0.13475333549993557,-0.07356397524782979,0.5174312210324511,0.5927481512573263,0.4336383134188994,3
0.21237146874175414,0.9334333075915262,0.6265381314778184,0.10396212629255897,-0.10523437237921746,0.5173315117255544,0.25896792415288655,0.5716436788472194,0.28562443303902185,0.7432838917941664,3
1.0076509921796124,0.5027000245004255,0.569167357517668,0.48044424108882294,0.03295215919343858,0.8078038657990376,0.7441764038462517,-0.03387844316910437,0.8713500326492203,0.9954053223957527,1
0.6521838730500464,0.5771528111384763,0.6389272765792718,0.3692735618846129,0.6241421788184703,0.8456751325157105,0.37209419639492075,0.055170925757466446,0.15363596364355442,0.8544242907249509,2
0.8638207248493834,0.3202446116313983,0.7051255109213216,0.050481725722352946,0.8939317118611304,0.04440371545009022,0.8810818248118376,0.6626929265097884,0.22423034894730204,0.7408536245979448,2
0.25546069796971366,0.7377896038364053,0.9505941182672231,0.12932397100362333,0.7248145691546258,0.3646909304607242,0.8006575956004891,0.5725330820992026,0.2764850218586447,0.4906764641316825,1
0.3086473549980411,0.7139559014903157,0.6106615145555571,0.4785977244917083,-0.004341370813068346,1.0691271853160331,0.438700703563067,0.5625218014397146,0.5316617666748109,0.19014773746616817,3
0.47800669308969324,0.20043376323017398,0.984961878762512,0.42485979336804064,0.6848092708032559,0.32803059261244505,0.34198613465268574,0.41509642555577914,0.7646130700393193,0.5280244145903421,3
0.33531397920811074,0.5102942112039504,0.34820743924150926,0.3081129446876294,0.05868825092640946,0.48639533481661523,0.15092895391591463,1.0062076677394436,0.11381560263472934,0.3727150631595307,2
0.866943492072079,0.00555905303355627,0.548713901727403,0.3690099534870308,1.27336938058465,0.388973658735663,0.30524442826180004,0.2617288297437669,0.589357318387101,-0.010730250861178237,3
0.16328186128078861,0.8985054227182294,0.826574564233818,0.5959799241974705,0.7817005555247147,0.3415218077434442,1.0286940989988038,0.32662102651623753,0.5945689123669747,0.7494995942132819,1
0.8282162821254722,0.5807696671795617,0.7402306738616591,0.3567271489666752,0.6131401148233253,0.9148640022788697,0.2562385890609788,0.1948970699311554,0.1772973867286362,0.7897086706816292,2
0.9118498033254292,0.8958179231137058,0.1111277542974761,0.7837743722092725,0.5683769008108084,0.31643585401757546,0.9037157173615977,0.011779539974481449,0.30611452354673885,0.2978034184604602,2
0.3716037798637422,-0.010136976743581765,-0.02177543421089069,0.7307463407879891,0.9193074578804828,-0.1230465467072735,-0.16824916466284298,0.2778801345480267,0.8345676379092538,0.26689789495018595,3
0.6659372319497586,0.1387039856845923,0.693353760969328,0.1466416176615015,0.17127143627732647,0.7942979936304801,0.36393252817241534,0.5488334847135435,0.17097415553536552,0.8677887808292691,3
0.5591700522276575,0.7091498638484443,0.9527909806808578,0.8307240550963012,0.46212514514852254,0.21175257569668268,-0.004769559558823772,0.7843376527714827,0.8076339441649039,0.6007744818406229,0
0.7641498013732766,0.05089488550232034,0.9438788677593103,1.0846915644659367,0.7903107278333289,0.831435532665521,0.5035463845712109,1.202658896609109,0.6994736436728162,0.13112045871494174,2
0.9657106631362262,0.21522384152826263,0.24489341836377332,0.5486348923219074,-0.47949905346723865,-0.3479247665450312,0.32384530243599546,0.8902241270801329,0.31706797979856516,-0.0072555138433543775,1
0.8700485593999431,0.2628160645646555,0.7610818133468228,0.010712048072827201,0.8664642842927982,-0.0278765908595656,0.8793856421781566,0.6326860298783096,0.1892474315082469,0.7313299714793674,2
0.9527611624265309,0.13032782754607186,0.9295734540540457,0.3049512454784535,0.41801009135176814,0.38255324006508284,0.45109852096467623,0.578043232126247,0.43587251079107137,0.3653049962701881,1
0.8687006616039609,0.30781160664204466,0.713550256807064,0.03722748269274943,0.8925423066789867,0.015358656507250611,0.8671291387994491,0.6637712820349517,0.2236228013471362,0.7589498744665515,2
0.3479924984385423,1.0747644881716683,0.18339569166149539,1.0794129464801046,0.5638876182430438,0.30771567730939486,0.3256533200578221,0.7549229591438573,0.40784665850149027,1.002614407911492,1
1.0283497524363743,0.07374564195040807,0.11166630303084063,0.39458125443984465,0.19144989263857456,0.28996512337219554,0.17486842927682897,-0.10382133346145997,0.15695814710854594,0.6757808093961327,3
0.2312166139022187,0.48552078017095107,0.363759531417416,0.6730039565085427,0.4683384593385782,0.7140373545696492,0.726313539257025,0.5400772916243088,0.22162435388305618,0.9150143228357247,2
0.8097404732782822,0.3106094453101534,0.6528177288981548,-0.0004615271425413639,0.8463390829823028,-0.01634702425001283,0.8463016124747266,0.5949491024603848,0.25019301724688175,0.7079782766730481,2
0.4288629498709511,0.8094668776199584,0.08788748791217177,0.24620705578100133,0.7024825508617097,0.10848157794253126,0.9015187360482646,0.3216934656675833,0.6147437067033285,0.6598029873908366,3
0.2910918223130756,0.5531963370114562,0.3365792097651542,0.2803243905787694,0.032531205187661345,0.4844195271654017,0.1847897467304889,1.0284426135604046,0.07257466753269295,0.3602095039563569,2
-0.07948821657639044,0.13546656804150145,0.4533769515569201,0.6430428485233373,0.166340103893494,0.7293504176966799,0.47990426642059203,0.5797037295110397,0.5320526928109078,0.9992364513877584,2
0.3916537081502449,0.7683717734297439,0.10567531661924588,0.27745958914046825,0.6168789228801836,0.172830530522409,0.8679613071238599,0.3594271512016071,0.7368257725955906,0.6825552594102106,3
0.5793554101830602,0.2550065833107255,1.0708833825540212,0.33493316766252046,0.7880853747777695,0.3672274146415965,0.324526328385026,0.4773628920546046,0.7612628959752928,0.6542362972407252,3
0.8939177445132044,0.30254548678954724,0.7254453921625845,0.03027461528010003,0.8439506323440373,0.06668923316939124,0.9015471661680162,0.6477342310193865,0.21632010481976274,0.7233127991421736,2
0.010517093547148755,0.615837501072313,0.8135870058227587,0.22586377422609832,0.730198398908169,0.6789436297303867,0.5302702784007782,0.08223472035214018,0.7774809373768199,0.020265600158332217,0
0.7857216716716849,0.10279619758767883,0.7979394430465335,0.19266546106081428,0.059699579428592116,0.8765509908468315,0.2077072407405808,0.5081344850844935,0.21922126572362638,0.8799491174164757,3
0.9232624797240255,0.008593141184216828,0.24532896532736384,0.46936194202040865,0.21472308622678576,0.1638443137634049,0.07319724884715492,0.05721409679592622,0.2566579703687212,0.8002284799271944,3
1.0156571054669312,0.7252524443633777,0.8728530578578688,0.6615633042939898,0.0012595183453572995,0.5319065640229453,0.1455134466548401,0.7638741663852822,-0.03335283291133805,0.4460597592383664,0
0.5909074591217599,0.1209115007309913,0.20182563271263682,0.9290860126116655,0.7499401102898826,0.04931239724699657,0.1576308965103465,0.5977862284932232,0.5916066062538746,0.35576890845442954,3
0.15969947804372767,0.7475529380147411,0.0664834182446983,0.19641755208607506,0.8898034105058243,0.4522637837374126,0.3636832812356248,0.3800806387706492,0.21777562082670976,0.34687647408970185,0
0.9910308524398912,0.466228755981579,0.6878310991320619,0.35801947723596644,0.11552750888071939,0.8473399347770066,0.43904127016102734,-0.03703204709170637,0.6295910223199743,1.0302441165313656,1
0.31455884839875026,0.42381180742686575,0.34382111505614443,0.594376166331607,-0.08701447551295474,0.6202222410247149,0.8685293274952661,0.5481659424291225,0.7267674173869799,0.4010334420127637,3
0.7666593607263994,0.06135601351657784,0.804375016314145,0.31184931192795473,0.024230116440457194,1.0275509879141134,0.08149415067883256,0.6078898168665761,0.08958475020654202,0.7942881786143792,3
-0.1994467197800435,-0.06262478836674229,0.34856487480833726,0.7407523769448123,-0.13236227834874703,0.9095085516092198,0.8767719434732132,0.07998749856040366,0.24977669945549777,0.8151038644650928,2
0.7005749436132311,0.12658395727297367,0.5309237783273926,0.4809931408741837,0.19038406215079784,1.0421160409815209,0.6275813144714031,-0.326024368956732,0.9304963933133558,1.302508660100287,1
0.41218408662978906,0.7911218249589391,0.034401131268910895,0.3105413514712375,0.6536520197254229,0.14721599961934473,0.9094863063206436,0.32278325277724385,0.682651058842712,0.5924917144533435,3
-0.0949611441094563,0.590547585788102,0.3739608844474212,0.4222658278319765,1.0761986057886799,-0.17806204089149025,0.5172210579925769,0.7887065600101681,0.5797623054854332,0.1330002557700184,0
0.32731937709982417,0.475943880377978,0.3321697134299957,0.3614057439397912,0.039100365691020864,0.5467573302575321,0.1576908931446938,0.979393806299628,0.11105974717299238,0.37118234706535425,2
0.0162516801646458,0.6125097953743455,0.8092193459630314,0.23047437447994734,0.7285552162745389,0.6750121854908593,0.5295765943074238,0.08417397617156536,0.7839458585426894,0.016161039796349693,0
0.8400448566505441,0.30341695150159187,1.0138406683563772,0.3377383466904223,0.5418884402239514,0.5179566422596633,0.6182628725540995,0.6100415268687831,0.3931539417098999,0.20155688565855387,1
0.6224708497222382,0.7961870374984751,0.9405849046289467,0.7281932443047634,0.3880024001079832,0.2579414141521419,0.21209250925158682,0.9061821607021536,0.763863763537663,0.7566107714711036,0
0.3926019628640835,0.5751153114202587,0.3566425078382722,1.0797575274113242,0.5225114999363446,0.9203616227656071,0.6650160622612558,0.47001748246909664,0.2796699314433602,0.9394148037136165,0
-0.07624436994293549,0.4549121670828922,1.3306972295836967,0.9070738909439648,-0.004346470961912278,0.6280119148509522,1.3956912853091414,0.8490814410709209,0.7874293643311863,0.44908929158527233,2
0.8567123482125117,0.31852968268698645,0.7299918942735643,0.02683485596777442,0.8820023406733276,0.017482204184785632,0.8897686637970721,0.6452114214356683,0.21441577107966242,0.7509554389762793,2
0.8613946236015255,0.04204198703576695,0.2172255392789173,0.9241348369460616,-0.10051924227677358,0.7576410057787203,-0.00411745373487854,-0.14402867060940114,0.29422034910566736,0.5173438829481096,1
0.6319525623193295,0.4817929143165102,0.603932025450877,0.6778663120884848,0.07421085679442428,0.4807758203447409,0.7560875259013704,0.5140878147229526,0.5373487206622489,0.061061869448881326,0
-0.22847885848961208,1.2457182603415202,0.08090614376375166,0.936836352313063,0.5806849674157717,0.23905220209237305,0.18450403054710973,1.0848570714038244,0.39563126066880583,0.7842282258299238,1
1.0099453005782828,0.44715240706615106,0.6796850104900126,0.2377652299143801,-0.03635306015110096,0.9004963837020288,0.5935894999136937,-0.036260034390250696,0.6195950639995673,1.0289265929501246,1
0.2288743496557779,0.6241593651281592,0.6938446332455078,0.032431282250200866,-0.18577184406042788,1.0018114980042796,0.9494514811715777,-0.23950629060144946,0.920986698385949,0.59270645969468,2
0.6633710037126248,0.6875297629365195,0.5925030797105657,0.8901714236375591,0.8119935837436377,0.09861897822644475,0.29557693632038784,0.707846455849509,0.34141814358139166,0.6550934058428737,2
0.03748814787103422,0.30324261547298687,0.46797748676692086,1.1037475777282977,0.5265417928199866,0.8221713601504475,0.5100311730878314,0.6733403328208847,0.5504074835963568,0.5753555699348801,0
0.7094639675084109,0.15622132250353693,0.787480932345587,0.24614027556477988,0.1741407912837749,0.8728742491499613,0.09910580079370723,0.5770393031310239,0.12282979292910454,0.7741662444775803,3
0.6838776785776267,0.474982082904156,0.6180204106792543,0.6775869959837807,0.05106487621446444,0.4854886046037576,0.7234139671218592,0.5491987666810572,0.5701427661123327,0.05794270516351341,0
0.827381989193733,0.28251861827225705,0.7065835051276459,0.04885762684117463,0.8289345661135694,0.0366513669640732,0.9393362481423988,0.6135012317835116,0.21558897869737714,0.7238317068907243,2
0.8584551265434641,1.0478619321262788,0.6007499850918754,0.6394718528326142,0.8155444203549723,0.1651619295458096,0.5253316342178331,0.11927606341565475,1.069318490191527,0.11732568569780029,2
0.9602351514398315,-0.07269388102672011,0.6096684011238589,0.6720409019630977,0.8799885398115351,0.9374903764014688,0.3743736693877676,0.9131931190454113,0.49572794067288234,0.4323323154124825,2
0.5183508399418586,0.2653697836898707,0.39353620306642445,0.03144584827999687,0.15479420011276745,0.1456501747487832,0.5453822717738938,0.02661292223691524,0.6607798583787663,0.3709692226230345,0
0.10722091875791631,1.1640257785280073,0.5345055364568578,1.1326071102063746,0.8116345481361339,0.30507399487510756,0.06181497445776157,0.3234543754947986,-0.06959553453047446,0.4637707196625659,1
0.49743052627263007,0.8205342360336668,0.8678816634201224,0.4785668394792998,0.7702485523859186,0.8403278058254955,0.5280886741067627,0.34969095890123725,0.7288514459027284,0.4754052174583127,2
0.4895476420452026,0.4910694603249454,0.7406200866363305,0.9938937873696159,0.01776887217692722,0.21970428373548262,-0.07964701466542475,0.9609584717086376,0.048989480284974435,0.32107363949278966,1
0.679238856475505,0.49701906991238953,0.6152092193230728,0.663254766426459,0.06412472884168494,0.5326908785923131,0.7656143576001521,0.5454646100056525,0.539415267904255,0.08810934513869956,0
0.5906294417560757,0.5452651968843681,0.3058702296409706,0.2852941004487876,0.8381016376129523,0.33817910819307423,0.3707369273703477,0.07954430807396072,0.24622144244240596,0.21147353573039718,2
0.7857567608590591,0.19317151513531575,0.29537148752374504,0.2644327768617673,0.786755322483222,0.9071996534352791,0.7248575974219569,0.5494903006057508,0.7956711277243272,0.09285093954441084,2
0.7083330010004417,-0.22371221561558347,-0.3605596874658601,1.2323580119053847,1.35163629009225,0.590877502830101,0.20198375660319132,0.6820729067217853,0.6913818537914136,0.6512291223304245,3
0.8015685208300092,-0.15603175474529984,0.46382706494420317,1.1802370499843087,0.5410148375046507,0.7287592143062362,0.4280371073189691,0.5711060661853531,1.0619610551281826,-0.1251180930149109,2
0.7101005439341668,0.9658848114051116,0.612951552182597,0.9551444894445686,0.6777960790839971,0.4512462288653885,0.1468891621859314,0.9606974919838811,0.5064056573375783,0.5784323947772277,2
0.24835768834576485,0.33070138658396037,0.48225427117163416,0.04845975281023734,0.5179308702425994,0.12601267435661023,0.6100846151681092,0.6602084785459563,0.6603915870097258,0.2883630059882929,3
0.8356717898738555,0.26986852002250705,0.7482982630496734,0.0672675980452283,0.8705009979455761,0.004199855071083792,0.8920703528387068,0.6362493505951642,0.23016509439087113,0.7618928830349141,2
-0.3221748234957589,0.8809810370450688,0.1628478043228429,0.3821690297876908,-0.661262037575911,1.3239640979038731,0.7488079109423703,0.5666591763191273,0.18503933649801618,-0.2525618100662582,2
0.8353478674529999,0.8085684599228022,0.7386550269720527,0.7815513863396685,0.9389492941258337,0.21203015514734025,0.40007029382248205,0.88427140450193,0.3367734517303408,0.6281516931400789,2
0.09871260231390949,0.24974699502962572,0.35776515035973855,0.7420606601352538,0.4839091988858611,0.12299383171557851,0.6442001327400873,0.3214377796204924,0.06228489500465682,0.7066168249670783,0
0.33715340201089705,0.5983923273160818,1.0884246840484852,0.9014139039262313,0.22528928630724548,0.12741815966693704,0.7155248905563629,0.6328475152005312,0.4485397532109051,0.7857400065715386,2
1.0549144407272713,0.5177622041456738,0.6781193555217447,0.34516284701407757,0.18097553027652605,0.9129224066552292,0.38325698323237267,0.06678711322517736,0.6802470466322658,1.0068411837752074,1
1.6226429106712321,0.10907887624866536,1.0443846417433402,0.9514648841055402,0.5621207311410947,0.2070096533257867,0.5761795856554891,0.27304282021005344,-0.12731326215205807,1.3096208524490107,1
0.030072418873246437,0.5047578584593406,0.9608307537259433,-0.28674882139997915,0.9816267221984178,0.6478660916831545,0.8365269264549577,0.6861719319991136,0.4380238018830299,0.17875681768954646,1
0.7169563795611861,0.6024261474930945,0.8649710947588922,0.3126494392968002,0.18443458312308791,0.7250249427155189,0.02997825445329247,0.6840137969084463,0.11380955480119875,0.3631194745694571,3
1.0079605266689033,-0.143345300819267,0.7276144880156658,0.6932472336004996,0.7749723711330513,0.5221114075931315,-0.08284557997168762,1.2151800603422318,0.6848718835605203,0.4663015474893593,2
0.9619393097222823,0.4752937301206548,0.8089743924662083,0.4094908105552508,0.173415482590366,0.9243981865291611,0.41353333686436683,-0.1088750424146936,0.7350716432384663,1.1328367101434293,1
0.8031882696041931,0.6124985513423177,0.7695723781105281,0.4076492084917962,0.5926327186669684,0.9328402342872686,0.31398597503567877,0.14577600828865,0.17432321804456577,0.8410603228610916,2
0.6446349044094498,0.11378989465202868,0.14725441161082597,0.8925984547656386,0.9250563301353865,0.21415902320968844,-0.08073165289495537,0.6901123944042464,0.5365079753432919,0.4366766864923672,3
0.2485497923278014,0.8146747812822955,0.05223386475899807,0.0015411179852146129,0.8477498945343959,0.6021378741494784,0.232865067176542,0.4609225037569277,-0.003948582209985146,0.2788048871953812,0
0.7109871675576601,0.25640959958779785,0.9214041525077803,0.3795332548224997,0.6905361338694338,0.37303724470153504,0.33345273193997216,0.02541633091278051,0.543756991926263,0.7852800253920986,3
0.8662495277950856,0.2792288157603553,0.669245857783007,0.052680457226320226,0.9428454996694239,0.010453341597818997,0.8983068931751939,0.694616592942757,0.18855766159554804,0.7688704571640448,2
0.4045758113973577,0.37497944590536647,0.2263761425342319,0.655858556909164,0.6293628216184453,0.4074234639807548,0.9044025971253997,0.2546509499026062,-0.015992481084566912,0.6802909209817846,0
0.8043342295774718,0.5740737625863422,0.7780901284103118,0.3796516127711784,0.6322218702908525,0.9227848214314103,0.2907017210208298,0.149204928503868,0.21407609213110074,0.8652978950767078,2
0.7986576466336325,0.8020106880790134,0.009162643867956205,0.6865077980083606,0.618551297286096,0.20137841346744303,0.7921816842488564,-0.08895409257903086,0.34501031522447634,0.17689460607589358,2
0.4352791424873071,0.6924847471880128,0.21815262394340965,0.5885297639394146,0.056289852279620106,0.1939172810137389,0.841352097315967,0.3968617267697178,0.5874673677931443,0.10047319111506772,3
0.6217734700695239,0.24398407590699017,0.34387110319406283,0.7747205925950172,0.1873255542399047,0.7710447079352972,0.7843817032527766,0.5000607134269193,0.5009588375629347,0.7664027414511873,2
0.11334614617361516,1.061742696122329,0.6885329358658818,0.4775085730840041,0.8688123704395586,0.2099428653609412,0.929471432986212,0.41639012069086323,0.7428670273999988,0.6083774178764447,1
-0.6404830703477865,0.43091393135438855,0.39478816254877724,0.8012218171299116,-0.12003667627705061,0.35348971193978873,0.16813649364116934,1.7065403397988819,0.9172192293199221,0.26344105245729554,1
0.5904731321077431,0.5501712896544009,0.7719635656606847,0.9696226743931017,0.006423402418539559,0.1479273105553507,0.006599474331595618,0.9381917887655907,0.1069924552153006,0.4712287479034717,1
0.8168567848115343,0.6127753956497473,0.7478195280278644,0.37332250697491737,0.6293017645227099,0.9512088918512189,0.32042513812061124,0.1005632420830611,0.14282224022636714,0.8169622874610897,2
0.48463797060025815,0.21572350189783063,0.44250837734300025,-0.009733576986847174,0.22031629513877224,0.13283033401181754,0.5402315678412708,0.06494776048318118,0.7253220091615377,0.2830799207043047,0
0.9364021852637094,0.13535734368279312,0.9480469333351108,0.2938250772116849,0.45404302038523486,0.4188512255958645,0.4475281890631246,0.6065094552821327,0.44335055558726333,0.392317024331654,1
-0.005902408633476602,1.0627099095292019,0.7949261132781829,0.6782814111305449,1.0864576847221319,0.3766407523599907,0.7339164781082135,0.48007619583019734,0.732310939237862,0.6327935523321246,1
-0.1748049521517522,0.4748612383837462,0.17091984715323488,0.3704383537778183,0.9772698467423496,0.629599732692525,0.41036499747300437,0.3318989030300792,0.6699255661475398,1.2653151950052353,3
0.35397607863077446,0.21012257819438435,0.10016610923256448,0.6765511496613738,0.5513585348147744,0.3330668668283938,0.7744536303210923,0.31827294895936364,0.040687231518492274,0.6022297439969695,0
0.5202945010000195,0.2641069338445457,0.37392117957206106,0.03994205524410108,0.16874301057741875,0.15670151237954882,0.5600914515973452,0.011200199212270272,0.6356218278887559,0.3508038981229268,0
0.3051505022333278,0.8843356408771276,0.6521771540408792,0.277936474297515,0.15432530622544913,0.8283478163419393,0.5443895312401582,0.4594690472666271,0.391995640533731,0.4069015066015555,3
0.699656549697817,0.1515094128120896,0.5168941633886159,0.041624074115344745,0.6893552860690222,0.2392964311221812,0.4306708724906762,0.13308502208175452,0.6171017687629984,0.25010741482147475,2
1.4513335566351668,0.4302983167711808,0.4174175222809494,0.7904168431889191,0.4081692541083805,0.6677736506602843,0.2995329325929186,1.3333310421589477,1.0470118735830563,0.42970934808695105,2
0.3298484411214797,0.4112364633033204,0.565091594123945,-0.0734821047895928,0.3080854664481723,0.3254065172876752,0.45790278734226464,-0.041203776988590644,0.6969311767617573,0.19232494329026215,0
0.3579341149217502,0.5168479504840836,0.3134811802637537,0.4450895897318903,0.17879068811636872,0.4953177710990829,0.2065114515358934,1.0273409703507375,0.05033513837520558,0.3131063331387891,2
0.32692870657646433,0.4954253254247085,0.11146326410228469,0.8406407144440855,0.6257342525114385,0.6502444924759692,0.7270609017630487,0.9797828987203555,0.42972709161115685,0.7339622003796319,0
0.5146334369348271,0.10667929199385222,0.46783258231528085,0.8711773656184173,0.6505412788314354,0.14247101175095667,0.39006930077403046,0.4945982610626041,0.6974731516090729,0.4083078304491424,3
0.5651464041186542,0.2800022174941642,0.39935857489349325,-0.03829567890976013,0.14933284944613834,0.08051897094414667,0.4980404134492708,-0.04498972306813693,0.7019609744696573,0.30787074709818846,0
0.33236991147436523,0.7953582987217749,0.04670709561386987,0.3316228628946913,0.6749445129745487,0.18676496772613535,0.8939667457967275,0.3732560810721605,0.7606916392596574,0.6740002268318447,3
1.2391696310419933,0.7439876741889719,0.46452329325222746,0.5190314063717515,0.6433257174431739,0.31739500274072274,0.2742086769899589,-0.18532930686123253,0.8454479785159648,0.24674511184588077,2
0.5019608581485789,0.3892467995142357,0.8674230661544541,0.17085556643023206,0.9612199181965417,0.3224759087930367,0.2615553101542,0.26946092446488473,0.6233426766648168,0.6065234514770832,3
0.9754445641621674,1.001579788820457,0.649505122980612,0.0053643800501311555,0.09658929655628103,0.21486840392033127,0.02584857309001437,0.7525945476760352,0.9831224810245641,0.6931958806197462,3
0.6675266341316373,0.2927397206915287,0.9265925461517021,0.39298474900200836,0.6735293184410963,0.38849480156740895,0.28902448665969516,0.021513243932928076,0.5613045926894453,0.78095127600923,3
0.3448142963073466,0.8786254037913308,0.07715524539460872,0.35650611052787384,0.3601014084548473,-0.1914290838611623,1.097104073243932,0.12226724717240273,0.43926206388787364,-0.04046636590658059,3
0.9018710087857417,0.5456285690822649,0.559878620384375,0.3015175883681479,-0.1847804352718742,0.7566499529481951,0.5480396609362067,-0.14222393513764958,0.4343436538641712,1.2179745070497738,1
-0.06925590877553184,0.0904338407375535,0.7381588615530449,0.9639439408048222,-0.21001130640577914,0.47529034299782663,0.9911765864584312,1.0420758859465598,0.35224571122656234,0.5645095880510327,2
0.31893222787877773,1.1779738963481228,0.5191014906029231,0.31900228172094147,0.9259273609524188,0.2252048486530036,0.9423334456087603,0.3638889033323258,0.7066674931368804,0.9282734677935796,1
0.6964638113921862,0.040536868461340386,0.7214450346488894,0.2609273550857486,0.09127366735154194,0.9449493539865821,0.17178470320946682,0.45244701128854603,0.1772279061141519,0.8563126949453321,3
-0.10603645757612334,0.6096904798836933,0.18796176146231558,0.8750414628728808,0.7612195123846776,0.3500802450712487,-0.2990565128676848,0.66908080937558,0.11720066824819106,0.6024691916898861,1
1.9986346412972535,0.02870139495816064,0.7554384013202701,-0.04292840388849872,0.5818959082492268,0.19660972155208783,-0.47912445923598235,0.013723164884735128,0.6367894049798661,1.0152192763407495,1
0.9721123968745946,0.8332514042679838,0.6476714240393017,0.74349368101157,1.120473322537315,0.2575754939933375,0.4491080103126234,0.8583462170234099,0.5353459052982235,0.6789314459133092,2
0.3914243923680422,0.23608775815495897,0.13472496272588752,0.6526962177835397,0.6442971240001929,0.36061654113035485,0.7164898176637047,0.38716158471852113,0.006954477150942065,0.6670374982229051,0
0.7033832730601667,0.2582337981050713,0.9154371163959941,0.3789907993525026,0.6948567580993957,0.3740634879287037,0.3238707648938562,0.02893118679733551,0.5411316042395312,0.786482504927247,3
0.09192165941108604,0.10588425142312802,0.4980588941017162,0.548038560508459,0.9353987217767845,0.32908678645317374,0.5450131319001219,0.7128634465450744,0.44552556736386734,0.14169983446805243,3
0.9611960646627634,1.004025333887064,0.6342827049263408,0.012213595607611465,0.08697485114087675,0.21886394643486715,0.035076483871872385,0.7587516002857999,0.9779455028168895,0.7004541633924034,3
0.6227816163049236,0.07545473403710853,0.6497577449950771,0.14927227666132645,0.7771099206163344,0.28258765698023314,0.5628848614230186,0.17455358895894288,0.6643406148217861,0.2428596817873731,2
0.9765263880045976,1.0010441694377261,0.6430292008392177,0.00649721091492818,0.08818928395408893,0.21416558481593015,0.035282921282454124,0.7620270934404101,0.9779288023060873,0.7045763241792261,3
0.2068947996966361,0.6080443714655333,1.1048261835059017,0.1922088186295702,0.26369821454241227,0.3874379875901123,0.27870881192760155,0.3828433980189524,0.8079914646010353,0.25044924412259784,3
0.9521734655574992,0.7843374070007486,0.805266492030967,0.6284393565331395,0.037065096433175834,0.4322165058936825,0.11491332558376577,0.6567627344203993,0.04988964589328443,0.42676157959901695,0
-0.009221742052079818,0.8580521852757512,0.34455739194446033,0.9135164188595024,0.6571617341407224,0.2684575899263603,-0.1398646558443828,0.7923281248744085,0.3987691250412112,1.0583119184023202,1
0.7053020676588433,0.9965427827151626,1.2380123863878625,0.029490991509081965,0.1715036441617711,0.48754517978576584,0.7880106665461142,0.13900201405518992,0.9315667166474125,0.008134642616635154,2
0.5258942130264315,0.269881763500766,0.9907724521632402,0.38918046993398636,0.6340092175973859,0.3543583860841367,0.41811914799175504,0.4456459753175724,0.7472374237262905,0.6306534120284393,3
-0.20032722382413032,-0.05805105782841133,0.620510881789314,0.3172116220493633,-0.2845980692929818,0.4004788335950676,0.6067277374683014,0.19531359644223617,0.6808870418659296,0.3069360113116952,0
0.8811784520172701,0.8708786020041942,0.8634639388311092,0.6015617124554521,0.3271217990023444,0.8366207995085324,0.1990554883946898,0.016086997250610385,0.6711319130492994,0.022798424687939245,3
0.012656682165104528,0.6139134605846898,0.81422320338337,0.2270091397442603,0.7299743410765036,0.6787041722513047,0.5312303529569928,0.08199915676973844,0.7785046609779297,0.01868602701804294,0
0.6912870954789249,0.09152019370197753,0.7038600745003774,0.14092896924100604,0.19241902117200455,1.0012240782368538,0.13884704768235448,0.5565040998034759,0.2915810952918448,0.8357177099132571,3
0.803104885986586,0.9096401067094764,0.8249485057920135,0.8125490734077598,0.9466937556954214,0.3216084752604275,0.30168701444249046,0.7199868367590113,0.24982540483798582,0.6400303163220724,2
0.16015532900557333,1.0382609424674125,0.37858617412042933,0.8677395112421284,0.69460128591741,-0.049428599435800774,0.19359227023002407,0.6814257135816972,0.17992331284766044,0.9216376737867146,1
0.12128465300114169,0.32617133887736127,0.8629188836061629,0.8144344536158907,0.06744904046035785,0.08961306067607558,0.6532761484075069,0.644713244587557,0.26051092123248154,0.7702984247779716,2
0.9069342859560064,0.5844341273836371,0.7620070618246619,0.890130644001849,0.5099882381031368,-0.18164179807504577,0.17882895337246613,0.2043349412854418,0.10168346356087044,0.721695897130973,1
0.5942574894826494,0.12483610489322872,0.5929364630486033,0.14048009317278254,0.03395123983411832,1.0240282438370734,0.08330332244836997,0.5054594153223159,0.33896836568455013,0.8153814317306647,3
0.23337386354378767,0.6320430559086333,0.10158860188931668,0.11997378960794924,1.0583457062639887,0.5314810459283777,0.37366165344311425,0.472537462083225,0.08698245076339635,0.4440628209911137,0
0.011206560800224183,0.192810257896695,0.7145613194954328,0.24862652055463497,-0.024877564672964078,0.31336440713680275,0.6841208305332147,0.5004630338390982,0.46341494665884747,0.12018077908225183,0
0.053386670816315,0.1544022719783588,0.525987616726731,0.49917074548291845,0.8759613807064428,0.33896250223951546,0.5079148895197779,0.7419540999435371,0.4040400458996736,0.1551680050303556,3
0.8899963590429225,0.8230264579878739,0.20070882504409804,0.772193103155085,0.5265708658533392,0.291381009777691,0.8983252333899323,0.059689078999598355,0.21679298256613447,0.29354394753400553,2
0.9186634087562229,0.17275063879380106,0.7848166692368146,0.7250023061246078,0.46987833858088457,0.7670923804059927,0.1189893322703978,0.9535067788799055,0.8193926753241829,0.1749556866794436,2
0.8605531034728363,-0.34445081949317513,-0.303448143029888,1.5470579860612084,0.23575965865860374,0.3028562302061708,0.5358898154715519,0.1864289338477365,-0.3843904058129358,-0.11093607444558284,2
0.018100666853108377,0.5137862647027611,0.12796387686211944,0.07837354070808084,0.8682543665482663,0.29752152914209773,0.20801439946507483,0.22824315555039126,0.06892354221490685,0.44097785902320674,0
0.5397540352002326,0.26017774837787583,0.37492375113644943,0.04477872212403777,0.16488522530776845,0.15942395710645382,0.5484051719002753,-0.003851885184916177,0.6447792900702302,0.37058906837071276,0
1.5902570886663818,0.2241389499890295,1.7498406849684391,1.4436697938274288,0.27259182039664515,0.576424464924943,-0.42123791382658315,-0.27062373631655673,1.1730477307306295,-0.20384295177065664,3
0.9979779180418104,0.9862223306897341,0.6357471488000027,-0.015143948943376822,0.08799389539944169,0.2416397923899422,0.024701363074906776,0.7268002429164316,0.9426742729093991,0.6986534661249587,3
0.5077096213172767,0.8166425892875221,0.729318902134213,0.34378341622451414,0.17801166984799915,0.5667706084140988,0.2629994992390287,0.5852266895565554,0.2510882049000458,0.5261778341528498,3
0.22217122271472975,0.6062948217127042,0.8073000860504501,0.09524944387311102,0.6874272053654398,0.4727074738105323,0.771862859804994,0.49575544528474175,0.08686623205567823,0.4648277598561865,1
1.496543211001767,0.6883798437241466,1.1560753302225923,0.6169789171645172,-0.16519221581154403,1.2201949406674102,1.0266561490669928,0.0573291225365004,-0.03487835796819616,0.9159543861089058,1
0.017017520533122873,0.6729032134869933,-0.0448918290000412,0.19051118059062017,0.7890119948210952,0.3856100274862178,0.3921318020090714,0.36772002268837534,0.06998235237560907,0.412594585861926,0
1.1491907727145458,0.4177303298155487,1.178878523499509,0.4045214721249234,0.12387257127876328,0.6559245401449946,0.7849657730325982,0.44078455114285564,0.5709089257155723,0.1079529623487599,1
0.36032681799357,0.20330685553780292,0.09353462037220062,0.682800506232052,0.5462059668794859,0.3236097851525404,0.7750247191746035,0.3303903168047623,0.05400033465803456,0.6038456240983278,0
0.6537709340083803,0.00887218301936661,0.07803691719234603,0.8663008130818753,0.9464824754306134,0.12612265672504488,0.034632706587413645,0.5652578700401895,0.6810560255034527,0.4238135431525551,3
1.081776075200322,0.1475866929644178,0.6281561580047078,1.3020467900897748,0.7715984005593599,0.6264942584541824,0.23701684318878824,0.8274165381756873,0.7998310313985826,0.3752982288463608,2
0.820123601128598,0.5740429606080529,0.7630834584678833,0.3632954804840514,0.640159059417244,0.9205768291776885,0.2772552459579203,0.14058452756848372,0.18460737129987553,0.8533519806662946,2
0.14623262039520976,0.995328454171478,0.7268979743891045,0.5411030576490168,0.8336771177551996,0.23283548185801464,0.94587578940426,0.3875541803112522,0.6828311103623715,0.666737657754314,1
0.7760976329673742,0.04624141285432338,0.20920235390961334,0.3378290865265984,1.1812905486141105,0.9237672486913461,0.8340165891668756,0.5270749016890791,0.5446805925832472,1.059737935889597,3
0.5549813332804296,0.8375936975780515,0.8775352316697743,0.28297622710958126,0.838599670864715,-0.023588348283010888,-0.550977131728544,0.3015065390403827,0.7297151325857371,1.3307879703314138,1
0.03975805117916327,0.840762994945365,0.706333848851597,0.5063328959246526,0.7271099567473707,0.2529560133371145,0.9551441858578202,0.4127340969353106,0.5308942254248575,0.9057427838732515,1
0.6972099202219209,0.2579286390546367,0.9780582296525588,0.4321328092089765,0.6864487394523813,0.4204961764204796,0.3062056766371235,0.018257362759480106,0.48999401714450125,0.8092829398862729,3
0.43472713856902256,0.6088924659818462,0.7399165317972476,0.4920029094599684,0.845786088475255,0.4877767331111136,0.8741310976288109,0.29901928003810885,0.017094924963087343,0.8853172382874134,1
0.679326926084968,0.22173865183534947,0.7018056462195685,0.3149730785799605,0.814700143925107,0.23601530703701723,0.6397264626489838,0.12262035616406369,0.5832125768800962,0.37814358574248325,2
0.6951962347303581,0.3094744973290547,0.47746797118668516,-0.15225960959236454,0.26157988971591684,0.1709276947294509,0.3629076380975672,0.20894798308191836,0.44293236103111205,0.2347280143139703,0
0.22362670927826303,0.26811549986508715,0.6116147893155569,-0.007219789126174048,1.3634135553970668,0.8651885555189014,-0.07034912920755167,1.0693929503175368,0.622976307201051,0.8428999177560209,3
0.7721389263075812,0.7181200910923787,0.5136652308286817,0.7157601625768791,0.20376283800098668,-0.012848424902207174,0.4490492237104187,0.22770059906689424,0.3565438317149669,0.6890422788169327,1
0.3232019466993534,0.18924351609730625,0.14662504242320676,0.7869926182674464,0.609173203164915,0.4077271420167504,0.6194688004653659,0.22859069430916357,0.1603322822825607,0.5445509456486766,0
0.9557913352381102,0.16540585223994597,0.9268447014860887,0.34595065987922735,0.4528331733775214,0.3157615089025865,0.41805273193201437,0.6369340559383548,0.4152671465445542,0.3020588739415023,1
0.22007760853191358,-0.33743732236846213,0.5130904037546421,0.6135457025822078,-0.16668746276970567,0.20571642839551735,0.9737702013797354,0.15675031680710105,0.5704896847540568,-0.11387833573487371,0
0.41923629866279466,0.8377487288248705,0.055869499470981715,0.31985755544721595,0.6355108360997065,0.17840041792994293,0.8652525561283702,0.347245344286505,0.6614790342161634,0.6148386994839831,3
1.2859839248260714,1.160233553332786,0.38140857087850444,-0.12147271883129362,0.7236320038138009,0.5145437080012909,0.7049624521321218,0.008661177009769844,1.397514460892369,0.5787284381359433,2
0.9605584584811526,0.6622302436965974,0.800823841263006,0.21715778203877129,0.29321090793662236,0.9858855201914822,0.5770623886176205,0.15567906470549736,0.7792693587763273,1.0583291502581074,1
1.0741308200031314,0.4785666353465208,0.8920206608540262,0.526760741158546,0.558942512637775,0.8907807883934852,0.128322413321635,1.232254433714779,0.44561049139954134,-0.001205238055057678,2
0.7885775278529418,0.18110753947686323,0.29371550311974054,0.27537168467444356,0.772687279904337,0.9088426726989537,0.732287630673366,0.5398126468610659,0.8036092882738607,0.08123430860001432,2
0.41579423684400885,0.8496108849274159,0.08889421598957714,0.2771180930455475,0.6866538010255986,0.21076371675688765,0.8640851508972341,0.3723720043395187,0.7159180201449244,0.5868094944211671,3
0.42108635259908067,0.5209146560918997,0.7395950620508921,0.40919315099293624,0.46843627376737673,1.4162589360644962,0.5361058657777272,1.219683884696269,1.0225068582634702,-0.10108104661268447,2
0.07990765529061708,1.0398041903603357,0.7748372184272915,0.44612569391041446,0.9586423111838575,0.27264894799725514,1.0355355702304236,0.47648804273398626,0.5856511723922204,0.5886649104937338,1
0.9782009991608123,0.16098918590954078,0.8844011234203961,0.33325785796503526,0.40239278343773033,0.360539773346636,0.4108888930012088,0.6134793190109085,0.48173168393037163,0.39460723846954726,1
0.16507139855417174,0.46612118246696854,0.7807237565798854,0.5510566137755324,0.35329777580900795,0.5846702898018661,1.015187720007407,0.38527204294548034,0.3094426676986395,0.46553117674119415,2
-0.28345771454971264,-0.23290502076181163,0.34453550121036886,0.8203086651213518,0.3662161907030892,1.1995480104961602,0.9237999843433566,0.5291815171656336,0.7119721051637619,1.3405637122357072,2
0.10772479544945218,0.7259998178610068,0.07056521023787321,0.7489034600911498,0.34544287143649016,0.11460588461474791,0.9111703644487121,0.2855883918448634,0.24198394077254903,0.07387973409882295,3
0.5143825657277417,0.9148006247728708,-0.01876788551041844,0.3568189288256135,0.6288319867288616,0.26160972741472577,0.8619996409626504,0.2627760104187802,0.7920969995824741,0.6090802407441382,3
0.060661119580091155,0.17995242948307652,0.5457938920661107,0.48025775432646367,0.8324902358255302,0.3643703110858318,0.463029804470599,0.7645021847971605,0.3926507794485958,0.16456455022014566,3
1.0913638059505728,0.6766890000279204,1.0794763916702044,0.22818084192552618,-0.09663017986494638,1.1504275283413192,0.2020045654158409,-0.2885468416031183,0.5267391122754783,1.0924976453913653,1
0.8425949954747987,0.5481233021435522,0.6365573140663418,0.5031818740767033,0.0962450240026265,0.8696874359136703,0.29235327668712474,-0.007803112994707567,0.5378803075331617,1.1499317104485791,1
0.09958750322146674,0.3626328417562944,0.36357024926592085,0.9822408973273494,0.4716985472856149,0.7931818759521374,0.4540973003812869,0.7180187160847689,0.5645716902009924,0.6405233612346748,0
0.2696150533953877,0.15565098540311234,0.5768488623108865,0.6132762400773795,0.15152285621426978,0.36922841942429097,0.8757515788469148,0.876562298488164,0.5739215258749628,0.41944097368933575,2
0.35290770722388753,0.4462810948465405,0.8743025543006548,0.7939057083941231,0.08458192084530121,0.25423169496991904,0.7469396682312828,0.6987561965065803,0.3665334975277242,0.6948182545682766,2
0.7651478572982398,0.05095747624274351,0.6735749196535172,0.15446637473513739,0.1583558713467181,0.8876299112331834,0.2577835202951885,0.5358132265349056,0.11614035561985718,0.936288928534427,3
0.8465993084314589,0.9054027376850813,0.07655516596635445,0.6680400447901809,0.5055379354729014,0.3254815966407942,0.8841198444469435,-0.0513039189984221,0.207760228676075,0.33845157580827556,2
0.6081145735035873,0.5523575462222444,0.3036031127621889,0.2888451141136525,0.8235382617660364,0.3436688018242796,0.36463335715855727,0.07231621112418986,0.2312098028177601,0.1987772114482974,2
0.036989980519708796,0.7144768649197744,0.08654762079078018,0.21303444695865797,0.8437303729817079,0.4267290145539788,0.3331267833424256,0.3226620614842355,0.1287341440110002,0.3783429555394701,0
0.03502928871430794,0.7250992807243054,0.04252574115207043,0.23517863537644143,0.9028675972469933,0.33424448171183896,0.28989377982000486,0.4028473040191517,0.14306754352312323,0.34214280978941125,0
0.5067135250107622,0.9157393268427303,1.2096519459473907,0.15455664278746226,0.9863739427900952,0.515354406864855,0.25921744495785504,0.18885404212395573,-0.16028681948207868,0.19360822929763646,1
0.5800045216888967,0.02458279124182471,0.15515498328142902,0.8688732591815582,0.8961259519482021,0.14944581028470316,0.028657275580154407,0.5962046096983656,0.6327729603799015,0.4870001610602867,3
0.3924694417546384,0.22107032504335053,0.0015037686212778234,1.3624286436903312,0.7055092207852511,0.23587735398010767,0.38340102343673954,0.8140846268124822,0.5448856769638811,0.25543269054146456,0
0.0185505463937186,0.25385594667331873,0.40310259574919083,0.8965428376206619,0.5827491865333478,0.6808616573999725,0.5773703037576232,0.6391384292867263,0.48432614144360053,0.7095445568005208,0
0.7810649552020165,0.28514072443970506,0.9074224655782557,0.2781876545804168,0.7463716691364679,0.7689015338259422,0.6461854042472267,0.2878293935382059,0.9788466404438916,0.11447519373895176,2
0.5595607239803557,0.21270798445953085,0.3917438279168393,0.08961255923873246,0.14694893459054997,0.20588839018163194,0.5895868254442673,0.048249118992454945,0.7035834458226145,0.3794422308794275,0
0.6986277360426929,0.07029471202582632,0.714900063274895,0.21089179624741364,0.11866060049052507,0.9525326083010112,0.20088332015164145,0.5003280169540145,0.1864152849650495,0.8900554482661363,3
0.9817697712228977,0.9838305886410107,0.6579585518299199,0.008092329956643073,0.10674194191270504,0.22442322039086962,0.05039079280582427,0.7517012421396161,0.9631745524966286,0.6899145779046238,3
0.6545812601866628,0.5041944189366389,0.5994737221626197,0.6810001205566262,0.06261172630081285,0.5126752387403364,0.7467489674663801,0.5377654902660193,0.5558538162256704,0.08262686216741097,0
-0.5384519519757555,-0.014171703926381743,1.163022532783581,1.1714067222266071,0.7929069085675083,-0.09744394794372468,0.9069192032164277,0.30777394252250656,0.01851859420157964,0.37545190487833885,2
0.013143318995088478,1.3448794150888277,-0.1949146797879282,0.6088159137086445,0.1013541858095357,0.622215966856594,0.543679522915074,0.8823483256575247,-0.10004900527392174,0.34601526622042644,1
0.05048825082605603,0.7193223258115086,0.40528198020580997,1.0601691576107677,0.5531182753783469,0.3874367757583022,0.28742817629777,0.6131830217556504,-0.0374855919429542,1.5708553522493194,1
-0.10544498912476741,-0.2249630497564306,0.21953887748665968,0.18382573481395578,1.022900003299918,0.19203681797209823,-0.14006012823926156,0.8619617494743371,0.9350805553828291,0.9667941493856362,3
0.04897643135075979,0.15150457775108,0.5297875917928956,0.4911309726755684,0.8873762377579817,0.34381997670148107,0.5108946207312498,0.7349848039532744,0.39130035012296166,0.154773883626665,3
0.6796963246744827,-0.09869404831602047,0.886378275199497,0.10249612670769698,0.43386998993753134,0.2995907554044851,0.295794077509569,0.6860201436221353,0.1539000898152343,0.27225117404190957,1
0.9731257724531942,1.0063185607573608,0.6592230176678855,0.0011714575420553033,0.08454718954758175,0.21149972352364166,0.04064630105109998,0.7300750914590091,1.0015129022126565,0.6894332271459018,3
1.0327279192468943,0.45418898290639126,0.7755571099657599,0.34203652146251584,0.1375625384745764,0.8538389411389934,0.3806960200389306,0.012665808023799414,0.7031318934067033,0.962742227714993,1
0.2762520266564514,0.7458299342666617,0.5617211022828784,0.7092533026051089,0.2747126939384035,-0.03813369675239944,0.3051614967112128,1.2320707185389437,0.4022003460391248,0.7359161610954859,1
0.48569675329828504,0.07055735800700619,1.134749951075173,0.8326239386517312,-0.348287385084826,0.31506270026298366,0.503597743168964,0.5314341251941355,0.3734509439601926,0.6410819963853728,2
0.8081187115257342,0.17462008236177815,0.29414904185008406,0.27053368793543475,0.8077982386081086,0.9187441346123494,0.7309617899941016,0.5238657816700718,0.8018276273600592,0.07711349110674168,2
1.0615439001148699,0.11994774244916225,0.46327741942174755,0.925283448088782,0.7350801090726015,0.8595291231443606,0.3008558499561031,0.881124915994407,0.7346618392536097,0.14648300244546175,2
0.9381081244503765,0.8775639703481375,0.052580256461227465,0.7265036812635073,0.5698926114328868,0.348028605739182,0.92250787318533,-0.046192461632063184,0.21920482853399367,0.3039119991432819,2
0.5899238331935608,0.17324796197990855,0.26479293498342826,0.33683509893775854,0.2291649390884574,0.7565481214936177,0.5755147141751027,0.4686401572585119,0.866949753072333,0.037238954485370956,0
1.0608912337156258,-0.034108652326642466,0.5947864673958715,0.26363383743591745,-0.17941429735257125,0.4066553594437944,0.1480284624933505,0.30290269268306336,0.12601855082119023,1.1337595719939657,3
0.5550926788153049,0.23525185857998795,0.8591745985800757,0.374305914487047,0.7015988052936115,0.3429685343222354,0.4785547400742264,0.3448801086378739,0.7282292305256524,0.5948604872005203,3
0.5660995872959566,0.4964204063916104,0.45558714507709086,0.9729191353291362,0.29077495301252776,0.309502490579215,0.3151995643663341,0.4537914037758435,0.3727840863080515,0.5695307219324832,1
0.966854356885316,0.994577304134548,0.6495211273711627,-2.8456068771300774e-05,0.10258449348085827,0.22219197251882006,0.03299925971123346,0.7605703453115786,0.9820725764829773,0.6890556032193627,3
-0.17208641094541516,0.0742238771695044,0.4934229664871569,-0.44099820206954243,0.16130503375485117,-0.3938490648703232,0.4758974709490529,1.072225204984702,1.0934671154122182,-0.12281343848335635,3
0.013185378355726057,0.7787332009983481,0.7508259408196675,0.09992004428091868,0.7600249904602762,0.4893312885771494,0.8643578167742519,0.6096374137890743,0.20656939104896593,0.43369762405223544,1
0.48860134807255445,0.15560920486455174,1.0243075812187923,0.3779484401020348,0.7471993818236418,0.2722784873219121,0.33298902562351484,0.4134822257795335,0.7082309859415501,0.6226561313312864,3
0.0691280980528889,0.21365871154327304,0.5320678082592516,0.9718007564465546,0.2155468190202275,0.6367521008620878,0.5575806700085912,0.3433941131576047,0.39206499201410727,0.9076432587838216,0
0.7927393032804912,0.18559266170449934,0.3065548681286104,0.26774692927226107,0.7838958200257012,0.9054622021378617,0.7270376373338742,0.5547691290706142,0.7888557047275958,0.09035658310105417,2
0.38321652726583855,0.7533413978050205,0.01753577867361357,0.1648683650282388,0.6470697160856277,0.28313779305201847,0.7783623455590003,0.32255883727775825,0.6826183139580336,0.669057763039254,3
0.32178572202896444,0.292052558684198,0.08847478960475322,0.6467398276635462,0.7467401131414448,0.08526259594528625,0.07298296769287571,0.6853410318342334,0.9537286628168296,0.1083976209489857,3
0.577512507438711,1.1499071211536944,0.0520838131368076,-0.16964056424860197,-0.04861642943577432,0.6672217814736059,0.8403533547807411,0.8279288124771186,-0.011165700624542363,-0.6070050100603307,3
0.48408386369403505,0.5870146824656057,0.8092251209368779,1.1194180812942742,-0.05630314796543294,0.09787432991349106,0.19667665984858734,1.1351918597737138,0.2409464563295954,0.2706687256269731,1
0.6381244001220311,0.5247165978710517,0.6290126051345885,0.6817281856679966,0.03824496920409054,0.49780537902916877,0.7320941537979506,0.5337250531901662,0.5299463893435469,0.09511528992036644,0
0.05981668664781771,0.1489569860984987,0.5122293429375487,0.5096259564664194,0.8737561260175049,0.3324551992370195,0.4828687146006072,0.7572878499130312,0.4020910559938814,0.17947409153341107,3
0.6401930008996225,0.495325932332019,0.580123467304352,0.684797415211461,0.04223587232131733,0.5272491431635973,0.7278333646026288,0.5477397290861841,0.5651632358634128,0.09414427844691947,0
0.5712084544208436,0.8969570005732004,-0.0006016674504557909,0.4189163135969114,0.6580738793577634,0.22756623811520382,0.8037626371650368,0.3580994182835464,0.5589634161368618,0.5379884990088415,3
0.7739802242516398,0.15512348405553858,0.2793920084017886,0.23869790787801848,0.7999992252864749,0.8911455768662336,0.7068722395213662,0.5090168090167692,0.7978874970010669,0.08176943593950031,2
0.3883741098710813,0.8378862991059024,0.08557732627656277,0.3202517876394662,0.5806333148585547,0.12863905964563477,0.9607415108448216,0.33825277846308677,0.7220944290107508,0.5854860634561099,3
0.5049866926128965,0.8255522672981781,0.8857813689099956,0.48982743536018675,0.7646540569411201,0.8192511059103761,0.5405720370310422,0.35860178192121084,0.7303939830485265,0.47036823668565536,2
0.6521318080495755,-0.049136897567021,0.7585779525661416,0.2862348868413447,0.4859483658669513,0.2843540237622353,0.17833458922865603,0.8368414416641083,0.4499475360965368,0.5124847788507371,1
0.4705381421661847,0.8858659139477832,0.8301937202198477,0.4198320053168643,0.789283832195775,0.7992993941310488,0.598375752485861,0.4094638862319807,0.7178744814127371,0.40333913911660124,2
0.5452452994521578,0.0846263151451655,0.5487992660583529,0.23837709500217658,0.30796377803715513,1.1126928285230397,0.0027767103919754954,0.36288408826697754,0.16084854852361136,0.7120129522794423,3
0.22114952945384425,0.057329022109405825,0.30313712952616145,0.5131726462177789,0.7446807249274411,0.45171802980853637,0.5688648394859214,0.3123627181988036,0.012408668163909599,0.4565940559873459,0
0.4247439624142478,0.7319520185208298,0.4868333618881498,0.8539129710055703,1.0027958852246173,0.23252721233698506,0.831606434330453,0.2843181946922597,0.14781208151742303,0.281793035009258,1
0.6974607198266336,0.08147067190928911,0.1928310819590559,0.9979510457920486,0.9248890449206155,0.14896957598391297,-0.025782536758028968,0.47173055264546404,0.6730000460399505,0.41827639256692845,3
0.05014060318053573,0.4653303896944072,0.46166628681980204,0.12154353849413396,0.5207247944660252,-0.10134362601834021,0.6397413224388542,0.7837347284187542,0.6761041649675369,0.21488999205036088,3
0.5127518347273436,0.3759796797433228,0.40608538799269117,0.31009519259550233,0.17763401546040686,0.7262418826611483,-0.14632906636521748,0.788568255818871,0.5112946617381761,-0.08609797598715985,3
0.8216438643552093,0.8926008034378008,-0.030994092612585733,0.8889070538547565,0.6654578847391512,0.5243128266597628,0.9102098886009387,-0.11403718208608188,0.14009738466694693,0.40336395866787206,2
0.5207442088400828,0.8717830040939177,0.8950597890508366,0.3788157822217167,0.7627018195324347,0.9515864948911708,0.5236075993377236,0.4201527066428339,0.6492243163712196,0.5809354006826218,2
1.0736457424406312,0.5075723149832913,0.6632581863109528,0.4430363414672607,0.20417816090265395,0.7911228610631456,0.527214810828029,0.0709120183523289,0.6030845359137548,1.0516321200155851,1
0.8831849496472133,0.7847381001089899,-0.27687913157214317,0.5711154952067304,-0.5013927002532409,1.0062683772426915,1.4549829732597173,1.2887859833756345,0.3493199913361524,1.496300859946568,2
1.1426685960688243,0.7950523737194071,0.9889252670965012,0.5124823593535583,0.04180054824461628,0.3690646344167009,0.20987206839143074,0.5667126600198089,0.10406747960306556,0.6779924431387936,0
0.7290792188210198,0.8819941441576864,0.9433549370499423,0.49013493685067083,0.5020991938003673,0.9822721728131909,0.29117936558156227,0.09599427545456767,0.5828620737298704,0.19716876800098948,3
0.7042602354999078,1.0929358205607083,0.73062322384704,0.5155080165324483,0.17062116364653818,1.1046003024075408,0.37721231690535284,0.14463256500055513,0.44571008686885827,0.10914228843746261,3
0.6901776167555317,1.1625216329053503,0.8059777335896187,0.888495030428825,0.6935469595211411,-0.2701327699613786,0.380149514007931,-0.373307247459639,0.6915326262676038,0.715030959744411,2
0.8165576724776565,0.5429801384618352,0.7721468494721271,0.4215988169017952,0.658309535296227,0.9223688899590221,0.2841976177420789,0.20079292291825504,0.21304834207141532,0.8392774183165792,2
0.6805934981480621,0.4810529492612253,0.6203993077212846,0.6716757528127417,0.07304994113690155,0.5081723080154666,0.7680834972370562,0.5589386242783784,0.5360823412845788,0.08310724044926836,0
0.7588810637809918,0.6004561407779362,0.749029008559909,0.3479786833753453,0.6860380193091392,0.9200425378017372,0.29930995065173654,0.18628203339257488,0.1648660428647978,0.8367155835138833,2
0.17283516678406502,0.29224373199702236,0.3664025229237357,0.9364671203082318,0.3853285458164406,0.7765525609630879,0.5512254955638087,0.6348720860075014,0.4959264889982418,0.6464439736228584,0
0.6212847459445602,-0.02053370420483623,0.12241628158899727,0.8363846943437464,0.9384742113729114,0.09707161134696804,-0.004576871664276647,0.5447458124805044,0.6583437121159447,0.4326563866771902,3
0.5336866771291138,0.8604185763827106,0.8745673512910265,0.4889600271378643,0.7384848192468916,0.8230087165627655,0.540223418757509,0.35443001117036615,0.7192547427769217,0.45146688738994406,2
0.45656025444600223,0.5258018300676321,-0.6126831104060247,0.02727323872950216,1.7722807361248178,0.060536830796315694,0.010677463173941238,1.1205634052341722,0.2922872733379463,0.8330263654432289,3
0.7737348712529287,0.48028461018343016,0.43492984961929326,-0.14382088121059017,-0.18579399864036134,0.1529847678085763,0.6860610887167995,0.24231954507622838,0.5260392594844818,0.6540808156580218,0
0.17270050853811486,1.087053090756939,0.19447907313605928,0.9023807771497835,0.6826862260967478,0.3063702940972923,0.16618856762399717,0.811867618802819,0.5089751538022658,0.8758554380672352,1
0.10295759490930272,0.312553496029902,0.3458226729406718,1.0390404042637131,0.44559653479160327,0.8129324681129305,0.4304270846429434,0.6644081114850332,0.5230683022685237,0.6926279159316444,0
0.09076442182626233,0.3539869418379771,0.3653231279684567,1.00262743090033,0.4690928670184276,0.785656445696759,0.4704867418176982,0.7251309932116018,0.5507104567529748,0.6394269570309459,0
0.8704254081253158,0.3055062650575904,0.7274676058506647,0.037327750686376816,0.8976582927519907,0.02730776204357272,0.8821562642481706,0.6710767147652845,0.23374060429285184,0.7481328429139229,2
0.9085756572830586,0.31224373405769934,0.7166450537780349,0.04214553011163091,0.9074402103341584,-0.01190000943087986,0.9091868066742561,0.6997821726482192,0.1918597975656875,0.7570323908171503,2
0.24837932698339862,0.5403809628753972,0.05241436463112502,0.2544376978862246,1.0408564462235932,0.5033608927113069,0.5161096028485186,0.3830614772851254,0.0565811174509281,0.5174911345872762,0
0.6250914771720317,0.47826741869018785,0.579995388960891,0.6984318159010922,0.09077311730048963,0.5442931092006106,0.7505956803330054,0.5128842480097507,0.5266960084509066,0.04744018685210279,0
1.2524863991734048,0.16554336496755484,0.6919089482511495,0.057848079906319766,0.1174786755175985,0.24485506174207602,0.38729694676032955,0.4105748097124543,0.11668289415010308,0.5388598957432833,1
0.3742344732691053,0.21737102964530242,0.08785965824551135,0.6907649333893129,0.5278127108255909,0.33768595202683444,0.785097391981776,0.3162853960763545,0.03349870934362224,0.6000320144992569,0
0.6004674449764208,0.7307446261245372,0.9210090300576346,0.9162018718234537,-0.0994100180473918,0.3641881653007775,0.5535510650325283,0.5971970894649269,0.8212777029192484,0.2963865437529697,2
1.2813655737573433,-0.13907453029887612,0.47470090024679634,0.4918676545387881,0.746412054418516,0.6151777065377624,0.4644054053680191,0.5199413247399663,0.6920581334637486,0.7280436002502426,2
0.9697324596650261,1.0005129903519374,0.6485856828000451,0.0062933367418241005,0.09523455774797612,0.21862189161028114,0.03149827975312486,0.7527037994884344,0.9789977260565131,0.6974327836402029,3
0.644347886153113,0.021688879167283397,0.5504431711373362,0.218273173204673,0.8151219817536541,0.37879174839125174,0.5034579552711212,0.24477010191751353,0.6040978977820077,0.3151608774477419,2
-0.26810228073324205,0.07284969003366254,0.67822221463494,0.712234162744602,0.47495749057312825,0.8152215598891832,0.5529300940467314,1.0076043872274287,0.30816189965485263,0.3173478696659099,0
0.8138801111691754,0.5653145543713152,0.7771304829956878,0.35978051907346376,0.6575966965559902,0.9387803848976946,0.28706699557475013,0.17469015844189037,0.2143094169711846,0.8593957199359279,2
1.0669936097938255,0.16241883900010728,0.4746381156313469,0.2326305176033386,0.012705987125905746,0.5376041579148031,0.9185138115593747,0.6397334442049343,0.5214650808146906,0.3871418652637435,1
0.4980764647519044,0.8141139009046618,0.8679443333763057,0.48897111732496235,0.7569679409622243,0.811716560722547,0.5497718363932091,0.3625866590318097,0.7390632050094149,0.46057115169776747,2
0.6685715329774498,0.5033760511151082,0.5973958889963127,0.6683414935491946,0.034107148483159565,0.5318325900888432,0.7409085676466682,0.5174928100167351,0.5689216327316546,0.07698466856922415,0
0.38376277100547473,0.1600597145023332,1.0303396546887948,0.8981552822379792,-0.10278171803368216,0.013549083713263327,0.7917562848061764,0.8931170576813733,0.22134500193683662,0.9478409811349559,2
0.9480948418370678,0.12087749292642337,0.9590324768865004,0.2725882645767157,0.3971344290315485,0.37838762490127825,0.4193957331377458,0.6035830230479206,0.404223357716927,0.35340140381514296,1
1.0500246057747533,0.8982634632326383,0.7695401107704192,0.5827346997927143,-0.0807296958972886,0.6542674839684923,0.26175425243474865,0.6395250417834941,0.09585218503023887,0.28460976849161235,0
0.014325360972090166,0.6136568783645789,0.8137510058438953,0.22746039491721806,0.7295262699448016,0.6797400848523445,0.531731148117237,0.08197610700428128,0.779895626577719,0.020027122612076793,0
0.7128189571378627,0.05643517660977274,0.539902850988529,0.11795503687392797,0.714275570838931,0.25045405173074226,0.5192662362679558,0.26978441689897403,0.5749097737567102,0.21743508100607253,2
0.6804936017116487,1.3107496219629762,0.5663962893083216,0.9154958560900359,0.648904906822238,0.1285651542622464,0.874626639497257,0.10455137603521285,0.7877151225263004,-0.10613539016871093,2
-0.13240528146631508,0.7863478425603028,0.9697121264933146,0.6652764159907059,0.14006985362161511,0.47327626711310256,0.6563253898908744,0.46509645538027977,0.18538639376712043,1.203536040930408,2
0.5794940266948444,0.5514637972985448,0.7314258683668655,0.9534373443927473,0.023550272829925164,0.1793570998944728,0.016236911777314497,0.9522059885952967,0.060013355570777624,0.407305404417596,1
0.6793060634443929,0.5338311178462584,0.6245608591713584,0.6487890619320854,0.08323920749172067,0.49239170008150784,0.7453435977970772,0.5096179986565909,0.5780439424880515,0.051065257602976685,0
0.8025982054379036,0.5861354686396566,0.7787341299037096,0.37826195556200176,0.6377813855851857,0.9360565177779392,0.29035425391314507,0.15773018023280228,0.1946661569353543,0.8603546521377763,2
0.5628729475736807,0.2459390842418898,0.42818774699977147,0.08032790429262956,0.19165780383895298,0.17735529954993348,0.5862278925591858,-0.032233867642788634,0.6218197028410024,0.4003590724692983,0
0.05347666220570699,0.9108468906400823,0.3015260135746683,0.8730604449205468,0.7535747556374979,0.06942872813481084,0.03719260931188295,0.7267218173069834,0.22120451291894874,0.9694149700092,1
0.39297475604725757,0.7474496112918165,-0.02164242138043293,0.3444529945297192,0.5485849147719831,0.0759947431001847,0.9714362944233436,0.28605446773756116,0.7065415521607182,0.6653538289205941,3
0.9398157367520104,1.310284325705352,0.6731215684229492,1.3468772373550943,0.6101156398753983,-0.04521550758614845,1.3161200854286426,-0.6708052001471343,1.1747310731276763,0.4583387779288838,2
0.6834052999726544,1.2889251321438429,1.1239748619718335,0.35001603629884154,0.7416889338797239,0.5088892009014654,0.2861501542348793,-0.08782071696488919,0.5993511020146803,0.044344354127113815,3
0.8993079647094165,0.3220206082523158,0.7195372724396468,0.057567757809644404,0.9036520503074013,0.017795605673122255,0.8932902367107748,0.6778388446663655,0.23547376350947716,0.7586951282640199,2
0.3853555049509428,0.8571994576484647,-0.005801249452572002,0.2811385661029214,0.7690406552278293,0.03506393947995401,0.7629180691240464,0.4934567645966012,0.6049250228756475,0.6610192886326267,3
0.21060625354816814,0.8230058347832105,1.1767003432873964,1.1438920289544667,-0.29818515204595086,-0.06276679199830576,0.47069376474259705,0.5469805387949439,0.365342257712187,1.3263644548454439,2
0.04314086724208044,0.11754614558877192,0.1521667715386273,1.203543262996375,0.6503958814995034,-0.4005727819753775,-0.18789358263885525,0.3419127773025798,0.43598518543487197,0.0552209261305287,3
0.7453703199923185,0.8473096635743271,0.3576806847386749,0.7860829253072064,0.21487892223693705,-0.005846903768327534,0.4237418851857279,0.17013869736567103,0.6428737303935341,0.7231718771259668,1
0.5680630157272808,0.6027903184315788,0.2595027997731712,0.35705976830449604,0.7528865094543974,0.3112221495801217,0.3632916606584386,0.014499893346828822,0.2032147080814255,0.261916273074629,2
0.2775743295684835,0.13942131882773845,-0.07075764993894448,0.6005672565505378,0.6952263998709342,0.36425963993415267,0.8202648424208852,0.35240547894724794,-0.025743771793283618,0.36704497551621273,0
0.015214596659475119,0.6170947660785505,0.8155409057405875,0.2269263309811854,0.7316407964296422,0.6776955891361067,0.527705454128935,0.08128398734960962,0.7810017044145906,0.017778378689846313,0
0.6031261468851062,0.8114424067570155,0.9645701014725722,0.4483135531847601,0.775712389897987,0.8170815206758364,0.4605528473473975,0.4220288500780621,0.8028993294155478,0.5216926869688936,2
0.7032451177957367,0.5485807672319263,0.29613978049826484,0.3574485666872447,-0.496297569643132,-0.3943310807905017,-0.3035738913155575,0.9951520916086515,-0.0518290639696741,0.7659968715409333,1
0.8134970928785179,0.2491086100761319,0.736650440220486,0.035608035909893795,0.8145981782672945,0.00732629737501312,0.91076467025604,0.6305573878641656,0.23574136911561674,0.8172483363045684,2
0.5230173719384902,0.2507397068895813,0.3781472045481376,0.028020248675423888,0.15800299798117534,0.16028814588212398,0.5396309917914459,0.0039248137471847005,0.6565695852650723,0.3702210886398462,0
1.010744806462691,0.9425394290758609,0.646121677328998,0.6521975035843057,0.746546727747141,0.23717188037671585,0.46466819123805186,0.06494230518107882,0.908867265441379,0.07685905205768964,2
0.8415875916730751,0.062146083001124924,1.340458502072379,0.2976842270564733,0.8466199283893878,-0.01448712142529901,0.3383041393201697,0.17756287697503512,0.8912457436597636,0.6204165930074513,3
0.4474066430170927,0.8626300733360125,0.08964908458637491,0.3667610041199588,0.6206329550357624,0.1480873345825815,0.877806290694882,0.2999549482142616,0.6014733440686879,0.623563967375069,3
0.6420902114771248,-0.0639979134325077,0.6517545458202104,0.263491682033178,-0.02923462991803477,0.8180227412827188,0.1724766617100164,0.5090313168090332,0.3092262159558598,0.9120265819943462,3
0.9169427838204466,0.8666202146515292,0.7317033021911353,0.5705376683563308,0.14649176486838228,0.39309764079092213,0.06756904474330386,0.7156459360919875,-0.029707954613269034,0.4830683979170948,0
0.05028303072860643,0.31167127660891725,0.5150224950381335,0.8444230228944757,0.2415531990416394,0.6215302025517144,0.5792260814421883,0.4786112545128036,0.3460540725769413,0.8502611232821535,2
0.28529441411893763,0.25402882445350605,0.21804200014049052,1.1813114920510974,0.3308542257742113,0.7084584443746847,0.6416425559825374,0.7950609723605676,0.5430874580159664,0.4497162779773259,0
0.8483887449618659,0.2642441427134474,0.6641154267660782,-0.01340837419114941,0.8480870483375145,-0.0020492402016019824,0.9009673708803071,0.6466343988175307,0.20314383303399766,0.7443393029933302,2
0.8127324291582284,0.6712032023102715,0.8899122706783233,0.7492658059232606,1.0579259560418017,0.26276589016115415,0.36807572859932236,0.8992537429976226,0.3694938230853926,0.5769365673325173,2
1.0848360862593345,0.952625353190323,1.5528583963266351,0.2605807674078947,-0.04701482989561756,0.6520960618640834,0.36015287077839503,0.04052897681170853,-0.14046566759114654,0.7907993827840062,2
0.01060847686776693,0.04371880607534999,0.5041288164684243,0.2398493765368864,0.8382530502578767,0.3976889117607839,0.004363040380517751,0.6905197143932702,0.9655100591109939,0.8067056487874678,3
0.6693020824080608,0.49125198313744456,0.6023371239025797,0.6780995959220626,0.04853112456587977,0.5156980587651745,0.7565090569541211,0.533257373326149,0.549868632121318,0.0749983772798124,0
0.6277634169290158,0.8444660187556711,0.7572746268863473,0.7516435319805689,0.15235044642467016,0.90447759861308,0.32036014461351,-0.029739467924559948,0.7397991178549361,-0.06696073407493366,3
0.9428005523224761,-0.06525276989377085,1.10829966736956,0.46985124371869214,0.34058978015301133,0.17559884343413887,0.24420965442456538,0.6452743654731823,0.3155355296131833,0.21835315679955256,1
0.3764567048738141,0.6704691856778797,0.8299283681591303,0.17678184219926418,0.9117995089499431,0.011421826322240758,0.7709833935209747,0.8544530248624194,0.017775922528582996,0.21501526247899977,1
0.41242038859567176,0.8539995501396047,0.06580516489592225,0.2712211759850825,0.633149451918184,0.1395367071688399,0.8962769949975858,0.3556506900033714,0.6534260977726178,0.5969025216741934,3
0.06268806232419613,0.9171710809860188,0.2957831592476674,0.8714145746196036,0.7736568812499405,0.07022221502330031,0.028173505474547823,0.7419541546681674,0.19644594832227374,0.9787453104759101,1
1.2712782848278967,0.7109291770799929,0.35131524840504186,0.29407829633752586,0.5457150993398603,-0.48402654578143467,0.44453211967209383,0.7330338504298105,-0.15775300226071676,0.655035592895762,1
0.2412037705707731,0.5602328287159852,0.21561282772070992,0.22487419112834395,0.9258154112464344,0.17528227859360115,0.2695006864018869,0.32706753093532437,0.25186103535539,0.205089479621827,0
-0.03122381230502147,0.7874411340518813,-0.0452595891137097,1.1580972356485475,-0.222834385046223,0.5439233425822536,0.3786553179492244,-0.004490391938920146,0.9667890871691714,0.7385975567005023,3
0.5606522895769583,0.18200199521519847,0.8969529746004781,0.4526949990884684,0.7276024990007822,0.22219106021139123,0.4108378611378072,0.49628397922775647,0.8577015576054644,0.4872835155790785,3
1.0450439875152753,0.9888957747558254,0.009821803981026028,0.7563885793665714,0.579413875455106,0.21858267779114862,0.896791474630728,0.07842794238019263,0.40248765988169927,0.37016025709191996,2
0.3685590544113075,0.5543609089891895,0.9199203906701025,0.8783654831780279,0.0258795874782758,0.34187177369920896,0.9610253767543941,0.42285991907158965,0.525867738032717,0.8702618906249202,2
0.9735630586627458,0.8137323892482645,0.8139007848938759,0.6070707718160505,0.07235753515250504,0.48635620189409745,0.1385012970019686,0.6717427679087186,0.02952684516967019,0.48137787640254426,0
0.830706790412225,0.24522872860900063,0.9300337513485362,0.3175966262175258,0.5387717932615311,0.5006363818287882,0.5033277549357945,0.5381130421629107,0.5150534066117084,0.389572713290728,1
0.9820125686061044,0.9913277715930646,0.6391030359954768,0.003884510079711403,0.08978165412234586,0.21410632791631337,0.01754471946374231,0.7620204523788418,0.974350387127846,0.6864664139624093,3
0.005019601563367761,1.1621110723977428,0.3829242046324042,0.720496724387946,0.6136733590743307,0.009537225976208964,0.3118726088365971,0.6797739387820211,0.10228868454946055,0.9138319691850606,1
0.47001457417362563,0.2881922988463371,0.38601927167457195,0.026506518762127736,0.15725764436209966,0.08731198731762009,0.49942106377968937,-0.06012556833912469,0.7191882665214151,0.3202087901511823,0
0.5929634984613585,0.878150378101974,0.6886505507017328,0.48323638692130844,0.20832464605335366,0.9098018807600032,0.06830151353827324,0.04130171081421721,0.48383428055171396,-0.03542809451521342,3
0.7857823845447207,0.596364083134146,0.7591043070481138,0.3503918555629561,0.6478985737434312,0.9367745626469924,0.2719032751887468,0.14481761168095786,0.18450705608685003,0.8806822459002549,2
0.701019840924801,0.9297536843288617,0.8901440820667108,0.670763824120753,0.38168461234195167,0.800365492585225,0.27780752731919167,0.27372477750953594,0.7137565547798673,0.07940911323235558,3
0.04837907412096655,0.14251768668020262,0.5551996165779396,0.47143385573865754,0.8606871536692579,0.30855434440353807,0.5211007674094731,0.7661788551163052,0.4314106229910994,0.1354964495285632,3
0.8291000268958437,0.8581727913780942,0.7806007607778013,0.7921346232734081,0.9040611208516626,0.2817234225811877,0.3778668469779829,0.8223717191191109,0.34003037284542736,0.6414108061978054,2
0.012658179888785329,0.6150388352637182,0.8136514707555454,0.22660552386747698,0.7312197212811886,0.6791720164255343,0.5320136910988412,0.08360296032841456,0.7800296424206304,0.018033124135936014,0
0.510533753118288,-0.03829644149019883,-0.011584774171036483,0.9430539940955596,0.9301380291129498,0.14873538079721588,0.10730360305572247,0.718583406678059,0.7871776180153957,0.3722414076455821,3
0.7795411234073907,0.19958775021182487,0.2908316301929955,0.2602425998218597,0.7948588044984093,0.9119398012767784,0.7285888219698062,0.553685718451001,0.7913729291900417,0.08700919684730091,2
0.7384935092280622,0.7579192406450483,0.08650400535151814,0.650909314209165,0.7894647258052557,0.5095883206876931,0.8093387083260146,-0.053538902201853575,0.07509884202183742,0.014038373514816072,2
0.1669831120628732,0.35411173632261644,1.0759072851119247,0.8093435153325323,-0.05857762002756414,0.16916399185001232,0.8337935556270398,0.6821064575544925,0.3885548289519308,0.9128883515769486,2
0.7986556032907496,0.18048460705672806,0.29890318074886496,0.28724395608907205,0.7629424597195517,0.9150571050449554,0.7389925929806845,0.5534621506166454,0.8214559738627594,0.11900998722862066,2
1.0267781154291593,1.0062249664590215,-0.0030693591211895244,0.7784623327474883,0.6388081460562939,0.3095459725529763,0.9243532093695743,0.05458500796007574,0.269321248715462,0.15472230288333635,2
0.24683526515125698,0.9467583513523721,0.7082317002655326,0.3267323392414681,0.2072437950924344,0.7734111631460447,0.4967889645911128,0.470293611602559,0.3800519972295146,0.4798472853958102,3
0.4486343487691798,0.8029985954040865,0.0315077345693963,0.30658171424962927,0.631299044051266,0.18200703650627578,0.8779431046393418,0.3166815133960778,0.6973340948884448,0.6173028630240831,3
0.6044733253564463,0.17368407900322802,0.3517289649750253,0.0191935789745067,0.09932978992095998,0.11829189110179428,0.5167443115096675,0.013901612538124244,0.6948958923479017,0.30689704571989285,0
0.17969076691369554,0.39453692291010234,0.36325235672568196,0.9615387827676816,0.5624302653869964,0.7040298436914597,0.4420192646014748,0.7886709612521652,0.5509288087617715,0.5913981268770526,0
0.7091505575882109,0.018212303214827433,0.7733760969516352,0.2640577404626216,0.12484881093306857,0.9713769109652883,0.21869111902149999,0.5124756072696353,0.23386865661980036,0.9178870740426388,3
0.9776767425866757,0.9981559813619393,0.6499579605643161,0.004808389438092175,0.0951929655884156,0.2117712842734289,0.03227833623108672,0.7544761158010188,0.9859253852529943,0.6936217649314503,3
0.0179064072185717,0.428434601223977,0.3022373696915925,1.008658513650557,0.4743891966864709,0.88612225671785,0.4302864917449965,0.6561100644661901,0.48131301261457043,0.6315295123404028,0
0.929277393593615,0.31167736872037144,0.7359458130687194,0.0473936756289444,0.9021168657626961,-0.0025343882286291836,0.8407427816858807,0.7013202989742034,0.2400079422477235,0.7889208274761251,2
0.8094289214753854,0.5686800317741577,0.785743171736118,0.36675583209484103,0.6515836058925494,0.9507531395355394,0.28307251998644845,0.14832449524266075,0.189377794801602,0.8647249911996049,2
0.8743097393028758,0.3114894064187339,0.7145885818366169,0.03241795839751353,0.8921249128903378,0.013691655389196276,0.8702578930137543,0.6608455465886068,0.22315135099973515,0.7596681382925273,2
0.9708507616196269,0.25281886280246846,0.4782103561597151,0.8084289836294934,0.754396378333361,1.0102317422641078,0.36865881159833513,0.6890517840806164,0.6452224579836747,0.40832433734053686,2
0.2854349451681609,0.7055818584632916,0.6906085529162609,0.8571299738171689,1.2332073978421478,0.5965578500893466,1.0314525374129127,0.3599673682269654,0.8221761633100242,0.46188268395583565,1
-0.07416763340482288,0.39128163254943027,0.550937810735154,1.123150129494047,0.4432227562225691,0.7048980156809285,0.43198003274952324,0.8386289799931943,0.7840855369897475,0.4314269363298534,0
0.7234638173632306,0.2567112464194436,0.9159489893645675,0.38210936940262474,0.6842313150899982,0.36308250593871294,0.3304096105867251,0.03265952956144309,0.5378533261881057,0.7943862545262772,3
0.44195874189348583,0.8660673576224419,0.9626731149443017,0.5589272977108395,0.7751036414452289,0.7331971785470975,0.5843464515065655,0.37128203997897463,0.7932291803327522,0.4440109487502421,2
-0.15371223391730252,0.5859413008741955,0.7127408520748043,1.2062408245691991,1.2882955171315755,-0.6590323348263933,0.47265811212860714,1.3773413091756022,0.08908942279895132,1.225606756975744,1
0.3853290010189818,1.2580658530392352,0.8707769510082675,0.4873346020150353,0.998272563932134,0.0384749185204899,0.9398859984190281,0.6255420196540378,0.5997304130323019,0.3892882827455125,1
0.9752101789943464,0.9938730784602693,0.6688106251037034,0.6434075408899042,0.804552177752112,0.2818362446806414,0.41442078710982483,0.10922065783419312,0.7921803362764863,0.10171750962256182,2
0.14116256912067648,1.1133633653349504,0.7539682532192703,0.4540486136057536,0.7429522295079587,0.30136510033432085,0.8161112953566683,0.2992993045685838,0.6513073508733936,0.5419147959572026,1
0.2136713494089021,0.12688763074405263,0.48600537646920006,0.5988717183096546,0.18575447147404825,0.5027929321241761,1.0652868014898071,0.8986269856966163,0.6901226277296838,0.363171911995124,2
0.6545350134783895,0.2127912001411837,0.9230617393173467,0.373422361172841,0.6833703991273152,0.31735276920291033,0.2814208136548723,0.018308454587394975,0.5939274817734215,0.757686651081509,3
0.7596290993196382,0.22830249727399887,0.9425970436767174,0.40765258479996475,0.694774088205878,0.3366270023593353,0.3826923167084652,0.043231950720768825,0.5423337590934694,0.7891579059012864,3
-0.0005020216932763236,0.3506547224520483,0.18672024270839305,0.42992486777195477,0.9899864206527925,0.39703014097141653,0.6075750241830227,0.4040564879492444,-0.03765584996475854,0.4546141157411686,0
0.603505066048759,0.5568910834255973,0.30400885340019945,0.28241196365282123,0.8177494135117754,0.33785118481951687,0.3674393242489977,0.07721690875690095,0.23503382796923122,0.20965927736549397,2
0.15074136566421398,0.9943474703513324,0.7156717895836864,0.5391921586094786,0.845862401910821,0.23402437384587751,0.9474312168294385,0.3758071888571986,0.6884158727475012,0.6671131708325183,1
1.0495678107293553,0.07425712219869562,0.9941825303544051,0.1992706717883374,0.4128662612824108,0.30983420048105365,0.4558180319606667,0.5223522508459562,0.47622655995390173,0.37809333962817326,1
0.08015111182644058,0.16624762986524225,0.4118509716202661,1.235766582575903,0.41942897240353805,0.5619892653392912,0.3634545473723277,0.6744622578464772,0.6976907001855308,0.7537483700444021,0
0.6377991078753741,0.539113574218262,0.7332420186639396,0.9559804622951203,0.05734738115719144,0.1812160296542105,0.08713254874659047,0.9871275184410079,0.13157741515412208,0.48958812082856923,1
0.8815913711200352,0.32986165796315586,0.7215638381243806,-0.002687669955472337,0.8677815710857947,0.047513653951135666,0.9192577405131095,0.6629417272651926,0.20575608493153638,0.7332035386575102,2
0.9657163269836425,1.0169229789254708,0.6422641372053443,0.015306134100775021,0.09591838345220206,0.22662928476872538,0.03186213532859314,0.7546871382448979,0.9662522210927779,0.6874489415112451,3
0.8676727337569776,0.6328643925670571,0.461703057886494,0.672542810332964,0.21835557436993258,0.0742020299296488,0.525594836202735,0.06279064111146215,0.3230852011749377,0.849838708168511,1
0.774230581328442,0.20387703905711452,0.32762462826184896,0.3060497423260829,0.7465935698870462,0.9455454012566681,0.7139407998941573,0.5757857846531502,0.8500688333550223,0.10067190728225127,2
0.5171322736278828,0.15116256171736953,0.9490813675080108,-0.06035721183367598,0.01081611194288612,0.6867149485069673,0.38963098637314386,0.3406244370676928,0.12190779367564586,-0.0667295457544626,1
0.8791997201522154,0.9083239102004572,0.1473006167955212,0.7818932131805408,0.5869755534198269,0.2993993853430105,0.9162054347382216,0.057155456296929044,0.266709409344542,0.3073521144518387,2
0.5344634100271644,0.8867536813894049,0.08279073057081829,0.4326647103467721,0.7172440858802412,0.21647720850856778,0.9271524974422529,0.38986732814748093,0.6743817264693738,0.4896243195846466,3
0.8411779603933494,0.8515685064982041,0.13313449118269,0.803120011349973,0.5881879426219335,0.3913335459244029,0.8900817146882504,0.055263338051498835,0.2966182289912202,0.36808472720762814,2
0.09501840839816736,1.3307758179513456,0.5943915080840544,0.4512410033025611,0.5672251456353642,0.25948744614319447,1.2236618994251074,0.049030183669273586,0.8400641161779379,0.5408086423667731,1
0.6518177952798241,0.10920973459946315,0.808895481090738,0.21898518534905329,0.14581760753819073,0.9021176078054196,0.1904685764444987,0.4610684808132737,0.16941518136102302,0.8303261734013637,3
0.46754706137046415,1.031780016836205,0.8730103755602066,0.5184993874123863,0.7057059704267109,0.3993188031230194,1.2565208433043218,0.5273068275209916,0.5580700080062959,0.6873177326008942,1
0.9093046115724002,0.022878326740210408,0.24452619873446582,0.48070437254220755,0.17996863073666777,0.14940049889528256,0.06432279806004786,0.03157344895783999,0.2622877125808376,0.8168510915007462,3
0.7782647788603815,0.024393039410043966,0.8594724858442163,0.09019438273172242,0.142042777358296,0.9985623619142745,0.2827776646151543,0.41028383494378695,0.09845911573016516,0.8431978711863011,3
0.6292456603513917,0.701118174618902,0.3925281086092616,0.6901384724814807,0.03811386620917469,0.15927754983381362,0.621039327683411,0.09717854703708441,0.3839061344748395,0.62319521802639,1
0.7118906786884888,0.2543744230252107,0.9263654118548146,0.3775601945006916,0.6919815150703774,0.3724865613323121,0.3281740788803786,0.02697328300741653,0.5424770165275743,0.7877197178084919,3
0.8595519464286272,0.8572653378754467,0.17648854545616152,0.804475431150669,0.594893566325343,0.2900373127192767,0.9220213435042539,-0.027588298679078235,0.2611211006419242,0.3571997438963024,2
0.3226905013519772,0.8972023829748939,0.6221454762474703,0.28377046611262335,0.1352998693428509,0.8412098167304979,0.5395416277708631,0.4679369785754996,0.3848773379292541,0.39647914878595425,3
0.9634064445906293,0.73395044814099,0.8430960656032374,0.17335442775609958,0.3145799786915129,0.8925530594943537,0.24961571918336586,0.14564661718861288,0.48144682641403613,0.7569373796895117,1
0.3002252925435203,0.9348589942340393,0.6586299157012314,0.39704230039611543,0.7208286120993734,0.33859435020320067,1.1722320795260888,0.20147826700330934,0.9147704280216957,0.43878465436293623,1
0.050414248302663195,0.2832140923846255,0.4630693875833189,0.8426143262396831,0.20661744287378306,0.6000131766542798,0.5890738279893373,0.4465656518064065,0.35976962243357685,0.8083325683589265,2
0.6184889605416026,0.3623229406277811,0.9242372693101019,0.8397394811574339,0.06571112154175898,-0.08299856138152822,0.12082768666978874,1.0909961126890977,0.009363586133431981,0.4650566198614815,1
0.6540567878903342,0.9071720828682164,0.7878291815031138,0.8015134201576932,0.14678400869592284,0.8992746494867202,0.36409501186512927,-0.04270328244365987,0.6346767614953946,0.06535734770843457,3
0.26756766222282036,0.4091141693191528,0.9487018329118423,0.6987861762929528,0.009293659765535877,0.15827062718017307,0.7883173585869127,0.6406007980314017,0.37757773911866466,0.7852456999471509,2
0.8770697049626408,0.600482670099027,0.7272114349580685,0.3734683052333648,0.5399141890213899,0.9671777812030193,0.23164139908087109,0.12223091296641067,0.24730666515139985,0.8183924243624251,2
0.05264628015356348,0.8099559917384466,0.20073566703680362,0.7289475121555355,0.7867987651357864,0.17939716971817296,-0.087592914079326,0.7361059929734869,0.3693971837491957,0.8664826833512685,1
0.8881627121941631,0.8655468959348388,0.8052374083048273,0.6645932452610431,0.9597628898522715,0.40542695399988815,0.40869222963247304,0.6992638647468731,0.2620595893486543,0.4802836803169191,2
0.01174926187042129,0.6156699668915715,0.8159215799966294,0.22833694734331597,0.7305351339098933,0.6801735240050425,0.5311482052881976,0.08061664138079577,0.7802848914927226,0.017763493311967565,0
0.19539217816319654,0.4364570722864851,0.8937865295707027,0.7604358334487271,-0.0160861582258328,0.20058774189221296,0.7973206629023838,0.6450693438862599,0.3901452946118251,0.7921842695181794,2
0.6238085629806078,-0.5921294362853209,0.013895399924134716,0.38052180856360324,0.9022549093450122,0.2504648854687473,-0.1322517114623501,0.7096709814890118,0.7059869867672016,1.0459776352175267,3
0.6305413207202462,0.5670150463973375,0.2668171681411464,0.26710974748966737,0.8123264108025898,0.35286458801801374,0.3746063688098665,0.06364687599906009,0.22698238351648492,0.1991448591509723,2
0.7046748351703959,0.08348775595297606,0.2911259099928315,-0.019227809955713104,0.2206303714140987,0.02320669463124317,0.7457289243149114,0.029930763579954313,0.7701228551347751,0.43359746770144403,0
0.9958742626507975,0.26603520346485066,0.7928299740192991,0.46584146626458456,0.4126694845629328,0.32387741586504437,0.47988756105856906,0.4428003151605706,0.3902179836862099,0.43793699542123254,1
0.5611328242793956,1.1282821270908387,-0.012076154101064829,0.750545636799046,0.5224152909844357,0.456442445266897,-0.10454943451680987,0.8459830193159851,0.28967254417235594,1.156431428946168,1
0.28969975384266883,0.5568196816199108,-0.09217490571370718,0.9033018735182254,0.8630000926113759,0.2904353813394537,0.19659730071927184,1.3031166317683707,0.8448981923859942,0.7890084988937232,0
0.3381103105872969,1.1244980286781998,0.33180270318880806,0.5761930932918017,0.4892712038592603,0.1518323160695298,-4.098265591213901e-05,0.8679295477857383,0.48413819067967945,1.0528364590527741,1
0.5098437752075119,0.7315505913862492,0.6499619498934404,0.4598654365216899,0.3234888920168513,1.0557653262131819,0.4541931621282842,0.5084726607138993,0.44620933775201704,0.3315765625617825,3
0.1745623593989769,0.14033536943677735,0.7360772595438763,0.2878450617165212,0.06800786462789804,0.2765218249877732,0.7380524895358314,0.3825646650618711,0.5431228143462112,0.20655747780673905,0
0.7331588934659639,0.2518393331280745,0.920826448834617,0.40515906101798516,0.6715199550677793,0.36929973222258095,0.3282117510380293,-0.002057377147154385,0.5627365082121155,0.7571405861436855,3
0.8336312946049198,0.38295895390154505,0.6749090980702137,-0.09676889873266087,0.5825917954420947,0.32658892483542484,0.668023862513268,0.5965526850309184,0.7092328821115784,0.4759614638067306,2
0.4704623244397242,0.5174542985461942,0.38966420212744834,0.5791746666965158,0.4636525228440965,0.6907730605133164,0.9290678331182531,0.35517327907779084,0.7521831611079002,0.8437396055663757,2
0.7999102744431095,0.5742444472711307,0.7863583369157039,0.3543045156686323,0.6474248727263234,0.9637628062084511,0.30793299877026253,0.18663333201232085,0.17984413131923124,0.8555187684511245,2
0.0321727098280679,0.40612864153968126,0.34095038618705653,1.0056191376882995,0.48641925767215133,0.7619035304067643,0.48845540669905535,0.753093953964183,0.5414494832572222,0.6673009884788433,0
0.5413255590780998,0.695109132061028,0.903888591371153,0.6970377934194868,0.4099209379738853,0.3037285658612965,0.2081016875174877,0.860862007870417,0.7747958615911019,0.8003241811992534,0
0.3886020569008467,1.0723205919897967,0.7794197325656228,0.336080998355668,0.932823328143604,0.3168384689114547,1.1264673121666124,0.3433332804271067,0.9287644911979455,0.8197558876653992,1
0.4062628192174256,0.8179669959019921,0.9198972146264343,0.17707941942651656,0.9240532491295604,0.4019221448115017,0.8394339102290906,0.6460549800748244,0.16756370992139039,0.13749633613909318,1
0.2696030613730822,0.9947865055765758,0.07958985253398258,0.47694578106006275,0.7026174568971086,0.11208717032202435,1.0766989277996175,0.5639721624958808,0.969129406886519,0.6577874624551435,3
0.8125698832104826,0.826930668377061,0.6445042906128636,0.829644977419159,0.00171147658049646,0.960054003599448,0.5764868064701766,0.42687010838100303,0.5615534827367896,1.103355473329566,1
0.8959025724415378,0.8936752323508773,0.11091200335195314,0.7758038726760204,0.5689258910711424,0.3316754566677263,0.8890700087426311,0.031814356687377116,0.28420609152372217,0.30485032905120313,2
0.7099117457190676,0.4866300869945451,0.3346370986786215,0.6404018255953323,0.08911203959192947,-0.13145931364152105,0.326692347252166,0.39077001709246406,0.4513432523009116,0.8385683948708942,1
0.6733231376679981,0.6689135594864584,0.2761370498055851,0.8117629071339354,0.033124622317521696,0.13808375983973079,0.666724190298537,0.04807356660597639,0.6252248031970424,0.49505127752866074,1
0.13394633958234523,0.12478617251605068,0.14750946500421863,0.9038069598781368,0.39988670048688085,0.7087232206920862,0.6916332906760687,0.7136388078413342,0.47223351158672,0.7785282818322224,0
0.7615300268606291,1.0360423168596395,0.7660543072223072,0.6713681728233613,0.2772121050576709,0.8877592568897773,0.19457262591615151,0.20844016939426677,0.5017166615962385,0.14754890833406098,3
0.8567742711646685,0.32902354360162483,0.7116049760005663,-0.00405258221211241,0.8138123769928522,-0.040542723923367566,0.878672639925723,0.6413255448793452,0.1727761642872736,0.7471227252526644,2
0.84715102172501,0.8354716154931656,0.017392605222868313,0.7280530629382387,0.4107362404263969,0.3058449596784938,0.7606183753958534,0.1226787029251309,0.32743726897958103,0.3835025532908406,2
0.9905019699523939,0.9785014381130596,0.6323196339467028,0.020174984125461818,0.09485297822721601,0.22601310520434698,0.046523586409318,0.7802354223765058,0.9786022213815755,0.7034385940098461,3
0.8803003766268641,0.8245074777533902,0.7338037813158114,0.8003986908491374,0.8640507237374079,0.2870128637481006,0.3724461514698535,0.8183608606613418,0.31541697803871943,0.5771878033939487,2
0.9395530915235696,0.8302949526268585,0.029891785289573494,0.7974950770991989,0.5670618537632438,0.4146267503349733,0.9401396083635477,0.04783262169092935,0.38982620748104946,0.22382882608979443,2
0.5819554053379343,0.8204615768335869,-0.09897973733112492,0.365166319720668,0.8494846983405993,0.17870544402999722,0.8679263564724488,0.18132221262925516,0.8084969489993696,0.6768927479367265,3
0.4888254869326582,0.296864683328923,0.38352817599243555,-0.040451303262776225,0.28458995012607946,0.07010702821515903,0.5804919109176143,0.12710932781516918,0.5398503153411717,0.3126665902189132,0
1.047801469862533,-0.43864473365523243,-0.21054100753077504,0.15850401950523763,0.35079729546388216,0.22305191408256042,-0.016629917443498732,0.2029544747765395,0.5433190737606347,0.7290666483460256,3
0.4302558449199477,0.8134349078710558,0.8051076408128159,0.4852105596233782,0.7355954009377264,0.8454962104554,0.5402508258540293,0.387871217542518,0.7739241206502412,0.5440601347259635,2
0.3442257090386025,0.048357322806751785,-0.09004347366266591,0.7340289053926675,0.5857847910650759,0.26759894992781075,0.8132876942508845,0.21348159759305912,0.015627550221606314,0.7617743212662806,0
0.42887368823104,0.594847941690445,0.36100988594289085,0.5936012758853308,0.043587894049131735,0.4422362003073948,0.6640073747055255,0.270635487865287,0.6302436629399109,0.31688443144556355,3
0.5202550133575299,0.893348264743353,0.11688750443196029,0.3564196780440216,0.584361270579075,0.09277562798782837,0.9447877973802981,0.3242858155296215,0.7058864574187717,0.5896505338439382,3
0.7921005300657259,1.0053353701794656,0.5988442884130472,0.7060299214948231,0.6813497726759472,0.4690049966642822,0.5859381913691336,0.6825177381633492,0.518327646499457,0.6542484941129718,2
0.4143635413396084,0.8634931226102005,0.031409666344583274,0.28540476661073494,0.6935586401133595,0.13139681031482245,0.8776807521554267,0.31644852817457725,0.6279072941251626,0.6331653138145756,3
1.3546261101527863,0.561744966841045,0.3484949134426434,0.984717259267353,0.2983172618221916,1.050023653285951,0.038124632006761194,1.3646663290530134,0.4483386547840814,0.1397640172125696,2
0.6686889940465314,0.4832924733180097,0.588303017111433,0.668510674655298,0.06345387136017974,0.5019337038316918,0.7534737991140995,0.5465729485511855,0.5623998809701518,0.091831961314477,0
0.42698013640642063,0.6315760456366094,0.4896618287669773,0.9009565924657483,0.8406557649405636,0.07593753674361683,1.042149221886985,0.3949390550584828,0.20790177073616417,0.13919945412925816,1
1.0542396917072467,1.1879757718995583,0.9138717412139536,0.6280677390471431,0.5628323575114708,0.23422313204064854,0.7793351496489108,0.09462789354058085,0.753506807947648,-0.0014901344103366368,2
0.5625487614481404,0.5916452972720018,0.27304211829204567,0.643787726554253,-0.022705667741245494,0.3282986766286047,0.9027257014732313,0.2989140746810688,0.8151289317663393,0.16521232129413782,3
0.14798374342662154,0.29892980514229195,0.4232971162041329,1.0467833195368539,0.47964430107630535,0.7830627979503441,0.5209406869838409,0.7479333545649677,0.490192405420523,0.5837730874586535,0
0.6725906087671953,1.113746193975341,0.050511077408690444,0.8167546672694798,0.6196019826184748,0.2003384144490485,0.687627882035148,-0.11697614517029051,0.48206537304707475,0.22019796362354419,2
0.1835189734748291,0.20083983210328638,0.3589211223609978,0.9501827312520498,0.19103949789066516,0.7415901920042758,0.41886285496228315,0.31877291276153497,0.2834558470662454,0.6956709567378692,2
0.7903902813395837,0.18670885483196897,0.30032131026773995,0.258669505439424,0.7914893600804813,0.9105555828269599,0.7257808432963435,0.5404647480846533,0.800460648476634,0.09718526716124712,2
0.1828618696392778,1.0128339085488451,0.7147485096360343,0.5104260792379284,0.8463045846711587,0.20733770002352123,0.925033644894642,0.3961144447398385,0.6599217589264627,0.7019421385805433,1
1.3127236380444214,0.13359974553044907,0.3672556357868386,0.6299302105994282,0.05103241073524363,0.49561903296616966,0.582629020948574,0.07069652699387217,0.2764581544869608,0.8756225839690448,1
1.3170077610648596,1.1096972228829802,0.928257038368434,0.4500790377415482,0.42875102549434385,0.002249015884158989,0.4807840779977043,-0.27928283305107476,0.7509011904471561,-0.10655745020359167,2
0.9741924890820742,0.8833240056210687,0.07276083662809876,0.7219916007018814,0.5402041294046476,0.2927193038921698,0.9776357971763187,0.08225056191460126,0.22809664473903177,0.39966201137686197,2
0.16710959885982998,0.19338746260490855,0.5960974899484048,0.006034515641404503,0.36237408954615735,0.631247409289386,0.7565401799441832,0.20146389567671125,0.8882009700687143,0.5199171623096537,0
-0.14826465212449935,0.6966070521175167,1.0023167890819096,0.687798735902868,-0.007091654195686373,0.4398342972566762,1.1696966617253521,0.2734835245628896,0.13286883882062042,1.1411952796125941,2
0.5940530425054114,1.0275625868801364,0.9000844561387124,0.7240336540683244,0.2564829474496186,0.8069108709092037,0.24355143729068868,0.2055501692627446,0.4666714692864109,0.16633070670373457,3
0.8722611144259647,0.311818168745657,0.7155047833347759,0.031983575072504336,0.8887506404563933,0.01533449384138327,0.8723926071009892,0.6617899506551318,0.22369576539917246,0.7561668442588152,2
0.7295345997740246,0.04722757437993579,0.7371032341035414,0.23774032708107667,0.08651380949726412,0.955476485353659,0.189298865915731,0.4913610495072552,0.20074231899011177,0.8920173717550507,3
0.002859700384111213,0.0667265227701685,0.4893753290604663,0.259042278659664,0.8231823582337305,0.4249773645451863,0.019049868775624944,0.7016167655420993,0.938830659881152,0.792666561769392,3
0.6812129044594638,0.22068302612352303,0.9129617336194558,0.3926823653335638,0.7103569073499927,0.3954594516499763,0.35521713226800455,0.019129460865247166,0.5762175209793965,0.7848764565164701,3
0.977124156031036,0.9985829794462504,0.6482656347021244,0.014092620074634937,0.09218958247232284,0.21343932302552274,0.022781595541129344,0.7462879911349544,0.9770416132725745,0.6951776595650793,3
0.6927121583620831,0.5817253214933867,-0.13278470193406838,0.785793554220154,-0.1444818160800169,-0.03716530430067427,0.4870623521577317,0.6679257423311451,0.6197431448568602,0.06205665643463429,3
0.7134737770111629,0.9738491571520769,0.7155586541524722,1.0624906542064663,1.0383408448795264,0.17515084642142623,0.6212751456720456,0.8052048606800134,0.4028101222420078,0.7141198555260887,2
0.8962140241531789,0.04154313244497254,0.9976233857500894,0.3854234977130096,0.8492701745873402,0.8813310524973793,0.9939705941626111,1.079030197588236,0.3963176847054338,0.478585852961113,3
0.16935152357250394,1.0177251563974519,0.3568249867924367,0.9927327507099487,0.7765485526039556,-0.06053111618342957,0.17881852483170407,0.844481543377855,0.13455220974590876,0.818038925584047,1
0.8569868700264014,0.02526242033973336,0.04281976419064981,0.17189620439633505,1.242199743809964,0.2792702265048196,1.5650117409623165,0.5653310865920651,-0.6313781757490547,0.7334435846619531,1
0.919846864044997,0.9332618426236022,0.3764487300611917,0.9983307887034636,0.31429622126084794,0.8560958869169075,1.1180922081467983,-0.16488895642354817,0.7559259359174852,0.5672843776145007,3
0.01304688093298118,0.6118096483527045,0.8187847969349289,0.2275374447803248,0.7280182012476059,0.6804689524937563,0.5269647250317463,0.08353891775361914,0.7758102408130009,0.02077339270053565,0
0.07827838660516545,0.45645816646501336,0.5548819919423983,1.4448292939048484,0.2457420358166717,-0.391020394710061,1.0466130939907707,0.06317509295723944,1.0832099200140202,0.846161878068266,3
0.9099174486340313,-0.058424825636771704,0.46876170846312293,1.0945768078487292,0.6308442388529064,1.146699832275861,0.06324699343973747,0.7216633396812082,0.46011061375685425,0.5835385675746818,2
0.49605256668136055,0.5199063027844583,0.03759762264290517,0.10566731541054572,0.8680293801646279,0.5294496480711465,1.1857151163014326,0.523659812913662,1.1585972937327809,0.5776464441227354,3
0.36893225145545744,0.19988925764830284,0.09541383123503837,0.675347344051608,0.5522301314084714,0.33070825388905645,0.7709947735438369,0.33574872334300965,0.04034311389156972,0.5993222309485782,0
0.1681777571676297,1.0007243423018775,0.7022735330738303,0.5454723367911121,0.8553133649147173,0.25567315288707365,0.9687910184631571,0.38034186581573015,0.682281967695392,0.6461156301329527,1
1.0116769304843172,0.7736064401055674,0.2316156817532421,0.8390009580366703,0.43381006401886735,0.38577621275308194,0.868080268920671,0.036895371244065694,0.3505964775888213,0.20862176988977926,2
0.8062581714644057,0.5512939986953452,0.7449655754111905,0.364878964741555,0.6048476115856937,0.9270009406135814,0.3029778698684833,0.1340764829049717,0.18490885123048056,0.8362639808271266,2
-0.3267650215477223,0.06726398589240623,0.04961178670317956,0.8284141526751505,0.9709145950235051,0.2671270040075103,0.9874406182186212,0.7909356484405725,0.2876552870259786,0.34716611981374446,0
0.6506910213932422,0.016079456960012707,0.08564299477556368,0.8801166631572348,0.9285117272349859,0.13119769982835872,0.018073423452066868,0.5681435789484924,0.6883892389779211,0.40744999645829744,3
0.8628020497313449,0.33227852322295454,0.7233254691331273,0.038472456351321196,0.8909543165318136,-0.001077371966380341,0.8681834070834907,0.6811758664791698,0.20686581149285124,0.7320873647453102,2
0.7974638424562237,0.5877852023491553,0.7869449394478688,0.36864295720939794,0.6359613090805059,0.9350319860362919,0.2824217503819328,0.15782683159979907,0.19711828898991657,0.8567369203552089,2
0.5518375444454373,0.17169190272499002,0.9472155780272804,0.47803623514699434,0.7130719287301759,0.3905714032160179,0.2515082723422383,0.46172487218500485,0.8103815204656224,0.5994804930312934,3
0.18961316603181255,0.35500005167092985,0.9206756566358799,0.6921667590043384,0.07131941514458666,0.08816817520716452,0.6679933556474121,0.5782929012213841,0.3430001551163606,0.8055260585459407,2
0.9292754931631902,0.9986536996429296,0.651218657744049,0.6555335008301558,0.81336504934615,0.2474404186238446,0.4988553898102999,0.06110978880353665,0.9675532111220165,-0.0032254568602220236,2
0.8944332188996439,0.3067085766447489,0.7404539078205972,0.026835196575451636,0.8871074186221373,0.043167632963405825,0.8986711278764132,0.6839695005599191,0.21391858836535785,0.7306856779017489,2
0.7173503957894312,0.9836403539840766,0.8154560590986487,0.6362814880145778,0.31477770880294076,0.8741089061845597,0.22726031592855855,0.18648771365225827,0.5548714898889238,0.09527085675519006,3
0.5185275922776835,-0.07262025500009542,0.6912166528287867,-0.1312320872909194,0.8891707019886923,0.06895609064866762,0.2464501135377376,0.11661902779758877,0.44689882463754815,0.4713028997260673,2
0.013888092319263384,0.8365912089954276,0.4492476997925436,0.49769808788376196,0.6331230252960632,0.7742453251672005,0.7768466420491906,0.8265555843289482,0.39251777726610537,0.29032762305025306,1
0.469216517866541,0.8504502455852053,0.8263401769147818,0.4239194814997928,0.7423780057935633,0.7989070646801285,0.48741686102435444,0.34008398026985776,0.7477912070091585,0.46811071410865646,2
0.786629154406271,0.19014099949013644,0.3050819369861686,0.27021309666595245,0.79751516991068,0.8992957244761692,0.7314828278349377,0.5371592391554884,0.7857840095395885,0.08210927318706257,2
0.4888646593581535,0.7995363588688074,0.6761331797040757,0.5948464268067347,0.36171427792427346,0.6181208215784881,0.361984358226341,0.15245527270209897,0.3545230263404455,0.013658672492658883,3
0.33476453500646314,1.197197740840657,0.9077775471331131,0.018747551296970033,0.3450474631417661,0.7123817097323778,0.8330180192383243,0.2385043587035755,0.21533749588079162,0.14896857639266792,3
0.5911553109299272,0.7824308021729425,0.7927425377808488,0.5317760530826435,0.7573593134154579,0.89336994615957,0.47651739790259146,0.3433015050089902,0.6932023775251864,0.3771694721296289,2
0.22219189346155122,0.6250520546455333,0.8032877032672369,0.008781086290097401,0.7665071478306921,0.3921379262852705,0.6883207311379573,0.6240563649567104,0.05423730781652599,0.27022149620063085,1
0.8651564922337209,0.3231256886840025,0.7311755883846063,0.02314071968899222,0.8991958748260447,0.016395680864810372,0.885643192176549,0.6711665090067924,0.23125252396144863,0.7527648472762353,2
0.9825758485460905,0.9753942835888302,0.6578073180467369,0.030704823616079697,0.1374590466549024,0.19134259161125666,0.015469731148842062,0.7308251440604648,0.9549359449152452,0.677790253142357,3
0.44408088454806094,0.8311440170015291,0.0546791135525974,0.3085210444157269,0.6266957647173552,0.2013024900839078,0.9092653544113467,0.37513161815861507,0.6485118578835318,0.6319608772921308,3
0.18620217807892636,0.5218012797486411,0.9701141137418107,0.8027093735884292,-0.03966540894338172,0.07639191541735896,0.8676747061692796,0.6382388926073448,0.307741827732106,0.7765421453560366,2
0.009921885510421603,0.6174289886405792,0.8176205279882502,0.22487476298038026,0.7294967946907,0.6816545693563827,0.5287974500932879,0.0858832688316237,0.7780262982801998,0.0220515184193987,0
0.07935646139642685,0.5992168001297613,0.09103073510944135,0.26776782225400164,0.8657207253549642,0.33696326317201136,0.3044010312101654,0.3487980208677704,0.2736203204158272,0.36935764843601954,0
0.7221913268078229,0.05814109689160313,0.7357593812345627,0.22639860035789805,0.09590699219997942,0.9513058619639483,0.17382424209282224,0.48354927817097365,0.21149276259912933,0.8850037369831697,3
0.7348861767583104,0.0688953473737703,0.7440931055181513,0.22931545451653884,0.07684961887174376,0.9454693762847106,0.1863290224487066,0.4890517303071937,0.21645302710320044,0.8869691234016169,3
1.0071734141709003,0.4800297104800139,0.32543241694341096,0.8585668174027073,0.39665945785708306,0.03300162300227517,0.3937749357998357,0.3842702533491823,0.35009963758303453,0.6344860721388256,1
0.9547199050654435,0.19079933847381758,0.9527218145299257,0.2445829172782228,0.5095183181869445,0.5210698840549629,0.5820713830718321,0.703641210934933,0.5547396446517576,0.2572832415159573,1
0.054426450681827235,-0.12615427348698588,0.6781713323378562,0.2226712410344533,0.24585458365921486,0.6039392816727446,0.38168746508096985,0.5394361342205799,0.510415306016935,0.491410737309605,0
0.9986821519670332,0.4837537565271242,0.7424380738402909,0.3722983436819904,0.1163131473652148,0.871453228694116,0.43249574676207625,0.004312867660601937,0.6724798451496254,1.0003061938673443,1
0.15101069428831382,0.9943197725449052,0.7152045564974576,0.5377769858318114,0.8456889017855828,0.23575414382152582,0.9447548564946002,0.3767002647760357,0.6877908946551227,0.6690401218528507,1
0.3345994541397356,0.07042859824905984,0.8364120483812408,0.48705006042630195,0.6079658512699138,0.30098374533931554,0.3546243942216126,0.35665309961669395,0.5550852167062634,0.39012685246145934,3
0.6619624744336061,0.4967612888140573,0.5980339808749434,0.682094416398879,0.057854217043661206,0.512580323193426,0.7486441682407038,0.5326040110123887,0.5503229576112805,0.08072070383212124,0
1.2511890891430917,0.41776155369626344,0.009469555381708517,0.4502579047858731,-0.027466016200472648,0.3210832966516271,0.27957019293752217,-0.1747889280472273,0.9738638501642876,0.743076900351145,1
0.8023894377355577,-0.02088641035353745,0.06767520579946054,0.9783164510415662,1.0031762585740416,0.21728952846930696,0.1386526763126317,0.5414417473585276,0.7176254619318646,0.3772605091585602,3
0.0022962136908918074,0.7731951008844065,0.034543576889248195,0.35374552493420364,0.9403465823537462,0.43750493624427483,0.36333664265262494,0.4252443725007481,0.22875579932972773,0.4674254321290533,0
0.05422960610383773,1.166931844671428,0.7891314383525592,0.5838357336033984,0.7016424393974692,0.22841516416677704,0.8457234769577512,0.13094389530861383,0.5429085694909844,0.3802198118518768,1
0.44344970151531293,0.8654508988444568,1.081923569317615,0.9030161351183257,0.5093680668500562,-0.01801792568438665,0.6086757672428103,0.3842185006702495,0.9440687323407708,0.7984625294684502,1
0.012673457428987383,0.6128181880759662,0.8148390273850427,0.2277277734617973,0.7304803834793705,0.6774938248267216,0.5323547359880362,0.08283720063890983,0.7778997614703499,0.017530337724771763,0
0.6984147095263225,0.018517607907944322,0.6682635266436795,0.19426561743244541,0.03457121138159793,0.8875951651131068,0.17497094397661841,0.4964451285632167,0.21535964616951972,0.934706408980625,3
0.09584157155571485,0.330962468121339,0.3188221602800757,1.0163845446772175,0.526840455452461,0.7530477663415424,0.4264310131244395,0.7900464624876185,0.5378601807778076,0.6777226215206938,0
0.8188844893702393,0.8229461779696741,0.5418234120052108,0.8086685546576321,0.8170027647893455,0.14838622711056731,0.6692287912464217,-0.014341563645389924,1.0277126500157527,0.09476562231300507,2
0.2345005329565151,0.971912854093347,0.580503250223397,0.4255522301004777,0.8804052028298899,0.18036618199930515,1.0801358013123528,0.4344370679471164,0.5232647932543533,0.48613508557676444,1
-0.23165440847179486,1.340709303842451,0.4688235190413024,1.3268975116762913,0.38231059540054285,-0.17344712780940583,-0.05281728242541593,0.6230404846939479,0.4436776489956334,0.48017758071859123,1
0.6150199154290821,0.5644003406216126,0.6388760249682267,0.6134858994489332,0.9032305769366614,0.17971766719196278,0.9277461267183906,0.3462081815202235,0.2941036163674753,0.23666867470133696,1
0.44792290073111,0.5313952714832828,0.27846636421337245,0.8070859835836508,-0.04000349813475049,0.2903645020611212,0.9325118172868351,0.20279122021897247,0.7011933973495663,0.20542200088539547,3
0.12406651306091716,0.9730024691375325,0.6942413134205363,0.5316509477478031,0.8824814848390188,0.2049260429607127,0.9615697480133985,0.386914231081601,0.717546065102012,0.6790567184412004,1
0.148848645645817,0.11768206401004339,0.969253519892799,0.750549064794467,0.2080683455174733,0.16323123939098372,0.47392241996275275,0.32077703255311707,0.7093906849688907,1.2644301146951007,2
0.6946660680073715,-0.00683026095642213,0.05587759736328432,0.9003972720127986,0.9099721708489188,0.08826157280815489,0.04175312250376545,0.5757214329318375,0.6906754421592345,0.4409239890333196,3
0.12621817067772148,0.28699571409045854,0.8858686459604511,0.6440650121569607,-0.0619251308604855,0.17795807519281875,0.8204149097302801,0.59458070283992,0.34539429448713066,0.7539143796403962,2
-0.4566233627556592,-0.007487254979631652,-0.5020048928294767,0.5591627823936715,0.004734265018724038,0.5949430914713995,1.3475915235404141,0.16069737357757996,1.1720225158299271,1.3572885235241383,2
-0.014884275619049286,0.1979573273315733,0.4720577618287568,0.749485924023917,0.32895165740306137,0.7943433862908152,0.4698983101832557,0.46992733891390953,0.33832438318802743,0.7805011979732013,2
0.5469750162275555,0.8424039156213855,0.9079864397644171,0.484163042607615,0.8037274583936759,0.8312689356447259,0.519763672036891,0.3424915271898269,0.7264372515164063,0.5070071035507353,2
0.6582432615150123,0.9209646126898801,1.16186121333306,0.261582833809885,0.8560892116512783,0.6073948836907249,0.4521846861564339,0.24021880739886314,0.9297475680581243,0.5912811000604832,2
0.6874402162007786,0.5268832583072146,0.071533851299246,0.5185004094721692,0.1652914189619756,0.4319501404964257,0.7088410997497994,0.6658129712711253,0.5865548843015302,0.2642461249984158,3
0.08087454293591534,0.39582752687454104,0.9047757974189413,0.5967507918305455,0.16661207898540695,0.44399382873450244,0.6657792266332778,0.9482931440517482,0.6292219773769441,0.9252563052871463,2
0.733393884017204,0.1648457628885031,0.2493909698776015,0.31662761499344916,0.7696395407630374,0.8977609566800399,0.75571476191893,0.5800846396422537,0.8086141328426221,0.12654153048801944,2
0.1945064025781647,0.5405064929385507,0.679805315718974,0.2724547126469555,-0.2675354535094531,0.0622278831882665,0.15631966392616325,0.10650311312200816,0.5564515484780596,0.8843860520685405,3
0.10295799255003013,0.5613729247895238,0.6313806287067596,0.8155891700763656,0.480705784462725,0.5402020541184749,-0.1120665013129774,1.2878644967920918,-0.08892358820763299,0.8068244564580594,1
0.6421639903968159,0.14182705981838203,0.6973598324740236,0.1666460226932033,0.6301270878023322,0.06779137488891718,0.6489937260309047,0.24631337834693043,0.48993285642823037,0.0649527822007866,2
0.529477031887845,0.8049384901065746,0.8578200749954414,0.46165335675064717,0.7780575622682289,0.8434375345983655,0.5435104101058104,0.35195119704115035,0.7240520062432345,0.4534404888599089,2
0.9190090659065134,0.886741916051631,0.093569965679767,0.7843654813388485,0.5831925849012871,0.32442627314668687,0.8706483716746385,-0.008190394061603462,0.32403278768256727,0.27956949507329304,2
0.9784670962590977,0.969613658994188,0.5838835407595261,0.6258586338810634,0.7582549244081905,0.2487269000044836,0.49215112710646386,0.03654365797390802,0.9200954687745043,0.009765919237323822,2
-0.0944832433001486,0.3503267503029219,-0.1287708613197072,0.14294822600496382,0.5503881157412106,0.619074394322928,0.025166295599223676,0.4081322310126421,-0.0595692117065669,0.058349801943705315,0
0.5061204392158236,0.8206519683094547,0.8759229610369276,0.4820229632765547,0.764170737982887,0.820858929800036,0.5408908150845063,0.36043480447281695,0.7385199614660497,0.46549772045532023,2
0.2706308234552759,1.189857913187645,0.6301513688452943,0.5156679851464103,0.6968486475361091,0.2417035954912962,1.0249005466157621,0.4309703471501605,0.4880230190902686,0.5906335555930302,1
1.052650772229714,0.20674804891382864,0.9083360779775583,0.3315199910557498,0.4534134885080903,0.5172758696615115,0.35585907187701604,0.4594714213726643,0.49033521667543223,0.49672598376150745,1
0.23510246494618006,0.8430928969599457,0.6950511685757947,0.25380220701187717,0.1755055925210412,0.9113828035778364,0.5948643018304088,0.5200448223753372,0.40396654513025126,0.46212423597602714,3
0.9838689235451836,0.9917012651192686,0.6342625370285826,0.00445407960525833,0.06275831323609347,0.19848913582294123,0.056849716296725444,0.7803953861737264,0.9511136150000878,0.6656528449096204,3
0.5856021355091737,-0.23093800568438672,0.5390422655434912,0.4322214410557774,-0.1421521780588173,0.9621205895143491,0.05669185155699502,0.2030432351574914,0.10858518164890536,0.7771505767754046,3
0.42050530761982097,0.8629796296404895,0.7747548878929786,0.5301866534803464,0.7764967254375471,0.7600058485283508,0.6434214124197923,0.24946343859504178,0.7806474721128182,0.45556419479803745,2
0.014555806115181097,0.6122224405954924,0.8164352523495538,0.2292936155572577,0.7323112599725954,0.6809966260548872,0.5292390931939948,0.08366341857550098,0.7808957111778511,0.0182874732447585,0
0.6048888639009946,0.9613697312101133,0.7908880367537601,0.6216229964474711,0.4810866335623319,0.8760729495833827,0.035058898886018486,0.35598333788456005,0.7695226980202595,-0.09028144592975162,3
0.6882706575883841,0.771706650990435,0.7853386717743084,0.6609208312090116,0.8235955640893468,0.19898865769739937,0.37656028664891955,0.9061926017461432,0.3222230647336984,0.7205602048467321,2
1.2343199189880507,-0.19887180973413926,1.2239755801677443,0.06279690433055363,0.19214259782072113,0.20783940540221557,0.6057804894748505,0.8525651655350932,0.541663500713164,-0.04809198597135672,1
0.05079295003551489,0.475459644689954,0.2797638974313881,0.9749168078124759,0.5028972842656225,0.6740680440214003,0.5301193723428305,0.8371457641498691,0.4859423065348358,0.732399298411224,0
0.9492699793674404,0.3209984448608299,0.7258138384720931,0.8149188319099003,-0.07382901008056433,-0.23230811399773926,0.4471652267889553,0.13513296366065042,0.6056295999130081,0.7364424832529588,1
0.7703716202500737,0.07853021555970463,0.8129730726240127,1.0391136633573124,0.5447944925180961,0.5421936653777661,0.20572165574289786,1.1217825647184894,0.4886230884146121,0.5652996248392897,2
0.06603676881734571,0.6140897153047822,0.7600806673949043,0.14396173560102155,-0.06803290031996057,0.07298094073032732,0.3373798458658682,0.9266846005804656,0.8584063235928232,0.7211225014517283,3
-0.08060771997707739,0.8648578360908218,0.8486118734312437,0.5581064317554759,0.23027915787177475,0.15385536150711465,0.7829311420350953,1.0408351772216409,-0.008114407095736909,0.8721421565646542,2
1.107705515308617,0.35580496388869576,0.8058073123900404,0.37482784833498317,0.18396478802297433,0.7959121306063986,0.445816332864127,0.04471668062347179,0.6357473684925697,1.1293648024997234,1
0.9981315067236682,0.9325225560648436,0.6351146927072004,0.6691315257407375,0.7502038043605196,0.2524259689170662,0.5120694767734548,0.02934990925499743,0.9609942862309597,0.04857401463066058,2
0.9450756554095265,0.9176396733910257,0.0820178818083582,0.746812239241083,0.5959660823909905,0.30122614195015407,0.8596277355826106,0.028794930196235108,0.3234135648527026,0.32910278616660177,2
-0.2715221453724346,1.3215761406034077,0.30452640986963075,-0.3078663925721936,0.05482609806809535,0.5958324251887928,0.1674213595338842,0.32917786412013694,0.20603478737718067,0.6077396997436414,3
0.7910459819093473,0.5742111903737179,0.7713861982856186,0.3656786216411457,0.6257951771872992,0.9277713366291307,0.3007563794462895,0.14978324119000155,0.20138956464898722,0.8714289095281649,2
0.6739070886303264,0.06648573668535278,0.6147042268421812,0.14849845855323718,0.7542793221942086,0.2975599216207751,0.5598938768490849,0.22612330983319645,0.6195639431241282,0.26129832157502797,2
0.8529023808609774,0.5726905113525822,0.7437475417530488,0.40020900454883473,0.7119925253933955,0.9739678197990674,0.335692293228836,0.13969805926124176,0.18027379461918758,0.856334908852296,2
0.8431484808841805,0.8799967564009117,0.7308841972728173,0.8233382780196463,0.897443776668375,0.23242855823990394,0.3812558899095435,0.7896966651556787,0.3243654585459939,0.6643099991335529,2
0.22045939522768093,0.2632950269518744,0.48740865412185763,0.8621069443302374,0.5897165478048998,0.8285247562456779,0.36160654906389267,0.6341034467992793,0.5394123124403989,0.6677515770142842,0
0.5147667183933943,0.5241145185490126,0.24242806961971794,0.008417831612961092,0.42631974621437396,0.41030098440767687,0.3548437901388181,0.009966193413922683,0.6622886804986183,0.515681749756476,0
0.014191553634068946,0.1759426631514472,0.5637405597716721,0.5214215424354232,0.28401283345816164,0.6543529314788367,1.0645829844180694,0.8488307832681735,0.6063740906442433,0.5267358409834255,2
0.5129300510571199,0.7823306259099829,0.10264543207862056,0.20670035179728546,0.6041009359079365,0.19251692081469132,0.9028163191430375,0.32572349003533463,0.7448865912484994,0.628618986231024,3
0.9386899700597144,0.7698019065694672,0.8468536016593046,0.6583835774352828,0.07116438730304368,0.4433601107700988,0.18028549110929618,0.702828753606955,-0.010017792140275053,0.5250098789861297,0
0.660456916651828,0.29862252089085384,0.8553030894669438,0.3045081846074631,0.7429700767941959,0.32155880894704897,0.2363454652898908,-0.04188243360302632,0.5124394321540093,0.8275217563379363,3
0.8484849461707583,0.9165393354769382,0.10413234087410923,0.9010869805624147,0.6981798435335851,0.20052568449113561,0.8947977934789706,0.144896814849669,0.28625435685368206,0.2807759780313906,2
0.6496485389410656,0.21453879832664957,0.48712407717239153,0.7969375656697478,0.13608239106359327,0.7135165688552768,0.6257983236599634,0.4986197132682585,0.27787557087765874,0.9292375973734176,2
0.3841817594152065,0.79557478506061,0.040632712802961296,0.35295531441616923,0.6136571492809008,0.12288500162664776,0.8522733393897993,0.2986738618015108,0.6270470174150368,0.6212664386899296,3
0.8571307778574577,0.2515688457964516,0.6642427764641887,0.06672866556709123,0.8320729719356158,0.05483565029155411,0.863102019444827,0.6129736280261159,0.19453383318608256,0.722877445969598,2
1.1505351973827103,0.7109984943943561,0.04324567517106348,1.2152537290187406,-0.4433681053744688,-0.3264607430080372,0.25312385782834323,0.45192993341935755,0.1970009602333077,0.3925321420045643,3
-0.21461672875322113,0.06268192508471723,0.3924048198477485,0.2723847327518592,0.809183011473316,0.5738247604063322,-0.0366318095139885,0.9009552665971303,0.9331595187691957,0.8967138307091724,3
0.9203712023033834,0.2814759843161319,0.7672942855082594,0.020798975012849705,0.9235536872700693,-0.03424032822632954,0.8423891814196144,0.689913129835852,0.24452164119239866,0.7426254927160078,2
0.38855585998555886,0.6122765694268846,0.9661821000229623,0.10587997072549793,0.42765142867947203,0.18445237869992065,0.8549510705717226,0.4255917840966762,0.6586100799846973,0.06809901898905818,1
1.4032255785467458,-0.02125028553685393,0.4553148851627502,0.9919453841956242,0.63623990698421,0.5776521145146947,0.26724248984184373,0.9418652012937079,-0.0068587535268113675,0.14399956746325118,1
0.8297469493630171,0.5970071134531179,0.3046998664212806,0.29160374134914935,-0.4292447244200026,0.8064824019868353,0.9668278615284653,-0.07647077274973119,0.3981159682680005,-0.2040715172255685,3
-0.007752572145061282,0.1959832489917481,0.4699227927600226,0.20283270870357226,0.6084447932689917,0.05423142576122052,0.7775575817423149,1.0351777652240597,0.6708217502223291,0.11889612970270942,3
0.799269654990338,0.6596427933298243,0.46831669806866294,0.7343585617291425,0.168137627902926,0.03023973410552616,0.48482879695833514,0.1888436461975668,0.42411107321199515,0.7116126296311909,1
0.633021369439868,1.0449209882404478,0.7066543621831463,0.6986932715790317,0.22673184266521912,0.990367108108416,0.10024558510987375,-0.05680700439775099,0.5640199214064157,-0.053101235060226154,3
1.251198891856958,0.6503652033355789,0.606112675675224,0.28224163732544233,-0.07629503262559911,0.8355629673170137,0.2992542985757499,0.22812242866011856,0.38175088297613197,0.8483443622740912,1
0.39900552436068354,0.8185683781501051,0.05481214183995688,0.28492836555693335,0.6814018500208853,0.1760842986631783,0.8587545802143499,0.3317158798666385,0.7008405689250582,0.6078042116127668,3
-0.04083727826758664,0.7939616870385396,0.27673436826709186,0.7678749134117722,0.834739062574615,0.050806323080374645,0.09283969982161017,0.6039735905927572,0.15513919456713712,1.0835153947404426,1
0.7879793508311743,0.19256801141630467,0.2963702519073458,0.26289601545363345,0.7876294474478154,0.9094092380366432,0.7208852998676847,0.548432277849171,0.7994418338060286,0.09151762035287646,2
1.0394716013714298,0.7421653775179582,0.6346812965609375,0.6119145082819571,-0.11374155570339453,0.34086216245150613,0.06025429643470853,0.5176540548471794,-0.025053941918524697,0.3090489548561508,0
0.40686152665903236,0.6986993850570418,0.13177042802143618,0.29652531404271887,0.6576066192820065,0.13192375394343883,0.8464913422451403,0.1733153389320354,0.7305391011427232,0.6422472796106384,3
0.37477333427499704,0.5654858584817329,0.42719544780150365,0.27607891815735314,0.12517854068982967,0.48163675909350606,0.18108360000184653,1.1134019577287115,0.21142723683492942,0.23479841592825668,2
0.3941088523604042,0.8483312802175679,0.02831753499731857,0.3324651798077651,0.6823579905606647,0.19997660841363182,0.929722581877408,0.38443642033059133,0.6785523094731931,0.5859638621368304,3
0.2502597790641296,0.5294581836830353,0.8323538036920979,-0.18235684691644477,0.8989491575234496,0.188555595604612,0.8627104644326407,0.7261619241493689,0.14257809634934815,0.3342750144046913,1
0.5869871914973698,0.6902113870757656,0.14190816121854652,0.6550202794852269,0.12695634698703875,0.2894690990759779,0.7458593074598812,0.5151909134963452,0.8803443757147701,0.08734838869707429,3
0.014969462179603175,0.6134814802190351,0.8088210304670265,0.22527143090245833,0.7340002654704558,0.6715609276954266,0.5258703308269111,0.07674209268988262,0.7776677713659196,0.01548428413408634,0
0.3956255842269085,0.8570965075807818,0.010593524242639311,0.2757520274121445,0.6203060048723373,0.19507070384709618,0.8718055610347709,0.3376071403563758,0.6548516642650103,0.6359742141314336,3
0.24391063352261666,0.7584801569791444,0.7175757152052461,-0.2840381637546081,1.1795763545747093,0.2414029916231392,0.45688884409205954,0.28441132314343975,0.29003335800389496,0.3128545370082189,1
0.4638632590100496,0.7822760390710007,0.1290912285904659,0.3382792555649024,0.6055949032275221,0.1529615267538364,0.9175078461241726,0.2925381127878223,0.7148556088804334,0.5634656275594981,3
0.501777667315363,0.8378709953789033,0.8689142681209935,0.4581323868426528,0.7599306500575456,0.806544165648068,0.5183934087416474,0.3288952958102904,0.7430778194494444,0.48332348252543544,2
0.6635563064920329,0.0485227393146246,0.08750279219459571,0.9116888001000072,0.9559202569651828,0.10911765116024849,0.001505039499231,0.6004925406730544,0.679114605595847,0.44252985203210987,3
0.9696785521411836,0.9956807472499387,0.6476713971952576,0.009713434471426937,0.09241175478682558,0.21162401785269128,0.024670185640509684,0.7512345931839116,0.9819838084709375,0.6947069093941263,3
0.2345349956383006,0.2731668068222781,0.8401319929133794,0.757966134985875,0.12733832710755305,0.13980628473129314,0.6953265160633791,0.5831274894149644,0.20377874430611176,0.8587727915722784,2
-0.13330302013004314,0.7841103407936312,0.06236007281677121,0.5577350946080821,1.0898884570723937,0.362841184045321,0.48905214176845246,0.18650530060735324,0.3935286395056305,0.2624089048936151,0
0.016399321922911207,0.6144109725294448,0.8141261718082065,0.23031946642425213,0.7292149931681855,0.6812163869250167,0.5291968347249687,0.07877497589532008,0.7786400976358593,0.022584700134469775,0
0.4586310019478161,0.5777616159720996,0.6320047942501461,0.7131249071768233,1.0223143410772484,0.2878010967307538,0.7856492773753085,0.4584655930827073,0.4515743892062377,0.06192442475022153,1
1.1800685791229084,0.7637054222705802,0.5906569837448907,0.6963370714587533,-0.09284897342153078,0.18064958335056042,-0.037591569253614204,0.9581667369354445,0.2620505354506272,0.5254490582482392,0
0.5736450021854478,0.7504037135481053,0.9258808018899771,0.7127261076398818,1.003179570694407,0.4157018304490062,0.42664691272328,0.6586311186122187,0.3171118086796288,0.7346938440701472,2
1.4813948325049104,1.0193196559358615,0.5068338359252352,0.41641974478026433,0.34944208701438784,0.7737657180968176,-0.20711266914628867,-0.0024784913508466098,0.9129890355360463,0.855401684505007,1
0.8154504515385731,0.5804535838471578,0.7918144166722023,0.390590009737366,0.6533819224354414,0.9395863961404785,0.3105264966556223,0.16182149373469468,0.18196108892508778,0.8546548258113755,2
0.977423592641682,0.9795914606758847,0.6127426454148238,0.6309942056733705,0.7794655999490921,0.25166853139464784,0.5003536744090658,0.05141607482056996,0.919887293578908,0.0262363832699684,2
0.18193100024685666,0.9938358446257813,0.7352331180439412,0.5493185363384034,0.9076826126429739,0.28317653040164503,0.9147087031847672,0.31345908411254975,0.725914680996169,0.5756210720283937,1
0.43267585540710185,0.39386133605454143,0.8928720667431576,0.6578783998599903,0.7876514769430574,0.1131332584333981,0.9149519138298566,0.084416113109398,0.07990712888045975,0.3046898673290561,1
0.4767986023911113,0.86949323820849,0.8164553438722034,0.46323795097149306,0.7178624641712605,0.838936804738814,0.5448253453228968,0.32633402913559245,0.7921263664841748,0.4953135978864052,2
0.8014422898067973,0.5837967927000892,0.7784206864266638,0.3774192980534962,0.6394143509061727,0.9338645371206251,0.2912058426623059,0.15699342496853633,0.1963008984913417,0.8587078474465871,2
1.1472259144682675,0.21656506449615154,0.6225065625165153,0.4035249057014868,0.21600790811842083,0.5127627966541507,0.575983350187504,0.09707292860082281,0.7630196157019212,1.1882715406398456,1
0.668818087608264,0.13576719219450722,0.3940806959618032,-0.03832720183686411,0.2116599927866312,-0.058368650718946063,0.8236959925737137,0.0841679302651165,0.39405051182740364,0.6300120141595138,0
0.3991407844650083,0.22224261125427197,0.12903907689052252,0.6981890472045481,0.5385308061259316,0.3423011162071294,0.8135600102028474,0.28105210905693184,0.018946670948267262,0.5855553280506032,0
0.922592571776097,1.2634665606644102,0.12562690323409154,0.3178753497323797,0.14153260186216518,0.6497556843460959,0.6430142264209712,-0.05525062919773094,0.1293292599072754,0.4732205080094568,1
0.04905786809568755,0.3925411772626814,0.31278714388417683,0.9976898175911634,0.49787040128161986,0.835903570534124,0.4619548452424848,0.7809468281938212,0.58969586662026,0.6428947852927877,0
0.3864484417983566,0.8463639132861684,0.06177340282267715,0.29701402975767993,0.6443586560360778,0.14350618077371774,0.8591467685594733,0.32867653909315486,0.6619067021042339,0.644374573988141,3
0.8478081819375131,0.09144174347472717,0.6251577751138616,0.3510367477632735,0.07038862048297312,0.8852678712115857,0.2348099873727863,0.6148026587193076,0.2512947630596432,0.9828001619991796,3
0.21152536988253606,-0.016689339835948114,1.3839645889035601,-0.36187189583889556,0.4980554510446279,0.46731910772370044,1.220341252216436,-0.7120279335876367,0.8861665666149912,0.014826059570559574,3
0.0013094989620108244,1.0880861127884778,0.7223352824019167,0.39777849191150383,0.9017355954419735,0.08443370498254157,1.027914445139955,0.5063711529295207,0.6154167665026724,0.6690766335878239,1
0.94361541161868,0.8805794122493977,0.17439871478529406,0.7050311504659553,0.5854296917731465,0.2779874076287257,0.8226306128608527,-0.03154268167885656,0.3382925546175712,0.3000008446377779,2
0.6468611604873721,0.3103170301955512,0.8512840501840939,0.355525874124002,0.6698754334693964,0.3951560556436404,0.3045208723727303,-0.00026492784849902265,0.5138401913016217,0.7961438949896265,3
0.1784627174106093,-0.20609856163988494,0.29613327839760284,0.741770575469399,0.4359278270815054,0.5532704075415475,0.6892665945915548,0.5185741884143744,0.9541260785705279,0.6429815040984689,2
0.5012219176488518,-0.47280707455457316,0.990835685952941,0.14246395614482116,0.48528885001967076,1.1445296352109406,0.9681050992532875,0.08174376212285211,0.43572951440111996,0.6287549963432975,1
0.1679631213800949,0.11802706341095287,1.0754784283326384,0.43731541815211367,0.0487020988142635,-0.09776054083020069,0.685123782655621,0.4851320701169072,0.5324004859356704,0.9957312937484498,2
0.980418228053028,0.998553179442154,0.6391266508283673,0.01669561411516357,0.08789840316308256,0.21537610760359494,0.0193462296754218,0.7549741258655847,0.9894144141452829,0.7038069168212737,3
0.6899068347567829,0.24362601389694363,0.9027641056927143,0.37195627209828,0.6584511211138714,0.36659977977546315,0.3086957406287967,0.027060928265990897,0.5210442492368311,0.7687110660957874,3
0.12766740094406454,0.39245313642352025,0.381005931815027,1.0398698237180686,0.4380859814614435,0.7644150212369386,0.5116067743119777,0.6927608435009127,0.5375436516928254,0.6599437191780944,0
0.8028874335545245,0.5797622468758933,0.7730022154786981,0.37918883145203097,0.6417922588457518,0.9376064174453935,0.28962227476648067,0.15564191929875024,0.19894327751215118,0.8607177798212178,2
0.4945705631977987,0.8348665871737981,0.88391372687369,0.48110014555877567,0.7571697425281655,0.814092154477005,0.5490046701857654,0.36268463732811346,0.7503755436465319,0.4703259880361263,2
0.9734756080967846,1.0016036286367445,0.6402954284888113,0.005812890799005082,0.08881024467458083,0.22006606927580863,0.02206099425602366,0.7546676485950433,0.9838513991837196,0.7028803364899415,3
0.6437399946331893,0.5004808074315781,0.5981045510482429,0.6966798463206804,0.043859877660931273,0.48855410399228766,0.7598102803065792,0.511500420692498,0.5517059803368131,0.1081226212906077,0
0.06675768569763714,0.16207433648174505,0.5264680255369817,0.49642583614435787,0.8709232073181924,0.33590290680566076,0.5185993334712952,0.7296139047845279,0.39290015361329184,0.16900390083464478,3
0.3196142299734043,0.6198112148279202,0.5190123986775665,1.3400773618588078,1.1167737235075117,0.3940957763699785,0.10323373852122096,1.340075417948829,-0.059123976898551533,0.6847978225161429,1
0.4681987106163901,0.17853352733744812,0.536970676045597,0.8144996371646305,0.6978038168555708,0.9374532975358214,0.8506545459729942,0.4029012699496653,0.43151150930939836,0.2999718116581953,0
0.7134785228002721,-0.0023311755402726786,0.731532314116389,0.4444384645922918,0.5946385858352675,0.2771937818060204,0.4919385439141122,0.20518557445098976,0.5066183580335537,0.34740712401791507,3
0.7445769182676647,0.3653911065857046,0.44594405824234934,0.9034660874847319,0.45557986302689335,1.077347720042745,-0.019507826977699233,1.13317609932936,0.5595183048224525,0.3198114506877947,2
0.5206951287031996,-0.05001594998148405,0.7254570496820596,0.15675789968405604,0.1686465262703833,1.0695965255622233,-0.03705386053103288,0.6901536021439622,0.4749311301021364,0.8745376270073713,3
-0.35756267007589315,-0.03605899445706279,0.19879837412259005,0.10939189309741279,0.7798533387920652,0.43117224255723297,0.8152275322359834,0.7211923229868558,1.1515121901178325,0.698515613207083,3
1.0079936733830805,0.44763464676877457,0.27457624232706984,0.9015421273719334,0.16676463143459416,0.20527497190874755,0.21819296491503837,0.4215901638081069,0.5539705240094265,0.45251817670790645,1
0.1397418824799072,0.5293130938078816,0.3355227140260622,0.8419385788564967,0.7401867463119133,0.07894485214755942,-0.1010997730651293,0.8526534904278523,0.22642401243407098,1.1804355260411104,1
0.7267007633055012,0.2509049631065586,0.8986725097652165,0.34529235996885527,0.6949815483423893,0.3443074089928593,0.3295919612179605,0.012311446555994799,0.5480872294160782,0.7928938774694703,3
0.33063128689385485,1.1921561098650195,0.5655961042537211,0.18644777076187463,-0.08818175151249241,1.0613212316195682,-0.02341757488725249,0.6282936727658633,0.44780878684354264,-0.03305035642159351,3
0.829337518441296,0.27070166781356064,0.7173154107283601,-0.01903401535576031,0.9440962119337104,0.05387985222577749,0.8216352439174566,0.6978050502457008,0.19782848651222812,0.7941371715509329,2
0.9000745880248016,0.34780963139584237,0.7071439197146252,0.0031266259032246384,0.8982019866759534,0.04495368399913431,0.846880928076975,0.6452901208586503,0.2412745985772953,0.7812227912719251,2
0.03338184020122746,0.7092799841150035,0.06152123468208803,0.2518460241630463,0.8506809869235555,0.41294664116480406,0.34760173184811227,0.37850235672280463,0.1563374960141661,0.42137501370908015,0
0.6580792294700137,0.4878052959152275,0.617561672870735,0.6955344988371135,0.07567082187100525,0.5066524847289801,0.7329608442361427,0.5259038471857866,0.5639636580353946,0.06181633001538278,0
0.07793025250156663,0.7080036010610491,0.0695035658472942,0.2751164103969447,0.8531095018525382,0.39942176469384777,0.3719735163387488,0.36522770751534944,0.1513035008434428,0.399374231268349,0
0.11315078778654811,0.5183444563449356,0.5448152724127038,0.17097392028592368,0.5026163128786547,0.8388513031758134,0.3016977373549041,0.5597577894651322,0.5043611083011245,0.14375293334195088,0
0.4189565048729933,0.8165346561202735,0.042891573273208396,0.3138674558068483,0.6439972896866871,0.15974305828462018,0.8689024432511775,0.3593131155402107,0.6702436385118309,0.6242887738456856,3
0.7349350072552127,0.4564552739353639,1.3776164203071934,0.2163904811563479,-0.13558434375355966,-0.2623733143465483,1.0390472907883548,0.5968145069942374,0.30117345035313503,-0.31291743229234725,1
0.2591961118296806,0.2565137311079188,0.7695952446276347,0.6517784916848992,0.20188693068354693,0.2134124547875406,0.8958765810100282,0.6068816007214208,0.4696494199585375,1.0061032950855266,2
0.4051637189019445,0.8408691714964983,0.05806163114856594,0.2695276540749654,0.6879982864148164,0.20901155599655913,0.9349388497867007,0.3096117662156442,0.6828719728273954,0.6719396839878061,3
0.6354298236540433,0.21554032924521696,0.8887214964995078,0.9530038595787813,0.9577037564697367,0.18821552756725318,0.6803216709929918,0.34084580956250776,0.8812440099244957,0.35650652003389394,3
0.04937510741940186,0.7233900543568045,0.05571876667658272,0.2982213683236498,0.8800984405821648,0.43375497832600574,0.3451473325684921,0.3959874236598893,0.21313104118817794,0.4348547562408059,0
0.3021994859558065,0.09286178097370329,0.7485670589345251,1.1013570756288786,0.336592066079622,0.3451820666636323,0.34732819119064945,0.7778512850457593,0.12950435108539546,0.8820384584944296,2
0.9483131459693727,0.6844347706703019,0.5427353938601335,0.6393212599214734,0.08412354562554318,0.09575804092370653,0.262074070337021,0.12209498674366692,0.23645572555394295,0.8403587366114269,1
0.791101281518406,0.9751276521968236,0.6561909617345643,-0.05099961236104,0.5943041096466166,-0.5755574391531618,1.5667489136532589,0.5276018915980328,0.8406646391758981,1.4262971501653077,2
0.7403161745601112,0.2140048284568775,0.9487639486376491,0.3591046570608997,0.6705045083834855,0.40899433241397476,0.30353228799242765,-0.034137868371521995,0.5775097035983168,0.824083980368455,3
0.7816101073421432,0.19540327462226859,0.2967584361913884,0.2633268722835079,0.7893280355048029,0.9090426388980296,0.7210266677999133,0.55334152662966,0.7892925231140377,0.09499870933134565,2
0.7144248261163496,0.5299845661904308,0.6322778157987687,0.7194944136436564,0.04889956287469986,0.5504379492412734,0.7897900605752843,0.4988441077294496,0.5871498638809349,0.0485452036746043,0
0.21252125303169755,0.6617484883395007,0.8605905275246843,0.012315422802487248,0.8426146001590257,0.3426219887882378,0.7232038429983736,0.6113148157110417,0.12977339872624566,0.36476380529838115,1
0.870256209878363,0.32102245094668813,0.7244892213656082,0.03595599883482389,0.89132107500521,0.02260111543134296,0.8754479962905095,0.6569717687417806,0.22824547273616672,0.7654830207770515,2
0.4080227887716041,0.8204557100545518,0.06255273995299675,0.2969845257258719,0.6402376964448282,0.16376919004714846,0.8885415343485243,0.3555303635608021,0.6744696347900296,0.6091206757292925,3
0.10527390284025748,0.7028412743758213,0.045443076341376835,0.1381995376504113,0.8575666732452308,0.43322709509502977,0.3047165531682602,0.2312980535325226,0.03549496197616547,0.3126292723224938,0
0.36410790255486886,0.7383376015875343,0.6893065479801128,0.14534013277352037,0.1987138011865318,0.847942634457783,0.6384019745615078,0.531575641771949,0.21920323185311347,0.2812105932526934,3
0.14837229553268766,0.3635647613046591,1.0618391531689546,0.6113402030095269,0.07627619981002225,0.2481635648823199,0.7950882836476099,0.5728118635555692,0.31626752965644106,0.8846127069709196,2
0.506490582203702,0.2480144579543574,0.4274626334900736,0.011537278869807346,0.11215650964224305,0.11312196688611514,0.5922440634496121,0.023451220351656303,0.6978069408489683,0.3074630428522743,0
0.545076902816509,0.514822804799155,1.1187162730444797,0.6288277839482809,1.0106569296237833,0.21610125864256363,0.005686080673935112,0.5098156941316903,0.8303034154680078,0.4930461670985027,3
0.9870111647489859,1.0139643058256382,0.6603834882597545,-0.0012675042088284225,0.10732553773249615,0.2112849035409686,0.03235107796213355,0.7679337146903931,0.9795477801649428,0.7075964190962474,3
0.4167008097716063,0.8217283670136312,0.061392289149746815,0.3024828488083162,0.6633521884253419,0.16157366283544633,0.8769953868595078,0.3530935646615452,0.6659666275411668,0.6206315315777265,3
0.4085275825338993,0.7506400015028233,-0.01928383405307199,0.42146888711993535,0.7614816750341714,0.14207474256201366,0.8835065724190106,0.20474688149761527,0.7247794584446945,0.5412467628896764,3
0.11113690397389298,0.423632158713922,0.5073999443872084,0.07690899333690036,0.6023507356729372,-0.0023618603723047898,0.7339723639755782,0.7373585873501303,0.6062197351306567,0.18173761407815706,3
0.44948214714101153,0.28410421960081506,0.5219715983722815,0.6908984947418876,0.307990153606744,0.7638103276609438,0.8479749192815035,0.5788270880863112,0.38055264331998373,0.7360763187100083,2
1.0499539394637658,0.5091670152278261,0.8630851481241344,0.22803325088095786,0.046864674067165324,0.936178528709959,0.5250353591118617,0.09855870377824029,0.7945233063133779,0.9709545276553218,1
0.9838081107616404,0.9903834234257622,0.6416942265985742,0.009928417203207727,0.08434495898719525,0.22137472417044401,0.024503857279479662,0.7500046639778986,0.9747061322918336,0.7020168750115576,3
0.5545662720489382,0.3012936739331944,0.8528879391529376,0.8524547173837191,0.6431211020252875,-0.4021737482853499,0.31570639725367733,-0.2069241327494155,0.11724365740425485,0.19488942357724526,1
0.01236899766485337,0.6138946947531326,0.813654509395095,0.22620560141744037,0.730754659494794,0.677979454597954,0.5323673961263192,0.08096688115620897,0.7787811654505333,0.019292077459662608,0
1.8858108335829997,0.20871082230378818,1.259937143768249,0.4914157729227059,0.4505641919600858,0.1267939527965659,-0.22790445993521063,1.7820075759970462,0.2782814118517641,1.0199885270211966,2
0.1322001333903658,0.10392686996665446,0.35949552210256774,1.1064342639146096,0.5943384897226907,0.5910702958072875,0.5488545202950424,0.5803928260237858,0.7195983186866297,0.8237458313524941,0
0.322027873873,0.7444973940991216,0.8039563998807232,0.47224594645750656,0.7814071568378526,0.7075702306374434,0.40014664151324747,0.5568576762960951,0.7437937922383198,0.6203011569866125,2
0.02074011199580656,0.13831152974065664,0.5211334295802006,0.46933178746654414,0.8685110008195062,0.33165688711661406,0.48782478420681924,0.7531392262130103,0.3793114978643311,0.16412099564853438,3
0.9689658912768377,0.8621328733712033,0.7246618798174582,0.9907729316219239,0.6989604265879747,0.22975742232129961,0.10450019806225785,0.9031591853622716,0.3096928522327543,0.6916657056563866,2
1.2419518123423832,0.044362335980103126,0.22636228970235978,1.0928303947122717,0.9835425366965295,0.6875094168282045,0.548347067702315,0.9031214297974832,0.5615680493140216,0.40246856930379926,2
0.6935376066863073,0.46233244520706335,0.6106946648838597,0.7155175122618495,0.0376388843017067,0.5309251817386806,0.7754573977026021,0.5450720027902315,0.5378915291101062,0.07422502511196469,0
1.0205258928079184,-0.5277955933572577,-0.11345729914179745,0.45764412581544056,0.5364312067882152,0.06751901454798415,-0.4781255047490991,0.8986274058937392,0.1778601072672309,0.3601417127326568,3
0.9499286556436906,-0.12101463154332326,0.8245411682777392,1.2599732822482692,0.7200340571738946,0.6115391075783465,1.375402026494555,0.7147357327798041,1.0696215624741683,-0.016053462367313698,3
0.47915943056938753,0.783470211764451,0.8187570743220759,0.44290144940543114,0.708835966863316,0.8451110982967535,0.6018629446226895,0.3264160623600651,0.7794240721910588,0.40869670394664925,2
0.15276789393503293,1.0246171559761716,0.7999670519961158,0.4634467394148266,0.7302817126198113,0.2573508683239635,0.9244914536469098,0.31052386527018017,0.7173635537511577,0.5819298085577291,1
1.0429968403030472,0.8202138760675115,0.3942024804332869,0.8067981616842581,-0.15111067767396313,-0.16785652512747265,0.738070980863414,0.08455973235707473,0.6244113579965784,0.5384506289072262,1
1.026370063088962,0.10257836181057568,0.8622389410087312,0.204821231966132,0.31780667641495697,0.472791452272426,0.4002439361724927,0.554975906263101,0.47066694498017136,0.418960590481939,1
0.012890563607104437,0.6145989616419992,0.8139933671649279,0.22628370251279945,0.7290507177791781,0.6790360959955355,0.531591353997724,0.08112573788531705,0.7791139338619962,0.019225355079121816,0
0.7827967678232131,0.2389790071371503,0.597321317464957,0.13481549945757723,0.8928515790422237,-0.06178637328829198,0.9413974529749184,0.6629839804530153,0.15329186505724166,0.8269244636696553,2
0.8792674642480754,-0.011529660493386482,0.3872268995178615,0.4398869304266232,0.1569427490199788,0.15450071874032245,0.03229412414229723,0.020084137321333597,0.2934053343188769,0.9586638101161156,3
0.08550710872981118,0.1712118906692373,0.5010379325970662,0.5109266706002339,0.9045165090616017,0.394995587896802,0.5329353261250346,0.7688486734357947,0.35140995837308214,0.21399519659145116,3
0.3500318851783974,0.16025081176907646,0.20125641716036596,0.48005861690133145,0.5840443637777675,0.48599486348161447,0.7949050814213101,0.5662024113087105,0.18860728134446283,0.7133144691315357,0
0.6636045311316607,0.576391077400005,1.1058946227748827,0.5777174825292741,0.0025349327590265536,0.47280617855615187,0.08354483356686482,-0.21730732723219878,1.0347777099387399,0.7359790957364536,1
0.9858985347587153,0.9897717444163829,0.5866066207593882,0.6449133783424752,0.7991537515087814,0.2259880693492735,0.4837261398386883,0.05725627957816248,0.945895287094758,0.001059588732959322,2
0.3094321691804012,0.3552270987568991,0.8512211227974391,0.8193803243242638,0.11382957868860827,0.21464597549691802,0.6843325283272794,0.6857926831486763,0.3843936525223468,0.6897228378096878,2
0.8128791364278543,0.5774369845761865,0.7840710606373887,0.38654191390426174,0.6228299553113767,0.9255431910541443,0.30403259613365297,0.1776185984050312,0.20363500403023616,0.8685657038719199,2
0.006821376563941023,0.7786170839337974,0.6567675172585693,0.494425953208128,-0.21338997950162397,-0.02187694655792327,0.7897545497866043,0.6473310746734326,0.578026676683271,0.7296034529180719,2
0.1313526524192508,0.46244472244220186,0.6239676625708265,0.9895996117453209,0.3839609661769311,0.4772087863395858,0.6301136107352784,0.5043024143398179,0.5158373534749976,1.000328802789595,2
0.4946319899070934,0.948507328229224,0.01136663169702648,0.6738596387852882,-0.39085246901608506,0.6010608710988949,0.6917067170339155,0.4669010796704035,0.7518293505388824,0.24593253660246542,3
0.9020452527367647,0.8964827393989243,0.11881895283613282,0.773168337159844,0.5674203326591616,0.32891387109402054,0.8903567070987629,0.02473327006589299,0.2911988294702357,0.30937663847374297,2
0.9746676468518891,0.507953793766683,0.7393831951181061,0.4029832789149317,0.16711969745769328,0.8609885906280648,0.448795126101383,-0.007282328314460454,0.7100064945559879,0.953009765367898,1
0.4105602305653502,0.8174823096836126,0.045803970848691145,0.2946811331239673,0.6521685855541162,0.176081898326615,0.8891405647443608,0.3500457377876357,0.6686538034412425,0.617522262146609,3
0.5487909660339512,0.8628357726427984,0.8505681220887829,0.43630402628679943,0.8124865277814209,0.7687598369755888,0.571443703347637,0.3199075818393552,0.787960202206428,0.49582303102705677,2
0.25219689224661385,0.4183470638154238,0.9486073293735272,0.7219110259567767,-0.005852340126464023,0.18636735601363555,0.7668391663503688,0.6027468628052118,0.3789180640768278,0.7909039359616353,2
0.227841047903166,0.6106194890793635,0.7560452147328381,0.21960443037599647,0.7275239952094944,0.1419321501078362,0.5898406299371145,0.5233534196012114,0.06318351437706911,0.5070074971076647,1
0.8801310845828444,0.30233967508635584,0.7257819617096415,0.02246765287896059,0.8857224572931282,0.005736860295440205,0.8624986383262934,0.6642317420236197,0.2356919115788976,0.7419803168808076,2
0.6350062666347935,0.8156198468242651,-0.02721620887341933,0.3245918192478448,-0.030726862346793976,-0.04346362910988366,1.0667672507136732,0.09039593344510977,0.5905782215050401,-0.00026650516206661035,3
0.7764366654373158,0.07554824448512304,0.1299692654343807,0.5779468871574944,0.2892546951272881,0.29466628878568146,0.21634562280307568,0.11682685179113014,0.18304067058308512,0.6567382408861303,3
0.8551404399486132,-0.21785013395133565,-0.07257274246990209,1.0806963887283694,1.1457081851978381,-0.08403158435249442,0.19502580925057056,0.6488821287003014,0.7866390692260041,0.5126330365919676,3
0.0925259584496896,0.3641933900857789,0.3597149069566208,1.0123779963562978,0.4745331825743261,0.7912055689420051,0.4632740525086601,0.7177361886577366,0.5448521776119505,0.6247705143804027,0
0.9765777264383754,0.1452308064885066,0.6013697735366833,0.8902692342798171,0.6642571262183301,0.7986308514956665,0.2697441415485434,0.9354715490227032,0.644563971403975,0.20759058554430504,2
0.740235531308654,0.6002014616929942,0.7218364813337628,0.30787601988892305,0.6671741812596624,0.9412834528123498,0.30038732622546716,0.12644923456525137,0.1413393346882199,0.9223431823318005,2
1.1192570827322943,0.5199416637268929,0.4286294512548893,-0.19233394400362824,-0.22089577723157616,0.7096561000415432,0.9570215246075524,0.034181928437050244,0.41224174101292677,1.1806615522369628,1
0.8697369492930662,0.3796873085003402,0.5202978655443798,0.5118907535337605,-0.0759156025082812,0.7490684182536959,0.45127927748225277,0.05177181589578299,0.7037077512738431,0.9391623998044213,1
0.2040979241029129,0.7929735914546878,0.17861985022786314,0.10490955652874825,0.8189002396166641,0.49962989898413057,0.22337076455503962,0.4844566008486526,0.10597299876560726,0.2741586095240004,0
0.42385471631562005,0.7785588441497876,0.03565757397724352,0.310465509987753,0.7042425279257568,0.19847031362894296,0.8744754927595763,0.31865149394159614,0.7173355988277883,0.6322208891496428,3
0.48922163608855007,-0.374984449933793,0.20054082066727907,0.827945506776395,1.0202095476775668,0.41924322046978596,-0.31212597542242876,0.5923621750938376,0.9679218862063308,0.15846075671396348,3
0.9525912293725444,0.1299847489016886,0.9158345545105291,0.2972381019540353,0.4156747462842793,0.37867710441018443,0.43751405045593195,0.5732309443892395,0.441675731204649,0.3614609535187674,1
0.2359988980766639,0.7661737015692376,0.7475718143327335,0.33168744698441566,0.10322837450766421,0.8793441466439386,0.46481856088754775,0.4658431323665778,0.35850242768043733,0.5133226323669959,3
0.30805312801862056,0.6420458179045935,-0.030227795068978255,0.32659918881698563,0.4963772732140651,0.00010408933162053824,0.6513229954159307,0.46488329546905793,0.6602991675953458,0.47889525289366275,3
0.2434214854603943,0.9220448100286087,0.6108139130330765,0.4425979268119379,0.9828955489044424,0.3865749655712346,1.079673828654163,0.5404745299714002,0.7837893204708564,0.6818003765561873,1
0.3621335295514984,0.20392076366041062,0.09111341908993266,0.6846325358855341,0.5431906432503905,0.3232742661315143,0.7758625551081614,0.3263104707450107,0.04982235489516053,0.604677805402198,0
0.08286071911830764,0.27942002937380717,0.281550714457882,1.0220986070414388,0.5589832113737623,0.7699871820038391,0.3988852970620407,0.6292327927511829,0.6284521327918228,0.5763604656243603,0
0.8259085675362469,0.5982474559018278,0.7888145675499844,0.3709198082763259,0.6320983175032144,0.9077996596330314,0.2871041694250246,0.17451554110308573,0.18461606906253514,0.8810617794540214,2
0.34599465300030796,0.7800266789956989,0.9041722263015319,0.326287416415849,1.0057301830389778,0.04611375784251201,1.1176531422123899,0.46093460800469876,0.4367259841188478,0.8342349868383485,1
0.9631941064467514,0.5279000349590004,0.5620910324715458,0.32086518910195055,0.11628837496571737,0.8213612125751262,0.7736572965916697,-0.07475276128765308,0.6617422221439262,1.0915012727544402,1
0.43860314274312684,0.36045000916479375,0.7121932643125568,0.2717065328918306,0.7674640758203813,0.784068760911439,0.35975581918808763,0.8633117661158346,0.4787519458442097,0.5073075023717238,3
0.06383317868093151,0.15861102130770535,0.5290357697249328,0.4975006699995178,0.8724154870065753,0.3302353624279142,0.5190494604248892,0.7359479900501293,0.40634869276092905,0.16552197668473073,3
0.7941571917348618,0.7766083156867422,1.0475568019112351,0.8178431031677168,0.23945715388970315,0.5114027736820536,0.4427006312677849,0.8363755539204576,0.8688261134602632,0.7423036868966871,0
0.605058852718147,0.8330316878474545,0.7380688981146064,0.6823283953576428,1.0539861579621665,0.06664718132225331,0.4577439386070583,0.6850035010813785,0.47975701955732664,0.7164214275988297,2
-0.26127497653331494,0.035896194948079496,0.7481039014261219,0.02886068335791872,1.0877490806098924,0.6702901358146134,0.09304239076922671,0.5703849274328422,0.6788213065340856,1.0459659645125237,3
0.9770131026359812,0.9939570606116547,0.644518724936962,0.00635936506295742,0.09896014163036787,0.22276637135388366,0.03769194560062902,0.7461290476035123,0.9810907587054603,0.688108375114028,3
0.4346308227832609,0.7392554601583673,0.3810521042034039,0.8387669474993716,1.049875974705126,0.3533343142005655,0.41249270847633185,0.741004104007059,0.328042804584542,0.3107502447114899,2
0.5021271501123595,0.19195177336417046,0.9984115119683616,0.4146500071196426,0.6835511853357958,0.2811830409605666,0.33954799330751084,0.4214549288099543,0.7843176841588546,0.5627966950224955,3
0.4971564767689341,0.8266430103292608,0.8697352796976345,0.4835676853895836,0.7630858857110938,0.8289101606081363,0.5465160037336215,0.36219771606466084,0.7407554374435361,0.45971425040024516,2
0.8816033612129709,0.8528275601706548,0.162297866366152,0.7307392366559309,0.5852217802035248,0.28132170937268397,0.9442458297815295,-0.030081928008263127,0.30436701209279643,0.34188366020088107,2
0.28652550434798424,-0.12881453730912634,0.5881490488665944,0.6513105849886163,0.3542187557332616,0.698577856708871,0.12167557552176622,0.9505200061394504,1.006985289338266,0.5307100883419312,0
0.7340151099819449,0.2303986066837309,0.9299840807038189,0.39899634815354434,0.678219356296902,0.35311732351948016,0.3510625005065474,0.0508480307623895,0.5224804329476143,0.7583136534493917,3
0.012850796477254954,0.6138541109028035,0.8141494893846415,0.22622141738659993,0.7311402533703075,0.6774900956168238,0.5304756007098598,0.08164368319608163,0.7786224970969376,0.019158426528218562,0
0.7783763820818165,0.1178488954916598,0.7238444997396914,0.2614859631514092,0.15550920300127438,0.9537172867626766,0.22261203675928418,0.5590895307676003,0.2380044653185277,0.9233331657573358,3
0.35291960160102814,0.5763028455039276,0.8616544322622814,0.14541429330652578,0.06069881731993304,1.091595614190395,0.35049782340770197,0.2796704687750997,0.06259202584825224,0.41396772922530367,3
0.4073963419142069,0.8218866950879902,0.04023112276192299,0.32969555833530295,0.6581801556557304,0.17174526468149084,0.9004390554677915,0.3195176523963628,0.684106167136708,0.5959965521082128,3
0.7997225338551702,0.3490472534895406,0.7191057302747498,0.011317783995717763,0.7879769000247752,0.09366354773591255,0.8474315082933458,0.6236457225504236,0.16826590784241083,0.709124723892674,2
0.3671982684302446,0.806302839143437,0.12271043891681817,0.41167584953459735,0.5331797367137283,0.18441491737371948,0.8007058807870955,0.4843432869016567,0.6974903223980612,0.6667357213524043,3
0.6600931809919646,0.4993978963376278,0.5956339967787987,0.678645430414674,0.05598856346054962,0.5094398317584514,0.7513691665198042,0.5334692783605234,0.549567834818956,0.07742205070652408,0
0.3212548804135147,0.18646819519270721,0.11292546256405891,0.6539733415316866,0.533151010202329,0.30202244176324267,0.7300876383670641,0.27255448985149533,0.05004350621257487,0.5733512586207601,0
0.12845071158030244,0.018557057478892358,0.7120691880550177,0.3787325221477381,0.07107692718372904,0.4238418862481205,0.6047640848816046,0.4459505604983036,0.5718411742313991,0.2586205422541974,0
0.6560798837356456,0.2299499236371121,0.44511603493059076,0.9418313596598431,0.12423416415514485,0.468293216876761,0.9511194419490038,0.34125431388257,0.4784445273368825,0.6397642542415607,2
1.6371024845465845,0.1006830970112656,1.3466567356869241,0.6416495241186804,-0.2881528031367393,-0.13596260217687717,1.1104205424536127,0.6869758765546188,0.3127289284669622,1.1590784202041546,1
0.5268686988068169,0.9147936019239719,0.7940555741283257,0.9699126006794032,-0.031997645300689714,0.580001354393343,-0.015736669052450636,-0.17014567161449323,0.3976843086186785,0.15281025230938833,3
0.9555293152552241,0.3540991135491847,0.7733299723807016,0.03412005850954211,0.966434377776547,0.0004764524315741016,0.8375502402684584,0.6712719267303623,0.1911584997235655,0.7000202096861359,2
1.2616242196643785,-0.011509204399187678,0.6057280192359531,-0.16517820720741633,0.8951636807204124,0.10392744474731458,0.8676582966732223,0.7050579240089232,0.3899651992613376,0.5862542854649053,1
0.8857127096392354,0.8932703161414418,0.09181588926006924,0.7600256790181654,0.548714522321812,0.34541506677144884,0.8789277146413161,0.029592977335243895,0.283408986019322,0.33201929430913407,2
0.2516832057891825,0.41497116035390413,0.8968061966638212,0.694207677555822,-0.013564701425441498,-0.09385802968751988,0.9242401130709971,0.840532756574317,0.43507200495942866,0.5711258961620755,2
0.06940273884461022,0.9488396549643117,0.27573792047363627,0.8965467211425359,0.7800104774383985,0.04172399076316447,0.05190736870204503,0.7544244598691614,0.22390014849003895,0.9637676880215484,1
0.9293371978030666,0.8966027198303994,0.16155769040144652,0.8133827134593562,0.5156336518690622,0.37654723419711794,0.937139029746266,0.04720541032880604,0.3306964378853443,0.29488311814454504,2
0.11751746431397234,1.0728293609099129,0.7357363439889156,0.12032223351663765,0.2993532077655796,0.9374547207802925,0.6275686496594228,0.23946762113744435,0.20795629464763987,0.42687513740069677,3
0.13543792850280312,0.3920415397396867,0.340678566148713,1.0077068013699801,0.5236393430836681,0.7799769399654998,0.47281748574649857,0.7619753850005451,0.5886807040380408,0.6705544760244051,0
0.8258936730259235,0.5946290158698322,0.800796450274492,0.3798452997741362,0.6291434384379342,0.9474712261975506,0.2724984222656125,0.16974684671534368,0.20093470875211228,0.8547316634831503,2
0.7918591921583022,0.20506060311005844,0.27808341981518386,0.23515805920086263,0.7622241422244507,0.8917102521726531,0.7020676653129023,0.5205969948092183,0.7829603314976483,0.10027419268388556,2
-0.5621068247387183,1.3050754287584878,-0.2940569609165996,1.3586974869708377,0.48912798178360495,-0.008151693204816957,-0.018040397498113495,0.6208445861487709,0.33357448372933485,1.4688324046013599,1
0.4664804601231309,0.8799708400032754,0.02100740614787911,0.2924103510588384,0.6806068601862313,0.10412841194863061,0.980218418633895,0.2336478885934165,0.7078709617879237,0.70954356642354,3
0.2858333304367373,1.0659592753635994,0.6676841699569244,0.6229951108554512,0.9315496827885453,0.11407512635459711,0.9348859370996203,0.47481013230678837,0.7785672351112569,0.5668651609802259,1
0.34239939814351694,0.4160369264965825,0.311361436024578,0.2409036208724008,0.17064090857119177,0.32591207058944993,0.32643527819090534,-0.3527908066748311,1.022413076602755,0.4040963567097546,0
1.1063042138617738,0.0032078839498316247,0.43345748462428924,0.7992088331205709,0.5015649612666414,0.6140406016494226,0.26420069962920945,1.3661686614161646,0.2680149428933211,0.24227679243321845,2
0.7011238608205952,0.9375426163596348,0.8270605131318018,0.5845356935057737,0.3120907758575443,0.8961695135848801,0.27673950415203424,0.15566686431768073,0.5344607577834111,0.14850821431276084,3
0.545314053737062,0.24849638882568043,0.26622437969729174,0.17778237073905528,0.14258613424201455,0.10600966119911723,0.4999288378845211,-0.08405910638350622,0.7406100527714609,0.36918527504181825,0
0.39640101944738454,0.1901217777215714,0.08625622735739107,0.64603965157406,0.48581374361517426,0.2810823577115377,0.8140502522544305,0.33401247739516504,0.10254061466277906,0.603036377556571,0
-0.4781519966097958,0.8767527372705566,0.2498971743256466,1.2265292435250523,0.7170156117326736,-0.24903571172644884,0.1086675881653142,0.2394519031192357,-0.081108693195587,1.403137744439474,1
0.49022387322204813,0.9106163101245621,0.625260796633535,0.385984208173928,0.04346633447503229,1.169781364627816,0.10590130818810874,0.4511481680971568,0.6254458995091571,-0.004685432324086303,3
0.15311401711334582,-0.040562512894318836,0.36366176734396877,0.661957835144717,1.4298288373924875,-0.56119009592882,-0.8058872751454196,-0.1379023167871436,0.520539388668577,0.5685850863414703,3
0.8671499050236111,0.9135009292060979,0.6984322662526252,0.7112614411147746,0.9171836664502296,0.21933276097086513,0.5497406592709126,-0.02194372638047508,0.9627332857914233,-0.00600599711126748,2
0.07672859492824055,0.818781605148166,0.257914746100302,0.8341328101455987,0.7323126523014375,-0.011670810580708832,-0.022776187368635396,0.6729956834494109,0.22480612473550868,0.9968127135501708,1
0.08203566125557403,0.7260204217718786,0.8535123408664034,0.5583752804294484,1.0566244178192914,0.40390882055399224,0.9807191348253939,0.6668707331387731,0.4904744619136704,0.9617731940721734,1
0.4617093915189636,0.35281737919198575,1.0822956279342106,0.5375686097264298,0.8509215578835895,0.09551685689471986,0.45768087860906326,0.29997176570618816,0.9259394745808842,0.3856918082244138,3
0.308070166047886,0.2056602859536681,0.05439197321695352,0.6348886246406695,0.5650825212136094,0.2528915476591219,0.7152511750041527,0.29478679025666316,0.15137290868739767,0.5029112812093083,0
0.5666034709048027,0.9606549710702128,0.052864297549983306,0.22618963662710392,0.6058269304695403,0.20713405799649265,0.7997259761746416,0.3144603520878209,0.693032374613845,0.6136042133975442,3
0.5979743323227689,0.6315898050849807,0.35600862676271994,0.5956396523683942,0.35453743370150964,0.02846713892345252,0.48065030418869453,0.24004523853088838,0.3920988853630107,0.7780438679835264,1
0.33533479656654164,0.6441769798970143,0.7454585125781604,0.13039845762651994,0.9005008634494857,0.3183711015247179,0.6984806471918341,0.6029372069409772,0.1626542856457455,0.33709455248217046,1
0.17098623614158637,1.1409313828004315,0.6452998725509964,0.5363836949967997,0.8465532714264536,0.2674559646449713,0.9056505165963559,0.2137872207289588,0.7689520589889312,0.7929939688698969,1
0.2932719022478601,0.9523761954446096,0.03867476669387751,0.44014312998207733,0.6163867873005954,0.2088411946132308,0.9333023205985683,0.14915031497691156,0.7299154952030473,0.7634771695124467,3
0.3933689447772338,0.9400236775094457,0.034554836237631684,0.13056429175260753,0.7080524947908647,0.021848394002770444,0.8453576763142194,0.5041623904957377,0.5587555341030147,0.6503302058384425,3
0.5523559141003389,0.3064592266730281,0.3025219049713914,0.47862348396793114,0.018993999860893965,0.2880328178905789,0.7101315823596563,0.6369931504875395,0.8983300747275332,0.5412034421453764,3
1.1360173425812787,0.5685433087044518,0.4735470390249156,0.9893441073119984,0.3552789569281299,0.896276606754164,0.012696961110903765,0.4891672386982751,0.06865306927382098,0.060152303183553184,3
0.8163094312512681,0.8659741583457822,0.8138098312787834,0.8629019138384736,0.8744450162936036,0.18232589679471262,0.3849090900581731,0.728079061701462,0.32034342453624615,0.6741003970936524,2
0.6826681420101116,0.4700919206735708,0.588270994612086,0.7079785671574962,0.059992060737268,0.4959054033066538,0.7357569469431833,0.5175430595633771,0.559266895497777,0.10829811364275593,0
0.4521702729810191,-0.06329426775801672,0.8613184628316664,0.9360712702738443,-0.30472549666998766,0.4687524338718638,0.7654598317657932,1.230910237721845,-0.11467621016031104,0.5701766216166096,2
0.9993578222997402,0.9248363573209899,0.8140551870825703,0.6033122387366305,0.07557404884509605,0.5415997238247857,0.040164699154038974,-0.0742378282027436,0.7922046632349982,-0.12008809738522253,3
0.5776983343631887,0.5212042163750976,0.5756592065683666,0.10180828799160066,0.03979349838270911,0.4198980596080713,0.561750920762013,-0.12119831727939874,0.4761195542969725,0.09584972332401664,0
0.5237924437912147,0.22959983047061056,0.4281578202198739,0.14970302315898454,0.05405880807513948,0.05712077151978509,0.6379242296769074,-0.10802353228531883,0.7738709638985852,0.4057995032840079,0
0.012712289645104779,0.6146835102065092,0.8149756988200261,0.22632052711900585,0.730545899049135,0.6796149152490321,0.5319137745208806,0.08123026899630073,0.7792984101517418,0.0188907271196475,0
1.027644324179406,0.06826700039350495,0.6241035150464481,0.927335576389979,0.6662182117948556,0.7687490215150478,0.15926545597929817,0.9535889160973912,0.673524661327652,0.3192136309291173,2
0.7483451478736646,0.05110390047502095,0.41153261040836076,0.10187563209828257,-0.0844607436998599,0.4138396677358198,0.35301915493564906,0.24592636313799224,0.7479195744655973,0.22787714866867093,0
0.15092769507184875,1.022925758144383,0.6849013469555226,0.5321318910227585,0.8534615477196311,0.25911166176095535,0.9356091772810902,0.3998214099550021,0.6948171457343503,0.689671497686255,1
0.5767719185438414,0.5071986387887426,0.27878936125806175,0.2957547344180458,0.8786315637240748,0.30401993633891133,0.37706227461996095,0.0672006372797797,0.2365878037142996,0.22168190217713588,2
0.7157060546118348,0.017375804338723162,0.723432599409143,0.17372306891599842,0.13456339090476094,0.9193512384213198,0.17248524025179654,0.5232422293719787,0.19252551658534417,0.9305096861495732,3
0.6630715153288101,0.7815735407177345,0.6836968335206166,0.8937822491803007,0.7676739624085911,0.2945172426758546,0.26121925479855285,0.6909995476955193,0.2652122477984668,0.5148737171398543,2
0.38736140187348184,-0.12687041015960016,1.0693711945544984,0.3555590749215406,0.696011565288602,-0.027409734986562184,0.4569936249954203,0.7513746194545081,0.3556454716690259,0.3277206867351783,3
0.20840163232638037,0.7961930156061315,0.6648834328582118,0.389790943429867,0.33081103840333426,1.0080228401206464,0.5256641386686496,0.3043019976546818,0.33226448195991487,0.3154934974462817,3
0.2914792097940015,0.19199070103970392,0.03729893465304539,0.6434446031587324,0.561998604012984,0.4176188691703005,0.8398658913710817,0.20922694038080952,0.15857730687458685,0.6234529039296391,0
0.6042901064658445,0.557685028536946,0.303650839925744,0.28514536466910734,0.8259973406932384,0.34152613943876253,0.3669390441690819,0.07302283225625102,0.23583665029543704,0.20276704190127845,2
1.0056338073261823,1.006578631558655,0.13477367601777482,0.7433620001076522,0.5642424492986339,0.30795586329309965,0.9935122819490477,0.00917765521914346,0.33525520012696736,0.3267939538163302,2
0.1457603915042544,0.16899138659515603,0.6363115599979222,0.7920850593420948,0.23012841656337837,0.609891438295419,0.6043976107221809,0.9949168402680204,0.1495257800822336,0.2933688153660694,2
0.9438303189502294,0.3324742397893911,0.7528761716134349,0.19203978049148593,0.1950924817702262,0.9081479798973755,0.2676832223322041,0.12467340070532339,0.5510932184092002,1.1146367493955327,1
0.9923741698520515,0.9965370986545217,0.6568037754160112,0.012170908540723904,0.10426029330740541,0.19714135907610514,0.03822743578333153,0.7642468462315073,0.9805348689752456,0.7011748751439761,3
0.6318644407416761,0.9229843221902929,0.8114221977913171,0.5018995524340458,0.9054394946216322,0.9369730519097546,0.6152542248795823,0.24232121303016416,0.6703984044822777,0.4759600930887598,2
0.43101652346940295,0.407148763844041,0.31787951108616636,0.023520473322053065,1.046992984927148,0.058780886420833234,0.27106365004714456,0.14127226610118263,0.3220032753846201,0.38762146657767915,0
0.5144481974158929,0.2095426345286699,1.0193235934803062,0.43566045145382953,0.6647755717791898,0.3078377195679492,0.3190333423825805,0.42738604432218125,0.7847523082199914,0.5559620225750881,3
-0.020154458763475158,0.13871604256605236,0.35760691240661324,0.9087977778587164,0.22554900732352856,0.8055889608816977,0.7351551112667891,1.3495563274834161,0.4125356054052996,0.8441101414188901,2
0.9037982995353159,0.6340296658583231,0.7546282057422516,0.25718854126125384,0.6861700876731377,0.8931556690203292,0.36088142505573945,0.11704366444895359,0.14919818290446396,0.8387599319146086,2
0.6991044276291757,0.8952851832050149,0.7033830770993706,0.8847074847650618,0.8718795283394715,0.26846553927238886,0.25149383173857204,0.7647860435863768,0.18028557459051778,0.6102447467310306,2
0.2639149651049229,0.15915746105195255,0.7346255644421726,0.8373253927996098,0.10577036210420754,0.7085893738240948,0.2531106865846764,0.7514815289657792,0.6773309684556948,0.8647512275606953,2
0.7478072864906987,0.10740293874755097,0.5606280389858349,0.4147132040987548,0.15899672722971903,1.0919143520692844,0.171302545266202,0.6764420048541957,0.1310057412869512,1.0646486919360447,3
0.14794426108985198,0.2769531108112396,0.7197925561740237,1.036919593593567,0.32904290764768396,0.8549895692581795,0.733443803227043,0.47275340119775944,0.1476010923369301,0.7212465607408598,2
0.9854129326933633,0.9940098553699933,0.6322916452756445,0.029207459833364938,0.07361268170859853,0.22076986192467127,0.0473784107207652,0.7428718318499657,0.9799400335414384,0.6766622568441503,3
-0.05419554701339087,1.0269388155903363,0.2382661618530817,0.932899535747923,0.8906468995208688,0.14750009742754483,-0.15384049068767433,0.8378267270287545,0.40903892377124684,0.7972227542348477,1
0.16184222578427807,0.5332323017644673,0.8900752655122061,0.06797923938888459,0.8819668037577372,0.28618374578970385,0.6391013721804892,0.5998691643440758,0.19761642703679932,0.21809648661494146,1
0.9836107164484933,-0.3869458748014658,-0.0581935504570516,0.9528724248059314,0.7414146119796095,0.4722277703477935,-0.12321031741566188,0.5350643552872929,1.0395457549396292,0.2053806789927483,3
1.0792947375077557,0.2695435579589903,0.5734307262305975,1.2544147395331315,0.8100800584583374,0.3662677106667711,0.3633833441839544,0.08002064581081841,0.7015689297386624,0.6712581082338376,3
0.596994449481412,0.570866633071004,0.29742039994043845,0.2655084264983851,0.8084209051317122,0.3589362442369629,0.34926949144348274,0.05592195262916996,0.22621057907369807,0.20926379682044927,2
0.010099516451956354,0.6137370913837433,0.8127890732750407,0.2284218803345431,0.7284270220191172,0.6809667463394724,0.5322463785932077,0.07652824801397323,0.7744042913442706,0.023702611542664946,0
0.6528282872343456,0.22826567243730428,0.47501177216973556,0.27180718248144026,-0.03931923259278303,0.8151979762804882,0.47577597196621485,-0.1901069061429773,0.8330490942548119,0.6430055922625397,1
0.5112645702869876,0.8244836938828414,0.885729996248547,0.47985159711399633,0.7673257567818822,0.8223964124660248,0.5468041273300519,0.3640877604772281,0.7387731845757685,0.4585100110281442,2
0.7797041215448967,0.19123928254939948,0.3001631000500402,0.2637839116523573,0.7854907340924578,0.9088710537406284,0.721634525159511,0.5436386987896303,0.7918499478224199,0.09671343993557104,2
0.5008146047963071,0.9857567229235298,1.0956305770035644,0.7448931557776267,0.514001024687258,0.8119253173447043,-0.057337209289490376,0.449241212426149,0.4688204104500568,0.3668959774256293,3
0.4167055370358003,0.8381452380717739,0.024421121183939305,0.31308673840460455,0.6768422498731925,0.1395728996204072,0.8638299695894679,0.3774664866424627,0.6538470037357623,0.6561966825015204,3
0.8726973893020957,0.3115174751779466,0.7138093218900612,0.032236366685703524,0.8919341674287563,0.013866623881141108,0.8713978414730716,0.6613762867236561,0.22590677162215772,0.7574904277315351,2
0.005771530554222276,0.5188286993224169,1.5565092088674228,1.0482210972000412,0.12128153334541839,-0.5084619718930594,1.2066418571197026,-0.2791981644418664,0.2942516133634511,0.7905672143347761,2
0.8921504448306201,0.30017478012611576,0.7326395027933649,0.059477006822725526,0.9286659268327099,0.046726057913435766,0.8703989262724044,0.6700463820248937,0.2581094661152539,0.7225919308186757,2
0.9752218103245184,1.0002254617690105,0.6364393357215772,0.01652003315803372,0.08795358182261441,0.2259228458748721,0.034164711143260036,0.7519233928042952,0.9836701315941104,0.6877151443377518,3
0.46648270965806965,-0.07269291871651615,0.7389578633292594,0.006662848998845811,0.8823465143891466,0.40567249942752504,0.7505575707440421,0.11705932883032408,0.6243285938357733,0.41075051221105313,2
0.06257882978100612,0.14698442214805085,0.5232853206691788,0.49145727278182977,0.8805084049878329,0.33437674625722175,0.5052987465200565,0.7415800672780116,0.39834689982830146,0.15277402980447305,3
0.10875696245666827,0.43956411452449995,-0.14187635370277463,0.07802220851706268,0.8996402741572977,0.18293558574134422,0.501127213250411,0.5877581024456274,0.22473095670444704,0.46783534479383926,0
-0.049541613730607226,0.5094714601188046,1.1845016598019962,0.6621987063983825,-0.13432093720829533,0.28200987898442537,0.7488157558996428,0.547630503476906,0.6903051027073972,0.7303182704773958,2
0.8833719828495041,0.14355760424738975,0.5862503283174919,0.8663833608996641,0.604880298730855,0.7984514025193575,0.14890776719827623,0.9860874345160623,0.7296778837765518,0.17368315240872745,2
0.6768088335376753,0.5150228578149949,0.5892435471526761,0.6631824156695173,0.0791304173495584,0.5086752717716913,0.7500945852182803,0.5067747136980801,0.5408511628061868,0.10557722493772365,0
0.8829054182955269,0.3146080490200101,0.7079876660586564,0.03921894560994629,0.9106512756892833,0.0038743772753631178,0.8603874890030025,0.6489011590102182,0.24600516971953915,0.7641881713396431,2
0.594202923759672,0.05883912246186937,0.7899087873574956,0.5268322494725791,0.8584772447554554,-0.03936254068978273,0.2935903383359675,0.3151506871348568,-0.16859470124834253,0.2649883715060029,1
0.1047005024110318,0.7247394309770394,0.19738008692159767,0.38548639058174317,0.969175075266075,0.5423270018095798,0.42979328365146224,0.35436550636187125,0.09893124261156626,0.4116660577950473,0
0.7274834674221826,0.3513667794506155,0.957506737724832,0.45381902500820676,0.7251987834003494,0.410225782994556,0.38509514957285074,-0.017893008964010443,0.5388093984288114,0.7713222857445861,3
1.0065473077790301,0.4309940789278416,0.7590778135593581,0.3660237898015742,0.11152220011160774,0.8216031253204575,0.4156365122284153,0.0332226105990575,0.6733652416475163,1.0458023240828702,1
0.09647195405951559,0.17844226587830653,0.08813774770157418,0.808629229155076,0.3053439443212759,0.725769891919971,0.5452295118535301,0.923807458866905,0.8391162851003866,0.7950259843096913,0
0.8546749819837015,0.6087487169801304,0.7448858013748969,0.4008551735909239,0.6470501147974208,0.9304050134512613,0.2984865255494959,0.19284220075768496,0.22145822600487844,0.8736719502858535,2
0.02420254965630677,0.9119838294106505,0.3290018546246604,0.9027238539812602,0.7574730895309633,0.04743707394154043,0.01450206024138697,0.732874591883458,0.21819901699805855,0.9540835024749975,1
0.969808360581149,0.1648576860787692,0.5926826831140717,0.8950334795613918,0.6935711464479317,0.8401912193778895,0.2035104275534177,0.8944699072424631,0.6394863175701634,0.23347311489331593,2
0.0022020913048544713,0.20566212344561918,0.5655855446899962,0.5548507708343812,0.8900537723172512,0.35587174673225425,0.5170248771820274,0.69222332946025,0.38225115778944174,0.17349139240989198,3
0.6153991841436934,0.5580942814526647,0.2841758444377523,0.2891007941508453,0.8182768686874319,0.32136779932138704,0.3597392837039732,0.061958142800652274,0.21826521528989754,0.19650478231262838,2
0.2672886276363829,0.6009436810247732,0.8185948597888648,0.08618511656510028,0.740269541806584,0.3461829487808373,0.7395223062781722,0.6464212977515285,0.13328361165201896,0.3857310178819667,1
0.6029897856016474,0.5085045794139573,0.9838829476982828,0.028753622365652626,1.4324942422767424,1.3241732011063134,1.007130577532952,1.0224388359098036,1.0800791809212291,0.5963287608416912,3
0.25368731884542606,0.4084075679520268,0.9364678153433619,0.7090782822743772,0.005345839644478241,0.18321846380135284,0.7727178549494339,0.6025764543660659,0.3562263209970442,0.7972618686129929,2
0.8433539613705121,0.2761107873648023,0.7245760965108498,0.05485661011033495,0.9225452187094134,0.00485108776971898,0.9004957226487207,0.6414317873623564,0.23691615436125923,0.7904141832000973,2
0.43851461749023185,0.630843684678184,0.7341798270528259,0.5267922288999547,0.8061392456785987,0.5095165518724687,0.8662532431474167,0.30666981839572466,0.03322461667069641,0.9131144426443187,1
0.8981571395120616,0.9011935544370477,0.12375988189995724,0.7665008210053457,0.5586831845662341,0.32174457388138766,0.9005465508412608,0.024274236142347784,0.2886042081771019,0.30581747902082085,2
0.27109894498530696,0.3352147287787569,0.41362460775963117,1.0649625808660188,0.3902236828489377,0.9207852753723937,0.4748005611126259,0.9151748653309757,0.7110984118970355,0.527389777951319,0
0.7851936656548009,0.6120238850585235,0.8271943564844083,0.43239908760510504,0.6353333574116464,0.9719591328641224,0.31160238014126024,0.15421659239269744,0.14357988455622872,0.8576794686152267,2
0.7192920983597909,0.049566992801639495,0.7562808392510123,0.2244431793648611,0.07356890235018651,0.9619737200261375,0.20663749637166018,0.478894010823268,0.19368387672916856,0.8914207190105095,3
0.3025681617292256,0.636005480460238,0.529280304173706,0.49536322230365754,0.6011612616957269,-0.06969075813292269,1.274944688272936,0.09052370355712253,0.7593865755109866,0.03659649881596019,3
0.7961912074205456,0.5780152539607697,0.7790058431489467,0.37436026966165536,0.6412841128758706,0.9356470397917391,0.29743608405178223,0.15711936786696323,0.19591094154015737,0.8533142376599194,2
0.05995243182332391,0.6818133442356145,0.047440369086124486,0.25304518059741443,0.8495438577666405,0.3928265664489774,0.3634448085859092,0.35182253626631604,0.1684747233253136,0.40048071809125113,0
0.7719741121574197,0.9177830553353789,0.7865602237573076,0.6735294726774834,0.2361998545089249,0.9331285391581913,0.16788454527284447,0.11238875616234777,0.510911077762833,0.15278674584533009,3
0.287254816221573,0.3243803995237524,0.01542605440232625,0.2842417610105732,0.01420659358934695,0.3653251293176051,0.5579158325318053,0.23976603417525919,0.9626489026607226,0.31519786649483905,0
0.6671100063946706,0.5060670099789178,0.5953187717952749,0.6779945175834021,0.061532841824611245,0.5041220481374655,0.7573626664546617,0.5202392025304288,0.5376161038674633,0.0754615790062546,0
0.6921024447070914,0.5276462290986432,0.6276658403083405,0.7031461208992986,0.03300037776498956,0.5413502668839542,0.7802554565258562,0.5576482397029578,0.5277465734321453,0.08867711530593035,0
-0.1382232362011424,0.865220639001723,0.17565663973283316,1.047983722998324,0.07495522239326274,1.269345884586137,0.7055681318013413,1.2566696363888528,0.4402038165411843,0.04487528213093184,0
0.7958254426198427,0.8470068916776695,0.8042388866156192,0.7984883309237076,0.8826734632735407,0.2403069532383734,0.33440265713388795,0.7860510325826601,0.3326257455433447,0.6529571794051202,2
0.07453126125944909,0.09781812508214238,0.5703125573925516,0.4231016210332934,0.29528523739808177,0.45986862257612815,1.0147243674008817,0.9156062967169052,0.6853578748077163,0.44289497335349776,2
0.8131647409003084,0.25035328067167006,0.7761746101860794,0.5208072177511669,0.28780691996198116,0.29200090018171065,0.5057678413464953,0.5025381660873196,0.5841599788161016,0.5724371591377371,1
0.4344547840180076,0.837967483779201,0.04907703707707647,0.28335516337030137,0.6661490096695433,0.17361387962100572,0.8620713072137931,0.3446121509813556,0.6861913890745549,0.6422598442234305,3
0.6537682941447779,0.8378668732135095,0.8261210041692812,1.1063346056753738,-0.13012893153577224,0.3134761223961006,-0.15134039873775396,1.0708436648278408,0.09719970330001639,0.461277424845615,1
0.8157234466473692,0.5990111357261483,0.7492992503580181,0.3941935104082567,0.6337296012215228,0.9405923006469347,0.32997347615591255,0.18298616574291052,0.21145143125848775,0.8950915848502052,2
0.1371250108501311,0.20528483019376126,0.5808763935565314,0.617197788702283,0.23315272933135373,0.5666744852622639,0.9950928389426863,0.836616178592807,0.7706142103026467,0.5134883680008505,2
0.22144072748525312,1.0494181392143105,0.7215621305643719,0.49709371212338355,0.8332881333340338,0.26228890309954367,0.9987165242525998,0.3677499320279069,0.6764767436154113,0.6377126135237777,1
0.6443459794255457,0.23244803844748235,1.1567583001239972,0.20767218642039026,0.7839480509877188,0.06995351596096638,0.37691896360672805,0.4109449976715027,0.6243066617376714,0.6418849491970556,3
-0.05113539232662312,0.26794888337974276,0.41599459125520033,0.8602887307530191,0.3248971958723608,0.8334974785466261,0.43836290041603887,0.7978819602115573,0.5689228734629077,0.7280974023223107,0
0.8679384560077203,0.2751284402245747,0.6868906875515361,0.052164735780233534,0.8315342400595358,-0.002847284120661299,0.8454988992828898,0.6247455377577915,0.16160779422240293,0.6975277781510612,2
0.8076567615748663,0.5756502320363831,0.7812037541141928,0.3929024257522545,0.641478576380418,0.9356708279435128,0.28920311947029875,0.15617932577297539,0.19105694160488948,0.8682271589648075,2
0.5405831528033463,0.19621597222085932,-0.08219153537677443,0.9805760358172946,0.9703118987466713,0.28694984327102296,-0.1469044992529322,0.37769916497851275,0.793331803685383,0.2246404378352211,3
0.6061385919647371,0.5507586425254032,0.29888475041663987,0.29121228575464386,0.8175926268921209,0.34681594241109637,0.3712122915666085,0.07753866826388599,0.2309535806097427,0.20208258159256787,2
0.08244183053461114,0.8737120730805137,0.28979003004204174,0.8843834329748199,0.8112639011694991,0.09551118947158682,-0.021785606526150053,0.7735547776650795,0.18198733113857857,1.0276711050346432,1
0.6925330469146117,0.25885060944080823,0.9572648052548138,0.41653851724475954,0.6483979626853378,0.33831987227674576,0.34981408465802427,-0.010240975678581857,0.5727160490360537,0.7567952092283322,3
-0.07957463569073177,0.04383937404066379,0.5556954070805401,0.36987295040528834,0.9461247599512804,0.3673144685357174,-0.0012017048732908386,0.691217684769814,0.8957145917003082,0.7696828472540131,3
0.06697966534615951,0.3482480679642659,0.33802504127354777,1.0272035004498685,0.4926712868549016,0.8011452699820112,0.48556141356348337,0.7065715298602078,0.538028533777404,0.612655663877933,0
0.707551573879981,0.2492213842010394,0.9271577151738717,0.37908169040607015,0.6907034652338111,0.3637964980790277,0.3253158968781,0.020922520544275444,0.5422751217367997,0.7919621148129854,3
0.18068497075752832,0.481443287674027,0.9576549994273647,0.638848215450113,0.047002783736237994,0.11629644204814944,0.7522854139101722,0.5454344102822507,0.41391365240203837,0.7201358161684652,2
1.144871694904603,-0.18323570111877224,1.2301906950767305,0.5433703606327593,0.1927788138693519,0.32315653123246096,0.10679184062163088,0.721494402578216,0.5867726347260349,0.25274984153170804,1
-0.11831912596609459,0.6441848374354413,0.3897237613102869,1.0065519634595543,0.5173870105973988,0.599621233021161,0.2876125875950212,0.7460517547708563,0.4900792799301883,0.7580294337189073,2
0.45728133205051064,0.2494747137802097,0.9795500546588208,0.19143309443332268,0.23016785652113453,-0.432095738101567,0.6211855202188262,1.179221629494671,0.1400085046891662,-0.044862809903914475,3
0.7826950603481126,0.2895394549066575,0.1574589266779091,0.5836440765568452,0.36195146807862577,0.5547307480741607,0.9459850239020884,0.13765892700111135,0.8932290697546514,0.4747183857333674,3
0.13177150046065086,1.039011293432457,0.6423191667509043,0.4469271937006487,0.933470362598074,0.12499604029802368,1.043915516403623,0.23424255593156978,0.5299776002044964,0.6675087127540116,1
0.30488800194365473,0.5503267888625544,1.0588664318426102,0.25812989840508505,-0.4598294272700291,-0.035088633159029575,0.7682343578510462,1.3629811459941856,-0.18687484877055244,1.1131433838659797,1
-0.16768381033502727,-0.0798368948811386,0.6665113465612945,1.3552095464983844,0.1621892912797665,0.5153613989497761,0.8593830726146383,0.5217496713277301,0.4971279048313993,0.5841687532404409,0
0.026005186063300295,0.7733027440566802,0.04077271296518349,0.22837938510461356,0.8373857020022394,0.32154999556487646,0.29021934717623865,0.38250489201896454,0.211946628177148,0.35351162988654344,0
0.44156300122674946,0.6289084276006505,0.7401297772669958,0.5057868980334989,0.8206216819174018,0.5015325741071947,0.8892459091653303,0.3060011867991201,0.024915613083720384,0.8973878813164152,1
0.6389082190563022,0.6096766238054456,0.5477830603932522,0.821992637176489,0.6335274677599197,0.6443477072041786,0.7768077264215402,1.0128161595006668,0.9161905907600763,0.4939122942514,1
0.8729875520153928,0.3069466582806487,0.7127393850780411,0.028058844940311793,0.8963485179626889,0.015532633856291632,0.8702842033438617,0.6638782854279188,0.22188061182174568,0.7574030822963445,2
0.9740013642815077,0.41213498506319535,0.7119526259030774,0.0487449879822045,0.8131806922715342,-0.038611244750433996,0.8568495987694131,0.7083955383279573,0.1646566315362691,0.7737659676270645,2
0.5339191001233935,0.5413989428708941,-0.2017625727924932,0.5877692225893498,0.24009809728472936,0.6159055930235726,0.808177449843994,0.09281137639291867,0.12230953868014065,0.48351534427887133,0
0.0129662447159862,0.6141106845154697,0.8137105336816491,0.2269990417434168,0.7295654415896503,0.6781092299781123,0.5311864331829427,0.08194286146536982,0.778873990982509,0.018076315014426893,0
0.6479597154707898,0.32345738732787477,-0.0867367914477466,-0.3889050009877965,0.112801009310488,0.07209444048418127,0.9282489703063606,-0.45590209462069986,0.8703225722871804,0.48401327973143987,0
0.47955829776598874,0.7252214364924706,-0.029850933006464353,0.6392820295353485,0.7095651962336578,1.1694693894470403,0.6839234091264403,0.6356514193830174,0.44683253265027034,0.46597393977103874,2
0.8805739244645759,0.3098049074753481,0.7086838159825869,0.04113981766825219,0.8901780673143113,0.024059337956896236,0.8670925280022794,0.6526099635283683,0.21675181594677875,0.7648707890432838,2
0.9894885699668499,-0.023190270993156376,0.6585934188488357,0.8193390482839702,0.7194382944599237,0.90042674866673,0.1624775803890784,0.9496265446470158,0.450624229475577,0.19430805230451897,2
0.7057413477672193,0.2526019541554805,0.9183920253217966,0.3812303876320793,0.6947762409038921,0.366859167059513,0.3351897184444802,0.02755229548069371,0.5403825065877409,0.7895546547318585,3
0.9018614426066421,0.26241757760484574,0.6797017700000924,0.34313451771059883,0.9285233777844193,0.20118668065274845,0.6731324167058168,0.13411451545388214,0.2886524245858952,-0.021702180841846497,1
1.472998975299988,0.006996732365745106,1.073719866990573,0.2674117657249775,0.10306787117762857,0.4696982357038146,0.2765763965291682,0.23511444383427643,1.243545475654293,0.6395977983166085,1
0.7323379000990194,0.042561246820746405,0.7569821163454458,0.22139948784133737,0.107539200203768,0.9499628663089552,0.205353015461388,0.5122268986331325,0.21421441281612158,0.8782213194409596,3
0.4484405585358174,0.09045659360501382,0.9576833498039606,0.39427264186245103,0.780535627273615,0.3710596564056709,0.4830815337958897,0.26929123747628114,0.8896554400129856,0.45099151693232975,3
0.7398299274340311,0.24621099354921844,0.8934097354542857,0.3711879415624093,0.6817755235063702,0.3665048864611065,0.36146702553194643,0.03588478468458833,0.5238930783515018,0.7875770951326705,3
0.5444845265336795,0.105044869921682,0.6322273483227747,0.8201065380036391,-0.16871807599119634,0.007738835379914183,0.47143079527953047,0.7965199908682685,0.2620926827133996,0.411509452819831,2
-0.27531512972706285,-0.26745546252265273,-0.1762179670696966,1.176556670294111,-0.041259064985370686,1.1589106583639002,-0.11339034522192382,0.6127531432255136,0.7396462646943859,0.8155404689726604,0
0.9704230486448017,0.9775005452745862,0.5466178993603827,0.5859403099227484,0.7185843837827453,0.2081309389120618,0.5152890664442084,0.060060253044009505,0.9418477987822522,0.05273836607113919,2
0.284984271459936,0.5540668718543486,0.22685646582360386,1.1355220747361232,0.4113180891159267,0.8721223219804198,0.5403598572665921,0.8903890666917578,0.3481020195531025,0.7279393157639135,0
0.09944471035594271,0.6136703297095689,-0.04055471619214526,0.2646554304016946,0.8306235684867671,0.3809973857479242,0.38625086219447935,0.2639230837262221,0.12847293690968598,0.47596901446049844,0
0.13275720959440993,1.1224163735065955,0.880723928587959,0.5436058965861197,0.7820406482543782,0.35077451401979737,1.1141506888447628,0.49132993021831867,0.8329513503035568,0.7806465048243155,1
0.6514264433757643,0.05527272792119582,0.6039348727952546,0.15154263732484213,0.7324251825569092,0.2984870422334538,0.5440120933665467,0.20316153005587653,0.6427206456693754,0.2758611848352839,2
0.9461670164503959,0.9634974462278646,0.6738438976723057,0.5854189937706767,0.797348113883403,0.3013016528563944,0.5641420651676512,0.031694352483919906,0.8827804456212919,0.004665934388932317,2
0.3696670332500694,0.405096233928498,0.9162373729552586,0.3231335621280236,0.7616719943496176,0.5428570919997782,0.45250430244096385,0.9889236733571232,0.576301943041813,0.3342131870876101,3
0.24406792775279518,0.9279875696751458,-0.27473687299561883,0.46645852009733146,0.7190916099991294,0.15390440340441244,0.6918181937861905,0.010714632862108497,0.46364867475817517,0.0832542126976854,0
0.6976111686895056,0.7321548872738841,0.855729330216906,0.887603460497531,0.9590874503314953,0.37934669141454214,0.39202922245014055,0.877821639222715,0.43011944026619175,0.5649938042247066,2
0.20906831479476284,0.8069439804620895,0.6843425507674613,0.29732568064074094,0.8118574470493337,0.7498001602198975,0.4535162894330914,0.8689511368848378,0.3522297905199969,0.46014850596011303,1
0.1513076803701838,1.2408859368441307,0.47521295208386893,0.9479220454430909,0.660917301348617,-0.06791871607076114,-0.13414381675883366,1.0312114661020209,0.4665294978984884,0.9855857075239297,1
1.28454496642984,-0.08741604526699201,1.2850960597498498,0.7799205468654334,0.09085711628410031,0.5733147912473698,0.20309030877011655,0.9712823504937735,0.08132721669910714,0.148273024070574,1
0.9989634046070518,1.00522535523118,0.13382264868663518,0.7355331628804838,0.47711652779573954,0.39500972705500026,1.0001268599396496,-0.009752514601876205,0.20721398464186913,0.3534002017728532,2
0.3658367636713201,-0.37022522786438294,0.8564616372503586,1.1505048443200137,0.8928498015781585,0.003277044219375025,0.8080204513014819,-0.15401668389650236,0.4707535057553003,1.1091190153442267,0
0.05212256153296842,0.8539407830038976,0.33974493848040876,0.8903036677961704,0.7939329902143001,0.054347026821703656,0.025860550525204445,0.7037516624718438,0.28181878453727055,1.0131009372116806,1
0.7623570761179159,0.19898135505610606,0.2832492399883902,0.2922797550442815,0.8061803328743262,0.9168226752813825,0.6983420418871102,0.5776171668951996,0.7776604639034534,0.07251083106018599,2
0.8816706787463365,0.31967252980095434,0.7055006616432007,0.017824096853314333,0.8808303426278647,0.008193768699721583,0.8662752385439135,0.6836311830511312,0.197708015406117,0.748030568409416,2
0.3106931186681971,0.23785249054652116,0.0644720353287548,0.677611151641934,0.6090876834741241,0.3875417064892733,0.7188367334693156,0.2691538112936553,-0.007372559580724761,0.5949570395462684,0
0.7670931330745315,0.21140271073896244,0.2719453413818756,0.25281007020080165,0.7622305550157695,0.9360240289672487,0.7198216459023747,0.5218151832547313,0.7832664070211072,0.07694409316034098,2
0.04438666984283285,0.06100117607558606,0.4723934680174084,0.21916411190347784,0.7875144432122687,0.45531336098251646,0.037425663782311804,0.662959496781738,0.988407364060451,0.793444037211502,3
0.45896528482529836,0.6150081383926997,0.8335192089977211,0.7242965328848724,-0.21177470520948777,0.23345158042933192,0.7009186251850528,0.7317748521542138,0.2580341094917321,1.1296974894110943,2
0.7737227487391726,-0.09649134157272751,0.7251294055740536,0.2086726074929418,0.5673783526410532,0.4615334313664333,0.3848621213914366,0.07763959491622363,0.5749157633711158,0.12210082049869886,2
-0.08508272177047632,0.7629212949736838,0.635640768370387,-0.2707381930340189,0.7072415657644279,0.08425048032144106,0.847003614093369,0.5438217260806971,0.3400442215543992,0.1814650628921831,1
0.8444773116376862,0.8185285378196777,0.6992162011384603,0.7817930723701231,0.9097004656826095,0.2845045290062163,0.4199402316448614,0.7580988810920357,0.26005310368338197,0.6733208274389793,2
-0.5740975609675654,1.1642874874993858,1.2188882665278826,1.1064063808711042,-0.12778075944287254,-0.42608507897531067,0.2010581349927376,0.5046540727037003,0.8740746121064942,0.7857924807087836,2
0.6444215858113248,0.6938150704998529,0.9239796310950342,0.6628542548663415,0.46461205753514995,0.34145552359053166,0.10701059398822525,0.9817022434015882,0.8514830826448896,0.7185310337149056,0
0.8453011096313212,0.5529756591960767,0.7124257234906719,0.34022240641808543,0.6112208204275311,0.9794088798797039,0.23190527610647033,0.17536503443856166,0.20641559551181232,0.9361074465618415,2
0.2980478046530882,0.46525834181385184,0.6691101344998297,-0.22826660831960294,0.9298029387462332,0.2201327865206165,0.8197780721294827,0.9259316297746063,0.2624534993186482,0.011346244487868362,3
0.28166085960230125,0.41796081512454747,-0.140145733062338,0.8288475092418123,0.44525819495956126,0.5018450081389536,0.9704042306297181,0.408948170736668,-0.13493121217566273,0.4603628317664763,0
0.7702355623385331,1.024870999115032,0.7670608687505758,0.619719069557468,0.38148162502393146,0.8138247426592522,0.23703581465422577,0.12281696619365247,0.49783167334148654,0.06130784281785486,3
0.16540417692271625,0.44207669592980103,0.5503845685209117,0.06068555862301148,0.6146138415426872,-0.03533779194756706,0.7698252525057938,0.7927944147526641,0.6564593582013766,0.24861700538994716,3
0.7591367993217153,1.0084728555233093,0.7962547547004197,0.6248117510143973,0.34073256050614276,0.8819632802280908,0.22312011224298584,0.2205324289870959,0.5413641688444979,0.08858598169013217,3
0.4017649256551366,0.8921717565152231,0.06350019528205045,0.2898132560023105,0.6787231029088053,0.13688246151654435,0.8605165285870592,0.3788700995335203,0.6151252188061709,0.6577756486523987,3
0.449719143485967,0.5638973400456588,0.2817118204227351,0.7915887957329967,0.1399614566348987,0.30456046943858706,0.7609428485460847,0.33595874739126236,0.7016297090496634,0.26268310087464997,3
0.784090074212836,0.8913098586604645,0.7262745794718932,0.8188679823977261,0.896741638300096,0.2293520502751672,0.3661280050524726,0.7425972594082804,0.2808014006271977,0.5791002883459196,2
-0.03465951558922213,0.7793031160320009,-0.09796134420248578,0.31514782546494,0.6224061115739294,0.19227312784032047,0.13990403916187272,0.4444987821461526,0.05342824330320099,0.3402265427191235,0
-0.19155423199163005,1.486506198847598,-0.26033855574664655,0.6316717796118595,0.8201041168500622,0.0648015001225301,0.3943529938169605,0.8972848697373793,-0.23217946801271244,1.2950257332344581,1
0.7768410375302723,0.21060353231330245,0.3306157222898432,0.22732851704075283,0.7703298119620546,0.8971197126169187,0.6869175604234654,0.5965984703877966,0.8089031648870932,0.07608896977901011,2
0.03737374064033669,0.14339989656488722,0.3975564365547918,0.4847673842214961,0.3611732204493501,0.4435532360341333,1.0500630949537424,0.8732683114535084,0.6228873325403763,0.42778342678870673,2
0.7188361975514863,0.25508157189151187,0.9071140295716531,0.364793635873836,0.7251266511063815,0.40194867198928524,0.3407484084820682,0.011993912471604537,0.5291655371518003,0.7639155497051782,3
-0.28355763470324513,0.45798170064151655,0.14709878045328362,0.45777388746468234,0.783521292173377,0.516989056953812,0.08490268189745837,0.129460350045476,0.35599440946543903,0.7126725143295829,0
0.9709537382329637,0.9947603481189706,0.6410949977114675,0.007680866565712001,0.09310108504651117,0.2154688239092902,0.02325522809916918,0.7481042797145346,0.977655849170934,0.7018941008124913,3
0.4763165996007624,0.7320172746511866,0.04846498333605202,0.331877973420317,0.5725214602556824,0.11327366351305868,0.8592700820852454,0.26878614771671416,0.5892180408695674,0.6985968086725757,3
0.8474479306894508,0.7585028851163965,0.8048419962764656,0.6623463269167387,0.12421623138897026,0.5204474094835713,0.17797324641824291,0.8318723793394781,-0.06258409254349284,0.5864845807674608,0
0.009330841410785617,0.6150956259358634,0.8119033414115377,0.2242653989195911,0.7275616213324474,0.6797275734027348,0.527565358230501,0.0797268905465877,0.7751408730505559,0.019216756398932947,0
0.8595593779478632,0.608435653984332,0.8176331550271274,0.38790992286531584,0.6778988028760448,0.9547433169907653,0.29935256849485087,0.17688725963002017,0.24295764341163553,0.8987752397488021,2
0.7408501831000198,0.9199353108349977,0.860527126896856,0.7403626315845476,0.2729594957146837,0.18245627986857532,0.22916005325693997,0.8650634297386797,0.5967983537776291,0.6589330042356405,0
-0.6872134845664957,0.26658474924305925,0.43278627385845275,-0.7006656904252876,-0.4109640984107674,-0.1494737300268978,-0.2434611033566183,1.4491146256665175,0.9982125227001664,1.0430364553749676,1
0.9923668044555596,1.0185184282863047,0.6188293044941704,0.016009426808254137,0.1277445986611812,0.20760694860986173,0.034131414063847704,0.7474188517712458,0.9677817919169007,0.6983564064903569,3
1.0296414269551226,-0.0336950916803804,0.8866350454918784,0.2704655856416038,0.3112301671921049,0.33126861025694143,0.35193233748103153,0.505922173019991,0.4945156295752183,0.4307891631908457,1
0.6488025175188382,0.8102649906344488,1.6931058757648914,-0.3116302422621732,0.21059596216819718,-0.7246599214156155,1.0172578531751715,1.1720173499311082,0.38350599871061747,1.43315725932097,2
0.21965130229486934,1.0314507821802328,0.7117453917255705,0.5867900184638738,0.89807327983326,0.24540068582701702,0.967900943952554,0.3163349763935875,0.6784984159584536,0.6027978860698113,1
0.615941963041474,-0.03719978903166615,0.8237526844603815,0.12627510379419782,0.04974713530995212,1.0270185162390963,0.21364151635956757,0.5807205376188751,0.2210692101782275,0.9531949589784736,3
0.7524712079242324,0.14582308220287998,0.2942532706813917,0.29170271399670017,0.7732169936866485,0.8605888156843154,0.7659518872706901,0.5144366352683258,0.7780870771989946,0.043166299244296887,2
0.7713069208443684,1.0509185548727265,0.14232423696422108,0.8295589128754971,0.4975643731932779,0.2852080853433958,0.856635933934121,0.09555207183264061,0.40731838774806195,0.16150207128592572,2
0.782313560632023,0.5994094870735763,0.7551444820993516,0.3862737525910816,0.6189662867469188,0.9265246278356782,0.2826415930270046,0.14639507190542825,0.217685007964272,0.8794546963480929,2
1.0318001503720233,0.48683809443312803,0.7352099221912168,0.3484872106763588,0.15815228111640245,0.8204423322876127,0.4819901763334931,0.058370471159129904,0.7197808178157982,1.0432429168941721,1
0.7987855933119719,0.2993356373009825,0.877989052836336,0.6365578699497059,-0.05201437016778626,0.3714678260648859,-0.07446820294179086,1.2731121650825719,0.0073336865612098345,0.6502075234166581,1
0.4990699434895327,0.5561422588432873,0.22820949606831753,0.728476714550974,0.13313781526666738,0.3468279891709421,0.8136728048821089,0.4077848775243202,0.6828350808855411,0.241932152112227,3
0.01035046779367674,0.6133250576279097,0.815598552516171,0.2235859244997606,0.7319168029415176,0.6779240227021343,0.5338845877402059,0.0835143350295256,0.7808004260216815,0.021407861605200473,0
0.5059826272729121,0.5797894858660981,0.20683580037596597,0.7277451671552113,0.09346415007102886,0.3025712012962062,0.801378190788748,0.40051683451129155,0.708799713637971,0.254503768306649,3
0.890210493553722,0.09968791586589319,0.4707016050884719,0.4790408314590773,0.48731132931499105,0.28423977907387377,0.512000987971988,1.0313861733062692,0.32245915271162495,-0.07212755359724576,3
0.4382046773899264,0.6306141573512004,0.7531543766010066,0.4946379968304131,0.8251995703329469,0.5125557241416718,0.8936456101882992,0.302137243428447,0.015811969929780928,0.8998682904806496,1
0.8049841996257651,0.5857401537087112,0.7736190531313323,0.3712565215263646,0.6371135606978336,0.9350797211567914,0.29199034025380866,0.15542755763064478,0.1929523907640349,0.855019122250048,2
0.8669531555523837,0.10469606794018207,0.9533607672775012,0.32114533574263915,0.4260615216168236,0.3150667813312518,0.5702487710040338,0.6543203113487341,0.48436577372537204,0.3109931304445402,1
0.32723487191276135,0.472861649042638,0.392479938984945,0.2779834609872111,0.031384973485073714,0.46033189775953487,0.19259818688047572,0.9607678840682652,0.02278242280160317,0.32701321692104746,2
0.39499566695175564,0.1286294938184323,0.10491011848750181,0.7429659232833032,0.5353368035202898,0.2654096516335131,0.7539634676340942,0.2978755786072444,0.08895233447370972,0.5590909430104114,0
0.2711764128987917,0.969388120915302,-0.006675626527377729,0.3359562473128451,0.65633620965437,0.3009726319552276,1.016838790212672,0.32353643120951975,0.5544180406715051,0.700574304424089,3
0.6976830555099898,1.0296588988081954,0.8593928151939996,0.6839810771595353,0.3301989252349845,0.8377770224492173,0.19503901465654278,0.23668236796446435,0.5738504177460045,0.08522270104005283,3
0.9412345030438845,0.14259851123033224,0.5650776641602265,0.8206048299267145,0.6498816369484044,0.8166574317297314,0.18179575595334774,0.952559313158813,0.664768519006734,0.23962915368416596,2
-0.5559551366407794,0.7386949784459145,0.7961351104354306,0.9423302002936392,0.27035040355061435,-0.2980408567654597,-0.39425995845094036,0.0960285243954705,-0.11498746679053062,0.6367140651916766,1
0.5285596873179906,0.29002732149443006,0.3736113083724752,0.05858782145203026,0.16472861537952826,0.15702666218108002,0.6076994592097925,-0.04776810328220385,0.6293088648111362,0.31821716668395955,0
-0.045482718903635116,0.6496355767875126,0.8459829785065364,0.9687165917204631,0.20422834619637686,0.5747005407220106,0.3587818798988535,1.0871682763533856,0.007882870360256783,0.45958224188965047,1
0.4553719955476856,0.28120031820339214,-0.1912847309450605,0.628676651435587,0.9454078092910284,0.3871350671197793,0.08357725075717083,0.6472323321114368,0.8292718818438027,0.4445009193901571,3
0.7189799002745331,0.02558957967127966,0.7187471087104715,0.22877277174928137,0.1071546216929649,0.9715841882369475,0.21127764037005703,0.4652336652372627,0.1979752904320775,0.8795370109452292,3
0.995851264282266,0.9877287209219499,0.6272014456980596,0.6270796200356717,0.7769438674699345,0.2410331743363051,0.4968708317184781,0.026156410183711093,0.9324300217265591,0.012533169959836072,2
0.8311927657244238,0.2606545198999121,0.7346994645994287,0.07748186322447867,0.9320340129764907,-0.003856361158323149,0.9202704144969012,0.6188371007874077,0.15519038477614477,0.6931786753538657,2
1.2316772744889173,0.6126626473903007,0.6646827397248894,0.4259384377924621,0.09761614867169194,0.7333224243112904,0.7263432309656457,-0.0980938904094941,0.37950572368794233,0.7430353495261754,1
0.7841806106854057,0.31157593390981714,1.0429681022348536,0.8451649126144855,-0.2643857339866031,0.1983155330002237,-0.22902600191735062,0.4524253274456192,-0.08940070745495796,0.613999570164026,0
0.0126167390420452,0.6139391708751268,0.8142925723262628,0.2270281613580772,0.7299314456876236,0.6787146743178301,0.5312020280764661,0.08202752444608057,0.7784559841857298,0.018722935127688994,0
1.4191584773904924,0.802101320121437,0.4175250703065739,0.5511240514479877,0.32376231252477483,0.26849729634929975,0.3287020503563812,0.8864644753195086,-0.37155616300647326,0.3904453231199259,0
0.9325604665980938,0.8522693812014028,0.16790262579012977,0.7442241515160375,0.5939780233841945,0.3534817002392257,0.8500521687142072,0.012660564962563552,0.29183739789275864,0.2583925070621479,2
-0.09247502022288934,0.6532959118431785,0.15134366685352713,0.10706864185515555,0.46832232380996114,0.786939486739909,0.1284396814578428,0.1538774096773924,0.24406690692751742,0.2001473882033737,0
0.8671413548978449,0.3143251961065481,0.7001572931745792,0.0639606522218139,0.8665171936490655,0.04214124724032128,0.8667491909142108,0.6403970145112361,0.23398383477477247,0.7274145015373686,2
-0.08412468456426486,0.34308091355845366,1.3153597686989047,0.5981038966837685,-0.05353505621136667,0.04994280825951439,0.4905047635795131,0.23896443414488067,0.19583029899360832,0.6508918552960918,2
0.22307898623105865,0.657404007708487,0.8267363963091152,0.013216061849606903,0.8084046845232769,0.3826454508265109,0.6778681672876072,0.6087719087701724,0.13293983291587047,0.3243520098548923,1
0.6059328654315541,1.1060880039438996,0.7023383048092608,0.7003605230265418,0.4990075454890255,0.8736525858765821,0.22679490842586084,0.39407830231295427,0.7218727394126162,-0.02982592318957271,3
-0.35151065441954826,0.49026114574939167,0.23956575836972197,0.0662057525300305,1.2175931061330114,0.5645874768627998,0.6756679079613473,-0.057125614558943216,0.5613419111503439,0.24330705509236414,0
0.1559182846549016,0.022121728031673865,0.6851502671458718,0.29796562617073025,-0.05785526767715547,0.3888745526041006,0.5583696400717548,0.436749787965429,0.6442622007149283,0.20602305134794216,0
0.7220800427023069,0.9684799094067895,0.6911516426103648,0.5900475749383829,0.2777467507347102,0.8478621349899803,0.3264307683121697,0.19174214236146198,0.5469687467565937,-0.015308675781916858,3
0.7034184940393439,0.2674220019635133,0.9328408730748908,0.3747209164403667,0.6802096809330062,0.3741779821606239,0.32927385893274014,0.023058061311942817,0.5457223092558879,0.7814667443374397,3
0.36249935393279464,-0.052835617233224885,0.3665413356942823,0.14397579110646724,-0.14309773572232426,0.01700335365594549,0.29548687094236326,0.24960449801408724,0.26209244548947636,0.4849855123092618,0
0.7008389712368208,0.8202127592616122,0.7765314738611948,0.40962368585423814,0.7921539429918706,0.7081146847353803,0.6249847802751365,0.44212521936284677,0.7029465134476582,0.28679778430106334,2
0.08180259882947659,0.8920477145955483,0.2825281375975949,0.4109307593529667,0.9763771792513145,0.34765893481654486,0.3444968539867446,0.16922147215174313,0.07101305128819402,0.20129609566764978,0
0.6043226140159593,-0.021656817236564915,0.6926779435211068,0.04995908113596466,0.779125910974239,0.38895393611510204,0.5777391479348865,0.13817549434430165,0.5042830564896208,0.2707667794464886,2
0.490636739140032,0.2699542371410627,0.5918339497261056,0.8327888076240321,0.17959848249633395,0.6705379025130961,0.6714298195180264,0.5208196351708694,0.3987350498872911,0.677600040140657,2
0.09501717872995658,0.1743855451783737,0.538202446288008,0.5244502623806812,0.8588668743345018,0.38512386773640517,0.5664361083422155,0.788274629449756,0.3954781674332699,0.15952904051104375,3
0.8754120168302615,0.31142468368379633,0.7139584045673009,0.034513923482121935,0.8942647186825695,0.01812473897257166,0.8743385531191041,0.6600342966223063,0.22393907098518973,0.7554046169635537,2
0.2239243980548884,0.6271559193843323,0.7551365410753923,1.12539443868718,0.16458111604300668,0.2776072670814186,1.1041013368828039,0.9251202787084609,1.049306703555911,-0.07810917803410372,3
0.7123117950029237,0.13410817749051107,0.9329631281531396,0.3686836188657194,0.21631533251924479,1.1092097417120033,0.19151769350141906,0.6017116881203995,0.0803957396552519,0.7988570748852468,3
0.6532189929124923,0.5050681275025003,0.5907128538778273,0.683955371641851,0.05058402038430013,0.5112783903752948,0.7473674625518459,0.5241987557665219,0.5519824832846938,0.09139741047145775,0
0.8347829538529831,0.8259211834141607,0.7540937934304743,0.79570472929791,0.9265850038247372,0.25743756609853974,0.34629524312145776,0.8165342944389422,0.31023477276470574,0.6329449908098603,2
0.9333174839448592,0.6638890933536212,0.7183245294523473,0.6141114562809868,0.28044910839090664,0.5723010353139467,0.02598911548223999,0.8113868924795654,0.09248331485997917,0.286605969455497,0
0.7923353366104214,0.9127909014290823,0.02281681304043713,0.891234135794573,0.497125289239745,0.45079963443634774,0.7701566244475125,0.13164622574996118,0.2664503059442266,0.34812502153351643,2
0.9029486942269642,1.0316313561862804,0.5073409451906441,1.0951005778950484,-0.13798664325292975,1.2467761202270737,-0.045379195922423676,-0.19227821930339295,0.464475152469913,0.5449061742251604,3
0.8728779281815825,0.31183360735120574,0.7133908544492881,0.0305655582235535,0.8886455054164355,0.018328227130188286,0.872525228098113,0.6600644450455975,0.2243753003982607,0.7580209161195299,2
0.9065732266639189,-0.17628425115495525,0.6563543256658431,0.363509293394122,0.7216957996621068,-0.3645049642427357,-0.02074670503928741,0.07473300238870376,0.6421438446556502,1.0474783542583497,3
0.9302781344487122,0.9487369315505536,0.8152459795401841,0.6928068997324544,0.9266218584037309,0.2664311424682869,0.3555896184343713,0.6251224101581362,0.2837825871665145,0.726484275631977,2
0.9081582177396741,0.02569834814741856,0.8684504351606239,0.27290064451059376,0.48079987802965796,0.48351072239031256,0.49327949855429326,0.6623682481587632,0.3745057278568648,0.34831630396609564,1
0.9044213787087405,0.907559322728235,0.14528448338082794,0.8341503254271996,0.47955830293631957,0.28481294578484273,0.9720761275634348,-0.08655165994015812,0.19765852623330699,0.21533482337206805,2
0.6886225800649745,0.1306434690100467,0.7170262032278416,0.2637811214066371,0.15472332005521391,0.9145093750727173,0.23393383093698944,0.47148472223828386,0.15268006908181775,0.892725205801245,3
0.7180722083554116,0.08712617323016164,0.70614175368139,0.17500677819654567,0.08328297754128826,0.9113494562178512,0.21613511604736232,0.45660806761215644,0.2705927334437571,0.8849282048843485,3
1.254786404762065,0.838824104083971,0.6017175093909672,0.5634671227010772,0.1094642378625621,0.9495534632039246,0.346566533245247,0.17096300023959216,0.9792142415314038,1.2073696751644636,1
-0.09747461594939494,-0.009141226080010126,-0.06665167877160327,-0.11214704532138442,0.8987098083502633,0.3050340445922308,1.2643841764457182,0.44884093822529025,1.3330975871806061,0.18804050205190462,2
0.47318029073534246,1.0499980795729862,0.5345178352269646,0.48188969762252565,-0.16390847699719696,0.6890612622361456,0.24067395076678277,0.4172710217855725,0.1789846739627725,0.6312820416466192,3
-0.2388624612168267,0.8324510999617827,-0.254603886851961,0.41124698838494633,1.1178321007478493,0.40430289550226045,0.19181266310145986,0.4721871707402692,0.3257097460092758,0.28004032812870394,0
0.11672913475486676,0.14571904517088075,0.5016115763262547,0.47954656896790676,0.8308178777997067,0.2797219515147733,0.509598127099597,0.7120668952184834,0.40370693234981914,0.20915084300036005,3
0.01416960421804434,0.6126449089652285,0.8147316113015126,0.22537526962996776,0.7285476263752412,0.6799737045283718,0.5301223898333215,0.08050731146135082,0.7792846937773381,0.017093562793612425,0
0.3428971306586914,0.7973427968697702,1.1113359164895547,0.5587227893941177,0.29472669903432974,0.6901807736868365,0.6685870351038933,0.589783633232142,0.9517762428522495,0.7497294412650146,2
0.8743594977697824,0.7770393064130301,0.8879684837298437,0.7466874180827932,0.11018527732522344,0.5377098465842328,0.20075154543651996,0.7191325533537714,-0.06628920819643545,0.523852279669122,0
1.3312933962546905,0.22010408260961098,0.9808527925540678,0.08766678493192381,0.20281998511870894,0.7687115528310937,0.7382832376640784,0.43689424386883446,0.6661045404901569,-0.020760439520812524,1
0.7528357549754541,0.4040229313083067,0.6274438616456752,1.0311433889863253,0.6467739168572372,1.1109781000875474,0.4272602457795547,0.851575113069776,0.6479941331196788,0.5205192204329894,2
0.8816175116637063,0.3092613154488541,0.7128849401776962,0.028479557864530818,0.8929882629695527,0.01920437676711973,0.8701695971615577,0.667148053168239,0.22919246841730492,0.7508322515440397,2
1.4212539989908164,-0.2091220544225381,0.4572319211588995,0.3285270564544718,0.5258178821221601,0.46236257306478673,-0.486233867076571,1.1785836066101114,1.3886838588036872,0.047827866151334164,3
1.1972800401451766,1.0081995248063291,0.6259319901685305,0.6478854175541799,0.9052924959073503,0.4019889037935478,0.6212831583067449,-0.17103947140303494,0.7384764476823278,-0.007801513280318868,2
0.8786930323964369,0.32652479187716776,0.6907543415011692,-0.0015406535327795734,0.8954210452308674,0.027710630424474234,0.8648524727453313,0.6771258287713465,0.19466711209886492,0.7565067715022642,2
0.8572732069901102,0.33385296787051844,0.6763025098478006,0.02431208384836417,0.9190562623524777,-0.019028695640904425,0.8444523877111519,0.6551697028263861,0.18319018182094926,0.7248043028949746,2
0.05432280424285796,0.26154841458542527,0.4438891924966934,0.7696650765063027,0.3140945307089753,0.6104524312262761,0.6183509265704821,0.4492934500170516,0.2801525078265233,0.8192860594111293,2
0.7800336725945624,0.34795018657043864,0.9335693175031724,-0.16689014992584617,0.8326749854841481,1.0693170851694738,0.5261150757316988,0.3936477670544133,0.8107502562534271,-0.04982768273674559,3
0.013156897004305397,0.6129955122602445,0.8152375326873954,0.22689035188612625,0.7290697860383821,0.6788287852322656,0.5317038257402138,0.08297635506442638,0.7792617245440566,0.01891089097405036,0
0.28191849693958687,0.23108537491753353,0.47899719854827766,0.18420929140143458,0.2404466000260986,0.005035143024030686,0.7779579950134267,-0.07253530184946773,0.4372635623095339,0.3009110714037857,0
0.009624003703241554,0.9184497020660499,0.3423875993935223,0.8502150529014678,0.7561952129428887,0.07248861144229027,0.010329443111984405,0.7563048703445455,0.18957400205376806,0.9242220534441233,1
0.20264355803918244,0.9534985946997346,0.7152891605038015,0.5051302266417533,0.8810064091979072,0.21151736397350615,0.9434631475180956,0.42254009253820884,0.70217755083469,0.6638594915541153,1
1.0619420709931753,0.007576912005819919,0.6667592436839077,0.7893872373150688,0.5558051309997742,0.8168631389717653,0.1640729858008658,1.0392488214237818,0.7469023654483289,0.23716774450893194,2
0.9052483964457643,0.9276977663159945,0.1489297867375357,0.7994004182719676,0.5974469517868481,0.3294344670732641,0.904786020377343,0.057284683353954,0.26709738873153255,0.27272871651130615,2
0.780991531020189,0.6129240475632936,0.4477023466725636,0.7426774935361544,0.08234387158398772,-0.04542888573693815,0.5314666712986243,0.2512514421345704,0.4206269041850439,0.6941114632095173,1
0.5671598005779506,0.042827853246908534,0.5504454191237458,0.20095081008651725,0.718111227157563,0.3187297492081757,0.5877728828267169,0.2750556417322774,0.5668165641266678,0.1832906126811502,2
0.2734931369293649,0.5414568098237023,0.3925064894339699,0.290576077754624,0.009038561541371632,0.5128431831714564,0.20198307320647066,0.9993092551173861,0.03668546030986118,0.3231333622183931,2
0.7930001588848068,0.10558464707935925,0.5178179894460755,0.9133965491483699,0.6882103145634595,0.9438699674965064,0.2923756708047688,0.8826611763039637,0.5856512910275148,0.1513941153729595,2
0.5993869345985886,1.2053137494939161,0.536555572057654,-0.007305887610945916,0.38236833873908094,0.7079617187109695,0.5597186454292987,0.5896392565001587,0.42279774497864503,0.3710068555779335,3
0.8970260136698414,0.013388970986892177,0.24334449147265955,0.4308083228859912,0.20292567229915776,0.21096128219851842,0.09162792663369823,0.07958072536302647,0.28956947319565857,0.7880133746566451,3
0.9685275322912112,1.0118837742308924,0.6247819762407769,-0.03325579185749904,0.1487489392672348,0.2656669891354822,0.0005939080397998793,0.7354626684334135,1.0233014463949366,0.7238375603423359,3
0.569151972184278,0.8530303187401658,0.780143652524178,0.5361076063777683,0.7765363145410822,0.7985241184727534,0.5307970904657026,0.2680125540933762,0.777879323222134,0.43309705355158457,2
1.1228388085317844,1.0947395731431384,0.5805034450932284,1.082545174662666,1.1806557385827094,0.3697286949637719,0.11818506971497791,0.704480120632227,0.5299500013221786,0.45520273696011887,2
0.9597325656612891,1.0086675681474742,0.6400056881910587,0.023442044413306107,0.08820839892219744,0.2117384419035236,0.023370538451675315,0.7531568506419303,0.9766334458293987,0.6817095069236269,3
0.9204065888489577,0.8586200566774924,0.1583800361735812,0.7658599212793159,0.592529624216414,0.355834997802548,0.8598798321058791,0.037863104733014796,0.2703017055345407,0.2913918875635526,2
0.7111561215028305,0.258864430686341,0.9252925012096821,0.37686638379844056,0.6896722161300153,0.36942420231738826,0.33301881603341577,0.026199420912852295,0.5396251299466461,0.7887242373630413,3
0.4740870564024132,0.219577553979468,0.2940224389366393,0.08919988964178088,0.11699827980029756,0.2580910917648951,0.519630057914191,-0.0009545167752649634,0.5374478209359539,0.48876087308096644,0
0.7421590224503813,0.0744278451196586,0.7174472470225522,0.26887370869843424,0.10132164254490245,0.967752234699245,0.1454600739444464,0.4865601098075148,0.20374626669751617,0.9257509715259575,3
0.45554759434170383,0.4474004649021076,0.8285460570436476,0.602102342193269,-0.014034625256002187,1.1999061920565337,0.045581905826709956,0.4309659611113066,0.9275138201272846,0.20031488397938846,0
0.8976621817040931,0.2759370328484011,0.8063780477843139,0.9554652052894768,0.6429292404103175,0.8042087525617652,0.29211063199535225,0.9504343533787456,0.8460034643484924,0.1847222819893971,2
0.19483449076687984,0.444116414417694,0.4875610798273228,0.390586217519291,0.18958013159938214,0.6255840850723771,0.023515562715338167,1.159941742143886,0.09310817399298117,0.2933090187732269,2
0.0325538382642141,0.12104212099734787,0.5397394234812195,0.49932899316427365,0.8689524514395144,0.3349542353582187,0.5025912562251633,0.7194125638032529,0.3680549903566643,0.15942226765517153,3
0.8578200045276473,0.31158471843636193,0.6951137929464335,-0.01180461641096979,0.8577354944830067,0.04549075531306551,0.8308508473136579,0.6433502179027277,0.20851896368717115,0.7669871815174565,2
0.4487348006042454,0.8011041614372512,0.05010664603201165,0.3105928769643243,0.6172884303703786,0.20460942240347446,0.8640484281305428,0.30543794440137245,0.6999013576007108,0.6322483847073258,3
-0.04175423980193005,0.8728066527172966,0.3372731851961679,0.9354363608480675,0.7154488459854225,-0.02430821102080398,0.003045941998123851,0.8510832464863203,0.10499812327058258,0.8690243558327834,1
-0.3242361959071463,0.6884789158687705,-0.19816599011582092,1.2958427444070004,1.0880494979798796,-0.3667829108127819,0.10579102486149498,0.29376575005055783,0.39054980463539857,1.1409420578537974,1
0.7379927917215987,0.07653546034951729,0.7329397863771611,0.24423055344212932,0.07061671624066919,0.9609953503726474,0.2114231586320589,0.48783168151979744,0.20135197063240454,0.8941200539155758,3
0.653256534298475,1.0138140386127494,0.7057383337723152,0.6084501625644432,0.358887255016762,0.8335210053902063,0.17415332389837357,0.061336984094124886,0.5364840583662591,0.10807727752319495,3
0.5258683190551954,0.6699645977866608,1.3056252691981418,0.9175305632018701,0.24258024440750572,0.38420265246803453,-0.4302953810027453,0.9851238405623152,0.1571171751887882,0.4854709046731552,1
-0.12040409392285117,0.7797112846675096,-0.12228772681075947,0.2972029470970282,0.8122700306221945,0.4091470213141191,0.24939537029822775,0.42774539757752517,0.06153994058496813,0.6017313135084534,0
0.017665355779590254,0.6191036446156526,0.8088607862878937,0.23099585922214552,0.7251961424763828,0.67491728269409,0.5345020913555115,0.08454474962374309,0.7822215498612936,0.02117762045421664,0
1.0847795761134957,-0.24949758624769264,0.47638503772862595,1.3185606655244269,0.8155299293816061,0.4389451462424018,-0.39070419810545387,0.785502708968592,0.20343587527712076,0.3982607284053081,3
0.01569636111546473,0.6066331544910322,0.805822149047369,0.22215303277658252,0.7268315581739745,0.6734173550644699,0.5250508903220328,0.0786777129663496,0.7826689659654081,0.014047683116129913,0
-0.3133541928967202,0.5719809106356819,0.6604948886652491,0.9205318916621525,0.21779218762828692,0.7105353047018154,0.5057306156404352,1.1317387382226949,0.7125795805931543,0.6447963519636977,0
0.29869329590835564,1.019847629747007,0.5367673144565419,0.6239863228811731,0.8779169878117692,0.07914096776839546,0.9124705042972538,0.4302642542555501,0.7904656097554615,0.5003404656542756,1
1.001515810328527,0.9323384256950824,0.6551541392924387,0.7232624125061466,0.8113270892661536,0.2298193872897977,0.4776473181481496,-0.010290938035996164,0.8781934548418522,0.10468134092866205,2
0.014513784465397873,0.6146175000155839,0.8145613756478094,0.22843723077757314,0.7296266047420438,0.6800165088404448,0.5326208518344636,0.08403030044467748,0.780087387895011,0.019765736842935908,0
0.7640209927402278,-0.0033524779136857516,0.7942779804018704,0.236003720433279,0.1006824249678128,0.982307313831468,0.20543172379965108,0.4435588976104222,0.23275798237740294,0.8314898891207231,3
0.6797594036904153,0.813725195055355,0.6546134590706825,0.8032639070719407,0.3193240997785733,0.751530981123053,0.17968478326158308,0.30792645701333676,0.6114666044014002,-0.06743386274301269,3
0.2882613163938343,0.45907154370601067,0.32210766165399357,0.2873572731212529,-0.08250091447349937,0.6139869934256642,0.20122702871573686,1.1065699107974454,0.15055615780372383,0.32206928068744933,2
0.8910988833646118,0.8445624189420116,0.8365992247504873,0.9223132785666471,0.9565205845855621,0.2873808703775519,0.4360402985746818,0.7004958582357397,0.30505359893449546,0.5767493348260424,2
0.769098739555704,0.762267323024465,0.730376510389839,0.7958554805984329,0.9678247419616322,0.2171733680695136,0.30185811680991786,0.7501131393273273,0.3828710875497985,0.6594334582154084,2
0.7300375925663213,-0.1380574270876671,0.5071990816601394,0.5894309545978773,0.4825366426644159,0.9562613675432086,0.39040449368605934,0.9240951674043456,0.8477413265050245,0.5549176641248292,2
0.6825184319696699,0.5641492873860315,0.39915328607997735,0.9311015184039579,0.27973820837043395,0.24705200824136794,0.6085197190612882,0.5013084401992567,0.9036569311199462,0.10759752336755132,3
1.0140570059840373,0.16380367405970384,0.9250950619556136,0.40485324413930324,0.37626556488414287,0.2906701449149766,0.3682671554734412,0.6705792821911549,0.5530485137504071,0.24358903559167966,1
0.5164084128554822,0.255682797666623,0.3584499950702988,0.06531061700685895,0.15457613927929406,0.1711161862546697,0.5396599886374599,0.008343851697020918,0.6577574615561959,0.3725077784846592,0
0.8094366425329687,0.5885501259795196,0.7403604947076659,0.35359694565446476,0.6409222402402985,0.9202234306389205,0.29654746204036586,0.18690248928376832,0.23659548345413503,0.8638097131167133,2
0.6906364848110988,0.546810094436179,0.742827807214242,0.36750892697252135,0.642097581039358,0.8791756628336987,0.19522140061039073,0.21101536577991709,0.18232389273140376,0.8446519636062129,2
0.8357623192167973,0.07892751915232815,0.4280546305209504,0.723821629720814,0.5627103226859901,1.047524110720313,0.38842666054241015,0.7065480710549615,0.45078827680774736,0.2807038655316353,2
0.4918759279043156,0.9040426151566856,0.8282436212561108,0.5430524032116384,0.7394662698798425,0.8171995177198611,0.5856868184011376,0.41818079199678737,0.8020275179204613,0.40553315700246395,2
0.7884571002518038,0.1884777206252596,0.2963640941330214,0.26387993139196575,0.7896114365827422,0.9076531100531292,0.7174182204190682,0.5493158672244479,0.7929340449322471,0.09052225078784344,2
0.27784792564261324,0.9229456040928188,0.8000975558572354,0.5079200399547842,0.7943778857589431,0.38331588352840323,0.964778733014059,0.21393266334880268,0.7950920040658186,0.5902753529004199,1
0.9666445443288969,-0.14275244558691763,0.599676501134609,0.39623075505716265,0.4650597445404212,0.6382868985940744,0.16699105340045978,0.5645341494078101,0.16659988110097684,0.10468807908319594,1
0.1456468794754076,0.8913942056402558,0.6645131924902186,0.552365933417183,0.861516266233418,0.15802790021928587,0.9006834402859147,0.2810965266688283,0.7534435255136964,0.6627007081506243,1
0.822161799566966,1.532505979109341,0.9263690388475643,0.8171490575814075,0.42409576306971564,1.146403996067026,0.49013392241558656,0.2241126159653674,0.882108787769484,0.4361360938157924,3
0.5592809558962085,0.02483823132695389,0.5806939326205466,0.34169991624612395,0.7654056985889834,0.10711901527860873,0.7188988454932039,0.4011030224858436,0.5034245512770649,0.37724212449424394,2
0.6981112355951538,0.4075925842544904,1.0925062708150428,0.1684402497768979,0.7104443241431858,0.5208404061285874,0.4402294811686206,0.7647852807787519,0.545007347004299,0.26249738679581786,1
0.11599258153294774,0.6288591503145238,0.736319887151776,1.04934581222077,0.013942865617795452,0.8403987915242024,0.8011324234084772,0.40047066057777453,0.17913659122477416,0.824859037305334,2
0.4116486237324072,0.7996290424563329,0.06473429646772542,0.3000520232455816,0.6536398493471379,0.15564976034771844,0.8655942492153251,0.3424583441753358,0.665431725065042,0.6033080105809365,3
0.41201252911519476,0.5441165549984531,0.2251315326370916,0.6906774763307395,0.06880271476405168,0.28975565535982084,0.7552940351901101,0.4360565673699479,0.7513381869936807,0.24143312358598365,3
0.7219142207628674,0.21968494124425816,0.88878993600479,0.3425357476764022,0.6928104570740709,0.37469855024755094,0.35640722070666314,0.01705400205853471,0.5416031465514346,0.7756808960081202,3
-0.1436142693483367,0.35802236071290194,0.3664290113198365,0.9784034724753243,0.09102676852030181,0.6900152957814312,0.3994810310080282,0.642761820526405,0.4634911545195792,0.8510740216408371,2
0.5695560409862658,0.021064273613471213,0.5106284264561136,0.3135125165358292,-0.028544925043279934,0.12016899533793796,0.7137647659522176,0.2570481576686813,0.7977499611175232,0.40468402521949487,0
0.818242983629465,1.5558902736402755,0.8436212264969046,0.4585060316048929,0.5247674345515227,1.1080688567191135,-0.3491163211193793,0.573108160099352,0.26531371583889596,0.4333891645568784,3
0.6826755034851695,0.5240819972013568,0.6272109355446681,0.6525225628775919,0.07041045815809042,0.5126291672992159,0.7012696378434098,0.5071500880990024,0.5391049850762479,0.030642264107457413,0
0.7894631158874545,0.02550523841033566,0.6263406051694564,0.0818826271009274,0.7244525770688438,0.20836785318161255,0.4620653875546835,0.2659511364667296,0.5050096153037782,0.3175690304193147,2
0.3183699665043621,0.9223014326618062,-0.06061399044549598,1.3136946819636397,0.4612500449403671,0.37815985265316104,0.14039888194953642,0.01312049529611381,0.020962615714710697,0.41970931873332734,2
0.9016732793577181,0.9436136010964135,0.019700276119919716,0.8815773652392674,0.6841626134247074,0.2823728772301929,0.8970737450433101,0.13543822171618358,0.25352047093446656,0.18683202692526424,2
0.9598130616650062,0.9587704033442774,0.6448301112645113,0.693819076269781,0.8737448822763856,0.2678549745972879,0.4278887826340455,0.7230041402478686,0.3711213793333603,0.5823363618209711,2
0.2831378355551815,0.3397890107040057,0.9828301778957202,0.0746356929794394,0.6349533682114117,0.06629756848898605,0.6057822107622258,0.3448421473011712,0.1121888399603702,-0.086976751974291,1
-0.16710266211425723,0.4963286007852662,0.4982133569717234,0.957793763456751,0.4798844878884579,-0.2643675660115085,0.3933749883766515,0.4956350169455642,0.7918724358302136,0.9789486730815485,2
-0.16940295268251307,0.5468946813292548,0.021640538736869885,0.6532673738861304,0.9842808771932435,0.16278410386084685,-0.2440465273870523,1.0397113038850825,-0.14472043700069664,0.9387846545347999,1
1.0892237149863082,0.7072283925455275,0.8358126417104939,0.3898820477465503,0.0531125500539225,1.0811180814567058,0.6690357170109442,-0.17782270994762128,0.507018089817169,1.0957938262466353,1
0.9012468106519838,0.3265035962884384,0.7189365535516897,0.029418077767794325,0.8759633818470373,0.0034344059030941565,0.8575497906966072,0.6805734567137222,0.2192991615357387,0.7841696921830058,2
0.1056346302622151,0.08646115201212295,0.5941374962654719,0.33778979476456594,0.5343425028252788,0.8017983839996863,0.44957903325534443,0.9228285320298906,-0.15331256211306693,1.243229099975834,2
0.7830889291300437,0.6036435267873088,0.7610176592015897,0.3823367196421621,0.650314000924778,0.9306917592479076,0.2646163928895534,0.15329623104981457,0.20465629467965377,0.861689854090622,2
0.657413731195338,0.8759431974527356,0.6294428507509237,0.9294440155968358,0.8493668709180284,0.0740735549987569,0.5310590010517064,0.865620036433802,0.4537992045791694,0.7343312792564667,2
0.8930930793607359,0.9955880433751506,0.02420801191487279,0.6850044043088646,0.612819005688747,0.24232216648927485,0.8962305122322879,0.12212943100484676,0.31236716673056253,0.40449767705403994,2
0.9574635092297016,0.7666530360985566,0.06375423738207675,0.7346431576681323,0.45783313452804875,0.3651667272513326,0.8256630010442462,0.004897241694796193,0.35892589599499936,0.3032031336137005,2
0.8014797131729329,0.5871610035573195,0.7811632227605453,0.3785810303149693,0.6425596982257763,0.9333275028329544,0.29342299601435784,0.15535934136484889,0.19934270186468547,0.8578112324343922,2
-0.09074290259462264,-0.518428108005256,0.2343366569286675,-0.043120826046494476,0.049569720820901275,0.17776029845688818,0.5356106409473771,1.1314560435257843,0.13620744368430482,0.45398640157959225,2
0.09902625433368246,0.7142714766708652,0.032446453756737305,0.21996035282564141,0.8258307734523372,0.4119456513769512,0.32442558040063857,0.317310507643874,0.20784573369193735,0.37419769343853193,0
0.9246656554598889,0.8890825295240842,0.668452663592942,0.7966956783349896,0.8447391109853163,0.19366418992855322,0.31541259473931804,0.820530499505269,0.348070067235986,0.6787916918505096,2
0.32406378519692886,0.41791745455134277,-0.16890665109406433,0.7895004572659875,0.4312881033895506,0.1001443256490119,0.99420982932567,0.4644095472892905,0.3300642885789876,0.8300919519099429,0
-0.05784398774221776,0.5006964222859789,0.168484871782423,0.42846171698745,0.584045440494913,0.5932715806599982,0.5951156008084649,0.38637037605191504,0.035479771235382485,0.14529987887486973,0
0.42350796297612353,0.6283181417546229,0.8956254053226501,0.5965696081750503,0.39434723247121206,0.43996338988240846,1.1077913435437292,0.5032002699912944,0.4079483407640928,0.5904020069436712,2
1.1192261455751906,1.0944465859057237,0.7166832776878703,0.8033271956424846,0.7756310918771425,0.30474475751475827,0.643879093583321,0.24182632321128114,0.821209511593891,0.19313595666439315,2
0.35469073491016523,1.0373522038276648,0.6259405464146574,0.7630519062089769,0.9978419832696636,0.16928449184668803,0.7448764745324147,0.5094075652615084,0.9027061896326771,0.4522924270225653,1
0.9243790645714209,0.892595987257191,0.12733607217670342,0.7704609704108397,0.5559215626528331,0.3433178857153124,0.9080488496904421,0.03215386158838607,0.31329781806432394,0.3058702720139772,2
0.03919029084111596,0.8890250806408367,0.29066655167702665,0.8671449555437681,0.7724200795428908,0.09052421174389141,0.04215690421670635,0.7454217436654775,0.22713723020142174,0.9905792539087216,1
0.9734704355983864,1.0032898767416707,0.6452722938814547,0.01117935172552145,0.09885400660773008,0.22108783274975113,0.020899712115529444,0.754461678177869,0.9777657947023392,0.6997385017526204,3
0.03432976070191315,0.7345580846627261,1.0456883597511542,1.3073692183433947,0.4139983481808407,0.5414237173974441,0.18418602372150927,1.0244265736574443,-0.025797867736228552,1.1058525508283363,2
0.8024770542612527,-0.13700494438203964,0.702421382374582,0.5500721839747195,0.8000394282727262,0.27282683135766367,0.7057164911118452,0.6257194042119819,0.6365589470585793,0.41073588420472285,1
0.9411437533821829,0.35744223790474433,0.8414225137338083,0.4342090912311611,0.5498127530072379,0.5903812586453708,0.23014115313476632,0.6839680457419742,0.3928312708187708,0.19074124410342255,1
0.001677653857027006,0.5289871959020591,0.8013291582775139,0.3496221317618545,0.45057699467521034,0.5689194145390467,0.47085187105868465,0.8169789978472577,0.5668503088737888,0.6671510132121412,3
0.9669262672170579,1.0006811943443963,0.6537151753487419,-0.0014270251639494202,0.09403019139410503,0.20907149441422848,0.03216869099784234,0.7475502083770538,0.9914544950907225,0.690293587349876,3
0.559163504171979,0.6690979683835968,0.7021318175149333,0.5358869411462788,0.6389549192200319,0.6572816417929106,0.7375884482012676,0.4546611681061398,0.6694581402500254,0.36413439691142746,2
0.053228782827529304,-0.0024048177362258477,0.8071689152570045,0.2783534185060232,0.049975067932224074,0.28739239211199485,0.642532469485976,0.5620549393211833,0.6231360083678599,0.27540998266865757,0
0.2504642029036886,-0.02227103452168512,0.8947233131441694,0.5620220422903621,0.7627150565186395,0.8398548803721229,1.2199331363862984,1.0516404921175775,1.162933669965042,-0.08261109536873118,2
0.011278883753248543,0.6130972215761156,0.8144788965200515,0.22592037836787726,0.7285649492538707,0.6793094984476236,0.5316700020577224,0.08061246749222772,0.7773260444434987,0.018710314938347527,0
0.5094313871599321,0.8093545503550695,0.8612279833830342,0.48466479416857844,0.7722579206750236,0.8210304710282222,0.5583871711587648,0.3590345038362457,0.7227716624688704,0.47557227998379487,2
0.06460176261393422,0.6916644671165041,0.07057093496269726,0.19890755626353784,0.8006966972090179,0.45611437035603364,0.314909962008416,0.3631560758030146,0.14709192546042577,0.43031907603724806,0
0.011471835230875777,0.12358708993095796,0.5027530023268233,0.45457779088374517,0.895807794269565,0.3245809906444854,0.4962931272160172,0.6915708868638514,0.37909088295165605,0.18157342470097795,3
0.12016161703903946,0.5724249451800096,0.31375934221020785,0.049595158032041814,-0.052225730740988296,0.9449769739619919,0.684060330956741,0.6605302428842751,0.2717966316229592,0.6407791554278721,3
0.7232967007961035,0.0010230477865456056,0.7266455700273478,0.3732455220856069,0.07511483804253458,0.9358800870346734,0.17680822503133223,0.5251060143122729,0.23900794190328858,0.9945033911349203,3
0.40308666367579693,0.8573961582863846,0.9757248144436274,0.5230879242467644,0.8503755726724184,0.8523840890980433,0.4429967310518973,0.37187482296623103,0.7919293564888978,0.49575868698327574,2
-0.038969612955933805,0.6325575412518877,-0.12281865942777961,0.4520635250273194,0.860999362019506,0.6326708259556754,0.11639785827481916,0.5658284975755772,0.28998657632542857,0.23762180623818424,0
1.3499164421087149,-0.46786454215270457,0.5695526719207338,1.3745449752319219,0.08803178834072589,1.2555465480159962,0.06553430467846905,0.35282491986740283,0.9895908610798261,0.35201317551843325,2
0.6056440336301768,0.5550625089106205,0.30053190783254696,0.2853571708577094,0.8229222315452998,0.34118868890636295,0.3671266689465666,0.07190876131506449,0.23283131897786227,0.20336657879005596,2
0.08753788675840951,0.6589959030082752,0.6990281306491127,-0.10708822147754646,0.6247779701518759,0.5216399490979983,0.6534531153130623,0.5164430965859751,0.07600373541619829,0.5314614545091983,1
0.35935119938346244,1.2047602518985727,0.27845352541636953,0.22648841557800314,0.4085165831184409,0.7036200468972766,0.5490236245647155,0.21288403810356496,0.6925948108913235,0.7705319601872191,3
0.19697168043348476,1.3388218195363044,0.10386150745151618,0.7169444397645985,0.4489265029943568,-0.31593862483771684,-0.41605421831821715,0.7866479209566778,0.5795184417281711,1.1125705511062265,1
0.16806357088079948,0.8417325625816701,0.46499539242424337,0.5255180511999136,0.6367660251550875,0.8645437841700958,0.7264630809936481,0.683871600452076,0.39734037348559365,0.3694258569261896,1
0.5142422257157535,0.24279031911228766,1.0763026213895042,0.31419191309807365,0.7705320022922937,0.3308930854549515,0.4543565483038719,0.47922574158282716,0.6838254535663695,0.6175883446813059,3
0.6693002355234373,0.8782006533679099,0.27163952837238187,0.8275045953963945,0.09582255336903568,0.029960264024360694,0.5294351578960785,0.07578501584836023,0.7558957800021633,0.46581532396066105,3
0.09577153007785931,0.3670484691935262,0.3538817497696498,1.0063851472393976,0.48414433350426866,0.7974790219699841,0.4670377812409691,0.7401948487493748,0.5406400248332911,0.653920304738439,0
0.7503109166857704,0.2743892714160896,0.9629950232635737,0.37894813533203253,0.6590296998106587,0.3902607254372532,0.2956284576291881,0.0672770388864784,0.5194682994899537,0.8309522001292885,3
0.1904506080512399,1.019703382177337,0.22708993994899435,0.9867407307079529,0.761220519376131,0.0063212458325268145,0.02747683832624489,0.5793507696957058,0.32680571866087543,0.8228157322917414,1
0.21838226471000247,0.06823136912130678,1.3139387750496696,0.36384469528237134,0.893471922990251,0.6625038994608956,0.5471971097306185,0.7448530874706734,-0.08528935288567438,0.39168826293199366,1
0.4369149593699453,0.8095187822863564,0.06017601537187484,0.32650194569930835,0.632197020595038,0.19477353621502916,0.8723475353092767,0.33613738702205104,0.6558322982240179,0.6159497343813726,3
0.972710420489885,0.9971802395837752,0.6472627104709073,-0.0040253418998463675,0.08456296711326342,0.21983620479371516,0.038566487626885505,0.7569930997469699,0.9686310689080755,0.7069445074405644,3
0.41497490576198665,0.6757053445717583,0.04733805978046201,0.23824953926883424,0.5828350188210811,0.26970709445279645,0.8279095408348343,0.17698099168066025,0.6983739288644172,0.6683979931099691,3
0.43345416760113314,0.94833177917863,0.7638988879343983,0.12412560573913076,0.08498918195442433,0.7311534271226924,0.6181261202743227,0.5000165548170317,0.36179821196728035,0.5434627818479584,3
0.8239224743247464,0.5728550893200436,0.7954684671604575,0.3834763609353685,0.660119895742918,0.9520457449980522,0.3085916796193757,0.17536802553314412,0.1740222139328148,0.8430363139250727,2
0.6648808281472175,0.5127800217708349,0.5790346456708744,0.6622427411175109,0.058237998750163666,0.4879377057873847,0.7462977308319271,0.5477794523197683,0.5716381147568899,0.08700263797208402,0
1.0228589477879309,1.033441327773625,0.4891084022504465,0.5464788130339152,0.7780767656487345,0.3578356545417842,0.5985209484171037,-0.0067773115965945804,0.9421582849642999,0.1235842490098062,2
0.44820326892367984,0.8168283442272513,0.9244584415727786,0.448618827596585,0.7521863650222289,0.759560148171449,0.5662446598369368,0.33787834131266026,0.6768958512425622,0.40470834996358696,2
1.178662585264464,1.0185355078250211,0.6135757718685654,0.613491175125374,0.29316280224677765,0.7125890131741504,-0.048488342993811134,0.8177364431652369,-0.030900407659805056,0.4613219561778221,0
0.5652887122856779,0.3653643743430389,0.5353358116292704,0.5456552283030587,0.9661416058327569,0.7160089507470995,0.40286082860216377,0.9480650270864683,0.6354379267023693,0.44490703857805874,3
0.9124867193814803,0.6539101346598567,0.37418521682422634,0.7683959025492838,0.16801166210742383,-0.05282880951164266,0.5295725623588174,0.2494620214192121,0.4520620663068071,0.6670395744154604,1
1.1181862648530598,0.764418036311147,0.8338397544799105,0.6594283701125097,0.5435223243020362,0.508827566149358,0.6803032141202557,0.04940199467972031,0.7775454620658161,-0.07888133411323149,2
0.5668203874428968,0.036392915363168084,0.6714067397870208,0.06235149542559766,0.6242218427619908,0.29573858751689897,0.6016722407911861,0.17533782560538405,0.676287916122719,0.09010210369544111,2
0.7687687657223409,0.21043537770522164,0.30298553937571315,0.24150872599273526,0.8082261121459805,0.8930170552399391,0.7429000902932089,0.5562358970925869,0.8165427636399603,0.09712807014237762,2
0.6671168736433241,-0.0073558444710105225,0.7756393671855528,0.246412336255735,0.15112623588033677,0.9214885100686236,0.1550490026529717,0.5240728178481291,0.1405735221244142,0.8797573825206599,3
1.0193911371243836,0.4793650134650851,0.6447949848140689,0.545555375484279,0.028890506294947618,0.28738048256902793,0.46820533191853486,0.3721116979746881,0.4036248943595875,0.5942431021150651,1
0.79701111200364,0.5891614115662026,0.7634471982699993,0.3958275639843495,0.6324965762944968,0.9102064746799571,0.29242046477062533,0.1734723043329078,0.1811427552894378,0.8651223731035327,2
0.7152234328006429,0.7175689860938425,0.6792459842628177,0.6162674648480279,-0.11704779920251285,0.8438172278260974,1.032777034102141,0.6180908972096046,0.8372188009012317,0.47102738065964356,0
0.7840530038202582,0.1937847219461912,0.2960950730362356,0.26335783648238625,0.7877069958426305,0.9083533918973976,0.724753811653826,0.5494604378859893,0.795498459906976,0.09201045102318897,2
0.09437541460653551,0.6562507639848566,0.07903689757504176,0.2940270382146636,0.7842446355386288,0.3302218081586268,0.432569867208326,0.41867150855343593,0.16057709128862604,0.4191125376073035,0
0.8012933663037313,0.5836924030304419,0.7785265921368099,0.37729289652634246,0.639541000429545,0.934046472307482,0.2909677620424165,0.15680269983183104,0.19640189893418444,0.8589574735536673,2
0.051757276228687074,0.1759547357407348,0.5438551029307814,0.5364951267010682,0.892419318705182,0.3133547557420269,0.45672286328100614,0.7585756210622221,0.3597414049907891,0.19609478333959363,3
0.9687599428801235,1.005455335526948,0.6407432134013928,0.01173615296746448,0.09225930935142014,0.22565095249904887,0.02515278900906059,0.744270590300668,0.9830017859982925,0.6902233589991277,3
0.9244356317110132,0.9023361106855329,0.09703603100039904,0.6594726454221101,0.6775202661461331,0.3890116339295081,0.7834648751289505,0.08228123496610548,0.41079608899844955,0.23921140038344416,2
0.15385742971812677,0.5564436758893065,0.28066800583770407,0.5617410628002569,-0.23155393349717146,0.0018755548465654304,0.3343647212425333,0.369373993320492,1.3224679478926435,0.7639906413092108,3
0.9721133899828186,0.9994807030408519,0.6460419632504677,0.007814044755801932,0.09463427931134102,0.21458963312362495,0.02863180970472351,0.7521783087367709,0.9828296153724634,0.6946291272846918,3
0.955544572669782,0.8745001655392666,0.5705171836947025,0.8604393565912776,0.9223865044835072,-0.27878061938191134,0.6201491383384742,0.4939012444870971,0.7777098002191595,0.3001751493131622,1
0.41281417021839295,0.8157143444640385,0.05571135203984109,0.297948569477647,0.6588285782839287,0.18883165990553638,0.865526531683613,0.3662266441528424,0.6948829255886613,0.6030873531956749,3
0.865966399114917,-0.04182483578755791,1.087823452596952,0.28103902779676865,0.5531618423966366,-0.3656821985675338,1.4708181495170174,1.1757907373581595,0.8165139770875562,0.9190372252993217,2
0.7038503353711124,0.13556363820591363,0.8522432833436822,0.18537395638358029,0.15544268508964623,1.0655884696702298,0.1248680225754554,0.44645564393375076,0.15007894097891927,0.9174925687765599,3
0.6702693487298568,0.49148415199470435,0.5996767296098752,0.6864109384355084,0.05755378477688715,0.5139085584929814,0.753678012612124,0.5302249929503792,0.5570341165487827,0.08999085361427722,0
0.6074483303425806,1.4393168121206539,0.9424295648072265,0.655181952094529,-0.1943521946837914,-0.13060058588061885,0.47803930088892377,-0.4224606858486847,-0.8937005116774862,-0.2033750621564253,2
-0.25457427026262247,0.3333768029383631,0.4837247666562329,0.12584082769217264,0.3503518709756842,0.9978151935576078,1.3455050027566422,-0.0744218731196239,0.919180504857183,-0.29033206383791677,3
0.8127641281626206,0.1837672645207824,0.27804673076477465,0.2392827884784544,0.7530686665591981,0.912619151010803,0.7295962312990667,0.5819977196258436,0.7995579105366297,0.06361172842075216,2
0.901295393393161,0.9044255706000469,0.11282359417620212,0.7609281355444993,0.5533914485459561,0.33336675978103386,0.9034376491870275,0.03504432323361646,0.29645461322458516,0.31330454663238433,2
0.1539992309752205,0.6515044777687631,-0.05848921197327983,0.10037478654791288,0.6458875398807442,0.5002025302380716,0.337793570989389,0.27159654300874747,-0.007991178309593588,0.37428272450382105,0
0.6493964426324725,0.508919203898651,0.5851447065062558,0.6878172585516124,0.056466770092127826,0.49990759539903123,0.7456214909706248,0.5323095928707434,0.5472088129471926,0.09465944715925488,0
1.0505025089947853,0.9492112708766851,0.8014890805692892,1.0383362022019282,0.5065724210491367,0.23113345652627681,0.673262664681119,0.36669467672899125,0.9457488658622846,0.388350828761615,2
0.653780812961152,0.013359630250629785,0.08365640434553608,0.8709491588179772,0.9400687835262547,0.13292899407648254,0.023033432900573945,0.5706171364726729,0.6853397943108888,0.4190153947533814,3
0.11555117469543293,0.6226205951626548,0.09863207324040205,0.10733547637827373,0.8230690568621876,0.28712787175565596,0.4461622195961859,0.46363377258661975,0.035434093729427046,0.4723650761264428,0
0.19924725319535017,0.3840387942040817,0.1502930440381916,0.6202677705511098,0.812297615758236,0.6619610152965136,0.6187671374356495,0.37600351961958584,0.09852545586917655,0.10575682872191938,0
0.1622541238478903,0.532003056042407,0.0886762184234734,0.7588488331612583,0.7212827763102152,0.6011366201293216,0.540578559462241,0.5591817898797056,0.7584775056303539,0.5466264145423035,0
0.22616548304190917,0.38735583259606166,0.7285196844335405,0.7113089506236148,0.5803212058218754,0.7212453934219807,0.7957527515005092,0.5372261575564957,0.749104300207006,0.3536282009363723,0
0.40386242107032844,0.9103452049351917,0.6550098668664829,0.35753535221284466,0.22250109533907866,0.8241157042344877,0.6116912918765396,0.3777982657734858,0.36551913560673066,0.4286475763699059,3
0.4047281634217643,0.8135315109803557,0.0509633342941927,0.306085800871286,0.6710231375549757,0.19639921598415894,0.8611161978527734,0.3203095466573241,0.6857179808329015,0.6418594730566358,3
0.3854628809388455,0.11625948586999663,-0.06462103525927834,1.1440846339030335,0.6503189420054303,0.34634025849435385,0.15083862846556176,0.8109614197174808,0.48869712267551224,0.3514525814732776,3
-0.17448328531161283,-0.15922646044929467,-0.04839804783660745,0.6838941467454304,0.1870864044264266,0.5750978286640334,0.1538409370678102,-0.07490459528630666,0.5349399930908426,0.04574268372142931,3
0.6847273041114242,1.1170443298077666,0.9081989315347692,0.37315791545145766,0.06357054474717022,1.0642363044891074,0.17085880902029527,0.42905242470537325,0.7066603296947956,-0.07189770440892745,3
1.052909621778757,0.13851447355392982,0.5993771838891107,0.820558436344126,0.5798168073069481,0.734338733704387,0.15931348380733507,0.8449948495576635,0.7182340407975616,0.3365938294185278,2
0.37856077595575355,0.8108153564099797,0.020859313484794716,0.28982023304885646,0.6236515155751902,0.18385269886029562,0.8573115419848716,0.36797485696195853,0.7105690263604159,0.6177628129581696,3
0.7513320730232323,0.053182102217540925,0.7635489205433637,0.21578348616026524,0.06962469632316873,0.9335390998903595,0.19439168521834918,0.49395619413954694,0.21499280369527898,0.8878873094292563,3
0.011776500216080248,0.6133075401268622,0.8135677880760895,0.2264127321379372,0.7307352706015297,0.678573799768805,0.5319873855299807,0.0822983630696636,0.779336551117707,0.0179278066211234,0
0.5451391887087257,0.21870318428413604,0.4728640023010631,0.8355155162785661,0.43969669122170935,0.3816409532722882,0.4895402695204663,0.29703904184507063,-0.08743820776494196,0.46360674976066274,0
0.2505062549385734,1.3695244467655145,0.4827318203456285,0.645990912018445,0.14927595880235695,0.6656212934111113,-0.3254284177407992,0.729304344557445,0.3270230556055638,-0.0011089836323397995,3
0.85443497352343,0.3224297091057913,0.7012645960995927,0.056815248054990525,0.904058785294454,0.020901851558669853,0.8539681998413551,0.6369983718762466,0.24439825000074755,0.7702728281992861,2
0.9728601612014015,0.13088617095221453,0.5808979226524121,0.887286105690121,0.6621196970454772,0.810685056311864,0.23943108043790673,0.9175941865434841,0.6510730476445363,0.24163023148159066,2
0.9802423349223957,0.9295369471185284,0.04779821672708519,0.6610211905776183,0.70602176565494,0.46671656173246256,0.9124176268144514,0.05280846860208124,0.24835867547356816,0.19603464764486658,2
0.8659620451397149,0.3093292761819245,0.7120263435124387,0.039603881586188376,0.9004787145857668,0.027106599081144593,0.8646798042988455,0.649833304090753,0.21861697972208943,0.761893926510977,2
0.6638359865314644,0.48917534106729427,0.6230650462346274,0.7047105360101946,0.08204590564160048,0.48309995025807323,0.7326355664222043,0.5427253416089811,0.5285177486596162,0.07406749762714951,0
0.1926521168077463,0.2178985608792186,0.6314765730558722,0.0477568947104062,0.08858452514594886,0.07801191414691007,0.6536130007563608,-0.23492835131726544,0.9755156976280643,0.5864379736583524,0
0.061653155381279516,0.16330264847856943,0.5378862643339617,0.502902490786183,0.8860706236371366,0.33640219033042834,0.523497274106738,0.7427374241791783,0.39269315856915016,0.15553155060374282,3
0.5535738935741998,0.24895658654312286,0.35026070053008446,0.8409992686587462,0.31083199351772023,0.642994246491168,0.6861363032071837,0.6939723721104674,0.46103276796125,0.5826176107957315,2
0.5092370255984494,0.3990357278046312,1.5264329056700943,0.6356032064472068,0.8622091417164487,0.8295259756310279,0.8484029945099426,0.8127804134423213,0.5834789974702554,0.8464583430916071,3
0.8063701710589722,0.8227714059722565,0.7665760395278647,0.5412396197540902,0.8209496035993339,0.4792950394898188,0.6834073704933025,0.2268282996762901,0.9013117765071925,0.09301110282275407,2
0.9591076793438207,0.8609222203105017,1.190653263477482,0.975497925625662,0.321284410490578,0.5185626541554486,0.47674759482618456,0.10043494435395939,0.5795517611441573,0.26456375627510675,3
-0.016867088413158537,0.24836586014838935,1.0910463465678677,0.9652049160993927,0.229921264114524,0.06213071683814288,0.49682795970243104,0.7586085897689441,0.5415827954004445,0.5794825513968614,2
1.3028742699410183,-0.04845984061289277,0.9039650746311649,0.4096822835623797,0.9574412980222802,0.7428594497418917,-0.23457880927256092,1.1240107170722289,1.0728227875709075,0.46811753561687847,2
0.6213903223340503,-0.01881841444741414,0.7461805491492566,0.284700072460397,0.7725701251358652,-0.028235498863579678,0.048135479336633646,0.5339587394742047,0.44869708983892553,0.48381727511629885,1
0.9390055404679439,0.8131587585682514,0.7869545738644657,0.6412231149439248,0.015764229000017407,0.4276453467570387,0.09722595446286778,0.6203739519829563,0.0009236712432586398,0.5273535052565734,0
0.8232101010612343,0.9533084210962706,0.7226566671273396,0.6101543407289026,0.6793117332837286,0.19453944323307293,0.5715540635028624,0.6665117871466792,0.10920346775562537,0.7449615223018591,2
0.9105390116536942,-0.29647337636424453,0.5364028715168306,0.46502501779637095,0.9028109428984523,0.7289717322997794,0.2885988048643822,0.29108690172137863,0.8201513889651793,1.0199313289851024,2
0.8094908075933849,0.5976336815284815,0.7462207646938394,0.28828121679450175,0.5489476902874422,1.0158378496768155,0.24545734879626804,0.0637334261846364,0.22875469823625372,0.9392122406234112,2
0.45180761098946065,0.4016370109916312,0.24869878386242386,0.8691952182553695,-0.010573370725610515,0.24268344516774612,0.6306347830986755,0.28885064416538986,0.6890197359206057,0.13992362675809927,3
1.022781593385623,0.6848511237987512,0.3420722149632601,0.497393828120971,-0.13239080823429206,0.020807354724877842,0.7301440760042417,-0.13179295578110906,0.7145868426580939,0.7712073082374655,1
0.35321985598541095,0.47582731828528557,0.6272207162938521,-0.2261175989714706,0.83224994082398,0.2090821653677929,0.544426283170171,0.7327520654848859,0.09022079971943073,0.18624912446333358,1
0.5218413454205448,0.46107578842960134,0.5298947027165316,0.5440317745342005,0.4734441260129212,0.2935727159060955,0.8000766382987559,-0.04538262302205179,0.6855967706219495,1.026410954170099,1
-0.02569824046634879,0.7192837208956859,0.11142193011806908,0.2937338617428943,0.8888571170659144,0.46091152829639626,0.40453171048820724,0.35771324917004155,0.22652372198289383,0.33635108169176675,0
1.1399280176134257,0.701415040323583,0.6096216702500554,0.4451256349721582,0.21545073730894146,0.8915286536436409,0.31420551115045037,-0.22761040790691084,0.9055428400286409,0.7755119450835422,1
0.05038280350269375,0.15880878219499528,0.5298712908294885,0.4865217245333579,0.8789763362549103,0.3483088642200614,0.5191888500485665,0.7302514893850244,0.3990080115419325,0.147625823622248,3
1.000715307503444,0.4658165816167577,0.7427466485138711,0.3658339020770575,0.13076097187820984,0.865623445521062,0.4193655204816801,0.016130832914772943,0.6509177410994216,0.9998155939128419,1
0.8681395610346518,0.31329328380912275,0.7179899234565915,0.037234529074316056,0.8932598922526762,0.010240846293386532,0.8755135742611396,0.65914592688307,0.23032943112010684,0.7548075835267855,2
1.1057693768040728,0.5693997855654083,0.8900817816925227,0.4229495774269076,0.05555150030702277,0.8052316113508049,0.5551840328545977,-0.10126983478781812,0.7656548815888823,0.9836668184241152,1
0.4027397328648153,0.7716666182260584,0.11545544026324453,0.28973428742126384,0.7031280026224572,0.12563588674243462,0.826701185321183,0.39604029287814635,0.6561743421037626,0.5877115970775534,3
-0.4324655061703912,1.209061052527123,-0.18346408561040656,0.4215276097967724,0.9748964289490453,-0.35348854331701934,-0.11942997571431535,0.24276939213737314,0.13041261815816074,1.1510462794080898,1
0.821936348699091,0.8338832186683865,0.7670589786252912,0.7916274931395251,0.9164576167214008,0.2616197601470116,0.36024606390664643,0.8019824824010398,0.3274380856582353,0.6172272011230401,2
0.8799788215056071,0.9046067745480081,0.10468914885981553,0.7472649078440552,0.5826588299277213,0.3638601246816504,0.8777478674030569,0.037181427372559,0.262573677102304,0.27761506371638744,2
0.8292360635596546,0.8937240771965451,0.02570217290826264,0.8064193422674735,0.4728131727490508,0.2348390347712387,0.9149517174083822,0.10572075429734445,0.2555226725536507,0.23434021142666642,2
0.284235442568903,0.7014657263417471,0.829577053161053,-0.0187540257062759,0.7498431207259932,0.31522882272239783,0.6236875583828188,0.5692598074384162,0.08981704731023651,0.35223670933808837,1
0.05086488693933697,0.46220193323716924,0.30979109273675987,0.937399143790229,0.45945473478649584,0.7971211491025919,0.4900224534314659,0.8480576370467221,0.4367540196506688,0.622639255279078,0
0.706430647823598,-0.1035341196691934,0.8608031019306182,0.10762704427693132,-0.04281180934256609,1.1210594959101832,0.31802646208272145,0.573726199957721,0.17005462924556455,0.8359985226043447,3
0.642263132571605,0.4657636312904439,0.5969132975345988,0.6348498956842187,0.09152110823669062,0.5058765089895547,0.7400576722743023,0.4876799211976349,0.5695744496142824,0.043435343465018254,0
0.6709476588397251,0.47015403631839314,0.5678741192602169,0.669926486511852,0.051979242560925225,0.48924410232086213,0.7456308174652042,0.5450575170294034,0.5320158894437401,0.08360409305805536,0
1.3359364427208318,-0.2689744317588728,1.4070308881434974,0.993286291166867,-0.3979981559766518,1.4399470491397073,0.20302111378342447,-0.7357466186207039,-0.07136350611120268,0.15529216804633783,1
0.7307214553686396,-0.004961792131973786,0.6258161432214174,0.40370229711153716,0.2672443516984675,0.8412712154414659,0.189222172692486,0.36106249371970706,0.097969855541191,0.779135030166335,3
0.3140040512045336,0.4642815262295323,0.9826970651623892,0.6681086603294142,-0.023015326965275196,0.1894093815410502,0.8307780881526988,0.6666105014624291,0.3128279947077023,0.8636682168905058,2
0.12778050713285283,0.47443700091927843,0.2698539709851702,1.2300576444670255,0.3270682962636383,1.0465570475975021,0.3181682689816892,0.444366876172869,0.5443875676611313,0.3592121651051784,0
0.24011814374755153,1.1177712430886417,0.7920211174090549,0.6973393514759605,0.7856797037518221,0.14536162640430017,0.8288645271301527,0.26081734777253307,0.7424015226471758,0.6851840151255012,1
0.8916920304753031,-0.5487128110493883,-0.7093234129283947,0.2822482474862775,1.790531708231288,0.24623585173699186,0.38809886194598736,0.5475957432925248,0.6645331727835896,-0.07545666936902445,3
0.85742611117507,0.32812976356083345,0.720329767925838,0.052760416476911334,0.8695625652752482,0.00288109321152491,0.8782915101307622,0.6473472214776557,0.2162959819947123,0.7365395206989843,2
0.9266396110193061,0.03484662646480569,0.8262331285551032,0.40495424748652237,-0.022863675027527758,1.0249344926569244,0.3816991884418996,0.6226227675008948,0.20143684566134432,0.734438231098899,3
0.972258362339174,0.9985955557961933,0.6468730896813684,0.005961793342801608,0.09268571310663731,0.2141060387565674,0.029627778619554172,0.7536029041790342,0.984551928432596,0.6970349480437605,3
-0.00933334546557564,0.7430107252870618,0.15461571425574241,0.2026064824127796,0.941984746174793,0.30664969386198726,0.3471693021503416,0.29733230213643663,0.1834326078719377,0.502742415662307,0
0.4884509047477874,0.018756573676294526,0.69696280447449,-0.06459828222489805,-0.14651932680344235,1.0026459132949521,0.044275623334077696,0.41184577778217946,0.2769001531625311,0.6371210880807024,3
0.23007363129763375,0.6565815277250611,0.7948465466727647,-0.010039104743594755,0.7955612126809871,0.3846534428132597,0.6895086747867742,0.5936540555891725,0.08318104837633739,0.3151444969248152,1
0.4115284055780067,0.3882126265915324,-0.060260836300734866,0.8791156555318772,0.52984258248247,0.1910312238140228,0.8050650451308913,0.21575755160531201,-0.10887593884907307,0.6928884756263772,0
0.05397171000834154,0.15272440278288194,0.524961831403702,0.5017554343666067,0.8736755829787601,0.3385849436255092,0.506250959274918,0.7402076999803285,0.4053136840977403,0.15561736965043907,3
0.6613310341709449,0.1218897463978231,0.8081656195576415,0.2143177397633061,0.09667172409349274,0.8787421841727703,0.25135267108119197,0.5751757473960808,0.2152745850078987,0.819871834754506,3
0.9683891208742894,0.1326862596510454,0.6162609612246137,0.8641252349663279,0.6573756359265932,0.7918018332975397,0.2347702338934372,0.9446575623623821,0.6704547812328335,0.20272791158276285,2
0.6634082637040002,0.48804349937704933,0.5910799548064665,0.6837718785357422,0.06432308332366865,0.5071303829367704,0.7364716270101076,0.530752340977795,0.5375930318105598,0.0785719586148145,0
0.05411038872419652,0.1639305433737989,0.5327443226134451,0.4941692306474201,0.870686865029492,0.3269139957976337,0.5017790651097233,0.7311274523985388,0.40805291302426416,0.16652579938062365,3
0.8858904094646275,0.2807123195458208,0.7198490617735624,0.03859037709067019,0.9246422841549178,0.005695438005650045,0.8794110570659076,0.6794260567436315,0.2076535701206886,0.7759450049220715,2
0.06414962007054627,0.1459579451780038,0.517258017260271,0.5056049229542183,0.8812075479308447,0.3485019003270613,0.5043841065379856,0.7371917043798251,0.39090876766606253,0.14372127962165257,3
0.4655726819560683,0.841637899025274,0.8607989947657423,0.5338156225616447,0.71292567851837,0.8741759229481968,0.5104528288970952,0.3770756781700642,0.7745205468609867,0.44199227143360503,2
0.8740475271669158,0.307622233716074,0.716390607685318,0.03435506834806046,0.8952357619399893,0.011430137145152503,0.8702126993528241,0.6625526426725176,0.22425016430040168,0.7549841792482535,2
0.20228346921516244,1.0102004926533006,0.9796920271031899,0.8032807857103949,0.9511034966746447,-0.027465768015678182,0.7371002880706939,0.4900834108567865,0.5950349002345263,0.7709116557812112,1
0.821546624018548,0.6183521800338911,0.373372481459045,0.7720278233706205,0.2283406085728678,0.0926915374135454,0.47634721229776567,0.14121155974050031,0.4461408959161065,0.7387408346614436,1
0.05065694196710212,0.1694213074871502,0.5053425994927221,0.4682828012039591,0.8753775583645337,0.3290721952796963,0.5092444421760733,0.763102344027914,0.40264835583754793,0.1538959581566132,3
-0.04446778609099539,0.6838964027918258,0.7833574978685607,0.4506045717200581,-0.02781787900830045,0.1374738211796901,0.43420537412718824,0.9518982570911232,0.7818685800921479,0.6201819800344718,2
0.8752156010372599,0.31411830777695615,0.7173064704376407,0.030068634568501798,0.8932510325466271,0.01768901506300818,0.872498509633826,0.6624865938359338,0.22331303222300752,0.7580605711640287,2
0.3249965863061959,0.8413947329160871,-0.02661735957474995,0.2940982285442809,0.6292022535683363,0.273562679266214,0.9383130011421112,0.24872411979997358,0.5971584803294087,0.6382615452337892,3
0.34415424691840046,0.28818560606578747,0.6831814335743274,0.5789060021423345,-0.3304479886551937,-0.017875710735095945,0.2096868511434844,1.1482173403536924,0.3779787156928269,0.7071521592990588,2
0.27844209837557626,0.6433168367626326,0.031768907491936615,0.20100801100127577,1.0414060225790527,0.5808805268410948,0.43946095413879727,0.22727933407202908,0.25304043464026404,0.35615651918070595,0
1.3535840438721598,-0.30785743508470764,1.0542401147349278,0.5307370635771761,0.5563368618591561,0.2458393273545932,0.44550168456090694,0.6357620447456045,0.8926851324174088,0.31872013281269695,1
0.6789504915767521,1.4538238071512686,1.0958686738588335,0.11979286870976502,0.5182851558672452,0.40541407563886456,0.6681088300747985,0.2042666054769613,0.4490714849224025,0.9310629924684755,3
0.7241640976767117,0.2626202091512844,0.9332256821966968,0.38777269677233656,0.7078595695887733,0.3729325568846746,0.32670812401306126,0.030154166975944623,0.5538199863416883,0.7828684778803464,3
0.7250017066067015,0.1600805165575403,0.5159471598512189,0.13252331814433893,0.3008605614861363,0.19249078726493582,0.7701353266727777,0.2145053617943905,0.6135922277974929,0.3771158043548996,0
0.5457212613275706,0.6919965018481219,0.5421864626076933,0.5935954887971993,0.865035997090013,0.6422462833341214,-0.010367251428096247,0.48988375647525595,0.5437131116694228,-0.172645818129183,1
0.7219165439330004,0.26152405744213936,0.9547380392567943,0.3716798887945643,0.7234428366325087,0.37503552457944594,0.35455776552493523,0.05001564342887199,0.5630782568298309,0.7864343033446848,3
0.34501822491293804,0.941995037459373,0.6658166048337576,0.2021336886159809,0.09745731744948151,0.8545292405420626,0.5003230501595186,0.4382631775522581,0.3351998223692548,0.44168717450568296,3
0.8931811138834115,0.03674237749685827,1.2371891895311262,0.920898485854396,0.25745705692903126,0.3873209766256205,0.5828667051434723,1.042148772220887,0.7976556334285618,0.006578837598080645,1
0.011434701829255088,0.09142639489220812,0.4880096655568838,0.3280882381412532,0.7517719379729354,0.471216234545187,0.024619461368832234,0.6446313346143606,1.0314345413662787,0.858054424044462,3
0.7884171870003255,0.2111817201610857,0.2906189312584456,0.28760466270267077,0.7811068563792803,0.8877920197376017,0.7316610913878435,0.5502986641683271,0.7780164799570766,0.10829138213110341,2
-0.040834419531611044,0.2741663603546954,0.1892657356758382,0.8847939285684905,0.37220755988741855,0.8679454235129196,0.6603411842897423,0.6182027215119993,0.672056490766249,0.7723062199357575,0
0.8921661898851675,0.952412797823699,0.12277098805111418,0.7489419825101683,0.5789156542449575,0.3213145994896192,0.9629030208718261,-0.05136172238655656,0.2515516515768991,0.34675641379622474,2
0.8475401782078041,-0.05881694052802203,0.8429747403773452,0.2630314305421302,0.5479158111464808,0.5763744760822322,0.14730447871061142,0.5009284963639051,0.20590134697770351,0.3977710025556446,1
0.7135514973994187,0.2576366635984312,0.9221232711498184,0.38175078900228426,0.6918700901978744,0.37124746059887315,0.33062020073311454,0.028756597640010796,0.5415246027115017,0.7881534849343699,3
0.6631659662890566,0.5103669905990753,0.5982956341005596,0.6636524193621754,0.07349566929883386,0.4877543478505068,0.7322818759800644,0.5435005714695946,0.5632531771582959,0.07852251408157847,0
0.9456519966126465,0.8319884758244811,0.541572104776074,0.5500438596509123,0.8954238436403913,0.21274048899113546,0.43279489792794384,-0.04426136628165918,0.965838694227055,-0.029790280574181573,2
0.793104123558488,0.759031324089145,0.7832159638580601,0.7171260657147938,0.8871862884619682,0.3016419775517821,0.36255203968963634,0.8703526260546854,0.27138679291186324,0.6575564247920866,2
0.3877378966774315,0.7827628653178431,-0.0205493688357353,0.5668385316019131,-0.3328867386519259,-0.08303797143858094,1.1421518187304476,0.39864659887714765,0.3431054976535624,-0.1523315054952732,3
0.43130511003300076,0.60511175919621,0.9111246183030003,0.05895010500777634,0.21558629474148516,0.6633802801517875,0.2446242607591576,0.4377466074410749,0.3161731654580786,0.3464205952708689,3
0.61225289595901,1.2338491778681189,0.2925887750556903,0.7657139298249166,0.6041194632818276,0.058691861570164205,0.11843330558326165,0.5662329618838405,1.0362305457645022,0.12220597930047464,2
0.6110258459931647,0.8686936695805765,0.6700902341370941,0.5451694688841661,0.20252666970038335,0.8943332358029195,0.28643839394760123,0.28158713079346454,0.5408359098600807,0.185549784856348,3
0.18592783206502903,0.6838454958250828,0.8204936987523267,-0.0126513803289404,0.8609009879223888,0.3571003026465023,0.6486114433755998,0.6384561495378626,0.1530433254867308,0.28515273730138335,1
0.5741766434528479,0.10078068617263336,0.8423413562605798,0.11291483908023636,0.20986799600575726,1.0233414132862242,0.26980706951896266,0.529518536573659,0.1247154405915662,0.8537658407912265,3
0.6732702566613653,0.34215146885716885,0.7260922740226082,0.3146867884673353,0.6625263555721252,0.11172841696382835,0.6738902586664455,0.6547252357076552,0.6826309754313732,0.029614080111310948,1
0.5534841404851062,0.5651819318699869,-0.01940193703801485,0.234510408934275,0.3621375543539166,-0.03870804953841511,0.7191710959442488,0.7732839979565836,0.3694167629498903,0.06391982896171008,3
0.04570037027099752,0.10966272928619752,0.4880537298452896,0.5394372043376523,0.8434796872167871,0.32664846956997673,0.4638803757454817,0.6890204243313512,0.40028906270431264,0.1220464637543341,3
0.6474148016004129,-0.07786653530605739,0.9445638059757295,0.20024479579846471,0.24506045418923478,0.04722095728468839,0.6015153140704191,0.42056834282593436,0.6766741754589921,0.6070997518759289,1
0.9752750382284433,0.14922620204579617,0.5809302230052059,0.857022628627074,0.6752313648576757,0.841366442621306,0.23829367655134692,0.9237700022015084,0.6488165969518551,0.2615490048354031,2
0.8501056293526983,0.6907154156018148,0.4301776309217623,0.7270189410488775,0.11057181313325459,-0.00035699676605126934,0.49904907435941714,0.16270411755937678,0.397051091601814,0.7427059260662314,1
1.099734400702232,0.3437348997813259,0.49229284936838985,0.855265581075615,0.8761252131952357,0.8875484020650909,0.07058813475929651,0.9870008569962294,0.4701738096290025,0.3563617882225442,2
-0.057269646294422216,1.0818887451348105,0.6331007709113042,0.7371295070352835,0.6903119905891724,0.340939778650992,0.9658560044152276,0.19262791739741125,0.9133591119529606,0.7441478951852418,1
0.8856414852443012,0.8955396879082067,0.6691327939326288,0.8439613633444474,0.8787676970110276,0.16643524136388538,0.418789315749728,0.7722705755837648,0.26657643246600904,0.671507880195323,2
0.2453782442663403,0.455419651736547,0.9633538784437228,0.6927789716225323,0.09191475537600396,0.13306143724514188,0.7081929868918397,0.6365447710725619,0.34065185300469686,0.8684576025865407,2
0.09937820329181725,0.3312863224798213,0.38082656784849234,0.9639586513195127,0.4689777939870182,0.8226072438143792,0.4468274244992614,0.7445592349584179,0.5701462221286212,0.6334757412968064,0
0.7245765271535398,1.2738881291877444,0.5435682767551677,0.5611315371830097,0.12247386262256002,0.7509949699480115,0.34237624444793646,0.06260948553911992,0.23292379895075882,0.3489350597604861,3
0.00044790901442796904,0.5126345431993843,0.17150015594475046,1.117991799882874,0.35420735771506207,0.8927357498888381,0.6591034023753806,0.8207348108690465,0.5723082795752843,0.6769781527256836,0
0.9378379065803928,0.15516845612301639,0.9471208800989687,0.33390730628848675,0.4252955052922718,0.3840854412939232,0.41923233199846743,0.5659792874681719,0.45233469499168677,0.3699011360560681,1
0.11586437036206945,0.11415571968286359,0.5517966334674594,0.43027536615702494,0.8015792530901014,0.3515662834636792,0.4629940699993894,0.7119572944278216,0.34802352547107085,0.13812397798581577,3
-0.3566420113783113,0.36406156298887987,0.25172436269549103,0.13864795256050289,0.5025207557133462,0.09138833935300517,-0.03754999929015518,0.3800938796116164,0.5757725489072426,0.6579875786853715,0
1.2740450251626088,0.7297498987447804,0.33901445776910566,0.30200456594661584,0.23764949600072266,1.2276827262767336,0.4612461793439998,-0.3361759659137528,0.7180136498450136,0.6281385272306724,1
0.6663858038538047,0.12285413932921364,0.5006645996743946,0.03827674831898345,0.752174886321043,0.3018876349195451,0.4098541732054761,0.1572478307356618,0.5327638901138141,0.3650584583709191,2
0.2555099456987962,-0.15282800459609927,-0.08622539611903898,0.9127483168830357,1.0403031025785139,0.40071477292997937,0.01242340481001477,0.7601694018947245,1.209419494869468,0.09060197017637439,3
0.7822810665493927,0.25852930067344015,1.3432569058114598,0.3049039831032774,0.44743658720056767,0.4911929757211503,0.8879752489160477,0.8304691010936229,0.7448931284592011,0.425869680679241,1
0.3655426282637972,0.41789983093996536,0.7057570462297891,0.8588462666391401,0.48449453105311063,0.6892049433917637,0.24467898510783662,0.516407785594639,0.5306885457426908,0.3672063493810664,0
0.6893227777315719,1.4113211935313492,0.4898129799764076,0.22464109028591023,0.7195827220575204,0.25680081233678964,0.0033834427523127264,0.6312534487570931,0.6030495450389393,0.010325987271794058,2
-0.06650376622181975,0.4595028583591209,0.6381237418389879,1.0022761379763527,-0.3393716830166525,0.20037498115906216,0.5147552652528937,0.5532958491725332,0.2131849530825521,0.700981221550201,2
0.7206043238293349,0.6166667916043159,0.7648709258698134,0.2383608209522844,0.2728294974441719,0.5222021085615521,1.1613862688412842,1.058057865644912,0.5480139531811787,1.0828084887074785,3
0.05461889453182264,0.9649581692391886,0.5560699914919407,0.4005453752001101,0.051154072057093186,0.6825508154384808,0.7864180206490778,0.08372456640628922,0.008127687052623345,0.8702531956397702,2
0.9878099873577463,0.7871456563693326,0.8080391026492004,0.644747353247571,0.054188805211269495,0.47016722854830967,0.1071301597316569,0.6825679131346025,0.017159426216593627,0.45254615324809117,0
-0.06744571246720105,0.2813471855686906,-0.12410167939646435,0.37257824288411034,0.8670468922663198,0.5152789424112406,0.6735712060712727,0.6495653311641183,0.11084916057227713,0.6632169026312826,0
0.5301166365047411,0.5737877815872455,0.7589611909196674,0.9926977380402925,-0.30862027254331875,0.25617187795142393,0.44265654870346954,0.6552080883338874,0.06022134599091722,0.9518844418846003,2
1.0003799511734448,0.903303972746063,0.6630259062963714,0.6482074946534303,0.8027736594991693,0.2701963968658309,0.5526393987153694,0.12714759322943098,0.9277194685354159,-0.01667681643539453,2
1.3901745230116829,0.07338239042314587,0.7490793313029682,0.18225739883040415,0.2902662155046365,0.5506002219437975,-0.03774300213708098,-0.1924425768346339,0.6225520436039998,0.4170216588885124,1
0.2884433301279223,0.32808843203809596,0.2925254780352353,0.5732702596967932,0.4040267822695446,0.37179288425655843,0.8214657200082534,0.10325492769801117,0.022512017538586775,0.45925294300003705,0
0.0674742631926202,0.5353409422965315,0.8903530241422378,-0.27082348521468536,0.6921356030789375,0.6088051646905991,0.5267875667857314,0.8069195572659418,0.35362791738237664,0.4940278671294899,1
0.680222767772098,0.5666113197570399,1.403310056875661,1.0593827014944515,-0.31890547228853444,0.25037410025469353,0.4833093566567531,0.49144232980976366,0.33507798398523597,0.8281727456678594,2
0.8482728002399944,0.3560059432309966,0.332446677302881,0.023796277051077924,0.6488458593318446,0.4041515048210615,0.3235501417057044,-0.0596151736014649,0.8415436299906149,-0.041141825336152016,2
1.2169779595083077,0.6621393035013281,0.5824573320691355,0.4800571093881804,-0.06633542625997962,1.0634313239981845,0.0662554383703039,-0.3954401798725894,0.338224425732949,0.3096158552286184,3
0.717814547241849,0.7693347179728957,0.18707496204659893,0.7940071739672597,0.4071083318247646,0.4853996144419088,0.8328356516421911,0.07477161118924817,0.23282029267630192,0.42056199894229296,2
0.15297958157751648,0.34644335573219737,0.3042616108059733,0.6705011592807559,0.03694183605130133,0.9390198418633288,0.512739412661911,0.6293643187755474,0.6108143646927053,0.6476118752202796,2
0.9911009544192977,0.9737494504095356,0.6574662931835693,0.008739168013596728,0.09378828461425644,0.2101902527445345,0.009523030189173921,0.7573685088645566,0.9852747943942237,0.7168533877761564,3
0.42565332313839954,0.6275672934060532,0.3183134246767627,0.8186592333629648,-0.013810653585753799,0.18098926524319486,0.8944907761718286,0.3214124308290551,0.7455519112904643,0.2836111536429552,3
0.8508754945431795,0.9659244884619468,0.1524163209875857,0.8190216606874217,0.5755517919909132,0.2962812978908898,0.8605782046863324,0.08139269517976844,0.2582820624227531,0.302970672770323,2
0.605805554466355,0.5548415517021479,0.3040847302015153,0.28600767345836464,0.8264172976518527,0.34241331752497095,0.3651791408869385,0.07284668074867828,0.23746794829679918,0.19799897234402947,2
0.38278432766020154,0.16454152329826227,0.2843218582845196,-0.1731732909062383,-0.0005437549848918422,0.0916860810162374,0.3151238245800666,0.000969378482527799,0.5088203712947303,0.3292868213319705,0
0.9932248913501573,0.15119653207057068,0.9597843072136457,0.29302838248902524,0.4034389814868285,0.37824506998238017,0.4555968325203501,0.6191944324698186,0.37926271440216475,0.31016404041247025,1
0.8173621427389884,0.6008318472811822,0.7765262326783321,0.36137013724822253,0.6192640487737622,0.9256268186739491,0.3070666114904888,0.1755559478740489,0.2000080496065358,0.8541736554668279,2
0.5851862708068274,0.562588100183165,0.7845500308619793,0.9907903466360088,0.0201181267065539,0.15410197987400417,0.012954374414980842,0.9359810203039867,0.1227148969771648,0.46672823952684367,1
0.6639760471257402,0.49969713692253087,0.5962718459315348,0.677997368871907,0.05497978802762038,0.5155381885814846,0.7518783013272873,0.5344877366447411,0.5461912017149753,0.08550479039847594,0
0.430674823977502,0.8098523432136424,0.03966117367909604,0.31196063404474,0.6661737806963259,0.1592781916125788,0.8749783244309415,0.3309470755212101,0.6724876040599831,0.6319043043240988,3
-0.1865280874233658,-0.09613499477065313,0.5518007193528783,1.699655073295701,0.49356303296745474,0.5225472761338935,0.724930299354985,0.8658578622752793,0.022257654293986184,1.5006824380179888,2
0.5338478232274684,0.2759404798705037,0.3867875047292432,0.034970999458791674,0.14566408642183737,0.16053417285841298,0.5429866651526977,-0.010798431837680169,0.6461811102554801,0.3800248370047596,0
0.9699697299962733,-0.07811794844001221,0.23131967196798361,0.018881730380419848,0.29589318103359097,-0.1291502613236153,-0.09771818877565092,0.1485703982784483,-0.2240356376024133,0.4231920146664744,3
0.37370200015607835,0.7154414526664361,0.05230392370629712,0.39240076483727226,0.6773284458479019,0.18607678104310568,0.8244291354672628,0.3179514082211316,0.6389610697245329,0.6008016889216932,3
0.9517572448690281,-0.0913128784818972,0.5725475186800456,1.0179737512873466,0.8469581333548764,0.9545846756831531,0.09798814749125598,1.0557036731153462,0.6181311031415251,0.4993629724982148,2
0.35723334588414035,0.7613162947947342,0.014122244273986527,0.25843980134014727,0.6323241837850238,0.17366949256236303,0.895679325960816,0.3068332563790529,0.7119585875163537,0.6854611936171215,3
0.7928394786999035,0.11855296292933545,0.7883943346672692,0.9853729246618991,-0.045591819125701316,1.1202261066965509,0.753556978824145,0.26050824543328427,0.03217775068788553,0.43690842109211203,2
0.24972708294479384,0.5614967847025364,1.4009357230349524,0.3554110601891441,-0.47236723823519045,0.5820952281868415,0.8276244219640336,-0.5368703605885362,0.4531005712766065,0.9732114732372446,1
-0.12646845886193941,0.8286200016795034,0.08200473442190315,0.9733580052561831,0.6620808148423645,0.16602724377030603,0.10840244483446625,0.9384066140796046,0.29243885376275625,0.7608322493409428,1
-0.136106415775762,0.31901242659820384,0.4679257676334107,1.2775317034706557,0.6242750794177907,0.2934559818587863,0.7186957108758526,0.3603507743315818,0.25605290815180703,-0.1434311581658007,3
1.2645240933086002,0.26135337644866935,1.4018601981642216,0.7564458520002493,-0.13719002265125166,0.5478089452208263,0.5403671753128556,1.000552496038747,0.03198467564898427,-0.12616008222546093,1
0.6409711555276281,0.14946383750972986,0.6922591870275637,0.09421622272231074,0.7433081006399836,0.37459942078023,0.5610076415397114,0.18992529926160495,0.5793533959279402,0.23683063954371741,2
0.41448809431291356,0.2655009734719726,0.15597220599149111,0.6548434308445551,0.5002510855065454,0.27262621237408985,0.8082771040555194,0.38707867398473617,0.060368825330775866,0.6320102233622835,0
1.1985993283966754,1.1232925815930166,0.696126809333454,0.345461966902464,0.008235571667512591,0.6926356070110684,0.10050627748889923,0.6570975780620004,-0.23310912608582973,0.08984066987341749,0
1.232683745816935,0.28943702554803075,0.7921915517205804,0.15697125731672895,0.18965148512934688,0.882028239530382,0.12838067364418215,0.2881415119746279,0.5676129786458648,0.7121153367703341,1
-0.455098267500208,-0.12043740167096295,1.1922397724209497,-0.0941349980415832,-0.3284912839928135,-0.47421632228692956,1.5768279064431145,-0.2370152378212539,0.5080936491338686,-0.004790428371528321,2
0.7108072279758041,0.25770648009594593,0.9218773630577495,0.37700271587414386,0.6921695277954282,0.3685076145826674,0.3320501221703349,0.025198629317489663,0.5431393916703113,0.7896898604548305,3
0.33722284414932974,0.8915247744122674,0.42666253254227227,0.8405458754509803,0.13507181103567015,0.7573919883305479,0.2632430164020452,0.10866585305539027,0.5221943308719263,0.2949218528551495,3
0.8711697996579243,0.30929246380688036,0.7240115503046787,0.04797861974067877,0.8888030129583882,0.032826693102154914,0.8741620594788347,0.6556752869932534,0.2150211185984983,0.7396445869435191,2
-0.23373392932260195,1.4052479615637328,0.7412250024792041,0.820366922161616,1.0639394181516173,-0.1697616948378153,-0.30628249753697917,0.763884732654346,0.6842083459296814,0.8926252269881838,1
0.306631825612378,0.27106809422113937,0.13971907513881374,0.6415184056351699,0.6621196868345468,0.34590182013335735,0.7691860236523125,0.3953919300954559,0.1817432586233382,0.7026057716704739,0
-0.0037576716350360695,0.2726510295084716,0.36863998640972157,0.900086260684044,0.3585843926526832,0.6531987624927424,0.37652722410264394,0.8106394705764401,0.6549370386381178,0.6962689618486422,0
0.709982522865777,0.2563447830370668,0.9241690578327986,0.378693072490968,0.6912753021513772,0.3717506489317788,0.33207287359235627,0.027827807492548158,0.5429097776935662,0.7885928677543061,3
0.42915260306898306,0.8741155043659549,0.09658743317163049,0.3504853381047235,0.6624411646787908,0.19917053311813968,0.8273628889823182,0.2855384701894463,0.6304500119788897,0.6334835921269755,3
1.0255982195498434,1.0438149360798277,0.6337339664227207,0.7889725645950728,0.8412757143401709,0.45640970401189657,0.49486084752902804,0.6251135259357004,0.48673067349583665,0.5475393291884274,2
0.9542721327183267,0.12464170248368431,0.9300857501561067,0.3079680663101506,0.41794222080258064,0.378252562344422,0.448903664462907,0.5770600119165581,0.4351347793727983,0.3649376465080501,1
0.34783240094942336,0.7986001189204454,0.9174189292716003,0.0910293412838039,0.8020717491171244,0.2690151079848121,0.718735219473614,0.6754359260443579,-0.014290870396602068,0.47372232333140823,1
0.7950768863424819,0.19960890290064018,0.30822098997718533,0.2759307869084544,0.7944743805117315,0.8942924500081135,0.7267047284932769,0.535838327208596,0.7850524448002866,0.09093201995336986,2
0.35490366294935927,0.20597534455479816,0.2968712022399596,1.4208129520820922,-0.017507161208594635,0.8910049538957727,0.9128142310189451,1.214785135574148,0.6057789654395319,0.805625062317709,0
0.6576022783294673,0.09187005912503485,0.23131486633795564,0.23011041183626896,0.16877718283626011,0.13772142894222278,0.44458831088148987,-0.035616804989760234,0.5358062091672459,0.4014641105472832,0
0.24918251704516356,0.4160186407321213,0.9521625692490057,0.7230406719516322,0.005433989874365981,0.17221220485861682,0.7714298242758053,0.620014205910091,0.3725306978650356,0.8024530206704383,2
0.49849249190427397,0.8601049995967727,0.1406799232853389,0.30948952599069324,0.5526356274404329,0.33886443952686274,0.9997670975003413,0.199314073717356,0.7815866463110596,0.7379453680511492,3
0.4148482057336043,0.6227103828361578,0.9734746888038331,0.4217058027957298,0.6122042720011887,0.7846043878003854,0.6999313789375599,0.5737528568736302,0.29472107332138564,0.08628990312807572,3
0.6503171007967216,0.4965456537061189,0.5813280640279015,0.6647212173561479,0.06236125706040065,0.48827644925880326,0.7548843296874853,0.5352558707371718,0.5376366963127505,0.09319015380907443,0
0.9800193956900233,0.9982605288109415,0.6348829738499251,0.0018252105775059795,0.08649537855981684,0.21674691198449805,0.025645553403568038,0.7444090874906018,0.9839143763671118,0.696480946624978,3
1.0929184989169924,0.6554156144166755,0.6856359894734563,0.488407732287605,-0.013786768127729082,0.3250279902529606,0.019703658709052954,0.6234542348698764,-0.021450585332286283,0.5955136346816075,0
0.597977558913054,0.04113879871936292,0.5593900360917311,0.18098195430978542,0.7094792425386481,0.3802140791510179,0.5892999583686235,0.18135862463278377,0.6672388972846091,0.2610712303252257,2
-0.035659341129434474,0.2927970141891273,-0.08323306218819615,0.7369561600812384,-0.1364758041592616,0.298140113702691,0.9100159973386015,0.4074877177644127,-0.08016514310621448,0.3555537667372237,3
0.694047609269165,0.20426024296192855,0.7687553994814068,0.27809219924530276,0.20637406475069137,0.9437694047021697,0.24923696651475258,0.5207699255246659,0.07749077030764491,0.857418847534417,3
0.7106233321668337,0.9521593732006978,0.8506446741779639,0.6313429002872282,0.2658912090679152,0.8940401589210474,0.24479283833415283,0.1412168720434726,0.576554610303991,0.06077622154412173,3
-0.2341170197950262,-0.07370943866110496,-0.014942844363658836,1.107110392447055,0.1925227243445653,0.9818570928007211,0.9203392226090809,0.5806919581787671,0.5711864674414989,0.49765354738646883,0
0.8210984930031199,0.6305717805827611,0.4256373787157208,0.7464329741618969,0.13147456204875535,0.0254213400667855,0.5176616207330984,0.21412899274220246,0.41813125566348547,0.6905754755339235,1
0.0138408724380273,0.6152740201858516,0.8163693728681453,0.22789665536263523,0.7310526984787197,0.6781421401817544,0.5333383768676162,0.08458796599890567,0.7783911270051806,0.018581024637925686,0
0.8029935485135726,0.8147748908910062,0.7584962144144617,0.7996848453639765,0.9086980265807505,0.25559724032130465,0.3721927468816582,0.8088538823822103,0.34261089099563663,0.618499454491441,2
0.3944394206722807,0.8318965608470136,0.040104069254230434,0.33547419844537635,0.6850099229973582,0.20815973181953779,0.9068260352136972,0.36282842826811934,0.6643325659229229,0.6487587351629577,3
0.9880744548779373,0.08722727440090955,0.6244851692957573,0.9361059594362507,0.6472980821607823,0.9349495766419663,0.3287926568563226,0.8726866123062194,0.7606395805829846,0.32431293357540014,2
0.3313486622545708,0.2576016003726193,0.7832783354476249,1.0203624628964842,-0.09968826693151378,0.4587872263798746,-0.25527600116409027,1.256147855587789,0.20852979463656307,0.7990561283595377,1
1.1064614099941414,0.8284794820007159,0.8132330089060827,0.7046675954495556,-0.06546560575372215,0.5408049989276549,0.2525588408793418,0.7627133208396051,0.048661429005467605,0.38560737912366616,0
0.5218471741656806,1.0717330843185144,0.2349314024430273,0.31574571364761633,0.9552925495723018,0.08433939551942396,0.9830830810691756,0.10571029889432512,0.7075004331465146,0.36440555047376716,3
0.4322081184319919,0.989509817545297,0.7298671589050314,0.17834041871199252,0.21064057706023637,0.8017257879201405,0.602305715912158,0.35871391914391093,0.29878327900014934,0.4943637941015859,3
0.7976200917134812,0.2134065274278605,0.2758679287547555,0.2676818602090785,0.8080590387501928,0.9157289291690809,0.7328642760657722,0.5660821145260372,0.772645161531656,0.06669574775112778,2
0.3323802575788469,0.8419784522472399,0.6549804328068085,0.24735517891781805,0.1755214082915409,0.850733722769115,0.5353235136070602,0.43327591773266405,0.3393004716150715,0.4343825344578377,3
0.6936868814135224,-0.025979804559020214,0.7680469815762693,0.2745471529613943,0.021268328213181434,1.0537973990448446,0.2700529998612515,0.49890145525754104,0.1465271236107092,0.886647802228689,3
0.7804062378547318,0.198454062268982,0.30272097859791336,0.2691915923567482,0.7932056950222192,0.9056359563177617,0.7189402440387033,0.5543800678624438,0.8014063544811685,0.09682948687828896,2
0.6709610678731073,0.4923893735488043,0.5873259693343555,0.6725037923249556,0.06383713147895037,0.5118154828391401,0.7431449143377905,0.5258010364359214,0.5582929543301984,0.06940014305199128,0
0.07202154233549937,0.15264013859831838,0.48788230395719184,0.4840721703321181,0.8702721688085089,0.28670082668387525,0.5905080550750897,0.7218344123365553,0.3339191975644288,0.08982332345401724,3
0.8489593443817103,0.30230118524532934,0.7069445165452789,0.04040213683177223,0.8693446260233255,-0.004695971773576835,0.8415659285510468,0.645907607689709,0.2256457135037738,0.7647627026346373,2
0.5729990879286447,0.7620401075703856,0.9869572716814567,0.443027923004282,0.6691101615226507,0.7525899046522875,0.5142717583708909,0.2852173922789898,0.7146797865112983,0.4698431308681966,2
0.7443696248098676,0.2538614099485058,0.9039027740814666,0.40748722786671715,0.6820282342394253,0.376839023020122,0.34688933862725596,0.0378228534977386,0.5356317749589306,0.7585716092929714,3
0.19996613628367713,0.572044106282826,0.197888291538054,0.16531444579567106,1.0027358215207935,0.5975006176750036,0.33259712321308404,0.4265112576142722,0.3027024505916478,0.5624181318813447,0
0.6433989110050112,0.1707119587662248,1.0922686898006613,0.4378285568151613,-0.25156888315728476,1.0746194269206568,0.6120266366244869,0.05934204659707175,1.0558527920059007,0.789322743323996,1
1.4347304612024459,0.5964791775332049,0.45753757792910543,0.32727788742534825,0.6192958683569498,0.07699614012007927,0.2829037953786526,-0.45458154466126144,0.6910385267268102,-0.10949687193613333,2
0.9790642286449018,1.536559348655162,0.6804182513811189,1.1048718731427418,1.3269589148865473,-0.4034462230724547,0.3016975804659814,0.06720865090973081,0.3469283527995265,-0.6396451785993227,2
0.5979728040712009,0.5652072908921933,0.3186623580154532,0.31151273571066174,0.8032450556370602,0.35249945829355833,0.37014482104609825,0.07804442048625082,0.25265490245642197,0.19183043273815537,2
0.41850076969676214,0.8206255724443238,0.10106790377884461,0.3375411712635089,0.6548560497387953,0.16086917296745057,0.829754753689005,0.289481331767615,0.6320969573330216,0.6043928692995191,3
0.998621437841817,0.0410982333950102,0.06202888157989411,0.9504278645850106,1.3986257710816568,-0.2731821369743302,-0.04242033264652653,0.18627854170715885,0.2619474930257044,0.7424390829416181,3
0.8039080054013714,0.5860552409308204,0.781021025757814,0.38002543905900676,0.639934244162096,0.9306746977134722,0.28822776916245324,0.15756911477844165,0.19690691676680955,0.8576234832741145,2
0.8885632871276724,0.004312742577747615,0.21050157077916581,0.44034918291955216,0.22300423259580793,0.19002046483672153,0.033572253216110695,0.05286208927526696,0.23836671018789102,0.8092437357692286,3
0.8311786339996267,0.601061176366363,0.7625878117163849,0.35037457945935346,0.6128531219772573,0.8988006717072328,0.26911188569792044,0.13540434836757426,0.2216307450590665,0.8520548574354601,2
0.7987693237953876,0.7737136648541771,0.7539953705135742,0.8468208833087782,0.844508066877543,0.29176194775119907,0.3252304867700882,0.752987907096401,0.2674149209532671,0.5755601015200789,2
1.354025473427098,0.17987480088132615,0.6105272782042925,0.19550969906081214,0.8498230056450257,0.44656427493806783,0.4698394714007789,0.46815926175105876,0.2496245899114659,0.3508135687634125,1
0.38304929240193,0.5922854222631162,0.0763436480552391,0.7258433144312552,0.24672524694600775,0.2060748411328635,0.8296418304222855,0.2741981193153563,0.6860242738074134,0.10703823210908311,3
0.1890511915312442,1.3991471920285035,0.5216634573883258,0.520060540950272,0.47210571323807976,1.3776622522177253,0.8155809019958979,0.45820608377643635,0.29460269265673805,0.20853640356478695,3
0.8201045175276349,0.8413990026796929,0.7700745767249618,0.7869280626885123,0.9141973143028832,0.25415640061068034,0.35290351901121164,0.8098422554345803,0.31906808582664886,0.6152338081736349,2
0.8625842119918518,0.30589484442583326,0.7268635596758751,0.017596267253862145,0.896364066587452,0.003069777956091648,0.8857403975596966,0.6630193459140075,0.2136916371765406,0.7630411507910342,2
0.8650725720439884,0.8872911416970504,0.09538840915257592,0.810544993088252,0.5379481785136042,0.3329206169133692,0.8931268216288233,0.051080153143958446,0.27620193380336455,0.3323778131623266,2
0.8560811970189317,0.3264332121738799,0.7108597877110405,0.03222408724146869,0.8940238072733933,0.0074257230151092354,0.8609142774607204,0.6644972338735773,0.23512213071033997,0.7566624572648137,2
0.4926156477423485,0.2123305426817814,0.9926906909111413,0.4355275713378563,0.6922198164476839,0.29250626258401513,0.3455019963479675,0.3999678975928083,0.7616722385570392,0.5568853268157492,3
0.8358872327878774,0.9697953383989906,0.7794309282283963,0.8625187152895429,1.0568667095876094,0.13331271351483842,0.20159196260859225,0.7494009760981799,0.37161377687617586,0.680154128956911,2
0.9437511616587766,0.6786880417398302,0.5463765711492042,0.4217220607171318,0.5618011899922395,0.37007216048649466,0.7089968119050125,0.32324844458014396,0.9707027111979645,0.09759410870019249,2
0.07970904489891052,0.3637034442735202,0.3747890685794532,0.9766606916781186,0.4824789273552101,0.7824340289052142,0.4441264446119606,0.7397637359334933,0.5292037528899108,0.6179319793741043,0
0.3766712857808421,0.8117063212041218,0.08430762255150889,0.3116366110725083,0.5961466189505067,0.19343704914672544,0.8860373265829188,0.3583694561039086,0.6528646014195777,0.6702228899079269,3
0.5079421162368468,0.8205227859023059,0.8795727532468363,0.4820930312129801,0.7627104087935758,0.8189583970487181,0.5374066803329238,0.36267556420171654,0.7372264141196279,0.4677255007237253,2
0.6112786600440423,0.558578530246375,0.2946066595212248,0.2908308210885772,0.8229269865890918,0.33429758427296263,0.3671470779924335,0.07847215175450196,0.24031245651303637,0.2047340063825373,2
0.4981071596901941,0.7808827912318772,-0.047143564730877524,0.4098668350432498,0.7180218150874272,0.15762265435224665,0.9416578940119795,0.3639367738240139,0.6036259757862674,0.5528471927488188,3
0.957697418122461,0.7390863209285007,0.21525738607010703,-0.09667093746466587,-0.17127834018657295,0.6301022820057698,0.19201103312403273,0.48719406471571997,0.28796262568321596,1.2304138955888586,1
0.06768748874043837,0.10690095109698261,0.5583259661643327,0.471562200308517,0.9131405231428474,0.3308063324234714,0.53668327575954,0.7243807925325452,0.36241511671884397,0.08477392658755996,3
0.7591857630697159,-0.11585700896240264,-0.018713511135109495,1.067993519857323,0.6655368616008284,0.25473404315292764,-0.04569969594473586,0.6297031957465815,0.9045429567921608,0.6449295176295381,3
0.15530173384172336,0.5925699626615033,1.1832829927618538,0.5637141967813889,0.03293839131644498,0.05519165938116473,0.5249944420658423,0.5624765346212696,0.5672549313827274,0.7616463991518652,2
-0.1125386559748783,0.6776474307544422,0.47472117598320446,1.212665577173249,0.5612188937788227,0.6736771948075333,0.11376080617805168,0.529545909154223,0.5494598013984311,0.506543605655197,0
1.0397238027609343,1.0704859597778822,0.5054471115559369,0.5252408036624819,0.8810483442149916,0.19218392195422207,0.40652012786558694,0.1520743524414705,0.9943167543369359,-0.060128921993616635,2
0.640403913090838,0.019146822316840985,0.08938705581951578,0.871445365488497,0.9318125326538197,0.12444089062688353,0.017911826906027783,0.5786366667862817,0.6898407918920517,0.4193893421379602,3
1.1318298084366738,0.7566873016261747,0.0945068763632714,0.716238948193981,0.3936019596622124,0.3708246488785133,1.009554260831959,0.0794700213403568,0.24298915716787733,0.2229020485766679,2
0.8145043998997614,0.6674836491409708,0.45907104326477,0.7336842443644551,0.16390672692858946,0.03485760830507102,0.5074273903666183,0.1871325212992633,0.39794695817351183,0.6963286470603463,1
0.43420261709084945,0.6867555061300264,0.8209129018105469,1.35860677462158,0.6050865508475249,0.369102804596954,0.6160643202805363,0.7972273201271787,0.9529154663283772,0.5048062931208963,0
0.8563498288252918,0.873572129432288,0.11668301281906604,0.7770374254905632,0.6099132746975297,0.365991515992256,0.8201071095039819,-0.008473416003057805,0.28577320742336776,0.2485855500752248,2
0.8946196807297521,0.03873823073601136,0.9727641233721704,0.38823630470347836,0.5077920382579271,0.31108485626543275,0.35850422848954366,0.554737065191096,0.4406362814911467,0.46068777388226867,1
0.5657244010727233,0.8097371295312273,0.8660988644701881,0.5154604835896249,0.6875710056891526,0.8877314829232781,0.5791415647412522,0.3548608385964961,0.7015282199306391,0.4425801881467566,2
0.936746632005834,0.8671409420120881,0.25496338247658135,1.0055666760529645,0.5843437125228099,0.2946129284469804,0.7230517844384932,0.2474747046205482,0.6886456405978156,0.7142394912060616,1
1.246616142229535,0.16046635041808754,0.8257530730019724,0.4308182595830297,0.04822997427472531,0.5990117789755134,0.7385244238240469,-0.2154049746498229,0.9760671060009566,0.803183095929451,1
0.8049843755014665,-0.021123023895377194,0.6798509570609308,0.23733571644419232,0.013499459150501839,0.7936388568281698,0.34618393309443973,0.5464941132425115,0.2706414532000634,0.7687718167811243,3
0.14117637555640578,0.8391080560594322,1.0675703054832038,-0.15054624833981062,1.002702832365327,0.35489375209616486,0.9448193774549318,0.3478480830623531,0.28387830720170437,0.3835715684931553,1
0.08443551235437669,1.0230652474927489,0.7636376823640969,0.6532828621725522,0.7285826078441888,0.11611400336250265,0.9254789906081071,0.4863291571220623,0.7326592090206205,0.5939521774562506,1
0.619660444268063,0.3134307374529004,0.1301934427569893,0.4279651621691577,0.04081588404971702,0.17409394460936356,0.8036232203806651,0.43775212827632853,0.45986044284880423,0.5961772868736526,3
0.6578070230771091,0.8209913510651383,0.3912799558378006,0.6949523577913788,0.29706174250920603,-0.07663931887055546,0.3040279945451049,0.21174281067557243,0.42073767894412567,0.9001808707367459,1
0.3027061429098976,0.37323610984835126,0.9410327776923495,0.6605569674235902,-0.01795729276119439,0.2016508769316644,0.8163727533379653,0.6036218071354382,0.41516711713381366,0.743121505525884,2
0.1664982109371022,0.3165635840600942,0.08460543057440414,0.5741336158947548,0.7387288486254908,0.41779413432341456,0.8656888800865495,0.13452042868155956,0.20049571757632936,0.6434183968061413,0
0.7344725094635918,0.28019453157453855,0.8622903471091667,0.4486624439873032,0.6232203788080997,0.3298315669888111,0.25206741205086153,0.03000652377526905,0.5657714898059928,0.736892796767745,3
0.6590643727108837,0.5027701572739424,0.6038146652828031,0.6871535234092362,0.06309572980221233,0.5085958894345931,0.7502579506165364,0.5388476800434686,0.5449781512207622,0.07937336969938599,0
0.32902819868815,0.7031212367506252,1.069442543546,0.7445693509385733,-0.08685274391967672,-0.010080867453460901,0.918554209820635,0.761178036179119,0.21981134382455192,0.9526642294128416,2
0.9864189164224979,0.11555134844193386,0.5911739137768921,0.8974466027806473,0.6731247552552081,0.8396913265653757,0.23901042751346196,0.908984253304733,0.640890640874991,0.2656244593726922,2
0.4747789143055895,0.580382245680028,0.43357419230518357,1.0421791377370848,0.2800604452742067,-0.09847529866263335,0.7019496647504344,0.17793988349468554,0.06736597754624207,0.4456186980931537,1
0.6214917361518002,0.17545742691913516,0.6739869594781345,0.2107524395174221,0.6928722776977606,0.3693661019790372,0.44437629109419097,0.2959839189152853,0.5851930574701935,0.16087763537126984,2
0.34824539923168213,0.5072665050386826,0.4287737105016213,0.3177535667216166,0.07217558662387757,0.6172379681161141,0.1441196629574805,1.0751560173777983,-0.01684061690749819,0.3370419550279287,2
0.9740946040954498,0.995785279657926,0.6371644404226882,0.01536300168098491,0.09695370167435696,0.2227462143089719,0.025664529410522857,0.7622036737508936,0.9889420772756216,0.6912587051414176,3
0.781555921087729,0.18098487738379082,0.309823141404005,0.26964808855745565,0.7954888663340426,0.891273892215439,0.7127150879252494,0.5327589280973045,0.788772211572804,0.09178742935069889,2
0.5189531520605394,-0.29837203067888685,-0.04725668918361306,0.8275723709520348,0.7754996969692158,-0.06983463535740703,0.06504122118492733,0.7851877818699262,0.5290474920428382,0.4129750873815078,3
0.6561574907798626,1.0887938743317602,0.7134805260542054,0.61553908922615,0.228248177509126,0.7796692350419234,0.2918341068758046,0.13388406212613435,0.472974995085674,0.12710011932754867,3
0.04355507188287414,0.4648430366940699,0.39021966026501825,0.06046919715992488,1.1180994499409027,0.7182053022245853,0.546399097771445,0.32472338624160213,0.027053247296595306,0.35135838382198864,0
0.07057346373933751,0.9850162058528049,0.701567249891962,0.5334022942942278,0.8598390845487623,0.15420712113126556,0.9386217890554164,0.33047844278116134,0.66779963832921,0.7456931839339256,1
0.9256073546202015,0.006114995719591607,0.25046983109837156,0.4840300521996459,0.18522248304530817,0.19096930980080823,0.04451203306722736,0.024051252941105387,0.2830014229118604,0.8405273994471815,3
0.42886543336175675,0.7700296063961217,0.9081831985224381,0.42454547938882375,0.7526095495019126,0.8597370949346934,0.47120894643946865,0.2873827496282032,0.7155941121440427,0.5219540289195687,2
0.6849945746165595,0.8163916307578212,0.4471524326336506,0.4742172113822206,0.013792651732679934,0.23514394103061437,0.906136007432771,0.03830194016467908,0.8934897063977609,0.36505105834069523,3
-0.2931027364227598,0.24370380428150054,0.5249361968438322,0.9951466864941956,0.19108913241154468,0.6986467338003314,0.9426188916649085,0.6810709055969568,1.1427613870189322,0.3869437604108029,2
0.14371578284735007,0.9903867806495681,0.71059343270997,0.5239412436990657,0.8499426420280687,0.23458949574613283,0.9503688760535552,0.38331006748455154,0.6733727416206181,0.6536388308066536,1
-0.4200506104569349,0.2672816511490598,0.5889667543870398,-0.7587439236088354,0.16187582648896826,1.5379483993484282,0.5366686566312047,0.5942318174114491,1.004255227129871,0.6586737658055738,3
-0.21506808863714422,0.7665230471439255,0.5859579771171205,0.279367302545908,0.4120189806648992,-0.07807515795390557,0.9735466554440864,0.634094415794774,0.5176585605949273,1.0335477824272599,2
0.6727610307544719,0.4984753896689497,0.022356206447885885,0.6143270925953581,0.23877423487751823,0.3718350355699352,0.6372939141085094,0.6333370766589547,0.9461692507369348,-0.020428009681400905,3
1.0137389917563862,0.9895778514380856,0.09868702683119268,0.784834773409678,0.36015735048697095,0.08328622579946995,0.7976622644271094,0.04987384273522377,0.18762380751493654,0.3502225246788202,2
0.7273611118286452,0.24866745258524606,0.8723132205430307,0.39962531733781487,0.7396574046576312,0.4226271462926009,0.309041566943026,0.0011044477380051168,0.501630969509097,0.7895106041409558,3
0.3149444550937225,0.8886184389832573,0.6339757859404596,0.2722265206045052,0.15218774459629564,0.8267268991911073,0.5694468955909465,0.45428121572064145,0.3735577653624741,0.41059073968031184,3
0.8707754273071872,1.2189048024692772,1.0474645593462513,0.33503885522788157,0.006267232534857482,0.45486654516115455,-0.003131948214502661,0.5995983466301273,0.11380387424835,0.5882218944728085,0
0.973060944921031,0.8225245615727158,0.7127778894859476,0.6238425352731107,0.061635217922307216,0.43249929506304446,0.20885733083478292,0.7879876910226067,-0.022907682683757126,0.5128939009070012,0
0.8364177329428707,0.9767238835069046,0.1981305562380874,0.8377962887381569,0.6161264720098553,0.37586369497234984,0.9751141535782923,0.018872894246387058,0.3745234990586871,0.2499238601686921,2
0.3544503591879347,0.3316266392869275,1.0649536384497904,0.5891865329780746,0.8532065590747427,0.3987245093135158,0.15152100480188663,0.3062108759977799,0.6733860092895746,0.748922654060236,3
0.09504087200260897,0.37471278778686434,0.3345399563558189,0.9973294576002825,0.4919091694607688,0.8056514001877406,0.44378825990416004,0.7427981389796381,0.5391041176432257,0.6580263176239863,0
0.4312296081638133,0.8562859894607159,0.02271995699846059,0.3092002241555779,0.6199260251523705,0.1862123050031966,0.8500057041929533,0.38916566778884765,0.6353619399377045,0.6597904865810146,3
0.9470723099261955,0.9014162493393973,-0.08970452502071008,0.6660183393123172,0.6224547200932323,0.5684135947085152,0.8896187845792789,-0.029495752391774516,0.0723858461681251,0.3222429128360588,2
0.8482628761434642,-0.0447835596327269,0.586079172360146,0.1059103549040687,0.08393365546251982,0.8704060567836223,0.15225577118965847,0.5086654216715103,0.3298790646118043,0.963176452433212,3
-0.023279901358907965,1.0268748561396015,0.2702785596286592,0.7353788523516834,0.8607622637567779,-0.06550131009973656,0.16678135740130318,0.6935157351451777,0.3363555334827833,0.987001031399212,1
0.49735064489114594,0.8911858147815451,0.966727628365096,0.36242094290077137,0.7152892959664554,0.8439140406552119,0.5177893839681494,0.4343840591888989,0.705581066977633,0.4539830855275905,2
0.8612702766372506,0.3077193283327416,0.6893257474726779,0.009233915329331589,0.9241482268976583,0.037354339095420366,0.9063762316133264,0.6423832187882346,0.26148023292710304,0.7460106080631144,2
0.4016509551886972,0.8653988487831726,0.8329574874122554,0.521859435949435,0.7196794469455561,0.7708280326040327,0.4327240514524438,0.3564550829584879,0.8124815922917024,0.3846964169767575,2
0.5438851949670128,0.5884607126756685,0.22372321140537618,0.6790582744998298,0.08091679799066072,0.3298286520831559,0.7656216448752265,0.4041338051875251,0.7498520504507041,0.265082806220194,3
0.012888164846280737,0.6136271889913315,0.8144193003856091,0.226914449656918,0.730288342301337,0.6788917083574033,0.531554791143227,0.08199382280593741,0.7787646869549908,0.018466428284391,0
0.5845487445768818,0.21635248909205562,0.3314957738281356,0.7979448602041603,-0.16648561425935282,-0.016220870584730734,-0.012539873355979725,0.36404995414096175,0.39311347662112356,0.9673783132525946,3
0.986618881575311,0.9879299491500361,0.6058807878973724,0.6309760034510049,0.7740031649205775,0.2483080524290279,0.49702268573218533,0.05800904363596691,0.9349862299104674,0.0284450830988015,2
0.3027518839949608,0.8931085814827592,0.6227677602945821,0.2799555521379507,0.09535106955368056,0.8452125514752689,0.5507298278136878,0.4082086185689872,0.4043401138194943,0.46575211621468604,3
0.6729617186877456,0.246191260068037,0.8374663360725444,0.43147902617660755,0.038427395073259124,1.1262720102691015,0.09701520793890027,0.37748434377825124,0.029324800626442882,0.7995633081082609,3
0.9596280220949088,0.9871473225407714,0.6398883361929599,0.014892984654185886,0.0831403875090412,0.21386835234165064,0.02873594211687379,0.7416891244119628,0.9850767444567918,0.6896838090175048,3
0.9345799331566901,0.08335301672791479,0.3516012966151001,0.5425266332916603,0.12788645078940342,0.04738399587685645,-0.07110530203206938,0.1305889412772641,0.19183305103528128,0.7363450589538452,3
0.07945270930181614,0.9949853104200649,0.3689472663242179,0.8462003453058488,0.8056191383948054,0.12470512587912061,-0.04337767154985388,0.5961414175171805,0.17646782860315618,1.0341028957446932,1
0.6079944282635525,-0.21924688542273968,0.9413504400726722,0.6177606980465774,0.030351384831487305,0.07219410729850462,0.5633817940483927,0.5736500407291728,0.9192477865489533,0.0414297661072312,1
0.9474725309444277,0.955760442661861,0.13708453365879172,0.8299305486269717,0.512742818678049,0.3720272916015268,0.9143633405511135,0.0393578479437888,0.30888855839724666,0.37700811260555644,2
0.7188851529485296,0.28692093279833875,0.5643283621855311,-0.029095889384795875,0.34069107022503464,0.18643522026071438,0.5319277135012555,-0.04058490435045639,0.6961659100501032,0.3886479828658914,0
0.6225061110101677,0.5577501759440677,0.15007704629302823,0.7212778881364282,0.1893747390437096,0.24964120698848172,0.8326577459030108,0.410206569059127,0.5645672424836774,0.10672415234105181,3
0.8040931292607116,0.5893283429442335,0.7927509164293085,0.3858900101012101,0.6269120523936454,0.9563589627823949,0.30186003395229916,0.15132842150240722,0.18120695044360077,0.839997171094414,2
0.6465482648409748,0.4867844716856192,0.605353336614887,0.6588740867409814,0.04667065088911214,0.49506550721486037,0.7615911858687285,0.535305313068449,0.5751247988512562,0.10231318082418336,0
-0.0681265278307891,1.2160118228837948,1.003711253669538,0.011295356357051756,0.4011828793134921,0.4917462456467517,0.11181511599232846,0.2771869671364203,0.07162499750742762,0.05759112462491628,3
1.0049621417520898,0.48470274187951895,0.7459607809000146,0.38033760218073076,0.1169225048717454,0.8728865475001912,0.42527621247554714,0.012127994685333796,0.6648771487562717,0.9951027104224108,1
0.4968673057677521,0.8147278937744177,0.8935367624584692,0.48194825141715747,0.7917225394659311,0.8224757539457103,0.5430917344746347,0.38877668028798146,0.784331437066102,0.4751471215925336,2
0.4243805666731516,0.8203846758673959,0.06316634879090852,0.29708533893339173,0.6104136851810645,0.18203558042774248,0.8821693053874381,0.3934720008623257,0.6250217913669364,0.5926719211942573,3
0.9908401414661415,0.999835063216928,0.6294259420479522,0.010235528928937494,0.07339264832899337,0.21585632735105967,0.03968902244964336,0.775710274134331,0.9784343332232257,0.684263056379167,3
0.8027197534206474,0.5887210500063478,0.7728295928919217,0.3952666731996215,0.6402946761331708,0.9377156268372315,0.29186595395158244,0.13978430087253343,0.21236194089444027,0.8718610757785854,2
-0.5658774581902692,-0.7995209645200131,-0.08033097495871822,0.3061729171254203,1.0894023590131363,0.40324070471563195,1.0761526186418613,0.39557817992441613,0.07781656033750106,1.2032495112722028,1
0.014500198146967524,-0.05193403579844644,0.59786912573079,0.12398430876776617,0.6640908149272373,0.3929401100562359,-0.12993320202412403,0.7525776643463754,0.9882536977118904,0.6479776258374517,3
0.495304543041427,0.8075244698907749,0.8812532350171047,0.47044254171617156,0.7711166476105928,0.8367473965638381,0.5462497013074976,0.37522615219618466,0.7423466507619906,0.45443746113467265,2
0.9754499659629616,0.9983159579713605,0.6489276402068047,0.006653671781507843,0.09328637232336937,0.21308437925440304,0.028432495792068867,0.7535067567203079,0.9837769483903802,0.6944218185259613,3
0.6982399581811146,0.2572832277877485,0.9323145234446718,0.3635888775305779,0.6855377776011542,0.37120909160591076,0.34243896707948324,0.03664059463289095,0.525856602579173,0.8007979838751872,3
0.93758355864986,0.15151182587638387,0.9729282463322987,0.40999132389806836,0.3715550817958331,0.35555226011008434,0.4854073971926036,0.4579467521730178,0.35506051551759077,0.28121901729667975,1
0.43318900988620146,0.8413708746935488,0.031559851116503154,0.31117146142289376,0.6738675666758915,0.17571532031885087,0.9033634326673331,0.3217013594866888,0.679341673647756,0.633410096421845,3
0.4945446905911439,0.7149924812383893,0.0807110621905225,0.3862398869233008,0.7456035204440462,0.2548088992839683,0.762614414066838,0.3344795252208243,0.661592228318193,0.6571008002012179,3
0.5503281334868905,0.6785624873150358,0.6958101600973926,0.39615769899671205,0.45691343211046487,0.6519870258934636,0.7347673244921477,0.2184088741435426,0.646136515139327,-0.12029861149952087,3
0.9059030201139207,0.3390118936082627,0.7030759320362946,0.042023886872374724,0.8751916633468532,0.047210838903719486,0.8771311026257158,0.6862808846405919,0.21110999392469007,0.7443804680724417,2
0.8126845004773721,0.595676748733199,0.7780263584825119,0.3709324567307213,0.6394131877040985,0.9341365727592255,0.27388412338626744,0.1673122564660078,0.20866268770819463,0.845932596201699,2
0.05023996474478138,0.9239639073380898,0.29806742707955314,0.879940923588954,0.737622842408995,0.05485979412562494,0.05411290335474221,0.7374872340720631,0.23977652686962803,0.9786887021401008,1
0.2367998304964593,0.34671719643778903,0.3256541056551813,-0.10744088830444787,0.7403916031566411,0.5093549798290684,-0.06252961237054236,0.29815922715317367,0.11792024979720891,-0.015326166534198216,2
0.22627390384938295,0.4147235481473456,0.3641805632382264,0.9331132395648768,0.30170052121483815,0.37437022613352916,0.708523187051737,0.47134188900059565,0.6967679263414204,0.3883306236113064,3
0.8193114610544378,0.8444869747105328,0.41146406856225937,0.679830149149419,0.21155624837873563,-0.1366077886416487,0.3249560620158372,0.2155314262318362,0.42199260023253643,0.8270822185427528,1
0.946227283759003,0.8456406279065564,0.10744269818197702,0.7523630968203221,0.625401754955892,0.28612284500299867,0.968928567609312,0.06454986923303191,0.36997931365353837,0.3496757662820858,2
0.8122637811639782,0.5999319368308165,0.7951611726862408,0.3677468935332338,0.6396580219897311,0.9426472524981981,0.29541506100404763,0.14639890171311815,0.19315083834155566,0.8741735057265707,2
0.428438770384094,0.31667654397177336,0.5527306010442441,0.6381280216721574,0.2614444302429344,0.7340336802347568,0.8192916601556905,0.6094963805122898,0.45159900650636775,0.7223178099024606,2
0.8062405647181758,0.5970846322703304,0.8250795841586793,0.30120315791268293,0.7299299637367128,0.8553273410465324,0.36938543676384994,0.248271842443618,0.2945492533488436,0.9049693719753936,2
0.06777656059952708,0.2165606120712491,0.5073599706384,0.4196070918923315,0.6690244325512885,0.29818187219800785,-0.02416457633059537,0.762085534484777,0.8116441127873377,0.7882711671144046,3
0.4961684172555372,0.28032816692704005,0.32423344570280105,0.11520272835418621,0.1904370026443983,0.10753664646489275,0.5850450605511586,-0.025198784058147957,0.7035445559855614,0.3449343981675416,0
0.6388575297661729,0.19380425555915132,0.8418905351743602,0.4102508599742946,-0.04227361499453708,1.0000156224698888,0.35520322286292144,0.3275423177017788,0.010724552841425622,0.9221176845191594,3
0.3725132893233904,0.27352754666092827,0.1801470306630043,0.7554786423875138,0.46005547972448496,0.22183926916398805,0.8493255691739136,0.4276712810688835,0.01270223511954912,0.6428373219984325,0
-0.021024165736220374,0.5618171137562312,0.13587860961629966,0.28426920580817017,0.8827012554680003,0.2966561261935719,0.4034127733101863,0.35122718376966816,0.2802600536529009,0.30751986997550296,0
0.7204038678090258,0.23893317494416114,0.921682321256766,0.381965648878953,0.7027340053435909,0.3522534261738408,0.33993323530574204,0.018311431979850454,0.5555637471004801,0.7785359461767888,3
0.6875011730839654,0.23340784292080616,0.9068512438918946,0.4028995861275126,0.6668836618308317,0.3575245583377193,0.3431887231386962,0.04899267714935279,0.5233020551257388,0.7669995340642114,3
-0.05333757786449077,0.08773163802599093,0.5862568219279414,0.14835827076430463,0.99109804448837,0.2544567782776747,0.1503083290992814,0.5591414689157812,0.98133634519062,0.940056477346833,3
0.15759080416353968,0.35098941129571004,0.42285485290077063,-0.004204954967179847,0.682948931013338,0.001014274406131619,0.6490075402174438,0.6402984091677049,0.5569640313829696,0.04774107016974896,3
0.7338885574766737,0.5703010418020498,0.7687957366857455,0.4142638908940049,0.6371539265507536,0.8740560972069744,0.28792090299270945,0.11516762956273058,0.22218893907298598,0.8152365972616412,2
0.058589460478062225,0.1534256271424541,0.5143668983130292,0.4901439392327779,0.8690875030528625,0.34819806050376595,0.514272148696071,0.7385259299582079,0.4037835015926244,0.162279382273571,3
-0.039572710773373654,0.8850125544742722,-0.03582581091473197,0.601314545700977,1.178213404170971,0.6639566421705783,0.45124714900542306,0.9246164977895517,0.8190515003317516,0.668949022558534,0
0.3731640653560031,0.20315924633736643,0.10037937019879123,0.672361704664051,0.5174358850892762,0.34341342135430536,0.801353743533236,0.3358883848078741,0.0524409358763213,0.607229019339539,0
1.0079623013645316,0.9695145924161207,0.841255918738133,0.9736384846335047,0.7579227138272648,0.11120949412399214,0.2316606265677237,0.7728522299739028,0.44027453295651997,0.4873836599660785,2
0.9628708019416313,1.0146573879987273,0.6299156760164112,-0.0035851105230340907,0.08502236954820493,0.229719432213295,0.04735645593051521,0.7365136029319083,0.9857251800686688,0.6892047650824674,3
0.7208921570564487,0.2529087452823338,0.9198651602487351,0.36174433170813225,0.6701758523234639,0.3749724353882526,0.3209825128683808,0.009677575385061855,0.5557707452503577,0.7941439772496628,3
0.12328387414641663,0.8237874140888417,0.44828364369580603,1.0258224431760068,1.1201499622237507,0.14427661407827336,0.5799183588963257,0.7486493113011409,1.001086597455375,0.5578896868882062,1
0.8189879091842147,0.8548681797139246,0.7262022220804024,0.836234605296444,0.9573559368644212,0.21922262533728692,0.3513123586993765,0.7856745526599472,0.32822389468342117,0.6418693963979364,2
0.5098591043528038,-0.12389916683233604,0.3792281978313382,0.4457922066726038,0.5938041448979221,0.7110366307773168,0.09288731619019708,1.3657155253096305,1.289455131938574,0.4908389792960828,2
0.3085508939238006,0.3813103654784342,0.1777418624620192,0.8683727111492983,0.4824973983175623,0.27246301587155924,0.8071664210218353,0.5595726772896928,0.2098849594052477,0.4327995819562386,0
0.8728497959990914,1.0715734441685487,0.5425182832551845,0.5219852544666248,0.871952878417076,0.13961988041583492,0.5396517379806962,-0.07527804166256288,0.8093156655635679,-0.09580108755730496,2
0.5424106919771713,0.7915931913769638,0.05238635559092989,0.42174244773626546,0.7742577088380175,0.21844865557172222,1.010940815155902,0.35065919339126644,0.8162476718924615,0.7006447096104098,3
0.6269352042853186,0.6983081426827848,1.017857454399216,0.32566650581605183,0.9359668446933356,0.7189608592053527,0.5079358465778893,0.22280896355646962,0.8413360944316411,0.3562693961570036,2
0.2705951251403781,0.7187256267314484,0.030830948690147048,0.2334715370559607,0.7380868594180388,0.043041157247056455,1.0265110699024338,0.20750544171463217,0.5275080781256183,0.6839109812358863,3
0.4823106319642201,0.8600507366526502,0.8333441187955527,0.4297744894266404,0.8007973755188986,0.8210693457474554,0.487364150108228,0.4092598124270786,0.703573356040661,0.4837627625211776,2
0.28428375421196483,0.44579086174272853,0.9042203261242836,0.7530871048468547,0.040651813372151444,0.20400391015660918,0.7358172596868001,0.6143921624926773,0.36402867201067596,0.8259881189304066,2
0.8195317100938145,0.045943306946904544,0.6595368834291493,0.5260269969038877,0.6840254772142975,0.6351809447151464,0.519817627308484,0.8386989183468314,0.38792261120445287,0.33359268743759446,1
0.11579135001836426,0.6627347948183046,0.9414407459512848,0.11140588006309922,0.8880275851139594,0.2942670695438917,0.6296804032859202,0.6441578902789037,0.11260047411532846,0.42180948444149824,1
0.8710368218736426,0.31471523622654907,0.7210659316530177,0.03798141579724254,0.8911964178218273,0.009019959212754884,0.8717226236597142,0.6678831608806968,0.2154138351761214,0.7501742028338443,2
0.8598887298186711,0.3314405067924401,0.7288794419980396,0.03741754783481771,0.8755217532137282,0.021245999397255542,0.8911862908124443,0.6745864835846049,0.2100036352820525,0.7506635372516806,2
0.4676469012346772,0.29022091264590133,1.0516649747607245,0.4640003383797649,0.7626359638239741,0.2555033375297646,0.23832621793555736,0.38338684749955565,0.8282055113668567,0.6580046510202869,3
0.5331513394712457,0.09644646415361391,1.04573726919227,0.3320757367349096,0.601169461857697,0.18936542197467715,0.27133454513206773,0.38805728889233254,0.8793322066565868,0.5182861459851675,3
0.943907078490355,0.6652731518496884,0.9401912260990148,0.7060491948095582,0.006313596678488513,0.5105290407334758,0.196845664213978,0.7762417437076985,0.1043638416455368,0.43733796961004423,0
0.45238852792090667,0.7942837572464695,0.08361089797434845,0.3502388520462166,0.6435047443977777,0.1347561971141965,0.8717931462009396,0.36766574218816417,0.6632568259920988,0.6546016076916472,3
0.8778877415592535,0.8910410365835596,0.13844752128742963,0.7948583047721844,0.5553280266801891,0.3393165837149643,0.8725221737394068,0.04725578419768742,0.2866235076124886,0.32267700561686286,2
0.586662837389196,0.46450832961900373,0.8288277168178763,0.2018875070176639,0.5675107948834598,-0.10199536463451092,0.43129382007456524,0.538472115128377,0.2860021925543552,0.8382060360962761,1
0.5413354444589472,0.4824896436484806,0.7970527438742702,1.6842498720895807,0.650659974680347,1.5849957839679696,0.12040575107282175,1.602629256369654,1.1144810648336474,0.5223533281938066,0
1.1701860027641686,0.3268384568750547,-0.4931351086188137,0.29304574968464925,1.3659118876668477,0.6683102006156778,-0.4104895494127676,0.24373311032186074,0.3270951786839017,0.5326179041591277,3
0.2022618036129349,0.4812312592573938,0.9655516171784198,0.6108341967836519,-0.08926586159062472,0.020294085772901288,0.8215127852560672,0.607581164793101,0.2052593531467039,0.754841653591327,2
0.7212228656896411,0.2739098115345504,0.8936148047835408,0.39904075546116863,0.712255838127189,0.39029656933772744,0.3362423696208951,0.027761082534266485,0.5499258230946419,0.8081409100463884,3
0.20272587577755544,0.9224537714572764,0.49911870336505165,0.06730231489176369,0.018384416236140178,0.5933620364479486,0.668231978061805,0.19652089303677728,0.6728136264790978,0.37007443167218096,3
0.1976304979145064,0.35994757768996244,0.9778336308515784,0.1447396252517725,0.6657802470658782,0.10292677500487324,0.43240699367231406,0.6146821816914868,0.18942587528178798,0.43745491930475666,1
0.32918438813635625,0.4567111547042594,0.6917601877415653,1.04705191104348,0.539543488893656,0.7321746102714664,0.47473905809352684,1.0288461324267426,0.5406536907167292,1.0785381580856455,2
0.705091231657037,0.2628806003800548,0.9284427333916001,0.37543594897839155,0.690853453392091,0.3824750200173521,0.3379196813827658,0.01744864635195665,0.535347985696621,0.7871706866466186,3
0.09667900836923282,0.6003558659717172,0.8601927710614614,1.0056919832717983,0.14210868331579884,0.8526291141622898,0.24067965158434312,1.176932710819718,0.8148110007622916,1.2638377836151755,2
1.2285816174223285,0.3822556998448824,0.48299562838618154,0.7273120681658622,0.04439428337818188,-0.2559246256114166,0.19004236517854772,0.0648697325243824,0.08513959131966262,0.6193817372059015,3
0.3169777749146358,0.7687377382911398,0.14307182260824802,0.3973465458662294,0.7578110236625097,0.7268964665118627,0.4616292501643597,0.11219888005687398,0.10759334548426243,0.546677584615317,0
0.060015655548522985,0.9245165146704186,0.30765210754415123,0.8700094189153241,0.7538944497206365,0.0789728391850507,0.048768369062623766,0.7376707224752405,0.22364706642359106,0.9788299858193581,1
0.4667156261877995,0.4454733000279209,0.08261087979735726,0.7785390151233521,0.025373534813408122,0.41920830781047214,0.8377059190464714,0.296673515757688,0.7134823780617177,0.10751960102980684,3
0.9231439976904785,0.7675219558660343,0.8012492585685167,0.3952484904408622,-0.17277978610440292,-0.032186090580549484,0.5812925458328781,0.46010423243929405,0.4106706635588008,0.4149243801675235,1
0.7131516237761005,0.2532281796979135,0.921311017714144,0.37790163795195797,0.692276832148186,0.370270075265236,0.33529107321462026,0.029721177651834556,0.5402034946885154,0.785845128126452,3
0.5045656717669784,0.5241838212950538,-0.11484353219438559,1.5263777438234234,0.5239949160852622,0.558465549102076,0.2052411034909546,0.5972218978193058,0.7816292859500885,0.6594058092013091,0
-0.08778863833031572,0.5283815346812497,0.271264183579916,0.27142154039682564,0.8105095419655849,0.4070360646492234,0.11952154246602656,0.3504571435120832,-0.039767672818009886,0.3839383952716513,0
-0.03316762170199131,0.022264221204048834,0.4270324858701063,0.33630927151549705,0.7326315274476202,0.3518895202281176,0.08024030667472155,0.757189933907716,0.9025617028896391,0.7186317110505995,3
0.1607927790793726,1.0297307784468799,0.7062845729274717,0.530130700123648,0.836359402707896,0.23007069655457987,0.9163949509920947,0.36951077367108026,0.6820116836242731,0.6684651849665227,1
0.2498488440404124,0.08937973122550877,0.2963905149659557,0.9136452022831744,0.08549682861107483,0.42357434702281116,0.5998342961882213,0.19233597891944781,0.3008073294732947,0.678809283414294,2
0.2947271699988564,0.8435134007444907,0.35775171537226347,1.005460400699909,0.32978640027505995,0.41986464468651385,0.746045599443539,0.24510231990529013,0.5890738357904022,0.5025554916959002,3
0.6431120795143892,0.06889135360012363,0.03401128378705385,0.8779354440320501,0.9048987661248442,0.08986887183115233,-0.0385688083428502,0.5390630638168042,0.6925327531811861,0.3648546111321307,3
0.121339295609732,0.71051464893347,0.31771134038423454,-0.05630862965245831,0.6172227004801807,0.6645594232709172,1.3253916082206214,1.364718205107983,-0.030866688215117843,-0.4405726029301954,2
-0.09676631283900805,0.07355469929768904,0.4069807755980841,-0.23976180467814967,0.5577788315832659,0.2591401365366165,0.48751276141645306,0.7678112608773809,0.8371834519600522,0.4991773386236,3
0.9934009979244699,0.8711337433672298,-0.010024033485623418,0.6870845124663958,0.6916317659919228,0.3707926473384901,0.851708587984487,0.1108805378553449,0.15397953921936863,0.3325491154892727,2
0.6909886838103197,0.4803999899029469,0.5625435819159492,0.7120646734990084,0.03286904699303567,0.5246250635029228,0.7379136267549034,0.5427085095807676,0.5402807898455052,0.05341341174301416,0
1.113334943923187,0.9059751695128943,0.31182428188747113,0.8901887843253397,0.3784642047468848,0.1715805642122526,0.8008203549841377,-0.11647070586302444,0.17644323389463823,0.3756437379401544,2
1.1399818530562564,0.15117337919112683,0.44833078276932187,0.701100956637127,0.7251119197959187,0.9146869695900876,0.049587573469515145,1.0175244379778121,0.5124606481780123,0.03210069513206004,2
0.3939131949966278,0.0480579959634882,0.041954019435061406,0.8010160819506101,0.6591895595216654,0.12688723796657847,0.8788611206322824,0.2844861219242219,0.24066027636057535,0.8164980390201282,0
0.5367712435164358,0.1473707268126918,1.314998905646863,1.0632674582734432,-0.15852738891519216,0.4540235482168936,0.5592086529055851,0.009132329176323895,0.3093559167364373,1.1275911463024462,2
0.7030770977604358,0.2622953669987064,0.9149373046570448,0.37948396713725513,0.6764813384561564,0.37654096276666443,0.3196246990951207,0.02908677160798972,0.5574817299479876,0.7897069636105332,3
0.9459660916106851,1.014654921973044,0.6687344119566472,-0.021934966665772933,0.12138090873154259,0.21472048220979773,0.036451675372726366,0.7235689859895211,0.9913019044660091,0.6910688062134938,3
0.3871733490050891,0.8104009332548342,0.04359858528636163,0.2905747277879556,0.6351209701585737,0.1987139024295891,0.9088649341165391,0.30950595416556026,0.691948964748214,0.6602045476807964,3
0.08670785309835566,-0.025052813226432075,0.6910357595321982,0.2694446493098327,-0.027719243183987455,0.4463876199224061,0.561350223079105,0.5279593581673794,0.5316761626599162,0.2500025973286733,0
0.4629249914926114,0.5366959248968877,0.31766143256506,0.9499305364075507,0.22597794307287367,-0.2815307828888717,-0.2710459352944852,0.20842076722585168,0.5462180270084025,0.8594081576150477,1
0.7031972797105615,0.9669141227379126,0.8076671414489021,0.6253986737884693,0.33229623433794386,0.8580856087958012,0.2141775500915617,0.19689435665548716,0.5644031505151605,0.08106820097290446,3
0.3230758430901541,0.5314552098235902,0.368708026738099,0.313142963876801,0.033356225783257615,0.49483951714386504,0.1568759405233597,0.996792042031497,0.08454973890665306,0.3652240250043041,2
0.5356380673372223,0.34376190626652153,0.38586279346094415,0.7976947821732354,0.23286193423852136,0.7820095740019087,0.8787147510106601,0.6830370411833703,0.48553057775641995,0.6735213685866179,2
-0.08115913512014009,0.5161355968881881,0.3877480948282467,1.107661479893794,0.36206855388835224,0.8646550553853791,0.31167788021532894,0.8726840113145895,0.4287887029545859,0.7516971540689852,0
-0.21088621344717456,0.15183626477153953,0.45622093859964274,0.842853174747655,0.6271397567313487,1.0319942107340472,0.29639398256588656,0.6001742646480497,0.411488991597171,0.40543904359537164,0
0.7171852032681807,0.48806781302024604,-0.13398494127769128,1.2839913275735602,0.7194526426849834,0.9003749169434658,0.5035134012926081,1.3333088827194164,0.5727009318070705,-0.3296937209309386,0
0.3117720526592542,0.883556577472494,0.6272084961916128,0.2585867829961389,0.14707208910355793,0.8434830352382549,0.5584443644401487,0.44733213316350806,0.3652816472566233,0.40794883031848744,3
0.7090620447276872,0.25900985282661193,0.9215184056337548,0.3773210976520821,0.6933604978903485,0.3689091568760151,0.33124918121620467,0.028019643752810734,0.5448839814615553,0.7864570335730674,3
0.6163653860598765,0.5450560180060519,0.2952283339922777,0.2934186332022095,0.8178296484300325,0.3520040651041236,0.3673105159099321,0.06479178845719728,0.22432631421041319,0.21432325607795558,2
0.9494648041710266,0.43990862895878996,0.7819185775845188,0.35021271505359486,0.0904752279222502,0.863016923380812,0.3881350911972316,-0.0444144226881571,0.6747300090924561,1.0276053239090426,1
0.9047499603236729,-0.045511532630824414,0.28424876623433243,0.8561495462852557,-0.0711367406280099,-0.18553651081243416,-0.05535109883433051,-0.1975365866702389,0.3174272466091129,0.8206648338311646,3
0.6439537000604675,0.29388572888916153,1.0632324833752838,1.2795930050250448,0.2764532300682061,0.39322415059559757,-0.16349622497084984,0.5501013199120706,0.44873550737756557,0.6910494208507577,1
0.8552822360907478,0.9205396771991674,0.14084250813799462,0.7563924617119746,0.5635808730354315,0.32759715426527375,0.9343319296261172,-0.01246406417210847,0.3390306332976471,0.32752202726184815,2
0.3537392882163577,0.9435155848980763,0.6573722301041193,0.15686006149847143,0.179559310514427,0.9402436391156608,0.6059753581445237,0.4574274929536297,0.34148118584942616,0.399810823673549,3
0.8068064318247445,0.14890179097918008,0.7942501014660701,0.12119572157969952,-0.01919065610706895,0.9183918748880171,0.05842639726805657,0.568142429903213,0.23239090702014073,0.7652711408736194,3
0.8220209218118573,0.8338463729862293,0.7670628154395346,0.7923611279214379,0.916551918959308,0.2620920342604494,0.36125209572249745,0.8018495648966592,0.3279768266115424,0.6163537848415681,2
0.9970373704828904,0.28375360593064947,0.2645056690395243,0.28934591213947924,0.01603969701141536,0.3595436394521003,0.21137116218107058,0.1525373576085975,0.4397652258085605,1.0419090656291263,3
0.04634615050354448,0.6972121647363996,0.032507426844767914,0.36534982067483246,0.8876938594214372,0.34817127299325606,0.4202649403096014,0.35742310158777785,0.1494557290726191,0.367417160496665,0
0.5383204686571395,-0.22033748676828674,0.008549700728948548,1.0939252570252331,0.8638762320541543,0.35845987832526305,0.26599939392080185,0.6688057020586572,0.5380065776983142,0.1689274012585902,3
0.5706217285602497,0.31273433477015566,0.7312512360154435,-0.08175259703016247,1.3028986729767595,0.36525820868975584,0.9569486965731125,1.3164822553608426,0.33058038622139707,0.6630898271679261,3
0.08602049952183262,0.5843591829255491,-0.04778622573965588,0.2518313145784869,0.9818318284516566,0.3670663186554753,0.3685767535569936,0.18859788204928704,0.4601036756449064,0.5670743098947879,0
0.8717645352244253,0.3374080031380533,0.7274532588032332,0.05400032811535165,0.8543398939502741,0.0028441466834762882,0.8494616385172323,0.6553304208306973,0.2668768267619938,0.7191698958474109,2
0.00781743345904639,0.937512190126425,0.3438298257900323,0.9130489347833817,0.7435111132024378,0.11752532682768199,-0.027205448469914045,0.7452566923248121,0.23198189591712032,0.9039249328895564,1
0.9722521493083468,0.7613539326911183,0.11925578609485743,0.7656440197401756,0.6822777207717832,0.3389611329542697,1.0242604750111923,0.035652438900036144,0.34533591756219817,0.2937808853457395,2
0.04089562107434502,0.1500996350920151,0.5086943998813654,0.4848226255991601,0.9004794016236203,0.34301434007310455,0.5102616268811995,0.7606007088981401,0.407754140049895,0.13958258843332286,3
0.7175559707728307,0.19234168638620786,0.9375038883965389,0.713803441004235,0.4708700759813521,0.08452349644914339,0.48738352447523625,0.23749846096626243,1.0679006363877364,0.8073173920132456,3
0.04105302823941729,0.899458114103295,0.3340668937311491,0.8258294307580725,0.7056906806587496,0.06778940892278884,0.046964553540934956,0.7045959209308889,0.28014833646464465,1.0214544763687348,1
1.1688457975374515,0.33905355242126695,0.7444455059339022,0.21242207222234044,0.572040653829105,0.3047858314517009,0.6538558588455727,0.39595444583530837,0.6381450298192646,0.3239241061439171,1
-0.08466076376635459,0.8222079820842542,0.4981954682272056,1.0732208804831502,1.0500726143405965,0.33426810231707715,0.10996178963822148,0.7702513825756808,0.43471165670761247,1.232106085044399,1
0.9733662254954203,1.0144587589179836,0.5834953495908779,0.6627334431783206,0.7724447949549074,0.2527632273256931,0.5350452330595549,0.061386769623704145,0.9478131819474348,0.043702475509864475,2
0.8563938324485729,0.907779662543943,0.7571382531417932,0.8134576744218169,0.9119262881307277,0.35302338434598696,0.35715703800526555,0.9256669561113524,0.24333183702560357,0.5824820595924733,2
0.9570696063672259,0.6192142153043094,0.9713788877442433,0.5300200754820379,0.18661833367532102,1.0059888915877355,0.4144700341219258,0.16683878845305586,0.6235176319076257,1.1003247159911893,1
0.8465911495973124,0.845770580837239,1.009994463645091,0.6669079207228031,0.410990369867782,0.7949698116389124,0.07165895601143701,0.3853259500917059,0.4287883978248848,0.2724745324348877,3
0.2645023140807401,0.4914685099139254,0.8988507331969449,0.8034800614598946,0.10820088325307294,0.251863661752704,0.7672789170959254,0.719915330015463,0.47412717590432996,0.8435613154076951,2
0.2817712169234103,0.5002984819496008,0.8566052704881462,0.8910937118194265,0.3080571927447077,-0.06724837981077789,0.3099912514871469,0.3833156378036766,0.052533370566226756,0.4391563913764862,2
0.11478554714648027,0.3795655455058397,0.29526809496839673,1.0516068291119471,0.5266513271558092,0.7242023373700486,0.5168595937468249,0.8021721503996867,0.5382196061869229,0.6881005478447033,0
0.13368890340408818,0.6803806254808668,0.03146857261377252,0.128737991790699,0.7626173017847742,0.3834458704032993,0.4107216469567779,0.2813561927818188,0.20298274169393446,0.39155270892545635,0
0.843980969005022,0.3345509049364573,0.6875675684154537,0.052491107948744675,0.869504675525396,0.0028317752716651677,0.8927070508669739,0.6524931522223507,0.1975221637960577,0.7301023374696004,2
0.5894249469936486,1.1098471415045759,0.7188378651320856,0.7770028812519303,0.04375689845532332,1.1743704715191794,0.19953744879484364,-0.11586855488183073,0.6090332479734627,0.24566215274760253,3
0.07913768048390148,0.1615375699256011,0.49239602288785367,0.48692256595000993,0.9511029144109646,0.3096494760039713,0.575093419702291,0.8125947919104967,0.4247644731936839,0.16862248426176735,3
0.021502439944450627,0.8754685842855789,0.2731043268499662,0.8366900753535867,0.7694808084748174,0.07039778927615087,0.05693048792504514,0.7698786213795648,0.21923029316753598,0.9853898835892482,1
0.71532578279568,0.06869520839305499,0.7332683378002115,0.231324728787426,0.09670103485352322,0.9238015260701108,0.21704804586794418,0.5272394359103761,0.16209538530323486,0.8932340493326699,3
0.8586374725302612,0.27500007321673003,0.7366688248750539,0.04158075373077711,0.8892045113591336,0.04893007626376111,0.8354450391355829,0.6987591599955935,0.2508995790474984,0.7644607441668143,2
0.5093717432959396,0.8200323150316319,0.8805775129688208,0.4839430098725357,0.7656881538869661,0.8235256518030691,0.5383086478483947,0.36008060289672816,0.7386301115022074,0.46304831545800484,2
0.012542976617529593,0.6128579064572052,0.8099920720879099,0.22315074595015066,0.7265349825805396,0.6805137951109633,0.5326806409645375,0.08002901633620965,0.7756654898240798,0.017912279334286095,0
0.9207558970861768,-0.044831836687403176,0.604018941539558,0.050158250654194964,0.09976988483848354,1.019768254388524,0.07599770214192363,0.3096530169251285,0.18591756298268378,0.8070250926955533,3
1.359291646149187,1.2551665443549314,1.0115581857504552,0.8758184557255116,0.7715654204187806,0.5214852014660752,0.6734479021771556,0.3464400924590965,1.1239908576825821,-0.3324958384864701,2
0.4842632399123882,0.5698753234523076,0.22694034045455844,0.714654065593749,0.1083469495499147,0.3064699875259139,0.7992800867963826,0.37926485702780155,0.6993454485090457,0.23485029415758665,3
0.7182244446076097,0.47635400274377443,0.8680894582147926,1.128246989569044,0.3098607194930039,0.5139176099231688,0.07485782786742107,0.9212939665609466,0.6421619328838808,0.30166792500923106,2
0.6389889675935109,0.09310119495621706,0.4755034797609893,0.03362973685229184,0.6594768681361445,0.37549348010205524,0.45951778867493115,0.22829270487525577,0.7577991720315794,0.14509958924924068,2
1.1512157963300624,0.469346786209572,0.7849102805068522,0.3541821592536649,0.08882826168435273,0.8191691948115896,0.5302605779230378,-0.14457203295433008,0.6976935009412365,1.1679481896127464,1
0.9989835035856697,0.8113911299987906,0.05929763620832823,0.8204146556441231,0.5776013901262933,0.22137365734496653,0.910067697603976,-0.03475965280514177,0.3718115535599963,0.43605244967392043,2
0.7369303618180235,0.06609477549693568,0.7171389503232891,0.2673699617714752,0.09672718020890769,0.9987953302035831,0.15267720352627406,0.4948828518431169,0.23455958684771552,0.9292438329481549,3
0.06675747839501071,0.6865290424987806,0.03791446102426877,0.25898983427772426,0.8549569006547029,0.39470367454119787,0.3628973296435806,0.34178724177895414,0.1670752899761424,0.4070335610467129,0
0.6989503438053815,0.2700265157375404,0.9266217316719718,0.3550737341937532,0.7364703303721594,0.29522684130453375,0.37505278020220206,0.013717964132811506,0.505704627117212,0.712899670905855,3
0.49371584542641495,0.8487102830996575,0.8693962197672166,0.49498449472146655,0.760882048116798,0.8271067595631542,0.5574793757749819,0.37969477338443164,0.7473317000136771,0.4891911124365114,2
0.6229377743018857,0.3790197232399641,1.0432883811442015,-0.04764761173222931,1.1855100115089927,1.0027393542775929,0.4229092570111726,1.38884701640035,0.32564193975471556,0.44764620821380624,3
0.821348703229159,0.9497818119409857,0.1389364862636351,0.843879583010465,0.45475171705599915,0.4374702105658307,0.9234505832049167,0.01828436947346293,0.33378723011520817,0.20368049956621398,2
0.3840701021661761,0.2481856251492624,0.6145602698124167,0.7961521794535049,0.389910069944931,0.7142986769247234,0.7305527022683155,0.49381978710297114,0.4314109181847645,0.6096928392489789,2
0.7400520568361784,0.06797587696994276,0.7307244041303762,0.18210095086569766,0.07464816155537617,1.0059821476353277,0.1888831055954449,0.5181665270694129,0.2368335369736384,0.937379757995523,3
0.0927650456018813,1.3198753807625807,0.6245918197532802,0.6640974570374616,0.652185050315187,0.10601239419717158,0.052216196380164975,1.1059529480461876,0.354510277172613,0.6731732959756824,1
0.8402885917477672,0.029474881580154984,0.6414866865071597,0.21552430289203933,0.062140887641180406,1.0018479137943812,0.06318943058976041,0.4680011551118102,0.21530377277430343,0.7583183185427266,3
0.9680258549786814,0.8526242356300958,0.15974612202993804,0.8343304141196243,0.6012518961080998,0.29088360355886433,0.8869469954900154,-0.02923403680943964,0.3122682427683452,0.3694794189457542,2
0.8143417390113382,0.6253268104966732,0.7862480901083483,0.4423626702353003,0.5929469109598796,0.9902503103685755,0.31765058908348465,0.14714520493254124,0.275831485492435,0.816815421053488,2
0.6056626518441162,0.04247914674559643,0.5585322726565929,0.1257595958793713,0.7109574159680113,0.3142332794897782,0.5031551072373229,0.24035876483749205,0.5839802422616378,0.22488602163108873,2
0.0385373766005506,0.9962009333169253,0.2425773540929706,0.9015819134414776,0.7249908524287845,0.036465341087099735,0.08915650419878826,0.6979311932380382,0.13792622781265582,1.0295637530943105,1
1.480648432121917,2.0048877418988917,0.9169246296040242,1.8686731307931448,-0.8729189995108179,-0.22622440295568602,-0.15098071312949501,0.5945649384482382,2.2783427859015672,0.007916531752874018,3
0.2940857315491521,0.8338854604783323,0.07065932333463008,0.4015373438046714,0.6183615094657786,0.04238233257211496,0.9416460698457096,0.43631867731239204,0.5421146456559844,0.5644341302125518,3
0.1479366834116591,0.3221039797725664,0.30196985212212685,0.966401673774037,0.493171946044348,0.7577000271674414,0.43333310116044854,0.6625265111815235,0.5823297519449558,0.5729149339594852,0
0.012654363170492646,0.6139665354551932,0.8143045413528166,0.22720989207594067,0.7300806641420564,0.6787986166352669,0.5311405908073783,0.0818110409876866,0.7785612831049133,0.01849691573244744,0
0.40902368384372073,0.5937933173807844,-0.12523361742828665,0.6315967185636888,0.558970044459755,0.38822526068231517,0.23447446511238343,0.6867494882827124,0.23137999896669315,0.012800530629744844,0
0.00597203101850341,0.4580074796320797,1.0878341866060113,0.03420750876077888,0.6068097509737844,0.7796955092498111,0.5655364475364071,0.7614501834353473,0.554657084664828,-0.2693966254578619,2
0.09787820837257244,0.3629224109644361,0.35178486255719565,1.003132830972055,0.4565538589085397,0.7935738696103506,0.47451735658512595,0.7213834454810083,0.5652971436075354,0.6270829649631948,0
0.39979156345245404,0.3376885168720255,0.7599488435340183,0.7892590914493697,0.3748400534863307,-0.3428808410317169,0.2152923404895326,0.14111368504523514,0.4727063023136491,1.0503628930336466,1
0.25720082911395076,0.5663059521757027,1.1627468131697338,0.13524965231442654,0.6746056117141047,0.48397764156657347,0.6363295854702635,0.2874111360704849,0.8906986478355304,0.32910923964201366,3
0.9057996980650813,0.7446249777996792,0.8338591802721267,0.7615933479369499,0.9953179981822211,0.14102296992714214,0.2725324710856652,0.8509860225046637,0.25719094468880366,0.6697455736840687,2
0.7911903917332241,0.16919503081887513,0.9228359879373587,0.41190941029885997,0.7655458414739178,0.4091374086589916,0.4041033500444509,0.11635573470050789,0.657991335814504,0.806342606054762,3
0.5011105984901203,0.8223785554124632,0.8726020744919849,0.4718404405329669,0.7682308297639534,0.8284924008458668,0.541241537909849,0.36821010998445114,0.7352806138664625,0.47472295960462824,2
0.8536687695293368,0.212724944944361,0.300218285477621,0.2537332259667923,0.7913032029566669,0.8491682703128831,0.7646468073033283,0.5270393978895619,0.7315344496344098,0.06910786263627883,2
0.8623409577099668,0.29911963944945935,0.7142281556006846,0.01809644266745728,0.8941535565255904,0.020860214040941478,0.8580261469845016,0.6528787646887391,0.22580955987324056,0.7717747893551921,2
0.14229106954654522,-0.11352717623131223,0.47435098412066384,0.14111273412853553,0.8026811347792407,0.5874213537550714,0.035709713553314926,0.6453516122546817,1.0822038822818694,0.9611598373304735,3
0.5656688417555403,0.8027154212975642,0.1827162900357141,1.0017663033965323,0.3932231537847213,0.29572439793633837,0.25653036099890136,0.4270343062976689,0.19147420617588404,0.9195324484189491,1
0.5237263562231311,0.2694717166202487,0.3812292613781531,0.03471072473465645,0.16161257794061198,0.17182211599698252,0.5415490776637967,-0.011715422777904699,0.6601171262629657,0.3727157460321008,0
1.1017523791145574,-0.07872912146637734,0.07506930212622381,0.6321703972277511,0.1598949701678669,-0.004025130905787044,0.11682875062298376,0.07792322696889649,0.4133452376576816,0.9647225030267818,3
-0.12766975392834962,0.32112406996710213,0.4637634525211454,-0.10725106354034702,1.0201733323340667,0.7562224257253429,-0.06229913840848368,1.039775825963573,0.5671786294258083,0.9108861661216704,3
0.012577570750291435,0.6140711883792628,0.8131973120559749,0.22795693096676892,0.728933262549212,0.6792378568512184,0.5306087245036317,0.0822719275247175,0.7793639836263918,0.01813439749696561,0
0.6035681268245524,0.5665094225218024,0.2866130049574285,0.288653987730886,0.8257596495149401,0.3496534184471113,0.36428672280703556,0.045898356084832836,0.2504528369948868,0.2135561193754537,2
0.972517499084655,1.0363926561136905,0.6264674958346117,-0.01429573982621514,0.08170616242718812,0.21742111734002253,0.05619032383267551,0.7496882914203383,0.9827523508033034,0.6684587996634044,3
0.6869968644783254,1.2057670373697822,0.5809400374869251,0.8763920216345713,0.41527783994430445,0.9039440220940008,0.12844013493148293,0.43419595010223555,0.38631444176097185,0.26494732523597675,3
0.5278058154529247,0.7778238462443366,0.7933991313725027,0.4971666566542561,0.8866881074627769,0.6921738662533976,0.6035743230285022,0.4765152903862774,0.6067748812595757,0.46920425932760224,2
1.1590274519707966,0.5564080598185537,0.9250080049079676,0.2414362233041062,1.1307288762134031,-0.2829833727229974,1.2432265637287,0.2240340418797922,0.5347901826575882,0.42993505938258003,1
0.3601515688464275,0.8941936331571506,0.690757433131451,0.22076845707861867,0.11263743552591966,0.8276215906509804,0.5268806780648673,0.4832768313257215,0.35226496107825644,0.42864058226383733,3
1.0852114003123603,0.7511241228359021,0.2959006067511368,0.6576644417881594,0.5197676449855724,0.2481110648348761,1.0079531196153704,0.18404123090712177,0.33880924608005003,0.2983460162182455,2
0.60564413654061,1.1515463951063878,1.1065685397191343,0.8633834170946817,0.05305206855569583,0.7648231131731184,0.4893330663666322,0.3359977253990324,0.2861720471090859,0.106880790098909,3
0.859001019334887,0.3073173176137204,0.7313781386484604,0.02787009257353374,0.8952374611311551,0.024013005718472685,0.8753007913605801,0.6366466500272975,0.2274938823174227,0.7799288395261494,2
0.9358197565826616,0.954225833623281,0.6616481889261361,0.6539562016824816,0.824012232188134,0.16105184881085693,0.3961151322757403,0.036859874557444265,0.8661918847447534,-0.05734410962439816,2
0.4662504362705746,0.7697893115672655,0.16956300390629836,0.41276629753989824,0.7373925937810046,0.16910719532524024,0.9514329015682437,0.3751773346889345,0.7072340311707526,0.7317204850868965,3
0.5871502515753082,0.5682151960646489,0.2832389004118654,0.2892833018384141,0.8202868568044761,0.35747478473398747,0.38585861170596636,0.06771388054087324,0.2213252020285587,0.19223590872023813,2
0.7949221914843771,0.5556672842125052,0.8215074745322065,0.35563350144920663,0.6955784393256745,0.883425692839113,0.2366542727877466,0.19653883594267205,0.16005635943181265,0.8111189278673558,2
0.7811345139018435,0.18776513074955015,0.2745682043512159,0.2673228448462366,0.7889942440224973,0.9114531291786947,0.7363046947825631,0.5596519258879958,0.784779753483569,0.07991239431030782,2
0.7298378280275755,0.052553229158876405,0.7252058617425894,0.24733205872067482,0.08642047962795844,0.9615080059549411,0.19614384831373805,0.4823515228490086,0.2006359760814235,0.895959464810684,3
1.4108094127171047,0.43101167437751003,0.18820612832812483,0.7386855801418268,0.759316550930128,1.2622339531689555,-0.06698140761032051,1.0636599625698548,0.5342782497249591,0.2045842374163888,2
0.9367371410575165,0.26435686201756825,0.8391585016482107,0.2916514379546544,0.11298928280552926,1.1067065522027728,0.25570160240058565,0.4131309103767754,0.19839018182708706,0.7432741527914868,3
0.056539238392854095,0.15360943597528764,0.5253125407491241,0.4962639234698771,0.8777265853345217,0.3376026045464799,0.5107735467462692,0.7382428276616858,0.400420737475975,0.15749591691539044,3
1.4147004552214846,0.30155826782010525,1.4499339226130545,0.8206407428042541,0.12068435131058414,0.8304248680697841,0.8624220515802261,0.9915398957291841,0.3323842021567158,-0.08477019364239419,1
0.8980238227235138,0.15827221226511132,0.8911986306723587,0.3568715947405153,0.42681378308738943,0.4291807991956927,0.4529135001302425,0.5686080028523198,0.4744372158653521,0.3138527869250409,1
0.8516505990975554,0.29422806949001346,0.6809169585662165,0.056359216449319155,0.8910820770929847,0.058184125622594236,0.894080625263725,0.6684781628195909,0.23983216759510256,0.7782305680157326,2
0.8731181844668429,0.0636758965595225,0.968421407817094,0.24581939620136223,0.4433674212006549,0.3087601758242129,0.5077074662438484,0.64487922725214,0.49205467983976564,0.41984071869387174,1
-0.12655628761406865,0.34808437771233086,0.9343483404210153,0.954580610811205,0.7635560754879192,0.11467371965078554,0.9134346144030628,0.9118934000884438,0.8418666292924972,1.071714383690038,2
0.8899118034577047,0.9225213045139558,0.09214656059242662,0.7772339654971643,0.5327855301467203,0.3299405028020135,0.9278513583554562,-0.01469602745071133,0.3213523027543071,0.2936343274878039,2
0.5300857627166329,0.22704858022832922,0.3552263074074401,0.03863990498822175,0.2079963288455446,0.13017181827081858,0.4997907258939729,-0.01957308325384974,0.6812666679937329,0.3198478375811576,0
0.1996007411470846,0.49259870635497527,0.9706720688533276,0.748232914723769,0.008797761599383364,0.23395461865393513,0.8066151690942649,0.5892355682096674,0.34114051440417537,0.872773320119534,2
0.7993827650928403,0.5525546085821323,0.8119087673848581,0.35031238004598,0.6157318854384248,0.9593419663356505,0.2798733624354899,0.12228080020107829,0.16536924570905656,0.8676178385157255,2
0.9832334341343156,1.0188192226862463,0.6390974075272131,0.006021680350408799,0.07929365874864791,0.22196338910771676,0.02320385915228837,0.7538529839374039,1.0041812917435207,0.6933796996816041,3
0.021359033954654716,0.12437920860470958,1.6211648833343613,0.518257052886303,0.22321566298894224,1.4401611661998497,1.681104015865948,0.26976750807825545,0.42936013719479116,1.1421228261368377,2
-0.13722317100454057,1.2352892996683456,-0.3230395686319947,0.6805250211810561,1.0557932509475403,0.5364413301819673,1.214389380465726,0.24479167149303843,-0.2608298721364068,-0.42741279513076136,0
0.5876337558141677,0.24289742782260637,1.1177633008145518,0.5208205824835273,0.9727473160419208,0.4197511469172788,0.40383964294224156,0.41635146487655494,0.961264276450692,0.26431998413398905,3
0.4190961682565385,0.18683751798894524,0.973551668293026,0.355737542699433,0.7653198698798535,0.3734906835913478,0.38887315865837435,0.293291659132396,0.6722235157621651,0.5358170140286278,3
0.9664149126059565,0.9940142155696862,0.6486980708810148,0.0037060513208393817,0.09497269003363358,0.22519473504936713,0.012091456126046521,0.7375431862410539,0.9723171378725959,0.7082164649535103,3
0.6789545403942427,0.28455581011847025,0.029308328387840366,0.7103026951697057,-0.11402579717327063,0.15200447902279518,0.698188086706563,0.5641366835147281,0.6849271797834781,0.48201714470639023,3
1.0249691725768149,0.9232112550501087,0.09926815000076679,0.8752322509481669,0.5517540080894129,0.3132345739742189,0.7831536592534878,0.10838011215313612,0.35202176876818614,0.34977402910467453,2
1.0632786495201774,0.4832626997818391,0.707912539808558,0.4249914354446116,0.1784405914852442,0.7995651769655825,0.3898278298856028,-0.01829120621787896,0.748176423117887,1.0701132126665907,1
0.5577174565915195,0.26616545219222204,0.26460942225136674,0.7107977085610404,0.7388158922897831,0.32136772570990996,0.7234070492047795,0.20262403735699686,0.18734451126010535,0.666563986685017,0
0.9452947481521514,0.1834239863462559,0.11281767103466261,-0.052282506584261354,-0.36252188376855354,0.34489121316628557,0.4994464037562156,-0.3045616244009536,0.8538875044071658,0.3008831222778651,0
0.8070449442587396,1.2649018984296894,0.7694197930939239,1.001616824414108,0.40814862696247145,1.0402760737562726,-0.11116307080957977,0.1986963411314396,0.662932710407498,0.07323502882102458,3
0.3453799688065161,0.9107295208500639,0.5355408798545436,0.6497231877614327,0.4344037317429916,0.7845826613386849,0.44801565557649015,0.9088855446766358,-0.13819733039588444,0.4432956754616938,1
0.6616296063756156,0.49417039523370404,0.6018581131162448,0.6792512141703055,0.05503665460188851,0.5093008091863601,0.7461651141000579,0.5328714236568068,0.5516482740145288,0.08237944652471323,0
0.8367738501112818,1.2631464025820294,0.7990438513794288,0.19561636625877016,0.4395147278597208,1.312968458056293,0.5686998540690067,0.3543131683076413,0.2930967142230124,0.031315098711340916,3
0.15934936652987083,1.0088726374067352,0.6972951236167683,0.5545959992037748,0.8630331538639935,0.23184397802722062,0.9315871294372651,0.379926906631119,0.6857772236208705,0.6779740646634518,1
0.8119725967866589,0.8161593419349089,1.0269241098069986,0.8505189427819387,0.1863929570132761,-0.1748514436385285,0.13689242706265245,0.8260903403112266,0.4214029198134285,0.3901609865711998,1
0.5519138566926162,0.6338678396675395,0.767873289215809,0.5254635038920829,0.02156357740233783,0.6778968322502419,0.21127715977320682,0.4893804750157365,0.3149263054027041,0.2762674183980586,3
-0.02999845226844705,0.8161277526000876,0.585739756399677,0.6887263402793586,0.7319468667865011,0.3323158470379311,0.8876582837627551,0.5235535728899265,0.4990797566917394,0.7323249582303812,1
0.8168080644552042,0.6679979091314522,1.0963355473889924,1.1989294837445441,1.0895190715088061,0.3656455486698674,0.5220041995456908,-0.0757876261521997,0.02307296369877604,0.3127674900001751,1
0.4367007852406783,0.7962339428983178,0.03998604786161176,0.3092332751110131,0.6838077460893051,0.18695361368989447,0.8596788795944441,0.3493967488132713,0.6683409694706806,0.6341594481741735,3
0.2494766423597472,1.318896403918866,1.0319472240824137,0.49473818260192176,-0.10900311168335186,1.3093324358258251,0.5908150827337794,0.3025757265470545,0.02202782909814205,0.6926820142505458,3
0.9874847175062823,0.939781980765818,0.14054474761972885,0.9321305456264567,0.46325970758361545,0.4602034671099781,0.8778437965191914,0.12059195821534605,0.20533068508822885,0.16058593377363514,2
0.3536254413207608,0.3833590098198672,1.0960981999397463,0.5069410093526774,0.27032421133216644,0.28220172352253964,0.5971630405461762,0.8006080704248763,0.4814833026558712,0.6177852209397594,2
0.5319506889074886,0.8954721798854677,0.8243983949461381,0.5527868451132788,0.8638573427747787,0.8628022318722873,0.6020488217980305,0.2658672533403283,0.6435353044621432,0.391279317406646,2
0.2958399111408872,0.4142109641211619,0.9282822660004431,0.7199256849561481,0.07929009233650183,0.10698094910718317,0.7679696115712891,0.6715585161703902,0.4195104736613712,0.7927602440491663,2
0.1779200989733614,1.0608918927231739,0.6844863249581254,0.4595180219937713,0.8434524222675215,0.17377443418352972,0.8649116462647977,0.3111913430171118,0.7325327584861199,0.6278599439325188,1
0.6631544958728441,0.4956736998256432,0.5896286327906114,0.6777953915236391,0.07923787234182689,0.5269596100442197,0.7705298620174372,0.5226848548221005,0.5358303518859869,0.07104803426029846,0
0.7856010770685306,0.8199437753270394,1.427502301190327,1.444318364778592,-0.2023266026419845,1.0290000895860603,1.3999438143318743,0.7947607620537203,0.42431193776560866,0.04617982318361047,2
0.5021573454140769,0.8105597337316407,0.8677261950101256,0.49178868919558605,0.7763234332145161,0.8306397913174997,0.5398627904854695,0.3655589275916736,0.7372081171251474,0.45899422100358467,2
0.1404912963770491,0.6816386882966595,0.2749855204962771,0.09483297919528386,0.9053187131932482,0.31102764633947544,0.26009390973756236,0.4732329682535982,0.3399466348770662,0.5367277764067109,0
0.4916414962850513,0.2453384609447755,1.0916681429686592,0.39952390653212766,0.6677124026127934,0.35443535630911094,0.2805978227135203,0.45254589510959886,0.8468138130882359,0.5887219821653575,3
0.6741388409328799,0.5474683516711759,0.7703130683373887,0.4602777408779719,-0.0662359201423133,0.7789376995372435,0.10496971751387106,0.9102904457769745,0.2898370728153599,0.8290578401014576,0
0.9572445203556356,0.9988877447233471,0.6446917355335544,0.02730351236165499,0.11014632319521028,0.20355789167071994,0.019986544891200792,0.7337212485508209,0.9830403770813293,0.7106259481630102,3
1.0455330123416626,0.4335376103093919,0.7128320989772661,0.3411661034436309,0.04189295338401282,0.8665691250000784,0.40829214129560715,0.08702526595660104,0.7487963353833585,0.9773516944833587,1
0.615776749507791,0.3824849156021825,0.4034328598346667,0.3482971463066909,0.5072593826000655,0.2600899365857653,0.1460131488138221,0.08613230874252348,0.23248624578240873,0.3432711061118377,1
0.15195926371030286,0.9979380789837828,0.7029631640064795,0.5363941261837527,0.8448311437856947,0.22890073140191955,0.9383419886907475,0.36458221186643924,0.6920065182598961,0.672525733722858,1
-0.08279039927127962,-0.006811250550192424,0.8262010051255888,0.1960223531088109,-0.12523989333766647,0.45412976075166867,0.6133210754749311,0.5631269275221057,0.541020499802201,0.37759910633815474,0
1.1416260913882246,0.031414191163990496,0.6767154598562848,0.42783742433143324,0.6619636868171197,0.4250222927338837,0.7460612792873849,0.8784226576677701,0.3144788241651839,0.4373357706592706,1
0.9098543275355445,0.044431309936066414,0.25238879110326873,0.49422158932432436,0.1765951612633639,0.15855563150256552,0.07939831732777364,0.05815778323809356,0.274771715106703,0.8358357165761576,3
0.1504913986799934,0.18942308326528795,0.15423431592970477,0.0881426219681312,0.35066319293873716,0.05764749623943108,0.12931409143733308,-0.2273125812922407,0.2626651854208856,0.3847091834323613,0
0.6647858658527692,0.12354280015835842,0.5445074175719089,-0.12306867135196922,0.14858645371628953,0.2910132799438687,0.5781445062590603,0.042204719995399084,0.5146330059376714,0.44755124343503894,0
0.6682550660512848,0.5082146862917053,0.6087870413593749,0.666228256073877,0.044466217807820584,0.5276218015318327,0.7566012012140321,0.5443754563784389,0.5551204477212586,0.08807508872615184,0
0.004655611352851323,0.06107910645536355,0.4889898235779006,0.28362998521324795,0.8390903064069155,0.4129088849721239,0.031556687571421924,0.7015279284384102,0.9452178308068676,0.7803323607176974,3
0.721059846152363,0.2525103921885386,0.9324430494520781,0.377534555842206,0.7048823029057345,0.37789210907809406,0.3236489941685894,0.01452579286505982,0.5321972253775977,0.7981764229873556,3
0.7664544384829123,0.23208738295237386,0.26198492414402735,0.2596145056559902,0.7848721832802187,0.9797075369944293,0.7949577344972376,0.5072091653333416,0.7580852564788277,0.07767869604025963,2
0.9098222517541109,0.9010115292546811,0.11960227873748773,0.7696957549769816,0.5588050095793734,0.33148281786136957,0.8964948190410374,0.02377454052237605,0.29976978738985194,0.30754724245084114,2
0.6517466994586356,0.25551182117657084,0.9889502435454193,0.3918174418934985,0.7195595278418663,0.37373212728365796,0.3653104886374531,0.06356738171677366,0.5808385622856547,0.8518390156124883,3
-0.008479685997432096,-0.008284771605393426,0.6645462802612121,1.0799008045871235,-0.47242619390705376,0.875898591929355,0.3680009315905776,0.7314115002143791,0.9681345856022685,-0.0722160744808199,3
1.4274321184527081,0.7281060544857256,0.9062076071527164,0.8881915087964809,0.36877980010888844,0.7600149546965785,0.6973912599664953,-0.44863988704655594,0.7430832906108666,0.5496190347497618,1
-0.027978897286859428,0.5557633255557892,0.0041385950579582165,0.27096609148966716,0.7767884675525574,0.29494335636110847,0.3719596837248855,0.43086721029834635,0.07402052854761079,0.43274197586030283,0
1.0028352398871712,1.0398575698377233,0.5337706036901707,0.5665667653361497,0.8320236024526084,0.25823263570645827,0.5884613636717821,0.09231261788796834,1.0233607009914096,-0.047865627911611114,2
0.9790474204782278,1.0130070601895222,0.5394786405337332,0.5954916990819284,0.7448365949781132,0.29047914131317665,0.480443145272334,0.07754731300027559,0.9848282979825659,-0.04201329007095153,2
0.8019506841056212,0.5808125513390764,0.7753076745352513,0.3807460815659158,0.6391395664162369,0.9370428524723319,0.28718893177185595,0.15323461911064104,0.19873531501331862,0.8558116183177005,2
0.8524165830081167,1.0122735375161043,0.06581009874363034,0.8533298097571982,0.5509369181946844,0.18872975442620016,1.0300355341444591,0.15617803348698683,0.29262389309788034,0.34101371195442026,2
0.15752465685030534,0.7922026796753641,0.7368860619127238,0.16837159224432605,-0.01065892739702684,0.8244012888948031,0.47691677528841236,0.6151960638916082,0.23663704631791874,0.46027781279315955,3
0.9929274886758443,0.986626069291563,0.05102307175845121,0.8621648102038842,0.6626322634598293,0.34524157920442233,0.8268147991338495,-0.04633786989769777,0.30873878019100204,0.23605158752640276,2
1.0918854172994155,0.7525993677584488,0.48505410340634225,0.6009431669046651,0.07828929160071176,0.5524732955846025,0.1257121371376339,-0.03574120030880988,0.49168956519305607,1.1153312809344997,1
0.05903501763673047,0.5936391958706749,0.054348736845850336,0.1880983162686068,0.7704220570223681,0.4372605537034217,0.26637567863661243,0.45957408504189556,0.19087885257796494,0.46038754669327625,0
0.07580484199892695,0.17796553624731465,0.8141099199405796,1.15481364387383,0.0860193265081229,0.3798743823558847,0.29675620475329745,0.3052012246259675,0.11203363315597126,0.5460388233216101,2
0.7333504601470779,0.0512528821292431,0.7414319015503872,0.23417155635527157,0.0942717905135406,0.9456304857638628,0.18661346940142623,0.48344236155536957,0.20757325894357723,0.876488608588861,3
0.8250862987199353,0.30056635946129273,0.4679297322747676,0.273821254667394,0.23817977710570282,0.7071633353039344,0.29468812444227654,0.33680660539368856,0.047073895004049904,0.9702935101422501,3
0.8154365477777104,0.572204745934748,0.7720984300988166,0.4015339390858961,0.6315540228655364,0.9717991547664172,0.3320646148607851,0.14191760252845212,0.2372147514139342,0.8761566186133729,2
0.4777945290212237,0.2385979974904867,0.9904051291073099,0.3650363868732004,0.6390283999521504,0.34166371698732145,0.3875301406680103,0.4632122489115458,0.7524456727266574,0.5433227069019584,3
0.821124052642569,0.572513523086404,0.7866352602301139,0.37242286691611737,0.6207445676326749,0.9489994026540128,0.2732485044635129,0.15544197816464542,0.2030677219646748,0.8524909504879516,2
0.40877078830108315,0.8754760368296189,-0.029692014625120777,1.3355144923663462,1.2910407081484032,-0.19512984779329512,0.332495739971653,1.2503915332850528,0.19535496805954175,1.5530866899754128,1
0.6915195356196753,0.13098686389136116,0.7098154301995978,0.3243076815575085,0.04176928339363153,0.8923463130828109,0.22896517513322184,0.3981455521239546,0.1658234886339778,0.9594739272108536,3
0.1700937473730971,0.8501810092342963,0.9067901070608685,0.39768168217949085,0.8141590754031216,0.2829036433795968,1.123110176985879,0.44743968219838776,0.7335239030303726,0.562555270682989,1
0.728268472376999,0.0637353814704081,0.7253057885235383,0.21774630712831022,0.10537283328761873,0.9467695274504271,0.17823081767133359,0.4776720549516354,0.2106171573634441,0.8934878665761209,3
-0.4931334790406371,-0.17363693826418436,-0.5735755148921439,0.06961747902270687,0.7632501403250176,1.483892413386421,0.5382186920946416,1.0920169795848145,1.0850495228179446,0.20218592928017964,0
0.2893567238995126,0.11841407701227236,0.005587877517947412,0.6299188989441855,0.5103383393949084,0.28538985965771435,0.7524337444403232,0.29966884726341453,0.03900997384012025,0.526799170490529,0
0.6070009099748732,0.5344223699986451,0.3192070931558563,0.30453488737848583,0.7984241032732787,0.3671721575888584,0.3891250826571699,0.07058703112469476,0.23692817923641823,0.18349516110525982,2
0.1438822498771734,0.767346114715356,-0.5003831001005528,0.07132215450960722,-0.8255433514431187,0.9448971170154734,0.606662014011371,0.3024329396767305,0.014113750315732032,0.7288554259547804,3
0.8647294231951927,0.3063531876894407,0.7011826466894511,0.026603880785092945,0.8756808409653475,0.005784059012567755,0.8641678401534162,0.6732355687901003,0.2335377503349474,0.7611650176209398,2
0.4307768669705896,0.8273260445854942,0.048586203654389995,0.3313070862384096,0.6774233289757688,0.1548328205954087,0.8990923396570909,0.30577527567212115,0.669600881717423,0.6118405441288687,3
0.6582822651988269,0.4933475178934838,0.6029569966277236,0.6746166499989772,0.065857784273479,0.5137225146547417,0.7458877830585209,0.5354395293818598,0.5609841265384666,0.07406284246172332,0
1.0485394828484558,1.0296671492775245,0.2483290281648467,0.5464955146419829,-0.07338150282847115,-0.524729702746739,0.7603295589866215,1.123000840372516,0.6662853145114429,0.5421180101718697,2
1.0398095753706689,0.37798480610023333,0.3548356650934765,1.0357965917316134,0.40479091275891294,-0.39869143196514334,0.12255543955929885,1.4167186333904547,0.7462659999401277,0.7005033249628191,1
0.012586917222726772,0.6143598971335789,0.813555123780105,0.22656767946922338,0.7293802217798335,0.6789403004935725,0.531170369398823,0.08266186492438313,0.7779114311563051,0.01800472600788418,0
0.8812469752445421,0.32158016725341665,0.6826009049915316,0.010589390660644585,0.869728597479838,0.026295874093662866,0.8577813943510507,0.6734826611368535,0.24377191781221016,0.7743535752128189,2
0.216033373078526,0.6402045366587493,0.024562384221520628,1.0086670248909761,0.9318602422182808,0.21735378696084254,-0.022055438251816127,0.9895210000303756,0.09144737006706255,1.1045818166990637,1
0.8840926956413017,0.302339032483501,0.7169322204750513,0.04587076856085301,0.9068635387098488,0.003453956364545735,0.8603641980405512,0.6634832166637925,0.22324566660646847,0.7506337865574907,2
0.014166996121123527,0.6131735252053101,0.8137406301834349,0.2292578285104976,0.7316590415591876,0.6801773969773349,0.5321537282527317,0.08116589540337009,0.7787522023377036,0.020582380129318362,0
0.0555305012006866,0.8686876553164713,0.5382562353957618,0.6239428207629688,0.7593645697529479,0.2190626995690876,1.0056500479647517,0.3236012028935332,0.7766253936313489,0.7960969490610883,1
0.12886649978481846,0.6295293101238797,0.6420442925246259,1.1436403006870015,0.21504475126476386,0.7717459219114035,0.2906949340680851,0.5871575016441487,0.26572681420482686,0.35590688867219944,0
0.05706660145730667,0.15121631207675715,0.5316465445189644,0.503384173563662,0.8762954504235293,0.34235627934723584,0.5059343382600383,0.7280957601860576,0.41082241443362943,0.16076129516510784,3
0.24240179230103673,0.43795074004948464,0.9390772108936992,0.7243976802394418,-0.03496296292047176,0.14786131600912888,0.8040935634914136,0.642940173142634,0.38130798279153916,0.8031239291927371,2
0.711569167521062,0.2781709736751121,0.878561472133957,0.33326393425532314,0.7018513180968049,0.3632542212514373,0.3114307681960846,0.0374670526173457,0.5528794961169928,0.7679960924603065,3
0.24941525965152858,0.5022046394897455,-0.11133363969301438,0.180036193443538,0.7714641113302024,0.3093309236116536,0.2150270893356037,0.2721618472392731,0.3533332800049736,0.5260225703509711,0
0.776427723542851,0.32305478116562303,0.6929880020814978,0.12563925097527992,0.3628581114979619,0.399739940310101,0.2038362658958639,0.5670173100920535,0.4511529188932531,0.5260705677708437,1
0.7883242744627887,0.5683586599567622,0.7640596891353318,0.3858092393381651,0.6438413377956984,0.9548744473293072,0.3056064172743503,0.16061518834098665,0.18132442378698962,0.8590725047288803,2
1.0445413939649968,0.9825453976691787,0.523474272790728,0.6339167224473378,0.7726354490028962,0.398950435857739,0.509070507127198,0.20580055997379768,0.7791297602213421,0.011146637251679987,2
0.011884811689786492,0.612159982694395,0.816210804937224,0.22641086752204212,0.7287860784559966,0.6800672050040641,0.5307157952511932,0.08105687797863188,0.7788418198595314,0.017008173787092264,0
1.1751690066911058,0.37962727483298353,0.6452607806178762,0.4034540101223378,0.1952060872328903,0.9669915622043672,0.2631427550880796,0.15306399926260514,0.703458215535566,1.1443614703974856,1
0.5443177611188424,0.37386376149131956,0.6531556097611463,0.49322707075982397,0.19145701089639228,0.5486160281821659,0.9630066495117303,0.43415685784076274,0.6258039714957206,0.5579004513955192,2
0.12180539400058406,0.16262364552851025,0.5382702037310205,0.25054059007153856,0.7344802033113941,0.3192745688595261,-0.11685249787823962,0.8031481389480514,0.9933342915112691,0.8642505307514508,3
0.009572236673903249,0.6156981246071048,0.8201402448417865,0.23367428000976262,0.7338949390607331,0.6873967797170811,0.5320801404169408,0.08387274506427031,0.7830457032772551,0.02626802203374681,0
0.13713394066114978,0.03574073864898342,0.6516808969033875,0.23404449102847608,0.039277669653449934,0.5049101450305057,0.524659368480016,0.5973565172842209,0.4973394218521627,0.2307057301400838,0
1.1936472716902486,-0.027279370248604162,0.5912486614491057,0.666385241557069,0.7068747514544477,0.9231592489149925,0.06706211692507719,0.8715088416495802,0.6566301927670167,0.4637537663202357,2
0.8732554765315185,0.31391517562030957,0.7153695290480501,0.03864849987584019,0.881526223028214,0.0030162575319034463,0.8834805356511307,0.6581817080020961,0.21467360880858832,0.7702765196822685,2
0.701691474148824,0.2769102003799475,1.0747131439127096,0.6287003592854095,0.9398228985242222,0.3061546170088103,0.535347268275735,0.4285698041290677,0.9109218060536336,0.5821722152498076,3
0.3322691299343966,0.02194172760661628,0.5281330843769332,1.1634507005495247,-0.4750909235913182,0.32053005878989543,1.2482217512849725,0.31586017973173663,0.3393135109300816,0.6400427425273756,3
0.4488764219377031,0.8153737571516104,0.0015081005610207907,0.29661847283424986,0.7283700039177821,0.19145941187427012,0.8154590777658401,0.3297504289513171,0.6189380535566928,0.7072144243932447,3
0.742533213728332,-0.2908260277267232,0.9551745232922253,0.7735009080026796,1.174607080142146,0.9766072263945553,-0.21958986599579905,0.7723614161570632,1.2155059978153109,0.20997866664471715,2
0.9876199671521511,0.9870683741445825,0.6530717788670116,0.0012200253943434256,0.08127619410313522,0.20650118272783116,0.03153291379682441,0.7468302956468048,0.9687159624025811,0.7003459530680811,3
-0.001166231669249708,0.8621675110039634,0.31154824446640683,0.9339074408087269,0.8091733764045053,0.022507577360973897,0.07297519299909368,0.7270852373591853,0.2455355911665949,0.9215971465304318,1
0.1930276609907523,0.8375118863695781,-0.10709535029107276,0.1530168693827238,0.3517155142949834,0.5475812618769084,1.550645048752107,-0.5494285901681943,0.5738227566541549,0.6538882769319023,1
0.09526162251365933,0.5136671081056428,0.9583205409335506,0.4531343016683324,0.027400886912501754,1.2134859097819994,0.4713882216400932,0.8919694654393737,0.39969397831867015,0.717422008919638,2
1.0527004761014378,0.873980597684355,0.2620404955195904,0.739654641374413,0.5549282273129997,0.2614635108908964,1.1166982960976564,0.11677702688976233,0.4912064937294026,0.245067202345369,2
0.8475861374189365,0.9738862131788002,0.9020065654732211,0.65432418842492,0.780219023201566,0.20775128335375576,0.4184044022933487,0.8325590358138029,0.4621032981408657,0.4417952000798755,2
0.47334152869385504,1.2866120474580398,0.36569262612533937,0.27445261716570357,-0.3557265869792744,1.176043274626602,0.4798622574211963,0.19639298798544597,0.905870243621142,0.8529004178293793,3
0.6754878022915196,0.528828837594078,0.6077251995732534,0.7045196370175011,-0.2749531108932244,0.5661623512607542,0.1902732036584672,0.9447031162882443,0.2509809284449811,0.7425461442458949,0
0.11272399625615621,0.9734412694502265,0.7150897002385247,0.5007605716265148,0.8026790528615214,0.2862846691008843,0.8982062160497788,0.32513824988565704,0.6400554483415432,0.6832012745554414,1
0.21631596551377869,0.15015058602556103,0.6414995956621912,0.13301628947164287,0.6247831933396425,0.580417069690504,0.3363243375013896,0.9344310370298241,0.38413626652758415,0.6175685691787336,3
0.8652216467737575,0.3089643967613141,0.7097016822332999,0.03816454011291113,0.8834628642103624,0.014985895788500408,0.8747625715137284,0.6435610308948595,0.22177494553870417,0.7606793514617359,2
0.3675223658007715,0.7218533025681181,0.3919935657519812,-0.24168361260558607,-0.3157298189389715,-0.14329574626281338,0.8453671131057978,-0.054094275153209366,0.6540966911281584,0.7546573582206355,0
0.012679946136379086,0.6134328130078859,0.8140015175713509,0.2267956554305413,0.7297811973767545,0.6787759999853933,0.5310847256449553,0.08202941039145989,0.778005453510055,0.018226037216519997,0
0.5906298358339304,0.7000106321271745,0.5263888121601347,1.0354712959640828,0.28714512783197566,0.21115942278761538,0.8079802565438222,-0.03151879533500804,0.4605141701344936,0.6846756079583017,1
0.45169531101356697,0.7246206880691427,0.8592579344199702,0.22227961376317326,0.8190034698755915,0.6167093943231915,0.49152012250972577,0.43967233356090496,0.147449118237062,0.5581834393266266,1
0.5588147957760398,0.12243462216532673,0.9638317934707128,0.38252248434368785,0.7359529051093988,0.27758547989271676,0.4058743978725954,0.4241227397059955,0.8120997718509513,0.6326756076762212,3
0.6589808283339297,0.49166310048540557,0.5937925803592071,0.6778071447259987,0.05466349047767773,0.5135726868649275,0.7523026640946946,0.5398709246417007,0.5523357740739685,0.08482562954393812,0
-0.11437001984777706,0.7730667379683072,1.2807982676089131,0.7572155649166061,0.34365882884730914,0.3865930375139657,0.6860785919000243,0.9804140452559806,0.693644655464309,1.0052294392531784,2
0.01619723445722164,1.12030199453835,0.05429651993268586,1.0710392305116379,0.4517577841640867,0.20943186476676562,-0.23481856421718011,0.46200132413582223,0.26265013255203506,1.24313541826319,1
0.42560773225660536,0.8356272715958875,0.015811635908963298,0.2697664327277512,0.660443256951007,0.20639586616446873,0.9171260902446986,0.3360444453270255,0.6644123164157895,0.6561863299946884,3
0.8259209247523498,1.02228652013037,0.2224568344777031,0.7645282197815854,0.5810833109776687,0.3300609284487351,0.8377252399442252,0.15351381267261474,0.28622853768456286,0.40311332443710723,2
0.7067572544020649,0.05854542388864479,0.7496011548931034,0.2967623767524472,0.08817967123781013,1.0015487856701821,0.16058202328257717,0.43558481389284875,0.14267000801017116,0.9163414613103308,3
0.5203358606485643,0.2016661255975481,0.3483840672746991,0.01840897452880926,0.18718027745285654,0.10814083410891279,0.5620243717062786,0.023450872012797264,0.678026796787105,0.3662692524130265,0
0.6347889710111296,0.07069230954300565,0.5966406142273899,0.163383482989151,0.729554006499587,0.30624857159666014,0.5689769573701041,0.1901688699159799,0.6528137992077334,0.2448856075550626,2
1.1087985103601077,0.18331494060812764,0.45322900426832935,1.366220878262752,-0.2330274189372751,0.22908140072991978,-0.1953612842912687,0.45159145262499595,0.2517582258672474,0.04386079892519418,1
0.37641959986855167,0.7472483559702701,0.10150280199889619,0.18402979083403168,0.6030062502835304,0.30983028599093326,0.948801623683058,0.46448852993919015,0.6003787574668825,0.5536955787146509,3
0.7595492003767087,0.7788145598278179,0.6951459027228098,0.7882330788805897,0.9472734841932392,0.27320929356629964,0.43451312777824225,0.8262172268276696,0.2982735308515922,0.5413226420501426,2
0.9096598796187405,0.8489902622536085,0.8581512130332623,0.5511115255196172,0.15403336288715005,0.5332765027544053,0.09576548423638728,0.7421087328471808,-0.053191496257150556,0.5539817753807621,0
0.8497972945569157,0.7790614935777098,0.7330174077344335,0.7252311158186288,0.945231125848136,0.20868677296650118,0.295397582008267,0.809500651317509,0.2646366165279973,0.6074128104562676,2
0.5126953170025349,0.8134906801459645,1.2510530775167115,0.8608956227492953,0.7787907921148598,-0.19276111801565565,0.7192297712397304,-0.049921394687179044,1.1353578171347645,1.036226667789427,1
0.4993100020566248,0.1989177530958625,0.4097283496005838,-0.016253644445962834,0.21078627317747475,0.15727525153341032,0.6085383908277994,-0.031068501197926313,0.6751693010022028,0.41372733382860943,0
0.4151454734546642,0.8184529642714428,0.057445136312084276,0.30398592201165625,0.6519106514110009,0.17441875952663097,0.8864619923803472,0.34631254191203764,0.6745945050580727,0.6226319315469782,3
0.7726254861026352,0.2162806037196994,0.3462891385964285,-0.17783854163604396,1.0534706732331185,-0.2650850943341657,-0.3502323185402402,0.8435354881241621,1.1455499586989109,0.1876614217891489,1
-0.07150374157166606,0.8962310190316509,0.3123620703035246,0.6299824597934873,1.0368377431038687,0.8915695979787823,0.9692898079530028,1.1026903281856806,0.7547392647148243,0.1031093251396813,1
0.7972245802308222,0.2171378529760785,0.30639581440822355,0.3180869971434722,0.7559112139924734,0.8429885767981536,0.7347061701405386,0.5578936205996865,0.7749883024250657,0.16404357063940295,2
0.3354761448499249,0.711003334308077,-0.053464061228671284,0.25972984485526274,0.7834832093623705,0.28415725986335283,0.8789769676610806,0.4042204976577965,0.7971815641984941,0.5702217375893337,3
0.9880962444981091,1.0071548093821305,0.643617883923288,0.06526382052899751,0.14418600619650357,0.21467524991203593,0.07739908539557369,0.7870413628504105,0.9776830192836169,0.654750007425027,3
1.0533778543720465,0.8978442425685168,0.6689879965355923,0.602430367229042,0.7600549184836608,0.3244418565908017,0.4850867311189111,0.06426268984588432,0.9846146326336155,-0.017234293733013988,2
0.15030293912662096,0.9153765770970299,0.5228064067194317,0.8673431205597629,0.754101306662781,-0.5816918003765146,-0.1690894162847215,0.968111626006981,0.03618995297263872,0.5924849612218853,1
0.24051798074685882,1.0955985346078345,0.7716162849091224,0.6114045499124947,0.9692412604701932,0.3472894646608781,1.021502222953151,0.5080770216352894,0.6437892767591634,0.5656117629027851,1
0.867457653003706,0.32138788751758646,0.7020123929632528,0.019673490279824367,0.8800024830163387,0.018978396019428426,0.8672230969849772,0.6576061671633451,0.2197359048329251,0.7590147599256564,2
0.7902537976452376,0.08765183075234481,0.6949503226090002,1.166326222590123,0.5174985171466827,0.5578028225117205,0.5167905993026198,0.920867817487358,0.6676483628994192,-0.024527196040324606,2
0.06611803366663067,0.14697917973931926,0.5307652461575079,0.48652445546419887,0.8788365453515776,0.35060563794588184,0.5124892158514224,0.7393866762688637,0.38742939712037505,0.15315033556222574,3
0.97691954647791,0.6604244739376259,0.5284055093485988,0.8492907135253683,0.20279036284601248,0.49500245676419585,0.3148434120664624,0.5330401089436849,0.3113652445041442,0.6937121190962412,0
-0.15212685985478458,0.7201892628467056,0.12794329948659636,0.05334003162411287,0.35350256750010284,1.056691120897247,0.551748843714967,0.08779136794082709,0.8259096864385223,0.06418478093857868,2
0.8659627872048119,0.8643117465062069,0.9487037781373091,0.5832865962546694,0.472622570192051,0.7879488666930942,0.14239224116916105,0.07842960865445184,0.48459472887387767,0.08451501835980442,3
0.7975710579406711,-0.021765975403772397,0.8022936974016438,0.3396502201849979,-0.029563213915204903,0.8736388329646106,0.2450742784856511,0.5056135983917728,0.2298358731857263,1.0080848659810875,3
0.9716803256450601,1.0042570862288722,0.6412340322383542,0.027372166225506048,0.11535406807673014,0.20959050941151486,0.03895370486430898,0.7480306437445541,0.9811236400667233,0.690785648787043,3
0.2968393346269718,0.6154330737690127,0.9046902843993785,0.037370415010945505,0.7689086073284652,0.30144267275033587,0.7468057488411092,0.6473404521999666,0.11360178610624713,0.2618451440008831,1
0.9923650286589591,0.06822041362387399,0.42552561911446657,0.3504987258945419,0.1754486861312553,0.9291369123765932,-0.1073086175144018,0.6545608745923209,1.1090902003409644,1.2431543394748448,1
0.14832063737870896,0.9963722582774195,0.7164031517911142,0.5340630391831156,0.8440166557648378,0.23843791055836944,0.9468835098129332,0.37622228635497573,0.6868142274878348,0.6633988267453717,1
0.8682809148867594,0.31448201609098375,0.7042438472875524,0.02785490604419423,0.8932108274717819,0.014077125049015943,0.8618732521854201,0.6578381220615682,0.22105998902808086,0.7476297382162015,2
0.7099831274545405,0.25938735709273997,0.9255077720485454,0.3759852704919651,0.6922347805287125,0.37004352868562485,0.33409801294663194,0.028194016942728835,0.543071510365375,0.784336951875163,3
0.08424416583095432,0.2698322953282941,1.1743087034441837,0.8326491192288914,0.10560540561778052,0.12150989322226431,0.849809528887106,0.4253620173048386,0.36000243571605356,0.7358856959097255,2
1.0590234103643121,1.0996957780956456,0.668401122914729,0.5204321276960513,0.8465493623743313,0.23285490781719803,0.63179988644625,-0.028527567483519242,0.7872313831080008,3.0079446095010454e-07,2
-0.006330526491913568,0.8682770111009701,0.694506824970663,-0.06061646371515517,0.9772993544456722,0.2876328269566144,1.2705731666420692,0.36513039694642974,0.6846517775025964,-0.13961366200376757,1
0.051550191158585966,0.15777732473601996,0.5315263291279002,0.49083137816178735,0.875982802554219,0.33645513127953947,0.5090027811979365,0.7361787436909419,0.39242598889798275,0.16482743679883557,3
0.6267695698622359,0.5696545299458314,0.29559582761442316,0.29848063312752754,0.8389977941567947,0.31615623825205336,0.3946018933872793,0.055982756365276554,0.21719999729756861,0.17441085065862102,2
0.02916004821599689,0.6270527917288803,0.6943883422416375,0.9111583002123943,0.9640690023852788,-0.31369685307444434,0.010863795340045258,0.7280388221816428,0.6320324162423563,0.7222983189945231,1
1.4655366778926797,-0.2733106609711512,0.9404055978558432,0.5949558171022464,-0.007030132262782651,1.0229688538218142,0.1492778704349622,0.973845278874925,0.5779340980898449,-0.21341851127673106,1
0.05740568881077642,0.15370838413165921,0.5254663733150683,0.49600666911061486,0.8784870798863513,0.3377977397482169,0.5117641626152278,0.7366914927857268,0.3993808084338173,0.1588183581939528,3
0.7729581764733118,0.4541874184274831,1.0114361661066822,0.09568618586735866,0.3063192145384714,0.2807284258761,0.3182270647713399,0.7892173917976951,0.43602417252540704,0.6802193294519294,1
-0.10263189898073616,0.9055032736172582,0.07016370894625065,0.27075094788737775,0.8389627833942034,0.5828002952334919,0.5968689495508538,0.45715741456596004,0.3436766269172321,0.1584509764572649,0
0.8224478256380661,0.5894236790064286,0.7675788906895419,0.3733142604931671,0.6572936528165673,0.9388703182497468,0.29096098058605957,0.16791021690639166,0.22180221497740815,0.8411788435498296,2
0.6169472564128213,0.005360048576118236,0.0415587187195817,0.9573228977659596,1.0423014560373436,0.053129275667178386,0.12951706828515444,0.44625059632816744,0.5913479724028784,0.3301841305573514,3
0.1780139588750878,0.9469613388364151,0.644125942486677,0.534548631492673,0.8251808992975234,0.29973549945753697,0.9843780292012964,0.35084415690431503,0.6483943729853225,0.6200814066433932,1
0.3318759518544032,0.4930430854383647,0.36474782998889194,0.18880676086972284,-0.04580964185491723,0.4031898460336556,0.13347141930141873,1.066228218915084,-0.010413749448701354,0.2397100522174874,2
0.9874344930660137,0.8445121205590546,0.08090633265118352,0.7845893037090311,0.645855791670317,0.3219925072608297,0.9618230327209703,0.053061605250812084,0.2310541706289404,0.28529329529237396,2
0.9863709629477974,0.5575838769268159,1.1677170975065487,0.6538856708613188,0.6931861334469888,0.41695146024643753,0.10748764807947103,1.0376525012267568,0.2349485613618948,0.8440566683378891,2
-0.07904908970088582,0.03636494602858364,0.6524186285979099,0.4711487245211826,0.9561842229798176,0.3761857353932764,-0.18814749955312668,0.8170213506644755,0.8035159951852546,0.8318794615670851,3
0.586628276241101,0.5056967237638494,1.0771586746481117,0.4842952983295757,-0.07391894475340566,1.4207512051104003,0.343517326376746,0.6757282313595863,-0.15851593713486267,-0.11985454082728075,3
0.3402978531588289,0.19280570481786857,0.8793958048118249,0.2903567071849501,0.4523744739844755,0.4730379705466688,0.28075349315389025,0.3192736741408385,0.4665492757503785,0.342021244033999,2
0.9431235758088743,0.20288028215133158,0.636148776824076,0.6891805503261743,0.842576648449293,0.9144321012830693,0.09572596007265902,0.8536414514705339,0.7229926560361399,0.18368016368918827,2
0.38634828168525587,0.43322404073367143,-0.07005311367726645,-0.10820800143400772,1.0273978768261023,0.22767945732436776,0.2894516307419435,-0.002484917066395864,-0.07193175675454055,0.6672126022890185,0
0.5884673334657357,0.26339406958108713,0.44188819727679673,0.01999059185336856,0.14898426263748263,0.13701888909497834,0.5880766000784924,-0.0012124438615204968,0.6869522150522639,0.43660375703333826,0
0.9751336343811801,0.9966406814632576,0.6430661735179917,0.0037869912358358955,0.09810250896476522,0.2190024970328172,0.02810047230426414,0.7556094825759806,0.9786274547193653,0.6929640563431276,3
0.6517014845023895,0.49452534974458884,0.599607851760396,0.680840008703035,0.06075014984072023,0.5147603358530322,0.7514998087977648,0.5451321387766732,0.5539872806151045,0.07806148365543836,0
0.31934102196734654,0.40988463414257476,0.8627705544145707,0.6834528055714985,0.024781257932542412,0.12814777165946417,0.8437710999388273,0.5422984746979079,0.44878185181419106,0.8016654581426982,2
0.7976771171772629,0.055734787512890314,0.710203561142898,0.1848255881539674,0.22924259708060885,1.0139772362090151,0.3246657825305702,0.5386679378036627,0.27986365457550977,0.9130541078308795,3
0.7137440322079361,0.2289761363045589,0.9474009839288416,0.41402849822809373,0.6853263949591465,0.356381899658514,0.3457577843437455,0.025880586936942986,0.5476820150475772,0.8295870875829082,3
0.013855144339116181,0.6156086986622246,0.8131475129533011,0.22607555523007825,0.7284786718116487,0.6794852133326188,0.5307473306182212,0.08275058256934832,0.7801273508063813,0.019880446151623425,0
0.05842535186069615,0.1454649801596873,0.4806080734539662,0.4958806172459776,0.879447651746125,0.37557122128398734,0.5019840358757308,0.7677755821770835,0.38348397378577265,0.1157603307340375,3
0.1011170718584068,0.10212654556603006,0.40408154597738466,0.3148730291117427,0.8024357429691269,0.3659792211255204,-0.05606035399393666,0.7655801881721487,0.9574442213398695,0.8593167445590995,3
1.0704019248969157,0.15776270234979092,-0.06600468108281793,0.08059957553388791,-0.19337126739198784,-0.28696666402581084,0.16596571865235976,-0.15194385405343994,0.40902076189728154,0.8950949629219548,3
0.5006618512416651,0.3882278455050409,0.7839720037585938,0.21031032535758665,0.8604178080561389,0.769008380324203,0.6055703847444802,0.8578680405213904,0.5113785202961993,0.3740087335184273,3
0.07393581464664312,0.9472774222964023,1.2219460654913963,0.09949039404169091,-0.27053292960442415,0.24826626216761877,0.24137244893298718,0.8190013465202827,0.611613074989143,1.0561977461854117,1
0.6730097305241988,0.3760087100400051,0.40525181511001707,0.864390307892238,0.9334280373311312,0.14788480315639269,-0.2898781354560974,0.8749387932373813,0.9560802627622607,0.8071372889843988,3
0.06152363368702246,0.5698011127851313,1.1609208685972328,0.6768684391406895,0.2430851944532424,0.125635298276361,0.73370286678566,0.6255346415746715,0.4187387763510935,0.6210773222680559,2
0.45187028984456235,0.5398491579607034,0.06834562458996105,0.8373629687565498,0.29446297047258146,0.08505010410793934,0.9209279669276468,0.5609705924764338,0.683137154755457,0.042612442999375805,3
0.20194356933598062,0.4264452463807855,0.40800389961427974,0.2954603578145567,-0.04827721050068723,0.4151198420256861,0.16819180727680824,0.9184550892580454,0.03956391992484728,0.3812278238131292,2
0.8533025083314351,0.6772167485180032,0.5085374925761117,0.7910173007782079,0.14204884015508032,0.0685710256254877,0.5495803476464158,0.11408769802350266,0.509813484522531,0.812850059636703,1
0.10714465524880884,0.8687017643177155,0.701424013119979,0.6570014644892445,0.8209885778088553,0.2176974690166738,1.0533297092902683,0.40690573199016056,0.585660966349419,0.5397581253990085,1
0.5930200106310413,0.05998845748781809,0.11773705039960242,0.845573887359435,0.9367989454996695,0.1616160396611707,-0.02950206488707028,0.5286031483308921,0.6612013527857076,0.389239905035798,3
0.3344186358948464,0.8675433445694283,0.13805456454265913,0.2845868450899492,0.7579368192111283,0.1426276309861932,0.8047414482807593,0.30118329922825543,0.7670219896934047,0.6312546333413859,3
0.4206018960548694,0.7949277299046287,0.5815051470653866,0.7379662710622205,0.18570491163335637,-0.02201242878239132,-0.08974819622618971,0.8031350383861655,0.29864277047783927,0.5153493755718359,1
0.08277062821361718,0.13734505327829236,0.5109039563040142,0.5053902853906724,0.8743796734459026,0.3244853030354555,0.5337252269048681,0.735627079236568,0.4296300664415824,0.14807107520673157,3
0.7319337921632391,0.4548048608654537,0.6617845831011867,0.6928300499066145,0.32496644162579524,0.5636684172312927,0.5790113819783125,0.24255657166111724,0.41386571657537324,1.154345374481549,1
0.2720343040010794,0.5037224362054867,0.7324447042840981,0.07297458640153484,0.8892079012375979,0.30354529445749195,0.74008591342556,0.6972025595308309,0.05590526863987538,0.2672213287468548,1
0.060104402514007824,0.9000450069790248,0.3124328454923045,0.8838081953645672,0.7595138291729888,0.06212937865022854,0.04169363798201327,0.731127020039146,0.2181238097036997,0.9616570635605011,1
0.6293468012971419,0.07513265620051278,0.6064177597400846,0.14339641743962186,0.7088016793702514,0.2824553409799999,0.537108494502494,0.1990287945871092,0.6803340143545537,0.2850389555439479,2
0.9145852597775833,0.31909514762466196,0.7564059547471171,0.029640452692512198,0.901362083041926,0.015787505785832115,0.8958869139894251,0.6228584399801121,0.18026433977666287,0.751643330234647,2
0.6135709491950735,0.2245889768770778,1.2071959836742436,0.26571669708581014,-0.3810849423051905,0.3133355110014186,0.9678440452732655,0.766236624731637,0.45226406109688677,0.9134447722173448,2
0.25134297737257705,0.6610412302345908,0.7907572068319687,0.025118281771893916,0.845243037723602,0.4059523510557535,0.7045356932295387,0.5644538774388855,0.08858495028706133,0.3444911094631643,1
0.2053495876158214,0.29804528880248243,0.8560228037441775,0.7856347429301893,-0.012908376859592998,0.04291919204938108,0.7891969931603255,0.683006607702219,0.3759109225885319,0.9477609855370992,2
0.7965044323214905,0.9651010878535571,1.091244945787824,1.6674004811898469,-0.7630889662098381,-0.2860096518782588,0.8726767971386261,-0.15420884581234606,1.2805352608249416,0.7173049997757939,3
0.2531748976142042,0.4212138555400255,0.9435511843273756,0.7198454405482526,-0.0018509894323202368,0.17692909236120288,0.7634855819815057,0.6214808482320437,0.369454018988838,0.7951117236509389,2
0.7109504724100966,0.2560943258693249,0.9232807152505117,0.378808675244098,0.691439797778625,0.3711928528779334,0.33258872970860065,0.02640140736939271,0.5427953869351756,0.7875067648954515,3
0.09243622584708187,0.6264093828774667,0.7219193213786109,0.17019503735086255,0.9449455254347433,0.31476070504032816,0.7223094811550701,0.48738167088242557,0.029274028313931458,0.44081137610747134,1
0.5479262612959651,0.8341714857772174,0.9797527597952362,0.6202554149587933,0.3939193009015186,0.16465960142953828,0.14480106494415176,0.8501798710614206,0.7250954473778899,0.7544634735400579,0
0.08544176492533567,0.4373792323768795,0.6007567118008129,0.16822297369836844,0.6466270018724788,0.040169986284635924,0.7274742435617452,0.7752795956365425,0.5560183415540807,0.12186858963980755,3
0.4409019418247257,0.8372153680250635,0.05126808005192987,0.3388243290003034,0.722518415852569,0.11174314362059937,0.9024839833556383,0.3725294894245557,0.6887864424921879,0.7047622433826888,3
0.4590407247652256,0.1672233730888547,1.1509804693764956,0.5755144636250222,0.8823666610682573,0.34265267210467043,0.15425177005572135,0.5113040597815459,0.6465560128321357,0.713599169502033,3
0.9821097430756967,1.0233172071586345,0.6513816877278525,0.0076782712822213136,0.11782230334683921,0.22123815686365877,0.025691857504459466,0.7436567339336712,0.9722979405403063,0.7045157453800405,3
0.08095580873125768,0.2662812422019024,0.1676811998641733,1.0666395407546383,0.45697283866963817,0.31811105838779336,1.0249912628696665,0.4197901723275586,0.5209016513725371,-0.08400219563023942,3
0.28862994396951774,0.15610959899369725,0.35625895355574644,0.3675642103737631,-0.13520947598356267,0.3542616336584238,0.6223736931753905,0.7699049318845264,0.7249844694906019,0.6344545048876956,3
0.8733294546109902,-0.1377060440943121,0.8479665284668775,0.35675978865785124,0.25189673320479095,0.7637828404412608,-0.05110282702692942,0.7054844077301872,0.1669978105032166,0.8858922874167023,3
0.40784417515668964,1.0997987611747766,0.4215623175180462,0.6401212569789122,1.241587362578534,0.1582685229357627,1.1551804227108073,0.06362046776285502,0.6774508018297857,1.0831026791199931,1
0.19232185633335813,0.4335232575054896,0.9832592158342206,0.19141140635348505,1.0029562130608525,0.3549954322186861,0.6124040929017938,0.3491241938526215,0.32542579582070597,0.5622670525997309,1
0.8009042488425989,0.5891209731599757,0.7757928505113967,0.36573317053385584,0.6314827635305265,0.9405026564712515,0.28604308297852127,0.17034792963977782,0.18920185322097718,0.8473681910818007,2
0.03693988887063149,1.2072872436898776,0.7460946988340534,0.7802178230918724,0.6602973203494111,0.3613518296396376,0.9636942968543001,0.4639811544878315,0.8144541546135321,0.7763943958308969,1
0.9850172839242225,0.17112020724107285,0.7615836464703368,1.0646395364624905,0.4269138621871387,1.092810627971671,0.020229639678216255,1.0539874173499595,0.7885843221083203,0.3926867424921675,2
0.012490682850951456,0.6140553746242853,0.8141075418396119,0.22714464242780344,0.7299132281274398,0.678809695796398,0.5313830845906458,0.08208496256505449,0.7783704106239591,0.01869040355348229,0
-0.03094760989558777,0.9806426571030791,0.22800659803381282,0.963268283373841,0.8387898909127477,0.09753490989859087,0.020148894114303633,0.7511613717218746,0.1979958255221501,1.0212266666075132,1
0.97411378145936,0.9938104972758903,0.6429330917354767,-0.0007822668334759864,0.082193070337965,0.22125739058687416,0.03210662290085507,0.7443298394723479,0.9771951793090328,0.6880994563566109,3
0.7576635415290008,0.4712145075310905,0.16744975761929168,0.003954929995407266,-0.06760495430964408,0.3111351862498675,0.6558508574588107,-0.1328232599473417,0.5347807681116256,0.5526664216833475,0
0.6780781729712938,0.4817130590859373,0.6163833504748925,0.6527510437865393,0.08027736128841623,0.5085609305283686,0.7293374685508557,0.5189917870171538,0.5141034887257754,0.04173971434699945,0
0.01723960370314271,0.6185190998460728,0.8205358523702254,0.22629875668197427,0.7370204190643206,0.672394549724016,0.5238406210954714,0.08237038291696275,0.7724171990559173,0.01716173527340334,0
0.9311481882366546,-0.12456579548535743,0.1023925249756138,0.31846194909508885,0.21184880324274274,0.30585926416132836,0.015525831136930256,-0.023097145184184792,0.09627504533724818,0.7062013700118117,3
0.28044310824703816,0.0997535820075332,1.6562625731375875,1.1938427290671214,-0.5656128599964868,-0.1336087011125912,0.32708251235759717,0.9704606507980892,-0.31816025964635913,-0.32510059274826075,1
1.314506154712948,-0.22923732271534425,0.3661419538618388,0.8171540309303392,0.3743319890095915,0.9023542714559805,0.12143934931833289,0.9668948097595588,0.9322615697303338,0.5298957537283728,2
0.22356906472003424,0.21713214854283558,1.0051556620988955,0.6938204106577308,-0.03381995150221233,-0.01110084644196771,0.9581299002273195,0.6668135308005534,0.34512370904880163,0.7872392619537062,2
0.6922812626143494,0.46589491864492033,0.5870776932627896,0.16192974672146154,0.6400856766932879,-0.04639314718294518,0.535223709149775,0.30201232552070545,0.7033900778910815,0.30324199402688357,2
0.1431348204212826,0.99647883598747,0.701024427289509,0.5361007979175669,0.8308897204134387,0.22011499789086492,0.9530793157326327,0.3727233937554734,0.6819828019085334,0.6759609466539338,1
-0.09813411022224927,0.23180659047677954,1.0657896493137584,0.22142009303092336,0.4792403248164021,1.3538917878687218,1.38520453222492,0.5662111418003866,0.7630396518631779,0.7490389392347674,2
0.15764824891507476,-0.04228955236617238,0.5408311521401759,0.3701551794902438,0.4037541162632092,0.5473924113839066,1.0713482331114452,0.8203092836219279,0.8523365219153944,0.25102629439277674,2
0.30384491543076064,0.7857280470611366,0.08807130936617563,0.2404949202580539,0.6611829369588702,0.20711300678000646,0.9639052275887801,0.516798255151598,0.8329553780116093,0.7837927516791197,3
0.059219220307693304,0.746857852183689,0.03885692914102558,0.3045227065995355,0.8607577484190969,0.37019233694026654,0.30072375359620895,0.3194973104996748,0.12662212137058973,0.3487118885104668,0
0.7664302399332967,0.6000082155578751,0.7591371506181454,0.373519522435634,0.6638062202047245,0.9031441411395214,0.2616877343122861,0.1410457702029715,0.1971282410812514,0.8911795423509454,2
0.942767364758426,0.7842233458984299,0.7222125190037783,0.6556341862224224,1.0234800866790907,0.31797160110814066,0.4857781911147091,-0.07377657516840994,0.7937611674982682,-0.20541813110435042,2
0.15995782832092972,1.0302503644247245,0.20132251330452394,0.8236242028255089,0.8711374875390367,-0.006388135872755302,-0.03326660499393584,0.7028301343461629,0.15125773787458457,0.923994112073615,1
0.6617522356435331,0.9120641011778662,0.8396160238877997,0.6162820079513455,0.38676925287064107,0.8110588939350483,0.19950017037031412,0.23735894512306444,0.5968839292587088,0.10780355222579174,3
1.0989011744330068,0.7435454601291817,0.3711694220077805,1.0150909413821507,0.43009252922359326,-0.1359130641094212,0.22094398702229412,-0.059147094053394744,0.14478850116776065,0.5718862674705106,1
0.5011309364833556,0.5268205548161805,0.6959192037081294,0.8066185696479367,0.16530473966635834,0.04286125113768152,0.6737352560264199,0.47352352430963107,0.42239308738446574,0.8403198905535971,2
0.39080265647408696,0.8844937573229935,0.6034788700843623,0.4881672126113562,0.8071187385277449,0.22822608852374177,0.8687043307488871,0.2532354357524441,0.8771009651877313,0.681635737060598,1
0.09649780149871078,0.3790156913209926,0.35645595872730984,1.0179844392443573,0.4649441703781582,0.7818821976433648,0.4201762278125865,0.7094752986445565,0.49467203734455967,0.6250904527137199,0
0.01873172361312505,0.9317374021317533,0.25261106368469827,0.8666919020513403,0.7987740488483988,0.08385815688620006,0.030999763723051563,0.6917840014950377,0.2130616100444324,0.9932214998140418,1
0.7989093368171452,0.18182534344195522,0.2966400378324081,0.26721655399783106,0.829112750407338,0.8980006683106447,0.7466834175676855,0.5541987621607355,0.815937506018393,0.09760775467618163,2
0.5537162137566144,0.18146748094711115,0.5416883960275596,0.24769819457811953,0.8259894061213048,0.28452712734532104,0.5196986368573008,0.15568129683391907,0.6945707738493189,0.34544044810062857,2
0.2021798229366643,0.3540649032242159,1.0742072772932865,0.20712914930000526,0.4322437288882016,0.4665550288566961,0.49964774404662354,0.8598583333197709,-0.265532969592519,0.2285153575741481,1
0.9937369245627196,0.7684843359354395,0.862348243324368,0.5188818152783563,0.13993699649429814,0.3874406802114797,0.17044518418693377,0.7485142700137359,-0.05374623815878786,0.3817275077411182,0
0.48854072516932856,0.8375093288042543,0.9447128006379172,0.4268718442461211,0.8524495555872841,0.902009069076932,0.5524605288470357,0.44627736854765243,0.8031040912422737,0.43222714592227357,2
0.7266431230437934,0.052577198538136936,0.7400332817576634,0.2345276232241598,0.0916580250812344,0.9554509443540603,0.18671699062447966,0.4922882433349199,0.2009241186271127,0.886321208407839,3
0.37555273711831016,0.9294882321732469,0.1645056381336093,-0.2760280633397285,0.5827184871972355,0.7173042479793645,0.5752721389541943,0.8447152952910284,-0.15897743815283033,1.0073176367581644,1
0.74717815830025,0.23221452402767817,0.330255151530046,0.2540581261666845,0.7804903921423957,0.8746692553841571,0.7727585735351342,0.5501506831305604,0.8193916476531885,0.05379549479201514,2
0.22358562660430162,0.5780990335635826,0.8643967982890817,0.0701285747141123,0.8212374307964648,0.3823570862400766,0.6786090362151471,0.5789685327687788,0.05124936125171081,0.35344537303635226,1
0.4435560202948727,0.39598153322601803,0.5200229337672465,0.2229191408671025,0.33294917410145447,0.17230786456431385,0.5975615507651169,0.0728674266110421,0.5488183209988137,0.4308395859916302,0
0.13732943538810596,0.8802013765738792,0.6534100519697784,0.5364087836056172,0.8174476020175928,0.018407843219690606,0.9769941385950607,0.596017365032182,0.8311139527244052,0.7017892592478988,1
0.7938417936616098,0.5764664389998208,0.7630396720598839,0.38346346932841724,0.6480554444162524,0.9488232219222069,0.30489375656672724,0.17680696228713313,0.1734273224966115,0.8574729068872036,2
0.011429114171527002,0.6114625644621977,0.8109670910927413,0.22976173910308306,0.7279910583127943,0.6769341544003742,0.5311016558238583,0.07995603426188927,0.7797268693538608,0.021716678859594083,0
1.0589668497865945,0.5592727263055911,0.6758832394294715,0.3537090379292848,0.10771978621206217,0.7845345872163516,0.3659529154741812,0.07451058247034817,0.5809505207041756,1.097711774039128,1
0.5021128806866433,0.8362606197948123,0.8932773931933804,0.4388727217750938,0.7874578747564509,0.7890241762006495,0.5255330085642185,0.32980751142533593,0.7530667933710309,0.5084985242490628,2
0.9718937296742811,1.0075149750601762,0.7915631682476466,0.46956820537077115,0.42233083727732246,0.5187237088388028,0.16879951168507956,-0.0836625816298911,0.3943534120153943,-0.262951003845311,3
0.12363331855228689,0.029833498880430125,0.7542029860809393,0.2933180124776576,-0.01182117828295284,0.36687634540837666,0.6330468501260896,0.4205744659563951,0.5632178525135806,0.24873936447190848,0
-0.1667288893268472,-0.6076834411901284,0.022178130653508266,0.9235681456663101,1.1611038398748086,0.7187212636664209,0.7097005330870609,1.4140050852716521,0.6269783921501085,-0.14880095010092398,2
0.24412510634845375,0.7552011583565245,-0.04905411017368491,0.13135794386567592,0.4871919323994544,0.1571010063506433,0.9923876483348639,0.22187293748417003,0.8198777686298294,0.7176386109180932,3
0.4715525585490049,0.41106196937680817,-0.2211090171641651,0.8536180269179245,0.43762198158506505,0.5906755924331484,-0.21295391786897858,1.289360297679281,0.4432118713983706,0.6574457441522217,1
1.2020897737550535,1.2075183732267292,0.5421454257017045,0.5230302976127819,0.8262266526202253,0.5020386743658635,0.5438410337846377,0.2143441900291001,1.0696030111736459,0.07448252686828372,2
0.04665035060993257,0.9182472527820846,0.7357262826865001,0.4353948206723547,0.8136622041934346,0.368080220834928,0.9065929161047719,0.22777942769368112,0.7981127576261563,0.5371214124227333,1
0.7053360763726396,0.2226835242324504,0.4840571366895907,0.12824084327883967,0.5959113945665072,0.3409271923066959,0.5730116036759034,0.2151097152085556,0.7497752692734266,0.384252692407995,2
0.1858311297347168,1.0264039617403231,0.7288569795899587,0.5823506728703111,0.8474095246421764,0.16830787760311222,0.9164871323785659,0.3885455543051334,0.7490614454043836,0.7233811034973794,1
0.9058280169956905,0.6707886747877772,0.189733583737904,0.8040072551144998,0.7739538330396469,0.5268134820893037,1.020983477446863,-0.161075554253983,0.41270490835317075,0.4159747584728489,2
0.253809909321699,0.11768772725095489,0.695327952625499,0.6142066116523314,0.43805935258780754,0.5880109054486934,0.8575046308781569,0.5460886867610717,0.5660871094276181,0.604036298034581,2
0.7587694057131216,0.19519270578656073,0.3070598565833457,0.31882557472359774,0.7909898748897478,0.8996859683033512,0.6831447863498716,0.5927385661696374,0.8051177032510872,0.14435533280826884,2
0.6956444125750874,0.5287204435156762,0.5598466735714632,0.6818174784526937,0.07516947369529824,0.5252649824290523,0.7212649458806275,0.5665996640818077,0.5896547547986666,0.09429842208362653,0
0.3553130582293242,0.7884695360254472,0.6474711633358601,0.271689554465781,1.1001319296257708,1.0665062393918783,0.9917205399338693,0.5494026918827429,0.8625070510307582,0.3691484195807539,1
-0.16478990269203797,-0.11161238376907356,1.6944528481904118,1.8685800554019403,0.2681530635931526,1.0680319899369741,1.0950269495536404,0.9825541359203518,0.6636037635234098,0.03728677022186183,1
0.9944061226782689,0.2813726571761587,1.3213922689251927,-0.1543247979976356,-0.04067457073865155,-0.1391063396434531,0.5516299180242821,0.3648772618667214,0.2805170766558165,-0.030121697691356808,1
0.056044550882181375,0.15410251230575092,0.5256234495544241,0.4968598350494106,0.8784213236225495,0.3377692884976833,0.5113062302691943,0.7382796263610584,0.4006161199859924,0.15743502662630735,3
0.6580886910063201,0.7980428672023941,0.7862362086217931,0.7130084734598675,0.5217584491770122,1.034659401580216,0.060393312319436954,0.0015878114194459447,0.6254147575325384,0.2514580366938755,3
0.5728446345141696,0.8011713101218152,-0.11738177198435107,0.5846015033128786,0.07175057244270182,0.15270487532402685,0.5071409826751527,0.34765289048880904,1.077992272895463,0.13915691756916504,3
0.13870580696756418,0.2615817970065622,0.6053131817920925,1.1154282044962278,0.11974202326183721,0.363682455128326,0.3978369902379568,0.7454061803001507,0.7457412549106601,1.0075260243717328,2
0.883538746406465,1.040376573456122,0.6127016590213545,0.8353347544369046,1.0076248414049762,0.3371229666820169,0.18240150436622635,0.5861718939531804,0.5171255759248875,0.7496914804789798,2
0.4099455520676851,0.33126331029992606,0.42094065025848726,0.7516973341564446,0.20655303105101247,0.7770033052592586,0.9377502354148605,0.6142919965438313,0.3581226911166417,0.6480444945018328,2
0.5059375994404409,0.8328066321877289,0.8903042598238866,0.48986350895102754,0.7760632709342854,0.8243399834435371,0.5577226896777675,0.3539629824193056,0.7465509653945546,0.47158672590135814,2
0.9324330963868304,0.31459946255373383,0.6830300772514483,0.04884459909381696,0.944443460876116,0.027879941417060287,0.9052332123876028,0.6589622194624596,0.18841993277051075,0.764706419161225,2
0.25706752417630035,0.3508222224097658,0.44388456771949497,-0.03583630100540114,0.807530569858585,0.23901522383977067,0.7309574925999299,0.42957712196097825,0.23579499819950242,0.45038401283186774,0
0.7677040162843877,0.7107434195030465,1.1390418573296652,0.8759732302437441,0.5769698618845912,0.1940078517119223,0.13503006610556587,0.8718006184868625,0.8942961210212476,0.6728452366371684,0
-0.1938674730484512,0.8843330819475244,0.3630586235290453,0.006312409985705536,0.604992818557055,-0.0029039119294085314,0.48280504923498146,0.7968792401161482,1.6460107633240635,0.4965203595904538,2
0.004678764837826185,0.6873455695110107,-0.03142212349943571,0.17788929409846652,0.8123071074648098,0.36932263494678114,0.44355758624487845,0.32950620619497,0.11474115014702414,0.3881928273302463,0
0.3458409121360919,0.21042239680791153,0.14793763223151418,0.6153610546094008,0.5590898693998321,0.4203938175247161,0.9041136372289893,0.23642349985294547,-0.05679231168619539,0.5635247609437758,0
0.4621469432556552,-0.1264176493901568,0.16958107610395412,0.6076571996073797,0.4646514642672065,0.8256332038776832,0.777856428642915,0.7885630281523903,0.3320562166527218,0.6426756609317616,2
-0.0163820193426666,0.07308681628081426,0.4074954702976795,1.053371473025414,0.32447867409337616,0.3500745428082845,0.9052104672517299,1.2821181030774809,0.31664243573666123,0.022737322565405504,0
0.8459771135469123,0.2973453803263403,0.6710520923452573,-0.0011397339896795436,0.8955975433443687,0.028867374827616355,0.8869238359285335,0.6873912401085799,0.27894439948975647,0.7988041076467343,2
0.9579589332529034,0.12691425662173314,0.9381345562865199,0.29658561706918535,0.4102826755936734,0.3951406357881068,0.45093315287160873,0.5965924861935074,0.4411194728836196,0.3566875383759926,1
0.8742361864860505,0.3065612875437342,0.7190622635076724,0.03685415105620117,0.8907414591671944,0.022707830183390343,0.8780868356621808,0.6525722652758399,0.21735919217748434,0.7595009086230513,2
0.40562493074606754,0.7951951669924887,0.455116441754218,0.5825581063979358,0.30196244633274394,0.3991506209398027,0.9585826166592409,0.31014664773362177,0.7034549151964107,0.24608917741625044,3
0.43710457250629103,0.2401223711149016,0.9699862634995596,0.3588725346830348,0.6001408712738937,0.32222890291079487,0.26757863430320056,0.46981011001251893,0.8538537842976494,0.4389481823422471,3
0.7933997856169067,0.5838980183938459,0.7752884736072712,0.3702390517264468,0.6435406548980507,0.9215536097202538,0.27358243877005683,0.16678248952198213,0.21456241431948458,0.8625801919874467,2
0.5835681133609285,0.7723898015067473,1.0078253927114176,0.35208171359387247,0.758212272632158,0.7202693367487568,0.5452358800337488,0.474392197162213,0.7197327881059501,0.36141476710149895,2
0.5127749804020106,0.7551896527157712,0.5058573991014192,0.47070683470016483,0.13495193527080868,0.29809550910343985,0.3041129796538061,1.0817513259744451,0.33432862046671846,0.3765410370923449,2
0.8048108988723057,0.5822212814450128,0.7730531215901028,0.377952183887609,0.6360589925948171,0.9335230115949023,0.29201901996967455,0.15946960016092535,0.19990260729615825,0.8572965262194711,2
0.4844473222661127,0.9298867601861104,0.845709203270241,0.5448519798051719,0.6140771761801795,0.7463731522449578,0.48734513453429906,0.33052848678411495,0.6647377875895544,0.5794895553568746,2
0.9787295722537296,1.0055002464184508,0.6487825872296497,0.004913986100463837,0.10283200283152222,0.2217691109502825,0.02936469023201905,0.7584407490385473,0.9881526591939097,0.6920358428104211,3
0.3611245160564492,0.2097874596313057,0.08395850059894473,0.6927212169774316,0.5433995169861566,0.31736798005316097,0.7825296766427884,0.3370648134001004,0.0383358367919672,0.6219520920062622,0
0.786062821067053,0.8094807693300693,0.7980720033726437,0.7713056609034432,0.845963256974301,0.3148528823533857,0.2754168328309561,0.7130473449375876,0.41965139225627923,0.6380724086248334,2
0.3996288396819151,0.25893725593817457,0.00578807026414202,0.7115137658978445,0.5253769325684812,0.26580298766468335,0.7365675406319013,0.2735226526198028,-0.026354081299497484,0.6749650597040258,0
0.6503802085796223,0.48256699101040157,0.5841262350178456,0.6737841103667361,0.056865015852870106,0.49867827460310055,0.7510934633185071,0.5405955587710608,0.5369261442374419,0.07164207613528348,0
0.8016079898646724,0.6367190568162395,0.8251897688158291,0.350851970768559,0.6083659916147569,0.9403058270939877,0.26300297008198864,0.17131551419911595,0.19157433404494756,0.8363728977270471,2
0.8523573363799749,0.6364389350765554,0.7895701278080276,0.33498041820227964,0.6638095320560176,0.9483864881647884,0.3010694456800493,0.1299831694734094,0.21960130446715972,0.844864472416809,2
0.9431966411391645,0.9232379765823001,0.1744229872062348,0.7738412024808785,0.5644445644948297,0.37162525156860626,0.8774993450368992,-0.012206084877893361,0.2763977734483131,0.33595716479873916,2
0.7205943185502262,0.0886793263413459,0.77438050512216,0.19743631228550043,0.13146833773878744,0.9390246902235705,0.1885865573759084,0.4774883357558912,0.2069779913098308,0.854351242493539,3
0.011896551129539155,0.6138920368909425,0.8136115164337964,0.227827016378732,0.7292572654288284,0.6785651826542862,0.5316987500913356,0.08209809639734282,0.7781174883100157,0.018041739607390535,0
0.5110235621222041,0.8458538844199744,0.9000732929481084,0.5089690018993986,0.7489351306659998,0.8527375282432823,0.5323434388148339,0.3315031097005845,0.7411378098470232,0.46315547942393864,2
0.8277303515722085,0.6713295874540182,0.4466458168355828,0.7149381597589425,0.15650193674189547,0.04509657674270305,0.47658550005753175,0.2076151120836777,0.4062998745606309,0.7105490070015977,1
0.2467770234437442,0.41409227383065256,0.9416850770725614,0.716482882704709,0.000809148133434347,0.1736769709825273,0.7647402054839261,0.6187374542087626,0.3691867018917939,0.798352453230901,2
0.8135822278951993,0.8343665355164611,0.762946430120408,0.783504549905535,0.9108373914771265,0.25430350067586066,0.3578509023229028,0.8094298422109477,0.31886921275332303,0.6209377047165,2
0.7028557556161774,0.5087613108023933,0.34312119385355155,0.7161997491761043,-0.17039479508092675,0.6468051336382838,0.739457740163208,0.15632775917443548,0.62532279490854,0.107663998358877,3
0.13316331768483608,1.0140910709851132,-0.09764820435609217,1.2369897119911704,0.2938078992319835,-0.05086521335821273,-0.1668306351141421,0.6142500583784569,-0.21325469477298548,0.9805063780467937,1
0.4615809140937189,0.29029591759675605,0.5284379427284298,0.6778507004025245,0.32712794712154053,0.7828819067642442,0.8435684042737951,0.5802500363268716,0.3831122166780328,0.7228912286015109,2
0.10477199836248546,0.21761568446870813,0.597068976382098,0.47447215012688215,0.8821974477922933,0.3675652641153702,0.5499317789133683,0.7125770657296524,0.47046016202455043,0.1423157751532883,3
0.06717457220807106,0.6265143421107207,0.37904683449292054,0.559553492045826,0.09587839544310595,0.33589833811888786,0.781526289478416,0.2490862165171791,0.28701162606355707,1.5565975165736032,1
0.6500133768772577,0.505850760156895,0.6197704908405193,0.6958550290030996,0.04445440357546383,0.5210715569841294,0.723545538104666,0.5438215736704959,0.5555238936895811,0.09983028763623043,0
0.646161278852897,0.760987883503663,0.8536292873984278,0.8481443068039688,0.7899584038082841,0.2583242943851061,0.4878015401419938,0.6952334108449965,0.4175534348522185,0.47309561319213467,2
0.7879977132394562,0.5717151132238864,0.7689624659556482,0.360253503881589,0.6396326753184153,0.926779238201044,0.289440281555521,0.16932817771437308,0.20129137183175336,0.8596161369788219,2
0.9923512767723905,0.9873613477772266,0.656936984199906,0.012176298390944397,0.08715206050098284,0.21460239634635206,0.034767608719935526,0.7633863909798427,0.9647722198524508,0.6867369530798152,3
0.29986086609206714,-0.05499511914889854,0.3633564604426182,0.28943710007093537,0.4165338015574282,0.0009086005404654318,0.7512753042436169,-0.05124418234303918,0.7104296900837309,0.21771614888373886,0
0.985284244112011,0.9950888959135026,0.6346106409603317,0.007130850341188945,0.08324320919824783,0.21809655889013288,0.020669733179609705,0.754882705381373,0.9724356975721961,0.6856155797135478,3
0.543084292774368,0.43965820087034846,-0.06710059081301623,0.705714591614024,0.26508908715024315,0.34549799710407014,0.7856870712297854,0.4166930182536256,0.7013633745002898,0.4848028484674398,3
0.01358553052419276,0.6150645295658628,0.8150359765043487,0.22824648022955396,0.7301757961532227,0.6786451876416862,0.5324666349746683,0.08340417056967148,0.7780315121015389,0.018522402299458327,0
0.46868925746124335,0.7704742103195314,-0.028723390281078898,0.25561948586863603,0.6842561387111322,0.08979467639415865,0.9128932189577093,0.3479780254292985,0.6863590785014968,0.6186931864316221,3
0.17477800751691236,0.6269658860769219,0.33685202009375403,1.0227313237426956,0.7222961324432409,0.6314369658689591,0.32373726303607564,0.7282586901569303,0.8207942880020069,0.5308122802806462,0
0.12573903735094336,0.9455761734289692,0.7506363702543843,0.4968624126133412,0.845379821812142,0.1893590241239294,0.9152029911391615,0.3142270872746985,0.6863803586706467,0.6894971375101154,1
0.22702290871703681,0.3651999793308336,0.952533683986247,0.8202415695359184,-0.1609509594725404,0.03904082975109632,0.6817742376166568,0.5220048325136439,0.43165711582469274,0.9120105645767453,2
1.0791347391877653,0.8497360969338283,0.3465640611682011,0.5580111512094115,0.9374088429978144,0.5627309260338258,0.7740288100358086,-0.20137125422303637,1.0019645477264798,-0.19109055933872468,2
0.38977873761643494,0.21899372559445046,0.11578981949334836,0.6906268900796858,0.5138995484365447,0.33591821932510013,0.7625855225087879,0.3408589225956062,0.022678106703652428,0.6097366905392706,0
0.8598798021658132,0.31278658320427744,0.7183971615850812,0.016392662438962462,0.8897968077867986,0.03457840310975175,0.8834735812701634,0.6480646721906882,0.23583496001852777,0.7522518651117764,2
1.1721507608184554,-0.24357820625724097,1.1025347134593178,0.5522655266763534,0.6799091694279461,0.40941685065126343,0.5282147316921695,0.5895634908573834,0.20145093121519853,0.6826706865724674,1
0.006610873129345793,0.6150305623687967,0.8135274021714175,0.22446060765927733,0.7280652072758219,0.6808851524599973,0.5325323873850352,0.0843688648221778,0.779531477760707,0.024101558758346967,0
0.7798473271716477,0.570703577971236,0.7998097653548417,0.3677073098970004,0.6500512947936773,0.9396500720577329,0.30446179455743155,0.1580418213717352,0.2048115815465271,0.8707607526358883,2
0.7707909868348188,0.18990343740580756,0.3167438531084896,0.2736159961565235,0.7684762118405355,0.9164123743770527,0.7098781615875633,0.5689488570334125,0.7829776302658162,0.08239524757717986,2
0.5068427286807731,0.8218882191636152,0.8768897073211506,0.4802435942474319,0.7652320559557435,0.8220141273819169,0.5392542697208398,0.36109692774347685,0.7371349157754166,0.4659557960995519,2
0.6557591411797953,0.5096114365613497,0.5955662153444734,0.6938996166563118,0.037861891476661275,0.5232215168821532,0.7393317206826687,0.545353403610612,0.5690633474834026,0.06873104219456513,0
0.20338352774605806,0.635696006528054,0.788826294015574,0.1481953571375053,0.9070976707442924,0.27935795898768734,0.5800225906195077,0.41574601187790894,-0.020044489836421098,0.20837869769654493,1
0.011348061015302474,0.19069511988027038,0.5084811405705452,0.5023254236726316,0.8315886256604388,0.3632592239861823,0.508037082871393,0.7877851613664627,0.3993855056642155,0.1165427633815439,3
0.6761564050730289,0.5212389569328726,0.6142424068059232,0.701478981364546,0.07750529267643783,0.5051087552042,0.7534317755481509,0.5292755526532269,0.5439238774917404,0.09251457042724472,0
0.3311134555910848,0.8359539553452985,0.7250079106596065,-0.04895067354623005,0.7088981027739022,0.37264910783599225,0.7568366421104205,0.7011178496194704,0.3515211217461407,0.23841389840666713,1
1.723984988333105,0.7967767095340306,0.9071000026574239,1.0975336809388692,0.6845685070051262,1.1261519933252715,0.3889821628370324,0.26085424167988286,0.10149640771047519,1.1670412981214058,1
0.6488174342728957,0.016740581560511003,0.08206080679966575,0.8754911544663262,0.9369864310486439,0.13056510872355667,0.02472030256539953,0.5707753129969754,0.6853517303177068,0.4143337432060169,3
0.6274886109905254,0.34648135266518043,0.49539765554782106,0.7478477193304951,0.8136242868721116,-0.02487030913188984,1.2494288074651458,0.23697967901417283,0.639120664000661,0.31107865538558604,1
0.9245865657764931,0.8851136524146171,0.13209633146400074,0.7973847625810875,0.5856990167822994,0.3334340391838161,0.9024007389312286,0.008105915995482542,0.31984696711199506,0.3102729396302288,2
0.8133456506927189,0.18121554831288236,0.27674660177220667,0.23308051822400794,0.784717803541743,0.8998591765155699,0.7016217069052872,0.5417175966669254,0.8049714076640538,0.08711850677452042,2
1.0591872083218141,0.20391756808939804,1.009401869347716,0.32569339352987847,0.23626221949550041,0.20283559549263483,0.4343037688428996,0.7345734251019017,0.6139712152708132,0.13552155742121824,1
0.7371988277074069,0.027749523984584662,0.5372044450631454,0.03201119864652108,0.6288169095996266,0.4466684092210792,0.41403064411844087,0.09846663880830597,0.6922107020797718,0.3540867463193019,2
0.6506884715552262,0.179524682369905,0.19864872870356295,0.9216806402065827,0.854970905998466,0.10290425543984683,0.015254258805138594,0.7201391148139642,0.6175015222141393,0.5835873059123298,3
0.8919249707263179,0.9027636975938612,0.10065390378112163,0.7837508349514432,0.5317916889490698,0.32464065694112715,0.8833732013285119,0.008578884316471306,0.30251907498191466,0.3421111855264411,2
0.10134528289536053,-0.0006979507002127933,0.7071694728146458,0.320634422966808,0.0006278460004262316,0.32453105079749855,0.5576296838818273,0.5109543763576411,0.5566030769594212,0.1657082871205749,0
-0.035668223515234854,0.5708384880234455,0.18891994339160006,-0.08834896902399819,0.41140973543405096,0.8060510938244356,0.2994403830607076,0.8077173146954195,0.5055305922904748,0.6495449301497003,3
0.08347192928397884,0.538046574407937,0.0910388489961676,0.2011740030550425,0.7542953784369831,0.5633907507064,0.5363074839790206,0.4294611486888327,0.2948822636711027,0.309029233226969,0
-0.1578152607383232,0.5221355842070654,0.7731424712247206,0.8072644089156442,0.8096133478245592,0.8916099502278744,1.1994693816411828,0.3819383381175561,1.4919533719379419,0.5808592935675471,3
1.093517289432989,0.3480642268672023,0.7559853939138472,0.2700070783308029,0.14914335127283956,0.9348496752218032,0.4405259923586699,0.1553536840717298,0.6565785337644285,1.108383413143633,1
0.6167911926464413,0.2616822830925039,0.9543995157870742,1.3354629682875654,0.17742911994383148,0.8377572345812002,-0.05405253498995971,0.7640816224560446,0.3584811952237213,0.7188447576439605,2
0.4079054591663686,0.8257662234598901,0.06588977202477103,0.30204404442905064,0.6648160720345727,0.1665079218189858,0.8812931779779634,0.3379784051901685,0.6866873421328695,0.6143217137541003,3
0.8123940350181948,1.0109516101453504,0.7223785400111734,0.5351807820723735,0.3549301686797306,0.8411612727648633,0.1421489215410851,0.27090369849605145,0.5464695134765684,0.19710242676591766,3
0.6632480272942993,1.0164652526388325,0.33246395224120273,0.5999140790638846,0.7613130939366485,0.15734718708059026,0.6674738688415818,0.9357152813863953,0.0016684435494439542,0.31073623931508654,2
-0.06751567899698718,0.7867393019874585,0.4755570228996734,0.8730025916699153,0.56083629025983,0.8277460870146958,0.6494768698646993,0.4293149761294188,0.10626372959115599,0.15829415216076026,2
0.04676780840064048,0.6361318916230599,0.0771622359830702,0.23770278683305673,0.8409249923283008,0.4653301086599809,0.37514208196813,0.3933432073813342,0.2358288041501525,0.36347443724523343,0
0.9299667537916225,0.788625808322838,0.9425701879768056,0.5055163549824112,-0.24797362068531897,1.0568023735582774,0.5478791917760597,-0.4823296281260815,0.4817269225831402,0.49620620266535187,1
0.6092506902624073,0.9117179419462356,0.6755205288798576,0.7815378928243849,0.21096643645064694,-0.210303607773985,0.3159341563548594,0.10018418923011622,0.5288476972633585,0.7012876606537118,1
-0.12914695054283667,1.1086629700917388,0.5890383618301263,0.9867836389102973,0.5460097784461116,0.15466945584545777,-0.2416191586301637,0.998499930390076,0.16875749199732215,0.9230182597546093,1
0.6556588506167877,0.07718704419478369,0.6110099236207055,0.1506350619003748,0.759216994979312,0.318903843213868,0.5382343907694284,0.19489005059121733,0.6350369298071904,0.25341871085627876,2
0.8771312636377153,0.310221098867794,0.7112637617295043,0.03048503186643738,0.8931401679781655,0.012994308674852958,0.868121374298971,0.6558831701149718,0.22313642428873234,0.755718040343446,2
0.4963291257547197,0.193008058452839,0.9954365269009637,0.40568825854426693,0.699791054580423,0.2973482935902866,0.3436339119848374,0.4283101742709229,0.7621356158306745,0.550726194473636,3
0.9962337632229664,0.43660467952821025,0.33286827327221413,0.5187758079717664,0.9810917377836402,0.668565173735389,0.3494685904003684,0.8363116365344886,0.6628704608987711,0.34200570994470414,2
0.2922156270939756,0.5363597845359317,0.9148287561210822,0.8297493237479752,0.18425898886531475,0.3942047206072027,0.7827144979157492,0.7841223595109381,0.5927647460881436,0.9435974864481769,2
0.4746452216402832,0.2982527678387258,0.9544978383165781,0.5443955345948978,0.6260378457928547,0.2763418281947383,0.4115108101820276,0.4941641900403302,0.6989189899642172,0.49709011427727456,3
0.12483983717373628,0.28657399184770516,0.2650477557058838,0.9438499597329397,0.44057823992330636,0.7664447999375168,0.5177329805759083,0.6356311033910254,0.5317444305128624,0.7284481890893142,0
0.6897075013893064,0.25199936189957106,0.9232679655523581,0.39395051355372307,0.6897974643767675,0.37622249398514757,0.339722770695453,0.04464967670616864,0.5222595447398639,0.7725981638029978,3
0.6021675588685158,0.1611765826537377,0.5653470594711131,0.20629638484383478,0.6948648113774489,0.44196753732916877,0.5311706032235787,0.285635705865804,0.7537476791672183,0.15389443929515698,2
0.07838943410447075,-0.007360369487669216,0.3966462331232558,0.5960624699844941,1.0948604068176742,0.26412643898931376,-0.0009741395879268311,0.708529786749614,0.22834607307889815,0.760458121748083,3
0.6764601090752147,0.288749581735202,0.9395235449682264,0.37466914165966264,0.7089203880084778,0.4016944846070757,0.35066961311946887,0.007335972121558617,0.5123434522701418,0.7688766090166262,3
0.30892957111193575,0.6024364656961654,0.42228872065062895,0.8685794000888297,0.28148755160599714,0.579996796665248,0.35200163007367635,0.46941063427756247,0.7744069042973651,0.8690276937004793,0
0.873421412338334,0.8525979936592318,0.6475381108179553,0.7151449235461945,0.12088646318243523,0.7329614733570363,0.33970264751803125,0.02725205390400362,0.38699970903138814,-0.13516194366890122,3
1.8089239727916937,1.949553341271709,-0.14321594930304116,1.3244506924928428,-0.206018207830349,-0.19745598281656968,0.31317683806917723,1.785442290837541,-0.3273232691718918,-0.4754608507666688,1
0.012389212985582918,0.6135420340453644,0.8133954768442896,0.22637436746192383,0.7301676678928014,0.6781387403414133,0.5311638350839853,0.08173919493320529,0.7782453921110268,0.019264921477985867,0
0.6810912379291097,-0.0701073221007099,0.7546056667513166,0.15971643654309886,0.02193232325524566,0.8981799691045481,0.014649321856439107,0.6764626826325015,0.01879392516064693,0.780789198785085,3
1.1091636071206143,-0.3143658407333849,0.42974370361962,0.5666375089083863,-0.6179571926280116,0.2553699813302291,1.2457428865867104,0.02498775574527734,1.047526632363128,0.9124570257091487,2
0.08093777890947193,0.08665008213727977,0.5267493729162108,0.4760354751855901,0.3502193918748718,0.5151605506600919,0.9807179154045566,0.8221035455871167,0.6831653907348862,0.38661395522131314,2
0.4438543379498281,0.38228757366626,-0.07614103066334738,1.3158497063703734,0.4917138594845594,0.23804990276220972,0.27350724983447827,1.1196691346193535,0.901236499885194,-0.5252642648297033,3
-0.1608897709299656,0.43402257802331623,0.41262572159146543,0.6075176941133805,0.7257418710336654,0.403950616158942,0.9355015646225872,0.8485174867007126,0.33224027084973734,0.482842729288999,2
0.6064800616202719,0.4485211120445119,0.3819978132223917,0.7313970291664389,0.2526406443469768,0.20427082049907663,0.6972439363031935,0.27797609203396223,0.8096880173682544,0.21327704360350253,3
0.05517445842987302,0.11693434572956582,0.4554720376957571,0.5632147606557092,0.9148096278406725,0.34557498495577205,0.47197556319764095,0.7340093440247546,0.43197345896540185,0.2038451532154888,3
0.7620482704408198,0.3072896909058409,0.24008309018146362,1.2163826986891781,0.8103723029349634,1.0534947417920766,-0.13039661126383878,0.7869656269198245,0.874180630775362,0.2031572024634393,2
0.7536054969907573,0.8717522550006553,0.8236519354395125,0.8673195586501559,0.7940309282849132,0.2083982872536486,0.43823561578637776,0.7115677711616293,0.26929171432559906,0.5793530524739481,2
1.0086940298766978,1.0073347925924812,0.64159577934784,-0.002818507592110874,0.08386203516962025,0.21417127508267833,-0.0009103999599605027,0.7815707713496869,1.0109166854143297,0.7172786408248574,3
0.8842424119531289,0.1771113910652207,0.36313888207526657,0.3610629791731258,0.09397373553470624,0.19129868390172017,-0.09638901450974066,-0.26927012402301165,0.6073173835581571,1.1781808379170193,3
0.6071288321285156,0.5611247495708555,0.28473476869089986,0.2562671609652287,0.8133209089660337,0.31074187059076636,0.3256558836539648,0.029108298696332607,0.22257477955356086,0.1768912979011165,2
-0.4876773247645563,-0.00926101628730902,0.3071334162263468,0.6333125986062981,0.3463201203153694,0.05602175367645794,0.7391594258876318,1.270861688211229,0.39421144740379493,-0.3164778612214171,3
0.18581097589975648,0.16156554457870945,0.05347470660415399,0.08472237624361467,1.0988543436627354,1.288859856206451,0.12511227140762385,0.6090023705361653,0.5887453722077858,0.6184693008044531,2
0.7406320349833211,0.301098627989625,0.966263079409978,0.38642164856235833,0.7417282599795623,0.3424650791095483,0.30717658082484006,0.07499947748115426,0.5570517081459319,0.777744782489079,3
0.15405775600397087,0.25997661584227816,0.4482230359454088,1.0468342668723956,0.5746278305641286,0.858658766032704,0.6278970195003382,0.5483451925390638,0.6853953134376678,0.5466316626020216,0
0.6232943591747845,0.261597022147652,0.4731646243087482,0.9732795181579305,0.17812020306287635,0.398748893929833,1.264123835586611,0.5201974335978722,0.6936565313749072,0.4919905005688119,3
0.5992854183436215,-0.05765169360913944,0.5481289173745086,0.08749968644736418,0.8193105383043321,0.17174647983529537,0.5068057486602812,0.22640640618377722,0.561438187120632,0.126470598792047,2
0.012090494858243053,0.9301619446494943,-0.1975179124591563,-0.07287442313122089,1.124431719977486,0.5839619100760436,0.49533943031440075,0.10999639591867466,0.08400372204408688,0.6862793197157231,0
0.6940139095475405,0.5196627030455973,0.6001673607696066,0.6692619032728628,0.03489509179960168,0.538864530272769,0.7373199730156476,0.49618803799537536,0.5571010340044278,0.04672977784855984,0
0.4955823367534066,0.7915502556826672,0.38261519840036096,0.7125584209029483,0.28876500352430495,0.8095272839343903,0.33662278070366386,-0.04944201343427629,0.8247542513001229,0.27384032531227703,3
0.7105204194858907,0.2576385640499808,0.9237461989411062,0.37810151036336603,0.6904567659122965,0.3698751021820776,0.3329594430380012,0.02610918016617741,0.5417677927528738,0.786847139722165,3
-0.3139265196887256,1.320578422145187,-0.05630766684328081,0.9200416720551404,0.2974093439457293,-0.2531828606401441,-0.2779695561455753,1.2202505885395687,0.1850442503736524,0.6663480620257995,1
0.7427751355623045,0.24145297107962888,0.3218687100274346,0.2890639832518718,0.7408781504696981,0.8844659916744391,0.7578749398875616,0.5878492765374621,0.8348032563788343,0.10394969989154781,2
0.6002223127814547,-0.08003510671164904,0.7960756740060827,0.20737609359539394,0.24355329985786195,0.9817922431372403,0.03379791517882974,0.35104038916895863,0.31509385299913933,0.9973578566585817,3
0.9087324454955632,0.5372727634237005,0.6488260321034844,0.19711213796817428,0.07659369113984722,0.2391873342650468,0.9289480717666336,-0.18657152465900984,0.5652447152876291,0.5732807225626007,0
0.3566245800569802,0.8151810143538437,0.133496055784619,-0.031006531078806188,0.5887901554965472,0.25188908172498314,0.3838081154533796,0.4570537542184988,0.42079503771294097,0.25677996008948356,0
0.8897836798699335,0.04773865192721455,0.20442298413644577,1.0894142296159481,1.1511710882308983,-0.03394051385520275,-0.19385008580392316,0.9098773005869615,0.7515396085565887,0.0801059594057798,3
0.22449081690156159,0.863543724309401,0.5765299891063116,1.1367393933024506,0.6782174368017307,0.18612601513127774,-0.033242033242805474,0.5479469997926965,0.2802118228755981,0.8543453430608533,1
0.5316398069280723,0.3201323461516068,0.3981593487580895,0.03895738222827549,0.1825424580451825,0.12770320215803252,0.5604991128514828,-0.006205995672434269,0.6388385837884203,0.39721542098136986,0
0.159274500143071,0.5073974503275718,-0.2166751755272679,0.1444983845771265,0.5461457129538718,0.33872442745539605,0.5400986827727738,0.3842761472631866,-0.12117051148713426,0.7075486688725987,0
0.072921682288378,0.4805465151014817,1.0292273236627145,0.8772633178647016,-0.11109686167981998,0.06732205967350217,0.690116183114096,0.7943949682730704,0.24670658591447847,0.899377549557847,2
0.05418042863561398,0.5319370345361082,-0.41141087182335323,0.33621322936553066,1.1447659836062325,-0.5203687276046892,0.41782761989910094,-0.01601651553862149,-0.5383152012848027,0.5599352218578084,1
-0.15938612645583022,-0.14129143090074628,0.7241646699586873,0.27982289309142344,0.866256759517285,0.15017914720989745,-0.18595210250349628,0.8327200028027478,0.6573567076732685,0.538066976471573,3
0.5662109998334164,0.15451560645731557,0.042946936907485946,0.7890156901787407,0.8673956108073773,0.0402159514080806,-0.006030494909850075,0.48568872422713094,0.5296447611389222,0.3233920841770535,3
0.3384462667730582,0.2376060955189869,-0.021212631015835592,0.6941116809349587,0.6335645469711171,0.3464730906790824,0.730482312434898,0.4004543313193046,0.18059875788147556,0.6639941237445875,0
0.45902176737125977,0.6406842171697528,0.8387846155921569,0.7919257274635794,0.50660562531883,0.4663749384931402,0.7859012204183425,0.7857375927170922,0.4797070073986379,0.3993817560601417,1
0.45743630158401094,0.9460926610833322,0.6375109248482207,0.6109359586869605,0.4379411464498436,0.9854625947551522,0.2354019987988266,0.3438256320587533,0.6998382866669982,0.28260193791906696,3
0.5605191623805696,0.5770353029596711,0.7719937486269413,0.6205552631223996,1.0410388380737072,0.2988574145912058,1.0542752322380062,0.48704058402401157,0.47512842419410806,0.36371742389553474,1
1.055317542435762,0.07721756679775475,0.6470503710051454,1.0401036958426542,0.5860198375917853,0.7191455969288837,0.2698398502612685,1.1493674334544677,0.7901808638419218,0.42743882164459535,2
0.12907701377673886,0.5183828911398366,0.8373958425529725,0.16603890312736447,0.9739704540749397,0.3422063747348716,0.5759005062989797,0.5008347084124445,0.27778082284929506,0.3302890053726384,1
0.8766087804745591,0.3049091480318272,0.7424977266574695,0.043524494350796035,0.8752776085648749,-0.037045524757161205,0.8528389699967661,0.7006714833473346,0.19154799431214267,0.7856223111381805,2
0.4376564656552604,0.7205414739760297,-0.11588732913946398,0.24557453943602386,0.4860324364619636,0.13107135039737222,0.8899888240451542,0.19649948211438006,0.5111306624331737,0.6699096558108643,3
0.052605167278582124,0.15584699685504666,0.5221075031572052,0.4982602123117743,0.8747880983323548,0.3329085181820501,0.5050065093969068,0.7339283204531487,0.3967699071487652,0.16244208720096798,3
0.8219616139137927,0.8803131619367099,0.7704353375925557,0.8612576379132912,0.8773410780872217,0.21214499091278158,0.3031506308618329,0.7855107304410726,0.3707051075248409,0.5713747885080903,2
0.22900797136129158,0.23376861301009305,0.32692141594520463,0.553361231556498,0.04181687592694194,1.0462255329848342,0.383988093532837,0.5578856673124435,0.4499764250161813,0.3141852636977082,0
-0.017729627063592157,1.2400487208444295,0.6820334703159919,0.6837709487864269,0.7000219431261738,0.09585819845426194,0.8915987857168214,0.36734019500925724,0.5886480132845691,0.7460930061816852,1
0.8180556702104728,0.8441939320010359,0.7829304526768932,0.8031999858798534,0.927760886846212,0.279948222636739,0.37499581452009106,0.8181424949953073,0.30939322028426774,0.6041473717838561,2
0.9987090278879965,0.14422925750714252,0.554570658509106,0.6765607324013654,0.5543935067376451,0.6209462500161202,0.41583833887657684,1.1658602176653838,0.7432131970332829,0.4320607807798753,2
0.013861872117473467,0.6137501834644989,0.8168526992969931,0.22877910667816476,0.7278764521977112,0.6768686955460127,0.5334821805934649,0.08072250437898432,0.779432507670062,0.01711088756158963,0
-0.22419032251472804,-0.33532404699725893,0.738493073242112,1.69673575358653,0.9110129345627413,0.3912417832548816,-0.010045057331942886,0.7029018546168516,0.4633756466574033,1.3162745534217466,0
0.5993687575532294,0.707549306072147,-0.09659615122983672,1.3162809830099582,0.04175655635397074,0.5163964281660285,0.14292928205484767,0.20945220806173015,0.5666335058754821,0.5582658557382797,0
0.29223347414766904,0.33208867484406723,0.842072844166487,0.7282761881796859,-0.1856981883262355,-0.019460333736211893,0.8699248606058252,0.6899390876611676,0.11793372915573636,0.8543684173800061,2
0.8787874883918259,0.31257332881476,0.7098453274174845,0.0328349923151377,0.8948810662742879,0.01954535393239671,0.8742858711969336,0.6554959565549575,0.22195874998516135,0.7608483962354543,2
1.4175832116411806,0.5472503825021223,0.8053992229439944,0.743551786444159,0.924180590062824,0.2116751475842932,0.21072286990067268,0.2991065612580436,0.6255526805025762,-0.4133816836851723,2
0.016382193136379373,0.6133815018342944,0.8099098769188514,0.2246297324159426,0.7307726746968753,0.6828145688312922,0.5345861046059234,0.08356386266641341,0.7827514302193977,0.019149732275600236,0
0.14337486578740652,-0.04518529042660252,0.3869989652622429,0.3503944593669992,0.8074889385809387,0.5632176319209377,0.02328892072085161,0.622796076531287,1.0714690020120878,0.6891857900362435,3
0.52939449897988,0.5437031069302393,0.2668697764560158,0.7631211528455111,0.1038039254313556,0.3074133198990347,0.7887300838134562,0.42727868508461186,0.6538801192442654,0.28372561688013354,3
0.7039419194893338,-0.048829613488257664,0.12710186456842745,0.889660065196816,0.9794723193701225,0.1849554273961755,0.07052594033124407,0.5083675772932839,0.7129610510195155,0.4476686844067695,3
0.07116439950985518,0.16240709382040563,0.5693483466201683,0.46098053711334797,0.39556155587274167,0.43343736294841867,0.9976528854437108,0.9075041562692334,0.7645373561323602,0.35800585747857694,2
0.5550631214628258,0.8869100039648307,0.8289345185042787,0.5043366875930417,0.7045481608448635,0.8392399537900601,0.6132596173120993,0.40924724207454044,0.7880560577200055,0.43135804778223147,2
0.7806165672968306,-0.01912220973201162,0.6503144198649896,0.20514330342852125,0.1893883849096571,0.9662830982693601,0.12464610179941514,0.5634606511736248,0.2496572933813226,0.9545212870775621,3
0.008452852224972371,0.6192124451188145,0.815450228308082,0.22661942104789426,0.7243048325277334,0.6865263641938817,0.5363712880601217,0.0790700676195515,0.7781799188318836,0.020531775650230146,0
0.3430996735682341,0.48222516275267296,0.7949325687720448,0.5442232342999551,-0.0980772023213369,0.17096239252757467,0.9065100737996785,0.725308086982151,0.2806007747986732,0.9764264073928479,2
0.41683686910267165,0.8294135803520911,0.06389017866693308,0.2958265241688543,0.6636102976671991,0.17115205494914157,0.8892073401926541,0.33878576265530325,0.6659251127494815,0.6202645680751465,3
0.8994793122671139,0.3670272109760666,0.7182096133264787,-0.019904027868046383,0.8492457937721218,0.06141216507524706,0.8956710941929036,0.7061500429703959,0.2620074234523755,0.7503654143588964,2
0.7822049504318128,0.6037035527058666,0.49922680448699197,0.682462416494355,0.12937979943818478,0.09109604225845491,0.5074331578051644,0.17303160077175575,0.4074389184018396,0.6632756852841394,1
0.16168301296393908,0.5389599944027464,0.35343335110034524,0.02437148991129076,0.8590524412162105,0.41847159542810825,0.4026868388386988,0.21645129958195924,0.47876111936695503,0.08647707686378531,0
0.5434559224509355,0.6999327801758644,0.9174743401121781,0.525094897529427,0.838420659560666,0.6999246731666727,0.47174178257101945,0.25561487995223087,0.6267071262171684,0.586053877068307,2
0.12436192917123096,1.0030668801794667,0.33942778073754465,0.8919149856488423,0.8061414438350766,0.04049540919787284,0.02020537497106375,0.6648041591613241,0.29324404349081884,1.0131455046139248,1
0.7659592882425497,0.1591504112545713,0.8649714508605604,0.29225343505072565,0.5142381817585062,0.4664409599897647,0.3622386430450144,0.2745947918171752,0.4064353820106979,0.6791383669354301,1
0.6054922402773467,0.6331326479663398,0.8576435521814172,1.0029638605349998,0.023664271078152686,0.22628038970190284,-0.0035858479688594576,1.0386750487910426,0.1703756753688786,0.4726602701402737,1
0.984382714371247,0.14276728305943656,0.5333128335547315,0.8683938574497456,0.6972532510851441,0.8252289933810417,0.27588311697981394,0.9362133563158223,0.6243135758963443,0.22280069070854494,2
0.789063562217742,0.8519257684007687,0.6853087216559502,0.8098504624873142,0.8795416962424375,0.3488251237124856,0.3755596538604462,0.7255155224417461,0.2653849000702718,0.5514675646924208,2
0.3914584726866019,0.7803089779746738,0.299744322043625,1.1477448879958794,0.07319092200093383,-0.48981776391832543,0.39216123509581247,0.3891340353482521,0.01053467934226876,0.5441427123469285,1
0.082332470157009,0.3502702612656172,0.2352200327571103,1.1818217289154043,0.5795863364396605,0.7520622077373167,0.5176614287856122,0.8580149411356607,0.7508923928373377,0.8122090658915821,0
0.6552384472849931,0.3038860358754107,0.9581477098704001,0.347026697570807,0.1518406209486068,0.976635651035412,0.009367225417495989,0.6069988875299395,0.08512417646911033,0.9252155259156545,3
0.44642751866485353,0.07859591441758927,0.8939390455055353,0.4856397441396374,0.9296364408424316,0.21548451237125832,0.4609412959179328,0.3934234482190356,0.8653482085236459,0.5429786599553714,3
0.15485334539648146,0.5379299957603695,-0.079645748259287,0.11168151455815123,0.9704064917246802,0.4236260709619394,0.2524325289503339,0.2960315932989518,0.3509195352804694,0.5653103920764164,0
0.03141662035389766,0.9569209580020638,0.26542240465860006,0.8158259490611097,0.7971312776995403,0.0573828132677401,0.0773034712196219,0.6734797807577924,0.27326260007908326,0.9619958065141044,1
-0.5421339652629666,0.7283098434552787,0.7436254537757362,1.2614847649364882,1.035534051231689,0.008807892136483919,0.2759359319658946,1.138258813429035,1.3803958367813247,0.15531169575301604,2
0.21067009942993553,0.31239807409496373,0.2506480734344042,1.0552300427083654,0.1743860739355842,0.8663144130260425,0.7846600741815966,0.6924685033833371,0.7979884114158654,0.6453056935123067,0
0.28260925607540177,0.03232334543597413,0.8734052061505506,0.45847305597343146,0.07256825341733547,0.2876606998601291,0.445950948173171,0.5242911109293645,0.5449036126721366,0.27127148826256253,0
0.04544084147222498,0.16155573238830356,0.5284927382085359,0.49577454450684166,0.8869773527226846,0.3517975297174934,0.5034755992956995,0.7302275669627468,0.39091957950826883,0.16030657527243725,3
0.9611206253503205,0.1291894868816395,0.22780639760047477,0.5285118077716436,0.3255459237662973,0.14247067153016313,-0.007137965918595529,0.20476343964795782,0.36393507805629255,0.8693958746896497,3
0.8792944756042937,1.0526396105467308,0.6238738456002326,0.5497020594896193,0.9034946673726553,0.31189908400218247,0.3540326244493401,0.14259728763328755,0.9816948790800603,-0.10005476379656783,2
0.20222279021968564,0.6312814818978667,0.010899902566163397,0.40784142079319136,1.0811416984241335,0.5465955224833412,0.25252992202404856,0.5798704088064339,0.0433012974170659,0.5991201409676619,0
0.15192655288541987,0.8845023660203987,0.30094793957142707,0.9704735986428988,0.6816716522670779,0.15118174912623528,0.09698416221922049,0.6646319324108824,0.14645597430558946,0.9362594182363975,1
0.8755368869056978,0.312912747759094,0.7147148493992774,0.03485525670484058,0.8911136701414287,0.016591985189823844,0.8702480563326527,0.6593205170246348,0.22484330056606575,0.7595566010773442,2
1.1284584638315611,0.5032333519192466,0.6537281957230225,0.7387780971323255,-0.09949716005765469,0.554297359225837,0.03671429307345715,0.6931217187021806,0.0636883569084448,0.18840396113716945,0
1.2084005149827746,-0.054788156805976096,0.7406977728484077,0.6434618984923001,0.8792713455089227,0.9434899389559925,0.006579200568672838,1.1089684781319866,0.6815002620665668,0.15472824726076584,2
1.1094449500140704,0.24121062527348056,1.123780521141726,0.32932301297078986,0.6381338379118633,0.22473812907491805,0.39516005164086276,0.43652809085536876,0.48024614955640127,0.24498867482565553,1
0.981368365559986,0.9925241131687964,0.6380117827617273,1.4930529869451939e-05,0.08493445006714506,0.2275847846624435,0.031128292216239757,0.7565048693964626,0.9841623812745917,0.691523779162121,3
0.5212183979459788,0.9043846498422381,0.6990308233756954,-0.18901371309783097,1.0324152666491375,0.1550093313391747,0.5970274721314225,0.3361953535159194,0.15844679546483648,0.173334924945293,1
0.05654764777945169,0.15238478158466323,0.5247409503196109,0.4952647388656089,0.8757253156429727,0.3385430440611179,0.5143518112637313,0.7401853246602447,0.4040547331572657,0.15717811798118014,3
0.42040546369676757,0.4963193400987154,1.287501028674531,1.0291067605793225,0.3834595760447307,0.42806852469928236,0.016656009439234426,0.9770900720290687,1.012675858370852,1.0050551452384766,0
0.7151860447870249,0.9310820997834363,0.7296048993161054,0.7269454202931895,0.36564832909717404,0.860019038170245,0.2930064626656074,0.26212885564417127,0.6210975850058322,0.19198262250266948,3
0.07789902126179785,0.6496889100155099,0.037719866769798674,0.26947850706784476,0.851673797039274,0.358569126259435,0.3692099352500991,0.34742668987136344,0.20734325030297576,0.36324254380873827,0
0.8286870128841427,0.5750871775647666,0.7966581407165736,0.3616245776531242,0.6662443536866387,0.9268703317026148,0.33006763655508053,0.1570398872019559,0.21212471458355497,0.8348658985569937,2
0.44069505662219655,0.7173034986592832,0.38382325610855794,0.9169887340396567,0.2707431519109824,0.4918884485598092,1.1268456410161831,0.5861591199256987,0.3903115138050589,0.1467276652900436,3
-0.18057152750610309,0.8555949007107071,0.13559778345086415,0.4347044603798966,0.9720738845624992,0.6207739819739684,0.37321606672831265,0.2206990653247351,0.12680658610850426,0.1394716974083418,0
0.09960258513880889,0.36205077725408313,0.35578433664504555,0.993896836692723,0.46702659570646177,0.7868388334753513,0.46874467976984424,0.7217621865777792,0.5550947653312424,0.638280336098018,0
-0.19719271342955585,0.7466043255014367,0.6067654753321139,0.9681034956235255,0.7315649544462065,0.3526955144071215,0.36975139084151937,0.33759825259384024,0.08141450750652349,1.3191244042326318,1
0.5995140621558523,0.7024532803798077,0.391708993135121,0.1164190313824851,0.24973083562480156,0.5252379664205594,0.921408768605688,0.5616266445850426,0.24029539054194762,0.5073156303761117,3
0.899211395822871,0.965643221009871,0.10222494577920135,0.7205888007204182,0.608635772938302,0.30844306330308496,0.8493362123650678,0.07718925414817959,0.31812839593559994,0.34400731688556024,2
0.6366151376890417,0.04159976580176142,0.15724352021660581,0.9329327027514819,0.5449751843667865,0.3996797759428493,0.5866413841915864,0.1374413113472527,0.2930464987880409,0.48493954456105914,0
0.4083927538386447,0.06792208132507149,1.0789327702106792,0.5814289424808186,0.5375440825687687,0.2844110161803139,0.5588438789497705,0.6143581066667538,1.0357139671513622,0.6618704535498514,3
1.1058632994347277,0.8321250439030641,0.6831271056196073,0.5569359454279456,0.7181758985081206,0.3724632517434001,0.6321623695760199,0.021279613649066997,0.9034726175232941,-0.08083051874528496,2
0.9336212969259812,0.8632442053536286,0.08724322243020546,0.8184347033624728,0.6094916275830884,0.3480638294318231,0.9454253610854425,0.06364358605104722,0.29138508152724135,0.27062905275927873,2
0.8600703361667541,0.4613767626860143,0.9234928504764688,0.14339513884994864,0.031264324105243144,0.5986322046466609,0.5290271200112697,0.23661347669827615,0.829660703889113,1.0151985945098465,1
0.3892369931246442,0.6093170826121004,0.8573025117962647,0.22247407128117755,0.7077991718462939,0.22777997809449252,0.8438299246812481,0.7920221496045046,0.27761182563643966,0.46246515441527214,1
0.9828101116999833,0.9806116432716073,0.6631298938577185,-0.012307205673661663,0.0745039810527546,0.22283861871042163,0.029233990343088607,0.7558414768010236,0.961329607697186,0.719961911966686,3
0.04264431916017207,0.5437692632559513,0.38857158787789425,0.08027697003652579,0.6481142594737601,0.13333801952481064,0.6208480527257605,0.7629796969997279,0.6054837700698165,0.3048033638241101,3
0.6962938991392525,0.19558153455409177,0.9568204690737638,0.4498781588228589,0.6138193575362942,0.41705125847332786,0.31610773878184717,0.08930475059868911,0.5883454692436031,0.8232136671981309,3
0.8621540217397768,-0.11436267190073396,0.2716637102349949,0.4028566561385032,0.31027037279598796,-0.005614320495925584,0.07548060568355697,0.21019671660164954,0.2813745186924105,0.7832552756840044,3
0.9927313369099487,0.7868269714895245,0.8098634256355094,0.6374591886727006,0.06267851039947875,0.4680820019639844,0.11025219780008692,0.6945658553179116,0.028441499046805995,0.45864129923096675,0
0.8138052337003302,0.8253647938475608,0.772188534621137,0.7886810722443837,0.9096865030320808,0.25809459804082546,0.3522962437271166,0.8002387453820011,0.32468208386492237,0.6233601515133015,2
0.790926158812171,0.9932805392138268,0.8298386974379897,0.5039620665591539,0.366423377149735,0.7934835977627163,0.12106901264521608,0.18300730406407187,0.7076200159116548,0.056408473605323174,3
0.726332950853576,0.05226833035088764,0.741310785375096,0.25063338538025365,0.05022508183337876,0.9321757119608822,0.22819567145993375,0.4524837752959811,0.24148972787418102,0.8955114448778291,3
0.7743638073271559,0.6027291438578275,0.7550239185499091,0.3680034726624913,0.6403904192830688,0.9274879492240464,0.29547641108726186,0.14404122268494718,0.22496743917706757,0.8346156911302979,2
0.7113610393017608,0.07773753713434803,0.7055741262749309,0.23279141810270387,0.0801353334888115,0.9214835357208196,0.21209706304354237,0.45837981435538294,0.2331907847904379,0.9011181974345425,3
1.2810733817071025,-0.0985050258856866,0.16793048627189333,1.1247633919936009,0.9805544637163088,1.236815696523815,-0.12131006637394959,0.7657073888372752,1.0744914930698877,0.18427321411771563,2
0.7967517965942411,0.8338164293273118,0.029505563208354207,0.6304472502064533,0.5372554131882823,0.21276168659052985,0.8061384824977375,0.04976558341369586,0.2803591348662793,0.3293814569741744,2
0.10381810191685051,1.0874883854996509,0.9279579788185839,0.37124896819848086,0.18318854916339872,0.9144765932028761,0.37176874987897457,0.29141659529717645,0.37448834344396237,0.45209271356413894,3
0.16580390476141715,0.5898046483872157,0.14273382617547897,0.17327160858483448,0.9181331627913184,0.2560683130972248,0.2256830187085038,0.30642423554942433,0.2236812162080621,0.4093025684441771,0
-0.023293766321488496,0.9925283260880118,0.7060023078416113,0.5467793200918801,0.7355032446013624,0.3341830345012611,0.9833519172253073,0.5226570249777467,0.5615038437471025,0.5906897729448374,1
0.9886602578259983,1.0493896364563717,0.5872092373972877,0.7372659435386977,0.6581135719689271,0.33360448051516284,0.5546259002648882,-0.03492637200453377,1.0018967840205069,0.021041386490548562,2
0.7021116710290553,0.11114708233686113,0.7364853577002708,0.30197718656241745,0.11589866689638136,0.9328349927017965,0.14083414599793853,0.5440250431165254,0.13976894467219825,0.9333220731895467,3
0.7967969491796981,0.5847141488091759,0.791727833857631,0.36607792227354014,0.6393554805641226,0.9349330346517585,0.2940041863321215,0.15946326475194225,0.19459068486414785,0.8668620873293252,2
0.9736262435841012,0.1177328790265027,0.9416060531079053,0.5005090964485822,0.3318737559687947,0.1875015514969856,0.6409577840742582,0.37289797315026574,0.3607204205881701,0.5315339662106748,1
0.3778161213050485,0.09527163787689369,0.17507036963448758,0.7085798803507455,0.5769523538724954,0.4873003683049564,0.9021228250633789,0.41061484350204264,0.1506789805099112,0.7716782827969101,0
0.5058115215715646,0.8109057069756188,0.8488906329709855,0.4758940296293938,0.7556370272077927,0.8314906673097716,0.5184967833104545,0.3517039709661079,0.7186568739943139,0.4579924506387016,2
0.8412513003093622,0.9497853724057065,0.1557142570695617,0.7615663768630921,0.4703621614015612,0.4328936583184115,1.000904512012233,0.004998942927450897,0.24284929129063212,0.3690900583262888,2
0.7750568596574198,0.3223697584682673,0.19139735750999906,0.19659916000666927,0.22201519424761962,0.4313949261714288,0.37531683168411234,-0.12810674296999164,0.8085200419290488,0.3856558680666216,0
0.625482413187289,0.8137564163707185,0.9940163318574412,0.7758570120351732,0.5051384722756439,0.2466070269000718,0.27528752852725813,0.9778581684714015,0.7772723715564265,0.7917473919762423,0
0.38436994928964235,1.0120364116643645,0.7793770276945485,0.25385756267015613,0.3754290431335654,0.6299889983769065,0.6258891095621903,0.3883936176339629,0.6231329946012567,0.4987184393070674,3
0.625396306563535,0.7616405011208105,0.8631198970857269,0.5399931956520551,0.6645504924342366,0.937538657653489,0.6010105459787036,0.4068905134343686,0.6084685128292984,0.39379172751601466,2
0.9736703894731352,0.12885108110541613,0.5717144067174791,0.8693523946232802,0.6947389497303078,0.839917341626875,0.22292512366525008,0.9285029963081481,0.6379844002101638,0.2570299172555296,2
0.39604858903645224,0.30805859094867727,0.8847740899337379,0.36983623017482087,0.7945661820135935,0.2784461282896302,0.2954733025491121,0.4746633150165211,0.800608260494863,0.45399283941697083,3
0.5560668621037818,0.23230268153829917,0.3692912594762899,-0.01721583885428904,0.1572789753761425,0.16046803992092074,0.5458648406224512,0.022172005029855092,0.6533516391551544,0.3221844700885145,0
0.2487764644731489,0.5889596984253949,0.5960434263866852,0.07947636466974173,1.2663734022422983,0.49012041407598944,1.2467927125467255,0.702123249104855,0.8665221178114881,1.1260223799578526,1
0.706762890984739,0.9460550056061584,0.3209269900913718,0.5668758224191318,0.28655474804397935,1.2590047842522492,0.4544346162097374,0.2211247672760051,0.9281668264015055,-0.11065010796131378,3
0.8085758043465021,0.1868549959005242,0.2991065928252006,0.28914342183548425,0.8011513306219745,0.8900914207074125,0.710983211790798,0.530789984478105,0.7738525146377259,0.09975155920660046,2
0.4449400183999504,0.119097062024879,0.24530792753243208,0.9350204220440503,1.1667815318754382,0.3012008569170491,0.06421630801208794,0.6389780687118691,0.8367050859117201,0.3754235530481411,3
0.3996665870285418,-0.1000029796045972,0.15138355175679408,0.02855893128698876,-0.09371191980949789,0.3294130410313145,0.47755575821766444,-0.3216716086214756,0.8840302794332513,0.42081078015656737,0
0.9837337422418087,0.0854997915958649,0.8603555700496779,0.6100267945569119,0.8104800802972522,0.640585166258101,0.08087527865760363,0.9583715110530613,0.8904927748512996,0.03175044727176232,2
0.7719779810315888,-0.022830617359385796,0.8220345125610399,0.16107378654267374,0.13585723919599552,1.0352946800627219,0.19104860700722806,0.40371867129079936,0.28414005847537516,0.8612590496453241,3
0.19243783664513772,0.38353395141985996,-0.05646208283903703,0.9734640569840329,0.4298233300111877,0.35259791090775544,-0.13516208875466007,0.13324505019168853,1.1460032663327802,1.0833500342484335,0
0.9589353953448225,0.855026422816254,0.12190276938428357,0.7482955484748626,0.5770312727569101,0.29345786347157066,0.9240076618467133,0.008326743956886852,0.2429574970556096,0.25962422025506576,2
0.6148240537759,0.5005073797943622,0.6123147424011626,0.613453675181793,0.2912685901733967,0.17830715216847265,0.38008453081700283,0.05594433297125459,0.42884979984713467,0.5677009957085186,1
0.6888626436684552,0.9679266814211676,0.8887480118620992,0.5697843747714524,0.3881066525617126,0.8286205577673809,0.18758828797403973,0.21328937554434743,0.6241774636646988,0.12343948979478367,3
0.7613639789952867,-0.5072136761637106,1.7375358279916513,0.6935238427832593,0.15657171257792196,0.21436083582475937,0.9677120320930709,1.2607676710108668,0.9199231057635209,0.495004996536004,1
0.7999852394032624,0.5838158475643327,0.7684771391683126,0.3850647401986708,0.6403847957838132,0.9382029387877328,0.2961750411567804,0.1555082514145218,0.20122969128645585,0.8496241383736572,2
0.9643551514107187,1.000511658357873,1.0215420626196268,0.4565852978728856,0.16402891550253323,0.550444156581349,0.21139233871367166,0.48946318249044857,-0.08977060115993167,0.27525951864712495,0
0.6955865476666879,0.867397313938878,0.3581682041267894,0.715508661315029,-0.05693308457904617,-0.03366423182765532,0.8227818033329348,0.14826544078603082,0.9488656941383988,-0.035362662290772506,3
0.7078840456271952,0.9929441766115674,0.7869761260691717,0.5810737870072537,0.2651860944066933,0.8614904830253682,0.17728203030641204,0.1926557613994535,0.5560835939088705,0.06024343507904688,3
0.285881114261783,0.8161831038282189,0.7372932075878875,0.5511124344270562,1.0256150304694285,0.138565340007243,1.0697977691296983,0.35195037826282943,0.5144542944563957,0.6266589275785993,1
0.8699230844856678,0.3273234012524162,0.6904598236673339,0.015248781507639433,0.8990215966993189,0.031237398470892234,0.8937360884839516,0.6849911037376932,0.2445922238563625,0.7787351319106399,2
0.7383679793896454,0.06902392662931496,0.7235046029322767,0.2513960416767631,0.10769961515720367,0.9744299620091851,0.20387357705716502,0.482593764158274,0.1931243657546162,0.8888765607099658,3
0.9042420634517948,0.906799512354556,0.12321324565317096,0.7692678209220375,0.5650747491150888,0.32340336264335773,0.8997659769911166,0.015847346036677736,0.29986707356994313,0.30701105387764027,2
0.4836233691627564,0.5926170125827703,0.25637381533663467,0.7475159955288472,0.0714811232076446,0.33872141350400403,0.8162505144376849,0.4012918145639739,0.722241065596691,0.2054017750394422,3
0.8189111177995452,0.34495240741782845,0.7211900195741459,0.04859735728919776,0.8861738198618834,0.04449912027083407,0.9166592079025746,0.6693681890450003,0.2462852460944177,0.7379696809163782,2
0.6317373142898728,1.0588937308210666,0.9660233824014164,0.7590740532919065,0.3162096706772111,0.6725714830792558,0.3994444650064792,0.39650897071411856,0.39390908502275435,0.22707185781029235,3
0.717519117430372,0.2552244301354392,0.9183039416723308,0.38338871543403236,0.6893417005830491,0.3702773486076392,0.33959489086226574,0.020942998208040065,0.5450503908044257,0.7833003430991031,3
0.47171757527634295,0.5290304787565853,0.8429442470927435,1.0301955030912893,-0.03009708224145776,0.033335898284166415,0.025694634435503697,1.0471552815337637,0.12119227902301677,0.5447548671413087,1
0.09190139878120615,0.9890759642775506,0.6761465463329657,0.583728162763896,0.8016985108574612,0.1983023540138324,0.895792119651713,0.37539205099463024,0.6729659958087738,0.7126854546003137,1
-0.08695541579529878,1.0195793948410152,0.1505495394301829,0.8390118306292733,0.8283178021652979,0.1274177305246982,0.13008616867232947,0.7961019526869662,0.22549832091275618,0.8854503185958377,1
0.9519506301488192,0.3131626835210492,0.670912365810986,0.04863435144926476,0.9198251831479957,-0.012837939529398379,0.8096386608970283,0.6410465140104017,0.25505156295159337,0.8096611069795425,2
0.8924572385123813,0.9017606369387133,0.09524057305874267,0.763868832402581,0.5922944282486438,0.3134488776314061,0.9041561846927878,0.03780585550751127,0.2766922340045354,0.28283612149687337,2
0.7127021963232076,0.2620448373975982,0.9245194258285115,0.36857735004927855,0.685616414302501,0.3820562921833243,0.3402818098581013,0.032052498310571116,0.533935650086312,0.7890894164620658,3
0.8457819224775937,-0.0853203236893331,0.8796626108208163,0.016233176530147664,0.7751581657944246,0.5067392928426354,0.10450305796585779,0.37244412338395505,0.6413579426031585,0.6268204926093224,1
0.5743271230065805,-0.04368319074327723,0.5539435990544997,0.1641635675568339,0.874958805214211,0.24781069441070802,0.4896115769223685,0.2107618203981731,0.6525947542112577,0.14573518759712614,2
0.672711138360823,0.08982472104869743,0.741220568924799,0.22640687978618318,0.06233430813262984,0.9344118623964274,0.22706660607693663,0.5080491429571694,0.24572655355551715,0.9325213292590306,3
0.5470346647045583,0.13299182542756405,0.018581299578080995,0.8350273678738294,-0.233023138309022,0.5563567774521818,-0.3661917873853741,0.25304341674761577,-0.10712142596463686,0.548448853181033,3
0.13945638767823623,1.013866017403875,0.7302284924554622,0.5514510303986099,0.8241157378708097,0.2379547653972042,0.9537839411484028,0.38432583686955735,0.6791218883329714,0.649628197722424,1
1.0343375046668282,-0.05268519999758162,0.9891711720706465,0.2903534916193896,0.5123491442175818,0.38153959199263365,0.27182567940336444,0.4040543869102104,0.25145671744992537,0.49534163945788495,1
0.7813952746710953,0.08526574382991796,0.790253515573673,0.1673129928791185,0.1469651528119483,0.935757653560772,0.1791934834254986,0.4213188668923258,0.14307593518601897,0.8498087920162395,3
0.8738930835115484,0.31244124669589485,0.7146034251739071,0.03313495131990636,0.8911371539146165,0.015178830716917674,0.8721251821875592,0.6599824037962552,0.22489947815752412,0.7581762773897842,2
0.1836084421241254,1.059887973281387,0.6975456920565487,0.6360455623255523,0.7805110127563377,0.18438284293074247,0.9212083745390425,0.26503483939951444,0.5871402504243352,0.5893728467175097,1
0.17952745914365464,0.5730332835217794,0.35207664176089903,-0.1291426387532395,0.425111309099728,-0.18103587504101992,0.9555108317821753,0.5621492449685961,0.740331676909706,0.13461959971289253,3
0.9241376485596923,0.8666068013333847,0.13846076302482763,0.8082644865198475,0.5932669017344289,0.36165845742505637,0.9019343487361023,0.014788973049127845,0.2651284135675982,0.2911682709211554,2
0.959515395438985,1.0170434217651232,0.6595153742673836,-0.007483667697256065,0.12211940089104474,0.22421362853646123,0.01600053001875305,0.7279889433243423,0.9636930956131251,0.7106307515815774,3
0.49925497795046014,0.2324326667698142,1.0510109004920622,0.37752656230238996,0.6403657266935437,0.25987122772321086,0.32087938696598967,0.39039614840057857,0.8399529784785791,0.5100085311211409,3
0.4825519065306504,0.8151727575486379,0.3762384106290265,0.7421367186580693,-0.011170854419191342,0.19758914904112973,1.028408554601921,0.5058016332405296,0.5491616548600085,0.37022936744786267,3
0.8685349455390327,0.3143362085169468,0.7136166740441449,0.030117293868404404,0.8894708572789269,0.01454187300320924,0.8760651491378891,0.6628379655800839,0.22763222888433696,0.7519946903230662,2
0.8985878970461921,0.8344383791179447,0.19653999873962066,0.815126220303185,0.5182463776737073,0.31121317238458585,0.806249385996291,0.10534185490199066,0.3723201584477863,0.28771373954875823,2
0.6780923007337524,0.4747823749568322,0.5934079848177267,0.6667295098869418,0.04246201632086522,0.500033653088305,0.7533224018805792,0.5246214361521923,0.5425047965229013,0.07073334183662679,0
-0.2418068330656567,0.6906333870973991,0.020566017455414976,1.381200699651831,0.3745527845872136,0.8086997004740069,0.805060870530279,0.48856454350924833,0.5480586895593617,0.7298475966234957,0
0.055045367621515726,0.15496291014309255,0.5219640096712806,0.49737023575357403,0.875100276162363,0.33950368983366586,0.5142743441949349,0.7353182418568933,0.3972372584353409,0.15823587993098448,3
0.7374707607042447,0.024975099515568405,0.7928201216265996,0.16222557825711031,0.21132889821557016,1.0052990816100484,0.14887508162782997,0.5742086106418327,0.2415878911316776,0.7662949605119916,3
0.4203402755593161,0.8074510662144531,0.956743847272286,0.5391226598292606,0.7088700413996227,0.8352753163024274,0.6079596894164431,0.33010641001823615,0.7010752729234202,0.5377656207529616,2
0.8345614447458729,0.23976063240784995,0.6504392361051547,0.08605473718631651,1.2547519214191636,0.15461106184601858,1.1602686240416147,0.5422630325991022,1.05569268387452,1.151713978273198,1
0.2344711764025157,0.43648314729900056,1.0471670445520838,0.7602626632734242,0.12485613139758006,0.30460703103460063,0.88724185161889,0.5751399974279238,0.34961840849592235,0.6944752331770979,2
0.732402722790974,0.10837680522004867,0.7151994107405207,0.24359045587533557,0.11558586327169708,1.0074345998388499,0.2486791359834128,0.472930189211684,0.19161612725788965,0.8314437868811494,3
1.0017668298745668,1.0453911583441544,0.6953451962877235,0.6762928345708688,0.872332599451828,0.48937703517760484,0.20926559589144603,0.9540414251021049,0.40535367596732036,0.5697185954235113,2
0.565225147445249,0.061258094431249195,0.7089013547507509,0.19414054474669598,0.8125408451338695,0.3993236495815834,0.6382348177564725,0.12139036722436758,0.7382475209274859,0.20079015680266707,2
0.7831114274459258,0.8424731858484658,0.7434952894263571,0.8079689522898411,0.9164624309373555,0.2809437835974442,0.37428664094250513,0.7901640346785537,0.3090490026152939,0.5890290887248515,2
0.8901178630719864,0.8252076014027095,0.6236299044618945,0.45665300156280103,0.3461216154017589,0.28844263239637064,0.9793361650042958,0.0615711119027012,0.717594886548425,0.03483527687197557,3
0.3265760538830269,0.2536373897074734,0.17874854916892258,0.6138214825080645,0.5617641971534587,0.3558608458032573,0.7275000770736709,0.4032605647572826,0.05974600072720136,0.5870474250083773,0
0.9669854457890931,0.6968290597692245,0.8642853674977992,0.7249263817230014,1.0306187121887662,0.4456426469140834,0.21263214552380005,1.0586040070471188,0.26398512755043135,0.6673860384913961,2
0.9748305819168527,0.9951792367115573,0.6589392263451959,0.018062013971494217,0.08491724868100096,0.22062782922075713,0.038328508243594885,0.7455759100916536,0.9717732844430158,0.70923823402204,3
0.1364588602408681,-0.06641411552957152,1.0410319548479507,0.23409273010985437,0.5905617653648643,0.47556316224969225,1.521175854338127,1.2291711072892362,0.5264713784437521,0.2588762184397582,2
0.010953199184215216,0.6138321662285587,0.8146474138842623,0.2252343162749877,0.7299478833261107,0.676804088862175,0.529763222342983,0.08407558809094778,0.780333733409715,0.019466920702864075,0
1.039314148171173,0.9695456862478814,0.47131277226042456,0.6832219057095675,0.6902114825314143,0.061279573592429665,0.38426803086525696,0.6846491079609714,0.07500515284084752,0.5859847915095988,2
0.8729049915433982,0.2987249788976794,0.7235904863331012,0.0333895306278228,0.8784629047305047,0.007895139697444913,0.8711961347634304,0.6468659764250176,0.2166486232958364,0.7481903663057186,2
0.5080434988270758,0.5935399805779965,0.27707344436298115,0.6577994312294727,0.04615899837903468,0.2905999252768549,0.7739492864874726,0.39415475259508476,0.7657725421179054,0.27309973602501625,3
-0.026481931268670836,0.07816439106785562,0.4924326915703179,0.25787688006494325,0.8667376026855808,0.4339430385264901,-0.01965058097504044,0.710334419737065,0.9288201395133773,0.8347777692274428,3
0.6708211434677195,0.8678035359098204,0.7563031298121637,1.279217627243948,0.24831290816017076,1.3631396692538735,0.8226161837526412,-0.4229105309383254,0.2919994220492803,0.14901341492220915,3
0.506429468295046,0.8241811950210763,0.8763608662877217,0.48246790521316785,0.765728863140119,0.8244970339250102,0.5371795799970084,0.35851682793500733,0.7382494848324662,0.46352635118282237,2
0.9114991333709828,0.34323594458214857,0.6675542571642152,0.014663266213023943,0.8746034723659561,0.018117819940204533,0.8469687529850121,0.698347306479768,0.27662012817421566,0.7376204456466184,2
0.7983743532276646,0.9110223685779626,0.7708005582275913,0.5540500949873252,0.6307033342191685,0.2632589859479372,0.15449959296636007,0.7418302109879243,0.47800913283803026,0.6085101708858935,2
0.2906346844279795,0.016640758355362245,0.11459823972531483,0.5187834830592912,0.514757256264681,0.41895852803522843,0.7246882215660653,0.1888991423004578,0.07691598335014996,0.6237336237279476,0
0.6407152275629358,0.26105749539249556,0.3992655423097045,0.04648206283667975,0.21103732616852122,0.1226337703924297,0.6251120355791087,-0.04450988158361159,0.5787706382228021,0.248082737987943,0
0.37766973385666885,0.48483237915376465,0.6517766458813887,0.7085738474883421,0.12993380920285172,0.020918467579503386,0.6134799810726177,0.6227049771465079,0.07564930208566695,0.9024670014439472,2
0.04171431626001622,0.09575633889816483,0.4616024156628073,0.3176806956444926,0.8479035138222281,0.3911460279691653,0.05188207811243154,0.7741414512520972,0.9107032662830943,0.7325403095715315,3
0.7077930655708368,-0.2259490276883992,1.0055653504666853,0.8215593945968002,0.5331585228114247,0.5387009957548128,0.0628935718198626,0.10417961234159046,0.8497789547572522,0.45011043148425045,3
0.044095152353955225,0.1216304968626898,0.565658578560587,0.49977814753326194,0.8410641282689054,0.3711854927745735,0.5316294227005489,0.7868729896738582,0.379139085002681,0.17185053101898815,3
0.4776583839711429,1.1195681208483288,0.9480182064994558,0.46331069510434486,0.4454613476205156,0.8681098484895895,0.34350459390121346,0.5500619737579334,0.04909103003559967,0.1372895662385713,3
0.01130912475477811,0.6139523382291642,0.8151274827512499,0.22564196528927963,0.7307851079594976,0.6802723440986245,0.53014990902414,0.08376809283794964,0.7765880993251267,0.016910266824106984,0
0.5301350373779266,0.6216793818578148,0.6847613134250983,0.5113946479095536,0.8431870390666658,0.7181868063783583,0.6148419511168907,0.24657775360317677,0.6807244664850791,0.5183377521465136,2
0.12109217963659924,0.44490954632159485,-0.193340680264314,0.662118375799902,0.900980926771697,0.4181497167892731,0.6372701881198274,0.6767081245813625,0.9998487914998566,0.48177648280300395,3
0.8351337382374939,0.5708848776662477,0.7324522477763763,0.34428809751968653,0.6743045722588524,0.9713766274460088,0.3290960129397473,0.12849128865412174,0.21937844865163253,0.8506646219016234,2
0.6252487006430362,0.6855557345514617,0.39850323228144546,0.9174659415563946,0.3076330761250561,0.00279709703951201,0.3673575584010156,0.20820733257934385,0.2863463292234692,0.7502678793307186,1
0.6123708189858621,0.49799472007990175,0.2656076318862253,0.7298560147421692,0.20107841042190133,0.211819659027217,0.7499281232894695,0.24588555953312352,0.635277571469012,0.10824760535119574,3
-0.20189172841265407,0.31585160512770577,0.20828489516504733,0.9001446216053431,0.6853450013046574,0.8677600678292156,0.6183692886274936,0.7657843530228909,0.7216261940955757,0.9753419013215082,2
0.9443640947248968,0.286805949762035,0.4563198139719211,0.6588199939366016,0.5049031694173495,1.055572994757849,0.05414450749710964,0.708289986036744,0.5965645033903894,0.10929841237821489,2
0.7075754211574745,0.6109620691194485,0.5245469915498209,0.5332105172306871,-0.1345300262667785,0.5155302168038958,0.49538993956563915,1.3936812916351975,0.5461118616561824,0.18607665028270254,1
-0.15862458795786222,0.4733125075596161,0.21236599420328184,1.0304342064791874,0.22529557742529607,0.7123269502281981,0.3924050552222209,0.9307132531787268,0.46550217195965565,0.6432882959680312,0
0.76076537345503,1.0325302588715324,0.8707489645857855,0.708608653602804,0.3059145018150907,0.9434261131308694,0.20653763856653784,0.15230153366691454,0.6430294006782348,0.05419969041757674,3
0.5845852009819155,0.8203574270085384,0.04555005678484003,0.3356503112746048,0.4571482308798947,0.23758789767176086,0.9389612358208517,0.38682088032925,0.6988674363206531,0.6747872055117918,3
0.9466143539365045,0.8362556840601042,0.8282774525648209,0.6372076266099816,0.013268153471679811,0.458660767101091,0.058462176872331094,0.745313336249422,0.08303905493883418,0.4202351653168622,0
0.9184100207628392,0.4499921342240139,0.742679157207204,0.3049545490157538,0.15754891855614186,1.0084365925267882,0.5710231078685736,-0.13259507868431777,0.5318002553098578,1.1172825173099543,1
0.24847460772667523,-0.2284272088328716,0.4979476939540155,0.6236193957079004,0.17484687019611556,0.6874664875145755,-0.3187770789568986,0.9166295803062278,0.25340448556616624,-0.32320807754729,1
0.8172291445066376,0.8210300453207877,0.7963236955144815,0.8133539390810212,0.8732770149961292,0.22152512719581877,0.32772037846080715,0.7555122395303444,0.3333921347190159,0.6367857041431166,2
1.2942350312467839,1.4320391816376574,0.2543129234222609,0.243794550308213,0.5341144268389602,0.6494323588429576,0.32227237060006775,0.4896833850202057,0.8441909327179923,-0.17920103467937076,2
0.512626393105315,0.8513309293292542,0.15488691636148466,0.32366488192970605,0.7357855951760011,0.24752067246748036,0.809016244277321,0.28254272176733436,0.7186170781043142,0.6034982487856333,3
0.07768814496114165,0.09273251464998644,0.5051660010282901,0.4795948025245361,0.3371120006033068,0.4865644796830226,1.0227664381102768,0.8555381302676983,0.7177992981814634,0.3915076607607526,2
0.7309770074376976,0.049366435301811035,0.4201895135028281,0.5631855384327493,0.5383836032586892,0.43806235652172065,0.6972570488279759,0.4107225889901399,0.18244698015111016,0.3883496832771811,0
0.19937689356534793,0.49250296651771475,0.9654503215427671,0.7057185449462072,0.08766149500823994,0.25334852753259707,0.7276829646220272,0.5887547951087295,0.3696897811435009,0.81201625625588,2
0.36365631024030315,0.506651911875642,0.7253363095670962,0.1398172728903224,0.933049276135197,0.5351614906313891,0.6160577366458073,0.6815672666118044,0.06195454331515836,0.44675604550902603,1
-0.023081148697167486,0.32614889786274825,0.35314742277174455,-0.03382538894896288,0.5951476598513965,0.04462908130773073,0.7576816544128187,0.6986400144547732,0.6119489762289891,0.06418685574130613,3
0.7576405408815694,0.6333131073644261,0.5111702180856964,0.8031684407239948,0.14347140483185924,0.038258249385866826,0.542626280534784,0.18769164594967788,0.4815203106887215,0.6684723306287097,1
0.12044401659839479,0.5489777073053672,0.06996911460068772,0.2210187205339382,0.7647047874576571,0.25704113160841324,0.22348947911431183,0.33642649278927816,0.2690778113279054,0.34561003185401185,0
0.23099949312720747,1.1285952118835747,0.6874742801641114,0.5852176103281832,0.49857658724161436,1.084307708851288,0.30732709546472126,0.3944577414010306,0.35404698531052403,0.3132633308703436,3
0.012172070336470341,0.6137941996808554,0.8146634287516441,0.22718797109647146,0.7300151161546273,0.6780231759117622,0.5306094757148311,0.08276801690709153,0.7779058125343382,0.018425171922178202,0
1.0237019322313616,0.2052540801060603,0.6315057544859363,1.1546827664714214,0.4121488642485692,0.7408602429040055,0.26539463921537465,1.0391987481925415,0.6571898886212951,0.3152203570245248,2
0.6610228038895941,0.49687528941085396,0.5988509967908603,0.6823254590214893,0.05758255840206616,0.5121630562799863,0.7479554579587466,0.53315810439253,0.5519256388158102,0.08117929351629183,0
0.654005783297899,0.49706975672973575,0.591452011323778,0.6749518775840483,0.05592558596324586,0.5107195496231327,0.7464689378866908,0.5409967277837565,0.5469821207144707,0.08882575778424605,0
0.4499817193004593,0.8200773366838727,0.1418741432651659,0.18835149304198723,0.6097912982836444,0.24169033578019505,0.8702843354796581,0.3880738181292935,0.7734850707071919,0.6229258536577134,3
0.43171778565765223,0.33576589930004286,1.159423186601241,0.23748109210465038,0.5234306275638283,0.25245289793181325,0.16926256337015352,0.559135603217557,0.7738532138652253,0.4022730390530953,3
-0.1635863235359634,0.7700481716780477,-0.1423371961476841,0.8161790489409877,0.5559642004642196,0.5592185332378061,-0.09187402563650307,0.49753388789472014,0.4699332469042358,1.3460705155966073,1
0.37896068789993664,0.08812104295241285,0.37405801740016814,1.0545297534191418,0.7072459022584684,0.849027297786696,0.6627757942218259,0.9105540931899745,0.31382543771931926,0.8124241559819552,0
0.7795751462657451,-0.03297814662286522,0.6052990875912238,0.2883031120004963,0.09581910598313094,1.1706730012877302,0.24259793684822062,0.29548936955938665,0.22085994970617115,0.9361756104027297,3
1.1390234317504566,0.9865733626811347,0.8704024029911952,0.7761441430879797,0.19133529912573924,0.8388282068369026,0.3927541581038834,0.14115038148480363,0.7982814188382469,0.14832961349139204,3
0.9675466952363815,0.9861455625362553,0.6104420912534779,0.6270484904551524,0.7804052124104629,0.25796433624150883,0.5128914270249031,0.052300704609241286,0.9135188266266008,0.02739893889177967,2
0.2937043927413704,0.4506075721017574,0.6235798743200461,0.74915676931178,0.3200284471056321,0.8265593987545208,0.722056122668067,0.7134196066264895,0.44474971079652575,0.7516475678416707,2
0.9335775869759951,0.8355626996649499,0.4145228291777554,0.6033306491349093,0.4617111134535465,0.10237944573766375,0.7758967819419305,0.33761777777557894,0.842652983921041,-0.1897782588001571,2
0.012381392482512766,0.6146533489225595,0.8132381584274009,0.22585747684304658,0.7289998294297145,0.6775006057794978,0.5325872573368015,0.08326005872984338,0.7792869230622707,0.0172815519272072,0
0.3776638421700612,1.021309361803672,1.1489624649903445,0.4794404837236536,0.8077597393818373,0.8163368700972209,0.37958340347314956,0.25490953615074163,0.42620767113658303,0.6321868530056105,2
0.1832983449776477,0.9047509412358316,0.6721695134995405,0.5623998025105753,0.8938016805230771,0.3630870685275051,0.8515138700287939,0.4152742314465498,0.6917670760264772,0.5507970858432937,1
0.8106332649670127,0.13805535827618481,0.4340415507671384,0.3452893633818489,0.9513072890518242,0.3184626070069689,0.6691902460396183,0.16445859303428167,0.5800314142782431,0.09307163842930483,2
0.8027766712701788,0.575153619925642,0.768870740622645,0.3842740929493963,0.6456286630480721,0.9366567383300974,0.2828347441262827,0.14860444670996723,0.1917103467744987,0.8667193345310583,2
0.6198209267063262,0.04828967026870678,0.6372611302580118,0.27599947762289334,0.28204169039116855,0.9797259351533892,0.17357843326978514,0.6362648770856731,0.38183808781074735,0.9155286961968867,3
0.4875525101142669,0.21536968487930006,0.9703229462453864,0.4285935319743009,0.67560901343865,0.3029971346745901,0.3291312198875576,0.3932578715323584,0.7557607302500289,0.5688515321887981,3
0.7103779480085732,0.8925201581778577,0.6632028479620007,-0.028099404910407633,-0.07715838062304653,0.8701021912269954,0.8676891463825086,-0.18982504721952814,0.7718322846026541,1.4009882290878566,1
0.18119625492583538,1.04303975433367,0.7332905065294255,0.5111047267470894,0.8796089558408747,0.1877876022442665,0.901943504255628,0.36593720303100014,0.7055341092514473,0.6955487297924517,1
0.7545994254986296,0.3566413741144189,1.0253960451206776,0.060370175295609174,-0.19936243714237611,0.7531395030768389,0.420896397925437,-0.18166469734965895,0.7285452889026486,1.2094775479962765,1
0.7889834464945075,-0.1617459623358031,0.028859161481992267,1.0610591828889886,1.0450452536154613,0.2293773032355156,0.21179702842239811,0.5390557235449034,0.7153425949586871,0.4726552179419299,3
0.6383211988634738,0.22270557107584513,0.9581203552643227,0.3735938140102356,0.6017196260021569,0.12325871426787324,0.4986079277664195,0.36494686655529246,0.9203661607124295,0.7710840631057684,3
0.3146677936052013,0.18719970763966326,0.1074346585950247,0.6405503068204755,0.5512676789834138,0.3830745294317198,0.827613559033494,0.2787546823961698,0.013198479092682798,0.668246588412297,0
0.6397515001128027,0.1206392782370116,0.6350475325622693,0.2099304604586542,0.7519508703276101,0.283129766798867,0.5665591840569566,0.13326440548321974,0.5609892273011934,0.2155755334768401,2
0.9499393120412596,0.9769246069782777,0.6555564571768824,0.04118548975014393,0.09035016252224067,0.19254099836317412,0.05017931533578404,0.7889152358777277,1.009978300972892,0.696158763274173,3
0.4978046821155829,0.19829701384760764,0.9962539689875876,0.41499662963764256,0.6977856902283153,0.28197827512716234,0.34158297119288766,0.42924315950312586,0.7840920844968765,0.5549762633803278,3
0.7820393625280061,0.74249979000369,0.8071517860199506,0.5009839281014605,0.13019297861721832,0.7603611108321839,0.05611749897566259,0.6639106793382816,0.24439382739562443,0.19550637580507546,0
0.8063196091032369,0.5930697835528195,0.7840553733819202,0.38601614839442805,0.6331365224384555,0.9320032680942377,0.29350451189585763,0.15186358085878976,0.20111595686531833,0.8482217023720284,2
0.2948464922209831,0.9025461731597818,0.6526990038704173,0.26370411968043483,0.1644167489355755,0.8194565174069419,0.5452008044095876,0.44246610364835576,0.37743412316242014,0.4209858540790578,3
0.8886663110963379,0.7040460017348323,0.8564356514070901,0.6604541759504996,0.13371085762258866,0.5559416770516025,0.1624916523748906,0.7680419550379074,0.11977866778016451,0.3884109228685007,0
0.4307277935123458,0.19853333121657502,0.597834671583916,0.45296554875460876,0.5954246686576201,-0.15949190108872907,1.1329140541571103,0.6257799497195446,0.3412001827596131,-0.23535887674014333,3
0.2680401353713267,0.8054711160055634,0.5618295015004285,0.2556644803507813,0.045110751751700984,0.7518373220378415,0.6192090110133418,0.35785321834202033,0.27081128136438753,0.4252091699126219,3
-0.08834871830553132,-0.09279817758486963,0.6915266466132425,0.7177042004695119,0.5543928447309648,0.20977459236856733,0.7793528158018058,0.5459231180529898,1.022768777503966,0.6147379359823618,2
0.8653190982374621,0.30385509658358134,0.719610983231968,0.042988210823248656,0.8901262174659411,0.020626912850841,0.8768162761922247,0.6660957407415663,0.23565950573813144,0.7468690347187008,2
0.564173857640283,0.5262317169403858,0.7921779941926848,1.002789696596115,0.016235367857268382,0.14100301163842519,0.011530340738976633,0.9373312711354593,0.09418767854143531,0.4664422726330902,1
0.6566170831875595,0.5034883323369544,0.6268717794255275,0.7083089235348248,0.059428865732825444,0.4931628871580478,0.7262885939450838,0.5472653170343801,0.5497648223223827,0.11132356360364573,0
0.09731585581814811,-0.08914040065233844,0.7144941620850346,0.48464353129298265,-0.011079363292920173,0.298867767974555,0.7548753367057042,0.3647401203424872,0.6455513744969852,0.24589626402578774,0
0.4019632216306305,1.0047954414101206,-0.019734791976997873,0.15860657585799862,0.7101299481755126,0.20145873207756126,1.0051298867751333,0.4508927163612075,0.5405582780664102,0.4703183182466838,3
0.31329113964989114,0.5285642233282906,0.3604315672007091,0.3296582129852931,0.037268611574891974,0.5150807799846902,0.17394607285558447,1.0081199749718641,0.09384083598099165,0.36977929810045046,2
0.3843335029762302,0.07253911460103378,-0.1610344505302297,-0.20177146524949918,1.0826725577273826,-0.28243285930344575,1.2712588731979146,1.4520721822886542,0.36324323878482184,-0.17876721635712167,2
0.24127073739360413,0.6253457586522263,0.8024969196960172,0.011686943778695967,0.8339616337609864,0.3603664610035477,0.6931081906834095,0.5659772697660507,0.1310142305653906,0.31133125944123796,1
0.8893182783297707,0.8075210679790631,0.8707023431038728,0.6977901637101109,0.8192603879698893,0.2599198782915597,0.4114666785010167,0.7714130637177199,0.3595474818293878,0.6976666600699117,2
0.4550078753190506,0.3755925378998854,0.8505654647653262,0.21039426494901942,0.7634705254562839,0.6725719723570559,0.6243543463783312,0.8839773668099032,0.4883095953629901,0.38171084864337174,3
0.1848126481905166,0.9699623116671192,0.7349645232148735,0.5536941266623125,0.7275775691124534,0.3494664457234009,0.9647664948268868,0.320304002835883,0.7559165372756784,0.7878086310506749,1
0.47301892807490054,0.32433232565929004,0.3194791101305492,-0.06425170836292081,0.15587983453593318,0.07489976483077182,0.5349143468892238,0.06603603343967966,0.7468791516044699,0.3904019984551309,0
1.0578591545730083,0.08241617278379096,0.7715936837426912,0.4438908116488789,0.3653512995018782,0.26052260141831685,0.49916545372259724,0.5707123668769479,0.25441152513590937,0.29913662077416436,1
0.6623186012238189,0.4696373651079544,0.6025652857268622,0.6615698969006064,0.05899855102490287,0.5414100940945112,0.7461630619205598,0.5322699667310185,0.5480629520603431,0.057393546081587754,0
0.7247682320277076,0.8052105090474413,0.1729520626145365,0.5862143573223312,0.6130907531319483,0.2136055902648346,0.8940641336599238,0.016199900506990255,0.3537439425588034,0.3993856593890337,2
0.97441204047096,0.9986978310177536,0.6466032570083966,0.008350396781240556,0.09567599081073057,0.21376255868352165,0.027219712701233332,0.7535066603016018,0.9835057220663325,0.6953276565436703,3
0.21568168624156683,0.636887391134113,0.8257463511415061,0.019949944625227027,0.8142910859037422,0.3827970979488178,0.6881573637417799,0.5896230428095718,0.11631384438072029,0.32112795555620716,1
0.9980687993216832,0.9310747637288417,0.530203694548736,0.6058874242847311,-0.16022106882571513,1.136913831027816,0.08027299979592592,0.9651661190671994,0.152984618779565,-0.029931193186995053,0
0.49469132025210083,0.5723208509360951,0.243424227261966,0.6819537304675055,0.08408093985572486,0.32681170162795353,0.7737147755378622,0.3570286780680524,0.7148475713030906,0.2209175091071932,3
0.7196397874136063,0.8478058190179573,0.7028446141125747,0.8464342736898418,0.9173252815642503,0.3721545010316115,0.3261414760946676,0.8312411733352072,0.38488643811027784,0.5358118293157501,2
0.6083154050201165,0.5430436343722234,0.275105091102825,0.29789139596687564,0.845809881556129,0.31961919858119586,0.3736872247941593,0.1003511834545233,0.2654134460152691,0.19091525990196037,2
1.179343588533032,0.4459321402791656,1.4970640697673416,0.8546026112945599,0.502470525215164,-0.26710688313301645,0.9813863189194683,0.5138176318423905,0.556234682428122,0.8596341169570418,1
0.8567683406604291,0.5448690485319045,0.8355779628934716,0.42877526159601204,0.31584422521637256,0.7771564434482843,0.2645625837137351,-0.16139738733705053,0.5364575711930681,0.8428691969015492,1
-0.3784514942937245,0.5652593887325731,0.12730252032045475,0.8215911399860261,0.13721259936779834,0.5080434663889851,-0.022682212482413422,0.24850737989618554,-0.17517395493662447,0.2992826213554296,2
0.4849756771930751,0.8223488165264468,0.8688766557262217,0.4582515944391821,0.7571362589284573,0.8392814712347451,0.5193637025884613,0.38282102769624426,0.7180856454380812,0.4859896789553811,2
1.2279735854234017,0.42677718155237443,0.5660777226026021,1.2502171101402824,0.030014250364447603,-0.05640462627930121,0.5605570426243665,1.126065938703448,-0.10163584545478899,-0.07306763493570168,2
0.586025688395141,0.035362470437720096,0.6094445038879892,0.10061491580065517,0.6809459396724491,0.3564313481089188,0.4630592108581704,0.2441216655972189,0.5554617149160029,0.18590449692017053,2
0.8945613814645379,0.9364365781834194,0.17206047265679697,0.7690904898520915,0.5897385597003763,0.25654445252835006,0.832811908066663,0.03588421073028755,0.3173603000816784,0.2312507536473963,2
0.9257023012405008,0.38416692175837563,0.8221068139871605,-0.36859833447210616,0.5052850979233964,-0.2196966870170351,0.2694006605722142,0.42697056368435593,0.29351895711093884,0.3957531204164676,0
0.05421794302141506,0.14667657191367878,0.5425705100390106,0.4910196593071023,0.8798332853576072,0.3411467571654941,0.5168443667986047,0.7320493733806465,0.4119470546658287,0.15812523073962378,3
0.9648688486630177,1.0059554336849654,0.6545176021755583,0.0023807842096683135,0.0940576679383316,0.21149855015465516,0.021891377809730765,0.7534506840215955,0.9900146823968935,0.697625193449868,3
0.8937112945948638,0.3531591600984645,0.7896396211398308,0.7385130318213065,-0.31667627691235317,0.09988460297073987,-0.16057786805190064,1.1570074199951865,0.40719364724562007,0.1126983112964356,1
0.8045088489265428,0.006382670909080219,-0.023934105774819497,0.8436450889553455,1.0341525228258934,0.08035845995293207,-0.021413862839244152,0.6764741635179025,0.530216702310649,0.4777879255206545,3
0.09288746016280877,1.015867450451929,0.6587179363274442,0.557998759669448,0.8337835220743889,0.22623061558503899,0.9623624968008216,0.3836060286626203,0.6437238700710359,0.6361215049495167,1
0.12193576580096735,0.7784385770977731,-0.05986500829979442,0.3441504344146871,0.8924948599029092,0.4948263690659644,0.4860271394395121,0.2996707993387298,0.17289355325308095,0.5331825372093288,0
1.4903659150288038,1.0097991859449753,0.6299204328292863,0.6102682898959646,0.37169020452196444,1.3596008483095778,-0.0871153851016866,0.4466838501985609,0.6258728943751932,0.9329219654379751,1
0.170959100517329,0.36079896513377674,0.9667352903858311,0.7688038157091586,0.07439947872163905,0.24029194840339785,0.8332914523435903,0.5785935337931057,0.30508442178714557,0.7978983943514512,2
0.6238035266174473,0.5104777749868665,0.6154768604022393,0.6921728258628317,0.08038448463639344,0.5042689979226228,0.6644910138986981,0.46059974124419306,0.5529523384878287,-0.0067537143089373974,0
0.9991092852759396,0.9477313511834417,0.13700308253091908,0.7986800420555096,0.5349484821367539,0.23547118299306719,0.8991644491743493,0.05093614209378851,0.30872649927464896,0.28482244704130666,2
0.6613289353449134,0.5036590489025717,0.5956953597298917,0.6792341503716689,0.04544472499659113,0.5220295460064227,0.7357011508093305,0.5352317754492482,0.5602792186142748,0.08992292923526041,0
0.026113309386930905,0.4202082261733193,0.3470578037748607,0.9486779916578482,0.4081931745329878,0.7686698401877248,0.48626397885536427,0.7887336284505755,0.4894258183403277,0.5732002812772024,0
0.5029217368729808,0.8193661828074771,0.8733545789268573,0.4797087770524692,0.7624034828327027,0.8255200058534257,0.5357443769416939,0.3608241856632261,0.7338626976882181,0.4692705281860749,2
0.3346124340402322,0.6876698401457029,1.1859424240419247,0.5101222399127902,0.26909441995852285,-0.1062393306545818,0.9449396855085378,0.732402682011095,0.3018848836470872,0.7623727334179051,2
-0.03462388188846423,0.2658224367064342,0.571149502092645,0.6122702115310454,0.24145272589452202,0.8236422246628988,0.598592943739744,0.46901425166019783,0.11480830421163654,0.9220415861363687,2
0.05461254752185044,0.7335119833142214,0.09620124712942824,0.2757521024960206,0.8952107273061674,0.4550374359917593,0.35734567457913635,0.37025659852571846,0.16208763297713194,0.39468573634563725,0
0.5646040004787911,0.330312698763629,1.098801846870458,0.3848827701794054,0.7845283919281041,0.19162857572652892,0.441109585851569,0.3827160814153531,0.815674445465457,0.4248517494217152,3
0.9661205656678826,0.8834819271212105,0.5088485994877506,0.5519455864173938,0.8744376132707278,0.26807091749755474,0.264172342545036,0.9902995292648501,0.2696817286484493,0.44420260101727893,2
1.2431903592349525,0.5380271653182437,0.46104033511270165,0.27963783622023203,0.2436116048814353,0.9965713343426417,0.5127916706552855,-0.22472139430149554,0.7373526460007442,1.1235374326366723,1
0.0028860674093042216,0.016397226907635107,0.7922047609156146,0.38877401590027355,-0.02358216816527134,0.46470155696763815,0.563238546789915,0.4012283368256667,0.6160757606920615,0.23985985880569144,0
0.3876556924638076,0.5557380035031887,0.6818594999900444,0.139513051974543,0.8714256892865703,0.48961642423474105,0.513629957230346,0.4927898716264866,0.003712117099345255,0.38601989015655236,1
0.9382818882710253,0.8718540688922313,0.09000801869000367,0.7698471655140845,0.5540199024271438,0.29883146338714295,0.9066223122249302,-0.011644464376601646,0.3299901140963915,0.2961288668529377,2
0.8204490197903553,0.6105102430241075,0.7918859371305559,0.3881804492000322,0.6505760084874159,0.9235417527237991,0.2710436216436444,0.12873691900710643,0.20421718008980555,0.8535719925824804,2
0.9151385038935568,-0.026826074291974367,0.13790847197594963,0.4666257236797094,0.06859211643371149,0.1965446035453602,0.0782333413458921,-0.010290063460893367,0.1880801926351851,0.8358454699195935,3
0.3731623110309913,-0.06870874703331359,0.8213559731528337,0.24591056678404527,-0.24002945280264176,0.7295904767196769,1.348165229060618,0.4928146989169107,0.6037671665234324,1.1190053005699883,2
0.2096760764667184,0.6500420355188616,0.8375927510845904,0.006182307590470039,0.8254674040977104,0.3892163158147097,0.6953235936686556,0.5896663532945072,0.09771886658990768,0.32389127971136966,1
0.30537231341318016,0.7397455630889734,0.35709425942561795,-0.09542529283173196,0.876012422606193,0.2806806423374734,0.6364373269671459,0.6656250433650793,0.1568630308584715,0.7628168258545884,0
0.2162400084829375,0.6390032717477648,0.8223949813913262,0.01690848998188961,0.8141857648867965,0.38246357171826306,0.6853354364787051,0.5923299539390935,0.11577986165934775,0.32109670076252955,1
0.3112545922021549,0.6824254572486329,0.8494679937430842,-0.007382833350677173,0.7876666888403365,0.42318697630033203,0.6537322598578759,0.5534731756968294,0.20408172251569,0.23214816722331988,1
0.18729699642351902,0.16790417947992092,0.41442490486479344,0.9967473747754811,0.22979189655913443,0.19987708748799315,0.5202420700496976,0.2059115009919636,0.40222776355199313,1.0624408300768784,2
0.8420606680755989,0.21828989200735704,0.32527405135642506,0.32665789111867705,0.7050116143154607,0.9491647555986242,0.7631712067480119,0.5380368012810722,0.8387055810785857,0.1326548604463475,2
0.08698617157862065,0.7109291666452536,0.07682451036239679,0.2495977014103629,0.8246782142244048,0.36935331263920396,0.3295651885253933,0.3755035243776277,0.18629361994256163,0.3794994747494927,0
0.4236163653435937,0.6868647539440713,-0.0033620908444534567,0.28479791310382285,0.7648626866282009,0.16385727469888484,0.8389441744958459,0.4744025999003282,0.6639394799434839,0.6448980472860598,3
-0.267507133594504,0.00821628126807572,0.5109555586962933,0.803934210765936,0.23406033662836737,0.7171070371064141,0.17346276897783985,0.6499789229914581,0.5494856983160308,0.32850595477568106,0
0.9711897113112401,0.997089732140248,0.6440569513948159,0.004635806823517182,0.09370784972335232,0.2179589156311689,0.02792593720203712,0.7562173474792989,0.9805269023138766,0.6933181867862943,3
0.3545752450833799,0.3902513704511968,1.0289263262185988,0.49036660616573224,0.20696223868657312,-0.04278785803942034,0.5686316856843439,0.7530575242971272,0.24564905642981166,0.5543992819678827,2
0.9230758849849616,0.8509448167862651,0.12608895800589148,0.6328509626397427,0.6999869931754035,0.29614355828444466,0.9090970163760794,-0.003008526312018235,0.18309012547966427,0.33363648943462065,2
0.1341920850391194,0.24928135647778488,0.596418276649557,0.9488975296532954,0.22049116267046848,0.6689700096136574,0.5951977277709217,0.37671471453358896,0.30777429911458093,0.7226264765005297,2
0.8555702618735853,0.48731101947483824,0.7045332477473895,0.24874288843377798,0.19981671219323155,0.9046224161649095,0.404580351125599,0.11565484320694737,0.5848976737165306,1.0255811074949173,1
0.06603747519416181,0.6961880242507509,0.05851391242503984,0.24171016305021467,0.8447693089599261,0.40699233589850753,0.37744061908490967,0.3645306112745052,0.17328355905437817,0.391007449931817,0
0.557410527987027,0.1661306956970237,0.5039886162090613,0.2665999481211593,0.7453470746166376,0.31793954138149144,0.5501593636244486,0.15131510012356364,0.67498700091463,0.15493262839795463,2
0.9824581047440059,0.24838935901672748,0.9397823971096808,0.7002970934570151,0.7057255963898506,1.0041503173622541,0.581124921444924,0.9326156385178662,0.3131903285019133,0.3715260062267494,2
1.229245151929385,-0.2690208506866052,0.5189559782655533,-0.055861535200772416,0.8577032689554548,0.9178717747805506,0.6533933014655648,0.48077999717327347,0.6243867949477852,-0.02631560154252649,1
0.6961688239137505,0.43582903681225105,-0.17124539663952376,0.3192926145154059,0.5710615969738555,1.5270176789158092,0.9299836081262635,1.0504839261877743,0.5295777563831452,-0.13254172894870786,2
0.6333004015232678,0.47678315299116136,0.62625875321936,0.6839483841996575,0.0656330907811072,0.5481904730930808,0.764234035985169,0.5351984975786622,0.5383057299155218,0.09206228851248964,0
0.2471560066066304,0.9893593689733591,0.10858888759417534,0.6956038949313784,0.7405427333576281,-0.11216186324171412,0.03934170134116934,0.6340908721554722,0.36809078052805344,0.7844429977118432,1
0.5393092651031292,0.8704062370866057,0.8199720887734069,0.47000513534230504,0.8121136722899092,0.7643406088670196,0.48316626286918085,0.3620535805424208,0.7467770156382767,0.4782134157438176,2
0.8082524492828731,0.5795669479808937,0.7712481710214596,0.3739608506673576,0.633577227945601,0.9301274737231339,0.28963204144630456,0.15600453791884997,0.19865288228455966,0.8623628772548162,2
0.7816197272686941,0.19084055248024506,0.2944855369134059,0.2643055880410047,0.7832883661453309,0.907443656837285,0.7268195608792706,0.5473650231586896,0.7947895889728487,0.09306768012307728,2
0.424446234755008,0.823007388745483,0.045354864433532455,0.3116634875279583,0.6443815090404942,0.18323912476522425,0.8838168598638277,0.3352266019653996,0.6668075389117268,0.6161512872060553,3
0.858544023821333,0.3115225949806159,0.7220240365652506,0.018103465129048438,0.9085385467542141,0.011797748242120496,0.8590558911717239,0.6460630207514466,0.22750656229965155,0.7623869400230888,2
0.7105418086680985,0.2565785651825457,0.9232721023735847,0.3787188436566639,0.6910576760566824,0.37072547380787835,0.33224117571022194,0.02642007763952557,0.5421718206541875,0.7874600723415093,3
1.0301096179400817,0.08624593278334076,0.6199461772158114,0.7808884608642727,0.7545862950151164,0.8418506389305396,0.14829192159239793,0.8372576274023928,0.6304397762008236,0.3426453157108473,2
0.5928770675217191,0.5656215025928458,0.2999258646284006,0.29769531778685526,0.8285511366471376,0.3449247432160327,0.3806724016754717,0.07939235175517134,0.22222822236109122,0.2096399339892744,2
0.8845703929068665,0.31517002784112247,0.7177607034129629,0.03815531121183223,0.9028680643722986,0.01066292829679542,0.8578489781313546,0.6681897208349151,0.2334825756632787,0.7576958231566957,2
0.89314975585123,0.9067414053570454,0.8731204677675551,0.8679137743953576,0.9211554881605399,0.11762205879563184,0.31693165898185605,0.787828449916411,0.42346160914834907,0.6732111216910728,2
0.055493425625654874,1.0235263976873477,0.37519839382959447,-0.40249790509107003,0.398850018439373,0.5631409805393982,0.6060605018764426,0.49140076914260855,-0.27466847534334754,0.42888572460141267,1
0.7780480808325959,0.25637161777577055,0.35591343897673255,0.3041550574984791,0.7687377670003214,0.9716769223793114,0.7784033420945926,0.6145681922093645,0.815610946776041,0.14159151948985224,2
0.9164176383654543,0.14943020529869383,0.21312646693781034,0.3516932137553833,0.7940885570005961,1.1172194482262015,0.3018790947124382,0.9731820278027321,0.1767632861912677,0.5137580405801343,2
0.879697377530862,0.3106609481283017,0.7169187947673659,0.027470730403087562,0.893670022381458,0.014819597103349222,0.8774444671164227,0.6618323394470573,0.22381400885732905,0.7573259915221319,2
0.4176789610824414,0.8221425904571921,0.056029945482313874,0.3027024487759866,0.6500970235150946,0.17561541080066895,0.8856643152364688,0.348296766774932,0.6787463717048179,0.6213211258984074,3
0.4908707535186302,0.45869342784933814,0.888062967767985,0.22835543514143092,0.7804626499829135,0.6915926364921753,0.5445182944147477,0.8404340983081185,0.5198076750158064,0.3273575924931168,3
0.883224490087044,-0.026491682680397845,0.3527284462783159,0.5094871836083364,0.2935784331242328,0.046696346261912186,0.12563218407290044,0.02585602855784837,0.37042915497110346,0.9224277871930796,3
0.6557636037313572,0.5553656410720055,0.7990247531367914,0.9744338335530578,0.0020638966135477776,0.02907122629321468,0.01730334300255805,0.9406349402435743,-0.013454198262214528,0.5243505811959718,1
0.769590666096197,0.18961574026496966,0.30296446578558794,0.29452864033493353,0.768175967694557,0.9428374250291418,0.7435699776882101,0.522808284944915,0.7709273175901623,0.08303658459385682,2
0.8000761891399316,-0.09059082151503736,0.16506274300935148,0.5069910938958029,0.13897284724252373,0.16087644007312965,-0.008469224555493898,-0.05440496785978893,0.14071151127076692,0.7960979895332114,3
0.14772820706396472,0.13528244566318648,1.2911175042913485,0.9319642367568526,0.03697074548723485,0.19221355900921988,-0.37158563160853014,0.3568589491768144,-0.3424468324097573,0.06720002792019059,1
0.7639296431891761,0.5588423686287776,0.812228636926753,0.42928535527789746,0.6942817032200976,0.8995223042671247,0.33502914001490897,0.21100198038962167,0.16279724034254422,0.8004470016898714,2
0.014099953675680524,0.613030595424666,0.8135282063867697,0.22570569482593794,0.7304123339397885,0.6773527459642477,0.5297887780478353,0.08200385091507985,0.7765228741370352,0.017561028012837588,0
0.18773692994061264,1.0621211970632836,0.7278365831910882,0.4021480287527227,0.6886155874056371,0.24678567557389883,0.891640717556168,0.29439907177919855,0.7339766054561297,0.7533857149928148,1
0.808379814285719,0.8730628254106062,0.7284470350717243,0.8321144982003963,0.9437560699917709,0.28330053950551404,0.31256783973124325,0.7837149767320191,0.3699024830897273,0.639464262640654,2
1.0168468180393382,-0.055003684259558094,1.2365856308414938,0.609732450382709,1.0223047113241752,-0.010573912335766822,0.25954723152784825,0.9040223490957109,1.2988309107539842,0.32381535306416503,3
0.8578619057862038,-0.04847327001459997,0.1353883495711219,0.3689555160041606,0.26641964733809737,0.06582448097312212,0.17370529959715814,0.053313166116557606,0.33927946732320124,0.8527014733356318,3
0.49735055069121803,0.19569848641612084,0.9946769632599108,0.42020588665723785,0.6888752251640091,0.2882578528756311,0.3401250644135257,0.4192061276651334,0.7777381957446086,0.5635042362551327,3
0.868033160986083,0.6910791796017436,1.5812180854022988,0.4810386838450676,-0.050425383572266336,1.0289180713605866,1.0402740425389956,0.09880537610831036,1.045243006519227,0.3038773666826071,1
0.845170708404209,0.31969865016843785,0.7611524679493556,-0.03345732014861684,0.8908011292446301,0.033527265445222665,0.9285221747026888,0.7014129366448604,0.18934016272445,0.7646467266808932,2
0.9389017519644884,0.28086821561666464,-0.359645242262575,0.5019180589112235,0.7035218437798455,0.24836117221429244,1.2383307251147662,0.674724426384697,0.828297083750028,0.6291006852599759,3
0.9298402331915309,0.17088143430762354,1.2050301090997038,0.8258982164216182,0.4734057227415489,-0.3614563702928315,0.7107381661081771,0.7877801094079314,0.5715273764245713,-0.17165397824864115,1
0.803997276687255,0.602047940124071,0.7405173343756979,0.34137413277009193,0.6649963581556596,0.9717141686332211,0.34864669097662887,0.18708686097639135,0.19319098436229598,0.9191800191957045,2
0.34036711482649407,0.10364716360118023,1.1710584266530155,0.5185043655041459,0.5944217756959848,0.2886072265927017,0.28614991419582636,0.44785459670031674,0.6817889920805914,0.47612235186618246,3
0.582059437120813,0.34597572913793784,1.0472661304282358,0.6055390270516596,0.8069620293570484,0.3256607238238021,0.42878718219014234,0.6069280535683441,0.6543919533161506,0.4478188043828819,3
0.09566828911560146,0.12602724893827094,0.5328845829437402,0.46544304127741964,0.8366300054176539,0.35280092608106295,0.5479034129757474,0.745426320525146,0.36946743901951584,0.12942420217655476,3
0.644106472966555,0.08578118653224837,0.5857501807870257,0.1413755085746054,0.7313837036781561,0.3326674151629907,0.5177550753473995,0.2257026564282948,0.5930683833161978,0.22098398314484,2
0.7258442850646838,0.7296236066092942,0.890525848773742,0.6933972324782733,0.8791634471829244,0.32825417398976975,0.2395920708261608,0.9240637464801137,0.29309056836344527,0.5507147826040523,2
0.5182461903166277,0.4252627127037372,0.27191887494372247,0.6745177129965971,0.023463687652096485,0.21923062275910707,0.7112105762584859,0.42267403925478975,0.7851857072932642,0.13742250567372544,3
0.5938361657461837,-0.24747026603509908,0.21149818881323168,0.10277002000521948,0.2579856732113568,0.48766436680189756,-0.13772605867842258,-0.07480077214196079,0.2181183153836612,-0.15066704375880402,1
0.03356842038112626,0.943618511081387,0.3108956363400161,0.8430253005060272,0.7538432610650798,0.07063564747957134,-0.02323559188270976,0.7926066629104437,0.16121783057588063,0.9982782218829129,1
0.45191045804535807,-0.13837010548422632,0.7760513200050196,0.013319009460510622,-0.17177701532450323,-0.21674657415436216,0.3589214502965105,-0.015434399862097478,0.5745279189573391,1.3910998475794258,3
1.0438910171818898,0.5801570252897781,0.8291334647187815,0.40372565628443935,0.16828548999048062,0.9265922987092727,0.47043923250256026,0.05200617478011156,0.6626623467153779,0.934626119977562,1
1.1518214147054957,0.9466455649581452,0.7571725398747814,0.5835176017167689,-0.018109874899775336,0.5423320863398037,0.18420841058710916,0.6288675052250681,-0.023218852608062675,0.424205958517204,0
0.8894253266820273,0.2814715004052725,0.694349219633031,0.021669705767317516,0.8913804984633253,-0.028137270799216546,0.8340898302515424,0.6689281782703562,0.17361361591790275,0.775002027366682,2
1.0189159158662973,0.9565204406641636,0.6482758305499237,0.5682672754395988,0.728926954705071,0.19341439191970147,0.5999666736216381,0.12581816043756694,1.0065360249110897,-0.039182191719632484,2
0.9607969839596203,0.9984722055167226,0.6470918829250816,0.01982764612048565,0.08088751334022445,0.2234448608228875,0.029998314226872786,0.7619983499354738,0.979204894733961,0.6879682536009336,3
0.44019521484848506,0.7123464775477539,1.0116603745808552,0.18929019412609252,0.8590166738143261,0.25160952163499106,0.8645594996896191,0.4683951512157891,0.021565203143021558,0.5572372384627445,1
0.4023831943198288,0.7451605016291569,0.015718051984268677,1.0295973424183207,0.09245656093473476,0.9943783255671188,0.12585249631404682,0.320956481810347,0.1235369183183343,0.31342067183220484,0
0.25138784562994565,0.49034914357635573,0.8754459828231812,0.6477145212329758,-0.05178405375734133,0.1730484798631872,0.8238088156101279,0.6112789838579171,0.4413850803809893,0.7273192523153701,2
0.010681006175578982,0.9324190778978688,0.2911711989919257,0.9153345668378193,0.7449948001791089,-0.04429359885337514,0.0008935359952988858,0.7700794173169944,0.14173025708628206,0.8847581686132328,1
0.7564362345894462,0.23859966869213642,0.9674160823091451,0.3837269992859898,0.6687705008647413,0.39015038847563704,0.3036173799520242,-0.0026544129428610896,0.5840872541298529,0.7780042552753869,3
0.6546354933444543,0.712944623353355,0.8708025559891462,0.39814101830053733,0.6978781513755962,0.6952150321423551,0.4815898795555996,0.5380663680461302,0.7183888437332752,0.4119765769615473,2
0.05798485116170748,0.1552604242913796,0.5290984674907264,0.5015104923322194,0.8783955424293595,0.34030031614647843,0.5109249105534265,0.7410537097133194,0.40298762547227157,0.15265745509572837,3
0.7237263911711816,0.24462707683332602,0.9345383738287149,0.40203180683782513,0.7258578892024701,0.32701858085305124,0.3237203535751948,0.02860968197977746,0.5541651075573272,0.8235520135904828,3
0.41872023937872926,1.3712785497916344,0.9486124660510209,0.7987320624249177,0.5693996697075332,1.2429704654364526,0.3393128610619689,0.5917359338790043,0.2853177270763532,0.10197844656753366,3
0.7011788253342173,0.2551215124856362,0.9206206162457975,0.3888880271128269,0.6976250895478533,0.382082848523429,0.3292981593404063,0.015031853395945196,0.541923149557944,0.7790616675225039,3
0.6948182643163565,0.49030555673551734,0.627731125290337,0.7016735978335329,0.05331395731059513,0.4749615254116906,0.7661724606513146,0.5055880880292883,0.5672216516175378,0.08844392622326391,0
0.6810786163697373,0.4959036970635517,0.5835347693520513,0.6752532249711378,-0.002140530850817342,0.4577166137803474,0.775321775214599,0.5377417034833605,0.4762880969864376,0.08280624077709102,0
0.025809616888134282,0.06507222039779842,0.50698672217811,0.2556647876516081,0.8145011358432855,0.39350075876234614,0.007943726369164506,0.7149847945029795,0.9529699727171889,0.7811331075000124,3
1.1235524775848238,-0.2262069862933272,0.2026903740725437,0.6201600781663781,-0.15531667883280964,-0.038293821692286234,-0.15728038010794493,-0.13206803354289848,0.3265232749752456,1.0288933942166856,3
0.5681462437760234,0.8650313791995146,0.896398013828608,0.5671704561195001,1.0141278645483196,0.47093485811670655,0.3088288567615295,0.6036417465093366,0.08052894246648015,0.600838042279901,2
-0.06852728138476843,0.7891373215147601,0.15211797926734533,0.07043294527131408,1.048654157448394,0.5821211802379483,0.6012107540707516,0.361263799142987,0.33332586593843444,0.2551498651240226,0
0.1830325429178309,0.7003232367716934,-0.2545594976565669,-0.21075452847680715,1.3172042667040331,0.7828820598000408,0.03660682889452038,0.5200234570756342,0.37448278186539996,0.8022277935658604,0
0.04723119225223244,0.9263832546154357,0.5018067106696372,0.34549563949343165,0.5295371328083713,0.6376674839387587,0.465684002579142,0.27446944946551405,-0.11049226279520719,0.13579080228334311,0
0.7069079281384815,0.7075528892912457,0.3591951247235111,0.776469987898932,0.05300544935017289,0.2070712710264457,0.409404078879021,0.20766757158740654,0.28720927426274434,0.8086539900914,1
0.6804900860195857,0.48742827435603203,0.6052053194837244,0.6601213157244251,0.04764798325069624,0.5362726682386135,0.7565934626032917,0.5160143579592844,0.5760777838355213,0.06489001492468571,0
0.136054324730302,0.987015427841339,0.7034169669732788,0.5172793769189011,0.8392083686440241,0.24528083242689658,0.9520032137469819,0.3820571971619047,0.6990301906777666,0.6722524721122903,1
0.13655959654509253,0.6577430540208771,0.8665315826873159,0.7571318010612887,0.007280850503700003,0.2781830892237194,0.7809418166590972,0.9774076877837733,0.5961202178547091,0.6292882691502524,2
0.08172575824954584,0.5718684150412544,0.7385161556647895,0.1280675892737072,0.9540561522259086,0.372330440950122,0.6939262180453755,0.6421220396523369,0.003463819551403041,0.2828693633903789,1
0.9060452804420516,0.028271798529602175,0.2294378093284049,0.4726018868784763,0.1959381958280389,0.16755170504255792,0.06140106104612785,0.04240934749915702,0.2596399074777999,0.8092238326471531,3
-0.35950011253986053,1.5559766897446081,0.35776366444508334,-0.24729732319262948,0.44265865864248766,0.44607128730716905,0.9461506513652997,1.2716400409432553,1.7175508867475278,1.2069163164299248,3
-0.3385595904043771,0.5558608221240978,0.48440254708472563,1.1812152900463444,0.15432715312175546,0.5337560482251061,1.0339179255892297,0.7716324776879968,0.2001799695025353,1.1230723024677531,2
0.6440899448730196,0.5156883201554625,0.5905485874008382,0.7282564235362958,0.10017013658286278,0.46560205003592753,0.7858414458207242,0.5366523044800263,0.6082256819105778,0.05188645564414608,0
0.33243690376278173,0.8371305571579739,0.0209046095669419,0.27234496863524005,0.6574942215822476,0.222235164457159,0.8407585353734541,0.28514224450450254,0.6130484438700083,0.6316935339553861,3
0.33755959836894933,0.6838195918876,0.3697082588588928,0.1388564394252897,0.27818738291506384,0.36850288600239167,1.4950441533363115,0.2618712763884846,1.090818311044401,0.3329090547699212,3
0.13749099175218188,0.368645384955271,0.6714995080089103,1.3033019192439876,0.17272800251330406,0.5348115200024124,0.40396275718895674,0.9172907527434534,0.19677442058838102,0.6963408974064774,0
0.46470256874185195,0.8970189347652898,0.8689534962218213,0.554791290560443,0.7016831298377559,0.7333614942778708,0.5142289184591531,0.39147628227034054,0.7349263673268405,0.4169016743310545,2
0.587406877637906,0.5350028243772367,0.32251017436737095,0.26679626490705205,0.7814331420118324,0.36407548005819235,0.33247076837411593,0.03854983296631915,0.1820310515136059,0.20870580965196434,2
0.06186263399644982,0.1447909965669359,0.5178686856051288,0.5130107096474319,0.853095856280572,0.31590323952939936,0.5323927866002114,0.7656284626030204,0.38194867032431623,0.18771654512667052,3
0.6734364963369326,0.4994837504613674,0.5873159088302723,0.6962931684507553,0.029475270744716377,0.4793916998182338,0.7425226669519808,0.5531515481627187,0.5817152714986497,0.10842989946266474,0
0.8739555052975986,0.31198472614256295,0.7142405938322332,0.0330119753223053,0.8912799037595239,0.015568178341330308,0.872107703928049,0.6597582202779156,0.224763445191174,0.7582923875658433,2
0.9227619837160643,0.9377474660836346,0.12693686149219444,0.7653726487251018,0.5388881515034118,0.3544790340838227,0.8858614296649384,-0.018725825758316113,0.29917674136577355,0.29214859949704003,2
0.5490700744920037,0.29336706429965675,0.360490519793652,0.06448374863043613,0.1480140573247096,0.15417810874172766,0.5128093538639681,0.006775596979625413,0.6267160038612525,0.34785351236624773,0
0.6779906641699674,0.0626704983867628,0.6651143595695783,0.05586645010360944,0.687097241321392,0.3657778060521427,0.5731390306022902,0.2602023463347314,0.8094834000295144,0.21903501075082768,2
0.418163532326139,0.8195176677405139,0.05357893842178684,0.3037814132277606,0.6526874277533243,0.17259199602988085,0.8846310011756925,0.3457539727238867,0.676728004423741,0.6219021316237141,3
0.002421317005963458,1.1138770075360898,0.6463333411795392,0.5550749994701958,0.9679437948629658,0.2964544069958199,0.8185883736982633,0.33754870018068395,0.6336943120916332,0.718173332611257,1
0.3693178171793513,0.8320379636672859,0.054061411224916374,0.2530399762389884,0.5947756209042624,0.18185657688796072,0.9563394718924488,0.37802512922031817,0.733132684479807,0.6129962744928574,3
0.8230159778199242,0.8347155569082821,0.7689076134196847,0.7929711411939571,0.9159528995732167,0.26172185125777897,0.3589150833307799,0.8043561894556595,0.329661229162835,0.6144094708615716,2
0.39006280620097755,0.09586624107373434,1.0421655670122854,0.3506659338672078,0.6204832003455114,0.24149352806479765,0.3226787815160894,0.5439925980853303,0.6255374567877987,0.5019926751290709,3
0.04949598125666341,0.15597631679685925,0.5303137649081137,0.47985646922647235,0.8777681601608627,0.34375352233291584,0.5137953217378645,0.739955857993771,0.40933555119786885,0.16073678027057156,3
0.8700249835178608,0.30337750589492735,0.7193064717546657,0.02416976842971698,0.8762015610392143,0.01567316339839591,0.8850011229897268,0.6481201071684168,0.21421451953162907,0.7454332858337815,2
-0.3800948400299111,-0.1339828549022869,0.3292159863158056,1.3632775831241486,-0.07489238827348627,0.03068029478488976,1.8043532117811107,0.41934324851115723,0.3211854308780703,1.307419182060032,2
0.8880832022140878,0.8969367717601244,0.07097796902196069,0.7763936970713418,0.5151853829498174,0.3495246159676734,0.918363035788309,0.02061815495141868,0.27051311323599175,0.3391093610988962,2
0.3921197601813768,0.08625471239547107,0.27357907053665964,0.5020226935116335,0.41036628436374845,0.24845507834743047,0.77298506399357,0.4601517529207908,-0.08801155991308082,0.7053200031014579,0
0.7680653372925718,0.8002699547403676,0.734770839937716,0.780933577810752,0.9233074908861367,0.2647530801255679,0.3722363854632898,0.7734625758044501,0.29107564171176736,0.6508877140208712,2
0.6787426529963776,0.08315899011659553,0.7253903526948128,0.2007368700209239,0.9273618216634397,0.1912274099508553,0.7814734506038735,0.25651878409637097,0.7761759904865909,0.3716972322338335,2
0.3701190391031571,0.871151910990656,-0.00642625557633416,0.3688469754824161,0.5880852108376616,0.1882222643788856,0.8224389425189255,0.3215843985831581,0.6752560519515894,0.6496009722496765,3
0.9584101360949187,0.9813830738687879,0.6582370163043151,0.025389282094785425,0.07899426176494362,0.2383453680747566,0.040672248074653944,0.7577913861537798,0.990702577947378,0.7059224405340092,3
0.4072106620381939,0.8552894412472395,0.0930450295547344,0.2790373898492248,0.6926673278105814,0.1333335896179142,0.9142575740637742,0.38680023375893824,0.6410914019063212,0.5971459070546093,3
0.04211095717857906,0.5433709194865478,0.17517313306333668,0.11542980831507609,0.5385007026189943,0.6290521205029731,0.1007510673920989,0.4926200858559022,0.2711892704158326,0.21379403031137792,2
0.40256183961741704,0.5311442908290966,0.8265528919641065,0.3855071779421239,0.13823991580809492,0.5462364391937593,0.7793419578897954,0.7876277757501989,0.47974593491918727,0.5363778888038265,3
0.1527820160418385,-0.198958667054139,-0.018831700750207125,0.6003705897675908,1.1164714575602568,-0.13207035239396459,1.0645236792990855,1.242069651304556,-0.014523671566871954,-0.3642612998623438,2
0.4061253947425437,0.8364426042257543,0.03738729412507446,0.29362469812909936,0.6312147522051991,0.1919645658798427,0.8957441537745039,0.3329474486072786,0.6681444580700262,0.6144493504945555,3
0.7051289439027083,0.26142450385000754,0.9191827601530271,0.3835848274852743,0.69378718608706,0.3736125684279426,0.3373104214303555,0.019367124876745953,0.547011519769049,0.7798428010817091,3
0.8707684598360655,0.5241158339498496,-0.14737694597418804,0.2798486401570132,0.27260578205430497,0.09937187031852032,0.8135167260615759,0.059322782310386624,0.6082576573217868,-0.37004262220836714,3
1.1526455631331112,-0.010955567928068677,0.5573212218999297,-0.037479584396578836,0.5736486708239839,0.17221989717335928,0.014455145079844578,0.11429984265811871,0.1276537095873732,0.34581454646569504,1
0.14524606943418966,0.12652797999700152,0.48852578631562793,0.19195671591727717,0.505736440909448,0.4856298133408497,-0.05971515764254259,0.6944633539772083,0.8698333640015133,0.500478776111459,3
0.3141447939209149,0.35517427334965984,0.3772570979739471,0.9074014676478199,-0.08821882483637628,0.29594576790283644,0.7421258067110686,0.500626924674133,0.8731652412033034,0.02304884249516001,3
0.20032498165362284,0.7161825593905693,0.5771639081676332,0.34533068129189487,0.3403163489702278,0.8276996425819184,0.41479149723781833,0.29787676961722975,0.48305386797933536,0.43587259192535965,3
0.8922085594819087,0.3093081243715764,0.7064050384757569,0.04753631169761557,0.8948242293476665,0.02038164003356984,0.8546877291770713,0.6698201018965234,0.24362668221917208,0.746411340109586,2
0.9157297431884021,0.9030162238410168,0.10277953973475501,0.7815095777617908,0.5792949239436671,0.32849359075643597,0.8965565204098163,0.02701027889348362,0.28738844401714886,0.29068672838110526,2
0.5717565669693079,0.20963575099277548,1.1156861390260393,0.4129193163464883,0.5667136243611904,0.1954562501369531,0.24763843520215817,0.49410031307210067,0.8304972845306605,0.6504795091407514,3
0.8782577253787224,0.8637408563108141,0.09304710521635191,0.7283714302231478,0.6081527280355848,0.28195036479378516,0.8592307800837088,0.06017147050684545,0.27894418563370715,0.3240960742946204,2
0.826620482431945,0.2599160796257693,0.3694422540236498,0.24597818334629898,0.21624581026300443,0.13536100725112307,0.6216563281898001,-0.21090206256962582,0.7556107871359864,0.5672705542409856,0
0.0755195521764678,0.6252900830142988,0.0540209588011642,0.25837261036508113,0.8645265932694031,0.41919990134331614,0.35694822304815554,0.3722678683551332,0.12773497836754918,0.43084106887717766,0
-0.07350792667372932,0.41761248780855337,0.2526170338762882,1.1777587738526833,0.2660737695408453,1.0202778062672546,0.7004677850648133,0.6562349243192513,0.5225175142719958,0.8234074727927652,0
0.7023942238484231,0.11170587631194745,1.2405112072273772,0.6785614456125595,0.7814100307584484,1.1562314832289142,0.6232955634547835,0.9446596115645217,0.5900544684528211,0.5325314919328732,3
0.8096859396167189,0.8969462858691654,0.18952734941419055,0.8377121532098694,0.5761790477977204,0.2996292121316574,0.927850874227748,-0.0518727769757867,0.30397841101335465,0.2887302573117663,2
0.058431042655736266,0.1612247986568876,0.5121360681634081,0.47543694845739864,0.8549025653946584,0.35872300860806616,0.5118564603644558,0.7325900518874767,0.3776747808454447,0.15509184036096924,3
0.009674345962347237,0.6176672001991215,0.8135177344227441,0.2286032603047862,0.7325026740373609,0.6828038737654398,0.5333256739245691,0.07915959615120402,0.7814618736763809,0.023410849160514634,0
0.7192377802414995,1.060173187107355,0.6883134574594609,0.5232899662238757,0.2196703440994413,0.8788851403952531,0.21976003266623492,0.20371311785269317,0.6306401677619495,0.216964626003754,3
0.43854873042868503,0.2779451549314324,1.0574780926114258,0.3227021658479335,0.8288548550655025,0.6036222504138953,0.4357888763311954,0.9014466356534448,0.5593956261022778,0.4711839665182892,3
0.0860805965683587,0.19855612723537136,0.4826976616150704,0.49848111634074993,0.8941894046588349,0.34242768122377976,0.5659189620076173,0.7893802495866824,0.4692205211049514,0.1618038902950375,3
-0.14961544207162114,1.1234103509346118,-0.16716215350788466,0.20124634966907162,1.0386666868954966,0.45447240321001803,0.5456127861222443,0.15990280456463965,0.16636165579391576,0.5625226932784689,0
0.030124623938169212,0.3233963134872281,0.4349749951351084,0.9634480367670246,0.42578631734410083,0.8294635322337023,0.5324962031961772,0.7641889529212451,0.6291343301482415,0.6724468771375688,0
-0.6256813933152733,1.091416394022923,0.2366779750609015,0.36369910594618415,1.3761967645556443,-0.6121933628426235,-0.06725268708733498,1.1841380868076485,0.05202575629701095,0.9038297796932205,1
0.8682046719769467,0.9752580464131544,0.058215017771255824,0.8300242924845651,0.48287755586540254,0.3915976224752793,0.8228009246126116,0.036525657459881095,0.2853911565568236,0.24359773313020047,2
0.6804097917773777,0.2601874329324999,0.5404612255418754,-0.059127110874351074,0.002769431621711449,-0.06502485067780639,0.37328136228679726,0.1516035935807505,0.8814398173534821,0.16674067403890344,0
0.1416485884050294,0.3839085706056383,0.32977692742619447,1.0451720912056432,0.5316288669945821,0.8745935925915193,0.4354811744350729,0.7332042130626799,0.5115776867559958,0.6126681344022312,0
0.8568495454778069,-0.16635660404416905,0.4121527214064692,1.2106392947549447,0.7660068444393227,0.4863798516203342,-0.11254443559147329,0.7707451650952044,0.7360040222318536,0.09108401815176342,3
0.9460097943085155,0.4843159573989197,0.6675146757334489,0.2999926791840157,0.06008932905011207,0.8044303613484234,0.3915520725877376,0.07629142871890073,0.7389076876733311,0.9736884068165983,1
0.4509743784879308,0.4732263360128775,0.035832320445867,0.9736755658743061,0.27073165172852764,0.600895054904105,1.0477464870865887,0.6008610797633988,-0.042875609919990634,0.7770487781042692,0
0.3473535726449574,0.45045065719312144,0.6463802301617214,1.0412935871319242,0.05260713815794173,-0.03129681968639561,1.033138300931045,0.6354460220905052,0.6410499050490259,0.7117407714938424,2
0.8985015088164998,0.9074629934731004,0.12434033168625927,0.7544754863934298,0.5607763418334667,0.32314857974961025,0.8802644724324554,0.03918646637028542,0.2791842154795089,0.3139256337239779,2
0.11529259922908555,0.9105528840583049,0.4838729537287808,0.6629948224802561,1.1714985243340517,0.36901610405012397,0.6354068610782087,1.2753297819745324e-05,0.49298598040406294,0.7699081279746753,1
0.7799630580362358,0.19895850930123504,0.29793470562380514,0.25732810697685965,0.7930001836879316,0.9143251518227041,0.7173392887534565,0.5439003124030378,0.8017277486312206,0.09426463778725629,2
0.8741183621545396,0.6122137051027212,0.6333146372337336,0.5172802994465167,0.12033787498082912,0.6124360315236838,0.2880023974956901,0.6666829331415878,0.11641952634153487,0.5494589246629826,0
0.7882896529990042,0.9743770154666529,0.47374980857830284,0.4465151220990744,-0.36740714855669826,0.4556072319216018,0.5537217837475719,0.6328477809466131,0.40998065013051693,0.4880273228004336,0
0.9806300271449795,1.005081920007722,0.6509024527545546,0.011000371790790026,0.10488696174849856,0.22050490310022228,0.030853504039508275,0.759382683613212,0.9815187742018555,0.7003118999150633,3
0.892744102211243,0.5608227143729723,-0.05683163300866939,-0.3051718328165496,0.14147912161269052,0.38226217509116733,0.22685089214839577,-0.20946930014105541,1.0507561656815514,0.7855933122100718,0
0.7116692409316929,1.1033799145473844,0.4705297652914072,0.5211833667909482,0.710847454332595,0.42848468138659057,0.595303240504633,0.17341887939094858,0.9264574278628243,0.23679016806826028,2
0.6586431059440134,-0.02908765495673457,0.6370709032640733,0.11417906949192158,0.6530746345869227,0.35844820557498674,0.46600942971294934,0.2902318507596055,0.5757348637029082,0.2501743612374051,2
0.1266768312751365,1.0670174234893992,0.6113798632973715,0.6955089205581722,0.8779310007233726,0.29611929965461736,0.9583586272418975,0.2195114641830815,0.5336600691362263,0.5572036130636663,1
0.8415158860791841,0.3443214119697023,0.7483765891589976,0.01823942798255484,0.9078373890722121,0.03273862318726126,0.8832569405388749,0.6938050639229837,0.20180555131796868,0.7650830178678748,2
0.35392016401799636,0.22691172640165896,0.5097210213844133,0.2063859372692876,0.11134601559575161,0.09971339041984092,0.34134068889841557,0.026550142502734585,0.4808691350046276,0.12927499639753506,0
0.009518869899837704,0.27123506191709335,0.6268171678362465,0.7943592717707699,0.34950505158013745,0.5916091837145157,0.8128601562798499,0.06842555695020913,1.0059398215118702,0.23607331446030824,3
1.0207807367939106,0.5350771622706602,0.6892969748945625,0.4137588260484736,0.15843628745264385,0.8624982354956043,0.44455609625401965,0.048816898500308674,0.7179186143600123,0.9514434213044947,1
0.41615269593051585,0.2867211047787151,0.5685070924055765,0.6246197001018158,0.34860618195239523,0.7765031160477645,0.7805355094893971,0.5940163949834831,0.3218636878154858,0.7254812662247713,2
0.7339195190689365,0.789394528415351,0.334171996071777,0.47073737019474055,-0.015539637753298391,0.22390693908726533,0.7266819906010628,-0.18480437061408034,0.4825117507680049,0.641554571211625,1
-0.12664665591891,0.8719587892420952,0.09165609681828185,1.1119447098653827,0.6603346390519501,0.3356920856395988,0.22100653450224,0.855807824989844,0.3063924491784055,0.9939466471796151,1
0.048119936172014856,0.9203826962352464,0.30277309446312595,0.8871921641626083,0.7602067065876533,0.059376341966416904,0.044659943887236264,0.7198844804458769,0.233886203125308,0.9754117449805665,1
-0.03343243691646283,0.17721285754682384,0.545612303416995,0.9923493624921432,0.35767989663057664,0.8156137166507814,0.22598847202817612,0.9334142285988442,0.6686343037899568,0.6245680484783791,0
1.0879735549672123,0.691600978647182,0.3369870140235104,0.9485424597403412,0.3471469898046595,-0.26552672770063857,0.2826956165957224,0.31032962455103424,-0.017129930149501926,0.7432944764371989,1
0.06454077483332088,0.44302913396342497,0.2742114186030386,1.088570529203199,0.5645942626673341,0.7512796527323043,0.4465458585089683,0.6973609198429279,0.5567765976767101,0.5514901390011554,0
1.0550954799108778,0.7721349327886613,0.27832878221068685,0.7799358589538232,0.6796350249468757,0.31253423534796737,0.7994151456862458,-0.017068704449890962,0.34859623017914676,0.2740984708292837,2
0.8875122229958968,0.30691748413832903,0.7108213436288701,-0.001003819040328667,0.8399235334923781,-0.025251269793703214,0.9316382598402461,0.618294213172867,0.27532570553527935,0.7224073768260012,2
0.8706594740565315,0.29478704557623964,0.7147840518153179,0.04991969559127034,0.8864884962546145,0.024729860796714683,0.8813955709813619,0.6459922024907863,0.22435798622446085,0.7491933855318678,2
0.8001102835910384,0.11138179316054107,0.15454429451397328,0.35533144716291465,0.05867112002957206,0.0015779168750399697,0.3605467066193507,0.17029843108831985,0.3763244458299236,0.8937358805454411,3
0.34014984221794226,0.23840303074905328,0.8277192776450835,0.8878472127234605,0.1869628645224468,0.13075347435654777,0.961774727391564,0.5172978476748343,0.19766112159445415,0.7519809783113596,2
1.3391501914222126,0.8242214211079242,-0.029944155431629316,0.037673499001674327,-0.6259744298782767,1.2903540179720763,0.21494544955539127,-0.3927883937203523,0.20636060739335021,0.19523991674155272,1
0.35074083846783644,0.9577901998494823,0.7269145108056188,0.3633490605077331,0.10199744683082868,0.8039444963522617,0.634037714859042,0.45603164558923387,0.4388752568132901,0.4942468969156378,3
0.9826776068677552,0.9841003983856075,0.6022077341805248,0.6384061119082219,0.7674582135682882,0.25505404483268246,0.4954804722637717,0.06075965741800186,0.9259445202585508,0.019061900267175656,2
-0.5093999446039026,0.6732397297660161,0.4090758377505519,0.23369047374605945,0.758588323676831,0.6183841538946652,0.3909484881799276,1.1848361289462717,0.11494471983095983,0.0729591461126754,1
0.018346928190926266,0.6798791920959503,0.08837802408844739,0.31360273488443036,0.7962343827453485,0.40874853781880616,0.4161255764203453,0.3169527022690461,0.12622149260641746,0.3802979328209348,0
0.9501145970034227,1.3355269777860166,-0.07273072699460814,0.29661726392059334,0.9375803927881701,-0.06463925553933308,0.21338743057104675,-0.2060545928789856,1.2475050910902044,-0.18539617102429456,2
0.05326745708737124,0.9142731389842594,0.3150984279073637,0.8676063566412623,0.765732496410373,0.08056713547924832,0.03143921006895344,0.715117899126799,0.22321687319132041,0.9782177774350599,1
0.9800535784322899,0.9996693898639198,0.6410034807013484,0.003726990077972213,0.08962308159453086,0.21198086563821306,0.030368355271931942,0.747714472284627,0.9759192670337464,0.6937979805219963,3
0.0128629034633402,0.6137328354978907,0.8144029977012673,0.22717050508219264,0.7300340955150578,0.6785296029675747,0.5313740171312351,0.08214079299460637,0.7784692779276097,0.01893320007522662,0
0.4656695795048226,-0.11206426138629277,0.2999502474039012,1.4524767003530559,0.04036612024143831,0.39120944978599215,0.32210372408263616,1.260786181714337,0.06675655320500051,1.3452275861877645,2
0.9278913263081103,0.09101324823079629,0.9045602367558805,0.2653265841016972,0.4330434435897888,0.35927687494391924,0.4694362556151578,0.5525639637406631,0.44655226623268207,0.39057052967033057,1
0.9721651351100388,0.8838920730840754,0.14425128897065992,0.8484625772348267,0.6063432711521664,0.2564825258608794,0.8858040255615769,0.06697970123584185,0.232272971412739,0.34556069120270094,2
0.9635766557583593,0.7678012612110756,0.8272146790039492,0.6527893809810535,0.08379077270210711,0.47148106297848036,0.12894314746989813,0.7070350260779731,0.029307107814256352,0.46367229132692006,0
-0.0021262392590417623,0.47941759189691047,0.4576158597849201,0.8649571057116491,0.3167471920724272,1.0013200800569577,0.5974629096857891,0.6210482361777184,0.640371483024577,0.7924046671822058,0
0.35560876392993807,0.9659501658377747,-0.027550091621012907,0.03531160406222056,1.0333847031220038,0.6751849135423602,0.03964317403281792,0.422431280434425,-0.17309916685182936,0.47542428664890934,0
0.9644173401994425,1.0514460145449709,0.5785192325410179,0.6831573250789855,0.8051270994161792,0.3236601102735627,0.4804502252368468,0.08959614609553102,0.9569196327978986,-0.02941066181843118,2
0.06285158711080105,0.1313184536361335,0.46775897508683445,0.5029020654826897,0.8777404842695778,0.36381476923562095,0.558738554187811,0.7067356328488746,0.42884897263581107,0.11528430923605176,3
0.8953864362228336,0.9289289600798314,0.14660970134982773,0.7197225040065571,0.5000854541244576,0.30217240967223535,0.9530390984276959,0.07685743053165939,0.261794094330234,0.2611903690776887,2
0.7426135845917758,0.9164108523919156,0.6600549246236513,0.2832835248471083,0.2716732185480186,0.7304527117447259,0.1440293673041686,0.15049340271991082,-0.05794294416166945,0.7171197984144373,0
0.8288829938777237,0.3209629491204496,0.6894953206613057,0.02223627936678981,0.8518447983430188,0.010130081420053765,0.8440337132124333,0.6278567663942293,0.26666364946072874,0.708146534408402,2
0.019079114334199017,0.13215453972261904,0.5311177602516011,0.4712276544222219,0.9038394305906213,0.28933232477453064,0.47361220457992087,0.715198316419719,0.41909320942309847,0.19885470664773988,3
0.631572375255683,0.14815387889273693,0.5660232020818172,0.18631642776041504,0.6794826176017871,0.40476692302889083,0.5467122812531198,0.3007481460987286,0.6121779065757723,0.2837817188939129,2
1.1629754161434223,0.5050136901194604,0.8193025989978886,0.4510949359971304,-0.022633771621489163,0.6685568480267701,0.6809296405897285,-0.30569910357585367,0.7780578267173109,0.8378742662031418,1
0.4191489695376255,0.8231818834627079,0.05341565290783064,0.30753120871072553,0.6511992251566352,0.17538908030489478,0.8890304868852286,0.34713901052786583,0.6753703118088289,0.6215125473001207,3
0.4843301506344393,-0.10960523580742645,0.6417887109172697,0.18302681833735493,0.1609067869196125,0.818891035746582,0.09496110990672013,0.4544198587205008,0.16838879675757767,0.6462609466843662,3
0.18097913337785865,0.8698533844177208,0.7646087371047616,0.7576430891362393,0.39366817457146,0.8982775965121,0.3469305291381781,0.397643419483558,0.5014544054109852,0.041205435744798236,3
0.4326285022677049,1.0289816029988021,-0.013050698057304619,0.5041464206583134,0.44688054062748406,0.17487175766527308,0.8572191810811678,0.19941156059256232,0.47642204541678274,0.7559090448292124,3
1.0049327599196025,0.692230516981713,0.9086932932439261,0.21780267970258743,0.573329444045206,-0.028103676519151632,0.9051456176781535,0.21273967490137563,0.7444160292942997,-0.0822056029310414,1
-0.2697164834137489,0.28036761704566526,1.0471163771355658,0.6672860537348675,-0.5529567633514325,0.1562845559376519,0.9236965277653097,1.6658006960141571,-0.0970468870157658,1.483319258507995,1
0.03864087364182752,0.3086718128004913,0.5164428184597629,0.8273345582247515,0.2479097075600605,0.6633037834464626,0.5621222451849114,0.4674564192248304,0.34728586486988045,0.8512499687072662,2
0.19935490124551725,1.0688817046480987,0.6218612418245536,0.8503614819379652,0.8149955440910205,0.8024983797362704,0.3516843282733242,0.049333999503997694,-0.25277669742543696,0.3445407959054772,2
0.6606123166831155,0.49356981242420594,0.5997363491012273,0.6833167188923102,0.060295690557791604,0.515740635008827,0.7500174495278917,0.538122746519654,0.5516038828011364,0.08381473789182452,0
0.3961405540772645,0.8005282715198169,0.05469188108423694,0.310860849399309,0.624066442889921,0.18201280262792255,0.8523914563433083,0.3801213201585291,0.6675340984411402,0.6020398487009931,3
0.8453892522768245,0.2655266174950271,1.0081166121216882,0.8423779707892328,0.6821796302262458,0.5487429489727909,0.6234940946474631,-0.0009784718450200625,0.7926041276077294,1.0071783143938007,1
0.904343934037726,0.2974036545551699,0.7510612963597266,0.005700242038398973,0.8698764298631356,0.009884311948364415,0.8207718676569384,0.6992897611061162,0.22893429715419644,0.7827101708269674,2
0.48176415015274715,0.4817757836377331,0.22905819285775358,0.7468398098186775,-0.03531148160620415,0.27323079174272746,0.7587811056633039,0.4241273947527163,0.7900806794940913,0.33994875906078414,3
0.8436649558470101,0.08504064248863256,0.9043661298169094,0.2594000216137736,0.32927928471013707,0.3136370592270412,0.43335521900703067,0.6225282045479332,0.5353875272765908,0.39672226713598524,1
0.6053741550273396,-0.18665071015655751,0.00966878568849884,0.9772583567631785,0.9790673826795786,0.007093057112266238,0.08637915218589629,0.7304684904002927,0.877257119795446,0.2582739761496625,3
0.8028748123440126,0.22533294624131736,0.2993522218334032,0.2804869109634146,0.7635403052808228,0.9368279873495908,0.7375272659737568,0.565282286715034,0.7938453698028006,0.12042743093183972,2
0.30273086975370767,0.29505895521073144,1.081518630272857,0.5668889487112468,0.004779552530204638,0.13113684977174608,0.7973091387323968,0.6878921791694586,0.27708517970454033,0.7601993735237159,2
0.6159500444823623,0.17160285369153708,0.19270343343032004,0.9096441753099934,0.8689251954677222,0.1285939447047907,-0.09424997231896971,0.41722609846217035,0.7210764950667373,0.4001257524836135,3
1.2287798421712515,0.6379696106857544,1.2498950858889302,0.6776480807293859,1.0957330448445184,0.035435632608389,0.40203212768087565,0.4338757153136181,1.5047518517162644,0.01553202886117,2
0.42014108523339033,0.8242570603631261,0.0620518899418808,0.2961698770789879,0.6554793964176404,0.174684553857928,0.8786921310042486,0.3318469304375366,0.66911456138484,0.6173529344893238,3
0.6329020797790594,0.05152257848563581,0.7376699788469783,0.2968767236334996,0.6410266052351001,0.44008732399495865,0.6424683014122506,0.08026511862968773,0.7296150388449079,0.3764463384357273,2
0.8129046022834557,0.6075922406480849,0.7435167511096625,0.3425572021159177,0.6643494207708505,0.9238274130895596,0.2571511530279952,0.13286746646645473,0.19606913407220755,0.8405393230417144,2
1.2292261430772564,-0.498863505645482,0.3940434422904785,-0.09101029443847852,-0.0775708923173608,0.48223795485780435,1.1980837268438853,0.49715398261392996,0.6753714542949389,0.3466374491077573,1
0.6782933459923028,0.9120354600767298,0.8220553036835755,0.445610676461364,0.7502445185021192,0.8344314235648855,0.46770143785204377,0.4098427731419807,0.6114439176894686,0.32420629016558405,2
0.47915567006526233,0.16645251376626513,1.065149010915964,0.4621469277853422,0.6340623297541887,0.21302347943123706,0.16829014988015928,0.49280642232191085,0.6046868873167984,0.5440019428977302,3
0.22748526124633456,0.8120936787874709,0.48733018575173626,0.3536234161910523,0.6261543648989378,0.9959464198165804,0.7903784755448027,0.8365928679001682,0.38128871745912224,0.39658206568331245,1
0.9917682931349207,-0.08357146435700016,1.23821181846688,0.4291909581531954,0.3483911436692185,0.18285540096311945,0.49620916572283413,0.722360285454704,0.14005947213576492,0.2549698321938313,1
-0.09966892034620098,0.0313278113788687,0.024082388767663887,0.9434074943986026,0.3946509535995304,1.0255536932735463,0.2198358873963851,0.5949900847524033,0.8528330150163347,0.9224228327926132,0
0.6475848186703814,0.12292043416748483,-0.23461787426817238,1.1921590182175383,-0.011326333961002952,0.36120319957770003,1.2437791042612152,0.10496365552467257,1.1723182091289495,0.6723281649943609,3
0.2628242809638137,0.7182208614406319,0.4858605753657238,0.6426020774304846,0.7220169969982929,0.3094177411463389,-0.1723582760356352,0.9831537547578432,0.38745629019185973,1.0550105434998427,1
0.6617453572243741,0.496753468033816,0.5989694223687282,0.6813294051838957,0.05707989020862892,0.5118639765303271,0.7483426434178507,0.5336562974323645,0.550900397214366,0.08057103192604335,0
0.6063137829411399,0.29379413643470725,0.3489887531102229,-0.0192363611985496,0.14249362839580065,0.20098938345917228,0.4833998110038559,-0.03357310122753471,0.7187588858038104,0.4338235971312634,0
-0.050232079326764406,-0.009432460423448141,0.47913786131451863,1.415374814600958,0.6810999604684309,0.7382579020841984,0.854785477666451,0.5798770835494398,0.5507977419488428,0.5826408467678544,0
0.9136308735647415,0.9206680033821265,0.14806512329328642,0.8509139983622249,0.649396235483788,0.41615293247576923,0.8082368417784651,0.013090160321104459,0.21119894854932003,0.27542187379345884,2
0.8048876859731572,0.38060778329589706,0.699189213128529,0.03900887585024043,0.9341148010273688,0.036540819321070464,0.798533357479196,0.5821901388310565,0.26103011522324715,0.7078326286008717,2
0.6525228992641131,0.06316423746646574,0.6164972364026627,0.16288392126588905,0.7625205349665188,0.30156476871929666,0.5468416828289145,0.21122465733258455,0.6470951135991129,0.2720197299553253,2
0.15069808175598404,-0.1770580287423988,0.7111513152515484,0.11824419658901102,0.4276821787091766,0.12680950010098274,0.4657363597767914,0.10711618258933023,0.8799731047768385,0.0811028245524108,0
-0.2124726197011167,-0.14988843451321843,-0.07733663161512239,1.1740907613776623,0.02219747565750696,1.0480905012467758,0.41736249231460165,1.158440413818272,0.369705560235587,0.5644067262854138,2
0.012685777603953991,0.614010630823105,0.8141229660100929,0.22692663724679923,0.7298307773067108,0.678600152044132,0.5312659213870516,0.08191997681551223,0.7786245909486093,0.018623709751445783,0
0.6893570730493642,0.1877173129178678,0.8842213781118783,0.26219221685497507,0.6317549168922137,0.16303372534976468,0.1838134400535097,0.5352873022786011,0.6567671529269454,0.6792176061473894,3
0.8651938320386077,0.3486815076663066,0.7359743838382573,0.06932906317322562,0.9241753685760242,-0.00662073056813409,0.8508391223150314,0.692202262285147,0.23353165682017632,0.774613256881478,2
0.3252932033454982,0.6112410380506836,0.32103598715108955,0.46222601185225437,0.5876443006341886,0.4739979462375432,0.5030183225074836,-0.2325019158404476,0.5242960705397887,0.15815139067139278,3
0.5162608589855819,0.8200802522415412,0.8859330636923035,0.47453165082770193,0.7645057735219418,0.8184422341683562,0.5485371971396843,0.3670572240138252,0.7449767447484773,0.4570148759569604,2
0.2493378221839184,1.2384781974384818,0.6490692563845264,1.1876205876884767,0.5428025835209227,0.28855389089590644,0.08885189177417951,1.049357135823716,0.24814705985810856,0.8403934563496911,1
0.8868311795227837,0.7173046793410268,0.5442069275145687,0.7500933510987068,0.18628952873828072,0.028713105515307782,0.5838373668847673,0.2044422053851823,0.4425308797196149,0.6772247206147936,1
0.025846915167856283,0.12545633795262812,0.40973981295287243,-0.048956921317047736,0.35059416782675173,-0.13002977055871281,0.40195389700121364,0.48909321438662073,0.43390814325810745,0.27753690623006494,3
0.3462951216377752,0.3160152286287146,0.5355430607770122,0.048490456993703246,0.25435176823201705,0.2957822304734361,0.4359521934208607,0.8347963916990762,0.5547489928339637,0.49186214960991614,2
0.8325758392133568,0.6864941790805875,0.46268260252434135,0.6976244015806744,0.1886641867896453,0.025476189428955708,0.45938412897335557,0.1910455132511089,0.4511280389897736,0.7017206058964809,1
0.87004747436032,0.30978619487266124,0.7112456538424373,0.037665404046667066,0.8939136152760381,0.016409342570662393,0.8679673551260503,0.6649424154242255,0.23108280419428115,0.7615095790032358,2
0.9376820978226988,0.6506157724503753,0.9327371523276745,0.5452838419577625,1.1081036485392337,0.4576463619260474,0.3939277480312791,0.5960907766740644,0.2234364191235445,0.7898368471354367,2
-0.1121769009153957,0.3951894658279391,0.3111029988140601,-0.03620811793389149,0.42227716112965114,0.04105431876360462,0.510928941389103,0.9313654671328081,0.758972125651354,0.08674463843291441,3
0.6163843244857199,0.051106236078532194,0.8247895779226285,0.15564249148340137,0.12629914212902155,0.8629778861844779,0.2879805402474054,0.4767976289292239,0.2739361302315773,0.8268148571502622,3
0.42161156848965936,0.822840420430501,0.05614936792615003,0.30445976649738243,0.6573803512287092,0.1763272654770978,0.8891187275716781,0.34254371169916153,0.6732801810150186,0.6174597208099275,3
0.34457627208370567,0.7467157507268468,0.3065976361865871,0.8179093491001147,0.060890218843993094,0.256354702383466,0.6648165832960994,0.4153393290296272,0.5933755872456052,0.24722387853197852,3
0.5789034028270177,0.2573604645627922,0.7030348301557287,0.8385245832774347,0.05574408069985168,1.060595320244697,1.0824237253897862,0.4832581936226991,0.2730696219585291,1.054447515933401,2
0.8725525594166252,0.4783669291172296,0.9362021509857141,0.5886677661496746,0.6767082311432355,-0.009749872102853496,0.8199099129908809,0.7921951265216849,0.9499754019098422,0.30267577698582365,3
0.4344892168498206,0.8786705859947758,0.7753890744059075,0.20095451235959844,0.1553209304647394,0.9547052462318416,0.42933719079007426,0.540905075397705,0.26457393598198026,0.4545982135217329,3
0.8246604478092452,0.8994496281708196,0.7436159519529532,0.7566881203711866,0.9713895616000241,0.22074226522021811,0.38566662880828917,0.7099566917274274,0.3504541113826377,0.6645525452197415,2
0.21787832222880915,0.4343818233918476,0.40903761152504126,1.029165143508346,0.4702607177251472,0.8375381363925527,0.5618286522735865,0.7051481977746673,0.5023498255739158,0.5674525916758737,0
0.39909193225976736,0.3159109289065094,0.5004511186595246,0.09783890069009685,0.22537716177682038,0.2902090010931345,0.5003200955873834,0.021173801585538953,0.6476045212509793,0.2909965887532797,0
0.4304378950881129,-0.18905998956889852,0.3593370730989426,0.08513379739936135,1.071483764802434,0.36827194946877395,0.8252878668096898,0.37808448623012486,0.4985897178133645,0.2795431527199209,2
-0.12092707826463828,0.8202097563529122,-0.04524784286985882,0.08112533543532707,0.7015882235704599,0.5759072608759845,0.3116378093199824,0.3462099845011301,0.22905226224678543,0.22626471145203253,0
0.49780716173764455,0.8383907857378745,0.8707377636512647,0.490366258424274,0.7510100267977862,0.8212130307072957,0.5356851948901451,0.37705800836108866,0.7364446891457801,0.45465296720605186,2
0.8647535121715806,0.595524736432661,0.7090782016083133,0.4451701852174409,0.6364690550505796,0.8761477238247433,0.3657004600136552,0.12255594210791654,0.18188869442203487,0.836817752800152,2
0.06689962260999704,0.6844911522070815,0.055139487260171746,0.26165076726230624,0.8505939132147854,0.3794344746028588,0.3565748611445775,0.34694872110711017,0.18567695455403613,0.3864750935988026,0
0.7606954927664763,0.7287895132332587,0.6443985676356658,0.24702387090610956,-0.3282529159031655,0.14580852938624592,0.0779519547592194,0.19120519096253194,0.013697818188264654,0.35275671375611745,1
0.2708161667953177,1.0770376910092465,0.867157162432906,0.5791616434113621,0.864446942512499,0.37473760710312276,0.9182943656995446,0.3438842137070039,0.7673402525282907,0.7461327058833261,1
0.17958655254142544,0.3589070578960103,0.13731572259731575,1.2409133582067213,0.5746050999861113,0.9236804076958022,0.5447139788193931,0.5612185330989755,0.37792404311926886,0.5487021410146449,0
0.019099737285405094,-0.15125914107627997,0.18756113763108404,1.0003314872911644,0.6882560892935498,0.4165434375191776,0.604854139967991,-0.06778872743368547,0.004332414174671631,0.33179371759708903,0
0.13428199664764903,0.4567608946299585,0.4078853864801616,0.856231021822923,0.3900090705927334,0.5801196633126691,0.4315873192650042,0.845224579893808,0.3192647163817127,0.8010392820490267,0
0.4746691941948439,0.7806713977725063,0.06012750381328722,0.3132052424149262,0.6050451569557933,0.1553865858674023,0.8653412220327275,0.33893251267314795,0.6276349773425793,0.6287900395701114,3
0.02011390744739911,0.3230767883910606,0.4776294512467254,0.81336016111868,0.23055902807607825,0.6468391113820178,0.5399536926813153,0.4834323058404075,0.33025810826036506,0.8079742582112627,2
0.6280168664522126,0.6647155679688919,0.1827792435698169,1.0278861779720276,0.19965311796394636,0.3805581862587227,0.04370306106138466,0.04871592190387964,0.20284432785158163,0.5673281970773422,1
0.03392627757694884,0.7988962859151443,0.15255394413664072,-0.23871756747800882,0.5406814289939996,0.7783679497875421,0.012172945904333765,0.6469096369576477,0.4701664428777268,0.5454056114398145,0
0.8918869170803312,0.992501829957514,0.7071501790202335,0.738255741189624,0.48876489499840403,1.0720026514133552,0.2425436079511643,0.14274929534586903,0.551479601200101,0.3669476109058517,3
0.6642326824092737,0.5003806682699874,0.6015074568451242,0.6851300163992359,0.05724872267570442,0.5157372452786324,0.7494047118828133,0.5305527501521381,0.5485889119175213,0.0814930611917411,0
0.8791196484223869,0.6418678980949027,0.390917055000313,0.8425116448297783,0.07499756905082909,0.17451315877609958,0.4819499638130412,0.09851724051283392,0.46856985666999085,0.8471919518500965,1
0.015273415584795958,0.6180707996028951,0.8134324174918302,0.22639089305826524,0.7348534268259999,0.6770950722010716,0.5334434240104717,0.08291354873219767,0.7804795000978278,0.01927941161674567,0
0.5377510420687324,0.18411862223062309,0.9916842139087099,0.45125576972405496,0.7215357623411334,0.34489060311798814,0.2905246752367444,0.4128267615671577,0.7637646011789079,0.5619740245030351,3
0.8021977107581412,0.5870425469017833,0.7635120816557042,0.4026823280165711,0.6194661784520333,0.9334920230945614,0.31790241895716215,0.14944695551917925,0.19524460174966238,0.8518241330675342,2
1.0013205087746218,0.9861809737583659,0.6619837231892814,0.017376534061087447,0.1159620608678022,0.24134533761463328,0.05769074955229956,0.7224967190450687,0.9508082049511607,0.6734081027142477,3
0.5546381698027943,0.11363460133058578,1.0498580895887122,0.46619030737985306,0.6919964518161704,0.20405328355297842,0.24178661691154368,0.3619020860481955,0.7088840475762634,0.4948678583817043,3
0.003617855890748145,0.8272381551442154,0.05270595305959226,0.19933889984388553,1.0505232444291848,0.4207257751201641,0.1799544104690587,0.15923547958143577,0.20788618082846133,0.5602008673097658,0
0.91082232330783,0.8996112926610451,0.11862396504355346,0.7799491719366236,0.5609481049770884,0.31157418225006056,0.8956246306781664,0.039717236315363114,0.3022599772530248,0.309592492226478,2
0.7186165855935293,0.9818797092781117,0.8138572393908371,0.6375474448969524,0.3134085615416314,0.8762733346285696,0.2267468250213778,0.18462666872533912,0.5563617341918868,0.09435928007638773,3
0.6032856537862759,0.8642102469301728,0.8100703770991448,0.3985358345942448,0.813490192788073,0.8830256478738161,0.502512002968338,0.2856314702679928,0.7120937177491979,0.6167946606367254,2
1.0094020809104636,0.8394777916081109,0.16382434828868148,0.6731470316969925,0.6504552258902994,0.29461308699736666,0.9446992128466508,-0.025565360217410404,0.2532649792337951,0.30262600601744294,2
0.9882254837226128,0.9927630948647475,0.6476788198696712,-0.0026449145866661375,0.08989407986771053,0.20909976941210806,0.012862652505501967,0.7648378698166283,0.9679805048675088,0.6727433739657,3
1.1744688772526468,0.40500437008873064,1.0948449838776673,0.0946039716704179,0.2686695695716044,0.5968461211493609,0.5174711115122674,0.06801038152010341,0.6222274652699292,0.8339119529113331,1
0.8002135648745851,0.6024905144821697,0.7923902265980425,0.35112886073620253,0.6124814603016584,0.95823118552591,0.3004502848866851,0.14877182960082144,0.20276523249724215,0.8848537822998397,2
0.27535569681922617,0.7804994374933991,1.3833094669334722,0.4509927847593479,0.42216097765248306,-0.034095975451640725,0.4256268172766837,0.09874561316129149,0.3671803972135909,0.9516748393694759,2
-0.48202462363643594,0.46957922053449397,0.43900599689643804,0.31963146117662744,-0.021489991326212154,0.8269612060554293,0.28460513799872095,0.3766006885626463,0.380982102310331,0.7464155001772372,2
0.5103287734924794,0.20479548933891628,0.9914878321945323,0.4174625900884258,0.6813124349736286,0.30933426628720206,0.32215802938258753,0.432480385475264,0.7939386034656462,0.5508795256940148,3
0.5478127840422515,0.78086485774727,0.9010882670666118,0.5554867214716472,0.7978160775476862,0.808189915935706,0.5649716465860708,0.40336597565917165,0.7216682224182033,0.47954779193638125,2
0.5156087246484601,0.206617403528219,0.4838995099551677,0.6923253126317033,0.29208661832969024,0.8455509796637405,0.7680173522939294,0.6358716838605073,0.41169651985610023,0.7393773243206483,2
-0.08629502549864701,1.1049795290722149,0.25399658384033946,0.9021943792633483,0.6658935037586807,-0.006076040027705648,0.13987774998094926,0.7131077149426063,0.07076967653807822,1.1442854001677953,1
0.03717102261733378,0.09911980335538978,0.513353706153715,0.2966508407033148,0.8208048202071165,0.5905449003628809,-0.2729290629488122,0.6417854536031046,0.7673385998263905,0.5430239193328299,3
0.43216074347317907,0.800364377931558,0.0677429266829019,0.3041701150896595,0.6588408872004947,0.15458572396295167,0.8687115612991507,0.3536690783183991,0.6924900377334761,0.6237359393137869,3
0.851912881763954,0.7953129266029819,0.7899585036062945,0.7964787552400155,0.8784547686241122,0.28814181226440183,0.3571012795514781,0.7799933377579245,0.33288953048630804,0.6520138389190568,2
0.016666073886060215,0.2548604781667485,0.5061515840404349,0.73080412886607,0.36056711015795256,0.6270245888124487,0.6622747638823865,0.4396320438349989,0.3751415700985422,0.7893930893063599,2
0.2794523441193784,-0.4425538289041513,0.36071358510548923,0.8608852144269183,1.1873760294702949,0.06578287594283017,0.35684890323079843,0.729640395578769,0.23276112315748304,-0.07919979533577653,3
0.920588060731632,0.2934416344145455,0.3990152110692542,0.8772974550635775,0.9627675894265856,0.7371981761620998,0.36769634530940576,0.7467988017707324,0.711842586839913,0.2685474696182422,2
0.7733929576235994,0.8550555980871175,0.41797511202475846,0.5610926654916029,0.35260288226542114,0.08311007470182086,1.0454870879453226,0.10945006620276526,0.6804824512565285,0.5021825555843241,3
0.15269219316091498,0.3002440642106918,0.8884236536017931,0.7447558779510403,-0.1502958042256105,0.06374454976442771,0.6939066131599039,0.7002586299985847,0.13344640775411035,0.6200184254052821,2
0.4002300568527849,0.8185125624532004,0.08907759791986425,0.280601877861215,0.672089306281485,0.1285542644158721,0.8490303188790015,0.2890381109787902,0.6601523433346567,0.6326639238208822,3
0.44016229012506414,0.5240763082683525,0.7574160443650536,0.6408162733344424,0.053862465865471165,1.335178991319557,0.40445576376195813,0.023777645850993012,0.49064669916468245,-0.4841922653590479,3
0.9466356880047191,0.5393092426335997,0.7689966917749639,0.430241239133196,0.028517368642723875,0.7813798024021018,0.3738870822825062,0.08705879202161443,0.6301260559313429,0.9743660291347314,1
1.4420228255287302,0.9471896742477294,0.9079862794255819,0.5800042067801566,0.9167927226123834,0.5850905610038896,0.15473247480452645,-0.15290679204979443,0.8797648200965194,0.07289529879271986,2
0.1249226489719498,0.2972198014962699,0.37723928886284963,0.990950288246881,0.41922444084262145,0.8138508653710822,0.4359169358407475,0.6776272757829367,0.5330040507521894,0.5847444917575633,0
0.49245034735892534,0.7056285390454881,0.8020547266573981,0.5390934429074113,0.7809012188770219,0.9348461197854293,0.5513903854102935,0.25342789737589094,0.7448174086241682,0.5068334327176549,2
0.3774257613411916,0.7895461552329278,0.03194286876688149,0.30663427726863945,0.6308381690632866,0.181492077453402,0.9037837311883641,0.3377990780574126,0.6886155289500422,0.5881843253929153,3
0.9792911308341272,1.0026203544158476,0.6456114292098379,0.0141963043442874,0.09189731950946557,0.21332209377309672,0.023089981245186027,0.7586597814080263,0.9781908882579504,0.7011998314579743,3
0.827645201736636,0.5643263272414061,0.26019658455706385,0.8728165637429837,0.23510291311253362,0.25058910786634714,0.5292230119280618,-0.0060994296995174335,0.6092755041707442,0.6472838918687618,1
0.6368912930596355,0.42839069500743227,0.8916789599770102,1.0524683197754783,0.0537859588002392,0.23426750817345535,0.032207154541444426,0.9281612565636497,0.10266239099705218,0.3938412873416538,1
0.7435572397309664,0.9306781257849807,0.8228686253148276,0.8124164644224982,0.8198305653332184,0.21777423135739926,0.361025060431087,0.6546504689503122,0.2556146799506136,0.7030022204319833,2
0.8073342547107788,0.8096556223802257,0.7649525409057826,0.7675798513030548,0.9181493211870624,0.2839389006599686,0.34410038743656884,0.8110747765017597,0.31677560388194964,0.5914318390208982,2
0.8958586698053006,0.15464566339288904,-0.3265753692600709,0.8850918899782576,-0.011050013416774362,-0.06383791181384457,0.735622959824284,-0.07569503163006241,0.5463967112277095,0.6927117275964567,3
0.21700118223524228,0.1499610030641541,1.4423189453971803,1.3812360317379988,-0.37887411011326594,-0.4154950761342452,0.43834952760311285,0.7347649197854058,-0.038177057215636745,1.3678461506067836,2
0.7095749432232266,0.2567343879902504,0.9235861732552035,0.37947973440836547,0.6899287705644285,0.36895100210496523,0.33103619387381933,0.026041815338456814,0.5429271470528533,0.7860691181629438,3
0.1808869437449101,0.34157592250907176,0.45118775922710985,1.0304413687437777,0.5586595022647496,0.686883224613869,0.42235586765757205,0.6837057093180546,0.5677815473749807,0.7290023644424479,0
0.8297759537496463,0.20667172786871094,0.45033551567101493,0.23306154602385062,0.8588766932326596,0.30017938124128674,0.5753480149843199,0.38908284095891105,0.6975043113725783,0.4322161711126756,2
0.4087614420998258,0.7673703659383595,0.07491578569539216,0.23132190396230395,0.7464598029884821,0.25580393660017076,0.8712706436264698,0.2937146580539488,0.6603049002410347,0.5709088102741192,3
0.14965994523611614,0.7478359848106336,0.10156452180419842,0.3171278299274457,0.7410243544974717,0.2403573502914459,0.49556272481056163,0.32896235099436655,0.2904867150512901,0.2820799970780974,0
1.0913861709981767,1.0928963583881997,1.0143789270215549,0.8569731001515754,0.3792649272872786,0.5860491618122265,0.4518141790465765,0.4241848806145222,0.20871469907941045,0.6986688382186592,0
1.0688039648333787,0.04531381729145581,0.83407278503468,0.47744758982798474,0.2844895968868211,0.5113998364489216,0.5988570503057163,0.6808828337345009,0.3230497157799069,0.38916587521173795,1
0.6001711958479539,0.12549826897599714,1.204221170410499,0.6207255476350192,0.8672347075126062,0.16804692113973485,0.43027501509019694,0.3454496955470002,0.7008370876083889,0.35774296303146264,3
0.8576516395003775,0.7420642273472495,1.1820214839296248,0.965383600122978,-0.07528263916994285,0.5986571400337437,0.7734080228362448,0.7081110377059661,0.45966750337401957,0.1899936322172956,2
0.8876079345047055,0.5394600379073565,0.780095231251628,0.3559441356655418,0.5500176858395055,0.9549058174252273,0.31892356708430025,0.1490531700757958,0.25624373078659896,0.8552797933135596,2
0.47638417793657384,0.3618342311391862,1.0042562222979348,0.614211070262658,0.524414729305688,0.09755410609989973,0.3201156103704893,0.244348224823258,0.6713571761113254,0.5237869608315683,3
0.07911669558182649,0.3408742480195433,0.3497414860675163,0.9980058476678313,0.478676681253195,0.7840059655687257,0.46743098924820614,0.7365735924149596,0.5596163581784448,0.6498383863410171,0
0.6183773287696581,0.9048901942914362,0.779160209071351,0.742674514663883,0.21816480053754986,0.9599675379562886,0.33176092116468325,0.23066908397876745,0.5627306683635074,-0.005979295152038544,3
0.4745430894278625,0.4395228644842875,0.6667310418506751,0.17806563075278212,-0.08893386246271787,0.09636814999459554,0.44801414841229087,0.27701991894610256,0.6057682770646318,0.4836285960159772,0
0.7365999636890663,0.043495820334648806,0.7410963125580569,0.24068190738511164,0.08939144374345206,0.9485568566255433,0.17864570642509403,0.5003215179369822,0.2082596118527731,0.8768093099234704,3
0.7105149424015912,0.25443308798269476,0.9254045760769951,0.37858580588606877,0.6935902548583761,0.3639783766757649,0.3381465366636081,0.01725114672234914,0.5383538454237062,0.7874997538459856,3
0.4859285680580096,0.23465571091937537,-0.01805335428594987,0.7162607485868138,0.5578942376964221,0.33604279444793794,0.629618583776254,0.18901796704993049,0.1282524041043075,0.6988919088243432,0
0.5288431059177928,0.37366342241680334,0.8230366725162046,0.4460133193670637,0.3142449677118341,0.7414233010046642,0.9815447199079693,0.6081539793087192,0.06303121887425611,0.7224569880486075,2
0.23581406184546772,0.9970448855838606,-0.22001734678701867,0.18417658325382172,0.8321616499989182,0.35636230393069024,0.9743781702028091,0.5723883468390278,0.5174422098868041,0.75877775574991,3
0.6869110562572734,0.690302808742082,0.3447040043372281,0.7038813470862479,0.284053541024883,0.1353433353221865,0.429518328645588,0.33567001170934585,0.4134798356752645,0.8340774441229828,1
0.8840810489847271,0.3077379863114922,0.7242197235130624,0.028772944358164708,0.896383683592198,0.024226454254016663,0.8568563898155455,0.6697398016163979,0.23039786593774098,0.7627072623220068,2
0.09638872811930552,0.8994405351864758,0.9554869610163663,0.3718476183341352,-0.6213913329832227,0.5691053120250009,0.8879520535565705,0.1507153832590568,0.35233447615467467,1.1059578307736428,2
0.21441108016885474,0.6216473390025798,0.6545371694676785,-0.09746728885986478,0.40792424064393706,0.15319822808056058,0.5359582681259871,0.6260689164976967,0.7992445651054175,0.4021253944130203,3
1.0299766359207636,-0.059401189417707057,1.8646585585280078,0.4587469388538816,-0.18380819284877162,0.9568993769264531,0.49231746630350315,0.7158166731934551,0.6725260258103916,0.24340394005686938,2
-0.16804151899205805,0.6460960515675919,0.5472883669068129,0.45417430212806514,-0.19152265702458218,-0.01588475616810589,0.42995662488322217,0.619387342835064,0.12068836598774121,0.9077694036248174,2
0.9881659982912393,1.006745399327699,0.6470311231117964,0.02064378527131894,0.08507451478132903,0.21574137738876994,0.033598082187149575,0.7515134492757224,0.9717347606753303,0.6874637533755312,3
0.8835517248157309,0.3153880607432221,0.7031072232566727,-0.0026750047674614225,0.9199514617952147,0.027985314791735848,0.8538052956239973,0.6883680298541506,0.2594560207014397,0.7699816627415246,2
0.6155248059823288,0.6198266632704611,0.9268022812082256,0.8726939414929658,0.14568433040675077,-0.08543027814690352,0.1639590669679813,0.8422907568283916,0.6330232255005435,0.4582602088070353,0
0.8971883019283455,0.2600569603016358,0.7788477045334652,0.0900112302462222,0.488196059574831,0.019341070251190695,0.7781376345252928,0.9416207474136955,0.09479364827775322,0.7181215684684514,1
0.6385485157449179,0.060072073496434016,0.6551211691732849,0.14632990561986797,0.7045186954125213,0.36878976851994505,0.5981089755346388,0.17537690609925594,0.6307362994167967,0.3212707329434546,2
0.009376730716627119,0.6108464189695186,0.8169768928413033,0.22849206625238655,0.7285490543297191,0.6796996888003736,0.53435102210164,0.08196782571170974,0.77608188010987,0.01768309020072301,0
0.7924399052331548,0.18291240593820599,0.2941884449318051,0.2668432590835825,0.7952841446853097,0.9184101506327244,0.7349716363944416,0.5497277666605869,0.7950777604891014,0.10168223001716956,2
0.011588329036763469,0.6118872510124694,0.8147532323633339,0.2267263868765392,0.7288244042646075,0.6767057140826541,0.5327965927808951,0.08452982396597628,0.777759919208972,0.01917712847053859,0
0.4742907840438859,0.4446639592334583,0.8815701611177588,0.23327865006039475,0.7915023673458461,0.6856292174559825,0.5552762834847993,0.8459321159848241,0.5454075192110442,0.34400924156528057,3
0.8139699739757126,0.8458624500320593,0.7641683711642958,0.763026394982703,0.9112538940154408,0.24691327180076414,0.3319647786855258,0.8054130005692478,0.3000234845524674,0.60753313750828,2
1.0010125536768446,0.622353624747815,0.39385694649893604,0.24764756768766832,-0.2873538461651699,0.20716082084237564,0.667671461719755,0.3575222534893966,0.7744995410191942,0.3424087829747811,1
0.9634536928858943,0.10136646984012776,0.6462420184273604,0.9100041769343624,0.8016502337293855,0.780378407217782,0.1408168072798725,1.039824245289169,0.6996550391403868,0.35547624386410237,2
0.2045049825093973,0.6412658418998768,0.08384027399930846,0.2508149075114524,0.0013679560802886126,0.7680387320144104,0.718469820533653,0.48085980619990715,0.5173771343189135,-0.046560159602581364,3
0.5456481825539563,0.775637135029181,-0.4903771765677071,-0.3275978172336803,0.5341149912195162,0.17127514537248292,-0.1696936405621029,0.5264202259535296,0.6163894696614756,-0.15379943991430522,0
0.7195405922834179,-0.1752709612223687,0.9092279664894501,0.03291348817520623,0.24286170257349035,1.1534621098089308,0.19576570411073552,0.31032325453866005,0.39957705576516944,1.0202616576921233,3
-0.047786001145529056,0.5855776843460669,-0.06289075134710506,0.1746481515816679,0.7535636096168875,0.5361785407628253,0.18056018969289914,0.5120724327041539,0.2822218885218122,0.31234253383548605,0
0.00457999370871769,0.0573144105456249,0.4925260573242713,0.25135333341475485,0.8318723650843495,0.4104197881615446,0.008895635882483256,0.7124684044145277,0.9337682205525135,0.8019569400128904,3
0.8271783191765711,0.7086768992558381,0.9108077893820645,0.7629650739248691,0.7109044885804018,0.1730229387746816,0.1764931960947058,0.6968023927730185,0.19480701705604103,0.8191289590080748,2
0.9109250469229596,0.8085174634538166,0.8049463746311525,0.71408438785551,0.8324332621110364,0.3431981632323391,0.3311109465952022,0.7469899401337208,0.4150045753463555,0.5624193291833669,2
0.3694004134120758,1.1301926237313262,-0.19467825257147187,1.3607400921914927,0.7195555840116508,0.8962691099480178,0.8269064280328702,0.3135730525858655,0.31099424906645645,0.37762565940155174,0
0.6698493451761512,0.09698589024789882,0.556531959187741,0.10855082318584705,0.8035932737091738,0.2626339565960041,0.5709877094331153,0.19506403369531491,0.5814065192674892,0.30087874598965414,2
0.23085076676773905,0.004726294077397997,0.2920283837312353,0.5052373889179598,0.39014011878205607,0.1194019205385268,0.7677116816359287,0.30390967574702227,-0.035550651691758556,0.7602874583500873,0
0.6663516924403466,0.49804268568341936,0.6097603831484006,0.670633930530599,0.05735807954920961,0.5184231200033779,0.755598768016044,0.5363602417067075,0.5461021858169041,0.0741744004076839,0
0.3362195372982658,0.9487538617375868,0.5274919612595641,0.6877178903067522,0.733896629053234,0.1252241553185723,1.158384053908066,0.4725473947348456,0.5483136452515516,0.8519866474942985,1
1.1574033957264223,0.8351874202260289,0.767757205992954,0.591504679795664,0.9225041070473394,0.48220155916032736,0.39348402573236285,0.046569941636892036,1.126031479828451,-0.17630521360046456,2
0.6659685277092561,0.11810211602496884,0.6530910636167777,0.22678547601820687,0.12080622411452861,1.0035816486865632,0.17895109342064056,0.4785388411103389,0.1844218590742478,0.9253919988988988,3
-0.006603250764446372,0.25518289943932365,0.5421708162067997,0.8757357339969255,0.7809650797641641,0.5078815595073041,0.8157435271806334,0.5950406069937764,0.8776263702967444,0.6739667737831078,0
0.39155335138281805,0.8593283937903065,0.0324756804208538,0.31437244351498045,0.6501593938861288,0.13488305013527727,0.8855753607293975,0.3592204924860356,0.6797162348863857,0.5961091887316631,3
0.5351986825137625,-0.06720546483449297,0.23084052713800973,1.1345996235665272,0.13274857872722867,0.0016108067681028515,0.3637336209265389,1.3424173580095742,0.014042931693695582,0.8071006773185915,2
0.20834098194375966,1.0494215834002032,0.7688485949749325,0.5758892099841453,0.8052857850174837,0.21853299161911316,0.969956543029591,0.3359490834848977,0.6586302579423741,0.6604876003824526,1
0.5563317653218308,0.29702284756908703,0.3984946568956371,0.07270154587000688,0.1287671797641747,0.16949011082009535,0.578170319684804,0.027121972104726895,0.65288663886766,0.32915523630715526,0
0.6562436917876902,0.42738411328776205,0.8708420301331385,0.13392368613583738,0.7580177041333572,0.37676920837946115,0.041738613702450356,0.47418399880025996,0.015110573507102765,0.696796115873177,3
0.7846352955239965,0.8734215497659383,0.786601375854994,0.8104354155885679,0.7240809451454648,0.4140823213445023,0.3622279101396641,-0.04082201011243988,1.0533871911825479,0.12149569047208825,2
0.9936551935875669,-0.06019166694930739,0.3304634677849613,0.5085398671189477,0.3012007944213033,0.20649821330526968,-0.0067290552032086975,0.0621778674224783,0.24047285265022808,0.8907700000433798,3
0.7352135486041167,0.012215055375831424,0.9052980014035663,0.4497126697724758,0.2527150927617604,0.6379863049993504,0.8193888746899228,0.6297397725009206,0.45013263022054467,0.14776408768095772,1
0.8757708786442658,0.7579105502452325,0.7077908617777712,0.7863884201439335,0.8739762608627412,0.22972455936007288,0.3370660183418085,0.8161194974441511,0.3299742244906828,0.6343178261039596,2
0.2782888644352451,0.07761503104785877,0.0768061830415973,0.8108990658044961,0.45010235635736795,0.4446422449811242,0.7846025381703527,0.24542513373162161,0.20378634513270433,0.5533675182342852,0
1.062982162829377,-0.9210126724407991,-0.6944011372661837,0.9731585968972681,2.0213759073038613,1.0185730321203057,0.3553335024845493,-0.5055105422601366,0.9820734295648333,0.04034718307372448,3
0.7349723685651163,0.021097157233478103,0.6403088204504965,-0.14723813391892823,0.27156495801521785,-0.1607303205271869,0.6186890569344952,-0.05729332722173559,0.9811082780278977,0.5780840434608625,0
1.2059671176430506,1.1476112205356594,0.1341488428551777,1.3624083509829028,0.17962057563564765,0.8468791801057771,0.5480413097254153,0.2936069480914363,0.3885983153650766,1.2919327137315286,1
-0.018888532627304055,1.0998380048849472,0.045650197167476564,1.0223813080687778,0.08639777049989432,0.004547652629787069,0.740063628260881,-0.11297430910075168,0.7938227445251314,-0.06426291411771573,3
0.6916644469026062,0.020626040571587838,0.7582473012733721,0.2668372683185785,0.03608494673727892,0.9965825485333479,0.23927491806400253,0.5119676120470782,0.1465736685850412,0.8589879162895306,3
-0.010540781694131779,0.8659841523603272,0.3210515474422629,0.8695361191073807,0.720507212593202,0.009664567574331907,0.05768699965335575,0.7497612385753296,0.2603055661808562,0.9908500986045202,1
0.530185179088894,0.42050733853577943,0.00662278193589752,0.6800245789315041,0.17524320849053343,0.16545031349344375,0.970549489105266,0.564152771659982,0.9989456251897776,0.43440733801335185,3
0.5941994795250338,0.6315543642545789,0.28513835933001563,0.6507521848455514,0.00015763938658248933,0.24652585612490469,0.8454125094937889,0.352089297850132,0.789627116137775,0.26859674350319285,3
0.15595106948004217,0.514623379921484,0.45318132464473004,0.8781371525681977,0.4922299042887531,0.7735147059884541,0.5519425521803243,0.7511302364009941,0.5082855909283343,0.4545355990425335,0
0.052428793695836834,0.7938371030411477,0.01105732448066074,0.5132389670824427,0.6672020769955004,0.5296703275667273,0.6417414763272473,0.115226761726644,0.4823832608041112,0.21326267741295535,0
0.7566264058129796,0.4213111987827745,0.8968615923631453,0.15507320292201457,0.10254793934393758,0.5013141882680392,0.2301175758478272,0.3501145647761379,0.6263819636739467,0.5959043986385851,1
0.41464257067140664,0.7717308305898047,-0.15345814410789638,0.19065372827066443,0.6213681469657515,0.1726253906492123,0.8828878888669112,0.4520786215491909,0.7075315604138784,0.5305300713999473,0
0.09047402110700943,0.3432350203291932,0.3734787751639401,1.008802946013259,0.45493124676864904,0.8091573976617806,0.48924530944209693,0.7466522927184143,0.5480700400815227,0.6505943693281586,0
0.5905206015736095,0.8252076902960213,0.7963030492087647,0.4668509622513007,0.7021192692924971,0.885925926663657,0.518916168815159,0.4072877908815649,0.7129430314788985,0.5504378500151083,2
0.03828358541690902,0.5101038856534135,0.8347035569438803,0.9170501075906852,0.3631011831815868,0.9125567108425949,0.6992510482854861,1.0520228897844175,0.3371356414029187,-0.007946159555310306,2
0.8518900220415712,0.3330348556377792,0.7038026713502508,0.025466741086499104,0.8684574234004869,0.026425466124344932,0.8584856994832951,0.6486296750180582,0.22201056957447754,0.7300790403458712,2
0.4686360811153157,0.8566524935978372,-0.08841177172853656,0.32309246874893405,0.6368435532497955,0.2496650749242444,0.8530114832363215,0.33589965397910587,0.7050609406000009,0.6332488413767893,3
0.41567430492956364,0.8794003357291005,0.9665603121663728,0.46413326968684765,0.7281836840105909,0.7463273244778019,0.5436960888843329,0.4024847034084112,0.6802367352685016,0.5437513524163918,2
0.1680714357985682,0.9687302008839226,0.7267632565663704,0.5637678702982252,0.8223839123419875,0.25071168706400015,0.9581360583742912,0.37151642323486056,0.6927741159867667,0.6520249102028508,1
1.065552845304129,0.41532839378848696,0.6433826192178977,0.8581123519622124,0.8297033197679239,0.985557355454364,0.18079225591002598,0.6686024588219441,0.8366581198774536,0.5057610584401648,2
1.0625010596811302,0.5017375616033198,0.630184362370988,0.40266769355273524,-0.04888240222617238,0.9986183943627741,0.4872184380881257,0.04674584373582495,0.5045741028988449,1.0223349307172962,1
1.0297709885842337,0.15423739901541247,0.6141396622277073,0.9557398469508633,0.6779713078448516,0.8571048563110526,0.17738876548389326,0.9299259363799659,0.7318786068153194,0.3360091657872779,2
0.5633652273020892,0.5875606148390041,0.15246992728344222,0.7486070373717699,0.038480229055317255,0.2341676046499221,0.8372718441719803,0.44963058093774083,0.5939805715880577,0.12721138663726037,3
0.9546907164265327,0.16279899800079864,0.939202313084515,0.29496380478063744,0.43692204544168906,0.36773137693037394,0.4505231440822309,0.5429347962348543,0.4678286991929192,0.4004962297541917,1
0.6499112498563958,0.5099220953545922,0.5878622048927773,0.7018174504001337,0.05701962165395958,0.505437434195902,0.7275351538044951,0.5126317591788173,0.5586878511806173,0.06060636571483596,0
0.7385395985997114,0.5920721630987448,0.5917452797767077,0.48853081133739984,0.7974190973846488,0.20092927191912277,0.7691872299945612,0.16310863229260064,0.40960789704714456,0.06831046684680583,1
-0.029017854498162673,0.42370909253104344,0.2402586649174143,0.8852763320322591,0.6194336157329015,0.701407580600753,0.5323703604383508,0.6197236651965274,0.5909126900301791,0.7456357931177531,0
0.6755803667644804,0.49259825552467756,0.6161793504102714,0.6678939023921499,0.04855852796839311,0.5119109055632456,0.7408880060493379,0.5386697075675566,0.5387583529132545,0.062418057210536476,0
0.5698576555581398,0.13104191117950445,0.433369303342578,-0.19577017144430664,0.39080738700778417,-0.007989244642048948,0.35981214854368426,0.10882788997673794,0.8415779164654504,0.43381137336845,0
0.8560449092885437,0.2826883902030824,0.6947197423839209,0.05322313801515889,0.8976464337096417,0.0023380836104229426,0.8801543954126949,0.645931934859844,0.21916209213184434,0.7718378152734539,2
0.6612575524047068,0.49537875595002856,0.5976523635630456,0.6817534118570515,0.05696609221588654,0.513185868315693,0.7472742185955563,0.5350093917788539,0.549213797454335,0.08234900714469012,0
0.8658840767806586,0.933028558238987,0.12096914762902616,0.73863170871922,0.5484644679396202,0.36138210651759506,0.8591499833302898,-0.029261408808076178,0.3173408019148979,0.27728463802239584,2
0.853818682059843,0.8594367098950915,0.7253726296020347,0.7132947891020774,0.8163702026212144,0.2005237691844342,0.3165295014126553,0.8440890561167597,0.25826097400684955,0.7025507452212455,2
0.1602890383215052,1.192565871981436,0.24666744359140555,1.1900082454444525,0.5965861625209825,-0.23661272840908154,-0.27942762395339,1.0242024703247807,0.48261876028473755,0.7469246890201311,1
0.7938831113105049,0.8362633042924187,0.7698475442771898,0.7898239509612429,0.9630708868354142,0.2841677657873349,0.34798565761065,0.7801554059145028,0.3032920246264431,0.5866792153583348,2
-0.18389133985978273,-0.4165401720970966,0.6391334688219952,0.07285638480965675,0.6477838624260546,0.4611092558704647,0.6678530395876091,0.6653721455470307,0.2883436984297061,0.7404768647103572,0
0.24893183888094947,0.258686042688543,0.44945622547802166,0.9207411348910277,0.3443995136996094,0.8924586723679513,0.6589274251970384,0.8517816011116448,0.37125252271392906,0.4371215559793402,0
1.0020117802873363,0.9978567075883821,0.21368754022315312,0.736652990232537,0.4616036018118811,0.2111439172519987,0.7546200943188172,0.08453225634841473,0.17535057617990396,0.2631388891631338,2
0.08739293263660103,0.969085072522889,0.7213166467001166,0.6067182799285219,0.8342158050041524,0.2959819760236469,0.9557636471575935,0.41444472130387566,0.6113440164054859,0.6967183751286068,1
0.8331235143490993,0.6024285715794805,0.9055007908230893,0.5916519206577211,0.6590603049336939,0.3056443909890042,-0.3164998317745903,0.764828012419826,0.0015240081058429666,0.30047762675821466,1
0.8692390777446741,0.2932685032075191,0.7126015300415152,0.05123026590108504,0.8946349671824869,0.006787191259549703,0.8904814208452833,0.6457397964479669,0.23122880767290577,0.741489982881347,2
0.36123099305018264,0.20017270132773637,0.07278417108343069,0.7087679433217774,0.5478497651347228,0.3138619517130483,0.7662156639327399,0.36319363374594277,0.038594948856068984,0.5873189384800892,0
0.6527742778293188,0.9632502454880884,0.9782268848194804,0.061022836723822915,0.7137772724560544,1.2790244576769367,0.5418114153477668,-0.1963012846741255,0.5554226877978476,0.9147587586480994,1
0.9225474143680736,0.7658441187347471,0.16875665255414196,0.9053278462777343,0.4890734541598174,0.36195531198786357,0.8458502202729017,0.06810672091037133,0.17849234545996356,0.26261340068439526,2
0.6398628134390433,0.6870591860184807,0.41069584104373635,0.6631117471484123,-0.004964958728729055,0.39528819401230797,1.002856655461744,0.33245220308621953,0.7088571408061324,0.22380927566925857,3
1.3252478247069028,-0.06328122156714833,0.28022647695230923,-0.16928041520785664,0.12492556155219241,0.9379867248837349,-0.07848906015062906,0.4038893849123127,0.1895955001482566,0.9652673037245766,1
0.17778196687494507,0.2746051376562141,0.376579409246684,0.9880724053365656,0.5012248241943893,0.7088622170835777,0.4889190029782055,0.6865184164667626,0.5786520678397681,0.5843253650190728,0
-0.13080193736363677,0.05078709453048785,0.25972578847775313,0.6750243476592072,0.15905806849732013,0.7962069652566068,0.4906998442892969,0.6226156322745486,0.4408359464051233,0.6460987424458283,0
0.9525888364920264,0.08913435570390817,0.6152377314370879,0.768735649972506,0.5950109084599138,0.7709934807871608,0.09428681097298458,0.8974083753432864,0.7981676063620615,0.16033034151555345,2
0.0023441038993361057,0.7593166246044669,0.5545217298394651,0.5878332352256097,0.8937501891944504,-0.16144669514603333,-0.007126714032828149,0.8595850115484848,0.06803418689114454,0.9654332502764065,1
-0.16325782074136658,0.04506138103626828,0.08802581153952127,0.7633923007174428,0.7308390737418823,0.4679192023887604,0.6938935128603961,0.463850635402961,0.8149356602813613,0.5421047133725985,0
1.031451955391599,0.07821564401633396,0.3401399613354331,0.8371701335345446,-0.1049650790876493,1.1346176794031182,0.31060810482909557,0.4349348360236394,1.0668996173980483,1.2089260162516964,1
0.8872082294106012,0.3244863933437506,0.6913871037829293,0.006400605909701845,0.9188023633503756,-0.021912703754780945,0.8721603645873046,0.6515364758322698,0.2128953974281061,0.7563508911696651,2
0.012578945251881076,0.6125908104879898,0.8143059759480448,0.2277390805798977,0.731059891642655,0.6800124338589139,0.5296938563274662,0.0816123356460281,0.7771910213256304,0.017615674249963673,0
0.0615594466780454,0.18996141398283328,0.3102481346177894,1.105662802716871,0.3172448370622726,0.8365308679604225,0.4763790058772396,0.7816955729661689,0.4516507246685583,0.5866666310928187,0
0.6708102149445551,0.49009199216923793,0.5853465360613469,0.6804321821188787,0.05510352989733492,0.5205270423579841,0.7361556167178487,0.5206046097568614,0.5567779784261402,0.09475131851188717,0
0.7024827114232365,0.7819503681860632,0.8057699361979187,0.9329340731125341,1.046406668958728,0.14305723024599726,0.36080224677193484,0.832951859367659,0.45901181333583757,0.7412952012635394,2
0.9743511395827864,1.000639602164678,0.6450055976828009,0.006443095427101149,0.09565049786904561,0.21729949103778734,0.026355773843687834,0.7551148710996229,0.9838414784046128,0.6943479337838558,3
0.8960367640437326,0.8849221759640469,0.11685490521137731,0.7600469067144564,0.576830623675371,0.34044546509839396,0.8765205094859951,0.00788326296632917,0.30018879153674527,0.31307203714299026,2
0.4556163141125924,0.16287740451596647,1.0248584269542536,0.4103456491923346,0.7114430435281046,0.28444200232759,0.3539202189501107,0.4397221276988426,0.8302406438528755,0.5795167813855818,3
0.7374833783524936,0.6857893743934891,0.3445819832069784,0.7808584166593423,0.04322011613272453,0.03694314527301385,0.411291378289573,0.25026454933822084,0.3313875971826325,0.7162881174991714,1
0.2837956462354816,0.4863498299356175,0.31041880725063065,0.36736470525853504,0.5519615960533982,0.27653555567456434,0.5947100675973183,0.4399865201684937,0.3543829461818076,0.2342302756936341,3
0.6965981367325245,0.590237365492021,0.5478950315968012,0.46132682366140293,-0.047664082260305274,0.743361111962869,0.7954448195782488,0.21552108295552735,0.48373709731050235,0.7564919686855136,2
0.769233500303594,0.872204383177804,0.6966182703850052,0.7733001304905945,0.9838961434683698,0.23384637013490694,0.42728380888602296,0.8535709083173824,0.3110910952689421,0.5924169138852275,2
0.7654075952861306,0.19892297862350464,0.3040528083707074,0.2726364204759755,0.7959195640824109,0.8972708719390841,0.7206494631192939,0.5597226337210581,0.8131607867889679,0.095635809358641,2
0.8703436517285525,0.944068134774176,0.17533684270877858,0.7088529015173154,0.6261332184165175,0.4355546104962499,0.807251626071925,0.0038307575825907124,0.4362249335400306,0.22908902024517103,2
0.6876187567075774,0.025273186076240777,0.7387508802853541,0.2758022098398297,0.2437492379727743,0.8612082750254894,0.08832440587877029,0.5695878931913836,0.11441296793427509,0.9583569422668033,3
0.012391200287251589,0.6121514903265985,0.8128577501632189,0.22865367125956426,0.7302638466686364,0.67750258753495,0.5303072295549054,0.08167655163537149,0.7780719874635001,0.01970899214480926,0
0.8723366354254243,0.3111818442737557,0.7114864784486258,0.034924686902469824,0.8820104726346818,0.02030614688800749,0.8666704042292667,0.6508454676645901,0.22700342851633407,0.7634647001026699,2
0.6582773909974493,0.5045258556741021,0.6138499729647721,0.6914630889964164,0.05235862000463308,0.5252108390578049,0.7343391657518576,0.5299699235743088,0.5636682550993781,0.08626512108011461,0
0.38166379760357105,0.8744270569819786,0.7594675085655368,0.06537650164304448,-0.3686247857371929,0.6709987032155519,-0.17610374717341282,0.1644373575012893,0.22198060049180096,0.5653710316772987,1
0.20184107338246055,0.08604021382761962,0.7085941522364784,0.6008317897028674,0.586864182181542,1.0000963964699878,0.003469339890430856,0.7731194490115854,0.2054257179399297,0.6400781665097308,0
0.7165583812682147,0.02665490174482657,0.005990215396859705,0.836919295023111,0.87802282592471,0.13018307764890216,0.029308934764948745,0.5109337231363201,0.6854056186342791,0.42988599670839955,3
0.5417600374358237,0.06367776085709587,0.9126287051474701,0.3485962062450122,0.11097559793303086,1.1036404633191386,0.2514329388356,0.2996298094508417,0.2519229441401693,0.9045282879476714,3
0.7495139493518305,0.7820814451787097,0.7402211835807125,0.798158338793441,0.9808591966752241,0.3108344929024272,0.34127024745938345,0.7872416218748738,0.29332045092406983,0.5968367528298861,2
0.2351224910070963,0.5233424412328881,0.3453728070967961,0.8377440648383239,0.7862221011896249,0.45625102991681976,0.5391945259921812,0.3883893532536789,0.15824605875102227,0.3302895442351283,0
0.6083229045925009,0.5580478463757638,0.29871620794693665,0.293793105209603,0.8309169680037534,0.343305089083505,0.36693252331569765,0.07149600269971962,0.23150595904046853,0.20861948736838384,2
0.622521839891018,0.6939847668197983,0.9629874251122509,0.4828583921754917,0.6406641212520046,0.7855673425688873,0.49000150388531216,0.2255764934034192,0.6414475598564178,0.4989442179166958,2
0.3369987159791187,0.23707448989945373,0.12645017892994054,0.7120018358323733,0.5654619617868526,0.31719055202488566,0.810661427477044,0.3268647265632372,0.05421987923100407,0.6149310106749251,0
0.6340384570759517,0.02391978223989296,0.5325305114590486,0.12183472525760435,0.7236939697305054,0.20603249450552807,0.6045136044968425,0.2630710038844965,0.7114904083667178,0.26172510973387997,2
0.8041510980463272,0.6106983732988185,0.8235467579526089,0.3524147218116303,0.6807549410585502,0.9284825962357514,0.345069137518352,0.20089314894830654,0.22147476216087875,0.8413740436958891,2
0.9830659908526425,0.9865666255844528,0.652649195672601,0.014426685111464988,0.08931289678224276,0.2086030301267147,0.02260319348804066,0.7487601255497515,0.9688789285084416,0.7043389822717759,3
0.25208604666715073,0.7051252365002719,0.7658232098745128,0.11175952588693262,0.7960399619170954,0.6881580937121241,0.6124654589415439,0.3223099641779544,-0.024408660739158927,0.20086353766118997,1
0.02550843864402175,0.7411723494981616,0.15086453967316407,0.6694102082617631,0.6262715266106862,0.16301937518807447,0.2696187438083216,1.009762601280713,0.6029860764453885,0.8082921548098824,1
1.1475827733763808,-0.03725309107614688,1.003114859576278,-0.02314065334894333,0.31067845324734145,0.08735224839388439,0.6782475311762575,0.706050013789179,0.1894246457334926,0.3052772906706945,1
0.923988052481844,0.10492179024071045,-0.30521671190674915,0.46599735778386575,0.12679247640877783,1.084242011386934,0.6816889875360267,-0.44595345672921843,0.17058940216475424,1.7665681029711673,3
0.6703722989751013,0.37950628028833533,0.9711584208309121,0.5641742568331287,0.36192284041535994,1.059806328851909,0.6114080367956908,0.27026434853635406,0.25240193784965165,0.6034734437934487,2
0.7034048984811935,0.06074039827820005,0.7335246221913903,0.2591380204090783,0.09883142042508149,0.9312181999049876,0.17936751764118253,0.4631590700160631,0.22215007160385675,0.873857155029444,3
0.6006470701434344,0.17042267442916925,-0.069890369925519,1.1416345334699216,0.10745229687914495,0.6496992876192812,-0.11461873478849005,0.5420992219944489,1.0520019615862464,1.372892263245999,1
0.6061528313670197,0.5641253743816077,0.33163854722813296,0.14602567581800802,0.08349059327995807,1.1759829908859376,0.4937822278329331,0.354348779650663,0.6931372655527781,0.4799210581203045,3
0.998714600657314,0.49064887592582623,0.7290360430075674,0.36602613671281614,0.1316419974757787,0.8632653909202147,0.45534026362896124,0.03769282533356337,0.6559759507177395,0.9687545936218955,1
-0.024834918538731085,0.607108719799473,0.25032675321796516,0.1846155208243741,0.9174068104230839,0.47876149549110725,0.38762267339033357,0.46147381507614715,-0.03956857441614475,0.5666546961559715,0
0.8302032467362325,-0.023846359658303035,0.8071307540557574,0.2612577305582755,0.2032803501913176,0.3890990894654367,0.24363497905496095,0.387268945609482,0.562690089823096,0.6054819194065035,1
0.8812517544910072,0.3028951765491454,0.7121356611175554,0.023977817368387586,0.8915545718335315,0.015555281060466627,0.8704798445635986,0.6577747844304369,0.23361608685903532,0.758284694903721,2
0.3913250974305869,0.8492259154199835,0.03296252486760176,0.3099214345766563,0.6677647898889424,0.19412168781436206,0.8710704961854389,0.36645405904188083,0.7027143639925343,0.6316507600538647,3
0.012588810915674665,0.6148248937548612,0.813636555604619,0.2257459882965983,0.7295077905969957,0.6784878758514233,0.5317858131833151,0.0814484585557977,0.7784381718727916,0.019067501461042895,0
0.8559734316353322,0.79883668409969,0.8057814718106637,0.8299466264524236,0.9297920946457032,0.299389896463522,0.34865822805274094,0.8375378090931312,0.35491366832709,0.6286390797856976,2
0.9905714476013593,0.9934735818387829,0.6330087256104076,0.02207026681029273,0.09034586457941271,0.21627493168302445,0.024990590331114258,0.7501640607281505,0.9795827089250759,0.7114234022199329,3
0.8228790966910274,0.7124402468647871,0.6783967325851487,0.5685312032249207,0.02392877035876914,0.6359992126401237,0.11130925910043517,0.6031862043559709,0.24262759216038646,0.6803406547753403,0
0.08286634776556186,1.041979017371481,0.627005733026911,0.5659260796243851,0.880074309944272,0.2151469148890465,0.9355638740626431,0.2686169870538571,0.6045085460939629,0.7259148329126455,1
0.52610233983598,0.7269655685649863,-0.05213017809089912,0.18270053557760155,0.6246883674459915,-0.024976328884444482,1.0189815003266578,0.09964745396364227,0.8476325214262417,0.6403042681508503,3
0.3506978663135619,0.4668265050823239,0.7900637731128501,0.6456358823039912,0.302331259167045,-0.122153273682575,1.039830751264258,0.6221234265068234,0.46514683420958886,0.5876188172820345,2
0.9579251835867983,1.042383489185884,0.6377849800882912,0.5941174243154359,0.799033487316047,0.294384389985255,0.6019375848963981,0.03986031387991304,0.941173474332241,-0.047086649833664576,2
1.3305042911005842,0.2921921747265118,0.2453879154516238,0.5719346199075899,0.4795494184804542,0.6745866413522476,0.16411399666655396,0.5922845104161574,0.5157721394291335,0.19344289545256774,2
0.9806486420339582,0.25695935118769947,0.9663143695370751,0.21098269979832726,0.17437472108580304,0.9160783505045405,0.49673723698600847,-0.007415748085834426,0.6139871867920543,1.2209864733303744,1
0.4688175729126175,0.07156320371566643,0.5710255995863674,0.4743236086492283,0.08723515614913639,0.07963569307344269,0.6584240533725996,0.7420879568658558,0.3726337863884811,0.5867366925012127,2
1.1102875159711392,0.8601831121457334,0.5885984360344613,0.7016969804807195,0.9008298231613556,0.13196072131608455,0.41489209731439897,0.2085959747047604,0.9858658969045715,-0.0316494495647298,2
0.649425133702626,0.4915078263252447,0.5963253194849149,0.6748595168134648,0.07521620169715998,0.5042352832279681,0.7421695956063803,0.5504298030625978,0.5544825819217493,0.08582577658189681,0
0.4997164765609671,0.2759537056366224,0.5619189726377977,0.7790493625279697,0.30491165337788834,0.8490126188969852,0.7479478252596938,0.6824239763140395,0.3713129059353397,0.7218848032083062,2
-0.2435337695838659,0.6754377888134595,0.5283134677835895,0.8149027236901257,-0.049429884460866214,0.701358058287055,0.24352396239104296,0.291404543545979,0.21214303636033177,0.9247111785376327,2
0.9063568924954637,0.9005028002115514,0.11796755076993753,0.7727533079306314,0.5628736555076811,0.3289857333634018,0.8929212024614505,0.02053338052807288,0.2955803497857661,0.30671500908522586,2
0.054504256980970556,0.9239148055054076,0.691696950697143,0.42572586739629065,-0.08037696997628471,0.5268214087560648,0.4757022707487675,0.7728579501320292,0.6894972868921445,0.5779902113507709,3
0.39803789539783857,0.8414851004393235,0.0434057798446357,0.2911808310210559,0.6464749767852024,0.16475940766465869,0.8617184591247263,0.3508656820067941,0.6853459036212204,0.6050157691896912,3
0.36899061624343704,0.9004000573870364,1.1243052874975195,0.5184006188199901,0.5535403294791524,0.47860444457722706,0.012857544629656797,0.8507989761928844,0.6866157309788261,0.8137514447610755,0
0.9224793279064404,0.12188590169704952,0.9567035349380508,0.24776662813548306,0.5688776041782464,0.47066577020257583,0.5716446037624401,0.6459366303201151,0.3401877727056105,0.488921294750682,1
0.7823766631554262,0.24135114945812264,0.30493809512989395,0.23447889143451717,0.7827220477517248,0.8561280328281262,0.7376709553096794,0.5414803345300504,0.8361640113591401,0.06108704558413053,2
0.5730211607330298,0.3544649715013475,0.8703770631605597,1.026367432548571,-0.16897730514053996,0.48188920930159224,-0.15188588611329917,0.7732466874098394,0.15200698231185697,0.48313862218055087,1
0.8405309721496019,0.4157890260894977,0.7710492510523197,0.8632919184612766,0.8893591587697718,0.95306459820883,0.3405314579817051,0.6776156417503361,0.8819749900742739,0.13906268871492206,2
0.11595514396167855,0.4325987572337242,0.8862843539595743,0.7050049306556753,-0.08971271361727533,0.31656536939732827,0.9041797595699673,0.7695473749893935,0.26851724647027764,0.7477043518214467,2
0.6400330446056278,0.4961844681251419,0.601170790544885,0.6944851755355053,0.04767069594217524,0.5104604075391009,0.7330774833374687,0.5279702066828409,0.5387335787930645,0.08901980120998415,0
0.945080094189284,0.8018392819450445,0.2724638667864663,0.4926936732818967,-0.17303980021481064,0.13039213467211608,0.6040085219163744,0.4489517315211228,0.11028637813836911,0.7340666899295618,1
0.7026162964850445,0.25836137029910644,0.9295244583670839,0.37660986269279956,0.697461308111716,0.36731914205870636,0.3247221059806385,0.02985362541436934,0.5522165883351923,0.7981792733084457,3
0.803321738440741,0.2782909971076091,0.6844382303914041,0.10162351180379775,0.9150763618445201,0.07688287527719698,0.8956408959189537,0.5940055482478548,0.3007649806265731,0.7843575746937198,2
0.6613537476119411,0.4884701234841356,0.6116361232453003,0.691759451828752,0.04471426506484166,0.5057405870937329,0.7597776934229917,0.5261487096449105,0.560677967588367,0.0749263107170509,0
0.575433649814592,0.589679345860127,0.1893612406295738,0.625714905706183,0.17551729448381467,0.3020448422482864,0.8277336340377687,0.30707109300285607,0.6709403998515182,0.24480593826214167,3
-0.44156470969341133,1.332389616825847,-0.3951956603123419,1.5794304137815645,-1.3596201683055433,0.7900746447943957,0.10278884653158948,0.7122028248432943,1.256483920066918,1.1884548905403836,2
0.9083763204453557,0.8963751166322851,0.11479095372840052,0.7670579979391043,0.5631769041885137,0.32590427677666667,0.8992290773395443,0.016927767016567084,0.2990591400126666,0.3089371717224287,2
0.9127036937094791,0.8494223388167637,0.05996398031053398,0.7032902193868041,0.6155629180467599,0.2805377035603751,0.9454008112465178,0.029961332353418923,0.3506755516125704,0.34013978528530386,2
1.0283890625997103,1.0818627082344479,0.5586906939400762,0.7108338015625849,0.7103778009270314,0.3043029142873135,0.39032340436036866,-0.005406665536385365,0.8920769399284327,-0.16716784336728205,2
0.6356307752394542,0.5227835886590247,0.29698517908045613,0.31009982538511693,0.8534281940312701,0.3116819185884309,0.39306736870555786,0.04494173909851729,0.2197856489836856,0.1888969303026348,2
0.967953669475911,0.9307643597158306,0.06167421457194726,0.6846668544949365,0.5281239880499315,0.28578716602354964,0.9326314432287272,0.10512916610663235,0.24086171535037657,0.36556187583130445,2
0.09324635576156937,0.1571326343236771,0.49479421539935825,0.5299634298961977,0.8310459811126132,0.32869821156268286,0.5129049653810344,0.7193627236980332,0.4416732457239575,0.10906912639168159,3
0.7269646191643787,0.22383238066876907,0.9595116169743573,0.41668578303758597,0.7085235370042431,0.3261694049926259,0.340782513920196,0.0003053201052524296,0.5003310062013852,0.7750815613697815,3
0.7824839044962701,0.5900256062322631,0.7501355598733029,0.38485209485804206,0.6567184539023141,0.9491013022630252,0.31021547237019453,0.15000610309867599,0.19050611541021883,0.8807800866147203,2
0.7431414467347001,0.8911003307466783,0.8208680656335775,0.7659052695190017,0.5601774317280923,0.09300225109550689,-0.08401967971753366,1.1672473946326378,0.9995231622024344,0.5630143128337544,0
0.7178663927352877,0.39818103446816777,0.18998991541344518,1.0785951295514065,0.22143423415381142,0.5864978619461518,0.9928924314172919,0.7739007073196851,0.7766282692155807,0.23014169579614724,3
0.6211909263142521,0.06443016551628061,0.20244474893243247,0.71173690150297,1.0164509071269399,0.31594454173747943,0.20779555505669794,0.3761776484183348,0.6206147402623783,0.4224901172278165,3
0.9204017501710986,0.1383297589366093,0.6327106808178403,0.9192588747698931,0.6145063536441915,0.839874768276765,0.212828667205237,0.9789776328811706,0.6382426964227178,0.3108743487478299,2
0.8755264533143404,0.2776512466427523,0.7141778272820478,0.015795980495939683,0.9007884995517809,0.044944490306743565,0.919534424465141,0.6103016777183545,0.24165028738222452,0.7133640971904966,2
0.8768068068596837,0.3154896143869029,0.7084617063757078,0.031266334020764605,0.8893888989314123,0.012589613466297733,0.8679022851303062,0.6532910193240578,0.23008393159861784,0.762453345301336,2
0.662561620510103,0.4948717387126783,0.6012638260688059,0.6832868503000253,0.05874392347618271,0.5107653986781272,0.7498086503952293,0.5363830550275959,0.550990877321181,0.07953583591083886,0
0.047694495833392726,0.8968927848851109,0.2954538681420574,0.9251977761173739,0.7545002751241621,0.11473160861998075,0.08791472873647987,0.7045848760024427,0.2328293657058813,0.9558068122486921,1
0.8410149090888337,0.7049458728088112,0.36755687064191844,0.38364245985758144,0.6788118834145225,0.3420521249698597,0.40207800153317375,-0.1287531093515402,0.884599474239135,0.0775766617515076,2
0.059336306997234065,0.14982544973526246,0.5227065215555619,0.494662284586553,0.8817332097563826,0.33707728999913206,0.510240390743632,0.7359380578697872,0.3989833316672116,0.15976133356936265,3
0.5740679783038394,0.8727869783001933,0.9215030177321194,0.4202480137238908,0.7538544370723248,0.7888068112286751,0.5793185885809753,0.3829675614629013,0.7253539534118042,0.49932358845040403,2
0.762495353810254,-0.017362173330667585,0.5601379412628799,0.379124598860616,0.6921665191299946,0.29017164059666545,0.5610936842545591,0.26587308513580715,0.6759300165311214,0.28848276407082674,2
0.7251498497306638,0.04661189781550702,0.7280042335388485,0.2435093919227981,0.1044350363696009,0.962703437966476,0.19012790618017542,0.48285886747529677,0.19881115605017585,0.8870195110412409,3
0.641740445131602,0.8172896468062675,0.17750949473610175,0.5364978467174464,-0.2135190701546349,0.4490061386510762,0.8691868752079257,0.7493212017384105,1.0803031886376644,0.22114710529784207,3
0.49880349529764506,0.5790212319406391,0.8293739277472976,-0.26147202811884973,0.7739319785298548,0.32209495918935255,0.41487416102766334,0.5009229675884493,0.27527839511319047,0.25351824406422135,1
0.4902375166187802,0.7036493466364342,0.20352914498296215,0.35127438485900486,0.5627976635254537,0.24221186102048625,1.098828686797828,0.2715066417108603,0.7392197519826701,0.4749734370883481,3
0.5871257050271549,0.24128554558882898,0.3341240608064277,0.05388767644744488,0.15048753678508534,0.12920514451353216,0.5106607526264438,0.06074478602619561,0.6893453446067737,0.3362447968702312,0
0.016015397036392764,0.7540860602310603,-0.18364167575919116,-0.6405842297962375,-0.044420979571843766,0.360751991409754,1.556194135362684,0.008810704112050205,1.8584881248591116,0.5534202822838055,3
0.44131599931504806,0.39106583091972585,-0.30412984431767043,0.4921763573779485,0.5258489101870066,0.27468412199605535,0.5364423464289602,0.619793059543802,0.0880385025983053,0.1117405978464926,0
0.6429414365584172,0.1698705884050653,0.8398577649700211,-0.02136069671562779,-0.21907416660276452,0.7319388678103602,0.18751260324749505,0.35957727843588244,0.8065721193946318,0.6357535387938509,1
0.1681480136704577,0.7317376299250049,0.6786107412371637,0.2790242649713406,0.003095837238582144,0.9152122209692037,0.41835821179137184,0.3833850055911652,0.4530642347866793,0.5717111954842602,3
0.8391511907346605,0.22223462435205718,0.9343942888133457,0.2158592295176343,0.4226810917927646,0.31974937720150065,0.3715875316174789,0.5561485031961438,0.4831834831630042,0.27040297806475966,1
0.8769355544958329,0.8578435541812514,0.688880634725537,0.7214291482281582,0.9106411791393624,0.2462295402359034,0.35352513926697754,0.7422445882893982,0.2599417515344229,0.6278246794004028,2
0.3192056313808882,1.1862638314006198,0.7690263056991269,0.5118249050744241,0.8176664963093399,0.06857665628554424,1.0719921920775912,0.431168446287789,0.7489085902026693,0.7496308940971876,1
0.4483514899550082,0.756475910925794,0.032222872894377357,0.28912173990520795,0.6108720804244703,0.1866233589520438,0.8212400371830032,0.3162760570168853,0.6317614326397875,0.5709195233195776,3
0.6066721127358552,0.5529179603775323,0.30289871998292456,0.283353374852882,0.824578918924052,0.34129805266519164,0.36722976887774217,0.07227697913731147,0.23506111506051874,0.20581481961712755,2
0.4999529263985853,0.8330253635659386,0.1205011828330452,0.86315727974763,1.0668678185645855,0.0850928538679625,-0.0465942376471884,0.05706739840221159,0.4437110429595226,0.2872500589193451,0
0.6309594650258886,0.5592725314138811,0.2924426107484984,0.5837330226784045,0.16478062707853794,-0.024304103911246044,0.5046772528612468,0.3514605598056477,0.2921859240389278,0.8247286484649351,1
0.9328696671637374,0.13023685780546754,0.8942669063219492,0.32593190568393093,0.4482164225787923,0.3799865973118102,0.4564983990387637,0.5533314112717436,0.4201819659396162,0.37902117086280257,1
0.5272458124678336,1.2190996003508916,1.076150211226154,0.5336512393382175,0.4443498927910221,0.6836480821195234,-0.07327400923525701,0.515820906918981,0.8557074211267102,-0.053833052397251696,3
0.33499300990359293,0.6216745370990652,1.0537254938295744,-0.08956762647505216,1.031061411727004,0.4297102834039434,0.9064630728861207,0.8064554291206731,0.09045705367368664,0.4311112707754148,1
1.0980550659620418,0.3408290802852937,0.7409257228809865,0.30355010166614504,-0.01926035975313317,0.9862747126858133,0.5866860842843129,-0.09038132020003399,0.6221001511514699,0.8847121002250458,1
0.9864002337386896,0.20732408591133988,0.727953162643669,0.7406069268599015,0.8863133775000713,0.8904637319057911,0.3791378945240404,0.7693144377409245,0.6736509117509115,0.38822141684712713,2
0.04766808666699804,0.9028341564968393,0.30777807321497685,0.8776354077350614,0.7566286570720374,0.07827124871386364,0.03309986670275615,0.7270223087742481,0.21714749185064391,0.9730837916807376,1
0.7891016408668388,-0.029089930154734808,0.6032952392971139,0.349417921873021,0.5260486900029278,0.4359360712670787,0.6768874465054355,0.29939443838357405,0.835334836783145,0.13512160587873376,2
-0.18314354827348367,0.464081158207448,0.5361619752038589,0.9776547175283201,-0.15177399559318072,1.3618084385870366,0.4403376082430896,0.5437647187771201,0.9228166441656316,0.45264972865616043,0
0.4788944557446436,0.9069158846783044,0.9233387041330968,0.4658591035324828,0.7317721745277572,0.8285172602589316,0.5400687683082376,0.37867906902849824,0.7827182918159513,0.5554330887798956,2
0.3061450927368002,0.7190551351141893,-0.009857011021299197,0.23330987376778695,0.6375548925561525,0.2887243260108852,0.7635523956698043,0.22105190395609495,0.6764859058505657,0.6550369376330595,3
0.44067119642410524,0.17637324660279013,1.2122001015506507,0.9883701821680049,-0.1163270034757148,0.3040016851878745,0.7455501380854757,0.2994042495290586,0.3954470862749825,0.8258836441431258,2
0.5077434166788821,0.5358180052482566,0.1877834615036153,0.7320873064105756,0.09718079025980837,0.3303588045571399,0.7509486739881936,0.33545495700053923,0.6755550752850272,0.20944414276012058,3
0.3119382008070765,0.8018425128094758,-0.05273500430866414,0.37819150781230926,0.6248167896161765,0.12882123318040445,0.8287752265872752,0.42759598260638365,0.686968390672859,0.627060935543544,3
0.28541311273079506,0.4600471670136722,0.478993411496015,0.24590817758345357,0.1599947072314932,0.2805110934050039,0.7286469858759171,0.6623192820856694,0.2951395166890781,0.0073040066306588325,3
0.4467645582010823,0.9401391646803845,0.30710053523805414,0.3529293552316355,0.3314075576430959,1.1343053918679338,-0.06462586678035975,0.4813775292347521,0.2616776104572264,-0.37988625952443117,3
0.24439731901622416,0.41380199731027373,0.41685314237988985,0.6508640851863612,0.12191682396948317,0.9958311169353109,0.8005692832114293,0.8607714509200006,0.846338474208705,0.4043196829160871,0
0.45123659114814985,0.767617735882368,0.020954690289442558,0.3540699451516473,0.6213732112994254,0.18901032413771648,0.9221710677876119,0.3542133033763911,0.6242825084753277,0.6211384285146064,3
0.807054556929604,0.3209492997631373,-0.28569108128331056,0.9137098625251739,0.030077029535843722,0.5228023585922112,0.31584286493273506,-0.29819461044852485,0.7378711203879971,0.3588845064231513,1
0.7494085204869756,0.04863351905474112,0.7309432912691028,0.21168634895047506,0.10837343366381945,0.9715313932407739,0.20827612604855528,0.5153645352303637,0.18991092130078224,0.8885793294992335,3
0.22221115473488876,0.709943380673707,0.7488483903800062,-0.04867334639864619,0.7323006500100376,0.445821401799806,0.7432807442918896,0.6712608503851297,0.12982606592603446,0.22528334793109844,1
0.45575491428839976,0.7861233550832323,0.9828581527744067,0.46024450196677236,0.6888270695337483,0.7198873725887108,0.5301177928194061,0.383782582922015,0.7546714710393191,0.3356101600969843,2
0.023272502892722244,0.6709030656912467,0.04297825572957455,0.23916968001740654,0.8315019843259244,0.36126880457321336,0.384643931373933,0.32280170035240974,0.20106183328841112,0.4164250746354831,0
1.0228787867058677,0.10189184900270189,0.5559509893017508,0.8113511398886629,0.7178923141972047,0.8397278445475995,0.17154716016583543,0.953056620502648,0.6439959140104831,0.21488503403722448,2
0.8593616236004334,-0.02768390282476088,0.22713299457191494,0.5116958135719822,0.2012537565561072,0.22616288166586346,0.01650073523207872,0.07027883135220427,0.2275187233502866,0.8310560775413094,3
-0.2079594404683373,0.7016033970324035,0.20824648019081687,0.922828221998347,0.1866571571747188,1.03104867605266,0.29763351271182886,1.0364063710551756,0.9475338194532424,0.8973186776144394,0
0.8633610246783799,0.40666829914804686,1.0548321624777248,0.29338160129831903,0.6824387880482868,0.6639234614454299,0.5040494009437516,0.6280161845459151,0.163766970618492,0.0744408200283353,1
0.8452376287853564,0.9550819137940794,0.9416858786013271,0.6614182346852635,0.04079943400208551,0.38805796941847165,-0.04100113535053873,0.7385429077283084,-0.09366394741858365,0.37096661570766437,0
0.7140379342374317,0.9370697335306895,0.6686192209519686,0.7041915116517025,0.8134700923018416,0.286940662680439,0.39840079908724974,0.706791382107588,0.25409233205769144,0.6137610264777038,2
0.7965866419397337,-0.004977214471286684,0.7135926931563363,-0.0006620692922910953,1.1748486638352127,0.3402559643740962,1.033543057936471,0.7572313273996121,0.428658180741002,-0.05907503212751486,3
1.043255590512988,0.4770365370757361,0.7657028965470994,0.3154059491756403,0.0703305164936241,0.8146434186467568,0.49179244774284253,-0.01897066770699422,0.6098398808515443,1.054852908894898,1
0.6620836195123824,0.48821373418335134,0.5956978301662053,0.6783947800524535,0.05959458457339921,0.5127440879274124,0.7384269646554271,0.5305252006828345,0.5558521609231468,0.07672986485678865,0
0.2659259271862853,0.858030257361924,0.6652694417168984,0.31520175657593164,0.09315492790197932,0.8455224229847583,0.5286184236467333,0.5034201714224371,0.3506024770647907,0.45938497688156316,3
0.43661664304278053,0.8094424046069137,0.028404559586693474,0.27424638831603004,0.6362738212652179,0.13737819476610427,0.9004191318633132,0.3558212367167569,0.6604551776805515,0.6686058695686214,3
0.9577209617052929,0.8179324992417263,0.7911605936824248,0.5911356155242502,0.09082182236364203,0.44259180171366175,0.06495028507476758,0.6879773999943093,0.006522381247178598,0.49490128757128937,0
0.9731243383506342,-0.014923804023585688,0.6638030463244421,0.014568602267576475,1.01894699326308,0.6249459311067495,0.5650140320071526,0.37711179420086205,1.0411962797239394,-0.17734009395658962,2
1.255509172814798,0.6938800323500471,0.37072192785350033,0.35244075303677475,0.42229540509866503,-0.0878981040935975,0.5093428130768687,-0.20955073354763137,0.6169576238164433,-0.08776156531547467,2
0.8615993731852555,0.3141622037058543,0.7093931332023053,0.0167628470121254,0.9084127270973114,0.0038562765534915534,0.8858499801766684,0.6597345654797188,0.2074883778474635,0.7762286812766046,2
0.34968375811477564,0.5129951935695607,0.8057284968706053,0.3044504349523741,0.7223010441351975,0.7441694430485977,0.7021051671244474,0.6735780120600422,0.694818501179431,0.16376121917915681,3
0.7009460933544381,0.9963712828357764,0.8075716570231535,0.6380622696524135,0.31097386040822705,0.8919322428649702,0.24312817505090428,0.17889188867299835,0.5471352424201289,0.10973668140673347,3
0.42469219384243895,-0.10028603844201736,1.4467444613752605,0.5582638277778321,-0.007882862289781079,0.7088413153488388,0.3204222386028974,0.5229102663737539,0.5593540402227617,0.2846292285308766,1
0.9199392339897069,0.9082647869941071,0.11428975574086125,0.7602645719869913,0.5532368216960729,0.3220058695540158,0.881502063336899,0.018789263210933216,0.29011407607244605,0.29409113512277146,2
0.9120553431575829,0.4190774093268303,0.4994711087190302,0.5989782723040096,0.6812672437436351,0.6986118649742395,0.4241719323428278,0.7187658031903815,0.9643710423787535,0.5604541042094623,2
1.1757335834434572,-0.07019071079846642,0.5300878243401723,1.1056326683456115,0.8361324472826654,0.5918343348656719,0.2951575337909638,1.0142183115051737,0.5937512422020206,0.4881963537061421,2
0.7220489597122788,0.23862114277729,0.9373389357228419,0.36004474107538137,0.6688490607549883,0.3465334696968045,0.3451999657820299,0.013184957733938928,0.5264077966729789,0.7711844906654732,3
0.8648829718377329,0.3123641289914891,0.7032642414172554,0.024124199509227333,0.8989733980472109,0.00553226737008238,0.8773072468244888,0.6490763990021667,0.22847900605674534,0.7459084362440048,2
0.4174240150914572,0.8345030525727156,0.03869781796622992,0.30091555964892946,0.6411957859656487,0.18856175567908545,0.9005318175626382,0.3621079459396953,0.6636040449584806,0.607235980849099,3
0.8748513307291262,0.3214995832689857,0.6763507860556636,0.0423602236945154,0.869148490607278,-0.004284015890430228,0.84554503782447,0.670846793585706,0.21528921612741694,0.777647997090828,2
0.9605572956232924,0.9550327366736883,0.14014633836321902,0.8035167995704054,0.5034404331153831,0.3757074646733567,0.9569625490269056,0.011163486826989342,0.32615218618219943,0.36186949568542354,2
0.09449616036053127,0.13777501729648378,0.5646475362088035,0.5321386489066084,0.8598516943075952,0.3602060421167158,0.5257395962424356,0.7269779399950161,0.36787212849222023,0.18420526742552945,3
-0.06873346346724155,0.6284482921108555,0.16270021787907765,0.30121614734198277,0.9698762007385391,0.41380641172796545,0.4543007372335409,0.497378121905524,0.14199872226885973,0.44819948594610903,0
0.7913535427597915,0.8146435594275069,0.8105673227253708,0.7482823643805696,0.8939662163268025,0.28711492792506665,0.3570102529140503,0.7835528567487187,0.28707610659858995,0.6221073809083794,2
-0.13143650379279445,0.2409226134765196,0.5741012513798202,0.22291508619615436,0.9116257456692309,0.5315480622780444,-0.026296054831757176,0.765315278339604,0.9848781474236693,0.8463759193169315,3
0.983241541237705,0.7902894796071769,0.8149449931023817,0.6256312381801448,0.08212603770244138,0.4846102984528189,0.10201334453339807,0.6998889885152465,0.026357194626110306,0.4620972689735731,0
0.4803645929446872,0.7817408808766102,0.8729191118458415,0.317137133012551,0.9251594143986817,0.865968753822917,0.3737270340240866,0.5161624696840835,0.5757461173395277,0.6267552428836483,2
1.3192627071589773,0.24687982168712946,0.7963757549248798,0.11125121141045052,0.0633238241318124,0.613593118786905,0.48328800809679634,-0.1539068109747199,0.9416602811888317,1.1343113593261982,1
0.36718091562584726,0.10361655046763757,0.43662721210044947,0.3412298377245344,0.4613202712707239,0.48966453638345336,1.1287076833840106,1.2017866012317047,0.44971319327658865,0.19130703085224188,2
-0.007820510492457439,0.9526959294156735,0.2517358665015188,0.7402406063070446,0.8278065257988124,0.1971806735917547,0.1985734903730181,0.5956583973413689,0.34008532340150643,1.043842205960348,1
0.24934115856856323,-0.19523445067413642,0.5184340281038995,0.7555689694367347,0.15368143165048023,0.4899639100024594,0.7248064062737929,1.0155867493777722,0.8494266154101794,0.443764650421197,2
0.8136691808451234,0.6294295053151745,0.8181484582525539,0.3548924523356695,0.6324491877578099,0.9598490723130161,0.33574593259529767,0.15741337722617224,0.2174063747518358,0.8542010017731009,2
1.0738839809239245,0.9609761899256558,-0.1899610494400336,1.2066636336410572,0.4975189469033106,0.5321409525717519,0.14419450349368163,0.6141454955206799,0.24066373845539907,0.4947213895443222,3
-0.023588598777515624,-0.5039667331460204,0.07441574564734149,0.07937057303247197,0.15368310225145576,0.14733083254315077,-0.5578013771952329,-0.022638120444384402,0.6210944109715973,0.39248852063686157,3
0.011780105078615506,0.6135778715465637,0.8125220949370108,0.228467834538793,0.7315941391397706,0.6802395169666441,0.529890165704676,0.0808966338896207,0.7786190159438218,0.01673545880814275,0
0.890729782118951,1.049317752552299,0.665886100199269,0.6531640872111849,0.7531259795805474,0.03840663766879185,0.36466816076375924,0.6235701279727439,0.278636840299566,0.762705414981235,2
0.9537240958962556,0.8063951223098935,0.19179983821195934,0.8316944843571153,0.6711742275849552,0.34383473847815466,0.9397916190026996,0.12680341885353735,0.32942417638854354,0.21126392441216635,2
0.7482903393574214,0.779037846464605,0.7462128410108152,0.7211711524223196,0.8092165217281312,0.366331421201771,0.3635950287874225,0.7339250957547144,0.2716058419658509,0.5839888873444934,2
0.6243204872356751,0.922025997853007,0.7297720933897542,0.7194781738788543,0.34728653201047927,1.0079960034940434,0.20664446475552603,0.12595838479991844,0.4885330447053397,0.1741561772526369,3
0.6947903573412414,0.02394739477519281,0.7672345167060495,0.528627093741062,0.3815572280290567,0.6722581693203308,0.9721617764410655,0.5735497946472453,0.1493488618594972,0.43452047144398465,2
0.9830372931763758,0.9845236632944988,0.650257928579269,0.023700273442292807,0.08122464104007657,0.2282510093136647,0.030314848876978294,0.741610114649325,0.99271505615668,0.6924309167534533,3
1.2146519004776717,0.3745407976146169,1.0943562510332447,0.37861618370062955,0.39002309679540653,0.13409680219994158,0.5907553903422272,0.28287911869913057,0.6345537826965931,0.5254710952865344,1
0.3668450980605558,0.2592124285855633,0.6434064910007236,0.4239962122548161,0.21288129661956548,0.337260015490603,0.7832082763466874,0.8454475930747973,0.09522570839048072,1.078426928085787,2
0.14237049726331014,0.18502539106424926,0.9851295515546781,0.27763054011265964,0.330763908099844,0.39637504024213793,-0.531510558901876,0.7987789359977123,1.207865853075039,0.3715513612131224,3
0.9183894717403632,0.7781958722615084,0.23705286422281777,0.7825716224427028,0.5178119958697972,0.35379394444710865,0.9579767804599527,0.06261024084771658,0.282610847590494,0.28459176518600116,2
0.2873687019758965,0.6680081053575189,0.8515342342199211,0.005665150988023504,0.8367195753079124,0.3911726185067585,0.7359878914302075,0.6237988263356351,0.07515453192431437,0.35961858730534585,1
-0.2881695361875949,0.4663481864670488,0.7678363442760963,1.1315434056547102,0.27068775337960993,0.6472746531626647,0.2075878665610239,0.4973809513479715,0.1729722525297179,1.1876528664306314,2
1.0298074162699824,0.14346345946993322,0.6611172290566785,0.8327764684206672,0.7777884574149704,0.7589148448403438,0.2767255856157648,0.8361868648304391,0.7047004090779917,0.15581287792256426,2
0.7660110810611325,0.6697737900117547,0.40667020714138474,0.6285800540847204,0.14339953603777722,0.18044353438884977,0.5247118580280931,0.060970296387888534,0.3481340321862447,0.847437141990069,1
0.1360740705309257,0.03198157341416505,-0.08830035427112506,0.6933978547548489,0.5170219274755643,0.25661421903134135,1.024148128890809,0.23679073434757658,-0.09659878108051012,0.6118809491932385,0
0.06487998834424172,0.16616304694374384,0.5221166995540277,0.4854762700639886,0.8654500021221966,0.32970998362633086,0.513772225097617,0.7539839942025203,0.3949467322856298,0.17582273609101123,3
1.0139626235641257,0.7590622631890567,0.7533080261370732,0.6081972984213925,0.07586668969504112,0.46647585875354464,0.09115649840115989,0.612772803889825,-0.03283861678690419,0.4690382417382891,0
0.8006455882681679,0.6009749729816085,0.7737979464898694,0.39911703275914145,0.6530700329215893,0.9573562987683595,0.31655271776626676,0.1822577948170909,0.19701999880041263,0.8443216799550781,2
0.408860937649659,0.7948962637506002,0.026030573682936153,0.3215708360937455,0.6593252923145831,0.16368751552444535,0.8621056060518735,0.3599172617555043,0.6514113164715007,0.6259877078847678,3
0.7505070371293788,0.06547052179972637,0.7713608772899623,0.21006001529919718,0.1161257122715047,0.9324961388746162,0.17350693145097057,0.511707944657567,0.18473475680297768,0.869541124748464,3
-0.5279017936426295,0.5581058149686235,-0.3596452456529458,-0.2772579444815245,1.202133448842653,-0.8069768892442708,-0.28556286433328304,1.2258204818943002,1.3812643862333833,0.7788865116222043,3
0.915261749083549,0.05351093261229452,0.23843384205611426,0.4407307344728055,0.2084786703614099,0.1565346062875811,0.05059969012947497,0.012628620698585672,0.2807702507613653,0.8405178084477599,3
0.2683329051333023,0.6966386890987029,-0.03316841237899543,0.42402892008838644,0.7193512902852086,0.18832421411309744,0.43761097755905487,0.5857408882930167,0.3558337350046673,0.3059984956370851,0
0.913509648859347,1.0521435038945952,0.6329323400940198,0.6461740122897132,0.6596839325792873,0.20289320751143414,0.3880840260765748,0.05916066692450559,0.9733281194700993,-0.06042293940951275,2
0.48198155522566977,0.18622282061789436,0.9887305804761373,0.4078792290254022,0.6778464983366124,0.27968331991669143,0.34355495332845587,0.42730478911127323,0.7624898925689432,0.569825861080124,3
0.5064558957112684,0.8232555220326998,0.8772579313654029,0.4811005477976912,0.7673235655767582,0.8219508048942347,0.5375122946948325,0.3594187958928609,0.7367720795463264,0.4632733556806592,2
0.6055409981490676,0.5544970049218026,0.30044230683076745,0.28576684691108933,0.8235766977826104,0.3412700757441867,0.36774100744144034,0.07154956713740479,0.23234902000458726,0.20371652263944443,2
0.9282705600767932,0.24759196597528021,0.5214811894941889,0.7926194682149444,0.6487795953468585,0.6515424068219688,0.08491068611490651,0.9482196383238353,0.6662295062611252,0.25490223253838323,2
0.6001984375343001,0.39363688030865057,0.8583449286949589,0.669489758004797,0.1692174262014745,0.17155492864659047,0.4446483584703934,0.5876009271313267,-0.16668796225517107,0.6542179267232466,1
0.8111517213467621,0.8378502901400398,0.7653700860732328,0.786243199145333,0.9222055955905594,0.26571827734496584,0.3769169298191428,0.7855589167202855,0.33789304285375515,0.6102207522290898,2
0.37929533123829406,0.29848284701421524,0.6395434496738741,0.9136287905669769,0.6762674894464225,1.0878633602908672,-0.35809429277217086,0.7501030010073506,0.44879550493066656,0.5913753710827852,2
0.9721692043742172,0.9996325406685911,0.6463262373156425,0.004152523396499557,0.0910973072812629,0.21074053419435343,0.02405804945479781,0.7508388031739348,0.9798195526707655,0.700417716855689,3
0.3341100984929982,0.10873905283611338,0.33244190924441924,0.7485124041430233,0.42017836836081773,0.3329629178976783,0.6055334411327459,0.5685965572988182,0.30474525589369644,0.6839552588820855,0
1.3851927799423944,0.7119121673604942,0.278210046316118,0.8914990696432044,0.12989050157089752,-0.2284098276989296,0.36048757398908915,0.010593864687447607,0.9342382547974699,0.5488560602007736,1
0.9191356431555796,0.17018507211153328,0.9397864816450034,0.2934825390581218,0.430989417279505,0.3809260129537581,0.4597399168971108,0.5491138865288346,0.49119779141912046,0.41833311367321774,1
0.4842156306400751,0.1721018564861005,0.25455338774921976,0.655295855006109,0.6435574917677588,0.41979249845316496,0.5778567760451863,0.1948908856262259,0.10198094170179632,0.7169410901825469,0
0.15904616682138453,1.0895863183004602,0.2525776965016914,0.7687121025512098,1.149151753013677,0.25433815526924497,0.21183043713124022,0.8951628741584735,0.2691792699040331,0.8309761627428593,1
0.6900839270649202,0.041816454543124965,0.07138653602804206,0.8763975956212736,0.9726602927362938,0.08407307454051556,0.03491513285421583,0.6121253196560016,0.6619180677964842,0.4649961750925057,3
0.6115132581084498,0.5917323014235131,0.3912689796341382,0.8494543707672257,0.2598975097406233,0.3856262453266264,0.6791143409557472,0.24343810140976607,0.5065233804516917,0.3527511359188983,3
0.6913485275540392,0.13525881677965362,0.8374964999612652,0.0776107191698503,0.11825787797146455,0.80160992453962,0.05902943911967265,0.5130235610086473,0.3162792004831446,0.7635442318650758,3
0.012381366337008771,0.6125552626654917,0.8129623061099287,0.22696795004418555,0.7279679024249965,0.6770342632958891,0.5292872078963957,0.0799848382245565,0.7799253599820357,0.020290540598292186,0
0.7250797819750122,0.02608342133658824,0.7820579116297037,0.20865557885001845,0.06061868747162019,0.9480536390469397,0.23146322593301405,0.5132943902038654,0.21216788024123662,0.8983413081246379,3
-0.009580939461613286,0.7327558429374217,0.4697339195149649,0.8587735011563621,0.8626361385031958,0.1731811171933334,0.00541531681409127,0.5899295874581195,0.272949894368903,0.918067685743074,1
0.708825714013346,0.2884670327330565,0.8811514520772927,0.40406998919903303,0.663260758030466,0.33584896814480236,0.31204607814890606,0.013166045480652738,0.5405050387254694,0.7507286978827925,3
0.8261776525505573,-0.04621394777599215,0.6051765023335229,-0.04151099723410945,0.6210826587013809,0.23444324428604357,0.6327000787898326,0.11499473832813079,0.6115349815679362,0.4696800817593541,2
0.6482543292392586,0.021587982227570413,0.49450555320721945,0.09159154298206944,0.7531419177528026,0.27820823743096496,0.6508902163357461,0.19476294016653872,0.5555076289845731,0.3513166332915237,2
1.0059239433992604,0.156780361966266,0.9750505620933166,0.3581980190396117,0.40580789744081497,0.42996060813145565,0.386461386769203,0.5630376493196583,0.48333904420184154,0.30708184798779303,1
1.0359782613318032,0.9403752153570135,0.6627524022333348,0.030519214712000996,0.11849829697019028,0.19462104418684803,-0.032318877997223425,0.7088973246990501,0.9884881960790597,0.718205295701795,3
0.08750084063772563,0.6817493316793544,0.34489485011322035,0.23254191637777874,1.1397412483649956,0.6392120427236082,0.08665746286912673,0.16189058360800673,0.4101706538722351,0.11670061078284577,0
-0.06865812323826279,0.6189432487334745,0.10063582620630981,0.40438860507736,0.9887842990536586,0.5456471687173591,0.3732693755455943,0.29186410845270994,0.3259979008157254,0.5424667997217582,0
1.023831796212316,-0.15743552728239693,0.1288651085407886,0.49257114956593845,0.2797666570158044,-0.012151830402820585,0.2069194463844845,0.04255072243534574,0.042980991897060866,0.7591975523563332,3
-0.22308509721855813,0.5012533702233284,0.6607208811894446,0.7619577357114136,0.5190848079954467,0.7595579675197554,0.24549426898036544,0.6835181045857079,0.4637769005185959,0.8642204288489852,0
0.21077213098793254,0.4823074943046224,0.8964604893413092,0.7984373583233596,-0.08481546745305132,0.07801039627424164,0.8048367687179685,0.6413806993350379,0.2816218110203489,0.7021622391253555,2
0.3526651722600156,0.5194896113704196,0.35199851687949824,0.2758877096544115,0.0069630903504755565,0.5097806512206615,0.20375511280919698,0.9581911509981842,0.08921156651167109,0.3279350845947201,2
0.38952056497244647,0.08659002117638975,0.626905260206646,0.46182664172706706,0.15298323131764724,-0.058335604145483444,0.7118772761569411,0.5511224893954609,0.04286602292033048,0.9401914341093596,2
0.9697445355864116,0.8321854207724192,0.8828715706324028,0.6333594028498467,0.0438610434837681,0.4885868567493676,0.04699895609485559,0.7453539749001935,0.008250520540923095,0.4279732072762844,0
0.5674282622863027,1.1939611363312999,0.03853724507486875,0.1824936868532464,0.6251288451765817,0.5585599432979622,0.05350773120286889,-0.432431028253753,0.5988538047131153,0.6477050603962696,3
0.21992596348381072,0.6356314105824102,0.814934739895948,0.008184347222322051,0.8245574203258939,0.3763926965617544,0.6864531551912523,0.5840957688689147,0.10936678734514658,0.31286293425701966,1
0.9719596252926574,1.0086904837058592,0.6457217816744651,0.010426255941941472,0.09048461487558851,0.21245040866242526,0.037404938534552096,0.753441704706799,0.9734541011809521,0.7035213024686302,3
0.7951440988946372,1.0846729817059368,0.4071569533476647,0.08685482037379522,0.5917599791906155,0.936920813288055,0.369185825477342,0.252328812597173,0.6702366230203636,0.34970717003114044,3
0.016454048730467793,0.6120879932079974,0.8161124618568752,0.22989562229420968,0.7304341278055709,0.6782385763138106,0.5276823124510497,0.08295738151826067,0.7774873194829863,0.016927841145057465,0
0.885899103551345,0.918916850196536,0.10660670806422866,0.7393001313729484,0.5741815836981448,0.3202234868460656,0.8556825735288598,-0.0011045436757416115,0.3225883735404786,0.27872361865495043,2
1.0968960283687499,0.5240253285799142,0.14299546691067988,0.41070841602395974,0.05544959453677857,-0.12274504018956311,1.1300902923490068,0.21889704496325546,0.028796986787333945,0.25954132883729053,1
0.8061792136480713,0.5741419079097969,0.7658130235491865,0.3849233484051001,0.623383781708647,0.9502217748343947,0.3015956190722465,0.17076197759884384,0.1805338786632393,0.8571371759165018,2
0.5837123760210097,0.4239148882859518,0.4921131573266834,1.0568385213940055,0.6543596935907032,1.2099639457940565,0.1380820540432859,0.9800616520445542,0.2620319231141716,0.6392250570203613,2
0.7957301494986211,0.02608318536468167,0.9423040300136722,0.2724618662567468,0.4274853612361447,0.3112277189971807,0.46666506414022935,0.6327417613585419,0.2747053105426195,0.38640835733243384,1
0.7711556894146914,1.431250946785774,0.6136431956122317,0.7743736753189363,0.3839388888764064,0.5418534506971528,0.598196476490548,0.08747246271167555,1.236993752046527,-0.13121917303886027,2
0.9869499037457281,1.0008697124061732,0.6555189072291203,0.01807831302940322,0.08281536261715515,0.21439438964805982,0.034945790963804554,0.7500378715627545,0.9952482005399824,0.6827100118616213,3
0.8856356931751366,0.7974681049774367,0.7727521240729343,0.8169241202137032,0.9817621914375718,0.202565898669946,0.3831828880528806,0.8396986485215738,0.2516499389075035,0.6207401806261506,2
0.5677993575241694,0.45844839707820106,0.22527773044593938,0.7720909328131244,0.1478470045143127,0.17251632133822223,0.7178526789076215,0.27588324590187047,0.7345815559817209,0.3533471832765094,3
0.8284200392080848,0.2995334537053117,0.5064638644436071,1.0817995714493562,0.6780394572994091,0.8371704108033973,0.2643488247542038,0.8092067713910299,0.8243754226810697,0.13427877170534264,2
0.8129509765695703,0.8426661514665522,0.7808703986402156,0.8070706781957128,0.9289585858896003,0.27896910334183334,0.34793020522417295,0.7896551989028316,0.311228151706785,0.6015162016999173,2
0.6646798151641206,0.23770659349288287,0.9451873506871518,0.3313796739963886,0.6804508030761494,0.41641934743372394,0.342997167251087,0.009580307323128957,0.5641096244911837,0.8193833195992963,3
0.9683388673616108,0.19510826532047248,1.0056733495809143,0.21898728181572222,0.5090848344614177,0.3380350132067408,0.4344896693194851,0.49558392878897695,0.35986421279290476,0.32924164359439934,1
0.9530399728771004,0.8879480345205643,0.7965128087586775,0.9102472291263297,0.8777179641078608,0.09590290419707997,0.6247096393947187,0.2781594416552509,1.0161340956595861,-0.2598386677165401,2
1.1540569562486467,0.28838886238940764,0.4916066887704947,0.7013737298895101,0.4901187179964739,0.6680303192539885,0.4088842112423621,0.9085203761237052,0.5041745451205633,0.3815526618654975,2
0.05810911501847337,0.6682150687904402,0.036716895537114075,0.25231514521580617,0.8391194311660751,0.40534492990931204,0.35555333702729824,0.3627112112902261,0.15313877407485363,0.4098273038885241,0
0.7688297645889388,0.24311253547460634,0.05686505019176835,0.426359286351347,0.35178883756709617,0.49815402321747887,0.6518410634047118,0.3388796322605539,0.26357007737958726,0.19279999998897265,0
0.4844142256267371,0.6581730307957343,0.2928125789198781,0.776689614497692,-0.19025539451217893,0.37294994206781673,0.8721114877326053,0.6086568763043988,0.5253289369574512,0.12617187119022072,3
0.011362524244161199,0.6128122229142052,0.8130575559936967,0.22691450253297127,0.7294163294731587,0.6791797597901387,0.5298290122803511,0.08331360450527743,0.7781546712328936,0.019877711982714687,0
0.7813063465669202,0.05667824690072796,0.7860219446965909,0.22450769862387868,0.007352682726504203,0.9851306077617451,0.15365950965759545,0.4904574380162734,0.11337649110382807,0.931974836390604,3
0.8715208336380746,0.2449657225531802,0.8271918464021334,0.05267259800247831,0.9697803574527247,0.0702607776485432,0.8594737889000499,0.6842615202378408,0.2817215130076666,0.8217808077591692,2
0.8323104774951182,0.8051558605683085,0.747175501457958,0.8095672821603299,0.9281851496013013,0.24341590543973735,0.37852987428018203,0.7916544269694538,0.29863762850258524,0.6043232951330486,2
-0.025209811557000722,0.16479749623552542,0.3159203467365491,0.28760034413691205,0.12314297233101157,0.5409398251490086,0.8714939370193643,0.8796038228085479,0.7832276049215365,0.3974209324617186,2
0.7809151113016278,0.5414980668497091,1.0116416067732323,0.8931056864798705,1.033831558107364,0.12766875767405592,0.9897172294974049,0.5934689329995719,0.5271595879197927,0.3053845075163471,1
0.37458490249104204,0.8274498687228279,0.05159167026444478,0.3674579679956674,0.6594202671980228,0.13949436310730592,0.9053835836928208,0.3804283974379599,0.744042405725443,0.6146975450969127,3
0.7569066774869926,0.2243603731570163,0.8142939194626396,1.188332872437437,0.5260606487337032,0.6677065334108299,0.38426298384830904,0.8602697025000516,0.8955172922544523,0.4083269197479647,2
0.09180567325854254,0.08263065895639679,0.5161787803519704,0.48845997165186517,0.3314059011598482,0.4970156933686812,1.0101914350656604,0.8534158337453556,0.6972542491273948,0.39333980368019783,2
0.7814407474039632,0.18209687621655907,0.7337176543007021,0.137557340216032,-0.04363558310962143,1.2889789051170784,-0.06374061418636617,0.6016344302719444,0.08408157788197923,0.9106173277617424,3
0.426646605548329,0.8336871735890202,1.4755705164689557,0.4437335118891008,0.33353498692839456,0.796821773492668,0.4817392840782343,0.19493049443066673,0.1953055804641823,0.4034417814114792,1
0.6037315711606059,0.5569106447721719,0.3010399229008808,0.282803150515893,0.821762161892389,0.34469523317211126,0.36364227692553147,0.071692871696551,0.232480670902805,0.20210913072089343,2
0.7967350468393093,0.5870702417523109,0.765155712356975,0.3623039953215395,0.6294982975424832,0.935428689775486,0.2921766126003135,0.14537162035952705,0.1930780126990875,0.845160323677663,2
0.8214911178160105,0.7213000095200217,0.7190129628995012,0.08543838269773904,-0.1402668402154963,0.8668756326360596,0.5166681502163892,0.4283927192451226,0.47674218946287233,0.24927246736786168,1
-0.02227310242194873,0.10001777432138599,0.36489523793179446,0.3990156844455751,0.34732145428832467,0.4289226319195118,1.1234322102252576,0.8256202871479262,0.5923858476992252,0.3882808132122517,2
1.0711129572989533,0.6262181135840891,0.679168725048184,0.2038169470675089,-0.06517199400580526,0.8650335974199402,0.41229777326432004,0.09318956480124617,0.6994621704070058,1.1392185955228236,1
0.6503805811453482,0.5232052837808784,0.6230134872515217,0.6984569259552029,0.038237305487205234,0.4867834785131019,0.7257960459094023,0.5601890617146863,0.5340732224029049,0.08110692712735158,0
0.014802253283309516,0.15231255855644632,0.45189481627708183,0.46821882633727696,0.8995306965752258,0.34634735143256834,0.44976301074997077,0.700603139068426,0.36086305117380135,0.1382263066913381,3
0.42823823634897434,0.624208717275981,0.7560605997189481,0.5061451993052719,0.8101978741766993,0.5054443633357738,0.8864111319932164,0.2971725890689078,0.017837268638183613,0.8972050249553855,1
0.817936164206049,0.5691937751525372,0.8032026413416306,0.40025206318973283,0.6594186204192494,0.9129817376809519,0.2716970092985618,0.1539054381322354,0.1942396483353016,0.8512607154742199,2
0.03433095999867557,0.6448074686887869,0.08141347260197407,0.2791085151071751,0.8362819352592606,0.35692743855412645,0.3871311743654438,0.35967871458121436,0.164030331271886,0.4108453875121838,0
0.12674116706042368,0.9854114090530376,0.6914633238730563,0.5972394616171972,0.8479751525957098,0.1732491124479656,0.942341045940857,0.35456856380771995,0.6891475147552797,0.7462497331925635,1
0.1975013188375249,0.6339230093566739,0.7829452308916711,0.03492373003583912,0.8446789155433206,0.3521315304079254,0.6722192568024171,0.5552695722992973,0.0991393666179156,0.29774320000191296,1
-0.02496986823303854,0.8683083552643381,0.2768983010783499,0.8521041680350192,0.8679489880166256,0.04064871882201569,0.0009325698260652451,0.7799593394135669,0.09963662627848911,1.0576450776196933,1
-0.12639936271454996,0.3311078736025703,0.45743076552048145,0.3003432294737859,0.6777361162071062,0.0006707145973281525,1.0467434196240302,0.5610560573816185,0.3560024233957747,0.543600989950974,3
0.8623407036053082,0.7194829214341774,0.4371900376240379,0.7271367404860574,0.07105778134128894,-0.0010202749309922918,0.5613017902626098,0.263162305550899,0.3758791967238941,0.791585921767198,1
0.3605373353989452,0.6941386548742252,1.059641778100595,1.1398630871674484,-0.16366668114941207,-0.16393493889528288,0.6807450064967524,0.3608571583549913,0.6543456933741937,1.2001915095479379,2
0.08143697632862597,0.3379856322699393,0.37805271875787894,0.9931999830068936,0.47572085996861146,0.753021083189477,0.4421453362138397,0.7142112188786731,0.5728761550720612,0.6216425058758932,0
0.7910599911962457,0.1741960460172917,0.27908982154111023,0.26468204483883184,0.8089893986147312,0.9020496222966157,0.7132278952118964,0.5164294657947361,0.7615230554069023,0.0610939918852078,2
0.17203697913986818,1.050613421330179,0.41438966379062225,0.44369103593728376,1.343499065140451,0.45504074392380994,0.010216374361360081,0.7213377575537392,0.5252930069826789,0.06540086119703697,0
0.7427269617211063,0.5257522257219377,0.7318016428836122,0.6758331102229967,0.826946620138909,0.17969716303368996,0.8490061320453692,0.3030141489165244,0.351727360344225,0.17024701107390972,1
0.7630055026721501,0.5679049067366619,0.7157495950143742,0.4173668937605468,0.6992725234134785,0.9368625868088003,0.2701629274357757,0.17424686555791624,0.23858079470583124,0.8237844844114064,2
1.0425756219017317,-0.05749639923368194,0.3289405428857714,0.7296697684722487,0.7585693728586035,0.947362861480899,0.082480536199111,0.9877934204004231,0.4893153211251028,0.2096647661853825,2
0.9071191510551966,0.9296417742474944,0.10354044098131056,0.8190484280311862,0.5519454916006783,0.30711597003188207,0.9627920082715358,0.026781760329644945,0.33091595168919297,0.2628514908926626,2
0.9552169391788221,0.018801971721906452,-0.06683172100936041,0.5810701419373349,0.2950826763391388,0.10268375316618605,1.3040116976124547,0.8196740827291119,0.832562692337893,0.23818731309956148,3
0.6072564987387736,0.5548364443452459,0.2973176200840884,0.28596124795576877,0.8230265247344088,0.34430635996009384,0.3671027416383234,0.07048945787533681,0.23775096280381616,0.2053180270349094,2
0.6645248203066985,0.28223495771583,0.8728827894077046,0.38535317157120746,0.6663977524749533,0.419801266029952,0.3733156883520106,0.030093043648715706,0.5251710669330877,0.8325090189488115,3
0.8217603728487504,0.596286483480942,0.781885277083443,0.3631584591203994,0.6566199897529869,0.9448975148416354,0.3051853557339307,0.1586667295715423,0.18237137273443965,0.8563345053331258,2
0.5547586905042463,0.18214422566232244,1.0289608565401105,0.3563903050927407,0.738685155736794,0.20137533148836378,0.3491124805048942,0.3125022792317317,0.7082914561526507,0.6709362165392792,3
0.81497194771099,0.13677610000017335,1.0889663596132952,0.39771965321923375,0.291465863466691,0.24003143517088457,0.4350852389740185,0.6828412246491969,0.6288328679152873,0.4892681004876975,1
0.6337087457496999,-0.010193763590896882,0.6729139665517108,0.04726166977628911,0.7049694219616592,0.17494136165594898,0.7088733825194948,0.11744037072955728,0.7013423070311883,0.18055091910692184,2
-0.19927938340891393,0.8916209074620103,-0.01610621005982016,1.0401555812647776,0.7812121394720232,-0.03336099458651974,0.25744640892472376,0.7903863331834722,0.17468314536735788,0.7211454330225848,1
-0.12627456025236583,1.0168424578432844,0.9458268894293872,0.4857901022277664,-0.019135170285335346,0.2208348534691008,0.8920102090822004,1.3165530312717197,1.0079632342483014,0.643600633893914,2
0.5050192368796098,0.3768091717122415,0.3924876982693535,0.7711294573877419,0.4091935605865107,0.7792536400591458,0.7117076238882885,0.5493374078122497,0.5402109720616328,0.5769905506198505,2
0.011881245925004483,0.6138809806343107,0.8130282902498276,0.22579816933757166,0.7284573674657349,0.6809792882599349,0.5323363297518274,0.08088696034313488,0.7773092951571768,0.01792339837338303,0
0.6547516958898719,0.2345418175802484,0.929786206230225,0.3201825825631121,0.7459435205947957,0.31854949787945397,0.3338152125365112,0.027993311051722772,0.5073594156405103,0.8317542696583742,3
0.8977502296517401,0.16984847287663296,0.8930278157652313,0.2685256655963175,0.3548347865047259,0.44164671267889977,0.42856397745552954,0.5608516332492267,0.37160612523358605,0.4211322182528355,1
0.3849659112252737,0.39899040180929257,0.4324189804797402,0.6694132395135208,0.34508150813915056,0.7778211205742572,0.8781532448928793,0.550902571546499,0.4413173686281468,0.8503055417995037,2
0.9841730899132037,1.0307974230613957,0.6272553028750708,0.012826634263571366,0.07143607136615909,0.21061203196611306,0.05838619602455379,0.7850539021408003,1.0012989755749233,0.6899254970958457,3
0.013890741076909704,0.6156320681487835,0.8161573104636977,0.22955790783844726,0.7310681931394933,0.678697097099943,0.5326882648163831,0.0792937259999494,0.7756660565418086,0.020907530315005803,0
0.8620623849266091,1.4341549378555685,0.9734477284378183,0.6587460089359097,0.4137104914342626,0.8921609833571192,0.2633154802054176,0.6500341614928975,0.4500147162584506,-0.27657872906589875,3
0.7115480928811484,0.11458321457122997,0.7341356059389907,0.24583167494966018,0.13705568813244673,1.0217408637349432,0.17387188200064033,0.5062354066498195,0.2464874708762283,0.8034378965353899,3
1.6124136091987307,0.4862559347501331,-0.017107005350844195,1.5408824414006612,0.21601382255188561,0.8569646869817639,0.9098131825460727,0.3442537529645623,0.9792507460951015,0.439976369619534,2
0.4092403229581764,0.8108742198122603,0.06157935288592932,0.2947055110762303,0.6546750087069314,0.131594334629658,0.893862988579388,0.3705011455691663,0.6724041597638905,0.5904119496635069,3
0.4573702718983545,-0.14153644217538272,-0.19940972653446853,1.3646593544326682,-0.28439063047252355,-0.1807465914670482,1.6880783699850042,-0.04442911829979723,1.3740447244246008,0.37256950929043425,2
1.0444377475108477,0.10414752674217072,0.8441999362335448,0.3868516598496833,0.4649866472756447,0.3202903588959668,0.556528966162228,0.4611937422353519,0.6486864242509623,0.34004316736149753,1
0.39756792994214246,0.5870062925203965,0.16259650270736886,0.6993508973225513,0.20867689909074177,0.41656277085688415,0.7168086160063835,0.4677333168635993,0.7108287791162671,0.2970698897502451,3
0.6045000615204029,0.156158592285496,0.39716964586980796,-0.035882946989799075,0.23812883348045266,0.1780108294593184,0.5685893037129134,0.006001563867415087,0.6520108555157182,0.30915202029409217,0
0.2629319035215055,0.4043876571498859,0.9265332569665824,0.7222784767645772,0.013250446807938071,0.1864699587065293,0.7963713505929186,0.6020191222047915,0.39759842501314135,0.8181971572190044,2
0.7956548333899164,0.7806031823092411,0.6994382625976941,0.7750744948053105,0.9500785487317355,0.19924555706468255,0.3338191907490917,0.7446176917543021,0.2671573819189158,0.5599445346403551,2
0.8677992843895187,0.06121930311789313,0.971215885396033,0.3342252886120226,0.44578417705577966,0.36276176092448803,0.5008584371021687,0.6397494359332221,0.3770594049415734,0.4449095245691679,1
0.3496438088678792,0.29204280046983333,0.06805579714001447,0.15947544950017745,0.3330641624282171,-0.15997813321634152,0.6383478813904417,0.18722899876666618,0.7701849697395122,0.4163205627815239,0
0.4625695410937348,0.8558821642208176,0.8843301770199011,0.5247350866796846,0.7356896018438451,0.8585281888240222,0.529729261577637,0.37333530051751407,0.7732945699297709,0.44694616481425287,2
-0.2522632333361761,0.613880383443804,-0.00036379727474838974,0.849397543549667,0.11841686545899793,0.44618979405917203,0.776365708229212,0.39621681153572047,0.5541446961835289,0.5184096032905632,0
0.12032823425119024,0.39462569043443835,0.9565964984662505,0.938306799723654,0.01675081311078411,0.36820828246588155,0.6413968367974443,0.4761575566622268,0.20150609385659277,0.7629591485445699,2
1.1578835255236835,0.5191072394710843,0.8430233452144299,0.44062208520462415,0.09006722553897092,0.7902310039998992,0.5684127006248778,0.14601014422313238,0.5555234920354382,0.9432828150961019,1
0.05261465525826217,0.15229392813448764,0.5182908846341319,0.4763623646813559,0.8981327399330938,0.37472989656539524,0.5596588235426162,0.7670435288468219,0.38392851030567526,0.16572715113169015,3
0.8018812674015051,0.5840430874503056,0.7777274854992884,0.3769729623198174,0.6405897893215581,0.9333696929828735,0.29089258759387615,0.15664485901756947,0.19696446594058334,0.8584960532195268,2
0.20717393649588461,0.8308437073375037,0.5524119043319234,0.3560477091045842,0.15818248737332977,0.7064059022348408,0.6172044660814351,0.5096665445271106,0.5093214870850545,0.4849416531749611,3
0.011894014565684227,0.6136161587505079,0.8140424262192087,0.22632655447744635,0.7305211844243189,0.6784984486377155,0.5309060144035479,0.08269491771220813,0.7780181896497451,0.018737901255113425,0
0.010541637423716577,0.612097750259737,0.8130247730634561,0.22299349743707383,0.7267177411361371,0.6803820070506369,0.5273129902595156,0.08509217195615669,0.7751037123949497,0.022705858641669012,0
0.6635954914414022,0.502081077235673,0.6017435364370268,0.6791462600436051,0.05750842320916477,0.5177896082067507,0.7462362501595451,0.5386761051637542,0.553423147043187,0.08488126246412639,0
0.6891174123707808,-0.11066895802547261,0.15314128714730926,0.7332844860377125,0.8441162116828822,0.3292541670960546,0.07157950879441133,0.68901685464046,0.49145150323908304,0.5529979682522221,3
0.8906386946531966,0.8314838073303707,0.8249369368537584,0.8053726206946431,0.9452260335443514,0.24763489606899303,0.22735806070060285,0.7343788365413974,0.40083838107445546,0.7139273717421006,2
1.6922221334643692,0.34266897424259424,0.32246681125592047,0.46166202647424937,0.4044216231706479,-0.3364124980906087,0.7227613707211553,0.5334411164449524,0.590264779446423,0.9746236010675822,1
0.844188137061789,0.8072384805687627,0.8182888632625329,0.8138170580623211,0.8531894912751892,0.2042840762358734,0.3345940700319449,0.7575106523372016,0.24908345990002315,0.578948980949329,2
0.49585364817665273,0.22265908406051854,0.15477398513286694,0.3564794525527596,0.5696381446251676,0.33747749691856815,0.4352961442946129,0.1365005439056033,0.6671751102409584,0.9757724995569258,1
0.7879833485614047,0.5729780946171077,0.7743322206173359,0.3624807519474333,0.636385575425047,0.9236940102049268,0.26794896298354914,0.1694386952761724,0.20141256334788302,0.8746235716798034,2
1.1835477846766622,1.2910796681584888,0.4626821369083,0.46746778139802564,0.5081295929719347,0.6598267535237009,0.12921445809718124,0.10467633922406443,0.9502867184184967,0.3547689453437681,3
0.09060459837622822,0.8813201933787982,0.2419370633852572,0.8446625657900149,0.7232440345206979,0.1073589152154568,0.05501239461675654,0.7387549173947072,0.16484937024161686,0.9643776584096715,1
0.7163735031547818,0.5759211413301205,0.4184308051945303,0.966253208717337,1.4243163658248277,-0.2337732876837778,0.2595485466757582,0.1222957547540855,0.47461717205092757,0.3834688657512563,3
0.57688904588896,0.13512162679907835,0.6419766203337657,0.14058604069854563,0.779635759263139,0.2958645981888942,0.42209164890232376,0.27385843316861236,0.6799969732444991,0.33122952129016514,2
0.6074047044571482,0.5548417073819788,0.29882452728675357,0.28332759058281215,0.8253480042497918,0.34233394507578585,0.3647645457741887,0.07206315157055056,0.23027063565190448,0.20443302351544054,2
0.7215076693475215,0.9934355025342537,0.8123953842614274,0.6500830299798676,0.31269755401478566,0.8789897337586697,0.23192545080681734,0.20022490835539747,0.5693311014493664,0.08967703565522378,3
0.8013880051971342,0.5808727994613758,0.7775941544355333,0.37815529111602164,0.6402522993548714,0.9367859619639876,0.2939434834774937,0.15757956944863044,0.19822200002024093,0.8626842417403741,2
0.9260000158094127,0.20689810592058,0.17742783474238716,0.6495453555319839,0.054664315904325106,0.1776088996729142,-0.0015733380838358069,0.05783991905277954,0.44069497738476004,0.816932634465402,3
0.2117031124156783,0.1261094909918781,0.626036121596557,0.6490862190431091,0.5371137553868514,0.48631577977375345,0.9569351753239206,1.0350254027945045,0.6786481498770228,0.4455669409870644,2
-0.026666811140327706,0.5984094115068541,0.08963374456139028,0.18663323450183084,0.9301653496201591,0.4573072303033298,0.26785034544506586,0.368166559580824,0.15209036758757832,0.3646144772637563,0
0.7908481547196731,0.5743645376024441,0.7766026392647549,0.38169371192265683,0.6309498768821037,0.9207490117815721,0.30316191794986985,0.15363432004779845,0.1924985146907215,0.856078310374962,2
0.22126776849668245,-0.0865715685841098,0.25239704697786924,-0.2599155628986852,0.15654723276901691,0.21225521788463858,0.19235130813572193,0.09003617179527375,0.22025536366098192,-0.034432674123255735,0
0.9138142289193412,1.171848014939253,0.5582317512106283,0.7692047744125426,0.7927293610843912,0.40643245831364866,0.4654702065293091,0.1792788269113143,0.9530023491133162,-0.15642279070626702,2
0.4013265882389897,-0.04326903411286859,0.42252375623761834,0.805790644547433,0.5217973599241387,0.8300474061193486,0.13291696785258383,0.31800030889259234,0.8602734756659556,0.7377689468642772,0
-0.26447446506101024,1.0333543991105736,-0.07986222062000803,0.36191977704308204,-0.11356168711369863,-0.4560650403275976,0.8676609189087248,1.3336040606083226,0.5806364989115285,0.1948964510334621,3
0.05599056093956868,0.15365684398197757,0.525219628798002,0.4965719685443642,0.8780989462118307,0.33756266162545095,0.5110446821489032,0.7383143530209333,0.40089226568570147,0.15761875726088376,3
0.2112925834189226,0.7391374665806476,0.8713020797798747,0.017370923537561932,0.8110874059809001,0.3079611809144578,0.6461591774756916,0.49326154231124575,0.15849590251803325,0.29408024427356355,1
0.5116433896569895,0.45803638703913985,0.5763170731464036,0.21796310595266485,0.31471539298042317,0.2808211226639968,0.47707913523335593,-0.015520890196520507,0.8053598195450531,0.27006586341624617,0
-0.25276708138562975,-0.8157409447701316,1.327823503953606,0.5998978821398062,0.38529998349423544,0.9776663699413286,1.3399608963920269,1.4946294968240044,1.2608813377596744,0.6906750621359987,2
0.43705068917711704,0.8170933931603683,0.10341290186943206,0.3064012681217889,0.6763332909623461,0.2102187227118467,0.8645821348942326,0.38843906037562115,0.6764321127054452,0.6574036352676642,3
0.9146627302419618,0.4825853828010484,0.420252478706276,0.9048407569085053,0.01756867850532781,0.12666779189354976,0.65111303962413,0.044237778822627694,0.4541678448332228,0.5647821574721578,1
0.617671349548983,0.5539938583446552,0.2934181837014114,0.28202916985953885,0.8137692778802145,0.35432000706765104,0.3755860826320639,0.05851262217653962,0.23024606821971025,0.20682563293360573,2
0.6236006957218582,0.04971814948386649,0.6136809240420752,0.1684967679127868,0.7045737814368722,0.34696941976274454,0.4985912180900496,0.19836250601520083,0.5840891914024695,0.3008160955752131,2
-0.008400183462799256,0.2882400390888721,0.5641278925988988,0.8607957397163859,0.23817892747101424,0.5988026473443833,0.5734833760484044,0.44944001775148346,0.29179436338947545,0.8620882460401059,2
0.6860278492302969,0.45422774182536513,0.6249379310855926,0.7146293710114289,-0.1588673234330342,0.3023495293190932,0.07689816322072274,1.0951951418159231,0.3227542494853506,0.26411571055828886,1
0.8108906757137986,0.7937771195143644,0.759092600715952,0.7679683039564392,0.9401063627091751,0.22104449205276144,0.398048753314181,0.747196674443196,0.3133084570289864,0.6099893062476716,2
0.34854551698192926,1.0153713369739754,0.47194414862784445,0.09045313942269184,0.8689887251900174,0.3805089835173436,0.8756637507525007,0.38476756799598005,-0.30348564994700833,0.19161272641083563,1
0.3992447459370235,0.8142714684364815,0.027390089202753525,0.2762554358964654,0.6396243524979405,0.14273430549245986,0.9075055264670302,0.35797954769992973,0.7156050003395672,0.6548576049650631,3
0.3681654756358988,0.31826830626867103,0.4325694043521486,0.6453017223084143,0.3151739723546338,0.7030348997213113,0.730852518195728,0.599556855195017,0.4666026545048429,0.766400138592626,2
0.9220556651396351,0.24670011901702146,-0.032546046272405635,0.6082371840896164,0.7467558744007505,0.004296013340517185,-0.12329951919987045,0.9388459993119488,0.9876856789211904,0.4809349959622624,3
0.5933411820311271,0.7073429934023736,0.8259716906003891,1.0185714675298392,0.33629063213650073,-0.10681450954416966,1.092846295156812,0.8909542543383828,0.20434124553524358,0.6466423941062764,2
0.6586671412470091,0.4971941153870634,0.6012654500260428,0.681489809396175,0.05589431745163504,0.511763067566507,0.7484633253379606,0.5325640183215239,0.5527040946287118,0.08216021719306103,0
1.2185057973937865,0.5890060393531207,0.9055154423008983,0.5706202513556272,0.15941585662460706,1.021983356212346,0.6342063329288106,0.0846300059846578,0.7083044228251916,1.0464867844892114,1
1.1759701005988257,0.2057938179192613,0.1833992277417559,0.5711105634335227,0.05771210314081049,0.3497195570441076,-0.14574470094358966,0.09567573310171176,0.1260136243065448,0.6917815624009732,3
0.9542811015585223,1.0199819347918126,0.23137958379419793,0.8724056826572079,0.5385329085991521,0.3773814055377386,0.7714186295582308,0.05369866907028627,0.18654614933005004,0.3980000406180378,2
0.0032173235605224004,0.48306589990690063,0.5162812462128253,0.9936393848957383,0.5665961821942276,0.9351779993862696,0.56391867488307,0.6567760274953471,0.42523203806006543,0.49406184827594135,0
0.8374248802907535,0.18575539885023085,0.5026176192799099,0.17514712641217015,0.8627322978477481,0.5430907828528758,0.2944081349037333,0.7245250082544858,0.31722770232831254,0.7288564439685308,1
0.38850140303476205,0.07400804313674157,1.0158883557616383,0.5308918508867086,0.7386125230470219,0.27927743802144933,0.3534746526852456,0.5422281818750132,0.7391811434853216,0.4712469360787544,3
0.8855851088724691,-0.11516034360872626,1.1301806290138947,0.45121841849042554,0.25540725651398033,0.08661310684249707,0.6029652133370262,0.5727405986121534,0.6800416405348118,0.5787685176857605,1
0.6634734471685815,0.48183962645171274,0.6032018219092995,0.6589092370856128,0.049784602418751864,0.4888298032645555,0.766432207467195,0.5182402209785926,0.539994876076377,0.08328671700615797,0
0.85260003313489,0.6239778203760935,0.2692622709444289,0.44886915980741343,0.5331717226706376,0.6545396223233342,0.9853647729567142,0.3371751692233006,-0.21126364725807012,0.6483407107469452,0
0.2388046952600435,0.35395826191258056,0.2744201932047219,0.986831145070034,-0.05922381679159333,0.39534965690843765,0.9594479424892907,0.8688176981216533,0.2062477681180541,1.1034764283568244,2
-0.547036100506368,1.0207508108010137,-0.4597090016047235,-0.27829850953090984,1.3754847090841134,0.3187696298477698,0.8941545068037857,0.4076843779916326,0.3046868266911198,0.06635432963740695,0
0.8744083554865653,0.4970415622780287,1.2658431029616013,0.6422639601671574,-0.1087872877912823,1.4914251055198622,0.6863181787500375,0.5061181786345756,1.0879484707644167,1.4208945643022437,1
0.7507292756151104,0.11091888291543717,0.8293887721109101,0.25708625063756263,0.712700948825723,0.39877089194672183,0.46836323038267336,-0.0719033417316713,0.5705746526681853,0.8260820655610122,3
0.08631284851674924,0.6191026749086846,0.034130700987734075,0.2344232849478115,0.8102577501750097,0.4525479228473008,0.4030814993107387,0.2805112863967988,0.25576626954064796,0.35309653280242004,0
0.930569146987588,0.3958767911020995,0.8139488857298339,0.038458769590297454,0.847041444231952,-0.07500177535500911,0.7540122969216346,0.6133970257722304,0.11324184783335185,0.7778730665458317,2
-0.026787976494615937,1.0238649916593656,0.162168951930008,-0.21972755482574974,0.8940258671310786,0.1849527505374444,0.267995080300322,0.28778637377707034,-0.11958410663713481,0.5470516501660022,0
1.1492656311356626,0.27548286543834444,-0.43515027885022795,1.256393967034907,1.2571488858149962,-0.18234797095038507,0.49558422069360686,0.13021519513678215,0.42852362056717364,0.7245593568744262,3
1.2666871446982428,1.1215504957888311,0.4378513092754258,0.36327268212121383,0.9657878476735748,0.5353578185712637,0.7166959226958354,-0.1293373203454402,0.8146352779406779,-0.09748572315231965,2
0.31947437781296195,0.23541295898389653,1.0550208224210054,0.3562642198431602,0.7816199867916798,0.45290615948057467,0.22568721909411787,0.5283563383153417,0.769265468480843,0.5296666531728873,3
0.8368694129119535,0.3707806040023284,0.7304809333348002,-0.011322246107572452,0.9555377209991494,-0.022747123440228056,0.8916045716918914,0.7285713027904832,0.16525940159693375,0.8222483435392169,2
0.6447896848141524,0.9052573086688426,0.8084936792916972,0.6257214924172521,0.35765564121581195,0.8184785976027438,0.2603524901239321,0.2202591367874816,0.5758446786275493,0.18961231973894352,3
0.7228737175186329,0.04383380365343383,0.7348480037197457,0.2444100688095568,0.08592130469289336,0.9724850543745321,0.1978181212024577,0.4922347507074011,0.18198348625174818,0.8684595119209274,3
0.4441663705118174,0.6915122854840466,0.0036034934391978093,0.4239930138036935,0.7042408298161971,0.30109697325665075,0.7644287097625581,0.4621583308031306,0.770651949583839,0.5782361215812213,3
0.6595041953877068,0.4738270304405939,0.6073430338046866,0.6648798739394276,0.04924580438346563,0.4828932880000916,0.773850442443523,0.5610117101612495,0.5272535258843033,0.07676456532773883,0
0.07549836781204776,0.4869493263837167,0.41093740531082085,-0.008804090552295321,0.4811978073024205,-0.09429274832742676,0.7189875072214376,0.7897276587020954,0.6347382034185235,0.1794259720561046,3
0.42345916357597874,0.7962863825190952,0.052908749736749874,0.28322781992018736,0.6504259629346753,0.19217468717494102,0.8991134812310759,0.33174887407632325,0.6845253743699745,0.6164242860013561,3
0.833831023896592,0.9334642387144346,0.17619510318734308,0.7739733633551966,0.6677557866824562,0.4047726336464529,0.9303148667545921,0.11493494604556942,0.2977891123732176,0.3374317363170838,2
0.465788376469132,0.8017996430680124,0.9145803242123194,0.5163393898733943,0.8107343365756281,0.8003871086910941,0.5922541290199957,0.3340852663091155,0.7593399359090922,0.44253342345391267,2
0.6956617655434626,0.21571985365581936,0.9513379581661068,0.3588996555749073,0.65160103621545,0.39528315343755616,0.290012721240429,0.06149354973574124,0.5249898733327941,0.8388329762966903,3
0.42993449970021924,0.714920275535294,0.457929080349614,0.6044083435149824,0.695870188904948,0.2301267221021322,0.7091624825164851,0.4078659874242868,0.7420648532403478,0.9112669751669025,1
0.9682132931768078,0.5427082416869297,0.6558633953584163,0.2606795069299207,0.18957887420318417,0.9793312446404938,0.493599964055616,0.10554544214315713,0.8091001322464791,0.9446899496725892,1
1.013542222006641,0.9760296362071088,0.01630936472767086,0.6035154674015067,0.29186825761632246,0.08127904318919751,0.6750267570530496,0.3457593180385821,0.40202871812504304,0.5844832355157406,1
0.8372759212441689,1.0336485428571662,0.10656474529177878,0.7161272983627931,0.5770130522118845,0.352952110458913,0.8834465133574654,-0.1265428066806645,0.15067318750511854,0.3385283139139312,2
0.07864605206352182,0.9001286531306294,0.2975403105354677,0.8510998981966921,0.7530805441529126,0.0671644422822403,0.06343883380581757,0.7101432445911828,0.2459827236139906,0.9752280689280363,1
0.05452900624987298,0.6748727589974618,0.03669242498094282,0.25200613561025137,0.8437783397842851,0.4084382139644643,0.372289778739566,0.3459458980006989,0.17247632893873055,0.4060126378264824,0
0.8773375453693055,0.31308404765727066,0.7378692111398126,-0.013887472901890262,0.8609579744988713,0.026349203406084612,0.9076419021979949,0.6489406758797348,0.24704789114273074,0.7856694886608236,2
0.05772436538596513,1.1953575850479674,0.4464591102413217,0.8406510890904396,0.7327424790731835,0.4052010433965975,-0.0265177011255837,0.8880845293106238,0.602137509111712,1.1938257890792516,1
0.5150961741446871,0.7699553099391214,0.8795008485622674,0.554328313344702,0.7262269702664117,0.7332182810298278,0.5346447818749643,0.45001979752984683,0.6548246314799165,0.4654535252233396,2
0.34950395780057414,0.43221606568840987,0.9217523579026027,0.675102186042139,0.02969598573329459,0.2546904121358,0.8828915998556212,0.7131593890782967,0.3661464315864102,0.6497844188801614,2
0.6632441387330573,0.4854858436681164,0.572987176107196,0.6576683413410978,0.0416310917739085,0.5235704085801922,0.7695314664095915,0.5179942307469315,0.5334335778141808,0.06086299797784661,0
0.7207257216625955,0.7015314371444011,0.6296958800140549,0.6888417550195571,0.42917979987671934,0.20185973819853542,0.6041893257840427,0.470915510400469,0.6051264919756728,0.8772552696349266,1
0.4050921995128294,0.8360668971522844,0.03589024248777335,0.285256124982696,0.6614165332736178,0.16948287324633446,0.905224730888741,0.34366045671178114,0.7020749060249133,0.6180568577761056,3
-0.04565932139637485,0.6258935907175711,0.50353059616116,0.7815105736589737,0.8265316155886548,0.033869930894043755,-0.20802388500286623,0.4142088082481704,0.2933540912017624,1.2014049154527051,1
0.9750554323507397,1.0022258034741258,0.6468050774173386,0.00677317888389337,0.10058609993470895,0.21563683131036404,0.02494025882958485,0.7551306760699236,0.9767967191676737,0.6933171855516005,3
0.19228275880130852,0.2669763679305467,0.35242309021209306,0.38383635321149606,-0.034193096898655684,0.08546819006826012,1.1844350649863253,0.14416540859854374,0.7918066188704983,0.5121187930814648,3
0.31503225098753485,0.21669172872521814,0.09770058487755547,0.4296170539736212,-0.18254164670499395,-0.12268248593300918,0.556926965837274,0.38336375334814576,0.25068608701098,0.44231448603290086,3
0.4480841946040504,1.0237373593374752,0.5001941176361583,1.0051731323450308,0.06774337527253482,0.28110011021193965,0.8073498983057736,-0.1736752134512296,0.0526759225441209,0.612294561403656,1
0.08678202903429211,0.3247395781045707,0.4046173283730897,1.0401079757293603,0.414099848628263,0.7742090428851515,0.44770106672545873,0.7088471567965315,0.602606548013426,0.6369634473000361,0
0.03409150804979991,0.1357017330758032,0.5028700144732503,0.4710802766151712,0.9015505574063549,0.3510591775380055,0.5102326887132419,0.7442028101346702,0.40233485254938495,0.16918861032506866,3
0.9770389668933639,0.991792507757028,0.6342979867881645,0.013924453681937388,0.09606154787804377,0.20464593708850665,0.026077828349069146,0.7601819797652221,0.9752670864124714,0.7073488184159813,3
0.3406134182651268,0.27763318020754724,0.84384332063167,0.6774672481935058,0.05275466267343581,0.030304167731779214,0.8420281950415869,0.7160205458448576,0.4659081290666515,0.645371159533828,2
0.6104247484777674,0.46897029486478664,1.2978775083427418,0.9452963850766433,0.29587904459775627,0.30377311274329555,0.573506788728869,0.8660361952829042,0.5195463979346868,0.46804041573923316,2
0.10031389352303653,0.550429574303053,-0.11951444629354935,0.4245788107136064,0.7763209605043505,0.287121830714611,0.3544510096014824,0.17798640395259452,0.23790750749921052,0.270618290200699,0
0.7685104376970968,0.5752664326058334,0.8018341575310606,0.3446086821194953,0.6665064447293061,0.9563104615598422,0.265257271000472,0.18866266691956757,0.20351612473660782,0.8313122383686113,2
0.995697493096282,0.48838830315747106,0.739107244521199,0.3734908681897051,0.11929966121819187,0.8685241754218254,0.43014499046780624,0.007276593126961533,0.6723800006388811,0.997407151336902,1
0.548085401241486,0.8025721019476599,0.9163529673123906,0.4766745388588641,0.7346502824212138,0.8233191160694834,0.5128782935704294,0.27869611223335694,0.6444211828263386,0.5193753896845366,2
0.2322849567349807,0.7096479491192498,0.85489638873937,0.5638627394846689,0.7309275111221541,0.6266336965010096,0.4910106940493102,0.9639935373061658,0.6848420389908403,0.43734919809297146,3
0.2445781724524115,0.9848801867379434,0.38767004418114925,0.6766553787673181,0.9349504694386206,0.17253239413712534,0.10259439888663952,0.8118075099112865,0.12844237226825894,0.9654555821332375,1
0.2887202357810257,0.2869348673023325,0.25837582132241016,1.0766415931429876,0.6116404256754577,0.6829245904492224,0.39402796015659003,0.6805168696160061,0.6500533033666084,0.5981992481790015,0
0.9511332538731686,0.12445911414247425,0.5264932664062628,0.8316792619800889,0.7266802651375839,0.886194903728543,0.24629009669347354,0.9373576491881862,0.6219501735571663,0.20676521622691943,2
0.055164650847848475,0.15722415228152606,0.5254536384693981,0.5040946688357922,0.885042311087037,0.3484341972783868,0.5104031041606387,0.7457926509818291,0.3914609333226223,0.16803549689486152,3
0.9997664107749717,0.494772100195536,0.7355057080350259,0.3687675502014868,0.115914589565758,0.8596508844357226,0.4236678916056484,0.007591991840963198,0.6657679937130142,0.992775155039437,1
0.6514980964970801,0.2782499362263619,0.9161735150639017,0.5421827765204557,0.6756966680390072,0.05474287814188819,0.43019905944008013,0.40411484588848906,0.8695060595298918,0.7268366592289366,3
0.8874799116604165,0.5729421024258607,0.21196497453610952,0.06984503258712238,0.05288980169181891,-0.19508581335249625,-0.09157750443935297,-0.10151104711490924,0.7754792824120207,0.5355376264903763,0
0.9917526661568823,0.5185883606879116,0.4559411834866518,-0.21185019217398482,0.9092612357082227,0.7598836524033812,0.8996646808102629,0.29916059754806634,0.19117150357695278,0.229164612801298,1
0.9525004011026764,0.8721025428407186,0.14940940123214114,0.7416210673792724,0.6049942334095847,0.2896660511825299,0.8795244260200845,0.07609360515767825,0.24878267559242834,0.3115486579799017,2
0.37200347576543297,-0.0848714722518732,-0.09049344697067019,1.0326204570362802,0.5356151948089081,-0.0008446184591055228,-0.22650719604553443,0.21241238656652423,0.6789309683628638,0.6720924620351931,3
0.5069249392591115,0.8146180759506351,0.883782494669699,0.4826972949871007,0.7511127469651772,0.8190553743224646,0.5434757498003717,0.3542494981254268,0.7520670533573754,0.4680730968667694,2
0.6512825330109376,0.2681324994984026,0.9631471616753009,0.3561697492910355,0.6902821455599489,0.3448074844376857,0.35804291760392565,0.03857277772024488,0.5962307346080304,0.844420826820057,3
1.011111998709178,0.41645418885059193,0.7449457811398983,0.28187659634632567,0.08388650790407254,0.8621935642260339,0.35664101472922527,0.012650304866851016,0.5668256931857538,1.0476427185528683,1
0.09266043410078344,0.03953899291459325,0.5401553519190021,0.5098241984764802,0.2951127785374569,0.40635074653137593,1.011156106195323,0.8945865125157462,0.7350723525659384,0.33924683886358664,2
0.5352479657588536,0.18455580583816242,0.98207547856522,0.428701027292726,0.6206705031285626,0.24771830990465632,0.3462392285176581,0.46461179613921266,0.7216172500487649,0.6008190518455716,3
0.031392507110408405,0.9033206730235404,0.26045795593328996,0.8785528397718729,0.7675352194235587,0.061874539802569295,-0.018167323563413128,0.7588534996019279,0.16498737509045153,0.9694691358767857,1
0.8696838016516318,0.31456567519436557,0.7108545787238039,0.027616340148159613,0.8949018714442933,0.012237266787607523,0.8676716234231725,0.6615889096755261,0.2284105018987621,0.759324018316273,2
0.3120527994186836,0.016764920683168316,0.2986257362084004,0.5842029534859967,0.6703013052220452,0.37489268568703726,0.6902362917124114,0.5142031605887002,-0.15112361834010604,0.8061068670641001,0
0.2662202364492569,1.0286621284513933,0.1668150683752905,0.970038266029333,0.21422919496690884,-0.264748082674946,-0.23925620049731522,0.6552144466001022,-0.21584995477513663,0.8456207014565396,1
0.6204240919638971,0.33715415500487816,0.8617483845899199,0.5053379519079924,0.8424069156617764,0.3662178253813716,0.6424640903790014,0.9187788320849936,0.3725832885070698,0.4361893072518153,3
0.06029897523058553,0.681300184700774,0.04536589496190618,0.2536696662322095,0.8508855099582847,0.3941740476149456,0.3635335727573383,0.3498604915346013,0.1685652071945038,0.40100412224778575,0
0.7089479879643692,0.8765341809197842,0.7747470269364407,0.6433885642027224,0.9862446247946531,0.15948475168843063,0.3415337237513611,0.9187254363336957,0.4216947108469818,0.6944512412405178,2
0.87522755502749,0.31638780719874876,0.7084339314918566,0.03316102278284621,0.878836992423086,0.032008834608480474,0.8911569931789652,0.6617755744754156,0.23348368829390348,0.7446000522130879,2
0.975775206154962,1.0012487105591765,0.6501006379350616,0.008375162032376772,0.09625402661892377,0.2186491433949897,0.03086214593465116,0.7581951665333049,0.9853305085075811,0.6930826495352967,3
0.45033865020725605,0.6316117473890087,0.763881016763884,0.5063874564606685,0.8439790255723648,0.4995063908839905,0.897521705273688,0.30037502238214325,0.02380717533873647,0.9066713226858047,1
-0.13755888206445432,0.924760107970459,0.23640160422030096,0.7682867372427946,0.5296827684930993,0.2679941502260533,0.12068496672295542,0.4936664513440964,0.4495281765433078,1.0520811487243806,1
1.0629198987490271,0.8178835325492109,0.6620735342411892,0.615343319448751,-0.06932212096523277,0.024862236396507593,0.30398303957367423,0.1637440657381414,0.7193523704276394,0.9063629181831669,1
0.1305050967612595,0.5475065350595512,0.8103958374889775,0.9217147592560196,0.2671833404400505,0.4608055934752139,0.8332018088533905,0.684602511176758,0.24157387780678322,0.5415569310972149,2
1.0741184491143911,0.5871312082202454,0.5812812469468234,0.445595892798921,0.14205972716376855,0.9849743059412917,0.3258070988617642,-0.07164662389778759,0.5649437145787413,1.0880420161648532,1
0.6723647220269794,0.4881023455997572,0.6044219839771181,0.6751763472340849,0.06898075159005126,0.4995383161757437,0.7397353054338542,0.5235157144526862,0.5610897649348653,0.07818300870976716,0
0.29299387428429974,0.7138837279387242,0.7489531503376554,0.7109801501176004,0.7502540301245656,0.7548797573189829,0.5693667629208838,0.3592983844548143,0.9583074610627972,0.18932452479519718,3
0.008164216673271139,0.3631958340420677,0.44589942619875195,0.8672065118070399,0.267463199125195,0.5976051649661984,0.546355913234884,0.5144757484300702,0.3937301205475967,0.8142416917017108,2
0.21507406259298886,0.6382512449292986,0.8229153106958844,0.01824630207784952,0.8144315344869211,0.3825146145938023,0.6859225711058574,0.5908208063323643,0.11360147446129908,0.3219498993978083,1
0.8659057822880175,0.8323342042757502,1.071332488817136,0.5300202846374937,-0.21463596716775668,0.29532414300784016,-0.10634147168485936,0.6056601749180383,-0.2824002716671884,0.5195713594846689,0
0.1715719035482485,0.7763566583329758,0.04709131190109596,0.2551146028239802,0.9474288945375383,0.34751581502551887,0.3688004235246718,0.4373790050444975,0.07395388021996722,0.44566889054722797,0
0.68388747049585,0.49718361561815305,0.5812954849117868,0.6723363185381587,0.07775039821050284,0.5421358032666778,0.7250405551699521,0.5080893768623396,0.520329566227703,0.07460824829983194,0
0.49854411908962865,-0.14065605997287028,0.46585952366250444,0.11474181819819322,0.014849433050484806,0.30947260110644065,0.33735986257588246,-0.028275512135256517,0.5084868428595162,0.6295219354015317,0
0.8101500211009534,0.6210727817723143,0.760932472108844,0.35038202944150887,0.6360678405777984,0.9364028502122345,0.26125709670491243,0.1715261401348584,0.22927665908119607,0.8987451176909592,2
0.9342168615347752,-0.09626589004501027,0.8194688890110388,0.6344225186000851,0.6794585930709076,0.18747669350333235,0.7269835466813788,0.68353871084711,0.14367705090470445,0.49560773756183263,1
0.2505196475876301,0.0026781240376703153,0.7694944398617294,-0.26903772780001006,0.3080331737486746,0.07107148501488178,0.7257937201115514,0.032706715624263194,0.4288693166597024,0.6145232753909204,0
0.010545505238000297,0.6890358227240936,0.5359349481007603,1.1827874217368461,0.2056840969926853,1.034805578677619,1.1282842836007156,-0.3393622560569135,0.8044076351819117,0.5590890732644145,3
0.28962847077518367,0.5733380416659809,0.9015525298288135,0.07285498053934937,0.8800745863717131,0.37702485201200686,0.619319470157948,0.582439702449657,0.14816413318511062,0.2580903217404238,1
0.8965362661618912,0.9895844091039919,0.18813317348566277,0.9021385080010664,0.5430400675669538,0.32003864401764687,0.7794663634822838,0.13570867231982192,0.23465262215130347,0.2087802807284337,2
0.7226215377077433,-0.010998139930076659,0.6756244962034801,0.21666913109755206,0.1875817041616798,0.9549308847907108,0.17918064841414122,0.4774722305834226,0.13530795940885815,0.8396268319068684,3
0.6523164783406603,0.4997237810307285,0.6034193029832463,0.6933071956465271,0.05749622942987573,0.5028936802031282,0.7575729917453858,0.548041969298916,0.5662072321007291,0.08258479746472962,0
0.801793732941262,0.5844163162456268,0.7778504271745981,0.37856066222139834,0.6400921507638812,0.9340823453195207,0.2918691627984685,0.1559714800830923,0.1968217369129547,0.860175879906961,2
0.5024344015912166,0.20476155650942182,0.9947732139791702,0.41763358318723437,0.6960586153304896,0.2845072943627702,0.343235763473062,0.4209505666869131,0.7755087781704826,0.5730802875208746,3
-0.55419911549454,1.2020602515188004,1.0657580675401053,-0.21274720814743697,-0.7793000189013973,-0.7627307077826804,0.5260816228183025,-0.14259194247791274,0.6993631745477276,0.4396545038158453,2
-0.056987004210608955,1.1650691916449523,0.7528451676068222,0.6297335924828042,0.6523213753570711,0.28410573581501236,1.1332825010786458,0.47126481972585604,0.8569526920667321,0.47954845675731916,1
0.584264840837731,0.4407306133803599,0.9046860342933631,0.17129985314471302,-0.31137091507122083,0.7578319827104402,0.4252723483613457,0.5155914105484614,0.7798485689515173,0.2561365094814848,3
0.06786529729702108,0.6782862811519121,0.5344543759162749,0.33671177010553166,0.7871913124147228,0.7434028265306017,0.7113004576412574,0.7541797713909847,0.5043489997248083,0.4300174708229365,1
0.6587341880309269,0.07468860045446804,0.6214995225296435,0.14161419305414072,0.7687612015286014,0.29807701973217166,0.5519874885989751,0.21557684777567607,0.6198255374438726,0.24413355522207505,2
0.012260083095670365,0.6142451499411209,0.8149119581722333,0.22692375404509396,0.7296981484564394,0.6786328017036604,0.5314485628287546,0.08234823644876718,0.7778274611168511,0.018058885439002314,0
0.9657455655526755,0.9941051816930061,0.6418818610369362,0.00903890084764195,0.09324150486996446,0.211969026536864,0.023132514345182133,0.752038695087528,0.990219483404874,0.7003146106843947,3
0.6852058350016866,0.07450001098132306,0.9759902389659232,0.5161821690447802,0.7451311417087938,0.12943800210692397,0.1367984782866711,0.386669501062417,0.9576718561023916,0.525836192184943,3
0.4204614282868554,0.8776462205835412,0.0580617850547845,0.286091670686915,0.6008405804885277,0.13510667419749417,0.8990168212267045,0.34342306360418345,0.7188095764566294,0.6073964486573505,3
0.9066999379747085,0.8988139118654291,0.11995337662537962,0.7755355497197604,0.5646536407737465,0.33076203281016375,0.8951985823008667,0.01944607135385477,0.2981582360847896,0.3048160060738102,2
0.9908080051562379,0.2723468505684328,0.9284104803494916,0.039788705714482925,1.5022143101547187,0.2582001552298922,0.16427105415750332,1.2817087630357387,0.5299581810983887,-0.19658786500555603,3
0.1873769350680208,1.0003336104497498,0.7170123916171497,0.5600944530271655,0.8522427825721528,0.2655780366602548,0.917065743294449,0.39719129383303464,0.6758296201142137,0.6407245524672223,1
0.2647775365629932,0.17543289386110664,0.9004271685962739,0.19562951702982131,0.8586149503143996,-0.016520964942815075,0.03992990289444631,0.17644765251316824,0.6502464074844864,0.5993668374759891,3
0.014160297410219753,0.61084278627294,0.8158783651806255,0.23190426559348756,0.7313016091730994,0.6827044942314894,0.5288238445189196,0.08257795562661165,0.7736930605422817,0.021019928496059947,0
0.6512063327916129,0.49416473242277814,0.6158727548013304,0.66539050913003,0.04168615532012591,0.5117732211740899,0.7406196958710177,0.5436393626830421,0.541585386962282,0.08804954951263792,0
0.21671382746346138,1.1539418537528046,0.47769026147538857,0.8804454653181633,0.8741236913692649,-0.17166608840698325,0.2055489041554848,0.7703225360592154,0.06375435925725106,0.7580061701349861,1
0.9225852654413799,0.9120341161771587,0.7022926054408425,0.7553093650571601,0.9818627999659035,0.1873535644539659,0.5351611505726633,-0.04188341646528654,0.9929258742146811,0.21240760824538493,2
0.5030387653845793,0.8184471177740497,0.8862110274711864,0.48308885640170757,0.7713340080237392,0.829725734949308,0.5309601068215044,0.3616789036571327,0.7409228339203491,0.45783770995912654,2
0.09377657452038099,0.06385337747446099,0.7337418940972117,0.3223202856546082,0.001717771646975945,0.3791559024268919,0.6124907622785358,0.4556234953193718,0.5831353260639819,0.26294067194512655,0
0.386043948874292,0.182197752022618,0.08998843425419403,0.6489464750685543,0.5896037473115601,0.2777762577071739,0.7140175425126976,0.38540070440636404,0.1255844384553237,0.5556154557346968,0
0.6140962338579495,1.0402505076890323,0.836671374791793,0.6770017415168339,0.4123402547614866,0.9284425897349013,0.1826465976013793,0.125547848022093,0.5582733725154262,0.1615817561798914,3
0.517837092357362,0.28442734575684975,0.403090728256345,0.04956279426094561,0.16578531315138473,0.17836356322589406,0.5658798372521667,-0.004528278783991717,0.6324698760280256,0.34910463891001337,0
1.1301778502882223,0.22480096163885538,1.1289898764642574,0.35795531437865113,0.6693052182161723,0.48749303891020795,0.331893011686879,0.5636484477798228,0.6644540462156427,0.4964731827889134,1
0.8277022655447711,-0.09299631567241173,0.4955830244246601,0.11994986380232087,0.8422150708022351,0.18509394811715676,0.5999706896537382,0.25333627751401167,0.47113181046794084,0.334438016769069,2
1.0160186831052995,0.5055432213013639,0.7286548604682133,0.3806058936537362,0.13575015929899092,0.8602320626163861,0.43176879433331133,-0.0013722774824325087,0.6817332991646471,1.003226138538935,1
0.6362557432590458,0.913644219245662,-0.5941558419910193,0.8945851411276776,1.036642915595031,0.9150094300491557,0.7570004212788808,0.3822327141974797,0.22773170415628918,0.8629733655680305,0
0.9154718997144211,0.9005845871400892,0.13113610692832886,0.7826248805594993,0.5619508704235592,0.3337025624151048,0.8984938597999275,0.009400227393778755,0.2817156051852036,0.29594352139076213,2
0.4941038726563034,0.4198990839670519,0.02905012615669457,0.8565972666474093,0.6587756913987951,0.12032938986973984,0.8223776916649878,0.3354339051595142,-0.22953180414262175,0.5405552700957086,0
1.1933522996417845,0.3371785955394003,-0.341099524701873,-0.10171022460518353,0.9068892606622877,0.04142289874500493,0.8042585634121392,0.902566438294702,1.0076322177147239,0.272270252092334,2
-0.4146239255042789,0.7474512899006889,0.15468357773498334,0.9990392575676245,0.9931249462851093,0.4343325689999035,-0.47186750624136176,0.13835336651669328,0.1818592180483426,0.9978964965876367,1
-0.02334944921139656,0.6751989573203733,0.09716376966442768,0.31768847778319553,0.9124108276964407,0.5048204356677704,0.2755226778615933,0.23608740758109423,0.18386863728727518,0.3164945316242383,0
0.7267781061852303,0.04524479236974664,0.736293952280099,0.27345977541265387,0.08741701012544875,0.903692180293871,0.18460562998273522,0.48139509233099936,0.22444245498919635,0.8389925549355988,3
0.9074633060004175,0.900614343786658,0.1191011857429994,0.7721053436974536,0.5634714126719711,0.3298368215860164,0.8916943655979246,0.0215611467031823,0.2948045314740275,0.3062806531987998,2
0.34340805295105814,0.26424436936761997,1.4756281891428809,1.3082499678043673,-0.12572893390975926,0.34799892747259775,1.3017442854024988,1.0063914706538435,0.9311633048616004,0.4321721343798543,2
0.9733890184904603,0.9920591462969748,0.6430334287548438,0.008083944772556627,0.0876499287707722,0.2122448736656414,0.031234338210990753,0.7610531950871482,0.9860413350042969,0.7045490968643899,3
0.013322163203694316,0.22158999071256968,0.477784111635128,0.5239388943964948,0.9745934000371896,0.44709953740799013,0.5900987973330425,0.7251357470698678,0.5062293469785304,0.285818880000799,3
0.30258495126612844,0.5203628956901604,0.39496025748323893,0.3427102172512031,0.00152308103515017,0.527945976625532,0.12413007168376201,0.9829301214393753,0.07730593361499485,0.3891050033515495,2
0.3435675183242708,0.14775859496163712,0.057446959600323706,0.6951273963412857,0.352538343698184,0.2604678065361796,0.8909802006570477,0.18123321114056845,-0.15014975927260024,0.7702983466700015,0
0.7107181503786568,0.2587611695617302,0.9240357771617842,0.37615337577644614,0.6917702669525528,0.3726482730495207,0.3315206933455928,0.026804218086014475,0.5407244424931208,0.7909320527628585,3
0.8645056792062495,0.28951200989167486,0.7184969723277569,0.06713523606091126,0.9037099204194055,0.035342800162658394,0.8675039682716477,0.6800745006823259,0.20528111044999708,0.743281425639831,2
0.7764347564526134,0.5927221887880809,1.0198787565959864,0.15168366213267698,1.0325822857603608,0.503286592025344,0.9016775959261478,0.9634975120428633,0.4345545973274385,0.28830068300356215,3
0.06572131308343088,0.24797682101542018,0.32470578290135665,-0.12976073915901004,0.2564972522851294,0.12389428984628988,0.8549854122433878,0.7731539615548657,0.8089110319220207,0.3837377307082921,3
0.0603015796123065,0.1548210229547482,0.5242911538681506,0.4834098482952036,0.86482869995,0.33408648573823785,0.5001950621777862,0.7406576995856119,0.4119570536489463,0.1542984847831959,3
0.013739785921166382,0.6137125380801828,0.8126196475695441,0.225307134344713,0.7325236807951576,0.6800734906977267,0.5324254735330309,0.08375335676660374,0.7786684406020236,0.016402260751467893,0
0.7386335538443074,0.3007410115500742,0.8802147019136086,0.4181061678592097,0.691394560339751,0.3322372890825984,0.3673356321526014,0.06717666288514763,0.5123346875859845,0.832126095905415,3
1.018583268909612,0.37430533811947553,0.890260423156594,0.20028928118249997,0.00617201121382184,0.7308863944853545,0.5732092566435889,-0.06055032255855339,0.6640344236023362,1.1643978837456852,1
1.0887078177431673,0.8443292508018679,0.7636150153862659,0.5772024388591415,-0.025193624977147458,0.41759449956817457,0.1937336755029313,0.6914670367694792,0.07227292044875475,0.5574248180923759,0
-0.11494944376547239,0.28349073624406473,0.9857473101727767,0.5048737034313704,0.18729770487442396,-0.12266286790161318,0.49492916100737067,0.6765249066430187,0.5905348594550073,0.597946494712758,2
0.8307150331068386,0.3352211962062611,0.6926926476922214,0.07615055675537306,0.832836445704201,0.061978168107198646,0.8130870791690178,0.6722975877407101,0.24139570661933668,0.7845879523265213,2
0.26854623169369296,0.32887830170703375,0.3414408594834403,0.41809243304940846,0.8936524694294015,0.338327494528011,0.2012238985742395,0.619529256356528,0.9779147581544625,0.9851905070574087,3
0.37851290872845694,0.8056471570046363,0.04057266515175248,0.28343769934596996,0.6672207280998669,0.16138581206502875,0.9215606619566218,0.3823616352485612,0.6406511245449721,0.6617029653719383,3
0.014123311885713113,-0.06319752057786715,0.4706131396024986,0.8715516504750308,0.9391344214955488,0.9726005644052812,0.21352346815011353,1.227580500142972,0.5615766289637172,0.9568938777786478,0
-0.19341854669123698,-0.2995137916461137,0.654577400753856,0.4401313753515197,0.5099348240528654,0.35257633462749305,0.9307495209964072,0.5658002432377729,0.31289362328725884,0.25793687085248823,2
0.9023425877923444,0.8914987455862916,0.12859518531836373,0.7636310055044404,0.5535281686251212,0.33244881869549453,0.8854766656410313,0.028715369182624434,0.28469209502198345,0.29461206725384786,2
0.5415124742898277,0.40024873424459684,0.8977606734217083,1.0046397956552808,0.05532708745815599,0.2121570266617698,0.2181295312516705,1.161245374016271,-0.09787271539016815,0.1478052559420861,1
1.2187708102079395,0.6629245123025173,0.9924100337641097,0.6769235481072126,0.31902235059709505,0.38744492691102134,0.38646100358356816,0.9634562535125062,0.019026520859722635,0.6450889109766438,0
0.9109796890279461,0.7963312112556106,0.5381444497313675,0.5229013650709207,0.07658317119138834,-0.12458505300971714,0.5755999678411486,0.009964219621077464,0.4393264049451283,0.48601703740988156,1
0.8246819073804608,0.20664012360907316,0.34964265517028614,0.2549397054872273,0.808458738959076,0.8822311878328886,0.7679434280090015,0.5573805309212336,0.8044861541469698,0.04623889635144062,2
0.38322364321404,0.22926680934036342,0.5763247503423483,0.7250043253686044,0.24298132050808494,0.6901069339917832,0.7653399007014272,0.643942600713318,0.46714900978159335,0.7916867332060704,2
0.6170428250769223,0.4756669207854697,0.5586597138763488,0.6547539512450354,0.04001820345337595,0.49199749823847555,0.7452796715639157,0.4936941765874956,0.5185216971711752,0.10631605103007007,0
0.9739673793145623,0.9995404552324709,0.6459968015472214,0.007512340278042246,0.09575688166684529,0.21502957711311643,0.027593166924928914,0.7537886712168176,0.9823237724820828,0.6965628919725443,3
0.1502686372831215,0.34904783793454275,0.5029717625614387,0.3084529392760561,0.6117670332742826,0.2342367839129185,0.5799744265406963,0.9358552242285634,0.6113022984014956,-0.052332460752889276,3
0.3983546327208189,-0.3219099785700013,0.5866894882249336,0.8731311105909478,0.4879657387552997,0.7702090385432272,0.9129992876747486,0.6431009608180771,0.3342614644593697,-0.027047415922904383,2
0.21894150474285087,0.42731714221385103,0.901353302295989,0.6798375988160588,0.015067588296489225,0.15584194310997032,0.757424871373915,0.6114614101163824,0.394099571103764,0.7740502090083652,2
0.6391095993363605,0.741663558679782,0.6018233304481415,0.8060945422872663,0.7164468602530243,0.28147671552529063,1.2617083219578804,-0.013208419459635412,0.41005464004971215,-0.12492998695680152,1
0.20257730712439886,0.9260908741205396,0.7286634909260408,0.5608339159460106,0.8153564485941163,0.210530446407394,0.8994086152707428,0.3192259805567777,0.6475516798231844,0.6254969803627671,1
0.16021555082557676,0.9892251413614356,0.7295607639234986,0.5479672623123868,0.8469661226746139,0.2446040069869032,0.9388744613369421,0.38878840886206156,0.699637928647383,0.6764516296494911,1
0.9903456189067185,0.0976983234396652,0.594839355209297,0.8919796498605804,0.6774263979559136,0.8065715529615878,0.24386203011054683,0.9405727392621259,0.6654863249590565,0.2875723532915075,2
0.5039599208431923,0.8241159998967679,0.8800522210813895,0.477016036880128,0.7634165421617363,0.8205282189970224,0.5365169394074244,0.3600853063194034,0.7351928719883057,0.4695089925485207,2
0.8020711014733856,0.5829749781247642,0.7778935954287517,0.3775741783781997,0.6391784459145089,0.9331800314397924,0.29077327032073863,0.15641144732872825,0.19660026920119444,0.8594180151808666,2
0.11226463979030815,0.941612614904288,0.93391981962597,0.6099541821081316,0.8920846047611696,0.4411012160641067,0.7181990588920787,0.37094914381287253,0.7822968103668203,0.82539463350251,1
0.17521586566275602,-0.09515305708532118,0.4301174049459756,0.4643602208236082,0.6883000967023757,0.4156433209384372,0.048151186900596714,0.5359809910150704,0.966828899134169,0.6007573885241706,3
0.21045685292606592,0.7720458080292802,-0.0015843420536337458,0.4194856274305394,0.9285419218818326,0.4960016382917101,0.4367887118662251,0.3596041739574836,0.19510069089187862,0.2259971905574913,0
0.7739073021527396,0.06174053877016589,0.8643769558847252,0.12601186023339256,-0.0033757911486352737,0.994058504885635,0.2794508580885841,0.4315278628482418,0.05157802761191818,1.0294674007394895,3
0.23694263753678205,0.4377519375585055,0.9304133335401752,0.7045626526696194,0.0021234710377929797,0.17243531342369625,0.7642673476525083,0.6132140857459486,0.3456764819651323,0.78953806346465,2
-0.04039579072339117,0.47128220298827256,0.2784376162020257,1.0629846275981394,0.6493316144837946,0.8812576260017013,0.19958778146694356,0.6659496078455165,0.7542685489352655,0.6897482218798754,0
1.0669959385474517,1.28109065408844,1.1074331016085375,1.0789949354908308,0.6759351375073832,0.2687543824130423,0.004724321082074934,0.9381030809506925,0.1209998575758772,0.41000936276198263,2
0.08751903546996602,0.0861675647854013,0.49890123295300515,0.4992309348454994,0.3322933769902174,0.4930285809599319,0.9984811739925601,0.8409492735745003,0.7104846589747614,0.3943742825009924,2
0.650271918697723,0.1677902458338852,0.7202478979190082,-0.3419379246641483,0.9512565752707917,0.056673449193333,0.43450753753960303,0.7788937518369313,0.27709527932746747,0.3596190080586207,1
0.7675815176077174,0.24129497348985768,0.287684589586995,0.2262589378263407,0.807735786259136,0.8799049893785986,0.7556646705174702,0.5965872457315021,0.8244529175404353,0.09033367294666483,2
0.4884019413252321,0.5663385051187844,0.2206254702138794,0.7098718374466688,0.10161871128790326,0.31376872059080796,0.7983683219684031,0.3835440521295671,0.7084252652974865,0.23661513057985337,3
0.09641324455124997,1.0619835896207577,0.6629844734486044,0.6537209251439438,0.6947585916096821,0.07333287378217707,0.8695552431963356,0.3880258861253674,0.8514278052950188,0.4941193847188612,1
1.0569990125004616,-0.17954337335518805,0.5002929046255055,0.6422871820856052,0.36281866790248196,1.06470145937338,0.21386234888839578,0.9909948472233541,0.640372436053909,0.16469801905682643,2
0.7065465517737243,-0.13466123173814137,0.5433798220483502,0.31808414361749066,0.10030774984493752,1.0225626994092065,0.15737778549471598,0.6046399443767294,0.04189970582683886,0.9784710347130463,3
-0.31222534274253927,0.2208007720279236,0.09355231986479706,-0.022398179887592018,0.26304515775008797,0.42240908540802913,0.6627897223586204,0.5043724948570472,0.25900087901251495,0.3344498516124322,3
0.6753482732541404,0.48239409076310186,0.614620661197556,0.6727584542076231,0.0672472535150893,0.5081781597922577,0.7359338466176293,0.5414952552447289,0.549429524784137,0.08562957073628524,0
0.8161511052140034,0.3057147919362504,0.9415017863349131,0.44410437132572717,0.39644128271106116,0.5615594426552174,0.4044693388536174,0.4570932508288177,0.3558928075731162,0.22006688797436452,1
0.863734736235043,0.9541675366849122,0.03727199338433944,0.7297723873279323,0.5098469855441133,0.3597423222969237,0.8234911186230922,-0.00935314517701169,0.3321107365790025,0.23503978252841304,2
1.0199603300625533,0.07971309283766179,0.31787442327392446,-0.0744643074035688,-0.058402141494993676,-0.14252293969507673,-0.5404194896550566,0.003699427665860365,0.8690710245117826,0.813474695116304,3
0.8366939523207902,0.5626810761696994,0.730867021971845,0.41079826140775294,0.6788881122793146,0.896536469522165,0.2620222254306638,0.09885201139521721,0.18836653614468366,0.857888249150309,2
0.39249804171940295,0.2034797329130209,0.055395556367895615,0.635206556431199,0.577336454395839,0.3316267611513249,0.74040577314271,0.35837910499165615,0.0362169939619644,0.6463825087112923,0
1.078719605201437,0.7144119648262351,0.7099473717222822,0.3807029250895556,0.9817056080888754,0.07316485099916645,1.3689578553655455,-0.46015641684244146,0.6598001401238877,2.13790576183905,1
0.6731075837313856,0.5165518107826634,0.5422902070901562,0.6969023951890762,0.0628779180781624,0.5236273393963268,0.7317541396937827,0.5588308887127614,0.5030372542483605,0.09757296150321162,0
0.5060905447573569,0.8527501927115557,0.859042118731582,0.4634472280035985,0.7769433366076532,0.8337178566336132,0.502313491750334,0.3636678365740854,0.754782544477198,0.45117420253354124,2
0.49308399325530433,0.7970483643829134,0.8697581453988484,0.41679354835108073,0.6953733053872131,0.7623510431516617,0.48805404399392693,0.37963700080119195,0.8011911457635261,0.5039847067827765,2
0.9010804347702825,0.9376443111455388,0.4877734324901064,0.7227462750340071,-0.08078786338268001,0.21165371244694503,0.2678185433605773,0.44433953586318253,0.17255107066714057,0.6955787533523303,1
1.8236506972914448,-0.15000907415834475,1.3472374570518568,0.912573053782529,-0.4873061075578615,1.2485865849941749,0.3147033027777438,-0.671856528089232,0.09618573189052504,0.12239011042757875,1
0.7866397581819277,0.8600888069400701,0.7968408681854081,0.8150578562909939,0.8843613602658009,0.23137239849241567,0.3905458626310185,0.8028246228644986,0.34703970407180323,0.6106253243679152,2
0.9135079601365541,0.017818379924312622,0.7265672107248797,0.43713869038296926,0.18096511679090413,0.7775243304274243,0.3299095953469018,0.4753906123346103,-0.015510768742629688,0.6356274773491392,3
0.6710295430914728,0.08308080778452256,0.6067621918279145,0.1528812684347614,0.7669757852370769,0.3011861986126774,0.5398866129033248,0.20171738199093428,0.6513891108431905,0.26049107176942093,2
0.41365336047417145,0.29295474140417566,0.6953275715560172,0.4950885495305162,0.7147629647886141,0.4047386017822209,0.20527629295947541,0.758886252444913,0.9284810742351863,0.9084154235880759,3
0.43065264330711417,0.3729448540642134,0.7743109722718887,0.4320041780179177,0.7336956302884963,0.5628268232873171,0.4228854409668896,0.738802321781615,0.7678820775566733,0.5582368247151506,3
0.2663618283945643,0.9179339906735973,0.6329855677612352,0.5137405148274029,0.7980755032478015,0.3524831281863482,0.9990374436318918,0.393884314544486,0.5778089393191497,0.7728569821539202,1
0.49474915568190686,0.6592937154271372,0.24014813712191302,0.3196780213853376,-0.11439820846051882,-0.014827127575073318,0.7667912913665065,0.516224263934767,0.35222874073206645,0.6003537534864096,3
1.0124717453621188,-0.17620592257782236,0.8242704232696345,0.03689073982501634,0.301118950110432,0.9299921806208041,0.3771844971454621,0.4475291567537823,0.35278354924355143,0.6842591317996348,3
0.4034925231548906,0.24877168531140226,1.0741473521467,0.4904625839242252,0.781485649322966,0.30760853002517946,0.2859072995708077,0.5392915267332838,0.8579223705774623,0.582753451008738,3
-0.06001259186161158,0.513065440591629,0.23130011314895527,0.13812487489946174,0.5775449068044889,0.740880684459174,0.07461356626250192,0.5813037772066142,0.1669693958947437,0.13470900050079743,2
0.9921086815684592,0.865455118259897,0.1851572781552101,0.7774039258800717,0.5954101040237485,0.39708064493031625,0.8491404015686932,-0.03223950369341146,0.29478687190765196,0.21158231166223063,2
0.6022752649401967,0.5329930485633438,0.2698214538672265,0.3045199638693768,0.8590081779210412,0.3576274768601144,0.365397860381159,0.05470761177320241,0.203053064111793,0.15720894383857228,2
0.060211103411484695,0.14631211725585425,0.5150351350281632,0.48080938665083484,0.8798408617438951,0.31878039600257174,0.5220513840551146,0.7441364262258249,0.4214707047639933,0.1342238510963872,3
0.802833658639486,0.340258152694665,0.3918172139508333,0.35353375287064653,-0.2834435173031059,0.6534953523461763,0.6374313854544509,0.21549252311174558,0.9851721574999388,0.5153353561207163,3
0.914228562743753,0.3573203357401889,0.7279316356701225,0.02122543994684744,0.891904022101653,0.04714609238551338,0.9062924627711902,0.7026468608931637,0.18249030637705033,0.7507471180008868,2
0.6212255793760941,0.09139131515430879,0.6728520473523417,0.2378884686039507,0.6544813872265071,0.1871760827600858,0.546613221753832,0.20624084494056963,0.6571865343557703,0.33965757318886597,2
0.261760990535808,0.9324880911140264,0.6888204464571277,0.5144737358840444,0.7958278983104934,0.6632806295013258,0.5849073237609912,0.5183278666769355,0.16531764707001298,0.3053933712299918,3
0.8495161406557314,0.8618119832293779,0.5109169881028894,0.5771375147413653,0.7040590010023893,0.22409058610710994,0.5341909772058934,0.04319465055644077,1.0467729632206342,0.05750322227480657,2
0.14880707404378027,0.12626243619934197,0.6564253990702948,0.15171854520705236,0.05327430281399277,0.2741593218594026,0.8473842423618734,0.811923084292298,0.5335697812902843,-0.05343548394868991,0
0.5515545842962003,0.23754966627412438,0.3852655004721887,0.05235532509331543,0.18171128720672414,0.14270187706199006,0.5686953465880511,-0.0008137188697077793,0.6625705444262345,0.3500411311107881,0
0.05583108732089982,0.15338271264288775,0.5251347090494326,0.49656354175735545,0.8779888546208362,0.3380393774356922,0.5112341752081705,0.7378900018831178,0.40040126613155835,0.1574548232739377,3
0.36473063238306114,0.202134318287601,0.0936690410550174,0.6853325411290992,0.540992759897888,0.3213429600422556,0.7757274732582133,0.3238523683721395,0.052428724438320286,0.606165609263932,0
0.9668231473095901,1.0065430648793112,0.636207968493083,0.0015219190880501957,0.08474710402567673,0.2109848119077138,0.014099485891336376,0.7391989082525258,0.98574541572071,0.68526543455241,3
1.0993240381762557,0.23742752716401086,0.5240579153965154,0.9348965063718775,0.8111303748879523,0.7985349055031442,0.2722193043712984,0.8471157137278996,0.6264569418774087,0.19953721319570908,2
0.7039415550247371,1.0106481239217477,0.9654915448780299,0.49247540670002843,0.41320667080765494,0.8986594582368815,0.22458467070481397,0.21770636787944914,0.5411762074319054,0.1280098833464161,3
0.6192069806692612,0.8056674286444772,0.9702339054116464,0.7176818670792982,0.4194357483629954,0.26770914197279666,0.19137825735988112,0.9433538131748926,0.7917689506226299,0.7934550392474699,0
0.3410188561153348,0.9090264063440419,0.6448452228611556,0.3493336812123736,1.580152436819694,-0.11089673195799118,0.5970020774638697,-0.023005610348960093,0.0988492000192267,1.4645144459463477,1
0.8741775899110198,0.302723886838859,0.7016379527187399,0.020530287990993365,0.8969930744889564,0.016386373213149872,0.8814880250046611,0.6636014744704212,0.2152346494025455,0.7698627050792335,2
-0.23812898432231144,0.37358873441023344,0.3010541768746525,0.17733493353003993,0.364517528551581,-0.08577466918508526,0.6234773214126293,0.8454607665249398,0.14442267726192426,0.4867895702653737,3
0.7842844814336586,0.5508380216778984,0.7661927066605843,0.3713357250947936,0.6693251605320265,0.9402848137239112,0.29761115600516935,0.14874318027032046,0.1900893647867746,0.8602247654949187,2
0.475733730346434,0.8541543052871295,0.047985483628138294,0.4370315868682709,0.4699053938021003,0.2584159692731165,1.0867335065093782,0.38941248948308405,0.6135789844973257,0.4446493329116372,3
0.7485852548983544,0.8206663165911848,0.8354243338986045,0.7187769189075113,0.9222304941307412,0.22794524342699263,0.43269211414535014,0.7244710459015893,0.26179317989658113,0.687534080349982,2
0.35625519744060463,0.23530397123334582,0.12088393076831988,0.6584820309204032,0.5698758353792186,0.3006708788940006,0.7746554678576961,0.29461057143526276,0.08171754516489169,0.5874379566453503,0
0.35056359069583903,0.3172486167864983,0.29697253796039846,0.7223533999557104,0.06403709595813892,0.46454800271718144,0.5075587963366108,0.4508517357865195,0.07866981253536204,0.5479820663208405,2
0.0772766222505038,0.12543636440586273,0.5172820732063365,0.5211285319775995,0.9077493737150427,0.30076305651099217,0.5391728225009355,0.7160674539597773,0.42055252571426677,0.18870745160766417,3
0.7149781101153498,0.8316334101548835,0.8433358721654344,0.7907188595121502,0.8503100463407147,0.13962563970375613,0.4459065636034981,0.7276146705798016,0.2721788757009168,0.5836134634484232,2
0.07974264258110227,0.9818265980771733,0.6891834718818768,0.5808012564998177,0.825670706616426,0.24222802657192358,1.0082491318525442,0.36836688084063735,0.6806501303157555,0.6343177136522801,1
0.4469139206127884,0.42237436265211087,0.9139809375710294,0.5725762193980659,-0.09860118793606983,0.41494063179295704,0.6903411505581124,0.4769195853209126,0.3112389651306019,1.0009183501173036,2
0.4746434366189572,0.6348923562039069,0.12134052686440594,0.172766061147039,0.5881575010985265,-0.008119217234882348,0.9704804857165299,0.287942408684544,0.5585017867843387,0.5706446007963236,3
0.8720298680413654,0.8847426743499446,0.09571067795907563,0.7832961359543401,0.5936332653547599,0.28523653339444294,0.8512246109283571,0.01679305865759671,0.3044237842376862,0.32697549797712966,2
0.6336390719171311,0.7343648865887272,0.7395835776251655,0.8363103355958502,1.0292880158709645,0.419850233636666,0.5084331377225861,0.657887986743017,0.35947958814479686,0.5244442836376422,2
0.8216791641450909,0.8763890056559177,0.7148668767968925,0.7620374420997418,0.9343415091782195,0.2405065525013491,0.4177848414212479,0.8459957554709758,0.3764097294984538,0.6557072366602698,2
0.45214924677225654,0.5546668948339887,0.24977761108363583,0.6408918913229728,0.03492606843281616,0.3718890055027969,0.8621822535906092,0.3769873790062443,0.7426599620068512,0.19225065492600474,3
0.8366431917426286,0.22745877147846993,1.114058822353513,0.04788042800452602,-0.24281572809360896,0.6064573331248816,0.7091379050950212,0.5064339552490228,1.1069134065550124,-0.12926507331507908,1
0.9854992619021773,0.12542069601824596,0.8832093094766128,0.30306819045284183,0.4672978493456417,0.3708553797916783,0.4232900346279452,0.5917572447145247,0.48117210346857076,0.3368743632746666,1
-0.05800309052483393,1.1718094592252042,0.7718958688609314,0.5461534418648667,0.7883302639212505,0.29700499695948024,1.0613318758978225,0.18066377396840044,0.8806640699514727,0.6359268428476463,1
0.011428259404085962,0.6107126661730948,0.8148660172737716,0.22735888189467618,0.7321888225266713,0.6814226286911961,0.5343272672785144,0.08208670470986701,0.7759046653601045,0.01741388786538233,0
0.7893178484816459,0.8465347254817511,0.8417803702248214,0.8430687206331826,0.8839314866423236,0.20524399792908554,0.3199046398112331,0.825015103296376,0.33214936043924354,0.6046889364705744,2
0.19008626258529052,0.48657181961167795,0.9563769711989702,0.7062095578938637,0.01870281310605448,0.24027473207169547,0.702605035192245,0.5631379256204285,0.31745416617673006,0.8725039901068778,2
0.32392816185928003,0.8786666027541755,0.6439729504296251,0.27358579318307863,0.14754407568255037,0.8286515725198381,0.5656664884921624,0.44542623393130165,0.3686860907399076,0.40889378689732436,3
0.42713862403552616,0.27227914115998497,0.9465513385708051,0.4890092366396731,0.6922185515893785,0.34323227359252095,0.287565892184176,0.4241730429981678,0.809976230975787,0.5807085459909622,3
1.3200365373224894,0.4210157975527228,0.46544660677653804,0.7098897735506782,-0.07158353945345686,0.5388864860537891,0.38992471196256345,0.8633387993619426,0.06753637835646642,0.21082094497648804,1
0.7116732054060478,0.9001479929759355,0.937299733521108,0.7142791550092432,0.7281816135557483,0.10233287642339188,0.8872702398644914,0.3865538353469174,-0.0008741719506142331,0.5295700008684707,1
0.06399690303719935,0.7542926899174689,0.916951274182501,0.4791617674471714,-0.05232831831635579,0.6249702669820691,-0.04545937112279996,0.10704174145824025,1.6348707305629886,-0.16856712512237648,3
0.5013564720305552,0.8354015406666291,0.891373989839642,0.46631045060861515,0.7646490087667194,0.8348742921943992,0.5479887111010182,0.3755838573319643,0.7257355418783552,0.45919413735010567,2
0.07462245617058527,0.19945313362910777,0.6057061667962209,0.44285819502589374,0.8632427808589008,0.3220055394542935,0.4584601875353883,0.826235143889926,0.47182458592923787,0.22112032137530913,3
-0.01571983868144565,1.0751362778508304,0.3637348643007451,0.974282550922081,0.8136640080310653,-0.09228010432198705,-0.1346874739587489,0.6029041634370411,0.2624387034353882,0.9464600643682926,1
0.44235604992043986,0.6280740503125404,0.753589751076233,0.49366349803876525,0.825005228376974,0.5083802304754055,0.8848974874509126,0.3127929489915694,0.020286118329256662,0.8843315986052778,1
0.7272037725196119,0.714664479790651,0.4531473736766753,0.7263065311937459,0.20784696359658023,0.09480853816080509,0.4264484560467838,0.1541994285571071,0.35473346500079095,0.7401625220331391,1
0.8002802364545133,0.5910338021253834,0.7697009493477752,0.3792136293765968,0.6470964914148787,0.9431363773848458,0.29580368250289946,0.1484845147969385,0.20671897054070598,0.8542625230949887,2
0.6680534053999778,0.5908631129066921,0.6888460471717017,0.6719395968498383,0.910588988399513,0.12929221913043845,0.987997130821839,0.372977584975482,0.28879634713815755,0.22791890688080146,1
0.9705432965866703,1.0028935353583088,0.6470202878582109,0.0032885752010857255,0.09427560306220341,0.21325392935944598,0.033234352749824246,0.7524185375294091,0.9748300444970636,0.6922477207884588,3
0.7459945544789012,-0.0368564638811103,1.0363214293133518,0.1585976166076892,0.498007302806526,0.3517783911976508,0.3494852707052487,0.6001590249437634,0.5237041688287409,0.21826196139482182,1
1.1759403885778246,0.6896578422405676,0.4708606323104142,0.6219751953174618,0.5802284193293201,0.5747021755471686,0.7308856655037981,-0.4575734414654652,0.7684338145052169,1.1253804048453322,1
0.8050880128207768,0.8601968035741916,0.7623624311093344,0.809673151645259,0.9422545747501133,0.25713638486411317,0.3806653175568642,0.7939671754985621,0.3309117083306996,0.6230818118808121,2
0.35670047207258215,0.8343541548160133,-8.15849710776792e-05,0.27069861524264144,0.6189281685378465,0.18648053510909288,0.9390942423576333,0.2781413652252506,0.7467322272120991,0.5713848325675925,3
0.8156842171182971,0.6021680806641768,0.7713680971614215,0.3525661835548879,0.6560529944749108,0.9562078132294065,0.31986012865874747,0.15641693612528437,0.20577968922044768,0.8339268091822687,2
0.23630624156112162,1.0366896608666105,1.1050341798177954,0.7248420399773969,0.7684530626305185,0.09431231295118403,1.0911959552332366,0.9358834626431546,0.5006726018927312,0.08517154691714716,2
0.7289167547514179,0.838193567400609,0.28101121948544483,0.8729944006847288,0.6377984744151002,0.14142452363100042,1.0041457700151795,-0.13988252322839118,0.2867063904397935,0.22847492460024854,2
0.8787223711062951,0.29694503716952425,0.724111414070548,0.030295752815156857,0.8799800052932373,0.006304480582359667,0.8646578864682171,0.6352118736923565,0.2288868446115208,0.7819290361463538,2
0.6656884511169192,0.526908796816777,0.6083917227184504,0.710411877006216,0.0857488748060028,0.5295925548796876,0.738771106411042,0.5378866324480782,0.5372669617147162,0.10385405450417654,0
0.7983790330429126,0.9846160294538722,0.22960384893055535,0.7392004965896728,0.5381683204193017,0.22568496790389803,0.9401968591925232,-0.05212748519172515,0.31313206624389045,0.37515670642917714,2
1.0215990212453003,-0.07016368456211353,0.6139354591226323,0.25052830637367474,0.36211111932850565,0.4209606060060407,0.5352688400494113,0.8619418917319214,0.2017515554816609,-4.235765389737356e-05,1
0.14773822467308648,0.4324937696381852,0.5679066993137342,0.18528235601513654,0.618427063035865,0.8519111624573499,0.8118873255454819,0.046442074624812674,0.3244060962210974,0.5965082058081541,3
1.4246751914836457,0.4215105173277753,0.6974658893599918,1.2210452237984537,0.29845309112124874,0.8684442871398751,-0.024783656551838174,1.0501614226467992,1.005351997174986,0.6142517590477965,2
0.13295466688232915,1.227651747425516,0.5654910494762387,0.7090698651471009,1.1206404389181217,0.36537039056898746,-0.43154849387449046,1.1159897349853112,0.05307066300044444,0.967097220911817,1
-0.11157011247926427,0.8484725439163513,0.2915816653785945,1.0546316819183816,0.550825286772116,0.06745284772817069,0.18633741167852214,0.6132588878608474,0.01767202176253238,1.007133709940401,1
0.7954007221134637,0.8335285487831259,-0.004974213863554899,0.9348587790685458,0.5412089200472731,0.4721997222866169,0.9493594950035594,-0.007957564351679852,0.14578106464058646,0.5157515258951406,2
0.9118293781814929,0.904858120648463,0.1165371189531828,0.7649515981994046,0.5702637200041476,0.32716046842696406,0.8874503863286924,0.013243333308568242,0.2982588594929826,0.31221904636873826,2
0.5912462181018187,0.5242800545964379,0.661615612098537,0.6249828168475494,0.8889214465065733,0.1435586228353602,0.9719868055150728,0.35500222089189754,0.26798595767246536,0.23578316639467933,1
0.1337399820661522,0.6545140796635832,0.04618695805026659,0.3362066427061401,0.7412676943350204,0.4030427745169773,0.42818442041586513,0.4536809527745942,0.24946704111659834,0.48337160266034523,0
0.3617472762252414,0.20238623734988678,1.0960613832298587,0.3497417816458449,0.32294213984604236,0.3931288441345802,0.41478813174809703,0.9333995885728417,0.7195038047150959,0.4627559924059045,2
0.7001995931363114,-0.13057254086312925,0.002754107013009127,0.7163677294786754,0.7883829346798176,-0.04306016955411307,-0.023236601886398082,0.4229511538259344,0.8161270890598998,0.4793225104029007,3
0.46644646933771583,0.8056880557155601,0.9353122907232957,0.6516545486632563,0.1804766254391965,-0.08200834799551643,1.1123818620842465,0.5385942609858407,0.7681548756891241,1.0139753125117432,2
-0.10316440147193218,0.4545167611568392,0.3110873808226361,1.3658843306357802,0.3854871132802822,-0.2759470707858806,0.08077881969822087,0.0638162278392681,1.196243529937474,-0.056503628264781725,3
0.990507381250995,0.1010867312749271,0.553802517511348,0.8664443236011353,0.7117853413023201,0.8685756233415802,0.22596972424170714,0.9529515148313318,0.6389460803779032,0.2761976094991904,2
0.7910888756350168,0.8281451622264159,0.7443294769341982,0.7674293395449836,0.9051381333462173,0.25034732200219045,0.3615928498168841,0.7704454787746238,0.33031822325177584,0.6408888887327044,2
0.011545074139437946,0.61333910989902,0.8144776343055278,0.22730181661379478,0.7288433565671342,0.6776017699243108,0.5322681337804196,0.08305546701462072,0.7791872462484605,0.017856368820406258,0
0.882171775217883,0.10732564506632815,0.8824577794187702,0.3709509273604761,0.43604109353804865,0.36669039525372427,0.4700189677853204,0.5577527511624281,0.46002033248544394,0.3679112850083544,1
0.6967522198897073,0.878903283966041,0.7754989746900296,1.0450658055803344,0.03561812343362239,0.04245385584190875,0.19562786321953868,0.033970081626157056,0.6426089849486363,0.39560184663620146,1
0.4134741242688801,0.3827957389275178,0.4571975206944429,-0.2756402899861334,0.9417078483298639,0.7113125027807743,0.5948566854773741,1.0120427778384018,-0.3281489802423427,-0.14979453270433302,1
0.7278575592224799,0.2849497464311538,0.9532694984079036,0.4103110001226773,0.6808949545377944,0.4017613352023529,0.33668493486179213,0.033293473911867724,0.5431614338869892,0.8026468395031673,3
0.6946130004516867,0.2536201617531941,0.9151298971235775,0.36229678065176957,0.6842251794186429,0.38414591811257104,0.3679846010633331,0.007388717173949032,0.5654809748047732,0.776744137674563,3
0.7793240072145767,1.092641320641889,0.8598531287584812,0.8694025378251182,0.4279289865202846,0.3699555395095753,0.5139539049316373,0.0014214725710734524,0.6030748111045251,-0.22583792473092268,2
0.8118573524753506,-0.12165283706717775,0.24565518609232573,0.871925555770722,0.9595736145845544,-0.03410044006267668,-0.110973081227831,0.6666297387128858,0.5078100008326912,0.47297398062337614,3
0.3665412937523089,1.2036401365419693,0.4242947042893227,0.8241707200457038,1.097336361546113,0.4357452409916788,0.012728503906997868,-0.38183369432957914,1.313012851018992,0.1786933818668029,2
0.9336204732267079,0.4295623153394465,0.7231068565701094,0.4302408282564725,0.11006797721727629,0.7812577822719777,0.520279118206183,-0.027019896726303748,0.612058651795991,0.9332683121726986,1
0.996092574143189,0.7833898177559087,0.804226324939933,0.6400952575612,0.08067650278290411,0.5178817683756904,0.06970702947127225,0.6465071076159046,0.07486573417094733,0.46478988107950164,0
0.598732254567373,0.5600741839429895,0.3076662768113481,0.29279048681517095,0.8296355636448711,0.3423735105839702,0.3606618624085914,0.06437538786422403,0.23990093609474586,0.20164115799244062,2
0.9966764689001438,1.04475530499018,0.5443594245307916,0.7106387444113358,0.8318834001839723,0.3146959612079376,0.516783381909497,0.08561736778387359,0.8368628309154824,0.030941797290761946,2
0.5689643320608286,0.12314240394359886,0.11718950013428582,0.9955983874985588,1.044504509681224,0.19863770794604915,0.06722844815827723,0.7118481398778305,0.5186332041803269,0.4877200048236877,3
0.5842076343858311,0.2938505406460335,1.0589883335571866,0.4585802133688043,0.5956644105056277,0.36381322294043017,0.6963460486503306,0.32061748402491896,0.5629512070773285,0.12185044648143889,1
0.9587017605646642,0.09183162917053245,0.8755978171388269,0.34075417582133005,0.41103297802483635,0.3924433911622684,0.42517283899675967,0.6364162020407379,0.4457410945181778,0.3720271550153133,1
0.16286710190468584,1.0728548452724276,0.6168607673735931,0.6782117639662251,0.8158187343270076,0.3990811825726598,0.8097003831206805,0.176993666144003,0.7501129154132051,0.6129444161327127,1
0.46167299851642146,0.20526384608242923,0.35686101893345645,0.14882067484510644,0.29432383249112143,0.7852582997956588,1.0556798470161088,0.19708111893133662,0.546913298379185,0.04691838571531887,3
1.2640069973828738,0.46297192198784887,0.9323920123904863,0.2878197360257287,-0.21443696761402686,0.341798807731965,0.6059168445546514,-0.027182551681381367,0.8158286685207365,0.050471370493592564,3
0.6228066827439117,0.3818666313302258,0.007496036367862113,1.7948245536500347,0.6714535502153317,0.666532329513196,0.4665524634183792,0.7085894639515371,1.0447821642089226,0.9003298137001953,2
0.7277368554227158,0.03988015715777707,0.7371053258573415,0.24392834614626455,0.09654997315203581,0.9536157540028162,0.1795407714067207,0.48383395674457497,0.2144211690015382,0.87133354996457,3
0.14425525187342697,0.9447985348806293,0.7628095607290715,0.501456379047453,0.8899672220802985,0.20682747190886624,0.9964950311764136,0.3324669286629306,0.7399534798560677,0.6183209335005434,1
0.9543843172595503,0.9558896861928478,0.6106880073593459,-0.0305138793993405,0.12384156267171618,0.1810632467204129,0.05471289393596135,0.7901984979986815,0.9963822616466084,0.6966153207416792,3
0.9540570927267036,0.9999087350690408,0.6693924126447348,0.01645005541833783,0.11973289216080854,0.2147500067664737,0.05530600599837539,0.7604362880867633,0.9624164451163701,0.7087939970767033,3
0.6700503335864543,0.9840195317591716,0.7207993622733224,0.1696478495672865,0.027380124707744008,0.09862989642054609,0.38182855397040966,0.3997409376225362,0.26516243455258204,0.684386489464744,3
1.02983056731041,0.5332999425984203,0.6977300336845106,0.345346562798789,0.09375036426865993,0.8918037514490286,0.42498652227379513,0.05262636334982482,0.6865105280117577,0.9555554216982562,1
0.9700704852531895,0.7137465097927705,0.8951960218637642,0.136528604964685,-0.3780765842944378,0.6815573788608594,0.5358524840488026,0.4739460447242415,-0.03041377073263289,0.28334979181806713,0
0.23133910024738857,0.4836808133945105,0.9948732937333402,0.1956237526243875,0.19059666782476947,0.04375015488492633,0.9663262121092149,0.23552190364934808,0.9718704740523822,0.2375560712475215,3
0.16527534559218834,0.43144609674431406,0.924774149368897,0.3165862144442078,0.8271645890010891,0.6588310843210916,0.48363372934150495,0.9725535265910435,0.44953755159311365,0.4098760512949677,2
0.8936637774991814,0.019308937291290636,0.21080815940949701,0.4705501377212574,0.17449559109757076,0.15594162739987083,0.04418832020288113,0.024805859216208176,0.25016255109915575,0.814421449304507,3
0.3781043862122236,0.8452578606156174,1.1680337991550724,0.30053644359483833,0.013444065771619787,0.05864206695407929,0.6782111406877429,1.0457729220509857,0.7999134480958151,0.9164248976498607,1
0.15012468890507924,0.8019797595521014,0.7055776357472402,-0.486861670282537,0.5958549040439274,-0.4704993131053783,0.7867847347345617,0.9014541334086545,0.8259427492779744,0.18727340088283556,3
0.3291254774743542,0.22652877293184664,0.13577625568741683,0.6725965875605414,0.4842544094113207,0.23795276284889927,0.8182735908021871,0.35651601910885006,0.11417937850042492,0.5110130791274525,0
0.6517227753743149,0.5482621958022633,0.22097396645413342,1.394966181438407,0.48701546974636906,0.7327735138808191,0.6520876904075198,1.024033210876126,0.886195836167724,0.8992198466245055,0
0.6214824443283397,0.9341695813534792,0.2724518710756485,0.564431961372309,0.998697626707298,0.5142247227062899,0.9612870687859356,0.1591783250484842,0.9128220037336914,0.8039909185935242,1
0.9207356854780663,0.01696515926955499,0.2190554722453847,0.4584350092719437,0.19116085572533478,0.16669992236106962,0.06486181437627694,0.04241882395374208,0.24096128382008386,0.8273543111070522,3
0.736611072315898,0.00830110898081085,0.6580328017341499,0.20439823908275698,0.11444114471495284,0.9086904495218556,0.2644784344345726,0.419058526933624,0.175747399001721,0.8479468477196787,3
0.389569335186312,0.5900786006902083,0.4058750734383668,0.17792860913621386,0.0505523748433781,0.6783031205036734,0.031787558191585255,0.6245330554849209,0.9327112963717273,0.13280646353974596,3
0.664345266071511,0.496671426289333,0.5992352293256389,0.6823714274016446,0.055071212536003056,0.5138375485015604,0.7480406254453319,0.5348062322040683,0.5486567561547838,0.07827614600532186,0
0.0921866701855579,0.6736356855592751,0.009180514238442815,0.24843754845336058,0.9461886795167385,0.41923256103149037,0.2917629127402071,0.3308085116152988,0.12155890248468396,0.49425334164096774,0
0.38665442445667675,0.9573076285858448,0.3319580341003137,0.6624692364589801,0.2955539405042955,1.0999460492772075,1.3919387636449558,0.028350762304401894,0.4216279188578359,0.20610955649219992,3
0.47887023691461167,-0.2986398498440847,1.546020642064252,1.7067898009615736,0.16479129574490134,0.5581923046824925,1.86835649451541,2.0038315237115913,-0.08090297887159792,1.3605660789881897,2
0.9827306023726105,0.5629560012470388,0.6548130035088096,0.2727468170630952,0.20210393465589988,0.9267617550804711,0.4007931877533498,-0.10396819465672351,0.6996525512441933,1.1013729304282895,1
0.48107620583784344,0.8990717892230696,0.43585858812365,0.8149211639205834,0.0006960727644334443,0.21943460132483103,0.4735313132617289,0.16972568079073957,0.17554108492817944,0.2567867510615015,1
0.5155079463114403,0.8030907835257362,0.9086548902224785,0.45764413064004,0.7496748350815169,0.7721120312885696,0.5705712432704292,0.3024323896649866,0.7054708913662721,0.3831265522344932,2
0.677279037854402,0.28863450817840725,1.0584159843406664,0.8486096663800045,0.1870576140135844,0.08796367746395028,-0.0693643356693418,1.2214596156950575,-0.14779808941336786,0.18643390938761822,1
0.18581042570386308,0.5884783671617049,0.16234535280883722,0.3697358987740583,0.15013058416006653,0.28580305243148096,0.4957051157066126,0.7082899420678982,0.9001447711353412,1.1715487302159977,3
0.9637306164205993,0.7239156169550849,0.5580455732760573,0.4343799629802339,0.23221793635892224,0.2172374444252313,0.2607183455792306,0.1849373780368095,0.38139165761294497,0.7994083303250213,1
0.9098708966273725,0.03800297488882282,0.22033417421042634,0.4538661837118161,0.20961943884037063,0.15838430249342245,0.07524860747757231,0.03124767166175181,0.26695069549302464,0.8000913173911243,3
0.720576642667584,-0.30386532546360934,0.2099228485807107,0.9756537492388029,0.7056039170200958,-0.0029055109042719074,0.3498029937687084,0.7827605838768249,0.7801318503385954,0.578291922298008,3
0.06286281508406968,0.6874667410836951,0.05342046676087429,0.24565306502477605,0.8611628666098382,0.39395088539155554,0.3530261766124681,0.34819436240815754,0.16617553713369315,0.40133387602184556,0
0.7808141054670127,0.19560944703682007,0.8618226798381877,0.38704526762697383,0.777286522095157,0.28793138078722524,0.2924558473324861,0.02526857147391333,0.5028595747609007,0.8951736438301767,3
0.724035630579611,0.5842608454577983,1.0449947125471544,0.23745797308130479,0.6430836298655658,0.44640110981035847,0.3908944657693432,1.1140985526641896,0.6500100616498738,0.39935459703606374,3
0.4140416794249814,-0.1420760229738881,-0.07995329312404942,1.1207080341258733,0.8795011570869853,0.35340775210194586,-0.14566266602216063,0.4007245535028197,0.4184166446530617,0.29643722965659347,3
0.22292726718486222,0.35680810030546445,0.2697802410901526,0.9786684043536484,0.5382503780001314,0.7045847290597584,0.5326920361845532,0.6849121122469235,0.42839022563151863,0.5381045884981082,0
0.44580419183758935,0.5290270577137698,0.21249038913297566,0.5781954832141857,0.4742520058457504,0.6932814942506763,0.9373266216873175,0.8861107778232887,0.4303672678313198,0.17366412877457987,3
0.5294095880535283,0.8160605602210487,0.8921836023616772,0.5131856226343858,0.09060887377599613,0.9624499696524071,0.4092945607544642,0.1713796393481523,0.5591961366942664,0.3591700490797297,3
0.08400842079907271,0.04997814343568079,0.41292684815762515,0.2960953734633195,0.8347986232299576,0.3408228186133005,-0.008166872715945642,0.816846107936559,1.0520725777549569,0.8713657942082284,3
0.2959165447617114,0.3444764231894765,0.31408998118199405,0.24020559783403667,0.20979867889362286,0.6202426485644008,0.8148703144587741,1.0801850445440195,0.8136368845496469,0.4689620233528612,2
0.40381796174302537,0.2514705780293333,0.6219371256851568,0.5439333937250339,0.4094045856975766,0.6616327760696274,0.780803610298051,0.6364048139126848,0.4541341634015381,0.6008280521385555,2
0.6750749902727955,0.7639276762046561,0.4735897658589437,0.6791450369508417,0.20461935604201853,-0.0005720757253242711,0.580757298489168,0.1932772847141555,0.43765054341087206,0.7685951974252513,1
0.21459144850104966,0.5318919667480038,-0.04104971582645661,0.22044743646016235,0.9116704891485053,0.2429424883714294,0.2696169843470092,0.47085597075344054,0.28377486593238394,0.3154581080034956,0
0.06449134220535035,0.49885440518649377,0.95085353588433,0.01685196023743071,0.7832883001941798,0.43082658184507394,0.5419101420329364,0.5048477991481408,0.30177268035550675,0.21885268965027121,1
0.6897107405765008,1.0878007989351581,0.7035863292826741,0.5587769917874633,0.38608398191051696,0.9578266779593501,0.24428129412036267,0.08738743624584654,0.4957483187133288,0.06621664396026647,3
0.36887586727497923,0.8603571602144948,0.45513338257727176,0.7797772011855462,-0.0005334672568652688,0.29255103283209866,0.5974008448928199,0.2499199939089936,0.16204809820461974,0.2398965977764214,1
0.8280929609944427,0.24927756816562274,0.7771495080943946,0.008367248191286761,0.8495002479232195,0.06429681346132637,0.8519367791695251,0.6199107029519569,0.22765981923631032,0.7505291882281817,2
0.30246684301739357,0.31879809499718637,0.5803548581112923,0.8074820650457806,0.49330150005695284,0.6166440942728753,0.6193308568033424,0.9093915395197464,0.8060774091095904,0.37591065670702684,0
0.6991619199360252,0.25293797785277156,0.9005484209378021,0.34579299683498144,0.6990701489922216,0.3374143008549333,0.30798572570117067,0.023278274811720755,0.5022035505625551,0.8075384430253986,3
0.4565471452230572,1.160303625700717,0.5316264275819791,0.45010663273640067,0.6448368667504006,-0.06337396754843272,1.21202411755971,0.08587105368185721,0.8290717847201693,0.8647659110144638,1
0.08288811046812085,0.9106327571749624,0.686010715545067,0.3961549053336081,0.868328717114738,0.27495783776803334,0.6810043330914147,0.43735809772235945,0.7522475358301592,0.6045262629523142,1
0.848633293597021,0.7764378795530882,-0.029339164453190875,0.6565477060990244,0.6626998499618844,0.19610776797077284,0.845824945490067,-0.045307689050833586,0.1533612971072621,0.368942677080706,2
0.9586968215985681,0.8504700999205499,0.6225040204810471,0.14010732091522957,0.16552730909009472,1.0687311661753895,0.36083272721769694,0.31071474277812716,0.2535046395837293,0.9751631958985847,1
0.6551123667699869,0.1571663551543918,0.5982386672172724,0.09612471071207115,0.823927548503263,0.2741697420217996,0.5710991358382569,0.26230159649526663,0.6550115176014956,0.20223670766907312,2
0.8321304027784391,0.5724917643623071,0.7035389475044564,-0.2120712296891426,-0.08146592359410673,0.17260783371258992,0.5728638198128477,0.878024570309345,0.7758271053926251,0.9428120192463673,1
0.528805963664751,0.5492298153208884,0.3168377135373858,0.844622421707619,-0.25217786800007413,0.2698810013258967,0.4590020347071998,0.1343271977714497,0.5670097661924214,0.21519881293933305,3
0.8117806784861574,0.8643274627178976,1.0135011907249392,0.31137517599687203,0.05147452651773596,1.030907829122675,0.09109754226194933,0.012636564586827983,0.4700262280268953,1.0093509108186693,1
0.3346926270199944,0.8264864300256668,0.1548101092115955,0.34556574045674915,0.5511336788660648,0.1915416969546987,0.9129545660208812,0.3232047363273576,0.6865366177757646,0.5944993144266163,3
0.9324627165175602,0.4638967703969659,0.0044256487686739655,0.9882985260267889,0.04017151734533808,0.15052291326010914,0.017747702219009027,0.8799264911717634,0.7796855729038573,0.05723860944666011,3
0.9150354466666624,0.08178018578918766,0.3734472891080631,0.15937027611119917,0.7148847945598832,0.375843070251501,0.7942399729229092,0.32580451241605923,0.43610187618673785,0.515532687087364,2
0.1846357311805826,0.4054825929589546,0.6309345308974939,0.2201342129910642,0.6664431755142838,0.9131811493577019,0.8935262774413242,0.07251201573521171,0.4107263891675357,0.6718332526378293,3
1.061775059702201,0.4701283915231339,0.9237044245426445,0.38405497891392215,-0.01740594057346767,0.4769694801871744,-0.0013288059209364822,0.9099426105460661,0.03242909843193348,0.34192507475777456,3
0.45615254600391375,1.065751457273231,0.6713675097860461,0.1728505216543778,0.5796924403496635,-0.22584173139219502,0.9028108974900819,0.09914323962939608,1.3786181170339915,-0.10250218792707538,3
0.12002174589162748,0.6625993834936796,0.272902086242409,0.8539145478332598,0.14954420269648733,0.4392863410990844,0.23070845316293256,1.0073377324418153,0.5131375757965533,0.8268169427534877,0
0.9356263118942018,0.3799965360992008,0.10093269130765717,0.9718910686542921,0.05935332868038967,0.16119137858388027,-0.04389447457177885,0.8395172741479905,0.8759540243693169,-0.005746611974039466,3
0.5372393380553706,0.4554499311112856,0.22223423192569247,0.5783709930708818,0.4185793488280576,0.6250037859418694,0.988277668997598,0.9331812071758759,0.5207907267340783,0.21724019841641626,3
0.6968603079055781,0.08151547326048793,1.1687779657755857,0.6620105300580075,0.07373172524102345,0.7353421463922117,0.6872552285650649,0.4034243845176286,0.30099365564103553,0.7277810612021818,1
0.8213411085856708,0.689307892365002,-0.032983776141899845,0.48248377256649255,1.025506246183275,0.7828615418037377,0.749603616009337,1.281823919509213,-0.3055589973135514,-0.14303931041348042,2
0.280134301735126,0.8974497152709177,0.6750839137863958,0.5082049791730713,0.7487732538811461,0.6876218396974902,0.6483064204163822,0.5493330440992141,0.11189344163467847,0.3904175142569546,3
0.914006124867517,0.6991905496441657,0.9040118161582671,0.4538884656511145,0.6400286071644554,0.8746069361999538,0.5914194942354677,1.1224607103700808,-0.15088978691526428,0.3089466519294698,3
0.12275261530719991,0.9668062001402064,0.6932419694166176,0.2208215332132755,0.9060851888437107,0.3427224631470076,0.568222691325327,0.5761811320164201,0.6684542517214987,0.7825718536360097,1
0.67896191960902,0.5173920717188882,0.5514342506477289,0.6429106785503156,0.007282888499388976,0.5159367419670078,0.7413510664748378,0.5802386794833405,0.5822599870942969,0.03495258428980139,0
0.5663657576683299,0.16071803198515128,0.44655902488104016,0.26880518402686376,0.44861610929018225,0.4428157043746929,0.3041825798503648,0.8125187364591268,0.35471833590845414,0.5757100574225724,2
0.6410228759107219,0.49535509259512384,0.6244692059698694,0.6641840927508813,0.07293789190799936,0.4841568195952701,0.7459586104777034,0.519627768372546,0.5632386652130115,0.09678943664349828,0
0.35259084058882717,0.01648717358357854,-0.00941463030925041,-0.006372246219148253,0.11667141756499935,0.8739273281242235,0.3168255177581238,0.22954652598370384,0.8261965728823034,0.6765104139288292,1
-0.43872245088154493,-0.24294132985611472,-0.03534750443324253,0.7462540194437057,0.6043315925407287,0.8765740975369289,0.6903527039264183,-0.10416506584042612,-0.3204134285590673,-0.007906408714937252,3
0.5957178382575535,0.6088140484690192,1.189276784760324,-0.29052629860574725,0.3399609863184221,0.04772604700691141,0.30527005136672214,0.6697193119043879,0.7890526077800141,1.171134356534038,1
0.21185813384555377,0.7362086323599566,0.8767162980147859,0.4749103945975822,0.8715556831490074,0.5606788037125521,0.7965243886859728,0.46825316832623026,0.5515525405121359,0.8607995127311339,1
-0.08405780421580772,0.7900672099818,0.9698722792936936,0.8931211955847334,0.34013666861110536,0.4222243815100666,1.1219301733142726,0.4860240184069623,0.708728358138152,0.008580842982834722,0
0.13402708609692157,0.10063906113499371,0.39095042011599224,0.7184989641476149,0.09782176834018443,0.39680760392996167,0.5395222214390637,0.8416087322621317,0.4254546645032578,0.44636312340753304,0
0.12510570450951813,0.23265018765417453,0.05620502201542803,0.21295535306020524,0.33338385315840635,0.015237456145636777,0.0497291441894611,0.3595805277459622,0.8101681907955806,0.39104380468232935,2
0.9426190779547745,0.5769255560978297,0.1877492940979378,0.2878170401525172,0.01791105694806107,0.4467113176144882,0.4983513274873349,0.504759943720422,0.49304190885517274,0.20405789414611958,0
0.4079660193182557,0.3232531825433122,0.5028127131099974,0.5956249484447987,0.2274543398156036,0.8041500377282167,0.8657896776884477,0.5241371157101273,0.3791447772777362,0.6547442024763179,2
-0.412526945013893,0.6601116194373486,0.3910418664707497,0.6339604429048376,0.3966074263372553,-0.15321467538776162,-0.055767425022810624,0.27695156954839684,0.5822698531496135,1.0661226841944356,1
0.4183361505698802,0.1447694653853144,0.010469579621787906,1.0934625313873743,-0.016936681704603496,1.0815404267045916,0.3997397075096779,0.5286917109971649,0.17905252662040427,0.29527221327675773,0
0.4304225997861839,0.5811917004447362,0.40553630866724216,0.170422036861254,0.0527209566430154,0.645665242499488,0.02304291371248863,0.61176897302154,0.9082455063427033,0.17857898965282512,3
0.9188147488369508,0.3767995651986418,0.6977616696471453,0.07971786761818217,0.9218038094854044,0.04270396678016862,0.8675441838766379,0.6845641967895286,0.20375958826697374,0.80974334064471,2
1.1980694908371197,0.352424259270392,0.6698153644420917,0.6819487621402377,0.8269774838647799,0.6562628131005209,0.38197076823576115,1.0791926657090039,0.38359069636387316,0.4572894143950691,2
0.6683013647453385,0.20834324888576736,0.17015911497066494,0.32925772412060683,0.4527860056525685,1.0496408975950657,0.8541190924112696,0.08646921960317841,0.444094194488198,0.0708337286654263,3
0.390163995142583,0.6720405066481667,0.35547302169840284,0.6966980434470553,0.018965688367702044,0.22472422336230416,0.9030586508199283,0.4402116223985212,0.6939249400688201,0.27243112364686267,3
0.38918628841763314,0.08597177228330366,0.5708132776026605,0.1316694614360663,0.15223892249546442,0.7169133247909957,0.32037320523352814,0.2930120973280403,0.8725438830687867,0.25478876897462216,3
0.346502330331483,0.8876269015067356,0.5645819468153885,0.8162862168321598,0.08916819899573276,0.30758090715061903,0.6836157089604181,0.2704170094930808,0.11551830891317641,0.12251610415861601,1
0.15200424699527876,0.29320928196497986,1.7822776398688296,1.0863315395857234,0.6934169288066728,-0.1579328209124063,0.4993019073099929,0.7458909821362374,0.6804113473826583,1.2423177540168666,2
1.1295844547645908,0.5353566908499376,-0.27566172347786766,0.23091289319482566,-0.38068116540872243,1.173205382824321,-0.1416746151679146,0.029242116226754156,0.5341616498407695,0.43099588536574124,0
0.9395357379825677,0.48915608049368225,0.015554581393470712,0.9941645189483403,0.054062259543828456,0.11773700739419471,0.01701470695532095,0.8796506384086554,0.767971099394312,0.04833288163626485,3
0.25169300621563084,0.34963953723542973,0.28982243080682457,0.012618638727161636,0.7385924749353148,0.8653786443752358,0.6756955218322134,0.05246129578114202,0.6637049131196272,0.3542338157734846,3
0.35867318774686663,0.21091988666303618,0.5873055976355542,0.9841573428460083,0.771731665744241,0.519908013926599,0.7408237687075983,0.2366308859959099,0.49685854765735815,0.38403682949561446,3
0.8338995977889984,1.0226998788787236,0.8117867282467928,0.5365622459178955,0.359049637274247,0.7696955306619835,0.22256394067270083,0.15716754277088277,0.6161566578946353,0.024987763278852756,3
0.4234266992768947,0.33568852245984376,0.22183207858628684,0.2982032683222253,0.3722979293773215,0.7835810936014486,0.9468488513858638,0.382050622924733,0.5716513737118118,0.17136611355412965,3
0.7784377977365694,0.5561557999971507,0.6148091458368677,0.6286773033989025,-0.0237075733220745,0.27290459407310164,0.15751014005247277,0.6010872686296506,0.3576269131759587,0.3339873084053985,3
0.1791090805549143,0.06653918556952133,0.42067995750718057,0.768060577556362,0.027337131847165824,0.40888505564606015,0.53643514768586,0.884464133836404,0.43104935743074774,0.41808204891962647,0
0.9995952045858038,0.5108339995786131,0.009316371793253425,0.4325198335197482,0.24738911766013724,0.5137618698524917,-0.007044779369633256,0.4889385133154959,0.10056534199408027,0.6497940017603251,0
0.232344991398443,0.6235540735723603,0.3096206098395586,0.6266935340353942,0.43041683364082495,0.9325267716064276,0.003870155373069773,0.29149139774253374,0.308300893181886,0.12205357717999601,0
-0.17186245016799673,0.8123553296838789,1.713042591745889,-0.7960013306541198,-0.4368198856229457,0.1700468795990524,0.6626854721311273,1.7218005690241678,-0.07695211505660116,0.6088837945169966,1
0.7639544912852223,0.05439747541597639,0.232659600373411,0.22165412533242665,0.8881733808172564,0.2880615315655356,0.055824927375147104,0.48917595469837355,0.5103831709053785,0.9792534138168811,2
1.1256704642231046,1.083474060659515,0.7248585802450523,0.6258716739279426,0.68026659836679,0.3352693351801181,0.676633008363517,0.08463668468856295,0.8885941615335335,-0.09084052236738772,2
0.2770406413460089,0.9633558313991508,0.6733685736108569,0.46180850949426683,0.7741399298522205,0.6422310168600491,0.6094680442086753,0.5205069820096875,0.17663605077692185,0.3496379513617911,3
0.7583938407669029,0.19023239692098398,0.8777385643895955,0.024522034658534413,1.009659519235098,0.566929170452909,0.430616734710215,1.0199279500814513,0.06050264447756276,0.5015011122056204,3
0.7841323135246694,0.5875719663231047,0.794549994916508,0.39277858029081775,0.6347815641708923,0.9235791463246569,0.27562379323295394,0.13933237229907672,0.2128964277674701,0.8386261980043686,2
0.4276180430385092,0.554958022045539,0.4044140633049667,0.14395140413445887,0.048563324726099207,0.6541916521254039,0.039722315987556954,0.6392105101180879,0.9364711248746569,0.16705326824696692,3
1.0434677637819223,0.6964485048905418,0.9054561691313308,1.0792167342375454,0.1809058938595015,0.7431204379876915,0.5302798496508021,0.5051912289839862,0.5647705308025313,0.16004034306833448,2
0.050214344943190437,0.11772795010895586,0.6883269818325372,0.12796363105408434,0.13433566510497327,0.4672064394029648,0.6414874384603892,0.7145908824004072,0.0013609337884901013,0.4079927608451924,3
0.8014447117034821,0.5751905437046942,0.7804265080902831,0.3804132162939011,0.6437753248413323,0.9416887087781689,0.2970037181160759,0.1537080591516249,0.2115810764331099,0.8575698088851481,2
-0.03518502142682828,1.123137127192484,1.0374063982413706,0.8310700100554385,0.15685577630292888,0.3785779667023029,1.1456970621591012,0.5682634881815236,0.8855413333292426,-0.14829193521386302,0
0.4965148215579007,0.13626108382340135,0.43735920087214014,0.34896862643562543,0.48564592559075076,0.5793246712676862,0.4341542415509667,0.8586305919503775,0.353481630089218,0.5703537546752412,2
0.028779186750166594,0.8197521651338098,0.5735857051092087,0.358702876180644,1.2194669412517345,0.7237712016860808,0.645087044343935,0.43212293364340854,0.5236150147580283,0.9904159111302209,1
0.42421075270549247,0.4490479784162571,0.18407238867037354,0.4956573929020333,0.4009776088917889,0.18978504019216505,0.13584300297748336,0.7787917836861561,0.0942754453220544,0.598482996121463,2
1.1987363468850827,0.5781704207189383,1.1913753828438773,-0.019270893121032168,-0.34597220619689506,0.1621510123100221,-0.1238234628946075,0.49685996289950973,0.8720209378303656,0.5958933056397303,1
0.7561115452926827,0.415304409036047,0.5127269698295197,0.7491470016584594,0.536393637159216,0.8469810528485199,0.614021284372831,0.34665109925981363,0.15562767535262256,0.5237740531872974,2
0.6677650121241259,0.4819383662224621,0.6022129819295629,0.6966551791651225,0.5883011574112185,0.9510178964113908,0.6511687023447735,0.2985078841558703,0.20015553321341167,0.4859684996915453,2
0.102960728893558,1.2601741227136432,0.3558753478545633,1.0428253320051635,1.0526168139372234,0.17921632342994695,0.6175780644155606,0.8734487611359392,0.9144381917179724,1.253310124778904,3
1.1242314925317225,1.1719689609022395,0.631997126746793,1.2424784474715538,0.5959509753102132,0.15517573270989982,0.7771780138542853,0.4632146122731547,0.6873205220204441,0.8319123522485952,2
0.5121749216667988,0.3872243987461835,0.4122210920302379,0.1344382351562889,0.49095614332765486,0.4454169510879203,0.7823294758958802,0.7694394872799584,0.24730970618683942,0.2736771333535623,1
0.40642253149311347,0.13604086014716285,0.34835307475068755,0.2251607184278966,0.3949213346981396,0.8628993821510368,0.9611206289318431,0.22506044076198473,0.37876263261994847,0.09290573131936145,3
0.2537639098015463,0.4484174828661523,1.1905832876579134,0.8382945182246184,0.5857277291062143,0.42494776511776217,0.3408593631260255,0.3034078829881972,0.6196060851532316,0.4001037765343379,1
0.3019027681567761,0.43149755357579006,0.44992142845121036,0.25748977995233974,0.5714250565885772,0.6911378417839665,0.7987577906266164,0.2510811451885268,0.42977328208971516,0.49346845421046953,2
0.8322887935778736,0.4723423682516769,0.7456057820526699,0.5178603205934756,0.5970272416876753,0.10052112519269996,0.6160636686212648,0.41287823281337555,0.09108644678803561,0.08403659252211346,2
0.26499667491537066,0.08124004173413377,0.0660882943198096,0.8184096006506074,0.5864209567185349,0.45304377689318864,0.756855749703562,0.4348116114895292,0.11693951162066668,0.5984376838052424,0
0.9569667822538571,0.0760255713853989,0.030681325210799953,0.7620894647229511,0.9199807175160997,0.16843898947876945,0.5718214146414875,0.7187001976717108,0.622781242566129,0.7477362589073426,1
0.39087201620301343,0.711602799959914,0.3099118820537143,0.4261723629873725,0.3198481229164382,1.0205027501959292,0.21546182390934548,0.5193112039222754,0.1625838244343139,-0.012554885372739188,0
0.9058374961745206,0.7551615970878229,0.534278133374904,0.4590588502678281,0.2566297885869147,0.2866345944315601,0.22792678399621139,0.1394222391543475,0.37861525732624113,0.8726348240429257,1
1.5129474217656795,1.551712446082655,0.17780697979138238,1.216022457135372,0.15789886773821987,0.8451331690796986,1.332415800175645,0.4839991244480145,2.005935590252364,0.5788603576204553,1
0.2899730504668954,0.9312390870195302,0.9250746916916426,0.5336934941859909,0.8566084052932263,0.28507553448838585,0.8973086078131821,0.976910425616184,0.5942404087759168,0.1188536779489298,2
0.08066691703849703,0.9632237284504448,0.8611722367378414,0.7623787044304186,0.1520353328942141,0.2687582993971609,0.9982343808517723,0.4962329999593017,0.6810741040575343,0.08704954165398274,0
0.48887734904569063,0.12852787997260398,0.5102488743076917,-0.04849106913656502,0.06507933336474737,0.11856291778802011,0.5194529452571862,-0.15528961376168754,0.5370470791833222,0.2885859431709721,0
0.5599927677140697,0.3123214963313765,-0.15089653993557373,0.5926522565191474,0.6121780013985509,-0.22715340835705,-0.12174139498430467,0.7635105027309452,0.18124909500772352,0.40235773170538447,2
1.2537884718702241,0.8015176673185429,0.8461778416213361,0.386589488692369,0.47993115598653147,0.47839544784776106,0.6578248109296111,0.9693231041312947,0.8424770911726536,0.6940978611162432,3
0.6258491828782636,0.5086264467607043,0.06477045168358853,0.11140878257240538,0.022360054598699275,0.541185383689855,0.04698995353303594,0.9951180603607124,0.711795721077939,0.43839575410648135,2
0.34312173503475746,0.2307215776227743,1.050351100741496,0.8296264084780239,-0.06769017714054859,0.29633915943557876,0.5201524116401044,0.1808953354188978,0.4887093245517145,-0.40387184096269846,3
0.7623248175504073,0.445157909411577,0.9786988211981852,-0.10911980621852768,0.05471844485562748,0.26473242999162416,0.24697009157830424,1.1026735804305814,1.143504813230768,0.8074701689835844,1
0.3815349758277014,0.946550884759373,0.7299730416185238,0.7849671977733055,0.504203346739124,0.24703950646608647,0.7645762646986078,0.10490860047064265,0.5210655902136403,0.75648600801728,1
0.3640374150662725,0.7929132089936415,1.0806577090734804,-0.12039076525527398,0.5629483545486658,1.0058281546371561,0.833723192651101,1.134404842295406,0.16684708281246097,0.7870254625315547,1
0.3710642162725794,0.28311953681563395,0.36631543228102065,0.13720831951806334,0.46454790800369783,0.6022565512471356,0.014602968802366754,0.8211415170266069,0.7892888594901448,0.14965729630988522,0
1.0837418526765288,0.2895904026578239,-0.02304065904884218,1.1334130166159047,0.047248648493009075,0.2451849122881311,-0.04632433179614405,0.6666670047919862,0.9107205909174191,-0.1574653515937264,3
0.8715938383164957,0.03338754450348147,0.4878623871054172,0.12567878648011332,0.3290382609677075,0.9455996751490293,0.7920285317266171,0.7162648214368081,0.2793194282524343,1.0342677515187226,0
0.602261759128342,0.7352865466794126,0.19879131610406842,0.8192599189451927,0.12221904794493235,0.8345564456251753,0.09180118126655354,0.3852110515278112,0.12982016766715676,0.23821642369112905,0
0.9853876141919952,0.7456579884108587,0.6278042803456959,0.22323775716020766,0.4478734877543257,0.49496793656374405,0.4109508951977781,0.956928484667957,0.6548434426173603,0.8025001312114826,3
0.2870784480811081,0.5185857759398596,0.2791894813477637,0.6089604371465438,0.5392262522845782,0.9079190476975996,-0.018255214941788847,0.35275313649364887,0.4139290226875218,0.15995132147065794,0
0.27609758711278787,0.3126740234054568,0.33442699739843756,0.16301811189620016,0.6004975707740269,0.8245698568741915,0.8362742980315256,0.13901960462078994,0.6165521090506432,0.5120881012152406,3
1.1096119534936675,-0.5194762658270824,0.8725964409475775,1.1313978317630884,0.06827821707367412,0.09282326856625844,0.8847187318012415,-0.04342362298693914,1.2391014082077385,0.9647137107846162,3
-0.29688971468629105,0.796668576443351,0.8430276323716945,0.46839839518391974,0.22490538915469963,0.2611359504600449,0.925631197225882,0.2807323667975782,0.6171953468869812,0.36040365688720555,0
-0.0021202788303694153,0.7066620469048325,1.0130734359392672,0.5040983838739856,0.6099000133759993,0.5585789821221296,0.3060957598454324,0.5067341676554722,0.3639466947066882,0.6056984268867778,1
0.7283517016375937,0.602591043076705,0.510807686344734,-0.053959314922494284,0.01104277564377365,-0.052267149427332904,0.06733894581989336,0.5643612622879133,0.5698371399020956,0.5693089986531075,3
0.5005137509282562,0.7183802305700919,0.9090025449447845,1.0133820293140068,1.0001259174518102,0.17810760606216136,-0.16590048996560586,0.7236941134822122,0.877690958100629,0.8079654152609725,3
0.30658472352761423,0.9333455663109517,0.6960367818873043,0.4736071264383987,0.7458645162178925,0.6101516993656828,0.6541159434083917,0.5330320360729092,0.14105416383995267,0.31852081651635833,3
0.5107132933647622,0.5177979213377323,0.19364922156537534,0.541518594548601,0.5107790015940773,0.7168186025181278,1.0307933676139465,0.8729762150152399,0.4092954689175647,0.1438961972777179,3
0.7710246151244091,0.5765903059985024,0.7687592947085746,0.3692638538364204,0.6428466114285062,0.9587284478203442,0.30623027887515475,0.1306120758737572,0.17204077087214992,0.8427558135946827,2
0.4644534489447146,0.8266186579375383,0.9259674186749756,0.42261679481810355,-0.5395664705954252,-0.0779383241832263,0.5921785516491256,0.5913770535714749,1.6039127858217115,0.9881922096362653,1
0.45456218211161703,0.5331403941981638,0.1884795156043175,0.569027281575977,0.4997612152667432,0.6625795021977045,0.9574029441686325,0.8732399048194921,0.44139585548005844,0.20807954720481006,3
0.4539753601194095,0.5788085726028117,0.808509195400432,0.22122934098938674,0.7767391784931257,0.6947225969761635,0.4999228504663904,1.0173049914093255,0.5115530538309598,0.5427375900056395,1
0.5324703829675557,0.862445142136997,0.7340386866249329,0.8910713841223137,0.7242790675074497,0.4088069441321159,0.35081801453911404,1.1272417233066894,0.3605780038381394,0.32178522442531315,2
0.012401496081960261,0.6131661832356122,0.8131522877475073,0.2280842283901139,0.7305313084464852,0.6793693608214324,0.5303689270562448,0.0825903497202774,0.7793423934125464,0.019219798695688392,0
0.7708287493180269,0.4618138348055924,0.7364870883864042,0.8170054836782134,0.45948728008208517,1.0839374479938562,0.6198833402977552,0.3718478893577513,0.3195311291999612,0.5045860511229309,2
-0.05267683452878663,0.3500293828823483,0.1254397014309971,0.019595709184239127,0.3226402008388909,0.19347252782499397,0.14189557379169607,0.24248778643157334,0.9925964266784197,0.24984319161816895,2
0.1229272566019579,0.09467011106480952,0.3776427834777091,0.730626356532505,0.09646338391918975,0.3820772135666455,0.5367689969817946,0.8405283336897671,0.4243205697364624,0.44770474998773946,0
0.048210530856450634,0.7736803652791883,0.8541354418613718,0.22374038499937007,0.999953536771496,0.5450906175991546,0.6861718807334725,0.45135323699618557,0.7125994984605708,0.5133371918702736,2
0.9016579357988539,0.7245176207413738,0.5114046789868302,0.45182951355578854,0.20756315277938925,0.22651163879436126,0.2716208320967351,0.20221194622033425,0.32286779680583355,0.8090952939361824,1
0.07186433343077037,1.0058789009185207,0.02521736760553065,0.25637878980634327,0.6246968041057693,0.8605931565878548,0.48467669632165067,0.2672758353511683,0.3635399295738885,0.8983736684131882,0
0.4344947866633393,1.006625550429784,0.5697057981194855,0.6456197565054247,0.2930648288839399,0.44377995908948287,0.7707103828509667,0.17881382151974617,0.493158188299442,0.6254580375955519,1
0.45119010136224086,0.11530891341239709,1.108408362564258,0.5287536648766721,0.6280938543843348,0.2526629404772173,0.41979450543534974,0.5512804217281523,0.8317189377289805,0.6240292724096274,3
-0.16319414400318438,0.7838103136353495,0.6986336313376548,1.2366135679209884,0.17725142857064313,-0.039583709639140596,0.8467366719180826,0.3715411855190122,0.7994902626307147,1.1115516850171778,1
0.6168247583650502,0.6760590259142178,0.07360109422419048,-0.22038454372283633,0.5989529243596926,0.777854757372112,0.7429388326068753,0.5320563200981598,0.49513670169736423,0.8055974333719048,3
1.052925038702589,0.07928037146013242,0.7072171789563386,0.6668659853573384,0.46863190947284017,-0.15807761846097368,0.3834003612962803,0.3259529519658709,0.00423419451237711,0.940606235099979,2
0.1893458177127168,0.4978978701252282,0.6408072416828243,0.5773088250438383,0.6877306877458413,0.6656324900951032,0.44839394048765113,1.0889692036302643,1.2909999656533677,1.1295956318760019,3
0.8341334715204001,0.48785528410234935,0.6514316554588369,0.08391929045529897,0.2512890989323063,-0.06664430741931904,0.48540271658183354,1.046982793809528,0.7917297393682802,0.980110002985896,1
0.1495158403196352,0.3902797988260143,0.005999228844068106,0.05713320967528353,0.47789131636558446,0.0795775438856241,0.13992350460950484,0.36202724985276324,0.9231067697709556,0.2679053406248811,2
0.31148319340739944,1.1216392788896847,0.5669123941298724,0.3516172465779741,0.61013989838775,0.48505088814945585,0.4860755339125239,0.6418088808923527,0.23622326554464124,0.44694746873694613,3
0.5992165556874697,0.8490983209981167,0.9802537652358965,0.337933891011252,0.4834989805503211,0.08219387383285323,0.19636056208916472,0.8021293446255064,0.999940630699466,0.7597568687416797,1
1.0071627168036532,0.638367916669599,0.6599698514604376,0.2154349647330363,0.4581809563704942,0.4632627248794436,0.37703982011905335,1.0110971582399921,0.7015026080968332,0.8823300533429916,3
0.8043922011444793,0.8944825050324109,-0.15055378060976898,0.4471192774796875,0.5077196190277621,0.7387746729031426,0.38404822321092036,0.0505461800406346,-0.22639335728979532,0.2762186294405817,0
0.5528734264736808,1.176128479973921,0.6398327976824274,0.7753682298695413,0.3817076381496657,0.3415175140010968,0.6749050252238349,0.1654261988147873,0.70754517022005,0.7191137628907758,1
0.16891422619401664,0.4574170312749877,1.0345281868436274,0.17660318024488558,0.29677687738803205,0.05198427323244167,0.9067047609119889,0.15926158463807233,0.87122825554205,0.18604504505002964,3
0.054122899024366775,0.957771855177717,0.6869063217393584,0.30113645440455566,0.9394591243219257,0.3868586740295133,0.6002895783112425,0.5844800486029655,0.6803273537049687,0.7194651240663875,1
0.45886914471567136,0.21881900241108812,0.2865978061749766,0.15587888224328622,0.3552940314927139,0.8631641700022699,0.9373508752271189,0.25046734892723393,0.4514459748502797,0.033374470317323754,3
1.0538609236652832,0.8544284990692366,0.6164987395697182,0.5401352576319676,0.3405715168604772,0.3463244198253773,0.15743355634399597,0.06335821994562583,0.516458182515666,0.8502670376395666,1
0.4143440630155771,0.7772453038118909,1.0411433906399958,0.7400362058273335,-0.13370862167964548,0.14657629406387424,0.9258875507966214,0.40239470307776765,0.492174946882949,0.6824939426249204,0
0.2546956213237671,0.30215103108685804,0.4059555656567353,-0.14302706861448924,0.5986196682401107,0.8609018817314587,0.7813132211597907,0.1929753879391723,0.5084242359127652,0.3961066645704288,3
0.435259862509784,0.34787530349397283,1.257630868538316,0.3859202100098048,0.3175892827780328,0.16776961739991197,1.2013604110441034,-0.09638394549689877,0.7425836688423295,-0.09842086829519836,3
0.33054995490312616,0.891026421755487,0.34782691234934415,0.7380697302652707,0.5118078104343184,1.1987228971632111,-0.044946116172530165,0.4857359594719016,0.003007089346636453,-0.038034372248186954,0
0.43844066527446807,0.5569979652673719,0.4871129103850963,0.35862470377822614,0.35334020613797473,0.4720079751904458,0.45970490045193596,0.8949192166987447,0.42683843328671434,0.628567369454835,3
0.022957939283836215,0.6657955292742137,0.9293712639294696,0.6594490939580142,0.6131991388912025,0.7491652959484878,0.3125038785039363,0.5688869424470978,0.2739602496371342,0.6228767280171653,1
0.4545472096236728,0.6537019009186955,0.47593370230219567,0.16004587002541248,0.0403177138700897,0.7126280713913345,0.10951005617715476,0.6511679420840093,0.8889196587366472,0.22298061097409633,3
0.3417704306484331,0.9939848935346727,0.6311052110628358,0.38017363551569405,0.7256601433173537,0.7117054081961314,0.721862192849773,0.6221625796427427,0.18505449245270303,0.2643635021748919,3
0.4442046876668324,0.4210270344849836,0.11636678145863812,0.5397143843453138,0.3116486284453518,0.08808887649288205,0.06431202370503489,0.779765260275558,0.08824218554434018,0.608560853312058,2
0.5060237510414783,0.2578534679321447,0.32069700438421334,0.25954729679596206,0.29838144494219787,0.8578649870606363,1.0703883325583938,0.2153844863851916,0.4058244283154738,0.12933701000817172,3
0.2987234269483909,0.33299313291350224,0.2665289936481343,-0.01286460784330435,0.784345849648924,0.9003615992530795,0.6282474911705294,0.016850157339417332,0.6245315983336772,0.37366813424598105,3
0.7646075366864644,0.8733546419522438,0.5371164406705202,0.2606615099428213,0.9632101481776816,0.9262515559997063,0.03339591326511902,0.5202784235438089,0.6757068787181946,0.40981383155750867,2
-0.11183813209942908,0.9012642478698161,0.8445005669183614,0.5646873624894746,1.1303405650013856,0.33514490901996974,0.7592097638704529,0.6371905545016374,0.48158085071580414,0.7416094843108293,1
0.093923996147104,0.34202869113403717,0.048205818985246014,0.10012468273828318,0.4699264706762296,0.117559278478383,0.1728982262505351,0.353127370554211,0.9127956751743171,0.2436531385729022,2
0.33704227028841505,0.8333993272282936,0.7088827289450653,0.514409309842416,0.7402623822679739,0.5681651503236088,0.6168022016086836,0.459985146639244,0.296285421459188,0.3949665051216996,3
0.4307803241841524,0.8411630145018424,0.9698823255201126,0.7014029027565309,0.6476673004287876,0.16808759550330693,0.7385927038217125,1.0239845722189989,0.44395228805310377,0.05199316197237969,2
0.06266856856589047,0.7684157268108117,0.8404098448625849,0.21720420325898906,0.9908353510843726,0.531546533417439,0.6865375229696825,0.45923689795569356,0.7127040676001488,0.5125858359958333,2
0.9757512063943774,0.6145648314433814,0.43608647080307306,0.221093633218912,0.011458796669473525,0.1963463759965915,0.44196044397028156,0.26069556124386783,0.1448173069464647,0.6762815938757928,1
0.8179372655972653,0.7763069036935123,0.1120521524728745,0.5971569356052617,0.23816967752155033,0.7855766127649639,0.19403155888859835,0.30731110785121246,-0.15203240395641968,0.07231372517798507,0
0.4843330247631079,0.7751677516382491,0.7854236141444235,0.8550527947065649,0.8418474559076211,0.43448088287293213,0.1480960915116562,0.9615837378889664,0.9866446453400254,0.8658766714265883,3
0.6122078590315201,0.2801606350679194,0.016283688751699832,0.13983831025407498,0.3573956699667686,0.9467728975622769,1.0599471519745645,0.29453401542206803,0.6133760048344825,-0.04644826351718821,3
0.9388692422762813,0.7816058070269446,0.528662832008081,0.44317622810273655,0.31910679320056273,0.25167086161900437,0.25686602106208395,0.14542037306640263,0.4222659502120153,0.9036193473105386,1
0.1291267704718469,0.5870936328743199,1.0360886326810517,0.685036349479531,0.6595560508785664,0.7135415854861097,0.43993736427989205,0.45370503284360775,0.33157334742265304,0.6436382613824562,1
0.2655720553538814,0.9645647709365075,0.644996362052046,0.44865779596262545,0.7481589963887952,0.60347244706279,0.6478474659881409,0.5166689586350977,0.1920634606475327,0.3139356433545022,3
0.8941615375956526,0.2554313892737374,0.32751584933831096,0.6169760218968527,0.22328895014354652,0.47973897813294386,0.16091913333397148,0.48797586253422137,0.4846552197450803,0.6643312317864787,3
0.3951678838558304,0.5764306513908425,0.2686672503460256,0.5021033146188743,0.5346007802088812,0.5958488049950238,0.9242548693744472,0.8037086775927871,0.41187003757309326,0.24843399304208336,3
0.40979046577338046,0.4405732442114653,-0.03541157995481062,0.5251290070085256,0.23023062913568984,0.05589493296157517,0.027281787614652435,0.8191089378661659,0.18567766211048523,0.5755709318231796,2
0.22523698418754756,0.473313395719345,0.9808294989544696,0.21390866449137438,0.1872438972374379,0.04698407687409349,0.9703968621647439,0.24702565006458976,0.9623881146250133,0.22497637785710464,3
0.4133873238657819,0.1326795301916557,0.4086402010695829,0.20889919052582748,0.4635354500173946,0.7288130220458418,0.833932528915947,0.100051076568446,0.5243635550238875,0.06200150796306361,3
0.06215651180145731,0.783818179644468,0.8485803114954688,0.21295214628221718,0.9925947797571606,0.5239652874016986,0.6870160341981404,0.46992238257981594,0.7240269161340843,0.5025559504698013,2
0.22129365510067797,0.3928543419299016,0.6098273096202709,0.2778308023399958,0.565659577314275,0.9843268547509365,0.4107781640971535,0.9622194492040668,0.28514840747787495,0.7906380996153568,1
-0.02018301045944826,1.0918247407285113,0.7737062497172454,0.1341489595709854,1.0793378885717233,0.4959537344652374,0.512835849735942,0.48785629705637545,0.6182168254300686,0.5888881693845958,1
0.9420700478260706,0.5010794704357965,-0.016164992139589496,0.9761665316076461,0.07567449742381863,0.12437783978594587,-0.018940149924789672,0.856252595759711,0.8111759503733922,0.04484557854954265,3
0.4395763401827535,0.670135595160707,0.12079948704072041,-0.1235643190504167,1.0224886455520716,-0.03402443307413894,0.5138598609777818,1.0441533039541455,-0.14645471187610387,0.7838911989921776,2
1.51890177347441,0.8648890619517348,0.6277423441209917,1.4535798971161635,0.4408903943240901,0.12520712854222638,0.37404908185280883,0.41154618678440547,0.23767847033286418,0.08189262461580647,2
0.7471485161659042,0.6519385189276223,0.7100801784271998,1.0689077479825746,1.0755553246807037,0.32222542347056454,-0.08844353347486189,0.7395925113131048,0.9405258856979561,0.9451262788140093,3
0.4268951089383014,0.5558206283869891,0.39022488493879937,0.14757799674653382,0.03728828657636116,0.6607339502139596,0.03673678645132772,0.6415055257279205,0.9213437770328395,0.16427642406361626,3
0.4543136985203754,0.7911244840715027,0.155776010418929,0.3930564186623761,0.06214455098859055,0.9038245439637913,0.5264782913381901,0.45048935381877686,0.19396891156948154,0.9270724003546841,1
0.8613176262370414,0.43216458977795674,0.06058967093861734,0.9454084075173562,0.07093714605223231,0.11481066965223297,-0.03283836037935701,0.8797300808422671,0.766558808536727,-0.059829453171550126,3
0.24718529208314682,0.22174493742731505,0.6708182286478058,0.5806384434079348,0.32994885623256376,0.658556043356674,0.28673799633776414,0.8033025089674325,0.3799572118458449,0.9031523515453728,2
0.10996019404021579,0.9789014344677838,0.05878073075218827,0.9055293197639427,-0.2129227261219938,0.9881931437870901,-0.5193549186048051,0.09145236195833675,0.26439440305461426,0.19125507377546314,0
0.345210359080013,0.11592952408696161,0.5720872059488028,0.49999018152183816,0.9159456971221175,0.08056408261282239,0.9541852047556074,0.5779983497405257,0.3025474686617827,0.9128451500437827,1
0.2871656169478939,0.9492837543045083,0.6690146655416409,0.46097556566585535,0.7842938107872506,0.6498511615480117,0.634544480660376,0.5199591562183983,0.17649973145443407,0.35388746560009526,3
0.5104542403887036,0.9243703800148623,1.0125415384390901,1.253400244515917,1.2794663399397472,0.5334930007661179,-0.0376368560525005,0.4410371692963082,1.269066915962294,0.949764933314069,3
0.5940063838989228,0.964430406188208,0.26051067684134505,0.5645362387703734,0.9776212782474362,0.49424135454194323,0.9501788593708167,0.09294210949246012,0.8349424247990455,0.7834847375226671,1
0.864876596345546,0.508231477969259,0.003612728831238898,1.0634754408301679,0.11627084260369497,0.11391832573417922,0.023555187538888037,0.9524479433573048,0.8309888634393631,0.06282391360619036,3
0.9070446138978029,0.4415450745084285,-0.008905068483360177,0.9897190736102014,0.048403992769437396,0.12106257282888236,-0.01626305396208068,0.8671790745760509,0.7955097048985582,0.06232531350187144,3
1.0448175480906747,0.37353269249768906,0.19652545725529977,0.8235953148186042,0.058548297401945865,0.27832972820978663,-0.12126925632404437,1.0036483618576688,0.6609652212206844,0.20982073629463158,3
1.0738906888577062,0.6682141645769153,0.12539803076611497,0.8624168549436709,0.7304962412521698,0.7523872097794441,0.2789665026425465,0.8482399904488673,-0.030841045390383112,-0.014335882603672676,2
-0.07677082024817183,0.086353872547855,0.40208423459411846,1.0301892497044007,0.6500707280595702,0.41439432635483525,0.6661866020083546,0.28647709027484486,0.1499809692768807,-0.029186270107877887,3
0.9419949975331404,-0.2289250692217934,0.43781452780254165,-0.7654855592391349,1.8205347848580837,0.8480442899439875,1.2361535993478538,1.4368461134110104,0.155777274168245,1.4962847140074187,3
0.22886654223958983,0.30737872045049147,0.3183043930371251,0.8449105541433677,0.39789997915104924,0.09494056947662585,-0.03270991965884658,0.5355947024882121,0.27990545221715946,0.7897629527618998,2
0.5369407493309039,0.8161790235982673,0.7656884662893448,0.9077900320632545,0.8018894844984732,0.43785511340017913,0.20841783608827563,0.9709798166514596,1.009070029242132,0.7854173991219761,3
0.6349375834696762,0.9043612294970678,0.6495300313424042,0.3356966158956037,0.9239258369506191,1.0983410716408044,0.33864403177251845,0.6419854294916255,0.6036929223403894,0.5005351313216454,2
0.7262379896946577,-0.69962179487303,1.0795360405555225,-0.16677372560565984,0.8108056905554268,-0.12202333357714834,-0.5205059870999507,1.8596033172583426,1.251612697526871,1.447902231627382,2
0.146704684178651,0.8564178808738635,0.5977469175745159,0.2803358491076521,0.9267794776082613,0.4445426540921651,0.5396813099607881,0.5522627868732509,0.703325049541508,0.694719517628906,1
-0.24537783698843896,1.1783707593279389,1.1555161762527244,1.7600268880268581,0.6778149077544325,1.2940752781622775,2.1230470965046506,0.8865043051956903,1.130297930476521,-0.11354996646452564,1
0.17043392903141807,0.6276654633002654,0.9041390156333309,0.6527611397364552,0.7791291796676757,0.5767089034635728,0.430052357086891,0.49624442206859976,0.3453650862030449,0.4462431392619948,1
0.7452586452303586,0.7587304886738091,0.7583054974302675,0.3427238167247705,0.7992696891234283,0.9703189921764863,0.021740293219110834,0.49090668066803006,0.6572147744625153,0.31698451620908374,2
0.3284281324843758,0.9611564220738561,0.7288365462746268,0.5302813864636008,0.8192446564872233,0.6005430876184292,0.5611858493270322,0.5272100536822482,0.18238849255698797,0.42467225330188557,3
0.4579722323411864,0.21928897001754016,0.2817563898402115,0.15202967417897928,0.3525463569540108,0.8620272700770518,0.9395871995728273,0.25271165604163337,0.4546296702014807,0.033132474389849474,3
0.6391664790892632,0.992852697993627,0.24243026552278513,0.6330629556914706,1.0520375366571426,0.5132021093643784,0.9501787606681096,0.1072834695584789,0.8574266995294201,0.7673684995286633,1
-0.1020270640974354,0.7234596006864177,1.002378414553027,0.7131780661446594,0.4603794110778557,0.912700431661411,0.3568054720605457,0.4343293162813981,0.051370888756207156,0.6228589813666242,3
0.49604513746712553,0.6728064927313353,0.7453668285000824,0.8858835972102229,0.7197797546042621,0.3612518774780016,0.04113094492804878,0.9021524430396989,1.0995935957606036,0.7083791133842257,3
0.10510725562025086,0.199037425624497,0.7267359689246873,0.28329739079943295,0.11111159032635197,0.4117263701734212,0.7518130964635205,0.5270042184076489,-0.020707492800697766,0.4062789305138907,3
0.7017061935015428,0.4660347330155783,0.4052704171471265,0.2166510994780846,0.6148221742929514,0.5679796057909935,0.8312103082027351,0.5737728655792684,-0.12379851721989138,0.42684060542039415,3
-0.06832208926691045,0.9822911852792557,0.7830193289121483,1.152848988616444,0.5445826226052506,0.45916437785037323,1.1328459605667358,0.2758334687919587,0.40852924169405375,-0.3802524456451447,0
0.2828333052720423,0.9373737941785604,0.6737026560788357,0.48078507705777085,0.7611634624556494,0.6118495501875304,0.5947682090297414,0.5186793290961614,0.1533164395372395,0.340540721670776,3
1.0040068845792458,0.6730849424607364,0.6125684407888247,0.41736809716893,0.3425093942608426,0.28818035568897954,0.24504749658992694,0.19318151808791734,0.4359839017057686,0.7938706209125099,1
0.06102315002651392,0.7689228877122962,0.8503645746048655,0.2170512923615431,0.9908609859021692,0.5360756971659197,0.6889211760157,0.4615382313992622,0.7135768781811251,0.5122338008095476,2
0.5387982805067111,0.884669787666792,0.41426358860134693,0.9940147741458996,0.06230054285884998,0.2857501197128439,0.5715060521012199,0.08526380965048647,0.03697062672503856,0.3772540813297397,1
0.9896648812831211,0.5642752053892188,0.6002327459020481,0.10346489919660326,0.3301218328378282,0.36960935154135505,0.3905425410630398,1.108574246446818,0.6338288802727343,0.9222180730654554,3
1.0411036129491924,0.8379391845139087,1.4110142690932408,-0.4857056048082724,0.5192820442661928,-0.4084456736504158,0.42590562320979386,0.937098649204254,0.616160036956279,0.5906664489340345,1
0.04862206610343495,0.46671272454261176,0.6865429460443575,0.06188168871577984,0.4505195367334637,1.164305054862823,0.628517888094603,0.100998723509126,0.42053634789461375,0.4006758228616197,3
0.21932806746491437,0.324548640352721,0.3178621979202757,-0.017591423260774675,0.7146607109755281,0.9086451329776817,0.6986557148490776,0.018666649217454,0.6367148348407653,0.3959015560204653,3
0.5810181196951633,0.4247843123182751,0.6260378917323819,0.5936751691801059,0.27163781811864435,0.9090734833580348,0.8580718884699922,0.05831862843190236,0.017925827529526095,0.5281782110851491,2
0.1012951868481324,0.8546668410687477,0.7599719601721209,0.8008933736018287,-0.022126481927961933,0.0544627936655932,0.7767961495754749,0.7487462648942368,0.7761887217210733,0.1995477751078271,0
-0.021396366296741673,0.9093654553311675,0.7562853244892103,0.24633997549101205,0.8678680946416734,0.3495360657871007,0.6831598187546482,0.6283249360441956,0.6764140914435482,0.6902358812358829,1
0.07690552712683335,0.7218227810105541,0.8746395386421891,0.712677233080337,0.5921007618272082,0.7327606563661493,0.3237483009398104,0.46353313788970124,0.3246520166435484,0.3831403897986803,1
0.1316818961772803,0.42547685251700873,0.10459487340845097,0.08694005475516553,0.4878946490331019,0.1642719401533512,0.14311911163464222,0.39816455572835213,0.9647647373615019,0.2705097444902739,2
0.3299584470353015,0.9201407353601689,0.8771620657341959,0.6013588260923668,0.7834956645623021,0.20595669553184498,0.8459244154421435,0.9093761774250411,0.5462804756489519,0.09947903304445345,2
0.4199507148083103,0.5619243529206444,0.3818519855751574,0.12617543509057988,0.02864413968462624,0.623060115837186,0.020448262935290028,0.619916965249589,0.8993886962461943,0.16648545071296733,3
0.571999252646052,1.0165854034861057,0.7967176746910714,1.2061136256645812,0.6695693429281663,1.3249934918173267,1.1202374296987578,1.1875454312886804,0.8162520884990374,0.8660424845393098,1
0.1253042128137603,0.8429614542808748,0.8797294943857406,0.7145290425454718,0.6401704641341773,0.4821105378259071,0.8544692333886967,0.4542486051175843,0.4688859143887221,1.0116650041061175,1
0.30502147797911294,0.3981904812750469,0.4915584638802367,0.1705454668882341,0.7656902468390376,0.9982087452101018,0.7861338926793163,0.0842785157178998,0.36540971368697284,0.6562793327947332,3
0.06405493010989595,0.7824709190090673,0.8408142446947345,0.2282851002041851,0.9974428359491783,0.5408207884589278,0.6841571966314414,0.4477128386903082,0.7215232087671848,0.5131870863311797,2
0.751967044401084,0.7150986557740794,0.4495731259793479,0.3108761518709636,0.420733014539334,0.2239034497714861,0.0428322246618307,0.05919021829910322,0.3148974545858595,1.0527041425365327,1
1.0112749142156048,0.6180662943610375,0.18381737600501333,0.956751569351922,0.6081135340479029,0.6571046926492411,0.5110480730997602,0.9680064496476486,0.011752638247426188,0.03754386021661886,2
0.25306346312926303,0.9619670348840761,0.682056080467213,0.4862789736172764,0.7664833580554762,0.6447059228448208,0.6297121346383381,0.493186070510931,0.17102885103227927,0.33398080853400386,3
0.7379494075117933,0.33772464446786726,0.13624683381560135,0.8072652429260001,-0.035425508851693766,0.4323705950749781,0.37095298262928006,0.16714902466941756,-0.023139351096821553,0.0044277172127175635,0
0.3893297910796093,0.2924033413649867,0.321747882888246,0.13180154321233634,0.39152071691181944,0.7904990821262029,0.8621709901583553,0.1489561807875488,0.441325375251037,0.13088990875126996,3
0.3898171379639812,0.8502778461842637,0.48364098779982945,0.8171883045411745,0.02169345723467614,0.26755461828208027,0.600843229821042,0.24257763532653004,0.13860444592987411,0.19930273666876153,1
-0.01139555317347539,0.9670986246391841,0.768384480432424,0.32837095970558666,0.8734963765753835,0.4269627040762752,0.4777655431363576,0.7043750040562262,0.6931108529501367,0.8463608687200496,1
0.45404481281418885,0.48705012783218005,0.6682509867668048,0.4974041020500786,0.9302507792072703,1.0869668415557328,1.1205832203412733,0.0062545903658364765,0.5225065115614718,0.5205645002789263,3
0.5070910120678898,0.8293335806962588,0.6704459926189019,0.780760119704896,0.7443418252812015,0.4886137245775646,0.32345221889727316,1.0431817401569439,0.8157116473852526,0.7070509151334748,3
0.13653175254096162,0.3837411206157303,-0.010509553483547103,0.08287999390685058,0.49022423232579887,0.10781276110629792,0.14919887181145,0.37169295776452643,0.9071922935853853,0.2218242257164759,2
0.37187277770467114,1.036131818381437,0.6005873423332109,0.0020327560363582187,-0.5595197226767018,1.1403890130918546,0.3924389650674005,1.1452226138276644,0.9253910581426067,0.8169377664239921,0
0.03788255342444759,0.42616741977269135,0.593103772688801,0.2789026686420542,0.33890138847008466,1.04210205155702,0.048005851396780874,0.4525025279758005,0.11614250838805831,0.23358769759686038,1
0.2792879935765096,0.9601713736904166,0.665646367051524,0.4677579172824231,0.781891200901573,0.6390586157321554,0.6186675228346872,0.5169434432251291,0.17314367198909209,0.3442795741520573,3
0.2310645433866042,0.6617888730830508,0.8930395667477401,0.5934530439492817,0.9803924249394309,0.28824034509009205,-0.07018982579749719,1.0965307205371864,1.0378184824709824,0.6159259703954856,3
0.33599344101020945,0.5342536813754537,0.961416953752311,0.7736186517111926,0.6894319079661098,0.529439695172207,0.5130046464206913,0.18024285865696976,0.49716027682598296,0.431065156443403,1
0.2786383022066592,0.9892933552581249,0.9545067361916675,0.6426329495823898,0.7503459831942368,0.16066935115932954,0.8272988276548532,0.8728271143130644,0.5313460354168049,0.09581497379787217,2
0.39974474347523525,0.5806967485283075,0.3918557386529921,0.14951778557061,0.07380337691224544,0.6426762692425378,0.05815679611717123,0.6292495111632257,0.9060489306037384,0.14665159820306137,3
1.2223475474522272,0.5840415678829693,0.3984470463860913,1.1137131714421222,0.47643143377138664,0.9700480169390693,0.7407266630552745,1.242347742967602,-0.1031645891780087,-0.23710659915759763,2
1.0418570964401297,0.4993986749405555,0.029111568061550318,0.9509223761700689,0.12970014938773328,0.1809035345192014,0.036028472362579014,0.8007401256919885,0.6639596367278887,-0.015569501193752895,3
0.4721349366388641,0.9598494458900956,0.7485871695854598,0.6749973164797887,0.41209782870363965,0.12165070484698373,0.9599308716563058,0.06776609769209732,0.5441594509415085,0.7550136397315544,1
-0.29695993462517206,0.666298774110099,-0.14725852758607616,-0.09370534911433037,1.0040131831689703,0.49981683999482013,0.33805359258527923,0.2029324939488817,0.5650273263483834,1.161960821891811,0
0.9911110116247923,0.5444333233682145,0.1683826626198678,0.8247371447446175,0.7056768020130733,0.8922397616294715,0.37541506594757024,1.1344174224877785,-0.06663241608120507,0.09455538034671022,2
0.5079717550305376,0.11634320014196384,0.5333234285309914,0.23162360168476404,0.33702635230127603,0.5570829897513796,0.29589337127836074,0.7576666125818516,0.3190287581582297,0.5958493330229202,2
0.5080061815826025,0.17633762227784605,0.3682428880133832,0.22972532394003378,0.4462022306414901,0.8652276538018319,0.9198497512872826,0.3206522096057387,0.43782480876784163,0.04090409121558571,3
1.2886091226677163,0.7443818801450397,0.49283634153714384,1.2298116559802184,0.7354530640431778,0.9938864684154703,0.6109569021415521,0.6870489443125809,0.15804606766766896,0.01665580671955119,2
0.1383187143446687,0.9256278263987707,0.5815990580709716,0.4910968666566294,0.9679685713489578,0.39390683398040477,0.4716615536167901,0.6417378342926694,0.7643804777564543,0.561506483603666,1
0.8768137538029814,0.46128206496945456,0.4919754216552112,0.6967420453684023,-0.08749956164357711,0.5635302406236374,0.24578404890852723,0.3299073637136145,0.5338539320252655,0.19233984327782155,3
-0.015555637020264329,0.6050805882096606,1.0260392905845963,0.5599971197578166,0.6069702872116605,0.5513000200971081,0.4627657485092548,0.5583765017127376,0.4529885159311712,0.5090532181454842,1
0.34784447273042296,0.5116348512302586,0.33655407406618115,0.5293680474324517,0.486900279162746,0.9289602230153461,0.010318546961222773,0.4242189738801188,0.3989521255384513,0.07569170000070957,0
0.09731873617981254,0.28305028922697945,0.35650097592395086,0.7801251033357834,0.29940605137110277,0.9009559086500041,-0.014174527981084498,0.3620522803007264,0.3130624695366082,-0.05225955492867057,0
1.0010995063257575,0.6549036723880689,0.31067885068951945,0.7989547074623562,0.7566754313685647,0.722757229464683,0.5397971012555823,1.10298257279254,0.09805640261011209,-0.013912790438040973,2
0.496513571041221,0.45573962164609844,0.7943546345097805,0.3657486390790153,0.7850486504820073,-0.0006886804484166065,0.9565844723564216,0.5909173930826338,0.611662931934783,0.1290120184953642,3
0.5384219998853886,0.29012152747787545,0.18054194674051882,0.15543338613845228,0.3011703028764161,0.9343484070705947,1.0190165562702365,0.26987660831786575,0.35799582459200285,0.0683556131527972,3
-0.06217899131244317,0.48957673545711544,0.2579248193093607,0.17358661366941028,0.4592556147404898,0.9076983011569734,0.013653504571575326,0.5372871349286347,0.48904663245476987,0.479380308624081,1
0.43563257999436705,0.3846075617379486,0.5458118538674782,0.18307693668204797,0.5903980451119034,0.6824818073458774,0.8646036944978526,0.26726505443652726,0.3879000413832988,0.48492495849345535,2
0.764479377956113,0.6334814286103251,0.8116413360890106,0.05383112102669103,0.1376295626806881,0.11311518297525787,0.28982894078610766,0.898487973515043,0.8813235994607886,0.8661706003924481,1
0.4592784552522367,0.20564052410658212,0.2891037068469771,0.16707250469416238,0.33937682958428284,0.8633151976380986,0.9442090933698694,0.24579398971703353,0.4474642177042473,0.037198207943674955,3
0.5620457820146377,1.0235512869555894,0.42008655684540686,0.7112161092068428,0.2756245786398943,0.29050802155359967,0.6831862579593609,0.4498567979431693,-0.08111165599653544,0.001856943866240357,1
0.48255773580629835,0.7275237356884053,0.4011884754739209,0.8482418231222267,0.06912608805660084,0.14038735123669388,0.67472462496339,0.23808284952454947,0.21062194955103683,0.1332424238007051,1
0.49154508041520595,0.31852182394515033,0.27569078096276795,0.2417495462586004,0.3437837838064086,0.8910882029577113,1.017162389867726,0.29916880849781985,0.4243785483993935,-0.022311930087348476,3
0.9663741014974586,0.7962356855285445,0.5370832001886497,0.4887212249226796,0.2150294872469823,0.26106645341879275,0.36584228963324217,0.14733589728549282,0.4385904620067451,0.8268071924578622,1
0.2242732402351124,0.40518929913589224,0.1552738274196695,1.2141873242862458,1.197060930830637,0.4410577521097474,0.6747254908560165,0.2904429940132376,0.2287364297583444,-0.03256972693176713,3
0.4527783199057007,0.13649865024289887,0.526546568686388,0.32703220510901243,0.38480160046071393,0.39739932111247794,0.36450653461444327,0.8287789323435916,0.21395628717662002,0.6820358742149237,2
0.12434925612364728,0.12733829461556012,0.38778974061554317,0.7256149256487341,0.10117291967306537,0.41069906787651234,0.5389576001237766,0.8728596592572175,0.41723151026416433,0.436707611456297,0
0.07803150216847937,0.6814229481575002,0.8751545929596596,0.7218230444199735,0.6502872728727739,0.6643796165027676,0.49355067278018244,0.36798043168947164,0.38554996924619583,0.5764052045756433,1
0.17139404769817343,0.3298244024251475,0.05351176357313346,0.038458227751748716,0.43649791173834535,0.059123617150321064,0.17947158139525418,0.3866273505451136,0.9226685402812952,0.28905720339707625,2
0.1417349930639746,0.935537541199712,1.0750089171285002,0.8009704229744232,0.10329278569546459,0.1379342391892358,0.8047933160499012,0.42548430624963834,0.4892601148273374,0.04476815687909624,0
0.5937438686033828,-0.1008721150359688,0.5002289977312268,0.5929600184699513,0.641182198696987,0.30303631228483224,0.5908965848290099,0.8390783362065896,0.6525100209486585,0.7110686098527039,2
0.9450580485537539,0.630948161883079,0.8129127032287496,1.455539839310628,0.7911955075655009,0.6915863005744376,0.25581119469996144,1.595837300597525,1.0506355996411656,0.3036555421916177,3
0.9380293513709023,0.4789880416378546,0.016520455605911408,0.9941154941793535,0.04562343638169316,0.1363973838693841,0.018285186159712443,0.8848340847500386,0.7886339357328707,0.04186957038356593,3
0.3069922916016618,0.4345140728974859,0.4710989378565383,0.2705830079221023,0.5849444856739379,0.7082408771152165,0.8056634186296431,0.22069507143146944,0.4053744797999984,0.5039818590616929,2
0.05771086136027561,0.7750970055213459,0.8434190667373073,0.2196281938528629,0.983863385577834,0.5318282952042237,0.6850260147461935,0.45796697232239175,0.7144088999365195,0.5025474647997076,2
0.46266137694758275,0.06486057929287445,0.28509105279884567,0.3025143172666131,0.38923869061019745,0.7205976671768897,0.789830448587933,0.31841427258984656,0.5580520841784979,-0.006638103273424109,3
-0.006284171697985903,0.96999119534133,0.5808748200070617,0.2716089896895793,0.9679992139572827,0.352438295302914,0.6183538759757466,0.6377556237514231,0.7863453329373119,0.6926952459545485,1
-0.08186224036418285,0.27936540433382345,0.22701147790667517,0.14473684512822926,0.27787800289614495,0.8067654308116141,0.44811359034827947,0.28412836812771775,0.44658997339954404,0.35583662362284374,1
0.5642775534958745,0.09887126347271999,0.4662986712306922,0.24710158879768107,0.43710149838711565,0.433607186734936,0.3029947696252923,0.8021873019096419,0.28021462659919066,0.5560912268283349,2
0.7581215558694332,0.6684230062754912,0.6191917625087786,0.4471167051544863,0.44838886888971086,0.0933429652723021,0.3494992368822071,0.23914416392764176,0.5029149188080235,0.9676739256106546,1
0.5173102310653208,0.4595886402752818,0.2132493949150715,0.6112556794510611,0.3066924835506605,0.059740656671538384,0.04625747087085562,0.6826320818829814,-0.02378791637067089,0.6003496270050813,2
0.9808818987172887,0.4229152170138194,-0.019432349423103866,0.904505851039066,0.20827149647616636,0.0281574530571439,-0.029859539849161565,0.7037621534794526,0.6722722372298955,-0.07894928296081018,3
0.41765397366050844,0.8222739106487831,0.5002048678744111,0.7909378994418311,0.004115073336652809,0.29302733672006465,0.5783304314951468,0.23747165162206893,0.15871273449812992,0.21616537974961464,1
0.34683554526233007,0.6576062341676819,0.4807953531413518,0.13983316463859694,0.043403653831847196,0.5965303038481963,0.10176171345314504,0.6768343282688561,0.988353199669806,0.19933622704084084,3
0.3806343792850221,0.4916102376369832,0.1641872539197444,0.25465770114020686,0.6446244267550686,0.22607791830369497,0.10204574590046156,0.5585913810944743,0.99800059427057,0.09661147499427836,2
0.7524138005043869,0.367280839790012,0.5654997692081242,0.7885984939458951,0.6192741770039254,0.9711126211718126,0.6400014895682665,0.2610604884408652,0.23840244165142832,0.5360874298726808,2
0.2597604516650964,0.04161076582699638,0.01933428248495872,-0.1597523042530402,0.42845245886203037,0.5026101116959074,1.1676243108781148,0.18616117346774508,0.6188965657973513,0.2959569379996109,3
0.6053187897596395,0.6673263814842021,0.4114896457856276,0.45572357521176654,0.03801017399394998,0.49142099552654395,0.1032260155922014,0.6265609726707654,0.6630895651728534,0.5707766624692181,3
0.6021906537693629,0.9628524227440926,0.3022818298481923,0.5640770327947623,0.9799204836878653,0.49951490721142755,0.9645007977084483,0.12836039232718072,0.8819228886729596,0.8215747324443584,1
0.5503904699564085,0.7887743062036244,0.6876763684716128,0.9142404442577884,0.8645804687019405,0.4133551175246932,0.11100673450135175,0.9928879294376994,1.0454506074697811,0.8228588162930097,3
0.16712841510864795,0.42281283499856503,0.6939635081349431,0.9061433390624919,0.8629672193006644,0.0862346873278509,0.7639804927635006,0.9481604465380887,0.6651481193841439,0.8303076860920443,1
0.12865311974623672,0.6451953247568639,0.9474678729600434,0.5804010576959192,0.7422843027131014,0.6034802776908451,0.4059722762344736,0.4585612487903959,0.33006585493463114,0.4632193700914602,1
0.3732807193264337,0.10282849118766144,0.5817945299728686,0.13085618299484242,0.13061357183565572,0.6827495029210322,0.2828060075614271,0.2742431156551934,0.8916437646963166,0.230359839815682,3
0.3885981894213578,0.8533658853150264,0.4775093579641109,0.8026021283407471,0.007124516003388244,0.2628598627617721,0.5980877614139813,0.2604177731290562,0.1550865684230109,0.21519274436809976,1
0.867290437789268,0.3597293932890031,0.5099556325357825,0.7978170148544609,0.6131651186047484,0.9436783771889841,0.7167050809746016,0.3165319025075653,0.12711826905379692,0.5930042518665923,2
0.6620506514755535,0.19206138489708424,0.5714917758273108,0.26360956676958647,0.4152970960977332,0.5812372651303476,0.4918368411740146,0.7356286605640554,0.42166162252918804,0.44457592686828107,2
0.5277079979367338,0.1294094342679704,0.5150570457057845,0.30654984279225655,0.44662761520184147,0.4423253181835294,0.3587358646756807,0.8280500389256078,0.3140509431128779,0.6457926352216732,2
0.9724842791958889,0.7040201729959906,0.6494575243333088,0.22038335098253142,0.40128119765202386,0.48003414030506025,0.4298821749805984,0.9661320350561071,0.6585543800285069,0.8238512576376742,3
0.3462331547969007,1.0538958790307318,1.1608125711669635,0.9839044623805915,-0.018227029584592047,0.5704314885501005,1.2000561327270751,0.7279634265677581,0.3446723712962795,-0.21829838530340429,0
0.2001141213607271,0.805127280750223,0.8196925787409383,0.25225071334586247,0.7806236978185686,0.2619728057084114,0.7280538834772186,0.5465089446615254,0.5981001134311332,0.8677002937221543,1
0.3610035567012434,0.8666654511963936,0.4788527873657072,0.8019518757654925,0.010030363014799117,0.2420039845403533,0.6159045335228833,0.29538375861978167,0.1593549877965681,0.18317993197682442,1
0.4101887221230664,0.13594905631519585,0.3544276134343488,0.44663064740991054,0.49015488107821453,0.5234244782013966,0.43348848928222244,0.7718401006416137,0.17817174184719897,0.5172397968351459,2
0.460842938272498,0.2123990532770175,0.2728041737629804,0.15052757010944598,0.35474408289477566,0.8733623108398162,0.9411661510677128,0.26393549742282074,0.44910762322600206,0.03493194217464003,3
0.5250143612181734,0.040265689678031374,0.3924674396153773,0.0716164142404247,1.1166609697789331,0.4683499526065012,0.40372456056984546,1.1240466642167481,-0.06777904979027674,0.7861654924689115,3
0.3836517230911483,0.40967350552202625,0.018760390186000633,0.32956193559090374,0.47529038578891675,1.0029450966975526,-0.10072656996758503,0.38681250114139787,-0.43612183410599126,0.7309477536232798,0
0.17305640607608588,0.871722509917458,0.6888727492690188,0.30690476111411336,0.9330991233609403,0.6829609238869722,0.7126255486521478,0.42201160574142527,0.24379307597321345,0.2758095024505509,3
0.4087669748762607,-0.08257719192899352,0.5169117497324853,0.5167056299504539,0.6981873401506506,0.682653149514087,0.20846494917916825,1.0535476017025611,0.26319280096165704,0.4401298185979454,2
0.30911216381926737,1.1251867748519717,0.7623746364983244,0.6309228106186047,0.5482291735196261,0.11184112151023809,0.8244829294718619,0.2017926036447254,0.4317341763482052,0.8094297919074345,1
0.4719342236101116,0.5844580033952395,0.8600926958121262,-0.0847906950417876,0.6636237355882956,0.08563139704089913,-0.043689745824465165,0.5898385937833643,-0.3074161507515148,0.6111512246385271,3
0.4226956272523983,0.5621381654072964,0.3965089064287987,0.14614860627456383,0.04595201967369963,0.6477254285623868,0.03181403106455585,0.6304579999189601,0.9310227867737607,0.1606319678897359,3
0.13335082834790865,0.09995767440815538,0.3856861821122198,0.722269211121066,0.08948470928158861,0.38900171717481075,0.5306646139834906,0.8447673196772124,0.41879183521329233,0.44999117287200147,0
0.13035711368115208,0.09046428747640169,0.3888191915634859,0.713863020219351,0.079536879636039,0.3800019794357169,0.5306046921405712,0.8562377656483459,0.4169797453309688,0.44291476749085634,0
0.41432669263133703,0.9221993938221664,0.38712290207359906,0.9797696822043132,0.1592892202409186,1.0271174296042351,-0.08728966275323838,0.1136778257705035,0.014258501761203378,0.4192381549804213,0
0.7234185620773614,0.6771840276808968,0.3848240919496354,0.6468567854138322,0.6712428573910714,1.0108013926988857,-0.03420127396770617,0.2724217258914285,0.6442168361252621,0.22710822820274698,0
0.2517132963569793,0.4320652676476084,0.25295297668610817,0.5622410220582108,0.5858021331058708,0.9567998508920843,-0.013349846194637617,0.38908133588259075,0.38061568147128605,-0.011827853119826828,0
0.18333169049287368,0.6303687797830494,0.9652256201223249,-0.06529765027061585,0.5782856420682256,0.977112909479726,0.29522245849423157,1.2189626222063759,0.637441260530299,0.6442566793867399,1
0.4946105496245925,0.03411112631425689,0.4175238581904165,0.0442763990140433,0.40436261268606233,0.9948905657811004,0.4492516526717928,-0.29566350707057465,0.677438400568238,0.5085956529256171,3
0.7289451299350966,1.020656853180213,0.8600942375809761,-0.3870419212680436,0.4604709367959803,0.5527120095539473,0.11049673555481787,1.1833811461949053,0.14562089104281517,0.8418292817870907,3
0.7062296370481159,0.4302640803331625,0.5984503077838956,0.7516069209355744,0.5571291504525103,0.9280827720400137,0.6356611448522758,0.3127588508010473,0.18111381407195182,0.4768015273118379,2
0.44429940804069157,0.2501652588380118,0.2540637958944245,0.14255413906327213,0.3815754899735915,0.8826424166597713,0.9430912221578601,0.2769537535452071,0.42058885827614945,0.01136696047118706,3
0.43783053078988626,0.21072047636760183,0.2992340869576284,0.18543594454767875,0.32468057932137195,0.8632265075111234,0.9606683067439286,0.2668757194203496,0.4698192387698337,0.06571257443837612,3
0.24775762357004705,0.48571668222815184,0.9776826415443459,0.1932559306895424,0.22374154325278442,0.06842170074779083,0.9535093505228309,0.24431062243458446,1.0058672163766156,0.2197260517955128,3
0.5353178371165512,0.9505155492385645,0.3877282021383332,0.8115371030952465,0.0769438034510033,0.18424112271406565,0.6519730798511346,0.18387914660089708,0.07049772865401512,0.28396185033561794,1
0.30678562392084624,0.45159764807083747,0.3149674063774284,-0.005071694522914793,0.7299728552993714,0.7929987599308864,0.7920698244938907,0.1322020959621802,0.5732594220331864,0.290980862116623,3
1.1397146319583933,0.27633753338075917,0.8192759826309804,0.6971055361235436,0.9096231800034035,0.7666487569972861,-0.4035660039819332,0.630671528567741,0.7332814956317524,0.203456054481337,2
0.6113344741750799,0.8115636626580078,0.24407397211798088,0.7281661578452175,0.1834295630786383,0.9794911247372606,0.14524070395873917,0.45769786573079296,0.1772564737620025,0.26109658493445936,0
0.3723449264052399,0.3831719087538795,0.2952104132373656,0.012710350481739744,0.5372970311111357,0.9636161846682536,0.4910783703228413,0.14025740999917286,0.7388059021860118,0.28811024232259264,3
0.8469897606014554,0.5020805887901688,0.08227505630706561,1.098196261920487,-0.06725557095935797,0.0461741721473406,0.12016814713074542,0.7902653247191261,0.8533687563065164,0.10904638424315899,3
0.8101107053433867,0.39219720280786935,0.7682888086992811,0.4243300059687242,0.8451374218629085,0.006935826509352899,0.5570607377875152,0.40883979980185103,0.09041508368004879,0.20218391619413534,2
0.3577526548906744,0.9339026012191101,0.8686171639668093,0.6555075897479573,0.7580097737840206,0.20369091954986107,0.8622808908012619,0.9130510650201216,0.5481966161563877,0.08776307811105383,2
0.45583022812352936,0.7259136873943248,0.9565993979639035,0.2873436680010967,0.36675860071438476,0.2560681751996005,-0.21197090110027028,1.3996828259999927,1.4697742777996403,1.1447913779840744,1
0.07610228265270558,0.7143708615056767,0.9480948384078649,0.5819961729131705,0.697723043491702,0.6821935128374932,0.3688956718345554,0.4936587864598188,0.26627246568127594,0.5300282362454932,1
0.8663743349668604,0.6461242704943473,0.5873182007940677,0.5142979855491076,0.23028283551994563,0.35122012697213584,0.19251687539803775,0.19579713664863446,0.30194247613073283,0.8435919751783297,1
0.2598807916788085,0.9881091251744568,0.6570092454655961,0.48576568519063823,0.7493704563925492,0.6364343270818082,0.6289313440071439,0.4439160438181781,0.22878256363947827,0.2712840857905553,3
0.5580477513414303,0.9211058400263941,0.257705640989243,0.609145760358169,0.8978455317074774,0.45192756508761334,0.8895440658475829,0.041137805250569176,0.7887658609071924,0.7494517112003419,1
0.5480626737622256,0.26208729926641494,0.6664184969588426,0.12896066740883808,0.8797761556340892,0.746540936135375,0.6980688014423566,0.7868030059704744,0.08980281929873202,0.46378113609911253,3
0.41929845138121935,0.873182494128452,0.46945714354559337,0.7755917895237023,-0.036271596742457037,0.2205854985444284,0.5701782936215981,0.2816971808190681,0.12410909459157297,0.2577886488769249,1
0.055646893751522,0.32110474240585457,-0.014379701797403086,0.020332974559081715,0.442047958015535,0.1605979321771256,0.05436130068537422,0.3415997736780124,0.8558685425485951,0.17821958460565362,2
0.407586798704495,0.38737681121970746,0.8277209414596917,0.27084941308624416,0.15475417264911173,0.3828989102334497,0.6521811864525044,0.7391443880639101,0.10718431037571641,0.67083014487581,2
0.057769095940456004,0.8780455902967944,-0.03740408460269169,0.39890447591575395,0.7045205338552434,0.7905797332937468,0.5672337374999847,-0.07505677018881551,0.17550764819665238,0.6421860998341056,0
0.9413215717067968,0.468596344586625,-0.030972384777425095,0.9461445345584801,0.003988689324252115,0.09365951640128306,0.0028224115392926977,0.8856782043929136,0.8155205582116533,0.01578849195034206,3
1.1500006792266797,0.5121813600206421,0.052150178160290606,1.0499703392784538,0.7205116263365666,0.6083015976179516,0.6208857491400642,0.960074546141758,-0.07049814527420324,-0.16962338634005045,2
0.3320466722366096,0.4389901031916945,0.31459543275839824,0.04643417784469511,0.7379785090680377,0.839300939252075,0.6890641749739509,0.1144591193272633,0.6488705896535564,0.44259146207347727,3
0.08030261573620304,0.5644719980129903,-0.4762335506735741,0.3310117345474947,-0.0047932176621237055,1.0838661024820269,1.2943787402105595,-0.08705006493185907,1.3802689538226751,0.12728797916804285,3
-0.043415446747335426,0.9415706503060453,0.7542030221538268,0.24218905823468806,0.9605434675171065,0.47253373362473317,0.6520352717511135,0.5204653297356343,0.7537033677592953,0.6818458329789698,1
0.67563677013874,0.12448954589133265,0.9185343355624985,-0.06911642709606419,0.5398017593131541,0.004025906546923294,0.3847810894315999,0.7670152724813574,1.1096356204394557,1.3445523326187698,1
-0.0986462967254382,0.8278846440437393,1.0080747912762482,0.9043342724145853,0.3258562435407313,0.1402201639647142,0.9050744090330174,0.260690352271501,0.49246999646804734,-0.06747363192072926,0
0.19467153985455035,0.8677681776517087,0.6234983239485301,0.45072440138359304,0.824849814576076,0.6551227705606701,0.5336872627216855,0.42734398125563855,0.08881797491010751,0.33838336993075124,3
0.686547425432739,0.9142200301828968,0.526393785976099,1.2608878061746676,0.30210272013817546,0.3764733796448084,0.776156373875678,0.6341389163388389,0.26348607948102837,0.15285371101724232,2
0.541557803539845,0.2971556614600674,0.6617413301297277,0.11761584955545891,0.8298306015664417,0.707128045134099,0.6260924435943908,0.9217811977870275,0.10425472099142291,0.6068656822690692,3
0.357563145190609,0.3962005863070066,0.556350443017137,0.16654934687536155,0.5890665753797121,1.0771995161052965,0.7472313902639655,-0.0415276254886221,0.38360219318648875,0.5460671383378484,3
0.49171971093505285,0.14585035688817333,-0.09410307862642023,1.1249608632802972,0.8358794321881878,0.3041953143627667,0.9560548465743068,0.49521747331235244,0.8780813298540667,0.652837985289326,1
0.8176110736856578,0.5354781363754773,0.36821812923272346,0.9451152314514603,0.6122434778129464,1.0273793971830782,0.6176512605048948,0.42138720875145685,0.4496464002791602,0.6909985794883625,2
0.1985148093887777,0.1527852651027976,0.5941480463393723,0.828047398434419,0.5567166620144117,-0.2688322194526378,0.6094337189049337,0.5062156234833555,0.3374424247014469,0.3493691985772084,3
-0.0733228615218395,0.4597640320954267,-0.1844313481813405,0.04328226926690487,0.3480472312820748,0.2699180181063928,-0.06913180732190433,0.2548790005153893,0.7402335005223779,0.42858558808732183,2
0.16752658236068116,0.41228318096496674,0.0810385688087163,0.12200625157251321,0.5379502920428942,0.12177597589350875,0.06863122212654735,0.39407653402123555,0.9435803218367889,0.2975720350726884,2
0.7305917694140321,0.8578567285983143,0.7840408137733597,0.19717109687223697,0.5186398030495055,0.35660248323962745,0.5425586450080061,1.2038178581031294,0.7254798918811713,1.0837820022699147,3
-0.4459187438123999,1.3409494865108218,0.42302129410255174,1.1644513816509094,0.0341258958737127,0.26323621712241313,0.6312757951699616,0.8017203465064766,1.0856232843549543,0.3623876292154296,0
0.3231759000581025,0.42633360746862,0.46343756347405257,0.27146133624754976,0.5870320072604591,0.6997143638058524,0.8203839773175993,0.24185597007568319,0.41024784096012595,0.49183171058658615,2
0.4356941910041125,0.24800558357515096,0.2972872652258696,0.1979998992977152,0.3336634543493182,0.8349994562852481,0.9031501232630913,0.2726752045624771,0.4305578463268743,-0.011060510650092302,3
0.04840108223759042,0.9453944121015039,0.6920783664952591,0.30592749019043075,0.9589810898793015,0.36843400599358445,0.6050931836947872,0.5860966448699807,0.7030917323705377,0.6969961205457319,1
0.4999619876761142,-0.08431204018545702,0.18525098728122674,0.3705729032985902,0.8046573676317434,0.49393793919180146,0.5924912182505612,-0.20000947097229665,0.28400190337811515,0.8522344808847633,3
0.26992273611895584,0.3149210471344268,0.6302215712961312,0.09124390004673852,0.23837001374764064,0.5449023593543745,0.4434087054511874,0.8766614405433286,0.22472850634748875,0.908228785808291,2
0.5744955528960884,1.1227062295205863,0.8753701956523136,0.9221572914231257,0.6092180974632392,0.21167098360587924,0.2698113574150137,0.8278166284423731,0.77821008813887,1.1131012397671423,3
0.7530765508007415,0.4945323069763337,0.5231095705616347,0.6497948546045363,0.1545864693994236,0.42062036405592557,0.24862823951703833,0.624069646817797,0.4093729872951888,0.4248184784770351,3
0.2693889174127062,0.768917369096432,0.8898749090970071,0.7286414510856254,0.6080054797921421,0.38580498470097685,0.6975618785775639,0.8732655234501623,0.40393173068313903,0.23410676059756466,2
0.29620379792181395,0.8789158717182425,0.5474787245265103,0.48145747684756546,0.9557148546651352,0.12408628529397214,0.42842599906411605,0.2229217682758901,1.0300891325793606,0.4777705891434382,1
0.3129089050574706,1.020503142294261,0.9198063997032119,0.6029233941989148,0.7635266142835756,0.19032884378865694,0.7922124484511835,0.9573184985281237,0.4607523729400369,0.14464195313012562,2
0.13876282114953167,1.1462372571650472,0.6908468740475163,0.23951659687191354,1.1374738194818392,0.25938296754861123,0.45675502470341217,0.4141601924734596,0.6639452267815303,0.7054955446298484,1
0.05562667190912838,0.7732013593038254,0.8463788193510249,0.21897101178368683,0.9867812154338176,0.5303107251160629,0.6847595139610403,0.46261088472467193,0.7168325101362226,0.506333871550931,2
0.09403885481764132,0.3653820301700478,0.0491953526095706,0.10502777797071913,0.4646760049627603,0.0944333765503142,0.18468470188314834,0.3448059293411882,0.8849412990857692,0.25711559753546437,2
0.8403987111850431,0.74369151466999,0.4824317682311692,0.39958359467678295,0.27108321779519823,0.21620683667787793,0.2687732071693387,0.20186697590236993,0.4283395095956828,0.9404887519644365,1
0.22650451833429475,0.09413689455910712,0.5477922822077006,0.21964917338313072,0.6659823033701895,0.3790609821243433,0.6392213135040852,0.8916451859104385,-0.34797229780920846,0.15143137708280036,3
0.9487477402522903,0.06648967633024765,-0.003637857564140961,0.7053780081308637,1.2007088013640468,0.19454581902239154,0.5062271620100417,0.79634526209228,0.6120716195986332,0.9009110484540757,1
0.728064027466712,0.39939575615875084,0.8466150702054599,0.08516911101443017,0.20457889147451291,0.7789144251291873,0.3701543954420755,0.7926789493683254,0.8115194123167485,1.091552937949885,3
0.8581964288069174,0.622744476059703,0.3274578484786357,0.9178100232561174,0.48246958071219614,0.7794012443147987,0.5948558300682167,0.8450648492150568,-0.12822822131673206,-0.0739528633880212,2
0.43446153998153425,0.5434726182997612,0.4228142324506801,0.14047754525846276,0.057981322472369055,0.6532285642055933,0.035409605806010616,0.6558497292376547,0.9242369100153132,0.14619453326394202,3
0.5020999460934028,-0.04853156742686271,0.6729931094683784,0.23664332699624388,0.23739106040245622,0.7791669565027146,0.8619886338324867,1.3365965880078239,0.4469718417584677,0.019348934860608513,2
0.10726187548547832,0.35095035994204826,1.1407135827569859,0.2855416582596815,0.20764436884967036,0.28092085877958906,0.8672891047206766,0.038040317531460616,0.7772853024801256,0.3652565244398305,3
0.2706302806283739,0.41926442948782716,0.4833284627097852,0.27865268009081123,0.5177714219220716,0.606737760218205,0.8078052110218297,0.2815131997929961,0.4855759652824837,0.5434062941444855,2
0.4083498893732585,0.507869315917495,1.1898821038702514,0.27550048286334583,0.21590557917571368,-0.19518068346150802,0.10255167948762789,0.9236611488440494,1.2110826149184692,0.8437693420481066,1
0.4695669922185499,0.20003050582973195,0.4429019590020473,1.0432956100749629,0.328035477314358,0.8079066605818865,0.5765219540085857,0.24502406226569373,0.195218208571772,0.599554061191333,2
0.09331410296615261,0.8732534049945928,0.8428285536115329,0.9193058971982566,0.29032027011312894,0.31571939242871244,0.8049923201709558,-0.08532021020070693,0.5858336298056359,0.4926597669768903,1
0.33904984730029436,0.4014652404207777,0.419023615733722,0.29520565696187173,0.5906058941949318,0.6776456912373503,0.8233811424923488,0.2769963892848494,0.38422551306468244,0.5174365678302396,2
0.020211128035537027,0.27349951980680276,0.1245833884853385,0.1339618930993966,0.5549226390875598,0.15001470294884017,0.2786756748454895,0.4458714710754595,0.8647704561738565,0.28689383086123593,2
0.27427843335634683,0.9461052756183663,0.6598277689420311,0.4691476506188486,0.7863119288921415,0.6339617037684347,0.616931152091626,0.5194436012875782,0.17911230796420496,0.3409847135488478,3
0.8106864971348344,0.4626496375531796,-0.078055179230454,1.0298409848752235,0.07434751567068698,0.102475230118076,0.12117080283476854,0.9254260422263776,0.7493002311145576,0.1908932165543108,3
0.22659137252408162,0.022918779227002677,0.10100436183638209,0.27938032710313243,0.7116376903941734,0.19129828290781986,0.30093614985805645,0.8112958520888055,0.04684022412531181,0.24963786465939408,0
0.3014336812055995,0.5087141691419046,0.6346022283503322,0.04930891271808985,0.6059030195627814,1.1249264860210686,1.0044606646334524,-0.11304858481084334,0.5808094004022295,0.6096080119178863,3
0.7183085139874035,0.5860884787670688,0.037205450926993955,0.6829996872312862,0.20554285456666438,1.0224404510479286,0.14388349877638731,0.2693612125101456,0.024229792645257923,0.19505654079668813,0
0.2577951388213698,0.22689174719542768,0.3923458393881154,0.44875660943355433,0.5167265090205007,0.7431918179063359,0.6939808686269476,0.24479143660369554,0.36390943215270494,0.7857633425879076,3
0.4308476428494526,0.5742120096235357,0.38861069131184744,0.14938308934967498,0.04151462096205326,0.6564137169418226,0.0448987613321396,0.636031243531717,0.9383418039523834,0.15399356731294284,3
0.08945541568151279,0.8456547435937769,0.8904905448442787,0.8560899888432751,0.1296114556489503,0.3910143630378776,0.9789971267414502,0.6117112420902004,0.7023536901505281,-0.09994984104040588,0
0.41999574391247146,0.9179974726314001,0.4851437634602548,0.8133251825447648,-0.023765022638601113,0.270218982364686,0.6532950196418215,0.23373642529427302,0.0554019033065653,0.15672420477751517,1
0.8846350523135067,0.7403709841082191,0.5058102067856333,0.4629856800237015,0.2781151137028398,0.2857453719368714,0.24183749051717823,0.10448751617138408,0.4043754476288748,0.893537854276646,1
0.06863370578547134,0.919181442970165,0.09783310641090753,0.20923798383171324,0.9112553115640953,1.1165435423463608,0.36888145953471485,0.14660971180699905,0.45585375262963873,0.996319938330972,3
-0.03070406256675981,0.8032543128737633,1.0134130967626829,0.7458801955688982,0.7652905589918749,0.6387164249942979,0.49753298598043394,0.49607547824729803,0.5247065441180755,0.3766079334429431,1
0.24794345637264634,0.4350207251253744,0.3754587082316849,0.21231960192248975,0.5725398508098851,0.7411636506959779,0.8108446897687127,0.20901637196851616,0.47831635621119084,0.46548433575387677,2
0.37887709642813994,0.34726852038154127,0.16894692609628978,0.2576337122457224,0.29317845511238444,0.9655919007259537,0.914840484367867,0.09001587607644002,0.33760272704343086,0.0370879003564596,3
0.08035254619800364,0.11448170686487474,0.024772943645576334,0.9604692536445171,-0.10596357907397347,-0.0937079975824969,0.24343735375150508,1.1361479634820288,0.22392152230768747,0.400620112073111,2
0.09928451610563557,0.9463006556297846,0.6139362848884649,0.4501885624646149,0.8037589373852603,0.2848813687725084,0.683948521008072,0.6270759626386585,0.7809049814912231,0.6030231785309407,1
0.6424610663040135,0.6403890901185255,0.08631737130378223,0.7669144703159234,0.25932775201398567,0.8611759210569618,0.01499301607054894,0.3988369124020544,0.08245327026958663,0.15018290598495043,0
0.28740151046621026,0.9597866191618656,0.6442182398771963,0.48813913620759136,0.7985479963821387,0.635365782700403,0.6051219712545106,0.5420343397102761,0.19826871028330578,0.3076504271912129,3
0.19925961834538125,0.9448863940166183,1.1504659008786504,0.8742347095400855,0.18537954706807563,0.3251620141224017,1.1783397902900967,0.8439567498452811,0.4056269093181349,0.3396611330619255,0
0.7427162717587332,0.6316906373437704,0.8438426535789672,0.07704902345912792,0.13940352037930065,0.09115425644983131,0.3407713600302179,0.9150297644129253,0.9145954370070696,0.8463522702815542,1
0.8525933437433012,1.24220935583277,0.2814064198366478,0.1019864973323581,-0.3586439417739513,-0.6161985660685804,1.7412813771331916,0.7631762369898422,0.8876028228242141,-0.6645419517302329,0
0.4186211410713729,0.17517039147622515,0.5001360814199977,0.4065562054933246,0.44494354383011403,0.4173379863335942,0.40338522432268775,0.805229864205826,0.2370589144574209,0.49027295648493185,2
-0.20784859612373807,1.0281747254317304,1.157037312013274,0.4377586770672929,0.045253919345416865,0.38098203191493935,1.5451792702348595,1.0576059023463267,0.2648412499942277,-0.5359312044438752,0
0.7583582605690838,0.5247728680191555,0.4721246587138122,0.5656179012645396,0.11602579988242406,0.2398375703976335,0.24490392212757428,0.5416070203191933,0.3081321144701823,0.3087124983873471,3
0.2654330849653761,1.030651751949012,0.6489545999709089,0.29994814324518365,1.0870606033118069,0.39428344947116745,0.546496956590265,0.6382707148835757,0.7674646222462784,0.6869206784932292,1
0.28993945847303326,0.8815758605556927,0.4020526563830892,0.9539707457665707,-0.03789834698246758,0.16866582276429215,0.44178881029867295,0.19925860360191258,0.302267625005714,0.3768087816353103,1
1.1636069985774955,0.6027703350896244,0.08821364176308079,0.7763952174247208,0.5007820812093027,0.5736632374930583,0.6086811429833212,0.9703509234377998,0.20055787584822862,-0.2190367411876069,2
0.34425698549611883,0.983025741146734,0.7288924818578902,0.4126717529400532,0.8473980479278694,0.6850116928848478,0.584919211829745,0.5171001020361758,0.20286257680694156,0.27978255193854346,3
0.6216427065988115,0.21274627478977035,-0.13623959358066892,0.4435907807101618,0.15474321359570217,-0.010978875295294552,0.17017015020960063,1.0199020731483959,0.2951839378651745,0.4515880869635571,2
0.3062280317360686,0.6547595966147455,0.8250855784703589,0.9430620495342982,1.0608995060313005,-0.10985803238128952,0.8614372967358289,0.9457381818495425,0.47878610483227924,1.1552912966457525,1
0.13400776856701846,0.8862286021525873,0.5591078822837231,0.44389815701162494,0.8139340949736713,0.7142727421498244,0.6238356826553819,0.3631362514533475,0.04663374357691599,0.4836470113494651,3
0.7284787897216155,0.5281432024291871,0.7975647718011164,0.6027783718225519,0.6320299838196259,0.10556063724798805,0.7356507244725627,0.5099358398324417,0.0025655278812324184,0.08158609473885359,2
-0.8925231491420604,0.42016514620531376,-0.22797674999647455,1.0235725050484334,1.569339068907075,-0.11584841434698656,1.700000662624496,1.3208715784424645,-0.19417042912250082,0.5939656517887639,1
0.31994783939132726,0.7235130726021398,0.4605305633917663,0.9172275183157136,-0.02447046512589556,0.15032238539579162,0.4935964606251702,0.34017993924621137,0.2583729844571211,0.16123797034296317,1
-0.19748852894887825,-0.17561237281231,0.21328977720772013,-0.044605496878420144,0.7088266600292572,1.5791186217202968,0.10066148123830243,-0.3028816292701547,-0.005585099168401664,0.15371022325330486,3
0.555002160744709,0.9606330283840873,0.48836456051162674,0.668625580714844,-0.03596208230750651,0.15581335724969053,0.739756106197574,0.3432747322463109,0.11241183162671511,0.24783302369023597,1
0.2733965860186031,0.9508404834040562,0.6705086178687163,0.46964954368236356,0.7817485940586367,0.630412335040895,0.615396856961454,0.5093006607221124,0.17875275416637762,0.3511920693674427,3
0.5686322046995794,0.6836165383070527,0.6274496867071783,0.9753673948168621,0.7228133301728598,0.6226328973333386,0.11342258813170883,1.0434053095009754,1.165916797425183,0.8497846234875072,3
0.3168967434746822,0.11129888226807065,0.537870687276326,0.19437631239481834,0.11449329223606704,0.713145343300571,0.337758223666087,0.2325704742611337,0.9296471823764736,0.248365411155019,3
0.15341742101663491,0.8678771344633341,1.1113890996870968,1.1046680309561154,1.1862241011636512,0.6215963192633487,0.498440847541818,1.1683033139668324,1.4392620495013015,0.4495399311877008,3
0.9376464761997693,0.3373623514841539,0.8169629316375137,0.70398315715802,0.7506762886713279,0.9011796804138569,0.4599629220479188,0.5276665829583046,0.32711614493025,0.5440802036988324,2
0.27989146507531604,0.8592483272667006,1.0990814581875301,0.4895160115848993,0.8279592030856542,0.7908975900099993,0.45570150552589056,0.47743599303732426,0.3461364897972559,0.44056648151418,1
1.0151402950227868,0.9046867756857415,-0.07810233453196014,1.2433893035632502,0.10709522257416282,-0.8822667806439349,0.6195238364241863,0.3680537369433369,0.13059035926412677,0.6756967163010437,1
0.9765535727420962,0.46008624009933263,0.0424291867751138,0.9814266646466516,0.0635106900416352,0.1042731908243367,0.051602305360764336,0.888105717175954,0.7731510585545497,0.032753950657774956,3
0.27919276464559917,0.8366945131476157,1.1475005192394299,0.6757643456780318,0.457335639692549,0.5102702810992326,0.3103247227998373,0.7016104885610908,0.36729975151382066,0.371396330321556,1
-0.09525243019464508,0.4753220303700709,0.6280027467935129,0.11623032388181928,1.0507930415399078,1.309999292246891,0.9901799677272999,-0.2647045774015987,0.6192593593406442,0.2567919356742283,3
0.007799046472930948,0.48754884127063103,0.5885553966309285,0.28560569450408885,0.5236525952343258,1.0033725463638978,1.0208331536800836,-0.04032446221566069,0.6843901106224611,0.6914623611776168,3
0.039123531702820735,0.4700423261809615,0.25491417164177466,0.5659209663400242,0.3740368929410924,0.2875839321263036,0.44158541719297073,0.6308660047602521,0.2618713241160789,0.8808247722842989,2
0.26916587543001247,0.6856845660055227,0.3613907709349825,0.6252906220308306,0.3520264860278402,0.9248298982671501,0.11606391448209342,0.5286045252528883,0.3896069159313739,0.25344172198492354,0
0.7615503393750034,0.45415050594049206,0.6704019420355346,0.6360412111302659,0.055070047855373214,0.35262465038760077,0.20252829894717647,0.5196883014193444,0.47865998095252404,0.32245335209289255,3
0.04748512727514964,0.7828820687361975,0.8480260936208132,0.19999256657170253,0.980365164888008,0.5362821528010481,0.7005203980083036,0.4546410327092848,0.7262452585245043,0.5245388347246874,2
-0.19787611293655133,0.9122043952297691,0.8196486174544052,0.1332037216697169,0.9565729985967242,0.5698363280128514,0.5679540898055687,0.8556253138551133,0.7966513932681517,0.9654540961008664,1
0.9954184765323489,0.6740399987194527,0.6875854795539842,0.2410419127167692,0.4380955050118591,0.4608955010368572,0.4404244121452845,0.9345101248088609,0.6355096525313616,0.8335207015777814,3
0.29582475223423804,0.9199334052443429,0.6871665927440029,0.5050791827456973,0.8175917633092549,0.6054890703002073,0.6314574571851415,0.5162377801296731,0.17258484560686171,0.31145546506985833,3
1.052889032181104,-0.11437075233379357,0.2873768832431388,0.200815613323425,0.9687269731364764,1.3332761015105103,0.6079542445384863,0.7132622642114907,-0.336920390852119,0.9791195045445514,3
0.4200958086765916,0.5125652679722842,0.2944029507825541,0.3210829056211402,0.6063940281025932,0.5252534518115679,1.122543149839482,0.6575986988720129,0.4400608176472829,-0.0729894965440539,3
0.5205584572997071,0.04461199523946781,0.5388585167240333,0.2298361720614283,0.8170962253745105,-0.16334807852154185,1.0759961554295905,0.22759277247273918,0.19500780842525922,1.017523543994173,1
0.37563833867607865,0.4622061005098782,0.4996908550914984,0.26457571623875087,0.5431792617509652,0.6859775218014083,0.8122757287967929,0.22731931706520903,0.46350430282139815,0.4900202332678672,2
0.4204311613189929,0.927012013947772,0.5669813130571552,0.7902243087711529,-0.026627550247085886,0.3022510984643131,0.6865637030596345,0.32724773936905505,0.13191442038839302,0.30931434444386646,1
0.45654968071520474,0.9355602136721722,0.7650813646494228,0.7506913761411227,0.8007199095622752,0.2276421323105569,1.000768706547498,0.8775760707323064,0.5194949436750037,0.16321046775075648,2
0.5211973098439915,0.08405525626539906,0.4145684497415173,0.2486018784148014,0.49691223885633024,0.960719621164635,0.896677687185219,0.35016353425998326,0.4034821725949021,0.13645409550895354,3
0.5275421711390985,0.5414559286881956,0.15917667847584835,0.6026542464987085,0.5121073352964775,0.5836911595285613,0.897426362671677,0.888937673238085,0.3483802776136034,0.3163649827779218,3
0.34142183953484606,0.8601840609828735,0.45062871244557456,0.9576599430129532,0.08489710425259729,0.21856869454878602,0.47478183938298035,0.13312270910152296,0.3211550439736486,0.30545750195301513,1
0.9849009059112293,0.5479135432951842,0.21873173916218064,0.8715760037584294,0.5178616528052566,0.6703975946211933,0.5731268211258678,1.0186666799253912,-0.07976511699021044,-0.03405829729325549,2
0.7954986245722694,0.7582357447878834,0.6078587782579576,0.4514048155953732,0.17100239686980867,0.34081320360306944,0.11143513881072617,0.13713846545567518,0.5050256791439824,0.7422252673276934,1
0.4611033080897314,0.2179740125427225,0.2861710666604596,0.1486317302764133,0.34763918288708634,0.8683636871686032,0.945902607144515,0.25313003354410823,0.4573734976787569,0.03004416857585862,3
0.7994141029354547,0.4507864854774684,0.7653688238435322,0.5539338842623607,0.5760394438831623,0.11629764253490393,0.6570964033884684,0.41843974342747453,0.09666650564432455,0.07561935779674028,2
0.25073354089525274,0.7670788515462337,0.5084020438360775,0.7846964649059115,0.9432293205151807,-0.08024278805435656,0.8441052619299843,1.092652373019544,0.649063288722973,1.0163313044429307,1
0.8602187609002496,0.35813345517917106,0.9791968609279516,0.9336354284597087,1.2619349992634725,0.7241932950143508,-0.07461622280346339,1.124580476098731,1.1784818796693801,0.7409131500406405,3
0.18043629443527293,0.47879502694200354,-0.21168460809203749,0.8691838687933284,0.5155941419923805,0.10756498605319495,-0.2327033935189735,0.9646761859381909,0.3696348962854775,0.8684689801354379,2
0.207650100426932,1.1421131124449329,0.6524224160519603,0.6967587679018952,0.9476712754116161,0.3957983269158475,-0.3749628741276133,0.7424242687120608,0.7258469144162897,1.0748095692568076,3
0.07316880178168617,0.9763706730233876,0.6585832488864258,0.33166254246276605,0.9545423976490196,0.4006407637636712,0.6299841353175037,0.5519260639858965,0.7089627588804175,0.7493579494765276,1
0.3868615983343333,0.5753943843754616,0.5489474665977152,0.9126091798250873,0.880517744299156,0.4316695254842511,0.17383034400895217,0.8543728450283158,0.7751528532018878,0.6285087947334842,3
0.27960637698308133,0.1515335746771871,1.0795967872793808,0.9766870170853346,1.5383723807584602,0.5428449441857301,1.5976845994021085,0.020984899320718287,0.20842456798040618,1.2934992920732133,1
0.34498546040615774,0.46348434817120976,0.4961258426512301,0.251455429916845,0.527859591689451,0.6611587772877803,0.7863489787769383,0.25466669387914054,0.4696850641435513,0.5460217994133536,2
0.2795188757031928,0.211457513578182,0.5266698354297021,0.12644426643067458,0.5694457434559259,1.0125484028312084,1.0275110731683275,0.17154939699853497,0.20449385561430358,0.47608020353201363,3
0.458248233896132,-0.1664993003694566,0.2428251461081451,0.39331119624597255,1.1799325236128444,0.3855814455200143,1.309875009908581,0.15261104264854902,1.0020848817296417,-0.14457488488343617,3
0.396143359647732,0.49780479390168964,0.09488944064305137,0.45086724148522256,0.2500146953236998,0.015634883118779627,0.0031224362119465776,0.7083953280029328,0.14352037369619297,0.6392674926338774,2
0.7477049621927017,0.680830385109043,0.9728741778797275,0.35045075551298266,0.6901708865315902,0.08797315921304992,0.786399598863157,0.32438539951168244,0.12136546752665786,0.10926381184347654,2
0.6355003956246041,0.3440242868092759,0.7321832460414404,0.7759908600172967,0.632155584637089,0.9361578209121195,0.7539232249690103,0.202982571090564,0.29912498796270015,0.5842046697202445,2
0.8670974778245468,0.5372386941417043,0.8672917331263855,-0.038614580153851316,0.10125991496074249,0.12818902167057944,0.3754452342523437,0.8949527393010884,1.0442298274899586,0.7677757460320228,1
-0.047172147298189304,0.6246014547691386,1.192295831211258,0.38599383255794484,0.8927916261873476,0.6003745109718892,0.6826947975494769,0.31187432006527566,0.41768710023930694,0.6980330371734162,1
0.3819136325025441,0.19393912059745563,0.2639063273897842,0.19293297373576396,0.33462140544035657,0.8558315750939185,1.0086747974517716,0.20622916919783663,0.45665137781474435,0.08588127723498407,3
0.33395663730295877,0.475098827305491,0.040158477421741334,0.5593947546362079,0.3607964516192359,0.1417992270895459,0.0563231156251337,0.8078492209627411,-0.022684302272047263,0.7076946770628246,2
0.43817094951382846,0.5584333587560916,0.7700826828269955,0.755557739502356,0.9654986340898744,-0.2906231568095073,1.031846521945107,1.264881092795272,0.8383160130025153,1.0841523709936067,1
0.7625193101539083,0.5569907583060597,0.6288653031942656,0.5673341752919075,0.14977807606073273,0.3136963021954225,0.15884307066187825,0.49400203667409726,0.3200475331706262,0.3570858960225549,3
0.2825461339230144,0.34773899480920023,0.26553597647475957,0.019209769444904067,0.7614945270363633,0.8602612596987923,0.6837710137164181,0.07545547651890278,0.6822593800361324,0.349389044760033,3
0.47414531424860606,0.7664303360090349,-0.016861211357463907,0.8035852721560095,0.3361005099675377,0.9758181987629901,0.12770727559302383,0.2503142087448025,0.00544827847544712,0.09217692183678389,0
0.9281001845051264,0.06334717129191718,0.014495452746780718,0.6996769649376461,0.9702367272184004,0.15437638107033147,0.6199316450416542,0.7035951552474435,0.6663156241950561,0.6887111924405472,1
0.14740038620158877,0.11119341113026865,0.39212501506173847,0.7105589959898552,0.08226792434965073,0.37087692024852,0.5402519841013281,0.8511815523589508,0.43963834746445823,0.42737628395792915,0
0.4489947909492014,0.8428312812635794,0.539108654214237,0.7714498040469832,-0.08010258169997152,0.27059647287676314,0.5467119764481161,0.2558815460306479,0.10079116760815549,0.28899249324745446,1
0.03854218055725744,0.642324033967832,0.9189020038349371,0.5388466473207548,0.7588663217534967,0.6956322465477481,0.3797832543542061,0.4370036675130396,0.35621131038702813,0.44821878502686596,1
0.05519853135374538,0.7667973792977333,0.842838716016255,0.2096903301076571,0.978779580574125,0.5345944263970954,0.6842912888574711,0.46711024746881363,0.7130758371921585,0.5015517875511051,2
0.7292246403145257,0.16127647476580032,0.27063744697259284,0.12724316455131574,0.09148418025170946,0.9246083469875122,0.9338765261814564,0.3689669034512741,0.5198458733174048,-0.20612312791090126,3
0.2714432456941972,0.37036651706651413,0.2845002672399282,0.012539414305714348,0.7157635035278659,0.8533132019510461,0.6983009060635695,0.03447373442318341,0.6407278771775247,0.37863250951415867,3
0.1689473972718473,0.39885656577938855,0.04361916324578699,0.07330774404326967,0.4566026346632442,0.08062750572472488,0.155008165693881,0.39904228344199166,0.9408188406368362,0.2619318155046155,2
0.42426570292942273,0.5444964819491721,0.20983175327252418,0.5352589237048221,0.554708026489272,0.65513529501351,0.9740669630266701,0.8374334440537847,0.4494513778063026,0.18217138445332662,3
0.40713801209578626,0.5469703847867536,-0.13377256205132576,0.4234234055383562,1.0802494934087674,0.8306482854178937,0.4378936948285633,0.5494801297346932,0.8996484707815714,0.49979280505235407,3
0.05120893997185237,0.7715272476290193,0.8488285228833363,0.2335392510857936,0.9771231088096849,0.5258741427921425,0.699348721074552,0.47240807100392845,0.7261997904821585,0.5090030507218681,2
0.2622862195266945,0.9307242109601152,0.7396683080066104,0.7962683987272174,0.3875239885250392,0.27554588869249236,0.9250162275646169,0.08208208568883103,0.42039713305662985,0.7524035757577687,1
0.23629322194258562,1.0490218061991161,0.5492394854334635,0.32351441009423154,0.9469551205742435,0.7074201409411194,0.7652018275927235,0.6005186263125571,0.19474528499787783,0.17642361919575172,3
1.0215742070017026,0.6345048714576546,0.049466448976687595,1.1161393599680336,0.1145761562163786,0.17010643487790927,0.027937381889880326,0.7681050755774083,0.8693144384091305,0.21490056583369632,3
0.77839209976122,0.08384638383151496,0.3568981978648739,0.24468016737237286,0.22160706264719768,0.25309200360706113,0.3122442309143,0.7822032751835319,0.546418591261547,1.1656378285219566,3
0.8790616168168086,0.7587763568875302,0.580408453886415,0.4981650075144596,0.3234894017759081,0.21745941263302682,0.2006355307325957,0.07761187152253338,0.3384970005136488,0.874960711461447,1
0.941845850296743,0.8143402842849987,0.5637442332101615,0.3579740516525036,0.35535474264298406,0.2553579613596237,0.41404138786137235,0.058828878949877206,0.5179104409926318,0.9063889122709958,1
0.45692493157051767,0.5337849289880346,0.1887400457053203,0.5690159683504055,0.49827958486001594,0.662954797939546,0.9552598976359308,0.8746199261601624,0.4430729303046165,0.20888270550897423,3
0.17186656900233355,0.21112667950419656,0.09088999472538975,0.5931411004459491,-0.26917731426005026,0.3208611656709637,0.33863085303611934,0.13653973367066236,0.18644610924381264,0.49950683999515816,0
0.5983100966847893,0.7986616471153557,0.7954151298461519,0.8382567228253605,0.7594463679081233,0.39947094775329406,0.24178853141461845,0.8555069003000575,1.0166555855195023,0.7833955961059885,3
0.5187878667634193,0.7580245869138442,0.7004476693615407,0.9138620450254898,0.8725152522971187,0.5180428868354539,0.26957264276180304,0.9843920728660356,0.9571045190156339,0.85721243923193,3
0.8743191320924162,0.6896477037101045,0.5140886191908144,0.4554626240248957,0.18641740345146696,0.2674835495702946,0.14392112126365467,0.1481607097561632,0.47152195227784166,0.969571529863299,1
0.6819109825390819,1.4683169002839787,0.04858330441267522,1.1807604935103766,0.7838150476599359,0.14262106193205487,0.19249023351616845,-0.5961902613207,0.025437871485385122,0.5408155827557112,1
0.8975402626133573,0.7239275562775858,0.44546115666930386,0.20255130146833925,-0.06724310770855345,-0.0349951476060556,0.3895882318515033,0.6281904424574921,0.044434444383660066,0.4895793544416599,0
0.08763694087321983,0.15342341223118316,0.6182661991247734,0.4889862543251645,0.6924291868518366,0.8501179399876655,0.7034041506150379,-0.0012261853788771149,0.6869444040005976,0.4520619038612087,3
0.7460447339612766,0.6197721113607555,0.23177793206593253,0.24068188234266874,0.09609521213123405,0.6764192690920947,0.41501871280672337,0.6756414732886539,0.35990649626019905,0.4201802363895344,0
0.4189044089804238,0.8390360125885561,0.4740532452920571,0.7898741666021147,0.025266012499377145,0.27815281452136753,0.617905354725274,0.26582057135465936,0.12465776406607249,0.2389030870143686,1
0.49411132484678927,0.7772156745699883,0.7069873735151792,0.7820894785295932,0.9132800625835952,0.252973386171489,0.22844792780432382,0.8137524616659637,1.0881354925236744,0.8073877438860091,3
0.4077260864297051,0.880331597231383,0.5259687653471177,0.7217507398361994,-0.028547747615003054,0.2698665056269282,0.5735104812500365,0.20440630612450805,0.14940293031316348,0.24074906939608542,1
0.6072553114577196,0.1933245416669247,0.683946205509273,0.09524168882630962,0.9350635120360945,0.8133224703518873,0.5915891978214248,0.8512791073787919,0.09274896347363154,0.4982085082817112,3
0.22709824843238263,0.9436147714096552,0.8393485662987762,0.8284108511751946,0.01501332869077307,0.09270377234425531,0.9899766149379426,0.7675304715156483,0.3311296953957166,-0.3224218207093812,0
0.4956832630652363,0.7921485526797932,0.8896269810373995,1.0033743687058971,0.42296375431732225,0.27554645760302043,0.8091803233547237,0.32722960838115545,0.30561404105188644,0.5258964033817752,1
0.7042155343800441,0.6406579281011812,0.8511482307625111,0.0766356574311176,0.10506590968308038,0.10845987785996722,0.34144032428910787,0.90509225379036,0.8890895451636768,0.8208419303927891,1
1.225389409221005,0.60555167317607,0.48107225764336237,1.2351622905816246,0.49860972930049,0.9830668579316741,0.8197821697141683,1.2086756412935216,-0.0706562068916732,-0.1321822595512677,2
0.9643947890158846,0.6264248263653183,0.09319704375424538,0.06956273027614238,0.02050533034159955,0.5004794482467879,0.4258653869736708,0.7463767877037422,0.3376339973536559,0.41778345207465817,0
0.3831014072796072,0.13883108225273372,0.2895986353951986,0.1260801617994858,0.36830858163248625,0.8117207534159474,0.9759426049371638,0.2743715459713527,0.5271179174986518,0.05502042372689514,3
0.4594655507746722,-0.5117257690511635,0.2931793505241212,0.5217977881258915,1.167235213994432,0.7943518771958388,0.40094050086633864,0.09003377754109175,0.9616186298374786,0.26863393954834236,3
1.0845277202740216,0.7399500189083487,0.23611501794945222,0.8212250164755197,0.39505767546017345,0.8433899108164525,0.6225900343317592,0.7670244662185816,0.09523403670421879,0.29078473500467544,2
0.26519526374063,0.896576926680574,0.8329624341842137,0.4304637181071769,0.6824439337551217,0.5683432663097865,0.7053991481949331,0.5960130857445578,0.09458263873908428,0.3155287548507908,3
0.1348503020644077,0.5824266448567061,0.8667557380220692,0.5269145184397539,0.6472786779529511,0.645699983690738,0.5287005081788396,0.4545264752544025,0.25894805689178463,0.5542346297821871,1
0.01310284202986163,0.1068813734990583,0.6299719437111048,0.32853901018968973,0.30192692970760227,0.4157182209451928,0.803646644330404,0.6558280910768227,0.07688707539241987,0.30052642883283215,3
0.06334080975479867,0.5784618505742667,1.2582230964849392,0.2418210259693822,0.9608552876096659,0.5897349426912146,0.46881531220220707,0.9699300088409909,0.9709560810570699,0.4358293656971775,2
0.7913424912962526,0.4664722142599655,0.818557627151194,0.4200890039236823,1.2802959624889518,0.6338672350349943,0.15631843498817483,0.5751382272983248,0.05998766871701601,0.2463488626910585,3
1.1497336345491038,0.18869803854351216,-0.02726002509107002,0.8743556377169941,0.9443717761007822,0.11039274705334251,0.39732656348745354,0.5345628475015292,0.5276849454866807,0.8126509599548755,1
0.6398308590165305,0.21355976779534164,0.3690951222119041,0.2685261523391789,0.24884342744381466,0.34888452349841953,0.29155140287018744,0.911133089965828,0.4744200127763004,0.6773687386114507,2
0.26556527033986804,0.9454278299032595,0.6590060640141536,0.465445033563597,0.7702295182439058,0.6451550107843094,0.6217335884306839,0.5054145735484223,0.18461913819330397,0.3432287937629,3
0.8281692938846047,0.619124645436696,0.5113546003513382,0.6189691409081219,0.11042514835201173,0.34957681059040274,0.24334960055377433,0.50562449438117,0.43900080558590815,0.40424208815813584,3
0.4569153074324574,0.5357741374836656,0.18861912355475965,0.5707927646510578,0.5004192015263367,0.6657463699060161,0.9558573765719047,0.8755810844862237,0.43970994206024405,0.20845966866424917,3
0.4958194518936408,0.6021493611674109,1.1124636032945618,0.6007516464764144,1.044284713334929,0.3764529429429554,0.3061083002293302,1.1847030239232939,0.7233531387049354,0.7153783928579478,3
0.6409459778927354,0.6382003128855942,0.18588002042859358,0.6913424189598659,0.2384401218861329,0.9477213902604339,0.15821789444668655,0.29261909943763764,0.09888872550266786,0.3449838057309778,0
0.45383038421432204,0.6857942149434736,0.20527540471675965,-0.48625239077461013,0.39863254245609103,-0.025980944238072345,-0.040943335246528656,1.4765625795404853,0.7380984157860757,1.2642453462790875,1
0.844669766489997,0.7036041343650686,0.5552613863017669,0.4545909206655784,0.28754467199678113,0.3242170439535941,0.26821802207583273,0.11196863157439357,0.4139496496730632,0.8448879281211709,1
0.6939285188824496,0.3436778298184266,1.1010127806291332,0.11706231190685237,0.13530204607201984,0.04060310174583926,0.42370213009693036,0.7928362851992284,1.0485288316051258,1.105447050150592,1
0.4410370898593087,0.302550253388704,0.6549257125988894,0.4469396202986733,0.8937989759796995,0.6946443364602386,0.45360000252652344,0.16979556977078558,0.08929428147875022,0.8488221172350003,2
0.08191942504318848,1.0588832484133863,-0.029941681659867422,0.24017152343212284,0.7383562540478749,0.9119697631356629,0.6866413374730922,0.21513820206104392,0.2324780546768533,0.9029084380110732,0
0.32584039805692483,0.42159764826502183,0.45973959507263057,0.2731813458549055,0.577714120885629,0.6989846173542562,0.8114686379138563,0.24688790779999364,0.41722793025216515,0.4932367040613851,2
0.13846167471295465,0.6781563780318316,1.00601861954982,0.6044893267615687,0.7645712104147564,0.5548295151958186,0.41154036313738146,0.516838292489958,0.3474353943364371,0.5084366546098028,1
0.5142402499900861,0.1463283024909801,0.49983256635678897,0.31444639140756625,0.42107384372748763,0.47897798352853466,0.3749457926408662,0.79520909548824,0.2983363878207546,0.6012142454801932,2
0.5625380734858916,0.09170299851416941,0.061155102844692055,0.19999267714399563,0.7641110649484697,0.6828515721975532,0.6168398359826771,-0.0010533428114230664,0.6557339572006965,0.39711913806352644,3
0.6989858690125663,0.5843054247374455,0.3351655954864494,0.14248636943387194,-0.19383454942176861,0.37354145087578167,0.37246404296137176,0.7939302791782021,0.548797745519994,0.5186658181442594,0
0.9610257315385367,0.47358840754035053,0.06257487051793822,0.990856333649768,0.05261362454182712,0.21783346599691833,0.037311903905503194,0.9274500496653181,0.8629302764940175,0.12378100751884509,3
0.36730191354669806,0.44117387072202935,0.637038938637621,0.3051549816781146,0.7463713497278249,0.8850610286951677,0.9601542544754567,0.3047314218624583,0.32006892501023404,0.8274752671269612,3
0.4207623742059315,0.8050389764972489,0.5189155260265429,0.7990171309322034,-0.01649675136394597,0.30020121902616426,0.5998382197920141,0.21709518406637862,0.1741387348249506,0.17055439293572552,1
0.24785002343108867,0.8539418751321294,1.1439268935231541,0.7525706406174559,0.6306413728393826,0.22247303979750382,0.8100479220128827,0.8298599438533584,0.7898574349361367,-0.07836136970574897,2
0.6993939178701529,0.4351990966473483,0.6051908791625391,0.7446964418073403,0.5537560177227413,0.9274641798336872,0.634034209949777,0.3080829526917074,0.18696399006179557,0.47222201325543917,2
0.469709932931826,0.604477627121376,0.2618406152302094,0.6336141090931269,0.5439539872991266,0.6590107920274018,0.9041186258170567,0.9511008627951628,0.4036528633928143,0.13070713807869538,3
0.30159835627187576,0.33693729340141515,0.6887116707524413,0.9489097153045951,-0.5285549884628071,1.7156537834530876,0.4737319776404555,1.142395957554117,-0.4233999076647113,-0.34328918097560335,0
0.1377473837348922,0.25783071607440017,0.6797047825034784,0.21208474466475236,0.8280144012062001,0.9770273548688807,0.9328521506442518,-0.03312887107786186,0.5609754627097393,0.7259005557867846,3
0.17243629801036808,0.4957754777213245,1.0505059114910422,0.3027801129727975,0.3515721201959162,-0.11031712127348978,0.9258900236667053,0.26384520916363097,0.8078810503299376,0.3042105041638855,3
0.5532189744287194,0.29963062242858124,0.6845993348163585,0.05773636128274085,0.8896299922115268,0.7201693310178899,0.5443373734669121,0.8094699210677588,0.05941056784669994,0.5293194628586034,3
-0.11452844069522078,1.093805531564899,0.13466853416657854,0.2626579309481125,0.3793229026471924,0.49326587806717603,1.0220295855774055,-0.08008992573920998,0.7948154886936788,0.534630466635315,1
0.040379283494008336,1.0959699617784895,0.9290182950527281,0.8705724714041976,0.29163906844949045,0.04474188522162342,1.1214333625081587,0.6339082329518142,0.8897890602562954,0.2535494178465276,0
-0.04461820717081383,0.3869202206576943,0.3339611367167298,1.1691196989012038,0.9582756314778071,0.040010398590956564,0.3828457671861679,0.054161626828845955,0.45425885180066705,0.420810800734882,3
0.5670311923584249,0.9898414838314992,0.2726937293504772,0.533927011295113,1.0506934604997493,0.5297785655832021,0.9897427485378231,0.058447129397022304,0.9285709536047414,0.8919098675860524,1
0.058666259443971046,0.7727775044450615,0.8473707422538065,0.22364323076571155,0.9841759055329459,0.5341833207462529,0.690521390189689,0.4597171501836637,0.7200246781144519,0.5091964573147714,2
0.7763524822759571,0.16146839937737772,0.8422815425765247,0.7850909664191339,0.3201056633682232,1.0459393341946557,0.9465830834893203,0.5481523246274653,0.3388220931781186,0.5282018622626883,2
0.668770911512689,1.178763411438354,0.23549085083009413,1.1633211082123038,0.7508553613776627,0.4523127031883772,0.31301501241078183,0.7533227495147834,0.17307227932759872,0.5601830555148479,2
0.341335045728195,0.8907760294868124,0.44679922738393596,0.7635766887809113,-0.03974913139123822,0.2535547322776508,0.6063898960202877,0.2666199923984477,0.17501136790684463,0.23119983071692785,1
0.18494542397283698,0.39578012264340623,0.5953069006738837,0.2046778150322818,0.6857885512930767,0.9269961600965914,0.8792112135563961,0.15611885412305662,0.37377494983675363,0.7023315172755282,3
0.8339005905814383,0.6463863923526079,0.6140178160029282,0.5616925332483883,0.06011170050773268,0.2736891639584929,0.16306801327325893,0.4984252588166401,0.39164433796814524,0.319455026898083,3
0.48959266747745933,0.9892527277082616,0.6348007558820896,0.9804840919228989,0.49376849062348255,0.073725984300328,1.0770686765848958,0.0096894875695194,0.5526345460564315,0.6851458089553478,1
0.7052614226906533,0.38345564733542536,0.5127092924092099,0.7031963249464029,0.638355745572891,0.9160132117360855,0.7191557227270725,0.39785367803572075,0.1140141339946175,0.45825885737333916,2
0.8517157646963074,0.8083093613824466,0.5326300445282718,0.3396652536337215,0.1522119555122664,0.9385610735341743,-0.3104170260751864,0.08060389325149453,0.7180016196242135,-0.08743687378627235,3
0.3338638252562599,0.15399404798040833,0.9022014451218404,0.5942295871473905,0.918448580849292,-0.2252802561185923,0.7077500373454301,0.5144189336560115,0.33306824022975934,0.8122205780443412,1
0.34887234194769123,0.6407214876732331,0.40946511480185677,0.4425898351632356,0.5332605127752408,0.7041300841144006,0.4369192633429495,0.43028391500317514,0.18085893211726853,0.9620019504281413,0
0.2772226102911009,0.17443423000829655,0.32371065296259494,0.6589720729998282,0.43603854316828206,0.009352127632926088,-0.09948370520872177,0.6913795550013166,0.28267258276819096,0.7268923755286506,2
0.05542855998123482,0.7747335140026343,0.8461702974634772,0.22014423806024525,0.9858202898585435,0.5307930868357227,0.683797659838074,0.4612305516140296,0.7164608706927692,0.506786003546297,2
0.9124628162292054,0.5031727707589898,-0.008594210939142165,0.9897248681279256,0.02581753926297044,0.16375111456450764,0.04764687563072529,0.890895175493667,0.776612626319794,0.02399726941343461,3
0.27271809309428735,0.35916414750678916,-0.005900698443627464,-0.011495446492369346,0.5717753265847221,0.17909261112369906,0.23999565848054666,0.5427524578173992,0.8516510500452652,0.11635942610351865,2
0.7468515640731905,0.59243330285801,0.8193920439300383,0.06149403395926682,0.09088297559612242,0.12854083076488954,0.2917953011185605,0.87938862368462,0.9370076388217085,0.8690324545976432,1
0.05703023501304306,0.7731783158858652,0.8454498674188502,0.2178906739446236,0.9885008448367377,0.530728558272156,0.6849339581081807,0.4599059456705027,0.7155586866028,0.5078297705914118,2
1.111791988100757,0.7070501520619151,0.6329454207121842,0.4759938313624068,0.5353234641130837,0.6952738987770671,0.6622631837691425,0.8175874806626149,0.7465640288014361,0.6453915432386753,3
0.5369296758005424,0.22726086614561145,0.21626339906774672,0.25857171367703286,0.37415084090891876,0.8114327272510856,0.9978122937901283,0.16291412000849748,0.3692806901375577,0.05930112336724963,3
0.510395303614555,0.8072251895697858,0.7437962662536431,0.8791668624290564,0.8277327623792826,0.4280733773973377,0.18429696511463148,0.931084134980552,0.9758149052539119,0.8343294563589119,3
0.06283720261094844,0.205241211872855,0.3178108800628685,0.7520536149474664,0.8825759743224326,0.2931456114756678,0.7626826984384185,0.7425686862525965,0.7317730625200873,1.2813843597657792,1
0.4235520519058936,0.3665136896351686,0.2669569274031267,0.08992655709171443,0.7650669979374236,0.7911874994317337,0.5907912823463931,-0.07139819451374924,0.6575374155872978,0.3057464453184715,3
0.2547831608842428,0.9120903806871972,0.6457158429277594,0.49379752134556204,0.7414762205046546,0.6039213437957383,0.6618647150058296,0.47189578537292354,0.1843073107143161,0.32649822127937594,3
0.4499747129444422,0.523524477910615,0.19762526584555237,0.5607090497835596,0.5006539125269865,0.6738335385302626,0.9515189110551123,0.8763718432102532,0.44163041208596315,0.22110062755375615,3
0.36560466390830154,0.8461330310746994,0.6988953847649585,0.7360309943480319,0.4014614889172402,0.247491967182966,0.8427212920658631,0.13281364419199707,0.40734565031032927,0.7253860530504549,1
0.8333366030842896,0.9304309251902295,0.7836097967931206,0.8998535938114989,0.8254529950840339,0.4900281086063906,0.4077846111114671,0.623568357989547,0.7814019047407179,0.5827368659473051,3
0.5774387764266946,0.509326978374441,0.7354350504343898,-0.16138695356631003,0.1859296299078864,0.004257006021717871,0.16492681491160685,1.142350428749085,0.8771982464425423,0.7550830885133015,1
0.8385369146369868,0.5160979800813094,0.8446185881110032,0.16040793003253714,0.02442506179931847,0.0770866449490358,0.4008821193296655,0.9394292728467141,0.9448322246402292,0.9377793964181368,1
0.9760400174582415,0.7996847520477632,0.8948996006991585,0.41461215507980076,1.0552496466664105,0.3771366584298147,0.49943562730200286,-0.0370063765752669,0.3337104098673383,0.16812698472286158,2
0.3649634761231936,0.19723039347486274,0.6223458846769558,0.4590156707983264,0.32581140093058614,0.37150777613074043,0.34232217832142003,0.9627378765825236,0.3638839417434417,0.47696703720237565,2
1.1176445363039502,0.43526001957961546,-0.03125283896127107,1.0995407402885202,0.8059548597365089,0.7035268332277305,0.5488740540226694,1.1006506989840226,-0.1433905782874704,-0.19211857189471862,2
0.6546269513487548,0.40711403127442486,0.5618072490125308,0.7918600506247992,0.5555525334722642,0.908370072963389,0.5847611358559788,0.2815245459600125,0.16663132684369358,0.4413121026978571,2
0.4011617889785256,0.013035279733858401,0.7930778121044422,0.98878340327103,0.9849210508530316,0.7562652454547074,0.1888340832473127,0.6313593316963945,-0.3554060728136099,-0.4300523557912038,3
0.13993543259522948,0.44254153769803245,0.21477760566723142,0.13733168311756344,0.6778567225933764,0.872515738607151,0.6613752073487725,0.11218005400755918,0.6269619281937916,0.3060245001543415,3
0.6670599220660111,0.4032314313016937,0.5954276064017753,0.7514052906494243,0.5717204737242227,0.9452487366577892,0.6321292894908344,0.336586734861753,0.17188528256351607,0.4799347423287716,2
0.534856533544042,0.10046438670864806,0.11467153230040433,0.3040105244210819,0.3019246264658578,0.7518603231297449,1.1065340059734885,0.42229048905219174,0.41920025691909485,-0.017683177349056993,3
0.5089724422256819,0.2997402206438553,0.5258566852587547,0.6303211430354013,0.5388893303695774,1.0946048472549044,0.5452315223006031,0.43425339413351877,0.05621971806294168,0.612826565345916,2
1.1493133979669052,1.1996694233653151,0.6833884377731366,0.47241695243222626,0.4618762326279824,0.6760531697694072,0.5034925990435319,0.6484539649446912,0.7720849716845879,0.6866048846467079,2
0.36233765984915767,0.8506533368145416,0.5147623972354683,0.7955926549535698,-0.02291246122820197,0.27316571247083254,0.6475789113053849,0.24438774474327052,0.198799555166253,0.26024623625739557,1
0.4197528209125841,0.6855625415452711,0.5556645477177449,0.9848484334847027,0.850519116286345,0.5852524196624387,0.3729513372633759,0.8979902507743226,1.236117503130024,0.845043344413977,3
0.7171384951998216,0.6065809352278271,0.7973484966132219,0.015177222151663894,0.5789061409534901,0.5568190815580482,0.2903423278223971,0.8954705619365122,0.5660927721675235,1.0032446424623453,3
0.6057016180365009,0.6361685423756008,0.13978288211760395,0.7028821914966323,0.21013953770126872,0.8798896659394805,0.11689790254979598,0.3372857317773979,0.0506810983431822,0.3169822470024786,0
0.2854310326195731,0.7290414469587841,0.1365581888870676,1.007838197946893,-0.04675281371958051,-0.31976080726138545,0.6484628274402107,-0.013937800913347537,-0.07645883031088396,0.14923851372217456,1
0.3468139190376252,0.6935928117865703,0.2523295327594059,0.3280224842032055,-0.06784306949067803,1.0408765611982846,0.4032742723040319,0.5590616934122854,0.10287807010771233,0.828955576752559,1
0.13246699955161528,0.507080884001683,0.597999138938717,1.0596563734276847,0.9225956929349963,0.09634302819723672,0.7836190762531309,0.8519248307733572,0.6383655631930018,1.0115575365895455,1
0.17459030289794153,0.15990030747591177,0.5563615435590933,0.9125310394902907,0.9662219713166764,0.402647246183431,0.5969781440616527,0.009396084839828102,0.2962156244270396,0.234006563905443,3
0.5885494053227024,0.7035904886529356,0.6500046702365213,0.8933186476944494,0.895249595545179,0.5199720424184573,0.08427130737704076,0.8233892937121415,1.0620655766895133,0.8190212696145572,3
0.988340963516768,0.23612321918535734,0.2788098627846421,0.2613487078038793,-0.0825627279079551,0.7721368557577363,0.9882808991248996,0.6036538959415495,0.6237159387052816,0.03174643541635896,3
0.7462714977988134,0.8718007205565005,0.3834715228192436,0.6486396285985244,0.7430751129773504,0.7178674231286515,0.4828321704762034,0.896126711550385,0.011986797212263112,0.27886965578695366,2
0.9214152311517747,0.5291158927867157,0.6815894079944541,0.4769610884103115,-0.006678975842474247,0.4400222113101133,0.05038483817429898,0.6292270529263669,0.4715180068060173,0.36011443624189116,3
0.05687558365718951,0.5025812894417618,0.699139225084524,0.8680629303859738,1.0175925463515665,0.13856473401207364,0.708200150086489,0.8513550167894437,0.46670834848762377,0.9715685069095812,1
0.3573424768812461,0.2911550831412595,0.2128300882439011,0.12693989484333398,0.6608990844907232,0.8771674227903699,0.7157140828973245,0.12043902376907901,0.6906503331140451,0.3430920181544737,3
0.7588686525644464,0.3518866531086682,0.4745776936770312,0.6643821739112568,0.45854400143621504,1.057714986340171,0.5236316296974337,0.23506872702077292,0.05506227996019811,0.37690216590857817,2
0.04155162995054461,0.9753208643961765,0.7127239850870937,0.31533724486490444,0.9105328872885189,0.41622570212929366,0.6315277953895844,0.5968169636281762,0.6740031545054382,0.7298346654812973,1
0.30129844744426726,1.0388054887063785,0.5779906083767251,0.5104586464708315,0.8789977925745032,0.6079479225614352,0.6169714994558876,0.5231933916506843,0.2686339669240716,0.22907206893533708,3
0.5658267765585268,0.7224331209714879,0.31714684973461793,1.0787566110528664,0.03924444686252371,0.5597716598248732,0.45628117512002186,0.24187459016071058,-0.4218681803097859,-0.20114473567960967,0
1.1699725322720442,0.6510723867049468,0.09930354423328033,0.7839831722136488,-0.0992555018683188,0.20350938821291503,-0.044557910009082255,0.5905348506978105,0.9087267347533944,0.0886560349028657,3
0.6503119533410592,0.4000893850200908,0.5794707148310937,0.7410716502554084,0.5229743226880009,0.8955794999205231,0.7024135080332212,0.2828724014663087,0.24831179579308693,0.40219449332040236,2
0.7825144159412654,-0.011842686003231406,0.5458721355299553,0.17485993675371617,0.41382872227478285,0.7021200830418566,0.28998153945752925,1.0607457984092001,0.24333829134173154,0.4217791546040257,2
0.08976074229856672,0.15335943631484167,0.44670387900607106,0.8947890113220204,0.8450853757074669,0.4354350139406146,0.6638056763811087,-0.04106630512771735,0.2362498351648094,0.2748239444933416,3
0.5201802369238882,0.862935780881391,0.5764215316340546,0.6509435003175142,0.5808794223728785,0.01007890801060024,0.5862907099457136,1.1536371713011533,0.48127423801983626,0.21739438003823597,2
1.258897600991712,0.04059134370395223,0.37473998982494816,0.2544576525186384,0.31068043859691896,0.5116240897661886,-0.19111730014172024,0.4070672231768688,0.18144274848588107,0.18117909698017856,3
0.47027779216529686,0.21485877993180508,0.21126879443228308,0.21410097862035607,0.4039966912610839,0.9968790315011582,0.8391456392541083,0.20124873246842875,0.4488220580193285,0.07312737805841789,3
0.7913179151404908,0.48287279174574244,0.2932597427770391,0.05080156276104933,0.28168195975403476,1.0515701364716223,1.2632554325294798,0.38877810513242284,0.4146186139840837,0.046516843224379406,3
1.0567953616908963,0.5983724841483944,0.5358270479320262,0.13289055756235435,0.31064016589702964,0.6162609303889106,0.31847243295987915,1.1045985593034542,0.6656119320775654,0.7563316231008618,3
0.471998005009731,0.6607781037098082,0.9188544038873782,0.9352497715667962,0.2509700111750363,0.45198496898914664,0.9381258361519024,0.3535000218990615,0.43448665678082454,0.5701227547241112,1
0.05167092955501375,0.9732536390662079,1.017317055956241,0.4230705104074105,0.5888510386289362,0.6948622408027467,0.26627840714674433,0.2719296622941938,0.570946915402371,0.5408295868178271,1
0.5243988146436328,0.29338268167322656,0.34916404146557084,0.19880176253925597,0.37812678352883605,0.9192456071228782,0.917890385953056,0.18802095176443898,0.48303144399094217,-0.003765502087950394,3
0.4907082712523344,0.42926193332261386,-0.0575299371842935,0.37451439620222216,0.34162944017205,0.0501655585475967,-0.003875660130498615,0.7096903444595595,0.2790407697428629,0.7972564698312004,2
0.054864390508153234,0.7731089441613168,0.8478559937961522,0.21875187724961345,0.9855294567408985,0.5294927635405858,0.686819794770096,0.4614880631930395,0.7166469814698212,0.5068220558291117,2
0.10329992420286423,0.025134815032054406,0.6029151040717435,0.7777987998517252,0.8935446179098513,0.5303412741347008,0.5477296282844806,0.11445765401028182,0.15850541333889429,0.4460172687299935,3
0.7553281273772473,0.3074965430475575,0.5546749743845022,-0.034952683833716226,1.224942196095267,0.578936620340663,0.719044815044534,0.3971060576464826,0.5805389604131137,0.6946372429519617,3
0.12018783002042825,0.6610837488147128,1.0624269479875077,0.45080486030519223,0.6235714178981492,0.7453785642866912,0.3444135120467726,0.328592907035243,0.17212209242274645,0.6383429013342478,1
0.5467116456517056,-0.04309858137704123,0.2963090678223676,0.2221102340699615,0.24134723288336662,0.6033644749107347,0.5630231578643146,0.8283938232878073,0.2218045868741248,0.7054343354196847,2
0.2556567138546417,0.7517920234135982,0.8012658279804982,0.5690020685355419,0.7842076010228654,0.7085050875052261,0.4962355736270447,0.373636902589613,0.2837404402462303,0.6325810328562994,1
0.3285352844954835,0.9222773372348388,0.7880885591771687,0.39765208455580003,0.6843842431592944,0.6115212307463601,0.6565626768841103,0.5738251613377472,0.2829933954621061,0.4002022818261633,3
0.07804613002453559,0.9537230637724075,0.7057857158517666,0.2767755815266674,0.9204530226279727,0.41183858188389816,0.6021124886251746,0.601667478562115,0.7022186497486798,0.7458809851677753,1
0.3835670106991621,0.9895527434060548,0.9908803720881706,0.703407750842292,0.8835314614649693,0.1993264001258845,0.8668177102278315,0.8053665193993677,0.5597378292350349,0.07803953277363139,2
0.41810518958136544,0.16071544174244523,0.6724153302551628,0.36418921183070924,0.8726247697087164,0.020205182794837136,0.942051909686281,0.3430206372562155,0.6046955237436513,1.139627187558475,1
0.5589893373514357,0.5628361593941575,-0.04093977038725005,0.5475741716902566,0.30965168653182285,0.14727039001407172,0.0452876706964388,0.6195284752808718,0.1764009452351811,0.7586769026016342,2
0.299793237921166,0.46696551931680186,0.43876366724837285,0.3072118912039246,0.5493372068764415,0.6775604456708234,0.822075733219264,0.20597896370016425,0.4333540732850799,0.527652587136508,2
1.1144265801022613,0.4906540372784344,-0.027070003177170565,0.7190184741803911,0.5243652367860243,0.8708413222200364,0.7161151179867328,0.9856154297810903,0.19526614122262434,-0.17512130976197196,2
0.5793174109171635,0.15002564702712096,0.23885180399969233,0.23297333771215226,0.3410535134101519,0.8763542694467781,0.9698497395613789,0.32866352981763364,0.4869074828147504,-0.05384916876123842,3
0.5025529419306802,0.8193556793892384,0.7289101307481359,0.8710423620671967,0.8106791892164639,0.4072847430635355,0.1595992146268227,0.9149008251813711,0.9927720671970789,0.8397548999043936,3
0.4650950619499255,0.832770539924665,0.19551367470981534,0.4136675501423777,0.046884384891179076,0.9078516625013011,0.5465574508186426,0.43534912648570473,0.18035834997582326,0.9630993341447711,1
0.6996675367129672,0.4365989572069773,0.6034976923060452,0.7455295826802583,0.5520330149072533,0.9270668944983183,0.6327778481675954,0.3084315810708195,0.18747318596330828,0.4728053926496507,2
0.5572140992034189,0.6970914113833925,0.39077699565687973,-0.2648790632771634,0.25711546838343025,1.1989725950003152,0.6700390420919202,0.2261412224182903,0.08565175842030243,0.3349851769801367,3
0.9338912430873518,0.48469165367916334,0.032384952693797854,1.0074157815037426,0.03483089798422651,0.11987851356280438,0.001258938031889919,0.9003632911232461,0.7837690745660252,0.030697659429768438,3
0.010381020067416286,0.3410951288000846,0.05217334389581686,0.04213541558643328,0.47966908120065216,0.19336484199202053,0.07338908195111331,0.2961289484181503,0.8379288383731605,0.1678294718600903,2
0.32786496640969565,0.29502044234986424,0.3995308167925894,0.2029750185565539,0.42046074418200785,0.8157608988284809,1.0497555135964123,0.31089525812644564,0.4781586405903771,0.03710116702494215,3
0.2606199755052818,0.9638613501749044,0.7067012098081622,0.9212524132053852,0.2546052358605582,0.06671499694964111,1.1556692418799872,0.7575580739893739,0.8443633827416376,-0.053556121840493354,0
0.9415548899268128,0.8256428385818945,0.9486583605040695,-0.2539709218131619,1.0094927546678165,-0.1213940671369142,1.6559125571348372,0.4691554796376338,0.2078107075867064,-0.2340941539612248,3
0.2919358920989532,0.4579680632076044,0.42064604030546415,0.2680309920929797,0.5904947988364614,0.7257561807613896,0.7873502894182531,0.2695125249238935,0.4396259888379151,0.47112117033749656,2
0.35980087775780756,0.43456354302539985,0.9970702768656199,0.35580291758822485,0.24747448955435214,0.10083857927906256,1.0035292032965677,0.13266078999697045,0.8573355992440096,0.14378894796897568,3
0.12382140575690168,0.4479062716214006,0.5190348414312528,-0.04069279448862371,0.5689439655900999,0.8871246506994435,0.6768466974056209,-0.1488748790830859,0.6626408488609234,0.15714108744257418,3
0.7697655243624653,-0.07854383059694464,0.4777202894487623,0.1445233766588544,1.1140531724967406,0.48088658117488803,0.32940543377114934,0.9365809105717088,0.024661326836876444,0.37357743357193673,3
-0.37138471132466777,0.5989879545465108,0.6574579623533952,2.14746403255614,-0.2784723781845386,-0.7403091576398201,2.0361176400348224,0.3419779975403919,0.7182747857977656,0.5927677285815011,0
0.26901790113425583,0.8425023595992425,0.5076663228181585,0.7521590601113399,0.050193163315111006,0.25795183614801437,0.7121327849113266,0.29240785945689546,0.07463477442032934,0.23127774829944503,1
0.26857289102846055,0.5330375647060116,0.181689288733582,0.6528137566598465,0.5741514265367955,1.0539807929730163,0.025033253513259635,0.5841512384561451,0.3282924093523155,0.21605625266551248,0
-0.3680544650977757,1.2615577329980296,0.430826706581822,0.831791154810913,0.6716391426791715,1.3954608790490206,0.16527248630568264,-0.40006467746515295,0.39606232245379647,1.2197374481853873,0
0.3911258709898795,0.4954654889162457,0.35769553163449835,0.12208081109329863,0.11907072316235011,0.596340607342772,0.008831015417958978,0.6149900546537057,0.9214769607527891,0.13842230688940527,3
0.2214752457225957,0.2652659708852775,0.9275988414038119,0.38210924024839876,0.796070319683915,1.1324700913272805,0.9369182756132893,-0.012273209237337296,0.4460368908956546,0.5271692418127493,3
0.7396797596638286,0.6036182059210894,0.6622639775690984,0.42940107599176064,-0.003953099213751629,0.38498567321026933,0.17674673697088947,0.47024448974634014,0.4490852973708872,0.5064401825723719,3
0.08039073981014397,0.8588410914326146,0.5822815375420215,0.25386554601287203,0.9463435403127893,0.4185290481628209,0.5007632669317578,0.6869277875468581,0.7159734000627448,0.6842946985833747,1
0.36257639283415766,0.8009022076060228,0.4732645199258753,0.8193421943037177,-0.03767740931180573,0.2493175141823249,0.6408996072997614,0.2603693380185085,0.1788143233780473,0.20768468015467711,1
0.7022654921808309,0.7900653722894329,0.5007970447091222,0.5718461601397332,0.14873828402899836,0.43734507618640206,0.3621719927321036,0.27468645362118527,0.5803702964052528,0.7992116237453012,1
0.5516832153522948,0.5603095236086312,0.2166992672783094,0.5950471330463131,0.4230942592265552,0.6841087627790667,0.8998648610717673,0.9443527800191814,0.5334676108902031,0.11289195586106592,3
0.45459930110330093,0.2171801267878927,0.2785397427484935,0.16145256730664098,0.35991543255617037,0.8577128008998779,0.9434415769233421,0.25499999348604846,0.4589604146364645,0.04283670746659982,3
0.4545953102414714,0.5317782223939657,0.18880625311122415,0.5782632784759688,0.49549865783642916,0.6573304875675395,0.9598655135174646,0.8662580909409024,0.44099073058615895,0.20428768353198884,3
0.2678473517888317,0.5592586789143121,1.211414583031293,0.3294513152847801,-0.2160221335963755,0.8247398285126293,0.11640223806359878,0.4594976553946779,-0.2657730745085233,0.9769876659544431,3
0.5438937178704322,0.7558286434630843,0.19050780672553463,0.6448016571551349,0.2955739752560107,0.7653320370376648,0.032211091022482166,0.2678814564264994,-0.009839505616913533,0.34056683888754213,0
0.8664414331728649,0.7382285410956729,0.5162785424835413,0.4608061013432507,0.3094677217975451,0.2868328021996802,0.22125487993137546,0.09641576779073706,0.41460615768462555,0.8750338534675852,1
0.19141177775039062,0.5750264887977082,-0.1828340460636487,-0.14938449650736624,0.5610101197120639,0.1006772216652787,0.16685768343283083,0.4564747581657008,0.6756491176031083,0.4154558665666401,2
0.05593436738813362,0.7727363708554918,0.8478011251398618,0.2197379059171938,0.9856533649115697,0.5307424111692541,0.6861791054626731,0.4603552009497172,0.7149335307211012,0.5085505502913776,2
0.1520186538358603,0.8987958916742939,0.6765965133945651,0.30253319025860986,0.8281256328164757,0.47396798554972563,0.662544723416407,0.566061584782803,0.7730282500825374,0.6065294052908641,1
0.4682731843203646,0.5145503717517013,0.16924652309576307,0.552639333887777,0.4819227020662703,0.6674097380431306,0.9489033321127086,0.8979098689747994,0.41594249101209196,0.21904023359526148,3
0.9383650027013555,0.4712306779062632,0.00040381223619023396,1.0136865468968779,0.1356434846197651,0.20316009280806854,0.008186820008171905,0.8414582225514702,0.8800293544163784,-0.031453578175816704,3
0.2267653313881247,0.662319393194589,1.0922059122171948,0.5999997953332267,0.77467689837707,0.6311512492342903,0.5960538905321282,0.36833059807648233,0.3247260462296375,0.39586611369232105,1
1.0738306107564477,-0.3403768588808783,1.204328850323398,0.3797651163530352,1.1002992604474044,1.0951823570214916,1.0087661928134373,-0.09768961443360721,1.0711941676542938,0.42995078339778475,3
0.4921146939774319,0.7183235596984001,0.8991024645297669,-0.01584904156862868,-0.04157655621564704,-0.05969234811400262,1.0565854502715748,0.19812957693534614,1.0101662229173072,0.3115386397829629,3
0.5893017464136717,0.9435950726602823,0.2819521482003967,0.5830051165452018,0.9789239810702278,0.4794516500455469,0.9657240022820774,0.1475814799048405,0.9094860598545842,0.8290609379375783,1
0.4108320358645019,0.44562686545311886,1.2866082589184638,0.6830638599987295,0.5979788059964584,0.1643500724765018,0.8260918577809391,0.864653752964746,0.7802518560882334,-0.484097347330227,0
0.8923669528868875,0.6057078584826773,0.5069218729443783,0.6127200839213838,0.052373798741296995,0.36998132496267566,0.2545659465513224,0.3745657951756588,0.4685903813597255,0.8685931615141821,1
0.6970163053014085,0.44755083513989835,0.6065010614668409,0.7659268401040781,0.5828897243368982,0.9068812714760184,0.6655205390742632,0.2803428056902668,0.2194199718198267,0.5069146001022361,2
0.08532111532687853,0.537270632751528,0.5838606140112949,0.9487717780118226,0.9345939207394783,0.0817872136874174,0.834934125061525,0.9211113685867389,0.5201945722033738,0.952363882352859,1
0.6180937081965036,0.5022982774405849,0.16095610980342578,0.6009210239263117,0.36040663019000047,0.1102335945921786,-0.21814906637149867,0.6382437512029107,0.17579874787710553,1.1922430572648122,3
1.1323330579742372,0.6089513058552039,0.6446403732621188,0.3781067997041331,0.5983700410543664,0.4167920023753212,0.5385070171394228,1.0656788402730113,0.8143482102656794,0.6530958127885045,3
0.9023427721460802,0.662544876051664,0.25783081043231393,0.14618367660147638,0.04194542547648615,0.6035039541364259,0.351671217816275,0.6481948549711727,0.38829056082731417,0.3153471707461195,0
0.11722430819472618,0.18270890551116944,-0.03486487535103204,-0.09120936219846276,0.4552019356864209,0.19301801557276843,0.30500823096760576,0.41546483365540726,1.0111289432408153,0.10465717920203432,2
0.18987371110749118,0.8787063582664826,0.7374165048704496,0.8272586917513122,0.8639505511417204,0.5093041278965333,0.4440666347416001,1.0961235824936604,0.9620585747411462,0.6511287265498615,3
0.17141347578819888,0.9044073007739625,0.7666749723469057,0.6446266894729967,0.18101203172051766,0.40344546756892435,0.9596314377650116,0.3954998591602165,0.6900785198480134,0.15439120074514576,0
-0.1361461147713663,0.17497487885168495,-0.007150660188314117,0.01964008514040616,0.15694071829919498,1.000139666122349,1.2096992430256357,0.1883979745137035,0.9424779263649948,0.2553091787973954,3
0.30968023936098577,0.3013381545822493,0.5651704293021875,0.15315681263417738,0.6452986912633333,0.48367893935987594,0.25752356884521993,0.8891113311964283,0.5126105875286213,0.48137262750883697,2
0.9763722845039354,0.751272820770936,0.24418595159424017,0.7903304431511416,0.4455779711247536,0.7805982838652686,0.5253267350074162,1.0912452484586947,-0.11282669440822253,0.1408313438120001,2
0.9293249906422675,0.7124331117190534,0.5194792770764041,0.46805827623909446,0.25561488038786095,0.2757683965319469,0.2520296257149927,0.1581013764174996,0.39832724007206405,0.8744363950615642,1
0.8860790763457469,0.7627630494885766,0.5293722549932848,0.12211102648592205,0.3121599882889419,0.6257328181959904,0.5263062085841761,1.0751938065910416,0.6760217210858863,0.6519936309284138,3
1.3098471618099823,0.2754276457657161,0.594275761900827,0.9132375236217153,0.8643648131763539,0.7791808074446606,0.26850216014210115,1.2113518768224967,-0.14432558881484184,-0.2751194688970071,2
0.4485937825102747,0.6020897355549991,0.8303315017026326,0.16331645691047358,0.7274644344089133,0.6849920079568926,0.4862157762956736,0.907501089159805,0.49225670640727115,0.5083662929867553,1
0.4836221707535859,0.1943344106962452,0.2932338295944947,0.1130032729062344,0.3977813642474397,0.8589075778377654,0.9518578812393224,0.2918650869131982,0.4951813502813084,-0.002767743101891755,3
-0.07403024074324782,0.46064309349179755,0.8918734066027506,0.39933837886833323,0.7490283257840232,0.5340790649553714,0.4235525735243952,0.33844039425261985,0.21864679513319904,0.531126735669472,1
0.11850282217959206,0.6565918481757259,0.8703583114426475,0.558778218658644,0.7467022459640087,0.6606964717328598,0.3541084121742081,0.4910312737077502,0.34467332790909155,0.4796566949625976,1
0.8591942258826539,0.36495628685622405,0.577109796952817,0.4129224179658125,0.09714298563527966,0.5967870319820652,0.37859714579332215,0.24408796266905203,0.44469381135704966,0.6575772607883408,3
0.058537908857452525,0.7698059375550963,0.846023312727673,0.2158307410063765,0.9846845194973451,0.5319263958559936,0.6833333607789526,0.46098073050696875,0.7148653626443539,0.5056804240524783,2
0.06980826601236455,0.6834596095697353,1.0289586259635237,0.6956933189305714,0.7965374225649446,0.6197936371153703,0.3781107147396543,0.4425943857378259,0.27416116748076513,0.5379943628449326,1
0.4941210458989452,0.5418510148073188,0.13638474553664373,0.5747565145808509,0.5029322052790389,0.6573930697882463,0.8980414775259411,0.9109884042583354,0.38871411823131763,0.2373390762268028,3
0.05684628810732408,0.773200088110201,0.847176748789094,0.21914552999294262,0.9864884351425168,0.5311313276398119,0.6848203046228307,0.4619307719015532,0.715792615990381,0.5070710677235329,2
0.8161411140329361,0.6410963832948555,0.3412610955309294,0.04595761190262959,0.08695907154907845,0.4404930295349305,0.3405045801167733,0.6199587876792707,0.460316265895519,0.4820794305307241,0
0.32818653346313476,0.263728178473285,0.12354862331106495,0.23583007793030464,0.4542873579222304,0.7324134787782821,0.8692097160840905,0.3803397827221526,0.5330330186105543,0.2821052838390441,3
0.06670509462511333,0.032348448695006554,0.30897699515772525,0.8077924108086835,0.0834868658993975,0.4022488680462231,0.5646546270758915,0.8841499504616783,0.4782171637189012,0.5093390783775449,0
0.19478770315450916,0.866133238564267,1.0402039786109887,0.39066362107767405,0.6833259410718603,0.24787401652798868,0.601686487646298,0.34359656618518297,0.351451523602017,0.40005245422692604,1
0.46311915750821675,0.27697231829619634,0.5198354478063447,-0.20300919625518482,-0.10508481496118721,-0.05654734182735702,0.2995492510266216,1.0146224944101445,0.6714483770443358,1.1403413795033073,1
-0.5131240492144227,0.14388582676075917,0.630904184415354,0.8761057194263765,-0.001458923304669013,0.8121698644585027,0.6439567659888067,-0.20091405909632964,1.0634809370441356,0.11279961367392341,3
1.000252936691214,0.07366926149337752,-0.0412276305978097,0.6882673447883981,0.9568902335585397,0.09560773910623416,0.6712813919089423,0.7097535825185741,0.6701780291465079,0.6799933759301064,1
0.9167330244278395,0.7432487058237798,0.4996297436710545,0.42659249619956824,0.2795384403775133,0.22851202195079431,0.23383111084759936,0.1626680475832111,0.4205525435968512,0.9019224293311862,1
0.1885639335331673,0.17087860632806345,0.5531090725677807,0.08532639033300748,0.19121448341261507,0.6649176367795935,0.27168365910506304,0.34710537379471934,0.7923461183160723,0.2720132198250302,3
0.3766582557668095,0.29010063914647277,0.5970015843619567,0.3500562607204206,0.031564095008896786,0.5798058614576097,0.12236747494517772,0.25977587666810914,0.8333730718729238,0.3782609399336055,3
0.6950728921874918,0.601545609509601,0.7771740717660226,0.05400517269170153,0.1535975001920648,0.11027878257979461,0.3590746426625734,0.9612633147803307,0.9209951189359025,0.7836608459478207,1
0.6876570497226302,0.8979280552086161,0.2199291231534857,0.6405212489300844,0.9939150064992424,0.4842627640723199,1.0344776794970847,0.10490514304322326,0.9061783047579423,0.8721194579259671,1
0.7595218576766348,0.4086624766817047,0.8277076668276793,0.2727628918210807,1.181611122873017,0.5818870932667511,0.888205986793994,0.8155624300596833,0.45705912415501737,-0.021917946170896485,1
-0.07353336197762184,0.15428439375381642,1.2972721469186026,0.12161413550041852,0.07565799147712157,-0.018469308327375505,0.7951375922007005,-0.0009754622936939961,1.1791953359438858,0.1278167104481201,3
0.47076338333500267,0.21671571992863173,0.31427316794529175,0.12734353828461117,0.3181259773435151,0.9004160127718981,0.9246104762528787,0.22044366825597037,0.4365415484786428,0.013365750962826196,3
0.3471200499395416,0.3727781150758741,0.8206385547329071,0.3244762034548773,0.7725467523838502,0.8149444493381409,0.5491897954187841,0.6159010790672695,0.4899550893636142,0.4687846840709063,1
0.5828718528228173,0.672450312765475,0.1485737087304734,0.7408140163590294,0.17738771598693348,0.8953525117317679,0.09439268753799512,0.3163172751020127,0.05686209391813922,0.2982381224457501,0
0.1762954428048104,0.8194707936222867,0.4810747145622002,0.663546108914578,0.5462817411898209,0.30350411135352284,0.4827461913372292,-0.02165187802087204,-0.019409959841842683,0.7979962033842707,1
0.9767093209171256,0.246928010625582,0.26559909003120086,1.287952685542515,1.2961622856995212,0.08010894394730611,0.14268217021709517,1.0650533393042743,1.0497009496706922,0.3363272773401683,3
0.8290554036861257,0.9163885138239563,1.0103656469298894,0.8590038934575542,0.5291018331558298,0.14472694873423353,-0.006385845158991321,0.8740022898739778,1.27609561058158,0.6812314532455194,3
0.306440831740001,0.5496281268728411,1.2451068372533232,0.7281986084109194,0.42824702093692024,0.43879074867712703,0.5506843264029215,0.44056046319489445,0.12284078327023149,0.23820619071569854,1
0.6822775295378477,0.3983010433254927,0.7043719635134708,0.6024073678136534,0.8087083946595368,0.011191466443247852,0.6481890967300884,0.450064735912857,-0.10545478211986145,-0.06998642887119716,2
-0.040981047590758046,0.2198023238660286,1.149635747588305,0.8298742865513957,-0.039731307112236824,1.0413256428663593,0.8717039988142781,1.4404393448383281,-0.046847740504143864,0.46690662440705777,2
0.13767778217963814,0.09136504484241498,0.402179578763513,0.7185917957736279,0.09937398248951372,0.37911555736326247,0.5396169214622085,0.8489740525502935,0.4141901396952796,0.4484324048106889,0
0.9556187572741459,0.6237251716876544,0.6959773192650098,0.26810189933294265,0.35568857361884837,0.43167920130135196,0.40478896470002274,0.9563520375282827,0.6643113803518624,0.9028505402357775,3
0.0344700291865816,0.9061411852565973,0.6023185930615973,0.27380814189676395,1.009061509442471,0.42919023474302964,0.5263289438349262,0.5814253568127903,0.728036907945397,0.7280736060663519,1
0.39101494081814986,0.8660767516880489,0.46533230224471434,0.8134614702577191,-0.01887871539467102,0.25310614161895106,0.6300256043610813,0.28001017429940656,0.17893068039304727,0.19101896342839983,1
0.6002416686113926,0.9402826062004611,0.2672301411928666,0.5351191511594592,1.021259399844481,0.45763395688720315,0.9331296192793025,0.12916587165960594,0.9168455404787135,0.7784902244507518,1
1.8545461009194528,0.6485379489622054,0.06397834545964268,1.4847489384787607,1.0495749639683873,1.0493518698319102,-0.394576429334192,1.7183610464622099,-0.5428471251066967,-0.7621217356936598,2
0.5394490098971505,1.149985552562238,-0.0037117720903744045,-0.24718347182643752,0.2759281414913594,1.0761067824430266,0.949225685385318,0.14311384317890022,0.6494039053137237,0.6460037083973827,0
0.6983997855948338,1.000866486142728,0.763616400019187,0.1876285449164567,1.491116251228762,0.3696643814520211,0.584583620862158,0.9716612439016507,0.4504106045386289,0.0943858502306423,2
0.29664389504842165,0.1795357931109854,0.3318027503086166,0.19829639134106147,0.7608028420790388,0.6903315963828681,0.728059992457372,0.08725775961392727,0.3379243901660468,0.44753560094227796,3
0.4923976902768947,0.5505829560520572,-0.12865861135322776,0.47638893240792,0.22709877890136948,0.1530379777984286,0.021504741992041186,0.9378778560742722,-0.06833516599205311,0.39649098591034526,2
0.43080272918385243,0.7797874082181769,0.5015724000254196,0.6280157252901667,-0.0071529700845206975,0.3032527714805767,0.5311213561105665,0.320374167599935,0.14340766125288984,0.03315004108299438,1
0.3255253695347953,0.9946927406498561,0.4065221761499149,0.9386914406058011,0.17507401200043987,0.16730375861392976,0.4790235161292652,0.10305178025691805,0.31932184465511126,0.13403510110851152,1
0.47030987795020623,0.2229154998453837,0.2702134513056901,0.15800502296743973,0.343195752486107,0.8519547140187826,0.9463910206751412,0.2576672213613803,0.46716873101686107,0.04392727931716396,3
0.4770815292777852,0.4845235335891988,0.46773303839694086,0.2043420711790913,0.07314460875304978,0.683207065866686,-0.015272371841299148,0.6200267612845067,0.9016866443409554,0.19641156342577787,3
0.4264652738429817,0.40530026208511116,0.09694309209381091,0.518744209820705,0.33422593523612554,0.07854005582767964,0.0398091650154909,0.8041680048064477,0.095177110068022,0.6338596130253541,2
0.7867095012393248,0.5694605617552779,0.7975253886916701,0.14529158182131435,0.5105804709797317,0.37233881602655755,0.3383648227934306,1.0699299449436195,0.5953922746472636,0.8280959777860016,3
0.27044093295466054,0.4189795252128551,0.16019586742136532,-0.10201157021079929,0.3700934596379264,0.24028147679989,-0.032884321538031724,0.19574755164830573,0.9506700082826819,0.34901492280212676,2
0.28091411461265475,0.38234150867715316,-0.12601068345405456,0.04956397905765998,0.2527145635058598,-0.027637836336901242,-0.049656084386015015,0.43091801367308086,0.7658003679842709,0.2611837692307744,2
0.32140341083029533,0.6334307155071155,0.1631776023285579,0.10457190543545936,1.0245027184415398,0.7806264181828515,0.5464945891731553,0.2458640996515306,0.4979848137894593,0.7758253404974403,0
0.3492764922130728,0.1769879713869902,0.4805579556590188,0.07678883602669041,0.2442041610286041,0.7112248183072242,0.17746343106524298,0.30460680641289856,1.030246103163746,0.36552260995162783,3
0.35274907755846024,0.3944252420113463,0.4451994687870933,0.2417746347994341,0.6182437539903323,0.7118216914127017,0.8432947714890946,0.22130297943679544,0.42758366146682397,0.5269299757604975,2
0.28951472430349723,1.3250525694916866,1.0176975084516218,0.7942595152718123,0.0639206224314523,0.25925378951405875,0.7746335245272459,0.3379158682769906,0.7437933510501439,0.37673360251207266,0
0.301839903522253,1.0064538061522916,0.5916260697449233,0.8269948944144495,-0.13678693804147674,0.383197997121722,0.5508200159260779,0.4009085154081746,0.0900524061117046,0.3491377263178209,1
0.445782395984856,0.0018600654035083597,0.8249454926827996,0.12120023486964365,0.0018038794556560211,-0.20504383145104937,-0.12683923876614195,0.9792032977173314,0.35627224940143787,0.4016438984757999,3
0.07204388033317716,0.999476770494515,0.6476116345818133,0.3297195368779855,0.9765521026470537,0.38708493152396484,0.6125578283209355,0.5615548433440848,0.6456548891439404,0.7825528758466272,1
0.7995886022451127,0.545163040182284,0.5790005170566536,0.5696064868190117,0.0742335468021573,0.3613027061806034,0.18045869169195466,0.5356151946868059,0.3758292284223109,0.40696467694265237,3
1.7119680965937298,0.8281318763485577,0.15192028316235673,0.21852414405825848,0.8533672146740842,0.1431325980032721,0.22192043914715387,0.7075213008243644,0.4981504587170854,0.7099009752680224,3
0.048708583394583206,0.9070199127360729,0.7228953829896256,0.24598070374369368,0.9703624193817599,0.4511486402889327,0.6109422983411703,0.6118322564550694,0.6680009166295949,0.6344838177951544,1
0.3712894700837144,0.8597420942729554,0.5380926299454768,0.8530806769435826,0.08414204876420724,0.2715142015348233,0.6559034875660688,0.2259964775317644,0.1520864703943786,0.21717841255235915,1
0.386393325091944,0.8289582818636179,0.73528209129546,0.38236694619005884,0.635913463442293,0.6271045297684033,0.6576809025897746,0.6432877215507471,0.014883533867130538,0.5191552632827978,3
0.030248152570077527,0.627174093278271,0.8815014091077408,0.6446215609415422,0.7626960231963421,0.6909217947591264,0.5019849242001679,0.37673812918158545,0.3641154496407892,0.42185265144058276,1
0.4577390889450509,0.81843126458828,0.047200139503755706,0.32861338222236763,0.09078133058153992,0.910535231112787,0.4351796983427252,0.4857262890379342,0.18715680796130094,0.8978331490257447,1
0.10117096532746943,0.14366352439294777,0.1774790691237599,0.16034423484924873,0.3458633801124443,0.8527181471042043,0.2320614135949076,0.3482757728463721,0.6682779950426643,0.4794300669559896,1
0.6214346038395148,0.4372753234209248,0.7548595812081091,0.2591288539568211,0.20364968593113392,0.3225284721418973,0.5772137987681009,0.833878122077318,0.9901228807390821,1.0951317916130268,1
0.510533539994726,0.13804268078289994,0.49754904899719243,0.31672353161241895,0.41615690096792984,0.48770588825114686,0.3653815003363133,0.8030130816210171,0.3001902097359686,0.6037014437348047,2
1.2946635518336966,0.5492531234056168,1.21436081435239,0.9007494183354376,0.863342277125072,1.5881156235105245,-0.7228032465328218,1.2955412717332093,0.21862683699828012,0.14368204886833325,2
0.6844632622850639,1.0967470554175922,0.5074907749922442,0.15847399169220255,-0.36867149254388715,0.17293352693698177,0.08446382824839227,0.9873830436568503,0.10344149490731375,0.8015808320690818,0
0.6584227652756012,0.3332015422448251,0.6781167094406174,0.6806274869620559,0.533502644958296,0.9624427160185229,0.5430922726165798,0.3927240442333902,0.10423191924973799,0.4057913656397172,2
0.3817128288511875,0.5459080086843495,0.6581470279214271,0.5256894502712933,0.360493281810216,0.1519027603452949,0.2532478343087869,0.4484715943095897,0.10857636116703401,0.028590146722570375,3
0.9521577558335824,0.4912672586527499,0.02140805958829188,1.0122582673806302,0.04600854364102708,0.13227442675799,0.017366268550285485,0.895620389434756,0.7923475606176612,0.04353100567144868,3
0.24953867063039914,0.3989881009299632,0.4899841393917021,0.12900086551039447,0.5584625203666935,0.6747955985423522,1.0410729063789526,0.38024224776855975,0.23913760702854037,0.20789865153895862,3
1.0405037623235318,0.6748740351021252,0.6604551276106121,0.374478107619601,0.2119486939671208,0.21188304601304622,0.33337767466661083,0.102084580689164,0.5162442151860438,0.8868410410814243,1
-0.15310792086319225,0.21091045517929602,1.1136039863551117,1.0118106980899104,0.11208247117323933,0.343425276420268,1.458895668344359,1.1972917686676838,0.7591891083961517,0.012276616536808116,3
0.8446558103138424,0.8301506557257992,0.8290711659347516,0.5170326877020179,0.335267597611547,0.5896752776543345,0.008044738220333303,0.7404248142356975,0.5122252211567103,0.3063326438291402,3
0.05597597488409892,0.774345152862565,0.8469487763515574,0.2183741369686185,0.9869609492871457,0.5314032706754955,0.685286246841829,0.4613392213503212,0.7164871504815525,0.5070013677675435,2
0.9012881384541959,0.5631063398861893,-0.02855586659413424,1.0535267192935691,-0.04466663544078478,0.22293553111940584,0.08157071030735451,0.8738589784941654,0.7064256811182312,-0.004993409918879477,3
0.6642478513947556,0.7484104449585972,1.0955563393553285,0.3417958238196007,0.22490028117495992,0.797669150737754,0.5579867475596967,-0.006918114276794535,0.40900513021925466,0.6143284115980889,1
0.9595508274585597,0.43679004141967404,0.03513714702979026,0.9722351562231933,0.0703074747343855,0.08601973516857465,0.07156110421051312,0.8330159812020023,0.8272530287923815,-0.012528581966466931,3
0.46645407421872653,0.3345363505840618,0.48120085154862813,0.10771725956062297,0.25180270484691997,0.7716831465923311,1.042205512514812,0.4394649662453838,0.8362047857390942,-0.2909638533123599,3
0.9044340107625731,0.7140657129707453,0.6084064016560826,0.5152335723924059,0.19777756508260805,0.31929045452184307,0.17948992613035672,0.1845278799896401,0.33513291483444024,0.9530844837023846,1
0.13243607817582814,0.8787014969073998,0.6862599533049322,0.334325568798763,1.0110567016904581,0.29275696374540344,0.6266353491047614,0.5127929854421791,0.6209937994800254,0.7388918225969066,1
0.26834942792444116,0.3624049034533854,0.2894435102528209,-0.0018518152092186213,0.743224114795147,0.857735693863636,0.6971333168418072,0.050739035727955656,0.6660658673890462,0.3548072558543506,3
0.6537292655410236,0.5116627290949498,0.09377243551918377,0.26482488464711423,0.16577408267439642,0.7086422291767519,0.2335593072379462,0.5058299341797643,0.22318156278173173,0.322942316104174,0
0.0510140114142529,0.8645092804094274,0.6985586493718726,1.0712590437086165,0.5351740147802161,0.3524080343379523,0.7757559786318129,0.20763962423104193,1.1747145953642715,0.2569490632192566,0
0.5579427340229777,0.596639798803112,0.49878630814654595,0.9148199894480208,0.1975539684355787,0.5658347831126433,0.28592861849355766,0.25506563469815086,-0.08284772780468405,-0.14596671815198542,1
1.6251405384087207,0.49121514080357903,0.20711286497459658,-0.19810060933574047,0.8551662756044616,0.8455225629772365,-0.33767045498494574,0.4718749996433769,-0.3497919461900528,0.2023689994548344,3
0.05297878918370672,0.9524801475630533,0.69271300438872,0.2996842974762735,0.9378424783666243,0.3786007463760467,0.6084636016497714,0.576046795041089,0.683539460013963,0.7154481327576353,1
0.3349196999052533,0.7612337275379314,0.41530358751057056,0.26255064986384713,0.8578492229422863,0.13687204530130154,0.6182148198696571,0.5530196846266253,0.8029817123457481,0.681670272901049,1
-0.07979495794191993,0.10776858950857116,0.4522057709205156,0.4474345067428833,1.2599955721931457,0.5715421342666762,-0.3588871331774467,1.461684899897999,1.6734475904871902,1.0126439302562131,3
0.08987386924365565,1.0188869284280646,0.8672120125669586,0.8315073867231886,0.11699995797689934,0.25121917441542707,1.0499539491417866,0.6491211942448588,0.6658238926780748,-0.0180155442375948,0
0.8761493689668485,1.2384433752293134,-0.10866645011015688,0.8785980893742042,0.45251448293452057,0.7230770860485972,-0.04431960748021152,-0.19153572037151656,-0.11608026362954343,0.8747143198684266,0
0.365045752499427,0.00025840715040152673,0.698525798958076,0.2142408150330271,0.2401936212520112,0.620063317748996,0.18953142253473754,0.3879124415242947,0.7879330653880592,0.2844338404150091,3
1.0155381247461326,0.611028116546557,0.1930253006608679,0.9402654744550404,0.5999586797292623,0.6932324299708773,0.49931413000768304,0.9513258162786744,-0.007700451586741257,0.03410348892630382,2
0.303632808657241,0.1716234206719031,0.13880578290124465,0.24588278239600583,0.729006349759501,0.7223676435976107,0.5669386649490928,0.09928559417088964,0.5579933842447903,0.27140365554226475,3
0.11832905318020392,0.8212614014838204,1.1677787488836904,0.8211307630990896,0.7866702754502854,0.6476184432919578,0.1008036996623283,1.1314326160452397,1.3825507884287231,1.0348922107033358,3
0.04814307565946717,0.1512245742794947,0.1357454030078771,0.22859157522712797,0.36966657688555105,0.9610274886348849,0.2976517768648482,0.34862942383670087,0.6431631774510148,0.5355033433680622,1
0.05263796999743998,0.44946044507469973,0.26395050732258846,0.3557834897848054,0.5126689568113132,0.3766178168187645,0.26063465794187896,0.5324607806070358,0.28245701371,0.7008793682439797,0
0.07049213658264386,0.6335307373832252,0.9030492511819814,0.633409157368457,0.693554748428819,0.651934676317966,0.43962890245216396,0.4709972911009777,0.3670370125980789,0.521508593688142,1
0.5900550388877157,1.0068661550492266,0.7867141945211116,0.18465782791263458,0.7383563610604388,0.8438579247859739,0.10311301747174906,0.6043961639337784,0.7365398155359325,0.5175128845545021,2
0.6751692950648326,0.0578777102974507,1.2403375725787096,0.4052292950987878,0.5490748432655712,0.29788966132217526,0.5690363234364046,0.45908933558090814,0.35038904409582233,0.012061531239083989,1
0.5645028528960694,0.7067721990880494,1.0145272501744491,0.4856694501264182,0.11076162446831483,0.7217608252830063,0.9284629399789314,-0.25444328769795016,0.49507471427983385,0.3219348318486496,1
0.0865577017109812,0.6716553941251007,0.8739373744667981,0.6254479977629619,0.7756395603740593,0.6834323089019801,0.3827087884381202,0.5118759491141597,0.3576560410291618,0.4537962053519015,1
0.4873783464563999,0.7697216498221077,0.1305976234034052,0.3927510153446678,0.06752377897339666,0.9383293892159569,0.507099039962453,0.47516819701021445,0.16681279750264655,0.9453838622511866,1
0.6031030933634742,0.1919155601021772,0.6819924235657479,0.15704438241482271,0.9649759048864945,0.6955208789623489,0.777647456347639,0.7779974258662166,-0.1321172894465597,0.5899467432381637,3
0.5586330038903953,0.7579729430815859,0.41567118445292506,-0.04833963630275248,0.7124997469597287,0.7819890915876111,0.26146898925631634,0.712118573800237,0.9027747427954533,0.5237175816955023,1
0.3720064099738176,-0.01837296487699533,0.5868703877109317,0.12669712394558424,0.09063890046258043,0.7095670135289215,0.2768561910089195,0.2724691553788988,0.780517295160001,0.22195485963550818,3
0.20429742440456927,0.5588874495547793,0.9414818651577157,0.7708866109090906,0.4993908289833421,0.3721976551980815,0.16551613410977578,0.13150736350860043,0.5034391153761938,0.26816584920348663,1
0.2933211064041067,0.39653158530832744,0.4723421911901866,0.2800813847445535,0.6065115098579497,0.6751864429968265,0.8207472467870618,0.25453572691605125,0.443833038417538,0.5026218785417105,2
0.3689518771297143,0.8354594607433042,0.4873656564963938,0.8057424494080943,0.029257916001451664,0.2797326715834742,0.5733085360809951,0.27176027265802555,0.14371835930932664,0.2431101108321448,1
0.33260228359994687,1.0056290929372094,0.9724761560536719,0.8061877552534797,-0.009650892027375013,0.49049046293603615,1.0292708026638004,0.49057206235652223,0.5808028208145639,0.639011946787763,1
0.4456900207474836,0.22890611665195362,0.26912882259608084,0.08981785769569456,0.4147004566383611,0.7808800104400715,0.8820939494468254,0.17700077882165588,0.4599796538606591,0.11141606555924567,3
0.4970650720031713,0.06843590011253292,0.8027705872604484,0.004633830542077819,0.5543797483600712,1.321585881838672,1.0975354287353576,0.7119247183101101,0.12774305879292241,0.338873255389211,3
-0.18968139771825138,-0.08674920582320755,0.488877855532159,0.39374566203965533,0.8359248797177758,0.9896816992898146,0.5341371595948596,-0.014877066529143335,0.787717272635891,0.4351125114424871,3
0.5961021476714458,0.9635562670894686,0.30993780882695865,0.5549990654153454,0.9868861093133581,0.5066763403433763,0.9477539201546649,0.14455272834353758,0.8722192902663709,0.8154337568113526,1
-0.19380100971520559,1.0410672810619244,0.5684183521417172,0.9561979505041299,0.38768529488084535,0.4694232673747827,0.7945876995257606,0.3605046482360783,0.9604615624230406,-0.15631736661094792,0
0.07836181666350145,0.49705854042955183,0.4732680559988759,-0.1357958384373537,0.3846683392013791,0.8183065423661264,0.8324406569891704,0.15356128656028561,0.6256076201902079,0.6143690975813547,3
0.8087794517990178,0.625349903574082,0.24461512259308918,0.15449309447475465,-0.007866361942608951,0.5426623849554498,0.3229950715194997,0.6598123036213844,0.35479252189337335,0.4047123725259764,0
0.3762967068909469,0.10614960237309189,0.5839460981127725,0.1419301691667467,0.15159019448426211,0.7007668484062578,0.2973427634845244,0.2630228912376689,0.9029632630677475,0.25044668529180414,3
0.032051088537127126,0.8827675485347544,0.47266797370837843,0.6289372309732246,0.08882094947358726,0.704705757665532,0.2513176913025701,0.6094594008546013,0.7147598971071003,0.1610823081441091,0
0.31681394424848797,0.4238882995810883,0.45595237092465,0.2666672249087722,0.5817731202454873,0.7013410893374382,0.8143426541091301,0.2384043040076138,0.4149336706733481,0.4913011207313113,2
0.043884638171960345,0.5161779626458385,0.5584607019879191,0.9813755377087039,0.9065756956324099,0.06233100744628415,0.8556953022581797,0.9449810189580147,0.5209223037051184,0.8905751826347574,1
0.8582421479555966,0.35577290480679813,0.47655440652081565,0.6321164231579816,0.6099660524160987,0.9558923440406679,0.6660977902791887,0.19071760395367363,-0.009303243229249109,0.36000845477172544,2
1.4434067079771071,0.08229985869006506,0.35652756699461985,0.730489202128246,0.6651193058003049,0.042089033164316156,0.7571481754913084,1.2097423669757146,1.553008674326675,0.8988587424262358,1
0.9573569415029648,0.6729791436482906,0.22481336194808318,0.8424557187916496,0.48374799595774826,0.5836927091066032,0.5044207563803785,1.0554969914816896,0.02233916086025725,0.05240820615435641,2
0.7512508622260147,0.8264374689460554,0.6376079968900327,0.28801737535281996,0.9173611826333641,0.9979837101405715,0.14240298451526287,0.4401977294525678,0.7082883081792472,0.4475382668926823,2
0.43502467185733434,0.23041498632701224,0.38250404679789746,0.23072324436112154,0.4397996577258835,0.7766701757890273,0.9944574908336279,0.2960194399141255,0.42129451384245903,0.12068639844823033,3
0.12136304177696773,0.9045219176142839,1.1389295924192362,0.7659592603611278,1.0064966438019995,0.7129641125939349,0.6362431965820388,0.4881699343390573,0.2588226624438792,0.5257345463290897,1
0.6971804443148195,0.3975418446119248,0.46507639233416376,0.8742425885044794,0.6914197900357407,0.983950521718254,0.4880733496014015,0.3784652410948911,0.2930846951164361,0.4626686344732126,2
0.05802187178401205,0.6868217287218482,0.9131448097963851,0.4293444893075822,0.14128818801132398,0.003092266941299819,1.0708665959264418,0.1553952147393679,0.8082082874742632,0.29528985846597816,3
1.1391685852630777,0.5430034074149445,0.7188060502653822,0.26665467209550753,0.6679209983229678,0.18745134247950762,0.5465533835261797,1.1480900630616775,0.902428057567244,0.890966224960305,3
0.7766833434212869,0.6508384985377204,0.5703907956538915,0.41469381272698064,0.40000635802178724,0.24510849763853312,0.12624191899654644,0.09663416039711584,0.35409509519133353,0.9373075341858511,1
0.9184741584699962,0.5269096169500708,0.04487784806984747,0.9952659646609235,0.053478791955917364,0.1796955728869788,-0.046974899902361034,0.8577747413732772,0.7464853431007945,0.09600081193849933,3
0.5406761186036281,0.6540869535037919,0.1487843417445006,0.7713585626711567,0.16531984485834847,0.883174776794181,0.11271105106293121,0.2532089827131061,0.13437260715002633,0.28501797024071485,0
0.6530720009117404,1.0099062763461977,0.26407468055853267,0.593761993518162,0.9295636260426902,0.5244458290080902,0.9388769496491192,0.10766124737245614,0.8456350667109439,0.8292623151806545,1
0.6976627066952726,0.14903195326433388,0.4990137801586417,0.5259456523147436,0.10311676091249461,0.3573054782054772,0.1145645382238701,0.5491052089446535,0.5417823580076987,0.8030239419653156,3
0.6043725554881809,0.18732857355250418,0.5239678047244972,0.33018099021104336,0.455593234541172,0.5434054663966849,0.48169633714098625,0.7113990350644179,0.32037810037924447,0.5086306221054032,2
0.04769441721453507,-0.005049331698044182,0.4063995504854163,1.0371817744980807,1.046739617661307,0.5188799437716406,0.6354563335484137,0.11786912354622496,0.389176288006609,0.2516000067703223,3
0.750267782308723,0.6994142850959588,0.783212800652588,0.14858748369128155,0.14928080746451616,0.11800392852407256,0.3412481831216662,0.9809508123686254,0.9335015879147446,0.9260888815502448,1
0.9763829758380562,0.5614016452870625,0.8906082681534674,0.043613505506961706,0.01520589366539804,0.21907514343268547,0.27442203106371055,0.8584390213153104,0.6111446396744649,0.7723365356459705,1
0.13321921772614895,0.3719233019275342,0.016540870712563546,0.06739783576771886,0.4582841618889674,0.07935681132740874,0.15161578930106917,0.37971688432937295,0.9221415613552562,0.25959918310473984,2
0.1280524494892497,0.9114832668274104,0.6629504955450296,0.3105994895373617,0.9153148090833019,0.4247086496237207,0.5841441608144073,0.6318496230064116,0.733389517566132,0.7468648318270366,1
0.029186523590403073,0.9625596771187261,0.7972209745832515,0.39665891378507684,0.9889176653420685,0.274866208688667,0.699871854272293,0.6623124542343528,0.7534184598914094,0.7354469676080424,1
0.6111799568758809,0.9656119421586067,0.28452355138224555,0.5571266746455846,0.9670684068954771,0.4773466095497164,0.9550838268785901,0.14137181610634358,0.8860644276911798,0.8058419686382091,1
0.3383751204072304,0.4485700050962513,1.0979136663685034,0.3885116450626829,0.679533762728237,0.5838653385081781,0.3753026298198779,0.7376078954895615,0.22444211296178979,0.7289203965421125,1
0.051337706875390514,0.7680257102355765,0.8466847897246313,0.21558282589392805,0.9867523391110526,0.5285762523289836,0.6802973620777417,0.4617739048264501,0.7134751028132781,0.5114195378306062,2
1.2483238880795302,0.8157632054897341,0.25188654506904934,0.8012119730479834,0.17197017861330277,0.6236221515630065,0.6017111507364874,0.21228805242160653,0.2394572724158659,0.255872005135273,3
0.0879606367587537,0.5708403451111185,0.6276927711144196,0.95667612337683,0.9302510515987038,0.039544028745062916,0.8223768602718258,0.8894351228905549,0.5740759926668533,0.9660781330772638,1
0.21524616253708362,1.1799647339778967,0.7804311010140588,0.5719500652630376,0.5050076539925068,-0.09957489544892617,0.6240895588791686,0.16216963400168913,0.47686470315227425,0.5673270553709224,1
0.5816458286050455,0.04075664641438989,0.4249821947506002,0.14452548765752363,0.47463765790861057,1.0773184555251407,1.0137674130427168,0.4896125101781327,0.6110518179399501,0.06561764978510864,3
0.09844354658043901,0.7298295623146654,0.8744741998432263,0.49980451722266483,0.6840285223509558,0.7177081199258705,0.5492149569696894,0.5467887618171302,0.22267131201553822,0.5482186588266047,1
0.13375914514129306,0.9483100630989669,1.1760031355795866,0.7416964360486336,0.4214660709651626,0.3709879026721222,0.2465746823426726,1.1090186569843348,0.6882908153026948,0.6765796034491504,3
0.8775924231144232,0.9479340636820996,0.7694415034461206,0.41579375426286247,0.8391223167493668,1.0292231413041844,0.1500912055774062,0.3392474441803182,0.7201023286413909,0.6035768743356997,2
0.4660652255167229,0.7695990120677413,0.3618161471840333,0.665890230857975,1.0638417061606167,0.07722539150143945,0.5209448552402494,0.997045526516826,0.35152559883549117,-0.02416039893995367,2
0.2909637245403201,0.6655682302829729,0.9163298638078732,0.538523038540488,0.5093634676497727,0.40591576286676007,0.24502449443308758,1.206244919654515,0.957166053684162,1.0994693373214317,3
0.6688770721515138,0.7818348494896452,0.6681881776678564,1.0058736926493772,0.9826831651072726,0.41025979653401917,0.029346752446745672,0.9667312497141327,1.1342860167590314,0.7336961740139866,3
0.9219657388917434,0.5416476858538,0.5232441811940554,0.41574307815540035,0.43707921673754024,0.36177261269988154,0.20006349113841326,0.023057500502569342,0.5232242862657082,0.7394476414896372,1
1.2333417508565243,-0.0570506002894835,-0.4970503331006221,0.4540487637683596,-0.10944448608017032,1.0986514638843816,0.7325392104114934,0.019774828850570025,0.7143295671483209,0.5935165655148907,0
0.12032629085741027,0.4996005859292581,-0.18989033718284104,0.3842645259681198,1.0863129441851722,1.2961690425438663,0.734175605575238,0.6355779974378282,-0.153398614562052,0.9879600826748198,0
-0.020624777502762343,0.870036745983948,0.7704902975301626,0.4269427627427264,0.8966762979254169,0.32042554797270595,0.607191902677902,0.44735349140955594,0.7878488369720194,0.6935954397451188,1
1.0555414984866693,0.6246602296983791,0.19953349754966365,0.8831532615645499,0.5179136514779881,0.6631330212032402,0.4383594824172026,1.0777557314927761,0.03264943617104006,0.0949454925210611,2
0.31144760362977103,0.34903243595421674,1.2604084719179536,0.3651157562807238,0.722426912440901,0.2539693797363633,0.7537320879532383,0.02708264521118403,0.5439368367983936,0.8375995328569191,1
0.2045850495160859,0.533253076066202,-0.18578798686562667,-0.12022036824142432,0.6210218762900295,0.05515029431866932,-0.08053901018494888,0.23247675708796198,0.9921732253560775,0.17514970438801658,2
-0.05579869337562249,1.068139851262779,1.0239340981590446,0.6990936417353736,0.31217825261498533,0.2667867300398255,1.0138785808073822,0.5210528114503031,0.5534651637257972,-0.0315672765474804,0
1.1066677335454451,0.949561996328105,0.6330879989906134,0.49676501239183535,1.1380325945865872,1.2759917305549264,0.10121378909793277,0.496473428801426,0.4936938461081727,0.26061544480734766,2
0.052787909975878414,0.9723742753736552,0.7104131218244668,0.3530709217423417,0.8637677648324692,0.45285605906057913,0.6443172969283386,0.5223825930200932,0.6042589400835585,0.7405484582414145,1
0.6012655088823772,0.6678782422175225,0.14416484061535986,0.7342401878365862,0.2028684013860465,0.8878560611518196,0.08872302628365035,0.3164749493004885,0.07527713926086291,0.30395423885216005,0
0.9146201567042814,0.40305717502713945,0.3070349308678778,0.2586857439504162,0.04241078657960413,0.5984968284856516,-0.011490086307395203,0.4422763508386729,0.6343873151367878,0.10273137246156988,3
0.7325941486574727,0.7256351257946244,0.6378013390836742,0.3135878404094167,0.026056772551806245,0.1527506395786652,0.12683265660213916,0.6288632023989771,1.0203109172744755,0.7864833889456657,1
0.00802312721267813,0.7216795782164325,0.7910336577082868,0.41581950871178497,0.7906894822154332,0.5416833525889218,0.4401753311660301,0.639227748096489,0.4441971687398467,0.4282420510916538,1
0.6136564403942686,-0.05386191903213838,0.4311168255515272,0.08277571317153956,-0.1363626308543046,0.8965991945196805,0.40467666009056624,0.02434181567645949,0.7734661075488612,0.23766348086622074,3
0.5626572326391558,0.9736521179454037,0.2550560662504839,0.5921590283615744,0.9354317051617633,0.4971015171851281,0.9160559305983736,0.1498868757386061,0.826755844935532,0.8080589950457481,1
0.44390608003535803,0.5964384209502605,0.40290123553957696,0.14580791761402595,0.043126991287120615,0.6390859344321069,-0.005482314439030196,0.6119279595971351,0.9071519357315011,0.1891368025297273,3
0.6807064912907327,0.45032029653426703,0.6286988476869602,0.7536375954332558,0.5559501696407382,0.9028812722202907,0.6129362386912321,0.30047785515433517,0.15938920380414906,0.4446850556758934,2
0.9426255159208652,0.7691534485310467,0.5308023942939982,0.4524615820293322,0.26086092518055254,0.27124565371197856,0.2152998113173128,0.11773742343214778,0.4156589281250508,0.8430498482959736,1
0.06268016721998239,0.7769344825604336,0.8528405516350648,0.22027411409437392,0.9880903595593015,0.5302780221383324,0.680194062230966,0.4634652949533349,0.7218338987149122,0.5129684242395857,2
0.08092631696235841,0.21653054813158706,0.38556459104566554,-0.12431505351886887,0.885570040513664,0.8996988806194482,0.604661946618248,0.12453532623520676,0.5476190109171412,0.32229122988675823,3
0.05047433464383727,-0.3837489840802438,0.44665056294818817,0.5409630164487678,0.34114655253430304,0.39241161759658755,0.19747687242877943,0.43327489783748346,0.784221447518972,0.9960846336220277,2
0.41960468401122625,0.2981222995578471,0.8182770509787742,0.3915918751937392,0.6099655445236791,0.13038415675994414,0.8292282009736992,0.6377576076954891,0.6763823882252623,0.11416624120112859,3
0.787361997099773,0.3626250987898428,0.8306850911869224,0.47180131774949874,0.43015192443130623,0.21475051932375205,0.3439720219283228,0.22764286045688434,-0.21885475522930203,0.25018591783411,3
0.19381377632893854,-0.1184481046310458,0.44290192018504615,0.6211922821824991,1.0455297785089983,0.39377573008268074,0.5511109473904389,0.7061705112652751,-0.11388817324140574,0.026528787454524694,0
0.341501334640023,0.27330314383368737,0.3548083896936937,0.253981697637659,0.1523007197637273,0.7334688678744806,0.28903138453415794,0.34536808447726497,0.8577055221654437,0.3506736666022815,3
0.7308333031482964,0.9565112480726055,0.7440897340971326,0.2882619147040928,0.6228911361585873,0.422076109229653,0.46935206677527447,0.8538288754964053,0.5314764395455471,0.6363728265074152,3
0.00514226799995382,0.24060478822891862,0.27506896212511667,0.36085591858300226,0.3917980762455915,0.6113281677313178,0.24118879074985197,0.6071993002225224,0.4164166640523074,0.5429397776021518,1
0.42600223732265885,0.3947340172647855,0.2104670168457092,0.6305692691522548,0.23127010800910647,0.22692161733291288,-0.0407047786721632,0.7164689578308879,0.09222080501252394,0.5977123076897236,2
0.47359424229919417,0.22725915674553115,0.2696906323746904,0.14484147686326543,0.34200851643213337,0.864088465724752,0.9283427627433387,0.2545602508550749,0.4433244569504187,0.03965094227367998,3
0.028080778524163318,1.063292970168278,0.6513336875602809,0.1835210229113406,0.8457101961493817,0.25272751694276896,0.5448371007487447,0.6669661551691396,0.7581636917569247,0.5995378521847124,1
0.9730085586859945,0.5930741007437773,0.9368956686893746,0.5217440012733439,0.5914314702553958,0.1295434062149804,0.11995464573376585,0.6564270843178361,0.5540144667848654,0.7330432354138233,3
0.660292233687902,0.40762353349730684,-0.029627013336101626,1.167287489771919,1.3898490449057215,0.7338539410873084,0.4298237247777327,0.6677720992534576,0.03452864406981204,0.5875923782053569,1
0.551580781620769,0.13973029810107276,0.47915088856126264,0.2601164690424026,0.3950933574387031,0.5451220035602574,0.35338403994073636,0.7922442794480755,0.28732607813462474,0.590367591874463,2
0.6477705904450659,0.7126777380355438,0.362460818369546,0.6144424016574945,0.205210793024578,0.5246026906357217,0.7374502990026068,0.22254610136595548,0.06954801967586581,0.062001400082663305,1
0.49134319313171965,0.577291183905221,0.20913349601041106,0.5511956137792647,0.4121627150951459,0.7350478699326968,1.0433862367004088,0.8577936115945656,0.48663349887123586,0.22565396055468698,3
0.36390373969486833,0.13973031486086976,0.2030759324316023,0.17631628023716292,0.36488530812579417,0.920001014532945,0.8351029774948332,0.17033104938429994,0.5243742683619841,-0.07121482106714849,3
0.39801982446458023,0.8970695530943025,0.47192587725977214,0.7716385936135318,-0.028925148102859843,0.24350932329579514,0.5815135043273411,0.2694309088283701,0.13117993185040316,0.18292132757193452,1
-0.11452045689346527,0.9029832454782779,0.9953628968634877,0.905257584609588,0.13109280664212272,0.0743455142151766,0.8725224724569424,0.5917194876321998,0.8091015242906989,0.18089801693344223,0
0.16487591047633815,0.8382006254856942,0.0276704859041573,0.3090526362555325,-0.3761828642440379,1.220439083395466,-0.16472163672736795,-0.045949348256556166,0.028878751420033773,0.4893099691476162,0
0.13762548009166328,0.24177540175203452,0.09323636470211089,0.18789647698580939,0.36102679862141596,0.940227212132442,0.31995245960088053,0.37806653987595734,0.6942473070089231,0.6027492717623729,1
0.263632417129517,0.3548688542712575,0.53844510929368,0.3132959156290104,0.6450398026180804,0.8716671599682307,0.7656256319602708,0.016222006608160547,0.3502742756059311,0.5774270144122876,3
0.8598905836092487,0.7285504594262984,0.5593844794409469,0.39826284702513015,0.3468880657813529,0.3605756771215682,0.13572445144119988,0.09058745527074749,0.45675613021668054,0.8529262271928303,1
-0.37746629936380527,0.4290743040846867,1.8025936540435787,-0.737443239442109,0.8809404312087252,-0.12280830223433653,1.153107532332278,-0.9867094114373195,0.021292605804662856,-0.06529391042170829,3
0.6244224975002282,0.6910104045768197,0.5976228954245852,0.12538372478347673,1.2124553278495942,0.8821607348532539,1.377054478789396,-0.10988533916590243,0.9466532094819422,0.49950756734820706,3
0.6019000294325471,0.8684060509701771,0.28156228941147243,0.5469162740757367,0.9200466245404881,0.5106175534727803,0.90709572455867,0.10964701555132875,0.9070586273480741,0.8262596185454674,1
0.28265834451170924,-0.2606500127942838,0.2930340405382541,-0.07123163012548417,0.3564056449556815,0.35477711349031993,0.27956897191606633,0.8446245096023368,0.11647248205007224,0.26977807833410117,2
0.6621250645642434,0.7474493142910759,0.8823893140878677,-0.0843496910881027,0.11002359651453986,0.006873401867782222,0.2533167165366524,0.7722338418876835,0.8485495456768299,0.9194988295532307,1
0.42886310598913613,0.5695698592270506,0.37887039570721687,0.177476334698961,0.026495388954052655,0.6546357821738656,0.011994146136861995,0.6313737157774129,0.8902312293293857,0.2038713600637747,3
0.949804610346928,0.47494022477304315,0.2521963992289362,1.013652354532215,0.7802330359209907,0.7569518482891437,0.5225454788364701,0.8610904686905813,-0.18561236102623518,-0.03189575960054847,2
0.7510868579761626,0.41686437269423116,0.5603990113915116,0.7344591631755165,0.5159995842660023,0.9918790977487487,0.7048945696815323,0.3802126614491419,0.2895754997739962,0.5580581508724085,2
1.0658223953892616,0.906231005881282,-0.10695609939013373,0.5790035385575393,-0.2168252211549464,1.1868859671619854,-0.49922733387733786,-0.37628013369507785,0.05153091161039277,-0.00699620871307266,0
0.059466122529448856,0.8862368951506548,0.8256845712525984,0.7453795946395854,0.23953760482570338,0.22520880552880135,0.9351333711435461,0.4371942071487436,0.665681309853838,0.002162278273566333,0
0.1440975847861518,0.39838863498852767,0.004048630185011689,0.11063133194098779,0.5041061388260134,0.03289498978656235,0.13349973488890482,0.3846996353895643,0.8987589312171614,0.21964263572102685,2
0.8539756491468687,0.3931147521142301,0.04782435717518481,1.0515471841999164,-0.0028598306128972753,0.23538322771365328,0.07312220352391877,0.8855711654390604,0.811911248396833,0.0414459697605122,3
0.9785164537990306,0.487787960764335,0.716327899937822,0.8393288207031587,0.2219612509984536,0.4990306020857528,0.3583169441298394,0.6575720925463175,0.2929291660594755,0.958861743048381,1
0.7803259119917035,1.0758316977331217,0.8558147353805796,0.801796597275582,0.6080447385412298,0.8291770049732191,0.9103087976553449,0.009901632851101225,0.24905034256254188,0.800025296466994,1
0.9595177571775023,0.4751016927340028,0.01695790283367072,0.9857719409205035,0.02927647221599119,0.1301004045884667,0.02453073465269333,0.9129911967507273,0.7994561617701257,0.018570088283621215,3
0.04960717264377893,0.7808478924343765,0.8443210436378888,0.22226912235530188,0.979959549720539,0.5248865228076736,0.692265056477658,0.45556412758309056,0.7123333907577298,0.510580677043819,2
0.7252646650522135,0.45397628359158343,0.5822099579726566,0.7396868363109446,0.5357146260159827,0.9409253752502983,0.6544305388755509,0.3127130340057337,0.1723460094248593,0.49375253729265056,2
0.2646947323994803,0.4671878981330787,0.5204048558062131,0.2545547518308935,0.6750083805147861,0.9586861936129599,0.9227722851819462,0.10006387276194421,0.4132216714364018,0.6379309218817739,3
0.14546244077110912,0.37940924215554106,0.010658593706578717,0.05334328806276885,0.45271162812565885,0.08578598349365672,0.15583656358933656,0.37527771756964984,0.9132358654370697,0.26987866220542633,2
1.1903081999646503,-0.2659909737628138,0.5919304830462451,-0.05847082708792958,0.8538649519060352,-0.05276299757897915,1.0329229253319014,1.684329351343453,1.767344641370733,0.43708224898880743,1
0.5952295474806218,0.9431154879656901,0.29493097094575715,0.5819119249055347,1.0056498364501538,0.48311548015832184,0.9736879780966367,0.14885089153864783,0.8686365603110435,0.8461352706996198,1
0.4966555341296263,0.2819907087529515,0.5171616728121953,0.5956017069801925,0.35914567581857726,1.1442821869171427,0.670244088724614,0.31441220181305857,0.1729822971703873,0.3687424954225619,2
0.7899016055708912,-0.11090948573206888,-0.17378962403322482,1.0105444613667012,0.7801127882647361,0.11641526331272345,0.7513740168396773,1.01600836761211,0.6659114984781495,0.5005301454268902,1
0.7947501817185099,0.4499807466033285,0.09443828653752395,1.1318410594042454,-0.018045052595854455,0.07956070719548261,-0.20227660943858267,0.7709474338524702,0.9866286539987694,-0.06646345023582903,3
0.4727893139955623,0.7179815472262355,0.8570947620041776,0.9609076102302484,0.649993964450587,0.22862239331420314,0.1033683696381451,1.1063488694252932,0.8637746782062672,0.7872905328754098,3
0.8451713164105068,0.8492995214796756,0.6937167760764608,0.3647009994397566,0.858474071653723,1.0258744978679495,0.10117086728567765,0.3608177149708921,0.7152091276391414,0.45257160979384986,2
0.4319268519528525,0.5516760248423577,0.39037151398631775,0.15217619155748313,0.04652941570889178,0.6487882465557113,0.021362472773257674,0.6406966800572926,0.9358136979042665,0.170117667669463,3
0.3119522339041027,0.49587821943547356,0.4247163790796607,0.23142350919473123,0.5410058545504035,0.742474337656463,0.7459568397283275,0.21460538252185965,0.4006462428530444,0.5004408145267536,2
-0.5141841096267669,0.28913506767064856,0.4257446871937808,0.37684146308222033,0.5282575633682887,-0.6424524705027006,1.155253267789562,0.24710305778079228,0.19295247860210807,0.08239327833692614,3
0.7555505873698412,0.9301755224166608,1.426757732114699,0.7339276644203712,0.6600071922715391,-0.1308894077492094,0.5940597695210135,0.116062242276708,0.8456884809163687,0.7746973518186011,3
0.13582327252367998,1.199533174839875,0.866900294104389,0.4077223449517573,0.586193730813704,0.7780026424888,0.21305426791865506,0.7906634139040083,0.7170324634222004,0.7826552707556333,1
0.1650757977277112,0.3359387851809108,0.031080933087772215,0.02864027306648649,0.4351155043738734,0.07676284683585075,0.14490466235840826,0.39723021296151567,0.9122914333650625,0.2814545205492107,2
0.3857839573820261,0.23802849057845554,0.34212546838906455,0.170996900125017,0.38417084329892975,0.5653468997911877,0.4066517401544658,0.9181435126834319,0.17098971891393414,0.7126900140517504,2
0.08186217336845242,0.6533453629108619,0.9397539820298129,1.025300664124899,0.5030200098525761,0.1725024127730949,1.0677377976721751,0.2748752419169139,0.4208969340293909,0.7072323965619396,1
0.9560672153233851,0.8318374173221221,0.5660065744838393,0.40669534665635015,0.43062931336349364,0.28542256256972254,0.08314432308005804,0.1002413889035206,0.31655842709822546,0.7431104290723236,1
0.8492954448229789,1.0554232405003978,0.284552693040303,1.0281249075524364,0.5068433066821609,0.6031324916250622,0.651827135563118,-0.1073179197042537,-0.1993463034906635,0.19730819240682285,1
0.8491207760683689,0.5274203254135564,0.12363969868524614,0.9435816898083393,0.07332454463680729,0.10441594026466963,-0.06434725850922074,0.8365381543387452,0.7403443667835704,0.009952617954293058,3
0.4669643595694529,0.18720779853882039,0.7177456936132228,0.493400175941084,0.35023268396069784,0.7402793455757675,0.4681692080275709,0.9736315990545564,0.4778201994429541,0.7773608837666395,2
0.4319120494385815,0.5697334843327942,0.39904982739484157,0.14350665733224804,0.0366467987514411,0.6429049673098307,0.0341544302985447,0.6411610638463273,0.9299692529262917,0.16448202665883893,3
0.5776433544279022,0.014887134129084434,0.22959991931828427,0.04280017012699941,0.8095800991661887,0.7835902626695487,0.816043887052136,0.3602126208979205,0.8305853809034213,0.07923402262270018,3
-0.13522281092822816,0.5482377626775493,1.1556748411723636,0.8166594129854261,0.5720652985150758,0.8578253171582813,0.5926013557357972,0.5832285735371802,0.5886226689231895,0.4417339002684812,1
0.34813803569076424,0.08894135490516952,0.6424463333548917,0.07558528143054875,0.1288231309595129,0.6980071179080585,0.304950134009226,0.3092976130517576,0.8755074182257492,0.2483296476405344,3
0.6166997096355684,0.31024865656868605,0.6987884388370266,0.5678978997365923,0.4004732587224592,0.9951598778814983,0.45049380092065716,0.22800717988494074,0.22738168489336025,0.5000000422100485,2
0.2504732505349832,0.4780154300941395,0.5278864547309374,0.3429103747475729,0.6065126433953674,0.7272808028204946,0.740603447248028,0.2594764488980106,0.4864305519759008,0.5185054241617987,2
0.43460724498467884,0.4552726252522594,0.19701280822848471,0.5876334195655875,0.3311455827659566,0.1759703185864862,0.04073013813013514,0.7105579022215758,0.12828783517797143,0.7191416408903484,2
0.3145767765469572,1.1830600373768119,0.922263372194289,0.43649461192375355,0.6764747242873772,0.14145713906052365,0.4778435149282859,0.6125509242329457,0.6839555921487374,0.4369991043914673,1
0.16313893717206907,0.40940469204358054,-0.02729682396460123,0.11964923678784861,0.44227504751777486,0.07640114188621909,0.20203779988696785,0.4354942487878616,0.8723743444463258,0.3005650352899571,2
0.7145176288301512,0.7495300554328316,0.2212414664425567,0.7992724626687027,0.362578614055877,1.0486705180693003,0.0740773610823313,0.42274670373478856,0.14482954078551083,0.2628240672876881,0
0.44229538679838765,-0.16128006649359455,0.884055798871894,0.2525038561210099,0.835081427680655,0.7101599424554979,0.11446336629002701,0.3553379240636338,0.46931486138136325,0.2855055341729561,2
0.250035779580548,0.9308900886018475,0.6463760975410011,0.483480410176259,0.8101614407134435,0.644947045162727,0.6225796310056034,0.5046419185115063,0.16647181269293898,0.38593232488968343,3
0.00792519764896532,0.6308419280467104,1.0537874003149785,0.6852029171407414,0.6333683952241852,0.7100019197906267,0.3806724457852372,0.5734943996476561,0.40223458505943466,0.5658410761189276,1
0.039059984358872216,0.8605294321355839,0.7878691346088246,0.4445118579653613,0.826811145601577,0.5295979607901486,0.7414997724211988,0.4326852794987388,0.6529193756030348,0.6790511280284611,1
0.38875081023196034,0.34718204636246647,0.31211077966976086,0.18072113595550987,0.4864879437791237,0.7875935200629378,0.8387140631771511,0.21408972339447804,0.30571987101611797,0.508318386438287,2
0.9975157329926789,0.6830694288697886,0.6577299869496703,0.24101749667797964,0.40732258770767293,0.4762365125933248,0.43151243148348106,0.9421932425330999,0.6395729225221852,0.8215678638653415,3
0.05078754923687608,0.7684348961432728,0.84672339455932,0.2177460147240297,0.9921592450415645,0.5265377749063807,0.6828595684695549,0.45682342702002754,0.7134694926043841,0.5034017576907767,2
0.18179865981645893,-0.1889999514377555,0.6379527007053981,0.09626516432848353,0.5718650628966657,-0.11376548520019096,1.2580174941671995,0.47040693097849773,0.33651959788851427,0.7663431790271295,1
0.014186380899845683,0.30198227947874695,0.27371100559909983,0.2174637543929325,0.35962394232835115,0.8244090595387634,0.30239564396049556,0.3157694989995662,0.7257509863563132,0.45508595205483965,1
0.35454482653050634,0.08141915685990754,0.61957163625852,0.14043215157973707,0.12375302714744006,0.7299764133965595,0.2630895015989316,0.27216757854412016,0.8599445475895363,0.2692830787372928,3
0.9047403605753217,0.4891958559565887,0.020800344790404084,1.0286183689701682,0.020553166096628276,0.11299551956528096,-0.0008638875772042816,0.8876164334646313,0.7652212496736005,0.033153622016366416,3
0.34028599999215386,0.8412653763160348,0.7516747793317922,0.5010638080030877,0.8121430566559527,0.6699774692926447,0.5159463559519486,0.6334802580837576,0.09527161061409285,0.3333325331865305,3
0.7894521767828737,1.018456143563533,0.7441514539279043,0.7547171787220778,0.5516257465520347,0.4087311684963513,0.13571277606738208,0.7876178778451459,0.8859744551448094,0.6124595004338554,3
0.809090633480838,0.5453136961047206,0.5802963345992879,0.5745278480018771,0.0727026193636147,0.36135666224908175,0.16807240668327766,0.5409944019224003,0.3913002656051929,0.4213985485492946,3
0.9628214675786633,0.5390749151057637,0.2955478795819113,0.876175711109531,0.7365089390300088,0.6612551855006288,0.6247573952006646,0.8429223733377086,0.0783864432079172,0.1488333399072563,2
0.26031791118734066,0.2028881392480665,0.26970307620443407,-0.02555423651413588,0.7048654279576584,0.9664394023384827,0.8705197953514399,-0.08267798883524574,0.7891268652284116,0.42297294257078977,3
-0.7458654244357709,-0.25852171297153226,0.30662631163657816,0.9309147475309598,-0.07909067502401923,1.3087187959597584,1.3828016440110142,1.4217804498756328,1.08887874661304,0.2017052036939026,3
0.39213265886512405,0.9247917207521412,0.7641219026044843,0.7843465631352883,0.5890602109880299,0.7901570763449363,0.534399899756789,0.2670618803876146,0.5136471387872295,0.2957880687311125,1
-0.3573262007295936,1.4523422119549623,0.5168223711313775,0.9542330664902733,-0.20373269861534044,0.6680356635342457,0.7840817956161181,0.8127298985597959,0.8715121547205074,-0.3098776111385137,0
0.29963680209696536,0.8805352655202708,0.7417425492026507,0.7940506690302382,0.4722941168978707,0.34686917694419295,0.9398081787651462,0.08855199407258194,0.3960884022180886,0.7805238853005523,1
0.0010330145362625887,1.0262583282225493,0.7510579083260707,0.3661022965381833,0.8856500207686689,0.36029470328974944,0.5489186758792128,0.6652747648457358,0.7079639612971314,0.7629572131507807,1
0.6431321254203883,0.7063693589423495,0.7084807925062541,0.23348436042508108,0.8824905999570163,0.9770045295723504,0.1896877202985229,0.46448663453732175,0.8090419006641894,0.46291223010408566,2
0.5830768559731079,0.028269990516255686,0.5588615978509093,0.2883358592785626,-0.06558205596136701,-0.4432804915525915,0.29705963956764336,0.7565214266662414,0.1371836047592776,0.5654453286586781,3
0.29498564022141116,0.3245098489545115,0.43331271074086103,0.32673704128788317,0.4917037875400856,0.919768887144808,0.8794284668964307,0.0792687092674052,0.46243547818432906,-0.01675199642665305,3
0.6973278151460816,0.3024754195324892,0.10791096963212521,0.16342347216169223,0.24884000931905126,0.866586223214197,1.0025378066684423,0.13845961739287818,0.4589913461644696,0.06809995833012802,3
0.35202306359133717,0.6921122472490049,1.4314436548851617,0.3097283222786319,0.12498378570884328,0.7122951924023377,0.8683438378104855,0.5337966001457417,0.7662326471207247,0.6889940074435477,3
-0.15012384412458357,0.24733893008166719,0.8705302058623638,0.3152436530297267,1.0297194431323307,0.23576156997265635,-0.41208473018595093,0.5913492869508639,0.7192767883904543,0.7353667005873878,1
0.2835594194869302,0.22362534831399375,0.3317045664091989,0.32232669356203014,0.8660510758165703,0.9975010035878357,0.46412362003888075,0.08772242925048496,0.7762326207993346,0.6016636408366594,3
0.5244016543835105,0.13883950974629738,0.4886078771652761,0.32132290157422544,0.4079368061742091,0.47077774332206884,0.36182400729214304,0.796485830238486,0.30687121372429615,0.5922250035892462,2
0.09293205016720815,0.12208161599423485,0.3586213022133,0.6841878691307038,0.08349258582089987,0.3432438392490791,0.5053111372284366,0.8464029907235429,0.41775552623510376,0.48936012665568523,0
0.22669603051415887,1.166481284532754,0.8214160538691885,0.5185582972730438,0.49362216516763335,0.14466815623030227,0.9502873118516587,0.2920161688424872,0.9288668563598366,-0.2543559904866042,0
0.5407435988765088,0.23433575452623562,0.8025055508223115,0.6498840691093911,0.35699477009053615,1.0692512959856393,0.650247811103641,0.13194239720036854,0.2621705709118942,0.36437474040809764,2
0.37520196892965374,0.08188978104275813,0.4186576335471028,0.35954515484749927,0.49503437027757224,0.618183619542485,0.4860994049052484,0.7734468226291694,0.2421586991092361,0.44213804575886984,2
0.43302713692858835,0.5713829021019075,0.1390896582250961,0.5524756177357696,0.43998922019336467,0.6718916092083016,0.9063998109566553,0.914569226756357,0.44678391233926995,0.221319429459874,3
0.4785917186267787,0.4745548844054113,0.9267755162868854,0.6251189845103021,1.1032156739247194,0.383616047692757,0.512966482166795,1.3214842442987036,1.107540727928709,0.4894489926996486,3
0.4535134206983676,0.5374083315849076,0.1863459614504816,0.570128681626221,0.5037224989421673,0.6663915014345214,0.9562771670275927,0.8690150375546672,0.43902921483425145,0.211316268937146,3
0.042182738127213376,0.44065500337499025,0.8434173892979197,0.5298589784256225,0.8851141953269437,0.9078412255987879,0.8908143430621052,0.36318766109130346,0.3189282270568743,0.8226383515478064,3
0.7110756790550725,0.6742945730160385,0.482221634018996,-0.11570445726554279,0.3939796620742143,0.6702332524851409,0.47685111716137824,0.9565026676417999,0.8644901600499506,0.5737985739311959,1
0.8830643573105148,0.5249104527212268,0.08185922183452247,0.7498932889776188,-0.0776388874416437,0.14588586352615565,-0.05186702202151969,0.9849030096712242,0.9050006792386518,0.06104509249183733,3
0.6739891386102304,0.00959347448684772,0.16883339195139652,0.07808245214673337,0.05706043883444284,0.705023374264814,0.6499650479790156,0.9420525286439394,0.6559085908270156,0.2556254319760103,2
0.11744299205845267,0.2485693678590559,1.2116206671976266,0.44505527433399794,0.3995847275053701,0.21404081072326334,1.0124369950999903,0.5109877687670079,1.1720396233177146,0.4779594511247785,3
0.46536685804275346,-0.1310698817684391,0.3351527283971606,0.512508447141268,0.028779480516516354,0.2552932545662545,0.3919556701411002,0.8720102832899077,0.19855395353481314,1.0241650591841447,3
-0.199565342895416,0.30794832642368025,-0.19980608321353716,1.0137429633829051,1.0475784583766017,0.5164330353823033,0.15569192276818855,-0.3112736115416885,0.7303176696277229,0.8970919750848101,3
0.31774988916094304,0.08956177869363399,1.035198432679123,0.15631107471620842,-0.17524917839553297,0.5883227084693947,0.55364804982752,-0.12427384708164968,1.2923667596859056,0.8423092535281106,3
0.6351901373330882,0.5407736832929667,0.20175136442470287,0.5312744826043317,0.41409604592763605,1.0239366459328028,0.27760526574321176,0.4361933667789746,0.009245281412133627,0.3185883400155874,0
0.5161425568911984,0.29664070983766594,0.030180878806132017,-0.2877902364758107,0.8759205680646679,1.1146514562478842,0.41774733698386474,0.29992076481788826,0.8820132837347927,0.6513115568920831,3
0.1077277975881399,0.9847740198773804,0.7601834220915701,0.21279754051020472,0.9748581684009509,0.34684817228052783,0.5830710359677074,0.5570985516120407,0.7598180349966706,0.7535831862940522,1
0.2447405240161385,0.13463536787201058,0.4162564932658017,-0.23014063472561153,0.636939724479204,0.82475994769449,0.8397950922259424,-0.012846357270269407,0.5426974049693457,0.14043795043357563,3
0.9290224307018163,0.6274403377303859,0.2389544485383078,1.0008140176636207,0.6604098470485869,0.67566570782532,0.47199979303964706,0.959726156091382,-0.03278132380696614,0.08496194859491338,2
0.7197769302519208,0.8642311483616772,0.2615212328295153,-0.0023334510376766537,0.3339383255450615,0.36393934667430256,0.5238402414263502,0.8949796817741477,0.32950895071673364,0.10140495930449284,0
0.7705642294002776,0.7038943598846975,0.6304492295291252,0.2713446822062111,0.23601014858426195,0.04746818041118472,0.5071719097098997,0.7445736264115689,0.9596429837497918,1.0315526246949789,1
0.48340928932652855,0.8075906835398247,0.13839194514567024,0.43807327759279174,0.03526728506713531,0.9456730915398002,0.5090370432255394,0.4099892594033006,0.15401790314996294,0.9639963910231716,1
0.1819258912013384,0.836071918923136,-0.039534014939697285,0.28459195239503265,0.9162176126577102,0.7189107257998404,0.8344498232520887,0.11168742683501161,0.23424550422138776,0.8226308569562377,0
0.2685369292300092,0.9534377233768752,0.6751736644567521,0.46864758819081637,0.7775207626363058,0.6279032184281309,0.6191304188944083,0.5151399630609503,0.16843902822991388,0.34631266138692585,3
0.41685438629001914,0.06803204395607274,0.5579935796223798,0.12749855001609242,0.1280507192866742,0.7396755097985278,0.20075441049844547,0.20081083634572547,0.9583429951020428,0.26837427277538756,3
0.12612596321886607,1.112194711222896,0.7879232663530147,0.627110677701871,0.7228743340109993,0.7866014986837006,0.7390073506028233,0.6142177961658953,0.16738105722202207,0.2369532202953587,3
0.4188601352389832,0.6177128605788107,0.9785266561854675,0.9791456805511234,0.6999020670854649,0.9581598303063633,0.3148985634621373,0.7349672633298002,0.35299076684671804,0.8185165445073458,1
0.4331701536747995,0.30086889014655105,0.3574185039893436,0.17456005712966302,0.7819365964395671,0.9631409637502897,0.7476488962094678,0.1344372377539612,0.693067527074216,0.4814208762652957,3
0.09285854440915108,0.6512316378293794,0.6861629233622194,0.7487304816368731,0.6796241322802604,0.7817863244495067,0.1835205602750422,0.5974549043338532,0.5433029013851328,0.4285984747121434,1
0.05485057273396648,0.9594944773883993,0.6878138525848573,0.30216679437693805,0.937004037001915,0.3842849142553361,0.6033361316487484,0.5818620260928963,0.6836126954884855,0.7189782425954219,1
-0.1999125848240993,0.6907695695208534,1.1294009377676693,0.8526800821247331,0.6092521510866529,0.23950209942666428,0.7010594941712149,0.6031863457377795,0.4937387770072745,0.3050838502535443,1
0.953450054114047,0.6842832828453761,0.5599466916718998,0.5170035724492684,0.22088138099859453,0.1961203921390331,0.23250315969861393,0.11947340867052865,0.3298999571451082,0.8047932547892043,1
0.5973139635589221,0.9024397797822368,0.8111721868373601,0.8059419019311723,0.7485939533431588,0.44810430999918516,0.16655970752389088,1.0333646709949094,0.8727416916691932,0.8096099531386363,3
0.719087103423668,1.4620156520299328,-0.3393955057230247,0.6682877155919279,-0.9074397424664036,0.8150927134945163,0.49023853048068977,0.35386032439310355,1.2968289095060022,1.7342495693643838,1
0.22014675393018154,0.9877676525983121,0.6391238204894518,0.4841870634227802,0.7828963420252001,0.6415175878742435,0.6384750495967252,0.4793321888742407,0.19926175537821023,0.3158997250732793,3
0.378757281309016,0.264263838881581,0.42304376728994153,0.4617637008744563,0.4601908469651595,0.6075577947621186,0.293345049128936,0.7712099763589176,0.20686575427892367,0.6375674969971696,2
0.13086047876786328,0.1106070250909638,0.37751347434805,0.727347338940471,0.089716553115396,0.4149011356896282,0.5549098224581623,0.8293189640446139,0.4354501893705629,0.47546346680024476,0
0.04559249778230514,0.9593137140421961,0.6809144507442968,0.2956775921659703,0.9331094917075263,0.39294544992704944,0.605583816762205,0.5846370213801707,0.6772571294383286,0.7243461132854739,1
0.19024920708916643,0.09763122635415818,0.4116192676552176,0.6857290467313593,0.12294989099840384,0.33587345890483045,0.5662219396206303,0.8206838366953106,0.3962747817023297,0.38853696233467166,0
0.44175545164496344,0.4033884342087069,1.5468987580155589,0.33917834053298657,0.33352640408129985,0.5470230009306558,1.0540952319544072,0.028654109645044,0.8881703962306989,-0.2536168267584344,3
-0.05697457281790402,0.6182427746226891,0.5686851310340373,0.010453685064463345,0.8166533043275306,0.6343242249911759,0.777913022077412,-0.08551749085360782,0.7719379743864043,0.2067227760007918,3
0.24622104050343732,0.9690351697800789,0.7179372381700113,0.5006875803370467,0.8391968979379182,0.5996061730597638,0.5672905762462552,0.5613852131853552,0.17109052008727701,0.3159144520044936,3
0.8959638780805627,0.7184923153185322,0.47867055167594513,0.40617603796941837,0.23665766358001428,0.2644733375121106,0.21749491578922206,0.08237101253112077,0.4343174607359412,0.9486835369009226,1
0.24929225199279786,0.9315036009716982,0.6911029953300384,0.6953208907786139,0.45837965263207847,0.3818507258163245,0.8116769484915296,0.24738197852521593,0.5271537708805454,0.6709062335356787,1
0.21919167560113,1.1271192303348587,0.6428597732318985,0.29661877081617705,1.0997932789133982,0.5307283408560625,0.5542300904837537,0.49533378170989995,0.784641863406459,0.5057455565691857,1
0.7831660138835539,0.5439449655376563,0.8614324400419755,0.013136175750975303,0.5987557153316154,0.5073650751964132,0.21835312383444505,0.5287991546935427,-0.20201465021435056,0.6909794262863763,3
0.5520862010790004,0.6054928565253194,0.5399005062008531,0.7892822065124802,0.24249987181439758,0.4454503187472903,0.5932577827171178,-0.09686338956041976,0.07758856578254869,1.0665896762531841,1
0.09759006303128216,0.36754338860142677,0.08051398239926504,0.12842467940185204,0.4117310845698514,0.08726568103965053,0.2034957353112825,0.4095883369530585,0.9685451216607134,0.26075274480777216,2
-0.19358547062426434,1.2718737381645266,1.342324062135469,-0.1742827876177528,-0.03562253594696105,-0.5431407384752016,0.8414061550427001,-0.5230871297401152,0.5859294936444551,0.9866184064360844,3
0.5233238618534062,0.7290227303292506,0.7110357880830064,0.9317949648120245,0.7743673746845583,0.429218650303352,0.15399561136186724,0.8659550137579444,0.9980101317223768,0.8859868176837521,3
0.38756601240939326,1.0136005324004518,0.887601340317271,0.6897659139489699,0.9156601912615134,0.46385165043056753,0.09765199511367127,1.0091912221683812,0.7869820914199744,0.92423620937639,3
0.14380153760056605,0.36309880234259045,0.006358279385477712,0.05202213924125612,0.49074698647300796,0.058804901149680025,0.12723539488487515,0.41476849310185404,0.9279589784990835,0.24140584246815358,2
0.38907496143279113,0.8627098852189673,0.47514478597579085,0.9000916183276932,-0.09346648914409984,0.19202163442906764,0.652797407135805,0.19988712671003173,0.19471053226396878,0.26126729371070934,1
1.055269265639723,0.8477150650258743,0.790485000154569,-0.02642066667597881,0.8376285069963408,1.1800584067780377,0.4704357035035984,0.6886641803923916,0.7629324694135328,0.4650953006562959,2
0.210740987918756,1.0485314763980904,0.7149097344511435,0.8446617236227617,0.3138848135961715,0.30456293224885933,0.8459261002556974,0.37137432309358265,0.6166766358059326,0.005763453564999216,0
0.05677922881889174,1.016426159408701,0.13182913368908158,0.3734431851093788,0.7656111222043445,0.8188509197765553,0.6120729931028852,0.21359983902921634,0.1167707661989104,0.8781605232354922,0
1.2871454813006558,0.40494039735973136,0.17055513965837082,0.5843760140556915,1.121082281068134,1.285531834056807,0.24046942337369082,0.46171537685660835,0.5282484876656445,0.20664989084728808,2
0.7958972925931419,0.7751665556111502,0.3764195365674535,0.05291842082566167,-0.2809632808199587,-0.12335386510690988,0.43889851403879115,0.4908057020922875,0.8267461977042907,0.3674015655608727,3
0.4432970677677448,0.12907493757432206,0.7592204634116111,0.1872633273823054,0.4197899827310187,0.4966562794182352,-0.13365157424265078,-0.10297733240842133,0.6058813357723467,0.27796137547120836,3
0.28648531835328084,0.540388113209169,0.8216914945685253,0.4356549282339438,0.9184582235181264,0.8670488658647532,1.1675532321620459,0.16888110718792948,0.49402887024909503,0.8831641583276295,3
0.40724382591148145,0.5540084545846334,0.37955913720918727,0.1456455789683088,0.05504311516819104,0.6354664693869666,0.035609990258109375,0.6194466161160471,0.93257260465694,0.1796813896647117,3
0.06779906158091376,0.43199419342239553,0.768823159092582,0.7925401934881394,1.1235602433594263,0.008538372620888822,0.9503831786536014,1.1049176752277214,0.4314964150391556,0.7459605743101423,1
0.050905580428577395,0.7751382706731128,0.846189058886298,0.2161226915335953,0.99373889426203,0.5226807896474616,0.678151193085403,0.45511870776507884,0.7137826800663291,0.5066090974086919,2
0.35356044676201825,0.39269808377983434,-0.04711801289139719,0.6646408823340744,0.24293946691213353,0.061769010557531354,-0.06556138499858677,0.7147224151480316,-0.02739390390897707,0.47036883494986814,2
0.28377177630094813,0.936929405953,0.6504239123833656,0.47567533101892917,0.7957488912627433,0.6490009676801703,0.6010775117543208,0.4894200966948883,0.1664047071152365,0.3509637720394542,3
0.7715300094429929,0.6642584293568806,0.34563199366416275,0.5732732961482797,0.15894709347836766,1.0191726163884607,0.066571643658742,0.5474789275568398,0.26181622505150864,0.1828974471896847,0
0.6066891673403056,0.5390292404829934,0.7379731163559906,0.6106202200953166,0.44757711603101663,1.0581739054479347,0.4847312222288741,0.2761064911880927,0.3222843931006543,0.4790002561985257,2
0.3299296547969039,0.56348076308655,0.8392009482630624,0.23689179793679602,0.028229607072448953,0.1713565530951625,1.0594964936791043,0.06324616792059426,1.1088190056381426,0.32503153851661887,3
0.16492133613628976,0.9500782383713823,0.7456612820667133,0.36180976650130203,0.8320514361185135,0.29721651319733017,0.6686347605589427,0.6212278977341457,0.7833290285017938,0.7015932507366437,1
0.8461732503767834,-0.18304810642367886,0.7606128978816418,0.3012682866477163,-0.3132044355221946,0.4684195209618026,0.3206563277859261,0.360893762665626,0.7002252168633125,0.4266367920520125,3
0.5672715739144588,0.8925516531682008,0.26213088206279755,0.5223953083948368,0.9525051771172908,0.4414701673893558,0.9104982556011229,0.0894010198576155,0.865920562094561,0.8124078703778226,1
-0.2741853670162244,0.6651964193979054,0.3902177993159073,-0.07097338250719937,0.2551001069303808,0.8869900784431547,0.3574210768307516,0.0727611570446443,0.353523350279974,1.271431629768835,0
0.9394520631624738,0.47602731227206063,0.006902702306346518,0.9978866646527174,0.04784015509385519,0.13993395838330966,0.022592677776585777,0.8802182280015819,0.7965058840242185,0.04937628856434866,3
0.26810866022163,0.9526687354084287,0.6709215350223613,0.4719550147098346,0.7854512654511989,0.6349816197142715,0.6101652080341312,0.5130085049726101,0.17648347917231857,0.3495531099724518,3
0.1407483850696257,0.09244253501894167,0.3706686487869404,0.7233964634111649,0.07998862866462347,0.41443026723086634,0.5578893622425662,0.8483026080451159,0.3893994299817179,0.4677649199862416,0
0.3738787762835543,0.1345312354762312,0.03647449675777653,0.1708965320983707,0.4935649391266964,0.906095295425711,0.4123137955054852,0.4926499100306973,0.6450980557342283,0.624994984981178,1
0.2021973985366438,0.7524012832044755,0.9566137348968003,0.5214482454422057,0.6605175829911001,0.4984115525441704,0.4414880863372065,0.32580374594095396,0.49355226947270775,0.644836372412298,1
0.05657102356509059,0.9580020680496557,0.6862468523073388,0.3007507158647482,0.9402220969240634,0.3837843843185032,0.598481450842387,0.5821364565073044,0.6808778292644649,0.71642504094151,1
0.07912607493374249,0.9952952456783898,0.7873154102642432,1.593307731402208,0.41634865565482115,0.4842118085532913,1.5605923433958728,-0.5324960822542851,0.5236282547726815,0.11201008025367654,1
0.46840827540038393,0.5292803583581964,0.18715456397912475,0.5623415481618725,0.4730480736612745,0.684651957023531,0.9524551831566899,0.8641867563600222,0.43520596899902386,0.22576169128948242,3
1.0744633127698262,0.5586078632503496,0.1975067272425806,0.97196718598633,0.5896885201376245,0.6467520643166386,0.4644900245151009,0.9478614096882325,-0.06683195292770082,0.1204863856101174,2
0.5055570726439085,0.5924763384298445,0.13096324223880917,0.6081661701528324,0.4359658815611218,-0.040814317825100976,0.1175941858157109,0.8695374614892237,0.15336328842903102,0.36295973329723097,2
0.29915314923275216,0.4529348669361976,0.4638738136348935,0.27346823505229934,0.6106446079833036,0.6939773468029893,0.7807265683329099,0.25476047627555426,0.4106355451536341,0.525972331663978,2
0.9753599712389674,0.46287980073719637,-0.00815692382778831,0.9473486103095188,-0.0031848184318515743,0.15674317194565554,0.06422212671756769,0.888716334145237,0.7834765781447062,-0.0027963548810230054,3
0.480517815495894,0.6336753363672417,0.48775130691528484,0.6280162892634182,0.22790941705377524,0.9785751451592621,0.045052740261892626,0.6303522256149594,0.14475222551168893,0.09616943368481354,0
0.5130054007452359,0.058629998863879124,0.2891084507831021,0.27604547982870264,0.26786871237109144,0.4974584134716673,0.35821104187467756,0.779430965947459,0.45717060557702516,0.6078454318695007,2
0.05389828569944357,0.9011443104811361,0.7413680586603953,0.3832163096373589,0.9756913780718085,0.3798616195490294,0.702875054957921,0.613637583272979,0.6060962511437749,0.7603717621077508,1
0.5760438016413619,0.2626835533805455,0.3256093011143689,-0.05514266443564014,0.8596890061580496,0.6008465511718122,1.2002943075989045,0.010713772782896494,0.6198711608750412,0.3819001397709978,3
0.6615520190378443,0.6068792109165955,0.904650560468126,0.5100900036016364,0.7963939822278988,0.9176661754588983,0.8336172024485932,0.17576891339948178,0.2300375208469609,0.4999784749563396,2
0.2602044699545445,-0.508971188689551,0.0586819559616199,-0.2787294309543987,0.46703498139498667,-0.1810128891885655,0.193079974007869,1.5370789566321537,0.8062262527576333,0.21386033375739388,2
0.4173766215008808,0.5685587898075434,0.40492608849779493,0.14008700012231284,0.05906844573328926,0.6414802044334766,0.02361796492521813,0.636011345458336,0.9214744989485524,0.15540400776624771,3
0.22104339800150238,0.49084177789714456,0.40416597257060694,-0.02037919764792042,0.7922320063252263,0.7046244365643013,0.7576962430227756,0.10931910542480962,0.7128773981690344,0.3420991326478288,3
0.7610990405360465,0.7145790113130255,0.718456538888723,0.2936043310274005,0.9886999466735976,0.9032270225483878,0.06999763220175453,0.5394344273225027,0.6669537155414645,0.5247799354954968,2
0.30018029073266395,0.5184123514382276,0.6104689090986627,0.12028234825619354,0.611882034936341,0.9784229250740439,0.7301518346301096,0.1437081136812383,0.4551514649594969,0.6646525482683646,3
0.3413814749645364,0.11194138634041093,0.613255192906907,0.12486970808900093,0.11900744517947667,0.6645826047715785,0.3246520311891062,0.29481388871053654,0.8924864377276388,0.25706541259375104,3
0.762319750257416,0.7059598259299935,0.5545588687717513,0.5043473345321134,0.06285314684385965,0.3774927636207079,-0.06221393250332813,0.33610032601081574,0.6628457177908317,0.29796072671672563,3
0.24497961218527853,1.0084083788613398,0.598855300438214,0.7816050996176045,0.5712163598823959,0.21047538458448628,1.0375597741548794,0.21857840485305668,0.4535910390381555,0.7904653100883585,1
0.25414205994266825,0.4347931719306972,0.3128497631035142,0.5865396913774658,0.5438791457785812,0.9688417397530377,-0.011960533472558349,0.44125616022219244,0.3841655736170364,0.16298883766181482,0
0.41192140702968955,0.3330182676875576,0.16232808231902632,0.17350521582227302,0.32192270766039344,0.9776004356576591,0.981711510640956,0.12375623631323487,0.4846377233723197,0.05864662104663215,3
0.368200668074499,1.1205434134139938,1.1906648259647934,0.2394005528451755,0.1887947671801024,0.1432530374773772,0.1054696623345883,1.0095832898557522,0.5617576107115153,1.2416389521285118,1
0.5233646371474806,0.4466315065743739,-0.18135515575435718,0.6193616642782646,0.387407627489271,0.32296752919538274,-0.16417243919670613,0.5514311998453544,0.17534950243968994,0.7658745720394396,2
0.43008353763905255,0.5466785354791807,0.4044303979413239,0.15714308771199084,0.048602760073976285,0.6644091574801109,0.030817157888123434,0.6203058574966739,0.9361109222006183,0.15131028748197206,3
0.17751695453300406,0.37752855422307385,-0.009616620067312214,0.05833544580029426,0.4192719585128005,0.10787465274999793,0.16629101428669535,0.3893486717063421,0.9085101883844443,0.2322540217057386,2
0.15369431860968646,0.1808921070181362,0.0799151739715649,0.29875463973413535,0.23746979814777583,0.9230462961619306,0.32414238325958245,0.3833683784255504,0.5725178765227605,0.4614802864319143,1
-0.04587266757957177,1.2918992376765102,1.0950660620987225,0.8936951362522032,-0.1160807581816965,0.46708800688098656,1.489827112129094,0.8393725425196105,1.2009599638533845,-0.7061848506570448,0
0.4703551282083319,0.513818128147441,0.40149215076545086,0.10792203404843259,0.0979607574137261,0.6016258963246658,0.07222318659577079,0.6287153322567973,0.9318752746050395,0.118707534247857,3
0.7031993197253615,0.427630553557448,0.6109713248905876,0.7416531924663187,0.5579591252078003,0.9251909755975002,0.6415939792996702,0.3156666752341649,0.18712757149785578,0.4775487382853344,2
0.6778198445905012,0.6436662851362178,0.19118744464013437,0.8616062177732693,0.07110766319117728,0.15782590559196463,-0.35735111528591246,0.8205972249663087,-0.05194671343574536,0.6165599799895759,2
0.7308981302067876,1.1851256992423909,1.08100488986242,1.0133796006200795,0.3085061486956367,0.6588904572434324,0.8284373445623497,0.1219757888312611,0.7860803324685952,1.087297799323149,1
0.06307714395343349,0.9317478238403816,0.7195640643723896,0.27693006395100284,0.9140007273861246,0.4027996356734172,0.5887394888157264,0.5563804111239902,0.7152622449638293,0.7552371284487834,1
-0.23045369705400892,0.769620497389355,1.0387876528734896,0.5107832517037701,0.15807974183609988,0.01833817675045807,1.2166615463804795,0.6846469755567101,0.7574710029983782,0.24468688376253106,0
0.24313021456918468,0.34694708934864565,0.29377605635481246,-0.009835268073579154,0.7439539403617877,0.8700373296432132,0.6952653714367306,0.05611244725694167,0.6656710515023098,0.3314570022724632,3
0.5651834336833299,0.9673162913439793,0.27888021991565215,0.5764530164829202,1.0121328778958427,0.595818966481176,0.9105011527336875,0.009678788716677114,0.8208289284118715,0.882338338800655,1
0.3999839383508352,0.48274269769915834,0.22399457680669077,0.7550602742851893,0.11088531329849163,0.09710383150801696,0.19875372624679982,0.7516722935536533,-0.00651425072519797,0.47569277524766185,2
-0.05617725632691345,0.506249303805381,-0.12232425459986707,0.7221817458828591,0.6727066367878023,1.3387028599965591,0.23141181136014533,0.13003413847155884,0.7647868080618347,0.7230121002268266,1
0.4089112467926393,0.9973253334398383,0.9560046884231286,0.8306026708904086,0.5006902018418075,0.29456010862141535,0.8362468847248131,0.1362406364674645,0.266989767161363,1.0049226261930113,1
0.5394082220499565,0.9279392041853273,-0.3386716070628798,-0.15922719441204597,0.8818150681739899,0.5870774503155665,1.1018192108139309,0.008281072598273514,0.5463533134341697,1.2867027898053802,0
0.41090107055295033,0.9063639176980365,0.5783809779598129,0.8795183404541081,-0.12362019685148759,0.1628275175578336,0.7013993332343921,0.23086236882599953,0.1866466525594759,0.3481121732609503,1
0.373677400142133,0.5279410875393239,0.3707869701736715,0.5578618144444273,0.5026964633297438,0.9699739882773505,-0.0008034225141761372,0.4073120762472151,0.3736671959504445,0.07755838341875866,0
0.3990308594910706,0.500490058186643,0.3534129025561585,0.5817090590761965,0.46283222176386,1.0136299983982495,-0.027928836293550655,0.41075872718309303,0.389282418628863,0.033752802269244486,0
0.5447748892637236,0.46459535160916327,0.1891724816148077,0.5478204218047232,0.5431208021423668,0.6875303091868971,0.8974446083345423,0.8510803702915366,0.45078168028012844,0.2769159067536444,3
0.05661894457380337,0.7744871053692993,0.8440811871936276,0.22006602443750473,0.9908571241915723,0.5339127015225467,0.6866560443876123,0.4643642834420982,0.7182588262395742,0.50973002663276,2
0.06519708363408096,0.9219105694406403,0.7069683565340856,0.34117373214720215,0.9168991546407383,0.4239209382804938,0.6405867139336251,0.6049755790515381,0.6502413944262223,0.7473214840977437,1
0.22545691504359305,1.0001007039552814,0.6096970006245277,0.4113173849323399,0.8091048410111729,0.649932010115856,0.6225496796138118,0.4699818047152897,0.20949926415073844,0.4175499952153841,3
0.7751435866509125,0.7829881915345422,0.6691071684084515,0.09007817410826632,0.6570333564945341,0.17297822615996178,0.4140669875377986,0.28937672143921356,0.5794183622906663,0.3505522745273493,0
0.22582651324716344,0.8054570551245346,0.6832775145873183,0.05001863031020182,0.9695200962330118,0.459975948891828,0.3736171191982593,0.6893178651869506,0.4378340080585924,0.4737914499668143,1
0.4710273949261031,0.27314464222761925,0.4711346311095769,0.4246238359603892,0.23854558632409165,0.3564855699489321,-0.02807271042476378,0.5024297377177882,0.6870678456309264,0.9908243166976769,3
0.04545582138494029,0.7807950229080818,0.8387609383784815,0.2065078979224533,0.9682117165827486,0.5366056147838975,0.7020388974396876,0.4591532504054987,0.7224854384316659,0.5009218315339035,2
1.0321784254017596,0.7724724663550047,0.6331159063805218,0.572478434644818,0.27003868954697596,0.19347461677118954,0.22271948115201007,0.2465569472094576,0.47751286263497117,0.9738227295811936,1
0.12504197833869643,0.5991751424676125,1.0024930893403647,0.6650997528313539,0.7797924043125849,0.6698135245558796,0.47921459574628517,0.4188491531160494,0.316068490893478,0.4466447347254623,1
0.29568334689283404,0.445170331141905,0.46270167908211346,0.2581345941692676,0.6000708098639504,0.7154124421186523,0.8172361147262444,0.24123521817125507,0.42048586735869625,0.48262445740224474,2
0.26986921284464843,0.8679952514617598,0.6169924698715378,0.5013166311971277,0.6514731025007838,0.5634753684250139,0.5065903783134817,0.639639408829858,0.2806403693660486,0.24673309844735475,3
0.2701708085313586,0.336731625566125,0.5669332358381366,0.29261007992471666,0.6447904084641544,1.0046004944428124,0.9470466487136481,0.19728863440207273,0.44300006459893215,0.5889935667685401,3
0.669444175589775,0.8853172937291167,-0.048977868384327605,0.4744765300634407,0.9397235330992774,1.432258541503154,0.9294801716425679,-0.42487905386223845,0.6341526433926107,1.0023425380867295,3
0.23960006772377704,0.2254596310788914,0.4867824957810294,0.30216480128402556,0.08696487021229184,0.7595276093529699,0.25109876566803047,0.11583636655118948,1.0622044788621097,0.1378908963037303,3
0.756428694240946,0.9659198853911969,0.7879197288074028,0.13467561251643848,0.860311546861818,0.9721501777292468,0.25061499259086406,0.36736588111187146,0.7847030823935156,0.3270429082710391,2
0.8034751831183857,0.35100994040314304,-0.06362337278183444,1.081431732625637,-0.10491174261574976,0.15632022116378141,-0.07782317899888565,0.829801557363092,0.6478667300617195,0.12218308034425455,3
1.0709988603721032,0.6546652814975659,0.6992662800534779,0.1963441810241149,0.36562496152964263,0.6232048075139,0.45689923962974077,1.1769941771564625,0.5106464819840291,0.8677199775201949,3
0.8184392936720918,0.4914245495294572,0.5359480337297691,0.6533284250862651,0.12616592900069803,0.31098467642006367,0.22251913876058285,0.5190667932997706,0.46375801208403244,0.44356141281830175,3
0.40375739982499015,0.36428615474136306,0.08904387664568912,0.6016331586230216,0.29779385984679824,0.12904167909622466,0.07294791675938823,0.8812383685612576,0.10916565226850097,0.49628600709517745,2
0.37742197058571936,0.2988372165955113,0.257509558324045,0.056013640840964524,0.7387477316642013,0.8044150723534608,0.7740106158945474,0.17878522869093794,0.597507404068148,0.38905103610158487,3
0.31468915350510757,0.5492300499458621,0.39574329425867294,0.5889881695204019,0.497430766344279,0.9571058622941907,0.025898260989405036,0.46127465100269455,0.3255177326280182,0.09744238824559207,0
0.8404096645482161,0.12177418028933026,-0.05668895560820758,0.605091145904115,0.9179649921257452,0.15887951634681396,0.7263136813569733,0.603872411824455,0.6371729884825212,0.7556211413478094,1
0.911421742060476,0.7332927984929728,0.5255858788021536,0.47472272078780187,0.27425782684284084,0.26278095881095204,0.2330555014506833,0.12792977958761545,0.37830191374143823,0.8689950907089469,1
0.3622976995369764,0.47608943977325835,0.20966134594865116,1.3390724434698322,0.3332036900810223,0.6232435071370421,0.7517356221690038,-0.31991111727982313,-0.17416844759207817,0.9506967159522293,1
0.05180391649551967,0.9727911707799702,0.6797272523810726,0.29157213669307336,0.9186872352823341,0.3855616849115124,0.6048094264865465,0.5652835649057688,0.6973821083674759,0.722579320378383,1
0.2685271686610122,0.9587381383806598,0.5709387736491417,0.2998804300560157,0.7738367300623473,0.6895747553166394,0.4706535866124659,0.33623077722730843,0.11143906632554938,0.38220109218739173,3
0.5504828283455816,0.767411335662656,0.797016844766809,0.8911919378781799,0.8683136537690013,0.4041009689530377,0.18138093713483433,0.8980090969196995,0.962482608762126,0.8483775483507158,3
0.8302813060607984,0.6514603095264301,1.0696530276238103,0.5786950943634961,0.3945173319877789,-0.176622019891171,1.190689047574736,0.5003694173616815,0.9697196690522036,0.5989844357589659,1
0.8327254115424564,0.4192587468803563,0.8287199404089219,0.5621044488751145,0.6465142196242694,0.10988103549149401,0.7698934812406462,0.5132601542698942,0.11731585113878801,0.22663517593742133,2
0.08420652689537128,0.9792938533518857,0.6546660068101025,0.29958167799792995,0.9083947507967542,0.40412269244084065,0.5896536315684126,0.5798470981785219,0.6501636354125329,0.6988143561502881,1
1.0080892534003187,0.6151398280424951,0.7157818702764589,0.13232481572891153,0.5038333066337501,0.43957518678245233,0.49501621217353076,0.9500055561079457,0.7263182128820497,0.8048333727297647,3
0.3513020689964894,0.039714915898873146,0.6294897351599111,0.30639692522406153,0.5330520920484701,0.39392199548882445,0.35946935204724034,0.9672534883888568,0.37890588131279046,0.4732883882462821,2
0.4994311510868589,0.2937032433268745,0.445775184605136,0.21653641794097156,0.49481034265740836,0.7416415371601875,1.0073727220260231,0.3887369719720194,0.4700383488307766,0.04690455213099413,3
0.7500580608295008,0.6734650589120827,0.8575767189201849,-0.4910587319563462,1.1744285802109964,1.2250883405338686,0.9818153992618353,1.591806626267013,0.7571657591345862,1.167563405893342,3
0.30092397354464073,0.4384512715104466,0.18496028808373213,0.5838628211292601,0.37067697125664145,0.03539753236686082,0.10011669337055579,0.8173012501389583,0.20315949946691952,0.4704716990534829,2
-0.059425839609177494,0.26658762152736104,-0.11771366624130522,0.21231182241473923,0.2512743895482695,0.05693800522831825,0.3677112345139418,0.4321100404525784,1.1899448571473337,0.2509792563488704,2
0.877926459380851,0.5582135123853982,0.697294709379607,0.6228863807991623,0.14826821673737178,0.3033510408134853,0.13409823628152243,0.542626761968078,0.26846521521719074,0.349235937189416,3
0.027524223747718318,0.603802009308569,0.7684863185276154,0.03407777169666745,0.2041620352555058,0.1438510619954639,0.696104164195327,0.3984029647411071,0.9320773212026161,0.31188043895814277,3
0.7987477102569346,0.2796265465682532,0.47312628782465077,0.6389183425459505,0.46151062041957547,1.0317046575521907,0.5610130586602987,0.34516062351299875,0.027634856577877537,0.44290714559992805,2
0.5744735649507136,1.1013208040126814,0.727035058212125,0.57632972648804,0.9062051889489245,0.5390923636509661,0.04716432695255843,0.7719690768941937,0.7588774508855042,0.8137844996554727,3
0.6965743003682892,0.850395773119529,0.16561033591737556,-0.097869280776201,0.18491266126736033,0.7565664464598714,0.447719667141849,0.5947993974758317,0.4235775553097147,0.19481462077002215,0
-0.15622930818631856,1.0360521371653708,0.5028991551757196,0.1818885233187984,0.9694559702878776,0.311254839323103,0.6442270724163939,0.65810442736338,0.5552371765297146,0.7641390283384221,1
0.6134257483282561,0.39358109815030795,0.27071897182759697,0.2126062983988725,1.189921092244003,0.43576027267882045,0.6821649366087797,0.025214180081637845,0.6683940367068222,-0.09415567344180098,3
0.9564050085386345,0.5570194785432376,0.07649257605659876,0.8726825027474616,0.03607329359507219,0.17108584275271607,0.13139281670934388,0.8222137206029095,0.6767723111985942,0.1394516928138287,3
0.75518896794958,0.5962925516742809,0.831059110929885,0.05690896036577633,0.1136633913549695,0.12759620643048547,0.32708437666731394,0.8701420412646848,0.9052277656781645,0.8349214559152667,1
0.9526954920103183,0.4575755663381033,0.03138720020940783,1.0273603678693073,0.09543235179583982,0.14332995396999887,-0.02233253728867996,0.9391934249833154,0.7574341560333596,0.00833122963082409,3
0.48218391523727755,0.24151656252715217,0.2822422528089642,0.1111238289881817,0.39462056887545893,0.9030859126147026,0.9369032758961015,0.23264119240851014,0.4581269657109677,0.016720944241332053,3
0.09372795265437295,0.7800718359770136,0.8410403477385918,0.7599725202005381,0.7191830408344613,0.7199554525896554,0.3231989905938655,0.42322519507641887,0.4004731157305393,0.49381540410322894,1
0.8975573874572148,0.883902636051708,0.2838485747920666,0.44092744284954594,1.1298834564646247,1.1375306782224732,0.24288144006138795,0.613259867650642,0.6705887921909999,0.6105338532185627,2
0.6161453496568589,1.0052257917357408,0.39881472912341465,0.48251379913768244,1.0445864796074833,0.534042576906421,0.9303534090802306,0.10242859489693765,0.8227273789733325,0.8022087841882766,1
1.0310281251011362,0.43923181013470025,-0.00038541954692141583,1.0120999915374402,-0.052274006059159106,0.16795375253791134,-0.012590461383166066,0.8120445631106293,0.7241797175448988,-0.03125792615993886,3
0.7001269785169487,0.4535926705407729,0.779271944634121,0.4245855218237289,0.739208436558097,-0.017653509135056075,0.7956449417809834,0.3780057232165734,0.17198457780613124,-0.08851003304129432,2
0.9007570720703183,0.5867465857407929,0.3319879587466555,0.9694707686169877,0.6965615832784139,0.8212288478629983,0.5470035259098733,0.8501658902752968,-0.12887570392874156,-0.003781188557285098,2
0.1173275135832135,0.4172458259669981,0.01678390214569014,0.07114894510502967,0.47431202520374266,0.12814479850104554,0.10750172602372848,0.3310171898399981,0.8567404528685417,0.2684855444442807,2
0.3090662068463681,0.4485452569056295,1.1965147451210703,0.4930335401202454,0.9439736158541079,0.4472952397317931,0.4482979378105152,0.5759061991755283,0.7866967385639114,0.4605779440589582,1
0.39220655683482913,0.8376382002889418,0.45748096680809974,0.8052231912569132,0.014982860376079753,0.2707487176600767,0.6177434543144893,0.25736884004773075,0.1734419531425681,0.23450747741719466,1
1.1185706773248412,0.8294922683016214,1.2696840803666058,0.3031637854395184,0.1414989416932197,-0.10864762518547319,0.14876388046690991,1.2319693573952162,1.3082070365733969,0.5302915473747811,1
0.37592115566030204,0.5315339438449785,0.3518541040591915,0.4861309264014049,0.436693471620831,0.9722131195493787,0.02214662741985728,0.40700077009236985,0.40765508858162547,0.10922888441709115,0
0.2308791568774844,0.20465794801488058,0.38239773227250695,-0.02058220767486936,0.7703987386224093,0.7926807918879879,0.8229452871283287,0.053421383047260844,0.6323628973108294,0.07122381218389545,3
0.22210117954235337,0.9535304924997391,0.612056960793112,0.48062644145974753,0.8442650000451656,0.671991857711581,0.6640117469422888,0.4942526219744696,0.1691812367691515,0.3128691030400532,3
-0.11642859315099108,0.5558273196610511,-0.0005208872478398852,0.7708559164489506,-0.08107052314942426,-0.26217045276369844,0.2248918302338603,0.33774301325427025,-0.06352699451588156,0.22400782690494214,2
-0.021834787844586576,0.9879282298078932,0.6677947493286821,0.400756965710378,0.9734217304301661,0.36785736832086013,0.7385591705899002,0.7079850777677993,0.6416025706697419,0.8701816091505136,1
0.5930236967609896,0.6979641286216745,0.7421522745659405,0.7507979404617355,0.735865280595519,0.3124944318808474,0.19556925914695578,0.8261291570906405,0.8674195962632698,0.6845150165717869,3
0.11161016273372085,0.7854293929497116,0.7977835127229802,0.44584695922196993,0.8002284993254474,0.4023791902590701,0.6039661380473513,0.5022287919535535,0.7182216378126404,0.8182894571728464,1
0.5396358697704458,0.8153140765369875,0.03535037950489034,0.8902210858968941,0.2242399494594211,0.9719873344295827,0.052060727541572344,0.34307293411528866,0.005274178408907412,0.36252489882237793,0
1.0916518559952135,0.7521336025630018,0.4290839567720215,0.9525528003633924,-0.22826059784428793,0.524122331374721,-0.11253174773038316,0.3646768262158303,0.3905261234990514,0.34463974291640825,3
0.13922035474706995,0.23774751523793522,0.18484798079688486,0.15021959496177473,0.696011663418494,0.9617450768043345,0.5317374326796993,0.00127090552447693,0.6122673678465655,0.3272087222908495,3
0.9797157329678685,0.4867949450594442,0.048371026231538876,0.967023172071968,0.05805402705907524,0.11171442249560908,-0.04466641021195979,0.8639281777234644,0.784991709757123,0.09396525527735408,3
0.9535720040786213,0.7606768665464534,0.5443083209184385,0.5273775224702743,0.21802784832806116,0.23878006258429396,0.16903709224541869,0.1845486009609687,0.41112661967635866,0.8962314525222641,1
0.307802463068814,0.2917589383145998,0.29389875121262665,0.5245631946001608,0.18208597798655551,-0.010656035336522027,0.06274471649140846,0.8998155958695865,0.17484125079352555,0.6686588555879429,2
0.15669186213984015,0.4178193286086594,0.18081483824373154,-0.1838958978339369,0.7293751865811884,0.71736528693511,0.5467114648427855,-0.01725588578452246,0.8027063620691777,0.42578985632091715,3
0.693876211114667,0.8160778247024448,0.3518595179944773,0.8706056090616853,0.08553177535018411,0.8443005733973544,-0.2615993208452313,0.434442702887351,-0.115615625033062,0.3808492373241391,0
0.1690229569941663,0.13666027113171852,0.35742633931581685,0.7545387321179139,0.09675880763417177,0.3526632984631292,0.526829469260188,0.8447779688348398,0.3930668361694418,0.42515255033195226,0
0.3253667494719317,0.42343415923414707,0.4496123335010938,0.27685609309081627,0.5830864782610439,0.6908105089941337,0.8115133211327183,0.24263049648109375,0.4255800299854847,0.49688067518665635,2
0.14616464206686006,0.1287414601185295,0.49616257622974136,0.8707795985523459,0.9243232891889891,0.4359364884607568,0.5648543747753255,0.03243577305076664,0.3461375303155431,0.26160652456391353,3
1.1041725151813098,0.6726901335548944,0.5614201638871352,0.08393082159891194,-0.1367463273967866,0.30981175964026153,0.03908993666181154,0.524790761077552,0.4135476980646112,0.392550932477061,0
0.13794741797211676,1.0554313026719817,0.6616950775036876,0.2399704588460012,0.6508927118628285,0.4920563388433364,0.5711434571066148,0.5718155738700323,0.24276374512604998,0.4510338886111417,3
0.05536915204596959,0.9822051580732241,0.8148501635554442,0.9810280520647121,0.167091099048319,0.04320046972350261,1.1172809984031962,0.385222671913674,0.7390974343430562,0.09904747440489908,0
0.45904561608382893,0.3725689631778664,0.09509010528948844,0.5472603721288529,0.3639001659475239,0.10090434035794456,0.10432627484643611,0.7438637805890093,0.10597082773378924,0.5759663528109575,2
0.42005893673404404,0.5599438060713806,0.3973431911572858,0.13826218560187387,0.05120897051766285,0.6545783691471766,0.03541835259284291,0.6306427283002322,0.9244443310004749,0.1593831431872618,3
0.46543018555641996,0.1611792818528936,0.3034937443640594,0.19584202778313162,0.4046547309463166,0.8290702350687711,0.9105901167986545,0.24616596021246456,0.4190954707420545,0.0729756470772143,3
0.9632415274849034,0.45087982969380924,0.026890246306071293,1.0097758815953384,0.011850036975131296,0.10814468137013072,0.05070633750866107,0.8843732226794815,0.7616708825322608,0.015216051650891262,3
1.1288298299820638,0.4474106073277944,0.8640608657108841,0.14307066557071674,0.3080085088026852,0.4429203388492027,0.352085497941214,0.8245445607823674,0.9625950992229211,1.0073795343274898,3
-0.009988986147322937,0.173233396730604,0.47095703409827544,0.8776764065871164,-0.05618852241017325,0.3104835224447311,0.4311911704466764,0.8343626009332639,0.4186771284407621,0.5057593684346182,0
0.3948205129619641,0.12669057295522745,0.5828825687451602,0.13448121919976339,0.14508947232651603,0.6939711511194647,0.3101985936204146,0.30025951114657934,0.9220775639198681,0.24314696228062532,3
0.22532663275403403,0.6039245223640313,0.12516986177625894,0.05603907870045237,0.7240033385258837,0.2957062087708099,0.41319350797425114,0.15563562283305074,0.8225646627433411,0.38567487213475693,2
0.7152781454361516,0.3932372143525269,1.6487212657751866,1.3065195157126182,0.28651778381669357,-0.019827620167567228,1.3336153187790434,0.9908459480013985,1.411164907172957,0.17460614236606004,0
0.45973725520993525,0.8624218626197879,0.4913521335643417,0.727699384279296,-0.0038253347449925517,0.2919226275596176,0.6850288205120092,0.3368454900674857,0.11713029110651077,0.28289542314064786,1
0.6912923943064428,0.5245739901360609,0.8489520251007433,0.5754036664360451,0.7176139569100813,0.08471779151727829,0.7112229627862225,0.4625386996897199,0.0608976063874459,-0.02518823047740741,2
0.20327056165214977,0.6540988508286721,0.2874665748201335,0.48773275158958973,0.7806759960759097,0.7851183831341383,0.854461240051333,-0.0204990292059702,0.38872543047336866,0.6950557571932813,3
0.5832628288013858,0.1488543465346895,0.17589595130823654,0.053556646750103645,0.25473297745951573,0.9508064907254011,0.9874041848589182,0.24703437029885175,0.4220868565623458,-0.016774022901725978,3
0.5741339300331634,0.32672234863325594,0.16111247155546288,0.16181454045635066,0.32023469819125083,0.9848693598237475,0.9071980478639612,0.14017834590157593,0.3421102619513901,0.06740294672107872,3
0.6176244008353025,0.568326461580509,0.5709032107180488,0.5037876784070083,0.4015948669961412,1.1924232012811222,0.7362524585688365,0.18343149066488185,0.048705503084792434,0.7012599065128999,2
0.8736817824489989,0.8847555543367291,0.7383025817705252,0.5781045701188713,0.4000775579493522,0.1271929088533317,0.059700119736522145,-0.07006726236098515,0.5087035969407558,0.8316665245908658,1
0.2718526849025118,0.33880558336006145,0.2333981805830002,-0.0009715661994489089,0.4788342279969098,0.8948148482933053,0.6101605909673682,-0.1604173330315124,0.17787335632402201,0.30603508473017454,3
0.21441382240928314,0.8585214531950751,0.0870802429205364,0.7343188542887129,0.6156366654201344,1.110098418894992,-0.40045990317755403,-0.03462953101548599,0.05291583608452083,0.37473279607165755,0
0.9330866607055285,0.5690639385629086,0.008083848027368501,1.0825626267611235,-0.016848966115864755,0.6736864968506231,0.39541356658582955,0.6446473985976865,0.39853517545771006,0.04987737160738631,0
0.12501876039782622,0.860918940639638,1.0109714933418394,0.7522222159543739,0.5576877670741583,0.45257973843048493,0.3555184153825764,0.4744133042616898,0.22096821853832868,0.29770365812705835,1
0.7103338617078995,0.5499724907210652,0.43935480538195393,0.193261376527242,0.17749135648586012,0.20691971472222226,-0.18779681052044972,0.9340274365569557,0.8229402257205991,1.0132260238667428,3
0.07229132295511903,0.07108045861172763,0.8569650223966176,0.15239974429428338,0.6133943447825208,1.305642961782613,0.5993893288489116,-0.07605715937003793,0.3707081057667459,0.792392732746136,3
0.2850895966183988,1.2948396129858786,1.160633438216946,0.5250572033505911,1.031807672638678,1.4804346037251341,-0.4938336544269425,0.2294931902539944,0.5055856651250376,-0.06569245000593171,2
0.941721720250388,0.5956638863595343,0.148613250470804,0.8843120753774184,0.6635931026479469,0.6418124111327334,0.47694730018135933,1.0231112285274322,-0.013309169028008157,0.09263613785306336,2
-0.18453215181688948,-0.2330427093680827,0.40235032264436466,0.534698933929647,-0.5894964300063019,0.4370064567972993,0.835841443044031,-0.33268720196531787,0.7829972434888833,0.31812091823395133,3
0.41560543570312236,1.1044398625472167,0.8052131316116855,0.6035106062233074,0.3521386603729873,0.2754794206334435,0.9302123378012598,0.27060574424802925,0.5598240952872154,0.648749890719587,1
0.2516724802025367,0.3872905298777988,0.3434477232456741,0.027678020531248064,0.7919277999238709,0.7906726544533518,0.6840796161511886,0.045779080029684144,0.709245630543225,0.31022843643707665,3
0.2967050127873975,0.9638447893805567,0.4222664504562,0.7187858279784385,-0.06537468340421539,0.2368637395193256,0.5434476672239577,0.25668794199236206,0.16966788615271874,0.15474876916422917,1
0.33138638873205317,0.5495034934491227,0.07922866233851691,0.5138849214224472,0.2159094632841005,0.17736780201392183,-0.01296499729598316,0.8336458567349745,0.03242366549680795,0.5053406383487574,2
0.7208570013071096,0.45281207815905333,0.6571273714829821,0.7395080991139386,0.5525020516877369,0.953289138009338,0.6311040237877883,0.2629996971384566,0.25102689682888135,0.5121556204002358,2
0.3922907200730755,0.943458085627449,0.4801437469530866,0.8328942841098708,0.10192542546984042,0.3839311519519465,0.6260633557329817,0.21132913418636617,0.15484446643547375,0.20569764454317063,1
-0.13327777978078925,0.45682632576693805,0.015530771556124812,1.2253031290104386,0.2858910358896568,1.0918680338618056,0.2260173318677985,-0.12887700421513665,0.03470531046449182,0.9718966873050412,1
0.3329614286948904,0.10713853408310225,0.6940926534477928,0.48457619423833814,-0.41182498150534186,0.5459923149742517,0.4659456572377139,1.1977686146211595,1.0767036614466252,0.5288833558567739,1
0.5315880603218976,0.2223567547570994,0.8341790251700693,0.46529114228502666,0.5822539035943273,0.05459149930327402,1.0608984750876136,0.7773173075580271,0.5244602670655739,0.0953519406321778,3
0.3390143241696332,0.49754433434294604,0.407543001796117,0.3231828355008783,0.5953908039444029,0.6489099600090077,0.8605955593755662,0.2439687528296456,0.4890660059363853,0.5546217903366067,2
0.8860338678654182,0.8451024851613029,0.11824640138146453,1.153285233604107,0.5620739915611501,0.826798189138831,0.3714247706238827,1.0975349632373672,0.21962578315249764,-0.1393625777058663,2
-0.12910599870976294,1.2707450867732102,0.2846119257030906,0.10089811433988816,0.4614727600052748,0.9379895377069933,0.5583441159774996,0.05138545405261316,-0.20032646021725553,0.6753747190181284,0
-0.12539996248118931,0.8933667991770885,1.1865917994022863,0.6928039874689468,0.8563170139504169,0.5742046159247908,0.4997553159126544,0.23755383080247783,0.4669846737008695,0.6088725035834979,1
0.4797383618343465,0.41843966515755293,-0.01228774511239561,-0.2563880752014865,1.0225979503246836,1.289436327654382,0.42558508554945523,0.1897511235684592,0.9306854348613217,0.20539889123415425,3
0.730630777265401,0.6068356494351376,0.7603296377163212,0.17427896880101995,0.18420997504533818,0.04213584516021089,0.3679358690595023,0.9759148916058904,0.9253856286285295,0.9427420658808554,1
0.011062185110487455,0.6642788274665307,1.0259474283500993,0.5829754407629018,0.8628529137915719,0.5554259392716929,0.35303744783685737,0.6274265143180382,0.17457217397094005,0.29329986600723523,1
0.6654551181310571,0.3631800495995367,0.23048201225818393,0.47492175739794107,0.15163987328139777,0.8185300358800993,0.1622180013742668,0.6960437240150781,0.8705715897615327,0.2597038772801743,2
0.39384103773684864,0.12732343295337462,0.5999515752220823,0.14107401560289276,0.1608233274686898,0.711963001813721,0.29451372915430835,0.2538277609719411,0.8807627865702449,0.26296926987429886,3
0.47219599064966783,0.15443621243582398,0.5979259000950905,0.17510637531678422,0.5287344920569188,0.6173190127819936,0.30795230745437624,0.8688264376179438,0.18132992302997514,0.6776002811964386,2
0.5239809403706495,0.8031523657633297,-0.0946018938447265,0.5155430767673154,0.7636258850669809,0.46706540306528455,0.36965689468897456,1.2553144237774672,0.28889889814829817,0.006273301215232306,2
0.2800422470770164,0.9281321023963398,0.5772787589357116,0.8032511427636222,0.11916141763190381,0.2382674925754315,0.748154977212417,0.18795140344120564,0.3012450381748508,0.18316890520528686,1
0.7895508540655704,0.4731660022445763,0.7338740044199377,0.5182934466534683,0.6225361632773015,0.07233446639937299,0.6726166554436769,0.42975081283683797,0.07856705346494836,0.06837949933030162,2
0.0716503203535666,0.14217955043404767,0.6966248359958932,0.2937790970166496,0.2441865675045383,0.47225187496240717,0.781754928774886,0.6157185442577376,0.034084727543567304,0.3739970528564356,3
0.3074960777617788,0.8270415012519682,0.44298214621714654,0.8635887209480188,0.1072135206102979,0.28184086540969283,0.5339047839737707,0.13461824502949668,0.1303232461571925,0.12346448704938166,1
0.008141745662980121,0.7344932010611965,1.3583662048629925,-0.017565774312700205,0.35653729846309073,-0.26494839286114374,0.8895515041423634,0.05273473224101857,1.1920003645569333,0.4073101497157489,3
0.628810530777309,0.33583899935043315,0.3761771373514493,0.24476338997609323,-0.2026396385626495,0.48417926081112983,0.08787645715459946,0.513479839103242,0.3223431665286616,0.8278363172643923,3
0.33861634836548365,0.4190139475458708,0.03993478707344421,0.6446665606695294,0.3844409894645194,-0.000751652162158431,-0.0376461938769697,0.7606951468649202,0.036350060105238835,0.4871341720989799,2
0.27330961164116446,0.9949874063821795,0.6200047081302005,0.5771739526289845,-0.0032752487262108134,0.024531394107474125,0.4800483749094284,0.323939741679459,-0.03897447518977687,0.29813284100505033,1
0.7293997664084697,0.9366908129537316,0.337265619240722,0.020673435661881068,0.8087572328000887,0.971520736251758,0.17230082143322206,0.7213357651199983,0.731463810433949,0.655913087505491,2
0.5948764647428721,0.27080627413246755,0.6512110999387063,0.042408334639241596,0.8944136138112265,0.7466985381119529,0.5977662734751418,0.8485863525422738,0.0447590283084575,0.5511779881751896,3
0.36473630586619055,0.501657177459673,0.3458981542422323,0.1684136291542764,0.0167247652218689,0.5695365307865634,-0.04391055112074868,0.6759462108635298,0.976326267043068,0.11801583905480965,3
0.5845893016073266,-0.029102503054259182,0.0692907327356112,0.3496900816806042,0.02344301268143184,0.9336031125878126,1.0509954477900405,0.08408597541482293,0.583547752793019,0.18390927615650074,3
1.193151184860919,0.7700586916029901,0.8831704735556141,0.5910982004488021,0.16043405636705044,0.18330226462058546,0.7377661784956464,0.9616547556487336,0.32573920603778544,0.9657667191409507,3
0.1936522601479401,0.6932381200166157,1.0366187245505076,0.6670673356460676,0.7810864488956284,0.6981370190145927,0.3177316953272272,0.46349318617649127,0.259478371323117,0.4581559758405125,1
0.4562211257208753,0.5340900035639092,0.18652429124672582,0.570524392421026,0.49771861386484323,0.6649706216796217,0.958062766725124,0.8737454863691678,0.44276907234536667,0.21083754839315758,3
-0.11821864831535933,0.09823417300534348,0.14714811060552982,-0.12315717791963171,0.598537663489138,0.3384669338942276,0.20056057116229942,0.31671359812263095,0.8579606085883615,0.21901947860739465,2
0.7528032569377593,0.6239876154082407,0.8484889378949372,0.058977837844870214,0.12912349163112993,0.11180469237375071,0.3007784664957896,0.8996056662418002,0.9138910546775088,0.8080848200433667,1
0.46218612085731087,0.11864946148631596,0.5121027128900062,0.290944410366857,0.39279135059005355,0.4272998316150176,0.42036658118788817,0.7807420846931815,0.2588550116798012,0.5534560946371544,2
0.12822016724260327,0.9584947701078101,0.6080543764552175,0.20471519105969282,0.45221653601191936,0.20505958739915142,0.6495732334465026,0.2691776611250365,0.054171668115063465,0.53990610053848,1
0.3285788289733637,0.9115441806321629,0.6919003463165777,0.7903912429456718,0.4107925061409977,0.31359835941323966,0.8923936893463259,0.10293876011853098,0.3921335021776117,0.7341078363409855,1
0.08539824262890987,0.6467792698058826,0.9503535304696316,0.5977460306764235,0.7337258926501448,0.654358290165254,0.4214646321327939,0.4622588219927082,0.32058824753889426,0.4948385576885652,1
0.33332601060173295,0.5197506701644465,0.33666524473640697,0.5303808042927296,0.4653041801641439,0.9514868176291897,0.03694636225733141,0.42699133554057755,0.38098238348393276,0.0836943993628445,0
0.3412866756520581,0.9572292019466254,0.9014002619306825,0.6138904945283431,0.7476743748502774,0.20688227775239126,0.8695932402819935,0.8922867016092619,0.5406680357277275,0.09582391123982185,2
0.32736619204864975,0.37622487199282095,0.23016794932701076,-0.08788346529523819,0.7168518539599539,0.788502907947578,0.5776146538336947,0.08902792312314972,0.6452683838154478,0.3930649366079057,3
0.9355981907849075,0.48364373540334443,0.6201744194319542,0.28091497381683883,0.4994053384696331,0.2300452510311098,0.557223164714964,0.45125338642764934,0.11924831365392943,0.2612363474440596,2
0.13120208553164214,0.13464973685240633,0.09998403221094454,0.11380916800762128,0.8005752556070724,0.7632186644224448,0.6606310824478299,-0.11748632866090575,0.5999720540463602,0.33127422738889667,3
0.6095919833416096,0.6242524360678374,0.49075739228460535,0.30376466180723694,0.8388798493847813,-0.10284524146140342,0.9202348478376472,0.5203407298826762,0.06418084297688789,0.20609035937491169,2
0.26928673454659235,0.9818499968857188,0.7003374282712713,0.46896726592393023,0.7940712635242845,0.6039554205322092,0.6457034334434281,0.5340156469381017,0.2006115961195527,0.3712311637465145,3
0.15003181620510675,0.3921749216033297,0.41929874952305146,-0.012582999280826693,0.7989602493645029,0.9706345029653924,0.723251734991671,0.16202516096251032,0.6964008625872514,0.2546847494253334,3
0.5568416499810623,0.18989015841080048,-0.11934115925818656,0.23095835922043426,-0.07069665778974088,-0.17112298140977522,0.7803217223647811,1.1681683563546161,0.5812342127129172,0.6308440397856746,2
0.6648275820271725,0.5695923267585659,0.9540964435815225,0.5541081009880835,0.5116048224356211,-0.06679093531031838,0.8416388484441772,-0.23375365943226462,0.5401792243987495,-0.2896375451800294,3
0.5831628712806495,0.26992208319849176,0.23284613319790998,0.30287954732590167,0.11557226786621194,0.2746477964323425,0.051045542236070385,1.141008424545754,0.19277642019363084,0.9002293533269399,2
0.27559468123092884,0.9273757132942069,0.6462017822497689,0.4752779640113337,0.7559449945210401,0.6647591222225717,0.5891199815748969,0.49870723670775874,0.15545830725991158,0.3197291698469769,3
0.3008151455520331,0.953222370463188,0.7297710182280879,0.8225393432264391,0.466654063790136,0.3063431777443695,0.858332320368885,0.10644938979280347,0.3561305405494577,0.6624955788336794,1
0.7158050192134178,0.4556243463180447,0.6085578900751243,0.7599774714856301,0.5444404924316817,0.9550649163095564,0.6207970798438318,0.3208658696855989,0.21165215105234264,0.479486359588404,2
0.548269130497761,0.04658366888921956,0.8068868874166131,-0.025728145297351623,0.13073399109167513,0.5518039391647699,0.24993749706310137,0.11852947415149159,0.7955658311943514,0.303762037851747,3
0.13065085214948358,0.539409020458387,-0.31966236415320703,1.259128214604793,0.08643170118407897,0.9093891722532044,0.36676518489007615,-0.06576034072454179,-0.455193267886121,0.23687399451598465,0
0.8568157440270782,0.7861534040086271,0.5278854965293158,0.43684259915665397,0.21742266121671402,0.28078529847256956,0.20104076065336574,0.18902193544853593,0.42300836778807266,0.8816509849560858,1
0.3701474574781102,0.49245323776219985,0.13855251448589267,0.6223048388489387,0.4681499449832086,0.7519784648990687,0.93549315857335,0.9358319809057268,0.5163501703735202,0.20566431322779982,3
0.47989470985337657,0.4926206394459708,-0.08827383151401563,0.43323203652159215,0.7219623858944126,0.587441896201891,0.24854680302989726,1.3185586103687106,0.1375853241713697,0.3313476478496194,2
0.8668205950591572,0.5692765740948087,0.07886716194977755,1.0519519534263406,0.08899925479591708,0.14769888237323292,0.010042799749791572,0.8804018759268618,0.8215616655861722,0.011151678168897543,3
0.7143503362908983,1.2662704565894165,0.33109645679594935,0.8624323025633571,0.6696207096933422,-0.12003382186701922,0.6229583734266534,0.24132663294038229,-0.038204792582677505,0.24574382848646298,1
0.04407147241238507,0.604702758789675,0.7156492627754789,-0.05484417345481868,0.024323718577184905,0.27295379057780095,0.8221972895789815,0.2299567158883018,1.1801872606184636,0.0525929731025101,3
0.7957448039995628,0.5458272078119787,0.5743641862173549,0.5666465542641292,0.07120920758195948,0.36413658790093045,0.18071411986511596,0.5338265627466466,0.3780428435192054,0.40750924477296724,3
0.08706883861457237,0.6100476798832485,0.5378348718388134,0.9527755392627698,0.1425141325738708,0.518732074965504,1.167478764485815,0.024761205686301954,0.6761317434335878,0.8653445229928936,1
0.8697193122279299,0.5777468232009934,-0.035306633147169135,0.9059561721950339,0.012956067549435443,0.19060580253201104,0.08208743272973298,0.7846459222234912,0.6833819319288795,0.05854042956833808,3
0.28462322237039767,0.2719546276102347,0.2735458302549758,0.0750306283687365,0.7688979971728158,0.7997918675596799,0.6228777444827062,0.10956930492053299,0.7438879027471695,0.3515252140289421,3
0.9829847379458039,0.9910184781488478,-0.2094171606889198,1.0576674366440182,0.8496391514039096,1.4646561032755843,0.022991375505453854,-0.07457899780938732,0.5676264829061185,0.13616479266007722,0
0.05573732812172152,0.773560164109533,0.8462301070795042,0.2187436012212263,0.9873462342474462,0.5309779478362734,0.6854672077429665,0.461379909266854,0.7158469119732307,0.5070434013239903,2
0.03202166048644626,0.9752013181801105,0.6674449494351692,0.2792525387102314,0.9681567702487643,0.402499168113475,0.5748234590215396,0.5762354664812338,0.6738365157413603,0.7407136968188961,1
0.4253806060241603,0.5505778042916937,0.4247107836573835,0.15978714887282003,0.034560569078049615,0.7051865293156108,-0.012569670039686023,0.5961869887853841,0.8807009084091638,0.14288547807386184,3
0.50421303644782,0.41175715851606354,0.41402314185356365,0.24955533805126473,0.6107629687225178,0.4732869994898704,0.5129192483367492,0.9739299187308652,0.1523106573653156,0.6846341213807721,2
0.07413070096429136,0.46886443632531594,0.07641387266634095,0.0046803582871616164,0.48142249158346584,0.08545384563769866,0.15110297103403106,0.41028636384611855,0.9763134941201408,0.3270707507583252,2
0.4057699875534503,0.4313702189620486,0.10288599689018231,0.5420651910160351,0.32998682173849725,0.1078556321083244,0.05790748779873172,0.806351721124959,0.08484723913430066,0.5994575207518669,2
1.0535429107857675,0.6914193676936506,0.11461139279939798,0.9783181982904932,0.5607716140449401,0.6415150661090395,0.5495006038062347,0.9166450412177395,0.04446146593041709,0.08192983149369765,2
0.6946873436779271,0.4384394706254316,0.5870514499144033,0.7375105619878719,0.543981071573439,0.9293801416521043,0.6202488899864615,0.29810954258694117,0.18099514683699178,0.46737804424711876,2
0.35189598533403454,0.9409219558526877,0.5166671103775471,0.8012911947062764,-0.013046836463186766,0.28278118397968693,0.6500716114068964,0.3571510822154735,0.13867805077642703,0.18750378704593154,1
0.6823602150084817,0.9743419630064429,0.29338990066330384,0.4411310382802609,0.8802142027598803,0.5874083222637441,0.8253992937421344,0.2644483338364719,0.8262801387298424,0.9176296340447304,1
0.33535505698399726,0.515582541398023,-0.02707734135021389,0.661235672488334,0.46553436280064686,0.18875207361514496,0.19310286999621706,0.6803235562634037,0.01988173387598246,0.743866273332871,2
0.28634826260997837,0.4666506479144747,-0.1662559670662379,-0.19518077534268452,0.136775463655677,-0.06504247156215548,0.8390958882082193,1.4104591770897021,0.14769680216444264,0.6164851848046099,2
0.2700586445471491,0.9537952790655075,0.670000313229936,0.4709790325689544,0.7833761360993672,0.6330322644359464,0.6119966165154892,0.510830113627337,0.17538767818333753,0.3474046817902284,3
0.6620790216196393,0.4607641954714443,0.07307265615003944,1.0764871768884097,0.06319583154828068,0.7594575007405486,-0.0554614652299526,0.5131484844873647,0.3578799301207562,-0.04192560743100632,0
0.5563280807154735,0.7736577078765782,0.7585264211283417,0.9008980596535409,0.8728719031279866,0.4397298613238912,0.16644325758508066,0.9059205917588666,1.0222366408498684,0.8311457481375516,3
0.29981287649993943,-0.02862167373370024,0.7515582688171222,0.38060184838506184,1.0075135579905812,-0.08727733713684928,0.9627831141124972,0.39957137050769087,0.4851554254276868,0.8792682972189099,1
0.9526563271543977,0.7079382862954271,0.6695797385182682,0.2414032529296983,0.39253151409079984,0.4739298752627967,0.4493456980846066,0.9607648729959185,0.6253997352747968,0.813344493107376,3
0.8083758680723565,0.8510673633595633,0.5843090423617522,0.37919947281133765,0.2147131771992038,0.15891684545731793,0.2652969495695435,0.18836506849052895,0.3984163065581405,0.9379407535957002,1
0.7999044996664045,0.39514837145163695,0.661393283463515,0.9588031758050273,0.7516765011969122,0.9436376445407372,0.777874930743073,0.04749267923928158,-0.1334611838763617,0.26289921586311127,2
0.05370206445960729,0.7758343413708241,0.8450769351631087,0.22028571413076692,0.9902719283240092,0.5297012159449255,0.6871675597277891,0.46006235049034067,0.7133958516257765,0.5103322020613258,2
0.38689785062225035,0.8791135799616445,0.7095908693287559,1.0219176950632392,0.7716399419776594,0.30152710005556504,0.1744285521089613,1.0619147772116493,0.9420895858343545,0.750041326497229,3
0.9995223512670226,0.29001709252945373,0.42157043685363915,0.22666243821029786,-0.08708416704134044,0.40164896282018814,0.7301786725803676,0.5613265736957831,0.418358892787486,0.12797032537246353,0
0.7792617570092322,0.7389731629295241,0.5513213543390262,0.3877628122735916,0.4975149479935721,0.44481773409173625,1.3200802818478816,0.5175553571062966,0.231411598884305,1.1657770566487866,3
0.46987391125332667,0.5035969800021189,0.18185158988586198,0.3119285532545117,1.0389317052594245,0.9005147908549831,0.7134855708039975,0.344371850632392,0.4123908362579148,0.19918401958829549,3
0.6543633523840804,-0.005721029594265292,-0.1405857962859331,-0.12936421676874266,1.0496695396751479,0.7779750797664774,1.007530087427479,0.3471152228644744,0.39314640422752234,0.4086961370969909,3
0.4820497381649389,0.26240515700541844,0.25815576535696766,0.11958814016374315,0.38965143299496524,0.8944003751670995,0.9112390459180493,0.2560178787351291,0.441275461390743,-0.006741094708803033,3
0.4593570323819307,0.37114126059722835,1.1168433698175355,0.8790876944599453,0.8560837156574048,0.05777679038976452,0.3165971060681184,0.5266276137834334,0.9260995830290468,1.1610147266178334,3
0.4005847407820572,0.4479662736357377,0.2234488460638689,0.6359255243843113,0.40684816618808217,0.7517388266675455,0.9645707499788024,0.8549847952699534,0.49203533147235545,0.20228033946284435,3
0.621582069538183,0.47712092153005825,0.49044058900397275,0.4711297310134592,0.06353911950705396,0.4368735322099604,0.6003625652030627,0.8059520188017181,0.36758667880442136,0.11709420550467692,0
0.8838079256002136,0.9196726109244846,0.32474214443589366,0.44922211823880814,0.25359277558750676,0.15459053127522415,0.33682979692748855,0.12467569913135329,0.27074915929062826,0.9424588972499356,1
0.17869997569338059,0.4108500849537257,-0.020294696541494996,0.05696721382734089,0.415916657811429,0.021299071696398206,0.10226957650305775,0.42678271463341544,0.875232122791801,0.31258157245888857,2
0.8402377151687286,1.1379095630652722,0.8947421045781585,0.9575236886213501,0.9870764142797503,0.037723930881855106,0.020820329443926977,1.0976125794427067,1.0382512800049186,0.6632160137402568,3
0.2927776792632346,0.852955547916032,0.877349419965595,0.6692584648112505,0.7103470936460023,0.19636648622710684,0.8516359386006516,0.8476460776823705,0.46669399059599115,0.16471868295768805,2
0.07503171876358336,0.33979648280593144,0.029732084630357845,0.054916652536002926,0.44115033120896147,0.036573551371342584,0.20081248999303364,0.4002257865652402,0.9505692360035464,0.32885030214042177,2
0.3033659289151384,0.5147346832278497,0.2217470506837773,0.7442407981671241,0.25463946362767564,1.055667096431132,-0.08610803948956174,0.2123390868710135,0.36009554716259723,0.21060931369279084,0
0.4366471471290367,0.8188273651504949,0.42815104613935767,0.8190275402391092,0.04723894541050842,0.2936174578955651,0.6474491853204463,0.23020657283709373,0.18525931658436037,0.20851956576370198,1
0.7714078383506994,0.45678956672194904,0.5637966196136369,-0.11953058130070288,0.1137993024781181,-0.14096835450045528,0.5167017238805122,0.8023183834956139,1.154676849600702,1.055003329832224,1
0.5011081393488543,0.5812088964586887,0.15562702295092867,0.6864296037504237,0.6164572311441292,0.7658765283605572,0.9475583981098928,0.9505006342051272,0.3676830691978522,0.2796309775739637,3
0.13760361126419357,0.35422712077523266,0.40791948046603566,0.08809793584426207,0.6536352010405626,0.6522070785833441,0.47165239434833023,0.25870609896538954,0.4537783018217359,0.18465810059543095,3
0.7374855192065718,0.6159463714666585,-0.09741149894846385,0.8529902362162938,0.24781148115608992,0.9763648157332981,0.2037708681032494,0.0650261606018337,-0.08817771802704469,0.11921946799396704,0
0.6009854811340017,0.9495752071863742,0.2854722036379453,0.5838822525726445,0.9944244050855794,0.47572657996160095,0.9443837680377986,0.11481898369252075,0.9035133533270074,0.7982673764768522,1
0.7079617851528331,0.49647152108042236,1.165720542067476,0.20308683903110308,0.3277761725462976,-0.20147911440675625,0.7550850651319057,1.088830306350706,0.8248378857467007,1.2967267720917055,1
0.3124790887152358,0.9652021588263471,0.9089346962296635,0.7171625628366151,0.6631717111581303,0.5723455546884848,1.0923822210914655,-0.12375597281256465,0.6465526286516008,0.6481049516836411,1
0.12404793074778167,0.991683890559985,0.656716159205392,0.2734819504276837,0.8690235012337871,0.36966490059545665,0.5441174952928847,0.5729584111967908,0.7368213020518434,0.68218468906735,1
0.3250375202802658,0.5169194185124018,0.4140974992891675,-0.042773099528370745,0.25245203503553054,1.0859784342898449,0.7830737395654981,0.0894891589487753,0.3727340381681673,0.2883461955449933,3
1.0502405040289462,0.8688257703109219,0.5422915990787864,0.5797864422953464,0.3521252481479314,-0.004823507384958681,0.07346762511026514,0.01323029134366388,0.23704973975772883,1.1240007103833864,1
0.623938324052845,0.9471151794599737,0.31205130982132956,0.5722652996839449,0.9567152401398263,0.4869084350034579,0.9818224070253104,0.13182974200957484,0.8901221811432106,0.830881908743138,1
0.7964894414460403,0.8721239502553279,0.5653392713618616,0.23535417629312827,0.9061046883981374,1.0613746520298244,0.19132020874544808,0.43227724735208156,0.6596557953103477,0.4476011447481143,2
0.7466865002962084,0.5621899372961593,0.3049048228350555,0.6126506867879845,0.2518920707742754,0.9321634880431388,-0.053263433713306635,0.5229381950780349,0.11307015847842988,0.3749077168177152,0
0.3491840374346908,0.12929465447432203,0.8264232699270114,0.24918597292031397,0.9841626904799755,-0.02817489993441384,0.8261553828836242,0.37745047251844444,0.4186167063383138,0.9755234162440414,1
0.10579314820421633,0.639011362727588,0.9176427693073342,0.6025637257486449,0.6914116125793108,0.6492431545902385,0.4222536484221452,0.44350195644949625,0.32441983579612976,0.49403860643288966,1
0.14208430102558997,-0.10011016133806575,0.625993901017623,0.7580889156548767,0.6998439042647888,0.009041049436601887,0.851251763329364,0.5230596889674184,0.3218773845892387,0.8966680617345403,1
0.4409573471054798,0.8804374941406788,0.703682248370059,0.46303872877616953,0.8073152521434167,0.6728803284326392,0.4729410858539719,0.20206146761385302,0.23153536071012382,0.38018434673312673,1
0.34502301455021384,0.8763081340204115,0.47503285165120995,0.8708440204250687,0.06313571210138724,0.20977987532100598,0.6391022317171319,0.2225292591824612,0.15837286512119475,0.2809224520273417,1
0.7052380580674298,0.42723988937115753,0.5914679955025164,0.7251621126532507,0.5847245286579803,0.9828273186675349,0.5894342198272521,0.373590598855582,0.23092033905314768,0.5181808137646836,2
0.45848070053347834,0.17635952977003852,0.26651166946081745,0.16481599310304393,0.3418764047088204,0.8262410075258855,0.9066300300314782,0.24318870830109385,0.4649746200105701,0.019659998155804624,3
0.19492660244130447,0.8546528768044346,0.7523985120239525,0.5290412643011371,0.8832661030397297,0.7072412281487986,0.5565559325278393,0.43391864748304226,0.19116626994079997,0.371368533576201,3
0.9644381417596376,0.4789242614974351,0.06516626401051342,0.9861663474442857,0.04796718446408201,0.12808624112800512,0.07145308712226311,0.936111277321248,0.7442503524673674,0.048096164203554836,3
0.06706239341260883,0.4364481471977312,0.9011210281532115,0.32468614450319877,0.31415575301853293,0.029317258364255586,0.998697006387412,0.3600101765935252,0.8798102364209833,0.11316513003527282,3
0.8079060932017051,0.8781277397147627,0.4420837071198413,0.7658639113515369,0.41351103779445086,0.508964162303994,0.5560240761157582,1.1270961638025416,-0.10443639956693315,0.0005137979575946389,2
0.5603741485366671,0.937905177156782,0.6629259209721349,0.7688303576944918,0.8459457014302025,0.4326261826613115,0.019263522735490035,0.9022108581849219,0.8988755713116818,0.9174528261347266,3
0.5035955154656515,0.24701022172378592,0.28209812023491476,0.12630585336396077,0.37484772716126175,0.8400731202513403,0.9105916417353433,0.22741291207215672,0.4950815866565689,0.06225384114481941,3
0.6303559863720833,1.0258367782750488,0.3514955590332513,0.5621177846371823,1.0476545620547464,0.5526331880778025,1.0215911690431039,0.1503755211496888,0.8561649486531973,0.7729161141576495,1
0.7622209446086285,0.2693535848822233,0.4427831994041348,0.039923219291488565,0.8428368606436103,0.3526210319059533,0.4697711858845349,0.5024078168857746,0.20473408483679517,0.41887038612698185,3
0.2966830277793878,0.935625837334553,0.6353533658118241,0.45901437320238453,0.7659104128299346,0.633295801880959,0.6482145334093106,0.5094756032722958,0.1725541318612007,0.3168918464719516,3
0.006915388846486736,0.249135356661157,0.4218259835726427,0.14067657413049273,0.3025126686897041,0.561727945010261,0.20838453737719503,0.23488448826410513,0.39753236840542605,0.864915510437364,1
0.9934564411427,0.7383957585033625,0.7104000094072471,0.08540899716251915,0.5515068461339725,0.46362256436912463,0.5741067336342264,1.062140079474653,0.507480987948528,0.9060322881395078,3
0.47145848544825014,0.7801202968626949,0.515495063965921,0.849545585625971,0.8327845598609835,0.23909193995451195,0.13495687402865247,1.188372382469738,1.077536206897093,0.5723207430023203,3
0.8102158167884458,0.6850518519072368,0.25078413590865617,-0.2213904459348411,0.8060062628958775,1.4683128959693925,1.0076888917322293,0.7929965416032623,-0.0912544792839346,0.35013953808093906,3
0.3263732067520183,0.36897410245826345,0.4295765099118517,0.30860641516707393,0.6111681020403353,0.659613454458201,0.8115046386877758,0.24066116388255127,0.39552928223574174,0.5545253370231279,2
0.9239582134352932,0.26845921508745896,-0.014678855978776117,0.5187877640566264,1.0158811395725909,0.07043237404400311,0.4471778740580573,0.7943966560675849,0.6602724638444413,0.7441563145752995,1
0.8312372017586513,0.4069763853594714,0.3965125859391511,0.7059109539271107,0.2966158361228086,0.6432783946932586,0.06335083073367548,0.5038524035675539,0.2939122630789274,0.056140179945743496,0
-0.12766972433630647,0.9499402966654947,0.8310401248233215,0.14756176678316482,1.0286015602627296,0.4625026180439034,0.6119277491080332,0.708284366609267,0.7803403009713384,0.6704656475902795,1
0.1441547866529035,0.4026402257560635,0.15729032179839234,0.11932021517470538,0.7428916383009462,0.9269191704907799,0.6482459935150905,0.048051856876798485,0.7120760382882274,0.4451899771783322,3
0.12360827015188033,0.9515599662470126,0.7405284283928015,0.2465172928501164,0.9009932413585539,0.32202927679779647,0.5752041406875985,0.639459028202078,0.6552821462441665,0.7024489639940596,1
0.9096142731260395,0.5477428016412185,1.1342123665090196,1.1964896430585155,0.6310994638004125,0.5750746498130119,0.4306970707866274,1.0029949996020013,0.7063177378617158,0.420625226371172,3
0.3306048519422968,1.0347777205244704,0.7704331847562308,0.9986017069013333,0.18798125634526822,0.619235088794652,1.2118407742836381,0.7146110592038613,0.3823943950548265,0.17426955475659983,0
0.4114477296963689,0.8549663631353864,0.585664029291191,0.8020848668018373,0.10139390650433469,0.12060081135298581,0.5779291511392158,0.18796499604492456,0.1054797860119845,0.31456857954740647,1
0.4195557302042923,0.7728827195154603,0.8071454518741611,0.5851604696002306,0.5854072810372947,0.5231863968065443,0.8399434635293402,0.11082411834589447,0.5642097673340403,0.4815954579758952,1
0.13456320961783755,0.9144089758811992,0.4838459933243563,0.42941238315819835,0.7410349957618865,0.5484813288514608,0.593379187915807,0.4365710246098092,0.26098113287128677,0.2740265687609637,3
0.4070995290868036,0.22734550157604233,0.35131547495779714,0.15843216291655446,0.28281962228226165,0.8511337007470642,0.940209441182467,0.1926058590779799,0.39316811066212426,0.003536270539295526,3
-0.0696702328894759,0.842804808822326,0.662883643471337,0.3611995856476852,0.852598775880271,0.3041412864493948,0.5856454681512919,0.5808713234559575,0.616025767138304,0.5913268990072005,1
0.9869493531043683,0.6408519643075926,0.18425283847506174,0.9348481148992586,0.6173434832251257,0.6850617780284388,0.48640868453928254,0.9552987924583987,0.004680353783281646,0.037316286118003326,2
0.15032119894254525,0.298885640084275,-0.11756347354759103,0.16650168437169816,0.38847444199573666,0.14303676390842798,0.05093476035771738,0.3893151282581879,0.9764018050351767,0.16990847599744985,2
0.06030848109955288,0.9522258239894351,0.7097579911843703,0.3204773849535266,0.9225295844217104,0.39968764244742977,0.6040366075394129,0.6044631917734523,0.6839542469732992,0.7359002647040089,1
0.12710160929726075,0.3644747781612943,0.07725099559814728,0.04967023241235508,0.4170954565200911,0.13391080588722667,0.09100185578050536,0.34924752847050394,0.9827258104055471,0.21498826295118012,2
0.3015676826654231,0.944154245109618,0.6813678154568429,0.47461171640951005,0.7909696572064517,0.6300197959549222,0.5782360338183162,0.5203706081818807,0.20354444955249562,0.34567771813032167,3
0.43932933170017235,0.5397098415031004,0.3945972099925532,0.16440978336756254,0.03584191297175172,0.6625361654217486,0.05230079553785482,0.6125958580779342,0.9460995322274189,0.15836094362840059,3
-0.0164720549385826,1.0166328472871426,0.6909736537188876,0.2392134237403078,0.974758464358537,0.3363514091893587,0.5259031696135628,0.5482328928366756,0.7433339929911865,0.7251291510989868,1
0.04692978849804026,0.9294747207755517,0.6685834786689128,0.3255379601953831,0.912818531896327,0.37915178044390135,0.5833034083217357,0.5814411014476877,0.6811743228267325,0.7035038428785816,1
0.39329712491058355,0.8253010402529818,0.49245424924979114,0.7796697930114186,0.034320677490243826,0.2831558660295071,0.5837624342065197,0.24243730088132803,0.15664491589156182,0.20758739954440003,1
0.43229878075074935,0.5936488477230075,0.34143117575413734,0.08513400686630188,0.022468305778951904,0.6644461073527619,0.048049543020760754,0.576649957038138,0.9595930102976936,0.09153440790779328,3
0.05305673222371958,0.7708569408423498,0.8504432181823524,0.2155369876052421,0.9901591329162823,0.5333970604147236,0.6864523127566996,0.45773752139455015,0.7150549163863309,0.5045768734637807,2
0.09536534690412819,-0.16614669471505594,0.9305310717738091,0.4934685945952624,0.35654423651660894,0.5332523257082213,0.523657523028374,0.7064361398282317,0.12467528062973918,0.5273306004678878,3
0.1505839413795671,1.1989718920935837,1.1106135549785239,1.0470170950602076,0.38179305083984283,0.33111463276337416,0.8739937918224921,0.23554013285369124,0.07242707373138091,0.47718610698883474,1
0.017961776173737058,0.7729810197071187,0.8194092250137517,0.245355555558949,0.7950231029194332,0.32361568312718914,0.6508732870980095,0.7177334385853893,0.8145543042163885,0.8245667425042046,1
0.357650114642849,0.6095071702572615,0.18593553486760103,0.47082346428447763,0.43166378019232343,0.7058480286297107,0.863826799923825,1.0445484822775657,0.5748562419421,0.20493793202173538,3
0.31616341497051037,0.4268599299491077,0.46106073293974875,0.27158759325985327,0.5810901742016628,0.6987027659591608,0.8088866159965742,0.23935701138510285,0.41989260452276733,0.49208177649681445,2
0.5178595497576133,0.30278116691240664,1.3963578807958372,-0.4365233934333743,0.24267690509466985,0.6904790585886046,0.5331702029923955,1.2240040194504604,0.5490162783644359,0.712682016902743,1
0.2990733264090863,0.9217611300975983,0.6668056253566442,0.42651424410615174,0.7552440236294611,0.6158180337882141,0.5735358356607168,0.5389588142486098,0.13263658465337363,0.3891332243595485,3
0.5665833232236497,0.17435242924990674,0.45205759646844496,0.27251950941452985,0.6117708941334594,0.352799840590737,0.5631064602055819,0.6081599652662195,0.5221460176447369,0.452139158672289,2
0.638700832960671,0.2361930178955,0.5930752020935642,0.42931037854056575,0.35711069589338007,0.5390755948427706,0.45163339459373775,0.6852907450178971,0.3108463403252588,0.5534027218697811,2
0.4849662460002199,1.0202098263480606,0.49105351915889817,0.8756659419054795,0.02036133130753196,0.1918458093860843,0.6447564475423369,0.39710648250809877,0.11788625090573548,0.2648050384131196,1
0.05205017464989988,0.7687900456874202,0.8514211691759601,0.2256017724788772,0.9928827702045843,0.5292267503235943,0.6811442085576106,0.46568902744058166,0.7231343530272456,0.5028960458388414,2
0.5526390458671858,0.988995340648944,0.2739886598675372,0.5149639196163179,0.9805285228548872,0.4830954938862214,0.9487949694959481,0.11766219858001686,0.8526704813326931,0.8405602693289894,1
0.12866013986195962,1.0108232833432158,0.7164299598488632,0.22200019941068722,0.925196925158619,0.3152888606759816,0.4514190152002588,0.7030192628447411,0.8072537703619007,0.8621311028856213,1
0.19463848105485493,0.4418347951923951,0.9886105915738197,0.21183319977315143,0.1818950553811023,0.099565711359413,0.9287041201458905,0.20865426781821386,0.9278278032236478,0.19863570671586292,3
0.9642773370707514,0.24345328073603456,0.6502905940974749,0.858868146536945,0.35345319888861654,0.1467456584334211,-0.06149796751913103,0.903548661987372,0.1076220047487994,0.5473920190566134,3
1.2457313801245655,0.25286426664639583,-0.3707168125241377,1.3200913279605162,-0.07657640413120081,1.227671397170929,0.48464591728322265,0.07963982388327484,0.37113648494535206,1.015900889778611,0
0.8246237670306762,0.5616634718518302,0.699951234911849,0.3294652744260201,0.19774087573927335,0.10158205402515733,0.33367803702421056,0.099617290554891,0.48007830899697423,0.9586431981203597,1
0.38359814350209864,0.40896894609184736,0.18931808229266778,0.5358352184071971,0.30841664005612773,0.18939919776346648,0.06178736162763001,0.8450805635934256,0.16617803775823337,0.7017947178989336,2
0.5878094282789875,0.059100784074554616,0.3380356650481785,0.2690674730737522,0.29877786331400136,0.3873834229771276,0.38981807577472616,0.6581160716565354,0.6723149415449514,0.8282425943542907,3
0.38020450265578387,0.37391368749174664,0.8132224111288809,0.4226164160127485,0.6866873557446926,0.15967212060210834,0.9128623243944851,0.6877097266034234,0.5976197160461562,0.14264140490702074,3
1.0007385842576644,0.6341205564365889,0.20346018470919447,0.9516473193005375,0.5969188384077198,0.6820538320500541,0.4919276046331095,0.9518321987434738,0.010763540135814811,0.02694678442536896,2
-0.06746249635296904,0.9376310147811515,0.8627802494352673,0.8718279547015956,0.08778272713087606,0.3751454562502735,0.9650191765873273,0.4541301253428318,0.5999203816096581,0.04515225174293337,0
0.4426567246379762,0.5538914514563751,0.3994066254737014,0.12583703065922258,0.05261722669253151,0.6405145394372617,0.03653393695731448,0.6148238464828596,0.937569615943322,0.13521836917680977,3
-0.0983348633360408,0.8912718999851965,0.5484384692524313,0.4294771406243383,1.056020510159444,0.5090515330602712,0.589375661938253,0.6194967468468119,0.636780130801869,0.6316064121911461,1
-0.4785471296732965,-0.7932475552947414,0.41312709411097787,1.0045856865823526,1.2512087855748477,-0.45121610627359776,-0.44999684381166893,0.1610302070168822,0.2343680668218313,-0.0774550440816889,2
1.0959058328106615,0.6122540037653639,-0.09705444825393389,0.8324702944524747,0.17110357728329675,0.0003035444666373288,0.06928510752470375,0.8463086308316441,0.8484113285573363,0.13903738851688946,3
0.19877051344854857,0.46041782503091516,-0.07589187157284832,0.0023595928491809554,0.3910879416048356,0.10430760320385746,0.17030868855701678,0.30181491128028476,0.8853595665498776,0.21309791892745675,2
0.3908296262690136,0.8514113247252435,0.47973911971253375,0.8023793785290345,0.008854753914923243,0.26248133493849224,0.5964439396580451,0.26013725151651784,0.15409030797506362,0.2159310823127275,1
0.7073787164525509,0.6602539294496431,0.809733149018604,0.08574754184387451,0.10151209506877931,0.11540926156407852,0.31130863861811586,0.9292111993087283,0.9190731302359412,0.824031090116171,1
0.8103495805320703,0.31721391494939166,0.23382696245756446,0.7186565489105192,-0.3236538223875463,-0.016486059730414226,-0.03598119127148153,0.34776352112976494,0.4489010010940775,0.7784846593366366,3
1.073782846214403,0.9614648135553323,0.2133428186986569,0.8481256650353699,0.6052200284987782,1.0016695023695137,0.7783514865343861,1.0249761362700855,0.04030702025516989,0.18456652597432763,2
0.7886488133092294,0.10228362627294829,0.4320969483252893,0.32920040015742225,0.06592377536096758,0.12435453653758255,0.346528247081959,0.6740683123966986,0.5485306274037665,0.6381421718717523,3
0.43941089422195956,0.8763144463143913,0.622207836294342,0.9498430663257542,0.6363535611124989,0.49176312938613026,1.2321955313502788,0.5589355234698068,0.9504994833845934,0.34211684839058276,0
0.48913563305798197,0.24349751549227897,0.2975913163005963,0.18473159636554998,0.33909769157738584,0.8355414573281301,0.9320358294978209,0.23526082883839092,0.48656378200277584,0.024102639648902566,3
0.05831162247790529,0.784346080437011,0.8556711733487934,0.2269028396066898,0.9796522409006185,0.5365354410638095,0.6854121334489335,0.46318434276560894,0.7265510282141111,0.49525975820299695,2
0.09995211607848709,0.6660885102869671,0.9351134056271319,0.6140612118096201,0.714252441971301,0.6340030343011526,0.4205508618967563,0.44715380250724746,0.3402326346450811,0.4962836885409352,1
0.30770764155252944,0.41013410093231034,1.1271123520398039,0.0633006904385694,0.05059586357737786,-0.09081568270731788,1.0220360277866931,0.08095456477664997,1.0866867527615816,0.16139802244857837,3
0.7336558012748643,0.790744097075293,0.29168362280808036,0.8800827512218529,0.1915303302470552,0.8248969971386456,-0.05667930414299993,0.4510227903088986,-0.008988246181403342,0.19477176178049005,0
0.5667876023902141,0.7536781396832901,0.10084326026497502,0.30561469097385774,0.09593944332697552,0.825155779430636,0.6090178469533872,0.48751373789151525,0.11402234598521373,1.0267890872987635,1
-0.1778790846457036,1.2121501634019367,0.373190635549356,1.0158296626018215,-0.1042872252282313,0.24363085014029762,0.6394533795260173,-0.0155651917895554,0.3832207305197216,0.487580495304449,0
0.31539483585556966,0.42269750233792835,0.45645662492396133,0.2659603335719908,0.581536605129575,0.6998607809590628,0.8139677595929112,0.23708140452415272,0.4135648045259267,0.4898179475595817,2
0.5446647557263564,0.42862329214859507,0.5701899029502376,0.534116382740192,0.28952929280615325,0.3212146449023354,-0.06377743789989032,0.7637608043131124,0.538512264210639,0.2818572318881876,3
0.5227903459008518,0.7631586792582707,1.1370706320094364,0.09031043898005693,0.3460058085571778,-0.14670807152992818,0.3487532805239604,1.0016394554288868,1.0931007591944932,0.5601558160050284,1
0.9358988501809182,-0.015853840151461296,0.9079514221419728,-0.0947745280609894,0.2863368720077363,0.09768577586805222,0.05971752357518423,0.8889083913759197,0.6632523935453775,0.758987388334958,2
1.0270358212918032,0.6047277760242491,0.13828069245633198,1.0798461010578353,0.5800008742207046,0.788221436454372,0.5078972395492644,1.1022521239981478,0.14123941517783015,0.1429177029323171,2
0.03119870230918959,0.9115911318196388,-0.011078033049557089,0.296459546352437,0.652427591306026,0.788246876093009,0.5871078084549309,0.23154286695444082,0.31205983281684846,0.7588704289330729,0
0.5592081419336179,0.7076378333733533,0.049875110887916144,0.47261901672357115,0.02679413660617063,0.8750532173247886,0.5274869062611106,0.4925820359880054,0.1664109954790607,0.9541237864462333,1
0.44546490527137955,0.11251756492749143,0.966267738155991,0.31852888341900515,0.4861383122658165,-0.07668127662997526,0.17592835205492757,0.32498045336271664,0.44117121106216867,0.40296073334314925,3
0.12392241359351953,0.9629861008475646,0.7306408077803964,0.3232875816200258,0.9878304895484327,0.4225103725951359,0.656343591388466,0.6569254828861314,0.7460366045636507,0.7122498362799944,1
1.3881207844154517,0.011247846494993885,0.5999550023932133,0.23186358241210542,0.06891344765422491,-0.6218879517703549,1.1771769098125373,0.4555903584009399,1.4860805663251067,1.4083782086382075,1
0.6050209788150974,0.9638501586987674,0.29608736735681596,0.6010952530670663,0.9722792902518107,0.46122864544464437,0.9885744495933785,0.1720733063167769,0.9030053189689553,0.7888394951349037,1
0.3049249539345098,-0.1671647178544184,0.8156236705087176,0.5573935233193187,0.4696545324552056,0.29108557129892,0.08393454069033035,0.7553040781001258,0.7095851197322196,0.651718650513046,2
0.9150743003116961,1.104034731506617,-0.23580008484648934,1.1721870732322572,0.22229543713516794,1.0274008075801615,-0.29787800217817945,0.3328635984725955,-0.333701231920214,0.3113350392413753,0
1.021712376470591,0.544384350829178,0.374503747817179,0.4828440707656073,0.09320509203328561,0.34891707507489833,0.29850607724958467,0.07963413186296919,0.2029261169804601,0.6759357123161779,1
0.4373711278748598,1.1135754711682324,0.9965510312325885,0.6452635366748747,0.5957108607419619,0.12347978311967345,0.2915535407708166,1.1509209865816927,1.0973855285055922,0.9716629981256333,3
0.3193123260745254,1.0739756924009272,0.4604738898279884,0.9889681686662024,-0.07252583208278497,0.2801972475912586,0.5587235441290552,0.21895003977535318,0.13989533955426434,0.3918459843396859,1
0.771509962167248,0.7288353887979859,0.9737393373840381,0.9716355322699135,0.704639743565701,0.6866982011297076,0.08542400476780784,1.022646695764652,1.211695936262802,0.5770177872729454,3
0.3225093103776269,0.43171900945669084,0.4597310073761419,0.27517333869449295,0.576711126710094,0.6962053744409158,0.8171087615511033,0.23046191805764096,0.42088360522438995,0.4972950473315789,2
0.8749815432790494,0.6538170192659264,0.598337594617528,0.5006849242903622,0.3172841062311784,0.2123632897707187,0.23015636817593316,0.12604465945017165,0.41796072989350225,0.8829494982933821,1
0.05134903151109228,0.7781748307886889,0.840663018033225,0.20824020526277653,0.9829872154157236,0.538239785952605,0.6921089174467133,0.45738047254642983,0.7048746589830889,0.5082675310586963,2
0.25554983062418984,0.9188338100381768,0.6863921290698217,0.5333260342031851,0.8050732211419882,0.6425791078741631,0.5692974900012365,0.53600022101276,0.21088280690143477,0.3543414408483929,3
0.11961369059946267,0.6817225575107211,0.9213556275122793,0.6281237550082825,0.6870782529187001,0.641137664778594,0.3906781695927592,0.4424736662707558,0.3175406617013765,0.4912554672939367,1
0.05796951164531397,0.33781889186834163,0.044441717286516844,0.060378071868933174,0.39409200926693577,0.047629786495077785,0.12501365145459864,0.2559628799193222,0.8881887039797737,0.2651643110954276,2
0.39059144692057246,0.11803839972792918,0.5943143646245531,0.11351197570291399,0.12365769328973511,0.6645886984771335,0.31518746835896405,0.2563728496621955,0.9328188921539295,0.2433347659251311,3
1.2486804953446122,0.951364433109689,0.5134765725273582,0.7505273457514349,0.8918669353771258,0.6685684325658601,0.2020730630775357,1.2146716254580676,-0.3284578146556949,0.31043963357901655,2
0.42239442190823134,0.2141178102822111,0.2862674990430429,0.26992338141956485,0.266603134537153,0.818366131647644,1.0329864448394939,0.12955628076810927,0.4125761368077712,0.20509084118915707,3
0.3494010931009148,0.37191108617412405,0.47489494860182596,0.2925462837307663,0.5557972576535156,0.6896431490343453,0.7457410526154904,0.33751235931056167,0.4469162001995165,0.47142226165157086,2
0.5506387741103197,0.5064945078156197,0.2969735489491361,0.10945603476593846,0.04206854448418279,0.6011614972137992,-0.003945868939502772,1.0658368011205877,0.49963530654662125,0.5297710293414711,2
-0.01470610505103287,-0.1454491158274529,1.6609019519504353,1.1023249987192605,0.764394566598426,0.370953853917251,1.6888982208860615,-0.23003715544231118,1.0924413569258435,1.7038347965184846,1
0.04170403457248899,0.7579021365686892,0.8399889661988706,0.21992099808595292,0.9958705259099578,0.5388934948415404,0.6796690273626538,0.4703747836069835,0.7087252452480289,0.5111695849427094,2
-0.16156524684065304,0.11015060412429778,1.0611569089713817,0.2858037487265863,1.4129963500940887,0.31674911618225154,0.2908053564798825,1.0382824065331415,0.7907664042929334,0.4549970529584522,3
0.30317895793431526,0.45476217643723044,0.8549351965581302,0.4874527618686586,0.8675864427598919,0.708208310424439,0.3313117420651084,0.4521817411854939,0.23788760781767382,0.40369031164495295,1
0.4231687152353718,0.4204424094718201,0.10441635792254095,0.5351571432294674,0.3316958538091634,0.09510700954894098,0.06911765619959936,0.7864447384062323,0.08075698653636472,0.614804364458066,2
0.5083406979655605,0.7419920570001387,0.1744775949346011,0.4122637574701709,0.096684426202073,0.9368911518413072,0.4737176782656542,0.40792693337184904,0.1628979034189393,0.8891758068131113,1
0.9263827796338779,1.2102210168004164,0.40492850383209,0.23102071789869272,0.5779736720796215,0.446844499223962,1.1243074935066009,-0.34191536152294827,0.7555652972733674,0.1969280262701767,1
0.13116490981955892,0.37147313532017906,0.018130195679871404,0.06500650856765179,0.4593762446962401,0.07763910574086973,0.1546912504318929,0.38384823303476634,0.9201764719114577,0.2551738801065167,2
0.47351743619103204,-0.016815626621307367,0.7534115399228951,0.11813318199182893,0.053802859262138625,0.24720950389878696,0.9701026304445595,0.3146478247143008,0.12121223216860619,0.6141715065237385,2
0.7693508142490998,0.31489061842498345,0.10301741760723296,1.0578451273985223,0.12931589368642799,0.14942564606682565,0.20601812681717013,0.7060455098899397,0.7592037018801941,-0.06296173664569181,3
0.6786368710327934,0.26279579407164005,-0.1462683955869265,1.1538671731423917,0.24609301992853821,0.924512635856368,0.2729737011266012,0.6924678186579624,0.28102235934784914,0.38883207173438905,2
0.23788261916248968,0.4243830387068541,0.5761518760380682,0.24236157305997835,0.712887266706583,0.9362199109661795,0.8540914768798727,0.11125018804845131,0.4179093930993019,0.6701671278858138,3
0.729803864985064,0.6273150519395028,1.2182451344073355,0.6733807941248544,0.36615231502366075,-0.058859786215986074,1.2347506334262044,0.3552908460111076,0.24883139095438359,1.5293772500072544,1
0.6095894257332419,0.7665311013005799,0.5771522781664522,-0.07795029943598428,0.12009580096073061,0.29173135555629004,0.359485654182812,0.9014351527964178,0.6563261216190297,0.816342356904448,1
0.5409212688511686,0.7700478203276355,0.7860059339621617,0.9440086503382857,0.9920113650008873,0.5221442337145873,0.31153011573538414,1.0763533361480195,1.102732382758248,0.6849420524189467,3
1.2587990877077313,0.5615602601006563,0.3868612437013011,0.769847642049375,0.8574335759451546,0.8741640587098,0.7385759728098261,1.0642253274909335,-0.192893405514235,0.0403392140269522,2
0.5984239870094712,0.8328676244152302,0.8201161176996056,1.0083192872599358,0.8722559504376114,0.45314233529240644,0.01258942122764975,0.8988901515581388,0.8170875267540227,0.8191190115812406,3
0.3485675323029809,0.8548521031340174,0.7079023286852661,0.7805897835138134,0.399522376358344,0.23779240360922607,0.9268589723038165,0.1465249947235025,0.3746564641727072,0.6939136869028444,1
0.3513609069796228,0.819574953089117,0.3700285230177083,0.7333916986583482,-0.11978078999865005,0.3048687700410511,0.5826630555923882,0.3648624588334697,0.26662666175934235,0.12098162856669495,1
0.4541503255948977,0.2491346567602925,0.3125355444815668,0.1484256084576676,0.3949499834160234,0.8893278726836683,0.942302245202254,0.32006023494246627,0.4246012661191483,0.06743982710386118,3
0.6911843246159358,0.4124659620997141,0.6167665599611548,0.7373533319903021,0.5186173357379469,0.9500324587549571,0.62355652620011,0.34135502318421085,0.14513753793662318,0.48109531838603076,2
0.062082111985393706,0.8342691079224653,0.8405178569193767,0.7565161911299603,0.2382688740745374,0.28518809149303853,1.0534749273643955,0.5828531127200078,0.6096717668077385,-0.02563359320230886,0
0.6922606691748292,0.4030040548936999,0.680700438000664,0.7049259979030045,0.5672249986158454,0.9084851016442693,0.6404069695912766,0.28160176657975994,0.2652039364752754,0.48824254776083875,2
-0.07271339118159414,0.2101389157577151,0.5301965420861574,0.14999109648307044,0.5047944578787338,1.2580574494918337,0.7394414184562642,0.010706828272553912,0.4576304025329895,1.0226874712159033,3
0.35545993174448376,0.20571301174621168,0.2429363505669559,0.10068808401086579,0.4494599965155227,0.8472112461156983,0.8504364364325647,0.2126025445199488,0.5324130538899456,0.11952560044165111,3
0.9965057716384588,0.6639745248645387,0.21718412295199485,0.9095055876353929,0.6278059861152977,0.6722741398516809,0.4961365148279193,0.9524731439739095,0.04154696607480085,0.07284002507086482,2
0.023187688895247777,0.41733178514986813,0.39510234449867415,0.06510203267815626,0.518337389951149,0.8052374392101775,1.179838527966882,-0.11180210970735463,0.16858464786314614,0.7744830007864199,3
0.07229046570318295,0.6842017383329977,1.0161729369411212,0.5942067026284321,0.6836886993157554,0.5465989671538173,0.38222676361307273,0.43415753633214776,0.31393495424159396,0.4484534084179218,1
1.0844805696592625,0.2631636470387365,0.4772856616533753,0.47865439482165073,0.33342854350515605,0.010420794614192347,0.14417543260962104,0.27057168087286215,-0.15113729461209677,0.49951319524493704,3
0.8286344422489647,0.5165474344425145,0.9163165926524907,-0.020172998286421745,0.16086064468210393,0.04113524644241135,0.41060418133812393,1.0193026441623474,0.9167394145580182,0.9603992915875265,1
0.23860456404549213,0.4959910716215154,0.3943429121371337,0.21788238324839948,0.5093132346499291,0.7877087151401051,0.7701341436594439,0.18652597101843688,0.4508584397974357,0.44266039312522565,2
0.3709914235664189,0.34920285602392864,0.33647791636101926,0.06359724029219448,0.35571752310939264,1.0124063500302043,1.0619650863086072,0.26216617236025336,0.30841810295311883,0.007315811982671807,3
-0.2597538228996452,0.6698495715036992,0.9934259548789883,0.2588358127191563,0.5822515786625752,0.9246522756918589,1.0854496504591384,0.21466493386467245,-0.02927113883454363,0.18170117588115908,3
0.12783496926731086,0.3930660740128609,-0.036161371920346894,0.014893651914231386,0.4867830113509111,0.10417587051474789,0.20495706365328858,0.3816609111064222,0.8663320384188883,0.2866310589418065,2
0.48699295954629673,0.5697989649594214,0.47447792534981814,0.1983918352560617,0.01716149696279483,0.6055540963157108,0.06029225924089676,0.5552471404678565,0.8934310454591071,0.11143442122346817,3
0.07072025867590533,0.933181274809108,0.8916174957175386,0.7425603893310255,0.19738810558654832,0.2507281959179385,1.0429163236323582,0.5295971114260519,0.7378968878600392,0.05728688346137086,0
0.8173101205428636,0.5271663834842576,0.6222496615227421,0.6190632116263872,0.06645159021355931,0.3695628479735689,0.15463618664038625,0.5132799550292952,0.4185214453057236,0.371232104409683,3
0.05761834777848665,0.7727333711277204,0.8504674970989904,0.22432202038757046,0.9923899265761174,0.5290355181949418,0.6889087783769476,0.46740851565444325,0.7188993988733193,0.5117982847971273,2
0.20766749443773805,1.1996260496892326,0.898796652614482,0.3961607595884953,1.1877372319789554,0.4656058201295751,0.5524207011390142,0.7375102564929902,0.43004452300154744,0.5340577280497161,1
0.20163424529200297,0.6210633430280147,0.7834462083130899,0.572058486779289,0.7718694739096688,0.6884541211858695,0.5697634055308791,0.3425907274493134,0.24742408645848535,0.632087270446244,1
0.6042682939325743,0.45150008917927276,0.11249369898725846,0.44745551647152376,-0.06144076615477401,0.9363493951500996,-0.05002669472346974,0.5768323658718417,0.11100654569116691,0.49804999656591903,0
0.2533100702222364,0.10448085276318553,0.359254883953374,0.3183681855503445,0.14944343740228402,0.6482254125378677,1.0634560969808904,0.21527089408515415,0.24503271936857865,0.07505884634175845,3
-0.3354941162323366,0.5757796397649813,1.0237331016863633,0.7362221448942217,0.35732610124120967,0.05498977614616543,1.2847370208325495,0.5829640235135404,1.0221730285985915,0.047673469568186674,0
0.4177199002330584,0.5382691961527313,0.17446810598100415,0.617908466749278,0.4943620869125336,0.6586200124771097,0.939504237119027,0.866613317099147,0.38346711421510116,0.2035367119063273,3
0.023082770023212393,0.9966974954327785,0.6627306988815986,0.31629337487852976,0.9972110708117417,0.41884874084199347,0.6176634795763216,0.5298134535841074,0.7347148742037689,0.6675805946750174,1
0.04416853713014206,0.9911572114791641,0.7381715050642954,0.355600622923518,0.8763607957667066,0.43295479494784705,0.6521694506725383,0.6276951391631879,0.6549597314093347,0.6987379223574797,1
0.13366333860822155,0.10320791100738538,0.3879131146404081,0.7434193338898151,0.10646944717616023,0.3710344735192467,0.5318371697207521,0.8471909119912832,0.39838156136650527,0.4287800697219675,0
0.3012845485369395,0.2239444838324717,0.298870328510196,0.2445747982534669,0.4526691924318206,0.7301412514484471,0.18334953493240638,0.27370458625858346,0.6617229409565396,0.7222334252584801,1
0.8937302911233169,0.44529075040900823,0.6887270376363721,0.20988206991419195,0.27888244766338455,-0.024139360846057237,0.5094186952242201,1.080047016048399,0.6180993936153514,0.59011992106179,1
0.9566664331598479,0.6504699242322878,0.5080849110760871,0.6082140536234564,0.7215953956323278,1.1776001792351503,0.3982679921918387,0.49890654582339367,-0.09229140504842093,0.5637717801612308,2
0.05311885552856364,0.9547108423677312,0.6902667545878488,0.30540603481560824,0.942891480092217,0.38861612259431666,0.5995693207757051,0.5818359458222648,0.6822903909175625,0.7175153494816603,1
0.8137642997846649,0.5555281458480137,0.6001221146365039,0.5956385317756206,0.0934784469931564,0.35899152529041073,0.139693020649379,0.5553543574821396,0.3678272110939175,0.3776730273623506,3
0.5265222684858385,1.2341632145178343,0.20424608108550146,0.4643343951850843,1.152613462165793,0.3566979990279314,-0.12719313106686037,0.5024956399358343,0.6349502428414351,0.44729307881780644,3
0.44151875501800664,0.4820588302109581,0.14304541226901707,0.7412818527312701,0.5986088020795178,0.7537267605748947,0.24147107829062464,0.6291608645031036,0.38480116568043415,0.12905428108542566,0
0.29709530026162934,0.4076437486046678,0.4312053297584512,0.27201952506351446,0.6170434087985074,0.7012504201261994,0.7797280253485371,0.25700981449192145,0.4188245415972399,0.4994972680651286,2
0.9189684975932918,0.7282835577793463,0.25734848800456644,0.06055993790137304,-0.051416975932669806,0.4528718896445679,0.3721829100144728,0.6817814720508757,0.34855407112408454,0.36099178058883086,0
0.8888307863741737,1.0863572755739832,0.7131703484538079,0.9348223716060449,0.43603277401503715,0.432151429518275,0.7184485069598439,1.4414869142777897,0.6475359903019404,-0.13815742666799488,2
0.41942153809420846,0.19325159316225882,0.2362843380490456,0.1603814303465502,0.3094049231446538,0.8588406598095581,0.9810075336112267,0.26495845759181647,0.43239158591474813,0.06659777374719192,3
0.1723733458973057,0.1071365170240553,0.5735512634860443,0.9660405727527016,0.8560730965206923,0.469714591127311,0.6246202895332343,-0.0059341116597975,0.3106879556772159,0.2578268889131141,3
0.1439047999979329,0.3531720937166454,0.033405676359577405,0.07662195352817419,0.4711525013437031,0.10292185719730296,0.15935938227266297,0.3694799835062396,0.9240634733073819,0.27290617173174947,2
0.05434765717560929,0.7748611702950876,0.8468160062404698,0.22055626856437843,0.9887976467376055,0.529576912508612,0.6863294325407695,0.46341683576937953,0.7178445494820093,0.5062094646051654,2
1.2241023357154388,0.21983843159263583,0.3740958715639027,0.5414875416869878,-0.17507216779973844,0.5165269770066871,0.5787538608348666,0.4791822267002063,1.0402331318446238,1.1022362948145945,1
0.8589642936888455,0.6722856452193708,0.4627076689970073,0.44510393075407084,0.21436265739405702,0.3112348749623108,0.2366728231271437,0.18086004789571208,0.3930033475474857,0.789787176175976,1
0.6714489550655472,0.4773176893893756,0.6034433863943273,0.637307928662227,0.6225257947309666,1.0311411387232379,0.5157642619974603,0.3790818586039074,0.19325672909245792,0.502772010251904,2
0.4870151236980627,-0.2672488384012684,0.22871244225454374,0.6519834106761624,0.44153017308457176,0.5304968826509717,-0.32555467881722494,0.5043027262428732,0.23486921497867347,0.7133798291003897,3
0.5841823028832929,1.163447387005332,0.25274341553637414,-0.1324552841936142,0.3231985835315417,0.9450935938734055,1.1229209289015485,0.014651139312896494,-0.09963815079333938,1.1545222398188901,0
0.8776260040219809,0.7726098921259779,0.5451311260215236,0.42798936821654654,0.26274698899711035,0.2831668544163454,0.18137524451643922,0.13461087319479337,0.3693310151581084,0.8153312101713612,1
0.5239206016015516,0.4080135750539345,0.6557118078524687,0.4593618039405379,0.6282805253071713,0.11848240868150442,1.0505193598532796,0.7498196132605289,0.5629043134320703,0.2460132397074904,3
0.0013883165135225098,1.1200117070376354,0.5788286229435291,0.9782507560259034,-0.06118366933657246,0.20255104456476689,0.8554538094660793,0.7349121132596756,0.6581538990361313,0.29789118141221016,0
0.4985148333280366,0.14790942039235055,0.4661786249510797,0.26886786181364225,0.395926451305791,0.531711432986912,0.31904912160831633,0.851514527514513,0.3088754577865865,0.5725399898026827,2
0.7687861386764321,0.434045290781821,0.5144106507519042,0.052877228433678744,0.811896076558043,0.7157943197717063,0.4681555968339417,0.6726785581272103,-0.07057451627735041,0.5417334746341054,3
0.06334512507448,0.9166839863184361,0.7306981697925465,0.300806221288125,0.967451477790824,0.4163080671715803,0.5965036242652246,0.6176017923505214,0.7179506927611279,0.7233175457544271,1
0.40385510404776503,0.5497561004383784,0.1790076991389813,0.40234910624527087,0.6180023978063107,0.6957825880337509,0.7886723739388872,0.6551030295460193,0.6449406397332418,0.36133650458548217,3
-0.03097652011930324,0.877322557837771,0.6461960222635477,0.25456506845329635,0.8824146489451077,0.4581045981406352,0.5488268521111264,0.5054995961038812,0.6234120791726757,0.6424536666428995,1
0.7040188473242049,0.44252796984183795,0.6018109416662335,0.7444161894157194,0.556288743507338,0.920407515037473,0.6298587161086062,0.30879064018420377,0.18230436843858439,0.4746190426614272,2
0.8095775405882083,0.815507593661704,-0.006127080227531612,0.10090196603320181,-0.14338713338632125,0.5596391510272478,0.13605431185050132,0.5475238694328048,0.42850866367491935,0.38085289045394094,0
0.05260314794324922,1.0005265913363017,0.043421005384022646,0.25085479015212636,0.7198406436087661,0.8361638503291563,0.637318559433908,0.17951220304582405,0.2514804355682609,0.8321912434227263,0
0.7874877787844385,0.536698047552555,0.5660929481304655,0.5532867305050049,0.09323543690508793,0.3387803840410121,0.14187158660658586,0.5433578242796654,0.3749758523461315,0.3773110603079469,3
0.3131445742267786,0.8742120449184307,0.8174556812512688,0.5990986527626997,0.761421566403052,0.12421664768211685,0.9530078738357758,0.8037239062834659,0.5189723759807506,-0.015466790673650088,2
1.0347958469671847,0.4782118998844725,0.31667641104218036,0.6691082419205845,-0.02927510906918436,0.47231980614503355,-0.0615424565664385,0.7091632201648022,0.6249232249638744,0.5618920464338512,3
0.1731855682326737,1.0664195599486295,0.9699992333503109,0.7093538473822643,0.04272838925913344,0.22980751882726452,0.9276772418052955,0.457605200034789,0.7218717947062877,0.09395505218838335,0
0.7743152777400182,0.7763683140988988,-0.16542345555335475,0.6291219490205415,0.5081060719241576,1.0274704278035776,0.8327562309827232,1.3355526109314284,0.3317750410326983,0.2915470767769598,2
0.8969982812054422,0.7669721709505724,0.7016851329424812,0.37734646268546257,1.0869787171263119,0.9095738533512261,-0.01564478750917278,0.2794698331694866,0.5642000877868225,0.36501090232669864,2
0.13483320073460742,0.9870055554804399,0.5774389594490669,0.6087168074443414,0.5071468618908739,0.5454683504887714,0.639460938114959,0.2731377317619059,0.21365058404505363,0.7905010824795926,1
0.4284804971624239,0.5700973838647766,0.4022877687989141,0.14536590899255727,0.0355496303061259,0.643829485636072,0.030958121533729652,0.6238064616531442,0.9367503362763522,0.1526512030475063,3
0.7461801654870315,0.4481080746119554,0.7174956478348264,1.6007287295171215,0.41361332211710466,-0.1574406538684345,0.46406063925022767,0.7979995375563089,0.8376732240093537,0.7034568374568629,1
-0.00011967807302544486,0.8279152346068558,0.8219249259257954,0.8662789140866389,0.22375473476440455,0.17395344405533691,0.9581705065546195,0.4478588233410944,0.5747961462721838,-0.04386421826618854,0
0.8956882430917655,0.5230660068869079,-0.017279326961918882,1.071811953829917,0.05001118281210838,0.20595466501578485,0.06962077386838898,0.9622443989373974,0.7623843755036568,0.04786292483105272,3
0.10423083610311337,1.0754536913356416,0.5971467644689321,1.0509148895567795,0.24112850163028884,0.24566465276432764,1.253647154296381,0.44280659624788915,0.44622723591966346,0.423857234951647,1
1.2389646162672312,0.5595849238698822,0.2860567832946837,1.0327124428819814,0.8277849196463523,0.9311118753862289,0.37369830972178614,1.037878668352338,-0.2397393904252864,-0.2154597003202977,2
0.3384639559105712,0.4078680756900825,0.41825084904501764,0.28439449484995877,0.5761699762685252,0.7378326752539236,0.8525495335283996,0.21343984234518826,0.37685053512151,0.5140510098837452,2
0.6134965810220525,0.49850750675527555,0.276070235068291,0.011191098298817703,0.5428959063850003,1.1405753637167184,0.8633015178996865,0.20074326583374533,0.5692263333960916,0.06105754302195784,3
0.13427473120618014,0.7851646486390165,0.8017765224405389,0.5958065066290769,0.6355696990787832,0.29551668495171407,0.9471124181696277,0.8487085307183251,0.3821109198769766,0.29386494457167445,2
0.0834018106815732,0.9368024408197063,-0.009388159998482831,0.2996671460116102,0.7533387457901407,0.8166106631812567,0.6376765654362332,0.2136991575677495,0.25903341383968215,0.8547474738119819,0
0.9518705097752757,0.7391858550793788,0.9897886046215031,-0.1255400996563618,0.38785486965860316,-0.12269553368415506,0.09095515293302667,0.715369721843374,0.8172003147225955,1.0757630341879487,1
0.5619999174265959,0.7683280066559793,0.7230840669791734,0.8990932658045924,0.8769815832654692,0.4713917953377064,0.12041815269163067,0.8811051470664406,0.9709652590598485,0.7986033128067443,3
0.021943961326461953,0.9404391378088515,0.7018376619428142,0.2743281285885887,0.9601674825055072,0.3796005586202204,0.614868741378157,0.5814021839167016,0.6491468139301281,0.7509455204378791,1
0.3715380106906935,0.8256036650311821,0.49073340497295914,0.7996162576246624,-0.001532654726362613,0.2344111292661049,0.6282154396848074,0.2940933243282935,0.13072280236420825,0.20389253474798924,1
0.5773608307815793,0.7051523859208622,0.7067221966351666,0.11396542482553543,0.8408078176752948,1.1066431648989203,0.0040147555845450045,0.5127067395865267,0.5140596762100671,0.3353055832788997,2
0.07622625125570123,0.6311698205182198,0.9623614898828691,0.6017917509915622,0.7108163690921293,0.5980260704272207,0.3953491883537245,0.4557053707411288,0.35568495280731005,0.46288771816643615,1
0.6092228440177356,0.461526877719173,0.342967888004177,0.6242097580822071,0.22368225396496097,0.11229111792709276,0.01054490114712877,0.8382867260245086,0.34766641052104896,0.7948178825877491,2
0.3870902183797178,-0.05860815611585665,0.5635921439143395,0.33200333477167976,0.3411985130374333,0.5061917766391383,0.20428092477890344,0.8731679254828744,0.3309160767818531,0.5691098665629162,2
0.3208555333734897,0.4250715631811596,0.4538727688937788,0.2667410250963085,0.5857769879737047,0.7036202479961283,0.8142108315050763,0.2368880105384227,0.41306087102315314,0.49344519013759053,2
0.9850286150710351,0.8975070323986544,1.2477980397163921,0.8042788737758441,0.3088360782256624,0.05196196477016901,-0.3026892001812757,1.3500091111710626,0.7691226020136578,0.5667259030689287,3
0.23093906235803488,0.4770814299154463,0.9884543682641106,0.20272057813192812,0.19616501009838797,0.04957441738931813,0.9579677291499211,0.2315748309381932,0.9726592963330926,0.2387238280534512,3
0.87252722902445,0.668829141023687,0.28224350200415826,1.0434018700427659,0.694781588026275,0.6131341597393266,0.33964265041422503,0.809351467432632,0.1775612377615998,0.13338255205663177,2
0.07796274962473212,0.7387303954202693,0.8676196316892913,0.5728824723428447,0.638328101766179,0.5654476913875803,0.3793225838599995,0.41284286401282944,0.4248186655082501,0.4129682714571285,1
0.3209782499158268,0.4583954136453583,0.2411651353440428,0.643234351524454,0.2729541917431879,0.0539071484494277,-0.05311572171613349,0.6367596663274685,-0.05957790946398811,0.47384117830399286,2
0.0562274869914183,0.7723300607560296,0.8461177917931962,0.2176926635894756,0.9862340781761169,0.5312231400458708,0.685125765844569,0.46237850616418513,0.7151895521377394,0.508239955134578,2
0.025478651379713526,0.9943784478249598,0.6168435930505933,0.3256245395382792,0.9900580412245639,0.443209677592689,0.6282072240511983,0.4998677255276392,0.7356318945370024,0.7637464104465538,1
1.0060533617903418,0.5135197000091328,0.2909687575275081,0.12310372182368275,-0.08108057007553161,0.6111414911256126,0.2916878542000624,0.8758124410688113,0.2747315804113397,0.1492869024197039,0
0.9952093745475059,0.6422883342708404,0.1980405008307266,0.9404892747541072,0.6070705678328272,0.686096294862414,0.5073453342333168,0.9639758780378224,-0.000339741634331649,0.038231184750026445,2
1.4165715991065813,0.9458873343147083,0.756406838297676,0.31315003051080215,0.0068217347119911564,0.6424191432220692,0.49612985501119233,0.5100015537273854,0.38896565467673805,0.9959425273328089,3
0.9041849885623027,0.5577457211707378,0.17915710780984684,-0.07007703039242197,0.2356000113312201,0.7161757906717524,0.42635064506630865,0.7085486132441651,0.4294304725097612,0.45188939515357796,0
0.3531855090263002,0.24588082934906838,1.1021012276042153,0.2871632855115922,0.35911208214492074,0.057120615656806525,0.7412548899945934,0.3789851822750285,0.6017362141267726,0.35800657778725903,3
0.5553710798713616,0.7688553343054801,0.7876048287761931,0.7817571898738239,0.8273125945681198,0.38696486524674145,0.07158378981136376,1.0093422204754192,1.0551281855328458,0.801441497286135,3
1.1101512165736227,0.6349879850677426,0.5118918677662695,0.7601329142737873,-0.08475537557382146,1.2365931405935466,-0.35950969024897617,0.0480343148325012,-0.5447301226725179,0.7736886887482439,0
0.28290228978849885,0.8574744921750118,0.33480959921635356,0.9575345676913833,-0.1125142282705327,0.3465996399767443,0.6676003523043401,0.1228142947042212,0.07117409568434843,0.35838192483307996,1
0.9445166205781368,0.045754168453890326,-0.024403719906255655,0.6636350078103221,0.971653490095171,0.21547688262810716,0.6069437172503915,0.6727550348378889,0.6721986795259344,0.6916412649724935,1
0.32238912998757946,0.7181885053778858,0.6758667841852095,0.8163886681174441,0.6684572041859562,0.6164726843087137,0.5230449669579926,0.758927378747649,0.7835988820067032,0.9966193800934697,3
0.3573092473048727,0.3789905663245998,0.3439914202259471,1.7691313131033048,1.119257171545411,0.5668927329500881,0.00026141334483009704,0.23275223565639297,0.4174050565477441,-0.45291025907174165,3
0.7458929861868048,0.8026547925200478,0.4076086516215933,0.9978862953977962,0.649266553645637,0.7279420709033003,0.44388453551655205,1.2087645410447885,-0.2726445636421681,-0.21580075146016453,2
0.5355775088360746,0.10856968633711861,0.4401885856331863,0.38536208241632824,0.3950146642503305,0.4977407030181024,0.32627794420864686,0.7555378510541153,0.31962553738034544,0.6700269181334448,2
0.4222538385959298,0.22392172867146093,0.4227637110856245,0.20017321683215933,0.037922102457726675,0.5383734503837425,0.34263501259791657,1.2793733260682163,1.39511831860747,1.3657586340738364,1
0.4065970120650032,1.007447146264033,0.5954138033181294,0.412882753829065,0.6161409864267657,0.7908773956354682,0.6328304707189596,0.490708748915759,0.3479028288461893,0.34713779922386534,3
0.09983648541334383,0.5147402033663788,1.207729419019242,0.8435781715647509,0.5788643033706071,0.5218592162370799,0.3714457672376055,0.16350517933504777,0.4230522109576023,0.6971152082548189,1
0.7963498111181967,0.8935796154806125,0.029594866673499115,1.0047157011662156,0.29275685707815585,0.6479930253835714,0.7873083942187808,0.699559466761098,0.12428579711103888,0.00779750021620159,2
0.008534630987634295,1.1882783500619942,0.9363932148002885,0.726946860378879,0.2714499101692062,0.39474814122132496,1.0080070556077583,-0.15393222534006495,0.6773391489672527,0.4369529103068834,1
0.17110703319591808,0.594988573231285,0.12004994935732652,0.588789098785425,0.8622315079523103,0.9563940386148604,0.44710965797036845,0.6615981871721865,-0.7445752101644854,0.5276479733549151,0
0.016671443818453147,0.7340681604042143,1.003951981750131,0.701641776549215,0.7438687643870613,0.6296978339864376,0.45703485735784366,0.452245456826218,0.2474500617939229,0.6078265422180935,1
0.311819598383079,0.8975228589506183,0.6832858888553041,0.7974913017479061,0.44372422739393547,0.2920015843252713,0.902103426937527,0.12094400560863304,0.38169574030975856,0.7423540671248959,1
0.3272910064566108,0.7170798437541287,0.21640792174099452,0.674260253271888,0.5939415696219473,0.6278176129666161,0.8578114707726494,1.0618263984278205,0.3330984221003759,0.21079110522252814,3
0.28685570216541334,0.9315807686038807,0.6836202033507012,0.49750696189345067,0.7722286107360201,0.6156128823951663,0.6057656381388037,0.5122697415974946,0.1966922195953251,0.31897794010875635,3
0.44855226128069814,0.8821623861739201,0.5636888859546838,0.748050033795376,-0.10941356101452773,0.2411216227211025,0.547724251494007,0.3475276055856846,0.2457519870529009,0.2956246838819859,1
0.32358051708126184,0.2824979535486952,0.09440595134355198,0.3090317639888185,0.17384002501220686,1.2072540898584798,0.16302796976531864,0.7011805219928761,0.5167339792230656,-0.07988785411538285,0
0.18294827961283971,0.5459200770074997,1.1329163313360435,0.7571691088252762,0.5985032421312665,0.7184012414190993,0.5185638204631712,0.37234521159628586,0.45414999846913817,0.4160670473010983,1
0.05976660119263622,0.7743383073118038,0.8500276872513034,0.216535229913944,0.9835846717337188,0.52730109400838,0.6835611302904053,0.4558340117084636,0.7116910218255141,0.502124397311965,2
0.27978905121573794,0.7479677769865856,0.9814074887550298,0.6016718624356667,0.7144689367641732,0.2350364322427592,0.08107026168927606,0.745160649994461,1.0844747941365733,1.0362331280233854,3
1.0127678530723958,0.4430751918503033,0.1449494447808951,-0.162159148754268,0.9994915131274489,1.018934376601974,0.22458248984932933,1.196187131885063,0.31546419540273873,0.5289423299322998,3
0.3312086798571358,0.8998513493710638,0.4774427040576871,0.752796164921335,0.03790471798693749,0.25733912722052543,0.6084056638902432,0.28631875941135093,0.1561577890210759,0.18737076374742406,1
-0.06042653122884459,0.8708756289676814,0.6083507327712241,0.22052046277002912,1.04373475302114,0.2688746774680141,0.4752785993200379,0.570316136941712,0.7044894441075235,0.8573263090726213,1
0.024997580950310273,0.6609315631616953,0.31346774777113456,0.4870713331540597,0.5633336563133895,0.9451275142755403,0.4608690759361591,0.2069636312934897,0.38235050767614,0.48434963135894876,0
0.5949690440430943,0.9461716532360795,0.3133697687820583,0.5813571834909645,0.9600680586705042,0.4825450028201599,0.972375617826421,0.13801713903361157,0.900340641484436,0.7991933654270345,1
0.8759909205418701,0.5810115195698471,0.6663135652688491,0.37652100476073014,0.09745392546439859,0.3317231962398107,0.15219118196008238,0.33666469345083955,0.4174749537708128,0.44457342705655,3
0.3225966042209293,0.8528440551157004,0.38749451003267016,0.772026993285577,0.02157712714323588,0.23041641794610254,0.550032314338591,0.17143297920313513,0.10698041918481901,0.22495321072870575,1
0.2894433085923035,0.9267435356898673,0.7058284643486944,0.46752975516583045,0.7850619119906739,0.6386600612660952,0.6037889695239358,0.5403922287000286,0.16025981221264918,0.38277308305788754,3
0.5325843232065612,0.6518262690208311,0.2845640382302998,0.8672698258805922,0.11072407611029116,0.9926759911469716,-0.07338642221160513,0.345740437681866,0.16020600596604107,0.46923968711836805,0
0.05848751454387904,0.8890305831792995,0.8465915365600083,0.8174259140281454,0.1632889651036498,0.30844924654608846,1.0033596102595665,0.5906432715251407,0.7260027051172975,0.02860496153389947,0
-0.11883894613154294,1.0535495806460566,0.7760325947539097,0.572684065230605,0.2908613364349233,0.0904354007707995,1.1350243691223616,0.45186869299580495,0.9383832722193468,0.250946460506571,0
0.979309185480775,0.6118421193406182,0.1452379788762576,0.9270228002179459,0.5720498287903549,0.631075004880927,0.4762444519097833,1.0140258848467796,0.0447469216390517,0.07343614607535498,2
0.5848215086839781,0.545197688614402,1.1438109768993783,0.12522447312778695,0.7517879923581259,0.47694968778817615,0.26533820047168966,0.7709154997708625,0.44318642139687936,0.8400735024470064,1
0.1440097628737712,0.5274309097720258,0.8278246837495088,0.5138845781611633,0.5402587713630519,0.5949952232321695,0.41011428127051397,0.48082339005900854,0.10954459707609665,0.41199025354527125,1
0.9630724398690103,0.46271867512291254,0.023199100321392288,1.014083903760665,0.033373192087047025,0.11645609240216465,0.04091017407669083,0.8959154635548171,0.7659310363458194,0.05008742459480169,3
0.5680970566280625,0.6720501452178966,0.4657409907772522,0.9127779529891454,0.23168171699766216,0.0814506289670428,0.5208208331325932,0.19294465564911956,0.1367536393393168,0.13393225242476892,1
0.22380716389706073,0.930053733090049,0.7007024938667203,0.44949014821715016,0.7663208927939608,0.5940505298485599,0.5563387628886226,0.5234748848639551,0.15861499611803473,0.40118141048467904,3
0.11047719158277705,0.1298318581406243,0.6622445046636689,0.25007815548596746,0.21952628789825115,0.4816869711122026,0.7713014195746911,0.630233199582619,0.08296320446755621,0.370351068870919,3
0.6545399337273498,0.708988708819059,0.335866425387642,1.275200144752285,0.39384445824983694,-0.021208622279171085,0.49139002703559925,1.2274324167432769,1.1810504298502886,0.649294169869331,3
-0.10928590689563067,1.3564929416009701,0.3156128731537624,0.6745606596481952,-0.11299295132782472,0.8409713013276656,0.3561204723821769,-0.08747691657193513,0.8043952167563264,1.2818579409099047,1
0.7520209817185859,0.8284868307593021,0.6831459016661773,0.3084551484955847,0.9468983514740752,0.937929482756932,0.14463360175912277,0.4848067161159824,0.6728112548520013,0.40751729027049344,2
0.11977463841629007,0.7441310830357701,0.29171828998078486,0.45751344523659015,0.5571066643803777,1.165980803523635,0.12391065207911531,0.6366474386306364,0.16112762680740556,-0.10997386685117905,0
1.0726158373583807,0.6115432583391202,0.6047951500880249,0.2706207332258888,0.3654605515148315,0.5180639359081761,0.4992664940987238,0.8779200942367474,0.582478070515211,0.8225190554087707,3
0.9203996769663574,0.5064070954340583,-0.009979509427226335,1.0177846993664925,0.035933615930155115,0.10836003797138186,0.03542256812566587,0.887247722662669,0.8128022753130426,0.052885054518140025,3
0.35643198836857687,0.48158676322853394,0.02068883715778949,0.5370098520687469,0.0638301422749184,0.22347780374047765,0.8178859388486247,0.34646183898769517,-0.3531255428262029,0.4193191144201559,2
0.03306551729965007,0.8760849697620355,0.7720889995040411,0.3287837064573964,0.9693650296405467,0.47041078241225903,0.525381545649225,0.5526955287713138,0.6698805935746109,0.6512166046871638,1
0.2862193477029521,0.9387068433512139,0.6457754612944905,0.4940302897213681,0.790305075024897,0.6158862375436067,0.6412720825233419,0.5103501957134067,0.1440752734117094,0.3801548111600631,3
0.11458749492987291,1.1203671701793336,0.14478826054668278,0.19599962073113425,0.847271340770971,0.7290191952688829,0.7453701513076149,0.18195161491964182,0.23107093425309774,0.6848416875957279,0
0.5092957899103521,0.18926428976308438,0.4827540958836034,0.1643004149742269,0.3254268122509389,0.649880032989898,1.1561144269439314,0.3719563513686305,0.32982558568164155,-0.09425586026247759,3
0.7552210224711493,0.4643152135233434,0.5757315544335331,0.7719277907216149,0.5579852818160246,0.8888017706212219,0.6549758814252413,0.2759761517423556,0.12302940766581462,0.514699084409851,2
0.23946538064761552,0.4295903841105686,0.5794026736386381,0.24303452405174586,0.7104639869805661,0.9295047292267232,0.8632525505773323,0.10204212934430638,0.4259309304918519,0.6704668651180088,3
0.7772867804790873,0.7220641834577626,0.2900081146913108,1.0175072446610163,0.5805185610428709,0.7792496386810306,0.5626044471400111,1.1523653231600184,-0.017053138688816877,0.01478638536535722,2
0.7294412212609394,0.3613871583019156,0.7539053500585795,0.06949387951668762,0.6964793762287449,0.6543754558205828,0.29504962833943105,0.6411449851406115,0.06568379366528711,0.8317865311457477,3
0.7857064091170726,0.5948414975388104,0.5909641352448258,0.6705602719550762,0.09534327359836361,0.39083837033694396,0.20052615467831253,0.6331582207217694,0.4037415966305252,0.47149310605942596,3
0.4650779575052846,0.5459243637129275,0.25158365670762,0.48455007796899546,0.13856778391103533,0.2785780651387975,0.1258897613912364,0.8349140497281176,-0.038879628717065476,0.7384779872016468,2
0.40571838685597555,-0.06247950915420625,1.2181779407496518,0.7857466020675744,1.039591467652718,0.4934716844867355,1.2678508245848874,1.0587507533172051,1.0717562498642619,0.22323787039788764,3
0.910087287720232,0.469260993076572,0.004059291875143971,0.9742367179826226,0.08845808314944006,0.17484867784661765,0.03699213112367104,0.8433883519123584,0.757822960886893,0.015603429427295954,3
0.7317251650445811,0.4374802170661165,0.5978139999547365,0.7876815944917566,0.5341946227546484,0.9691311077135025,0.662147619825188,0.32969760571166395,0.15362655365581096,0.48653888211894714,2
0.9569282319054141,0.510953044955439,0.0033587724160492206,1.0214993061764632,0.0317604465439507,0.11148416619133111,0.020508518330915257,0.9160740753975977,0.7547068395411307,0.0755702228467716,3
0.5568137332308634,0.14832882627910132,0.6031347721855276,-0.2758163956085973,0.3629702709336646,1.1951057108699608,0.48128314114022774,-0.12678813895598692,0.707589262231012,0.6939565468311073,3
0.4386599611295228,0.5550180798332383,0.3819386631829316,0.14558082107052153,0.056525973803054415,0.6387543286812974,0.02492908234254974,0.6287395314100774,0.9375597207249565,0.1478201710755572,3
0.2650586595462026,0.36876638141395574,0.27429433993454816,-0.0009593865371995604,0.7180010041656424,0.8437448378110837,0.6691157082207451,0.07004121587946241,0.6712203966708847,0.3646476120326323,3
0.795316648243581,0.16534340225938868,0.5713572809520431,0.37019272895322297,0.37939221187003763,0.8503132603839108,0.34287075107577314,1.007600700587282,0.46101898598040825,0.2498236933680948,2
0.4768318483457079,0.1936581928561909,0.2893516543871201,0.32102347478911675,0.47010279499948415,0.7056182325825889,0.9182954831337661,0.3309643359007012,0.36343189932734477,0.22718175431706297,3
0.17708294003948322,1.016945464809495,0.5978527930370688,0.2584157136510344,0.9813501900897085,0.42856164568950905,0.5320651447347168,0.4668606221166611,0.6232725353336851,0.814285321418285,1
0.8348538944096534,0.23944612176340263,0.2566840285371466,0.5843056255855901,0.3379641836523235,0.6803934665211816,-0.012529803488388919,0.6775241670948231,0.7949011630304997,0.3996021835087797,3
0.6082567108907144,0.54406977986523,0.2408502036803974,0.6583630478365684,0.22037369980078247,0.9581750645228113,0.22878847746747444,0.34191661450251853,0.19309405020061762,0.3109012343048893,0
0.3812752373428332,1.0587012066842192,0.9609344697509117,0.6666511523397541,0.20152828615566135,0.7808145986619104,0.7464568331402572,0.5592331718540053,1.0582177300728344,-0.42203509431718783,0
0.04135184832553571,0.6130239557707944,0.8846382751801032,0.5704276849647877,0.6589856976717972,0.6322240402621813,0.3587475887664753,0.4267157036450632,0.28436809106491484,0.5193973781379937,1
0.26433284784897326,0.11743352559939496,0.6060777842576401,0.43524356071346226,1.039564409467461,0.0760578203995623,0.8610277178714024,0.47910299575993787,0.4528415551489947,1.0170167083102921,1
0.7798799956549112,0.48556207308518295,0.7381190044758899,0.5207026872167291,0.6251022119582254,0.08016681569536999,0.6674353416582024,0.4400244899839775,0.08268571840368243,0.07142155608381119,2
0.5071513785271288,0.12630639545194491,0.24673099417921848,0.06682932829172077,0.26243950415345896,0.8393778444967098,0.9185550873252002,0.15391263979336986,0.2750396237252336,0.048526361922131195,3
0.3082220124972148,0.430838435738653,0.4687578438676087,0.27428280419859496,0.5913070570102547,0.6861280176727784,0.8055691909255728,0.24085749660168965,0.4238087250198238,0.4761148939967515,2
0.0975792587663985,-0.0645552279630312,1.184088442177164,-0.3094150607074825,0.19678106529771622,1.3859064079649037,0.9937279730596809,0.23864574804367286,-0.1280272866231743,1.1976457578789736,3
0.9763095702315254,0.6542450143175665,0.16190735032564063,0.8873451567462081,0.5769964013936856,0.7156151547379842,0.5334307647303955,0.9712933299321796,-0.013822800706339445,-0.013612412392626415,2
0.0994311643012177,0.008886668780755475,0.5743268082518144,0.477686443501657,0.8439496785824382,0.15074257637627228,1.086075237037575,0.32749425532494514,0.5612630896204676,0.9468832031878027,1
0.46290015123700046,0.39645614802109197,0.033544957989578086,0.5880582831749928,0.4068766279204378,0.04083707072542042,0.029887256770598294,0.8503936656218145,0.08179047795524341,0.5901199570000403,2
0.317699052314569,0.42439559589281983,0.456205460494412,0.2677496798873264,0.5822064284734907,0.7021950198681086,0.8130150733649717,0.236822191038281,0.4146691453990236,0.4898513028842271,2
0.33159449116528394,0.29993002810402775,0.28906521875027674,0.02698567364938204,0.6322891261319687,0.7669909953421177,0.5572000350433868,-0.029447577907043054,0.59205257753767,0.4554218399270409,3
0.33759388246610195,0.5120015895628296,0.3483008587107057,0.5327346535559433,0.46999410051788676,0.9457928907468962,0.031835800198280466,0.4247080215189249,0.3841585688247351,0.09329193578147209,0
0.1736709817073296,0.3804709311476073,0.3829593054919912,0.05990139512644867,0.7520299070890047,0.9228502113565376,0.7425695357701385,0.11315699416141564,0.5959384151300171,0.3061011814839942,3
0.8498492397332054,0.75985293543081,0.4109150568380432,0.6228280034593007,0.18346051171193173,0.18490342286809613,0.30966576954693037,-0.0029261856167518974,0.45434956420963624,0.9031006130606092,1
0.3301171562401282,1.0313624688178862,1.0892585898205378,0.2675766181458078,0.6912017367288067,-0.07321678409953336,0.5500317319031256,-0.28870392233517167,-0.10302949907449688,0.4201921933256318,1
0.8076504430425562,0.8713694216328771,0.6045819532841934,0.28958695102975673,0.8966226606493688,0.9502874719816704,0.13468132590354748,0.4814738435910455,0.6745903064974875,0.41435408070797947,2
1.3010596800877092,0.32511833369171544,0.429595570645777,0.16677369002994835,0.32742773742385367,-0.33544424207643864,0.005553705994432334,0.3223152727944003,0.4419884128768057,1.2863360480757573,1
0.04603754038521745,0.6289073990502237,1.019985770227539,0.7634836198361348,0.8353320106215618,0.49551658948188376,0.5576007747641663,0.5480845988617637,0.5029350509496523,0.4304185745537159,1
1.3241017167802287,0.6461060939974764,0.27582377127711,1.0691286715067534,0.5783694992587485,-0.7539641109674828,-0.06631130604272376,1.7078850942882187,0.13395125888201118,0.8423968708649372,3
0.6702020739698118,0.7435662665766898,0.34804449191284226,0.5718027207957386,-0.0995248614040943,0.17527779584054554,0.23755945867009284,0.462354888301033,0.40436231570678827,0.22084070994574595,3
0.6817457385841108,0.4917276364695297,0.5530803659372449,0.7043885447407169,0.596499154407594,0.8790235831365781,0.5954241344655078,0.3586729095205869,0.11944834362353661,0.5307468233027492,2
-0.185058672793383,1.163797307015838,0.897563543726493,0.23875862704752726,1.2401399564404172,0.022738371660370196,1.2614830051864496,0.05235864068305818,0.6591924377740229,1.6066793489654434,1
0.6365481001771034,-0.21856543501609516,0.4187849509075592,-0.021333226038180997,0.6893818693471854,0.5329477084429171,0.1871581558132288,0.5382315483386527,0.11961366068470428,0.6821408400468545,2
0.7395635691238872,0.2645772817710924,0.4725004504535065,0.17754335317245348,0.06774301282640188,0.39852546817876394,0.2732797190512515,1.1341705486074636,0.21517096573535377,0.8941939095595088,2
1.3256085497107417,1.2624546952703866,1.0280099201719635,-0.4253459348859068,-0.36829917096604714,-0.5908026971097965,0.25974561410477115,1.5053467779721914,0.24607081984341417,1.528100633605704,1
0.19647495018059036,0.27453127108533126,0.454773908847508,0.02757351881644543,0.7793278691043596,0.793780766755472,0.6868260398112138,0.0169879665565182,0.5766769507402301,0.5065696989903259,3
0.5239859592093733,0.7005590095508532,0.8202004277430912,0.9888915520879212,0.36236042392121787,0.49681652997268877,0.9962734726311107,0.19443259187409048,0.17666507587090546,0.5808334460860288,1
-0.07971745298918448,0.2699790269902993,0.5179047128220787,0.5596567781080717,0.9143027251112377,0.5161115877974187,0.3053573265447289,0.4621889501779124,0.7398876249782256,0.04266247059952552,3
0.0002636581894141232,0.9599966987155353,0.662169892223335,0.31300930799614374,1.0023312087753222,0.3267416753365643,0.5714522733415817,0.5187613205448862,0.7288406953101061,0.7453868691034036,1
0.4669555095840353,0.252350963794974,0.2433802738397453,1.1300100407278078,0.17461385151183467,0.5729786959961387,0.2531564355574446,0.08819676855734775,-0.2567401040732784,1.2188734469749911,1
0.1236967496866193,0.43830364760210183,0.0685652867002212,0.14566933050294473,0.513017716635243,0.06941613013860859,0.0801799774461722,0.4143976555434994,0.9675081556306341,0.1973675578864238,2
0.7235555973298348,0.652045240246546,0.8275311989915267,0.06762691370721018,0.16408150467729046,0.11085818582602111,0.3208462870465605,0.895747045578424,0.8829491872516881,0.858745051005642,1
-0.06814520655993317,0.6423102546630735,0.384044491664778,0.8668716227024686,1.028781770915648,0.852285818670201,0.3207263737053745,0.38801857618608604,-0.19321798403675927,0.03655858647153804,0
0.41507354166363614,0.2791589635052052,0.506296959118551,0.13875698445117482,0.35100359373194484,0.6224790296590201,0.2020677230145523,0.7306974119212479,0.3771847066161149,0.4584207006709673,2
0.1636631756537582,0.6170238177639722,1.0769578382033755,0.7375674037933705,0.6734713522492217,0.5674058704723952,0.2865812154122891,0.3858188430446119,0.36992535227135304,0.41327874599108266,1
0.13325443085675737,0.4248644511323995,-0.04867506797606051,0.03793809851204413,0.4873940003102355,0.03526664355061357,0.21787940078265966,0.45053803135736037,0.8686437555455034,0.23863261907504033,2
0.4294964854644678,0.2999209566745622,0.4959259837544559,0.2998815914566616,0.5893985476738473,0.8760193692654709,0.8623229029590876,0.14296125520732805,0.510792438110076,-0.06676790517441424,3
0.8491319012217455,0.7538291760887283,0.6036222190864226,0.5482769222287839,0.2493320819422148,0.19078295364044193,0.15862886591055553,0.12842812190964747,0.40975518770483615,0.7571996193967314,1
0.16318452578774423,0.8136916675080863,0.6828773185557262,0.3228676795197758,0.8787937040834951,0.22123194607787844,0.652453088235963,0.5971796948877666,0.8414113600392327,0.5199148721535742,1
0.3199552406551903,0.006897999578703615,0.5567915870635662,0.7826174443859543,0.7777917090267991,0.46623856234155386,0.6918357907307024,0.11302863376172559,0.4717708245672866,0.24595123803579855,3
0.7993820632194899,0.7676482508603645,0.7044695103040373,0.21985677476355334,0.949570551439178,0.9870847793929987,0.10177228874106961,0.41238472048292596,0.7595545347936584,0.5001325273943995,2
0.7874620890636336,0.6589907911046279,0.17710909875250197,0.10582579011059452,0.029885715096920944,0.5893085157944551,0.3568217795555052,0.6782067366113373,0.3836620725169128,0.37377876707706825,0
0.6987804966190458,0.42743739299572797,0.5991873646757307,0.7380929793221997,0.562587364062613,0.9300233111103122,0.6425790897236995,0.3057224709465766,0.18729314050255425,0.47361286523055207,2
0.3044018557684673,0.3312238583076083,0.8051328438609787,0.33498800476509827,0.5884943220793329,0.04485629111788507,0.8123803171767222,0.6316536845343722,0.6362133915150693,0.1248304483447654,3
0.9154631742321383,0.5310339325468115,0.005533209369664236,0.9374426088184615,0.033169849617109094,0.11914774864780003,-0.03300586919441456,0.8536666180147718,0.7856123388951232,0.012286659028272764,3
0.33021316392300826,0.4140235438599364,0.10469505597922513,0.6414614676869373,0.24623841866316554,0.14579366442170083,0.14908133206252688,0.8956431305190378,0.11834386823372225,0.6782041454060422,2
0.8011512987025777,0.3731827502608897,0.848133242361754,0.7699256551235948,0.4410476724999734,0.8501483073374676,0.533777544332827,0.3133228484272322,0.08005979206949056,0.4446674181885563,2
0.9981339444254255,0.3552878688398481,-0.05899751265673246,0.9287116237170219,0.17584379501049094,0.15273193494797954,-0.14960598958513255,0.7749867504215139,0.7869235247719986,0.005259774328404965,3
0.37711670877158443,0.8808804023810356,0.17357185924345864,0.3862627451000564,-0.021409690793961073,0.8196205720727734,0.44507539591658024,0.3974758159647073,0.18984700403323784,0.8927992010973368,1
0.7116856148084735,0.44271090746608505,0.6236784399695883,0.757540614474275,0.5402820569829575,0.9436490959118468,0.6409034674847489,0.33342798097132637,0.18491548013853065,0.4625171688372093,2
0.3514315184006145,0.9896882686465313,1.171350526439737,0.23248092886318683,1.1620508973784596,0.477954582629296,0.12013385787344555,0.4415846277248982,0.6979013889703758,1.489684740278022,3
0.9634902584887473,0.5138815743352381,0.10694425398032853,1.0450557191806855,-0.015364755604878273,0.1345756457544454,0.08133060463110331,0.7873286153782799,0.6907589766380131,0.03997079708549029,3
0.9000892036625654,-0.034005498873806814,-0.09401767736395883,0.5911571668730642,0.8436640957045412,0.1956885132251192,0.654166004541781,0.5866295905589816,0.8163378761564076,0.6818583170519253,1
0.3399670825285991,0.08674224265026251,0.44619091686025913,-0.012763497924941719,0.34643246543258327,0.850703721482367,0.8558617470897603,0.17688930125398827,0.6062794519223792,0.005662095389708341,3
0.3397478120007609,0.8474163310849046,0.5939283340422524,0.8994646185156339,0.5051363378831466,0.23363035834215326,0.8408130166438131,0.10475592508535642,0.4797931617058443,0.6502977417082786,1
0.01642971397658486,1.3692410698650082,1.3390304004452096,0.8428091745108531,0.4521826510022562,-0.10263417272227932,0.9483540737391993,0.9130896515374779,0.8708275226930973,0.027542773549189773,0
0.0641054186374665,0.7667852851152932,0.8430045273781165,0.2129583702717268,0.9920690412290374,0.5393106172778496,0.6790423929124353,0.45995201732945357,0.7228096519653315,0.5083284771144234,2
0.03428763519133582,0.9493839518857214,0.6493400049652408,0.2652484429870778,0.9674048745973816,0.3985945529889368,0.5638861050959898,0.618663963993582,0.6797312998328494,0.6794732482853549,1
0.020019798244850846,1.0548034518724074,0.5582345153773225,0.30823775589676883,0.9738528603127307,0.46120918580917036,0.6778571530975591,0.6235345391030624,0.7074584344562487,0.7107276846300319,1
0.0743048408161025,0.15620531996150874,0.3432722600944847,0.6960917003944356,0.13169726429433598,0.4718071226127203,0.49569841527702885,0.8891347682067114,0.34522163616150847,0.5221740475206507,0
0.3937040856629288,0.8654284573160704,0.4615122197424818,0.768788313051151,-0.07496534492760028,0.34385150173916434,0.6628977854376766,0.3365967045243876,0.1814496742952448,0.18893054297323295,1
1.0176875551581068,0.7014838562039466,0.5549832729521396,0.42814368858474194,0.1676004663750753,0.21301235199668614,0.3384338361546165,0.19151922743438268,0.478004125352787,0.9551238549648243,1
0.36786559127326457,0.8520005835435326,0.7710646198537692,0.5658506385764962,0.8939341153339129,0.5430560444287601,0.49595015795643105,0.5189689063988235,0.11686135071731119,0.42323722862903357,3
0.518522250552078,0.2198535348712051,0.9980997843715735,0.36646581526765903,0.7346506661355541,0.19559665289157133,1.0132563792108573,0.6065246696258318,0.7930347996643687,0.20245761150426228,3
0.6703333181544466,0.28320866595735794,0.6337504453124299,0.3016199408446755,0.3007639889562934,0.3287827598298117,0.41560979107708995,0.901400621032368,0.4569467485684549,0.7507671278294918,2
0.5186330103569737,1.1576907991642669,1.102166447096773,0.3871642174584583,0.42182881946666345,0.3231279067550819,1.0060071601563523,0.06348177458163337,0.8024628536406702,1.133131736762978,1
0.5695815170865771,1.0558610197608689,0.49784890152980243,1.3103864377209888,1.0510980603662579,0.31154986194172646,1.5470177856442904,0.4552028143067514,0.7963267687399318,0.278966748831327,2
0.25981177973848,0.9426057949929891,0.6567987652761746,0.4688938000860686,0.7790127283078142,0.644009039298626,0.616598405991423,0.5151413540883594,0.14799496537992365,0.3380279444816609,3
0.9901263065325911,0.6294206676457493,0.1928572832576189,0.9357470584365757,0.6062597071367148,0.6809982414893566,0.49640509186108783,0.9657544974230666,0.00732861853637643,0.03843013678853957,2
0.5407327521502254,0.49222954219918935,0.3745470242073759,0.5153286033771797,0.5143049772705462,1.3136737979811466,0.8393126847236283,-0.31000818308900624,-0.00998204380077089,0.6166317098092822,3
0.4333531275824829,0.20566090347692745,0.34218959898822277,0.11119975356201539,0.2602880427189032,0.9529636762005081,0.9187338770883193,0.28440359149154537,0.5057895634586603,-0.056101045682470846,3
0.34004631011148534,0.36907983049460463,0.5009260145945597,0.15665660239316387,0.5714317240182358,1.056731735110223,0.8278519279829776,0.11828679941364723,0.35447450431548977,0.7273349647622892,3
0.8547439413739457,0.5056097667145576,0.5035879792644957,0.6159238051288569,0.06389131524330521,0.30382754389565203,0.2559276199474506,0.5591706504869548,0.3758630766564694,0.33901950143736037,3
-0.03982253687505195,0.9451957311445892,0.5524089268185522,0.30294198458883004,0.8822508071534614,0.3059075848607452,0.5744610377361234,0.45517467345902807,0.5747848424968676,0.776912145952021,1
0.5489472561512386,0.7516667400584123,0.7069228090564778,0.9095097409926348,0.8425559048924639,0.403450051183447,0.15870729581197096,0.9608108840795778,1.0039613582657456,0.7893010232484912,3
0.5484779735576264,0.9796794688925561,0.25368364869357063,0.6113854958717477,0.9624731127318839,0.44743017330505064,0.9357481911684209,0.15956933456593747,0.8895412972858101,0.8231112111333663,1
0.9082118123212003,0.7336980156303324,0.5296814020453965,0.46774743154404425,0.26718194254514593,0.2549463824413653,0.2212165071588212,0.11631290026748621,0.3847362656253136,0.8538856819731085,1
0.44870540871404624,0.19875925538721936,0.2530676907288356,0.12963866809341426,0.3869484620583696,0.8884337993911261,0.9408804530507772,0.25077553144396836,0.4681724159916314,0.01745404268235709,3
0.9589982863411499,0.8423092311329909,1.164743035660361,0.9692306305167904,1.0132037849619546,0.06485971305171667,0.2317463064736387,0.9591769790125134,0.6767144968790101,0.6816492575285793,3
0.24412551113419823,0.9588641416039134,0.6282771985343187,0.7020787977867213,0.3321533972325801,0.27918374543471547,0.9212057992233632,0.16423973771520775,0.43471895578030983,0.6694842035808775,1
1.4552865401933546,0.09605928126455306,-0.13645110345278397,0.7984339329554402,1.3791725660318175,0.09937619102432742,0.2917831970844629,0.6865379040179082,0.6282890259468574,1.1162624504714833,1
0.9747273324427683,0.4125121949830313,0.008310003397029276,0.8706442087660018,-0.0983646119271008,0.08991988802840291,0.2832157531678376,0.6685507645054971,0.8046363799178011,0.23230057151065048,3
0.7116698523208871,0.6513639064115241,0.8684792718605613,0.04068260420578506,0.1380332352814821,0.05480098637852737,0.31936776640897696,0.9195449338609181,0.8737574783770982,0.8365930293239593,1
0.2975542622784827,0.035956276128572384,0.18437262284304187,-0.11157657686334221,0.6500131190657222,0.5145741863764035,0.9557507712447308,-0.2501739343622453,0.6985346088224171,0.6678178604563403,3
0.8951897392428471,0.520241057940514,0.526775555741843,0.6766445040714992,0.4720050950523239,-0.14099553791450248,0.50288343106291,0.4615888031289682,0.3061854455819564,0.07386633606328338,2
0.6689625714172562,0.44032726864305727,-0.0010614142235718937,-0.04629426890891031,0.1456977887028898,0.5943913683346278,0.3122272060374022,0.6933697366227385,0.5780876992188227,0.20779517096943537,0
0.779848254279966,0.5432346116752285,0.7230545592496692,0.4386967956206405,0.6761974366530319,0.16153476343056256,0.7497778349351074,0.5116043663172258,0.11746007909079118,-0.01428056720992242,2
0.11768456289811656,0.7135198327585529,1.0065012622165987,0.5947087726451226,0.7406943461737102,0.5914191587380454,0.3506889429837958,0.4652742855803064,0.2591127230351441,0.5267797251502233,1
0.6732817082619964,0.7551145472594398,0.7205761375518737,1.007730074952582,0.6932292536353131,0.40085647754902554,0.19885171041267766,0.7929273799315764,1.0067882120973122,0.8718741327447017,3
0.19065765268538118,0.3417675715033794,0.024900322951186278,0.11613951656372495,0.5001670069948555,0.14567616330394834,0.07170934569832449,0.2644261572768792,0.8496535123583044,0.17763894388960674,2
0.8860950510370075,0.7292972012763068,0.5239581981029845,0.45364886291842366,0.287977648992995,0.27914239692116943,0.20754157969513248,0.12343459266379904,0.4022829253222144,0.8650082689239733,1
0.858235326771404,0.7345723524251103,0.49913822900609134,0.42194319908156985,0.3197012462500975,0.20127611557596858,0.30513031761412507,0.1355510834702036,0.33955413271453583,0.9439116932992143,1
0.3363121124233377,0.7539235599941277,0.5940141830681812,0.6534093157518254,0.11269994414050225,0.2565460474392127,0.7607561024818955,0.13959792907362872,0.22151393652755877,0.23407605346617258,1
0.14462395451684018,0.32214834818955806,0.5981842189480873,0.15998324668536035,0.5853898418399409,0.89166941911066,0.924743910269787,0.03209743945774192,0.45204767081109953,0.5590457483141726,3
0.3104725008810285,0.5013496253244177,0.3075924882694211,0.5007870673153498,0.4787751855190421,0.9375892583170026,0.02314357167256702,0.37843913702136167,0.4155355577008696,0.07572774875243254,0
0.47108383361939055,0.7736393284110517,1.05568862431211,0.7416062733411407,0.4970480603010715,0.4710310871867657,0.6481107227874539,0.3849696521971129,0.5867046015349706,0.5477913413893258,1
0.7079121872446306,0.6197171315346892,0.5377285417349995,0.4923358342809161,0.7811089505032813,0.3211124898678662,0.8286493931497717,0.2090621853020729,0.47989311970424137,0.4685660243151029,1
0.9002085789940354,0.7528867680120674,0.5168414088116726,0.44353336013513067,0.29287071011563975,0.2560147640169742,0.2152313617638161,0.12072944617594508,0.3560328242232275,0.8680958251934544,1
0.5753521936688976,0.2925032990663807,0.24764604158125197,-0.011473462324795763,0.39495261500055584,0.7209730192822164,0.8628207528396484,0.3054640698011832,0.6198563377074015,-0.12685480244822867,3
0.34641777933334866,0.2470971472819992,0.11128334661100775,0.15697770340896477,0.4413343787805005,0.8965397331926901,1.098829631236208,0.4308323997141964,0.5577887227906303,0.20752901025731077,3
0.39793855881372975,0.4171998999759313,1.1179543791641189,0.6318503489190395,0.542716137366017,0.344157735153156,0.3256398464484827,0.15721946539321202,0.6611194820136657,0.19140447353581808,1
0.49682534400211315,1.038407984514753,0.989374185991022,0.4380010550303416,0.8136003615155484,0.332022275152043,0.5498610096999965,0.9479059811254734,1.16326083842984,0.9944440035177432,3
0.7850899810480327,0.5691989358321311,0.5841247496855174,0.6853009078149942,-0.37459029835136176,-0.0034398381770762154,0.23821835711307748,1.0257965122357202,0.5841328784819458,1.0615187226732357,3
0.32220539194628495,0.9275937437135386,0.8584159328993968,0.6056165027972775,0.7914933187467423,0.21140688208790398,0.8614942031196344,0.8972387633949788,0.5400618366185774,0.04931174376607781,2
0.3699644507572845,0.8238751900653561,0.46930630995794637,0.7678673329372274,0.0500877391363116,0.22924945442753458,0.6163770392332455,0.26104654923510645,0.19172611896516434,0.2289531508519613,1
0.06356004354025785,0.3054048756930744,0.4271647177528635,0.7915536680111914,0.39487074169466924,0.7851036420417328,0.1383517095518978,1.428539592130727,0.29602750678256207,1.1531635576652226,2
0.37506906098189396,0.5508548727275488,0.4379220237795034,0.1616686719975213,-0.014933480197415909,0.7102501802492592,-0.005429485439071173,0.6430980834416254,0.8907455902244775,0.10735507743294062,3
0.42164456031914715,0.3575083307293031,0.8822509552354512,0.041788289541622115,0.3965443965822565,0.47167383395724655,0.6825697520567714,0.4016548746132992,0.20412195335299294,0.925733791011353,2
0.5996468396216261,0.7239495403819329,0.17666028119828256,0.8272150992133764,0.3286136932716987,0.8236910905052616,0.21414143718321874,0.44731594639846955,0.12092143733031219,0.2910337866853677,0
0.9967663164882286,0.6300005373696141,0.18698859047824942,0.937208226703724,0.6113847208882054,0.6771405762362463,0.4939828823432764,0.9691983477327645,0.01069951219113293,0.04159692883253594,2
0.0973498454332667,0.051175716482681335,0.33288829984791657,0.6785268364236843,0.12138923299885329,0.42495066149229316,0.5840164018593559,0.8806321871534387,0.44973531939611494,0.41631398996576946,0
0.1738645989486688,0.4196605992162462,0.26651900794274813,0.05992285544287747,0.7358102734285104,0.8829454341723874,0.6764596575963198,0.10052493664606829,0.59481060168905,0.3804721528449715,3
0.7389567430040114,0.728464835119582,0.038562620778743936,0.7957284054966554,0.534549137045673,1.2004445144725064,0.13910455748831466,-0.020572133845018603,0.40272279120782867,0.37926578775291636,0
1.0324593340051142,0.23320082339265702,-0.09346724472397061,1.42407348238986,0.6541345643018002,0.7989173455183749,0.23844665211079774,0.6685897949000472,-0.271126719998776,-0.41609822682840963,2
0.22488965939416475,0.412633993486666,0.5749047124244314,0.2436627190043994,0.7031599795651737,0.9322752031926173,0.8841828653796089,0.10063451657719619,0.4261169496341795,0.6666133321195035,3
-0.011373959173054615,0.5914421238136837,0.6016027987605728,0.6165027750315121,0.8008148346285918,0.6635211174421249,0.8144053220645949,0.5051054519910021,0.8102820950774119,1.3961235713473839,3
0.50628011312918,0.29266959856853314,0.5078904594662985,0.8178090287763194,0.3107845558275155,0.5494752459724346,0.43632320565844207,0.5252829615967844,-0.1366576092826175,0.6797700767778447,0
0.5995334595164301,0.8565840442886073,0.6931369689571629,0.5504527345646102,-0.006938463348058643,-0.05004887173036404,-0.17809193287408065,1.3165376167159044,0.6556203656331026,1.1601443447850859,1
0.5065592980508876,1.1081133952204572,0.6029474811187192,0.07594907016599262,0.7319296393903878,1.1575987742267948,0.11495931933598041,0.5044482724890903,0.5837199309428259,0.2974287654563077,2
0.43270112349379974,0.5567219305815749,0.411288478320546,0.13704304771101264,0.05266605839212186,0.6516290743025935,0.028431427582940302,0.616665368148898,0.9229034726356596,0.1564001327165921,3
0.961490554989606,0.48502750439220743,1.463193843050455,-0.2503255740229354,-0.12079489338201305,-0.4411348877891723,-0.34528596917438603,0.22103540599710747,0.5339756834190299,0.9458502989466613,1
0.4732828527413569,0.9610642833676173,1.023167620774054,0.5634713669567166,0.9128297007309325,0.24622959861801977,0.899507555302022,0.8725313722463467,0.5327273354950347,0.22472760743075484,2
0.484493441092935,0.972422979476915,0.6742839542051009,0.8713605620384435,-0.01894139261811205,0.45746663028817747,0.6827543605704144,0.10992447351929246,0.13852169330179365,0.237967186112196,1
0.42888885071577587,0.5672075978325837,0.39190971990075213,0.1440966948933082,0.04604699738577717,0.6462447365336822,0.028538384028332295,0.6349215971639283,0.9263433978391492,0.15392084332580575,3
-0.08513197815072499,0.7854933145374823,0.7463972507537461,0.3563880721846191,0.8442185705164224,0.32935074117282725,0.4464780426463893,0.38336017416314483,0.8679704347080368,0.8021857374356334,1
0.055949410067236124,0.8707748485463198,0.6741694223289495,0.35638601041176576,0.8443581366348483,0.40310277868605465,0.4963578799984647,0.5761050296543121,0.7271584580465106,0.8064062223588098,1
0.06597166394912099,0.6668938558363814,0.9642539513110349,0.6761751207422194,0.7589445068141828,0.5773231006422771,0.36313206937121445,0.4979776461185243,0.3586357574636435,0.4499418780491772,1
0.5703657615184015,0.9024366538377389,0.2683075450090894,0.5557953563609406,1.0450732389395982,0.4731633075122692,1.01333072509551,0.15605874248030885,0.870792447428746,0.7759380785048641,1
0.08141214271456139,0.790526808565723,1.0039605241054415,0.7891387668298439,0.16549579726408117,0.08747394603583086,0.952577160748539,0.2998311257121311,0.4484297201533976,0.30473775890800375,0
0.9736652962456223,0.6760342016631598,0.005024756461036601,1.1534833941093945,-0.1630184818222811,0.015896023789825353,0.08789259090314702,1.1517438385294185,0.8627528663389676,-0.06191339221758331,3
0.25097111892558505,0.05815999559542557,0.4032251938847419,0.8788510159094994,0.9367275471752499,0.48819115964138676,0.36311727044977704,-0.12869279518821095,0.4936826516083369,0.2058319952192029,3
0.8832746592640954,1.023767289393955,0.4580046797434032,0.7834910715684316,0.17868278888863431,0.8951453114090582,-0.2789925152438507,0.5167897687994207,-0.04255413602955728,0.6793835240514978,0
0.4350979940687125,0.08469047365246343,0.5434361176215661,0.1942531631482189,0.5914582592308152,0.560168915595304,0.335769730081648,0.618758857571832,0.5173316081476653,0.7379369477848842,2
0.39064058157643694,0.14179283915918384,0.2703711664127453,0.12692593303742733,0.4361926908384655,0.8191250504201512,0.9463053015432835,0.2684104545629591,0.375916533649126,-0.0003034726297802548,3
0.41955159941706527,0.7994489027345111,0.5132003742766091,0.8248246040154551,0.10227030635618527,0.22331703018559562,0.5602908482206804,0.2694345723934883,0.1501806451095825,0.19869220559144468,1
0.8328371514925245,0.5318186608857274,0.32581647397995117,1.129362291431412,0.7614276810404147,0.7418897542332451,0.4404799622958655,0.8375925095043482,-0.1051985330745698,0.06788039822823261,2
0.8632434157714644,0.7801986540600283,0.498650856330458,0.45248480268214597,0.22087543112118624,0.28760664548273174,0.13746328803444974,0.22882820008814972,0.37102793720055416,0.8667390995295182,1
0.5932678659072523,0.5765024556454816,0.7019646669201033,0.7266462863539993,0.4925394847700388,0.7700751193993275,0.7288449775237661,0.43398171889772846,0.27483285340542163,0.528964201202423,2
0.5954138502635621,0.7757872522626443,0.8736769756941879,0.9050996319962178,0.7738514026139992,0.540355381163233,0.2103966774438945,0.8929860836822774,1.046414978196097,0.905573817851085,3
0.7998656504266628,0.7798833572354325,1.0318920946000534,0.09024296607956908,0.11423871519992192,-0.012240147743903251,0.2622406278278604,0.8461748647001065,0.994285782889677,0.846857676512478,1
0.6881288931149591,0.13974921743203875,0.41197438910256456,0.48252384306472146,0.04430171024989123,0.2856232842655788,0.1387925917262538,0.5795452628447325,0.5236847761350475,0.7900968074593465,3
0.7410652084933608,0.7208143181767527,0.8751427188543366,0.0894987732556626,0.22509350854859306,0.16234436821693207,0.3236991173631059,1.0074525319236174,0.8486214435543091,0.8786348854852983,1
0.06785293047064167,0.9764346562602814,0.6459041638378621,0.2961178828398581,0.9875843870989213,0.3356411440618034,0.6375851561738107,0.56511920956522,0.632960128364042,0.7448042065147593,1
0.941696165250745,0.5744850019603496,0.1203461991896505,0.808625666999601,0.6900275512187792,0.7837145096030004,0.5253340955526752,0.938202738361767,0.09000210766936258,-0.0241126096493315,2
0.05282711272435195,-0.10957932544829352,0.5586283914551772,1.5466719790394956,0.5387864556559279,0.8927241729236173,-0.05901042616090202,-0.07336952926264632,0.3510382204609399,0.591154351986261,3
0.05283488916544905,0.6482343742212621,0.33786599383412896,-0.06449242692404814,0.3414253979029199,0.28013177055803573,0.22206130975210414,0.2595060502242661,0.8385784236760978,-0.05354067948966568,2
0.20498275046941292,0.5546458281200579,1.2907859547814937,0.42100400673492544,1.2669325471986626,0.8622519474250816,0.7839552303900168,0.7852576454907451,0.09185440386323446,0.28477031649792234,1
0.698086601179408,0.7898679645054963,0.19724602734284535,0.6996536328814907,0.17827663439266303,0.7938332014519857,0.14126883951576077,0.2438109632517718,0.11567383209891777,0.37530087756113034,0
0.09665955079551462,0.6630225019349335,0.9382716897272768,0.6153102648559048,0.7175154703969496,0.6379464597708794,0.418882351867581,0.44923644910281574,0.33953050828356957,0.49881193186655837,1
1.0767093354936714,0.5170166728997565,0.9238239032452221,0.7082850948435705,0.45444428269429066,-0.11753370049257073,-0.04237060823950711,1.167321760070989,0.4072655880281062,0.7212644915584197,3
0.39061973143977413,0.08903787146648658,0.6926088452589565,0.2048309124217064,0.12550802728170943,0.6510874081276398,0.21047269748388953,0.18551595899171602,0.7911937066214417,0.28954526814610976,3
0.03447761815157256,1.098907874163808,0.7915460267505232,0.12092249951843309,0.9310720159528053,0.24008431924437781,0.49778332359672595,0.4489826171135164,0.571556221118962,0.6216898431967741,1
0.6723453783432219,0.41007326440520353,0.6002162944811674,0.6870423994495581,0.5509805575487018,0.9009157662210778,0.6832764082284604,0.37552133695861295,0.18253586245641482,0.49074008757387055,2
-0.27362683024958023,0.2942772471878771,0.7734333059969273,0.5605041025822469,-0.5635762631314865,1.4921838606039732,0.43595644286733476,0.0726016007580389,-0.44008508784515943,0.6232997584725055,0
0.2371436002449036,0.2729350487379689,-0.13311892726268018,-0.029768143713043912,0.6477345790972732,0.23577901779204935,0.21715964401076066,0.31109641300481916,0.9413171887076294,0.08708006215641562,2
0.32520506528700693,0.342795813872975,1.1281533444160514,0.440299270303092,0.8590690579192934,-0.25770898913895923,0.12823421535136664,1.4054811367210676,-0.4312170070362368,1.2330176266609414,2
0.36446757661543716,0.8700484063403704,0.4839816612934764,0.8140208795307897,0.02130518662404229,0.2914647697277588,0.6211342847341393,0.2898691810786071,0.15618954491090437,0.20849347214637298,1
0.34899499057574973,1.4872777368832717,1.2919408630561882,0.537684662049565,-0.22374575957906523,0.25426639296436687,1.0068740358636932,0.8111111126734041,0.4325571915846471,-0.2409894194463021,0
0.25415932963061677,0.41317277892727056,0.5955090245580793,0.2329440910490923,0.722515422401541,0.9300901999738953,0.8788243832754921,0.07028868317942129,0.43698343166847203,0.6471914579958187,3
0.3396064774903948,0.32734262035291495,0.5312226058941469,0.26634957047657515,0.6810892399109595,1.0031363167090666,0.9598229142848848,0.00633326109810764,0.5196006164034607,0.7671231630042832,3
0.29021812000131997,0.6644737245724794,0.850058092258773,0.5603774817767465,0.6778055865417882,0.7638561493379297,0.381391725774495,0.5824473161328172,0.38794970036121046,0.43262132124635666,1
0.3308189947997652,0.4379774362931878,0.49549206811407376,0.23355468874912594,0.6288804389692016,0.7247728842038531,0.7757045718523389,0.21156205138254236,0.41959242764617527,0.4811829985425585,2
0.5478364297904713,0.5743226209066437,-0.07111505199974882,0.4927084947845848,0.15565721375278346,0.13332329900621387,0.2215993124091196,0.7948493220736425,0.03335055391127406,0.7687322598442266,2
0.20191453770668033,1.141116118242669,0.7774682511939313,0.7887691024787146,-0.022434305461031062,0.24577179754579687,1.137620496956961,0.690927764076037,0.8341905480435169,-0.10305212185646997,0
0.7406946730679994,0.7733327989504701,0.9073404641458483,0.31434223824285334,0.18492062005829846,0.6507728611903185,0.604309392807425,0.6816322194448665,0.3298730104594998,0.8600560913942003,3
1.0131401870786734,0.7468950506932703,0.6877283847618028,0.2736269708849478,0.35218171936551923,0.4699786886245737,0.43676005055605366,0.9112177623853057,0.6193268011701264,0.7921216349242091,3
1.2037335456851417,0.9736056467789166,1.766287987012015,0.3897374299396085,-0.436178368346113,1.0743556285557543,-0.07276152881483905,0.8761830728997577,1.470699322551093,1.516694310208583,1
0.02873247280051569,0.7598990293163063,0.7460968691335528,0.7590882696810554,0.7329350400129951,0.6049993128286926,0.29288997036868275,0.278264757637404,0.43895902694820665,0.37566218011927865,1
-0.0039466204180486075,0.3862403546895072,-0.19054027244814697,0.6571810526837492,0.43876596684172053,-0.03583475194465602,-0.25079916449418266,1.1053818913281215,-0.002300742547593368,0.7022026999147573,2
0.4866965502022633,0.23860406690376687,0.3549842001970178,0.2023337630894212,0.31704806537012076,0.7930767030035675,0.8640102762347064,0.23553667515367863,0.47588783130923495,-0.03798032069353488,3
0.31035904949035553,0.7942208272275314,1.074210232041411,1.3568540457255303,0.4390216693279991,0.6626617722454837,0.20810552268398572,1.162793315775874,0.5369937066570882,0.581652297835226,3
0.1345969812179002,0.37149238399709017,0.011101220784603585,0.06341778022733911,0.46171824725255217,0.08098877951340706,0.15671801305553168,0.37457621140307096,0.9192179771580323,0.2616401180211541,2
0.21282953464728988,1.0380936151013305,0.5570102356719664,0.5666464450028311,0.8242701337535137,0.6611474622404249,0.6876008322934882,0.4432219135880752,0.11054699348793207,0.23641900876178915,3
0.341023646026954,0.9680255723143214,0.7242355585091946,0.725574398736523,0.4007268394597862,0.31012542267163024,0.8499843335616715,0.12492549108585684,0.4096087414781518,0.7103581263773185,1
0.07810389866574698,0.5612890861848706,0.531411143757956,1.0650805582794087,0.8593117059077899,0.02935066337942934,0.8050780549365609,0.7660816233781544,0.6891109136952446,0.9194407885498804,1
0.14519928512093488,0.10173201865673741,0.40395957901358115,0.7062904118189494,0.07037878408323066,0.38292954681894364,0.530112780672137,0.8622523584434488,0.432357922350369,0.4630949297810513,0
0.21439606231998906,0.7933283252658848,0.6970488950896151,1.2785861616386525,0.24845108161862323,0.07713368065861437,0.9726495032607563,-0.1771143186404331,0.5582122705858076,1.3070824534431424,1
0.04501320947971077,0.17441540880874112,0.20869088531675467,0.1961907589585299,0.3936839442071146,0.9569596746322777,0.3234995902060047,0.3577369257162554,0.6976600459032628,0.536420313551775,1
0.31666277564471845,0.4227037470239302,0.4561174790484012,0.2640322246850202,0.5802666542559044,0.7048919813096137,0.815205647903725,0.2406540144114307,0.4109770079690148,0.49687032091951755,2
0.9443929600829004,0.060373798324913894,-0.04839476188290928,0.743877394036161,1.004910632790914,0.09201390720213043,0.599559273526535,0.7310792807545121,0.6776468091324185,0.72468080598356,1
0.40493750622656255,0.5442032393666076,0.15422932274977127,0.4624519735653886,0.603911049044108,0.6187505357503909,0.9263728812517257,0.8394200045345646,0.5421416495075289,0.10424806620110492,3
0.2641265378974742,0.7339521739755326,0.5723879892234676,0.8283751200992144,-0.04193302396983993,0.38713488615824687,0.6777898615094927,0.29983241842843145,0.20702904982157927,0.19817216325607953,1
0.8132670364894965,0.5331282999555732,0.675816974899336,0.8624333221993331,0.47745984963683125,0.8594958117698291,0.7076886690269529,0.386871317151562,0.2394903876392525,0.38463187887944256,2
0.7787595077592988,0.5870031221079931,0.5200378928127671,0.6202546581190975,0.1265506235978238,0.2703526986260175,0.00980557042823698,0.3062783740804578,-0.3477319975157433,0.49755721109370976,2
0.7322666079131964,0.12039130981559493,0.5121990984522707,0.4242316445404985,0.07908816756406246,0.21478363157156888,0.15677526181556078,0.4439650802236714,0.6112866551680497,0.8667077825664544,3
0.6991137131167685,0.3892289319608803,0.6528868714207099,0.7266641925115921,0.5203887569907413,0.9224402869713877,0.595765372509039,0.2553925024799825,0.15031830618929554,0.4708865510866613,2
0.41990370348879713,0.17961831757365299,0.24043357036517604,0.1720114137631582,0.3636845003739744,0.8640710807447554,0.9016562826025171,0.23971516174423577,0.42610893320646553,0.02467456045170819,3
0.22663744257175794,0.46841348178538195,0.5971275207549596,0.3024463354539502,0.7365376543214799,0.990977954097412,0.8504993727418649,0.1316364037349406,0.4203182277307763,0.6221006254868556,3
0.16505887213812442,0.11949835627176192,0.09472401443553397,0.2320245566752597,0.3367616669127383,0.9534608345146147,0.26316045371798724,0.38883996660219855,0.7271619339884312,0.5485427028381987,1
-0.012392158842350676,0.2434203413324889,0.9650414169262731,0.12361364926574675,0.15779963552070675,-0.13967127089890052,0.9381208370423194,0.09326353877995591,1.0468629146491726,-0.1060807293410263,3
0.47079986555086895,0.8338746192600726,0.3989286484581313,0.7246255816344879,0.0618010122042139,0.3332395119745055,0.6755678348366735,0.18873561493967683,0.2502854106506401,0.2936958454259716,1
0.368881947974344,0.1155493782506827,0.085125775235802,0.12198526100110921,0.5655619394175779,0.7473277471655315,0.6831128588552929,-0.06037126601132946,0.7632970909058883,0.328700588064898,3
0.7744877563825275,1.2074435311265512,-0.4767075451867936,0.5365885841089318,0.7898980550446589,0.3412180706359579,0.14111525125740776,0.6268321252902628,0.21904724679589202,1.556803818655119,0
0.6058462732186052,0.16660732370789655,0.4345089418049892,-0.0010865391937928681,0.29392535647346263,0.9990511413436494,1.1491997396125793,0.4586034518551346,0.41463431743289053,-0.07592175044396474,3
-0.009534968189710696,0.8137111235225358,0.7022845680783436,0.669471372694457,1.3316502033618993,-0.01801599020273971,0.5408766309570563,1.1161691060096413,0.6475202172123052,0.5305845733814996,1
0.3456108829534123,0.09542157558618103,0.5010519120866743,0.020304291501544558,0.26442678713019835,0.7319326729807317,0.1867534993122082,0.2169194063541715,0.9629794009424908,0.3637017779258037,3
0.6011462038256212,0.7996564907756071,0.7024791799084023,0.9169783774632839,0.815451573736972,0.3510520647076066,0.1629281540004217,0.9356981900771522,0.938576034955098,0.8888004575405735,3
0.5005663183908261,0.2699224152505919,0.33321540230766533,0.10517812864525589,0.39243625229925205,0.9076717246976342,0.907256717052929,0.30304465574489337,0.4957299641819318,0.004735359815618921,3
0.15188745177947607,0.13268931818969176,0.1421125136950705,0.22579119512774723,0.3270599373238269,0.9521303026233713,0.2489342391868829,0.27840420660785886,0.6322750846596087,0.5520336794816424,1
1.0735806640269325,0.40183509457018496,0.5413210527263158,-0.15230015524539825,0.29097359824495994,0.7473204352633616,0.6380713550299122,0.8501079455079094,0.539887415251645,1.1376169897138613,3
-0.13035424949915753,-0.050196940759087844,0.187081278743924,0.4343621106054931,0.5729438309922114,0.8536061137819554,0.15351432454520142,0.4314421283063693,0.8308706578623282,0.35635143838993527,1
0.7401383801226941,0.6165055732483978,0.837794578978468,0.0652199462780791,0.11020636180864567,0.10363195853411333,0.3703584585953958,0.9009419302807888,0.9031240621094833,0.8266194942996168,1
0.8497958500910712,0.597061276923098,1.0248519211076914,0.1390600691379419,0.24489634124460272,0.19329627877789568,0.520699344300405,1.0212830043646797,1.0269613841526335,0.96192135029799,1
0.7035419537749682,0.6628284037044833,0.724859842620749,0.5680213500908377,0.538013529747533,0.3828313458540442,0.3824015307364752,-0.059217632099685086,0.2823814284197126,0.7953551345123929,1
1.0610060509192203,0.8123069979164308,0.5550460155816513,0.26580030674800786,0.5363077037239881,0.5528370397804955,0.6043368919494335,0.909992567408331,0.8840244263933076,0.8944808867630448,3
0.7713582812522112,0.8152627739188417,0.5379371505214557,0.45817646768726417,0.27827389846653644,-0.002412366138641542,0.47068774710515315,0.10871292276782564,0.46458955851964345,0.6116107168511993,1
0.860274010906719,-0.0282833039876922,-0.06510028685576082,0.8404759012142441,0.9181654572109018,0.032265172144972404,0.8072108419497934,0.9015974999711898,0.8160560370254878,0.5393783019691971,1
0.42631445480853286,0.46786180947630374,1.048340882967073,0.002786326641412179,0.3451140663671684,0.024798419011460023,0.915018773283322,0.029763268441821256,0.8738977411285485,0.28731544016541427,3
0.12864980671496543,0.4939707526701322,1.000182391344097,0.5615236462245292,0.6058223806506938,0.7889095618808757,0.5872295267864276,0.36166401025142464,0.45681532203905933,0.5477061823782278,1
-0.1899736685456534,0.43404097462117364,0.6338279629199561,0.6215638263010753,0.5136705670682794,0.93314084997781,0.5693912068363641,0.5261164594762219,0.3577378563973412,0.6230667077026569,1
0.948061877045165,0.017726172754189008,-0.01651311315755835,0.6444213369813133,0.9447293133917414,0.1905143189019008,0.5648163497207714,0.6816212392269554,0.6406844567752837,0.7743809259861947,1
0.08472200581534986,1.0145213874026928,0.7805555896231037,0.3379611066352653,1.0383332794898588,0.35648445776735904,0.5872447296537132,0.5167895627338643,0.6956781498547439,0.7139067041426596,1
0.1331571458919489,0.3919028627892368,0.07890933199722969,0.3414159575657858,0.35802240698062604,0.8516375672846153,0.2722477944166181,0.5224090233147596,0.600554358393622,0.390982616739608,1
0.42100907975810087,0.8256184458431619,0.8247837908982295,0.9095510814218436,1.0222132293187989,0.3295509270933549,0.13615521052219293,0.7511004555723735,0.9344651161548537,0.644314843295974,3
0.03418954390723053,0.780058139030416,0.9547848489273177,0.6037221457780597,0.6228908772226797,0.6894171777836243,0.4950920034989974,0.3367049108139673,0.3390067071249485,0.3933583290728502,1
0.7021752046151545,0.10262926085401497,0.3828713275023183,0.4157714156468763,0.07238919004325572,0.3936313591307139,0.20231956096046333,0.5094692815812742,0.5881375572352938,0.712298366108654,3
0.4267984895457497,-0.1982102046531229,0.5516257689276232,-0.3185997581401289,0.7235844204307926,1.4460449522333303,0.4376261587506457,-0.3932862498197221,0.7175732063449427,0.8491193394662709,3
0.26156167290572185,0.40044215048429305,0.4022067767023134,0.22233776680733447,0.4529305111997757,0.653626357160686,0.7196798385088565,0.23078245599452593,0.5016497709777837,0.46530329587590147,2
0.5902437733729446,0.5251069729682174,0.8355729606884875,0.05244602529733687,0.15183638095352836,0.18031949882338955,0.1899851936491215,0.8962093053850724,0.913339560172382,0.7288860902382315,1
-0.008864407600207652,0.975580815469884,0.7466676280177971,0.3421859227232451,0.9623473981475194,0.40629350467113917,0.5970748896794513,0.535938601832945,0.7438450758310923,0.7071989752941275,1
0.410667214931332,0.31026925894383484,0.3104213602769577,0.18892231646626476,0.2734462650820993,0.9750443582205789,1.0035445451005554,0.26452902229571706,0.39600187826076316,0.019601395550000216,3
0.5168788499261101,0.7529813809029706,0.18982626052356918,0.4271640422502342,0.017344314520591098,0.8700295441217164,0.5618886740427951,0.49851381170774695,0.14299913962058852,0.9001084773626573,1
0.37730862397185755,0.9186274649470256,0.6235389699856841,0.8539943560121046,0.5046281037595082,0.21604327617310926,0.9102339501195293,0.18519198632437398,0.35055886234466976,0.746289782988372,1
0.5049776543631047,0.8108229281951543,0.7649058842499049,0.8824046025454739,0.8404059670099621,0.4076475498410512,0.17047216295212422,0.9192487238773248,0.980520702625312,0.8238452392561961,3
0.8828952024475711,-0.1573857155079284,0.23879734148659865,0.3703240986974883,0.34228723965653474,0.5315837399197159,0.11486276027890718,0.9215580921838465,0.4968246545791065,0.4216113052924655,2
0.636150572774834,0.6159498196738096,0.7241107818535479,0.3047620863061913,0.2905397433244298,-0.07367340808199743,0.20421390618637855,0.9421600708493097,0.724656975559257,0.6250720479661918,1
0.3013056392175044,0.42771152996993284,0.46970846010458706,0.27617817810329814,0.5501764700655241,0.7245985059927613,0.8001880751408806,0.21960595451240203,0.39765131527103403,0.5179892324114298,2
0.508450196199009,0.1739547895395016,0.3002061153186061,0.20640217163522573,0.40466871545858385,0.8448501460076826,1.0034800915023774,0.19517483741286926,0.5163266243023545,0.04411544051006516,3
0.0971487703656331,0.3510615208578279,0.059524229258150214,0.11192812534938124,0.47895841368524444,0.04395988671229141,0.1944950369324993,0.4275899601225845,0.9103257732839841,0.21191663516125833,2
0.443809612204552,0.2382202483590375,0.3127310478787077,0.17281489347073808,0.31983294078461855,0.8869572257692827,0.9108123148797328,0.24121399606741808,0.48558542385464126,0.027236299885782175,3
0.9206687748716214,0.7273595746957082,0.5146900538199233,0.47283837212298696,0.27467242587926377,0.26686698894427296,0.2293575976371983,0.12657234037758167,0.36593619297535357,0.8601438944529827,1
0.8131850783537765,0.4390221397221021,0.06270019787925032,1.0340378306286393,0.051978040101147774,0.1753063383850244,-0.07010367793668147,0.8169603252536437,0.7330517416377068,0.0893948327995481,3
0.1356517425541962,0.05323366997176728,0.4193549790400267,0.7199984040509969,0.14248040508916296,0.4318608117396179,0.5087904381500354,0.8349348102955322,0.4581809485368542,0.4579532342946152,0
0.8908704203297553,0.5918553253531458,0.42743985054663447,0.5370196437446957,0.41717119040698525,0.9636720135308611,0.10926539103737394,0.45647116017271505,0.27969246223226907,0.3719109075278376,0
1.0220367872816296,0.6269242449063321,0.1969396791177924,0.9870912345370403,0.6487974905954622,0.7226797585337938,0.546467893264714,0.9766045659167489,0.05531510222358614,0.10257997247937076,2
0.4288399982414829,0.21169300696339793,0.19528268031455068,0.10777862836694847,0.30794491359417336,0.8001398598743704,0.9566056747654118,0.16356243772726584,0.38937583046645297,0.0071793033749120334,3
1.031137416526565,0.7121833376175023,0.09225869330766787,0.8903777180266848,0.6034922789031141,0.5961603732067421,0.4603469160421205,0.8601649183723039,-0.015353022790214707,0.05515215744149767,2
0.4004187818975451,0.6194269387922425,0.32237430298003156,0.0827917391063629,0.06030562077333418,0.6899475036475492,0.0742349809556722,0.6684183918023999,0.8697659721365651,0.0970327288946902,3
0.39349379157605346,0.03896406989570057,0.5079157420714512,0.4312391917134606,0.2945123201366504,0.5467282955688084,0.40658655374894015,0.9187271521276217,0.2730195200563887,0.6021422434331201,2
0.18727498527167347,0.4085911969392223,0.9769609696651785,0.08249297773729192,0.24213692403091,0.08926626416638647,1.122136577644217,0.336630864731421,0.9423596389481053,0.25260448845700584,3
0.9517583184094195,0.6986166324394816,0.5112891986759938,0.5276299178032445,0.3386987324169999,0.21093321653935984,0.24431007709130861,0.14141615198635576,0.38738532237856327,0.8121404936810527,1
0.5634008239942805,0.6145803604320272,0.01021482220626202,-0.1181833703733004,0.631681667814122,1.0860935006359458,1.0304678553073527,-0.03423442699536226,1.056991952479847,0.1585593932751323,3
-0.07710409604849103,0.6144306494312275,0.8463517048741751,0.7773111367116669,0.794835998056647,0.7296896796047333,0.3324178364395548,0.3976693485831,0.23752659925453834,0.5150945555635166,1
0.3108484436402014,0.9462849528490416,0.7316369905387603,0.4478597140857801,0.8052631708226762,0.6838126385276057,0.5791506174718739,0.551682511183469,0.11503104771989228,0.3769696799793461,3
0.8551909512523871,0.7740482687037867,0.46326407683473647,0.4741473713642732,0.18527367456511565,0.3829006680445242,0.2072994212521209,0.09115356748068157,0.47161104315127583,0.7578572513234674,1
0.24220570997304375,1.0595144775562741,0.9732628783437982,0.690015811392686,0.9013103267242388,0.26456126698649307,0.8590378342463234,0.941017704172469,0.5749682017070592,0.1956099770751603,2
0.47949879185871874,0.505796753538377,0.352370085764634,0.142446649327554,0.015635318402638113,0.663870860858929,0.047953796789917125,0.6956513063046343,0.9084650888527663,0.20714562802005637,3
0.06965969381140165,0.9646195663327214,0.7195732193321961,0.8309235571383824,0.2328311807873939,0.3868417276661945,1.0254227228339285,0.6544620310701126,0.7493134476089158,0.16572082770114172,0
0.35311238652617377,0.7111850571706084,0.7819174971746453,0.49323103804938184,1.0347707970855713,-0.2922995822221003,1.0500342176935,0.5876154964522862,0.1653337919989219,0.8951139733634261,1
0.9144800382084652,0.23665460843876657,0.21193847627655776,0.7781850671653513,0.2679687961889733,0.34525124465128343,0.5089253213513432,0.6569224820837531,-0.4327185218082914,0.46455418723553543,2
0.426137190569638,0.545968886677851,0.38471625684672167,0.1750662060845055,-0.00610753909250078,0.7035420414439373,0.06811817027751263,0.5835334391997384,0.9617281906830837,0.19269673476570115,3
0.8239853890058574,0.6453739405492654,0.5688528391619045,0.3335915551894271,-0.1459199565013222,0.5063099787168284,-0.00812648135311192,0.4921541490270366,0.5629736744045346,0.14978519305470028,3
0.95461673629664,0.4794043081971318,-0.017934870377842305,0.9795456599377967,0.05561723740316206,0.14926896667701808,-0.028279428598135516,0.8825395675229168,0.8268172972287765,0.08771901639533378,3
0.24574323165751655,0.476313614419788,0.6280699124525175,0.20393435928476816,0.6815145123756277,1.0145898545840006,0.8000349124673553,0.1785071560846391,0.3875164615911115,0.7515908568684453,3
0.1685758688502047,0.461551421721641,0.8242004850405606,0.6037044865586685,0.633031306004867,0.541681771172565,0.23172687639243386,0.1950155482798115,0.44438464656583626,0.2436322571521925,1
0.48298480338645233,0.20971355431197827,0.5419139415099642,0.354216419495104,0.5065512866550033,0.5761868716583373,0.30443081335945216,0.713123807293316,0.33080156123476134,0.6643131564388096,2
-0.24638436517068385,0.7556387374485377,0.5827041561141452,0.7627315021566538,0.3152665138295475,0.09505507368469357,0.4540361748545831,-0.4384770814807647,-0.10513702735194241,0.955284394315079,1
0.5291759095811965,-3.3781789714193433e-06,0.3415215533054526,0.5598004909502842,0.07013495778124221,0.4775327019951778,0.24960296714887714,0.5964144250071919,0.14152460141509815,0.5972870467457443,3
-0.32940009989595287,0.6090819538035565,1.123619116852482,0.9321199573961239,0.3628513993195737,0.3688614404761137,1.3884584681025163,0.7311657537353571,1.2071883735615403,-0.22050040956968675,0
0.9025391236971365,0.47373954337594165,0.07493566521349453,1.0433862571465347,0.07550674354779832,0.14411421937358,0.03492588365598842,0.8426674813235988,0.7541877627304752,-0.022536818292876126,3
0.055622389409612866,0.7737705244080502,0.8464431014540004,0.2187851067472189,0.987422246165058,0.5312195597476267,0.6853674297891886,0.46125624642272056,0.715848303720006,0.5075247050193823,2
0.5779448787677741,0.6563949359282607,0.12237721819715006,0.7292322838427427,0.16968179437062034,0.8847388357498045,0.09241320603310506,0.33496050181705256,0.05985901339701419,0.3203563696290136,0
0.17198549401347685,1.1251744627441227,0.5059736455436126,0.872754463636667,0.10227698513995011,0.5440905831889951,0.34334530456086054,0.21746974735518187,0.13775098010885994,0.29488379848872714,1
1.7769057067995682,1.6440691420155589,2.218461645843968,-0.2366574146384468,0.33909751900154095,0.3928456801062469,0.20419557500183633,-0.49522893997815753,2.0350732937947025,0.662047015695349,1
0.048951539726310604,0.7759787103448109,0.8552920949822509,0.22087317658466527,0.9922240635479176,0.5278575437891986,0.6824329504929098,0.47005191802119106,0.7170691431937661,0.5072082618536384,2
0.24168110837217463,0.6713339347585418,1.0509427123554669,0.727635712670746,0.8069067810896546,0.5382900095966519,0.40820988307584855,0.6514926015631959,0.15633627992001353,0.3836734896780232,1
0.24613392381161742,0.07624922665862437,0.6808025375433678,0.40718979452292364,0.9859693307823516,0.00605801203666554,0.9121328158104636,0.49380767406940784,0.41692288432528285,0.9715407316197425,1
0.054168308003422955,0.5774101978157711,1.036506010607033,0.5176210913885093,0.5720673703456778,0.43301612315996907,0.58822532333069,0.30119939317803146,0.2098942027208262,0.6684742556133592,1
0.5714497825991647,0.03622949483173071,0.5009003572498845,0.7460091010663958,1.0531924077605805,0.22905629766093813,1.3598885562341227,-0.010037006427232598,0.3883755762658856,0.3442548807904059,3
0.9049179111096212,0.7321627921843777,0.8113580338984218,0.18308199598483987,0.8681516661962616,0.8561611726752476,0.10595352060471643,0.2808057058191091,0.8152403146636154,0.4180809964506033,2
0.26493168065042577,0.4088086740730744,0.6748726177380845,0.19424396533201635,0.8061673017097474,1.0766862440181386,0.7373012443255977,0.09241278277293324,0.5913641321763662,0.6648881282323197,3
0.9457026675590967,0.6460493941160392,0.20086862928550595,1.0115216423486104,0.6127963497529983,0.7665930862699536,0.5945830135017123,0.9103730495691583,-0.024061519359001728,0.08595114764518072,2
0.5635826682330933,0.3119068208484941,0.5750849164850539,0.6115827599146441,0.01844784709299411,0.276770526011569,0.29597931501720465,0.6520556655450171,0.3853720211471996,0.652851072794439,3
0.5570920998619471,0.8280491609507686,1.3908966002798357,0.3939534618560085,-0.13543224375438123,-0.2150939189584815,0.9098207275998363,-0.06674206223821633,1.5496460267223986,-0.1959987732840955,0
0.4345083706689911,1.0301865531038157,0.4411695310475613,0.8755157497381494,0.3974294588913737,0.10511935578906612,1.1737940062158845,0.09823701924623111,0.1555920589269839,0.5225706111603371,1
0.6840441412680973,0.5258798148210624,0.7199778310734102,0.6791204321171211,0.6065848862212888,1.0058060499662864,0.573550750527468,0.39526380031191843,0.2144299162516723,0.38468572415394764,2
1.2017087280956662,0.07915655486161266,0.9947054992842894,-0.5532899911324278,0.6687063499819847,0.48792529561243536,0.7561034754355607,0.6110426124210611,0.23739536702336395,0.9614322965968223,1
1.0135535108831855,0.614513052785468,0.21002299825103812,0.9182898851276011,0.6023728395851173,0.6588289304095594,0.49103309360836156,0.9407602969384279,-0.012867740700593579,0.04622878715304245,2
0.5800464249093695,0.20343922065945796,0.3881697562433515,0.4037866804685844,0.6370437069582896,0.41375830423911775,0.42048973029263786,1.006213173294154,0.17543907065654474,0.4020492673589512,2
0.9264527757550228,0.0936454481509986,-0.017032908712385476,0.7205437035876009,0.9795110168987862,0.1298444168867763,0.6490988239187128,0.729334252827896,0.7121631776990903,0.6891634298845738,1
0.4567062857043598,1.1833975270253527,1.0865439983408294,1.2962004549117463,1.2561262726897457,0.09972170470267916,0.747475526569646,1.5496449181734913,0.5477066654999501,0.3435308980416462,3
0.17890883390445017,0.9755952963336213,0.7420506554004846,0.5559840920147588,0.7901385082481402,0.7105007217379874,0.6527832388666459,0.5593413951210605,0.16398343427613582,0.3407661757384846,3
0.10552227018335011,0.05637363893070933,0.41146500784566975,0.7219411641337931,0.04405875958161452,0.34681416772533147,0.5421507166549094,0.8766584553700452,0.3972220431793706,0.4502505518817713,0
0.1329932526439251,0.6812518412319024,0.6631642853658005,0.4496405159516254,0.5599377032898383,1.0174246488331546,1.1791008461623398,0.3707495119484578,0.6798192314147402,0.5573494107918431,3
0.827921433564695,0.7869202483420205,0.2407481780773927,0.9937079419033767,0.4003216594533683,0.6154124632459278,0.1814711165338549,1.1630264081675779,0.33543462513264827,-0.11432678260963797,2
0.310820966117339,0.43866729801273513,0.4455117464562847,0.2762553553504831,0.5719542650604587,0.7072321430839548,0.8200495164846612,0.23444267579414801,0.42408457995280363,0.4806941295039066,2
0.7741528342353785,0.1768640757201148,1.0158965163995237,0.3348401791610292,-0.07228514352149995,1.0281170865752327,-0.2386010135648134,-0.22251106702464374,0.8201409329588871,1.2997583119383367,3
0.7910143505942601,0.9430362030804191,0.33241240116638227,0.04713005802480286,0.7810768787054471,1.1679127467077965,-0.07432535288008052,0.3644953227937643,0.8240595358091114,0.2827490328082076,2
-0.06070452456693991,0.7226809027224159,0.6707439194190318,0.6698820034435604,-0.18183950255245562,0.20050058351504496,1.2621713368614689,0.5034531478460328,0.33637849510984524,-0.04252102778748852,0
1.071915931529526,0.6943044520596727,0.14361146692560825,1.0106896828250005,0.5079108239989392,0.7921496238915371,0.630672036502287,0.9897360246838888,-0.03742852665642077,0.11773032319984039,2
0.849179074092278,0.7389121442596401,0.6960026260031893,0.6804663090145308,0.9812125318816861,0.3192569311037131,0.011448046154360486,0.9674104952149422,0.643340661990395,0.9312541786812709,3
0.3727418709866893,0.4836523022947493,0.4858040042468108,0.38776139679643007,0.8747939306456679,0.8061656177739892,0.6329668222874405,-0.06752775293216029,0.23917405069936357,0.8401965235146096,3
0.4087688433856861,0.9151265982004223,0.4228071044931488,0.7139278956814048,-0.021840521322722267,0.2895405412348679,0.5966562356099407,0.16040904783847587,0.22941362390278833,0.15431469461095412,1
0.7380201390872205,0.13636714553253865,0.47724466752028377,0.45173955289443907,0.0936910457942062,0.27471453334424556,0.15888435960672403,0.5721392104367012,0.5178063130909468,0.813387026985817,3
0.8896846019520741,0.6945018306143728,0.6114121091199696,0.13239085544495477,0.13968118919490968,0.4029871491772915,0.500578891890602,0.7435674750180327,0.6781215192890543,0.9787642076912931,3
0.21291973654746896,0.36903388401775705,1.2914070103530026,0.5159759939585696,-0.2928497346886005,0.4216117054407751,1.3091906022509185,0.35931210428150573,0.7932935464155274,0.028135426867840443,0
0.8369593870741178,0.4950448239977624,0.4635950382396057,0.735729592742653,0.4597688987303302,1.1027370983865616,0.6278123714648756,0.4118198756251815,0.22402553519884139,0.5139121546749351,2
0.11597017381473308,0.14282812985648094,0.19676844690976686,0.173744862809933,0.34710425480125034,0.872365163022992,0.24526270874528933,0.2844091223470515,0.6336621386343051,0.5421760226971666,1
1.040452294900368,0.5352894932553119,0.061604562896068304,0.8700459460475466,0.5992068290341453,0.6569486213178704,0.5112598302833655,0.9170088187183574,-0.054412027347415653,0.045146477874666184,2
0.33354785564112815,0.9888419428273567,1.0258371430946545,0.5206618180018379,0.9152922460508375,0.24843957224543747,0.906440024243349,1.0762886794313178,0.5845389285465908,-0.014377044054702734,2
0.31194630752476193,0.9094564921955061,0.685154233637375,0.8085554026279638,0.4571045706473805,0.2701189365149338,0.8907874699767232,0.10074882968199508,0.41090181772037965,0.7598460600611732,1
0.3527493497032556,0.9354448892178222,0.6256913839482396,1.0960994809566915,0.16012918528091216,0.2843451516183929,0.6403897015683242,0.17798456208990232,0.28924909687274986,0.33413143654475985,1
0.22448476066604509,1.340920024233485,0.371151628607262,1.127702205496239,0.35108821115481226,0.06252502586137862,0.25200455863382154,-0.19572801695654157,1.024537863919463,0.542702823015017,1
0.5865085491951909,0.8509162874638851,0.3450163343683079,0.6215503876279079,0.9641320557640076,0.5146819931882594,1.050254017524729,0.15634153319400623,0.8013142690078578,0.75509827630214,1
0.7604339274700652,0.45619807896227815,-0.09864653014559621,1.2223615002740353,0.9664402925359885,0.8636310516107885,0.11282836112622874,0.9424175814856716,0.1799731308929257,0.006748098506316753,2
0.5110225698857076,0.7810376571668594,0.8063509551746265,0.9455248741766505,0.8599997378231901,0.4159926397737715,0.2137094778257992,0.994217360521485,0.9932929986405608,0.8190426255323351,3
0.10566597485108839,0.7098902669296622,0.888105521099295,0.6293559256201284,0.7119243530829118,0.6309814657404664,0.42162955924158174,0.4203794982483293,0.3004927148820991,0.4827889600498513,1
0.1249522367088418,0.4116061994854161,0.6423879590087241,1.1368928505333926,1.1023421318143463,-0.05223468894931796,0.9185992649749121,0.7268411804088869,0.6910712034848898,0.7602424200568512,1
0.14998330815395944,0.781645128103393,0.8307137119255436,1.0160125094670176,0.23497796425186723,0.31479821408380865,0.6992151161458219,0.23040759672096583,0.25018472798507624,0.9569859386742775,1
0.9953867595128032,0.06355787921791567,0.22608222344774964,1.2306811626390726,0.4811408717621676,0.4936583960384546,0.5115670726350546,0.5589182629224139,0.27162763712908633,0.3150121295255617,2
0.1366668040094372,0.09791163272352471,0.382304151431937,0.7167605905511605,0.09365925552081443,0.3866896026670483,0.5347521420869615,0.8412812365038916,0.41507866921431374,0.4469517549785786,0
0.16617555329934802,0.4227629078056756,0.33569166937222505,0.6210549463356327,0.42316312702720554,-0.13520751656054752,0.28761254476167397,0.797992345913324,0.10009929921738958,0.820863062381833,2
0.39421625313479225,0.7917905884883458,0.7956314619241114,0.8312886933868333,0.9214863987109957,0.4176743333041822,0.10626236041462436,0.9161340599649707,0.9230890792980099,0.9058637144687522,3
0.21883088141323875,0.5674692216537225,0.44076737528271515,-0.026672116623962967,0.8185771553079834,0.9003320757482323,0.8113067986476898,-0.22614060018946808,0.8630867406879776,0.18091807569952603,3
0.5466236752033807,0.2693650071024094,0.28725075178456116,0.08121687091747788,0.32171007409495855,0.9404495058513582,0.9396747091630209,0.21499225223936713,0.40940917370106295,0.07068551650008555,3
0.3513884602838231,0.966452812679693,0.7160138874906425,0.8765255074496698,0.8767255714258357,0.547612554094684,0.36260658408408925,0.6945431864581051,1.145981794189241,0.9404378961338073,3
0.35564269763025064,0.951354969132002,0.8751813470002472,0.6089834562194798,0.8019593149829078,0.21524871648698132,0.8653524814916216,0.9335580738435758,0.5485895573742746,0.09600891129554426,2
0.4748676891416711,0.14880570736469073,0.49813136735482333,0.2926393849529119,0.3982708902554387,0.5122720833931123,0.3587750022267411,0.7923341994427147,0.2960940665886225,0.5542606533104945,2
0.17970648100113534,0.09900117408015884,0.5290433068006677,0.9052637052477649,0.9060500189036992,0.41411001067421765,0.5666380361007464,0.050709836074794075,0.319760489235789,0.2654143682913436,3
0.6992965489386744,0.055205233618480676,0.7224881473043614,0.43032567996554794,-0.11536472972018535,0.21389618041784736,0.8791150782410296,0.3810729182314163,0.9422874338321003,0.00399477535713938,3
0.9970740140651569,0.735446313605606,0.7310786384183166,0.21635305312295117,0.4855850696898959,0.5125877257335381,0.3894921961359492,0.9812928624556732,0.7277981550498336,0.889857940040645,3
0.6691768423033062,0.7446133628343223,0.821862745617261,0.13646452037528406,0.2126259245090754,0.0192487834149435,0.4918665758499833,0.9500219543993287,0.7707233004311014,0.984326838488076,1
1.034006931561462,0.35829278487154675,1.2998216782187524,0.4556038173913441,0.5327383496268693,-0.039277513898465094,0.11723952690861583,1.3703446063894404,0.6724542946462089,0.9200112584736883,1
0.9206098620113822,0.38559627880333996,-0.034940247579568436,0.9589565433763774,0.07076669476094605,0.11912593559420531,-0.029304665086498108,0.8826778825292331,0.7451662264270533,0.058280484106882774,3
0.09858581751772667,0.6716999218436635,0.9440411571138911,0.6269870916685356,0.7258994707456167,0.6306943612242117,0.42310559556634897,0.45496650626023366,0.3370449440025747,0.4900161515698112,1
0.014613106412065237,1.1958992639337842,0.8079411062747694,0.14869818872739987,0.9265334466026359,0.5492929342235368,0.787658731170974,0.49527329332374054,0.4822369930260334,0.8982691251918364,1
0.6992905218443122,0.4353577299421487,0.6050218645842913,0.7447039023801927,0.5536824645124623,0.9275714082238415,0.6341754615454375,0.30821938991068876,0.1868876085857716,0.4720744129035884,2
0.5513254568979444,0.5818189462132396,0.9531292128803258,0.49191775841547053,0.5886256857521205,-0.28420260496803185,-0.04567391992635722,-0.20095133034443075,-0.30425667702505166,0.031974527333579306,3
0.7865910862676337,0.5928216568521132,0.7836352945226738,0.17732897945302895,-0.04379815970968717,0.08381580931284409,0.4511684955063419,0.7938576490778788,0.8533683761127216,0.9235432181318621,1
0.9771371976831078,0.38104300038895467,0.003065376575014874,0.9383143291764824,0.08314516220201731,0.22442698490411833,-0.06720121452411994,0.9359218110928631,0.7059046034002379,-0.026483784079951722,3
0.34308701499793565,0.18272449062507035,0.3269164181764101,1.2738275343756515,0.5048078328391099,0.982860135271987,1.2514181331386491,-0.53575437134393,0.3009028964781254,1.149584296409833,1
0.923535951502397,0.4302394717247335,-0.026168275470673172,0.9562228369428043,0.037959966797173846,0.12468589644430761,0.0009355848468744384,0.7978262125169162,0.8037273270831542,-0.016548942905995546,3
0.6023585554215545,0.7190814109389545,0.06702025387338306,0.6519024634863189,0.1716623825989419,0.8024745032973319,0.07924472296522939,0.350600494105554,0.05287530218686666,0.2419375521023705,0
0.5185043363871626,0.6715591648799986,0.08183415560050958,-0.12331710550762842,0.3723739712691572,1.2231680611906854,0.8049986348620097,-0.2133420516634726,0.3083359081560487,0.6962637076606328,3
0.18389844664037144,0.709838237260841,0.7029170406522032,0.172861052081005,1.0190347746719697,0.20988503369057165,0.0012981015458987666,0.8172630495961699,0.11489056724575455,0.24513902564560913,1
0.27806406455742916,0.9549728361565486,0.6657862729235401,0.4419571679109373,0.7518473995729884,0.6198051283275239,0.6279809579938255,0.5377662484669097,0.19806128033213066,0.3462568893096833,3
0.3042830971214362,0.4040532118293384,0.42379893155038867,0.280225053098759,0.5931587858627352,0.7316020725496473,0.7922168663359538,0.22966714011424993,0.42295268576592426,0.4598053683597813,2
0.26053882828468516,0.2661213054753727,0.22051866290067723,0.6347701670750009,0.4642400479394583,-0.010278678463507912,0.10905533306314971,0.8033932721608363,0.11666027593048868,0.5442948312694321,2
0.44771462487643554,0.20888040019450438,0.6361331126509867,0.2277882398677955,0.2338788399612568,0.6463066164672798,0.2616549624112067,0.25959220060477045,0.950785072766291,0.2802693206419878,3
0.4628693914193172,0.8755402379640372,0.5529328812843333,0.8979028501073999,-0.030646235502919603,0.14626018544108646,0.6708296871347598,0.1357378493982386,0.24858093128235098,0.32570641359643265,1
0.5314150397684695,1.0042557382544373,1.0942475684464452,0.5628185027988016,1.2359674037213686,0.9337378213442012,0.46179123259647703,0.3749152812730351,0.741498391920134,0.2613664213560319,2
0.5873881380818251,0.41491147992002886,0.7775314861807099,0.6428433663544496,0.44532430202037265,0.7935868753672415,0.5129621646406859,0.07798751668252787,0.027602024053298063,0.5911522851647255,2
0.4975768060313872,0.28336937257021383,0.11643433940877876,0.24194182991768143,0.20383518088809038,0.9795002429340807,1.0611466643923015,0.2458153542576968,0.4814999301010855,0.20395942518569743,3
0.32581750605384285,0.7931056983178458,0.5284268953221032,0.8597283438391561,-0.08400077066685062,0.34413472581949284,0.5879947525929391,0.17303775197341315,0.09969967372381952,0.3102628499583794,1
0.29728519141394405,0.3628898319584255,0.6128548705694238,0.2783578295538554,0.4621135145563645,0.6931936435544791,0.5129568523446311,0.7244962499194479,0.47867612119480357,0.6122273688938944,2
0.45787705355240405,0.34039497228727655,0.32587806709622824,0.03681445236230564,0.5834992199165961,0.8415271251392323,0.6165363723930629,0.20153388791238688,0.8059295676997161,0.5241662449036788,3
-0.45301950778156597,1.550519106245486,0.9705840300234607,0.697388136980479,-0.326428287919695,-0.252411772413597,1.5263046959516129,1.1961062832409906,0.14462335045629537,-0.7902273943765661,3
0.3797397314579358,0.950018963428416,0.7598006867603726,0.8451024362960873,0.37610571735237397,0.25778545480499604,0.8908221337169508,0.07736120991572606,0.4601763052585883,0.7588739463558732,1
0.5633054091914387,0.5841886176566169,0.6136570255118782,0.001218504313461044,0.47185190693560497,0.6440691598099701,0.5366142670821528,0.46747551741582316,0.9472084911014005,0.678051162765535,2
0.3820212557776582,0.8478348467297201,0.9302517216076098,0.5060402851943655,0.9310391881486441,0.12622928633920824,1.0120242381426925,0.8806550245544806,0.5877317854961044,0.012236232031755098,2
0.04299408069379515,0.8089186010296032,0.7030300037770011,-0.13398020182181497,-0.09303810229195297,0.00560192361380199,0.8417057087002886,-0.059032161243207426,1.1766808157201365,0.28109350365729596,3
0.36927563103723376,0.35138124181343555,0.431115110982615,0.32453974334999103,0.5335500548651102,0.644717182370314,0.8088493026853765,0.31750708468733546,0.46753411727998845,0.48616103378862796,2
0.4179953123893312,0.21032646103829347,0.3971429994383405,-0.0867718348759674,0.9079016413995681,1.1091527257234441,0.8939737547667526,-0.2953793502008171,0.3993142955482631,0.026322286013720775,3
0.05697776401028826,0.7771838009214909,0.8418696455102918,0.21457677467789904,0.9853738528286411,0.5327283427028418,0.6901759594761021,0.4608427994337445,0.7208818096347824,0.5083475349595241,2
0.05477312548266244,0.7738439789176911,0.8462434657854359,0.21774790790262522,0.9864475441523466,0.5300151922586124,0.686002012725069,0.4627097836851512,0.7151435001820595,0.5072299702872499,2
0.4478893691058247,1.142850491263763,0.7184911144300042,0.35408287900827584,0.5892605834243115,0.5979996658980804,0.8589669606345379,0.5539508726224496,0.3705932729626102,0.5268742481518116,3
0.5592624943129345,0.6966590002037528,0.9294997529838056,1.5317224684587698,0.4157004745572512,-0.22109395021178868,0.5235921097808632,1.315914298482351,1.179005058365502,0.9328510016956703,3
0.31603714865362376,0.9057056398746457,0.7058750333878975,0.42834654665872757,0.7473623595826729,0.5825189096449489,0.5973736734280171,0.5172828175847397,0.21868714915071105,0.3994473252700852,3
0.398555512374943,0.3646445556958775,0.8263331372863227,0.4073889016579479,0.6814410896933105,0.16734630537530207,0.8930933633542842,0.6760183787527828,0.6089606169893277,0.14215297646675804,3
0.8770464068536705,0.7667358115440865,0.6254061019273852,0.5605981593269184,0.13368756018237066,0.30669769175089145,0.18725915149675193,0.2370977950802997,0.35319393534868715,0.8739127050083983,1
0.42752078748256045,0.14450876673569008,0.3673548083479849,0.3439543922372019,0.5211285394057206,0.5631504519203012,0.33536312446198097,0.8621105723575601,0.2132505777685495,0.5776782729298388,2
0.699472257434105,0.43871812567508406,0.6152190574315312,0.7405173190138972,0.5676073293250145,0.9368440920474629,0.6475270452066685,0.3132419184342802,0.18084623342112613,0.47740084736754296,2
1.2630506070645335,0.6785145700853095,0.7489820030103516,0.6435669375169025,0.34636185513362233,0.6001428943686411,0.31000348480656903,1.3314217325201003,1.4026062915691604,0.8089986610735453,1
0.2975373232454992,0.3990461916579477,0.5622115988120373,0.7397771986561296,0.1327890637811324,0.5823136540816674,0.2260420619402597,0.5295207790416445,0.2417522732336751,-0.06380932755000163,0
0.21395631566516723,0.3833011708305693,0.36696633858475514,0.34074408138643353,0.13324938641449446,-0.1775695295730883,-0.12528532162914038,0.9077848126098875,0.2598756886611163,0.8162735274035049,2
0.8174685903980742,1.3418047326796856,0.18581489251566752,0.7890575731674916,0.8985434093184257,1.026257924821322,1.5668259208595074,-0.634174416325723,0.3900894308118463,1.4561184971443826,1
0.8888670051170253,0.7573085473640906,0.47137004209299926,0.5014991047139813,0.22658375031184924,0.2715623981661903,0.17866631613896558,0.16009242673858437,0.3997076771509874,0.8477362072147527,1
-0.029549876653313434,0.27990390456933273,0.5832287902948561,0.06101314770929063,1.001160114015894,0.5748809271005856,0.8150590470977643,-0.054371169268759706,0.8253982484060345,0.05607106949812035,3
0.23916174271441068,0.47175882547830467,0.986344141576445,0.20633726047860465,0.1880788764418173,0.051355135124435264,0.9550622283591144,0.232158060363474,0.967358805248623,0.22793215541317202,3
0.3426909620477623,0.9004807596001577,0.6917753345292323,0.7879125521174083,0.4153800185570406,0.28390207016228886,0.9255483331601086,0.09209315725239853,0.3872954099083226,0.7055735090759739,1
0.2739702587800046,0.9654172001783068,0.6750783884504449,0.4755808200791993,0.7703865967514223,0.6392746163454077,0.6216212716656414,0.5257765442695419,0.17679487525930965,0.34298777701872774,3
0.7207740805047973,0.4428472620419485,0.5780080862671284,0.7904331955078842,0.620325970370571,0.9744074678115081,0.698516159929048,0.2460954955765016,0.12988570807250632,0.5235626139177635,2
0.9029859470659438,0.5932872666312701,0.27730921439918865,0.14732226241864047,0.06218959886700538,0.4639871917038445,0.4078621070937665,0.7783450137119619,0.45844216977740476,0.31051808560853084,0
0.6370122324873934,0.7272213733814265,0.0948490788521712,0.6631261552610206,0.01547084320683037,0.8492263365076147,0.23650803968789508,0.5415731970617363,0.26773224288215725,0.13722601585536148,0
0.147905031572077,0.661129650182652,0.9725585455021488,0.6063279319069688,0.6944488522988839,0.686009469865638,0.41115913813381083,0.502294603713465,0.2932173037740531,0.5012916010536025,1
0.253555764991822,0.1882589979024324,0.4439266845390024,1.310598017723554,1.1618377014765675,0.5019525425022342,1.092854517269643,0.5326123186421808,-0.031858258652258886,0.9856102083171071,1
0.11922095856861722,0.18510548691484108,0.1671317115377223,0.22034064268762404,0.31114470875614714,0.8983893184025086,0.2723642578228516,0.3243670126065,0.6520290254529952,0.5396592472730987,1
0.09397202892180932,0.43039522840441446,0.023094550546072245,0.061641420224052,0.3329513841151889,0.1212134896970868,0.1828886651188064,0.2528290874475848,0.9431189439195853,0.26311649981158275,2
0.591296119467531,0.7344263533669599,0.6842405835825898,0.8710789748230288,0.8650724533920606,0.44636383799684437,0.2167450019722759,0.8779316061103218,0.9399703160733159,0.7699397354633681,3
0.9432203030073105,0.7197290957269254,0.5500384034284503,0.48454558503588047,0.2899711946300054,0.298943988343074,0.2512391031070142,0.11384307303598204,0.40399583122995986,0.8732985083542607,1
0.8365633034121684,0.5712378048190291,0.6699944984828483,0.43926353092200005,0.6590604750183607,0.08656162219418623,0.7625851269754169,0.46429755363281483,0.17532744504539408,0.03829457053489814,2
0.6037172979811196,0.7576204116879361,0.7368859287171955,1.2956818870937343,0.8214837471594162,0.7723497466663344,0.0754272142862496,0.5495782384894734,1.3852588533145616,1.237811274228829,3
0.04970294122412099,0.9418724850699199,0.85153325409129,0.818449495953773,0.18976023059486502,0.2444947767479646,0.9952253964507736,0.5161522888855721,0.6941236112430769,0.026728003805092833,0
1.257044908148201,0.44869469897472636,0.9229078205930449,-0.609443680717711,-0.5667293790834932,-0.5439444611382768,0.9284491038326759,0.552513772678954,1.0236717422943034,1.3796936188787048,1
0.8715155546163948,0.5259013404615017,0.7225126355246808,0.5083290884760229,0.7066327193704711,0.04090045410123358,0.6996896920507727,0.3480813983361747,0.09656426785578776,0.014154969419463793,2
0.6618825434831666,0.2740742399856654,0.9317300546489462,0.8771293691822465,0.4858375148048667,0.04750076619239109,0.8395832429130571,0.20499416515896027,0.47764150781140624,-0.09491584091830202,2
0.07208267121061877,0.9421413638715678,0.6766771540291664,0.2888667422164547,0.9266178609670578,0.36576411478776893,0.6104778276165552,0.603472801281975,0.6706456851990501,0.71983881867831,1
0.045649913572789025,0.7640801896772412,0.8529596931430221,0.20770920978524654,0.9882818101011589,0.5378140403633985,0.69327904904029,0.46520254594901406,0.7120449337977839,0.4999817642362903,2
0.06567838872642545,0.9760783134094954,0.6535148876488679,0.31415618113414545,0.937633575548587,0.3686424526088337,0.5909315728519331,0.608888265683008,0.6404766021689484,0.7072896481764324,1
0.7267120334761052,0.702710611765649,0.2937748256920614,0.8340883225101526,0.22224931787522692,0.808546517504705,0.15266012018304645,0.48665173470250317,0.08055294499724677,0.20913885206910893,0
0.734133449438989,0.20989097597258907,0.5180678512774014,0.42710061734302457,0.060560143967785605,0.2044726879600965,0.16383964187506647,0.525296008310912,0.5019110434380513,0.7260949851493451,3
0.9632355008041142,0.785557351223816,0.12060387414707657,0.5715767299644924,0.5690715611241155,0.7495488390773373,-0.021014400357230636,0.2292142125085282,0.2125733044497736,0.018978700463925136,0
0.657574719083425,0.4491970794926751,0.6336282172075993,0.7634353460884135,0.5222731669458557,0.906716942237312,0.612519824849324,0.2813885164326577,0.1466706033761605,0.48390967967823834,2
0.2556464762369746,0.3071492119034086,0.16342328306145693,0.1746736500365984,0.5168298557515774,-0.024364455057196657,0.2889657624048875,0.23469573894692125,1.0790445655411736,0.23162780802380162,2
0.27967689440036886,0.40326370896770003,0.436906743858675,0.2923890189236339,0.5993348967901062,0.6770301198998598,0.8530607314904467,0.2764596052844771,0.38627018491783893,0.5112302920049324,2
0.9277093327558213,0.4676353774618775,0.02888551356607983,0.9841083436178985,0.06455464564663103,0.12350713166519192,0.020335052128588497,0.9028580898301993,0.794224039462017,0.048462176294187115,3
0.05443646396530576,0.7718943135015871,0.8471900078861174,0.2206268788042153,0.9912663541959867,0.5357105001292323,0.6809592361845396,0.4614890431439989,0.7123432656052214,0.5091725276153102,2
0.6362238570382222,0.9617931961895397,-0.07404148852225678,1.037978237310906,0.05573758854233654,0.9715138711677709,0.34437019908178435,0.17002551739461483,0.14189600815355774,0.4521202473054279,0
0.5921739418144053,0.8604353637802774,0.8847917136484397,1.0115128837250222,0.692902431298375,0.45629822618057886,0.235328212974383,0.9003803092629309,0.9001589551626054,0.7461217007872357,3
0.5211617224042687,0.6077255080737893,0.09760020486723914,0.6733295340688523,0.27727586244181834,0.8569355888846649,0.0353846113205104,0.36927050659448535,0.0242143310836654,0.38116878783847735,0
0.4360747985726648,0.39544262963797816,0.07175922445902769,0.7202338425241323,-0.04549975792490413,0.6443161974660943,0.21082391776235887,0.31885242611993714,-0.022178378301286023,0.36080838292917833,0
1.9408061866468356,0.6408353118432398,0.6331843333305277,-0.07591250346851308,0.6990941735720857,-0.3999050855143166,0.5055391407068934,0.5398040796975345,0.31436920170699706,0.7266692445901063,3
0.9271327223002093,0.5251119717507114,0.038842488076879275,0.9793324163996424,-0.0013571711849992077,0.08082851734281976,-0.05688753246045303,0.8078570713625971,0.8470174547429719,0.11556043450800976,3
0.9182083908959611,0.5318823835986175,0.1626838273222863,1.2077781807410686,0.6405357961680981,0.5048927969111012,0.7489094515258341,0.9303252830207273,0.24179524076452613,0.19218743798078614,2
0.7819809485732875,0.8067842235840806,0.6292164584043766,0.285584194126223,0.9310360037631635,0.9912824723618899,0.12130989309128708,0.4583278429258224,0.7169464847749429,0.44325948136530935,2
0.058259234991979894,0.32816756434143457,0.48185457561661976,0.7194148525183452,0.9424439252928605,0.2840712130749036,0.5470101560367653,0.9135270227649271,0.45243938017914986,0.7444728049985341,1
0.2651982194117368,0.9675704130611426,0.6809858941081169,0.45806712487251144,0.7996023355750703,0.6454324709123884,0.590331629037425,0.4948378045148828,0.15871956908061277,0.3595673687234093,3
0.49384702015043574,0.5639008950869423,-0.09446990671518093,1.1463342298714498,-0.09686488475978194,0.6408811281638276,-0.00982598038055739,-0.11746617982084029,-0.0640021637924546,0.5494626533618012,0
0.2775147585795049,0.4227330268037937,0.4566138448527288,0.3112598461952977,0.6046351799718315,0.6984774899658022,0.7650493269929671,0.19032238748298844,0.4696635711803436,0.44111197426230236,2
1.2444301431919629,0.37048119876235436,0.09256549325263555,0.7300737389925139,0.45250833151165804,0.49457347884928154,0.3485796748806092,0.6831959112151149,-0.008977574508285256,0.14208914208763396,2
0.4940176043293672,0.7728750888056645,0.36164297679007473,0.7145115147190743,-0.0009692236772353832,0.37556225020693823,0.6353933015770729,0.27493352288456063,0.28338427483302,0.1284221849779637,1
0.29331588125522634,0.3152800053897063,0.23950723914175004,0.0186870500898933,0.7814063558163864,0.8467196061089997,0.7608192419561002,-0.0034307283814182313,0.5835374233534502,0.31366040499375225,3
0.6967468245915649,0.4872776513007504,0.7703734667303017,0.36387040188481223,0.5788610854396411,0.23112725111163673,-0.16411495110219493,0.76886513476752,0.8002278011709867,0.6671696549557478,3
0.4716525185966047,1.078912250015125,0.8001604191368134,0.8392901999283136,0.6136240110889498,0.24738885069524222,0.7844851760007947,0.24921559908575602,0.4559705054130801,0.7483721302681399,1
1.0219083944947989,0.4733788546512558,0.06915069638145313,1.0534987973430425,-0.03645633072330272,0.16542486768574996,-0.0690864223775992,0.8119813402812642,0.7620955344897187,0.038483382190249736,3
0.9306143368006476,0.3889427111762742,0.4037229999209353,0.6742068884413119,0.041495214252264656,0.6580105340296214,0.2698415197061653,1.1698176581431698,1.0922207301578368,0.6214577436988594,3
0.2807880771783274,0.9742333776583418,0.6278433197790372,0.47306491880506424,0.8243636790335446,0.576315646625502,0.5671089907456476,0.49238201186395514,0.13615558030073838,0.3886659449760578,3
0.8346666542568166,0.905413201387651,0.7145395995440538,0.33774241151606693,0.9396236487231946,0.943300156445061,0.1062601626771357,0.38191028248954384,0.7237648971103576,0.38783570494882474,2
0.36532238249792304,0.4375119638687575,0.4607416246438094,0.2643073275406095,0.5631555257164501,0.6694853794450386,0.7961204421707455,0.21352406218277067,0.41400874782141206,0.45930730469245823,2
0.883559771358488,0.7699367638202347,0.553480461768011,0.464396070183107,0.21687273531117343,0.3141957882939649,0.28178551869912755,0.108884523334003,0.4071977791249524,0.8650560647582184,1
0.84664825109469,-0.021635081402946246,0.016072941081928676,0.6162670851169283,0.9508485318917137,0.19249279404983824,0.7041861009518864,0.6054839500617758,0.6018416177372545,0.6288510439555511,1
0.8279603001702729,0.3726292358760054,0.4734099123747344,0.6598657458133232,0.6970403690951398,0.957136500649375,0.5880783596259095,0.43001360981930664,0.13210382124263692,0.39163873436255237,2
0.4485477654353472,0.3845466756249029,0.8548893835257818,0.4315594356973179,0.6612256390803962,0.13843904061981877,0.8341538863906763,0.6515641915733841,0.6753684907790639,0.1683247544837142,3
0.3724346798954645,0.2879892923350879,0.522419158876948,1.0684659019243006,0.7515921700588251,-0.16627011777058,0.6568963753328777,1.0539702957567818,0.5357170885764944,0.7674864489428865,1
0.658285401298315,0.30182672976415803,0.9415205379384831,0.5041804720851469,0.4967163920387677,0.8875559891856248,0.5620799380909107,1.1471650594059266,-0.18437410438484775,0.5806398857171621,2
0.6063783517072534,-0.09398402499596994,0.6312304484625952,0.5457063193426511,0.29232909242081,0.3091206860634864,0.3340565318581859,0.9260930357584305,0.45646532043234167,0.7428806627115102,2
0.8061516057325614,0.8680463281509594,1.0610747159881728,0.3424405181767246,-0.03662555525754768,-0.2911773324653468,0.4417572042230624,0.5471336937855799,0.5976386304361027,0.5032654381675805,1
0.805697397318113,0.5570041044577237,0.566669263669337,0.5539993187370789,0.07535220981094783,0.3761588200720665,0.175060384816339,0.5438423247370182,0.3905062326852107,0.4147274641945381,3
0.5030988634848458,0.3937319362692021,0.2942867147626138,0.2774263104793514,0.7910432116016008,0.9033494698942544,0.6935064846834118,0.2647708204089181,0.4435242918687307,0.18602025684500842,3
0.1664491359515392,0.6186620642416433,0.022813240938228327,0.8838642416724378,-0.2984800285896571,0.7289326352689004,-0.08404394230931392,0.1747702064632356,0.48303197474412574,0.17030006015948676,0
1.095630893879395,0.6787740040507253,-0.044298374898114036,0.9072570886570439,-0.027602959618683462,0.04568885496369515,0.1857114804598094,0.7327072136329693,0.7498870040163221,-0.008362993038587535,3
0.22454776035310564,1.0165254168780293,0.7169859895493187,0.8008918154537544,0.665943560886432,0.2215444867190572,1.0196928589273389,0.7998179705556694,0.3185167456474843,0.2072570923831436,2
0.43133794356920463,0.8813740691839591,0.7611514661238615,0.7987916405180782,0.9118545177822468,0.4282410167597882,0.1920084385018121,0.8690163254275209,1.0257953233691701,0.9065221754390627,3
0.5590201551777373,-0.061046095298504355,1.7252445472744842,-0.7217642586488622,0.7666428442469282,0.11845084836327302,0.6493752883337629,1.3369260507992726,1.4520529658837467,1.0716404637150019,1
0.8662727170164302,1.0336811637446328,0.6875799197326264,0.5648899178921687,0.7601403365506632,1.0205120099817897,0.36356178312076554,1.338161154101831,0.8218041149563973,0.40861050703752577,1
0.09075401485678773,0.33535594136499575,0.052132705811287504,0.09669158510458012,0.40781263061654877,0.061399786738805376,0.2082978442094901,0.34283229124307907,0.8758826875713565,0.2274973715822528,2
0.0698245278936208,0.933567954751785,0.749073753581794,0.3305098712112335,0.9724507203426112,0.3625573839406932,0.5713013186239818,0.5730474791703434,0.7378126469783599,0.7359654920031167,1
0.004841684043198541,0.8646212698381589,0.8198816809914518,0.3856482455627144,0.8408850499857948,0.516489052678013,0.5172287578306012,0.4667150546836747,0.8110224913254585,0.5967426335317279,1
0.032288944621927294,0.9171003869865473,0.8633373299489079,0.8323053599963569,0.17857886230787742,0.2763533259063612,1.0264752758761462,0.5735654806827974,0.6751797178865548,0.04382059705795092,0
0.9583567578237384,0.7196571180484826,0.3203290288342631,0.7539545398228992,1.2937163882982987,0.7665358391248563,-0.2885515291123073,1.3352002160367071,0.4953086684736535,0.6160682479427736,3
0.31589829965570226,-0.34245106092364597,0.8521511751779939,0.27636798944698093,1.4355049371483548,0.25046451871170006,0.8073935674699462,-0.25573228233279477,0.25235065352444597,0.5931457882040536,3
0.7794417737587268,0.563092357050435,0.5632568991422328,0.5871795693225086,0.08142803171526607,0.35999149076358206,0.193593343906207,0.5252887997264091,0.37025491295566637,0.41453097368217035,3
0.11797900419161278,0.6611346636946578,0.6945961833376121,1.031051025468641,0.8844451443720843,-0.16447657048942074,1.0070988286932032,0.8339238270984664,0.42889873017387464,0.812567607165886,1
0.2837467174758845,1.0195583869368074,0.6225754378836856,0.6870441574449735,0.4606458348287824,0.29454915885753985,1.0185286568592573,0.16108887355976514,0.49977819893044123,0.8051189369026129,1
0.9932541951190899,0.8406613566373813,0.6035649212270764,0.6345241999344771,0.26841786523551114,0.1157415649156183,0.21064283594992408,0.5455036039796399,0.6034810179884873,0.5581914978737226,3
0.6982869002087051,0.3791839301439742,0.5648954774393413,0.6622495212897491,0.7900054099619972,0.22982350289581716,0.8856784108169646,0.4490404398078219,0.15261640697719822,0.1641079958113899,2
-0.03570806550897662,0.5399843145160953,0.18605201762294934,-0.017668485573554105,0.4190621748326888,-0.072234610976279,0.045177256620475906,0.07811475153774788,1.0677185901003567,0.22005479285555773,2
0.1888391304517553,0.8426949937179202,1.0051977486607409,0.8279006024933201,0.26830868324715007,0.0529039615654765,1.0886266063472136,0.3468458910632566,0.8953421496491243,-0.07748675722997644,0
0.6127968012483431,1.0763816357688476,0.6769827482843913,0.3024715092549145,0.4574178809630255,-0.3865281558616938,-0.1926061111764028,0.7426608701845484,0.7218777064388605,0.7847914055376007,1
0.3698017723563626,0.8369221543280203,0.47881828000699,0.8115980040763991,0.024102687515437444,0.2796663072068264,0.6174790658426246,0.24194388436315276,0.14647560475887103,0.2343314679298592,1
0.9342524910304508,0.4023414265927946,-0.0075463049760538525,0.9831576203928429,0.16973384102882438,0.004551730585559244,-0.0718007060554577,0.7857527174813709,0.7472438569161752,0.028472928226805694,3
0.7939889720857173,0.8577739557329368,0.6573215490631705,0.33375524652600996,0.1472674474572263,0.4096743311755159,0.05589586320592696,0.07917339427687506,0.4455331289665665,0.8042491602309366,1
-0.027391706123456427,0.17437075766739857,0.019793425429735667,0.2555280187351205,0.3974157737159799,0.8747450830998595,0.38456114894713017,0.5111445046469054,0.5962529648232666,0.3982149949813245,1
0.4747641550756048,0.3289091667888738,0.8193227253874329,0.5229136085720147,0.658877889215524,0.2560243412295229,0.9199878449351868,0.7602169316602453,0.5465007991088936,0.03880782494211117,3
0.6875169001849581,1.0737443965105626,1.3687206018565807,0.00010765042145086112,0.7496313435450844,-0.5089948441255,0.739731174495266,0.4008634464027242,0.43086873626673095,0.4993319159274025,1
1.0275685634974092,0.4602839155188603,-0.20460758531645235,0.40375666166634433,-0.04008135148244035,1.1987990080977928,0.4219326079135469,-0.07467708509510912,0.15187660001155567,0.5400085551197563,0
0.01514778971638836,0.6734998763212695,1.014069135592429,0.5385954199855485,0.7791713784530473,0.6004642124918966,0.45851038119952325,0.5287545323129139,0.3141263076237719,0.5661168534024671,1
0.09693850821475372,0.6986309648800203,0.7879953372977843,0.46981235286439227,0.8803346229329351,0.10897817012201716,0.5904059816801362,0.7436895005407061,0.6971424189401466,0.9829825724047008,1
0.10457810150449277,0.650283220030342,0.9485227015701392,0.617309528372003,0.7008249520128824,0.6239591416646721,0.4350632725991032,0.4462109139840072,0.3226931835445753,0.49373467250804576,1
0.4940590243443595,0.21668740369689818,0.2840148410068138,0.19070980071628504,0.3128632993657448,0.8047447216584886,0.9939378116276494,0.26888630009140263,0.4178679469009603,0.059417032231031175,3
0.38105573691908273,1.109805255809142,0.5378514086745294,0.7607901361422589,0.34078562578924254,0.5115352784234315,0.9326153466824526,0.30465320702141485,0.44118587906207457,0.12154987312159495,0
0.7155670856434643,0.39584513502752927,0.7028914896731777,0.686809721263791,0.6211205113446466,1.0404452370199744,0.5140285090419865,0.42110621682801885,0.3029609968152127,0.5027348080678496,2
0.2215424758335593,0.4801211491402991,0.29388941660782236,0.4792294338868516,0.4251845273192276,0.671051531921626,-0.09894708215914183,0.3176457589187063,0.2470702690521627,-0.10404237773937275,0
0.7317515754335693,0.5935586305239268,-0.0848528831332026,0.6201138978614678,0.029213654404701334,0.8565573527252563,-0.024765826075434677,0.5138038715095938,-0.14255019887977644,0.15979484040816389,0
0.36530351909452746,0.8504784808880439,0.19247414233916554,0.6356129952110432,0.6609288581117078,1.1734259054202187,0.7206597797729206,0.33676246897845774,0.7295786468573894,1.0497940065959828,3
-0.0937227911854584,0.4800361699041446,0.8545689901723597,0.7039682349460483,0.8568870560256177,0.16944008226551316,1.0770484073635544,1.0094654248680908,0.40919137887532464,1.1227440258860735,1
0.08685594215236185,0.9207607476093899,0.9176202847499888,0.8156926375240859,0.1847796560152604,0.22253470656056043,1.0240091215575537,0.6049533474589222,0.7107438370840145,0.022194394864689777,0
0.45960432837146314,0.11423580368370598,0.4915890654489685,0.2581149041401759,0.5108757947055551,0.4563060444221192,0.27436505331254835,0.7012033697022215,0.3149966532800942,0.5022815684440172,2
0.7785988342976964,0.835898795199636,0.7387057876899724,0.8373764440128829,0.9093094417123255,0.3920821747340452,-0.11566764673266594,1.334992673675635,1.414786114722423,0.46056547836486544,3
0.049899693208061466,0.9074437183220284,0.8202280640622674,0.757372983498645,0.20461377988275317,0.2531213335408673,0.9524123557640196,0.5694683905320596,0.6953995880405858,0.09234878387708997,0
0.2846314568833016,0.4545568275098325,0.4430692886025491,0.28710275102997057,0.5708942494914119,0.6855083686261375,0.8506130452812719,0.20405941106915512,0.3930770879804146,0.5281631580538442,2
0.005226506902545579,0.9462305426300809,0.6927873423585132,0.21324827317390266,0.9914380726698615,0.3344591778995805,0.49961463313537047,0.6444302959788666,0.657211066225326,0.8291788951301452,1
0.3957289239638095,0.811187915839813,1.0456060238328349,0.7976181438929971,0.8171328111384092,0.30786112228232765,0.8573954941675644,1.01980080472308,0.5994267367278501,0.24948986839685022,2
0.8685672207514886,0.5249951177018305,0.9330300409181553,0.343568727550131,0.3971032050699981,0.37452231708642525,0.6792411669041576,0.6462455171107145,0.20997856614679344,0.37382730422953453,2
0.38290380761810894,0.45280019558929224,0.13411759788267702,0.4884958815483353,0.27349880892724243,0.11178939770636317,0.0789213692876511,0.8011250257081522,0.08051532748238571,0.5724473209784988,2
0.43709131668564055,1.6444628141154578,1.5457693856354342,0.34832943408231715,-0.16194015196782618,1.1541443233713609,1.3014439295730025,-0.5563512497988925,0.2891227964057383,0.48042415149563394,1
0.1919097432965335,0.162534178284238,0.004563746858165019,0.4880152087081456,0.4969576265404183,1.5479374390709606,0.678803174018282,0.5930894686498368,1.4202792643170854,-0.2875288677307535,3
0.38867873637314293,0.8528035315768779,0.4766978054470438,0.8014554564194589,0.006216421799600491,0.2631352012613485,0.5991805979376469,0.2605579422876282,0.15356352255469521,0.21651056972779312,1
0.31946850042781805,0.11539504602519611,0.2358761079529839,0.06703695625170045,0.4768814997811167,0.9086116509720064,1.1785278467742641,0.1940703393517296,0.3256051512370952,-0.04239723106389727,3
0.6729903177687648,0.43587048263609274,0.5845472601249229,0.766247080095057,0.5844621020726841,0.9077985782645183,0.6224335431702598,0.3163150278890533,0.22497463649977553,0.48412072288458236,2
0.34217388503966395,0.5633193110732576,0.3083827051726637,0.8667286549091857,1.0240943781863343,0.5886921600246163,0.31998962390890157,0.6300479322906763,0.46937991636894083,0.2939275537116303,2
0.36885456377366777,0.09509982517643528,0.616167037217048,0.1274805938789044,0.1664339955459225,0.6952170355210154,0.29884415398678726,0.29813502985150375,0.8857825261087068,0.2389619305110305,3
1.3140804124942105,1.1616626877073475,-0.3140664402035439,1.3617588595484247,0.3508593476161465,1.1221083621300005,0.3576535176724521,1.0209485808814798,0.03357132496576405,0.10281320295607714,2
1.421688909355301,0.43043727072700344,-0.006326737542530297,-0.6448312665754485,0.7465137984465269,0.3846695030041254,-0.679659559398393,-0.29039529743936976,0.3437140317858345,0.754213044894211,0
0.6277566272634951,0.7839088839480053,0.2391016351011434,0.6948716320669307,0.1284751229636639,0.8720670849248451,0.0019387085289403472,0.4463438145589877,-0.00583948348487251,0.34965509130376904,0
0.6381621245734508,1.8209527773495586,1.6895194954746133,1.429600896173311,0.8417784494292184,-0.1273737563051125,0.4667921848428539,-0.008442936486546232,-0.44015643289612916,1.0993737252527604,1
0.7652627308292153,0.6689134743979973,0.8013308911605654,0.05108463838776475,0.11696249920099963,0.04754382496634666,0.29443707779112394,0.940409994525981,0.8975081251402918,0.812729159192682,1
0.07743983209531302,0.8287615935643342,0.4608697565517271,0.8231358706554142,1.1393116655906685,0.8858202129385062,-0.14810136341211555,0.5591523037018289,1.201422573243746,0.5597052037246728,3
0.7834886216318592,0.8283726462748379,0.6317573888294008,0.2652200300550078,0.8904763256330734,0.9817995050570695,0.1457770595655558,0.4133012787196993,0.7172368905196957,0.45839646740611467,2
0.4216412055782083,0.1893658186918288,0.31792028657253923,0.14072269281419744,0.3998795058347063,0.8411197384102159,0.9748383020355056,0.2507207531859714,0.5008821769806701,-0.010530062265393145,3
0.38290475652484995,0.4913104899180254,0.5681974481670955,0.8760602067938087,0.3530738000014291,0.6558644055907086,1.1541216265015797,0.4225391518609879,0.28754820750342636,0.4680140117508452,0
0.9090856660266409,0.7343880132347781,0.5269998101934419,0.470272774457265,0.2745870076782129,0.26480577497760566,0.23177783667247376,0.12882365052187178,0.3788229516158228,0.866719939189012,1
0.1327688791514835,-0.2226222832599264,0.06767758902644576,0.18706557593043438,0.5553565460588806,0.8936928862565987,0.10775969517522024,0.751956891909416,0.9008438815719699,0.4915120878083192,1
0.010390697674464995,0.8781929802254691,0.6462162283268881,0.24251104777493335,0.8822313236751324,0.5013920530799295,0.6370425540030711,0.5315597866303957,0.6639021208404678,0.707334815549096,1
0.301879134585594,0.676247536811346,0.5010982193555987,0.5808396420120245,0.4582721040606183,0.5998766662078938,0.8099305394296052,0.16298494370076144,0.008239277839536041,0.7160524098456289,1
0.5901870311494984,0.13755265417961166,0.4729240541850522,0.2707427176175341,0.3998463360907342,0.45281772173368984,0.30298983043968436,0.8437250628213551,0.25407147558822246,0.5684343518714373,2
0.830430383892069,0.5498466648739753,0.52893651058633,0.6123855164659489,0.04508348893752284,0.3659641384070962,0.1949631378930289,0.4878117954443871,0.37084298309011243,0.44530645642734107,3
0.18712769435863713,-0.25758480648627585,0.35872461715043563,0.6521065412131974,0.9245065315837053,-0.26885596078803636,1.128115713128641,0.6986340615978426,0.457768345188876,0.7064087172097191,1
0.46905839973771246,0.8351870204797145,0.7986749797910269,0.8467291673468537,0.8644214147187403,0.38036200474778964,0.23249382017379047,0.9596041644083276,1.049858963727452,0.8311057348683653,3
0.3900520339306745,0.8260210219406231,0.507220661156379,0.6690298267519571,-0.03364880855519812,0.30961402776178976,0.6106971393840006,0.2931316954639854,0.03425066414602061,0.1933445489036827,1
0.580828396894195,0.9940158986174811,0.32912959296378613,0.5461363573650483,1.0112530839388838,0.5004885364701758,0.9333231336813034,0.13266789560408657,0.8998267636357398,0.8140431979750664,1
0.043258132802344376,0.5007240820668891,0.5908455780583253,1.009944657779116,0.9342988118414393,0.04481957144593304,0.8424742085497998,0.8964222640726758,0.5524178965615373,0.9535845313867742,1
0.6823715869298159,0.8463738025057403,0.6521841034062117,0.20653829026601947,0.8776672381185754,0.9147445016733078,0.09665601805839255,0.5134687350414044,0.6873380343106119,0.4173235219900753,2
0.35596599421967445,0.8555838075925308,0.4757085759133476,0.7961105576266485,-0.015487855312487798,0.2590248614212603,0.5646663231173448,0.23608896059501353,0.18833412118702178,0.22439566946435327,1
0.4145615519299587,0.8978488776935669,0.44982211075815176,0.742966352273748,0.04143475382846369,0.31332750827643596,0.6476029833772303,0.3257101524650206,0.17800486752325193,0.23387087659605466,1
0.4235072877890197,0.5622820378720137,0.39647155886788266,0.14345376150794095,0.04438043884377065,0.6475065104147449,0.03154038551197829,0.6321449738486484,0.9305160504252393,0.1598135051738929,3
0.4114246103122384,0.23644801304938656,0.23862037967568078,0.10846782721195125,0.23975581650439853,0.7997071640693182,0.958825314201759,0.16838986527768127,0.4806245386773832,-0.0498746015043416,3
0.5103022276096327,0.014855102190501637,0.4178833861026914,0.36660416818838315,0.13354846397697515,0.7722158713159284,0.19349089978757283,0.2566874680102605,1.0081700908100015,0.40260052358532417,3
0.6067331882307566,0.9497159818910047,0.3092217538698934,0.5694538006955353,0.9847386633249148,0.5008207194340778,0.9559705349887478,0.1404063644593668,0.8940448127522903,0.8310542335387826,1
0.3149974914210401,0.8968629550661793,0.6974377858870655,0.7990487497091432,0.42419309937510674,0.3005752290946479,0.893263969191998,0.11451646668590597,0.38915405175062934,0.7328216845919358,1
0.0543747352555397,0.7767404434760506,0.8433541029424995,0.2043143996097704,0.9736426079975292,0.5340701458310307,0.7003705359070692,0.4603359390368036,0.7143056417403053,0.5081390793732063,2
0.9347619739358508,0.6894330895439141,0.6814082640974486,0.23714819460438874,0.44118041275090214,0.4593355589567059,0.46089052606739933,0.987799344551395,0.6384764225325027,0.7976540444337615,3
0.288002599311534,0.3924108777000983,0.3970161419344741,0.5171737951739905,0.16382751303813442,0.5226637313909217,0.14758711267446928,0.7465687453384516,0.061321160210959125,0.7870979290284537,2
0.5508941503614445,0.9687661166260696,0.9448356231163777,0.9720910260576066,0.5119277351631487,0.5045299367402282,0.8561397797441864,0.09888433007330509,0.6078565526894363,0.7775462804253452,1
0.37991916516399776,0.9354789660841595,0.43393665448747143,0.692444394845117,-0.09398069909145527,0.3094429256177827,0.46532263082841885,0.2426489274685158,0.17566889353113674,0.27968551168380307,1
0.7829729289702657,0.8190395199047719,0.6642098330563729,0.30768637662366766,0.9153924853187332,1.004561678860994,0.11820682299488353,0.4564130628711494,0.6784148060019138,0.46030200623108564,2
0.8631881178679934,0.5546225353779721,0.6940821548195681,0.031532535868332975,0.2076960632272702,0.13559929333366344,0.3432462084329309,0.9643254223444495,1.0477620541592543,0.9242113039501479,1
-0.11769364167052218,0.3278563591816277,0.4051111388092909,1.177911712892226,1.0983576126671004,-0.19393508792387137,1.0240634463548826,1.0421725765763055,0.51099907201448,1.1103754716885013,1
0.6021493201568237,0.931607404966209,0.33094019785088374,0.5491125517372604,1.0110380771666925,0.5124976301467437,0.9666072029784573,0.124419065511037,0.893272179854205,0.8470362144253243,1
0.7365793695103922,0.7053824676704008,0.9367627441628588,0.14332386830872781,0.18694269438559918,0.042266938457301055,0.451931263248576,0.8386805906588972,0.8004973612717488,0.9249140356485753,1
0.7400288389604195,0.6426283006718586,0.3437378611848608,1.143522479860166,0.3310182764749372,0.9896174448444983,0.3028346184538997,1.0883688715344995,-0.21310013313425144,-0.2190448623016501,2
0.7787610499283831,0.8262762308748521,0.6053219397958763,0.31210080599978846,0.9280949395069638,0.9876483018218337,0.1464751854267826,0.4435986895351989,0.6603824850791893,0.4798226640739913,2
1.2264211262419173,0.9092377973450838,0.07114953224357479,0.5267631847143202,0.2749127092367136,-0.19649384770463668,-0.4088982377087025,1.2938417967146447,0.7575087095034287,0.39227953609805577,1
0.6582278680600704,1.039100117091746,0.719944715151388,1.1034579175294752,0.6807988148839565,0.30405711155520104,0.19726923852868905,0.8808014154821419,0.8325988859150744,1.0628123566848848,3
0.8353714712192539,0.08159532191396707,0.6935279079778686,-0.10287963564000319,0.6093177439071871,0.8204379618845965,0.2966054462736237,1.143188525434644,-0.23153674543854735,0.423608805729357,3
0.5137205976422679,0.21177723562853434,0.32641006030719094,0.10579039172041342,0.4512963154932973,0.7657985035652963,0.8657635136797902,0.15864343295631614,0.38544392347988643,0.07040666858556399,3
0.24533530482221355,0.8440080168238115,0.8213089146789294,0.8880407723289931,0.30179934117455,0.16169667545957767,0.7741976309294512,0.051254330566014014,0.29048941403168493,0.7947046843644882,1
0.09562297888524751,-0.2922492188314444,0.46350820983147084,-0.22941667328950388,0.22879057970323868,0.9356582301371921,0.9854389998889819,1.0792580066715267,0.6500288829027961,1.1596181568757644,3
0.39579830725478915,0.5380124013375049,0.43060525988988513,0.5038313185127132,0.4684635534721155,0.9602877148286633,-0.04296548945202991,0.48892171082837416,0.4314526697808332,0.15855383783495952,0
0.7501629688471955,0.8254299981500441,0.6890181956537511,0.2363164756870516,0.980885149322257,0.9299375430207204,0.08751059274065476,0.40132504351628373,0.6909652115546506,0.3881281057800185,2
0.363287947757892,0.8483032373011827,0.4540858286464247,0.8144079976102512,-0.005633257338396577,0.2850996961634483,0.5827587276142768,0.26559546423984653,0.16017475860089536,0.22724750972660185,1
0.31361373160397554,1.1119474479725824,0.7161697803460398,0.631800834007034,0.6563655776336921,0.12728178668589538,1.0364793837984476,1.186764670731089,0.5196802286517453,-0.0614653912289283,2
0.018487861376336373,0.6722458694702877,0.8796051353081284,0.5573809295621841,0.7288811223774732,0.6786163528517676,0.36627146823702167,0.45908946862338895,0.40633265244717676,0.5581842010235878,1
0.6951233089505209,0.6242768965278822,0.2365492129952782,0.42275942555298357,0.11939407509778777,0.49997977851801895,0.2876448239574197,0.4572138877311572,0.5538792185182678,0.30029034621498746,3
0.3719358180474557,0.04999460944046545,0.20925257716601725,0.4562948145567944,0.48179379906686615,0.23386933015019393,0.18674577605837406,0.941171972254351,0.5731898196777344,0.7005709828357378,2
0.46302249736487844,0.5591104417368886,0.1633290263358815,0.5900658986889646,0.48713241537533397,0.6880620282400643,0.9577841818252806,0.8814102441053767,0.44438208750157754,0.2197780509171881,3
0.08428877345768303,0.9237793777267674,0.8125895130930912,0.8056591365676772,0.1717203035360233,0.2701430483220753,0.9676465463499403,0.5595364657839681,0.703673057461095,0.05094746712635538,0
0.12810233952550187,0.6122662160121477,0.8201730609512782,0.5302992619480631,0.623257007470723,0.7695345710152877,0.47116960562632076,0.6565771532072842,0.528890148721649,0.4354691068296983,1
0.09724478922868791,0.6670613932543735,0.937385160325293,0.6118917901070179,0.7173039439576357,0.635674245854624,0.417611987126652,0.44769337473691106,0.33779658818213926,0.4989964572059152,1
0.16769487966292523,0.09247522931072513,0.4687072495540328,0.7214387607861295,0.0912212538014768,0.35371555447005654,0.6206450589815775,0.8745042534504399,0.39388125405912416,0.44868774151828983,0
0.9130466446263843,0.7359306879879935,0.5237193972363398,0.4724382999978399,0.2743295052457149,0.2675651802185074,0.2258606645265123,0.13594529755745186,0.38210451922879285,0.8699672620559968,1
0.2522846788209571,1.1310991368147432,-0.14312212088127732,0.21711265037670316,0.7098022293011761,1.2498254198048049,0.7143573182024087,0.5625470751864567,-0.04420808085134881,1.1341370610816324,0
0.8009870049677521,1.1675738758464942,0.41138008368410345,0.5061318660020958,0.8997352740470289,0.499311118273305,-0.14415410072621576,1.152772566131529,1.077598456640985,1.2475008562691126,3
0.2665609118530298,0.39500982934502615,0.30047435905057224,1.3073652864298504,0.9359849443986641,0.05702387882303919,1.1584922860668436,1.0477684350039222,0.6474618423084674,1.3788824984847874,1
0.832014326472232,0.8531518815996877,1.2916469802819452,0.6557589729499577,1.2137196038348235,0.4659992330380825,-0.324890475914678,0.7795833905645795,1.3890832572602037,1.1588753324260592,3
0.46456505923072977,0.8877242780884449,0.4205022860481864,0.7060461569115588,0.21437648254927585,0.8563869029485087,0.33518409378808905,0.12291233120647516,0.6036406351589867,-0.02331471966675465,0
0.9237408974445281,0.44352152437512177,-0.024960838421545735,1.0336663212681287,0.016493811032774135,0.11583396590842197,0.019820243237686556,0.9082529709030172,0.7384111715665423,0.050572884500238204,3
0.0632686473887598,0.7798945659512132,0.8504901946216915,0.2207158005536269,0.9903766787062455,0.5268121051458471,0.6929875859945595,0.462036649905854,0.7161619870015137,0.5134001919557922,2
0.3581278310802655,0.8558095846582129,0.4490102788020864,0.7931234101957981,0.03740619778278513,0.2875754920137374,0.6328487049977384,0.2583691456817466,0.12141813857570449,0.25125889089787423,1
0.08267395811537781,0.3859777593903039,0.002994805821989195,-0.027296166069253003,0.46653101381903217,0.1599010007585674,0.20258258601482104,0.3902103881703949,0.8439827387048489,0.3417337684554836,2
0.06843382653771882,0.19583741971645605,0.2538724108712963,-0.0075815219193946515,0.33738276833616976,0.7548510453842612,0.47175715185650435,1.0500252444445841,-0.24518634350745244,0.21943848302949784,3
0.1830985107321621,0.15142099136109982,0.34956572400208286,0.7850115217532274,0.14455026519116176,0.4329118963618235,0.518181413294929,0.8523172089655223,0.4675370890795844,0.5088010235504487,0
0.33497262239977477,0.9249733852094237,0.8957604728012485,0.6195512142081395,0.7725202813201952,0.23148039894920794,0.8565540747323986,0.9085189921034037,0.550199592647624,0.08368582382003499,2
0.46113900979890926,0.4490591647648037,1.09941074955549,0.4618715151869004,0.03118363373483339,0.30574895147479164,0.33845473401314446,0.9720651095970374,0.6673560647004568,1.0540846401005548,1
0.4087696367174538,1.0091388134444812,0.7308118609075044,0.8357360464503514,0.4536524467335525,0.13671658339299717,0.8384957895231511,0.12155521519585792,0.33220278942718584,0.6943926633624405,1
0.6737854942023155,0.8910981771534883,0.28862168602836175,0.7010696676048443,0.5464192186560342,0.6334935494940273,0.11486339223067067,-0.050243648147952735,0.47940671316961425,0.05858897938354615,0
0.7803250821471641,0.4806925351488639,-0.023147253729522477,0.910564976506983,0.7686292968308792,0.45530962400664127,0.30705067758595633,1.2696257323535791,-0.025060458487695676,0.21347993783077368,2
-0.00025331264485356497,0.613883544635164,0.5352760397168131,0.9637827124521712,0.12118153510576507,-0.009069324446599691,0.5732871267428079,0.3299892752303244,-0.010871255925166357,0.6886060885969468,1
0.798012644563799,0.8367542593264428,0.5126571070912617,0.4188536132103278,0.37982491830261256,0.1919171641734833,0.2728811492795326,0.023159867086775435,0.39037787558245846,0.8785214982213753,1
0.5549516593676104,0.4211194069002696,0.5138918774734931,0.05623835138900428,0.3852563338988161,1.0885689729100447,0.7784942831770402,-0.08624696009499278,0.14859633346558293,-0.06580896575697837,3
0.7675013841309642,0.8411446917637834,0.6433242900450878,0.2839057806098341,0.9166184131081503,0.9971747052398277,0.1366390638577711,0.43184883359967063,0.6941496431187194,0.4343014786290447,2
0.7262629882246445,0.6207885073371182,0.6510612200858114,0.5387955067109846,0.16348682335830494,0.24472174593643686,0.2757449674443145,0.41669416859270636,0.47731131997288717,0.513613754652303,3
0.24229063443722662,0.43644050744196783,0.5845628839682021,0.24753775676361983,0.7101316197193195,0.9321271186703199,0.8619325869548484,0.10152664706415064,0.42958493497335576,0.6635493247848521,3
0.39783261618326166,0.7812336357740004,0.40812065315281226,0.8481235356349152,0.048600645512497945,0.3203725774646725,0.6386020255081698,0.31598311290479014,0.14726193026795822,0.2530599716132155,1
0.8747089800663238,0.5649825127083732,0.11654492518182025,0.8919673169334587,0.03389884921214548,0.056425669566346814,0.02800862779403834,0.9288014733254825,0.9131787405120846,-0.07071526145427236,3
0.6689530179832907,0.4374179567664023,0.49383768792314103,0.06938624773455726,0.5985881809620209,1.2741725810214797,1.0804541454958074,0.4304289628552155,0.8369388998169295,0.5107811313460277,3
0.7939241086925803,0.5215353028691857,0.5936526853707097,0.5742806746753687,0.05955640236301329,0.3808339881069961,0.1763718829937037,0.5545369649389305,0.390155063688963,0.388429017622614,3
0.9818957164673436,0.7261760886950335,0.4593793299201893,0.4866772053667095,0.21553146294856163,0.3027785452810563,0.16822721849107955,0.07874278266973236,0.3213330502499086,0.794614049436191,1
0.1231314310016089,0.9527506545070974,0.6227495414438264,0.231287522084548,0.9915582990210265,0.4046917876031248,0.6299246563754581,0.634585957227619,0.715248313055027,0.6582684704687162,1
0.7899405264305382,0.47973236500675476,0.7302662013422733,0.5177019995854658,0.630336184453052,0.07818637496551338,0.6672824823134655,0.436148384026262,0.07561846367438778,0.06551938793822674,2
0.2613801750495969,0.9327175128781362,0.6537335032367083,0.4781886221919661,0.7924316842346583,0.6324435065034609,0.6396637750595426,0.5381965636851949,0.18930233266953989,0.3267017871130533,3
0.4342386403190361,0.4727860529688849,0.6990093314505281,0.2381264106763316,0.18213718177583751,0.03900048550460569,0.45216059537176256,0.6233225562929852,1.0487465118526726,0.9037093311469889,1
0.8527983316143788,0.5815393034082623,0.7354459942397711,0.6810501568613728,0.33913974759692456,0.7703696056816822,-0.2544521401864045,0.22072204023511366,-0.29616318917843254,0.7383251084936138,2
0.3085310310719432,0.614180993068302,1.1481859661998826,0.5638367970125304,0.15243400198326293,0.3798612557613087,1.3862050955032115,0.21726981467779463,0.8416451275364493,0.10927341442920391,3
0.018984877059490438,0.8587813922865981,0.8808575100693157,0.42296953631020984,0.9895922899681182,0.3620230473921974,0.44316463134752976,0.7135327417785304,0.513192674114487,0.6821979472151654,1
0.2556579561661872,0.7760151798127202,0.6003893924440227,0.6891422002218748,-0.13422302158564775,0.3195899356041702,0.4839301103538751,0.26996391599464237,0.2470184282702074,0.22550524600537364,1
1.5666189311166139,0.5153010809501886,-0.5861321177654473,-0.670185377387072,-0.8788837267073427,0.37798282503885106,0.3748803847201372,1.547669328820579,0.43946841232804223,-0.5864809218416711,0
0.5650228219574895,0.6039663792338115,-0.9535926746991776,0.7960825095080565,0.8355269092285452,0.8446075846505844,-0.16468834439392138,-0.36779594094281787,-0.5336912753438484,-0.6810039109118571,0
0.07968465641969036,1.0234293038701359,0.9374545677477601,0.6736394895830381,0.18224570593652034,0.062442871885398626,0.711852498997936,0.3106628015723055,0.5614289389078548,0.795242491130452,1
0.45651687500948746,0.5335654598784547,0.18701241899063958,0.5712775830580713,0.49934309285922235,0.6648944539884103,0.9572730686971129,0.8732036364277418,0.4422283742368545,0.21028339035570104,3
0.18724577593588765,0.7661555797172219,0.49789351822917777,0.9928941168979682,-0.13317293593697813,0.24627684071996414,0.4900211346089406,0.46172993418927777,0.26516314458436674,0.19401832158756926,1
1.3053614889956788,0.079162401003391,0.7401113618735699,0.3814625964797723,0.46073628797914257,0.5680951180786881,0.25697843685226773,1.1220742926010003,-0.2647577619768672,0.16050495036617782,2
-0.2888490613409257,0.4242910141810221,0.7692989884620021,-0.09145767768809898,0.884907084302119,0.05661097157770192,1.2740910931222895,0.21541197789967748,0.01640713279991013,1.4379085556073377,1
1.065012380980405,0.2771242876706623,0.47211895377412516,0.07165313262861775,0.8879238793753557,0.29769445562075125,0.22952419862749474,0.5655230532625354,-0.1756466991319283,0.12196698484446852,3
0.896186672442335,0.7824309284102854,0.49285822063511164,0.5191441717331955,0.22441817104925044,0.22943373160627173,0.19670421767080953,0.1794258429665096,0.3674220482730294,0.824662025806962,1
0.3792259825377895,0.11573828019615107,0.6023794605944806,0.1749647556217043,0.11516429071973434,0.7371464751295657,0.3092414224590882,0.3080495494570084,0.8835757399243688,0.2585970286780916,3
0.05162760929832193,0.9615697547340052,0.640655086226455,0.289454750201982,0.8988386417852717,0.4664585398579347,0.5508260430818211,0.5448433817507928,0.7336280495771991,0.7685219667984157,1
0.3241638875639336,0.42295697743514993,0.4581508813037899,0.26710151383362707,0.5792991283553779,0.697766996137409,0.8075360835446614,0.23462496283664094,0.4139718246006654,0.4842849874962294,2
0.288247128857838,0.7751945215253557,1.2669029831130065,0.26067616717488484,-0.35359253045522,-0.20911995699246416,1.2257494569389706,0.6708263911084497,0.9415286581218056,0.31539172783483527,0
0.38831593269707965,0.5363961881097364,0.23884023626381265,0.5264251616744114,0.48923685849791926,0.7304056897018627,0.911583164853835,0.9165936314576262,0.39152864697630196,0.22429356608648407,3
0.42218040752682623,0.40878829682343315,0.10401889469469837,0.5429152699394052,0.34665202880443796,0.09955381939510782,0.0556489336555085,0.7771264953460904,0.0835874128626826,0.6007810578152373,2
0.4982319083165164,0.7276911137398783,0.23026442150737764,0.49572366819275065,-0.003453305754845898,0.8811624285842238,0.6043795500979798,0.35535693711319677,0.18760250065035475,0.8607607414663351,1
0.2950460343220557,1.2318753922234844,0.13921118071605043,0.6186855871088013,0.9176071661614541,0.035949671808150674,0.05153982400047408,1.1265679333940664,0.8059931108949105,0.6205241859999748,3
0.029917087029528763,0.9655727538016322,0.646119639673958,0.3319807617811656,0.9623874369587989,0.38267543360418194,0.5975268929710923,0.5923754577939156,0.6680171443685202,0.7298237623348359,1
0.0358434546740493,0.592333623282952,0.8066635843195795,0.6379163891680271,0.6588615019744443,0.651527271443741,0.4877021300073493,0.481038614490214,0.37707563371734204,0.5599063400177099,1
0.0891467234470783,0.8998539698254434,0.7228103151244352,0.32138353833535077,0.992142067840655,0.3310759078586483,0.5007445280870779,0.6882014057084938,0.6318435596426835,0.6492839552517785,1
0.5574707887879389,0.2854457639290846,0.24800786347019774,0.04231406756294635,0.42394149143742393,0.9371896643630477,0.9615269900751379,0.1534684609672936,0.595732152761981,-0.14096159756162702,3
1.1576968338036975,0.5663188648203925,0.4916940109127574,0.31771387470317297,0.6584666721850072,0.8523814487346933,0.14550770617698294,0.6430831166994371,0.9517385674104062,0.43039935021636444,3
0.416191897640613,0.829850501890312,0.7868595898969472,1.012989543600755,0.8780209440805082,0.3563756610922284,0.11960195588799363,0.7929548006409088,1.0062631525547714,0.7430622962821397,3
0.39408329113583296,0.9535466318401554,0.7022495321701002,0.7845103620704557,0.45035138610724834,0.2717578216871559,0.9573890546946776,0.17767949903294664,0.36250016369269694,0.5757341946551706,1
0.5197772662190454,0.3655804076230411,0.5871501799066386,0.022676355330477918,0.9553811840083514,0.7716902317452531,0.5481684064311835,0.7604118778185762,0.13198019044150233,0.6029267799926326,3
1.0656425735642663,0.6571593916430731,0.3582052578270086,0.5517660226180443,0.21297727871651212,0.4271618614189597,0.3363617036618937,-0.017559505042563567,0.4847761266298271,0.9522238662325488,1
0.3486781207214209,0.7219043481860412,0.9686231780642757,1.0419400999164647,1.0019694779959516,0.7091856018761515,0.09515880429546299,0.9727248096328167,0.7207581149678381,0.6626890066449778,3
0.3331952580421008,0.03205260072402556,0.5797006976705613,0.1407494616526497,0.07760705678875217,0.7988619411047984,0.35908693287146765,0.2681624580792836,0.909243744311123,0.21344455906117218,3
-0.256263450702094,0.5537449740674574,0.4994228280606466,0.5451394477330742,0.18804447411434175,0.41180471315889794,1.3729964856381576,0.2898169548732451,0.6997731552170448,-0.2669304306641249,0
0.4326044930813676,0.24785068596499754,0.24916346360708755,0.09762485894112824,0.3325710100903056,0.8714504301207333,0.9040520420465707,0.3052171889761372,0.4957779055592089,0.09641380929790035,3
0.9162578234038876,0.1097363717640093,-0.03497325131792023,0.6709917231291813,1.0412457353177662,0.18428022117457488,0.6914488477459554,0.7330639406393302,0.7222460779153224,0.7100720902545493,1
-0.6592476918274671,-0.3016203412967327,0.8984869283225496,0.49798030592215015,0.15889097513693518,0.42553392068992896,0.7173600846259991,0.572301711465079,-0.33756020370592377,-0.09426845180270105,2
0.11529172653832333,0.35873717381685366,0.002325521236318781,0.0860462231922822,0.4411478174504274,0.08588891024329252,0.1662619199790598,0.394482386904417,0.9228585666985789,0.2389464868492668,2
1.015932993480797,0.8659562455065929,1.0603603136710609,1.3449767941769775,1.3336733418376914,0.39171219736153634,0.2998497532973561,0.9390251294360814,0.4014424115997618,1.1914953358288625,3
0.4348758727675776,0.5658704471820664,0.3905094222246025,0.11383207510849899,0.02492043505358342,0.6816138732835196,-0.004522243219633168,0.6550189748291979,0.8967074975050553,0.17478749117375755,3
0.35994931495367455,0.3825007890594573,0.10637954007490001,0.6286402690636557,0.4092883043901523,0.039959660477828715,0.0910488797504952,0.7368388382850543,0.09198308959088919,0.5918968768304262,2
0.9412425535981535,0.45717882779972496,0.015542383790912823,0.997108317615762,0.027418406724747643,0.0969534912559577,0.03465801802827035,0.896859674338554,0.7520216255679529,0.046296878409619185,3
0.619077525832299,0.7210801774444715,1.0568275042947957,0.21167598543374855,-0.04347870271344484,0.17104219661419423,0.5551909998851821,0.9947208778118608,0.7522806313639154,0.9931169349987894,1
0.9581978861240843,0.6973049982835916,0.6561870065767332,0.20035671222193085,-0.013997029509269954,-0.1682586690013803,0.22098622753807617,0.8015146727360173,0.7287542389339853,0.9438097319362267,1
0.20592648707577443,0.5062108468086818,0.6115736133656637,0.9030950697857979,0.885430564824448,0.06809283826483169,0.7493984008756115,0.9992638134527557,0.514099335258581,0.9373957313093396,1
0.5061304511272471,0.3117162617031614,0.896390880960066,0.20496326085189442,-0.2491359093027627,0.060017391071354675,0.3671448076594972,0.5719427923313362,0.5368016921287366,0.35128880161579257,3
0.3297232222564529,0.8339554369922756,0.43328615922176245,0.7274327077838728,0.008276576514475619,0.19257563983250026,0.5604900981157472,0.249552436784753,0.12088629300689577,0.1406666566821208,1
0.41919049290589944,0.7962930347299461,0.6774436392561538,0.8985321705282932,0.7908197239672615,0.40520977150164156,0.2861688320546332,0.8909830790785999,1.0777280172774577,0.7345484209508406,3
0.30089973754934907,0.8438267200797285,0.6021896781965205,0.45976784661653214,0.7014332803042342,0.7187746347861265,0.7154117166451313,0.4066062198597926,0.21893737504291091,0.2966050609339431,3
0.3880399687299001,0.7656444963510951,0.03876802262092549,1.046274269435927,0.8006034691441641,0.34619997100520455,1.3048161856087632,1.1511517423159146,1.0018514267467986,1.0286609340896746,1
0.8566696804314148,0.7402991361306084,0.5173342966302756,0.5241969074269285,0.2192444708040933,0.20625422122424877,0.15991980735775657,0.0963597221196877,0.4060631854789577,0.8126378482878627,1
0.28065165352157945,0.3371884083252953,0.24969030277493753,-0.007146660610171499,0.7200523729830658,0.873224790467463,0.6438990480859742,0.038578004451999624,0.6081849225746235,0.32962679338165474,3
0.3577305493090976,0.22505849887972137,0.40347821322944477,0.9734174431034568,1.0275179508084658,0.5090627635754246,0.5379564078688708,0.28285970442316155,0.45221796393828495,0.07201159205815877,3
0.9287835277870586,0.4623789527077261,0.030465262634066098,0.99172183489646,0.03479965212560664,0.14790526250865904,0.02391522015071972,0.8909938669609665,0.7925320084225962,0.03820506788571109,3
0.3749971401047215,0.2594112005524634,0.8302473844980889,0.09382806309246744,0.36041324955687537,0.2463342818617006,1.0413373702997797,0.3740452514789345,1.0126870625329092,0.33905985151991636,3
0.13382082513838844,0.9269377746193728,0.7471878052308589,0.3788139536160867,0.8739677738107337,0.44670249668692463,0.526361081108629,0.68808812042471,0.725148692456111,0.735422115672238,1
0.15536701591867316,0.3179151843071792,0.08089766469601692,0.04315203286074516,0.45742500489172394,0.02668139234859325,0.14103223127899248,0.34131319497598145,0.8507540899793751,0.29525663272504876,2
-0.09359157852024708,0.6797146426899868,0.8402699711257349,1.3086201949533058,0.599652172257463,0.37419399993852914,0.9852497704761227,0.8768903793288553,0.6397227100044348,0.7879690504869524,1
0.044149290349260496,0.950595663027062,0.6836533758529728,0.312106582108591,0.9275364045094283,0.4012179291928136,0.6022330511931905,0.5894077492361638,0.685615849190481,0.7188301412476334,1
0.7237199233971472,0.6274628947463263,0.7931394946724837,0.735056600440046,0.2625450569250373,0.8147359865215567,0.6039280388843106,0.5245156984698127,0.2860774731831807,0.6221699888817724,2
0.02316457722002049,0.9793057998563846,0.680892018905142,0.29753881098260826,0.9669239021715991,0.3561548767696508,0.6193989880724942,0.5989294764297829,0.6522997079244375,0.7029042982122371,1
0.05561340416586393,0.7741574647678843,0.8468521456555353,0.21862529958868568,0.9873037327274361,0.5307562193293772,0.6849856656530028,0.46195832898815886,0.7161105481487442,0.5073301804012684,2
1.4106765536395687,0.7953956387166679,0.9468504949810224,0.2799663696516305,0.6857959279392979,0.17338334008983564,0.6045882823713629,0.7185683123477986,0.4087812357422519,0.608971045334111,3
0.5470803369843737,0.7266865712760279,0.2868145693566171,0.6518335655881958,0.20807147787004412,1.0623944905572968,0.10474313793754005,0.29989505993942406,-0.06700375559635327,0.3053364446546383,0
0.1789718880873593,-0.013555602532060701,0.5192904549737127,0.03255533861422363,0.3797372039505316,0.43783963446464014,0.6255429589694201,0.8863473896664715,0.29440308717608943,0.4204747950078348,3
0.9132306498738786,0.5204574361176483,-0.002686539163813329,0.9591004499238585,0.09409624769467197,0.10996126379772166,0.04148463904121989,0.9303842937745769,0.7736136288934864,0.05208481851757201,3
0.46622555728645515,0.2867496749332115,0.24327932799686774,0.16690653444562553,0.21685847853790247,1.1117153258416337,1.2486612461325484,0.038717854692455006,0.36072120960644466,0.06948610504640683,3
0.29747388739854047,0.5909311289506664,0.9432141214852698,1.2154279882968053,0.629945315484463,1.1251745782222815,1.0572800535691713,0.628977743050601,-0.1373816814756506,0.8080900058053161,1
0.2669520121236877,0.9511828490093853,0.6650882485836646,0.4822586656691667,0.7888645466732608,0.6297679093228296,0.6078539068998023,0.512971174756361,0.1646432629321767,0.3482259548894275,3
1.0561727458281542,0.7951710517498957,0.6037248336402433,0.46016368542105723,0.1881231396871088,0.12701098844235373,0.3009209782119035,0.11656658680250177,0.18162170442048156,0.6590589958349038,1
0.06459517337805834,0.40373479210115737,-0.013032173402807323,-0.29289049724228094,0.948546279378866,0.4669798682869994,0.637160907395711,-0.13769090824243982,0.39018525436283236,0.4504459360408537,3
0.4162423408663295,0.5272940301450203,0.17533834130434386,0.5809074342707761,0.5322828861672101,0.6286143212216243,0.9565478756159101,0.8359664804323363,0.40578803995504614,0.1908839098333246,3
0.3007083062426188,0.1282686546907455,0.165896194223551,-0.2002343298278604,0.9162685648213464,0.9048988838366918,0.5048856696770407,0.1784176310879237,0.7590382583957662,0.4581007631127848,3
0.1594876241696516,0.8318018757607212,0.9979014869925136,1.1012715426606259,0.3854661175391731,0.22240080417285807,0.8193921693745017,-0.20247207260814415,0.6442197547557622,0.48161995151176773,1
-0.20636439288374597,0.7139974371224289,1.014971533673266,0.7485100294134793,0.6709277015872979,0.6647991883566808,-0.0618369815020669,0.3052243320773218,-0.0061562931994451064,0.739840564190991,2
0.33540780728248654,0.022457870443373107,1.2555728658053735,1.2847511330931645,0.16618973092106465,0.907070481555603,1.1393523511601706,-0.583732512980845,0.2559147635245317,1.0318921385527942,1
0.9420604228281703,1.0552494897082865,0.8149854393470374,-0.0574215984348794,0.5897904386416241,-0.35197048982064333,0.5833533095395255,0.5950618187075822,1.1129400090438484,0.7534610028726574,1
0.38843621182241483,0.5377267308290783,0.3501667875234393,0.14762888776265687,0.01977884505643374,0.7014644386535137,0.06751999940767642,0.627553510568463,0.9526679777555084,0.16825950778427448,3
0.2692845227963452,0.8272165652634799,0.9485720288332754,0.380352862124259,0.7305341142571073,0.02501043362038946,0.27578958898947636,-0.3064804401639351,0.36110745339499906,0.9262088313854099,1
0.45944353542744154,0.029394338000531123,0.6356692100845953,0.2674781229455912,0.05901304993447051,0.7701031239884695,0.3301753498308931,0.3912215717377675,0.9155681846280742,0.2082182330969152,3
0.7127566676141934,0.4351902498908328,0.6296012070570729,0.7275651274192599,0.5373173572458138,0.9223371358325093,0.6521285629086022,0.32849030095081794,0.20041624150207224,0.47342747176460037,2
0.5780869111177843,0.5974941088530663,0.5953199103259255,0.45313255743903263,0.9453419239362313,0.41209223579565324,0.2613394295671019,1.165605673577146,0.6167254613661932,0.547487437461864,1
0.4454028006739985,0.7657273124576736,1.122087160632361,-0.24773219038265543,-0.13647965755435665,0.3797286147218798,0.08611531024299435,0.866958404304241,0.9707413270346241,0.631485925046545,1
0.9691906034339577,0.3986032332312519,0.4398421297937769,0.2798724562229915,-0.1290474255285403,0.5201490320449377,0.520140773550628,0.9180330706736236,0.3949823859335815,0.4271481444446566,0
0.23216101730230787,0.9556477156479897,0.7016649682134175,0.47746142193897,0.7519580048399691,0.5852106482659747,0.6188672220370718,0.5340461142940268,0.19161838197389125,0.387356367421123,3
0.06657043104366418,0.7845705152838208,0.8396648407954637,0.2242076881844066,0.9926555983228522,0.5388997612903849,0.68550726479233,0.449538218196505,0.7238918251150468,0.5050471482711196,2
0.31896448086333784,0.8597342524189555,0.6232785280358671,0.8002424688270714,0.4350367334620593,0.2392487247994162,0.9368416794942385,0.09718527796054155,0.38686931381880385,0.7166360194133197,1
0.6418628208346313,0.2721862638966194,0.6667745989087501,0.311365770487246,0.4392082075262621,0.3210146292521284,0.4515390615558023,0.9780712920376188,0.48394523875255635,0.558228960135331,2
0.2053319816499149,0.681485920472533,0.8341518021076113,0.626595552156099,0.7836660029889453,0.5322836274305465,0.314763336527325,0.33562224341877434,0.40182492178335677,0.43612889562052687,1
0.3113053901178378,0.7715390718952374,0.43398764616422425,1.0821596002565328,0.6176006860305563,0.19137801827236137,0.9719773620131806,0.010956405852246998,0.5930672935779246,0.9148689132142291,1
0.828646405161019,0.22909050091950833,1.4073119752158,1.1944380127535728,0.5617513388767348,0.33817481105556424,0.3158511394536131,1.3604188167208786,0.6402888927789663,0.2617532412900665,3
-0.08005098876929367,0.7716627618054827,1.1227475343627198,-0.2855024346581666,1.167246412477401,0.7983850458452737,0.5413090206620149,-0.2568724223414815,0.4236482766813604,0.09588521326175636,3
0.04591185468707028,0.24248673553674496,0.17030045579160502,0.20487644014275805,0.2524510791384105,0.8525519298815051,0.2487848029332892,0.31095423718908,0.6347360003413975,0.5234675276962286,1
0.048862408279463136,0.8835340447376585,0.7015129837573658,0.23892183274423498,0.8461314011469019,0.2658609516525116,0.5241906543050463,0.6203068887386943,0.7946889800790597,0.5994323989346115,1
0.35741718378956566,0.279412320838618,-0.041286720400389526,0.40548495016306474,0.039651742720973826,1.1401005899125736,0.09507469783282077,0.31599672505132764,0.7155126514967525,0.3287117080973222,1
0.29033270714083315,0.09456351564546381,0.5085922626496484,0.060512123628451944,0.2945186444141522,0.9521407079336237,0.8044294544931784,0.2361936541890447,0.5587110022277306,-0.19023520945458275,3
-0.07569956719798632,0.23426004093432856,0.793813835310642,0.07081600058696239,0.13115256227185934,-0.17823075976142116,0.7523516252140408,0.04966510896506757,0.8139582507220842,0.19601240069010473,3
0.24949862824381444,0.442070722845278,0.5086833725209289,0.20726481288830395,0.5939923309541518,0.7086125993216518,0.8578964948154792,0.2587144920743078,0.388178667397048,0.5103785527585816,2
0.3137803954066222,0.8813687006713566,0.6805243027861808,0.7649441615057558,0.4118684601374381,0.27086761804005965,0.876676255419208,0.13094158490989655,0.36802630296274713,0.7572291280825061,1
1.2939900376699418,0.44565826829908717,0.08438189995521882,0.7031227992803869,1.0028896093211825,0.7110740628477455,0.2887174588595136,1.2557158784923366,0.4272564738718321,0.43349334826516345,2
0.7317637903475773,0.4398984025244164,0.6438140044787548,0.7082143631024247,0.5981747538476434,0.9632974139166905,0.690201953814974,0.33462117292620663,0.1444927046874084,0.5181415977915835,2
0.6589150142699631,0.01657840860945567,-0.17410025636669402,0.47024597042318855,1.1150612146271013,0.8350125209784705,0.7113347998245179,-0.3239711628400222,0.10934326542564915,0.017502048319289393,3
0.42669411960139597,0.5033728623277294,0.4086397892379501,0.32092786830529374,-0.25023269081966426,0.582415723476811,0.6212150975938383,0.7469291494786094,0.5486744388746218,0.4558000544026823,0
-0.10094710094552009,1.0913227598210857,0.6707503315424933,0.4000801073717803,0.8864760523101209,0.45806118290475506,0.5163384895283146,0.7298754759584504,0.577886175385453,0.7624876731916096,1
0.19978231174911454,0.8709264192207986,0.6837123992523747,0.650045973568153,0.5445663633323816,0.3779149855007235,0.9670441313719494,0.12350943592980265,0.5092579933477038,0.8722719039716174,1
0.17492765247677355,0.6838099479546463,-0.11521963585138634,-0.6013683289477012,0.7856953942667526,0.3140938062258609,1.2036391982737211,0.62801341746206,0.8657361913932461,0.0316943768512416,3
0.22424349133827048,0.9849798761157691,0.5635165681613237,0.2066275493888473,0.918295938398061,0.4673010273693456,0.5950103608289717,0.6496065746324867,0.8237992578037208,0.7591276467745499,1
0.9485353633077056,0.07768011182704172,-0.0006509388307916284,0.7002262930489187,0.9768240614202581,0.15135554374246288,0.6324490437860669,0.7122306853715683,0.6765108047569612,0.7089322023285456,1
-0.43086945695932866,0.8657263600522973,0.9166073548072393,0.6720353244112215,0.5522246657857965,-0.3035477229887734,0.652546824325942,0.16243439063337495,0.6959513232364691,-0.20624450827029212,0
0.9747736344130733,0.3881757421943085,0.04558931011295591,0.8338196228613758,0.19046647415678247,0.08869475023690845,-0.051847352261031904,0.940720004310991,0.6937986929624018,-0.04833255196303733,3
0.908547603994689,0.13411404957345657,0.7127694877184787,-0.5512748925343876,0.41007329127602754,0.48560841875110455,1.1202625757711986,0.36764699923305955,0.1241953835323879,0.17043110270398915,3
-0.16987131021121482,0.7827341447358396,1.062990397065642,0.6560700171874635,0.5241195373902134,0.8166011138168123,0.23571382645074418,0.2852056440247598,0.4331063403454626,0.4633258114405161,1
0.4820099399897926,0.16400363429445716,0.5057298527032955,0.10102351380800421,0.6527316702145305,0.7845772470769987,0.7592707989458518,-0.02181081412763114,0.7195155525473056,0.32684526023562527,3
0.36988455459786446,0.946026187334904,0.5744692440309946,0.8140624314266687,-0.14950125703690192,0.35136621854188493,0.5463337765889005,0.31635235674954876,0.33345627790402,0.1784290903612591,1
0.6154010497405453,1.0472086948841064,0.43959936749921297,0.6420531120240796,0.9761788002188911,0.5107366636353052,1.1734521428023448,0.344510373138202,0.8935391320370016,0.8581035329511406,1
0.4253438917870847,0.781755882198846,0.49659611054436714,0.7196465558995178,-0.04045032791681616,0.26877375366894396,0.6816807428662587,0.27943910972716257,0.20229315801494796,0.24329590560415928,1
0.3828023907046,0.824794989945412,0.5249485012820962,0.8575698759636107,0.06457997679942938,0.23789123511035432,0.6445402660352566,0.3050644567162623,0.17655362725789953,0.2357795169064414,1
0.6070918836485564,0.7749366440596971,0.6516950570423435,0.21032812844638588,0.21447254240606184,-0.020895940244538558,0.008431078080514437,0.6382587506563482,0.005669493915946233,0.09267786998818578,3
0.27699273633328575,0.9243227830550897,0.612371547513109,0.43536256894887715,0.7824363934993782,0.5784073794602823,0.6629151003673254,0.5560892540899915,0.21877231498521488,0.39533229214840904,3
0.6601048873391605,0.05528542459727352,0.5638264959445062,0.4401648622443552,-0.014258611464774043,0.2355197611443962,0.3014461609375195,0.499708153930474,0.4438136395787186,0.8762449528643297,3
0.9512679861907132,0.7223143447212992,0.6464788447388214,0.4147045194808423,0.08816699341583903,0.3606545991367982,0.1750223192955132,0.11182880708042893,0.5031873356465772,0.8668767305162602,1
0.6455077048046487,0.7652923518871555,0.6525919182517235,0.23992721665132144,0.8420365150254367,1.1451452401545226,0.120272612949649,0.330141788820719,0.4967679539973896,0.5706228236448723,2
0.9407412582588485,0.4727090403768492,0.02581248727045777,0.9795209018146117,0.05273529743409777,0.12090531694446946,0.038251894393396935,0.8692066883176721,0.7765855055889515,0.036601902556602846,3
0.034038402805880774,0.9420725865848449,0.8339908292041894,0.8378279847829943,0.2096388086861948,0.2613591933002878,0.9586532993466096,0.5108507524347428,0.734541352293961,0.07457638249442816,0
0.28068764349887876,0.5732754063172313,0.8620835213178835,0.7157381842256125,0.7609616058964925,0.7613411592170101,0.5207571864356823,0.5761183133977684,0.3913921551132931,0.6152280455634654,1
-0.0863908134406193,0.5038700723976707,0.059552540790215644,-0.17104278133727152,0.2859918885059005,0.14023443759132675,0.15233059250863148,0.3838257869700168,1.1196362124134709,0.20065191852065445,2
0.6255450865752941,-0.3301331428797586,0.694482435280031,0.8434678506594337,-0.015669375197089885,0.3913554823917692,0.1266511902092227,0.7214616269474744,0.060976423224476606,0.897177077827626,2
0.4466107431302259,0.5517868394804267,0.1851941220920326,0.5626286980799967,0.48505587432205466,0.6647811641383556,0.9406799093946903,0.869629053614311,0.4147581771490377,0.2020355050491348,3
0.4000652427896502,0.3701662608644002,0.793399008712533,0.3709565954273453,0.6291118789274074,0.14679363361376122,0.9400063889033619,0.6865460481969783,0.6235250176220483,0.13872661197693978,3
0.3541961312310036,0.835150219183218,0.4525787637698204,0.8043757923324751,0.021005190741184798,0.2972013897238971,0.5702925467362313,0.24968008881550643,0.1853515733776698,0.18693504761520752,1
0.5525317531956735,0.6357492307943192,0.11338349657847413,0.7595198880291929,0.20615890734211598,0.8942748948832179,0.0701018646087057,0.30495835138177846,0.054898885851405996,0.31822798397260593,0
0.11821063850952543,0.3426145774658914,0.13609170120868364,-0.010061925981154338,0.3344633568227029,0.08107079388642736,0.19231466260450975,0.3231200745051477,0.8060254642703699,0.2366167490903917,2
0.46147054439676954,0.5350644412230614,0.1897540184410487,0.5810952116064673,0.48536310264950644,0.654720346755718,0.948071453967536,0.8664121098394655,0.4350670067416003,0.2144902697108261,3
0.02583402628964225,0.8139090624197886,0.7995866153981079,0.1774323611860285,1.0754702568141998,0.4689576354325006,0.6684127424120215,0.5147750318896068,0.5403355364597862,0.7176634024629694,1
0.700516892150896,0.7877796750034629,0.939150292456566,0.02105266230166209,0.25317557737317165,0.12860567366977996,0.30607244988199755,0.979078031183577,0.9515507706442212,0.9488964275592366,1
0.3574328795833943,0.8562984905753165,0.4824451515318342,0.8011787706960043,-0.002529798351446495,0.2479562578055972,0.5610994830786643,0.2895858201813456,0.11532512696981936,0.2249230983220651,1
0.3339525557927264,0.43605642548461393,0.22758194040333857,0.5852858446778367,0.46017618634901425,0.9800613287861615,0.02781513300055933,0.29572365701299874,0.41905345823420365,0.1421277311659592,0
0.1889578276790249,1.037343014792421,0.6892058216697468,0.3339879414651331,0.8279412673770568,0.4178161415044999,0.6968953568021342,0.6923569687721837,0.594246048686698,0.5800040083467665,1
0.04460631753389909,0.7215264668878755,0.8868683924133642,0.6698597450132612,0.7406331600207408,0.5995149028023992,0.43483495553278073,0.43629233810360263,0.30773788893809545,0.4863537899806548,1
0.28251228087645763,0.9185840380252811,0.666664176317986,0.4367146895108348,0.7309451480890982,0.5623063076835293,0.6323904494894687,0.5455273548794283,0.19021920354988595,0.3221625648417471,3
0.8246588740267858,0.5470225097136358,0.5397657006714226,0.6028329362693591,0.05553037389357571,0.3565681846962931,0.17207955750390438,0.5651279304418555,0.3656165575664256,0.43134480399233466,3
0.7719205234707751,0.5885299693141455,0.46100109595706856,0.3557066369252691,0.32756131180464043,0.12089161372588497,0.19484690641867597,0.03007847972841643,0.4653779843431788,0.7693367709787311,1
1.3836788984975892,0.4497866507704851,0.26910431622685277,0.18844970354767526,-0.18307615874947553,0.5886502596810932,0.48787041244980883,0.6733696361009698,0.998868796921226,0.4264955031879166,3
0.8055933797868229,0.5520001631456352,0.15243325641801217,1.039843075071884,-0.07372285697443401,0.2550581923196621,-0.05230908918106389,0.7698302408726762,0.8824686295483393,0.21251344590953092,3
0.06545858697724842,0.9435507957196911,0.6873979625661941,0.30146287824501566,0.9309409956692196,0.3850713035459279,0.6046785067149641,0.5963124016654998,0.6866206178853922,0.7055151562113142,1
0.3759345749482015,1.382882901378946,-0.1591798992762157,0.06912426367871607,1.0347265989536836,0.9108748227445291,0.26849933635329515,0.4721466558000842,0.21740705396460036,0.7737070686285346,0
-0.00836135347815091,0.956630993781721,0.7259441547033769,0.369311612483991,0.8612666735397578,0.36242733988074316,0.6393159673701824,0.6284827377980188,0.6632341823769178,0.6734366500932473,1
0.5713273095593335,0.7958039130622653,0.8053322129565943,0.8383811583980669,0.7895448285611874,0.367115720254909,0.08493361086651566,1.0277970466922546,0.891092495051148,0.7915015365670005,3
0.3117866224465825,0.48124411488013397,0.6188425216279494,0.2886640227399253,0.7844784039414872,0.9644120036622655,0.86712847007458,0.07596010613011522,0.37849827724328416,0.7425397318749879,3
0.14136979152130769,0.927001246883061,0.5672796453177217,0.31546134519073166,0.807860554515992,0.38498380720110736,0.6967537660073904,0.4612496217545434,0.5983825266835048,0.7033891508379014,1
0.18493814716725762,0.13185684192670818,0.6994117400874611,0.958423480304154,0.6632526520213167,0.6427670735526625,0.689838462919621,-0.2023946521228312,0.20847973747973858,0.4537171358898344,3
0.37956771443694454,0.07760576916873009,0.5881248557277592,0.11582974603132441,0.15027268165989421,0.6668280973096117,0.3153823511847896,0.2577063635152891,0.8776835000484321,0.22321169413958777,3
0.7287831103518939,0.6093482760865363,0.8241607961305746,0.0406325040719972,0.12632683766983732,0.09092540225100078,0.37331005255054095,0.9649742671340236,0.9069265694856856,0.8225563899948914,1
0.26388392682757017,0.35334754241369887,0.2902678908105018,0.04081101630550908,0.7625541946468076,0.8929187474577186,0.6933402001632777,0.04062473484676454,0.6413609743465397,0.3444422560486467,3
0.9860708558105745,0.6246013956712675,0.19527903242951902,0.9083947542835443,0.5957395435601851,0.6604305209118705,0.4692746742153453,0.9464651668860427,0.022799488697183953,0.060378382548838413,2
0.5001989386434942,0.30883361724346836,0.5391161245060583,0.1588866405023558,0.3350829902295381,0.4053188143924315,0.42754342012688723,0.7389757868865564,0.41165407563758866,0.7045695605033127,2
1.128401957030218,0.7905093377843799,0.43137222054118707,0.6516241624692497,0.2903354543639217,0.6986824533696546,0.6656835195501501,0.8946551991431902,0.9742321429787315,0.6105678516743145,3
0.5395043055978798,0.694569532374958,0.09272703441885827,0.44478378691722126,0.5706755341035267,0.8348518988616693,0.2629101853758736,-0.4605594406392456,0.5732024397581067,0.399631209318509,3
0.8166011184692081,0.6507644187193031,0.5486282300370696,0.4471725130872431,0.2551317115964805,0.3567022347060478,0.26880216712286287,0.2278482526889396,0.4725124359061005,0.8623547693953515,1
-0.10116396918626488,0.23959589009097268,-0.17953217413519842,-0.012177329328802639,0.47013746190678124,0.26662507001566005,0.3831354431419916,0.34597017357844684,1.0102519019461038,0.20679068625372624,2
0.8154060514163471,1.0076553790116412,0.7050413490528004,0.7364250187544366,0.7235211130752394,0.3001895803923923,0.42412355091870313,0.9000217767494056,1.0683134562907979,1.1784760036724502,3
0.1305994776730082,0.7386779720232967,0.6196358028692246,0.7739565599281482,0.6448704588965954,0.4528277108220285,0.7528832932321795,0.21543961424053143,0.49755931452052393,0.6877120912729949,1
-0.486367371072453,0.26908172373087413,0.8507089375418109,1.0028576526824977,1.1733779829993871,0.17221236008588064,0.41325422613278145,-0.23130822558664876,0.4352404131610353,-0.028252052674335948,3
0.24548413958836332,0.3694418279429389,0.5383833156695187,0.25342504282040207,0.8101488787320132,1.0243791748537063,0.8487719362863505,0.04284503984039274,0.27925965236019523,0.5940180668052769,3
0.4281432925536799,0.7885590570508583,0.6952912953588712,0.8264995644488088,0.7349600198446189,0.46278751548537106,0.14996772203369288,0.9449465695516346,1.0494531569063164,0.7776930980345054,3
0.4937310508841656,0.8545767129173072,0.2139866819065261,0.4306329284753885,0.11249074401396464,0.9060609462974927,0.6121101710782146,0.5617500803723118,0.14591254969328957,0.9814063095212342,1
0.10923524891629889,0.1195044500662448,0.6786576864421795,0.2666709655865718,0.204231034608671,0.4833481123119788,0.7646969272394822,0.6226324543517727,0.06897964487072718,0.37285817803472227,3
0.6215236928210155,0.9659989133749814,0.29380405616573146,0.6112915419979685,0.9063467859857224,0.5505816412351269,1.0230021496602095,0.2081322201980888,0.9730201518599598,0.8347072840880241,1
0.3877449037619163,0.8521672680263092,0.4771106037749874,0.8011306942389106,0.004716103712012206,0.2631782951635119,0.6006953810518556,0.25913777749736633,0.15460188789476237,0.2152391800569435,1
0.4394771391816046,0.10268364418376663,0.5231099866197084,-0.1493719997761592,0.9476853028918654,1.1039118593389847,0.4321778438870796,-0.00714519682155846,0.49335686854190264,0.541299273160832,3
0.8841641331559378,0.341339384528842,0.31634608581790524,0.13377676953092787,0.2099865938172729,0.5042486500618423,0.8024186392173125,0.8562443195725629,0.32307269649327947,1.0922598438550302,3
0.7174477544877105,0.8034081257204708,0.8332099265765694,0.9871380883378084,0.8931037282559569,0.6804469823909665,-0.013386446733240243,0.8441313120199958,0.7447527627701922,0.8116083814065952,3
0.24346010677456237,0.5650099050606243,1.1826588977818098,0.23166749175336543,0.6224826545038047,0.98850783416069,0.8109202059235316,0.7998743821727701,0.5988117965427647,0.4523211086025682,1
0.6025833167300733,0.578921754143585,0.2342866202100903,0.849869906461579,0.06770522306275428,0.8068566526913103,0.045834657701986685,0.43580548049638007,0.16446664452229173,0.23682498073313463,0
0.23372068778437627,0.3139853547446834,1.0231706973993535,0.8646950881917013,0.669377239676566,0.9883564469517666,0.4177412961188975,0.1897562767677874,0.14004299788368013,0.6041321600395183,1
0.1786309864335411,0.12039181225797373,0.5245983802043239,0.9044918977782629,0.9378411157465948,0.4215843270595459,0.5707312456154343,0.07365285209300727,0.3083237984143765,0.23921211981854096,3
0.10405234810202757,-0.09760512686945882,0.27560689408487804,0.4658839236532434,0.815547027221474,0.21895158291031924,1.2064792027208977,0.5559378520878872,0.42434831564539205,1.111509437606342,1
0.050462847702188646,0.8913848248053904,0.8322836676948734,0.7848746754226653,0.1559257633267383,0.27712070925138693,0.9470329614505391,0.5368015734229572,0.6548800552238467,0.02010169984788855,0
0.9602079599885949,0.5927317308233951,0.16256628558089736,0.9586297639501598,0.6127921975329288,0.6989159025097389,0.5078587282485363,0.9802671210810493,0.04763862677016703,0.08172889519678675,2
0.6754082108636137,0.32569470342259244,0.9724770448171676,0.9334556577916837,0.2694302247362117,-0.0227507671409915,0.47946265973619684,0.9731332798737167,0.3535773614185612,0.437563136573814,3
0.5471477624566925,0.3996381628363598,0.4123960222246065,0.7697026145955497,0.4442628617675202,0.9361110888483841,0.5558028056783783,0.11245349601425433,0.09335589201956832,0.354934453874421,2
0.8108305298901372,0.6367518408407536,0.8670067274095965,0.026428655675260565,0.21151580340028986,0.06087608915874786,0.2600297005145644,0.8232589323884433,0.9387238750779643,0.8273044869235938,1
0.27552518257865427,0.7067376936321186,-0.07372428900725247,0.3701361785832389,1.0734570103726637,0.8348265752162669,0.4921541835430112,0.18117344276586556,0.8693613784447428,0.2597974561962969,3
0.9846826501849257,0.7246210084250255,0.6815957775244831,0.2509489792848641,0.43040018470387487,0.48014881020437605,0.4166389831766096,0.944143915960209,0.6648808421333258,0.8384255986444189,3
0.056206601048345524,0.7738979191414819,0.8463700504160726,0.21863324547322427,0.9871072754793102,0.5313013785898599,0.6855844591678334,0.4616320917937888,0.7160589615853484,0.5073348510784357,2
0.09964831621669692,0.5781101628085099,0.5586040118748867,0.9188412134002456,0.9474945317312206,0.01584413692278506,0.7747925174999588,0.9535762103463488,0.5404455954306435,0.958202773088356,1
0.34308121010791426,0.30492238261027604,0.9862028199107604,-0.12732476592006509,0.4250483141392223,-0.23987995391696465,0.8867910557979728,0.060672236920898875,0.6673977228113651,0.551757369866986,3
0.46568292554457624,1.0029133097745784,0.9059430205239679,0.7766024846880701,0.2816575779572008,0.28715917771256344,1.0069250325299544,-0.022539410153075784,0.3078275480473704,0.690760060268557,1
1.101154361670021,0.19283423412505474,0.7941934968606368,0.6125290630119884,-0.2530056241907995,0.24682267312048423,0.31212111582648094,0.3220566011500807,0.455103313074324,0.05061880938827018,3
0.26436690503528987,0.11981786616154225,0.11929111451976981,0.3539429506077427,0.3407385946418709,1.0431450110697518,0.37815141631762245,0.24526733414700266,0.7495638597738745,0.48324418051760876,1
0.06292641306423244,0.7898688732949458,0.8451569042099828,0.21219503589095343,0.9989565595081992,0.51998611445045,0.6833174055749083,0.4455895884378181,0.7002159740062778,0.49656848548917504,2
0.4545730630936777,0.21404514721940746,0.28628901682379543,0.16763579717144675,0.34214696652221,0.8689165285080451,0.9326399914723621,0.2392129198954583,0.4594673781973556,0.047490516691806844,3
0.5355144564703572,0.8286720194675332,0.7373760942985881,0.9276651695737138,0.7917805128172312,0.4173651623934559,0.18463066843431936,0.8907877199128719,1.0169385409549607,0.8067688161689285,3
0.766001110434302,0.6164378440862721,0.4069006390247686,0.08250592182846081,0.33036776745833996,0.5621353564394225,0.47485966654511413,1.2468095766471436,0.8512215135547634,0.5371337839000738,3
0.9277704194857864,0.7336941167622492,0.5531075716468369,0.485892722772192,0.26610370416170354,0.25518203004449375,0.2072377786764328,0.1359169419521262,0.3731903802685968,0.847437934169867,1
0.5563200258736342,0.5082147336869761,0.15902429946591912,0.5441306664132021,0.5064086063292217,0.6184497145069575,0.8462777343073042,0.7608131872713566,0.37622967573943744,0.32843365519860834,3
0.17630989336952926,0.5569247979744769,0.647322083153855,0.7515469071360484,1.0647227251833569,-0.16960886227201227,0.7944900960238691,1.0840851966806977,0.6465157179061921,0.7834863219648407,1
0.06776753627227047,0.6028001214593002,0.6448902504271772,0.944684586819531,0.9243496004340155,0.03987165484173097,0.7902490925393998,0.9165999943687424,0.5980184704844924,0.941263071321577,1
0.0005151873607993351,0.5502746603688751,0.862218414492369,0.468796276721157,0.5962486274710435,0.6676052025873631,0.3623760940603993,0.5099647320958788,0.4128210944167051,0.6607627187927366,1
0.0538335898950572,0.9579153011105686,0.6866554135528178,0.3010823145935962,0.9392589436948233,0.38706415095453783,0.6006087718794617,0.584581410081619,0.6801078706307814,0.7196924762745157,1
0.3335776495465942,0.1497303793890963,0.2244338352840275,0.265681914652513,0.6105810679418151,0.6347066859725098,0.46953467623357664,0.9155646191203313,0.5743943118173059,0.8371376153195624,2
0.5176993765778641,0.9283369634892092,0.4202336666460989,0.8029250037021922,0.0038273067487126565,0.1882627648362985,0.5106847230613925,0.1689210534548617,0.06919111624574086,0.32405173967508005,1
0.07090570871148554,0.2075413119001446,0.5626648057535925,0.8194486232757613,1.067421915715941,0.19688222934669677,0.447999671735232,-0.07257105989419141,0.4404927460358954,0.0984167884133399,3
0.1198058779868221,0.9181586205778643,0.5855576963138639,0.37931767204756384,0.921760755463756,0.3035135078659651,0.7150221221739206,0.49830331909132364,0.5832216180458816,0.6119672476907172,1
0.029480645254539056,0.11990358011262058,0.7294683637484891,0.25693264662709303,0.1592738167843903,0.426727623575366,0.6875629190339821,0.5605652119816852,0.031676630947712704,0.45163657911311084,3
0.2931007504308712,0.2907717960782735,0.325585595805897,0.1896078877680282,0.4790533087951188,0.6933630236746482,1.079612948905883,0.2818939236088241,0.5986946771429865,0.1723955481872098,3
0.24757656830735617,0.8794856924770506,0.3246958684322646,0.7895355480428413,0.06833284876875363,0.48371267508413085,0.5066202865605324,0.3124181645265367,-0.056234329852913184,0.09213462950110314,1
-0.20267659480240452,0.5445478760383884,0.6293918665384459,1.0835766012105927,-0.21972418887875378,0.6586782894788001,1.039926369381441,0.10467637530210105,0.8620476477125563,0.7618486690929507,2
0.3043539888038251,0.5281779630648311,0.20351865925970314,0.3138404220280361,0.5364258767837004,0.4870443371482622,0.7803424968945651,0.36829368920240596,0.9087419629077438,0.4738069555501546,3
0.5902140410422835,0.4290814986559554,0.39732283685809505,0.1896022026307001,1.4168918184314456,0.8603712273292157,0.3224000205230478,1.4306434895775508,0.359343317880745,0.7631480609843384,3
0.02921512967107778,0.9354248063353322,0.6501157214313342,0.26634205402225297,0.9678249520432388,0.3542598228564891,0.6006219439331987,0.5477910590007942,0.7437915566269278,0.6998147628649578,1
0.2181053297066574,1.0405578879378612,0.5791496845493244,1.0188428927284496,-0.19380879626656067,0.32734684249658796,0.6226843631332251,0.39215980689908386,0.14538788428678825,0.3407168907718843,1
0.5083237396583484,0.822393710645472,-0.20747976990802725,0.8020180737468597,-0.07170991506293878,-0.2833093286167007,-0.016279694729556787,1.1681987534439227,0.4796601959255129,0.6446236366553182,2
0.4592337781823562,0.5236943353498492,0.19511793686057552,0.5835535161859521,0.5092395014207122,0.6589138464395912,0.9468375689617071,0.8845577355762645,0.4454243366385571,0.20077697851995885,3
0.1516871606216179,0.8114144575964249,1.1177233120374443,1.115306851699607,0.212706545997081,0.41657357985726007,1.1367700482238525,0.19210726980524928,0.9801956032558574,0.24150337280873957,0
0.2461730834818424,0.29880908883680485,0.07010535405728205,0.11625037409089735,0.45533860581490193,1.1562780710820428,0.8457156262143473,0.24757033490077218,0.4646397153910372,0.03544256154947695,3
0.4703332120493681,0.7734748825620544,0.15043171605009567,0.38988629790845253,0.04846940817462018,0.9008407537039556,0.5119758404707462,0.45665944079971305,0.18644517155677998,0.9410692889458228,1
0.5784309957003102,0.44300266476565514,0.06538325179968368,0.03670294613048819,-0.27793301991915553,-0.056618024274720735,0.4455682038146566,0.6578556166369722,0.22973970629895007,1.0076578990754976,3
0.13426644136231364,0.10522556663984298,0.3856288026071182,0.7220303424768861,0.0906914337857081,0.38776105580574277,0.5364825654326657,0.8480837710424166,0.41595003980899503,0.45011583025068025,0
0.5776653844137128,0.12958777533773097,0.21411790387639684,0.1899735507449692,0.321849150422933,0.9614070253351431,0.9549365256031898,0.16806038866422718,0.4620891662006302,-0.019736920698543527,3
-0.07752609604045976,0.7104298933233903,0.967192980683736,0.5867913620447792,0.4386076467963567,0.3915869046776865,0.4317157078667645,0.3640769220941858,0.3733815042745701,0.6455844483180921,1
0.9212704291323508,0.7289569719848268,0.41963117049863957,0.5544968000534939,0.29883379639625446,0.3702558088191453,0.3369206241621757,-0.012820722188188555,0.4357350408022699,0.8218655597097975,1
0.3417220810370068,1.476015731109128,-0.0377738752946577,0.843366651398587,0.7502520507627546,-0.5027484558840133,0.5480864354898236,0.08895275480466924,0.5675552879940524,0.7804102166664607,1
0.46060403820792967,0.32151780271838826,0.0033522734766049944,0.3622473534175048,0.09430082401212406,-0.10735701402947054,-0.06260199307704595,0.7899007469875005,-0.006523487242112547,0.7017834102807746,2
0.3560802920018197,0.510310162942103,0.046661439078864525,-0.5922915057484631,0.07160016801800484,1.7878838674514508,-0.3279837470454181,0.25150344633202093,0.09017938771630832,-0.058886997617320413,0
0.6259001359097288,0.8860100961312495,0.796628378591305,0.9755628758059816,1.0478922964107418,0.6436751411741395,0.19032945324167094,0.749276177214796,0.8371840511493502,0.672058778020252,3
0.9360802855536564,0.48845843278905215,0.016988469226136085,0.9967944108515324,0.05489776542043209,0.13940066462529624,0.008035592853651522,0.8831866993155302,0.7843447295590432,0.051985895626197924,3
0.2735346032425273,1.036381124746908,0.7293559217666873,0.48875039142881876,0.7504896034407378,0.28413813144971445,0.9241026427971271,0.901055714960134,0.5340290540921345,0.1944706242073794,2
0.3631852571831732,0.06601319480342983,0.2780014164085943,0.29012366973009124,0.46319517123599735,0.3628887768304511,0.4720122831225807,1.2084188360017996,0.31559446889381326,0.3542277602772821,2
1.0477664913846012,0.6736059564297626,0.2435874156761354,0.9631720204838079,0.5960029214446656,0.6920021589640339,0.49487817262179357,0.9607386211772652,0.02541005934731731,0.008645043602436224,2
0.47337045740023115,0.4841138944390455,0.15878533695582997,0.4770678720999967,0.29077160516196804,0.12449088468550226,0.018918750858757764,0.7747865855050186,0.049077651290065125,0.5589288524220821,2
1.206603927209246,0.8384697152285493,0.5160842016019341,-0.3288067077826963,0.015068089066022583,0.3914887091566627,0.35712827100183764,1.121958644737996,0.5237918455917063,1.1521669876471492,3
0.31129741062877403,0.9404621942433031,0.33853099523994457,0.9464388888338607,-0.051512820727180025,0.1957022684482566,0.6587874945285973,0.286892054888621,0.04528665551912993,0.2736970170806152,1
0.385280657823996,0.4164046439209371,0.14314415953210366,0.5360815572768599,0.29408684371966853,0.09761375182823814,0.035157221249149696,0.7599556469070603,0.04833426245442022,0.6365135872205001,2
0.5405553406180501,0.27660919374454146,0.5309409307604943,0.2691081129906112,0.23629805528926695,0.5948876456805828,-0.09308062683366969,0.7978364208585196,0.2911123033595549,0.35747113678578235,3
0.2557000463658602,0.9067119771771551,0.3636316367569646,0.6508814507179402,0.13301207481566588,0.3576812320041714,0.47872111751370816,0.35877768417278644,0.26315551387840497,0.3068960647884301,1
0.4434765759096196,0.5530853285912493,0.3520671542892323,0.15480734323260223,0.052683296676389366,0.6534585555835196,0.03792338212911549,0.6210788624951016,0.9314683960824212,0.18753926018421485,3
0.8934432888154208,0.7853150805842377,0.5274712011326378,0.5273236292120418,0.27258652461921207,0.30184134466088436,0.16701610519381177,0.16687090920547548,0.3147740878371312,0.8616290657555186,1
0.7865984672012083,0.2644275563244189,0.0337841729419702,-0.20946942604391106,-0.12225628142433453,0.8806394256110722,0.8147273919272704,-0.0009089063509545858,0.9030993872004583,0.040022325535047816,3
0.8331264550861831,0.5359427225547112,0.7280743445374609,0.39669341196658725,0.49975052374105655,-0.017080980010768826,0.5789518655229448,0.2827999381079791,0.14663765331864,0.14738311091741102,2
0.20625833603012017,0.7018510175054449,0.07517454358170766,0.7296148549264729,0.6868943464206092,0.6976356088170332,0.9699952460159589,1.152511091933564,0.2589354411386289,0.20606388063344375,3
0.6032966173596832,0.9638101910668744,0.2991846604084471,0.5659817830079988,0.9824205338438187,0.5010488051492396,0.9598721979049354,0.12874579548965903,0.8825270190881234,0.822064626894955,1
-0.16477846537577898,0.38209492266857636,0.5361274106094465,1.108079988663257,0.2524136074584187,-0.19200716330491685,1.0917857065223409,0.3571005897033459,0.8328301767937791,0.4616217025349379,0
0.45418680168799763,0.7615508676312349,0.16551027351876238,0.3964130395965426,0.05005601127285167,0.894549593393158,0.5208386061574907,0.4562238771165026,0.15626025454842896,0.9578793113488777,1
0.6139170491621353,0.8261937074852662,0.7294709144602933,0.20454244453752107,0.7454195055505498,0.7993025788747026,0.4696655787194893,0.7380412144800965,0.30919514890542904,0.5806260223916949,1
0.42578553067563174,0.319642823358699,0.856847790710308,0.42874063602615387,0.7172169752688906,0.12369749118104187,0.8624889522899731,0.7076116384156623,0.5774015773160491,0.18200336419451124,3
-0.26396401588555857,1.314625918734828,1.3690033971162936,0.6147989282371407,-0.2243087963100393,0.7031486935597859,0.676044248571499,0.7284652366603451,1.2230096131428496,0.7119598069910203,0
0.7074496792567051,0.24475443107046047,0.880715352327887,0.30348108765957704,0.8248567119972554,0.3108730558438566,0.7627227139900397,0.6039374318593547,0.4643821498817525,-0.036459704415926664,3
0.2722142225676836,0.9678851797555363,0.7587350712932133,0.8035024334881623,0.37778851507885164,0.2424056618661331,0.9130457179816714,0.16949261634775575,0.33480926370461916,0.7618778511234116,1
0.9312715336059602,0.6179730735227775,0.22719085788188667,0.11088046398158372,-0.06405270738422253,0.562867332798458,0.3884431748725427,0.6486519811663121,0.43593593846481105,0.3954236655390501,0
0.3773367911166649,0.16233637011424792,0.5341569232695542,0.36595206439335987,1.193775808779642,-0.01583591455031668,0.9683358879297481,0.7607376475903482,0.41541503800478613,0.7316151326604518,1
1.540460065175086,0.7686159721910654,-0.023138229089185114,0.11922136704760555,0.27761031198311115,1.2091929610090975,0.45479546192441384,1.362563263062818,1.3268490097171501,1.4818574331008838,3
0.10944173206527609,0.024540670633795406,0.4360163491584833,0.7121476907300147,0.047533794940400075,0.40063576141948276,0.5139852991158669,0.8736068572958595,0.46103967539884716,0.44284928827953746,0
0.3322925144271379,0.42144118614744686,0.4710987431069641,0.25535610767904826,0.5945942913713484,0.6931533026807493,0.797774636983251,0.2333906488702626,0.4279727776304529,0.5069472860776453,2
0.7375182699529412,0.6331595358994032,0.8244962618340582,0.0675482658839411,0.1310602363602203,0.10737609065108204,0.33107371988402456,0.9046552043393016,0.9138848939152914,0.8353413732338482,1
0.6987947160013694,0.684434166848438,1.4338285039185399,0.8187736722292187,0.996000469964026,0.5738934149022292,0.6418087337206632,0.36023128118713155,1.3655781844918278,0.69445903092955,3
0.659499506266165,0.7626672983648168,0.20156697082012554,0.9271515040322976,0.22313090737449295,0.8112281601519219,0.007734073129260416,0.1227514014981182,0.059250224046700835,0.08963935731748407,0
0.26276464088227747,0.4251462605727073,0.5585158083776821,0.20159183504212702,0.6942548826581671,0.9401929357778159,0.9172973319510793,0.14181457370619305,0.45521475206574674,0.6665267802529835,3
-0.27961702677932876,-0.10409169606071325,0.13233795549417754,1.1876967465986579,0.4587006933003502,0.15301824936338787,0.11177107318244117,0.10489465396147485,-0.11885302996769953,0.26382240329990697,3
0.25110005293846627,1.2377422027091507,0.5455026456108187,0.14459943372313264,1.212273274556916,0.23056898621383118,0.34623699928123763,0.4339812005218826,0.7090569259123877,0.9319369803367215,1
0.5949910704150697,0.9796186007909282,0.2754976675485537,0.5512274214531885,0.9849650740428831,0.4887119073195132,0.9722076399801257,0.12356658040943257,0.8552785259429018,0.8500750219793096,1
0.37000542812637166,0.4784666503528955,0.37560518245286584,0.07761206720685293,-0.09971205782350409,0.7451344387522388,0.06877197966362249,0.6255427384212504,1.073891580425942,0.08061209455232707,3
0.8263337426289027,0.4076811238036289,0.7178108513106068,0.4332760741437895,0.4773788172855794,0.07180990074291307,0.7968474911984351,0.49605513783735666,0.2478694067239886,-0.07237155836400619,2
0.19095163638293128,1.1851366762279985,0.5894727080766653,1.3539810288043792,1.0327896936911543,0.41795447888117515,0.3431498562770057,1.2112003261498292,0.47945883588136884,1.3822929199958476,3
0.28052255840526213,0.9912075511748364,0.6560733621965866,0.543569593695383,0.7275854122366523,0.560276151224344,0.5689876907977587,0.4773641395143235,0.11008365177010497,0.3216488098722524,3
0.18208530387684935,0.6117512175284677,0.9143527417863124,0.5548083142775372,0.6912520980266956,0.6934054384459887,0.43376019592669085,0.37328512475235076,0.33258285599917525,0.4831330099587868,1
0.6733602498609905,0.4255314161564712,0.5620359081243393,0.6629486828970746,0.5199325852584386,0.99117640379469,0.7308348350425514,0.37863062560254007,0.1379597462831212,0.40971395476896966,2
0.054736424581912045,0.7742462539392597,0.8462021760222668,0.22002707461021506,0.9904506908894466,0.5310164486145745,0.6830959606606858,0.46210892977199325,0.7182160350853186,0.5068309912813417,2
0.2777875517025272,0.5480983231066631,0.8625621324381022,0.07534044030040568,0.638368963265718,0.49310212807510273,1.0814973569260509,0.6201592016138224,1.58180431108838,0.06323168848030869,3
0.7014559355872556,0.4318044105138653,0.603729224999968,0.8414699287000751,0.6145804757780646,0.8456623820674614,0.6178498813931335,0.2381335284577668,0.18323790164355114,0.5447634273807899,2
0.7393000431147397,0.6330427822515208,0.8408724206679161,0.07802186247081387,0.13831967277654694,0.09081315226415168,0.3335656488846657,0.9127806966205826,0.9057734104524022,0.8434665880652341,1
0.5237455261392742,0.8825566020467466,0.8965006645155134,0.8879250350453632,0.8696297619333094,0.5625882485299164,0.049635918265949874,0.9401129419954201,1.1308554920329894,0.8236087255456532,3
0.7022431810500108,0.09140320305751398,1.2414761735113051,0.23237040163324152,-0.49846357012308706,0.5126875057201006,-0.37937578227649904,0.8672424010583524,0.6700046368942486,0.2888550778973737,3
-0.1353195419030616,0.2767260458244347,1.1486644931865317,0.23642895818179036,0.4013460478046773,-0.357274897808788,1.3086448394325603,0.005835063099849602,1.0318610006036626,0.3262052034058556,3
0.5031922144716781,0.8090616628206508,0.13831548178488132,0.4109100487553526,0.06473735851207321,0.8774583642101582,0.5516892994265898,0.4220748077643696,0.1712990186162645,0.9119632200600839,1
0.056516056756922076,0.7777973394328377,0.8483938870553946,0.21865350937023773,0.9849868280665699,0.5339722277644259,0.6890333751120611,0.45816400376766214,0.7142435119110587,0.5070944331806502,2
0.16876450809063706,0.43397126921498663,-0.05868443643086303,0.05103537902284546,0.4242367094543231,0.09253484285209898,0.20050822977073238,0.31967710014763207,0.9445204637463533,0.32064331762051745,2
0.2833966141285841,0.9031252252603997,0.5972873412234748,0.46218036013319536,0.8774893326461455,0.5704500484183417,0.5159551460999978,0.4425559234525476,0.15172822959864515,0.3406535083913108,3
0.13022849129017683,0.8925376848450605,0.7435897624162608,0.3359542615763734,0.9026102581784736,0.4576388777500417,0.5687820812379705,0.6585801386740283,0.654601313308422,0.6578224267158906,1
0.519506946912723,0.8129568058245747,0.7244069178322475,0.875603371582987,0.7977272707287033,0.40106266408192887,0.18233817816692055,0.9406908301398176,0.9746569681961634,0.8470677288257988,3
0.22489069417856228,0.3126849767364427,0.5401752500450028,0.10401895118598006,0.7128730258200163,0.32098507128305903,0.21044443542895952,0.8815097199183556,0.06459235869191898,0.5367036200673219,2
0.40275344672005564,0.45068520248145705,0.3752767959725626,0.501257425609258,0.45747345398918987,0.9890436656811489,0.0979628588155369,0.4609263938813611,0.3599740782669739,0.05147010699872267,0
0.49317125812392254,0.5704333373868643,0.2382621711011551,0.644098652769203,0.539106892539641,0.596846400368806,0.9241395550280205,0.8174136839185998,0.47952244799694754,0.25952481419247136,3
0.05980037216722081,0.777006418375477,0.8430774892587698,0.2153167796368939,0.9866072522874426,0.5319159245080568,0.688713392253399,0.46476854664243844,0.7118796357724547,0.5111499772964839,2
0.12087297609475295,0.28890359098385565,0.35558955441484946,0.023358380128793835,0.5381979058572587,0.9607324534942955,0.8408617541616759,0.13499475473593311,0.46880328075066346,0.38277377806173696,3
0.5543645598049216,0.12212458835347059,0.5136526546239681,0.3415505897110981,0.40938036137559874,0.46340856137452247,0.33817916374539475,0.8429736297100004,0.2583098447880495,0.6296931610497092,2
0.05919095056254745,0.7602053989137717,0.8332753577652625,0.21856365679934436,0.9937183892135916,0.5267205357814164,0.6832465916095009,0.4520195447172386,0.7179557180115355,0.5161117796075664,2
0.19688474671186545,0.8781156932573946,0.7131929108186272,0.9434404106133308,0.17886835398536974,0.11083862115639714,0.8413654643987407,0.6847770862596596,0.6417198645024512,0.030975064933471127,0
0.8363595623716733,0.5484966116894243,0.2596649520171161,0.9657279863587404,0.4968695012375499,0.6434061499514905,0.6115919140790681,0.7815554071443926,0.04654387790284842,0.15984889562103588,2
0.10681508752282037,0.6463873871707887,0.6669202353998861,0.9653582709790122,0.8804341063695117,0.011355865976383037,0.7760795096168366,0.9197450759357182,0.5662904431458384,0.8931659520182977,1
0.26000697886519536,-0.1657538368648046,0.6104419985322407,0.48414609301954936,0.499097680300166,0.31072614909552626,0.38211280613977683,0.22979250424140515,0.45529148173677386,-0.21046294424136036,3
0.7189184327545686,0.45569539099652184,0.5805037088034943,0.7615829690121039,0.5187334525008831,0.9108224240453852,0.6409696893205078,0.2980748919834286,0.16292968899151664,0.47799685401303343,2
0.6043843622265234,0.6754702442674984,0.14625674778571754,0.7567035983344331,0.1985981977196535,0.8933380837313476,0.102052757199356,0.33074908368705386,0.05504023838870455,0.3020287476606678,0
0.3734237590690405,0.7805114283882124,0.7715720304757948,1.0986253864717552,1.182976424976438,0.1545345223082244,0.9718414697231224,1.2378045961507527,0.5572628810550684,0.8173504688895097,1
0.6285560433175693,0.5526108863757461,1.0606985214170477,1.1685185775908127,1.0180425731694847,0.2774515615428221,0.12121584386212347,0.8557825217771071,1.0073791249770103,0.8088135090626759,3
0.6236008049467456,0.47072637148850976,0.7340361822457471,0.7640223387578774,0.5851310717356304,0.9369411724589494,0.5389209738037093,0.3228536847078209,0.28830771902020147,0.5464338150655234,2
0.05459222664207231,0.9532296579548323,0.6878690634827701,0.29997421121650014,0.9380992567903612,0.39225015916775474,0.6012097247768993,0.5814695244948392,0.6766166586751008,0.7139951944959686,1
1.2047607102259879,0.7991239701698412,0.11075428749542192,0.7437830675414835,0.7502460407327202,0.756718036471394,0.29120449260254233,0.7593349037121374,-0.24432755183564536,0.13413801596783226,2
0.3929855729397316,0.8541565949880483,0.49229624433732033,0.8114209011747091,0.007271214399542321,0.2650261913042481,0.5939501065403209,0.2670009913837024,0.1547069172874668,0.20308212821696822,1
0.5396578709511425,0.16713933504158351,-0.15273915191728116,0.45126862169829357,0.5668193775391557,-0.11463195492221362,0.1364283224978204,0.6673138777065516,0.008964092664599937,0.6921623787103334,2
0.010719356861588702,0.7806322155778942,0.2124638957068299,0.4742074007199824,0.19381466492873667,1.3829305945094832,0.057859034602555516,0.6444150994241384,0.3195259854163136,0.12358490924212319,0
0.7163605036799713,0.1373282023240907,0.6579463782540279,0.048737429807555965,0.8099247693487797,0.7317113719968995,0.486485141006166,0.7972827205708317,-0.07422184197352406,0.4823635010544649,3
0.5844030502620549,0.9312921722513614,0.28600607161557895,0.5627206050020784,0.9658269518331899,0.5216754179228692,0.9406904255431995,0.1459089071358474,0.8846334544662814,0.840876051485812,1
0.49285442817854536,0.7605591332610334,0.16769804690200274,0.4099585507502398,0.06711539045232706,0.9104834780180666,0.5112715808775344,0.4544188376527821,0.17390048704512454,0.9205734820498247,1
0.3332546292060278,0.9089535563752823,0.9260067073828999,0.586494304676098,0.6985502614124725,0.2274738315630242,0.8515930910471396,0.8909389731797464,0.5643947202717035,0.03187926501199754,2
1.0586392931744903,0.6763665971565942,0.4418736973986396,0.5338383790351349,0.22036391998146393,0.14594837298358898,0.2570883325073455,0.31565795332864,0.16616421104011014,0.71532807684845,1
0.05830828224324616,0.47817383441996975,0.6917361224265666,0.36525139034973636,0.7325507346311453,1.0370691244505306,0.7483382139598446,-0.08807154381435,0.32293862634630777,0.7883296299110154,3
0.9145957611865032,0.5526934995299105,-0.04443325454712291,0.9734636386104889,0.079414313356022,0.09146734873492848,-0.023496452854692915,0.8503939276545495,0.7645859307465929,-0.003510802958260409,3
0.08805583599877487,0.4828185973913842,0.40713932999746993,0.45276573127927866,0.5521470618027676,1.4071756333771874,-0.32908458743923563,0.7279359031565644,0.7815204702664524,0.36850102427184966,0
-0.05745089092674875,0.9813185964274201,0.6609976067150134,0.16296584362643568,0.8801206311721951,0.5679867923262305,0.6975111004569944,0.4403794768341778,0.6172081221639664,0.6819541171595672,1
0.12248170836198148,0.4010207709246153,-0.02494139815701002,0.046333884715176646,0.415777562765246,0.12175223528242302,0.15601011157056144,0.39196274902692424,0.9682666105423298,0.3124139732503184,2
-0.12759789871464605,0.27187026393942304,0.7108275893696668,-0.23888037349643587,0.6372442383023124,1.0933277246988864,0.37212122090323246,0.13482474911870262,0.48161152446671995,1.18305124231914,3
0.07155943842416115,0.7161702875382674,0.8903112218677682,0.5833651368664263,0.6971204179825858,0.6607159130671105,0.47975956989485224,0.48562884061811395,0.28872744981607446,0.4932885500377818,1
0.48482293507806856,0.45395875879110525,0.12050955943288653,0.4920474349328896,0.5114520570960205,0.727863013753363,1.0213101488776972,0.9092658056660664,0.38943746788201195,0.12771834191761183,3
0.9265970119975228,0.7418865002934969,0.5548104419919854,0.4844867203398897,0.27194496372122884,0.2636230962749367,0.24203752668969816,0.15516802497001775,0.3665398901812472,0.8493557984542327,1
0.5666250685445511,0.9610315858490267,0.27164780523356447,0.5712452501791947,0.9189608009483755,0.5599326562856668,0.9324453408981213,0.2009918919867241,0.8597608784113047,0.8841526566495786,1
0.41014977620564486,1.0009716521224317,0.7618252327346632,0.9297041612548136,0.8744128039965298,0.33125023724023894,0.3529248605813027,0.9658702921412274,1.0116629258573853,0.8376199519027577,3
0.2133005760276176,0.16234615842747419,0.39505112019423916,0.8701053535318268,0.9496795774663704,0.41084965315143523,0.49084826645779206,-0.019001289574365643,0.23254460610493852,0.36415011582827045,3
1.0309656179396647,1.1515246685098408,-0.05506126422741245,0.2621658718383517,0.29090430704735304,0.9282514598231727,-0.06468136721919832,-0.05227459760135461,0.28750482974767155,-0.0223410193976738,0
0.7651832397931113,0.033156234896199524,0.16202016655762946,0.6158316235885775,1.0828555327337293,-0.02031812414366016,0.5011396928314321,0.780431446207342,0.8480069504011709,0.5612967314109986,1
0.6508708175732374,1.0749837102661073,0.0691697510087802,1.163163149767085,1.0957256629566088,-0.15770765631510336,1.8845995216485356,-0.484868007081646,-0.016791519236998176,-0.2159681061149481,0
0.9025167941687613,0.22824526221405864,0.76198430728273,0.8850390569202962,0.6357689662508409,0.9166512083698307,0.6233039172866413,0.40455985805804456,0.01786556537319392,0.6360828059095875,2
0.8271384934990269,0.7340764823697329,0.1687345508301805,0.030159369678959116,-0.08611645499215988,0.5250729020179418,0.2891248199747212,0.7625340367313659,0.3853538161940785,0.28427717109275114,0
0.7542112079488155,0.667014668061014,0.4967866211681968,1.2050445523372113,0.7714569567864183,0.8101952772570951,-0.08406015444768411,0.7834952927942525,1.3115843084359637,0.8857379811489903,3
0.05178786140844532,0.7784087222265986,0.8445717960197255,0.222476854238993,0.9867706388612911,0.5329262519920664,0.689662080377637,0.459795722962594,0.7131498575106434,0.5093315661383109,2
1.5848060662173307,0.8128455396615965,0.4424719757783411,0.8503113730522253,0.14193427063465774,0.7741668429458626,0.22675870043871701,0.39777158325541984,0.2885016582864206,0.45822131218442674,3
0.2560380612395864,0.46969848174680806,0.29376521000840833,0.48996939623333,0.5130822133544344,0.9455485140743352,-0.038271038376444175,0.40328120629397224,0.34056175996705274,0.04348843221684114,0
0.26285986005029693,0.35373217364345827,0.2962750160168262,0.002868507264106892,0.7428439689716841,0.8750262852031919,0.6819043850833456,0.03984327296274071,0.6678573691221322,0.34801088109116135,3
0.7426471992441295,0.641732175899788,0.4409200174082158,0.7596104755890823,0.6689148258334074,0.9277188876376536,0.45828869564512587,0.4426495320176945,-0.09767002365318855,0.7618766505057839,2
0.9923977008396291,0.482862730297557,0.014115169264960939,1.0704301660920204,0.11825614870937298,0.07622496040280875,0.17476578939887596,0.8342478556050944,0.768073114886882,0.20700881802543694,3
0.27408786343677194,0.9684277678879917,0.6710286450887475,0.5182198876334199,0.7836747121783223,0.6040610579104871,0.6129078150039876,0.5324924020490951,0.15829123638307432,0.38266726020017383,3
0.946072750404862,0.7007764713640219,0.6598500957650327,0.2088918299224193,0.40870397711414835,0.4596828516407696,0.42970734709337877,0.9512287400484515,0.623417198193546,0.8259361045807815,3
0.5981800919625404,0.6356611343415568,0.10186412065375208,0.7867856430198344,0.18488742488461882,0.8815574648554486,0.03314922409895158,0.3840026873032387,0.06133798933250677,0.30299661300021913,0
0.06644404886259922,0.9498285445578268,0.6541149230608109,0.34612197935634237,0.9001939462141137,0.3979324049048293,0.6056121234540851,0.5806116134008159,0.7072707960744846,0.7139418514976963,1
0.8781592246134545,0.4687879636441972,0.5063708108788691,0.6393386380081526,0.008573115426207825,0.2597237992389084,0.09409713415756173,0.536785265639628,0.2966989429490243,0.4454517301722654,3
0.05606753865254461,0.7738887910450936,0.8465064969414843,0.21868232894114634,0.9870745889946233,0.5312286244734202,0.6854626128430945,0.4616598038877622,0.7160527850901782,0.507371284640804,2
0.7778117002987686,0.6411387692107351,0.8603257622454871,0.12851581262858733,0.16584224985815407,0.08901953318175228,0.3136377660789321,0.8995368795532245,0.9415905499672255,0.8416003902035406,1
-0.26112655258773465,1.4057444612228007,1.3496594251497647,0.8244188461713345,0.23361596445856883,-0.11026807909080952,0.4627913396792193,0.6504837675025233,1.8208449887212215,-0.44086686632512384,3
0.7711918275790809,0.5882461830415543,0.5165802173627947,0.5713470688289005,0.1454867090546731,0.40615288215965883,0.18560656527325256,0.5503129420922811,0.4295513418191688,0.3976341702095016,3
0.4751805163211511,0.505840044322794,0.19380172644022778,0.44902505401364146,0.33422251902765815,0.07449012462437536,0.02184337230230212,0.7348977462117374,0.012316857979518828,0.5351848349103121,2
0.4618311678902688,0.12173373330212278,-0.2219511831458164,1.5309879124063515,0.29848506163527927,0.5108962805520499,0.12877518830101725,-0.0650464781774947,0.2882905053913803,-0.5784540630433599,0
-0.8165367265678837,-0.2744292584125222,0.3476390270827804,0.10051254832566901,-0.012897627424255487,0.517716364615489,1.9191098402972777,-0.30964332042913767,0.5821717624210736,-0.9470489323315714,3
0.2726716503412818,0.49940091812380016,0.9381623346548358,0.7972759455635118,0.4065597799189028,0.8803298928918158,0.6052970174736604,0.7595322207237911,0.3047776529251329,0.9030936410432823,1
0.055169070313322376,0.773594143659651,0.8478497414500263,0.21968177323519553,0.9868248444155684,0.5305012344186638,0.6861659181791294,0.4621257449326957,0.7173205893520586,0.5069664104489378,2
0.29939826056595653,0.852659285696928,0.7271841306674273,0.5490265252962064,0.9171973133244002,0.5817972843962673,0.5039259641896524,0.18296348714165472,0.267826723099632,0.7705330229734937,1
-0.014148361323905206,0.9819281203436951,0.8596866665962272,0.8010624254137426,0.12842636808160007,0.2677768768907596,0.9495012309691896,0.5918788686467062,0.7372399368184592,-0.000595733341059515,0
0.2412701806123747,0.9868451768976985,0.6428672902446619,0.45020082556428237,0.7809691570402231,0.6469075308384612,0.6485461843526568,0.5192785553345497,0.18327603409336285,0.3326793658272646,3
0.1734106637145349,0.5670355807350342,0.6178038645790557,1.0249182625129598,1.0008904906205252,0.05570515478085974,0.8292468230989402,0.9274467128025592,0.5675447172087105,0.8971381299845481,1
-0.16590154501678045,1.6235169694506577,0.9230424065019285,0.3619165843948233,0.722107474937062,0.6226592844367376,0.5306409322868431,1.8209621989364775,1.1185825108928114,0.5224002424174523,3
0.4113928355178166,0.5526724894682519,0.3774484004442432,0.12717197320462859,0.058988745627312746,0.6549151565175019,0.04722441202790281,0.6147348574680737,0.94415179722187,0.1708749859252165,3
0.8579745959573268,0.7680307541430959,0.5324976752303074,0.3956663708378142,0.21609427613763238,0.32075646107520533,0.21844081021671338,0.21489484248526905,0.4542422087693011,0.8459887215618498,1
0.18386782062939433,0.46228855759571896,0.7161528669898886,0.41066727384201307,0.638177038026569,0.4635105118380649,0.28792070199394787,0.6011290515474382,0.16727889170683022,0.5088105466592436,1
-0.09693321496764076,1.0186642764138978,0.6329126989825126,0.21788596837026405,0.8335021587523097,0.4865540709160242,0.4658082434125487,0.6758359665351182,0.8521266600011065,0.8064334337948598,1
0.7249756807133572,0.41963366121702594,0.6072503412082806,0.7325339402338692,0.5759220795892018,0.936227216636199,0.6206853285758241,0.31378570997728655,0.2063307117788555,0.4751274234915032,2
0.17211646853706908,0.5523006292044906,0.7543374842930283,0.42501146642806464,0.5440279054594543,0.495388799827963,0.5063322521664334,0.3017898765357296,0.46754320804347627,0.4057874328234749,1
0.4275374273038378,0.5824261582624217,0.31206487067840377,0.6564721134364611,0.18591881946805083,0.9242346431723253,0.18196365164867861,0.14399355377641912,0.06511070755036784,0.37686041176524254,0
0.33354731404891125,0.45791281705504694,0.4662704920570974,0.20820514507461765,0.520322862879965,0.7090194224632195,0.8292791352666075,0.18506634977927178,0.3853529013313573,0.5202279695140126,2
0.515798985843887,0.32970813906635466,0.7487001443822808,0.6551337621552564,-0.43898620606694705,0.41147850471472164,0.45057617901808283,0.5968191790577027,0.2612315345751809,0.5372708940100883,3
0.22911333917423796,0.4680538243839245,0.9904259296460166,0.21158810470275272,0.22693633575287056,0.04344075105937719,0.9460008129191879,0.2227629055031875,0.9855564498904691,0.24586832421295904,3
0.4505210089503662,0.24631385009675924,0.19662733470574334,0.20946719521019344,0.3993304451158385,0.9035191902272853,0.8627987978866852,0.15832139802650874,0.4168172857567145,0.032034113187179955,3
-0.006257915775619738,0.8099279692316564,0.8907780382930521,0.749295489951619,0.6663797031286676,0.6766075097510753,0.4082573835876416,0.30125955384851766,0.22500260546954823,0.5451543066500921,1
0.5585955013762702,-0.06683807207475562,0.18261251705657747,-0.07328261975417336,0.17121389778172075,0.94746474439132,0.7890254819279243,0.24455819883070729,0.7942772642690191,0.19159288070981564,3
0.8859925475487189,1.476616015692465,0.1718841338424688,-0.47836667763847185,0.47244179645118817,0.8071778941096404,0.7825603284312177,0.5643700253627701,0.7557143210336551,0.7114032325898503,3
0.5365999699036501,1.0602924076740599,0.4729499085554627,0.9185464840912825,1.0951328493288501,0.49778535670382507,-0.146784944133176,1.1496519627360058,1.2984711675614953,0.5164569948266049,3
-0.05869903975410806,0.29345497095754414,0.5104345878433398,0.4960290968491242,0.39023301966426566,1.0989810895802705,0.4391497560488698,0.08540258790153353,0.3075538759940861,0.33716605438493114,3
0.2911207317722375,0.08986265952186168,0.6427004386318389,0.4397768144041805,0.987936224174286,-0.03542403357192536,0.8681063740244795,0.5543317380826277,0.4866463899792029,0.9627037245288179,1
0.5390165036510044,0.24895035305696944,0.3793178257507155,0.5473964388938513,0.3406920247118004,0.5503280909216012,0.8041714280728289,0.8957558540790131,0.4393830399042724,0.4726305219557932,3
0.08183459250837025,0.9996443365146696,0.7483558402321624,0.2657828295588487,1.014572520266133,0.45698417289717663,0.6551062509768518,0.6567295078112405,0.6685026159664609,0.6399868885497753,1
0.6549576159126048,0.13202504429456927,0.41940792465276855,0.4814736500406514,0.009878986035237083,0.21410005557482215,0.1012661740747998,0.5858681564238665,0.6070088534328251,0.8707421295983625,3
0.8378665049902205,0.8039530903591816,0.463030785007126,0.47574753762637817,0.2526551800927315,0.14058642804365984,0.31244915927209416,0.15869267654124306,0.28047520026365075,0.8008118654263711,1
0.19521635325351838,0.8517824865871947,0.18230894096365446,0.5147402871726515,1.1605016298883166,0.05289151595603925,1.2922853612319025,1.1527098469782973,0.6746344637740489,0.537608832013615,1
0.3657470567854914,0.0778111357313424,0.6547093149006477,0.2883150448391046,0.9993103769550135,-0.05213571094972222,0.8304792422251086,0.48242819369125894,0.3463954455700593,0.9553647149183665,1
0.30582497425805144,0.9048731250894233,0.9401559119443633,0.6838021549472062,0.8019057108097617,0.22281635907029965,0.915233783793384,0.8887406192379746,0.49910065938143083,0.04535444168634596,2
0.9142929184851126,0.7361769115998034,0.5330956099084315,0.4775678861916463,0.2686666624195402,0.2601043874287881,0.23029579247240492,0.12379203876147186,0.3814597779319296,0.8682375044100821,1
0.7721980758536542,0.4741102575436193,0.40495051780749297,0.48141093326823087,0.3500128583386307,0.6280909440379367,0.9603544459302623,0.97275815797135,0.5549078828324877,0.34528813634695915,3
0.3066187763156786,0.8763604813252779,-0.11218483040956526,0.3674120478862822,0.4789751880703555,1.059874183281097,0.03455772025025386,0.2706234834943043,-0.2625215661557465,0.17252677592261673,0
0.5978912032318174,0.8212437869539994,0.7925078905661709,0.8905648070477254,0.7934490116976207,0.44785877252053835,0.1026720418298126,0.9352278195023822,0.9626394979922012,0.7945286828166018,3
0.42536394129747185,0.05833574484410067,0.6952539600829891,0.24735135479637632,0.446719402243635,0.6055803424466152,-0.3800887657598311,0.3623011704730239,0.09320788311064365,1.389211319998867,3
0.08691819922811386,0.6911091754827159,0.9587287854221512,0.5984225779183329,0.7361782299899304,0.6131577064266354,0.4476861142517637,0.46046165168857434,0.31710325083136276,0.5053270069615913,1
0.15722392166524302,0.9641296953371467,0.7586079761304106,0.7324281829262583,0.23602896584036018,0.12407579733640567,0.594007585256528,0.23317872518918176,0.2597736516326602,1.039469628414306,1
1.069314063262399,0.626857187709031,0.1284295771497143,0.9047344521847102,0.6681517766484606,0.6674609450288376,0.5747499910821937,0.9570983524667614,0.012236211834804413,0.06233093106281241,2
0.2083894228247305,-0.22970684441362266,0.8435511935259217,0.2718814718090507,0.07558519450664625,0.7973509956623637,0.39088116300539305,0.5063647524221568,0.01828441203104819,1.0150934064627282,2
0.4018086616009326,0.6778869732583924,0.24715310091767473,0.4008881744638131,0.4268916219840612,-0.0857160875323677,0.7312764381984959,0.3228041121241027,-0.08784572967487103,0.8528772178380634,1
0.05406592234465788,0.7702599175616066,0.8430593741602106,0.22000234608504743,0.9907295192661263,0.5312864483026474,0.6837776374461049,0.4586540420687961,0.7123552390953258,0.5050044825006426,2
0.4240999295822734,0.5626242013822578,0.3954103718345547,0.14294340365705485,0.045973602654415045,0.648929333528378,0.02954405668552506,0.6304436138053244,0.9314312512929994,0.16158584242401136,3
0.2055637020676392,1.0539147046722008,0.1323663231431792,0.5044673421048691,0.5396141816320505,1.2590960617644198,0.2680715065114554,0.14272411415042052,0.1825387776759011,0.25029196301773565,0
0.2965025701574295,0.9065854361026005,0.6247149604455612,0.5151462115120657,0.7983753941988195,0.6708326232024122,0.5651886700109454,0.4696204279849305,0.21561002365997275,0.38397606981453086,3
0.741872992584719,0.628865265851712,0.8491842728185358,0.07895250179408644,0.1316337968778357,0.08338528134308391,0.33177098958613177,0.9110729581505753,0.9114343939220281,0.8470682785284501,1
0.8808152809415686,0.9026212833345633,-0.011885617616322258,0.9147329813657858,0.38652532371619863,1.1349537709774566,-0.0611768274384841,0.4850913865217621,0.3359793938909897,0.5808033002259937,0
0.8463507848438286,0.6687456121039681,0.5621839337919644,0.47623540156546695,0.3312717983569527,0.29397017448152557,0.18656532336709664,0.03649509765395083,0.33618249304038356,0.7514105797237121,1
0.6017156556985701,0.2659704470373548,0.6365455781604007,0.04770598123296754,0.897201080852764,0.7432331485583042,0.5835204323811863,0.8590188069133704,0.04535934000285244,0.5473914262113304,3
0.05743652343955178,0.771049871401947,0.846555934356514,0.2171027640255235,0.9851866689305387,0.5323425814246209,0.6882181499208412,0.46151136952512517,0.7128091396604002,0.5086835682112538,2
0.48942835622201397,0.6624640656568511,0.5921621940017184,0.9548315654936561,0.014849887243038996,0.3680326231901222,0.4052394142614475,0.2785374128204545,0.22023851211386314,0.09819989325532451,1
0.032002409557165004,0.6627369936439531,1.035251846911628,0.8135035007406944,0.615050129617366,0.46598727392411354,0.4230867682004964,0.6228841231797438,0.23216345443291134,0.7006050334197347,1
0.38480585432662684,0.2493689786736326,0.5611433861480865,0.3318971113790934,0.5877343282477365,0.8976927790282595,0.9432788727229634,-0.06836024527957163,0.6079974778856131,0.5184913953293183,3
1.441128260039388,0.5317828575530485,0.9757243941073872,0.38127869435022316,-0.1510359575494475,0.41611989345954437,0.08391996842596626,-0.4910577951839503,-0.46304439653791574,0.08499393542815864,3
0.11023423648853134,0.08406012773067842,0.3937808019156046,0.7551521604379225,0.11043307190669241,0.406349329117151,0.5196752567164278,0.8197988407578267,0.3903370620678905,0.46270924316129297,0
0.4354744434593945,0.20296652546772342,0.2456597247435726,0.20971575740013448,0.3810185927226754,0.8107790541097102,0.9145144657028009,0.2956512757312909,0.43884943028136636,0.07378862327316638,3
0.5947385297168003,0.9694960478769709,0.2979031782718784,0.557555710915213,0.972987140356833,0.4956152665363687,0.9664394388635112,0.13487513510427399,0.8838593411844881,0.8232992438217126,1
-0.3639811239771156,1.0215605086470732,0.36363772746636963,1.0085541408328873,-0.06828287582540737,0.5615526382991041,0.7446066459791936,0.3432910725068932,-0.2933358723909836,1.23961570110228,1
0.9606953620048616,0.5553580806446013,0.36330462061430924,0.903979983311537,0.31888632495124963,0.945090256191957,0.8724464407510216,0.24056103287683944,0.1546976654445938,0.4564972777098936,2
0.46332828560160755,0.2845252555790039,0.7135293065132274,0.05037454207215834,0.20383033988994329,0.6372510754011149,0.10765093052687272,0.10593975119784457,0.9827647921438061,0.33039445836574943,3
0.8929966543406974,0.7236813534433727,0.5317862284924735,0.4651253912663319,0.2774093723291936,0.25646369019271803,0.23905551600874403,0.10997702028404144,0.3795520267381709,0.8479798250535641,1
0.9277085828246447,0.7122683846746585,0.4876440915064831,0.46200213811951235,0.2440722158170692,0.2638321008973379,0.2692671558843762,0.12093308770237766,0.36395555440444005,0.8390821547462737,1
0.43168742740515476,0.8406127666827877,0.5264062189433256,0.845266009419411,-0.07100775121990863,0.3274671849767489,0.6930088593395911,0.2847244799745674,0.1003514473871791,0.296275729716432,1
0.27160023851555276,0.64158717551921,0.5669252808958617,0.36974249681424076,0.16645084994133652,0.02718409379292118,0.15330851968287423,1.4544473255657255,1.5132665870776085,1.2717980635725792,1
0.05606061172636909,0.7736580183245663,0.8472985132720746,0.21974481099179508,0.9861021878626314,0.5315513401698424,0.6843950231371242,0.4611932264369403,0.7153319441941631,0.5067905815829513,2
0.749688633583301,0.2536471106564894,-0.1326964183263214,0.6729782078416684,1.362510647471813,0.4772867384742173,0.6480739146821941,0.2292388966979106,-0.2187506787880964,0.8289194266341606,3
0.5235600121186346,1.208461717461716,0.7764508377759558,0.4875461323745925,0.6932283640035739,0.7424436248956403,0.6073802022088649,0.6021436109247247,0.12829844963557524,0.11592653797462704,3
0.44181792717422036,0.49203739782181716,0.15178247980107146,0.6803194883277733,0.43740162771801727,0.5666069498341471,1.0361598928623912,0.9360916729332689,0.5649005128190686,0.22910695495010275,3
0.38887231687064355,0.8679004539540248,0.3543936332043999,0.7817546569027651,-0.11140752035347133,0.42972583831111816,0.5174209198575807,0.3225837123055648,0.10392815018914281,0.14109037654416312,1
0.2619024358045565,0.3305267630737645,0.3193903244456251,0.05878618109386366,0.7598458622007277,0.8517173636858867,0.711694345648015,0.08623369097254205,0.7103668470516716,0.3832941028168736,3
1.0543850009215099,0.4275788007527037,1.1689725276474916,-0.23105608530119726,0.22447146796851364,-0.12453927227068246,0.6097775579297308,0.6246668028587392,0.5790121381315971,1.0809438520102048,1
0.8477614675050853,0.7699661361300232,0.6133978160377833,0.5806990706522333,0.32077703372874766,0.22701577802170958,0.17107971677833142,0.22818018659696804,0.33372194477929473,0.9474907288402046,1
0.5019309960440684,0.591286425615998,0.8358507427484301,0.7842481561487269,0.2556295829916675,0.4712044464704451,0.461131827522102,0.5503588874390482,0.6157522187341834,0.5254855081357764,3
0.052421855436687245,0.7678072044331569,0.8491139797407241,0.21469350880332422,0.9900414791772292,0.5277713859492288,0.6833033421982114,0.4712225897365614,0.7086679762834722,0.5028365478657254,2
0.9483201124465597,0.1366820095849815,0.027477380396085462,0.7495963672103051,1.0054282347145804,0.17855259088017114,0.6280033819654981,0.7088646435448324,0.7241988759179411,0.6607408162984579,1
-0.015644166229107526,1.2943628697877334,0.3070868771817272,1.4922507887944483,0.005590310998810244,1.0105459921001996,1.4417939501895796,-0.17929488722881187,0.17367607243993166,1.3553901331826754,1
0.20694088762938634,0.44032584553180115,0.03907970815445458,-0.009784298027739446,0.46211667239176113,0.08339711175836487,0.11219729252851265,0.3257247462926233,0.876146973714446,0.30996749515619776,2
0.6443586493442623,0.7356097036085818,0.5254187689296513,1.0149402342668954,0.9164979937183649,0.33598798939749197,0.040891839959338316,0.9053679961785164,1.0710948529275242,0.8363769166024038,3
0.4432109737863459,0.6941386875247123,0.2351495648729039,0.2806280153330965,-0.10360943631173938,0.8941527176379405,0.42663797774994666,0.28411172446899824,0.2737865855781872,1.02434219843641,1
1.0350778353721977,0.6986918885717158,0.2354803346031658,0.9202212445007006,0.6560732102400566,0.6936333435334865,0.4746318959791116,0.9417588282185291,-0.02791274673571223,-0.028089117233295047,2
0.3767788734656136,0.832068210778382,0.5103961684436034,0.8093654839872078,-0.013719578315555096,0.26028439666560266,0.5711064476151064,0.27747003291675926,0.18556261380614875,0.23393178645361412,1
0.7882544400214901,0.5456700831009816,0.5688766933994596,0.5738614344528452,0.07998081346181257,0.35442901970580976,0.1723840798464595,0.5355207075643555,0.37648434447365314,0.3972131891079518,3
-0.2805241726709065,0.682388684819148,0.5693031344581367,0.7476355520621842,0.398778353019272,-0.1170507199247976,1.1765127992491768,0.647925248373078,1.0309973697515429,-0.1751042107211563,0
1.1335408836187775,1.196409235405223,0.22235281588562283,0.9479610425358236,1.2464159003240414,1.246548183399113,0.33748238189604507,0.6704407084765835,-0.2616300324209207,0.055401195448393635,2
0.34871030235636913,0.8253140589444554,0.39942820616592806,0.7995647359866127,-0.02835665357108376,0.2662220575083516,0.686499343549719,0.30191705502235794,0.21370207094906943,0.3113670434600997,1
0.20472075397828288,1.290079580454552,0.5125620830152369,0.14386121348029843,1.2122049057054145,0.03541129300475587,0.39826693198010493,0.40216148691006076,0.6356612339641684,0.5854094687094386,1
0.35709401146162023,0.8720540871741839,0.5879394207509485,0.7661282824140868,-0.08148910068180108,0.255367091953753,0.7099227225141125,0.3013888825780254,0.06685283899154155,0.20667491394502469,1
0.4784030013574475,0.473516446022157,0.1316220824486634,0.7352047549157029,0.2622575637199656,1.051065348870396,0.25015157166709967,0.4376227169811856,-0.09607149155970535,0.39034293479212756,0
0.334162624718654,0.6337472506298591,0.20853862673889798,0.7206150521968993,0.378017160838119,0.8544886094785087,1.0013667246170814,1.0523734547993446,0.4068295598169016,0.02229939087270258,3
0.7320808481274735,0.6106219794954311,0.601175476460893,0.42345570128655974,0.6221704990794356,0.2788512894570714,0.060161942943770974,1.3109144453441557,0.7060440608789824,0.4055045424524336,1
0.2888643044130874,0.5749626749223562,0.047154912756590776,0.2567846416034869,0.5674417070518177,-0.07102372083485223,0.09507679370239958,0.5503279565547045,0.7271944052721001,0.16215612425851056,2
0.1532631968117192,0.4363212338149655,-0.23794685025900353,-0.14686534322596217,0.5855630165568386,0.1126154099377503,0.1772949580289362,0.15044766650085742,1.0101497867133375,0.39845298027863846,2
0.20975821365311614,0.27935272645779496,0.10409680094244882,0.016787791729929828,0.32800769921279205,0.0935416231749221,0.4540564859641123,0.14010900196748266,0.5411279137807619,0.007474692034575181,2
0.12653501485643112,0.26307327049782114,0.34621691356338957,-0.1345202175714345,0.6400025465437305,1.0344131347952583,0.632467546436559,0.11308003468881234,0.7469789594970851,0.28234629614043993,3
0.5229519257661221,0.28140581827411165,0.23231374409542674,0.10046809178639315,0.3776375794245513,0.9306644332820083,0.8986113718026622,0.20651126674813094,0.44778053429764175,-0.015743641702827244,3
0.2704246855008952,0.9429968775188514,0.6932764943068603,0.4657063344034453,0.7747801659739629,0.6591202652931397,0.5837688368848534,0.5308189327758012,0.19577593340867117,0.36058882769570194,3
0.30844103697308883,0.36563955801642606,0.3525036494562037,0.6364045209728552,0.7276299628215463,0.12861969939430223,0.466269565090389,0.31402515201066755,0.515929137685105,0.06796350852424934,3
0.30633445917096147,0.424615299841044,0.4882298831209604,0.21549823853985398,0.5420421639443678,0.7157930753058608,0.7649102802213471,0.23317232648218908,0.3665069161433346,0.5146723792885756,2
0.17928115315054702,0.15668305518100928,0.5978922178926454,-0.3193217553903535,0.8505421112940299,1.027256614640713,1.0417286787912108,0.2055842907954482,0.24406362520349523,0.2582454891563621,3
0.17295604070696008,0.05726366950367535,0.353363714677284,0.6948967156075664,0.0798114318120427,0.3622026718656593,0.5548615539722119,0.8836023810432655,0.4619265429686025,0.4215568963039748,0
0.4183710913019987,1.1308620198977288,0.46906261105584074,0.6541292749272947,-0.29703966153228045,0.6859642555946122,-0.44022959775555803,-0.1298938124838756,0.4264119528897992,0.28294274715587564,0
0.37074657312782333,0.11442542708056211,0.6008750880666855,0.4744617749644736,0.5486244627231901,-0.11877058678290503,0.5793136162200803,0.6286699691058358,0.5424829971766939,0.04979049613434204,3
0.02704374614424092,0.9352550923058607,0.7192474774694089,0.33545407281930245,0.9091815623240808,0.39842341149910343,0.6333126576594622,0.5704436793656228,0.6445924329901349,0.7084895437091467,1
1.160780028642087,1.0416995081242704,0.5453886994838684,0.6209710157443532,0.4606107854551845,0.22335647107144285,0.24885179787177733,0.771069199939073,0.14917720766978593,0.24960104174641035,2
1.0459957345944604,1.9965958636881758,0.9951694709382464,1.7646635183231658,0.4229215477749044,0.3665635455215522,0.4830395151501713,-0.25714140647584843,-0.27088946762608235,0.24590777986389079,1
0.8867382941727762,0.6362261595737273,0.242091886408337,1.0132662076913719,0.6952392412568971,0.6779307076598869,0.5609853826810512,0.9238285247815642,-0.10450880380354471,0.16149130866434908,2
1.0159616357317858,0.6474109698340527,-0.02432438213122954,1.011668581412606,0.04908903335765737,0.13354381269634596,0.1749028200787236,0.8088111614150214,0.69579947333998,0.0012694880281359719,3
0.3023023936800322,0.8957797846012796,0.7189356460173696,0.7741838400954032,0.4568810040557679,0.3619881987090662,0.8310855555290474,0.07325767447487154,0.33887496697184794,0.7080951634990662,1
0.32855438138288684,0.49114969560146515,0.77722958887544,0.7667249570791543,0.7009719970029777,0.32324258690761437,-0.18172153752284065,0.7585668235139725,1.0035103146308622,0.7448048493023245,3
0.42295469987607043,0.8572856478678851,0.4598081403838263,0.7590104566388315,0.05059449501291235,0.2256132174125609,0.6006651880218234,0.21762757885078066,0.17451608013012435,0.1892737088755461,1
0.7896596273355326,0.8611181379572819,0.6827838931261593,0.31910210434857705,0.8690238113339271,0.9704033913088179,0.12060441461473118,0.40404948600176693,0.6711036335197306,0.43244893421625225,2
0.5610168086882272,0.41801425293735894,-0.0029533315653913483,0.716394178224592,0.564931662627504,0.5221101309902391,1.0049586318277672,0.7200885921180037,0.6055566112167291,0.17170528976643454,3
0.4016178275910549,0.884266669376843,0.4282176640382242,0.7446554217571107,0.013260662822751162,0.273515250061242,0.5408672069442462,0.30444122696426273,0.18638795690495544,0.2056845801605066,1
0.22195895053875328,0.5069519354351754,1.0198633755215671,0.1919266717319844,0.22917559969485282,0.0816404764542254,0.9698669994791225,0.2741346074482551,1.0086879479855213,0.279512776484669,3
0.06283042153877008,0.773257747104426,0.8436709073854101,0.22099938855767065,0.9900511662705107,0.5317701923871067,0.6862159219049496,0.4557173038643112,0.7206022286724584,0.5037915346225251,2
0.9937017924146695,0.6324814827761307,0.18963634407373534,0.9346210325394977,0.6080197180636672,0.6780962938527558,0.49538063010785927,0.9672129828840215,0.00797974348967078,0.04043478929001513,2
0.9210854743683777,0.760213186921499,0.6168462277464739,0.4901984336521718,0.18726745122379623,0.2909400854789575,0.2917101600040498,0.12587107149250285,0.34620825671160815,0.7641694217791942,1
0.7212472553027728,0.11980281076887594,0.26037851482694596,0.7576914291461623,0.06480238369250912,0.16105454710778366,-0.340418722090096,0.501936203583645,-0.09798338519824998,0.7062552414529826,2
0.6787356368185475,0.25606893421905974,0.3553918498608793,0.9655218199347522,0.3208350988253932,-0.15264153707642047,1.151888879771516,-0.24568187081205944,0.11120649447163561,0.20015898126955445,1
0.3148914033934129,0.18687894752418457,0.9420269907439172,0.37813154090406415,0.5968812690631715,0.8077939826918707,0.7950918553865151,1.0923258409365988,0.4105308210136794,0.5060239356294824,2
0.09711938776503443,0.6508400413535904,0.9232533731856267,0.6062413662443352,0.7364010822803555,0.6376114196003138,0.44042524554582385,0.44419812639593387,0.32957792342477465,0.4812012299801614,1
0.651896472201164,0.7718338176504741,0.8444607974831665,0.8286296735703377,0.7031221987849162,0.46912593531109925,0.11861974881939552,1.044777399764016,1.1568946128287732,0.7992061426852353,3
0.9360439307489816,0.69758822295761,0.08213726503845226,0.9971943369003587,0.7416860978635389,0.5980775419035358,0.48381100858401094,0.8111111140142948,-0.08371731558549962,-0.10489870739005999,2
0.33162421993252184,0.9420910890852464,0.9039296910724137,0.6075376407130066,0.784949192400749,0.24187253910544376,0.8531554218819278,0.9298616328500359,0.5619147874762467,0.07620366677404343,2
0.5857318959437419,0.4042466172780669,0.5575567915987742,0.03920458762752985,-0.05401543326493058,0.3448503540863763,0.7098036384487183,0.5860762561277432,0.8014637124740481,0.7056760647258599,1
0.8462495380481995,0.6167385158625176,0.54413082342874,0.5283497324789018,0.2711745903052894,0.28754864001498753,0.19578628480190674,0.18683025489927133,0.44270242567372553,0.8863089591698976,1
0.3051184996862348,0.9161301539558058,0.7127238012288357,0.7967635550212528,0.4446821211486971,0.27846998395218037,0.909156235144415,0.10566593594183402,0.3921102490065791,0.7398007256290914,1
0.6756903435664061,0.8232633762173603,0.9860365877458465,0.8080373662081214,1.0336068732509502,0.2504948476570783,0.3655671357596673,0.7246958325939294,0.8700741945203387,0.8795155450300418,3
0.8791239036093159,0.4953388244278667,0.41435916035039055,0.7244818554868537,0.2819929654994013,1.111090422708778,-0.028998105214077766,0.6434323090798558,-0.2160170209861056,0.5829603074141936,0
0.8533648314221138,0.8716168443934612,0.9064690567916753,0.07074323738283403,0.6953013123188063,0.843258417149668,0.20994484516625736,0.2614849852926404,0.6577814934419755,0.4483533329954544,2
0.05301387170445165,0.7776237007440077,0.8442391922931808,0.222728819161907,0.9872885097973106,0.5288558400829937,0.6812038031039914,0.4622064444181688,0.7117619860230379,0.5114296226707322,2
0.7645844371748586,0.40965882438874185,0.7653252602280519,-0.09345534852662465,0.3414019838221983,-0.009596392393095135,0.48444576986438237,0.8738612992143034,0.7521397949110137,0.8725178241762697,1
0.293776200443167,-0.0007237468308820272,0.1461759860382707,0.09959603796724585,0.2720687249526407,0.8716994378500815,0.18821180586555641,0.15716727429185073,0.7069788980691721,0.6089877482243415,1
0.7966570644441971,0.50907669260503,0.604610855956289,0.5623643457212533,0.08027665593379926,0.39043558106356435,0.15354927904044174,0.541431592631818,0.3959053800103537,0.4011830377161175,3
0.5659644017352893,0.12484948553817235,0.21454550185215437,0.9615570543512755,0.8663416891071832,0.07429342511250488,0.5288655460481059,0.9843459872534398,0.7149877340281128,0.5613522497952533,1
-0.07240485980009406,0.9713079241026058,0.03114779502086083,0.1181405686676181,0.7853800495107472,0.9916169146265743,0.6931027206003524,0.27332834602369926,0.2945940376939189,0.68730882849052,0
0.6485646345712377,0.3210862069796436,0.7511737707655692,0.26790588874754556,0.7175357071498016,0.6360018420205901,0.5164407467994919,0.7264435972018162,0.41637644354343145,0.6742091550219103,1
-0.2647260049217629,0.24625463090293878,0.6739532015319127,0.9920091385177174,1.5566880270831285,0.36720262410654736,0.2007643673243017,-0.09918457377081097,0.19322057250543692,0.365253879067426,3
0.28453268737233683,0.9697286986350233,0.6757920961220056,0.4892053478359458,0.7888756350069881,0.6134121730674316,0.6060883218121315,0.5116972436483511,0.18225628252363282,0.36582484020273737,3
0.40436483646333515,0.8540607107050189,0.5816072232959208,0.9046067631079296,-0.01001579752341369,0.2542338315775376,0.627279505856521,0.17950487614947425,0.048622327162875414,0.25425624821765586,1
0.4194493846230905,0.5069217535008066,0.22761683962631368,0.6187362802409728,0.5414091040934051,0.6890120802598895,0.9970131959200553,0.8721283431643183,0.42176075778602623,0.2634903839385365,3
0.2539710335782636,0.8840992952741765,0.8043749164703728,0.5937566248054393,0.8897533871330917,0.31384949519825,0.8280179751186464,0.9750144322365061,0.5789353606264057,0.10338629319136752,2
0.37621588466314165,0.11930789576431657,0.19613746149232103,0.0038042908230408456,0.31726444676591986,1.0707140730142342,1.0267826982443407,0.30290091352733295,0.7430026817289611,0.21030595824241805,3
0.6276458059445766,0.9132231942686232,1.129356933293335,0.4707113357750319,0.06427068972756811,-0.18787667259137442,0.1894021335495015,1.3342226909311128,1.3859003090696151,0.08918778579991404,3
0.09865951238265695,0.6647389747818465,0.9358459613338755,0.6152924244139759,0.7135233759800595,0.631930921579281,0.41815997666101695,0.446665118351895,0.3380375094813206,0.49537730476966746,1
0.10339470437945361,0.3970766529360211,0.02042082860425318,-0.034166356101913264,0.34128201982589973,0.11600524700677005,0.14735503139023798,0.4112806978250912,1.0047128028370955,0.24731775755619062,2
0.666663178599383,1.057353639694587,1.2870588551891975,-0.26976594545698074,0.22281782354554586,0.3393828500999346,0.06728531975744056,0.8787736633890074,0.6949513880679153,0.7952092639491948,1
0.09999483800980914,0.6664535945785675,0.9349388760016738,0.6138463932839745,0.7147580854557049,0.6341549433183308,0.4202153229489861,0.4476140566438622,0.3399665377303903,0.4961418986863751,1
0.06099305966040832,0.7793276137718756,0.8413722306229552,0.23285674679563975,0.9826095794364811,0.5218430567032192,0.6860138648801914,0.4515678425561449,0.7293765085257263,0.5024978558510933,2
0.04399260312032394,0.5587849826212129,0.8342751787860384,0.6062507806003458,0.65741407145819,0.6819060301711874,0.30527459035888627,0.3536244596629008,0.2245409221954523,0.4197877775501424,1
0.46440868702212945,1.1836092278922565,0.886431624099828,0.4899604976071573,0.8882128044188923,0.4223953443468337,0.5339207666702358,0.840446443525951,0.8463665666322173,0.2832362521655254,2
0.45129292027142,1.2771537793376098,-0.798159659885794,1.617113561302126,1.6519103281575256,-0.520424159438095,0.4095811487657979,1.3148656815525699,1.0299880112740496,1.1155308288567418,1
0.9318480191600689,0.5745709426861975,0.282800420391132,0.05543177330064511,0.029173139005554738,0.5106383967027197,0.2171181583880075,0.6765563710704842,0.4101661939638054,0.27062246269612716,0
0.05499853677741657,0.8947893583068077,0.6455762838488509,0.36521179887713967,0.987947645960022,0.3743198020083522,0.5010186063623844,0.673066484638219,0.59052208667432,0.7257175839959885,1
1.033282925061282,0.6619834275063982,0.6493608923582833,0.3072253951230821,0.40022710175214843,0.3761362960669645,0.3464519502232659,1.1022591742462362,0.5872689581128069,0.8885531737373771,3
0.2944470463648955,1.0066725696716678,0.9155184895844848,0.4704409677172363,0.7266615658127951,0.328171344117947,0.8629307469551648,0.8145392241764992,0.6538431725848589,-0.02823706767741667,2
0.23851991180457266,0.43967789253692735,0.48417169169383956,0.2653631986530928,0.7129480111034775,0.9417795325636019,0.7959062954915099,0.083991429824788,0.3782076630989445,0.629554689513146,3
1.082845021624792,0.3841678777138565,0.47579470793966616,0.4149394325563913,0.8328522123122837,0.20655580272818316,0.41481128156301356,0.23312961656283662,0.029012209430772637,0.06697013450579918,2
1.5484094562354769,0.912798365894315,0.5331162715266214,0.37395385820457006,0.3159447344566056,0.900436451003215,0.8159999318088016,0.9691402579231204,0.30403418427052914,0.16619592239393535,2
0.14542672613087695,0.08594045111670749,0.38355061752363473,0.7260976944814779,0.07837772421045049,0.4004311236740973,0.5321472850966155,0.849983665557301,0.43083475384311176,0.4658777998672296,0
1.3760015505646495,0.5781213979503228,0.9233853839540864,0.3877826912837797,0.8008623174882223,0.8244542345925238,0.6440525302149591,0.9108727730479677,0.24133151085394228,0.786978930775108,3
0.922178715953672,0.6935080926799063,0.9995378029580418,0.6450766219426667,1.1126777257873885,0.23857715103382865,0.3540555411528008,1.1366803023132006,1.3254184486761025,0.5193213399118112,3
0.2210139151098736,0.8457549121842007,0.7502887416955911,0.44259141225504134,0.8919505041351451,0.5522113646018434,0.5699222435790371,0.49134851393139506,0.1649774728273876,0.3733527738097355,3
0.10030441085993849,0.9742343280806338,0.891136749141806,0.7872184316395973,0.19887221229800706,0.2952364962133055,0.9209572150889641,0.5215923563083877,0.665557475630621,0.09819625183697894,0
0.663943437545701,0.8972473910509116,0.2551585578315706,0.64099533810061,0.954070871222409,0.45183906441313815,0.9332185126456257,0.18480345493999026,0.9710093269370038,0.8995058519707353,1
0.3289192042203744,0.8922359041921187,0.6603817300505971,0.5022689235479002,0.7714514448731348,0.6702138678641445,0.6757071303184717,0.5285484268204284,0.13907040223173106,0.34496035877494435,3
-0.03211527344749676,0.8997926699962595,0.5643727378031873,0.36638048338781126,0.8575232278842282,0.4311208510004101,0.7048610408114224,0.6559423659727531,0.6014055169787018,0.5977428724924448,1
0.31573749481721475,0.9056423306774437,0.7027979537726847,0.7881405268976016,0.4269908133070906,0.28908366381622175,0.8910862220500013,0.11738041577474762,0.395547025743346,0.7313696690633329,1
0.8913500396108449,0.25970017040473603,0.191811736106975,0.7480753218546158,-0.007276768526107091,-0.35794906077165045,0.6098063739083652,0.6935892725209954,-0.5160410917685742,0.6417612890825897,2
0.26311772861664984,0.9334319363715697,0.6462668505039509,0.4635150094753574,0.7672987754493213,0.7224708386168959,0.5887106198491814,0.4750234589722839,0.13839470844277713,0.2645544102790877,3
0.227721163429635,0.4228496592548425,0.5875030564221104,0.25708174513911014,0.7134393509655824,0.9205818613527755,0.8807886668008456,0.10283860575579297,0.42200621119485343,0.6627169309440173,3
0.966338203583827,0.7449404766419296,0.5871998125974001,0.40572658055512256,0.23394563580961455,0.2150914792220564,0.27601424056911694,0.11224319570328099,0.3667266105239832,0.8853230995647682,1
0.24691375393727558,0.10541265668399047,0.7586334015522428,0.5088891937613746,1.0498574183167855,0.09126215341611837,1.002489253182514,0.6031947203094022,0.434811946988761,0.892693114907595,1
0.846699378731663,0.5976712782895109,0.7394732017281707,0.5914063201595819,0.5405007136893416,0.987799397233587,0.793654833036279,0.44223637663681936,0.24560710531682983,0.5553355765773181,2
0.8496141595948085,0.5090486132271388,0.975570390279914,-0.036834837578182233,0.10812277414521139,0.15127668863251925,0.41371472919848656,0.8523152862601764,0.8204076962507497,0.8345987397235579,1
0.05397749522923281,0.7807753540504768,0.8504591407857658,0.21634767623072068,0.9961900397925166,0.5324125438425829,0.6927258774546242,0.4664862268378318,0.7190013884515027,0.5097064409214,2
0.9011492977744329,-0.05779037692338082,0.25717453767062637,0.3272573962077447,0.7456906490991655,0.1973395377880141,0.08934867844011929,0.6861919716549063,0.6431665052583719,0.759614972687302,2
0.885829195148773,0.409401226144261,-0.07145145528373101,0.9588171029468728,0.1347576353983427,0.22043915527131697,-0.06717603871232007,0.8480067844664554,0.7794621539673732,-0.05089602855369457,3
0.43587678294096077,0.7427024040186909,0.756443387994139,0.90215990261042,0.7094424333909246,0.4618167802001739,0.2668105585693815,0.8556321993641985,1.0023814908880055,0.8003450335804069,3
0.6804097912398006,1.030925829126483,0.25759748359844203,0.5060907475570962,0.9719677743313736,0.42279960504618286,0.9052671080091288,0.10893325717925771,0.8454616930860468,0.8720107738605396,1
0.6876477088222283,0.4252770738977613,0.6309612087018946,0.7204595351966936,0.5693235962535971,0.9340779149896294,0.6218325277641312,0.2736184368670408,0.18460673905720384,0.4833168397076781,2
0.12474461477884764,0.08551291834900285,0.6445256626415365,0.8995146612975788,0.7917290580383446,0.411653175041795,0.6307663945615752,-0.0810247540182775,0.4382250145440354,0.2405781859027051,3
0.13989163741853078,0.37611846232712043,0.01785088808187938,0.06446141013632295,0.4516711438912337,0.07664077466274435,0.14945285666369615,0.3792349962111545,0.9256779964404067,0.25833109287309264,2
0.9383551310351262,0.9303024009140533,0.8093256573697862,0.6624630245305756,0.572707952379361,0.3678269728223332,-0.0791133288971601,0.7632426683421291,0.9486021105408341,0.5063712726969674,3
0.4136028387444428,0.0610228386385601,0.6002960893055304,0.06856876749479052,0.16551337811863182,0.673231854476041,0.2306880398795505,0.304963851071926,0.9026157592342088,0.1825541941473579,3
0.3746103628809424,0.5195074661398713,0.14686703413706892,0.0770180395291844,0.8930374536292577,0.6715195962787937,0.4725014149251545,0.24627664211860492,0.854534932503574,0.49100771679911465,3
0.24660262682666284,0.3832676248548953,0.527183695711449,0.29829525711378463,0.6952207046565951,0.9695552801829638,0.8152187805007324,0.12166244123917058,0.4965498860054651,0.7188054501176426,3
0.47526949505391003,1.0722047322453798,0.6231116625057066,0.5812447316687629,0.7325298040734673,0.8223381478530921,0.7068534239427026,0.7185957687936111,-0.025632610530902933,0.30155878161116767,3
0.4617620154224555,0.3814998454563485,0.1454247024428275,0.6836042732018779,0.3330356381505432,-0.05675211691601342,0.04403175822598096,0.7138635317031236,0.10019296550336315,0.624580418373013,2
0.11510268639050031,0.3631375611550735,0.21339434526335016,-0.14041915635576085,0.7847949676592495,0.6124008322576607,0.5456058427214358,-0.1837789538183271,0.5277046612235601,0.34050977312934877,3
0.138746855411601,0.11282650101450611,0.370329481705928,0.7064614010347324,0.08814701348053897,0.40146003316085027,0.5399457183241388,0.8375217676182045,0.4144177580501829,0.4542490100522173,0
0.02911060700071505,0.7037956013910381,0.9215683291113551,0.6260386313116597,0.7541896040957139,0.7302996737305147,0.4449790006836812,0.5351708261479589,0.2450683050932929,0.6059440033073732,1
0.32775555542457235,1.2308433314227842,0.5097757198165835,0.7056043803885357,0.5051748026757554,0.5715359130986989,0.07769772035526942,0.9655164126067769,1.170097710186906,0.6541245347966519,3
0.742242777457598,0.8578960197165241,0.6662795967163472,0.3247932762478391,0.8840673690767922,1.0000781112857384,0.09382065041562666,0.42301062696893543,0.7363463239538638,0.4226017629463079,2
0.5429788013133486,0.6755491200235922,1.0154269353726786,1.271118656446266,1.2150870834110783,0.550039301529843,-0.059937072308942324,1.0392369552630671,0.8088699056508096,0.9826739511890614,3
0.1177084201855414,1.0210720402072107,0.7404743112875051,0.2763177885960639,0.9090615960702383,0.4009125431911766,0.589217759558412,0.6380988426891641,0.7173308171463169,0.7259031903396943,1
0.668803461733927,0.9123476174167929,0.38201883460726427,0.5020453064481872,0.9123962000190763,0.37207504126651525,1.0409927260365615,0.13619521277907487,0.7862867511103115,0.8475309009173788,1
0.38418919364378923,0.39449331201085497,0.12336655614050657,0.09609862437839001,0.08183301934817905,1.1146997499089186,0.9119961591758347,-0.07371440661030898,0.6296916040424816,0.2581985453188599,3
0.6377456528438874,0.9721334034253257,0.2856759971627862,0.5860124074607602,0.9521724064637079,0.4807901050475653,0.9135018141991811,0.10444566979844565,0.8831356698794752,0.8113388848071674,1
0.7427325370461704,0.9553262726713743,0.4307500754933633,0.6511123293363935,0.996262152931495,0.8531728493726981,0.659483108777274,1.152915618754852,-0.26155861740095643,0.10488396969668,2
0.5892383078808655,0.6354297379900709,0.1800821997231525,0.7891588537624873,0.27473749336848247,0.8014739229467601,0.06279164771005766,0.38198721069395647,-0.03008845778132789,0.3997408656484473,0
0.054926259896857885,0.7724037393319185,0.8461578115870196,0.2198901121866157,0.987798654303369,0.5299238021598142,0.6858350253630258,0.4601835895085909,0.7147804200966824,0.5071323764558466,2
0.6604204061858022,0.5713958813958256,0.6100110572614081,0.6423077709043666,0.5636038527675168,1.0098026301666245,0.7652898102480375,0.17733464277635688,0.29931116582069817,0.45174045831080345,2
1.084674955006376,0.7338696779558534,0.7351765744704358,0.46936905867649903,-0.3049311205801824,-0.11195835930767917,0.5407899556677586,1.1827502082677774,1.3362814248004555,1.3902893760163537,1
0.7260836179145396,0.41262967016174684,0.33844866298732634,0.28227144328078363,0.5376513785546587,0.7368529928681873,0.5087061977949385,0.7862865464033235,0.40832851824175076,0.5147762266192071,2
0.8481474751285369,0.5355750663748363,0.09156921012841697,0.980691413684289,0.60548709518116,0.5240932003751909,0.539968911758929,1.0788991947547952,0.0052056866486021236,-0.09266883533319481,2
0.4443463981350492,0.06811743329813051,0.5317049113637051,0.2876661403134101,0.33276246440616253,0.45652151745100267,0.39051015320715027,0.8304165201216834,0.22536756179222425,0.5281062261517572,2
0.2961187748946559,0.8760681683051272,0.666580798814944,0.4403349438721597,0.7535830465031431,0.6181856726640227,0.5774486210159004,0.478213725596527,0.12226002066890015,0.3151481811549986,3
0.7171261980308207,0.7783428687638955,0.6987071844018853,0.180372329791746,0.27244979046310275,-0.045229664592180086,0.25676793108311013,1.03810898791193,0.8874768712202667,1.002076495134376,1
0.34268358547857974,0.3943982569179609,0.7911602942712732,0.456047473701939,0.7026708136497127,0.1476443401245712,0.9533875645802404,0.6207375545364902,0.6315736265023953,0.08029118788821721,3
0.2509327155359353,0.3542518374364756,0.2742574708709545,0.014066947228440013,0.7508213697012243,0.871740423597932,0.6591112357367167,0.061051435308458135,0.670960623757464,0.36917867866541093,3
0.4294986083845575,0.5204710828833541,0.993640649416541,1.437757452042832,1.021471893976527,0.8198564019470006,0.6906375503301998,-0.5188364468871269,0.1943826941237383,1.0048739671000781,1
0.5777750919784322,0.06769143557286372,-0.5391834194425426,0.769945283324715,0.746268901212581,0.4994658175459002,-0.22272309090267967,0.005979930042825821,0.41863667170630486,0.9756196569571778,0
0.6582728819354429,1.0709672414996114,0.26653517775339713,0.5215009239975846,0.9225779092130726,0.5643158697519383,1.032833197102833,0.2658491747663628,0.8731205008843322,0.765936234335986,1
-0.009604369896552584,1.4350841240119747,0.5146127847004225,1.1410765481012044,0.5538283705088464,0.5501699209541782,1.1171737050999175,0.32084106428264403,0.4024813127945006,0.3971326170796499,0
0.8610136923404742,0.30284754904114464,0.31103737971623924,0.9458285401212347,0.24076829331877564,1.0041513871416978,0.6873229993076084,1.361978818067263,0.008338392431963245,0.3175488009914429,2
0.09215643075613492,0.09943181189423023,0.04102741568252739,-0.07984378055956803,0.4620663606796782,0.014143162976813867,0.4723678843964205,0.3984429432961072,1.0963844375707836,0.3141575762227875,2
0.9211635328561179,0.40064325008220913,0.642334394120775,0.5694143418959311,0.5740146370690417,0.20676574804424686,0.6534858833314755,0.4275943621028027,0.00025840677976794735,-0.02476254532182018,2
-0.07837549440821617,0.25671783675739956,0.12099060491243588,0.10653767852484752,1.0026823331723325,0.6487023130691856,0.7782339654882761,-0.1362039945156699,0.7374930747115194,0.4651715457067809,3
1.0692329794899795,0.23829573590747077,0.1140718090371036,0.8105245444781469,0.8938362591902725,0.25172970664147376,0.7343618453978072,0.8744633130684408,0.5031735132669705,1.0762742943698207,1
0.31169910167061216,0.883487330660505,0.652929085429236,0.7621136482309593,0.4227484585335837,0.27097778824915847,0.851110996392021,0.08471763993937509,0.3582982610538645,0.7467804556442961,1
0.5248277054251156,0.5882628607210167,0.1576089845669986,0.7945124043842337,0.20181882144467592,0.9307885061675947,0.042946176473254306,0.3136191340056665,0.08668508051311614,0.3416756908496059,0
0.8883789349254685,0.7290850393284862,0.4959885361773129,0.4668228498288874,0.2574536073875397,0.25323333095504785,0.22298148317719682,0.14693519346339973,0.4239193052315056,0.8228101771547597,1
0.0562789556346029,0.7727879596382906,0.8442139134731925,0.2148506598466952,0.9832472803428703,0.5336805640383602,0.6880278938628918,0.45818390886156,0.7127597074743389,0.5047626915724504,2
0.42116299520423317,0.3176904789977816,0.2625811196964237,0.15544300271070663,0.26103339136465376,0.9346996363571067,0.8105410764357027,0.16038814761553383,0.4890770075717058,0.19223755218905123,3
0.8405493364374053,0.45688696974423876,-0.02643306648410603,0.9694464787344979,0.0288141531424106,0.06596673530617353,-0.004873945905198598,1.0006835955066058,0.7130348149099119,0.16253050169595393,3
0.29094680564697595,0.13282707476757344,0.6732341228370047,0.3905911932573463,1.0296462069476353,0.03049400704002962,0.9569820212095438,0.4516582479165565,0.41826681295501766,1.02030387064863,1
0.05560317986058031,0.7738550654406812,0.8468481354985893,0.2186667558396006,0.9874090426148873,0.5316009383975377,0.6853168439597392,0.46141507896237594,0.7160133397395495,0.5075189662670455,2
0.47614054186419563,0.19550622239950782,0.30184541030901746,0.11330194634549602,0.3344293233676594,0.8426227777721973,0.9404006594973685,0.2917778687959538,0.41755509741988617,0.03400979825026271,3
0.6225848331797923,0.5865058565277419,0.48561568830215185,-0.2058152967693172,-0.3686153674094995,-0.3266915382760798,-0.23958561671361522,0.6104522267991609,1.1156080001581945,0.35994151282924236,2
0.6019350001037665,0.9657131437769712,0.30453468348974133,0.5643123966122164,0.9794322881211278,0.4990015135465039,0.960320276547706,0.12922417479559933,0.8869782824795384,0.8207999375547851,1
0.3676373882837913,0.8652159517155494,0.8893023891270484,0.7349397459286986,0.8855396309050065,0.22602477969704665,0.7887354727540172,1.029955754226479,0.6694823852419524,0.13809034589475636,2
-0.036289257216213344,0.6686247109344104,1.12289019276562,-0.34990047840257954,1.4882379544769762,1.2195188755309685,0.2391585730471636,0.6525704758688916,-0.5785238575874844,0.9251296456624404,3
0.6805258128166465,0.6530090286519747,0.1150564506824562,0.9592263789772287,-0.028242732655221287,0.8129943527458228,0.15673632381474567,0.33683580213252706,0.1688325503447981,0.09742625224375331,0
0.28538016278056594,0.09137118983716058,0.1701820953935131,0.25177882784800776,1.0064702781169694,0.7750878808740986,0.7392152918548851,0.2742467396289908,0.5372854528418679,0.19523859527447393,3
-0.15153551744530452,1.030683102628936,-0.08233879737647387,0.8656705067300119,1.1415709873191573,0.9417272871132434,0.2855338858642925,-0.5725426501581251,0.6590103982485596,0.7466444112187429,1
0.19903674864013174,0.616112564274701,0.9756623237711943,0.5328897383305488,0.5901763343041688,0.6171502371177472,0.37966893500569154,0.5187654067898274,0.3276657695816547,0.41482640455138836,1
0.9853626194722691,0.6234926369148854,0.15737706046173117,0.8461844865361272,0.7025613645122838,0.7579687118910927,0.3902831067228467,1.0477660599280665,-0.04627021281050401,-0.09310865102161664,2
0.4362434092227994,0.38775557439771674,0.10557990655903039,0.46082976812575027,0.31385089843580893,0.038809840748801956,-0.004156285845399427,0.7273000669535384,0.10582683411806605,0.6905758251887308,2
0.2774185813499966,0.35846166092491893,0.19781268270247382,-0.08286794014791769,0.740794353661851,0.8457511076889508,0.5543953541585123,-0.026333181790306012,0.5755799025988592,0.2274083906596153,3
0.7615342553138666,0.2412902984425243,0.4818015424035969,0.2573461712263161,0.25435220285993665,0.7321215131199125,0.43364441301723267,0.5383829168048215,0.48243487025016385,0.7278075845568162,2
0.6180308124360132,0.5091338495929109,0.1859869589743844,0.6356770952535233,0.19873774221441765,0.02165898408240846,0.08011885594870294,0.6652306442611651,0.02673739944749054,0.6405763329697105,2
0.31399815352313676,0.8723075679960001,0.7812462375384643,0.7654048837344314,0.41544056694757664,0.3030866997058655,0.8740575663745468,0.17943675877386178,0.33776266977146713,0.7583471293869557,1
0.6780082323931051,0.22012830842141873,0.10621305368822083,0.9142857113811913,0.4783124523476948,0.5356338882769377,1.1132990987800697,0.7543852336723885,0.4207029271336641,0.011984258164021183,3
0.665434563117091,0.4418564439369261,1.3755384569101048,0.21519274029630608,0.8542193571842027,-0.28187792684741797,1.6648212317741402,0.4598476341340303,-0.1888415018952141,1.068067860401443,1
0.4082761793108448,0.7086940960601779,1.0395200804490927,0.4700706576587618,0.818798478602813,0.5030658876680292,0.6723528280450247,0.14554063858802774,0.61953470407582,0.7487475645293504,1
0.4493818608126521,0.5648777010037686,0.39105943499601253,0.13048609826514893,0.046868318676432506,0.6740749355027011,0.06583640802368826,0.610627524815662,0.9660297528736578,0.1434962552635468,3
0.5204122766013741,0.1593161367343211,0.7007764029548372,0.2674653692864234,-0.22618599224884933,0.40624154854725397,-0.03118059874637094,0.24554891859122918,0.6851923360122115,0.8124453457033393,3
0.2635189620455855,0.46406570919623724,0.9527518926413955,0.11963185960763265,0.2518840918248386,0.0455569956077406,0.942276582119879,0.2087955695565299,0.9302609616251092,0.1968117509880058,3
0.16666119779612784,0.20595946661937584,0.13791176723050336,0.18706587266906236,0.33220444603358124,0.9216491457141416,0.30517049008279906,0.3697028631691071,0.6817468807416526,0.517835703648237,1
0.799225123944206,0.21195460532410834,0.5152406795321208,0.47053723956800725,0.004357486362360455,0.34047875781499903,0.13283163321938968,0.4875182006822847,0.5812695272947414,0.8280991943190699,3
0.056682640936975524,0.8258678422832988,0.6665385035014932,0.7408168036725289,-0.04935166032943861,0.5996916745472368,0.6617784884483113,0.5531587490592837,0.4716196806440215,-0.13376751538477688,0
0.3299920567814054,-0.04640440015848993,0.3223486728879157,0.2530422486067527,0.5879072884713583,0.2933891883853954,0.46976232192297446,1.0246858265518426,0.3045925470356366,0.4376673162205516,2
0.8279359071247734,0.6704388328750114,1.0745269054985762,0.9654588556350947,1.1567155246067835,0.4194187183030078,0.16269612342583462,1.32576185844338,0.7016770638600003,0.38145984825264,3
0.13050142028880796,0.18312445261672072,0.1473085987246658,0.22096371071416163,0.30028333465046425,0.8937032357290957,0.25678036764990037,0.3388767303541106,0.66916918571037,0.5433633186412943,1
0.4123417104382508,0.8622159922039593,0.43882016944499835,0.8405289925234509,0.012587048907002095,0.24350014560935232,0.5653420925583752,0.2308737546073949,0.18369465344115535,0.19065469395181694,1
0.8011608527111176,0.5304478755347981,0.6634609119026756,0.5708027200539146,0.5062342670910076,-0.07366442465019354,0.47290446518329404,0.5142385006186437,0.13175954135393037,0.17150704169859748,2
0.2217180811717076,1.0123978589592437,1.0210601363990635,0.7945767493219895,0.7473275760657142,0.3723299901723369,0.7789502897752196,1.0915336048531028,0.5167399340600489,0.19702757155196926,2
0.9822177575165605,0.6091139945438955,0.22244826729456285,0.9560783711856902,0.5686015894392933,0.702983341173575,0.47420835774673553,0.9929918157480249,0.04551400961347012,0.06844317979967453,2
0.9716163264127222,0.3927437158924243,0.7919927825465816,0.18393231349306616,0.37626899120567137,-0.14725259997002274,0.543470459429385,0.7316004971897923,1.059320172885558,0.6649230150802684,1
0.4732338298934723,0.23893639904702976,0.3204057290511822,0.057986611718547895,0.2236815414330121,0.7460635982102047,1.0236777485006896,0.3372909125452199,0.48843750326406343,0.0018427597547600386,3
0.27347226024592075,0.9519514994198817,0.6656515577171053,0.47658793790918363,0.7814953779036777,0.6301763907074618,0.6124433212550379,0.5061093316824196,0.17827864703252844,0.34977828602420635,3
0.9654613803291682,0.6638392819853013,0.12523632658479278,0.945794269150872,0.539389722545148,0.6352017855042978,0.4879478926003534,0.9915482139812809,-0.026508448878015442,0.04837184798540404,2
0.16381334272717302,0.22096913474660584,0.2238974208656962,-0.20709291027189033,0.9284108403433586,0.7153074865533885,0.7856361241107709,0.18928397051256035,0.5134152212289996,0.1370151571079444,3
0.4305153264362285,0.25395005504252854,0.6573993564271645,0.4644200042894725,0.8792268012499794,0.6994085776928896,1.1292685324275824,0.04321103517555209,0.5777250289017455,0.6702848631949945,3
0.1967271691927047,0.9350239021704102,0.7306143570338528,0.4760867191174705,0.7292357978222693,0.6618730311439935,0.5513919910616876,0.4121044638503718,0.21389664037545833,0.25276323996906713,3
0.29264884679366193,0.8103446682218501,0.7258510878082882,0.5317729963561559,0.6047338000926474,0.0811455075967156,0.7957439040104355,0.8136957610174085,0.39023981273416647,0.048197425077147846,2
0.7670729487902285,0.530814900140281,0.9525554970087979,0.04727507221587329,0.1797162662339717,0.1025992783950782,0.25585790582912626,0.9606400306817381,0.9008925116484992,0.8055959459764284,1
0.8311466597001995,0.9206900284405679,1.2996239819227453,0.3526336478049017,0.21320182642265956,0.014239464930098603,0.2671700528911435,0.6701917616956009,0.8665046390423865,0.37038027947230096,1
0.11562402318609497,0.6031947260982401,0.9370025200932193,0.7945240405713401,0.7751660045232978,0.4707176020334436,0.29752052545347785,0.5823754629606557,0.3243083377067281,0.3285058645465925,1
0.7945739500856056,0.4796724178551997,0.6558835147954399,0.20638626085188083,-0.13551250426687636,0.7582405363799266,0.3259755840331215,0.5428893776787607,0.15583717827265636,0.10028416735354395,3
0.06318573559416682,0.7751982595334107,0.8401849538575693,0.22567805340103272,0.9917115007425066,0.5386012034098158,0.6922798561653895,0.4607642903254175,0.710021290258274,0.5092652405010486,2
0.24829025260408782,-0.12014427615528284,0.5217049956357339,-0.09874634745245964,0.3802028810336757,0.5855117744488687,-0.041398150346433515,0.3631710313202001,1.008803592646223,0.07755478814362904,3
0.36526489025651193,0.5229377381121874,1.0466058187056881,0.45996245694233395,0.919360029166512,0.1858721178873206,1.134640280154152,0.6515956633717812,0.6332584042641323,0.08061238362305259,3
0.3312773615805624,0.4685043526187898,0.38823651427883454,0.47569884832269876,0.40443380059573575,0.9961341781044486,0.11138622645051202,0.41925841449633017,0.3838077728162052,0.1735946962672983,0
0.9803887996800802,0.11315759187746749,-0.02172590593748231,0.6967533110170903,1.0203097173758109,0.17470903676131402,0.6382402663795625,0.7194360601941852,0.6319708822664457,0.7549231879568251,1
0.23574885893010358,0.42578671792069406,0.5791654789969238,0.2474669816996513,0.7129572643195202,0.935185145443148,0.8633030216489981,0.0941436253295701,0.43085585607333354,0.6630205967616815,3
0.3497353461378598,0.8502258917832856,0.5168297596721321,0.8617421502954156,-0.035901052706228585,0.29978236360959154,0.5462380259572228,0.28542832573711946,0.12342668061292389,0.21244669628622903,1
-0.235052251252163,0.5187030319988795,0.7894209308933142,-0.0795748262146706,0.23738142373967586,0.4788570221422454,0.5516075628079371,0.3975125454741092,0.06639595648181007,0.5682357903279468,3
0.4458301930932307,0.9402035159013507,0.17033775432481393,0.9793638559317137,0.7683995885699697,0.6587547823374025,-0.337672924693079,0.8728069798166345,0.23868294197028397,-0.1430310363070336,0
0.4724408436973015,0.23105510818172154,0.5048238749597581,0.15491751390883335,0.23136584594837156,0.69050235235185,0.29427735821338696,0.41014339216630225,0.7582377464622938,0.25100236457832226,3
0.8874650365028892,0.5651846468841479,0.027403014703097778,0.9937003412002947,0.405726706095938,0.90946145657288,0.33233021647304894,0.46131243015461454,0.0747005173635609,0.34384996103773097,0
-0.10493027346996697,0.8534926197300672,0.8316513807420258,0.4148519877334108,0.8838020829483327,0.34686615202109605,0.6554808729330278,0.6249735709815013,0.5494185606121313,0.8100661226826729,1
0.12894098162778103,0.11189555998198193,0.39718633022007405,0.733684499940799,0.08247699948640191,0.39686924675866636,0.519913610690666,0.8347436281619619,0.40708943810986514,0.4577863943678148,0
0.37191088959544877,0.35492673141977715,0.6959571385668564,0.3152744665603886,0.7820632008420592,1.1169696506622984,0.8388844320890113,-0.09862477511554438,0.42937450716199843,0.6665706900480034,3
0.8390690391089904,0.33415063933917893,0.0362369841869708,1.317901115071537,1.0145093640642402,0.3501353227893414,0.5219267417172466,1.1974911034715472,0.2742555594453416,-0.36140960445628195,2
0.02874093080480662,1.1677327437444822,0.8702546963430537,0.9929173035857659,0.4328848072228641,0.01894644060431397,0.7881693309864669,0.7775466799234834,0.5451654736209111,0.07604846740554923,0
0.7007834267862053,0.43224316257355605,0.6083717284091831,0.7411591321089401,0.5551949490885839,0.9274487742082013,0.6322101256773024,0.31070085878270515,0.1888465316509454,0.4690806882637464,2
0.49150662225406405,0.5933908830192713,0.1840201393778994,0.5739275923471926,0.4766929871816209,0.6285138890549755,0.9247293589246867,0.8045866474241947,0.45269692248709203,0.18667004812207835,3
0.26787774117845004,0.671195139193514,0.5775289025290019,-0.030096094753603378,0.6921254700378462,0.5090466057168943,0.43171993995169794,-0.13295926588924492,0.8475913397587254,0.2731541502151964,3
0.7945274355486379,0.47022417751886375,0.7210939612769488,0.500587385657983,0.6080370197639723,0.07716695916751155,0.6834020991991753,0.442454948241527,0.071000193952699,0.07044691291640805,2
0.4948863054600897,0.49817094628734176,1.0578505261416093,0.012349408239343218,0.0062614209368502816,-0.0344080977543683,0.42105954441524723,1.0728447965911803,0.7064107447281557,0.8878259343745585,1
0.31840279649270387,0.31342549436190886,0.4477641723409119,0.2801001133541484,0.28030637495216465,0.8234909847212303,0.9659711242841136,0.05900797126769397,0.4868719241246383,0.23141574443112925,3
0.051029333231014405,0.7830780720344133,0.847028954619984,0.21105957103127013,0.9981419579183338,0.520598865651187,0.6885291085688597,0.46080906957946155,0.709122358244758,0.5021081223919044,2
0.35676333313770775,1.0904705493791658,0.608888426022663,0.3357225782066544,0.695680188412718,0.5047800343606517,0.7323032110537357,0.5203439566799244,0.13913338042101975,0.24723896239786475,3
1.1564801036942896,0.34554517350930136,-0.1566688128838774,0.684218112548121,0.7959277065433981,0.5709979261305608,0.4734356127692707,0.6183784872894433,-0.11672624018324917,0.051831285212110015,2
0.26274545540388305,0.4731140020353648,0.10784539779547697,0.22005301577034395,0.808718465853607,0.973358230119994,0.6162388340205435,0.24499504386722099,0.747430000568733,0.5086270073572978,3
0.054616827549066924,0.7779423284947041,0.846921426304102,0.22098924317388816,0.9907572330322679,0.535031211867937,0.6872270705796076,0.45904916438371185,0.7167159447193829,0.5086387987302252,2
0.412176143326294,0.8764627492688147,0.06864296001388072,0.2923242555533768,0.6220448992756534,1.4067145565938255,-0.4215113136970825,0.458968909577504,0.38538364651792656,0.4937983015542715,0
1.0870783224098755,0.23490005408487355,-0.04689999418961988,0.7792023534614069,0.7946823746205887,0.24210108630011729,0.743475899974093,0.7723341470243572,0.6873777920478604,0.7597455016814052,1
0.1376423180665758,0.3115826411652229,0.42092733561200957,0.11859692859130885,0.716286469894879,0.9749008342567695,0.8824219520876899,-0.03818307499562157,0.7526206566749517,0.5687588961195378,3
0.5339213990305433,0.2004065123939164,0.1877402669773648,0.09301010328176963,0.384603208731705,0.8782242595165848,1.0451870796045193,0.2557136432905791,0.4641304769914384,-0.013999167220355095,3
0.5606520951316512,0.6409206037119944,0.09103919690873694,0.7194630299616159,0.17076576233181406,0.8444739776069174,0.13986675698110285,0.38044240671924817,0.07779167210952653,0.27362225174220967,0
0.2512604657907656,0.05209061895896348,0.7059263533107851,0.42322567296045244,0.9996768577658042,-0.004881784576380882,0.9038803513588406,0.5218507381508568,0.4227463908846097,0.9730873538390918,1
0.20274804376943054,0.4918098714809728,0.33468706884851407,-0.17989123782466532,0.7397456562068563,0.49762430298032007,1.142854265676107,0.6451839925569258,1.0075628150234743,0.8895317263612059,3
0.954639457120924,0.11336529715853276,0.007269844084389746,0.7161129330524852,0.9792429065394247,0.16296033255872247,0.5848908809895992,0.7175377065288868,0.701827378770029,0.7481316953846499,1
0.4932807302905033,0.1478394521216172,0.4907433531532112,0.2814717819649057,0.42367955700102894,0.46890005827958015,0.35537795753585455,0.8344520925906951,0.2907738833192217,0.5939430630044038,2
0.7155392314204433,0.8906093260959644,0.9180008460030227,0.5432380678095349,0.750930847099693,1.1233536311910515,0.38855368967576337,0.5489945631866742,0.931396346815043,0.20290675262334273,2
0.2926435398655223,0.938708811006412,0.6788201536924726,0.4881366312677431,0.7775511059503089,0.6270212083392617,0.5949027530410513,0.5301014609873,0.17148016628979929,0.322615910990223,3
0.7372316115052544,0.3508351364186623,0.5914746122732051,0.8478248455815296,0.45264418776363397,0.9947097234697412,0.7807880483741809,0.2233054121837421,0.29425220368299443,0.39954032339528023,2
0.824087910674769,0.9876250214488961,0.6030951207163014,0.34166943083545154,0.7945571457612843,0.8953980625018764,0.3287476629987417,0.2540822195257836,0.8493163237110211,0.6059343808332296,2
0.15071799886951714,0.1875269246501301,0.1466441526560514,0.22471321391686103,0.3338453291891655,0.917032625884149,0.2869066143671356,0.33925595301951095,0.6768880981733889,0.5663330342958817,1
0.9723643884215486,0.5343378233615513,0.08453496682447371,1.0604026454339335,0.013279742481391583,0.1375300871966301,0.010592425109819687,0.8167314780662573,0.8606512818816083,-0.02012011406985345,3
0.8647390124564868,1.1877836997421467,0.25759289303776933,0.7587056916495342,0.719851852617437,0.01758975226191284,0.28211909515313316,0.7402302839927,0.7298358343671989,0.5763379258982926,3
0.36413245563876506,0.5149750091901084,0.3845257932122598,0.31519139959054826,0.6335386866872952,0.7364387283989318,0.7236455005665352,0.1562949944754581,0.3484388419242521,0.52530802337759,2
0.22963059011538334,0.45760321135428006,0.5021920913621213,1.1428875530800666,1.0858665037648096,0.13068543756821127,0.9721737746870694,0.7849676485848396,0.5021334549101968,0.9411571117479268,1
0.057017048541186666,0.2700754729689769,0.24907045702853847,-0.033328403553414127,0.01428499083330717,0.5248404737436057,0.4704422914602482,0.46942946831355825,1.2353781477586656,-0.008693765641285378,3
0.25078178069652945,0.26814067090461363,0.057284563537441754,0.1648436386472178,0.5081697654754161,0.13275010776324858,0.27308146029478375,0.3839570409199365,0.8912846366210238,0.22428703035325162,2
0.6608008510964622,0.6107708871483518,0.7711692938794545,0.6768980598707164,0.4609302447361008,0.02744736286023463,0.8365720380925928,0.321782969679125,-0.004030614864459797,0.13670689031316166,2
0.7168029423267364,0.5364098855951134,0.7920161078761139,0.38196777061182996,0.7136761377653826,1.002382710115068,0.6943649888436223,0.10659685983276121,0.4432415629972475,0.5839965591489418,3
1.1527203156169614,0.7506854250690641,0.39489474011925413,1.135886819139655,0.4941994409387009,1.1611127613452903,0.026856887515126188,0.5744518897232116,-0.03423745694840648,-0.10803758377143369,0
0.3908830069239317,0.9562479105872795,0.7990312675181306,0.6791064718117947,0.732262923097966,0.13597584061921353,0.8491255390632051,0.916541434631798,0.49070171794384704,0.06408803005573645,2
0.07731341969014566,0.1530185336439071,0.9038188860394242,0.5603380649427349,0.4891347873953787,0.46046440651267334,0.30623891286958016,1.3559005524366317,0.47388505301273615,1.3484496850041232,1
-0.022210682886471322,0.9127155177825065,0.6501471092875185,0.29198203432667846,0.9533158566123915,0.5150650573727069,0.4421907002244386,0.6715561716330041,0.6665548996758824,0.5970542803106981,1
0.26280222831576383,0.9442288654376482,0.6677676548836716,0.47802165185048845,0.7877186293746947,0.6367427802170376,0.6167203359526634,0.5070994034521749,0.17290970979739506,0.338326673583057,3
0.1268996856399399,0.5825209360461767,0.8819660756628411,0.5928578014330406,0.6900186405909982,0.6166635982826866,0.44713305824104094,0.44681908188973457,0.272219735599383,0.48869519706829684,1
0.3276856843766749,0.43730273168877676,0.447409656000451,0.2693350270964088,0.5882651926752841,0.6878704121923623,0.8217516411774533,0.23786244468067305,0.40776941558932256,0.4919108028184571,2
0.4030997783892397,0.35032666371295373,0.8341638285032302,0.4110342141933451,0.661491551737375,0.1564451489828741,0.9047407322016994,0.6613561385268554,0.6244800883036922,0.15615018114712542,3
0.4889571371217796,0.5156815070146306,0.7945342111605118,0.7494745857116449,0.7091915118278663,1.1933126914432415,0.39161946341516707,0.3007542784107837,-0.08365040013421227,0.6642916452038139,2
0.47845955859799827,0.04110158860928361,0.7436631387732272,0.111589895646983,0.3268134363062932,0.6298201130226962,0.4120134112427763,0.3855974516699368,0.8320955329118414,0.2399841841455198,3
0.010823895808019818,0.5394781736318774,0.17346838817411467,0.2920260432036996,0.31127483447342585,-0.08961782902522944,0.03179615605676896,0.18521778790355306,1.1058659921267495,0.5016477772486865,2
0.07137394457046148,0.10420858259045786,0.40377684161551414,0.7325476668240224,0.10496235643832494,0.3699272387574757,0.4972643735986785,0.8481494332041367,0.4662887092414252,0.46038764080227396,0
0.09187481610313869,0.31792461015889656,0.6374208043054064,0.27353270929563833,0.5962992283372641,0.7466434085163405,0.7519954330995825,0.021274238034500473,0.5361790360563135,0.8183919535520738,3
0.3078389956679558,0.8857012108856229,0.4371499896175844,0.772731299763653,0.06993879796629694,0.18542290205066808,0.6818937302531145,0.21944863626086336,0.21742776586761803,0.2108884241184439,1
0.3779295867270449,0.7937714939487829,0.5052745160784415,0.8795786585169022,-0.0409471199136229,0.26487617139152614,0.5541188292436752,0.19766083346245708,0.09581039286234852,0.23902813756560984,1
0.28889652922347964,0.9843625901218628,0.7112914780524943,0.4882332372428822,0.7619351972567415,0.635626015398066,0.6285445957036548,0.5356629829071329,0.14746721901413407,0.33579138188458657,3
0.11347680786945591,-0.3474712572199098,0.5524538409150761,0.5029337181240124,1.0678300643910752,-0.12241559923204387,-0.26867749675245783,0.15109013181717706,1.2098358114536525,0.45287490682865567,3
0.056080196023702254,0.6664891246678345,0.9671070993110239,0.5560858785805487,0.818713489395516,0.5759646168951791,0.4982030588895686,0.5688084650766041,0.4278124901522496,0.3513421923273694,1
-0.23003496481501523,0.12931790933059376,0.30339744969442795,0.40819579320448,1.2253238725079405,1.29156403859038,0.8107825933204722,-0.38772052542639635,0.4411650655619114,-0.010631581488980968,3
0.1243910971281291,0.37517424753099604,0.007377312825326896,0.04817721970906881,0.4397599178841619,0.08619955969621111,0.13308301788695262,0.37014605437875175,0.9362500419144418,0.27269929405701127,2
0.5754487620520856,0.42262865614439704,1.0082516372632435,0.8996221652531635,0.7219095268498542,-0.06086529874655472,0.8551671596063534,0.8021998717387415,0.6150740163736815,0.34465461400360303,2
0.646467509757964,0.9946849759686223,0.3289700211049117,0.5992913863727954,0.938746386761386,0.5290250538367168,0.916694370948385,0.08301807279537417,0.8436587435161544,0.8257600968714282,1
0.9147511348083445,0.7287026106170397,0.49781531671679474,0.5113333562676562,0.22006514322804016,0.26356824880164187,0.16895630268858944,0.14351370149533307,0.3407690075182396,0.8683375927876511,1
0.8029446028633793,0.19188869443276937,0.5967750777194178,-0.36489679003837305,0.6167975179451618,0.47382824607495855,0.28542167554885295,0.5543124845797638,0.2681357052192879,1.1635911623191149,3
0.41978299708981465,0.60970839039829,1.0321967161874719,1.006225969749231,-0.05569336437694408,0.43866816344566006,0.4991464863089728,0.5927451104187207,0.1489709934300637,0.2813813862945034,3
0.6324058905938701,0.4634553573356823,0.40271926464918667,0.7396870771453103,-0.00012878355477774495,0.5265269400747996,0.0836079896948056,0.5353410168171827,0.2853957242276669,0.2713566141262165,3
0.05468015398391137,0.7738354134661805,0.849686994262327,0.21824220117974807,0.9847972659797796,0.5291146926134824,0.6871905821139718,0.46567013882238006,0.7171945277212753,0.5116184666243482,2
0.1880899398261221,0.48014759466091317,0.9940513242998694,0.4003729951427685,0.7121875545145371,0.4064664257037165,0.22371066183001043,0.5832781836168035,0.3781552211682798,0.38187018633859027,1
0.6550646264140936,0.8334497451211269,1.814144145044665,0.663827135235586,0.8987941191214585,0.30484544465519037,0.1281877785191481,0.42434755615202685,1.1969706136371672,0.7997086155246277,3
0.09998052427782027,0.553501932042568,0.5693304956838853,1.013414115831195,0.9219162821856862,0.07469654660987841,0.815405582880158,0.8607823451797627,0.5253877612377059,0.933446030008479,1
0.06108399689512123,0.7770195791782571,0.8488777155712706,0.2251353306066702,0.9923192031223207,0.5281221641284967,0.6862224355176035,0.4617694311499495,0.7108779335082593,0.5132920930817214,2
0.06059995603135683,0.7127496291097213,0.812386864899856,0.5172995527258727,0.5553157113320394,0.7433473199312197,0.4684928041368232,0.3802019224769229,0.2096612515111145,0.6113856873109835,1
1.4625610106011342,0.5663074199065504,0.45921471858508045,1.0539943680964865,0.5519602207330598,1.0325652868378072,0.6698220014786371,0.741445656375387,0.32827098215551936,0.18357863451976106,2
0.41510023675006247,0.3191436288499041,0.3095188909150517,0.37074669437111774,0.6260110616448149,0.5040709510763961,0.39951733691253327,0.5819974631867131,0.4724187737275827,0.7714304367959306,2
0.38428410781045574,0.8558491537892738,0.47467181796742025,0.795384915347408,2.8526421467948287e-05,0.2595069103901098,0.6007507451804084,0.25553929645371287,0.15312439137445144,0.22183077239875917,1
0.8120538679439471,0.8081127259934882,0.82253842680241,0.15017420245007657,0.03941470038140926,0.06860491187184087,0.37522624136963256,0.9986424562209657,0.8517125600732353,0.7183630022192272,1
0.49008758784876183,0.1492559970275652,0.34961390730797126,0.1977659803105065,0.35654999855005665,0.8862476234468452,0.9153187782940367,0.18370961607871417,0.42535015307183227,0.06295088385110359,3
0.7259890645200902,0.639784707674417,0.08462252834964892,0.6343593012974034,0.1860000858368424,0.8798982043406672,0.19367031321303607,0.29364676548872914,0.13003827887071498,0.3288117482577544,0
0.15057059697332228,0.11343244176643118,0.37344426895954574,0.7124712454516592,0.0752067976534819,0.3974784970444322,0.5375785838543855,0.8318476771851836,0.3993421899803662,0.4497063015370645,0
0.3807855483300189,0.859861046107856,0.4667320848075994,0.8058988735033238,0.0017112580928059862,0.2657137848850641,0.5935005431842938,0.2616308105508994,0.14391467765673807,0.21290801522787217,1
0.07431728905123756,0.669300483921423,0.918129752269057,0.5962393876698581,0.6910922797312703,0.6166314190409531,0.42881515743351617,0.4241242290940476,0.35518733815593745,0.5087312950655408,1
0.3103989293220307,0.39850132911238456,0.13982127444075731,0.28619759043365367,0.4587620294237751,0.9727812881347004,1.0585474769930334,0.02421719762009586,0.423037119204277,-0.04072898491899256,3
0.2741053181073934,0.502140415377376,0.4909750469067981,0.17933395980368427,0.8010124828927989,0.9187217184332668,0.7880602087357866,0.05665891053103381,0.3997117551819045,0.75938500680855,3
0.5408608117265417,0.7749973955001224,0.18405377370937862,0.4043269143067237,0.051014567413529346,0.9080995335539749,0.5701513053268572,0.36680658028944374,0.0983930257392447,0.9337747841446341,1
0.7969064629127787,0.44830517586863056,0.256380268346201,0.03782682317618685,0.4667879995113044,0.7097056072197404,0.017270472412050042,0.841629895467334,0.03811756487723478,0.9201162662685884,2
0.5037577285467548,0.13957274618752483,0.5297718321448348,0.28504401843958915,0.4210841069579515,0.4492454940257634,0.35823928556947243,0.8333221738491982,0.33494301007360555,0.6286758184416433,2
0.3201365333204907,0.09595592118138675,0.4521625943764611,0.1095096516984022,0.23059782988724004,0.6810390058028587,0.4589385912795103,0.12441063269461236,0.982429066342188,0.4051835818405145,3
0.4614057628274036,0.6921848934620627,0.8987674170407102,0.879408829908774,0.6519137582477298,0.3010007789065303,0.13688439589891527,1.0540595397241928,1.105167920325128,0.9222717006532762,3
0.3521455240815946,0.5473178244846931,0.37781580800794734,0.22021841974082446,0.02297515259938495,0.6322511920596745,-0.019640470010723242,0.6028485033474195,0.9393057276103415,0.14247186256991085,3
0.48299958102763674,1.2055991226928793,0.6583405188331425,0.7506512306923004,0.7826471451702334,0.2870770879257653,0.6976973253570842,1.078473661587577,0.8155271111515705,0.27139112372080965,2
0.5925174836690487,0.943594641109322,0.3157057301616924,0.5665771742253655,1.0065576505292915,0.4836758393940167,0.9656674511042418,0.14791529047725135,0.8697704185800403,0.8166084135755534,1
0.33845542227515946,1.0390365410552191,-0.13153020630164397,0.8201382407434625,-0.004449295889303401,0.4455524773066692,0.18043971916035775,-0.024398343727391913,0.2052963300597796,0.05921483645722672,0
0.3570535487178529,0.8791995665379866,0.4627821697815285,0.7795342026176756,0.007797656483006798,0.28894722234385356,0.5840885319280507,0.21945498386591156,0.18925131191034708,0.23707713545773693,1
0.8000098020401425,0.7412055161179965,0.9396115757357584,0.8972821293175419,0.790432443663168,0.4220990642453922,0.4957437119873258,0.6382321971823726,0.8586695529785314,0.6503652890991227,3
0.3849138935436715,0.8493526898595799,0.5184456494265264,0.8172644970164636,0.011115217177402884,0.25837048981743077,0.5642279990488422,0.22311251881675337,0.15384647013676148,0.24266333107090152,1
0.26016710616100924,1.0287038685117802,0.4638084448943385,0.5283808179111098,1.15412505809982,0.6669645349798263,0.814684278036665,0.5327699991547736,0.5629408661234767,0.7010267210739861,1
0.8172568354408878,0.5403811150552178,0.5376933521073218,0.5462676999342025,0.061137468382984866,0.31806530292562185,0.2106553997486567,0.5777284189221065,0.34869478690119793,0.44009807173298965,3
0.6584495842966339,0.8384148146068742,1.0071641055022684,-0.18795525893566117,0.0830572825625475,0.19219058969679886,0.2766472372292308,0.8306498112968799,0.7859767213921793,0.7364861288769248,1
0.8686300037213269,0.4325527935141215,0.8406548237452977,0.4079780491717114,-0.21464501184680929,0.610757391529385,-0.3000465949132489,0.9161112883571573,1.3777164191782183,0.27148867792685005,1
0.3486935086356075,0.8633978113887946,0.4922735753494621,0.8213527396935826,-0.01851337580340263,0.2719301071881729,0.5886133989837422,0.22418316463866308,0.19482087467119863,0.24936430754227076,1
1.109877927830625,0.6958246591149573,0.10841216260336,1.0330531600503547,0.5414592862670549,0.7301998207069796,0.5443832441594535,0.8801368092249614,0.06924761277814387,-0.04061141719333257,2
0.570161871924178,0.9802000439260529,0.29597746108197354,0.5671589080799263,0.9731891145822921,0.49491352989553705,0.9927458268889153,0.14380977157139413,0.8688512286762382,0.8464840035736748,1
0.2665693781541653,0.9321911265392212,0.9288669448161267,0.5719998216971461,0.7281658081565626,0.30332067625731884,0.8267696808064676,0.9535320756175317,0.49197267849532933,0.08990871834500415,2
-0.06942626550286693,0.593931566018158,0.6981875219904236,0.9194761176454322,1.009325530863873,0.16147073765030634,0.6057346501625307,0.9757115877520347,0.5308235141943943,1.1033912905767052,1
0.5331268473387655,0.7369300017019502,1.501211977835799,1.6469048156165278,0.804418712945707,0.35478067444143324,0.69584500769919,0.5027904159020157,0.32517854296152726,1.121214924426529,3
0.5574535213123684,0.9210731830809621,0.2546224757098014,0.5358315958657686,0.9372495440127329,0.5040052493575691,1.008983349884895,0.09436886208768089,0.9229889606229622,0.8668348467008269,1
0.45969262414894013,0.9050169370350978,-0.2635013360403422,1.041068085760098,0.01113976185044746,1.1327982892789212,0.0297695659009289,-0.04004810111474505,0.31888494983654153,0.6484875580367324,0
0.3903896381814522,0.33781647684697264,0.4110237784769776,0.11411407790038323,0.22762537724871196,0.8515256329399674,0.8763778403255202,0.34724966861886464,0.38912410948855397,-0.014456849895960168,3
-0.03693774949356146,0.8925143925615504,0.8942096415847424,0.8289071969239812,0.11653321110573853,0.17999630355061993,0.9168779376776715,0.5873352383746375,0.6086375214153236,0.13691574301786988,0
0.14558354728189013,0.3494302692905492,0.0026023572020047094,0.09010631604876881,0.48587625176313287,0.0629750667307852,0.1261377022931422,0.37709629948285567,0.9369215185542156,0.2337737352819782,2
-0.0912016897637874,0.8944776599552905,0.4992015909135533,0.48733693853739957,1.1285877301342302,0.6174240335653168,0.7467427861906453,0.7163495144789017,0.7912123866794714,0.5324286688053519,1
0.5159978169535476,0.8420285400660524,0.9839724864608572,0.27662876158257654,0.42210553182152605,0.7867730413149479,0.6488595445667313,0.6990285980605613,-0.11424006323280977,0.2732948451735469,1
0.9614446698872297,0.22168993913550986,0.15800531282616087,0.8585680952850492,1.158120648544264,0.38985844979229234,0.8461948236425462,0.8218351005492919,0.6870109903360619,0.564994232163871,1
0.3550724821502422,0.05426518962340452,0.7523114831930058,-0.0014125289414321507,0.018264882018150352,0.5343142063111016,0.3477274995518013,0.17901292926801507,0.8533413122611299,0.22538320981462084,3
1.0345938413876254,0.4889763265131948,-0.16877366104252772,0.8774685826803347,-0.09415401301422269,0.044928184932201645,-0.13507676627098775,1.069742522459678,0.6136791072657672,0.18199528506364154,3
0.46563041510978087,0.21685427400083057,0.2744925551569516,0.1495726205512634,0.33606462009195626,0.8496535474276371,0.9427405536801614,0.2667237174225222,0.4693712956136054,0.046999474324052284,3
0.15020515448918925,0.2199030856342483,0.16573388566124025,0.19372374932186293,0.28496228533136253,0.8682173682924593,0.2715139744745469,0.33073599519896757,0.6730717680268383,0.5222078834294834,1
0.28679920128462955,0.06805243245661434,0.6925589160876232,0.3745616197945768,0.9961876477906341,0.012589227095487952,0.9548872687872515,0.4839389862676031,0.45140224580805766,0.94648861908264,1
0.9278855371976434,0.395665831816576,0.10305227483552122,-0.01854582001606267,0.20360260536836097,0.6742608216903463,0.2159792923278012,0.5031878756756234,0.1366973783914055,0.47175433357576935,0
1.0702602517684445,0.5405713340705383,0.5759139779566845,0.08524696705144896,0.6638481846337181,0.6786138393348833,0.600264254028122,1.135700716178447,0.7856427440606368,0.6562114337312501,3
1.2260018678646483,-0.46524407505182896,-0.2699770218340509,0.3940151233123415,-0.6477129137059439,0.7366567241228776,0.671836750736918,0.8854538395820876,-0.09737853458090684,1.420320697499528,3
0.8478329861499654,0.7728679028995692,0.4872839795899662,0.5281707649194499,0.32336441547705197,0.2835390552731151,0.1817387688082464,0.11153569306073938,0.3984290691083002,0.8927509134605448,1
0.5698924605715707,0.7678516316602102,0.2844041134805007,0.5211897384789419,0.053387322798620386,0.635081284579808,0.09019136882193923,0.5749215810953143,0.7139138055520717,0.06958368644199253,3
0.9120242058752285,0.7070033678949825,0.8533960832125638,0.48193457545726864,0.8703514150680063,0.9289098034687748,0.33069241137507743,0.11262684613061894,-0.013075916852585745,0.6962795337806851,2
0.49112930361990653,0.5156507397991636,0.9980849008943957,0.44430683963488227,0.9926367219177892,0.6370470179926221,0.9583858270371438,1.309795274903208,0.24108376199570786,0.11210589977405844,2
0.6750917729138167,0.79906073133939,1.024438901788592,0.21661068296966757,0.9642922399955309,0.09367285699775418,-0.389057718934672,1.402363182403372,0.7013339860706108,0.5526975817989938,3
0.11833741330976211,0.640721962980248,0.9344362828701154,1.0444211973814224,0.9565523669983464,0.18751622428598952,0.33855957468777925,1.2644149307260317,0.8509874893965833,1.3193476007489204,3
0.8038145467180707,0.5343316651877902,-0.01585888809719036,0.8844841525892484,0.0055193698194264465,0.12400981688836293,0.12447331102377505,0.9100318524922228,0.7981204105797113,-0.003971318477086955,3
0.05183049049815522,0.7705411924137394,0.8445056265001681,0.22420195133337883,0.9844396504083038,0.5379657790683983,0.6768401688006777,0.4617851638755471,0.7207384005993329,0.5034844710998184,2
0.8595325948510637,0.7278919050031722,0.9441266981602247,0.2995163552014244,0.2263521829122425,0.3703437938895009,1.17130617943281,-0.22053626480552047,0.555783451925526,0.1855153593701551,3
0.36235194222015243,0.47145190013755073,0.32104999338924134,-0.08445232296649005,0.7323941343317494,0.9590584832121171,0.6258104992029463,0.15719851745466418,0.6521713660700355,0.3334017482796195,3
0.7985663181981508,0.3439044453512169,0.276657386681509,-0.060732033825635245,0.7139675639927971,0.8452284119711961,0.9402283717944979,0.5570752720373457,0.2286867645998798,0.5424983712920102,3
0.37813797697094614,0.8652536657351915,0.481065224647389,0.8111994510304498,0.010064125899025805,0.268092592005466,0.6030936903630268,0.268162919031312,0.15008637645794748,0.22092517267045214,1
0.05396694198184267,0.7729426302572436,0.8433548759371434,0.21849507953321518,0.9853568122075309,0.5302258034032153,0.6855532307871818,0.4596293266275934,0.7175437497512582,0.506498143676151,2
0.6202820690743104,0.46111124038422774,0.6322750721102836,0.7033209765836229,0.6030296618812626,0.9014017692050531,0.7118288522254346,0.32677657572742597,0.11374699658604569,0.5196899881813841,2
0.31207254902941556,-0.08464036221065013,0.3623931164208632,0.39723607419901663,0.23733216797536993,0.9147257869578357,0.8324918465349807,0.020413927680932194,0.16708007091446975,0.2864440389728029,3
1.0998320205515504,0.6342114837281931,0.11853101695029455,0.9263623688323523,0.5724848875450685,0.6794670997412757,0.46934563981261246,0.8627232066552311,0.015215737679699207,-0.06615385543445564,2
-0.01136805451125339,0.7238485847023366,0.04849137666979749,0.5163862191028653,1.0490429520432814,0.9997947632222141,0.844552063685998,0.34112853865793313,0.4937017291848502,0.6511152125157667,0
0.297949766066076,0.6417536312168436,-0.1564688418026663,0.18426847457404627,1.6963082217766265,-0.08840545223283969,0.8050304411176257,-0.7006485919391211,0.8805948629101651,0.8740914709254999,3
0.28009267133822574,0.9759488253109564,0.9394512050629963,0.6189911838944426,0.7481052412966401,0.32594587025750643,0.9171352287694245,0.8662612659048892,0.46890037963201237,0.10944304140824038,2
0.13058198751572686,0.3747332612978188,0.018339803109736486,0.06646630145573754,0.45776917298387254,0.08243531510857488,0.1506796991190833,0.38244050399542195,0.9201682194773283,0.2589591644708432,2
0.5206836452920327,0.07293424663148729,-0.05684906338082607,1.7157308209755495,0.39703014425194016,-0.7028653716865578,0.1806703634581206,0.4757230476379274,0.8107102336027726,1.1669889139572631,1
0.41461401266176345,0.5498581810020937,0.4243999153952541,0.16874621137426896,0.07020456327007342,0.607336883979284,0.05312983569868801,0.6227664588906477,0.9664952824340097,0.1574790520981916,3
0.9550681551770795,0.48398152476941225,-0.011775019038220414,0.9807830065349427,0.07230262657610156,0.16286788356466872,0.004174122886283884,0.9046474036090542,0.78423021006479,0.0502981883662389,3
0.07819787471246005,0.6835943466227724,0.9492601400628821,0.6241780935534783,0.713416379868726,0.6282105046010711,0.4101378575960063,0.48088103404474497,0.33698536967896564,0.4618516232409646,1
0.37920664105421825,0.6007463744426296,0.36686061953154503,0.14764743937876468,0.06163582403191771,0.6424139189317274,0.006888453537213814,0.6348904863727304,0.895160382548476,0.16836728652523497,3
0.42478878027229017,0.7999768208720903,0.40354693125298696,0.7684442157033503,-0.04554207656367289,0.22902910948180322,0.6256479658905268,0.29332032733228935,0.21559568750191022,0.16531522875974403,1
0.5123046910468658,0.7955719980728212,0.7484247690966354,0.8940506765770657,0.8299871617866924,0.4200073591027123,0.17819790465213795,0.9252437277468041,0.9846962031649876,0.8347477509694515,3
0.9228558002137653,0.49058780364149557,-0.006120174314355176,0.9820897396089721,0.034231886319154976,0.1535413032071887,0.022893661421521966,0.8899994361775684,0.8102046095245287,0.04674970552550957,3
0.5448038201608081,0.48327767875492933,1.2304194665059682,0.013864435759871618,0.4936673496114668,-0.2069259974179648,0.23984017086615206,1.0213690195578067,0.9414859644384295,0.5719341710175758,1
0.28541277880444926,0.8944417758992065,0.5275090890411385,0.2189202790682685,0.726569986364945,0.20470692177466443,0.6287616964848372,0.7493953377760987,0.67094948323081,0.5806150482100783,1
0.16619048738034103,0.10242976212374347,0.35151429854514754,0.7306132136439051,0.11023010913198437,0.34911364072202145,0.5234174758054643,0.853045664293602,0.4350753755398397,0.42908157188171536,0
0.05834495106127677,0.3386504333146298,0.8177331245494072,-0.0132029278222707,1.1814926121310574,0.23219072218262815,0.10627301486662566,0.4661173192131862,0.4640955721810064,0.4748278109089678,3
0.9214981147727996,0.7463235374966397,0.5258234865491141,0.4837539670019292,0.2856004273074377,0.279664722431008,0.22138651491828634,0.14118646199634535,0.3641152293525105,0.8737924098143333,1
0.6005364987871543,0.1808015921841737,0.7514833479541101,0.9468315409132717,0.7252244979979868,0.7113564823101081,0.6030683762967017,0.0853830679426908,0.0742590095100708,0.7503940301777037,2
0.6027419919367392,0.599319198313507,0.30558423522935013,0.520795137119769,0.48895526641319925,0.7036762262894446,1.0193616335474105,0.8281551342029408,0.3477269868787265,0.2889033379446164,3
0.055010451996258994,0.7712373895343926,0.8502644858571446,0.21552264494751205,0.9871600891048028,0.5332746212761627,0.6890110675162897,0.46207428828961333,0.7153102049283864,0.5072485389797106,2
0.9396822505145346,0.46282960959165487,0.030698807491638763,0.9829442030440209,0.04122663775555646,0.15511273327409159,0.0296827688211493,0.9025794414355244,0.7861835208548096,0.04259083184706492,3
0.5437181809088196,0.16790517387885595,0.5291189030124693,0.2784707834042856,0.41383166939921945,0.4717107886383831,0.4010391658504788,0.7749485149280393,0.2969432629984718,0.6177384023212253,2
0.12252116236317352,0.6616808729920832,0.9183794307576455,0.6124546280341217,0.7086777079840042,0.6278110551590544,0.43868201190425915,0.474085175825658,0.3661262395523962,0.5007352979215446,1
0.8396976952396249,0.2804858383242875,0.17425710174563008,0.811006781902279,0.39355675714198857,0.9052216766098279,0.1875317033759839,0.7544566982512215,-0.32221063006774636,-0.08108805213398367,2
0.964298426049441,0.46975992544628853,0.03769028629475625,1.0163751212171392,0.04588282145442843,0.11168569911312323,0.04561752319392253,0.8633871405870382,0.7949788310246125,0.0678057987969264,3
0.15331221358078845,0.6756018463020745,1.0152929006332707,0.8525294193771766,-0.08459513572050659,0.05039555513495647,1.1459521914375455,0.5175771096990196,0.4944082795314099,0.15935560060933157,0
1.0396126337470935,0.5243917676247195,0.1613747396610361,0.4511440412251467,0.6519637770040436,0.4586630496243027,-0.13961344840299628,0.4996442998292106,0.07547222665177789,0.5556701218219555,1
0.6514728007455172,0.5035795657544408,0.08542946066255547,0.7426972480170763,-0.13586320957278425,1.029062808662768,0.01605766713087267,0.115271998564617,0.13279195320132037,0.2569559027097649,0
0.7585641629563262,0.43560039775711606,0.7315374571343597,0.8817439409486244,0.6102654180440056,0.9724825930366028,0.45783261291941146,0.3026824682457894,0.4061686753064996,0.66439173647402,2
1.06023848139494,0.785112518003309,0.5698080957150369,0.521015521901153,0.18575403994762346,0.214346281280266,0.3399458581838958,0.034103588675025234,0.534653508695078,0.8266413932046124,1
-0.07745036136248146,1.197251741553359,0.5597890553814686,0.567733484787478,0.21365806511090635,0.5705899833325864,1.3262246229477024,0.8160801988107738,1.0070137145816647,-0.2054883454491796,0
0.9383176290382089,0.7159130576854493,-0.020367640927063085,1.215006329401167,0.39022084836275583,0.8113718697598741,0.7347480549788143,1.2317579605148163,0.2553323420058546,0.370625263706744,2
0.8673708260191936,-0.4650308079430615,0.669996789312874,-0.24487443992818847,1.1994391342715496,1.2219046982776263,0.06534457548729244,0.7979709535612426,0.1407593466668697,0.24458351968421493,2
-0.08066147166297455,0.40535311391888196,0.862937070005922,0.8987882492258498,0.2005016429294561,0.811988776591406,0.43307817183425673,0.35374781423473195,-0.20723024110324278,0.6904272316573062,0
0.3899944795514101,0.46341592922564967,0.15067836757240585,0.5341844123800206,0.30501107276204587,0.07309969642298207,0.04691101814778313,0.8116430564986037,0.10884293965904933,0.630255201370425,2
0.4541327871552729,0.5484314720774872,0.2077209561170929,0.5485607508379399,0.5233372999586782,0.6787387680423723,0.9656992010565266,0.8560117527649065,0.4385660560763454,0.22197566368466046,3
0.24075067857022253,0.979760477036961,1.0279767572388938,0.5621873372655218,0.7704249432380826,0.21692668784578562,1.0044926734431576,0.9105267524074742,0.5515294407247053,0.21887149214574184,2
0.45945771565816457,0.5179995703886894,0.20611627623176357,0.5724641147102585,0.47447218043719963,0.6892504189377046,0.9320947646628631,0.8649046226060733,0.44084995146484585,0.23238549805650216,3
0.7917188290128503,0.600207253521747,0.8769009925647467,0.02908607899872851,0.1883567868154809,0.07705411002905672,0.30398797791569454,0.9295902643385409,0.9280994513583403,0.8742000759553474,1
0.12068199377888772,0.632810333584077,0.9096652609037211,0.5872834842748591,0.7297762082144115,0.6465524300773352,0.43442838646765314,0.4515233681380617,0.3574197457768813,0.4974914633907668,1
0.8353373618665242,0.3446586669901949,1.0700962642264054,0.29082590352617776,1.1523673035901174,0.3966318879960951,0.44872772230791025,1.2724483963765185,0.3419458855499104,0.20018405350022228,3
0.8814688635206476,0.7450951147226008,0.5329770029764316,0.444391243335273,0.31231719700538474,0.3026045625436487,0.2550779512447612,0.12650816603295914,0.34104721550740624,0.8545883245123227,1
0.6099586461694015,0.034870157266371715,0.10287502037310897,0.9924760607228121,0.5904163724211922,0.16017371125687024,0.5314425567860702,-0.11879387214724821,0.6756870315387071,-0.209728008693518,3
0.5123505066899992,0.205861260179671,0.5815079549118702,-0.10104214154606984,0.8420488204684204,0.513749161417712,0.49915053373029894,0.009225285536668675,0.5996857616225502,0.08559360238982955,3
0.35144728705878686,0.4619520428783498,0.3211446247663601,0.7466070768123998,-0.14442074335912936,0.5904555851159067,0.6999440330442956,0.19631182696367844,0.3497017173315206,0.049424797877041765,1
0.0542141708369953,0.7765560617391762,0.8440781809909947,0.22407696531719604,0.984434709339336,0.5315533161607684,0.6907230832812209,0.45871740672261596,0.7165264300571325,0.5078301011469535,2
0.3036679506222879,0.9651682189179022,0.7052190098747992,0.4413990990424116,0.7731695940657655,0.6645398225615811,0.6565793622669788,0.5101874092044204,0.20791578441581585,0.3613449552382846,3
0.27840610036262514,0.9382404666201044,0.6591269312055847,0.4767632495593451,0.7805181185438632,0.6492421924047724,0.6301251185638556,0.5038629377610552,0.1917246989087299,0.33734414905632687,3
0.0657420025914949,0.6262851186977922,0.9413316160386427,0.6334627747788637,0.7405191430865875,0.5890249304705935,0.4198724021776558,0.4503078324194148,0.33995519318261785,0.4884225642930846,1
0.6143371722281341,0.6855263121943008,0.9789315048932685,1.1322071621822245,0.881358917064487,0.36828445275464117,0.26271036359532024,0.9812315863612295,1.0889959983169062,0.6209373196886482,3
0.48529412324425664,0.8185756772197571,0.13182612197811394,0.4145273505843211,0.04700747794470686,0.9468239360136591,0.4676806930273139,0.43819570263825236,0.16792608768462675,0.8803341021554817,1
0.9819730065640396,0.6829043095807303,0.03872405404451579,0.9992658699601737,0.7812273111663042,0.8063975746049508,0.6187678617875708,0.9409975719005799,0.08647259991381205,-0.0992383276361356,2
0.12580755682042344,0.4321449674151131,0.055719542057994606,0.05672558700033404,0.4456056504199976,0.020986388249408405,0.1837693355799749,0.39045636978426845,0.9009146689770382,0.19678571939493253,2
0.057694505574639,0.7740809079533513,0.8501779044554136,0.21554321668962428,0.987579442288749,0.5354539460749892,0.6884018002903325,0.4633448634626998,0.7204482262631544,0.5107750360342912,2
0.7520061270615928,0.13462447861361712,0.5065005777352333,0.606386202724228,0.010077906798321573,0.11634941494682316,0.12558575818598344,0.6236944413615244,0.5300871670124452,0.6583550912949003,3
0.3091301606176436,0.8716258430953875,0.5188170515954632,0.8662823315723853,-0.05453810059885388,0.18555164443493782,0.5215459685505253,0.23423226933132865,0.1876864963711418,0.21786388020875477,1
0.5630517454230064,0.3861939287495876,0.4549037013001076,0.6225406944230648,0.5347815469029434,1.0437497645630365,0.6492392957765853,0.4527863548069504,0.09677891814496617,0.3708579463562934,2
0.7208528572912751,0.47180870546045534,1.707082231001459,-0.33527085406727064,-0.23723889831043476,-0.18150195977037417,1.4373704295033223,0.5183244815789876,1.0547780885718545,0.9177999594058253,3
0.0014062624246271305,0.4608434075089272,0.7417528517719838,0.778689662583417,0.5771885017499108,-0.0567785816546975,0.5010489994578502,0.8819125978609198,0.8820391781158206,0.9596539173313638,1
0.16978122148512698,0.5017353439439151,0.3049864946187875,0.16522289702355258,0.85446559199658,1.0175068351261682,0.5660012815047772,0.1526511026749901,0.8211287932893664,0.5142644024459471,3
0.03856652810494564,0.9243699595338514,0.7079671639602028,0.28480981451058546,0.9792860231852927,0.3754202537758321,0.5901091425669236,0.6227519140081623,0.7016306976790493,0.7469868273688369,1
0.7219746687744647,0.4607636637909854,0.49323289609405974,0.6277966962320687,1.1802098329710151,0.9166399931042502,0.16419854234775288,0.5707245436355501,0.6675853634412047,0.025769401736153608,2
0.33101771297117644,0.890605467206655,0.47246524084248626,0.8742198528950531,-0.015224170701792269,0.28027603543629215,0.5701447628442026,0.21269127586025813,0.1633322574396084,0.22176010902879859,1
0.9034595595641127,0.7265450572328104,0.5343082586863673,0.4625669925929782,0.26676223887260536,0.26947509744059445,0.24156895754496846,0.13127749934250801,0.3847512164778979,0.860035184689314,1
0.47642485406007196,0.562877567214972,0.3267316263223773,0.15026710261738302,0.048887055546960614,0.5968593845441149,0.07589510810981635,0.6131064308887818,0.8486579789791262,0.11210220500403276,3
0.0037163984183171406,-0.26544609009090214,0.8109958497799523,0.2707019943356719,0.25920577136056017,0.9530474996234393,0.6837981919515401,-0.4876030993658934,0.8576065921044189,0.8204606492559708,3
0.3660782829713803,0.5740902307938179,0.3398951668532288,0.58483363419973,0.4741998160005149,0.9008034929386365,0.008084658664863312,0.366263501033344,0.35304755302491103,0.026068646264755156,0
0.4522079503911235,0.4976121607658324,-0.14948310583690894,1.1510396659705542,0.18879483019002408,-0.05589954921829288,1.2629926106263383,1.0780040871748897,0.9316250787573226,1.1965879625866012,3
0.33813365490497593,0.44529005429590207,0.490937383950833,0.2462057624590707,0.5415077630352546,0.6707247819270937,0.8062008795474197,0.2127172838224162,0.4052186343407021,0.46202858111330086,2
0.0600474478406866,0.7767982914233775,0.8480671273776001,0.22287068301382001,0.9900965523217633,0.5307423957188737,0.6901642065135299,0.4605616889097694,0.716268972818729,0.5118735759155815,2
0.7261673609733863,0.7284900641440722,0.4617432734223258,0.02540853925745777,-0.19074051770269634,-0.4698963651536646,0.3548209870276172,0.7378719252745995,1.6179448433176373,0.7543041761775471,1
0.451053589148833,0.842950990659339,1.0770078494099475,0.7242561572809537,0.8501903681259445,0.3609190026615492,0.7896474450363599,0.8850688341958469,0.42418672315132994,0.10091964947308547,2
0.9262574680111956,0.5215010329421992,0.48061277093597166,0.6616233840778812,0.01684274829188337,0.857536487260933,0.22978699172940037,0.21626116935213247,0.20390583604266252,0.3367509907584447,0
0.9321533887159793,0.12015276777399789,-0.004792469293469265,0.698313967379426,0.9026507132925875,0.14900948283922885,0.7164592211878552,0.6716374361217242,0.7521584916350125,0.6376106368002994,1
0.45646204958980535,0.4922460012879722,0.17493209689438066,0.5663493531543847,0.4760809199261084,0.7061042775037557,0.9743684288261196,0.8337836014025266,0.4694041374372836,0.21780012139935565,3
0.9517170776371255,0.6414289746119972,0.6667044677409325,0.37443680639338556,1.087680970034695,0.8567064556126842,0.044877164671573044,0.3139507142885387,0.5125004204670931,0.31737879913712796,2
0.4521744259783336,0.21713251218591284,0.2718416106791375,0.13820535498382416,0.34607680028029264,0.8705697711299047,0.9385043981207349,0.24118918453954205,0.4487275728765183,0.040006140264012995,3
0.3493037978735216,0.4815243024147602,0.43970362826976206,0.23694900778644595,0.596741819638174,0.6991553129256178,0.7634145748966445,0.29034008770904135,0.3856109682553566,0.42663552526924864,2
0.2918054679979161,0.8079495968115282,0.7842895221186135,1.058620957911205,0.5609238543188106,0.6316736075641544,0.386314773202588,1.0822207924369418,1.1019855085556622,1.016323897346775,3
0.28124714732642037,0.9504157999916355,0.4247481097041997,0.9098108871193848,0.08720663130709845,0.18506307654704401,0.6127864410232181,0.29363486131262606,0.27007382268111685,0.20121130969780793,1
1.3634134137473066,0.6958509684322179,0.03366055594625675,0.8815299350960142,0.5498557018169518,0.6721854661657725,0.30405362455400503,1.0824573793982177,-0.12068167542552938,0.3697625317669595,2
0.450763935370486,0.8383635453061752,0.5384179116927071,0.8200542798730013,0.05828051346230065,0.29813679398651194,0.6116359242382858,0.2558792387956733,0.17462394635570794,0.16810175854464776,1
0.5469476163413642,0.3207935017095528,0.07328621585237492,0.5178579608657186,0.3201963360617444,0.15000853651350501,0.04387237375855499,0.7319502580201238,0.18316106207878305,0.5765869714271464,2
0.6632318830978248,0.7180884865608655,0.9274292840288682,0.17131245751907118,0.1837568579306106,0.03888019955750982,0.3344263625094911,0.9994197526422068,0.8118000752984956,0.7849844134800921,1
0.025659291459954228,0.4557016702243091,0.04950278491187386,-0.015061592365594081,0.5833170918868269,-0.05874770120495604,0.2889856887418936,0.25441406756488816,0.8158417405833396,0.20958551578586218,2
0.37300191120514453,1.006812035028882,0.9761651821401764,0.6311141777728436,0.8671739236714696,0.156120124550558,0.8306101607748371,0.8802168397326791,0.6288843688735947,0.07460618356037017,2
-0.036994700203018815,0.5653853434773191,0.1201393664729834,0.06742005428432679,0.5934770410474546,0.49500038168338684,1.19809204166972,-0.2760071435622859,0.5768577773162373,1.018571167138467,3
0.608189368828083,0.9471778519572716,0.29775728122091144,0.5587201708873741,0.9787867913008732,0.5155313333854709,0.9698668085224611,0.12702541114699564,0.887585570172703,0.805694304819421,1
0.41958327206240975,0.8134019486635916,0.5558458307591498,0.7186576960072676,0.09289741763593554,0.2871511059909184,0.5143981565664099,0.3274063400588516,0.13394587923503068,0.21711137883118403,1
0.7692955527118268,0.3149439273800667,0.6060116776131973,0.6769338867804888,0.5124731186602665,0.7931689612484865,0.5433974139433685,0.32154393125158426,0.10343557135044193,0.519315295170876,2
0.2052156442024216,0.8073110505145465,0.8730129557188914,0.47784327151879713,0.6446024505956912,0.6394157313077043,0.5174011193214232,0.4274950636237661,0.4048346525536157,0.5127873309295418,1
0.058241954349289304,0.9967177433535068,0.01683116316360851,0.2820260904201631,0.7287757886311401,0.8545620121007322,0.6145991115021028,0.19204985037287747,0.22967054616618449,0.8444007213400895,0
0.8648480503918187,0.6928225351113662,0.51239804489454,0.4953629901045862,0.3039271887006951,0.2834155515035578,0.18603606263894013,0.12991264866724406,0.38567570042352634,0.8202710085160302,1
0.24998086389780938,0.9314358786006484,0.6645703987285559,0.4681162694604987,0.7062267189834958,0.58181178789691,0.6561595802348222,0.44791895670592835,0.10045651441306855,0.3236146850285937,3
0.1504754324894323,0.2586860928533017,0.23616783710043604,0.06389295754784965,0.7612043433386875,0.7895384635111486,0.6782691442809531,-0.017217056568991293,0.7243614698366007,0.2701909682129007,3
1.06583662048933,0.5177214759970362,-0.003607999411023636,1.0068247084217918,0.12939245439056807,0.18416017447752983,0.09455022351272466,0.9892662566154082,0.8401223395934951,-0.04594542952650291,3
0.802424266846274,0.42560579376285645,0.23018456118269448,0.9358238824345118,0.07641124151920244,0.24998610804117022,0.10787904310918064,0.7537027412349216,0.7339637223414259,0.16375979752314396,3
0.5153071727560625,0.7711860643820792,0.7465153731348745,0.8763595908958909,0.8027887088763717,0.4267135873634072,0.16662998887493496,0.948078419701491,0.9881621073083102,0.8365934165020067,3
0.93170987767798,0.7113955762241199,0.5530690707461589,0.49894712825192705,0.2519831260732746,0.27879938132310056,0.24913867964147435,0.15584353215847496,0.3628492168185218,0.8499431249285461,1
-0.03936631252471336,0.9599935502606183,0.7398122011765623,0.235495130715217,0.9696482232097379,0.30318974684162125,0.6290884783804928,0.613054212319293,0.7631430453705377,0.7491008808345099,1
0.051656416322325927,0.7666890507416758,0.8440561962495113,0.21708152051898744,0.9829582348959126,0.526190202994111,0.6831407384252939,0.4680262095890874,0.7187548716157134,0.5028806138968417,2
0.05697135034293994,0.7734690827367927,0.8432469387913123,0.2257947256636757,0.9811535140637613,0.5318778548860373,0.6930757500935799,0.4639721669342586,0.707173930128945,0.515866943001625,2
0.20382766223564458,0.490827694307557,0.45926695262174555,0.4712568543987785,0.6916010512535201,1.0836088851160688,0.86271378246116,0.08798000430118101,0.26661441502108285,0.6749178251295554,3
0.2866836780222918,0.9970777948190316,0.6704708646724272,0.5476811533483056,0.8878676228391531,0.6208823337413676,0.7532577456929899,0.591247833273616,0.1355508653367952,0.44706691384300423,3
0.9959508112783575,-0.05644415151410412,0.33754531732052384,0.3616186621749085,0.44371672875692625,0.3133138182052744,0.4244144276811482,0.2211361006227573,-0.1589561006601525,0.2769554706043962,3
0.8845697128814892,0.31231196612231216,0.05003726244930057,1.0888923592306934,0.08420890279092219,0.056452228082352174,-0.03535723204931387,0.7083667040464031,0.5956992483752931,0.18094433789563613,3
0.4457621190212192,0.5868875456510119,0.41895376527959655,0.1484157848814726,0.06259503142256122,0.6728564185051639,0.005867767772892472,0.6296358288072553,0.9042196301812729,0.15525740819671785,3
0.43247628587683506,0.1549660976761572,0.28180643610468836,0.17643668892393782,0.403969766716462,0.9395298260913029,1.013259261392351,0.2016040318543647,0.5444784223886959,0.08649345430779637,3
0.054169976123126705,0.8639252879172676,0.6546328426797112,0.2817198707319609,0.7657808391765871,0.31767011641718795,0.6304768867169033,0.5427155316680324,0.8388673710007463,0.7477534231152803,1
0.3895948201973107,0.8575949206689562,0.4756220000375499,0.796379265141902,0.009968641957131236,0.2603522559356125,0.5945446991352517,0.2580950538696199,0.1518492451691619,0.2146594147014533,1
0.9579666094400517,0.6734148174129782,0.2199232087375591,0.9582948003834719,0.6224775714323032,0.7599311015733066,0.447829524197019,0.8975753246685423,0.0059658826985992544,0.013905232017717876,2
0.5237330776909074,0.8575182498940155,0.7912191730276958,0.9635543875867245,0.9147499706161903,0.5078835656813854,0.18830293465381998,0.9198601251799049,1.016348221213001,0.7678131767475572,3
0.3029088659102359,0.42124162320833886,0.47841173900893896,0.28354177751028214,0.5732719737643391,0.7229089034273746,0.8062197021977173,0.2414460567420771,0.437789257389472,0.5087565791012142,2
-0.10475083361075493,0.9449139394340581,0.7453274567629561,0.16628095631775575,1.1007881919637643,0.4606793801989927,0.6927785199988361,0.5913352171085072,0.7545573911499524,0.5527208375222494,1
0.7491357564659902,0.4530583385606664,0.7647057095880321,0.4931428105713688,0.6148229770947812,0.10493855481384089,0.6596883338927075,0.4044190715466105,0.060687770867553656,0.03701802282841977,2
0.061212034484619975,0.9575072222517393,0.05515406638266737,0.23958620603384942,0.7423652560641003,0.8324382348886282,0.6342444045761669,0.18790087140832568,0.27183666810790497,0.8088433183607738,0
-0.053281682697204014,0.4752564964631507,0.8397147820080321,0.2448639614373449,0.5968947118391408,-0.6642406888264417,1.3538113897853052,0.16268033742974503,1.5659058123913983,0.05525683260676645,3
-0.1156410251457485,0.8883650767135625,0.5589049132767823,0.13182801997498975,0.8741026050917896,0.6137234310924555,0.8624186159317085,0.6184011801863054,0.4893138199604922,0.8170363402980433,1
0.7928622628580608,0.4133772825591248,0.48617545956209957,0.16815309451249302,0.19929443358278154,0.37072273771341735,0.5175086442510957,0.7097026287128209,0.4228156182069286,0.5413887355565781,2
1.1235455968741141,0.7216197666375943,1.1806921880099996,0.42015826136475265,0.5468555615690553,-0.23753771159071813,0.4817987240680897,0.9600515294613788,1.0593714969216417,1.1935221242797476,1
0.10049898267214778,0.6666987476545397,0.9355131510578445,0.6143557465492278,0.7147562734165007,0.6335702513469457,0.42015530619553254,0.44776277780383783,0.3394904652307761,0.49685328172835447,1
0.05725503463707477,0.77289118315359,0.8459796200415384,0.21838723293219725,0.9878930864094844,0.5310854113540865,0.6842354310996628,0.4616695085050649,0.7154417642094681,0.5083866476777571,2
0.23691853809729102,0.45453048214478936,0.6916677592391155,0.21286153396607393,0.6519229847774372,0.9766720401887974,0.9327412365914131,0.06598460547136373,0.40666168216184295,0.7119749812360876,3
0.18064632495708516,0.24465571978044254,0.7095341169140262,0.05741548610472563,0.2303960116383989,0.23265763430707423,0.23604607935995509,0.5957241482127059,-0.06382376423294434,0.860979626440566,2
1.1672426768712816,0.75559214364186,0.5482248063592032,0.09904348365989488,0.6058755205416432,0.37590681395837744,0.3905971668929196,0.8491681251930824,0.4772000342613023,0.9804960698618723,3
0.28307166072907775,0.970913898186957,0.6481062612690547,0.4726839931099488,0.7689576445186546,0.6239380073727431,0.5916217797066458,0.5064221265136342,0.16114484477018548,0.32560515514327515,3
0.7601839337066054,0.3366687533602568,0.5001619373857025,0.8422147429485505,0.23534475325444654,0.11033867847710543,0.1264682565840237,0.581471322502579,0.6686017253935482,0.42408358310369143,3
0.11420709375520818,0.12526974411685138,1.31694344707746,0.005806582193534665,-0.13035145202228582,-0.10172929479232276,0.6574235720404161,0.30615452468281057,1.1905431064223744,0.45563881257513583,3
0.7139792574745086,0.21385413070330184,0.6317858260211014,0.48388264556200816,-0.019855212331047395,0.3349999882104344,-0.02634764869892936,0.6925605160717475,0.6599911361110614,0.7742246352953589,3
0.2437600128438906,0.36730087706069114,0.5630254381820701,0.1806291006535505,0.6709631583924685,0.8799706767144037,0.9011435993119665,0.15721024096756403,0.3992966558518545,0.7066996325652204,3
0.04854293562363021,0.24724910207856274,0.4619410399403351,0.902695706805756,0.0748735123047547,0.19053346954018363,0.16839554964454548,1.089425807250325,0.3387111987276384,0.8274346884134502,2
0.6542625516207085,0.7306227313304097,0.09278413849397801,0.7796831346127326,0.1788343233322788,0.8557391674974307,0.08760252815000102,0.34026006191421526,0.11796101265706321,0.3504844690039349,0
0.2998115031956378,0.08453403905695028,0.5855687223105517,0.12764416683979832,0.09638445154418748,0.7795987208329812,0.3663352709115243,0.33811198775170387,0.8640505670374672,0.2827309580346198,3
0.5999827617716029,0.9529607577661502,0.3058307592894237,0.5515475358443438,0.9828281143000991,0.4864405611105975,0.9715099817289259,0.13568245644489907,0.8934521831492807,0.8105176521938485,1
1.297123373281129,0.9173682012266033,0.49783992401446886,0.07832619100086372,0.37261588977673576,0.23551105516322732,0.49516652097967123,0.6934061256322779,0.9193706244747442,1.1388908283681238,3
0.9475743520913215,0.71920456785939,0.5287382229866956,0.44473600968841204,0.2337531931722408,0.23006702978888321,0.23347087731441368,0.1672619853056178,0.33658366811522206,0.8255800063486547,1
0.32033027528855734,0.8651465417839233,0.6993363755202093,0.4920186635013953,0.7756286989458028,0.6983759528857567,0.5097208597432648,0.4601433069411983,0.29163770441134573,0.29875402469825446,3
0.5503778041983954,0.8250047211006614,0.7313736212421001,0.8905647004686039,0.8580004764047503,0.42515682852946063,0.14771581104775525,0.9395471648542859,1.0157707256326192,0.8297379333188731,3
0.606387788324249,0.6532142755381561,0.1446331459842341,0.7311291526257144,0.18250932076405305,0.9285922755066007,0.046644978776009975,0.3268897246142426,0.1050640772289369,0.30289703627600084,0
0.38277293978352644,0.8608877684002811,0.5369094558734768,0.7476576591605554,-0.03842744397069536,0.2109000189221929,0.6593332995525754,0.20153031419096504,0.20301079914368994,0.16949283863603232,1
0.5282499600985262,0.562657672716945,0.26744652989330236,0.6191352755997146,0.4471449678896099,0.6147300101060652,0.8878699130762504,0.9059627474470184,0.49248730485766123,0.17650686553086742,3
0.45469192068993797,0.7386118004060992,0.6457172205339378,0.6232130622403322,0.8267719459758015,0.2150365699106854,-0.05272609437269141,0.9823017808988732,1.1493422137387086,0.7520797173146866,3
0.5601394566372871,-0.5883660378200407,0.040646441441200776,0.880475777669511,1.5249842672577874,0.018037168897614475,0.3295446873363306,-0.3054624599601296,-0.32829950178049827,-0.25886159377307294,3
0.053700762544343514,0.9569296437099595,0.6871016729112871,0.3008715394498811,0.9389044509120912,0.38701295341073605,0.6004326819929269,0.5842105952889818,0.6797851829439476,0.719079075301638,1
0.0423565117098614,1.1076088916581615,0.8520845248766542,0.1405982079620772,0.8012819031379527,0.5210227347865307,0.5649481010596633,0.5809413839449526,0.6314780943201211,0.7325223043177753,1
0.4570346764128945,0.10082827248858339,0.5531567916201496,0.37745866093646835,0.34089302036604807,0.4276085648942336,0.3938399878079722,0.755012773900102,0.3306837216089632,0.5713434321690934,2
0.23232816646220253,0.7238302281990163,0.873635198298765,0.31929858902325964,0.7512982074129603,0.8069850222292572,0.1266312044914601,0.3143653381578507,-0.027044016064102783,0.2304773214932357,1
0.3310496458917556,0.5608450685504246,0.21349082986700668,0.6396948072918981,0.6028930688761015,0.7502224869556741,0.8575615102537867,0.852842604160685,0.44699782627262585,0.2266527408612483,3
0.4026361740297101,0.499435156095187,0.1830689111598948,0.528736978668807,0.49095898651616837,0.6998260258925488,0.9849073231491936,0.9194625545333276,0.39411607948384375,0.2529210136107295,3
1.203386990927088,1.3805939488350374,0.531283119335092,1.638375627369336,1.193673032902851,0.31044502044364297,0.43700887305501135,0.6690927175162558,1.1539741230251972,0.29325278137935085,3
0.16633971330065955,0.4093716717982635,-0.006897431330320669,0.06345106061985259,0.4612002793865945,0.09748524280342077,0.16692401337219126,0.34605299240162635,0.9092873208739156,0.24961708308047167,2
0.4406671135488909,0.29893669610678364,0.5811340145902839,0.5043529550967111,0.9608018474430282,0.6903943493831144,0.6627934821633814,0.1803828981404218,0.21732357104722566,0.44918857687809954,3
0.3847698104129431,0.8087373911243795,0.5058136331922329,0.8191787052539151,0.002027344478052668,0.28277836374929655,0.6349640800890464,0.2046173466947171,0.1956404339391961,0.20583415544319045,1
0.6891191765930895,0.4286405790917041,0.5896631980427468,0.7468593549150238,0.562198016817758,0.9424157220684196,0.6390264726513581,0.2912379909517776,0.17976449497287234,0.47342737789558015,2
0.69320460124695,0.5006287821224991,0.46392953886247557,0.5230722955382318,0.7061918458212812,1.0919944298889805,0.8224811126211525,0.11567708776597213,0.3968911975305246,0.7062291219784288,2
0.20746206358633168,0.3255535949728323,-0.002502180170767823,0.05506694027809912,0.5697391603115542,0.03486442756816502,0.035694802649108306,0.39755505273013314,0.8387345494449452,0.19131552144251648,2
0.623684305495232,0.5322357190134684,0.8487545429029689,0.7690632280268526,0.676818403552306,0.04325591105896996,0.9435101627817806,0.11602912851261493,-0.1821019314581887,0.06313334728555174,2
0.7728820178711078,0.7329077163268641,0.7368395363414288,0.07048729408702271,0.19153302618232293,0.2042312878819526,0.32229311609058975,0.9346433961397832,0.9743722567431619,0.7216600845670484,1
0.549658117060563,0.9482868026756176,0.33330961316625923,0.6111009014550148,0.9950433197493966,0.43931221714588276,1.0346596425222683,0.08693700467465748,0.8730784841360164,0.8673140982169119,1
1.0352084814547682,0.8497535595289635,0.6410616886184464,0.347396196875393,0.16262023340872722,0.15603412059862204,0.32439534328263636,0.13357790549820378,0.44942778449220494,0.8158041255029194,1
-0.2604611778099151,1.2396816878800745,0.8752732885452807,0.8096343487216384,0.11344382327833713,0.598559171379754,1.2768135473592261,0.6089564807560166,1.0181629725454011,-0.20639520300599606,0
0.7148296994241561,0.16535071702107895,0.3808793439882681,0.09861547139273272,0.5056701181178507,0.6899983324983863,0.5384499330451851,0.957776645997019,0.20286856342262682,0.7107229221551127,2
0.8325653118138071,0.5869003186011115,-0.2474043117287511,0.7065376395042261,1.4816790402927644,0.24547676197970358,0.37713322144059735,0.20819728361976475,1.2664369646007259,0.8036681623631674,1
0.22722312795127525,0.4635016726852494,0.9836820777313237,0.21540502945361986,0.19847417876630297,0.043421682289263845,0.9516603259760811,0.2255690164138216,0.9800916822788953,0.22649838927638058,3
0.21059289970273481,0.5637153834613119,0.10414851688313553,0.3231401051860997,0.36365618345639944,0.6622009127409153,0.015160053456994116,1.0701268402408626,-0.013787788293773529,0.7825020426751176,2
0.23843336194792591,0.3873410534510537,1.254422365401221,-0.054229261846739985,0.3115029671188309,0.38803177832757274,0.6847157618258595,0.5615158097721193,1.1398039515726857,-0.06620214571442612,3
0.4337203828419035,0.3661425620233595,0.17718620288018833,0.4552684136230845,0.33148515384697924,0.034582252757286,0.08804664402517505,0.8342211766627593,0.016516781108318987,0.6971201559706196,2
0.22293177035224904,0.9478721482814636,0.7294425292427928,0.8557370349780645,0.4516978802092864,0.3105935524186079,0.9891146993229738,0.11273754614023115,0.4827535621753024,0.7013879757706868,1
0.13186202056120688,0.3409423288213788,-0.05524827087450945,0.09823465354881791,0.4826254281545666,0.02787629496792165,0.13776330130070458,0.3357432056644276,0.9297539729015081,0.26420552432990896,2
0.6941177810801384,0.5217127126197306,1.0271376440129663,0.0012529606717609637,0.16525391267681563,-0.15227205100600846,0.2408004313309548,1.0332493639797184,0.8455404828342344,0.6232257546122152,1
0.7290283070210379,0.46991136683094176,0.752719558826562,0.3505435611800245,0.8637922681792745,0.04173395976292444,0.41420174785885516,0.4285442164205163,-0.18514737714005214,0.3265265564104869,2
0.4675394181709643,0.20041930328527946,0.27005732504522423,0.1658047640581461,0.36759191106425143,0.8395008952877908,0.9272354708086672,0.24922842238452717,0.43139775936857133,0.042552411109439164,3
0.3867504757818017,0.8652254429261239,0.791636497024257,0.4881569047581781,0.9224538515842582,0.6784153617233483,0.5265204041713959,0.4670406392019941,0.1974811846715163,0.3807255448547253,3
-0.12126263579820534,0.8704813078834286,1.1324173319705297,0.6157044161161677,0.7042885763279766,0.39962246642174926,0.5050676402541994,0.6148469778946926,0.31741763547853996,0.427631188910514,1
0.2321722210049261,0.4203089479008611,0.542272618788853,0.2697864111973678,0.703598312098855,1.0143779191795217,0.765770095603361,0.007916464235528664,0.41946882792853246,0.6080852587687154,3
0.9170939844868408,0.7282605823076421,0.5309298358172618,0.46130015213938474,0.27378543246581805,0.27518848471171975,0.23079610523623453,0.14292683703465406,0.38095132202748805,0.8569612259786342,1
0.8609353005381323,0.2299355381402734,0.9212231716308261,0.563766868182773,-0.18115008352884426,0.3108218111627877,0.3514099803969489,0.78994140341503,0.5094541568211384,0.2621672900781022,3
0.5739283328012406,0.7143015277808353,1.2163592205688416,0.14870631746415242,-0.2005031281580411,0.4114862650561783,0.09506086100009256,0.5652302734080168,1.1074091445710625,0.9202874255301132,1
0.11970276722776245,0.6050306271979655,0.9353408533833532,0.5894880635781091,0.7109379612805818,0.5774765507515384,0.3539426686654805,0.5146480832334934,0.3908973383393075,0.5512427828589544,1
0.9398114622272773,0.4901145593664765,0.03564906859519902,1.0074990809176234,0.03067021285753451,0.15033117668490004,0.009043111446234221,0.9031731092481086,0.7829436670657967,0.05194883835328548,3
0.8666503699898562,0.5735614112414466,0.19037155545170256,1.0826793214060935,0.6207204814555789,0.555335707597219,0.31202174990685827,1.0078703173494605,-0.17325912839459903,0.06996866937459922,2
0.7006324920192419,1.0147424474465558,-0.3579401689457357,0.7538153691666895,0.7641308099416378,1.2857703706494417,-0.28450316206521115,0.37551520470540944,-0.060733171686088355,0.2680274974604554,0
0.05660985900462921,0.7755794660010171,0.8469015688367504,0.22127229178168098,0.9862977250040506,0.5312920692731113,0.6848153768166007,0.4598048106493054,0.7136983737244896,0.5100695481657544,2
0.40583593357052544,0.597514191518215,0.40468118797695657,0.18698088752760447,0.0459018655578988,0.6923657894142353,0.09030278773664585,0.6536066856379646,0.8741667158717661,0.17935310321324088,3
0.42084323420854086,0.5584595784974619,0.39929539474211645,0.14007374231905295,0.03721892064331982,0.6417395912953304,0.03159115875822421,0.6359190496896108,0.9270611828478436,0.16076681566499074,3
0.8447206809478532,0.7441035065400362,0.5086132517840498,0.4030203674075695,0.2590848033246716,0.2704867188820767,0.2758889163224749,0.07860325264008888,0.36808190229774623,0.8684981064368158,1
0.07102621715607821,0.7140419939559713,0.7008898699549911,0.8176086815999899,0.9237373634946311,0.5470932553369259,0.6732857280963565,0.9398185628766226,0.7643980184059743,0.2873058626220565,2
0.5918953548970207,0.15341268216208576,0.46936879366897016,0.25313787503313245,0.37421853403331906,0.38959545737128565,0.3254839519772129,0.821705417785141,0.39831661880668007,0.5468895791889614,2
0.8219593414092862,0.20065960165852675,0.08221751904884993,0.7855458781090627,0.8910546310846562,0.02843824650976555,0.5591190024032279,0.7998379134955091,0.7031068833423564,0.7358479126537345,1
1.0468838330905181,0.6488346037048003,0.21749668211518608,0.977792946435783,0.563943587571489,0.6261937535206057,0.4428416768572768,0.9263038511508085,-0.004308540265979127,0.05306955173087216,2
0.64280776208736,0.1482725132125343,0.26625602171463086,0.27116861646503754,0.32434676483409647,0.7451198185516519,0.8094595759105718,0.3147202745924495,0.44170318762655436,-0.006353992736542996,3
0.4637369876985126,0.8586425912806797,0.7975833317111277,0.5938233722524268,0.7583630942741421,0.22615942962607072,0.91294963405396,1.0850652489302004,0.5413083131892144,-0.12492992916118681,2
0.983043081528878,0.11489198083280897,0.03749736553243758,0.6539890645561665,0.967407287534587,0.1588008644590181,0.5835558088503258,0.7332748116656185,0.7149936621644858,0.6935303083276341,1
-0.5491669338628782,-0.18479793700075076,0.8353148396445308,1.18570444273672,1.643372199281847,0.5430371334424969,1.4313322543760783,-0.7014479190756027,0.5428954516830554,0.5638581518325636,3
0.9259156294965508,0.6827200129431551,0.6273213981408156,0.21396406508616958,0.41384830892287283,0.4346155423959323,0.49021936026865914,0.9422660426000232,0.6208231484006337,0.7923753875786683,3
1.2242314128653238,0.6193453565160773,0.16406325187988982,0.9420368982689777,0.47948085174248334,0.5214335627889191,0.48925822623677073,1.2006163249153996,-0.04881533729463491,0.12528873127021672,2
0.24960791998368814,0.2182486216033867,0.180359051320654,0.004943546343878252,0.5195633109452845,0.8391773353491,0.909471043033694,0.42536131483254097,0.44729234464336387,-0.1257653063233376,3
0.302347225704276,0.9064813954362911,0.9590939772350305,0.5377474759184104,0.7437927869116175,0.2498042183388719,0.9047987165684923,0.9819026427701504,0.5229263685108271,-0.007867921102151954,2
0.26038698446826214,0.11330275384402605,0.2373145773513257,0.5025933751923676,-0.2176440426887285,0.988107432308052,0.38162155631929134,0.5045710544943954,0.7332496673886288,0.08128836693904251,2
0.719712856544768,0.4935533845406904,0.9706385060709565,1.1206549481856791,1.2941301727056629,0.8468903624951885,-0.06166422304735228,0.5788986736285138,1.3922980110221372,0.9913836872525025,3
0.3741020934239655,0.8002958382459908,0.4612639170525398,0.7612325530405439,-0.04545470683381331,0.2698531547912675,0.6044466227330895,0.223017949176095,0.15931457823324965,0.27169472755758484,1
0.5218098680791943,0.9672217665661533,0.28487725263874586,1.3317004734233127,0.46352016917093275,-0.26719830513429665,0.4210099730731034,1.671960280305116,0.8038447364153308,1.428091909176927,3
-0.03195059800417199,0.9971876756115196,0.6281518045486592,0.2733666469602356,0.941606332630879,0.48926884886960037,0.596737550748102,0.4513759910920516,0.6713708607812349,0.6452692285317883,1
0.8341699441013648,0.3099486959890444,0.12368472218239622,0.952077746034724,0.19168856441895982,-0.013106785574185847,-0.12999100177174086,0.8619594930650495,0.6486384678845871,-0.08845375469868483,3
0.6902894432568893,0.9263253204285989,0.9854809936696285,1.1369069949967046,0.8674861162043441,0.45348471324161643,0.16843631250578353,0.7560558512255151,1.0089658955944296,0.8947699384721334,3
0.08706022386738206,0.9981393273319323,0.6658359934390863,0.2901364702715369,0.9266843847414595,0.3997432994313177,0.6466482222205028,0.5904952822219125,0.6405350140373312,0.6944039029923419,1
-0.14330985867675866,0.8049277257220154,-0.0659302774399794,0.1823192897895511,0.8484811721333877,0.986749049314728,0.6110062109577473,0.19046031927193247,0.2681522161553597,0.6289104493405883,0
0.4989150629894581,0.1878760762458334,0.547945023885217,0.6681770488079845,-0.27724001612845256,0.3889094539206986,-0.07958290939549245,0.3300074400985685,0.3188457315472032,0.6058247825370073,3
0.38066461411292946,0.6208024875869225,0.4526996367524474,0.14620464633956473,0.08162490444407028,0.5844419110606897,0.06998120175538389,0.6091397494217228,0.8955270628142733,0.19979787021491013,3
0.08983040623677581,0.6619444380759957,0.9304788687457848,0.6202907449559836,0.718224859954299,0.6326829743024361,0.42135374038002965,0.45442442865170973,0.33717328945602915,0.488227199611216,1
0.46641005579008393,-0.13426015235595717,0.8881702101560154,0.6939600534903086,0.4780131359534999,0.9146870992844396,0.7411141088288802,0.9581900352641977,0.5197334911858608,0.8337918911773274,2
0.7578285314352117,0.8731860306890188,0.6292835704741873,0.2772504774924754,0.9112217916851577,0.9626231189338336,0.1552622885262526,0.4337788029030264,0.6950864441411334,0.4214826721872996,2
-0.5969707272512891,0.749926666323193,0.26263908830736005,0.02911696450883372,0.09290293761601298,1.060230887672049,1.2913551690291325,-0.21711071608644839,0.27986691138935915,0.6973744537305888,0
0.535552455710299,0.7163902051529099,0.7440496149294401,0.9190214660990981,0.9110343705414382,0.35957810484295566,0.23582211257403823,0.8802531345380588,0.9462489044110345,0.8465236072752211,3
0.12385871686552735,0.6628558577248908,0.9414259288296977,0.6337328053490647,0.7365574344054601,0.6182242335749353,0.4011746536156966,0.45575584002852854,0.30878780039474185,0.4779363317910088,1
0.20814393192129382,0.4763907178225576,0.6204328130141489,0.23880197763040417,0.6910670942842456,1.0012779177801772,0.916959338444244,0.17490745451912698,0.3556704285088886,0.5954315731267253,3
0.3885227092596672,0.8529910256244572,0.47677371429194015,0.801345440608412,0.006177187291166993,0.2630193336742482,0.599154757296513,0.2605634280909077,0.15379473974851843,0.21641010409190492,1
0.9784464938778951,0.6406963672151711,0.18756567479635594,0.9445917538455874,0.6263094567698554,0.6854108986723972,0.4779584826181614,0.9658108084660229,0.023640429454583105,0.023912533660125114,2
1.028256163166163,0.5902017651018998,0.6852242615705494,0.44658489976586174,-0.09129699824389481,0.5111264445426709,0.29560764297083963,0.4136572516377621,0.03911895431582191,0.10060586505902991,3
0.23593232337812559,0.21877479355175344,0.2548803381247908,-0.06442479363686265,0.4060746871100405,0.10421961128726664,-0.07317905696349572,0.04298361636561909,0.8591368725406726,0.5842959289616987,2
0.2831103687564611,0.38909533913235844,0.48647168492230086,0.22706336781889547,0.5583242238119427,0.7089613464799015,0.8551849422746401,0.27093203971744356,0.4460370157382146,0.5268647159515445,2
0.41652172217344885,0.855746993083788,1.0209239533246866,0.7690373167075358,0.7055230649911144,0.2722258369562139,0.9244045510399133,1.0713419846385113,0.4737597104096518,0.1482000017342823,2
0.7490146844915144,0.4208039048499729,0.8816941590648129,0.4602942301140328,0.41458982682001644,0.26912047469019024,0.520835534790879,0.7141730014852774,0.5634852124713028,0.8414553331662044,3
0.4737378850614024,0.36530523263437875,0.10207535115269123,0.5725703519345443,0.37442383637921406,0.03182692201545828,0.0990655488726236,0.7490855920158977,0.018343207206938057,0.6440009356534061,2
0.32454776251411843,0.33503998194167606,1.0604209957460136,0.1953916957784387,0.22153606469765627,0.1503938448412836,0.8107633740238718,0.33845399525598896,0.9605816454792163,0.20657658951818514,3
1.0191276618236091,0.4341086077959548,0.09660217379037382,0.9252836131185377,0.07629260380519637,0.22943528148129586,-2.4506190483396945e-05,0.9567636779724169,0.809648407283511,0.06458630607054888,3
0.3276310206704246,0.955223748770999,0.6639715562442787,0.8319633834001132,0.4363511431591198,0.19237101051489996,0.7943918581803016,0.1392377969038915,0.4550281234280343,0.7905790879519969,1
0.566453523422269,1.0118534857583767,0.27246953599186474,0.6425042628479607,0.8502392430331487,0.560750530783013,0.8521822727859012,0.22275138310951165,0.8244650300934823,0.7366158817346317,1
0.4229303227021337,0.5519287700664827,0.9194937449243542,1.1069524829470232,0.7440462939683186,0.43664761075229297,0.4392459384333367,1.162353215458478,1.2294658184819731,0.825345386125851,3
0.34754045705587466,0.15919495104870535,0.8501703984259077,0.563493848796951,0.7965866701638669,0.4316001277722264,0.2281674338416188,0.5065353474043749,0.17485211186318309,0.4496083713725687,2
0.12715496370550544,0.10223671794417703,0.3938920273689458,0.7308353219179891,0.08225613412406829,0.38324814850950656,0.5331301640994942,0.8522830417965792,0.4092839799171749,0.4423406515883278,0
0.2975607879427352,0.9773731664770189,0.6971055097398807,0.5022298363891581,0.7642688617636602,0.6406175446687629,0.5761178068674618,0.5344164054744533,0.18729498177553083,0.37760397041312915,3
0.12971334176023203,0.7410630746979697,0.6048759706152513,0.5647039354123095,0.7226455678554842,0.37244930908469553,0.8917096624691359,0.15959182236858793,0.6143289356412893,0.8185610772014689,1
0.05842060227103339,0.937984495218992,0.6782412367890809,0.28382755780775504,0.955136887383926,0.3837055626840672,0.620093820113652,0.5673932306847331,0.6916539761566188,0.7130187669388629,1
-0.06810706942087294,0.5771807513758683,-0.20659842316995777,0.14319273297808577,0.38392204193077817,0.020799722921471545,0.05187229525447476,0.5692663597216445,1.0638826475246919,0.29448478505237197,2
0.260051106424963,0.9567577499735419,0.6667133133062084,0.478039897795941,0.774779595467712,0.6417615892762046,0.6205287971778604,0.5092055165026969,0.18171761282665716,0.3408330360085019,3
0.5868280424061482,0.9086609159406293,0.4762643062320051,0.7504255698932047,-0.07527250670956795,0.3872560385227888,0.7984419035459088,0.16050941511633704,0.05332025296982236,0.21227451255019897,1
0.36492995917964827,0.5396070060132794,0.3301475859113737,0.17396420109051455,0.14180199291073842,0.6483294333719283,0.13515798579991348,0.605684399699084,0.8737875814613618,0.14284439536749985,3
-0.009650649316989723,0.6610596436890306,1.0197388755255286,0.507015914598589,0.6147083377298604,0.31135568061022323,0.32038976886379555,0.7048821305099593,0.7015103735067363,0.541982776311526,1
0.9384414116855566,0.5584440653229978,0.38204962471978,0.5259611682114474,0.22728930521240953,0.43630678859521344,0.3221739054203503,0.027124310600762744,0.3897996844248128,0.8786843919562667,1
-0.02861824965945517,0.06949536081111223,0.07086011207149114,0.4127034909119972,0.31858853922524755,0.9706917981947937,0.24965930524301289,0.5435536133025518,0.6739113040968302,0.8257871025299675,1
0.5378869464775882,0.7722853771097231,0.6823792767002982,0.2883286951145832,0.34577946958778916,0.5648431056242583,0.15630476389477924,0.4685809570201042,0.15155303883098517,0.47554148710734584,3
0.13799023010337863,0.41876505251699503,0.5812628164075497,0.21056143528002486,0.6133954177832921,0.9096671901616751,0.7499871119007171,0.012880710252393915,0.40992271516749856,0.6577847445243781,3
0.9020047221791695,0.7422518483839303,0.505933069086192,0.4484667084796711,0.2671194541032764,0.2805269097803347,0.22482478315623547,0.12439771812357127,0.3660483305608684,0.8830983566896493,1
0.05904773367850802,0.6276466217621764,0.9385281315857544,0.6703254066791047,0.6647165553263613,0.6924385630515585,0.39194400181584793,0.4538013574690165,0.33602812853789393,0.5203652592174288,1
0.6173231132436083,0.6091895346055222,0.8363496504765319,0.6058225987327313,0.32296977967906176,0.9259379379511701,0.595079402887006,0.20463929651584914,0.2649980300717839,0.7726218724809079,2
0.33210788075404246,0.5892228054056302,0.35028383887601716,0.05221031560938989,0.004502903298968089,0.6863569943743952,-0.059467284935735,0.570305244839168,1.0260430523623167,0.06492661940330834,3
1.1118104733302974,0.4078479151816036,0.5489401449258738,0.8673647139042561,0.6853313801761753,0.23999368531717657,0.43760221698399465,0.7140054495761197,0.37816829368559607,0.2266355638970961,2
0.24255395818105474,0.9699309087100672,0.6914055775956102,0.48651033647998293,0.8061611932564521,0.6626086293116995,0.6026548072940123,0.49756081474017794,0.16861224756632887,0.33851548531143727,3
0.06665023029715256,0.7828777587873363,0.8415628277002442,0.22054159773203635,0.9802724413261584,0.5300007651104277,0.6755205060833764,0.4716415869299066,0.714821194932176,0.5088206893431474,2
0.8299377393656707,0.6517338071540679,0.6870151985573446,-0.059280299043048476,0.8687986587502348,0.6822539647150295,0.8162862059223063,0.3612170944978286,-0.3633950615164178,0.6979134028654514,3
0.09289328377524123,0.5772816221326913,0.0138957771568749,-0.26544943507762986,0.8115402968259723,0.9145159122941439,0.5153832976633883,0.035817625267948586,0.5889737684161995,0.3127922016889646,3
0.5645913751146989,0.2090688556147877,0.5271932564858577,0.36114441402844455,0.2844358379152259,0.472970846863378,0.45779328162775196,0.7930021238766383,0.26215004335412334,0.6024090751310505,2
0.9270031394232813,0.7296542338928234,0.39926058006886184,0.8273740401745571,0.5141221311184746,0.8128865882438892,0.5625546010768279,0.9712786017533822,-0.0005615372682268131,-0.20037224102393025,2
0.10498934194338472,0.8864628632678728,0.6463816859431063,0.27437903424042975,0.9040530659427378,0.3516893222937653,0.5582794135666662,0.6484914510829878,0.703939954960397,0.6987189198507348,1
0.44859915098550074,0.08513202973623923,0.43001065346351064,0.379876536905194,0.4471079638295746,0.48960971375549905,0.3146311792507162,0.8570713301135353,0.32381760463556125,0.5363236836238785,2
0.1607352141901252,0.12580212517571102,0.46138003250886106,0.6655499443857721,0.16624133101612448,0.42065045031783904,0.5569312123123566,0.9382621104360741,0.37657107136197115,0.5077146566095606,0
0.5130269391302074,0.15966346350493604,0.4811340414954901,0.5059022533122624,0.12160292122207833,0.46337632075759394,0.2185670689493588,0.528781273166918,0.4084816663695595,0.7797799669376781,3
0.4462855579200185,0.5606069132544648,0.16779389710993134,0.5773823335889801,0.51621977902257,0.6732571739296964,0.9265750816925097,0.8390416166714997,0.40348378391194023,0.1802504930939567,3
0.3227006336490386,0.3230344518300433,1.1365609280076332,-0.21384936707344332,-0.48897792503814597,0.5200345652225655,0.5524552291994296,0.5389066219617813,1.479085047775592,0.9408505391457719,3
0.6321747782767693,0.3677167901376772,-0.07173206339897331,0.3189030637092276,0.12600884549447208,0.16160263038729428,0.1252850352932714,0.7774012609352394,0.14927144869160797,0.43185069917791175,2
0.11514155921026338,1.0332422314382812,0.6455235262219086,0.33525219412679347,0.9929689411992045,0.45585741447414263,0.5064790735055422,0.5092425118212236,0.6714135972309702,0.8092950920977668,1
0.3518331049281161,0.3570186724986055,0.03750086399400099,0.5974054459563636,0.2951080760684136,0.03716587961005921,0.08164030066373133,0.7850864674920244,0.03378369034895818,0.6551074680558732,2
1.0538392354244908,1.1653694150919234,0.37535848081686596,0.06277774280124987,0.910558690455194,1.173013617578352,0.011849577241491507,0.2821812221509569,1.068823703311867,0.7468486918908515,2
0.7143353249026381,0.5207891022930442,0.6560513853540522,0.556893605323532,0.13428347354796424,0.33621976699431566,0.2514260157218004,0.516516044314933,0.36084415910812384,0.4839004087785639,3
0.44177163521982754,0.7521687372147523,0.6041945651506082,-0.07852804802709182,0.3699863148709228,0.8972039674987845,0.36979547607227975,0.12815844919773442,0.9476240617425027,0.719506964391855,3
0.23107931062003267,0.32329178068843345,0.24279664214269814,-0.03769319108172015,0.7748475699213399,0.8873039507451748,0.6612447783631078,0.025203326454567448,0.6545633122967155,0.30446740832252583,3
0.23455091511609963,0.47366318284959974,0.9917651175269879,0.20333792775047696,0.1945774291545975,0.04846839061603588,0.9684021807897856,0.2464774175743167,0.9812867719869542,0.24906755063062883,3
0.34768426268419816,0.9828957829665086,0.5205638427404443,0.6465697611666184,-0.07631547711581145,0.30653792549630654,0.5251836745664381,0.3630784509354183,0.07910216565910264,0.08856467186418024,1
0.38315726212662427,0.7445888865671195,0.5382406997975347,0.8217319655186713,-0.031981683213198005,0.19151261380952478,0.6254192877306997,0.24885497878100968,0.22787400941054148,0.19444039520614667,1
0.4550632684058441,0.05053205464422861,0.4479607870878083,0.2050085108863031,0.1677406175565865,1.0202265717214405,0.7632549005946669,0.24076948619534685,0.27345416223402985,0.0824038091323698,3
0.8678898932209382,-0.3110416691689145,0.10867388359434854,0.08306591777267502,-0.11383186297841719,0.29180218644283384,-0.040246260605264844,0.7111968698380449,0.7197492619678267,1.013965074764708,3
0.42153247103747077,0.5468218584030821,0.2513817601684178,0.6369112148679962,0.431296931177311,0.7088503724779744,1.0455622032259742,0.9516740293649686,0.3626751288277936,0.13809030247188214,3
0.8536585397286327,0.8540187750504701,0.7940212322458029,0.25831952683596426,0.484511113558051,0.5168962333217854,0.27478236941501233,0.9038156474614095,0.7211143460224192,0.8927724020286301,3
0.3785717824002591,0.10945469339213493,0.5884116575392696,0.13704457905041897,0.1480876206566854,0.7033039935438041,0.29079997178918127,0.282878923356932,0.9020444168742371,0.2409214314265411,3
0.46205872910111767,0.1788663689594193,0.2799356092821661,0.18531318232223087,0.3947067740270136,0.8743230717076281,0.9066988528883663,0.2840784248193282,0.4777820181212297,0.04085394654229194,3
0.43494296717528386,0.6234514502761321,0.3504769907459193,0.11114572083506617,0.0611018734769975,0.6468540973245694,0.0206095179425115,0.5676077024508782,0.9899339967190067,0.2214888054312826,3
0.9042681894124533,0.7349473294657286,0.523491265705402,0.4619149294661812,0.2754810693969412,0.25916966889793636,0.23244374208042487,0.13336630932471444,0.38264472667028393,0.8755031526302393,1
0.3879830776239724,0.8602548900397184,0.5561594003446988,0.9174716269473984,0.43080828057392595,0.2861468528828224,0.7461537235361815,0.24813224646399898,0.31253869440720494,0.7690312171460894,1
0.11822612821693956,0.9440832486509476,-0.14785856124244537,0.2563702708849847,0.7862147663089186,0.6751648906789958,0.694410274613414,0.2591231790538598,0.26076277393209185,0.9238408503855338,0
0.4304140591306014,0.37481310670820606,0.04795604325352897,0.5126993948903598,0.21637384663402737,0.19630781642306877,0.025144502679826174,0.6595656289743652,0.05072359407868916,0.6887365406336072,2
0.4842674632745137,0.8192609052854386,0.7578789015610043,0.9285172278728769,0.9207101369321187,0.3735564275081694,0.10837310478164953,0.9306193747080825,0.8796722969212798,0.8074131723226721,3
1.0953536919360658,1.2153052893245564,0.3910530385837465,0.6351006651088302,0.30400038478528923,0.6789374982356313,-0.31791067555328084,1.3514561813235555,0.7477472275753785,0.85003874104946,3
0.5954996027566778,0.6796062487272474,0.1252699975509633,0.7503696845119373,0.16739675692540995,0.8661892458189182,0.1094983041225569,0.34792480684014726,0.04946590798452417,0.31743136839339653,0
0.4321706970328355,0.966690842797967,0.5668705884805667,0.6343454652187368,0.9277898843399424,0.6703297085475421,0.6668505517345404,0.41254492460085124,0.1647262077202996,0.3844741866544902,3
0.1415407481025574,0.22648173536407676,-0.15468431144356054,-0.030613611652290172,0.9626035753044764,1.0588748231610234,1.044258117526112,0.5829661105212247,0.4530667037138929,0.4346221940161611,3
0.8364657351927246,0.6939568896294276,0.4573225431094809,0.4910558238550924,0.34396795252122603,0.24929890638378088,0.24023519541318067,0.08351504542574148,0.3764856468821146,0.886932653833364,1
0.11451608730120127,0.15155267443850706,0.5180559291045091,0.5649545035102139,0.9261746340598727,1.583385686808858,1.131593129508514,0.0177170318866592,0.2808880132471975,0.3575262400509072,3
0.5043406173752989,0.4478329175415082,0.18252359722120465,0.6049496099623786,0.5739273398459908,0.6564913860037461,1.008043012232614,0.8315703544800329,0.42242540415134344,0.29188117918553536,3
0.10425784933790067,0.7143254180166445,0.9083378964137184,0.5526956345207574,0.7441773254370484,0.6087525707146191,0.40410647167609537,0.3854811261849789,0.28592593108695685,0.489974963099265,1
0.4699950449402467,0.7255285089413896,0.3985731690175128,0.7856498104405585,-0.0371533475876881,0.4003240311964664,0.4341062193718205,0.4107945395856101,0.2787883220973302,0.12707480461514253,1
0.006765491108573357,0.4409312047015358,0.29916316122345515,0.5787709000538559,0.962429604763128,0.741878225998426,0.7540180498859818,0.09242719752772761,0.0890098290712375,0.6910593983042492,3
0.4055048041552316,0.3345284244292929,0.4324924679858225,0.2215658907159479,0.585210500566802,0.7106847492362239,0.9247082781337136,0.22613930430539753,0.4405903351381962,0.5385398563077045,2
0.6550115690014717,0.9735455436038444,0.7492795751963125,0.05411449074975366,1.0900786195105618,1.0137048323056561,0.039360389281531724,0.19369673101008578,0.9609178934132276,0.3844395360727836,2
0.7009538553963921,0.43139010079291606,0.5748668507317488,0.7297724690406515,0.5694280482675201,0.9509657868201696,0.6653678545408419,0.3373261613907289,0.2013367773968401,0.45864940005881705,2
0.4284513435680206,0.528465625049132,0.04615681252284104,0.4676963165290362,0.3459878280705027,0.3219263125863332,0.42678783410452314,0.5799223981730395,0.15309500960096087,0.5070772383743788,2
0.6560954118902942,0.39071289274422133,0.8190342455343775,0.37249212761861145,0.46110615840924174,0.11970092347531434,0.5069805189109792,0.49863881791200365,-0.08066225440041366,0.120930525619334,2
1.0218377071218627,0.08798908310305,0.0032970204811636483,0.8117392457323689,0.9653891089296607,0.273320600337139,0.590496689283618,0.6890680530745396,0.7731691672310901,0.6352629707754844,1
0.662290199651242,0.6381602110688684,0.728530964903556,0.8436796117408389,0.9437473280590428,0.46778302622229145,0.1538732531169305,1.042898098026,1.1545286551276541,0.9985880672390898,3
0.19677911124520286,0.6179943519779495,0.7940533629572638,0.171280768551063,0.5915847127900837,0.6544453995097799,0.53439919053541,0.3220745160126448,0.4374979953434429,0.4836438049747789,3
0.4668276326386301,0.5226920734437986,0.20674541152152068,0.5966538374406879,0.5098061978913658,0.6850399999107545,0.9535894287832991,0.8723920878878132,0.4407042405972394,0.24347971162467716,3
0.14744942824381055,0.7610532262786956,0.8335928089610702,0.6825771095696197,0.681282480102411,0.7374297807475378,0.2861117171498737,0.5214706075701204,0.36808920394227596,0.3722761916727394,1
0.4752578052690541,0.7612810805768576,0.11270280310746017,0.4316092264767097,0.04376596227614572,0.9431728756728167,0.5038821256770434,0.48937348451634366,0.20307927266697265,0.97040750837363,1
0.9447880324085206,0.48011231124516196,0.021256080744379492,0.991790686405058,0.05055148657560482,0.14492093915502552,0.010555438963705963,0.8793242997273478,0.7796613649540918,0.04076522804071789,3
0.5499026355632076,0.08868817385116662,0.521987819002183,0.3268300571676261,0.42892499819111324,0.48368420324638733,0.37548513367669584,0.7689766133778898,0.2838262491833563,0.588591051639718,2
0.04997590131414704,0.7785498968857265,0.8525146216928209,0.22141673180113572,0.9882245080119272,0.5333124025633537,0.6836083764702114,0.4650948057903313,0.7183767816419806,0.5075494316535651,2
0.3129675339566339,0.45039221833777265,0.44272959755951435,0.26752046728145673,0.5476733642467204,0.7012327871511104,0.7912170735228313,0.21858098061677517,0.42449918655548124,0.5250222672177488,2
0.30819794017069807,0.9027502846001569,0.6204861300994228,0.45973671758002,0.8063994554297482,0.670364935334076,0.6081794447830714,0.48240526619455604,0.19873629002363602,0.39553580617142836,3
0.43113886077496516,0.5568230967203773,0.3806546772755828,0.1653542100694054,0.06142243039562255,0.6639913327781699,0.05256327437997056,0.6352646050527931,0.9265096301208546,0.17198713619649905,3
0.2671508741240984,0.7543717764661914,-0.13884673965815353,0.4979930175275983,0.7277770326964983,0.566433393421082,0.8403411484862511,0.27789199890800714,0.5589963089926273,0.7895026720902222,0
0.09984500098346058,0.6663165988493701,0.9353106757854507,0.6136490338754169,0.7147310891779309,0.634322178957045,0.4196836288136046,0.44712887571136434,0.33892242303802084,0.4949715097430964,1
1.2059271378412606,0.42109466697911146,0.22618427943148295,0.8006360112088255,0.5648769723379162,0.3893295478089713,0.2610613782436508,1.1626283993061188,-0.23435922538490608,-0.06379534429159797,2
0.3681566242126871,0.8809664684705424,0.45530311836240756,0.7555616669768739,0.03884542082817373,0.21893885702028437,0.5580110999161108,0.22005710932117695,0.14543158438406678,0.2479468208620738,1
0.9270965556655582,0.20539066761103267,0.1276252458316536,0.5733115107307004,1.0855282164032185,0.1220070667274964,0.6250183542319618,0.5815386757822626,0.6073827012808266,0.5887054972779959,1
0.3407220028227975,0.0735548440907816,0.600206702042121,0.15055873448273416,0.18087033031657349,0.6862045909288899,0.2604831247283003,0.25084777623211546,0.8787555739496417,0.25872504187317863,3
0.2508094022408456,0.4076773091026066,0.4665119999025466,0.16739569933943688,0.32065814001165166,0.9271721899429681,1.2154954501273418,0.04810671581556331,0.2708850138988406,0.34829946824232044,3
0.8285951311046514,0.48760336405518245,0.4800051825574506,0.32168413044240307,0.2620493059545642,0.23991689090242507,0.12353754485302867,0.30426850800570227,0.6697917560957309,0.21148463235961495,3
0.3745155116106782,0.3618521072648984,0.8471009566717055,0.44619355433137203,0.6562068611135553,0.13103246962217752,0.9148293124182036,0.6375836405514712,0.6116897015694917,0.1352810699673111,3
0.9540942600121766,0.7031795119180553,0.6319356913020086,0.5492940862273565,0.4105604414448113,0.21366199658157706,0.35084637491013637,0.2114335679564383,0.4828559884153011,0.8253487836613286,1
0.5004228481522103,0.2042328322314642,0.45181177106057363,0.27747616071612424,0.4930953705470703,0.4064678534758918,0.30817750584182796,0.7806520324306012,0.22234938822971678,0.5687449566537925,2
0.6599337940528756,0.8956136363137672,-0.005563420465203833,0.631756061915496,-0.35476351520116645,0.4973144429979903,0.528376312046114,0.9201478073304346,0.9995726154547443,0.47037656958022195,0
0.4738638307240455,0.513606307473083,0.38605511125843733,0.16114124081451967,0.03960632840797594,0.6328744252952418,-0.014321163918228165,0.6320880123115629,0.8874624117606912,0.20525885500151622,3
0.805268469392519,0.663700934777208,0.4576551316369046,0.6116237293078268,0.25632871212640246,0.2008420850959651,0.3622530992947909,0.23908784829199464,0.3731103758864029,0.8481951775653243,1
0.41049029504761814,0.7537426475823699,0.2893453966165549,0.5494597372734815,1.2536410309499892,-0.0985196875016362,-0.18495081668903895,1.1650308719553937,1.119656206717636,0.4293798565260577,3
0.052950529297809815,0.7752641614797672,0.8462461671833532,0.21595052050797714,0.9877958726940446,0.5388484886370056,0.6768462634208576,0.4569165793076195,0.7162659859340689,0.5141370604378327,2
0.44088778452881466,0.5538817195136395,0.4156994413977084,0.1615206373446492,0.028237476834626192,0.6261712339652818,-0.007345563931256398,0.6721613441131898,0.9398176932194838,0.1421724616259335,3
0.08878872711564115,0.04098345142728989,0.3313724092693951,0.6975910200999104,0.07048187133214974,0.3731151519153928,0.5073279344180889,0.8286329398003583,0.4152169746222087,0.5149412710761228,0
0.12320016845942885,0.10270041291786743,0.17836630030097447,0.10333094832190702,0.3162646564810967,0.581914583156172,0.30229210237386217,-0.010399230643048152,0.5524229336326943,0.6052692925502978,1
0.41912398713313315,0.41908942520345965,0.09968662370448754,0.5347658610578343,0.32979542669280865,0.0985433235598581,0.06761741189632257,0.7832629409381587,0.08469958680897614,0.614002623637905,2
0.42851529128743476,1.0028476996697913,0.89844724195145,0.9546726991901561,1.027290743439886,0.6331733049349441,0.37805563681438165,0.69285401631566,0.7724029724859983,0.7791251236345403,3
0.4609694056577944,0.5316547053962404,0.18904265429016848,0.5667142283013111,0.5007782450248416,0.6619676303167684,0.9511545871447952,0.874568769646559,0.4413209426698564,0.20968735235830538,3
0.2952498373751121,0.9305156420722329,0.6830026598831254,0.4558922293421835,0.784161577496577,0.6127264580955863,0.5908864802007987,0.49163023060901134,0.19063216701934768,0.33632547389178347,3
1.105450883061894,0.7049809677030136,0.5490962291847384,0.7366891532955155,0.4640002226811013,-0.20517994408008683,0.6851744235951194,0.3631118900921594,-0.09135259798005257,0.27745233426623217,2
0.42309269084740647,0.412150678232404,0.0794946978625676,0.5689093342671857,0.32751157064879444,0.06872718928814066,0.05650610030901802,0.8291301592034183,0.07150664654735872,0.5999482846764186,2
0.38112735325246594,0.6687811658487695,1.055908634424444,0.9547578383023778,0.7575137638282402,0.45791885938216204,1.0950503445026907,1.173667164902103,0.7852929477034876,-0.04164082317921981,2
0.5299120799176713,0.8931702673590094,0.31568102949140403,0.6397672180414382,0.7444584784834707,0.8798516261078747,0.4782286941428733,0.7649373526030283,-0.09399524928996648,-0.27562830844501185,2
0.3089891962766187,0.4010509623314398,1.0307316178287032,0.3152933151650089,0.11845682489446048,0.0019611484557437164,0.8609921542016843,0.39092446235324074,0.8978351585743254,0.23071714202496338,3
0.5787913109493101,0.12484360966877589,0.3758852396863392,0.7395316422212925,0.4608097355572067,-0.030984432900318742,0.009828204220854495,0.8000752443464555,-0.07417879002107053,0.6099446691792882,2
0.4013795389450492,0.8345473834500406,0.490233256752177,0.8157340231767528,0.01663754581198585,0.2524025501688318,0.5816603267302205,0.2458980093829983,0.13985340773644725,0.22648528867721088,1
0.34701659880358515,0.7427111238075548,0.9113087748142763,0.7456598283081007,0.8298074542720117,0.5706010123882264,0.33385016097104714,0.9828902348863047,1.157180806000754,0.6626501806342145,3
0.8565480102643697,0.7113626867874957,0.5582562330333841,0.5163691123712333,0.3030507921858044,0.307156601728169,0.2261029089851228,0.16725760518888572,0.32231785754628717,0.838158146268335,1
0.43410834059009756,0.7781961702910816,0.524555287433777,0.7803059920637216,0.006592383396567741,0.3144021868075136,0.5838556828571352,0.2456475881253206,0.06267255240600289,0.26018668869951533,1
0.841320060680817,0.6414511221457182,-0.0621459319237206,1.0806897479225717,-0.11254205172789455,0.2013954865153218,0.17795501617441115,0.7278814269240411,0.7844473202523304,0.15906880892360242,3
0.8831224200278072,0.7859841724419562,0.7929329048316247,0.32657602852386575,0.562283702890424,0.5021390944971037,0.4491270954687189,0.3888828456253879,0.2761688354311987,1.0023076700642364,1
0.17913261032341377,0.39837582086447343,0.32968471044965986,-0.08497674213976354,0.779834504749384,0.8033239006477213,0.6734398253694828,0.06527701217852548,0.5680455373743858,0.44203968673498845,3
0.664702676369138,0.5478803765311,0.652513990489134,0.6562840667387514,0.6196446125488789,1.1067318321282946,0.536477594874788,0.14595854988546708,0.2698783599496995,0.3789521220502028,2
0.2237223204998148,1.0416175832750532,0.5698800788240116,0.3989116751251362,0.8198789705412366,0.7445822700881098,0.6843253201897873,0.5877837940958289,0.1953377796647061,0.20789802940626445,3
0.8822663621978664,0.6174604506999438,0.9226759507228267,0.2015040253130898,-0.17212109269759246,-0.16605101133939515,0.26970553167599615,0.6443948718620631,0.6061621798256284,0.7614756531443773,1
0.4766999145237204,0.49549351239559325,0.771536913061307,-0.2994568440284241,1.3816641716352231,0.9350862493518468,1.1027928990593092,0.6766936782287969,0.2461948354884075,0.17709202741640168,3
0.31620845276003134,0.41972416691558256,0.45599639702071715,0.27184270001958716,0.5864799996611592,0.6975476706569926,0.8152237527422467,0.24383089904348879,0.4197232252734191,0.4882744139804778,2
0.5043110677969322,0.16892086397297462,0.4844720251377772,0.32672721703511715,0.44990606549406453,0.45055159559526814,0.37851368647003497,0.7893056011710549,0.3319450475520132,0.5841120419692211,2
0.9228346569155069,0.4721092464400798,0.03261335180717053,0.9706364320394485,0.06425047409063964,0.16403431501093338,-0.01479342656510705,0.8577406784504339,0.7960329844761745,0.03991137861545445,3
0.9681907794399927,0.7028863174734511,0.6640896123543163,0.23206362359477398,0.4114006857642955,0.47694034501508653,0.44421969989736815,0.967297871871507,0.6500996180644913,0.8252818839354114,3
0.6878436768846717,0.7329835866661343,0.7324608838440851,0.34141140774367423,1.0157517526330928,0.9640244606434919,0.21402433420282307,0.37268284841170324,0.7825571294510825,0.39954669267205994,2
0.8665290132503292,0.8239131443146179,0.40624879355388405,0.577314344040874,0.24962254828973557,0.2655582310809665,0.12987571175050944,0.2541028361529454,0.4020772340941792,0.9388599231126106,1
0.5475180673796178,0.34456926702708923,0.7707133622991369,0.5191357220850672,0.6321120168310923,0.049585097678069914,0.7453487405200706,0.7474601183050167,0.48176797624290246,0.24635817595978426,3
0.6859700252378458,0.4420312495720739,0.47799473427031264,0.4882824509242395,0.1972088315498543,0.3155712979994048,0.3200845293691177,0.4484186991921574,0.3495450894800808,0.3843457261707119,3
0.3730969960648404,0.3563445099295546,0.23057616957500637,-0.008726569187611895,0.8042690704744887,0.882461495364299,0.6800939726080064,0.1684148218025291,0.5203914373913388,0.3235088248045505,3
0.4248608255593882,0.5381765690056062,0.42168536993037364,0.14143166216312097,0.04356015399708673,0.6722182938785081,0.03772171300929227,0.6103727377760767,0.9553241804494332,0.17045006348411648,3
0.7044161172895327,0.26340852821263877,0.4369117944412126,0.4364394346774038,0.06501554869548887,0.15467785880014479,0.14502583933678576,0.5066275170184331,0.6519322524548873,0.6698990524546962,3
0.2575975776034217,0.6491025274139043,0.9450503213870546,0.5737939542095973,0.4984719222094902,0.16571047196035474,0.7579179815282562,0.13036467927792722,0.6296805196673942,-0.13999010593056785,0
0.055009598421524586,0.6567017842406696,0.947559174818879,0.6488223539638089,0.7494571503881321,0.6485494206151521,0.4342867969103713,0.48915112521638515,0.3048244921479877,0.5154084755039126,1
0.2213041971023555,0.3667361543746897,0.018799671281144806,0.0939557835088161,0.494823249891664,0.00956295117348381,0.12510711171988803,0.4552324139374533,0.9353254727745062,0.34118261789249005,2
0.2433863900827615,0.17370994218654975,0.17569234982248502,0.11740185827910807,0.24471225596655616,0.8911944767771824,0.3700768644116868,0.4127785729157022,0.7273544266180094,0.4373079055449125,1
-0.0422106739438875,-0.13161257507090826,0.4771358421964229,0.9706204091430999,0.5696780412417235,0.7170043489593545,0.27560704181984463,0.34416392366650633,0.5894791297233657,-0.12049319282421334,3
0.11734934905809313,0.5532904535296548,0.13675078790143896,0.6739313275415922,0.6083546739277541,1.0586261349018282,-0.020079506075386395,0.6120405683624248,0.35679937234323467,-0.03440232449856727,0
0.4405125604845255,0.5843358788580079,0.22222028486712642,0.7463761622274302,0.18420190712997034,0.1597023257296078,-0.2205158562722589,0.7965277764341437,0.19169315649551244,0.6852063430517692,2
0.7057198052811594,0.6209523337263629,0.5845642009431347,0.5917265903599015,0.28966324254280174,0.058912067254944384,0.5405788114740515,0.33257955204136364,0.30226530324592277,0.6743762979812936,1
0.5038305762716412,0.7858541527322769,0.764926355617099,0.8904585099010713,0.8318835938465704,0.410174480006189,0.19017277655034728,0.914417213755765,0.9816987844478728,0.8246928052253256,3
1.0476174022055338,0.4952653999266761,0.5050209828122693,0.4598883296020137,0.4709906720294127,0.3540128407809473,0.1578000445670194,0.30565076749588094,0.5849925077779395,0.9067533993796077,1
0.9711895624252084,0.564017048428707,0.3111626140398364,-0.09916330029001455,0.1479030690009523,0.32308850255482696,0.14840238252064097,0.4520417511983269,0.5109084024347413,0.27151482896298457,0
0.7367268295203528,0.4917951503151774,0.6534365168266549,0.8034589534722566,0.5195074318621934,0.8327509022515512,0.6373999884036518,0.38155392543815314,0.17938381584769525,0.49528528646145803,2
0.05610266854706938,0.7738721200823224,0.846395004086125,0.21862744573106685,0.9870800905010668,0.5311784330962553,0.6854087978830675,0.4616891834250543,0.716119277290569,0.5072920882462865,2
0.90731393685246,0.452247410026838,-0.008713280219616551,0.9897158941712958,-0.0009091777254665381,0.11682957307951716,0.06349163404194634,0.8278685956401439,0.7573472804731478,0.025572783272375457,3
0.10843629672252698,0.03534769796708233,0.44115736600514327,0.7279388631372415,0.11673297258403102,0.3839537073896169,0.5629613441874393,0.7923794284827439,0.3770048624719969,0.3900182865904813,0
0.2673570746437256,0.8006285318007856,0.764402266318234,0.4989029667867206,0.7990439971258083,0.8500296674321497,0.5442240624842261,0.32014773190353946,0.5099724337625667,0.682194428695084,1
0.8681579071228218,1.0684960924440263,0.49618867733790384,0.9014626177200296,0.9438009191204241,0.10502062120651251,0.17068883502991872,1.1689557515603624,1.3848280731084468,0.8951739797845938,3
0.05321753871808566,0.9586790987643753,0.6859008237979338,0.3016337036462282,0.9409306708262057,0.38648203803106485,0.5998748071010228,0.5859593709907404,0.6795554251138155,0.7204212487544367,1
-0.7053470228299631,1.5977663722654998,0.0505781366336121,1.0246923002208392,0.4075525614476577,0.3682219665510548,0.7879348139151101,0.6873213933237716,0.4727176878855185,-0.742955447895684,0
0.803595164680381,0.1156886233533565,0.24325926113521168,-0.13220390902602264,-0.09974005476530434,0.7415550556427725,0.2739126070360975,0.4766437231709098,0.2803365274171264,0.1404726989333802,2
0.046297286829297346,0.9564386151974674,0.8000835552809756,0.440111775185961,0.9545781749739185,0.44970277198752084,0.5355816257322403,0.6846901079370065,0.5199944403407704,0.5506514186952598,1
0.3585893428975897,0.950494742674466,0.5369344996367666,0.8714174816766806,-0.0690628003476695,0.141623811342889,0.7161000497210162,0.3149533152955397,0.2348801823396761,0.3300814348393391,1
0.8851760774450907,0.7356871214417988,0.4684358305044305,0.5474178708683758,0.18547741047765015,0.3160768535244257,0.14322332922257097,0.13620656421124736,0.3497022271616469,0.7906458647286687,1
0.9704843384597702,0.7421033170059078,0.6754558846717558,0.2332275701423418,0.44725225003970726,0.5406022118928526,0.4649507992414316,0.9425535708202701,0.7009579214138368,0.890473457746179,3
0.3988483555201967,-0.1131754031688823,0.2585718199006185,0.4478519150439176,1.3599350080165409,-0.4362300761367823,1.0969468674700515,0.4138979592959758,0.716650474261632,0.6743898747726274,1
0.4205328748382549,0.24781364138261375,0.21348191145848877,0.12070218825850221,0.31651895990953255,0.8197645880417678,0.9942095341706271,0.18213857661158858,0.5073557434238969,0.07011750319999566,3
0.03300426896675482,1.0316332896412155,0.9520560358709962,0.8575316952113963,0.06900585376949399,0.11794301293632278,0.967483354716711,0.4155384199133738,0.5701970291894722,-0.02726759157500455,0
0.03613856952940164,0.06719878374840432,0.2777696951640775,-0.1118785211776992,0.8013316294563977,1.0881960325391458,0.5321571107795859,0.4544101243555882,0.5268062139117933,0.5821763907096321,3
0.9254564535927934,0.4610230723353471,0.001556361418376985,0.9752516252788186,0.08662554173551654,0.14320122568466895,-0.0006867404467815266,0.8723101239191535,0.7519201961441977,0.022927370530747757,3
0.7888407007690355,0.5465724529521376,0.55490369352257,0.561656532414873,0.06116069562094034,0.35545725585587895,0.19467034842119527,0.5343842767650167,0.3610039046141221,0.42346864626323805,3
0.49531580297266603,0.6926250967936836,0.5745431124658633,-0.05507915732636885,0.8076685576057067,0.7380331968662557,1.0397731481558794,-0.030379408810486258,1.0254958900597009,-0.012405973285821548,3
0.6289514389472692,0.8675013318014589,0.6702108430350631,0.15516810395385006,1.0685231389898615,1.0411187612398838,0.30007296857018695,0.5747314905776674,0.524130393475255,0.5676116593854039,2
0.13322139787154247,0.11034204606005024,0.37245032014165297,0.7218947395571,0.07534432528861469,0.3797121092820452,0.5174875342336703,0.8340942895711415,0.42573434772955954,0.4502110250466351,0
0.1302715351372858,0.3612251536641232,0.022786038948819864,0.05857218574476095,0.462994148735654,0.09061864824554366,0.14325935351718133,0.37837848024864307,0.9337748203470966,0.25241757133724085,2
0.4465526606410812,0.953184477854843,0.46100783959917613,0.7048549510133493,-0.036388394719968666,0.17482380481443205,0.6440503443485049,0.23772445723398633,0.0733944129656755,0.24685890458649903,1
0.24390245481779274,0.9588846361522497,0.6705694474110161,0.48712779090802016,0.8052397337985253,0.649184001568025,0.6326296143623387,0.5080322397961183,0.19874381314401074,0.3722061302975459,3
0.441289905253861,0.39037397381563044,0.793025070989207,0.40379597018708335,0.6794488963863208,0.13818007926749495,0.9168815820437859,0.7083510551434875,0.6665521714149151,0.16945490386613596,3
-0.2225685240153621,0.7415565484507712,1.3126415933284998,0.16239555687498308,0.8120623639145816,0.5000255117275034,1.3907006352518125,0.5896161766778638,0.41224684216151364,1.4308701974799511,1
0.13871706702495154,0.365271289812552,0.008698682765746733,0.013207943612557185,0.39911201138925745,0.07836429282748096,0.19357188427902647,0.3485329318264017,0.8659894865254311,0.19662760188140785,2
0.6446768386522724,0.08580601150090691,0.42642163624876495,0.45657342261891015,0.0952863702887232,0.22919182498023816,0.19390399091200333,0.5631610149637996,0.47799826357132436,0.7954901934018318,3
0.7583590536114807,0.5866228959252073,0.5643998747182601,0.7002136921465596,1.0174336972357598,0.5068213549780101,0.4091511291638438,1.1092439298020946,0.9589627859198278,0.9479354595805072,3
0.9349458878574413,0.9512223550286207,0.7870768718450708,0.46805818812590116,0.7865724429103564,0.8402507788071516,0.16611205874831497,0.5866090598204327,0.8548760216603715,0.6074506454409152,2
0.1165555509185209,0.7891168910476417,0.8302591389400971,0.5275357612074678,0.5110026207175454,0.4703223310169292,0.3869782253046326,0.4785146008713063,0.36932979206163447,0.549465129705781,1
0.4481235083448199,0.4944737354487207,1.0285810028152313,0.39013819452240817,0.9332020431414305,-0.1216440996620472,0.8445459881716973,0.3772713756381036,0.39822902715266756,0.152804756177623,2
0.7124067669110808,0.42313474702931814,0.5996908749107194,0.7310924535846195,0.5644112835612322,0.9364118159322241,0.6553147447417526,0.2886723701663335,0.18095253666364286,0.4772920667012726,2
0.44734731917070425,0.8782812412306871,0.7522295496633968,0.7701279056401991,0.9315509085933211,0.5188159891754512,0.22028674969811954,1.0000467357188996,0.9457642662962832,0.758213677525926,3
0.7198396688982752,0.4634680845840576,0.6052328535396903,0.8141266997221543,0.5994685263262901,0.9543713656624824,0.5104450199582253,0.38112397664029607,0.1794655071451577,0.36763742187708104,2
-0.05721217438590874,0.8952840398349114,0.6810193374398605,0.3921762222999652,0.900122609507952,0.39436236464056,0.5959290086226359,0.5116415603822474,0.760418053125721,0.7972858066633349,1
0.27118312420255525,0.9534924603363205,0.6710743189901822,0.4697259605107658,0.787390255269652,0.6357012513356517,0.6086964871358753,0.5124651740320089,0.17211867680012097,0.34637296692794967,3
0.48381171889424884,0.7679854684040973,0.16969347422689343,0.3696233556307811,0.030545817649943963,0.917802931716388,0.4976753803875293,0.4141309587817858,0.13783893518455004,0.9404385979455974,1
0.7075496712435236,0.2273027990220689,0.6372214806740484,0.9249382240070253,-0.04592793597513502,0.14875274352172851,0.5269642581858317,0.2829562508838269,0.36214994416504565,0.09989977035475661,3
0.7664942235867901,0.6380408788265551,1.0938091738827143,0.23417211800236404,0.2765504933833389,0.06223746571874238,0.5831733650257951,0.9272909443548546,1.0581705103316044,0.6769431430662283,1
0.6015793416523696,0.40763238125392465,0.8305132951839785,0.3549715305960954,0.5371234294190262,0.2908367252459559,1.0008736888583543,0.6367742316082834,0.4961182967793397,0.2794842740635683,1
0.3423684188925782,0.23172708839409692,0.3157320022296987,0.20132555062799248,0.3217320681129554,1.06998700035722,0.04625381894520322,0.32789590494285764,0.6424874948913537,0.45061185096960577,1
0.7851213229755245,0.6336457344356409,0.4699054872496089,0.6331257388926604,0.05158470321777537,0.28806668359129667,0.08648620847134719,0.6134636888838815,0.3490873482508521,0.2931811174899822,3
-0.09426999216841503,-0.142828508258194,1.1595758716297957,-0.3592891958309063,0.2701619675546666,0.7258318668046011,0.7816022174859736,0.8863919809742193,0.18887742720957884,-0.000923249901115919,3
0.9758988734327769,1.0574605906472083,0.24116514327721772,0.4676991925236469,0.5482145956859028,0.9410419673253164,1.0382687628630094,0.8412231734627056,0.4639682103153895,0.9839405157409332,1
0.3487067875578963,-0.03865606704205202,0.4715392961088123,0.5885740178406254,0.6122839242395305,0.7772252444306895,0.650230412747806,0.7734323120227657,0.04992050438959961,0.39976480193253083,2
0.09223732968975161,0.7423661052209961,0.9235446184000803,0.7040469769078934,0.785056108763681,0.6556784256745091,0.3547035515234205,0.4238814538931737,0.38612371801181317,0.46395846356405357,1
0.38960025273805576,0.1986829638027998,0.30148347376313683,0.2049453580570618,0.37486836428681614,0.9354360056744173,0.9114363266144531,0.2338367116972327,0.45189387475639947,0.07771107279008833,3
0.36804142200860845,0.3528722697694813,0.3110027142592994,0.9692794360009751,0.8913093394398399,0.19748976326179957,0.6570763414582067,0.6603809689901496,0.6014406134107606,1.1194093858292438,1
0.4168837429160922,0.7087713463886657,0.1595469657803973,0.4175068775927068,0.04642923099711261,0.9030384132451124,0.5512004803163223,0.4009575463100796,0.20369159588955107,0.9868760290194085,1
0.27021730498960517,0.2142692711787638,0.8256114608974973,0.3794652513196564,0.7342592944048705,0.04494009203677875,0.7519291385109882,0.5921321651362933,0.6732690592956918,-0.014436173382942175,3
0.47870182994803323,-0.4009768495045887,0.026719207327574768,0.513481765537131,-0.11977301042873467,0.08399964544269128,-0.1658900971971108,0.5819957833634648,0.3047820723765016,0.8195802600872373,2
-0.43476557713778796,1.0937808654465262,0.7629057000116988,0.7747439616154391,-0.18564307507509686,-0.2993028763778893,0.21966156685100757,0.37839866948556444,1.7230861335509755,-0.29163692801026586,3
0.3553382219385731,0.4715168141272044,0.48873339335003596,0.29014452442115624,0.603694814617514,0.6709954435935798,0.8585899091944227,0.26357519984059696,0.39531037406262753,0.5030996686625645,2
1.3560434213418513,-0.0015021383147002798,1.1888764763444493,-0.7758228860627181,-0.09503467451508896,0.5713944848353221,-0.30141509046245507,0.753263832931034,0.08864746464297396,-0.2664173248081293,3
1.1552795207899558,0.4245857790292565,0.278406419526839,0.28934650286156594,0.6853935639980482,0.6999842767708915,-0.38548982083465133,1.197548344468108,0.6050484470971802,0.22740762642546852,3
1.7551633209423518,0.4275349105854298,-0.5188528690000017,0.4849210591697488,-0.10275373414196382,1.0796742511908815,0.7680221477027964,0.6672145158686715,-0.7458164762086071,-0.1206643728050561,0
0.556376654148544,0.2805510203669159,0.18099554030643747,0.22550247962514025,0.2888704099541096,0.8792652557184982,0.8897611737129028,0.16415248460246423,0.5282728970782744,0.07015923575751666,3
0.37050318262952203,0.5232016356976646,0.17765451609385266,0.38061206074965614,0.18318223364857936,-0.032185230317897856,0.22066185935677363,0.5674015453789305,0.2770341243647725,0.6020069339927416,2
0.3726156791545977,0.9117448656591697,0.5756903037451337,0.7750876661181196,-0.04711655835325968,0.18007856949233864,0.5444657535580074,0.3677826377944604,0.17122360061442599,0.14651785053424704,1
0.4216957974912501,0.828978706251033,0.4543876419374788,0.8132044068779273,-0.011073117509137021,0.29094843003595666,0.566732335504658,0.2619420683061529,0.14095231556217022,0.19109255895056498,1
0.9483027879723198,0.6798073575852693,0.4510338623048883,0.5495094492885935,0.3342130945646449,0.179605828275919,0.2762937507585298,0.11832847110678177,0.3755665816692991,0.8298474563663608,1
0.013950857426596838,0.844798712490994,0.873791757597335,0.4208474907553398,0.8260755705814582,0.6841068681923043,0.07547945329586508,0.7555808977162439,0.5979002258832851,0.4775538284965489,1
0.15227494407223396,0.4505979772433184,0.6928463784555161,0.32059952164954486,0.5366113493705698,-0.2641142629654257,1.0869552179438031,0.29644956692311386,0.9732210385236807,0.25499111819349884,3
0.4229836161770354,0.4200680083943792,0.10478120864070088,0.5355476622103865,0.3314625272995528,0.09536690601930839,0.06926657527799356,0.7862854401657446,0.08063095469145383,0.6146740499515385,2
-0.06318984962678897,0.9077008782467287,0.7947038342146804,0.88255690132866,0.09750117549372213,0.18976670215240105,1.1247557306844063,0.5991407224726704,0.8018649768086193,0.08396045910561264,0
0.12237261356572471,0.4180894077425148,0.8172507984552497,-0.3419710743323831,0.5131578734044662,0.13514356182328174,0.6734392045808213,0.3459301274587703,0.23439655565621464,1.4521828887207628,1
0.08209640051068107,0.4729891645182617,0.08892541143643531,0.11940558270154143,0.3893150832747133,0.13517396914375565,0.11635661945891052,0.28167414999350054,0.8914558047157956,0.30129247101756956,2
0.5741709896119087,0.6432954840187473,0.7239703774848397,0.9757763252905026,0.12364182128913914,0.4988312439251726,0.6143107728105444,0.5686716864267676,0.7568664068671478,0.8037193265551157,1
0.5758971339137223,0.4177581260996184,0.08204083561796147,0.09572069128364866,0.5061558860877247,0.8084214620479705,0.8353009594703724,0.1611846197205964,0.2851424535711915,0.23578319758091004,3
0.2569485659048132,0.9236134785124546,0.6468867395277387,0.47179174136117946,0.80884086636259,0.6351767481499789,0.6388949029718763,0.5155385378247893,0.17499932145492267,0.37355802501919805,3
0.39636512350506015,0.5699410330243632,1.099902529392279,0.2340392168413077,0.21114917863047336,0.24443058766319462,0.8234753230376705,0.07028166610685307,1.1213554560262082,0.20943340459147905,3
0.41980714517660167,0.5590902384161968,0.39901584272985585,0.16111035678414104,0.0416294076935912,0.6500440344216989,0.0423922225453242,0.6327638847894137,0.914303761278022,0.14793541998866805,3
0.9159092531017906,0.07582521575305882,0.011666093139905496,0.7599387422483482,0.9218505829775916,0.19213851894850437,0.6593156303360349,0.6854166696454583,0.7110549121349641,0.7379119459062781,1
0.979761958495109,0.14420732015746957,-0.03784127872499974,0.6539281174816329,0.9209602259955438,0.17520997166874666,0.5896411717432046,0.6692833841306041,0.6480023771504765,0.7429168521231767,1
0.153565363325114,0.33816069487169487,0.40532960374968185,0.2225736384908546,0.5014779360044694,0.9021607742367419,0.824109834229527,0.281858683151675,0.5105149695131607,0.6964683709511423,3
0.07283932101799236,0.9212486131870645,0.7177629833147046,0.26216765082468413,0.9659585486142458,0.39572380390062806,0.6103408596897516,0.5835839701903224,0.7051015639834329,0.6803316828673519,1
0.551664276102479,0.7284559991931604,1.1033327656138852,-0.11402430013391227,0.3446276165442753,-0.0307451746404397,0.29345124057908706,1.0920572703620368,0.948694101158337,0.6270455754205146,1
0.3191065170636735,0.42622708758371675,0.45747167150449736,0.26804804247508973,0.5764758864810128,0.7072886528964757,0.8170502073458099,0.23585993970907215,0.4188880900300084,0.49315257218600334,2
0.27645938892482863,1.0088716479482764,0.7004911196141388,0.4101181341435914,0.7368123366213418,0.6531822047028729,0.6846382515662749,0.5133880512939375,0.2115826474995226,0.36436469701168783,3
0.09141538086625137,0.41724157505571974,-0.05868609525394487,0.04369196721894285,0.4331407386557939,0.008903713686757339,0.08125769693690862,0.45994107292444536,0.8966735363145519,0.3214829960936139,2
0.9212195640733275,0.4970358969213666,0.08895668804598017,0.9606194553833519,0.12349309212250638,0.2825883956040496,0.019557053214699627,0.7392335128469927,0.6943019842281887,0.14829640198757615,3
0.4971634922060585,0.5579180882565311,0.8152187463244698,0.9561558943409366,1.0133763061998475,0.4141318453734149,0.2999481050530864,1.0180490896387309,0.9559595330358188,0.5184423671724343,3
0.16169927823859334,-0.02529408337486677,0.7444562449302399,0.18797857475771998,0.14783681051612876,0.5374519546102066,0.9161018228704108,0.6056058591758577,0.04707862433112832,0.3746721791716048,3
0.5302059899084209,0.9241374512303828,0.4775956349668253,0.8502010375072588,0.9636528617862439,0.5296841089956097,0.035273194866333374,1.05121725497407,0.9704643027901763,0.6771549165537735,3
0.1858376482602631,0.10909063369774012,0.5244690298138555,0.899012569388996,0.9163771102991474,0.41847013589041554,0.5802664072646831,0.05227356613442489,0.3354582858626454,0.264275904576411,3
0.28061285527607494,0.384340896321462,0.5837973237799741,0.24499693252903362,0.7163372662443603,0.913547351108592,0.8634950880263692,0.13656974399705252,0.362032586804687,0.7305773308225336,3
0.0809988427871373,1.0648633972376356,0.2279556553132049,0.11613781456913133,0.8655882350340953,0.7079810195988377,0.4501674188205277,-0.007016245194739867,0.10824063538026596,1.0841258858007576,0
0.9226546755327083,0.43117827651130225,0.08931334903088232,0.8175072928170247,-0.06348424954905998,0.204122237367929,0.11822488121969855,0.7789633054227219,0.9713112815281866,0.21562377640328062,3
0.14400184906649044,0.9151365267187329,0.6411989710266256,0.5820768585234459,0.7221833348970306,0.6843504702337223,0.6577109685326209,0.617118873320401,0.3735489556539247,0.27006002569316334,3
0.466723700725608,0.13798867924897223,1.205656939275154,0.6226955746431196,-1.049905582892617,0.12597207103877972,1.1936008703598646,2.0897871342520116,0.7753689809843535,-0.19806810635528704,1
0.4899708640089652,0.3144036821813191,0.1511882840506416,0.5466134946276537,0.1943154811000446,0.21120195245218065,0.07338840046269128,0.8393989956336022,0.0009167097255577128,0.6129415196681147,2
0.4550020905662209,0.4950610263848343,0.05412196843839738,0.47312159039715956,0.25186432137732,0.11947109195912094,0.11016383920202652,0.8386012551418963,0.11907879639009217,0.49999078843251465,2
0.2809964689659194,0.9518468085291691,0.6724246778587071,0.4794419799679771,0.7828100680423804,0.6373445403815942,0.608342832621425,0.49929699649796855,0.17389579772527122,0.34303084486101565,3
0.7705560861011602,0.5553607487747143,0.7422927006831607,0.039858246418012576,0.09319178655130114,-0.11084915135318832,0.5260967294413825,0.705112409528463,1.0798873261077477,0.882406652930788,1
0.9690774998369674,0.09781249597557605,0.04609569189248964,0.7024149764011989,0.9939731297077962,0.19586830892098275,0.6440545653603492,0.7259097313819232,0.708753242521259,0.6592209176750431,1
-0.3963478162291272,0.061767401581926396,0.5291045560202792,-0.4719083791475761,-0.39231428804565294,-0.26273705182982826,1.4526827235284534,1.066187106119484,1.0286211962342668,0.32489771430437897,1
-0.10542659104628754,0.5524536302749047,0.6309593950545497,0.37545059778813816,0.7315197439134701,1.282214663865311,1.046383553467509,0.11077892525441231,0.6900530373066586,0.4495633200246655,3
0.5856233708573366,0.9345865812465576,0.23018780871556316,0.3041678740171342,0.11039733874951652,0.8420340118088654,0.6463056667833766,0.42411227561550013,0.012873261093172383,0.7577143599497995,1
0.81886861871154,0.5037595274455711,0.6554711088608426,0.5571458223295549,0.7003367660977093,-0.05975072642112972,0.6135500319470061,0.5536388177648572,0.09579074885011517,-0.007694830043344106,2
0.05104623345936829,0.565789821375649,0.27207594651710804,0.34368321409719543,0.5934139133709265,0.6156906756899334,1.0847132544175335,0.33876394781172625,0.315145723258891,0.4813462494494631,3
0.5717316131181309,0.9952829415992502,0.3308921117276987,0.49622502749644726,0.9847932231610278,0.43090391979537535,1.0251347320828437,0.14914555837798651,0.9532516437749848,0.7851950695754409,1
-0.08260340431821839,1.077108973236729,-0.004139465475782596,0.25354149797063485,0.771324436231481,0.7689898798120511,0.5293062286594944,0.1486302153003187,0.11626425424171526,0.8040036965797588,0
0.4933574105827769,0.518433882628679,0.17224319730638984,0.5400307745183249,0.5223568933799574,0.6646151956614004,0.91391563943805,0.9094124993904563,0.462979134080351,0.16740397246083522,3
0.11706962922345246,0.7694619116380241,1.046461376341396,0.5806423475250283,0.6275435921935634,0.5991915603952352,0.4029186500452539,0.524263726968957,0.43714895281096644,0.5722625466253505,1
0.3528014276507016,0.2372296229414804,0.25994158358368347,0.1201833272156721,0.3171441663441879,0.9263592339713653,0.9291834215153525,0.24749282652894716,0.4153973814484043,0.09224670789314332,3
0.3104656028836505,0.3995164077111621,0.4579193903159218,0.2567708549379423,0.5596580971746291,0.6850474194823529,0.8379090387013638,0.25466250946960867,0.3819798169167716,0.4991280893279728,2
0.0048985028902686426,0.947064040444053,0.6078752987921114,0.3154665267448574,0.9681563254916001,0.3650419992195848,0.6788733993009975,0.6170620121181021,0.6788548170625879,0.747012640061366,1
0.20985174761027908,0.2889020833476062,-0.026081533824046092,0.15349321134965124,0.48536185053062586,0.1066861136907732,0.18613459300524407,0.38691486524933977,0.8811441073875514,0.23027256102291008,2
0.43703995479478075,0.5937474334304831,0.7945345774313188,0.2318401950322663,0.6744368772845653,0.9452152842680562,0.8166291265637659,-0.09016029821302954,0.2055113447494299,0.8530071610938951,3
0.21560557138839287,0.8003784768586847,0.48000965875880236,0.6611047302010579,0.8656622775799659,0.49543306991841274,0.47574177100008685,0.7343447378960732,0.9804524317120742,0.9590577464585145,3
0.20014078181236955,0.5987494299155265,-0.23328070963644107,-0.003066742176727727,0.44555964791573727,0.0736641374573638,0.3413772672896019,0.5276398757394608,0.8799354231045424,0.34533860168090313,2
0.141501046795153,0.6179318163622669,0.8876888342723817,0.5931084471229279,0.6672696577146463,0.6167933059401336,0.43652532570650016,0.4074987884509441,0.33654472187277534,0.4640967995107315,1
0.38831302401711476,0.28340619758633656,0.3344727199628247,0.1387873191943436,0.3753435307708468,0.8529752773000842,0.8788022906494977,0.27107050444453834,0.4676278801579495,0.05296031503258126,3
0.36459791183171925,0.892658938824972,0.7098108437848263,0.7912812468250913,0.6673911784755352,0.6644056274246382,0.6786039122366603,0.5388465498505348,0.3067169154342789,0.5767567360309218,1
0.49715175868678474,0.21573707105098314,0.2503394655350765,0.1363341021056987,0.3769254525518002,0.8661434354445526,0.9595025218477137,0.26778388322421415,0.4513175432480873,0.008724460066807563,3
0.9809843920779647,0.5176001528321287,0.6418533988821283,0.3047477977857938,0.2459547578062504,0.7540772295970639,0.5345101906023064,0.723747476036566,0.5031336322938761,1.1251713634435156,3
0.4441016467248051,1.1510247731283854,0.7115830849158363,0.7143967719032954,0.49145705281899477,0.22411133419773122,1.0294829219124773,-0.04370833723557721,0.6492716184586311,0.4407746088356367,1
0.2142092477490498,0.6937503584338828,0.7440246521221923,0.6730927707386248,0.7400616437827248,0.5555012512144608,0.3372405004216422,0.32288838252484964,0.5350826215476352,0.3638100244228124,1
0.42679023745807054,0.600516091147841,0.1634574326892225,0.5144786848597124,0.5417339709798146,0.6899223600874446,0.9378780348452724,0.9005532219145612,0.45617219786582686,0.17069737643672023,3
-0.04170109693647821,0.9242606074324391,0.6784867276391742,0.3712140455083254,1.0457879058833743,0.5690346059005285,0.41494875413162174,0.7124730266644568,0.7802118348190846,0.7813522294862356,1
0.008410689957240536,0.359769045723725,0.27720873468941504,0.12502200206639344,-0.06250957617464328,0.8598418031409885,0.1839278853225702,-0.10214123679868242,1.1671545191175203,-0.1162835410731507,3
0.3289913399994519,0.7512851817411907,1.0246590891918208,0.15596142153050818,0.03361752052501507,-0.02528421786477901,1.4793178157571365,0.2723624327440528,0.7571386404586959,0.3534292173476772,3
-0.024377055390137764,1.070630725093548,0.8021297192552878,0.32151898911571875,0.9391278212237983,0.3435943409126669,0.6417745809965731,0.7029182146203333,0.5608500493300368,0.5965789900501517,1
0.31026564982097604,0.9985424661110912,0.668864917041124,0.9020433642139226,0.9989286548582121,0.2572647357035396,0.2160222398764861,0.8284903483121855,1.1137874193948736,0.9662333466746041,3
0.10959313345770957,1.5015196196902414,-0.3913999981502866,0.09142902666040431,0.8447082796148677,-0.3946060068606725,1.7987544433737672,-0.637778454005602,0.7340886374601243,0.5052235602047224,1
0.06784461213590323,0.9614031929896956,0.8364672726163757,0.8582049439445127,0.16344950838093436,0.21975225358975187,0.9265539282665219,0.5769449215966118,0.6501264004463421,0.10967970631187966,0
0.44638739232120717,0.6014986469026519,0.3694538046406844,0.1359802648958157,0.005458316373782551,0.6250356358493309,0.05963645065671125,0.6128626139450429,0.964190855735948,0.1143984836510154,3
0.026504377997238888,0.9354602201948705,0.7106806411124758,0.33633793229191333,0.9603959209382864,0.37981093342531125,0.6340445539128022,0.5628945989133167,0.6467625356754535,0.7080665250119019,1
0.032949645387990625,0.8472211633129135,0.5957464606616755,0.4756345396446697,0.9233392920169751,0.4800412144677796,0.7290848698207731,0.6002395292793657,0.7877631269105757,0.8777308724508401,1
0.3597420149687648,0.10094878628206241,0.269026873233438,0.3040198632752432,0.36362707776059555,0.9635722763995987,1.0371520418134441,0.17368854114163537,0.4323344834903837,0.1529898620224479,3
0.3143318425920375,1.1711521865998724,0.8260846094461792,0.539665617351749,0.5822382868107279,0.5503012128288999,0.4411933885536411,0.5948625160145757,0.3302155424663856,0.2145264746402393,3
0.21615762463686963,0.10849870997759033,0.20241324948413475,0.22068032882151295,0.7119493468023934,0.10660110094773916,0.24227624472301257,0.8918027118998176,0.061999152753448715,0.33228387942234494,0
0.02819002163696728,0.38806634854280797,-0.02254941064984419,0.3045639429312445,0.18875290947967188,0.22398548082514974,-0.00858387103757835,0.5005358721417542,0.7501960479980359,0.3035388664095904,2
0.32562171301693205,0.9307528693028704,0.8874849928544751,0.6396034096449814,0.7664915905976762,0.22258148706625033,0.8426971389978212,0.8983485229994572,0.5320602995010875,0.06607286501317818,2
0.38760569482929885,0.49813199307065037,0.324322434976996,0.5560587168227824,0.5274983001810175,0.899613769325693,0.0029869890128721745,0.38893738349258333,0.41184966557719277,0.09070785992695422,0
0.5396727815344459,0.15602936697321032,0.5139933827572266,0.3095507232662227,0.39709935720633655,0.496104941264379,0.390531586710194,0.7954608583578293,0.2802170926093436,0.5957239377435657,2
0.695163385746781,0.6121830106064952,0.46217309629611647,0.4435915092479922,0.9995799643451766,1.1062496522952232,-0.37464194793277783,0.5610344493430366,1.1678236674176574,0.14064459749779573,2
0.37768723971016493,0.4920565044856976,0.5823984413641464,0.37527049314218286,0.5992124421443147,1.0220367178148853,0.7615345659776281,-0.008873144856773013,0.462828063326317,0.6287125212660232,3
0.054152325289935764,0.9582922887398297,0.687130983644044,0.3008949320974804,0.9405156770376483,0.38755095808884205,0.6003702391006527,0.5857717470712425,0.6801349643532738,0.7182551742279345,1
0.13138608829411283,0.10085105355482378,0.39797912156193527,0.7199074990939723,0.07520496774623169,0.3954435173416126,0.5407632050599568,0.8516122448262692,0.4025996534131744,0.4504938808129449,0
0.5466386757765969,0.1473486485353756,0.5581128282803607,0.22306631771700736,0.3410762253392608,0.40748267199713295,0.26087510623699367,0.7495118724152956,0.23895825903369972,0.803763601729215,2
0.2966851415566452,-0.010578137922631292,0.601369549090187,0.24779244698586858,0.0768168472012571,0.7380068842730816,0.3576071020903936,0.30369412508500276,0.9446810195089155,0.16569607423499227,3
-0.23072139030157662,0.765537748831751,0.8695694393367652,0.5934024636924558,1.050088926405306,-0.045174342124592065,0.5157461604573643,1.2721571216969265,0.746606317954387,0.9423585491566032,1
0.349285535270093,0.8911861605691775,0.9476600134706084,0.6774755392018855,0.7555713506703098,0.11501554683656284,0.7637526465366423,1.0580269556278643,0.5353399404139063,0.19706359905690252,2
0.1839218364659865,0.96993128853173,0.8054899358657127,0.3872580620597319,0.9939258538971713,0.28238969234683975,0.6205263503078319,0.5564331481867735,0.6729303596472445,0.5858483267437395,1
0.8035018346594932,0.6457487498151163,1.00335333651734,0.14397334171903042,-0.07756773341349951,0.09496299634927052,0.16483669021311476,1.077052563539449,1.1198207381489809,0.7308625489772848,1
0.4468305409867011,0.13791668468308516,0.48962926404749263,0.2620756406130313,0.4289030292953955,0.533834180362874,0.43564117751412595,0.728491121190164,0.26495294150468024,0.5881225058060741,2
0.5587188467355365,0.7103783465040161,0.15542253612117501,0.7532902472177732,0.1019597187909115,0.831424380817479,0.033428338103092974,0.386384252741493,0.06202095339257051,0.23120663024452826,0
0.2724635837691618,0.23616501826863814,0.3391021385824143,-0.08107815166846107,0.8237194350947277,0.7515572267677092,0.7237811660564699,-0.032955987033913475,0.775378824318279,0.44732074305663566,3
0.9388760219278637,0.33878946004344873,0.034845772411841794,0.854375208308531,0.06870698195578115,0.26586928149369166,-0.10686213152329686,0.8315757231017918,0.8208622480798092,0.08280397156492267,3
0.3297050410434314,0.8495418884553465,0.5876329507266954,0.7986978364636604,-0.09623229598670315,0.14356395322039228,0.5570813967346911,0.2952352579727041,0.17763473751633946,0.2442061892697766,1
0.37338643669300753,0.2287123901750146,0.38549597531697843,0.4198619004079389,0.4976688067106241,0.9114744981528472,0.588009227119928,-0.12247286489713335,0.2129809979673711,0.7548671269886013,3
1.1482743127152593,0.2230825285997039,0.9505578950407523,0.7664314793807832,0.35555543242576226,0.46894649235953867,0.435678303760007,0.6835083722004874,0.5518165749635432,0.19086265170313016,3
0.3269316388586064,0.023397542029167717,0.03739206330592254,0.41284916634365176,0.11625425778349216,0.848844503659063,0.12476284784558217,0.43833897414791206,0.4614404559895624,0.5594538278027997,1
-0.07518625143563895,1.0943184150573233,1.1590855831055151,0.6559580926019424,0.8253638842188087,0.10151298990100494,0.5102802715807596,1.123070540392993,1.3407503758053094,0.7529528534937898,3
0.2527123759575419,0.9680413662503609,0.7153065861957755,0.5076412630433131,0.7575001610861447,0.6143875453024183,0.6317072804685101,0.5039854534909649,0.13952971999753166,0.3216190618816281,3
0.4927559826555503,0.6305024942912166,0.03453195793617243,0.5527669590928757,0.49502230010742176,0.15099407189069328,0.315581630044954,0.7068603960121383,0.05514748225767088,0.5255204359744586,2
0.1310845191808944,0.42359053090945165,-0.010847549473041583,0.10345019903137206,0.43303863097951456,0.05084788169904128,0.20819331550092451,0.3640439185002922,0.8713681601307917,0.236588557832534,2
0.7575421722537727,0.8079052118697816,0.6249802335986663,0.2804202041942696,0.9290418560235115,0.977177352584536,0.09265563252213209,0.46805833957039494,0.6791614763522851,0.4729579447209121,2
0.6593763664441492,0.5524265293540584,-0.026033951061998573,0.5052637187086079,-0.03687052072840244,0.7578659739054429,0.3335830692896088,0.46141689797773855,0.1466123653211488,0.4815394523692919,0
-0.008836208018886738,0.9492456666956114,0.7098984592323965,0.3130202133369066,0.978164878339086,0.3684107716424963,0.5411228296435795,0.5289027328606496,0.6868918262702867,0.7664529942230534,1
1.0737293829457664,-0.24055817706978494,0.39271795703013,-0.22023325149706652,0.3977727349474557,0.8129206648435628,-0.456385258120488,0.9934228557643572,1.0608834004928036,1.0781777223772406,3
0.15145530976806837,0.7262295325199735,1.1113776841465532,0.5507903929274909,0.27720971061149974,0.17472197414911272,0.9138314680405084,0.428272497329935,0.7529120239431436,0.18189778859862246,0
0.7861906186822842,0.8141551539042478,0.643050231767861,0.32074929539349534,0.8773142552989144,0.9853254580850208,0.14818151857527515,0.4385537823167368,0.6929143067088886,0.4351896973420318,2
0.41743664658655943,0.41470984556170465,0.11240385509356877,0.5408369926472546,0.33429765240064385,0.09132439524471835,0.0785976012478341,0.7839615035509908,0.07380010926357357,0.6132876594030592,2
0.5602181124464273,0.18321907104565338,0.4390136811504367,0.21084741899056897,0.4285726528928999,0.3838587683503798,0.3846892334287421,0.7324163972125497,0.3555548465900824,0.4801311647170428,2
0.053900027300364556,0.7757894523716581,0.8433635917914618,0.22207526201154462,0.9907938485371689,0.5277651983218976,0.6892932351443257,0.4650184368681909,0.7132724827927176,0.5075776664901972,2
0.4314896522886141,0.5812268282838072,0.35003526660359957,0.1551838843750977,0.0024637964318574845,0.6547648934245925,0.06792256402640831,0.6281676664000614,0.9462234690385555,0.2178655757348848,3
0.21930708699598073,0.37555794942213827,0.33076728839036856,0.3527429383765069,0.683498538465923,1.1139324654427372,-0.04575777670487732,0.4609011922710871,0.45684376504422874,-0.09335820319962901,0
0.482984282380733,0.532202909195372,0.1748911479037952,0.5676178949571744,0.5316504877608278,0.7163207816836585,0.9973948020497193,0.8529818131079622,0.46099101859444386,0.18084652259229958,3
-0.09678752120947767,0.3161514564304742,1.3397528493009943,0.5823914706177501,0.36942954541109363,0.6372886428225125,0.7342048837967905,0.8755426130581017,0.483136354390986,0.6322086926585423,1
0.011610700746079672,0.25769537232384676,1.2474309391525022,0.4350488299138773,0.47801721031994454,0.19792821918969428,0.9784245122262264,0.3835004622286786,0.9858700692473649,0.10772555149143762,3
0.6450990524416716,0.5591700127897823,0.06576563733451865,0.8294387350979272,0.14191906755754213,0.7494313711665872,0.04356742498695277,0.29251045057716707,0.03760009151290622,0.4063945723974916,0
0.15742473499701878,0.6391490056647561,0.8007390335581561,0.6072662307725474,0.7446773058708728,0.591555657516991,0.3422265041635512,0.30424449847713236,0.21824859163912297,0.3458573377135533,1
0.4469328308742824,0.5411124562835491,0.41902968425306897,0.13286329012263912,0.03649948884894008,0.6228732910251265,0.050558322193395115,0.6385687697177921,0.9418404202731763,0.15909813473652776,3
1.0825079265711273,0.4754686342658937,0.617706114265986,0.9376780709699393,0.7742542335635019,0.9687827536388534,0.7490194843815177,0.34348978868716995,0.5353933138920675,0.8451408596976785,2
0.6797767572020539,1.1888715814294142,0.5177415216319416,0.9623457527285778,0.1472320030150649,-0.11350918172380187,0.5914127328371093,0.09321309106041148,0.26136199373937546,0.7861152818426024,1
0.37164307071271485,-0.07152257647468285,0.30327068380003214,0.13150736018987547,0.42342344344391336,0.3311247902008571,0.16264999343939038,1.045974965485979,0.24977553340006156,0.4418610629747798,2
0.6112165464540001,0.4860620198974035,-0.18496334396585312,0.6702088213639533,0.8869051171374815,0.9870429365745497,0.5520865227944777,0.9170766527276054,0.14609792691450527,-0.022532273174667286,2
0.27885685307945934,0.36179024678629773,0.22355218031170898,-0.05410052879064994,0.7362013905598251,0.8374872311272169,0.7083983133931934,0.06877114973837689,0.6931982292419463,0.2951530104153567,3
0.8443933081058307,0.6483904114216298,-0.29284401501491286,1.4819281478882802,1.290438675470221,0.9968479806419569,-0.07544926145729292,0.33726185667754693,0.49436808201835186,0.4886488197237148,2
0.24380363652152534,0.4588300498416973,0.9728757943893196,0.21608715453978877,0.2165055301130161,0.046554441433244234,0.9492784641518209,0.2114151783490154,0.9666920129495208,0.22813971973370967,3
0.25223576131733105,0.8556128328460683,0.7681078266617989,0.7877802288516417,0.4253533830461363,0.21669443663179927,0.9266115663294139,0.10791168429348721,0.35669492454054874,0.7839749297729517,1
0.5597887186861051,0.42920924375078046,0.4570954924519416,0.7838337230258869,-0.19201013306133102,-0.0344539334200924,0.20454542914048646,0.4937241571511013,0.36391654305064763,0.8040020523516854,3
0.8233801147203467,0.6084575377729327,0.01544348584640512,1.12331093445159,0.8191028904205249,0.7104344899003027,0.24655455260379355,1.2530086136762422,0.29704410205147946,0.08047890650466716,2
0.7702665662347667,0.5411185982065679,0.3060774005881435,0.5362702788908028,0.38455381075548434,0.7821589100040937,0.26548520901244554,0.19658126944914547,0.10043975542987807,0.3246432975835745,0
0.23200777677514317,0.5849276945099091,0.4600482539461547,0.22899993547688038,0.5967443398159243,0.9242350461065265,0.8585266607938157,0.22818087111266086,0.44165278086741133,0.5417164573852475,3
0.28931011479600904,0.24103816877219283,-0.051097950110635615,0.5409773179092853,0.12406290481455526,0.26458163448096306,-0.22206922417262592,0.6630156088828036,-0.1536583632556718,0.7453861963203063,2
0.11448638806766559,0.6541731562910713,0.9601154880601452,0.611972348586135,0.7080941195096414,0.629323987574267,0.4480370531047739,0.46961242681690657,0.35283966114425225,0.5008905814897857,1
0.2783317316175614,1.2858280061847307,1.252407842147511,1.2024860289117507,0.5897652374165623,0.10112412128996945,1.186328218780091,0.8863627670613021,0.9537847473639254,-0.3604344443404229,0
1.0159843451093682,0.6027135005095692,0.25135667956560015,0.8848471654839958,0.6018808389459535,0.7268337022371412,0.47844134880438977,0.9040768380154854,0.08625880079093802,-0.01480761733123337,2
0.5095436965287361,0.5104363795445412,0.7040354161088054,0.5186979464009791,1.0968486746090595,1.2340139862844017,0.10524827602258677,0.2305040563011048,0.34523963106315236,0.4611798690841454,2
0.4112070529133082,0.8877236239709614,0.874126896249089,0.6911037216495911,0.7789770022966198,0.21475677951097366,0.9259121287261264,0.8878374825048416,0.5457731748973734,0.04947776316035034,2
0.6157034996889528,0.924315522324392,0.7142529076112012,0.8243557889934752,0.8783799962431715,0.3455212791373623,0.23954247217070324,1.035933102872383,0.9090638737356186,0.8885458841707957,3
0.2091233060820289,0.3283889715921149,0.20812900654548608,0.0307454591076003,0.7287244931134831,0.9730485001860539,0.7017719878578523,0.061133920137044356,0.6993663063491788,0.26668844951358084,3
0.23939568426506708,0.40070732594949066,0.8004813492195206,1.238657664558103,0.7454921155487073,0.28134399126161025,0.821975410145145,0.7043475019041813,0.7577619948511352,0.8131504177746185,1
0.5442882401490973,0.9075847057719503,0.3114720749851975,0.50723509654074,0.9798639893796113,0.5112898233484064,0.9328662155751976,0.10162839496124738,0.8406547571511008,0.8360575680763405,1
0.4120701390036878,0.8677242618726453,0.4470454313561783,0.7828979737664957,0.034400487761681274,0.2406909189625207,0.6082669310676,0.2503218964279935,0.17832180434117456,0.2069216396359956,1
0.22032212969234977,0.4300146512904577,0.5201685167924368,-0.25252229998457065,-0.4090898087631041,0.030288908947097397,-0.0953652480422662,0.43819135688298344,0.548201839147691,0.5692336060311656,1
0.3605954982588876,0.8020833443374707,0.509719288416449,0.731544010351832,0.013407523246748525,0.3268090102565979,0.6155321410851523,0.19451102986433463,0.1253163141037331,0.22838064110835127,1
0.36462644498001795,0.5786076413325669,0.8827294730048456,0.9868589842423552,0.6156004182195303,0.1145531334429023,0.46171963690491197,1.0201122257580768,1.1951139514449851,0.7168080270109591,3
0.41357384511772616,0.9004680662746483,0.6024911874741756,0.7729209825092802,0.09190632179909489,0.32712449478712263,0.7174113228508109,0.16056661395751837,0.2791819514222165,0.14146299705867854,1
0.2961525262942427,1.0849660537331103,0.7063490797290815,0.3910000858146366,0.7463635507590048,0.7018096886387799,0.7387632126777897,0.5351588595728876,0.031841171655217215,0.21057192038058425,3
0.08734432154739433,0.15114324133788531,0.11968873013923059,0.22045269332240294,0.3356316479258795,0.9312880331660912,0.2936099993019412,0.32697575126846024,0.6436706000967638,0.5357156343060926,1
0.7297074545967897,0.23246134513384975,0.7559820141992819,0.039289135633774314,0.8728956838699804,0.5822490090130331,0.6945991955679507,0.815230761464324,0.1999281476941229,0.47619864317458144,3
0.7244029427954343,0.2972306035290776,0.15675694139446164,0.6225725194520829,0.7875692431879925,0.1756095519501626,1.2353789955661065,0.4700379206078741,0.8736752969346735,-0.43538211853526265,3
0.05832296266423279,0.6237771101252099,0.8948749844845566,0.572778702253727,0.6674419671422421,0.6712927548129114,0.4717229997324802,0.4624258728290531,0.3421084543617238,0.5284628642602378,1
0.5473003144119927,0.7791899086880044,0.09910387405553595,0.44863253299308287,0.043828849506524645,0.979663871519856,0.5414531772393325,0.3907680347724174,0.18494280019355933,0.9919859537308172,1
0.2521876922861993,0.35950835567902145,0.2869034067467946,0.025331690828721214,0.7343460723457309,0.8664794605996046,0.6727475382336363,0.06113879474701833,0.6548509598189173,0.3474387231080247,3
0.15135842396550764,0.6913678916436553,1.0294508629072656,0.5944097610059519,0.8424428497969042,0.552069152862103,0.5530488156211988,0.5616512064417154,0.44032188015938156,0.37644178038454706,1
0.7204489878371227,0.7377739041749223,0.5968518857527199,1.0520713898868073,0.7242619339140695,0.5675664879544855,0.15402001364552984,0.7940482565898974,1.1421447199526398,0.9798659596201504,3
-0.2812442292559767,0.6917599518547732,0.4516911790985052,1.0111033122237105,0.580153532834523,-0.28372124921962705,1.1372468641229705,0.45910041877833807,0.4821838959384153,0.8755273017690421,1
0.30389165337985136,0.7923248234489857,0.48518500372834955,0.7493866165145536,0.031900105896792444,0.32296603502035115,0.5186626183608792,0.2972054933637627,0.1916168977653765,0.20380718365384304,1
1.0263110943763372,0.6884497656680398,0.2754365324997854,0.999627073755483,0.6818359559085787,0.6256921159008553,0.4825319999341542,0.9096190632874753,-0.008890992551930904,0.0066521917646368625,2
0.7064370733341653,0.1976530679818715,0.6320472476083436,0.8817082536928361,1.1676316085847145,0.4065185280545357,0.29898646637975823,0.6369924563643242,0.5417247974884378,0.40338567627842525,3
0.11362497385705495,0.8951741043234184,0.8522505284080523,0.5606573186424363,0.7826092403582219,0.852256291249751,0.6083191428674494,0.2828988832992366,0.18737890661745948,0.5502813029175173,3
0.3793016854034067,0.5699019631213255,0.0031121278684167475,-0.24269342275435246,0.8277916850506861,1.1622375883002012,0.9479739626811329,0.42048672411127347,0.8256959464372844,0.44484550825087726,3
-0.13393905989272864,0.4571583596806631,0.589810916792673,0.24798823578345294,-0.11950994683820615,1.3908169814583142,0.28852932910545237,-0.4708543526676612,1.3249835502489575,1.344702171770387,3
0.4798077720653112,1.0665107493019952,0.8389784064740979,0.6769868274904713,0.8706139808101954,0.7323253653116588,0.7062774456463587,0.23353393450845894,0.33261774129760857,0.3801549772700899,3
0.26008164581110493,0.3609537987229341,0.2873710258669823,0.02492874462578594,0.7441876414337695,0.8732034976254629,0.6638932717371107,0.047164510998608154,0.6776774278935606,0.356336859668154,3
0.017093460623287454,0.9883560461715367,0.6343043119689528,0.40572333501057783,0.897269744476417,0.36152871641318984,0.6001346605768089,0.517816040039723,0.738825752771689,0.627728602120628,1
0.2829309430866745,0.42829936404870117,0.17836441669220215,0.036933576944817276,0.7750723877593921,0.8725058373462855,0.5578770147184001,-0.04007532686780904,0.699575407030927,0.4296292976746807,3
0.3256252485622767,-0.04201048043577381,0.5412746558443805,0.48066634970000327,0.9847149576797848,0.05652775439936718,0.9653684852451224,0.3866663081382786,0.30158605178092546,0.8867288416116879,1
0.9367965319934717,0.3622223452912324,0.6801653365743353,0.3816734413249486,-0.1437426383926662,0.32030199625597044,0.3722497875109157,1.2085568954346604,1.027177911241408,1.015992079480241,1
0.7215091605203012,0.5080056307681078,0.4337242999613641,0.8017641295703586,0.7646872042749806,0.7518982610521225,0.5177509478387096,0.5733050715213959,-0.08091639628711494,0.33505716395608376,2
0.44294381712369807,0.19391512884102313,0.18399809854857357,0.0492050468374729,0.35891390993644723,0.8721673872260286,0.9024155985662301,0.15618592904736955,0.5228125193187438,0.08968231156690878,3
0.8882560649252995,0.7588246694234679,0.5474068191536728,0.5240730928141699,0.2759479031318762,0.2901128820368362,0.23248598896811695,0.12141074669148594,0.394415715006268,0.8911318244996218,1
1.2103150573352661,0.6414508365442583,0.04142421714389119,0.667992333160984,0.2458237060406684,0.2925279458976821,0.5645547544155234,0.9439348049650683,-0.10551500567822822,0.39502136560472834,2
0.4599082573151214,0.7401911045511745,0.8036669940743942,0.9567270961161535,0.6877378325546288,0.5303746509196601,0.11059075620933662,1.0545853627248811,0.9133018149177279,0.9858008395846325,3
0.37326869260913664,0.8398456233164274,0.5314049934209597,0.4836981736423399,1.3642930541486267,0.315469604099855,0.9549601630479987,0.8396130544786832,0.6814293173682254,0.48325923706418694,1
0.5736997299801033,0.4290693600887487,0.09724764460092043,0.661095034505023,0.41815779284896626,0.7588019910668852,1.0819399765039055,0.7422116925991892,0.4330180818941115,0.2572410394567331,3
0.7636400626016657,0.16989374902746313,0.13049091578039282,0.47362314771196246,1.1261963016358278,0.025359312058866795,0.6707380111131982,0.8120351171346714,0.8897085755338933,0.47646549210745265,1
0.6360111023343308,1.0408812521394397,0.3287722688266646,0.5628801783806441,0.9486658115494515,0.4238272814193369,1.0063636308666735,0.07154229899046062,0.9165993346414455,0.8821967665485057,1
0.3062225228685471,0.2517904758104472,0.4803361021425023,0.002913734540532509,0.5462163998004339,1.0912304851586319,0.8867195600049668,0.2780572455303155,0.49785439459263475,0.08795408826107753,3
1.0520701532407692,-0.01600721343198533,-0.1019815222695511,0.8038915579304525,0.9374263745261406,0.08394604847493453,0.6140544655921268,0.6024310100393954,0.5965419560438654,0.6058826769891609,1
0.07443253650506088,1.035657385388661,0.9718839154977015,0.45416981633644193,0.43136253079845466,0.4138008872484773,1.0644162659088618,-0.1853060609863027,0.7024320796838524,0.7821022550706078,1
0.1093848019837371,1.0822434308863402,0.6694046319289896,0.23348769967759034,1.059897488241672,0.46939472376941893,0.6931949934448439,0.5546189403916605,0.7245383397912097,0.7419189310918579,1
0.9679262929866006,0.6364919884150195,0.6104678896144661,0.4459725623725866,0.33782916048189887,0.18425446132679354,0.21926750864784628,0.03514115887323924,0.4456251839385674,0.861403736182911,1
0.2892022366161724,0.6263309328956788,1.138220399565073,0.17030855915227264,0.10305051485544829,0.014423142433782482,1.0518180917194146,0.29602744249787943,0.8336235621516128,0.2236873088949425,3
0.9257156336191478,0.7565124934755186,0.5602280603640538,0.5061467426344037,0.320996013239845,0.24589587086220524,0.247563406704113,0.16731892903064494,0.4068053087890359,0.8504378230177906,1
0.3528243047093434,0.3504890985388641,0.2544562586175476,0.43523709590935067,0.3922568400451958,0.15027265213966345,0.06690105763708183,0.7343923192305876,-0.03160689105378184,0.45041021672942594,2
0.750540765211446,0.23292300764475204,0.38678528291437037,0.37530744847787745,0.010706622027687213,0.33310243074434825,0.17284534571574814,0.5021457284446769,0.4716723110075607,0.8052757706490299,3
0.10920982576507812,0.3290077239585578,0.7533126030348928,1.4393022175682577,0.29008181812668155,0.5821630321583458,0.9170312218851068,0.9946622642410015,0.7470821634223291,1.5847329514857487,1
0.3222706886292889,0.8491624490770673,1.0216406967209395,0.5735451781735865,0.32290366950495625,0.0961804630163316,0.27859155320519724,-0.15177023529091793,-0.12110899053217883,0.3398890768636213,1
0.932301068849123,0.847703167313371,0.6518232010929713,0.08890662525299431,0.7888074567129898,0.87792825069224,0.1828173250211292,0.3455839073590452,0.8685195047795298,0.5765064810675917,2
0.40976809044614226,0.5663846903766638,0.4092407401642895,0.14624819028315225,0.03710338617061416,0.6737368021746042,0.03811839032415834,0.6153373997774596,0.9395240125654102,0.1440699734077094,3
0.0774361632497089,0.9605561504603033,0.6469297848977033,0.339042865074053,0.9084206526755935,0.44430421948957943,0.5872467985237936,0.6512560000793101,0.6649857381932104,0.670852961780583,1
0.52037208347544,0.7679502224113899,0.4608746989917084,0.8145766059214535,-0.14801243702664635,0.39819766936163065,0.5377199096587293,0.261257602462139,0.11651318550323678,0.08436023902312989,1
0.946439153244116,0.07472143392566633,0.010790268671650435,0.6940517876368666,0.9729653477238973,0.16771137414920934,0.6253623396956197,0.7224066004401332,0.6892586631834398,0.7135088696837366,1
0.9683727945988048,0.6035189488801717,0.18938420323841365,0.9313550972004672,0.5775146372301015,0.6456957458423302,0.49556174943968556,1.0002598953127368,0.012580924024502234,0.024602150628876242,2
0.7644606486020996,0.6682585453845115,0.13701980168198952,0.639426870959671,0.1517630511986207,0.8472600331773215,0.13835921957958092,0.22135482164163478,0.19803391323879577,0.42738247371383875,0
0.2347123816862492,0.5576643116127975,0.8948181178866583,0.7560063082099129,0.8836914305438934,0.8621911330013423,0.5656077759412166,0.24075046032746045,0.1316446536604021,0.39672791539873015,1
-0.005831175485863607,0.6584753494689778,1.038364105044887,0.6729832581699211,0.581947488366179,0.5469767198063968,0.29376344137366467,0.5483424070713268,0.40187142594363146,0.4895118239312675,1
0.6505774696795817,0.5844308198246322,0.15852390314431997,0.6587661055096706,0.08841821890028406,0.7684202534890332,0.26128256476581124,0.4431543282138827,-0.004829026237237619,0.45810644612677776,0
0.49029221872976697,0.5051400166948169,0.8851530557890903,1.0801381384699633,1.080077899338814,0.33189728609257707,0.47498384558139967,1.1679443275476518,1.2808905320050368,0.5607902330586507,3
0.1587385290518406,1.009535737461917,0.7541305807502672,0.32860929107388487,0.795481680654074,0.4240140140167025,0.696608723183824,0.6397482268920631,0.5915428451685972,0.6751387184708775,1
0.012372758585678982,0.9600555257834639,0.7046036783918826,0.2555543477306454,0.8899155274456721,0.3407991607395279,0.54477707072253,0.5866951974126345,0.709800206956309,0.7749539584282161,1
0.1322698151635255,0.4114994489348185,0.04649019258781013,0.006683867957285108,0.4429848282014701,0.08078853441891239,0.15093145796450977,0.43394353020356236,0.9230101858219174,0.19315962854696606,2
1.003114566808307,0.49606866493013135,0.05439407410874953,1.0291776490304327,-0.024955899231374756,0.06250082026149449,0.03144721546351856,0.8881775281011265,0.7753180389224098,0.05147844743828048,3
0.873410801252188,0.7537405046030466,0.18592225569447055,0.8366322090632168,0.5223393109113944,0.7949351826770319,0.5673492941692378,1.0695227026801732,-0.08788752736513133,0.018837197911260744,2
0.4389524784565181,0.2801254363070967,0.46254584993029046,0.7277537288275369,0.8742088583814839,0.8952435951757699,0.6952618633980748,0.23797628069484697,0.2873969697584561,0.4523219057799555,2
1.2560882850788229,0.5550243091391313,0.39253073246910775,0.7523200775037224,0.772934497570787,0.5708748343133121,0.5483805069051889,1.0122273364143137,-0.26733463724118656,0.05009472699727135,2
0.06806488215258769,0.2892236219977484,-0.10196738652180175,-0.04012705202943939,0.5331344217555982,0.18217345680959138,0.1727792220003678,0.40439908743126046,0.8748534172997557,0.2957788435469389,2
0.8502911131460997,0.7767946281636471,0.569540516117995,0.5787917507115845,0.3119339596471764,0.1567892128260103,0.1594641749967798,0.049853107478413594,0.35547618664455555,0.8182634866498605,1
0.15240865034890227,1.0449207375821463,0.9768643077857373,0.8044451932198711,0.14545972244127753,0.2524987133627753,0.8778299076085678,0.6450207643794763,0.76708172448422,0.09011546596274664,0
0.8110613158980146,0.3733255501515602,-0.0609185178642625,1.1826257585848232,0.7590273459491854,0.05846851293048577,0.7347330608527083,0.8132697699919149,0.40916665776577393,-0.9228970924822476,0
0.2144178095616076,0.13736050879029357,0.5261869361769125,-0.11264161421332208,0.5604945717576699,0.6762302595088217,1.1222626692222952,0.22036883524005818,0.2872973008896108,0.20691336202828825,3
0.2484597497764253,0.9507953513843436,0.646861873289643,0.49523450752655157,0.8037794972049412,0.6443354563861057,0.6350968077064463,0.5312946218204876,0.15557179868180193,0.3825246206835999,3
0.8736901263377126,0.7557906492221511,0.010284915770843478,0.9524626034755422,0.11237965759155172,1.1717679128261853,-0.21878363037859738,0.018317354998574398,0.33689683069723086,0.43255722743631386,0
0.3924295553451125,0.4129993387538684,0.09794996914911246,0.6849591473745507,0.6662810623948171,0.8494305094066819,1.1589560420798626,0.912499739447553,0.294208534194037,0.04481200390841683,3
0.6326595875376722,0.7708970207203067,0.18508908743479421,0.7726380331400994,0.2659100747760701,1.0034448195368129,0.04974697672173414,0.2149967523121205,0.034450173272039294,0.3486139227359542,0
0.019592233127014295,0.886582106704671,0.6411353771835333,0.2553626740986441,1.0523092007383614,0.27724055448650325,0.6941848437369452,0.6853413553524178,0.565433574609704,0.6777481169491912,1
0.05492835029105177,0.9576476922217186,0.6877288350784296,0.3004755197459534,0.9393265501147313,0.38741991885436733,0.6000738074862465,0.5843206264606978,0.6805174457882217,0.719811096977302,1
0.05864163957183288,0.7757644473846154,0.8463252408320897,0.2154875078997116,0.9835070778965729,0.5327741992301506,0.6886255271873076,0.4584045727289156,0.7120312710964269,0.5079264415288249,2
-0.061580283271386635,0.7224331624669995,0.9203038568376448,0.7107849641388875,0.3337770770540829,0.4948667151815639,0.9499525596371731,0.33480291848157395,0.9650930516100019,0.10139557810822122,0
0.5514463394109252,0.16533067526656378,0.524972314562397,0.32537442611257267,0.4401169925545837,0.5176672142438394,0.3569740247329283,0.7509302558574797,0.30462466669665716,0.6562992748576786,2
0.5601916123004855,0.1727247209519004,0.19734899883830415,0.23682234192126173,0.44738844383333165,0.895577234477345,0.9159775248154081,0.301235512171191,0.4200085403352069,0.08206841934028083,3
0.9514255091797901,0.43466183347115117,0.013481874722512464,0.9658445324810667,0.04343321087306922,0.17274096115694612,0.007863555804034354,0.84461909093504,0.7529634431049171,0.08903251116974588,3
0.7885831933669729,0.5571834348179936,0.39561615856593085,0.725473025998465,-0.05992142475352402,0.940048214098629,-0.06805369862707633,0.7842733702735198,0.17920777536103327,0.45257451568139256,3
0.24534578626105663,0.8076472270513984,0.8331860016380614,0.4493794080729747,-0.2789792351910695,0.4508074260295135,0.52623580168768,0.662646845417194,1.0387711709146514,0.12753071481351863,0
0.5617356927053784,0.9748020983527014,0.3138148633807173,0.5499099996028657,0.9680107040123483,0.5046238619204523,0.9861054364767828,0.09822291756302826,0.9108423016663607,0.8186215939187812,1
0.28520058743254245,0.38929628455107046,0.04420130847810454,0.02126720557740805,0.5151552783460619,0.1782466528054854,0.12246706038491337,0.28894044045630524,1.0331793925503585,0.3205111322056333,2
0.4046470337931994,0.5357731191639806,1.311484043015188,-0.08072708990576405,0.05901705139406946,0.24353173854246285,0.46621857110035386,-0.22730841582317013,0.7347996066965747,0.011003290955700878,3
0.4399538141803539,1.1128130399394145,0.3655042083426522,0.23785461912950662,1.0699658253184938,0.8727575995769452,-0.1927400899318083,0.5055995174492336,0.8563041107958755,0.2747629416727349,2
0.8561027825758595,0.8860693870990193,0.41942904643965195,0.07583797279937393,0.6089839528170989,0.41729000860703724,0.9122056523201894,0.48971472203630556,0.16051847156310184,0.2948731944969295,2
0.004062142449331049,0.9787379712932778,0.8595529478317991,0.8474524093940036,0.2105700784343848,0.2976983156230997,0.8710827603421699,0.4846580164613929,0.5757265636619112,0.1496461001179383,0
0.9930567724442779,0.6915134028333539,0.658194440343025,0.19407879227958785,0.4002596882220989,0.4915154521607829,0.4608487426809297,0.9989802294141562,0.6673161937566197,0.8621523231323381,3
0.2626604904735981,0.9462938402050994,0.6539804701891283,0.4637911771324616,0.7980233223105829,0.6359333508019434,0.5989857997985872,0.5041793142959496,0.18886307040530056,0.3314227451345722,3
0.9685593943647314,0.3802434972224543,0.12800921064126886,0.8525855806133978,-0.047322091329975266,0.15614342028502373,-0.10390438296043457,0.902548003545799,0.9322474767546662,0.12758117756589218,3
1.25341390282488,0.4559587213989489,0.9955602497772091,1.676826488273088,0.5974367557090252,-0.15152566529913958,0.6656178365515195,1.3599944335196108,1.3018155200674917,1.3724159647985759,3
-0.1667436249173957,0.7016576306278661,0.6789203778516779,0.2475601849241294,0.5406541681484565,0.8858331224604102,0.7387161911474066,0.6322429829438578,0.603923764631916,0.7432694304767988,1
0.43608742919612165,0.029049685712120174,0.4023956427104472,0.1953523480731469,0.367158433700453,0.48564269840932106,0.2811557765953818,0.654553142934222,0.42657001215976414,0.5243175290687819,2
0.4341567770626282,0.5729511226598151,0.40274939314893266,0.15942073171209253,0.052725778143655894,0.6459786521954833,0.029957892734710813,0.6158383128384078,0.9160936867740735,0.14969456722894492,3
0.44091247716108606,0.668312879483903,0.10003463986490956,0.6919667196668609,0.5374452841958878,0.2042392523995738,0.21525499376261328,0.638217018290373,0.0919866938196199,0.872168671676955,2
-0.03652977325488266,0.09292098395348342,1.5322124925883078,0.6422256925663234,-0.028353804831750484,0.4091286046289233,0.8385792111671768,0.6239649501951399,1.5069037195073531,0.34586746781356786,3
0.6051419339773214,0.9444693560248407,0.36424804089980967,0.5076289540458102,0.9569930578855601,0.5088469539696316,1.016247315735666,0.2091519116237162,0.843416704279996,0.8974915990579755,1
0.7968738519607945,0.578509440934274,0.9235282478130462,0.06889366310671113,0.17751076938778998,0.0877539614177097,0.3028207896149699,0.9153698300210648,0.8966854117845232,0.7875190104508887,1
0.8765374245787051,0.37596313851645496,0.05371092884938167,1.115657710927582,0.7491972032096158,0.857529932450156,0.7631407747241548,0.7128978553471024,-0.15165552798768284,0.272415477988258,2
0.3819534123908714,0.9156323897625098,0.589994522061403,0.7060424581377372,-0.029115893593773916,0.3142527037631686,0.49464625664190126,0.36073365476485786,0.045101835401870335,0.25963942688744085,1
0.6466000879045747,0.3794895154434464,0.5621629997585258,0.7153297469248436,0.5700011116105637,0.9023913330134676,0.6795468592527325,0.3470051774525931,0.15279110777609126,0.44577383708484697,2
0.05576816150068252,0.9571108597441811,0.6864056023426962,0.30299550622933785,0.9422938581748956,0.383865452448229,0.5968100700291292,0.5853593264071995,0.6785298649357597,0.7211068856622447,1
0.9574201205903436,0.4114893182907914,-0.12052889140100459,1.0873326718156433,0.011042920170064523,0.2226305491687865,-0.1165190666334672,1.0074216719800853,0.7187788707653259,0.061823937524584247,3
0.5911571052770488,0.6484239825782951,0.9870677006411512,0.8272405390343784,0.47222936402222265,0.09727571517860345,-0.05977230707945738,0.7349711876865797,-0.13784192684885876,0.4300254882116903,3
0.5543949471761916,0.3332408135362129,0.6205466095501716,0.047854353004087885,0.9667573788204646,0.6846602583790813,0.6028886227958266,0.9220989312600998,-0.023098674574311542,0.577750328918111,3
0.7286101624234003,0.27728570502554656,0.6940261350194961,-0.010260906211098271,0.9514966392947246,0.6089816260521186,0.6389995802423535,0.8985448674946619,0.07702023507652486,0.41887247210518697,3
0.17513348691621622,0.4126368726532117,0.33006324459942,0.12277892031624957,0.807186456354976,0.953501476994914,0.6381891654263547,-0.00993687697308808,0.7721026420387415,0.38578944478275656,3
0.22306542670775426,0.8285733579746,0.9955301780292763,0.7057843776513312,1.0026502887561768,0.09332102077723142,0.8447416959593059,1.0695487832419224,0.44114195932784894,0.3086047877866738,2
0.5782637169534138,0.17731667362203987,0.5971683792393917,0.5710166367332303,0.20996462485143202,0.2726778511759658,0.24963350983019134,0.7188793904543404,0.34242122954402965,0.9399337441273832,3
0.7377068821740126,0.7251215622903208,0.6215911102792704,0.14217737053366655,1.0612130785754925,0.9276517934385691,0.2622936462030983,0.305328953485507,0.7562412702688119,0.35562155482115043,2
0.6915454877791732,0.7667872712984972,0.5224666347688468,-0.08874879325934001,0.28403640251839585,0.6207035328733919,0.37519315706765705,-0.3826178393381612,0.7435633606490044,-0.12094982717945918,3
0.09236932780766513,0.6469302156702246,1.0381373775394152,0.2375814632084272,0.3762842882240375,-1.0919619262073326,1.3606922188629125,1.4560150412922703,1.1238286028709088,1.791653137055527,1
1.0421476476216316,0.5040397486383253,0.2935057471023664,0.8323303604043975,0.5274826716617467,0.5749125556143984,0.4928263445400988,0.9442174339082171,-0.08195430666516748,-0.03505762681577507,2
0.5273368768867073,0.1182342121673321,0.40936525710445965,0.40023972436431937,0.5797416225743426,0.8567371396543821,1.1280266519461128,0.18722516187767618,0.48522156252956156,-0.16178203178460215,3
0.3573080711872505,0.8498572773922975,0.4410504229134177,0.8049288573796345,0.020612707508799,0.2922707384026943,0.621640698375009,0.24989343808228107,0.17713454795311384,0.19844564533480508,1
0.9012817990820267,0.500765792556858,0.5735304424550911,0.5174348182719796,0.0413202810513113,0.5692028310641614,0.41334841825762053,0.8951279252142155,0.019637006161306703,0.6591326643385176,2
0.30295544400636704,0.9698733495804495,0.7040515921684009,0.42343778346888505,0.8062517389941488,0.6107933566075452,0.640049925459609,0.498596143035885,0.18151276112075554,0.3928722925560443,3
0.3228195715064287,1.0322686785080744,0.801293444150118,0.39377311091540174,0.7017493137715228,0.7719747219864627,0.7360578585869191,0.5632425361552019,0.10771529220684488,0.4784211224401429,3
0.9435183805396026,0.5925145979433794,0.595802193107051,0.9454839131056063,-0.19753906889415584,0.418960820922335,0.08105340672855488,-0.11107476690838114,0.4255937521970109,0.5749290692686434,0
0.40002500739195024,0.15890201167381807,0.2614885330991716,0.188917361116901,0.3642510323415596,0.8126942323021622,0.9495358412746673,0.26873643477083115,0.40179261375169545,0.005481097116960331,3
0.20448216476493844,0.8993954592786015,0.7269312936528115,0.39990439444457065,0.7930595321886362,0.5630612338998564,0.5906853578354536,0.5177822809536782,0.18276798237464045,0.29470444252882627,3
0.2920297708382501,0.9877783968208825,0.8241030902432791,0.5888312373631566,0.7986912382761628,0.19770421346768524,0.7767787082352091,0.8692361313315952,0.49590298194367494,0.15110226071290955,2
0.246227271796426,0.5444390066257515,0.5843221570291015,0.9385359216058753,1.0771376115420184,0.003656226432908881,0.8415506617856657,0.7965390572683206,0.674362892547079,0.7921083328650378,1
0.4282361444995792,0.053873495431489254,0.20250095833304937,0.2774490517213021,0.36228862053152944,0.6839024465177921,0.7792315106974211,0.276149078920478,0.23543259683525974,0.046147421865917956,3
0.3088585278339103,0.842204630754669,0.4046884057580893,0.8981935840346275,0.013868695922229918,0.2450937897975591,0.6159085249558182,0.21399399468633518,0.1482517867284063,0.1621175447012099,1
0.3915219562350729,0.8542188523455192,0.4864986912971397,0.8141096133776922,0.030073046901466165,0.27207035622660786,0.6127724199746046,0.27205222096903653,0.16073441293147142,0.23236470321653008,1
0.20514178788677462,-0.37015068100770177,0.2958950746070685,0.2071614944555685,1.0122602243562515,1.0958430111140998,0.5709585308608454,0.3245198698617564,0.7783613762752685,1.156220231218903,3
0.161843901143672,-0.2447595275037897,0.5507843256205186,0.6281877717960342,0.7295022857818224,0.26939744612523553,0.9177118701724374,-0.2219664907218465,0.19362256542223122,0.2907199234276045,3
0.6336942512642635,0.5693733669145934,0.9272893583195702,0.16867967054182453,0.10970266741706147,0.11714968383385241,0.4455541825172646,1.0051508973285364,0.9712847445478516,0.7703933841798788,1
1.2191089205658852,0.9413410069712014,0.386199212399144,1.1759386259424731,0.8386899150122894,0.6738164025421068,0.4595105204194555,1.268728560104234,0.20088163189098568,0.11886047668309066,2
0.40969704148950337,0.057898278358582356,0.3575763194210865,0.17280916832662319,0.32260547055732214,0.8258951687114181,1.0360931455757139,0.30866581271035554,0.5853683358156394,-0.01601432251733028,3
0.6265566130329439,1.0477644182577384,0.3590266974400766,0.5715715657942577,0.8779085347395551,0.5415028008205338,0.8850927092557387,0.12930505038951778,0.8797432985470398,0.8294107529252083,1
0.05597680232856228,0.7948242815141908,0.7717177030272034,0.5250641121468893,0.1294625464596334,0.2825319401350091,0.9701222191739034,0.27306165619251266,0.5518136203639605,1.0316694564594113,1
1.0136102936896765,0.6393818387550686,0.1598665354327207,0.9752044366754724,0.5784021806639402,0.6557995114102886,0.5358669145942493,0.9522519311052352,0.009427034509602587,0.05192530513518412,2
0.2719432148612668,0.8401537823666572,0.860517783008466,0.7595549640394383,0.675749650136864,0.19808331934178075,0.7350535667870327,0.8193469240648,0.539428164989582,0.057984242450127225,2
0.3742394901977243,1.111737740385463,1.1083665582610744,1.3219534956417525,1.0928952628677293,0.8540660240381763,0.15905923671526523,0.6333884337546393,0.5114201703493115,0.6596461584580938,3
0.3934844684323418,0.26740454092966726,0.2838602463582645,0.14237284309269266,0.36320208555286326,0.8588759950401803,0.973255526862338,0.23771476888390314,0.4249226344948459,0.05373893479665429,3
0.37016118176872437,0.45905856199085315,0.1416035721866696,0.4834612725782875,0.26549395493235484,0.04373893245245165,0.025742074172102294,0.8297836229017279,0.014291343746425864,0.6121104470935463,2
0.21649404726247917,0.5254816572573247,0.01808772621440291,-0.07094831734404544,0.3790649894821129,0.07131464365331858,-0.055459018725058346,0.5009396074629189,0.6650395823493256,0.15675821351974034,2
0.7960165839633366,0.473958067740407,0.7293001928157617,0.5227720683493237,0.6263142775968306,0.07022652854537932,0.6757959898702617,0.43176965627015357,0.0687390212360508,0.058279125504727504,2
0.235745509928951,0.42645296038933905,0.5843427439967802,0.23942896984686934,0.7023794582209616,0.9337914940990523,0.8670755565285874,0.09480983781535884,0.4236503908565092,0.6769733706316791,3
0.9520541061251563,0.49502687591833877,-0.0005157767033721686,0.9878093112120627,0.06124586608317418,0.1525663078137441,0.019695790934356056,0.9010248262873735,0.7896318897792134,0.05958015043746745,3
0.12136056730967365,0.714824573116313,1.1052019663816648,0.5378538591981191,0.6290554342402803,0.7033585083278159,0.6119897703600886,0.6199938750608557,0.3235776264710409,0.41712290320418094,1
0.19493955114382813,1.2834619251382966,0.8180710090780162,0.7798944188801585,0.4152447073177021,0.5496660035630359,1.162359313314485,0.020385906681935295,0.5359195825883125,0.8759052913746144,1
0.15691614752968353,0.6097030439754585,0.9544848922997099,0.6558877007306201,0.7721060271171923,0.7178604772097555,0.4791419732662492,0.5212261744374462,0.26100558804266966,0.4220173085163408,1
0.17349941550629783,0.45769179999805565,0.11993496322202964,-0.07620675723450518,0.4627963569660709,0.20591210409333793,0.13226550932234174,0.2619820548800329,0.8380235771562059,0.10933997919527952,2
0.9099736141214216,0.7349864900149521,0.5258226742254406,0.47046735547419055,0.27437205086018096,0.2646608264206372,0.23197086217140814,0.12990234687067778,0.3783917999750195,0.867073563353295,1
0.2762499361220545,0.5054860085666462,0.06715271872269235,0.09120266434170154,0.37008264740132396,0.05634326541412183,0.06711173070135175,0.4991395537228534,0.7879972784928515,0.4005547328214305,2
0.3188439579568299,0.914781283563269,0.9141369219573002,0.6291677263469249,0.7578677599980772,0.3036922525514655,0.8978415720976443,0.8843541166889055,0.47729417667424595,0.07960633820123682,2
0.4419326408815758,0.5457276964807362,0.15438479232556324,0.5321702757446001,0.5072155242369483,0.6380474862867386,0.9948074510676003,0.835996749997676,0.4707367407819456,0.2278533863299399,3
0.30901165597694447,0.9028282740175133,0.7666822093137357,0.0531533832037282,0.4569881907896372,-0.2359827207834725,0.5623784952967207,0.5421597884191907,0.7098501967798464,-0.10231214685397438,3
0.9239724455813386,0.5641022536171263,0.647722124368403,-0.08558587897307811,0.6565827034047979,0.17980917690643397,0.4565117666927018,0.5392123227278789,0.7848513963265866,0.41203954944583754,0
1.0286075226038895,1.2742477335723643,0.332823963844491,0.16469759524108563,-0.16366848289553437,1.6660387512295713,0.6917853329138732,0.280761839355426,0.9274869653502935,0.4502287137366584,0
0.37340775566468837,0.08079792579873107,0.5669498020385303,0.14689681993014572,0.11789177386051612,0.6732533467838844,0.28007933289586046,0.27386673441478454,0.8845250388383601,0.24043505174621269,3
0.3144996485073424,0.009047626248391533,0.6405159730688565,0.05518842787274569,0.017000517395960812,0.5620208230403809,0.3902678588652791,0.15474312896544395,0.8470369583504191,0.10940875230832897,3
0.8792846001090535,0.3877395273452836,0.011727134979891377,0.8881270542820274,-0.005570990993230392,0.10840243502997676,-0.064470259162821,0.7633720559817588,0.9456513930563615,0.05498810961052723,3
0.308791518955828,1.027111589551519,0.714145666016227,1.3485976927319638,0.8238953192583831,-0.22347649595749192,0.952794972647028,1.2655498782163384,0.739208209351133,0.5597450248753291,1
1.0313940106517308,0.006043059433124318,0.030457076497391433,0.6903644072581397,0.8504151183343995,0.08103158957419654,0.627644958452412,0.7675636626722003,0.7554773345879562,0.5611355305994699,1
0.2730113497438108,0.5269665944819668,0.5033949332252566,0.13420917940656776,0.529807503108897,1.0653180435728982,0.7055447457966805,-0.04383340304899534,0.8044735428872076,0.5095939578919784,3
0.21875932290861919,0.3653707366255332,0.07797013460908113,0.04214471670378582,0.49521638498670023,0.16493065958297345,0.189714040768523,0.3229583588916608,0.9362271085160797,0.25551801215262016,2
0.7365138893617206,0.8325284592409411,0.6451892388168682,0.3083270325969282,0.9136780497519482,0.9690620358545845,0.11649421062426668,0.4668502536309855,0.7273716445747224,0.4211190530039336,2
0.6543375119163072,0.0517217081472752,0.45715529956860557,0.29841443189009115,0.3127509872167977,0.8540786357441902,0.7870937497405033,0.37326183382101247,0.25033606119299034,0.09413666204752785,3
0.05486183263216436,0.7757113042548853,0.8473979799707088,0.21865509075527453,0.9880045283663071,0.5318504752926814,0.6855697192034454,0.46085406914488686,0.7143096107710601,0.5096005632847497,2
0.09397076064613172,0.9938616237474818,0.916809491113198,0.7716634742663396,1.0044661290421026,0.49788703521620137,0.9835180785034014,1.1748656143646328,0.9897330395320848,0.36000812828347806,2
0.3976037825032061,0.546937967346896,0.3839030695280238,0.14458016741134247,0.05853392639935273,0.6483393030916843,0.0032945248109007355,0.6289523490948659,0.9491904429026339,0.12973708834412423,3
0.4344025387408443,0.19645097414531804,0.28382449065565574,0.17332997099684788,0.36085077154729867,0.8357533318737003,0.9029117120976817,0.250936916750883,0.48706427191208135,-0.0012084730577988437,3
0.07133935788665131,0.8582032469142601,0.7774212312706729,0.6309627221095414,0.5493441686369055,0.7222312962012338,0.22063021127028315,0.5609266799580654,0.278392557427093,0.5854927058193782,1
0.8611047608699128,0.4268597666882535,0.1638973986028943,1.0623227641194872,0.06851400240833871,0.09188877231606248,0.10108536060398597,0.9697775329075216,0.7305925197279651,0.08923472934750777,3
0.23422670772603912,0.8247986382493844,0.016182443768592628,0.2808021071470099,0.7450106740794155,0.8935425768297776,0.8161138179824721,0.017169742736929006,0.29681149886835617,1.021551456676972,0
0.388639907117341,-0.24613839095652545,0.8582658877806868,0.8247209101922456,0.5433999829627069,0.6667009674555857,0.3505435384352363,0.1930111804513522,0.6679416085833267,0.43425619128265947,3
0.15153368862915395,0.2280273163677575,0.3881585716205624,0.06868289805328481,0.606604661517923,0.839452031731074,0.7361388248925657,-0.10260696140378758,0.14567660319210218,0.4261266034015573,3
0.21768875244840624,0.982032988754836,0.6462492349823618,0.6095391632206228,0.20666864768660584,0.210278898894255,0.848150476379013,0.065707214493857,0.5588678617952335,0.7544855669271946,1
0.10463244365547682,0.6002856090816142,0.8525083041016313,0.7203150512886204,0.6764371144345168,0.5695046516259302,0.3783035920549928,0.49000520897643346,0.369429044212153,0.6501844089043955,1
0.6182937913283599,0.3665466226912121,0.49462321627992073,0.4557686813244618,0.6218442705904108,0.35071020545670145,0.19137488705213476,0.9406539504240863,0.23633062019311651,0.6477190548242815,2
0.8309388998167077,0.1464892283278575,0.8455928785119403,0.28683323308007946,0.1116585064369898,0.024802952485280597,0.41293694577323115,1.2250759551539472,0.5967104803068854,0.8831811789050573,1
0.9439466950727055,0.1368749294006397,0.5524509662893426,0.3135114692718417,0.5229611410668947,0.16810565822611231,0.2223838298574409,0.22951448443530573,0.02739700529941992,0.33324196502754405,3
0.6587742199464418,0.3920982931564209,0.612500065147054,0.7970575238724065,0.5400296734798526,0.8933004426164624,0.6346217639407798,0.3069982323816809,0.15780819676898747,0.5114223766565867,2
0.38572048087336974,1.0697601966854984,0.4600835051816737,0.5270666506922652,0.4989038203304708,-0.3298334253881789,0.21016709515937593,0.7845501646146573,1.2119176769435778,0.9715877860654399,1
0.7167512299074558,0.640502271952688,0.872589653423418,0.0871981172687372,0.1656544010582221,0.10319096661958083,0.366206803544896,0.9087488858265013,0.8788988409462871,0.8090651148694609,1
0.5335012772233877,0.7624995699068654,0.7186832489530028,0.8499366881126995,0.834182243840257,0.3848869937395048,0.2043884237476702,0.9701164873385197,0.9914533333886016,0.8162476563484595,3
0.39685531909410116,0.17228441981965623,0.42912596957723914,0.19950120405517788,0.5020051637434396,0.5215258379716502,0.37218968190595975,0.75080729749125,0.42552270907995793,0.5388678266991948,2
0.7612558251883857,0.685971179016454,0.5546284291140853,0.22508699362882037,0.8932088511458861,0.8994634734514655,0.2416644147705987,0.5692074711103349,0.8162627629060715,0.29583584850752237,2
0.696311787297726,0.057759071264254364,0.39097213853024804,0.26137831584239374,0.29170432229208,0.9257041217868155,0.6987156083350194,0.24946392568241638,0.44060914603098694,0.028748299143948164,3
0.38610303772978277,1.0273742557735077,1.0355883489366022,0.572455924995701,0.8691683895419894,0.265363677636305,0.7157224529794692,1.0603994749507453,0.5906727411477349,0.2456909234448499,2
0.47345559361084627,0.22504799944513998,0.2696447468483015,0.163522359626099,0.36786027339699096,0.8756542917077385,0.9325739471537493,0.23980338771077103,0.4675927681552226,0.03373524718432427,3
0.36471891573061543,0.38796991940229214,0.3573465444157303,0.15734332574010174,0.7557248861771667,0.8953205241511821,0.7694731744101732,-0.12644743901367111,0.43532877699856587,0.4147094739699664,3
0.8832638960842383,0.5182926444686864,0.016223869686389406,0.9155128464760213,0.1291020303398797,0.15035113928325838,0.03285921059580036,0.9554211371243071,0.7034231081886063,-0.027698605059804954,3
0.8582024965677808,0.687867774110127,0.21004016118376398,0.24455441469040184,-0.07687118621830467,0.3968990228947392,0.2385771679738074,0.8505891376886707,0.2835618284496034,0.18755575812759104,0
0.26036022781445867,0.9323799524353191,0.6587681804411604,0.8879899499542023,0.46677285774818766,0.16208772708213554,0.8037094419360503,0.20338828149600718,0.4656713445846007,0.8030738989609787,1
0.43316948458164994,0.19043407044142602,0.28059535913639294,0.18041624568204237,0.37080793701311,0.8729154976167157,0.9629107151576888,0.24448467028345755,0.4286599734213908,0.022172809149247345,3
0.389193198293962,0.09148911273500143,0.5935593246620906,0.11656431068251503,0.15506133582940398,0.7140151846609499,0.28358871920889767,0.284411850794131,0.8892771728660216,0.2667193123334265,3
-0.42927986958855,-0.6146015780059508,0.1710311882933344,0.44143675630540924,-0.23484348422258094,-0.17866101459238873,0.34822573491808007,-0.1770972852566473,0.8600234794342647,1.3956238965658905,3
0.5696645287156886,0.3227829830725371,0.8579038124795175,0.5046486867197768,0.14525435910057108,0.07128576974682496,1.0877446381279712,0.23678776028227283,0.592572701957139,0.17593031573091644,3
0.46574101560598197,0.2066932849665726,0.2581224516472099,0.17929926179407793,0.3759869353273687,0.8824118951574114,0.9642823021885282,0.25575775212395685,0.4678988344518574,0.0207743944028278,3
-0.13038232821901435,1.0792352770303024,0.716114615163141,0.15727268237852512,0.8881418243513125,0.3363510220508941,0.6521537886562032,0.5646285251085473,0.7573969123752684,0.6707794126092841,1
0.937071259473769,0.3582346330436901,0.3949915224557611,0.42549409105113967,0.3606633587020722,0.8669192747439037,0.6478464161726858,0.09065271232855454,0.07542968333387215,0.8196624278001288,2
-0.4049888211626066,0.03449727718373519,-0.42379946131227175,0.6529393219714245,-0.24881778053260223,0.8669924962110568,-0.42908508742560725,-0.267137381818669,0.12556207827909358,-0.9718852086758472,0
0.43317470716682693,0.5718591487227521,0.3964948176113758,0.13549780597663744,0.02437751792456743,0.626441157278264,0.03592979914141832,0.6284966406916026,0.9462150291320497,0.1770812873085694,3
0.34010246584964926,0.40247857968546674,1.106428534820623,-0.13842599684612727,0.4903954971722778,0.11601048469607683,0.8376885452261338,-0.08836635033411783,0.6215455063892481,-0.17069963649588515,3
0.31899299324625546,0.4175437131269448,0.4526725849640395,0.27027444974516557,0.5949373808933368,0.6963095456573674,0.8267485744588925,0.22469318229199134,0.4196647769462673,0.49056447976602596,2
0.16672543376704652,0.16917075637483986,0.45340759341465947,0.6673694435343414,0.02763497861970432,0.34308821450173965,0.6141966720692414,0.7415039061867348,0.5006190203702682,0.4560834211263862,0
0.5263142621267348,0.3098779903743231,0.008163732736956211,0.4436333549351699,0.2326379499132491,0.013986693482207907,0.10013097422604281,0.7310971793287995,0.09825516143860245,0.5674256023498191,2
0.8001107595196192,0.5835255574885221,0.4652220446963031,0.47992172640616926,0.6599029623347258,0.42550248476745534,0.2065413747207445,0.732198701227924,0.463547983011107,0.7364514258686846,3
0.8136486776911237,0.6949101781478582,0.8312839227250128,0.35286918514664506,0.32179965114082637,0.5811473780044076,0.5016561330093476,0.9662193697828609,0.6147815143915406,0.8275779050662339,3
1.128631525759262,0.7356189753047753,0.08436661841462006,1.0938804825116297,0.5138519305653487,0.8222178026845293,0.6703071971480374,1.0693775210102188,0.18644569922750287,-0.07822714071126308,2
0.05220854095702057,0.7752622089764211,0.843198685458593,0.21658122970531404,0.9887753610983433,0.5319709344959827,0.6819595512543953,0.46227197818874016,0.7159385029746542,0.506469054304373,2
0.3398775720600763,0.9371183614132124,0.846284862202288,0.6559961613799593,0.8510315088673946,0.24514852846168778,0.9160355833464305,0.8728055901736675,0.49277404861955515,0.0067660706954453115,2
0.07414875344104174,0.8923036082390645,0.725158884703803,0.25530795741392204,0.9636259443416232,0.4297102358714406,0.553517022990618,0.5811887589460385,0.680325201055261,0.6536171935422616,1
0.3373360171109064,0.5207071527075368,0.33382006245504176,0.527637353599015,0.4552085287825784,0.9593641716997395,0.03808180742322174,0.4156429772192067,0.3779887293711261,0.09241902605837785,0
-0.13131890378649855,1.112487046127359,0.8330040346037103,0.10500981209014701,1.1107527920319975,0.5755123973385872,0.8128767851692847,0.6211890427529627,0.5648554512155004,0.5272475024135038,1
0.37893747075000817,0.7909250561359366,0.5526253697012864,0.7829284486544428,-0.10804746231428236,0.3850672741965385,0.6804320307268676,0.2744250099265233,0.195883423923519,0.2033217490994489,1
0.05085114416203469,0.7730891668833079,0.8430065158354436,0.21554657027449642,0.9910751133369597,0.536802913692476,0.6810700592893889,0.4618044515191818,0.7194045786076958,0.5080636864673073,2
0.35174409399066164,0.23317996871088384,0.41984266839469253,-0.011735432961661851,0.22015682975899342,0.8988973987084616,0.10427753145973362,0.46515399264546325,0.9239421989720017,0.03400543541423198,3
0.2925745508612072,0.9483128723822083,0.4330037125863013,0.712875187693914,-0.06978612446101398,0.2966338049679713,0.6987075800494491,0.4043450253184747,0.25482311790257844,0.11516921118836149,1
0.8157592617547217,0.5532370792053274,0.8744790140763701,0.13319579692865804,0.15960685863582283,0.07765602308708104,0.38543200426787694,0.8593158349013882,0.8463725280724741,0.7642598757872212,1
0.31234523957891647,-0.2485441708498135,0.7860565408082683,0.13554112391342563,0.5486066313081692,0.7671664284180312,-0.12267079535982744,0.602652455725273,-0.12559522318237398,0.9867660903990284,2
0.9119014888312867,0.5984034765793573,-0.16646608179569997,0.7955336552659954,0.028230422996789108,0.18249056231505476,-0.002970583412352408,1.0199751035360713,0.8201090019583623,-0.11012619673016943,3
0.19743361200404042,-0.05855998045343658,-0.09365123405560125,-0.08233340257338628,0.6956933276293555,0.3467997501652929,0.19753270964501451,0.2516755082917582,0.8212791891181439,0.20404694261321038,2
0.42052541700845936,0.9200403160811966,0.36559180229544114,0.8012253146586917,-0.15266227962060605,0.30527308294284233,0.5050861026889342,0.2679490730011122,0.03323492515254221,0.3005423792782789,1
0.05847487491117648,0.7796336265344075,0.8512518249621549,0.21785974367270752,0.9838027444526455,0.5238052363954931,0.6782313874092506,0.46714756938839236,0.7222409125084602,0.515672233122061,2
0.879930795070109,0.5096732120585802,0.8420253044643498,0.18875292677599473,0.08089592120118416,-0.014642122829974347,0.4157237185333361,0.9808055835762532,0.8641749249700593,0.9090520212760886,1
0.2440184995518334,0.3334211959992822,0.4165724012675964,0.35740007775190363,0.6606053511328664,0.7048870374695589,0.967753018033519,0.1734272410008888,0.5005749645205183,0.5623727631844004,2
0.1051647697585722,0.0612723909829464,-0.04576730681796909,0.4071081606110422,0.3097882121829682,0.5558933577794279,0.6587170682548298,-0.1744892658068457,0.6756840906845712,0.544326383895881,3
0.7324393922294655,0.3731262563192063,0.6860639886522883,-0.11203111297352328,0.7206726285984804,0.6950997146169555,0.7631123205404873,0.9864255972183975,-0.12944198985372177,0.4985053098146422,3
0.33672335011539817,0.9284619944090805,0.8980590510851049,0.6224212496603636,0.7744405938403673,0.23011009746213162,0.8582939515568737,0.9133147064898867,0.5475787122986611,0.08265736509904571,2
0.547887927010603,0.31556591137695833,0.3814286273208527,0.2095756897320442,0.26419417040837023,0.8530813112402926,0.879973850358678,0.3994725978728446,0.46908698863297427,0.1379541930995805,3
0.5122342460880716,0.3316859831930254,0.6519478633868886,-0.23172440801185162,-0.09722808196393284,-0.291685618213619,1.2569404811315639,-0.14919955837462628,0.7240174989898461,-0.26295627066841387,3
-0.021293631904127697,0.7693197034864216,0.6722947749557255,0.7882262589542075,0.24240186319232987,0.3840894116285543,1.0421369913468423,0.5969611497194289,0.817622955488122,0.17355023789918086,0
0.5317153668863137,0.5494000775217602,0.03742295374286525,-0.2893503048333752,0.9896876833439282,1.1506469379636663,0.8040594483744351,0.03939223237634444,1.0183971253974307,0.26752683719851406,3
0.3924133361174324,0.8568000296824063,0.4730354137459294,0.8029286895257778,0.0014740294489286494,0.2678322654000069,0.6017589605110164,0.2574564140547117,0.14953876666921911,0.21225144778266128,1
0.14146233369980435,0.11598483138209897,0.40018795231255155,0.7387828966748893,0.07907699845098333,0.39014213542596554,0.5100519216845715,0.8653216199450261,0.4098138179009451,0.43334267657301334,0
0.58082995955776,0.3491930076229236,0.1391968590942042,0.0033731622489928947,0.5150872063801595,0.9209047943043627,1.0527595195914503,0.35774823905281533,0.36726017431003505,0.13078462479256117,3
0.3048944882206845,1.1095976831596293,0.6653607087019533,0.5117224481318545,0.9318801942165129,0.7824202374495357,0.6136907297136509,0.6250600445319341,0.17244714898736538,0.3478387727749768,3
-0.05540348793712824,1.440636460551095,1.101131554698424,-0.13943959840254133,0.7271693136541291,-0.186316365348404,1.110159276366833,0.8135560635737562,0.7934972768453286,0.6350091086929626,1
0.4528925223982908,0.21005817657384313,0.30176070493010165,0.13768780941767567,0.3520862487142427,0.8784545721498584,0.9302551679794853,0.24411106776814223,0.46110366587335166,0.050716539884776424,3
0.05974060946191122,0.7779845032445903,0.8375191870448643,0.2175862755891345,0.9813888162344179,0.527152232337505,0.6894110431930421,0.45697888258588504,0.7120946843634537,0.5152895197413017,2
0.2650702521764029,0.3511459959491868,0.26943168653675403,0.05934905066106175,0.7037311979746851,0.8636938881279411,0.6931460940772384,0.07811921013972215,0.6646483548427976,0.36659892367206576,3
0.6950934885890414,0.12812741822081997,0.32212378956135357,0.12169961265823992,0.26157667059881806,0.2712182173917717,0.5298935148057302,0.8845003190989728,0.18720151925059852,0.45850869379684095,2
0.010550754303401445,0.8918581171539206,0.7209735591145219,0.25889975898413026,0.9281359747747344,0.30335955042816154,0.6447226689294911,0.5588240049398545,0.7263646179696082,0.7063264609847593,1
0.5276253919420139,0.2728799697716759,0.23247818810685736,0.22704469143084205,0.27657167255582993,0.8446977467506711,1.0213767412129922,0.21989936627364556,0.4804802777700712,-0.02174627422741597,3
1.0463763581019672,0.5726838832752484,-0.04339087166534272,1.0241080545191554,0.6423513149022914,0.6189670734107581,0.39955928532186535,0.7953901019149985,0.18006207906953398,0.1435917900912852,2
0.7968320069421289,0.8961763209289932,1.3614445702614777,0.6112120457504122,0.7024352210125502,0.9618410660711009,-0.09047053142616412,0.9666629726376297,1.5047037539590509,1.469921554378577,3
0.00941298011816366,-0.11003927528015406,-0.23173420811757106,0.4256613006760334,0.6255291810917855,1.2133963083074746,0.6050568627462614,-0.20794336876793856,0.4923362882637114,0.4067101462234544,3
0.6411538701010236,0.5326519011785296,0.1621892151222556,0.7466531187605463,0.37324325339745784,-0.04848111344109124,0.2078145921742545,0.8608350532262108,0.4117664899824064,0.6651915488137201,3
0.29881886589009676,0.964371094387493,0.7307254012147364,0.395904646658267,0.8282673620734651,0.6836413758381922,0.6870722007416875,0.5299409215427677,0.2101558376171118,0.2959216886988873,3
-0.11711735355224734,0.8390811886969445,0.6774457297143646,0.23150390646734031,0.6421113877694924,0.9393518707758381,0.6749371035267189,-0.03549002196737361,0.07470198252213178,0.6624859965754385,3
0.10484919479271562,0.08316017025098196,0.3829940575930332,0.6933221743156274,0.10790782537058131,0.3509775141165354,0.5784998511115238,0.8776405181590675,0.44963181844038946,0.44511037491703204,0
0.450339949397474,0.5599136391307472,0.18655914504700147,0.5345800914927513,0.4445337375445694,0.6360698487693475,1.0227418136250026,0.9031723050706107,0.516807237393635,0.2538488922377233,3
0.7795056921478992,0.6513428332690482,0.7976245271838838,0.07151263141893043,0.02940862607003622,0.16482847113536514,0.31410821482820867,0.8210622585584391,1.02206717521565,0.8298201399789658,1
0.41625926087514703,0.23766097883853649,0.5008366137176512,0.24948688891871518,0.29345286660958936,0.609355648781579,0.47204936417599114,0.8292627182806721,0.4669745384667616,0.6056648323376397,2
0.8032368681632573,0.4882614597408437,0.7117559896803412,0.49531958552311883,0.6496593154313122,0.06226704398740323,0.646688239763839,0.4430344716923558,0.08434831272214054,0.0509363107299858,2
0.11589505788717919,0.7901656699091906,0.4213857538817381,0.24020345935547327,0.956384376812629,-0.08290008128375703,0.5320298727875008,0.8278627823820186,0.8645209488359843,0.1742582190966907,0
0.434382550715929,0.23979864828879932,-0.11063121227294631,0.08383942567333227,0.6825066561266979,0.10128750497611295,0.08978672287390435,1.0082196666145509,0.17136772450761983,0.32611028817488485,0
0.374745694825389,0.08520140204682052,0.5832197764933446,0.14107289244806134,0.15154234712659062,0.7045215538721774,0.31230901049811494,0.26763392098639766,0.8865854084204995,0.22463561807680715,3
0.7591853756267489,0.671852054728096,0.6195493061210293,0.9094987644651465,1.1151065871938914,0.2944091925375071,0.28880017686633197,1.075355698269123,0.6476261470088278,1.2699040003443263,3
0.9537917666898664,0.04262140052198529,-0.028439057544267655,0.6942905287702142,0.9707991424426169,0.04407367876169188,0.5675658602743433,0.7177786912099181,0.7715052500631521,0.8117839625456513,1
0.5542360440603706,0.4148179277811475,0.15742032119478033,0.7612702788249159,0.44946940271050073,1.1167450582653806,0.18402422992539108,0.446611092503563,0.25110124766934916,0.2437640810024405,0
0.9200891803855258,0.7293328667829337,0.5255700364893869,0.4442715864699047,0.2415347945115202,0.2835112580633661,0.2296733683560908,0.16205130456707123,0.39648533682374487,0.8959316989449547,1
0.1864336707015733,0.2498875748148861,0.537365011902512,0.3259944822957903,0.1582922331254292,0.5082668255274445,0.8239521147320896,0.5339609774881517,0.21191094542852365,0.5274755420331092,3
0.14105326874676943,0.05255797723116414,0.3023965939298365,0.7684116420159864,0.10084763826695697,0.4274708608082253,0.5332107561928632,0.9171773342933024,0.3835086601110987,0.46801496267937254,0
0.589664946301487,-0.017374521687929273,0.3146122840006098,0.1248072359027041,0.5409847484738046,0.3880797980724543,0.48891741079880247,0.6203306374793826,0.13083766536303892,0.7721777492867855,2
0.5509575751733728,0.4084111740923023,1.000875773191981,-0.15531542333647666,0.20063419176071928,0.19757836009185886,0.3993371206457436,0.641093799220722,0.9719865684734936,0.733923550525559,1
0.45819270897684156,0.4383980409637002,0.10723659814222475,0.5680858634127923,0.31055342615328535,0.10412916580976571,0.06674003861962972,0.8056373632926966,0.11171876390479829,0.6399638971547162,2
0.7941956389236257,0.47767630218773416,0.7281000655990274,0.5134535029619712,0.6245079302371053,0.07551415234325173,0.6723737744643349,0.4376679697540381,0.0782941206559818,0.05946578995922865,2
0.2213200927979412,0.5439067250761334,0.4695397032188793,0.2606434556859756,1.013547544391172,0.577623784410037,1.286793337854053,1.050552391871772,0.6164933164719899,1.4443672818633888,1
0.8874962594478699,0.40036815387943203,0.4012595057536009,0.6675251813104098,0.06493106569440138,0.36450626024271376,0.22982872692473208,0.518544323824556,0.3602714002500854,0.4806903926598549,3
0.6220268128450449,0.8997570078463063,0.23861685294200577,0.6522554174402431,0.9984438567976965,0.5505263848660749,0.8307673807266768,0.1738774271278941,0.7696525204209539,0.9408563435683643,1
0.3312349167219711,0.928400068633723,0.9011625405362865,0.6187166360192257,0.7793091910750293,0.23570365078778818,0.8599482260396764,0.9122546683761318,0.5533066764174019,0.08631161288451736,2
0.23305289733220588,0.9253840522529012,0.6261740715012769,0.46882890188574966,0.6622574204281293,0.5000487549891466,0.6765657052298764,0.46602220471806427,0.23741165577090112,0.3231228001601416,3
0.03426562136849241,0.886472429871149,0.6971462875129346,0.7813155250469049,0.44220399507695607,0.6934763432414351,0.30603829069351307,0.6038102734399103,0.5937152920825337,0.07675979302615238,1
0.503055427303347,0.5046350043658403,0.20167926428305233,0.2968033922047262,0.3966414758474017,0.5949121926044689,0.5352810967592057,0.2537929251101572,0.7833800252839515,0.9015409717479084,1
0.28532323912530455,0.31289439761539045,0.24271575597212453,0.2395474481235852,0.5278541429345496,0.974923510914186,0.9723519448636619,0.4903857663055061,0.6267393339542883,-0.12893803371575224,3
0.3138134956494245,0.42580249725043967,0.4576575634556982,0.26926371734004156,0.5854242367121133,0.7031413153909798,0.8130406506718442,0.23810973141576466,0.4103004843698073,0.48949717818696165,2
0.9824619718293927,0.9878451005595981,0.6494174416651965,-0.45785074058533626,-0.013018928289054349,0.24997699651619676,0.5138851552443596,0.3367192975534421,1.3729572182835006,0.8815043330545509,1
-0.23676823097911098,1.0545383099714936,0.8440062902477327,0.11513583771061323,0.7520039494434699,0.6446037190882283,0.40228196071398215,0.34629643638752583,0.7415108918663983,0.7830917945212796,1
-0.07855570463696383,0.7086466168985159,1.0944606954713683,0.982771259718538,-0.06449537211584255,0.37549264379142966,1.3196338650320456,0.6094794007132807,0.6019330598881752,-0.25577410065457584,0
0.4528969156642309,0.222892601374677,0.24311068763192606,0.10649060253886443,0.345176798695091,0.7600311948535022,1.029511881372314,0.1737829155663493,0.418128960837839,0.11360862424538895,3
0.48989401885068157,0.8615610667079052,0.7400702946276357,0.8636550246648351,0.7673760573544842,0.48206021999044235,0.12162158921530866,0.987034512841989,0.9377031892378267,0.8474984136466018,3
0.2510969532141231,-0.014654451510930755,0.34296721046575823,0.7168928767911475,1.1704939459230448,0.6444610276546779,0.24293972245427115,0.4625876694541573,0.36213184074903026,0.3482836764908279,3
-0.018564756989235986,0.6684470815090181,0.8093407980886229,-0.027767058711170634,0.4076179667134977,-0.1729266458091285,0.822730019086361,0.23515856230940813,1.1452160797176743,0.10807040040714141,3
0.9677612504863082,0.03408850552259921,0.06544647289716374,0.6869185169346069,0.9290783967664795,0.18597376465294405,0.6262776842829135,0.6587477402567699,0.7043883996556759,0.7230381323692228,1
0.4526980984197376,0.16474931684926095,0.28247328389060694,0.06733111162099953,0.3075206273988357,0.9504010970019531,1.0136841443772027,0.16862979319825366,0.4759570008936841,0.050683533701550584,3
0.14647153239955954,1.0118517582302011,1.1064560382167168,1.0085749298045543,-0.08873567288416268,0.2565869643970228,0.8177287685553595,0.5029546071004495,0.8258417262774652,-0.1518585941267043,0
0.934582227737909,0.7868878287995322,1.331372365427321,-0.19263492371573815,-0.019950597736071968,-0.08640461989140358,0.6590746333910457,0.7983270209879794,0.572097834542135,0.581741823301575,1
0.36095257965146954,1.6576882721413466,2.418572610577983,0.8515353290274904,1.3277893246176014,0.42874929517307536,0.9291919716193974,-0.8928556912591817,0.4084052367032379,0.2776120316418009,3
0.12212420724292795,0.16675404576515493,0.257486708689327,0.014016569400207152,0.059030864527637006,0.8524782596652769,0.23649720730205143,0.23676912954593138,0.5519761085617277,0.7968074098402,1
0.018183565817596628,0.6651101105950095,0.4274820966862763,1.015661702953677,0.7750889915781777,0.07224034709306208,0.9365550302582865,0.9467944678698186,0.7188456848606967,0.9817342503131128,1
0.10579471830787876,0.6758948436796463,0.937737665989033,0.6079096695731343,0.7114265192459772,0.6442350493900277,0.4270090200223759,0.4357715660601831,0.3486254987349655,0.4966338228986099,1
1.206194705223578,0.3327477139760219,0.28151338880303906,1.1162889754216696,0.06014681612454925,0.30709392613925623,0.24394512796974355,0.6289315501111579,0.8105126161517003,0.009190389423113163,3
0.8335478326059066,0.6380765170822644,0.18682184823546202,0.14236833016277423,0.03781574373455007,0.5401780498929835,0.3470227263076032,0.7008913201928477,0.3945549771941448,0.34537887435380077,0
0.59772832359439,0.3733285403312693,-0.062488470919473266,0.31712260287342564,0.4948797732854481,0.0950561913669292,0.019473716891329637,0.64236293268664,-0.015037868849947109,0.3991839215655676,2
0.8186960362771439,0.4944501568953313,0.7068361520141467,0.4899442568575598,0.6347725706159364,0.04410010736372294,0.6739509640242336,0.4105913004972739,0.05830930950714265,0.034632290670375016,2
0.2999107354300846,0.6508494283638033,0.34623721267068674,0.47110930342616475,0.4944080611463981,0.526731721672056,0.9255020263927094,0.9092573992352573,0.29426786981724706,0.12018660255762248,3
-0.14633358904568072,0.2930573029903003,1.1104669885371117,0.31148212241199136,0.6377686342478949,0.02405915342947063,0.9790899521877071,0.5485919578775663,1.2155617532366145,0.8269013402882577,3
0.032106697429385364,0.9737686056471034,0.6956889625134676,0.283285652335442,0.9015655352263074,0.43324922647348374,0.5585020921181378,0.5832421730578957,0.6334531685568902,0.6889093402748552,1
0.4360068471342558,0.5583330321957969,0.17056313582023033,0.6231917696773541,0.47744191906282424,0.7040865770391017,1.0028258783316264,0.8934987910347606,0.3890505151194624,0.1666994925097004,3
0.2504621447259548,0.36989675533630484,0.284220819093768,0.0013972201387030519,0.7490728958505962,0.8599402626382437,0.681799385723403,0.05779800391550845,0.6728475317225769,0.3645301046782953,3
0.9224223487214236,0.6912050571541796,0.6330940502019263,0.20718875803470968,0.4629852839522821,0.4312422229852691,0.5764183038664752,0.9388917011642915,0.5795919238271288,0.7662943227510148,3
0.7498637674423488,1.4076853753458758,0.2944144278071366,1.5455908008704262,1.6472195738194466,0.0836761314599015,1.5334046421698284,0.6792907386289502,1.2580348686519207,0.9372307043474748,1
0.15965505880605882,0.5797629737393037,0.9163253171825407,0.6939886466134519,0.6853082766065025,0.7496228660107561,0.3953486445149186,0.37693117485973093,0.2816329094946088,0.39797034493771194,1
0.33228806485335655,0.43198851704646674,0.49418898981815484,0.27386567185359034,0.609450345411736,0.7029326058405851,0.7996094871364554,0.28844697673498454,0.4430669753018335,0.4359981893284889,2
0.61080349400609,0.7537651427821871,0.8053204901470763,0.2565850754873122,0.8940755234488955,0.9343176599877814,0.002916794178762866,0.4497975569931699,0.6024720312828858,0.5603060610216886,2
0.5264963460597969,0.839760839447127,0.7099002663678116,0.8785609518584555,0.8934075477343482,0.45234271219827876,0.14663776794170993,0.9879641905163271,1.0379671024193373,0.8153599749359683,3
1.019547185632758,0.8257221075053842,0.64391999745773,0.33510209767092297,0.47618771505522883,0.4517865299105367,0.5102341400104776,1.0651865266809237,0.6101870368801579,0.8434622039249112,3
0.1366235956061483,0.8165626926579935,0.5391870734041904,0.395971555849201,1.060277997011877,0.4413121533939751,0.6231942452108576,0.6101767620659414,0.6818406239309238,0.875154885581355,1
0.5877884624805547,0.9714684121680676,0.2974454940134984,0.5792041488444225,0.9602465388736183,0.5152441011674308,0.9795357226985462,0.1261194593011626,0.8722129854093946,0.8013893651165727,1
0.2536717550724453,0.860894295852595,0.37522994335296506,0.7954380672000353,0.18705191492851891,0.3948955961918239,0.5691908468035143,0.14920725140905403,-0.015799327001859292,0.22501123247482063,1
0.711888958162716,0.8284669806951623,0.6129942526851754,0.2555155450277975,0.9138250567137364,1.0152967940951725,0.08306934633247354,0.48692728788875533,0.7229499528201537,0.47041265720623593,2
0.871479357623445,0.4630158525410773,0.0077520525593901355,1.050830625203824,-0.01729131950275499,0.23366624146724296,0.0998529318115118,0.8939178567509932,0.6809536578867006,-0.059810849362452845,3
0.32828518322202,0.41155683548771593,0.4601851606020546,0.25661606552479677,0.5693005544138064,0.7091274321967345,0.8112226345203245,0.2341349343903363,0.42215169571994415,0.4799069282301765,2
0.20989195592921672,0.49200000351007944,0.48352905404046553,0.31453625855931727,-0.2805072128170443,0.8798026307573245,-0.3533414422497331,0.9809454396849648,0.5977521529074299,0.48216988195067134,3
0.43457215363186197,0.3943413758369273,0.07843469894098452,0.5349634336168976,0.35592728272011176,0.10055402030789978,0.08307358387088068,0.7909571024729115,0.09146173702936145,0.6061109041074895,2
-0.039174485286557176,0.9138673017289628,0.6801254963004237,0.3540038938288942,0.8850216318602896,0.3977797149984392,0.6951824183885379,0.6651100953417854,0.6918164370828698,0.6243698656559837,1
0.2549149085849634,0.25099439499650805,0.4104568599005858,0.16419212777397368,0.4803025424649866,1.0549634563466341,0.3605752897291143,0.0060519291870421155,0.622627678517545,0.30697343800779253,3
0.04892548327895013,0.6531960209412733,0.9690961490732081,0.5740147593860074,0.6924742742542112,0.6492600044215177,0.45391304819311407,0.4925015093396103,0.32366004261562603,0.5683045155263096,1
0.16211222078732623,0.3719079211948005,0.09829670979473981,0.14832232851761,0.4627961143895301,-0.03474903267722801,0.10126371496641681,0.3464868581821613,0.8947660491709574,0.2122374454676113,2
0.49943991920938446,-0.024410882534584316,0.7921327606993436,0.4345328175924048,0.24533172369528047,0.624927002021753,0.04793717159511107,0.4992287686968291,0.3136598310669904,0.6143358868748053,2
0.4096210306714879,0.8600174862203025,0.4289691590314383,0.8092524666831391,0.04072536550368289,0.2542146679157121,0.6371551487239334,0.27517795092779646,0.18681916646798058,0.2267456992750673,1
0.5904514792539322,0.12798338916330373,0.25531181599045527,0.4018016737687408,0.5840082632679535,0.2461497312950144,0.19297158569680878,0.671790868023199,0.34181768875762125,0.4576477176052871,2
0.9212294651718858,0.6402764661528451,0.28011573940058687,0.8187624396256672,0.6171070167952976,0.7721683139987856,0.5666110186735535,0.8678907637277884,0.04559333350394658,0.05699728982026732,2
0.20872340500380143,0.3044771726544751,0.48080924508935163,0.29380990439007065,0.5086008663861351,0.7207308543192541,0.8287317510165638,0.1910537978626342,0.38282420123430827,0.4777793711357404,2
0.5768592950623916,0.9110100871531017,-0.23691052127623835,0.5107624607114851,0.909447567762304,0.5946553903557878,0.3331592158760894,-0.2289716411046071,0.006823612871002638,1.120749958243647,0
0.01728385137510076,0.48624933137913395,0.08473660147315516,0.18611371371461433,0.3214040063705982,0.2037667154567845,0.006933786254527979,0.4428730097166677,0.8547446730345529,0.17162107875857358,2
0.4057092562963213,0.5840439005185164,0.7621479332134113,0.24830864979112685,0.6665130638649236,1.0450678563699278,0.8663423395353997,-0.14225266534458406,0.6587262514337393,0.8305626472966862,3
0.8213229082579057,0.26730860367552983,0.2821137920004687,0.6933629832068393,0.4903652196652442,0.2977274878239199,0.8944446593707878,0.5662003797943129,0.8559080653485606,0.09094702648644193,2
0.9421601454450481,0.4757676890152124,0.02081861218657742,0.990943566850263,0.040940056235304736,0.13459776540575102,0.017355768150456745,0.8851229775104464,0.7870011864706902,0.043885860058362036,3
0.0372807281470767,0.9287866809280361,0.6989049958870434,0.28637839825198447,0.9851338739407812,0.39616937300206423,0.6015784100538331,0.6193277558404712,0.7030574246873894,0.7180373000544553,1
0.40056407158134316,0.4732576754763318,0.2689044789447397,0.5732576475905254,0.39734227053050997,0.9792251991693697,0.022107603175553978,0.4933022394732009,0.4581697718964882,0.06055989433046688,0
0.5122617389001692,0.8886484247758314,0.8092532224535393,0.7939094206994407,0.7214563924571012,0.36109452163611105,0.27884276970096145,0.9663177625427599,1.0464218269951804,0.8839054624249176,3
-0.035212630319334776,0.22732570707575322,0.12707426915921596,0.1845007412794583,0.3450845753773558,0.9038302056693873,0.35027552091461245,0.29642408841524304,0.6018847130181868,0.43918266907345965,1
0.3253203847270856,0.43200504544160445,0.4721817670475899,0.27361558127454827,0.5839179693266061,0.7032623142836291,0.7960535383162473,0.2514344019345844,0.4208927011864064,0.48902335470248526,2
0.5724313543433,-0.12639411918718768,0.4184008142990616,0.17201278789005237,0.017516215037747404,0.44312515061004515,0.05009666217634881,0.31871931112472296,0.43296910775373426,0.8342416499245134,3
0.24472159930616083,0.9797533199743295,0.6875079992557211,0.467320274781673,0.7781953168230427,0.5962260625916592,0.6084881579146744,0.47763049591977635,0.1889025863755512,0.348460863974645,3
0.3798839811856595,0.08136471220382224,0.6163585916220784,0.19520364726320164,0.22423802541052243,0.5779728661152299,0.3986890350315444,0.16969805228182844,0.9446612101290539,0.17693705554171274,3
0.28301205361784004,0.22117497553239823,0.8370512766735926,0.5751937644253841,1.0498516526003012,-0.04604436043234987,1.0014259277160122,0.537687126015408,0.3991342607087955,1.1047840376424387,1
0.804430978115011,0.7746988681189826,1.2683373765412407,1.087326060690333,-0.02291047356626391,0.5283194915918388,1.0318858979447751,0.6323564535596963,-0.0943578969718118,0.9311066320999754,1
0.7732674250226039,0.7830202201281046,1.470527565424123,0.11938574455057835,1.1409750427685634,-0.07033950159010183,1.1330692393982917,0.2712755380449956,0.08429768376967765,0.8754755375631876,3
-0.209295845102706,-0.021831574653962793,-0.010045648762306014,0.5688389835743385,0.36186802808933255,0.984741906118081,0.992712845158799,0.11808360978963711,0.33162203583940975,0.20209142691248966,3
0.5539427797241798,0.34797557685169195,0.9191940187981509,0.4390019387599191,-0.016129137644359748,0.7441812838078862,0.7081829367396575,0.747574079289983,0.3418991806410032,0.7424994992226416,3
0.42434353355491855,0.43110334008611706,0.10336280531725829,0.5453441667630237,0.3203209503250999,0.08100238717431545,0.08573521885956947,0.7856724785716569,0.07405254119153394,0.626241386354842,2
0.13004782878814145,0.689140354807592,0.8796375302304097,0.6145779066082003,0.7845130488592179,0.6216000803690409,0.44292509167147587,0.4345865726231659,0.2730475739474025,0.44593218641571186,1
0.8435720727806215,0.683622295284649,0.185989711930606,0.9888446513726389,0.6489646891259749,0.6426186517990408,0.4320623176679024,0.8785125590248066,0.12165140947557196,0.13866856287294455,2
-0.06385714523156835,0.930005685958951,0.657657682530707,0.8497394173717561,0.8988523215466759,0.5863999228526173,0.6141067733663526,0.7496446526827585,0.5948570616921156,0.608261905581772,1
0.5366375149796815,0.7273671869087036,0.17180271277415587,0.3462218717392638,0.027306791206937946,0.9204282683256226,0.501538373929824,0.44239317893757496,0.16188713783666833,0.9396175614320508,1
0.7873516209457072,0.6237073786391532,1.0826489023660864,0.591707892812006,1.174828758883936,0.32703228540198154,0.41684664568089425,0.8012650544596532,0.7597006692084043,0.7209627925807521,3
-0.49761646270336923,1.2667753412987124,1.0730414341209138,0.4787682509775007,-0.36016164118874217,-0.004872787243601406,1.3793894734548227,0.9469701939729773,0.6216969210428587,-0.2902030716157498,0
0.26454402070045147,0.870330182522634,0.4677513051514748,0.6823554355038003,0.041456086154347885,0.3309312209568164,0.5058489296719613,0.1660910667191627,0.12678780717429988,0.32328457772674934,1
0.936161638186399,0.7874297312246055,0.5062845201629151,0.5383292873867853,0.20672492239776624,0.24191966427326192,0.24471390380308664,0.1615212564715644,0.3285577363439792,0.8430822699509672,1
0.9802045625999535,0.509971381321017,0.03688416686726323,0.9663995862875132,0.01427211045120115,0.08207838364770131,-0.015415538394950336,0.8760742184774449,0.7798125554080909,0.09288106826978627,3
0.4864243819308324,1.0802101225159029,0.8109913252454586,0.8080981661225454,0.5832582644639358,0.4646206212746605,0.741283959452863,0.1982686981886828,0.5252375159928498,0.7626464374262997,1
0.19383679933975986,0.4044807607347232,0.3347022472536991,0.0648790554510406,0.7454446904557719,0.9361155011281033,0.6682191593317256,0.0979653454068341,0.7453201333238269,0.4112424254441895,3
0.2511128402469742,0.6710108643962577,0.7977377930542158,0.245848932388018,0.7202767881816279,-0.12547922194505867,0.7668506418652759,0.5985555058951249,0.8176125275933055,0.26274928739124465,3
0.48667378188846144,0.19886380944544252,0.31059499560636566,0.17900874073145723,0.31719829101112407,0.8766621451697504,0.9179656127267549,0.21059709003480587,0.42762876551467455,-0.004894668214989878,3
0.4367014382416406,0.14630102568201364,0.2896439736800424,0.01972984883737708,0.5789592995296925,0.6516338136000455,1.1496163451945054,0.3658425502032767,0.5127387324713404,-0.145063627420023,3
0.8576105448439743,0.6858526916866978,0.6605534322765666,0.44660263017117174,0.30807307319956684,0.21618799880386488,0.1729793532868148,0.22244259151096316,0.4785613383925094,0.9905401949466535,1
0.38441315102975065,0.5688571346375952,0.0852830347802464,0.4414374289442101,0.5231552440176607,1.4025707481500187,0.6305075422204923,-0.30626426008249513,0.5797074678400314,0.49755219848700954,3
0.2333498632427809,0.47609575761981077,0.9857783164385194,0.2011055208386573,0.19459037189837688,0.05003694214116367,0.9543633151720958,0.2342059458063557,0.9743774930052536,0.23704638890242258,3
0.3298635638685323,0.8108901342368262,0.41663050259024687,0.7671972567433982,0.059614967933697534,0.30297311820915923,0.562051210978828,0.27294020258409335,0.24329558414310876,0.1992189771742932,1
0.22375504301654306,0.34737891262279863,0.17917488170821694,0.5878323628586772,0.2797248086749949,0.13349582161758378,-0.16263049163340612,0.5847972360477768,-0.033897203734561676,0.6318573980835199,2
-0.18962571156214714,0.8956542143184998,1.030100278149304,0.9663875532903592,0.9656111605915491,0.592545035898668,0.2820209386094354,0.8039666670025405,0.5803134729398896,0.3946781396616256,1
0.2180920514737634,0.5991149433457171,0.4114827799956674,0.03391684132301345,0.8066681420791759,0.9084251172983605,0.7320761612977822,0.0859345291525476,0.3864868738974385,0.5467404477731664,3
1.0277195543961812,0.3505022978526774,-0.1182895365484597,0.9380800540574832,-0.033320224596110296,0.05962705172745117,0.03906173780628554,1.0068833306495315,0.744867051478589,0.009341801149589136,3
0.6529329943903801,0.6794560448795979,0.8642147554201332,-0.04906723716037725,0.053108312421956544,0.09064867188706721,0.3947185184817472,1.0507174227806406,0.9424952728730345,0.7508115564846628,1
-0.15855865324530832,0.5676058553274024,0.11739261504391793,-0.008428805781225943,0.8588365581212001,0.07654729130036438,0.3732441076959654,0.5396600958022613,1.0277498199457331,0.416349971235419,2
0.05033472485927275,1.0926567724659022,0.6487344730793649,0.3935223026111638,1.0644756550213579,0.45927548921411837,0.5132816979609259,0.5538329244024267,0.5951120225203251,0.622809942070222,1
0.14208171264475114,0.6935013798919938,0.9786657463921791,0.56355999694284,0.7115450436437563,0.5871055262094449,0.40753032488046703,0.4306053130715849,0.3678723553016631,0.5260831629711946,1
0.7678962717112522,0.47221904531776837,0.7422314425272317,0.5417834785444373,0.6276917525820822,0.09043663567002097,0.685913605141414,0.452520817513131,0.09947055659947052,0.07371474013392926,2
0.7644276863688609,0.3250764134779199,0.371933640081813,0.36634953138741944,-0.13011654952372342,0.3221740189751605,0.35393234189684974,0.4452337702625209,0.5016410129403507,0.44734115276851977,3
0.3431398541235025,0.9238524851423889,0.8415748591382954,0.5848619191811395,0.8494303026043603,0.8158492930868922,0.755130084193114,0.41908403924032706,0.12771170997377557,0.1797048192384121,3
0.6297953996213888,0.9685062233110322,0.3631504064016721,0.18528863108710486,0.44206520734465526,0.6232121036305474,0.5358029387241485,0.8386435618422629,0.378380588193746,0.6399899566640863,3
0.34384839909116016,0.2710840798016891,0.20455226644957036,0.03750298387016153,0.6372476247999994,0.7725363809996203,0.5091830881772064,0.010243773336836043,0.5259329226939361,0.5492319132404644,3
0.3121753392312106,0.8222528072601167,0.5949795335343917,-0.24427177488002194,0.6774992649725492,0.8057083598902254,1.0887545879679268,0.5729118087297953,0.5143745760432,0.6984162540386795,3
0.6295961435964601,0.7297259477636947,0.21947891665797123,0.6752191724046527,0.2561969066036857,0.9083878490317397,0.11154605489464263,0.39288462319593914,0.03908051746232019,0.2439191365107799,0
0.49871429751320917,0.5342272406386417,-0.19427814961176565,1.0897336891741896,0.05852421736025079,1.144450015296067,-0.06503697709031409,0.6207685641230312,-0.051715647791317085,0.15738422983356146,0
0.43063890482926026,0.41295414124109325,0.11117640749971555,0.535466516893217,0.34103690579029367,0.09972894819035416,0.06119781362903478,0.7770251187528888,0.09035740326714611,0.6088936236270939,2
0.09105683181925436,0.6714943060736811,0.9335070142213329,0.6128401111568016,0.7215689889593425,0.639093578735878,0.4144668084652229,0.441752542610356,0.34023469933100303,0.49577563565931587,1
0.2769153649758015,0.7202856353294147,1.2335621996233814,0.2935432844350062,0.6882476570567088,0.6201390863662868,0.49656032876521927,0.4337390272074288,0.5480546708901626,0.3137623172112569,1
0.38344588478880576,0.34766827758413216,0.8521637771126404,0.4149605400118363,0.6451171712826076,0.13402493168676127,0.9205037218214804,0.6875171724097733,0.6016548162824669,0.1527572572355366,3
0.053484291643333806,0.9149415179318621,0.8427312862512666,0.7947829254344178,0.18990246196798566,0.2663733848745882,0.9951482476291336,0.5292225225247167,0.6904643158136832,0.04733584765314038,0
0.1625652472809268,0.27444784850663073,0.0768211929067354,-0.03382692885867032,0.4321436262686987,0.12633625662857664,0.15051570460759808,0.33034532129830574,0.9952869642319442,0.23755006212912472,2
1.065755636987455,0.6574323912543517,0.543215549387079,0.2963535084777924,0.2749888715172392,0.284453864115649,0.1901459507283685,0.2476429488481479,0.47757425067510595,1.0157812891469113,1
0.1193844079024699,0.11067402238895754,0.3652820146271041,0.7081538253296712,0.0733291058045048,0.3723527794137375,0.5483552083156009,0.8498060778488008,0.43581776104616454,0.43284695263554446,0
0.9458875893469771,0.1846583678444026,0.09301231443915592,0.31398196209424784,1.2884071214432098,0.5419892465677965,0.7639108709889065,0.4191524584936142,0.3324772489159294,0.8722515604819969,3
0.2138047005185972,0.7211552251142873,1.1158251196508107,0.4288619696443933,0.6488898191096362,0.6075259288430759,0.3270058473070818,0.2567364534091655,0.28232680086582146,0.5578564402469647,1
0.8437491192566509,0.8092348267144548,0.5834114877115618,0.41314952028104596,0.9669525635674897,1.0444015942894886,0.15717512561902985,0.4057922313179047,0.5652401221223489,0.5073185697463574,2
0.31719720183685834,0.43587243088439603,0.4589255985162348,0.28096520491156496,0.5676755674036447,0.6924076454233387,0.8301859703834046,0.25277230450126,0.4162618645924889,0.48989328200395965,2
1.0074694198566692,-0.1380102246859166,0.15764076738162372,0.5558791329232557,1.158040652558019,0.21474452137833921,0.6569974984516236,0.482359262255436,0.45347440865100647,0.5938163341845207,1
0.055372277414760966,0.7754613042017079,0.8455973844973522,0.21987231341552377,0.9883431138821783,0.5300270444921577,0.687055629635675,0.4603084917872133,0.7171944833509749,0.5085842546684837,2
0.6224501232564738,0.24592855210956127,0.607646731561294,0.04376715955222358,0.927117863706857,0.7494417419165246,0.6104360574277315,0.8728386263800182,0.033997788723182196,0.559117585829848,3
-0.37673194837696283,0.537962212851018,0.623414206231786,1.2113492839602134,0.25194478919187807,0.4349257166156473,0.8854160661214732,0.8524564411376485,0.6047971789336387,0.4275516382724647,0
0.12185458493886628,-0.046170864649258125,0.33137998054651996,0.70277806864867,0.8510465955052438,0.4624940471868666,0.40566169128222096,-0.04481268493923796,0.43864849480987966,0.24145497642736571,3
0.5493138581578292,0.7325634707112617,0.2260271876097109,0.6605640606176841,0.16528031908559052,0.9245112887703866,0.04530664886056743,0.23344850928496955,0.1426874273157024,0.3828534635883929,0
0.9435735128048593,0.430948487178237,0.07270029993948941,1.0351695078219612,0.009703352184114278,0.1472871278121828,0.06280011226185504,0.8758047428079875,0.8059129104402624,-0.008190849011564347,3
0.0039114442646837055,0.6524763659664214,-0.10444905092319787,0.7250394686219811,0.42331278504028336,0.7785037486489615,0.6870562376344839,0.8459755101362215,0.49049042606691823,0.16545578652659712,0
0.4390108087783555,0.17928105420032686,0.3443680955248101,0.09769495740577047,0.36848024082021136,0.8437171429208533,0.9876717196956567,0.19443429357829228,0.4215512357771772,-0.02241170138369382,3
0.3973033285117509,0.6481047743545079,0.8627365148629278,0.20772848792602655,-0.2868505336131968,0.9244414505005041,0.766105215169646,1.4291683030546571,0.9139652018499416,0.43900478386843855,2
0.7524819010301019,0.6021991160949994,0.5058746794129768,0.4123421193527923,-0.2987587219231342,0.25898451006141543,-0.11476428685946721,0.7807895811677119,0.2627857640647286,0.2572966766073219,3
0.3156633659043626,0.9203672793743445,0.6974028325482725,0.8155058629487104,0.4075762036075145,0.26441357288214107,0.8687367200725983,0.09486846532459428,0.3711034005269972,0.7362849880220902,1
0.3548435388282866,0.5318908818869437,0.34055913314938285,0.5254440654831137,0.4290215936285894,0.9483925635487581,0.06345150736589125,0.4504810261748166,0.3683832753719324,0.11429304276053673,0
0.3373542139747607,0.8769285947937577,0.6934498978529874,0.7806998771361715,0.424598510997535,0.2868821598098276,0.8701675918388974,0.11959965325908775,0.418645020620134,0.7477890502692329,1
0.3279905076811087,0.7058475215771071,0.34168067517028194,1.5567420743031344,0.7646212432698851,0.7601174073160692,1.157151388378473,0.3355961362794867,0.8077298023525606,0.015331818018841536,1
0.058503521073173845,0.7737342417984256,0.8512691907269906,0.21783898086169728,0.9829382209481203,0.5261247976642264,0.6819506307827193,0.4600378208830276,0.7109460904239426,0.5119160076753203,2
0.6610283171234211,0.584964994057739,0.7291028073883977,0.6771322869817338,0.44743849857414353,0.9307418732713225,0.6799867009849463,0.3506125545858156,0.039909795047706725,0.40267540172681476,2
-0.013828162783823053,0.5871733720436308,0.9260949097996636,0.742415039150417,0.8237849261038651,0.6089409258468755,0.37892547949820155,0.42756755421923887,0.4623739884299073,0.4418169207875177,1
0.1834725940585786,0.7533687833649254,0.9804444548507184,0.4653304134843043,0.7601127720865362,0.43710946319905397,0.9581301848602936,1.1529198031920926,0.5284054545188042,0.21467522674667922,2
0.7947741082287355,0.8092639539403245,0.6814748692530741,0.31343600490386925,0.9221712997372838,0.9850176408155575,0.1767444931216019,0.44486113329499183,0.7367546479271693,0.44241411911436535,2
-0.07524286787967105,0.17917178303053488,0.3645086081680431,0.588301070478796,0.7940115782561106,0.15744085536311897,0.7218517725382088,0.5288596659234865,0.14505788587182966,0.015196181519981256,1
-0.016442187487386628,0.8342060039475977,0.6454490383033423,0.1597991050334392,1.0282572786494923,0.15349532181748934,0.6468626722745867,0.6912027876411423,0.5346620476734045,0.9031413570204185,1
0.04682896601684849,0.339503684942802,0.9822660729519537,0.9336717450814644,0.8106405678805451,0.7989327904515021,0.7330308277792815,0.2742939601537563,0.2071556913940333,0.5963018861863868,1
0.9978425026565496,0.6186810793703764,0.200196254709058,0.9263432671045675,0.5981693737923053,0.662586498908287,0.49759442016156535,0.9591670817805181,0.0207299062812797,0.04042445663279049,2
0.24831594117572844,0.9230918261867729,0.6509839283137373,0.4579463309906627,0.7490325414568092,0.6307550589182362,0.6407347896564701,0.4940593495229986,0.15022532774884104,0.3168893027551438,3
0.230620885523566,0.3566104382281644,0.2540711100486905,0.05013588787010673,0.5904489268241506,1.24904035620857,0.49525446214055424,0.44468261024458455,0.4786675553892724,0.2927625899004062,3
0.6830785329295965,0.8135468608352714,0.874609026575123,0.7969194394703178,0.9049312740147488,0.4300993571791177,0.23545125272118012,1.0027427677005023,1.0719852715926004,0.7537912015431131,3
0.47692975340398563,0.1705763082012422,0.6352141373558633,0.2908539684549021,0.32944629704941253,0.4538061799704334,0.4618542196616393,0.7989375560135067,0.27939176985911723,0.6133127543994702,2
0.06319198706587419,0.9642083761345355,0.6829178236132589,0.30634572392687454,0.9338409972416017,0.391670661667804,0.5917364501048379,0.5835243686477624,0.6781457299660084,0.7146418456004135,1
0.49210810699513746,0.4482267654190813,0.14557857644854386,0.5287882969385416,0.2688867872980256,0.10273898916469348,0.11924020472646227,0.7548309814128946,0.08605562351902099,0.6758001852423478,2
-0.03410860533170208,0.9765120300784942,0.5977297936710703,0.29744280455756733,0.9442756020812411,0.36718047230347756,0.5239200969961739,0.6647424931784364,0.6208376338001191,0.7430983391179169,1
0.5435786963793113,0.08976915826264611,0.48135317141743506,0.37607605202802785,0.44226507280029476,0.5426680218179639,0.4464377648552284,0.8324643385467647,0.35497092457453727,0.6035732927276501,2
0.05504034955620127,0.7753874424700679,0.843752214672092,0.22503245317872866,0.9815172784044751,0.5288525581302768,0.6820510836644624,0.4603121287185221,0.714295161005916,0.5034311874933229,2
1.1783273515507695,0.21137684617702324,0.17880609626270083,0.24720282278404232,0.26625735337653533,1.1668907521937306,-0.7251429371980352,0.05782536432060581,1.2805207470712525,1.1977810614909408,3
1.122635035695299,1.0391448444323124,0.18203252994444774,1.430793017490669,0.5033193181142899,0.42111996432856647,0.0885115113259407,1.2589220442011877,-0.23435236990049288,0.1163576460524822,2
0.11099506694490666,0.9408527506156212,0.7091044778989113,0.3677271760018844,0.9476223912772168,0.4295970970967989,0.6388134087517838,0.5243996697948888,0.7210990365490083,0.7858414240841985,1
0.061843493325206,0.7745784219525587,0.8450752332362893,0.2137256137870152,0.9847259678718703,0.5299540666128135,0.6906451243197794,0.4615499078392887,0.7186060863422759,0.5097032310618116,2
0.10828407079672643,0.25055365635840865,0.3928929950814871,0.8466021703791571,1.166386892366485,0.21859874187120465,0.32768126990894236,0.22023938689011788,0.2872489876027949,0.0094106218468257,3
0.10724452883806088,0.15657651902217004,0.3632766994397035,0.7539708310641464,0.09057704175408939,0.40090083011356087,0.5928379336315172,0.8231459022448546,0.4077054908566985,0.44770748011843003,0
-0.3175257145282814,0.5377632435172736,0.16626672067238274,0.16052028833507423,1.345591193470839,0.9011697254630144,0.4758622363368626,-0.028102569590959053,-0.03180080350832465,1.1670702254313776,0
1.0116535581590784,0.751808820658155,0.2751635199606911,0.2452328630272343,-0.0028943887949430674,0.27422692402851073,-0.05005605606690283,0.32085058744215694,0.3662170896322936,0.4107162321329938,3
0.34194310334809797,0.9551850833705557,0.7068085210762991,0.3564703848312485,0.6600348152594682,0.7214643724557386,0.46967377640832975,0.4643620541215372,0.283168400468187,0.28526463359635607,3
0.9758494869009172,0.156979180882684,-0.03591790493268889,0.6051797776255583,1.0183578535579756,0.18985387128539633,0.7385729456465427,0.7288928234432855,0.7094189958743361,0.7741283313448648,1
0.09172668267897155,0.15107342290441736,0.638689416325295,0.872225389886877,0.8686047738921182,0.46743302177894175,0.531399407472183,0.16349757929990047,0.40488663057519897,0.18309878263502227,3
-0.6418316752025769,1.0035960569597269,0.8935258002013229,-0.23859861350216732,0.5637663665697539,0.8542364451257646,0.838310143783139,-0.029198257681534667,0.949780220331791,-0.4508656002050553,3
0.013566006219107703,0.9976738444110128,0.6810748307415522,0.24234882024431892,0.8673483707041504,0.4353365734609553,0.6705017864500884,0.6079224076847335,0.7084044999191257,0.7186471664670562,1
-0.0856328755472589,0.7623735629428303,0.5124272570734392,0.06549769594012994,0.7616333957282179,0.8602529918116583,0.4357428943015929,0.33578865435856786,-0.024146091881212084,0.72942136408842,3
0.4652720317724676,0.1958844369263275,0.26969586085800884,0.1336177407686343,0.3351490897367831,0.8600009482419367,0.9366780341965573,0.27509633471246003,0.4417423568810371,0.056488801508953475,3
0.03149883970820176,0.35652968761024206,0.9686605870126612,0.7806031105702689,0.4980455421332892,0.7765558734789891,0.6283550942660886,0.40946706809484534,0.27641680654389156,0.6554294097063382,1
0.7755290544966078,0.7343281772754991,0.617724757175545,0.253907812249147,1.0084737711529783,1.0555976872807635,0.007506120374386388,0.3184325023215075,0.676534692341021,0.3565732374623708,2
0.450987912319187,1.0578436421543822,0.22764899761295193,0.5248471680807217,1.0910489081153718,0.4833096790793651,1.0744720061947046,0.16292703509789355,0.8909905308663351,0.8339350557741546,1
-0.1335978579408109,0.6730586995240799,0.5408840281092206,0.1460378531538389,0.778429938186338,0.22384397067849146,0.7381605431358147,0.48877881490815184,0.5578513683307398,0.77560934949451,1
0.42335871073652703,0.5622933871689149,0.39632717824441777,0.1438037099383705,0.04436775502277187,0.6478781961722199,0.031151743528179565,0.6316979099282312,0.9304439833707412,0.16005066223289935,3
0.17622015623965476,0.9162950258398275,0.6655561892507134,0.5416307585069023,0.7140159941493383,0.7165488241368624,0.6670082811387339,0.4641428066389654,0.16879143809478409,0.43750435509853014,3
0.30410008013082956,0.41381454640170673,0.47160755454847764,0.28243593646545834,0.5967639977958383,0.718035603880901,0.798029920721054,0.2350910849845512,0.40762297647739265,0.4997588870067952,2
-0.18102574573228436,-0.0469344430098437,0.7214603195714431,-0.009225665248460357,1.074442251715922,0.47238615203084783,0.07198726316161852,1.145150951781296,0.6698932822250556,0.3640803233205959,2
0.34325346998921147,0.8979768445369456,0.6398610779048247,0.38094960765469743,0.8160916224658826,0.5543859457823425,0.6001656383984553,0.4502200439902409,0.06798924179209188,0.34105926914282253,3
0.6861254871198146,0.4959239017383801,0.8407364149993022,0.5007376336842054,0.5691829022241183,-0.020164608228695202,0.7263352795625767,0.4291515415710956,-0.046921618660628675,0.003440386246440344,2
0.10023292838076397,0.10461385400417718,0.3932842918986668,0.7431600007619453,0.0713886954929348,0.39951626936883566,0.5374123212971514,0.8300114983152578,0.403177694725836,0.472940307580822,0
-0.420584946466984,1.4089688770800095,0.9041181130985168,0.3862479712320022,0.14797857195808137,0.6611468578484063,0.714670253547163,0.962754033258227,1.0441477114172395,0.04370255223663115,0
1.0024661381759086,0.19478513676869463,0.8508612944709864,0.3494186591944123,0.16691428179520318,0.3284190723663115,-0.13423105912543254,0.3312288547145745,0.15341218996491024,0.32923884010177135,3
0.4056919252648755,0.5362983267750017,0.1528324135458123,0.6207288792863249,0.5029380370601563,0.6840032402152869,0.9419345407483437,0.8555547521899813,0.46934258007617136,0.18570576615816753,3
0.5726913334816474,0.47472615803493207,0.4216504463906814,0.45431847752496946,1.0846431110418224,1.2655998217858178,0.18157468908119412,0.7557448118190931,0.38344287383085884,0.6120475855916241,2
0.04931362358113781,0.6337069034185057,1.4617923503463497,0.9666397914633273,0.6440893188298823,0.10068373444814671,0.3059726167651109,0.09263639288363096,0.5124331035950255,0.4760136282966375,1
0.4713385672970873,0.5369570805212048,0.36175484487956155,0.16880295181389898,0.02139803190446303,0.6585245031965583,0.020375270318621044,0.6375515364938379,0.9523426097343031,0.17182996143695917,3
0.5763693113175121,-0.14494705133009406,0.6654140718022665,0.5779314419668862,0.5637971674108522,0.6287984035375092,0.384382301302379,0.5542075128076358,0.23388849854449592,0.36954540297160876,2
0.4553351902823555,-0.1562889987298549,0.31296965446245495,1.1667686180073766,0.9586132475639687,0.47081077973221747,0.8151426197738891,-0.16134407233376633,0.27108915636721476,0.23063034792168083,3
0.08123457015447606,0.9778774265824126,0.6553853958279365,0.3074325084868582,0.9688314905656357,0.39062131996631844,0.6079913835412609,0.6130561625149569,0.6999078815063441,0.6945358670291748,1
0.44732272333887335,0.10586578221460982,0.5908884273597985,0.2336946580744934,0.3591541745751132,0.48459457136746104,0.39725687418235617,0.8818601213564317,0.22508956025982202,0.5510371356751941,2
0.31496710932913785,0.4285378928695566,0.4523866678971613,0.2829283680478092,0.5649507720356882,0.689835859124852,0.8091798996255831,0.22856431447325706,0.3985084136021941,0.5006774259715373,2
0.2017327135473758,-0.02281571917640232,0.2630746188207061,0.5662973585466757,0.5834845071888908,0.2631748232671489,0.9720406729719349,-0.3435487089923897,0.22678968202243044,-0.12794029121920125,3
0.2998031056558249,0.4098420307386624,0.4774566611742683,0.26032086666631904,0.5990255325937117,0.712725195494841,0.805032372642695,0.242451273995604,0.4273478730809223,0.47052783935843245,2
0.91067091339022,0.6655947793011029,0.5425833019259745,0.12801818356144087,0.36802529040656407,0.3148870627490764,0.5744772104246301,1.0469733351571098,0.6256727557489551,0.8544873960755761,3
0.056087999727015767,0.7739316600706492,0.8461835437009823,0.21830594680533502,0.9875191463435404,0.5316751713418475,0.6850960774220106,0.46208176975640736,0.71655916793368,0.507669555553242,2
0.9741029662808478,0.6600909860604954,0.16224540612826677,0.9526817363106135,0.6286323042683039,0.6935975819754878,0.4747001982892467,0.9985672905661304,0.008041929171168713,0.022863491839447254,2
0.4936254889697665,0.7012227984524324,0.43849533024520637,0.9609912270126799,-0.03166748391596026,0.3664264914965086,0.7552271645305741,0.08644498120186506,0.2383623794140064,0.34440530615161746,1
0.8926219073590903,0.44760081890676295,-0.09891980579379019,1.102130032180261,-0.06064188813654671,0.15849051849419404,0.07025387532355715,0.799540414067037,0.8082579594423493,0.09378677337600325,3
0.45397699006549225,0.8661350423322068,0.46260034141847745,0.8837722507303123,-0.0845841689055506,0.24802410854873622,0.6902335653373561,0.2839477814640412,0.20510290019302924,0.2845191048254816,1
0.3731101055334113,0.9146335771476315,0.5336809960430945,0.865271146162196,-0.0111304560665775,0.1867337637077511,0.5974518325271845,0.20921623665394518,0.12150119175730476,0.1292322557460418,1
0.4172421950423505,0.5309967880468258,0.13668914588095407,0.7014791172701419,0.3186705592294383,1.0645734823381097,0.1669113866257536,0.4388126421752994,0.03936550343828416,0.17306081171002521,0
0.04158594707265659,0.9662759070173746,0.6805452972793431,0.30224984932486754,0.9396164152541766,0.37002437165074636,0.5805897272443106,0.5996491169825245,0.6668671819848153,0.704511373422714,1
0.5971368463765389,0.963475867371626,0.2998053229711307,0.5585409143789601,0.9780496587977648,0.4953284000643062,0.9673138449016836,0.1288931574362812,0.8782417786438057,0.8198653650125858,1
0.57813658982628,0.955766183094584,0.3215285646575416,0.5853698262380058,0.9528521361689659,0.5213568823176382,0.9319682481069307,0.15525380273004105,0.8958674395070897,0.8410228699938773,1
0.1382513495152427,0.41501332469281216,0.065690081740239,0.12900919761534685,0.4585543950986032,0.12072220940235445,0.1477292440094767,0.41867306954209416,0.8570724551797153,0.24457871643374524,2
0.1009366552047332,0.6612178219370268,0.939411621130251,0.6074122464365773,0.7167972364549561,0.6349481295523391,0.4179940130473904,0.4479897826483781,0.3401985418155761,0.49573467525043163,1
0.3265180886919397,0.4238429791861474,0.459609146046115,0.273393348860176,0.5734689945755156,0.7081521842679155,0.8180037996640246,0.24779718404980147,0.41204539738784424,0.5001965619306288,2
0.12194178723644356,0.24149236375084024,0.45152166198611515,0.8695262919051049,0.9898462127276804,0.5181775744689446,0.45390498780248445,-0.08100723472586499,0.23637273350294918,0.3883834365961911,3
0.1459991704406786,0.08207219159108267,0.3574044433725841,0.7316773869014442,0.06827278068675668,0.40708070692715403,0.5236594773012947,0.8653736300367973,0.4070858374708958,0.4588507184858434,0
0.46718704849455783,-0.21986468559868794,0.54658846913182,0.9710372981165095,0.9758417154778696,0.28878809075476986,0.8614911722775763,0.2746238670247279,0.19756667426926905,0.21709941561450197,3
-0.04142636370210431,0.3714203725514572,0.5273045293780035,0.8842412784260112,0.7131515746655794,0.18186549698510657,0.8354613579583828,0.9726974977826442,0.39343377648325895,0.8117938428388147,1
0.4711120998236457,0.24062932451209404,0.3283642365707179,0.1140768591264733,0.339364237483068,0.8285176370313128,0.9111329597605744,0.2957583819027453,0.4023865758549597,0.05565036514940974,3
0.5663131039456272,0.1713052125222373,0.19810250988959419,0.17048674152245102,0.19920351370536368,0.7253607087272426,0.836936367783006,0.07695907304887806,0.5610952306757411,0.08257281257346732,3
0.4825515568622801,0.7977778118640659,0.71849291702644,0.869733659771254,0.8714473653954405,0.4438596925526285,0.21657350053302796,0.9935349531987412,1.0054844452938205,0.8110283423851864,3
0.0589139587753052,0.7805348135860929,0.8557888206281927,0.22008104265162337,0.9807508191869118,0.5327565410459933,0.6878235186712199,0.46170432359160213,0.7256935411651165,0.5078616197426596,2
0.0022609913428552064,0.4668024366643908,0.6399307420561102,0.6473133881626305,0.5624293410455191,0.9563618272662637,-0.1535327224589963,0.3396314087087294,0.327569595314222,0.1654354621970478,1
0.4077922677512133,0.10514004250201343,0.37933622790621596,0.17224354894932958,0.181371185649416,0.7561480010021673,0.7927373027358293,0.4357708453353897,0.27213605060709556,-0.1134591928962643,3
0.22781131703886043,0.19925456653142845,0.5840467805346081,0.07227624498339161,0.6607454181943815,0.7645814581772777,0.2847232166549074,0.37018887297430736,-0.010724868760629447,0.3015073836601899,2
0.05559148584792304,0.771815601391852,0.8468246469879346,0.21769988269599452,0.9864203850268638,0.5304137382631098,0.6853159041238415,0.46072856096332904,0.7160622940187085,0.5059208102052247,2
0.3881668088411527,1.0327035092375132,0.5480168743529273,0.699757077290913,0.45970972253686404,0.127273375885911,1.0400113567820723,0.015874587964678846,0.27218283833580326,0.6585026882564553,1
0.673003822663783,0.4387046513266304,0.6300872724042947,0.7683341369125586,0.5205165286318222,0.9427961877260893,0.5925355263950408,0.33551403437530625,0.2360518006828215,0.4971482816660848,2
0.5779830572266301,0.32652126679980553,0.5096398756427766,0.0257567472496576,0.986539011104012,0.840781844959446,0.6090699998795335,0.9167552861554283,0.035517708746555174,0.6325131175000921,3
0.0033042473776720635,0.9233162757851943,0.185275827376092,0.1586617359893717,0.5351531730028423,0.795339213480936,0.7344696081090084,0.1879906749647838,0.2809044239032498,0.6713871978204948,0
0.8842818813571929,0.7534210207224593,0.54504343371762,0.4615154426045982,0.2826298217367383,0.27503552789172087,0.2542462830888576,0.12782139024391032,0.38305991075916324,0.8527154484642192,1
0.5653197583016436,0.8561649435596638,0.7991941249371886,0.9139708699752359,0.5530306082446235,0.4474053710307625,0.7542962914585241,0.04203961937658725,0.5915026578764121,0.6254764899526543,1
1.2213681482955754,0.62400679921354,-0.3344313810039591,0.7803252241074559,0.5344281628877058,0.5055162116292063,1.291921675611234,1.0289225615490782,0.1979539318221058,-0.32551496709787076,2
0.9435577239682885,0.47716862520710046,0.015357363846706237,0.9892320057766016,0.04054021077454674,0.13751393430066056,0.014663550810123811,0.8901880355486154,0.7838137807655466,0.04612275287312616,3
0.12493296894971269,0.88509440255783,0.7749676499340948,0.20521840465235258,0.9406797375944215,0.36534445484093353,0.4928205568244548,0.5636049752164098,0.7652052151123511,0.7082988386220436,1
0.5201386342839851,0.22367528895938266,-0.17844681392267092,1.053092869125222,0.5098048383072151,0.638190352635195,0.4602804370409937,0.43249263493395274,-0.18939850503579458,0.11095189977006122,2
0.6633155347918473,0.41433785918587784,0.6970737491282651,0.3443984290517915,0.18653366076926237,0.4870709981331712,-0.010820145045417062,0.8696297195324425,0.21260859948634625,0.30136866118949257,3
0.13391989916800595,0.09921583080233981,0.387730803206984,0.7237925754274717,0.08882294930864496,0.3897417013766008,0.534428870109107,0.8446828396380117,0.4163688128131938,0.45126204248071367,0
0.2889142520864818,0.9003881707573252,0.8820270878741264,0.6656666817314996,0.8252948627336216,0.260487589853776,0.8769841380531214,0.9412719482112253,0.48425341755934315,0.02535591910150252,2
0.30568668105216945,0.41599488373023874,0.4674012530561347,0.26520600325687876,0.5906348147819211,0.7049844387815216,0.820541371200068,0.23125617101936588,0.40866809462149917,0.49630160285771946,2
0.5256333772380899,0.11171796159780858,0.8294498247474487,0.2831940737408908,0.9446212021533436,0.3846684137014229,0.6889170298084972,0.3112294635302786,0.7943315660233711,0.03693822513748059,3
0.360410401848153,0.9668669380164582,0.6330223502497312,0.8092028883300848,0.43141232637965554,0.3200163989987679,0.8246342061829726,0.06572095201313724,0.31592749741373116,0.6507110765985733,1
0.08322341126229255,1.1865843826094031,0.63200909833569,0.5077155472193146,0.5386441083877236,0.8307375486022793,-0.27875124814448227,0.8831111308387253,1.1857725455241026,1.2756595888284261,3
-0.2964390638335732,0.6859782731590813,0.9394672250854915,-0.0008595173488131769,-0.1577242174960799,-0.09802769355440044,1.3578150920853327,0.32012956062554065,0.8304445609545271,-0.3100143448634439,3
-0.36390321960325234,0.7148107661487482,1.1728790670015676,1.0204541726859713,0.6472595896642142,0.36489445509564733,0.3653121376522078,0.6316037273306448,0.21367319914251573,0.7961128301368925,1
0.8580339015368261,0.7683942176612064,0.9439436790573228,0.11762753499038475,-0.03289218937729488,0.30239679021055776,0.24674183139436642,0.5974220850332984,0.7723459853214711,1.1568088144249433,1
0.36375967529801834,0.5248998215811455,0.29473161178630053,0.015374841784061557,0.8094912485857635,0.9450720632042121,0.8430561890888844,-0.048562005130877994,0.6723414020400497,0.5195788193459406,3
0.4910726585764519,0.16840120679487586,0.5194717553266842,0.2992513528048484,0.38501850458313386,0.4812033903159801,0.3607924184207942,0.7860440227799096,0.29867651734211853,0.571530410886991,2
1.2879875764115076,1.0360094656503422,1.0472555950506222,0.5560283854353969,0.800256629790929,1.0045512964851848,0.6989727670911999,0.2530468006770211,0.5381011259803565,0.5058382902355479,2
0.94659775568116,0.6393955010908404,0.6759687291235381,0.6377813841252461,0.201688923742009,0.5211039835380947,0.2292691484604879,0.5486551733994907,0.32214168591743386,0.5755262744527877,3
0.25624530771681064,0.3464891991341207,0.2995153700754324,0.009395939255774357,0.7338100667302389,0.8547049531066856,0.6884917724384736,0.04661621436952073,0.6495976346391915,0.3594699598301224,3
0.5218636079135159,0.11882048711127263,0.4893320705485467,0.29911044617029414,0.4185085321884562,0.5092165066170706,0.40131625229467627,0.8274368876660023,0.2906538693615964,0.6205259632426984,2
0.24356756727374662,0.41909896460173235,0.5916519126672303,0.2481564661145332,0.7113752463673337,0.9414975060033917,0.8514305158551218,0.09722330199173432,0.42839215326848606,0.6815918076520551,3
0.8674566994707587,0.49135964203176,0.46363781709304913,-0.02782058513354449,0.6042880826116723,0.022327492091126208,-0.1925454673308411,1.437699560171597,1.2058914003319035,0.9654451560302109,1
0.6291026793798032,0.43509556408790356,0.08159635496127726,0.46548287926554655,1.4271447187417912,0.33007779792712283,0.6399686571423345,0.5579553515238374,0.5219019153257691,1.3690000714809383,1
0.2991015447700348,0.9310512666000216,0.9507996552264023,1.241394213856486,0.7928048567804078,0.45611044040453663,0.030435962233356678,0.6038309519794401,1.2822438632156143,1.0828458468526572,3
0.5533520865366197,0.15736136215225013,0.3627123131716696,0.1944264787496467,0.3937678339031613,0.9350997228441325,0.8834626668756953,0.3426764561565536,0.3750886655425454,0.16559191091823627,3
0.9735360824311582,0.6895004050693574,0.443370594392717,0.48987949534352854,0.18082867372680417,0.3415930874734797,0.28109801860913386,0.1740272144443531,0.4615764787920658,0.8102290746179927,1
0.3404918255844407,0.9070366488791597,0.6510256793467819,0.4290736286832586,0.8478690594647516,0.6831615969628283,0.6174250254518626,0.5720805376251642,0.2022535845548447,0.31207103239630263,3
0.4686955327715106,0.22137601057181883,0.28969144503022376,0.1608543660188343,0.3506898092046732,0.8608141646032527,0.9473614369954071,0.251430249877321,0.4643490846749178,0.024422041957584274,3
0.8965939394988333,0.7307684104929758,0.5258231273016393,0.48089361439619005,0.2871729536882603,0.251059758285672,0.21932225997046112,0.11750752878661803,0.3678531246469987,0.8636280242966098,1
0.7528797292191818,0.24634437415949,0.6016958098673298,0.7717106107192696,0.5589975468452621,1.1156955189166038,0.4343588708007932,0.3097464837025875,0.14857816200317958,0.5602041918519746,2
0.35863929353114865,0.5171239696326723,0.3597644706613313,0.2081049590247666,0.01727255694050788,0.6051307438592601,-0.04201549973437202,0.5363545915467733,0.891367411111587,0.0777697891760015,3
0.3282571453999059,0.9271790008713268,0.680229943728874,0.7783702340622494,0.4255346424652197,0.2780175160612184,0.9255567243101841,0.1363862456825801,0.44518786492255935,0.7311544025359962,1
0.09592088378710127,0.6647565066957083,0.9478391123759222,0.6128479823758634,0.7068415175341449,0.6378362349695885,0.4317716436422331,0.45551717787264545,0.3410552515076909,0.4982814982311618,1
0.4266541415202735,0.44265034872834236,0.13513740686810172,0.11557916959112553,0.8259617054787902,1.0259834515861606,0.8228287972730977,0.09992988830318535,0.7137659752931875,0.44062645216208995,3
0.04910803043957497,0.24733368731672503,-0.10650778340168114,0.07224046122762505,0.29451329384974234,0.014575158634379803,0.060996647549856814,0.5038702199537669,0.8962153320277051,0.23067884524165677,2
0.44300702483613413,0.035863432885705634,0.5357930083851354,0.21418937683130929,0.11063955117437371,0.651937713647083,0.2932912244072098,0.34231532603462883,0.8226638010956351,0.168755847763023,3
1.1036633803316467,0.9182406482940018,0.7599648652606831,0.0629448822563603,-0.1250633054565414,0.15833198803015947,-0.16792493816028936,0.16440131143820652,0.11782154087170005,0.2738708644422098,3
0.41211350946852565,0.32781493773280873,0.8223235933032244,0.386637483652417,0.7064046816905277,0.1357777080949176,0.8958713723112681,0.663050341351654,0.6426604809076206,0.13313513022614526,3
0.8753511843721957,0.7167341869599534,0.5226297250117308,0.44978945637576656,0.2934339703130604,0.27698174037786194,0.20297953176741135,0.134193447340029,0.3739985285847711,0.8975696276685057,1
0.5308909413407146,0.15798279231160767,0.5060537181673238,0.32996211750761556,0.39442285761151924,0.48695119275278853,0.3598563640078993,0.8035825515721677,0.3141586975516697,0.6005637216216234,2
0.9818464580973925,0.42639235895728167,0.05641120986951835,0.9860462812166984,0.09761723651400706,0.11352663569582444,0.06677895208659371,0.8525247361198641,0.7794839188301085,0.06808023823916014,3
-0.09056774801716361,1.3871662288785807,1.3850676073078263,0.25180841781255825,0.8634971673116172,-0.3309598059781719,1.1193536140822986,-0.24127261637538616,0.2772459769568151,0.16808474110231364,1
0.2616483597121383,0.3476262834617431,0.2953496500248048,0.004318393747265656,0.7460239250133812,0.8714828406248567,0.6702263489129398,0.04042000418819562,0.6745139262186758,0.3440283166821117,3
0.4471254018995653,0.4984691676846527,0.4482616260237497,0.15561965369128383,0.10288594477806376,0.6758214985496278,0.07745120451612936,0.6949419535443394,0.8581833188374773,0.08879205802881415,3
0.6203987365879848,0.39917017680141087,0.2611027903460557,0.6109347674075369,0.6926402840344714,0.535402235519683,1.0313482204245539,-0.3907423008510954,-0.07527086405182043,0.6974387231859637,1
0.8648924600558653,0.7450151169955971,0.536742740855265,0.4884296462685057,0.2330826660040226,0.27200339812420765,0.24296585143742896,0.15306005939226847,0.34116253318791695,0.8613687023937634,1
0.9425532351426256,0.551477383857377,0.00985113021961783,0.935333215246924,0.020911605586415388,0.201251529415032,0.07617583427744332,0.9009913335679188,0.8650478486660522,-0.03256642402523793,3
0.28382404443521864,0.8883910896251411,0.7461793357400212,0.7048042616036331,0.3547968374362661,0.47484578599960203,0.8026353819423657,-0.0371100975601967,0.26005228286925686,0.5539322103513561,1
0.2393574433647528,0.43446705995894835,0.5732884806163622,0.23559996426466814,0.7218221727210301,0.9299395755729722,0.8697520352679002,0.1092921449478444,0.4186280882723663,0.6692198958463341,3
0.9377279856118871,0.66516659632092,0.7106460136664546,0.08175860921442574,0.08555790934628399,0.001271383947771737,0.20050890586384004,0.8833800183243508,1.1208861236118182,0.852602034651823,1
-0.0333706157181351,1.0856540630150922,0.9168058413171571,-0.5138103270591541,0.6589449163140721,0.43094730659699754,0.7133501436949552,1.1999280675895285,0.9348711785794497,-0.2300947759250288,1
0.4260939593193766,0.45772199052035534,0.762997160895167,0.16266379073157405,0.8071226189437762,0.7624761085708334,0.8467364050195757,0.3048721920543741,0.5100092582354099,0.47543228375620483,3
0.2704433962783354,0.37857598396698605,0.21732034440516645,-0.06805746718146694,0.30003866710907856,0.23011336692636794,0.34435389607145805,0.24952171082315633,0.9112942734229171,0.4438663019372178,2
0.085674737308954,1.002082677662427,0.010908767073453764,0.2526127435607708,0.6805761136774608,0.8803162708880772,0.6624621462817613,0.15336112888577721,0.2736377564878266,0.7969763694486249,0
0.38298545709555465,0.659310331597174,0.1237121358244118,0.6159808570429415,0.6349800176351504,0.6296500584501586,0.8499632442904688,0.9453520104977107,0.42059219035574386,0.20753926716205823,3
0.03233697510533204,0.9955147533742937,0.6407808115110879,0.7728148521299602,0.12632942673294448,0.21005168721851042,0.6771093945054452,0.7026781442386993,0.6407010556737631,0.04694973533943975,0
0.4691478765229771,1.0933935398514274,0.8863807099354926,0.5501757359278001,1.2135159899332535,1.2472580629083776,0.37087043466013314,0.5935629745820032,0.3853610244804208,0.5044760200400746,2
0.23355706775843588,0.20638445968424712,0.4326210516276747,1.0936890387031348,1.124338179559152,0.42727344602976375,0.41970130094269364,0.043355271655010234,0.2601581233138061,0.09282331830534515,3
0.09969918363710129,0.5283200578171372,-0.23648250283702332,-0.04511105297497418,0.3366736598274359,0.11570171989823178,-0.04427813307195552,0.5463498161673231,0.824315813439584,0.4945870007995471,2
0.025232523134218726,0.9314272916351632,0.8196327096339935,0.7577551123871032,0.17052329885212028,0.25413675689897564,0.9809841044495787,0.5873814117159712,0.7264000528400076,0.06190221293537325,0
0.7709399354925179,0.7843071901849492,0.6233630527989845,0.2673386957744935,0.9813227238198952,1.0388570526293894,0.07118943503586524,0.36550125415998397,0.7397192492499034,0.4557772843594733,2
0.37307304990646606,-0.3112755731207556,0.8180357583147496,0.9660596182170053,0.33707882656960186,0.6572588088625402,1.4142896273862136,0.7162833222534507,0.0481138533901847,1.1401675054493179,1
0.8779514563790443,0.6321290154408092,0.4899474921037181,0.5327988496216921,0.2044248397432888,0.38046659831525187,0.3106181853192826,0.05481107960502825,0.47943370658323325,0.7786781776332106,1
0.31137981098412837,0.7605724423932682,0.9355279560316119,0.6907982137699493,0.7735419182647268,0.7482961421756218,0.21502852417584706,0.2959349786188388,0.4090977582332325,0.25687546362693264,1
0.41686375503032697,0.5313013189709479,0.36380792677308443,0.15861802638340858,0.07515315003794257,0.6271640212165412,0.043521703071055046,0.6387970030565155,0.9816892146002921,0.14820416881627477,3
0.24796988929347474,0.3158216538879278,0.25720367425623897,0.015480938490829335,0.7958378467265884,0.8936459374411407,0.6517586087414909,0.034462647134579125,0.6360253213146304,0.35868802402065403,3
0.5915415123290474,0.4791895384171013,0.4760057950404347,0.26157876695632304,0.1212611483770426,0.32556632559858795,0.33910701537197224,0.896648750210621,-0.014339338645245725,0.4615139686897266,2
1.0644412629015407,0.5761276136424865,0.1194227104917691,0.9680727174659143,0.5861526086484268,0.7148402767321241,0.5301149722522785,0.9464510254188826,0.07812706600786697,0.08852054367747894,2
0.3926270279775093,0.851812596141636,0.4753801917924903,0.8046637941919322,0.010228887366855054,0.26668028152675166,0.6027321916453965,0.2612998113121984,0.1512165113043174,0.2174340175668263,1
1.338785400668041,1.1510171962175715,0.6558196510831018,1.4723310862779981,-0.9449659059451032,-0.13127730873327859,2.278778752169562,1.4766051272572955,0.9042973043364182,-0.02250686395542867,3
0.35581942971131075,0.9004855622534026,0.8612767090875236,0.6602573051669747,0.7441804133885194,0.18610216554943096,0.8514436793663926,0.8960610796700634,0.5267630045243172,0.09846309091924277,2
0.5223278465822899,0.29791212545330714,0.6421327949854995,0.11017143930175993,0.9662615901890623,0.771583476946681,0.538362416780616,0.8710352138292581,0.09460799187228941,0.6315377262378818,3
0.09666607322766778,0.6379296485828598,0.6968150837361599,0.5043501879488629,1.0465798535060478,0.49325881465028965,0.8176228149295377,0.14053147690568246,0.610935703285669,0.5214190792698802,1
0.24128944392910354,0.1191755985327726,0.30980906077893755,0.744905072307949,0.79036351718449,0.5977421519098947,0.5256504253297891,-0.30749200446418157,0.25587787162714803,-0.011727567000989092,3
0.059454007342043536,0.675350055865179,0.3843033522184991,0.6308406750683844,0.11402270237869067,0.5485858296987473,0.7802192142933089,0.10226015918326717,0.47488758320959107,1.0290170923601876,1
0.6866911463911671,0.19348619460827693,0.23822510610219566,0.5438616701854218,0.22499707566181662,0.17756283527340572,0.6395551044467699,0.8565415231560157,0.06125836165011611,0.8474640472935138,2
1.189129035178188,0.40230431663174626,0.206689514716114,1.177199005125258,0.07255012881502598,0.10009689059651006,0.7518582770799538,1.5399386705776925,0.44144550486724304,-0.2669506960259353,2
1.023957343152866,0.6024234609157031,0.01914707768843149,1.0168555661627743,-0.014662975569984804,0.21612044439757405,0.045104729855550536,0.797153433162963,0.6647054730575767,0.004650723610005139,3
-0.10858090344231441,1.2656817103175237,0.5910549112146385,0.44436393224316095,-0.002092178984067161,0.36994838938525976,0.5615547186066205,0.2066409517695024,0.0417738652508049,1.0914056256037956,1
0.32054353092189175,1.1899610137126662,0.8310328597887966,1.0320070050108106,0.1672337082548771,0.12014313434778176,1.0289036771300069,-0.15113016208360863,0.24479536294694385,0.6229364581537955,1
0.5835216063042072,0.9534451025464484,0.29845438363182886,0.5419268031859961,0.9598464709728121,0.4880072455377951,0.9914719639018378,0.10161159046749592,0.869709069105869,0.8339134123595413,1
0.6379272647505217,0.6519167281545084,0.6496669956031628,0.5660759766295553,0.7539767680538969,0.15174905921701165,0.6605471000430898,0.5034025147940973,0.05116957928414763,-0.00929127324800623,2
0.8946578257659947,0.7815112345095572,0.592181588575096,0.4355027114418758,0.22828388220733126,0.23271584474724155,0.17029260392472328,0.1477392297015656,0.43128152146138604,0.8693757457502207,1
0.7733875158947103,1.0898640744017722,0.22195048367893888,0.8222643605408657,1.0136628619340342,0.29419004298663576,-0.14653451907159382,1.3583168246638813,1.2916102602567068,0.4724128650424359,3
0.4346303718404189,0.5638131398590687,0.44404847516431495,0.16589019499393226,0.030046602480573923,0.7072172747023345,0.08411053994273118,0.5981346959229406,0.8892988090967345,0.19051292555566182,3
0.4994029857139091,0.8340263051237397,0.8596434274070242,0.8444194822402606,0.8913744383313453,0.48183273539793,0.15881872185910198,1.0353585565234906,0.8423151863895457,0.7174291056280954,3
0.5575697814938041,0.8545278753126646,0.7390950436270369,0.9571739269429189,0.8280088185488376,0.47621794994740974,0.18628867083130618,0.9519569194077954,0.8940822028849972,0.7437115042548239,3
0.1916708417432287,0.5967345243275295,1.0332372758563848,0.572678377847143,0.693435587356314,0.5695873252188443,0.4327955735093511,0.3643031426409466,0.3659569515959738,0.5599973213922919,1
0.5544917246780705,-0.2128596655641407,0.09662323484957486,0.15706090796327252,0.5887001686279211,0.855111011236858,-0.16716731535336582,0.5756744281151751,0.8159055471888592,1.0124941550258073,2
0.9216131445833646,0.072450684317298,0.02219562948231818,0.6880340205112503,0.9869841594621114,0.16438765963403343,0.6150413187444446,0.7229505328649265,0.6692578384118404,0.7062440318789414,1
0.03324107399586251,0.5753639975239916,0.2509735862342208,0.2067471915817495,0.5109372723233783,0.9791696333104027,0.24070233044318373,0.5116949339735986,0.35594908903486855,0.5575757621555412,2
0.39398996460634084,0.8440518566664876,0.4826967046408787,0.7928717845170522,0.00985411242493436,0.2671178611523881,0.596328858063559,0.2683054718252462,0.16251604632935923,0.2195599306668845,1
0.35673541438203793,0.7408548641845004,0.4856458198681408,0.9094093216828862,0.10392820784538268,0.15611104271918438,0.7024268581165927,0.3254437177896477,0.0965004178262388,0.34011094583650897,1
0.7202674960448825,0.4106959664626186,0.7265724905017161,1.192853841639969,1.1652762049114411,0.5974533635908759,0.14509567274372662,1.000405090410407,1.2259268905365146,0.44992090452075323,3
1.0640521326226808,0.38288639455660267,-0.1493951064737387,1.0303856330829686,-0.10787644067740279,0.1433781416303419,-0.19192573554704698,0.8013192619795213,0.6933263043266399,-0.13228090370376677,3
0.4580897071674587,0.7937995536305991,-0.01476450968635698,0.9851012934069454,0.24406366721734502,1.0123404712090842,0.033413969023480865,0.39124034240763506,0.23305619101618577,0.35058843795818956,0
0.18618617553168867,0.372341021068575,-0.10659741435179448,0.6250004761062586,0.2681984020736763,-0.18647720591656974,-0.031924589034959316,0.9641262675142006,0.051355422126308614,0.7124597922885076,2
0.35398716676902203,0.9115304576702274,0.7094125132694717,0.8171966062529349,0.39261350678590806,0.24584717782218213,0.9228807795339831,0.12726951157433497,0.428603398766321,0.7107831488081462,1
0.5851953562179143,-0.07174395075535667,0.4740187826918889,0.013784793326626271,0.1562701699535992,0.6732687447711526,0.25843368082063434,0.10051620935991737,1.0778173534552493,0.4578847656328845,3
0.777978000767918,0.2760100834324856,0.40326573560474027,0.2393688754875827,0.6629401199053024,0.6351371577848398,0.32293803167035273,0.5680041604724249,1.1480925892027325,0.7223289342091798,1
0.2915719722675696,0.21732573011596024,1.0422942238454798,0.4325944925403598,0.1367392423813636,0.2706138781988512,0.7415965382802318,0.4592683428204064,1.204003810613048,0.3812826765871811,3
1.024327932884559,0.8631065680470149,0.5810477074757493,0.056576123219275215,0.2919736605896216,0.48032993463584267,0.5100706698654145,1.1480543328518102,0.506095794801261,0.7380910980636839,3
0.5889498061658712,0.9856224367337495,0.3057701604201524,0.5831722134932682,0.9878298566499195,0.514261179277958,0.9629047516512126,0.13243419114184302,0.888769751241524,0.8264044920166872,1
0.30117745076735536,1.2714796078704365,0.19193869459731616,0.0999839965822851,0.38751774344872053,0.3064446505379994,1.1115446971522411,0.7498682908522225,0.34211119900312315,0.6390058338251209,1
-0.24327827229510451,0.8462945344639784,0.9384689572067633,0.7300436653364195,0.5559956572776955,0.7060185557920848,0.6205388116882773,0.7300579483146344,0.30195374154689264,0.47241316248920445,1
0.21582871016637667,0.1499989724071771,0.6168160974251184,0.03668984723378853,0.18002471247913432,0.7310023907999941,0.22174649164668742,0.34060658679423006,0.8384336307596307,0.3941191936512215,3
0.7466758793058242,0.4952091064947091,0.09930666532233168,0.09378700295678649,0.8550242191700363,0.33185343679777324,0.4974642086152284,1.1373883050739426,-0.48518094407271006,0.8538860669367011,3
0.31446885863935425,0.24676704398195473,0.3738795064044774,0.06023269105274094,0.19360322493824125,0.8553427781256481,0.9137845846010376,0.13043376432719123,0.4470093774893014,-0.07547544897586404,3
0.5889934225725407,0.9567716652658209,0.2827288730688398,0.5732716106660647,1.0093444108119982,0.4908449943063562,0.9587743426537365,0.12138874691348744,0.8801565949378549,0.7917286103980391,1
0.8586223724736634,0.6960050164371476,0.6827835335436949,0.7208748395890585,0.1894312079523764,0.5218492200259456,0.287395754863024,0.36466626922106027,0.1865023391115886,0.4015577274317525,3
0.6301815641930725,0.24187879632840092,0.4370461664187912,0.5248362130677563,-0.15663909039274004,0.13236826321928374,-0.014601571825500481,0.48418379787393384,0.4126867086024267,0.9918332807637524,3
0.4588577505989598,0.20654205646028198,0.24887873249798664,0.1104452605518334,0.3824473686161824,0.8372411694585062,0.914757093987342,0.23550599310017595,0.4893856333122956,-0.005559208131390374,3
0.5416821134789699,-0.12433671313731515,0.39519497228702183,0.22508886658434385,0.6494657415103608,0.4709899996114008,0.34940692192676687,1.0165563139986329,0.22172369266799596,0.3073384739632413,2
-0.3413398702354735,0.7969653881295199,0.45217856529073297,-0.007858457282696879,0.618383693670099,0.38547652457373727,1.3351740842105908,0.07877375318755805,1.3044438216321756,0.6383366843807954,3
0.2909722348835698,0.3095400076249382,0.2849378652489613,0.030812793109092195,0.7612637179180011,0.8054144497033108,0.7060724289879277,0.04294255618505359,0.7029839667415566,0.40033319860484146,3
0.6585183735782421,0.9897812983919312,0.3116050332230296,0.5081526323959842,0.9224596268524577,0.47972844757751054,0.9914695420417473,0.17517401702658886,0.9206882341479999,0.831622635169352,1
0.3336412389281806,0.08677333338000887,0.32048372711402395,0.23638344995810653,0.8379708167974009,1.1133444746116818,0.5397843437176317,0.0183650399310301,0.6587075619697886,0.37935954635588093,3
0.38839516293693604,-0.20592218987520838,0.20016278353008932,0.5020300332323084,0.5805728248282048,0.17943905553013217,0.6602303869349158,0.43143592601004904,0.061600356812961915,0.3554689237232609,2
0.3314309540816014,1.011307153170513,0.6262458521475412,0.6951845764317579,0.06541820730669232,0.34133869804002526,0.5828050973779538,0.37011419872374035,0.0605088585755081,0.19564429422611535,1
0.13469563981430357,0.1575482491085371,0.349068156441088,0.7686046304032648,0.05341289539561088,0.34347290853014706,0.5065406471556788,0.8402345860563946,0.44422379772953874,0.43732278884870857,0
0.9391794954311202,0.47670584755154355,0.01445826145915573,0.9955876665876333,0.04549041815731125,0.13629923083688764,0.017750727017506154,0.8860046379525394,0.7860851942169098,0.0407633028381541,3
1.0144198825775512,0.7387748216363746,-0.041739895298540886,0.6469914893327848,0.5301549077261495,1.097726673416411,0.9181928360453461,0.8556822846471923,-0.026622664684395378,0.0673788061221941,2
0.1333725743133623,0.23075820249048704,0.096157686483581,0.24898148191957534,0.3591017886937726,0.8681595212886455,0.2565280419618594,0.36475407887750283,0.5816437903985856,0.49058186689728783,1
0.48822727946432654,0.05901693111019374,0.48686526423692245,0.3411700616573879,0.4070865703614553,0.5503865204631304,0.3107486253461561,0.7636481308754898,0.2147384792703454,0.5380844384856635,2
0.6932431883669031,0.06200297470719174,0.3579504585110437,-0.041994839069176365,0.42714634240778354,0.9373501403365976,1.1007122415855142,0.5243571898865133,0.5527318822010641,0.2016085084484021,3
0.6342686402595612,0.756722628829315,1.5588141643385263,0.5247575185028421,0.05768748641547952,0.3159926157453865,1.4670841281454734,0.262558992075865,0.6582432887442271,0.29589946925709193,3
0.17015635826939646,0.5458910013159948,1.043743506230677,0.206715740106462,0.21378944784060747,0.07520960017990774,0.8786829819614931,0.14019330755040157,1.0357615013723462,0.3223067312716734,3
0.9522434474015117,0.7272332908164397,0.5048195260291626,0.5031663452378103,0.24494377536592488,0.2774191850854954,0.24430001403446014,0.1657890362404337,0.3416092303127743,0.8979482244729279,1
1.034676539739379,0.6564309598030318,0.13233592611890463,0.8550974093333168,0.6702256277289561,0.585618113471107,0.5789192600426809,0.9971498855083867,0.050466234045730994,-0.03534026177663188,2
-0.09668325423850696,1.0138315559747066,0.7120696467812997,0.22691551164605478,0.8921853573238813,0.3404950707523118,0.6994457739790025,0.48434876178834396,0.8367014582104302,0.881894837332136,1
0.18553838465067274,0.9088115451304657,0.5406605516906515,0.613529218566605,0.39373816872061446,0.20209879592137994,0.9446832931956778,0.1593765031940802,0.2981829780221994,0.7903647610690356,1
0.484274349597668,0.6295451792967338,0.6002921905604006,0.7795646570348588,0.8920761199855864,0.6243049247621704,0.06987704148747945,0.8632076085924114,1.130424301593455,0.7100605116344836,3
0.9189703946365304,0.6014579484683248,0.4507695536558564,0.5080194866927009,0.19449914558712883,0.22372607926275181,0.3982705680240499,0.23673346818987645,0.43858062799921715,0.8015474400014803,1
0.08814355984435454,0.22068875966042645,0.15993873764648267,0.2069918711545256,0.30116641811287687,0.8974615281287892,0.277430981625844,0.31547316605836917,0.6283933447902783,0.5666022594277262,1
0.4078546462007454,0.8465186295760083,0.6850575210194702,0.612444920703577,0.8802421054306394,0.6371905969073686,0.7147539071589608,0.6730722464299974,0.13903472997775862,0.19267579874125654,3
0.2848002257572861,0.7215969388576801,0.5191046377515109,0.11860309603050351,0.6648082293994936,0.24285424300660138,0.6475248426466178,0.34088189230693083,0.2897913996625784,0.43424203908184345,3
0.05191292028350439,0.7743576718338671,0.8514090797745457,0.21789261664514453,0.9857785132811919,0.5297675935391866,0.6889477374703539,0.4648685269104109,0.7188121253638059,0.511683477589962,2
0.450555411550584,0.5269035620874531,0.37815694733759847,0.13389027883618634,0.08415596096377806,0.6162732760078423,0.013821441836976582,0.6705429668659587,0.9687396889149384,0.1463082286380753,3
0.21431137322694482,-0.10541185425705896,0.6529353094657978,0.4492657770131747,0.7905008434510035,-0.02210850886061621,0.8904952882706146,0.32664902507644367,0.5386742895609964,1.1163479976497908,1
0.3224391710945038,0.03787938040841024,0.56893270736335,0.19197759728033092,0.10765002861204809,0.6593311422652879,0.20305620186595721,0.22598142223304912,0.7954174345169304,0.2351171027467957,3
0.669589137530135,0.5813510026663062,0.8074284323446441,0.13159468430406446,0.12669845045598954,0.1548323517270121,0.39750118721252137,0.9190431356722346,0.965890101845844,0.8673140193428616,1
0.2670125926215549,0.9688498603192562,0.6565114272764501,0.4319240456342247,0.7777640645773923,0.5991660216504093,0.6437545373582585,0.5024686284586463,0.16298804387943205,0.34615043640663606,3
0.27258865074237004,0.9498919614714354,0.6691888886262025,0.4742578744248601,0.7830120798827194,0.6319828849367961,0.6129678125812357,0.5104622296333965,0.17710937175120353,0.34787930597171224,3
0.37321219127046684,0.8770923199624721,0.9487308951501441,0.568602768281355,0.7363313375203245,0.28157609355213986,0.8589503880950559,0.8484816609005142,0.6147678682382974,0.12473789867763566,2
0.4816461631044458,0.4046922055941163,0.15899461706572293,0.503569774702797,0.38169110856099264,0.08847106192632608,0.020761715981127755,0.7930526268613867,0.038630490056532595,0.6115505637243566,2
0.8120898064072068,0.11901511948973192,0.21825477178276426,0.02204813669474881,0.6561224146119624,0.13620282711046305,0.656928012317652,0.48917405718081153,0.5309632975362831,0.7862814672900262,2
0.12713745254870903,0.33531894948846275,-0.021687566413769795,0.10262131309834144,0.3976054835968163,0.027437829694531006,0.15188985056679602,0.39005325094357596,0.966464591653746,0.20822740999320216,2
0.9971638844396052,0.10918989922818943,0.056113812556030915,0.7642752866664966,1.0073308233288565,0.10594016055354648,0.6519831004336027,0.6934767834039635,0.7107887122629377,0.7523124194951167,1
0.7775014319956509,0.6602431841445522,0.753535022105752,0.4020540027708871,0.7456112891722086,0.4357883704866525,0.6293056328410475,1.1413782550947587,0.8279440208231631,0.22819310037290771,2
0.09109347890533849,0.11121531456806494,0.3822350650277192,0.7716119368829746,0.05633342874858779,0.4058685148543098,0.5831914613348502,0.8570560794027576,0.42827719519746976,0.4263261551071009,0
1.137602659054028,-0.5250332557983799,0.3283564276580131,-0.028763553712397805,-0.02310348315364985,0.6255778644834549,1.0233925077997539,1.01763234446164,0.4749528493355386,0.21227025247418496,2
1.0900224297937877,0.4914428785265257,0.6658420646481724,0.3314041492466159,0.2685895428744641,0.2672408367007829,0.369044703656474,0.7939949446693725,0.873847791963117,1.0108375819735052,3
0.9452958229099946,0.5808458380449446,0.5596981806594904,0.49545666631542207,0.3377456564935043,0.08453033046947919,0.29774576786674684,0.12638521909254882,0.30908492943096194,0.8040530501433061,1
1.0321201306274035,0.6611858188262879,0.18569914251997466,0.9172667711855406,0.6126138434836277,0.7196850758122919,0.5345968087084552,0.9644195268508007,0.031446724148795194,0.04837032138906971,2
1.1076134722587936,0.63315549197765,0.3963764186293082,1.141711118867878,0.4698765209341086,0.4658482496306685,0.5599061045351001,1.022694304149014,0.07752505832035561,0.09876778078119677,2
-0.04244384502723281,0.7092676327140025,0.8492346261260155,1.0856804407381677,0.3009839759077002,0.06846041246146306,0.845568904706428,0.5645364817956986,0.3705737974575999,1.189779143879448,1
0.335315385999754,0.4047546305459586,0.44096684583775275,0.2922071047197433,0.5640173244643749,0.6921302984090276,0.8248535198848596,0.26464744075385127,0.43393901860153633,0.4814329998892705,2
0.5843004776759407,0.9735755598864533,0.21702520653342872,0.6539871477246038,1.0143444260696777,0.5026831682094053,0.942574754419416,0.04735512527907465,0.9658455436810736,0.7764331147153072,1
0.41841966301172967,0.6673935730774194,0.7656291468241622,0.16694142266469478,0.7748421861482377,0.7004206926915181,0.5209410952770376,0.9219531989128922,0.5326884396607098,0.525898090374265,1
0.28060463071031533,0.8613310685205509,0.6224613526472346,0.4926662212292787,0.8359480612577058,0.5831645777958572,0.6179248684674314,0.4193182996199336,0.19792792379729837,0.328198094535471,3
0.457892324631084,0.9418827291366365,0.7059562119541922,0.49051391059243715,0.6240158195538674,0.6505806382308652,0.5243455313008124,0.5931004938933708,0.27584816843921134,0.45637848310487455,3
0.20999422755049207,0.3828738167464443,-0.004808652393360036,0.6122515423898326,0.2914771990060899,0.17911970501836189,-0.02070253740898348,0.7290055840084899,-0.06733512896867408,0.486875125123692,2
0.8961873954783915,0.456151089727728,0.05207054175577704,0.996918859265636,0.022492890046869322,0.13365782508349844,0.0202414843664069,0.9058074373818735,0.8374478975061996,0.029330296168376624,3
0.9928618518750202,0.5875015843552565,0.6755918794324939,0.3832548055499526,0.2850784453237912,0.25225306988058305,0.021254362355507178,0.5745042961804983,0.49213304631369725,0.648449697240792,3
-0.04365627717001885,0.3512745994748704,0.2255677759172373,0.0038376371456528696,0.6250634990711831,-0.022098416365226026,0.26124024587281436,0.3087496477692552,1.0772932762861638,0.551441967309579,2
0.6457907542454573,0.7561236370517818,0.6339168893506218,0.7973555761165784,0.9493054752906328,0.3878905039989439,0.08411428258784799,0.8877504643744542,1.0271558383701438,0.723629858900396,3
0.2517296794150485,1.2642755371919925,0.3599697604245695,0.9278732465187701,0.28314487110983483,0.5756188481104838,0.5784920487286729,0.3308578448599768,0.026843203029392304,0.7564714966332969,1
0.5334525733961287,0.8142583252690846,0.7287987234168918,1.2082770762322321,1.6427146158520798,0.3671199872000416,0.3558074020100417,0.5488636020170035,0.3617564210877646,0.8538128692916298,3
0.9223157060790359,0.41577300480347446,0.7490873947933863,0.9812134852956556,0.7150559021086659,-0.1582814809585952,0.9137401344066192,0.21781318138788722,0.37032174901859133,0.32326801167263103,2
0.1367798037981374,0.49191760375717447,0.08865661203421775,-0.002955892366071272,0.5402127687333576,0.011666680341509097,0.13621336119308824,0.26959883534472967,0.8569063693705179,0.38205222159762064,2
0.05548321830636228,0.7740227034508177,0.8360689899729181,0.207325596608462,0.9931293379995849,0.5366341602139306,0.6847279482133746,0.4578266793577374,0.7205169070401146,0.5130825174028452,2
0.39686608646070703,0.8937154908150097,0.5002442165401311,0.77608813493643,0.008012184773626115,0.25134332630707523,0.568758873865602,0.3022450590675212,0.1405403192659746,0.24674138974181067,1
-0.008052073083114494,0.7602241819882911,0.7812798476193631,1.008720098742462,0.9013683759557402,0.2590489832217071,0.7909194976696864,1.093265525814207,0.7630468363334056,0.7562795699819395,1
0.838133077871221,0.7869924326746592,1.0491116041965505,0.33082483395343243,-0.5476081270575649,0.41274352346064985,-0.39796429948682543,0.6455014379610386,0.18126393834438181,0.03057413125034175,3
0.2932585896625975,0.12551362765794705,0.7702337098433678,0.8156481214129793,-0.32747477819651893,0.9609081322514442,0.4079210145520484,0.5296572341064375,-0.39536073703742813,0.17900125814271628,0
0.05611604555216508,0.9214144963058919,0.6628743060093873,0.35759530115731575,0.9364666000698895,0.3531005918640041,0.5374788967676609,0.5739492185672668,0.6400048606919754,0.6729086582111858,1
0.2356761156166371,0.3006603364289023,-0.023742501897994185,-0.08579727004916995,0.7615968065989434,-0.17827904943409406,0.07511070250246824,0.4685358748530525,0.7419492107016709,0.368609477622675,2
0.9014156527360953,0.8196641978253361,0.7448925419455625,0.2345463796800038,0.7930452875358944,0.9814122036711257,-0.034791926159124215,0.5252607064048613,0.5962428027242094,0.3481274448063057,2
0.46896604630661476,0.8176715703198624,0.7481315924248921,0.8375826552151399,0.8687187027523707,0.40438177369026784,0.21501803594967245,0.9467424588227618,0.9968509034517592,0.8622795163348714,3
0.2151964748282182,0.22306589076148695,0.28266478946045925,0.43049064570170004,0.3745345848688434,0.15900134954938383,0.1551459095149662,0.7756620414166971,0.29935235565527074,0.6972739468305764,2
0.9057466994997282,0.5344725886498958,-0.01428191523592931,0.9583102210871236,0.04785691000661569,0.15426553175101967,0.05086044202592703,0.8675052643630632,0.7808693403252348,-0.014594944342842565,3
0.10969078934613548,0.7028041267143978,1.0295769340449763,0.5130699187195853,0.8434700841318818,0.6137729219945437,0.5393130980414191,0.3559132058257543,0.46243843018677316,0.5220522403839618,1
0.1590706541271427,0.14072112030560263,0.3323743469548056,0.7360211167504592,0.05531355542351158,0.3243928541212998,0.5270427489939586,0.8035069973992743,0.4476170976190268,0.473309468558385,0
0.17103222176869512,0.9994939549255775,0.6961644547241856,0.4294191779329787,0.8063285629687352,0.7804093920513372,0.7060143122358585,0.5097973163576023,0.3250300155926381,0.31098361752806863,3
0.534577583611163,0.10016099509970564,0.7083694744103068,0.7089715319175107,0.1931611995723854,0.4018266428037244,0.39153761776735463,0.8668645396667006,0.33776605406186894,0.5989487592060413,2
0.4063280722624279,0.6159562764307713,0.8383101312004786,1.3682728653258711,1.1722514800016146,-0.0367785599281889,0.3165328906876803,0.5507813581934686,0.6481748133187342,0.8741272068627262,3
-0.1704590804607501,0.31842789363088253,1.267280158652913,0.7027260763257747,-0.4404511842938844,0.3106198041160933,0.3616203292330841,0.4510785384299876,0.7605256873576685,-0.5646229255296497,3
0.5656659304083457,0.6613851109153067,-0.000577677352517042,0.6164583706616646,0.14797221697909815,0.8047355468588863,0.1926535866011117,0.2935626484721694,0.107036053748399,0.4410596850439551,0
-0.04996143681681303,-0.1137963587801605,0.8810683380205451,0.03207990329919663,0.5915668910729175,-0.3204308154836403,0.8355446732478028,0.610551524118254,0.6702459609920192,0.7682476639226947,1
0.12979063748499725,0.36169898333625994,0.6919655151234725,0.37228460820555026,0.5889870630403142,0.5388108435097947,0.13517654220379552,0.49406531200664416,-0.08547507648450461,0.1638520236645335,0
0.41184833227424406,0.8010653372414571,0.500174032329998,0.8290529419657376,-0.06572489224637595,0.22213784012829738,0.692344526951844,0.23997689077564147,0.12611765475390505,0.14664684423617425,1
0.5380438080683971,0.7118381768629825,0.45552837546753533,0.3663802709057238,0.6874685434630385,0.2960315977390197,0.7064548744404148,0.73359952474534,0.1356300683701404,0.4000078031538226,2
-0.0001463767446839917,0.917789631175611,0.7003199587363016,0.28051413108882084,0.9174936223392148,0.44170185464150935,0.6364849994742285,0.640088271963245,0.6843515648589052,0.6791494913094289,1
0.12175623294855786,0.0843190023604179,0.38012142295643486,0.7075842532731612,0.07165012247400265,0.40361635663660717,0.5245473615959799,0.8419707454837335,0.42307906964218267,0.4446878916929456,0
0.9972299065560556,0.08725039013769616,0.5136453282263338,0.3169421169611331,0.5186625944090051,0.1832675945159166,0.24470025886927607,0.25813123639649727,0.024255610191767148,0.36035465995663046,3
0.2655667191951318,0.3661203514174679,0.5818752191400514,0.2863263266302507,0.7205467256292809,0.8662847844647132,0.8803124390484605,0.12262283853034639,0.4877599488969849,0.6908432385464889,3
0.12612393337173727,0.42826093514743757,0.04414548506207566,0.05645417645268004,0.44427701426785077,0.15328129990913908,0.11187672737894447,0.31283605098085265,0.9080475548764377,0.2928139701285878,2
0.43632838605722496,0.41121319586290805,0.3841192736956437,0.8521779439193633,0.398775319138667,0.9122815087392575,0.9111656351953198,0.2903241598693479,0.06949548745934715,0.6190065417323274,2
0.04840769356392582,0.9588435766719131,0.68980155690879,0.30728465440343766,0.9436170337497441,0.3801221105501838,0.6058507787747562,0.5912031351292021,0.6875529895701629,0.722142023246874,1
0.3392368627514126,0.2131029602056517,0.26439594373825537,0.24838047593597912,0.43967178906813853,0.7575265459626063,0.8559410980200688,0.28149276706013426,0.3482032301453691,-0.03074728011245098,3
0.14829570598810554,0.3341373690886766,0.4231499167710594,0.1524283795044853,0.9294478988699236,0.8720814631971394,0.4373815761213933,0.03733322966129065,0.7823498577484866,0.11902888665952191,3
0.48891345877380493,0.8333238982124321,0.947417321520609,0.8534290742902686,-0.11535337073368646,0.6700279702636116,0.9274691114662424,0.4092575987254552,0.8476169195917832,-0.10809569809407135,0
0.7890577487950164,0.4313672854508462,0.6113172710397037,0.7347789162334951,0.488542500226924,0.8807074765514491,0.6545603065163592,0.23577555112934154,0.23991958789235385,0.4005014043705658,2
1.0092862509809706,0.43850536661204703,0.11707109998385234,1.095248894328178,-0.02557187944121729,0.049669746502183545,-0.0035711628504108348,0.9223414156027704,0.728906062180007,-0.04411747325940586,3
0.2664099347019681,0.9589276083566451,0.6657108278085967,0.4696749781521827,0.7830853850855813,0.637659715446324,0.6078714069237708,0.5153581903282097,0.17823204034490436,0.35056375624044894,3
0.9272262688562832,0.46863822754227685,0.028798658397322846,1.0039502461309078,0.035928235620165394,0.14249465766879216,0.008505505171804184,0.8950587771057282,0.8001029453512933,0.04939462213558425,3
0.05158304938010335,0.781693265543282,0.8464325668173173,0.22788290324455762,0.9858311305252044,0.5349400727140549,0.6957840797640243,0.4739666937649018,0.7165903328946073,0.5016704139006601,2
0.2744731549868371,0.32595950788275835,0.2751860988510261,-0.005663242474365376,0.6972131314613411,0.8479683483857122,0.6344090242303793,0.08436466633550994,0.6399284311553066,0.3557690710915079,3
0.1710224219821256,0.25718122982453595,0.3992549899064323,0.951895700172078,0.68857056255549,0.6536210447588168,0.3376789549017486,0.26547108553859045,0.33619555559211645,0.034046548922191194,3
0.577801170004804,0.7627660993075301,0.8023373177641118,0.8363831059305149,0.8029201958035286,0.41227670940233063,0.15103451780446095,0.9691700379066184,0.9307578951449702,0.7814227651830514,3
-0.1477592168498102,0.332562415796723,0.8275159154960503,-0.00543039956868599,0.48168508152899236,0.018842920362684937,-0.22578954323648914,0.9671173997809736,1.2086781363464056,-0.2695924455347435,1
0.17488713855943383,1.0748816443088456,0.5994730100448358,0.29494350777042716,0.8794446663088933,0.1835313527448108,0.5911924939762573,0.5782455053248267,0.6491727222722671,0.923586191552778,1
0.14061057975454813,0.11117293931962256,0.38048928761378814,0.7259744071992787,0.07971587701823776,0.3857700878538513,0.5299825426444709,0.8545489723566323,0.4312997387001953,0.43772056472667475,0
1.0083237004498047,0.4323377577534184,0.026813080145127975,0.9079647209610463,0.07577415128128079,0.12121116181203782,-0.02949676484516099,0.8727431593679957,0.7849083239414429,-0.02780083129889742,3
0.5978664456657997,0.6977708210624327,0.4770320000057935,0.6648930533945028,0.43877234816246385,1.048846947440246,-0.2765775621418179,0.8233395949577255,1.0399759678300922,0.29485372150720257,2
0.0890346210735969,0.9199094656571501,0.5553639681267853,0.2533874117443486,1.0926479719557927,0.46073057540495876,0.5031679400783706,0.5625704067047507,0.8562234364708432,0.6192519701339646,1
0.6971406338928849,0.43046559583756394,0.6098075552889544,0.7483698024692679,0.5496736935802045,0.9332531900160492,0.6338023238831574,0.31154055593296853,0.18483001538697524,0.4731876587074416,2
0.6050011043699636,0.9541982399422665,0.3012739410781856,0.5466255542454945,0.9960135921687483,0.5122822122064896,0.9472515148679186,0.12340789605434702,0.888057273668031,0.8301719107118654,1
0.1327443113613357,0.6821347197665636,0.9359431824660882,0.6500645445316389,0.7123587422039441,0.6497427369074502,0.42771322346928,0.4872870978816029,0.3613150048677956,0.48530831431583393,1
1.1177019533648769,0.6097243075824068,0.05784586527032054,1.04490614836401,-0.0715494223012463,0.2761961748163161,0.03254396512212831,0.8446351575801737,0.9041082657716748,-0.03357092872216254,3
0.9308306356118053,0.5023763428653802,0.9704719522493807,0.06379119852609369,0.1623982235616733,-0.10328985063471352,0.36954854960723377,0.9933469045689419,0.8253719934013903,0.8716554444103793,1
0.17017088638394212,0.14803901981307335,0.15272896578505585,0.24439884708126566,0.51064966387105,1.0483444456923854,0.8909677066823825,0.2488079654161912,0.7557120987029291,0.2842885153647696,3
0.05580899580168215,0.7753416200161042,0.8473448866705751,0.21713175500787682,0.9860433234400947,0.5327543707449824,0.6847676202445249,0.46170479962003813,0.7164692691693073,0.505720994283865,2
0.8409321687145717,0.1428202431084532,0.0034835585818850765,0.6318698972996485,0.8311693914777194,-0.024834810661850726,0.6623532368706654,0.7712265156284331,0.8418659071983954,0.8737379644283565,1
0.5374397650136351,0.12167249866625635,0.48635022130541694,0.799573678936888,0.7713677019483968,-0.4419455767866336,0.29360337749561816,0.298234829360581,0.2802734019582992,0.9751574275825641,1
0.5097843759420164,0.1226432094973586,0.4865890531872957,0.3056975141743449,0.41737075852188354,0.49648458881684776,0.3765362767918233,0.7778233755200502,0.29548329364325887,0.5891843681941034,2
0.9448344360185437,1.0378296137481162,0.7110075478779333,0.7158548135566832,0.8935358993208891,0.2478825593909784,-0.10036054319997056,1.1178909292354593,1.5572127231887283,0.4720722111603682,3
0.6565531448432452,0.5111187817521182,0.6280597389674784,0.8295136564469292,0.5242856960792216,0.8897587706990399,0.6572891838626453,0.3658331033771637,0.26143969179945037,0.45150489621790674,2
0.4412126840933789,0.46244542894703705,0.1593503900681563,0.6084613647670178,0.31646302678509064,0.01911537749346648,0.09886317386694393,0.7163425549585247,0.09266637371664517,0.6559607667128857,2
0.30865166311472436,1.2596656804568458,0.5150688451361329,0.8811711718754687,0.22498856135087958,-0.033585404643204864,0.8262690460112729,0.1915815227686683,0.9368964895658267,0.10941305086401798,0
0.928924667693988,0.7590603342767079,0.5281977567483321,0.45650256948236423,0.21919663121485833,0.3036717011256522,0.2823014466232735,0.1440468458598032,0.4262726164335102,0.8503819846098397,1
0.16635633967234484,0.4564207295302587,1.0612506923124958,0.2497863959912754,0.27361526199555375,0.001449896273537997,0.9985535352023548,0.18601285762331943,1.0598062629571816,0.21214939566092858,3
0.8680720276995986,0.4890174354091352,0.7372331996755068,0.6429526326325199,0.22737282685130322,0.473229087247294,0.11270007196316743,0.13533196095380604,0.420438209279713,0.9607607400488175,1
0.2014950678410677,0.8434240252737903,0.6582752319834735,0.042533190761937345,1.0732353903744458,0.3555472088348806,0.8351903969789869,0.5616782421741211,0.7202948470372555,0.7925612696075182,1
0.3628362548624257,0.9131944809419064,0.4563541166570354,0.7475063008694153,0.004569474006933768,0.2890501821604332,0.6317261804283639,0.24616430384329643,0.09338352150299552,0.19322432360479252,1
0.6198336391709738,0.09458273990095048,0.28481389250064126,0.279434625512123,0.46676122202088643,1.0051468373847325,0.946520009712758,0.2885911252665381,0.6316084153932479,0.006664068537153688,3
0.46833711174011317,0.2267249337171891,0.2783266754952568,0.1495905370368883,0.36043935346734357,0.8612739236250856,0.9438669267848081,0.25249540590447866,0.46006309531575107,0.040819232460871296,3
0.05686522451264137,0.7753799924140726,0.8481481468351627,0.21881070852691445,0.9852290303806671,0.5299237425668414,0.6862512382486841,0.4601930631453844,0.7170012421197424,0.5088624022580559,2
0.08243879075535526,1.0431903470837935,0.6484419293650093,0.3844676688034407,0.9684174412100213,0.4454352822758007,0.6278128097440023,0.5774145125575867,0.7462193491897829,0.7110621943300058,1
0.42758784341447414,0.15114956859695983,0.9134977072887733,1.0558837558827712,0.39472779054123674,0.8091406963162271,0.23417139500848466,0.5474029982395515,0.6296745910211103,0.27690763679012553,3
0.4398512967419138,0.5484149528513275,0.5965887893122662,0.06747034398130777,0.940467390409457,0.8533757586385065,0.7695439345894436,0.21523708489723814,0.6574917459506509,0.6141505945198246,3
0.3892313836387291,0.7329543415088869,-0.08939351352582317,0.5476202930866503,0.362947500898576,0.7462022083774025,0.8761534417727191,0.4148253509824953,0.5093736707676997,1.02036182410184,0
0.3921575403336113,0.8521324991779139,0.47215642081005105,0.7984064296832777,0.0026490101455381825,0.2673958942977659,0.6006535383350513,0.2653924155848972,0.1582456023392996,0.21036886601116467,1
0.12581903209105746,0.3832626231397495,0.01659000204946789,0.06697867267477672,0.4554518093443094,0.08002477003558146,0.14165432989562074,0.38082176030066955,0.9098766326072469,0.2493631525393058,2
0.07452266951571618,-0.10864964250717285,0.5040181206972763,0.7468504905996101,-0.04156794093119531,0.9337854633212518,0.668722884870607,0.4710388977878573,0.6902879431050835,0.6070689501344352,2
0.9157564438273621,0.7639214167167678,0.06907255232441141,0.8098001406190277,0.7031582991079599,0.5838907873730375,0.42661199739948336,0.8327573896097774,0.11455379653765689,-0.0314757480020825,2
0.31228244543859845,0.9676284069166168,0.6668127134014595,0.4215038969587521,0.8176627012696008,0.6396960389327252,0.6052701046160026,0.4727986823150799,0.1373110490172273,0.33808331761092425,3
0.2679385060662985,0.41450233684503357,0.5976863405644004,0.23564549836974244,0.6971913517237949,0.8938043227102234,0.8372281270372558,0.12603249765796798,0.45890376364690466,0.7033095764195434,3
0.7647247819976342,0.21704590339378,0.9287314733434223,0.9944110412439876,-0.560442470812572,-0.7272400671132784,-0.6001162201440993,1.2568645387773278,1.0322753046607542,1.8570381850375495,1
0.8526868472428729,0.8827510699305612,1.1285790682135997,0.09349390939091466,-0.010002817510334078,0.14712342172799248,0.047885336972900816,0.7111344580364692,0.6193221547829455,1.0934084662295238,1
0.4173770265531279,0.8198855180366574,0.4691925463847386,0.7821837419609323,-0.034972606668780895,0.28181353115638547,0.6346573588644756,0.250570535924217,0.16903249329220998,0.19867811094118093,1
1.6037551202944624,0.7145880701808969,-0.08322455221073771,0.7446101979866748,0.08826880313297192,1.1656509311393624,0.36955107833112666,0.7105646459225007,-0.4214484596776655,-0.25538089907491573,2
0.5236699453974483,0.8614508758447675,0.4550196159315894,0.6834692982959995,0.8650803903848433,0.5850539774482636,1.0358961249773462,0.18441630206113718,0.8098296647852355,0.6703510997161017,1
0.4340213801168769,0.332282840722693,0.3679429937672119,0.7528982984783991,0.6270823657079618,0.2674385293034286,0.12904528516150618,0.5480691711244166,0.27978415072423346,0.4949710749914962,2
0.5979450630545684,0.9650683085500961,0.3030336586140547,0.5621263414032666,0.9795842398203235,0.49456949683722623,0.9644565244933124,0.12809355780498372,0.8841261250207569,0.8208266534559227,1
0.3965507116730407,0.40882825992578536,0.7540318489325089,0.8407765058723715,0.693212508482709,0.4358399006205577,0.12662110428048257,1.1102378044888284,1.105722295640712,1.2416821001396672,3
0.7146533329167999,0.07362802201524116,0.45097650419666224,0.3804572260162927,0.0004807330122007514,0.21570687186040477,0.058593951354958845,0.6509361686488816,0.48112641280167656,0.7138358061073661,3
0.3443085615908217,0.9117399657601968,0.8840663674142615,0.6483923071976634,0.8077229669566482,0.26172524008664416,0.8420936238126059,0.8858672130948,0.5769082564909104,0.096314289100116,2
0.4294715442392404,0.693371479360849,0.024514002408006913,0.5938439924291977,0.35392445763411556,1.0817837774171357,0.29702957057681334,0.42471720040474675,0.20028173392022294,0.22318529417641886,0
0.9710417216025313,0.16153527089755154,0.05455512908178233,0.6566453205315157,0.8922151334510697,0.20775888290934236,0.5802503149079119,0.7580616662316485,0.7356441125333313,0.7430276008523778,1
0.4779169012823866,0.822581081450531,0.22446155123703115,0.3026695116961561,0.011640091218428766,0.8890092993693817,0.5997028773911115,0.37891656069357577,0.20838397208055642,0.992626861176058,1
0.6641601929076141,0.101469207587783,0.42487350989481043,-0.06548528204124926,0.85721985398066,0.7873765300464263,-0.03169423941329497,0.9883927688783739,-0.4290585513371985,1.3613207715899642,0
0.19972266235428737,0.37505524548759833,0.5988582815818158,0.26623899427695247,0.7778885752838285,0.9061174281381846,0.8425348408253793,0.07747452386864204,0.43584802968494235,0.6558361382552138,3
-0.3717492167194474,0.9549437917684005,0.979767052301465,0.3863667520195978,-0.22999362865367068,0.18379773086073237,0.5354283733607581,0.36880903026631096,0.4489492277758891,0.013045943283157148,0
0.21763539476434923,0.4544991170874771,0.2064905111628933,-0.8154827113794028,0.7570469186426376,0.7186812071001282,0.3056473768637721,1.3998583323273261,1.319802497840618,0.3943477844870024,1
0.23108930867027508,0.0717360294252301,0.6804884278906596,0.42330459380471397,0.9916548522892425,-0.009324817733518117,0.9038674225686959,0.4964525405945905,0.4162111908451028,0.9870077916896103,1
0.8679164307932034,0.18427395666466828,0.6373513395255266,0.42369992256840583,-0.2978801499075367,1.4165449973096442,-0.1984578285219899,-0.03445620674604011,0.6026466590890721,0.5524136432173394,0
0.5448449491893528,0.8938306399122449,0.646077621200683,0.8678284111649416,0.726044565258744,0.5017647616132218,0.1960339036575228,0.8923552794393275,1.0765319752105884,0.7338125951171777,3
0.34741969418566326,1.411426052081338,0.11569939077550451,1.058070771751337,0.784365155688924,-0.05155208344032142,1.4319089845243242,-0.024814414419465664,0.6268216969435219,0.9297894570057709,1
0.4012781407298561,0.7614137882984173,0.8067210426335873,0.6719708346058674,0.15269605793263213,0.3391272580630922,0.9616392427701845,0.06327152049287657,0.6989655597713206,0.6688592377958911,1
0.2752547945421548,0.9438254997756851,0.6695085043992212,0.46681516243356475,0.7768688104739324,0.6432540803906704,0.6093403685852181,0.510029779440093,0.17748805009917915,0.34445893035702685,3
0.5641665764820225,0.18362794046079928,0.3622552109262185,0.1715786589133222,0.45295322577622565,0.9557503101782041,0.9053636330669542,0.23948716666088649,0.4155895669307854,0.007056072125456732,3
1.2439035722692982,0.7829258060151983,-0.21572898756647807,0.3166752994390386,0.5657595047146697,1.1776972323171477,1.5125315286447116,1.0444009146645572,-0.2848680549682395,0.2707392174019937,3
0.39344490897721085,0.34967299751389547,0.35155437213583596,0.19503127104452503,0.3089215481039543,0.9376334621898859,1.018019414149924,0.33020504453189237,0.6040214392443475,0.08134880743509543,3
0.9652365494260942,0.705595297756076,0.6623257378788184,0.23216846183023276,0.41423311623005626,0.4754540660705044,0.44422607201444025,0.9606187898382981,0.6469922030145318,0.8280892677264573,3
0.8964196086561355,0.1219037561414258,-0.07581028327411266,0.6663274147391783,0.973159796882327,0.11993921688494892,0.5504446790621024,0.7811215239100062,0.6373607415652092,0.6500220080810488,1
0.8374518862936471,0.8094829856207846,0.6190775365775344,0.47963192194091625,0.1682896253615156,0.26320676596071535,0.3541695129210416,0.07686046676143515,0.2534055270190545,0.8218783652138034,1
0.09861152815436841,0.16884303707194195,0.39575259028726945,0.7109505310475283,0.12882153475757455,0.43734467241627417,0.5001605831249502,0.8570951321314575,0.43314904310262614,0.4479861171032629,0
0.4096549951685227,1.0390858156181433,0.5796823220996279,0.576810183114776,0.3210597906527936,0.6301251165116628,0.7690178721336092,0.15930232360268898,1.1096268018161861,0.5161075611373817,0
0.6601421501775974,0.3866235947173575,0.5514010016896549,0.7216061554462531,0.5228528478966462,0.8994333422365143,0.680879038418902,0.2904116558190468,0.2135167036347751,0.5143350372483939,2
0.4467844713055087,0.565204073189864,0.819786182802504,0.47974354597194024,0.5535801455099667,1.285442877002522,-0.1306048831035016,0.9302303756839856,0.33283793401975226,1.3547115210532228,3
-0.13336411004149074,0.7718419660870145,0.2712724421917394,1.3488399312062318,0.591074724965609,0.27143953315941693,0.9289959463871564,-0.7011079406656504,0.06876694860660543,1.0807983442182794,1
-0.05078768215136503,1.0958563909811567,0.1386104837496199,0.27992952862503734,0.7707348254485747,0.7567803344524154,0.6368297622189146,0.024211409303518894,0.038260094212634044,0.9280561391747256,0
0.6233236278322584,-0.044675559907773,0.5052328512148846,-0.022239001462321828,0.15632561441243353,0.8917259847511078,0.2556947579689116,0.34497533728612545,1.1836523497444273,0.03362163014657238,3
0.7347040185186338,0.6510221555955743,0.8682082201619088,0.08590109201932765,0.12704184691559392,0.07156757617990171,0.3374834198813534,0.8931084739785439,0.9239000804117901,0.8274486914503769,1
0.932895535928756,0.7644340050893301,0.5066307455613798,0.40968361804983566,0.32542256518010126,0.2645916070375207,0.23043018467533646,0.08225395138195145,0.3749357538178347,0.9065282341959721,1
0.22922395755007763,0.31799502537366614,1.353473231805006,0.859497091260781,1.0582142627231674,0.07156805068002947,-0.2209978952550164,0.2876883484761291,1.4708621000188762,1.2478955489934203,3
0.6108863975951944,0.3763774210152684,0.18490995525851872,0.1016007166718228,0.36869531383839754,0.7168569844882096,0.9109078650046832,0.21473217632384825,0.35208548264288875,0.02755486110290268,3
0.7812065201304373,0.6503697121913432,0.8886353209197715,0.1810859432697226,0.0595947214416577,0.09947898001392833,0.3786263651024014,0.9669041253034765,0.985445826313579,0.9408573094912026,1
0.6030027026085749,0.18758324393195747,0.4164062092835722,0.38597376952654183,0.32638664290441405,0.45598636925161357,0.35131344202594084,0.702478678900188,0.408266988112812,0.5332871636606822,2
-0.019993300887737986,0.6803849275254272,0.9470823880532421,0.2920351056770252,0.4550962374866983,-0.12349439126714132,1.0509974293627684,0.23521357595344283,0.8586181437923256,0.2445651450366219,3
0.040095056573280774,0.9246630860808481,0.8348661011933218,0.7727603396250851,0.19384005804467958,0.20759014915740379,0.9760408376079781,0.5103107415008898,0.6648954800586933,0.08606679277361898,0
0.024609470737606384,1.027666464841991,0.6462516853210319,0.31339618008970627,0.8438389332081435,0.37182742143698255,0.5052126502876948,0.5477306538946668,0.609504721044315,0.653421730377864,1
0.20231647048854748,0.779714619997944,0.14952985040519273,0.9957334153638154,0.9594326487173145,0.09293638950690303,0.8862069960937263,-0.4258905713245945,0.7279798007683903,0.7215962904466404,1
0.723307579744104,0.49466745507918575,0.6170457310501377,0.8052435982342258,0.5435774810945402,0.9478761548929969,0.6902335298570481,0.3120677618324483,0.18924320669089706,0.5023226211170485,2
0.6451320688464165,0.4536730027263258,0.5442440229425585,0.8068115769881182,0.6184578059714769,0.9811159812075569,0.6966747322090999,0.2551327267898343,0.25136230718329566,0.4411417627522883,2
0.5192882016357944,0.6608669522643009,0.6119269173919126,0.9942841334046576,0.7530583973170342,0.35103647795183646,-0.11976701356551689,0.9102750717828016,0.8482235994631886,1.0850945448141347,3
0.24515148428430567,0.24315420160237233,0.0710502699831739,-0.04423978660221262,0.7423410265463148,0.6692740496464367,0.5213817370156855,0.07869222251766125,0.5697186029232522,0.37115032002297466,3
0.46445524084444556,0.5499121357083272,0.18888094604387823,0.5519085061653971,0.4928918621506103,0.6753024751363083,0.9708183484901092,0.8572817936074768,0.4466614623817813,0.21354853018776182,3
0.3910446174451855,0.5559222464069885,0.38769544714355486,0.18121710626565773,0.03566201301908997,0.6771507137861891,-0.0022981305884402295,0.6742694308901392,0.9432457337648446,0.12130736666122824,3
0.28013793227791856,-0.11329169225634478,0.4093267792029004,0.623636276583712,0.842006872283072,0.3793251224498869,0.5903292469678109,0.24514630484775518,0.15297658114118065,0.06463093327523395,3
0.2542687036314001,0.34955098508738863,0.3034364512360512,0.0016388269731042009,0.753232644385836,0.8368273992164869,0.6923874658034569,0.06073615907278764,0.6786823583582262,0.35227245472906354,3
1.0261357213157314,0.6194637715952146,0.1650521879990696,0.9213571039825007,0.7018236224055199,0.7734542935251416,0.6032931559543817,0.8608766418261568,-0.08064361373928751,0.026115603430706763,2
0.26314744098663967,0.19145959890281844,0.435472399978989,0.6965226585348121,0.07805137016208061,0.3097485285603324,0.47058193845243496,0.9148825267823519,0.45541085024124006,0.39028840512474633,0
0.5340202740946954,0.13132049781036684,0.48987245439822663,0.3861480045855328,0.4884475514337742,0.4366714099808613,0.3218672373922223,0.8214262960358216,0.30305709897838906,0.5524808733109724,2
0.15818233612749183,0.9788006345146417,1.0670774717037586,0.4178264466819686,0.7172788436612733,0.1890936038844975,0.8541148867784246,0.8117673594103901,0.6166316838652124,0.015951412109893037,2
0.2363292290942804,0.34537860703151296,-0.0823475701642302,-0.054922742527214616,0.5851391619501609,0.003690048841515456,0.11987955513109853,0.2867663896362717,0.7923015103009263,0.05595980514450111,2
0.36016704183285553,0.1393691281071418,0.5457821236525372,0.17240339679145744,0.1949413051409675,0.6179333272588637,0.21225666138611615,0.31582655557221373,0.8172375332163316,0.2833210965497626,3
0.12621365536909848,0.381636869957191,0.033742872895879544,0.09383176844340602,0.4673428311423418,0.0745072809307295,0.16458973672260604,0.39238426517016095,0.9407279362821312,0.23128722101314764,2
0.6999510793486504,0.46787408528476654,0.6797323776088764,0.8107146147555915,0.5342656181288885,0.9312669380326352,0.5487010087946105,0.3865365018676291,0.18141586857878547,0.5555814389893449,2
0.9193538019252921,0.43251687415679074,0.25012441617607095,0.7897872973557379,0.7517422650819803,0.5896491992825715,0.5436411634394123,0.765928733163175,0.2186099198243167,0.09364153490278918,2
0.3408935804587734,0.9785026535895142,0.8004734711480851,0.8503119501959931,0.6578751870269339,0.45943525528714513,-0.0038586507970799766,0.872698290777871,0.8109172108930178,1.0710586845340284,3
0.33189549882047026,0.9174926483658244,0.7091869860552367,0.8102672621929546,0.43134393175683616,0.24077423142849058,0.9114427132530916,0.11867749689328655,0.40687385569800466,0.7757974896248658,1
0.24847469141026773,0.9204171183521055,0.6555333674587441,0.4240649766155076,0.7661217456687882,0.6323378612989833,0.6054371865853538,0.5540320795824513,0.13281873594950958,0.3672465906568295,3
0.329686285514632,0.5166092001566813,0.3413978326869498,0.5314836927799831,0.4626862816843684,0.9486140555044712,0.03016221306560346,0.4228201937483341,0.3802676159802764,0.08577735316163013,0
0.5108632585230717,0.6758872640036023,0.9260867245461902,0.4350440104957235,0.9783698780927831,0.6954884813305853,0.12541131697864835,1.2003185877936047,0.9557224158065794,1.3563432744192279,3
0.5637226356391563,-0.06190233437229167,0.7235650639923663,0.3040213184030549,0.3263008063580073,0.8163866731443014,0.10972985959054518,0.21006201941222555,1.0741315551007304,0.0977716810420074,3
0.45175595598910645,0.003696852545319984,0.4940935458149471,0.3586317737969813,0.38618329330332685,0.6146865017978776,0.3856455183467974,0.6621298722310771,0.17056439283848415,0.45549567171769845,2
0.04708604994430212,1.094435736865472,0.5849112482460823,0.5966056001786793,0.7743454073020397,0.6447500149377514,0.5973181588864558,0.6697034185222728,1.0893962876972911,0.8845846905672858,1
0.03055922632845768,0.9719649893726954,0.8501812275963098,0.7747624642621804,0.1302560579646012,0.1358986988617297,0.9321291747279901,0.6030325473913865,0.6995381693153597,0.0362105731316399,0
0.17416496741531873,0.7893476584198167,0.599213362536998,-0.3551885424815756,0.7534971315950394,0.6462122280250907,0.33124879227929865,0.538392172397596,0.38288963660722475,0.8987735181929195,1
0.15428408980332295,0.11064553789581716,0.40981487022719376,0.7382229608673683,0.06537766213221013,0.4050426120809833,0.5423642481343259,0.828614701049023,0.42483695583599357,0.4335447019845431,0
0.9612989872820125,0.4960450430756459,0.030365491134982804,0.988459741281028,0.0675687522061181,0.11799068646615676,0.026558650076819283,0.8825855969689161,0.8080065912210971,0.05504261394131328,3
0.8348893113358519,0.862346087676558,0.5760635805323198,0.3890620330044634,0.8568497846144891,1.035515728178089,0.209306308363227,0.3405972568795941,0.747614191557893,0.34486426576080015,2
0.3457628661099714,0.4555552784607007,0.4914294375034373,0.2270748720759522,0.627656762228615,0.6889193449793605,0.815886120269284,0.2730283199386541,0.4435562194810139,0.46835891541034236,2
0.22826963422814306,1.0183957791977947,0.6759451055039595,0.5351386849951485,0.754764404067975,0.6436895352090202,0.5434236688581998,0.4926403392853264,0.19385071550931046,0.28684444899654116,3
0.15038641390762578,0.1615858431393278,0.20703593873329615,0.2389478618851902,0.308520652273688,0.8703114087813951,0.2496416939866978,0.3583693277207254,0.6854337611279471,0.4994985930078104,1
0.40235165304515413,0.6723275292791839,0.8337699147766087,0.7853872826039557,-0.19059813533710834,0.6200296074914021,1.2738664900841123,0.5322368299798583,0.35218657965504474,-0.1748588238735619,0
0.9493937163605666,0.7959399167787332,0.9673099599409736,0.002258152381999917,0.2964685572979252,0.08939817710143905,0.404315141147068,1.0704684032305698,0.7921804706402765,0.772274630602431,1
0.6115228611294137,1.5224794170699805,0.07672890013436662,0.8678607519674105,0.48266969163645523,0.4649522721060416,0.9949792749487385,0.80268042280537,1.1213209943709583,0.4823689587047021,1
0.5969539430668976,0.7291549898770828,0.25739717994394495,0.7260185325250541,0.14244880802087334,0.8673833280665086,0.13250531598077758,0.4263814028524581,0.2023668354887764,0.3905828153949047,0
0.6228596083315856,0.9493066584247101,0.3114031372575991,0.514623758254416,1.1289999254868965,0.46755882577297775,0.8426109333675177,-0.0110840625457449,0.7175090473969084,0.9700685649061651,1
0.4169380614679949,0.4692098269847022,0.3486046127458914,0.10947133700305575,0.0893792996387215,0.7589446961843759,-0.004395764783160547,0.5286761743957822,0.7767773220709866,0.1988314015465617,3
0.3300964940372908,0.454951033671329,0.4864742417152649,0.2942073540327558,0.5995642262860611,0.7015008319832162,0.8401453886823038,0.25693458654076484,0.38140771595700446,0.47924938880818363,2
1.1530403342122997,0.323397535417113,-0.05801524359430321,0.25590578942223874,0.9654777860722171,0.2521390846034911,0.01562810777588486,0.557733225271366,0.6600198526754031,1.1547908283748447,2
0.15834155099399277,1.2043939329141775,0.11892550275263047,0.2215393942065491,0.6202245379197467,0.9519855310803711,0.817982589808562,-0.05965755863260408,0.08515595180837951,0.6168341735818497,0
0.2349997034189076,0.7640006668762102,0.9284714640125491,0.6640711359974094,0.5914113597504367,0.33523056716945054,0.7758934539970297,0.33461516384077933,1.4367601619292572,0.6461862314691067,3
0.3628406077318118,0.12526125789370743,0.6052671797954883,0.2592803205462117,0.2922728997243672,0.7045944610856658,0.38489229159343097,0.8180805826963969,0.5275294070125799,0.5540092045141097,2
0.5444554163310895,0.46694332640262604,-0.21632691961918216,-0.12366566051691968,0.41995129519723673,0.567892580001848,-0.06650239761657112,0.9598990920999174,0.25949282393123896,0.08560324721259788,0
0.2985547465817794,0.6141539933331545,1.5326668430853443,0.39091455383885393,-0.2797263632782984,0.7013004097710531,1.6221897014061395,0.40133851418483235,0.49206621666419154,0.09719301694195226,3
0.39589882962876083,0.06898605880974135,0.6201899124110246,0.12845130148186845,0.1587307297060972,0.7263184377472074,0.332525858868028,0.2945830750381903,0.8971027558975466,0.26455461022106014,3
0.4807939343972158,0.13332167059210165,0.4522359498026949,0.3012277454652517,0.4456214446387147,0.46483140009840884,0.3591236895324077,0.7664507424864275,0.26958421302462215,0.5606644490134899,2
0.7517918968661759,0.47661913363929087,0.1356598983652853,0.6561782969815858,0.5178130284878237,0.8267224371946054,0.9125359666678253,0.8475406412938999,0.017686715265442576,-0.1376524599782552,2
0.5652666267410646,0.8941802585067802,0.33591440439517706,0.5831330324675499,0.9076566998832472,0.47904787557821304,0.8941648882033825,0.08644514682921234,0.9394729989045076,0.876451290618052,1
0.20245773676706386,0.131786316350423,0.34586285915772885,0.6683686290683339,0.1503211603940673,0.35734426599335867,0.5546382491744858,0.8136562369017701,0.35751006615454345,0.5118745433305409,0
0.9600952792719074,0.5895448619646864,0.14657524075412534,0.9886264200231554,0.6573061940238015,0.7057499058512429,0.5193028768870448,0.9768956474454794,-0.006817839945787782,0.06283540818227984,2
0.5650492629512149,0.14436357841872527,0.468168579866429,0.3114851487902095,0.4857917104037683,0.4963977578466475,0.4550548246720463,0.7826245705832582,0.3711208120932387,0.5964822707191798,2
-0.05523897582445515,1.3029106687263625,1.2320921780962806,0.5105789257122724,0.5478183414328054,-0.012602683608545329,0.9082050626450926,1.172240512813242,1.3235853674591458,-0.4051349156669489,0
-0.8521441255036638,0.6460167746233141,-0.2987031971075811,1.2139348977336661,1.5032136664483102,0.09446052184809292,0.47740412529371135,1.6988669955113178,-0.41101626100330213,0.32181466930305214,1
1.0878779935374532,0.6218782536507166,-0.010372631354670342,0.9416792220297063,-0.07721110128257803,0.12163174342450565,-0.13026005429211207,0.9720929894645788,0.8659038690610441,-0.008823072836447905,3
0.05911878139353658,1.167742907160388,0.9709194203585503,0.04356257437392408,0.8223132377013193,0.3008743393176653,0.6020718473029693,0.8644603271903416,0.5228705581751973,1.0184317112046617,1
0.6574802694418163,0.6066259833278811,0.21543144753820687,0.6667069901536955,0.1638159630980161,0.9629156560158267,0.17025781617621166,0.24375606197745533,0.0435019283480928,0.3666090539079399,0
0.3914732392170162,-0.018048112576138697,0.733366608755303,0.18240182420584894,0.16590698741252238,0.697170645488252,0.386343904974369,0.08599277034653391,1.0044069473413506,0.18695941561820636,3
0.5847768231004932,0.44215649917394134,0.6829939725545146,0.6645725482125969,0.5671414845625335,0.9065149742442141,0.6780886298277707,0.38768726898544226,0.277667316810942,0.34187711781792773,2
0.5734316956322582,0.45601852762280964,1.1974597690206115,0.7753408211414504,1.0455381347739565,0.8046469856738087,0.6906227310504576,-0.4103424529677002,0.7466978697910354,0.28864834648451915,1
0.9287852906636686,0.23543993483851405,0.036428939379773095,1.0418160228999727,0.6944606613119086,0.995526866636852,0.2871375051737941,1.1137300287735892,0.3463531587448451,0.23235319968677437,2
0.44714700752142056,0.20836837300719993,0.29637569107667144,0.14018146782360005,0.41200062804610355,0.848776803346924,0.9897925081693861,0.2816883911437194,0.3907911622469522,0.05129614491123666,3
0.05676261372243663,0.7740450890619396,0.8462897499752227,0.21939350339417554,0.9869860921009322,0.5320693764097164,0.6849713497205712,0.46289192660956485,0.7161111937613465,0.5065530937661987,2
0.3088611584366771,0.11484904157385174,0.15159234162872703,0.08665397751941761,0.3698905186720053,0.7293539420025585,0.8638401197000272,0.3479815366468483,0.5058743155449555,0.04614974737728634,3
0.9413551847036894,0.5080020974069791,0.124575558658056,0.9111799546285008,-0.006430020221400691,0.16816118596618113,-0.08570601861067395,0.9023052065664066,0.8304763289058885,0.05693331662560949,3
0.4897453375341294,0.6351987040250582,0.8410353012737923,0.727605258883619,1.0710926329354125,-0.20247657986479117,1.229957154619587,1.0667160618170466,0.32281576954471297,0.21250830698724052,2
0.13248490010081598,0.10021159017960263,0.38709928127935983,0.7220127878362211,0.08885475081037625,0.38807978363965134,0.5324328010899959,0.8461731754048921,0.417341019104201,0.44959254588646896,0
-0.09132806944743521,0.25930957587621906,0.3053928384746747,1.223404263675746,0.00678667224024504,-0.012252333841118568,0.5846045088905668,0.09885471325728301,1.256712442573586,0.8433598782623051,3
0.4663590667804314,0.9705740153191184,0.43936747498412326,0.6198297105827346,1.0368692288454884,0.5003717238233374,0.941907883431935,0.09480273594327984,0.9357032515127504,0.6668224786174184,1
0.08712266939996895,0.9308111304717303,0.6712833483761224,0.31491239497554196,0.9523635379958444,0.4163306641878624,0.6142585293185294,0.6039794274005019,0.7129809011371677,0.7285767833546425,1
0.16630150381331257,0.10213217478447702,0.4246294123080124,0.7300136749206164,0.08612801168680347,0.39644552334522887,0.5341839151898617,0.8599555787032511,0.4013293310810271,0.4088406631237147,0
0.016559506248555428,0.5752572695381633,0.605419907967671,1.0184875095070467,0.33839950990140205,0.7923973042643628,0.18416084887202122,0.9160361647976873,-0.06643580039246583,0.8880749974827262,1
0.7713166028978827,0.7010390716860713,0.6322842922516859,0.08522429037489199,0.056178368580576066,0.17123271436619175,0.5274070823820298,0.9889455460896757,1.1424676420354527,0.6041916455515681,1
0.26613829693948676,0.9804519988663314,0.1410757950695788,0.3048780230594993,0.6828608254454352,0.6243818390889874,0.4655068608537179,0.2689801757166566,0.45304112477262093,1.105553424202657,0
0.05306516586971869,0.7705020473602039,0.8520218287481159,0.2168217178180118,0.9846141436392604,0.5263951760862403,0.6798605701559998,0.4645542293658866,0.7109566271014677,0.5076258177724817,2
0.4459602373842486,0.6280235081466069,0.2814825041156118,-0.23755140371958328,0.6739885213110921,0.5244388461619162,1.0479032305019917,0.15548017231038933,0.7427676845774497,0.5991885393814733,3
0.24381133916297806,0.49822464253096366,0.35462425424649163,-0.09376874918633595,0.7825817340773029,0.7263494209862493,0.6857519456530881,0.13083603310232597,0.7038791422353629,0.4410241808297344,3
0.648510862308551,0.5622294922021154,0.9250907167414197,0.669813870713717,0.4644224744694043,0.40599430404279313,1.2161236212337538,-0.13401291393268755,0.1767107136449174,0.6434940590928262,1
0.2875237644986342,0.2420515037037428,0.3699954276265252,0.12284821896495116,0.6326994977140252,0.8611125965255979,0.6557476677122379,-0.034600447231019335,0.7666936074851844,0.4147087400212647,3
0.4341930307792107,0.24651106889512137,0.24232229881426026,0.01840170401768071,0.6317297089647552,0.6407370374478836,0.23041331994193034,0.6389693748073344,0.5246757338295782,0.6502656103624047,2
0.6807971714150419,0.5862808246763063,0.7646937562217402,0.6781280335127885,0.7307874614663614,0.013147541429269105,0.9786032347414895,0.8268567461139288,0.8008899933631386,0.10862054124450303,3
0.2205378036783985,0.36151754516757495,0.06451326016800779,-0.010572265335830111,0.4237187931972201,-0.022847488585401185,0.1251317847549999,0.3954167337872532,0.8676296810692731,0.33528120078602264,2
0.33839186948699884,0.11316630930712188,0.46116288614177753,-0.03476143083503794,-0.024864466991324247,0.9302513772294554,0.12390186074565546,0.16633512462725802,0.8510331794554392,0.34450699604387924,3
0.248652649650447,0.9644856070273969,0.6956818030805655,0.4614737941026549,0.8012871481061612,0.634179093834685,0.6017721775022683,0.5019639829681716,0.2077524130414757,0.37576758922894127,3
0.6833703541085485,0.01157862941775488,0.45209695019019236,0.4579403174249953,-0.04876968347828761,0.4763094051836775,0.026634513368227364,0.2050478116182079,1.1119023826163308,-0.01302199668226145,3
0.5102756877189663,1.0118012013632878,0.21566192629781933,0.6087746352595368,0.8840586919126776,0.595263873917542,0.8866929515262661,0.18523529288431753,0.8624192921734081,0.7901722440112974,1
0.45509278703072886,0.5443509070188013,0.20496609277504327,0.5806392636795746,0.4874267677607395,0.6489030656244346,0.9519172943772827,0.8677413902897072,0.4461297482907303,0.19913314375549945,3
0.09265756348144014,0.22094419976135282,0.464218624463263,0.5995912414607811,1.1370988878768715,0.16256874120945222,0.9836345928009411,0.5288479206049488,0.4747238543088833,1.043736923653842,1
0.8958871860327879,0.6378843167708923,1.4674731385833701,0.43988350359964007,-0.4061508810251423,0.23708351346612813,0.1461239822941871,0.5450175452000434,0.8836687907162817,1.1059555650164596,1
0.6172523110851186,0.32900542983578995,0.34484880269329626,0.19610910383414934,0.500287114040407,0.7382301231443145,0.6150305764182082,1.032264500472266,-0.05801985176780167,0.16893376086994888,2
0.43633136772444997,0.11309709917174743,0.7240551751964457,0.4174104240326215,-0.1819066230630667,0.6460756130472971,1.190170847809782,-0.13176876128499804,1.3119218300492148,0.6976445574498618,3
0.7683341783894829,0.3871576777949435,0.32239963275736033,0.5360897894260183,-0.0712730532333713,0.7464371858882441,0.3447054506917303,0.4670036997156635,-0.018314441873650736,0.5306618588816103,0
0.49257039904409194,1.134855535514805,0.780172613993436,-0.11628571962164386,0.18732485902706075,0.9622202779948943,0.48627266790033463,0.5932975345309129,1.0824415076039513,0.8154156565023791,3
1.0070105441240593,0.4677128003325242,0.04115338969473126,0.8965820160415883,0.0023117615451317963,0.11086262773317998,0.16042353760574213,0.9690931817581065,0.8872898049064393,0.10106562689984336,3
0.026435981893566954,0.8267966620475775,0.7743662267484748,0.2031642039809743,0.8910335426734495,0.3609853027949294,0.45140644804248964,0.6524059635155208,0.5776686567228654,0.686171442509655,1
0.5060325217886341,0.03706655897223102,0.6161370754304077,0.34832050044696156,0.4134484936768822,0.4942067633920418,0.26218751834317794,0.8160531875141093,0.45052960939394937,0.6408136175517243,2
0.9667702100334686,0.17591912163344642,-0.10666699050204932,0.7794800451426918,1.0041315986823345,0.0861373332417969,0.7311601303147113,0.660054120946481,0.5989499907741924,0.5910571229278344,1
0.20623190079902098,0.37136740607430485,0.07241183685610089,0.03601215258565646,0.5130166425184394,0.15223205401264248,0.1830836648671486,0.4288156868474278,0.871283708607701,0.235496066413028,2
0.612816608191723,1.0179827149988137,0.27692315319262223,0.5221330931486715,0.9929224822637925,0.5184419042641808,0.9482518538152406,0.09504942479539338,0.9277386517958763,0.7813005815461944,1
0.027629337677773334,0.9482973911391408,0.8129448099079488,0.8575248339252628,0.15799993631613804,0.21229874457810935,0.9407721115897093,0.5617886617189822,0.6828447724502306,0.08088033538435808,0
0.706913546185535,0.45531282850888827,0.54987627588049,0.8059253779784973,0.5167903105524231,0.8793648548456359,0.5954096200395165,0.35782689577515914,0.17209165551825656,0.5380985177426116,2
0.42532866438237393,0.2711871761847689,0.22196332869705424,0.07775926785779773,0.5079037387923916,0.9950290647150284,0.8277303833670839,0.0961010553053617,0.28825868923146414,-0.11242077050608534,3
0.4725213240901036,0.5514915508063071,0.16324270495544235,0.5828156911210163,0.48919733568746115,0.6666326530229891,0.9368728066236148,0.857154207905204,0.4497470096239191,0.20141412519457227,3
-0.03018320292393592,0.8825752298263425,0.6645819691139367,0.23980367650909898,0.9577635634346316,0.46033715369952355,0.5621102982698953,0.5118044541105413,0.7098393489805565,0.6847941479984565,1
0.40909537909234006,0.9394363029488921,0.5467384025912388,0.7785290411059862,-0.3660846996742373,0.12777188727412006,0.592751444922431,0.11516475936576032,0.26542572521502783,-0.014986973883075821,1
0.9240385594195882,0.49112554047471846,0.006700467076195931,0.9974896400603825,0.056504213984358675,0.15282309458167775,0.02762543901483184,0.8820433492307747,0.7897668866788451,0.03510106845804935,3
0.25665529600331327,0.5382451014425601,0.8229989024314591,0.7094282934747663,0.8495251968708266,0.6626556061010068,0.34416731456338023,0.590877566080988,0.44100341291839373,0.48822728602628646,1
0.2888453160899821,0.8845698089422565,0.7502589203594192,0.3861934109528049,0.6535247544542937,0.5376867167920856,0.5540596480135386,0.4218226043323491,0.16776706255740062,0.3079652322052394,3
0.2861318034769963,0.4259420060832079,0.41256355246941134,0.2994131275395203,0.5710525672095561,0.6979701286466402,0.8448703743892907,0.20487653053119118,0.38765779005108664,0.5034417938897695,2
-0.33445252782647944,0.14666542258783244,1.2522576927358695,0.16589449864300038,1.250029063952286,0.7499850490311681,0.32748228085437875,0.2006643660542236,0.649302387967696,0.8887538874561415,1
0.04617400731577954,1.0216194646229662,1.182174943728337,0.10029553117098522,0.5850911770514633,0.721774222587886,0.08667648680524215,0.8475996612973627,0.4524993647849102,0.12802192942622015,1
0.31697702516947207,0.1839657058854955,0.6311956293877303,0.41947005082856276,0.7010477676503325,0.9624128011026477,0.9015843013537119,-0.10954683398970311,0.36554077457625633,0.7811691472796317,3
1.0259355601851832,0.9957468893241945,0.5725818139425453,0.11516822033555468,1.161005554229676,0.8825936806743125,0.3809358042329477,0.6179122846061804,0.9391747114422174,0.25456171379613246,2
0.12618753629421808,0.38154394295903815,0.17926070983249992,-0.052309757686579667,0.6941429777951426,0.9129930282110124,0.5789178614218087,0.05289612604138992,0.6656930767474749,0.2655393353142152,3
0.1566589697349954,-0.04205030269270557,0.2530401124065785,0.7034297813834965,0.2304597835779875,0.5339458939742673,0.5021796091820105,0.8046295405254488,0.4368665872525521,0.5053204240459119,0
0.40800521751008534,0.885808782926478,0.4340413509777789,0.7664606295469581,-0.033722957703005735,0.28445569076034355,0.6389195234020592,0.2807231004993721,0.13907343901435906,0.191723318461397,1
0.2806013939498402,0.44335395982535947,1.0218228482153118,0.15588826238136744,0.11780731741890349,0.08792190172036538,0.8985995670893768,0.30848774161856046,0.9330330265901328,0.24786617092528385,3
0.6519813694120015,1.2084706074412828,-0.07385757892067343,0.7826047640751534,-0.5279226189424638,0.9716480245545974,0.25806511032961477,-0.01952853497814555,0.7883995186281342,0.8263565949717617,0
0.22887240025850417,0.1537642904774736,0.17670182490159314,0.32150835958925594,0.23827095016672747,0.9872601033614634,0.3727540324309417,0.4222287421723614,0.58613079442254,0.5162042843354724,1
1.1110798911428783,-0.08289006837836063,0.34701142435437743,0.7587315634048566,0.8884082818940984,0.1767801079075154,0.7541561134108838,0.523603034872973,0.3538690536377769,0.8893488555028611,1
-0.1290670492898038,0.7795874952247884,0.8048065683340593,0.9761323786326518,0.23501327847005948,0.23658390380226052,0.8883853695933839,0.7672664867618306,0.5903689495895207,-0.10197814829639615,0
1.0016992074033007,0.12437445937265729,0.07853884935534261,0.7109157697640821,1.0058133510340264,0.1493994067037138,0.5735515531574202,0.7310574517820528,0.729083758465827,0.6904193115119222,1
0.7364074290743221,0.602310968758037,0.11859986275372116,0.6590988015617001,0.3716290888444669,0.9936460929750164,0.2091714129853222,0.5311935506378446,0.06017423363774758,0.15334283647808394,0
0.598931922559424,0.953355017165702,0.30312215168734163,0.5622444506614944,0.9820413753024214,0.5060988264422575,0.9583913238189362,0.13836325823054066,0.8876489110216527,0.824440205039409,1
0.43142203499829795,0.19917985048195125,0.3997113750582944,0.21283235071605663,0.4792397041803066,0.773329836348496,0.8234769001382327,0.409817325426593,0.49373409967900134,-0.008104214597870328,3
0.1564612239656728,0.5719179278860146,0.40464186518119094,0.8005182977741792,0.15400053090880003,0.21048724072750583,0.6968441522369545,0.47923923236131094,0.008345647825056424,0.39824062285399325,1
0.9216873388747808,0.663275823748904,0.132466741455126,0.8879281024195746,0.5322285557292972,0.6150966040110477,0.5200771578995947,0.9734961476121331,0.08293651911575153,0.08856948024871605,2
0.9558880924627298,0.8079175207252088,0.6017043668652662,0.5322462498181306,0.20210566660023432,0.17212156362575565,0.21212442494608424,0.2155833430176577,0.32298454804191074,0.9260013727460823,1
0.007809061461068911,0.39625846863329967,0.28263346224492675,-0.0890451306666401,0.590718359502664,0.7165124682476767,0.5651842513707298,-0.19445810477296774,0.8662471340261574,0.2199954775403358,3
0.4252460032375159,0.5619575813137746,0.4008175930616546,0.13885790771662918,0.049162610079150286,0.6475288969974511,0.03514373047322074,0.6345931877920135,0.934810901668666,0.15656990004638546,3
0.26239884884654985,0.9014057578100082,0.42017807420253933,0.8202418463430173,-0.09308689355008663,0.16641433398413719,0.464824550161951,0.2105747900367401,0.20422921468203192,0.12089666791161839,1
0.08557010261127637,0.15420821348416963,0.39914908580944997,0.749146974533614,0.06729270846124252,0.4448602064982502,0.5449655891006975,0.832815222724981,0.4383722393522349,0.48977992974438783,0
0.38790000143512804,0.8782630672525563,0.4906662616660468,0.8188501575740099,-0.02031414695714862,0.26173614475206924,0.6185265793719575,0.28919041451829725,0.163520644332876,0.20086304754512277,1
-0.004770942730503283,0.7954128496544688,0.886170626529165,0.800384364717957,0.8920270666288962,0.5928188133010858,0.5092598209880043,0.5686733317485347,0.14326756824077083,0.5232055489252042,1
0.48358141132415194,0.21639484719949492,0.46204016231893696,-0.07606850911526897,0.6906396660041618,0.2759107802070701,0.6460009322048749,1.2749978814536638,1.1045988640898514,1.1330985669255758,3
0.3516644248580983,0.30149284113514435,0.16934782173357465,0.08288752697228184,0.38089168428093384,0.8912085221226329,0.9096034507311463,0.25638360257774706,0.3055168618627686,0.11874006989101459,3
0.2045981657184327,0.10546671635423376,0.18211831057354935,0.1430724710906786,0.19640000462475463,0.7866232526187034,0.2102620096086691,0.32763431903696943,0.5302546217489325,0.41459482322158697,1
0.2998729460358078,0.9019243252627698,0.6565231670157343,0.8446943447671061,0.37513290820622136,0.3268023657430611,0.9065607253184269,0.08129644715285314,0.35736605274365013,0.7647827597914447,1
0.39954412803704664,0.41533584989860395,0.31692278118186645,0.25280884456720115,0.18871304922060939,0.7441944660003262,1.1207382985861982,0.08730639665453821,0.5186180238131978,0.07132596905711691,3
0.23660656190335533,0.557020054814062,0.46820605828577117,0.5585933377935833,0.7154683652235593,0.6863783833328422,-0.017057966130043456,0.6810720493404473,0.6875507739160915,0.6277384480018748,2
0.9069838385943326,0.7302206991755598,0.512625757301255,0.45834383206963214,0.2767354663746948,0.2493039006033311,0.24309862511694205,0.1270531852821683,0.37634756307110895,0.8786769861344423,1
0.8910571999312478,0.9674415158597212,0.5134992131521907,0.1934973003588526,0.7523104535309559,1.1375352927907816,0.12725733592332417,0.43484878135088006,0.6761090135562661,0.5520508395638032,2
0.32426938741013345,0.7306940931514847,0.38863745414538875,0.5003805609325227,0.42401283540838436,0.7842099878305531,0.5513633188154027,0.45013530259099854,0.48050036264871515,0.9000672892121934,3
1.0839132368922253,0.5310415522933665,-0.07082145823901774,0.9860191638112356,0.028962711208633772,0.23585066898864063,0.16190083017018203,0.7690037062063545,0.9448104616155792,0.19782364712490125,3
0.10098497233057285,1.1554145785040022,0.6595834788759167,1.5835418585533794,1.025647176903686,-0.21984473187404208,-0.31868980670179275,0.3562971543847082,0.28541906573778564,0.9989639451971214,3
1.077661522344266,0.7402632203750812,0.17281076393455663,0.8341093167157023,0.7430129238017474,0.6417317123427455,0.3500510643651215,1.1088831330798194,0.009159474925141813,-0.08200480079420748,2
0.44739714688844867,0.17622613046970098,0.26496522262484457,0.12141709530741338,0.3627916820745049,0.7938693478447233,0.9140126852483277,0.2979488453098412,0.454838854148346,0.017011008549646798,3
0.5267469464867901,0.35328687491501237,0.5896495542844498,0.6403297372923992,0.5444809536911479,0.8566357918971906,0.6427990152398044,0.3445378880335246,0.016016737220543226,0.5639532256010076,2
0.5488703188629497,0.8331739128783088,1.160932515647653,-0.07868637385391074,0.31725272732169696,0.313940212954027,0.034853182784602976,0.3928651290896171,0.3574518027708799,0.2422708176390312,0
-0.060664971059448014,0.6000027701355629,0.9667324835837333,-0.2530372987364551,0.8274270964744286,0.6187622050936851,-0.1272195212676402,0.40488822374673644,-0.10677147914669521,0.46083849360374596,2
-0.45886860967832255,0.4207054484031948,0.3616369594489568,0.862749328957001,0.16912540586430058,0.10881383205956197,0.30585093059946783,0.877729150584162,0.7996393321525532,0.2629826706838503,1
0.8893520703897632,0.8133841001226402,0.4851397512090736,0.4595386827200835,0.20481129630779848,0.18931321087041209,0.2008464322012007,0.09889423879157938,0.31419459117262716,0.8146369192846019,1
0.6007029921508236,0.23896805861316633,0.4351969295866632,0.2957433323252119,0.36883562929256924,0.35170698839681247,0.4253312858665047,0.760262607823136,0.3020866501982191,0.6254239631200117,2
0.08232433473865167,0.323529388770988,-0.037224990581527326,0.03371048023698427,0.49145495998743854,0.049942545016818995,0.09818050424116376,0.44584739354361247,0.8581978781531672,0.2802606867986966,2
0.3172497184685249,0.42377100551398555,0.4554100185133428,0.2675043452533684,0.5810731132729776,0.7006928132428859,0.8146660603223126,0.23890363476515583,0.4146632844636117,0.49210221990210273,2
0.48520130331825767,0.800253665243729,0.16139488516342101,0.4133481723234353,0.051995178957699874,0.9180881493005631,0.5326258190953383,0.4597403917878843,0.17162595736616232,0.958813883643995,1
0.4811898838071412,0.8304587765220818,0.13880167606667343,0.5113053674560813,-0.009704805538322536,0.7941888624048935,0.5186341888984538,0.4174619425660739,0.11020902905045761,0.9281042030655562,1
0.36700762560506783,0.9479642953268805,0.6440283179239781,1.079085081904537,0.7321960791641601,0.3450213779216185,0.2531099244550206,0.9783420741606108,1.1511856041623203,0.8399593516607295,3
0.7687739304770694,0.08192438120107581,0.3822848886220251,0.42813479725280634,0.305525829453576,0.3772845890387838,0.2437772630253967,0.7301892485990896,0.4371640209773576,0.7778203735653748,3
0.8141879398674117,0.7624900748580876,0.817553881449174,0.21902252083615162,0.20488102891155358,0.24660862321458454,0.29843837416847724,1.070806958440558,0.7291456600844316,0.8241728357876996,1
0.049137894149116436,0.9598447170207072,0.6963460960928695,0.3105802565238459,0.9356504848066465,0.38976662107778415,0.588160076361372,0.5915908802843172,0.6926569871221488,0.7099412986078807,1
0.6029135509622592,0.6741655751446619,0.12945439914734294,0.7566309267273518,0.1941379609574396,0.8835411216128511,0.10099081258754036,0.3294536622441381,0.06108390212367081,0.3061790374617196,0
0.04642467199402184,0.7326363412799329,1.008428361658677,0.5884284882144591,0.7304504110326768,0.5506648047936165,0.42515552656632905,0.36849261910262077,0.3231112935201119,0.44284456835070496,1
0.29782041287033056,0.8003939365495487,0.10357522735540478,0.2013456623362055,-0.12360200018119749,1.1291708057263516,0.06559256767327565,0.41459087928258803,0.43319156205008746,0.3016372078493092,0
0.3179570590150924,0.5755089289876631,0.5255352050999123,0.6216241613558169,0.6047481301681082,0.2612752218891171,0.9172344978290603,0.2637699356497781,0.4796214347402888,0.7471628635168581,1
0.4041451572945046,-0.8942129830146099,0.9518377103781264,-0.5470174040208341,-0.006583300646361534,0.09737049924508279,0.16318082830319883,1.8160086990163933,0.27630288403189945,0.575059854485837,2
0.1938307313332053,0.11621625455128448,0.5399364994857234,0.9077634421932648,0.9245691923991821,0.42321881670679334,0.5751333694551579,0.052496657218890956,0.31727193870110026,0.2733750117952125,3
0.2678704269753005,0.9879184599708795,0.9961863590409649,0.6197975609791698,0.7493894707713646,0.15569229925007855,0.749056589573099,0.8846670391528267,0.6114094394043982,0.15289051061240913,2
1.038469145386943,0.5015199876081619,-0.038504062215538294,1.0660612412930073,-0.054439450317739946,0.15774877378215005,-0.06705019641408444,0.8265616326476437,0.8853990347630207,0.1238211611596323,3
0.06426255287072088,1.003845988622745,0.7779222009087505,0.380897944259376,0.9038251882155767,0.325279155424026,0.5934277526490946,0.659324915058469,0.7505061582741741,0.6288841187844819,1
-0.15651106925334357,0.0641659222554044,-0.4047122710755081,1.5676118323827932,1.5478295488742162,-0.48281055371061,0.32375223418844,0.20190683259762618,0.5523507517083024,-0.4249369251192492,1
0.17577263337457488,-0.3178235838078246,-0.03940567533253675,0.4457721518840327,0.336621579241247,1.0452269324763634,0.6072119550373529,0.16050918889087706,0.5264734812947579,1.1443366800822052,3
0.0877067314914155,0.1241719490527444,0.37614735307041003,0.7597937250101957,0.11011219019796098,0.35060855325789164,0.5421013695658756,0.8294126818323768,0.43300713512431277,0.4656834293595824,0
0.6517007040590028,0.24666251797787692,-0.003743907163214183,0.6144907208151296,0.3627747604473397,0.9298211843931915,0.5085418026400796,0.710561741148255,-0.2685781480164491,0.3055839518533973,2
0.39865421554899977,0.5271326194510177,0.43734979399818535,0.06831298710741668,-0.030637156997142284,0.5904478012946519,0.051045807979629064,0.6385663428020539,0.9670424212398924,0.11555205762823367,3
0.2920074577565954,0.4582365891555425,0.5004489920196202,0.2876428105291637,0.6151041380663759,0.7406076479415242,0.8016963207239299,0.20444072670393668,0.4114202122949725,0.4698729390674408,2
0.9411148579298307,0.712652803155711,0.5178174403055567,0.5135915401190791,0.35862806673600145,0.1347510616743806,0.16403130925231768,0.2528556024882319,0.28102414842346424,0.8180077646510701,1
0.42027304841886626,0.5292433816248826,0.05744896253621243,0.47502343318681195,0.4714302273178859,0.6763679137937458,1.0204720548449275,0.8249790088204147,0.3192666455413263,0.18505060612485816,3
0.17352249501159633,0.437503382902884,0.678195006363369,0.410377210677845,0.6051755636849232,0.7000340911215225,0.12869117878187908,0.6441778255289242,-0.0684722721302562,0.7846211999918593,1
0.6575843739667182,0.6256091579764385,-0.08389047374686703,0.8385883394842972,0.478423446812409,0.9581241287599156,0.5911272706150645,0.9279768064244317,-0.19631763239247416,0.23896532371188012,2
0.48305527285316924,0.569727898821452,0.44680663020500055,0.5427060184903891,1.2753811561563397,1.4444544331980074,0.7502693441874471,-0.4419863317812789,1.0910915977022193,1.178954245946433,3
0.9010006816219829,0.7467094291979538,0.5205889450113659,0.47857560406507005,0.2686640455022851,0.27703024474969407,0.23096573584051666,0.1287661864719061,0.3832518359744735,0.8584992911913414,1
0.8181916641075636,0.2537679472150559,0.7820054129475885,0.4999364240740175,0.5189558049272868,-0.05598414859320666,0.8970548707297878,0.6033474164087005,-0.06821148662214796,-0.17495818349223605,2
0.4844775085935308,0.7859179885247959,0.1656309973309835,0.4069729225075304,0.06373348292309726,0.9058569788961328,0.5266511142751988,0.4457683700908694,0.18010145640263087,0.9353276278712407,1
1.176716455251329,0.6703117561062177,0.8266430207089501,0.1836980686347348,0.2656944349698814,0.5516509011297053,0.3487522243816519,1.303074913259279,0.6921564316680315,0.9067332682593721,3
0.7560538846792346,0.33140364979075343,0.22883032292608232,0.8587384941578635,0.31804518731648124,-0.014077455338373512,0.04393674027828887,1.0258036480277648,0.5472914664829192,0.060074440973937465,3
0.6292534215607196,0.9416572271555644,0.5117802107606971,-0.40409945042440276,0.09080417721298953,0.18692638641002457,-0.13537301235899002,0.7705991365181394,1.385429474876918,1.377294140753388,1
0.45498429667776896,0.895408675212508,0.5477496472504719,0.7999755147862839,-0.0489199179328079,0.35497851349847764,0.6721858989653072,0.2597916692980451,0.07753895591431413,0.26271968968959103,1
0.8009723510173802,0.43790147817818026,0.7023256621117923,0.5032204042096622,0.5642296419710305,1.8647137093236177e-05,0.5987722541792116,0.4967296001272224,0.11397856891985872,0.0014182714462241813,2
0.3486355102964577,0.3918146308926046,1.4474652751568708,0.6340126395025424,0.07550183218228801,0.7476677397162814,1.4449172287930534,0.12393052886147739,1.1338580938259608,1.3489990691753078,1
0.37824775384289766,0.9098922896315873,-0.0027422401709083777,0.4076471955418711,0.14808052266962465,0.7991330738404999,0.4579038311937946,0.4690468776991048,0.17852623650597207,0.9867204626585406,1
0.2547761520834433,0.2537126689945461,1.2571092847856238,0.4150862565102844,0.7821574500516475,0.5044926930710674,0.4141182961113214,0.23822605815336353,0.6410132726969564,0.32699835960278834,1
0.36564321781960707,0.5382867651507923,0.38956034305863396,0.553388642526712,0.47745985440004574,0.9072011109887641,-0.006701258581323616,0.3678335859286723,0.3264692146135642,0.03662220173530054,0
-0.12967048260317268,1.0338586735765658,0.5490315361886359,0.5134867550926989,1.0786144320432234,0.43480087567446446,0.4493388011799632,0.7387809076372469,0.7716644657861652,0.5924377411135381,1
0.36959713105115927,0.6469700880221725,0.2408369301680198,0.5806482233447802,0.4382723939983302,0.7884272073443666,1.0399347723313954,0.887110104040137,0.4075033994340775,0.3309264673810759,3
0.9290278657882727,1.6945525343423045,0.975769323338818,1.081470111076459,0.6069684175173883,0.6172368036040099,1.427748152849071,0.19817114054031565,-0.1842944077636377,0.19879418956748907,1
0.09266206007160806,0.6232573995678968,0.9920386096231676,0.6578931241679202,0.7308690346028732,0.645303259778793,0.46757665169260004,0.49252684073692615,0.41244441150410954,0.539931447888778,1
0.6395863496052189,0.9788194502190348,0.33324537376794194,0.5529586012295342,0.9971984137942143,0.47997165536377834,0.9597388385009835,0.11180917815940197,0.925018427853534,0.8102918335798236,1
1.0047156316661772,0.6348005428341031,0.176900625646848,0.8898048318884522,0.6413270482133668,0.6902484257020943,0.42992010398054625,0.9629573013220604,-0.00017235677737624348,0.01874363549128429,2
0.8413118451580462,-0.039730492878329984,0.18928651477887343,0.5883891848009511,0.9901559851848329,0.34087327935236456,0.6408405812175626,0.5549748385639925,0.8691208654733182,0.6009310910829071,1
0.802394885187589,0.4945282577627425,0.345168053453317,0.5939116769264532,0.3462917782936217,0.7216049318725861,0.5073438989572018,0.790959307616982,0.2261090388434312,-0.08092903444341898,2
0.7048926042552905,0.44835212266402075,0.6995307830913936,0.7016070883990946,0.7074684399526809,1.146084096949214,0.6093487231667948,0.04768934270348618,0.3533458243164618,0.4497697078315808,2
0.08664300836231309,1.0064088881110522,0.8985273485825734,0.7774701523368863,0.14547169138923377,0.2504527706612757,0.9087617192074362,0.5621226562116445,0.6998165789823417,0.14336834891942885,0
0.26723684193676595,0.9827483537036789,0.6878099498349461,0.45071622380092885,0.7618148558140985,0.6127939828887832,0.6169715559921674,0.5011008107473849,0.1537937189972287,0.35288179286970217,3
0.8745630041940844,0.945384782707664,0.18630785398349908,0.9053383243044488,0.23342368570198851,0.876795002640875,-0.17067250808574647,0.08027617024699735,0.23551496671046865,-0.0333482187547654,0
1.0055889246688765,0.8375001316038644,0.6091909862494991,0.4624495493315983,0.30429065110592163,0.2595688824177936,0.32536105315146674,0.20914265712304764,0.3744378440477813,0.7926707323899245,1
1.0588469345483111,0.7046965154286109,0.10323728310816727,0.7799875939129098,0.7758553044370602,0.5613615395229283,0.4870312057939362,1.0901451386430354,0.06714595048967723,0.13647850390232663,2
0.5906410302462632,0.7532204050606788,0.7520785680610941,0.09335224556075977,-0.04169092095011642,0.2504743219378933,0.4085445385393112,0.9800095986432097,0.7388460965065046,0.7478090875184072,1
0.18678128177764855,0.9760820080798444,0.5860590360490473,0.8181143012322155,0.49856986659379654,0.29430617406127885,0.7882303014092262,0.04915232882529222,0.37465846626836263,0.6326500047737785,1
0.9465249190961913,0.5094241381273066,-0.05705118412250719,1.0768159306080898,0.044399408462818306,0.09172033386270592,0.03697275939351062,0.827444893030368,0.7052858693075845,-0.026379909786858904,3
0.043245234275716776,0.5827211711570868,1.2141153575181007,0.6087644587644614,0.5672417966297607,0.5009187893433193,0.6310323102800627,0.17845464610173506,0.1959120216205115,0.21430740658478564,1
0.3043042077110549,0.9913899633021086,0.7033881616293345,0.46543309605784977,0.8155634148384456,0.6649155279833804,0.5799145595214784,0.47481725559088606,0.15226086477740275,0.32243473529566735,3
0.8664548409583022,0.5492358621173503,0.0643476777708601,1.0095366447554883,0.1665003520507785,0.05879484068907134,-0.12077329053850955,1.0770423721564937,0.752919300063604,-0.033849069712758154,3
0.08596544238153175,0.3384013054270903,-0.03843153498437868,0.058413097304841434,0.46845824867449676,0.02250456230791093,0.19739430704670818,0.36030874814878894,0.91725055942558,0.24501924571990266,2
0.5035956500471673,0.8198798451038025,0.20438589555902636,0.3416145872613733,0.0326938843117736,0.9568627435313813,0.49333059780395655,0.4651126076688041,0.11901542214800016,0.8986374331432407,1
0.2911359220780385,0.2805576176396748,-0.022689817548879554,0.3827126332707119,0.41329307705300317,0.7419652463803235,0.058924740354034,0.3727964478229141,0.5649347550001949,0.46140244501971744,1
0.7585064089764194,1.147899545550344,0.2637349617158922,1.1227863354949115,0.423025102516971,0.2817078841998991,0.3153081721565497,1.2848560875104826,0.5471909458224321,0.7876490055010292,3
0.26515505821515595,0.21880621227968988,1.1452982966129757,-0.04826113678279992,0.43057873582147294,-0.18008205842657118,0.6682246754830992,0.5744094429834357,1.1465542501060952,0.12223895929491976,3
0.548594183885709,0.551205573396045,0.08214514990721186,0.6590525007064352,0.2894939841838453,0.8368619574363627,0.019034292116966847,0.14002830106369848,0.24824549812751204,0.43205277027639,0
0.43578935104260125,0.5871460788731353,0.4066515244353349,0.14465836959937084,0.027339353009845874,0.6337095078960381,0.04926000563920497,0.6418777368085448,0.9238050037812526,0.1538903778824121,3
0.11966620110162578,0.8238069542796471,0.4612213557464808,0.30589906351271345,0.9066092720023352,0.20096277598084328,0.5325140081139927,0.7746468214768478,0.5818144976605826,0.5110334444650091,1
-0.03211933134861125,0.9589082180876323,0.7109124276593642,0.2647096235005367,0.9434602373062978,0.43285568008676706,0.6093925409586569,0.4945645593135044,0.7808987398309509,0.7310026350812582,1
0.18671873375702086,1.0415571023599761,0.5030812827970417,0.6321381680197886,0.751095079446354,0.7158788521282943,0.5493001092781866,0.6140076468520836,0.1936229026083649,0.28354491096865453,3
0.9333156589776334,0.7513294192350997,0.5636207235883557,0.4944812177976939,0.33206905983621854,0.29487539861966405,0.1847112843398127,0.2143730189265846,0.3388347618117663,0.9481139531362022,1
0.7224114833789947,0.41664786007386706,0.5969259848001107,0.7721042387308445,0.5760839807282503,0.9330405071285709,0.6289319488820512,0.34485601874635774,0.21352703687040553,0.46542198366123005,2
0.20616084388445338,0.8314969779570298,0.8075595006416164,0.914625346776725,0.8789759023565782,-0.0017057844742212058,0.17606602263484694,0.5491573179412659,1.4601807113899279,0.2746839270521846,3
0.02610859733745183,0.9582652710331513,0.6997573077825384,0.3225360619030215,0.9443443897352892,0.40471913275136207,0.6011635070840633,0.5587778800325889,0.6648623514863372,0.7424969919200916,1
0.42649101889262403,0.5606685192075248,0.3796875916792445,0.13783888336685565,0.04489692030434654,0.6637256108810728,0.013295021674604012,0.6226348686172517,0.9277895199466427,0.14063326848163846,3
0.9619265451282553,0.6317375465182753,0.4307447140031158,0.5931214759833936,0.3371732134782704,0.28623663458890214,0.2201212067035783,0.15077119011116744,0.2679126245437337,0.8313884329464964,1
0.2770187892078135,0.3325719282734126,0.7888755262698568,0.4354583784596146,0.7083122833651583,0.22581314584411555,0.8132726126867426,0.622588054814285,0.5402930207182273,0.10383628503930005,3
0.2389696603039581,1.1496871157009227,0.759482170599083,0.7700666230765087,0.44369930216360515,0.5054745689411535,0.9761856547662776,0.14566929968119158,0.395598054935775,0.9376789256514497,1
-0.14329163200368966,1.236301937759117,0.9000776096530975,0.39649019191715,0.19063971439214933,0.24684129622164977,1.2353404844826397,-0.022003984653809594,0.23065102586389996,0.8366450851438176,1
0.23549480027697725,0.9512419863227634,0.647578987574575,0.5012791385721196,0.7653177037684725,0.658298716472938,0.5796956587440222,0.4840573240759358,0.1844078774952506,0.33314179321570125,3
0.05690400084700514,0.7148278897090823,0.8590300076414563,1.3732682278914936,1.1162896526605732,0.011551806727535752,0.18887897720796068,1.4356740196645348,0.5614352860665834,0.3999322166630752,3
0.4344445996107377,0.5375900639502965,0.4166267208530353,0.1469595151940887,0.04791940210747024,0.6704735071949406,0.014737850854611215,0.6321234623604272,0.9570886597708578,0.16773633489132758,3
0.062332503411378505,0.7648672443567406,0.8365100623248428,0.21052384492538803,0.9754529118113772,0.5210983004103226,0.6772811898904881,0.4616584095558714,0.7194724696451325,0.5125241600393763,2
0.8109901668091976,0.8646800297393694,0.6562465471286785,0.2626819853801026,0.9549033254174641,0.977072407543553,0.13407774968626474,0.4709451355550741,0.7445618260988026,0.47140599681726664,2
0.8273150351303789,0.33991370699386425,0.7153935284158301,0.44886682394106203,0.3622823775952241,0.660534713239219,0.10848548724729576,0.58430743800459,0.2894598340252164,0.8776121139706516,3
1.1665496509891584,-0.6582939277328267,0.8830452589938085,0.07971707903848274,-0.8201359035403094,-0.08459711763719491,0.13305540037654556,0.352800169267667,1.3746183754673058,0.7442347210863336,3
0.6552207793932755,0.7244251610710132,0.7267231389675755,0.659200695517937,0.6295372948649203,-0.21300683110300483,1.265414921656695,0.4979985406586593,0.45928924740180044,-0.2808266901137692,3
0.7644620449563813,-0.11124527404319051,0.1217214926015821,-0.06415523194154837,0.3111217288778664,0.31513885894370686,0.37430305420161897,0.7635018735520095,0.3209634524776435,0.09503047721161717,2
0.890298557209567,0.0956389073323068,0.07175793684117837,0.6864129798127617,0.9727337906394847,0.21919034246507635,0.6969161110693646,0.7530105249392841,0.7128939196170183,0.736921941528762,1
0.7737295552298493,0.7057160489892589,0.9193229389969828,0.7988444499267165,0.620651941119571,0.6270595762088738,-0.1513783422431112,0.681621318762927,1.0079850432393889,0.7569414083579743,3
0.11178758412444009,0.5415383622981357,0.866834364863764,0.12655430180914637,0.09135668576785856,0.065483189386569,1.1139636435965254,0.2812685802631067,0.835017498664322,0.29326436311231896,3
0.3064839515781548,0.7728842940850076,0.4230147662123328,0.8221192896317461,0.07990053148133928,0.3177805391667579,0.5468393337558561,0.35752137414893076,0.06739201723486285,0.1702922502771988,1
0.35199112568081964,0.8142308661578682,0.3983601995143412,0.7335686413197271,0.07840319652358195,0.27613381921856434,0.5550516980908735,0.25587374366699756,0.13468568301821146,0.2909810669938483,1
0.78856922902313,1.0330831826089144,0.07830637275626517,0.505088449582163,0.7726040259602119,1.2906377891100478,0.15798782077853385,0.4354590362755563,-0.16390863809387213,0.06132923163751647,0
0.9676436915127081,0.7089920598897803,0.6623883586686714,0.22894876862031513,0.40527794153562724,0.4818504496883948,0.4421522382151736,0.9693103008943909,0.6409722106590505,0.8224124672227809,3
0.29069684349279246,0.7794648788081571,0.8803767385884007,0.4158622425820614,0.9067954398696644,0.7548151483365282,0.3747974405694324,0.2645219535746812,0.5365953576120241,0.31161445574447555,1
0.2602392781474681,0.9557595872847401,0.6697062866714265,0.42513956728422886,0.7206446387465214,0.5780573178377645,0.6365469481056732,0.4501684134114031,0.23411325183615814,0.3500691519391552,3
0.034709279024757234,0.6211354068750083,0.6039245404411219,0.0938621028656751,0.4049196892920406,0.19757461123176134,1.3378731295074948,0.5119021782867073,0.593706862057894,0.14761175613750982,3
0.4541363955618915,0.39257078734186013,0.1110870659215098,0.5592640643136783,0.40896365344497027,0.1369657889243564,0.12106031914929719,0.735165267379845,0.1127736781672829,0.6101387889913089,2
0.4664811122839202,0.7833660160196882,0.1518639802696279,0.38947172345520903,0.05497451158573467,0.9127579631714864,0.528053877004804,0.44403454999534075,0.17597538812913932,0.9443542359416096,1
0.1153736413802245,0.6772561997401501,0.9507581810638015,0.6259563852487254,0.6788061371838602,0.6144650590728608,0.45657357771704354,0.4529099625079192,0.3377855470812332,0.5066833296488,1
0.9553969271269809,0.7095528076401492,0.4930013197657557,0.5135571447229289,0.23153821316327708,0.30225278285094836,0.26172151761999785,0.1959745891558693,0.41625528932639516,0.8732558049042081,1
0.46751037974663473,1.0229186506218748,0.3565484000620013,0.9662175285536152,0.1434270311053088,0.19273877528484545,0.672659145591593,0.33571249909983963,0.22375002085043802,0.21040247554452052,1
0.8192289290102125,0.4191183443985236,-0.10772691309616235,1.0507472971600076,0.04196487377870135,0.07242059385097588,-0.0899088042321859,0.9065536904876264,0.6598173219335403,0.1835249792073205,3
0.3775641207566924,0.34953798806169434,0.0645468410761397,0.4654933076013667,0.3910857151753798,0.07416438611344417,0.1324301319582144,0.8136884971749031,0.136369064803986,0.5931766990403663,2
-0.013999221542109891,1.0494166053650003,0.741733597285596,0.2696811308398453,0.8870348497112397,0.3431784401308853,0.5682284788166674,0.6600573803566615,0.7024721843637957,0.6924838048748333,1
0.9450564952105559,0.4541552829916199,0.046746853845967704,1.0069193689112936,0.012092172475666102,0.15657518966472717,0.04517419022975837,0.8926344073989448,0.7643732971142257,0.038305993204704646,3
0.7823833559264283,0.6367388930369323,0.37807484893704746,0.2779005483711571,0.10027290451377185,0.12261953044390986,0.40347083680296103,0.10136534989064036,0.2797524588761587,0.8548862258411577,1
0.1428725269482922,0.4526302787638622,0.544367145660285,1.0819386999652618,0.7890660462981706,-0.016275027450358442,0.8183414802550798,0.9134119245879376,0.4766077071345882,0.9154566765585301,1
0.23531145850265328,0.33671411529642986,1.064159595412318,0.31227606620716436,0.3801210352565042,0.27211851884843874,0.90381985725405,0.38718374636065295,0.9194969323734711,0.47752538657519505,3
0.40290542613446506,0.8927269103610019,0.4879656957639119,0.7654816612310005,0.0032431308861837656,0.24124617501808185,0.5835136328754533,0.3158900965091418,0.16538071046745792,0.15018603435076333,1
0.20091663210210564,0.5686977919876973,1.1192581515500808,0.8970013314023758,0.8834616969730861,0.752195929909417,-0.12172647248732582,1.031899846150948,1.3931570080096247,0.8297907446957777,3
0.26289455543276197,0.2050390041730748,0.6915902764447711,0.42370235319500793,0.1489329000226032,0.011995793328920083,1.0015580332525857,0.47010898813816693,1.2058087429550886,0.5899185245760695,3
0.8933778457546645,-0.1091821583249063,-0.22868545238894933,0.16574336963382938,0.4088234353939155,0.3910161760459181,0.47487367563010274,0.6530511561748606,1.0609430897837557,0.9334739995487291,3
0.9505943409533673,0.7064294327934687,0.6737476991961306,0.2551286518263537,0.4252279218740028,0.46936495391449906,0.44746702518206244,0.9496690231883953,0.633679152859808,0.8203707048528002,3
0.4749815470644409,0.6129550338221915,0.8355623043599569,0.21043977506671324,0.7637336617200835,0.6715476909533878,0.45904859723253233,0.9132373474197302,0.500294080857901,0.5100377100879354,1
0.675286162147152,0.6539912620652141,0.5982396679840349,0.5640173416486548,-0.047690784284199955,0.28125312071744235,0.3362846898955283,0.6292403727928266,0.2736183956841495,0.5287088547572871,3
0.31563388096346423,0.11687729751037855,0.5997172836435621,0.17780481694652978,0.1628976328413774,0.6535319542193196,0.23378723904039458,0.31781547615277256,0.9343223147183018,0.2350912709872455,3
0.49437352889882974,0.1630352624345799,0.48012000854755005,0.3272918546343531,0.4298969480094523,0.4791893235790579,0.3804883063720061,0.7737951283334906,0.32339045045244674,0.6241518049107699,2
0.917836217840915,0.7343436728938576,0.5205943851833568,0.47078667076232894,0.27145263840436734,0.2685959486944522,0.22382999408954266,0.12455074668701191,0.3777605368938386,0.8729271378125564,1
0.6263829232599853,0.7264293733337669,0.4930089007051641,0.5167990809924573,-0.14177880071224055,0.49005172844851125,-0.05877548398157595,0.6992691113107128,0.317551608256425,0.18813437347869705,3
0.27952002582696744,0.4034766316017315,0.5214360250187436,0.24186637973532427,0.6932412341431599,0.9423168881781788,0.9327599010071834,0.0814651746497834,0.4343141753686618,0.6054201074011535,3
-0.02096365194556285,0.9116220527449805,0.7935062696714428,0.8279698779474107,0.09939356374502509,0.3118074814503512,1.014519981417024,0.6104956230618861,0.6946644437585203,0.13857694837816223,0
0.4761654297826392,0.6100103647339588,1.0748410261048602,0.1671484237779023,0.4221170442558235,0.08695407260140303,1.1929778353791547,0.03527448899238947,1.0045959307917267,0.30441137713030186,3
0.6710513064655705,0.5030289947018691,1.3782673003115513,1.1071917611870976,0.47121233804852497,0.18835348848858352,1.0075985024165044,-0.042364697307593735,0.20978127482884323,0.5235913742371541,0
0.0638802506152906,0.9925168407157742,0.6757421623812131,0.23224097569351565,0.9891007857399892,0.24395790805007797,0.433415099299596,0.5885378787478032,0.8042565627901205,0.6740234500764443,1
0.4653805000950552,0.73386117860795,0.7941980902065722,0.6993459610196672,0.5161560984457164,0.17021636590365485,0.9874215796134942,0.11804928264561472,0.29852866383364046,0.8886404469432302,1
0.036882888318143056,0.7382320998863733,0.9967205540452089,0.5684841645640744,0.7929816735012032,0.5714742912655518,0.5113367634135593,0.42010637879264184,0.277179954410727,0.46858619072281493,1
0.43966096342163796,0.23082249680334802,0.27019969222508655,0.15403927270895626,0.37066411525951115,0.8849363723935167,0.9610715843933965,0.27113984531233587,0.4441269278514847,0.03767402946510206,3
0.7035543711611814,0.4337295160729632,0.6056183922537623,0.7434039929767182,0.5537707994110148,0.9243456618156424,0.6338599844239601,0.31230280631497365,0.1891025040432897,0.4695408917632246,2
0.5938581217455512,0.5091713630166,0.7960007028705143,0.7570633489701837,0.5417768543556387,-0.005923999721367146,-0.18557746193062252,1.029262738764792,0.6086983703489698,1.0626846515758162,3
0.05581269953728037,0.774222821011829,0.8461499225848026,0.21835916554530685,0.9870255754274352,0.5313211015297762,0.6853690776298212,0.46151943525661304,0.716063148955681,0.507558312210223,2
0.9559816614090025,0.8114735642760732,0.7108843920177987,0.28550423471280806,0.24424214595315494,0.18203117999049434,0.38473942006488726,0.14280648322061795,0.39501467315754013,0.9616464003307515,1
0.36665077570155913,0.3736864215200041,0.477390327119008,0.2880194256286907,0.5524958118746067,0.6534839266440537,0.7948774145909133,0.288400073299038,0.39304956123675117,0.45044616286686767,2
0.951926172826752,-0.019344807390599156,0.022413652211747105,0.5423581079544649,1.1952162383130307,-0.008499843500908821,0.7859607693575006,0.6272849615161511,0.8941738614807617,0.6204016691377391,1
0.3788160457452187,0.8411671893538156,0.43245395561831035,0.9094724217569017,0.07942692427368946,0.6688489081132796,0.4009631851693102,0.5167834677955185,0.4382574876454315,0.35697175787298135,3
-0.08045448389013568,0.5526810132971305,0.7595395110890875,1.161307868239492,1.0696983929786612,0.19473088928290835,0.9260660219232454,1.044981515547162,0.5536037645009186,1.0410262256323302,1
0.0707614322274546,0.6696298730965654,0.9271814564955034,0.623713494244409,0.6931057422279567,0.6027314915748976,0.41334981904380386,0.45335527901955847,0.32962207310599906,0.5154589463880488,1
-0.00531195775464028,0.9442252605332127,0.8525846868708115,1.259449212598073,0.6106414192386374,0.06554800238471692,0.5800596477171494,0.3967881348837543,0.9782189740840269,0.41898409131591163,0
0.6572082769548835,0.9115276949263548,0.3520568977628079,0.6050955189445242,1.0261194990122777,0.4634674622558451,0.941993792335653,0.14650142210379705,0.8306210486052089,0.74634804202407,1
0.8221985247371618,0.3052632712588602,0.6602540032250394,0.6124943436549406,0.6731465921069689,0.9860611957898093,0.4921648997847922,0.20517100963149879,0.12495476387891406,0.4422710913326128,2
0.8075381682026916,0.6696259020062961,0.9116747880370022,0.06902415837468404,0.11979249900732482,0.07764879975752854,0.3736195044541455,0.9421431904848038,0.8333340922168402,0.9296626332894666,1
0.4334745687647831,0.373500751377409,0.16262367369958175,0.21969848933108616,0.16445242447051192,0.9615049171623422,1.10939393179144,0.08676454670951025,0.6026471159310712,0.05849915697334568,3
0.09560988770568818,0.31261472248977673,0.9261230452297775,0.347521612617576,0.25369311824920404,0.010885670559189868,0.7125448080685008,0.47815384700193575,1.0745478278084069,0.29511671751351987,3
1.137667403751888,1.0168281980130183,0.8000726340848504,0.5691030334430958,0.11861051589623922,0.3906863376298923,0.14416856158542818,0.21225396965886725,0.48349074767518485,0.9219257211188804,1
0.4548171709416986,0.5342703155868378,0.18584349095854483,0.5741055086218221,0.49930158110683237,0.6636566304312503,0.9559988110309655,0.870521388940754,0.4412184888266529,0.20957024879743041,3
0.4082796379916124,0.535965742930406,0.3819210106777852,0.1543112911104878,0.07533886633030978,0.662795144533854,0.029050016513640777,0.6398696390051382,0.9449277363365804,0.162726475973239,3
0.6340576746164137,1.1021350992961374,0.665303686599622,0.046464820760147185,0.1755650356650612,1.1536949869737951,0.3942190165976035,0.2762689956289048,0.421288882420337,0.6491325583887191,0
1.352569771823756,-0.08347845254975739,0.32758568950970823,0.31420274830519557,0.35230032891824004,0.5326879071088155,0.5520811605449594,0.41223056411005454,-0.5302533333514287,0.10155815564091869,2
0.6524111074252351,0.37178601996020344,0.6476085226792483,0.728147094727363,0.5457593841993084,0.9911237769827542,0.6881438385747126,0.24362268690315417,0.2319660753380819,0.4348062160554889,2
0.548716639168015,0.5253674764175862,0.5623074491151926,0.9413556493999161,0.44250694009989394,0.7963173032350721,0.428520793504246,0.3428585038637113,0.21933292531532522,0.5894412090672824,2
0.46836029533743145,0.28050547852800656,0.2298041830778202,0.14200302947246907,0.32812698500309906,0.9360022905168374,0.9247959604727876,0.2023512489621202,0.521793588470488,0.03689170795584188,3
0.2312055980305515,0.6944776053242647,0.8081064168823131,0.7325817881360379,0.6643116038966352,0.545694858810619,0.4948059207018823,0.4984462269306692,0.14699102674884007,0.6288666098266757,1
0.8008420222072613,0.4054055596704827,1.2816192053888276,0.7257149202426803,-0.2870913972566327,-0.33362750678831665,0.3882591336799212,1.150147679882227,0.570301350667676,0.9195503670101771,1
0.5251832301482494,0.48654303602093635,0.23228598592744026,0.6234875998026126,0.5259321952169621,0.6653911259529596,0.8798801808482729,0.8649737789709044,0.38386048678458595,0.2401656160688556,3
0.7040640412247251,0.403221275152767,0.6144905271609682,0.7620365065710333,0.5720224978469062,0.8933498230893551,0.647906643163385,0.28665363393247323,0.17776526713425844,0.4751276258695532,2
0.47423532522442924,0.4956457167922551,0.2074980066821887,0.5373874261961441,0.4890502482014652,0.699914555654877,0.9499899866805281,0.8623388424836566,0.4525069063790901,0.2205048328384594,3
0.13456026001935584,1.0007759635964306,0.6387552832387432,0.32225587548748974,0.9341926728059108,0.41500715232648855,0.6129383969786244,0.5614591013503177,0.716518517701976,0.7570563798096575,1
0.8378724666811858,0.5196906407500059,-0.10757420272372414,0.9855968107909384,-0.024138177508827352,0.02366511256146822,0.13135415477252094,0.8021840877502459,0.9105695548298701,0.0033329949263577185,3
0.42335926078499514,0.5620712356009022,0.39643193100212376,0.14404370111412543,0.04423185755233046,0.6476358577491578,0.03135328881481752,0.6318877423130035,0.9303997221154875,0.1599119537979245,3
0.732623520438416,0.2858670328848417,0.2791743740298077,0.48095756927717137,0.3534891872447696,0.28653584940326116,0.20999497711281354,1.0097371778007564,0.04504196411273553,0.7408626293444536,2
0.4224966179167565,0.3509341740952083,0.9075965857578723,0.5203303652321338,0.687586324425,0.208808064228251,1.02301681727675,0.7334213453900323,0.6876262199450422,0.22273082182769174,3
0.4437727514365476,0.2522552260711988,0.30657926529958746,0.13004691763654502,0.32181776404461243,0.8438901238894403,0.9572200359185938,0.2366447646980671,0.44581957048351806,0.031285707618701336,3
0.3110108749876276,0.6165092118697287,1.1536520206754781,0.7342283234654481,0.7924146443666152,0.7837890432759637,0.5886736195258291,0.1677204315840572,0.24107767800537133,0.33971490195253085,1
1.056404330237942,0.283083267906253,0.7304961888489305,1.5213013569860714,-0.22322786779823817,1.3643065454053604,-0.8610714748131117,1.5424471371329436,0.4450326851196068,0.4693410124378158,3
1.010228726605617,0.06347562946405241,-0.10654622834754376,0.5907861688804441,0.8938860488844386,0.18349209126044702,0.7013900397015796,0.8193636166676369,0.648405340402541,0.8132136601555569,1
0.9138061331906273,0.4287497929038512,0.924159991389114,0.14525596560548215,0.30575527409554043,0.21541446220712215,0.5120066148023887,1.1417485753726573,0.964160579516493,0.9212126310152705,1
0.3346531416699399,0.9179507591901845,0.9055021514943888,0.6268464754988649,0.7675264781700998,0.22974100437286032,0.8471251280433124,0.9197517143300544,0.547733992508418,0.08647969485477634,2
0.4137034562990635,0.4862209097135033,0.6220078220498707,0.023415247296743213,0.5151538238077402,-0.18655347751252394,0.7497946929004455,0.6064090377983843,0.9590517279016522,1.0091685908457542,1
0.04733363368998547,0.9239533377707178,0.8531689837284713,0.8021877465183006,0.1819536349494337,0.24701694987687545,0.9805300403993367,0.5350939420234321,0.682867286081048,0.05216833590322448,0
0.5159332347516749,0.4793338835989646,0.009846498660472075,0.5767185122011702,0.3138095754185184,0.10837376268866465,-0.017212407691513942,0.7197791451789679,0.16876299577123985,0.601050617196733,2
0.33365548562882674,0.07736416299792898,0.3473187306583182,0.4807840185000424,0.743991513463049,0.580499000172562,0.8083702491318294,0.2143060008872506,0.7482826560549767,0.43558204746400303,3
0.9086679581576321,0.7127776421051281,0.18410294918585918,0.9389224844105487,0.5378019621188811,0.6213735101403607,0.5108394668448492,0.9751826966190976,0.10340641636843705,0.1235899258763873,2
0.04225817774801581,1.0008266087379345,0.01194385430268861,0.2729244537655485,0.6838768796454173,0.84888880151658,0.6062376298574137,0.17961859646172762,0.23217036106431302,0.830951638351214,0
0.16234074864932363,0.8484521933746004,-0.05370297481225832,-0.02046717299111339,0.44884993934327394,0.6290779269869984,0.5611828896515824,0.20327836589212864,0.13380203379629044,0.8303213424026956,0
1.0062559703114347,0.8029515589075973,-0.1179525299594062,-0.09781398094041763,0.1511058869778159,0.4932795832091841,0.1459734880986227,0.8771140509749522,0.5181186231056975,0.30957840955610433,0
0.5785256534555943,0.5358966936805654,0.5259421288672051,0.7133103272239791,0.7742836239588945,1.1204890576131454,0.64019068653192,0.40056675464687336,0.055758389222730464,0.42918359204132894,2
-0.16675717041139543,0.17241731751575914,0.42883895671062155,0.07118544121327944,0.42376237023992014,0.7257624726259952,0.9853322588132956,0.5664216447239563,-0.019220589167796148,0.08228022006603658,3
0.7546847125794136,0.2651102960891588,-0.05676767027422158,0.46270404030780554,-0.010559413858207412,0.9384935782832124,0.7855472750395376,0.5411256543690814,0.7194891188543343,0.14717838770185943,2
0.049467879810337664,0.9603638755078853,0.6825461051700117,0.3086751316502828,0.9363513577059294,0.3812863973223763,0.6064095206659953,0.5829123257433987,0.6824223878022883,0.7159009189658396,1
0.4579322488448251,0.6436549086474127,0.03798107717219601,0.42171129203305985,0.3895678343505785,0.6221205896785397,0.9320697613518053,0.7798150105467255,0.3270879521705512,0.045016187906731925,3
0.30642183980252086,0.4364174237874873,0.015602672033716222,0.48007796339639536,0.1654476823982356,0.19775415872326552,0.05697108426854208,0.8438746904967616,0.1906760055642717,0.6259404060645017,2
0.4577862141441024,0.2227145799403608,0.5722543008542655,0.3967566914615748,0.47054333001229093,0.40324704991546423,0.33974650883003205,0.7463028629009101,0.33671881439795126,0.6687423309740664,2
1.4423210309991565,0.6264195478665745,0.45211422837446485,1.091205886063163,0.49253030662549224,0.7623860480080665,0.6618936153231476,0.5182494721391326,-0.2503652395997387,0.2071797328762725,2
1.1117906248696117,0.5833073385319362,0.0031884834346312396,1.191352065912814,-0.018370829299160354,0.14879505604703513,0.20593560411658207,0.9893463748697136,0.5827369857023859,-0.0737656938033106,3
0.8846613957906986,0.7110032507566391,0.7279173030652667,0.27054930867247884,0.3439415013137413,0.5354535341230188,0.4014597149437818,0.9206173243680221,0.5828171461824392,0.9010912580585109,3
0.08077722275480337,0.8344533125652162,0.7275963747509796,0.3336947491035104,0.828174482901267,0.4108731344400942,0.7615648481675761,0.7347833429440984,0.535639088849418,0.765426681791085,1
0.05298067751564517,0.775096918858067,0.8473087373632244,0.21461200017594623,0.9909722649722676,0.5296315004341394,0.6830421572533222,0.4654099984314177,0.7142154709474161,0.5027769840054424,2
0.06653531146398271,1.0471701108772669,0.6791340980754581,0.25193562004311754,0.8629221349081116,0.2986339529547378,0.6519911124887249,0.5243801214876639,0.70991145490872,0.7112554247041799,1
0.050437681973744104,0.7663557182902401,0.8360943068078226,0.22276867905806377,0.976639984960854,0.5264317063202215,0.6969314192682551,0.46716958336433667,0.7060156186958684,0.4978097801026157,2
0.08916749565603309,0.6557455095553589,0.9275706449175567,0.6087062274667207,0.7170956795180686,0.6285550145997695,0.4201813950074303,0.4437370065068984,0.332104290907806,0.4903566240123881,1
1.004368560829284,0.6399632638282152,0.12709855864723973,0.9733019124729367,0.5900563235267235,0.7364150666660548,0.621182521893496,1.0963790693598783,-0.08354183186074941,0.037862509574971344,2
0.35449832960125616,0.3010227270103809,0.8644752413631508,0.4016078582772495,0.6807332110247719,0.1889533886568845,0.886543191484171,0.6176139952693123,0.6431608265187179,0.18534946871449862,3
0.3474529218717156,0.15375025765318212,0.48262979970104414,-0.13911385797846737,0.834191820543698,0.5065802608208149,0.6387908332985388,0.46055728932403883,-0.24765545477557893,0.44429885316117407,3
-0.17848705289338515,1.066845121585239,0.6596386868472844,0.1742272373777326,1.0535646607224456,0.3768977706095675,0.5582942246056197,0.35217184500694765,0.8098185533013359,0.5801022692285489,1
1.0027952798602722,0.1235356700854499,0.06169429162647112,0.6586626581372971,0.9354848014641054,0.09475657607871962,0.6641449688755942,0.6986224877376824,0.6365852814478936,0.7486379824376485,1
0.2206117369300292,0.47030251832511394,0.2644179145445438,0.13030749838969125,0.7099395117556904,0.6576243198166127,0.7253854612818311,0.029584922024975983,0.6439497763857484,0.14754303083909603,3
0.22224668621963437,0.9325235000735934,0.6224036032103111,0.5259464493344269,0.7342632494395609,0.6364662475742815,0.5804681458555405,0.5142937129090214,0.20088035940376997,0.38851694176246165,3
0.9580433597684244,0.7279998063808787,0.17069296560271935,0.37146212344690954,-0.1942014782742767,0.3864628406750315,0.16612868652906843,0.6181422149707655,0.31488778491384006,0.765442156561436,3
0.6093955839802225,0.661169845710615,0.14660921113456146,0.7621422201953832,0.188511589835101,0.8704810455942945,0.07680316830050256,0.34475464890576885,0.07981924824512981,0.309610835100348,0
0.3014648078191296,0.5414222492675593,0.943155596377081,0.22915004707373376,0.1514136215664976,-2.3778978125769956e-05,0.9425902346713213,0.2324217623273254,1.0148176334499688,0.29762076314335745,3
0.5604897080040027,0.10565765651481461,0.5286620628520189,0.3016214121253608,0.44792878956922005,0.44212006259945036,0.41276164855343334,0.8439515147799688,0.2798725921080962,0.5554047367254775,2
0.6602869223505448,0.19855944401065906,0.5719795249551201,0.20586200899008,0.4748758577664583,0.5992312443436905,0.32323224519853727,0.7597426521839229,0.32659326039579395,0.7261556500859937,2
0.3823256918192822,0.2756763365639216,0.35742555863139513,0.09556787217014086,0.6168345252133702,0.8525018961611354,0.8264523781145303,0.059714920641692384,0.5205555467220889,0.47911052295062734,3
0.16185753328665986,0.53201063190095,0.6920888707356553,0.3392143655443586,0.8026810272614852,0.7838016043859082,0.9556138133753257,-0.13736553167963694,0.17504024581530392,0.7758455719073827,3
0.25460002277950433,-0.02122473171008718,0.8106279183800434,0.6313798659125548,0.7039415902473907,0.23627125848956962,0.5701208014178226,0.49238650633243763,0.5322173348953024,0.6716556173822509,2
0.8736824419760072,0.48001006698801996,0.606107500630564,0.9632753167607606,0.6311152164589686,0.8542685592256449,0.8138987948701559,0.47149826392736155,0.31787947364626457,0.6393752078395564,2
0.6191760016523798,0.5113067164605152,0.6866885848448613,0.8526065844888039,0.5182577639852739,0.9457363730469135,0.5835289166856481,0.41043501075695177,0.1988669014015856,0.37810985474562686,2
0.19800490552986494,0.677065287613615,0.5210105094989859,0.27809512202061354,0.6014781795086219,0.9859210777551719,0.9629829658084406,0.13957717056309207,0.18889158485083887,0.7116174830797831,3
0.9661976615899731,0.49356577183244194,0.0019475365762484601,0.9558356163213737,0.04227710367407436,0.11808337204449812,-0.018693356481043644,0.845711591775945,0.803922053029645,0.020649655368043855,3
1.4203209814620457,1.0647325717925646,0.6530717995078239,-0.16713845935559168,0.45292414586652335,0.2524253846959431,0.8826578447136169,0.5471558444343706,0.6930419718834879,1.1570642136724378,3
0.25040849545201654,0.7049017741002581,0.6103957265450393,0.8294704487994415,0.6311919658848084,0.04352757172702487,0.845380235127626,0.7641756333597373,0.5562672489276015,0.11114008525626408,2
-0.0630205384764865,0.6986920608603336,0.6441828712292619,0.6777523132168661,0.14119311527331244,0.30282736383585296,1.0432890664172243,0.8192202474817183,0.4768784190257706,-0.09561394995062125,0
0.34729862811274864,0.5949181795290421,0.27636233396397125,0.5365236025994509,0.4464710275165231,1.005380689316928,0.017968096899261064,0.3582624099473024,0.3025020411038857,0.06376179451319541,0
0.31423965875406357,0.4161594852937825,0.4418419071068139,0.2981618237806747,0.5901331484873917,0.7029903646613878,0.8155649828631398,0.20518593338397045,0.44804147017877793,0.49474128694558545,2
0.25504277777854983,0.35184968293572566,0.29122255770331007,0.015089278825920401,0.7380881823388941,0.8612612290027798,0.6735226263072189,0.05111710854764935,0.6665547244924073,0.35171998277566485,3
0.7093344653885177,0.6545310233074689,0.8323483702763188,0.05011051609687428,0.12323740998223062,0.0755500072681152,0.3447727216685196,0.9174786875527647,0.8990830488496008,0.8328092506525963,1
0.1833795794094423,0.6030744656149609,0.590199270769042,-0.19579105155610665,0.2536909803380439,0.5400530470219007,0.6022552756868141,-0.01332109458651247,0.4501443711304557,0.42969657917388926,3
0.398318484018502,0.7108948845479014,0.5793053463731409,1.2269182326321117,0.9803451492831232,0.663476364355206,0.5508166772665015,0.5864137261737745,0.8149023756400912,0.7001078448263585,3
0.30614630893778044,0.8826197581224089,0.5402702546353966,0.7500135680123315,-0.007576558285335726,0.2178501408890987,0.6225854839272825,0.31485159724068257,0.20861212369114857,0.17283298309076484,1
0.8184764382726749,0.534127468931995,0.3935208591026583,0.38048432342607713,0.1582045180651957,0.656558312231871,0.3675731087154232,0.6523053903351848,0.6714349718138923,0.15073131781951782,3
0.5167936552277547,0.7866757185956442,0.7507328850255266,0.9019891269945628,0.8224938724240158,0.4129617951274335,0.16624429877178049,0.9241246164949982,0.9811789781434537,0.844095115809476,3
0.8766580017537937,0.7903212686423751,0.5614308590508467,0.35377388527748993,0.21255559100956295,0.5680023967725729,0.3335957350099667,1.1238276036560837,0.7549141900877578,0.926138293597649,3
0.8285045795849816,0.7541477762353843,0.6084579151058462,-0.17666986358920295,0.013804022473889635,-0.10641537054965713,0.20853769510574394,1.0695601919180238,1.2479953677396156,0.7902010266090035,1
0.24601237609990617,0.9355111407918509,0.6326464316428526,0.4460044823886175,0.7982288221621787,0.6591027204724423,0.625406606012157,0.5439037489056686,0.18150636770188444,0.31948030069841865,3
0.3455315927188187,0.9065088492770732,0.44788927654590505,0.7063732045599433,-0.016799215536254294,0.34974841327955924,0.6444860836277643,0.349640116529918,0.23342027409354188,0.1921752112564736,1
0.3819573991759431,1.0838224441291076,0.5796831520603432,0.3974487266602125,0.894793489437095,0.5448058296428107,0.6906471002079362,0.6173035545774859,0.09404072384833183,0.2937963711073832,3
0.18705043830310775,0.6074222013940956,0.823935482278829,0.6530914386933531,0.6007201997777416,0.599493703949408,0.27810349597339223,0.47324500326314467,0.3920647466400738,0.3988249083203422,1
0.9889062365454765,0.21571986362572795,0.11411405722906962,0.7216280317437276,1.080620500334561,0.277641462847817,0.7502006842323605,0.5905277116116425,0.6603234938954887,0.8012592216467137,1
0.18265488431082869,1.0628475122367034,0.5613017609177414,0.42751671823152815,0.6920698570939932,0.5554867945593168,0.4946788046306833,0.6604754893405986,0.018762380404294843,0.1980975400091654,3
0.7008508647153027,0.4382687308631741,0.60787670362528,0.7510229267889391,0.5561328912940833,0.9364508614683941,0.6257422725280801,0.3090644383424619,0.1788311809377407,0.4611250626950243,2
0.6011547109504364,0.9774977863973529,0.3226141473520071,0.5464273656585463,0.9995503792983544,0.49167830142850083,0.9481726719974592,0.12136547495995427,0.8660953887083879,0.8071082448228553,1
0.5615931615441769,0.9385785065800721,0.2939281179237116,0.5447121665652007,1.0002480256184705,0.5004802544550256,1.0003984497440546,0.1492461783197367,0.8942214988729339,0.7759989366359248,1
0.7096625553998358,0.5187287483492514,0.6369108544554739,0.6969657489431872,0.3286369671018379,0.7644698295400423,0.7276365944692736,0.5834201010797191,0.033326455356990026,0.2740761854152757,2
0.880060040132369,0.858862557701055,0.616489491372765,0.2328519863530552,0.8020941710670141,1.0026527193048997,0.24476776672442974,0.4480977446926261,0.7711723814771588,0.354556057247833,2
1.0159570636659834,0.6520180612759233,0.2111918529573175,0.9607467638082193,0.6151308119265552,0.6938663869140673,0.5138851708539146,0.9781828021529517,-0.01832677615703666,0.021858244120881613,2
0.994135209484952,0.6388319227761003,0.765163650586948,0.3452546736356565,0.23080877005883868,0.5073486634667982,0.6094057503757444,0.8456162598133479,0.6577198457596287,1.019473433083974,3
0.3885430226461295,0.8530603478791327,0.476652227148341,0.8013525720525057,0.006377637849086442,0.26301629117362946,0.5993042469777469,0.26079326871560055,0.15398555125128846,0.21640129035045108,1
0.33247783938741404,0.6225591856169924,0.8458652749013869,0.546629555896311,0.4630009557599279,0.33912559507604084,0.13233440250403355,0.11174863411007169,0.29907568991866734,0.6089605859558346,1
0.3961617449753761,0.08472726626794018,0.5532475650692321,0.1141464916220119,0.14640796801502282,0.7185721121744867,0.3320492287220769,0.3123480659382421,0.9007771688482102,0.2614227365356401,3
0.4121959828525568,0.1925322223478941,0.2857356645973517,0.12002433540055965,0.38591278715626776,0.9103304612877803,0.9682551861036116,0.20415056308956567,0.4544664039103865,0.025115660081013798,3
0.10587226923993139,1.0631739599118355,0.5986022121316441,0.33662620495730783,1.0440051137318516,0.38922177348020476,0.7143744172863427,0.537301266521155,0.7660296440939675,0.6650365546736446,1
0.8326164937474304,0.2805948788458631,0.5578703248451384,0.6359416880715022,0.6126570236447143,0.8185467637045895,0.7193742346084798,0.41915862689828914,0.13233752416700814,0.3631733105289066,2
0.32015117510143837,0.9898683368366556,0.9636173866072476,0.6804381046425094,0.7684559737703239,0.27311458448274945,0.9332442600787344,0.9437925537882009,0.47737332123403375,0.08413302723972073,2
0.05624453343783576,0.7739292806605155,0.8465748922735736,0.21882040939348482,0.9872023544161703,0.5313952189256734,0.6852673031612869,0.46165978497663357,0.7162831042595407,0.5074940631139614,2
0.042574643815344364,0.9322795898399132,0.8550757009024326,0.8734717698355451,0.16711466666720046,0.3588986190925979,1.015535657790046,0.5427489374190632,0.6226249163641003,-0.017485851379599446,0
0.6394695088855249,0.8527945905124099,0.3302101956731614,0.553294215976042,0.8844050166469549,0.44940425563922687,0.9433450377284939,0.18025468427485591,0.815083686587356,0.7803742089236253,1
0.874385498909893,0.7044493787276447,0.542491820397337,0.4356413252517204,0.23134815444205692,0.22307175948844457,0.19473777474678108,0.14188181898701718,0.39830215482464015,0.8597340453953468,1
0.6433826051370036,0.7108041116585078,1.0627968401114272,0.2932646799897891,0.8849731577601058,0.36802849133145377,0.8242985385705548,0.2061920211579631,0.558880737507351,0.8424266076957638,3
0.8709046199184151,1.012359886878205,0.2566285953322004,0.6330306554192556,0.34384093889229683,0.6230050259343096,0.20898014692709901,0.8052986531879474,0.547505584910714,0.2762413830206213,0
0.38616798252802215,0.8535950603772493,0.6826766127943603,0.7473064523619751,0.477447878254168,0.35359069552031597,0.8314556579761802,0.08809037901211388,0.4161457965261645,0.757330934827987,1
0.05986587117678963,0.7851631367374293,0.8392452473478874,0.21403301691866777,0.9927945221364943,0.5203441879814744,0.6746853803409678,0.45226311121995594,0.7289177380399353,0.5041752010365407,2
0.4943553996386267,0.8390556564949754,0.09520101192227381,0.4134674426448905,0.0732082245945557,0.8929653329758919,0.5912505561118324,0.38925697905975387,0.20330051876031366,1.0106873012621274,1
0.4741041972179892,0.6126816190733159,0.19798264981258745,0.5173737462683327,0.42412642805678535,0.6909249630130837,0.9912746929357095,0.9006169583727376,0.5076387555818493,0.19131720153914838,3
0.5231997577244084,1.0505335345655324,0.30801178163625287,0.5439883361371378,0.8969206206471217,0.5572871085159503,0.9070085741622227,0.16711557932312313,0.9379048676310143,0.8475808773534242,1
0.12101841324210186,0.8683383796631103,0.5901838876298877,0.17986207987031322,0.8861402955995511,0.3955419661589492,0.4908252260786618,0.47777754922587484,0.551210818778225,0.7016965998962794,1
0.435626713035168,0.24127920575350276,0.24839788928049578,0.13434782084865082,0.41191754777453476,0.8795565831510914,0.9957502916357394,0.20259390919650183,0.4383129801272615,0.021688392291339738,3
0.22367584390028217,0.5009432603520655,0.39613962290783256,0.10289575613785772,0.5964111936971984,0.7542704187847532,0.9610358843839057,0.08378873567621034,0.8275190266778927,0.6486400771881822,3
0.17631406411476314,0.03072355087568812,0.9035710676312064,0.39009374664407986,0.1915641741753576,0.4828861624433371,0.6349282633897826,1.1285073315790566,1.0787488750443923,0.7824814320414984,1
0.8472825204973392,1.1613181532273276,1.114036783226602,0.9845263402829413,0.5111884578205721,0.2827387669861121,0.3451050534114847,0.8135442993167034,1.012486498738745,0.5984947599360738,3
0.3870272534566694,0.5239065125590603,0.3646024913529456,0.14673425380311064,0.07572411804673734,0.6409925189357258,0.021180613676577805,0.6079578461641311,0.909108484219454,0.1907530066001148,3
0.5183605868112267,0.7998621920799075,0.7499353079564232,0.8907682743113127,0.8282001652825928,0.42028885308116226,0.17573186571122473,0.9266822734182063,0.9811241369274311,0.8364676874655189,3
0.2213017817186389,0.3612830823628308,0.10312402475402793,0.22955809985971318,0.45975083451525517,-0.05725872928215711,0.1457790193135203,0.4621025235865945,0.9263587267286382,0.14693998182554247,2
1.038333730521315,0.1897362720855308,0.15026173656858888,0.9249478081688755,0.0569810180577508,-0.0936793699645776,0.46657500135548163,1.1330633085080162,0.7776345619574827,0.764044585387325,2
0.6710633650163751,0.5218231948283574,0.7451140308140719,0.07716909304858102,0.18500241300938033,0.16283677194307516,0.3127321805470389,0.8308455067310225,0.9716664860000638,0.9222198964905625,1
0.7636398249983093,0.8400108355916359,0.63259723382045,0.19955316265585027,0.933984971659743,0.9853436883550026,0.0552583558781022,0.4917171549277578,0.669013426668002,0.37858759056215513,2
0.38133842373789706,0.8647515343282415,0.45652223883483833,0.7748980007770853,-0.009007939456634289,0.29026446262982347,0.565720049231981,0.24115217768766598,0.13960697676633538,0.20071468231826897,1
0.7223982531450271,0.3366037208754492,0.8750512902067153,0.6154689879820272,0.558028150856228,0.8946886527232882,0.5215116359882623,0.8134273588510668,0.32043065378838836,0.3759971769421232,2
0.39867292659046677,0.8413333621703809,0.46873694311931957,0.7676317697912788,-0.026226666113605898,0.2719797634282275,0.5631567693902896,0.2971511005601603,0.16543599406322193,0.1815288949606495,1
0.7146618699995301,-0.10799520278487512,0.3468646212704152,0.005501577134967683,0.04058065708033074,-0.060837351456013156,0.6118456086870062,0.9708897066908855,0.7364581833963448,0.41248606704972957,3
0.9288642972535087,0.7192852945652409,0.5322257225537025,0.4807469484498981,0.23547223323008726,0.24958732466279998,0.24507027641289492,0.14216005262891365,0.349978789725858,0.8647926606391515,1
0.3157398673945659,0.24283535908055245,0.24116033691679473,0.3249894928874797,0.46967792943174835,0.15462686049013358,0.05036660640973638,0.8811779994616203,0.13425278058572634,0.8322071884572781,2
0.9158374263006858,0.7607295487032493,0.5305035698215301,0.5011593430480383,0.2737996210722454,0.2504091289754521,0.2614067137194613,0.15217989857098524,0.407608710204362,0.8725701083694745,1
0.37600450901441457,0.48427344184546756,0.5050393037638176,0.28751197725524646,0.634808412732135,0.6669273389198696,0.8251206084981266,0.27160735667025226,0.42451940339144134,0.4369327959982548,2
0.10159628077015259,0.666877093710985,0.9383863489723971,0.618560289685978,0.7217446940946017,0.6423835372443008,0.41525281496342487,0.4518202663898459,0.33619156720217747,0.4979837789648696,1
0.6506789184426087,0.9877137152789948,1.1140269207062876,0.09987426394239193,1.0237010027094111,0.5650463196024011,0.2205883503268158,1.008591310579545,0.0034804400227125276,0.9987502712937963,1
0.1847564217215214,0.3127345799146409,0.003320900859252407,-0.1257649984203341,0.8347327589595999,1.1645891776470532,0.9557649399941222,-0.22319901278918486,0.7243951308530769,0.5422746928131924,3
0.5105657990355198,0.5237961882985197,0.4672446173233977,0.6704057311999281,0.6006181447440522,0.9330192959493494,0.45856974527917904,0.31114249047905357,0.4091432569694692,0.5147739283592515,2
0.7378782279458663,0.06233251549307217,0.40804367648577405,0.3021291596811261,0.2707590585384403,0.5118013979167542,1.3308866410381128,0.4569792027811009,0.33760368584530864,0.39608475368346263,3
0.47731285454921313,0.10373063021775882,0.7385766000126546,0.2753621294446426,0.4480799817304229,0.506764517701124,0.33014136018251866,0.10715548622928528,1.0955183651489369,0.022005935698119983,3
0.8543303581865578,0.6379795560946555,0.4171547868416373,0.3698232135804463,0.27856059836917757,0.3550429588463438,0.11457115050021337,0.13657583691565467,0.30703504588745995,0.7556889738496042,1
-0.3978771603605328,1.6119980187246408,1.2772042119435143,0.6447011516307544,-0.29369421296536447,-0.18403708737855384,0.7707903895129524,0.023026283733973543,-0.28202076368318074,0.7690738865331204,1
0.6816210275250645,0.12141898095775205,0.7604583397347198,0.5342174131130191,0.18980664435208092,0.8882506691875751,0.23831357157945451,0.9806567831464028,-0.03584994861388063,0.6559545430891146,2
0.2099315312857458,0.3615042881233783,0.3273793558477829,0.08602859260907295,0.7792740847383964,0.9160264900283176,0.617073526967146,0.04199104582479812,0.6499881796862264,0.39202745148302115,3
0.5721165857234665,0.8799240071882315,0.7329701407619926,0.8925774225262804,0.8348215894824838,0.37764285051990654,0.14956319858837105,0.9787101522888456,1.0654957302353878,0.7723996337989261,3
0.2559114176563915,0.9446871033852131,0.6727474495000606,0.4807219945273459,0.7782371404146288,0.6200869589047688,0.6293627376330103,0.5278952195314873,0.16516385851060006,0.3571825606787742,3
1.146779188688956,0.3839854042548341,0.4691455064313626,0.4202252095385105,0.827445872706407,0.04576057412072007,0.5093036717816171,0.0215539750398121,0.04762460853162584,0.09194040200584605,3
0.06041031637502538,0.7683396844882224,0.8411852692079066,0.2329088622926627,0.9771959461622781,0.5237957044170087,0.6752638704760248,0.46049241733146545,0.7149340852539361,0.5105809564154968,2
0.2688414803347776,0.08041873666105531,-0.24187344354079682,-0.03648328639184248,0.6544562834359362,0.04150650972750985,-0.09929713040552507,0.10605275891553284,0.7315677492517593,0.0750934530215602,2
0.4942461496726338,0.18930672751634756,0.2747380948840818,0.13679702829068133,0.364197110763904,0.8383706234474316,0.9044081157014306,0.281126988643564,0.4895176378145993,0.0014590348760059393,3
0.39315765092339894,-0.14435267905263716,0.8287791223421654,0.546260278422016,0.7217699111853566,0.36395589868352163,0.4238548277074784,0.3976399093573516,0.35252078171414153,0.11403152642306358,3
-0.1335858436851045,0.45052710786409117,0.14727076878846956,0.5030182115242516,0.8288715691897522,0.8206780946430505,-0.5867251626599926,1.5841106221511843,0.6054764029264075,1.537609721284467,3
0.9348937567912053,0.2726321218965837,0.5688788055766797,1.229301953750809,1.3011650782585482,0.479803853247478,0.5586818339022428,0.6658978063519696,-0.48155781051001423,0.9737341306930364,1
0.7677819465311924,0.35102266072065086,0.6120816443748812,0.5923529809757245,0.5343883266452293,0.04992180433987084,0.5603851733667473,0.27830672368288634,0.2135364329126911,0.06508543696169926,2
0.7441940696693323,0.6882424677205287,0.03342980611215146,0.6220133820417282,0.2984227440350045,0.9288166054258985,0.014842160212366756,0.3466494953272898,0.14469055312445286,0.4725022641779175,0
0.38631001970580786,0.5173463243737922,0.409912448008382,0.10007228697029957,0.02917144994051625,0.6391905766950216,-0.008061123635162863,0.6445743657250719,0.9833087163106832,0.15915454253355044,3
0.025535644653768813,0.9415654199352318,0.6570182660798987,0.2906881738470086,0.9500444443453931,0.3557791278758368,0.5991587957963904,0.5466459384132888,0.6403091873207071,0.6962099096372347,1
0.0744988280319592,0.17411784951359266,0.4165693688739634,0.6590145791504384,-0.016011310497624262,0.43116447021588233,0.5053269062382117,0.8445704791942895,0.41451227220867176,0.3978718601129486,0
0.9614446035381312,0.8251665446247891,0.3909234064522892,-0.2764955640359206,0.5784656523370169,-0.07888087716761283,-0.018458335222697797,0.9701294091844845,0.8455811746429553,0.7992332123861008,1
0.6418214786294765,0.354949010363981,0.6104699785222361,0.1154931392724416,0.8656027231206661,0.6714170158180103,0.6556481958884136,0.8972829011148388,0.0903603684426838,0.5677860382255505,3
1.0160814011592632,0.5830642533812274,0.05962923440554066,0.838688047334758,0.7793495938961024,0.5039122464992958,0.3414744800580313,0.9172948297975722,-0.09242458332943582,0.11846261446259881,2
0.31738567167357157,0.42483320012597914,0.45635170228340005,0.2657934715738767,0.5826231543220671,0.7020435701577863,0.8133190182857117,0.23893269172477635,0.4150650007958571,0.4927458377996359,2
0.6081496354760217,0.08927754916484204,0.5742890972502407,0.4168021564865061,0.35549047291638763,0.4515581064884786,0.2475882175856166,0.7853533641851077,0.2256411823952722,0.5430977180951723,2
0.34630539893008433,0.09634052094579389,0.5700270763018234,0.1163002093580768,0.119101609582796,0.7167849165774044,0.2958022391951328,0.2922939737805078,0.873770515854883,0.26980126364404194,3
-0.04874626745230004,0.5161831774423171,-0.10957372677033905,0.28346365021590064,0.9205625100915289,0.723582296439609,0.9270559070129418,0.3690869290016397,1.0526768047578183,0.45673553744287265,3
0.08491849823686781,0.35541240731015566,0.06358980133484099,0.02621737181630157,0.4995359299513088,0.1239414602569274,0.18817199472535862,0.3860699270677857,0.925012298657655,0.3046411076562402,2
0.22775109383768333,0.9775758964776147,0.6365268525435442,0.5147136163567374,0.8327744353598807,0.6685184463333379,0.6057270350203747,0.4719200024196287,0.1642596315396178,0.3359351654444048,3
0.9065355736221238,0.6636303609323723,0.1410805898772809,0.11183494920653272,0.07547408393227323,0.6689440393546908,0.40305424672721263,0.7694614397163162,0.3973420990009511,0.3183952799441387,0
0.5522834168568521,-0.6411554282039109,1.2612445990208987,-0.4484976341968624,0.23121228626054036,1.5954205904640462,0.8301182770741056,0.5918349386225066,0.3996408366709949,0.8545067081339506,3
0.22510537263583483,0.48652643434739334,0.9947092378212016,0.7455023713884551,0.7360603317339482,0.7405750568244013,0.5811347096908793,0.5004630942502243,0.2821548854815252,0.33296309830710724,1
1.0145607273642623,1.0181150654427913,1.0798397264243695,0.3930287993116809,0.6014476481996507,0.4381637059064318,-0.13976551893600148,0.5357910108995947,1.2150323595864456,0.5780980076138038,3
0.03665893600710757,0.9868180203417335,0.9010238501621746,0.7882074072889125,0.2645722006689912,0.3080357662530979,0.9028598141562154,0.43182054850805324,0.7652397477455584,0.1411927354705361,0
0.3189464543184009,0.41965387396031945,0.45522421310941874,0.2749138211644019,0.5830623446517237,0.7006374790653633,0.8045947419174653,0.22749268634864742,0.4254590523676406,0.48969521159663104,2
0.39034711586871573,0.9762847843384491,0.6901305851253071,0.8411953777606582,0.44597605648185545,0.25504607284730346,0.9676362444653467,0.09432866359237227,0.3157684106525127,0.644778686558072,1
0.4715681594518545,0.5370315689522177,0.21511052646601705,0.5565330183753658,0.5232562825557879,0.6879746745076176,0.9349830137997214,0.8679856867229067,0.46430789509864334,0.19410876427427243,3
0.24554821208080174,0.230305537876953,0.07366065807889176,-0.007568506622341903,0.49964119007706437,0.1970264459628887,0.18390113520615442,0.373785016901975,1.013290606316038,0.28220752993207654,2
0.28675651180754275,0.9193775444052183,0.8367148645045354,0.6319372021360716,0.8323822342970885,0.17402762390853455,0.805668231253432,0.8743179072397342,0.6134506642966108,0.04436416897436511,2
-0.03572446622838449,0.43718522536956417,0.790120216278863,0.5041109209170617,0.5579913700105619,0.8010619341140306,0.5557524816573456,0.3647054744624252,0.23248308859270292,0.5289402055422161,1
0.9381548124824596,0.475632470461462,0.5353801223025906,0.41258321789637475,0.06483372623451931,0.21355506955985915,0.2257501039271446,0.37099459610518337,0.2065332273216064,0.3412888337420027,3
0.4502952576803592,0.5572156416218521,0.4251913636871727,0.15088062113397285,0.020995187088811332,0.6565429378949775,0.06381481545442268,0.642190013364217,0.9773945244985678,0.1531910689851809,3
0.15830966759369192,0.12632475475643384,0.4075976387857265,0.7453771582534511,0.1139762536429282,0.38211004919186603,0.5090684480555532,0.8390794631513221,0.4300774160027346,0.4648186492823145,0
1.0074733198998762,0.7889515174934321,0.5421918104324516,0.18438388212568674,0.3772333375337599,0.5810059430239471,0.5273729949094768,1.0584777765231557,0.5944702427002476,0.7932381365392515,3
0.46752171444002427,0.22465357847372375,0.2871973412215964,0.12063147640576384,0.3203387478643206,0.8957449853354303,0.9291372770976782,0.28886964315805463,0.45712266507667876,0.0047709659481699335,3
0.386904177721218,0.8269968782099342,0.5031735984371115,0.7629279022492266,-0.018762684154785325,0.24438511214614472,0.6298199046699379,0.23889201584225173,0.1666553793272822,0.1845626985007171,1
1.1111866271261168,0.7110671926313779,0.16252853809360102,0.8648837466407192,0.6183429442688585,0.7148745311839888,0.41487843724634765,1.0599322193642349,-0.07257885053639493,-0.04023512484854075,2
0.671165925159527,0.6360910196364983,0.6352325384168268,0.0009119349908387961,0.5261971079661322,0.34985925605017293,0.4764358090580624,0.507725591680209,0.6499586068963978,0.14710367306682454,0
0.1500462500923322,0.5325394864124275,0.9158234613541936,0.41935652317307237,0.607952107491718,0.026040136739447106,0.5485085691424039,0.4968803640624945,0.979020226730281,0.1886664299554794,3
1.002165561768775,0.1877842333367597,0.46116068567618673,0.19613503059845527,-0.03559830696853716,0.24592871383014536,-0.031467331762497136,0.7293460270993778,0.39879397512570025,1.0554850237599442,3
0.10819745652461685,0.4567455872194631,0.5306244867612785,0.14942436885854626,0.8481893254710752,0.8723873020239332,0.9758908807072297,0.153153577301381,0.3028277670849169,0.6465748441654061,3
0.40012022017088156,0.46906418121452154,0.2764322534092184,0.47456307891777877,0.3823939207883975,0.9789732993046966,0.10092939084749998,0.43611578534039086,0.30522181583640684,0.18167143335977226,0
0.12918880608903965,0.09255303364735858,0.39473813277633363,0.716197551791317,0.0828662127356722,0.3960333121661016,0.5363123620456398,0.8473272286249658,0.4211433034371217,0.45248702647128647,0
0.05499582367748366,0.9565905033375104,0.6872190215960249,0.30031569035930394,0.9408320385549948,0.386613801100675,0.6016421069545234,0.5840885396210711,0.6806619782985697,0.7194291010813935,1
0.7969011547091694,0.5048668094918443,0.716676095724095,0.5572466109258408,0.5935121148842056,0.04019258703988907,0.6294148610837378,0.46777539929503825,0.10621845854028536,0.10547567052797767,2
0.714205964504897,0.12687037225292166,0.43905477847704955,0.5675642730510368,0.06354059235076887,0.2047215346889705,0.059038866834474985,0.5199014816358469,0.5746300046758334,0.8574328226900635,3
0.2573426430135456,0.9704443976236787,0.7155629441907575,0.4101756786331359,0.7390407121718865,0.5999816041574517,0.5725429418638257,0.5677893814195544,0.13148097170665235,0.3185311719631168,3
0.6645140636856561,1.1196520145715698,0.9784241648229152,-0.18526798749170564,0.7831537396064507,0.6784770269838387,0.2686792417496058,1.0280981682023054,0.41262498951000925,0.7075549087586086,3
0.806257235314456,0.7233042732795059,0.48136921575961705,0.5110738244907604,0.25164462993584236,0.13221193932714886,0.3694898266365084,0.15502616999037286,0.3467499438198885,0.9615370042685707,1
0.838999949806946,0.6157764746214432,0.8561425640840794,0.28764755284713306,0.1577925223335963,0.6001113543243672,0.24258296895374598,0.7930385494438014,0.5801634065488629,0.677004308120957,3
0.14872002885293673,0.25126640555380797,0.189324745171213,0.11599560897411836,0.8557745186899183,0.8312306533569638,0.6215954183695742,0.20890178013759908,0.5119683937750357,0.18310947383567566,3
0.17585343570363496,0.9314586922492314,-0.06045181211938279,0.1984216738611309,0.7291075496101457,1.0545217007406686,0.5619445101682354,0.12690235788812257,0.39545747593376723,0.6565711394875763,0
0.7913394237886883,0.5589845645437966,0.6006937909231647,0.5178766316374183,0.021859953977630735,0.3861877239337643,0.20812330927253242,0.5741847188130477,0.3663481562908978,0.38083915962160064,3
0.7267338590587871,0.808615792446078,0.7320896172019165,0.3098759932173781,1.0319974173207884,1.0335457127092564,0.1981212142147788,0.3823098251963999,0.7283985258536462,0.5591282504996121,2
0.4174604916358754,0.9992055660364249,0.6584783284065134,0.5278503694700105,0.49855100608194913,-0.21244284210771391,0.49180236430960117,0.259663374745728,0.4780369123702849,0.40089607628582186,1
0.42441070837843065,0.14232636880455252,0.4366515471168344,0.20910110022716286,1.0286853551439612,0.698259433732103,0.4726477097826416,0.9658922111570141,0.2087978965487065,0.5016360294294064,3
0.5069154642100056,0.019470455894473104,0.8710252710055928,-0.4703028268479855,-0.18782282919195603,0.8408535651318689,0.9731375547141642,-0.22658809078820424,0.9594081447180532,0.007633782049504739,3
0.16351228050208974,0.5162793441606361,0.8411388529450903,0.7688994258781268,0.625481395416593,0.4835373333282456,0.5140953482416116,0.38084365606868686,0.18692053563440741,0.3933254544728132,1
0.27215709326898296,0.9104918363489239,0.4995734329847212,0.865754084135278,-0.09033896247737408,0.18297211787580067,0.5549777731227107,0.2130398102262861,0.09398681942061662,0.1175461222143532,1
0.14773299187177075,0.35739792831251643,-0.05754348937790989,0.1493253085071925,0.42988800300680574,0.05233714761710691,0.10699218920213162,0.4255229495394007,0.9997311909896363,0.2104905013124555,2
0.44267422217444846,0.8771574000336497,0.44620303749204543,0.8878067549378367,0.15473434103226336,0.38840519258335215,0.6091383129563193,0.24237842535427948,0.06645851446210758,0.20570665095339444,1
0.03495408667241752,0.9645750154057451,0.7072223501377022,0.3060513162717673,0.9192990946979455,0.40179002722251117,0.5915399825430759,0.607647590787724,0.698753667651677,0.7385984688051908,1
0.7148093674566859,0.8680661524564971,0.6299591583164353,0.5798412049724906,0.7414883523357496,0.774003086623195,-0.041960622173045026,0.5266328353953237,0.5905007772922048,0.1021864614556412,2
0.3896953506071031,0.8110112357875746,0.45381370533106863,0.8247750164992799,-0.041120273886280576,0.2788515277628922,0.669965790415511,0.19510273137112757,0.20207883734866222,0.21933102916456546,1
-0.018504390148733896,0.6260988227823487,0.8794814094208776,0.6870481571279108,0.8353252169593901,0.5276775559802768,0.3807838830124417,0.49181178016599875,0.45840004155442465,0.45101462443860585,1
0.22716911255674532,0.4269838426490402,0.20355676391968108,-0.02675816551534889,0.6908206130505525,0.931260101951962,0.6837856902512677,0.02635763115985619,0.6718028126553743,0.43711480077634485,3
0.3785259554640241,0.9119911013629352,0.859699882879484,0.6332242692912584,0.7638464330167958,0.19084304959845008,0.8742422682705957,0.9541317911209228,0.5661264850631181,0.10653191324436477,2
0.5140498688457419,0.3679470782841502,0.24925291788793089,0.4060558340058701,0.2526749454892766,0.007876235533764764,-0.06891020614169058,0.7279021949042157,0.13474690068281622,0.6652197375944644,2
-0.012892200007000254,0.612730897538896,0.9606835697295801,0.5784599902198965,0.7620682211381768,0.605185588788256,0.43016087118374086,0.3847041133052302,0.32824592651410267,0.42621076874828817,1
1.082253508764055,0.20032312876114178,0.26209570820682543,-0.07051576897203793,1.0983358518790762,-0.21624718065373627,0.64197782679805,0.9014854740657534,-0.3054319945542002,0.6650640303227229,2
0.3034162294793085,0.35369113250991624,0.1611692850906793,0.10204538503754729,0.21026290435917755,0.7045916069251703,0.7850094627568176,0.10298803475805654,0.35986805041560216,-0.014481057647248309,3
0.2762899838703776,0.8716066860920095,0.6006259616155472,0.8849254269797072,0.42820956317898906,0.4141604527507667,0.9353203911935507,0.04265796651044132,0.3151493868630105,0.6751332560978522,1
0.4993389877064648,0.7234514956872903,0.7061991570317921,0.8080171424309193,0.8927007011301356,0.380383897894756,0.08191642748854876,0.8412245375378753,0.8946727610269414,0.8846842430436231,3
1.1037087171672746,0.6907525266123954,0.04437716861355587,0.9258339038745333,0.6766877414328049,0.8067055625336481,0.45306184343759004,1.0218549351719206,0.07001610426758587,0.1567749183006389,2
0.36382270487285573,0.17615756929308934,0.4330392149292784,0.5596605782682146,-0.09096598080548449,0.3025324370154888,0.07587881393982816,0.3756418672296399,0.2547608904422801,1.1178297649668896,3
0.5095911474238474,0.790866143400814,0.7494103921237912,0.9037933024922072,0.84200766502556,0.4352944420260675,0.17621115239577695,0.9308762676486017,0.96814637224972,0.8274590686371917,3
0.5001821357981975,1.0066947354236662,0.5581349502336653,0.35940630760504994,0.5734609235994457,0.9461786792092719,0.21633306035203598,0.8997755144037893,0.6124195347550379,0.8491580386999846,3
-0.28731984829869894,0.9692531431271543,0.14793903607829478,0.4087476105925959,0.4665093717028382,0.4378811602558535,0.9933018346267601,0.4924705698505411,0.056297463299006756,1.0410148803341577,0
0.28112540058748353,0.0013193948093840058,0.5417453734344019,0.3947095674975815,1.035204728239527,-0.13055063072405287,0.875047085145196,0.5158064472657422,0.5752869954471181,1.0629651272089995,1
0.40835860451402084,0.40074926333210387,0.13638776163690888,0.5110130220627439,0.28880806012565885,0.14248461276189492,0.05083112247058004,0.8384986799131433,0.10362966934482147,0.6410566896588882,2
0.3365037726708178,0.3141354797710352,0.07919350941313283,0.4696942865079258,0.3140671168935564,0.06577352940241742,-0.022120296527845973,0.8601195614377158,0.0043463169334324175,0.6220632243972947,2
0.4067570797048405,0.40906647025698717,0.05803518213284952,0.5798968350536302,0.3607807380631186,0.14861044518897032,0.04919581058550153,0.7390796136467718,0.08333277336653444,0.6500923522880986,2
0.06006219909940266,0.5911994119893413,0.9714481071137872,0.6352645646342929,0.7918319220821979,0.51614602441562,0.5317232771283116,0.5473768277957045,0.3138731543765532,0.4712983871563964,1
0.1369982817828648,0.34672470774481756,0.30018268156129424,0.1234556897908099,0.37542471268411115,0.724026757426196,0.3171934358534009,0.3675830791486226,0.619857579065118,0.45150687942820156,1
0.22397335136380211,0.6710539858691599,1.0204938461255362,0.191939065660874,0.22598352845590153,0.14836295271656302,1.0432555049997085,0.33571017479903364,0.8094722378883765,0.05845305093626191,3
0.40341055930128894,0.15931021992552236,0.33269688243329143,0.23991827072782917,0.4239304977689975,0.9101637924609878,0.8919058293875874,0.21792033107949996,0.4624973289822489,0.09841773880256162,3
0.45815536966480314,0.5612477129750116,0.18655540991858663,0.5695158933013528,0.5020652630692127,0.6676447642562012,0.9611526795799273,0.8440979664722096,0.42590249884577924,0.19405416215729576,3
0.09087912520077684,0.8982929274797957,0.9227352522345389,0.7542345321880417,0.16937434909838867,0.2061730193175673,0.9140485892294117,0.5074178389527766,0.7228230317716198,0.09469495169820759,0
1.104987536388431,0.6443895416104523,-0.0719660058481143,0.9789763469472131,0.06410288432730511,0.25355933585392537,-0.14025586388680053,0.8910780698763252,0.890193469322644,0.051543798830673386,3
0.45433617229669476,0.6139011576620194,0.6234153697817455,0.3028025599287397,0.5369387626390807,0.7766918926939888,0.7722255080423782,0.12629229614378448,0.41784547021674523,0.6839230531283218,3
0.5197975623337037,0.20929183770006762,0.21759723713804985,0.15705059132268684,0.34018533076621255,0.8057907808685953,0.9413557737885228,0.19549384153375898,0.46592311281628535,0.04143276371593332,3
1.073315710946923,0.39176727757467755,0.05599696691022674,0.9318909979985165,0.04557785943223979,0.044610022796842785,-0.037769630648975205,0.7675947737242363,0.7476986728387707,-0.009703263125687984,3
0.19428781947948834,0.5158770899091717,1.0436615395783713,0.1554482589962648,0.15957819074624963,0.024315359183685246,0.9065410798943588,0.2600643681645405,1.0102081853414886,0.20211301710771304,3
-0.23212810835907383,0.8926779799670187,0.6586840248041403,1.11366379232058,0.3459550563768733,0.5171334357563856,0.5183421012347238,0.7694717520436247,0.9109245297134312,-0.2915129406892145,0
0.17236784331595104,0.08239477900153538,0.3645386572913416,0.7379938469395881,0.0752459110519091,0.3968321357921082,0.5362589312262085,0.8275864712588743,0.44189302593874247,0.465004707483134,0
0.09370340067097255,0.29651265547083466,0.14762913271297148,0.27612087413322856,0.18729029441076256,1.0271320532715258,0.3990563032033877,0.17148454787651035,0.6360440778274835,0.5500012958733893,1
0.5092004146883186,0.22381168847755586,0.36336985438400793,0.1399894028452528,0.3047031532121738,0.8746050058152631,0.8862995016353844,0.3470815466584378,0.5170023389188322,-0.03820941634616465,3
0.14908861997176587,-0.19382975411350079,1.20619927288864,0.3760319053479695,1.0178941888568886,-0.42543511600785855,1.180695615000908,0.47692864775803206,-0.07109279077073005,1.2762098551185561,1
0.721575183528486,0.6232919165097924,0.8840739720284584,0.043701542445738484,0.14188228563278407,0.09999333108125927,0.31165912664696804,0.9385037813821555,0.870900202909563,0.8495191303564349,1
0.06956556500687203,0.9917239635468068,0.7212422425672279,0.2660810924606416,0.95945457096144,0.38227626157695915,0.5781517265504966,0.6202976964452424,0.6297127456783229,0.7349935430219484,1
0.6520496084087615,0.2707875556097188,0.09874392271207444,0.17525241302837513,0.1748231861463541,0.6892590343242118,0.8635405415358368,0.14663989581842174,0.5643881619142044,0.18704744410135338,3
0.6350141601432611,0.28907785901229127,0.3620450171545534,-0.017566397366715586,0.3078580714697918,0.7327799201047961,0.7879274368439353,0.2557402783313248,0.45350922452412057,0.11175909546458981,3
-0.029687445216564037,0.9618456344789352,0.6430549328263535,0.5729614603466311,0.7778551428822869,0.5295065324583879,0.47198957089823557,0.3436518938834838,0.575615814561301,0.5565336249550195,1
-0.08202598857289622,1.2506961904489162,0.5600357350554822,0.7395383228388921,0.2437053447274205,0.7140861007832712,0.3098757416496648,0.2833193248825293,1.2138279178783642,0.1685817686334925,1
1.1161199277753289,0.9045436560987057,0.6685403971030595,0.18550204893516994,-0.00606088216885417,-0.0456789172587663,-0.017292586025595358,0.616207782164753,1.1022328904138503,0.8597215650150588,1
0.3375370778766967,0.18840821404979574,0.256732813074522,0.6008395802611162,0.20301353042806136,-0.0363779523383273,0.388439581983962,0.9226291797283865,0.792153763634367,0.9404140159257592,3
0.6055793751738182,0.6184938790267103,0.49976167911623615,0.76509926133942,0.3791171219947492,0.8545717382696615,0.7747659040512724,0.3197840152161607,0.023721987995538596,0.5423783292122248,2
0.9080607607726155,0.730204465197301,0.5176432023983824,0.46847660331935104,0.25889891546874033,0.2684954223461705,0.2464510182075179,0.13884240372268816,0.35493110526811295,0.8636299779468869,1
0.33742280147200054,0.17390614308297697,0.6735656181746112,0.17309197948817232,0.14928392413664035,0.6929252126262488,0.31896100120831955,0.3578117981096436,0.9881483749762906,0.19682675388474224,3
0.8944902669311418,0.46031594187139857,-0.020652373655424015,0.9312704707291161,0.033012919510049185,0.218736654668436,0.09781612350433211,0.8008174027505481,0.8943536130920492,-0.00827148538745174,3
-0.07282388931110892,0.46925333792179047,0.8123168106142477,1.2202341349765238,0.6572621881142868,0.0949358480971749,1.072017484707212,1.0286164279610144,0.29471403638825017,1.16637907616489,1
0.03123373161164156,0.9186022544067559,0.9027292088874926,0.7490189236602732,0.19056747557159692,0.20831595674896586,1.0308760925074343,0.5537106577427672,0.6328908816127977,0.051141966985474706,0
0.5954594824035185,0.9596193417337989,0.2982132591460047,0.5579458974181772,0.9759297728180547,0.5006702454895118,0.9595913591054188,0.1348289054559941,0.8869936868332554,0.8180958609205222,1
0.6370547908953259,0.9654672570074618,0.12075304425795308,0.046511326244729645,0.30158481888292976,0.10774523873359654,0.07973738274691367,1.2428289351169182,0.6160907860705651,0.6414818480729991,3
0.05541407896803097,0.760956513651533,0.8372686742909385,0.22415739998642142,0.9967607282300367,0.5403594609411807,0.6869392914295978,0.4707940951323789,0.7237320066937618,0.5013938369921966,2
1.2228441287685798,0.8941640399129032,0.7154092631470601,0.3553779648174092,0.1343099156817435,0.42564030221193344,0.3656937375145255,1.1953592185424413,0.4980170936879572,1.0485655146427306,3
0.6608396575225876,0.5623722931518289,0.7700675769323643,0.0711058620741114,0.17697589275362388,0.02297269558859269,0.34046562798846686,0.8557449522072723,0.882312926356249,0.8552658690232848,1
0.22809824025843384,0.5390325234941036,0.45554946278432473,0.6558070949690048,0.2045639570674107,0.05897149598743129,0.5388864242063264,0.20039941938989758,0.49029568524251405,0.015547226662834257,1
1.0535048557344515,0.17363879086582867,-0.022853077304858305,-0.2603705590354168,-0.33216515368344474,0.9179669863275087,0.7097830093008568,0.311143321811538,0.36309949029092714,0.3201342897092305,0
0.8919601718479138,0.5604818624161718,0.5190969679032903,-0.06012792420808358,0.1836680446014156,0.5276273959541061,0.7688003634795172,1.073965000653436,0.7622830239583565,0.2480885088694633,0
0.7864250081981574,0.41932852648678554,0.7022216504469807,0.7186103153339422,0.6220918482258594,0.9964482117855636,0.5881114828367136,0.21256708572776573,0.14728129266346146,0.45299071345272657,2
0.3711053910211057,0.7941078137643511,0.8280729746193852,0.7217685997306581,0.878867084085838,0.26766317187112804,0.8910051247352834,0.9625840885966336,0.6741877373785103,0.13007615863206373,2
0.2562706494829717,0.9814270169589585,0.7619044167997934,0.45991033046510704,0.8621916635430092,0.5810340326098191,0.673062415267018,0.4884246630186373,0.1387094616867875,0.4324825215369383,3
0.8618376692873562,-0.5702240536300177,0.049766397440445864,-0.1753254790208388,0.7759154830461956,1.2260695271798263,-0.5070843573286684,0.8543761260163759,0.06251175761871627,0.5002981273705993,3
0.7977150260824322,0.7719311267341784,0.25529592863551603,0.7416790214791087,0.4249476136459237,0.18579965305363944,-0.05065306827787655,0.3285253505621561,0.7082792617252678,0.2894550609723883,3
0.3033574485732642,0.08091269225074624,0.6620253381073562,0.42654073429487305,0.9975296280753005,0.05018728594228846,0.8724885718919299,0.5140544094634804,0.36147363865048826,0.9089055442731253,1
0.2596038861644363,0.8599545488052713,0.9588773360428234,0.5440463722722504,0.7369966311603057,0.19294360922571013,0.8748994213266788,0.8268458852284856,0.5081686738965784,0.07345931850055964,2
0.28233030475256254,0.18468930098877728,0.6004358610590892,0.4345082535655419,0.6196652649454856,0.8812517849598419,0.6205548953828093,-0.12181675633424613,0.6021833932313628,0.6519288214010757,3
0.5892714030648055,0.2882075027924256,0.5861783943037462,-0.012453717172324227,0.9084582117961508,0.8089256288924344,0.614427117807113,0.8125267725755211,0.06522828240101644,0.5335434740851005,3
-0.11044104785481629,0.047004976519885014,0.8291755036958256,0.707127516080212,1.1692421576805614,0.14007596198902778,0.8404491670078366,0.22665114691575422,0.6856380047848238,0.9574930246616736,1
0.06118946423036682,0.7737114771874504,0.8457863555716494,0.2169858095713845,0.978195133832678,0.5303492370435399,0.6778610206103777,0.4640158916774087,0.7162433698690723,0.5041262303832893,2
0.29868333067497677,0.3968959796526724,0.42938379742961874,-0.007118383097053371,0.32548448422784076,0.7475330253279477,0.9183593315909274,0.3054607525677395,0.2561135305762925,0.011536878309736993,3
0.238809200103874,0.4315514199172869,0.5785694075640797,0.24503988749941052,0.7084735969090381,0.9295820266670587,0.8652552053036296,0.10056919039394278,0.4258638425223896,0.6688897270874201,3
0.9664646030981581,-0.07056724721525279,0.04976701714812093,0.7679885021896836,0.8899762479280521,0.14326920005649266,0.6291700598444571,0.5600778156038134,0.6018359921819207,0.8106035358542967,1
0.410999906029034,0.44870631894068497,0.9893489070187405,0.6537435773781275,1.0708974914553262,0.8931294739851076,0.24206763446562946,0.36409529524993545,0.49328476779415864,0.16162908269693804,2
0.48225564598193743,0.14407117926911633,0.24447233250604916,0.1363761100897656,0.38339273414683367,0.8178441687826791,0.9813020915686768,0.2822673023567842,0.4641189220070581,0.02160948021336074,3
0.30207773499877044,0.9056460862589975,0.7784872302424636,0.6844311960267401,0.44260483588662664,0.1973901869541124,0.9775017729782112,0.14036869938387206,0.33913663088925833,0.6783420350522725,1
0.2867079629059017,0.3116208739852284,1.3608399948219883,0.324292319860205,0.1975937513269825,-0.08677652938502411,1.331465610916359,0.25721570840253816,1.1871623562475313,0.5737900770463649,3
-0.29170410640001276,1.3033058271777747,0.06699036257258262,-0.1924201054583603,-0.6630315570487526,1.1708020090832096,0.07595955582514824,0.21589964359587044,1.142111943446761,0.4875720235642467,0
0.2937787192074228,0.7881250508050219,0.28173280738154954,0.2895314889378357,0.46150842884618265,1.296454367447635,0.5706160868118242,-0.20412102258252224,0.49636657948308427,0.6348757668073414,3
0.7276567940599391,0.7498842136613668,0.31523083475785274,0.5368219002785519,0.693791988703186,0.9391559040343992,0.9574562682216995,0.8529554270928861,1.135898483218499,-0.18525319560296571,3
0.9268593531076681,0.6800964498905414,0.5675477765551435,0.528999761101491,0.19930490415118599,0.18163071970515587,0.17219530517330656,0.20030173776797305,0.45649795307738084,0.8244859120228737,1
0.37230117245360983,0.1155129596392857,0.6020300386001287,0.14671121745649895,0.1604858881527619,0.6845260386982539,0.30802375848468383,0.28138825949386925,0.896237790161806,0.2313693577980003,3
0.43906491954135407,0.4496172238411736,0.1481961689005426,0.5731347545824274,0.3815934257919937,-0.02509887083132621,0.09099655235895253,0.8994260808922365,0.08540025309896515,0.4979400144963502,2
0.19792875618720956,0.618620172632982,0.8604996813481258,1.2121193470817002,0.8533556293150806,0.3282625160257294,0.5020069136541783,0.4641917028850578,0.8532972610060712,1.1552748781760687,3
0.5992896428218825,0.6210495935307837,0.4075163168972474,1.019386882396228,-0.1123234433173048,0.15226494670037766,0.6127044039625429,0.15303393776380522,0.3932363037936892,0.29952933271906457,1
0.13338223568928503,0.40676567943232106,0.04097092591305204,0.08324447530059537,0.46457085746804794,0.06227418972940891,0.16496414967614687,0.4054753855367004,0.9110231415404577,0.22478474971592177,2
0.32262726506671263,1.2064854821067645,1.0720003840221586,1.2191377267725867,1.0574400293419965,0.48707864587164135,0.9839490490691527,1.627169900767409,0.02274167254302517,1.1388803772952243,1
0.648730101862246,0.932771384997947,0.1538021745688525,1.3963237915768174,1.0696721035349894,0.3015518537794875,0.6410351368862831,1.1898202655072767,-0.35075976764469824,0.09142801551959767,2
0.32739983216589297,0.44485609561954587,0.4550247986407959,0.27695701621318713,0.5779044342277168,0.6904462072272904,0.8379713492099785,0.24751849527206074,0.42415450196440224,0.48926144903522945,2
-0.09872957375903485,0.21550348364603272,0.5909604764813607,0.17978984491586775,0.8354407846824319,1.2029719479210692,0.8631574848999811,0.041433420080814166,0.09713459674176061,0.4584391325678559,3
0.2999038773421994,0.5995519661272403,0.21463213757224428,0.49703657208707397,0.5943930729224529,0.5774447694648133,0.9291262198183293,0.8331621839281582,0.44892096578785906,0.3299777769839486,3
0.3249590886027899,0.5110747289715016,0.1254285997525582,1.2585987503170653,1.3063031189043106,0.3498641070297613,0.1805878105779538,0.3616584812614729,0.406631305177941,0.3154666881084373,3
0.16194722986920712,0.15962247351573752,-0.13621116289585483,0.3439115471989778,0.5265415845793995,0.8303105400420607,0.12768079459915516,0.49627081858787603,0.577921589770811,0.4304049940995009,1
0.35813428419603816,0.8501242732286562,0.8242745511652803,0.660983746524891,0.7814327512578652,0.17369383953502773,0.8572758368403969,0.8558549524629462,0.48754609229955415,0.11204539100978769,2
0.3850234904182847,0.861233551575142,0.4707235959821244,0.7936525420743948,0.024387913114015506,0.2512339191132484,0.593955996001786,0.22904871731800863,0.17408809109514428,0.18748304196214494,1
0.055909941095167226,0.7735582567888906,0.8465875716007106,0.21892082938291324,0.9868330251870989,0.5309401009719917,0.6853774255991114,0.4618127443933285,0.7157830676278851,0.5071993921871635,2
0.1798907976895167,0.7998643829757452,0.8792334644871658,0.5784454862597848,0.661535290441846,0.7344762137420844,0.5171214383799092,0.525359750665183,0.2868694746507767,0.3598212096370553,1
-0.09377513800369719,0.3333545955303513,0.32280329288711934,-0.151045585490206,0.48670498360569786,1.055385623538912,0.5612347414886505,-0.15312003509247604,0.8336699099607863,0.3728123622770475,3
0.3957053719689821,0.8361811653268006,0.4682758095087727,0.816840260087036,0.022079733021538567,0.24706878729935483,0.6135973844555046,0.2607789923064739,0.14263745836998268,0.20667096707878704,1
0.3177913400522901,0.455092215855741,0.5117692992573957,0.2780838357118762,0.6021308105417462,0.6596404703553078,0.8596251494364016,0.23233496376493412,0.4359918649951222,0.49028478524025054,2
0.9414849226446782,0.593969906409349,0.14955097502183984,0.8964625582740609,0.5933097675452671,0.7250873308472623,0.553192706916998,0.9140287156413666,-0.02923442229226538,0.10013219142145421,2
0.8437264378071736,0.25948932398087177,0.2088541106848098,0.21930588114313987,0.48957949446034854,0.25397503253267534,0.09942404724385173,0.5206568760318899,0.3260239615274496,1.136002074915493,3
0.039372022612673974,0.7938192142716647,0.5535527195208617,0.433506045717555,0.6555380214762756,0.35313489076897103,0.4385315727783598,0.5477977775077083,0.7880751904240729,0.6963824693635005,1
0.9715089078307138,0.8060717874836099,0.28935377198896695,-0.025216409089189068,-0.14759817037229137,0.7041364913626527,0.3604377103534677,0.5524074109356311,0.4386244190600252,0.5076523646813459,0
0.414993806452762,0.3767784748882419,0.8552337757820347,0.7417218584402874,0.7951751035583712,0.2511558268473443,0.9535356063263776,0.622851282103946,0.6103540719425822,1.1671667459889208,1
0.2918200426146058,0.8971233243717192,0.7293221647218476,0.7830985390592675,0.5022735873535169,0.3405840121373973,0.8455864691479053,0.13862364009229092,0.4753611791268645,0.7109818027049465,1
-0.19175332963994063,0.7072653417747492,0.9865230226545467,-0.14173636423920272,0.8652801776474324,0.7267805625467759,0.4659966086801822,0.2606120902230319,0.6551043794471445,1.064594543662978,3
0.5496823825244154,-0.12407938530507762,0.9848179056038648,0.5862349456402991,0.43507496294621617,0.2807220455942459,0.5463411101697928,0.23146383823575703,-0.17744351867998823,0.02277749373294502,3
0.1316973467119556,0.14620831401486073,0.5921488490125708,0.4267371845876642,0.9448226119652756,0.024511427413961874,1.0080825400775073,0.5662002365740473,0.3213901473621949,0.9398824433778322,1
0.18567571297175214,0.4007867214071226,-0.0574362803337793,0.06224929658090533,0.5564389025102046,0.09614804584804132,0.13242966851947405,0.3084207208740834,0.8758703144182096,0.22554512383560846,2
0.2561164628380077,0.039430329541087945,0.7684201390944625,0.47622044177467926,0.9002762208563252,0.038161732100467124,0.8812664192792735,0.5144892432638787,0.5176854983411024,0.9728879058660939,1
0.801578599360049,0.6883484643124347,0.8806024484342173,0.11777923582874952,0.06906191756663861,0.1535690083541959,0.3849217635878346,0.9933367807598695,0.8136439590889875,0.9035403761056005,1
-0.02117130340497113,1.0818378401156428,-0.12862001502550488,0.359924542057173,0.781901131075482,0.9204790849817963,0.681789611611219,0.21722133165256372,0.3936254417933921,0.9090082052037489,0
0.9446735507822865,0.5693657513258285,0.3208330050019789,0.864669037200602,0.5852805311522694,0.7065993502555735,0.5011636954031655,0.9482541031529282,-0.04436954599845367,0.17345781626162596,2
0.3703526792819147,0.5057424009770584,0.290499441313683,0.5718856197915002,0.44960004283771016,0.9314794231229232,0.06492429951453378,0.40899362617325224,0.35731867615559537,0.11991909827009475,0
0.22211511998013106,0.014867129421807679,0.8651685069474631,0.5497788183804231,0.99126093900715,0.017264950474334066,0.8943879622419744,0.3416113493286069,0.5804411334971578,0.8088118467134401,1
0.2425636938964848,0.350619189607298,0.6679245484098124,0.5820866922369025,0.3345278902271624,0.7360753876529289,0.21559009440259636,0.9168969998397808,0.4776764151838717,0.7375317664494172,2
0.97489339484804,0.6569839651371873,0.12548136649520625,0.26610081838204086,0.12816712325248866,0.6441181367756397,0.21828780962454616,0.7878285300031493,0.46506829480202183,0.37656816771814317,0
0.1463514046051559,0.04699692311703979,0.768182043777335,0.9488830023675565,1.0916470194101315,0.34505478575236703,0.7194273795125697,0.2480008947769455,0.2025716654068022,0.24466993278587354,3
0.49695861069534236,0.43060361165656424,0.07019211040558887,0.79071004922546,0.44069318096028753,0.8653019769116785,0.7990484100423438,0.967449050595504,0.3100648297712235,0.2573868567771831,3
0.105048035821215,0.735436868674988,0.6439115008239745,0.7756590559446549,-0.3410045225032632,-0.10280022137079683,1.0775887796301147,0.3587584321530408,1.359057261041696,-0.10251945190612471,3
0.13334960684721775,1.0833892744153366,0.8360388562080396,0.4915341133207578,-0.01138741565772805,0.29394011206948695,0.7035630853866102,0.36544536619866985,0.8344188486545038,-0.2370265650460489,0
0.9456920315565226,0.6077980818497233,0.17135675246972665,0.9090936621612121,0.5850880139766026,0.6436009229449488,0.460595575470058,1.008350491998478,-0.01676008043126858,0.020254209754056653,2
0.31294854057066207,0.44622664926358097,0.443571325737268,0.27128042660200524,0.6054266535486691,0.7041412419873437,0.8257226441875866,0.2384100563659338,0.398212532090511,0.513953136452965,2
0.2369848168893727,0.9797658453693969,0.6270471639899273,0.51477239889756,0.7916196559372266,0.657865749366155,0.5996197926291652,0.5486217950176879,0.1479434737897435,0.3069867011231908,3
0.9126116901557904,0.43460017675463186,0.07373035461320215,1.0943449487003718,0.059882650164501776,0.09076545624630827,-0.0019787600457375383,0.8648496441296085,0.7770420188695901,-0.04167800409662194,3
0.2480562668860274,0.49500050001677653,0.38767400098150506,0.29106727088339995,0.5250695836049776,0.6663338867373734,0.8852878081645155,0.2964705657194272,0.3660145302847626,0.5293467106204486,2
0.24140173183717276,0.18616678281107146,0.6573473058374387,0.8873974914712583,0.9435359110165955,0.39785542748632324,0.6599436289361036,-0.014724314841971925,0.4522945899979747,0.3656930005224325,3
0.35264897474577694,0.3544415572616246,0.20075629123049568,0.11528681289121126,0.716062989551705,0.8832369472500912,0.6064289187055709,0.08583822825821835,0.7743126866689096,0.2520424263859801,3
0.7811722947459003,0.16805833418350913,0.6209588889058699,0.6268220952783216,0.2373018147572709,1.0768274305111831,0.11622105998536993,0.9152083306243582,0.9370430604226869,0.3206941371926779,2
0.7760025262864267,0.8559942182482481,1.0898908683591926,0.6989932116180484,0.798325662917097,0.18364256797401401,0.422464113561462,0.13036786506368803,1.0873269934896352,-0.21471691048538727,3
0.47229826876079495,0.2234341370028967,0.25850532972466334,0.18417768401301984,0.32503781853897973,0.8828057646595497,0.964669155517803,0.2424291431182481,0.4441027511527264,0.007661938706623222,3
0.32953098223272265,1.007583362056925,0.6998826816513112,0.5926499405972975,0.7430067438876724,0.7465866673783251,0.6957700049717375,0.45520657375089424,0.21459587000685354,0.32010526817618556,3
0.02005170798077783,0.9821139341927394,0.6630495131638958,0.32496349315649387,0.908011751207542,0.37302872850013913,0.5568689933950933,0.6250090468246805,0.661980825843669,0.7664752929665342,1
0.20358775617504296,0.3122119120124712,0.3843220792122084,0.2525199899240778,0.7611725844878166,1.0271860153249048,0.4482004818564616,0.018424577205878645,0.4765514876882536,0.500122608812398,3
0.9675101491524364,0.546829492371978,0.02022796456753423,0.9316951274964954,0.10637747913318688,0.1764001761672347,-0.011653253647574833,0.8671911469766118,0.7525576786801871,0.024797474438621826,3
-0.42934430305768867,0.29484604110010915,1.5593419743032944,1.3252157754940137,-0.6767706259230022,0.040092323296357896,1.2265922218102234,1.0502268764997624,-0.05603152515254961,0.3930731844653677,0
0.8604510672253343,0.30830534481984617,0.6359016666486883,0.4208351703837603,0.03818997217357805,0.4268145239578996,0.10706012966067238,0.7223170721808558,0.4367534249138183,0.7216799821735461,3
0.4701546339496675,0.20165015771754768,0.26844572414036705,0.14086717671790733,0.36298569898592303,0.873519771886009,0.9508875347957036,0.2499488370176442,0.4517726380708479,0.04845124129258159,3
0.2064374547486682,0.5960321372422549,1.0096286198360311,0.597325103266954,0.7522487981153694,0.579194149822151,0.5246862520249627,0.4149291045271254,0.2718207609463572,0.5472495471966561,1
0.6077918831058042,-0.4387548146813094,1.3476389991690938,-0.6575284569909816,0.16254580985991562,0.6025158303135578,0.448271120349144,1.3019481477591877,1.7612550348736864,1.370616103503275,1
0.52896912019964,0.767759269277385,0.7714035054250719,0.9060817409922565,0.8423242670149603,0.445759911966312,0.15811922875380244,0.8944357313564475,0.9661622300653319,0.8451867998999767,3
0.3733349941357553,0.9095320620932303,0.7370631696540382,0.7171879170886052,0.4292484295404222,0.31075996945625606,0.8526071032302099,0.19209003488943371,0.4386997638441574,0.6664609650598396,1
0.17662069882126902,0.015007321954232739,0.8002029833823202,0.35629411713913467,0.061280202615127455,0.5731643025280555,0.9636558155563975,0.7233307148818794,0.18092867187277334,0.2886506633480811,3
0.04680909590100633,0.9604420340780224,0.6873544510768602,0.29499342728120553,0.9402410360100834,0.3865294724730335,0.6068734328360292,0.5824051314320836,0.6877584782103601,0.7266995046518824,1
0.43142277511151655,0.5494209627245946,0.39908084472542915,0.14072475916168847,0.033811698647426454,0.6507671674745776,0.027561430915447445,0.642532068397841,0.9427784132612838,0.16656544298606066,3
0.5117849418954639,0.32297892957840435,0.5369744539491549,0.7513839602327191,-0.12643529833137346,0.1905109225879992,0.3501882851357577,0.73248143201502,0.09800725064579835,0.31405201934306226,3
0.6133463933424054,0.3179582050196768,0.5090584123327184,0.579074135205651,0.4938046221920754,0.0324187088259299,0.7782864421181328,1.3309504092943683,0.27734693841967467,0.21293006443372486,3
0.8030390118884679,0.08905939968135879,0.9572317821103129,0.7809424567098224,1.4022792852843011,0.2946952997453901,-0.49068834903793834,0.32220263369376584,0.6721172989570602,0.23290834596637383,2
0.4663402858302872,0.1753797848049749,0.3826442618380254,1.0119215669226667,0.49267380380047865,1.099222872945476,0.43114329539447116,0.1974186686863343,0.4503634023595,0.3213382771529385,2
0.5689995488762808,0.17168296855761322,0.32623841809774756,0.13558352010060074,0.42898630331611187,0.9391371216746078,0.8142444065792255,0.3982296436797519,0.3330460849951265,0.18251037050675448,3
0.45472519099671505,0.9808514264732865,0.7286355561155313,0.3011951514887298,-0.30733733266217217,-0.22925150748888024,0.34406842559031936,0.9498238755760917,0.47176317099500986,0.20367647460646632,3
0.05483910376497125,0.9597787714270577,0.6837507089080987,0.2932685456378825,0.9473005033547037,0.3761600939871468,0.5985245422078825,0.5951623707500596,0.6852100661450296,0.7147494379126016,1
0.3159456917825278,0.6570613324534262,0.43590227958444144,1.0603760063787648,0.5966622277277385,0.3438106016488658,1.1431978097148778,0.06677138932376686,0.16385915895532951,0.9651234979914168,1
0.38951350863229506,0.6310115467559758,0.7128730218651884,0.8811121088938447,0.8109394579733271,0.24473383077068409,0.2570333479841822,0.9134745184871796,0.8398111211947569,0.6258094939646963,3
0.5730685423936763,0.14900347145702933,0.44184800551091774,0.6630042795940148,0.05324509877608492,0.11250985292049409,0.2105691595477265,0.6680361357389684,0.6439676478061974,0.859733482168284,3
0.5319348345389505,0.09505179068941455,0.3546930050338504,0.23989030553898932,0.26680002670802744,0.8874181250342646,0.9925098809814271,0.14912179736261688,0.5778407824103825,-0.065285822461447,3
1.3007849961977584,0.8762552458304229,0.38662165159995265,0.2787822679400079,-0.29244707484009375,0.47927340022751214,0.05856152239562459,0.9742709442762107,0.43984899202617833,0.26626449071518,3
0.2605745465771598,0.3783615306263541,0.5273786479518853,0.30123106148127854,0.7664749789038718,0.9015217049227401,0.8640984241428867,0.04069625365003621,0.4309013750866088,0.6704421931634441,3
0.4512513439240031,0.5946211641399911,0.37528794658325815,0.6781994555070744,0.33805036692355395,1.562811809601064,0.15761700894407316,0.2989726735856219,0.6999184159869761,0.6422701468362582,0
0.5344944330959808,0.2366863522910129,0.4437124151375214,0.19785672208128824,0.5762759303726828,0.34054689477808975,0.18652364624002882,0.7230525914793395,0.3487530285649685,0.5755801871604485,2
0.36464749433171617,-0.5269947850852201,1.0046456047780108,1.2051514162607757,1.2889721069904987,1.0018722179105914,0.467053934995518,0.3960567717850741,0.23559949796037222,0.10734821876354628,2
0.9156735559956054,0.08347857868727025,0.022490308197417753,0.7341384028413512,0.9437424273017637,0.18038559209185132,0.646276822953974,0.6948286395057905,0.6922511975394785,0.7243824407230401,1
0.41750479845643795,0.4228264134821896,0.11618776059596847,0.5177899334586717,0.31565178531840266,0.08744972944530661,0.0679825681003605,0.808794811287964,0.1051198920310027,0.6147203223844844,2
0.4238247753270807,0.4430263388070618,0.11823252890436368,0.5620962201298102,0.3333492673417249,0.09540967165111448,0.057558956794217575,0.7949908383630088,0.05330946695406555,0.5818231682813185,2
-0.006783720625903558,0.7610435700925453,1.0258257752353852,0.5370001285099459,0.6618072614860728,0.6767938645595061,0.43368037720080926,0.4148979619983643,0.37106279400355535,0.4331537252356237,1
0.3803624601653678,0.08278853710802021,0.5649392161320859,0.14464460581173977,0.16924986654771965,0.7033015221974365,0.3173263933570901,0.25145626304039315,0.8806989958210771,0.23729486745039924,3
0.7214485232783663,0.08295244445746516,0.6740665618463053,0.265286307029822,0.568210719385172,0.2609447770307849,0.24660556764207806,0.5855506577535379,0.20845193964951314,0.6296127252592838,2
0.4944542550419567,0.16179836300864636,0.234072563396427,0.1991484058601556,0.33753797798148677,0.8348860689257186,0.944677821519166,0.2876844663635431,0.4841087399935103,0.05937724338424226,3
0.9352607529893457,0.7843359347024951,0.5043175571697307,0.4279733778452356,0.21980203787488037,0.2903686049340466,0.23101766105965102,0.09602575546540701,0.33892335107526295,0.8726858032598324,1
0.4033823152619126,0.5646318382322864,0.3986267882373662,0.1469740599035293,0.06738350482835824,0.6452814489327456,0.04416211055962073,0.6457311121154182,0.9075212055996693,0.1756053808132088,3
0.46175670606261293,0.2192755447057226,0.2806694942512625,0.15521920752945056,0.3570066107052803,0.8652774090497589,0.9397929387570169,0.24969808689740683,0.4591383961577599,0.040630665369749075,3
-0.6130079036561814,0.840625992013332,0.49521254221395666,1.1587852292523393,-0.18291579802503022,-0.2547863957263845,0.6182588530796662,0.7107723381846631,1.1965282376831787,0.7857451521696126,1
0.038347782263704944,0.9551557878162426,0.6017893932924896,0.43801367629036103,0.9531938142071337,0.5075737975074762,0.5188192731840859,0.4309286470555601,0.7504050297960649,0.8080199053049268,1
0.38381378188925763,0.2749357694069378,0.09374468236661881,-0.05895381802096408,0.49969644458527224,0.9192402804822195,0.8537594693396676,0.4171098472306264,0.4937124622231579,-0.22893801268785335,3
0.45566957944505665,0.5250363407569368,0.40120053068759864,0.12377172826445904,0.012199706681414235,0.6690222844371203,0.019635485668591808,0.6530530491458931,0.9350199279344171,0.16568595994723842,3
0.637832184419872,0.9121078158479139,0.9956689888862713,0.5929837984034527,-0.089969287694589,0.5384068763967115,0.3841517579038374,0.3789459354342958,0.05025814399444506,-0.004617397324443384,3
0.4594255319441654,0.5011039509787819,0.7828268197651154,0.5551833495811598,0.657068143322281,0.14754839104188436,1.1413840635759456,0.5348950105358206,0.6894635760498052,0.5037479478128069,3
0.5774267184625117,0.7092971472265903,0.7279926008617619,0.46686672389562917,0.30881226317133165,0.11687056161673622,1.303844134203405,0.5273123519545979,1.1096213386127103,0.5597823432799693,3
0.5954985562618587,0.9641302730016656,0.3042641686324423,0.5542316967506218,0.9827001665260526,0.4874458736409784,0.952457865444331,0.13425028050164797,0.8748119290252788,0.8156904328847854,1
0.39796604142129843,0.3213231809893059,0.48607629637098226,0.21527497186517672,0.5172857236982609,0.6196207752834626,0.9171137059161343,0.1926136632027015,0.4623808685078125,0.4578955824169858,2
0.3892759070459757,0.516218690785878,0.4542843159788278,0.1164740954405574,0.028626542417516783,0.649022408413669,0.005234532846231103,0.6822093546176847,0.9081618659290017,0.21773729411160053,3
0.29606365109549976,0.9597394988813778,0.6000366388573009,0.48816478941936214,0.8551005335677346,0.6565350856016245,0.48712159053716453,0.6133507819171389,0.20724404148857592,0.23682103840845314,3
0.10609022264717025,0.5894756967668013,0.6544309307484396,0.22648137118387057,0.5334472558808199,1.0194703687111042,0.9345550969479439,-0.04673942291860583,0.46515826479324657,0.8325648274185969,3
0.5061525965403446,0.889408688175298,0.44589635216241846,0.7144507880518985,0.06212414207851447,0.3780510665241673,0.7181262758872801,0.19425528097688055,0.262904783822972,0.22198013437660058,1
0.6289541878963989,1.0767445719289277,0.30113594126888654,0.543941920207001,0.011772375028827692,-0.21650952033071386,0.2844789930726714,0.5122680109467089,0.900112319236728,0.9441345776360626,1
-0.04427434181372225,1.1932524389455623,1.0677042559789924,0.19966911678414645,0.8321760656114155,0.4651969318841683,0.21534464345043117,0.5454374296521325,0.47412978072221246,0.7061538894328552,1
0.5442918127184387,0.7868558877110892,0.2911347508997049,0.7125880736395597,-0.08553639053119919,0.4364994353365892,0.6681260023831189,0.2387356526752843,-0.0293462123489584,0.39520212291113543,1
0.928716202691361,0.9273342588325338,-0.17970112937660082,-0.6871274423414863,1.0763093058747677,0.9810736794413111,0.33153214815618814,-0.2853581918291714,1.3805138911439805,0.04977212557858768,3
0.11599186905458492,1.0126501776040429,0.5845217668420433,0.17110811184119892,0.9386330757212177,0.3314773287859516,0.7690306411473158,0.5585928599379463,0.8007255227104864,0.7972351178709369,1
0.2552441519707414,0.4060777516329784,0.3889983010238762,0.17227720757953022,0.8651457524049078,0.9667598872124612,0.8243145551881943,-0.10539391064972103,0.565785452464215,0.27270220843843307,3
0.97873439116354,0.7508848258914327,0.45560678472603616,0.4984092965557331,0.20598652211354632,0.31239073687995655,0.21308831000480596,0.14948733618601567,0.3063662124628795,0.9338853432591454,1
0.20670030352022245,0.3272286246320158,0.012689135110026891,0.17961204331993275,0.37055575172309724,0.174370987987708,0.14963054943178736,0.3954604694001277,0.950051594700576,0.3436087098551697,2
0.9593207246493627,0.7600020610212646,0.5863370653645377,0.4502492877945227,0.33065470321067153,0.3176855746807684,0.25433796760821187,0.15701575938634166,0.31778465441553677,0.8653714835243346,1
0.3310868408999678,1.0635866136531864,0.6188262125702559,0.9348056181937159,0.3165343810207087,0.13390968962392782,1.0316075859427531,-0.049356733913842016,0.5760118609706723,0.5998747497241491,1
0.26348979695448077,0.4318575675274305,0.9934249993021161,0.22687363725032608,0.21158421920098286,0.026570499978649683,0.9825553441454334,0.20239301907653595,1.0131011508092267,0.24411453469055983,3
0.44185614625963576,0.976496164089135,0.10465334511792357,-0.16491972258106197,0.3395648369680834,0.19423575352962769,0.3460415887410729,1.3725675701324933,0.9465803983047548,1.0929274263751307,3
1.1330290147580084,0.6547672491484496,0.6137274106628904,0.5999662230250926,-0.3919377693878514,-0.2856477360813291,-0.28030820151785985,0.6107661734085756,1.3453662539619136,-0.0699334177885006,1
-1.055496166814732,1.701443840173368,0.2211186327981199,0.2416456923410629,0.39237528986753833,0.6389901511099828,-0.16240653465879096,0.3320663456032026,-0.038704262966068825,1.028229065562435,0
0.338207488497437,0.9311035167777678,0.9006412795127172,0.6250716996236907,0.7804694720420086,0.23179421521074184,0.8598141530248793,0.9149692639289764,0.552685949337752,0.08646798944153129,2
0.15227345776786488,0.13191204711552468,0.5290318388616907,0.9115573173745701,0.9336845008187932,0.45658264823036177,0.5974238118915532,0.02557981937726993,0.349249161718468,0.2717852785594669,3
-0.2085732071310462,1.0278165170072595,1.0494333327062906,1.1102941355361131,-0.14042706271609084,0.5613689064324441,0.8225756554334575,0.7796906596804066,0.5780975864171377,-0.2477096177369998,0
0.13461153074542034,0.944135441401944,0.7854713361760323,0.37401378237411353,0.8342099585048866,0.38926585541154823,0.6951980039212609,0.47195246919899186,0.6763104974127938,0.6306650900045397,1
0.041217845028546835,0.9442597827435825,0.6981411323352764,0.30305778505380127,0.9527833487794106,0.3852637514728826,0.5868216826590015,0.5985656509741255,0.6685381046789768,0.716597456511636,1
0.4041354454239054,0.38465462756972557,0.44209010603800103,0.33597173754258525,0.6533375652774595,0.7212295929454444,0.7211247346160614,0.14735700183326583,0.4467955341604547,0.4437385750564808,2
0.32375554496007325,0.946718284289978,0.6774514926260186,0.4837082655028308,0.812179742476231,0.5877218057049184,0.6233715222450686,0.4866166967806536,0.21871567657939522,0.3865852186446244,3
0.6744135368124862,0.7049484378136878,0.13214484190314044,0.7272628661677599,0.21874180102432766,0.948514227894598,0.02258006458182943,0.3225386315849029,0.07277511960338913,0.22254332320902093,0
0.9317994994168026,0.814441695438517,0.5502946400896599,0.5251091610232481,0.251497508149966,0.21422088763465938,0.25070675396444714,0.1149269084240086,0.32271308200393756,0.8131378122239533,1
0.6822357046260776,0.9155685315416071,0.021530895512497733,0.8522178099203904,-0.19324597953671552,1.1612239177706452,0.4056135460155396,0.04826854504237765,0.008241389618821288,0.442815778886249,0
0.3216190787977062,0.9786455282498006,0.7271191365755444,0.5711950561910569,0.8023804268465098,0.542235813234274,0.6622478481967796,0.5483408308476626,0.2535126922264014,0.2506066986366023,3
0.12371520144598494,1.0069306067681598,0.5338713066239436,0.6060327079558049,0.6663775812542733,0.4962467508237789,0.7513034055486609,0.43358880451901477,0.22058817187645754,0.3780194498956541,3
0.1281911813671271,1.1857049823923425,1.3849570706873893,0.4272389039313829,0.8435013787320905,0.8166207316990404,0.7302459615129292,0.2998476388856832,1.1991291605636722,0.8181313705162381,3
0.399111837839868,0.39662807075338474,0.37696837805950634,-0.0763149239262604,0.9130856438664416,0.9808929849404989,0.6898228851030899,-0.10236320615798722,0.8613648116438313,0.17827739377594956,3
0.7807915868801213,0.3779371187577102,0.6150504185689667,-0.1600516353386391,-0.27931102752961773,-0.08150666396471276,0.1290358932929939,0.544520869238524,1.2596445425091587,1.2536072020301028,1
0.488626348876609,0.5003460030746617,0.17376227302232886,0.5201262800904433,0.38459029695296304,0.025704466844979457,0.03561994047302119,0.7188389016737107,0.1781583830841924,0.6785786578257085,2
0.8507070304379365,0.6776233723501874,0.5653696269105556,0.44849619434100124,0.34747158840049674,0.32226129262788117,0.289845600853333,0.2013044912660945,0.4652450756053891,0.908568611282627,1
-0.024089557518461924,0.7238288791319997,0.3671209856621676,0.8372215040905833,0.11470513590745324,0.0265383864429814,0.9936744099959435,0.0003515038100578849,0.07316097253832232,0.9414550196079075,1
0.46242090534023017,0.055874142547510414,0.22169867453558612,0.06845387444516514,0.2143218111878986,0.7845650307410227,1.1040207974699774,0.09245973048190909,0.6140144903049496,0.059158747851103755,3
0.7003871617975456,0.43286987623512885,0.598811430452541,0.7408432468251788,0.5597682310187866,0.9317596742991515,0.6387011539490224,0.3048706938015457,0.1904556622686461,0.46971040551807597,2
0.41301292668463097,1.0129458410943162,0.9529617347976633,0.6539156633387325,0.877769328514258,0.21375525139668775,0.8121431875545974,0.7958162869462776,0.5967242234534029,0.18318018885846268,2
-0.4751524755987141,1.131393569402673,0.5539443950171095,0.4280682793168027,0.9315790369627229,0.5195829050216348,1.2840897853354423,0.7300094579866532,0.1372303682277834,1.158007945042003,1
0.28067248150772245,0.9831658100238329,0.6046613196554919,0.40106388604440263,0.840373443005501,0.570858452069197,0.6370162870166306,0.4833067718295862,0.21121709147031248,0.33637258165713896,3
0.27818507404175785,0.9563019008256393,0.6689819512356976,0.48107261428685055,0.7785017281926541,0.6299198011323032,0.6186621413038963,0.5035911826083277,0.18383486630220824,0.35871974143436663,3
0.37381020812533394,0.19245444254485242,0.5700982216569999,0.3242810510762851,0.34943539274969887,0.6971319036586584,0.4669763044773555,0.7161520990685062,0.38876115504785774,0.7560458193620785,2
0.5289075308685056,-0.08648744823966348,0.4896363848426385,0.07844251526729762,0.005472983338114801,0.9573253216945159,0.5919245004504414,0.4543104324065487,0.6190208533803073,0.11551954094098282,3
0.148844088064238,0.283762807704975,0.48386820358207955,0.16775939791585803,0.8624626946989765,0.8135514970211121,0.9658574660870959,-0.05247258577573302,0.41456887829203526,0.6111433168854017,3
0.3162224158852365,0.4250490080868216,0.45739652990330526,0.26650901919563774,0.5826038710924573,0.7018249982699667,0.8132127820682657,0.23696521315024752,0.41562574552641984,0.4910284579762264,2
0.9547408872960148,0.43664559459116564,0.04483065804906909,1.0064774075513399,0.0044473825059339195,0.12661000818932167,0.00044485773458327604,0.8879550099269079,0.7727516340199025,0.02602956598566709,3
0.1619277536719986,0.9353464828774917,0.2750459183852923,0.503932284787119,-0.1496419386555157,0.49002039282238324,0.6839158407231484,0.07038522589413324,0.19549536023767725,-0.0570106267636708,1
0.5055963761969593,0.14558745938479137,0.453952268722092,0.2994321139067996,0.44094007765803095,0.4884643247886761,0.352967938174717,0.7625933675551677,0.2660539404456039,0.6168589363442438,2
0.3064645179670721,0.9712208025191366,0.635978561394388,0.4809351897246644,0.8072373528891972,0.6474794865194746,0.5877087375946576,0.5007169759531332,0.19748257034561695,0.36200881635231713,3
0.2522312524467669,0.9218428088775765,0.7001789145649746,0.4916722914246802,0.7943768122183781,0.5727254163630369,0.6006568871191671,0.5195500737986467,0.2176493892925131,0.3072496147627504,3
0.43779306119298833,0.4997454174220499,0.7713824959989881,0.4393313662534789,0.5494662152768741,0.18467954289840954,0.771983068306271,0.6539282269011596,0.6555061048476968,0.021403273715475207,3
0.2937067041702192,0.8920092191708091,0.7916151862910072,0.7350647513662906,0.3865148063977378,0.25325219773751506,0.8361375493056795,0.09069405145237408,0.3159911842080475,0.6561113426318063,1
0.479365393721118,1.0147795528888184,0.4582615055227282,1.0647931540105886,0.5246713546375588,0.02632170918337967,1.0697335243897372,0.08276572526095743,0.6276460004653074,0.7370324716656792,1
0.42677780618579464,0.5981284056435706,0.4746451930329111,0.11967774151537938,0.057129800915669306,0.5922690026570254,-0.04101868825896897,0.7088473292143009,0.8596616407448945,0.1578250054040425,3
-0.6938406105900582,0.7738850739472811,-0.15736645999119853,0.23878559629630733,1.1733347593058303,1.0813993032492721,1.2807701243220075,0.8365528950853376,0.5317316565102211,0.7131303358983914,0
0.24345429752591013,0.8552224896096134,0.9070094434518039,0.850542627985615,0.03414118459784726,0.32834662789464053,1.0746298054387804,0.38764476884193233,0.4499403147523231,-0.1895165834533416,0
0.13740359283859546,0.16036302035198519,0.4606341840105545,0.661407986945363,0.025158215468522996,0.36634005855572593,0.5116441581976763,0.8118817336608566,0.46430086454036057,0.507380630505891,0
0.7241619186965362,0.4280803221005189,1.2304858884145902,0.09827284285285785,0.182695021392567,0.3077550469313701,0.14175159364393536,1.0118997217081094,0.8208250859566987,0.6168815882451288,1
0.7733379560601749,0.11294318709848095,0.3832477637023049,0.39832876495570896,0.05383661478127137,0.32502407411248185,0.23851061431255163,0.5021033022383372,0.4723815170246952,0.7484645601726493,3
0.4026819165961578,0.9504279868997396,0.28089328442289924,0.29572311614328367,1.366742530248497,1.3598891883928632,0.38893222295845276,0.8236828419070122,1.1601909368865289,0.8083693454324439,2
0.06329951597470554,0.27583991616312553,0.4443939686453644,0.5558588194334713,0.9742552644411789,0.6785713331980432,1.0071983551396535,0.264520473714849,0.1950218485137275,-0.24145707411758133,3
0.3631321329502013,0.4106331313136487,0.030689946609281434,0.16884211031842938,0.20446110742349255,0.17003654638811544,0.33197891010898384,0.22656385221209763,0.9376459819632973,0.0067199031263494025,2
0.2687602037264397,0.9534892080577299,0.6716110331611304,0.4728939974605298,0.7827946242195442,0.6322024277064573,0.6097634861990142,0.5100765857356304,0.17530528979135332,0.34875031255067707,3
0.21902713010531705,0.26224595966129993,0.017943603510186812,0.7236372181737856,0.30489030268114625,0.4366973794730239,0.5688569850616136,0.430443640683459,0.5416137845779827,0.3222968362665865,2
-0.14402214184101658,1.0366714350870403,0.7015692353152854,0.21089431315068904,1.1606384850892528,0.576316005211655,0.3939727463792839,0.7455194169225888,0.6326111148026411,0.5104647887431681,1
0.5379120979874917,0.12166002294410412,0.450080457898295,0.2504650514673132,0.4466779249725462,0.47042554319628727,0.34481634885765666,0.8008496217047122,0.3205059808815023,0.6429464878084762,2
1.1306655271007418,0.22873397378334434,0.49479358277144775,0.8687427107488345,0.9111439893025489,0.09325700078394092,0.4616189792574393,0.9131148884270404,1.0924690140892948,1.1688048679904584,1
0.20700346114721427,0.37368647162258267,0.2888663042552665,-0.03212787773638572,0.6853555118968793,0.9164402847707868,0.7187729577389256,0.12353240643682364,0.5947995455560805,0.40103750440335045,3
0.4323352093409519,0.5639548721380524,0.3920470328454566,0.14197435762837934,0.04839085784851739,0.6448512862979789,0.022586751209622356,0.6253513085372411,0.9377356719705412,0.1592277491263283,3
-0.001800304083708154,0.6054298472276738,0.06424420991645088,-0.3242320551445875,0.3061070408474193,0.29034123147811985,0.2065941959513897,0.17374457288531212,1.1953425254306969,-0.03408056191831704,2
0.5113564858378027,0.9669771984982298,0.9475142646100301,0.35965407318967024,0.19008480509187922,0.36221920125488327,0.5441688850878723,0.6906264250084355,0.8621509920622468,1.09034456083299,3
0.3446673154034299,0.7892353756392865,0.8904423495067735,0.931051671004218,0.3215764673710528,0.3888197048850057,1.0441594011408644,-0.04293735578403837,0.24851522234645154,0.8491236000124609,1
0.9211695832251761,0.7419853446122547,0.4448703275050548,0.2963820116513694,0.30806810036917365,0.23947286740925344,0.12336819027642415,0.05836397226335935,0.43320465357206267,0.9395262149847058,1
0.7402392934114347,0.6286104845587884,0.844253937647597,0.0780284383289435,0.13633529345131717,0.08630563908017208,0.33550480860493137,0.9138996153271798,0.9083618512892766,0.8424735339245852,1
0.4293480820908556,0.2851329640013246,0.28823659045001315,0.2323354060337466,0.32173750017865116,0.7806245960359011,0.9617579362409064,0.26893386393812246,0.5155213695838214,-0.0014931599909915882,3
0.33042297853495456,0.3981110718726416,0.45153109528401614,0.2822568035523572,0.5826860927837959,0.7193730634085035,0.8250883888039536,0.22162289763065968,0.4015700047473556,0.4910440352844793,2
0.6599520982167859,-0.0867993147977783,0.5729974713555676,0.12606180408323545,0.27976121730619374,1.0240295883245771,1.0621686714092085,0.13416961563430277,0.696014876979822,0.11822530467679913,3
0.7345889527460957,0.8823031735886895,0.6823645856700484,0.33016906068238383,0.9589298456078851,1.024824727639573,0.10255392490339627,0.3752555051958598,0.7359304522247619,0.4515768385931776,2
0.055191066777977756,1.0986983953986007,0.9211105701174787,0.8286174598905333,0.3095187977234743,0.20312963610775056,0.9833018978657858,0.6088053235899022,0.5659176446843708,0.06123317530916089,0
0.0624300289173388,0.9630745083449189,0.6885655315613142,0.30221667709814765,0.9386220621661421,0.3859599670727912,0.6062738605037166,0.5759543358656911,0.6775869209230697,0.7281716452242752,1
0.978793307851612,0.6420109094477777,0.3565909792799783,0.16427405928239527,0.18862896586848857,0.6858011452871562,0.4116016812928053,0.8224101031662443,0.5581913272228235,0.391610696500229,0
1.244386045815065,0.10500399847395264,0.0987451129679463,0.1876047241963122,-0.017080512276304666,0.20327857537893715,-0.020830440183031818,0.023352921964359452,-0.07133569192987305,0.9487346994107106,3
0.9601379725938601,0.7207918151801828,0.657463797404672,0.21995053645086116,0.450594885228348,0.43301614041171005,0.3951481066357457,0.9634398642645855,0.5999922353323012,0.870262082715189,3
0.5713791503939885,0.20152272116729636,0.4863620316579818,0.33965912288606676,0.48947455086952407,0.46109793952813677,0.38469727099010004,0.8260703896360388,0.4152355950986,0.5487171524778647,2
0.09277976748301489,0.9559007702854543,0.8372084163180048,0.21399299088016693,0.7075641045848093,0.3352238484524425,0.6104355957457002,0.8012580526577346,0.4770167115297216,0.8120190014629561,1
0.23919085467597567,0.5628656544444376,0.19691099417815178,0.6210277876388,-0.079960074217025,0.5363442004040974,-0.2288960827989573,0.6526551550540163,0.4413189444239373,0.035095206639893295,0
-0.45700472773945333,-0.4350063695445495,1.2100500245334977,0.9116299303206136,0.0817464431580367,0.6230714700978923,0.9260482838647214,-0.18449224737964914,-0.3387125211437252,1.0103327152028945,3
0.636083035977039,0.9561116233458558,0.3259082471158939,0.5869701711671005,1.0417005326193627,0.4620039510007422,0.9169642973002597,0.19229950646458302,0.8660715820179704,0.8161154306906796,1
0.9133334456526897,0.4942748707623602,0.5997967586484382,0.48728809543721013,0.4997064712826269,0.049277551952885884,0.830714558185478,0.25755220703424087,0.16163978576587648,0.12700090779557516,2
0.7903481506412734,0.4067692663553869,0.6293830046261932,0.7583428600403791,0.5466786655800187,1.0141787126957147,0.6086581791137234,0.22147893120563883,0.15695957921499082,0.3779987374455336,2
0.9677929955174173,0.45249594788994657,0.042410543660337655,0.968039648051121,0.0504334343245884,0.10736977373456108,0.003909611670280404,0.8916745426841055,0.7585948814941705,0.035104192466857774,3
0.1786860356913602,0.4278061689771045,1.1623715335846123,0.6708719519332982,1.0826701073937322,0.5104827126383473,0.03988833575394052,0.718754596901387,1.0877134166782736,0.6994937681266578,3
0.586101890776391,0.892177622958003,0.25138123748361924,0.47625806493537737,0.9504411441722322,0.4241124954266774,0.9804016190298821,0.19799660325677032,0.9159457824324302,0.8832535601420766,1
0.6140320004087401,0.3909632385924182,-0.26307736961468997,1.1126019781315837,0.24630528954379116,1.344334899070988,0.07273687841251655,0.40359007491719745,0.33100842349605475,-0.015397217552746478,0
0.3319989008536728,0.41001508597306374,0.4656892716808788,0.2886955672810139,0.5842280669506655,0.7082021454921917,0.7904659477837301,0.2630091445620238,0.4091687371418129,0.5172618783438873,2
1.5857989212181236,1.267322983797539,0.2812107506346162,-0.1599110292052568,-0.7190350362025159,1.1781394183719422,0.6419095832548556,1.004291770060819,0.13526533294387322,0.5312782581290956,3
0.08017592043421051,-0.2656561986348508,0.10922662804527483,0.6395571190256969,-0.2673597141470507,-0.48982256071459584,1.0470652305251777,1.7189183185444392,1.282105652783438,0.5113844374324517,1
0.44331849823025055,0.5442470598773329,0.16778864334654545,0.5444332516686173,0.4423602386436844,0.6440886132821032,0.9237021825529107,0.910166689705439,0.4909594723342851,0.15495720944402575,3
0.0013638670879898285,1.0906241843516855,0.46512912918542265,0.16014134446261935,0.5515533251933036,0.36739928103533914,0.028940411213485284,0.41591022238937125,0.7274998514403259,0.09390788131804084,1
0.795959759532943,0.43227918864107845,0.7480724149222375,0.5741358878036958,0.6773186297573466,-0.046857417278185404,0.7699325989875967,0.38532444122181575,0.09361806741393251,0.16633129835528426,2
0.27080394133488306,0.7089781064192437,0.848293131950567,0.967512040776498,0.9028316812474704,0.11642390004123238,0.9815896243014878,0.9715181134144447,0.6110079456502615,1.1505379691165534,1
0.6560157146523382,0.7917158714417734,0.14401806215973936,0.3724015433994463,-0.12199819947790783,0.3872874087135161,0.545276458908234,0.6984446259424053,0.2682336820801384,0.3708902227026164,0
0.4230673987744834,0.5644752097515058,0.36672076628270023,-0.15649361274234885,0.8293457822494178,0.6638544610262351,0.6379369668694801,0.22675930687981286,0.7699783754204518,0.4466804759045765,3
-0.20162946322002306,0.7203992968002768,0.4522362036500335,0.9648035006730405,0.9793300394898303,0.18626305888955694,0.8790857954908095,1.012107149657242,0.8333970669541308,1.1622466163060325,1
0.10133535026345968,0.9904635589292354,0.6656114032212638,0.3141436529703331,0.90029776154408,0.4407196430582834,0.5636399575030144,0.5453349233296874,0.667419883539757,0.7684983851378402,1
1.0311156381697477,0.37052955474373217,0.10601833513101165,1.017711751171315,-0.013183747132317278,0.20416446109210745,-0.06340367413914873,0.8239394251271696,0.8048981933878208,0.12531703465429084,3
0.5061332287961716,0.6282288783010266,0.21995044437420289,0.7888727622512024,0.2838004095995989,0.7728754902612871,0.1288398788710297,0.3702560345882433,0.07879013460274482,0.4029219723692373,0
0.3187145142436525,0.6555833435209171,0.8249431615375725,1.5700254897376098,0.9864236833495942,0.06677436374550158,0.35041711494924155,-0.22248942915576286,1.0525876777729923,-0.350044793571203,0
0.11206659218500575,0.4663710578274666,0.4633538540168588,1.0168886258094336,0.944501026912157,0.15331097724464432,0.9345879077677264,0.7829203772004344,0.5071600779730038,0.9752699567332433,1
0.05077769150113337,0.0813102356910681,-0.048515335358698175,-0.38777292894057,0.384115039727853,0.6293311738780384,0.7495239071208682,0.5189678669069517,0.3987283445034712,0.6434785856077219,3
0.428468879628523,0.21403961391855847,0.24973885235642557,0.16647423185242244,0.31474434995909345,0.8744284254177274,0.9744587276866693,0.2800279757437725,0.48035110415538107,0.02288987466099965,3
0.45684612334954094,0.5259002758169743,0.14400533166121934,0.6041261541302272,0.5461599898445211,0.6846902108685169,1.0407421208760015,0.7964976413069658,0.43253095286464127,0.24563842416716325,3
0.12521810239330383,0.9838265872457682,0.7218924069639855,0.36956192030173135,0.9021585992867341,0.4617912120307403,0.630647067309722,0.6728703973474494,0.6596451313992351,0.7536759739285923,1
0.5028808099778481,0.2575145487032421,0.274278140889421,0.162748843551785,0.3604200723037392,0.8784600319003364,0.895033925589815,0.23096971423772183,0.40866512083390377,0.03449820956258195,3
0.3377241541879563,0.44395583188730037,0.4622872919336797,0.2996487296251936,0.5420653870914033,0.720686711303484,0.7991058922227158,0.26092138003099985,0.46003210678608997,0.5029774363288035,2
0.42086523684861765,0.5713394155128437,0.38747223179290485,0.15137268941486945,0.03711209082278686,0.6511115208092917,0.023260021047249967,0.6245095086014166,0.9306212520379643,0.1604129039807472,3
0.5310424841275041,0.12454755369317473,0.4891722266980915,0.30650734932316914,0.4086456200710425,0.49770983671145697,0.3593699459183123,0.7898931905915657,0.2860351986725281,0.6094564798242438,2
1.0052879429848742,0.5392775708219109,0.7075183978729305,0.3961929709002451,-0.02588138922011496,0.03150140468611329,-0.191510631539775,0.6152051262969296,0.39092999219747154,0.42465917831883726,3
0.14771639610331275,0.039285285956575655,-0.18397907029302332,0.19754839270276173,0.10108392126271931,-0.15034471896161217,0.09236983672045199,0.26402716412312843,0.752838354630783,0.18204393704344737,2
-0.3889177162789227,-0.1618787165483936,0.8311014802590319,0.4691922289580538,0.14343777327269663,0.18710383628254276,1.645960968009891,-0.3549998868919907,1.2862202276928754,-0.2538960399983892,3
0.02091655752660506,0.8824760971762872,0.6370769974537883,0.36201726840747783,0.9338417714468924,0.3790057884640654,0.49447507621880293,0.49032692226686203,0.5977652583853685,0.6257752559953048,1
0.05646004449594845,0.7737250164261095,0.8426684125052971,0.21603888348127473,0.9900584164631188,0.5334390979218856,0.6888022056999681,0.45830740660493874,0.714356011381262,0.5107624433681689,2
-0.07040564145743833,0.14379652572827253,0.0680517462459844,0.25141992157369814,0.6534004236827846,0.10355971050460348,-0.09758457855582939,0.2872088165541533,0.9007137328297644,0.14086076049543952,2
0.26102391750745724,0.7021350193515965,1.0057043514572988,0.025961652388107964,0.30410434498583006,-0.029523738196665955,0.9487494075807195,0.40106528339012476,0.8633360373797155,0.4082100137891833,3
0.3013816107040243,1.0014158153147044,0.5561151215617172,0.14325756587816835,1.1878015537323523,0.41173209228886126,0.47067238386337096,0.727635494163555,0.6423333841875744,0.812042864182777,1
0.2957333774374331,0.4321270894174626,0.14412982357821136,0.8602186096672861,0.41688808226577123,0.2947187608275045,0.09108587697044813,0.5806419680336294,-0.09210194448054759,0.6277183040589438,2
0.44899552886113026,0.25996753830441655,0.11533098593312266,0.3312912179494532,0.5867259605251973,1.0872661695556194,0.9085259885374444,0.050463590992334,0.6623405372638329,0.5115764285374409,3
0.2750794994173519,0.4544909238664603,0.37134942696522105,0.3323917052731076,0.6044174826132188,0.6541688677570849,0.7983164996017336,0.2659693043423317,0.4375109804306428,0.41836107977579506,2
0.6487263621503434,0.571100050144108,0.8324443609905964,0.2773002061937281,0.6097707086716219,0.09910449051258903,0.5971005799967263,0.5890864010170027,-0.15407253212815952,0.12281835616027051,2
0.12548104551482347,0.6203908862652991,0.9348183049540282,0.7036755089427228,0.553205365415334,0.791801746511302,0.570719917020151,0.39520173666442965,0.21002325175827943,0.3510319490239393,1
0.2889594403315959,0.3938552402773739,0.4184687374185775,0.29806591349646333,0.5957220446187228,0.734708444345385,0.793393411864648,0.20456129024657238,0.38074211338521563,0.48501339353495593,2
0.4041183277251773,0.7725972804658972,0.21605960125416687,0.11779361487650819,0.518012783373286,1.0184022898149188,0.3645497829361034,0.4782909612689746,-0.04852724631131888,0.7569217106605405,0
0.08265107033689209,0.5408935572479101,1.122117950153267,0.9433684209510261,0.22081040998268717,-0.24299035956191783,0.38235886327529234,0.20251959538490283,0.6717460896472143,0.17232722164696712,1
0.013042778225704682,0.9711894813852378,0.7016235343184267,0.2025452588944135,1.0467094266561663,0.4058332772599492,0.5037781375501147,0.6355433274637887,0.758482879750093,0.8175646508023153,1
0.43226684000898713,0.5429543983946753,0.43005123274652024,0.14804686804364853,0.04292920262583413,0.6386491364394377,0.06951606630065926,0.6147179058703944,0.9039407144958395,0.12929803338009924,3
0.334081518463604,0.4035014991579121,0.481206648186447,0.24778055538976496,0.6134704493602097,0.680681524027912,0.8454898303115235,0.2617735097132105,0.41590959112780773,0.46525322282559267,2
0.9659249395745559,0.7177595085840128,0.6472876261378379,0.23661840196268477,0.4306585912841573,0.4549317472873492,0.4514523308947527,0.9449767660598951,0.6552436148534542,0.834746401906084,3
0.66960724673164,0.15053100135373146,0.40789266623085363,0.39572481970637974,0.35862781489127615,0.3318787113552151,0.34196793130248504,0.7792747858349897,0.39698393889316763,0.6980727353363748,2
0.03764773956163739,0.9050342713566818,0.6184100670412023,0.33355837199755073,1.0272268248548269,0.4448016006674583,0.6083487221778797,0.626303349237423,0.7301011714352851,0.7370485533026057,1
1.095725831503609,0.3412728780608515,1.0472568512991978,0.36182479447985605,0.4260427956609093,0.23214642062065244,0.5179295270984525,0.750934244554408,0.6919301616012288,0.5220967007150882,3
0.10616394528886877,0.3162541666972377,0.29530967709532574,-0.09458501657282034,0.6737655590922287,0.7389066171073478,0.5610246708105066,0.10789118813295892,0.7425922991685181,0.4849392517957803,3
0.7076290624363771,0.7600782554241255,0.6130604481359591,0.28285703062249434,1.0055187824046803,1.0105972752606938,0.17005079249536312,0.30746306202409346,0.8150525239774352,0.3092591760504762,2
0.035257281896355186,0.21015839339861137,0.7566413478424276,0.6773324254161699,1.0527139090127002,0.19575364240563672,0.3757221387882155,-0.12751803812376317,0.3045924284524438,0.2058604689539582,3
0.7581932765481122,0.5018168128783843,0.3699032765766348,-0.06359995836676913,0.3312091405969235,-0.004848754192121052,-0.019768162420558566,0.7596185755398049,0.5890874268786993,0.279670367456828,2
1.3010591250042043,-0.09084032581358015,0.9862364146278438,-0.36588794096938254,0.6287949807731156,-0.43580568477515247,-0.10108207253258977,1.1847293436968953,1.1518016892037537,0.7056587827404485,1
0.31998917447335967,0.4699081880654662,0.4552453846464773,0.23933793276643672,0.5324883319757953,0.7242659442023955,0.8160541651862527,0.2514874045608557,0.4207320434069182,0.4855973838412671,2
0.15638576074233115,0.045718961366997025,0.5314405240359886,0.8816344162609245,0.9264799739596178,0.43495876483639245,0.5201550859536157,0.11334760122461972,0.31677662745698354,0.253296257065735,3
0.34288174493644574,0.9135630408381888,0.8890683278105531,0.6220289512634924,0.7938774249382374,0.23844525896836524,0.8615144205829718,0.9236051838555212,0.5311512109939138,0.07121861741415444,2
0.2827061013134797,0.4896637072116922,0.4863814973718079,0.24750795609910003,0.5432091948156808,0.7653663260366038,0.8798857315329083,0.3051039917003555,0.3562501973919975,0.5155333220416045,2
0.3638012692834463,0.8896182665647243,0.41398824998375594,0.8719042137942559,-0.10839214263823924,0.1720806559005048,0.5753434319479155,0.08618198134565927,0.19282056399215733,0.07792680237658034,1
1.1599915697755336,0.29857286723156007,-0.10357844268490696,0.4244674834006039,0.24237470997276161,0.23732369128074132,0.6707168727694333,0.28226988003301,0.5325310515393313,0.42464881269098465,0
0.5989055456650575,0.8118490237601605,-0.04994002421875632,1.0508766993862007,0.020698045508076662,0.8196047127189227,-0.3145034620708303,0.26183337206154755,-0.30569140228755454,0.4141877434635378,0
0.8784407032616395,0.9230756175861891,0.6335318153346162,1.4736394957974466,-0.2608069710713095,0.8001857527456422,-0.5271944851097987,0.1959063904019582,-0.11406999397047776,0.6757921797746759,0
0.633919667805574,0.48788631340797767,0.46973639881406587,0.7084222924381813,-0.03719544619993986,0.2843813511751706,0.28204441688167664,0.3923932016293699,0.3000574317952385,0.49506025574685875,3
0.27705937127860225,0.9523580082370868,0.6176102476155223,0.53641139256584,0.7007740934561868,0.5915623497758327,0.5322859738612209,0.5912175726195149,0.16069929951551154,0.3315194466206678,3
0.06961102307379313,0.6388048566726828,0.9711395963396819,0.6255359722011584,0.7227796594284359,0.5927884698683589,0.44610401930230864,0.4613775175719298,0.3017311370214292,0.4653519019714761,1
0.1277347655755939,0.12146206512238643,0.6917310532260128,0.20139747221213414,0.2888022831402591,0.4448007949685681,0.8179473251886545,0.6385292593495674,-0.016191372345464528,0.3169649735754222,3
0.35308636287907613,0.49243910103052524,0.37780992928435414,-0.05827210277469452,1.0657949202616799,0.6784706241282725,1.0947815841301334,0.43257226242068536,0.20289399337672745,0.4255390634780708,3
0.2232398867435772,0.5005903856712828,0.9954959382496209,0.1981836266900847,0.2220996072056902,0.03880878255895149,0.939738870523894,0.2091749643722065,0.9625187190305552,0.2257175077683075,3
0.1146702079849442,0.7269429275651254,0.5771568164868367,0.3873743636692995,-0.04861215251908005,-0.1847579511522447,0.9728571961311576,0.1562295572224024,0.9135625394474755,1.4952850837143317,1
0.6446221832367477,0.06050654665298749,0.6122179091083191,0.2707297841557996,0.533791966114475,0.5964637722892507,0.26852620317488574,0.8626066459009747,0.31573974252631154,0.5601682034330304,2
0.31187890797255946,0.9372628988874656,0.5509682760453213,0.5688304833044011,0.7041482571511276,0.5936925541054408,0.4666277465344547,0.5596601925192815,0.2625194166489271,0.2565630782060803,3
0.8959578808916201,0.7291510452246751,0.530896273280877,0.4556332038198849,0.2707444811960211,0.2670512448478075,0.2114345639056733,0.1127075338626562,0.37538093508356296,0.8731118438788368,1
0.48039625205903413,0.8036761788343963,0.22693949938094657,0.3482517775579298,0.0764795535824942,0.9801652163052842,0.49438570328556425,0.4144466464977661,0.13294780807373413,0.9419060015156081,1
0.4718676732581845,0.7877885396614611,0.15372702731308638,0.39645535420503547,0.05695560561872468,0.9066803237632689,0.5211765975615035,0.44742258566278514,0.17260423096599337,0.939957068512726,1
0.9120881730771614,0.42227110660125244,0.02123024512248585,1.0153657442460367,0.07099391626059683,0.11295373152819545,-0.036367950219285,0.8773602600781357,0.7927886696008131,0.05913696938900088,3
0.4221102766606019,0.8283274766768509,0.4232965959899907,0.7756003820233559,-0.021961968006090377,0.21481512700721936,0.5979887372731408,0.3016255531797513,0.12593688611548387,0.2615761568467643,1
0.033641360648869745,0.2874311156250148,0.674250647222655,0.9473012855254872,0.7515187993942822,0.29820111913529024,0.4440842192491704,-0.09718338989754388,0.35777449594940813,0.4077772086799948,3
0.21726737179895916,0.5498740249992364,0.9715671725940301,0.2277086713923062,0.19941640280571427,0.12895189360004083,0.9593017773900153,0.1566828083027612,0.9279945431059332,0.24278416114784693,3
-0.15563383976218775,0.8603453210758749,0.6097153321524457,0.836431216014843,0.06980196856788282,0.2689474678303796,0.9375650570206581,0.8004564503644889,0.43433149525711756,0.0834612488614716,0
0.598457652379178,0.963509243795916,0.30021060255690696,0.5644101907068039,0.982378044695428,0.4970261107704181,0.9642470316490288,0.12725813284837775,0.881595314205191,0.8218766673461221,1
0.43866893446136646,0.2005930295251677,0.2509064423423466,0.12621933160464252,0.3155551688259983,0.887589610952686,0.924634635296414,0.24994786084417994,0.4929230675883619,0.04996522999626704,3
1.1173556869233672,-0.12592411773118975,-0.23074483149638852,0.8545559478680631,1.2224209490318194,0.1352938178567225,0.6730043788150948,0.6234278844179707,0.7601975015396568,0.7075551536262776,1
0.386972058312065,0.8740998994067646,0.875396496760141,0.5526973073173773,0.7085271155290835,0.20302053735911355,0.7803372048514035,0.8657143835956416,0.5788765843580704,0.06371019834794325,2
0.16429240544237228,0.014565200420676869,0.7395116987226464,0.4431433611010814,1.000560552195498,0.0397653427722163,0.9784988360714382,0.5369356651115191,0.3978514604185729,0.9390465985851174,1
0.2963735846924246,0.2304325038145522,0.4638550425519767,0.39113162875135576,0.7401501787362459,0.24851095978944615,0.8203593112157241,0.657085535835965,0.9891272154783817,0.029983399686928813,3
-0.3634246607485495,0.5528515875499415,0.5781230081467694,0.48538340824641524,-0.22414121815205035,-0.798167507117226,0.7987370428921614,0.8691912049018243,0.2851223296315367,-0.7985227272602251,3
-0.11959257734601891,0.6262130382930843,0.3197763561699128,1.1279318157773983,0.9539525557022391,0.27437415611156235,1.1007892179723255,0.8990085544434806,0.27506613506490385,0.6527896302854694,1
0.7531543842247513,0.43595435748638944,0.8065938416925471,0.43022386636649523,0.5510775140005499,0.02317200293042232,0.6089061332034591,0.5384715653281665,0.14778824110159094,-0.15325946716112107,2
1.0224078076104945,0.6492263200987685,0.4909875166774214,0.4538317699686575,0.31458669140283785,0.17961129311557594,0.2820797473139043,0.24977750018574707,0.44925413995828717,0.769618052326288,1
0.9026531699047573,0.44097492105088265,-0.075573603083642,0.98616659569575,0.011028253053446818,0.15281502097099972,0.13772785153755163,0.9478587433544835,0.8422127203335259,0.09669877633433074,3
0.18575292615532138,0.39847887037252994,0.5322888135393187,0.27672957594275277,0.6541153838823227,0.987509987135954,0.8551402156688285,0.0675857065612192,0.36558146128093294,0.7111519416619934,3
0.023620801371794585,0.8143980511072363,0.8682140263509825,0.9887095641979828,0.3176068797385744,0.412373291861026,1.2043854804398595,0.7248117808327285,0.4174561041237695,-0.2366683783831191,0
0.42669514148001947,0.22397691734569045,0.3675777683590178,0.1331224633672814,0.32061510901821705,0.8520653854886878,0.9404111826119065,0.2125574042300512,0.4154151244255264,-0.04084534350681861,3
0.5621747086067574,0.9722361897955555,0.31269162904096204,0.594012498017233,0.9788132198171001,0.4612834267775156,0.9368588283793411,0.15594198284464733,0.9146326355185256,0.794968000663808,1
0.4613286622652235,0.7735606716016868,0.14115214637392282,1.8997736083117505,0.47390731362033695,0.3482226909882882,-0.4672821613549485,0.39452008569629293,1.0666279996196066,0.5522891304071622,3
0.09204818087365157,1.0010259369668966,0.664200685599004,0.25375095669141945,0.986788486804494,0.3926426247101761,0.6253647505349629,0.549784789212355,0.7323544085275062,0.6683503990788171,1
0.05571822267963676,0.45548869583655804,-0.06345162465079911,-0.005447323683662672,0.4883241570838472,0.1281447725550797,0.23110975899186592,0.42152358120259215,0.9467615519136523,0.3280877172731189,2
0.44372281037715766,0.5274974941322101,0.2804946155982275,0.4246454341402839,0.14376608932219653,0.8341144480170614,0.13420733487095998,0.6075228745490957,0.7280674321338734,0.18820335267441274,2
0.15797239659348533,0.15303006165209726,0.5065559340801915,0.884112329462996,0.9426962796272171,0.42392982005391894,0.5721906318767798,0.07698832963930119,0.34525550811094946,0.2754260973289695,3
0.9516633405710173,0.5555952123043555,0.5238248349642716,0.15471252555238424,0.3855235785137317,0.18944846667132298,0.23661442525665652,0.6821872009719284,0.7518642518117065,0.8096417627532578,1
0.4149239141667203,0.8908274777367632,0.7784719298751648,0.7814458540001596,0.8429924730212581,0.48499048696956737,0.05470426587631577,0.9771539545032729,1.0412965766968831,0.7187146289202024,3
0.2715759149025445,0.9444003350702285,0.9159764157197957,0.4292761140374903,0.9233151725790576,0.3839331954686886,0.2653630366315679,0.334223437691186,0.08054124303628774,0.45036883599104616,1
0.30776912432125914,1.0138122914355512,0.8838725359736337,0.7024783914736397,0.6548586340640887,0.1275503459576301,0.8910434836826381,1.0169174831333967,0.4095052511804651,-0.02798451476606237,2
0.3830978051563786,0.09120197968460209,0.6000330204392081,0.13445496754623576,0.1386569399461616,0.7081191844639234,0.28675848560569955,0.2809408036358325,0.8983480958453924,0.24279578066422008,3
0.45111586992082603,0.4025854071449627,-0.2853746986871547,1.2266142272480567,0.17430910738674393,0.10501650120958284,0.12519527822970178,0.5363944498017795,-0.3123760111298388,1.5373191166417133,1
0.5178558574502563,0.631171556874683,0.18048345949314193,-0.18905976978826478,1.0611203760927719,0.8312827214620327,0.3318201952246845,0.2923662897819442,0.8185329661123335,0.1827840554697089,3
0.21994427805247677,1.049680522851054,0.52234124400908,0.34243440038916134,0.8165051575508544,0.7655986072093188,0.6765469711686338,0.687217634484381,0.2437548887376937,0.35226756850193963,3
0.7752218040610237,0.8147500572805627,0.3152863200635524,0.5763641907821603,0.20778932364319103,0.49569622016567066,-0.38778385654860026,0.5277630285882756,0.5465961780660928,0.4198111784512571,0
0.3337596230391611,1.006516135398136,0.48280767830242677,1.0690832403900172,0.7337359737163175,0.4025275888768502,0.9234873278725588,0.31909368458960957,0.5733519868210954,0.7806173812490572,1
0.05015903723330256,0.2858197212345548,-0.023645002090557532,0.13080588227189663,0.49579374860013153,0.024197888047029437,0.23345786953190964,0.42914498549873054,0.8645680734862983,0.3287683312533744,2
0.5522629083284307,0.22661641198474,0.29435404741189003,-0.06853313153464044,0.1678423024475432,1.0121092002710266,0.9370538208719982,0.4241889987770159,0.3263253037681661,-0.040156440022517614,3
0.5506459992670512,-0.01175284154328024,0.5034685323817383,0.3026897781135741,0.42516388408275496,0.9092617845080105,1.0500404339481628,0.2811818298027103,0.6793241119218153,0.04670726951671169,3
0.6445688511247794,0.7718315777849271,0.588306703659741,0.4407278871426341,0.8854844252053786,0.9862642595138535,-0.03419452481241583,0.5230239331732075,0.6260858920958684,0.4038434097149493,2
0.3652636035465883,0.3637894053671609,-0.26091415224718134,0.764230822526089,0.48423775203482466,-0.01078445374697913,0.36963521655230624,1.1705135233332986,-0.19282338365213159,0.5556498321783263,2
-0.14056142454579973,0.8558950547828696,0.5434393384906058,-0.5371003824691832,1.0826529844616668,0.9433988102027617,0.4163317461109198,-0.37841555940998517,0.8846469960682627,0.7702932911316238,3
0.6208356588031867,0.4604682336195116,0.5139651598649025,0.6917255081527697,0.5727739860340226,0.9548309039522634,0.5878231528592655,0.2807631147759263,0.23587027498814928,0.469819143502014,2
0.5771546820197662,0.29789938016409423,0.5247993537434122,0.25531040854679937,0.5618606242750261,0.5135645699085432,0.4258907063102756,0.6077933904551093,0.3624751653959472,0.7886526241258413,2
0.7546348112385652,0.6496618894391286,-0.09755766212530645,0.5097603122929066,0.4364683290923118,1.3289136206226981,-0.08820718372188474,-0.09727350422347636,-0.11483666348666374,-0.20267321513280878,0
0.5170147851943396,0.7769199103241256,0.7880064085976894,0.2580832765749529,0.053892228781001444,0.30258639865435794,0.3237851133204638,0.5802989040481881,0.7023910789725207,0.8879574162611841,1
0.19555514275369343,0.2099938514547253,0.8524986658306715,0.283053306230159,-0.06410040436967204,0.9372876545123997,0.5003808743263207,0.5260693523219724,1.1492709427285246,0.2854895961289981,3
0.9045075149024278,0.7299151088274236,0.5264417914002025,0.47056387028490815,0.27422861239691654,0.2773297363849168,0.2427900515407843,0.12602255353466865,0.3944923946776059,0.8831849605605673,1
0.08448424570677565,0.9434707789166378,0.7028054096271057,0.2960591762895769,0.9059439419240801,0.3752013735248884,0.6305116934142115,0.5636467219075784,0.7193397661853572,0.7035912567118453,1
1.0704256043604443,0.6881727826552034,0.7565489267867466,0.17676608394196586,0.46599976824324546,0.354571834538679,0.41565270068165605,1.013237011779379,0.5701085348611039,0.9359305899318489,3
0.0930304928445446,0.4911842555663936,1.0656921879339103,0.7529495741540271,0.6215761183965761,0.5647510180953333,0.29080421604306395,0.48616284042981595,0.5104974990844147,0.3926672690740459,1
0.19615618381445105,0.03680773182264564,0.832241758452457,0.17705054840998508,0.22320658292659706,0.6478627580413832,0.48990857944970645,0.11935785800113205,1.017766723191992,0.484189215013465,3
-0.07330073983804863,1.05821438152442,0.6433405568107129,0.21437225894473866,0.7255698172167421,0.25891182546480873,0.4978094179837928,0.4631785668147586,0.7474845008848194,0.7504228537141832,1
0.11923673415687608,0.3552980329443477,0.03825561301148457,0.07415295356997052,0.4765794533038172,0.0995193094507138,0.13705541728537135,0.3741668339906177,0.9435623983858191,0.2571074460831228,2
0.3645806868728544,0.09377830550188482,0.604341806424741,0.14873406198425496,0.13966812588168862,0.6900510984559971,0.30281251332717,0.2644703860170296,0.8827531280683436,0.2356999765585906,3
0.6036909327559751,0.04316913790933913,1.106577036869062,0.18495734105992234,0.7532540518226966,0.4537379751446369,0.7713041479105716,0.8487753384741294,0.64322661293882,-0.05622011332747806,3
0.8327976993261217,0.5738187334883665,0.6014301080422776,0.6195336359423204,0.03030532114119218,0.35857170128458693,0.1661292385331429,0.5808220470955875,0.4245982777062948,0.42432898805789815,3
0.2672861594366774,0.9490342969643815,0.6644300394404684,0.4744573415957137,0.7765293254857774,0.6263363252985468,0.6172037057637411,0.5172313195095876,0.17602125553388126,0.35264672946686776,3
0.19547965483201193,0.13699393762048914,0.48614130243708586,0.031190491714825172,0.08704727473179596,0.737679602749316,0.338818282540654,0.4162072425078298,0.9517647018751848,0.4342986082124979,3
0.5882737445678712,1.010494935249129,0.3492786863398695,0.5219716773962033,0.9743288610235715,0.5221341584023677,0.9171197387559931,0.16952359269157843,0.8689596737820268,0.8237644923013963,1
0.4796409740152032,0.5480187699193997,0.22996583715413024,0.5892634199466433,0.5331550703152745,0.6562685796406241,0.9963450002177895,0.8964400412711245,0.47284014540095015,0.18376044346198542,3
0.13356238235255913,0.779015245964225,1.032130455563023,0.6128482956263563,0.0765717457363888,-0.0234550150540066,0.91237280701481,0.24086461589080221,0.9280956570403069,-0.026533003117483425,0
0.33486253826627776,0.9122586304154134,0.8858984847647263,0.6427526965645326,0.7890388051454299,0.22579912352144332,0.8709622505111552,0.9106673943813947,0.547019884415205,0.0920315208155601,2
0.24332325493938617,0.38595129756420676,1.0189155389515905,0.09511586884264837,0.08377600255531467,-0.010020715140904517,0.9325540749113106,0.22719940005351388,1.0180208840055123,0.19612359231373322,3
0.5838342516974602,0.4945139095049625,0.033287421848691906,0.6639145698073268,0.5589491069861517,0.5599856954413452,1.0580676122181731,0.9338951431352311,0.32999015800660825,0.07721100713532442,3
0.5075762699605475,1.2528828314296347,1.2693987669781208,0.3245016939108193,0.1340830971305848,0.48370634525290573,0.906965895818179,1.2436606008408126,1.38043024492579,1.1725003797561309,1
-0.05005883956832036,0.005869101458823189,0.6210896715455005,-0.2914153407979149,0.8791936790231815,0.5982111988200315,0.5781519648552607,0.30185071899498944,1.0498253364856014,0.1800229408771713,3
0.7907185693446345,0.4123367484739152,0.6895349011565872,0.46116954558774587,0.1552613246567499,0.30826875995135755,0.3192644168620802,0.5155309321162638,0.41685601732364863,0.3612488988061049,3
0.14380778447841036,-0.07073096579050805,0.5121458406449861,0.9142603026455642,0.9879472741220179,0.459645124042944,0.6300064328528562,-0.028900750451263044,0.4962369351649343,0.1733637123851301,3
0.5670702917865302,0.5226196950039466,0.7485137714864382,0.8800797182878238,0.6132056525795703,0.8922177929940007,0.583194900758993,0.3613164167934834,0.2530181645136609,0.4183526032770913,2
0.8498788386121812,0.46441549359470047,0.7068028407468842,-0.031856738082412864,0.876405890023058,0.4396274707850737,0.41436429199540964,1.058242891946409,0.09953817104309905,0.6271380904734075,3
0.5951434032061961,0.9725502215841538,0.30250078878925346,0.5719689676077508,0.9937935147745125,0.5019871463218849,0.949080543309603,0.12435024613826129,0.8935421916966003,0.8146257561140079,1
0.8322108188726343,0.6955326970415986,0.8367167597109342,0.020876828393983665,0.05443899711183087,0.11333635046982986,0.38893221420346963,0.8666939537652671,0.980948644842349,0.7708673351712297,1
0.67456649684428,0.1992229309305365,0.3454031394574413,0.3147784276907469,0.355857135355758,0.3413557756194545,0.47670007025994654,0.6451265287440776,0.279447658149515,0.5361302795105591,2
0.37692691640574594,0.8335964346712998,0.444562037927778,0.8297801135587308,-0.003159881888320901,0.23850679754014129,0.6200749526769569,0.2324515510176718,0.13393242086885643,0.23247069503131323,1
1.0124894172280934,0.5094034262953632,-0.024206845485189928,0.9546886704407257,-0.03377461682879887,0.10121650088207687,-0.029262499792196063,0.8995315833571927,0.7590833680745407,0.12832013483006519,3
-0.2958051135493166,0.08026087220434508,0.34676737493623855,0.48728509779653484,0.6476820940294247,0.29797645697724734,0.5359719668532823,1.4378606648364531,0.04472928885122063,1.42035507236571,1
0.4441314640723514,0.8571821262792785,0.5828471756893725,0.7761727240175745,-0.07986754138815373,0.14569172218686716,0.70797670993172,0.21516153321214154,0.044930052100511444,0.28234532684452285,1
0.5978443189800148,0.26942229103685283,0.6424157032325787,0.04879161120142763,0.9030758099648463,0.7395428392079343,0.5899552403531514,0.8515380605071768,0.032772141269148077,0.5377678844783924,3
0.12014099561837367,0.9361626984933518,0.7488377027771638,0.25538084675321104,0.9491664503752041,0.3616018788006608,0.6188697572961173,0.5383872668825722,0.6061035164720802,0.6745866170046062,1
0.3234224154089707,0.919049653897306,0.8802780961029378,0.649091975794445,0.7627267211766406,0.23430613959663957,0.8750956091256424,0.8926872731154889,0.5728106034535746,0.0836909050347084,2
0.3297732591531748,0.419480453511733,0.469532228682144,0.24875488651909178,0.5631059905312376,0.7088491980433288,0.8264600059534172,0.23894968836096897,0.39542910183847046,0.5031075463655758,2
0.83323393551612,-0.12137161827799203,0.6023892799837539,-0.07033613931604943,0.5023477132936683,0.1447597380726205,0.08787239117101364,1.0012421806526637,0.45353191348684224,0.49379576901090483,2
0.33963520121463714,0.48164124954411847,0.8637963902548194,0.19555070975036232,0.5206903905840005,0.3816985398882871,0.16467136507464342,1.2703368235964372,-0.3513532516558399,0.8190194563064347,3
-0.002279793746469083,0.29925003898504915,-0.08970898312788686,-0.08303777120267408,0.4727253453160089,0.1255420513193623,0.2538294459180718,0.49015864490898353,0.9394882390696881,0.19240579484893283,2
0.10871852531529626,0.6741980416073193,0.9269175345643861,0.6277618099813507,0.7012012365911962,0.6486327303838519,0.40979810475381323,0.4592100374796016,0.3339044884307197,0.5067721791283931,1
0.9766545046289983,0.47849472303712237,0.3618137859998282,0.15209265163137922,-0.023945060072571488,0.6221882253301514,0.17611871398227605,0.8099066703087731,0.34133710047748533,0.2144574644918584,0
-0.19933301418768373,0.8589519930716701,1.0936252075930601,0.6713232710714483,0.5584654432354039,0.8401337348434716,0.30897858886885,0.7430056747846131,0.28359998417494875,0.376276485437825,1
-0.15685326387423343,0.7344038760237159,0.615379662420003,0.6184611025622824,-0.04728668030262531,0.46327908304008836,0.8813497006301385,0.46920373485917866,0.8691191580347706,0.17733792881260652,0
0.06143896914374296,0.9547873362179841,0.7007575063609768,0.29381310634093655,0.9477954235804786,0.39835647100474897,0.591325805964968,0.5728094784709211,0.6964066457660815,0.7085645846595777,1
0.4734795038875006,0.522739024226496,0.17184055397958148,0.5582444115565237,0.5017022793107945,0.6930827206607797,0.9299747998934377,0.8674755941294189,0.42376585618639034,0.18957022150583244,3
0.19602701774289966,0.6637079211590647,0.7628564587873949,0.5827784391316161,0.8617430851902149,0.803430864289284,0.2413441435768309,0.3931893622468452,0.44813851114539405,0.2387609661462637,1
0.003362092419225804,0.17650650579746954,0.07366665889374019,0.18685932482445688,0.7131320555723043,0.6222186151808533,0.37742144722877385,0.07574654122326537,0.3299093802788138,0.09207605373021188,3
0.4447183512724604,0.6888797678564161,0.7298401982147198,0.49067988382738825,1.0197490945107717,0.4007797973219438,0.44090528143456115,0.3629006636118835,0.09462557543387323,0.12685636680525425,1
0.4743029146190014,0.5740800789429239,0.19117385560477906,0.5629371479149665,0.46490654360265504,0.6611953628111351,0.9154652549263357,0.8739195682695344,0.4414341279210011,0.1714154846879029,3
-0.22464882645388284,1.2836254902153195,1.013199155771774,0.6156519305744711,0.6731565837532523,0.6962042413417746,1.2040816113392618,0.6671297986056529,0.5768449368671237,0.7196354058681047,1
0.47976790846665646,0.11088841395122417,0.49923023059200344,0.3553266232320543,0.38001773852687315,0.4443656889883107,0.3399313464043035,0.7767094357811161,0.31583566277499353,0.6271238140047244,2
0.35034605237515026,0.39363593393943186,0.46914194605558657,0.22758431093494916,0.5852755769718575,0.6893048811811112,0.7740924184650756,0.20952968185516654,0.4545981822314335,0.4681793320360049,2
0.6046585564813105,0.19248530586907575,0.28984017235217385,0.5742669806575038,0.2049525876111019,0.21940095609413296,0.418413225149823,0.9812097493569023,0.14308972857897592,0.3681545880471762,2
0.5751364573148583,0.6300667620373391,0.05067442148577525,0.6627623891783818,0.17041237666559234,0.7773881238366528,0.05247791577433528,0.23754797126672936,-0.029661956061803094,0.2646298830313846,0
0.42776896010088894,0.06775856015435248,0.5383952322413372,0.4863688248975153,0.7211473283291576,0.256215177647367,1.248404807981954,0.28477425850576915,0.532228378239479,0.8360165778060445,1
0.8236912276296587,0.2927954030475586,0.9327475337182081,0.5438331365814725,0.7188922348281219,0.23992657303975748,0.719679404403649,0.43786203137099194,-0.045822916632753966,-0.0720714460205771,2
0.8709944358901387,0.6983850258351045,0.5714773148980674,0.5236462331440092,0.29718502230212873,0.24903732526098005,0.19927452920897645,0.1644810209880825,0.3293097785053317,0.8141747044326378,1
0.09218283211148327,0.6082361478953253,0.8448517399951764,0.4899605541704948,0.8236196841174294,0.5111199105341155,0.524311264216147,0.44269019339176896,0.4462785940570046,0.62347540187563,1
0.9943310097846778,0.6138601536068519,0.19387737220802007,0.9159424057274931,0.6177826449107812,0.6863303209364773,0.4726511520675056,0.983149109891357,0.0382556391558036,0.00688640144875409,2
-0.10720257359193786,1.1793400459984444,0.12179916548641134,0.8313646826968693,0.5875138766622611,0.8873025768805003,0.3704395753844956,0.8607487656164101,0.6475188153344222,1.52697391372217,3
0.07122054234788625,0.9510301136030288,0.6869859256337757,0.28079458324103534,0.9518671922431221,0.3684773230318794,0.5837583606192525,0.6038401297922764,0.6986910262773288,0.729231106862081,1
0.4080035544720123,0.19963181623529033,0.22389321137116808,0.12091226391589378,0.3937451351064629,0.916978218596668,0.8764097849184083,0.3304181779965845,0.47715862830901706,0.0950342591499816,3
0.2456855391211951,0.435992721310709,0.5749227901261053,0.2409972112782152,0.7002158790896813,0.9329229370021029,0.8728814858311504,0.08716530175872554,0.42007827262686104,0.6543539740050299,3
0.7488037296267602,1.120326617527108,0.48578832365849567,0.32972786421232614,0.5226410127290426,0.1325241624313932,0.004751147816289547,1.1272946519473632,-0.2669856323021632,0.21540345140238643,3
0.6951292384278404,0.8835712846321954,0.64856058107929,0.3276860333974918,0.8410122318380964,1.0089185580525166,0.19324031651026133,0.49157453628369246,0.7341718424045041,0.48462733952422865,2
0.622815720079734,0.42622413947264204,1.4748681740043168,1.0743758090619726,0.08638440838226857,-0.41575906192034107,0.7688255131433299,1.0522434764052213,0.04229411414097317,1.4383976726143128,1
0.9555560631404818,0.6804946983612338,0.6001300071148926,0.03895044647750426,0.5328384683649113,0.4476682329973023,0.5497006645628686,1.1727504284736912,0.46153042699994085,1.013100786983314,3
0.5675560693763418,0.82788704239329,0.7233989345796346,0.8502778895007186,0.8434430953512186,0.46327818842244334,0.15197056222303756,0.9672699177446599,0.9737214259603223,0.8747692856645845,3
0.2456238963883256,0.9528034826811447,0.717409790841235,0.4156178854053574,0.8510094147553517,0.6315092607487677,0.5908767113795034,0.5806042819518297,0.14286056620327936,0.415379360275914,3
0.9153618567530013,0.7100028823849028,0.5298817417576436,0.4766467182946135,0.26185390238774175,0.2542637826092309,0.247544469192012,0.1461751267055099,0.35148266200915784,0.8738263267729299,1
0.21013225914960298,0.6067852894835312,0.6140294959185919,0.8501926040065053,0.8016668647164849,0.11777641268680697,0.6969101291262274,1.012293946368972,0.4941312061391864,0.8537173898815547,1
0.0689367918983385,0.9686387501924335,0.6758777138273003,0.3123127345072395,0.9237729193439924,0.39746865790693753,0.588150719560945,0.5912120651944511,0.6956053904191212,0.7397097488820756,1
0.21683575735282568,0.9474055657844853,0.7489494724932866,0.5084073322768657,0.7532361131761932,0.6773895240416868,0.5972998205876573,0.4919928269749245,0.22211745031193703,0.316751224003953,3
0.05579198064566834,0.7789806917467171,0.8492255082334114,0.21772424065267035,0.9876407918520358,0.5287225344846557,0.6800399869551398,0.45802087282182724,0.7168295313659834,0.5147374968160306,2
0.5605065531207826,0.7562784151665187,0.7247108222734617,0.8736045089376173,0.8762096237555852,0.44436465902381145,0.17345286844680213,0.9259402762566812,0.9981215130914965,0.7861564223263068,3
0.520589771121913,0.22688679251260482,0.242209868827393,0.1883245784441217,0.393050395264991,0.8898350981082991,0.90919656290668,0.268376579312342,0.4911555546178894,0.09664142795892798,3
0.1003932802212314,0.6654645947442499,0.9357339662717564,0.6107099634314197,0.7180115686543455,0.6375916973606619,0.4220092564611365,0.4479698586960909,0.3361993854814377,0.4991358974931317,1
0.9392077639230119,0.6818531254899348,1.14904670414306,0.2895134825681603,0.4302494070858604,0.09481093122447243,0.11564917512512704,0.6496576578178432,0.67888379977669,0.9370693159916954,1
0.28526102762552946,0.7922615894789726,1.0424685561465095,0.7593045994082777,0.7265002286938446,0.2797202152465876,0.9107714694656465,0.8952997589889872,0.5481935833909637,0.1700223569788057,2
1.6396368392732712,-0.1380116263604303,0.5696689018341239,1.3432822208494444,1.0491696104227213,0.7462404453754758,0.6495046730810907,1.3174465189382258,0.2939068098718084,0.854443826299236,2
0.28406992790049795,0.6227732985034596,0.45755118618187884,0.6265756804019694,0.581207558354775,1.0322110866239307,-0.06492989498851787,0.4668690236537964,0.35684446070543463,0.1602321040543674,0
0.47108340182243824,0.7929872451066968,0.1567741648073238,0.39932682715892565,0.0547195049077816,0.9134575612677617,0.5182070749971287,0.449102331342258,0.17698777620103784,0.9334689756363135,1
0.9975232954144934,0.5172820335350918,0.06677542340132124,1.039713582306551,0.11253603715995833,0.09602062687505371,-0.04293970049383872,0.8879207982323034,0.764361712918075,0.03470404624893184,3
0.9242581277633618,0.741520798373357,0.543510654286165,0.4836987534277716,0.25215404673578656,0.2603209144977022,0.2401480667117799,0.12390494863975018,0.35448772748658947,0.8555101132919051,1
0.22110137643748265,1.0030616862652333,0.7021025728037882,0.55503139422463,0.8439549490727649,0.7382288166391141,0.6962768495733808,0.6128376164833487,0.24303357946488258,0.4100783349138092,3
0.47627545504778396,0.504316086289705,0.05714940638885724,0.6051878367642879,0.37210884511094067,0.16511299950852026,0.03968598073537354,0.8629433068582781,0.13463965107491827,0.6152303687071842,2
1.134858800018787,0.5429266848887208,0.701430743662198,0.25178389935671297,0.5293070746119513,0.4226503153789662,0.6273726601798106,1.1096189429446595,0.6023443066919703,0.9269715821850626,3
-0.004691148298820745,0.5560600166300665,1.3820316910095576,0.36542380871114105,-0.3930247989862222,0.12818557330643687,1.7353064463651673,0.8752310739393551,1.232816150970564,0.07969738856882294,0
0.808316226291956,0.6331884410526699,0.5669815380524703,0.5846507099478165,0.23430395860920564,0.15941124672312817,0.29999863209893374,0.035110068380870135,0.31463713477298794,0.967705019070175,1
0.47184038111481735,0.7957263174148872,0.1564135822805171,0.39853264320813914,0.06642695297294829,0.9135002352691701,0.5292681033318356,0.4542469492160054,0.1718849549131537,0.944775326271866,1
1.2995331071493887,0.3434404257993795,0.5378776989172258,0.5716837016252242,0.1994837753078791,0.15044172804338984,0.5755795492153336,0.41241754212458,0.3585539916432821,0.47785464248027665,0
1.0414535589111549,0.5743394379399348,0.3271670524911758,-0.06237904690076068,0.30079307247523696,0.13456509844259035,0.2110495011974774,0.9572307522534856,0.7001558527284792,0.7976879596309561,3
0.05358411035907327,0.7736172541646944,0.8574447827243037,0.2119031287079968,0.9765548013325314,0.541184023152353,0.6877555849858957,0.4707714263319987,0.7179084027354228,0.5152482776135467,2
-0.011842172366400852,0.843587773278054,0.17314943061474958,1.2438240932258648,0.9917479823676325,0.4493078532731577,1.3105810241810953,0.9007506039810912,0.5640735113042037,1.2275978143180024,1
0.21291532727399712,0.4629888737582839,0.289583686616112,-0.08392658235662837,0.6274117958734654,0.8259117917952447,0.6416438642556909,0.07294898899769395,0.7335013414011576,0.4688848068748579,3
0.022911486175872374,1.0054136071896107,0.6716095170806204,0.329283049353914,0.9766186787130292,0.28095866179627044,0.6318718558189179,0.5153651615281067,0.6751598644678939,0.7262646907379299,1
0.22352744696815044,0.49613990335796243,0.1253492652201225,0.019414109495996458,0.41819893835304883,0.10155582923500325,0.10890884676433008,0.1943608376318373,0.867941422768514,0.4528577182926691,2
0.41091132110193457,0.8988680646169813,0.5830947256458339,0.9306950746942846,-0.09346140781776992,0.349381024139317,0.4796605784280231,0.38936323581960586,0.18900835402061586,0.2862007629652338,1
0.7743169914387193,0.5551157455064534,0.5951295047595954,0.5712141576813238,0.09330022020500969,0.3421063186762145,0.15592842550637245,0.5293697418414375,0.3968789651274135,0.393118077736173,3
0.06334859819254474,1.0343326511860431,0.5993648384104193,0.3264167159579753,0.9552613108355739,0.5232131797320436,0.7267331915265137,0.6442371733206028,0.7490654661076706,0.6663849885179386,1
0.36942906700761674,0.10250286542980988,0.5969920077275319,0.14128578871740868,0.14937584844414215,0.6975992274973157,0.29593402237596717,0.2734154449734625,0.8921522391767869,0.2470222415636216,3
0.4598628196512839,0.22268334819786972,0.28489221810852805,0.1675498868878535,0.34160651124795816,0.8754278735939929,0.9309563298397383,0.268345644037407,0.46493584053834486,0.02163705721879594,3
0.11631109913775466,0.8752977365382633,0.7970004107695892,0.7252388372154241,0.25282025384683593,0.3018459900818105,0.9482269454068816,0.49864087473900787,0.6867965728748106,0.08908447057304283,0
-0.4997814079617342,1.1232836684535208,1.1361399585776601,1.2141849743753395,0.3023367903316746,-0.3223717528609852,1.4884060235555452,1.3652508898313787,0.8694468122268112,1.0337743217492694,3
0.3840901323555376,0.39380082424388363,0.8428424084077254,0.46236176786757427,0.6847136443650162,0.17981770160129532,0.8946053243764485,0.6511439971290879,0.5969145844631143,0.1563371123834329,3
0.05953235398199764,0.7689242371114632,0.8529439136995808,0.2146395924493391,0.9819099629712993,0.5245634707460263,0.690498027320123,0.46666210220658916,0.710622142636542,0.5137276763793719,2
0.9217214590610721,0.45741645612403337,-0.005227633956833129,0.9647131154085026,0.052271644964132814,0.16632123217632683,0.011382664907731342,0.8902816305463385,0.7897278323907128,0.03417373278663345,3
0.4051701511914256,0.38432775317367274,0.0832392252091255,0.5096648589601239,0.3688087773034046,0.11857274952219313,0.10649129484593672,0.7805803050697919,0.08413550924692689,0.6233372085516327,2
0.6330290766894013,0.17630860488168087,0.6313056074385144,0.26740413952909053,0.400794563735345,0.6362496245427942,0.5092521294820789,0.946035446396138,0.13760092103298696,0.4437263637718252,2
0.977047303176508,0.454340181069038,0.0618358414299948,0.9280704714235318,0.05906430935109566,0.13960893520167147,-0.04801846400960254,0.9349928406340534,0.8022304810130713,-0.007856254167419668,3
0.5751773629688182,0.584226917138497,-0.17739535305058196,1.2302178231836889,0.2078180906128272,0.6259986418604796,0.22267521856540973,0.9580017147991773,0.31659082901209157,0.1999499978864126,2
0.25069832837846917,1.1534500653025948,0.3608757567874193,-0.530046105621549,0.17926635789727952,0.7689667315059603,0.08835591707861395,0.3204914079248165,0.9521311407820623,-0.2702249348898941,0
1.2707900360654873,0.07111417286716265,0.24547022336867957,0.8613084910423795,0.5451480062507501,0.6317119551390967,0.13989499635492375,0.21487741323653398,0.015687316459595646,0.4792569991560422,3
0.24592169576495887,0.43717915118385764,0.5657506915409986,0.25733025185868474,0.7236738441317095,0.9247764924574755,0.8536897426159584,0.09450377621163343,0.4356244108640225,0.6618608396023898,3
0.9376241440433993,0.48303482192198344,0.020597800670817866,0.9938268353191344,0.039505146923687756,0.13292499472547292,0.01649357668593452,0.8860471469854387,0.7935907298208342,0.047643661948364495,3
0.3994889990919904,0.2081582769922421,0.7620740850069339,0.2042398273265511,0.3782744643871383,0.9359559437475675,0.1084872561473357,0.07910391205019726,1.1260573516528722,0.4626873293230239,3
0.05177441339981883,0.9123265647673873,0.6734689929675572,0.27258255375225215,0.9933244797449405,0.4269872649024902,0.5981690789421535,0.5853069172531633,0.669437399261613,0.7655632871133617,1
0.3468370122734675,-0.0070457971948471865,0.6878552466616228,0.4965154950339903,0.6285272582470178,0.3542407615255329,0.17664178202967695,0.9282727024079418,0.32652306442443146,0.7032881507758477,2
0.3543181293778058,0.6670169505640988,0.9848161373641273,0.4635577839768952,1.3435328995016524,0.8253557165757294,1.1997814318243727,0.6678045002022165,0.17287190484969056,0.2842444634777612,3
0.44856362491711443,0.5705252787939377,0.14692820075168284,0.5602735938091327,0.4607664268388494,0.6597612975576448,0.9433635609496852,0.8751553425211239,0.43138878439262107,0.2114151288816213,3
0.10556524347333163,0.2858293825357774,0.14744382829212757,0.1480564146493214,0.37530904652096636,0.8866860507402298,0.23883809544599988,0.45444319392856386,0.5944663432198453,0.6383074135435649,1
0.27225150255308467,0.2437779600971102,0.664799412343809,0.4455296867956179,0.5867764391538332,-0.08716778992500313,0.7161766697256482,0.6864381412576868,0.41753901935491905,-0.08607820948125322,3
0.547416449274421,0.7760309928693745,0.6105177764975037,0.6442717071737677,0.11447475838603899,0.2641517965984519,-0.026409713477914154,0.559973973713879,0.44879057805310996,0.6575512718689999,3
1.3221917769339855,-0.4122305855178008,-0.09702859226693628,0.6119492244774646,1.2019633606436895,0.044708334235296465,-0.18909438003377121,1.1376751411618466,-0.3264222239544421,0.25306771136865164,2
-0.08088110690008435,0.6208479517199368,0.2739652734524173,0.8902788889716622,1.255582885555065,0.3046195340191956,1.26388434772598,0.5677991818783281,0.18855839295536092,0.9534416014017385,1
0.5014309822828096,0.8126757667893187,0.19563356680647837,0.39779528050495583,0.05829133376906402,0.9033868510201907,0.539367404647602,0.4592180290104303,0.17830287339372694,0.9757549159937535,1
0.10691239120145898,0.5563971771817501,0.5989970858367426,0.9709319407465926,0.9327420173074928,0.05869685439800951,0.8073367859148719,0.9079255359318136,0.5541084440650258,0.9419611837869658,1
0.5059913391880816,0.7985487247633661,0.357151068618717,0.6824092583538964,0.052733027612455796,0.6781082897558948,-0.11672446626688265,0.2818931524994266,0.08095917084493726,0.4650375262737202,0
0.3130910105543978,0.5242938775586019,1.0464014664426167,0.13270201734251286,0.28276088958985857,0.008483049956847816,1.0131127004034868,0.20910489805330212,0.9604641558981211,0.16648107188485453,3
0.6064292474002875,0.3117294303563128,0.39836742839542055,0.35662483351040275,0.3988577986495189,0.9398503526235141,0.8663183521768248,0.136962099520215,0.24808599176825363,0.05360242950024073,3
0.1320615993004881,0.657385704455631,0.9981729235814099,0.5207547077778091,0.675365002714934,0.6424743868827062,0.42173442543539424,0.35668148952078393,0.4154617879230436,0.49507328486409435,1
0.23802556300795769,0.9596231104648726,1.0296982963608972,0.9635648355897528,0.7483543770622947,0.692589600507354,0.035078589649590486,0.6091984481018913,0.8840133311599833,0.9667089830729583,3
0.26044207750773235,0.9283182460417212,0.7118169394908096,0.8178035892620223,0.41252935244546624,0.34102631768188063,0.9263689505328216,0.07849749526748959,0.4461685020597279,0.7497109572335916,1
0.271234480945861,1.2431372426514864,0.8163578009445618,0.4475327214846626,0.08246658003617884,0.10676701619117515,0.6265241460712463,0.2629968457996922,0.5264025927263903,-0.20039597884215443,0
0.5583427353418702,0.19100127451746768,0.5471430691331788,0.4258840394317389,0.26483539537460965,0.6089478358303084,0.4461811219801478,0.8636808261958863,0.34765597440729934,0.6096591626400536,2
0.5530961815583447,1.5460401339962777,0.7425631906016114,0.9858494760526265,0.3097036050770876,0.584756308936413,0.8395165699373546,0.41671609354327677,1.1266915919125529,-0.05739622659609056,0
0.13556715120220458,0.35324652906817317,0.008464063065195638,0.07799883225944425,0.47463399417770386,0.09606784959133896,0.17400348096608573,0.40116834067242585,0.9260642012617823,0.2568215247876198,2
0.35956166291127073,0.45499445376286635,0.7120583167902048,0.875255717795091,1.1703686430736662,-0.09254129785321893,0.6593108011248321,0.7646960143475897,0.27913124766210407,1.1919306054433607,1
0.5293645212583464,0.9784751171587787,0.4925100531213624,0.3322172955998501,1.0271457806572826,0.700215850874701,0.2908704500649818,0.1821352599942223,1.0061646385143477,0.26462054190915935,2
0.8214765985829621,0.8926121179056019,0.5845290589431634,0.2654907508443348,0.9103807842122743,0.9937418306630368,0.19078660259223115,0.4401528723728857,0.699104801206894,0.4732877855345644,2
0.28576815161797714,0.9273519957369772,0.7136265603556867,0.801777954942985,0.4024190564620586,0.26438082059088586,0.8692937284307496,0.11699158069711402,0.40193542001928534,0.7143162249650445,1
0.29959188085804317,0.9346878953551115,0.7118359941587742,0.3579993949602468,0.6521428536816004,0.6533435421710431,0.6349979204617893,0.5801553549364638,0.2857064885162346,0.41579210606623157,3
1.6338069889873366,0.701702026488685,0.6445967953630029,1.4612529196672932,0.31115656659778934,1.0753915097049598,0.7925001135902979,0.8712078684514587,-0.1482440282869123,0.34773313036485304,2
0.1278375385362664,0.6525199735389773,0.16649534754807466,0.027053329836663614,0.3523845848848788,-0.18116442390123305,0.10869896339282949,0.29716946368484404,0.9957879969310566,0.4976018654041081,2
0.28324196617947855,0.6159904815016082,0.6276402669886036,0.805195165519576,0.33637156853534833,1.0364299917334296,0.5555660911069754,0.288154513342417,0.38474642950808025,0.2604313695833892,2
0.6847185248204496,0.4232073548372369,0.15238000387804124,0.7220180427483289,0.24220531273198603,-0.14944435163766207,-0.15973632003048116,0.8989308620208255,-0.02997063607880937,0.6201925093823796,2
0.2201144741019906,0.4719149426519859,0.1210201314318155,-0.007943093815642344,-0.05549465105096624,0.7209991564623215,-0.04391150135015198,1.064473113701593,0.2186297054546209,0.5796749318961301,2
0.18922592589404802,0.17733855547736083,0.8903835467140766,0.5246978450877686,0.9944039687095629,0.8227295847324834,0.6112392871406691,0.36872233647899777,0.20501443139549205,0.8163937049032371,3
0.1451293816945032,1.3286581258572094,1.0616778010398868,0.6089693817133004,0.7669255869198226,-0.11539121664950752,0.7836731149403856,1.1288793341061385,0.5054619682980823,0.06185343882865342,0
0.16362239202737502,0.190628914196031,0.19263599434190093,0.20345806103319025,0.3130522949867409,0.90547957634938,0.29519456482081946,0.29779368336286666,0.6470127282639331,0.5133783069668487,1
0.566689708176316,0.8035637537682919,0.8400371611357793,0.27052237850921096,0.46579212245796825,0.6082740753177135,0.4325569311609968,0.9417002934651258,0.4334575869674073,0.17160918183511747,1
0.5932545647110562,0.7919708188016659,0.4970818617322912,0.9080170507339141,0.3410705556539631,0.18135584862154613,0.7176302502742423,-0.101036443600308,0.4611130706260061,0.6654869216104883,1
0.5473275223246482,0.21689604709356308,0.29091414477133737,0.03166555612076974,0.28522326285703575,0.6662849726418993,0.7937098383303768,0.09628742494798093,0.2965969882444151,0.02002759184015812,3
0.8501806503500617,0.631646208180514,0.1542352140952464,0.9706292875539191,0.7478094073074034,0.5806410443049941,0.49951585038872265,1.0471158472163364,0.10585093541686827,-0.05196550619000305,2
0.3168334046227814,0.8930227528349957,0.7049567938936204,0.8029201135732603,0.4349109464717965,0.27433935895064804,0.8857339326407858,0.12962192140112266,0.39852677898890604,0.7362935197627811,1
-0.016499153800256558,1.1238582901031742,0.3220276599164577,1.1826312677455846,0.6642607224835094,0.6460296997931108,0.905997945795656,1.0560628318122776,0.8538179476023607,1.5191674167624996,1
0.2845892821256231,0.9795816351844073,0.6410495682898615,0.44193913514911703,0.7549159475869833,0.613962856194974,0.6163403174553028,0.4940139439666905,0.202216652671325,0.3180939082908208,3
0.10618697523090166,0.8646349597454316,0.7655982918213464,0.37044696441919966,1.0299853894006568,0.4589890351336573,0.6351742792816831,0.6100852176466856,0.5896453108265828,0.7424041071501271,1
0.3241841164330574,0.31679891574661506,0.08772621576834964,0.5708575667891612,0.2737199488421668,0.053288092826495125,-0.019233848306261292,0.7662585961591156,-0.009722010534340714,0.511057199200047,2
0.9800472206044458,0.804429120221296,0.5335247369860769,0.4463062783770971,0.381510964112896,0.2670905164961634,0.25043099350211745,0.17359468279935508,0.40449446989828286,0.8360061521628935,1
-0.12182603093480732,0.9725461190435465,0.7450592958131778,1.0600305963241872,0.09085921157371031,0.09052878869087058,1.1657770985866325,0.30970442396835685,0.6904099756286607,-0.11841562658264948,0
0.2709024846314463,1.1129829474066528,0.7600963179082836,1.4969346406268347,0.5392797520729586,-0.24971710590138174,0.8676476229701044,0.11127455812018061,-0.4213722804809683,-0.5352756578056832,3
0.9657884798932665,0.758495366597501,0.7267719007598858,0.3147376035340693,0.3918088262540369,0.5083702023767029,0.4754352197994419,0.8864471566247252,0.6458038599109216,0.8142945756287365,3
0.057197592037142905,0.7778588772801451,0.8453380774319171,0.22202036326936556,0.9835622455662477,0.5327353228289755,0.6872757065294972,0.4631250877982162,0.7124883779362441,0.5063642214692767,2
0.4799468335805014,0.8091012214906103,0.10303205083021486,0.36054948734829717,0.01294943736187154,0.9061120865308145,0.5566169084144198,0.44029853308102856,0.14298773274929788,0.9495155249550714,1
0.23554674181276555,0.44628197959013083,1.0247050295741236,0.2318668882002734,0.18108468960899,0.007610365128843277,0.9507858280037239,0.19521412162911378,0.978317715651957,0.2625026723774066,3
0.3665725857287476,0.8474190563224245,0.4735440887569443,0.7916523202206984,-0.02250092493756952,0.2703779309606313,0.6346021214597478,0.24527138047785085,0.18369963507207193,0.19791944721328414,1
0.04999147529498344,0.6579146971064992,0.8584851985853813,0.4106038489136574,0.5468493135807057,0.6205356474688617,0.4643322253236086,0.5213262066394144,0.5698706340973535,0.4376315871496389,1
0.19203194920687877,0.5984558416258419,1.044576540168983,0.5871337064789077,0.7943995524632697,0.6765760379871151,0.28444762459989303,0.447998981969142,0.4625904330054749,0.5866289601263004,1
0.0419875620929375,0.8985238910558784,0.6499291108806992,0.30712344199080305,1.025924535491336,0.29762458166320455,0.5331115161692445,0.6596731212976833,0.7472891413805303,0.7848824167073326,1
0.18032964713062974,1.0672644191676548,0.9299719633138619,0.9486609831289352,0.5778737151294207,0.2620733330604813,1.0646726328713882,0.31251696736001233,0.3905731869341772,0.5442125474052257,1
0.26063867229013926,0.9519303787919261,0.6692215401231326,0.47846357334858086,0.7793943436131697,0.6232193242921501,0.6048403494294549,0.5037246243212702,0.18175708865644713,0.3478989647815282,3
0.04541934211607318,-0.010567288684634496,0.2180813344917703,-0.0022435366623096142,0.2995429615141309,0.7795737810046197,0.36918822386962213,0.42941894133061687,0.8303230968271318,0.7015311275551736,1
0.27945172325669687,-0.2513314153841559,0.11946530048009152,0.6170810017598695,0.5162271788536795,0.1467585036372817,0.7384892953624663,1.0981221990134216,0.09152357403213565,1.0226193897724332,2
0.4369307339176243,0.24848993322408056,0.2715566737237169,0.16445307774375084,0.28577186568952273,0.8563026017893012,0.9365167205970446,0.3205688059215267,0.48696635347209105,-0.010218088905429384,3
-0.09706446534863733,0.640401659007853,0.8777833238970973,0.7101676862235159,-0.05569426891797288,0.5739324200272267,0.7252369115706142,0.7984721225131691,0.7929090618916095,-0.14436222564515466,0
0.12295736616876835,0.8535716213786417,0.6289164443095189,0.3255226122708058,0.6911311440670458,0.509553008985491,0.7625847214641351,0.5393517330182903,0.12753696370927697,0.3301096522073674,3
-0.7930597591377951,-0.8093771108615935,0.7959184376247943,-0.5095402235049282,-0.6357214916246886,-0.6997438547897454,0.5000624734433488,-0.6559776517274011,0.28138612951557285,0.26806372790483457,3
0.014386585205471564,0.7474039985168068,0.7559125788748005,0.19365147109846445,0.673204262036719,0.8162971605975662,1.1454133876813233,-0.10387241556397914,0.7604067989229493,0.6303097891598682,3
0.3551299082835366,0.40831027595012487,0.47725779065389107,0.2449025085696906,0.554923667918322,0.7358600082916625,0.8221541222617667,0.2388156922080634,0.4586394277229451,0.44709191376954194,2
0.46513744536174306,0.6743527691098543,0.22936355519218102,0.6766607356500857,0.13576858798449495,1.0119865655405873,0.15096407696791608,0.4243101431254069,-0.06411937733344358,0.2327376646235651,0
-0.24544873724845984,0.7034252963273971,0.6703710347079967,0.27103628510775324,0.44310257005212683,0.20016390346885413,1.140834104624354,0.10010886661002866,1.3357692596925965,0.4835141109123485,3
0.9857855386523917,0.13847178581432468,-0.04435160723535926,0.737564437802524,1.0581378124369778,0.2230032210252804,0.6807093539959387,0.739647925785833,0.6657153498308293,0.736577156058731,1
0.26015498598295383,0.37977088222068134,0.31371076034503576,-0.017948041483932337,0.7435756336474421,0.8458957375788366,0.6519700576481378,0.030780916635712644,0.6443049792834215,0.33673464141585385,3
0.18460269829893222,0.4748224416772644,-0.09168003523919688,0.1492579259624306,0.5116043251005412,-0.019447171419735856,0.16926726876102127,0.3746726045007068,0.9296423958495424,0.18266273277970324,2
0.2858962907099754,0.4244638295667641,0.6431907457771654,0.25909324625696145,0.6827729432982188,0.8818143232826169,0.8827902665588023,0.0673783232170593,0.49019258755811,0.6723273913586755,3
0.24386093755718816,0.5050894620690768,0.4978697736607848,0.2064192016301964,0.5208705875266822,0.6778422562560423,0.7530750318581056,0.23414334123091218,0.4466514853901096,0.48451966169029287,2
0.7967639887829101,0.7544271699498595,0.5435134468456553,0.8556620460111894,0.9135779166079032,0.6212966616640897,0.7434577018553661,0.9431266843250802,-0.3140953939309655,-0.151087193387969,2
-0.0819855775754483,0.27896546137764067,-0.019936310806812067,-0.16837540988338037,0.7540721909885115,-0.003899753368976952,0.22456389691303869,0.5948460355618536,0.7983960697456751,0.12235100883429936,2
0.21952698572251053,0.4465381964748223,0.8124230756569236,0.5908506065254063,0.5358232154768856,0.6464649234846904,0.2690348646773435,0.5863518336777593,0.1600569098056597,0.676470230396987,1
0.4479706901595932,0.5470958786348555,0.374897239516552,0.15760755196243578,0.02158563118252409,0.6396623118997398,0.03864101049823714,0.6655828431023197,0.9189704878992562,0.17129739768893626,3
0.5079023481225313,0.686672079563398,0.4300006175532666,1.137985970929381,0.9608454300267903,0.6596517656260877,0.03618490767973914,0.7335558112625027,1.064331121765479,0.5926738128823459,3
0.05794944651780477,0.987914199971214,0.6941978393127077,0.3228032226046991,0.9888250943795668,0.35307489869468467,0.589699808483067,0.6035371989635379,0.6268553996897336,0.6667112682192708,1
0.7591375942338923,0.4793691654554917,0.7039304297051199,0.3291593275524909,-0.06613428255493498,-0.09383803148743347,-0.07228406447504815,1.0316785737214431,0.6154336085397456,1.2115046651626444,1
0.6296077766951406,0.9632297271073726,0.07997287589548846,0.776568694970236,0.30655238080582214,1.0191642357283839,0.3082428554612503,0.5879214189857551,-0.2678219205711401,0.14256626044498347,2
0.3757098737677882,0.8497785491968222,0.4709680962072734,0.7963220869362624,0.026213658797995823,0.2553304986836929,0.5896537780742002,0.2537640157760892,0.16203296895700228,0.197814711013565,1
0.06262084824805564,0.7708013249999767,0.853463568417459,0.22115608622710575,0.9788355056345938,0.5244959226766343,0.6813131793174876,0.46330072210569884,0.7097775368771371,0.5085520774282067,2
0.46179012306172823,0.2209331814058457,0.2860667068313666,0.1527893831304231,0.34699020762732097,0.8656398595660044,0.9443460612878865,0.2572787691173821,0.4513335117550189,0.03320595392482191,3
0.15737156791820778,0.46503587088416615,0.7242497738626159,0.2410351432068535,-0.027115051016862762,0.5171851143437852,0.9557487170799993,0.34524883717571664,0.9580622683140534,0.005450521232260641,3
0.7916128289062341,0.3493853669167968,0.39912133495181157,0.03283915486493305,0.5349191709363352,0.5987266836352941,0.448009307705357,0.9010469676308612,0.10554910418092389,0.8357565001080661,2
0.7998119274652659,0.1683932872089244,0.5599802968427872,0.42117264530053355,0.13561896290436548,0.16997273070331959,0.21783968913941285,0.6141361874278042,0.44475198692443807,0.7468325555645599,3
0.06435135138135414,0.9829357034547656,0.058893066088625684,0.2654331667560645,0.7287721696611535,0.8291765449687504,0.6365538656063168,0.1514305385804313,0.24532875924441244,0.8555827015605909,0
0.8924590788029925,0.7923035703179422,0.5689316663892997,0.5147486180173287,0.21441122043559102,0.2950516243598372,0.2526385436896451,0.09117472749606681,0.3601029219199866,0.843126173870196,1
0.06422254222746593,0.7627812585189314,0.8484883759081079,0.2172348031531808,0.977390939650813,0.519235255813227,0.6793307531757632,0.4745147882593342,0.7285917159035799,0.5043967594944154,2
-0.06361432693055805,1.1005359019885634,-0.0006640763860684754,0.048428256518480234,0.734559814869673,0.8725454393763974,0.8837969896829625,0.5151209612464831,0.32478994424699104,1.1324831369409532,0
1.0202521985409168,0.6269621082128402,0.17697689427470098,0.9438733378982407,0.6315598731588633,0.6840017972637339,0.4756700670544381,0.9293536049609731,0.04041628229039766,0.03053263628065687,2
0.05519746664845105,1.0004495367034998,0.013007398182359707,0.2519032382860979,0.704255984483564,0.8392372928758687,0.6398049116898391,0.1769998865698353,0.22075709032928986,0.8234292708475335,0
0.26456746116946916,0.887431241500143,0.6195674528982003,0.6157091879901742,0.8094497889092406,0.7497104436585454,0.7385848378055221,0.4198144118064317,0.12560410377722508,0.16720482338424467,3
1.1591967266544683,0.6967053218355757,0.08116831211997988,1.0163518351972913,0.4658879605710767,0.6078865687174962,0.36796799852999507,1.064003314493307,0.04552817324473453,0.0954178041656199,2
0.309221229086607,0.8915137739060605,0.6118166819254414,0.5363183743604404,0.8714051830599034,0.5994886722313395,0.546454729355115,0.43169576688996786,0.1518556087086826,0.33062603496608983,3
1.1474225459550988,0.8443645421076557,0.6736706058036709,0.317755793586196,0.4126885910261758,0.4649712138919029,0.5635411635781192,0.8043327939999367,0.7101074376372107,0.7582723531941877,3
0.06532554138310015,0.7771140439074543,0.8356816016709941,0.2355186316053446,0.9991565103705218,0.5196342792505635,0.6962012455068817,0.4454152362200573,0.7115974265044543,0.5082552118452829,2
1.2415458444392877,0.47621112069077837,0.7101052600935361,0.6271802469042098,0.5086804368188134,0.5442105646179217,0.1461624235846745,0.959088889944129,0.35450609738279665,0.7889815832427904,3
0.3612660365422073,0.38845211535227525,0.4864879859136164,0.26678861138924803,0.6167348983164113,0.6787618385750686,0.7839700157757225,0.22664470014367635,0.37761024816161154,0.5159280336973137,2
0.4462379714722472,0.22177257379120185,0.2605864501067392,0.16414610638575144,0.339729438524921,0.843070315405119,0.9265970434788902,0.23316292578593484,0.48114572593379157,0.051261464868011385,3
0.6302837147335714,0.22870075757576347,0.09696883991169003,0.23627430404243274,0.18617601293478972,0.6919762370533415,1.0201497526626002,0.47482316508364575,0.5316218600433532,0.20199629700145522,3
0.05574891199772132,0.7725167253572527,0.846003029276338,0.21678892391815835,0.9881041769606576,0.5306494010423295,0.6878917816987559,0.45928206130458443,0.7154751601855175,0.5075258035081578,2
0.7319079498807818,0.45486009248625137,0.5406256570105332,0.6782932683647924,0.6027698050217525,0.8680361857887372,0.5867670403205447,0.2661815876470643,0.2342900307861277,0.5015215740903479,2
0.41611186206005957,0.39725898208806293,0.12475503295357154,0.53690780828444,0.33649185615424276,0.05369674735622444,0.1291615189986398,0.753657547054338,0.1137767694811356,0.5924604554601691,2
0.5198081687677809,0.9719936147751902,0.2023567832779105,0.7212817594529042,0.4113552514495656,0.16985518838436875,1.0673531393432154,1.135839398269905,0.61385963472723,0.6083341259706145,3
0.5064910186162591,0.1974199153190159,0.0038826711061965696,0.3919746908448947,0.27223882662368953,0.245429643995163,-0.10940744901355356,0.703106663111313,0.22404840073213553,0.8479323889566759,2
0.7130993471998227,0.5776619860704169,0.7993819885062751,0.0392958684346999,0.15077164371008356,0.13775595501434285,0.28623440417696416,0.8374932349406139,0.9594736608594208,0.9168552541829854,1
0.20261434980517695,1.3373500195850139,0.31431212132471736,0.6478588649691078,0.48032663409770754,0.22644211798799038,1.054975552363485,-0.14916441298600736,-0.00930104074108179,0.23890617754322047,1
1.2344226359447656,0.5300928473585456,0.962472829131338,0.5430465886195927,0.13059000187572245,0.11918947870595853,0.511533287046482,0.9746104203154086,0.6604783272320186,0.8974239755447578,3
0.08992485799375857,0.6738412462872263,0.9455615976372704,0.6061710597838563,0.718892554237416,0.6366742934850402,0.4292047360092957,0.45147434210071974,0.33196420845024316,0.4900348391479251,1
0.650728900216887,0.47705038930578836,0.40926196458811476,0.37857951762199404,1.101138406459868,1.0375995426836255,0.2761679902380256,0.17192580839164445,0.2857314681169738,0.39177176708235795,3
0.05431410688288401,0.7770410058218603,0.8466957845397436,0.2166731378268465,0.9840689525283415,0.5342563607813771,0.6848925044034926,0.46332420865045226,0.7126241433448679,0.5088364234830386,2
0.9982222433563059,0.7565396778707393,0.7056078719345635,0.20697291270340618,0.3676368500441162,0.4683521121393059,0.39451149168894695,0.9090728950472217,0.6337219226214952,0.8103388025440473,3
0.44349635083007594,0.4760994499718401,0.20430033721294216,0.5049132343411054,0.445672179745438,0.6119827515557943,0.9337452387866154,0.8702677358826802,0.3791361456038336,0.21126162681967178,3
0.6471138028908174,0.21805914153241948,0.43198545252010295,0.18042748937644343,0.34454676626582276,0.34272892432500157,0.3140844796340215,0.8960515067547103,0.20205024841552488,0.5754978283426202,2
0.977128952232388,0.47961434615748727,-0.007816091009626165,0.9573165194231967,0.031147816912505195,0.11692489266105419,0.030940301956725383,0.8405522093655305,0.7842711061621861,-0.0020364011576776905,3
0.3739232150098195,0.3957212700616803,0.4476926826835253,0.5628217184693513,0.4654336978263681,0.7180235862593248,0.5612898979442362,0.7441255008427556,0.05986115487892274,0.5575203614300037,2
0.30450375426671067,0.16974633513055004,1.0408288332638411,0.6914167501754362,-0.24717410879028645,0.4566189745132086,-0.3284734868956377,0.9101819625358383,0.8567833457963718,1.6602680636659541,1
0.40221971497896736,0.7792609813055417,0.8316878404156853,0.6638553172775203,0.6574187064014396,0.5193933341049866,0.5956016343702428,0.5679100920662142,-0.04757955847318926,0.3889086092520255,3
0.19229496897546608,0.5621583028690156,0.9386997551990227,0.11721855158452875,-0.05759670436065656,-0.22184919614384374,0.8565136823596687,0.4657564538695507,0.8442919544053001,0.22082635238357098,3
0.07539604169916578,1.0287441572436746,0.7343608467957761,0.24135678909044395,0.9744893572387401,0.3857730271200233,0.5602474769394437,0.5444022777279154,0.6581487846776517,0.7597344710541162,1
0.20394782038304188,0.04500552253295906,0.6120526879783544,0.22605896312763085,0.28618631511806353,0.838837636196685,0.18791498922546096,0.473203748525595,1.0492623192683603,0.33027326320493194,3
0.5532990777984934,0.7995733864999925,0.7770867311080909,0.9239730767774742,0.8406541504104872,0.42035378529212847,0.17243638625087715,0.9236622188876393,0.9957634965767289,0.8475401590352603,3
0.775371956308674,0.66773610492743,0.35459155453107294,0.2802436165214136,0.16800004349188713,0.3884760443512244,0.07326160025121761,-0.04289556551388726,0.5398298030513471,0.9265775774913549,1
0.35623866820036254,0.9080322491425621,0.446053955063133,0.9097802933979814,-0.10504573431637981,0.19774084013033524,0.7071647687400894,0.19887372408556486,0.15592385083650298,0.14943719963693142,1
1.0287148447010255,1.3614337478024825,0.8096782792323131,0.7134985697278942,1.0175748906039022,0.9576812839843029,0.38726790146456114,1.0899798576010202,0.9159275579901549,0.22582272436725837,3
0.41382459519235876,0.39031038983760824,0.18633886431645139,0.5024334004037546,0.40731413345282164,0.10952520763604924,0.0038954253722440074,0.7716577939447411,0.16172871924479668,0.7026286343551786,2
0.3308274898542755,0.3967139162285909,0.4772711207480051,0.31896427684790785,0.5724218108425853,0.7290638726105027,0.7684560348752407,0.18847037773573097,0.45201512354500795,0.5440533012921518,2
0.08991096996189166,0.872646650346915,0.5866177230325534,0.3532388457586734,0.9484678385755232,0.3958830955456634,0.6667572159904616,0.7003013037497177,0.5979589505938525,0.7789565247183291,1
0.4395347201258572,0.15225111414273712,0.20527552505529095,0.21598024874843175,0.3589604351867889,0.8198914091553182,0.925568979131488,0.3236408712359799,0.48287421482109183,-0.005260544648196641,3
0.33180333764847936,0.7829654101728268,0.5346487036489693,0.8739912109180457,-0.05739065690856869,0.24073456083316697,0.7269991347281648,0.49015550172044253,-0.10347016026981781,0.386858460748133,1
0.8923351033978913,0.30275789166687656,0.32611396966007744,0.6696407996202298,-0.25414841896745277,0.18757890158834548,0.3418721452440951,0.6632366031700885,0.25336304515163804,0.5187350919305354,3
0.5049324749545344,0.24211352210974466,0.659841435407641,0.7511176749941042,0.582593967725764,1.0973108897278006,0.6858205890994282,0.39979932146506114,0.22982487166164522,0.6093793201209927,2
0.17827662285800305,0.8162836542587558,1.0051987252688712,0.6761561357230357,-0.1648600613372898,0.6641607879826995,0.6062520299380325,1.031189973885057,1.0020295917820314,0.20306848137896782,1
0.9831171610345418,0.6032978286953452,-0.013874460544855055,1.116451000409989,-0.002954448386689082,0.13736305990786613,0.03097385306471368,0.9999960148865333,0.8969933065453761,0.08073882734818241,3
0.34921922360449603,0.28847401904071235,0.2130900056963212,0.07701108158804418,0.7589919067973203,0.9459063626375385,0.8294501357867181,0.040697741475331575,0.7986886557648494,0.4574764366826964,3
0.5183544904881481,0.24722408318589958,0.27178724259282816,0.5963520199402144,0.3980573818391328,-0.033419802406568916,0.011503293842536393,0.8182029196500947,0.08840240723052019,0.5242885261073653,2
0.790384874409329,0.4708119931638525,0.7385174984767408,0.5158984846218971,0.6222732415855255,0.08716477822765853,0.6801357205828311,0.4357280886137305,0.08389422465605487,0.059514606196123795,2
0.0854803273341555,0.9447141907297435,0.7205195053077457,0.3032736024460112,0.910189295350613,0.41157184435326627,0.5840508162005352,0.5805558044586011,0.6819726662889518,0.7057538325512233,1
0.6172358301795849,0.6857897861794136,0.17851692070286118,0.73168346064739,0.21914190255137556,0.906318519702622,0.05771866259354401,0.35275710218338974,0.04888882303088975,0.32898266394238956,0
0.368224392800592,0.8816068678748467,0.7066152902469023,0.860381414868177,0.4801072452915512,0.29188192729957385,0.8652692804402615,0.1934738723436754,0.42580362009101363,0.779130472685653,1
0.4059301064270278,0.6856203950395748,0.21145111569824568,0.35769565530449604,0.04549185267405081,0.965169520893449,0.46049959764204973,0.5011978672620291,0.1502100474435245,0.9113925557976064,1
0.8823707554505551,0.7611578429123773,0.29769485945397767,1.018350707676783,0.6345682741794961,0.5789049858392393,0.463399527146827,0.8384377885143246,0.0867126815500189,-0.040700533624613344,2
1.021812424584746,0.8716476719962771,0.48944656486212634,0.6491543717858876,0.21704069591569136,0.2427159814515784,0.25815914317364963,0.2551039837565474,0.5514103945315366,0.802455443123653,1
-0.0003644777836004365,0.7752895206893768,0.04352353381818616,0.34261608116003994,1.0076871404435646,0.5128870719410286,0.9678470701527695,-0.2048321957591545,0.9407821672187573,0.6510802971599887,3
0.41318085762850515,0.2744802534037517,0.48058397411185505,0.22196449299151744,0.5552665077218507,0.33385052486502587,0.472633723518731,0.8210403629264692,0.2250173950644723,0.4734747578378664,2
0.1646633800698044,0.3938581701656396,-0.07831275406825294,0.10077524516833355,0.4956825041184644,0.0790570645011528,0.06237090250051998,0.36493237989332233,0.9144779251948989,0.18243118387489268,2
0.8589477747350697,0.7830920217771493,0.8994109262083052,0.03698060092028595,0.14694447374666128,0.10722573804723487,0.17603823078190706,0.864564958325156,0.7529663027322164,0.7466137275138482,1
0.13637074758390255,0.968031879563945,1.024394780454106,0.511072333818407,0.36643419136181893,0.25960375260915475,0.7659705164125638,0.8336341782067254,0.45219273555013895,0.8522008878705605,1
0.05829877422127524,0.7698912295331135,0.8417869396728379,0.21714825639847873,0.9828751596385604,0.5341781216380941,0.6832327230953383,0.46191337699147855,0.7205805439964812,0.5031049382774613,2
0.6331786368938729,0.9327860557897987,0.3340592091071427,0.5474399385632261,0.9467329146564629,0.48966568068880933,0.9411011371398512,0.1420748296624524,0.883041975558144,0.8287347260562385,1
0.3123181022009338,0.09481866436734561,0.5446496272465016,0.042451165411768216,0.20757942158322412,0.704119836645509,0.2734101409044039,0.21221933138307164,0.921397140210162,0.3079132194271305,3
0.4115735770661887,0.42615557751823496,0.09466290106610072,0.526099705251552,0.3433306596284801,0.10648022690415065,0.07744910674029132,0.778875018987639,0.08834507028483547,0.6258288729327736,2
0.48997727464413765,0.05079744673402138,0.7600797737487943,0.27119407166083054,0.5258859960256828,0.31367056189172726,0.10713787406419761,0.6366365342709404,0.35916785057335404,0.7131174962203839,2
0.8020156115935313,0.7746469040917603,0.6824595991565378,0.24633180496976906,0.9485360375276687,1.030843045657815,0.13972521567974922,0.45075147961236434,0.7157804705542704,0.5151721062190249,2
1.038896062510612,0.5128282989934597,0.6712264717282957,0.3854557337472468,0.3622530528304925,0.38994571396598515,-0.05424410275491928,0.24678939100660557,0.08438880611555122,0.12950357662062606,3
0.7443084719447137,0.4435952281263976,0.06547602321220199,0.9550545742069521,0.1350007741729496,0.6858191290312414,0.11692043941128621,0.0920222751005857,-0.15783287337418192,0.43033826786645235,0
0.4370460406191469,0.5093983630236113,0.1736443569626351,0.6107429285858618,0.5434516215344753,0.6868845220860367,1.0078545308849642,0.8818677971909374,0.45272590741868224,0.24552090122775855,3
0.056202948898630076,0.7738756522149866,0.8465754754906711,0.21878194378579496,0.987250761227331,0.5310595936786346,0.6853446092889565,0.4618161739273072,0.716238984993196,0.5073043568397964,2
0.4138711232972193,0.5770035909075326,0.39830058088634596,0.15359557338952853,0.03900003098149891,0.6464930614168074,0.03069026053373581,0.6482012331403253,0.9371915276867869,0.1720885858853406,3
0.7437058613970511,0.40782613999272915,0.171104566290878,1.196032357332511,0.06536848563107733,0.04599448890884407,-0.24910977359256908,0.9435114434121549,1.0857253852135722,0.3239883603714551,3
0.14085470547811318,0.12759708833204617,0.8730289075700765,-0.1720887033024393,0.059424677824711836,0.9523971340155672,0.348460979299618,0.4601963975016147,1.1046924246623855,0.2821121119264369,3
-0.3414183466738774,-0.07519767933371913,0.14416019862711077,1.3291670168018705,0.5058501668916886,0.6922440685036475,0.45951101157933877,-0.20429061591516018,0.403460944212324,0.7709368385892109,3
0.5577775730638237,-0.0931290632069896,0.4056721491419327,-0.0800448254111642,0.249870398214828,0.7641366158547374,0.6875673210924403,1.0102150147717237,0.19048835835641137,0.866022410681757,2
-0.018691346968618613,0.5632377742313912,0.7770127257194802,0.5322361973515545,0.7751655581912693,0.8283494079463458,0.18999817646975498,0.4843550713307303,0.2701843779745206,0.4114730060837428,1
0.5801731436427577,0.36014634772495435,0.5214142667326737,0.15456442999732162,0.47248463649527606,0.8369823420145904,0.865648318673869,0.4679004852393607,0.4734382027769422,0.2809784713927788,3
0.2213348845375862,0.44202468004656215,0.9914381935847142,0.6000780586890474,0.8993793138829058,0.47066650794088555,0.6704039274594775,0.6018643067716671,0.5245562822467018,0.5385292879850363,1
0.9116333169508671,0.24339951129047313,0.1652991008649291,-0.1703201449297681,-0.6122930636185141,-0.28006233853493456,-0.3341469318553252,0.37751300871304644,1.3105884916944945,1.7745621279085868,3
0.45501042300101346,0.9022629862052842,0.9489583512463042,0.7087630512466055,0.615850486839865,0.1836646103640937,1.137678275850984,-0.02525241187524721,0.3175722775968561,0.7949986995227758,1
0.6132157058420896,0.9344055339902815,0.9392758129460858,0.41664253405434565,-0.13025499580490618,0.604508904986206,0.9080200675259429,0.538109737857426,0.6353555954863929,-0.13467549613769045,0
0.1655808471168797,0.0680151542112481,0.3795365732098751,0.7067179724887888,0.09570743467830857,0.4085770899343085,0.5317108976809979,0.8586681511907559,0.42829291356846744,0.47938263487321625,0
0.5075777562711941,0.9401683177673488,0.6950038558333418,0.21398368930255537,0.6040509698944827,0.2748317954761251,1.4431254557085311,-0.07532777844148769,1.2808746324586648,-0.11412852391288336,3
0.8853009472185109,0.8208552091122322,0.8540689184739098,0.6683620482491093,0.5940579326523827,0.31080841656359237,-0.06381714743542061,0.1940660325826426,0.3221746848186294,0.7897143961780131,1
0.12830367666514658,0.9812096681278389,1.0005029873581444,1.0423351810067272,0.3853459717922789,0.794907062629455,0.1330346960031059,1.1994375749672688,0.7947997225008505,0.33319986941893875,3
0.58880721036889,0.3823215840092395,0.25745101151189814,0.5641073307231558,0.3459880399283288,0.7053667138544512,0.9759008240469401,0.7097653173651433,0.33293189514263066,0.048777411353611605,3
0.05647998479942739,0.9608101729749611,0.6911189758015798,0.30012360030292207,0.9431780119961475,0.39056800622581633,0.5977531925891401,0.5806299390737955,0.6819794087391319,0.7221287133173578,1
0.10288914579619178,0.17318003787293404,0.16522988712160075,0.1898720646107726,0.25216428080526915,0.8781621136095666,0.2856613791634637,0.3579897791464365,0.5836715299175275,0.5288480751783531,1
0.47922825764156735,0.3812810515237737,0.3680919384961868,0.21272396338699073,0.3490147937255651,0.23664921543434048,0.27404550635430563,0.6772667094212415,0.3121581402750848,0.5140529252584438,2
-0.07468621158282726,0.8849084374300842,0.719063922988736,0.2520140897492351,0.8125812112121545,0.3813433377017829,0.7308074803529541,0.6900545596874437,0.6708314969334912,0.7433089277440383,1
0.26234485118651746,0.40869329746039784,0.5515211966479152,0.2171772604916624,0.7362053753944042,0.9017904834349851,0.854182092829397,0.1097321023947507,0.419997603118887,0.6865826921147323,3
0.1564491002371487,0.9552695136919672,0.5676099330974301,0.9279032892294772,0.5552373732049176,0.292872554925206,1.0117279852703078,0.17635063389335515,0.3507762622856508,0.8889882084194343,1
0.25371094304645614,0.9338833857275639,0.5598330483820266,0.8432699297962778,0.02035688870457118,0.3009142350843174,0.6302234518139473,0.36991381803417694,0.26826071432014853,0.10147357949224298,1
0.16608153255806057,0.39189978092035616,-0.22132741321311833,0.6347248484932111,-0.14623522330319055,0.7485717531401909,0.44210813721209186,0.7902306316945782,0.3444391237152402,-0.006874414473419244,0
0.7118309914787457,0.7459034773551506,0.7112926936071154,0.2425224924988234,0.8112030712520668,0.9280474312291602,0.1613016966946159,0.34843238883305816,0.6103395711601034,0.5239904425127748,2
0.16258296464461075,0.6090873523949424,0.9810022008770976,0.10827514639772683,0.332234111067368,0.017724086125919657,0.9679173438848858,0.17278624965013736,0.9116885664583763,0.2656891446917399,3
0.7054455639808618,0.5256369017035526,0.5361487687956656,0.5636064760146469,0.12573147605364668,0.35925190853094335,0.18509317923821922,0.4868467018683262,0.30676985322767747,0.4470294888487826,3
0.4268574776748595,0.5821483962116434,0.39169906116150255,0.14424468767213863,0.05555507405186309,0.635237650035218,0.044728760532196106,0.613548843023297,0.9270397869634087,0.1639995572627186,3
0.9751814682246452,0.4591626032632312,-0.040655812034911996,1.028817441351043,0.11290527797922473,0.18401586322974484,0.01498528359792691,0.9498862438064934,0.8196145540677635,0.10258932984277029,3
0.22088484178778447,0.10704596840850514,0.6843974377448432,0.43133578997292826,0.974978326599075,-0.025095217128687716,0.9177657897319502,0.49925519890768966,0.38518455295237786,0.9895276467966173,1
0.05545682079550398,0.9461086793757602,0.8521538064217759,0.8150550564524396,0.18097649871488986,0.24221896385010383,0.9634892667638727,0.5223712694887538,0.6629401973262934,0.04445346334116902,0
0.7218631659908936,0.1309797656336969,0.32839860684863514,-0.3711323904291398,1.1566471780992247,0.7744481754734983,0.7090816511715244,0.17337595709155043,0.8905141757207875,-0.07718364493846835,3
1.0173233719284382,0.27184079893620977,0.28667055287252313,0.7202892895061044,0.7799258367317325,0.39976510342851646,0.5398742478515391,1.1949116455042441,0.08412523323929183,0.14262184484101278,2
1.120446082499967,0.07554975021500225,0.07936010588443272,0.7060914108832432,1.152857406355154,0.336165681918393,0.41144973551343156,0.6223544178284796,0.5473887379957765,0.5967348255402993,1
1.08957170006639,0.6958582848223466,0.7788362742396434,0.003908193511123398,0.29099791440443756,0.46829264957068234,0.48348200570478783,0.7224814342723545,0.8121920538346531,1.034965796310528,3
0.07269550404937027,0.6877397448912019,0.9621885453364787,0.6203538170918758,0.693905742681627,0.6284500168443289,0.4353819446811454,0.4482038184855234,0.34843207212632077,0.5043361553035162,1
0.018607800989178053,0.35256189329133036,-0.07187172618109942,-0.005260598600491051,0.5260318715338963,0.11362429376605092,0.2962216100594184,0.48926688821592323,1.0497983748490296,0.3245182191347402,2
0.29525770300300097,0.9202708077111207,0.6933116671811987,0.43390823912568754,0.7476087848327341,0.6652164491820924,0.5982047206987618,0.5257770744146043,0.15901897941751356,0.35571909590970985,3
0.43251760257343075,0.6231701681545332,1.0749926270579127,0.30503052115444174,0.04917187610902474,-0.1037910529232535,1.0831055411646529,0.4706818467118573,1.1521304945357924,0.49132658199937657,3
0.3285666581268406,0.35176056858816374,0.7332524948600007,0.8866325315375289,0.13550661878211034,-0.28365837901592716,0.7696192204189422,-0.2829664784868298,0.24917020680049418,0.44277353870284625,1
0.6444315228555239,-0.12286745886412292,0.21185898922916097,0.3574375737559005,0.3704531818937257,0.5969340441169428,0.7062436148240503,0.49753870222182767,0.34946546459779726,0.06935894224557296,3
0.2613763313061602,0.2909338379047859,0.6986222130935333,0.33878430150460737,0.45419948844910807,0.6660679038605002,0.6187429688065905,-0.13936308934102531,0.19618578304293421,0.7001774267131903,3
0.48669770438362525,0.24216262360917376,0.2723447713529636,0.14855970468197374,0.3787301658531453,0.8999683563150066,0.9629835720624208,0.235783677928114,0.4226616869431946,0.0649244778598482,3
1.166436670258751,0.8415152654465214,0.07976552508758084,0.6619705198746961,0.1368950946058406,0.2402587479680239,0.8109830705194288,1.162817009652528,1.563189704615833,-0.06898762564216376,1
0.06426373022817651,0.1629255474425536,0.37037748187137126,0.7397475852996469,0.038351757728297194,0.3658002350944535,0.5029852494749514,0.8249659946218381,0.3649325486268963,0.36866744093897963,0
0.41801046299825384,0.37555819941898755,0.16492047006561503,0.5135541152965627,0.2673656249733968,-0.0238979142688812,0.04668372997064116,0.6616274893657449,0.24629276968608577,0.651886213693939,2
0.2716085593104099,0.463652987392882,1.0007435504460522,0.15149195402334256,0.24676722727339043,0.07130963310589365,0.849126665045171,0.12924971937848526,0.9433565857986819,0.14929906113415803,3
0.06157671281367175,0.7711870350250106,0.8418936559623326,0.2179348395288321,0.9902953623745914,0.5349071902062531,0.6878131444476857,0.4566734681633119,0.722516713678092,0.5091317728645768,2
0.25868111567327756,0.7861520679343338,0.6535558664082024,0.7894697646053459,0.4683475965427472,0.296659127196838,0.819980898012886,0.12049113776116369,0.42423660596687934,0.6644331605732203,1
0.055827200832951784,0.7743620734588249,0.8467816214447982,0.21842354932668365,0.9868174597897355,0.5309358513997873,0.6860133917518175,0.4614051408645497,0.7161358380894778,0.5078539648129143,2
0.3537023004016581,0.5172187411739751,0.380059560159014,0.4842191585552358,0.4227002844606323,0.9830274218566268,0.025889680736907214,0.4125594541279282,0.3466614050492147,0.07666805880686337,0
0.28681331845615043,0.6977183818215228,0.9783137096671044,0.8840628230068976,0.6407525150058766,0.3730696783013027,0.3175888694883028,0.6816131516485071,1.1110864792180415,1.2779015260091586,3
0.05147127408481181,0.7767486179288725,0.843107761854734,0.2256016377453671,0.9890348625038624,0.5235260919532171,0.680136114610314,0.45929076519841844,0.713027715579296,0.5052703127342734,2
0.9712432517335963,0.7954894453306196,0.5167319560083701,0.39021000447316,0.28264095012398843,0.2796771882197005,0.3516831403310773,0.24226926330069726,0.34350727051780167,0.914304257175197,1
0.00616942356997871,0.138648866108306,0.5771748269920187,-0.2517444434720865,0.7491316902896371,1.144195669554935,0.3893718973559863,0.39620798750209435,0.6742487260327219,0.29434596469624497,3
0.42951050297171467,0.5373193321687949,0.21396124070637695,0.6005461085127418,0.48996903374964595,0.6531939919390409,0.9739341378676287,0.8525568471424291,0.40678311701380215,0.1881725696887352,3
0.4815160293816796,0.2395378802171076,0.27114067721062546,0.1333420419559346,0.3402189260566986,0.8425273858402156,0.958179555716869,0.23870139905897764,0.4412413314402414,0.04318421817091879,3
0.8472286406816686,0.4869790542723365,0.7368289981371033,0.5427926137813691,0.5509930831432062,0.10498846638196019,0.71250036108096,0.4491372164336046,0.06570383882356491,0.0340365715774237,2
1.0893360733063888,1.1718028570903054,1.0076634438819079,0.5807760822491571,-0.030572016641220334,0.6192552053276896,0.8149597669516812,0.9619591928369217,0.8241371652827172,0.8694215042869096,1
1.0465403886701152,-0.04847966395321579,0.04682609678049357,0.5773208973980819,0.8420410403720184,0.045519184946133745,0.5862748136088561,0.7791020137787736,0.7626404789226477,0.8326175624126262,1
0.8174456825364624,0.383649538021449,0.7494182580375707,0.5422478459775352,0.6664398251227728,0.9836627953955854,0.8012613569560298,0.3848085053724923,0.1885572350177639,0.6560321356820751,2
-0.20965388503451693,-0.13133274141188267,0.5141043690120279,0.48014699697748847,0.432383947292325,0.6331674724421799,0.23790817707346273,0.37956612705719783,0.833220228738025,0.1450514758797587,1
0.42851339819504175,0.4005607184904592,0.09616430151836339,0.5457975605629913,0.31289934644364914,0.11707973465088611,0.06105439683824725,0.7874253363858179,0.06132041840246628,0.6013291458946015,2
0.32216580997343086,0.8680234301453429,0.46469470928840173,1.0479862092538434,0.4375906000276251,0.28743391914562705,1.2256176664918446,0.4046910228799641,0.4021857412663203,-0.2040498464365872,0
0.99327395199514,0.5185636143620103,-0.0013940441451595065,1.0251020167275344,0.16869768948803104,0.11865271959542761,0.1482298126019653,0.997991023080257,0.8413844426786576,0.11642488682863293,3
0.8884629825294543,0.7608041669690463,0.5010824987912946,0.5000699216934767,0.21458815187956984,0.25654923036488947,0.31003649027271263,0.10209613646917391,0.3647588545603025,0.7922265937529579,1
1.008777177995851,0.8013973348511436,0.8090698843673076,0.07342653670332827,0.11500438286747675,0.05317047497256632,0.3891175520540583,0.44673816043638886,0.9803830640829359,1.2634672632001978,1
0.8227129184664173,0.6177097931007539,0.04737463656529347,0.8575699541352557,-0.06449412265678485,0.2131131250869368,0.18098355590653023,0.9302825202911796,0.7116613548456172,0.0886266375265301,3
-0.12153050572275373,0.9868235436816998,0.042601634204810036,0.20001477359777414,0.5779800120889479,0.8304428929055425,0.40690400819065453,-0.04430701156077943,0.00735307507439667,0.6340010936910748,0
0.4355389707384368,0.5759577006431441,0.43525253147071186,0.15399195038831734,0.06040111699824885,0.6672884009065498,0.019726781078493717,0.5842119502047064,0.8783196678035179,0.09710243120196392,3
0.4153534831225508,0.5642251466968585,0.4064686980641983,0.1357527590601444,0.04971215961421338,0.6833691403072035,0.006201390134268962,0.6673407333364798,0.93421768315314,0.19497485191022007,3
0.34745093621965184,0.3551355256801937,0.18282496037479595,0.13049404262453657,0.8448559942964158,0.7344881319373718,0.6796300526216115,0.10673118519197777,0.5856478435096867,0.385491227470761,3
0.4167949106338508,0.4881473821255269,0.19137141587676115,0.757615489852803,0.1783930269238866,0.06131515938480845,0.23736262634861544,0.9105419442864793,-0.04921651272483904,0.7060664738397492,2
0.0938327553553655,0.12936561941232266,0.13406596058031486,0.1595893093922864,0.38443262587510824,0.9221896865296049,0.3346381184081241,0.35183668346892366,0.6915661674534354,0.5318834837030705,1
0.2147580883601142,0.8831436278692999,0.8035869197342564,0.7488071586424666,0.671429423292511,0.10647562667989749,0.9179014540422751,1.0160023572793442,0.5625060822832806,-0.05456437783957008,2
0.269481086901103,0.5134342859724261,1.3600364746448355,0.16020074643590654,0.043935286713389005,-0.31649461910206717,1.227996176865084,0.19840382091083417,0.5219314176609127,0.7254731232268001,3
1.1926365530065743,0.9210106816808713,0.8710279404695863,0.2742541554866307,-0.37685216809348554,0.4642206486048843,0.48357234807711713,0.6537336917025669,0.8471007531591235,1.1132562431887165,1
0.4645826285873448,0.41076536772006866,0.04878556919324568,0.5601696695639194,0.3830554972059783,0.16951449259925205,0.0985625951664373,0.848364540287748,0.1367675954793648,0.626269248570983,2
0.29241837039166907,0.8969390599629015,0.6522227083395781,0.5051710253406283,0.7276247667656357,0.6030207850879385,0.6078763238251425,0.5356723283746962,0.20826759017974822,0.3740040608765469,3
0.8963562426024748,0.010032112371212487,0.028941320004338533,0.5840060031946734,0.9793133903229807,0.267825938073715,0.6090424930665828,0.825109555615144,0.585582381570011,0.6323576688681289,1
0.8716803921927312,0.7602144378542433,0.5426589269554555,0.4394446733220465,0.2540457739190427,0.19890795737968017,0.2686767972888581,0.07175889407997467,0.30028553888524206,0.8970013153517727,1
0.43953589701083995,0.28538232027809873,0.6729215013868896,0.4432541234422353,0.7653647397446955,0.9689012192003957,0.9935887583021248,0.25040779501911403,0.26177794883242833,0.792125939939812,3
0.14484284568459105,0.5875444464363971,1.0408226487170815,0.14573818414622192,0.27880159083797706,-0.1256187638191343,1.026375709229395,0.10442591330401338,0.944914664197499,0.4913672471866153,3
0.2364777688508215,1.0836970222590037,0.8921274771191956,0.46739189745233156,0.7662613422794919,0.11328376642404028,0.6831458603420486,1.02502487886625,0.4886609737636916,0.2661379659602874,2
0.890132892689228,0.5267314737019005,0.04684850408356096,1.0482756992473374,0.09979052264945007,0.16050985359310707,0.00638532245736455,0.8755653085639283,0.811588314107958,0.08405792679842558,3
0.4380767421414858,0.41594372595665136,0.07942534569474204,0.5773943330812004,0.35399211610719106,0.1104813478216335,0.03243471367941877,0.8174264140054399,0.112578719193314,0.5841421543528273,2
1.0247417787113384,0.3506677368469278,0.681179617780129,-0.1450976523362932,0.07105513507845872,0.04249226432951646,0.5343765804700336,1.0036196271087305,0.9318628468233606,0.657118735309421,1
0.9356766485664435,0.4567995266365559,0.03163882555581355,0.9969894041730233,-0.025975556663628427,0.07052368710175262,-0.0579494000782696,0.958176195614254,0.8092292910090069,-0.008497212417670888,3
0.05865208571278664,0.7666108723378589,0.8538569473835398,0.22263894555464198,0.9867077640113882,0.5381989199348977,0.6829478103223237,0.4675866652854651,0.7229737227332725,0.5100604907588366,2
0.5855207722218462,0.15168491923518,0.20066251223914774,0.08132001059669733,0.18508535812378069,0.8055915979648942,0.937581560131228,0.3537297692832377,0.5666656304368151,0.18998966317538732,3
0.5049357743360108,0.9407282591232213,0.38396916370594814,1.125549723831273,0.0012079538093392513,0.6426069217710778,0.6115855587929911,0.6442239037148746,0.4514749544312788,0.34812105796389803,1
0.221255630308581,0.46293230614178255,1.004050806409025,0.21921898662192327,0.1851423898975408,0.04401604038013402,0.9690133299078354,0.2189149301106045,0.9641648733241995,0.23919587385976596,3
0.10885443864650017,0.47996999801410484,0.7996670473937482,0.23735609199730223,0.4239597904183674,0.2621845418835952,1.0065975870040604,0.40280359647345626,0.7238240051226605,0.46953817873916237,3
0.6226884008798916,0.8702146436531413,0.8092499590442619,0.9716642264564282,0.9393197735258082,0.46472617944175953,0.19205396325690077,1.0742229235490997,0.8607308104440152,0.7793966560309343,3
0.9079050509027962,0.7355578525378069,0.5230990163158049,0.4690462664090143,0.27145902939314087,0.2636117873570983,0.2322201080397089,0.12949879471862982,0.37996399604363823,0.8656410835485182,1
-0.1290655644802438,0.1270561862298894,-0.09105927628739258,0.282980956510419,0.1578012217222422,1.0895159281507405,0.34201186002243456,0.5389615821988816,0.6491445894083686,0.5741969831677239,1
0.32955684175981487,0.09282077870850637,0.21623144687792786,0.07963054475058237,0.41187432558114545,0.8585267242500411,0.860330072604824,0.16061855046546936,0.36303033248162275,-0.03264310415070379,3
0.8688839259620742,0.7700033330139463,0.5379489610025322,0.48561006222513137,0.27882938767822324,0.27546036894365344,0.2680174250680939,0.1541183842827563,0.4040336638879177,0.8398165585149763,1
0.05352495068061611,0.7751796789434823,0.8442657080759777,0.22051157117926018,0.9875002472086615,0.5304896976680948,0.6873349256020467,0.4623593475472245,0.7177656103613128,0.5060253723194368,2
0.3157820004928508,0.8109290802275735,0.4108982640462172,0.7644002876527558,0.0520793180691701,0.24060854672666507,0.6020598253419787,0.24983214905940204,0.22551746952572094,0.2567170113167157,1
0.8370227891180897,0.799849784673506,0.5506446896460263,0.4664798681673604,0.31978131451128256,0.1901994524119919,0.20833323630629974,0.14347541058754537,0.32905568067216917,0.8701556513418846,1
1.036157983003582,0.573153959251157,0.061232167215963806,0.7935525460356522,0.7403031909968772,0.5345778915653052,0.4878224628767847,1.0131593169807465,-0.0322373624627709,-0.015139425611656383,2
0.9133980747742849,0.7147975773084103,0.781304492045783,0.1343122429008941,0.5153455451298825,0.5807551648291551,0.40768109280090725,0.9570322709573903,0.5863487341433679,0.84042574491229,3
-0.07317342591833198,0.3863152119363603,0.46898571645633746,0.8736227985234577,1.0679854746786321,0.859664377500182,0.5897821596688819,1.292851181310788,0.932632390817379,1.1213778203197018,2
0.054113969883258645,0.9565013777698295,0.688159052391562,0.30261290306798133,0.9391606211910052,0.3854294533265076,0.6010733412465215,0.5853029809090738,0.6790239140277525,0.7180547730261005,1
0.9479646195442618,0.1898198614934946,0.9640282290002573,0.48213763597507936,0.9713228137356618,0.15633115601376257,0.7256586014992575,0.458223480125657,0.21124857638127514,0.08548051063775876,2
0.412802840898845,0.23172798515296142,0.2795793109654222,0.14278379020184023,0.3810131022662848,0.8609732217641908,0.9780464838204043,0.21136369549605155,0.44728872609328824,0.04106888427924324,3
0.19648248850759523,0.4219462371075441,0.9727262104327701,0.20807131061730968,0.21714591629560087,0.0059340987533255465,0.9755899974883435,0.26810530218555795,1.017516984210797,0.2650803761406292,3
0.8964248581671159,0.5342387919311868,0.24956009542675603,0.8420526732189948,0.7222413600140771,0.7819937245592918,0.36791340316239884,0.998144612568696,0.0913079970479794,0.1257002700305713,2
0.38089614297237495,0.5161758848658715,0.42417293194986033,0.09222668009497548,0.09141673605034163,0.6552158930994484,0.04340119218672804,0.6723078540648388,0.9542040249424072,0.1231216301326408,3
0.3386790684059067,0.3499934862217202,0.09203993420137599,0.6333948762426087,0.41115054065156065,0.01662507404491924,0.12861464652179244,0.8974229767883577,0.130391058546375,0.5691929576174423,2
0.05730223962011749,0.767468523181905,0.8438182461746963,0.21585188042811473,0.9818403482781042,0.5250804996645942,0.6848537565516505,0.4552847273802174,0.7150987462074885,0.5132277022675763,2
0.28855202743257813,0.283317396559279,0.15689921309917765,-0.11472427603240731,1.0427431647186967,0.19481454442547402,-0.23254975420239943,0.5926531643736213,0.6668718350420884,0.16057205104586264,2
0.05827476403783171,0.7765993148493131,0.8452706561022206,0.22122163980008122,0.9876579733682924,0.5330547357500395,0.6864100242646536,0.46183633851768685,0.7163693773157237,0.5066871427743729,2
0.6782206853805217,0.49865954682772534,0.5445398210549951,0.7801785490734132,0.517718595385727,0.9250834515925381,0.6646333291336447,0.2526566469280491,0.16506091350675095,0.5195022619666635,2
0.7142794882590007,0.583789674682755,0.31435024805603196,0.5644587246235376,0.40851959770991964,0.7159733327018376,-0.15298875147663726,0.16224770026388266,-0.0017085893342373842,0.07697772525462548,0
-0.11027998330897315,0.35329738934275534,0.2622595887158645,0.4167619481677935,0.5540811994588472,0.5628848446730518,-0.09421813985822097,1.0159134061298425,0.849060230265274,0.6197455648861605,3
0.5492818174317444,0.9282053591561475,-0.008753214810868437,0.8630213279161805,-0.27659523818142884,0.9557827490551833,0.12967103977501615,0.9164081579951678,0.15574522900414528,0.7710249947568987,0
0.11612847383806786,0.6469176461279283,0.9779162625035523,0.6002709109743342,0.7158006279460554,0.6463104436807514,0.4008551482997351,0.4895111289169828,0.31135187870722675,0.4807078488703031,1
0.4112637737379701,0.4208441321533668,0.12512315525841983,0.5141405715771096,0.3111800333200853,0.092281758264518,0.0675671690324116,0.796500784592627,0.08537826242819714,0.6216790391803435,2
0.36862556028154714,0.43691562782853405,0.16981833591211726,0.5897298370213696,0.27387917519849553,0.21177399628648869,0.06918223833742088,0.9019732286394897,0.06933711360276619,0.5315976553611249,2
0.32227501419387516,1.223961664693503,0.5333461005460354,0.3202658650464055,-0.09634831146659639,0.37355916483292484,0.7710560721320101,1.067141767536772,-0.20574581691477944,0.1140303475979661,3
0.43520700327188167,0.9146858553412874,0.49819405819877455,0.7233458206045564,-0.04504917744358307,0.32679552817950713,0.6233868920906289,0.25594777096787835,0.2132190999407263,0.15049945660891612,1
0.3283210280979798,0.41618512283835574,0.4674806777063396,0.2774958756105425,0.5791995280134452,0.6931728581567762,0.8246474653435439,0.2346835155091622,0.41905364642096293,0.4942055507347309,2
0.34809721045594183,0.9107762405716773,0.7314349779553238,0.6437806379642409,0.5615531864475904,0.34073015667855955,0.7459694418771604,-0.02844884840241954,0.2836670343104649,0.7989205064179249,1
0.30437339566679755,0.23792193074388562,0.4664975999946126,0.39563061002401234,0.2686115310254149,0.4030844477536362,0.6356331752744719,0.9025222105303872,0.47282716462854457,0.3297807758498737,2
0.07824032587881938,0.645382015858143,0.986964946394725,0.628007795030229,0.7073674386236811,0.5848023490547845,0.3581395601554048,0.46113177282226164,0.3783216385339914,0.41535550659493864,1
0.08324257370900473,1.0059136291069395,0.09201551132342468,0.27640193759141873,0.730237945369193,0.8990199564985548,0.5934252965890254,0.1121935424105955,0.2421177209805702,0.8449068238616629,0
0.4143176794298364,0.5580368652707259,0.3843616053923753,0.14854848020229658,0.03748395187563729,0.6435238609320494,0.01599947753707155,0.6264308575256224,0.9255586347053908,0.15624058491359552,3
0.2429036109723317,1.351320780473459,-0.07838062820324504,1.0672180694555957,1.4039987351629424,0.9576745023497033,1.0119489615429302,0.6263222943921405,-0.3921295754663309,0.1312198454514953,2
0.8298239158549354,0.41211683144157396,0.7041367801694505,0.5542714569831486,0.7903291858444829,0.029685904284456242,0.6216323718023008,0.4854578812205953,0.1810858796630812,0.24814489017151314,2
0.4786812491058601,1.1499699603516849,0.4792961748469819,1.0894468607317447,1.1622234314919366,0.40436704278384916,-0.1313483025348341,0.6745750030310917,1.2407143450536482,0.6383857508297865,3
0.5014830635964141,0.14064365513174235,0.23782288996286371,0.10578836632129036,0.45064602248074087,0.920221065896438,0.9012428436727121,0.320926835417549,0.5013723617606547,-0.06055757091050004,3
0.29106359373613033,1.830917959746702,0.10476685522737517,0.4480981375902938,1.3374120634906363,-0.2599379659493868,0.6892314423573982,0.26211749301610376,0.482117938722472,0.5888336220395963,1
0.24858704615598262,0.9643488887074665,0.6643456656776406,0.45259136306995273,0.7875405984899498,0.6152372727110482,0.6031463954124544,0.4833216150754689,0.1959344007163397,0.34505536099233064,3
0.6079534492783576,0.6587043456850727,0.13426755514330593,0.7448060007338442,0.1982756049001484,0.8638221393136346,0.10632768276258939,0.33902058695714593,0.0796841930132497,0.283566500666281,0
0.4819294046720807,0.7706260123436652,0.15592837830536252,0.3931506151058692,0.07092001291268543,0.9024952835681421,0.5314691517143705,0.44279185018994427,0.1648587664703868,0.9427052342762207,1
0.8180650504197103,0.9155022234261491,0.43997140557176295,0.14645626403414022,0.6000490204760343,1.0915883675896734,-0.0711095187881341,0.39915328133147643,0.964602316827563,0.5611403779455458,2
0.05157607096660487,0.7743705426745764,0.848320032299333,0.2226235256306418,0.9831221668393884,0.5314630165437213,0.6856698735022082,0.45760488321744347,0.7119979264294497,0.507398113726364,2
-0.021003435755710467,0.7198509837116664,0.8593999877412652,0.6429677605506265,0.7880338881643939,0.6530982833318109,0.5338431335480627,0.38083174171525946,0.24942579442470986,0.49344261638905323,1
0.612825727113583,0.514918529278339,0.8228656858191075,0.061646622256470156,0.011284061927991557,0.04918985999919832,0.35660629872753347,0.8255029454151953,1.03220101679985,0.8695547390039349,1
0.14258677789306715,0.634555015798722,0.8258434587829075,0.6193345952224891,0.6057580190004128,0.531177667338858,0.33619414221947685,0.3882665802670645,0.4073282225020409,0.6021149867707724,1
0.38280211796744806,0.884770168398025,0.64377731754907,0.9141661136280084,0.8025012764715994,0.5053009292836774,0.0853637319659135,1.0814161861756382,0.856543394456943,0.7225579580993275,3
1.0187107344720114,0.6917445974459353,0.2224549259623446,0.9711992264842424,0.575543363806917,0.6490089504239814,0.4361413463736901,0.9752660518853921,-0.029692716095715797,0.11010646625977952,2
-0.054082450519430086,0.42887863035845586,1.199939934924552,1.041454513823597,1.2637353857060525,0.7122667090778675,-0.24551912086831795,0.47853635092431096,0.27084527858642543,0.4738183649505574,1
0.3007125145033468,0.33594729061547335,-0.09299462682445092,0.4625703879374284,0.6162768287278519,0.835105502171143,0.7912556942259446,-0.38887546562613506,0.07781900998095265,0.08754624390102286,3
0.8025754967813263,0.48476180908758804,0.742931010794154,0.5083075275818835,0.6313793202076237,0.07475478667863979,0.6501759658188107,0.434012322688902,0.09199710676135384,0.08096034208409486,2
0.3082776108206051,0.41945267465104863,0.459530720146667,0.25971658036971984,0.5811619661075366,0.7047921495892786,0.8116634070533515,0.22952568164043502,0.419272030418974,0.5016237085889435,2
0.13339209897535953,0.11862916110137384,0.35354278851982196,0.11663517317941612,0.6757521061197819,0.7223124538407824,0.5666270618417113,0.18549768269494354,0.8328579131157463,0.2620895043100465,3
0.46495541515907857,1.3140296491166061,0.8741214143432035,1.1400027566568907,0.8104040288695219,0.6989955733358532,1.463630658698444,-0.30796363875670896,0.9218110182167947,-0.0883466062958532,0
1.0258504185379125,0.5322628620260198,0.00975294872036074,1.1069485125625305,0.18549720370979322,0.1028793852966757,-0.006893176671809147,0.8857790338412977,0.8415323671434022,0.08995915310856262,3
0.5368948524735102,0.7005894151662673,0.15004619061704522,0.42424505924434125,-0.036615620920284586,0.8254285277127709,0.5686119760235695,0.3760990572174498,0.10350597278915524,0.8702583872872124,1
0.24903872305179658,0.879642909878333,0.24711494365653786,0.7405534159385263,0.07836527743841776,0.24152344862026154,0.5328173144725851,0.3451680417779096,0.27336977411285346,0.20388238142939047,1
0.9277031946194699,0.13577466484361633,-0.012443748096756559,0.7771641463767666,0.9799125728582601,0.12314662780720052,0.6073001208659886,0.7621442076001821,0.7177209812406421,0.6564620833251337,1
0.5981115678204034,0.21471675992265407,0.14036717101539606,0.062328023683770675,0.33004336923012667,1.0136142439353968,0.7969059131764625,0.22289784334662607,0.4439933107163372,-0.02153600354706095,3
0.767895371348137,0.6470423376247312,0.8255173887177724,0.12982166435299458,0.1564395456022739,0.05140135801866814,0.3809169727571937,0.9409624036087185,0.9609128983008552,0.8458144742769232,1
0.23984762306280402,0.8870010925963504,0.4393514797180492,0.7570364626406924,-0.10209960218477869,0.39912886868211234,0.6802421534334381,0.23835548533544354,0.2168791146610338,0.0505337541274091,1
0.42152767911845057,0.8901394341161009,0.7040328407427396,0.755884137922754,0.3587578527447318,0.24877154922831418,0.8384035183993171,0.004910434232918967,0.3922591471368702,0.8127428870750917,1
0.6259954563513969,0.7049883657284421,0.7316244077601712,0.12920468466358356,0.06353183359519113,0.19165052353889922,0.30856289411093285,0.8817384593418137,0.9159910087771851,0.7575041833589092,1
0.7136573075812074,0.4508790705243811,0.26901609455076075,0.6208930847963123,0.7815120493730943,1.2560860478667122,1.342298578117072,0.48114640848465334,0.12348926619985928,1.0494417305119743,3
0.48115453634414984,0.8210480741896345,0.767204282824056,0.6071557956089256,0.7513076890625577,0.18913909462359574,1.073977881033096,1.0226235559812695,0.3385494511439011,0.017020284013448253,2
0.5018938436917026,0.5038125019074849,0.04297566652194503,0.5789141063529002,0.41782349481722514,0.16132875339237732,0.023521380325649058,0.7833803795603466,0.15334767377787098,0.5830367923551063,2
0.04043366254476055,0.9396261897114175,0.6763879534681524,0.2962789243091275,0.9554547566074614,0.41925868803702226,0.6004935875160851,0.6018707658498689,0.7042884158874259,0.7214335282418922,1
0.6959937730399907,0.7833412013203265,0.6155688614792132,0.28680162724859515,0.8927837078037631,0.8126364189753517,0.3022035586426146,0.5325994094521186,0.7893869232790779,0.35309761593480876,2
1.384729459550592,1.532084556336427,0.7697587447210127,0.13199073808998418,1.0457918237970523,0.18947220600487585,-0.6952698560221969,0.38871325048981875,1.088068028280031,0.7116975418309964,1
0.9406486757839604,0.08136151835528929,0.006998300127381617,0.6971053931295702,0.981019656268499,0.14608929749191096,0.6261039383028186,0.7008678131246732,0.6872683347335677,0.7082607072055787,1
0.24505993452847583,0.29573679475992865,0.43111351109774176,1.1510277137709168,1.182605453161464,-0.16756331805898503,0.9425252266015207,0.6865164197539685,0.6313620375907791,1.2189210403518227,1
0.6391114967079472,0.9451743810880691,-0.0041744531817506925,0.7618718781439655,0.23259193359712432,1.0855069349867366,-0.07457836717492664,0.28970247538987637,0.3348947776488204,0.6245304358714343,0
0.6993836433919808,0.4184205533443967,0.5725996228175148,0.7609976808082343,0.530718184382011,0.9561667811910639,0.6702609508942963,0.30857600215012804,0.22028983953335768,0.44942164576126786,2
0.8563003735399081,0.6306330030146543,0.9631435824064762,-0.020284169829359253,0.14758106878214733,0.09708902210893784,0.2866403930788263,0.764578679103122,0.7908978873587599,0.7924405467259231,1
-0.18922990744530407,0.7370368345695681,0.8326633894716207,0.2650354837290125,1.0065153452882183,0.2314896637531068,0.562493566162807,0.48311283960684487,0.8138874836017342,0.7197178012540216,1
0.3386840557802143,0.3879616895860126,0.4207776154620196,0.28504404376026155,0.6037530480731438,0.6547121682360806,0.7648730089386201,0.2832349630134939,0.46432997716077135,0.45484860859525866,2
0.3129891663011129,0.9543762789875636,0.7380165732931233,0.5330758093908017,0.7229990051413138,0.5692975341825703,0.6740924111933865,0.5503491174235681,0.14059952252618887,0.3147402902606062,3
0.11049032776955153,-0.20112736883274773,0.3141219578091492,0.7984471828115716,0.5124797187775144,1.4043396993818917,1.3846977806438616,0.6062431747915854,-0.9087684379992431,1.240339695554077,2
0.0881013741086546,0.6559118596937817,0.9198473188620359,0.6409610027198971,0.7401627225020044,0.6282240416681334,0.3939145559995001,0.4253731146122789,0.339642308244761,0.48754247775813336,1
0.49554590240204405,0.7302102698981665,0.7340888370752395,0.8232955102767509,0.8404206597278562,0.4039706503042836,0.22266853837123293,0.8765500600568865,0.9743247256316879,0.8883857791135693,3
1.2177535048688914,0.32219736344661465,0.08689981551001572,1.0606337533819485,0.15086503600174053,-0.03516739626216847,0.23021752520050837,1.00997942146778,0.818693727351748,0.23512467091026687,3
0.514078238878191,0.36556246218132016,-0.029508447965063384,0.03431747287935359,-0.2640606425066602,0.6628775551109105,0.4596864812487056,0.6391666022442424,0.5322130386323428,0.5223802212479978,0
0.6811615344299178,0.7777510573001845,0.36666555262491163,0.5747736795969505,0.6963820842389415,0.15327742633899807,0.3448191493533914,0.7185748912840173,0.35587244169423693,0.667752235046303,2
0.46334426732090794,0.5470709913925884,0.2116269915622846,0.5680156594714209,0.4823234878830879,0.685020662246532,0.9505625189227386,0.8496120359298001,0.4506878851505968,0.2169355443130464,3
0.6543487878570151,1.0480354354142405,1.059089029682284,0.9443290146489296,0.6017796509917794,0.00091473974228512,0.7904328575229816,0.6217494884286257,0.32809326904932706,0.1372550886241489,2
0.2414681179741353,0.9154356076979211,0.6533348428848647,0.5791463302907954,0.23549967910129543,0.5034110975446295,0.7623964087127626,0.14208823692864092,0.44312055193567607,0.7637511551188042,1
0.41903274965790904,0.5079740257980048,0.043654798170803435,0.5102074310576487,0.3000798649640137,0.02061588513890837,0.13047040178203004,0.7986657153157071,0.007307262712304974,0.5212354365949425,2
-0.723356515869285,1.0830682266972522,1.6348258270590312,0.6990261516400228,0.04835354859963231,-0.8723218778308123,0.7921875957046914,-0.9058263415995552,0.7655800068125108,-0.030719480074686,3
0.735575214991472,1.6702401236058044,-0.018766928705328256,0.006004291389133831,-0.24804064133521386,0.6737990731826158,1.612345234010412,0.3814987536692619,0.06173873766544319,0.4594816694532614,1
0.26448006651711364,0.9443215702335509,0.6916976212870491,0.49339737590761534,0.7737719672457729,0.6169304237173964,0.6179754585504516,0.5160698754578805,0.1812256488641622,0.3647476486179862,3
0.7783034980891074,1.0866952846740585,0.6848158953725354,0.4970703579405455,1.1759864373180664,1.1459654520275635,0.7369742874853301,0.4033335203724919,0.7383674779720124,1.4489359391154424,3
0.5661442801448021,1.0108234797579596,0.2958129987716198,0.5845164229334479,1.00061655221141,0.4922492730936727,0.9444161871255053,0.16671651346778577,0.8353372972383071,0.8044795627902993,1
0.7670168553746786,0.4724287644148255,0.12041773479102519,0.8747805205651539,0.4476778434303315,0.564183350208459,0.6559774877796354,0.9425073843294375,0.20141656198967367,-0.03580528460394948,2
0.05117458266256829,0.07160644526107275,0.46947112598323554,0.7874717559652865,0.19217960427947825,0.379298221760368,0.43309008808163835,0.8782014644288971,0.4103944499164593,0.49478867297825085,0
0.09604859739906182,0.9996387541402831,0.7225263249688703,0.34610093453643875,0.9957898595842665,0.3477802992816659,0.5932033024321951,0.6407200806202022,0.675470068178232,0.778210870991535,1
0.35520068696007634,0.46412156891824763,0.5072576203572383,0.2581920041306012,0.5741298961412049,0.6798649636785252,0.7754201067494176,0.20271585453950988,0.46703399927911576,0.4566867673188562,2
0.8360459020640345,0.3688193064653953,0.5196193384510368,1.032164284544233,0.6351469940487988,1.2560825464869243,0.7633669061743359,1.3254206896302816,-0.0438147122223917,0.3458444786478867,2
0.9685285956053026,0.7609265006002564,0.5970834377614079,0.36238274578125507,0.21216767494652997,0.28022888233078,0.33227300189896947,0.1709696401313968,0.3786309431389035,0.8485954156608906,1
0.22769407202531752,0.6555999072381862,0.8166385734595861,0.2088518731547427,0.16643321194064614,0.03760952745246439,1.1308738703447556,0.41089934061662214,0.9794556028252096,0.03948075674191062,3
0.8104980880964384,0.4102475598206735,0.3929973504349405,1.295569084741151,0.2952094282299609,-0.32362113268981363,0.40324477461006397,-0.41548098005292416,0.4643536801037992,-0.1313947937206998,3
0.07016483748882345,0.772231413004948,0.838501676184106,0.20846988541319914,0.9991520721023496,0.5186380997214305,0.671756385742041,0.46549603647108556,0.7271863234313114,0.5201952859603102,2
0.1394122662827631,1.0934386274163517,0.2313009340134511,1.0948809215077444,0.11500574994520424,0.5769127838598799,0.5936765755367546,0.4058966378999241,0.060931399162362565,0.766174474544091,1
0.47205241264181175,0.22336874456379102,0.28798310208874006,0.15144481171424534,0.36577268298391274,0.8496812554279959,0.9567925942183226,0.26229917171441514,0.4508589043835218,0.025886284383394992,3
0.5805434453603574,0.2912030516673323,0.6062688025216494,0.07207209279229027,0.9280654581436089,0.733388468021758,0.5771289649092372,0.9046154492727826,-0.00036011709601012354,0.5286393843619256,3
0.33713884798715016,0.9293762672344456,0.8997646097687386,0.6256811716336259,0.7765883574828821,0.2305516018820717,0.8576120021476455,0.9146127407754026,0.5487224452535018,0.08336642690808493,2
0.41244741667029783,0.8361038091758416,0.4637502353952099,0.7967383201444566,-0.013079822292625755,0.23391834703682465,0.6096061619397265,0.2472056683572964,0.17670533457240536,0.2110017486141976,1
0.46276944415283,0.5230044024765229,0.2247498277298657,0.5523750561347724,0.5103097890117986,0.6647046710976988,0.9723299354414163,0.884393008540584,0.42773904759583925,0.21998005115510472,3
0.00818193620424483,1.0080285097951398,0.7136984618220237,0.28534103839543995,1.0184696686193242,0.3256268570325026,0.6821715239782525,0.610188006782229,0.6940255383129614,0.7319797001676335,1
0.33087885933289385,0.3886113678677483,0.27252413312728874,0.10019719678790356,0.6820183345522612,0.8872647105942613,0.5521824523828345,-0.08384717400108213,0.5913847576245884,0.37722337687637547,3
0.6493899254196758,0.6355024904764355,0.5170027976666449,0.17747479965549035,1.0057078244209574,0.8878883952443624,-0.012235018603455744,0.39043971482167833,0.7912643945312106,0.3504910097358578,2
0.12947095776011433,0.3605302840289312,0.03491647758141227,0.08888537197688985,0.4284812657436148,0.08504592207800969,0.13897914946452572,0.35251720809090076,0.9163240786751213,0.23660957044683234,2
0.43402287701614345,0.7060922690781446,0.6485889284736074,0.8687646240680909,0.9180287587354579,0.5833364909237868,0.32600573485270123,0.9545128319989538,1.1133100098891269,0.817172158019633,3
0.4183491148397648,0.07538686271028372,0.07358376558899823,0.0036120062022488297,0.08193523649038717,1.1092612087698586,0.5510413362847923,0.16642750114610713,0.8998655718580149,0.4946423418191158,1
0.4515553207680222,0.16499615975098228,0.31549887526489445,0.2014782022801786,0.3576799355726807,0.818802584006428,0.9884425323525525,0.2039493385613701,0.4657961837364568,0.009162356974191037,3
0.5153707646154487,0.7917598367453095,0.7480795798844262,0.8887530586241665,0.8307475727654542,0.40790736897350427,0.1791431546323601,0.9394683554669286,0.9863647472037983,0.8216958236437811,3
0.3263779431089575,0.42396482798936974,0.4672125518172167,0.26103339636665646,0.5930478007443252,0.695001350691427,0.8107026521871499,0.24589516884900642,0.407179006606892,0.4838391004728215,2
0.4332849297959813,0.5409825318331303,0.1741207367173742,0.536214278822348,0.48366294556756295,0.6319643809906624,0.9780404281118266,0.8657075334565449,0.4409541894117491,0.24591764531331217,3
0.5520833462066266,0.4310573093246137,0.21226972379038062,0.8220461574941276,0.245305470427322,0.34587180694687025,0.08602169560513517,0.40080680543313757,0.3301849761975909,0.591718379523241,3
0.16407182183436456,0.2807541143288816,0.6003494308963253,0.13432018475826518,0.8041645193741105,0.8847237055736225,0.8372577221956269,0.12043131479605015,0.4307001078884836,0.5632223809079233,3
0.18762044679205792,0.8263167883217546,0.8311726553602932,0.5603323830505583,0.5672758134162807,0.5501269721172505,0.2726074425660969,0.39653087974479284,0.4878383892132788,0.4572860190299451,1
1.081392150369381,-0.0077580364645551125,0.14020586861538287,0.6712917736410984,0.9052162090963669,0.21785830366158293,0.5627654035670044,0.928681640900707,0.6222229628169328,0.7808307204673469,1
0.30856877884513634,1.0254141282974492,0.6825312695182384,0.5287357769779165,0.8185178677081077,0.6797024357085144,0.5595010154062072,0.5433400558077176,0.09263541675772433,0.38440762323248934,3
0.6589910656575229,0.8648789802724615,0.5767448596925444,0.3968460545134048,1.0628297829536022,1.10876747909802,-0.02670512325699584,0.5743236311479006,0.6672270816557285,0.4767124727051207,2
0.6449870593182004,0.48090248692321624,0.5486550490788806,0.41074462965166064,0.15525865671621322,0.8967991765921046,1.152263364048903,0.28742340147858825,0.438263322193297,-0.11280331204154101,3
0.7203124937994919,0.14855100993090326,0.43145296221027196,0.44270661289168844,0.08833744095299488,0.2936886014741904,0.18541564701540456,0.5551288014780208,0.5213318515312633,0.8271566539948203,3
1.1052487422310642,0.2143649691754813,0.41980176998124985,0.35582747977169826,-0.4668613867963734,1.014891343562569,0.822295262283441,0.1225283420075367,-0.1689061992806541,0.4627624102865245,0
0.23837080872273816,0.9742475397852025,0.7208210067129797,0.5253000982196158,0.7909900541452581,0.5138371130814757,0.5411208741563936,0.5819491323898869,0.2293261830917777,0.2732172230450648,3
0.05317948138790985,0.777356999791776,0.852910465598412,0.21684776570917247,0.9896345216046887,0.5280257888876413,0.6823394626023741,0.4604591421883444,0.7231419864150014,0.5090066557919203,2
0.12349305825947905,0.07971456564141088,0.6271931700261557,0.27068732707875304,0.22252880729709776,0.534180088005578,0.7609902167137899,0.6446619989691511,0.012447098744938837,0.32221353863179375,3
0.09177752772071313,0.6585869271034274,0.9210711754364037,0.6163273574620816,0.7283865663769069,0.6364849535116704,0.418995872404992,0.45665612213682577,0.3523467699589782,0.49948784955932113,1
1.4041147582235294,0.670092395042086,1.4920409056712853,-0.23690796414660864,-0.44937224357827077,0.8895763404904496,0.5470101100368758,0.6335829247942868,1.6030600757659113,0.8095343525750514,1
0.346076128132863,1.1660042623587141,0.6596991969188759,0.6402902388625261,0.8871347251315208,0.1897031173460189,0.8621165683374499,0.8174023302098323,0.42267957386515476,0.13431952419152027,2
0.4785475115521025,0.5400958886673207,0.19466451496077786,0.5743607458209306,0.5093081177302793,0.652743396124256,0.9405735354860258,0.8636929332947308,0.4209759423493336,0.2016626119806786,3
0.4201352926203297,0.4196508946447974,0.1049133236790445,0.5376586665982827,0.3285758253740584,0.09745542572290607,0.07199860049928211,0.7850852368880101,0.08287521359649201,0.6166840262645087,2
0.052196312274977806,0.960333933980266,0.6854906783098054,0.3024295316751027,0.9392547639060468,0.38776488210925486,0.6004643945631485,0.5879280472549296,0.6775676834912437,0.720373639258306,1
0.05606561629254201,0.7738366805632682,0.8464841589251583,0.21871192666579342,0.987089413673043,0.531228559408961,0.6854357877055682,0.46166781896382164,0.716104852704724,0.5073849319704904,2
0.5282259665400201,0.1978683163748406,0.720533772859104,0.045904337621670205,0.8700116319995908,0.8013264567131997,0.5929321891820234,0.8309675292902262,0.043050672422365155,0.5988185180175959,3
0.4319079374250267,0.16111871050585685,0.4251522186295852,0.27870276488900747,0.4023573379078575,0.48007594518582236,0.31515271917056525,0.821862925399647,0.40403335041556815,0.6221531330848121,2
0.42337263738966147,0.6516113964586595,0.011480313252175217,0.7070490221292354,0.5381429590871866,0.5216067400334276,1.122682754162638,1.0280355012211628,0.5098463288383379,0.23845397516254485,3
1.0756309213780932,0.9661911879032454,0.9403091830041821,0.8102316886222779,-0.6190600001373725,-0.037831481893802366,0.18069002367643644,1.0230552182475936,0.7579432104346282,0.8477842911492458,3
0.8596290727652175,0.7016265162898971,0.5348501653792486,0.5225876116303001,0.31936431547605093,0.31099555985012783,0.22370424356634788,0.13387660109702604,0.3624713175468254,0.8440172817121384,1
0.20277773071928423,0.0672130505832293,0.4382836708631318,0.7558629790444749,0.07454753889486751,0.320375739670024,0.5150117707114654,0.8409185703923915,0.33926733065188275,0.4141104781548231,0
0.414556671226639,0.5605362476048237,0.40098217646707535,0.14533872132971176,0.04962866593349457,0.6579055212779947,0.02462346846013972,0.6391012760145419,0.9310442630684415,0.16319425924945774,3
0.4570211726656918,0.5404058002613323,0.17878864647032824,0.5757865842383365,0.5047112583913709,0.6631436603537915,0.9536827730188765,0.8708132543939637,0.4388298312518522,0.21739897781537923,3
0.07666725808948227,0.961514562801891,0.7047025348598348,0.27802252521882426,0.9381257340078492,0.3905774811131547,0.6035117757380832,0.5724923929958184,0.6888456982926208,0.7393328195057203,1
-0.0233279713359954,0.41962251172507326,-0.09012769598107177,-0.0468719889833579,0.620189057686003,-0.09358815867974621,0.04523939462053618,0.30635941401702105,0.9417350234254558,0.0991359879500838,2
0.0036354776863368743,0.5090695988393796,0.039543545952388626,0.23029597289561132,1.1058339657842224,0.0739028338716865,1.0575879813496862,-0.35326030020305166,1.050060053997976,0.8768004464526651,1
0.08683067848966512,0.22413390551792758,0.2566678451772816,0.1996078792820649,0.22438168611020295,0.8361076111065413,0.27793124980843237,0.3300262314556527,0.7394729020731432,0.4477278875378043,1
0.4225866448473609,-0.07331357050468795,0.33997240248715754,0.49888199826936924,0.05310207519237254,0.2075969212930499,0.3822338009726223,0.33794427825009293,0.5164776889593365,1.0396780470304843,3
0.42114464621327696,0.772547151731089,0.138797916533897,0.3397825711835136,0.01616768493655002,0.9509922015305984,0.44833854493994435,0.38437192839457746,0.1351548773997429,0.8937828425745444,1
0.25454100392817924,0.9069563380829556,0.6218570984093976,0.4503749071959956,0.8035595653214418,0.6662043434050238,0.5733373745312262,0.4836683216125114,0.22349710662751232,0.3179430445232892,3
0.8556974238879816,0.7194815486788234,0.45604387093502274,0.47074654012908534,0.2238186433884088,0.22570740061425176,0.270477213012633,0.08863840244523821,0.3757932328488195,0.7840256017563788,1
0.5166495351195453,0.07288927118039112,0.3311329594987846,-0.0024763202718912636,0.45255379894137526,1.039956472354391,0.9365118132858413,0.16440496948854272,0.4742595437705634,0.11067781397787645,3
0.4805108159606741,0.17948146838731627,0.21780222878318622,0.08524747056193706,0.3385349879655003,0.8714609073470168,0.9358055751169978,0.22260004725710975,0.45420027199136104,0.0739314263209695,3
0.08324282117391715,0.9639609424697952,-0.03885376989147793,0.1887766742397073,0.7537971928281374,0.7939967335328492,0.7029384054458896,0.20332797611005388,0.2862528129141862,0.7883211138340701,0
0.1719818557369469,0.380647290161238,0.3494108583488242,0.06243352074865142,0.7760833055465027,0.8918336326793636,0.6204640106011017,0.11912000390187395,0.5955509950463064,0.32002412941745395,3
0.22162234960042804,0.44630328220133486,0.5611239130452396,0.18827002733790218,0.6598002569314403,0.977615287969914,0.9077599098524979,0.12156875194104201,0.4627200541184097,0.654507381514238,3
-0.05877121821968331,0.4466864010072995,1.085010316743369,0.8117436429575581,0.9956319855634088,0.8353720832512818,0.17427525874501223,0.7299160141332863,0.2804377655283123,0.5451370686084184,1
0.028356688179516976,0.9508346239894682,0.6782302782630317,0.33309551903372403,0.9065525495839813,0.4155871577572749,0.6638682213342658,0.6074459111332204,0.7210351021528743,0.7568241626735022,1
0.4441689141084265,0.2520452923367368,0.2559871682739358,0.13917454743693805,0.31531169211797033,0.8840483295583074,0.955742130226783,0.29971196135316935,0.44641309554356573,-0.0012011978458349795,3
0.22191767773706778,1.065738063426791,0.6427707854103589,0.3692035724440016,0.7741640615179913,0.5047487206138594,0.8071831523717317,0.5950581506051402,0.8342353458790137,0.6876255169187815,1
1.1387960572046707,0.6946449959493486,0.5869059204254828,0.7932068155586026,0.8019918197081755,0.9860679757371362,0.9052099386307622,0.9193371164697549,0.03499908326897787,-0.0657125076598605,2
0.49076230708132684,0.5129318110072214,0.21074462058267546,0.5472258471284414,0.5775378566228835,0.6314833642297153,0.9913445730884674,0.7988948768500602,0.3778158706427318,0.17548354455482248,3
0.32753524384824956,0.41859014342681583,0.45957007846524944,0.26605376646737056,0.5856178549813597,0.6966249412744709,0.8195700117063316,0.23146940514485131,0.4037772041698281,0.48037844350873476,2
0.529752911057985,0.06963482689834005,0.8109332788314239,0.08158665747781041,0.7853082521542102,0.30512462681690444,0.7618210990041429,0.5234259386504903,-0.2518781002307052,0.2868840820866858,2
0.038451555915965455,0.9658243053361307,0.6754170258715009,0.39108969902285895,0.9630704265942066,0.3351329732057235,0.5584136352999917,0.5833016713388024,0.770244416547631,0.7343257405235415,1
0.33737758724429995,0.4073309796875717,0.4068800577801249,0.2447000673554082,0.5412551706339117,0.6957859694304013,0.7836511302426795,0.2756850357649731,0.391203786282167,0.5068859939950044,2
0.7654741679648219,0.5550044690294335,0.22132339032900913,0.6438101981344906,0.0998230113707,0.7755312150339805,0.10834575261367152,0.2159886832751395,0.08651493630061609,0.4725481946099498,0
1.1266756229950894,0.39119558829000256,0.634588111199528,1.4135773813077,1.4740359301674908,0.7775177735999548,0.7578853535767662,0.5637963601658789,1.1229167906694622,0.7933595068443691,3
0.543507538077333,0.8188142149636656,0.7768106245339221,0.44611468435383633,0.3693117607438371,0.21893132378860616,0.38586687342100856,1.3535852838226965,0.9371832204302891,1.0839927265802434,3
0.43637842678544697,0.24405866667799478,0.3224447045759997,0.09506303520618795,0.41088946146873184,0.7933036535818461,0.9383337397319861,0.2800256697201499,0.4147976279994353,0.004635248522768701,3
0.2195389247572881,0.9742463266218053,0.8218744257997184,0.6104890082727185,0.7705371447385343,0.15905244901306856,0.8727152267727669,0.8721296847304014,0.6432904570266852,0.1627800678861283,2
-0.02864630716977626,0.7947002487896186,0.5987719196211979,0.8315065761985255,0.9458623723610502,0.4792174528792669,0.6151243435903498,0.2244420982584925,0.043755770809551175,0.8337206993250106,1
0.09905875141947626,0.8578718225498043,0.6979299863842456,0.19452299133025425,0.833710354442016,0.3614082351301181,0.5436006220401949,0.7225818471570475,0.8092573055202772,0.5502503691641123,1
0.8812554028055958,0.13302832338091464,0.006069655743328305,0.7660978363183012,0.9708746134889349,0.09008046036643619,0.6830623226620088,0.76076745547965,0.6246485665878305,0.7603685291504837,1
0.014881434896529266,1.198360985469852,0.04258500101266093,0.07406755471092813,0.5508081625008692,0.9984817940218467,0.7130369507119079,-0.02064910709999318,0.15083444814118172,1.0044825332673755,0
1.272098829881837,0.6754574137637009,1.0068492729815768,0.27471983480971796,-0.006542065869806102,0.18466075384544006,0.9322159502001128,0.8286326692434391,0.6964617015343542,0.20171129686598394,2
0.924217210466517,0.7641935562904387,0.5297709960022873,0.4658775587093837,0.2554978873768245,0.28923484017083123,0.21125185425300902,0.10777381416468056,0.37715304641436337,0.8722219643110198,1
0.3738361549938094,0.5414879916480548,0.9255773340843448,0.277876239429649,0.7693896854479803,0.7781555764676538,0.48830803823453595,0.9832716870855888,0.4287263330474025,0.6159796050222565,1
0.2936385873158698,0.9645984119475827,0.6476553211508463,0.49502041346345416,0.7982669449703127,0.6427490847062414,0.6311312979556704,0.5157809560253132,0.1574370793034208,0.33835915341800843,3
0.11127378449660097,0.09679657724797863,0.4073191989456855,0.7274420569909859,0.10610752997423405,0.385803726722081,0.5350240219475528,0.8580643602524523,0.4269732918004875,0.4445481881493184,0
0.17728410271225878,0.3599725722438505,0.014068914790555706,0.046673396855464094,0.48280771491201746,0.05443477492866546,0.12905272838862766,0.39666890671132643,0.9037534218424409,0.23821752782028474,2
0.7579636393320557,0.27070833857228116,0.6105865498163736,0.27323324857838843,-0.20387446189282699,0.3225637348850763,0.9372550883177055,0.37191044880976737,1.2799744776111157,0.3577087058578772,3
0.24989773035808893,0.9547915978216123,0.6788914979062509,0.46359239330775215,0.7889314172675359,0.6293144546725068,0.5961864936636985,0.5083228392310777,0.1674608399988723,0.36885824668042017,3
0.9240314311179617,0.06830686844142536,0.4129268587011337,0.29737360867632795,0.3023137676049346,0.299814301526931,0.19515820215468732,0.47622528174880746,0.7299511767261021,0.8058416184637303,3
0.5631342788070445,0.06891865483067444,0.4288305039896606,0.4641701709563021,0.22912943676343384,1.033151217885852,1.2454810490429868,0.1129085689101092,0.45783654305669697,-0.017782529561134672,3
0.004429590590395133,-0.21341422449604208,0.6521475945458314,-0.089168758024417,0.8105482996738068,0.6180447466913822,1.2448511307204653,-0.007368640378204852,0.15790198898942398,0.08689037039130615,3
0.06979896837082254,0.38894071725876495,0.0762921511288624,0.049866182370320915,0.5352424052384864,0.14993659441607138,0.1719241873945591,0.356569977416013,0.8586734129760583,0.17773148457348178,2
0.40124468867422697,0.5716720507394735,0.38456758712578,0.15139357201635054,0.031410458441474394,0.6639738787479714,0.03830346309089326,0.6233256114359511,0.9082052231692425,0.18236274297110805,3
0.9579087121952709,0.556837254369799,0.5159549939061137,0.5511000149513252,0.21536155307211913,0.33523163253430094,0.42793163538675494,0.26250311356847367,0.33721033245110427,0.6558679181800171,1
0.13660233687132184,0.9435174094017799,0.9304076636530676,0.877404332458601,0.3330920523553501,0.22251896541205704,1.1135992931944023,0.6006376854316273,0.651261155230538,0.0027273503630904847,0
0.22093707302765894,0.47364244103650055,0.9939100001838946,0.2140700798611651,0.19006409863434814,0.056161787833223016,0.9507774037644403,0.2249985942071595,0.96235955649093,0.23796200259071346,3
0.9197384850697118,0.5542241011119212,0.0946083180400741,0.9057139009553605,-0.00656586964508582,0.05485965011422553,0.014564170786832437,0.928673039063134,0.8778451688048746,0.05504847880491198,3
0.9501943253161177,0.6825373059235071,0.5048913528250798,0.41483786770055464,0.24702549469517457,0.23108208734263577,0.201215020727168,0.06910404722369821,0.3511859502991146,0.8711033616247021,1
0.5555755106668212,0.3400474060591404,0.7159377682702251,0.8389273820842955,1.1310092567315562,0.8260733333624755,0.16723275459919207,0.29100570509709583,0.11958508676180887,0.720755376151825,1
0.5860206687176417,0.9530988038319118,0.28396039200944256,0.5611416696242144,0.9559122434854385,0.4923891085333627,0.9379197982281668,0.11139432458998973,0.9001534556646699,0.79549424987891,1
0.18132944115910427,1.053687191251987,0.9970014082868381,0.5345261979202452,0.9387255930385607,0.09204033866322964,0.3597028952802436,1.0552775203656397,1.2518450377710202,0.6417585676026633,3
0.6705602923161055,0.4869367096913173,0.9618564720413655,-0.0016382837848750165,0.7745663790425935,0.29643120992797384,0.21130163421598472,0.21377616235636826,0.7840313540983901,0.17028782652660324,0
0.21913332645403485,0.32306629620230076,0.24823792081238438,0.22595381701646705,0.7029817410521819,0.31099732844197203,-0.02829278492246798,0.6058554458898993,1.1869010180473385,0.27592025052370306,2
0.8007515751018656,0.4930017595219401,0.8055543281126997,0.48557438003795084,0.5754492227056852,0.14042032774882401,0.6845462636883473,0.36139167434161623,0.08270903697120742,0.10658578998724126,2
0.5341224681235898,0.8750245684536448,0.5933115354790743,0.6440048608341954,-0.2410551589257432,0.1065322302220443,0.35346569676278694,0.061711310098185174,-0.031033629279263147,0.1981488437929427,1
0.19465653678480388,0.15862720784436435,0.3222413936472871,0.7430300149508606,0.12320754208360367,0.39273219810218285,0.5267660466373206,0.9183810184889332,0.4387014427060866,0.5003090283570613,0
0.818046314885837,1.2577083329795482,0.6312505298395488,1.312525158542609,0.36376357462791137,0.1539537609357171,0.24859979831861614,0.8858560516126159,1.326931529202875,1.0335348171197416,3
0.6374655180724115,1.0079270133024651,0.32256336432132376,0.5529540147043667,0.983336169095764,0.5115977170654681,0.9717682405991966,0.09775033775311276,0.8564814808167053,0.8428918747618785,1
0.4394909797561019,0.733126740410828,0.8495462297024662,0.9542464338967557,0.7698648038876278,0.27660426785344017,0.062992702756072,0.9387315004458332,0.9253830781148586,0.7189273282450046,3
0.08293366152090742,0.7752125014055424,0.29742273260229746,-0.1513691718847452,1.0185053541599567,1.334810417128938,0.7551080981007372,-0.3082905316976368,0.35681010688445636,0.453740176890968,3
0.20384961134640964,0.9324044810972737,0.5892486441243188,0.45562940229701315,0.806402427080235,0.5573562756895759,0.6237519520935233,0.4939970843584138,0.10318522565540739,0.41031376959849697,3
0.5119279632081758,0.7670431524312428,0.7896148681890535,0.875820503700736,0.7942639195399122,0.4217367710794578,0.22091038348712402,0.9178165752988424,0.9559332050619932,0.8686582619714243,3
1.410382412737133,-0.20539625957309138,1.4732493751402904,-0.24046095548775426,0.6148748674975132,1.0465158006715876,0.9791137554484906,-0.26396883652006553,0.4331353483714501,-0.05997166283206434,3
0.14470328626458218,0.11452442207936349,0.5154256843005859,0.9370020024988902,0.9479179066831802,0.3990640826759847,0.6032782297590137,0.08327025128741512,0.32639468733382465,0.2902860745961434,3
0.044334275086901825,0.910015935133221,0.6894358747420565,0.25101790214473596,0.9334021866105459,0.3428587777375672,0.6094459935554697,0.6011344733706813,0.6973095952957118,0.6905856954179096,1
0.022949683945022087,0.6602987215396815,0.8758050786459853,0.6559699089518657,0.5808346015094927,0.586841851163565,0.36032717789817476,0.4173908287084041,0.39114883104200937,0.4662830889602282,1
-0.054318537610120066,0.5507753711033033,0.632930611490695,0.42938587948717544,1.2039042621999134,0.9500384649079949,0.23615488327963746,0.5376821645163328,0.8059664733202689,0.13720660076611946,1
0.9855338610037969,0.6616355077101528,-0.13755870566764636,0.9393818325043242,0.061566296791462166,0.22755790277636354,-0.17223317428476673,0.9928173140292846,0.8099769686333772,0.12231179106080843,3
0.834303807474238,0.5693566343545425,0.24338903152401067,1.1655734651241152,0.41657310055393515,0.4707542785388366,0.7091746158746486,0.7872675793285641,0.18684025507571955,0.06948686949837118,2
-0.0179171367787741,0.2566715639227663,0.567219300707153,0.37674536557918736,0.47215689023460317,1.1820075656548938,0.773653239923217,-0.11871020685543637,0.5723378631881315,0.846332695785334,3
0.6828755372061094,0.4394598163051352,0.5872702244776644,0.7524300999102255,0.5540905808088776,0.908518943668115,0.6073209817322631,0.2857070407674461,0.18564488932864187,0.45412539928105433,2
0.005570356060767417,0.33126613545950484,0.39717462501355444,0.021923695421060152,0.7804270065316372,0.6626193882841327,1.1082488491942928,-0.13248667293863717,-0.05423379431342845,0.3805635845217136,3
0.46140289881171415,0.5030178086562429,0.2618517723964097,0.9506677812332321,0.4492025009332506,0.7960459159194961,-0.10077793593711862,0.3829581656092832,0.007702567036668127,0.4669072553115572,0
0.8124250674236475,0.4817369575828108,-0.16851553832406824,1.0784328552332552,0.24855314876684256,0.11689453916887503,0.08433978554414409,0.6929368519638445,0.9026448617924137,0.008385857293782967,3
0.4927303541425825,0.8345930124198444,1.1750094031906118,-0.34661478546887026,-0.18453493440417623,0.5673896462977873,-0.11076734438934044,0.7239636700505898,0.8896823252921143,0.95308039434296,1
0.6102856271179397,0.9764262039754615,0.32234883554316457,0.564131568777595,0.9774522039714261,0.5122994639813169,0.9630615257307488,0.12920398571401523,0.873209713279389,0.829517668072921,1
0.91840913127333,0.5127142200009697,-0.003611093587048215,0.9567062532765838,0.0721441298448443,0.11486234906194173,-0.015813146394103875,0.9040291739418839,0.7867021522894397,0.021901267516160512,3
0.06393457268314215,0.3763257770830403,-0.011464961316341466,-0.03128429285942021,0.46213667661576485,-0.03378511587126326,0.12230031736876337,0.4050082994568263,0.8519168587302773,0.1869234213379017,2
0.6246675564433009,-0.021117418504403296,0.2841642324757967,0.18374444327205783,0.526802679302563,0.27959887116145654,0.3756260216484797,0.9974385467811026,0.11949614742739287,0.3766955210459282,2
0.32606322913748415,0.09359824351338661,0.609571148634723,0.13476573896245186,0.1404379052695482,0.644654854491219,0.28471579397029667,0.2583663070165419,0.9107016903650614,0.21084734159408985,3
1.0374367144194154,0.06996062121283096,0.34195010269963233,0.4322181460578375,0.40907071915902066,0.08248412346960746,0.3204092758569173,0.7515828095412734,0.5010789504732851,0.9553303156909257,3
0.3557903052364023,0.2385514787576108,0.2463017170520002,0.11339198529396347,0.36675272419473876,0.8839055315143538,0.988491492980651,0.3004861851521244,0.4831066586523953,0.10860716880141881,3
0.8021709701449936,0.085638136585274,0.49939170003424366,0.3877137844465645,0.35428812276874433,0.2800149897860329,0.14357509115543934,0.17611660934684553,0.0559389540591098,0.24030172691026125,3
0.9106245580649663,0.1678337649198887,0.5371339737045888,0.2830007735488242,0.5543213217025128,0.1753087824576668,0.184691710140232,0.22168006504187854,0.019741060739516876,0.3362226455446418,3
0.07577681810214085,0.6237244652309728,0.9482393017805821,0.6375097082009428,0.7472112801410292,0.6806852541064737,0.4747277347236253,0.4650181676915225,0.3912351100271314,0.4998252979624276,1
0.6267028114842095,0.6089896844956434,0.18514029774800445,0.8272425525235096,0.20710020595676792,0.9244123831603893,0.06199126256770326,0.3948387725520815,0.034356408400545914,0.24593956568087263,0
0.14129253417525203,0.9625872098228974,0.9204498087130188,0.7494563884679261,0.7083837063022944,0.09015887976030032,0.6829614806527178,1.0685072479364814,0.5411320096333496,0.13696799528108944,2
0.23075704132647473,0.05764114894532579,0.5802964856425521,-0.1433816363859365,0.6900303680483192,0.680459808141481,0.33339253101230804,0.5636050414562368,0.09894371642434469,0.5773437280671754,3
0.9087465733028757,0.577687085719339,0.14575181500829276,0.9614476894860364,0.17710570231078832,0.2360319638618894,0.15899170801204146,0.7402801933210504,0.8325177613072612,-0.06911990769828004,3
0.53649582026735,0.7546850036784303,0.26695433352767534,1.781475431039837,1.1837408858705198,0.842554840129674,0.042381882644958374,1.4932926976377288,0.2514332463801332,0.2522735006030997,3
0.2726327751828426,0.9709185499178756,0.6312869918540557,0.6836989682077879,0.3209522854035589,0.2134533621852729,0.8770898504539578,0.17671968296535223,0.5018723784886922,0.6521410148468334,1
0.15207838484959368,0.3486365274699192,0.7030606896697454,0.4169143046277243,0.6135399280929585,0.8754993426628257,0.9876891337393425,-0.14064707212947158,0.662192044122877,0.8824267917602517,3
0.8972717633825652,0.7332997485695801,0.510773345033312,0.46481847012196964,0.2839306396805983,0.2507111817753941,0.2317482807031629,0.12557816491003151,0.37151196003013426,0.8699149261880446,1
-0.22405634584569306,0.783831721150928,1.1398042463385478,0.3179067196757953,0.5411031186997172,0.030564440756538414,0.5934025332125858,0.857329421302387,1.0202679111588469,-0.5097457684156107,0
0.0980808304052887,0.16733175576332618,0.2398085334318778,0.27596607848022714,0.4329810132892072,0.9373844448162149,0.22010376354426558,0.2103846074736052,0.7162029335748382,0.6234983750785166,1
0.9519013122569017,0.6922045350587681,0.5828988134355495,0.5386470524888011,0.2728355803760508,0.3220161937234562,0.16997149172488699,0.14775516157399618,0.40349104276474523,0.8680322923957595,1
0.31179512858466696,0.2705978994112955,0.5245154788883545,0.31828440747470904,0.7390718000383268,0.9311460078945784,0.7307974484668253,0.11253401827728374,0.4296296935493071,0.6003397149824041,3
0.6234141057648755,0.6874450095238039,1.4916716318671366,-0.08903363709999745,-0.28802855346132616,0.1492076526733762,1.3395324092245189,0.7214438653565737,0.8334478949544781,-0.26788685346663055,3
0.18755011597569632,0.34363009255620536,0.14876780605641662,0.430310754465804,0.44014254001267894,1.0107453833487257,0.22297537991114252,0.49657292235182704,0.5590142793674973,0.1457822898624346,0
0.48902631940951846,0.6258836647386358,0.5151997841335952,0.129729473434943,0.6546005838600809,0.7590465648915952,0.11114885080877766,0.4401764335500092,0.44394506629685054,0.42784820468403456,2
0.9740834857595575,0.011656590746152301,0.02622737049699116,0.7626148040591793,1.0001761522028532,0.24211236998854674,0.7117613643973179,0.8036960488104605,0.5855932443303569,0.6590938565201654,1
0.4986007367968965,0.5899028129756053,0.3145977547111714,0.8187875098494606,0.20728065007718424,1.0040208651202343,0.015019951733299508,0.1947389330456342,0.13175580704136913,0.38599268867478026,0
0.39515775031963785,0.8501822401548267,0.4515329309910047,0.816302318583219,0.01894608307118088,0.28495575777766774,0.5984821477335737,0.265136525689058,0.1414795841104223,0.18954458023279352,1
0.8017121301627675,0.8208613715668516,0.6410716362289259,0.22202112390480822,0.9068800918159257,0.9486520502426807,0.149584002982365,0.444288150378456,0.7372060572158532,0.5009742019211297,2
0.7169690961081319,0.8246710261498085,0.6015002425614585,0.30811097968509016,0.9460803839046199,1.0076029938578215,0.09613799951300793,0.47588252887685417,0.7013011297400426,0.48612754981400286,2
0.6418419957609012,1.2697596557269404,0.8147094974759964,0.9623911559581072,0.6541953796486883,0.8210065160372544,1.168879637128304,0.8934919271670771,0.36014607388938435,0.7437300045477463,1
0.41409543977098917,0.2858577694051676,0.25236599960283285,0.027513568739794547,0.47943262135180176,0.8843774606241726,0.9126286181720283,0.016680313547529496,0.2475460839022814,0.25579945614825983,3
0.7667204171005483,0.6680192207344268,0.8055699622551268,0.11735870868168075,0.1837850364379996,0.10366369170499501,0.3835083203317862,0.8487878695427624,0.8799927261927063,0.8865397112602269,1
0.8662781456953274,0.26124367958178285,1.313327072017923,0.26213095182526036,-0.14928633409786618,-0.32024450446976727,0.1898171253299754,-0.1331191595274536,0.08325671526969236,0.65101472689462,1
0.7214244603426143,0.4317652266167486,0.6232706772639172,0.7429588695313348,0.5432005181471262,0.9445839688903841,0.6277956019173558,0.30285904478889464,0.17721803051687166,0.4761261228951835,2
0.8412817748124127,0.3629760148871977,0.5516584273444515,0.7597245889620456,-0.14880466878064952,0.2366468789604299,0.265043180969391,0.5052594298566024,0.5412651744403205,0.49504102880396683,3
0.8058610371481018,0.6677316427536063,0.10219345771995371,0.6829859231082099,0.9039417101275875,0.840426897915111,0.558749217388111,1.0202872799127647,0.33588466974125875,0.05198518579543493,2
0.7296267370042141,0.4344654379740359,0.6397467803100556,0.7434829975668942,0.5196378418773093,0.9107476928461609,0.610109055414357,0.2699629105832986,0.16827502184676968,0.4411210872389163,2
0.2569449398729587,0.3587609751391419,0.2919480718258795,0.019722611331972884,0.7432783416300874,0.8640159994967437,0.6764968594267469,0.05477558646982758,0.6683208138389025,0.3503394920088533,3
0.5991486992159825,0.9579940104279437,0.3066935976491315,0.5705493049437617,0.9812356048697499,0.5215185618415914,0.9632085039066323,0.14989006227831236,0.8606349104595613,0.8463799772601378,1
-0.2990553414378426,-0.4364392827025082,0.6738007181383259,1.1513036827102832,0.6988447996113589,-0.18809788284529416,0.9728626930681561,0.5034429834884344,0.782033198835423,0.5672718834192803,3
0.3040708722433917,0.41611613352592114,0.47489155930817356,0.2853510798507857,0.5699851876348603,0.6948701433681025,0.831373134932539,0.23675023476723409,0.4100811382807881,0.47926831084699556,2
0.5546520358170542,0.6320770048011044,0.8203706165470382,0.013657278732532127,0.21822778271746163,0.23876974270198884,0.1503065603042822,0.7006102332219818,1.0882415703277057,0.6883569319350321,1
0.2535910764503401,0.9340649193460894,0.6369646759362605,0.4497405423475498,0.7468785994851126,0.6085456348661202,0.6309372542397477,0.5445989682875017,0.14065794405450724,0.3790595027061504,3
0.7612616031787389,0.8353016058656458,0.6424641367233084,0.2826233987845603,0.9134335962119164,0.9869281820798413,0.13407190596264765,0.4375127903151992,0.696932816207027,0.44238147310323434,2
0.9555141785694523,0.4893355874216668,0.006377215906188982,0.9910313885184617,0.04935440387998785,0.11057405095701203,0.033266679609712524,0.8572701274811135,0.7632032402575318,0.027127912286394905,3
0.479245393655459,0.8073535860214421,0.1336995494158244,0.38883182892172596,0.07591797570306937,0.902027988253395,0.5027419512872787,0.4492359945103029,0.1943603357694005,0.9576395278992531,1
0.32773733780881753,0.4286271921582845,1.2409692044123641,-0.006463121171131847,-0.08030640203977607,0.03779613384859151,0.9542282334984492,0.34971165687141614,0.7351656322883953,0.3366565538270414,3
0.9247374071282778,0.791347874642043,0.060444821344147553,0.2191558488758159,-0.044416503348362515,0.6277983400192941,0.41520406118642794,0.924897388957324,0.36143616470706413,0.31418978780303547,0
0.9284523277340768,0.46314655215288564,0.028815394927635542,0.9805725963845978,0.03507255483721044,0.14762143479701006,0.02050931932463086,0.9026071357745621,0.7792227510404218,0.050189555660236196,3
0.11255330998647187,0.11387818228147673,0.4077257804691858,0.6977158447163331,0.044720039075896424,0.4078668555027019,0.47679145647174637,0.8969127058042047,0.4248379503185246,0.4801299341091835,0
0.30129522081898813,0.4730043313947889,-0.13222571959431018,0.4173319485419394,0.04518327130036637,0.10155476033603206,0.13789425149068235,0.061820639239781205,1.3120072281759647,0.5969754800790968,2
0.5694444583166567,0.5235298731251382,0.3043495400390758,-0.09816687688659037,0.6199618719261693,0.9830758519191102,1.3567291511562793,-0.21829681042829646,-0.1255483409297583,0.9388856965851824,3
0.5288607521455078,1.1464100397941785,0.4374728207974849,0.6669625586369379,0.638152674234252,0.273196388174515,0.7214257645074601,-0.11927536934067004,0.4641245222974637,0.7510775862306032,1
0.043002782665673506,0.33546501058358513,-0.06113085206770259,0.0037213451412482917,0.5186991023421176,0.0033904852133331137,0.2511723468219276,0.4525226434031075,0.7710206365306043,0.36745425527815856,2
0.21361750593676226,0.46187236745755417,0.9922927430797833,0.20967709145251534,0.2087756062188253,0.03867005226172147,0.9684810901524095,0.2312030530005721,0.9708191939724358,0.2527139401641322,3
0.5694166970434505,0.24386466411725743,0.358672677698776,0.29391094516929483,0.3582913394228252,0.7284393939879958,0.9836418563597938,0.3630877717872236,0.43890155239722645,0.02278307429789879,3
0.05865248040229741,0.7187619255459742,0.967689177752254,0.7944394717840142,0.6631169437361509,0.7618417717672571,0.4616497410798209,0.6386165424555386,0.4728931123943183,0.405733300382116,1
0.5711543618059852,0.6401812013762499,0.4577565279613963,0.3990180829744494,1.1818974119068135,1.1973492027070713,0.26027104505375487,0.5439271148525919,0.46657663579005204,0.4944794903816264,2
0.34371195802548055,0.9440709383566356,0.8772276709489043,0.5778622040009025,0.7369425989749158,0.2907103421014488,0.8615964084434011,0.9315156001135886,0.5062352481873084,0.055016961357442135,2
0.6372798021071255,0.4319010915138974,0.71130873868191,0.7356996344838135,0.35165375090995776,0.8104909354193061,0.8175832911271937,0.17844450259824174,0.13171625571258894,0.5970909928642247,2
0.4342925237040431,0.1506059013079927,0.40892380721862004,0.27277223352951363,0.4463289607044123,0.47762829101674525,0.394945459249301,0.7705243097122787,0.3886418083439097,0.5121104570149683,2
0.41956396432441284,0.5377480802089136,0.399305543785687,0.1688518271138341,0.07309708755958921,0.6394068660684974,0.007150388047691605,0.6023436852737741,0.9440720190760346,0.15441613270201593,3
0.853154158899437,0.3163508652733415,0.30995976274242054,0.18827151480216348,0.22078554066529055,0.5632798369755375,0.18807443673880947,0.8929887770847313,0.7975195215229054,0.732853711190021,3
1.034237730523188,0.997167753295308,0.4314423938557499,0.29813733619891736,0.39269633162419376,0.256182399080799,0.24388702201543547,0.9575194648205487,0.5744302885834653,0.6436032972892166,3
1.4613691340308819,0.9808765004247515,0.21519295212249534,0.7647635749814679,0.6440516452317635,0.9684147140135151,-0.4201134166015579,0.9558144987015507,0.6586418556962079,-0.05328037508388267,3
0.17054591050991533,0.1960925758645819,0.4932742964367278,0.9032022010016052,0.6956353376713248,0.8856260650388306,-0.23237275532245094,0.38714243402135384,0.5225401238609503,-0.2515737918739839,0
0.3460936405707849,0.9447681353305412,0.30836339348158454,0.6275225290293245,-0.13024381197360674,0.45357521370558346,0.5292247456687805,0.13444461379406514,0.14367643055310933,0.2848288388166697,1
0.7214225059889621,0.6562905864877357,0.4976809699501989,0.6643909115008378,0.12133912541222382,1.1676422810411364,-0.0703347125493726,0.3829760997096726,-0.24100073654405746,0.37196791862751954,0
0.6442132137115812,0.9974634699230401,0.6744335567097886,0.2193616769413564,0.560772740689441,0.8029804169781393,0.43024693330028224,0.8112480172838629,0.6820497869425632,0.908782405681325,3
1.1042421996410368,0.6258567831765998,0.39483480396737614,0.5246593628334566,0.06667384512048888,0.056083247104452144,0.4126062593186691,0.19785193145882948,0.5331834057365807,1.022445419221314,1
0.45450490962177914,0.2170052754027351,0.2870660640935407,0.1511108596230272,0.3464434401552294,0.86649632894634,0.9374335819694858,0.24695062300521656,0.4565629792242391,0.03444990158545286,3
0.3727472374088609,0.15093187962361745,0.27888791489871656,0.24916002218345934,0.3280909740661103,0.8107141247703537,0.9085775549778546,0.15537832775137422,0.5356893131862797,-0.021587478645168294,3
0.8197235061039041,0.7734367284200226,0.6733450462717951,0.252575261306369,0.9550386913320484,0.9356396403199825,0.10895442683208428,0.4863558797481062,0.6483225182516399,0.4372703932921328,2
0.2589482957349092,0.16643011030632815,0.5756074947035711,0.8717189613768898,0.9930432610184312,0.45874178313619773,0.5993179000390642,0.08549996669352697,0.3562917539028806,0.20474949427050693,3
0.4463911226650972,0.5241927142370901,0.41956948814962053,0.11930845808230664,0.07566101271017642,0.6867766435891887,0.03127380210592128,0.5934070766144686,0.9338722300120291,0.1284746299999706,3
0.26130664724358427,0.7038844625624606,0.5902342385686727,0.9794277753817384,0.522149757236671,0.4802349913902599,0.8665171075789974,0.12132775041927596,0.174949978839929,0.5932254623903128,1
0.5825015683946452,-0.013508753957549802,0.04139472290387289,0.3571720466246783,0.20211445001798392,0.3537297553385254,0.08263801224753435,0.3727304152149564,0.10425188040968396,0.5744941692047295,2
0.3282386338737278,0.40243582358171104,0.4617022838101978,0.2752767392394233,0.5682900291714622,0.693327317595679,0.8315185053029875,0.2383788599089717,0.4143002414755688,0.4806989849216911,2
0.6131880827042261,0.09808823029312136,0.5601055177414573,0.30881741683625547,0.5339197224377186,0.388440070729941,0.41282624499209786,0.739594530679213,0.1722082799877526,0.5120068903487659,2
-0.009640811329528043,0.9191466975459588,0.6771733260834506,0.34072526125419633,0.9031278655959407,0.47847419338801805,0.6095733535727246,0.6850325778380828,0.7668472596863365,0.7245048800768056,1
0.663001256380553,0.8859346551271199,0.7830102399947897,0.0851663781280092,0.5231915603680533,1.4254600916738702,0.2373474696707517,0.8645415888269403,0.5860824520673695,0.7015580715183019,2
0.15306380347381687,0.6042207287352238,0.9075420083371343,0.7026385813594777,0.6652728275124216,0.6976059197356398,0.4627802424896878,0.5136732247389282,0.4090117415487793,0.5454584644468965,1
0.4436836241359805,0.1496115595985361,0.4809101139890881,0.29541237852461644,0.3379950020821765,0.5384516411262295,0.4543050231674981,0.8078293625905286,0.21350422088667204,0.685910043206398,2
0.9709687772149254,0.4529756211555145,0.03736748604127141,1.0132001066796492,0.12343655942826205,0.11074378478167912,-0.023657771127869376,0.8181926018938309,0.8234102088232939,-0.005133105683967583,3
0.3662622124203327,0.870319791556339,0.5144121362380565,0.8263933481642114,-0.029381393789750673,0.261034901052576,0.6012848626009208,0.2209356544086769,0.1568015598357117,0.17303935747599813,1
0.5078707248485304,0.13719898647606546,0.4047358585115382,0.3381686292050338,0.5184561238293426,0.5770833323814278,0.29663734674695225,0.7854123944171563,0.28612961994619324,0.6195456100402423,2
0.3897955924736039,0.33290720755716957,0.9891284351381638,0.33439681131922716,0.3471910612650143,0.3454876482717223,0.6261469782099733,1.1165631706914512,1.0968475071619952,1.1446067887808087,1
0.42665909110561284,0.5539954563194704,0.22783285597430242,0.5344444007268552,0.4803418780846278,0.6589711847153266,0.9132510099492837,0.8668773922127282,0.39386831051366256,0.21371422586901873,3
0.23081413069238382,0.31784419153818866,0.9409572016834861,0.7433014218235348,1.1155196199632913,0.01991607244158708,1.003485902009295,0.6163612313308844,0.5791791574900971,1.1049689111701482,1
0.3423014994535096,1.0093648847223937,0.5330646058161922,0.7091152426299091,0.3303164925673219,0.42155048574925136,0.7948599956535213,-0.07597106942723236,0.2964473856657854,0.5398328296008034,1
0.8455318256398697,0.5871351245146081,0.17748150428737794,0.10994209839670503,-0.004565967701230696,0.5183703738109823,0.29865265601696533,0.7339715604422294,0.3836605057976145,0.3411741563033786,0
0.4850878445092035,0.6236007551739396,0.2114358934212754,0.8606215624250424,0.04672569400376478,0.7418606585174754,-0.0505144298277527,0.22897608373321648,0.07718899487982453,0.24488902669794005,0
0.6499306913937032,0.3372052012224088,0.48674536126715795,0.9195877163560279,-0.8439355851005947,-0.4198317607084452,0.6631812848928972,0.689997992469508,0.20492158148926853,0.49070324365030593,3
1.4962412430249021,0.5547761095409143,-0.12994285524851856,0.36148532430752217,-0.7829952763586898,-0.5531805558858149,-0.0729656922606679,0.09137533189097719,0.6205440212489066,0.5859163361958838,3
0.1846489280891772,0.8835132396086645,0.6836969645779921,0.6075752582172349,0.6725322764611649,0.7438834765425064,0.6502699646568816,0.4258832958755273,0.14745512551853238,0.31067024860500403,3
0.029274746729967133,1.0876959380561046,0.6118379950748717,0.47688215820427765,0.875376232347888,0.5898985873547804,0.6639092318450093,0.35842567014334714,0.8326045136385729,0.8790686152213577,1
0.6850764428322297,0.7246257771542424,0.9284852670809646,0.041127437164152895,0.05081817908201221,-0.03830556226516843,0.32747444267982107,0.9173499684861506,0.9444921575128633,0.8052028054445985,1
0.06392574385907027,0.7564014311557737,0.6247458459372055,0.6622285833529364,0.4714727932400175,0.8926280725405067,0.6092102501798536,0.6557128577908761,0.10467530538107145,0.4969244202015403,1
0.528304764576716,-0.11603604855784871,0.30690970837218634,0.13906097750467553,0.7259958569330338,0.6115777189903817,1.1868982926520903,0.27541824532332976,0.5319661027139748,-0.08855973540840316,3
0.9377420781638064,0.4702153999149882,0.008324341113878454,0.9998748826525826,0.053741528985960435,0.14387353998557012,0.03579115481475162,0.8863242085953988,0.793079687198234,0.05705315914530749,3
0.8271371706639786,0.5002664321129706,0.7010538616888761,0.4315490817010291,0.8200346816076718,-0.0884080970472875,0.7543686018558896,0.4332229321879732,0.01668249369873375,0.11538146916809446,2
0.29680514842374683,1.1600078747924598,1.0485472471951434,0.827951092874801,0.4000575080571407,0.3535885683985037,0.7758028373175124,0.5154319540973431,0.5910845275336568,-0.191930841702547,0
0.5413075001640056,0.14926381985522988,0.6189946673979054,0.47725328568907577,-0.1473611472568438,0.482699434126342,-0.0034232367998566215,0.38301214752642226,0.43377738266242283,0.7282416601329171,3
0.08923984330922184,0.9064494595947039,0.6002594936444128,0.22365395791904644,0.9024860163319256,0.4589722956416851,0.6887208818024344,0.45604200123974226,0.6975420526492045,0.7766067126765973,1
0.7302771714366029,0.988245439111433,0.8722583962666235,0.9829978511928364,0.4429595887809795,0.5176463767868517,-0.12315241753222117,0.7939647099018815,0.9865286883664471,0.949467900850202,3
0.21046110456060577,1.0192378357557788,0.9917719754742955,0.657561425094041,0.7329999309435231,0.15244778513821766,0.7917254120608817,1.0008865759545484,0.6413910285707137,0.15891984263386139,2
0.4032706147849127,0.49185531363580665,0.40713301178613664,0.5292239713308045,0.7095819825252323,0.6661106929750912,0.497658636451007,0.7854617133900528,0.1084085752523,0.25678609313088535,2
0.22711256550119222,0.4882046201971244,0.955464682284108,0.21866983905634574,0.18791442272381195,0.04208324381163248,0.9358858471516072,0.26011622831672854,0.9703070644658597,0.26692929329220244,3
0.6593367793008522,0.3952134485529747,0.5845080550432695,0.7084077012262886,0.5255456094646979,0.9700500349644988,0.6408093804227634,0.3081342664816595,0.14637261028788873,0.46869103868817713,2
0.0914951518948606,0.19682883194395712,0.04337559987173299,0.2657603404148308,0.25575659236958137,1.025256544549641,0.27084378090608646,0.3123925105079257,0.6872749277721258,0.4041774193636493,1
0.15025999548610347,0.8227533075042215,1.0711164232265267,0.333123750319597,0.4991511585489055,0.08568150622714249,0.8436750531923219,0.39753281449165834,0.5995433583715564,0.16117670220284774,3
0.3882944987560413,0.5572942316052876,0.41707703050759,0.13782018884686967,0.04575729907906344,0.6866358134109232,0.06049994940038781,0.6462202869872783,0.9009301800395358,0.201158742886183,3
0.08507660215331402,1.0896517867365718,0.7040888467310461,0.26218558790497487,0.8895714815951072,0.2666082905848044,0.4293560470001336,0.5795690856083131,0.7141391778926931,0.7042798328978553,1
0.23464744030392135,0.8407754142958463,0.5764785507840959,0.7775328571639424,0.8926743564605403,0.3012606323828184,-0.12192133876220884,0.5299892973352052,0.5234971918815826,0.031500217980060974,2
0.27052588133666766,0.9577447675620125,0.6723733421875857,0.4755329322803876,0.7835472754104948,0.6376003757968127,0.6081285754549491,0.5082428011857698,0.17153393352426255,0.34704288710766035,3
0.76200119915338,0.5112430258954559,0.45761867924304944,0.5264556667272043,-0.13430355221845752,0.44141888140510616,0.29653084027186016,0.5071189934351802,0.6234288747765719,0.4994608020176934,3
0.4401181110925604,0.20742509434649578,0.2959659921387491,0.13398737629329707,0.36855252718668335,0.845113959872336,0.9586300735550412,0.24586934339298022,0.43481750948864095,0.018734325609223317,3
0.4656856248947662,0.4640712997866201,0.2037161089003368,0.6982044223927456,0.5489050286270585,0.604586728660399,0.9939449671032884,0.8816925508496951,0.3379713882948124,0.16533188659671078,3
0.43469683856960695,0.2376143634909727,0.29246880590009955,0.18098951959331191,0.36592887077291636,0.9091765919505351,0.9260373811347604,0.2637431103255512,0.4500364821055738,0.0070690981289115926,3
0.45959131925872154,0.21712761953753498,0.2837394516876108,0.15397505953448146,0.35178013752088044,0.8618868275562938,0.9403363007700676,0.2539830712488926,0.4545299162832397,0.03382814693710617,3
0.09365747293004942,0.09282166922551735,0.4221992654204754,0.7303054798552191,0.12927187635428267,0.3685863983765423,0.5681851338114626,0.905878925046691,0.4289452084495992,0.5015579650397303,0
0.09337291219637295,1.1401305854108403,0.03472971307040165,0.1231621765784614,0.7954411770583283,0.7415424631802102,0.49990238951178023,0.3509514296449723,0.29475967880813236,0.9500304125112832,0
0.7611975516815355,0.5206291097009241,0.2916367716673368,0.36432303577722513,0.30630862695043604,0.952721975292192,0.637948340061232,0.2020567268731583,0.654131596820332,0.24946493343309592,3
0.1356125986076236,0.9628582017469403,0.5504033651765688,1.1295404752256781,1.1951137597992412,0.7034744822604713,0.10807323024828175,0.6531998834209427,0.6668449771941268,0.44733116103095977,3
0.667268475025041,0.36766931479513265,0.6006562502868985,0.6539296121161138,0.49711941333819176,0.9845088509034507,0.5713020306623605,0.23902098442635908,0.17870851437603838,0.39737544962228755,2
0.6413374109130023,0.3470157747905556,0.5683486026173882,0.4508870813947896,0.3784442642050278,0.6087267329907147,0.22981499439786635,0.7195622328724854,0.11612924126893359,0.7348586447838371,2
0.9302155142074391,0.22403853437687143,0.5446813937267385,0.36844546408589307,0.0992443744469895,0.5418961152626685,0.39193722841832235,1.3476094385218342,1.6023567328922534,0.3273643421676967,1
1.071151171097195,0.5319305064197108,0.13886677842960304,1.0209820327792376,0.5421779166865348,0.7569252979132868,0.4798316345538314,0.907014823403161,0.08660821947079693,-0.036499384799570156,2
0.9909112279124052,0.5046771712614395,1.0818244707525284,0.19743111215431175,0.02061276789225569,0.20957558119980763,0.2728881521907916,1.1251593148680539,0.9507904272775819,1.0923297706196027,1
0.6086971155784869,0.624437703120197,0.9119983798279012,-0.028888706534036357,0.24761890542067583,-0.010467897524313069,0.4594801007755403,0.8044896149562892,0.9442194821248222,0.8372723626385856,1
0.5629929958083563,0.5455286847548213,0.5027056178137642,-0.286717334393536,1.3178028952874095,0.9508120258140773,0.4640902499447946,0.7951537415847121,-0.23218751753178296,0.3741329711080665,3
0.9482076343632918,0.06942163095288884,-0.01577662120363645,0.681361084760203,0.978515275686288,0.1294360687153122,0.6274789137319918,0.6816907664689498,0.7001183835536425,0.7222270727977272,1
0.2940432568771785,-0.017953163681054526,0.8765336370696359,0.33543478066158006,-0.1041000182104701,0.9459616275365236,0.10235192452718081,0.3316853669356153,0.7072171760571946,0.41021224890046964,3
0.6791979990007155,0.5804341837140068,0.5188818544457945,-0.31707368655717605,-0.07926332476977982,0.24899732556186066,1.01340502977773,0.3691672996393139,1.284811406919657,0.5813439931249165,3
0.6962691908617298,0.4237455370622355,0.5464892006168497,0.7710142666430309,0.542373770425615,0.9707740376667653,0.6381792801257026,0.35848560192790985,0.18684420504048252,0.4808917597300623,2
0.10297180598450768,0.4195839110668241,0.2305466377065165,1.3142304172002581,0.8568964837731567,0.33969862590980077,0.6884808491176109,1.2321294999341954,0.18789965707695105,0.7768024017924016,1
0.2662139555335195,0.4663641007940155,0.9029665739503965,0.31468157150947584,0.07860563751506441,0.15324087705997147,0.821247759709465,0.3282042356603222,0.837834028512492,0.3285960939564583,3
0.251516630312361,0.013580919379330203,0.19270191908207623,-0.04734998600009635,0.2640321873575694,0.722225639784812,0.9203412530839751,0.07568024842181295,0.2469226099531912,0.03299163109967925,3
0.13855891407267876,1.0316609830930585,0.713916039263872,0.41211897169751055,0.9195668143241971,0.3053177718524042,0.5504243485831444,0.6768878171458609,0.6411487202222382,0.8055877609471648,1
0.33241290531091783,0.8231553910432016,0.6333517521505984,0.7629011798260712,0.05279381508378717,0.24930332375391537,0.7456620162796418,0.13057726877994122,0.055138430178297115,0.17750619752085514,1
0.9005085016425205,0.8939837321658086,0.49107939801067285,0.5625992545553544,0.08513522858277697,0.18238520369569478,0.05528812634255753,-0.11074923353835153,0.4185391472380146,0.5883605415179425,1
0.21137476027134325,-0.08240036605502263,0.6613331966283897,1.098486002891551,1.0851536860617714,0.25427857023256883,0.547283489572709,-0.14476561709983385,0.37254205980218236,0.10124732352787591,3
0.3186698485087639,0.44589186924625457,0.2372083928942992,-0.02604032949238462,0.25692053767091766,0.2885237387159375,0.10224315343552871,0.4042384942736562,0.9073604342537658,0.14312427841398773,2
0.21729875788839567,0.5617348404079251,0.40214832240318515,0.24733282414776564,0.6962614292122397,0.8771966065333363,0.8452310826166499,0.153471577871989,0.449985543820694,0.6009536008183246,3
0.7143570755804245,0.7662640478194847,-0.05584118575020092,1.3533495300505307,0.5819552925685965,0.03303936076477382,0.806788235566492,0.5025476042189689,1.0735747292498248,1.4221936855943333,1
0.4708711457007091,1.0202529265116211,0.8584259437940965,0.6311515851642006,0.6999005999792888,0.22351254482388686,0.7939782801900388,0.9348485300994235,0.5136509765885159,0.14336871754937963,2
0.4535451930915987,0.8473518757226719,0.4338350902502822,0.7532735106296216,-0.02475523420612444,0.3459548372394551,0.5800334289408183,0.1802910841598595,0.09707553084003714,0.22041939778074882,1
0.8482762140004549,0.5516656856608327,0.9455850789884357,0.042344784672935815,0.12970752803135274,0.06845949973173954,0.42899186299251035,0.7783823348539513,0.9389821239083305,0.8126847711576356,1
0.4870461939193807,0.2648904503558191,0.24856235171556756,0.19156764630417922,0.34584890477576635,0.8560794851033091,0.9893438397960441,0.2252745209411179,0.4543443435458104,0.07278249558870328,3
0.14528549063049237,0.3802427359092852,0.49782688998474484,0.22271244428492593,0.5735677865924889,1.0708236283570298,0.8827349384238494,-0.07482714179855973,0.6559450443740175,0.39301215625220726,3
0.1049187641961023,0.10753423080401672,0.673692469550505,0.2611733443461569,0.21634515821995925,0.4755121607646145,0.7685875052601475,0.6227621830886874,0.06585004986390014,0.3593725175299922,3
1.0811704099765365,0.6421320612610698,-0.003589042119288427,1.1146182220727607,0.5444135396404123,0.773401288924512,0.5630721949826462,0.7581683513520949,0.04776428409586637,-0.16643694469810505,2
0.4156764542504432,0.25451872251688906,0.306206239667298,0.133498069006852,0.32286390444487945,0.8535357664297555,0.9570344579330056,0.21743077596296478,0.4162116571210643,0.027945874073989792,3
0.6504843983884616,0.6170952460763994,0.9741853202728753,0.40731084960911884,1.0802283185312382,0.6117753028237024,-0.20889932481662116,0.4811583837974691,1.0020602088431625,1.219549134248354,3
0.5029178586222527,0.10037613424785657,0.3819952680444856,0.26572536775216293,0.32849855814897266,0.8393265937535286,0.8464139644335859,0.17767556337588924,0.42992546697917705,0.14144521355670797,3
0.4507835680872655,0.2346429223608851,0.7242629959397646,0.15203829732980484,0.22037900119623163,0.6868733364453471,0.19956407967212322,0.17311017777897542,1.0032522613266208,0.28774624659352305,3
0.21923180246568202,0.21658470075969571,0.7252815405227182,0.3955688408035434,0.10359800828734084,0.1762695581547573,0.7600460550163995,0.6304973524135755,0.5852327047252242,0.8858991035453392,2
0.37633725548024816,1.1835651887503924,0.30504784222710885,-0.4001663611258759,1.2779472428453968,1.2583068863348965,0.21203930245391506,0.6284896456883166,0.22252894014710908,0.46077807280964495,0
0.33388024154093265,0.6800580242079463,0.2169248256974441,0.8438467556033548,-0.034489336205647064,1.1695200355238105,0.026651568489964528,0.5624656747251134,0.28198987290929944,0.23783039546497892,0
0.9007895213405772,0.7449400411453236,0.5365557759959765,0.42648029762515505,0.26040814893557807,0.2922011026687705,0.17750949571919405,0.18651064236988463,0.35606074755126627,0.9152806471981696,1
0.15899276429670556,0.32925139804836545,0.2790006302611351,0.12681593215020986,0.31903066190021345,0.8830879058570175,0.42010643339013654,0.2152909277081179,0.6686654727939522,0.5752571877422281,1
-0.49569112806882065,1.134216021311171,0.7221542183582634,0.8299802675773348,0.6512705504430207,-0.31270111154100644,1.2975748629596549,0.4375539412465806,0.27119517152019407,0.10719137581436317,0
0.4208835769809679,0.4697193338318298,0.42401302425683973,0.4519633465929131,0.3417111791611509,0.8459171620085918,-0.061976865640376175,0.3992140710754034,0.2953707508810723,-0.031979624323230454,0
0.19904186283976325,0.929203252867302,1.0519136241584977,0.3491405582888071,0.5669072933976212,0.4662130961542357,0.7732983350145842,0.9897276203395687,0.6277780171182044,-0.12107217299377224,2
0.47465332695103046,0.5816029216835362,0.3587116013444426,0.183190276729988,-0.01462761296037831,0.6267777573997083,-0.015472696676437948,0.6180103945043175,0.8888014942015467,0.11734787695263545,3
0.6396792834239643,0.5019871430133571,0.7089539855639716,1.129136810704817,0.7796581275161144,0.28862186528626876,0.1526748917818043,1.0423154088364104,0.6496661364069607,0.9528365668392869,3
0.21932732302387303,0.7494186724954714,0.5503643815940114,0.7871140659312725,0.4531669304467755,0.35745649561152903,0.8690407291993038,0.2345583971405641,0.29643067337175844,0.586296699028666,1
0.8290907023689537,0.7835208527852168,0.6244262538882047,0.17657534106400466,0.3357917952310407,0.5867456883789669,0.3364816265202736,0.9377987761748904,0.588100191039691,0.7348861426791616,3
0.25766030821618385,0.6585005970582047,0.0939520003368999,0.48256358041363273,0.7687112812914421,0.6513725964187382,0.34067733875198875,0.1854950221148667,0.2653338755987298,-0.10365730937610457,0
0.43101500797938636,0.5443204862685038,0.37304707102453444,0.13917803488148137,0.031739340261512816,0.6572434805494475,0.004090237710404308,0.6519666812991657,0.9073424817182522,0.18243692377485143,3
0.14634445660536266,-0.1092618233212902,0.6549685658290362,0.06511810357878764,0.3626350093102638,1.2794680042595195,1.0111489404815226,-0.49681693703760066,0.5574741625295082,0.30156054618571565,3
0.22457945823996667,0.10487760328890683,0.5083612118147542,0.21239946238887608,0.4999154054837424,0.29252773754810324,0.5175512557773654,0.6269280021487866,0.5112340005128372,0.46897525325425027,2
0.7759810403220184,0.8833189383668677,0.5510736239175529,0.20272522633598453,0.931259930562007,1.0245358926708923,0.2030453753722717,0.5027542487903757,0.6835863282294873,0.4571652827825761,2
0.9418443894624534,0.6869034181291007,0.6688336779823107,0.271663191414628,0.4203603762523115,0.47333106228514177,0.4792330526717655,0.982801064054051,0.6607570970841603,0.844578772431591,3
0.5402406743333201,0.8291479370158286,0.7629897613437004,0.8810648387911094,0.8040905974204776,0.46529665667306164,0.21159951792606857,0.9252301793809751,1.0036143221819607,0.7822970089547054,3
0.4927814236814986,0.6087196524688854,1.2404050233997248,0.9236530968065074,1.0917296699232883,0.3139536491673843,1.1905186806256216,0.8900437470721648,0.5869848211762351,0.3030539210481375,2
0.9916571508753038,0.6616273175381727,0.15053861289399548,0.8951323122926165,0.6267937196687562,0.6684942786724294,0.45674299131818497,1.0065097327675474,0.05811628384221882,0.002785177718476757,2
0.265789509080229,0.8655638549787079,0.019069883053269985,0.44472287893880735,0.8472016705142943,0.7257642576657499,0.5222557752559976,0.3649269069262465,0.06261870878809436,0.8920672029309101,0
0.35219488719901954,0.34055864011887976,0.8451790900759937,0.4329135576651456,0.7223625576661756,0.13909000897145277,0.845816795290754,0.6171750499951595,0.6428672078787231,0.16494242159395572,3
0.26407362625305364,0.9521341328649314,0.6798212434390467,0.46312172503174875,0.7891874597095917,0.6287883206930034,0.620347048950572,0.5069945829596971,0.17947860960969508,0.34314150254681575,3
0.3553826367506466,0.27803353041612083,0.458025625600629,-0.052217361314182004,0.6330960661888414,0.6875424739343148,0.6126320841777043,0.2692406795978894,0.6425821469285667,0.34024270818560676,3
0.04590255144415469,0.13906196557188039,0.5622661231862164,0.5149855631661377,1.4838462987864676,-0.6095125670542065,1.4873709717072883,1.1741016885027076,0.5980181303456873,0.42677907435418305,1
0.8913324051003765,0.7766509491476357,0.33265190335425154,0.5737657391079258,0.14040860554680457,0.24870362228278742,0.3939012522018302,0.8957733165982914,0.43036482595846015,1.1465566268132075,3
0.4660176235436657,0.5956471245631841,0.4348747930039804,0.19099208212123836,0.0764651945137497,0.6094126012133557,0.07606095497494268,0.6426191999998504,0.941344490251125,0.11258885393226939,3
0.13312445657932145,0.35816673010332295,0.028721741093844677,0.09522022945969014,0.43482870639413157,0.07057024728365084,0.19490847398361352,0.3271988678007485,0.87501945803711,0.3057765097248393,2
0.275416743005528,0.9521401195783772,0.6666072731731622,0.4629184660462385,0.7802142684395327,0.633709013776508,0.6250676606863572,0.5203777783134683,0.16687657017280233,0.3501317250141484,3
0.9926151853255492,0.6123815093366205,0.7214924471647056,0.3329834007785919,0.17095719937782602,0.57756556523954,0.7150010577540513,1.0704136280967231,0.36353435389113636,0.7156692790397898,3
0.2912128027313433,0.33644678059297095,0.24157254820355198,0.06211879729520195,0.7623184811200138,0.8278298977366655,0.6765213751478826,0.03490570938939192,0.6095154901601942,0.29575265658776223,3
0.5131953894340293,0.6104343988088725,0.17501188793925637,0.5832449106049035,0.4050625954335295,0.6934770515482684,1.0994566411827598,1.0055466280587901,0.4176600953801353,0.1014407428071492,3
0.31875217438173065,0.18259180026476757,0.25798166450345383,0.09673994123197663,0.5090323839925083,0.8823255677017441,0.9686826138667479,0.23578264010757138,0.3029719140780859,0.001400901489469121,3
0.15579169872601284,1.2078440415562217,1.0785842759141464,1.453703701796171,0.7988210262365095,0.9554009585348536,1.22377165160292,0.05120526301055625,0.9283363370150541,1.170697860310646,1
0.03670231316649407,0.7500545213844787,1.02551044796889,0.8068093687736002,0.8171698029849617,0.7064988378830922,0.5899781088554112,0.6391725507442507,0.2262423237541245,0.3881665411455262,1
0.588725981426429,0.9906480244591387,0.3086157688378592,0.5576338554534845,0.9856901442588412,0.5257329189836323,0.9765171765283227,0.102350967374514,0.9034664226331719,0.7948289877747872,1
0.37086769569315625,0.48604383737738566,0.7888604109868138,0.04725629977547596,0.7839350570193149,0.7928332241604356,1.0696350319509604,0.05855226178533856,0.4149789940158665,0.8715178665325454,3
0.14504130726699524,0.9600972054211206,0.5269891739022723,0.7429564934772438,0.4052002706407394,0.3479238706146267,0.8570837186772844,-0.0075247251300280815,0.46405251744797493,0.8662471147017938,1
0.6065340743319226,0.9735525686924056,0.32027155564429327,0.5881585379050276,1.0023768707071694,0.49669220861086333,0.9829171210047275,0.1519584263236212,0.89449623490653,0.8273388443543062,1
0.6495053836459294,0.7325910373898964,0.5244689445005595,0.1715366399680936,0.7021740028484283,0.25173700250121134,0.7243496235792793,0.33778614960288944,-0.16148800465420868,-0.24979009160392174,2
0.8889534892198881,0.7274339961404279,0.5350893708273029,0.474959012752275,0.28146692017179614,0.2349865135386881,0.24492219655107494,0.1539980499455695,0.3898236955787249,0.8591391546959918,1
0.12820576705648884,1.0318660222851532,0.6306519036221523,0.21640290556261546,1.0572495089692808,0.3499252676778813,0.7448999540692234,0.5627881583323516,0.7160428834841459,0.7364554207024404,1
0.9635819336158364,0.6885232434298467,0.4865664927129615,0.5152951969662182,0.25582819437674775,0.21129895464504178,0.2523300673255006,0.16798443475387564,0.41408314205988045,0.9264266029715937,1
0.4057253975769668,0.7672109921100917,0.41006083895878853,0.7319297161080587,0.05809604767610799,0.2854167638486233,0.6640206584025421,0.3030339070581845,0.2404409471697107,0.1454244152163694,1
0.7179157215932298,0.1601982990926706,0.452574086524426,0.4597670037584507,0.08388290544177529,0.2732974020752412,0.18037575757700156,0.5468968947472722,0.5278589297258754,0.7932395041987031,3
0.19633107315023196,0.5636365114612213,0.5256649967093798,-0.3346464110297649,0.7427437461870929,0.3278903931503574,0.27844927492513993,0.03498161536825302,0.8219226238072836,0.10294567198879567,3
0.8252044277837649,0.2910072120790105,0.7070608194223427,1.0475354611889032,0.2681571624674961,0.07771551013543226,-0.2678217885901403,0.4643253610691469,0.6061970335559914,1.0907811492911357,3
0.4546048655242812,0.1497716058463756,0.21045049496987953,0.29141929708395264,0.309605381072642,0.9103917955264974,0.992471168405328,0.12158117015748243,0.4370961928343862,-0.07754025822484477,3
0.6860837610832227,0.5178306748640191,0.23196140581567284,0.3677098960761557,-0.19561407072939496,0.29454413522912004,0.10225844887905727,0.34820968461876006,-0.3204930750485981,0.3166285359663902,2
0.08042414521851798,0.8076458259536625,0.7924578693268317,0.7256470331782773,0.12536559396613045,0.26529412703871835,0.9896671291450853,0.5950994174352847,0.5936280115601714,-0.02775741867592152,0
0.5623537849983438,0.5630661166542327,-0.13150112384975998,0.4008256060605292,0.27876786216483335,-0.10584926915391046,0.5307840658369618,1.1504115386863756,0.5323704672771671,1.2237004735083048,2
0.06173763871953393,0.7735553768359614,0.8449887816599374,0.218554468936267,0.9890865993538509,0.5281672595322805,0.6808658705718232,0.45701328149405906,0.720628145741894,0.5099666844356469,2
-0.00047101802145060184,0.9810972801824596,0.8029194360046318,0.8022192731308031,0.21890064071507243,0.25255903684566666,0.9879732704335358,0.5334649337583963,0.678496518452706,0.0019658891649513843,0
0.8708995012630045,0.6234943479558063,0.9711361107452017,-0.03786390383568068,-0.0811791463970532,0.004583416968911819,0.20390613265111565,0.9287284134462059,1.0908522768025382,0.907238513966228,1
0.6590626129563958,0.40059576512210276,0.6593982649907659,0.8674962193174063,0.5285476368101502,0.7943334055135216,0.6320919076396486,0.394425368653184,0.09191128001400861,0.33574510961127435,2
0.5170790222643192,0.796579438526593,0.7504500105935301,0.8894299664415499,0.8297452309249648,0.4215726623422438,0.17615179185212057,0.9291021439280176,0.9820856152817568,0.8349979547400896,3
0.9231412105613103,0.7378185221237042,0.5085061502235135,0.48388184839484794,0.2701880038164383,0.27868878354085996,0.2458467024264558,0.11549021613163851,0.3637253120844834,0.859758622170094,1
0.06603867105738784,0.7720292380332928,0.8417751088191925,0.21935380631484688,0.9912132034469214,0.5447905214109412,0.6787156280130595,0.444787665344745,0.7297124972550953,0.4911218199669222,2
0.7965128215799728,0.6946120617795688,0.7726361914398006,-0.008386219476035559,0.08927914194395206,0.055579545426715865,0.42746197880656667,0.9887633768274331,0.9001677601992071,0.7426730313051476,1
0.06459994745747392,0.904930433107272,0.7610654152470178,0.27001124462760884,0.9114201770867424,0.3803762166778434,0.6730802711144873,0.543464045659502,0.6210123156762966,0.6660713063029063,1
0.831075523683617,0.734377369287402,0.5433257331477156,0.5464312435446392,0.3663397852822588,0.2911226461876438,0.2459944632359085,0.17832504483198378,0.30449921209395536,0.7925598599650566,1
0.2263975472509875,0.5315671838221265,0.8285969296949005,0.7172385833169551,0.6123958289629772,0.6522386867559155,0.40318258959245634,0.4854015079732221,0.426358192514887,0.4986939278049492,1
0.19376315121157306,0.13714763279819525,0.6493001981276899,0.43249663960594925,1.0266386424516305,-0.0871799270444532,0.9369551446087401,0.5391854026772114,0.45381845834546897,1.0058819035586286,1
0.9705540443964226,0.562672932613124,0.12990146179779455,0.9550779196134901,0.6896760248870364,0.670947824191334,0.40519093622926333,1.0020489638542267,-0.15258086272983942,0.12685090559212442,2
-0.022023057923821476,1.0216823903276366,0.5474635147749742,1.208289352410783,0.7548320353841766,0.13130392372245242,0.7728332715530583,0.15965552395988664,0.26248100295019744,1.0755343139513507,1
0.5516314610969181,1.1151698241114452,0.15447195712618528,0.832211600059254,0.3665837978005443,0.35316712028541086,0.3015847873175601,0.8386922014056514,-0.014842355525160125,0.9015811138855991,0
0.40238059600097803,0.8075737151134367,0.594376517056295,0.8560832979366844,-0.06059327807412668,0.24773933717076843,0.4664578115288924,0.2735955329444993,0.05197548196631696,0.37059750403784414,1
0.4551391172758879,0.1995341933509936,0.2789747219048166,0.12839659853782442,0.34226583486380097,0.8545202488631415,0.9477226399421156,0.2735969076603788,0.43035611813632524,0.05392088963104609,3
0.4485332893450885,0.8035446546701521,0.19946433911726624,0.39929066956401627,0.09448189390553799,0.928734150874625,0.5289610137285272,0.45695081321420544,0.15138353060348914,0.9047399596569414,1
0.518778628406671,0.48066846412425773,0.2679169075735646,0.504695234419836,0.364119313671261,0.7720572104414594,0.9966347196069287,0.8426561187425383,0.38771754130363006,0.2995636065332178,3
1.0566587637386207,0.6762999884541269,0.46890058345330865,0.060149849862096816,0.2514501196883417,0.5441259580572908,0.3604983387931997,1.1346541866492228,0.679480331695703,0.7867771373369902,3
0.2559843191395682,0.938116266804287,0.7965496787368181,0.7671325864833858,0.6262435193066895,0.07343653753199425,0.77578479293994,0.9180188415078682,0.566025648483108,0.22679450485008185,2
0.10078009038027133,0.10448193581169318,0.4148217448637189,0.7456154370872308,0.10867782140914711,0.43825003659834855,0.502490052022757,0.8238834931593129,0.3645763688912384,0.4315487042713939,0
0.2377754880434606,0.23489015340010344,1.2566217925447565,0.3610587508135139,-0.23978360297176243,-0.14694010668873228,0.5227221555901879,1.3379622745038966,0.6294633678340467,0.5499986619967752,1
0.6684968747275267,0.7077309459672413,0.9690149268049002,0.6660520210818184,0.48813765652421764,0.5713443322895754,-0.2885205004045242,0.847708310913023,1.4864527747685021,0.9112055910930705,3
0.12958020100228052,0.20967076694156975,0.3402293254886653,0.007412078719999779,0.6548178758235168,0.8957008976485487,0.728979449058571,0.1550088296171135,0.6306572824264358,0.4532416217865804,3
0.462916118684956,0.42591953226726764,0.08529567773494995,0.5529951444203479,0.3453670135489444,0.04781666073242416,0.036545461655568906,0.8377756187212179,0.09082751109193785,0.6072666845297844,2
-0.0018054608816979664,1.020607265174667,0.7557491898753852,0.2425893936909699,0.9527430033317844,0.40694658409840734,0.6296232027709223,0.6419687140299458,0.7473991028696527,0.6702226369625565,1
0.08961352303711334,0.9921413784212129,0.6980245864469194,0.3284394345723022,0.9729094272084851,0.3645992682425848,0.6479444660788108,0.5712309249348395,0.631523170307229,0.7328786647208179,1
0.2799573823736705,0.24639607145134607,0.5480461873913537,0.4348374680318321,1.3667080292149452,0.652643728508684,1.3825696103537715,1.1075808639922198,0.5170050091513808,0.653097868346345,1
1.0341924436102927,0.7457598053844997,0.7816050293469159,0.2984303997734728,0.4769122816499466,0.6164756178347668,0.4756116993045493,1.1119394558324032,0.4894567135293202,0.7210748068895315,3
0.8026800500826787,0.6954675268888951,0.5359001476497791,0.4143258416566936,0.3175236678127967,0.21504116417865926,0.31345267394917853,0.0784602756379863,0.4542718284832322,0.9962038218193126,1
0.4543645078115561,0.22524409398614703,0.2810720544757962,0.15745864277467184,0.37672015913527035,0.8481615036806479,0.9561180716247188,0.26192323209125434,0.42655205005884234,0.007966857725354898,3
0.3755450091454042,0.9217632760949434,0.7330576765828778,0.7352829850475524,0.48788421063597825,0.24324781081009295,0.8432762478273308,0.08581983430684077,0.37656839382857493,0.7520700833073397,1
0.8654035301106361,0.4432785824683763,-0.04505298993727857,1.1007344862687831,0.02020316707605365,0.013647659524259448,-0.07475890821684275,0.7958207953661033,0.7429022855102145,-0.0677748507680241,3
0.649290047617717,0.2760907742265717,0.5227978124684877,0.12542788609011213,0.31588855473238253,-0.10147558808032048,0.20091178755225425,0.788758966042002,0.6270598662984089,0.36388208397341637,3
0.13052715567404755,0.3486003484217992,0.015027230949908436,0.062152675722136855,0.4631677696761041,0.09835898024936371,0.15869347737248432,0.37130036742614997,0.9550193980575954,0.2910696708673196,2
0.9448804136367684,0.41939862160211006,0.6180995356557257,0.8666090799246166,-0.6087737605682205,-0.7088902140602096,1.8200671120903893,-0.5980695971631651,0.9063420835620072,-0.1433676934207332,3
0.1422990736444344,0.3839014933692443,0.01699798400275392,0.05959310516161395,0.46278299908996795,0.07677589242837449,0.1624630235051165,0.3686783248636542,0.9143664087759392,0.2545164059772468,2
0.6332119881495819,0.2917728925597938,0.45575276806665543,0.29861567971695124,0.492950934046586,0.9312884636174974,0.8506543677760028,0.20704464411182058,0.5367031201661971,-0.1196678162298993,3
0.18036722273431205,0.10211831711973202,0.529471316214975,0.9058060751620233,0.9113763223122152,0.41179234062398673,0.5883195136673502,0.054909257671305056,0.3258965209789081,0.270493320406189,3
0.32053864694974005,0.496686894892009,0.3705704868443839,0.5303061008011706,0.4550830133462281,0.9619962167575464,0.029254633892403313,0.42088353465295325,0.36928915636497783,0.06291746849121269,0
0.36480413014425456,0.4497290295369837,0.47628325333163923,0.3150245698487345,0.6127046150694837,0.6677974256180277,0.7801596437377869,0.2713970798409802,0.42547705419458237,0.4749868627828884,2
0.10486622326300252,0.13755326944905086,0.4437099797510878,0.7415977550862594,0.03774532580642129,0.419668743825514,0.5155271253317432,0.8036442762854739,0.35333239087841783,0.47904905601470843,0
0.3356138264845446,0.46886337463527805,0.44026197160578706,0.3020456693460744,0.5657108068086005,0.6598413459559593,0.7909011467494325,0.24814631505366125,0.4623881975315418,0.4713728934278927,2
0.5171555954930939,0.22055013219480527,0.25115598458528565,0.21103892117692313,0.3381323789214711,0.861267906957568,0.9800733667626867,0.2716392846993426,0.5097958461981104,0.034675531113413184,3
0.19560164991875517,0.4534299622643876,0.5909211921154625,0.26736443197481624,0.6911220645370753,0.959855941976229,0.8227385423266925,0.08333890256842894,0.4028510398206265,0.6532590680312997,3
0.8454651609497799,0.21566362709314282,0.07379124319956484,0.7178186093122436,1.063369348618803,0.2300858816631945,0.5934663340480555,0.7070635389455051,0.5342914262779368,0.6297318517725822,1
0.23960755399617176,0.10761142168129482,0.2156519031755074,0.5785507078517198,0.5224924363173851,0.8315263502636451,0.10898320218819968,-0.04020122206329646,0.6852710830181126,0.7787212734948769,1
0.7046881658589492,0.5757494287851117,0.8628357568742436,1.0960275556566073,0.7505334145375742,0.6508257429230624,0.15984470184346944,1.1843990197029086,0.960960352364929,1.1265582213354277,3
0.6854778767141687,0.6146788428961931,0.8615004990884415,0.10766145341364833,0.09036029497271791,0.07172418932993467,0.3865787950091084,0.938578563857482,0.9401160032223876,0.8302541008153427,1
0.29028607969473885,0.4190151339809,0.18596257022259194,-0.06999817618273939,0.7646983289163793,0.9018135120931616,0.7719000603954875,0.1499299450352301,0.6698860678734594,0.2418118195608325,3
-0.017733451161493732,1.0420549617903334,0.7051634503177554,0.09469341595356842,0.9961531980621229,0.3989021753183466,0.673788972646105,0.5425149878213762,0.45554119563757034,0.6464306743744521,1
0.13423812555744072,0.3895847050822213,0.42265183342621204,0.3080152968629362,0.3439819945748963,1.122975050592788,0.18422033340667676,0.3594374681680534,0.21981571499844735,0.19446295214988543,0
1.4476216216172864,0.9913301484702706,0.33349350659058974,0.44531533934587475,0.2954703279642937,0.46651503881085987,0.5305370771651662,0.5187841169106939,-0.31798459345325303,0.3854580353769325,2
0.1367451527250108,0.6408261908798467,0.9457007511461666,0.5839832218191513,0.7086034622363445,0.6284604763449987,0.4465842649679908,0.43888198388073274,0.36752413045604143,0.4963952371086971,1
0.07003462300842114,0.42343376454049064,0.08020115709320529,0.06769376841461455,0.45566606299750234,0.04963939730973367,0.11199574627659584,0.3691812419757637,0.8719304126781412,0.24505608405524854,2
0.09915829893404604,0.9530193873627772,1.1801012962460513,0.33134698107798083,0.9007952530551513,-0.10283680537248352,1.3039575946116777,-0.2876459248515297,0.8385074338290279,0.9349771421525496,1
0.5172073515299551,0.46008822209741346,0.7149278687641888,-0.08601948253617264,0.6345118861345905,1.1246224312975583,0.5563255365861381,-0.1841062133986704,0.7622562239289812,0.907097346711856,3
0.3714920052359719,0.3478485529472596,0.3606330272352546,0.7894119686276844,0.8934575179309042,0.6651289778355287,0.38973793137254703,0.008929370798985814,0.09513852953672147,0.1743385294743935,3
0.34743911760033663,0.11821411138237561,0.35193513341701427,0.02032093560604309,0.19983703698149358,0.6626431394375901,0.08311640707147291,0.5157366109673414,0.6051030454473848,0.38475284106050067,1
0.48421472131753895,0.06391053759205956,0.3895625386462145,0.25646284695703814,0.39294808062025405,0.46132923811579696,0.4722452701927967,0.9428573921769323,0.3494342849666663,0.539843673958672,2
0.540101173837898,0.29540313907084104,0.09192423481903687,0.6184850820887513,0.3107856499417214,0.0681591602551661,-0.051235060525054776,0.78932910384469,0.003326929767754158,0.704644917255327,2
0.41139724657376364,0.22845662044038245,0.37222646260589864,0.22957281401294538,0.41651791951520484,0.8325264819991439,0.8709813860774632,0.17013794763579398,0.4090130923329067,0.12141020183881308,3
1.0012340639301396,1.06205489746331,0.8873583175779071,0.5527885415815986,0.6639318832684026,1.0224310328750157,-0.033125305591072685,0.2834808417281548,0.8601281409768322,0.48536343523168207,2
0.9996672116462055,0.12624645432390558,0.6415384364955014,0.12487751266170113,0.6303746886060131,0.25601591106007265,0.2058469205587334,-0.03311781638269096,0.16814884890967782,0.35065581452452654,3
0.7757113599493334,0.6585382300669462,0.8808130572250574,0.0450600574311378,0.14690836324651288,0.06252170624600253,0.3374212758128751,0.8960141361234157,0.887395550136041,0.8654058265907407,1
0.42198990058987235,0.41723367875864614,0.10791005841672688,0.5386866129108338,0.32982355524658746,0.09731701312416638,0.07157305459138608,0.7895798977936456,0.08251287320308999,0.611182250184728,2
0.27431436727107883,0.3372559455852596,0.17211493249240872,0.6827358002482754,0.2510636435397539,-0.001342583906713296,-0.033374874464708604,0.678654681019073,0.12026905955083933,0.740064408329759,2
0.594619716703885,0.8394062896853149,0.6794803093029506,0.9111247098921148,0.7915872441244505,0.49162245498683554,0.25677811445498827,0.8873543090931685,1.0089099719211971,0.8852215194319707,3
0.5121830806457514,0.287552921762484,0.22781349461955985,0.08816239084695948,0.30173284838973996,0.9101355182494539,0.8774813350153268,0.1888125322299173,0.4270901922151667,0.052140653331602754,3
0.24837218469689124,0.9587795555470696,0.6769284164217919,0.7477173329652942,0.1036087745885943,0.24815086704076475,0.45452721545759867,0.14390055873959615,0.2784313117403634,0.15934939578757773,1
0.7957226693112498,0.6752486721789643,0.8079290258283208,0.1114183366802329,0.2464692797850214,0.0624537477653526,0.30229265940109484,0.8999250342671931,0.9447380540524118,0.8654898894767005,1
0.052901543093254094,0.7728686507593643,0.8476947902483405,0.2172378044255351,0.9860883797523947,0.5329604530966454,0.6868482396023871,0.4581939110732248,0.7180930311269111,0.5060340309789946,2
0.9735925334219805,0.4901904953979701,0.05882829293116126,1.029196666390427,0.07145147757815272,0.12480660564233428,-0.010605098283169578,0.8495715639759515,0.7750533219940285,0.004541333238776882,3
1.0703799874245314,0.9004106389101296,0.6904271066661347,-0.0945443273494544,-0.1101700893276103,0.9066254343875586,0.23847604213915877,0.8009536066574889,0.8152056621633003,0.5781345839900582,3
-0.5384677077001179,0.529991042754772,0.23470434049577604,1.3891077739879547,0.9523933564117808,-0.3050890068888307,0.8845435065817764,0.9472427368135211,0.38078628281330607,0.9030813747271762,1
-0.23294110237778137,0.8039456709145647,1.0780839209258706,0.8598714662636773,-0.07460229785850742,0.4858949940533453,1.0731321386934785,0.5943209646138323,0.6795256073700213,0.2805861502935194,0
0.285672712632563,0.7498420521771627,1.20087165596912,0.4337148832233024,0.6703391462712147,0.6452457683707182,0.012825715703070673,0.3030631222493847,0.6951592743668084,0.3462869496410881,1
0.1744992656048481,1.253976799274944,0.9910787212511971,0.8229500475806182,0.057207784373410286,0.14679006023195784,0.9099986475998836,0.34788520459490435,0.5329927146024879,0.1312085288029674,0
0.7468000923341028,0.6558747468188758,0.7407534270232606,0.014445948576314496,0.21134082936190107,0.06040264799093936,0.4433613108095476,0.8382099552242068,0.8540303275923845,0.9062034922157755,1
0.007897690179984845,0.40952740010922967,0.8747025941019286,0.42663952326209287,0.45713003456709445,0.8279565909681346,0.6080558505560467,-0.13739719979279086,0.33571889188871984,0.38203196100478687,3
0.6225824556026706,0.6511603619217625,0.5971976415113859,0.6499197547455742,0.08815599553217734,0.53609795991583,0.2614354277458167,0.5519887461259579,0.20254969825442165,0.24323657018750056,3
0.17926976957890672,0.41534808638643983,0.9958719759180534,0.39936231547884865,0.145935770572356,0.1050106477903172,0.7650902926578231,0.1092024387237467,1.1392432784499955,0.35973147977648995,3
0.186181274195923,0.6043762366740923,0.8617192150110708,0.930852627689201,0.36375306185877954,0.17272788996059335,-0.045050618584180774,1.2536577229146812,-0.2279019570302735,1.0828105987791417,3
1.0227965905113159,0.029503243677520996,0.7090155209480578,0.6588887170856462,0.08502441606544554,0.013826435461878506,0.6755166530069947,1.08089374728661,-0.1801276345768401,0.30545762541982124,3
0.30669307535077883,0.5946188471076727,1.4779862714358178,-0.12074250554948057,-0.31330614320957606,-0.46857683878139056,1.2938729962380124,-0.07134859832688917,1.098939031028577,-0.15101557942892885,3
0.6059270961949169,0.4562618709413598,-0.20347028335961626,0.6424749257673462,0.6554189003789572,0.06694122766699913,0.3564592116804048,0.9760587845075198,0.34248671563767497,0.8958852472019644,2
0.5827926881808961,0.6681035158721613,0.11875631048454538,0.7379463950699775,0.1817990143200867,0.9057087624470137,0.08784167123073783,0.34051618284815166,0.07885589679778558,0.3011817540860866,0
0.434595053134076,0.3642735095560138,0.7046334397045008,0.15908257787937008,0.663864971624346,1.1682851792826545,0.9299456694793976,0.19340847961515975,0.45143935736490265,0.7118586157389416,3
1.1890084559721774,-0.24939321382690816,0.5190682916361127,0.27879182371695765,0.1074786456844794,-0.17002902972931586,0.38533290485731986,-0.7559461051086147,0.9666045835023214,2.4819750687410163,1
0.19532696911950392,1.106872794250432,0.5719805058732914,0.46622894560829153,0.7029336744243376,0.647311518671371,0.523395007348195,0.3425389833945404,0.21878432539660767,0.294910471705542,3
0.7240629864559012,0.4470045495606922,0.5916584148169466,0.7425072855680613,0.6350752780668723,0.9102921390044639,0.5836583003698771,0.2097358369931424,0.1773402346279467,0.44761687576779513,2
0.851293338870179,0.18383619830948159,-0.002006505785446505,0.27624041918081593,0.722868988563009,-0.3499236046039042,0.5156824420248824,0.2628980946687065,0.3627869797738432,0.5067138038189615,2
0.37406115739160306,0.05793671021984603,0.895844940112186,0.2871989018961801,0.28048530004671346,0.46017113628955575,0.41975634403998385,0.958513436566427,0.6863647704952451,0.39237519133055004,2
0.13538834803861732,0.6882275353195308,0.9109292166972293,0.5905612974061784,0.7082240527504007,0.6441834915080811,0.44718600507587514,0.4749450704329767,0.3171145892329428,0.514297800917657,1
0.4964867193978152,0.21031312058093857,0.36024065532391736,0.13496406105961734,0.4830762799690873,0.7664635873410044,0.92191570258244,0.17351561380624364,0.4768277524453434,0.15200086070156393,3
0.22460152838055303,-0.2685412697565802,2.187310350261863,0.3912011525182593,0.3147026215287328,1.3559019502700502,0.05134715700975234,-0.2717019060203971,1.0511054546626015,0.6956666468649239,1
0.6627989734858513,0.6357672167325757,0.5289518669678651,0.6611011838231505,0.05035655314594663,0.3028614598128775,0.00601806602893773,0.35691268038849727,0.3156080318577542,0.3409440481487731,3
0.831961100655039,0.5626945501083304,0.8185720619159699,0.10402298602839534,0.17411845452713554,0.08466674259628969,0.30102540336997247,0.8217284847829196,0.8667712725458421,0.7901934069639664,1
0.3033504439751616,0.41884720215598886,0.46769447425665384,0.2608231281022363,0.6167696054303052,0.6843175011440845,0.7920498738647671,0.2142275473622799,0.4415898168756588,0.5278712923765659,2
0.903612387466689,1.0685247121044064,-0.0651933816549618,1.0159802902881343,-0.035312542398866414,0.5072346840299073,-0.3740669472376155,0.7718634368790049,-0.19300576017107907,-0.1413488217800093,0
-0.20825730115816032,0.4156455950934665,-0.4087729916495171,1.440506354626585,0.5204725658104177,0.5507568145838097,-0.24325840433732926,0.9629194132458498,-0.26376972090594464,0.4628657368829069,0
0.17750934140752883,0.5869057311959243,0.7737910513229491,0.6053853618211159,0.6736207941221594,0.7271033684086917,0.26481152410499287,0.6192163315509718,0.41467792800567377,0.32551433406606267,1
-0.00808209897941152,0.8858273331456867,-0.06294136013057655,0.1666011991951461,0.6360901712311046,0.7848735186934775,0.706887527734074,0.1301658555991212,0.15706442944105792,0.8520623121968811,0
0.8870042809784111,0.779661306036337,0.6645925376401524,0.8528837782719143,1.093493403938168,0.39929825925057705,0.11542977500579134,1.3145505785180516,1.1579678839085146,0.6393635785566736,3
0.05570748242504818,0.77573915711724,0.8477143296899946,0.21677143366614426,0.9865778337247877,0.5293733618394835,0.6849759520530327,0.46164642684001267,0.7154221601584712,0.5077206309785699,2
0.7260881577544687,0.6694400439610144,0.7933835307030684,0.1345930637817297,0.4623362403137939,0.6111194207041097,1.2613450538663065,0.19272700658378988,0.3833240640304442,1.1278955593620383,3
0.9155112030543875,0.7089483996745303,0.5631167188061816,0.6326644890160735,0.3640764204966271,0.3503510764949629,0.3812177243989284,0.2336806824154644,0.5248831734650166,0.9948079259972638,1
0.7896514238216278,0.5888085503748998,0.5841130785117871,0.5235036552687087,0.12064781121415741,0.34290566546138246,0.16501502106207286,0.5585760271045849,0.37919202976702004,0.4376423056320543,3
0.2950267918006141,0.42647147275676484,0.5115374519942859,0.2704746835372157,0.6676875722236673,0.6361431264593607,0.7331758516806102,0.26593549913778886,0.4271607210267495,0.4789739370500711,2
0.401336775883764,0.06651150608980888,0.5576244751084654,0.1295110351662643,0.13282777527507592,0.7122102289116917,0.2904885562228091,0.2737367249430327,0.898827389854691,0.27388935858610397,3
0.30272681214363845,0.9894087470248435,0.6176039819908419,0.43290526522724343,0.8781423066383786,0.6176799599016989,0.6747466609295949,0.6063895060744651,0.14282634868518665,0.441708545713406,3
0.7965834080736136,0.5509977969619283,0.5802263590117747,0.5719468037283897,0.0785429351007511,0.3581622338033915,0.17265167390027392,0.5400954089503097,0.3789422702657413,0.40236665585874765,3
0.08658032695027969,1.009761125345812,0.029497756557442342,0.2694958058043583,0.7443084685741267,0.8193982385715307,0.6110223432851675,0.18542936498497137,0.22713269894758398,0.8367386790955491,0
0.9320524636824936,1.0018607535076107,-0.01704286171669228,1.1122814999990136,0.6489863751827365,0.8869766004441376,0.21004283196332874,1.0870858163121102,-0.3332903021361119,0.2832348350772954,2
0.8677193948356527,-0.1462335396021791,0.19604556156930342,0.5661273073635492,0.2010398006382812,0.3394237631550605,0.1800487011187701,0.733220109037654,0.3426182002021646,0.9952850115763912,3
0.15665295322135678,0.41220990928654905,0.19666266810616187,0.3711724084098807,0.5602685505360154,-0.22719369763113484,0.12109568646123577,0.22788415974406886,1.1578233734872376,0.20650467888010962,2
0.5955639570505069,1.0688632188576381,0.2105642984706112,0.48855546289651486,0.943966973813305,0.540196234105,0.9069139074817559,0.1826979299307842,0.786092665839295,0.7203745315677967,1
-0.29981680926874194,0.9573596204543235,0.48007999096032455,0.4808813329866236,0.26534522201303345,0.27823162192792783,0.9976078978225995,0.24480627286584206,0.6304971339159068,-0.17924815379279221,0
1.1122170050426772,0.15330515956484703,-0.1417004068487277,1.3828648268002985,0.34914631535421636,1.1847443662939623,0.38913288288713377,1.0661442351404662,0.6277550626405731,-0.40257863514388764,2
0.6842676065450686,0.17691440602245728,0.4296026786767869,0.43645528609629003,0.06764871235662256,0.255184252166888,0.15707979222432525,0.5132524129446964,0.5472226035992214,0.8070523038539533,3
-0.10149845547370345,0.29060954748129564,-0.04566989475830452,0.25082780307418157,0.5844479052937757,0.874646141727962,0.28013580547840405,0.5680815344744422,0.4750682213244385,0.6099719099941918,1
0.23534106484387574,0.8144822202459644,1.7453468402422307,0.23353176585628893,0.49316418496005826,0.749385592490244,-0.5425158328532292,0.13739553162538243,1.1261261144168357,1.5810512676046193,1
0.5525984094041434,1.2886366205328292,1.0800889539016172,1.4039258746548264,-0.1220386389386669,0.5551318473163888,1.2532778066163055,0.018930593200700896,0.15750360019705612,-0.4329792742212259,0
0.21049698385748183,0.12416003134638291,0.44909518317924724,-0.027231124917559246,0.46959743673776244,0.442265903203777,0.5952175104665703,0.6328046162885843,-0.2525432872088882,0.6990832559270069,2
0.3793667225764291,0.3464071099481031,0.27006842394089003,0.42999801374290664,0.46428071375676383,0.120457264552197,0.0620104385891867,0.9284537211745248,-0.07160653170172912,0.5722737187030229,2
0.9354194581920671,0.6386505411763823,0.07667225086819358,0.7769110645681974,0.6602249089540202,0.47985767741538354,0.4427309791538319,1.1459149042099421,0.06041514681592055,0.04592699438692156,2
0.37422110466757946,0.8837160724162992,0.417896837988878,0.6033274868438632,0.076293969076859,0.18141900189835988,0.47243501189128884,0.29497048934080633,0.042009977179758504,0.10076904286820709,1
0.4136937497744906,0.7754801114214457,0.5428055983289775,0.7176476943089599,0.14512866515988831,0.2993672444784199,0.5377656325314483,0.1891599238990917,0.07604737787798668,0.3129275847089378,1
0.4585317267154782,0.17736676574432214,0.26340496075186626,0.1629979304894273,0.37397453633572053,0.8548065935004967,0.9109537807266482,0.22925340125001198,0.49153529750450053,0.035229561337761874,3
0.16602438501369093,0.549744084146046,0.06600274421933042,-0.14742644269417984,0.6120017064382504,0.6140486195791441,0.5035508019608729,-0.05418576797623753,0.5695525015682029,0.27798018363915855,3
0.18920238463695083,0.4272514657889545,0.5560010289629256,0.2980120130361513,0.6313769606504571,0.9193243050489143,0.8783157620393183,0.021858007225939793,0.3472190906098333,0.6227214952667762,3
0.2751113070929244,0.96225488786038,0.6630056194995625,0.45594882518594293,0.7805208194846077,0.626813703003627,0.6247627999848695,0.5204341421807377,0.1829350427575057,0.3610252599471674,3
0.6657095225385379,0.2645398366283551,0.5747063330931687,-0.35757304501526904,0.6004654527978944,0.5617821204177205,0.7678241346265984,0.4013674413251131,0.9858417353792466,-0.1756012897025015,0
0.05778922525189056,0.9546395423182059,0.6883730017539844,0.30352986325486064,0.9398953997475652,0.39102075856191565,0.602425935189389,0.5849953869196992,0.6761413612474609,0.7152253145950943,1
-0.19288030768985803,0.5786617849860527,1.5794875971495919,0.5194318758413426,0.14310870313889565,-0.272783910472735,1.395086419201919,0.8024231598191203,0.7771033661767109,0.4104490178574859,3
0.5044983030708527,0.08045056588535907,0.4044877773022651,0.4732552289674947,0.44824970786869023,0.6345190149116773,0.29476595200465444,0.8057432051081479,0.15813599527034347,0.662867521246834,2
0.32344707045980137,0.9293758544691997,0.6758288478179334,0.8128985755569103,0.4652577310092574,0.2938931063415583,0.8993106053665602,0.11457554371105584,0.4275008652205707,0.7427846596249019,1
0.42417595994968343,0.5627462929601805,0.39559239086292,0.14391486371409476,0.04024195765573351,0.6434572339945769,0.03500818939090282,0.6283404615283043,0.9324078060812554,0.16326976554046038,3
0.215648316420454,0.6781076484117016,0.553976462056561,0.7065996800305683,1.0600478790574173,0.5066129517792115,-0.09988389683012139,0.7011058249689832,0.6613682973561658,0.7501936967518135,3
0.4804447837732759,0.8755198377552095,0.7046995697158701,0.8690823281276561,0.8556439181203199,0.3891328956589581,0.1113244929819215,0.9974376944597259,0.9682362463480929,0.8224881102485132,3
0.7098571070392541,0.025529610850653597,0.625517112886548,0.38873375193839516,0.456631861903269,0.29247313100149713,0.5044402542176176,0.9845417080304144,0.5651650174808422,0.6308007029612359,2
0.10006031366591198,0.3943293365686642,-0.152861004983186,0.1471497443096996,0.28329688244150864,-0.042096568562044634,0.2384723580187223,0.3088440908159242,0.8436852600644555,0.11338740943714226,2
0.2136472376840526,0.9297610469521609,0.6858762807035225,0.42944886017106576,0.7577877886194782,0.673102497528158,0.5881793619623288,0.5417762113594436,0.16208179557069277,0.3839082439049897,3
0.3605949798993242,0.5847168419714766,0.7208644632432701,-0.06967796619103878,0.7690678788139979,0.5619184789994329,0.43651676436914727,0.4438472738920014,0.6882300456958348,0.557917863191382,2
0.30742193381471405,0.8989219267045618,0.48581860121787424,0.7256452413542687,-0.06782771474679117,0.2739361719559387,0.6092957925248861,0.338591701477235,0.20875881952620545,0.2738438989909054,1
0.8071864927896206,0.4038562728083314,0.12646037601367804,-0.08163445599360614,0.37569152548073964,0.22655353043543325,0.410973010354339,0.8167437159820465,0.5977137745353499,0.650265224041877,2
0.45944120284429085,0.5387435213347519,0.16568771818202993,0.5640625953307832,0.4834974591686703,0.6852414565204245,0.9545242091410955,0.8824924191437801,0.4246846815068763,0.23366488872110355,3
0.8873899256713498,0.5381622760877007,0.8164562440308939,0.5586272719920266,0.6642236587716945,0.14560256305929245,0.659548072998358,0.34666731643855814,0.06282674568341304,0.04981760970465663,2
0.2966804189052236,0.9865428600930665,0.6148150247583227,0.46914737735411577,0.8123800626265548,0.5735974407562247,0.6196562942501518,0.48453720324071275,0.2826522325590039,0.2611602553084336,3
0.05829492261133776,0.7759063038267466,0.8476502773029375,0.21720724245378067,0.988728923014403,0.528894547334754,0.6863369703517384,0.4649472900256575,0.7174184603092871,0.5040376561149371,2
0.8600303553815914,0.6457682487206217,0.19661454167147338,0.10607182644115218,-0.0021820213369514105,0.5518578304965541,0.3708720104302846,0.7461326553776069,0.4413263903605242,0.3908737908787692,0
0.3527661488111507,0.42128423381572777,0.32464578992300425,0.09309246869844957,0.8023116533026691,0.7711897294088778,0.575683452307805,0.1409402158861624,0.6700635063386352,0.3667439315241182,3
0.9367927674785566,0.37314771939778424,-0.002169794607403734,1.0329805532516525,-0.006194888176057907,0.07738426046788832,-0.08090151116606227,0.8362186741964777,0.8465771340880767,0.012575484816317224,3
0.07504972552047419,0.7238732794595928,1.0451520147227022,0.7154713086386393,0.6460993792292123,0.7462987275695189,0.31991019012373234,0.414800035548596,0.22934737521520132,0.47479214663556996,1
0.43733475117216114,0.5170862972761316,0.19676855219199685,0.5856396394757833,0.5222319973980496,0.6806539311673149,0.9801773900088064,0.8849496055003903,0.42333484716133307,0.21512302822221555,3
0.9297610391746542,0.5618946454528047,0.7216645770084748,-0.12783536832138825,0.7215742801433473,0.3470995122564147,0.3950527447140102,1.1711142829934846,0.5904887611284542,1.5582935454968667,1
0.09300959193067085,0.6934452596192512,0.9522870677158468,0.5835532256948525,0.7382295490804106,0.599654004550208,0.4054900303459222,0.42391031881355595,0.3009833640949504,0.46869792860054804,1
0.5209359594729592,0.6406701044274482,0.08129707363801905,0.7685904670559869,0.13940697320729528,0.8289381525574049,0.07380979775113423,0.39018369478121046,0.1280387420165089,0.24402868802170222,0
0.31031594463422013,0.41319532431414746,0.450012277274992,0.2716394560352227,0.5717481426661449,0.6920982402092143,0.8044735183638072,0.2504268890100148,0.4276868080037314,0.4893549645927968,2
0.3170414518350514,0.4919916933719709,0.17749109291859955,0.18397200069241582,0.9477372363991496,0.8593807868997065,0.5185793200238132,0.31501008450476753,0.8337831670811489,0.3212931731315262,3
0.02792583678805987,0.9432203875970165,0.6697218263933911,0.29855054741685944,0.9347729392024,0.36502294389637796,0.5776584760096567,0.592856413699553,0.691560291369022,0.7444918439535944,1
0.4851733200059385,0.1350006893314146,0.49535380811790136,0.33217668582614596,0.4251016800251659,0.5111284340976268,0.37540590287810616,0.797196411563119,0.2804510625135962,0.620232123724156,2
0.7230299284696446,0.947268306779045,0.6466684626152087,0.782978078664028,0.8700936914711118,0.28124683412772955,0.0812136950908012,1.0163936809965457,1.056060126414557,0.6601221918624824,3
-0.041663574625770444,0.783937949841331,0.5010737238811787,0.10071790391008076,1.2188162863868324,0.4602815728008439,0.7258661776735948,0.48584442526001215,0.9313075797189514,0.9237421339117367,1
0.8876892689233515,0.39164782752804295,0.0866660238935722,1.0874954732664874,-0.04560758811220733,0.055552877664262715,0.02443950408329381,0.8899848430243031,0.7485223131371006,0.08778589096127257,3
0.5291650728236068,0.10962581883202047,0.48096737586214294,0.288254065459413,0.3924091340453084,0.5200919998569882,0.34158661342901786,0.8351797906010725,0.33780726112955056,0.5642484184536424,2
0.1803223974872294,0.48613926136736885,0.8737415210521622,0.29327148585049995,0.10639745520640398,0.10213265654015816,0.9650969252874976,0.13709920791390753,0.9441954314413143,0.12804473263808142,3
0.01000069523813589,1.0671083968087771,0.6377638545133569,0.40537434416990104,0.9852500453821251,0.5549163720422519,0.6563066876178463,0.7891723996509227,0.5722464558748241,0.6129242681673404,1
0.1972365194318531,1.1196782172756816,0.8664199418673406,0.11631918614772518,0.9550078832495743,0.41393004405009964,0.7567597707053542,0.5705135556486628,0.539178103876301,0.6045785144715529,1
0.33642750199170146,0.8879773120635361,0.8447433804810193,0.3933214617879176,1.0398170573927294,0.04988248344962931,0.8209961577705461,0.9199265811839664,0.5361389163741965,-0.19773543644874214,2
0.49725232337353265,0.1893562545140074,0.2992648024152977,0.17873064300502098,0.3886921967680024,0.8507020396354138,0.9475172124394043,0.21354183748117095,0.46572933432822294,0.0367149978481429,3
0.26816930386803406,0.510714509400324,0.5615355648540353,0.3006408806495044,0.4896655480260762,0.7502610905775385,0.8578586746939976,0.29852777741893244,0.40249629303800766,0.437505043609021,2
-0.08112984736617904,1.1370480578451811,0.5745004426088024,0.304036165621924,0.7966161390679047,0.21010412852144764,0.7539593489254455,0.7401848911256976,0.7265064904910034,0.7935667889418094,1
0.09487909662675129,0.4762211029891628,0.09262869098667854,0.04554466243721558,0.4263527300807805,-0.019901912210238362,0.2087470838599372,0.29700253892882356,1.0411886620386788,0.2885571669775441,2
0.2558885930365891,0.36478006909879146,0.1787261181630136,-0.011585139534563575,0.4978980262757511,1.1808774964333089,0.8312372301519297,0.1224653769339211,0.6381260446984551,0.15133233213052788,3
0.5483160498717896,0.7103261554883092,0.10295757351830981,0.8052377515667049,0.1384587867467718,0.9327974389407074,0.11951706650369782,0.3179343755905667,0.059536426603621025,0.24227682804074668,0
1.2281855672076738,0.7212828408276841,0.35750983297986055,-0.08207042948606402,1.5517431186364168,0.4915811649121165,-0.44976733795611257,0.41711051160782314,0.8321812136812907,0.11873776928036228,2
0.04612714191986052,0.7807121563412913,0.8572952321130721,0.214314838467789,0.9801567709935817,0.539379600183176,0.6828923286232099,0.4594524959300753,0.7198853567559512,0.502644702431687,2
0.17464831395161806,0.48612133987240935,0.5830949614738352,1.0370661109813926,0.8535264115888876,0.10951683372501851,1.01135161165535,1.0995058020011055,0.557597166731281,0.8579249370264269,1
0.5019167776428823,0.15448594312984013,0.4867904868763749,0.30985394030942404,0.4161283399890128,0.4982508683033146,0.3769659715354811,0.8125806133437286,0.3059302344629181,0.6039213265889204,2
0.7506714695400031,0.42004935695485207,0.6722035411467331,0.541083344586266,0.6564629208079036,0.008789724547200242,0.734007516595208,0.3653253161040413,0.054166778975835876,0.09234441972223702,2
1.0021699762130565,0.7269224140561336,0.05947812539601399,1.188831568430651,-0.09754695086197449,0.07473763735812464,0.13759577491306751,0.9942605026192265,0.623938753030445,0.15604462370599087,3
0.2862215778995561,0.5223861324760839,-0.02467183043609894,0.3222856238554477,0.9710421209674538,0.5163847296268891,0.694695258419228,-0.26303262642818875,0.9843546632664231,-0.06876360344324445,3
0.4907487833946548,1.0419795538050456,0.32375197757738267,0.7682648604712108,0.14976068085838407,0.34386946723288964,0.7634714653671277,0.08721090247599328,0.2576617155671674,0.35575027001821014,1
0.43465466096733657,0.13037030854320428,0.4545954426826222,0.19510771340457836,0.45136231457892123,0.7872364365974189,0.7903264585842618,0.06219852629234812,0.395985049783811,-0.020990180236415107,3
0.24270542314082644,0.4268035447794289,0.5787884841164453,0.2466706150421287,0.7128204607685803,0.932566009658097,0.862593523300786,0.10375057533452758,0.4250038220636826,0.6709881385412142,3
0.8276669646643796,0.6639549787663523,0.6115940044780453,0.5309151790736302,1.065216746714174,0.8587171676357767,0.0201687267004238,0.21612535956260004,0.7659299481576014,0.5913745231616256,2
0.36972020914483184,0.8290981632620676,0.5569280911814565,0.8739798425842388,-0.0029869109711225233,0.1845197024582405,0.6673220084777713,0.28943508350548447,0.22412695739099436,0.12489863098404351,1
0.6977927174862659,0.37428760713186754,0.7978852463821398,0.6516728513554194,0.5286304126938676,0.7798198524326795,0.8349926313599347,0.390909764072771,0.4066512061231352,0.3181619950925131,2
0.11673809923269608,0.22600828407894263,0.19483915673065585,0.218750822057114,0.3227033403008248,0.9407010369962308,0.31219994180990496,0.3467154626034273,0.6578156442699546,0.5695426519204984,1
0.46240765187894833,0.545393092224017,0.18908023314971553,0.5727138176591742,0.4950024456557374,0.6750870166729755,0.9482809940278674,0.8631502548415498,0.4365414513944109,0.2167537463812189,3
0.46298339406825056,0.21794804336922005,0.30651421602584433,0.12493710175209499,0.3217608316544328,0.8525802218490627,0.9366276038497652,0.2811138839589205,0.47323414178486245,0.05433114184740025,3
0.09719302265862838,0.6753640990833472,0.9294362614616052,0.6076603312518729,0.7063547970958389,0.6428616179452601,0.4267391042133193,0.457464246575958,0.33433356481537607,0.4882237006305376,1
0.5230131466409279,0.13645791154091458,0.3759762759295893,0.1895767885002791,0.3006677327357901,0.7582391161354537,0.9925754446446614,0.34829361394407654,0.4175034664688533,0.12840694723651924,3
0.9410366210280543,0.47962820897065656,0.019145553427065823,0.9944633929252976,0.044714599118399215,0.1348613362276481,0.01944845592466044,0.8821974727826104,0.7912233044848443,0.03866473627829174,3
0.4417204767010504,0.38683225906990404,0.06195829821698619,0.4607914962036319,0.310677224270952,0.0652383102054068,0.0854194136336075,0.7348689753391812,0.06398985619735803,0.6837119482872451,2
0.3327803331555862,0.4145140702758398,0.4737339205791171,0.27838143766527607,0.6017790279040102,0.7150070234556813,0.7960901829487899,0.2432348491049388,0.4143809502691412,0.5131633469202304,2
0.06320519470711385,0.3227923775528754,0.06917253612196882,-0.006090820362520538,0.47872532761913045,0.20728504869229708,0.23656699125684072,0.2631515746132352,0.9041157275186775,0.3489548524330123,2
0.3754237485876775,0.5646594888421874,0.41518183857496943,0.12964309909248847,0.0042356947034377715,0.6434398561122647,0.011894891325611147,0.6923911191093611,0.8807872660413778,0.2181276377605147,3
0.5435956790194165,0.012204460884217672,0.37400692024001925,-0.6327973465820581,0.7474391403058015,0.0448490911141588,0.7979373715711514,0.6161903074864566,1.082104835973238,0.9621935266853833,3
0.26908274538333254,0.5659323170280138,0.8884392865649531,0.14840251794651665,0.11929471724617366,0.13614952970885158,0.9072817289501424,0.3141181174266665,1.0194589473556903,0.25813212090592125,3
1.0216303853883881,0.6525465075085005,0.20643912223399916,0.9607712391363942,0.6266235152281074,0.7064458670663578,0.4745941860164971,0.9603376585757927,-0.013194941655861075,0.013200463492044248,2
0.9793139482635733,0.4308341661917383,0.7191760036171685,0.04400280402457064,0.17360668933277648,0.22355207139016886,0.17252549487521388,0.9312780730429079,0.8130946519317528,0.8432972671350909,1
0.32483336392877743,0.8152036699352888,0.8487612868067996,0.5487077690719541,0.7976734818670487,0.18717149395270016,0.9274978958678364,1.0195811978229643,0.454322263360775,0.18156385088247773,2
0.13369277145526076,0.6977827500249405,0.2775807426059074,0.5527732293301496,1.1190696031753218,0.7634263980920586,1.1965717650042351,0.7660666572547,-0.013240554025037862,0.5735823323682148,3
0.046748056040823494,0.9701842547535389,0.7063134608372312,0.2748620934631725,0.9605715902813033,0.41721828625399565,0.592094158396286,0.5802931330881724,0.6796003664906045,0.7307970181090996,1
0.23757423459867585,0.9644883337241591,0.6376067418180429,0.4751361429205141,0.766003566089028,0.6606919841996048,0.6238499722292177,0.5243683498845636,0.19042799966638235,0.32262108327636313,3
0.40487753631939816,0.3625145365503529,0.1555669267553365,0.569654001411561,0.2731019402562626,0.0894028008120077,0.08464959524050922,0.8494536310490046,0.018759345167873698,0.5506989593719334,2
0.954236937591701,0.1181980038614692,-0.0006832209742278061,0.7510546722179168,1.0292489869530057,0.16297012590343865,0.6587673893463697,0.7487060104727877,0.6320165283975988,0.6844685439440654,1
0.32254068768862526,0.41819435777430497,0.45308250137384537,0.263578040047981,0.5842398103331646,0.7044776288100106,0.8082059961731506,0.23365783889966535,0.41797217463895214,0.4863259485722157,2
0.702823064505927,0.2144999244071228,0.31997123074764033,0.3371414539153521,0.5634405479987469,0.6588324774775723,1.0064999547759106,0.24480876176475289,0.4948364417200951,0.050152355506963266,3
0.18927121912543293,0.43554201303345286,0.6137934075613533,0.9933941255017751,0.8136887078051184,0.2111447896280247,0.8142844246517397,0.9617780485707559,0.5593139847474965,1.1555211063405348,1
0.08612902498721484,0.6759567464768531,0.9490095027615354,0.6322872490133725,0.7127166698579727,0.6361032649812506,0.41547083088402936,0.46465688458326393,0.35962711687099364,0.4926966451411381,1
0.8923060544804922,0.6556974347134764,0.4911763685821101,0.39270630345349766,0.2700582334141013,0.3010145147521515,0.2834081174651847,0.10403334040171708,0.3154463535486284,0.8054633733740695,1
0.3400964860907642,0.3995555413836962,0.4355707222631152,0.22400737336617083,0.6097836113923311,0.7430794662751484,0.8093588161623178,0.18959520565892754,0.45516569030713944,0.5352032247957299,2
0.6226023358168782,1.2290634541171483,0.49700434489988554,0.07674694625643763,1.0201965421869623,1.2301213433345544,0.16593097302896848,0.46048567495895204,1.127210699360458,0.6051897081193629,2
0.95093499992748,0.6324087330799936,0.17993718393334368,0.8328546964696004,0.6332873031872703,0.5760054837458948,0.5408557023273097,0.924559991463918,-0.06438798122674157,0.11789822266873803,2
-0.07375859640169258,1.1918848113284919,0.23862455128535265,0.5058679339415694,0.635988095654182,-0.08753382867814724,0.7570396323339518,0.30025333114882946,0.2311755010572564,1.1513857112349901,1
0.13310069883735956,0.07746541623620637,0.6347266159445444,0.8469081375392256,0.8242936282170084,0.3686587806510031,0.5981008436397535,0.11038558510641736,0.24491511332668175,0.31233216184975593,3
-0.107241929851904,0.8018923892706097,0.6165773126441145,0.5042046741280286,0.8834701582199717,0.3691723402725476,0.6759709087566256,0.6746318869195698,0.5392556051472989,0.668178092847507,1
0.1590848074291804,0.7217024241695533,1.0998998085581795,0.009594689176353477,0.9343436392977943,0.27736053288966084,0.9650470380852973,0.21766343769695523,0.5670621771599048,0.8746117092039845,1
0.14355405615215952,0.1696968842853269,0.13934222651754286,0.19907834368336771,0.3166316324794475,0.896653600566052,0.2604065736976791,0.29655232866525827,0.6725782642954662,0.5550234694888236,1
0.7835946131670339,0.3863862918747551,0.5976132420213809,0.7093920571353521,0.7042864515000065,0.934271954116394,0.44315563547115344,0.30423339738071864,-0.006576720742032693,0.5111410022300494,2
0.12908125668763243,0.3682000139803194,0.046377194872135194,0.015299306895460885,0.4199633351824441,0.056040701705978246,0.1878462192845858,0.33221145595846463,0.9069700822080995,0.2091211900171962,2
0.12853283052930875,0.2872983062696641,0.4220370077975424,0.28306169001739345,0.5781786526562709,0.9205533971327589,0.7732476379967301,0.07164749902557091,0.4110382452292897,0.5393894046567644,3
0.6480179311187975,1.1488450204977894,0.3705357580514741,1.1755889829873463,0.5873804305211886,0.16840414679776933,0.15694425984445579,0.7171562791251109,1.2516129841885761,0.8279291693610642,3
0.21198856822966142,0.5425854092801174,0.6617500596607613,-0.13005439143066022,0.5303951450598113,0.3092151702918515,0.6623148555182864,0.26984369664141805,1.0226177008719746,0.29360315006468213,3
0.4920675568901759,0.43654654260449716,0.19808829417831697,0.6145668809503597,0.255072351516046,0.17807160920509665,0.16858932936137155,0.8514099787192418,0.025753219376372337,0.6719111582093281,2
0.7599884141992936,0.6419779210960083,0.15665724650693216,0.7406283185568316,0.48463974681860256,0.8028731663846616,0.4263113773742827,0.8991770742429429,0.011899995711741631,0.15917894757177686,2
0.27351761104099237,0.8897902246629328,0.9576171866566466,0.6610237353247164,0.6989553504624934,0.14619609954151896,0.7748849996752392,0.8943791791464194,0.5899778708206905,0.14403012757834724,2
0.3199881296484104,0.7045778015325815,0.7082690991431029,0.3651545284249033,0.7755648121603633,0.36539359817844447,0.6552392149153482,0.20450147367923,0.5819458337024938,0.33994375696025825,1
0.15725294052138217,0.9842503950235774,0.610825878982306,0.3361511307829174,0.9596755146896413,0.3643912686875574,0.6888072935099215,0.5765152666056653,0.7513712926934898,0.6510805028697894,1
0.30134753158180616,0.9780691477425932,0.6946132938761864,0.49670110171986914,0.7456112936807372,0.6332262917701039,0.5940226165873114,0.49910467189060037,0.14986763055840105,0.31682434543309634,3
0.9900022348488865,0.22754830091758155,1.1100149317011545,-0.16451477170925993,0.5906615877056894,0.5281960203117785,1.023280685437655,0.7949476503591529,1.096232780693203,1.0175850696267448,3
0.05798593111762502,0.9761813000406024,0.6922519436104816,0.2868550712804029,0.9594785152771867,0.3794964311180688,0.6147736332711091,0.6008629316659747,0.6730153513077209,0.7065343878807314,1
0.8583409335836087,0.10713033913336303,-0.007857773547406806,1.0135806352042214,1.0969450281700213,0.07035386284109461,0.8244605012457733,0.2723682908208371,0.8797067784066389,0.7033736371590423,1
0.7279911925366445,-0.010780396284577373,0.16207552309078935,0.7467656251396193,1.0351440070299538,-0.00768058948587283,0.7393311289965591,0.8546885081218402,0.5168427312694195,0.5456103957803339,1
0.21985162314544465,1.000476469408222,0.800199181961565,0.6781790924035379,0.42372800249964454,0.3416918371691609,0.8055722412987798,0.19044861131025942,0.46967046164070464,0.7677938068203337,1
0.05695784935020065,0.3514304352105716,1.1737029277701385,0.36799680669893353,0.2587043890841577,-0.06415313494283868,0.9560041653406306,0.1627192905183136,0.7869588184421089,0.3748294913796336,3
0.024175297946038815,0.5351677315406713,0.6723577100101696,1.0128446724320945,0.8937406316245304,0.00224065970563795,0.8874391286697332,0.8908869602801905,0.6059123868589442,0.9604306781344295,1
0.08767000837250699,0.13898782133759835,0.2302554429223628,0.23041537702886686,0.3243382499886288,0.8939379901277521,0.2166460724810316,0.27038581251472776,0.6578706928606722,0.48655224370039457,1
0.054813991518318596,0.7712128926380232,0.8433981152422405,0.2165639922636468,0.9852682744480173,0.5314792033455935,0.6833647704085083,0.46375608104421,0.713246978983389,0.505905942560893,2
0.5319661591061,0.36638336598450516,0.020242607471800553,0.3677313449757279,0.1527024752419564,-0.01377517045414274,0.17686074265794338,0.9676193275415214,-0.008599044362104874,0.5369341132100558,2
-0.1768452685658815,0.19534236232762084,0.8476897466446447,0.12947128119858128,-0.00912231276162559,0.6816060827680669,0.45749390398347844,0.4605229501341573,-0.023339782076833418,0.4227508842100637,3
0.3980110636300308,0.7753008168750184,0.534641545229021,0.7209746915805152,-0.008863214735967084,0.2758997307601265,0.5366518080422034,0.24655697833027396,0.24967799984762515,0.2104304986978201,1
0.5086413463228234,0.4108852221054775,0.05068679576430773,0.565103398231052,0.39868555285449087,0.10025561786788578,0.03107491906307723,0.8127525810768287,0.05036703305801858,0.6332534586127639,2
0.13147850345613377,0.37618559541754387,0.022105306343414507,0.060068777286438384,0.452892689821545,0.07231478526079693,0.15275238289432289,0.3751094100328747,0.9199631480276576,0.2542021742358544,2
0.3956975610211328,0.810047044690974,0.47732096924617246,0.7946829268054226,-0.02599339094573057,0.2992266905132941,0.5716243510536074,0.218231151815345,0.15101529595906077,0.19109161037135464,1
0.47851687714688373,0.8032023863342648,0.15218646890764229,0.3877648973162245,0.05128664429258133,0.9001359407241948,0.5026912354859525,0.46542312345748454,0.17592046142496298,0.9210471025040152,1
0.8652525692816107,0.4203767604099363,0.01623086044177912,1.0033873928877663,0.0323303859846488,0.27906270655290577,0.02316012027822876,0.8550091206531337,0.9252237756453413,0.15205323914020313,3
0.311900073229828,0.5798792735091117,0.3388579443883087,-0.07210390711700188,0.4039278593524836,-0.04074444676615696,0.8234509827922123,0.49210557498624824,0.6716388146888361,0.812458515391167,2
0.5437990774562799,0.7189219953158178,1.152680686517215,1.3006689302134467,1.1794608081605102,0.3095241043940555,-0.25593703817131663,1.274705741328071,0.8313654967394475,0.6068826082339691,3
0.250968940558988,1.096439902871607,0.8151971471408209,0.8712802894018399,0.26448004947421067,0.40425014536430365,0.8228918707310906,0.28410799778778395,0.3731864417260282,0.6866308223397476,1
0.38477439115096107,0.27899700319864573,0.39599365316850177,0.40929283901184754,0.24156074374825223,0.5074766850533434,0.4085251070879805,0.8729625448609896,0.10798759343710157,0.5769333395486809,2
0.32754770849576265,0.01958349505760132,0.5599947140449104,0.09594095500560909,0.8794005634720901,0.4659090871708328,0.3819140382601237,-0.025003103077600522,0.2263916378632631,0.09035039118742744,3
0.47664655259592387,0.3946540688814099,0.20029186570646174,0.43412418200059,0.44166738176166703,0.04049683549314258,-0.008060043161117192,0.7428900329754394,-0.02482928452070389,0.5858968547231397,2
1.0632881045362603,0.566252410568099,0.06525096615214794,0.978170885196847,-0.004226593771489359,0.012340714601674976,0.1269069941781817,0.8214416471064889,0.8241837415493332,0.09119133989577444,3
1.3035988842445905,0.4745708170219579,-0.29167612540159515,0.7666487747757699,0.6738756321340633,0.13974804985923522,0.5424804808804308,0.8642963382182678,0.6151684475504134,0.4962877843686664,1
0.4594109357130379,0.5380929103275748,0.1885411190822307,0.5751420118659419,0.4965155672956526,0.662311853452179,0.9585365248044001,0.8757440274704453,0.44131460150533486,0.2145420520263925,3
0.5884052826928385,0.2900692663646714,0.3175762609483023,0.5436690348220593,0.12198944987295898,0.2514119341859864,0.19127818446523875,0.6756709672013139,0.32350888717492216,0.4855760729173785,2
0.11618909358652782,0.8050053724235894,0.6848817752103461,0.8986092049608926,0.543989312579724,0.46052984719297957,1.0008231734453954,-0.10241114474981092,0.2004672573975941,0.513612615457322,1
0.1036094123679349,0.4973209760436623,0.08965510214529471,0.166939322651989,0.2758635553318908,0.20080680371602533,0.04100940047251664,0.23195822752034603,0.9745864937003778,0.38730155194926563,2
0.8014069730363185,-0.1670441729483363,0.5828127512945085,0.048106702788371536,0.5667162493221827,-0.4301918562634279,0.4424800266049809,0.206195839240216,0.3170939778901617,1.1625306255544339,1
0.6849162715950001,0.21253395948482212,-0.19701465751101707,0.8845682346313057,1.0862842847190697,0.23440085462353422,0.47704920398865963,0.8305262267667098,0.6890259438691462,0.7016496899201083,1
0.40191184919810413,1.0463179739874895,0.7811349060209949,0.8435699281726435,0.3714097136660431,0.1480848045176263,1.0670519832428793,-0.11729916397155934,0.17219530864291235,0.6327301706000648,1
0.09249959865636659,0.6236161048752163,0.5075180952560252,0.34492663744486507,0.025314479559243264,0.5164821048741708,1.256138797701547,0.028091870237677063,0.5875931860906002,0.6731558772914686,1
0.2992882870438897,0.39525096386423164,0.44465717185738773,0.21131798986878225,0.6219331082637695,0.7264471123260758,0.8537356518077425,0.28447564364962286,0.423418175551643,0.5582407587082255,2
0.3238830878887794,0.4723398640825065,0.44348355708233306,0.23346698799408944,0.5642553012250778,0.7077897327609171,0.774679054557689,0.2239437260034242,0.4266870287050634,0.47022847670365403,2
0.30981190168819905,0.8767356872598677,0.8938103366158712,0.8567342278160234,0.35759913972078217,0.9588561244791552,-0.18108501200206878,0.9718478335420274,1.1269036825402634,0.9764866461597292,3
0.34921292773824975,0.8972079753142094,0.38685900903926645,0.874953255710058,0.08639358282375792,0.30700962510837015,0.6980216015675414,0.30684684124060113,0.07126560397204106,0.07039484749050087,1
0.7102327922084689,0.15340090395296496,0.44335685211954146,0.4625617331164859,0.08099088249495494,0.294699212015809,0.1640619584027953,0.544908544316805,0.5415665711375404,0.7972645053668623,3
0.48427786493413105,0.5019423750649142,0.13625703414761622,0.588000977650098,0.4463144124895144,0.7213164710382718,0.9813234806445855,0.9177371834441256,0.4008407931785948,0.25316962421601347,3
0.2938884490898962,1.0214969754981975,0.8098339234141783,0.5844273441503983,0.820362604552822,0.12871684176930356,0.7933099369522624,0.9317831653726056,0.5457649074006793,0.020595573828229165,2
0.4329901126286694,0.2703144363405525,0.4258837554177236,0.15684531210795763,0.1290394294241353,0.630642900709662,0.27912559385401,0.1538115904214002,0.9083559981879741,0.20069094851009,3
0.45424357420388634,1.0061232598711787,0.6889574220967463,0.759853264109564,1.1227372622310563,0.5735294690881053,-0.10470442431125937,0.870532270204009,0.6918817717799752,0.9598183393271701,3
0.5287611286719489,1.1151767763978615,0.7967285390524629,0.7924528870286349,0.42492946798629083,0.1217362735458851,0.6795349514569896,0.3144163564191057,0.15937494784066367,0.7425437466864387,1
0.4842304804099064,0.8270154587482456,0.7474118321345591,0.9029668865146572,0.806626030129059,0.44125427567554304,0.17557799711510608,0.9504423663367028,0.9529677774589955,0.8582629275151342,3
0.45933890082011836,0.21155617431429433,0.29538541455590794,0.16318030926945,0.35640972617329786,0.8685609740850886,0.93041686158658,0.25638295259576105,0.46442919591934984,0.020381301964170876,3
0.26316478228310886,0.9482603983903732,0.6927370059153805,0.5110331916212675,0.780286786369318,0.5991308638369488,0.6506781775276043,0.5348236570198684,0.14495975967689095,0.3308396648996233,3
0.0434552006212916,0.31352678781496013,1.172365801494332,0.612018464928047,0.6381969140255942,0.5486271422329791,1.0880292447568274,-0.17822599383305743,0.4039019476948349,0.09838736992723357,3
0.940835869214091,0.15141425113888707,0.6741829685700141,0.8995242349507672,0.308392979387645,0.8038186159447218,0.3789799469488924,0.4218372473360849,0.1597060316903358,0.4299842561742906,2
0.6454656444256669,0.18979156054735039,0.4153300870200167,0.5122755341370557,0.08825000504450588,0.2798879684770386,0.15622660014596443,0.5215492189288384,0.5411653757760043,0.817274055158124,3
0.44747593756456633,0.015513917813209918,0.6684354371924178,0.22169210957637758,0.26390085459211615,0.6393162321957798,0.38657187120627534,0.3233289225958322,1.018145157417636,0.23825083102880515,3
0.21181043118404236,0.1337869901946828,0.8122509496445806,0.2877255156441785,0.3214944985921754,0.19023209895371573,1.0437719006411925,0.80430737512084,0.3699844637052313,0.1039643167187281,3
0.1936987559378921,0.6721884295599134,0.3310093503385493,0.39994369039963,0.5479833209757615,0.8551398537004281,0.7405679451378829,0.13743899033944282,0.21666101223246853,0.6712504036046338,3
0.5239062724887499,0.36716918923766184,0.3068810358151797,0.2545725578198,0.450505081812278,0.739152309414691,0.8256125776249024,0.17605586116242405,0.24446765258583758,-0.13530732967827092,3
0.08679413547783013,0.9813386629700852,0.664595975683013,0.2838113503248217,0.9643792746581978,0.37466215602635894,0.5774150487994874,0.564003475528534,0.7072384375580814,0.6906217553955946,1
0.9684078451061572,0.43835071764535316,0.07824667167621568,0.9977961951279309,0.036185838961642784,0.10132149356814665,-0.0020039036155717095,0.9451400117930734,0.8247465540884166,0.039780238807663224,3
0.9251823877646234,0.4663648610594729,0.015971349680438424,1.0058410017456567,0.029106669397832168,0.1345860146754944,0.029793527402791745,0.894614747158923,0.7735849128400007,0.022370017481264715,3
0.44520755877453505,0.5405205904662304,0.3971042182133432,0.16360320006545323,0.07026884803175962,0.6680720069478644,0.025532411195356337,0.6296986850695563,0.9161254931830629,0.13358150623162227,3
0.9511500842841455,0.6967923714203494,0.5078551698656506,0.49863089217462836,0.24373297587232348,0.30698536809593585,0.2787062233360534,0.1495897721254221,0.35144388012379324,0.8556405056158531,1
0.4008777995937338,0.9502237833765397,0.3906113288716363,0.825863925699819,-0.024135142991620343,0.2576863997221484,0.6918423452625725,0.17043514283365624,0.22299647630116184,0.22385938913248002,1
0.3512596833298856,0.9097238921480203,0.7418597521602363,0.6752530955964692,0.47871446911306315,0.2885351366605694,0.9592738858782865,0.042012214686285326,0.4283523034987442,0.6637157201350381,1
0.47608456757464446,0.6210953124868968,-0.04841020366180962,0.4157792793042667,0.3801592303129941,0.31740974494790775,0.034966761291568636,0.9802121623229691,0.2836932772196361,0.566698862276305,2
0.3693881833642764,0.9316569139850119,0.8742491688605493,0.6669852990470162,0.772520598890103,0.23421976262880453,0.8947557200896693,0.9092184995828753,0.5967184620819217,0.12605379365356253,2
0.7817165139300065,0.7628452823534491,0.5969371880817637,0.36160525872441346,0.9991349366060326,1.0682977851427842,0.1764119651305795,0.3095956929249395,0.8138444249683283,0.5381338769921307,2
0.40822061942203186,0.5551364490453677,0.4170150624987861,0.1827854438367305,0.08633281825489056,0.6468031786901025,0.016021627447988795,0.6271533446454487,0.9497503684590339,0.1982232478759145,3
0.9308173598077688,0.7157897790948865,0.4125695862386844,0.40022349092225734,0.2663311690929748,0.37492496901941785,0.2827789614858554,0.028738012439829527,0.36105889365105553,0.8084420843182697,1
0.19994856763727092,0.6294463310591538,-0.27473549639400885,1.0981858658770474,1.9652838466559022,-0.9099450364415652,1.620238975901857,0.037324597518769154,1.1906951659090939,1.1019662094446248,1
0.20245952680798182,0.582151711918302,0.21473563714505875,0.7509332767932211,0.4184099405669133,1.1064905872704585,0.14704315940762064,0.4102605808476058,0.38590302619788847,0.35226752422002705,0
-0.030233917254282386,1.0152434002672202,0.6666377152160797,0.0779748300390451,0.9928893531974206,0.65619963465933,0.6027072289090505,0.6115242496947152,0.7593195410975139,0.6162964526318625,1
0.09454171309541187,0.37987150531243496,0.038196160083083255,0.027790665599574438,0.40140630009993017,0.01998272630571897,0.1464367548633374,0.34228994631271104,0.8544389304691217,0.3134514078739886,2
0.921246803197435,0.8476494542107236,0.45017912891327116,0.29974326203825347,0.1237970841659568,0.12372808415936895,0.12604425314342915,0.2008886397353735,0.5707232971123469,0.7964784761417765,1
0.6163453455744655,0.9535855538604078,0.3140774968982518,0.5623494563399417,0.939036912717543,0.4563986775022131,1.0022679294322157,0.10139072181050138,0.8596641825994433,0.8045071074899968,1
0.33296443600219305,0.3597845576889981,0.49496708541263135,0.33230614842909156,0.6087605549316614,0.6997550740826152,0.7442472298342194,0.16506644619478317,0.4013784679086164,0.439779511384478,2
0.5963163209478173,0.9431682893940493,0.2979523809059906,0.5809195265472441,0.9637524339171888,0.488866868217043,0.9774660917486017,0.14477178683189032,0.8717710059705691,0.8173911354941589,1
0.06661171028366707,0.7588531198526279,0.8581020456102043,0.2147612602320238,0.9819952300466166,0.542188318693229,0.6881883142829185,0.4715968476933148,0.729393629806177,0.5069879581792053,2
0.30194234693204186,0.44378968456678913,0.47578814069963177,0.28615344707351226,0.5886381284497428,0.7231240144201139,0.8157080915755871,0.2619315097998758,0.4073089317899875,0.4694581758640225,2
0.2459140788481519,0.27670804167203206,0.2405195825464556,0.0903334575235313,0.6991110352063509,0.9832805594118514,0.6795946282628562,-0.08538698642858633,0.5747136572331657,0.4322326571923283,3
0.09034257324200942,-0.20706725078111643,1.2535251691685732,-0.22796577506735766,-0.18048378101152146,-0.2607185550788469,0.8520560310983916,0.3818081424447235,1.100992777424304,-0.1308906134601509,3
0.1433070215265299,0.5802035225582352,0.9550232792003684,0.5615314344545794,0.6925718520173537,0.652044744400335,0.35925715731292157,0.3956633660275762,0.36458084446587596,0.37829672151128596,1
0.5923258127659154,0.7281536239421404,0.17790373875509147,-0.163055290309246,-0.5293142963142741,0.8492185348132599,-0.0468998930615977,1.7015654053983829,1.577708956562283,0.9308964496867963,1
0.0773984493891604,0.41047174774025375,-0.03059686339864022,0.05005230431746347,0.5766850365446683,0.10101015276688213,0.29611122442174337,0.5317778150407068,1.031259907471434,0.4100893589599327,2
0.45511355774221723,0.5293659859788882,0.18720300052424702,0.563087764541936,0.49697137761912863,0.6624954978574612,0.9512516413515236,0.8666523968108526,0.4483278646251897,0.20490864793647476,3
0.20226247530974,0.8043385554453851,0.8235424692954818,0.6449867974941739,0.6260103513144506,0.5315843022956419,0.622147180502278,0.4181421848159817,0.3205574226269019,0.6911058222978298,1
0.18218475648178092,0.06597510675680004,0.4676654549505179,0.9215744924495457,0.8806486961011899,0.4684043700213181,0.511721690361032,0.06630503340022148,0.2868743587921665,0.2542738077928422,3
0.9227939984092466,0.5124081037934352,0.06505591440457648,0.9665968822026237,0.08151942711948774,0.15413119150589405,0.06312341910305833,0.8704615560848132,0.7382470899032135,0.07612024974977301,3
0.9218383983274431,0.4283136888170418,-0.019334153061457714,0.9542680477051777,0.016445438393831634,0.13039174471772372,0.04197729285223531,0.8349699928863165,0.7691217222807736,0.020849259655559737,3
0.26900448329883236,0.9924120343518011,0.9028895833104013,0.5747997251220915,0.7906864517203495,0.18868689549761192,0.8637121217662285,0.9175370072501705,0.5648534352113557,0.08010488701287344,2
0.3378306277145981,0.9830914123727112,0.7115029234183241,0.8123906756835945,0.4690590476971646,0.31776510857534307,0.8537283531344726,0.06407451015016286,0.3662111597111503,0.7341038967805927,1
0.7634188745760913,0.3442763099457634,-0.01997851519700404,0.7563287636022289,-0.14891928839844612,0.07205328975819293,-0.07447168900649871,1.0685698588185641,0.8312740524490703,0.08310123096588112,3
0.42265637447937787,0.6097920371094281,-0.15577089525316168,0.5107505895724372,0.3146111382385999,-0.14389596343565755,0.0076809924098241444,0.9500297165391364,0.06264904439226276,0.8344520868312278,2
1.0683793761911093,0.29348257469033834,-0.0876319268495849,1.138925637726335,-0.09705010439048276,0.2977113448934582,0.08821882268988816,0.7658457517736641,0.895008314335389,0.03149058171955898,3
0.36563175220745164,1.221811767181427,0.9993401813893452,0.2652830806311765,0.9932868242792917,0.4824249461504861,1.0554060389816717,0.8980612941284117,0.4425684209469715,-0.18055971883680566,2
0.24483487301300633,0.6020743744040035,1.0611679052808325,0.6300706656979355,0.5687211735963782,0.5117572029646111,0.3963285821310522,0.48135574053959573,0.278812014447713,0.5902317178067791,1
0.002975415871285206,0.08721568382439189,0.10995850416276765,0.34940813758469097,0.3230337028121218,0.9244661102016158,0.3954767502059894,0.22723299425255097,0.684959966570909,0.5148295613858948,1
1.8629967844795905,0.2144387430096817,1.558029393998614,0.1452712286685553,0.593641845048352,0.9327052774733597,1.3992834915623138,0.40261095024805893,0.5221148684258861,0.640087302239915,3
-0.3552561619619027,0.2667867781665102,1.3732284219859845,0.5885897970828361,0.34758506213921603,-0.4154512352723172,1.4391845419309828,0.14821421901907533,-0.13514118033361655,0.7567840374452179,1
0.017234220530499292,0.922718367229227,1.0449195389512893,0.3674277507317151,0.5762047046584295,0.7273198071765097,0.3187405206386459,0.5631725523182272,0.3735482910406505,0.41927456921527895,1
0.7587272239438434,0.46275904135964063,0.5765765798559115,0.7788320345489884,0.5656977210271492,0.90197761396225,0.6877742600359058,0.2467326619173651,0.20535105698881803,0.460379362511473,2
0.6655527889671214,0.4480742550921613,0.5894280104001833,0.7819671740794676,0.58133481190582,0.9624603957815947,0.6279416909899708,0.34991572966175566,0.2304462453644717,0.5034479618107052,2
0.15970107838442496,0.29755296439494683,0.03001130087819809,0.16082161822386698,0.4114745989367721,1.0361820249907328,0.1974799611845704,0.443602900965816,0.6699519835714844,0.5577053395635473,1
0.9520076424905994,0.8403924117377088,0.4792089897230355,0.3464389881813245,0.3803415912409092,0.6553365056402465,0.2596910999981303,1.0355507762200105,0.5355908910736862,0.848107409750974,3
0.060312062262790234,0.5844730633361819,0.5855595725053262,0.9987615942799687,0.9793121167911867,0.03840833146662445,0.8430423393304793,0.9502742957679928,0.5838023542031444,0.895749546779799,1
0.45513694888891987,0.5314623104771702,0.7141392698673983,0.16851039748901497,0.5933374206334872,0.9540330560244427,0.9880560786631506,-0.14719027552258246,0.629049911359342,0.8866146226262247,3
0.7451765191597681,0.8395910704066415,0.6292961122623558,0.26770156142047047,0.909006622041989,0.9911522645104852,0.1434276464544968,0.4399790288014443,0.683447494626168,0.4253576316245573,2
0.5820185229549085,0.3437421000624572,0.21123670609569367,0.13190747493126875,0.23614185732572446,0.8501930247045842,0.8015482905763454,0.3316710266400407,0.5619264695469416,0.17174627191570505,3
0.5188104193892578,1.486398619942415,1.1128004813445758,0.4129819942126919,0.7930414764943234,1.1500373791014158,0.3479571199468203,0.26310573647955793,1.3025644015161215,0.18948857066688235,2
0.8523431509568649,0.7691922969706508,0.7049991963688407,0.22272665419003285,0.5612171871418239,0.5425513041059157,0.5970349323930209,1.0046925057124863,0.7739784998639954,0.7142335302074911,3
0.8243022321360356,0.5741467443106506,0.7007761084139551,0.6080658747831486,0.0883790074875839,0.3557482105652599,0.016042107647155468,0.44187720355418003,0.2879513407469952,0.5374137992776087,3
0.38988463248502875,0.3768732042988113,0.08956528619791239,0.5746469948011098,0.32963457519060496,0.16277699274878127,0.04279234889175902,0.7579882549057718,0.09500235386849465,0.5457789414667928,2
0.884925066287872,0.6570094023685529,0.2220213404810128,0.05933655728885012,0.01138449553018148,0.4265608089176903,0.40087386715799145,0.8144649947092724,0.2687370587044447,0.34860280183473247,0
0.4316705305957298,0.8035759460147676,0.13999755214286813,0.33631602986162973,0.015454269879002613,0.9713414961674065,0.5921021218835893,0.496272186676346,0.22129600647972414,0.9598466997162353,1
0.9789280574988677,0.30023964380856333,0.600074340534414,0.3834849548406214,-0.14963313201583328,0.4878134074835826,0.29652796417962873,0.7196610608789173,0.5803886689260365,0.5883679215838604,3
0.4790215878074993,0.18352626723056123,0.27543335835458477,0.13321412918616524,0.32974683501592017,0.8783739393166118,0.9750384673110318,0.2749916937689202,0.47788320438191595,0.010762879150509028,3
0.48413295304824805,0.33552916273328615,0.18271299172205935,1.226903054437381,0.9773954641864158,1.0891938668605734,0.21394471929398262,0.9703107191270566,0.3398767552941421,0.6927631801940985,3
0.7991679756628803,0.5604327086784695,0.01511579113172666,1.140840271548523,0.07218524224357806,0.33740827926492123,0.030517214497022417,0.8999527743956142,0.777757018610853,0.12090345656842501,3
1.540152731844619,0.6259106711534276,1.9272126876199915,-0.026057109793167124,0.6975211903737754,0.1391619129789854,-0.8024558629522381,-0.0787968070390136,1.749272599461503,1.9681489438631883,1
0.29201615556196237,0.4647305168609768,0.37040269272328835,0.23867861125177636,0.5847366252965324,0.6923057400745398,0.8976925562842872,0.26164610231865093,0.49223412160840047,0.4174152014929865,2
0.8671283471233837,0.14100663922873125,0.17357567149386652,0.7723872397830774,1.0623504579073701,-0.04574363745556348,0.5510961439214579,0.8450569276098916,0.7536132867924312,0.8947520174759293,1
0.45085571818196346,0.840828638453487,1.047846323206294,0.4905486348550509,0.8857815266865475,0.12391162407661463,1.0314910642116257,0.9830909267749799,0.7006384725728263,0.11716548304472967,2
0.7443409581055531,0.6314681139093938,0.8510589679052168,0.07870421954638623,0.13822740717333645,0.08133438134267995,0.3277051902534321,0.9297764945524855,0.8994353123317635,0.8507390798419364,1
0.3395844945488261,0.51350685543327,0.11897320912059808,0.16634774649023032,0.8033708452820442,0.900168769156313,0.8259072532826209,-0.020033419755290327,0.7507460892723505,0.3129712208009752,3
0.3096830377672077,0.41881285679882596,0.45495636011328144,0.2653860669958301,0.5912914259101669,0.6945110756830675,0.8151815039242744,0.22914723167895823,0.40961725119953624,0.48810311697951686,2
0.2652234867364568,0.22424579729176378,0.05967648415945086,0.0570321709700443,0.491649453589015,0.1963954214421557,0.10033044443476066,0.46573589043012786,1.0501746411653436,0.3893620804059493,2
0.3169253837141697,0.5990830686085633,0.12501399253367806,0.5799523938448621,0.072180523194671,1.0925865747569325,0.12605239924209202,0.3725204381121333,0.4056360575261516,0.33854034774308717,1
0.33026828544785397,0.42868981923780786,0.46826216234463275,0.279607010520617,0.5708720661856093,0.689745780739966,0.8255335071460083,0.24130426759104057,0.41562268349644393,0.47905845949585096,2
1.1139484818265,1.5525198709195114,0.9062255495515563,0.5388910839810583,0.40085437249145495,0.32676721815850035,0.5180750854467489,-0.5326226251406785,0.27685847330734514,0.6432736630970525,1
0.2984828462436032,0.2397924926588592,0.324474697244031,0.07117086604318326,0.20961632281420786,0.7040663833440334,0.7915756179004827,0.1681892098572283,0.2523943644045301,-0.013201679480346895,3
0.012773686873039758,0.1681899339912512,0.12475379128917892,0.3902717382328016,0.13355552861054817,0.8939368245474848,0.42055495524577946,0.4411880006544092,0.6207735503554205,0.4649170417068225,1
0.16154221827654186,0.34423318174012335,0.025355607232841325,0.021947173185595914,0.5002528082873919,0.03742767781287531,0.1552542940451391,0.3545479581734717,0.9083696440938552,0.30288581633625394,2
0.04807059984076035,0.8780062261477819,0.05323317052163412,0.2882289116098893,0.7826045183053879,0.8654720864565192,0.5936056589922873,0.2692530827379241,0.2266419091497936,0.9599545330539867,0
0.6741018932369367,0.023416728212348165,0.36873102366636534,0.47481928245091065,-0.002673248640699691,0.21871922289865586,0.09557585146222997,0.66384466342952,0.4256205980173209,0.7693222822909591,3
0.7734737687672558,0.5316463946697343,0.96189016369538,0.0381567472827504,0.5556121164723593,0.8439533861352687,0.8064803992394296,0.6019092820586779,1.0070694413728019,0.5773339735022958,3
1.2545269144868572,0.46042810546612056,0.5229410283039762,1.268319944813801,0.36636685489839504,0.950746263524826,0.22275349523867571,0.7595902930943058,0.37145041603559276,-0.10148363681612746,2
0.09470884530972909,0.40511597998798154,0.030023818726942392,0.10288576305935762,0.4430959138447167,0.0674462485651678,0.14733437537796826,0.35427494592158426,0.9765802433375761,0.3028240011545938,2
0.27728147697459593,0.9612271625293661,0.6672005073556327,0.4853056313696792,0.7977080603889934,0.6313573590164965,0.5949400433299494,0.5168326137892179,0.16933282338438194,0.3370367707378764,3
0.30703261447863495,1.0063007131708637,0.534518070764652,0.5671515765210955,0.6344156406620428,0.5178652279007786,0.47365935257295455,0.5290324406313729,0.13252625664191717,0.3402946492035775,3
0.10022468370343085,0.4993325887876676,0.04428235791029847,-0.06934074277040647,0.5623722897558248,0.27433109294684804,0.3690173465908698,0.16522936568117674,0.8409064409670161,0.10347767832160215,2
0.41271329430624054,0.4680841508744482,0.1141182120941695,0.5404913460916985,0.3401585987632279,0.12360419172289666,0.0763719202978917,0.7463285920656516,0.05552170886958288,0.6179798700499802,2
0.8186832651172924,0.1529843448443981,-0.05934494406928158,0.6351619856642189,0.9742229681792823,0.12222855199471241,0.5887767204846109,0.6052819401431718,0.6948111066570388,0.5794047278887734,1
0.23785496503527512,0.4644035030041148,0.4128692107244376,0.5500512825543058,0.6018846486515628,0.5954086309176068,0.8275201490760191,0.23533676812703164,0.12458865783467549,0.26913752280348235,3
0.3254238038691947,0.35172809956376433,0.6070509051114938,0.33743710896895385,0.6442199238089171,0.675353972910458,0.7604604979267662,0.34179526747244127,0.48214818300181195,0.5637469276588584,2
0.32974286038638617,1.0220436740936907,0.635098217581187,0.4835982388609538,0.7981618333354903,0.6122712191991045,0.6322122978123866,0.5406593058572579,0.2242436074878137,0.323248795841125,3
0.05565703439190319,0.7757608392445923,0.8465352917585217,0.2176695861693523,0.984308163912858,0.5280489995906977,0.6870050861815031,0.46347000553018053,0.7148358161078628,0.5072362918851453,2
0.5665013269765861,0.7010143002657832,0.5857125454617326,0.9556009187300222,0.5306504385270633,0.9231180109480664,0.3578146907122556,0.40528068710802495,0.43495566541861574,0.6503049672398984,2
0.9016787594433542,0.44253424942249703,-0.033230251127285726,0.9685805909788532,0.08315205574914583,0.18724189318605228,-0.021021493592218526,0.8539624658410888,0.7643192473412861,0.06404987161850066,3
-0.040586622153983704,0.4503158706469893,1.005686526981234,0.4577108307050868,0.9909023861203035,0.6581864306889974,0.34098318136354533,0.2632462473244265,0.6573842395750249,0.1331812186836302,1
0.19034592216545607,0.4316764476723475,0.8825551222033807,0.10825684168062337,0.2535887968587118,-0.11074537761478878,1.1468231606428594,0.21293313767099553,1.1344747282693806,0.19745773199561706,3
1.2005014450372251,1.3607533754796548,0.8060468856679104,0.7387732193037702,0.8939380704203799,0.8208984717933518,0.33390744565443803,1.5062668156785652,0.27567608096405,0.4723107113462412,3
-0.14947028513571242,0.1288520917575922,0.8301385944297106,0.6498793497260442,1.0017263083504802,-0.07728908304801624,1.0793623185382362,0.39635495127224285,0.7405607791744344,1.1989334532123448,1
0.2394791870582479,0.5240741738983629,1.1359310195870893,0.3081876753599849,0.11036557180893915,-0.1068936199402139,1.1055046225580742,0.1551730081857022,0.8337957532706252,0.3264097415982087,3
0.27016314231028515,0.45623314990719754,1.1777168101168587,0.24548116435390882,0.2698145680594047,0.022104842637296233,1.0112645291910463,0.0782911715468804,0.8084935152145257,0.34155729801798757,3
-0.04395071415783772,0.810328738101113,1.0173863006481598,0.7890360030263963,0.03371664856413195,0.3596664617889859,0.8264855229714894,0.43250042076337347,0.6658890897462463,0.24579493918822434,0
1.0770244570084502,0.4907121911966946,0.05276041872241563,0.997258890665071,0.8823289556371375,0.823088013447142,0.5188031499943981,1.056970094355927,0.0490282525221234,0.0696268130544691,2
0.05535012078595542,0.7764005426936746,0.844234609684026,0.21827768957732446,0.9891447043847486,0.5341364383632113,0.6829756945583595,0.46134830942416066,0.7190816501741832,0.5103886278803164,2
1.0381924902177888,0.8460305721231738,0.689257759579099,0.0071058160969839496,-0.06534645787558924,0.04011340982980838,0.3820598097785154,1.0550181170905164,1.0664808706824114,1.246664555416704,1
0.40467493064973065,0.5358358871203623,0.3433340093558481,0.09000991704568065,0.0726832392725057,0.7048437471291731,0.031193255393074507,0.6694391059449748,0.9334105682822815,0.07835020317149206,3
0.622092721445886,1.1171796786708268,0.05390178319126032,0.6334760102527461,0.6402901602580401,1.0689460785587968,0.09033516042644418,0.9764151901751519,-0.1458557057066753,0.018994732181460493,2
0.10706878666932225,0.16980014607113939,0.3989200552001061,0.7671653959289408,0.8528336997188011,0.30137019617453076,0.6183943585994055,0.08106525065602396,0.4658843327531637,0.34459746348745446,3
-0.06297253973564426,0.17769919914379503,0.595385072289447,0.08468830257028416,0.8126321909189468,1.0178109065719603,0.8392113683960061,0.2796894243533055,0.4694090256400526,0.28022147411149806,3
0.18103552825156466,0.9463408579042688,0.7208536990204495,1.0033696799494427,0.3874861822759088,0.4238520730149249,0.8252280116131241,0.5202446728429002,0.6862418868154658,-0.08518785408159546,0
0.5422469438451228,0.5357402320691316,0.092338700086974,0.6789255179708953,0.19741242971648496,-0.008280858015057513,0.1910962585428126,0.7753615588142597,0.2206316586448605,0.5491319392872023,2
0.6226936454281238,0.2902352796088655,0.28996469632139493,0.7196648983648538,0.6225010463774674,0.9469549853898378,-0.2620857042203448,0.46469877881110705,0.20945186634050153,0.3642855613097537,0
0.7546986112626614,0.34225917067952605,-0.01668759958114796,1.223314857152483,-0.0939391271166359,0.6921795225351737,0.21450963219724428,-0.1592304268494843,-0.2818691551867891,0.9405402660719797,3
0.4694483266739033,0.24068136500496584,0.2940715522959355,0.15948259508933443,0.34880047536934955,0.8802074240955177,0.947454086867826,0.2539892534133984,0.4764493693862342,0.06351021328343942,3
0.6054760021699175,0.9677531702090432,0.30421038054250843,0.564004481580251,0.979859326984826,0.5008127439042501,0.9596828438543704,0.13559909307872325,0.8892514013596626,0.8166110677022163,1
0.43085292487557875,0.3049556386174833,0.2333930684480088,0.10361736382448841,0.42040021121048443,0.855513395838335,0.9687852399550134,0.22082931495515287,0.49274019734356667,0.03564262604356053,3
0.9360410830813632,0.48375295624467024,0.010903981798523272,0.9943564410143786,0.04383584514477697,0.13762247146493228,0.022621262387677733,0.8805710769436306,0.7816552712926297,0.04331754840841272,3
0.06290913846005315,0.7720418149134382,0.8422507441020897,0.22487013983436144,0.9737336972749461,0.5462873972691237,0.6841208809347055,0.4506229698265118,0.7140471336751769,0.5011540985975662,2
0.23709205180792245,-0.44060674989943016,-0.1449889330948264,0.9871757047256909,1.004199288747024,0.4320258144053215,-0.3662862442685486,1.105490349393254,-0.03637998666297915,0.6324269770879204,0
0.3873142168752279,0.5473918054154018,0.37605650209362745,0.11381163700754524,0.08309010588828547,0.6344733106518874,0.05392038827275801,0.5922584014036396,0.9468626084923978,0.17642038464656537,3
1.2794719144723814,0.7401021473978517,0.48929391180334547,0.24600674517647173,0.13978439872364956,0.721916168372711,0.4863576311276898,0.8424556838354209,0.764250734261996,0.615118102169542,3
0.8106317938330664,0.44788707950071655,0.6091691660117393,0.6122923033270682,0.169456922856767,0.3142136582378244,0.11305804598972888,0.5749776506521521,0.38506061636652406,0.42482460707407654,3
0.6039191324928821,0.2609718240154423,0.6406451725082876,0.04438393755795886,0.896114895128965,0.7357220564487392,0.5875510680247985,0.860694651899995,0.04654463862277949,0.5485383343636534,3
0.7531613110216479,0.49344321498288995,0.7254927473758377,0.5384871441769844,0.6595953964784309,0.07024755918358425,0.6378332346390847,0.40106750611224684,0.0673508237956458,0.08937287299528147,2
0.3115788949996305,0.39671580449816013,0.4798078978886386,0.26977866117477456,0.6022821512996528,0.7330818338492879,0.7970054964541351,0.21998698395679742,0.39682775842607204,0.4688198207944504,2
0.3943213013757316,0.49963361712339005,0.44592289399717044,0.5816715928992412,0.44925284391987724,0.9415982967015827,0.4951989767772952,0.3845009672384553,-0.03613444892639349,-0.07879455045859601,0
0.0686149721294993,0.6067258941084267,0.8883353194431753,0.6755524383588527,0.6554953211706522,0.5897509561819481,0.4709540603307824,0.49025320140362955,0.31973535504604944,0.46069772499757533,1
0.17077976434495803,0.6285090628016731,0.9785007460427181,0.6205704906126468,0.6762162270883064,0.6093795139581617,0.3678386816188497,0.5289531331545574,0.29316083323014913,0.520402646399122,1
0.6205505810387979,0.6564701800948748,0.10568370645688868,0.7330894079165475,0.17639451704077658,0.8910318680114563,0.11937367316106551,0.30755728172655744,0.05103960685237265,0.2804258940270789,0
0.9302725670384142,0.6418354337221338,0.499354808841438,0.5205391889202147,0.15906545452080004,0.34555907931694274,0.37174527653779543,0.16717610723243334,0.5515821652532662,0.8654202075427073,1
0.3873585974140941,0.3267152495291888,0.18946123389443842,0.0646160438978166,0.2818290818659053,0.8652993081728471,0.9363194813957078,0.3601836388711051,0.4966521790813191,0.05559736145502113,3
0.24296371373276604,0.926542187085253,0.7038664369206045,0.4608059955600079,0.7454607703635507,0.5899187791194317,0.6453617143534712,0.5496733234187595,0.18820025061907195,0.29850610688450663,3
0.5107522298047275,0.7953792917901458,0.7652921177005406,0.8973254245678947,0.8274899785372254,0.4324487181147921,0.18844084095173771,0.9125310478120298,0.9710584548211594,0.8304146184307282,3
0.1385645136649848,0.9032450588258167,0.812717654232695,0.8342489549650125,0.5545007428221038,0.8671676280738756,0.49449400894901135,0.29954650980812125,0.5333411172876555,0.34880882773546007,1
0.38628122418790456,0.3917837374863531,0.8460586715452308,0.45860948420788444,0.7157907037930858,0.10643255895992262,0.8761574753496946,0.7021920498487961,0.5803069386302749,0.136624312359211,3
0.10019946151764536,0.05343083563247725,0.6298579238027301,0.28703199378777566,0.15911245582556655,0.5675332528173477,0.8048228834774211,0.6202219552226934,0.09970651920650181,0.4745573600427174,3
0.6610301563375647,0.5087026319577796,0.8410300803786861,0.23405997983741936,0.13915739480511397,0.25896026878566214,0.2894910084498485,1.1550242125862353,1.0472053291156862,0.7325297931314204,1
0.43828122489228705,0.46563122877392804,0.1093169403341227,0.5483928268784002,0.279182383820121,0.1412283161965914,0.09335257823081097,0.7730616602088469,0.02957985009118483,0.6590290593799824,2
0.2087556662148416,0.2670744337632665,0.3372238009451188,1.1436689409300278,1.417127506889471,0.23321663947596202,0.5830293337804907,0.6576209435956987,0.3485676153077507,0.6494170585493593,3
-0.012004714543717876,0.17086333517850794,0.47517784624855053,0.5795589770833853,0.41992795744165384,0.7039994192945019,0.8277668858431824,0.19221669791112972,0.7234964535420694,0.4023233353830583,3
0.1284804851346229,0.8832796837163132,0.6781843369690502,0.29918629754936904,0.89934042905905,0.3389719323729069,0.5981547678903377,0.5576959591130007,0.6930283818669668,0.7296564525764301,1
0.6860238864259427,0.11580726384454548,0.4457848647073393,-0.054142961103546994,0.1334451673702857,1.0786632790941992,0.7283529267661469,0.47588342184857557,0.26092658841435945,0.05257279539797147,3
1.1776124827404397,0.4469327723213429,1.0151416446527863,0.6497989981739375,0.3743238421280188,-0.2902529819229213,0.3904331035671931,0.22202101626975101,-0.05384311455791585,-0.13639299292192414,2
0.9913444684433422,0.80931692464567,0.4985806241407102,0.4775283087521796,0.29507814493515455,0.25862376431949435,0.22657438737136018,0.13854803936512922,0.31589119869747473,0.9484154954205102,1
1.1146663560247774,0.7575293092820798,0.3606036927850886,-0.4578340938759007,1.1892823663719576,0.13611227002351667,0.33390447302698256,0.8057323610679475,0.3595286441625379,0.5762989810623795,1
0.601241261186093,0.2934994195321885,0.7849477969671675,0.6510023175955102,0.8015452472806389,-0.19497070155203747,1.069074361903353,0.7802663049846489,0.25272208405014174,0.9150835867083889,1
0.7986466240003589,0.6500225821729407,0.7688692905175054,0.14855215177173914,0.11535463476816007,0.1605047859896702,0.2588312172801692,0.9016364583814449,0.8439396687772587,0.778013849884686,1
1.2040129678592872,0.5582420750296413,0.3437239415076769,0.5703876362514286,0.5705917953137987,0.5382209608807711,0.5884245153788537,0.23500651165774586,1.0668182350169089,0.5619242197828349,2
-0.09522770987542467,0.7149286251638508,1.08024880236474,0.797914523457097,0.6670333913145864,0.742044692218268,0.4608384005209921,0.1467099093184968,0.5108491977951415,0.664496547378042,1
0.15842064132494432,0.3005873182957729,0.44017399353341635,0.31403482918380693,0.7019374869343421,0.8905102961536874,0.8103490620916401,-0.004224130402287224,0.2891503152777088,0.701940365043705,3
0.5938469179744847,0.9953292840526101,0.274925421371541,0.5777829867010598,0.9585231529620684,0.5037708563820014,0.9754682931628929,0.1521977050105731,0.9253202826057685,0.8125011677742285,1
0.7433505244532336,0.637195726477208,0.27829902012407026,0.10398616579246009,0.06893871055676931,0.6440354264218024,0.31112900260765797,0.635393354137944,0.33144035175432157,0.26616562881659267,0
0.4219339402039683,-0.07343291595670418,0.7212463750157689,0.6154611105330721,0.11847733475321898,0.593123244719792,0.3301910472859264,1.081212921655974,0.5625939988377852,0.4204364926014964,2
-0.014059828695485638,0.9386386824615927,0.7102226010518269,0.23951944338696363,0.9580174077731476,0.361344508562538,0.5827735165931194,0.6280118652551271,0.7289948487769655,0.6733909642284182,1
1.2741868940201033,0.6072994457917358,-0.5380003145668611,1.197330660532205,0.6476323832146043,0.03603466765728236,0.2375383431789616,0.5618137128987146,0.7716823772368009,0.4140788358871908,1
0.9079668847447093,0.7988079294884911,0.5952636444780306,0.4656332176913969,0.33695500263990763,0.30228742781923146,0.21557020546888303,0.19777971627646623,0.45022511731580317,0.8136613129190905,1
0.49253785919630855,0.49419453731944296,0.6655138483667546,0.5159589998806935,0.1578652853486286,0.41167960392377806,-0.14502206637783244,0.8472193242403995,0.5579661053955671,0.32972138408355045,3
0.870196605371533,0.29870597637934226,0.59243126010994,0.4460912288768436,0.5505550258421601,0.042134864582842955,0.5245726896140108,0.34410093695727845,0.03950232768475744,0.12981019968252727,2
0.47183127400616537,0.15574325374472273,0.28777530616106206,0.25916092818441855,0.289456712833876,0.8806424367734318,0.9921447760458787,0.27202973035190103,0.43028495537503536,-0.07066891880279925,3
-0.11416129394893487,0.8782524284281622,0.6627482138981258,0.45926577607359553,1.1830854994683881,0.21921249635595888,0.8334813795728341,0.34243324484112236,0.7970449677680664,0.8243159300915682,1
0.44083853702752696,0.5877827510747082,0.36503394264279043,0.11559817402153852,0.014643319519602748,0.6774437898522037,0.0724938243739993,0.6494310600810037,0.9233581886919977,0.12622588454559003,3
0.4036937012374121,0.8101365267374392,0.5105890232855684,0.7244304328132999,0.008429242844556067,0.2318072314482681,0.5231059288911056,0.1798739219771192,0.18472840617923317,0.2747562847260856,1
-0.034796294517312115,0.9794831302198798,0.6181219255604309,0.3660954135924042,0.8758959181737335,0.3460400455000238,0.5484885900021185,0.5964811817802738,0.7019276692008306,0.6308738972753607,1
0.06346496678367325,0.9791372856271222,0.6612953761065969,0.2542064550881049,0.923362154377109,0.35996417877686165,0.5817780856868192,0.5738962400474965,0.679271175931791,0.7015646793032295,1
0.9277122063775944,0.4814610636313148,0.07496467805333248,0.9689599846799379,0.04967959279452101,0.07536330028926659,0.006056944319708329,0.8664861372906438,0.7399018012934387,0.033782770981520924,3
0.31227792562733125,0.40418070504410863,0.45889757901668843,0.24492221565828273,0.5639236745388003,0.7097426466721501,0.83110053130774,0.21521767004318512,0.3924398060219836,0.49191537431920085,2
0.1672718522496499,0.1795407404157768,0.6767544089133682,0.2166388752974265,0.9251084003732076,-0.09593179167345442,0.8378937545197344,0.41112414519996043,0.4391505866190773,1.0534963485626219,1
0.06586257602935142,0.5640140542340614,0.6200329122707662,-0.19979431748791987,0.2780004022188284,0.29690067403688336,0.8031151324542929,0.573057101071257,0.6774014593359265,0.6556135640450741,2
-0.3428468460390216,0.7475981321209563,0.5550957368468444,0.21456704015090494,0.921584198040377,0.3329368358665151,0.03321695519972945,-0.3964013100512031,1.291396321064227,0.08755697352450159,3
0.2602375846725684,0.9236331145455549,0.6548979816384711,0.46406335105330965,0.8077335324473246,0.6071792114860505,0.6301284034582795,0.4958296508582446,0.1784464683386379,0.33546683847042574,3
1.3219100277034577,0.2604150027523379,0.9419392582910773,-0.23748271372168256,0.38999982810312545,0.19727286249909765,0.1589873262058359,0.5594189619829906,0.653184916414058,1.0152372793578763,1
1.0338464771082072,0.7897379737894279,0.27392454815272815,1.118587301032174,0.6309668626510133,0.5246174550130287,0.2815572633161206,0.8843737845126866,-0.16437295857986192,-0.022515925463553285,2
0.32837146796312106,0.4254495204914615,-0.19451288366485844,-0.10050263427706871,0.42947382520946575,0.025687540213673712,0.34232613882831375,0.27039880823955903,0.8414935454036175,0.06425442788091185,2
0.5913597986257699,0.6431653459263227,0.685418616540582,0.15765533289300526,0.6241130974979918,-0.29255089857000066,0.41563044348803335,0.8116617728917745,1.1677274006707363,1.1726790245860286,1
0.7162791331749784,0.4469253665098045,0.7224577919657279,-0.12029901174850907,0.2881637800494192,0.23434567339089415,0.5891245652405284,0.7621809195747346,0.7666772340088401,0.592429263975321,1
0.6705301582184287,0.9067031665830775,0.3657060562400436,0.619067303318575,1.0042556353325773,0.5222844426984485,0.9170656680022222,0.12105358157277951,0.8501742793098909,0.8414652019342675,1
-0.002146931345319625,0.83969398205388,0.04068122277727597,0.2531304037789391,0.3123038852550311,0.45544026866524984,-0.09830866685792727,0.5942361608822005,-0.08578717653583237,0.48981051724250374,2
0.42752560096971504,0.5531599556225977,0.42015474141406106,0.18719842193495223,0.017710327688962454,0.6897131140968064,0.04313486894580084,0.6669625486255985,0.9579951898937574,0.14076867838251816,3
0.6038226434826827,0.9632802035238679,0.3002949596789955,0.5536714072706633,1.0037014763495518,0.49777184215119946,0.9387336615287001,0.15168188774764957,0.8683806484015147,0.8299451975355963,1
0.6638313526366469,0.20467242537260993,0.1768400369510469,0.07743199312505107,0.2677262259897681,0.6934122109920284,1.1317480066810037,0.45248321708911626,0.5741277051939878,0.079118194988518,3
0.8997856122256639,0.5881184545339623,0.8218984571219163,0.22038527432299115,0.06165189541032505,0.704102025681558,-0.21285443401462018,0.24261870376632066,0.1709802417909124,0.27760258370045443,3
-0.006890568839777275,0.9590009274525421,0.6312728042408835,0.3599880986114135,1.0222067195401263,0.49185609339196196,0.5667946620303447,0.5258703842343008,0.7725922528484583,0.6465247889614949,1
0.4851688415446079,0.18679225654478748,0.27644093548920884,0.13174193585607386,0.359515266920365,0.8623605948826819,0.9202909313814341,0.28587126717030537,0.44467494590501433,0.057135212842452154,3
0.06217717811887912,0.7789520178092663,0.8485817724007105,0.2246859969379624,0.9868103520751221,0.5296184693393756,0.6882066524474274,0.457565066743491,0.7165502514480107,0.5033483274387489,2
0.0989162533573065,0.8958598153736945,0.7065174754493523,0.2736044345846792,0.8828429228233778,0.3174315144090959,0.6263804809088717,0.6174350771431961,0.6980167148169952,0.736098150072469,1
0.37533590847881426,0.09940252637816335,0.5552982894832061,0.13158898712906145,0.16064690282588834,0.705482712157413,0.2673244834600952,0.26728330049643323,0.9141430304525024,0.28571466277063234,3
0.28932558334642694,0.9475391648401533,0.8603861858663253,0.5783737171308287,0.7789082144627273,0.2065853686560341,0.817008219822885,0.884432000903332,0.5486919784144906,0.052109606992535806,2
0.43007947315981543,0.003208513484183495,0.04884377797599079,0.22676946152362135,0.4601943504420237,0.9899311753715212,0.9155811037119362,0.20353738507007602,0.6134669533041852,-0.1991172143448996,3
0.41794156437184593,0.5621941863505774,0.3857565803266839,0.15303620824499684,0.040512293118471564,0.6409002832441729,0.03447975297471964,0.6404442594790435,0.9177692594608474,0.17290579540734802,3
0.517218021207785,0.1456210936839747,0.3738063030114973,0.22800998397912756,0.3832516959627046,0.8141165557837737,0.9781160915898257,0.17489368215907256,0.526124241721818,0.07326321909815037,3
0.31711165313657286,0.0706872783371574,0.5936882348979052,0.4545894658224311,0.025412148646641347,0.4847336749555875,0.8735100664071149,0.6444804275330459,0.07601076010946699,0.21284980774624265,3
0.5807913611131877,0.32743208252927847,-0.04152673291452097,0.4871969287399641,0.5177031375030858,0.08892244825520573,-0.17525180025797726,0.7402403221374089,-0.044690192745660884,0.8190241167590224,2
0.16737853921148818,0.05192015787070013,0.4049706260959304,0.7238102800847583,0.15388795797702293,0.3355594718106864,0.5484864013432306,0.8272982760202192,0.37957665419050896,0.49315508170183736,0
0.11999387659335782,0.1008457020321497,0.37725664593183866,0.7316400508382985,0.07750429974545608,0.3785603772132185,0.5362509947954945,0.8319071185488935,0.42873138414739104,0.4363232247580933,0
0.4760346896958341,0.10452328681351698,0.300179996929515,0.22604415043938986,0.3118787545076287,0.8162878935434922,0.9708698097055579,0.2648733867064067,0.4456819919552181,-0.08516860019825205,3
0.20116522612882626,0.66488052073374,1.3147271478078952,-0.2529971669393609,0.7305177965619415,0.4439811544662675,1.1020898487726734,0.08363138156771577,1.4132788113942918,-0.11045823923768933,3
0.14060566564599689,0.9592583536942286,-0.01061313786851268,0.18151045744782818,0.6755415579143598,0.9032329197814389,0.5806279738906046,0.21746481655672428,0.21543695210566954,0.798794867931277,0
0.021131159187844237,0.49057923812096527,0.5677888867784869,0.7959138854679926,0.8161703373719507,-0.007377558527010095,0.8213798113344075,0.8761329856111114,0.7385815766713566,0.7880650094691247,1
0.1848837174123814,0.41333193905512616,0.9453712215704343,0.0859090839949831,0.18256736870021942,0.01685956036956259,0.8990858903788493,0.28613550897619905,1.0906587038680886,0.2407613928806162,3
0.5072391235658498,0.8208815826923853,0.1533853561001836,0.38876145900305387,0.05753341676914596,0.9498637983497887,0.4847859222598399,0.45544379350922076,0.13364383603321883,0.9743349360945491,1
-0.28924704034506205,0.758023398212927,-0.5636369760758858,0.7189493901446715,-0.07883262291549786,0.6354716942428371,1.0939259930549423,-0.31984356182154416,0.05165589224365566,1.2731692611773011,0
0.00020176184916742557,0.1748801670414758,1.1314414293790471,0.08611035331844663,0.5089394177972706,0.48728588967372577,0.6094014730318023,0.8217027333571756,0.5628728192858411,-0.07216066646151889,3
0.279187550287233,0.9652598438448061,0.6806611423865467,0.48905928557067035,0.7754351983079623,0.6352761099835582,0.6407067883749825,0.4832744632569706,0.15710717884939635,0.3476484961359815,3
0.8814292487462563,-0.11958166568387535,0.5780862681610596,0.5526128525547642,0.5875232786631157,0.8074507323683751,0.411506587919251,1.0099870462197162,0.4149002656474543,0.8133170769860198,2
0.6623992064517674,0.3322872437169604,0.6973949811041412,0.8493632236881168,0.5854690358713331,0.9774202146071348,0.707022169082151,0.4006692723246119,0.10509192363219391,0.38389074944248336,2
0.6848492499504724,0.31705000997037247,0.24910410235644542,0.4218907883961368,0.09450169379501083,0.1074609192255117,0.0382516196755333,1.0695598490483853,0.2851550281512309,0.82933402546858,2
-0.3242344787193925,0.9432169384062131,0.9660846158547243,-0.3002179458212628,-0.21089570350422432,0.031166013433563393,1.2465364332465534,0.6604778743403656,0.7001774533619642,-0.3121388094376042,3
0.5670596667347085,0.5889356276408193,0.5304142075062099,0.6748211836839647,-0.20822691976376229,0.8818900347671941,0.2130791921747413,0.29276398292643424,0.37732797786092687,0.6866658795906517,0
0.2556027515548329,0.9518929240282479,0.3303093633168145,0.8371504717859203,-0.042321601965657235,0.4104895263258354,0.6612743520364687,0.37135390406210567,0.27659740077491435,0.4234473380264508,1
0.38579380521389584,0.9540327025495485,0.5769640851300222,0.6637704952723276,0.10980086664003945,0.3704210440515018,0.6842377387524761,0.3856542816934381,0.14557718450205973,0.2640337515370762,1
0.05619268533472954,0.7736710972615163,0.8466622754635967,0.21860568684258153,0.986976228554234,0.5313030329654418,0.6853896791816253,0.4617758080000478,0.7159249142137075,0.5074455165262113,2
0.9371840085438975,0.47945792737726045,0.003393032930221444,0.9870683408143937,0.04176739594609832,0.12282828036859944,0.01907638213380465,0.8946797165649034,0.78689128017282,0.030980309327678736,3
0.05664733849610653,0.7690868774511819,0.8446238569474969,0.22089789635592277,0.9936506461398996,0.5355190545383492,0.6847060489363846,0.4646613864050426,0.7136074598945822,0.5115389098758931,2
0.36357818096094185,-0.07627739396250413,0.09698960871741141,0.617566022056554,0.6969157178984589,0.08134719644581745,-0.056190301683031685,1.018700810113509,-0.1067259625050404,0.6172490023950522,2
0.3193179776983373,0.38742441565433045,0.46644238502917473,0.26893260543076686,0.6116189369253235,0.716265809308335,0.8518482874030741,0.2667822368286437,0.40004926039685756,0.5008556098140918,2
0.5512846225695329,0.7474376185739542,0.9785128860505213,0.4995481732266002,-0.19612884540546477,0.199772471689117,0.5854413542763555,0.9394125777005283,1.3621203582354342,1.0111311325218009,1
0.943038562808318,0.4799946569060633,0.014899632035635811,0.993142746657849,0.05197984310941522,0.13443768359566133,0.012824856944408783,0.8900878540252428,0.7859768884425128,0.037795765793112675,3
0.40722928377317713,0.4578710135924075,0.1268259472210525,0.5001599751233987,0.30475116908971234,0.1352407395472389,0.0959810808176671,0.7421416828663023,0.13268390759616366,0.6575129092411458,2
0.5671707593261051,0.44769260688079443,0.56119964413224,0.4829578564934384,-0.06616960698884863,0.8057975389107148,0.5060459693716208,0.29112083690582014,0.8302022960517884,0.10413155574718058,3
1.0637564812317843,0.16442929672273587,0.0983075531569861,0.7766325791422698,1.132639284518809,0.18169526251547138,0.611880574496107,0.6559150263133054,0.6241461334760412,0.8499513529014084,1
0.460519833340051,0.8488408925775697,0.7642454080340465,0.9228638979805401,0.7987993973782217,0.3732009499285067,0.19409008418232696,0.9208634285918618,0.9583467585960481,0.8462151780616228,3
0.4361081220603404,0.23079832004184025,0.3740740621729686,0.044153427521292254,0.44470112621583463,0.9672916537773302,0.9096746733114897,0.08912937583666927,0.5267105765834758,-0.0963870362509246,3
0.645471586737602,0.26650815185825666,-0.03919547251146224,0.7715975063394458,-0.022493305149366094,-0.1048344322077358,-0.10536779535631635,0.9675409152682686,0.37398811511152563,0.3217158070628917,2
0.2547845902065388,0.960390543518986,0.6800577690619676,0.4851393256910009,0.7752050589513706,0.6370573063628631,0.5981972954659783,0.5234359117740791,0.17079407472660876,0.3628911962542323,3
0.17562958169329976,1.010288236208986,0.7105523149311023,0.36077631976350333,0.7188695187823555,0.6531781754142085,0.7206397284179623,0.3966595338567519,0.178256796627806,0.42129606827477656,3
0.3466916285160337,0.1228422935661497,0.6174368262547701,0.1349286830211332,0.17169971293044645,0.6927034262543814,0.30102305866644463,0.2637059396522458,0.9001323383587742,0.24750142936208483,3
0.5722931821180671,0.7418729094069456,0.03419644920989401,0.7304034022501369,0.35484431969313457,1.0258684993844962,0.18177932404920583,0.33095980447504053,-0.059202616581516196,0.46070328388684145,0
-0.09880033190355944,0.7917518231443579,0.7409838388837635,0.7447063803199985,0.005203500265216959,0.21896536080312207,0.8784374898155911,0.697683481473018,0.5719847455015793,0.19996008211054314,0
0.16060829341139538,0.10462137222459574,0.39027717105977217,0.7357994807109508,0.08748091159116149,0.34924011521276743,0.5660681127164717,0.8516045251156363,0.4551347270448895,0.44476760918653996,0
0.9130533824464252,0.5801358649153509,0.8184558695586277,0.6263556068649456,0.4968573651438273,0.12317778958201764,0.8030653059524799,0.31161607328106833,-0.00020369332233460824,0.15542602103266023,2
0.36333064390495107,0.6435827942475283,0.4844029936059901,1.0805626866861051,1.0188578324620916,0.576480931861233,1.1691068949810468,0.7742730627335354,0.4306584132915007,0.8806060411303144,1
0.49298931945116486,0.25736886167072676,0.20598099424392824,0.323006000583348,0.4595143586328508,0.7847131264740242,0.7979316031924427,0.4242321449192425,0.4924679131653368,0.16314363352024802,3
0.7207639907801308,0.450920825515977,0.7138780334351407,0.7058781972021774,0.5875156473171047,0.9712696996267124,0.658110247804918,0.20105178226677228,0.27685265222865063,0.43016163050561174,2
0.1886506786113272,1.0889353345688593,0.2464424750450148,0.8333132480572927,0.10013161572353896,0.45073927748896375,0.431054378732193,0.42546024952190353,0.3355486994167861,0.11364910537817788,1
0.7024939015776627,0.4351405338032421,-0.14013480656382848,0.7857774332269158,0.014235390226312983,0.8363947921819219,0.42382115364398865,1.2250917464882969,0.8599528124237379,0.02166761692022845,3
0.15662923328693845,0.9067377186818042,1.2594390586755573,0.4030881490873435,0.2851051962842024,0.029205008838885396,0.32569726998429605,0.7386175819563036,1.2491880455239521,0.5151513131858929,1
0.032864590465607135,0.8270326556849912,0.8380796919093328,1.0480040270365416,0.6408247390154913,0.14118276574782965,0.7193992622511696,0.24561404591815789,0.42342500669800337,0.7561906469852037,1
1.1209166932505172,0.5053433225459618,0.9854127532869976,-0.05541681945314941,0.3461957776450025,0.6941468461419134,0.6902763781520694,0.8317691015911373,0.7215332613615896,0.8157179217227446,3
0.41066233544223935,0.8209719930667307,0.45526498543925265,0.8422923042832666,0.025982252362520615,0.2608488922634005,0.6206791831078243,0.2839594189780517,0.11309277363217773,0.1801877255559326,1
0.7727970287446735,0.46411423191545215,0.7470177172774662,0.5748903670414729,0.6284479027343332,0.11513858223286996,0.655145370790506,0.4698450097341147,0.11604838233784956,0.0652485689095452,2
0.3158068844067427,0.5324806205438977,0.3105900663837517,0.5149197514398421,0.4873235301361259,0.9329340303617206,0.04076423645467524,0.4155363763074521,0.3565128237684081,0.08833102094608146,0
0.7339306693707465,0.7066290640168821,0.7259771065902894,0.632896816494977,0.22150495789297497,0.23934101015529055,0.2054211411559715,0.033249266003113995,0.45843584268203275,0.9456016882854441,1
0.7009544367410822,0.5455962776594835,0.048316139833393335,1.004776790956839,1.3706225752965482,0.17858169057251602,0.9398404519137964,1.3682058424873804,0.7224045218861675,0.9328062967736068,1
0.9209626711770935,0.3872624954803754,0.7387245248417531,0.5645280440093675,-0.02396923111327716,0.4242595795802618,0.18738656311996377,0.44006198818846476,0.24482998588502405,0.5138713942077423,3
1.2016990037745794,0.794214236299114,-0.17128733491020676,0.9218856131407317,0.3327341742621166,0.7444981418789514,0.29445488839007217,1.1196914474398796,0.3351399765011843,0.0982338089336856,2
0.5361037304684404,0.6272568019283407,0.20974760125241684,0.6140648933858128,0.5368551411916141,0.5540211809170774,0.9636981402233423,0.93658000440008,0.502744777773903,0.1874141453632346,3
-0.29800086784558627,0.27355299035127445,0.8960600661987248,0.8398489119434617,1.303795777499519,0.7276629973896055,1.0679390095191104,-0.27115611058431066,-0.20940623012146165,-0.026747120932813395,3
0.2770276734872137,0.4510441655731058,1.2097933604168316,0.6565664458976982,0.35200539867489966,0.5445386332842155,0.7800878434570688,0.7534089451006573,0.7111243694538131,0.5323245185035766,1
0.6312796611202254,0.9316569417021497,0.6769512011470156,0.7673416476339876,0.1318781777986797,-0.029304888184886857,0.30923976615230714,0.3036534171286244,0.42196704409398406,0.953305635105611,1
0.43511732699143857,0.5042981022900492,0.3842098758460658,0.6150039193149308,0.3743751964188729,1.0105753634676842,0.024756108833577817,0.33773488146500763,0.2833900593767169,0.04679331199914836,0
0.7066754346732784,0.8281301166077011,0.734346643338244,0.19836420340274266,0.21186141161198288,0.2837181540020305,0.19910746935900686,0.652454350579476,0.8673744449784838,1.0917741583479788,1
0.3670568359384483,0.55872391195283,1.0086564942871927,0.21357418169609424,0.6479771419298758,0.3160764603570002,0.9130973303080279,0.49438077597291336,0.5077545996309532,0.007046794308419091,3
0.922763051392506,0.776996815851258,0.5780046520211142,0.547357764361291,0.14228688168205275,0.3340572270174786,0.2592237460752675,0.39602932277948893,0.36614033153585906,0.5501167139400094,3
1.081343666789655,0.5933232163897425,0.7690731704860838,0.042893726412248534,0.14813130815023773,0.5251121428091385,0.20684499571527967,1.2609634987824776,-0.0763530776074601,0.72037745031104,2
0.06021544903640591,0.7845048355258017,0.8325539151019935,0.21408827419756016,0.9881924219804836,0.5250197130873822,0.6761127829073269,0.4734722758384776,0.7049831168089824,0.5195731455058471,2
0.5651801311061225,0.7585273138830957,0.7984971270268222,0.8557494837014747,0.8594042982701917,0.37012874944469887,0.22475521927182895,0.9355656208297235,1.01301859006513,0.8873235975287279,3
0.9414584611223464,0.31051666666068234,0.7396311506819953,0.0826925808748673,-0.10948312829511098,0.37283862638055176,0.33402980003981936,0.5016632346558518,0.6287813809972437,1.2487930296759573,1
0.5505174872275256,0.17330954858665618,0.511941740046802,0.3121485071352386,0.42295548060411514,0.4833711488326806,0.3814990205953362,0.7716565931533474,0.269823697984662,0.5738181552195096,2
0.8098657834460876,0.5789467245799577,0.5534705866941446,0.48233335764930046,0.5619801091101496,-0.009522541327318279,0.7000639315548847,0.4277560612808,0.16009953191732595,-0.09085468441037661,2
0.4251338629610446,0.4105953099368638,0.13546648683036536,-0.1165360384259054,0.6826792033430635,0.8011388797742298,0.7275604576467036,0.18064753672200928,0.4757597700816717,0.40654215060916693,3
0.4498110474958464,0.5343456288896073,0.1853096688445681,0.5775410661291299,0.4961181025594445,0.657694059252002,0.9627463180638172,0.8708560809802043,0.4432959957159576,0.2163498546613833,3
0.6610668672652494,0.8656424217711522,0.5753951752150561,0.8126081596979785,0.927947005984877,0.22448669714754507,0.3441803302999775,1.0839750045226406,1.019757938755817,0.9622489835024255,3
0.031072480025102184,0.10911556863774631,0.7098075718725047,0.22310131885998175,0.22233507549568382,0.5407863248887812,0.7382439289772169,0.5482497632801687,0.08447033358413378,0.33310439531156893,3
0.6054183836143232,0.21371865069942686,0.8239108304766138,0.32803727460650395,0.43129062714789357,-0.1822582903235065,0.5367957674168289,0.4553710213742985,-0.11838470692257161,0.19668481584609296,2
0.05708363342555715,0.8720252595572818,0.8190168414725284,0.43234459973052775,1.0197553563875004,0.28500177796308657,0.559084241935222,0.5611314288726635,0.7607447785803989,0.8562721428120409,1
-0.524255701921942,1.2276231184072615,0.9256019022494332,1.3717162227426507,0.7754585017698221,-0.12809339766439487,0.1305649460495069,0.6206554830150552,0.36453706278857423,-0.08590187592549792,3
1.1789684367673672,0.336714495931086,0.5091166837910805,0.6332375954471307,1.0629475026839224,-0.4929868359412496,1.2295002746195445,0.3712505844184557,0.6799226550987209,-0.598296556582689,3
0.9832842577049337,0.624582369370121,0.1852529867020015,0.9181007235215959,0.6262664721210811,0.6960761032661393,0.5084875850987483,0.9562728719029576,-0.013312466961357912,0.028005686798153098,2
1.2520843082056548,0.4800787072293137,1.4513815594826982,0.38187457786128537,-0.13274086261135382,-0.4868407228571422,0.7194782356312472,1.2171703251549981,0.6635621395368181,0.7284398009091372,1
0.38404126010334216,0.8548767551857288,0.48164659549662137,0.8076693540379387,0.005911488287286507,0.2551840383966055,0.5993983847892761,0.26843726515193816,0.1526668604150595,0.20925667468091333,1
0.4115214280937103,0.3913204003933694,0.11301836588002766,0.559354595527074,0.36894704406054035,0.10333889419662126,0.08317319223287575,0.7704740434505446,0.10759445051052,0.5687228274608344,2
0.03630157254932678,0.9595844278020994,0.6341810044663818,0.35272166521202325,0.9931638639697299,0.43493559492394646,0.6465074994489838,0.5810455292976858,0.6460207277640386,0.7361693534555205,1
0.4891465702380219,0.1811999512767218,0.1742741462628365,0.2714358589054471,0.3876015034430122,0.8716002473480342,0.8326474958328512,0.17278499851378365,0.3532355100872549,0.019524050044567205,3
1.1299113161976682,0.6579726465825088,0.6997719325685806,0.06732654902810759,0.27599167459539864,0.2868940217398284,0.6057727344043662,0.7928727087324599,0.4206119467373201,0.9054607579432615,3
0.4817653035106683,-0.02097870349018216,-0.40679295498467294,0.5621222570856491,-0.4096149750045221,0.9221759695064349,0.9952909225342549,0.6220488313985401,-0.05253857167442688,0.5331591168835251,0
0.4012356661507404,0.1843726774589408,0.15327941892886127,0.6201861004860229,0.1642275133625611,0.5718847630533872,-0.10567183041519279,0.7804927808484554,0.3189653730978894,0.538067715949825,3
0.2174784594759232,1.0918188471143566,0.4381709285140362,1.1075953809878851,0.5713184661450974,0.5946689045418097,0.627491357242538,-0.19002711852236093,0.047180223995378634,0.9622816540528091,1
0.7040187248449219,0.5267949124704017,0.7483208238935343,0.711468510886247,-0.2511668358000911,0.5709394297938406,0.33903876067048727,0.2652948163978783,0.7464863605338226,0.27037540361297585,3
-0.05558288763296815,0.8078552800914812,1.0540282791911186,0.7058339555495245,0.5392651557364418,0.5944159198988891,0.560186913461788,0.36830903184471775,0.482403340605556,0.409389040089496,1
0.9062101187810426,0.7473670530661649,0.20874663126688428,0.8193829129541753,0.631257051617385,0.6914812089682948,0.3741610549235521,1.0661107226261135,-0.0800837764681003,0.07266365009311615,2
0.5148523999694696,0.0698630251714547,0.7139027728341933,0.787338232783602,0.6019637772709078,0.5985420246572026,0.4541297516652529,0.49187454488157384,0.1425626624500372,0.1606954883535064,0
-0.18146159955629976,-0.06518937752102077,0.6970711248532305,0.5967705430153878,0.5003524293468019,-0.4521599935997582,0.7248342583441657,-0.0454279299885772,-0.5271667287000479,0.735499777593972,3
0.4612760553274896,0.21780760289547965,0.28475372485262873,0.15177278243102701,0.35335092577798166,0.8621954974660341,0.938228258305844,0.2532083241779842,0.4542434678359521,0.0355946431283728,3
0.21707720640657455,0.14468973898249116,0.601493142062503,0.8774110367358826,1.0013674391106504,0.45451261654010244,0.6746096845561249,0.0315943897711741,0.3894078785140734,0.278561559747148,3
0.9286240712727707,0.7703255076365083,0.5107139045015089,0.5347432822194785,0.34778563968056453,0.23742616670381012,0.21480554217291395,0.1531060751464541,0.33022794305366027,0.9241663667000894,1
0.16298721940911456,0.44868693419848615,0.08749921164882092,0.07995499782805879,0.4642317148282955,0.012523554659902889,0.09444247434268448,0.41965081114370384,0.838554281981694,0.2808073203678747,2
0.18204345579589623,0.3434946595985966,0.936583732728663,0.5919647507964474,-0.28299360804380685,0.42639062242569614,0.6235645886382661,0.28689575853433835,1.290473734192633,0.4999188833655489,3
0.32511361204103795,1.1662933291874835,0.6244321408822524,0.78846527336335,0.6739661780952407,0.012094603111666574,0.6611980395006365,0.8087904270545252,0.4564809861888231,0.44421354079147635,2
0.715015536900667,0.4290654573097958,0.5863376447586952,0.7561318961726905,0.5550458486437769,0.9121508784755771,0.6291519569033133,0.2859358325100591,0.2100127986045738,0.47132029568197803,2
1.03815469813369,0.3325287091618417,1.3929706976355503,-0.578891879768467,-0.47389048113854804,-0.4792215874355117,-0.6035013585281562,0.10385043868244792,1.0253647936412955,1.194548291467034,1
0.9420933303851617,0.06591566740897155,-0.0015463285225783873,0.7223926936660978,0.9464712993110814,0.14403934077114,0.6636202523928322,0.7340380425526601,0.7092199599530634,0.7268713633628255,1
0.8984660641007163,0.7447692703017464,0.5750905844173554,0.5205862412235731,0.292828655414367,0.2605450878028931,0.2112441020702578,0.09771600597309012,0.3462641667222516,0.9181974012245356,1
0.8638379186716285,0.6878737441898082,0.5901070717529804,0.4339978659917991,0.32117314400114566,0.22321528335663932,0.22685866239485547,0.18556976492287802,0.37474353362769225,0.9293209127101282,1
0.46290709604059516,0.22627440856315892,0.26808021129840737,0.1381717880840564,0.36317658793818147,0.8463920498628393,0.9238897576065246,0.26725651280861146,0.44336775950550245,0.031217014688985956,3
0.2458467050442801,1.1665704431093111,0.6746791779661363,0.9183573497294942,0.5999732303839315,0.5264735855262881,0.7252569801352041,0.013669756367314198,0.3097500247897184,0.4803484408400082,1
0.3958732772303398,1.1541365791500686,1.165356435854652,0.877754718020704,0.961553501348849,0.7053052860725747,0.6803070746579001,0.16824289226087413,0.3887497886024508,0.7312379166747144,1
0.32107554623426776,0.5373635959261942,0.40605429914715707,-0.17033086144059995,0.09466708556994419,0.4774392235206395,0.5687572977429969,0.31423229292624383,1.4695177786319902,0.6134120839061812,3
0.9875588447450669,0.6027812574609139,0.17837465509662342,0.9589995697382684,0.60986839995922,0.6492002724259486,0.5485053798113768,0.9347657411696455,-0.007139472702796391,0.011233763255498307,2
0.04405138273163427,0.2753254144528693,-0.1231908070295075,0.1580177064674636,0.3752545626199656,-0.0672466946704427,0.1479411173430174,0.3099828975440562,1.0238014714923154,0.2379832669335642,2
0.9971317574549099,0.4506950044766544,0.10502531943203358,1.0765628295838343,0.11126046935355705,0.062475519502718,-0.058034305063215094,0.8214453586877029,0.7472459243221208,0.11393100515398134,3
0.8142480583994527,0.1583212516128332,0.43908104871130804,0.5008191128448107,0.06252128053530047,0.14341469600465576,0.05394573207398162,0.411364410299874,0.5433399321676581,0.7674407534130456,3
-0.8037083762214611,1.472520440768059,1.8964879023914465,0.8698296229913217,0.6896469401456149,-1.2924653912270627,0.8503614730451718,-0.3869018316789923,0.4930507150555944,0.5140551864467373,3
0.5627415969030186,0.1881792724517438,0.5006544347833256,0.2991740278784764,0.3965481468506159,0.5024968204229828,0.37716784466956504,0.8405625639771308,0.2501100238241217,0.622213307147081,2
0.9167994473829787,0.5105445342346466,0.3067135319907059,0.9070120291366687,0.6194488841767215,0.5900401720991049,0.491371464967686,0.9704203377404542,0.11679597114887333,0.05219451419429867,2
0.5088841223839357,0.8631271183821929,0.7610035296416491,0.9295418940874136,0.8893332294559462,0.4780645362358918,0.17824195583283334,0.9264142760726346,1.0211006997980503,0.8241233621417133,3
0.13101975294266588,0.09859995458934838,0.38771279669790265,0.7212921364960603,0.08710842724340163,0.388061767606125,0.5309205455536694,0.8457678543352039,0.4190329945721616,0.4510091710251999,0
0.8584062284717408,0.7091314498540273,0.7014324290413506,0.2603679646352753,0.7619046753015426,0.8879054628335712,0.20319406429556613,0.1896841437397844,0.4481970751272889,0.650573265345787,2
1.1946515934399324,0.5015758703516556,-0.11201449826896287,0.6184827047344781,0.7967987214344765,0.5145466222745112,0.6394245761700394,1.2947503616073304,-0.06411071060503123,0.03260810335861117,2
0.08372405996831797,0.9824244069321704,0.720908122531916,0.32820820217224606,0.9219233386671912,0.41253072265602775,0.5896419305252446,0.5734077026632775,0.7029277273287317,0.739244969981408,1
0.34047538352414414,0.9004868128513441,0.8875142170299649,0.6413987218806845,0.7986536612850881,0.2192540549081361,0.8661824747239578,0.9176172858749492,0.5736354741485084,0.05840252459287239,2
-0.21809580144114776,1.2421075015353882,1.409950687816814,0.7901891234219918,0.7887724386469256,0.8745544136050406,0.3075821302718127,0.46967869721855465,0.3736131170334842,0.7776075254681442,1
0.40972839509862224,0.14319292048859833,0.31323312122753905,0.33123045486348546,0.49112482865459295,0.9256455420825296,1.0260523344312495,0.4147963110450674,0.2984201192754496,-0.01700080984929122,3
0.8842147807370465,0.37004266973998134,0.5335273532004292,0.5026362358046675,0.275074632503796,0.27710060143155135,0.23866228716616839,0.40427364818521666,0.43797078024135616,0.28134767433120883,3
0.35747096856258387,0.965355091114574,0.569457528080474,0.7313077272725389,0.47361392174219397,0.12516458936262262,0.8510242693204497,-0.046166645577730925,0.5449655209284798,0.7361727452830219,1
0.056535477669992486,0.773757976095189,0.8466804591355007,0.21856933407393603,0.987387551811968,0.5315273208993084,0.6863144857970859,0.4612128091154867,0.7169126518790929,0.5078324335725941,2
0.42384091707394916,0.5597584976592903,0.3986928120600091,0.13944156072432712,0.04944556337229001,0.6504698853698595,0.029714668217719807,0.633660830688701,0.932304146919446,0.15639399507993465,3
0.5408080944326931,0.16544989340357363,0.39907771409263154,0.31484964892850476,0.53590211547462,0.9258645207849222,0.9685569474748797,0.07177448845719395,0.3227915633724704,-0.09060100366558471,3
0.6702184768561197,0.42064587301105694,0.898432171589275,0.5787672730277188,0.2912230095295393,0.11693261248587733,0.11972935433236681,0.6105236065247154,0.5464388918890144,0.30649038308360715,3
0.5653516852293377,1.264768111598555,0.8047739155872763,0.06978421911170032,-0.6636845123249122,-0.5122236250043712,0.10391068423102101,0.11914392840439188,1.6835876721457,0.814987634175232,3
0.034794178684762145,1.003784821411989,0.7192889411898926,0.24645749677315965,0.8927957813808721,0.39098434260480075,0.6142081820401032,0.5880818850812688,0.6221558417161335,0.6879397834251664,1
0.7567600217959064,0.56841537352486,0.5983703896191176,0.6059360950503806,0.10019560480034222,0.32114725474427575,0.2134753652543555,0.5254914933598764,0.33520865191846727,0.42204378248054586,3
0.17030686326271638,0.9760089116441726,1.1119492680594827,0.5505451283011272,0.7766788717551921,0.10260373036265252,0.8655563536310319,1.0318447539021824,0.5223470726480789,0.2526497684083807,2
1.0851978994274631,1.4376722304691232,0.20331555602979923,0.1869174538810056,0.6104115574899938,1.089033550412093,0.010573146953072987,0.4109223259698185,0.5642432053439316,1.4498864746603513,3
0.30279812219673335,0.09513390599823754,0.292532922909646,-0.014068934446070908,0.3557111241942427,0.9923936101249933,0.9546919693062352,0.09413123101140614,0.48603201225642856,-0.090939511941341,3
0.9263862844966362,0.37724953655183363,0.7243843919005615,0.24365736448877792,-0.15325721952521926,-0.02929851938957037,0.09076874446667665,1.2375762246101658,0.7823712271911427,0.5941740701385925,1
0.5051822489878195,0.6135298332670511,0.9091217882312612,0.3871490694377949,0.87425844182731,-0.08077970268066753,0.48588735399839167,0.6664474694943796,0.16378143728356934,0.2534355038785976,2
0.5888769977394034,0.730338921485542,1.140903907361819,0.3021588473327736,0.47326510767996394,-0.06965551862797853,0.7515492259875443,0.9097477187655912,0.4641437523501081,-0.1702511354002718,2
0.7901972011929885,0.40228975772317405,0.22312018468255096,-0.007845241143408316,0.16837713096332063,0.4982264212775296,0.10766873132859983,0.7449520894692022,0.4056965621275294,0.25139151986654606,0
-0.18372939339264954,0.7980996873195703,0.6800418106060083,0.2299165637827864,0.7828144892899784,0.33594779212458437,0.661986427521283,0.4699595872995738,0.6030909816592063,0.9309004867352514,1
0.2248354791197155,0.46616129855384075,0.5967164411913533,0.23758062996386284,0.7250117119914556,0.8961442824628925,0.8387236327138511,0.13039928705260093,0.4430365972585076,0.6624473593288586,3
0.5933338098182946,0.5422096018281024,0.7459154002005586,0.11187690350239765,0.7096043007419,0.5999797932835543,0.4339209493286134,0.974751583885436,0.37680840232173257,0.6108553590159308,1
0.20354479791083527,0.1322366013611948,0.5185830230262294,0.8922777255486761,0.9144567473352219,0.4088377890551871,0.574807817600107,0.06470089610657365,0.35103836780707487,0.2637321103956594,3
0.25197465610810893,0.5016661155420172,0.5344981467326595,-0.3037697369761459,0.53354517188761,1.0899060360281239,0.8151291371497575,-0.11389003942149226,0.8801658694952232,0.14625197055389758,3
0.2550878540758483,0.8347600237740875,0.7574919515166025,0.6399741815837372,0.7927587757790714,0.3914637524962076,0.8809540890645527,0.9016316277785388,0.7005019713024145,-0.04917702711453317,2
0.37847912447725474,0.12707643389515777,0.5482755117397934,0.11227208895192403,0.1803309168589386,0.7494535290046378,0.20657230972831708,0.23877234255268218,0.8942991209027702,0.23155813338913278,3
1.0372530710818275,0.6275148471726459,0.14802600185224696,0.9769028479309736,-0.016409758425261885,0.11243050142348376,-0.07334329323057891,0.9171186260444798,0.8556064397793267,0.08833858081355077,3
0.8174158867419107,0.3500788354929897,0.777043198903471,0.8997879807288623,0.40849190947038605,1.095843141432089,0.4828469984888237,0.2599661487921575,0.40373761819697107,0.24167886943195116,2
0.26854263166564074,0.46023526656276914,0.9306711474185047,0.2715268132488392,0.11148557763343955,0.12625431031475046,0.9406387190161899,0.2767236997337556,0.9485555199244886,0.21016411895935,3
0.1094804589519903,0.9240208363072125,0.7032272664977677,0.25395940017658103,0.9175027370320918,0.3389988299220155,0.5096064422882991,0.48351381966560747,0.6214816345187228,0.6663150352218439,1
0.044401172372959916,0.6997635528580864,0.8289875384850857,0.688133751360922,0.8668033931438308,0.5395570642459552,0.4406100777451873,0.5350397134329562,0.1954363254880381,0.6568627124463626,1
0.2669213613976295,0.45731733585609746,0.551384461892114,0.2717926789240518,0.7432360672405256,0.9253208802709063,0.8529395885970269,0.1189415268036339,0.42679771937210403,0.6645178865603224,3
0.40208973466928777,1.0467357166120872,0.519381611418672,0.5163913929655448,0.6635322840841752,0.5397003523186985,0.6477376849683377,0.3625380520606113,-0.046566941990429184,0.36034282564553016,3
-0.19357579080085024,1.4439916494228362,1.1565894087441908,1.6692079632385117,0.23363260473255965,0.14204733279421228,0.6605199513150888,1.808403481309918,-0.15552545124662465,1.5665029198069946,1
-0.24431029366290807,0.8949202546215715,0.5727475232151475,1.1069141247335184,0.252228925956153,0.07093580277066913,1.058260949661278,0.23784374965955907,0.41570342572937635,-0.05795117319731341,0
1.0749493851136582,0.6625367089429541,0.1974929514381786,0.843405192152896,0.574313145131294,0.6964296196252132,0.606173546466704,0.9815816067190974,-0.04022119576872583,0.10467517737672516,2
0.3760040581894918,0.8522826346414526,0.737244058783701,0.8344300907719285,0.34434776797481625,0.34623631771518887,0.8406385224066557,0.18107073473413599,0.31007680096305357,0.6679260787727026,1
0.9035053400661669,0.7477131630246949,0.5285729191760165,0.4768476876476882,0.274702155517796,0.24829351494808827,0.2255972443671596,0.15894487499501792,0.4116225267862305,0.8696509086737987,1
0.22567572001162195,0.35014209159393495,0.2480980951598511,0.030930340272425125,0.7859830668621164,0.8930848592342353,0.7173827257939656,0.00265240166724736,0.6977935058187267,0.3287078959996765,3
0.16071719321017372,0.625734496807872,0.8971755619253688,0.8257785687750575,0.50939536557142,-0.0029131995029782753,0.7953593250792442,1.1571542068594478,0.6070552064822754,0.2962736791792421,2
0.7372182330428536,-0.08824569925049974,0.1568644554260238,0.833126835512202,1.1405485626330392,0.0505077642084322,0.777397536842245,0.5842364863235192,0.8314862421191027,0.7821221128365121,1
0.30222823720438474,0.5495299684035682,0.27578637258216737,0.5008294986431342,0.5339313056916877,0.8969452585502333,-0.03514996368576456,0.35794751267531155,0.34566064472013963,0.16554991339691932,0
0.449818407365007,0.8679563264617095,0.6734080666138432,0.8574122339797429,0.7008427440778039,0.3564464773840005,0.29147460770743827,0.8185892039290805,1.0069395057398365,0.9068556821692895,3
0.6819863987327153,0.6934947200729178,0.8904082951216434,0.12298466078927556,0.20199657974418306,0.07215484228737454,0.41850601641531826,0.9033271518678889,0.9321465160778055,0.8984042685502098,1
0.057719361742653824,0.7088250306648836,0.7786691297948466,0.996837959366683,0.339762286117143,0.36926116542851245,1.1074533002288003,0.38780110999617134,0.6327472160016935,-0.14790305066697843,0
0.9259696570108208,0.8928872911728304,-0.13692405193878232,0.8486715604352989,0.64562004683062,0.4500332966576656,0.29480451348021675,1.2782373850288553,0.15469061564339176,0.23094615126525825,2
0.90836618045345,0.06095269166090678,-0.024266677204121487,0.667692729102986,0.950099570071052,0.20137761838398938,0.6943355624751041,0.7621411510753009,0.6671580366479173,0.6547802074825374,1
0.34023851790553805,0.8722961409658101,0.6864716842062423,0.7882423738338871,0.39415791670896666,0.27972549874358504,0.9005481394049818,0.14262866378143446,0.40748449657241187,0.7530538653456788,1
0.362295551414554,0.38219827043391236,0.14302049519645427,0.6155712250836964,0.2560567100702838,0.14837904666758767,0.15422560564263918,0.7715276533218632,0.2107591854802636,0.6750436808110604,2
0.6909586455559684,0.10153093327462509,1.0862103819548399,0.884704980097099,0.7737377533641594,0.0939015540662448,0.7957484496524415,0.6138705847618331,0.759788077642003,0.1893053804674567,3
1.212763289294008,0.27872439835755775,0.5704040672679229,-0.08178940159237588,0.16480861690540372,0.09096647603103297,0.6746197195835653,0.648650608881003,0.5536276608605715,0.1103569328428527,0
0.14877265727092673,0.7165693284136527,0.9633235084725686,0.6593228364225244,0.6844225141591966,0.6948921804065098,0.3710293872433236,0.4034838575765736,0.3057474128717975,0.5511968788057968,1
0.5131369356312119,0.9154079619709717,0.36053290339108196,0.8935536285736779,-0.09816927416579971,0.2521728857804379,0.6839551676313599,0.3284660819199343,0.10691953395311221,0.16939261361312505,1
0.6302761391804642,0.7009093597869327,0.12078599700912848,0.7770316097624484,0.15518802671940218,0.9281922508832187,0.09456619965725704,0.3060783163918707,0.034632131964721535,0.3053425610094286,0
0.5033061624171213,0.6912164024855513,0.538680741245127,0.5578366173620053,0.36894017476797164,1.1660250891537658,-0.1260679837890942,0.0429982948395774,-0.18045656306158422,0.21663599851200777,0
-0.04559596955569217,0.25582478964059713,0.7867892251057783,0.4978201785540304,0.700038293769423,-0.4653978568240168,1.2106124284912836,0.2740641676096072,1.2728110575861498,0.3539582596308222,3
0.37562972192820876,0.7193289404686614,-0.061460104548321154,0.4686575391245433,0.16259655107319332,0.38263639628719354,0.09143191645059426,0.8971733940257705,0.18181432857965707,0.4254568664010941,2
0.5951197359679111,0.664123635407999,0.04800256286477575,0.6851492753946827,0.254595951979055,0.863272778934986,0.06001979578678458,0.33485551520730594,0.16138615384420546,0.39101727301674066,0
0.8375545442977651,0.6347601345437149,0.17437214026442832,0.10351938855978632,0.003927999296797394,0.5272089876476577,0.3223912749151248,0.7367778121018499,0.36505907335934856,0.3227249101972331,0
0.9628686667961441,0.36141644206675383,0.01675187172868142,1.0911343797814617,0.11177935570602371,0.016236353088888572,-0.06481200634127501,0.8403611434350492,0.7395924099455908,0.06600931881625727,3
0.4698374440249704,0.7849950435575812,0.15876748185022863,0.3940113798041515,0.054263902436982855,0.9059440630683439,0.5162164022958207,0.4524514181446766,0.16574425905071855,0.9376861828822937,1
0.05711060073680237,0.7769446094366623,0.8456670712045568,0.21955205086261764,0.9872232882265083,0.5281283444699552,0.6866896284100665,0.46526952193255067,0.7148369785067533,0.5110047639259041,2
0.9104051460554179,0.7101374089857615,0.5035222266030083,0.45866153968031814,0.25419460770972246,0.25585577595125447,0.2455017967523236,0.1335045585440886,0.4076445097374403,0.8587340272819287,1
0.4394908397647191,0.5877843512232234,0.7151140514196085,0.19212087716329096,0.6168764407930982,0.6044684067896122,0.6193568305773738,-0.2933333498673158,0.40683000822717325,1.028827362605639,3
0.5503525128542645,0.19230058437190736,0.36494174054730827,0.14783878140953738,0.30615587855266535,0.9178658299678024,0.9153095721909544,0.15965260042068496,0.45421173409680893,-0.013201656435411317,3
0.359911506347794,1.0064363676555996,0.7096000217707252,0.6824729272566811,0.5404150406500817,0.382094518864597,0.928667441661426,0.01851344245361404,0.37355158653583137,0.7570994855275854,1
0.05569457314280478,0.7752962080086643,0.8457977088350682,0.21721452924713242,0.9857942687954331,0.5322754043531495,0.6849110089043802,0.460254490635734,0.7159571239298809,0.5086362260760156,2
0.09327261706201165,0.8033480934903258,0.9405552547255986,0.7631094209664264,0.6931725010199513,0.6284494813036863,0.497178087027213,0.27120329598501497,0.1673822566244021,0.32158347212329974,1
1.043105057246272,0.4401014872489922,0.012635093085374891,1.0197806456209384,-0.03889082081123248,0.04922736165473475,0.12475571554218592,0.893831932758296,0.7718697387769161,0.16199248419954515,3
0.7777015794950747,0.641598141256236,0.8784390924648117,0.13939528164173964,0.13980323506791928,0.01934926425395092,0.3326755198969071,0.8807517621749451,0.870258149283044,0.8700109303266249,1
0.1659576628073091,0.42880212902072967,0.6502721385846935,0.058041528828276984,0.6807427266810757,1.1167116608528467,0.8357896073213982,0.1550139744983044,0.285847219281922,0.8121850541055152,3
0.056507722320415184,0.774921337371322,0.8460867768792626,0.2172664577180429,0.9883101385723374,0.5327350465497371,0.6864633739702447,0.46178486733912244,0.7173262644205028,0.5066246679606272,2
0.5261038874758522,0.1824418668074661,0.2824516855779322,0.2123645898184136,0.43358251922858715,0.8139696078808148,0.8590295355319882,0.30674176518109375,0.4301730335018613,0.07651204763136757,3
0.5834760208838725,0.36740968692525355,0.7275196921538005,0.2505714657561039,0.7330579692284311,0.2374081810175341,1.0557943387175237,0.7580627602242811,0.445803740015991,0.10166883087430834,3
0.7360646863992737,0.6282814784272807,0.8453716570965142,0.07552207705654321,0.1375508950078398,0.08929932886579552,0.33429502730175326,0.9105557771436784,0.9104913909567182,0.8436606113428847,1
0.4630151937632281,0.22848744577881563,0.2916560263312946,0.15723342515791697,0.34357815496282457,0.8589589323611598,0.9344365113212085,0.2431078617690741,0.4577513679077243,0.03493195733686657,3
0.2843364948823227,0.5054578395928874,0.6380347742979702,1.38667851715575,0.8825953709692816,-0.08752226028195234,0.3586698535756996,0.48039221139262134,0.3159221431397212,0.8707075919837206,1
0.1755481305404443,0.5799030399435656,0.9187959423473838,0.24829730065541655,0.4228316458295469,0.15734738994448733,0.6482703633730346,0.3631524644013754,0.9629337796529175,-0.02423584760030917,3
-1.0502722901536168,-0.05282175650200194,0.455141139965035,-0.8173989030718002,0.9096533195876453,1.6538821611686096,0.33823382261624835,0.24315821883087418,0.9950076560571304,1.4960197505352275,1
0.22223130619392972,0.40024488397873464,0.052202924938576756,0.21729518826702593,0.13429193018953706,1.1786359805179678,0.015979397868248372,0.32060545048994316,0.163498866634102,0.2071099510058078,0
0.04948488590234121,0.7668062842223653,0.8403913082776462,0.21492358756752192,0.9866637526866479,0.5253677584561224,0.6783329453740468,0.4652638720036433,0.7190641090226385,0.5037705146523964,2
0.27276427719071733,0.4509007482360061,0.4814726126109822,0.29213607118149926,0.5437057384007394,0.6609988240200757,0.7870939161028812,0.20186898579316243,0.3848929253603696,0.4912071625645947,2
0.14546019170954988,0.10142964725951396,0.7726826007168774,0.41699887531553204,1.0428729095444202,-0.09247356524875104,0.9055413375968167,0.45242065233215495,0.4762022972049469,1.024360529936823,1
0.381557551102799,0.8506966146013898,0.4703081044906089,0.7928557805909726,-0.0006666733780257327,0.2699159670452602,0.6012207494922186,0.26447805478571923,0.1595526108542981,0.21864831965625248,1
0.6619820654837855,0.3966656316156291,0.6451466979660088,0.6239065274380491,0.5346652428060955,0.9536261477956596,0.5019540226105679,0.255266107131866,0.24400064178156836,0.6190408202948806,2
0.18080369562257936,0.468081474190862,0.12934016307771143,0.05588216916657344,0.5381879707900213,0.14927917095373672,0.2647894636024639,0.3826728156073985,1.0251460431345865,0.32453838862674944,2
0.24130022307953092,-0.09885625535606746,-0.1034358427453339,0.5186869376868576,1.5455317246825022,-0.3035432898654025,1.207210026473144,0.8286868361994957,1.133581911218834,0.48572496577551305,1
0.0652837894908487,0.502201075400115,0.7964331972632842,0.4389552307744836,0.6905899771664227,0.5031608234158687,0.3296035773441943,0.567383138796759,0.3172096550293546,0.3696857243144022,1
0.49636496899516935,1.0228654071189356,0.2728277083021954,0.9168992829865779,0.032592379427241185,0.3600979436112408,0.8056304456312982,0.3217893161476456,0.014848138383161291,-0.01612507074317987,1
0.7628932101017254,0.6302132504027343,0.16362316886528963,0.8660971845500602,0.16653003514515158,0.7262434494565582,0.12270190507847148,0.1931170408485005,0.1858966113674937,0.2942803594896028,0
0.05595957602906588,0.7728780680904022,0.8487539923486305,0.2208694120906585,0.9853113261164621,0.5321596253496624,0.6859184044738117,0.4599275164689476,0.7139761076229231,0.5076156228439964,2
0.2500195647478949,0.43750222932851596,0.2724265079146977,0.0990218127152708,0.690616455809033,0.9076083203021116,0.7318372438646212,0.05069447410446782,0.7614581101647672,0.3481383617396985,3
0.5155813939787415,0.6230971115487139,0.9810985985853927,0.5544678747951944,0.32445027320516523,0.7383023054060961,1.1672974203887432,-0.12713354456119172,0.07863127451256324,0.3929043704828884,1
0.26550417997649334,0.35944634596867586,0.27615693156645854,0.0024886686959881225,0.7306137488033823,0.8550769494147188,0.6722259670886644,0.06515202898948741,0.6741478977044909,0.35204506978719646,3
0.5533640192758112,0.47360097035802723,0.8954438163583357,0.5680286857442336,0.6701679900578273,0.13821900789956573,0.8382462540075538,0.6842647065097027,0.6468318823130822,0.1342317143958269,3
0.45401025106892906,0.49360730811990355,0.9075541136077961,0.39229195099746467,0.6949458546580484,0.31676695486523576,0.9081763098663158,0.7561162632725629,0.571603382262033,0.2786335366925213,3
0.3277371682652186,0.8321391837211498,0.85135933096722,1.080737467327202,1.0314779564359495,0.4832299727892555,0.22368787271059704,0.8812766589794416,1.0896378653514125,0.7994893786278293,3
0.8511340147177999,-0.26531493422208785,1.484045770695742,-0.25579875258786466,-0.2860160192442445,-0.24473424791300147,1.3703238022712605,-0.2801662771076908,0.24506629058799834,0.6101054611687822,3
0.29561687227277683,0.6336847360821398,0.5355577488661207,0.741100302374962,0.7576092461146213,0.7440083132990447,0.12495006410074229,0.5081160566890371,0.5523760011251522,-0.2561860484962873,0
0.35339197419585605,0.3364311246841531,0.6002516077443427,0.04522770947869663,0.6088314579528618,0.7655983694895017,0.6502693163033701,-0.24325733818192707,1.05587421751545,0.22434733648248145,3
0.25505515418912794,0.38074828027540586,0.6140073990327148,0.26340056007156376,0.7404556400370593,0.9401950416050735,0.837546757790897,0.1250926933971426,0.3714220897740098,0.6625752110568945,3
-0.21078551310681093,0.8015177817382898,1.1728415336550586,0.35061692946702966,1.0176847562348812,0.42812684672423473,0.4235769187079536,0.1761765751093814,0.5734287484927212,0.4060970511930898,1
0.5040128952475259,0.7975705239811974,0.7422651267014412,0.8829376457886318,0.841909908561245,0.42314481944335863,0.18533890951429124,0.9308025831078928,0.9902165495427451,0.8460113565971652,3
0.07554525475720439,0.5166633789191029,0.840519926818557,0.7072243218513787,0.703515125460553,0.5005476271446305,0.3721733665306839,0.5822467618623743,0.335285202373458,0.4726523645349051,1
0.9017646283064945,-0.3994558912455731,-0.049202235617810786,1.7105437875012028,1.3807216861744136,1.1933951431111764,0.9776803884181399,0.6664826170134422,0.835542390195345,-0.12321549581669322,3
0.3892261449167034,0.5200172961662991,0.3681004311920521,0.14297071597191482,0.01857738423753452,0.613682477562791,0.032691885566138286,0.6201161771778346,0.9707230891071056,0.16421624911979546,3
0.3965367080852871,0.13835854594458424,0.5858645580963101,0.17429406065273856,0.1367143042433947,0.7065124380971863,0.333480152029053,0.3025206234654543,0.921208863426986,0.22559316767015736,3
0.5423064613382981,0.611262599476831,0.0519106006948617,0.6937588844988197,0.5030585991539283,0.5470162108770384,1.0713567655056688,0.9848992623406295,0.38586808738471673,0.3387898952124072,3
0.33002581705838396,0.40255765644468117,0.46951801384810016,0.24303653218527924,0.6017007068189758,0.727279012347051,0.8017932472838185,0.23961282086861005,0.4356152732390037,0.46284853307661367,2
0.5449917131308881,0.13646443620356555,0.4820111875924366,0.33682724733255914,0.4107637944118631,0.4818672778880665,0.35592273718570744,0.8346183095011875,0.26939175791496756,0.5811106698185854,2
0.03797409192701756,0.4330657504063094,0.5823078777436262,0.6437958232653324,0.6143193194177994,0.30760520347042825,0.41368361855994634,0.44338792007062827,0.3172562693043586,0.6877514777083923,2
1.0781766116715865,0.49580946540031234,0.10293865862379933,1.0026925671925921,0.7421010930299616,0.6024468952742605,0.4160284874011424,0.953504805922518,0.0320385785461087,0.12241162308934361,2
0.9480008051495287,0.6932146459184696,0.5129634903571809,0.4670542934552006,0.24233161458851005,0.21952160430699574,0.2778421033829293,0.14276732829653427,0.3719281428401892,0.8498300189443503,1
0.36509812722621326,0.9038244757953066,0.6028614599740061,0.378373429328168,0.7982851448985983,0.7327710379775975,0.686983309846399,0.5986919519864677,0.26532099750964466,0.3280656899166634,3
0.14198988893728776,0.09856967770614533,0.373180789357456,0.7283049236909764,0.08097463326422236,0.3965607745338403,0.5430627389445261,0.8607729475221712,0.4109947239315453,0.4423121591150044,0
0.8986623195319764,0.4308205552604279,-0.00119149400789198,1.0452308179613465,0.10233518759829709,0.2080361551033672,-0.0005418235172208116,0.9485264034319549,0.8553105885544015,0.060430577527474875,3
0.7245240245465627,0.4681125697751639,0.47048497201842854,-0.16069215758329122,0.9109579082617333,0.8697360061848347,0.355988263605832,0.6209501541561058,-0.024819163467600963,0.6297476912604735,3
0.4227493594386247,0.8529632857646249,0.5155470241581486,0.7593047647297374,0.0740838092811523,0.18411551529185033,0.5734189929236525,0.23866658888764575,0.08606507272800076,0.28393429868304904,1
0.2403460424250045,0.9796445149765557,0.5938433357664336,0.38863750803963887,0.7210515488509067,0.6473190259010397,0.6966955932027443,0.48692297012605895,0.20452497887216872,0.35208902388864727,3
0.14811977475804566,-0.08483377049289656,0.9248699139067857,0.690851188054343,0.7359609893729898,0.6680412410962421,0.90203798730548,1.4144905002291805,0.3448739233381133,0.7864743581213375,2
0.3695685739382968,0.2498069270509911,0.27837551539196437,0.07491548282762442,0.27407039504601216,0.9156360293950514,0.8715951255916708,0.30363529211852325,0.4509519038521628,-0.011725959954728693,3
0.3425677254229219,0.6345698840577678,0.9856060112653207,0.37717745386614704,1.0407896651665203,0.8741098045063231,0.6156518581483511,0.6331134901200713,0.1423896503186546,0.5426908803438648,1
0.9998417359654139,0.497563113556835,0.04704084116407317,0.7899526560490463,0.793184764230851,0.729483062329825,0.18457419419806437,0.6703222973865428,0.32338925757172365,0.38091680239618936,2
0.40639035406188645,1.0168607181436056,0.8099327352562338,0.6475466658016027,0.7198150270580156,0.19529188776714415,0.766660797371901,0.9802675902724939,0.5369386215138238,0.13071673012840934,2
0.5378119627912269,0.025975368360653436,0.32010444224598894,0.48660540187748036,0.4978340775790487,0.5294965797927661,0.4554493981063398,0.707945372730875,0.0843258889004739,0.42321729212104603,2
0.8820108697418834,0.5131828292817262,-0.05404600758456872,0.967421423485147,-0.06548120566810436,0.20710850137511283,0.07627728826985614,0.9982851509017376,0.714234849930841,0.1281568212635596,3
0.916718645044522,0.35641366417625986,0.28854688322104427,1.0989075747091652,0.8919678092628373,0.845464915707056,0.9957540012078527,0.12871075313637392,-0.13076427377236527,0.6194702902586593,2
0.5299178811894262,0.17181926349414092,0.4454511575695285,0.35111101992011073,0.4155808800799697,0.496668893842894,0.3186604192340153,0.8133408392776799,0.27322757722315666,0.6337515122302824,2
0.5468774839537721,0.20258131993281805,0.37908514180211034,0.10036198119895795,0.5221932405805475,0.5715509220711942,0.4077825882398574,0.5902508551432849,0.37489953158026723,0.6866836897746037,2
0.5362047578569926,0.2558989211371651,0.8106607502694139,0.038756526203567565,0.24080553505783228,0.8321509875934722,0.3157184338653093,1.0973040257725155,0.1578953316175515,0.9839663532570615,2
0.06227386086648641,0.770492820278198,0.8451663994301056,0.21795002620015005,0.9886950280408169,0.5353736570174401,0.6931437472084465,0.46614613395115384,0.7231060593018146,0.5059191410412393,2
0.11205592030616345,0.33142214689903005,0.015091999053155987,0.11739438322806278,0.4679967100183295,0.11383411799188646,0.20843970523428362,0.3835175910225858,0.9421762303412657,0.253188045879367,2
0.20832170690536056,-0.31636996483338076,0.19471423660578552,0.045197430435842345,0.7878470162057184,0.6722990216090194,0.4464870973247033,1.2796566425098361,-0.07732125975260595,0.36273697560289797,2
0.008109440355051636,0.7367765358910267,0.939480091226659,0.6638743617892144,0.2980928250056143,0.14638359415258892,0.9246829071658419,0.40562342646867355,0.7848427618083993,0.14569131059355733,0
0.469034033372747,0.11376101365932949,0.17589813177179595,0.05753980858307038,0.3313701348254497,0.8920242630189942,0.9703367327644917,0.15615020966870463,0.44823487648549354,-0.018852730050499783,3
0.6338050718818242,0.9331781662475599,0.29829069775134365,0.5629664247514211,1.033102559943655,0.5482906680683688,0.9199704452512601,0.08372494105063358,0.8425108921903461,0.7732710716342738,1
0.4335183664992021,0.4280702748812057,0.10579325310129853,0.5207823191284862,0.32385583787439204,0.09078099434966608,0.05891649743539243,0.8003115465960354,0.08055723437662721,0.6045219040455677,2
0.9710734221438896,0.009586866223206217,0.01918205635040182,0.6567898147455242,0.999665686780185,0.10907192892440806,0.6778205074262076,0.6364716686560502,0.626431168307602,0.6825882244060694,1
0.5002177639766735,0.8084869467375122,0.7495588066612128,0.9283270341743914,0.7991605147542752,0.4151911023550365,0.1484854016309351,0.9354558486919715,1.0038714355348735,0.8028286944160021,3
0.9378069948542741,0.48297190792155886,0.02167711514522311,0.9987720878543902,0.04423726952395336,0.1423457620222731,0.019402897615866648,0.8862803331335724,0.7946708282691867,0.03682592230190006,3
0.24257742872638,0.36523100895872745,0.4871119966884468,0.32533885758696296,0.6183247542166332,0.7179810995920338,0.813850741435987,0.2627638509870354,0.42456853977216136,0.5604725982885556,2
0.4786723474870984,0.46062238541851463,0.030352673774937056,0.6336964614255806,0.45704498385832737,0.07672054682778295,0.21669290527223634,0.6757170502549982,-0.011890696627723352,0.6523304716078006,2
0.5996050192928589,0.9636800588559999,0.3027869648695257,0.5624233723141009,0.9804543191574124,0.49716817032807537,0.962862954717696,0.12915784235519645,0.8847218762724229,0.819096115729413,1
0.12488344603531086,0.1140895725788161,0.4706986441410376,0.857538474774765,0.9752551764659284,0.48716496795644426,0.5413464167673184,-0.02552955036344022,0.3668983973008461,0.2838531448795235,3
0.8408236357025386,0.6866065148995882,0.6172733020530017,0.5714604575594645,0.3259722578029839,0.20615632569488532,0.11627066996116951,0.04835201330698889,0.37860042585657555,1.0770548212129927,1
0.6373173188628469,0.37659185211707863,0.369136843408186,0.16233084592039468,0.45431016849097616,1.002682030225184,0.8429438398465716,0.4249353313783031,0.44612945152462496,0.054549058033577166,3
0.30896840350355387,0.40718768912341335,0.4784107796664892,0.26765058821264276,0.5699419508591934,0.70039795597863,0.7965019316776197,0.2588943724477388,0.42833859431685345,0.4965460867433331,2
0.052899567224081144,0.7791273190495102,0.8440183812429157,0.222537523178837,0.9862154896198397,0.5313647119652548,0.6861024905532063,0.4599127329609461,0.7118201885680878,0.5104413668500117,2
0.6662872500674063,0.14369770015804006,0.5028222169104768,0.48022259302032544,0.0023631210090949983,0.310980448054212,0.2136037745202342,0.47753328619572344,0.5821766407125203,0.8852531651043667,3
0.9632408417738895,0.7459587459967622,0.6712431416187441,0.5027386187313473,0.2382495239203466,0.20220552341186399,0.1319823899976715,0.04261126212098196,0.49555809173895365,0.7996490739863078,1
0.7702901972604974,0.3812593930111887,0.35693085672626235,0.4397096672435648,0.8315866514385152,0.07594028757925649,0.6928085079499297,0.4617977347833883,1.0262202379909877,0.670934186230585,1
0.9510972978405143,0.9275806015361684,0.47376243751046854,0.5012624752623152,0.45832768458566475,0.33727083989849344,0.10416356730070114,0.18964237613590676,0.32650752564845764,1.0351756031065174,1
0.26808177459832483,0.9057191000089709,0.6243449378131987,0.6552278159926972,0.35421186060868803,0.2833368451285865,0.8682066776752098,-0.0460644981116754,0.2528024954770123,0.8844646844223734,1
0.4213819534268954,0.5816204655981017,0.3969302481086088,0.12289993706317473,0.027793176958846883,0.6667103319848139,0.03600162866324336,0.66255479572366,0.9224350962404733,0.12874904821674305,3
0.37897803215692993,0.9336330191434424,0.8618936161594107,0.6758298211654202,0.7738224604601885,0.20604680075607154,0.816567900801165,0.8904184559490491,0.5668412577520147,0.07280837621497477,2
0.5822437306202212,0.9702189690053806,0.29104717921457435,0.5193806388550145,1.02916015059056,0.5526036550051471,0.9887025407557548,0.1025057930313118,0.9327599269365647,0.8143294949634616,1
0.20255104204841343,0.8882143729903106,0.6321730094977218,0.5092013609010863,0.7596812543383715,0.6176878911845721,0.6202494932890812,0.4954814655636365,0.23472314348505818,0.36688854746932764,3
0.2689146223366093,0.9530127349094741,0.6693105333342704,0.47220249730231884,0.7844840488349962,0.632873626545415,0.6111958482505753,0.5099349648921803,0.17444955491106365,0.3491092553500108,3
0.41371334370136015,0.5578865667218125,0.4053389155623452,0.15505560936046187,0.05466998984915428,0.6405571838978003,0.02030850588908613,0.6276223214253319,0.9418795491092318,0.167426187871758,3
0.2877305917834576,-0.041563848237642254,0.8574261879314754,-0.2987616157149031,1.0440218550052278,1.1434449295120235,0.3237779506172431,1.2552399542854844,0.47670166929669855,0.5506662629387983,3
0.17861095707331442,0.41745058047163863,0.09466558176271139,0.05907356813397022,0.5276239057788488,0.1222979422990994,0.11143697547260165,0.4256890838355466,0.995867162391683,0.3174336224157788,2
0.4709522335125849,0.4837210605128016,0.6677348369110961,-0.013014398424980617,0.7650662423938872,0.6651294061014391,0.5221474061751649,0.9704578358877956,-0.1021377321531016,0.34565519359559993,3
0.37544548371395065,0.8004818114289393,0.39354376302570043,0.9203515920961712,0.0401757576476246,0.25618424575667237,0.6838321876948854,0.3121418966305459,0.1498259253894813,0.2965853576130751,1
0.39221522971500056,0.4508380621286486,0.6622671711291458,0.24113275293630732,0.03439002527849383,0.46152756225637964,0.528836021984793,0.8524918002424622,0.35856904638456366,0.8001499278589868,3
0.8675539730552019,0.8210507753868056,0.1246934704774624,1.0350982577163839,0.4689665905384628,0.8276961575722735,0.20887725548429084,0.3699026341477627,0.24014976908688415,0.4342346880652945,0
0.2745077293403437,0.24242466940849644,0.2806906754757422,0.36679440409110153,0.13488031541099155,-0.042142425933710426,0.20208525778474518,0.9954596546127892,0.49760211576514146,0.773943302579361,1
0.3596021878179961,0.5080352807914811,0.3333057493915811,0.5013840907663599,0.4707242474429618,0.9538789526579348,0.03293595862657865,0.4517705301576367,0.3846465981019502,0.10945117743873436,0
0.783486495022065,0.452425805012656,0.007296851556311313,0.8536491578594784,-0.04390979809908521,0.08069508230772504,0.0764728204565102,0.8480187982743617,0.87378332088733,0.1431686095643851,3
1.0815363431419796,1.232596238403442,0.6093856139126581,-0.12549011195292628,0.311616384417304,0.2330921672487052,0.7168215730716407,1.477352290590454,0.35093979435862344,1.520773345681747,1
0.2675109166580779,0.40708149606390326,0.27979792343799725,0.7563295682031339,0.6385777552023589,0.031203280603825684,0.34216729701971005,1.0065850459514487,-0.252943362941511,0.33412474959478194,2
0.7361565709533406,0.16172915591328463,0.44630684587346103,0.43523501960390487,0.061768716159761185,0.28492275766140146,0.15144049577238777,0.5288031231303097,0.5208335737226779,0.7931341644490697,3
0.34169355954212716,0.030652245657866395,0.3714224729786315,0.16162104739727845,0.8201919689498496,1.271470714176082,0.6779648400439124,-0.09608895810505905,0.9003726252775954,0.5866122864765276,3
0.20045104550413353,0.35178066657268875,0.01968408547038912,0.15166125628920385,0.4158482040629853,0.07760326649287334,0.18232014174133904,0.35805979642180735,0.8973140471347649,0.24483803521319997,2
0.4303918119328132,0.38495287888087215,0.1019241150797302,0.636121043850492,0.1608585744066457,-0.07622051535228153,0.07471467419113184,0.649585244415995,0.13650286078741847,0.5743161618132127,2
0.9108890607321396,0.7460241921486765,0.20157404079544686,0.8804947418269616,0.6148729635768095,0.8167350023028603,0.35705842991422937,0.9937809683537739,0.14005941781161219,0.17745609997394804,2
0.23536350210452267,0.8139757819785265,1.1046570688783464,1.08441262353737,-0.01733222339472884,-0.042674479727142556,1.323407062907507,0.950579249243081,0.4963678138871509,-0.2563900355111582,0
0.1356820268449307,0.7635211275890905,0.8712824459777709,0.1621579800060573,0.8979393859701988,0.24055775134656637,0.555644895739279,0.45700684965045413,0.6000028463626482,0.6488878833126834,1
0.585574165700948,0.7740427872425436,0.7871032988248143,1.0166849317388194,0.8503934486365973,0.1954538603714777,0.31451396849800073,0.778386601429118,0.921864999383896,0.659430766267421,3
0.6642005007255214,0.9899652562551099,0.32990433945630426,0.6158987667000739,1.05316729043751,0.5342039645706854,0.9548691620907809,0.10444177268566873,0.8726481027643236,0.7394982135564935,1
0.10576765165519453,0.8064064706453283,1.1133162491830135,0.645869720456373,0.42829930141798694,0.7970829235093472,0.27184424735238344,0.4072271434763808,0.09941020210503865,0.6907523936004989,1
0.4331963828511838,0.588132716164255,0.3891158490212742,0.17437710121764044,0.03937933636121726,0.6430393092761377,0.05877759732778377,0.6243083705578375,0.9210607898043691,0.1398862276146031,3
0.44524476069882996,0.19083879015502095,0.24114222074255837,0.2043152130923957,0.38007310780783893,0.8914645098478265,0.9204835780122679,0.2468041712909839,0.46597294061525146,-0.005159779882265285,3
0.05736252653528026,0.7746264680197875,0.8459647367026336,0.21889350094810767,0.9875559280697074,0.5309685703674729,0.6842973725534925,0.4602298067725328,0.7158409153489411,0.5081757110267376,2
0.1659384657028605,0.9570764433801698,0.6026761720822191,0.4678494021617911,0.8284554981162544,0.7059158972997458,0.7519676828069446,0.5771227301126579,0.21750751361672752,0.2963756854604538,3
0.32045935104622436,0.8279786570476503,0.8355237008665435,0.7237578974030638,0.6269313258678537,0.19017425230867233,0.036395828743075315,1.0587632925055002,0.9326299112606126,0.7356780532108402,3
0.285095543332414,0.5564036688528109,1.0511040591823912,0.16728656250987115,0.1870720723311163,0.026631427333513688,0.9481599630058397,0.15504358178903918,1.0064362625216763,0.2588686512588931,3
0.8615691303970698,0.5823991532230335,0.46761180428641597,0.4226161535012962,1.1847423470091942,1.0847086698926547,0.3768409001224579,0.39810881373004886,0.47266613340677416,0.26547607853378064,2
0.3423183049984731,0.8864886609114063,0.9362774283841436,0.5922730318586032,0.7633684547090702,0.2156768482054754,0.8670581352514748,0.8697655982992842,0.5829588454076438,0.059393751464274676,2
0.5980845005059958,0.24353475528672255,0.14350925968140746,0.19023997513487617,0.14698468484494842,0.8914175174949917,0.9710685328772507,0.0735182070077596,0.25340542206834993,0.07845592331935208,3
0.43327745785871774,0.5905427910789289,0.41346212711346175,0.1762061359676083,0.028507645064112807,0.633849195600759,0.012888594224880437,0.6538288372943504,0.9029450676518483,0.17678664264894947,3
0.4497317951258305,1.0097706645212108,0.8129501232604941,0.6441449533090651,0.35983308503096123,0.400056154791921,0.7377965785321006,0.08476966691433702,0.5229459562226184,0.7263003703181695,1
0.21084149909587147,0.8875365137593071,0.6599413192943664,0.6960690968024073,0.39590773411663294,0.2357997988758228,0.977785034353477,0.19296654719726877,0.39301802518923423,0.6388629190587294,1
0.6244809370268618,0.6206375198407845,1.0945384180705369,0.27346982194582586,0.5181348453508052,0.311650341758667,0.7750431963034181,0.08924366717767229,0.3224936657174989,0.46430448477851965,1
0.8426043863124022,0.8940944656541786,-0.2822834486099856,0.1012417215872311,0.29611487382743995,-0.2718744665661596,0.020619930640619587,0.9982539147873833,0.3285220431274368,0.6725121850750019,2
0.31078783533480603,0.7621938383093919,0.9283662519329469,0.8539370182047079,0.636222164139389,0.5932612400322477,0.04656888584760535,0.7907265421198297,0.8974344226771271,0.6836886695407736,3
0.192941646155183,0.19912339647515567,0.18010049997782343,0.16615831713239676,0.2759737742784975,0.8801281152904598,0.2456880509772292,0.2751884127850954,0.6188277720664741,0.5564678712828995,1
0.05586303381565614,0.7734374009594992,0.8461373474039771,0.21756322518282964,0.9867060306272868,0.5300494851797881,0.6841555706088216,0.461430114156474,0.7148832485681877,0.5064815756358533,2
0.34925756889438175,0.7677724035113077,0.5792873139028499,0.7756196839435744,0.34432144373380413,0.3327286282595583,0.7199028452866684,0.25225290330308336,0.41817631153488805,0.8699345007120205,1
0.09103711689868027,0.5888540965741033,1.413971520138951,0.7875018454775824,0.5744254683647516,0.10307648113132684,0.7881896971784325,0.24164148884597214,0.16190364471117635,0.30410780847002866,1
0.6673094958889291,0.5382523876145843,0.9777332017028721,-0.4514278170605597,-0.18923623713736343,-0.12168877970636047,0.07971504508770821,0.7060123164901579,1.163047624131966,0.3327354074052714,1
-0.0732983472359543,1.0082604555558745,0.05667306194753635,0.19396883218522662,0.7793064819495662,0.7514345415751769,0.6230896350912112,0.03399051926351859,0.11065284892058519,0.7625176740093865,0
0.445529532711819,0.34702456693358374,0.05412033851377077,0.4084346695543353,0.27495655346723236,0.18144095167756635,-0.02580246192996606,0.6301274559237626,0.06907933009187409,0.4509885831802279,2
0.6014518725419671,0.8438655376867239,0.8298879241925964,0.7568263230856658,0.743420530630384,0.6077471130732702,0.18600551758696854,0.739269395335016,1.031202513579927,0.6108510876418751,3
0.735768297837148,0.6345772308759111,0.8517511997820872,0.08486892294593626,0.14343055479454947,0.08773435462865047,0.3263644486864511,0.9212373916124738,0.9075982523120143,0.8405804456833648,1
0.6025602247697411,0.9663778795618415,0.30501558868863804,0.5589221234542108,0.9796859659667883,0.4948873331251496,0.9599712165081075,0.1268042191251347,0.8881493301679312,0.8206191191999594,1
-0.014981550038345323,0.5899652946470805,0.8711755115034612,0.6266431398080587,0.7347413212081091,0.7505996024350007,0.44348525697724084,0.39425942856702284,0.35126450772837803,0.5478900507896844,1
0.9278699722016386,0.6418521359975133,0.6590080273495216,0.42531292976653956,-0.1080522089129762,0.17368439912667796,0.37224817629542956,0.5574885860736143,0.3728426069486774,0.5263825681182176,3
0.7537898179059656,0.45264919708846013,0.8654711068588326,0.6643209818108782,0.7751944436836287,-0.05598565013983811,0.5294460739367469,0.40735300195105917,0.1898355951811313,-0.09465795867781074,2
0.5939706832898044,1.0094741195900478,0.4154285981334859,0.5454474528449142,1.0083186730133216,0.4460802017428193,0.9458069388344894,0.0052748862304788785,0.87272328984173,0.9026698082689714,1
0.48632790541107335,0.9735075028776677,0.3946692791472175,0.8449486989972939,0.18591320127678415,0.22881184055545628,0.7028225328264941,0.38169574066126183,0.287507125972001,0.08725810193432953,1
0.33499844292277137,0.5193279899899724,0.3378439470490833,0.5279229471400785,0.46237311866585074,0.9515462109142243,0.0338125143853548,0.4248072920141462,0.3793304184184034,0.08817959615041877,0
0.01840700854130773,0.899865913986402,0.6776340740415757,0.3524417486189086,0.9741514411952291,0.4390684265747837,0.6586327871775051,0.5418261357981818,0.7480371613756899,0.7826092794172541,1
0.4531851539350397,0.5130596232338152,0.16863012464973653,0.5605422924511213,0.48289362325712537,0.6660438774153232,0.9903107099328664,0.8335023046188513,0.4173338969473088,0.16878342681173877,3
-0.19439257509717284,1.1530571609985572,0.771294830760062,0.8255513161981304,0.352460843131916,0.04304037409060332,1.0820871195199477,0.4137508466755956,0.7921464647673596,-0.11322028461891501,0
0.2320346370630572,0.30708810884105897,-0.025980019049136355,0.3683179284115887,0.20145450177048757,-0.05794593998084813,0.23737105749908954,0.8568729908133715,-0.10654634852197614,0.7738173276119233,2
0.8961564749195867,0.11672402698060973,0.08473090016994986,0.6929192914057801,0.9870374886324447,0.2324264555710434,0.5702312098878618,0.7372699769642572,0.7669960631217888,0.6714820150483455,1
0.055823434235844155,0.7737692363344036,0.8464139008814613,0.21884361729781288,0.9878290901060546,0.5306819468003262,0.684464066663589,0.4604329835489524,0.7156461532785184,0.50613813192411,2
0.04665874371331664,0.9500030077827265,0.7671448455875948,0.38084573231579966,0.874159371631104,0.3053623989311997,0.7649438996547511,0.48978747119116806,0.5926514086471738,0.7684353199667283,1
0.055807360070950184,0.770802571197562,0.8479715474985535,0.2188850774982999,0.9875884956167976,0.5325460222139017,0.6828847185486041,0.46008399418123247,0.7184848749295342,0.5109118348952334,2
0.8123462382976432,0.11840187789712335,-0.020256456342311064,0.6369417359999116,0.9823965390267296,0.15232634380776547,0.6687178551141151,0.6126777832733576,0.6257537894575012,0.7699480720421644,1
0.3544165698714289,0.4835544705170553,0.36025859042018477,0.5138248457954011,0.4104316879417615,0.9873493593398467,0.08500060674366344,0.33167661674939325,0.47360002648675126,0.15273525881648797,0
0.49695888822644546,-0.2243072008127457,0.14423325468153586,0.5475495331041417,0.5627215743260761,0.33380679384819123,0.26617965864732596,0.5888390738294407,0.25569312315424936,0.4944411745473306,2
0.19016780885770923,0.2329982640354492,0.6806927529535349,0.4026445441113492,0.8757192887628589,-0.09875765561720973,0.6406403578297326,0.7374031447701246,0.3485960410702701,-0.12261842277807466,3
0.40059576430254895,0.6688451628333683,0.6183559479739134,0.884670877358233,0.9663804174383726,0.47268370814647526,0.2769257957392207,0.8237158336017985,1.0898632384420872,0.8600380576311625,3
0.04899392068357793,0.949573435207028,0.6545876242052876,0.3057835186104059,0.9508609033519031,0.4105829971457311,0.6328419885048996,0.5833189913823361,0.6908457079524576,0.724284761245051,1
0.9909037423039034,0.6355734285222268,0.190886945407816,0.9365382831084346,0.6129388229878675,0.6771555287978198,0.49347929287011916,0.9660220214636716,0.004893380064548712,0.04157177518854752,2
1.067611034440651,0.2631721019541614,1.1961548239378013,0.8995330242873265,0.42403513358717215,0.3758907006948348,0.38678335631972804,0.6805966204211041,1.121572241505821,1.0203234229908316,3
0.34545699914718697,0.4148569531699591,0.4824454795024943,0.2995873413488303,0.5766412562722002,0.6724146260885911,0.8011938243334383,0.2178447646187205,0.39109348423582857,0.4623456565804521,2
0.8301193150297924,0.1385710197594007,0.6280249944379825,0.5864483535694357,0.42651419499438786,0.22955082082457023,0.6533355996964794,1.0228529338458765,0.2682348522137033,0.9221707820488714,2
0.42053072913527945,1.3235592617065755,1.685817612597519,0.09987541696680884,-0.5156696001785679,0.9783877486082466,-0.6323785876927797,0.553428402877665,1.1744742955296676,0.40923238534840684,1
0.5042568475684819,0.6179703354353344,0.6029890479827953,0.774672857998683,0.5391194017773443,0.9538618499309656,0.64313238524848,0.2950461262839104,-0.001634867702142162,0.6139401326399501,2
0.04947887768931545,0.7359209774082648,0.9514609932091186,0.6708097006724381,0.6920668102124087,0.7326896648773334,0.36843559382699553,0.5426421657793565,0.28597384766274514,0.5409079531113302,1
0.3702616253765047,0.2423505848754813,0.32745267693333396,0.2155446253997064,0.1941804232276153,0.7186144799993113,1.1567073514067499,0.18321698736455852,0.6119341201619521,0.05493932066895889,3
0.47926995109282317,0.5266525459312801,0.39051524741171917,0.20883141314442505,0.028920365765177827,0.6886950721759308,0.06754933603762561,0.6563663069754151,0.9414050117786801,0.09251607894247922,3
-0.03163855864421594,0.3255669524687611,-0.3296939580555648,0.4795196828893013,0.7435599907097404,-0.08494784887188123,0.3506348088813161,0.5719020979027538,-0.4301362581074182,1.639474988088486,2
0.7991250567675348,0.7840392640858439,-0.0776570916144595,1.1980567098639154,0.34691095474094874,0.4674553023857617,0.6460821943100155,0.7586832557037887,-0.1566586919082115,0.001736462214217499,2
0.4394974893509678,0.6227897605616143,0.8011031499083079,0.13940938302058026,0.6985142189709262,0.6925775957883754,0.35916035524154066,0.8343397168504235,0.4636941616040097,0.5010335248975961,1
0.722719008159581,0.745833517329045,0.960027689083713,0.02276125290190769,0.29690720873564574,0.1592941625000453,0.3473417852583885,0.8660149235231428,0.9726400839038585,0.8037350682532646,1
0.0808321372122929,0.46411265690568837,-0.06220571561800298,0.09043707966772273,0.5387815419247034,-0.0063985977806285815,0.13185695244850307,0.4065189168888177,0.9702999518705878,0.3432643318235265,2
0.23863005235869134,0.34304303541586945,0.5362412051448209,0.29114608611371395,0.6727712772951719,0.7497680795460913,0.814011166074889,0.24960796469621618,0.3395074948434084,0.5595040471567169,2
0.5216801557758398,0.5807643247769017,0.21746899778940637,0.4590634338530867,0.6297566437727502,1.0080559515712506,-0.16988684205407864,0.21817967680046887,0.515488885336852,0.1132869058382533,0
-0.03599263996770191,0.4119032057990631,0.7830664966797908,0.3879908828065858,0.41031263981943866,0.06275395408350062,0.7495946126943256,0.028886573169160434,1.2618365291063667,0.36900798231304943,3
0.15416205801494196,0.4074900420974419,0.035660813502812944,0.04924303877549285,0.5449671074166299,0.15880288352452765,0.11970436065861143,0.29412108774416196,0.9639036877618581,0.271912291027182,2
0.0948104615613777,1.0254754115057054,0.6067918402072824,0.14058242826036949,0.7789729170559643,0.362826796446752,0.6688515074246711,0.44775554198275125,0.5999259368476336,0.9355818142070851,1
0.05697981904193585,0.7729423859095488,0.8455044675403999,0.21916006023580725,0.9880247393778698,0.5310024432666924,0.6848555027405736,0.46208184021795795,0.7159928453340931,0.5081189764675277,2
0.10733649158221772,0.33960125820860954,-0.02755184793808204,0.0990979932935726,0.43304584427073683,0.10758274246845291,0.12813382195723738,0.349973944577511,0.9206672685389331,0.2132587947552108,2
0.3005957082241668,0.4284297946168656,0.468266450430138,0.2800885805412583,0.5962680055663886,0.6847482354590682,0.8014598395319004,0.24117823475661276,0.4077083231582535,0.47922913788044963,2
0.26057014840733295,0.40688990938456715,0.9396463806758762,0.1820151583394612,0.23739665515034736,0.036678578615980145,0.939868737964604,0.30321541089960136,0.9887005880692935,0.19374806418580906,3
0.7921977797924415,0.13465449122736697,-0.08428960400684847,0.5549330151732252,1.082206786830828,0.20922495599646448,0.732510745204719,0.6135268400525054,0.6797720655216444,0.7563341888306474,1
0.5435381404886921,0.3337871798812793,0.2940879905544924,0.11324222264769106,0.22903199026056076,0.9940271077550662,0.9413480982899124,0.15458875191512153,0.570027368991668,0.15894935950681285,3
0.23175071489646965,0.013480254247308962,0.6295067937890925,1.0301391972035714,0.9621370569437485,0.47481018036524936,0.43646221292407217,0.07556851029490572,0.2019046448128984,0.3116393027147026,3
0.04898873088884097,0.783204956437729,0.8471113615332752,0.22034513239574804,0.988744016170059,0.5468707916313755,0.679544645247799,0.4555078173781192,0.7126907168007967,0.5022925172391616,2
0.9026867160854944,0.4852025486252497,0.03672929739810176,1.0669882003584281,-0.036407882630001054,0.14372493553421653,-0.02925356728486607,0.9048175864547233,0.8040975222904573,-0.000957287527143337,3
0.027842134886718786,0.6694459403646329,0.8751831450461391,0.6580249833386207,0.7500963634997768,0.5802743089732731,0.33295557541844156,0.5087385009639979,0.37639677000169475,0.5642589788094206,1
0.26561704586030055,0.2259679255767731,0.4599772584294245,0.1138060366033237,0.5492733491433468,0.9933851314256268,0.4707831353818924,0.04437108651487855,0.621203274041494,0.47246158169035196,3
0.46423758017851435,0.12328668849169681,0.7545266857667987,0.1057165910634364,0.15077422366513632,0.4474683378453469,0.565967063154714,0.75767001161341,0.5316665395497014,0.5900819507475232,2
0.5718734322799406,0.6808426949347693,0.11029899298695965,0.7181372564994581,0.16793256374985105,0.9165593029108825,0.10204456704254422,0.3249952987016209,0.03431229104191374,0.33186018421360775,0
0.7658431508841717,0.6961032792570447,0.11405700187100654,0.8564089619238481,0.08811113800009342,0.9020081096595212,0.0037580738517049017,0.31233907109230913,-0.06228970872569889,0.27809510422711103,0
0.552649571085338,0.3864694790757193,-0.029899901024550896,0.6470563421359394,0.3001382821893399,0.6650606898311374,-0.0837271813385417,0.10982058988720511,-0.2355631339730433,0.34063372595294444,0
0.9231807620255905,0.6973537979869713,0.07562924218450405,1.0808071539666577,0.5994423338663628,0.6242084121476354,0.40021534855190183,1.0061467356976428,0.11028322397053156,0.22029099405181574,2
1.0473527957070696,0.6363714058579186,0.13283437183577618,0.976033499553888,0.6086908925405684,0.6974272897811662,0.44783358446457366,0.9055783637380492,-0.008963947173742465,0.033450425356469415,2
0.3278956541829712,0.2608720776995429,0.740294182463051,0.08612518347494388,0.549515831999041,0.926922064230773,0.7864467318364711,0.07330965150904295,0.3515824837357873,0.7298503059889535,3
0.06525658050371522,0.1747009126343027,0.5546109469634919,0.9127735853045874,0.8508189732464614,0.4994023483748643,0.5060809984116054,0.1224344412459284,0.34132277574405295,0.15666669980673012,3
0.8966947689495002,0.24778514743946234,-0.1619397878383611,0.6278000597188307,0.8814259281395644,0.31616601743500683,0.48249165281520456,1.194021567108456,0.18949930065001103,0.30049134304643216,2
1.0572429401224233,0.5899073582792055,0.4788457719201434,0.34948221353804654,0.13800814956874022,0.35789719985619894,0.13090129770349088,0.008537858029760578,0.3932862507747846,0.852058168117037,1
0.5991080273094496,0.9453538054826913,0.2759111910725011,0.570354985197689,0.9440113729052468,0.5039381912759194,0.9823055126466865,0.16392949188307054,0.8814505178393296,0.8286409439756213,1
0.43546700120640375,0.4702324162759915,0.5948458114246218,0.7718593268803248,0.5540131253615077,0.6274925683126753,0.5370059959770226,1.2022376054599515,0.7238033209652055,1.0466693621749217,3
0.1769288263422002,0.140758305779476,0.437486991900916,0.7474513929707827,0.07150138359008221,0.34635225137422865,0.5471747719779498,0.8048584902510741,0.3812883336078967,0.4586502517091318,0
0.9449206074748684,0.7126965646662061,0.457633797982058,0.5077095188759326,0.2505188648192771,0.22494083474002566,0.21467038575368158,0.19773781097452853,0.40072551476863294,0.8459246330380237,1
0.0029067823061879605,0.056814179194966785,-0.005433931719749596,0.24878479708166526,0.543768030651551,0.7108048904930161,0.3995825119979559,0.3639337651735538,0.4422571851318914,0.6718290265095588,1
0.38582525970791093,0.14874236915158393,0.3364096077752257,0.12364762144371502,0.5434884271933286,0.33076319499349277,0.4666517709634757,0.6331392038816975,0.1534948141674616,0.7789480060906817,2
0.4116195403157014,0.5390696529326492,0.40743986902604307,0.11424474331878341,0.050082797979996256,0.6574364278684729,0.04073575420475138,0.6455195385311872,0.9394239949148097,0.1268656740893096,3
0.26193977289364107,0.9019223804059275,0.7753610717909547,0.5282329952189753,0.09881484605787783,-0.034848252971192595,0.8842913496715415,0.3457481106705249,0.6214145712995741,0.5277606851133977,1
0.9361671386966958,0.4231093813137519,0.9876672625065779,0.7571201019146896,0.9498559934683322,-0.09152170748415422,0.6387517063544186,1.1592559475466442,1.3281719415756932,0.37007225414474687,3
1.0209888126856774,0.6453109573360303,0.2280746336399747,0.8771948409390669,0.6784936770278677,0.6054143577685276,0.444097016184834,0.9708101992564685,0.08412748617482085,0.1464957346514152,2
0.6993955396063566,0.43377077416925847,0.605435045036945,0.7416167853838032,0.5574798524965049,0.9261168614552053,0.6363277178266757,0.30482931351425396,0.1839574441762561,0.47518810223954583,2
0.5288347926276711,0.2433103690730293,0.4535336865865703,-0.020605135785566803,1.0401576000971606,0.6885953478529854,0.4672445996632266,0.6717209860504695,0.06463736644849433,0.4147446948641891,3
0.35977069140035844,0.9276988863234528,0.9116325396673366,0.6129938839029607,0.7586498653570972,0.43296992165212933,1.120799004752275,0.26230197455549564,0.7095900375502662,0.6699561360709125,1
0.339708169147232,0.04016783766933853,0.686761117763687,0.10642395000468122,0.6107795218845551,0.27277436649499315,0.6938466165934178,0.7560755996557383,0.6010826032702659,0.7278847351117603,2
0.8050280993404177,0.7778336726755832,0.5076998805564248,0.6303317112948803,0.8009101584500783,0.12240855782082066,0.5312454276393522,1.1724896674037888,1.2692818965196282,0.6632376345724393,3
0.2812906957241475,0.8669722148771866,0.8960026331165012,0.5812890786607021,0.7331948601824785,0.2212479742368172,0.9161403185054013,0.9359038940267044,0.5323833284726738,0.057887604518532594,2
0.16208213370617924,0.7311741129929997,0.9189574377657798,0.5397883247624248,0.616480849807179,0.5963331382881158,0.41570127590999967,0.4254695118665036,0.4257952067705436,0.394642233257145,1
0.046784624389221374,1.103694815220865,0.7252474712037088,-0.014646035355524778,0.24645753822354655,0.6178373214533797,-0.2482381214819135,-0.07723457378907467,0.28339648597347256,0.24627480352870612,0
0.8544304946713774,0.7853778403451426,0.28571769273922215,-0.013912342231209518,0.16959749075735722,0.4174829943273052,0.11697176198344125,0.981029457632101,0.6531934646627264,0.6258460060425417,0
0.3983450507418681,0.17302881837539474,0.3547645135111714,0.15823207104668696,0.34784318749446286,0.8430149731153771,0.9895073779765589,0.28091300120857227,0.5415875228327776,-0.07091191912314801,3
0.009822153580631203,0.8966459941631746,0.7891395591015329,0.22112718930162276,0.9786782615841828,0.4082181546899042,0.6001139093397415,0.7002682047002825,0.5683701920041726,0.78673851781634,1
0.42416156043497794,0.5772957749139983,0.3923005218952064,0.17457078144895424,0.06362777985110948,0.6749662834972151,0.05928441142418061,0.6242408415237398,0.9580559216671206,0.15536250879358307,3
0.6361557262532875,0.6425324390694584,0.6884206973616405,0.9977507926215803,0.8250454999375857,0.009599904913771218,0.14771587865171995,0.5727798852789823,1.4493792709711464,0.756583467536606,3
0.08037235927862102,0.7069725578499932,0.9676086549454465,0.5792004229030079,0.7373545558101808,0.6932874916977614,0.3933667721119104,0.396251507849273,0.37280898432781706,0.41687272570684286,1
-0.034412164667106795,1.2388335210609986,0.18464491715553044,0.48968078705880735,0.5614204092646936,0.6795654418592711,0.728655568912766,-0.3158699745603858,-0.2398927779215686,0.7381950625838822,0
0.9211015150130505,-0.007928182415897364,0.00881101672037792,0.6543290637753856,1.0013008051621115,0.14235602698903227,0.6327901478156848,0.6773443574092803,0.5973210804101907,0.7799637437818601,1
0.032461391348625496,0.38362839192509485,0.013388461313691424,0.066821843960994,0.7372189968946343,0.33185715135574545,1.21587955799948,0.752428747132213,0.5225955473865058,0.9289782261189062,3
0.2549482915011646,0.9559585496728804,0.6873472388859119,0.4393508682190592,0.7710657233571206,0.6218099239690948,0.6071210855674857,0.502835026852975,0.20199013958895506,0.36312275344628947,3
0.025435045507786993,1.0382454975485145,0.6589481236350343,0.33132945262318847,0.8880513880234704,0.41848701519529746,0.6633545112087552,0.5805697074048461,0.6116306561256853,0.797276348139503,1
0.536500586157588,0.7696240182682512,0.792512364846845,0.9116096308360744,0.8144483819009868,0.41673984499494127,0.1735499191972106,0.9152143272810391,0.954636078520928,0.8240389958995659,3
0.5602954549468597,0.7698789349032767,0.7256566259872764,0.893904150253629,0.870944027296872,0.3800727809941087,0.20683035280371004,0.8828630663701991,1.0376938545193988,0.7993427446453526,3
0.6563820407534349,0.7782171071876092,0.5790313935109199,0.028790472591955385,1.0234472634481067,0.5554148158971381,0.6457382770031749,0.751724557365101,0.6215447502112649,0.2776763542427001,1
0.9318042562251787,0.5043522716260795,-0.01761777409313902,1.022093421674083,-0.025927133544264194,0.1926647112465762,0.04425941688061068,0.8247113601644614,0.7187360752452842,0.08628042081184581,3
0.36832571392328134,0.8560671652189756,0.5189507338570499,0.8449183909545319,0.016613961940703775,0.2793977137770961,0.5709083173198274,0.2648920123310723,0.10438165250752263,0.29374447694125483,1
0.9380083864664486,0.4784392855965054,0.01686510079616093,0.9939388509512902,0.045131122804911473,0.13717820024990088,0.017971609703592045,0.8853954141421106,0.7881701309943092,0.042027502419761525,3
0.021260628875075502,0.6784460253003337,0.9267406621747202,0.6920921250913314,0.5957009711261614,0.5499672284485244,0.4884515571847864,0.46534264935583336,0.2929589158302008,0.4473298942979728,1
0.10337754078077852,0.3538748148906043,-0.010639875856035763,0.04500023444837789,0.46891115245886666,0.061746292892473055,0.1391789128560856,0.40251101361676245,0.9248729232349803,0.2318627851484893,2
0.46629062807544186,0.15189926309369678,0.19214930191782548,0.2531100335860419,0.40217601174650325,0.8760138576559204,1.076348768229082,0.41322317707599016,0.2907753849050292,-0.03708816131147298,3
0.9523551961766801,0.14546381807950975,0.546931201526536,0.3198907374436021,0.5303347983643893,0.15897734445549488,0.2300771256301462,0.23875486308717672,0.029314397902157518,0.33639005864862886,3
0.058001064762255694,0.7687362117332645,0.8504149175012088,0.2183714214683034,0.9847417113307664,0.5334431078252535,0.6817881306045737,0.4672558555591305,0.7112940254392345,0.5091895709444247,2
0.4960746936299365,0.8348699782141004,0.7581444069731764,0.9167586181962596,0.8000469492756277,0.45267081857819175,0.1722541242512444,0.9099192094075356,0.9827604583310925,0.8485025438507013,3
0.7144857962043079,0.2234966130052347,-0.20004218865817142,0.4556724887173619,0.3254260878391948,1.1447159818903803,1.218181149652632,-0.40239492941973154,0.9171726470980055,0.40753463920789457,3
0.5678481745981964,0.8733342349098054,0.8339144853133751,0.8114735786511591,0.7693581966088476,0.30736767367243467,0.08539127700593567,0.7792063614735507,1.0958430996823396,0.9595359630758657,3
0.13177221424449864,0.9378982170957552,0.7529908027793792,0.4106273801858292,0.875855791764113,0.45736808205813384,0.5246938418644568,0.5116791026894736,0.7256625592235786,0.6441203284207194,1
-0.08164910694853472,0.8058910856823015,0.9667151242203661,0.022905506872585135,0.3940723460447072,0.3013373474749734,1.2873778740780106,0.46784427039516874,0.7776322128590607,0.4059764926573178,3
0.054485257801170195,0.7766755238988406,0.8477674503730451,0.2236799077757428,0.9894725677871208,0.5289190402947782,0.6851986773322836,0.4615376124588448,0.7176581552402352,0.5117395635186379,2
0.36499166602656397,0.8539430491609767,0.6613842932664946,0.540862287615653,0.7292985909273968,0.5951347145928616,0.6826921501653002,0.5683841587570396,0.1176681913554681,0.2613913236867214,3
0.3213147661761033,0.731037704433921,0.4423595325149834,0.3611985552517879,0.3498566298461635,-0.23647669591702325,0.10416798432669178,0.824287622617267,0.7085188585153639,0.6585938149058044,1
1.0140593057248548,0.09461751795492801,-0.11538179807235907,0.5895657933612763,1.0055086284611483,0.15279935519185528,0.7624308558852301,0.839705156586864,0.7166310917401467,0.7953448287865047,1
0.025171595872254343,-0.07903145889163507,0.48487540471642687,0.8475049267877872,1.0505715494313062,0.45924484072174726,0.6483616346548287,-0.07423764281788645,0.35671563888749547,0.48420814686360103,3
0.476892593107769,0.9651940331492171,0.38760545087051146,0.6975438165354428,0.03664380213939401,0.2816856020365972,0.6789139378705902,0.36729699616595735,0.1569179787065878,0.15148485609546253,1
-0.5486816202236362,0.11187054806643093,1.0914945263646434,0.8625448011492116,-0.9086382550896934,-0.00485061934214813,0.916975398312699,1.204602671999406,1.302302042064053,0.21660705639415279,1
0.341204078112622,0.12507786912792163,0.4571753585418904,0.1595786318859388,0.6290651432120787,0.6477182855858344,0.2743300704364629,0.7363051934388832,0.37793782632710765,0.6252152868357214,2
0.09770408948496714,0.6616695721573249,0.930671390770987,0.6137339597407919,0.7126465177011583,0.63190701670099,0.42636792174753313,0.44162645798646427,0.32999991919469,0.5033063078663274,1
0.9622135381167607,0.6020793904297681,0.17623863939413265,1.0007624802595154,0.6640660124670574,0.6753102246468831,0.4444551957300401,0.9425829580365233,0.07468117741048959,-0.005420598511986327,2
0.86017964848605,0.8887075991626492,0.6476137403815434,0.3587391864956219,1.0056069489221344,0.9412801928784432,0.24433053438239277,0.3539175018849877,0.5983113076183946,0.5189034137826072,2
0.5291101785631791,0.30885208356876803,0.27070495534419664,0.04753218148796759,0.23004181053675718,0.8677936296291423,1.056835302798223,0.3665671767296424,0.4014255188897191,0.08516979005946354,3
0.06262434552633304,0.778727427803939,0.8397042175734822,0.21523480880363824,0.9855674237232005,0.5300547534904108,0.6865741636399598,0.45977104948676273,0.7112350147390815,0.5098190751098242,2
0.6870827821864685,0.3878627906002765,0.6878918152961634,0.6994251336740348,0.5648761454740361,0.9546012607170489,0.7004730799293163,0.413928067235989,0.2541719800411216,0.38164008792973186,2
-0.05311592958385303,-0.32148505380567,0.7204287425857604,0.3732830101583594,0.4346345634170195,0.8932384935278035,0.8755195137053862,0.3569609183181869,0.5942511570686398,0.3799493386182681,2
0.721514949391239,0.6016221946963454,0.8084813069759604,0.036053759869497784,0.10733637616735242,0.0899805277360788,0.3601797491701937,0.91741041021016,0.9438325793206508,0.8206863480304767,1
0.5432611705513961,0.6224996306201973,0.20125296314173702,0.6362050241079293,0.5902846774862542,0.618709309077808,0.9795870792362018,0.8428072228544269,0.43171902310936344,0.19159283511592035,3
0.3856255427429639,0.15107532070218116,0.17306378329794503,0.06990647292277934,0.35141588782491273,0.9268826098219098,0.98661937572828,0.1374541866190569,0.4335152606344542,-0.014744906881469198,3
0.04228425241546317,0.30593837360359843,0.021760230939063433,0.06557896394944115,0.48402266854684217,0.08217228585658262,0.07123479837516657,0.38552070921541703,0.845456737951824,0.2887051392390936,2
0.2996721105295328,0.7432041603277119,1.0499758232377723,1.4494257881548536,0.18317678724937547,0.024686927595512664,0.7229612697976653,1.3115332376396789,0.0015238832486486054,1.0113142193740274,3
0.44467542568820095,1.0347597368108734,0.4182693232513011,0.8440657231419164,0.006476954579136454,0.3765765631526372,0.7222541981829316,0.36790556717651485,0.34227512779377445,0.3098355666034846,1
0.7967034862313426,0.45368619268980265,0.770753155369038,0.4779926754478558,0.6699108591643811,0.11981707674589598,0.6639719818769229,0.46118172566386273,0.09487417395962432,0.0819260600334311,2
0.21636149954289982,0.8287580794209823,0.2595682751907322,0.685914308500315,0.4638245982801743,0.8332269293020876,0.38681748068026467,0.6755292572169647,-0.0944926000419628,0.9189892313655481,1
1.0132112458661684,0.6697146861969894,0.5387538545531793,0.28926712193374576,0.8918996862510947,1.0979121046436384,0.21910336042164014,0.5705028234614885,0.6769181865720445,0.152028888496966,2
0.3281730392146827,0.9898557808953304,0.9325248948085317,0.6718050043848053,0.7419020774670733,0.2389921927555076,0.9728742489408205,1.0352970643191883,0.5194421625972677,0.19455811223384067,2
0.7658183853753437,0.9857197978842742,0.5512918660814277,0.5381570332621348,0.4898056986507383,0.44088110423037774,0.20697186173756182,0.21242981670953726,0.5869044778541057,0.9572957951434672,1
0.17633370548740535,0.3548601349070563,0.1961659781088077,0.09051811901657915,0.66815716953088,0.798928106270358,0.7043810871435321,0.012120835991275655,0.5776010275258232,0.44372965405431014,3
0.548451449950105,0.4404922984328324,0.28754841624990624,0.6318269000922592,0.4397050107414637,0.788471027080277,0.942882025667256,0.7395558117979834,0.3954135731177463,0.27485020173828356,3
0.9065530962142102,0.482244847923494,-0.0019246045257782715,0.9942959661891181,0.01715906775116224,0.1524658047929181,-0.01469523723589948,0.9047333910397328,0.8100766092072462,0.04239456928222662,3
0.3470376507283097,0.38935779371764706,0.6821798873373303,0.3915756880382917,0.8284429027962368,0.8127426121354657,0.675396924674519,0.17969946029859524,0.24246963911535108,0.5738048642272784,3
0.26277010673907764,0.5093890501688461,0.7515629047821268,0.7498482057104224,0.6508120928585964,0.6542743234917031,0.38098427739924146,0.45790238611692313,0.3227338475379219,0.499902712864332,1
0.2693759440314383,0.9529715838552023,0.670074379644361,0.47223029595896066,0.7849545427463612,0.633591108385956,0.611047702556518,0.5102950146737288,0.1757821543363616,0.34850525293254514,3
0.06498354551261148,0.22332238689005743,0.2204114309372109,0.2388585089967046,0.23307944012871462,0.8825793726742239,0.17850918645201508,0.2464081625305214,0.5897048458014372,0.6197342349709953,1
0.16698699854742,1.0297400514218062,0.7510954561179707,0.8773143571875592,0.15470051655107403,0.3014967390419636,1.1015448389954898,0.6474727234968314,0.7190417425000368,0.0859518453562461,0
0.354716664506696,0.26818996426367386,-0.10456848356279727,0.6159584784837184,0.4797669898659128,0.10404014840596179,-0.008667947142275631,0.8704532680527586,0.1874988719163941,0.8299980180065093,2
0.41692112505706747,0.5504940657260462,0.3941576807891245,0.15673871640847506,0.05334132540777742,0.6426619165204546,0.04619944564726993,0.6363698133694936,0.9326966561864352,0.15750796213382834,3
0.8899081788398396,0.009067983870294463,-0.054746960279661555,0.5827704221838772,0.8973614463183176,0.08601801971801618,0.7431854351133728,0.85594100419202,0.7539641607854954,0.7264345677733646,1
0.76232009889425,-0.2167481601116923,0.5597632452360501,0.4271970546857996,1.2665961701956903,0.4625826970542383,0.21254947694761367,0.3809604019974084,0.36511202766324236,0.5967246723429842,3
0.36075155458427144,0.989831118024204,0.8467880614830157,0.5627435734414563,0.8295767474806438,0.16673151671508812,0.8199551408058621,0.8760492414612883,0.5229259752707032,0.06622199355308434,2
0.42177160338457,0.22577219838887266,0.23923249334642482,0.22255123439969193,0.4243278671308328,0.9035607576860436,0.945869204055435,0.21060796330242182,0.4358188301153785,-0.023908463358482936,3
0.8900554180996548,0.4511985981080024,-0.01456031271525092,0.9645119159496567,0.04049325436244831,0.16707559309444034,0.05388165468968666,0.8502143291234225,0.7816752584018314,0.06678430222560137,3
0.26107147288004945,0.5845868711666934,1.1450601282004553,0.21152617447719152,0.2229089406131189,0.2076754728773369,1.1092706401281385,0.2959206433156258,1.1407132404626787,0.32516748006911556,3
0.728208877446299,0.2613880370881407,1.1150109168114926,0.2597954557510679,0.4802568561081142,0.30622186749773184,0.6674643984683605,0.858904726671293,1.072540028244819,0.7775269471423801,1
0.26766197164322136,0.4152036737297967,0.5067919896592852,0.32471617870354663,0.7029328434515125,0.9611503273644887,0.8584399615296274,0.04487124209122835,0.42047091159966865,0.5512582352123788,3
0.055925175421389674,0.7741132496323162,0.8466697165852681,0.21865031667907311,0.9864468641732744,0.5311012996857922,0.6862328165133019,0.46102962180792123,0.7169219924891997,0.5066575661675646,2
0.9521540003424407,0.7555595143058084,0.4964576180357008,0.4451309640458809,0.23989385957994122,0.2362833774157807,0.2155319486402495,0.16458801760279662,0.38645124588825774,0.8447598559449653,1
0.4918857231852497,0.9244426524033943,0.37560318360309775,0.8400289168287037,-0.062394161058016165,0.19553275227910763,0.5970701199569284,0.2859731955966502,0.11747173766619168,0.15854958903220462,1
0.7008086712960176,0.4350946140866156,0.5592412403555326,0.7001640690016425,0.5722280617461794,0.9070298750672195,0.6278376640370297,0.29903343852294917,0.2013360530738154,0.49676885130647735,2
0.7223108917662939,0.46829984064754593,0.4103388809238152,0.7623603262319454,0.11778099670412016,0.4990749242469837,0.21978430875508254,0.6603977328334741,0.5160088974598745,0.3948321365365497,3
0.3603308837472364,0.9727515717358212,1.055271020277055,0.7285615826986359,0.9435534819865037,0.3661913869136645,0.7771333035604401,0.8644049790795452,0.7408224157107787,0.179961205653411,2
0.38219594011759994,0.2145362226860109,0.5260104468403354,0.19212512502389004,0.25781157408681643,0.6022188194067336,0.3395130869212876,0.7887298087383361,0.3255253518035433,0.6696425972738681,2
-0.13864180345697766,0.45501996472856765,0.9444000107593095,0.3611037606714796,0.3687514869103205,0.9002589662330127,0.3674548903570431,0.3608721301157507,0.06963494011677618,0.4830674615453433,1
0.9298973842588104,0.7438944277911007,0.5739670000342949,0.5350961925870786,0.2992180829200345,0.23281966591269584,0.18294929960937975,0.041083830685906736,0.48057853622660884,0.8193870786465725,1
0.8868585985093239,0.6352354155317756,0.6803699564827773,0.6248716781718746,-0.012457564767950804,0.28013044260994396,0.06385347172385773,0.6260154180267448,0.3020484981892553,0.38212937405261466,3
0.13725028601777814,0.720210850253084,0.9304390321485666,0.6340770166948649,0.5343328180842064,0.8269451070427123,0.36839140105814877,0.6410733623255461,0.28947453650769567,0.2841987733630338,1
0.08787857708013687,0.6613918623846361,0.9381829672640488,0.6126321889964031,0.7157210895610047,0.6405538001308824,0.409119016191816,0.450723252269971,0.33062952314390887,0.4916931319699696,1
0.3741901945225448,0.39011958243150746,0.8389040250220955,0.41434258771593724,0.6812030379904063,0.14226237721572058,0.9086632579882951,0.6904538753620748,0.6326878083128454,0.1586462141557612,3
0.4302169620758578,0.8496885300509305,0.5807440607206693,0.8422814355413808,0.49878845937734395,0.20875354796505463,0.7710777946052122,0.14064293974011882,0.40110627044553687,0.7105168129245266,1
0.7083321879725571,0.4165951776159458,0.6215765823526874,0.7850707396255706,0.5446285653857702,0.9365506881964044,0.6483424564483937,0.312392630245384,0.20224447697862138,0.47132310358327006,2
0.02427170846844329,0.9435171018246014,0.8576043041069257,0.7992590789017014,0.1927474619777693,0.23746874068660156,0.9979298435236562,0.5384824161803722,0.6939414590991018,0.0687826805202211,0
0.42393508115040124,0.5318733511748374,0.3825389697174402,0.12627763255918173,0.013831928197135832,0.6483157452756142,-0.0002529880088683392,0.6371767443887197,0.9625641360861169,0.14690604931288037,3
-0.04493203015231083,0.8818092932120318,0.9070517833145391,0.5087308873385171,0.7351136542650653,0.17801930113241965,0.7611790565645121,0.6431872412775886,0.5616726595088687,0.6596725790268597,1
0.03912867296398633,0.9481769979983115,0.8756805246748438,0.7877062769072208,0.20268247185817095,0.26990777221132806,0.9733682020557375,0.5458609551609623,0.661541245299804,0.049435589809362857,0
1.0409250644880066,0.681943095541393,0.18572589174411724,0.7672100731575513,0.7783629042288517,0.8137686890964084,0.5960967563642472,1.1365525294744794,-0.13680587567393132,0.09430987751144426,2
0.4804378488942736,0.14163700657477254,0.512307953768285,0.3984706313289728,0.43579833190127304,0.48076732102684044,0.4074816959397186,0.830664471704104,0.3320897820384745,0.6653227582804087,2
0.8623469910131868,0.6252277117588552,0.592074483967218,0.421314082733666,0.3268013127702071,0.30629246486230477,0.3106703815547246,0.0212030193499336,0.37919306801086594,0.7690492949992453,1
0.11960257000299082,0.08711784635499296,0.36848581806025754,0.7442618085942964,0.08047485513400862,0.39286720735361147,0.5512984554255375,0.844160274780474,0.4036704155631595,0.4875502957733593,0
0.7900327971323295,0.4791033088085465,0.7384383675980057,0.5081294022201486,0.6318265831958492,0.0814732832881923,0.6766931454692807,0.43637587074768786,0.07140182663551123,0.05875757295400488,2
0.7203355535358122,0.7380260562865986,0.7385845511996476,0.8869328922749168,1.0306917905930724,0.6621999161305832,0.4189438592896464,0.6191626659056648,0.9911063204094689,0.7771357676491746,3
0.5972456573576056,0.21212455941137148,0.5027732571390224,0.28093855929427797,0.43424591328914197,0.5377166109500982,0.32270291325552825,0.7658679064864196,0.2568745377518947,0.606267993092628,2
0.9603837902174043,0.4065258818569999,0.6548293576525289,0.2825816736282854,-0.16486181187079577,0.20601176850726208,0.5673905304496959,0.5361476274475637,0.2460691120612117,0.4970103917344928,3
0.33204726192187833,0.988775168042489,0.6694777031786142,0.45925930614258015,0.9011371969115419,0.5448290571985019,0.61036902981022,0.5103582614131824,0.20975800656518814,0.37159546329482207,3
0.6545082793859716,0.7464393335014453,0.8401027753506133,0.16890818810826497,0.12288707913138858,-0.011631921851635571,0.49859976479403806,0.8191916077905776,0.7436240012348538,0.7344390599094304,1
0.3358889570580236,0.8462464499559716,0.6274491556847274,0.7473898364769432,0.33677098753748774,0.2693020394711943,0.8808960006585285,-0.08432944307151255,0.49535852782881135,0.5623963016657866,1
0.24447865302245617,1.1637332001449157,0.586197434042061,1.0589210948925247,0.42498466680077057,0.5302855284481938,1.0540730165537175,-0.04830991844455551,0.573174559318949,0.4896995905685541,1
0.513824678088675,0.7636226133889908,0.6662289605576502,1.3746486812862075,0.5316561732166789,0.8130465518274682,1.0337598940373223,-0.49721540446922097,0.3543285670090212,0.27370758390177363,1
0.8338341438359048,0.706326398556493,0.29785969226138537,0.4573680341199279,0.030739343993942764,1.1874534495767812,-0.2041839326650151,0.5606608169959011,0.16839903095125758,0.21177373176785402,0
0.4305098400252637,0.41229044446117435,0.12447488452634299,0.56216224818966,0.3592472368366553,0.05791490402667845,0.04936477728190289,0.8466777191516974,0.022091731669362784,0.5883625931637296,2
0.43953743242703713,0.5760946351512792,0.4212122990066747,0.11154021045405324,0.0765755757711695,0.648031712492154,0.027446912883106012,0.6588222357079891,0.9230146378462938,0.12819429586870992,3
0.8669030960084614,0.6388460707478216,0.5676164804154732,0.4102516014442962,0.37393669006621477,0.18645356481119307,0.25493199780380954,0.27775379181341286,0.30254167849720015,0.8720388051181861,1
0.5543661469157802,0.32872779864254914,0.32730859868236567,0.4072596001562155,0.2396087935907392,0.5982437292789218,0.20011844824389652,0.858031041683908,0.3628858851378358,0.37813209750101084,2
0.39437617171265393,0.45156554730481224,1.1375853181847226,0.5596667783625842,0.6983108891266033,0.5755134121188827,0.6194701846462161,0.17387290746737682,0.24749170548770294,0.7394776026534906,1
0.22364058100857775,0.6622135362461881,0.49246252268731594,0.17080392994132132,0.6019400334949587,1.198468235442892,0.6434859309865977,-0.14337786946913164,0.612672675859992,1.094600061589082,3
0.12351475924344171,0.5176634702318689,0.9395238036283882,0.14069247548401342,0.17324854811407023,0.09603078756848392,1.0241816841264981,0.1409433195714882,0.8800292675282244,0.30354635818390874,3
0.2506644941527346,0.9325564789812403,0.6347247350382275,0.484737619342588,0.7714542932470085,0.6615313933293809,0.6327001009860604,0.4876042582043522,0.1789647021780003,0.3201262652259549,3
0.9109597800975486,0.7407119318853431,0.5136518053603456,0.4697135964116574,0.2910000070100335,0.2595740546906913,0.2131754645098795,0.11689640372224425,0.3958495905262945,0.8736218069990833,1
0.026474277548734552,0.9877138418622332,0.6726124217160706,0.2800307687186973,0.9518970939025483,0.35662947308153414,0.6023165870737247,0.578385126499465,0.68014624651691,0.7041527005609268,1
0.5698736642987252,0.1359139600973654,0.32266808394877816,0.05808213627625802,0.30060482755222484,0.7496104995223123,0.8813036821478543,0.12406784966329959,0.35628170314294527,0.10343031678913724,3
0.44194138500219216,0.8592223897398417,0.42007965535386355,0.9907380731493225,0.20180534348867274,0.3947148878400461,1.1636839196831255,0.020902495265663235,0.319040967783241,0.7755747884700521,1
0.20035278819602653,0.9263767176185735,0.4880929866645627,0.7096299518234438,0.6425453937907052,0.7609793537947888,0.6575842982959929,0.47736064300967335,-0.01608162417584813,0.18388459121942968,3
0.46589237009892814,1.175498353294586,0.8568614523971919,0.4726369002088917,0.8646825446837477,0.45964726906902376,0.664454349302431,1.167512217960382,0.6485331347250924,0.17202918426887936,2
0.18879635275804849,0.15309992263434863,0.7109456899808224,0.1853267369198176,0.029848634750260686,0.5181034056952905,0.4245261528227129,0.1703311055132346,0.8780193266253066,0.37039006887848186,3
0.11238372226247006,0.303400933061632,0.4708577770344008,0.23582095687103857,0.5843862328557766,0.7935149437169928,0.9547939015899547,0.08276355020788359,0.3833547893896114,0.6954893703745701,3
0.5348975054112073,0.24588445696091624,0.3364742138224798,-0.3489864604288036,0.3733121250921354,1.1524811766492264,0.30316582240332196,0.22380588854886188,0.3816782392153872,0.07249378954511143,3
0.9337724842373718,0.4956191976959258,0.016135463976317287,1.008155544663917,0.020633057628649747,0.14751746598867105,-0.007381452909324935,0.8924977678400331,0.7889185971670188,0.05111790635477895,3
0.4281634463212718,-0.038374233180732076,-0.5183257823422592,-0.11164892222377054,0.7403025683113258,1.2876097459222906,0.7519381698197484,0.73921633249017,0.371236952218984,0.6373143071079241,0
0.8336225313880867,0.6363069448075707,0.20248721481617818,0.14944693019304164,0.03194186600027303,0.5354270142525118,0.3451454217069448,0.702892375674133,0.3952964917492079,0.3408090646960322,0
0.43483041792761834,0.43487364959644575,0.6097178312022792,0.0968862312007007,0.7217302310486833,0.8423158485793149,0.9265165114553918,-0.0021276099178501734,0.5653876336106711,0.6667526399198591,3
0.8947801816671173,0.7526494459228565,0.5336606966992661,0.4781374882946205,0.2588875140130684,0.26856308616789754,0.23213460819339926,0.11217384448763851,0.39108524211966395,0.878931144123198,1
0.8243016294851139,0.5170165236229546,0.11804789771871613,0.9461053546117795,0.7025428095291861,0.5150722573597887,0.6410813556659951,1.0576921211566803,0.15633255507565025,0.10583062404662977,2
0.18539234368383906,0.5452376082000165,0.8813040600979183,0.6739481556447787,0.8006648574325342,0.659929291864666,0.5400262253821069,0.4157014214523656,0.41734693066781636,0.4614431878502418,1
0.9953957081307158,0.631895255801606,0.18841035809597326,0.9345473904984489,0.6082691892109887,0.6773868024047196,0.4956631073128245,0.9664435813475557,0.008384655044053484,0.03994356148687914,2
0.7603255073248468,0.9406630859102678,0.4983230882607831,1.0871945504862393,1.0846299959617463,0.41578428308742005,0.40531567005619373,1.186318967877983,1.3098746908708698,0.7700566135092318,3
0.6437954328780083,0.3068367778568063,0.7904506170396578,0.6185791317982174,0.7845173010197688,-0.026445018887985963,0.5811355971681779,0.4567035796036595,0.009591400964844898,0.04478009562168308,2
0.4365628727527187,0.4827814167151215,0.2419047070423544,0.6231465510419045,0.5595599630430848,0.6918229583341725,1.0098629478307004,0.9080014410469625,0.47284441835912655,0.2185370679792186,3
0.9317354626810315,0.5285390133107611,0.06512414582460715,1.077336863692722,-0.051405364685360624,0.06785186398241067,0.03764971292261321,0.95200009800544,0.7386900534332624,0.12978862722209378,3
0.05626980200731361,0.7739362172357168,0.8462750189591919,0.21843103516794612,0.986739057859435,0.5316088644070859,0.6857619767317509,0.46190741379444067,0.7158666495721705,0.5072631673782977,2
0.40004421945697166,-0.04375881941854487,0.5471644562302491,1.1869099707064994,-0.4031752509455787,0.25415121567374,-0.34338834465205115,0.314933152670162,0.13940660617356795,-0.7359794940838629,0
1.2787044426569047,0.6110371644011228,1.1489812755854256,0.03838831895249206,-0.5919934436061668,0.5916307072947198,-0.3381714170650195,0.40666256985656946,-0.3632642768404004,-0.1854139868572383,3
0.15491961540442906,0.5484046399151106,0.855832571956367,0.6778050121005423,0.777719141879341,0.5349814466527778,0.27551002937083485,0.5229095896484037,0.38520913971391324,0.5374289770139482,1
0.41472450857657267,0.5571161130619187,0.38505665759043944,0.1491667120856288,0.03486335955853303,0.655758395888824,0.02936479523641305,0.6427528175891427,0.9343413893827358,0.1661793074390626,3
0.13858968502887892,0.18105196390227912,0.6510696728453453,-0.0832347885673772,0.5287031736510961,1.4480441461897255,0.8553436312234637,0.9486809186360073,-0.6013298208538183,0.8166794950921614,3
0.39432083437166254,0.859917658104997,0.48451216009837406,0.7979545029791192,0.013995439693769932,0.2570829121113922,0.5980914768570398,0.2570455732532776,0.15141477878219797,0.2109597735385835,1
0.4091309197976254,0.21677957541866544,1.2113256303396596,0.25534428201406845,-0.03251501427207973,-0.01979616282783052,0.27050499661334715,0.46882975932156956,1.4368506620194,0.4977973340010526,1
0.542918457838423,0.966014598844285,0.2275349532951958,0.500969895919024,0.9395148098935235,0.5438165738996047,1.0333255890568134,0.12993325456542637,0.813052333177455,0.7489578184367796,1
0.9886222510374422,0.6253823824339079,0.19203042507329735,0.9489345113789611,0.5903226593970602,0.6856546580386629,0.48657729745481837,0.9823715433497123,-0.0033766440910942327,0.04551632905039131,2
0.11301786999003835,0.6215755236085596,0.8817803100060816,0.5716464907557943,0.7880351329514254,0.7123891603072344,0.33195715694063843,0.5045782061578666,0.40429289401392016,0.5262549103373712,1
0.06166862871000789,0.22276144993416616,0.26353393062859887,0.5154377050011771,0.7333434384346508,0.6591180523732629,1.0322298727508192,0.17386618933756906,0.3716337195255588,0.42209873028972805,3
0.5135184004292611,0.8151368271747056,0.7751424642507261,0.8987723353692304,0.8113810986251212,0.42266698463937996,0.1813725147689093,0.9125092056475379,0.9862035333170089,0.8427451294580551,3
0.3670397690814807,1.0519585238699702,0.7089152201594671,0.5446405066626695,0.790235732110366,0.6586158936465527,0.698171094542084,0.4098867585400034,0.09588977939699544,0.45077780815008306,3
0.6074485623414888,0.32007936841733275,0.4931083845644647,0.17654698421367576,0.3783358534760879,0.9995465130700047,0.8100503506150318,0.4560738838704572,0.4306730574232169,-0.1836202145459695,3
0.7878113812854813,0.5266836512545254,0.5097947885439479,0.65200650140006,0.14449740490376725,0.42146948309352317,0.10224394123973389,0.47650308768560234,0.44096105098239113,0.3262095283960557,3
0.3275294351452527,0.6439948280368221,1.0618108810390352,-0.2440549191017073,0.4952855282975284,0.6032500193561484,-0.028686400159370018,0.7332728583380554,0.8491503412850743,0.8412344336566895,1
0.8034352975503384,0.6801133574381416,0.774095431425928,0.14949391664548875,0.18130772219122657,0.06177704081835922,0.3463296030283385,0.9881220447777068,0.917140390861421,0.8019973780325149,1
0.05263989820584494,0.9531643618275365,0.6935459445428894,0.3075563639660553,0.9356286247419608,0.3874554270172137,0.6028998782085767,0.5869010646331965,0.6824307416143123,0.7261868756214303,1
0.09592779646147237,0.8764283770810776,0.7676898375242175,0.2800147849141722,0.9082806831413291,0.37564541940463575,0.5949402536453339,0.5669755757067496,0.6169257139402159,0.7775884506347692,1
0.37168943543769045,0.2203289412973695,0.3369918033794255,0.17734093376554227,0.26598686469051763,0.9057374670330545,0.8439351290651947,0.38206984929990523,0.37816466676830635,-0.011455690046313804,3
0.4694501230201394,1.126582133203714,0.9012702674608156,0.5052916167771424,0.6526945978808665,0.37209742218687947,0.685465577130084,0.7462270402722045,0.4472603256380572,-0.082304363829789,2
0.9105810676135123,0.7494178999260465,0.5320838394559295,0.48225248450788294,0.28240244610750265,0.25390260717576785,0.21749502270010648,0.12256883296649458,0.3753234464118378,0.8561436863452225,1
0.7864122645748174,0.4605247915365942,0.7009979511307383,0.4319776528479221,0.6479247871032856,0.09571461417597457,0.637193108904343,0.32130815590409395,0.024305853959878887,0.06152555826412027,2
0.32990917427436195,0.8267673729017867,0.9428368754341399,0.5793130274541162,0.7102816768697797,0.16660455481293113,0.8045055396649502,1.0223616371453472,0.46080251653305004,0.10534089033099019,2
0.9914254765899297,0.6220915195937197,0.19411331962421355,0.9177339571732523,0.5912792678595042,0.6535595152179632,0.5022534315691898,0.9692784923626967,0.014612211281617105,0.06596298056134244,2
0.21185667039977257,0.2631931089450404,0.03225880038600146,-0.11484088390836869,0.5724974384352931,0.12441455267873851,0.24264095129884106,0.35873660758573545,0.7734804302603822,0.3267988621236057,2
0.04903559418797868,0.953679425115447,0.6786887003936546,0.31432962193416675,0.9453912228096266,0.3726989145045536,0.5948504810480072,0.5896277178605728,0.6804218224084307,0.733093015176602,1
0.1424496812616291,0.8947661237287762,0.7945187419673024,0.41489612583048296,0.7610891540703945,0.6222340845683393,0.4435124310752665,0.6547923437590405,0.3219376915469185,0.5047796202280657,3
0.29930083262877727,0.18757446185494092,0.518630411998967,0.8077648990530129,0.807973224505256,0.31922406625646665,0.6407448203453586,0.09402797509125371,0.29475569309620786,0.38829356960480654,3
0.4473652902753524,0.5499226910869071,0.3592936475891553,0.1657060563223222,0.0036472433218334363,0.6057253353202221,0.014024641207807737,0.6352731074884382,0.9232014520318891,0.1538943964613076,3
0.20287721370191175,0.8042514327975324,0.8047022169887409,0.46459583483231676,0.8864998957375063,0.4433555816052806,0.45422692841873813,0.4109365699467293,0.6064978869859048,0.8115507669248678,1
1.0099731668001533,0.8774068113087008,1.2715217604890356,-0.09652612002329833,-0.02343791808687154,0.33220326995298355,0.6616930111368511,1.0493818090799922,1.316450483371899,1.2787450828549713,1
0.4627500036509777,-0.036314081679891974,0.680684542776862,0.24704973143013065,0.01465887483853584,0.5793090944112141,0.24385757494604707,0.20862025308334423,1.0518144918230128,0.16323820372780304,3
0.12772137611952175,0.372644164416518,0.009558643006732018,0.0639547110609182,0.45843736489784287,0.07435289518527012,0.14812082448795022,0.3729822137623565,0.9245994690581302,0.26118647118753496,2
0.4854847567380238,0.5570252843859771,0.1965350883974934,0.539320257080204,0.5325676262341781,0.68961668238841,0.9516875529180188,0.875771767842988,0.46427983697493086,0.1910271369367425,3
0.22290464098833468,0.15607921029411062,0.4240340249796779,-0.1167897146397151,0.6308103141818455,0.9254869800657096,0.9491259426635279,0.17198328828842527,0.4762466026525236,-0.09430872581652308,3
0.2979485410466482,0.9341521089465781,0.6518117124416252,0.6721216918195114,1.0488782463488362,0.22815502155803308,0.22775494697901455,1.1219954195207955,1.009115049850626,0.7557440746353966,3
1.0199213243206529,0.8176201488625219,0.008289572024858388,1.2011276509090618,0.6917285416912764,0.9053740945603956,0.7317718855033476,0.7590127483085589,0.28316033261317114,-0.2085466661468582,2
0.6682809481820082,0.2997010355020041,0.2995887351014033,0.34087221836775267,0.40342681221107846,0.4339273422618981,0.4278246277519558,0.8777643455479284,0.18152050681581966,0.6545488537852043,2
1.0290514267750834,0.70103252202934,0.6258240877679655,0.16140231895358628,0.41923278139676323,0.4020369522045457,0.3758167156505125,0.9171757888821847,0.7206451995392607,0.7598930434965663,3
0.4231610992517891,0.697112489442677,0.8493435505933886,-0.03075921440051793,0.6019979692584925,0.14781466668296922,0.35335505031299286,0.35311667327427276,1.2850111386346201,-0.29548061702392214,3
0.7714158121477392,0.45498017661702905,0.3748241702078108,0.756791140226124,0.7454723653171312,0.8273283780474678,0.2486555075417333,0.6528521746642902,0.20819040689341786,-0.19856853399861868,2
0.6828906576417885,0.7426791868584538,0.05978670681637016,0.6806484463632367,0.8474530606062867,0.6161575104952868,0.21702784847815948,0.8459082568152814,0.22732272101774076,0.034112249032318055,2
0.9984451616528802,0.6305370701675279,0.18001242622541888,0.9276695128042639,0.6060361067701253,0.6754561310386418,0.49176650478688205,0.9629745573576752,0.015222360322950448,0.040883382529781485,2
0.5369830213027724,0.8634005331449531,0.9473676395803637,1.3066468427653044,-0.27926063010366614,-0.14742287541634502,1.5126255889739424,0.8630244961232831,0.974365269675769,0.5848280636604756,0
0.26544592941467315,0.9556367332384155,0.6654519791376025,0.4766413431155316,0.7861831152001527,0.6400804374055012,0.619008603133552,0.5038662396939434,0.16991076117398443,0.3414422100507737,3
0.2437107683952947,0.2972053561524933,0.10750730459261429,0.4545754323184923,0.6050945508676426,0.801891487909618,0.2559354478639624,0.47453110676252197,0.23517163301476626,-0.08165938426061342,0
0.45907578834633106,0.21733190391363638,0.2835362807246078,0.15333133718170122,0.35290053923102915,0.8627905987388442,0.941077260801935,0.25374462483056703,0.45478932539156314,0.03364348304824209,3
0.20416317433388453,0.4967077469425999,0.03590685726794468,0.874430805674257,0.032253707272769605,0.6657129956283794,0.38596657835372566,1.1684119027136748,0.032176038050222955,0.04582440229638718,2
0.32044483752643077,0.898139079451094,0.6978878189521063,0.7813271570149886,0.42174421099703635,0.2865485108159618,0.8970394942918771,0.12159066654542433,0.40296373108862393,0.7333053635216179,1
0.4251331791086797,0.2866305145333641,0.14610427681277124,0.13017520002289804,0.40792865749565355,0.9171619551111109,1.015825549303085,0.2899585926923908,0.5494061465531562,0.010104422333604462,3
1.0435249468609193,0.5419121185576831,0.13061313156439294,1.027201370979781,0.5706957298593719,0.614978005132873,0.6045195652394342,0.8988360560783564,-0.01754244494615232,-0.023288820019827614,2
0.018209496020998847,0.7545608883167572,0.8605670121246435,0.8695079293561346,0.05590352629087067,0.3959101748600555,1.0283013463322912,0.5193240378852538,0.8317614009672496,-0.050116526511337134,0
0.4023688408262238,0.8136004571245895,0.6351614673099093,0.9708881375821474,1.0589197283814995,0.285079654655194,0.18729283819454334,0.7855518344085481,1.1232797173987803,1.0765350086054903,3
0.9073578344680325,0.7345248790851602,0.521181249770389,0.5056743656541459,0.30505169377724894,0.2606735508607742,0.2076260024778853,0.10970772988372222,0.3829973034472011,0.8600076594074164,1
-0.0872912554236584,0.4721512671431032,0.27238539996109234,1.0263162996213488,1.2588121468650018,0.15773735049019255,0.6722271088630533,0.8695885388682371,0.27048167191447875,1.3245902467324395,1
0.8777574180433239,0.808253623266017,0.43089389317221666,0.4715768918534255,0.17300974290536147,0.22759352066343772,0.20759912622007617,0.21014024219890093,0.45088514597852863,0.7850645215206788,1
0.2703564953390467,0.8308709358677452,0.6802830095555655,0.693366921171336,0.4884416208633243,0.47181064361714203,0.7934971460364798,0.27276982738556904,0.5402891235199968,0.9166983348955055,1
0.38637053376319463,0.41970287659935573,0.4704356626860238,0.1483996066508819,0.6522071265673924,0.5725938350088741,0.9182289154167589,0.30788091210495716,0.34674525675059986,0.4559984399381021,2
0.9451886177714675,0.47152188013923657,0.025591331331002706,1.000810015286987,0.036258022157733646,0.1424344560100098,0.018771837707777902,0.8844116475359131,0.7837909687843323,0.03207740639045581,3
0.8324078295702881,1.0203712803280893,0.8588291542448141,0.8899684953923532,0.358405968360911,-0.15971502242162117,0.5597011858846691,0.4481531074168772,-0.10957841514158673,0.6702547772940588,1
0.6767880975651295,1.0757238976735954,1.3009364979179658,0.14196105970354123,0.3509914987120204,-0.24090486242946552,0.3660382470870524,0.7208387483493339,0.5817621837266944,0.5146988204119447,1
0.9078358512624873,0.7139627014759319,0.6775291878908946,0.19220609393491878,0.45502658862911405,0.4403314842750176,0.444579667313079,0.9487190966561682,0.6087323260565807,0.8560132818086554,3
0.2103582460568313,0.036167402464408985,0.6585905525230189,0.5937441790016661,0.5982554519852095,0.5449934934562435,0.5829949399892093,0.9842478900677444,0.1532981754025785,0.5665802906110461,2
0.552706169787296,0.7249068376955923,0.41912346808614065,0.1484515850581848,0.03625464451035626,1.0520131097435925,-0.31994741675135857,0.26705688368455904,-0.014445307492702439,0.5576468242132206,0
0.2446567120187239,0.5415092795647587,-0.010649897959401314,0.5904175718787781,0.4704278600685705,0.1980815758045567,-0.059318185166251425,0.9475266932665988,-0.027257587615703377,0.4292314310815195,2
-0.03359971028286396,0.1893890614761409,0.16905238411248427,-0.13061248777904705,0.5337100903338435,0.2469337194416352,0.2786063142258954,0.28466722405417105,0.8415733376470765,0.14612828078573145,2
0.20574488730583135,0.8860078376783778,0.6929104386766061,0.4698465327114171,0.7547673377991643,0.5802323462072175,0.6275339835988614,0.516749817370725,0.1297329840096142,0.3682553587717939,3
0.9430061980430414,0.07754790662484418,-0.014039317453871714,0.6965253010508942,0.9882643629616228,0.13343800735869177,0.6331048887702373,0.7128599537971908,0.6848962814559747,0.7181163705461164,1
-0.18904349934556142,0.586830525383624,0.6519644776334119,0.9016821170184414,0.9776359966713888,0.48632475202879266,0.6856288689038335,0.60049248420105,0.6348815034985746,0.31558024461092027,1
0.9603726468743495,0.759472318080137,0.6732038868275744,0.21094844745661512,0.42465536434205964,0.4346647046959163,0.47715478838678116,1.008190251646057,0.6613104043358682,0.7977140696595442,3
0.7848725430994605,0.476532229714409,0.7321418839784091,0.5065066535436826,0.635076077011966,0.08535634508169429,0.6628456969713759,0.43139067061251013,0.07645692432225165,0.07399412803164962,2
0.5029414590284893,0.14908340403620157,0.48379098098679835,0.3362651218670205,0.44891846039067823,0.4833303102637667,0.3382389562913758,0.8096697164599839,0.33766597900587286,0.6160057585941161,2
-0.08457755365010283,0.9998623804423831,0.8259274124436619,0.7805843851340428,0.12507341255000237,0.17235990914955762,1.0862669051626226,0.4610452099178739,0.6862846748766502,-0.0686491264090793,0
0.11278815486543833,0.2409332610699058,0.43611478614743115,0.644171785091813,0.14795439219365722,0.24097512655410327,0.39475846917611757,0.7821963220051612,0.39050878013399853,0.5922660405217394,0
0.15854667211292928,0.37557063277061886,0.3941856777985784,0.7568870339728788,-0.401302500500788,1.236672878737885,0.30756412199446637,0.3839331124964686,0.43903550356003723,0.12344489137132486,0
1.0212938397676135,0.555564597165196,-0.0383248474487229,0.994237266143174,0.09666401015367404,0.09736974748887482,0.04402295957167174,0.951758610279948,0.7236245761916371,0.03154015970927996,3
0.39039222291906495,1.024838221918959,0.6442721296926491,0.4156153024671034,-0.16504348364145766,0.18619664969195804,1.3936837830772615,0.12427387938041495,0.9157797845455496,-0.053560616629630756,0
0.6852172821112684,0.7233786597263345,1.1146404709449702,-0.01894559533502356,-0.06875343200603076,-0.2947707909044954,0.522755341522254,0.8267804121938337,1.1935576190483101,1.0984272893439722,1
0.32853659005974234,0.8943533867998045,0.46448907627298613,0.8836881362005066,0.027207863254502213,0.18321598752999763,0.6366454869433172,0.28791379048025184,0.16049685540832503,0.3065032897392118,1
0.4464705184082955,0.17332993734656646,0.25009344052942606,0.19296665778970531,0.35874363624450717,0.8796687346522667,0.9467563475268992,0.20830990355773565,0.4408040049706867,0.08348665226212144,3
0.7816108114644458,0.9753728656773365,0.25341478234260584,0.4990601020382315,0.5078010991774338,0.08854476332913536,0.23973096624883156,0.3476034806964843,0.3579802154861736,1.129513280878521,1
0.8646272674754321,0.7916996675630847,0.5949097895354366,0.5394795776617702,0.2720062172682806,0.2568210382318915,0.2913537608313183,0.18970152797592071,0.41977706242955304,0.7862255472006286,1
1.176060963317198,-0.02348376110253292,0.46184933477867063,0.01794087679635472,0.5164251720363842,0.7907494830259814,0.16147389693901001,0.7756987475563979,0.4260302962440654,1.8379723097457237,1
0.5307537785639465,0.6171121351865906,0.09481221287063217,0.504376953032302,0.6052257329787237,0.5347881486390829,0.9669984806465243,0.7247083993503063,0.30435877231492414,0.2542054831793433,3
0.3784554908672042,0.11968324926217139,0.597961332421487,0.1499918367794777,0.15393845648419133,0.6773962687262298,0.2956580905532782,0.2644947865201453,0.9287736123440473,0.255451605134673,3
0.14740576502464242,0.21089084858930549,0.18777482048781438,0.18668880035083776,0.32520000494539103,0.9079358072970171,0.2889601351383317,0.31639310131699744,0.6556528282730315,0.5048233028645397,1
0.980689496012744,0.5932911299412574,0.29609119351545543,0.8307650865469316,0.5318856916704983,0.5969921073268951,0.5265955478993875,0.9407309928146337,-0.09101590931846426,0.03349244999202447,2
0.49493239371476166,1.055570532098042,0.31738056191966185,0.6646163111285388,0.4857948352984695,0.4501657218252827,1.1165652224828388,0.0013988675869277267,0.15005878823131588,0.6232084336582461,1
0.05162792280565863,0.9406697563933726,0.8780595008040223,0.7817986454216049,0.1944620281277421,0.24759769704947115,0.991559630274428,0.5498377765818832,0.6830045770281941,0.04473216571222987,0
0.7197263777484352,0.22531313649130152,0.745050343944018,0.2229281617964108,1.019922078032375,0.5786776750816377,0.7448751165612153,0.798629641567587,-0.22458205812120624,0.6916022695413901,3
0.46805603150908426,0.5362134325332374,0.17920673799240863,0.5888766739122274,0.5114761847831693,0.6536368287780701,0.9566303289148484,0.8897958136903714,0.4585803985511574,0.2155139238250432,3
0.07352626786765756,1.023830987318976,0.6204586462992081,0.31946120338399947,0.97044048897704,0.40687725090017235,0.5605423482086829,0.6475059208655195,0.7441261967547115,0.7501869074264473,1
0.5873697321567236,1.2250415179308456,0.9166408358263911,0.5479222661873995,0.27920073790338706,0.5072611473699041,1.0995247199231883,0.17784858975038392,0.4446608525721219,0.7767609866735196,1
0.4022711972789979,0.40554672424276417,0.11001919871690019,0.5130898320202579,0.3466519148642848,0.11468190945547026,0.09147557398113917,0.7641027655448309,0.08341117041310547,0.6005734523596205,2
0.9902729518356046,1.2743421043220597,0.4889158559168125,0.8389838958256082,1.0555615862374033,0.9077672154569156,-0.529062541004352,0.92281493807319,0.5197983097452676,-0.018147235998466127,2
0.6623350667993363,0.4376406946348417,0.6858621848656157,0.31511533356345445,1.0388162793952858,0.5573731212151974,-0.022208776292878873,0.47099089996282356,0.9224422337097088,-0.009718643928371462,0
0.6562348417210657,0.6241577707593342,0.8971840366822079,0.014927190423010897,0.2173860182954283,0.1743678108011698,0.22217958670550803,0.9671729364071331,0.9592022815543306,0.8536667599279439,1
0.9929692372667037,-0.057568180921122813,0.46010393100051183,0.5871872282643277,-0.21034891025845948,-0.6514478724600508,0.38240036446822545,1.2408736522110804,0.6154331202401696,-0.08160759045368904,3
0.2945016824587812,0.4073817992121968,0.4067526945312622,0.20917340783223587,0.5680300421144258,0.7410304611709986,0.8316681686929344,0.29312122390825746,0.3603708046819765,0.45059479564253935,2
0.4606616579773619,1.1649273941116318,0.6562255321984607,0.8709057964706413,0.43684861638352135,0.28972501448207216,0.7981893705630628,0.33116247093465323,0.6081033209670452,0.5093002417131364,1
0.1795301233253272,1.1592206368940625,0.8002308474572833,0.7715606016548531,0.27579203141157205,-0.12155307132453386,0.8785619176715639,0.20473044617371905,0.5194475922405605,-0.22265567012275317,0
0.05372008722593949,0.8727209051825975,0.5995848757352047,0.3740368434778161,0.9878760498174488,0.35344218223420876,0.5108926148535604,0.5404628648383941,0.6454863834244675,0.6941357051819769,1
1.1108867149593031,0.8199087792399989,1.1582638981068798,0.3367516972884298,0.8149191685728651,1.1202029924746615,0.21089810355703437,1.282554360118616,0.34258373368511397,1.0273055933209103,3
0.9299953672940193,0.09227101851560232,-0.009455202922035277,0.6744071834405269,0.9753036937970343,0.14549381359001617,0.6566512631960618,0.7304394707029006,0.693447376936874,0.7255233104993296,1
0.290764948469153,-0.26713993233159283,0.7583117833499033,0.4944646823636255,0.44661305093107007,0.46298245882037925,0.19115769060335547,0.8155351134789235,0.03946238444883027,0.2854998892706559,2
0.808777642708483,0.7523782775504602,0.32947323737820816,0.7599456602717185,0.8026453720231713,0.8227646072778159,0.38481641365455593,0.9699792569060334,-0.11809493052745934,-0.02896669300753349,2
0.8348342667272592,0.7720248588080593,0.6086964538864352,0.5084627418923038,0.30239042558436124,0.24492939482167203,0.2196783426817564,0.1671266412084297,0.3392581645173693,0.8219701399271409,1
0.3054149465421441,0.7139196481576799,0.7044460177794463,0.9484437180762931,0.16104930300597398,-0.20599619602328045,0.5985864054187444,1.253702121322845,0.09301357672980626,0.20774709980657124,1
0.7678104115130802,0.46236275066320537,0.6637948289562751,0.78426480185791,0.5803676196285938,0.9276074713851494,0.5962023829827862,0.24323290866427208,0.1387004553027461,0.39814727065736066,2
0.640197415165403,0.7083358306568581,0.4831953434932921,0.7346269072144659,0.11212225864132563,0.1362325060199457,0.1957216846750618,0.3468895429662374,0.36345197070589985,0.2226144253815976,3
0.6252488653993142,0.26892863704782066,0.4718118406156818,0.45358894701153046,0.3550499903019222,0.6528200842564917,0.7940960086259699,0.22050668688917446,0.67310719656824,-0.17620751194666648,3
0.8095509702640935,0.5492713838693712,0.5827605380850658,0.5406627757133969,0.09963306660256536,0.38968710591101186,0.189422556300494,0.5250581837988441,0.3655422188642395,0.43241287402132794,3
0.07651802772580549,0.9714919711380258,0.7110228738013978,0.28598454702196385,0.9525398516898641,0.374175757886406,0.5938459176467745,0.5674623904545659,0.6800894472850371,0.7276324006479733,1
0.05439216392950758,0.7740150699527895,0.8459678583940526,0.21790324499813465,0.988235774231187,0.5322358019432202,0.6869248969060769,0.46109159089154517,0.7143047452100203,0.5074016990078382,2
0.47247107476219846,1.0481095914180947,0.8468068329133308,0.7265503384523435,0.7380366011920709,0.3371505592957507,0.7619696252391495,0.9049639565230547,0.40836978118745815,0.15399794485844515,2
0.8757111153931469,0.5780591563117151,0.2733816521858289,1.220607860730246,0.8687045418011471,0.8767810544128859,0.17513588437227035,0.5738740894258787,0.9129496674625548,1.120126536152232,3
0.7967212057114341,0.432333976542431,0.5129583923427521,0.6291140123399325,0.16143889801220224,0.25118313580510654,0.0855029977786486,0.5530809383325316,0.4648818562073658,0.42071449612996764,3
0.46547996987047824,0.3519074300316838,0.34702698263035076,0.7800167857675704,0.05844032927761559,0.60333103017132,0.4783956818466507,0.5843521545288277,0.3752786307023056,0.7245725462981815,3
0.29626909965336945,0.9741147807423144,0.6963499988514825,0.4533906260738124,0.7661436052368347,0.6581458462397227,0.6361031722301892,0.4862326887389588,0.17772926504227518,0.33663846170073447,3
0.043439271608539165,0.17975491790742681,0.8218368549006605,1.0245524587053385,1.3757817529099299,0.46978005277423895,0.5555023413337645,0.42966785090732806,1.2974990766399046,1.320430931474353,3
0.055221299843857735,0.7757981815286827,0.8503018707956869,0.20954483785377692,0.9940776451915218,0.5304982037427722,0.6868048518080827,0.46287548446499066,0.7078889924725591,0.5100830621921177,2
0.6664423443586429,-0.3339938826336585,-0.001971912001347609,1.0696457373525217,1.267385966236472,0.4917600551368215,0.32530422997965996,-0.13802073039726998,0.47344411734981917,-0.018714815017694453,3
0.04979687507435233,0.7780036289340168,0.836418894335158,0.20894346891143048,0.9717005287856123,0.5415822828571039,0.6964397899141603,0.450357831788212,0.725289393285144,0.5042357703503305,2
0.25757834278436503,0.8299467980504189,0.9831726216953471,0.22038499271128142,0.5900282247137311,0.5450157541659042,0.6101198252456721,0.7375718686348331,0.44408697942761,0.5259195997341966,1
-0.1987277319389295,0.26875793057267056,0.9507335732837341,0.4753995216363864,1.5603033006916602,-0.5272296117210504,0.31818385768293533,0.4486074381299525,0.3515576745143101,1.2408690889587481,1
0.7457568291514166,0.566289101965252,0.5728181145534499,0.5542788451679365,0.020977653989575698,0.3162398946533309,0.1894341347163314,0.5153291977315896,0.32351255943601176,0.43570400104265944,3
0.8578051922023892,0.6553995976267588,0.44906236502497676,0.5295769117643314,0.19137206410189303,0.30740655073605677,0.3082535307995067,0.17513010121957642,0.40609159269756523,0.847532656436148,1
0.055920307928652865,0.7741360999377503,0.8469200129955822,0.2189447956200899,0.986970420882076,0.5311246570682863,0.6853260152702703,0.46198022962912383,0.7156288768775991,0.5074453581344958,2
0.46961122595297616,0.40087699417389266,0.09364178332960671,0.4673108077376905,0.33648343436204897,0.1567292894529765,-0.08036856399816136,0.6723535544938173,-0.008996878835899183,0.48478653568185903,2
0.01908592634513425,0.9466076757840449,0.6605149668999565,0.2449084121980297,0.8883581419003699,0.3816818232001938,0.5607520170386802,0.5464825349832342,0.6557837622857666,0.7135223250920729,1
0.4655563635278767,0.5364173100461208,0.33720873172921906,0.18463075920474847,0.005098985435595928,0.6633301221967195,0.07234460999021827,0.6317638912195888,0.9061279464539806,0.1373658617122148,3
0.3883773430130559,0.8673937984349309,0.430298266885182,0.7953931847963086,0.06440643503215072,0.3227816453136327,0.6042509178384159,0.19643708598940318,0.13591892048651613,0.21528684838551615,1
0.9565201832574853,0.6922561492401005,0.5791557330196223,0.5095892267503078,0.27262334113258935,0.21296069076571617,0.285412184012787,0.11172822310491096,0.3505093466996865,0.8910610022105042,1
0.5054760143856851,0.7294272230926544,0.7315904157079218,0.3541946124906966,0.28561362197784174,0.3623401997151591,-0.04042269997322706,0.5434934663382458,0.8771618989508048,1.1403317052281003,1
0.6388140745576513,0.2592446690863975,0.32160143639622907,0.4012526849716296,0.3386120639964401,0.409246857632546,0.06347002244452608,0.46771023180311116,-0.08504423790470747,0.5995166102057734,2
0.40183016416607475,0.7659147558158468,0.3763269102338268,0.7838188644831614,0.032855660557096794,0.1681744829895077,0.686698839054847,0.31715478150509707,0.19324744617176998,0.2841369321231274,1
0.9206280835913114,0.6388926777298102,0.23319183015119074,0.15466969784301257,-0.008808069634693244,0.5700321946427632,0.3250081562835656,0.7555835375259317,0.4062481052634168,0.3627092155184187,0
0.47505408841417013,0.8295070534681142,0.3316318294277842,-0.0926243847143457,0.6551085681225468,0.6344161655920559,0.4892404427150949,0.21277032686472513,0.7772306464732828,0.4398950341410831,2
-0.10544621428793993,1.2885308016723052,1.2357085549006195,0.9761873146418574,-0.08428279452800425,0.09452632394819285,0.5549130119818495,0.33289610351320864,1.1213717665857201,-0.048369468956383915,0
0.11485009494009207,0.443214629407334,0.10182369745011945,0.1830585293969567,0.5947086124645695,0.09575348592247157,0.3078554827892428,0.3352525343610815,0.9113231201227059,0.3097408761136158,2
1.200828673847636,0.19258082962384654,0.6162390520172348,0.0864009931504344,0.960541904722304,0.4519950398826001,-0.2389002311893928,-0.04912903249597095,-0.20150548695465456,-0.10991974125569637,3
0.8152851799225569,0.7425040475410536,0.5519348193689588,0.35558718486888663,0.9982024078887272,1.0375008975959872,0.05937732304946931,0.5195240331286732,0.6012852584824572,0.3436745741422721,2
0.746769986921509,0.8428640893654982,0.618784486834163,0.2909477744123033,0.9294181962975606,0.957181195007774,0.15581390947322682,0.45712287782948546,0.7119724031372554,0.4267016233936517,2
0.05575802104761386,0.7735723707946617,0.846683445015776,0.21862640612064413,0.9868380882288137,0.5309792466448225,0.6853272129315398,0.46148503421896003,0.7163880283724716,0.5070027393716408,2
0.7693376918575305,0.7161654183597044,0.29471399768880785,0.8367802346531176,0.5693342745512122,0.8657755249399446,0.31470905305499286,1.01938439902267,0.31486506486292504,-0.19143990119444385,2
0.4540834809784711,0.5136668517702618,0.013779386892920645,0.6660410448372899,0.27883124841694307,0.1447990218607555,0.16069246474715143,0.717040518624151,-0.0018297898805157559,0.7554384990114374,2
0.06581812500244098,0.629032918271733,0.884623176320415,0.6563149493066446,0.6971630770061993,0.6328295514556063,0.41539220668446847,0.4666456168184786,0.30247268231507646,0.46828033498299215,1
0.33765487891547485,0.8411020232036726,0.9444594291032963,0.6726167118632617,0.7438949323763591,0.15735524581775534,0.8551540014129753,1.018275371475749,0.6238517985813938,0.0315830574393814,2
-0.009265860732737871,0.7766115095358405,0.9775281122823138,0.3656621398182358,1.1645781210691835,0.4670907508382907,0.7932523954784402,0.6952089974533182,1.0145144510506028,0.9282122811204792,1
0.14039332389581405,1.175959738942839,1.2005135601813992,0.7424382918810424,0.43572851515118294,0.2000261544144553,-0.0438527777378957,1.0315721043673272,1.5270459613241585,0.9101028725183624,3
0.7901608137110484,0.48020174281111266,0.7306464947273842,0.5137996292401218,0.6263702934551207,0.07958772671721084,0.6738185992208731,0.43404117477051646,0.0761656334074571,0.06163342683215291,2
0.7164927439452493,0.4539774654748206,0.5835488387076895,0.44646790294943434,0.48428456637764494,0.23034805084798077,0.8090023733721348,0.40022692678013855,-0.059503097053712484,-0.08248460200294477,2
0.2957071986327737,0.9944434301875239,0.6850933420611868,0.457353165966549,0.7878206150412594,0.6136143634346507,0.5840405752868719,0.4755656392479051,0.173155634331415,0.3768061056211909,3
0.62384179857365,0.8687272539554366,0.1470690519226418,0.35686476839901465,-0.08546858144080466,0.8532681360632937,0.3343153689494971,0.4472713262949581,0.6094907779159544,0.5118928634907511,2
0.5558203320242211,0.12092519562074425,0.4457127741357767,0.22898982837029597,0.3330417791230986,0.5173743497293253,0.36947841068596193,0.8525512197568237,0.33527305424095294,0.6427377193539547,2
0.056156140499416335,0.7737672807956307,0.8465960625011932,0.21867751378427272,0.9871157776793065,0.5313728792042386,0.6852224085722607,0.4614427423750739,0.716060008165917,0.5071060097049892,2
0.42097585437698865,0.5077243263862394,0.5444155325281836,1.2728324175477084,0.3635435806939583,0.5359310922521618,1.1047296708666334,0.39336755764108733,0.33804065768379693,0.33260976838760187,0
0.9693641536709541,1.1474290859375231,1.1817190434857143,-0.4355393042471155,-0.054689791375953645,0.11341170544157267,0.19320308840673941,1.0945325698878645,0.4572963383250717,1.1492979687455418,1
0.4162408539786231,0.7474297456797218,0.5900408656464491,0.7616122141348993,-0.09522617459311986,0.28293105788610845,0.7053195915922376,0.20737361232580465,0.19905865022613306,0.25769979206762683,1
0.32869226892358216,1.3464442092813913,1.0853171420736765,0.4668327371237519,0.8990579164936479,0.7755721539487244,0.3971139505026066,-0.3277601137114986,-0.012871646847225804,0.8308996852545286,1
0.1728344200868177,0.31830439415052547,0.24561233955523332,-0.0010201292729428643,0.788077015131287,0.7847272800325258,0.6854554034352506,-0.042844378136099884,0.6632675469372458,0.31290155436468686,3
0.25137719765392796,0.2834556116863963,1.0607013836650623,-0.25607590329813545,1.1372774239005403,0.5377098338275212,0.24207111058413838,0.3434723626647518,-0.4419514431087834,0.7719933550121871,3
1.0290641378273055,0.8418272680819208,0.17309000721028941,0.23129192526678283,0.3496764342530117,0.7277843113885092,0.5035119078125838,0.8418601168810944,0.510750413955386,0.11528024788793528,0
-0.0766062799583693,0.9492241629198624,0.7348465145526586,0.20311860854573716,0.8068200192100453,0.2539510428033985,0.5101151422652592,0.4809390251097382,0.508833598770779,0.8820745074811474,1
0.5308559000722023,0.13376421096649885,0.5040995056146177,0.3344820083053462,0.42761975821001263,0.4779058064878901,0.3790962008286511,0.7716633505845795,0.3296323688226589,0.5807438460282638,2
0.23760669416294508,0.9938863541912487,0.6675755515686475,0.44857680031481983,0.7612309818150722,0.6458532484150237,0.6543987247808332,0.5354567319238478,0.16679532193399366,0.3334362422557603,3
0.13135465006916172,0.3681843475283158,0.019122474384367996,0.05978784189331199,0.45209777937209894,0.08175034552147359,0.14879337994241937,0.37972753844937973,0.9167443831658545,0.26433778490027415,2
0.39982467183529863,0.898626337302091,1.1030267478399862,0.466114725086772,0.6449911448944391,0.9304990509250753,0.15634598471094152,0.21349284307395425,0.6868397012204301,0.6364872739270508,1
0.27219238459965744,1.011175387773376,0.632903741733205,0.6616766047019702,0.33396935196899985,0.18500211504335956,0.7891010704372334,0.2439652933966828,0.32245693608485626,0.6758087928966451,1
0.6420105253827152,0.7060805008248798,0.5975793970579767,0.22114780233373213,0.7593399098133752,0.9091683221309602,0.19156397644554515,0.5523150602601443,0.5872461356441396,0.4698278602740239,2
0.2977601692531311,0.3428420479396501,0.07702313296930344,0.2438218448936169,0.4886715243824332,0.09685859128243891,0.07319320468802964,0.2875407205737577,1.0296355502645351,0.4545415405800002,2
0.06078083310282141,0.500848479372913,-0.12000484318154617,-0.04850947394942788,0.39296938239656776,0.07967570081996167,0.0954948064960364,0.3419371906939586,0.9874097902154761,0.13307504409058898,2
1.149095210586982,1.2762257272626027,0.16207479501175337,0.9495412593150205,0.01359406299179211,0.6714761717515776,1.3375697015260002,0.5003228589369844,-0.18258059512397817,0.6853556775360929,1
0.12099980194105234,0.12581654648082863,0.12060913520171807,0.10856214130819634,0.13541258888905877,0.8212026890358576,0.206897769184017,0.23146668288100006,0.678838157478805,0.4810727375036306,1
0.937768882797724,0.5014616597703159,0.014617810295624317,1.0008859475533374,0.03109871777844559,0.15198027865057706,0.00891978871920947,0.8585833302069688,0.7788239670176759,0.0658007236295873,3
0.5909924522271739,0.658007727021966,0.596044103384664,1.023642635235896,1.0071914985513073,0.3752199120624411,0.11192337254976362,1.0389914323239233,0.9413523737359564,0.6998642887427671,3
1.2013902791936062,0.6549922786030787,0.3709385805266941,0.10373077441317755,0.2913237550501325,0.4046759972003692,0.5497521224550779,1.0931877424816117,0.5392482783220419,0.8459009721622291,3
0.5193791148072266,0.15813972712740595,0.46558220162311076,0.28247770043300924,0.39087964255850133,0.5199110225152103,0.37598281255138843,0.8203845620186416,0.30993263265960597,0.5644420573328435,2
0.6385497672465488,0.5099461663130914,0.8890238165084856,-0.050121457053360186,0.24649066358803579,0.37593274145219835,0.1346803400873684,1.0370464858425734,1.1643076834870465,1.0262621999648522,1
0.4977963782296063,0.7482023572446264,0.2135054358687096,0.3667983316473748,0.07293601771346456,0.9536941300451139,0.5817184859234852,0.4992847693643838,0.13068175210448982,0.8833880117858299,1
0.6803417277696205,0.5739344264733733,-0.1588783790147178,1.1587403015120001,0.8072517238112842,0.7475246069137111,0.33367988790181224,0.7261328897947663,-0.1861696311619817,0.22970306554931053,2
0.7005741742669788,0.4383748386661916,0.5999207229042544,0.7282387316545138,0.556942876188853,0.9469400103951643,0.6410606624713808,0.2848431060100098,0.1713584830469314,0.49517861881518593,2
0.9982019684708977,0.5300835739402019,0.29302039096873417,0.9559446007881056,0.673875788490563,0.7766463642395647,0.38960719528359944,0.9071286990495414,0.014306706814446311,0.0629088323921132,2
0.2818903717217067,0.1838856933024965,0.456379639389366,0.28599916136240877,-0.09856698147683823,0.9269109527752342,0.2710737732689086,0.1273210315890748,0.9451146724286774,0.020247259424662156,3
-0.17778114436479048,0.5571156919656648,1.0262791534633626,0.32732819795479723,0.9356320090388683,0.35344400497507045,0.5625990100347387,0.5285513381934379,0.07159915757225432,0.5627873943711726,1
0.6725614887372278,0.985065018984858,0.9536109970501077,-0.13601699490347818,0.12112497951045631,0.6623233019863457,0.5676288390684225,0.8347531029790082,0.719978030091997,0.5402209714484545,3
0.31086852590494396,0.40289757489372036,0.47318364527062656,0.26575066069815423,0.6101172046690245,0.6923013913392054,0.8024210973359912,0.21992375713592216,0.41254816614992595,0.4643719913564289,2
0.23791632210672806,0.41421195068729866,0.30783933263101954,-0.023347749467451745,0.28881048653846686,0.9886049853005129,1.1269930552729577,0.4160255166330875,0.42059177022377536,0.010829623348141252,3
0.25818084684554005,0.40551789978171954,0.3631409372295141,0.1787013695528249,0.6511015771361686,0.7735983735778679,0.72802020940239,0.2686930580731591,0.4760722060785374,0.518248307554525,2
-0.04575230171476316,0.975250955374884,0.5928133508546166,0.21574683798907118,0.996137759030345,0.4917528108682453,0.7234222871468838,0.4858278197603658,0.6586724731850909,0.669642480116383,1
0.5606771915426806,0.6854872950879342,0.28804221484788795,0.38300560597572686,0.07284448906436658,0.935120499269605,0.41137121396249154,0.4315860412181839,0.2128252139073088,0.8330764782419873,1
0.46790251996956705,0.5133917121931358,0.1957467110498103,0.6098809205400706,0.5014642474164971,0.627179774811944,0.9460399549877322,0.8684080955135676,0.4002396405727427,0.24772258332919178,3
0.4233039134377634,0.5022222302351369,-0.0020601113359880185,0.4190115753496201,0.6158919255497315,0.5645599833727225,1.1429303576119887,0.8005495853205954,0.32315008707483645,0.2548500152195344,3
0.5298254524081287,1.0974741294548283,0.4678444158462435,0.5896051401159642,-0.2072821010936781,0.03019397664468887,0.5277137606393243,0.10820914028785342,-0.09678143947695084,-0.04264926522789009,1
0.5253266139656825,0.4401898052561054,0.8073183583086317,0.5153443795241608,0.6554747023695036,1.1347974988032445,0.07791057691059779,0.5682025967696303,0.7024950606809077,0.1844293022537004,2
0.43141013648854054,0.9312717829930344,0.5081822943058845,0.7823566938088247,-0.08602613795539413,0.2226563851171381,0.6638801195683143,0.21114246085460192,0.09963061012684632,0.2522699228877765,1
0.9103341768480205,0.5272460236520222,0.6724779520042362,0.3843876966290407,0.6536091756856899,0.23022885386881722,0.6789461945126418,0.44379238717715663,-0.0009838958365566142,0.020335016974034212,2
0.5061863554097312,0.4215516223055031,0.4976709416103392,1.0473416447361013,0.2721334315819315,0.8702448377514662,0.36156629926096073,0.13268853584608983,0.2914819638180981,0.6580162944340198,2
0.570681977857921,0.2749054192817554,1.1879447041684212,0.38704126418375967,0.24046975046105024,0.028991759455285704,0.8100813027894891,0.07724838036162707,0.9847556047144554,0.24332188829561832,3
0.2759428771950902,0.9287971218279211,0.6745417708759076,0.4768424807746651,0.8047326785221333,0.6120816285674773,0.5896948876358226,0.486103883693759,0.19128372562702972,0.33246634511481415,3
0.2098822024166714,0.43527172560231014,0.3542739565825256,0.00789650295552096,0.7706252020004185,0.801178370552989,0.7290721397680856,-0.0013871774328746492,0.7021710965297664,0.2537263901239578,3
0.22464178579547323,0.20923146569359452,0.3881872437527668,0.7227635626328593,0.7597821954096386,0.18603706788945307,-0.17158523225626154,0.899144155216878,0.2785586142043954,0.6426449876036159,2
-0.15142081005051644,0.8570091845508686,0.7693325282805852,0.3793496255755836,0.8429738344578874,0.3641660317338274,0.17190545361920273,0.24251837409747606,0.1929512566242981,0.3016698492317561,1
0.42310971388010526,0.26722504270482617,0.2631014917272302,0.11915353926509088,0.396320793123938,0.8916797512061239,1.0349213722598039,0.21829573317911408,0.5440248509408208,-0.022266700276964514,3
-0.5479338461588358,0.816643379352503,-0.5455431916138843,0.5659197401590128,0.841798970417387,0.7021591056814932,0.7773107993528519,0.01572413463944386,-0.13343489202452763,1.1583939252838724,0
0.2924970020536238,1.3343171525232993,0.8084628713459393,1.146821730962546,-0.22276504064125624,0.412946087478133,1.0811328911559228,-0.5309919116011848,0.8435805015412088,0.5052498197639448,1
0.5806961994986319,0.980089976975365,0.2963786276088424,0.5655753142162643,0.9875502608201869,0.4795476924171531,0.9408002783776056,0.119791480434064,0.9075738025168951,0.8150878822281188,1
0.5087319533678233,0.8002008481359981,0.21126200033108883,0.9554733914731752,0.41827908571430716,0.6759025542858432,-0.09309121313375832,0.3592474697082917,0.26270340175756146,0.38348365952281743,0
0.528328397976831,0.3418810892920328,0.8050594756058715,0.5502500076910918,0.24135116169022833,0.369355135005258,0.17537521896750813,0.8363535638525729,0.6959354991269036,0.5755812870056725,3
1.1975959147897712,0.34352794559192834,0.6965638736698913,0.6899686501156996,-0.04157787804840274,0.4197026181739342,0.5384608998636535,0.9287696056608613,-0.07193798612449509,0.7390670288863248,3
0.9604102844874788,0.11415275334702715,0.043168142400493825,0.6519176329659504,1.0076348442255723,0.12391456603060279,0.6560273204399273,0.6670272536286226,0.6845477696130622,0.739540707113486,1
0.8671541489482957,0.5044459491997768,0.20769656229139666,1.10731204397991,0.7530227200711401,0.6938781163519742,0.5869385492815016,0.8293696441395658,0.02283065186340531,0.013402307732725244,2
0.06134399786030986,0.7714195764192562,0.8377400018199495,0.21196886562059722,0.9970435863978296,0.5253550984617222,0.6766669033995864,0.4672892050025538,0.7118766699838134,0.5095985684917594,2
0.9433343051326042,0.22865624672796597,0.3886416155154888,0.4244842752374911,0.30666789393919935,0.6076031711952026,-0.05093794533327517,0.5391819328845268,0.6306954754327869,0.4284617715874125,3
0.243151727461071,0.10883155634130173,0.2883009204496124,0.692173013700482,0.20891035380129722,0.706923474325716,0.7188203445311883,1.1248206980180167,-0.030159021212824322,0.370863779516788,2
0.2282030210665126,0.3568824418129313,-0.027487784476527388,0.5736325113305772,0.499057398906113,0.0794191260062537,0.1821469630986518,0.9727460844567697,-0.1380583873252261,0.7278736332705709,2
0.2707914392247658,1.0844165826863228,0.624611447242362,0.5000863096867536,0.9758813366844633,0.8193929682612026,0.5030639779645946,0.597703282927413,0.3443355373988204,0.24465462565840915,3
0.14551696678489784,0.6335890115638068,1.050419829885417,0.6072005398549422,0.7057446965932115,0.6635870907574873,0.4596623118308497,0.5453568886606539,0.24339990895353683,0.6138463605665911,1
0.06869403989941228,0.6883791527406237,0.9787753217421221,0.6368298385709007,0.6998397416468891,0.5986246006969184,0.41550157097269025,0.4470376062792072,0.38901581246099326,0.5287168590660207,1
0.4821163267117108,0.9590405072965682,0.579709469814582,0.7130431375683395,0.11969067971403484,0.22189047750428,0.7026658590014355,0.3160680541127767,0.25628792200860295,0.15407876775642515,1
0.7727665734666952,0.6101641302659006,0.31780865171157613,0.6857070425173477,0.23097865729381764,0.9502157924477497,0.1375183029716764,0.20326932221715605,-0.015432350313943938,0.11583917995769039,0
0.14765249415195433,0.8640847642920592,0.5450249981227184,0.662580971498932,0.34093237775669427,0.2982985913905786,0.754339893860096,-0.06127974020790611,0.5551942325009757,0.616813372056263,1
-0.032355575415323745,0.38967641358427635,0.332700176155717,0.25766141448759333,0.8868674098163347,0.7481498807491769,1.1136888111326435,0.39344032023868103,0.6646978426321388,0.7025159776840509,3
0.4005825683133964,0.957262973912834,0.5607792420331711,0.398495832902029,0.7267294829886409,0.7657139746835505,0.6929540764918778,0.45725142608740127,0.21725256615038413,0.4136704341182187,3
0.9908785246374059,0.6545307313130209,0.06934972394746168,0.9488640585378704,0.4168778892697602,0.6634969785906857,0.6036681104618153,0.878260204653807,-0.16709152709290082,0.08826179583185412,2
0.48669842095452215,0.7146814716507323,0.44836850636034237,0.8570345913487306,0.010870597348728084,0.3446383795238715,0.6176619103932078,0.3826686986248349,0.10171947669976908,0.3118419447708049,1
0.36432479725655564,0.08656657074031979,0.6072486727786984,0.12286679227331423,0.14188271759081778,0.688078171520288,0.31192367116880687,0.26284860194833204,0.8872411364062701,0.22799925985717545,3
0.13386315374648153,0.7087083209334222,0.9263935705165018,0.6005304488353821,0.7062170980505456,0.6443558857300343,0.45739261837954187,0.48594015951797703,0.38080533581518283,0.5080198073618266,1
0.36068632982128146,0.4635896166816299,0.1278704849684838,0.455880048817203,0.3715255117149062,0.17735268282898653,0.17556941785417585,0.8031964040740182,0.10196609220932101,0.5088050416021408,2
0.9022062852379916,0.49118726599682616,0.780410378043059,0.10252716966736031,-0.011536155575663787,-0.4559482921333826,0.011652718615522362,0.40672576420502216,0.8607111667308973,1.3849061125101942,1
0.9333557986612769,0.49380766731038556,0.017568855403501223,0.9985895716151572,0.03919361488738386,0.172444261210916,0.017386906246498378,0.8939280999252469,0.7967554563600743,0.058474741638783405,3
0.061393238105512456,0.7672980623160431,0.8289665215910236,0.2238957982590154,0.9954178002791163,0.5413522138421715,0.6909943707304858,0.4559236008413436,0.7264118231951698,0.523552244576106,2
0.3530077231740859,0.28965505939192165,0.5712004609805041,0.4245073500074509,0.41762585161006877,0.6268008398249479,0.32592602592886627,0.8436582437307589,0.25073339842403913,0.72257822729885,2
1.0870344768644105,0.6453674153169378,0.659885100671688,0.3096932066542655,0.44874509986579414,0.47261375458383614,0.4226157468914038,1.0147474173360058,0.5655932844276648,0.7970727611324151,3
0.3062425769565043,0.3562653853145391,0.04610997668230763,0.41884803106927887,0.4457153350864489,0.1295538448323781,0.03896585252165337,0.7932893083132994,-0.03865367720132662,0.6918330338383069,2
0.9857460075791307,0.44847892831707536,0.2952699995093755,0.7227466146867558,0.8620386127386382,0.6927422704620387,0.3089761464854033,0.821721860052097,-0.1613806121269197,-0.174500916002003,2
0.3895781814090326,0.3979018167091742,0.11389865816355446,0.5556767781970394,0.3531228350680681,0.12273699750282696,0.09249326509981792,0.8030872963826019,0.04747950159509148,0.6229495812609226,2
0.15134354477533654,0.7321992953327792,0.9929579896229707,0.58056173842281,0.670980655913998,0.6344613788718473,0.3814480325979321,0.3872141847092357,0.31352956237241647,0.48086252665239965,1
0.4688448552325626,0.10754878255035415,0.639396378566291,0.3870274478791751,0.2631139411187068,0.30796901301006174,0.4880250031818264,0.7186509880352824,0.11587418650396103,0.7184512270219671,2
0.10341657468274709,0.007499694055033578,0.2812513143630696,0.15596907666662518,0.7020970710309785,0.2757935175083063,0.12441194335409397,0.6591618748407821,0.20476517419011453,0.41509004480311995,0
0.4710354704940696,0.38124744583985726,0.4025785564189533,0.2409738286176744,0.3542031088649415,0.671866818794031,0.8322009873803231,0.32501680422246293,0.2727936211940249,-0.07389906267316172,3
0.5307597804870081,0.41648970734947344,0.7288803236699679,1.1351315033833258,0.2983226703884478,0.24347762043455728,1.190430181390811,0.15138178552545484,0.6732574371996711,1.0211404721222168,1
0.6233556271263677,0.9935413004715717,0.2896275415819746,0.5757566722908498,0.9537255269995866,0.46749397407585275,0.9545104612224778,0.13703529304010864,0.8750723436830663,0.7878961764673432,1
0.37556909037077096,0.893654561402794,0.4090152643186551,0.865021462796855,-0.0330115154625395,0.17614067346249143,0.6572310766033281,0.1761161569511035,0.22452012615992584,0.27553283393889494,1
0.9278237185700409,0.25410893782164057,1.3253991081692709,0.3833590963244615,0.19268869361357494,-0.5674610836154504,0.3203933520940778,0.8800949489512184,-0.02756576137884359,0.3670979595120976,3
0.402063014216444,0.839551861962934,0.5279337871934523,0.7675830310110358,0.039831358505518374,0.24928119942112992,0.4919405101720749,0.15946603551642824,0.10633968483789971,0.1873313670686871,1
-0.04910257171987961,0.6412749698358666,0.6833934159640387,1.1122572400142823,1.316677271120004,0.3638741976655079,0.6272509728922826,-0.19174267951690024,0.07566104706434068,0.4990365634931984,3
0.3299716642447399,0.5191133739653186,0.6465330903654756,0.3184718032709001,0.730351869817068,0.9677452103803428,0.8747086216003019,0.1855849287417355,0.32679609223917616,0.5839997668126279,3
0.4137619022209269,0.36598495808637854,0.05120446409657966,0.5776998947608457,0.2844601891059745,0.12384726438434443,0.12283354111059436,0.7395593546152406,0.0537151011769301,0.5987249061239741,2
0.9025271712655978,0.4606678565354097,0.1673730757583068,0.9914310099535764,0.9558809103504919,0.3574070817018207,0.2531916331227982,0.6160160635041185,-0.10709171640500252,-0.19498347013340456,2
0.5137476730047508,0.7193005862414915,0.48868381829786,0.9214259675803202,0.1177067210720274,0.34912212496372835,0.5055834294437065,0.3148263105291441,0.003199607541919336,0.3314835499740787,1
0.5257213512819559,0.9599991212054373,0.7837972053721848,0.7984744220991289,0.9180941766194642,0.5403305608192371,0.012138358508702957,1.12807903199231,1.0170001800683361,0.8405894561507288,3
0.3535567381234656,0.2737923552595164,0.5245983055399854,0.27412736720967007,0.564838213771091,0.7019936742419448,0.19704815284702884,0.26864018726347166,0.09123058871025075,0.4191904707315372,0
0.6116009446511732,0.9693716467208895,0.3261318751813577,0.5475046542336316,0.9669958974346375,0.5096926475629024,0.9703878098873887,0.1682600666854857,0.8455632771814495,0.813362599799362,1
0.5831183517168745,0.7597782217741174,0.7508756111674431,0.917376237128637,0.7880726649202809,0.5179168433321912,0.22178149327996224,0.8750840334267809,0.953694169124316,0.8048009469340365,3
0.48632607284124224,1.0676640878901764,0.528359843841467,0.31543691493535686,-0.10488117649824824,0.2541391411474253,0.3018037203027768,1.0522345650938112,0.7288434546615354,0.9422380522383798,1
-0.013996965745170668,0.824625890791497,0.8784546563585504,0.5050458133121432,0.20838505717807432,0.470402851377438,1.0584853172904969,0.7638526665881338,0.7363809309885238,-0.062146732012257414,0
0.5791271190180785,0.9331693742736329,0.43635842339080283,0.6944823569614821,-0.11270665804636479,0.10717778966694547,0.6425806778008387,0.1852161483499088,0.3379181393525204,0.32358663381378727,1
0.6209793670837949,0.6780716800908626,0.665985638674512,0.6021473186730987,0.6055011252370134,-0.10283604295637969,0.7537319272711575,0.5091745050453095,0.1645721038641301,-0.09606750874471445,2
0.026801002152493786,0.927186195241355,0.8383771543241468,0.8120637273057307,0.16866215598476736,0.2566450002659236,0.9705238648814306,0.5185863171977094,0.6539359067568207,0.0732646326108471,0
0.4002287617039663,0.42874152515482805,0.10264848465025471,0.5619957871634382,0.346216155401365,0.1221938066849316,0.08638414225970345,0.8241371151302848,0.0953135000368972,0.6271831241529823,2
0.5479768227287873,0.799586876622829,1.3402163332006005,0.08836619724997821,0.5523312863201231,0.14694853096169125,0.9689432865236637,-0.11753969733049258,1.16674168095282,0.5800549456980206,3
0.9164938068214226,0.7626997277020338,0.18450087540020477,1.1333005757074672,0.6290162112883838,0.7912019487465963,0.3488589568302762,0.925037836546604,0.029828881997268412,-0.03412672406473098,2
0.47868081735579476,0.7760698725986691,0.8051252199722445,0.8648691053050249,0.8419916764701206,0.3919888365901003,0.16539468003181912,0.9142274579133118,0.9999231078636097,0.8911782133485788,3
-0.13184213378682497,-0.04911229447512058,0.33735478129361485,-0.20303438277234193,0.3638385786642175,1.3392390635545424,-0.11560907281901084,0.126320549161001,0.7781312060116741,0.7555088433181234,1
0.31596845408713403,0.6693843694643524,1.0025388221805804,0.8288334837291857,0.5003476044535395,0.5557399255542133,0.9607367642031038,-0.09481024628985382,0.6188499933825846,0.7878611117132815,1
0.5160837904290593,0.1883945279782564,0.3933886255098146,0.29872101621767055,0.3183458521582797,0.48347140397560856,0.2978023024267812,0.7418311543123417,0.2782889277928404,0.5584360319905534,2
0.13347606775632453,0.3885096322872796,0.019601614244945276,0.0008442341553283259,0.5388068535878078,1.0589742588944961,0.8994668852448652,0.32111302475607784,0.47334139948935633,0.6398942378019747,3
-0.013292037992151132,0.9331796992729718,0.6782565515381764,0.9403754122589008,0.005189581119599107,0.18074265424125857,0.8536546599141481,0.4952627112763653,0.5269818862042424,-0.052937433130569284,0
0.559301927510479,0.802054527150854,0.8941665350240973,0.7188377520703578,0.659226983634199,0.26117974652788223,1.0834481050339795,-0.10211677000375008,0.12192407922422771,0.607565330654694,1
0.8079663334193958,0.7898791679320458,0.6207218572102997,0.28749014980085963,0.9224265358478269,1.0278635350958976,0.1426307631894019,0.39447748358105345,0.7096310663035341,0.44456927138026636,2
0.6536451862493425,0.9417975088403027,0.3519154528136774,0.6170562684938201,0.9671172071754921,0.4437569796293008,0.9922286952462624,0.10350538270848618,0.8844095070995126,0.873027402754443,1
0.15855320241613438,0.19436251685643718,0.12787283769725644,0.2453492114176606,0.326219961615794,0.9286863073064227,0.2767921518415429,0.3598281268051459,0.6731909551141562,0.5742154256473868,1
0.6319672677976115,0.9311225653474193,0.3325382483355669,0.5771869252654277,0.9775715755702755,0.5245130477398757,0.9880097560598535,0.10219141517046833,0.9132841787628831,0.7977573075044118,1
-0.06164362137735391,0.41587828909516195,0.9781167357372773,0.5993413750400766,0.5847744491539651,0.8298893875500665,0.29792804711113907,0.38332236532000385,0.3386351223463413,0.26894526112256645,1
0.35353095968889287,0.13944218949884443,0.6202911254256132,0.12985519110061594,0.2100262233913758,0.5668816359076928,0.4700598380611326,0.27896334474379747,1.0565176048181448,0.17522608008291113,3
0.2896891187129162,0.9818783857690481,0.7046653509138403,0.4872142809544083,0.750064968772715,0.6293657947979915,0.5950057919861149,0.5210564632925716,0.18528217258780463,0.37017660515323947,3
0.18067703620314213,0.6819129678609257,-0.29476499068354295,0.1294539468266989,0.2891462596148368,0.8985674445430243,0.8670444552987754,0.41123795551645065,0.9175809518216684,1.0220619767809125,0
0.47233377298441026,0.16253343768496917,0.24348866864260832,0.14812958421176686,0.3454264580291927,0.9054657218989719,0.9816551621978993,0.2961386806198529,0.497560764431962,-0.02789832985049806,3
0.8879976200453955,0.6793812863486272,0.5650892663867924,0.4632179085060311,0.2875700275835316,0.2267178210219413,0.28608972350386286,0.1434488610281966,0.405978735681751,0.8586833350888182,1
0.5517823574972195,0.9804009811635821,0.3390793619321584,0.5440392018860236,1.0213389880216917,0.4650711362184124,0.9773954134776873,0.1658510755818493,0.911723038392197,0.8620185651082942,1
0.5189453005267701,0.14236344964415698,0.14389793629801523,0.19188644903050492,0.19657072511411686,0.8339034961276385,0.9777857047172261,0.16960279499218425,0.4372352679564617,0.12956700386368347,3
0.26130164720959914,0.36389556898159925,0.41920411134309277,0.2869841616064807,0.49553450245677855,0.31213626104857056,0.15008343450667444,0.6436685131239657,0.15251093480789574,0.6306970838240372,2
1.0823602539492747,0.6408716138400025,0.28652550962350015,0.8438546669584372,0.6749958288143976,0.6387196742897769,0.4172020993847685,1.0494900743085838,-0.08853946589419534,0.04249197492754637,2
-0.3886142639663004,-0.4254111626743675,0.34379796782568384,0.9428650334367189,1.1372492608550473,0.5737944914824737,0.12968625863254796,0.5826911948266943,0.7298598035625983,0.2792339677672018,3
0.050048229165646704,0.7801676015586266,0.8499370698082015,0.20632552627853468,0.9741709004974419,0.5292192807292969,0.6903931881627517,0.44901066497084957,0.7129197084775559,0.5005656961444231,2
0.256049119432277,0.9831945550422095,0.6927625869728518,0.4620150593296325,0.7860590809408161,0.6104678826948085,0.6246561328083393,0.5002571826038943,0.1789294394422197,0.37552584487681023,3
1.5879901432647001,1.459095504879436,1.7292362107117087,0.37594113935740947,0.44657238544083117,0.22760730107526378,0.4409203430734253,1.9193308467669163,0.4203559468675249,1.1271560609939473,1
0.4081333655000245,0.5590368479637651,0.4085865605312172,0.1557830824944353,0.04806263285378563,0.6433502516636448,0.03687689573017214,0.6178640915301725,0.9468816889584156,0.18409964904007872,3
0.4232444898912273,1.0289693444124894,0.95055822626409,0.6978021741948058,0.7787634699970578,0.2428648378627025,0.8599230571660569,0.8510303245316003,0.5302601993976499,0.005578303042678548,2
1.3095910234096724,0.7141040425491151,0.28680419794901235,0.6912175161843818,0.44546084200693326,0.589898334342321,0.3729560934547344,1.2692665199104194,-0.1761353511175653,-0.11106687947945815,2
1.105409601390879,0.36284186368908256,0.015195826546141366,0.8903738718607704,0.14053956231303483,0.057043827831219196,0.19830879168675172,1.0078294298165518,0.6628194801824302,0.10289384653722142,3
0.4199014421453806,0.9444693248817209,0.8385621525720879,0.7872866762399123,0.9085875961937311,0.3621387796884703,0.2853335480718876,0.9511440459137239,1.2004439438197503,0.6793521612850362,3
0.14537712137045522,0.8598197084336109,1.2628889682992515,0.5336348064172003,0.670777582555528,0.5318730190363191,-0.30092476974997606,1.5735427102598898,1.1930963103306917,1.035705175787337,3
0.7401660936547516,0.5013483907833455,0.5717792010341896,0.7618656356899514,0.4889665741017107,0.928681830199376,0.6381873431822287,0.2915231020406552,0.1254902261685901,0.4121060582383416,2
0.14029854929678579,0.8364032386063545,0.6749280412066656,0.46828821594202363,0.8614377246640659,0.4022641900478446,0.4734701477400847,0.5262325110785891,0.8377657030283949,0.7430771074040923,1
0.8179388091416716,0.8728569254546716,0.7717203076542062,-0.24298854343481707,0.15526700981350805,0.3724178555864287,0.7077168170470214,0.9232667689953861,0.9722779381411373,0.745405495787284,1
-0.05267558938362002,1.062416486527534,0.9954045283989725,1.1959078076142253,0.8735861228029435,0.14066767620845383,0.40323223244450734,1.3519161996451339,0.9341220640024337,0.8793504334263225,1
0.057291774763957005,0.7652094905629562,0.8413050328916539,0.22673743829566656,0.9899033130931361,0.5387701670020525,0.6850736827132187,0.45745715224291617,0.7174420682856725,0.5014324449970344,2
0.8105757647619719,0.8021283090445177,0.5089032920349744,0.43767528807755707,0.3383121062523438,0.3485582554724643,0.324767774480033,0.1789318966961803,0.29825441997912594,0.822099346930542,1
0.7295056338815864,0.9678423435274395,0.5739825996509695,-0.25786235536363566,0.23686744283941172,0.39269265795527586,0.31342773394247797,0.6116034991036565,1.088390587899453,0.6096162900758901,1
0.8323359494342023,0.6266109605777974,0.1980806605143186,0.12728255453687462,0.03388233510041027,0.5404598070687208,0.3442098857038433,0.6988143202116007,0.41409836973615194,0.340547222977386,0
0.7559210274341042,-0.08915823451157845,0.6222271927382457,0.511224038953072,-0.37688672653658994,0.5112904736743635,1.0063810952024232,-0.15698165869407188,1.0263793326070523,0.6993925854190003,3
0.3057674978680481,0.9504207974387682,0.6206912583741222,0.44279955388932835,0.8346460535099782,0.5433989348790951,0.561128071870447,0.5734596607423419,0.25347640669945626,0.3404199963658891,3
0.05520510466713235,1.0814469687363606,0.5980236551298443,0.32858937493723855,0.8906527555396954,0.25675303016071466,0.6884846637786503,0.5690893825152351,0.7786457369262291,0.6565355838702764,1
0.007374555391722201,1.3083370807416628,0.435193804367578,0.5290365599358094,0.6195890349450938,0.3358783405421554,0.6448942120841408,-0.13067063689156577,0.5996056934730548,1.357270674730608,0
0.24675155100338203,0.389718744474334,0.6258619005286455,0.25197306772664674,0.8960768438584168,0.1278752032486341,-0.048339697584407426,0.6972815633725418,0.026760500960401,0.842237310196965,2
-0.09506875897282943,0.8406452518026719,0.6004631014310029,0.16949428875574032,0.9076735951554378,0.5616380371397244,0.43276470661755073,0.4225570331710756,0.7313252187471984,0.7440868975898776,1
0.1422178615660443,0.1302756989954528,0.4094485217147542,0.7294762168512452,0.07551170014128854,0.3612508921549669,0.5276194351019233,0.8656567502304778,0.3876162110509817,0.4636298685130729,0
0.30357825102091457,0.980183947840405,0.6776980597849137,0.4411645719989091,0.7544662844498942,0.6105131940682631,0.5671858295597437,0.5495997453049208,0.19002142933278318,0.38625717047259134,3
0.7511188011639556,0.8425988217033765,0.6434588658899252,0.2603648891797704,0.9221121062800731,0.9860096724895218,0.13083291025981525,0.41972049379484583,0.6798595506732426,0.4397479616176082,2
0.3026154712249272,0.9320210055490616,0.6028483882065077,0.5003939548593699,0.840744668433397,0.6012500500475714,0.7234406247388689,0.5461133433442844,0.12055442893283436,0.23871921822983455,3
0.6394370737852257,0.31515134066275463,0.6555117035558498,0.3320298746058227,0.6629202542283219,0.5185520331822624,0.1148932114973259,0.6469024622752092,0.4983359809416483,0.3405362317589094,2
0.30528905894914493,0.06297105350259186,0.25205355761313614,0.21815813844392618,0.4887605872602091,0.7676955789479034,1.0973680019475875,0.2796014755278129,0.42362471594501555,-0.09610383046548693,3
0.3428555891216183,0.5402275148661152,0.5288307911951665,0.44994248992292013,0.7960599814458207,0.5573311622935146,0.5186706739318607,1.1226379029759186,0.3657851443474266,0.3860319867666479,1
0.20962704630327375,0.20189844225366735,0.3690420364302392,0.4420621584038842,0.4308557645039348,0.9235965995842523,0.32054714046812627,0.3809231041644441,0.8782749299544576,0.6705727747292681,1
0.3148242319220053,0.918978998645712,0.6031552789464397,0.537335167040278,0.7240580352255546,0.629675708752295,0.7128064736806113,0.40479956159762404,0.05825993982554342,0.32046424364928483,3
0.08578725205068549,0.2526436991010573,-0.02712751429394164,0.05494543798355105,0.37848718582055274,0.1361591600885979,0.2654745465575693,0.45757011695414457,0.8203973121924208,0.16611748879662877,2
0.33389976625283635,0.05317749159213645,0.4146511065548337,0.2317241290112601,0.3034080777285898,0.5505643725364162,0.11868294745829927,0.21009158091453056,1.1327341487655895,0.5318446751880285,3
0.5892547984121056,0.6932317287187775,0.4685618359452454,0.7813328555502987,0.4859664915952783,0.9096345771184098,0.227812247146014,0.30434995863505626,-0.2774881256914724,0.08355573987023893,0
0.5425198449946412,0.8170168969584262,0.25421696470406807,0.7476002657772909,-0.07147934750860713,0.5667284492567153,-0.35224382030107626,1.085192215352396,-0.048391272349035674,0.41007300017145387,2
-0.34686045627747003,1.3142417421079553,1.1017820575919197,0.621086852435361,0.6110680497257479,0.5775968648400247,0.9019617253813006,0.8136814976820299,0.24272918170090418,0.20130429093156252,0
0.3886871351975081,0.398398502928608,0.275379027106639,0.07748490883523274,0.34951202462413994,0.7649054658802199,0.7062421387141528,0.3257844148405328,0.26452772439243205,0.13318849798616733,3
0.46595945181746934,0.08333067175264817,0.6167425887654375,0.1209575106144843,0.059253207383072784,0.6811617836475353,0.3640498576013127,0.22778278870989416,0.8370492986152929,0.1941640783974956,3
0.4128698599822736,0.7707723481454614,0.9749943828129163,0.625782227443935,0.6698021372234189,0.3914480226289506,0.7446092550139826,1.0576077752021837,0.40194078346849643,0.26589183200844585,2
0.9976908620218713,0.7314518005853887,0.6139814537639827,0.18886897064185773,0.39102345059200866,0.46325474077176426,0.41189751159839927,1.0038534467507862,0.6778163981265475,0.8030646233848845,3
-0.01618324849030403,0.22881485633143123,0.4304262998030294,0.7189581539349863,1.2669304056122255,0.022976496179169373,1.1358994463465817,1.353853610617846,0.39436025055346396,0.7045705266829143,1
1.2340942119348806,0.11276362574212223,0.6012916826845014,0.6546808133802053,-0.004412522208956091,0.7531873476545943,0.1755685484314894,0.23373376526728123,0.24867861539822578,0.7422408968356747,3
0.4805585106229533,0.8392859719609318,0.0979888086676484,0.41349874007539544,0.02750421681144892,0.9014051347487877,0.5448437428761006,0.48112820379837695,0.19584601776552304,0.8996231468346514,1
0.2539917527469132,0.3632259405885827,0.22707008625944516,1.052876768977779,0.41066057290975033,0.6476217701558914,0.1348231038272248,0.11346782506647812,-0.07149226260901687,0.6142323671411651,0
0.04153726537325876,0.47782196726754017,0.3513469589021027,0.18751180109475027,0.5023950591425788,0.6276625419993143,0.4182408732029356,0.15070008447050728,0.6988076565454729,0.4922640704601835,1
0.37746516540008007,1.2698906214998598,1.1600037188308445,0.6728529850781265,0.11214391227405557,0.28904442373464934,0.6482716284496085,0.1982294531250828,0.19313728607677993,1.0695286744735533,1
0.2665400141597034,0.9854981905604024,0.623103344397592,0.4876999368080514,0.722781908655872,0.6569325446520862,0.5781009819593829,0.5301497863309221,0.1452516733731926,0.38528199609484104,3
0.7495899810936872,0.6614895968591946,0.7927039216084933,0.5293936478556853,0.5660319487531199,0.20087352158696856,0.7761974981787458,0.5894048260753189,0.16173560166006318,-0.06097291749007888,2
0.14029046868106268,0.7572037605907048,0.5597492957321087,0.8182413081731573,0.5712103451276845,0.16787534104172377,0.9973059770172898,0.18894619828691023,0.23453488563266053,0.7480928935599673,1
0.9475949175798826,0.7050510483006646,0.4595638165740529,0.38434324542223725,0.3016112705642394,0.20530866030172665,0.221056689921646,0.23439611226127688,0.3755300652125016,0.9200510807073969,1
1.188454583906954,1.2486406278736564,1.1679675652170076,-0.19327837988725677,0.34149939839211263,0.14339854322301315,0.5159038902710158,0.4796174705257934,0.38272821336938256,0.706453986529858,3
0.9366956516955699,0.4765255550506221,0.015350798581360592,0.9942621439929791,0.046247612915408784,0.1383792292274445,0.018802697587410253,0.8841526452615768,0.7902990094997685,0.04381341922307538,3
0.25361764961177,0.3082303132435925,0.3863596893173732,0.0363955782933941,0.7647605310530047,0.9268768662364604,0.7694169692412894,0.1223750324594779,0.6008955235556712,0.2840625190848425,3
0.37125708045039607,-0.07960687800374194,0.3868354254667551,0.9031933464945456,0.9006311018668334,0.5535656702094149,0.5940498789033228,0.04938986735073368,0.3490360784998865,0.1630358226830393,3
0.6844331152616089,1.284520343288071,0.75182343259926,1.1456023604899812,0.5666348630231843,-0.1984625233499251,1.1838901575259353,0.1426681469387021,-0.005868291680443449,0.5478214936492305,1
0.05987306835912711,0.7721509698814674,0.8444359391767221,0.22073990545401537,0.9883682148480347,0.5298175534894066,0.6858207042531685,0.4616994048042155,0.7157979560360407,0.5059865423462546,2
0.9809506087230501,0.6276408767222523,0.18802883329284759,0.9532597980980857,0.618688674491134,0.6790499554779337,0.5001986734768522,0.9440404442534767,0.007410036855837539,0.051723912080076095,2
0.5212254250012727,-0.2322791017910088,0.17459854552195653,1.053421422725437,0.8081989063282999,0.3781765978406382,0.6338914799335084,-0.08937609113507941,0.38969346708300845,0.16318308420156286,3
0.44411515096722326,0.19940336108066403,0.2259420488951622,0.1859350860812386,0.29813641415345604,0.8300967932322106,0.8921470435875337,0.31137050220463114,0.39876226044706137,-0.01549310318020862,3
0.7449136103391693,0.615323394116984,0.8489205512460553,0.062496311648525524,0.12266873389458685,0.07580757550110609,0.3309776665349004,0.9050924944520159,0.9194365390117909,0.8285713148510897,1
0.5848953877353612,1.0235603696391835,0.272061451686077,0.6102279261439885,0.8925885494523057,0.40759243334709044,1.012470287722188,0.05936134007397627,0.8304841484410643,0.7567674310982605,1
0.35890166087617187,1.0144519533567984,0.6000381733466666,0.4302925073059502,0.7182257594370305,0.5868432888649735,0.7672536111484497,0.6475241521678509,0.3636527736515264,0.48249818240161724,3
0.08905923182099634,0.39742887680555194,-0.0019300694769733076,0.06686746366602951,0.41258782772795916,0.09740133626854652,0.1619731333171725,0.3481556244281595,0.9366919273900246,0.30669687720119404,2
0.42309950607456054,0.5583748751787735,0.4013068714758494,0.14640460586126977,0.03590299126115411,0.6530847749791708,0.035242331484002125,0.625794514605635,0.9221586535765065,0.16168667360023067,3
0.3969208563275157,0.14397163269943422,0.3736134613383863,0.4082728083558773,0.33033474354549053,0.39463528009132726,0.2849789148450448,0.9184898605952238,0.32014845634473277,0.6389433089599253,2
0.22527366522261852,0.48798702845894554,0.5301244361019588,0.29653079149448036,0.5331080022365562,0.6824159288591267,0.7725647005761723,0.29638012677154457,0.4311915069299946,0.5452229838732802,2
-0.31435893728745073,0.4230510978114823,1.2073852961842262,1.161495102777736,0.745091381289625,0.05720264839017947,1.5778484143737432,0.8037139021678896,1.0468378528949038,1.232569737214877,1
0.17563490770867732,0.5675642950138099,0.8324030396916492,0.15345566297288785,0.03635359545053718,0.11622009995106199,0.7831329801882551,-0.025502853287217297,1.021412956209912,0.28204851536630626,3
0.15394689265302255,0.3756988291584333,0.026641836809039653,0.06588484269168314,0.46084967401653265,0.08328661561770695,0.17399461144796818,0.36658801711268363,0.9019166887178911,0.24878883117874495,2
0.37376381483959276,0.5617446975747522,0.10296463342036939,0.5957749593721515,0.5883332241993213,0.7588200723986154,0.9278321290896144,0.8937872636415116,0.41463223184178183,0.13955574487215616,3
0.28740869156402576,0.13089322214411656,0.05963871334848769,0.4374836159806715,0.37207959238518146,0.7422376548610056,0.7736917694552479,0.31805463279551976,0.4570887706867041,0.28681904623084115,3
0.7999956343571395,0.5540813748636512,0.17533772234447034,0.863406997223831,0.2145424918683377,0.28532652134015624,-0.04841894540126024,1.0118837717461329,0.8664999225659141,0.18178328618613643,3
0.04144357357390933,0.9375812272993361,0.6663532430607892,0.3232602897031743,0.9171672933472199,0.3672150182497577,0.5905097496757756,0.6074879043662531,0.6750089224043118,0.7400949126910854,1
0.9112410426242614,0.35663108850945574,0.29093635432687087,0.8689996611346246,0.2990162407227181,0.5430522455472836,0.49367349576001446,0.8242749089049436,-0.06112378660243867,0.1614852255363678,2
0.20557976265002936,0.48553563496967517,1.0128024691069262,0.23052824086675155,0.17082647958369904,0.13438804272791333,0.9973434144582572,0.312699709772228,0.9670792071829053,0.33269450105122894,3
0.3535384532610308,0.9094544278341136,0.4149422766560918,0.8327864267859519,0.0698652894253952,0.2601728847071853,0.5338985050624274,0.3168809074452007,0.13680930817834958,0.1801968629298213,1
0.9254247362059985,0.7093017432361733,0.5397954956495629,0.47646591911683517,0.2762405335325637,0.27767761997242585,0.19548418882316512,0.14938402648976573,0.3385035712157728,0.8320234237185551,1
0.9645711647196431,0.7033238794222632,0.6529338126508046,0.2371692773245441,0.401782321752933,0.4721902251562909,0.44504710508782197,0.9627856652853243,0.6425376242731774,0.8218463308571795,3
0.14362913801710642,0.3850866131194297,0.029409374759689404,0.08074653392704902,0.4704750555580015,0.10604544020103736,0.13940948741192538,0.40678745112096537,0.9049582210710831,0.28421457958910024,2
0.02001787363409619,0.9648266599868816,0.6622824406300163,0.29338070808105904,0.9313741758265611,0.41947955229513745,0.628292291923296,0.6210956238593139,0.7110858126928824,0.7221192616306096,1
0.43746186337851256,0.37220340730976503,1.3153230273965042,0.19233454801410715,-0.48165158588462953,0.1892744302485524,0.16677257822456235,0.8551293572534148,1.5935490388107247,0.04154643438678707,1
0.9954946483034864,0.6573326261448359,0.17768875410450224,0.9435079848418407,0.6838331058945508,0.662923687876217,0.5241097901372826,0.9865504855658078,0.0808428269271307,0.009205102448334168,2
-0.09054696256029796,0.5781825843543812,1.1026216972083205,0.8102570438312376,0.7304519472003593,0.46733149483466757,0.64150718743785,0.6403313974374837,0.5938332656124359,0.6003900668136646,1
0.23776132262556424,0.4342380704972147,1.0454599473783874,0.23240548223528568,0.2684745200211285,0.14380474041073393,1.062388292628504,0.2655266735631635,0.9724000265266304,0.33211549484906755,3
0.030854649902306353,0.731266784938424,1.4681141616320619,0.22304873018043792,0.03775100696513173,-0.2842918562668195,0.11107289203376303,-0.5079957527715356,1.0510037635575356,0.7491311697848939,1
1.2234141497099371,0.4819956197010332,0.5493455227413033,0.36839462916455695,-0.160082573539511,0.5794246970158294,0.7629431528696298,1.1943614868478951,0.3299943357855746,1.0718682414910123,1
0.73157558746362,0.753977244085351,0.577621394664851,0.39437536392866374,0.20936635209809415,0.6430577731306273,-0.06824877232904264,0.7642005563129992,0.27930605651550927,0.35127164051667387,3
0.3307328100820531,0.5204681053260587,0.337914555221399,0.5225072028139041,0.4646596363082948,0.9541416715114914,0.033001998688952684,0.41918050045671157,0.3773042928114252,0.09011069260926906,0
0.5628501071293696,0.9251849421715502,1.023735213489449,0.7715308534618254,0.5450010800226925,0.47405743140680523,1.1355427511206995,-0.09012131746398774,0.19050199085424818,0.5550953653052103,1
0.31976098762986865,0.5518803518707172,0.37743724022695857,0.4745737479697004,0.41402466299688345,0.8917987935604945,0.0432617225229241,0.3660292215979997,0.3328585442582628,0.023379048289372067,0
0.059806797514869996,0.9365994287398652,0.7081799679554158,0.28427869779936416,0.9072778602386139,0.4114557099998903,0.5680327266148512,0.6358997172054642,0.6887677552864756,0.7717509370522058,1
0.9096521516566253,0.7340522202896673,0.5252217572726838,0.47109041610770674,0.27542152527091845,0.2661275304615352,0.23105098741939029,0.1285215951265113,0.37978137502593007,0.8682725640372904,1
0.18211489563265637,0.7252688223379307,0.8494928606254304,0.8047458325598439,0.618954461364129,0.558936995512788,0.1851848854483766,0.15945369800437426,0.5889483131613604,0.6601878206727552,1
0.09853051099468324,0.6380059839003238,-0.2608256279182008,0.5081814453209506,0.1636975595691772,0.37018281798369757,-0.16519682327493274,0.6671166532429758,-0.2025655423268834,0.7492641797673614,0
0.9771122975294786,0.5065416752383003,0.11430150062101668,1.0482650017446598,0.11488115180811455,0.13705007887111123,-0.03681382491387732,1.0005298028270118,0.8981832190604452,-0.07119676498085956,3
1.0144209079913702,1.1645207882487532,0.9711427011743289,0.6219128851335893,0.21626452703112342,-0.028378803483689166,0.007997330544353143,0.5430672037986768,0.3509187467933885,0.9599339252377971,1
0.19650762287419787,-0.06806667547201045,0.6660547507610267,0.3698869005686321,1.0378701667659902,0.1191671145387938,0.7801041091051986,0.37439879524915193,0.4658107681319682,1.019383046407862,1
1.2187002566980487,0.7978449764614157,0.725857198455511,-0.02319741609977055,0.46346597557045444,0.37852135064168624,0.6555162423572705,0.9191445836003604,0.8555019307632078,0.7106679811563896,3
0.7151290316735722,0.16247967564875004,0.44100496068928197,0.4542199290329355,0.07697823696938597,0.2874910552112502,0.17663094059995127,0.5491094727096267,0.5251937881321854,0.8124080912075982,3
0.5182168392526814,0.6520890742268712,0.375763962877125,0.6204167275225059,0.6593008501936228,1.018174740953946,0.8085716535622552,0.5907590860774612,-0.032632938582636634,0.3088373968471014,2
0.6557392491694841,-0.2246796193857732,0.2035683200422137,0.030125237058872212,0.6091200557948788,0.1124101508011825,0.3490032199567526,1.1121062000388027,0.027580879999640873,0.4340588116913001,2
0.3321791552003316,0.45303775531764995,0.478005468477142,0.2877346382758939,0.5725864900000005,0.7166245484674596,0.8167396269652835,0.25553377425197343,0.41700977274634227,0.5141185442967233,2
0.7401660524549907,0.5186508710379691,0.6862214330724037,0.7729599323670538,0.5758591071291578,0.43039704082587127,0.4022701736059998,1.1794901604827324,0.9640890070967291,0.9815867638986536,3
0.7758168602961208,0.5544108519639345,0.7914566232689836,0.4391341024206784,1.0032192894072838,0.0480467538676425,1.112646073870732,0.8267218926384952,-0.30108097177380927,-0.3083433632079624,2
0.3451655545331848,0.6181593110636663,0.1260058184826921,-0.2165691927623165,0.3107876637613922,-0.022777941710095978,0.16748625305985773,0.28359547293654375,0.8804277138381433,0.25733050101669075,2
0.9875410505186711,0.6254761714923105,0.2072753179884903,0.9443341027012006,0.5896321325764088,0.6909078172509197,0.5123092542242769,0.9815130726312215,0.006875209295539071,0.02253520404010041,2
-0.08914409909684273,0.1726393158386953,0.8670519171876028,0.24334705030163575,0.5956185359303667,1.2656461941438446,1.2509031565639201,0.29330712628811173,0.4728207103789316,0.3974120017824133,3
0.3128993189644891,0.9176514576596332,0.6964018689736213,0.5142444817709223,0.8265130069104402,0.6758282404179918,0.6234586776816237,0.5364974807610852,0.1645415533966792,0.3832842532523282,3
1.0356539374680356,0.5350502700826549,1.0048068372479033,1.1562367645111373,1.2130695625530539,0.8259093565371416,0.392034216934104,1.3226128762871396,1.2638302134414092,1.2192743517778004,3
0.29151146405124595,0.8395284034477485,0.8499629963725019,0.7194132426846825,0.6851216301081589,0.3196965131169536,0.8888455136260998,0.918039502988056,0.5130271139798377,0.18529109896171753,2
0.052215117524897194,0.771019624303436,0.8430521390673122,0.22603777733221922,0.9920929221185274,0.5336791050398989,0.6926408906509551,0.46655057729157673,0.7138921867159738,0.5106851411888995,2
0.177885617015423,0.1948684673603923,0.19512168288175896,0.2920857168001131,0.2764621424549403,0.9434128971650759,0.1991381370978067,0.3485998289217453,0.7055315597123233,0.5430489377497364,1
0.2153557593125288,0.4764800285324511,0.537518481153972,0.9709907229267241,0.9992244405477003,0.08308752751487072,0.9227461703745102,0.8853720487057107,0.47700097631843547,1.011964689909899,1
0.7920936047583546,0.9099586699264135,0.9793661086124767,-0.0251083869131411,0.26925849095449694,0.32108109932022977,-0.03119737870589334,0.07504354717412848,-0.05699574614251762,0.24170473099794063,3
0.4739719240354289,0.5484757974437536,0.19249384979065684,0.584748609162632,0.4814977808497916,0.6860571246522977,0.9691475584164103,0.8698193778529121,0.46835870477566766,0.22186372701197782,3
0.3045872533857511,0.4253348748527523,0.4626725278771053,0.2799094310019196,0.5787810255265669,0.6943142450851024,0.8038351638633094,0.2503384568604124,0.41446340609017823,0.4831079008510188,2
0.9348887072836807,1.0210204355203638,0.5778685257369967,0.19349709107724067,0.8669545287357971,1.1073449618343225,0.09838444668421462,0.43575280709267883,0.6759668524527083,0.6308128742226525,2
0.2025083968314337,0.4757410880927288,0.9593635882508663,0.2092678049233059,0.22663798910421035,0.08279672934310824,0.9147103965654771,0.20914359248916442,1.002082606084225,0.2478224702119274,3
-0.04801775616800111,0.6283953244269835,0.8025376020282271,0.26954798519910445,0.9698614733142217,0.5948717055829876,0.010891287117290871,0.6351555802709069,0.45872780394697166,0.5539109077060833,1
0.06931364636124869,1.0032023305022153,0.6752744030209256,0.3291518330215255,0.9358960118200945,0.3803634743713116,0.5773115853586175,0.6270350988398292,0.6730435742544538,0.6965228354860522,1
0.8016319626046059,0.3710832636709114,1.441296978458433,0.4936327568383568,0.3597761975691791,1.1034163815848546,0.060584942753056814,1.3249481838080632,1.0724049225005468,1.1192614063868063,1
0.9936181770340052,0.03088114273069116,0.03065104914882565,0.7264823081890861,1.0294556592716744,0.19284267209608613,0.6399654592535763,0.7533226074093825,0.6440647197663839,0.6590807036753733,1
0.8948926456327586,0.8713639833486159,0.7866937825482962,1.0186767748312657,0.5843730773296285,1.360578165539049,1.047538587139998,0.5190370020124491,0.5241956398476588,0.7477303025611555,2
0.008521402314467297,1.3554356425665834,1.5829412347371261,-0.7280804356643291,-0.3784726372472007,0.7615730269348043,0.1939556374313886,1.4739035817014932,0.5278528529975101,0.2504575890670344,1
0.47004767089403154,0.201876810379199,0.4683783807528279,0.3604492327262778,0.44709374664740553,0.515295521624162,0.4231621466416673,0.8251669914858909,0.2708758970173969,0.6440726856831455,2
0.11998421886190352,0.5398181941515445,0.7765392442843934,0.7770074291376389,1.3035280812667582,0.995255292771103,0.4730497106569337,0.4384952211035847,0.7990135246191551,0.525078678411018,3
-0.06431273233763982,0.6993016874983381,0.9583975549968142,0.5091493579067388,0.7997646035294188,0.6795351506045321,0.6010345222854983,0.6537547435141552,0.4505696682909478,0.2980532798338649,1
0.5715812592919453,0.2889440641787627,0.5089459598951798,0.1610964068312515,0.2878907113034681,0.5775643965609243,0.6660002111097534,0.1851715472160027,0.2572746206171202,-0.06651554647438143,3
0.16390474694877988,0.2787172688349148,0.9105192763832257,-0.10233991854429786,0.49618417317966546,0.21643151052475507,0.8281767460102564,1.1702188930407795,0.5231269194782118,0.7467690150192872,2
0.4234208587690218,0.42041677699625774,0.10411373765854767,0.5354714393259843,0.3317119559994954,0.09533466768510117,0.06974609430175,0.7860187008626595,0.08068638952927223,0.6145224576069417,2
0.5881426957926457,0.4764158224907308,0.14233356573255931,0.6086856026467484,0.561668274830791,0.5422172094157447,0.9249435908773831,0.743008643225646,0.4108982492902909,0.3721917150995972,3
0.8008231270084948,0.6306570075008968,0.9509746134382767,0.09567953266366278,0.009824655528354431,0.15241979088321822,0.48627434720147167,0.8328643339014346,0.8884220980557009,0.7218489534829813,1
0.08998196159246195,0.9369718107369169,0.7124105071538844,0.34861318423846904,1.012913398661883,0.450973204449865,0.5398438277158125,0.6637622764602364,0.6215200991842289,0.7911412442061668,1
0.333582364130084,-0.05051981854305393,0.9621240667669426,0.030792027095757884,0.7994599451688501,1.046460510374555,0.8529868220958338,0.43251201181763227,0.18218549037457507,0.23790955384155682,3
0.44306469527289843,0.6817802315177844,0.6702862530074541,0.9186832504054521,0.026274200019811775,0.11803618363218057,0.007918321297558095,0.7648545893667471,0.02647113876239926,0.7033026180943147,3
0.1368242597134896,1.0296964199084295,0.9600628634474797,0.7604640691078985,0.09257678111884285,0.30764362449921784,0.8830539530864631,0.5606905581403097,0.5755219888771942,0.10169744475751742,0
0.09022251124676346,0.6724282257276024,0.9436366127690548,0.6349291589924676,0.7133695634462051,0.6171953614379823,0.4100805312040752,0.4454636332714576,0.34398401387273553,0.5012772421516505,1
0.22844495175719007,0.1307650550972177,0.3361057299111268,-0.047378470468263684,0.10024219742677914,0.844848439176786,1.0756110472856515,0.5723882330459326,0.3324705552143003,0.021822293209938205,3
-0.20670251562651054,1.1932950701463259,1.8563678504075496,-0.4354382181702945,-0.7600087646796816,-0.4998929864041137,0.7317422648509939,0.7045123283172743,0.5072391736027891,0.5210745717624616,3
0.74283650739723,0.9354037142476398,0.5641306447770675,0.3259569607606172,0.9597885143774874,0.9814949279385009,0.05757311797270387,0.313825005663998,0.642813275522981,0.5804172720572166,2
0.09051869442584215,0.976898223912284,0.6836698097382035,0.27816530687888136,0.9119536991358399,0.35254063723538487,0.6160752693871464,0.5501669717682531,0.6883804213241228,0.6815138149697664,1
0.7814189478056808,-0.0830414006201273,0.22555333713292336,-0.04787259731202237,0.09336205084970983,0.5334756160865102,0.5068355618692124,0.865897745075862,0.6951227544228081,1.0707445642496567,2
0.4690508923250446,0.24686173106988596,0.2723021215207534,0.17983572543425197,0.3417423545872482,0.8896458885921225,0.9646897703603423,0.23128066748256138,0.4857947115916777,0.011141451292331711,3
-0.01437392166710516,0.6003812812589064,1.057670013637251,0.48309478262767236,0.8235473109881197,0.42869005365248103,0.2967904387124747,0.51220946189431,0.09261075027715016,0.49231415713407856,1
0.20334726306856313,1.2737621366844536,-0.21828566561921348,0.5005110034274307,0.5612149272056172,1.3860889766736784,1.198303888032185,-0.2472635277447428,0.5566771108827432,0.27015792621860735,0
0.13470226624754733,0.6724931465558617,0.9395200750567888,0.5839800870847709,0.7455830014196766,0.6338526023163288,0.44899875736207084,0.4595120776817589,0.3257339149815605,0.5392936679357342,1
0.05997228330824787,0.7705958647749226,0.844765232407476,0.2115795903967659,0.9853612239514168,0.5317865932540116,0.6858301602144143,0.46712076157203486,0.7257974535184185,0.5062768058060686,2
0.44843092910587984,0.730018052503844,0.47039063273891785,0.9163475104324361,1.0461711629452237,0.34851522469261087,0.07712529949247432,0.7889843418618078,0.7731925524217242,0.5410096919843193,3
0.08679375607198045,0.15727441461297464,0.3195262380335969,0.7558011381290907,0.14817449011013983,0.3424183621672724,0.4659343408281295,0.8819938175146727,0.48017636156540416,0.3885480200372008,0
0.3896722719350658,0.36314859090479534,0.8388588950901147,0.43221685287704986,0.6738071185321007,0.15166350679873822,0.8850989754468501,0.6589132753574962,0.6089879494930003,0.1450818116570358,3
0.10107978518019334,0.8968441876035412,1.1006619729855616,0.5990127841483635,0.7663896852187128,0.32425025034736865,0.6316580965129861,0.9888634870808609,0.388886073971458,0.20573365895841247,2
0.9275743339791398,0.8384886039805188,0.47850829283665813,0.3519016696619071,0.3443271218094407,0.12394588893675137,0.3065416768813691,0.09035747290676194,0.2882044070242564,0.8371927974855871,1
0.06420533632696401,0.9007897211040882,0.7764276754266212,0.7273696853172155,0.34374740929786934,0.1463645480808757,0.721430285561438,0.2186883660794523,0.6199631455964073,0.6845967026686117,1
0.8271620665017987,0.4837861873736403,0.0914079821241873,0.7876446701025306,0.9081502722717433,0.5201877864563124,0.7555732673538769,1.1366044569374276,-0.12161043161419527,0.30915888391136204,2
0.39874183321982587,0.7645866800804001,0.48028571372039724,0.7072292053283755,0.1463181995809592,0.42434184734748215,0.603019249094885,0.3809739019955753,0.01664157176611572,0.26306089398569105,1
0.3104425667557363,0.01809795289160497,0.5811753630675947,0.37515621435963326,0.43477342657523027,0.48404965908087155,0.43417148379925985,0.8220157496787345,0.5493795077479625,0.5477586124318664,2
0.5975310554169248,0.592604067065427,0.22705744538456274,0.8280797721717952,0.299179046384791,0.8307979321903004,0.03580713598934539,0.4312461997899387,0.15521484482962017,0.21490270516673682,0
0.4821406796855158,1.000958815086228,0.2831863327562784,0.5775667296646372,0.9490312028430699,0.40039739275630476,0.9648580061769771,0.09009988147674636,0.8509011743429139,0.797591143627145,1
0.5938886075845905,0.956928298448355,0.2929313018471461,0.5563433763118596,0.9786565520919175,0.5027299641268312,0.9550687882046731,0.12235717960548693,0.8919781571020681,0.8135393636142803,1
0.5374132181123016,0.4425476964725701,0.0809828397596363,0.8343112379781734,0.1158826892437938,0.6027195572644504,-0.034507141656997725,0.23405535391905294,0.33012648794670807,0.2287512341630346,0
0.41003930785747444,0.7972335058018221,0.6788114062239531,0.9238488551515833,0.7714004828097589,0.36079230311477073,0.11850981937078539,1.0437742553633802,1.1055793552507953,0.8325708934757604,3
0.888354256320779,0.7702039041152023,1.5957615887673644,0.44881703432845127,-0.5178350403884229,-0.17364720560640595,0.5293911536564196,0.24336951558320216,0.49411796593882995,1.6425468169299382,1
0.8250989009841708,0.5232936718678541,0.5106105404586044,0.737006925727406,0.6213959316053349,1.0038787862716165,0.5598677895491998,0.3922802409576762,0.1628855377098013,0.5528717587130361,2
-0.14095264370012955,0.7692029754731056,0.8851395363252063,0.4175713197516917,0.9929741965378123,0.5452124579924214,0.3458185611775205,0.5781743664093526,0.3675439141599296,0.5388650421379757,1
0.5327988686501532,0.2867738200662061,0.3754572040032776,0.1256139079524942,0.38660713877300096,0.945908614831262,0.8970198649861283,0.2982467811277485,0.5443549664807725,0.07876461238974763,3
0.0244699504735116,0.9277352926352589,0.6942831434698415,0.3250535550767916,0.9058423760133875,0.36980334245359175,0.6299964548733492,0.5556993392472961,0.6522672674973912,0.7156695757680281,1
0.37783374068740794,0.9852941330190969,0.7243418503075755,0.513576301373563,0.8762713857309079,0.6909516880310645,0.5028761213728251,0.47753439938212694,0.22043301524498876,0.3469310215303365,3
0.42595361506978235,0.8163276753299598,-0.3263165332753484,0.9015347364326095,0.06021049566729475,0.550889795163332,0.2149793771545574,0.7955927357499577,0.47364879838099727,0.928228838173205,2
0.3437073650071534,0.04778733597234233,0.5007651853152014,-0.06973222016311156,0.18878392007376124,0.9761659098521261,0.7937567359322283,0.3954619987055108,0.6814487481512124,-0.08351693070455109,3
0.6947173883705119,0.4172854829949579,0.6746282591923429,0.45580079468772283,0.6341998134630182,0.07412212038213624,0.6419945364195224,0.33403719971065954,0.06027570461355376,0.16685179200284364,2
0.8524078583360987,0.9562304242202206,0.7743729998874185,0.185054701683184,0.8062442926486921,0.990472065507586,0.2775460008136972,0.38175113894728707,0.625214364762674,0.5884664422482242,2
0.055079427077893595,0.47573491737978346,0.07439847739129035,-0.015313286033046061,0.5599099950159054,0.038372742881240526,0.06896126321367124,0.38827856501896046,0.8870548959848268,0.20618862616196348,2
0.914802967811268,1.003684564917837,0.16343305050073367,-0.2225110969921223,0.05129808930934515,0.22680095508968756,0.2663466040436385,0.9242008264269469,0.3906576958642267,0.41302680780820644,0
0.7141075441707467,0.6144798121435731,0.7680433981582715,0.27283044374391263,0.1942923594798088,0.1998452310333913,0.46788220611332937,0.9879120561010526,0.6973323556995992,0.8813551690057349,1
0.4733832540411743,0.14112239584744413,0.347209439947565,0.10045928720347491,0.39210962260355103,0.902708356001699,0.8848135218185186,0.18363524710479212,0.41229645614860827,0.07269078666671414,3
0.30722868433657563,0.2772640690581996,0.3790215251308497,0.1063222749558941,0.6771609206878385,0.9060565199058237,0.5959701106779236,0.12273155529602855,0.7213606868183439,0.28394175139708755,3
0.9062183741085511,0.8982885509911698,0.6163771120822895,0.21233424772280923,0.6056221182058373,0.6107364516819953,0.6902914616228557,0.8794239461738935,0.5012162070655355,1.0699904802056315,3
0.20047529949748533,0.46038450430843403,-0.16660192890373823,0.2552451615167221,0.30183929324245434,0.053767635332790394,0.3327677789471406,0.4623433634155733,0.7484145075090964,0.25347802099463124,2
0.23711944742154348,0.36097772055239663,0.5667588590875202,0.3618107609967602,0.7514736068790311,0.8262061216863098,0.8294354474212295,-0.0027122620243972967,0.5475482612935157,0.5876510853221647,3
0.3099658709431461,0.2523560584637393,0.023909570561356522,-0.183152368309478,0.689570534236392,0.29987369078952986,0.18330548813143924,0.35494720581480593,0.9161038320296114,0.3973302394571021,2
0.6478617177994191,0.9936493590901577,0.30657987330853753,0.38791771751032755,1.0456456265026781,0.38032208907539866,0.9813190432248197,0.09602203906758515,0.9421082184848726,0.786459620176008,1
0.6931919887368962,0.9162352490710644,0.2090991665356617,-0.007561935114769963,0.1839377627061663,0.2869279165268883,0.5613489914791393,0.6306223665607904,0.13664833671751264,0.4453369553930854,0
0.9791106780215233,0.675094050476891,0.09589155009350839,0.9995844655287611,0.6828546755600532,0.6311546958576154,0.5985334994593636,0.8676860435814528,0.06174127311311187,0.09718246185115093,2
0.3027730907235649,0.7812145986717732,0.47482970397997676,0.790752795893252,-0.04479599249735319,0.25424090363799906,0.5827890083092312,0.17628766757526082,0.19751528649357497,0.15446504777185874,1
0.6496544885305662,0.4254107461034927,0.03647506388714608,0.46170483300297166,0.3437674042109736,0.8673638757061408,1.0269443997264533,0.704835987441829,0.6449139940771696,0.1743220390818197,3
0.12173344686569322,0.9433626988973112,0.8305639140156804,0.969948811447581,1.246255788455541,0.525128980934624,1.2328808877056523,0.4491022442578499,1.0658606464847018,0.7596440783169645,1
0.6026653036514776,0.9929789098836558,0.3294469028724671,0.5900852330004972,1.003511853894675,0.5160900994345451,0.9460628230036048,0.09185962952101,0.9110538163251506,0.8287902751393488,1
0.16914161391295562,0.5442509956783046,1.0356963202014315,0.302522925464924,0.20263137845037169,-0.03788014707378844,1.0244553810534969,0.23937186223833767,1.0445541631258421,0.23054098568664042,3
0.5289191182460384,0.7228102133099671,0.8193818367540621,0.9418512772305478,0.8202153640282345,0.4395589259161022,0.17083071343000367,0.9017571432783323,1.0518086189971299,0.7597382209564763,3
0.12878730693264892,0.5652091630977465,0.5861558337119628,0.9639947359542843,0.9067866360759768,0.09429979144024413,0.7936369800833303,0.9232777089123281,0.6026840338279501,0.9863603352706382,1
0.422347180483959,0.5888356589843027,0.3752706113632039,0.11141939093178832,0.03519785794612757,0.6569453813399765,0.06131424004378315,0.6056279370810238,0.9166057987274201,0.1710910617426156,3
0.5303099911239431,0.3953118592263176,0.36193836580122274,0.17741701354555092,0.7308553550093465,0.7317641021167526,0.6896952914684088,-0.10520317662221237,0.42870588025914763,0.44764842595359744,3
0.8362208268866325,0.9334542631718413,0.6622571764838328,0.35862437296419364,1.0099854157642536,0.9548938776224383,0.16474437696149197,0.34499724442975777,0.7508887700264044,0.5690877181570692,2
0.3761172581855848,0.5040773295290788,0.4097473273351623,0.28514324610690334,0.5727419969697235,0.6590865210864716,0.9403592547662276,0.2460526283726672,0.43641686676064967,0.5888866484397762,2
0.7560914995937456,0.47187107213220353,0.6393048704354125,0.7771206749186393,0.5997236597816061,0.9296090758341459,0.6709141699881797,0.33584630011107297,0.2443595177405839,0.4728192361002115,2
0.3047698873202118,0.41352810716187854,0.4869783972708325,0.23124236432151243,0.5602117506899074,0.7024567797821302,0.7954494078599074,0.21243001404482328,0.4305940464253826,0.5138241019476043,2
0.7733882071045062,0.4014710009060521,0.030921509179696348,1.1066693406088377,-0.08820895620131558,0.22025766626255538,0.08972321406135077,0.8538603051008631,0.6953876103593898,0.07918130586453179,3
0.4760243883942918,0.4970888177800983,0.8094826228596925,0.062326315575297386,0.7096675265652784,0.8941197511206939,0.8824359434081752,0.16374522423622215,0.3061469066166499,0.620848199755198,3
0.3687805769811981,0.07432158080149331,0.5596543115978568,0.14687127517804327,0.1388827933084663,0.6953880522592072,0.3319851160459277,0.27987638984831587,0.9286774329100937,0.23080392094997323,3
0.5452843451021356,0.776528670526902,0.8248550899709235,0.06912788722521367,0.5121384031714519,0.8511411204831945,0.22883933626763647,1.0338591996522237,0.560209884858436,0.6983730999214532,1
0.004037955247142309,1.2113186337991737,-0.021505234608991328,0.47899756430187,0.6862581117909158,0.7798142717111707,0.45269287991406393,0.32949070578520845,0.18741160720771521,0.714569524790754,0
0.062125840558706576,0.9618983693178478,0.6833273542295072,0.2889913368253146,0.9436815236173334,0.37638492752805625,0.5985483084611253,0.567845263920878,0.6719756239531542,0.7005136170041559,1
0.25080585189412213,0.24573038402494096,0.03974144367007362,0.5322986100003405,-0.026204629805491764,1.1883405229021875,-0.24299409166283698,0.4740477876162115,0.09738038010488895,-0.10457289675625425,0
0.09462810523351567,0.5670351223406106,1.0380522019470246,0.6171271206077255,0.7829686670204736,0.7042992167223732,0.3567008710000398,0.39184349647938366,0.44997747466898813,0.4689886017115879,1
0.7778770701045732,0.9379785532975065,0.5689018602687048,0.5071677461297425,0.21297029871108092,0.09588153751027462,0.3757449506308226,-0.03531320261112528,0.3197372468178464,0.7439899210845522,1
0.9841123862556757,0.48983125068036915,-0.015895571667795073,1.0780240010207804,0.13025308798146873,0.033967781811145695,0.09663171334767855,0.8396109684336793,0.7811607485011796,0.12154801974936814,3
0.18148964388663513,0.42373779522893645,1.0004470277186113,0.22570346928844523,0.1767400101027892,0.045999929328858456,0.9630679013962528,0.290220189379678,0.9276657483195979,0.2499239822641494,3
0.8893018569511937,0.9042546551926238,0.45533866100019554,0.472235878366512,0.10850118084392016,0.2964238447623103,0.32642363194971885,0.0952930159744657,0.43379699762832596,0.9408122304971062,1
-0.4348959470454874,0.7587046546683212,0.03488093264240033,-0.49776119242880956,0.6494395920645308,0.9571308652592463,0.3006253358628186,0.3010403885288338,1.33885414630632,0.588028004073992,3
0.04443604954844686,0.02009549387753924,0.7979783048762613,0.2894108465183932,0.15138267281886336,0.556668255346675,0.7073289907412446,0.6872442020160772,0.04356613361338079,0.280530297973609,3
0.7708339680355955,0.7143510426817797,0.4313919466729259,0.5277288769611914,0.40065019682653336,0.2307239739318165,0.23986868768139663,0.04056194011292949,0.5042298763721668,0.8294310006379225,1
1.0851901214210562,0.5518895396612336,0.5525033612514303,1.0918664407670866,0.7131035391052818,0.393938916297682,0.42600979652214643,0.5655637288257316,0.4052706667761441,0.32235133055419385,2
0.05784045606157379,0.7724330821682298,0.8460341615337252,0.2204067638350143,0.988778247834325,0.5280455552773868,0.6848550440449761,0.46407452601529237,0.7163510474670833,0.5037596141489326,2
0.6466336058703552,0.6276904254723442,-0.2515573331529382,0.9961372255783026,-0.1886104236258226,0.8965397871778127,-0.27577713626937594,0.776498838422852,-0.06741421251523366,0.3220135090752069,0
0.1430824315733702,0.2479463763597336,0.5326133551028674,0.3997830635856588,1.2031582946354105,0.1923923099118547,0.7716988731295268,0.7054346050561681,0.4672292974797196,0.725229239331968,1
0.37590287346413886,0.63419915433926,0.08531095151121602,0.9638243784611921,0.3078323531436511,0.6886928222490443,0.036466132724925916,0.27494224516759197,0.26834198304039647,0.17043834139336236,0
0.4964812704120651,0.18305629994522757,0.26475024473423614,0.12512163018169153,0.3806861285487565,0.8403599563971573,0.934053550903697,0.27132118965092067,0.46958950224529966,0.038373886278875766,3
0.6164629634190627,0.9380807404660082,0.32684373647006293,0.5467089577022748,0.9922407244300683,0.5007926780568995,0.9814740449785948,0.14386410589628368,0.8650840605315568,0.8364769151222198,1
0.7406886329638663,0.2989755859075862,0.388816263383721,0.21752355193706002,0.6732791421037951,0.6088727729238218,0.4859928391306794,0.7789537117069392,-0.03962010577249803,0.7569130139308082,1
0.359454169350902,0.5608372540032841,0.21568425733789764,0.8331764561392102,0.06600785416640115,0.6479341293009956,-0.21842418535117797,0.8155572786703275,0.2870829209143663,0.38905339628070046,3
0.7320821516423134,0.7723921019236585,0.4358255279873454,0.6407511515302857,0.26456518933650786,0.21200768092648997,0.1699853203514458,0.056304711611051536,0.5670020902615689,1.020921794738482,1
1.0221684989111646,0.7635689703370904,0.6004087745066472,0.27432780285625413,0.41028659529658,0.433858326827527,0.4189429572145849,0.9131566623178082,0.6010674697449455,0.8385185572837686,3
0.30864655680470676,1.038149534874717,0.8103221006942469,0.6534649790535549,0.7988478389148699,0.2710524396606019,0.7584482906010748,0.8812991177009083,0.6066813634182576,0.10321058390761123,2
0.7915834581989875,0.6547442092001857,0.13939769106397962,0.14463589850311145,0.1020997620365388,0.5823979038180932,0.42084922848010875,0.7112751747662723,0.32603040695420077,0.3507849758191421,0
0.17881338281250608,0.166830842051433,0.40579352331525304,0.6868962026406042,0.08936535409016555,0.4231385393543065,0.5827194827462148,0.8538250789733041,0.43037851633474017,0.41557265076881167,0
0.4629868569254939,0.508352237134829,0.17104332628105037,0.5507730038000166,0.48148194906076724,0.6564710951895865,0.961119004419038,0.844431718654385,0.4175388535339512,0.19070332365179168,3
0.6638848690482627,0.23899472660318122,0.9920409995814287,-0.054603119619303614,0.4039302734313439,-0.39466156387698714,0.8423009535743178,1.272137532570788,1.276963975004716,1.1563395047952925,1
1.165596805696251,1.1348380677763759,0.4337377087063762,1.224038617005417,0.30968800940606156,1.0971525090558718,-0.03699774819205229,-0.06297631258063813,-0.1714952217182163,-0.009760223198210183,0
0.5930765013669242,0.4444379760621795,0.21890907541087898,0.3112675419058557,0.4390692656274605,0.8892417633814785,1.1671026260151962,0.23632421265729459,0.3236743845612102,0.1859775705816844,3
0.4599868831987146,0.5428377478548134,0.46403831490235514,0.15434929502539432,0.09025802275728287,0.576347850866447,0.016814929347078213,0.6891920712115797,0.8998210121593158,0.1561166327120312,3
0.37948421115100667,0.863125834003854,0.4688591186147007,0.8186990128746326,0.011473237468990306,0.2540978791838046,0.5869403851517383,0.25976821837366554,0.16216642657055585,0.2187511705746981,1
0.12692116236167258,0.4102730020448282,-0.029608890136635514,0.01930413149555482,0.4768760600554787,0.1035928400003308,0.1711502975563441,0.39504926234518856,0.8772451701953727,0.29846412072168116,2
0.46523202508074113,0.9292615552069602,0.5424272918965761,0.7827319496242157,-0.01719235319525675,0.35973575263190266,0.5592004588798406,0.18234371285253115,0.13086429038019062,0.20253072300531028,1
0.41772408697088315,0.6279417086957184,0.9376493094580389,0.45935204583896344,0.24970264083190216,0.4958829882885283,1.1658817570435196,-0.3765757625583399,0.0056361989017292835,0.39448837380264307,1
0.9024015142764832,0.4986816112315729,0.39049412673235967,-0.051428067762515794,-0.14630292435258851,0.4519849084745968,0.2800126880407263,0.5374665925204325,0.21128021248691578,0.14992844922009552,0
0.05414875204518482,0.7719192680828644,0.8417517124099152,0.21673975587678931,0.9825318331656557,0.5299722911932546,0.6893833376133215,0.45931130675663157,0.7209932463854767,0.5091414885715835,2
0.640421075521451,0.042889728306064315,0.7698453441771547,0.13093706777655395,0.20121410306966647,0.6189865498516987,0.4506673551698921,0.556969513826395,-0.16789922373401597,0.44407847267473155,3
0.4734537320911039,0.18870168911151447,0.509571155531253,0.28370520816839523,0.4291148330319435,0.42232592918975653,0.312854644249942,0.8082247557343316,0.2540459243969733,0.5858090239290942,2
1.3908125864978396,0.11764083717992624,0.963328475948706,0.36531432466081026,0.38508967247631104,0.2958422059851552,0.8913291733285156,1.1858036227736168,0.6195874904218381,1.1572970452780051,3
0.3360843777784791,0.8429301117621902,0.4181238732888623,0.8057022378679944,0.012428165110565072,0.2987292277284513,0.6030365958709882,0.2522604586480973,0.192058373633928,0.26379766333620225,1
0.10839031232265244,1.0079964096524472,0.6856542320648841,0.28469662727050343,0.9439652585406172,0.3338059891143567,0.6218206275751712,0.5780962771281616,0.6818086151345806,0.7435503911714411,1
0.728531025947129,0.6320216487819776,0.841976815147516,0.08344686564877486,0.1252485566964216,0.07879094631951404,0.3405170339043232,0.9115251727297502,0.9018146499248152,0.8488835517328289,1
0.23607287515322703,0.9282856432201232,0.5844400840052184,0.45154400889954627,0.7214056577969755,0.6518226632556634,0.6006269560587535,0.5893665847079251,0.2753807855635475,0.44479495085772874,3
-0.056824194438967524,-0.17176001783233974,0.26415772798320175,0.5496185636285282,0.19733969857757672,0.579238005928592,0.9189339773115048,0.8735654452471503,0.07431365656586841,0.7731701287243745,3
0.11443180768810458,0.09132547326037459,0.3772846290151747,0.6985957091850713,0.10879623559934876,0.37081836077887037,0.5105432125057078,0.869061896793441,0.41731552949492123,0.4696744598912821,0
-0.015341011134416084,0.9406647280668059,0.8692568201384674,0.7963555786799577,0.08478531698527413,0.22198001571884426,0.8799815496455664,0.49336529063289847,0.6272064133100137,0.15068578571615865,0
0.6961061831549485,0.9461396792909049,0.358903428193058,0.49713796114868214,1.0090742284939649,0.40318394353264286,1.0371589341761882,0.2594959896484027,1.0021534334190392,0.9937119655546477,1
-0.2889103568105499,1.4251188861321848,0.6909553770505958,0.7913941252479804,0.3178270153772652,0.3170108613588271,1.2394650425302407,0.5335423684911693,0.7630258274661842,0.5122317912661704,0
0.6277741341413713,0.35542479366349866,0.6716662108985397,0.4042202025550897,0.7811378975036317,0.08867760181720906,0.7886438881585762,0.296435006736861,0.18013540950966486,0.18001364210438153,2
0.09485752534312464,-0.1970753184516355,-0.4020598422397601,-0.15917870590739996,0.6953201488909254,0.29581270467898024,1.3727426463007641,-0.08405117682896804,0.6461654797750428,0.8225364338743351,3
0.41973131833678123,0.6164151782901872,0.3577781582330166,0.2117722053275941,-0.028876105117147666,0.7029249924955134,-0.013507532628032393,0.666645675127243,0.8727990966745297,0.18448338162888364,3
0.3405066352895682,0.3915847977828749,0.4208975527699411,0.34969566266096896,0.20551118032930163,0.9812354768904357,0.9147788957402684,0.014056549478649566,0.5155931648943093,0.025446969775667086,3
0.5296737547898822,-0.09184060514081327,0.7896924021897019,-0.024702598875278647,0.32292761180103613,0.5463427256388513,0.2424232319617388,0.3353968162544012,1.0010489774579898,0.06292796312171,3
0.4918955986244081,1.0526776936485913,0.2153117236696515,0.5656814935012123,1.0336401577145828,0.5820952570545326,1.004454521350208,0.16456066845657474,0.9166975588927306,0.8442707770680175,1
0.463624138391148,0.49502144599139936,0.23668411372255493,0.5444867637409877,0.47959951704944864,0.6235168223503187,0.9145691813035547,0.8337991152614339,0.44310801014756307,0.213540766375265,3
0.4160148804606462,0.08161617912732479,0.5237067928320884,0.4313230744672944,0.44109248022846026,0.5148223253830922,0.27286312657524137,0.693482821636933,0.19118567613897325,0.642763987213102,2
0.7127080282086612,0.867401133212228,-0.0638047681804535,0.8212774409704301,0.07448867832323175,0.1308700154015915,0.35890988231044313,1.2145664182405305,0.00653345350404938,1.0583403762419807,2
0.14079856129124274,0.06594799049137479,0.5612190839606058,0.8717790148706869,0.8919221542381521,0.4227154650571896,0.5535579799442985,0.0614939819904755,0.2914596740238271,0.2879932454657881,3
0.23638533211329116,0.8482772070296338,0.7721733197976647,0.5557658074801767,0.8435036082337919,0.6723839959336665,0.5100885420196158,0.5091238328076263,0.08347931514878873,0.2973477667011948,3
0.3714652758214411,0.007917623463122123,0.465300611836013,0.20735889102756327,0.09650356455400452,0.6796984157997217,0.2058115954485801,0.3687446601231069,0.8133742630625422,0.34271775697111295,3
0.3367654658523704,0.9749468342731891,0.638444100142052,0.9873200597333834,-0.15368021932551187,0.4976907338909343,0.4916676427044145,0.3715625297887063,-0.06342868362244822,0.1641917751377328,1
0.13675990568755536,0.091307880396058,0.3775063224278181,0.7259427676904878,0.08824128826043519,0.3902787956424713,0.5386688628721354,0.8502041798292884,0.420769590921631,0.45352749647253787,0
0.2680551577179615,0.9490325515720085,0.6683033895331245,0.4521764246542918,0.7826017846448233,0.6496453835082664,0.6250265657016368,0.5038671681980764,0.16911561417386542,0.34093599580948936,3
0.5483109734356597,0.12814402912029937,0.30334162195653325,0.42136770440441546,0.38826194330719693,0.6048152782125257,0.2856463213521223,1.0849375243604469,0.2104539557417619,0.7041205527990544,2
1.4742549146862323,-0.11945716030255715,-0.1998717941606557,0.7353183450106127,0.20680795007059943,0.6468867021554128,0.2744019850231276,0.7785752420165446,-0.16817007409092988,0.9892472186162837,3
0.3836876587840908,0.8346802055393541,0.4762276808735307,0.7724066158380087,0.034117029953759086,0.23371311705642084,0.5532275142736627,0.25018401396325246,0.14393195722122307,0.2296128517998219,1
0.2764626589494256,0.9626657628426023,0.6799513290342458,0.5092978699540656,0.7941502357379697,0.5952029353448831,0.6412631468098768,0.5033547609096702,0.2116122014296595,0.34492731791705883,3
-0.06691319931100279,1.1454501256508778,0.3262035667929471,1.313187273755603,1.787789856666623,-0.6037489019159464,1.4585025384811774,1.4305740543437786,1.2343493997248318,0.08366480136105081,1
0.269494994970523,0.24036721669909156,0.2752379444309211,0.10216563836014206,0.8314757784666986,0.9922646792038283,0.6902742177423192,0.0858169781421314,0.6183879790312422,0.36023184288644716,3
0.05391177368503085,0.7748190519377601,0.8484487902934464,0.2229305816863057,0.9890094138427142,0.5309512246159385,0.681804294781229,0.45791082157441726,0.7203846568182847,0.5093749977090181,2
0.8386063859842607,0.18110189033777777,0.46301557515396896,0.11751966369073844,1.0823326477897979,0.5004994256947726,0.6477678558880873,0.7510241874865414,0.14133611048298253,0.7907619773560421,3
0.4466371653717506,0.5462737145789828,0.18580939653314063,0.5797657533011507,0.5015087424424042,0.676432957243173,0.9631540408365282,0.8609771865088803,0.44864091616860324,0.2145664964524566,3
0.3074717414063257,0.9420612845479741,0.7360415938229723,0.4541509340411894,0.76920364213682,0.6162463176808759,0.6724867579254586,0.5858309954143867,0.217116505439386,0.36060924800363664,3
0.6976998354827415,1.1500244821367611,0.04572550403506209,0.6745979525249098,0.008022438060058423,0.018173277721492687,0.8244999973789824,1.4336384721552191,0.7344120507041704,0.05994816093115245,2
0.9011551156985128,0.7382924004831944,0.5183637075724887,0.45910426135341786,0.2769189775553792,0.2670666012822025,0.22919552358844197,0.13512310419032642,0.3650970072832298,0.8606208855300721,1
0.536565497167374,0.7044613563204698,0.33932734967712613,0.45634850130981963,0.19656510666461757,1.2019303926985792,0.26234019103617606,0.34268973392346824,0.03388717631002153,0.33004590219707086,0
0.08592493034068946,0.9455832337968262,0.6675992126931769,0.29076333620437317,0.9266810781962166,0.3986232634379632,0.615024094728591,0.6016214411150679,0.7022453031889484,0.756184302050035,1
0.5312603197225104,0.5513051116731997,1.0043453542508194,1.132418757448182,0.8696738699709057,0.14793759055875544,0.29503107738634,1.1416069785143403,1.0652136418637603,0.9669606359128173,3
0.5058198627282988,0.6107755076344714,0.524618787444382,1.0109260932142816,-0.022949123029269103,0.04479889638250231,0.48382904812298627,0.24081412013986428,-0.005545596567445604,0.20475652295043195,1
0.31712806996684584,0.42395779097540237,0.4561822858309286,0.266598598325303,0.5816226641623198,0.7011485389053865,0.814415783803219,0.23809581739504607,0.4148599816807379,0.4913667197595436,2
1.0657465438752773,0.6809581180648581,0.23219679519844388,0.9404270867190727,0.5592803860229245,0.6077517169856003,0.49569319885680113,0.8989098960261984,-0.006367188892268411,0.001308676812829701,2
0.41532925682739347,0.3713740003662601,0.8029132102665887,0.3778657806973882,0.7053825849665257,0.1754605519525667,0.9403193675579948,0.6521034222625198,0.6116824987433264,0.09782757013291726,3
0.23012392464236558,0.6628957803752689,0.6122721772907115,0.5513290523995293,0.6731236659213788,0.41963822091765246,1.0919081026959063,-0.07323435777737583,0.4626186668051172,0.7339655163672036,1
0.8975349026526823,0.7173205477665964,0.5116227280075859,0.4555167110476983,0.28255678258514094,0.2539379590826299,0.2462831221937943,0.10662672858763124,0.3716553844227167,0.8591062409677745,1
0.9354564498147576,0.7487254084002385,0.5243432535461974,0.49490090315146085,0.274632397090767,0.20809980032699626,0.273106172883524,0.18819610533681572,0.3338755858580009,0.8637012105700997,1
1.2255845736325996,0.8214348322394065,-0.07311367175225292,0.5348091761766118,0.0018647743083587583,0.5002782818903088,0.2824690583420629,0.7151807007732127,0.13827873924305323,0.001685341563409437,0
0.7178847997111868,-0.12368476645411164,0.15837423152414604,0.7642170934647896,1.3256789175883257,-0.5226461768134594,0.9592454486698729,1.1935996913272133,-0.12345348765566944,1.2256958750002327,1
0.5602590220250644,0.8145767367294384,0.7562041047296394,0.9653232357562961,0.8250545846262819,0.4055807375136416,0.1297906361096696,0.9394149702564022,0.9045442308145991,0.9061594317861347,3
0.5034698190249199,0.1797235649061589,0.24232311740746218,0.17601203759668366,0.3586744063873033,0.8449583978117337,1.0021656503263106,0.2046308978626714,0.42592679662718774,0.021913718862268526,3
0.5140697705959105,-0.3312566031198062,0.8611812650119858,0.5501630155209135,1.1516534134294287,-0.2701944771898987,0.9182526577411211,0.8843280876627957,0.4029465957845491,0.9993040849574931,1
0.871448398429552,0.6458305332293973,0.6333534464203893,0.14896254230299705,0.41340141528430263,0.4246850842910464,0.5074915632517205,0.9974220521577066,0.5875600377224495,0.8016164732467459,3
0.07847241408770125,0.15734964120369616,0.3091839879956531,0.7162744535070505,0.055936911802358845,0.3148633841482123,0.5862995357897077,0.8163721422246702,0.4543049766166394,0.46359585299176115,0
0.5470836899168396,0.28777864822088195,0.6479812335589428,0.43441066468067674,0.33100306712757965,0.456182971295779,0.30608796678131067,0.6398611006330654,0.13204601860993287,0.7084253322191585,2
0.9110428335330711,0.7348275251239151,0.5274688162003963,0.470095358040828,0.2735527547791062,0.2646668610960311,0.23164124007868606,0.12931626599122106,0.37967348533229994,0.8666918137911457,1
0.4879538017114073,0.12912666086363161,0.4245213914486766,0.41582367609840265,0.5304993208727685,0.5785371615042495,0.37305823421095735,0.6922214361544937,0.3181851195540066,0.6877562276862415,2
0.01878360235045866,0.9723621564317931,0.6823041892492128,0.2792671224781668,0.9792642462236975,0.35834427022119225,0.5716669533357919,0.5596342030730836,0.6970549009166653,0.7510895610823854,1
0.629159568864307,-0.06411859157472188,0.6690019226085476,0.31248360047953483,1.0054466463624374,-0.14642955033343497,1.0516143300522722,0.4228016409032572,-0.4080505482596009,0.4983043667462702,2
0.9459226172939449,0.4212127383467788,0.44147085781534245,0.4868830122482636,-0.004428299895387969,0.340405134875332,0.03908503259057641,0.4066458501387658,0.4514897611409323,0.3862417560872462,3
0.9374604691785864,0.5992524027417595,0.5785934349766542,0.14186820402262423,0.3628277489072215,0.6500379945225216,0.5374521491581179,1.0688852798023374,0.7978052285721566,0.9615079935276163,3
0.3797951019392657,-0.08333646535072031,0.5205982364140337,0.1537156975567163,0.19130152373335757,0.5884133385222614,0.1607225677436729,0.952949669672089,0.0566512157502172,0.3399092424428034,2
0.331177722480034,0.6105406287193065,0.35047066952820405,1.0465408173366715,-0.12341477561214648,0.3012712892098464,0.1233009315124369,-0.027341631108612874,0.18530931799901182,0.2502483244075889,3
0.8406939462753601,0.6357992806705948,0.19124823655571777,0.14060274140497206,0.025298678797111576,0.5348835253796197,0.33865328904336917,0.7022348565304735,0.40169043618105077,0.3497056994699012,0
0.9148620812378073,0.47529400758330137,0.022766793216035447,0.9953031341262385,0.01574192858114993,0.10758954238610495,-0.011093741883642875,0.8812543971887468,0.8131252976433375,0.03265888379942078,3
0.9312625599575699,0.5105912300529497,0.10485068953279675,0.9605582987596484,0.1034572164759713,0.09962074620601541,-0.0006924890547780685,0.936139631008037,0.7186326720815506,0.07117189894816117,3
0.9301220332514041,0.07736780512277995,0.3464141251169318,0.6746000011836792,-0.10173938373086933,0.5073775101682986,0.2992686382358973,0.37480527266320174,0.4280556508493233,0.7137325223645634,3
-0.0032897665059487824,1.2992366545212244,0.8895644724462837,0.4444229690886279,0.9480030406031107,1.765676443861997,-0.02701597208727957,0.6630415756435969,0.8112768686155906,0.7125350913437754,3
0.3012230144125456,0.7265767484600878,0.5902005780883044,0.6884030025440773,-0.09511796974158762,0.3791478310325217,0.48627275838484046,0.23749882468899222,0.12412797682983365,0.2341686604635763,1
0.4644645145930898,1.1406559815913175,0.737636630372128,0.6301680891616652,0.9221758373270069,0.4624525462140361,0.7266017630840513,0.5755691019348076,0.15678204054317058,0.23813587227843688,3
0.3657041299459317,0.8557009569157464,0.4459995979496276,0.7534798149697471,-0.049395140120759226,0.22765492649126762,0.5705526935783276,0.2411123615261399,0.16301318742127877,0.21153648683903561,1
0.5832921017915783,0.751406999084875,0.6867574519042604,0.8679919176313027,0.9258950244556314,0.475118012516293,0.25620022154798294,0.9995424565560654,0.9567962128843146,0.8187303712342278,3
0.3782594060481173,0.4749481654180008,0.3732060668842773,0.5915063380133126,0.5191799270993428,0.9207944006293327,0.06580616507652501,0.46052694346364437,0.39540274933692054,0.15247918787218365,0
0.07776846828157313,0.9789216960255107,0.6664444155279668,0.3441917303268112,0.9009926673870832,0.43653557702622486,0.5870636804640488,0.6179293035004519,0.6430929176151261,0.755676066929873,1
0.04349252561401346,0.8535449093425016,0.7834910980573797,0.3916175368610141,0.9517803058245247,0.39073593083930064,0.4810935778222345,0.6292032653770364,0.6258339167569564,0.7785340632656569,1
0.9266840994962391,0.8225512756455271,0.6384067814646012,0.39766315644524375,0.2029081052247335,0.3069753737402979,0.29849691690866553,0.17212810226159708,0.3240390085269164,0.852434299701452,1
0.32344709778419944,1.0016002264523463,0.680697523504946,0.466416509295715,0.7550826430659466,0.6070884034939945,0.6454654431671037,0.4643971722689756,0.2297365822265647,0.343172745193511,3
0.7626220102838238,0.5805120714689547,0.5823253728294788,0.5530279531818959,0.1006318500812871,0.32806731580106396,0.15946344201270862,0.5643048469963878,0.3729293338514759,0.4206913255811399,3
0.5448336818810459,0.1703055866879005,0.47004804201961553,0.3162700882329838,0.4035019954790725,0.5080120118587402,0.34280142351627235,0.8306707805063728,0.2830577250827103,0.6113983771036312,2
0.21572608151936734,-0.014504163976915424,0.4363736030259321,0.9389599373902128,0.7970883036374914,0.33078950791763917,0.641429054769769,-0.048792361596706316,0.34535779605907874,0.1665326666971621,3
0.43090866563934954,0.49796641686240084,0.19642866974141485,0.5553573198325424,0.5396400725389316,0.6291806596994228,0.9895629260870537,0.9186067225276244,0.4681389583083151,0.2485403417165112,3
0.4043518839173618,0.5631441109186328,1.08227232955824,-0.03727321125903442,0.06926421641876013,0.1595850302832797,0.3006132314678284,1.0558698927880712,0.8429357249857625,1.0548616118467375,1
1.024194386512572,0.6624753941289934,0.7875283114966966,0.012274299593505664,-0.1413878620379206,-0.28557747617293505,0.506831112729349,1.08467565523854,1.0049835466268389,0.5162601459521474,1
0.7437286500762729,0.6387270546772669,0.8423959801292196,0.06811002487672128,0.15152465148758035,0.0721529368509288,0.3269993850825561,0.9136461515134404,0.9052981440743036,0.8508617102414109,1
0.8230314081890193,0.6090470700484335,0.2904260842568256,0.7717712124604693,-0.2828661528821739,0.7080060328134483,-0.10556816763915439,0.26745640407200966,0.3724219681590098,0.6183131265631557,3
0.2525588866040502,0.08349371674632351,0.6781708974683965,0.4079911271808531,0.9850580837334342,0.006665849345275254,0.905417450757462,0.4913466455329352,0.4158677313636475,0.9660773721579723,1
0.8520159107426455,0.6164630661122683,0.13802880274464852,0.9666985335711561,0.7068298462086098,0.6847478840910045,0.5530213770719083,0.9591273206882208,0.1710072330575476,-0.05164624136795279,2
0.9755806505442717,0.9853776949641196,-0.2351533365665841,-0.18596832238829025,1.0859581943743435,0.07453234921212637,0.026686463896064216,0.3242413669977632,0.7424320888725837,0.6016791630624801,3
0.1922109280966543,0.15808726751309707,0.34074648734437935,0.698929950176174,0.04433131924581527,0.4209395208640869,0.5631402182105196,0.8704601039396088,0.438014989616561,0.41411723981472653,0
0.1890584168859992,0.4070561338205071,0.12219608578250772,-0.01379569294438883,0.5331149290788864,-0.06716660383699113,0.08113341887566944,0.5246890555861066,0.8457196987224276,0.34764965585109486,2
0.6718735622383205,0.40005717557259723,0.61181174742802,0.702960259439385,0.58225839336212,0.9365002715136417,0.6109041695618398,0.31261263762570246,0.17951600876136964,0.49408717322859125,2
0.4482856308395139,0.24078816927148503,0.29807406607358444,0.18844109446703092,0.3755484914407729,0.8101277405064726,0.9437273101563639,0.28958985485625344,0.38862458700326347,0.0007555940468395306,3
0.7349454147120977,0.4134733756819192,0.5984625264102741,0.7442937828840149,0.549632046631064,0.8923190959494681,0.6345121495854321,0.29944650339507467,0.1875223819293846,0.4330796488354588,2
0.9078946503351213,0.7440474674368971,0.5368586586968991,0.49226888112281075,0.26169064237855216,0.27239851015277466,0.24907050764216782,0.12155020176998277,0.3858695433770573,0.8738584590005921,1
-0.14695358918301174,1.0811034444407581,1.7423738354601754,1.3725437412919614,-0.6037345940059525,0.8267942543075429,0.9134796334915407,0.9142285686371361,-0.03669991811317108,0.924369259677442,0
0.9435903189759436,0.48151344135720536,0.024042665020709137,0.9940462755771927,0.04536840331270817,0.13789273443985564,0.023427517090687647,0.8805199926916271,0.792381628272894,0.04471191692608032,3
0.43051406388911734,0.569313580605477,0.4019494157278314,0.1411896358122984,0.048122140448755304,0.6408438480151474,0.025840134824703768,0.6347911655128609,0.9377654815900998,0.15861639288583657,3
0.321239208654611,0.42549960608159415,0.48899289763594833,0.2416174314442769,0.5576845732528345,0.6796246751758026,0.8477052771443335,0.24467385717243448,0.4081121499149126,0.5259252461777837,2
0.9535148112497138,0.44167914900254684,0.06607650805790637,1.0094202883994534,0.08249875244932861,0.15027740143285184,0.004069358768647495,0.9000465697399788,0.8352804080628818,0.07319542344983106,3
1.0503279820959475,0.5624727132313991,0.006900792727593783,1.1091420471970803,0.09033783005824896,0.2557164849808363,-0.03948841339612692,0.7925279612050985,0.7518630824779095,-0.05274779183610473,3
0.4200445072569188,0.9030532468217882,0.900363974798889,0.4611991264609475,0.8977247240060049,0.2415127537176807,0.9033447587120534,0.7713500040280921,0.62330402126988,0.011785177708005301,2
0.22821113777235044,0.9380808590659496,0.7093551150644366,0.5028036072589175,0.8108485376836608,0.6209369996374368,0.585916793982315,0.4922861012229358,0.17486067292985794,0.3857024077916996,3
0.4247451373736346,0.41992035681708495,0.10636174323086031,0.5362532084657794,0.33321392595117943,0.09216821510807285,0.06739394660196125,0.7867720971605862,0.07746394697626094,0.6126690448332929,2
-0.0500519565401325,0.6169299335491463,0.9324898449682213,0.6976859575829613,0.5933105121100666,0.7786275427111493,0.33510123325335817,0.4661429090970402,0.4086908667587118,0.5972600323057603,1
0.4708521797869762,0.21265322202087072,0.27444978043622253,0.16039839908083528,0.3709115344592535,0.8492157295816354,0.9499952310644314,0.2488417111347703,0.4598345774631349,0.028247407303419386,3
0.6130868943931013,0.10193981692430998,0.6169994415152025,0.2564709935411277,0.25226764036110705,0.6082531727856958,0.21058075383097993,0.83067368537955,0.2040744638667438,0.5547930107340098,2
0.08064081432818779,0.4855206093293377,0.5856462251683487,0.31140845670109796,0.827317846726768,0.9856348735058439,0.8917766735756766,0.19606115660109466,0.30448126295803396,0.5826341014433172,3
1.0194920522620607,0.7027793650961155,0.6559780210092666,0.46206719910707045,0.17096252368441817,0.14249807801373265,0.2548780938477198,0.05140535703752473,0.5432279011344773,0.7120547886808348,1
0.9633868403438209,0.7670430293310515,0.5771835870432431,0.46705833686411646,0.33466686832598386,0.3116585823661224,0.16790791227084007,0.10811946004050503,0.3908635221876215,0.8706578530814286,1
0.18446895246624806,0.48365030655733215,1.023398686933673,0.25483186156982646,0.22143851410679177,-0.026306852490787763,0.9236645863772355,0.26890446291778597,0.9611200226640961,0.27739254154627535,3
0.4780771069598657,0.12498014943230693,0.28835980528721616,0.2508105618670318,0.3191462075543676,0.9668614553308839,0.9801660421051663,0.14796138398583927,0.37404606002893503,0.02909733893088777,3
0.4354360857683965,0.4630859708092783,0.29970033120861905,0.14971844569313422,-0.06685247517070309,0.6942601557974284,0.03763753285886685,0.4952784973661847,0.9772056861386581,0.02898417118910615,3
0.6247759699397161,0.5793386064813714,0.26457326116151797,0.8776532362237428,0.3213724396391097,0.9558344317316426,0.16598460679859575,0.20757565629772934,0.15880017639728686,0.2293984593847765,0
0.1880565331419149,0.07381052458238335,0.42240994058742687,0.7128969849330631,0.10707536650406443,0.3329772356828165,0.5188711101675288,0.8277767249339294,0.4543776183902009,0.46806959951311244,0
0.1517190608285733,0.7829094493035635,0.7822492227992529,0.6672392357656555,0.5768893797035625,0.4739834759047351,0.34484473664754867,0.5467383436618823,0.37414577186528264,0.6056159871775727,1
0.1653458148236464,0.9245337347818352,0.6731423078974742,0.16361258137507245,0.9182141181200385,0.360857173318392,0.4789747167074117,0.6099147447886949,0.7693815005600962,0.8338599748302066,1
0.6324016588825284,0.5623865260141826,0.5725278792904392,0.8835832893605741,0.4579363769091188,0.835571610720135,0.658607874851131,0.45651915660292786,0.27077352492194917,0.45830305391854786,2
0.05104992903828475,0.7705200076236374,0.8481473979974522,0.21905451265111744,0.9847925925200552,0.5314360944478856,0.6892822771563814,0.46224828046778543,0.7112940400895006,0.5048990815921823,2
-0.09119698777621665,0.9032138145002481,0.6307698657687453,0.42297071370586675,0.8943143390930215,0.3200374118839052,0.465918784397811,0.7093771074759652,0.7300701590626141,0.7757603077538351,1
1.0852782567541026,0.04629765298574906,-0.04070869055108872,0.7096649633196082,0.31870593528814006,-0.5538529557903069,0.42273634251560543,1.4349739703816944,0.7516933431636077,1.1207703341193458,1
0.14950491707276134,0.878019846644038,0.7025679658336629,0.3173177348397504,0.9105769099571093,0.3880760263781857,0.7290138521117617,0.6885037432208347,0.7511543741267853,0.804870742953153,1
0.4508398385415435,0.21068234634293284,0.2861160701468906,0.18757533304622623,0.35634989573750964,0.8900177916246272,0.9052387786642595,0.23148942406408107,0.46242560675085986,0.02337573585429798,3
0.9350057808750213,0.826215951328614,0.46824327397202137,0.40009512343979836,0.9748516535239348,1.0307203605984832,0.09812570343822148,0.5863208730482137,0.845299397571227,0.47841646678956906,2
0.5248068859934311,0.7945634507677086,0.7462966601890617,0.8841713021321175,0.8287195687840183,0.4292917220549572,0.18935064555964712,0.9241649662251183,0.9763414279615834,0.836118225972905,3
0.21615031028094528,0.5045377292489391,0.9848304420014287,0.7265285092400119,0.8084886686286319,0.49837056070802266,0.5077307289361888,0.33486118320794234,0.31916254779884196,0.49147496933162654,1
0.21423141371276283,0.9282468297120106,0.7626387173081244,0.43976707755594735,0.7863679445235571,0.5983244405295446,0.6647462121046703,0.489077870920226,0.2852774345664632,0.33492693630539566,3
0.009308319858099212,1.412982099871169,0.6530813112825742,0.1654843997587393,0.985872961756982,-0.07497821344178851,0.531029986153208,0.21242287748320485,-0.007790056213594465,1.0293614819072558,1
0.26798857874277915,0.9609933271159289,0.6749923469138426,0.4793883341798617,0.7803666659093236,0.6432742239737838,0.6159765237744219,0.5090571049007557,0.1841041610689112,0.3580240322436251,3
0.4728787263190971,0.7864804972475062,0.8922704377316728,0.9781789236982692,0.7955209786272828,0.43264839294457774,-0.026523128312465727,0.753664198123406,1.0717899045595616,0.9005777935261702,3
0.521018204774898,0.15324106406890126,0.5326400743775097,0.33623926682701855,0.3654000872076198,0.4588287020680485,0.4059682961467535,0.8366055719875841,0.3159227461434521,0.6302445756506696,2
0.31360424359245703,1.0776453247141444,0.8604901883350236,1.1428494711668102,0.6661924594943239,0.2581055979319453,0.06761663990752165,1.0971959061585623,0.9263797304339545,0.9272049399000009,3
0.05479118459940556,0.7717713740831378,0.8346618149252079,0.22785452476920923,0.981797128745506,0.5198003047588012,0.6829170338435788,0.4538956883535397,0.7266800776515815,0.504917044448074,2
0.4663052034039638,0.2643616271751988,0.2578266804510219,0.16473777012848867,0.30529596573077994,0.8398343505419024,0.8801773834910469,0.2442781887599155,0.42466717374452645,0.09986348177487785,3
0.32686913810507257,0.8964184308609373,0.6948953204889466,0.7836120889704112,0.4417418997631222,0.2861099489917083,0.8842198231274283,0.11638628408142691,0.40235353031596766,0.721210214995806,1
0.4884835729268737,0.20508602246203733,-0.2393424852358748,1.091261030908883,0.19277921852842433,0.2580787572252209,0.7230263788377176,0.11639568514158724,0.5011147474564108,0.13260899637136184,0
-0.18971741145729798,0.48878212892666134,1.2483583491254264,0.5655690216590441,0.9216680764780703,0.4984841235247497,0.40694821038952544,0.713861881623078,0.6118408039592131,0.5620561218277875,1
0.5565059329532357,0.3292316578962458,-0.04281382494156713,0.4981701828204627,0.21053016304466243,-0.07263891061649677,0.24902406577202849,0.8578879365564982,0.008004192314803635,0.6169670622460315,2
0.682862458717811,0.3252238101849363,0.5293210143076917,0.8457207826196804,0.6540501741677512,1.0095572000964281,0.5755611751054628,0.25542917440835405,0.2983035728524049,0.5355724039695716,2
0.48528020892279466,0.7561626631497557,0.6743313996849551,0.8314773194473909,0.728493279181718,0.3739337279670556,0.26900144831099937,0.957660110130352,0.9258850047420015,0.766147626517325,3
0.5959780179572248,0.6460988935740217,0.6594927981870986,0.5496316045501155,0.41215808669934106,1.1690354051757483,0.7699713734784502,0.3971448899503949,0.11266409118146707,0.23723024277317345,2
1.030103819880788,0.5487639915604722,-0.0923392755858684,0.8885589162941228,0.005298717689237585,0.17244082373079428,-0.032284670147365996,0.8079184507809648,0.7663926649355433,-0.05332716453551642,3
0.7263912456162198,0.11825976449893061,0.48543200336012293,0.2651204541959649,-0.30894698782231245,0.37014773166746784,0.26389363915112984,-0.03409518652148069,0.41635762301270496,0.4616322077983638,0
0.44750823305134363,0.9779605063613801,0.14017367254063595,0.0421648158928426,0.694963314600878,0.056100515575781135,0.17485884171895572,-0.2630664638665234,-0.3276978848462194,0.9723413681599153,1
1.0187004332174754,0.7187117696577885,0.09371855986955514,1.0587091317931183,0.5835418521255729,0.7794611925543511,0.5986159662127566,1.0624493433828643,0.07598369046750571,0.0656787100254047,2
0.5490199430413122,0.6508668602467622,0.23836215547726122,0.9070384873655937,0.0636451894682552,0.6871104872736934,-0.005128922572423741,0.2524895178827149,0.15829673424458135,0.46339224192237155,0
0.18417081750455624,0.27454187963731824,0.375505159847107,-0.028668140465081482,0.6468127764008778,0.9177729963271288,0.7861101665587034,0.10695045494425391,0.6507548982681718,0.2853953787077238,3
0.8840458959352359,0.18766815148790983,-0.04112031142950305,0.8053731477795082,0.964137222059014,0.19208941302332533,0.5468990371706749,0.7138079519709745,0.6328984036018975,0.6821986334952846,1
0.8159010419895972,0.547766604918683,0.5847505518016453,0.5517568550475638,0.08865359891698725,0.35715167047338336,0.1805492225579052,0.5106706225130332,0.3580381992908613,0.4142351635999534,3
0.0707926097171665,0.24660448189168896,1.1882721535889746,0.3278557565463243,0.1938964193658983,-0.3499592528203347,1.226786177856293,-0.19016892496012017,1.421214299871165,0.0943157419921356,3
0.4244361374812069,0.9580435401978351,0.5902203887903126,0.29249416740417084,0.5628934871263024,1.3910011271990474,1.198000165089423,-0.0047072020769891865,0.3940712853128136,-0.016392223895143,3
0.3425676626760133,1.1584274074525194,1.1596150340553328,0.3908655655246672,0.6429582254268492,1.0303808616545638,0.3586994034986906,0.4132289404366557,0.5858583299703153,0.8535455384924295,1
0.5491793802883699,0.2948179879042303,0.257636074076864,0.257309100865594,0.248502475585624,0.8356467128178019,0.901869221343003,0.25800752647453623,0.3861321172886359,-0.0304170506065799,3
0.9240922593388439,0.5194025782165799,0.2870077377968704,1.0396991123890658,0.5298432322128702,0.6700343540990359,0.6148664908978244,0.8479928402663741,0.019697939945690014,0.00820608699869245,2
0.33703491325130597,0.8957802304782765,0.555024515205631,0.5875617218790788,0.9969275787070262,0.5884446496215823,-0.10583815611381558,0.9736931171051737,0.9946752516277452,0.4944461116366976,3
0.8628503732175647,0.6537764370762289,0.06367374032838688,0.7222058509223196,0.7772914853654402,0.7341611924805356,0.3205029647485913,1.1206417329340082,-0.19552231218002628,-0.08921005196073636,2
0.1340707938790361,1.0826410609762016,0.6860777781141426,0.46659651432435867,0.9944056343878103,0.5182039324660258,0.7479208494922107,0.45232388322095823,0.5940756661163324,0.663240636231116,1
0.9402452604692376,0.7828390355231816,0.48709750404667673,0.5022184203690006,0.3037410652929925,0.2452436472134537,0.2686607637820619,0.09712848584598185,0.34605010915945766,0.8758435718441417,1
0.4053639458726286,0.9432270566324368,0.5516184168626461,0.7886809301342345,0.09117185548520279,0.24079871263580124,0.6449398677585144,0.3418684363725957,0.23500233416944694,0.18046238641552534,1
0.6651034242542734,0.9396067931453456,0.32015469693666015,0.49859586455222565,1.002616358314592,0.5706373275406027,0.8907928877736808,0.1445374333846087,0.9155791764602598,0.7673475296361871,1
0.9141330575529067,0.7350366688449332,0.5217987003189516,0.47650646271341685,0.2798278874674413,0.26394513794165064,0.22475589427463402,0.1353490921983188,0.37682300500427623,0.8635772758626978,1
0.011951604774535902,0.9202780248889526,0.8475797940348585,0.8008280520372494,0.2014969928838658,0.28230799132912,0.998081380508655,0.586939094075527,0.6220161920762355,0.09374867709172817,0
0.5172183581386387,0.6778112716058992,0.3156190714726427,0.65924902054142,-0.09268755935926443,0.38473622426743226,0.708054289326761,0.3411947171380735,0.06656151869585561,0.18380654493423063,1
0.2563390744492561,0.2073802585058475,0.11378658985485685,-0.04898167497055454,0.4630572513706593,-0.05691318888542177,0.09472808205612337,0.3470185162226552,0.9218174734537536,0.14316706353190156,2
0.03794987701887077,0.9823513559275183,0.6908501988558261,0.28672166521170434,0.9480871435570235,0.3852135303066866,0.6225951207133253,0.5818530030466196,0.6627942555458577,0.7145691594911537,1
0.6296548407110905,0.2634348592422861,0.7265078147777191,-0.061657832103170676,0.9457169151422635,0.7486840021099491,0.6183805869555615,0.8480413794594924,0.10779503226134546,0.5893854921398448,3
0.8309257153939673,0.07662896279608655,0.5906266412069384,0.04565473323211605,0.1636241267151745,0.12391110312075088,0.5899983664559306,0.4038900806317458,0.18247699463235106,0.3957389250003943,2
0.6776070009201657,0.2659616048075254,0.2858106857291526,-0.11170293012886856,0.4257146144803703,0.51543387998166,0.8491878823011313,1.0202014032069417,0.9809413834127397,1.3193150202879478,1
0.7418806081522573,0.6101045751596448,0.6767652409606955,0.6203295745039868,0.06158213670976996,0.2890391921432445,0.20641930028623015,0.5090865711681329,0.29768119738501697,0.3759873142356288,3
0.2568988505519568,0.9226432118707426,0.6951940545154132,0.47699118591187273,0.786705171804211,0.6285735911664172,0.5799396299693771,0.5029091299668897,0.19878610928644347,0.31799541536999415,3
0.22667003987332293,0.6418440795623537,0.2734336217711325,-0.20759223032093904,0.4959469331664269,1.0785298419166467,0.6857069491143158,-0.1133792737025629,0.9507007193071451,0.34237075040731996,3
0.08455107899087193,0.15555756698155898,0.6441828812818721,0.2067518802132779,0.20604659078132456,0.4549751366174057,0.7186490761727352,0.6224768370603957,0.15148549129776065,0.40671026757888934,3
0.07640472709789371,0.6693220737360293,0.9548735358878684,0.6274256356636332,0.6648764267960106,0.6273411383696026,0.42632433641928796,0.4530627566298293,0.2907161058977279,0.5363631604148502,1
1.0257699372110416,0.5252392409758686,0.05225110833972417,0.9493263734459435,0.08952791849895089,0.07908456791486976,-0.004509400913393559,0.8455051853709947,0.768259541370396,-0.005598156765767658,3
0.725166360166827,0.9133987641284592,0.31962649169855867,0.6701742088727882,0.8977673910527091,0.4814586568663907,1.0505989461916245,0.09438003599939204,1.0019779039219694,0.9435884618808552,1
0.9605499671466954,0.5154921012660589,0.027020017906207793,0.9569835915765039,0.029380644222211996,0.12099294835036123,0.0562602284562541,0.9040633079591546,0.7542392348452552,0.07822577431181682,3
0.3147734522998138,0.06702094617257319,0.2647638331561019,0.5229663494189847,0.32868273017654287,1.0495995951613082,0.2534335778370884,0.86499531738277,0.42955380168680607,0.42926409961353995,2
0.29078440143995804,0.5232379935799875,0.41429614206360255,0.2072523317892116,0.7014016244585075,1.0197582354974264,0.996458044568128,0.19321524138258694,0.41221490046102366,0.8398122861298609,3
0.9359594910408907,0.19490507963260645,0.5011621487140359,0.31001047657543374,0.5128690371339333,0.1482807314233184,0.2623706174697604,0.2554398504053844,-0.007872389450564725,0.3740646859364247,3
0.09757754885436776,0.2189858397302023,0.036944229795203426,0.29818911834089024,0.40276830096178373,0.9659596168847918,0.31114994871401863,0.3933076432984723,0.5658569692052036,0.5656714228359524,1
0.0907405793319366,0.6400882294191359,1.0731757883651598,0.6633599611902308,0.8129468334730279,0.5029446853046925,0.26923659021099267,0.4595538032143315,0.3192717857866019,0.5657399144054402,1
0.27048532104355105,0.9470493359438926,0.5656824687870567,0.9408122509010012,-0.1288677382411694,0.3296284652274859,0.4212200092395595,0.10691585793428396,-0.015546745936732137,0.05966680529309254,1
0.842051729757243,0.8954273501028345,0.646577535535351,0.27998001352253526,0.7940699563369895,1.1212898819056736,0.16265043821886171,0.33017688667064177,0.7148222803735127,0.5439331648966468,2
0.7078353858018586,0.09965237089560722,0.3419163185793609,0.4900026354893081,0.014365629830248902,0.34340448395118683,0.2494009933467547,0.4725744113930652,0.4991026495094516,0.8387906249959156,3
0.9850772210311106,0.7085250610508123,0.08823978758602069,0.8384199372445216,0.65438236454205,0.6835886029797832,0.36906818828927734,0.9530373021132048,-0.10240606252402384,-0.09042673290394598,2
0.5435447854916049,0.632242351395458,0.12233612639540697,0.7698248942977456,0.1441589619510113,0.8475103756117591,0.01324248162197765,0.4150472261305197,0.11540007161555996,0.23803773710998705,0
0.23547926011837278,0.4210290901424977,0.5806740112834878,0.23714607327799572,0.7140887662234922,0.913770165966885,0.8681567831406376,0.11702435691011734,0.4331641694082071,0.6560777215902248,3
-0.31455961333075266,0.8250569274223659,0.5714442875723997,0.5506428560785619,0.45828920076253327,0.4094792633114977,0.8259467805350282,0.3284963644826898,0.5573913429876799,0.3060028368801989,0
0.45202170073096165,0.5352317330420623,0.18387249392198354,0.5699984089111166,0.5047729706625887,0.6613914472066311,0.9553824586375093,0.8766152304256639,0.4364570230764913,0.21474315440216962,3
0.42651055728774284,0.8367921098959676,1.0941452097275417,0.9771237277391254,0.7868519024361039,0.07993305254124139,1.0782882605251676,0.9719529056391097,0.897307115183084,-0.3286560702807182,2
0.7182992420916874,0.3712310342579496,0.8328237200550838,0.48814147615535414,0.5022025525393926,0.07502354511126771,0.7537080624349899,0.4111708158120996,0.15646246042888373,0.07317812105698598,2
0.7839376597871276,0.478906537462475,0.7216975357925046,0.522067558549648,0.6427832090514051,0.07201946154477355,0.6774055566498636,0.4212507615606202,0.0911889648766657,0.07435600778767884,2
0.06256259499602021,0.08569982454984067,0.21860778498229108,0.28874670465281316,0.2518889755299513,0.9574810627048295,0.28225769585522326,0.2789396002017378,0.567189223632502,0.504597204446462,1
0.3189121211336333,0.4224645028981489,0.45495977014810335,0.26792047592543977,0.5755594626661142,0.7036624069635851,0.8139742925831234,0.23277444775698508,0.4220366636159556,0.4978827670534504,2
0.33949699464959754,0.9361946337870701,0.906825324119198,0.6268450164741989,0.7785994721532841,0.2301915461333006,0.8621347733757626,0.915657194750011,0.5563899128639939,0.08004714134888805,2
0.7661901167014292,0.8231382604304709,0.4948082079784353,0.8849537580915937,0.5591024805638857,0.6318976541483325,0.4494571218475229,1.0991977963780535,1.0326317501166284,0.5761534279657667,3
0.3773772264744603,0.2663755772918436,0.35528528858328207,0.11079683905197686,0.5066625895494,0.8957810827300502,0.8508178180718187,0.2802445236876338,0.5358536680482167,0.21158690072425348,3
0.6540919577728251,-0.030939850559851823,0.31294360774372765,0.42805919948264,0.29925657827482754,0.2471409118975798,0.5987717256193098,0.6287512549018602,0.30329699352406986,0.45473681115372044,2
0.4538951889944496,0.19998561515513705,0.2793331007211331,0.14907875171672766,0.35689341077874226,0.8517504874726612,0.955675706541284,0.2635382976624774,0.43788195295411825,0.049021621398397025,3
1.0907034434588636,0.0802363337045407,-0.12083044678691159,0.7111207634819179,1.033243095924948,0.10183016862919403,0.6488776606877831,0.7211182555904565,0.5432295768564832,0.8435723856212586,1
0.3383319130532668,0.016294305740851882,0.5554763527189903,0.2761937391068695,1.1012027421716217,0.15450581142241274,0.8048188868771581,0.34724549009440864,0.5382029688662247,0.955323073588191,1
0.4705716254174646,0.28833819592227267,0.2304783794265764,0.044107250048698546,0.2517803311185096,0.8785319162563847,0.9933005658171123,0.30421688533350766,0.4936739898343602,-0.07060556410179102,3
0.6612618841699919,0.8152385460030971,0.6292309513145637,0.7155681374694516,0.5175453131098782,0.11408594265246777,0.05643316136934698,0.06677307845400261,0.6126996317359042,0.855531098210814,1
0.7336940020944334,0.9275155560664706,0.602661902508343,-0.13892001748555086,0.41068308510385354,0.32869372551398024,0.5938294185999032,0.9440527514188096,0.7382383239112519,1.135776012551555,1
0.8876747559678568,0.5597308703669729,0.14369602927485123,1.0019228849352508,0.6543687615846479,0.6104205242948408,0.40720311520290947,0.9214537604553938,-0.07931644173739458,0.08745770319738222,2
0.8478630943749167,0.5897422227911029,0.1722783742406358,1.108936248941546,0.5734883351343149,0.7959330140472067,0.6996036471048613,0.5561435765553218,0.41411896123697983,0.14559575134172603,2
0.6337965787100169,0.5109842138877618,1.1342405283329724,0.7679750020467859,0.35715205764132196,0.36117286250500286,1.1632742039878026,-0.0794385402105148,0.7591078319139293,1.0986523857164037,1
0.05853529568345637,1.1072967659818298,1.043917599865742,0.70955888604557,0.1757844403495965,0.058488865228938425,1.0708275748094436,0.7263407193584159,0.5436032689308471,0.07045684945502022,0
1.2937178687528514,0.7481415088692565,0.5080829788880505,0.876363386236714,-0.9988682734851813,-0.41341975579736057,0.39354245372484925,0.08498210405688444,1.3167854931604195,1.257261748245156,1
0.11128619888446432,0.7113177299246031,0.8852812786360894,0.5675457041330643,0.7183829538900149,0.6088677798339638,0.4612451990489572,0.4239414705107977,0.37464521791943894,0.525815364363982,1
0.08262693590960664,0.6519712955134243,1.311411884893864,0.5488740402935638,0.7999489179664895,0.27271102722544516,-0.07566750955653789,0.4656584894313841,0.5491811655170352,-0.09105522575554137,1
0.25219956941029525,0.8543083300887682,0.8009513229850901,0.4492345343123674,0.9320998210415616,0.7500239463824692,0.5091687178538585,0.5538179605549187,0.06497156355303048,0.48542594042993525,3
0.10240770248501274,0.9824343026684289,0.6187646786963068,0.2605392042567703,0.8461526221487194,0.44635535686277167,0.39249451415272435,0.7072905163726632,0.7523606213389967,0.9180806067878339,1
0.5936515943763935,0.9766654757419163,0.3091056097488209,0.5748051749149077,0.9667178732622839,0.48639698577138996,0.957627958901842,0.12843823540829954,0.8869856452066314,0.8202722299636998,1
0.6995420884102519,0.6702567693957052,0.19087158359060358,0.8197449800102602,0.1218750677381774,0.9675492223817131,0.0419164726544987,0.3788094340857977,0.12417922881036339,0.35549957447123554,0
0.2965433392683557,1.1121757328983795,0.9932807318528653,1.151196070801718,1.1923451946245853,0.48617682944301166,-0.032929433139442604,0.6451587225926347,1.1329472472534108,0.9214318520689397,3
0.9637776976649669,0.6771155045624636,0.470501412784458,0.4226405469173959,0.2597500088760162,0.2866581441169061,0.22627358574772372,0.18052389904459346,0.42602562779042985,0.8340678413281272,1
0.8916514514941705,0.725835415202827,0.4894373160707509,0.5015616143102464,0.25206014405727534,0.3013303019180649,0.22214504101944704,0.1633714394355929,0.4099580881191785,0.9020139815284315,1
0.06789505288026051,0.6684348693609026,0.878425623038065,0.5410126500655844,0.7191297210772092,0.666822703028079,0.3404669379969652,0.5302792414669674,0.4075039344176167,0.5748596145833373,1
0.298447300146555,0.5017919088127503,0.3031782571107019,0.5158101392089431,0.4874051551918658,0.9747410433043516,0.04950268072434968,0.3948099434859409,0.38272585245956275,0.053677918585113366,0
0.18544326733669375,1.5432862794103723,1.1578221717604449,0.3572281239814742,1.0747828223760438,0.39613045743453446,0.6715629135002192,0.53313908432276,0.20993712278649626,0.25140199340997277,1
0.3233563795744052,0.24748407087094615,0.3771262986251691,-0.020398653122524153,0.7708030855114912,0.9028553114601099,0.775031329841626,0.00493622605493492,0.7799225239304357,0.22420763463778542,3
0.7728441476906043,0.48374481942054987,0.608683315690715,0.6230106048660047,0.5070007021510378,0.8847958284908484,0.7209678957545832,0.4337425967954255,0.1464868858868072,0.5766645790026014,2
0.7155723532137018,0.25014820788884584,0.78871355255357,0.4350415918103249,0.5969938983208299,-0.10044376130059357,0.5469723832239535,0.6167122948618133,0.11342421551026,0.10890294861613958,2
0.8864863691460444,0.003041924988746336,0.21432440208461007,0.5291504005316598,1.0850076986745183,0.2538413757642149,0.49130440179984447,0.5926088270837112,0.5864833482755994,0.694580140567198,1
0.13711165963952107,0.8218826892942841,0.6704692017139352,0.5913553360828054,0.6997709265363152,0.785057783529259,0.5893618552018445,0.4787134439835395,0.15241912611237013,0.43329420066144303,3
0.5353739583635635,0.609256200821684,0.6747531218311806,0.36087791747285314,0.8426660983021921,0.34245979200903254,0.6241229031307693,0.5317941082878767,0.15782801115152167,-0.0220445863148144,2
0.478601518311599,0.23659570598562293,0.28674728578588177,0.1441917576930827,0.33593546559186255,0.8478654387748654,0.952395781657337,0.2714521508310296,0.47487820024984834,0.031159339789454572,3
0.8404481631063091,0.06320047627153667,0.3850570042314321,0.5691191252877995,0.11940666939550754,0.2601761389467713,0.21573898349751747,0.6248968456691457,0.4198233091111102,0.7614725990679533,3
0.9869204586076515,0.6291181175782273,0.19340027338133528,0.9393688748423559,0.6082415537052913,0.6855895011514741,0.48718532392909497,0.9682823895067734,0.01432657618257777,0.03819168036695467,2
0.25004150964853855,0.8782004625650474,0.9985006270679763,0.5671131637288104,0.8847713221922369,0.3108803311696424,0.9074890391152052,0.9837294169168073,0.5735762847284309,0.20626070546542363,2
0.27063687447204376,1.0583490930512482,0.7556821671999651,1.0476145238126287,0.37525546914463603,0.325368666576748,0.7600189773553746,0.7922906770887598,0.47034244142294757,0.1440522136841602,0
-0.010495403088934624,0.5112123749138199,-0.20356411562315477,0.15059772308242575,0.24568999296963057,0.023356960079247847,-0.03226413168790759,0.4097645772289045,0.8394319136057519,0.28328227787579896,2
0.4673286841988884,0.8023930242032142,0.08837690289855421,0.8219003540908539,0.3167198069448154,0.9434544980413242,0.15624591264154924,0.36504597166300246,0.12949737491196417,0.24299600832097856,0
0.794717901550785,0.8417231630043964,0.3503881018147705,0.610548941399345,0.15895398961752888,0.41827689464111467,0.11262055117224219,0.2963578773361664,0.44141823392510754,1.085052613299986,1
0.5653644267755845,0.8995287046176635,0.33823685106240253,0.5312329950944239,1.0100880083813648,0.4469555228649275,0.9323870810670918,0.12644032794218202,0.8760083310768157,0.8476020238089597,1
0.26076959628856006,0.3073093884774014,0.5644150699400579,0.6912220552759893,0.269260811313093,1.0886721067696454,-0.1789653251738408,0.513580124945481,0.5721935356895216,0.22412124869647226,0
0.254880090704813,0.2714890155252987,0.37926159661274245,0.9185269585094701,0.9976711811007456,0.39503575556431103,0.7490168745939076,0.08619958164622159,0.2577041526377851,0.1307384227015754,3
0.5404071918439546,1.2315767403876485,0.579813994233866,0.6228215437923947,0.11174129600298077,0.38057127318627854,0.4901151917686439,-0.22988099700224834,0.33222552065159,0.4670530601145309,1
0.5415956096801664,0.29852993579514514,0.16494579820009952,0.12700438449089635,0.2158688408059589,0.8794900285332724,0.9854263439327388,0.1463358183124041,0.5051055851191502,0.0835408407134173,3
0.23464976119712272,0.4718541540131526,0.5038776174713058,0.23005234790187318,0.6968820364781049,1.1217321492728298,1.0738927908454512,0.2829450961570826,0.5050202166165476,0.8768772535454126,3
0.21572531768156344,1.0820404635638827,0.7735542322484237,0.25166555776300387,1.0114640195432152,0.40279409422645984,0.47863579894387526,0.4843574666108158,0.6305441396837386,0.7154456470720156,1
0.9191018613454545,0.7437378824023541,0.5373148675796492,0.4607524448652598,0.2634858527591997,0.2562164092549789,0.2272939406187796,0.13447943911196186,0.3748391837050815,0.867978756073515,1
0.4554272937119282,0.650495796423753,0.8003972648127771,0.7163146386741982,0.9195626940861944,0.2623397976332066,0.25092893166712604,0.7729276357372455,0.9951551678186219,1.0179466074575452,3
-0.47192045525744253,-0.05645536482554758,0.7734959664559181,0.15117158070042122,-0.33892060720664785,-0.2892832055328155,0.7706806498762787,-0.307871879667716,0.885005250985948,0.6053118193177401,3
0.21949178475763853,0.9754750036992114,0.8252778213702692,0.36001877010938904,0.8519989204700206,0.38913235590071954,0.6691438919107784,0.5233229395202584,0.831646859812674,0.7885881910563047,1
0.044143269100184054,0.7669567926632966,0.8526559667216762,0.21932953315549059,0.9953302777597266,0.5191323662141157,0.6982163182662042,0.4654802185473015,0.7281437410449909,0.499282886511088,2
0.3861843275938732,0.5114858061055982,0.380058962086097,0.1600606190473798,0.0006718194679853212,0.6565552030798588,0.07073050420512017,0.6718538949249303,0.9701396196074589,0.19713115342597468,3
0.08653187516739912,0.20702188576992264,0.23149659575281167,0.15869459239666667,0.3349129134047241,0.8221198072481304,0.36878718426655877,0.2971925159351141,0.7252596802680484,0.43861229456088163,1
0.5255393105246478,0.17706925151256447,-0.019746174137313055,0.41687221795524404,0.628609849722698,1.2794955160554213,1.0241000222947574,0.4372013692593018,1.029903723481722,0.6642013966807903,3
1.1261788799930295,1.0272427171247713,0.5209009788212688,0.9212378584286907,0.03896536333040726,1.1323943748815124,-0.1279234000914937,0.8986283158198649,0.33502528733625925,-0.3864377306121324,0
0.00011663917039109184,1.1234193066194251,0.8007209636605446,0.8655661364491193,0.34703338356384084,0.40048378801463497,0.8064564649466822,0.42850705771219966,0.5415656571792243,0.1885426365252876,0
0.5770022583740844,0.36191239669817254,0.6896301028816637,0.6557552209900106,0.5534079019134307,0.7374527443033612,0.6376114816135064,0.18265585914859647,0.22207671623946507,0.37365703391185134,2
0.06854887763158715,0.38730839878135837,0.37562410877842944,0.3623251378546001,0.7727769201816116,0.8099671542535759,0.9211731470726255,0.07579640502812436,0.4615773589025934,0.5507547938076094,3
-0.1715015946550068,0.5384487125317734,0.8384985328701896,0.40292676100777436,0.8069961437575499,0.6626455953733354,0.6527835270880851,0.3451052887584324,0.48759307587629397,0.4403904129251037,1
0.18349200302740165,0.4679902357390252,1.0678936433950432,0.2707409407390471,0.2654609497872105,0.010776929035617798,1.062986439797784,0.31507292782424373,1.0636536502310594,0.3293152251839074,3
0.2519680304866909,0.9713093163163651,0.6610717486117983,0.49189345126044226,0.7989027912053801,0.6181551311984842,0.636205519530626,0.49574318978995374,0.1738932843383315,0.37246992577888005,3
-0.18841324224049394,0.8812665255099745,0.5011656458377453,0.407453503163274,0.7437511219702797,0.586255365824681,0.8002404983974805,0.7868180642334787,0.8538100427483596,0.8751259317103568,1
0.0841039078246008,0.21079199137880947,0.4809536208815864,0.9947120660220514,0.9753368398506126,0.2936967556656629,0.5415794531447233,-0.06636309974432955,0.34435316571481495,0.2532573380103537,3
1.031088946419915,0.5913570826281087,0.06850575404482151,0.8992131346043549,0.020579418545140685,0.23314889682100712,0.12533022736710392,0.964005055299782,0.8838666067529595,0.16284021905884688,3
1.0760434923080564,0.6082053617433233,1.0070728452181592,0.6910892562896347,0.788193730647789,0.3689415803083849,0.5142507058420333,0.7483035619292497,0.2819027381193766,0.0005126432175878021,2
0.03366916351025666,0.9433694530177715,0.848439985630967,0.7879065306185,0.18482578073976336,0.2630824093700822,0.9960539632017908,0.5525291901945278,0.6730967770372022,0.055666413392009464,0
0.4156203823640682,0.6223761621137935,0.3437555123228314,0.6721373924630145,0.5222858353967865,-0.08663589030667057,-0.03697005241458802,0.5632336808748111,-0.13074274305518194,0.46694993251959827,2
0.9343550025154269,0.6562751160995645,0.6698632531776194,0.2430715441935034,0.3960077085037494,0.48486671812590626,0.43326019510904207,0.9274208233534996,0.6512717099288121,0.8389220237887036,3
0.5471230085176549,0.6140053642528853,0.9328781723572253,0.8833573469575309,0.8486285458448362,0.555991937296259,0.16787176747776975,0.8507802877128073,0.866901125301589,0.9091676335017576,3
0.45092505900625257,0.806914324965932,0.16366707093464297,0.3738978357388048,0.05667627314962436,0.8863412555479071,0.5443845889793302,0.46473529179374895,0.1600680037744875,0.9728550222014541,1
-0.5441700051507979,0.4007618752838884,0.31141841193527675,1.5991336627611439,0.793869931041036,0.24550772304678123,0.30414163938896444,1.439865249845827,0.11562019824480257,0.7136465475648245,1
0.5785293474363651,0.17078133294947972,0.46268609938050176,0.24036854422669168,0.43037928843636525,0.6964646373071859,0.48386493387585966,1.0009846302710699,0.5331136321394352,0.4782787732804268,2
1.101866119446689,0.6667584069247157,0.4561674250529647,0.5832050815245788,0.2142161551490217,0.43585385586983194,0.05107705937981891,0.2219924462288635,0.570518090075046,1.0554617752045852,1
0.885996484348379,0.6611603095529449,0.6053276799861599,0.3657558530591257,0.2623975721245628,0.19069535774567364,0.1814423899206737,0.1939890821228996,0.4583129777959475,0.9008042149963442,1
0.4676720147223748,0.3414167701850788,0.052932583871065704,0.36724191736256495,0.4260558819839607,-0.006884254996018163,0.17076125188100022,0.6985550467475903,-0.027547267097089004,0.48305840795082094,2
0.7380675414274671,-0.2503641418216309,-0.07677275804765415,-0.2672542440246205,0.13333516328358658,0.11310194258567424,-0.09358675200600086,0.3333994548255782,0.6026818455298143,0.6309443068821562,2
0.05064164876671511,0.9442150300197093,0.6860189409266184,0.2933872944435831,0.9452165589709504,0.4011268332959023,0.6148152429718048,0.556382851955037,0.7034611302167311,0.735742506447735,1
0.24870967832678015,0.27984392887649745,0.3870522100016677,-0.0836725116259652,0.8160053380494616,0.6871940624798096,0.46770457920818864,0.18327667617310262,0.7303370090851934,0.09760638592938237,3
0.42320764769033914,0.7504308998224036,0.1737780430642172,0.313463237218987,0.8487173262201504,1.0031841562526098,0.8969011884827598,0.07587265949303286,0.27664417845412764,1.239047354773077,0
0.7408476238982573,0.42751483171968874,0.7264230171361508,0.4731206944600265,0.6845561486685141,0.08786559241683087,0.6868929146728415,0.4088759210547976,0.07180912296276049,-0.012317757025801776,2
0.4390141444475685,0.9144078351844295,0.8381272265567322,0.656828794161267,0.48659051642065393,0.4373776880070326,0.8720229800792215,0.2850727865105869,0.46266182337781786,0.8453715837883374,1
0.05527194803674545,1.0143374435740555,0.027057511323169893,0.2299139236741441,0.7540935254823783,0.8033678361194697,0.6549419903190318,0.2000393744139506,0.2293357371099201,0.7970002118988501,0
0.39511303386511976,0.9456054706068577,0.9038996537280214,0.6307232771762644,0.8223301774100559,0.1902867287250895,0.8775215248792183,0.8817315437908002,0.5483293654443143,0.03180540167566834,2
0.7850231938246233,0.6412440286906376,0.22123987504380752,1.1591709049752748,0.9098287725831071,0.4373050439072036,0.17404069893089608,0.5510575410855092,0.04187151521843498,0.04672464259692684,2
0.7736879636594318,0.5447864891902137,0.5536264970881795,0.5293135662569957,0.0995970491703635,0.3305237940650599,0.17928246165975598,0.5531450599192596,0.41310211532754354,0.42530947708028566,3
0.26018484646987167,-0.22523328576110074,0.9855772428024765,0.7724171414117278,0.7083890192331258,0.34671453529912305,0.3262296273397261,0.3566750320291535,0.378439952016363,-0.06390810381751427,3
0.3141686803188749,0.811456406257915,-0.22493555990812975,-0.17952723989344976,-0.3774811931560659,-0.6464739846594576,1.2064933428852616,0.5995622210938951,-0.14098846419238054,0.12860763326254065,1
0.45734910811127516,0.8432441323472131,0.7008648776502517,0.3760302082300422,0.6555184593732234,0.2231512681632569,0.9714725674955687,0.9181737113675201,0.8008460114175538,-0.13154438109699246,0
0.47822281162213015,0.44056735773762185,0.6960915371927487,1.2788279002822782,0.6232344498002319,0.05502658738474306,0.5411066916502615,0.06116529879139765,0.7294474956352955,0.4439461671548263,0
0.5142690946750126,0.7916044268969711,0.7469023952737915,0.8947596794749179,0.8306248471136725,0.41508510039240093,0.17995043153394338,0.9305245466946349,0.9738336167177498,0.8388735558832088,3
0.315844162696726,0.42114992596852985,0.4565056333464174,0.2650537078387604,0.5798475272753185,0.6984886306593422,0.8125805244141987,0.23613524692785826,0.4156902300601133,0.4894164903997072,2
0.3295192086576571,0.3738974124925083,0.4660769842295817,0.28587347495826937,0.5479277996450471,0.6695736906116654,0.8566228400257072,0.22287388686501902,0.4297338794914058,0.4574811213133594,2
1.9504830417759178,0.981935216315341,-0.2798344000721238,0.7140992777591797,-0.44704639016272163,-0.8032072374877568,1.547218834470967,-0.19152396048331233,1.485114984403005,0.4898963947480371,1
0.036245008048844896,0.9818826750361517,0.6710532204035514,0.282922374963286,0.9667721096948726,0.35888631116201447,0.5837950873394567,0.5858577533021075,0.7135224639410312,0.7470604863788016,1
0.0455675213286106,0.9457056229214892,0.6912339326348368,0.30481347501484884,0.9516642633353676,0.3917853566167783,0.6137543857307567,0.5916055500058697,0.6946826465077351,0.7045888857110731,1
0.9323703453472173,0.49070761515480094,0.03868412556159342,1.0156588440673118,0.058967865609530844,0.10140766297444612,0.013574840285716795,0.8407293448221673,0.813328309580164,0.059362117840295964,3
0.8709492473266471,0.4251035767165272,0.29469453728182765,0.8560121973158101,0.7727967743532873,0.8532331813027652,0.4072059334789012,0.9437978056708961,-0.030661785620666487,-0.01703978307388261,2
0.4144437678251028,1.2108629347039712,0.6569202798480228,0.8562283200550447,0.4280055850287141,0.10207148188633766,0.6095426730164016,0.28666395890077434,0.13667201588227285,0.3841404845241272,1
0.2648707499585688,0.7567137606508456,0.8751027478918798,0.7251072550347598,0.8335450663407749,0.5706220236577507,0.2578584979222228,0.6147899119640681,0.22443871706969265,0.6600859852014345,1
0.5669376217401054,1.1579966665026447,0.6810004507601776,0.6486722710198751,0.321126219222715,-0.02225546702447373,0.7054735484592546,-0.13958198947281525,0.06012216513130936,0.8954606507215027,1
0.9545207954591484,0.4283401544013603,-0.018209614943933805,0.9870471728647572,0.052966511165642965,0.12144613059988275,0.06604613447400451,0.9102232189653974,0.7300737867036026,0.04548007728712861,3
-0.04770082836997347,-0.018883313623703768,0.3522318666947504,0.16223837784455358,0.9815240238743554,0.8773558715341566,0.7398601552905422,-0.07438796114200225,0.692010807833081,0.5484981718387361,3
0.5917397391390924,0.6495757759352422,0.14386277089890773,0.7369797974437408,0.21266842526554433,0.8832767191525264,0.10176841174768472,0.313661350162065,0.05540577745940664,0.29536832716166894,0
0.10094226653009437,0.6645799104157267,0.9364968665610273,0.6124447489712589,0.7166906060128516,0.6362950371758138,0.419941422911248,0.44886696316517255,0.33714865784054,0.49724568594717256,1
0.3312636312108875,0.40126896593675127,0.4216575571022244,0.23058720768238355,0.5961037802445368,0.7046565685759187,0.8422059326313001,0.23162455690198794,0.45198037643287753,0.5111056817193007,2
0.0345115990919614,0.25480068851974075,0.2762462546689523,0.30979155782994583,0.04592588166917705,0.7811994683213754,0.3612369491349846,0.5264624664867659,0.7621002998724108,0.7486106860586108,1
1.1628217240339132,0.3964149588614349,-0.15146853048079434,0.0451102701073873,0.2648610274697956,0.8370768318732102,0.2573733430766473,1.0055611773325213,0.5463862167965017,0.08177690003033106,0
0.2311653361135503,0.38579815238907084,0.4847120145941908,0.38605144043102374,0.6695760881604389,1.0337898335488758,0.9951287054202576,0.09026923273028538,0.4829240943649375,0.5410097851163994,3
0.13886943024106327,0.36943737730001464,0.018196381983856955,0.06137574356939281,0.4517171407947726,0.08503185517471425,0.1502465597481503,0.3728433879205872,0.9243207838118116,0.2644068102885622,2
0.44577305803871325,0.19140142587202374,0.40144949134997765,0.34290197673847056,0.5039941610126537,1.0824952025371712,0.5738997742688121,0.03920545787300307,0.5677431356775435,0.4205717178104076,3
1.0171092548100475,0.6410475914112417,0.6495223881329872,0.458808974812119,-0.09666414730673345,0.05991033031322346,0.2525288859998919,0.22941388928904077,0.6558023518924894,0.15190729407880726,3
0.2123348074658054,0.03884977212223251,0.39804758078649266,0.560241445274388,0.6849877788948782,-0.050133841281425506,-0.06082070423611341,0.768444539884267,-0.0033329768332632514,0.5628321790142747,2
0.007565366448874122,0.603271340739002,0.9065368687470452,0.6268051218709971,0.5715214553681064,1.169353512275552,1.219461272615764,-0.0837957653896835,0.5779592992059766,0.49341993031561293,3
0.5351835514483676,0.17332960519356144,0.2889784495255316,0.23495646084579389,0.4131832819029271,0.9342769124239583,0.9568381376013919,0.3058729160543569,0.4431596878853569,0.024457564130606194,3
0.8965577398651841,0.6331419387755651,0.4858127066931129,0.654106839025092,0.03285065930618372,0.528049983702823,0.3385612072478566,-0.11322496943352758,0.17628417417583267,1.0029635169204567,1
0.44360437760593074,0.10984169791075282,0.3139309163147619,0.9553204582015337,1.1214527838098625,-0.1810927464648815,-0.07641899980129652,1.1487049430914131,0.868355670356936,0.5751711681691938,3
1.176691899106468,0.7767284539204526,0.6187176589932848,0.916068540119271,0.8377471963435936,0.2004285205115905,0.5435881301374124,1.4558611024425807,-0.233623090023422,0.020437308245604528,2
0.05578971998252792,0.7777799285368113,0.8457044283674957,0.22814014614989314,0.9942156146081614,0.5225409554202758,0.6796385137961073,0.4632927328334813,0.7225100704111506,0.5167425169489007,2
0.9431968893719936,0.6583393944370014,0.533158667914111,0.4348776267082012,0.19370882797072905,0.19673595287376797,0.15546207078849916,0.16719636973318686,0.47042177317209155,0.8896811942620712,1
0.9919665039578072,0.7456735937321374,0.612754020323939,0.3878040098707731,0.25310520487683613,0.2633767856054671,0.1731465500088622,0.0787319749452101,0.3235035729405179,0.921603535930489,1
-0.04605048688618138,0.5801338795316036,-0.0880255185433879,-0.06078152497213385,0.38956199964397836,0.11134416616094131,-0.056042601308563283,0.3377223285427292,0.9040010614318797,0.46416851349464094,2
0.9722711051137574,0.4463816861107238,0.02464754846712852,0.9813281354206858,0.09047707403961644,0.12428477661959225,0.029827221613610247,0.8909036576411782,0.7989669411676857,0.04798818348510968,3
0.6278191549715977,0.5727595233687962,0.7038170425484866,0.6078996805681864,0.594893477247839,1.0575265022060532,0.4958467532449694,0.2069661871789232,0.1989511025677579,0.39746989791610565,2
0.5976724950520113,0.9621917466329094,0.3002953751974845,0.5680849344945254,0.9814122340947621,0.49596830243602774,0.9680179084207947,0.13581192246509843,0.8864767337863487,0.8233308099198678,1
0.6082015210764451,0.7033493798983069,0.5853862709041702,0.6405547129575292,1.5579099648141157,-0.5619316620331333,1.8049691667605483,-0.9041487899652991,-0.5243585980061674,1.0690147733559412,1
0.23815401690124702,0.6486862094795874,1.0690555542244848,0.7157793561835163,0.8360074881044834,0.6488697618931462,0.4373907386766355,0.46747460846235545,0.34279639543623186,0.32787810370777914,1
0.22020456803181093,0.7347898327370647,1.0225563289437887,0.5217182730342497,0.4599949093268008,-0.056705139607667265,-0.07756081676460536,1.1080055283073462,0.3879317604433712,1.0974775194334003,3
0.018277081378181882,0.9133760324010899,0.6569273014979674,0.33803173271485537,0.9256061323604636,0.3714972979499908,0.5587414959545595,0.5849825308383998,0.6764795392931162,0.7236559531062683,1
0.4441509072655363,0.368272340351783,0.6360834760816081,0.22916249344029796,0.22294380793116333,0.02698384485650707,1.1870964574502725,0.44760246380100943,1.1658222004011765,0.01936516169066288,3
-0.0202349433904489,0.9258148365741354,0.5513520928317754,0.305774434293946,0.9302745997568771,0.3351968494050601,0.4512375620296768,0.5183468619250725,0.8353608920065556,0.6129176649335721,1
0.6286589235764573,0.28227015854877646,0.4228061260595475,0.2325570256873167,0.33713227671996526,0.49845892789574275,0.16602770279454124,0.6824045001333685,0.5093824308733886,0.42350130498068594,2
0.8681988360157045,0.7009015780523877,0.9754376953494749,0.12149110191526133,0.12709284727320677,0.19455428942294611,0.45619707522232644,0.9529552685917291,0.8566530260072887,0.7545456797846459,1
0.271402931935504,1.079930501068144,0.6745673795121694,0.4983303724986261,0.4751812261194558,0.546155217246169,0.3000556237016173,0.6705700006762291,-0.30071333973835557,0.03451449919625049,0
0.4325367845155842,0.317775225579052,0.876107265501454,0.3703889453934381,0.6271255087594503,0.1776054537480444,0.9377313878167197,0.6436123126166726,0.5790043745352395,0.14487972397604765,3
0.05722347681386715,0.7746044843958707,0.8470988317506302,0.21855704817071547,0.9861138700866876,0.5307976763953501,0.6844340410350815,0.46150919348184616,0.7169789739207888,0.5073033954965307,2
0.2726770328052946,0.9477168360312179,0.6766700265534673,0.4722257167553096,0.7812207772728998,0.6240101738267135,0.6221479456249023,0.5017941132775641,0.17759224869372708,0.3488385378389601,3
0.6088629817015302,0.372606852233594,0.19502707816820564,0.2132768052369169,0.42944568590530585,0.91785444902743,0.8132765035482594,0.0719228994174676,0.2621764462199453,0.04450373793925631,3
0.2996623847193582,0.8652037576109011,0.6320605760148599,0.6411705704070482,0.7877342383407578,0.4874421987220005,0.6642370457256144,0.6726317340666991,0.1844483298496167,0.3928064561859587,3
0.260174722281675,0.9596663091953486,0.6645524111733052,0.4800828482099524,0.780922356146961,0.6240290710532737,0.614531284088713,0.5209099910683125,0.16909341126397875,0.3482023860254291,3
0.3990208540603068,1.1077546048618299,0.9528963968816458,0.4364966773144201,0.5645984273036251,0.3521394065154811,0.8670400321987813,0.9364517460269616,0.7219960054794398,-0.053036318144905864,2
0.3423164734385116,0.6604426095254646,0.7847430512530947,0.055604848066557355,0.5223093050967956,0.6475405460399326,0.8677817938069816,0.24512441360127424,0.3613231938354062,0.9321321746083024,3
0.06330910003633083,0.7734123166759889,0.8451295660377709,0.2111249349659482,0.9931881524422207,0.5292806796745204,0.6823759513309398,0.4633494497353877,0.7224796692426118,0.5150414943440966,2
0.11332857255680955,0.6623148144892317,0.953858755367076,0.5969023613563522,0.7223805803110374,0.6503679239930057,0.4107807232643394,0.447958408456221,0.33250096057019357,0.5078241827054782,1
0.34358140734169734,0.5073421415502912,0.5129826455767462,0.2513285341916806,0.5339411791107063,0.7344246197173474,0.8949780622717003,0.30115205669040007,0.41794624478535836,0.5261142814437917,2
1.0631401189954908,0.35214484402873586,0.27658944542230524,1.2228454868405085,1.1174157151488755,0.6732550214590136,0.25078820992136736,0.8239601762462834,-0.09274585738108534,0.13267814127052602,2
0.461750821495146,0.5330580888447817,0.18036443375201405,0.5664726881690456,0.4937352629358582,0.6643379841292195,0.9646177338022136,0.873662884494751,0.4390406236373943,0.20912692185036083,3
1.2414634232692663,0.8882818550548438,0.5150267024438034,0.7886816789569442,0.8990112035881788,0.5342809462863075,0.2464693711066451,0.6386482368277565,-0.343083766883116,0.047383511025661705,2
-0.04150711710087879,0.23377686698492364,1.251248497750563,-0.11188432553855182,0.10305778595335757,0.4721721418366435,0.9366827469075488,0.6259713214154253,0.9347276910330883,0.9534863048999691,3
0.7189240519267571,0.19361354555056415,0.5732808683305631,0.5596673866431593,0.20818712962648298,0.3851793596096359,0.135273868920261,0.5357961913909207,0.5257645574691959,0.7375676992670972,3
0.03795657968317916,0.9686779946310988,0.6665527328701712,0.28698181219370394,0.9325825002199805,0.3790216573457233,0.578780400072742,0.5861501035501909,0.6636378431067963,0.6978159241549502,1
0.7057184401864582,0.9687830777244832,0.37404562429391963,0.17087898623605063,0.005937868320151529,0.502166815337966,0.5158463863633891,0.2893227928850889,0.5564851794201917,0.4063171432434179,3
0.02702432665898554,0.9473453873674694,0.8443638401239241,0.7640677589495813,0.1965824892587398,0.2842342800198384,0.9571131141776239,0.5708502188448917,0.6580880588693935,0.0514761388588798,0
0.2705491566712134,0.37028567823779784,0.29186124874502556,0.011820709312351924,0.7245117777939863,0.8634080990555946,0.6788901765928401,0.03879029385078013,0.6838177768979031,0.3611065035394743,3
0.11820513173548931,0.2004916175308007,0.2663799106817037,-0.021958227790284113,0.5879809167042636,0.7134207560057566,1.1760484589575209,0.2346664209352756,0.299682640094535,0.5865216788571159,3
0.6595459401058656,0.9613516607162661,0.1143998135868953,0.7786288978097249,0.9291154903913894,0.5512717433975133,0.3827186845145667,0.7430139207814854,-0.05592718267547961,-0.31909187756385404,2
0.7392469726226727,0.7628893741842563,0.7823282919458172,0.5584078122575229,0.7308136436830818,0.9479976272274485,-0.05314974170308259,0.45204178972593123,0.8440078628699857,0.8219936328996926,2
0.9416776035642426,0.6072365649481084,0.06311396051575227,0.7851300861804892,0.7333352422557452,0.8265312702796979,0.4377246156618774,0.931747672950984,-0.01756756361264292,-0.0016783255873705633,2
0.6427731516121026,0.5852849750743488,0.5335384460861481,0.4387100176506711,0.001491509146494846,0.2847354023146509,0.10360687563042913,0.6117685269293082,0.22714527095709405,0.36504952728381473,3
0.397646170431027,0.34290554647724397,0.4801721699592538,0.27108974737325675,0.5464780215700333,0.9233664701154951,1.0387076800992314,0.22501600514364967,0.5479815997290284,0.5613747516125257,3
0.34909640522593627,0.9224234070251666,0.6648163753382097,0.38712303773418777,0.80385550108025,0.6458604716918708,0.534425619440997,0.5126382732311079,0.21325108404106058,0.256965498755626,3
0.35004741796706157,0.15529527123981443,0.5559178880354626,-0.1759300223859059,0.7910435283193831,1.0541211624677385,0.8589412846460819,0.015360082356500271,0.42430080035785933,0.6145329868814096,3
0.7739020514509635,0.86216379379726,0.6570558347685852,0.31000068219457066,0.9325795228256278,1.0090785695096542,0.12726087421772492,0.46396180798193765,0.6747313007248278,0.41391225788605096,2
0.2995562963727564,0.40691463314026294,0.44654679799792185,0.30980424435809667,0.6173195456690369,0.6996349847213615,0.8017145503569182,0.21830527830750854,0.4099719218604051,0.44866412446767345,2
0.11685436052725469,0.27135985971186266,0.1903903414954417,0.23823956353107859,0.377164854086861,0.9705243473508423,0.22364223152726675,0.3816540116031874,0.6313344044000306,0.6483200621960439,1
0.29516192171571254,0.3357449869211067,0.3269672205337162,-0.015085720810864681,0.7155984009631698,0.8719050388322329,0.6193059232426728,0.03791172845970306,0.7155384473140496,0.4035899323268263,3
0.9446301756570404,0.21733104772506975,0.7733425845875943,0.4356906914611093,0.39433538756653386,0.5082497041060977,0.46212568142988725,0.391590001450999,0.5454480765369673,0.5969653513159179,3
0.5515084200140841,1.342728223569496,0.5355087386793549,-0.04027686186279711,0.5200845583348676,-0.2585734702357262,1.6796727234940771,0.3339361139535293,1.2784574798084105,0.5893740188222658,1
0.31268290740653804,0.9184041758004571,0.3930733001946842,0.7390759300878736,-0.04719996633640846,0.179486845133463,0.6055332390512269,0.2196745070707847,0.06132178891729881,0.29236372717417847,1
1.0066885068027842,0.027782818549726078,-0.05252853614437249,0.7986931716048468,0.9743394179665403,0.2636573695158767,0.6908433395281421,0.814857937091168,0.5942254910106386,0.6700900100739781,1
0.41812857497985606,0.25508999983006264,0.289914808247155,0.12012096965224331,0.3235445795395682,0.8167352774780716,0.9650860310168649,0.23191725075734784,0.48484916130130634,0.0675460594757736,3
1.0233488602265344,0.39756119832113634,0.05976301456819815,1.0445166566133834,0.0485975720067191,0.011233524595994054,-0.10475636774257308,0.9810599416869265,0.8377039466237054,0.012835712269474574,3
1.206956026592499,0.953718557301118,0.47082939725656275,0.8118334949780402,0.15292795586939112,1.0736122267417558,0.5828988278317623,1.3302357043903215,-0.17201792044466066,0.2991160675133985,2
1.1596986638457814,0.8290339992310947,1.1229342338364587,0.34183253762115673,0.25226653619548894,1.003359989745317,-0.11980116750776537,1.2661931820439785,0.6525393011340737,0.6338422237776467,3
0.7487342751670691,1.4265452197122208,0.5920932037719098,0.22110517437643906,0.6687349101427038,-0.42167860985964456,-0.03593949912365302,-0.5161586884445174,0.7855491995498736,0.5622055782360784,1
0.12956395470454268,0.09597026138374058,0.38557338760460746,0.7235197817011515,0.08698939900499106,0.3857692732534966,0.5315008035896804,0.8436235979265553,0.41926764304515296,0.4452378585046267,0
1.423393457890986,1.4138247224309122,-0.41425127945251516,1.2700775456655649,1.1668457008254818,0.29343940560456794,0.09945717494163067,0.30654189732450315,-1.0392036253486385,0.015132097013596468,0
0.4972065497006778,0.08547479657401402,0.2549473600193809,0.09500889419116687,0.8231850402108152,0.8807859391587846,0.8755153322231823,-0.2116066815265381,0.7697430256037279,0.09500876747556058,3
0.16101224413861512,0.2982445644727945,0.37174738924951617,-0.0014555448055109839,0.6990115134616349,0.8585503045059538,0.5773100089285466,-0.03348380657856048,0.6360712764115959,0.3916979803585662,3
0.4729353173912939,0.2306455874991536,0.29791788547324016,0.4298727725901186,0.4420587089380733,0.42379863802240264,0.24063646929926158,0.9110063745958745,0.3624509534851834,0.8590263920700418,2
0.49455461066574735,0.45743820477857916,0.07113713724223283,0.6235426882545391,0.4907301024950947,0.03742492934520741,0.06767077845362629,0.6896828689427654,-0.023508166822172424,0.7146396850515376,2
0.4789004239157603,0.8042735026602567,0.18249994780069562,0.42236488064868744,0.10044403183479544,0.8668468819733455,0.5490850281250561,0.4674008282166358,0.1988883051363119,0.9275365758432853,1
0.171248453291455,0.5089062612613924,0.18605136291327432,0.2873061067137081,0.5214847675577217,0.21158968562181374,0.23927189405332722,0.3779917114825705,1.051894029782589,0.2780655475740922,2
0.6843743986477339,0.14467667250695387,0.949441834204992,-0.40672853288341765,0.5611959952126128,0.07436779735754848,-0.1699266053145312,0.9742013170035237,1.2198879303757628,1.2924196350607509,1
0.5665355899870032,1.0981891490254359,0.9178783647795259,0.9763255264634486,0.6437476461552379,0.2638137836012466,1.1401957202916781,-0.021913808045489175,0.238881138038756,0.7397625298782067,1
0.0621697761848027,0.9514841127467232,0.6917506947092907,0.30353165032980356,0.9471579301903096,0.398134053730092,0.6029942363241704,0.5750338395092125,0.6709942680020191,0.7169965353540265,1
0.46133795980511566,0.21879761440068674,0.281922142299277,0.1527708359109858,0.3508279853074377,0.8641543113489747,0.9394675011222327,0.25515711834655885,0.4548499102388066,0.03554948449770581,3
0.006917667543042655,0.45156640693816236,0.1135388435723469,0.17900037870457913,0.3926473753949068,-0.03947090198446415,0.08310730628736321,0.5057994750456739,1.040765894142929,0.31173488038403874,2
0.6330688600109704,0.7990852267225849,0.4025469139977955,0.44944749419313856,0.10812845773514115,0.9426025901621888,0.18920867491751858,0.16620228853367616,0.26096011080904025,0.38502477592130446,0
0.7189470914123264,0.797188936185915,0.5529567777687284,0.21614410916871113,0.8634819644956243,1.073607060247252,0.07106951821664931,0.4686458766984768,0.6079647148703579,0.3614614787089534,2
0.2809413652748125,0.8119116234900942,0.6128622249234895,0.8985573601095805,8.612799987434572e-05,0.3337964177584643,0.7256899219697783,0.19663107277530922,0.025121419038265064,0.35467471896091607,1
0.43164307490229575,0.5444143542600761,0.6365297075083987,0.6908148846598093,0.09032825352304896,0.6383169351269238,0.42750326037096775,0.33908204569455974,0.6808973550606223,0.6453696807619056,1
0.8746731963608716,0.9181549580711545,0.16395956138849682,0.6547669266628225,0.14319929452563288,1.0545820303867592,0.019793195561446653,0.4434723090628993,0.0764258783210219,0.5601478547900274,0
0.25765288589831054,0.420133941514646,-0.07340571419557372,0.17561812087992917,0.30544667475559084,0.1913358517554106,0.21482801173392885,0.263350269825098,1.1024564103680337,0.2770836941646068,2
0.3579846464805899,0.897437930840123,0.4333782741567286,0.8075827015454548,0.005771750755041557,0.3105017177892119,0.5920015593142456,0.26306816481257533,0.1926666472551481,0.24196009363581067,1
0.257637284137931,0.5233210177612334,1.170786182231393,0.07442391701993228,0.40554267801771826,0.33094587493394056,1.2459737500511072,0.3519478719174115,0.8009454694789667,0.38853470980060156,3
0.6327650841749579,0.39708988391286476,0.6728933447484707,0.39795796426755764,0.6012225337181647,0.049519460475557664,0.3924803503160874,0.37193102455902777,0.47903601344422053,0.16217768597918397,0
0.31518612887163716,0.42300238398762474,0.45209194442749595,0.2669127371983797,0.5801485608928094,0.701609056895158,0.8154521881342205,0.23727926400501934,0.4106002116575434,0.4948405438423332,2
0.7760316320432846,0.5949998446579537,0.43891403320777067,0.8861840717602385,0.6105065966545246,0.9083373308716601,0.7033508347475526,0.13512241403430397,0.18140955129325617,0.550370507060094,2
1.0887984436155655,0.7763422968404915,0.4865064039894684,0.4087896862652812,0.4348378168826523,0.23789277958635677,0.539359907294463,0.31084639065525876,0.4758800065040528,0.369087970621276,3
1.0120599769466507,0.10199979040404204,0.013164002767680467,0.7812265558732889,1.0189853483807567,0.1686881326654202,0.6210778344854795,0.7157080740160752,0.7250575984689627,0.7395423072564076,1
0.04080468284861774,0.9552409309266171,0.6565421923479063,0.2882668455343394,0.9425612092744539,0.36494049272864065,0.59777643974259,0.5632960338377953,0.70425499790706,0.7282633955063248,1
0.4951241416390005,0.09613507363653848,0.5108747197241296,0.2946242653783791,0.37313844743548996,0.4435564696951703,0.3743766711432072,0.749339017514063,0.26135022631688554,0.6152520626051414,2
0.24707774775179553,0.44811866798275535,0.982331704779165,0.2169592196434651,0.29498163817423073,0.11537104053319636,0.9887795848824382,0.18888232710894368,1.0221083493731806,0.27301299133776424,3
0.6389327315961115,0.4346131744383667,0.7354972448705432,0.6106451170157798,0.24995059913685314,0.20375550549089488,0.5809095273747952,1.0013112903953019,0.3103632769152192,0.9093341036604401,2
0.10593241353573432,0.6413554595255647,0.8963884929664152,0.5875861268257996,0.6817124441864758,0.6581476678190628,0.429874818559917,0.4835019492990716,0.32632347143969354,0.5029293745030212,1
0.06747191423545912,0.8342515570922486,0.6131400424426183,1.0429099182927328,0.35743730946684715,0.03878677786709167,0.5714791783210009,-0.00773018665232697,0.4545790108623101,0.8033604644916089,1
0.943932936061937,0.7199098148867822,0.4451337780407655,0.5109829761204516,0.2496646485603109,0.27938919807394413,0.3403310504443926,0.040416038865922016,0.5130919991087044,0.7203121396113026,1
1.1895605919232048,0.82914998870774,0.14341704860589657,0.7934542456260085,0.9455439032883591,0.5299406224402029,0.15196324551998242,1.0555199956769483,0.23463334701214034,0.35908054748842344,2
0.8592442057063189,0.6402915856693948,0.4962849052881207,0.4191278803045961,0.2613203910356201,0.2404328032673515,0.22441330001654897,0.13654063989634718,0.37974600947535303,0.9482169992144901,1
0.05186031726078757,1.057166466159952,0.5080796874593287,0.20149353459416341,0.7080276228949176,0.1436974276621203,0.38312897009324254,0.850479300388772,0.6932648131299771,0.5894675304925814,1
0.07184948026687432,0.695080169452043,0.02816681395040815,-0.0389790707331686,0.6553048625919626,0.3489181157574893,0.4158580243481927,0.07276577904539205,1.0028825020719072,0.3826953501140302,2
0.9640742976400554,0.5385117925897821,-0.21981911202669754,1.032323082728321,-0.010961772528517023,0.18844069710250066,0.04089562057957623,0.6887882793920215,0.7651451764332698,0.11861145518817118,3
0.612387379803373,0.7376967376291803,0.9535806262379606,0.17114996145602632,0.20987587976465022,0.153354095985807,0.189168286711774,1.011580785323304,0.8886908306772499,0.7563457045608954,1
0.5418501705788554,0.12782548531756308,0.34658104173587717,0.32107829683720057,0.44594271865622853,0.9741249932426103,0.8669238796832167,0.2900807386020175,0.28406038084170526,-0.1361526055371198,3
0.25421859228105975,0.3522867757244824,0.29046408738206697,0.01493324062590128,0.736510224407413,0.8622663961855139,0.6744217427036809,0.051451103529881366,0.6660547368288604,0.35296183830679756,3
0.3708652647872162,0.50855274730815,0.18280205942129832,0.5277418535671676,0.5104542169943938,0.5801791491344236,0.9224820428476709,0.949949863298237,0.5333408473917147,0.29008488110518993,3
-0.6005839513599824,-0.30104471241886605,0.9667776258156306,1.4167730294413987,1.0958610525420636,0.5645173103924609,0.9989023962378554,0.253575916709642,0.7339995342344938,-0.31507343953939193,3
0.23920686432984795,0.9601845931467518,0.6909365897565506,0.5004568364177064,0.752191246026115,0.5955156709176631,0.6351947330702882,0.5112677571233037,0.17392232154792656,0.3581388684810623,3
0.04665473910800628,0.9148933001346132,0.6652293741544404,0.3312095670559377,0.9558089004219454,0.35746474189180527,0.5922487653308933,0.6220896031211167,0.7123571986866363,0.6853009070012315,1
0.3120486405075727,1.1062054812848363,0.7435583051778213,0.37671342265549873,0.5772338817443189,0.5676224712095497,0.5204325241295883,0.586191481422242,0.24641546292142646,0.40549548829243687,3
0.6556037334270757,0.7835392868707977,1.1917871385569967,0.32499283688610453,0.16720226494663332,-0.055257991055044295,1.240012876397762,0.6390625339033198,0.5856460901549727,0.607870654237495,3
0.880354127188074,0.5067291461434049,0.06763866974144886,0.9872758545917013,0.03506681128213296,0.09592629013660568,0.027425595158379265,0.8769145307421568,0.7985951450067433,0.07474412045769456,3
0.12453143708745562,0.7213449544835242,0.9878224620180027,0.8007344941563068,0.6280309559828172,0.658223831456407,0.6113731010428103,0.3682825140333966,0.49752459636836577,0.6969503913857626,1
0.218652532469763,0.42783847650780005,0.3762635072515377,0.10737773927598268,0.8971774283837319,0.8901916105604712,0.6814260940721905,-0.04786680505037966,0.47012794159744564,0.7744044259834066,3
0.009973568023455823,0.052567942439637055,0.24866415147309384,0.2965491715729661,0.4011473198454719,0.8086479599720666,0.40529158529681897,0.2883329591723823,0.6878586946652472,0.4160197094845799,1
0.44815805819496024,0.7266861942095582,0.4846571018529266,1.0897961911870786,0.35406266706210876,-0.13867351669219252,1.000733437529723,0.5250686137486197,0.5575094025868496,0.931008201569646,1
0.34058883006422186,0.979378161933639,0.8684142377635903,0.719291804520455,0.8900109784176694,0.43630690979961684,0.9925379656065508,1.0318834952981863,0.5989489376949954,0.10533409018729233,2
0.18813254665552404,0.6551102040794817,0.9955589768967277,0.42939628669686974,0.8418656161775921,0.7083696218692999,0.5988214208920303,0.47199337842829664,0.1226498816520136,0.5042557387270642,1
0.6036655931038561,0.9216316236557791,0.319058170455364,0.6024507183555665,0.9628007429248177,0.45585829426140034,0.9497285684802292,0.08773701023017971,0.8725349971111217,0.8185777057325141,1
0.11240192059591315,1.089222683455618,0.6070337667516404,0.5104306566894334,0.7170851446248044,0.08132587895093468,0.6606482468749544,0.6033430382086241,0.4571549788580004,0.6151145630122059,1
1.103688849264699,0.6603867552529532,0.2884701740958833,1.0596162899628094,0.5036485133363141,0.5675545238719546,0.3907332117186163,0.9658799561005328,0.13709575656004694,-0.09163460244418442,2
0.46965026364707363,0.7287989670616039,0.5642110434212199,0.5760729404312125,0.3028866903450123,0.2607202129891794,0.7515150503314355,-0.09315637135336954,0.6061730603915122,0.7547856098090446,1
0.3126943799998895,0.15223560600782762,1.0336239972184766,0.4785049998944502,0.6736269004393242,0.2295111432780487,0.9319786865036886,0.49443377318816223,0.8013353379668475,0.16896474069643289,3
0.08432386875546624,0.3956517251325582,0.6373966923891795,0.6370592598048712,0.7533937551267866,0.6574748178627735,0.8233444965101602,0.055629022926547,0.24277410237237287,-0.15479810189352972,3
0.38381233452226277,0.16394633234879535,0.8366731528861499,0.3286085222237249,0.5955641614746675,1.196844083673623,0.6693015108835383,-0.022798146517974682,0.7097491112648131,0.8255602761232532,3
0.3787908626904276,-0.04678057849795356,0.3470617506418178,0.8528041467671641,0.7306879180279758,0.4606549744355247,0.591423464082497,-0.04878536177273264,0.33639837501637726,0.4580388217470442,3
0.13650457350136283,0.10693694093173953,0.38468149652746747,0.7156722629251346,0.09009543821594686,0.3903950717616725,0.5262946740225379,0.8501870958895125,0.4151298642055383,0.4451926260944601,0
0.26474864487707483,0.9547155699981659,0.6744699285389333,0.4716878530180278,0.7827210573946265,0.6381047701843856,0.617027620758829,0.5056685271835031,0.17643576557206583,0.34455730081356734,3
0.2442233245219025,0.449786226771384,0.9700497809572883,0.18610609104140852,0.16100080623155627,0.08094326918420773,0.9310427033362325,0.26137956022806313,1.004661240622851,0.23723410544498116,3
0.7721575863452905,0.6123960940292662,0.5278173293205057,0.3415559862325029,0.4678254345674332,0.045382428108024064,0.7067928874996169,0.3896312597969004,-0.07791502711839218,0.07405974790173835,2
0.7762972668590277,0.35234024146997306,1.2258128918234974,1.139569721198284,-0.7334878668418479,0.5809632228577546,-0.4189206681799671,0.9470285864916215,-0.08003228327847328,-0.22480153644033873,3
0.4041720451612809,0.5746481342138577,0.4194347209575745,0.15350216819790236,0.046079450383394206,0.6410292818501354,0.051190944002556936,0.6354897952478511,0.9451108292926873,0.1754379435645873,3
0.6992517348745367,0.4328984360523003,0.6005557124752365,0.7461448072925803,0.5435286426319862,0.931016565578714,0.6265068182154879,0.3080927079980419,0.1828335509460079,0.4676098352959886,2
0.05535450411909964,0.956651420506699,0.6877541330550366,0.300232147425925,0.9388008468099552,0.3873473382911506,0.6001602097549342,0.5840069159177242,0.6797863493362419,0.7182366305862615,1
0.36553923601456695,0.39662666076278646,0.17410953412258057,0.525532297399482,0.2945915804890855,0.04914736023819649,0.07024104588615682,0.9340535338078313,0.08904508464201993,0.52291027266192,2
0.08440092337684683,0.8943564880871664,0.8316695170203239,0.7893747021974937,0.17411916997266505,0.21917795525209866,0.9503600882889822,0.5989835263167693,0.7390793507526261,0.08624766382584326,0
1.047549440986454,0.5682796314382983,-0.10786963594284683,0.8913584535963457,0.17696193338202648,0.07192433985166438,0.0998273032609343,0.807309939722826,0.8526759251505702,0.09542417527295041,3
0.40860044764024395,0.7729834003040489,0.17124807465021322,0.7045750109327351,0.14650974182874174,0.7326416132786158,0.15573156790226872,0.4905934763784243,0.14138530648195624,0.356309576637859,0
0.0230799087432563,1.036471708829763,0.7475687704809693,0.27492090640220146,0.898822330221287,0.43384881477543397,0.6142404890382058,0.5492646590680498,0.6410095275645016,0.7336622996138453,1
0.9820075515817314,0.6641205968682198,0.37965300642916,0.5618286673268076,0.13387039547245155,0.20852386293102732,0.24094103223286692,-0.0010183900356302011,0.2459521657225891,0.7872407604528321,1
-0.016848349754301807,1.1380840613927588,0.7149552498019094,0.9284389519571675,0.44469789036438406,0.22983874222996836,1.0220156659647774,0.8107744976311656,0.7702023871411585,-0.12060288648123418,0
0.5200356442884503,0.1423270784124751,0.4993926234763671,0.3122033765953297,0.4156234550026282,0.4802632572079496,0.367405587141333,0.8016383651753615,0.3046618752853245,0.6003185812178633,2
0.7968320300329214,0.42864892065247195,0.5770739623920466,0.47964170861376443,-0.0572089229049913,0.4515493666945783,0.06119116236932977,0.4036697428798526,0.257442610566749,0.3861518902219651,3
0.5934252216121484,0.510211201741385,0.13520861479707438,-0.04919388360829466,0.6192945221181586,0.9018806627831105,0.852550361986063,0.04002619731472273,0.6253763748562156,-0.03856288092544205,3
0.251710884952087,0.9317015501134122,1.023395236771157,-0.015769900864952946,1.0874681877287435,0.5762502683066617,0.18170390691872634,1.0202503648843808,0.7983064167465025,1.0690452763727007,1
0.4605015814584805,0.21749740007172508,0.2851395266619138,0.15650155402586283,0.3499434348473693,0.8619882338962678,0.9397891039603306,0.25014535300664126,0.4561947640937854,0.035362765374161706,3
0.2564261402430454,0.5003926503937455,0.21149109779995906,0.4784150812003726,0.4627886257369143,0.06524792335395244,-0.13703290144362407,0.7442636543733042,0.07853291189676098,0.407899745539362,2
0.42562101979199707,0.5711475948468466,0.3918622790784529,0.1393288788419657,0.05169300090328733,0.6381270365841286,0.02925348667530834,0.6359823511809519,0.9347608193388294,0.1593866887059849,3
0.10037576158952685,0.872425295571799,0.7263690919062654,0.6117131414569892,0.6630558975464905,0.6152538089363925,0.5739832268478098,0.25365832498380414,0.5421031787139575,0.690993150467211,1
0.5964024836770314,0.9686868345038642,0.28414987931544594,0.5490161258781874,0.9913659268438171,0.4740022928771185,0.9410310156173552,0.1478417184912443,0.8782794369189542,0.803850986007713,1
0.2654218566273341,0.9023330569955709,0.6663029647976325,0.8936734997018658,0.3506264343202986,0.20390575198497576,0.9239010824479821,0.1318760475612691,0.4139520979144564,0.7103076407095487,1
0.40236040869195183,0.8217932976641537,0.5026628305083692,0.8324978544532236,-0.008987218454112792,0.24073421444562618,0.6087938339767212,0.23036216223762962,0.16875339997183647,0.22808892196072192,1
0.3227320398167717,0.9281094889624352,0.4517809124198034,0.7493726107055116,0.3085198912331075,-0.03344663709616563,0.4494362737378693,1.0307718511988209,0.672904302845067,-0.6536124213475062,0
0.8162533358508528,0.4446251745259271,0.24024146275181957,0.8992399193104533,0.5479439107246626,0.7057141863460575,0.2113382967691303,0.8557977728152559,0.2653807844759123,0.05012981049578517,2
0.5207301730862289,1.10283523691706,0.38707849293028085,0.5308138312450901,0.936513338762125,0.6138742011532604,0.9397802694272479,0.06798352781951134,0.9921715980369681,0.728705453231145,1
0.336848717227254,0.9199450215315741,0.9042747079741732,0.6315058739245535,0.7490245896669724,0.25603046725729184,0.8367918175254838,0.935421215223384,0.575110271540466,0.11032983388255801,2
0.46112781198395647,0.3105249593332272,0.912727826989336,0.4412536808791618,0.5908225504613915,0.1309866951595572,0.8996545205966896,0.6373708994979241,0.6737334258588271,0.2147524658816244,3
0.33600038595560405,0.39591276940398556,0.42715665997491337,0.2950171212064975,0.562225788122964,0.7392954985250076,0.7970363328934359,0.20888480059361986,0.4069981853125969,0.49274433988789706,2
0.9190072156379033,0.6858408620308415,0.4864437445046179,0.5120320157733881,0.32418473428796646,0.3247258275907171,0.2760177561070975,0.1002904601746397,0.3622089470018729,0.8965490340123623,1
0.8712650258998978,0.6217232818107833,0.5734137116633353,0.3244724233547147,0.07520693712801335,0.4423370172273373,0.41349345366838314,0.18851699546832112,0.23446498236477553,0.9841376349071989,1
-0.14602062148563466,1.0248743299572856,0.8533826209930127,0.18877786869699875,1.053042637544107,0.5799260265157358,0.7228124141127215,0.4820661401358566,0.7358822513755163,0.871494418910487,1
0.098082539613567,0.6684553923482445,0.9338149686854875,0.6155984844046118,0.7170215728441061,0.632997932857789,0.4207239484939748,0.44935531563933034,0.3423626155173584,0.4981323229000569,1
0.7240928566126489,0.07022159144271001,0.9951318020041666,0.46927012598396783,0.7195008947876715,0.15742617960304162,1.0937660609004303,0.7139820680804172,1.5608871913288709,-0.016607102342362956,3
0.07979832112566525,0.9733131769993152,0.6650341375516019,0.2712446278199515,0.9556043257637207,0.4008971454146744,0.5882143740142406,0.5728346422470436,0.7062312937904958,0.7418424132668006,1
0.9125724261266814,0.2678544126698682,1.3238587318823187,0.5030402990243288,1.1110223050747454,-0.10356466079026905,0.8225207395893579,0.2537529442219928,1.0595156487251942,0.6490590346522654,3
-0.007316108376667921,1.5645559792045725,1.2219218009725181,0.46305920191209116,0.6659337676736644,0.6182848738525589,0.5514169154507634,0.9532500002876294,1.0248485372698273,0.27183735425408545,0
0.521135447451277,0.7165986811888228,0.9348843074962251,-0.11137268805746631,0.14732299777053687,0.1665362742944771,0.11690622126249992,0.8502856375829597,0.7612084109843094,0.836580868834921,1
0.28355986611411954,0.24768634928824965,-0.06321410481012622,-0.1134347590296387,0.1803531866902251,0.10635086505743206,0.2752778821495549,0.11406367972731751,0.8064622488065583,0.3348131484610698,2
0.15603945914519995,0.6890558105063056,0.8241597982745302,0.4830326103042173,0.7880937141074689,0.5234087084021071,0.46130452010200906,0.41037853839905486,0.2670163687035821,0.5639201845018833,1
0.05287393864720429,0.7771210349321843,0.8480711016288852,0.22427839223490414,0.979922706855383,0.5298134072953251,0.6812870661766628,0.45069336299556867,0.7268369181559398,0.49731676572023237,2
0.4588345597352476,0.2094455765356688,0.2686599855893809,0.11654191173305148,0.38799302287041204,0.8521953877898297,0.9015273713885682,0.19579629952111624,0.48975753773444614,0.09230598844481742,3
0.9599479105663291,0.5698814456291653,0.8291113993905999,0.44178088409852023,0.7429783999306421,0.15702511927622215,0.7114944604557875,0.45876463700024855,-0.09808851463678092,0.1963128914841348,2
0.42340503486621694,0.5620338606279839,0.39611203305349907,0.1439270088661724,0.0444205022045187,0.647893275509647,0.031066119311936206,0.6318297839583157,0.9304098568056427,0.16019289411914114,3
0.4074921691117388,0.5574137701213964,0.40177998781332236,0.1296354571954859,0.0362429398967178,0.6596612551692148,0.031843720426122345,0.6480042673263158,0.9366654815277923,0.14610428878879594,3
0.45770287244227537,0.21750677153125048,0.28499908416942077,0.1598013509344568,0.36288931957604587,0.8570562253626571,0.9419967536949738,0.25094943206700643,0.45601456644350163,0.039059266091272,3
0.8265782119024027,0.8406603038515951,0.12697649404778155,0.31636400655762387,0.451898115356006,0.16866394602722812,0.0007745841659886343,0.2500172570867936,0.6785283203701282,1.0116409933864325,1
-0.3031197921217346,0.6393309105206091,0.7461009662716577,1.0925468564336382,0.21017918761646012,0.11683738310178521,1.0140559996473295,0.2629175338406706,0.7501090097333901,-0.1478415126179794,0
0.7043471984531576,0.3202140594923111,0.2738077828310339,0.4920297821473469,-0.08959682157925314,0.38581019489821106,0.4179482727944454,0.5726324856062054,0.23294830822397433,0.9181349391142503,2
0.4089228236522105,0.8381600511338361,0.5113399943544947,0.703515174362193,0.9091127596040466,0.4815379947861489,0.33460045590393217,0.9273818247006103,0.7882550583530132,0.8562480195980353,3
0.059579838714850786,0.9631533324521673,0.6921333538576004,0.3030405787127272,0.931059877380918,0.39596356769054997,0.6064103176604364,0.5847128205039145,0.6847048024058003,0.7159635012958696,1
0.6609884360040474,0.03588752482489033,0.5583309447602175,0.11646633825572761,0.2300946503108789,-0.6388282155933888,-0.288599738618172,0.3979369102216683,0.4265317647868024,0.6756895327798736,1
0.37130951624422004,0.8322571847745732,0.45441063880540566,0.7927164960683223,-0.0063857800204276515,0.2577104581705709,0.6137020476719094,0.2744086878505127,0.1778276040587457,0.19599278423310368,1
1.0290408414266248,-0.02798583912231077,0.09326538427500441,0.694339374504705,1.0754981556361443,0.10873133334751549,0.7090874386916098,0.6610541663394911,0.6634164703668992,0.7901169442889817,1
0.9230195200846789,0.6539325735813959,0.519182999732752,0.20163184617758254,0.2295271564107608,0.2987532785148972,0.3004992960535998,1.072587799401292,0.596743729656168,0.7007679874308692,3
0.8090152924437704,0.994302471066505,-0.31671686267138954,0.6524195761801368,-0.3186295268599141,0.4451204500201249,0.0405530974596201,-0.012903409187213027,0.6295575071243268,0.45805157286718845,1
0.39420556033012044,0.4372880066929693,0.14053143008828847,0.5163359176589948,0.28281544092807853,0.031700049071748546,-0.02223332181642372,0.71686115127758,0.14663748175553185,0.5772450699224778,2
0.2909724662848303,0.4515548707916862,0.43707795760607365,0.23195752568925548,0.5901418480498105,0.7319735169806106,0.8271820053853991,0.20321024514971542,0.38020429179284065,0.5254491000537365,2
0.8065740388817405,0.09552159168897173,0.6701304730428005,0.5951152524564388,-0.025616830472798516,0.6425744728956605,0.25124627997435667,0.7969248113681948,0.6955009276998094,0.543292366136817,3
1.0819614416801961,0.8075335700641734,0.030298269327685423,0.750618137671891,0.7920954425127744,0.602295306962127,0.75371397349432,1.1590416891461313,0.014105228594137618,-0.05316511351788088,2
0.06955859763248921,0.5949984198509207,0.9336647554741709,0.6651976651965084,0.7074982211531563,0.6518496878909271,0.353147692422834,0.49253762092948905,0.27001753444232224,0.4963898661384187,1
1.1949949392400612,0.8112425039695568,0.01442401484809308,0.9856740859911575,0.6653941891427663,0.7243986984965417,0.30206041445608167,0.7731065638974155,-0.0615872966789556,-0.11927384415972436,2
0.5101831154236018,0.8013223007234073,0.542414189847913,0.7218258218539183,-0.09776108355188208,0.1772571857673001,0.5774642738975904,0.18526422514149707,0.03113443766299555,0.12221503297937507,1
0.5956482448737838,0.655216370072332,0.4837201526679422,0.24106412560040158,0.7709727457827509,-0.18330739000952362,1.0516209316497038,0.47819875271638523,-0.08331393085671912,0.45312657360178166,2
0.055917192205796294,0.7738756369957296,0.8467050516732079,0.21890478459982476,0.9873675695346619,0.5313976316113395,0.6857114401263265,0.46155340601592615,0.7162995509362361,0.5073125972686727,2
0.38205254616734624,0.8795589317884721,0.41077502034244634,0.8574356160141111,-0.028636626691641014,0.2537949593855191,0.5964755867474222,0.2842493373143536,0.11039647092953114,0.20242045541061154,1
0.05951677958844975,0.7836762820186244,0.8424785186773919,0.20787539759907903,0.9881194598940891,0.5421713594368258,0.6796618123799242,0.45376698106320335,0.7230433076340521,0.5157423340898479,2
0.2445875143287158,0.3985002536793198,0.5409374120552195,0.24740044262036284,0.6167897762893947,0.9560784041819291,0.8511417769487676,0.00973484709636356,0.4690454461434973,0.7628268186468816,3
0.19597038728498856,0.29450878250664025,1.0940330032696148,1.1723336834146534,1.2478656516157594,0.7599094268277344,0.5206095310898944,0.9184086789959064,0.9031382233268183,0.4605137869294348,3
-0.2771372495648716,1.0592194786790123,1.3719475747095116,-0.6724407479048135,-0.3357142373181713,-0.12380813639531082,0.5873853272177315,0.14566923279982336,1.796427793221394,0.38492566475538226,3
-0.09998054681044352,0.7823994290994158,0.8444691809672973,0.9280824176660976,1.0174331771141434,-0.028991726397656792,0.915391843095908,0.7864452356685897,0.7824778493191753,0.9721090146519721,1
0.07057842456500574,0.9546817744491242,0.7098777556857839,0.2914831414566518,0.9493562472633815,0.3621833167292779,0.5729021960079709,0.587911066138069,0.7041292806832027,0.7352424522574181,1
0.28663388491826003,0.9309908933371601,0.8639212523809516,0.6532557227535875,0.7802397862460081,0.2236717456090188,0.8090525099999977,0.9156662478687005,0.5576543884400432,0.03605800432958339,2
0.05244434820970419,0.9444431979692726,0.6264189862915961,0.31782973543714077,0.8630466796435756,0.4255265025171953,0.6247604248691462,0.6433301309077852,0.6510706401132338,0.8052232002395121,1
0.3766378110903345,0.8448116741102765,0.4657358473987644,0.7981994782751596,0.014841736729038126,0.26884870799769184,0.5957222109474881,0.2501878009645409,0.16537453997561674,0.2229963015772323,1
-0.13624357714983815,0.9736694762997511,0.8737747046322885,1.0192388142051683,0.4575264698370557,0.3762406231926371,1.049019304889874,0.6745761346140575,0.8355653400937366,-0.11341975440462046,0
0.49945363358960215,0.8348896807879833,0.39615116863212063,0.427841762772456,1.0098452276295478,0.40965535452595114,0.9925868147878055,0.11660825353093422,0.8766493363474112,0.8082857850385352,1
0.9100608544723142,0.7346674355060001,0.5267122835516016,0.4708266073516953,0.2731391041565176,0.2657776657036241,0.23130461744301187,0.12992405092739245,0.3785593421532756,0.8676001205751902,1
0.3614765534252627,0.795107077675582,0.567844811514693,0.75109979527719,-0.08749674986481504,0.32100739562972797,0.5311140305986096,0.2994222137710476,0.04805172580807804,0.10417478223984897,1
-0.355351901685247,-0.6446222909402504,0.6594877240829835,0.36824234717314513,1.1323194694295016,-0.3646137989597648,1.2710931447417257,0.7953635215344244,0.9669489472773175,1.105350393492814,1
0.1094583896093573,0.09804297332799156,0.41112608474517326,0.7099355900131041,0.0943165629381728,0.36693382369568106,0.5754125094481379,0.8199219736634062,0.45291311457661576,0.42248200888131643,0
0.3980202696485965,0.35386851016264886,0.15301739758370284,0.19316948427219377,0.45606404087581254,0.9360781577744423,0.9392921083062119,0.2788165707795376,0.4097795115309962,-0.058237703501827984,3
0.1474327100159129,0.4570786171656949,1.137220810245798,0.4759771129434509,0.7407663202252454,0.46542697560061974,0.25149521252104345,0.37645084637628756,0.4311463297273077,0.3771224190435791,1
0.666244047600571,0.1540048169422727,0.7072858764301216,-0.05856281073475557,0.9954088548313504,0.6540550550940246,0.6656365992787323,0.8916886567514885,-0.010153335792824236,0.712537829455292,3
0.1362535196221914,0.3656058795674319,0.01365667922929118,0.06085908124979194,0.45388778793232487,0.07596667795153744,0.1573430275419607,0.3795742212319506,0.9235008935818242,0.25739532290550227,2
0.5997308806250974,0.9635602703802038,0.3031430156742767,0.5627324794465715,0.9803814814015697,0.4962108144181762,0.9619468502458288,0.12994326687577162,0.8848648492021205,0.8198476923905077,1
-0.08248091276810465,0.43889976128697433,0.5379402485574156,0.8832432029501499,0.7752361090798747,0.5885137353536933,1.0337484544831095,-0.10797625072812331,0.775789755961192,0.5064401616862104,1
0.795181507414956,-0.2549526666116922,0.5503851639975448,0.24788659874038646,0.3552895638382596,0.7037148004577801,0.39293712844585926,0.3918604335085427,0.45282563350306837,0.7874891009916681,3
0.38703660226445075,0.49547069790692866,0.25484690711964203,0.5092893332541255,0.503942457245209,0.6449866411166207,1.0428282784898393,0.9384172760023938,0.43685722601125293,0.20345446376534881,3
0.6935248343662055,0.25942251932432214,0.3126705433860326,0.04640163409843091,0.40743244849919824,0.7474375254487217,0.01867277537218831,-0.15937305023358095,1.2445459313070608,0.4007727745916007,3
0.9605122896554911,0.45783433435860793,0.06705963193158883,0.9915543589896377,0.033331883067774945,0.18870809851770537,-0.014290204917971588,0.8421240298660603,0.8355880806376956,0.03264486221465241,3
0.5355864204055352,0.8891667631109544,0.7949258835960373,0.4355608952411466,0.9159443763057821,0.1106198610515077,0.7432363368258981,0.8776414662207805,0.4491213535275822,-0.10184194154649157,2
0.7132683257774213,1.0048482856682899,0.7604006166067635,0.7298887162158847,0.9804647624200273,0.6175009311642359,0.40696169601776366,1.0402941801860615,1.024683557960337,0.7362279611228502,3
0.3026947991513715,0.9448059787485822,0.7740624369243617,0.748046937499972,0.33178036121400295,0.21949669889475115,0.8814875824623978,0.04380209040743516,0.3550745977434837,0.7387475209974107,1
0.2705228074553727,1.0824310835798252,0.5809494819075798,0.4202903382224029,0.7824898899066092,0.7275966430140182,0.6425711560536943,0.512276147752546,0.07048776155693173,0.35771647774376936,3
0.499515888183033,0.45037578483496155,0.1146584530930792,0.5988419535633003,0.3831492391212447,0.6673039666640392,0.938014193051584,0.8433017266941218,0.48713262575616756,0.33234863576132656,3
-0.4756861657328084,-0.36606808143679403,1.5578401983772947,1.1585134045580077,2.0146077281694605,-0.99552790267626,1.2330537820023681,2.1732736573725635,1.857228330943477,1.6800202325002647,1
0.17738013942862968,0.38431406628866127,-0.02771047052090233,0.012459136435928976,0.2687622362192781,0.09984202584158816,0.2155888679191258,0.4619651950054131,0.8205686372012544,0.19818784793022334,2
0.9307485221798398,0.49836164355223406,0.03746685073762328,0.979788217341499,0.06461802287122234,0.1595546588941669,0.03031860205523631,0.9116924252709545,0.7698005021267313,0.03022041830128015,3
0.4329887610618792,1.001030395461671,0.9837828832518054,0.4788951428841491,0.47615256677440676,0.46270247185501334,0.455467163931464,0.8382789497768913,0.444587494922872,-0.3177103264555495,0
0.44390993378381194,0.8772850032015894,0.37397709274898716,0.8579304175292239,-0.09858406725719997,0.16165957094304648,0.6743678879210591,0.1484437563785449,0.23238365526408392,0.2591383725959152,1
0.05243512811975521,0.9207599913928884,0.8525455525778438,0.7838742877631115,0.1824551606563959,0.24154121002061898,0.975027041000438,0.5499384275139375,0.6860823819123716,0.06200762386036367,0
0.3357814605125307,0.9763241180421639,0.8929724345206659,0.5948211183392303,0.7702516599663672,0.23218495048082932,0.8414369226183267,0.8663730173823391,0.5507628821421661,0.05173491321332703,2
0.9604736236504393,0.7252823435119437,0.6624391325390723,0.2585864637663576,0.40326643656927547,0.45240528994606993,0.46087401500714,0.9508191675174605,0.6660727606692578,0.8282477705486193,3
0.8343934323212927,1.3004821185567446,1.199212590243048,0.2704050445479549,0.8870157101118954,1.2384114394398886,0.026441841026546564,0.3944554085593624,0.7785112073868563,0.3687811680723774,1
0.7356805670343918,0.672570617451978,0.8279272034407351,0.11483086122281422,0.13972373386032616,0.12999367126000855,0.300210644619278,0.8692299150497004,0.8911075588855274,0.8589758739932465,1
0.05128890760723209,0.7739434758796775,0.8456446177458168,0.21480826197359654,0.9904332811931975,0.5334281454918586,0.6877361806401279,0.46024412744282156,0.7175718280127114,0.5079798372792973,2
0.47318677221005634,0.48467507009589506,0.9176925449679558,0.4365982665779967,0.3011575263801628,0.1437286698437486,0.8271725278487856,0.11221680083472957,1.113618715901728,0.49256863966877323,3
0.7649334761736446,0.36189748930216015,-0.021238642526278162,0.6040316354061593,0.5238831320912063,0.6485213318937787,0.9178868277507113,0.36177722275440677,0.3472487918868482,0.9621997240134698,2
0.010123203469418918,0.1503873866557917,0.18482958991325088,0.3121648392857308,0.24566960381211927,0.9521979504262024,0.2849318358225646,0.3605498906545587,0.6022775410430199,0.46408449128425466,1
0.2042009275669407,0.8982590561165003,0.8118273117454767,-0.19660405923579372,0.615945618978449,0.6887210006531125,1.160234514331416,-0.10765864927570012,0.9198168700689509,0.9036439352682499,3
0.4312840843765859,0.5603167166097509,0.62721788120451,0.19966253047070256,0.7233000933139743,0.8916523608986403,0.2426259788199927,1.1511668856962955,0.5273290447067277,0.6794916345802005,1
0.6207277725042746,0.11793399964919521,0.38066629986188133,0.46840323083446006,0.32635570407075987,0.3312749815319807,0.5331741163241727,0.9565494595843079,0.2126690390047902,0.49632035093738314,2
1.0319158312979804,0.6432798136441981,0.6696715258583077,0.19208055729455376,0.41627753889012264,0.5168333095645321,0.47379435280096915,0.9717059839404687,0.7014048491207203,0.799742709323198,3
0.735989593065677,0.41018961568002643,0.5827272197952358,0.7111200675842768,0.535184848444748,0.9089046612601074,0.6607315253495226,0.33907420887609513,0.22322436585305797,0.4559923999124674,2
0.4730107773958083,0.22014632042869706,0.30793631461025617,0.15669254519315312,0.33780814216210714,0.8600839156110835,0.9525642415226235,0.27755189266709135,0.47469027680805814,0.027417709504031735,3
0.3276147460451866,0.4518673860355617,0.34708593633820406,0.182833015891037,0.23932387760594373,0.17947574246997167,0.6571201638658879,0.6392667904302499,0.35943133372849034,0.7099921839696871,2
0.030903571159176857,1.2136917433925187,0.6818803266984388,0.4746824128473032,0.46777588086346283,0.5458779987906277,0.7931033150716094,0.23470299492374302,0.6484310274176703,0.945625128283867,1
0.2533855090229636,0.5047611567286117,0.9880639064124433,0.19941485679873674,0.21865662986575224,0.05260818149380236,0.9531535055313181,0.2417302878609998,0.965999028509713,0.26535703061065574,3
0.5877853895883081,0.10394089706439669,0.3820808483581759,0.22956580521141343,0.40070264719878657,0.7152016872721164,0.8417076054088498,0.33259031424255975,0.4001301587591072,0.09064568389371438,3
1.1452171166885732,1.4128677861585486,1.0983036443454939,0.8097562535701218,-0.7018181769170024,0.025469578107596313,1.4582322268192078,0.5395207843609063,-0.7315216116305931,1.58051808010269,1
0.10802587167287189,0.3934786897866066,0.09492272700314851,0.08320857743880566,0.5281532708874516,0.16937789014761837,0.2157590352386346,0.419327725756753,0.840209173054222,0.18236925601082188,2
0.1081950015463159,0.5800408589295825,1.0012256438907277,0.5596433704391858,0.7917345737757867,0.6806551675479071,0.45150004720522213,0.4742786126660658,0.2723930003813414,0.4073749736059135,1
-0.0600969462631297,1.1173973216125799,0.9825241644966861,0.6006091686814646,0.025494916157173725,0.16781321898600499,0.9044675035977456,0.5681613828909539,0.7089814956194379,0.24752399006520912,0
0.2500209399268489,0.46145674304919126,0.5461301967872476,0.2951012106765086,0.6644036195599071,0.9123524537130332,0.9472230955966208,0.07113139556431097,0.412455834513901,0.5898511481299522,3
1.0470999040119713,-0.07293403636110685,1.9471427338907197,0.04499154272227193,0.2422918402366648,-0.8854386922696664,0.03243706084785003,0.6378295597823636,0.10340234118756975,-0.05762827755407435,3
0.1166418601135744,0.43427960224100925,0.9725275578274718,0.25479435871944556,0.2632657202565832,0.1641372302301755,0.9204148079542271,0.29490161846683066,1.1037724448713848,0.118339642343031,3
1.3360760132083431,0.35409416475283684,0.6184843665470876,0.6625104646447628,0.18582025599526308,0.0755359314209832,0.28964045184751763,0.9698018278480658,0.6031931150069574,1.122967422558147,3
0.9372306894399467,0.739949209918806,0.3385888147733075,1.0091424764090642,0.7152639528353324,0.7173891304415019,0.352577861327102,1.0465634674110371,-0.15587734721843388,0.19771421393014169,2
0.3398518448298687,0.1762467827428408,0.5073554005100844,-0.1722441902464126,0.6721436609010776,1.1162754717747914,0.8165455136617494,0.08331576190475609,0.4794846650423909,0.47985813123923104,3
0.971638100690267,0.4515683634797917,0.07580113902484067,1.0524743557243394,0.004186489033769614,0.10348574579503453,0.03713407144281803,0.8923681204755454,0.8431968050928881,0.09499316483743062,3
-0.1530483729839494,-0.009415069309286261,0.41246997384683703,1.4442212089326965,1.022144268895109,0.1853764103849583,1.320037029192688,0.24460292838251507,1.0733143999671997,1.2373979293705584,1
0.4126835997645792,0.5494283285702934,0.3886209364498698,0.14442074460124388,0.036691288070536315,0.6471919860118264,0.035953092556204186,0.6316748430461299,0.9458248031986302,0.17144239150600582,3
0.49676880346876645,1.0573837452428236,0.3112469488279309,1.359237995531247,0.5951923621374491,-0.024838023249307076,0.7004829396780184,0.5584641288096813,0.6495723166890378,1.411494705292821,1
0.8293482892751056,0.3333098178911186,0.5092152773684505,0.76091478744883,0.5906413018149931,1.0069441394726288,0.5646566270069522,0.24243806512885108,0.05223690273422987,0.518230543092877,2
0.18182128062698266,0.5257054056296878,0.05042482085347081,0.27711146966148575,0.5187728916356154,-0.07213100938047867,0.03753001163132733,0.7454761211413219,-0.10355734835565494,0.8442298423687028,2
0.33367442141906856,0.9325674971985365,0.4332058743802527,0.7189589689019703,-0.01455951334243031,0.2297278187713539,0.5762004494090129,0.32015872337430956,0.06014452360569797,0.16655902295636338,1
0.788910870628331,0.46460711195217447,0.1866279217430114,0.5964734793410691,0.40384360830861155,0.8325228404883932,-0.20007032533691732,0.056954592605192644,0.0651924589634105,0.050389902230770556,0
0.22781835110185955,1.0010478680292079,0.663452840623829,0.45521977096247307,0.7971760228598617,0.6397524881040618,0.6534899226062422,0.4850290747740634,0.12200271667818144,0.37752005887454365,3
-0.10034068924159747,0.33376309272514454,-0.24842207123527354,0.07928840677966299,0.5776450782185765,0.18874066024202507,0.1229449443688798,0.37841399627312755,0.7140487136260292,0.2516646048599448,2
0.2925958589770653,0.07624841176785077,0.10012539992082797,0.13278103977926792,0.3979557812875974,0.7779615328363645,0.3820013745695217,0.47152446898838574,0.6504992327134157,0.48073835070473975,1
0.6256480121052708,-0.5681845119706207,0.9009372437411896,0.04267664979595864,0.2812391485375536,-0.15633022942231595,0.7579609418122777,-0.14753564205355096,1.2427918154668736,0.713103712655061,3
0.23611856770059483,0.29503161021297053,0.9130347771125341,0.1591887475643805,-0.05821643481393629,0.045288488422585295,1.0228763925953253,0.3766544929218872,0.7327291974007747,0.523548534940184,3
0.9077527054375629,0.7653405128969054,0.5084892390873398,0.43583011487695267,0.2997242151215391,0.29889792144740773,0.21591259215314962,0.1466581612150751,0.36827981457962045,0.8590191962977064,1
0.26332151129481474,0.4098610156501591,0.5727447200374304,0.18360635498881017,0.7619907472293559,0.8996690342150621,0.8630270463097349,0.11500229459399887,0.41202490966116184,0.622072072653615,3
0.9671427272359803,0.6911375083869586,0.1810492613271283,0.9602741336148545,0.611301746174979,0.7415318856253682,0.5062798538156773,0.9822861250679317,0.012275940625588483,0.057979759607417664,2
0.876071474049231,0.7234091005162608,1.1242083968639531,-0.12231992437630831,-0.010420449225719441,0.10810178742421632,0.5056074637548776,1.1104049212128984,0.7888869756195808,0.9783402847207874,1
0.03480064172448505,0.20267413197180723,0.43142355497802853,0.6211864288189437,0.11610487197679022,0.3290984146820094,0.4903499978854564,0.7778332183828776,0.4682500354804945,0.46776252650181793,0
0.3283385559569714,0.9580254936382818,0.3892636610289076,0.8703371350212463,-0.10126795754636361,0.3051200588865323,0.6683420365462348,0.21436355992730052,0.049997245597453416,0.11245963600832566,1
-0.018934041748998126,1.0759303566819778,-0.07561796728067151,0.4155070417444119,0.8265120155625122,0.8862181998824687,0.7742218397704344,0.10042692878835101,0.3455764881160331,0.703814924060078,0
0.23982771251382548,0.517302800417588,0.6428063572224427,0.952427033757183,0.9749114624514791,0.14980504369489817,0.8880334665175333,0.8094024353692686,0.41921026791889837,0.902883711834095,1
0.024249751371484548,0.9771304736904027,0.6966388474481678,0.23349920573199773,0.9801113918277,0.43981940162341243,0.6372332070228557,0.6057939206242595,0.7656304261228638,0.7370066544462287,1
0.3900352060114641,0.45945776198902555,0.3959834311833399,0.29586313842514206,0.5247257672184874,0.7092777886182637,0.8572467102106297,0.21104217795444377,0.45862459017611534,0.46863926863310423,2
0.9958729089348387,0.7171631672527784,0.5178346716491368,0.37920144627335894,0.2806813557535433,0.2322480723969246,0.15703741541699645,0.17544276693588443,0.2824123537465224,0.9766594495453365,1
0.3722873996570393,0.9109323655515456,0.7128317166813829,0.7916830201304018,0.430448217711919,0.2292074602452564,0.9301013496400796,0.07915221127274044,0.3402776074707907,0.7572083802612322,1
0.45988677951134754,0.6203160781801083,0.22325972715575368,0.6420831992277687,0.4082167057427059,0.6590664937656325,0.8766840148386986,0.8348375280822713,0.4049209589456792,0.234161913173247,3
0.4895190308149732,-0.04470070447759733,0.42346375015951154,0.9997859017863701,0.7673508049778044,-0.3007787416879259,0.008241134888317993,0.8137943929020242,0.4317342735990938,0.8746450254445549,2
0.3791778887980664,0.07859146798061373,0.6234663462289576,0.1483492882440694,0.1333518943148444,0.6878188465640913,0.3038720930438745,0.26536701295975124,0.9255520877349936,0.23791012118225563,3
0.0968371175465614,0.9558668679457587,0.7596172635959758,0.8459540991044266,0.26663509268210683,0.22931805810320413,0.9339755858510312,0.5808648623708481,0.7445427423670449,-0.044963726666947534,0
0.37103933145907697,0.3502985038226795,0.8933084807344874,0.43810508217490635,0.6315152477220942,0.10893835998909868,0.9427494261593645,0.6074259711800919,0.6429833872089986,0.11927929124621466,3
0.7550306208455537,0.421638236444901,0.6467023297392444,0.8092910533651759,0.6153660902392603,0.865301178082829,0.6394547010650652,0.2997385569500824,0.14626193204840363,0.41034598752253865,2
0.7378772011780991,0.3310596011576713,0.7089724106901714,0.5550381619506655,0.7442859704314546,0.971786510280945,0.4351776990834867,0.056781263393359205,0.45055005769665846,0.4721766858850067,2
-0.018924657758462526,0.6685550951280765,0.8872609216991476,0.627856233443834,1.0000265889207802,-0.03303563069228073,0.2960414876232636,1.5804465971817083,0.1260941351962067,-0.15426848462488096,1
0.8391907830973314,0.7907172833187397,0.5849507850423693,0.44035989683066373,0.26982233594065863,0.246561307637944,0.20663712142234425,0.09628619950262858,0.3137642262869778,0.9219569273870264,1
0.20254375918240455,0.9624709387797732,0.7650914696135804,0.4121009237076438,0.6988225380019777,0.7234537145963267,0.6076648634956331,0.47832682560702094,0.18419501043119804,0.36951987310659556,3
-0.13938053084869506,0.4469479238222213,0.3289624412489254,0.4662709726430605,0.6854200410535195,0.43566166498525677,0.6401253476005371,0.07129867752291182,0.15915253556996717,0.22253564043299418,3
0.0796313303969319,0.2676541107528323,0.14972311141775518,0.2930426118256581,0.3296593126221313,0.8656850189773682,0.18570589440295784,0.31681827520900296,0.7131539594116291,0.6290510554910973,1
0.9237060074314651,0.37809399387637177,0.7373344153918538,0.540598555044967,0.38776851510312027,0.6371511802800995,0.5088572948486922,0.503420274751582,0.19150894992969875,0.7732891942364437,2
0.4836822192010936,0.38727222958680113,0.10252024001337277,0.4938682467983145,0.3907829843365762,0.15373238132494207,0.03638762192491267,0.8432595185130707,0.04400602732056425,0.5884744118711421,2
0.832450289037943,0.04191356302189164,0.251312787273653,0.1896560496314149,0.3167865534458906,0.19143019276303447,0.5160304241998017,0.6152012493810473,0.42100269471296814,0.9383376257613745,2
0.055956295159879564,0.774840761861794,0.8464815749111193,0.2191657715860195,0.9871565472888347,0.5322048797459203,0.6847723995927238,0.461288270420846,0.7151577805107102,0.5078309289457238,2
0.7452432702554816,0.5552441106652627,0.9691640680412534,0.031588130946283405,0.17787412531859192,0.20388393609921435,0.3714589011266322,0.8433030090434648,0.9183719639193682,0.7575108098141718,1
0.7054286292182461,0.35052433348795675,0.7405849090250085,-0.0861721168994608,0.7600455864749044,0.5838903737719127,0.5403299805820339,0.7720818969909431,0.32772885004253766,0.7047603092338741,3
0.2574390994493952,0.37622805106856244,0.5409819712424296,0.22322063980294674,0.67147926088131,0.9182836995066462,0.8217690829899404,0.06475056258897663,0.36186775522943593,0.6028383450743146,3
0.3753799602524771,0.8402751411707465,0.5278186728571643,0.8640406526127418,0.025458325228411183,0.22899688264154333,0.5657148892949078,0.19018514810393172,0.08413641041226587,0.25048071118266885,1
0.8579811796040453,0.5009928681244674,0.09552552525732824,0.7527643189140178,0.7290378850831885,0.6754807093715852,0.6608939678722605,1.0296550275943148,0.1321802605254454,0.03144551785107846,2
0.1814120749019093,0.32081638761417075,0.32689247080903455,0.02582445959531012,0.7303370245533198,0.890956466484508,0.6200761079352144,0.014670762289873573,0.5902951080398016,0.3002272291278755,3
-0.016949086762693785,1.0837242155136635,-0.05000746301976554,0.17666088456628676,0.7078671535679325,0.9158157359471389,0.7043397851080497,0.11248934648006177,0.23520204134503095,0.9242776077520913,0
0.594850370415587,0.13478236108911848,0.17987384304643822,0.26149672792780615,0.35206563719772893,0.9685943990556154,1.0474247972653292,0.3124803573278334,0.6000735232270712,0.1404563439694556,3
1.0287174837915922,0.5909949797716421,-0.08802827019929499,1.0193573566963692,0.07358333727103633,0.1412758838355492,0.038117448321603825,0.7781332810642195,0.7799339624889455,0.13616978504886867,3
0.21684616581487315,0.3672802847087424,0.7404926115666524,-0.2178171935647002,-0.287652480605925,0.8300033029411344,-0.06518285777092941,-0.09264106482647061,-0.040352382906279904,-0.10471058217334706,3
0.6735933554522984,0.03224450414941356,0.3781797085133805,0.28388667704307324,0.30853281576240854,0.48573351967884504,0.5225811215342466,0.5947612231745648,0.14679196275937872,0.4713573233694481,2
1.05851588646067,0.631856122487024,0.8856322468485869,0.1559647480474778,1.2161341174331524,1.369870376138456,0.18714018058906962,0.1603780218448208,0.9239804005279826,0.46586977737732715,2
0.4979028561367881,0.11742639171638329,0.16762717932696267,0.15663114027174121,0.3774061514889113,0.9048588359359467,0.9555150935460147,0.16086242296129727,0.5170974060066287,-0.07845849162509926,3
0.6466893539637127,1.162871674812663,0.8554343786392592,0.8349609852694597,0.32644991716089583,0.4270626950934702,1.0961365611501115,-0.18429230942592784,0.2756521586351953,0.771758175001272,1
0.2565435050946489,1.0321178500275823,0.6106329133950905,0.5226358777556022,0.825468206515429,0.6021379676338333,0.5934318117035622,0.5444000015163832,0.11815190151209773,0.44001469147138517,3
0.42769804627372615,0.7620486462522088,0.6833819435226445,0.8442920725781149,0.8247540753797338,0.49987256033403205,0.09408157092504019,1.0042856820163168,0.9446120024294826,0.7577399886431196,3
0.22768055519146457,0.10068967951715024,0.875902956721626,0.4381231098333179,0.8214812231782993,0.015439221390126818,1.0129494656734614,0.47289942142646163,0.23573504365702078,0.7843524757417619,1
-0.06175863086394853,0.6940751202898789,1.0066606420146575,0.9084962978948004,0.43155236244805617,0.46148779335451195,1.1350588581247623,0.5105534678066445,0.6693705967136182,-0.11910458714021699,0
0.5421442623346141,0.542944626729337,0.25985196030853014,0.5621875662115696,0.44301107293515474,0.7494987149295977,0.9333430548375395,0.9052509705341961,0.4688846463045087,0.21866515345883528,3
0.22864048715957408,0.29629798843736327,0.26361136397357177,-0.047399174938590825,0.7597226142524257,0.9080455276598498,0.675660386422068,0.0735883541298647,0.68326967919003,0.3840679798758605,3
0.45879303318114767,0.8686308927610775,0.4941027625844478,0.7292133914056391,-0.031263436787763076,0.35619586749192833,0.5582387474056129,0.1941533592823994,0.21650931627113534,0.21104255495519061,1
0.37926890044676437,1.0070572782611755,0.41484213913400847,0.8568846465858624,-0.11988107905290832,0.10063919879765615,0.6613391125514856,0.3725615943897981,0.31069316895684207,0.14149369111434013,1
0.061166399858798806,0.9601297517724606,0.8443033750394527,0.7638846489575937,0.19007636839570186,0.25827458540322107,0.9536474513350608,0.5197408614350595,0.6527002442807064,0.028736335715703477,0
0.5401809455860576,0.5701393105277217,0.11856897159318426,0.6810045611240092,0.3000239498597358,0.9896332617045673,0.11131826728313812,0.4125331174031551,0.12666808976697425,0.36482583329963636,0
0.7932508634410735,0.8664200141675553,0.6739588842623456,0.2738744045374259,0.902805968584391,0.9684306365883312,0.1564467320506652,0.44338201842074193,0.7028057557601659,0.45790183275215346,2
0.1372065847920917,0.09574954252141664,0.3842500199755268,0.7191303001655307,0.09187691817471198,0.38826385958310056,0.5283713504772118,0.8428719650190518,0.4189176899301425,0.4448319159416607,0
0.15863834640720834,0.13563236934947964,0.37373137370150916,0.6860640137845748,0.06294799009614738,0.37602305855256446,0.5707002167401062,0.8131699362444682,0.42971237810697127,0.4198217959475212,0
0.32289549448066324,0.4248533065338179,0.457921201358835,0.273355974971706,0.5736032304657376,0.6972438279940096,0.8223062913724308,0.24439461663932735,0.4094192208407885,0.4877624890269161,2
0.7564747472354272,0.521965483650356,0.8719838282303862,-0.4087846280970886,-0.776991637054461,-0.14134928158599386,0.2860950107591622,0.2304606159902831,0.4278273900361823,1.7382865358367008,3
0.45447177426941715,0.33841010366752056,0.5059788358000918,0.12001624531282266,0.33797090499903015,-0.14604040041238242,0.8171401725135043,0.3981207001087037,0.40070755489031473,1.2618155306377095,1
0.6758556463382802,0.48811458105786515,0.569345273595829,0.6341975153870308,0.67967534978633,0.9852165358099984,0.7486484479707015,0.20012416506437297,0.2932971408851245,0.354574263385415,2
0.24049715816929085,0.9684109321688699,0.6880088965959827,0.5024185791386401,0.7941191095157601,0.6315961265154721,0.6300326295403879,0.4891975202938416,0.1571718318629032,0.3656831314201692,3
1.0761426029208963,0.5867236192993,0.1567073300219181,1.019768759996003,0.6335647735808134,0.6920065446229341,0.43693959069759564,0.9841825557355687,0.026973357238464963,0.044726669461769196,2
0.5047373518834372,0.965274260440144,0.6119189054912454,0.9678328583201492,0.3828772200835883,0.49847888559054865,0.7207314303734359,0.17539742710345682,0.3481576651857086,0.6968609719887192,1
0.011863633910115419,0.946170595410436,0.6903091955911916,0.3807549515605676,1.0041596042353476,0.31738563786622076,0.64218677537233,0.5454160968435073,0.6971438339476163,0.7731583381172276,1
0.15057081985340337,0.5501778301928976,1.087840592787884,0.11404902017149714,0.290825489604756,0.023201015205951483,0.8596755341980356,0.18900778545582791,0.9538713657552129,0.2898609203753956,3
0.05254758932579545,0.46534931032139026,0.01142212333431794,0.4668222280222742,0.42614248104127106,0.7327220585358152,0.6420226545950569,0.5153225133748137,0.3224032051067402,0.4229262371763873,1
-0.8184253516365834,0.2556633150014709,0.6708721534359691,0.35403930381362614,1.2445572325461063,0.023890220491749506,1.2644469914479783,0.9191997202255402,0.4618192164211084,0.2423024867450393,1
-0.1560973217091503,1.0075787848657884,0.9915006118914543,0.9071303590120424,0.6324437812698056,0.5774969822618381,0.3207836598398623,0.398582910091102,0.6378453363605007,0.35147581604714806,1
0.12272054586072037,0.2587565099076237,0.1284153950599474,0.32337696304272723,0.3395686730882628,0.9894427217865872,0.23519078377281677,0.26106998675606935,0.6470401735651301,0.48154577461445125,1
1.0012520608627913,0.604830739057646,0.1533175594596703,0.944231257987005,0.5726040696970065,0.6482563289087359,0.5228539097591384,0.9547630666397416,-0.019265495117857995,0.0692265011124971,2
0.08993488440660743,0.5811794702773408,1.001569003479294,0.2569773546957382,0.28317895761656786,-0.096935316999061,1.0568493758757633,0.26779298401151286,0.9815373717269095,0.3654055841608993,3
0.9545823535785946,0.7357585226908636,0.5444763136668102,0.5149043967029853,0.23381949660284657,0.18107682106128933,0.27513836547484294,0.1255530207265196,0.3192140038333548,0.823703768339582,1
0.2607189445709437,0.7080262390913602,0.5409068891047502,0.9227027606777343,0.15443542096334034,-0.030341041646493372,1.0082220854255322,0.02806434611566147,0.1892633716075951,0.7170260732312348,1
0.7960259527757643,-0.33565044623047574,0.05730132373411673,-0.1487882948331979,0.35146667838801837,0.7928160086893585,0.4350011683783377,0.7375677765878504,0.1832542927244295,0.8413652770653928,2
0.035009794808261385,0.1650944015172936,0.06653332816138721,0.3986084987849886,0.47616893611396927,0.783799264518737,-0.014198836397097458,0.20801694712702928,0.8359845388166073,0.7139512187071395,1
0.18649701180413364,0.6774453486788621,0.47161620061398857,0.5689945656429596,0.6230794375643276,1.22325422730811,0.07994061144866438,0.18399636249869222,0.6161406515552909,0.2032755201659443,0
0.9303120913479914,0.4821015436591102,0.020285561223267922,0.9798230427003992,0.03392947965508853,0.13866075157797955,0.008002799572365014,0.8916928627900256,0.7797741900487378,0.054065763050997834,3
0.7315776161498364,0.631058291689522,0.8455763905265081,0.08514283209283255,0.14021995770933712,0.07959676922340592,0.32755669456274344,0.911874620253888,0.9078622495966764,0.8383595160189584,1
-0.06027219652698747,0.6841528740008852,1.1476293063768495,1.1184510158925796,0.0831347949822979,0.2600748163721677,1.2469363608701562,0.567988832950791,0.8790429187970524,-0.21002432625438155,0
0.3765233072312099,0.8502983859300092,0.4801608954369663,0.8104368807259217,0.005305007124052779,0.25597038108533127,0.6080964499052169,0.26820100922554896,0.15712501418604566,0.22188943553736387,1
0.3071358201454478,0.5035907703669356,0.613502283449262,1.0288648712395714,1.0625297267937932,-0.04081609674283286,0.9848989458189413,0.9401595590895049,0.6541132745762575,1.0915542595599068,1
0.2948746504639362,0.7848135190116843,0.802914353500476,0.5636245550308788,0.9214391583649655,0.42928140387138747,1.0153088020373016,0.8088909433147167,0.8133136128207172,-0.12852417344279457,2
0.30721271352522744,0.8850430620035408,0.9784534470657559,0.6355783358607331,0.7212994832847832,0.304718841591106,0.8345974525986413,0.8836223670214421,0.5931501686697852,0.1447635306676383,2
0.4815565054244275,0.22451443376688907,0.28894537284127864,0.15170159133883837,0.3775372988702439,0.8283583120006556,0.8747034835289249,0.2739551123810231,0.4164220774843901,0.07368953179824533,3
0.15609281050413,0.174818840455901,0.25318614030723124,-0.24543024358728827,0.9332609341138283,0.6195476335213181,0.5859233981302484,-0.16680752806599378,0.419589299827203,0.3492729426011869,3
0.5029026326060436,0.11134059367701042,0.5100208415823709,0.33212405059254146,0.4357798690910877,0.4764734343614214,0.39963537905537483,0.8172859503690844,0.3044480183092447,0.5845543560454136,2
0.19481628893997371,0.37395936428193943,0.7025788930280416,0.30783581655487,0.4616901087911094,0.8219056466186608,0.45114850261856654,0.18981521510941857,0.0752362148668822,0.3117172154558205,1
-0.010359083023941118,1.0390957440543238,0.7784878350329705,0.22071054220009922,0.9347290615910488,0.32919469689710584,0.5656261209985883,0.6580001295702337,0.7264219939990076,0.6864227247638356,1
0.28301136564531976,0.9991759237060551,0.7083054111438084,0.5542512540811716,0.7676671595163643,0.6221418384128571,0.6303937854159851,0.44215714158662167,0.2182684449354158,0.3635499571155476,3
0.5959173519955238,0.49484135950442976,0.1302963123200712,0.5418042414314225,0.25156299743679617,0.5445149685490014,1.1443167645485954,0.8318093251392051,0.34525070539434,-0.021918316354811257,3
1.0557744036680046,0.6038332151006925,0.8383435757777885,-0.24962800596706963,-0.1322168815486235,0.11436553769428774,0.3164190153077158,1.0728828592932222,1.2195715391437973,0.549324862262806,1
0.9283636331366787,0.5053844530418379,0.0005558205235486752,1.0066624720410573,0.05369306868591807,0.1612008748483196,0.02374854756156779,0.8850722320170807,0.8004342745902641,0.052715506115645655,3
0.0816806416072722,0.44190033059125455,0.060431061588440894,0.06758701191495788,0.35193368398815306,0.25527407988757267,0.03242747840856117,0.28339990185466907,0.8536824247132764,0.17175165949188007,2
0.09387956815575452,0.2668760867708626,0.32589615326966936,0.12189026446773688,0.4188327738698165,0.8940973954861567,0.19832096826440726,0.2294624280304705,0.5840039133348092,0.6724490331101168,1
0.2967863695736901,0.9118204429042464,0.7584499852078131,0.6346770596030572,0.40338958057143903,0.23851440663313933,0.9851546463186927,0.23089662479212933,0.4908473826110138,0.7440669946617582,1
0.39968577919853626,0.3935517471491842,1.0221760112278435,0.36767605688842286,0.3353389485210907,-0.09098477374961744,1.1142245643566064,0.4064468575372423,1.0366398710634135,0.07113458239900675,3
0.37533096347801664,0.9638467203187405,1.0368601173090353,0.5864864595349464,0.6240756913852804,0.2797678131964779,0.7118393292437839,0.8264043114546495,0.539370343022193,-0.0029141077751240058,2
0.9430600136966946,0.4760014637733219,0.01582353649261449,0.9918604530749907,0.03789404980797867,0.1350073380052632,0.018902398106075417,0.8899413218040443,0.7911981978003827,0.04558465260681303,3
0.2908486966901929,0.1534135559309309,0.9113883663117873,0.35711657036228267,-0.03209176491957444,0.6337160164786899,0.6863734367239964,1.137635198737382,0.44629309415631,0.6334664758325312,2
0.46588848489776796,0.764767785914455,0.14613911191116646,0.34240995532984214,0.001519647352552396,0.853845528756713,0.5683307228388695,0.4882240771524832,0.19036141507609539,0.9403610145800873,1
0.5204344060619565,0.2537533464765559,0.23875551764701755,0.09052669143751356,0.3364474540805751,0.8207231215744757,0.9275040691326029,0.2315164401230405,0.41956164125393103,0.06290184253055106,3
0.0507764532490161,0.771006563540012,0.8405756943336278,0.2256637355719556,0.9767327958267656,0.538719104146127,0.6823894070434948,0.47795594814589326,0.7179174578715847,0.5102205374392778,2
0.3319677537007821,0.43971969770279457,0.44170183853806083,0.246507806276076,0.5553599546665473,0.6837532658708556,0.809144561810302,0.2569920885761325,0.435817463975366,0.5098165733706397,2
0.03979681277253565,0.9518228431755354,0.7085577691618276,0.3068389642148243,0.9576969005267267,0.40637969779034083,0.607863275767229,0.5719807816186537,0.6656868334213059,0.6974021647578048,1
1.0275085807335864,0.6469317678262253,0.12447329650945747,0.9199365859153537,0.6325615720467704,0.6250046537073372,0.5700850100097002,0.9281262606383929,0.053637831680475694,0.018635300985598353,2
0.516729947231746,0.9722271141445097,0.502314132178357,0.7297681860914216,0.4704678278513509,0.40954948245743583,1.0695628075611627,0.02015917540158424,0.19308109627171166,0.7853403684884784,1
0.39050010647895234,0.3814033293373492,0.44871483941106355,0.08053817865865767,0.8968522250018548,0.7885433616890312,0.8438350149000686,0.25718945325375947,0.5936029541988675,0.6060026959472503,3
-0.22054803472017004,0.9856634073215261,0.4328726751194808,-0.5552415060328356,0.6909697211976616,0.48526355677889155,1.160085054705615,0.18640316393114517,0.6828673846742678,-0.10900009340981226,3
0.9208409895821347,0.6986717224066685,0.5931540460866735,0.49612237784270274,0.30204998616785533,0.24892372970751073,0.2586288655770754,0.06309046767043891,0.3571306898225443,0.8279081912810347,1
0.8543497560875215,-0.028889165509789927,0.13155047374030032,0.43194725632521735,-0.07682718117561699,1.112037102029138,-0.6077605262542484,0.2755914900883153,0.06387540808615783,-0.3288757621501386,3
0.061831200680131614,0.7668003754062538,0.8481271669871068,0.21494451674416026,0.994120928292959,0.5250728724447953,0.6893431190874099,0.46516970219383363,0.7153256649615581,0.5025236372322993,2
0.5845944424397765,0.1393163867789067,0.4734107662575875,0.3665187454876186,0.48063336765961284,0.4656037803967472,0.4018041855242421,0.8232176134648734,0.31774879285098684,0.5809379177088083,2
0.9402209120252967,0.47544331276124163,0.0154418730268449,0.9932096314979837,0.047187209111430144,0.13311345944687286,0.01705464076585966,0.8824320192973563,0.7869059896274783,0.037809187693828,3
0.08705089173629177,0.7185806210383111,0.8850471220078557,0.6474617939857306,0.6815052762189364,0.6235021828440382,0.39350387717837265,0.4536083817710872,0.36531441693278105,0.45953717351653756,1
0.2952746555071201,0.44940037504685054,0.6704858571365055,0.79129985126978,0.7419429055068241,-0.12701712336627735,1.0563221974877157,0.548945875977223,0.20569679913909,0.6111869596309616,1
0.3207770980333735,0.4145257153180514,0.490883133552283,0.30794021561517376,0.5957575769633419,0.7181873733449249,0.7873083903014545,0.19643525623610247,0.3825833294199524,0.45090252684921417,2
0.6940679434680005,0.3045548478557067,0.4983342169315267,0.5858295379692781,0.6615787872962636,0.8858107065865681,0.7166959758183946,0.3181369220785302,0.3058462268641084,0.5752871723062902,2
0.1579010776663325,0.8641973324547603,0.7512693378450475,0.2841290145593433,0.8373059990540594,0.2830078607869059,0.4986763474989141,0.5570773531239069,0.7316491820087313,0.7481519655197013,1
0.7304769680500114,-0.11906618979785139,0.5785032066150176,0.482387981579266,0.30912579466332,0.6134347999396651,0.37064322031030134,0.9181242369450987,0.49639176830481746,0.44213431348736665,2
0.2347433845857787,0.1928516950774285,0.786716272728336,-0.5307409667718229,0.25828387037102835,0.42584403951595856,0.41840041079013646,0.7143307429380651,0.27248592911845365,0.05064173813276507,2
1.129857763647107,0.9460678630157924,1.0357021292327988,0.02010350237893585,0.22576509977592862,0.49572948474965,0.19865457402189904,0.7486540231873235,0.29684222719121306,0.7755752111672933,3
0.3864541912084961,0.8522911986827071,0.4753837139707596,0.8023636750098387,0.008735871824358726,0.2615873052102221,0.5971133111986144,0.2601587306113163,0.15523613437683345,0.21860054187455408,1
0.6702696986719539,0.003653595106314189,0.49385580100891535,0.26513795885561864,0.18822566868609764,1.0653575499932968,1.046566131627196,0.11597106842694666,0.4959137519902952,-0.035679131026109756,3
0.06711161959144951,0.539317912138449,0.16455664487149754,0.7702223739052443,0.23064036905720062,0.9198173722531028,0.04104929814305595,0.1701252037564726,0.47868318313451325,0.1531473113446679,0
0.0544918354998467,0.7720268898232968,0.8515397248255764,0.21691939685983064,0.9905046106830725,0.5308934040920825,0.6900512353028957,0.4616536035030448,0.7106290923023477,0.5078780279565324,2
-0.17325090171986568,0.14156287677980905,0.8424077317789516,0.2592240983300207,-0.5513722191695416,0.06756191441214396,0.9243129111877746,-0.5936889269130409,1.2168646855727838,1.127751151774488,3
-0.19362135429339322,0.6662513427773135,0.8131900717016057,1.0457338234855844,0.3163602796512413,0.057649263033129644,1.1691699391287262,-0.09091173435152503,-0.126935859461611,0.37376631112186587,1
0.03553534171384898,0.9065660481721418,0.7637725211140381,0.25071912036424193,0.8626493271343926,0.367924213472348,0.6695545352551634,0.637301882164918,0.594312083112448,0.7903714011540931,1
0.8467152650943969,0.05275200990826809,0.6766945028399165,-0.019842163961742904,0.694680616023122,0.46298675856991384,0.3951986917323379,0.5414502399485922,-0.20266692836845768,0.41414044511493464,3
1.061361425456108,0.2785578619040846,-0.05334046497118494,1.1533691905246075,0.6815424988523842,0.33097398293080754,0.27084313612872113,1.0687016439771202,-0.33385024078084097,0.36866748077238215,2
-0.16356617242332436,0.9733320617391769,0.5811713950973506,0.8106848610496086,-0.10393687212735309,0.4723344702030963,1.3199393799312262,0.5737606294760926,0.3538806342479367,-0.23255202995622976,0
0.2832441065476675,0.9429963354594596,0.6772257538990306,0.4541542514490037,0.8048218115541972,0.6508382627512521,0.6230682428797873,0.5283469171505153,0.19413224094605327,0.35785265836730507,3
0.27997611112495413,0.7839052621548862,1.0440361959766733,0.3455293217165356,0.9488360624622633,0.6626410073934904,0.14679868933833162,0.3045190740621169,0.4550410077583791,0.5942173959182,1
0.3251515579068987,0.9222705856274933,0.8872304991733565,0.6031824986689207,0.7618557573281346,0.2308206796846511,0.8487396364744585,0.9419124493636953,0.5540371439298758,0.1105619756883158,2
0.4510418180393606,0.9117073704550555,0.8799496448344295,0.9354395316466617,0.9500228684036068,0.5968931295006795,0.32446179104046846,1.086891919249634,0.9917863969732197,0.5586220076824521,3
0.8254229203331847,1.2581574267291176,0.48840347292461855,-0.23938072617555406,0.8511848417843868,0.38936914076047946,0.5845072800398962,0.8405563142407106,0.5793314003557435,1.3669296884151079,3
0.207500516564964,1.0153489437978398,0.5929146896977227,0.5031620459205055,0.7957304838205255,0.5558245487775219,0.6244435591330062,0.47328220881358646,0.11973313719648575,0.2702791039482165,3
0.9116136896449887,0.4793545201729442,0.09701106344586911,0.9390884103245003,-0.00639032265977188,0.01086088441946953,0.0845582003267146,0.994209247275878,0.7729867011633812,0.10739566657495683,3
-0.008370611433739877,0.927876260934636,0.7048552182931578,0.3584767437440899,0.9034089325582499,0.37433782647477165,0.5417119067937728,0.603310680405656,0.6384098462593326,0.7575816553343416,1
0.9051883882554067,0.41529357185038185,0.0024174037042265888,1.0954975111955154,0.09167294124551567,0.028471741011891427,0.04587055933799586,0.9580957320580418,0.8804297717061469,-0.04676022409672273,3
-0.07223779472513298,1.34526013723486,1.0525622959936083,0.8220023147626101,-0.02069005900836479,-0.4203630358363757,0.8957294719442445,0.1221489980027366,1.2346636249805885,-0.11175478714263098,1
0.1793016358138603,0.8891864281190941,1.0376189437383276,0.7744726732623756,0.7703393386536536,0.27238607641108686,0.8913304990897382,0.8709982330159068,0.6890734782207188,0.26714177804310574,2
0.9469149119938246,0.34193305711353267,0.24420337262568442,0.823971347283647,0.7634456073435233,0.5095562463736445,0.6943082516206578,1.0569841093666004,-0.06389490013245905,0.2312160835601757,2
0.05228259485806398,0.7749324180725055,0.8386451120208459,0.21279828763551872,0.9851864668264377,0.5383298955854702,0.6871732258859342,0.4581652871379015,0.7160665399258758,0.5019323531833352,2
0.1590139109220501,0.6824437427273965,0.9084023822988173,0.586847081317763,0.705948133164703,0.5918569356618806,0.4636802928659743,0.42291088344989813,0.2979067107663973,0.47869752374272767,1
1.4409642910041622,0.24067112694044934,0.27142870908580397,0.044068779893279515,0.43496557313586637,0.7399766501533883,0.21655449376609376,0.4463757875035206,0.5969365663587487,0.16972189823828354,1
0.06571062987334064,0.8002773542915166,-0.4755695257273329,0.6368272346219377,-0.4161626109224098,1.5393274241128883,0.39203154110998734,0.8275268485749658,-0.6344245236843145,0.30491478027570956,0
1.0237769136537083,0.7690690709929022,0.2353931946030703,1.0679395793925426,0.7241926255009462,0.7891139663303374,0.4004421680013636,0.875579570024893,0.13588592103437738,-0.08376993749931495,2
0.35845853123837,0.32379632957781174,0.8021244927343548,0.4909798395255479,0.6722436425010646,0.20833453460757273,0.9392439450298884,0.7048674013653192,0.6273959541426959,0.11516450509096858,3
0.38733434600371736,0.8523828762630821,0.47752141913601953,0.801013416382467,0.006374065067049611,0.26273910268354334,0.5998538363319504,0.2597840059702055,0.15413225275234205,0.21553230242775262,1
0.21691100933551594,0.23757195627289474,0.7515112824123817,0.0763920248163086,0.25450597166711,0.19761834490912322,0.2646515802957356,0.6006524716004804,0.29178884837512264,0.2170496440268811,2
-0.06526667272491293,1.050160153923614,0.647471977293997,0.8011117884733391,0.19788638559285474,0.017100001166038936,1.1372005964603586,0.4555605395727468,0.5554008679958514,-0.18949863718531215,0
0.9322726210246932,0.47590264714003705,0.014230819519458978,0.9881536763476696,0.0514965168936685,0.13074793179308186,0.023877052665195287,0.8869091465289425,0.7842115511755695,0.04840222465412779,3
0.13914684719470466,0.9559577986649024,0.6418446496015018,1.2898530378057649,0.9923407569128861,0.8563784945505399,0.45342145754260865,0.7608461322239735,0.58044492050099,1.225675384838747,3
0.23954532470879375,0.9084519414070592,0.9426437235543158,0.4815197091595819,0.8726019518827359,0.03185016931072032,0.7933029933800237,0.9067327708798454,0.6001180060215027,0.14739073094946034,2
0.2637967218443149,0.948314741985122,0.6485849409714673,0.493732068454252,0.7824923368972055,0.6136185441817604,0.6354601421467958,0.4925584320629308,0.1901042104383265,0.35241634931721433,3
0.5147132490365302,0.2684366479090635,0.2388844539778479,0.12149396099976631,0.2991235161604803,0.8684218292895897,0.966445795506409,0.16329493795067201,0.45493155871812396,0.04699154872569411,3
0.974706425405652,0.8099265360250716,0.7705419592146369,0.10672867252566387,0.42215806418140406,0.4511118067797275,0.34411330353224123,0.9917341513654967,0.5781661109395441,0.9107852685886383,3
0.8982246254517557,1.0022868230514166,0.82056063205451,0.5627159940118254,0.054091913679416986,0.32759165097995835,0.28450058097167147,0.35788832270679705,0.3416954124515891,0.560223928892786,1
0.937983002022644,0.46691013617473065,0.02652208727543496,0.9850675931493774,0.056513444727633165,0.14930207831692158,0.02317371468465549,0.874354071250439,0.7997324595820497,0.036403045576843,3
0.5856794079485199,1.0318205464081105,0.16367110108285798,0.5897873794385888,0.8836875268295996,0.5851865404421425,0.5583143631167752,0.5640239595445407,-0.029652546494147856,0.11858721479321602,2
0.49359306412444,0.608059191227973,0.21310999575621706,0.4965956478840211,0.6549056799560642,0.7624530762108944,0.8744089909199115,0.8066147809844202,0.5001626064398885,0.03124847417549864,3
0.44470336244273095,0.5695862699935745,0.34720444050738997,0.18789533289748098,0.04058022714067815,0.6645912485018618,0.07218168583230661,0.5814470052582367,0.8888165639486839,0.1322453646588637,3
0.10479471051351122,0.7780254049337139,0.8271315611904061,0.49382558586221464,0.8298747682584495,0.6235030066675059,0.3068104753487947,0.4772853320755252,0.42045753067194014,0.46121040420082715,1
0.23707311513218493,0.39791946501603104,1.1181668492629044,0.29107760066915433,0.1995330530323147,0.07745519054283204,0.8241642192876423,0.2221999782066182,1.0849522794185409,0.2507972055849188,3
-0.39553623155433637,0.6027121666185772,-0.6353382052109088,0.37715381242804524,-0.20260496776245857,0.49743127916801877,0.8349583082533423,-0.4800794177018348,-0.02250390617958864,-0.5728909007536533,3
1.1016644536373836,0.031312439758711896,1.062753227620638,0.3096907314211589,-0.2727576135199064,0.00847414476316144,0.448143413382503,1.5186474922580309,0.711092693058951,0.9323893359920661,1
0.4406525605530467,0.44816641574572125,0.12411579303271443,0.5219438968941312,0.2970918374259351,0.05168902428567885,0.05960910432122947,0.8317506140549149,0.1232064551676749,0.6048067041173303,2
0.2712444035047511,0.9401742682066182,0.9957987472952928,0.7088040354895844,0.7374450044704405,0.29742782982309357,0.8608259908538093,0.8219028005433069,0.4555478467431975,0.0257245422428191,2
0.055790914350510624,0.774122293815299,0.8469082173518826,0.21542677424503243,0.9886409052963209,0.5266470141304053,0.6880841307701882,0.4612758264259967,0.7160177577700338,0.5124894915240997,2
0.40491184005779046,0.18449407684559094,0.9095009138866357,0.7637501417455337,-0.33804381358272645,0.10266846710003497,0.31905182242989805,0.8729315788884395,0.8144927936364588,0.1675693679239114,3
0.28344393584267846,0.3653839312204792,0.5341192687478836,0.3803064001818601,0.7520488658904058,0.9202315254642675,0.8926382746126589,0.24113964269060265,0.5557274990146267,0.5675470346109944,3
-0.035570327653114464,0.1329845482012148,0.7540107455457765,0.4202847372454006,0.709418082779874,0.6778294891097321,0.6246540074316165,0.27703831449046334,0.5868639262996186,0.5990319259431656,3
0.7904923039036748,0.3185236660951946,0.35848364449881154,0.3959178369961319,0.5466135209470249,0.26143497008994776,0.44974886474883025,0.9651782984039152,0.46733692502851143,0.36193234614588315,2
0.3349199235286016,0.41868440383289623,0.4821833803307334,0.25794787546463444,0.6082453506817163,0.7248581159912104,0.8099787612571963,0.25770099393243856,0.40491836001016274,0.5014761555712719,2
0.30153950058711054,0.15686905851078026,0.4707121197701006,0.5627147683502411,0.4826345265779181,0.6916650538595128,0.6057805771372267,0.7027413108712052,0.32397006623877844,0.3506603908055074,2
0.1737871640105431,0.8625353789066641,0.6967099168757096,0.4806735136477269,0.8124192853867522,0.5500858726668708,0.677060394840275,0.5275913949251447,0.2002172089422709,0.37732208125828903,3
0.795795634514548,0.4734164480341832,0.7448963230901344,0.5248266132891308,0.6177495685958209,0.08220086989028637,0.6763198795536283,0.42709046561359654,0.07906226731155849,0.07041427818820759,2
1.0296233605288188,0.5148350522798348,-0.11334750299885388,0.9267548726954532,-0.034406188820880965,0.029493857476830726,-0.04898431036002157,0.8710123381112799,0.6863273429304539,0.15875279453584934,3
0.03401632521498748,0.9386125116108119,0.6584323717159077,0.2746082086660657,0.9163425682335662,0.3977253789561831,0.5596712715848214,0.5706009098841784,0.7346204045645708,0.788225877273773,1
0.05904639447424549,0.7675824062832576,0.8432035178887799,0.21135012046786306,0.9833335754677647,0.5292646369512298,0.6904057688404108,0.4618508750555177,0.7193402200200697,0.5017006675062776,2
0.7155285069555906,0.4005349177901397,0.4382056688648385,0.9093774781698751,0.6655650145924265,0.9544870347022385,0.5494697062413552,0.22437659737604146,0.1266643337419451,0.3263824195801005,2
0.3972391090571676,0.013777514581446493,0.15294364280861578,0.7217049690732257,0.2668713895768633,0.6119341943852039,0.537720490582049,0.23579689553728778,0.02542656307539415,0.9609326906768672,3
-0.3617053908874318,1.117479000798927,0.6358858441243087,1.356572438237902,0.5867738237282962,0.5111164880157135,1.690011506620389,1.0552044706903065,1.0298448480426143,-0.3369163708576813,0
0.43871401510590313,0.2406884903300285,0.33588556484038135,0.07672166046121498,0.3538972081498658,0.782021727972177,0.9208904238496838,0.30525992446207845,0.4935075077908294,0.028663315088073897,3
0.17676133785437387,0.3275082512723277,0.6255643975997167,-0.05189887526787387,0.4078813428445246,0.9277751467332407,1.007964394463231,-0.2799742917700614,0.949151494580676,0.6765016813556831,3
0.4409572883750723,0.19424291579167874,0.30840308624072954,0.12811871820279716,0.35504645534901863,0.836175403426245,0.9526933792371317,0.267055624206299,0.42800387813576773,0.004062773761631153,3
0.2704448460833105,0.9546158229022753,0.6725483679512867,0.47114235094722584,0.7827238006710463,0.630562443715748,0.611195962252358,0.5080433351565019,0.17713979338130242,0.3497375040803491,3
0.034152364409362895,0.9204123051451385,0.8652139808599429,0.7966463581465094,0.18275634758285003,0.26160887885503975,0.9903723416180121,0.538130637335569,0.6763286489184105,0.05002975247408034,0
0.4521121103667201,0.2531433175633641,0.23892417936228594,0.18513300725589243,0.4673908303241586,0.8386509821205994,0.9645911676740143,0.43546975493691525,0.4573678272398033,-0.027657230466868743,3
-0.027563996266533858,0.30987682896767904,0.49912857374451236,1.432144324323717,1.3613922741817595,-0.18928711697019152,0.5529384729481586,0.49300034485927846,0.3752126235873543,0.7172575859143974,1
0.3387598490849263,0.8139481102270432,0.376452728053531,0.6910406300774179,0.021615195187268437,0.25036407261327603,0.5882175428979879,0.2879386862389737,0.03900720301255356,0.3108658725336987,1
2.545850238162145e-05,1.0410964086836867,-0.014993525705479481,0.366244848089213,0.7017248647368551,0.7470988793398274,0.5248693856800755,0.25915950655997827,0.28324511973774646,0.7977610347217782,0
-0.00759079918358966,0.9875371025517251,0.7121835587857213,0.8977927034092911,0.131422376221895,0.3231924083188298,0.9109376002011991,0.5731348720385361,0.751626646707013,0.00859020994021397,0
0.46997774489813854,0.35309983114641236,0.048729743920672454,0.5804978061558396,0.25066888213588834,0.15949491884028222,0.08093857674885985,0.8371336612558524,0.13223904115665125,0.611720779708876,2
0.3558374176259625,0.12125478994517755,0.5953018144901939,0.14936199515244136,0.15208835679502747,0.671054834505678,0.25466617983606327,0.31433442269432516,0.8691039889420514,0.22940797218593417,3
1.132408620606259,0.7227196111991754,0.18623677905383812,0.9814489977236395,0.5919082449071269,0.6425063043696503,0.5583666834460419,0.8552049065271503,0.1657230025570671,0.114622350020342,2
0.9381577699459556,0.4859174451317421,0.031519060641316765,0.9693288215431737,0.05835360220534593,0.1503463487107241,-0.011684505610748925,0.8888926804318539,0.7539520730062521,0.04593590870461651,3
0.4875187358509911,0.9308381161271932,0.3908291864562435,0.8845309583868981,-0.04659662283486615,0.16402653965369157,0.7128881647664361,0.30722172522909946,0.2509810646001548,0.11791041376264702,1
-0.015119688511114768,0.8583985045667023,0.7307286411418626,0.3786912297124313,0.8930452221641713,0.28051543369299237,0.5392804315510027,0.6102531472947842,0.605882638522454,0.6459061738113165,1
0.4171973011880771,0.8224212971567363,0.48652106741401513,0.788485151256767,0.025137864005819247,0.2618211852534832,0.5981573012852682,0.2708010601975275,0.14456010220764687,0.2030513484465708,1
0.05205353638639483,0.02872868716269228,0.7129894490137665,0.1905992744565505,0.15579565543638368,0.4080352366454093,0.6749109238134555,0.707261730753058,0.05847429131535102,0.38762695133103114,3
0.12877473448842314,0.10897502906803623,0.3598235585300121,0.7152588197395057,0.09648347171213972,0.3954919003667771,0.567232117525857,0.8726656714719433,0.432168811127518,0.4409909538960895,0
0.09787299115272052,1.1162553574208638,0.6150838481571046,0.8238488552621156,0.5137883370672359,0.6872996351295368,0.7481934192092555,0.4350006457021963,0.017055827729676398,0.8801192749110878,1
0.5298144246137562,0.6239876827619469,0.3882996963073244,0.05958385662354959,-0.0010554132798966942,0.6813785784338515,0.19249186733013102,0.6246938183152112,1.0733064540941268,0.19066085879746272,3
0.0543139892579258,1.022788019209136,0.5081214917769479,0.6065627209648419,0.16496741159927253,0.34783971128411306,0.6353738875810379,0.08987647879623059,0.5310462660726936,0.8783027552805633,1
0.21559153406124074,0.3850351196630472,0.2683485632988507,-0.019611789338622926,0.6967260239052141,0.8713067409083559,0.6928310654701972,0.06349479709112445,0.6487747602164124,0.31460652797940813,3
0.10035526433943597,0.5680856207629535,0.32788389957371666,1.3364698122749032,1.1756686787102326,-0.22939385088961844,0.47587676169673204,0.8190836977191205,0.7212611676314441,0.7904108183496827,1
0.5682118407767329,0.432040002831541,0.6713464238353763,0.861236710575205,0.7609254589685948,0.8582833113753094,0.6298344605199185,0.46520649916850787,0.22709423418028435,0.5490623583845846,2
0.23147330446232248,0.2555914498776467,0.7641500182836147,0.27771099014714345,0.6418681228160585,0.9956571947567859,0.8313778189145303,0.10888977411589892,0.20103881980962804,0.8750061442313446,3
1.0426732563390482,0.67637944662143,0.15121662326262722,0.938490283774214,0.6090828237130294,0.6994401933398295,0.4740441349337027,0.9880316487055218,-0.002356967578243706,-0.005839583895718516,2
0.9962555536702186,0.5170842208449898,-0.009868253883847499,1.0362022940910787,0.025266481976634874,0.22777177120054726,-0.011503738727599525,0.9415772275562799,0.724927004695512,0.11655118665432192,3
0.034321912443466614,0.8615058883054345,0.9593906355622555,1.153610061180036,0.06786554615728498,0.013395688908410308,0.7179557692874139,0.5340727325095391,1.0503538385592157,0.17309562706950965,0
0.21345786395982277,0.5029035623368973,1.0151780488194682,0.23853846767866316,0.23288477150439404,0.061934659336411575,0.9267037905203623,0.2048875024882207,0.9475243291163679,0.27217346868501247,3
-0.05571259727296256,1.1938380413108993,1.323545398012416,0.9789067050225582,0.42037782907191756,0.5317406080069392,0.597046117911453,0.40670893861341056,0.16340358934445753,0.31759494235154884,0
0.5294834237065728,0.14533716225907484,0.472401519559849,0.29063213300644813,0.39587377937458285,0.4723118445565772,0.38187302390174616,0.8030488612388785,0.3014795347140962,0.5936897904715968,2
0.8402977317010875,0.735091347529652,0.6010910633379973,0.4115661665561344,0.23910336412704003,0.3304610377328026,0.3152869048806171,0.09218121762800884,0.32062541113883647,0.8096113300331818,1
-0.19980785211272345,0.1330986575996388,-0.6965208045573855,0.5877884362961883,0.49559155370253966,0.8033527358260731,0.25257781256226985,0.6986692621415556,0.41205398919084846,0.6394529478599346,0
0.23486577140154757,0.9680454111572527,0.6815987244913153,0.44634587673181886,0.7744506050713414,0.5678097244321129,0.6141608979848134,0.472450449803944,0.241594660726914,0.36898720010260516,3
0.4454391299592261,0.5778798890008943,0.3926052025149007,0.1361321574343612,0.022706039755666818,0.6513790579273423,0.0154855544524974,0.639846520600766,0.9516382876912192,0.1577924551533867,3
0.0039806804559519154,0.9079963340950685,0.7879897915472638,0.39136416716200617,0.8618191782701909,0.3351794683842927,0.5984408271604535,0.5697398651788567,0.6213788212631942,0.6776407571255054,1
0.17554627331193257,0.4292884904114386,0.33330577707481857,0.024518239351300302,0.7003030433738171,0.9034433659826724,0.7280793272758069,0.08484214855075638,0.6028795948105943,0.37426317958796024,3
0.2424785745605158,0.43176771785837664,0.5807122266354195,0.24757299239951308,0.71103585840015,0.9305819190712603,0.8686491456869425,0.1040136143118551,0.42780552076561795,0.6697652215969122,3
-0.20352624070460482,0.59614132724224,0.47117151649128386,0.46739056468399026,-0.0953502968093407,0.034875898012658696,0.7570393901884469,0.23281946109541768,1.090318788207279,0.37950968076641495,0
-0.10651977617032074,0.475984832672001,0.6249450461242059,0.1247867711035123,1.0036256649939954,0.8765591614753138,1.240931948985994,0.5130491846824865,0.27063396550478486,1.2058829889666112,0
0.9272425988919942,0.6302410601886221,0.8417214064036164,0.4960045090027265,-0.027659569108285986,0.5571000810045333,0.5404373153786797,0.6625801500515187,0.5048565955266007,1.248758119207043,3
0.0987065582054435,0.46127299117373266,0.19224881385860898,0.03198115449668898,0.9132353097293321,0.7698927682356845,0.8009065554737175,0.11655236146497354,0.796517378453597,0.29186226441958724,3
0.852487657615,0.746296989078526,0.5751132866793409,0.39335905260509324,0.34306314156333895,0.3336247603571978,0.2519385783793315,0.16463855176751574,0.3432300118040719,0.8313343784711223,1
0.6546214669573116,0.65856515002917,-0.274529669738545,0.8673651141097782,0.43925531547952434,-0.1279954611848088,-0.043095394660148695,0.8955192223809907,0.3229203236639378,0.3130131311782848,2
0.8368186203236082,1.2935530621701061,0.27714801323637167,0.28773388288200885,-0.15589429931454635,-0.08381167895969299,1.2373759525895855,0.5564546181818408,0.9156894956482712,0.6623025223186528,1
0.9795727864893558,0.6050930199807298,-0.10590305025418661,0.8651329499191529,-0.07609133952668973,0.09836397067058902,-0.07982806328252534,0.6207339398788587,0.6292761288793747,-0.0816988205906274,3
0.0757889170155206,0.15555857806256465,0.18433833917829834,0.2032021335827792,0.31881625361449806,0.9578384455735452,0.22268720194253044,0.3078595527730313,0.6132776013885683,0.5135024314822848,1
1.139179398999685,0.9101476125189889,0.4963193680217447,0.6373787236855815,0.8651060888922301,0.7470875435007037,-0.3901327618376247,0.3342683197460001,1.2254368907919013,0.7788655236317579,2
0.21999728793327417,0.06402567827386785,0.011604640292925267,0.051216115152569436,0.4840483380937045,0.833046706310299,0.11019989004774192,0.24810324929316824,0.7356713897012456,0.6575868774014699,1
0.10746426898399117,0.7973686602321641,0.8578245597687498,0.5982457996769635,0.8051132702703595,0.7206702158947796,0.5210410229274796,0.3810755068392879,0.42767110118985363,0.5434176868618702,1
0.056860011163599365,0.7739162261141699,0.8436485279450581,0.2149238221660725,0.988244102362222,0.5295860124520654,0.6879770816652119,0.46042706481965573,0.7150462420262521,0.5045664518364248,2
0.7207211102977411,0.7605967251366663,0.19979416592001328,0.21174599105950692,0.3348621763311605,0.8959398040794808,0.4947384050124176,0.6513163515760599,0.7086839236745222,0.6461874403286667,0
0.35225031905246523,0.9284751303491059,0.9268003420772448,0.6391460137068805,0.7751679246535403,0.21167920056228975,0.8733469018481742,0.925218317168204,0.5518902114987615,0.08818321276301544,2
0.2539438563535357,0.35936353035606466,0.30906028941218544,-0.006408026685102382,0.7368556722466372,0.8386739493432493,0.6689207409878933,0.0402611980198041,0.6659654011623358,0.34464168160129166,3
0.45352740486859144,0.6639796760767444,0.26636410704544455,0.6467490422041638,0.6320409763238738,0.5670463014059918,1.023191267374926,0.8724755734198535,0.5774337559049749,0.21282756246485496,3
0.7465788398630773,0.6574936847462312,0.6972804923583037,0.6634572574231201,1.238427683695492,0.3985234003187061,0.28305494282434324,1.3410063166122559,0.5513172922744423,0.4441995494080026,3
0.41341287615165645,0.362747923423396,0.5901375477064714,0.5864077653110317,0.4219915216158668,0.20753300329560084,-0.16904992576902633,0.38169262260067294,0.21894617241127562,0.7928412524612474,3
0.0487330960565186,0.7635658937991081,0.8499083112711621,0.22020905026551238,0.9924287180883408,0.5330049305676574,0.6798759038130988,0.4610259822696942,0.7219493825103328,0.5063704324475133,2
0.19656621404590807,1.213649883705071,0.8193686634948414,0.9067877753892503,-0.02612767467109825,0.5406275545289845,0.690566211486423,0.6703319514089691,0.3804999539964143,-0.19122895294010397,0
0.4081638245280964,0.17024718889818197,0.31267795379646646,0.37099517762174283,0.517363765077505,0.8387901340351617,0.8882986404110229,0.1439879811946378,0.5955659453882797,0.1419725239591527,3
0.26513810062287474,0.3993726553166441,0.44049842769996467,0.5250401919518346,0.4182799796293838,0.9882861513898576,0.024506103653913272,0.4707566597588749,0.3280816676506909,0.23032636500165693,0
0.03532378426513667,0.8414562986794627,0.8020906665618776,1.0113978693738592,0.13467096199162853,0.4438521041394242,0.7809445381707332,0.38286849452191596,0.6166187045964049,0.23499144805226532,0
0.6115458361970019,0.9769538747018441,0.30882824387122554,0.5641246286720509,0.9805663295519198,0.5092776894910056,0.9578611875999832,0.11612350096874094,0.8998881500459693,0.8269292056464989,1
1.090588097022896,0.455513871050508,0.06228848919837266,0.9174894412929884,0.12856753447085084,-0.013334294473125202,0.11426957559399031,0.9881000175378685,0.8295078684191819,0.14196515808129098,3
0.6433174550805932,0.8953796572849861,0.3321318542581434,0.6271986914073909,1.0434426007787525,0.5224881070798191,0.9999973908404132,0.12508851993737674,0.9076592343873379,0.8758291852996927,1
0.13986813939439618,0.46964337589468064,0.5563567503750946,0.6217922480827475,-0.04111294134375415,0.04710720433152141,0.42304237877165296,1.1075572347581533,0.052644917466084906,0.3395182770029777,2
0.10864197383806876,0.105318635440668,0.4206268911147166,0.7009215447991429,0.06778574028650726,0.39450371938377055,0.5338025511572604,0.863547080300518,0.40749190035532695,0.48981169681532344,0
0.2626990921853959,0.5045031344378663,0.7436241825505612,0.4344796523785104,0.6256134398390447,0.688510125036405,0.2930011304169951,0.3727439754993237,0.1418939841835153,0.3719397433672298,1
0.4609696744077623,0.4918139666195013,0.13629137582417178,0.5754550002318009,0.45651917260537694,0.6266744499498651,0.9169578162903078,0.8256547197100093,0.4459888234666784,0.17566296163596679,3
0.20156807714989214,0.4712131267361184,0.5711195635939644,0.27496960043908464,0.7392005995679017,0.9526211185492217,0.9126651258706961,0.09212019755165216,0.3817012439035472,0.6385226205780219,3
0.48408750463256145,0.5370012922627073,0.39313377745434097,0.15554334639328612,0.013202467553375525,0.6942553852635162,0.021555173922464692,0.5712872196191624,0.8630122908156573,0.14746356211714562,3
0.2560386277141871,0.02435353109183038,0.6746130160551349,0.4710859334136528,0.9351435874622631,-0.05993650402770864,0.986086939772755,0.4823738869517696,0.4520944622572306,0.9131239908563624,1
1.1597903634816664,0.23342942130687394,0.47020472582782863,0.30122698106636797,0.4445569371607253,0.18845419551108655,0.29810359801951924,0.6896095962558322,0.4764522649693778,0.19707870838289887,3
0.5767141010081952,0.07397654091033973,0.24942159423017574,0.27584656245512534,0.38754146855752275,0.837874299085853,0.8355198182456482,0.3071564655298808,0.4633247653947959,0.16303401928149375,3
0.8541790974267436,0.665425310350923,0.8153459160179656,0.10332371943558247,0.35903394861695787,0.6351462634990974,0.26261869246294584,0.989181120334303,0.4644360862206544,0.6368302390076493,3
0.9767382096601226,0.32834093833693545,0.4834612589874005,0.5785391490150956,0.23229111618486029,1.202151778881873,0.1469271166187669,0.6174041400117756,-0.0487985907695031,0.3620812834197093,0
-0.006141601780277575,0.6548627632052826,1.0240280744991268,0.7259512304984205,0.6421602916218776,0.6412635832901165,0.47318145625908453,0.41499495827627,0.4154287226705469,0.5494766365422037,1
0.21057600319253456,0.7055212877651267,0.8516194557959604,0.5824565354320328,0.8217017321445987,0.729756715816738,0.5360444213141378,0.3307410972798396,0.3158147069165198,0.35536204937688465,1
0.6234068347780954,0.6810967880389287,0.5432539224264581,0.009443174718062136,0.43656150098869395,0.17166669554396993,0.1394644263337921,0.7269173136707957,0.7333818182399195,0.5386575339075437,1
0.28179562491346033,0.3594215084978454,0.43010617532555784,0.29653249019910216,0.5658772425456134,0.6772207192986949,0.814460044934699,0.2638480346532724,0.4103895346073908,0.5686321755342654,2
0.13606045137087278,1.0203808366818237,0.5137386282316848,0.902138240088317,0.4620548886957029,0.41209946902354505,1.010498812444832,-0.025025436542718577,0.3094843393974712,0.8040665689915084,1
0.18547492569526483,1.1018504523984478,0.02807510759185492,0.16067135442267644,0.8573034661105338,0.8415320046766974,0.43858933047704063,0.1026628609167466,0.4152260831623721,1.0284881066150084,0
0.4109032361511014,0.794580064020809,0.7743911207911872,0.7654514295168074,0.6895588211039696,0.3809362050958762,0.25063416521116955,0.8125538992046781,1.1491173672353079,0.767079904328985,3
0.7875304017825379,0.26610340969412727,0.4398964731082053,0.4013550884981202,0.013934971616942016,0.19733756990229412,0.2159404132124909,0.6584002235591602,0.5549263571078309,0.6548161023795027,3
0.9024078512759154,0.7526625843686119,0.5132292596653266,0.5083694341465284,0.24922242875775158,0.28048936209290454,0.26170703074359314,0.1357951860230562,0.3426545026500632,0.8326139891456528,1
0.7964252070422828,1.1558490551149867,0.4704309741928206,0.7390173574168521,0.4325965782120019,0.35929061729515593,1.2439448501670238,-0.20329979072568488,0.1442425026680239,1.0410852559299493,1
0.4041693780071412,0.4289376641031202,0.0907489183270553,0.5574851327207239,0.3259881091424459,0.08146572117244605,0.05004319276643926,0.7892599156587622,0.06678848178716815,0.6052141741258096,2
0.8106574825619132,0.7428562044950717,0.03814090912343272,0.891603480775829,0.07900669157584111,0.7946210738069996,-0.01542665738229032,0.518756765467181,-0.04458482562711659,0.3884706556367305,0
0.549961375896443,0.5633772889744671,0.44806425743496525,0.84816866429341,0.7426838691375508,0.86544056131513,0.44296422406940544,0.35028383825085696,0.20664391667357265,0.4585116178073611,2
0.41126644270089646,0.5823844545815194,0.39858971797268977,0.47934526930259075,0.4217004305083334,0.9837091310471516,0.046663388133383756,0.36389122210926106,0.4064042953394094,0.04841869379262504,0
0.3347559959859709,0.0948210121881825,0.5900075558816098,0.12659994951960207,0.05762799687669999,0.7982795135244346,0.33601906052660885,0.1133511649494181,0.9518756293632462,0.38566177928432877,3
0.4619742300129511,1.2212339109154873,1.6786928623040671,0.2049696468293124,-0.13373518688029706,0.9991584035228449,1.777915218814127,-0.8494545020667318,0.02523361992972928,-0.04830717388895189,1
0.7831508342459693,0.46005528994656114,0.4862472398880122,0.7147244090655139,0.6432196386195175,0.9147054257494672,0.5653862961820166,0.2846133414376843,0.2871425575969997,0.3731529681610367,2
-0.07411060989517329,0.18732744843772087,-0.12459019675752794,-0.0812425235166147,0.5274706130197286,-0.1571599852982674,-0.0012728678194798837,0.3572950403919124,1.0184659384864827,0.29318648707125056,2
0.8283899806398339,0.6054553004861128,0.3902585699539024,0.45191133833034663,0.09819187254396816,0.06632568439800324,0.057410079194942315,0.11819459185517675,0.3016320328709049,0.9029345649370643,1
0.11118972053540081,0.508505629750143,0.608567543973073,0.7516712740735825,0.6821042609020864,0.1580991717866587,1.0419083475358561,0.9831343152404519,0.6302107317299255,0.9732116366313884,1
-0.09382415488171264,0.08710111223235811,0.5103604158475163,0.14457343690215613,0.3806227186158223,0.5513137179469803,0.8839192339962245,0.10396647855572494,0.3690562070635183,0.4774497048129171,3
0.7690881127411914,0.8693686795223956,0.5927494194189856,0.33088995997253823,0.33316957169868017,0.3995555803487606,0.11815013596693345,-0.007855700176175234,0.49020932518672633,0.9788614941969659,1
0.38988359930814354,0.18197448335002986,0.6632276388407827,0.3565867024435762,0.5715633648801074,0.42047553386759673,0.2274624079631667,0.656756351385855,0.35336501750151716,0.4351620497534108,2
0.5287970990083783,0.22165014997356064,0.3407959125054697,0.628393054095514,0.3215279623172764,1.3155280352108638,0.7681925062027036,-0.33349079756092825,0.8065834396790112,0.12102358333451868,3
0.5176467532817408,0.787791797780932,0.8873354488730224,0.7486388694127196,0.9739615789837323,0.3363227771188171,0.06943080717798959,0.9634927338781316,1.0127949993202878,0.9187609683974453,3
0.6239147817468375,0.650576577852802,0.09574525277747323,0.831833732973208,0.08055303683450975,0.9940582438736504,0.183460770164955,0.32712045809971185,0.06774140884181228,0.3915270058512602,0
0.8731262750065262,0.34248152715116387,0.35565319502687553,0.6680686160855778,0.7957220970798268,0.8690567371996492,0.813126000188605,0.2870635374965564,0.07078085035779724,0.7098587955116618,2
0.48223968065205036,0.502061860260266,0.7855625528380841,0.5715297676217648,-0.0837317508726475,0.47048716488050984,1.0831941821726012,0.5993322889617791,0.006924684654366124,0.6037413513569394,3
1.3060853608686411,0.3746748904256127,0.2189641910343152,1.0791834614834035,0.5423339758487931,-0.09367022050301277,0.6773893847222923,0.998316707147646,0.6650724481921707,-0.1924263626628121,3
0.2247241939184886,0.4557077237485768,0.5441057151650389,0.22060662322638408,0.6833057779370049,0.9704801809354718,0.8440509711411092,0.06248998401797519,0.46011197536736803,0.7001568498122741,3
1.0104772689907204,0.7310116475951735,0.5043240980780993,0.3846364712771184,0.31758550012655795,0.289915696535949,0.18011581083279643,0.15003330165176484,0.4345959095692913,0.8695991887679092,1
1.0597988309401851,0.594479911238157,0.4137988038213642,0.6191130869146688,0.2276376480003517,0.26068912423745005,0.31654559503822444,-0.003142726231077364,0.46452037303272137,0.7683485181863635,1
0.2829695704407658,0.1580876355875337,0.4202737386471812,1.1864316835174074,0.5133097924003701,-0.44036096189661206,0.7210535076259001,0.6846724456382682,0.054324113341765845,0.44481889068612945,1
0.4980603686620796,0.7222381085393426,-0.2636330252316676,-0.08569821214002193,0.7422554595208852,-0.10636632485354924,0.7490605547211038,0.24670539680541154,0.8299537512896604,0.8279761820615693,0
0.9670419400834855,0.5119998084239319,0.021239859231277358,1.018584980984434,0.06110560889937214,0.16128865259584863,0.03375716147974563,0.8540573553561467,0.7572141214335828,0.03313985068786756,3
0.05720010772260321,0.7716120078637104,0.8491040336359937,0.21941972992925335,0.9888312377030214,0.5326453704956866,0.6856344576476632,0.4628966621272937,0.7181702963955683,0.5072902309773123,2
0.791396441080856,0.8014197835476584,0.6727217334317013,0.28105461873165594,0.928813852615737,1.0068932926747045,0.148818520100611,0.4382013109564902,0.70100567038328,0.4347323135955869,2
0.3074294779864129,0.08979475769770218,0.16810801982906487,0.2557054824783868,0.8171431285920299,1.1022284737060142,1.0433253146937573,0.3233192100865469,0.7478614869003977,0.3336959224617172,3
0.5335818158663479,0.12102591507412079,0.48437344383268466,0.32579422395234936,0.41748311358171997,0.4752695053745096,0.3529951745227679,0.7804289259476311,0.32763601365908035,0.6235999527626045,2
0.42387113274206567,0.5557357732860143,0.3940492000064472,0.1406887027994594,0.05063437763374374,0.6462260401378513,0.027526030721570206,0.6380889042278644,0.9380118824966526,0.1580376109139139,3
0.1279415435167627,1.217170489680623,0.5588557507554254,-0.13639305734875196,1.0393751209515973,0.5898673683510052,0.05784663085046848,0.29378726337560046,0.20095205179643882,0.7940963778713992,3
0.071880064026066,0.3268181534168219,0.6624286219087885,0.6519328548688084,0.8728456973008165,0.82912811946556,0.7187624237045311,0.0003126404969599067,0.7016090879823084,0.616995174782231,3
0.7741373448045766,0.7843927335173205,0.43328207844360134,0.3383030718686483,0.20450483240540934,0.15928730068108693,0.1844915411861821,0.15572275890450044,0.38247527332161757,0.7762902841497971,1
0.6697729251928121,0.719931415109107,0.700765573312639,-0.13964317375985533,0.031895756301110245,0.09156387533697043,0.34919368485079916,0.9976649090000365,1.0959400532975514,0.9098061592195549,1
1.034174458931909,0.7362185486229387,0.9459200817985519,0.6903678271211235,0.7952808015969287,-0.08060535634137536,0.9118687950633365,0.06276826929238649,0.2984593467675749,0.3511502329732429,2
0.8079743491183483,0.2684263377281272,0.10929429870562542,0.860708391574099,1.0215388820383495,0.23000291781124393,0.6326415495227661,0.48654103978226176,0.7994267523960253,0.8113575748334217,1
0.9036762126516182,0.44975728468507326,1.0883555178970155,0.6520280894368649,0.3147784166326447,-0.292490873834032,0.1447270680701388,0.8761628408334645,0.7505745723252322,1.6507602501160807,1
0.1854971394133607,0.5906568436792223,1.048873409528353,0.7197298443008627,0.5218347063164985,0.49690354576600104,0.23641995851069703,0.47177215016440965,0.24891821826881477,0.35570441975590883,1
0.35993542015678226,1.0342621978164719,0.6102963148092097,0.3645007484821161,0.9273273229102446,0.6223379814728361,0.6288821769117929,0.47470654324476846,0.26987712709498907,0.41507830393462797,3
0.40496542698142735,0.19557150524278905,0.22015795963439364,0.14590521165632406,0.265368292540879,0.8300291254100706,0.9717286074275079,0.2907437902589856,0.44160224157867384,0.04628354835491087,3
0.05368153688751117,0.7745349273562386,0.847991998124877,0.21640955831407466,0.9820970819112026,0.5355799729436987,0.6818967135442727,0.46756323168097347,0.7211105228051458,0.5110062799908567,2
0.044452195698312956,0.9580556584877072,0.6951644226005429,0.3159240237941942,0.9528427603737288,0.38610907904402647,0.6055511821588042,0.5859658324860867,0.6937860743411702,0.7268160275564874,1
0.31401565669113674,0.16077206723790358,0.6088118175713993,0.21779818392799088,0.13811272740974734,0.7184292669282052,0.25028048338830033,0.32774435771044313,0.8854477924122705,0.23171084506941472,3
0.30057082867765705,0.9106701289201051,0.657431128712573,0.512154959427675,0.8128835569913709,0.6109672306255883,0.6325590344907492,0.508229551864083,0.21949664873540883,0.35851100047379786,3
0.717016553908377,0.2249572755138568,0.41364363462420256,0.509305358152657,-0.004023940861624387,0.34426328762227293,0.11843492009564727,0.4709631496087201,0.5095292350490188,0.8839846832016145,3
0.755325820919715,0.44187182607240083,0.5467436683426785,0.6229382186170714,0.4349302848943961,0.8148527891277716,0.7180262870980214,0.39196369957596433,0.127880292045932,0.4768285030869054,2
0.7296108390829339,0.6235812563430656,0.8602503721482831,0.08196179123120342,0.13010580080514642,0.09867926414920677,0.31931830850669424,0.9062276973862909,0.8992037639337243,0.8325266672951305,1
1.6419551860433976,-0.8547911479123187,-0.1887573357561586,-0.6733041981626253,-0.23673362887466626,1.2384647423091761,0.5313823316148241,-0.2188034316029992,1.239066012447084,1.1024567044048172,3
0.592895065883711,0.9440480966953871,0.3170184220871967,0.5789121322085058,1.0070972395183182,0.5309803054693618,0.9907061584165535,0.1388628709850977,0.8927606210218678,0.7883730724848506,1
0.0868213100336499,-0.3635133862343306,0.09969193151698225,0.19150869284995914,-0.11124504871608773,0.8798599497643412,0.9385932931100088,0.43242225031827664,0.5782661345531055,0.45273659692688567,3
0.0598641048743385,0.8839475060749704,0.6075257669544595,0.3797763209263315,0.868824386008344,0.3964453748103979,0.6006801665290781,0.5497399245432777,0.6770763844600766,0.7297499415781895,1
0.9526917145940562,0.8094871316326707,0.5357211435043304,0.5086618846943812,0.21063404199510177,0.27434307614363707,0.30727503183355104,0.06139599735373011,0.34162088785174805,0.8962928869319814,1
-0.012619466855181533,0.1441930048071025,1.1282557052699012,0.12933955428081467,0.8233089362520646,1.050745167111609,0.2667230672015316,0.9112656074010954,0.03912351021783378,0.4297779380470049,1
0.886448633312924,0.845926415060673,0.5909614416234578,0.4732403253048222,0.22149300809019884,0.1552505203519669,0.20513495098237625,0.08640068342721602,0.37112654225266667,0.9641909165061356,1
0.9809427384636498,0.7151682781934803,0.8293694984676789,0.397997988630894,0.20388192155399606,0.24168794848679054,0.14936363065665914,0.7914424187275241,0.5114508412469617,0.9237022965768349,3
0.9131743239018744,0.7172271862275892,0.510641051923481,0.44438576670500496,0.26116863153411085,0.28825127788117266,0.20573532844345194,0.1062998452761392,0.37980062146547294,0.9055876112948824,1
0.4806800185215178,0.28577616307605364,0.6824409425973396,0.4247352199029967,0.40394258088822027,0.6583125232139514,0.39503336643162823,0.5837274873602367,1.218416534845311,0.3577100727793309,3
0.9494458736744649,0.7597300604308432,0.08371779314792778,0.9924835597883882,0.6002869573686176,0.6844396667758857,0.7602162499253444,0.8045339912449195,-0.15050860674392663,0.012310992950696507,2
0.5132348973003096,0.23418513109631794,0.9299732052033765,0.3387284059759255,0.13004640696950756,0.2171771429296575,0.28851254254762043,0.49157924310970347,0.27453602061802385,0.2770046851383173,3
0.24721756754162796,0.434603627713892,0.5694916827465593,0.22981207144740692,0.7054460023571281,0.933116747673399,0.8546995022834956,0.10836547220568951,0.43287770381553403,0.6642152396959947,3
0.05667995251370366,0.774666060330169,0.8471082338074926,0.2172099600901969,0.9855540023770428,0.532314120003613,0.685800351283253,0.461630260266127,0.7149704580562906,0.5056859940073202,2
0.7900147556374941,0.6371590889475058,0.5433454276940803,0.7328604359065763,0.624213818894606,0.734733245317676,0.717279853369817,0.3958314085014195,0.36034952439708373,0.5573863052629853,2
0.8984915534251766,0.8577683168465625,0.5275404184619732,0.16546908564296586,0.15937115269960073,0.39134793058475664,0.5216673676509431,0.8439272113754713,0.8269562904362869,0.46478535737949217,1
0.4953264435160576,0.8771208261446484,0.46828377825931333,0.6692756056071528,-0.029222987623725515,0.11904450700610442,0.6368006266486247,0.2714722539098583,0.12685291239807342,0.3048713863861957,1
0.8297150230323117,0.850778229254139,0.6219224739115409,0.3186546685630295,0.8284386799028197,1.05299459918243,0.11818109284593994,0.4909599351716042,0.6391138384451037,0.42785622310490945,2
0.6360284539781302,0.3484860553779812,0.5043226366360883,0.727381664149334,0.45588291583788243,0.8670297800427262,0.5681787166107289,0.2779216731715435,0.08844964162836759,0.5709731069275733,2
0.3091543453659029,0.16067230220562392,0.1494198570175598,0.21423072030810744,0.49871955267651835,0.8585179069325248,1.0760349040961001,0.3421279478813225,0.257384493239417,0.17169615138678795,3
0.4040183731387628,0.5647258550613397,0.4049555259440543,0.15441288627044486,0.03524965813154996,0.6306052256798869,0.0289049479213344,0.6272425576735564,0.9526711613050229,0.14718229959567028,3
0.016109195197416777,0.9710308918925248,0.8323824595609581,0.7800831777716706,0.19598423816456761,0.2789323065917236,1.0048548600693281,0.5508882727523309,0.651979494620237,0.008114505083934867,0
0.32431766282072017,0.9290257781014399,0.6600168979284405,0.5190705924223946,0.7283280198825083,0.6794508013994527,0.6107226124137398,0.4767659947861283,0.16573122218344252,0.3069352823113292,3
0.2437638683086798,0.9150974051696964,0.6656437953451679,0.7134246528520369,0.013432061634524728,0.4806407081663441,0.4968275377724266,0.35957278893853784,-0.04990791109212461,0.3841005076377612,1
0.5008429185972008,0.12292891874973734,0.5070309093372709,0.3032967035700692,0.40655113501100354,0.4939247257222989,0.38230205681340895,0.8161322717779058,0.2988872836026608,0.5897231287405347,2
0.906821335352493,0.4637662803137632,0.021995237732640727,1.0056226711018028,0.04163030041204701,0.11838857937523448,0.04416905774074377,0.873428616844394,0.8151112021294122,0.03485351974225741,3
0.9366658944487836,0.4755427617856519,0.015196939607178333,0.9924975650169966,0.0484557384530047,0.14022244773522216,0.020113631715363695,0.8863396491978119,0.7869377659802103,0.03963888153610379,3
0.7907000363121289,0.5422951509217424,0.5694672709596769,0.5749208448145189,0.06303984845304961,0.3569509322021213,0.17770333702170754,0.5312879413986218,0.3878770514523999,0.3985565975355663,3
0.17902762328635552,1.0031164637490353,0.6882229520284419,0.37387587715818316,0.9608320174637047,0.4598718305153218,0.5983699591614131,0.6433391649161745,0.8115008405531525,0.8557783158277354,1
-0.09758647655624078,1.0647018679790563,1.0088382021779005,0.9689775537593154,0.0999046174302301,0.23775172423505267,0.9383152444465687,0.42029814376469077,0.7204171241792569,0.028997120190573343,0
1.0772021898328852,0.5910879139758044,0.6604994510502973,0.26226426198868463,0.32884419589303315,0.3300352358793946,0.4204705843680274,1.0356774501345292,0.5213260101929034,0.7443244336244532,3
0.3092813593941859,0.940065800162894,0.37209162773977106,0.6987361889156873,-0.020451049898044592,0.32535059387322907,0.5491451428346921,0.35047670242626666,0.2742926673985469,0.1052480558990449,1
0.10081641252551472,0.6645844143165195,0.9348736702960132,0.6119099359998463,0.712969878685728,0.6362160306111673,0.42254275001330444,0.4474445089923129,0.3374826576494624,0.49823778163373256,1
0.39460177004915453,0.5224545222640364,0.28876945496750694,0.49235441688602094,0.4601331639753621,0.9471810276211827,0.0824024891873732,0.3604862354911786,0.3522124099992463,0.11330208853997854,0
0.3377045007246744,0.2273280216569345,0.2760089359903099,0.239580474644016,0.24698857974819544,0.8715718226607837,0.8182043966332294,0.2905946872600895,0.3912761680224314,0.0866684514810194,3
0.41218212276600424,0.5602144850762641,0.37818196510648444,0.16046957243133853,0.04837155408218017,0.672969547837338,0.03714500892102606,0.6320505702262863,0.9324461009695725,0.18220815727499814,3
0.1234626464690904,0.8934643723153233,0.5581996407423888,0.30499602062771575,0.7914057819724403,0.4642671855402257,0.6475909911055134,0.7321125370389403,0.5810876302680674,0.6979283299974655,1
0.05411485131397237,0.7725740761582067,0.8462838782596359,0.21914943461627806,0.9865177718849905,0.5314336318266017,0.6823279973886448,0.4639873392738727,0.7157947454191946,0.5101080135174896,2
0.06127071783840936,0.7772947761181814,0.8463787656268411,0.22009019523285184,0.9879613877302127,0.5339329795459057,0.6876717155146223,0.4620870119638084,0.7163710409508178,0.5080566941244448,2
0.13199326978080497,0.1069365366941266,0.39433248157961803,0.7181997014796505,0.08718410942709671,0.38530805712849286,0.5403361231092022,0.8475318751766511,0.41311582319195084,0.4428071499250283,0
0.7012762137648728,0.4456452101786532,0.8013277668114955,0.5210170966799795,0.5677231142080353,0.020620586537547822,0.5658918953656826,0.4111104812243604,0.004162042722171369,0.11259433757419313,2
0.3929828197955631,1.2054868002697225,0.5360699906502479,0.6298126980474363,1.226001795880989,0.9002114999623025,0.4384128047691128,1.1196177271302254,0.9654073818331651,0.6344622671339972,3
0.20517971032637447,0.41659668448084175,0.43577885552372864,0.5426718258283345,0.3667843522131973,1.0523104611827767,0.1384393605443741,0.6512600025485624,0.43733271316204014,0.014198841376738713,0
0.6806349128024252,0.1390776332896945,0.44357694572776724,0.48637366323142217,0.07832257110864178,0.26995051502743,0.1601292432424833,0.5488891300120298,0.5044050418211629,0.8270684758890193,3
0.7159566073434651,0.5292748097353449,0.5986412708552732,0.8355658340772516,0.5905505439680971,0.8671501827615957,0.6413325684019765,0.19805951624103166,0.2532951264680639,0.5062949824594392,2
0.3886287449604005,0.37673284676235724,0.41781366002900566,0.21365110885152105,0.6896770937595675,0.6814546358851699,0.7192470922326133,0.17973193241661345,0.4191938014363438,0.45451416461595706,2
0.9835701981854189,0.6875017822128868,0.6330383404100346,0.20151162783777832,0.43926377832027463,0.4747586493384603,0.4761603115908855,0.9444945694872272,0.6486313301726013,0.8616420966008873,3
0.061924206103114714,0.7893557841589669,0.8557515960531388,0.20142674043911896,0.999042608455319,0.5255549979621211,0.6872604472775096,0.46113959456361975,0.7367150216956844,0.49391854613155406,2
0.824687280562756,0.45370440888086744,0.7593282453321062,0.481663975738662,0.5794985431130426,0.016639109945705173,0.7286926212762698,0.4557270799704222,0.1255170527621198,0.012504058389675624,2
0.36963392981581356,0.4220079190441699,0.29080819263710134,0.1375589250386615,0.6713832796328951,0.2504678910165654,0.3319477914908222,0.9468870889455316,0.5560009007980136,0.37841339991434153,2
0.9521922948289205,0.8246443871309825,0.5374738744759745,0.4575460547187751,0.30256063419696566,0.11090417875265848,0.14037454468651067,0.21825177507867372,0.36304739948958736,0.9009988140733547,1
-0.018209694821777256,0.502818234609872,0.6930175412904634,0.5802948201095427,0.07700121792924891,0.2300548917984623,0.6171058293557423,0.23411740216008764,0.6104197729754457,0.9459795468136745,1
0.08266115774214372,0.6225705070489659,0.9071423011266613,0.5915180215655101,0.7194900981898353,0.6338815331813311,0.408672280604102,0.4537182966495856,0.33490092094162527,0.4643961466125796,1
0.33438794001943334,0.3230856686717551,0.2772830102147604,0.2938027275110452,0.7828097812825162,1.0527093813151736,0.9155132434475348,0.16249197574318858,0.7174894490591267,0.20256686959432524,3
0.5050891810057058,0.6662720930267954,0.8075098437990654,0.5590943639991248,0.042173125859698596,-0.22543084287154558,0.845401952082468,0.512451221833655,1.0269192448129272,0.3573115430548443,3
0.10220716977209908,0.8974403130708755,0.6635078526926241,0.2165355071258661,1.0073760057340084,0.3498513126667859,0.62257309187963,0.574564560496664,0.6916766050078618,0.6962353999960019,1
0.20942792034359883,0.528484076956085,0.8511819744413353,0.3033270924853719,0.06645131481266456,0.17582746788411607,0.7945039041617572,0.3111795674895317,0.9176055321817151,0.3073363389835151,3
0.48070252147590004,0.18120883361203521,0.27338959101200605,0.17606535643361035,0.28879837072677245,0.8933032937422037,0.927692600309861,0.30563640071349857,0.43959327017666805,0.09484345633253283,3
0.21270139518370357,0.5616499482499578,0.8662236495158733,0.4312852873830426,0.22199985593688148,0.13334631513359657,1.0797660854125235,0.36824488690186874,0.9224508697674226,0.03126258494502643,3
0.576761115575292,0.7954277781417457,0.12625965441886627,0.7023253735806587,-0.13662378477186832,-0.3554340693854711,0.36735446742707395,0.8103491333659242,0.040183105045397245,0.607856353942865,2
0.9849407267690111,0.7647062215583904,0.07876000604489437,0.9859783436601076,0.5321325339594419,0.8231438550204988,0.37838321269469954,0.8525823324703581,-0.15160499752052442,0.060481118878232175,2
0.6667313006472435,0.8951351745180895,0.37032263009704197,0.5158297558836553,0.9135088935501792,0.5342990904908093,0.885317824394505,0.10416578498387968,0.8835503750382034,0.8118801434645404,1
0.4475914368982154,0.22018813461019654,0.5487857710147171,0.990432557897338,0.31297222717881534,0.8789963327841429,0.5240970181351399,0.407493875143321,0.2604416468873273,0.6621885249169887,2
0.865929414784441,0.8351193093333455,0.34152552796905966,-0.10119156405710586,0.3315654941681408,0.4179570806938865,0.5250044579265646,0.3144779839654824,0.5060085672305139,0.09448213547113649,0
1.060225654748397,0.7227257304923274,0.11006194529200002,0.7742444924931249,0.50470191207463,0.7041155391400762,0.31599335796392114,0.9509216729151754,-0.08668803587564018,-0.04718927759895994,2
0.8216964982186096,0.4909707685369094,-0.022302589857502927,1.0205712253970758,0.16290170174855928,0.13263109646182653,-0.14260231899269177,0.9072089962600145,0.7774407231728401,0.11532979123874734,3
0.055279305869235705,0.7709518292451234,0.8325272833270507,0.2096609762528819,0.9918245762408091,0.525862541152986,0.6850671294841566,0.46794250378138486,0.7203839539177151,0.5030431450782038,2
-0.35240891682264974,1.1436766387028023,-0.5830274269547072,-0.37028608705350624,0.5040040108561128,0.49574918376229865,1.5526445217753646,-0.8955374851120312,0.9484559068848343,-0.05295882469995,3
0.4425358236473306,0.21190450056717286,0.30589079361069466,0.17284414642540058,0.35812291731877927,0.857187443478416,0.9352065131044964,0.2332284431109705,0.4560747137412703,0.055321462021618986,3
0.3219023280317059,0.536386815828204,0.4797199542659013,0.19687523386422967,0.8029595174617428,0.9630631691262708,0.9341226658404502,0.019781759875225124,0.501768712722065,0.5715841026827477,3
0.48018311640577105,0.20557805373439553,0.24121455348218518,0.18861282801182536,0.4197591795667063,0.9508052083413208,0.874328643483444,0.302019532667112,0.5550801599617895,0.045564423696924886,3
1.0708829679824636,0.23341272216381664,0.07107258655406931,0.6826182007826354,1.0138802103422162,0.03504321095997126,0.5771586381893359,0.5261753786642699,0.7935836163682207,0.7079072573438966,1
0.7203474133518019,0.8358835757865761,0.6817956592771823,0.23481857270197207,0.2072978601218492,0.8832104464982128,0.901162477304219,0.6698853277547738,-0.11047598208486886,0.07288161033333129,3
0.8527502620801561,0.5218713612018859,0.7663566995094997,0.18784347268721963,0.012950924320298096,0.04570724797844631,0.3997823599292277,0.856124185897987,0.8875130247767942,0.9242669334742714,1
0.3353778376601003,0.06894662266935317,0.32161982444358256,0.24760187253172722,0.2948394081600172,0.7508969212986712,0.8351549342608305,0.08096918638841308,0.4096335392962199,0.1561135119584835,3
0.7903299514145701,0.60063544850102,0.5276625078837831,0.578583189726669,0.12009156627255055,0.41304991573266014,0.23127766580675535,0.5554152726829908,0.3641028898649736,0.4066405380246865,3
0.7583598175678902,0.4397670215699944,0.48383342275778407,0.7248025305649786,0.32618787099787183,0.654159943403918,-0.07786138106813267,0.0918579222314728,0.08033467966839136,0.21714663697768757,0
0.448241308305256,0.5959708613938335,0.40855893333702453,0.1501458177211688,0.06757949150791367,0.6698180038175398,0.02578781559417336,0.6125250521768922,0.8968177659403,0.14221963803841745,3
0.3143321014208032,0.42292183543401574,0.45754112741266806,0.2681057656386478,0.5839766870496866,0.7024820258784308,0.8173484953496837,0.23968398540760913,0.4136505869310271,0.48904635245025846,2
0.5471740621194457,0.8167406001396077,0.39223922455168153,0.0935198334430486,0.7913992919998747,0.9935702410185102,-0.118877949856943,0.5451646309543144,0.600271483398964,0.590463630423529,2
0.6062239259001049,0.971105684846141,0.29447442117433814,0.594938671193979,1.0130675161182447,0.4842678010765353,0.9723216074820064,0.13185275796536944,0.9210042552029974,0.7978081436286519,1
1.0053888792942915,0.8962291473611587,0.8361389355687738,1.3239387320765093,0.6978917013191578,0.03273616296730253,0.4759435986861606,0.9857364600178877,0.7305489728857629,1.1919638749092334,3
0.7318666127077311,0.3026013972404888,0.7196363827700769,0.709648921480041,0.6502501616173392,1.0047502109278124,0.6734968895294904,0.3058060802095847,0.11317335509883819,0.34320597385427354,2
0.8153816917121937,0.7422006779336475,0.14272075433178177,0.06009192340320625,0.12417346538708951,0.602664047696673,0.36872950050339404,0.7802109953499549,0.3701843432790289,0.32126937775023473,0
0.7303102730100303,0.7973006608373433,-0.139566724153384,0.8823004017761389,0.3146210686029972,1.1468641654468263,0.3100228845401759,0.3090467757384445,0.1021204071382929,0.04383826968514848,0
0.8313246867514489,0.8118479160642523,0.40190105073037463,0.45787324838295473,0.32090030825590904,0.32997238561450903,0.31090262135666713,0.049460221254541054,0.4884545902776197,0.9663226933729696,1
0.3369957033449803,0.0764469493656339,0.6018681745276563,0.15501709375363637,0.12584062095197998,0.6846861963683899,0.28144190577499395,0.24188166568825276,0.8852754635807689,0.23795120311713974,3
0.4594105753184683,0.2901929837158749,0.4801611923422902,0.3891664124946645,0.4496402454199555,1.0075968514215599,0.8746859719884891,-0.032329757343619286,0.17971715675805514,0.46259938255982364,3
-0.04261874104939703,0.8383015411222896,0.7926726812115912,0.7709853071459506,0.29352018697926174,0.27495049401590027,1.0778112134156599,0.5757444579316389,0.7022098681049811,0.09650783551244696,0
0.7363219604922274,0.166012383882937,0.44909686999786635,0.4831130180363706,0.09209344549911656,0.3233120018467961,0.16978813623351324,0.5170366949460469,0.49862659536388604,0.7878435086531282,3
0.10198559420409437,0.0853599333080128,0.37640746538819286,0.7678194684546887,0.11864456530554757,0.3721308379744734,0.471335377238541,0.845741954180495,0.39557913558652175,0.41028333772932596,0
-0.105333453282004,0.9302537022880821,0.4951886894469168,-0.21119854294799095,1.146992884258747,0.8059488424508869,0.9052852401596457,0.14114042687670317,-0.010396980806963552,0.36743900644167493,3
0.9828481501453774,0.5320883473184354,0.47411651433555135,0.024194576368184728,0.5808920164209349,0.46190037345137064,0.6217579120531045,1.0601203968734854,0.7287241647168508,0.8831685981671104,3
0.834468586282847,0.7386263442364907,0.5233035159712952,0.5749492700881706,0.26775518042371094,0.2467396546029819,0.07016533227253438,0.19323832424549187,0.41956653006271555,0.8349369513496594,1
0.14809205220768956,0.41835828367251804,0.03653694473966534,0.05883450463555415,0.5042668850262786,0.11688528293447753,0.13116207773705973,0.3373452406479627,0.9213559102988568,0.3013304273430034,2
0.14612547580742485,0.637583637092637,0.9221346586946613,0.5472201114741848,0.7783790187850685,0.567667295632819,0.4329957056450278,0.47975424969896857,0.3926678285779429,0.5368374635297388,1
0.942041411320811,0.48161869227047976,0.005837182690519378,0.9895863933612054,0.04239742832833131,0.1332452107539007,0.01715857845418641,0.8913816440167722,0.782750999239004,0.0322239581760936,3
0.4362298770327612,0.48298482491925804,0.33451296469702496,0.5489877886447294,0.35151450190496075,1.0766293288860553,0.09001128287616203,0.3925339867201,0.3782479910272976,0.08187506257495593,0
0.6274394539885478,1.0409076610329864,0.7022462544797152,0.8216395696808485,1.0503419801731981,0.21208890844231423,0.2651219090378145,1.0267409669376877,1.0266998899270092,1.0536845030159405,3
0.12911892928165236,0.369563876356639,0.021543365284258213,0.07139523212724552,0.45940283348918065,0.07692836065684949,0.15783732970151435,0.38534540992330013,0.9155515112908466,0.2643544614522749,2
0.3193407834703676,0.42481789331440734,0.4566245620602205,0.2637721503618465,0.5853449608427443,0.7040174769561568,0.8123834141397849,0.23802052216741698,0.4127081708485149,0.4918290702231634,2
0.23296970951923376,0.44493864284989937,0.5621580475907323,0.214495729624428,0.7343818852877031,0.9155936359827582,0.8740806782471249,0.12792655234796846,0.4051188052701877,0.6606137556436014,3
0.7172036297992698,0.6806522925444057,0.7172581538462379,0.05639195780055034,0.014919259268356855,0.143671377168061,0.19691929264673497,0.7561169736839555,1.0361831324405457,0.6831342528645424,1
0.5511310866012802,0.5070661262325273,0.5546042543094296,0.8227742240472999,-0.08587493360953838,-0.29976628690331975,0.6202096480518084,-0.025360194237427525,0.6201286090151445,1.2150898232350227,3
0.32569943257891054,0.4569024349556256,0.42637649060655614,0.2891922115774784,0.5756346935488477,0.6854184739376337,0.85164163949769,0.20237427152019524,0.41991382917751047,0.5203759342597999,2
0.39080379536990795,0.7677849264045145,0.7950479632126853,0.8227452892676596,0.8271489374832743,0.543089025236897,0.03349886876316335,0.7856741854200122,0.9319948028000693,0.8462860162027243,3
0.40374174475377067,0.6019148683935315,0.22381082574956362,0.616431062857341,0.5533073034750928,0.625272257250115,0.8827110445200113,0.9367095911675168,0.5377717649331825,0.20859431247852933,3
0.8700822989259136,0.5652394876666047,0.7246957100868068,0.2238755841985895,0.5528864421527182,0.009681530793323567,0.3881294198872379,0.3461963039597353,0.43511464681433304,0.8779786087683543,1
0.04181847952464974,0.9518806311701579,0.681416265849679,0.3143020116333212,0.9404777903980437,0.38503876120960084,0.592763178915225,0.5799484069148966,0.6815299663228928,0.723236647225963,1
0.6367511931753643,0.5104383950019293,0.5984858484110166,0.7852310269643528,0.5190169099147618,0.8555882294344348,0.6158302410200405,0.37033605408749615,0.11252962395221673,0.5323626402558025,2
0.17311467702652655,0.45925059456292133,0.143773770976506,-0.057412744496539284,0.7680450915037939,0.9392898750638441,0.6323155583567579,0.08977175014990935,0.6048782497311644,0.3754054317686157,3
0.40144745682751337,0.9096376401689527,0.5945895315008206,0.8922784492811153,1.0219249428336055,0.6010383013999283,0.11938775551254857,0.9984140409284002,0.9757366208358139,0.6461891014393758,3
0.052781345409952767,0.9850354401845938,0.7366522671437681,0.26305830103582,0.9053954634634696,0.36520904271532867,0.5972873752340273,0.6355689578508399,0.6571410589830415,0.7721364591751338,1
0.3500358288292189,0.9054106399008075,0.3839198781518488,0.884592794482226,-0.009966930955758093,0.17846955534930253,0.5693181412290654,0.26970873090979636,0.13993478485669886,0.30587573107713256,1
0.01097037009107757,0.5226961660170082,0.35013950127383564,0.061218315488062114,1.0426617473957835,1.0068741924709315,0.7883447932514125,0.3762874667778771,0.9863253946119477,0.07903844266845744,3
0.8507974416488435,0.547308738876625,0.7057716794707458,0.37517993374340475,0.2814760136000565,0.5701082145909787,0.3602590396827976,0.32460469034299233,0.47612334458100947,0.37549912851692824,3
0.2376408904029939,1.0413474544584274,0.5892840232811488,0.9269910973758844,0.42424163831902095,0.2770459815501618,0.8498221814948217,-0.03216107587023248,0.2968646970225092,0.5955857346897028,1
0.8422070010382124,0.5903986724332729,0.4284714451992051,0.6596719559916467,0.044572747836781626,0.28257440306777504,0.07912218785515714,0.47126273569919436,0.2977060048520876,0.4151237699242032,3
0.50538480927612,0.9065300712962421,0.38118381471037244,0.6751542914800769,-0.098502043525779,0.13190236437891303,0.4613795343702338,0.3641325219191798,0.16015557178578385,0.18065448571351808,1
-0.11010270823986013,0.6232197229056695,0.7827567486904191,0.6647169080815956,0.7970219502393692,0.6002142162103027,0.4408250120025382,0.6335888143450814,0.3145123826668477,0.39033098916224124,1
1.1869009445686938,0.26901548823591886,0.1842496233511985,1.3099339057906574,0.8133618785110878,0.6821740438474232,0.35458290527828273,1.1480930950428776,0.3378885040124409,-0.316965291074454,2
0.6213804772940531,1.0251773015993713,0.3398805625141703,0.5422964503309289,1.020974501686971,0.5094902329108544,0.9423663825264309,0.15255625393887023,0.9602500940971128,0.8738200802033763,1
0.736472728674237,0.4293904563384157,0.7561591015370802,0.49334857503005786,0.6177754822126006,0.0379984079707112,0.6937193501983864,0.4344867886519101,0.07537802349060059,0.07686390633886485,2
0.2524345882082861,0.6073897698030392,-0.02612879306333457,0.6418781966876949,0.5441620181830312,-0.0873257716244574,0.12982127452019657,0.8746047968992111,-0.06749949566471636,0.5738724023291697,2
0.37156361359352713,0.4368124462276412,0.4764020993391911,0.2818897873163656,0.588737335671217,0.7348981603118498,0.7765786373049983,0.2914125981096886,0.41732001953116465,0.4324970812145068,2
0.887018669222783,0.1568801137206226,0.029086365436834495,0.7055015917233406,0.8367509878045707,0.19210268890618093,0.5386313596258216,0.8418581297534893,0.7106057660572751,0.7698534057106313,1
0.19103052390650999,0.8908942031184655,1.205222490657114,0.3268376692599575,-0.5619167925041786,-0.5169624092007348,0.14604200428482228,1.0187662515111913,0.48092455046701255,1.3900277112757222,1
0.04979893754151374,0.591530475029539,0.8388012835903538,0.6234619076631196,0.6525116922834427,0.715240652066696,0.48323110333178554,0.5743241796213456,0.40873522516103605,0.43460873798657196,1
0.7612323151518174,0.8544953353758908,0.09281303092543829,1.1844960496224348,0.8612829918240104,0.4125322766035279,0.7231775153083403,0.9488915225040008,0.038420268616688735,0.18193762230690444,2
0.2681250687267602,0.019107315561858886,0.6627167923312709,0.4272501573075636,0.8954191279558343,0.14230319899453722,0.809738382657074,0.6070996295430178,0.39085056722747963,0.829866731738627,1
0.5799551381555799,-0.48548406243174513,0.9992185303886929,0.8091779796807856,1.3898978693670767,-0.5835428527004742,0.3937747289977659,0.8495934092960256,0.7122445150907883,0.962338406577763,1
0.046934360120386084,0.7777595250135519,0.8407298470717551,0.22893852031095244,0.9907685433436424,0.5347073277101623,0.6882584314374501,0.46957907931461024,0.7151676677521555,0.5069145657751063,2
0.575640413748284,0.634964046475991,0.8749041855260354,0.092211939451281,0.24621673631917612,0.018991431990766347,0.4467708359595135,0.938043200013099,0.7557715005014831,0.8459044531376946,1
0.14386281997923175,0.2589409363321285,0.07794546811970804,0.11551727444113596,0.6243404683030975,0.7360245750273543,0.948576944147149,0.17938295537091006,0.7711027599743338,0.43889346243183713,3
0.24738524210362392,0.42408027277323534,0.36490648244063917,0.19782988537235074,0.6484020658591015,0.7869146820545588,0.7586051583782464,-0.09480381582742806,0.7579349105586657,0.19515682647703794,3
0.5172033709522499,0.8775900542466024,1.0971074709591986,0.5433419978048595,0.4022245305582773,1.1189785255230342,0.1953041106279342,-0.2832018253884463,0.4970541702897308,-0.44557934662620335,0
0.045576006680890124,0.955060507429353,0.6883343392248646,0.3015560034467653,0.9374081775571185,0.3791691397733325,0.6082677818994409,0.5747993242618094,0.6895901171330927,0.7249540231043174,1
0.39782343061626335,0.9868460366275529,0.6492230348890635,0.40024840174134846,0.7325444118900406,0.6639346761100362,0.6112931039507623,0.45566232125220113,0.04713635112903322,0.30094402416301114,3
0.4296382182730564,0.5503130705515571,0.4083495627401759,0.13355805270807664,0.03297261786644329,0.6372595713332642,0.024378844045558613,0.6440993871185835,0.9241911714214655,0.15552800394526062,3
0.8210355815123793,0.6243599027679787,0.7830561953502178,0.4526328552468162,0.8902384041198778,0.9600297541593048,0.0035222054334080877,0.3062672852953986,0.5542309688138227,0.5728210109574208,2
0.47181991595055867,0.5343578775681094,0.17269998741670906,0.5776904313786246,0.5131542238682827,0.6484831494028602,0.9460239528477397,0.8792888456421966,0.45702502904761527,0.2170312221833521,3
0.956276265885531,0.4611792379295187,0.0026239908421500577,1.0128187106340216,0.0640195821638611,0.14007829233273716,0.03210178015344579,0.8873710394017983,0.773626905219218,0.042545629576559815,3
0.26332395984573786,0.5267966239968067,0.12196759284905948,0.14281186396708123,0.5510948699578204,0.019704207739271853,0.004306536621183549,0.41019540395941995,0.8168563240404499,0.1918549108099298,2
0.22306842679646244,0.8758574923615166,0.7654378711897009,0.8176232019335268,0.8599409911975675,0.5038141894038541,0.5924675045518533,0.5745605952048547,0.29045501909736304,0.5876580562880156,1
0.07569483926591886,0.18085380228302578,0.20573070697118784,0.2944471323438703,0.10469861261398147,0.6756264744197171,1.2470399921663016,0.5844118747222555,0.31793971240088426,0.04905236462183058,3
0.3313096802816384,0.4228493147977488,0.42485947755499315,0.23762706395836236,0.5771267254895328,0.7025331393602688,0.8197693767595847,0.25474075250656025,0.40526701979409013,0.49335357649451483,2
0.258284484718344,0.4187841767841951,1.1742506012905793,1.0139035994615921,0.10799654841874262,-0.20605645758489316,0.9028442157997273,0.42685405111486047,0.8933399951155121,0.7587705301238168,1
0.17948872832258442,0.5528454257090204,0.6881713813453484,0.29749991240884616,0.6490118623602223,1.026969348009826,0.8666051979128906,0.15115086305838174,0.5521096406462485,0.6638400471764967,3
0.4381229522521573,0.4732207547579295,0.2529429428173285,0.6288060327576376,0.5070541043182585,0.613404264815212,0.96761499155483,0.8507466251207746,0.4006075780810813,0.24482332348003977,3
1.1158890909021548,0.20939152795511123,-0.061421337875572246,0.7606946339003883,1.052574410999112,0.11866457771213566,0.6659685323980071,0.6477023833256701,0.6923394941133449,0.5123252488380236,1
0.3939623957735792,0.634468294508558,0.598306026809288,0.37830226498853026,1.0785735822723654,0.22451347046939402,1.1252652041720497,1.2093332060464823,0.5928624195065126,0.12233497620278416,2
0.42617597556621745,0.4272106670747869,0.10124670064095034,0.5453407617514576,0.3209695489215729,0.09420059032863388,0.06493584876265833,0.7963546662821662,0.06920695713004088,0.6221796345662778,2
0.2922631388409641,0.44850246861309523,0.42664689572972775,0.23440997714115555,0.5850904576648903,0.6916589882952774,0.8464551945352317,0.23834858165235714,0.4377894517971745,0.5169731539581984,2
0.8937385917168221,0.5219303070707947,-0.01176452951616051,1.1099136242575276,-0.03299670940529041,0.03277239065931499,0.1317543331231925,0.7959136343760245,0.9052947381213166,0.03630541522223346,3
0.007550811538435578,0.9692395316700596,-0.022741657743373715,0.2868626500131054,0.6744459641467464,0.9028458609066737,0.6923571652889065,0.21172565751541905,0.29406228555699443,0.8582038504896741,0
0.4641811998106819,0.21053785460819693,0.2936777877505575,0.14908199318078857,0.3659286986088456,0.8556427218826288,0.9535004880399635,0.24162944078869397,0.46023398605696375,0.04532942511922128,3
0.6517442835439006,0.1343154104892289,0.5540559687944419,0.36560410572362123,0.06344313032678019,0.3535267021287261,0.11762333201062806,0.6674487696696552,0.508809662957923,0.8669709257012502,3
0.2435852948613815,0.4738786080607106,0.3666489838735589,0.48025284431279847,0.3804280690293942,0.14167983787014887,0.7711480667428668,0.19235987947590333,0.30815917924484676,-0.23368699639171592,0
0.10384933063334807,0.6711063641740088,0.9278421559286248,0.6103267069334902,0.7165006543863501,0.6295127023303342,0.4265884472732087,0.44464984200305063,0.34356814870554064,0.49219074538475016,1
0.21261813765332477,0.9034812932086819,0.5884394280062895,0.5292237692710818,0.8848746211768488,0.6576639631020871,0.6829756814308692,0.556667231401164,0.15653153634681938,0.3206897403772722,3
0.20251238176417657,0.9985696822763972,0.49982320440765665,0.9417329947507407,0.4756468069299541,0.05766452181992082,0.6473596415434916,0.17956132761430849,0.559244822486413,0.9326806564443185,1
0.3649246392552442,0.45340872384846354,0.41144073477382453,0.2788038313022078,0.5353452969238107,0.7116783945125081,0.864051850833847,0.2939177542199632,0.3858201054532953,0.5006788412166436,2
-0.28658718432027974,0.05737485371391654,0.602524049410052,0.2868368666345713,-0.7067676754015424,-0.030113455965998515,0.3280256518644607,0.09243195047048802,0.5503586564772038,0.024930223627041892,3
0.43573856540924083,0.5939693272065294,0.3853123992521365,0.16840990902770003,0.010775574624984116,0.6681398321479697,0.01270418575494403,0.6231110706859193,0.9041346300419405,0.16123997511804614,3
0.41863448074037635,0.924338106109197,0.49500841982010707,0.8548296577198512,-0.04040126932189218,0.2730391308828025,0.6150475355412647,0.27051156836436663,0.11809699063201365,0.20520071668256598,1
0.4830082343196592,0.5971835546436063,0.6666182102164704,-0.18110653428267573,0.7136783637793525,1.0979383197731818,0.35205157192582404,-0.3136070653222106,0.43364058514520865,0.22589443916252666,3
0.5252697556134475,0.9415759065782449,0.6082726036571073,0.6142181195740607,-0.038034038440804434,0.19570989171404954,0.6523328821847183,0.27325667563725126,-0.03707019440698947,0.38227538425713825,1
0.9567818010431074,0.07789731251915759,0.05535736654796184,0.7058870485943468,0.9778716495716769,0.17513518054995578,0.6240605479682633,0.6477123548000566,0.7389011431393521,0.6799654848927408,1
0.9733932477324639,0.8076616274693282,0.5543054700609344,0.5657369234777563,0.2639667590739904,0.18869249820518064,0.16472993530733798,0.03860254301906012,0.47030290873420244,0.8156439353959845,1
0.4607444659462754,1.4367582739358156,0.1639182043844254,0.30202341460304805,0.9034145835043711,0.7254826874401268,0.3933699865204706,0.3916036475535899,0.9029917850994996,0.35933724945566203,1
0.31091298417531005,0.5626807891842547,0.38759717458039533,0.4731945987892365,0.4995740247820965,0.976779476559579,0.08348124002787036,0.3654961752069173,0.4127517109377446,0.11433547939267431,0
-0.09406264298526923,0.023428555654319727,0.7949875604716661,0.40268110533898344,0.6519375106035716,0.2561712598822907,0.19071686641201835,0.7263062088553355,0.5169252540939582,0.7662237111331409,3
0.8906338782713105,0.7531775218957688,0.45228378831256827,0.4565414602336889,0.2892398914441867,0.25152636177377835,0.2086761494613033,0.19788951897576618,0.32197888907648725,0.8292153579940407,1
0.3207378371007532,0.9184926274520078,0.6996550600928261,0.4734124697641806,0.7607405104398036,0.5843769625540044,0.6298780797447913,0.45522878434025377,0.12122643235323438,0.30201763480550686,3
0.9781451532253354,0.8672133365569591,-0.02625603949975755,0.7642052851594608,0.3471299401482219,0.6699375307565817,0.36402956195774294,0.9093272727328382,-0.11817067114108487,0.237470245267166,2
0.2995574137611389,0.8830314120785179,0.6052191472943164,0.7871486312788943,0.07654408319038501,0.2190184469221225,0.6963772300345156,0.2399917918848825,0.14132079576202144,0.17969536498459768,1
0.8443695231695226,0.4248313184492707,0.7482984057450649,0.5812024783284061,0.5964498366189318,0.07136981424561298,0.6592273177453543,0.39227826996423515,0.06331177013441656,0.09885112102228712,2
0.4543019077129183,0.9727270494953644,0.8548247985139976,0.9629785749543252,0.9079234464716871,0.33535264212332844,0.278508323412499,0.8214983009708068,1.1077541875717563,0.6763094032114085,3
0.3147390970006648,0.42927669046875344,0.44830442867553016,0.26379298690926534,0.5792613537081693,0.7078171080606852,0.8145363881990146,0.23547505690126835,0.4187118141314376,0.48799531716255196,2
0.7326270257900915,0.6125419170961786,0.6626761842436732,0.5376478829022888,0.3119103659915058,0.387601266908135,0.353392282776714,0.26108590008617294,0.2417422378637929,0.9578702497936407,1
0.8756053335716864,0.863352800781293,0.27498545765717824,1.2022605299013072,0.329373404603928,0.32410872533068574,0.5426108893348578,0.7761062354349793,0.2253665771918475,0.3206092444703406,2
0.12459746049247603,0.18902738641191777,0.16510216827137164,0.2362744045272597,0.3164430973698454,0.8866275377580743,0.2582938463607504,0.33420426340189785,0.6437680631126729,0.5494908924875451,1
0.7243092625727391,0.42137235310266635,0.5990619105745995,0.7588173286543498,0.5553831377763125,0.9309564820834436,0.6296421367844426,0.3237775515610709,0.2155993679935767,0.4724251188489109,2
0.37792348523012004,0.1101538190055595,0.5818860120092262,0.14151221577705253,0.1142866558705618,0.7258683717262319,0.31347086334633123,0.25708697468614894,0.9076692553098332,0.2641609998379326,3
0.6134253977111089,0.687955588803247,0.12197570634910188,0.7201281903952563,0.16100235462771328,0.8619661531595603,0.12600074451682283,0.3631326483279342,0.029324687151427983,0.3024749496033878,0
0.32295354560851697,0.27972180079346876,0.32201623990144035,0.17601915892962489,0.3125693864602094,0.8802469149929435,0.8773145447667615,0.1633303730027062,0.4695809595026759,-0.04564516136458836,3
0.4239657629800937,0.5623141392991321,0.3963414392661674,0.14315031525868654,0.04423667117809831,0.6469966491750658,0.030749285954694384,0.6311316440509238,0.9303778091394774,0.16044433874075628,3
0.12447419352205745,0.37492297556644594,0.027169035615033345,0.06262610778136303,0.46508910207049725,0.09580235072434108,0.14876181592507826,0.39034784856918275,0.9210843269830662,0.2535012285439587,2
0.8997617171773836,0.7703079927548501,0.5537559693113127,0.5056185000321438,0.2986527193786265,0.23828603164695092,0.21986327394460625,0.10614315578528824,0.35374071125857903,0.9017753004263919,1
0.3374048849099838,0.34194008602831555,0.5375414068634473,0.13436820709102765,0.8151664522677261,0.8780422438738674,0.7975349397443752,0.12226118589211898,0.38205993798480437,0.6455417792867731,3
0.5486663566729432,0.2821815688661442,0.46804622598998974,0.2339031985097882,0.25458919062614493,0.5706361029071668,0.19877278887796096,0.7657369466761806,0.2611700713209873,0.7096959879792794,2
0.39959592385861814,0.5668552438677977,0.3778288598242567,0.14598423729394328,0.05374498286922561,0.6540625276877731,0.05816656067773001,0.6520839218564748,0.9104643206451901,0.18826687366859368,3
-0.02832345259289737,0.30544292804777556,0.3725659291596189,1.248095777582213,1.3414286454008133,0.04878419274811169,0.35678525818455875,1.3921289653788484,0.8243097630144338,1.3833314267971053,3
0.25652957655896147,0.2685491623264047,0.33275282915473003,0.09394506223001961,0.7082357009482698,0.8957421935002988,0.7718425424957138,0.059487739643818205,0.6428825148297423,0.35126415034517405,3
0.8825598821541457,0.4263877997651422,0.7877329181263677,0.586185487805902,0.6606741012185272,0.13524979267623938,0.6380450386808739,0.4959705952591459,0.17217823374901095,0.14584150620042485,2
0.409783768204004,0.5007886345389592,0.15202463778695768,0.5539770002841381,0.5139196660857318,0.6185122537279512,0.9793231437563109,0.8488724719127676,0.39263019516460274,0.2593644668434075,3
0.1513539202961732,0.090099980980229,0.08207021911278613,0.1826349559028062,0.361148924395559,0.9859191352468135,0.24402872623934763,0.3421137601403965,0.6657038565225007,0.5652040187231973,1
0.050216409850214576,0.7665168223264759,0.8395738811110016,0.22557171638924844,0.9930995046512752,0.538767041448263,0.6905132361439524,0.45606352505288933,0.717482672522083,0.49997576250826953,2
0.3989130901472137,0.3824951942389961,0.11295889971689067,0.5230653363869949,0.37864730258094587,0.042030912328040564,0.03585514954888812,0.7366995373553737,0.0860659751283656,0.6643758192375634,2
0.5902904573080253,0.7198141147874021,0.7678699684660635,0.8149205343659173,0.9096680524240224,0.5003836237983603,0.19916902972708533,0.9819705782805869,0.9842287998785753,0.7812603042569859,3
0.3809763841647943,0.9031838620774859,0.017871749645206353,0.749437312852295,-0.005440094550340335,0.7195516148540365,0.035376010669352635,0.20095582753235894,0.2433643216061935,0.15997241177739727,0
0.8920526053029288,0.49685027857998815,-0.0031205893769261535,0.9582231617710437,0.030282105418051916,0.13064258616595012,0.04928411627270915,0.8746982164741371,0.7817994611290666,0.014216211704106998,3
0.2622542586261762,0.5561434851839069,0.837048277832159,0.037103800371201145,0.2963123726437053,-0.10594375059991445,0.882693218280813,0.21541193947371293,0.8163077180948154,0.13571518461661536,3
0.6335217184188174,0.6998490192245826,0.4312349575252988,0.7956732183488137,0.13107291234201962,0.32596331614260565,0.3704688203335148,0.2922716693276628,0.36642969244439516,0.3034400670779246,1
0.04894133584504654,0.7789937547572154,0.8510594952595619,0.22569793028604743,0.9810763700244287,0.5358279574627274,0.6794501689561289,0.4592519879668454,0.7152580996937891,0.5069889326580778,2
-0.1543787181058935,0.5268864601469171,0.8039021039207936,1.0668325298857901,1.0961479447701712,0.011832940500050501,0.6609209877137269,1.0034451264788657,0.3991781528295134,0.723023053794863,1
0.6998070163462262,0.3193922248312865,0.8190053209163499,0.44617786498051515,0.5121957759929676,0.038804601288019804,0.5226127043552751,0.4513276698460404,0.21491278769388208,-0.011882325016089115,2
0.9109414564243192,0.6555097237947739,0.07641031954157845,0.27875872359583226,-0.11644657248671825,0.4370765255365028,0.2812064189029679,0.5826499589824994,0.46470615529421583,0.3723433072854413,0
0.2505350522630928,1.013468002402686,0.8317295192746543,0.632768659831432,0.7155880781385758,0.2947515327020565,0.8280048789407816,0.8858514913037627,0.5794640906852666,0.07862709394439853,2
0.6854366806056986,-0.3361286073665662,-0.05709136844707663,0.22760640671410723,0.9901447557995366,0.5371381923987796,-0.1984053196373935,1.2293432882543716,0.911301222726164,0.4806646863110353,2
0.34155830571743373,0.005782987881300605,0.6674830138265333,0.2037198863222629,0.12798973713136086,0.7598009303521708,0.6612164507445893,0.8992997607151975,0.5745124150330538,0.5377694497658537,2
1.0340964769066971,0.5867859471169729,0.5018202469839192,0.2926058635862567,0.847251304250363,-0.05156630258832473,0.46467596068390604,0.5090167921769092,0.15790232497900122,0.13546799285628408,2
0.36444595913558114,0.8882641566921063,0.8899750431336706,0.6679605273474202,0.8245918820760897,0.26381902174455274,0.8964276177331532,0.9385800417498545,0.5674846606929744,0.04159766500394582,2
0.03830277315711782,0.39769743347135095,0.015421741890051835,0.0777735391919608,0.3715623557366795,0.17775759619189607,0.048997121217062026,0.35181387353922106,0.9241880326121271,0.21068801485298377,2
-0.2596434621158722,0.6099310912954307,0.13341198540275034,-0.33363985106094907,0.7710784010482776,1.0583864954372448,0.2197465419763499,-0.17265823946491093,0.894667922711216,0.499073275586683,3
0.15120397063194446,1.0410125719564167,0.8719024740306962,0.8647706047460013,1.2233933990127672,0.08969175149398168,0.012634071047041728,-0.06339054013371759,-0.06623366228262617,0.5359676981674986,1
0.04845629591186354,1.0277299793140142,0.9359730950484462,0.8587091069772329,0.16764977809243115,0.24684386442313364,0.8388235145464183,0.3972578122894753,0.886144567858513,0.28712354192408795,0
0.7768645617628798,0.654185629526186,0.816095560919033,0.04556992002497871,0.0926468349388323,0.06635864340280884,0.3137451432329757,0.9109794602462798,0.9256866090707799,0.803599289447158,1
0.028026141848916122,0.9595436634143845,0.808448936857211,0.25381823213701693,0.9552142257945462,0.279939883203343,0.5536551289238735,0.4343861574731387,0.6500528078232269,0.780488649941522,1
0.16114096524258703,1.0699771711020174,0.5679015568172238,0.2765644897197346,0.8045381037452719,0.3541030289764342,0.543496457659564,0.6114420904153279,0.7054925124843638,0.7676849571603417,1
0.19500193187944898,-0.17494978713276305,0.7701060191563693,0.023576647107165838,0.04076419829273159,0.6568673184679228,0.5102664330683822,0.4231117558604934,0.10231123762461755,0.3014986309493786,2
0.8739310780484104,0.5495689218989812,0.008405972828512132,0.6282898502778389,0.9488505196361383,0.5278622688836203,0.4689399282479731,0.7030331011564855,-0.30357459642935497,0.17107569376569196,2
0.1709346398720863,1.1203226590814215,1.126106486064493,0.5650582328608279,0.7595571393952865,-0.018677820092134756,0.6143156924926428,0.7392552298204715,0.7096713943644835,0.09020680143131021,2
0.6989483057690673,0.8258809531702108,1.012550282743561,1.1469456652851768,0.7381797020071507,0.36300155629371256,0.3079649185742718,1.1262700910460792,1.1975923826927688,0.6994131378868745,3
0.4297867753869936,0.17797723190943826,0.26657719977666133,0.16906070321024566,0.3639815432013407,0.8184874130654658,0.9064175009895561,0.29899219368153773,0.4816421416507788,0.0011986512449657372,3
0.6628487620906927,0.6955478827097357,0.8613636766494586,0.02337002559165688,0.3152297990888049,0.3925421351787376,0.3741966457741389,0.7580723679577377,0.9356901057689876,0.31587329900831895,3
0.7981895102038264,0.8065162578217118,0.4101650928221542,0.575171499398341,0.18571918185483627,0.3496085831564564,0.20153423343091692,0.03339841403081137,0.444968140958572,1.0121869793298524,1
0.4501899488954296,0.5315069640542561,0.4007754103820507,0.12461771052952073,0.0698407606749336,0.6204561399749036,0.010423178316063365,0.6290183068966332,0.9270811810839036,0.13833847352923093,3
0.5027816738564844,0.3827850619530254,0.9258835478305011,0.5846822760594621,0.9105347400483194,0.09971859160806584,0.7454484061690936,0.7620763418381695,0.384800430818801,0.08764210346566254,3
1.110642956506234,0.8725410335015361,0.5635108377588096,0.28718526058282107,0.46175261707055204,0.41606786588451106,0.5558933293448762,1.0510370471342556,0.824826806982616,0.8143012519785552,3
0.5980547756268011,0.9425181532220779,0.26452582625343546,0.5183506252608358,1.0199047802699663,0.5251461822763963,0.9483922351349254,0.14661695714013098,0.9067020177080547,0.7874454819671339,1
0.42689654564600865,0.3095148907257222,0.0972300690425516,0.6197160135380653,0.33736435735373027,0.5859624808567216,0.7667495895683991,1.0927420822466691,0.5520158389615828,0.0892011664486967,3
0.5835982889169603,0.8839774158644991,0.5117633502902734,1.2418695121017929,0.5467805221039715,0.26378816234501434,0.16447898900189217,1.3425893874197186,0.21342400268989659,0.35258544815391124,2
0.5990723220849243,0.9596865177692461,0.3022737515202004,0.5648922470627222,0.9831602717201271,0.4957407618151938,0.9614581353367637,0.1333094996688053,0.8868352810761388,0.8182873201550396,1
0.24584544205818393,0.96506597707755,0.6417488111046248,0.47728738895155354,0.7416407139142264,0.6594843785252182,0.6151440095427909,0.525902213470448,0.1415882888523901,0.3104881337573302,3
0.20286430294300872,0.8132386801413056,0.7286313094579225,0.6998400217178055,0.5081639530382716,0.36413477342577116,0.9060031874695266,0.08074602214776824,0.30468822242080074,0.6009262537259673,1
0.9245220472524072,0.6723689997103146,0.588766733140267,1.1035322643449947,0.2317468107543297,1.1579685018604304,-0.42961189556864643,0.8896614140531697,0.07277987538453894,0.8704061181598383,0
0.46651453347464533,0.8932168096750512,0.26801624739660895,0.5103009848244794,1.044791017407655,0.5721166124876214,0.947311249411124,0.13384513331854936,0.8246100691434761,0.9250847600398757,1
0.7536382370829653,0.50950665464623,0.5560993377506643,0.5176162335604473,0.09851923135550844,0.39860396496058637,0.1381417493941896,0.5690509300888932,0.36933402730550935,0.4537679753728758,3
0.2356269592005132,0.2968550687692597,0.0950497713377083,0.14344563022833057,0.3054795583834018,0.1966019317708494,0.17227804051684348,0.45294137311397986,0.884781256974767,0.4071270914253253,2
0.19975907414568903,0.8437391268714689,0.6773004629406172,0.5699469496618661,0.7930477914512103,0.7114792338450507,0.6702740589233775,0.5293078215665505,0.21830421672521796,0.2867306433342154,3
0.48803926315507595,0.809715244651824,0.16838122979686101,0.39071863867824735,0.04503820566396559,0.9275043275807372,0.5205162636184874,0.419997677103148,0.15611269596530042,0.9264949564585738,1
0.4401528725001117,0.5846700235074859,0.3940942172260546,0.11611208175920691,0.025942829378163224,0.6801613867132881,0.010001887439686628,0.6038204137921438,0.9517941484975099,0.1707577124449213,3
0.14060895820992453,0.6994336421349001,0.9160045991030248,0.5913878327798557,0.7096273389304923,0.6305067189482458,0.4480484394585381,0.4470455413814954,0.32079836838088505,0.5080690324098871,1
0.4531281368239038,0.5523963999206257,0.23092110492910606,0.5510876708558003,0.46550884775228385,0.698765619681282,0.9572865936465658,0.8464777021805274,0.45660113365498217,0.2518910465489676,3
0.7933865300166489,0.21145090407666922,0.030706561523806675,0.6338807379703565,0.8426541701367091,0.23368950933398563,0.610505626000012,0.5946332267805492,0.7012260381147876,0.8264050091081396,1
0.2592921263037212,0.011940636942468275,0.518267912178694,0.4492660767007801,0.4328728827161257,0.4252154805107828,0.08026468604285675,0.6171535529278702,0.3076458395414744,0.5831792429832703,2
0.31608875377310125,0.8934758536575463,0.6901991561390562,0.7849918922834789,0.4294225735247007,0.29565256232359627,0.8976081959226967,0.11171419343884437,0.4035483655774071,0.7319361478370351,1
0.21896555831074907,0.4820195237337635,0.993494982080107,0.22777678299019158,0.21863426784678766,0.031028770022359636,0.9523520463572164,0.2520613744383825,0.9972636747843141,0.26180033548154663,3
0.8656313500239025,0.6311644076547004,0.5406144278033839,0.42707586428321265,0.27354650846310846,0.32603297791339525,0.148610564485272,0.0663435186852427,0.3504825870459191,0.8767504472305712,1
0.42224291959917837,0.8392365627703319,0.8932143435869809,0.6989030355006295,0.6422504193442933,0.3510751871682595,0.8043938740471362,0.8383559603803322,0.585031902481557,0.05405569968700425,2
0.8047619852042577,0.8866887619325452,0.5578795323212358,1.2433918332985154,0.6888242270347548,0.7277867045545477,0.11353837722870938,0.5278936512048213,0.8497750973723497,0.7622351607573105,3
0.43277265054208525,0.6673593222498815,0.9224616188232677,0.8757759419445081,0.8900132596517273,0.5672557665031107,0.1335770776057675,0.9717461078667121,0.9139597852654612,1.0109235718498601,3
0.04427351277639921,0.9810586018575024,0.8988466893447621,0.79554636837184,0.22532505669295472,0.1934585236671036,0.9469811787825221,0.5690279001367143,0.6874956794363655,0.02192586962628363,0
0.41212648404142216,0.5597462254705547,0.4152307711325568,0.13569076882932973,0.057276697379212274,0.628720853596684,0.04221634958896007,0.6364622208378323,0.9423176013024486,0.16218647701096361,3
0.399481505463973,0.5478679617491858,0.3893078548167465,0.14051638247531403,0.06065019952199152,0.6488340502757983,0.03633762356869142,0.653048785540942,0.9524572614617894,0.15188014656339782,3
0.24997497880249558,0.9592154303227735,0.6523247665579652,0.49403672066504867,0.7615538839348424,0.61994816324431,0.6363673198614304,0.502014084558106,0.1625231307193947,0.3584926744038102,3
0.5321063039433713,0.2785026746863306,0.578157281163355,0.09806722503471507,0.9544273912105106,0.7241370109166808,0.5671785215678283,0.8329234221426245,-0.018480830776020765,0.604921077534174,3
0.05534685439134979,0.6935043739379643,0.9002823669802601,0.5989602021036416,0.7100310427787899,0.6474172401585209,0.442312303057015,0.429690168977347,0.28670310497374835,0.44211789561688725,1
0.05198603257142628,0.7807129073421846,0.8439971212635787,0.23230725221941448,0.9762596068235518,0.5424072401367028,0.6922379261000478,0.47094260074888206,0.7191488751283643,0.5237442649127921,2
-0.24418998292070188,1.2366534897524555,1.220640110983517,1.1096372341297358,0.5098983831056312,-0.2403915214582253,1.5108867456793245,0.11882487397008007,0.5352287312978856,-0.28738794907622534,0
0.4769055708243264,0.2506048522969922,0.23029913430310006,0.1547224040831742,0.31028240994221884,0.7892271293449264,1.029157419886029,0.17870502508493905,0.43060447814220737,-0.0316367831870345,3
0.24003298747076332,1.0503185993283655,0.6435102148760429,0.5543486984690084,0.7034343989653361,0.6849938217409691,0.7684343109311285,0.5943703407533933,0.30855132611345093,0.26890785686192836,3
0.6712260505290929,0.7815790828969171,0.8477388114885969,0.14217695002301214,0.8781326625871407,1.1170678320902723,0.3743812923686687,0.23514509722681426,0.5672780878848547,0.37911905882643065,2
-0.08674550577848164,0.7874738520313849,0.9669368892721533,0.6165115177620328,0.9277456710471872,0.9290252640471142,0.3370822263799761,0.6186561872920502,0.39759385475417397,0.44608071839140795,1
-0.014578177478306364,0.8147778096560765,0.3424339483983113,1.477267033706196,0.6729342698282319,0.9674067449527558,0.23642492865569814,0.6230998601328421,1.518025634623605,0.3396320264664423,3
1.0939689723598554,0.2807275696996161,0.6945511207824531,0.5615101997470378,-0.00880449787450216,0.3280745885830718,0.449200834325822,0.9670359306660946,0.6550492993516448,1.2658847628110308,3
0.14447256126099994,0.19588636649486224,0.4321828463821158,0.001570661742647599,0.7162566051855062,0.9730068587403329,0.7625020689693484,0.16948709047931068,0.6274378379899268,0.40129271939912425,3
0.19966517606081569,0.7903350737596282,0.824888882803468,0.7084109358414328,0.822668772354777,0.5831169515368908,0.40514543731935415,0.5656884577863249,0.24504466472627845,0.3586710641205552,1
0.9264412308329085,0.5421649831376907,-0.059037944846640086,0.9704261716870307,0.07641814094556859,0.05305899254721683,0.027519509652336127,0.9371761335228,0.7927424582981359,0.019577624734793474,3
0.4953988311964757,1.194502137494144,-0.19721291487940684,1.174225584272162,-0.1564354487713211,0.5401955489747702,0.09795638922857942,0.744181308161254,0.5105492766061854,0.9944596521853707,0
0.07249557721448335,0.6101817223095073,0.9483423337727318,0.6718377288867343,0.6731122156980659,0.6558969391686327,0.3452657225641067,0.550843559930927,0.21231365941046945,0.40236514327322526,1
0.3401560004320348,0.8611247520721708,0.44272654595746935,0.7529214254177594,0.04594119448086276,0.3040579336118502,0.594049699404679,0.1986828062701093,0.08679126795413665,0.26506766898656786,1
0.9388906900973336,0.47692206867083503,0.015492818163916266,0.9921872977014782,0.046726586737008996,0.1390211697045857,0.0216685052471151,0.884697232863547,0.7937655815416871,0.03706198958974168,3
0.9374367560295973,0.6484983687057948,0.7225680708347109,0.4005398184555818,0.4247473307978828,0.3027554151942259,0.5582098244428273,1.0731975943998497,0.5302880512148889,0.6840707192571177,3
0.06824857613448021,1.7812086910162315,0.4272532150465127,-0.5438809642078192,0.3479466413761643,-0.005715033204183567,-0.3453071781269512,1.7711039581186798,-0.27707046440917404,1.470974220303408,1
0.9681839098777548,0.6718486502895403,0.5441049036427721,0.5007202383297195,0.2793644752515764,0.2765685261370583,0.16611577283732862,0.155000046447501,0.4390301568381075,0.9000171693004828,1
0.38452663501765555,0.40070467701652573,0.4552734585452547,0.39486801573971086,0.6333019352463263,0.563364763358214,0.4429314809032259,0.8047852024895512,0.061263067329748955,0.4114249105528076,2
0.6387001796511309,0.2605578863166593,0.6624273065045307,0.5813217162490603,0.3960043884406942,0.9612270226500276,0.5234336228884406,0.4437966537372666,0.34322692045508385,0.5192977092112563,2
0.3889729867343129,1.0033816644614668,0.13212760109724103,0.6120283479852874,-0.03203988268451349,0.8143849756138071,0.1632058258453901,0.5811156919039882,-0.34342296750404433,0.322740094565841,0
0.42976582295928933,0.43196744751362703,0.09412037060033454,0.5436642377921005,0.32707053676809966,0.09704331381633892,0.07154520435869537,0.7727536280267812,0.0711112165984358,0.6215285408122472,2
0.13200152943187854,0.6711225387543518,0.9533031617661726,0.6231166153845472,0.7356713357397249,0.611075539802081,0.4137333353344025,0.48425873516734236,0.3173853095614789,0.48186514417151854,1
0.6004749858042112,5.5402774347540484e-05,0.08500840814901495,2.015744630220719,0.7007654564809781,1.1202788047772838,1.1954679528705916,0.11196148419306685,1.4601573252837188,0.2545300492779056,3
0.3888423961826214,0.20567075165853185,0.2652003211988797,0.1374189601603358,0.30806213126934534,0.7474935845155958,1.045681788861665,0.2781994198006322,0.33007823798985064,0.03341141759098477,3
0.44861060403136577,0.36506876311566594,0.4648989990010484,0.18654256152607746,0.18852351873885892,0.7932550251361153,1.0406491232304145,0.18970668529068646,0.5651641888107488,-0.14485413366548777,3
0.22897483177447356,0.7529554207496205,0.7591883981738395,0.45865304588914857,0.8374375326516244,0.7368368716127417,0.6262868415635724,0.5958621643170673,0.1944671004092693,0.4989785788246967,1
0.33573695733838677,0.4397925305054984,0.4489128113018254,0.2719905402560503,0.5793035798969501,0.6876464237972608,0.8191711116343072,0.24548172331498008,0.3962869661076272,0.48315368190516467,2
0.801078235229583,0.2417408739956063,0.8470920846564923,0.634027099476401,0.3138359848211175,0.28564864474849067,0.4150241390722617,0.509524732139439,-0.003616481499908994,0.2755113998207037,2
0.12030286407639404,1.011710370878114,0.8571598847031161,0.9471184468835738,0.9694488615455547,0.3597308366294967,0.9339627388042993,0.6554786007223954,0.7996132227239718,-0.14271045555522016,2
0.8315005029638071,0.565240153318979,0.12923118450578142,1.0953170580967422,-0.03146603211094347,0.03245206653802214,0.0607174986499622,0.9692533763257879,0.8995733372076835,0.0388895647444358,3
1.2081266975770089,0.8864189219697107,-0.0943010800362844,1.3253525136397544,0.14711540949994,0.45203021804512356,0.6907376556255426,0.4825319367527874,0.16650986206517904,-0.03055264424227197,2
0.8874739301965459,0.7461366499606829,0.5230732092744983,0.4624495265166541,0.28296218574804327,0.25921235536590437,0.22059720752227932,0.1514686357049139,0.38048906970836777,0.8397608037303076,1
0.7141486148665253,0.8887132358399599,1.088946690723323,0.13971930285840578,0.533470168004146,-0.35003508168098446,0.17910697058029457,1.2479277515094702,0.7043417309220208,0.7987553771053285,1
0.20075025995574142,0.05146045089640977,0.6866237335253388,0.45497732639161664,1.0021120064503997,-0.0029154537128119225,0.9130368334314991,0.5245143899491372,0.38563831817430194,0.9384163483643496,1
0.3716830245657825,0.906795384516082,0.39510907189735545,0.5150055875579984,-0.05728675990767165,0.7598474917830249,0.15132451912296488,0.5229865358573369,0.17380661055492574,0.07110457250393767,0
0.23114346646625625,0.4251626886689805,0.5917297196214912,0.24706047883178414,0.7130689909098313,0.9318262364881714,0.8731437845893539,0.10321489890668264,0.42183679113046074,0.6843953681021275,3
0.29574018529726354,0.4668452104581739,0.3998360934684485,0.28053190103266434,0.6173009897942112,0.6628738019647604,0.8472662603433183,0.2411937381488496,0.4301240708821616,0.44420229903438,2
0.5400408160248656,0.8257392600239895,0.7568496292690884,0.9157733771386934,0.8091115774986619,0.43181385981809056,0.18828457575737917,0.9152057801421788,0.9912230900010025,0.8144542892696511,3
0.12823842131364752,0.6548907211820946,0.9435298493039987,0.643968522096349,0.6812717135408878,0.5610560477008645,0.488412181096843,0.4162714367196625,0.26943120535811604,0.5644340516583488,1
0.27866398004185833,0.9423834963826091,0.6707878262580852,0.46626489212121347,0.7887261881044301,0.6232615553103682,0.6160397237563285,0.5155270323622515,0.1716156735315344,0.34376291068986026,3
0.8786387666613076,0.9928136895261264,0.5434846185860656,0.5353044109631588,0.704130405340379,0.31331574914721805,0.23792192675452062,0.8502954414841963,0.3262841606279624,0.8314919314395371,3
-0.0741265972207022,0.54166198075723,0.15413501251539663,-0.006909027789275143,0.3194047013988377,-0.17425937646107198,0.02851970749270223,0.3221936373748515,0.6427794229433461,0.5153689604512022,2
0.5114942063816015,-0.03335561816679264,0.3605648979724424,0.7059399731647855,0.13040960632443196,0.3001683744834229,0.01167669603313598,0.4775223751740713,0.7467832104413187,0.7524381196101143,3
0.33277429963012395,0.5203872043576149,0.3372340273843002,0.5259398834764746,0.4642689488686413,0.9571710068284871,0.03277072196779057,0.4208524506898497,0.381852620164547,0.08643231283563094,0
0.21593677961590466,0.8409597856959022,0.7264697199305112,0.43620743502520665,1.0378591168284146,0.44512013578438747,0.6841946457804029,0.4304939605357303,0.7736554888382023,0.8674763906077498,1
0.15811431582877392,0.3272845272807551,-0.021027059091412774,0.021982822892695153,0.5057511272827907,0.05382352540197326,0.12499450815566562,0.39542187691287417,0.8928725879424083,0.21705555709762844,2
0.12249041256426078,0.7224952714607705,0.9515700022808381,0.6211166975481535,0.7108800150351725,0.6582897125525821,0.47786898577267883,0.42871355611500483,0.31607600585144563,0.4924450422834625,1
-0.07823580051665058,0.21990682632783554,0.07360069597910157,0.038128900511766796,1.005689462569156,0.6736208608276363,0.14630343946274926,0.5449088020571339,0.15878671207550044,0.23320660871336435,3
0.4803982428657968,0.11100409662586445,0.551032684651346,0.2636628592542521,0.35587965956554357,0.4998465864797013,0.34366361897789965,0.8094160644089703,0.3972814488577492,0.5621466514541983,2
0.2701347352419592,0.9844965534540815,0.6472216282077093,0.5012838369034187,0.7619208472494471,0.657885147081091,0.5844599957194242,0.5129058664806938,0.1445604850601113,0.3613385053782938,3
0.8047747888609819,0.4970911332471334,0.5621288928080341,-0.146315354135781,0.03289123247587722,0.34548961040131854,0.4685284046673099,1.1538837783229696,0.8797083816416474,0.8665305359410078,3
0.09307087262095796,0.6296749196411507,0.9485394865610043,0.645023656037487,0.6971291721129936,0.6379493854089023,0.3962185974211765,0.4784770196517865,0.32841666748793213,0.46124716042081826,1
0.31485767614932414,0.9098331514216861,0.6929500425315376,0.7925022585027356,0.43438171463872643,0.29701018301727505,0.897517541890055,0.10973236333331458,0.3893339136409882,0.7375976138494329,1
0.06586200765149439,0.24333077068184014,0.46302149739389425,0.093287725157643,0.6944683265093804,1.151948625692424,0.6813554175803577,0.11445371437538172,0.5819159298515979,0.5880867638584935,3
0.8841800071457531,0.8777075947456989,0.5377713839857446,0.5432996820283652,0.38682474267615113,0.41977498910649563,0.10781174543895766,0.017745616219734833,0.31490436784539644,0.870323364643569,1
0.4796539590138185,0.27294987835051976,0.21728385598292999,0.630941189421772,0.17154215394175532,-0.03134724732245983,0.2021744290007848,0.8259097756945784,0.17736516525133453,0.7904216523003812,2
0.07932125663394982,0.8386423162645222,0.08258913866623596,0.2551946027282952,0.8877523413413371,0.7192461026090343,0.45094972536589906,0.23902781102342474,0.29456008368338743,0.7328342897697064,0
0.36111991840272933,0.4077770319609801,0.9967383815741436,0.6435857089966732,0.6754039445494364,0.635077536601786,0.3041102740598401,0.36167464069571187,0.34179870804386403,0.3498892136797842,1
0.4380600215293788,0.8451526399441744,0.47846360552488204,0.8433264603767976,0.02755966708865654,0.15749409327952923,0.5735209658375897,0.1951400525826581,0.030169823269842883,0.13646515671494752,1
0.17039625771584296,0.07498093340698728,0.5415548803249162,0.8457125616997282,0.8052455438928328,0.3074826100575282,0.5868150005140736,-0.014001456036635135,0.2845632247918203,0.35146346019585184,3
0.05223989991939744,0.8941197841878105,0.8143120194128171,0.8433791809006551,0.22798166757620225,0.24590591757808875,0.953367663784573,0.5507055676104802,0.6777331984955142,-0.0003380795428603728,0
0.13494444382557752,0.05646296599019207,0.39489926477455617,0.7371030444098299,0.15317162392760375,0.43310210900925716,0.475375173329066,0.8945349980774193,0.44210169033951974,0.45215422767711466,0
0.45304779474301093,0.8086129948274995,0.6217134401042883,0.9492459143742537,0.07578777461998513,0.10586848651766434,0.5384973090728753,0.22374245453125902,0.21294361649086177,0.0421360050635782,1
0.3949049802407337,0.7405105273075365,0.38988698846586856,0.6575120661912134,0.039575408284846784,0.25331442509071805,0.47216130049480576,0.33459882557490794,0.07911244459553339,0.3049298926211054,1
0.12165359537314949,0.6234581907021123,0.9327494950092495,0.5674308153997727,0.6641429670838408,0.6000408712280286,0.4465722407796029,0.46805403725758365,0.29346680322046315,0.4712434858115923,1
0.522800252927743,0.22043036017482417,-0.011978691367948269,-0.031396400953719095,0.35127503254282105,0.6336585918659607,1.2132391450432252,0.14710308555097096,0.387746552893262,-0.06396984904936158,3
0.602036484717922,0.8349524699525795,0.28908259003277825,0.006460171483779198,0.26963805722278067,0.6106095967710301,0.603379164438359,0.8305921442865013,0.5546036745897172,0.2648452438219775,0
0.6760835269137984,0.05990516214447772,0.3846000953220305,0.37300381753526024,0.7182861450555902,0.4998800703132494,0.24072456204568488,0.4216235077943595,-0.08959080718782148,-0.07055601340480758,2
0.4592684488920613,0.5262616207312043,0.18878920956423,0.5712106494744916,0.5058685210326133,0.674110752977226,0.9565497931145344,0.8679042221910892,0.44523168684266695,0.2033496784715368,3
0.36706199449660337,0.7541764718213414,0.7911761882689661,0.8936312075699548,0.7757034252101435,0.4988109328824471,0.8377972576761169,0.7786806504778142,0.35176981603684265,-0.08141779097065993,2
0.5231932396046621,0.8055868511461329,0.7451311488464846,0.8947260328416549,0.8301176220354819,0.41904394757409574,0.17651060619967693,0.9218396768248102,0.9923675724375549,0.8253569629220624,3
0.9363340917130785,0.4262464319568344,1.0670631698504034,-0.21153303887393937,0.08403453662088262,0.37053300284923135,0.037709992234805256,0.9762904966028096,1.033282813053135,1.1874530864871717,1
0.19479888081061486,1.0184664364389462,0.42250963652171875,0.579788585743781,0.7287706676724149,0.31171112679196733,-0.19786064409374227,1.4193382162218158,1.323132948004169,0.6730038076727338,3
0.3209605044332629,0.417009283284996,0.4520346387910007,0.2589746879216462,0.5802488958038419,0.7019556613448173,0.8236910265872901,0.23407101724761742,0.4138045354256501,0.48813182632962,2
0.633859868649538,0.5722840695373186,0.8138325522537627,0.6499010923504377,0.5651347553549637,0.006776744790013542,0.7239246070694026,0.47037924076476106,0.12315852514144628,-0.04916779402763756,2
0.062513821647197,0.7659560759673643,0.8439945205529881,0.21885999299464673,0.9954846590437701,0.5210481866900188,0.6765984332301022,0.4532504145627618,0.7148298374016835,0.5099466177722874,2
0.5074242756002681,0.7642671289148709,0.15883382498319426,0.39121174922691515,0.05673388845941591,0.9182014159087055,0.5211870227619642,0.4456184089913911,0.1454506623449119,0.9059716399837096,1
0.4652786174135806,0.5235470893837001,0.310414518354946,0.7604068821078203,0.46424868258379026,1.1691573981164647,-0.16143610477822035,0.6382700932337044,0.518708310230476,-0.10164530497034305,0
0.04090062577250032,1.0489163996064965,0.7718789414297692,0.2559292409618211,0.9628005344113203,0.3244102022799008,0.5704313064373349,0.576706726385781,0.7430943891465261,0.6942285196068009,1
0.4613336607924099,0.5565941219119755,0.37313040305710565,0.156570302305004,0.06739046394890455,0.6297178549507576,0.02722250374632041,0.5954542415475317,0.976353279980576,0.19663292253500292,3
0.42927100187814055,0.8714630494243544,0.4960662359915278,0.7984282948670662,-0.002877087037997666,0.2996471093860412,0.5902802928084558,0.30194547749225076,0.1589610028252543,0.20615620213506222,1
0.27278815441776794,0.8739654685599246,0.6856757458118026,-0.6479831314310415,0.4567802849126193,1.305684123603859,0.1490554741923361,0.17716374352668493,1.1277739747230897,1.0746430039712422,3
0.13396305761892835,0.17832824809400846,1.1718719971529987,-0.24000777837158604,0.3035734926675316,1.0629643775401387,0.43938442141362644,0.6193286756576145,0.2696281541019475,1.322222782285447,2
0.9490856007695463,0.7479145439484292,0.5725091559258486,0.43112469054523406,0.27873567907770574,0.24263181944346657,0.24944781223783513,0.09861733773269854,0.40558316514686954,0.8319638052462102,1
0.39492908311982833,0.42747934750247546,-0.22684089106725516,-0.09181966438471986,0.42484800026711916,0.2952249125902423,0.38332099972919365,0.2308295502491866,0.6930961512970952,0.05749946716169643,2
0.45617702000567373,0.19000745100228653,0.27739233651689504,0.14144550961869823,0.33051765023654617,0.8990578401532644,0.9286477189588002,0.24305272925769747,0.44596480523228876,0.05842613372519549,3
0.20387481999639837,0.9159672584998599,0.6882868852850814,0.9880196496799294,-0.02142521006895806,0.44012069082853367,0.8510746078970064,0.646492271927042,0.8571370828130218,0.2234733805914618,0
0.31427118186323855,0.43560491161679293,1.0743279342132883,0.06439990260480291,0.1989134962268326,0.037936560012360024,0.8448494401762789,0.3814453777724667,1.1400738884904675,0.41243416759978746,3
-0.15184597884692358,1.2190061338569285,0.4500155906430232,0.05526540329836921,0.7697177284613607,0.3011714808834658,0.40835550702373286,0.3361044474817951,0.7186816120910785,0.629876842626081,1
0.3979933715446171,0.1738471829286107,0.6804138185479265,0.061721501080058305,0.23122015377941554,0.625877828817756,0.3826127821281635,0.2897852309967036,0.8025786257196403,0.23828091236601895,3
0.9969574239417383,0.22186072233354448,0.5700363052770193,0.2860957200815945,0.273864546329385,0.10907874395955668,0.7800635976597421,0.10880785244154179,0.3743931688349548,-0.05517436346929229,2
0.23663018377984965,0.3145148622240137,0.5854592394301212,0.3885624273558831,0.7639916097478315,0.9107493809146144,0.5820231696795704,-0.09886360327938645,0.6295918333446217,0.5463332826639541,3
0.9391574045845,0.47832656697064335,0.016603612325903384,0.9935134561473572,0.04540570320208028,0.13768658154675995,0.018289893960214635,0.8861548563647587,0.7889663216518424,0.04162591489217682,3
0.8309670970647116,0.4049690858852321,-0.3911895402049847,1.1886538681253211,0.06698673320571513,0.13262881136735924,-0.06997743441212556,1.0900552810720834,1.1077184570374514,0.020042281813028296,3
0.19022565922696655,0.3730603306459401,0.14178694872098996,0.7129150833880138,0.24725348084794066,0.21548038838038802,-0.14631216577365838,0.804261959929847,0.16452704568525944,0.403097115033307,2
-0.052888262029065186,0.37852944021144763,0.18488052303564695,0.5552992963341119,0.8916083035913204,0.44646069594653975,1.2312311606227486,1.2622857033045587,0.1266399661473176,1.061159607301435,1
0.6009536346361682,0.6655171155865677,0.13020568983467817,0.750243957992083,0.18802840972102128,0.889794206451783,0.08923742900712672,0.33054193511702695,0.06430658720251142,0.30704968044562037,0
1.1014476078860516,0.5024467225242529,-0.023540982117218376,0.8481017282788955,0.2440263429653012,0.038019265481643624,0.11341306099524218,1.033667654392175,0.9314193653135346,0.10425149310291504,3
0.47389040475826677,0.542528333491854,-0.020241529267913283,0.32839888327789213,0.8668218242291414,0.7890450345323864,0.015030612958919758,0.7401094376527544,0.5183763156427619,-0.1565852576611235,0
0.07339260205846292,0.7734595038782066,0.8639347669978624,0.22637560146831448,0.9670418361087038,0.5313504503897707,0.6791671228652231,0.4765264405505961,0.6966686524812918,0.50467015879555,2
0.5958084512638511,0.2367595550651529,0.480596569803283,0.16513163910081763,0.4341246831891931,0.3672737533273902,0.481529046061851,0.7254845654019221,0.3773205767943093,0.5031067523459176,2
0.462911697531549,0.17461864799884036,0.2388360625735434,0.1617477566335474,0.3583026062329398,0.8274236828051003,0.9705094978266274,0.3063054537501612,0.47496883911732196,0.053996281501955845,3
0.09221522297116665,0.7143135965778754,0.8892921062955869,0.6647749394154233,0.7242001583508139,0.6658120958111372,0.42135718054012855,0.482938505940791,0.3614658569020821,0.4375305183663363,1
0.8707368855703131,0.8434339167378112,0.5215973091034999,0.42615689897744197,0.28987375746192146,0.3018567518690984,0.24958885425708305,0.08357269551242193,0.4833449259223898,0.919166050383179,1
0.5047077263392252,0.4554238674639225,0.32242247166927884,0.7055541661847936,0.053564928354881386,1.0221965904007484,-0.007939295695961524,0.1966597214472993,0.09246888063687117,0.5121432739338361,0
0.3825380513662223,0.13490387980860324,0.5454501499422308,-0.10858734606125436,0.4804595521318773,0.9063264911300292,1.190635811604821,0.04183369856339014,0.3802727330726396,0.029062655038294836,3
0.5877584380136912,0.8602892297072088,0.4675819053137,1.135869383044591,0.7615695593262155,0.10526958069836206,0.405108351666822,0.9541747816021728,0.9356181660393866,0.6237615733366835,3
0.29870326306134387,0.3310434109991244,0.4181974031387468,-0.10226459965435516,0.7601621300030524,0.8343333571836591,0.6843303655895849,0.017361010808261586,0.5151321871080279,0.47227064278713143,3
0.4952838877609143,0.5608475182164095,1.2741307911307977,0.6261764227523735,0.48358591972272835,0.44026767567506886,0.7329022177643361,0.3544632851815019,0.3960216506518451,0.6954749728480849,1
-0.08348234369907748,0.942527220514,0.791814518564396,0.93347421339232,0.0139373518237344,0.12330523746341465,0.7763745359784885,0.37940260662915803,0.8003806952120659,0.4555116296938517,0
0.9663027357559503,0.700416367327978,0.65308956561071,0.22488533318145304,0.40361277804759954,0.4769697173522242,0.4585454346400284,0.9856099362734723,0.6291263107941829,0.8229906341055682,3
0.40597915409700763,0.8469397402715169,0.5745928800483632,1.0803038803515417,0.14768407511388848,0.4705914759240022,0.9553768956196657,0.09326528547828468,0.1357621135236171,0.5716814202662955,1
0.41994939369695855,0.42341175282106736,0.12896347011971449,0.5400362332470559,0.34519579962424374,0.10850065501342078,0.09333777981937795,0.8021080560205955,0.09705364221237704,0.5971623861289574,2
0.4869039053876091,1.1805100951184313,1.248863607933545,0.12886085012914186,-0.1936253243818094,0.45835327217311006,0.1389611096410278,0.44865979370793235,1.2239990650716515,1.3802759350687457,1
0.825177966549455,0.5840728329953633,0.35704158269420794,0.4112177412195943,0.06819895702544243,0.3707005397868596,0.3381554210609131,0.34484794515589706,0.17118101662270188,0.36646052257012446,3
-0.00529324864565002,0.14666666731481376,0.14905235816558837,1.341399020351646,0.36258055617139384,-0.6120189336664228,0.7775320968653,0.6542660098316998,1.2725660816571567,1.5975466181368843,1
0.025505011459747276,0.12005353419608934,0.24546131029998036,0.31768293175954243,0.2747666681632701,0.8381312485466261,0.33163429531408695,0.4006027414905451,0.5510835959767277,0.4633656429079761,1
0.7560320722121392,0.1758735286131179,-0.061968683968390725,0.9660761796751575,0.8235975056124749,0.3811932417277083,0.44192847441424554,0.4885587918700298,0.5906146594295751,0.8167111381437835,1
0.4089129290720819,0.9559036325569793,0.7579445237772676,0.3724256110169585,0.9279996256495138,0.6306514984471259,0.6688463595714903,0.432535960067426,0.31349894273685563,0.48463165063892355,3
0.9129357407383257,0.8052589147945133,0.4812817551772917,0.3928746888765406,0.20027427988102142,0.363869432180455,0.1887994141257945,0.1586915141275411,0.3989345771953241,0.9074082708358728,1
0.5110209736557207,0.5040297997120375,0.22492995556609002,0.6273336948322539,0.5791195034145659,0.7276939927281366,1.026547006287496,0.9014466021741037,0.4791496013627188,0.12763015095009747,3
0.9534648245997365,0.8035249822441881,0.5234271499942763,0.43561255873332105,0.2512788987615424,0.19782735758816908,0.23548118718265668,0.049589512807531086,0.42967548195204114,0.8219531890157133,1
-0.161948828615137,0.7365667026230672,0.5882170831973388,1.085245953279106,-0.12097121873550198,0.3506568595128618,1.1237366017735195,0.4306600608422732,0.6522177262845057,0.009122545726597105,0
0.4431171249140163,0.37733179823856783,0.053784945438675034,0.5563866813833561,0.33204615818522193,0.0629378155094071,0.04885001513748331,0.8131127990655087,0.03355850392331636,0.57245412952347,2
0.20259807552313464,0.8435416883663498,0.3807507319795367,0.7839695463245254,0.18383688293393857,0.07199033562026957,0.5388590906915209,0.46536776797860907,0.09444075503729818,0.06841270599080948,1
0.2629895571635705,0.9633778417584208,0.6704218383896805,0.44826319997088226,0.7925494552911992,0.637912878477054,0.624693021599015,0.4931077788905149,0.15392850383777756,0.33347589032892205,3
-0.30803541315221095,0.6598585686495604,0.6445178408555181,1.2122936825402637,0.07080138241662484,0.5554354852326822,0.8779291849270126,0.8442778199711841,0.9796730061740341,-0.4176382918190499,0
1.031735535427552,0.4465552487110976,0.12201821127406796,0.912108272532115,-0.017821261414396758,0.07394251662159494,0.03386747488887171,0.8801343151826634,0.8839019269126369,0.06370881905974461,3
0.13233823310219853,0.38327666172725783,-0.6366339421535869,0.5202112060646814,0.41103275095277625,1.0411503094240753,1.1970699566977836,0.06354480779982155,-0.4297894867058073,0.18824907740381636,0
0.9021844646823376,0.6792143587686921,0.31969397732096044,0.6536063708197979,0.6565065246345546,0.9560746804576856,0.2645192291309809,0.822048160947253,-0.04379236811763077,-0.13394226714728819,2
0.39839227218051904,0.3780235672000214,0.03955495565427743,0.6148525614715898,0.3348899004567942,0.17860685895583625,0.0481475328988452,0.7716117471757211,0.07359070778393462,0.5730054793470241,2
0.5264938106090205,0.37158734246998865,0.14453964583855314,0.1701524828252555,0.22550533955593288,0.7118834778226923,0.8196439034956545,0.136175456074877,0.5013510918786588,0.15693414133963485,3
1.163112150090907,0.4688154346032084,0.3252194934758246,0.9863789561369034,0.6112185257865368,0.7245820467554325,0.6247166587515556,0.8119409214374751,0.05897170290324077,-0.06270827062465716,2
0.8591002622321869,0.6417844166966179,0.40594778134486575,-0.07993067683919025,0.24731770626757973,0.33561507683308345,0.5584848858919563,0.6115395038329319,0.5995294951495995,0.45532330946771943,0
0.18984645420892443,0.9034874924632138,0.5523860032749489,0.83425608854399,0.09799806261629222,0.1358617017055076,0.43126956752712975,0.14089213559319808,0.011869811022884424,0.37127426131604724,1
0.5024997037052532,0.18827738661666113,0.26026635893213373,0.1575099413592181,0.35186624263757255,0.8798732203743835,0.8986862916878017,0.24903318641494473,0.4582345646309765,0.07845825472433371,3
0.7052366722850822,0.3088401948839377,0.16569196815688675,-0.15733378983338148,-0.2252875003834074,0.34938431511156337,0.07405251072390606,0.8499330830173731,0.06624436643842557,0.15878734297260247,0
0.5185735106063755,0.441746051599869,0.6257415659021917,1.0451639609349916,0.22402687171796745,0.7113985880375185,-0.05790031280701832,0.2950475187950273,0.30294740672592685,0.3331058441255541,3
0.2101594312005453,0.4244156921265745,0.9715336199292153,0.28144226003242045,0.19461460210131803,0.061264214609002,1.0432741607944176,0.23171724503890234,1.0008027866112652,0.2151569956596771,3
0.4264967284542613,0.557663531291291,0.39690281662300964,0.14095253430096655,0.04474739523258165,0.6518841508796771,0.034215919345110965,0.6286675064786229,0.9290323088757073,0.15576499442987776,3
-0.22910729028133842,1.4196738091911207,0.8748993138278002,1.0767148764629548,0.5281552816700064,-0.05739943480652515,1.383356938438439,0.6268366825117543,0.41820729921477334,0.05916775602194257,0
0.3978829955368912,0.5137328272597902,0.4219402026917455,0.16205128322563675,0.042701555286975286,0.6223736038960214,0.07526432233033853,0.677462397558654,0.9657536732582177,0.18603914797018228,3
0.12741354356910198,0.14338148415419405,0.3837786651633054,0.6752830597349874,0.11790321636760914,0.3487430846435482,0.5734846261888967,0.8604540223641761,0.43289359794490256,0.48767250678105833,0
0.10672609130631615,0.9179085582835633,0.7375018524819799,0.26515609485312364,0.9843435661489743,0.39415855752934553,0.5716528002518806,0.6019056972117319,0.6712968300573541,0.7185339409775531,1
0.9195900741574664,0.6609819295570775,0.4914936610625835,0.5164773730578975,0.7986960399537669,0.45328140165511394,0.20051700459116065,0.6558446399548171,1.6710615221754375,0.9293708636111292,1
0.6170675029980838,0.9819787740261859,0.3213437996521035,0.5604708559176012,0.9822040329069569,0.49793978352924967,0.955344846144867,0.14018996842068118,0.8988576078478139,0.8319941192612599,1
-0.014896469614669436,0.8105345870176393,0.9038642311922395,0.16705722707311127,0.9440191628841692,0.5475369564895458,0.5049348322430001,0.3766275797921212,0.7501907022858937,0.5556876785837384,1
0.5935975751699317,0.973630615159789,0.2807048820225609,0.5719410256047581,0.9761477750245833,0.4967739539492191,0.9810536272219499,0.1325883203654725,0.8640813387456504,0.7951391680070686,1
0.3187647986802955,-0.049121069843776094,0.6677392539198583,0.9574591584605083,1.0263834323470973,0.44891415102738463,0.7264258364117363,0.1348953194771358,0.3579091074628221,0.2936949838453555,3
1.1007425419014003,0.5692751438490767,0.18395912973808437,1.0708993693180409,0.7017481586229447,0.5761668799767136,0.4096120551432258,1.06623329287139,0.05734307438434336,-0.03977613380863272,2
1.605419690285947,0.9373188629291325,0.6164442152057303,0.6599764987958415,0.453459850057751,0.03547990108965199,0.23312607743661537,0.5492169914065601,0.9653855459258397,1.2064863086901785,3
0.30024679107672697,0.4166381508351434,0.43495739642718806,0.2791178853043729,0.5678775172386733,0.6828940756615989,0.8342667188458864,0.2108595123369672,0.4032943507298165,0.49963475247354533,2
0.23643001885522438,0.1969426960934803,0.23163666079890538,0.0933864153135961,0.15146745079395732,0.9047307503023005,1.0279797635113064,0.18529659062961015,0.6476656743162865,0.25268345362252376,3
0.35388657793293393,0.33939611554567456,0.17242412075094496,0.20440058531619032,0.40089131290178975,0.8105874770873863,1.0185313801563503,0.3558221209328269,0.5292593153555164,0.08118462424541381,3
0.8490685393278681,0.5924616397468607,0.9897046682008713,0.7002740962206004,-0.5511363997840015,0.9711968535344011,1.8892187432594842,1.238914224023988,1.8001557777131483,-0.7937681183130934,0
0.2868064581259289,0.9300778504204152,0.6456957738013342,0.7280800499275655,0.3996067849747716,0.24677087029762368,0.8454837103409696,0.1751082256657325,0.41394049877614636,0.7393788629443411,1
0.11076544937132982,0.6550014697684328,-0.11693667460233426,0.018308038085483806,0.7668441304757124,1.097082937107463,0.6191647012108882,0.2696895469088974,0.6451539952404769,0.753400885459214,3
0.5766488644670968,0.6412658877600561,0.12576846772787406,0.7017186239012492,0.19362074198633705,-0.015444549153883283,0.18122162683675402,0.968483381965418,-0.02331160760365146,0.3388970507495548,2
0.3857296018069182,0.013199577467675694,0.6875266550911026,0.2624298624283781,0.3456234372309853,0.7521819182861127,0.6333285246624368,0.7283175718864315,0.11810909703148476,0.38657447114196924,2
0.3259935011470783,0.3998232282105225,0.29279499473197257,0.051036888316099954,0.7592328030022554,0.8501687385974102,0.6168288886705636,0.10017078470338867,0.6131539149959349,0.40861212152306386,3
0.8127893483663137,0.3299007775432704,0.8503281320826503,0.8266775247469087,0.42768054250263887,-0.011011724661217914,0.5291703152696883,0.8802277795816178,0.2807406118671299,0.5236409061641467,3
0.11176095180392534,0.28361088874600193,0.5912637498661782,0.5479275365720803,0.34513205565967797,1.21955740613099,0.08763918844419237,0.6385894695449252,0.15434617982590557,0.27978539000791625,0
0.41246868108327017,0.8201191640032803,0.47551070793722977,0.8091863302424245,0.03302615913789686,0.21593304842223898,0.6437982703000551,0.2246156543776256,0.1663006337326727,0.24941475007640432,1
0.37037126177374013,0.4211247771723994,0.08298699352256686,0.5430754155053116,0.33766845748916957,0.029021109708373183,0.003049988854982935,0.7378326942394995,0.018241769528355073,0.5554804819696391,2
0.20154272868157994,0.16889519609833542,0.5288961840004941,0.9799485755879683,0.8904168232154195,0.467323286942797,0.5386040526483818,0.12569114476917642,0.28639130107809757,0.17912209438715718,3
0.29354897488105336,0.9729640435122987,0.6613718311354477,0.43637291732009575,0.7754145515822585,0.5834898943852219,0.5852196196137369,0.5323637284219063,0.14086468531784144,0.3536951008072821,3
-0.03599608075960073,0.6772642936418246,1.0459141729937043,0.44874262733594894,0.8199518497188224,0.6093877502878033,0.36077959577994584,0.3459483829931959,0.5197806089280848,0.41430896810769074,1
0.05612234891693298,0.7739304546728746,0.8465281382682349,0.2187214053047599,0.9871346278871856,0.5312675160721159,0.685518569551363,0.46160394682851524,0.7160963471325275,0.5074307421620871,2
0.42251869789974156,0.16461787813591627,0.05236385358636397,0.34675242270638595,0.5510059106112397,0.7925939540914279,0.8508877620285373,0.414557889135869,0.499552027519037,-0.06867641467262592,3
0.234131540216446,0.9367040973365243,0.6399886716907601,0.5015248189500016,0.8380568975964808,0.5720459217225274,0.6033185203202103,0.4832522091735438,0.24370672417651124,0.3677581782323228,3
0.050528752241348285,0.7684546469387052,0.8481491813582739,0.22200944407571208,0.9875103298878838,0.5305054974584945,0.6843573473532705,0.46164811139198914,0.7095676543716459,0.5134852008015308,2
0.3509578765677622,0.82412145634942,0.4578231736882802,0.7824035328886041,-0.0169594840942672,0.23380039185993126,0.6306087375532754,0.26806406423612134,0.17761206002419574,0.2409965276626234,1
0.8008322910257475,0.7160082749044596,0.6916372422558597,0.2185359920165268,0.07043127880649498,0.06132000316808761,0.44321469285809834,0.7775288401686655,1.0347812359986053,0.900521912640224,1
0.2868105838278629,0.3823176990021282,0.5099155900442861,0.31786808993622884,0.7355174658871093,0.8716101575679904,0.9068987243102075,0.06370361834484052,0.42459461471383875,0.7446035463509345,3
0.09550879905653806,0.9793030200816655,0.035874513590041256,0.26877591186506467,0.7411272502923193,0.8181138987424955,0.6280591401782539,0.1592518408590414,0.23295695513270034,0.8290505823904523,0
0.48033223313171025,0.6722207306875199,0.41908196000301406,0.4867518715391309,0.23596058041868156,0.5687421531648148,1.2828682591501779,0.012195590791103925,0.3865974867406011,0.8148687350142851,1
0.06133049154737589,0.7727360042057191,0.8493237890106264,0.21685772060234146,0.9892343180141372,0.5201754708669831,0.6864996951202357,0.4707551919516676,0.7098726361732218,0.5083704145541074,2
0.49830479387088333,0.25022326210190393,0.38793803755392514,0.46253535974202126,0.9036840482147566,1.0474906741016,0.9491306475233188,-0.09764084492257305,0.5022564738565796,0.5041507553009544,3
0.4478697327578941,0.5852627877681159,0.8279793456847055,0.5487605705632914,0.35930159577349374,-0.09849972591886891,0.5638670591543311,0.3642813683590165,0.6746233720416472,0.3763147551512427,0
0.6265997440792012,0.760548094636416,0.11207325135443505,0.638757385905717,0.2159790009836246,0.9287958908945965,0.11914511723157081,0.28735616396699937,0.11493056120220077,0.21911770514195628,0
0.44831449216918995,0.6776354802527318,0.27088701392010467,0.8484068406619828,0.22242599353653306,0.7571626011506993,0.021766769426597554,0.38383308074986927,0.21628452131037482,0.20632292617686804,0
0.5575791691660451,0.21315294050523537,0.13219632732795733,1.3012272365058148,0.41128238222734403,0.2255597019407996,0.48570871100851315,0.6571920707923454,-0.505867331078041,-0.11942720132618942,2
0.20901747781234253,0.4695538916130446,-0.008074269494476129,-0.321704788940808,0.878857682752589,1.1237183217081714,0.6749596972941173,0.34081384325003694,-0.011674253684636648,1.343428418122257,0
0.9802969182965485,0.4669530891463409,0.11101439974272738,1.0736130902309604,0.06414109217302676,0.22590278119232493,0.11847336183314112,0.8957057045034215,0.8303379773517532,0.08287547893179353,3
0.7763621792620663,0.9947038077464463,0.47287389457319295,0.6994961431095321,0.9933613634786229,0.35919312273864823,0.9096675961594801,0.2840959412959933,0.9441314306512749,0.7938192812473397,1
0.6316835929491444,0.09129734572159678,0.4920294898881469,0.008774415148534553,0.034040531577279154,0.6339364862420362,0.465607981038457,0.5594949906241936,1.136881584079569,0.1468265958470656,3
0.7118849252821625,0.5497896596199287,0.1428749558873365,0.09544207924837331,-0.07641042452331928,0.6028253995735073,0.3222852803518832,0.8295382744207342,0.2666116441273061,0.43496489584674597,0
0.891956788712805,0.5028631000448287,0.08355356698590218,1.0192382684531558,-0.021935263314530218,0.053743868866268224,0.008723717110964656,0.8569434908140453,0.7046738534033795,-0.01418497167057086,3
0.3545857814842685,0.5307101379870115,0.3030851124654017,0.5485156218911188,0.5031882149317297,0.9148608925524593,-0.004633200539324242,0.4387622293816483,0.36217159663530246,0.0513998966763109,0
0.0593948818483536,0.7701210836737498,0.8469793034638404,0.22477044278827638,0.9807501830884251,0.5351676150486339,0.676395002920218,0.4610343885039757,0.7079993174269139,0.49998084338922716,2
0.4195992930139135,0.8295645581073263,0.7645363472352306,0.6963273108558095,0.40719068642775735,0.18060161953212,0.9290602688939766,0.14223081826075895,0.4590740257100812,0.5887088681106045,1
0.9412919120643232,0.04817709195891911,0.02731810346380267,0.6780215437712501,0.9778798292375445,0.15437340949003767,0.6482469295191453,0.71070134301253,0.6929274994370576,0.7099771520966673,1
0.7353506791190657,0.17897043168906254,0.399484626412351,0.5544967425814008,0.05364833585947992,0.2777268698082611,0.08532635263096455,0.5962054478078342,0.4638323068549632,0.7340255515024429,3
0.3258074546179936,1.1426443414503855,1.0244694596501036,0.5910483207863599,-0.48082014637504356,0.6457789972871346,0.30074801124988615,0.7161262685688394,0.11133284727766701,0.1944466422807054,3
0.05379438454713775,0.9579672410700933,0.6941602618268616,0.29311132453871397,0.9483675314750791,0.3817864797575607,0.6102479436895306,0.5956642050890371,0.6875643615954073,0.7175124550513193,1
0.21393399357659465,0.5468950631117848,0.8571711052987224,1.106892895732636,1.0375707904033487,-0.16384910988480955,0.952431659035776,0.9880337637766112,0.6588090850243444,0.9718437845437065,1
0.8673176562756812,0.2941695307033706,0.37591682717658964,0.3657648209192601,0.02778770423064795,-0.066995691101504,0.5212588436837432,0.8865609438980511,0.22526469940241117,0.5946542105542534,3
1.0041029784346331,-0.007567702138536664,0.08138198090341867,0.6412366412342454,0.9275030332823022,0.20124940051480728,0.6022003723275227,0.639217442711345,0.8044586269747658,0.6538861755883916,1
0.47364311638657974,0.9170267299763273,0.7908334031874426,0.8721622252477781,0.876636996000673,0.28460033433213405,0.1931346079961168,1.061487556063533,0.8306492979071719,0.9206422975309938,3
0.46380307414008165,0.17179118529453286,0.22457067165053438,0.19770818708317345,0.39897192668909087,0.8420268683131044,0.8723514176715171,0.2737874434446056,0.412895113683939,0.025900181731723825,3
-0.0189541074492163,0.9817736924544297,0.9354208689641298,0.9085074758815485,0.2932296825381731,0.36821587499088304,0.9987096878130803,0.5389467337813787,0.6907676064235733,0.023194080348394524,0
0.2543311388775397,0.9715524174653707,0.68788976078665,0.43687744140401347,0.7697737390753204,0.6676836007950573,0.6238918618965263,0.48899257593749174,0.1410735871315579,0.33809378083473707,3
0.23987882492228862,0.4431332771220579,0.577563280867106,0.24854721547657674,0.7064447226588049,0.9211226326250582,0.860254642551868,0.108707464106912,0.4146084945600621,0.6530406524940772,3
0.6661562562473635,1.093759544380588,-0.16820519057866418,0.1023260485157434,0.22905953154919995,1.2665765627670937,-0.14214498948462145,0.09033775513468278,0.33094990958601733,0.2453200353624712,0
0.9969487888258933,0.7578466745461768,0.5520231093259012,0.6011812137773324,0.3454657437024125,0.2806030607579485,0.3277683679531927,-0.010448903829104239,0.34237444405985,0.7537807053783798,1
1.0430432042571023,0.4268961611050058,-0.08938658291024056,1.0329872636040114,0.17899867158805727,0.09048123961869009,0.047086508006514774,0.9618557165483277,0.661332893409982,0.07607569020822111,3
0.7681896155392772,0.839084302014957,0.35804391789457823,1.102823038370325,0.3132122299244593,0.7017015290292936,0.23142391744852164,0.9500372281878354,-0.04734842131442765,0.01878607435706919,2
0.9407655077977415,0.47214058057847,0.01170309892423127,0.9900058272044286,0.03812212408768447,0.12829138840983323,0.016516648050178866,0.8892051675750754,0.7945937847031136,0.035041735079381416,3
0.5435846610920633,0.9247800979963648,0.2249906631217843,0.62135937651838,1.032931610100748,0.5520418119157056,1.0265454929632807,0.058933470733080584,0.8900113702826428,0.8808734694883759,1
0.936630696277971,0.06700858771542226,0.0030355781832500555,0.7010344513350154,0.9828281207651078,0.14941220724816703,0.6224938143555763,0.7085028741603043,0.6856037999635061,0.7116555289111746,1
0.5400933719143564,0.30171336535265947,-0.018414856651147546,0.5888641591245477,0.2126798765985733,0.3073429851471048,0.05773593869811551,0.7179284847117642,0.10968954783868468,0.6220144481136977,2
0.4240412823461065,0.5653299098636826,0.3927728320339375,0.14355558275865143,0.0388059203378052,0.6492188879230602,0.03237486644026052,0.6352052584034336,0.935929177698197,0.1552148837122852,3
1.1015303533456617,0.8181175383149493,0.14027977076784795,1.0340200574855758,0.5864501884174536,0.5438149773969734,0.32484613306375243,0.8411388343520076,0.19224820867896897,-0.15145750844752137,2
0.24314274643747577,0.07005415592111755,0.6909703242219382,0.4414720841978829,1.0096120933924446,0.031041190160292262,0.8677212260451627,0.48824560037931536,0.39853937753145635,1.0027931181917589,1
0.08524481733388888,0.6860556858495146,0.9589839929225565,0.6587619365344823,0.6837036816943156,0.5818125900168102,0.4253300179562498,0.4741062495465443,0.3468687229888264,0.5122262151854138,1
0.28584014833775845,0.5451363996575173,0.09961205035466272,0.6394155664194642,0.36902238957098293,0.01181530099976609,-0.12224310486843418,0.9768633613110571,0.12452052183001777,0.5182697177373554,2
0.09137250823016693,0.4689427033060156,1.3416403136545478,0.17131343537665894,0.20002316906161016,0.19219195360972105,0.5430695800619316,0.2547697298576341,1.2449487633859133,0.3178771075483796,3
0.7925521898478396,0.4744138957904636,0.7359597122543831,0.5115067157152692,0.6209791629218617,0.07071204837769725,0.6661804508889514,0.4313122406386364,0.0799732364503406,0.061231881670581134,2
1.0467592750013952,0.6286194352661176,1.4194534611605536,1.4054843934805579,-0.21629660228462344,-0.2134995815124031,1.0296097894970682,0.5099449330699153,-0.09435937417809859,0.0626654829179597,1
0.91013183275071,0.6182971061995043,0.42491384633687984,0.786165492662191,0.08863808080760216,0.18582493979710427,0.3443209354257063,0.29783054568691514,0.3547354004818537,0.2864739392600098,3
0.568932765787686,0.08222052161519511,0.8313399174147709,0.3914954014227897,0.7784691580332836,0.8488583893412173,0.5258154198784224,1.1677790984614957,-0.06425431426967573,0.38622421229035964,3
0.09497635570738912,0.16705059274176223,0.5263115240801551,0.8819086948734467,1.0665002100860292,0.5109741570622474,0.7140419638459963,-0.091952228531759,0.329588017102079,0.32898628762284937,3
0.5067248836501199,-0.2688220529294848,0.21673421596004405,0.20171091241851613,0.6075904485308827,1.1795424156062209,-0.04006040241183617,0.5724297456205255,0.2938479227453569,0.22009549502164033,1
-0.045579256736187915,0.940341422598351,-0.08741614349000339,0.26412326501702427,0.7669797602973538,0.8787977419105474,0.5244926918818063,0.052782230441459826,0.17253444974847515,0.7689934723216678,0
0.42833453463383486,1.0417445870989634,0.19309654101332663,0.40466792602140034,0.19618136636243855,0.4530300813954106,-0.30436262355124305,0.06574253788173773,0.7017494326775975,0.44217429625930355,3
-0.17505956301700165,0.09693978731983327,0.3718613473303345,-0.30506044476379807,0.7159160035040297,0.9164210590569768,1.0403320021308242,-0.5019585942625839,1.0839715342313863,0.5258546153102153,3
0.729458353780108,0.6605627521358575,0.6081834601531462,0.5457007909649811,0.5944405843215347,-0.12362765193284309,0.4700710507164678,0.4794882946964927,0.1776244323009464,-0.14217846029332476,2
0.8521477535496855,0.708992771156703,0.931574846370454,0.2053167368408969,-0.046355152707985514,0.11091435474187199,0.35748303583696683,0.8141621438785335,0.9577998580012217,0.7533250336911294,1
0.2206328937716831,0.8896402750800422,0.5468486714454903,0.9005682379380818,0.29583244458633706,0.4457959334788153,0.9872641666063445,0.08840511505440304,0.37585915608428466,0.8895559338296826,1
0.7492958781971206,1.2293640775325607,1.1017043331942695,0.8764909489753648,0.26313521822874814,0.4722307932141303,0.5666590231151396,1.3072731170120793,0.583354081532804,1.3361486098580828,1
0.3616015187220946,0.3830672512351089,0.8865555843756893,0.08589674153433184,1.122536196700894,1.2903290098867117,0.5053056943328048,-0.09178158190694793,0.5531365552116171,0.09751297490946426,3
0.3039287631461223,0.4405882149397909,0.5288567206520941,0.279632358323525,0.6621856278033622,0.9058238378166322,0.904303679654715,0.16683522765591502,0.462699115566178,0.6329217657010678,3
1.0701261560335404,0.9805469662976068,0.49802579840383027,0.2857387047732076,0.879785095017772,0.722171955691502,-0.20113851277059708,0.5167571839428602,1.0300782620765685,0.5130712145154177,2
0.10486931516394579,0.6887704422704786,0.9414883242500869,0.6025235426915204,0.6878502316202307,0.6075546147753261,0.4401173689589916,0.4952664706797266,0.37246934683182686,0.4624186648625045,1
0.4163024590154082,0.3279627610079903,0.17440758731875688,0.12843380824477066,0.2463048816858523,0.836998608702432,0.9862851580860545,0.14058881704174594,0.4986701938063511,0.15119248027683885,3
0.9954473559410301,0.27339211442251615,-0.1707952718694747,1.1915501805154343,-0.07650440194037454,0.3169786239370019,-0.18206724087403892,0.6015317229209756,0.5534517950400628,-0.13766297086449455,3
0.07798790453278726,0.22123074198104786,0.16657445750783953,0.17348823260656127,0.30837414648803696,0.8706975896201113,0.317297611946139,0.36226797304443603,0.6183896467327077,0.5014747125392489,1
0.9002212316828176,0.7058947702583965,0.5980190979818024,1.0033960202294476,0.19854652994514477,0.1678120008803382,0.8966980288892089,0.8295028014919386,-0.11638867713469914,0.3702379309780631,1
0.4250525074580779,0.2728243835660168,0.489423716217436,0.4767660226866882,-0.34691422810171696,0.35007234309431656,0.1941606339157667,1.3843709805811555,1.3371591589739005,1.3246398408359656,1
0.06228634631011534,0.968926953744352,0.7074750765596778,0.30386655555097986,0.9333994713463614,0.41075779993209144,0.6215526933519151,0.5712473896342319,0.696415090784007,0.742208498091074,1
-0.12623141434530857,0.6820906568960797,0.784084884633155,1.0771856078316784,0.9068468474889404,0.3301526616199347,0.5083099139533351,1.2393777788110882,0.3603573245882647,0.6533648754288577,1
0.19017179366273623,0.3117602672346045,0.3270855066407403,-0.09358946281962564,0.7649727632513799,0.9114331171928712,0.5693895023367471,-0.023212980713985254,0.5626497814314293,0.254087782563733,3
0.7386678665123071,0.5916433011940067,0.9850744644436679,-0.0461933349368087,0.7688286481857197,0.2776806024367563,0.2520276565015007,0.4870794933972027,0.5279691571653404,0.17822710032878702,0
0.07908041270004798,0.2807739784857017,0.6801271174640389,0.018492581633959393,0.32288638931240693,0.5873914427815651,-0.22602781121831306,0.8127229759772976,0.763989618385366,0.17293705256261171,1
0.3349580214803038,0.5218548274615009,0.3346769973855702,0.529346449743134,0.4563507301932918,0.9588662887402182,0.031990546122446534,0.4168209974890055,0.385802857810462,0.09077166511815915,0
0.492732860125512,0.5195309112889638,0.547759567032861,0.42686465580152344,0.16600791246156232,0.7429558590570602,-0.06439405598545547,0.6836349766183085,0.7080517700807043,0.22237597452073232,2
0.6484093865155681,0.6557023989186255,0.10759933085922362,0.7145251577987207,0.23399811373109747,0.846855167559452,0.09856556493636233,0.3412749965836202,0.10199173823619564,0.28389235346442976,0
0.2667131981840746,0.37886546305072305,0.48824532354080924,0.3265997008489771,0.6378153263082214,1.010610566586192,0.7572717035085397,0.15226522971290607,0.37878971657048816,0.6441449520499385,3
0.4773701950658243,0.06155840849813776,0.3969529877481921,-0.013628681367376883,0.5885171850551453,0.7397619969842978,1.0549804314968458,0.38560809384347056,0.2587406825566001,0.4438549015263554,3
0.0538065360061729,0.7684701647151323,0.8484505738544176,0.22457065963716918,0.9839519070894289,0.5275150512755914,0.689395178704105,0.4566545894233773,0.7185224875016697,0.508922613915633,2
0.5020035792413943,0.7947443259886624,0.14675522954040465,0.3492198342548964,0.03966133114955804,0.9479269901811997,0.5106404436745319,0.4267709498240248,0.14110282093391494,0.9328736039955953,1
-0.038101299930956914,1.1715532855710098,0.7292129030078737,0.5802360520397684,0.37161188616685137,0.25932889125732933,1.0474101424088273,0.6893476797736541,0.4048571457085492,0.14216629688521612,0
0.8851800873942102,0.4554808546700049,0.8295413930761715,-0.04065696215518137,0.7085878627773554,0.8775505114658987,0.8372086704237829,0.6343533939706555,0.28256431340453847,0.4245905363365059,3
0.0892384706778904,0.9013185201949991,0.770185582066327,0.47542489531463045,0.9382758620627999,0.5137954699795728,0.23966541826837592,0.456437961613115,0.5465436956447536,0.3083025058636708,1
0.41565041903039496,0.13335303237420004,0.5731153818494668,1.049820128561397,0.4112839970058147,1.8074352696756337,0.6506898792545567,-0.295694012965968,-0.20614092775839554,0.5973829956768005,0
0.06136551543511902,0.7771203141421603,0.84559633258544,0.22662451694089725,0.9814742122299882,0.5263151250221539,0.6872588217969692,0.46696718238185375,0.7115363758054865,0.5144539576985041,2
0.31968982094051307,0.42326439467032245,0.4568157396714214,0.265081141895081,0.5824863919124548,0.6990020226419852,0.8156943762716633,0.23890832822778757,0.4158598087472311,0.48902976452237273,2
0.2569376145714234,0.9388439705606189,0.6572126136804971,0.48656521409261877,0.809015566307037,0.658125552749366,0.6185472414236164,0.5355734496757301,0.17340809304925486,0.33011241496495003,3
0.3153121354170628,0.7770033600014797,0.7743041568675095,0.471707501283656,0.6904595266701375,0.8506665234896901,0.5484452515020699,0.660466731371079,0.12727549713805544,0.46200076794155504,1
0.1828627525693505,0.724940306350763,0.9729600383667966,0.6534279353344139,0.7567312839051715,0.6972256786519409,0.3115756141436351,0.5419631606443145,0.4217422640699783,0.5228916765614641,1
0.3028873502240483,0.413788073345174,0.4428374384823399,0.2702547185338698,0.5964676067547928,0.6987056433153843,0.8080276500360831,0.23244622685328042,0.422606618318189,0.4915115432191011,2
0.056401560878907527,0.7741086519721648,0.8441229563511372,0.21934318423713725,0.9899692458637814,0.5318744390811749,0.6872443845606647,0.462323097656336,0.7190786677645623,0.5083508933335827,2
1.0286163136601914,-0.0026069683464732263,0.7009617851682771,0.9253560347932934,0.1668323267852444,0.69154392142984,1.031179952643532,0.5242820336513094,-0.23398769766090421,0.23130224563312035,2
0.5423464624708396,0.45681856452859937,0.4742112412660434,0.3999056875218926,0.11621160874858155,0.6378043497897614,0.5812099097218982,0.6119720028160787,0.48699209533103915,0.6531128734217133,2
0.29012991068179084,0.8574189895728774,0.8059635510036146,0.7204582279208552,0.28253313368549915,0.36520927837999473,0.8559091587056349,0.010392069977485763,0.5000538753798746,0.8434503356682717,1
-0.016288326274428083,0.8516425657294089,0.7399776709005645,0.24252525854512236,0.9356890312652768,0.4781962894623931,0.639726190009549,0.5155676073846591,0.717759454221553,0.650786734830209,1
0.989970478793914,0.6537411124042555,0.4385076041892535,0.4581884114205861,0.34422852187613023,0.33900354607297906,0.22317516619767044,0.20097555015258828,0.3803547875012222,0.9404017207828916,1
0.9549698574208993,0.5530657238163347,0.131437761413916,0.860842483438107,-0.022730574224955225,0.21957339929655198,0.026532462938145315,0.8018399805161514,0.7289557240629472,-0.04548008756597087,3
-0.06271790284727806,0.8365627053254674,0.6999772733540803,0.3179636165626744,0.8860671526350075,0.5148305955562356,0.4699981684930877,0.6856771334139258,0.7878068642633489,0.8011985544142833,1
0.13925509379429324,0.279081442253621,-0.04412615029917856,0.15291317053893866,0.36979672759488436,0.07160177909182107,0.11132667735896884,0.3433224427407048,1.0278323325076977,0.159007454184795,2
0.1203717303109383,0.3368534172402369,0.03253032658739573,0.057953999616081164,0.4393195361248242,0.09451328185679064,0.1605387884567709,0.33440421491600625,0.8877314360051907,0.22813925412843153,2
0.45598099267924064,0.1333295053383416,1.0601652776021975,0.9331024604040081,-0.32030324716768255,1.0011066313381156,-0.38651492975888446,1.3568732071424507,-0.006439965506815637,0.6978722594820937,2
0.11097675098021187,1.1648752693924065,-0.08032218688911119,-0.06351533936076348,-0.4696220934597537,-0.13224440994539877,1.0207382203261353,0.4070138379493913,-0.4568175918762112,-0.193443611537215,3
0.7941190733401089,0.16340216538638308,-0.36915397345221324,0.620880093392703,0.7862880803451856,1.2879488413168994,0.6022406446314894,0.9215543472896544,-0.49976014818052816,0.5129096262237562,0
0.6368709320872217,0.12470586285595614,0.39489700260141475,0.4931758938852551,0.033639823233215994,0.21808898516434894,0.15582934510486549,0.6267679761892445,0.49816039765394843,0.8337777939411962,3
0.42244744188826705,0.06856913790070572,0.5092726175801578,0.34021921868137966,0.3250518510600775,0.5531884199341907,0.3888261760802565,0.8795501029943643,0.23149797348485257,0.62587560396118,2
0.3252533776983051,0.296725349013649,0.3804478770001251,0.08402145956733456,0.6061719710971212,0.7688981232670853,0.566913267351339,-0.027093415490975867,0.7006427262750548,0.37203651812234495,3
0.12891024647894428,1.0227455634257767,0.6118009757205201,0.3736906795872801,0.877548276709184,0.2960394956539901,0.5374552034371916,0.5640144706885545,0.5952780817641274,0.7693069106735887,1
0.5836804452931866,0.2677822787614851,0.5340917671649746,0.38317516144910235,-0.07466368321166736,0.08146243146427587,0.0913719177802657,0.33773155081444517,0.42584221440056225,0.5769757368356618,3
0.4549756647696454,0.5268396615277093,0.17907556590602752,0.5717966808587538,0.5070026038373096,0.6608862741467725,0.9566435757953078,0.8663772985831932,0.4373620437566634,0.20425386716953842,3
0.12868458705568203,0.09593592938604881,0.3770536128914856,0.7081648843658026,0.10603764785405131,0.39265026578821377,0.5157408807893618,0.8338488791234528,0.43044332443849415,0.4644026427856372,0
-0.18642222354317384,-0.08441351137762859,-0.041800462674995376,-0.131126192746632,0.5506619186811577,1.332467814734962,0.5424618636008831,-0.026791832713555966,0.6433665948952796,0.052817059411655265,3
0.13915042146949572,0.6412326236825632,0.6454383003358024,0.9677493401211589,0.966861488589411,0.10727290407166631,0.8237242512168471,0.9802348910740153,0.505090847292259,0.8853058131718984,1
0.3051492416564067,0.9553184694365586,0.7129303059091281,0.4164997725491661,0.7334819474859842,0.5703144590675979,0.6567352640657875,0.475851159969231,0.19906451195212108,0.30908328364212084,3
0.4798196441066435,0.24100397034146898,0.28343133228364054,0.14041570165673323,0.31449776208687596,0.8466103508163765,0.9382588023561875,0.24972904314174646,0.4879897436751934,-0.0028808311014323074,3
0.4581549068461138,0.3270650476007658,0.22907189386645319,0.298111625521192,0.13980466519105308,0.9869292284770043,0.8962640024897818,0.420928648834826,0.21451616381726168,-0.033219129021398605,3
0.22634327195616985,0.4134933286930302,0.3030787554384093,-0.030913234016343223,0.7144656185351039,0.8038953319661835,0.7016455549905564,0.12042864225884173,0.664477337829565,0.2910107357255841,3
0.6190934386286989,0.8075195178281864,0.16743348434274202,0.06290733922326719,-0.12710675422768514,1.6019239709044841,-0.6108540331084217,-0.39859656669116306,0.6637985495340301,0.1826091986963696,0
0.15064335649401478,0.07815347920868358,0.42295065155708966,0.7103615342813328,0.07261791130501107,0.4110694700107227,0.4843118216700554,0.8174452738590113,0.42364581188963396,0.4872985877933754,0
1.6665094574743593,0.8900553846167838,0.7541722019266028,0.07074381411259134,0.0018680873609308452,-0.06654693956342339,-0.18402474034727923,0.02248069507059558,0.7539237380906646,1.3085253932367684,3
0.7702972478541505,0.7107353598069642,0.2543468929119803,0.15514479711577933,-0.015179785559156868,0.526094335989836,0.32517518254617594,0.6222525764010154,0.37518794576735276,0.36814158500844435,0
0.020732164328002456,0.9494965753515309,0.6828557682176669,0.30506203199061405,0.9590163389642242,0.39418694265098,0.5980637677444062,0.5729383938286152,0.7142993374852113,0.700109614128773,1
0.1519678364116001,0.7894935660669627,0.8711065429385734,0.7137418880040837,0.05381103715386054,0.2513424765751768,0.9097407691843993,0.6401812829146954,0.651092068595594,0.06412477228053984,0
1.0967482536014672,0.7165888166400463,0.5310175576244914,0.433348901732397,0.09556391963071192,0.3730924831502148,-0.028349416898728552,0.3766057057819734,0.6266646245899316,1.0263388504853663,1
0.503659523483664,0.15939487293683235,0.494014966671297,0.30266121689774633,0.42171418318203124,0.5041499706848334,0.35199956743244115,0.8056534653158931,0.30220766362656826,0.6105051822701628,2
1.0404211702413302,1.148293072606815,0.15217347747927118,-0.20814681285112774,0.7873938748643454,0.7200596040625125,0.38382507622517253,0.9554430097997555,-0.21332594474470046,1.0451879053504691,0
-0.07325899424940885,1.0482233068649425,0.3919742503954967,0.8742724879463903,0.5165951330639059,0.5923564564042024,0.6954185934007598,-0.09904682476322377,0.07822288060714233,0.9983725331349282,1
0.884805321359323,0.7616315854747703,0.7151291983880443,0.2563041076434544,0.4931443792712973,0.49222655710523716,0.45493421685642127,1.0438561200227618,0.6717033833205254,0.8323654229793349,3
0.39773003832252934,0.35960606483480034,0.8316094706632639,0.44169212337200225,0.6729459930684712,0.14884491833843083,0.8752968722688267,0.6695569811357486,0.6067042769353744,0.15886392882334,3
0.4263761814995401,0.5613761808592733,0.3995495465136146,0.1400463277161571,0.04909877669171221,0.643532240209675,0.03477220576963204,0.6280116875766713,0.9349991773782309,0.16282029669271292,3
0.7956115825576855,0.18188246266231023,0.35981936594697056,-0.02934060903349983,1.1473082532562726,1.0642130052429388,0.6975370633317821,1.0497695669075189,1.0071277743518685,0.6525843261569467,1
0.5986745767385498,0.6603917169380759,0.12685439123616604,0.7374787146076777,0.1878462894186792,0.8942527605954359,0.10385109416863952,0.33480096105880014,0.07548905538996589,0.3042250650208143,0
0.12980679093618852,0.09025444337331422,0.3689082532291966,0.7571772524492633,0.10657812817611169,0.42626306876234815,0.4959915269435035,0.8369684269778402,0.4364407914287851,0.4286564663636202,0
0.5263139541454426,0.646507756219144,0.12961121241583173,0.499796576843893,0.459526300295058,0.6084645497826864,0.8800473910860265,0.835308393746361,0.4457449462956808,0.23768573107609936,3
0.1336765275993681,0.8202571100157507,0.9067884027233982,0.3703476913228836,0.4471429004154306,0.9628346745217349,0.11127187875839292,0.32854740283863726,0.4742452534608199,1.168467973922764,3
0.7007612509148518,0.3929087446834811,0.6654797186061829,0.14644618407572818,0.06765156674542383,0.40048963805447846,0.20980690773621025,0.9188303200687052,1.095245909604954,0.5214246172838122,3
0.17865429540058259,0.8890094731591075,0.3800140160558931,0.8459740882298927,0.28543107635306975,0.5121881643251153,1.1034243783791688,0.3040165806021029,0.1754321035563296,0.7071666379255814,1
0.18616598361710496,0.23131729819702385,0.23822700272592123,0.34594540494750053,0.2862143449269093,0.9023212190468503,0.20272592878724174,0.4367442896168381,0.6223061506103977,0.4259126291559113,1
0.8858873885415137,0.1269738379737687,-0.09607525140293556,0.7258420327799403,0.9651677800403423,0.1257484644982272,0.5916922492400472,0.6825914759067633,0.6081505402495684,0.6509741410411894,1
0.5069245545042463,0.48519824111653,0.13707575103826097,0.5876506176519997,0.44640002570986226,0.6286401367925412,0.9752520805583353,0.8508733709324481,0.48135830122810913,0.21005330463282998,3
-0.4076624927538359,0.7035155443060496,1.0305746656329398,0.9259043987167903,-0.2755801472940571,0.6906681878765625,1.4375756879055255,0.401638239686417,0.7347915078153516,0.44695602164322923,0
0.9688836184599463,0.9871769784522073,1.1831688687078934,0.07170186154649236,0.5701346704698058,-0.4951598027870501,1.837018788290014,-0.26141645671276525,1.0714445472613698,0.7939920039691907,3
0.5004862153727786,0.4583386746398153,0.1148533945201024,0.5853560608519207,0.4045725105306218,0.7229094309535247,0.8673495311277643,0.9124733590286109,0.3478711228231361,0.30555523615721686,3
0.3864099820763901,0.6943894984622451,1.0149411543175042,0.8862189087604126,0.3855535047890507,0.6244281413583831,0.7921706392682148,0.07859898233697793,0.6185552895039281,0.4101368195913464,1
0.02854967924042344,0.9174435882844315,0.8514698217512704,0.7720488524192433,0.16411844818055393,0.28499049747205507,1.0092084399063752,0.5675604826889841,0.6418542684993082,0.017707542931513123,0
1.0822657723041924,0.8418461830842652,0.0011397710714231013,1.1051396447986874,0.6536574870638233,0.7083641886469177,0.5304935304370678,1.090256155155098,0.22650441728955995,0.10779080511204374,2
0.33122155029289396,0.2523330881207624,0.7179717087059538,0.3378137675877704,0.6894950913104878,0.9758355026761113,1.1291471474595445,0.14192833053082127,0.1865575491781406,0.37667037673936815,3
0.23844059010164997,0.9890360765393971,0.591179300237928,0.46184433695437543,0.7774578957778594,0.54268865386493,0.5945172854704028,0.5643651755551878,0.27149911321089343,0.3968270856259795,3
0.3290572697489125,0.8823609472723034,0.7413296708468455,0.8195974853255362,0.4395794434916993,0.2955075152212107,0.8860342496712089,0.0862241993382237,0.4382265363693386,0.7381699083314344,1
0.5657536416536091,0.6441470632968586,0.7389014698024863,0.47262200153294853,0.1379990995039404,0.19063115868964461,0.490328919415411,0.3362434019838817,0.08662273044895491,0.08318452065978665,3
1.0035008459882173,0.9168629583140571,1.5496733509114784,1.7074376153838795,1.5732107002200655,-0.8896256718514644,0.7067229258701117,1.273163857102526,0.3223536085741099,0.3908378286700789,1
0.8979539867012696,0.7812152407016498,0.5533568243617255,0.44909761145579324,0.2404522814014577,0.31766736144982577,0.26511414352140805,0.10853513634745046,0.3484610112605529,0.8140530315555135,1
0.21861449163794397,0.8068022454758424,0.9534337615173357,0.5451526099298141,0.7544764808106814,0.2521820708134863,0.7880254023941089,0.8774736383142973,0.6690165926980511,0.10787460945129031,2
0.9997514953321077,0.14615664320075195,0.08940000754190051,0.7868160645646668,0.9572603545891956,0.15046646658791926,0.6380679994215118,0.7601297973734136,0.7455464113977539,0.7729446632818133,1
0.4552138844094505,0.21544981639910912,0.2843470159907436,0.15317909617962838,0.3542943052036546,0.8660554286449754,0.9404696498917574,0.2560580285100257,0.4525016236866024,0.03893065995126388,3
0.9174660470258327,0.4864519882087633,0.03587288070929531,0.9963439634906264,0.0494346185116255,0.1549496864537696,0.05018914675460816,0.8530454831594046,0.7945734563853974,0.061147028544389484,3
0.25815746081535185,1.1481469762430958,0.8936095623968532,0.4990228361363543,0.30129562467386195,0.4337323281732345,0.6090370781088907,-0.2119053414768784,0.6779597306207353,0.7415740946760806,1
0.8449249614650063,0.6203099543968009,0.8884487483492562,0.042795934988631476,0.14033597673406653,-0.04788112753373125,0.3847185351603583,0.896205695067965,0.9148150912748942,0.7122538404389851,1
0.0924042957128266,1.0621516731157197,0.24025909925779476,0.4351130552953108,0.25382639015801545,0.9946000376705619,-0.041385788887369296,0.7678845103093255,0.5826357811447594,0.3190695918318572,0
0.47226987190057534,0.6836043276434548,0.7695465231475542,0.6986196195128024,0.5327727280630741,0.04699767967064186,0.8864862565298927,0.27283660363876144,0.5219898163747334,0.8973617213191908,1
0.20688981720082572,0.8652979626177586,0.858905019603941,0.6542886380804207,0.6976106643351905,0.01027990065854395,0.817865223763357,0.20804449605261927,0.4449671559699892,0.6852266688769731,1
0.26034266806082096,0.5082685314346372,1.397144919944467,-0.20452887277765525,0.4475147759787467,-0.0679323029234525,1.0768495387244317,0.11012381697805401,1.5791762643417084,0.04356351741754083,3
0.9452706242990497,0.4532045685208088,0.022454807606271766,0.9672621445937627,0.03538396053848204,0.14249216843070095,-0.004238755155544421,0.8996298086236149,0.7844905906578031,0.03946900696534791,3
0.04966593309899607,0.9656783617663814,0.0019674678839925464,0.25527486477548883,0.7221073039257949,0.8233279232011553,0.6356763557326258,0.21028790982471546,0.22478307460956728,0.838786096582038,0
-0.635273540159663,0.5142794709773433,0.5631938372629512,0.5759672062256807,1.200391804996817,-0.5932893530087904,1.218367905022807,0.9957334792303005,0.5548535128898876,0.6307575433963424,1
0.35003410551187536,0.3728027365688102,0.3080018092773199,-0.009505948816727922,0.5606705766914504,0.7654082468355103,0.7518725240440485,0.3601829193865079,0.4269561912779352,0.16493844580082823,3
0.05005764725860613,0.49973975610917776,1.132072682166461,0.46143532852579233,0.974763907658364,0.42373982768793794,0.4040803165964704,0.48170013166194636,0.6532228827779472,0.170567223202515,1
0.1772974088877456,0.7660308111244857,0.994297705139544,0.23036422298233222,0.4219378791162059,0.6848255650665726,0.3136204870403339,0.42880806747388994,0.6533043726102561,0.31190945648407264,1
0.3438055250051416,0.7460811607727305,0.40485895215556383,0.6967151131357298,-0.10364293930986888,0.37171658889881193,0.5092042022186828,0.28133919102282334,0.1896835097914627,0.2686571864800591,1
0.42533244098063394,0.66103817308007,1.1844395416858524,0.06650198783179737,-0.0213548515201486,-0.01302594616820623,1.1061725061250138,0.07548511445116299,1.1639012088271972,0.4021819263593813,3
0.9649585840117427,0.3941032193173842,0.011040432482540285,0.9668390192851309,0.08058195633878779,0.08510612840235215,-0.09393886995780323,0.9479817631688785,0.7385974670614094,0.06261617611891339,3
0.8391710996342182,0.5122182579359826,0.773701117539414,0.483086184215691,0.6593105904687137,0.06472267642904547,0.6691908810387612,0.446446459632267,0.12415487423405651,0.04508960381717484,2
0.14499802223951705,0.7616076695221129,0.6261376255803898,-0.07385019342047372,1.2950806958425884,0.409839197161148,0.8351480832547268,0.8046180892687372,0.903460068681241,1.0042887651283317,1
0.6482540782979542,0.40337260185657176,0.5689982991447561,0.8267298537148379,0.5250284817331808,0.8326460378149273,0.7434675601671212,0.2135121221528979,0.23762453914571305,0.4709455401989058,2
0.27070637438653394,0.9558963298496812,0.6713085069926402,0.47561689782125777,0.786222148631552,0.6296587769822471,0.6078496291166534,0.5137149869932263,0.17662892056643115,0.3506236130900063,3
0.42460578057708426,0.5662633039221562,0.4241720317130051,0.15168702745391827,0.07333509239564184,0.6705450712607621,0.06334014841442646,0.6062725358719261,0.9132375154164962,0.18589479832417077,3
0.3041446441477307,0.20833452655496587,0.3217666800662824,0.27129570043735624,0.28408919693637424,0.8121260027177847,1.0956585561142487,0.37263401225449144,0.5094095097226528,0.019584358656063634,3
0.609177236614849,0.9389295473264134,0.3087898144033046,0.48233085961400407,1.0425958005859677,0.5550271056525315,1.0440251807976442,0.16947766981859022,0.918798248855914,0.885828934587196,1
0.5605537900680425,0.05321107133602808,0.4557132107466978,0.27046260673432587,0.45971063552776037,0.5436740667451487,0.3888441602731656,0.660006635739784,0.43759673916208586,0.6050595953615857,2
0.19724555427158683,0.7030065138221562,0.5563096581840348,0.517342200857646,0.5422584891555682,0.6315144537261356,0.05362213698338281,0.5788972321227883,0.6113612471016183,0.40135014077123343,1
-1.0703816456575104,0.12461297225352319,1.3054932095601777,1.5578796419443752,-0.9897410231883952,0.8644750742859019,0.7608375833546637,0.7068401631071809,1.6978304435165288,1.038533814269127,0
0.28099896620185316,0.21007019910451752,0.02847840778330285,0.35040696662619786,0.18176724994580495,0.4196012812836856,0.35640365735410584,0.9283208746110788,0.03158432477198533,0.4465501412052403,2
-0.6696435891173935,0.663767540747136,1.1293930178646983,0.7238903576722271,0.036494952679792414,0.19306513956026222,-0.10673204989977281,0.7651547473194984,0.9156296723880707,0.13767002038641268,1
0.17260917386347607,0.7638692667240743,0.4054050647623009,0.5962034462107457,0.5492706797817577,0.5913603744273782,0.3840770370304141,0.6857516168953173,1.1534685097473567,1.2701278655340225,3
0.8495009725691891,0.8021716023909844,0.4909712382103423,0.13363910659703068,0.8454696543343293,1.0245865642441054,0.13120025695674367,0.22767985718761183,0.8947024930296897,0.338559709452686,2
0.13940103775669005,0.36335444175211457,0.011699188465393865,0.08154226264969437,0.44204421105310154,0.09817601867234538,0.14213964328424675,0.39463719104486983,0.9068352712470524,0.2697766173226016,2
0.6015418000650291,0.9632299659079794,0.3033206048061303,0.5631959377835312,0.9796977874996399,0.4961235448399733,0.9628704114030854,0.1298379254262569,0.8863690007489323,0.819645539843164,1
0.23548415173051845,0.21139957716656654,0.0955140467763319,0.10718415400362984,0.5213389336813283,1.0098814178106745,0.8113329647626022,0.1318649859147855,0.5923731060121362,0.22312032971468937,3
0.8743991480912192,0.5641560878396488,0.583646840255751,0.5590807368009333,0.3154478787971269,0.5833526170000778,0.05313355194406133,0.35203754564438805,0.490168062419297,0.30094450484705443,3
0.2188829805380706,1.0300599969377646,0.6562962368663089,0.43920570938139997,0.7311531524974373,0.5975673014915931,0.6614766264940374,0.4415788327889236,0.14420512464491683,0.31620778164267305,3
0.8809273552153417,0.4201607311494549,0.11151536606715773,1.0965976983549481,0.8707404584124696,0.9107866791949563,0.644117107015521,0.7409609643886522,0.04035072918682835,0.2702381323968138,2
0.36950401633159835,0.3969145085487784,0.332626145959446,0.12668255075197554,0.6561844714565161,0.9899918038946556,0.6764121321429323,0.046037928199751894,0.7206036084621679,0.421074160057472,3
0.9889112748837579,0.6196067130738455,0.1835184768052785,0.907991596182173,0.5876523444786901,0.6848386972224981,0.5180873296395878,0.9757834776058055,0.012695874134720345,0.04825740806680827,2
0.0369166363954993,0.3707306109479156,0.39602779353715123,1.6006346113858914,0.9239652695988552,0.1485982828406302,1.4851410048316147,-0.7344325902678535,1.2840881384845448,1.3503370065554523,1
-0.11584657463084419,0.39922684843064493,0.8541393664475597,0.9685491346223738,-0.1613930921650179,0.46760470689981737,0.4982493866653816,1.0330677344877657,0.5833497715507149,0.12913332789608192,0
0.2735257016384021,0.941382558743949,0.6745289508103179,0.47857786734917607,0.7779185235603338,0.6323790015063856,0.6000594417862439,0.5211980886783626,0.18751424447980072,0.35814206773052787,3
0.28301226120751033,0.951894538643847,0.6694880773894302,0.4624324107723467,0.7910905102801177,0.6286713062236471,0.601352999005291,0.5161224604700799,0.18968466957058508,0.35211750868770286,3
0.4161817489141118,0.5609958895606567,0.39781693083291697,0.13814575670610105,0.0458060340530229,0.6514994031719398,0.03571223069289994,0.6313212419196701,0.9297024729206271,0.15751670645224203,3
0.09652023075514782,0.16211771897393637,0.144895603014904,0.24140945516994364,0.33302092595300986,0.895316249393418,0.2834563488971033,0.3318568321828706,0.6256338352292163,0.5580572458904096,1
-0.09406119755404602,0.61778423020955,0.6981945690332504,0.3638984495113462,0.6891232311689566,1.143964835619549,0.8700159763113209,0.16013941112375626,0.7785874050615598,0.10580432179057403,3
0.11382024447400638,1.035813179238457,0.3687695987084075,0.8668566306614267,0.5664586524160791,-0.134962244065431,1.2659680274252025,-0.21223846804095237,0.6441796624243677,0.3971461125613983,1
0.5536103377680464,0.23418177974527693,0.2925230406708581,0.3666756771678292,0.0889735649115522,0.12935714695219705,0.21395071205375663,0.37805114637579007,0.6000989457312846,0.8133856021299787,3
0.26265132927920765,0.1962982365614992,1.495809258492406,0.892877092450593,0.07896237633678876,0.8183347610561589,-0.247682515106193,0.8615795282195655,0.34517328222145294,1.061094614207946,2
0.7847998754846794,0.8445843895392056,0.6416513578736374,0.3157647084156583,0.8812158618525212,0.959825913120202,0.11734572438772996,0.4573083301471863,0.7025372095713996,0.47499038842499053,2
0.38185445724205735,0.35930029639699845,0.7702304023887632,0.549682419163857,0.6350835598901188,0.1315157805682506,0.8852631561453623,0.67477400940649,0.6436499608526052,0.08642490975854175,3
0.6019085218494518,0.9365430584949179,0.6652196008091145,0.30687122076817963,1.0796554512262582,0.823322894797339,0.16173622387263267,0.5781596306494661,0.8299640148640284,0.524791451936917,2
0.32109278682953696,0.054726304781344104,0.37819689894721403,0.5582473705027753,0.21888626488252522,0.4627723692505941,0.40930255862064696,0.04625190108537825,0.5189425304852672,0.4352434981732619,3
0.2467840981113198,0.16311617298006095,0.3498173515462223,-0.16904039753205405,0.6007238086994443,1.060283535944531,0.5342245898129261,0.24313759949881628,0.6245541440492623,0.26373212413659036,3
1.0470605612424466,0.4238462791405375,-0.09834732207558816,0.9449093390657889,-0.05411318393465356,0.24944959741129136,0.1137453553516196,0.8064535867678054,0.7392460205666708,0.015071687397234707,3
0.865318956341691,0.036787307121697796,0.5212772258467807,-0.18927015612972364,0.00932462649841187,0.015427142889662293,0.18434871883767162,1.3406539566173858,0.6940576657319406,0.05647242361292415,2
0.5140722175361314,0.7895905472534167,0.9021618314773063,0.751131424920934,0.20792079773759528,0.47148283173409966,0.9293553722386483,0.03955450044036851,0.25775445109072903,0.9409498393070574,1
1.2517151404141211,1.0083758996457164,0.6342526834513538,0.37761305049240856,0.2265007757782898,0.7381259740669561,-0.03047111678601111,0.8482407394515449,0.125656436933421,-0.4542130412968968,2
0.01564989500413863,0.9356243792446002,0.6583525248019817,0.3480416314118801,0.8629246919138442,0.3998349478000398,0.5861879407005013,0.5453758734044588,0.6630526477625996,0.7614742029676905,1
0.1866827993963096,0.3527177463678878,0.3552745146322141,0.14683924492600395,0.7676472838271038,0.8888951463720519,0.707367833081759,-0.03905877052089561,0.66301766981414,0.4300297566567634,3
1.0343501076715205,0.06045083656800717,-0.07656297048017399,0.7234392706487934,0.941033694822376,0.10500863161963092,0.7155200603482567,0.7837636547115249,0.617256642406492,0.6853335010755529,1
0.25993824111930997,0.3956869855909237,0.4272151366603193,0.3142172866933955,0.3705683661267226,0.7675808537904465,0.04957669989645819,0.8028504073564573,0.4359367960032319,0.8394728052528069,2
0.15097572923673233,0.6931251398765601,0.9591681669456198,0.6178292011277311,0.7562929345956925,0.5751044530020559,0.4088380200683208,0.49876244006102605,0.28294957979294366,0.5474061428274646,1
0.43557517074020563,0.3037932104269889,0.22203434690399804,0.8962225636779331,0.3934584114643213,0.39418967350254386,0.35499578346733457,0.5981619209648781,0.4054239243613711,0.8991097352586523,3
-0.005944400624394289,0.9162915460312815,0.8205563579533623,0.5379457843823934,0.9561429856849821,0.7010947152801148,0.2884900104411756,0.3563203698433759,0.5173316507458028,0.710772215119791,1
0.492440576806898,0.2517744329860506,0.30532715318828973,0.1836142445600664,0.40680878429649237,0.9276938268740009,0.9890132861743584,0.3106334481361819,0.4113249275725838,-0.0104073505564089,3
0.15999147637755956,0.6926384975867608,0.906729022565778,0.4840371613336974,0.7077278373966842,0.4970935562832361,0.8564129041807916,-0.18018562285330036,0.6569109245528815,0.5172927399668668,1
0.22698782962024167,0.06864357746049288,0.19517222161903702,0.9816992420576701,0.7523908973200182,0.37711261739047786,0.9455782752360364,0.3987385906798758,0.6830170382400779,0.9842596272786551,1
0.14332928806167447,0.5924802206924028,0.9323334346106165,0.4889481018288876,0.8107346668513712,0.6321321738148915,0.3117745618150502,0.4047523441299286,0.4443972233787151,0.5440235322166447,1
0.3637478823392498,0.475311374976372,0.4465388318104124,0.21068806285887381,0.5153653452118161,0.724654163760052,0.8572368574311847,0.23759077907775833,0.43500712086929716,0.41268504152548,2
0.9666880680006112,0.4506775696435169,-0.04465176378380634,0.9263942807369292,0.09242211244244795,0.1324262400947111,0.02853645037097561,0.8870049736411304,0.7265949896791194,0.0632217721849297,3
-0.25110227685169584,0.8408455953373681,0.4600481045005489,1.3498550185079337,0.9369792710111835,0.028823473503698904,0.3611058257518166,0.3710637170184698,-0.18026856627625387,0.944730576310671,1
0.993911125963438,0.5505137073681434,-0.028994050014705168,1.0507893999718747,0.0181024461716424,0.05996259855829915,0.04958430023792919,0.8746054541982384,0.7704993129060931,0.09064188322123265,3
0.08614800199707434,0.42187870190297444,0.5297773178340365,0.8692175198429372,0.786854860057149,0.9089556381368404,-0.23428232170985042,1.3525515486941515,1.354956764255838,0.5977331616040655,3
0.38533942865115367,0.9972078266389125,0.9526447796771276,0.7285696409030953,0.9847700244195909,0.6745934756868998,0.07717011244305914,0.9667980308724301,0.7512739140132079,0.9089905151453161,3
0.6822666403000957,0.9163644683913179,0.6982892480135873,0.18167912903999706,0.8902800099003711,0.8666607369218627,0.013340268187595358,0.4367849019918446,0.6686365805752712,0.5691997783187196,2
0.33743755848848145,0.02637606969418657,0.723972370188134,0.24135997643262402,0.5661582562480086,0.3444034633516751,0.5423678354401087,0.7294878131463602,0.1093475802019026,0.3522119311284035,2
1.2370436841038541,0.6965040436988361,0.7037458272944809,0.15704317455432795,0.6546714237062736,0.3172337150928007,0.7264013244319236,0.9887816916293704,0.6616050810618175,0.8193697269969809,3
-0.04211457697484018,0.8729691968306725,-0.11127539334377778,0.12104121874852727,0.7346736685987568,0.9562301890481109,0.7670682327571368,0.2427936321229554,0.26145802553509845,0.8753964207844372,0
0.8611597092097744,-0.18316406081082398,0.6248240923461662,0.038410428913278394,-0.21234653143115856,0.4534735193059666,-0.019188879971346134,0.44383570543294104,0.1586246377557206,0.39985594902868066,3
0.9208580823792789,0.4966585911272759,-0.04156140816364105,1.019846784860664,0.09953407579299192,0.1907788187849903,0.10611505889792147,0.8965635095938514,0.7426222868471325,-0.05982423678801316,3
0.5078191275115171,0.12829363124669957,0.39074848983585597,0.06695542864087996,0.45566286788860405,0.8283727497198174,0.9800918652002747,0.2441809395359826,0.3460138535686824,-0.01730493655526691,3
1.2073353274089518,-0.017970642495561684,-0.2628899547873579,1.2853970300060524,1.0223321779372836,0.293818002163871,0.9104265023086434,0.6188912072544828,0.1747586736710544,-0.21123387916704767,2
0.23489918612566385,0.9603499593331877,0.694627072781445,0.42668901891666483,0.7775807370515165,0.6598800505876296,0.5648422118964034,0.5758900349644761,0.11467804747628854,0.34441840227132264,3
-0.021799823352454756,0.20632339525646215,-0.06442371428605645,0.15562368846560676,0.4699163608879988,-0.0045505731231094415,0.2446455656032987,0.3546336917244514,0.7630135949999488,0.12165041825737191,2
-0.18735949877579067,1.158178978268342,0.9119105399438556,1.0816399721446763,0.1318662073780707,0.591896684486124,0.879224282120477,0.4661904749721207,0.9537620176937043,0.36733778782801035,0
0.2671417948869038,0.0729101779735054,0.6697040620669631,0.40380167478007806,0.9636246260576423,0.013979467404538924,0.8960466140649758,0.4963311037763477,0.4170790533437592,0.9642410067819948,1
0.4116089133432172,0.2820760833508864,0.3781921934257632,0.2389888524745969,0.32582092722572686,0.9475295960811344,0.9965222990972117,0.3982165072294934,0.325504580707042,0.17613351105179073,3
-0.0011483905560699947,0.6678836180256265,0.94288878516289,-0.11247072954968051,-0.02805350633997511,0.22396253360562468,1.2025199041771946,0.10527186492651794,0.6735896041415359,0.5638637680443837,3
0.056265652578147474,0.37962473150237963,0.7840096903074966,0.6229999306171604,-0.06375907275647147,0.14546930354875762,0.6662780317141356,0.2647539808278413,0.1049752670043172,1.0249388998787072,1
0.09669019060596191,0.6470914445796909,0.9562654632240648,0.6155894594345932,0.7288948755641308,0.6221611975415396,0.4301572823299884,0.45017749578754784,0.35347056164676777,0.48015562503244846,1
0.2548764036844755,0.9376935228081019,0.6733403756173405,0.4594720676681134,0.7783305506072936,0.6391301055306622,0.5957196264352986,0.4951264222557821,0.1738441337949169,0.3400513394312473,3
1.052759209836887,0.8395473730599889,0.14063188235689628,1.2356771986535013,0.32731145037629567,0.7030650989511575,0.791128066571554,0.9232034062063399,0.0312989403657561,0.2555246873626352,2
0.10544373933710385,0.9757646221361413,0.645744012099862,0.3000528584078504,0.9608364674056373,0.38381000308606494,0.6433821582492867,0.5671923214679412,0.698236867429979,0.6703553151756032,1
0.37109320546302377,0.9926758062285599,0.5937379694657332,0.691803574914704,0.5274339459843238,0.4129372032301201,0.806022951030941,0.17051350467394077,0.3030075116979734,0.6296954605265546,1
0.29020285038010213,0.3074882721807279,0.2260870250420659,0.42962286370385183,0.41779485667641564,0.011860235839222383,-0.04176693611308256,0.7759459143486943,0.15448294887584055,0.6422024699406845,2
1.0016887809152455,0.24077948929482718,0.6335748647784745,0.7201951766789806,0.43277721917620415,0.08628899603973184,0.10515640489946433,0.20589360344769858,0.7405338101085995,0.3331204381164004,3
0.3184333153538166,0.4223042441187168,0.45707739219408716,0.2660060484487935,0.5799884540500733,0.7056879315805203,0.8153129490497006,0.23831364014972267,0.4103221492689792,0.4859934705629814,2
0.9349320806307618,0.41448818775852697,0.687412709876269,0.4462620832651765,0.7429858713859293,0.19537511303172206,0.7063755944522416,0.34894213812362634,0.038707496661403634,-0.03763526083070409,2
0.403557096003883,0.38763459455533045,0.4225246224245778,0.036221844073767856,0.5938519049210166,1.0967283479990073,0.6963346565859728,0.00871564030818918,0.5692200587185232,0.5762856685423274,3
0.4987775165983927,0.7243538222848033,0.7010185132103394,0.2441463640408027,0.7011030386686419,0.976609348443102,0.21889246517228397,0.1571958155240416,0.6021999772985582,0.3817559323047094,2
0.42265829775349933,0.6947548889102942,0.10961286858678872,0.31248457146891423,0.2808453691134746,0.7060813644660588,0.9488278380594667,0.9646404457041722,0.6219330540757496,0.019837780108260566,3
0.4699766157322686,0.8976782825278102,0.4994329885421246,0.9416875648683685,0.16392851806645597,0.47802157432127956,1.0110398950713142,-0.13196017205107735,0.2761384340434223,0.8520355861278348,1
0.9450425211318838,0.8040821241902278,0.39977744336053395,0.6014760414176241,0.13096597997438134,0.37919072699921513,0.20913666492575675,0.0366877857096025,0.11283803564540368,0.6660526783154188,1
0.29751871402630226,0.0634901733767876,0.3620783632457352,0.9666626702868073,1.068990650517533,0.5510533454721425,0.6589990987239154,-0.08243780478569773,0.17830349470955256,0.14873132172030773,3
0.4895265811158692,0.2448094275695536,0.3511305273213737,-0.2295487417287484,0.7120968027934443,0.898590964614053,0.6535389428454075,1.3682289999879818,-0.3221833729586121,1.0601718371338733,2
-0.14592248545011516,0.7673078539274535,0.4364993309175876,0.08266862956644572,0.7193979087558977,0.1118847965832287,0.6521799206325393,0.3464596040102356,0.3718346314198188,0.9493497569422705,1
-0.10958421127067525,0.760674259386675,0.8773720882076986,0.5201552159541827,0.8547079030520538,0.7031652077189251,0.3665322499288874,0.27031160605147236,0.2084408039518581,0.6085820951957086,1
0.05798849510642781,0.7750424917247757,0.8436542498476949,0.21899148376515,0.9887368732059169,0.5301524720709834,0.6865858075977241,0.46498808535422187,0.7159990340530361,0.5086487480307769,2
0.42547387033717604,0.5571847659820224,0.3992949401883715,0.14892936163074888,0.04511323844574511,0.6544318566044286,0.030039547438861485,0.6335251935786327,0.9228477233808224,0.1679064573589301,3
0.5913344816421778,0.6681460945569623,0.12191980000710956,0.7561515720596234,0.20839169613522707,0.9039607794258933,0.10422862445421473,0.3227862889435763,0.0585741288667437,0.29713130300417734,0
0.2316944473898416,0.4852551118304357,0.997709925726674,0.2088768475969336,0.2016592427577213,0.04961324839772271,0.9647373727830159,0.22527395175325426,0.9812297454691142,0.23471397649381423,3
0.9171221382525108,0.672284771845722,1.3810638138862732,0.13647882007622442,-0.0030758301310183367,-0.05815388242313277,-0.07411771857800709,0.6488765734581736,1.3742516420563446,0.8865259655872096,1
0.5405476904875138,0.8183869522535145,0.7494107055809447,0.8167002913775547,0.7719136003124243,0.40768322832593135,0.2060546359781691,0.9304641654154375,0.9726180054835752,0.7925093507769104,3
0.2716060771128848,0.29475944697017503,0.22092289157328857,-0.03272233485709774,0.7393883905289084,0.8884377071376025,0.6948413180056227,0.018618883379855615,0.6949863777571064,0.32965962225296325,3
0.09764982258884776,0.13686598880453799,0.09180400199532665,0.18697808210853056,0.33037247442120565,0.8549910575146414,0.20627448053179148,0.3863552760090709,0.6864780716438619,0.5354555631286497,1
0.6572427928970325,0.11463795163871646,0.45489699109565596,0.41330283181052885,0.42317049725890016,0.8259046155964151,0.8991755443930693,0.06030315744549347,0.7187691321971719,-0.06392868263837861,3
0.7704208257686279,0.0710221737792391,0.7182723939571902,0.1239523125626576,0.3199984825776795,0.7113876731603336,0.40882567120290075,1.0509280438525066,0.503663423324863,0.4099921255105577,2
1.318629180697547,0.3715770555543706,0.34393957426733074,0.1404775629521622,0.6485861361156582,0.22509062674141112,0.27271266156721874,1.15737785424,0.9237681742666102,0.2828246201815483,3
0.9952088388440228,1.3153684029709023,0.6324116407904298,0.4345644486688861,0.5417253443159166,0.019933513387463325,-0.16889805836343097,0.5427795899956358,0.0966238847768005,0.8112906608237802,1
0.46559012873727185,0.5268314608642767,0.1712522406745583,0.5888495916305352,0.5418266617858967,0.6479788253239807,0.9517069873883656,0.8406381749855345,0.48420639657628733,0.16791984784050465,3
0.03355562227924895,0.9711497943528234,0.6717618660543079,0.3183380852237737,0.9576585721992142,0.37287567513169945,0.5742029211088938,0.5703859780972148,0.6684957293474768,0.7066076652847074,1
0.5565281883370639,0.11735589598710794,0.5126347306069893,0.37076277222410947,0.38629808513562675,0.5337932987329757,0.3232624154988512,0.7293166672444356,0.2779782538183025,0.5765489822252597,2
0.08612911837876283,0.5671546867053451,0.7876999237824549,0.6420371643897823,0.7308635546052369,0.47481521125080284,0.3139231428757433,0.5098159648307452,0.3700694432528622,0.4967107851098551,1
-0.21246103619759116,0.5053750535628241,-0.032536626052504625,0.1728626599144199,-0.570145133757746,1.1684682959386987,1.4359975350703493,0.5825225909677174,0.17718672811150613,1.2540571584403803,2
0.5761205385291044,0.8889488459244723,1.0254410267415222,0.8846486748491822,1.1130970542826055,0.5521063022408212,0.4464953539903216,0.9013673986012046,0.8595811093122945,1.1035504672250955,3
0.9290396287374407,0.5320766225668576,-0.02367118141640824,0.9240141546865096,0.12318571087991792,0.07039402703047007,-0.04501749902834458,0.9558314783778941,0.8259724512127212,0.018753640661477847,3
0.6001853637859148,0.9456931182170897,0.2812473814069411,0.5213232886759236,1.003727937280418,0.48576225747049673,0.9140474110364417,0.07082565403328392,0.9146875541615459,0.7925989109340361,1
0.37199509274583537,0.5530166557554655,0.521861496042294,0.11066147244281964,0.4681125216670074,-0.018746771885483765,0.3749487304839219,1.2760684198969467,0.5236446667576828,0.6856075045294703,1
0.1605382127572063,0.12806131661614348,0.5067017163614244,0.9456396555015772,0.9380746008878424,0.4246994064560574,0.6013604655630264,0.09163648116766207,0.313865787349671,0.23187571673395066,3
0.3183331409675646,0.6867009798043191,0.6280015250871558,1.1845264161846967,1.1291338629520928,-0.027821529643141996,0.7396205893773524,0.7119865401428361,0.3562535466719908,0.9216900612281258,1
0.6522296138889994,0.8419367198704046,0.579997232999388,0.19938261599671642,1.0167437553226815,1.0055204980726646,0.1770371737794406,0.3902200802487784,0.7499753260082261,0.3448971639198259,2
0.45644590942378643,0.9667395346786394,0.5174926039511788,0.8778047872171288,-0.013017256850944282,0.3013381905364316,0.6688509452334772,0.29359132376112435,0.20352907773837947,0.1279003766064638,1
0.3827028680671963,0.8259039964270919,0.48743529574772215,0.8005032266029077,0.001374561942474881,0.2731208336463167,0.5952844209610909,0.2686441784566451,0.18267200560513047,0.1876077702929333,1
0.10195190302660628,0.6011743583310699,0.8804792220706088,-0.3847584186850379,-0.143798491025499,0.6133238895661206,0.24469664023376383,0.5233681579382942,1.198472876891722,-0.03818459066318464,0
0.6728065554475561,0.364724925756588,0.5357672262464324,0.7013063333706774,0.5764944409580328,0.8757993113209109,0.6274342559267356,0.3015495833064031,0.1073504869338845,0.416041451039882,2
0.8944413466719697,0.7473651517170127,0.5318623915588933,0.4847451036653374,0.2643111977510597,0.26695602585218836,0.2407463330657047,0.13963630433270421,0.3940708179860446,0.8742279274617117,1
0.8180244476515991,0.43461156432941034,0.6929720254712881,0.4310439199229864,0.7115669958163502,-0.021143194574913468,0.6787384897739318,0.4562997587803786,0.10550384514137141,0.12164410767956263,2
0.07086445545315387,0.13638052967366185,0.37653213052470824,-0.16638905115834227,0.7368960602732375,0.9118169426199463,0.525179024724905,0.055958312705553785,0.8721876169116152,0.4081859262806829,3
0.662623372961618,0.6706299767538687,0.8045346105107265,0.6737435859009625,-0.04687959001069816,0.07264304531368576,0.31551856611375406,0.7642042597440343,0.614554502606141,0.20633301442945953,3
0.9717576961771366,0.9479438776286838,0.7677468639589207,0.19774367981268762,0.15560641871139524,0.6176196405487109,0.6869842399624145,0.6026157213509105,0.7222599179531164,1.0701939282592612,3
0.3866797926823823,0.5602073775701384,0.3163019156253075,0.5360505891716337,0.47599320864794487,0.9277568980270378,0.05161419363956671,0.3741064681067064,0.35991308205303046,0.09107276350853885,0
0.9824287893509109,0.5832013157564422,0.24564353396016217,0.4872805100996735,0.34590164113151634,1.1115149146292347,-0.15779552924536683,0.2709774407949368,-0.1482169212931053,0.3071202431057298,0
0.7860595791415782,-0.02381588074293514,0.5914807658350414,0.1557451640154189,0.04738322278662471,0.3019511677927961,0.2556222392796355,0.8234569712433957,0.4738665439494255,0.8587640377316196,2
0.32380792451332757,0.5888486695456877,0.32534631236492295,0.6015760563060295,0.8318726095149738,1.0366734530394102,0.9137777847872389,0.2971332081028131,0.5664839542724989,0.6405018327517917,3
0.7324330210810976,0.7207603574516652,0.4015923178721788,0.3871708805886782,0.34461046363912673,0.4415907004364649,0.08158765932865583,0.23415180766141905,0.2091714849852363,1.0032447310265797,1
0.27951645879050513,0.9593852564991381,0.6817713360778076,0.5030963102402836,0.7913446134714173,0.6540185804847364,0.6348114616733802,0.4954028785105838,0.18305953659753504,0.3286644277244183,3
0.40895699405486935,0.8506616775684221,0.4957974436893244,0.8148933033108159,0.00373503868694199,0.25378828567350825,0.6199198586096961,0.2302811191111914,0.1687284065797527,0.23206984275540515,1
0.22723461168005926,1.012179564039817,0.6316081786530336,0.42737373664332917,0.7532866588070607,0.639004885252368,0.6841683257024217,0.4912481515489244,0.1411567418799315,0.40772739839634203,3
0.30818827906594115,0.9039476827758897,0.658881683018516,0.42911990101273567,0.7698299533219309,0.6714116999505126,0.6815691923936444,0.5446884180206814,0.11905336830952983,0.3921389581228215,3
0.45628453731599794,0.8069145868608821,0.1843938145062617,0.4325880035991035,0.008586068997982976,0.9567679729397945,0.5045300946789151,0.453639717958642,0.22277855408736413,0.9803414137604483,1
0.9644043438628497,0.5041039150323939,-0.011851841232756774,0.9971684469965041,0.07585773619961934,0.1189068168180399,-0.01201715888117141,0.8779517760970248,0.78344457742847,0.05483279944788322,3
0.59460062942605,0.31665921224154825,0.0782614892559048,0.6241574499696585,0.48096410096739317,0.21592684605579388,0.015816063510107517,0.9773247498795702,-0.02927488821719612,0.4633540133609505,2
0.9180951953407833,0.6701999605654435,0.5898580570279401,0.5452345398104441,0.27154618894225147,0.17439666182119148,0.04574117267258507,0.22847143592732244,0.5210037080251732,0.7258086919362499,1
0.7872047119243107,0.47834475488027406,0.7334975111533566,0.5144266409865801,0.6272592637754949,0.07835234132439277,0.6685656801407492,0.4312003267686437,0.07886053789095647,0.06441144926663797,2
0.6053374102366319,1.008381169385455,0.37230955815012595,0.5047365191897635,0.9662315700547992,0.577463783327936,0.8900602686445441,0.07186503283635157,0.8767777312613126,0.7661724973486648,1
1.1608109779135816,0.9411995753396991,0.08237703434549692,0.06805261192245388,0.32606748800988067,-0.2193856477218949,0.8975556259754593,-0.012158555709531449,0.4079548439622007,0.09164353542150463,2
-0.20579037515162196,0.9468459833150067,0.862429692884646,0.7407383495817934,1.2691609130010353,-0.2684621611824844,0.9000860992681089,0.5026388661067662,0.9318716563451621,1.0043221010576868,1
-0.021210096700920222,0.4054748338974491,0.2596108751176507,-0.4160386403796319,1.0276311357185213,1.2068525813877933,0.26785626185590067,-0.17499170216928955,1.0340492159115842,0.6746858305893908,3
0.15688983023283948,-0.021529260008548157,0.05677458374220856,1.6176671262876576,-0.4200753455659978,1.0369450090851866,0.46039671736307697,-0.13119514269756885,0.05701159798853117,0.5895157212014095,1
0.9386585261003483,0.7675719937261161,0.26313235161323467,0.8902545358656472,0.6166466636967618,0.6464337778749187,0.3377755965445285,1.074666485682741,-0.028100739773610904,0.11171593468521754,2
0.27432743160268414,0.9642909840769593,0.6794920781085322,0.5019677110114709,0.8075196699290497,0.6324446514309443,0.5882668533222374,0.5060274769916078,0.14823482442753178,0.37829119651203447,3
0.7584892075524383,0.8567959327583605,0.6043898300843149,0.7173020624561619,-0.030971914708824766,0.22781654462239642,0.9248266022414712,1.0546743661453013,0.7681044628839349,0.937591960426342,2
0.09761845192633703,0.3789953050556782,0.04665412466323836,0.021360780169208664,0.48474919954604895,0.07052142637580937,0.10346960295073482,0.3910563873621814,0.8813624141990465,0.21327625869823993,2
1.1242548334677056,0.8845607335756562,0.912150560126278,0.46706517869240377,-0.22843493668352488,0.5980999396573689,0.5634314986660761,0.5787994454867803,0.707951791032948,0.591429535528868,3
0.7155783937975553,0.5303108438145671,0.5365324383094519,0.4752782894882139,0.03427862053801206,0.2335925138878831,0.2390004890287842,0.2719499937092392,0.1671880405047962,0.8685876115875615,1
0.4867018831902537,0.5703197538354842,0.257609872974174,0.7312648837382252,0.33310454364622333,1.0300832676555172,-0.1981226059567482,0.01969920828742916,0.1619900100873772,0.22044426930036848,0
-0.026731915838633658,0.2853456935022332,0.5415126205001868,-0.0763309654701429,1.0094619839343497,1.0747543572061016,0.3708691459260108,-0.07146758076895683,0.7149155232572638,0.5033500789523699,3
0.5014402713987616,0.9668623520292429,0.4154246147129376,0.7293823337814458,-0.021573302481665793,0.2313140181347491,0.6871379028455915,0.16944458665204704,0.0829974953623018,0.1391835016650771,1
0.3807243345698055,0.886771585466497,0.48649503352800116,0.7633854428419086,0.03287246121005775,0.28956998133805,0.544242032484729,0.302914304370079,0.09994448500034972,0.18590958948209313,1
0.4556035762832728,0.5921538519264277,-0.16189010563321937,-0.13447976083961774,0.3151146427001391,1.2802815607836928,0.7383474309430643,-0.45004227039646416,0.23076884183383717,0.03297791733300537,3
0.1137269406445523,0.36169590406454466,0.16416503390966294,0.17223314393660497,0.3930307451538368,0.03224824025918673,0.10163784694399251,0.23440228813817024,0.8778156624601645,0.3412404094897792,2
0.9394983924995078,0.736520203345787,0.5191868548952189,0.42963145849688716,0.22849512774975403,0.24302928959161485,0.27382327471111917,0.16330431272243606,0.4070646849924545,0.8780277993685424,1
0.45235331387429123,1.4983886159491862,1.564948165125871,1.3682548586108503,0.9393232432695412,-0.496563778795575,0.37013397302825757,0.2897950918708156,1.1420280851291882,0.42463269691927813,0
0.39546806924117844,0.5068235487759751,0.8714137895444644,0.20675551818191254,0.3503952048255052,0.0585040710467041,0.9722739777541439,0.019339635541784722,0.8528527466599176,0.07345155475945978,3
0.25984265780753385,0.29860761396721025,0.3949211373003266,0.18534768883202316,0.31502876273706487,1.037246315545183,0.7293749333375945,0.26385849073351114,0.38217427840799884,0.21264574742598424,3
0.9451554529563374,0.08640572357721715,0.5342053160721336,0.46713135949614376,1.1412372399263826,0.8962025105277713,0.14967563022835478,0.9637337345504463,-0.40281401885116047,0.3360999970150994,3
0.07055429550664605,0.9034576909570895,0.8362049139599032,0.7954946336954455,0.13925589257793353,0.2485527763697653,0.9672342490427743,0.5560463163932751,0.7225180415337268,0.04148497490094348,0
0.8224337555987071,0.5219837014017602,0.561435885102343,0.5829896326536865,0.08715849577147101,0.3269413310526787,0.20515254278893927,0.549094555195951,0.36668897486588287,0.3778628301179885,3
0.5006270253824793,0.9801629224278494,0.6477061586733323,0.8165337174812327,0.7816025845287381,0.5004634543361823,0.1119278870705758,1.0636223147236448,0.8165506214603278,0.7504949936667474,3
0.7426757413390824,0.6603142799021422,0.43116752006709325,0.15702807688861425,0.0008360293881537716,0.3923548982614059,0.1748502515089795,0.8113378106145614,0.4176484557323733,0.526163026146961,0
0.3244373949120692,0.39232754553549964,0.42634392834774926,0.31750950564417413,0.5800847482963427,0.6888954096426578,0.8716992746612918,0.18679697697347,0.3983712342316741,0.5238007731491049,2
0.13718147249559176,0.09061491807819307,0.4031210492747388,0.7242705775417057,0.0939633879032958,0.4026670050497309,0.5281767080937925,0.8452243087893375,0.4040475376818354,0.43306078227988076,0
0.8911800393766197,0.5306193494085716,0.8868534345813001,0.14230650158378455,0.5132996612271554,0.3357323303240103,0.33818633286838734,0.9538082202561388,0.5968786790851536,0.8473891638935797,3
0.6757546525646717,0.5314588186537756,0.835493812221475,1.1932252562243393,0.6413964889699365,0.1829443164367896,-0.02856326816419344,0.9807393656649123,1.0310515448840962,1.0561176447904734,3
0.13427507688392823,0.09194921735715038,0.5319565931054521,1.0184578093316206,0.8434679703304405,0.44771906048587806,0.48731268563723484,0.12484652978237076,0.1748331668608878,0.3744919779754573,3
0.8401216220166361,-0.06664953151632519,-0.28872357408136357,0.49270063794854435,0.8730067925867018,0.04345729310883022,0.8216270648590069,0.7038741106013289,0.809542000277919,0.49564694043253194,1
0.42912865440699405,0.4130075609404235,0.3535803995642201,0.9392858611725474,0.9398840113426467,-0.008749770805767457,0.9114811142936354,0.9364407013126156,0.5700072914358607,0.9106268521624521,1
0.10669546406421318,0.73163281815316,0.9560858301718804,0.5469363046275739,0.700512734244084,0.6934304205607762,0.45181892075577446,0.43814481267778255,0.2812440875371848,0.5466704455983805,1
0.5425823963776968,0.7445559509700241,0.2638900816114106,0.7082127534145026,-0.06688801729888201,0.4598794350371671,0.3748660111385199,0.0882545307215436,0.04177834020143849,0.453066638907867,1
0.5436943940150764,0.16451102054384842,0.6120932081717575,-0.04299648297208994,-0.10889414110188883,1.025385585190453,0.07800595253482792,0.3554697832663025,0.7289520085621953,0.19951234288811354,3
0.9833565804717785,0.7318573923710197,0.4270897871421841,0.3757817592170149,0.2320819210757276,0.37381378322860087,0.2639244536990757,0.04806005783702422,0.4170422020064075,0.8490277911910306,1
0.05201986175674263,0.7810119294470913,0.8470889936044341,0.214664652410419,0.9917932219981989,0.5344898361409894,0.6888809899097242,0.46328447823838576,0.715514907074531,0.5021845928711121,2
0.5406951574679268,0.9804998967651344,0.3102078111720562,0.8509107471919346,0.07304774425500933,0.2022700413283862,0.6622924933056327,0.13727966320035245,0.13242649887346825,0.173930993588765,1
0.17045052970723457,1.101834833028635,0.6250095377024938,0.4716710186034626,0.9939886398120844,0.17036720944982675,0.7152863981376595,0.3157433502349501,0.5304845162143348,1.037789713845929,1
0.6067776075093392,0.7519907369533576,0.7066339582142104,0.022446639034790168,0.025302921374145262,-0.0964288001446669,0.5812291801380362,0.9958354836720483,0.7423453621916112,0.8395236721452857,1
0.14483886197224793,0.3468061563166398,0.015970547582606166,0.06321474152221628,0.43146044197099254,0.10378485374413525,0.1446866094167582,0.372694018561127,0.9004094531811901,0.23583094548413608,2
0.14354582606107275,0.14124924753338575,0.10360835353005529,0.262449286053921,0.3420080829061496,0.9129373628715839,0.30605064375821456,0.3940518984193363,0.7025666898848004,0.5600971734796436,1
0.8003901292493327,0.5563757953498204,0.5819308786970533,0.584665512856294,0.05651384205187539,0.37190907853932675,0.18091021044817865,0.5430591183265013,0.3862225194334237,0.4026637841660695,3
0.25145952960324847,0.5437168012211057,0.058541595758655224,0.18628492197342583,0.8673306589442789,0.5812517696704165,0.5822255712205788,-0.1175431415031617,0.9005910475388408,0.4367573331380627,3
0.20963873820701212,1.0484941523036335,0.6880498139625708,0.39097542052472767,0.793605560145134,0.7352563171513632,0.7299375270973325,0.6909130986378518,0.0009440018882781176,0.36493320412155866,3
0.7760293646144544,0.7834869169505667,1.0575391951742084,0.7483657326757449,0.42724201629269726,-0.19762852418474758,0.4962473617705973,-0.47334691825730546,1.4568478581626498,0.7608903527437997,3
0.13187556990294105,0.3772953583793473,0.02021385349300845,0.07172060933714675,0.4648083003496308,0.07240087293304583,0.1467721719139502,0.3760439380399463,0.923190161951076,0.2562821799604188,2
1.0055023686301288,0.6277243127689631,0.2691686120489688,0.870836629831315,0.6214457691336205,0.6518752157488926,0.39397601564054674,0.9639040654671278,0.01627971657958507,-0.03479210642759854,2
0.3335291285696383,-0.029709392871688056,0.5911521844440629,0.09745415040459662,-0.04229211278696668,0.5170755425889964,0.16434861101948908,0.5688725842596736,1.1151631911223663,0.21756569931854425,3
-0.026417640380856172,0.5246908661646879,0.7754570694816234,0.6180551281601715,0.5912367263082875,0.704375895455094,0.35607706828818386,0.3439890260570757,0.19996365129813753,0.5024953832253714,1
0.06089608862439371,0.7735879829172345,0.8454874400384458,0.21873653515754174,0.9832487686939472,0.5296234059344683,0.6893810204983434,0.4593058487884791,0.7137683392409642,0.5043222414909071,2
0.9555106595387463,0.2391622745513009,-0.25544916001219325,0.9322197041034823,1.0176845538333033,-0.06568063355327455,0.372457361725599,1.0019567753326029,0.9625337916721464,0.869173108627885,1
0.19736126206166787,0.7844024032493196,0.9446058133283204,0.7969924462642388,0.3359988150914669,0.112101400046275,0.7510540610185906,0.14488689952142605,0.5655214790855508,0.7958134729236315,1
0.8770924889837339,0.583392441145338,0.25347807734534855,0.8962720797699415,0.5107162238963302,0.630156201197708,0.5034203567025815,1.0746951985983642,-0.08786162192228157,0.11683286076222588,2
-0.12792631793453174,0.037076930928799684,0.7908706253634362,1.156777110077081,0.8509749917344039,0.08272663062441454,0.49222474116606085,0.24914252253976563,0.4392628796892157,-0.12732582453779961,3
0.44486088577883154,0.20467666571500615,0.5154770324864385,0.254288281068141,0.5284790933489429,0.5514935555149447,0.4433224407738002,0.8618477123613143,0.23242858776302555,0.5972105652360983,2
0.4120058219725822,0.5318444344286585,0.1792128443351767,0.5684332843192473,0.4608565831457188,0.6866311086916701,0.9863056915033628,0.8593575547676914,0.47941426471257115,0.19305866780239425,3
0.06083661899476308,0.7803557040266543,0.8427958948498412,0.22580886935885092,0.988034396179812,0.5359001060753743,0.6864167813901211,0.467115538269562,0.7108022061245293,0.513949613401841,2
0.3038988481011688,0.927721166578623,0.6509262222393394,0.40901171840603356,0.718434704621914,0.616396225353757,0.6688720541369718,0.5729731866926431,0.2155429024285675,0.34048889390675147,3
0.19993783230880324,0.5945106433583287,-0.047514104614024166,0.8165552076662066,0.8128803108729143,0.09295383677906852,-0.4195758675532917,0.15925580126271033,0.14449042439233445,0.9942808580206391,2
0.36829987437618833,0.5919148357420171,0.12450654734853667,0.5160112963870124,0.6273035537171813,0.5990567442360276,0.9060646243752041,1.0020245037534057,0.3387531593108234,0.2895253029411832,3
0.9190018037399229,0.0015677077453814248,0.06104372624029957,0.6947176080104216,0.9838053687398712,0.23640998788305864,0.6629757484359149,0.7102219529963898,0.5874419751061981,0.6382061341645707,1
0.09958237215862643,0.5966894435757373,1.001762931348429,0.5152979138575146,0.6188283830623587,0.649036697618177,0.5123640152528811,0.3989361752780732,0.4455098385254021,0.5652782692202702,1
0.9134561357509062,0.7689058076985357,0.5559079941795605,0.45981576622896186,0.30808663694183125,0.294912703043822,0.21585913891750516,0.15571398568584127,0.3930580569138489,0.8474108410521858,1
0.0999093979373193,0.6163692728824908,1.0686789530244938,0.5486057437190833,0.6301539792600269,0.5395398562527115,0.5822936828687512,0.5881449493070157,0.4422832863110795,0.3374607027977723,1
0.5095726780939128,0.09166901560751378,0.28943264674184677,0.2540223830216091,0.1949256241774262,1.172865592430193,1.2628116271302905,0.35946800937157225,0.41174998241602967,-0.30217847590409697,3
0.4535714467985972,0.770447127334912,0.4380565036894174,0.7438936188851576,-0.08792849162017916,0.2784645350533729,0.5523271235112277,0.304127562153452,0.07297977781567008,0.157150526126921,1
0.19367929415495788,0.47413454342247763,0.45766583712972086,0.4618902960069905,0.6617951777474202,0.82363620583407,0.08543191818824757,0.3213127519400085,0.3555248978172398,0.027238250887901133,0
0.27300979232253936,0.9485103558878272,0.6671947995912816,0.4726799858274028,0.788951518406098,0.6360839628023116,0.6172125812320353,0.5104927741196508,0.17336074788834,0.35436287040098596,3
0.789394424950859,0.7068540565091632,0.41911273716506026,1.0345971868773483,0.380210985640554,0.6825731343851281,0.21674239872178042,1.031881101409315,0.07121857329994324,0.22421342546839443,2
0.4178515697011199,0.3529731183259244,0.4699074131625881,-0.18033313197124487,0.5087685731152789,0.9707239638743725,0.47348619343326426,0.07277690867298103,0.6426274915063034,0.30110765903021747,3
0.04757643525569527,0.7811340342714169,0.8510690389668222,0.21148970677144552,0.9945011584029324,0.5379273600696073,0.6805287347710854,0.4532365337256989,0.7191592617720355,0.5077833532975704,2
0.5572874315488805,0.7028440006396381,0.7128698317766287,0.9821042529564358,0.8542148743049044,0.4470403279138319,0.24068578911714528,0.9164322219608182,0.927162933126099,0.7714726736421342,3
0.055380392369938046,0.774172654155537,0.8471071960517352,0.21928020649639296,0.9879596399264731,0.5318756388296141,0.685480613081536,0.4615740278158537,0.7163037146920709,0.5073615841477743,2
0.7416865783065182,0.9006201168388503,0.6374431508315827,0.5130796102369438,0.14568032577693735,0.2678824216529154,0.1479024604804457,0.2327911074912031,0.5350945108894043,0.8217988250347945,1
0.6845000251181865,0.5431616726764271,0.8589629284496731,0.5479836992387813,0.23405590127459736,0.4142917004637718,0.21839787744619585,0.6595081774449147,0.07079751881264318,0.24144966535485882,3
0.6625008971866188,0.971650013399348,0.9884423031984865,0.9968399228801519,0.5986900900676198,0.5170080964399905,-0.05524491030800471,1.152225377003959,0.8044332795927007,0.8402345064451997,3
0.13388825262177595,0.19382651249425117,0.10089233682541159,0.3728490717499153,0.19019963720361666,1.1288828748018078,0.16992697941886456,0.27357655769447164,0.67213638022914,0.5140585352931291,1
0.7845274976878864,0.5420199342697181,0.5742709969417369,0.5671162401000728,0.07138675087822158,0.35232078822043794,0.17419078833598764,0.5282546133810131,0.3692189798772638,0.40572582181388356,3
0.9033695574181189,0.687493069583602,0.22465953712793832,0.9989648407371592,0.596226872484178,0.685683398291104,0.44097836082640707,0.9563478208634282,-0.015585349420064083,0.09933511895598987,2
0.8840517224006695,0.4713817567091236,0.06530039337797512,0.9558739472604438,0.024257443154462172,0.1321388870755408,0.06916966041667959,0.9170925175134186,0.7546855927512784,-0.00012759802124900216,3
0.11130315483418803,0.12115276817099328,0.6825191566388933,0.2662662633040661,0.20208520474868752,0.4845162268414489,0.7682090373516638,0.6233953768092018,0.07070454575878779,0.3718530842039716,3
0.05566776597383031,0.7705266879848718,0.8426600504227084,0.21501150090542195,0.9894787491556031,0.5340479304573927,0.6892330511054614,0.4643395157132214,0.715413189028615,0.5073295475266468,2
0.0583259691875502,0.958784147716849,0.6901902995871249,0.30716975503861393,0.9451048226546066,0.38510083577276094,0.5961928260149353,0.586457148627907,0.6827119970072316,0.7228002778049483,1
0.4991644855005109,0.6950943691589563,0.863688593361081,-0.12594310926116697,0.840604884313074,1.0975430555477832,0.6329781676800365,0.051456053026270133,-0.14975790706928405,0.6083262044883881,3
0.5886812693712815,0.2295498297819164,0.8037223147556077,0.7138597628816338,0.7009329902343335,0.9903565218825274,0.7842179658491202,0.16070801764420542,0.2759460697015027,0.5745323147540486,2
0.32317427487488853,0.4272475737448185,0.4459793737705349,0.2579279045624099,0.5747438940188827,0.6925485836500388,0.8170952700638255,0.2293610024070208,0.4306352126719658,0.4943347544328007,2
0.9705527824736309,0.5021210535552445,0.7804281481238139,0.5390176250066341,1.3445379418799281,0.7116128658123173,0.3470698247157785,0.6529431445770724,-0.06830201913105327,0.990927872853401,3
0.33850252622786414,-0.04148239561894293,0.32140174690705425,0.2502059807048178,0.4836470874543234,0.5943258356806244,0.5149054967050554,0.5880009085985383,0.4423556417369614,0.5299922416667397,2
1.0399738174724438,0.4603694556577153,0.016168431155154858,0.8578528789437563,0.19646407939085628,0.20099498202964464,0.03299591300381243,0.7899909763560813,0.7135174166573462,0.12076070009311783,3
0.5570037883633217,0.03815190522611667,0.38125369114890667,-0.039886495345485086,0.6079687364982763,0.8499401042151518,0.79815409645983,-0.22953534823354588,0.8870486817975509,0.4557960258541915,3
0.42084144316784505,0.5619626206144726,0.3999249295099559,0.14450042512033276,0.046126570769733075,0.6474135018253027,0.02863267934453389,0.6318861789088631,0.9275586828616159,0.15824230925388402,3
0.35809905851575774,0.8064209328773044,0.4983362775321447,0.7393696745089423,-0.023541211585345525,0.2075070184786102,0.6337353329733522,0.24322827856187001,0.16645137317983322,0.19242065342653286,1
0.5716663582001766,-0.11271558963641809,-0.1151937645387121,-0.1049902471705359,0.32848320249921154,0.5375262655117692,0.7069472495352277,-0.3187794471378817,0.2985411437830184,0.8298438934129534,3
0.41457172736590703,0.4146231176381195,0.09453025706526848,0.5315463589692437,0.36080261080295156,0.11864931470035091,0.02187305351684051,0.8294484383206537,0.03035543955071704,0.591616058980004,2
0.32940049073263417,0.8714290931575259,0.7438952499590656,0.41027794664775985,0.8738994376723271,0.6710362153340067,0.7105587943704701,0.5501063375362735,0.1806776388085617,0.39270314668328415,3
0.7823198554340167,0.5378456938343695,0.562300441630187,0.5631377463180182,0.08185181306921362,0.3531869869590716,0.1727470264128158,0.5335181796353561,0.37929351559942565,0.41052389032465175,3
0.7816836326146349,0.5938714344503697,0.15844837263298764,0.15880586515738765,-0.00332249780804373,0.5351969237542232,0.3564319702685428,0.718218614062586,0.449574158239717,0.3068058474339829,0
0.8966725264754111,0.7105388895730205,0.5243686986775246,0.47748422916020644,0.27867612253329044,0.2488865953017572,0.2537159121951917,0.1138418286847056,0.37005438360849807,0.8600255096338624,1
1.12166174803651,0.07807822283816075,0.19848558125318863,0.5466399050746896,1.117898117051146,0.10083490708056508,0.4294426899512352,0.8794107379435617,0.8067527496990387,0.56349321271544,1
0.87437654225145,0.6860106848918736,0.5821543599214918,0.5496741560019334,0.31879191855188954,0.259952736006708,0.18879050574768788,0.1177618947468262,0.3245098446459399,0.9392118839244732,1
0.19512438638950888,0.8839255075695372,0.10111602452779578,0.13001330911649892,0.8282556758432638,0.9298214659987905,0.5190328162285568,0.3137145575773375,0.4387449986944961,0.9744264020936171,0
0.38810981669822536,0.844535557413786,0.47667904853136933,0.797811683911753,0.013789999079888525,0.2611074086135361,0.595067360430816,0.27180647447794587,0.1641982485994499,0.22619992119025434,1
1.1025146869637168,0.2523141148380187,-0.14803948300577363,1.2132983354494786,-0.13465077982285864,-0.04633410489837375,0.12633631548907337,1.0383861014276485,0.7414065142358004,-0.036952857718731774,3
0.5773250825085595,1.1651107607705966,1.300058231146101,0.5516646339435338,0.35982947209722893,0.5646319768086459,0.7216583062022728,0.6261960441977079,0.41938817141062423,1.214219149480096,1
-0.4179639919794127,0.6360146264853711,1.0971380477858788,-0.4791891104717295,-0.481793900958129,0.3480546181695092,1.0209963341249886,-0.3015757425768195,1.3566528183077344,0.8488809577193268,3
0.6516039684350988,0.4426412108066018,-0.08680486753716604,-0.12890944171419827,-0.008560953131128222,0.4853518248175791,0.5013392989679287,0.418246280546707,0.1642530697786944,0.4874569774864964,0
0.28318852546593765,0.030662826529275544,0.23648435964672887,0.508647066534698,0.7209673033413355,1.0195162005579497,0.20807304733304144,0.9494657213025854,-0.2753227840094292,0.9166168468459599,3
0.210191115600814,0.39064091905666287,0.5365803749861668,0.27802013306455126,0.7409202151587239,0.8788718304556323,0.9161444042638005,0.06616506745207884,0.38550226828087847,0.675918250451479,3
0.36412000470854755,0.49403330272662405,0.48390270743221786,-0.08324930177773981,0.9850760594086075,0.7781033644610603,0.44665075111239616,0.6472127810716134,0.0540384934364412,0.6251008015046136,3
1.5457249038706267,0.9233720682171278,1.231029266683242,0.46087208328719453,1.2238117929051493,0.13502190412133175,-0.6331063162082636,1.1218546492679675,0.6107569685252519,1.6058376703903332,1
0.6134744451670434,0.9352025635525137,0.3488571757123348,0.5290858749300529,0.9753319316680168,0.4465188473421137,1.0086985472228223,0.11644344133343203,0.9427013860124075,0.8202576134767983,1
0.18498984448951644,0.9090202950249737,0.6425489483003268,0.5351531436926691,0.7753722061397021,0.566731876960413,0.6766709633133262,0.48528222675352917,0.23115293915322963,0.3541552995824233,3
0.5159610644972645,0.9205639540520927,0.7397805006029505,0.8750262854053028,0.407506112313529,0.12235114802212069,0.9479660795131689,0.14621140243789324,0.4373307037520028,0.8247439600498059,1
0.9798644211417635,0.3782256070721426,0.3454108838028972,0.4830076595361983,0.1111125172335437,0.44388861097759336,0.7755220558482026,1.0466579829095422,0.7859318405406129,0.8568926567213174,3
0.45089026880902916,0.1991345174565753,0.2921715600695644,0.12298802703232334,0.35937944021231927,0.8313182440275806,0.9370039796055737,0.2142298875084766,0.49688466789705094,0.0026673617714231546,3
0.37551853887094244,0.10495857162621253,0.5890268880960183,0.14324791916257537,0.14813728082027727,0.6902016165253203,0.29148566286154404,0.27287213189258747,0.8980505469714275,0.2496833187445816,3
0.5283954586735058,1.0228304146533018,0.3806843573082578,0.5593098976357712,1.0006509216060127,0.4681827055730296,0.9796185324790813,0.18908173648751406,0.8514419422856654,0.7726710764984032,1
0.4605960674688377,0.2164646096156353,0.28307015823370346,0.15451231723841055,0.3514839627207783,0.861774472295555,0.9393943348008964,0.2524733201490597,0.45452022926524377,0.034803613825457894,3
0.7175484439162345,0.7817128763561902,0.689298701376639,0.8791701513220359,1.0077241955969394,0.21353958710404505,0.32601240289727185,0.9960984353429381,1.076361325940563,0.942568239919477,3
1.0082474825292722,0.0612591600258895,0.1165585497273827,0.41666531179420147,0.942300149140172,0.2148115734326143,0.509345347253971,0.894960373971512,0.5664010365994449,0.8901743922636247,1
0.37867696552431157,0.5113974280230975,0.378156183688749,0.14729446432947027,0.06800216685820999,0.6485013970213298,-0.0013900267279510423,0.6028742617959276,0.9454019478218131,0.1549348444358873,3
0.2212983467495634,0.17120838833218904,0.3084990611851807,0.2302299538610144,0.4102091436410241,1.1245664122664731,0.8852618390723521,0.08861966091737769,0.6732614063546613,0.8231120211532088,3
0.36211991427439033,0.14654650211930215,0.6816808877618641,0.06141550469954475,0.2379192599633831,0.7620539555110067,0.3588349081420762,0.3115782530948222,0.8408646711156635,0.17479317652824194,3
0.8410442443750947,0.21524741308638717,0.4858560076293921,0.40392770835183317,0.39470435671440285,-0.12738127650029363,0.5982097135882654,0.4826133623320049,0.08547010673886053,-0.1586566594764765,2
0.38899017097577804,0.7782961635161167,0.021125193695744032,0.37178438768576894,0.022044405867964488,0.8290424646585752,0.432509089399526,0.5474735632426745,0.1122440150949175,0.9690646941247406,1
0.1636547026021921,0.9330323611768181,0.8605376567591634,1.0235336674900781,0.6500501191782917,0.1379675337748088,0.9268598972800461,0.09642814854865647,0.4312082214134073,0.6530657064819859,1
1.092794615740085,0.624721216632013,0.5801240588093968,0.6270128007937288,0.11534096985630597,0.5842272112646318,-0.11167955144492792,0.7124608490280697,0.35593136006249715,1.2629221706501208,3
0.9097559566750882,0.769491630076883,0.5754958509258362,0.46327267232008396,0.28776152595251436,0.29503526458867624,0.18501672487967485,0.1524200898459459,0.39111508950028245,0.8934638007422766,1
0.1420381928532005,0.0957869555907832,0.3803662597330673,0.7238117383449181,0.09134964623184252,0.38308788811025346,0.5339000955351665,0.8378973317154166,0.4165987891251616,0.4579636077931876,0
0.4955201006867682,0.46321405332469195,0.7418002660339638,0.7697172233941363,0.6977570282513204,0.7776667625367699,0.7769156565979972,0.22865646763734293,0.11950234055182492,0.8181361538926808,2
0.5699695600662091,0.7191062272803413,0.5821235139325822,0.8702351568742618,0.12545576940720157,0.23062456367641324,0.7057053582649766,0.20981065870362894,0.1714415900225964,0.05144243424749778,1
0.6550104846197646,0.2533713040485506,0.5816767907659887,1.3119201401088048,0.18372096535085247,0.7372019694303902,0.5363055394881143,1.3784966172499438,0.2719109422917376,0.44062436090001866,2
0.21295176243905545,0.8677160885652326,-0.2072664109196753,0.053849470079219,0.4784230215863331,0.6807013638609486,0.3812656736968125,0.22631073677959263,0.019883509017714657,0.9229213032503815,0
0.4032237345643286,0.49669160674757484,1.3091361564431632,0.30237360193916035,0.22832780169915456,0.24759771828023666,1.2416861060381779,0.45824407146691054,1.0523252822041942,0.260016614615829,3
0.4936621977264678,0.32294861067074626,0.17258173558079376,0.4440818120616564,0.2965442720051818,0.13412368959202825,-0.026066939857444613,0.8081701699445212,0.14217448300557256,0.5108907870926722,2
0.4656155521326385,0.24883788881344313,0.30572829033337257,0.13872235868532362,0.31137769005965593,0.8197338766666198,0.9185385947097348,0.2819660693375991,0.46221051437972627,0.049506685771348556,3
0.41562810689035756,0.20430944346461438,0.36394762342659115,0.24674543902267582,0.3266619081510008,0.9797830708132738,0.9500096390411439,0.343541723257229,0.39893997183213475,0.08639909126553333,3
0.9731793974659735,0.7835606261540711,0.451573910541871,0.4300790089878935,0.21868099273888736,0.28583908044304907,0.28311208010552424,0.106546948562174,0.3576745689445182,0.8319507964659869,1
0.10501749008038427,0.1001151504466225,-0.12378938145731708,0.02321324110677111,0.7741954373175965,0.06014165672686243,0.13743860449261483,0.08895353353536095,0.7412935434318233,0.35683358712311497,2
-0.1830505029889559,1.5273899074539432,0.24499040636368136,0.24185815667358404,0.8487407759506179,1.0175408453121946,0.5190494568590704,0.019340736458284574,0.4962615933919836,0.37043616200124097,0
1.3732391693511157,1.2043041568265322,0.4761033738881387,0.911700908794658,0.2866536322333521,0.9221521484101349,0.497237125039065,0.3169888287696274,-0.3740623916683818,-0.0851958941482569,2
0.12518586866608825,0.3621561500264861,0.02081892433700749,0.07770176043495466,0.4643269668405911,0.0711133946131635,0.14472407999114886,0.3758297419259216,0.933064810569294,0.26939429941543547,2
-0.09850302341591696,0.6447115034177862,1.1712902286291245,0.5836603848452997,0.8052799454320992,0.9903626727279382,0.5314848426217005,0.7091809061689652,0.08561588078685267,0.30640977901563604,1
0.19968509584716243,0.5543509821097234,0.8815347934636477,0.7870298951275524,0.5385720005308401,0.7148751760088614,0.4883757430826453,0.41048760821185026,0.5139369404226175,0.5777500796621964,1
0.6330199669851222,0.6947553637565369,0.8277700301165404,0.8624293020098902,0.7469718015454495,0.4011065176988111,0.031986491724502436,0.9705915758434016,1.0612641060059396,0.9065034619561233,3
1.0602085236150223,0.4866044290901513,0.2067709546565809,0.9455011923558001,-0.11697850603581175,-0.04590188516866073,-0.0821695754647511,0.7371397406449801,0.7573545969311695,-0.10111179967007927,3
0.9322761281087328,0.7387327068093964,0.5004686090859201,0.5174196655257008,0.3466404647026319,0.28503530448822223,0.21884729365804548,0.1270357355571026,0.33216049310416823,0.7999348324087703,1
0.47050787396813837,0.25379832533847213,0.28643768339393516,0.22847759107326948,0.3334632278391984,0.9434129378541533,0.9623563484154365,0.32433945019719945,0.47863182419578554,-0.017269366796224345,3
0.3973138952691722,0.8844057543996727,0.5544636952539379,0.8928270246585137,0.004090168550776422,0.11294864766742946,0.5982193745818715,0.44412748918206935,0.07519623292966546,0.3140868835705055,1
0.12124983402027209,0.5718910758313387,0.7740885231518754,0.4817685095536598,0.754525401850244,0.5850735835006555,0.3409809561518282,0.4772534968515697,0.42782065986562234,0.3982943582357853,1
0.7090558021802833,0.8485658616144137,0.6531399197992961,0.2491557094563888,0.881910988353622,1.0160576514712958,0.1457180534221625,0.39546039561419,0.6434996156813625,0.48326785551032103,2
0.04852589843790137,0.7810018159758461,0.853302665776583,0.2244491024521323,0.9938930760640962,0.5261388947021916,0.6796382517140479,0.45705265384726396,0.7100415480321642,0.5086463247394574,2
0.056020046231236374,0.7737663758640679,0.8464390480722853,0.2187424372055417,0.9870128982387607,0.5311792529576908,0.6854400687361518,0.4616527240067881,0.7161773197923336,0.5073675172633266,2
0.19318203786925559,0.5239292066301682,0.8296621529721256,0.13744273294957032,0.2854971516231143,-0.3552638766697541,1.34676385630401,0.55958037636358,1.3553550347968266,0.008793557487675852,3
0.7077247638608654,0.9691583847771841,0.8282367225280861,0.7133162393925752,0.9772242949209836,0.34070133958993415,0.07042762244233663,1.0812453372641007,1.03495340738056,0.6709253709114751,3
-0.04418968865489224,1.543046619791328,-0.32962953783449367,0.453326938033835,0.4252128402870417,1.115972906437055,0.9088892289822743,-0.05902874597378244,0.5853101455713242,0.5022020193761694,0
0.6766633326140277,0.292369234935591,0.26768841989093983,0.22557349277947347,0.3838996201986383,0.11995547127472597,0.7161316708157344,0.12304143872672751,0.8041299939627571,0.44063968044124124,3
0.40119537867661886,0.23382461676767127,0.8087167694835172,0.31036768896771316,0.5890975954796319,0.2849638407965222,0.7961449434459988,0.6219851357104735,0.5156417489092416,0.18100185780207403,3
0.19777738541502968,0.3888650857512974,0.7555127566212017,0.6416292989449779,1.0571330790756044,1.1821474144406408,0.8550955834701954,0.39628369789667395,0.41019261987366545,0.4469619116621278,3
0.5153526648942524,0.17391702947633947,0.2976491006578538,0.1051167364974255,0.35554372646151783,0.8085365789169724,1.0042838155798128,0.25836835800049546,0.48439094837337837,0.004678888238146658,3
0.42410606463509104,0.5592970953204691,0.39397123292843245,0.14535424694242272,0.04749450512064804,0.6514434602818802,0.03292798268775416,0.6313637471199064,0.9319682422345797,0.1571620894158349,3
0.5473078938380855,0.8701328297475178,0.11219754779148247,0.07836862467655578,-0.15067579161330721,0.5532890624484458,0.06761787130261881,0.6993993229590678,0.45408477454426144,0.058018936465282556,0
-0.043600853763953784,0.7910029968315554,0.962979891135057,0.5676554830886209,0.6000871369204914,0.6411738046458083,0.3164223652372695,0.5133240280104457,0.4481672072272486,0.5977992644543922,1
0.06393079921849745,0.7732518530244875,0.8440424420278394,0.20552124147295664,0.9895427769798679,0.5381399159775107,0.6945314630383191,0.4533652924766829,0.7089295864356954,0.5137632465519886,2
1.038664238827827,0.3033905596592459,0.7463270220565044,0.34563686837993146,0.3735103908707131,0.43896938633013055,0.35945129459675995,0.7176362495457597,0.17064767961021673,0.37158378623434457,3
0.45994559526574746,0.5336934688930289,0.16701184920568568,0.5827702344601253,0.5366283251524406,0.6385116364144359,0.9673651406074817,0.8573133866551913,0.48161078690097825,0.21114671781738664,3
-0.0028481346383602835,1.0163680048255994,0.7741089899860847,0.37960894411762636,0.9693530700525875,0.3313254708868824,0.6661257822145749,0.5977570549631424,0.6908098452838805,0.7239557895369841,1
0.88820781754503,0.3795895494717363,0.5897444730005357,0.2200354320740864,0.3936220450814956,0.027180397254942687,0.5799837872299931,0.8683174372825978,0.7410245260341592,1.0255776318256768,1
0.010527944646467502,0.9209644607762506,0.7316102346118128,0.3320515611310597,0.8935337325261856,0.38595147273549507,0.5712595966308198,0.5412799552721542,0.7238860917580255,0.7157139810296069,1
0.5574692400768454,0.40874255963313144,0.4600312343568168,0.12225075527269802,0.4136364350375595,0.7478791650403476,0.777599015784874,0.06047596246717879,0.5018953674725941,0.13866304693939513,3
0.6412204771978595,0.6896451456376935,0.6780237138583709,0.714105134271816,0.7031557871761744,0.22216766893571172,0.2758749487590233,1.0715400255403567,1.1752562610840853,1.016449924686983,3
0.6105755310635279,0.6899373203457998,0.13167233032580597,0.7332336240962793,0.16687236775775321,0.8867700750974308,0.08404083639905631,0.3479178437042558,0.05322698440053202,0.2908809150270811,0
0.2119143471244815,0.09113144344400809,0.559483375946854,0.8669421524900413,0.9428020568394699,0.4212037871381545,0.5795747387974821,0.05092588599608511,0.31834251174673767,0.24968868238373773,3
0.0583618431661496,0.7746643233693234,0.8424224828200059,0.21846289240192562,0.9932275717822067,0.535468130660271,0.6913570055746826,0.4585077515310937,0.7102772564335065,0.5130471116367714,2
0.567030662308944,0.11524385545886977,0.4302363789192923,0.3415208739993535,0.36048611279574855,0.47444031724700997,0.38849152149234184,0.8240398751775869,0.36571902330071915,0.5942523969779592,2
0.249438482044706,0.8302564662081263,0.8242623385679609,1.5194507033502127,0.8780989889903881,0.5357262576698542,0.5770691850216667,1.102149064384831,1.266579750921762,1.9396047864190424,1
1.027404948950801,0.5111922477413281,0.04606232564141731,1.1230063488754696,-0.03874886755978438,0.08706661325773582,0.014111330775513489,0.8560599348947728,0.8606198534325928,0.16107849691961415,3
0.5009440869199866,0.026474482386426426,0.6895387987748669,0.058197088977470404,0.15541663169206602,0.8036013735322252,0.30006581990636316,0.35935336820150643,0.7821203919522091,0.25312624148641494,3
0.3903355672023499,1.0098721217437545,-0.253821195385977,1.016502117190757,0.34821401795487184,0.5302831312785832,-0.10605036539697049,0.5457256282934042,-0.11798175001791114,0.2933335389287892,0
0.30069361018794516,0.41607327128639054,0.45118029473021304,0.26319427681834856,0.5916797830243901,0.716892752458455,0.8225965475443553,0.2513029610124392,0.42902137947383145,0.48020241638347144,2
0.37959889178925704,0.5282876880583947,-0.03309208650186435,0.0893110377239362,0.7599265739389256,0.945152887985399,0.3276570225938168,-0.04792941769115944,1.1054241873155324,0.13740776351594167,3
0.3689555150103101,-0.029178481982519655,0.698371922282198,0.27783607431670054,0.25963906023178357,0.4834848371299491,0.40104670502463496,0.758371912838505,0.09926971199885226,0.5843874619242485,2
0.314710676618935,0.7981772402028465,0.6071498016546223,0.8025433831194839,-0.09005208889422142,0.2570746570918972,0.5782703904168375,0.3880755261707901,0.28483132173821235,0.3477111026913927,1
1.088126594413485,0.8700920271378768,0.5195417034027991,0.6507434688983775,0.10584985687876686,0.3077508751147019,0.28152038353887326,0.15178389265721173,0.5157697517073001,0.9083382544894402,1
0.4050900653358218,0.9932894665258959,1.039358979985026,0.6643583918594611,0.8648047276271887,0.16091502096612165,0.643105294488183,0.9643747993572742,0.4860037957370586,-0.0010494692659469007,2
0.7557877465978335,0.4603644345209627,0.47402719223852785,0.6969594308874575,0.2859951901535458,0.18286059855765727,0.12640781246305544,0.3909432501852106,0.5847524994981409,0.23141115976224624,3
0.055696312228173964,0.8939299694354275,0.14136856245315516,0.18093535980183956,0.5811219805490027,0.9500424589685624,0.5361227841469562,0.13875017434391512,0.26109844951117867,0.7090673465655882,0
0.11214940006034657,1.3692944535675322,0.8130755687408019,0.6402565668602632,-0.045944439405700616,0.034909253247557226,0.9993249013915434,0.5024049623601555,0.48556319788519364,-0.17004652248270433,0
0.07036072029772089,0.9733075876934668,0.6748928739455426,0.2897624164606136,0.93614787859603,0.36737877015564746,0.6148849901716474,0.5603796756168767,0.6984046593568002,0.7051964917540985,1
0.7633121857385574,0.5667335123353464,0.756811532602529,-0.17590064078340012,0.83005611414689,0.9013969725984863,0.7863216012148904,0.7269994448780644,0.0729670758984433,0.7983005389188136,3
-0.0690632774222873,-0.020060555879022668,1.4842076615006272,-0.024207651287702164,0.7262738109897952,-0.44022229760881876,0.4101918460948334,-0.2730224130041715,1.251941295205533,0.2669899876766774,3
1.2942026812371314,-0.02537640484060255,0.9027619860821328,1.5331717539083667,0.5503709155943624,1.1559054446140036,0.0834486336665049,1.5306798652810025,0.6759903897684005,0.7148154938641937,2
0.6023365451383335,0.6781948052548206,0.12824959175607442,0.7404123890036143,0.20034399345372145,0.8936473906862521,0.0929440600667022,0.33054119739873294,0.06009793025445148,0.29615056229421916,0
0.4203778763449894,0.3826348207271316,0.3987547792475914,0.13813247499194634,0.8929149026606586,1.1256423980479044,0.696795957508842,0.20061805105979505,0.16927411218096722,0.6444323158354548,3
0.48563917221500663,0.21695111055093852,0.2725702263012024,0.139401819594653,0.3533883416287772,0.8485414552656272,0.9194262346547811,0.2404247809649388,0.4393728783931246,0.05587339322355776,3
0.8889697623946134,0.5406342756637947,1.087909526302166,0.5124314275023089,0.7983813446178589,0.4527306245129636,0.07372258493836374,0.6552180736431923,0.6643310784106006,0.5577735062857185,3
0.5089535650974881,0.4889037006077105,0.2410339659981711,0.6476307251510142,0.4678610892519301,0.6173790755476237,0.9433133910823769,0.8844816735416824,0.41337875145461406,0.2639656408126526,3
-0.017585330446805436,-0.12808503440127172,1.2657096811540116,-0.5743456681288884,0.38970959682397344,0.09897624998556664,0.7399891563305729,1.6368835659600607,0.06355742346286553,0.2730574214173215,1
0.09412392316912047,0.6431484584424698,0.9255549416461908,0.6517435601782469,0.7249388088834502,0.6416473494778632,0.4314622012141653,0.42142767621885185,0.30895319963729945,0.5365855766083378,1
0.06009058700728016,0.7724190180002137,0.8438601263323816,0.22046780939377203,0.9967651857169777,0.5255966790682158,0.679876086170145,0.4683934085710537,0.7203827688814453,0.5107909018792243,2
0.5931654462444738,0.6722704405092854,0.1305549514748675,0.7576495533567777,0.20109897020726414,0.9097318914345022,0.11384062191829117,0.3570422078177333,0.05051913327704842,0.2872950053852433,0
0.4708906413478622,0.7901769043880329,0.15672460694478982,0.3921872010814616,0.06193693857288234,0.9075340257907413,0.5227208268985787,0.449978377640922,0.17260422114969173,0.9358262244685579,1
0.15281184087649521,0.6623328644883997,0.6979752268435759,0.6105213793344806,0.5626883926538608,0.20589484634855953,0.8682996732023593,0.22713385786326518,0.2312151362797586,0.6534139557399203,1
0.26987213176433605,0.9276994599110467,0.70011623683175,0.43347488508374754,0.7932752417471853,0.6603558286391414,0.6154640448254359,0.5090837258095547,0.21434229329116783,0.36998869566397746,3
0.05161742167667936,0.7832400485190386,0.830597627546788,0.22161828927817895,0.9762170343474343,0.53158609632224,0.6874324701199405,0.44951682756242756,0.7186313192389552,0.4914345676124569,2
0.2529626648675702,1.030709136864589,0.5635134984874628,0.16894589824922793,1.0425528053566548,0.5541863876669412,0.6323131185324425,0.3780692935214034,0.8183742902168764,0.6584313696641775,1
0.36396203913705316,0.6709132497617181,0.6181388747861787,0.6848098324054931,1.055253296214122,0.7728818726542173,0.2612440455828814,0.49890614166649405,1.1045783904374968,1.2274336709290852,3
0.38919801056691694,1.0424219129976506,0.7936486030672283,0.510313312204916,0.7117939470047163,0.556310330650097,0.6162630731375282,0.39707999642381664,-0.04075245206239056,0.0965521756568557,3
0.5944703029903448,0.3741087724068595,0.1826701105122676,0.6943831669060756,-0.10274248566144212,0.9607712088675309,0.16128469304223603,0.3330949730072192,0.027537593093433663,0.45171719178628916,0
0.8598885371009626,0.32337547030256564,0.3932386891992841,0.8859198579004803,0.6816119824104558,0.554946029268115,0.11313733074709041,0.06602708488130421,0.20949692574250506,0.13093584982930792,0
0.035034534951746195,0.9351228810485013,0.8425141167603734,0.7820874591275062,0.20845299231983633,0.27596525060168114,0.9928570905009733,0.5431932479590107,0.6593929402914745,0.05775192161886408,0
0.4349035694661371,0.5866079364720392,0.0811497879351657,-0.13570310416135217,0.8819529911058008,0.8743943929509623,0.644344105940194,0.2007108008582953,0.7784414148769422,0.17427647745233016,3
0.004732364229622109,0.9259474844616007,0.6368129920869873,0.2864181452803761,0.9803344539144321,0.33964824366079593,0.6522268610510162,0.5827970565075208,0.6704417365873536,0.6959473720383837,1
0.006182022073827509,0.9787138095991983,0.7297731920745961,0.24335497244024246,0.93025056879312,0.3473749546316635,0.5892269200912217,0.5782488226914037,0.6246192033746336,0.6851566166800984,1
0.09250940417498904,0.15227563398792496,0.17462887667720037,0.24159221093745148,0.26543034758034656,0.9559404880950624,0.2768336024770829,0.3764968946586831,0.5978727854940246,0.48457363777457463,1
0.28632951725419076,0.23967197625668335,0.4007028708120939,0.24708231788276225,0.671206911953867,1.1561167272268866,0.6726494964815108,-0.10281499684493262,0.30714094097622174,0.5059513990372555,3
0.012104516628162573,0.09484330834045314,0.5809241113411526,0.3389265461148744,0.3153569919849452,0.4861411377340044,0.8449534657170239,0.6143759832274437,0.03900213097134416,0.2846065237757891,3
0.18174270579884877,-0.11890292712672546,0.10218332907497507,0.004087270747204108,0.19584610070208178,0.44940819405449095,0.03434160474486525,0.5381876743202113,0.0436151415155398,0.7346642740414122,2
0.1759259976262656,0.009545669743076149,0.4002866973615975,0.7476493491745979,0.019361763940191193,0.3808359990037389,0.48003548101390353,0.846448325196062,0.504806428656683,0.45879966673603795,0
0.3621303516079006,0.3159801077860363,0.40767770786470003,0.03466024703524643,0.33303453448061193,0.3268150381175583,1.085071293925939,-0.22464693681516107,0.6920888207285629,0.35500743022115294,3
0.9084422795664442,0.6940177978170811,0.5031310848627921,0.5185976111040154,0.3167566898519206,0.25906221136252944,0.22794484674350235,0.17651128188895152,0.34592824337152656,0.8976604104652565,1
-0.07596952842661411,0.9171557314574559,0.008638935334745485,0.212638952171097,0.8651021755570419,0.7051151331598955,0.5630758390152125,0.24941382518118216,0.1528168881142909,0.6747846132475634,0
0.2974363876452453,0.4288884462687223,0.44088497229874535,0.27190892719032134,0.5800378345421191,0.6721856171439454,0.8225915069389431,0.24133331526146115,0.4176931608736321,0.4652479808353306,2
0.39641067702353144,0.4932146481183248,0.7672226098776287,0.8533268114691206,1.099743278688597,-0.09098933937189571,0.6479354930142819,0.991585652453148,0.33658772490066485,1.1928694959743333,1
0.2796048225657221,0.50271756225688,0.40890261144829,0.4501175053357604,0.49776221053921554,0.9754282213472523,0.09984128902602121,0.36127459438259146,0.41622343598772515,0.012485433650788816,0
-0.05579900512583719,0.6417939455377176,1.0076601524668087,0.5914148413768386,0.5945538977843889,0.7590980748459857,0.42402294330147305,0.28591818662762114,0.29857362233582424,0.556138220056394,1
0.6406288001530512,0.08170052566610553,0.798135971115371,0.21529619167577926,1.050053798644221,0.86475205196136,0.7458319649424462,0.9352720108839173,0.07813820508831995,0.7271438743304538,3
0.3413717427769654,0.8978269348289897,0.6979947948853675,0.7882397458008459,0.44939939980229343,0.31189357017856983,0.8943031001315997,0.09331744497334576,0.4031890323655545,0.7129841721853851,1
0.09787484954272194,0.9010099828982554,0.6677386931087163,0.32263241267350573,0.979270161137082,0.4485551183668151,0.5583131484741284,0.5282096908220001,0.6627600913319321,0.6633585705070563,1
1.0513067497009971,0.5550282236241573,0.2711879371923374,0.9871520728502667,0.5837542732169076,0.6042132606892,0.35250965511041654,1.0444630068297014,0.06549774652892781,-0.06263739235877919,2
0.25455466864770554,0.8924871294528063,0.5950022405809934,0.45006873246868256,0.8529854034316366,0.6911747495767216,0.5395602253721994,0.4535697266328368,0.09871081136093425,0.2985768331294642,3
-0.06665250105870163,0.7496699989673911,-0.47511676881573317,0.5427459827799777,1.3352068062380331,1.240180758970491,0.921983566343537,-0.196140625228302,0.8382338650813402,1.1390268346822183,0
0.5389120162417569,0.23067300200091623,0.24686659103283856,0.3945086634483035,0.48833581440588625,0.09828203136644648,-0.006762981611748375,0.28976733980146313,0.3577599737928632,0.22375663283267327,0
0.3351384524819616,0.9241009079760153,0.9003429143190748,0.6259272884046081,0.7727202911526294,0.2263011053786892,0.8585077040357503,0.917810336664983,0.5430914806236478,0.078839306375075,2
0.912311767788291,0.9347601120105113,0.17610270895937336,0.3612797908337123,1.2021083604950702,1.2592710068624677,1.393131893108233,0.5604877207824293,0.035853296161529435,0.8576588980587827,3
0.10014885192757113,0.7179268839095924,0.8636102128926755,0.5552466740030702,0.6839532949410886,0.6888974935218715,0.3806412192881503,0.4025564659004471,0.3468050065312821,0.4446236447772892,1
0.33934375650562004,0.4566918427961667,0.43432003109540035,0.2353814802207795,0.6080996694185818,0.7308263973385861,0.8094907941708503,0.21140068263729855,0.4116471709688554,0.5091934934231837,2
0.4789471755361673,0.7612268829271058,0.7300702918860791,0.8569535229336621,0.8158327383933021,0.4266065982550058,0.16691542824874567,0.9156718558779645,0.9638979703312764,0.798575629351793,3
0.327920114523306,0.3324294696111403,0.15201214078616948,0.48767048138611047,0.3353465000879593,0.199007438457682,-0.009333553977098646,0.8053038180466087,0.06295238679668402,0.6344684433661988,2
1.025440592402503,0.4017213662135859,-0.037916064738664525,0.9524488977093202,0.11719134523765048,0.17194095453466993,-0.0021133251294413596,0.879569282408227,0.796184863058988,0.060980187740641234,3
0.31762137365806165,0.4240610484481669,0.4554558166184778,0.266426863359609,0.5816170726019376,0.7007332937034143,0.8148256971585609,0.23882059013770254,0.41516754963931796,0.49115960937070946,2
0.4703279378636,0.9401841668640155,0.36471969578761876,0.828947910968764,-0.06590357800141462,0.37264339600643703,0.6858064854897791,0.21574086525120428,0.12705985738120584,0.27781249482776593,1
0.5964980498542648,0.6998486698389852,0.43940320811841904,0.6608770942609634,0.6256785848116386,0.1233407043025063,0.801300699631303,0.1518911153547923,0.43228583792327113,0.7366387103977504,1
0.8301748504871143,0.16891359553920235,-0.08764628957154649,0.7187897652148602,0.8547473472541668,0.09184764381849887,0.688933624017295,0.7628511170120819,0.6437070494848017,0.5741695573755883,1
0.11330335162346247,0.5768839544623627,0.22292315014047556,-0.04919891153337243,0.42805670158678083,0.06470848710307604,0.24579595375213872,0.21704620382807127,0.925000178031291,0.4097300492332344,2
0.643033933784274,0.46956590779555224,0.44791835155797616,0.42974934391165237,0.5956502318614458,0.4396566962284494,0.5957881641864178,0.9003489676909282,0.5034109521983543,1.217384543393605,1
0.4665284088113518,0.29162753935414,0.21235676963745706,0.24777577703258696,0.360047435167934,0.86618029391576,0.9680709465055161,0.28357586384642697,0.4857834264370909,0.11692308196140187,3
0.4796367260864625,0.30131011148790576,0.8196369073771113,-0.0012363339387013658,0.7780322133256722,0.7420634637419501,0.5694293321460174,0.9306506761058883,0.15186513136252033,0.29404213752575836,3
0.4074356902748112,0.7970716105299126,0.09772405730322217,0.37273029460828777,-0.015862318166766115,0.9021393735594496,0.5918188061922476,0.49786829621549106,0.1490154269767105,0.8547074358375288,1
0.9392268888657347,0.4429350410932795,0.011978898729969774,0.9105053487534543,0.12411385776733913,0.16084356020423626,-0.045512298130563594,0.9142795503237449,0.9026999617621992,0.11181704300468902,3
0.46478002983637784,0.18379109323194506,0.5133685319756479,0.42574371869828215,0.3406186808593771,0.5952016630009891,0.41589711925055256,0.7994383945212904,0.24388078030436616,0.5226961378883196,2
0.2859691602622297,0.7494314938272129,0.5649693237128373,0.921645915476961,0.0647398857295651,0.18831081599094512,0.6857422220362099,0.15341388815345808,0.21415930629627639,0.09686472908683687,1
0.46307334759453495,0.5508049030698483,0.1991074756674174,0.5538477191635002,0.48560984491947085,0.6550015382923677,0.9419243253715813,0.8865581294836428,0.429451429740449,0.19607825944487436,3
0.5577042908160592,1.0778940193618545,0.3949565601682741,0.5639595595482356,1.1759081775702303,1.3419208931923623,-0.016133661479614314,0.5565157001010552,0.950437361979695,0.6767822498427549,2
0.13525802383554947,0.07211863020002136,0.42996077076343425,0.6925719796054681,0.16098315373727223,0.35348554550515165,0.47425848875608073,0.8191027453443895,0.40542193727409953,0.377995799459977,0
0.9985652875394219,0.6586963774233084,0.6645006464626761,0.2599342264057331,0.4796624171873029,0.4513932029607427,0.47449830490839073,0.9211662630454769,0.6773519674987296,0.9101005867966825,3
0.18150257381511292,1.1511435395859562,1.0990882864635823,-0.5225962938482299,0.5518604175145718,-0.24056487891849415,0.6799211388487755,0.2730783268456849,0.4573572280973357,1.3147283961260579,1
0.8242479365566884,0.7053445659707238,0.25402946464618886,0.9092746041622967,0.7518994705883277,0.47875590219297937,0.4027461601412955,1.1141567977530904,-0.14905734207632684,0.0062598561970203595,2
0.05160735235913818,0.7785773905998731,0.8400849769149076,0.21444734911020957,0.9944474621055216,0.5344404930754338,0.6902927216061382,0.4530251130107624,0.717599436599628,0.5062143867020419,2
0.9867327058102572,0.7459284303290276,0.7211110612283997,0.20453244928173633,0.38890965578056985,0.5160801838169814,0.40097146110387755,0.9422173104344752,0.6671687179701387,0.8533646174703916,3
0.1187335805605483,0.3393747093219927,0.04030536229693389,0.24311200029856678,0.49899416503452254,0.12816468591649774,0.24900932802182907,0.5639161112296964,1.069645986066423,0.192466179786969,2
0.42915849588758115,0.01628759181157219,0.33156300073159445,0.4504888683952868,0.6493112950577293,0.7721405018376689,1.1777300057967046,0.18476949680882115,0.27061741186405674,0.34122890407357703,3
0.8874039714084618,0.7594815917005449,0.778604534241926,0.1866678220512601,0.3363681160976893,-0.05359837017944738,0.5414344299104699,1.085195947831046,1.0295753500760794,0.6394162846042406,1
0.2719159835149729,0.9099090663282879,0.9070772892232442,0.6610216074843202,0.798494863790838,0.2796648175399545,0.8106899409218498,0.9256449805700506,0.5065099907896936,0.031162318999695945,2
0.2241099442377424,0.3826548232811515,0.2868752897691351,0.022075322126347902,0.7453669566139273,0.8652585046765886,0.7042565466901175,0.05419123682953677,0.682865096377434,0.36954030614105277,3
0.33940764190909267,0.8468103274980272,0.8713436091012499,0.5207829805646087,0.8858415106496352,0.3090231673709327,0.7772820910715346,1.0284698665146228,0.5220734217838516,0.2005282826696076,2
0.11910525076269596,1.019840578363121,0.6238538018849318,0.35072805924122763,0.9617420866005812,0.40107842098827046,0.6815865828461317,0.5888923748602775,0.6674517125819898,0.7496821737318011,1
0.03005600715793974,0.6698023522570024,1.2318370172149775,1.140883576940468,0.6202996942786809,-0.09581092332662836,1.2141976085440598,0.48728467373929557,0.6550656396855763,0.32850992639144316,1
-0.2980889878099837,0.9886800283069752,0.796898010523929,1.2294327139714665,0.7594238132151626,0.9211948561940199,0.7101950959756825,0.6799101945740087,-0.08327257715198016,0.8454623459724648,1
0.038473552042752324,0.06134909552100056,0.4290212577176297,0.9459659338739326,0.9853009550435567,0.26414263930376763,0.4805579383317162,0.05052151219848194,0.24448959257450234,0.39209860866656676,3
0.055271737656665626,0.773878825710967,0.845519146602665,0.21883050712436947,0.9879379427393729,0.5316595272574028,0.6849254618740225,0.4621111746213162,0.7170023228689206,0.5083178252149592,2
0.9974567258862793,0.8060305878418389,1.2678798143556236,0.27738093911696043,-0.04517537611256267,-0.3886389675056004,0.2678582506745864,0.6547520113087086,0.7743791432985436,0.727009833763848,1
0.903522109113693,0.5465673736619611,0.07172575949452102,0.9462398738893746,0.0894335151941201,0.07847469816276711,0.0072884091234061196,0.9124283633014871,0.8593323270710009,0.03007929432874288,3
0.2806926205294688,0.3839128767032243,1.190294446379972,0.12592699083075115,0.47457343284944986,-0.08206798766315859,0.6861400255953307,0.007104800569992131,1.0943317514861737,0.5074273487098929,3
0.6009286663135207,0.6564234312731305,0.13369744315452842,0.7385758935424693,0.17841992002241178,0.8841884369931372,0.09284616982090355,0.33022412596413064,0.051548822279826594,0.31037922794264167,0
-0.1444045702411146,0.41464780448364263,0.9023410029437661,0.6492669572319648,0.966084391795645,0.470519416574746,0.37572753831014416,0.35935117670240097,0.5982780348758989,0.28093093467685676,1
0.9100476752352902,0.7346911554888695,0.5264218900717758,0.471187448789287,0.273456936152385,0.2655309788278603,0.23098815739731454,0.12993695042770137,0.3787938476671439,0.8673829929299363,1
0.7173761716941853,0.4259825490969729,0.6062332333090422,0.743089317243202,0.5587368293881306,0.9210040160611735,0.6444605065444781,0.3253404365296724,0.1997096887260497,0.4756416329371791,2
0.43896002821469204,0.5572700952890293,0.350803592149302,0.14160350587757334,0.058623729779928295,0.676516202580297,0.07783180909237986,0.5823634749305104,0.9022442844416677,0.19559604778685147,3
0.042687903589471624,0.9264841489944978,0.8586886243822636,0.7943503750911723,0.18229721560448114,0.2521702659489224,0.9870890606337309,0.5425984923897165,0.6781435622118485,0.045593366985632586,0
0.4088614563388888,0.06816126914450235,0.5968477315512712,0.3490011038248327,0.5194994741336478,0.545379670027508,0.544418216807503,0.9766812120389771,0.18924548969330907,0.7002223583228991,2
0.8394178497512887,-0.192989929528801,0.6046911692619317,0.019160405995733765,0.2820917592550669,0.5995774920117762,0.11801320411919974,0.7635754892111258,0.08237452054038441,0.4962545335386705,2
0.611227857811549,0.7120616818690385,0.09860102839039336,0.7612231801903703,0.19744884853096661,0.9177057869979034,0.0573763570981158,0.32681714160971437,0.07900074978289805,0.28710636890275093,0
0.02902212227680945,0.8829322114210277,0.6189404134243501,0.384409173939408,0.9226596947700539,0.4660428509969793,0.5563283052138498,0.6402053180955315,0.6058594782748826,0.7011969899375795,1
1.013394270126399,0.6009333428396754,0.19114215177647823,0.9041715917087189,0.6045412407286184,0.6798280796124935,0.5129695707836834,0.9594834842006195,-0.009924067118776872,0.07493373582897939,2
0.17211008555220897,0.999118413174633,0.6315598502178043,0.5321133786070195,0.7587630382283728,0.6223459315563968,0.5808400966363426,0.4457881237111214,0.11921115341287211,0.40540418196080763,3
0.4344745135632022,1.0053700234977765,0.07788496699814638,0.35420754553742667,0.11918148693419736,1.0361611464120473,0.7013381953477651,0.4983549348784182,0.21529411526992304,0.767679405391091,1
0.24403232756256865,0.42762453036935744,0.6980240930503523,1.3016312162077748,0.10616952826528286,0.8253739002176431,0.5274747714225987,-0.07860773982898464,0.368231047420839,0.44642344478055707,1
0.37769231512119655,0.04788948747804937,0.3491013053845013,0.3171031152138141,0.34435558944070593,0.2627921089512059,0.29002520768894213,0.8155187624073272,0.5738452286154213,0.3502134655382797,2
-0.07210336572265447,0.37171151003836855,1.131874566535997,0.8939864223747114,0.9885920721591084,0.6689320931038439,0.4593674393178188,0.775772332024131,0.5440015506636298,0.7581130026824845,1
0.7457822491456343,0.7090397141292001,0.8000845353648545,0.8695073137033403,0.4794465668706828,0.1642775133773801,0.49404976450163995,0.1031609093594503,0.20753927622122198,1.1248706549450933,1
0.36568558337151674,0.7629925456814515,0.4417061981209567,0.8539418966706271,0.06124344139983225,0.19341983093407966,0.5571638325793289,0.2640324804629179,0.1399177188836562,0.1372542986788402,1
0.7350380649325287,0.41141487994721754,-0.04668776345420611,0.1810967986118527,0.8874497702763006,0.4822407997766484,0.6082532207543552,1.2582712975966466,-0.12429166001058811,1.0508652981217255,2
0.2586931667528104,0.34540870964398795,0.29495651456642946,0.0210107989232182,0.7255582528564409,0.8544805121143102,0.6927720140283431,0.05479450085217859,0.6550578994214893,0.3456943759022893,3
-0.008752532954597582,0.620661854428249,0.5222018809281559,0.7494048768322352,-0.04646707484967058,0.4992660691429187,1.0700025020785888,0.8181732874050798,0.611591362287818,-0.1518540069913944,0
0.11911103344374609,0.3730640506230885,0.5224158911424525,0.14064702958068934,0.6316402464571884,0.8389809625575793,0.7871915612719149,0.033541983688700455,0.5529860353567877,0.7555384085423261,3
0.562475960140456,0.9075707356625713,0.8983222680043811,0.832441565140001,0.8289974930271042,0.5505029918536571,0.1771116008019488,0.8371758302463342,0.9577296580216764,0.9781775477140933,3
0.6246252086408547,-0.0726328449980595,0.004804318091502467,0.34632402794193035,0.7337217464775119,-0.08953238955349327,0.7566696900628429,0.8549980280527016,1.0071168403670552,0.9189645490115924,1
0.9797730192540353,0.6778015941548682,0.5152047715337725,0.46942648167708767,0.2549474521967431,0.2553095411863156,0.14968576556359547,0.18243358859101588,0.32234531877205685,0.9286987927358193,1
0.06807859971911824,0.9496743793405518,0.702389004585415,0.3137720651258978,0.9492786192210599,0.395198153337511,0.5882647891960238,0.5841266535556489,0.672226294456374,0.7258882664914477,1
0.004829652950238537,0.7441632429312915,1.0644820687176206,0.6326267319507262,0.009569807132887298,0.5448660237414422,0.7814757838502103,0.3498613734847765,0.8714449141772647,0.15860039496792788,0
0.45885119515526424,0.9659713624317738,0.9728170859168107,1.4369153307985043,1.1340095609788365,0.24737350370752487,0.3243139330111383,0.6734023952084705,1.0839481054679174,1.1752553354077773,3
1.3580259058822837,0.21860438645680863,0.20684312071976402,0.5413456685326471,0.8693329631399078,0.5591817435735258,0.7954563589075596,1.016956302348841,1.052904807937943,1.0709273888965458,3
0.45599222488146596,0.4410548680013971,0.1263149625009821,0.547024814004919,0.34120279558324845,0.06640096937155265,0.09344846035410383,0.8000480528976839,0.07809565094721188,0.5953666833333863,2
0.09799903435518104,0.6872278355197061,0.3537101675700566,0.39664382450098146,0.8633895170399837,0.740011776999316,0.11033014115833972,0.9956986045562207,0.32649105012007285,0.8395648193199708,3
0.6545354731268243,-0.18776786722122435,0.6573999697043645,0.28611812699145156,0.16865723873311603,0.7093983442660772,0.18460812774508992,0.1714879135374338,1.0506266738041035,0.3659331322196489,3
0.8273261584021702,1.0070763995527863,0.9866822544296422,0.2919905828349074,0.5103284627738236,0.10719391698957109,0.5371873735935851,1.0556981032574555,0.7486531423743045,0.9026747911124793,1
0.3110459219435365,0.10844646300940249,0.10754584043256651,0.03975832653791202,0.4536404330157648,0.8898142024334839,0.852545523866778,0.4108561983144323,0.551647995456811,0.0358816054196066,3
1.1008598402534124,0.6679995412808512,0.270100566587747,-0.02831592972005187,1.216655520138891,1.2165806153808538,0.29077828498352504,0.32281905202888356,0.573995529000378,0.4173389294255164,2
0.17968528427159475,0.10722293928985846,0.5328298617114428,0.9068445810513603,0.9089857164941963,0.41704308174460203,0.5786442582688341,0.048199665992265335,0.3374410878353883,0.2614550827231125,3
1.2916583420993386,0.31893224265556963,0.13884525470368145,0.9730346212450133,1.0668115135563554,0.18656550062421778,0.46176942770725105,0.40583176877781196,0.6871073811117416,0.9067150582717923,1
0.543375355824708,1.0147287058244738,0.5434284281859088,0.6232654293169932,-0.10793561082540107,0.23153421070356556,0.2328414300426054,0.9158099561007416,1.3918805665657208,0.7639892655328795,1
0.8622527016622096,0.19864306208195548,-0.12053188689553859,0.8851788449466401,1.0080902315920781,0.226261344967493,0.4213377086643799,0.6427661224380913,0.721781030923663,0.5844932992038733,1
0.3135512574799786,0.8002324536708084,0.49497556605139575,1.0622778074040573,1.100671895526211,0.16961574176270605,0.4569187543808951,0.7433485347944957,1.0938160432182942,0.6815638710399121,3
0.05533065061050781,0.7749734213511134,0.8451945126267194,0.21708652716875979,0.9878444528718274,0.5309095808358344,0.6847492924922666,0.46282491686659755,0.7149454060538823,0.5089991540179288,2
0.6003620521697285,0.670520474662486,0.1308462937325542,0.745749518154314,0.18653938688084382,0.8902676648229206,0.0977708019001519,0.3271263956282398,0.06829671802063389,0.3050317845124418,0
0.7119805022877498,0.6258695563358556,0.6524665976116899,0.003549550506148247,0.6011385997482273,0.9017139792211575,-0.1030665060514292,0.15011044906307713,0.9014885376686702,0.5499966876419775,2
-0.17560133733326594,0.6527793883820159,0.6737895068349968,0.5904419661547469,-0.24169890613080347,0.3571882358488436,0.7767971378666926,-0.08109062740378525,1.2885258934448909,-0.25895002820276725,3
0.3339723433542054,0.28114572530699405,0.4255029512618315,0.2930416370932725,0.7856354987451252,0.8085502369956306,0.7235726048274757,0.25814181741355613,0.5313858779668377,0.7114209812675195,3
0.39906775249301063,0.11266931435752249,0.5348135787968802,0.14644896855245548,0.17442971723313197,0.721560684561653,0.30743414566905425,0.283892431425219,0.8439113697327855,0.3020582516334864,3
0.4618002145473755,0.17733728076031563,0.6145383846092752,0.20667308591221104,0.21624349992599096,0.6349617271325863,0.36962801823782837,0.3229926834590594,0.9383581164811549,0.21201804793437443,3
0.8205062612152886,0.5689058963745214,0.2512016746474305,0.08658102034894011,0.04665045882829027,0.4720024380713067,0.3472923720006264,0.6770329651931001,0.4393856831678346,0.2892918170441117,0
0.6887949170313701,0.6592248009047577,0.576288260242222,0.9953506076618934,0.508342179880491,1.040957257440791,0.803056459110951,0.18134655505696012,0.24577936422115593,0.3384432084089839,2
0.40823131142879493,0.3659884003572934,0.8224368101484654,0.4069356285013178,0.6904147933215294,0.14184020006708278,0.9069526642163617,0.6694561760595923,0.6042155877257285,0.1489393338226306,3
-0.01779413900608315,0.9729684233298965,0.7490136031506281,0.26890105943240145,0.9245887772898957,0.3408340435281017,0.6707272287788102,0.5866835598753909,0.7414453395262215,0.5849618118818555,1
1.0032061752761126,0.20632991746076124,0.2896605992226181,-0.28350204845908833,-0.1276915635725182,1.3709421879556056,0.8089139030485568,0.6780924681826912,-0.439027916089072,0.6806399781617067,3
0.31634409066546076,0.42356352613663195,0.45547117881951443,0.2664727384287762,0.5826443014055485,0.7018985858028186,0.8150151645588471,0.23861899843302398,0.4140725798674319,0.4915296725816993,2
1.1329491285190323,0.45757819519746157,1.0777252185165922,1.3352467874393936,0.6126480955152352,0.803187129761976,0.2051712424606945,0.7930802671321631,1.4243101331655716,1.0688139173855484,3
0.3830951185258263,0.3778484373622489,0.48814112289792233,0.26808411442593244,0.578032599333512,0.6816899907485757,0.760051698095709,0.2621452411245516,0.37772427887098053,0.49139464571693103,2
0.9400628783819782,0.6705772313296463,0.5714734054572849,0.5065810550489612,0.2567452239131428,0.28871844920337714,0.2993313230578085,0.17910181997037822,0.31351745483201404,0.9155792220736135,1
-0.09298291581969126,0.3890916780265178,0.14044042271841461,-0.34524888713847346,0.6187743719626149,0.9497628666562589,1.0035494503605418,0.1693652703087383,0.2735091037406477,0.14637578427390444,3
0.6860814805470448,0.9330158024714378,0.2554528703847665,0.41770635360814773,1.019978661217865,0.3694260147308279,0.8936751279466641,0.3759468748362445,0.9528435860591655,0.2985267276843889,3
0.3568725974246115,0.4661086191390338,0.4460516816671706,0.2829077294913359,0.8472098445422557,1.0340889998523304,0.7803904397846662,-0.013328560411767151,0.29343962369272975,0.7467431813616349,3
1.009517221366015,0.04907575784528284,0.5410259583714957,0.5220959177999961,-0.18715451277962952,0.8201790025603427,0.6735284542796854,0.9251781819454894,0.3238116357772939,0.5469181121147149,3
0.07402305213790267,0.9324691179757922,0.8595187359096657,0.7783144398965175,0.13759666499006762,0.3018245748864103,0.9503082511604711,0.5389580439662011,0.6258637583399773,0.08054533603243404,0
0.46291766066273815,0.6165922084434158,0.34553267486764977,0.10679404320618854,0.06908957586592684,0.6904232810914883,0.09038288624320041,0.5806760013675943,0.8911148599014334,0.16695263263701254,3
0.816654122990644,0.5285190044746584,0.4095184403107778,1.1470921253730002,0.5920787373260099,0.6097638638266003,0.231633220227973,1.0537005706507434,-0.026987599279359002,0.19281439935202924,2
0.3293576100328899,0.8017097542648364,0.4847120405942204,0.8619373580998412,0.021466174139953553,0.2680023422474262,0.5394915881775457,0.238034736682377,0.11926343032070758,0.1776799704290586,1
-0.3994118045911872,1.3248424006802368,0.17138443882563598,0.24552433522967754,1.1795016599409864,-0.45899349330337025,0.294951151139097,0.1961437697786208,0.17070238541227356,1.675279359295764,1
-0.2143068991737832,0.5565468745599758,0.5598038104251659,0.9556745838743086,0.5656518115546078,0.06258513057542758,1.048532725829227,0.7606337111848436,0.34063598339056056,-0.01220354559305109,0
0.4382544772563328,0.5867043631974997,0.3681772450939763,0.1419731194466137,0.01853947965687176,0.6753811887657819,0.06197939773331666,0.6146058951856008,0.9547431852019338,0.1704328433719005,3
0.2072573160313559,1.0254111509061792,0.7639655837430568,0.8899202568692552,0.26933565352811567,0.13890929615583927,0.9367754807298658,-0.06151229298094532,0.34704942751903467,0.7713734537032926,1
0.46043411078013463,0.540442727468843,1.3903800432430762,1.4326053984991458,0.4650887931047931,0.5610687440422284,0.6836164810964673,0.32247042643114204,1.0531725043821267,1.0609548441314813,1
0.168264737113063,0.9855110443165955,0.5737970336384197,0.4418383816748316,0.8662602710670998,0.7279582204989823,0.5794130772594805,0.5902363763034982,0.09437140952304907,0.41067922198126766,3
0.38910534510324674,0.8524932856115932,0.47711103416389294,0.8012987012516002,0.005769884115809388,0.26346553495227143,0.5996597493761948,0.26121191677585653,0.15358800962546532,0.21694375852536457,1
0.024090781155900104,0.1509783086333221,0.14389324604980666,0.028235921204203616,0.9432709318685941,1.0500217966680816,0.5785190134216336,-0.17429986417603843,0.5512755422929432,0.24297523136657964,3
0.056673528705907,0.7754428746189115,0.8470365763351925,0.21883158795490568,0.9884664927037989,0.530362987293019,0.6808712650350975,0.4564030329616441,0.7138089877565776,0.5107196940164045,2
0.4576173307572198,0.5155451415564309,0.22415515737827857,0.12391438692198599,0.6718213402852141,0.6098517071121787,1.0461210645222705,0.05244336162554488,0.7644828376118595,0.6975633767853365,3
0.6999745793468479,0.7765080003681002,0.12024405495146856,0.8033429503867432,0.08934107455727049,1.0031173061074246,-0.012070556043025885,0.38429614537016277,0.09542361719907519,0.3933640190037619,0
0.45910438652034186,0.5433799250715731,0.239351590880733,0.586914177289486,0.44948070398930584,1.1048314321029984,-0.1043043117269932,0.3297136302813935,0.3520907740821245,-0.13029655025677592,0
1.0266676517837963,0.5501253656697088,0.1078363860536125,0.937903152186943,-0.08754772373807895,0.10828126414947473,0.10547560032371081,0.7890462342192076,0.6488837658662991,0.05494329307310592,3
0.2840984158460877,0.8146460577666387,0.4059048675497323,0.7691810611150325,0.445413262365322,1.0614911727386567,-0.09537353386426312,0.02405417010392774,-0.20336571522496166,0.15243090891002964,0
0.05539328873705076,0.8401325268100768,0.8268695665847187,0.47957308933892606,0.8123859024365081,0.6621742855467836,0.5424085041423603,0.4272400737096623,0.4613889903553105,0.6485773997925754,1
0.6689054398387174,0.4298777997751432,0.525233633431629,0.7686289724740362,0.549435157796146,0.8946858351485628,0.7223251180828498,0.2297893956680676,0.24494728974708035,0.5619046388274086,2
0.18315346520588913,0.3770834705171229,1.2491631446529383,0.2890109744314604,0.1766342854656576,0.018982475869930314,1.045292227012478,0.24439957516184974,0.7651632310303622,0.2278403619740854,3
1.023039923734023,0.4119700209657613,-0.20139325106371547,0.8259165012033398,-0.025263863661226793,0.05417601355757261,0.2434045874177242,0.9217084457388515,0.8213379057758111,0.030511923685970145,3
1.8741050250529074,0.9467403000967297,0.6867512339841351,1.7963603788691214,0.36294498371606043,0.16521569992088725,0.06702340740045021,0.247748155148367,-0.016778418153196882,0.6174617479730989,2
0.9527950978908566,0.6791897960028727,0.6378498668671105,0.2652284769659743,0.40923628670005113,0.4461254563281245,0.4073252186036409,0.9637635560393412,0.6461457949332661,0.834098536783931,3
-0.0799551858248928,0.3283392603047194,0.3813731333729158,0.7167221297187479,1.2289617392735,0.46193585954898897,0.6181540436458665,0.2780388830048722,0.5362271451056893,0.3066882647658366,3
0.3282925131439178,0.3835935919740083,0.42863010742088997,0.22996978848470978,0.5203535203588442,0.6962881363201825,0.8414732683667863,0.2201786919611497,0.4565507516927112,0.5414845637609207,2
0.5757574787320734,0.6877655185831761,0.6660272461920766,-0.18320407488215162,-0.08431490706011896,0.10824217716012087,0.09286309808221632,1.106098223663302,0.9170968205500403,0.7783876050526164,1
0.9438316289351995,0.29452719863338206,0.5747332751058609,0.5209089509786289,0.5481095121377243,-0.03030696761214917,0.3874295915168406,0.4066831453802229,-0.008081102039425733,-0.13891441609671046,2
-0.027631909124282483,0.8775319198218116,0.6350697934650145,0.21628913459277418,0.9383282723480518,0.45410733016189636,0.5454982326548787,0.5350874801881028,0.7498859033453636,0.7358879931943251,1
0.8762852221740263,0.7775574625589708,0.6920897485376007,0.2641343037499643,0.7998909788161661,0.9426698412206337,0.11727357099663577,0.36679135059261975,0.8235830832037385,0.5236545426019305,2
0.4012167963653978,0.5517832375605215,0.37926616213247816,0.10148825849675469,0.05098456842262236,0.6942237015030257,0.013596481398374577,0.5828111223849751,0.9520434556586094,0.19523395057334803,3
0.4402598009570636,0.49480370336477514,0.09670180260346217,0.4874362961962631,0.42884505458732114,0.5495520373887922,0.9782639535828184,0.9716702017931328,0.4632481448777105,0.17034234439168744,3
0.36724062484694453,0.1769253964049271,0.48628936592733846,0.2429210177894207,0.22211716629522427,0.6968618330032913,0.36075452338035824,0.4042865913371977,1.005777009819895,0.12398503395974585,3
0.10733848192742079,0.9597069037314673,1.416791396899826,0.779178922347792,1.2188008494284666,1.0607427060038268,0.24442214431106896,-0.09763173997536545,0.5350596373602566,0.6586336353977051,2
0.06002739207265301,0.772549629750304,0.850035642247943,0.22181332673996465,0.9879619444128533,0.5303260457049996,0.6883218130559271,0.4599503773960858,0.717915733412869,0.5067236724076563,2
0.2332676624453766,0.7878488705487625,0.6258214790193141,0.648695186842552,0.16402075879440275,0.24088917325337816,0.5965016193812355,0.3064935291424122,0.22551961400688483,0.18905665859773432,1
0.45325506550317163,0.23042164228135237,0.27584829203795225,0.13825898822205468,0.35864391927802824,0.8670188952752481,0.9345257218550456,0.2677518323984065,0.4501286010178165,0.026911435648578414,3
0.22961088451872538,0.5332102360343297,0.6299991429318416,0.56802531699418,0.9301788606268148,0.7205414596996057,1.1407384535290572,0.42104202256336676,0.8719021667113522,0.5216622971691683,3
0.1973281277532805,0.40061515410301873,0.08129563421187296,-0.004679669065608072,0.4466152613959308,0.09581997872378342,0.23332940645993183,0.3706838130371045,0.8491312875410009,0.2543998685400713,2
0.8386720848557201,0.73326596547295,0.48009543411693373,0.5731192010239252,0.29696897004706135,0.3693433601388936,0.1518690736262303,0.1393737640128436,0.3589900021968506,0.8393459401209378,1
0.968762183967746,0.7523020369772956,0.5943687594205824,0.1436432371304563,0.35212149020721717,0.37412224346879425,0.4236391913879555,0.906377028450238,0.6445106401386294,0.9343143906666963,3
0.2547790740637388,0.9739641964718934,0.6489760878399163,0.4796697297628581,0.7808804085956141,0.6178284496018736,0.6020942808673887,0.5043160761325349,0.15595946001361027,0.35907871863658475,3
-0.22872674806658327,0.6731177980625951,0.2343623450492217,0.3044457612373201,0.08365887693837892,0.1492232872672402,-0.1531813506107499,0.5223065757589977,0.7928660278137242,-0.07454418756705533,2
0.048450962315766566,0.8326653441404375,0.6056194546253194,0.22120872336213634,0.9501727371241351,0.34194511453617243,0.7118035030337663,0.6400469001990582,0.6100427192181552,0.6694208322788635,1
0.18733906133277456,0.400392176298336,0.08130552003096701,0.0973019988660126,0.4826004947224131,0.1256178881702142,0.12285409833455511,0.43727239655574934,0.8900454597720614,0.26790314237577023,2
0.6088121241469949,1.0153492109838753,0.2948833142609253,0.5715253243751391,0.9325825563989334,0.5636769011808964,0.996468729686334,0.14746068427609993,0.8290123881415304,0.86572211776588,1
0.596510857760659,0.9673099642123348,0.28693294185677815,0.5580609864491073,0.9722937239139682,0.4807003679822489,0.9517147833481983,0.11939754217076891,0.8856529928468568,0.836517337735911,1
0.47600976248106314,0.22083736713366384,0.35492973217788404,0.07273975953835118,0.5124651561105106,0.7242226720940198,1.108833475936978,0.18846717852565842,0.27395011032726607,0.17570906680847898,3
0.4293645174050937,0.12202422165419279,0.5684366439002616,0.05862768190186066,0.10032042738177727,0.7570416498184515,0.33409338244789466,0.19329490228809443,0.96955708422595,0.22863090010808015,3
0.32210487888196127,0.2883871362423446,0.34036109552895755,-0.026696939673017867,0.70891797151072,0.8467739176731857,0.6712467107782643,-0.012421925258896571,0.6420588606669102,0.22674118212440109,3
1.1678075626715723,0.5650958788342121,-0.1316604983840995,0.4203523732288154,-0.2804443500222371,0.5275935947752693,0.6914947676449743,0.6745589043696726,0.028785937431735686,0.4389646503132681,0
0.4832720995104677,0.718257934800871,0.25512173408589484,0.38807086386296136,0.19995532905969796,1.0176160656521145,0.4360568711593669,0.3513300196521688,0.15398491912043524,1.0888534289874232,1
0.2961447917126989,0.8596907350674015,0.6022940425104515,0.5612416227853819,0.8993498482983036,0.5705040278371906,0.7483828205666225,0.6461783599499376,0.29250284315952413,0.28344876720474593,3
0.05891595126400348,0.7757027964317215,0.8469647850074065,0.21805018033933501,0.9874643397502282,0.5340498280183174,0.6856312598609745,0.46227920903588315,0.7151927869641036,0.5058607520499053,2
0.9402893942751791,0.644690971437244,0.6820505570071248,0.12108868431266212,1.1038296206155414,0.7996063267247745,0.28481179355347896,0.23308059099700687,0.9101451904156289,0.5066444542700971,2
0.22378914903568925,0.3865955148488156,0.9699898364669023,0.17943057081165817,0.10748632562114468,0.033986593543984735,0.8789993493317885,0.19374345002005494,1.0164505732461575,0.17859624981085964,3
0.972306389124689,0.608497455477988,0.2046584710469519,0.981152507867495,0.583431442186278,0.6512335739205838,0.4950238692435944,0.9754465832112326,-0.03672345120683924,0.015999323805318162,2
0.056076251433919616,0.7741748717077758,0.8461407923702001,0.21875557117708053,0.9873964180775392,0.5310845395077808,0.6853752152341713,0.46172855155265907,0.7163412037518494,0.507598048636806,2
0.7488869384654194,-0.1650456900940276,1.2450230808507077,-0.7684983493108821,0.7467581022503712,0.8327148223736136,-0.3790067085922362,0.8241983553636864,0.7027104886776455,1.2704335911825098,1
0.5642035845250404,0.3887531404150743,1.1857068792890582,0.2437906842827014,-0.27381277523415437,1.0051174816007467,0.0027556491841331243,0.02624450113095378,0.6440422650118486,1.2383829683437355,3
-0.3618596632692525,1.2193165323804167,1.0445617004524566,0.692097807865028,0.8543731015577473,0.44611787983086226,0.6616639601511044,0.2822553249953331,0.5535513973297004,0.8983373213367902,1
0.47666623576436734,0.652301565435439,0.797553939289024,0.5583759653863595,0.10490202141642868,0.23333114122153073,0.7724860482768746,0.2873353839412627,0.6881223797659504,0.8880400690855178,1
0.9481154425376546,-0.0551324855442219,0.4110717850064066,0.011507124642065714,0.10220759522419656,0.6341165066874093,-0.4452523531336723,0.7783379588885458,0.9113633639827714,0.15883202499354537,3
0.43482028632504816,0.18443340041488593,-0.02659340205945432,-0.11000969519135329,0.6055166633467074,1.0943620106542784,0.5873178178270967,0.46664178421271996,0.28304032235253984,-0.057845434756929826,3
1.1225262934155766,-0.032853034639996365,-0.11621047482472165,0.8178993156285503,0.8006164600296125,0.20021224595675846,0.6659949107139717,0.7382252927164885,0.7648314617705515,0.8491936276575416,1
0.779971862367497,0.39376051184227423,0.3917403518266064,0.21191505960752033,0.28950546665050175,0.5297154054052952,0.25662276090235225,1.0032198282373075,0.17837465832245525,0.27441326726408083,0
0.46200320885237206,0.7245887586758941,0.20328081191153066,0.6471068718884275,0.6445957691297419,0.6222692536620148,1.0266963476636268,0.854198670279701,0.49796066139400763,0.38446164012367984,3
0.660220678603368,0.24240751580066291,0.8975846362218265,0.5551399093962573,0.6181014053336239,0.004083245982584721,0.5914014849675032,0.6402098601061592,-0.064033153016653,0.16099064573488026,2
0.44070718660739405,0.4174842300480342,0.10833500805128683,0.5380226646833999,0.31400000930271327,0.08341104151060383,0.06394093476540576,0.777436148281464,0.09851297861197841,0.619369162929372,2
0.05139476620239457,0.7693458433440276,0.8505818477330246,0.21449403274269743,0.9813406202738278,0.5363845262190061,0.691034072204388,0.46887989171064176,0.7085703359712325,0.5014370041531169,2
0.342668231691568,0.6623566300999075,0.6474182094607389,0.7485039166108929,0.42296925280768405,0.056381942709476746,1.2904822357989376,0.855632502133169,0.41689366288932467,0.04418083673408648,0
0.11289121154518193,0.2992175698994734,0.14612336275827495,0.02765964031844214,0.3005954848885054,-0.09969942116510341,0.30050704836705183,0.4411203824689783,0.953282009569966,0.14612549807745778,2
0.9719704225232023,0.6925654145140422,0.6587446539388211,0.24093029891268283,0.40710753375715664,0.4824647474720296,0.4250863123168732,0.9519953271928931,0.6650667167598411,0.8403185937865048,3
0.406902226539613,0.8614868587043518,0.4814189186773901,0.748007114678328,-0.04700999402507627,0.22923065755451655,0.5303687883416617,0.25266779791393534,0.10990506541442918,0.26914916952792833,1
0.5592160752192588,0.45722764691985524,0.16681052643683073,0.3965219075096045,0.41386198380576494,0.11604238943825862,0.194620470585405,0.6544600654543469,0.1434710915442212,0.6045571547496766,2
0.5251975867915477,0.48843511755107055,0.5733855647295729,0.6905292493794554,0.603425406930319,1.0158191093487845,0.5124753433758217,0.42009633785100087,0.1453786874993327,0.304174794473879,2
0.9574134696991197,0.4018454170627439,-0.10999387615306488,0.9895674512327617,0.0033026182439463286,0.18915336739401348,0.16415950363046908,0.8698623316626629,0.8812703551291134,0.08326578730741027,3
0.25435523082754524,0.9845142689827215,0.6948062170557897,0.49316456707385836,0.8077860842099913,0.6068772737256828,0.5976237192587184,0.5211813511896551,0.20487783049555844,0.3502338464973898,3
0.013762631400319018,0.8249758701716048,0.5953261944564404,0.862176584727552,0.2174346518974052,0.26568208719614345,0.6923920678104182,0.7646895166417724,0.8368935671621591,0.21310362304523034,0
0.5941420348398273,0.6773051688155336,0.12783198604389825,0.7365435575648424,0.1917963714208524,0.8886632631412119,0.09929394858506642,0.3388339276886143,0.0707024535748227,0.3109833980955005,0
0.012967261774474964,1.139161543952627,-0.23116075143973325,0.8992236473683651,0.1651341049342162,0.9407760133319562,0.6304955814365913,-0.10875120966461568,0.1480372199197056,0.9351008063761551,3
-0.34359116331794937,0.383831265456578,1.0331620551028489,0.10388012979206085,0.398009482231204,0.6877117845362475,0.16181689259666743,-0.014345753329341293,-0.4145718045080897,0.7497272456915292,1
0.8708557161274998,0.704687518133825,0.5334891197092386,0.42600672003851553,0.34685909334170445,0.20297684372237904,0.2646062953220046,0.21308543241651484,0.31920931854870715,0.8892412723535502,1
0.678819338958758,0.13029845398362386,0.71894723087046,-0.06560286296098386,0.8348849962812026,0.627269268617716,0.5948430159219038,0.7488389085559934,-0.08413179744824548,0.5947382538715035,3
-0.006615537881334135,0.12243518944603377,0.8741932453777865,0.8081668224638453,1.2208511907105983,-0.36074682251688067,1.3379933693673718,0.08506601715539464,-0.3246077162476273,1.6539303595846993,1
-0.00879407082113387,1.324372424903787,1.0138043889808803,0.38438620680268887,0.11564206837189478,0.5384491185143285,0.5936460665196898,-0.14905111419101347,0.5505570499832697,0.9955597068286044,1
0.9430350142074682,0.3878284818018666,0.07711670133106248,1.067042860910438,0.12036381434489433,0.03258630467972172,0.052486896122369835,0.777917371073084,0.8349692414626908,0.07189582206867326,3
0.061475489323958334,0.9324909902945068,0.6632071430957628,0.2984716188374688,0.9006438456885545,0.3785670234572448,0.6314137023530738,0.547935906494891,0.6997780599606825,0.6789645491013038,1
0.36108865712709837,0.6877816191922483,0.6642658990399681,0.9246667530713617,0.6945440045147776,0.4618850622860013,0.018700111324877894,0.7776780349341768,1.132336243671788,0.8898105974059434,3
0.9005513523511682,0.4144709071236088,-0.043412713672375244,1.0277900681385623,0.09491381546271238,0.0628183438913036,0.08886041975280179,0.8426408683224036,0.7154580585786348,0.1009541356362562,3
0.6581470526045152,0.15757579832607263,0.689859131984724,0.11678856864439158,0.2636707602101721,0.451001640636276,0.6298522456632678,1.0258989122760076,0.42607180903355324,0.42007616675002624,2
0.1824785923088194,0.357957350406534,-0.10236730784112319,0.08570528020059759,0.5537741701079711,0.0758957973306432,0.07523366794232395,0.4868704960758715,0.8828367912689388,0.1942869759405107,2
0.45403021509657865,0.7777133848468705,0.1574280183280005,0.3459744253716693,0.048266612062388733,0.8419608097908216,0.5644679276070284,0.47149381146536073,0.2508282842222761,0.8692874654307302,1
0.1205120027868122,0.14686206843506439,0.32233048197066655,0.7255825638047606,0.11990117227450381,0.38709305764351176,0.5507442115847374,0.7862982228108137,0.436074971015283,0.3901362703768719,0
0.7787482893094837,0.8116265740626841,0.28548152512288527,-0.15014745132915341,0.9132338603543613,0.5491468737581794,0.915801990737048,0.07546456832485327,-0.10720488989574428,1.210240253561585,1
1.2437563962617537,0.4083759387023508,0.5840581144638084,0.35793553028746616,0.37579902830239453,-0.1730112022556463,0.4369507851622998,0.7479093609493955,-0.2670235812651361,-0.2825575318443504,2
0.15216074562135734,0.4033877470268724,1.0261839247521545,0.21922056472974313,0.12193496207274138,0.00011877310989893974,0.8973870178841739,0.20762501262601363,0.8921624094479719,0.27941214965269334,3
0.31390851395547736,0.909725760273762,0.9655112891659355,0.5713929263745741,0.7270388803385859,0.2021692148072917,0.8452981054631212,0.9798103258875389,0.5146143176809632,0.09419865558381772,2
0.9850278564535486,0.491368174552205,-0.008936499176070523,0.9004062462155098,-0.02943084848177982,0.2323103482351259,0.07763577346806076,0.8213157292861414,0.7060538321493597,-0.03833921146444419,3
0.11625407909117315,0.6722029160042081,0.9343692264549258,0.634890389357095,0.7005481654312513,0.6240557170302088,0.4006808907023164,0.4597781679931004,0.3176017013689418,0.49954552666157337,1
0.39089779430384797,0.006964279066287216,0.7076354044546618,0.07254443215882211,0.31507992604517104,0.8291391831156081,0.4448901298062566,0.5555844567627183,0.6421577273631413,0.8798561035143164,2
0.9353066876443679,0.7199040522485332,0.5348492952895447,0.4486086531748648,0.26842604819387195,0.23969461177187862,0.244443224642536,0.1612731172700676,0.37659698740505965,0.8737236432410084,1
0.4525888721629801,0.717451530531523,0.8124576629014979,0.9588143728172659,0.9253286635515705,0.42205958906013397,0.16663402602503052,1.0218750618987007,0.9228366467805411,0.8947976480556212,3
0.1977078126966066,0.3212850087706467,0.7485102625318456,-0.37806664637967813,0.7342934207768902,0.9935707040541721,0.48707087637749724,0.6227623742706115,0.12931824025926333,0.6121494773212806,3
0.9430916257308153,0.4709639180290956,0.4656675069393822,0.524426022588375,0.7599196594359212,0.974347549055575,0.7628423966194849,0.3907267427603466,0.324747068121103,0.5145411837362052,2
0.5388933587325548,0.5531843502490732,0.0666588634750051,-0.43440182625184837,0.4406716439555382,0.4444485846800805,0.26972420715780554,-0.01359091841499796,0.9453916684068624,0.6861973129188049,3
0.12404546776039879,0.6630350706961582,0.9095772988563449,0.6468055721759483,0.7071739201615159,0.663904960418945,0.4101091752703993,0.427617254520869,0.368437140806654,0.46934392224728955,1
0.846322995635903,1.0187872681094037,0.569171470994706,0.3745032387634768,0.9105761128152887,1.011711541227295,0.3020289268129701,0.3424364064425758,0.8342182895509329,0.396922302524843,2
0.3257122234941925,0.6977353516565602,0.723303093422263,1.0665131044432143,0.879922166043908,0.30964106836581096,-0.017172864675751853,1.0157680615478903,1.0215498312431115,0.8503063371549981,3
0.15456154463168545,0.10732853444645997,0.3640246823483939,0.7469943523570042,0.09448520107173952,0.36165508778507693,0.5311554518425747,0.8459190918866069,0.42835292738565006,0.4325360005297948,0
0.4148546325199802,0.36892062062622916,0.848873963823711,0.41548900287263024,0.6748645456644248,0.16637937061418573,0.9014230428031659,0.6510359360167373,0.6234934247927758,0.1511662175584827,3
-0.24446919561277053,0.7978205764623494,0.6494408292126119,0.0788852373818953,1.224795782175539,0.9839501632712974,1.0876402766337858,-0.3000654039085011,0.07330614828210513,0.7234233922779592,3
-0.050104834514474006,1.3036866270017469,0.35245391636410484,0.5536666681180116,0.3120838394451377,0.9938250640409764,1.080439131992422,0.04489505976094574,0.31626524268749334,1.1749586386343958,0
0.2717981870169637,0.9527308755579716,0.674816551738979,0.46691703401362467,0.7882747432959987,0.6315639086788014,0.6078811977837114,0.5123884346991132,0.1735707698474952,0.3431046308416353,3
0.20292865584128722,0.6189313295549125,0.656349561757513,0.38454365939430385,0.5156557531823585,0.46579103857730975,0.30198243867217467,0.7942981834084858,0.5946701073282656,0.39729733735404404,1
-0.0407673786336893,0.8506212325510019,0.8527171327205675,0.8465955803825707,0.2688943600975811,0.24597978538191098,0.978953133696945,0.62574036341562,0.5980456858696916,0.0582999021106634,0
0.21730759376284678,0.034772730502104734,0.4613626983883403,0.6499035107167952,0.10899905266742241,0.44214360290033916,0.4689344327305244,0.8170533611848521,0.48463778699025106,0.4098214768088796,0
0.501057990688544,0.46841782591763115,0.25181957378385844,0.47940138061014637,0.4308068578118971,0.6467407175368229,0.9608365231999842,0.8841997887767251,0.5249227823389988,0.28307543025736714,3
0.326336251982287,-0.4760413248436842,0.3222061383204685,0.85414498767819,0.3755645879329814,0.34336208411691993,1.0890986420214044,0.9911590659266237,0.6238355066334216,1.0979892989677287,2
0.29429511177735246,0.9931028311397795,0.8132269117477512,0.23727877201794995,0.6216467415638192,0.5490220409684903,0.9955000904937632,0.6880671821228257,0.8039062096027594,0.47953557863574925,1
0.37565787621067487,0.970279776148235,0.9161093410193799,0.6490861082821072,0.7985980553130805,0.2634371007495221,0.8717833118406935,0.910197360069774,0.5473442919495048,0.03404063749102311,2
0.9468803150719796,0.48241844481559326,0.024039989711020303,0.987954324084468,0.036985707629078254,0.1286478091637543,0.011232322335081563,0.8793862411208192,0.7977452275695638,0.03971192133348816,3
0.3872878384928551,0.38929427585670207,0.8523450148220827,0.2118566352663864,0.19988792678968592,-0.1098313889341081,0.9183432952039859,0.3080414400128233,1.1112837515149598,0.20608854257707876,3
0.6559303798325014,0.8506931933092631,0.7190286520778216,0.36870986754359814,0.8466287495771712,0.8709201762296902,0.21103508234537,0.4153920808350851,0.6243212551271855,0.506807985675992,2
0.5553215083872158,0.6457058299924048,0.49629419843669914,-0.2178649593307932,0.804200717719751,0.12550185317004375,1.3447057872661088,0.9664052964409768,0.24954832664207938,1.0367001320310902,3
0.37640289684885536,0.585145591467274,0.16382128214693956,0.4912377724769372,0.46714650546493885,0.6531295628134426,1.0310465628981111,0.7893704049569844,0.5102402683058076,0.2154315599277963,3
0.03184142193790185,0.8613857733253873,0.5515208836634887,0.4577975131670058,1.513377711335739,-0.5077363648984081,1.2151506991771879,1.2037913275501757,0.24280645557360608,1.118945652103758,1
0.38832550852877407,0.8543848459074367,0.50777377405639,0.8047337252117077,0.006255081571093361,0.2899621299713212,0.606353962367088,0.2774491854140512,0.1428884613332181,0.18597454651036546,1
0.9392194374155511,0.4806443055411619,0.9574099611844675,0.7726344014305294,0.8694258875337545,0.19564792845246726,0.7528248248215244,0.15793003531578392,-0.0345243913959785,-0.1722106249947149,2
0.06751370650662608,0.9955128556440436,0.028570710174142595,0.2586476352975448,0.7187909280489543,0.8381325657190909,0.627350378545976,0.17958311218535344,0.24435222045194618,0.8331805582175696,0
0.765677472011135,0.36159350620746933,1.3082135900845009,-0.035482633356765325,0.7523330776830911,0.7640079643429468,0.1556872183150821,1.5325091543427112,1.2366728494287735,0.8609332735582156,1
0.6958559457938126,0.20537554268821462,0.4656313322133301,0.2303943335278137,0.6176006419665436,0.2562313101573786,0.41427999287800765,0.691816163229348,0.09268375686079913,0.5664072647553913,2
0.5889801507919049,0.6257941179696287,0.8799692019089355,-0.2614363912241005,0.36240392729036475,0.055723571129280766,0.37788526892021435,0.8741601081939551,0.3530085458659189,0.6131070253660174,1
0.45476076270108534,0.8445667028454004,0.3537024510552552,0.9497591255363234,-0.07312549879933726,0.2189192533958313,0.7360618836534029,0.2370071125048448,0.03518594315671893,0.2722319509508306,1
0.47539872769414304,0.8510828102183565,0.5801762649055269,0.7352913437894413,-0.03041581137238538,0.3165635402134809,0.5704515954106106,0.23888511073181826,0.2223133956366573,0.11357277921230215,1
0.9604881411632068,0.4110294155920365,-0.03671161483341972,0.9829249922924245,0.044841186624254216,0.22147636881467217,-0.06188331762204137,0.9614164230123339,0.8804434346074115,0.026369510882039152,3
0.6798256330261571,0.7072900045757733,0.04942735429453632,0.978057363188347,0.14839894550023805,0.7615922685508657,0.029463514243082883,0.5138277958355897,-0.016182414745050833,0.11510310481207256,0
0.41084253833675877,0.8557284024119963,0.4992972524932836,0.8254253583165256,0.007779208780880859,0.26010639830603266,0.5820838886678865,0.2616104927896309,0.14135642826224767,0.21760272752404516,1
0.9754619520086072,0.5236386778316915,0.07675972774041889,0.9981486746656861,5.70312845690063e-06,0.13603883058646488,0.027788442816172612,0.8894738768376348,0.7200800287824494,-0.0007467735162159442,3
-0.02741618472738755,0.8876252539881846,0.13799642354260894,0.537408790810888,-0.01876744606250108,0.13949097065053656,-0.05095932372245178,1.0035952149495657,-0.1811521461073799,0.958419329324917,2
0.5766509025164105,0.9507392331640466,0.3209044961497953,0.5470411608282201,0.9491062698026915,0.47585738716185133,0.9748004841206194,0.14955968171188078,0.8384496615923049,0.7740389892408639,1
0.38838105062687733,0.853156510255971,0.476734282569525,0.8014079504744301,0.006121186341084124,0.2630579545819392,0.5990558430005207,0.26060270791023304,0.15386983335737398,0.2162934198589969,1
1.0234107013790923,-0.2802996123197627,0.9845153277928287,0.8826906605443791,0.37698460653012833,1.084174778257166,-0.3738531709853741,0.8093177445438218,0.20512666898515958,0.13534711058784793,2
0.9642065484796583,0.44895793271797624,0.013471600570010046,0.9688793636522858,0.030256490645518885,0.14433918984068772,-0.022838437807514995,0.8929303364457293,0.8225944954197509,0.006908290558182872,3
0.7973616333201982,0.16080985695069627,0.3993490398291922,0.45215931925495073,-0.02430751126234658,0.2928150051693444,0.21649871845793744,0.6085459810390315,0.460980875257945,0.7632798325602932,3
0.1443270418938422,0.4455249811077058,1.0857102894606598,0.21359499871540125,0.14617849599148747,0.12153501494377082,0.8789092362203056,0.150036625184458,1.041434282488742,0.14254805549318866,3
0.8953576986534248,0.24653361005923052,0.7016901734716551,0.664040051941399,0.2931606849793395,0.07630895327093262,0.3071750036527907,0.4783612880803334,0.18336525942614793,0.17726810212797792,3
0.9977436358413521,0.6862037034587594,0.6721042030367002,0.030713069632966133,0.7121809640974657,0.46185481176187065,0.33680160704251627,0.503110118072583,0.16344789697653284,0.3389532356750313,3
0.1277731028735792,0.6213413063889652,0.9856693849213993,0.6954573833986153,0.7022261060205345,0.655266645515635,0.49035965460462394,0.45443480538971603,0.30778269221541327,0.4325527298081842,1
0.6648321664315948,0.5535550079710773,0.6843922562729325,0.5380622261611202,0.5173216792307941,-0.05247759366189905,0.7427891612881792,0.5407244057629689,0.1637392893581887,0.0925658256000001,2
0.7417873997396259,0.7325741529329304,0.9842205269954989,0.8071554231640492,0.7977046316173545,0.5922403791037189,-0.022841945507050404,0.9774925636177599,1.0678269953506512,0.9149476556343932,3
0.06371299903098689,0.6297272215065198,0.9732578431322425,0.6393241858444016,0.674273891584243,0.6557265270807735,0.4012184286819819,0.44284655090287395,0.307852338794957,0.5199339505477927,1
0.057605889891109464,0.7753931481178216,0.854061475233156,0.21248378287739997,0.9825093646484384,0.5311974694541912,0.6921062993583764,0.4589198470275358,0.7234478771302904,0.5143600235038819,2
0.05455114476471988,0.7742983117169712,0.8400982138219812,0.21345832269955484,0.9852679612683034,0.5328266122643682,0.6813152236847673,0.45957608311695985,0.7164527817399726,0.512913381669769,2
0.513870417419937,0.13879689929820993,0.49709708452361573,0.31439113022330467,0.408774895917834,0.4842577806132452,0.36886920019180713,0.8054343796128252,0.3061494004425637,0.6027630449691351,2
1.1839352030748331,0.7705645505199145,0.525229261233986,-0.11766735326517633,0.6671977399054506,-0.4186011005423689,0.2216309377079046,1.1145462097220495,1.2437571813260402,1.1503758242337097,1
0.13258236680320792,0.13297328648872572,0.7928904269038679,0.3582915290696457,0.3048590856126413,0.47531304981747563,0.8842175744108345,0.6536066590279467,-0.022320246459035326,0.3635703400413992,3
0.4577952296320198,0.6152037726009468,0.04293419146455197,0.30756760510123415,0.15573301029475892,-0.0010201827998183588,-0.11517320594711755,0.45036683367438457,-0.21698455784388437,0.837676145020402,2
1.1362493678383663,0.7860092373438183,0.23323411846680958,0.7097432728819624,0.2224842397146803,0.2361943055147194,0.10457642777159687,-0.12156141142962507,0.20170286307947197,0.566588102259735,1
0.38094420897234876,0.7887241718349247,0.4918203228085414,0.5978021338964492,0.1806401361836709,0.03846907920042131,0.5171696130168345,0.23693878867173923,-0.06777044741184757,0.3386979650377033,1
0.4718021642034631,0.7872790520436878,0.15402518295803247,0.39586901351429626,0.058027306821258444,0.9065452104525156,0.5216154623068257,0.44736563602994495,0.17407114878697172,0.9393799636795039,1
0.3879044858001129,0.25075551065775703,0.35566207806523176,0.206398361700718,0.32560506169028386,0.9313756700012545,0.9193579108155873,0.25261912668640213,0.3979023743941857,0.01386683032616104,3
0.4740422835687053,0.42856633108276565,0.7853164504469733,0.517372121823396,0.5586436563278625,0.26677247327338627,0.7934289282841474,0.5350059762213606,0.7604906113004346,0.06765374543415426,3
0.5147849698648345,1.1631915456684745,0.70563646626468,0.411216968372366,0.6368696711523351,-0.08257874217564776,1.0856228756689779,1.0338571654351079,0.7548703217974115,-0.2117385897270243,2
0.21949245214267848,0.6820613197548013,0.631376191972541,0.9570128695611304,-0.06270873677400346,0.08976503262337085,0.760022693666108,-0.15409329920919745,0.8522993907216698,1.426620005676086,1
0.8163475949986829,0.6361347401878473,0.2576510632818655,0.15395947164762208,0.06663134586261563,0.4839877415726626,0.31202401371747196,0.6960451697760978,0.4748604587673242,0.30802345721492325,0
0.4552981450088124,0.5325961933239347,0.18701042936073703,0.5699793274251116,0.49967262646199573,0.6647112238621271,0.9569573816924033,0.8742479094707474,0.44291053381736917,0.21033570608976998,3
0.10311897476121717,0.8394428905302791,0.8984647131388341,0.9173162451056497,0.12140624831791934,0.11190663227960576,1.1200420629410848,0.5826952346567319,0.6026214473226912,0.1780835868104973,0
0.9060328164687868,0.05819666787264077,0.7159126236093853,1.4150307127295998,0.9824333718731304,-0.03651697540912004,1.7124950181859784,1.0364409238836503,0.8192337099258638,0.3223977775992475,1
0.23005789247963881,0.456970375755299,1.0065780391821728,0.20328073423075335,0.22192104878074329,0.04384337114136963,0.9688622868713539,0.23606835195873158,0.9892338874060757,0.26469228409251994,3
-0.1531180600194315,0.7362268665610592,0.6721950808762464,0.8148658325113509,0.33621537034652205,0.15871141923834642,0.7925486192115674,0.5789083356088128,0.742937035417008,0.06263164060690539,0
-0.3794733290305321,1.2554127637162185,0.6185693594468797,0.7710798436304154,0.21536989356662528,0.6194635289269153,-0.20252388357440515,-0.016647603656864907,1.1530345467916026,0.4621558690129264,3
0.5326741388164029,0.23740143216300427,0.8486901329180827,0.28287115625660086,-0.07318974120459026,0.004913636193547795,0.6743705283299037,-0.07932770302525433,0.8597393168613021,0.3347292915685559,3
-0.05803211112942075,0.6552325783260073,0.5050353044149746,-0.10220464266731723,0.7164516131362222,0.893350919668015,0.7996738040889755,0.3395764471292346,0.48686967798239333,0.645218195869605,3
-0.1201429372468534,0.2828906801517498,0.5894009181518387,0.19136496866511138,0.4426906874390534,1.0029077399829494,0.1953493946027629,0.6512582136123191,0.9465679600333159,0.5189134170335095,1
0.7444018761918676,0.5542624543175843,0.7884767510633831,0.43732910936163394,0.5184749439205103,0.05065163393061156,0.6350280761030173,0.42541231027884446,0.0031810125037808334,-0.01721248329678647,2
0.15835278320388796,0.3256826103767136,0.16996469936204198,0.14663696431401163,0.8205321743052735,1.00504483929197,0.6056719752709622,0.10690436855475867,0.6095153818836176,0.39670130539437054,3
0.4281074343731691,0.42328035258348173,0.08728331592526882,0.5390759396113782,0.34159113291508764,0.11109270891975837,0.05357742277995929,0.7961090113689614,0.06638519541098023,0.6170486040808427,2
0.4267927671139347,0.5656669443209813,0.4006731964856982,0.13134831908588182,0.047153162634750924,0.6455762607965047,0.014851559442548342,0.6249403416525131,0.9388454646131255,0.17718724857068263,3
0.4895761088240127,0.26126960754392925,0.7336445958245001,0.34987213546599405,0.31527338398665883,0.26015170642206464,1.0821793225183989,0.40357674022479373,0.7681871475586713,0.18276034659693022,3
0.8605392175489845,0.8991278384693967,-0.038642752001462,1.2180449748632687,0.9036498492381024,0.817820498640772,0.39916610243752637,1.2228557698360767,0.12215824644377742,-0.26060721446335805,2
0.0600055467183323,0.4582472189769772,0.5073546402816642,0.07981373799631027,0.9590166825493369,0.6883125525532681,0.45437240263014567,0.07030508637051737,0.6839752170931497,0.37131379563005307,3
0.7790453240825718,0.6995268108412893,0.5346723027168251,0.646860570164888,0.33251211755639637,0.663918452006282,0.7863742189313857,0.12101856705990288,0.16964850981503735,0.19453702155386432,2
0.5086420347800025,0.9002886892003299,0.6677019212489076,0.8117182346951053,0.9230466450275574,0.3361180498815424,0.2773608969665534,0.9055826101011963,0.8561586211151152,0.863200897825288,3
0.3103896497908121,0.9428087247990277,0.7670797445866793,0.470994177923096,0.837124280938135,0.6732184052372092,0.6086315472017223,0.6708691033772421,0.33310154347071225,0.5100487105093469,3
0.8939717110447486,0.7467554753533655,0.2933464601332393,0.8651440865551329,0.6834522347889196,0.5630706972871581,0.5922105754861053,0.8952811345921005,-0.11067699667412333,0.10103424259382396,2
0.6688132145555589,0.2716089901288393,0.4915006951947021,0.588484934668299,0.7093419395424312,0.33221617213456156,0.16097785072590642,1.4929515287476178,0.010309901712883112,0.03886985094780528,2
0.6123930614895545,0.005047869527698229,0.3275368943124273,0.7904152032394423,0.5131901135020005,0.021941427773801148,0.8058529997517305,0.7041253263045159,0.8141496061169804,0.6787083953871075,2
0.9233806725019846,0.9148915487476965,0.6535250579268114,0.0984498699285267,0.413001773829002,0.3146857917384944,0.541791581955224,1.155354390519979,0.8142987550853877,0.6868038506513419,3
0.05988782580843105,0.7705174518796226,0.8447777044068766,0.21514593134869547,0.98682877839483,0.5315026985726659,0.6818844122955382,0.4585166942292216,0.7186162218762187,0.512992215552672,2
0.2051685412495926,0.4272596906617545,0.5054237280518913,0.2507426024730206,0.7065579784796673,0.8955843289080802,0.8795881370949162,-0.06998909969465314,0.4594126253438675,0.5883059009634386,3
0.863367697625651,0.5896330120942999,0.6392963910429185,0.5566630972599793,0.060876724172918825,0.4010532794813993,0.19816819350574427,0.49500183341195436,0.35279455991634584,0.37377266986907276,3
-0.08715807825936067,0.3068279296755649,-0.012508350953175148,0.21230918591756717,0.5007970928423363,-0.10173871102654292,0.21960055677636336,0.25837443126524734,0.9041327279280438,0.3898898568513108,2
-0.027575318049382486,0.5497011072174672,0.9963059065680365,0.7025804777407736,0.6015496890463131,0.6444715981454482,0.2415135706159832,0.6568839432543824,0.4185910358102931,0.4362337304953464,1
0.35401541386665625,0.9822025302359126,0.8167433601815394,0.8738054822782856,0.6558066280419279,0.24036056380521809,0.1597599260284955,0.9765225269734573,0.9751703977873525,0.9038891999031261,3
0.24952144385430888,1.036276785352612,0.5268332493978981,0.8955829222089915,0.1389311786715861,0.36934068210669146,0.7396545305039965,0.3163201477290224,0.11215035593978986,0.4095870305962065,1
0.500398362249255,0.07952129898074786,0.3922963567882133,0.2521021299949443,0.5521070280353105,0.5205536878266592,0.4013636617051844,0.6925446829761628,0.15409123721707288,0.6845859841486429,2
0.38808261789711623,-0.10746755052145704,0.645131725965936,0.7584228877939289,0.6466439256117953,-0.3988033853461556,1.1703629789708108,0.5072792179195819,0.604405535127141,0.6484380853132715,1
0.5244494156321537,-0.09183544170148908,0.15984271774222397,0.23297284954898823,0.9199946040001483,-0.35767174176725613,0.9966245773523936,0.27569920987004776,-0.04398368599872998,0.7522762051593608,3
0.36459991958673876,0.12709343799684253,0.621677522392852,0.1935040966108972,0.21052940473621454,0.7192212468588798,0.2513274563452573,0.33209762602318943,0.8874757106516236,0.1826879765424968,3
0.20657405288853126,0.4877989758863879,0.6347296784019884,0.198422582841754,0.6346216384989967,0.8794247151160063,0.8240742569256295,0.12128169087864987,0.4041840047482665,0.6235776394534659,3
1.0137739568747226,0.6379715176781003,0.1503567065740594,0.974437304158316,0.5912079114794467,0.7064644943704238,0.5270075594889289,0.958584505538815,0.0019315250734177553,-0.0018216656303498002,2
0.3559344225675361,0.4843111866727938,0.07275598295477782,0.6064490211996842,0.34554380155333536,0.07656696231267887,0.08808913308152384,0.8244482962637546,0.1479547571692764,0.6196465103504156,2
1.158119838498091,0.44288640808128643,1.448576317885702,-0.29721763114945754,0.5412426199378495,0.8699963764293263,0.2752667288115296,0.08254101611413367,1.4937085696494115,1.0178308269403662,1
0.4732401542932518,0.5277175863754135,0.23980134045068868,0.5975421661080039,0.5317414466484371,0.6944797212706528,0.9867045750702609,0.7726309759298539,0.33192595793290053,0.26577583490114165,3
0.7351185420894601,0.21051078072143375,0.3584467874322843,-0.014564336684347062,0.40154056393275184,0.5504188563444405,0.9460739295234297,0.3832262892580782,0.7207211799844648,-0.1605901627900102,3
0.30622013016431193,0.35187341737650046,-0.1395303121636184,0.20241246705259852,0.5991317813141822,0.04609110349197259,0.3265263913965186,0.49387641502384405,1.0171657222979191,0.32733093965243054,2
0.22012134293763427,0.8399373230886598,0.6867729196454615,0.3762859874319874,0.7293430836206553,0.7069258126278825,0.7382001058355968,0.49753470494447316,0.07419595559621645,0.44388568057234745,3
0.05564945977344174,0.7735556380617524,0.8462917887014892,0.21860621917760814,0.9872126322707774,0.5308180799103273,0.6852101447558695,0.46160395180277036,0.7162742302302308,0.5071707001284655,2
-0.09287173782741898,0.7040005667424456,0.08525198162390057,0.5781928050857321,0.11387065193755118,0.345755424464502,0.24568086747028084,0.02409533986400003,0.3055490531001953,-0.04727454364212941,1
0.789130123298267,0.490216915308554,0.7301933499348113,0.5077868865908619,0.633585665298148,0.08279415490606168,0.6715732123897581,0.44024586473758937,0.07803475996765995,0.0779078668115321,2
0.8426412785094747,0.7426487793656094,0.6914357955098368,0.5155988076286496,0.3628508842216132,0.37177454397823073,0.060206482116040794,0.09323146348389107,0.3384375280153458,0.735524107335754,1
0.23802529177007992,0.94106433150076,0.6889905326832696,0.4879778708409414,0.818477438841988,0.6047013434774354,0.5864403393678934,0.5105716351996314,0.1711648047510116,0.3646412708670232,3
0.4989013351665743,0.2066327228977505,0.3124774317017307,0.2862343576416839,0.26981338600231447,0.7342057205157164,0.8408905454912985,0.15694704051464023,0.3308953075400609,0.09026885194559417,3
0.6559005429062366,0.3941162577088924,0.6370571064536124,0.16213215649234547,0.8135672534895149,0.7306980095591562,1.0983076907431806,0.08829007046993176,0.8926307690804907,0.3303604372949903,3
0.9052993703049632,0.7326580330528816,0.5286936045730459,0.4714844601856188,0.27110155162248883,0.2602509654489695,0.22269434178689174,0.14257470466052768,0.38602237629997566,0.8664855087155338,1
0.515127497037119,0.7507957135313341,0.658057274173773,0.9404286494458596,0.7396467832618954,0.4901510009838614,0.26126400367126323,0.9322079184008253,1.0162202324742653,0.7828985457315444,3
0.9569931085968525,0.8834258062318812,0.8766349275398039,0.5149342564568425,1.0313167554491178,0.8514864925416854,0.11275670770974001,0.526589300950789,0.5172758638418862,0.6071311955694971,2
0.329054219377765,0.18729679741112415,0.7249024310701978,0.29447528080885477,1.1272429095047416,-0.1651925469513483,0.9932119682764837,0.5052615236407486,0.3349992761822834,0.8643717049690539,1
0.199367983428386,0.48819176777301565,0.9720898509715826,0.2130570036670112,0.2188488803605014,0.06903660457273704,0.9988499137232079,0.2595116799048769,0.9285227678499004,0.26144230358523146,3
0.7960302954484685,0.3428334241560882,-0.12992694212126954,0.9466169717599326,0.09393175929868046,-0.03804602079697034,-0.04514953644992191,1.0417523712897445,0.9431580164305146,0.1913111081488296,3
0.410821041964208,0.6886860374061216,0.7770646856768757,0.786990831001356,0.6723312024609029,0.11054358284343696,0.9480407864814289,1.1407800764460785,0.36649330193746216,0.12966628636878968,2
0.5215961385209988,0.0883089398888127,0.5481315048283889,0.35008313154312337,0.41761870276322227,0.44068660937962734,0.3565414756683982,0.7834865751601691,0.24732607532099732,0.6109629149803121,2
-0.07132023231646564,0.8943883941490545,0.6279590927089352,0.4318568327182799,1.0310743865301284,0.26656589222456095,0.6860001903613608,0.5946652226740603,0.6102999772106594,0.6069491883958377,1
0.05384079122671265,0.9644414849959482,0.7004422900810947,0.30763156501805394,0.9483072490283323,0.3961561414076124,0.6140631389861554,0.5845474656888544,0.6719654135313311,0.7073537449793444,1
0.3490069822094681,0.9005067211657798,0.6776236499552551,0.7904780577853912,0.4235096282930902,0.27788543391233356,0.9201516183324936,0.12367097028169487,0.39769073691053985,0.7363923118465746,1
0.5566358622758936,0.7629766621901755,0.9446262164765754,0.841531296797748,0.6517378735373147,0.5924751387663793,0.33498549450948145,0.8632712679237933,1.1820625286240394,0.9604656807389647,3
0.4835185455500403,0.5601223845420435,1.2338752450831616,-0.09001522375954724,0.06310715153316529,0.09572793792730969,1.0237402313313848,-0.016651643780155573,1.0402468182492983,0.28575050496089904,3
0.5172645517472437,0.7973000859107109,0.7506587168579147,0.8887906848295679,0.8319404076873114,0.4217130698273285,0.17365058029087865,0.9293208094607271,0.981912084131054,0.8343056964107145,3
0.30966815958358407,0.6837031838769294,0.7995937871526616,0.21103606284295393,0.24284834616242468,0.2927893008843815,1.2305355852813438,0.4478911251459715,0.7809234287146105,0.37113286203661405,3
0.307561378882965,0.41479145262771255,0.46002545621928276,0.2732116713878063,0.5952875916730911,0.7028902974676935,0.8226427487104091,0.2527529775226617,0.4128552431997762,0.48044841078129985,2
0.32818866621732035,0.4956053330288966,0.35056773229616595,0.5824128050101387,0.49843413688687865,0.9053414481443716,-0.024821094006316297,0.4651266364628519,0.4284305205206359,0.10672696417443867,0
0.2333890664962831,0.26698642381360976,0.7198386518865615,-0.12023875577316168,-0.407080292408178,-0.3033830476952891,-0.12666000155052431,0.48205874060156223,-0.08200558985498274,1.0730763471219045,3
2.078474928446062,0.6961508747242477,0.8355533892132287,0.8334672710823415,1.8107114372845041,0.36300007096809744,0.22575515368414895,-0.285124057412244,0.11215674557071736,0.5884361742643929,3
0.37947807244951376,0.6062116373639013,0.6719829253411871,-0.1359010541992895,1.0406227380851287,0.9732803741587114,0.9946528057861337,-0.1665298826224191,0.9519275062273624,0.6969300312419233,3
0.5828098929125487,0.9279282386789364,0.37401841187626494,0.6165971897760387,0.9484808365755703,0.4808468388625133,0.9394827659770283,0.08806863977701193,0.876515486670372,0.9150989299436226,1
0.2766585363402908,0.3987320823135276,0.497493101249301,0.2535929372421007,0.6139374862536939,0.6828086618469869,0.8166408686520888,0.2664857759942642,0.4167954606543794,0.5222096500460682,2
0.4070082160667714,0.8004803630075294,0.8445154589042049,0.8800720258964513,0.9334379468312242,0.39677111203698534,0.3516013684656991,0.9967049548931801,1.0767328947204704,0.750498271072625,3
0.37590069374144053,0.9882814117073039,0.7324727711345799,0.3523462695282601,0.8081676398702056,0.6321215380552174,0.4999204914970956,0.4000731916351551,0.2998209058136049,0.4025948172371358,3
0.8997466564829354,0.6300985556905495,0.13285111072462308,0.11213542938893471,0.005994096606963883,0.5388706011603966,0.3077638435829321,0.7234073422472925,0.453440717448714,0.3778324074867833,0
0.5069305054632921,0.24260766596889471,0.23719414705597375,0.15261334802796755,0.32996929753291077,0.8818612915944365,0.9757237063681138,0.24668887495046912,0.4324891967505304,-0.01308515052750795,3
0.4386886140764056,0.21109913206484449,0.35427084162053174,0.04838258095641146,0.1288784644256526,0.3043865911520742,0.382136629463863,0.7134174154405376,0.4234498516936456,0.4807821381370878,2
0.4119500294815782,0.8378141624857195,0.49059785227902625,0.8310473695483738,0.02135471592574563,0.25871421965156904,0.6064654919653246,0.24449921763049495,0.16203277284567535,0.22689997009321003,1
0.5112421994117199,0.8158606606152392,0.7585864790604078,0.8691515631581227,0.8207091732877048,0.4387564473192497,0.19154121055923223,0.9598699398568987,0.9675774761463014,0.8235904839225633,3
0.41000160358407606,0.31891554222643853,0.21420863235595397,0.4270764297150555,0.3186710694546889,-0.018727622702906052,0.11974664484532768,0.7196560752672957,0.026441851430911455,0.6129611851282007,2
0.2648541464803845,0.9110686277223069,0.70790213190527,0.4283820862797473,0.8312032954297437,0.6699400326521079,0.4982719914125192,0.5358584767886632,0.11433836114876594,0.33888023048456023,3
0.30460123271401984,0.3663641279363319,0.3097371112788618,-0.020001753779490712,0.7748179550009384,0.9023910916985877,0.687802994566906,0.1007202313457454,0.617710894091765,0.3881812589762017,3
0.3124030528600573,0.39617460028263973,0.5525629068807429,0.8731499524811455,0.7784897607640603,0.20343306431061556,0.651465596983077,0.8769628566295958,0.5158977524333428,1.0084417034158346,1
0.3089785682211679,0.4269061046699643,0.4612317730226355,0.26508993476599624,0.5943781652247353,0.7117775368271111,0.8174437727996527,0.24830929438599575,0.4080005606144718,0.49262182702161333,2
0.2494359167167166,0.3964152016156258,0.5559770671275006,0.2444453739953464,0.68694361361638,0.9109124338783847,0.8714986489675943,0.1311464145810144,0.42032948448374563,0.6341038350425451,3
0.6755999854138133,0.4205995314967073,0.5775150851188031,0.7434604123954919,0.5932648306848325,0.9716228876789549,0.5962890693777194,0.3315148791800288,0.2287441532610533,0.4295932072806988,2
0.6256181352736027,0.5815787691791532,0.005930602103204147,1.1075900739160247,0.016506380424766404,1.2034152739471375,0.10562895481635193,0.38938080109864054,0.3938207907575123,0.4024202820902663,0
0.4161114163116603,0.7933391954799883,0.7066384023438484,0.9804457814685857,0.6922267940345632,0.4956175764258912,0.2184060650421706,0.9423607766851305,0.9751545564284796,0.7738733118093496,3
0.16364320641511845,0.13231449087316927,0.37517976127773234,0.721358974235697,0.10022816693487548,0.40399356478803405,0.5614347639080198,0.8215872492871722,0.41377771296321153,0.44062613558482955,0
0.7045318925182037,0.44670802678720406,0.6174140639278664,0.729814646262144,0.5429304673015746,0.9334774706529861,0.6468207295526095,0.29514141603932115,0.19734824040222665,0.4538537219972608,2
0.4187533711537361,0.42674594332881827,0.10898872002502194,0.5309154996975988,0.3329459378416284,0.09726425751850262,0.05825775660110227,0.767686115805406,0.07579378112432542,0.5960591881213346,2
0.9962967487208036,0.8200742299400755,0.6213178852856909,0.32141750566253174,0.4825608795165324,0.5520288955553265,0.47552405688068256,0.9817762423931258,0.6901472375749881,0.7077326096724237,3
0.05611100117342644,0.7738092998413444,0.846472771646829,0.2187023690417683,0.9870738098476548,0.5312892253138819,0.6854177941578286,0.46168328786326895,0.7161488005046752,0.5073438767348187,2
0.8411012306491753,0.49701720121060555,-0.012063116910873993,0.9848348101354661,0.044905410236070156,0.1262796416630847,-0.08840967176851494,0.9158542780064606,0.7015769365215997,-0.0014271154896433255,3
-0.15700063346356735,1.077612326772397,1.3512560980633377,1.023433262127101,1.0018389680291548,-0.48980093880935127,1.5697545640018322,0.8213625944904015,0.4620169543159517,0.9815193225701286,3
0.31217466442626113,0.5348670201800952,0.24756898048296808,0.47939105779134344,-0.22687330082981405,-0.038778105900907855,-0.08024222647615081,0.22978039297804298,0.7428249196547012,1.19089379409046,3
0.41753091426091565,0.3100729354304611,0.7620516445750682,0.6642044873491327,0.03564021595022432,0.702618926528868,0.4720872159017484,0.865451989224045,0.09386758416137458,0.4977965371855419,2
0.7795771374462042,0.19358976688468282,0.2024330086472716,0.15696879051536314,0.3117423783089648,0.4881612237402329,0.7581949186552861,0.5581627985618174,1.0484638933637909,1.0737813256388473,3
0.41339747022589945,0.48149405389890343,1.0493728251020298,0.23406920020524039,0.41002265367087926,0.2965217580380509,0.8014019848750731,0.4653918143087096,1.1664344014688772,0.20954991271068002,3
0.8418743154321098,0.6007844593602835,0.003913459999830199,0.7961309238612242,0.45442529192729275,0.6601913833855366,0.4292117384046293,0.8045090867020979,0.14032202409735375,0.16174595871184355,2
0.43878648851084523,0.3769861872278003,0.9232134645083246,1.0640687477405597,0.8590766136097014,0.7921857546291604,0.06977093474210551,1.2312176753708028,0.653225197616721,0.9087014633067771,3
0.9112671580127992,1.2299091998649239,0.22544085665484825,0.4340471684700252,0.10128108556724164,1.0921962449361038,0.20825239631545847,0.9921397645296639,0.15682073026312243,0.6006000124960085,3
-0.12674404486482982,0.6123696737959389,0.2030811623962397,-0.022261869668072892,0.2625688539763045,0.05482569059318753,0.04455642980392924,0.36708097590559724,0.6463338011006231,0.09462318172866677,2
0.8336808252915913,0.22170053637883771,-0.14371910309335653,0.8467808630835756,1.0762077519358904,0.22507706958193174,0.7331490819815754,0.5731654068822315,0.8277923634762192,0.6744041534633711,1
0.2825520694213866,1.0201856126901663,0.7000679732744267,0.43518042816462793,0.7504884063671406,0.5997355641859807,0.6451360702065811,0.5770426813624913,0.13368012285398664,0.410154179264182,3
0.5158949759696289,0.4955244360881481,0.08706581942449321,0.5050857669787922,0.39336413332286163,0.1733139565845957,0.18403572915491442,0.7894228579090002,0.040955451946319235,0.734162037361235,2
0.3942492360571645,0.21221761713997567,0.16293357013518983,0.3528867592223284,-0.43022216638316724,0.8470794029583407,-0.0029468171488499784,0.7940555495697641,0.7840510038229833,0.49272993430773404,1
-0.10601082798555655,0.7322819893426853,0.9453190052787066,0.8484807096916182,-0.13258752292230225,-0.2706569795174978,1.3268106831654074,-0.015083811652002538,0.2571202203916199,1.291326487420312,1
0.019463413545354635,1.1649034550976554,0.706754011317777,1.0850968372437366,0.16482070052526243,0.22970358891871331,0.7059026229118281,-0.17976304856396647,0.6069432014619033,0.45746580752569055,1
0.6853688391285842,0.110987302897289,0.5403880508335784,0.4351081126648785,0.10680871905412326,0.2579751843828636,0.14278858710088266,0.49462971030691416,0.4917185775692819,0.7917753368117245,3
0.16593575891323892,0.37585185390413883,0.22734550695952305,0.03639759877687179,0.748037560120812,0.9427281731561213,0.7455653240623236,0.02079354674609306,0.7511141160053769,0.4056436094656347,3
0.21133608980545426,0.5466291705554559,-0.061779481483439036,0.4943073257593375,0.10511486818904732,-0.17774337401241252,-0.06188429421616373,0.7743108804752297,1.043339528609958,0.615576896816462,3
0.12157860559727955,0.18633227976066224,0.1628625389908517,0.22264522419448318,0.3107477419452914,0.90099527789376,0.27072678324961585,0.32579540754688247,0.6533963523733017,0.5383771614050102,1
0.13043523757863412,0.09856000316461641,0.38562623663653867,0.7218546776425773,0.09061480408638682,0.38795415828773944,0.5337028053350038,0.84435774843049,0.4155067454308179,0.44918565852824965,0
0.4475270421695867,0.9153400364401325,0.4378311530175707,0.7949856471845326,-0.10612339304905155,0.36366989262164207,0.4698801331904017,0.3625146987572709,0.2804866538045167,0.27745812646372037,1
0.07034166830725844,0.935166003357908,0.7688885619535407,0.29691341553337713,0.9542927688438085,0.3061569857309983,0.525032334131036,0.6018205267331855,0.711531253938556,0.7577403561344107,1
0.12806239415509588,0.5595319968183035,1.0648008712652834,0.754444941902861,0.6029875542355825,0.27059193456436265,1.2033528451470774,0.2087074079227607,0.17587426318909505,0.8500647552942789,1
0.1417286255981009,1.5220544302381613,1.461449287656424,1.2282152009899996,0.25819803325901525,-0.2525646037156388,0.1788748758637139,0.936223170866663,1.038040848149572,0.7256056786317413,3
0.008859262414856517,0.3018460852973063,0.4972785702199824,0.9122660644788174,0.6280728300439894,0.033300111026510315,-0.17556367859549107,0.9567650957408614,0.4551695204961361,0.8202216079845859,2
0.49645426267309223,0.19405905275992827,0.24102864928372694,0.09624551714851502,0.3386160044938291,0.8037660192956169,1.0077500487724684,0.29263217029382005,0.5179347546462572,-0.030689412234551336,3
1.0688754686179687,0.6503588577353215,0.5066397803948253,0.2665164277047938,0.4401867897357217,0.5028181190128364,0.6988160521229576,0.951863505966842,0.5826946571891235,0.8524393599886312,3
1.0706221520773591,0.8707553044893355,0.8882622791074258,0.008815701123620207,0.7764574969433121,1.0063480083732004,0.8286647769346032,0.41318504672215073,1.0363512235384922,0.7993181755096265,3
0.14617573659427333,0.6297388375456406,0.8907354776719518,0.639757911870976,0.7542131769673343,0.6522824952114875,0.35878621217767453,0.4750097650837641,0.38349488440713986,0.5098645890028242,1
-0.5759722080971602,0.8889058220161075,0.4780575485985933,0.9013124499670596,0.5232605113994091,0.20728078957530435,0.9879226892630519,0.9009409487789599,0.33366774010032885,1.6085480524902795,1
0.3786990991946946,0.38636918667069464,0.7495826247653816,0.6452992117738754,0.0892365037840845,0.2850032854942242,1.1456075752629755,0.3053992733973859,0.6947568111550804,0.6571498697365872,3
1.1339026519565922,0.7201704217921293,0.30774288756352397,1.0959224268095813,0.6392129707140125,0.6052023986351238,0.54349854282537,0.8616641912593811,0.10505294087075201,0.10840082102013361,2
-0.1939917763340343,0.6404714887722738,0.9592547646271545,0.8887645729023285,1.0653618603258252,-0.07262857823473798,0.5543757865834185,0.8661208027331502,0.31577597610227337,1.1655991876185188,1
0.0960762096480626,0.405149103710311,0.8561356893251504,0.3461966071935365,0.329230179815052,-0.1328995661931684,0.7006449019170435,0.10006873303317837,0.7794189629501463,0.40161726316052765,3
0.9263799784381344,0.48656481807295454,0.01561130619359447,0.9943658792995803,0.03549235423590726,0.14449153650617147,0.018835190242559544,0.8829741721711853,0.7875983005104531,0.05020435858993378,3
0.2623185244460424,0.6666412159242882,-0.04017220570055957,0.47710518690994635,0.3066620969981665,0.8879816568639145,0.005615483772923313,0.61622429526481,0.09909525119290752,0.6208094770439199,0
0.6599378694419551,0.6003380050635703,0.8118488564385772,0.13435387757202,0.09305994728789654,0.1601737996441011,0.2820540487787204,1.0038128745754333,0.90240267410277,0.75760197016048,1
0.2832410593498502,0.09552938055467879,0.40307568125660853,0.04606967363673771,0.23174018088270656,0.6390026805762016,0.9231237531519437,0.2856426009966863,0.660156984216901,-0.10231010185318085,3
0.44815368234322794,0.7628272365491899,0.12798035289927404,0.37427142775867445,0.03518296160448524,0.9298008333021953,0.502583770769383,0.42282874183626706,0.1804943467631538,0.9495582239387539,1
0.30165877109221617,0.7366642268592467,0.9650076539061493,0.6033231346195742,0.6316290560029463,0.48009463106126843,0.19930675554630972,0.247829043120657,0.2623263902294104,0.729057346025364,1
0.7484153866364283,0.8599040182766686,0.42316607472146717,0.41765065202597695,0.8526155854298609,0.46141706946373123,0.9686897499425126,0.274415086318082,0.9587271817462717,0.8727507263008899,1
0.07983858061262766,0.04077330873024748,0.6598895821484018,0.26048714211767227,0.26887844349000445,0.567343454848066,0.86112309387848,0.6610941370752684,-0.0021428309938494178,0.2970316348762362,3
0.3474870044005378,1.0135519721294288,0.5879009295981354,0.4382318073326108,0.8243727052304797,0.6575432804715977,0.6791631606593123,0.5755822894859317,0.10745899963531437,0.26582411822446617,3
0.6962082880031705,0.41525365758390737,0.01047521633793122,-0.1492910975482415,0.13501034495948622,0.7145222555882276,0.02783970356096177,0.5525699651819301,0.5889941258242959,0.15187247489757041,0
0.04729403559216502,0.7835450477698023,0.8367144348489984,0.2092532699651938,0.9904271520565611,0.535410926360347,0.675197408760723,0.45502153830264086,0.7204693571395526,0.510219583234849,2
1.0577781514548135,-0.06951579736132635,0.2197293256393442,0.7252956884317345,0.8080483645112129,0.3338179384422244,0.5080103863989495,0.8204867052079896,0.7441374879451796,0.7043752766467857,1
0.4940138722354828,0.1679077212120458,0.26539097239707193,0.1607391524145157,0.31195272387532924,0.8991454344891475,0.9015650479191787,0.20180193908907978,0.45228402873538803,0.05969967778562554,3
0.41552839548666665,0.877717857258954,0.5039038701640333,0.8005845401023933,0.036202722486482763,0.2639500382335924,0.5778714265339724,0.2639037156628377,0.13117374849746322,0.21812199723619596,1
0.41078973208490205,1.0514274066876756,0.4054100333905653,0.7413032708478665,1.1519118868867513,-0.0517309245074587,-0.08457542609976298,0.4756717969502931,0.5126436012475861,1.2760784992981011,3
0.14103467540286363,0.8652495495808233,0.5888562010090848,0.25201551831676794,0.9256126313726014,0.4376355980775937,0.6791796927015352,0.5312844740270292,0.582899174781037,0.6373901617899836,1
-0.25072112036548183,1.2129377044754663,0.7799665554806863,0.958173519537642,-0.19293311384523898,0.5901570934974378,1.2392412689649825,0.8255183641975503,0.8368828475076178,-0.2697845100288185,0
0.2199404497395246,0.41003492465603286,0.33853729021990103,0.0405366443295547,0.7044003984173528,0.8532334843885563,0.6228122766469031,-0.005900333874824797,0.6155323530561257,0.34178431324959646,3
0.4648000565120867,0.18717028426242727,0.26408590271806054,0.14288218158388793,0.35531665927004863,0.899201637851815,0.9347413437039293,0.2963506740712266,0.43005339546706123,0.065307033986663,3
1.000486591569445,0.7738132963773295,0.7021879412131266,0.21253013592534903,0.46405588853860763,0.48329538898734875,0.3993950244852977,0.8937039198917968,0.7060642645950471,0.8834385848830859,3
0.8871080276338703,0.6089529259476228,0.8533511664427986,0.558262064138512,0.5484357310671177,-0.031682412423262585,0.8122897738555738,0.3272937522603448,0.0797188084278016,0.16202603552933859,2
0.1183037068951075,1.1801106614701666,0.607748190431922,0.5495066442924816,0.43793000641441193,0.48512299031158646,0.8201968449200746,0.7243221005047485,0.4875839149221304,0.1999669626332664,0
0.9416009542586646,0.7048135652498305,0.5149925146797656,0.47939850563723785,0.295781524134078,0.29237732669053207,0.17977209995104676,0.13203948600441084,0.334440127111554,0.8257721285220582,1
0.3057997477427644,1.2225462415051762,1.2668624129119679,1.1075808970343535,0.2918548913196719,0.44781712953861597,1.2826851530626384,1.0799791974246369,0.25626867558274724,-0.5151319038853971,0
0.7333853691085318,0.5950972189269638,0.8437659656866949,0.11342139886870052,0.16536340898650576,0.07135100990594198,0.271539166867207,0.9015793334213198,0.9053947666325127,0.8361480787271292,1
0.38841810835570995,0.8562299502582894,0.4798932744718428,0.8040558282799195,0.0036510332802566813,0.2556095571992124,0.5954839153963747,0.26396091564447355,0.15165308678447573,0.22215648680406563,1
-0.016121378628856126,1.0182190803672775,0.7327916913896371,0.31264805622930025,0.9429554704283868,0.3596451837026595,0.5290085516327441,0.618538732541935,0.7176482593569581,0.7677047886125881,1
0.31704868987450857,0.9071790222907609,0.6877953344812028,0.8030378613334641,0.42947961606434454,0.30166512129468015,0.893007775592878,0.11312406152402188,0.4063119844966346,0.7441805398405035,1
0.5143541009545238,0.8667954358010385,-0.028332338380891664,0.5490079662658582,0.24714343450410578,0.9748529914542322,0.2871752902582874,0.19925538919964145,0.12617252064920137,0.27581990596608086,0
0.5051385345032365,0.1066347816219304,0.48400961794674485,0.34463815172063184,0.39056698539739304,0.5154462145085756,0.3941809265704075,0.8229111058348825,0.31005639447218125,0.5963174108035422,2
0.6213850970658913,0.025931826528617127,0.5508461202934949,0.23468247936922237,0.2636848800218963,0.7442419786206489,0.16924077898493123,1.0142219978440898,0.3262567463105352,0.59517936114967,2
0.26509251372690357,0.17070115468011662,0.23222582238708572,0.2625204803415474,0.5946221979807587,0.4205467915743671,0.5270323802521301,0.5429685941248501,0.4090357981723327,0.7660669007077666,2
0.4153093771748452,1.0954707062180307,0.8023905351341817,0.4132488050063996,0.7728155167283558,0.6879827351446247,0.5623965507640508,0.5583460301617278,0.13497767886895848,0.18165058117874158,3
0.4434801416967364,0.8163123683908619,0.48809457033325676,0.7921298411451637,0.09075515105082291,0.21958150361652834,0.4796964153193523,0.19316286143423392,0.20533040524553667,0.1155907199282467,1
0.32693980686248475,0.6489871424647916,0.9043118156339225,0.7381678949035407,1.02519797869658,0.408787687601245,0.30541381564521486,0.490127268937827,0.6376176951468873,0.20524662890942635,1
0.651950190287432,1.017795589444607,0.27932414043155107,0.5636480445904449,0.9586235178871697,0.5534263325755489,0.9024444790621741,0.19738300838735223,0.9127832426780212,0.7611752132176417,1
0.44611356539503616,0.18144530888051483,0.2655573466216113,0.1725876709507,0.37782169502126084,0.8896645542396429,0.9023723446426507,0.2527947876505973,0.4097859926141443,0.03885263086884927,3
0.14983534548160488,0.06198218620008698,0.42006558922594195,0.7597452322184443,0.11428450402079651,0.3607901796609438,0.5415256384959356,0.8395931784981133,0.43085957604544795,0.4808838066550994,0
0.3029636407495365,0.9708143917417382,0.6410098927352961,0.41226242275521796,0.7146236107006453,0.6743134248023102,0.6265353435804463,0.5892158444981404,0.2671827269978783,0.27723237059541495,3
0.3730823730930583,1.1010531050543853,1.111388075228307,0.6514941718140173,0.9327187245622262,0.30617741839861945,1.0400055252154257,0.8716297749454195,0.649980897543013,0.2935001626258653,2
0.9890152532970115,0.6942643092088326,0.6355791472655677,0.22125373856868658,0.4249021942974455,0.4728355742045742,0.4257556997632352,0.9757964186811308,0.6613850401753192,0.8036033753696512,3
0.21505535086119995,0.9466492185437397,0.25881058198505236,0.1758895610016219,0.005516095715483282,-0.2574460207256114,1.3729637396843133,0.11582127885738852,0.6388329041898627,0.4973635917805122,0
0.9042806764553344,0.4612366128954499,0.5093287485126481,0.4973624422465901,0.0002874188276300177,0.35670574943813427,0.09498930682259892,0.5110382358843826,0.35617628384274275,0.39356724922473635,3
1.0518372164960428,0.7515484618790704,0.4579840936386018,0.5374608476704698,0.16586019573221505,0.1396844584700777,0.07334551367824987,0.04167827937996575,0.38418371066243506,0.9368699740367287,1
0.9260530198668542,0.6006722288942786,0.12359655305374506,0.9526136136006886,0.5423978850144046,0.6776690138124735,0.47369601765301717,0.9976801979346558,0.01639753794256597,0.03417044076662215,2
1.1117578270049324,0.6099553142597197,0.12203816807865321,0.9314703365317485,0.06755091531321496,0.06933609300784367,0.006904479738012956,0.9005454573565124,0.8748879139509369,-0.022149356655778718,3
0.8807452700875293,0.8719506872722946,0.3985874239721657,0.9332823772966795,0.15126024381064845,0.35715687715516864,0.23719071426949562,1.5857791871500153,0.3455381517944017,0.9857651360327964,2
0.6577437663499013,0.7736300990624405,0.5808401151457094,0.23564008381683485,0.9094035056328847,1.0094829645259078,0.1708615457096751,0.3590684840018219,0.7532014422178495,0.49928036092982,2
0.5141667664430396,0.8386385383405679,0.7813202997712645,0.9011030415787473,0.8318207214792319,0.38563789180771424,0.19948141365950933,0.9571721764700394,0.9617300268852795,0.7975422694898993,3
0.3645874666001883,0.31396528779483485,0.48151078973061623,0.07718300380884197,0.6556421496288228,0.5591607791957561,0.8615905242151449,0.7982695427807148,-0.04153873651669601,0.32988313621670884,3
0.8904837644154939,0.3880831303721382,0.058602113897225624,1.1364959273871842,-0.04130103312175844,0.3301322803539662,0.19576540700503067,0.8416745986542222,0.9270940720525291,0.06869105893618688,3
0.49556735531418905,0.5587936886548739,0.07004009997945099,0.4660200509722307,0.6520878728254864,0.9354892782525286,0.2854049513530525,0.14248089206810477,0.19593391552859743,0.32002125291186234,0
0.552142940687826,0.7038507059956366,0.6535680518271245,0.8386304949511009,0.8890415826209483,0.33092850187124667,0.08444530803295476,1.01313301251347,0.9734834498601395,0.8908195084331606,3
0.33640125777316016,0.40296394903821237,0.4770223327122827,0.2342513698606565,0.6113760052950267,0.7130033305399195,0.8064674155203004,0.21001105441124762,0.41258146606697516,0.4904631102538622,2
0.7386714656311139,0.40224361030553,1.0131057644857717,0.21290276923762635,0.08007577704316274,0.3497373486581014,0.48697567776385997,0.9486711249168227,0.9181183960225205,0.6496707767997063,1
0.47972009499063495,0.45666442314760514,0.16166566249311226,0.6180612883197317,0.5068224807988716,0.5680348462812339,0.9546226235593814,0.8335178104700142,0.5164742954254102,0.2883053137253367,3
0.24705191277970798,0.49475936519770886,1.002590887038635,0.21779884457324467,0.1861685831943302,0.02572247494406309,0.9313559482549859,0.2502262333390546,0.950497710681441,0.2164042147852667,3
0.6673535074217612,0.4535663183176992,0.7054571427579803,0.6072191885063885,0.1220027145612318,0.6955616783449451,0.10573023557350947,0.5260215221080935,0.042000481559594016,0.5409593069182875,2
1.024771424384939,0.5584618546503312,0.5696724167990121,0.2855448111425006,0.1990493841200004,0.23221201961360743,0.06066389295005542,0.8324991136155722,0.6371424159239506,1.2048875223598698,3
1.1132183269521996,0.38666164480328935,-0.20461100854416475,1.1320163063759574,0.5500586319635159,0.48054945240883384,0.10572543659939504,0.9135810647428322,-0.3403178042311425,-0.3448372959911683,2
0.34313229344925367,0.7396769456428912,0.6096323137524732,0.8775461966587592,0.6750574877840541,0.48405373002899543,0.14888365956723787,0.7620821732191487,0.8740104294447931,0.9633641063300082,3
0.2879825978434431,0.9539109287000171,0.6917090133086353,0.46289399167314516,0.8019267989160933,0.6161641138186126,0.6020303065838765,0.4989665826305412,0.1840095752399098,0.32472280891450467,3
0.7408856773534451,1.3210147880710963,0.35919757589163637,0.6138422794555307,0.010995001387241243,0.433543628378439,0.8407719979399677,0.15240963793908885,0.5383244745468582,0.4588311188749655,1
0.0498100661324601,0.27710575892862066,0.10807081701879483,0.0597884837875511,0.4268608787507878,0.03356277838949493,0.21609060892222742,0.4083585629841316,0.9058361436064577,0.3326952911424457,2
0.29198341420851454,0.48171090330785477,0.4855848090421088,0.2335817052911852,0.5599097306404393,0.7175774848624618,0.8148864795134824,0.22893397185438347,0.374084037155927,0.47992456065003763,2
0.3751755178111392,0.9530456989917099,0.404899392642477,0.9071151278887516,-0.07895865870619755,0.274051155702518,0.49429852065014956,0.23997284858031345,0.09195532555727311,0.25232006901659765,1
-0.4738416708712937,0.2858223623690225,1.1781582016129675,0.6969804199314635,0.05653238120333237,-0.299159209831965,-0.0891153363571262,-0.4033844261002581,0.7063718332947195,0.8554940731876743,3
0.4665583546885641,0.640620536769243,0.8734699905102368,0.7894735041173828,0.6888035686976598,0.3148156135863274,0.33322967334736703,0.8753644144723502,1.139370023935229,0.6869036983820082,3
0.3022981724952569,0.9410549330697724,0.9437252140820972,0.5694351380589233,0.7492670471460818,0.1654398641790678,0.8514969407086836,0.8588678985543304,0.5331972083193135,0.018994308419381156,2
1.0414377094988836,0.519806821681989,-0.011387131668592187,0.9677361730740895,-0.039541648098515736,0.183773757282869,0.13703274893777978,0.9353946511130589,0.9335105881135128,0.050124859797355745,3
0.1679883762327749,0.478897062611053,0.5326072237898958,0.9009526689980493,1.0327423164255751,0.1543950825289085,0.8252399486946435,1.0170978989603636,0.45289308702178505,0.9892955998365441,1
0.2708714823461409,0.4462497970650443,0.5150487968409472,-0.39068436030764114,1.119213276424516,1.2448408310975094,0.23302075876618317,0.5507448433409516,0.5064306808975959,0.34866633871042546,3
0.7092416241612396,0.7579775732703747,0.14755139029609232,0.7790925744561412,0.1468681904835894,0.7669321431626333,0.025384790890141853,0.215594154805423,0.17210012734438718,0.2969837452218454,0
0.19805684660457976,1.1259627025655394,0.7789940172469028,0.4409406689564036,0.902274647175699,0.3747052434880465,0.5760388294982003,0.7952849726566692,0.5987550192779607,0.5958459947982632,1
0.6478492221174549,0.7207576177741739,0.7272498748378088,0.2093269346292128,0.2579887408781941,-0.07051955195802465,0.20653162720348567,1.0148848014041019,0.7659217934446328,0.7594327809544088,1
1.30066024422679,1.086034473427762,2.2649857201269854,0.8393174467751635,-1.0370384548449127,-1.1590881283440462,0.289673085537827,0.6739227326252681,0.36645279207791437,0.9147473935645479,3
0.10275916863779318,0.9809931954973694,0.848573091446064,0.8294482889894781,0.21261431582071388,0.29081954820947076,1.0177319790492394,0.46927693834306783,0.6125663937768274,-0.014577217451870988,0
0.17670942421192729,0.6827417467158401,1.1612380582977309,0.49341394916011616,0.7845486669100518,0.7162760894029745,0.5825048358692272,0.40847597394819135,0.18366293159241998,0.6071751186401226,1
0.10843043205620458,0.34755086296088455,-0.11056312274032265,-0.0719710249982995,0.25521437668876024,0.2545397268346619,0.20170442637834696,0.27297682152563596,1.0038014674905127,0.43279221319057015,2
0.678858870005536,0.8060062420145157,0.9807487121841947,1.1267793994001256,0.4208252742297593,0.7103385291560813,0.5048249160398519,1.2622896021353334,0.6988956719270836,0.4251074865691308,3
0.18032248729839606,1.1435614644767065,0.8901219892773445,0.7540993779659771,0.3176696805037817,-0.4998071342190443,0.9626561976858615,0.4307323296604011,0.47789224597744195,0.9653380194702811,1
0.5926325846209963,0.10961663603136979,1.4415927531861095,0.03245281315293275,0.027806972936644553,-0.4572925049136123,1.0037704838349149,0.637414629357449,1.287682533090631,0.7035168867508126,3
0.394886563540777,0.20259503838236256,0.5661986089242594,0.2904825193463485,0.4197600495622479,0.47069205077258763,0.37992781461136743,0.7592457396027319,0.36701784781239655,0.592389473056701,2
1.0993113204076839,0.41080720365449747,0.8863898705361174,0.15694324417118255,0.20027122429274932,0.31247652810551607,0.5493950446502013,1.1802854827245637,0.8097380752766419,0.7672512901714952,3
-0.1168344313853279,0.6307933846920328,1.2168492950230814,-0.06530982832356819,0.9212873011531736,0.8824695163960349,1.3194154142954149,1.2429613973587677,-0.5100149722952766,0.5043504639572364,3
0.6009682099400974,0.4809003719870285,0.16742639221543085,0.734070286038547,0.15759894680526643,0.6368959730143438,0.1759541195448976,0.14850634548156924,0.4872515708948682,0.6627814620715755,0
0.13225826634774335,0.3293783199854937,0.005154577312060175,-0.0326465662062822,0.48009598730748154,-0.04622936394256824,0.29564138435525655,0.2825536011401484,1.0466099308399641,0.27033567721038865,2
0.4643755596305147,0.7960175219210662,0.9989664622444313,0.7422107023539481,0.8289680059773199,0.3365571800783752,0.7707803507366519,1.04708130774053,0.5602386547679348,0.06689256262895923,2
0.56791057954679,0.9539858667664369,0.27976649970254064,0.5264058463713839,0.9350881623179809,0.5186683433558005,0.9166742869436673,0.1434510402652749,0.8650885506071789,0.7746824385196663,1
0.7190453457607066,0.7799224051076794,0.06905817140698402,0.761013381866012,0.10497909908090601,0.8376049951670598,0.021766692831832843,0.39675164559541676,-0.05744695891302613,0.20568273569995627,0
0.8895396972380878,0.11849839502461235,0.3846095037863854,1.1312974018874544,0.5917379044497209,0.6562025560542698,0.5693331037342897,0.9910858887227659,1.6835360277306606,0.5888650783310493,3
0.318582090275244,0.9653219881734597,0.7695727478230452,0.8418100459425226,0.41401712892462006,0.2944505163355776,0.9113960183729429,0.11664010343623725,0.4521459343383819,0.7887777955681962,1
0.7620326237590369,0.5544294685182957,0.45318938622458244,1.1057685559009964,1.0383951949532053,0.3173771428470557,0.15946151133370193,0.7749212115714486,1.0244510845724086,0.7341072034232904,3
0.2252627339653196,0.38638727602637174,0.2396054740512373,-0.027011146926785058,0.6609427404616208,0.7967453422540198,0.6993951725389252,0.010282289721847103,0.68976990403645,0.37442781616278276,3
0.2259815338858603,0.23572628105557772,-0.15315736271658967,0.05638926416011922,0.5701181743496337,-0.04074689471631697,0.006602454172986411,0.3683300632981971,0.9638564314328503,0.30695620598633644,2
0.5659244440236502,0.9788576880250237,0.3895885386122361,0.6619548190247664,0.8779632231591854,0.5402436798492857,1.100428620198656,0.24762642775422194,0.9904196453230476,0.9612132938444053,1
0.5388999187674834,0.26090128062253615,0.37892325064025095,0.4268417421260382,0.37192780417965343,0.37635365805378146,0.49724921024901386,0.8635668647694514,0.3792166756361558,0.6513908348737094,2
0.29859982256114054,0.27910150379592613,0.32813227003375306,0.20355001128254321,0.3389319375992996,0.71524448392198,0.959097386673939,0.11637887092537555,0.39351799351209754,0.1860206690516609,3
1.0503415371022735,0.8670780930659282,1.411791146678306,0.5517359259664218,0.8152679654169126,0.18068913999425873,0.9558417518214357,0.8621478017027554,0.13220963562011911,0.8111141712561554,3
0.6002901839430019,0.6058720769261566,0.18692703729548227,0.6808445860852378,0.13260620849923743,0.9283805845218008,0.06461742564997897,0.39330524874251904,0.0006455869320733665,0.319005710154321,0
0.48095595362987764,0.9105143639776102,0.5671050456494605,0.8375256502178599,0.002955523625937192,0.3572439293475681,0.5052389813083598,0.2946539397167123,0.2082197188501966,0.1514930085973289,1
0.22170803070610962,0.9616400633973836,0.5917504327783637,0.39808413427295647,0.7895106162648958,0.6437759701708707,0.7025282648609723,0.5646216000468219,0.205330213250232,0.3034148729196062,3
1.0097749869934605,0.569785592244302,0.404909932599033,0.4562909575229601,0.1266661908191552,0.2744532282198804,0.36893452204189375,0.08345721204425532,0.488053972465519,0.8045149772365991,1
1.114798882294678,0.5095053383496893,0.7842601640900579,0.28708998963996013,0.4995945988220983,0.6866711755864856,0.4426218126051515,0.7174664182439425,0.6176517645693382,1.0593561864795276,3
-0.24265480488081909,0.7586319005693349,0.7668888064861418,1.2054470056981166,-0.2591088696926908,-0.03557405562312749,0.7051003810571319,1.0700763210571616,0.8615115168173177,-0.15765113420968613,0
0.006563908647175126,0.9484886191437444,0.7041691664815487,0.22825024242858,0.9303674701296815,0.32327213205296773,0.6035362107394521,0.5372351839484752,0.5996605751514278,0.7247021124903154,1
0.2180483225549126,0.8200572112642398,0.6901519509452633,0.41314134942854197,0.9487546435549047,0.4071518830368399,0.4934642398073796,0.6818122340047562,0.5639806168728091,0.8359929614729605,1
0.7431952430663616,0.7696870536032454,0.5775268028042015,0.38301433798968487,0.9384748989019795,0.9155674458301396,0.034715055686049906,0.5121528727278111,0.6022389825630154,0.3842132731618298,2
-0.003567799748608977,0.9470320935524408,0.6462029022083958,0.3058687978813049,0.869011428768747,0.471432382239764,0.6809734337763175,0.6441968591283216,0.7874914671541985,0.6424475524421124,1
0.6834920025760364,0.4606462071445507,0.7993187724107289,0.6197547891577031,0.5908021833235434,-0.03210945356471315,0.5719831929452357,0.39707124631942026,0.136933327633716,-0.019829380845003894,2
0.3232391124598005,0.8477253107362199,0.4701274329625753,0.777512110673083,-0.0670046533783663,0.2933274104183491,0.5487791403815246,0.2499134676747737,0.21135301386917663,0.24454027824160865,1
0.41225992463422734,0.1441952391073803,0.6240754086520095,0.09490331493731138,0.14914747543916443,0.7372829476630683,0.240422331069877,0.2517819319182697,0.8661864722265341,0.2745209574839749,3
0.7800519114505329,0.4825839419171806,1.0021897536326438,0.9052801552432124,0.19920470956892367,0.6720105062408503,0.5934767747390924,-0.3723200750765386,0.5086155933809625,0.5990784972238936,1
0.7500360449007908,0.18122510760717314,0.3130238819803875,-0.5563463002506606,0.24468623300810227,0.5044630583849408,0.26396194317281174,0.7160008040315793,0.4573754419916007,0.5066818264503293,0
0.7088185871830402,1.1805958979714835,0.9646595452740059,0.5570005409847305,0.9510115408577426,0.06023963458821893,1.1254174190563406,-0.24814096854817713,0.33120694783258997,0.7912190814935541,1
0.7249299385659579,0.6393420599314099,0.6351583616064045,0.6310436125816618,0.012897131292842305,0.4146645493379044,0.15163477378425486,0.5533480780911445,0.3329047316914364,0.44531481562912817,3
0.6996118292191299,0.432810103048203,0.60265993418927,0.7475814909148661,0.5580053325510941,0.9250176060567485,0.6337517202321334,0.31424115833904587,0.18873508100517963,0.46790247932728285,2
0.09192758621213393,0.9873484410880843,0.6999193586782488,0.28144480537170224,0.862427794287293,0.44045909347299483,0.6333956938108066,0.6145095710045592,0.677872347752478,0.6921088266810895,1
0.7511407713086967,0.6192654826003348,0.8276557860852971,0.0692234070273203,0.13771784256302716,0.10613541045658052,0.34612925451737087,0.9321843368746963,0.9185631422219147,0.8303540109065157,1
0.8641092025331623,0.34025167991620386,0.688883158914698,0.5045724341316244,0.6213411257766586,0.11524493137644387,0.7346360340288299,0.4550920424583559,0.10896272818645775,0.17508548162315074,2
0.24504000888290928,0.3681251532467349,0.3241345280775007,0.017422903366917136,0.766941879043885,0.8656947186701108,0.657379210480825,0.08504674994756675,0.648599050114533,0.38345071102524386,3
0.7908097330111329,0.4513249727799409,0.5210880251460536,0.573131027339224,0.16203422906779974,0.5886600441777242,0.1053849619265009,0.353999576233817,0.39051221273989384,0.2156161343701146,3
0.046351878232584645,0.7819121745061003,0.8489180046264612,0.22154046334007205,0.9819076242167484,0.5446968049693827,0.6770566111814436,0.47451142531762436,0.7221423201582953,0.502504147860947,2
0.28884769245940184,0.44840343992370774,0.4968417945153511,0.2469522301847807,0.6106691070616578,0.7020888287890524,0.7962613668156278,0.20692313077110686,0.3617389336926605,0.4516578551576624,2
0.4886507761928486,0.6312787263592632,0.44659976885632025,0.15872755453596438,0.014497634128377401,0.7054993770653973,-0.023597942298848526,0.6075750624579879,0.9333944756903646,0.2207493493815885,3
0.7771900402829338,0.8138558643177763,0.6111669469523308,0.28645047323467604,0.8898529568288919,0.9856111934311002,0.15488319564997344,0.4388916348203791,0.7214013364318617,0.45748582703655105,2
0.824497961340007,-0.2022708097035847,1.2121576808644525,-0.8885060268110359,-0.3753364697198476,1.2340968274958186,0.7398576803079231,1.8511375421398095,1.0942324064871787,2.0427667849342885,1
0.40881475290556496,0.71265653760913,1.371018124654802,0.047208281360180404,0.7995257103913109,1.0833687051852312,0.4974407913451929,0.6007033998572664,-0.22236275198586775,0.5304882656074804,1
0.40906670237998277,0.19042508285100046,0.27882500053617776,0.16649764334190084,0.39877435533153993,0.902924670826901,0.9360815230458674,0.247742952174009,0.4541146510178154,0.1002764130147062,3
0.30741214872433514,0.41678296227171086,0.45025394994117396,0.25586921046574046,0.5943964307041286,0.7073093818863196,0.826386478623289,0.23584892741741348,0.4245390794648979,0.48764782973009424,2
0.07022042196024281,0.9553816532841921,0.6966264203240167,0.3142232572806887,0.9515602158502935,0.3889350111196053,0.5804031886820369,0.5998528555866357,0.6960746304740333,0.7348582916241884,1
0.4314568947608745,0.5432949804266929,0.1967243599257007,0.5867566385153107,0.5099960545326799,0.653075698920386,0.9586163764683338,0.8461225238272032,0.46506833667823433,0.21571989700533928,3
0.4951836645841541,0.7523587301046614,0.5870262526314247,0.1469113606173636,0.11649991992871969,0.050825939950757466,0.06959854739208687,0.8823408267237348,0.8383963376870049,1.0113796433303461,1
0.002678843034909381,0.7605634304469756,0.7644676652148629,0.7700961077906576,0.9316499800763399,0.7825576730879655,0.38975123196971745,0.2254091640355072,0.3984676991330706,0.27275900224386795,1
0.8436581141867566,0.6431445425285275,0.651208103032818,0.4471085940862571,0.19843106944917638,0.11646885299279222,0.23601384741414524,0.20020429624961872,0.3115807112558727,0.8489357378731643,1
0.5991247488639377,0.9207024295767624,0.3164710353212761,0.5865009286363464,0.9934388215178463,0.4528412385684624,0.9339264877623782,0.14359206897803825,0.8357828263617042,0.8747668672487491,1
0.05309722031077474,0.9579910725231877,0.6867093630157501,0.30183762949434234,0.9389491516791134,0.38682326126673877,0.6000081936101774,0.5850133096556306,0.6816999958762991,0.7184657848565483,1
0.44886662992227155,0.5263219268265417,0.20415435758817516,0.5647743697703377,0.4836809085290868,0.6734130092406412,0.9507502651511832,0.8777326084990807,0.42575537387702467,0.1901429708873602,3
0.7115190984739094,0.4263223380922915,0.5993151778391831,0.7542896216425737,0.5646535807253138,0.9151006800017135,0.6303109373528666,0.2967542668093014,0.18851571379207033,0.4603261149728641,2
0.5458121109643967,0.2310240421193603,0.7337055979862305,0.21595211108550558,0.8362530451766318,0.8511550386526704,0.6075803862432508,0.7826896614253651,-0.08672781408942265,0.5516662044785954,3
0.06365586796029138,0.777307599943928,0.8414042779628561,0.2196838540411515,0.9950553804005609,0.5345467505540461,0.6812236615947568,0.46654443125665773,0.7089838422854298,0.5020733525269153,2
0.6867050571676049,0.008758104944749129,0.3967220262011388,0.5206700675205467,0.5621884740232657,0.6442125952549695,0.30383110754904796,0.8401553771791946,0.13781484433027028,0.6343079377178733,2
0.14928462226092548,-0.10525901059499687,0.691294390885494,0.7073563732379554,1.1047829818301522,0.43656783207483996,0.7475477258220243,0.2619482734658608,0.19450159104013032,0.3873426419967233,3
0.4788229895286703,0.5000318916297258,0.26317248366503043,0.617504863977513,0.5902223231094397,0.7032892036287076,0.9296155464796014,0.8325281944514549,0.3648148205689117,0.13551157519063817,3
0.412048913221586,0.18952994911615667,0.21602304903990444,0.1877054027901722,0.298625978255009,0.8471382520082604,0.9695225374425506,0.23612014825500263,0.39729707445736745,-0.018115765099734296,3
0.3289294077269458,0.4009645387148248,0.45665844982412507,0.2689854710232897,0.5574233472995421,0.6770171854237313,0.8149559482651016,0.2322345396766195,0.39820882595079027,0.4819503161082034,2
0.3519558452489724,0.9258008542563281,0.8374327019880001,0.575555570271107,0.8135053510989444,0.21930290423948443,0.8342233978522395,0.9205051855310767,0.503257410359729,0.09013063246354845,2
0.6205959415257549,0.8775131070076156,0.7352752842537519,0.9769894952588174,0.8792242079617922,0.39872540634215287,0.26079596988431386,0.9745031741965624,0.978257030571503,0.9337607309493886,3
0.4631874934749834,0.5219715243286382,0.3639160031642616,0.1844388869142023,0.013112459453610018,0.6531788832237336,0.011990604450967713,0.6297238462448391,0.9287558851470655,0.19159685771193002,3
0.5640877401955061,0.5122352535376715,0.8913473893121318,0.5565023925846385,0.8429638124698045,0.046351313414816075,0.3882773181531812,1.1559928947434794,0.6331394240384518,0.9872093469770824,3
0.25903389119781145,0.8463693161181151,0.2598742221767425,0.4247134357784098,-0.17639818354668235,0.635326864203527,-0.20675828262020846,0.05265963615704822,-0.2926948986349181,0.37494802914188163,0
0.29212183534201003,0.9757206254090167,0.667843498034644,0.48610938114196023,0.803219941825645,0.6415244247566222,0.6159589977638448,0.49159811785797547,0.19167373362842877,0.349162745759016,3
0.6169927525458941,0.3251432200832191,-0.036823685467026634,0.4389596347522936,0.3153231617580722,0.246776024932955,0.04891165832948212,1.039967418554323,0.18179290282605823,0.755082737245593,2
0.2559368212871381,0.4171017684627268,0.5502143810839126,0.11015317311203199,0.7255007151147574,0.8626580420457138,1.0043679799505936,0.028581924798311134,0.4317620839874997,0.8059444677666291,3
0.34518412893964046,0.10603841186516715,0.31329572541538075,0.24795341379257088,0.276414044202679,0.8650273966425285,0.9768474711343057,0.13083464282691465,0.5189306749771494,0.18196751477288078,3
0.3561558440244737,0.39467832251533297,0.2038411842302295,0.47736372802483407,0.29142068749724115,0.00798843679352755,0.10210263331631839,0.8878372598440116,0.0926234059201253,0.5295659414281988,2
0.6428732851398195,0.4275624617839439,0.6652811407596174,0.7625689829723727,0.6487697297147461,0.9229025310055877,0.736697578616634,0.4157527358181091,0.22096973156033167,0.5220105480280745,2
0.31103905850797,0.5920092225750764,1.0316069579401657,0.07312910793234326,0.366017850543103,-0.09715212121710626,0.8716846076661663,0.17240026433289152,0.8238648492141883,0.41470227197567333,3
0.42421152323094996,0.0323808185824309,0.6218792302303631,0.2805045567730513,0.34072710291807157,0.46811747556505934,0.3738832949629809,0.7260429909156543,0.26066443203625267,0.6549120321559525,2
0.3705501740837738,0.31789032026369846,0.33456635421824027,1.0364507972728887,0.681568554495285,0.5727918724413728,0.4687354784695833,0.29861193732097735,0.1957155307952748,0.09486798939373514,3
0.47284401762340444,0.7814744869974631,0.16018449396528614,0.38953341819257625,0.05070699962291665,0.9046800866493219,0.5245804235669671,0.45397613546030463,0.17200079331143875,0.9438436744690304,1
0.3867276864727427,0.09445988125579294,0.6050543868817132,0.12961439754985463,0.16136935580552147,0.6848678816263454,0.2815804850669616,0.2719988470950301,0.9043824895577781,0.2419436374628205,3
0.4116358471002388,0.57102960354639,0.1401896035488924,0.563819220313226,0.5684962902522664,0.6088486703256051,0.9698069927208632,0.7619860479772034,0.39726530136019367,0.28995979637793257,3
0.1434036601617308,0.107268841735794,0.4009915586965276,0.7330136011312829,0.07867884293236388,0.3859180772221191,0.5315479369336571,0.8613812670259574,0.41929109003863335,0.43864802068411596,0
0.25079448040270724,0.9707877016479771,0.6472265357057937,0.47282154127490594,0.773779732909643,0.6457422257277696,0.6158582087956093,0.5246412122153741,0.16715728962167467,0.338537229519731,3
0.29889624999195896,0.4264226129476551,0.5319603392393815,0.29169114402064833,0.6486693628573884,0.9121707287781209,0.8028273929376905,0.12633338553735812,0.4674432186395921,0.7271078051102462,3
0.7796314120378942,0.5556650898987019,0.7835226627848051,0.5400347625821011,0.5827369888877784,0.14279253821253118,0.6212047616372486,0.5129898979233742,0.0816605187180839,0.1443625036681495,2
0.13066539165463875,0.34947228383146584,-0.0036847996093912656,0.04967115789614714,0.4791037760631859,0.06260947879935085,0.17008215877051347,0.35956814382571484,0.9451111240358356,0.25092317992164037,2
0.3207499660502404,0.6751448145042855,0.5200992916582721,0.3489937587941458,0.498493764274026,1.2197828879951853,0.42738736771439917,0.10824142021457499,0.47977725596199217,0.1268650756656486,3
0.9566411929443467,0.8304731486644916,0.24008913137947865,1.1118804368494783,0.6379991014959805,0.7417314353308117,0.7252531605804748,0.9156095435041148,0.19627726976703125,-0.1499962640343868,2
0.5582112161597063,0.42581028431065693,0.9266824261333511,0.09239248423149697,0.02223212093574317,0.016186188899246293,0.4486603455378632,1.1289775128683588,0.7617637499372367,0.7182050052042664,1
0.510427831961544,-0.12227719909708679,0.6932609670619339,0.9499503887041406,0.24258677804544015,0.9440763576780175,0.30548202898810456,0.5322700885600447,-0.2705709430263523,0.16708535495078408,3
0.3428554442323849,-0.0450397768020086,0.7374941119244816,0.17792959211979853,0.2217085414605819,0.5674795550247084,0.3886568919613902,0.15837461208579184,0.890810214339912,0.2927026018733827,3
0.8740949734467914,0.8348868506255409,0.5728809197214467,0.5688939593905767,0.3050584826930537,0.35802689061981696,0.2595646290261588,0.11754438440064012,0.3462072124217895,0.8469165914257081,1
0.22726540341720602,0.3450733390618983,0.7565662705112002,0.42927443640006013,0.006126719761960359,0.2673002604393172,0.9491219238618834,0.40337117932736044,1.178382269114024,0.010108149654048465,3
0.029661108274678827,0.03624975381314573,0.4275116249161407,0.686099617796255,0.006241517397406929,0.43213798036131257,0.42946621695883336,0.7528598156444901,0.427941304927193,0.4446198482371566,0
0.5059736524224183,0.674002892274163,0.7489651616280408,0.2884934594199578,0.3242035854691427,-0.09301783147182716,1.092356046749339,0.07835523041154618,1.0598445655779938,0.12333944472186287,3
0.35989079033372284,0.2672117840004849,0.9309116839716297,0.6474623095343088,0.6532132926070703,0.21257784887406478,0.8325265024126068,0.7769630229169029,0.4138790928686135,0.40652088062366876,3
0.891484744579879,0.2991064476892177,-0.5997858643324122,1.2733323555192606,0.038355706037238646,0.8691882502099482,0.17035234696773927,-0.6075576808658408,0.7594266857297309,-0.0148739694000255,0
0.8660053002037149,0.6564666957623037,0.6597079288338639,0.08595220036844492,0.883852994452824,0.8783619948955951,0.25829343666410287,0.36936692160145673,0.5377108408769425,0.27745958520521685,2
0.9385000822772736,0.4759941915153986,0.010940896383607672,0.9965061081115751,0.04966146742798382,0.13597264974328344,0.021964593205510887,0.8919569669778536,0.7838753059912099,0.03590351684371482,3
0.3292973604508457,0.8565340748697639,0.9738162212744907,0.6792243534779346,0.8394880729931055,0.330273601017902,0.9893010420231916,0.8316117900457731,0.5807505591110228,-0.028864622203126897,2
0.35592903522343866,0.5525746561216703,0.5058797966738823,0.13424843396619857,0.048511833434926876,0.6790378465995351,0.11294927377312457,0.6244242960540832,0.9680343613107194,0.13162293736101027,3
0.05154024254697367,0.9558312123666547,0.6815145699655677,0.3080186530400976,0.9372937525498257,0.3869935720447263,0.6047524417792812,0.58542688494095,0.6796919048122565,0.7160249664293461,1
0.31174363023603463,-0.0029881050836133016,0.6317635210840503,0.10644251598688823,0.16321789584942997,0.8068249243079657,0.14429133573733416,0.18138777693395178,0.7942913395919821,0.11292030249411314,3
0.348738208983544,0.955516981768421,0.578577179344219,0.6960814396087736,1.127529296092339,0.7365238862323658,0.2538139405124559,1.1519763890340626,1.03265582082066,1.013139499476955,3
0.07142673993812472,0.9762366902062366,0.704829020260965,0.2997818328296696,0.9228565766840128,0.3863022208069661,0.6160178931090717,0.6051550111201861,0.6936093097595839,0.7163507017756179,1
0.007873404852748941,1.0247376721784458,0.7110961972911003,0.6854966767618971,0.9092090342500696,0.3095136294409796,0.4574782076007012,0.7107856213422092,0.2580948553459281,0.521963320792861,1
0.4413719862066066,0.5323923175661525,0.41237874759414755,0.10419021342897619,0.07792522602992541,0.6476040450461732,-0.02431695675230231,0.6691718935070112,0.8895325207087464,0.17915805998036605,3
0.37078774705728146,1.0932321150643078,0.7854137942412535,0.3282241793673265,0.6585223064941231,0.5577132715540768,0.7000060804252245,0.5612511747453632,0.1025494996758916,0.46250567555473443,3
0.11340960057980572,0.29656135937487293,0.45045073028556826,1.0544453010346746,0.6894916293351461,0.212843440419397,0.9239054095226301,1.0502270773002214,0.649174969552033,1.1751657847145265,1
0.5049506943349986,0.15623514559651863,0.5140296017754552,0.2959271478919495,0.41746657423820926,0.46939387255344955,0.392874149772036,0.8257859881300964,0.2961666893719596,0.6052636665818479,2
0.9874255004330093,0.817683052414001,0.5961311811679737,0.3471693025366252,0.2647532523946393,0.16382475358777016,0.1951559308107482,0.2451750121568668,0.3079150370090829,0.9434997249882682,1
0.2715120571079794,0.9838106958255136,0.6458890497990933,0.4541371482745279,0.7516188384049768,0.6175028995609768,0.6402525482804929,0.511633341644952,0.15559753506765034,0.3683329935823387,3
0.08779982980111292,0.37170723211181156,0.02206558052286895,0.04690437137305818,0.4436289005582798,0.08080526442522708,0.17316543732205225,0.35013423743833444,0.8962360241275729,0.23779560859380924,2
0.4304760903636812,0.5464185021646197,0.38807024170491505,0.1657595818360323,0.04202379786936341,0.6641936300523504,0.02372353693734402,0.6345910031117993,0.9281570115124291,0.17792081769498036,3
0.5252404532710737,0.19690827562265426,0.5140009129646799,0.2621700443113716,0.41054900653190124,0.5381920123497916,0.4267129090505669,0.8662652201904893,0.3072101954136825,0.5651689825697723,2
0.4069891313119953,0.41903851360014066,0.12351264624136074,0.515365689662353,0.3102517041132503,0.10146424367622162,0.07447760401004605,0.781114124693543,0.10551459022813349,0.6255109230450742,2
0.5534092974172691,0.6513006859165056,1.0058901752314646,0.13832941082814562,0.23259245620518093,-0.07456006572543017,0.3894556270562726,1.0988380251935541,0.9598523147390896,0.9391199019334373,1
0.5892020289069926,0.6656386929486706,0.38505066554714606,0.7417819977886193,-0.01107342293636776,0.42907314414932857,0.5082931520107813,0.14006691871928856,0.42730511759077877,0.7714826278785936,1
0.4027833481200521,0.7959956425630931,0.3620605556575385,0.6964648039796628,0.5789792089147946,0.9535844558324398,-0.06715585232591442,0.14828608361863727,-0.08479414814390399,0.10832105038995679,0
0.6600579416648988,0.7131365248141842,0.003772505625126654,0.5871092009648943,0.1331799380027958,0.9067497642075719,0.19505711979084978,0.5272527629750459,-0.0958208195139669,0.33552580063345405,0
0.07996769996338708,0.9271388917363554,0.7456229658783516,0.3388353617919486,0.9447709855983681,0.44231891802117757,0.573346954605141,0.6464825004410616,0.7052463717716855,0.7567344217570944,1
0.5156819242069581,1.138127919514004,0.7156907701460025,0.8033188807034823,1.1217420324372933,0.2841957621609356,0.23385916692840494,0.5777157426650896,0.36965218519836557,0.7143053974509522,1
1.107703986639845,0.1406896743867897,0.23918118288718238,0.9572470089194418,-0.11139904141768445,0.22813291700350263,0.24685542500929045,0.600559549260677,0.6710375612495543,-0.024648910054292525,3
0.4246839353522245,0.5756707464119589,0.7809761708635898,0.15490809028927438,0.7235316120492554,0.671147351843058,0.41082155318279784,0.9025869926296888,0.4968326103889623,0.47720022461182404,1
0.2604574503420643,0.443250656886704,0.537756932037146,0.5592162659196334,0.26096552531465167,0.44903370804956183,0.10870349167197679,0.9136154494587974,-0.013720230059128535,0.6271608315039744,2
0.3895671266459684,1.0166259519193395,0.7819920503247264,0.6927269165057548,0.6641300772935724,0.4376538400642335,0.03741112630809121,0.7092237935795658,1.0143648714251228,0.8399141996973609,3
0.9948601756342336,0.6346934861620701,0.19384734062753944,0.9350762886648956,0.6131114696038291,0.6712043693714951,0.5026368044442981,0.9604199907668631,0.015600710212032787,0.03682123467181295,2
0.5765508750226934,0.014896058972098891,0.2992802934110051,0.10135021352445632,0.2889915237225822,0.8475733010724756,0.8676883559823882,0.23512581857391962,0.2427096672487415,-0.08061681866530164,3
0.05582061263009656,0.7718483912070744,0.850787293859382,0.22074522467847724,0.9813810149241328,0.5239592631224532,0.6725810465249039,0.44815813010369754,0.7187215127616884,0.5101416009659845,2
0.5514818937671322,0.7056380213114644,0.7134429728140335,0.8147317078679782,0.7286834844726822,0.3725970410370837,0.21329079948711024,0.9170675876736886,0.9970030661374504,0.8585248372935596,3
0.8247666975549945,0.8920229606944784,0.5811274080371819,0.6265713964002074,0.1073726818573042,0.13806367800293579,0.04713365513456155,0.24283334829307127,0.5043985992865367,0.6935758151603277,1
0.681881761674636,0.2398238190198985,0.39585412958205607,0.3027962245508553,0.17779815306208777,0.6935929289352323,0.8285153332533224,0.06907722377617465,0.6462318329636314,-0.022214873601726103,3
0.7577020956717944,0.5549601317119331,0.581870579353718,0.5633608959384487,0.11819573523480224,0.3177950269086071,0.11235720337660936,0.5218295985386646,0.35208090908045403,0.4466456026226975,3
1.289855985350248,0.8581070984719532,0.8553648808519838,-0.1041230339785098,0.11371968374256747,0.20763660493201824,0.3471090566257822,0.6511986223340274,0.7924376511300062,0.9692594856504331,3
0.753273971206543,0.4829432169683523,0.17054793411500302,-0.006458740787115835,0.008043608771317136,0.4226479462574938,0.3913301876402489,0.8298320590096435,0.46466658132755445,0.48367739556298994,0
0.5628137829328916,0.3462009336625358,0.4653032390797215,0.3536656891640343,0.6150547928417198,0.2171722916960781,0.009289880740458278,1.0170622649389112,0.5842657978342396,1.066804449613211,2
0.24053660343708028,1.0188238868109425,0.7455293994831752,0.7989796471524673,0.4220823718037619,0.07556966738743662,1.1288001632468254,0.19741412291557064,0.2808868609279253,0.4849401616881305,1
0.466324998954526,0.7428576868429975,0.2514813978939654,0.3108659800120996,0.14381290342849307,0.333311835462626,0.9803590801384388,0.512904166420599,0.5264662238510804,0.8298947067725773,3
0.2979813498206463,0.4268305886142948,0.3780463034471749,0.5407176872219916,0.2880039309681798,1.1747940967547437,0.5568430597344588,0.16821961029364066,0.23494759569059256,-0.10631165906947276,0
0.44636755996420513,0.537304557949321,0.17700904074746562,0.5572567670068419,0.48634257256820956,0.6762618119086548,0.947563903737163,0.8866635819549844,0.43212311265428527,0.21880436409940088,3
0.4011865122211399,0.5330041696679073,0.4394815027319892,0.13689558829418547,0.011877029580160556,0.6270765262878926,0.03110703727413302,0.5884443466290852,0.8715882995387305,0.18897661647906958,3
0.05244183885340373,0.7763861444107485,0.8433288348683419,0.2174430182787788,0.9882854455987273,0.5289769318148606,0.6856710836326848,0.463734394268505,0.714171329876131,0.5111391043689935,2
0.46325587976535565,0.5581296164328673,0.22493881541840643,0.5946566487162567,0.5327404706192145,0.6879785598254687,0.9396529952540583,0.8368362233622131,0.4324653422674624,0.20816196777935347,3
0.634797226178871,1.265189790503412,-0.047483561935364516,-0.45767694425495,1.1634904900164296,-0.7943866882968352,-0.21777134759952654,0.42741597891776517,0.8946846285810781,-0.7169233922791615,3
0.3956945719195275,0.4736643652255374,0.49336465964939247,-0.053031809578213684,0.8589697931094205,0.6742607316769884,0.845395510226775,0.07423649124866993,0.4555678591152643,0.4106450888382154,3
0.06526811647354624,0.942879245224108,0.6999942889654257,0.3006424835114774,0.9364908787411862,0.36948042288639366,0.6000065300853802,0.5960581518134063,0.6755891337220659,0.7012956338693052,1
-0.016012193463822655,0.537430627451768,-0.1296988130676374,-0.031086719416522468,0.5829220771435704,-0.0881715373219975,0.3165687487621438,0.43424679486308143,0.8519101725606765,0.3782754412129188,2
0.34048848141827137,0.48360411287050964,1.1274552156111264,0.6541604307072122,0.3490294784952598,0.8271924817109064,0.4227366312946625,0.315297466183342,0.6352898965145191,0.6949005585702577,1
0.361741399241501,0.34266494309114126,0.46847209668266243,0.28437540804630096,0.6734229718960909,0.9914615585987652,0.7965596503234689,0.21227695487042214,0.3874643837302717,0.5590424684153326,3
0.3007740052490001,0.60933636961544,0.8311984079690443,0.27917144787780307,0.05600504749992152,-0.21112450608140593,1.137473139043651,0.1674648395049012,1.2416698538342101,0.31238474061135973,3
0.8691536358071944,0.3630218742177337,0.3573542155789384,1.1690407389325448,0.648594168642582,0.40586688870059123,0.20514898780789226,0.8867985651225546,0.5682337018268118,0.7118798968669888,3
0.614287046398168,0.2757328832251139,0.9326676930073502,0.09409107658915944,-0.1655636612022584,0.17568106269741707,0.7865778836567053,0.4085349169881689,0.9896773888519038,0.5427977950564042,3
0.2891759068252176,1.0841227738523662,0.4453041063693146,0.9385161225846269,0.8140694260751664,0.6626816675425213,0.42357653296236353,0.8729328232020471,1.0547932272443319,0.5309367843429541,3
-0.13214036961673015,0.010751988117302519,1.057994475699015,1.1364533595068254,1.6294746374667652,0.518649505548077,0.012930747643446483,0.9023335065479479,0.5794314708265453,-0.29636495572246213,3
0.26486242228912743,0.9592809681470672,0.6631604353620254,0.47674217236135463,0.7833223230653518,0.6294808055425823,0.6071156580155995,0.5072209383536352,0.17074645361404653,0.35113854275523865,3
0.16597409416717723,0.24816838165336355,0.24049610275447056,0.3180090454370102,0.3204003846621909,0.9236662492499355,0.3222256020128523,0.4219910104988166,0.6799507471511604,0.5845075008988636,1
1.0135723145032942,0.4131838015009852,0.056073556445289406,0.9686632696984214,-0.016693635765586745,0.23086262829531326,-0.05330706749500097,0.8983655471817434,0.698425575821717,0.024376898689342282,3
0.1584393694597911,0.34554994161040775,0.028665912578525854,0.03820842260809705,0.4475804011569432,0.054819501144391894,0.1277720643394913,0.37182666997724234,0.9391698222419133,0.2707918156191373,2
0.05573866960947063,0.7742027832418908,0.8455815437613776,0.2187403983925641,0.9862823415200064,0.5309553715381666,0.6846401423683294,0.4617581392243166,0.7154947823698012,0.5064900608237921,2
0.4990278648444452,0.7998200926995033,0.7679555260902914,0.955623518331171,0.7786915035557448,0.45665960406156736,0.23411389410659592,0.9842754789759623,0.938478302956008,0.832383490737496,3
0.0014351216819285112,0.773103154512143,0.8061609271077014,0.5289517420375158,0.6985374842179,0.6410841368036271,0.3355003603915582,0.5787430103785534,0.22609724605686826,0.6084120311930908,1
0.6357551139822036,0.44898149583847885,0.1710739751526067,0.6786629215314847,0.17547911326081284,0.03350295340611185,0.20135831681357264,0.750873697241962,-0.07850421365572771,0.807941663835602,2
0.658725369933368,0.5209869033171872,0.2679721674953778,0.5177341467052969,0.27661177557103783,0.977501572907032,0.250063104282742,0.5923227861328135,0.956811624005546,0.11035950296162797,2
0.5143409631342442,0.1295505470085778,0.4926982783984312,0.3205754972454446,0.4340304599308477,0.47260215012301643,0.3522071766860435,0.7977874256705926,0.3060911039123261,0.6151343702392582,2
0.059717869607055295,0.7830936431941696,0.8437798420629268,0.2050949293828911,1.000919991166189,0.5191647913488557,0.6990394458641233,0.4540743304418286,0.7285812945691862,0.5206982913799698,2
0.36414854458066015,0.13417365686684724,0.18669505085853988,0.20334562100501585,0.2344235073460444,0.7352671986036675,0.9305926361822803,0.22130365021920526,0.5086382847040786,-0.03917786665668346,3
-0.09466629976704077,1.0585634070858752,0.689174914948196,0.2653010711181521,0.9229056005942283,0.36645940934435955,0.45523497163218607,0.46338048925856345,0.5227749085063071,0.8080308316037017,1
0.34971100167019775,0.855863936347156,0.9885765661495992,0.8840819832931799,0.2854025985185132,0.5707399201422475,0.8753220799804452,0.6306597570174902,0.5635893065287253,-0.29137340680032686,0
0.17024991911350096,0.3707826598244988,0.5540055420559549,0.2808332062601788,0.6485479005474714,0.9223022024052812,0.952526213338827,0.036780837837826305,0.4071852396529861,0.6655715562510549,3
0.04180231695258281,0.9585005579532221,0.7232954329975662,0.2677022452050757,0.906047254544152,0.35204829881097305,0.615886411337336,0.5502723992851868,0.6713719975401886,0.7401412538498889,1
0.07672261334184186,0.9597849350560962,0.6679350210265221,0.36848706231646233,0.9225118116851739,0.47257752741936376,0.5527221973507719,0.6061082228415353,0.6100870644576956,0.6318244691177549,1
0.9527199161825117,0.6946273626141679,0.6345041012489936,0.24984053511167414,0.38041639915895026,0.4729434138423801,0.4670891831277063,0.9413097985712431,0.6265810254928461,0.8353600268358575,3
0.5146475545616089,0.5392142523953518,0.4995315931324088,0.10886962967660667,0.13204247510484832,0.6466708963495369,0.061302156261978116,0.6854685476341833,0.8181397097772581,0.15230973530940684,3
0.1397275406912653,0.3235711000948416,0.495529317398981,0.7415921005417065,1.021840496553554,-0.08094887634376197,0.5710781973294734,1.0187917345498103,0.8085362192046122,0.6937323698029502,1
0.5072462201312239,0.7314823934952065,0.24699710340424735,0.4384536500830175,0.12757972074478466,0.869204167446427,0.4549229387610778,0.33144418692726624,0.07597342536679545,1.0128811490400094,1
0.6731790092866478,0.6511460728037497,0.6841228388860129,0.6760870587954794,0.24711642227751496,0.4983564608499464,0.19395243933578668,0.6030814214779543,0.37428342301109013,0.5432604671663362,3
1.1030816701136719,0.4310799493950248,0.518792230212211,1.3384620815040607,0.8701774225551955,0.9501573316889375,0.6154723750034189,1.0676908044379994,-0.020077272008818096,0.27014545929381384,2
-0.04933802641348667,0.3664349203732471,0.8665617867820142,0.5777316305392841,0.9079151817787752,0.56012476807788,0.40252628997621076,0.049360143153312,0.10014392966444713,0.054960787601202765,3
0.11413235969263268,1.0086979205732696,0.6993039009549226,0.24983731912582974,0.9375222475739254,0.3600542604599113,0.6333063273872501,0.5377870319646874,0.6118628448219896,0.6767566011833698,1
0.06168405275458767,0.7795633827117783,0.8446777081440416,0.20438744619863222,0.9771562011537853,0.5238818350410022,0.6857864489993954,0.4635460580768869,0.7102338300940774,0.4997590628615791,2
0.4762092063181299,0.866894018009645,0.5349138897747943,0.8181313500150359,-0.03640663607996859,0.2536710273846374,0.698186901727407,0.18104109744037256,0.17266200266858708,0.2249349110798006,1
0.05811926195139454,0.7763804408291466,0.8458439255584228,0.22197018346841813,0.985785266573546,0.5283169023221135,0.6847631995911488,0.4592593670572049,0.715209805530739,0.5053451191873825,2
0.35990409992174816,0.8524903554779689,0.4984043812849097,0.8784592879612831,-0.09272312325235202,0.23004287363006748,0.5050396414511686,0.32355189236494253,0.23072760167818152,0.19760473381454519,1
0.5218566026905513,0.5155528241657451,0.21018542042419255,0.572488117274908,0.571798961850813,0.6008701600761226,0.904183918947185,0.9306883789146302,0.4962935266614153,0.23322953587058828,3
0.4007801052274155,1.0079989925018067,0.6587166367067888,0.4719705308332321,0.8454417970213108,0.629751626350173,0.48427116852405067,0.611152240041969,0.22413695365269284,0.3850704820688027,3
0.9234182645623774,0.03414434860498006,1.3723002660433496,-0.16508944855904228,0.7531692801069427,-0.3243653844306579,0.3241816384437901,1.5226982826375703,0.3771213444540844,0.8940689834881376,1
0.3505600238005535,0.08278210242731457,0.8071535648857875,-0.22178799123812304,0.5675960863154121,0.4288462956160331,0.2742328681077285,0.6147025122334946,0.33034022276665237,0.8589477605192422,3
0.6769595462973188,0.19187841836132696,0.6180576663206534,0.005720005133116518,0.8994965800567046,0.6593571257772779,0.6017791154475708,0.8070386994593829,0.0482114343652074,0.6562523570549239,3
0.432671617292257,0.13616882384226503,0.4954372253796793,0.32984108248186467,0.5433232632341689,0.48117942054836854,0.3702175412880115,0.8071020700102037,0.2888517688734691,0.706529884500009,2
0.08752947666492948,0.928058117100098,0.7227977976631199,0.2772924688429455,0.9659884630685519,0.3632375266315596,0.6341724500329853,0.5654665097190392,0.6409622226423104,0.7081208506122149,1
0.9278474772812809,0.4629042210868715,0.025904632888177872,0.9743997977998381,0.07071586415654128,0.1494153860768443,0.02457995714917354,0.8744378269233425,0.7637339580561017,0.02343832624722345,3
0.27495164064426403,1.0509601267130126,0.991976127740245,0.42412670046284295,0.9371311315960006,0.6099206496032369,0.4166026232065272,0.5292892834358837,0.9406652106403093,0.7063485565870499,1
-0.10001237628398049,0.9176126965413574,0.5861610480037049,0.1548739733002152,0.8834609276027401,0.547498902355157,0.5844107416892523,0.639440075958027,0.5479847016081474,0.7699440178797873,1
0.16101295982948927,0.5134958755344086,0.6887152624152808,0.9711428376802657,1.1150987689490852,0.27322030359784666,1.0708239109120457,0.9927575093124061,0.3994479027383653,1.0618095636929892,1
1.4060201724907209,1.3962511147361845,1.3874281760861176,-0.26499347588876443,1.2496662532065894,0.1659891558027229,-0.15370575154936184,0.5874983430968385,0.2212102529405362,0.7259907153946412,1
-0.032415276464973344,0.973498137646312,0.7278834388841317,0.2518432099011073,0.957276922232747,0.33966551081293506,0.5591250418529846,0.561894351659696,0.6967953036646768,0.8050948067132384,1
0.31713122465855137,0.9031812581817336,0.6986153673159594,0.7893549399644122,0.429103170953002,0.2894239878160717,0.8930836297082119,0.11599543208713572,0.3971285372425565,0.7318941347872576,1
0.2916231315854009,0.8406839166473401,-0.329542747167249,0.3382326618949081,0.33206714687230443,0.4890761773144854,0.2709205832161562,-0.20552063393423897,0.5911651341721199,0.8169223291855601,0
0.5413435823202465,0.22800512788109564,-0.05492001456057427,0.3450996003714195,0.29059369342577995,-0.08423097411869138,0.2527761481808723,0.8476250191713537,-0.017841156642816755,0.5494649466241489,2
0.9716652689236964,0.45363510749537217,0.10325188911527738,1.040274294461662,0.13030865073482498,0.22217354667399924,-0.004514293586337436,0.7690473656360955,0.7421405422767373,-0.011426883294047278,3
0.13254382594151992,0.4471581001775558,0.9484663674723344,0.8867872955007706,0.7487861749124592,0.5143125003285169,-0.1305174331858237,1.211374322145348,0.7973386418103727,0.9039099077766951,3
0.2969200934498286,-0.06637591499759288,0.77821208477982,-0.13046409681559046,0.40143663224305615,0.6320312718159153,0.2837569307755239,0.24246103798689905,0.6837894704395726,0.10475683961751114,3
0.272445668394816,0.8479607178418211,0.4190311461124341,1.396815730330379,0.4744085523268595,-0.19332140273396892,0.4919260891961556,1.3816018101429548,0.60637680773116,1.2414430142004695,1
0.2938637228312453,0.5210986894499741,0.4356636006270214,0.4711465052541896,0.4015563584595067,0.32197214102304417,1.2127448783917765,0.2125385228409317,0.18296794841636158,0.6201362050992953,1
0.32851732855441196,0.5976338265690975,0.5120961830220856,-0.1470499765424134,0.6275378232916966,0.734828084835859,0.47643881079000566,-0.03417825614801946,0.7213517602213652,0.4416107604608934,3
0.33925734601623486,0.4129684073403943,0.9655372675314527,0.35266694736792564,0.707191058515507,0.097299386506104,0.941913357092589,0.5790972310843805,0.5593945106228179,0.2218976711377929,3
0.05186018314211174,0.03607491092101402,0.303837521360678,1.077342731104067,1.0900594063672515,0.16861638103298665,0.30528529985836705,-0.0604172879606317,0.2560677005822605,0.18132866057842895,3
1.0899322674981393,0.4679980253357343,0.393724872070777,0.5102740243787526,0.10541307001225073,0.5492051584922314,-0.18211400082331813,0.43504463049677616,0.5839499901644958,0.6465031932666767,3
0.6360818511300755,0.6674677715768903,0.6348788639762771,0.4829102018864908,0.5775089999763479,0.12037269374107702,0.518322208444159,0.44300594203193305,0.11091796946805631,0.26298536450513554,2
0.8716503428344761,0.5690468700622437,0.7523245970200771,0.6228689708731027,0.6280981121448795,-0.009736756407296987,0.688210223964878,0.4959225568905139,0.11679413074354658,0.0943399226044273,2
0.25011057535117737,0.0755337279913359,0.6806149591958592,0.41123044937798214,0.9841368816296739,0.011409231169403792,0.9105052571731028,0.49576893981573483,0.421637863357418,0.9697752916359933,1
0.45414933070408553,-0.041745606732008556,0.6820289635541196,0.38846815474162166,0.3205998406472466,0.8633066929762218,0.03747899384739234,0.28925404061962784,0.8871757309438464,0.1838874160848423,3
0.2542979921130523,0.41177042776961864,0.34415678859193466,-0.024543290594483534,0.759679586178966,0.8975155906943731,0.49550154482362196,0.10533777851114613,0.44147043129133623,0.33038654267206236,3
0.4162379796097314,0.4117115268702204,0.15964591348135904,0.5769574200602307,0.35963880128887643,0.14885313940805395,0.02806633723649893,0.8404565455409273,0.05855929544693972,0.6464418051230066,2
0.06235483191809209,0.8396422015521632,0.6204049806643714,0.3764467673191157,0.9806684548562208,0.44507500556834295,0.609153148086469,0.5435793226094543,0.7132376074069058,0.7172529480749703,1
0.41876159808645125,0.4060936750516025,0.11811037344190603,0.5441918305597939,0.32310285395775085,0.10801272213664607,0.057874535812421204,0.7851522481023333,0.06979459537345714,0.6250806651051503,2
0.05661781900750331,0.7744149411483378,0.8464904403639265,0.2176435107292494,0.9875776622009049,0.53098929914735,0.6850190731909649,0.46032259711041373,0.7176179643446028,0.5092266245952988,2
0.5603913642076825,0.41376322327198223,0.18282916143024008,0.43035770745024476,0.19057847994556862,-0.027147108827169156,-0.058546684995685855,0.7075206852191526,0.07257510595782322,0.4997258596947683,2
0.20553829111125707,1.136577640666371,0.8375790642181625,0.3166263137981107,0.8409351875051947,0.5513064381818658,0.8261261805446548,0.7648983638065527,0.45511559736324897,0.8097002390270389,1
0.34527628282236694,0.9254677737809325,0.8919850348407377,0.6232652531273399,0.7701761124566897,0.22939201676588308,0.8546073789262479,0.9190624127332473,0.5391035973998559,0.08979627317168516,2
0.12987600512807784,0.09123261833190253,0.39464852617214685,0.7148411567941542,0.08789057938613583,0.37549506824218687,0.5282481309410978,0.8428390082533417,0.41150853128535325,0.4372896720392289,0
0.3488348044759923,1.2586843768610325,0.538989159200068,0.7938765008435413,0.8550310194473321,0.04162943155271884,0.8422008346738061,-0.15604131863293758,0.14051742089646907,0.4921340783692292,1
0.6761144347254235,0.0887098290919071,0.4866579479249212,0.2604289966194866,0.5364652052777221,0.5131849017359981,0.5022426682218806,0.9064150624127872,0.18480003085245306,0.5529355705504685,2
0.10379451855417188,0.08891237591956042,0.3333352546237979,0.7730403062244757,0.07079497609190914,0.3217834648145425,0.49435445232054076,0.909297968101831,0.38999769231555725,0.48490953591931485,0
0.44354331820088877,0.5470755338685179,0.3617738511166743,0.10815580261231275,0.0330398281607589,0.6133562696493579,-0.011423293629201206,0.6686424162639423,0.9509149445925178,0.10555295792609114,3
-0.572417015430251,1.548098397191874,1.1674084210642448,1.019107195746037,0.8820110557350752,0.1369954442831091,1.506350524865893,0.058232141301553464,0.6169932027154751,-0.37250326301242503,0
0.12055383898794442,0.5936549137505289,1.0958366722612465,-0.06829861742547566,0.43917615674049815,-0.2585132590672639,1.2128266997807813,-0.014025107305694617,0.9642757396341296,0.215259431893054,3
0.047807757899632514,0.22703396183054175,0.4652656423482686,-0.021438153891453614,0.9897494190772039,0.5569737171349822,0.5909600416196332,0.020439485702404125,0.3672433560482337,0.4440384262568801,3
0.5500974184352708,0.6578976045675479,0.39188257434974594,0.5630181804499764,0.5247453967822502,0.24721427300012153,-0.007163309667988921,1.0536396176311393,0.2256515663479139,0.7490241469526708,2
0.30990090578855745,0.3740024170618811,0.24314295438499045,0.18672976209200343,0.18782735069642786,0.8356661453206007,1.502729745836739,-0.17993395118274041,0.5032588996759666,0.8183830338828991,1
0.5797669782398551,0.6469483924672208,1.065901335279816,0.22239986819868962,-0.011886576515846181,0.10525313156598494,0.13119631139642446,0.8435248555863425,0.7543275368973879,0.9676551906250609,1
0.4418966194591559,0.20684281763159323,0.26342117560823364,0.3722248635437186,0.44303352957383413,0.5037919800188686,0.594217258313166,0.9019277106692926,0.21133162005950656,0.730766936603247,2
0.37419999534646275,1.0030198586607517,0.5547216001658032,0.7113366206159685,0.06188064059379746,0.30341312409810356,0.5964130117164819,0.16342551992598006,0.28500297779981953,0.08940745153339685,1
0.08958263737092667,0.943436672500825,0.7027316198386053,0.30322939990483866,0.9443603519779147,0.3557094876252971,0.6140254495068767,0.617228592072563,0.6647986263589356,0.7198499509419397,1
0.5943677150505895,0.6765833819372491,0.12614428891496657,0.7435396234221363,0.18525355148386552,0.8830670074660885,0.09427769570631027,0.3378859103701235,0.056022182199229095,0.30659348522141194,0
0.2750477319008418,0.9880412214532696,0.7095875398500795,0.5137102356311216,0.7989184014609088,0.7031279038480895,0.6600649655387076,0.5266114443952523,0.1341158049364638,0.3952653543531017,3
0.4209056131382929,0.4060357168670586,0.3933632975017482,-0.12049888395849637,0.5920021228678181,0.8057535466994945,0.8416752138529795,0.08798776974500538,0.5029216370658851,0.32230854232654016,3
-0.0006430516955794538,0.9164188825009362,0.8111842678481394,0.7649698352419115,0.1752102812727092,0.20946135625122303,0.9610404758744026,0.5460045648457604,0.697695940372895,0.060491162040262864,0
0.7108516341117136,0.4613416172815874,0.6156927625364624,0.7622851439356444,0.573122274048547,0.953530938456384,0.6170737512169664,0.3137766621618079,0.14974735277376328,0.4284662102301083,2
0.32655242016006963,0.3443441673919705,0.49022205314425904,0.37014548947745907,0.6715063861767038,0.7221260739567775,0.8814537868157617,0.15526935618520493,0.3817278678164701,0.41018944980612015,2
0.43136636173596893,0.24762251393388493,0.2523356568146254,0.1468185171692725,0.3389532354179007,0.890794868297605,0.9251474534266758,0.2433858987664721,0.45825418279134195,0.0059910297897130226,3
0.4163958467799859,0.5763184593716856,0.38774911106585686,0.13280417083103266,0.023651103381119858,0.6711111735669398,0.04908108370707986,0.6240252148761465,0.9142204102336483,0.17209323314698394,3
0.795914169099381,0.3082560933232316,0.5827527939267199,0.43776578926341714,-0.01567187532552483,0.39064932423960236,0.8287772310894881,1.283485554256029,0.13264792617587598,0.7789296200261668,2
0.177580611798608,1.2102341180119391,0.9373244104350686,1.3601312365106535,0.4526282415971436,0.18755586867130206,0.4418840666244669,1.3734482791906553,0.853682300556179,0.9512950917355323,3
0.00910373512815868,0.4487437275034643,1.0907155040375012,-0.16265487584845745,-0.002098784371362933,-0.08549931620117548,0.45339208797808883,0.3458909551196456,1.1153776937998077,0.6814945310804108,3
0.04969080827153433,0.7605630957688154,0.8404039839469079,0.22922303171984257,0.9997370149907296,0.527851141683128,0.6779011112734642,0.4683248161050821,0.7008931285030953,0.5055895362191675,2
0.38008571995666324,0.11536562097674086,0.6143922944812084,0.1461982415038524,0.13849868171835888,0.6849488704664296,0.28083142257429955,0.28063347264455246,0.876966272385763,0.2582810716098209,3
0.23281376649962832,-0.015749102558583666,0.06265862709040321,0.21132591673193937,0.7334228299878696,0.120784477412568,0.3672439928356957,0.8442880691166105,0.026326984444705437,0.2076568801446906,0
0.14001315202331371,0.08235616777790711,0.35702436616344924,0.7525486667239412,0.08651979124748178,0.3785964727958878,0.555201501937835,0.820788463303494,0.43827875689251194,0.4402184228557246,0
0.5448345501667282,1.1010827658930415,0.9771467198177173,0.8720818765494261,0.43428200693478713,0.0905044980579682,0.7097827805426653,0.4058957976446262,0.07576381116017211,0.5393754143385459,1
0.1388967258461307,0.4036177281567071,0.060025117557185724,0.11450780698199226,0.5053251345508036,0.041803396255572875,0.19633746746325687,0.3664661406204013,0.9042959708098864,0.2641387143745853,2
0.31279241595701535,1.0650403585255537,0.9549622217051044,0.7291924619531168,0.9002628360696849,0.168569687598558,0.8318401254456558,0.8230307874191304,0.5630285432883593,0.16476138527659653,2
-0.01995638501289014,0.25017067111488756,0.985538434993275,0.5284507832962623,0.8768317192136121,1.1254238707667115,0.518213601014763,0.2656510117487831,0.24984856966228633,0.09257601225454143,1
0.9316692256953087,0.8614804445912545,0.9993978405408851,-0.14930038750304217,-0.008798019612940994,-0.14426588665689805,0.26448528457299936,1.0276741600679338,0.8434462272022706,1.0940450189185509,1
0.8651663574372451,0.7024322043099153,0.5764132339355643,0.4552324184746212,0.20494158504253424,0.26533977252448315,0.15914629189649485,0.17517716667646385,0.3348903334031322,0.8998982263591438,1
0.3249385287989984,0.41307165700495685,0.44746437671528677,0.2592197699183074,0.5693279438238406,0.6924514190773498,0.801380105550165,0.22392930318878526,0.42384743972420474,0.4918264757665247,2
0.6424338853920228,0.9150671842467938,0.31970013801311814,0.4875496081734187,0.9963842249021809,0.5300913660689216,1.0083692790342924,0.20596754094915276,0.9662214006285421,0.7681195770857933,1
0.46310565392555364,0.31706447441301366,0.3096039906979573,0.0260892895186752,0.4510955480989974,0.8361020772822804,0.8578456881617902,0.31585514707379303,0.43747601082996945,0.08589573945583152,3
0.12568725793266672,0.3934150405790208,0.02072425341676251,0.05088803746971167,0.4448890192223832,0.06976929354150377,0.16395325799097854,0.38630072960124967,0.9035377576035891,0.2671071896984459,2
1.0504872060697268,0.5003909856283929,0.11486844131459291,1.0564893872471774,0.4565094661272793,0.696601548375913,0.518189873966069,1.1427061633298345,-0.1698707801053991,0.061509621134583886,2
0.4198806411299289,0.2252365417391311,0.13791359194903718,0.25485870770708274,0.4931362641852411,0.9356891828743298,0.9063889996447204,0.13936842060401244,0.6018494661700522,0.11481744968604078,3
0.16025611850916624,0.8137344646983747,0.528920997046749,0.694358760510924,0.38387582646707,0.7163547225350027,0.31242113012368755,0.6016948729198687,0.3036799110972325,0.7899737233017141,1
0.9029700892190534,0.030283505458849155,0.04713927079793523,0.7117121520176805,0.9840287932759322,0.1384001051330734,0.5925428788824977,0.6914540461554889,0.6454790854213331,0.75747716555853,1
0.2514208992565323,0.935638572031192,0.6329779899230152,0.570935588139499,0.8335326669993404,0.7532784765418524,0.6050174463302598,0.34370859024260053,0.06351882721712777,0.32112963966080715,3
0.2737025059535057,0.9588391448763526,0.6740990917415898,0.4703167971590218,0.7834647818718554,0.6342993506668009,0.6112635745457167,0.5156257151798478,0.17246469779717893,0.347173031013296,3
0.09044010240147148,0.8897254120843876,0.8538913262622191,0.8785916004795032,0.11128728800285548,0.32726477187003833,0.9560122414286706,0.4896255661351268,0.7476263044333047,0.06351795916042807,0
0.38084841143580017,0.2655981886158183,0.9287451973539439,0.5097811328836416,0.818833690249162,0.05678127605112909,0.7943230168833543,0.5097968846295566,0.4736405167837968,0.2620305458318758,3
0.6472365077665824,0.7041659791785602,-0.0558350287581042,1.5799197936954341,0.3417667722352066,-0.5193638193205832,0.2009420854326721,0.9696370978133451,-0.10649932258990724,0.939730761719268,1
0.7831631704370664,0.556498914107029,0.5683622990528052,0.5740010662990072,0.08308038637369815,0.3735682859534033,0.1617949819306803,0.5405627821708548,0.35944536742140953,0.39030411577468904,3
0.2702723538880401,0.9475725593955505,0.7038391815364817,0.4265493901743747,0.7772794890580419,0.657925031947333,0.6362418928657598,0.48099883661677334,0.17641395032818788,0.34628725006498795,3
0.3893826972885195,0.5411304725572967,0.42407051876348884,0.11213482113966497,0.06389312083226384,0.621516546698463,0.04718589502901381,0.5954882547599168,0.9551447036750863,0.19455145433293392,3
0.06308941772808015,0.7745754892534011,0.8378459522759721,0.2221517888752809,0.9815925322661267,0.5329700113796291,0.6875020176480857,0.46659560646991094,0.7219171583834959,0.5078382191531937,2
0.17765650112770404,0.8416707238503393,0.9805610675986749,1.0497396460421249,0.08880872621365281,0.6924283593446039,1.3125015258201556,1.0863774215948254,0.7652216065074515,0.3754854600485166,0
0.2444848398782426,0.9526455266028536,0.648084965029541,0.4649603558522463,0.7533005850104988,0.630238176835723,0.6384417369566181,0.49562659176773505,0.16784736308330916,0.316411571469775,3
0.3613478696789247,0.8512181941940643,0.4924737603940207,0.7960318629784363,-0.007599002497596239,0.264077117155689,0.5910377804050818,0.27534798367035834,0.14206592329720358,0.19507991873447708,1
0.2856436219056114,0.8602433515772248,0.6029291785132227,0.6675344376400828,0.39911093184741236,0.21628707684068277,1.0071404072695316,0.1659553011675725,0.3679797729456495,0.8452562725520458,1
0.4869782481271493,0.4058444031441431,1.1850976810012908,0.6532774639571126,0.5007537794748188,-0.058349176152693305,-0.3275649908842396,0.4970119070486845,0.9941766972282823,0.14894448505296332,2
0.11649513500657088,0.5877157429060581,0.5999753845948143,0.9943839661914836,0.959741308249598,0.0984773157050789,0.78346357923433,0.8719900168878034,0.5138389309016488,0.8879570162529973,1
0.8755300571595268,0.7139142815994317,0.523287983480906,0.45534794288450414,0.30513504681479214,0.29911161542000214,0.226473972296528,0.11107388097313264,0.33660624778583514,0.8455207602403878,1
0.8087538598730448,0.1543177776499542,0.3336037750345493,0.4046759199310206,0.2050194430871633,0.12161732797762331,0.30316637282626996,0.6930384942713762,0.44290968339277714,0.6191891140042888,3
0.5608915103826468,0.15292215726210862,1.2415961934060424,0.4940719515143481,0.06932576923627234,0.012492306164946065,0.6365733466677157,0.24245017143421252,0.6776520167117552,0.45487765628594845,3
0.6024684364128333,0.9640091916828917,0.30144783026697625,0.5597264876256657,0.9773935001448346,0.49978430765885445,0.9652620142585755,0.12839402830082539,0.8824712296581101,0.8168659673720189,1
0.47599590012902115,1.0810158383822341,1.2596078836475018,0.6286440211286004,0.5414359925320428,0.2872134900434217,1.2006421545335686,0.7079820912271868,0.5007617879201585,0.7595723549524384,1
-0.0536572910770359,0.5072537230306609,0.6005055190172508,0.6717916396459354,0.6929256727112809,0.2568052101399577,0.9896784847738749,0.6146906864115771,0.6931098888118964,0.6750251827911482,1
0.40843670192135295,0.5411208655181322,0.31469358852068524,-0.027059565358795556,0.9334780118632147,0.6189567956652378,0.9252153321312038,0.08031913061636972,0.4426354187193992,0.46395893969664254,3
0.5806371639885644,1.1510908912566176,0.9597153316776594,0.9939200541513878,1.0800257309493522,0.4405843700361689,0.5505711636284571,0.9907898005336748,0.42005275656096674,0.32637084729532256,1
0.6869428702673058,0.4489855493012639,0.37959276730983504,0.5310737823995056,0.3759960786290975,0.1917695319024601,-0.041978704983319404,0.1672070959133177,0.5429899264112625,1.0720277853132965,1
0.3357933641137114,0.4201371114295138,0.08608214979090671,0.6389549880292517,0.2620567943666915,0.06443320313286577,0.06403622165223258,0.8913552365534766,-0.0414392228135278,0.5183121733199051,2
0.8450042305098212,0.6742588113224042,0.47344642224800193,0.3027946309364277,0.7721925230680913,1.103255978200717,0.014326657908375617,0.5920187298678001,0.7091261131070681,0.5367902643938901,2
-0.02967246660523079,0.6700653965859276,1.0716022474840774,0.6859028303128145,0.5869312232629966,0.6189397857445098,0.3824048992220895,0.4705245968934259,0.4444789691320561,0.5089443126123759,1
-0.27945896013207067,0.7682182671401919,0.9732475354155251,1.179005895033636,0.15527084096001428,-0.045409937522143784,1.2781827985741838,0.3760802438768462,0.8154040856543125,-0.08265800458331096,0
0.7936605865567029,0.5956669840348339,0.700363394958075,0.3715487504234482,0.02990481179100024,0.14178748151595166,0.34895044783329876,0.298089509176042,0.5751356548049809,0.15466620534833642,3
0.7097144587942927,0.8640290175654959,0.4445653286731646,0.6404458991205423,0.30963038266008247,0.2776274458855983,0.24954554090726153,0.3206682327226734,0.19032246430775598,0.8930922482686589,1
0.8305223747048636,0.4654489947633242,0.741439405599242,0.6034197870077447,0.7777827356122352,-0.031083820924377836,0.6960507620198895,0.5961822505829311,0.2073035125246527,0.22818194896809846,2
0.5636346249179229,0.1559423328988351,0.17709004739313963,0.17955833103366436,0.18722757983495564,0.8332111899911233,0.8069464302714496,0.3645984393703924,0.5909703711161501,-0.07929287531115234,3
0.8415670917547134,0.7427264098883046,0.7956815952631529,0.34401106725769504,0.6042364338135994,0.6621053115724981,0.2656952766828389,0.8718443669019531,0.8406618842202073,0.8209728088975103,3
0.3149916726235,0.42379764081314164,0.4607025528269544,0.2661370797127817,0.5779526539561252,0.6979783731379283,0.8096088884203833,0.2331462303003289,0.41537287839876774,0.49036708818638486,2
0.04476971072846868,0.7824887166553937,0.8445851472904956,0.2207140505880311,0.9853115667250392,0.5367753393847029,0.6837809017214299,0.4654277177278685,0.708394797288693,0.5176699530255081,2
0.22663328192748378,0.9247258809487582,0.6740064755729326,0.5550719402418444,0.8180068359768966,0.6655869235939952,0.6871144880176565,0.45536604119361157,0.1396038611802361,0.3453562840353525,3
0.4858604126223898,0.18743760891288952,0.4761869692926939,0.32028039744496656,0.3422714673517049,0.3773218969669012,0.3290050068338963,0.6990497249827499,0.4069849065571676,0.5631049231548702,2
0.2763145380379643,0.9062002580111329,0.6621059228173499,0.9856337217050352,-0.0201501341309184,0.14906290226416977,0.6366703856088852,0.3392829968167844,0.15595551275170816,0.26830567454960547,1
0.9330879635756922,0.44985569732367325,0.037584152212573836,1.021076097657204,0.07489410590276122,0.11554383062292672,-0.005910406587005104,0.8653141415913813,0.8148818170498038,0.023663763878777395,3
0.43397402650453737,1.0733210448737094,0.7370890529140878,0.8626940972063677,0.3269459312245493,0.23711527250975714,0.8637813577251181,0.1473966613501634,0.37346224247433507,0.5637309170494731,1
0.24855562123645228,0.3758958007936621,0.2861963509058631,0.035142471921738354,0.7399043157347764,0.885703875428278,0.6876989706931133,0.03414183430129605,0.6520037231188307,0.3551433005242108,3
1.0148753718723442,0.7013572954131495,0.5324372102974788,0.28702720814072136,0.5004439037385545,0.331087368625237,0.5933508511820522,0.9634429771068992,0.5759250905565791,0.8928432417353268,3
0.15579552548317727,0.6578670151831121,0.9438774777888641,0.7317845635991918,0.8017990579580908,0.7329542741544979,0.34880114066138085,0.5354596015235934,0.4501516367529387,0.4940847904048047,1
0.503281062057559,1.180814777185127,0.6511096208305385,1.372030497590483,0.7884940806097975,1.0716686811998968,0.860248007599029,0.8544187947389548,0.2998296895787448,0.20744756891593208,3
0.22836792644004117,0.4948887314460835,0.4184842426132762,-0.12521363793410584,0.6718835384484589,1.0626388468976369,0.6874184968261621,0.17610417762537142,0.7181533293614412,0.5259329807574801,3
0.8768065281585915,0.6042806404818154,-0.06515408765070552,1.069390896107516,-0.08246919186227938,0.12072036415989627,-0.10909773769461101,0.8314780460903008,0.7343750195280152,0.1482196691350775,3
0.511653126539334,0.14169003797808472,0.49194363360528015,0.3119723167951498,0.42001219248813043,0.4872483749702065,0.37244718160763685,0.8025489553411149,0.29736019726810603,0.6000392641465113,2
0.9522458381190089,0.4703176098404024,-0.005090626302572208,0.9759012039735759,0.028183840490332485,0.1637310014191279,0.04197335497097633,0.8987121987977884,0.796146008200241,0.03600493966251734,3
0.5277079813657084,0.19432994390096356,0.5451671200036795,0.3191121420234398,0.4314307046872908,0.5188112015851665,0.3169834134772916,0.8813761119896716,0.38299942185527647,0.5687295118557233,2
0.7892110485978734,0.18798230576437736,0.07802393507316496,0.840821873645936,-0.11198505539310905,0.9783274459768844,0.17814400443830375,0.9007637601964211,0.8234731086472931,0.3596424961838935,2
0.05766836084005094,0.7753722404512797,0.8469946526684775,0.21704375262299758,0.988687150845428,0.5312830198731788,0.6850420556471867,0.4623193306885344,0.7178481152699506,0.5059202763314603,2
0.5903866902308047,0.17786798211291266,0.7852750510628037,0.6599824013628361,0.9639867672424263,0.5297849621915145,0.9046537698567444,0.5875631848997225,0.5178376295084979,0.28900135938457505,2
0.9008479738846129,0.7647474629589391,0.5377058201983342,0.41885444623385093,0.2589385997613837,0.21382898199523895,0.1777947820909981,0.15247868308040785,0.429439165626552,0.9207971529229361,1
0.15256141535220402,0.37878483141921315,0.023137659834147898,0.04843188005503997,0.4641843326799393,0.05336505911671946,0.14098262770045616,0.3735605164855581,0.8964594968230202,0.2628070502360819,2
0.6975386483713828,0.27385068693017267,0.9052081966880174,0.7020411643682805,0.6153862559262026,0.04500507070684579,0.5518708436313066,0.2927872421847275,-0.15150103366947051,-0.13703289999779603,2
0.406794698796316,0.10931243093576536,0.45770123654836753,0.309447846203957,0.6093608000830754,0.5266437131491211,0.30170105764400357,0.7212715118244956,0.25521967871347584,0.5646814183502078,2
0.43648616133900636,0.8940892711919334,0.664486143019305,0.5950283056730621,0.5576774056547724,0.33662145136717764,0.9043347358350027,0.18000586588622447,0.43673348692024017,0.6450424594896537,1
0.726886217090151,0.5485842714304617,0.1846767214512012,0.7889282478142318,0.14844216190722093,0.9480551467345633,-0.007571883012948158,0.29916429716348497,-0.008430448793800685,0.21497311658008827,0
1.05936672558113,-0.32829066013090263,-0.0522275420863052,0.3034395455028509,0.8300617533549448,0.2533040951905653,-0.1218616489356592,0.6451766447201073,0.3430818477010145,1.0264312948334737,2
0.9726341356036479,0.5495707667681596,0.002288278714376188,0.9611733655049207,-0.061157743192989125,0.06342343607121545,0.041664643366803214,0.7953403293100326,0.8230454918906025,0.08750920560782026,3
0.9954871301452364,0.44630651969581064,0.049377772585197724,0.9861880104554642,0.05073989997224909,0.1153296904368294,0.0186377265754259,0.8699844889602857,0.7244487612234747,0.04435695078261867,3
0.5910262521746967,0.666859214528212,0.1291092589064007,0.7624950810676047,0.20623179644876627,0.8725591194961066,0.10969126034631502,0.3269312949146479,0.05639388936553003,0.31556701652105273,0
0.14607175742336115,0.4483827145419697,0.05607965632108161,0.1745936007454421,0.34873600879533373,0.03527681497507199,0.15199690968271734,0.24539751247502112,0.9595396665996012,0.41564990034509497,2
0.28107061904034436,0.3952625581228228,0.2694390409969433,0.026361078378620298,0.7352157732024003,0.8458138382777756,0.7165966023327469,0.0054893703646822015,0.7109824550103586,0.3551133321210994,3
0.27573167120910425,0.22302843742282502,0.008044022459625655,1.2012180616383357,0.9829375866317337,-0.5984848579606028,-0.5862438825094437,0.1460028530367279,0.6582888864139326,0.7306986174489546,3
0.5917163112660664,0.20261418104094747,0.45811399359700844,0.2311176846311326,0.34472112659953175,0.4664684141438285,0.4136898394820155,0.7508215356206157,0.3410855332486594,0.6001206294873217,2
0.43047433622085657,0.6422222104972333,0.3446901097102095,0.3000944988071627,0.9360291351711453,0.6454255411322479,1.2008283015521484,-0.14805130801056854,0.6046249468879383,0.36235142482284755,3
0.4903978772868931,0.3376427450343037,-0.08709505961838954,0.6280254841043931,0.37289552129210296,0.33039957521573193,-0.13509630326311164,0.6626679891579745,0.010167032820336624,0.4419819297930747,2
-0.03330098266527551,0.7848666414174589,0.24479239317667928,0.10483945783887114,0.8455453347824045,0.6646135595588442,0.7388085367418075,-0.02803215810360493,0.4656800580454622,0.5962186761195886,0
0.5183870761726952,0.8061400327479034,0.7422262850057765,0.8881811375039845,0.8386063481930048,0.4350416879034054,0.17831206131774321,0.9220320352055515,0.9787061695068066,0.834881736984324,3
0.5348069048279384,0.6339110658981696,0.12172737995542852,0.5264451912419018,0.47878642675620814,0.6042062042203509,0.8907026886215186,0.7721202910446859,0.35228133322724886,0.1437119316884778,3
-0.025610346319152794,0.8504780341706497,0.8374580011662638,0.9338731091062031,0.23537404562665704,0.15066860743184085,0.8917275376569366,0.7082922849107779,0.5073123662197974,0.14606675126635188,0
0.6477641051392559,0.5505835918651762,0.1588263184570111,0.7956827636126791,0.5750438617583944,0.9539780523757583,0.31546495489280685,0.5500960284205465,0.4582345300918026,0.1365247842781717,0
0.4145819560530012,0.5518372470602914,0.11978086133569014,0.5705047646752673,0.45688989730285057,0.5942930890372113,1.0029468425408727,0.9155051318144497,0.45440098520326894,0.25624652662846215,3
0.3872721723669974,0.1851123404123635,0.3064957478289483,0.026710615939357085,0.2226121664321596,0.7776869601114729,0.1825653082580263,0.5602164800832725,0.4453611381765511,0.515095747597412,2
-0.0817933004755371,1.0041921497573034,0.51675669849145,0.2502672486852241,0.9816833718209735,0.3115747866722732,0.5144104961275404,0.6719094148225566,0.5362664338762284,0.7025469810335896,1
0.015938335921110547,0.6695550298116834,0.9628980715043786,0.5079734264631262,0.7665732379462796,0.6590748102420435,0.47459279220722816,0.3973750242634036,0.4322529896986158,0.44820918278329547,1
0.7797293028849062,0.30264389599185587,0.33661061686111465,0.049335775864133874,0.3427327085546138,0.8156738822560441,0.5712242844402293,1.3971884616835692,0.6500654631115123,1.0358616649462773,3
0.5202800614655961,0.34259297738007266,0.30629501544315957,0.4433190004140054,-0.048170923225558285,0.4055455440050429,0.22351378573725125,0.5903983582848544,0.3120053507558245,0.723926705671076,3
0.3830217029385065,1.0626253449911176,0.8861072844874895,0.899593120189599,0.304651534024174,0.23258638250517708,1.0899681384128879,-0.12127729854945121,0.38412990169342104,0.6028336027779754,1
0.27924235381503143,0.41060240600541975,0.4483295168049387,0.3029138920271743,0.5625428065406989,0.6781772867636165,0.7983593669817116,0.20949202158173502,0.38307384921624593,0.491422869523173,2
0.22290655018954164,0.45641456350446213,0.618099033124822,0.263391825517572,0.7083319143250515,0.9353874578975974,0.8728623423721512,0.13823989608479326,0.3898291254690945,0.6996856453405301,3
0.9480154626131636,0.5105933732231644,0.0428299814666414,1.0252300560326104,0.08710047616370767,0.10633914372232817,0.03868377624038326,0.8476511296940796,0.784255540296701,0.03686578573274904,3
0.0031344323519366946,0.8071312363584449,0.9074740247183017,0.5540374646848764,0.8233517951890028,0.6638261782074113,0.3850346303559048,0.45871351987702447,0.4925608550890853,0.4465871199322448,1
0.43043753122763845,0.5653640339773736,0.40220642020945113,0.14843749891230554,0.04116785961736187,0.6549675255729597,0.026249347520981892,0.6249526644036582,0.9288637563998752,0.16767296377276442,3
-0.05284342775652889,0.27569060989365085,-0.023682159163180748,0.19832878301754375,0.5162650975118395,-0.11493083534106302,0.19870781603715248,0.36141169708229404,0.9653383931015143,0.17867603355647432,2
0.6772514726889349,0.6906744945536963,-0.02316085557646827,0.059830236539252,0.1031685709939001,0.5990476374429411,0.44337512369105897,0.9128362772481983,0.39932353206888477,0.3702922730481552,0
0.10347472654927216,0.6618828416177145,0.9137052951952774,0.5835168817224267,0.6915360026462507,0.6069640089113225,0.42052576046063095,0.4796087931044896,0.33391745230188635,0.4840243624332005,1
0.1989112578036594,0.5537778872404696,0.6826907295345169,0.340302743154547,0.8054463653596975,1.0770089479494136,0.7450135627418885,0.11965206172964973,0.37082462575717173,0.7462234805649146,3
0.388134963947296,0.3212464981310007,0.3223063824662289,0.09446323264829788,0.341353317170002,0.927958802499628,1.0336230911594615,0.3584802703283376,0.530974791935821,0.08047930450953372,3
0.15533010010998366,0.9563964388087951,0.9520333209083564,0.8897968396132534,0.06723008440345205,0.29929177745428276,0.9475410726261643,0.5404331049220614,0.6970796957835905,-0.010625050402973998,0
0.054407544725826304,0.7985554843376736,0.7831182838062621,0.14128532281558434,0.779971190625396,0.4560129419388934,0.5815803954614759,0.5188750433386353,0.8133354881640462,0.6436465673867496,1
0.4252917696140778,1.2478601270709466,0.38903699037657796,1.359686643780439,1.2776824692568063,-0.06432584533915559,0.37336790037945733,0.41835163163430766,1.0934837249114606,0.3586973491224482,3
0.2953143034862552,0.9978899470991818,0.6967357248916526,0.5041596530113426,0.8146958918211854,0.5949026996470809,0.6415452868932046,0.4695490015984141,0.20586865723365966,0.312940898120306,3
0.686520066944498,0.5984011824617259,0.7728104672357954,0.35030248668588493,1.051547991603789,0.6237680124819576,0.27396986269065793,1.248626508729263,0.25355959592965915,0.5500515401512981,2
0.8260854430931202,0.949266863964211,0.8619734598363178,0.3238657657435916,0.825420917267575,0.8849110496839746,0.20917792827578258,0.4568956592688854,0.8259430006392072,0.37554858805914376,2
0.8853589445553067,0.5590049325303753,0.21625194523157337,0.843870993550118,0.6152020487692749,0.6258364134601353,0.396150905178175,1.056297700233503,0.006059240372814786,-0.006718043494543607,2
0.9427637392838396,0.50414677679457,0.6097882719998058,0.7594346704675585,0.22787785721305812,0.4290239589999898,0.3234200751505554,0.686371037588091,0.3699574706551435,0.43558395172918535,3
0.8101684836348323,0.8819507966898006,0.6865273799795998,0.30730862896658595,0.8956949490603605,0.9863518645741585,0.11039549145300452,0.4813517328432066,0.7081822036526286,0.3946085603733601,2
0.36943992707761514,0.10839812234709495,0.659537198000581,0.1675719662373966,0.09892984623965115,0.686086917094695,0.328495754316891,0.3174791587651325,0.9195995693647343,0.2697871396349564,3
0.21612987036859005,1.1071739556816724,0.5052059941336087,0.3562813519726094,0.7491618143249354,0.21204466008568393,0.7013931777419314,0.7251315282368611,0.6836568631401938,0.5483979798826468,1
0.37128174034430594,0.1322048968667123,0.319788425930976,0.06994790943991572,0.2707602954475312,0.9144721424163549,1.0143119972877108,0.314180004518931,0.5013742598673584,0.11011028048461582,3
0.39717515733229897,0.5403335875789752,0.3811388551254973,0.1330503568705326,0.030332640780340085,0.6545356888255897,0.01879159778294405,0.6041495415218392,0.9217997626514831,0.17920695955170549,3
0.07208195623125817,0.9484097686464585,0.8017702953586365,0.8724099766601952,0.23624489881712793,0.2985564592577653,0.9111506976934722,0.5248778156517431,0.6283817918273267,-0.037545353117198255,0
0.28001331853698097,0.5911538199960223,0.43855999544130925,0.1255518264337268,0.5018115381229002,0.6776933574807977,0.7794009802267073,0.2505426745098023,0.743241103442876,0.14935234627134347,3
0.2810751875434619,0.4009150353075154,0.30428159614674066,-0.009641542397713889,0.7371114471071948,0.8352625449583121,0.6278665754343778,0.10539495173467414,0.6862369025207853,0.3539831947470465,3
0.13716475348913176,0.07130213672317548,0.3916417008325903,0.725189720735542,0.07046462919536248,0.35927298685471354,0.4976840028955531,0.8297598648947497,0.38028000805369533,0.484944812099947,0
0.6544328381500214,0.12128742277411848,0.0580770921415055,0.048562469227049196,0.4360583560530116,1.0288737996956945,0.7430579228481864,0.05486913395833845,0.4060340072429274,-0.025168320108083522,3
0.8407958094312282,0.9284795903698102,0.762542369967384,0.21456184365624648,0.8587377048766115,1.1135170255129712,0.00963138156507748,0.2474293397873927,0.6433584646278606,0.45828466243484717,2
0.5112999084715507,0.14605413905197656,0.488145958859069,0.31634648391359754,0.41977925167146185,0.4829627511615026,0.37534552426872025,0.7947265914285463,0.2982330757438826,0.5910378472785239,2
-0.016235143014985312,1.019670329865757,0.721004605921413,0.32892981507876146,0.9405856202797299,0.33724934925709815,0.5489559924076628,0.5315588953020997,0.7605779756060121,0.6429528803523417,1
0.5367735983464648,0.8135238463186035,0.7989644912179449,0.9144541604999082,0.8156021534952425,0.41986287590760957,0.14060184861920863,0.9053233837354456,0.9789191212297454,0.8282008433310236,3
0.3400138667404864,0.0833964519110204,0.7409897580182556,0.3753194598071641,0.8838311688277419,-0.11674190965887812,0.7281526232628787,0.3069665971485716,0.3177292875781267,0.8633579471830852,1
-0.0686552840841845,0.6336980556649948,0.4940676782834757,0.5701499459832323,0.41091521628979316,0.18084235985766528,0.48655873934708843,0.5873804441685084,0.7786204033111012,0.7771476554633203,1
0.4200264304677903,0.6118768941655859,0.8543217079213825,1.0535527411293204,0.861194197296896,0.5997281311374147,0.017658174621565215,1.0904404402433436,0.8386184015745366,0.7453810029413689,3
0.46644853213319537,0.8174376994321679,0.694716340448328,0.8508764313360436,0.5355366213294527,0.3652992522836962,1.0838615078793392,0.11490497301750206,0.4590427229352533,0.5934349588321782,1
0.2567735688738841,-0.10042748446585908,0.5314618088969558,0.5088562968270074,0.4493044032985296,0.919295122030559,0.8451403863410756,-0.13891033821285872,0.037935714033838774,0.39081132916520184,3
0.3441295869936069,0.9345034389407902,0.8852688735906875,0.5953555762023577,0.8095320874610904,0.21400209600623782,0.8823322141197955,0.9431988244564862,0.5443264355795463,0.08551531347597888,2
0.7394587418673904,0.32773406870070176,0.6483122283789591,0.12423554178167139,0.9631218337739875,0.7947260998543132,0.5334777432537859,0.7556557015521894,-0.12928042965680808,0.7100917085885545,3
0.09405549297393528,0.34591400771221764,-0.017455753268729335,-0.15150428794243656,0.3291889927866907,0.12718823972953047,0.06601302054084852,0.4921180762522013,0.6814411358033855,0.2204523093356129,2
0.05053631972925188,0.6290912982196435,0.5336794971193782,1.0448460469711014,0.9802355966487475,0.04668204364260395,0.812862456102064,0.9560436549558402,0.535177563950201,0.9583919318884153,1
0.37934628858888514,0.013316800183100996,0.7896283796409209,0.6130363138722932,0.38667136333084995,0.6939279973690037,0.7528260848973861,0.26600507250370065,-0.06602296570903626,0.9464305687261272,2
0.6370037377518447,0.9521517888038658,-0.14092797960154652,0.42026149621986025,-0.4899439555921079,1.4565982470781393,0.6648193671533594,-0.203679874454181,-0.12150146112291249,0.34215620291692006,0
0.5642771629277548,0.5566147185470984,0.14518044581404782,0.5980328566509681,0.31563403254229855,0.10372258719863042,-0.058295115119782276,0.794095774934328,0.14108736633581972,0.7022801007697794,2
0.5081468617498561,0.13884599721483726,0.4873049613649868,0.3282637871643816,0.40707395188452494,0.48096401733789573,0.379667135807454,0.7912029396608657,0.29750872129006456,0.6023828387002489,2
0.05603261731190557,0.7720754806090337,0.8455566319326118,0.21988154789927158,0.9856106521560146,0.5331660765854129,0.6868009799510505,0.46207315395496246,0.7141742896272263,0.5062227365978438,2
0.2963768381000982,1.3020300004169334,1.2941352804999684,0.21887468666066812,0.7425591094772903,0.43714997292716135,-0.1163597149551755,0.28601115843597347,0.8272876609891238,1.1856930262020093,3
0.056825643661440016,0.7829254083597827,0.8496813593150907,0.21530344811678648,0.9781337563589425,0.5286849624830121,0.6823774771722649,0.4617243520282266,0.7200553551430097,0.499807397450176,2
-0.06549213828571021,0.33191864437557433,-0.12824773630644892,-0.05963994716536278,0.5723596408404353,-0.0446523302277438,0.15181913260111665,0.4677507799313135,0.7352955645959445,0.1252082941104344,2
-0.1914600583814347,0.6785969488433126,-0.4553502353136307,0.37082602779045115,0.7183689336304887,1.4162677298447122,0.12757628675731875,-0.431574807686107,0.473004543822522,0.9079494049572934,0
0.07303936685077861,0.9635095820547439,0.6927256712074081,0.2885347743715479,0.9576437766198764,0.40538124614566373,0.5735712974829613,0.5925656259508165,0.7012228297263664,0.7278118962993517,1
0.6242587891513792,0.1114865305817662,0.32087802388532116,0.448997871991843,0.13607201859334767,0.15950383144236346,0.15494415897483738,0.5188037755438235,0.5490152405589999,0.773497166107151,3
0.736499236481203,0.6407958739671972,0.8368995869895018,0.06786435683825089,0.12573547323831366,0.07402298094126536,0.34884443699313494,0.9173228225965565,0.9176943825047793,0.8469302440587124,1
0.18494412710780503,1.0571749067077696,0.8666993195439985,0.7982025673461477,-0.004535920877130589,0.2781279389480721,0.7728081641869206,0.7150312018842939,0.5431579600412098,-0.08650110364986466,0
0.42964673327535036,0.21676366006691836,0.2768875219107514,0.12451325121627543,0.3230002156759228,0.8603332450193709,0.9703665758455129,0.23386866639364928,0.46830670317840356,0.020263496453308154,3
0.5720731236104087,0.8986239426694845,0.6442039632603573,0.6859091840686828,0.7959124867509103,0.46562077322749723,0.37970719151427024,0.7236639634181091,1.2007574958799394,1.0088863468767622,3
0.5690174529600689,0.5055969349838978,0.7660353052013052,0.5910574114728309,0.92800549089797,0.9439204749567023,-0.11864910956692515,1.0725021448173648,1.185663983492529,0.4232359482667581,3
0.4138162731575574,0.7573541895636904,0.193423206540825,0.3453377844334344,0.004647026993208715,0.8671403751460258,0.4906305722861956,0.4882674033845194,0.17110438984931176,0.9280461214331407,1
0.29146084010472073,0.434558590674896,0.4089497330817136,0.2289518916470348,0.5179335950231303,0.6692771385412395,0.9011071741394111,0.24829073511836922,0.45030801883159216,0.5117956987415093,2
0.5857304268654049,0.7035564789268423,0.1782833861083937,0.7954698039257833,0.1951363569569129,0.9386846785907997,0.05768613430328391,0.29423326261948013,0.026638701506926057,0.35757773650235986,0
0.056827518066777286,0.7753392130059275,0.8482485984661511,0.21775893758629347,0.9869431131727502,0.5332106177510684,0.6838710750993653,0.4613077707175738,0.7173811650553371,0.5081805090443492,2
0.26061891905308515,0.8718860977068669,0.7376876950690905,0.7530970056574994,0.42375891341384664,0.3336836264139496,0.8807609466409843,0.1140315672342899,0.4235625998055921,0.670110245515044,1
0.7153519611247192,0.9012370008634443,0.5841368029331031,0.381447344559145,0.9199506630867229,1.056588792784806,0.11594999835957984,0.4890887081888876,0.687173701026136,0.5408557115883845,2
0.7010061966140293,0.4323542938199929,0.6007644177442719,0.7482960109655051,0.5547997757462649,0.9256931165415953,0.6300590011469148,0.30428987114257644,0.18722620447608457,0.4744239933948881,2
0.47831366098772365,0.47264490980684737,0.6518309941801871,-0.006696867887182371,1.1342358778349437,0.906498842888996,0.3817744141978423,1.0543526744751193,0.2619781413640867,0.8186349037217058,3
0.9822756337534383,0.7954685756068173,0.5365942238575364,0.42357332568444417,0.2351729254151163,0.2641378138227881,0.18652254308812755,0.05870698808384252,0.4116827623042474,0.8238342069392821,1
0.445680800055379,0.6382921405519789,0.3672975576415687,0.12704902062104517,-0.034154023595967975,0.5831797199037424,-0.022619923738738862,0.6371377808324092,0.8730483683957719,0.19664703829201258,3
0.5198524922466128,0.13682390030515496,0.49336836571853754,0.3140821896509725,0.4138971236945303,0.4828867677058139,0.3715731090554591,0.8048899832106036,0.30081701793065757,0.60110722513707,2
0.507801685103344,0.6502021640279887,1.0150517168060376,0.056958015372795365,0.11384385874477637,-0.004821527771766906,0.5128254019420213,0.6549710557392405,0.7527332132022644,0.8222084283188165,1
0.8821154687080639,0.44658640914184267,-0.000645196563507016,1.0481815283955733,0.16159683311672668,0.013925973541112385,0.007077337627775786,1.0091175531050558,0.8097290789542373,-0.028361566460301135,3
0.4841097745193699,1.104102684379995,1.4847984208168354,0.5014292351013103,-0.6384019038860429,0.35239789994913273,0.5616683300034613,0.32941863498232743,1.3261148724421636,0.8560922896047034,3
0.09375105313908028,0.5765415040496599,0.6024401668638397,0.9758667353263708,0.9374887692758374,0.07540266719980591,0.8009756778914773,0.9115729764451075,0.5517423260952734,0.9286152471908562,1
0.9314963655050292,0.5214261754515558,0.006939076518227822,1.017060658518376,0.07315373828556206,0.12777171383467117,0.00865534368356419,0.9121939328661162,0.7646590569926281,0.05537072060019119,3
1.015027889821582,0.6065699679055667,0.1955679538196589,0.9543777500607724,0.6141742759618739,0.7114660597708505,0.5293262170424686,0.9955689807824825,0.004677025704043892,0.05928715024040457,2
-0.10745408067472184,0.7384530682478434,0.3925846125281216,1.0988368399236799,1.0113741691904443,-0.13625534850173107,0.9732959603520801,0.8403869630876467,0.5620953420661807,0.8731671601168818,1
-0.05129990321126514,1.0082216345805608,0.7137022026226201,0.19804789805855808,0.8793589085456175,0.2768690816750187,0.4900348808826027,0.5302674769491498,0.7318476395741523,0.6600297522331287,1
0.32333148388512123,0.5256795511716247,0.34923125429835794,0.5166750056046165,0.46937101517493757,0.9625172107951535,0.04527496260396451,0.4250232771403394,0.36879770809737084,0.08813132607045171,0
0.8703013332252074,0.45121739344081085,0.37681779978005536,0.37422475012698136,0.27359920107213775,0.6966762797983116,0.049662145067373084,0.5067760506470524,-0.24159922263564593,0.3875266751953327,0
0.9477961007576523,0.728246341656495,0.7009672960037702,0.4154392928176929,0.2049913697680485,0.1909120742849826,0.11105265900343324,0.0901182390399972,0.46825080659637924,0.8432319041873905,1
0.9803162676231421,0.6727843150082552,0.6949631325803787,0.3063659188273323,0.3980806719207842,0.5369227331269535,0.40093400215534236,0.9381187436519105,0.5794076329620823,0.9029729291724632,3
0.5367207871623338,0.4986112802703005,0.22467516367239754,0.6160679067075666,0.5663833822003325,0.7243427502102256,1.026360732194346,0.8295145651251156,0.44245814982641546,0.20021040145103094,3
0.14518475222054092,0.36825422123818774,0.037635254074617076,0.057230749871681696,0.4558856799560861,0.07354877222306085,0.14781651827845796,0.36918860584108276,0.9287469214743814,0.27776194130990434,2
0.5130995926314312,0.7685994661200419,0.13961893223988442,0.7355301224231187,0.25185793144168517,0.8183337463136177,0.18888597392138798,0.3625655865707141,0.005442249436215199,0.37051062837079907,0
0.061050597429163016,0.7745417289075642,0.8383324211676381,0.22231892108802792,0.9802283416672689,0.5365840796983155,0.6827661074769548,0.4701377827220273,0.710618295660061,0.5052592607821023,2
-0.1154319958547724,0.9525144221575796,0.6944389919660764,0.3033345344888245,0.7997915785414337,0.36426726987255337,0.485557452223221,0.4153782092452031,0.7379721842145478,0.5525311037967658,1
0.8707751438058746,0.5211211663396899,0.7980231872699903,0.6291961798250829,0.6666068599788494,-0.03896518062460157,0.6633108846828775,0.5291778558345266,0.18700128806641958,-0.05654932877783485,2
-0.015380246764839511,0.7311335146945885,0.190327090261872,0.35735322797132985,0.7046345308444244,0.11479897624279345,0.430861931174999,0.6816938004061366,1.2272298753752457,1.060430289587147,3
0.22312531799542773,0.31794035324220954,1.1845401367397714,0.38507866447580896,-0.07103823957598343,0.2693424934806786,1.2699228246576553,-0.16792966126160402,1.3014829282246079,-0.12691318510700322,3
0.7550617247736581,0.6203383164492359,0.4632733624107331,0.7020295897368776,0.6483712528277739,0.6298746398324075,0.5052551267716534,0.9936257361776111,-0.06197827347957188,-0.1531754484962524,2
0.8029717963276132,0.22858166894167437,0.5500084000890411,0.5228384143284943,0.015495199084997933,0.3796454407718998,0.07794454023127206,0.6056369922496163,0.5498755949624342,0.7130060889678389,3
0.3218703598315635,0.4237976231794184,0.4520307282410725,0.2683369457470895,0.5811037986141189,0.7019593191327743,0.8191054027920516,0.24125422970461452,0.41978604080209675,0.48911883000751427,2
0.5880230352496052,0.24381332599881336,0.6514180923173578,0.02811063747203849,0.8911246724751668,0.7405642033375276,0.6079078360115149,0.8617611963996802,0.04420914805993378,0.522023954066393,3
0.22575444431977756,0.3833547742652289,1.0277085322696085,0.265749731461055,0.07826388401092677,0.21620669440949813,0.8521078373799353,0.22165944473142896,0.8527705263854324,0.1914355362455564,3
0.4455824477819475,0.44340284998837265,0.09549809744631965,0.5448028040993275,0.3232026314208036,0.1119005584086836,0.04728242770075279,0.768340862378177,0.09687749782014417,0.6174946105451421,2
1.0259631606608277,0.9118303166737736,0.3913137379623576,0.3908861827192437,0.4373070724016901,0.3409773635426596,0.01945881107703129,-0.0849104787889346,0.40439945495324603,0.9542260538841209,1
0.15761076186250633,0.8746625799709862,0.704309111440224,0.16851506454311482,0.8211605016841125,0.4753591016691895,0.5024626551456826,0.6238365300944947,0.7267236734044907,0.7176720345517734,1
0.724468324121025,0.6430151377278779,0.8539877197981124,0.06314621089310356,0.1232246881793835,0.08912592768274957,0.334584682485298,0.9092893951617428,0.9173643577669384,0.8407762247990372,1
0.4662841078834437,0.6999752892240114,0.27273370126476104,0.15878778642533348,0.3575528102259481,0.7666696556668017,0.1960773589445191,0.4883549003254641,1.0100953821840637,0.5274883904393575,2
0.40471042109946015,0.4605569381258644,0.08724110485832909,0.5963508673737661,0.1673660187837226,1.0450825357479085,0.12095727968037305,0.12828776224235608,0.12611044785100034,0.21513263273159516,0
0.8293754337602356,0.8473449337353214,0.5532336959726916,0.5956957571775451,0.24652520885892243,0.3126751579440352,0.4630344331883397,0.03805489333677349,0.33474415537770363,0.8120636925463703,1
0.8126421390358081,0.14824006323730293,0.3772239093532466,0.38112863453521567,0.016342984421488203,0.3438081614088622,0.14945375982379194,0.5841766598814145,0.6142549934392514,0.9026211792929176,3
0.1446436182958378,0.7080903584443663,-0.38968731822395686,1.0646806937121143,0.4427055161468813,-0.14263889344452793,-0.05693830857823989,0.05705188774588077,1.600105266345288,0.3360893726209919,1
0.8971337019207847,-0.05069481396000955,0.5470079079209521,0.3109950371242032,0.39128227313390146,0.12048896459561104,0.4921082010241729,0.014421984615127642,0.21752148094058688,0.39473888707307475,3
0.3122642764417327,0.9186521515650585,0.7077162326862475,0.7937284132233077,0.44196411662040674,0.2893005001677757,0.8994594109008084,0.10609829353306757,0.3830643076349339,0.7194702444949213,1
0.41320087507686504,0.7164051335171638,0.8038955895966751,0.9931099705656388,0.9173706053145775,0.5243453900572416,0.12320838749180112,0.935319759026098,1.0121845649489913,0.729662177260381,3
0.24022344335567916,0.7335593515315341,0.5735617625704892,0.9966991331405695,-0.03701550441603915,-0.02690827320552136,1.2819997400864152,0.7405987529154374,0.7085067447369834,0.29421958025892536,0
0.6098502375063586,-0.18527153991269862,0.6748798342685433,0.12924198200560877,0.1875678633721165,0.42895324860174044,0.3482942437105674,0.09548695068108089,0.6923920273688917,0.696003315949989,3
0.935160002576376,0.5789753769392189,0.6234115282052527,0.8640409781761031,0.9920671918138699,0.73763481461867,0.5563426519657185,1.0469348832472607,0.28167333499109587,-0.10251096425187206,2
-0.12515851125867566,1.1923913774642831,0.6177033859355261,1.1414794302684264,0.22345256775605776,0.2486966530557239,1.4714432068320185,1.0327305192046312,0.3378485922128871,0.39035320211104896,0
0.7729795843417905,0.6877930718682425,0.42242238417790356,0.5127635341919103,0.2338992465467796,0.4040749016224623,0.08930124764221456,0.1363844756540472,0.4664127682696976,0.9101027925754319,1
0.0025798578817908258,1.1589922250026277,0.10445648450157506,0.47908283120872763,0.7478602818119956,1.0434394573821306,0.6097124124972034,0.27205251133336084,0.1170758624472298,0.936618145159536,0
0.9872326178240849,0.6783140216314604,0.679858729776562,0.2520640371022553,0.43886129062776924,0.47340928768623103,0.44364091556868684,0.9576163926805501,0.6758635830322455,0.8136330398055535,3
0.8217266336080487,0.8856809220386512,1.0215884866634906,0.3679957661659873,0.9629429464738689,0.3346519980315762,0.18694558196523545,1.3360080624731472,1.2297699804383597,1.2887510973917078,3
0.6033511302719504,0.6830326378898697,0.08552519211676865,0.7062777015843178,0.14588720252391194,0.8528580059026867,0.13857360615001418,0.35211435713531997,0.07910008349379162,0.29746395662520214,0
0.5379972551508527,0.77598769256494,0.14967376007146307,0.31509962373687095,0.2363814729777539,0.7031804262201845,0.3391595791618181,0.9692684235848177,0.6398148809999222,0.17841546713588802,0
0.25135583371248527,0.951304367784588,0.8804654939268575,0.6439958514224867,0.7734892506804637,0.3155577217934974,0.8783247259108434,0.9616469267796484,0.4718846174786267,0.025767201693725372,2
1.1710389586687446,0.4927161036079297,-0.0669762941143553,0.7007946948362148,0.35221045128875333,0.9274690240889505,0.5337347872231611,1.124627084231194,-0.1623663295917658,0.24818220062068713,2
0.6685867011185905,0.7610162697713159,0.5419518491107904,0.20797682038559623,0.9843983320171332,0.8927488673693479,0.061578377713183294,0.5015501096133356,0.7179912054041678,0.5336206683500411,2
0.41455265604892605,-0.0010054329823776798,0.5804131547421366,0.3243399955702652,0.5321388042603464,0.4146117197490099,0.47454973221486163,0.8507781360688117,0.3829628061104339,0.739950188234775,2
0.0493720127086738,0.7836853538711546,0.9490356266823741,0.6547672544342097,0.8370412819062967,0.7410379872257298,0.5057189625429845,0.41587458029126484,0.4539322114736084,0.4519273649175032,1
0.36497037907741336,0.3426240860729034,0.4539374989084607,-0.010462833419540435,0.41312844969636003,0.8541361154806649,1.0069213780650168,0.3309131068424305,0.5645630194614332,-0.025476461297682843,3
0.29880273219605463,0.8795761301280397,0.8618900427324657,0.7041930694375966,0.6921438539937776,0.2824811479380173,0.7982651461233566,0.9043963547010319,0.4600805378538984,0.10054153752046424,2
0.26188996585389124,0.9036576846309289,0.6236504785885851,0.6448679852793824,-0.26942812246530273,0.32847277208248626,0.5901892810532982,0.10659849842547378,-0.003222204151388186,-0.0697435898580927,1
0.2963652736351302,0.6723663759189745,0.5047887379459302,1.0788893541160496,-0.21250372154889463,0.32343237153833315,0.38175740023699556,0.3519612680056007,0.07037243240368411,-0.05139518237044288,1
0.4513494892089632,0.5869916523942271,0.31058726777063567,0.07998554981069987,0.06586710167702492,0.7161604550317006,-0.014447058797491329,0.6177122011154113,0.9627071276109401,0.2299803767521333,3
0.28256265079979026,0.3323757593188933,0.27800216061087324,-0.015839612480696735,0.7446029665826926,0.8713389786273744,0.644007743146574,0.03664120848581434,0.667218781750645,0.37181145917301434,3
1.0047592711758035,0.7603299939512745,0.6143737477921449,0.2780559173747119,0.40722379719299273,0.44913862274077465,0.4472985645385971,0.9329924066096542,0.6536418654892261,0.8434434733246291,3
0.47767323157920955,0.8946464492239636,0.5723904316626099,0.7339415144871497,-0.08017377081478856,0.24846744045365524,0.6911839285570374,0.20635645656503931,0.26359546340522627,0.1754515140807044,1
0.8270203787889713,0.536600138578719,0.5863931166696366,0.5809421216441165,0.13549715492666964,0.28932113760032296,0.16310370803115862,0.4546022744149645,0.39320958229446773,0.37258999178344243,3
0.08971029534169069,0.9474899628349354,0.8969645300602272,0.8200913895049415,0.20700376618576113,0.17241001083992977,1.102056423200826,0.6485860988218392,0.7639800639400005,-0.06765975125623479,0
0.8092291813050805,0.3388154412283183,-0.05765778338690414,0.8119204692603422,-0.057383618188222546,0.09990435990964916,-0.08045569988674227,1.0218180077008017,0.8248799372129103,0.041503970282254554,3
0.6067976791879719,0.3434156410908524,0.047074211864018875,0.897545158725122,0.377467580981556,0.6625046228013514,0.40686113069071034,0.44100024729144677,0.2591362990544044,0.3301453541508076,0
0.9909404680368145,0.6352546626690596,0.1852054847816174,0.9306070831224071,0.6127076263827003,0.682009327072137,0.4921174660559511,0.9630930834153779,0.008380469502497632,0.04098844199500746,2
0.6118466592852244,0.7608914354558204,0.45536470383355226,0.11208082122144661,0.6046628907173015,1.237577850016226,0.3029183433703748,0.554886356659907,0.5575555693251317,0.2809476144164583,2
0.12083075954497283,0.09498217405287364,0.38659945521315253,0.7083836191921193,0.09494891949549589,0.37471201609837,0.5576005933773568,0.86396463762904,0.42307713530048,0.4695077276832606,0
0.05584908865138315,0.7741544772769351,0.8470501630028375,0.21851203434196115,0.9866945171901638,0.5317388920329569,0.685823147937352,0.46153350486256367,0.7159264379971767,0.5078772304642367,2
0.9349457115576262,0.500197924100347,0.01809867216042393,1.0023166691537377,0.04372227450458712,0.12843974508171105,0.01991677461005389,0.867371767909373,0.7849990645204437,0.0430836494103481,3
0.616640364172702,0.9868176713364661,0.5011228416741074,0.66978185967312,0.45423425150887026,0.4488624434596732,0.38843843101783765,1.1579557070692572,0.14475895443890036,0.16047138217100837,2
0.022292210030106806,0.9881725539459867,0.6587000462063534,0.33126296333263294,0.9588839870283855,0.3702231051179262,0.588004572801578,0.5540756933901548,0.6693909474698592,0.7372406126507557,1
0.335925228035998,0.8523500915571414,0.5181693062487244,0.8194220119544525,-0.02502328654965163,0.3229260558190194,0.575325547213878,0.32586982304291306,0.22077126905531957,0.28778716560672074,1
0.6342788439048618,0.8569682857123729,0.7132517888416525,0.9140602622112113,0.8972182916079986,0.28628906834529166,0.12673818556904404,0.7813893791225246,1.1598222862213705,0.8859879376402147,3
0.2305800915777452,0.393555642201087,0.7687365668291208,0.14402978831010232,0.015797987544164338,0.09787602112311823,0.9499362659704562,0.40648781612325213,0.9762276665558145,0.16140623018273373,3
0.017087980421400306,0.4279533310791784,0.9744863764237136,0.5449630262356118,0.7595309368590293,0.7300002295725019,0.1876090570234507,0.4697283399277588,0.2937867617227219,0.5475411652144478,1
0.31899704895130954,0.9033412000180745,0.6990261697160068,0.7899763848039447,0.4296783614619143,0.28883376881374695,0.8934258378665894,0.11496673927350244,0.3978657540803277,0.7306894243646985,1
0.34535372825803956,0.9472608161280021,0.896385993001251,0.6931457773099803,0.8508927580000916,0.2836634229052208,0.7782366799935924,0.9162483442652252,0.5616514836184202,0.15948552985444628,2
0.9433551519780989,0.6787199248618464,0.4758578371517334,0.41731632694179255,0.22795451231228178,0.2864566870762516,0.17686049675919085,0.07788202676727599,0.3690552296552092,0.9133743678147005,1
0.38844394026125395,0.8521805365688316,0.47413943864922375,0.8020104657734252,0.005060535621349028,0.26439254009574614,0.597314756252534,0.2578671490360958,0.156696023326986,0.21865357275973488,1
0.26828302107156643,0.7010715949246074,0.8473847862827536,0.2960816441627721,0.957567540472993,0.9199196743782942,0.9633465476392608,0.31463719449104494,0.33428318822456327,0.8219615897454977,3
0.07993366640816116,0.9873486579457813,0.7984745910657375,0.1817800419358862,0.9351912312432829,0.377903342026074,0.6518567023543772,0.6954765100486154,0.6719328523150571,0.6028243622047816,1
0.8053630420768433,0.466355650463182,0.7665978190559213,0.5094031991019283,0.6213878371782489,0.08898270443253502,0.7229852330260333,0.4199539034154275,0.07877767844342552,0.021779085835437723,2
0.380599500314291,0.8639374300735287,0.3320383633222552,0.09706715398867327,1.1186185623251736,0.91912893764812,1.1351941358319495,0.48263829314769624,0.9091811046493949,0.5093764716002561,3
0.6119072481846555,0.9571729680359228,0.29796158713017884,0.5720958236819926,0.9714847542048001,0.49576241341516863,0.9514291164838333,0.11589769814990551,0.89791492544519,0.8071237872334055,1
0.2224854162343638,0.061198536992033106,0.3743307702414057,-0.008911631598177261,0.8177414875324338,0.48939213466123194,0.1683407353956322,0.8792923316274198,-0.06083284477504852,0.754541215689012,2
0.4377113738547078,0.5353213030610228,0.8133806048366105,0.09403618778823741,0.320776794185175,-0.021670001860650684,0.8599924895498774,0.18688196262655238,1.1047915827550572,0.1947158110285985,3
0.6329328941444418,0.4030454724235099,0.24599389337215855,0.9994731275754575,0.2354314104648429,0.8653294808224313,0.3173888558971782,0.25025067281927427,0.2885256082317174,0.05011508637607842,0
0.3721636061551346,0.10029126038002208,0.5970452106786682,0.13930859525832012,0.1493777278769906,0.6914920143629051,0.29539278651632217,0.2758407878246334,0.899032211534282,0.24414879602741602,3
0.09258872420036175,0.661725485490414,0.9454798210124107,0.6159492073523055,0.7097496805432238,0.6251428869317339,0.4106801967481582,0.45850491004111305,0.3387556867114861,0.5089281374822472,1
0.43596121625696693,0.5451489405116519,0.8101902398871792,1.351462693547624,0.9870119856637651,0.3199569856760137,0.3474896003720127,1.3704160619817642,0.532847382592737,1.1466607551645598,1
0.2892161069189,0.9107153386757221,0.507683842067905,0.785908367607345,-0.12732291410876714,0.27314653688680157,0.6831308036490029,0.3795686062102353,0.18802044563691028,0.3343687709321262,1
0.8692346761912458,0.4992201811134297,0.014579556337272401,1.0597191875992407,0.03875366594100089,0.15410597901993714,0.004929093668769549,0.8660538155799177,0.7576432583976419,0.04932206251310546,3
0.296094468327304,0.4978812157785726,1.1740068691928132,0.7481647499946943,0.7254332149391833,0.6232492707857538,0.6065054828121026,0.4599420368988763,0.4230787737358052,0.4389284530215406,1
0.7616571887845801,0.446633242527239,0.8546935762129662,0.40847450734388724,0.6000117471773545,0.0817175310071775,0.6637610514425887,0.3574838792571732,0.0028293384186339476,0.1629855652212116,2
-0.1576758441403776,0.6296512120622137,1.62813854874362,-0.6219120859360966,-0.772764676766168,-0.7911673980221134,-0.5671416964408478,1.198426893836019,1.7900836300779117,1.2590656389755637,1
0.35403021364698295,0.3776023538127856,0.9626267745613318,0.23847742395356475,0.22836325422004364,0.17639520435777467,0.9249602070305468,0.2504110887030975,1.0589400323487896,0.28915423066453483,3
-0.005615106726869552,0.8928225146996791,0.8484911164015287,0.8182273356537182,0.18932932559029636,0.20940779401714105,0.9754880817725818,0.5101913046600295,0.7205928062271928,0.10222960653848771,0
0.3878507805141324,0.8565252355219082,0.47455963068928875,0.7950127523419651,0.012079105935659244,0.2678157982673585,0.6009038925433934,0.2578933315487944,0.15491231736457856,0.21494532451818435,1
0.048628567385688964,0.7405137383659233,0.8868675315427346,0.6931988497797672,0.7902683825062264,0.6650922457467467,0.3776963722654044,0.4501202819852175,0.3543299287218099,0.5725374330610965,1
0.9945868995197512,0.7141419647645019,0.6711099189495024,0.2506068142965363,0.4040793916245372,0.48089874933396604,0.44087560434198536,0.9757455406390478,0.6291229417172551,0.8347130445797964,3
0.2799800797115464,0.2953841193492092,0.23751222321269932,0.005238207363819903,0.7673136562501668,0.8072242658112299,0.6715155626198129,0.013594009093015967,0.6413252405881067,0.32559966260914325,3
0.8319793700490301,-0.013924711628236636,0.24132779511845343,-0.010799253811932752,0.0024404868507063027,0.28076407884252236,-0.024137972227300408,0.9053240332641646,0.06501861076823323,0.8420997068931406,2
0.8676171563410058,0.7756513747296827,0.11937130381911244,0.17594939534106194,0.13624274353128452,0.4452036744098805,0.27373185306951303,0.7713823228633492,0.4459884775389643,0.20373356328113118,0
1.0444435930900118,0.5972732856771125,0.655143638345154,0.3140123939108867,0.3357971517463496,0.27445935382713066,0.2603243203043948,0.27370546837445603,0.28755193505693416,0.7292305697815478,1
0.6855575239295918,0.6116523122290337,0.4406383884829051,0.49862221708418575,0.26519080573273257,1.0780590376640335,0.40561920750394304,0.0881953195732095,0.2918068813861181,0.6700567047060877,2
0.7266983573261446,0.35330871550830073,0.7602761072314506,0.48345052402795796,0.3766529821175583,0.3145039779015565,0.4005816923756696,0.7033752760265335,0.5761689460500491,0.5986839718318292,2
0.09747098573256735,0.3121063777220786,0.36397324815896603,0.21751767135931566,0.7072233945791654,0.8472651913540661,1.0553099951525564,-0.05958218040646532,0.39113362554373643,0.6128386480554731,3
0.45785867329115976,0.1808959384833802,0.39702138983298546,0.30734695439968474,0.3268381368592737,0.9397086459822422,1.109422435704964,0.34095922060582146,0.6689212718791712,-0.04650327245691564,3
0.05406591559635291,0.9589549525715712,0.6899306863656935,0.29848530270233714,0.9401354845574051,0.3855914204996181,0.6031566617636318,0.5830169706150844,0.6839110550297549,0.7160046736443667,1
0.09268533641910995,1.0331960257562431,0.6966597078653138,0.8519683337185374,0.18886067935187537,0.16307480283728484,0.8768409014785036,0.6335261090577963,0.7084797920303393,0.2046573602141482,0
0.21827302077516825,0.02925894825437808,0.44293712459979406,0.784837676004994,0.1453932825642516,0.36691868130465494,0.5373397098254893,0.9026067399846455,0.5529124575650284,0.3378476106578845,0
-0.07500371707939987,0.2624688225144892,0.050675178815242125,0.4196600319109511,0.1757803357802233,1.002088423887116,0.1911176869102696,0.2772523360819576,0.8413539835797952,0.6620899003139419,1
0.43044036530059254,1.0854319232068175,-0.4647884039625064,0.6258091129627109,1.1749485087485103,0.8339291257735255,0.3654595986958071,0.747765250261149,1.1982358960071657,-0.05310933959280212,3
0.5676556764169847,0.4246873431027467,-0.04854510022365566,0.7500254356767246,0.4246552474581601,-0.1094877211784468,0.11468514700243951,0.8013488864026079,0.03649846701382323,0.8682818577823981,2
0.23965681848477288,0.18332170162944184,0.596486513619815,0.00928939735621842,0.17847822280257444,0.8065909553490287,0.24365049054324073,0.1325298095455319,0.8911901285285384,0.3150575903694944,3
0.8176993048593627,0.6617887605458206,0.41392670927365627,0.05251438221008506,0.4637401164858159,0.4020384798408157,0.26302298997023965,1.1292625507086536,0.6083555526893396,0.756957727227574,3
0.9637705789676816,0.750337248432022,0.5726988847292416,0.4546711315247066,0.30826279854510363,0.2742780569376065,0.27104817427144046,0.13199101165681298,0.317336255886275,0.9211871565106499,1
1.0777917126604706,0.8616253743501359,0.9277366650529671,0.2771872513418153,0.8007599603502813,0.6490368103933324,-0.035910411132223485,0.28532720276278467,0.9150578244660241,0.7405693370452349,2
0.26957770949798937,0.3936505563572763,0.24412971551218765,-0.028186336051979483,0.7790837745713534,0.8434473680156502,0.646252929077689,0.08001986026957611,0.6869561495600168,0.33711184462573324,3
-0.009263153727824464,0.9011477741184096,0.6934240136446407,0.30932804308914014,0.9868208998151897,0.3922032475343102,0.5526323389875263,0.6397504715468161,0.7005330324116087,0.7542414941472368,1
0.403463289638889,0.23957587251028842,0.4788968422423258,-0.008221122429527855,0.15883303107307697,0.6742742652707928,0.21445211231190803,0.41134539553080574,0.8331063585004442,0.33820723252812424,3
0.41084285410427857,0.538303613854911,0.1795137207917387,0.5330260263194244,0.5344966343445573,0.7117635349271548,0.9241759378386251,0.8394128855990598,0.43024215049775394,0.2421708981988071,3
0.13008655691326018,0.7078209367534531,0.9396751910187032,0.5729874911471251,0.6899988843098379,0.6345829908186794,0.47511458026449693,0.45903416318432955,0.3496747065992618,0.5119178062039765,1
0.9102086922776715,0.7357021725365681,0.527733404801166,0.4720707257744238,0.27410366502395445,0.2663201984897757,0.23196730778094715,0.13074811131845904,0.3794110376496588,0.8686944261440454,1
0.5045767496827952,0.12364525999703979,0.47994423142628945,0.37644855545943784,0.4051139621219443,0.47294979788103336,0.2964192597012545,0.8406473150949394,0.2793888212872334,0.6589532949665936,2
0.9665497233876081,0.7821843713395279,0.48665036185967697,0.4846529412859855,0.22738083017452831,0.18881118737168423,0.14677761122833266,0.17135354096108205,0.4247534598491811,0.8889962312632046,1
0.7356529720971352,0.6056481397436627,0.5935883416188216,0.5371206101944281,0.49274226744380745,0.2518084225117795,0.5546573519865114,0.3852342994619933,-0.05163553747975805,-0.01745074351145194,2
0.7525627556693479,0.15738962935788087,0.9473182141957774,0.0643999219134144,0.494076790447441,0.2628544026285046,0.39101269244330666,0.6666253636741422,0.256129047408326,0.4142092923317908,1
0.9521700185306453,0.6499092083254541,0.6275052339789663,0.4392621246511671,0.21952976546906003,0.16786487835872904,0.19460015822395124,0.24443507385683022,0.24739083511259843,1.0104298688753466,1
0.11195353987452478,1.1599101000214975,-0.18508261463284995,0.041676291267547544,0.46697909727631914,0.8525910631443371,0.9018090036195568,0.21102346275762002,0.25839208419731086,0.7827960211319327,0
0.5385364489189093,0.587048101373614,1.239702052730325,0.3269811357818032,0.7305727395028587,0.33034527129487146,0.7175282366245638,0.42027203407502783,0.640338913677333,0.5631103173633198,3
0.013752102846452244,0.7667207446932153,0.8637465780318281,0.5340079620448152,0.7692048344413285,0.5532226151274375,0.35637479860926363,0.4745939714433045,0.37788913684014386,0.5554956082554448,1
0.9321617473953382,0.8417744380872894,0.41767084543187044,0.29262562921098295,0.039790055772918054,0.25580184247758625,0.0465617929939908,-0.11228163390346341,0.4973591304556086,1.046296621173866,1
0.2373741216735016,0.9905267398721935,0.716191484801021,0.42981512985568693,0.751208945203199,0.6147572020253992,0.6032242987492467,0.5561794388992735,0.1425818547666915,0.37437153301417236,3
0.28350679862233796,0.352294726284078,0.1935322815125423,0.048066953584607344,0.6987952270985311,0.7796332904352775,0.6124029320781752,0.020941279958226013,0.6357457867884431,0.3117805935411256,3
0.38806420542577774,0.2832253709830816,0.340188851771966,0.06842325239217592,0.9095639204787531,0.6859135944844503,0.6675267809043824,0.08650289638751663,0.6016272639899463,0.16937553906065028,3
0.3238052850131763,0.3112430199449096,0.18596976156136802,0.013247428327404987,0.759597688107467,0.719086387194619,0.7430328310426089,-0.10166946002589272,0.5403134257229542,0.40692798041270384,3
0.3880510958809545,0.3189857943080295,0.969224626956115,0.6339654848984099,1.1831256089244748,1.021388453850042,0.5391745555876324,1.1596288511274921,0.3983047873106572,0.16055635416221598,1
0.8560949794416873,0.8895778913655276,0.272251277235834,0.8550413753817688,0.7610687098547007,0.6275275706567562,0.30610074400123183,1.1234314624866402,0.14876411053117056,0.0554040996336825,2
0.9702945700185016,0.826586324374476,0.6397160490538764,0.6022629280322598,0.3015610283991101,0.1538326945531393,0.13821038553141363,0.08608543872702185,0.4161478260000648,0.9250232137375572,1
0.19434001057361422,0.26818112221939494,1.2667969902898304,0.016854134703066403,0.4640459578696709,-0.07001494232183955,0.8042966925948691,-0.14673349517527934,0.5334151730178408,0.5077845841791498,3
-0.12495443997701788,1.0369336493409647,0.5381655085762183,0.4027802192558692,1.1380767086830965,0.5347091449942818,0.6530428038510215,0.6334978283049805,0.532214717603986,0.6554481952772847,1
0.6354496629188129,0.4431480246698167,0.0762092686777529,0.6540397601729364,0.9312445698668652,1.0143575621995853,0.19756083091581078,0.053006974018706576,-0.26359739434294605,0.16707125545741663,2
0.8530295045217371,0.7110660519201228,0.4451325654553686,0.22850486275116905,0.9366392635148832,1.0942188128082377,0.08538132574478155,0.37436912745980405,0.6370569530608094,0.4016469382752077,2
-0.1455888367986206,-0.09673937864393889,0.2790079410534158,0.4925243578248835,-0.023738752712693878,1.5829048834086055,1.1609038020836269,0.6598260975266022,0.5569314352015372,0.5005880545949909,3
0.29124271641934274,0.862445999815603,0.42859881882479217,0.7906058616785102,0.067068689941764,0.34720707792280503,0.5822058840019895,0.33943912049917624,0.23707105512675303,0.1976266413797025,1
0.18025626653513452,0.14338230805167065,0.5169949426954394,0.9608819803891694,0.9636823015514961,0.4163401522146717,0.6251758714559211,9.039158729062108e-05,0.35762398693416253,0.20438809614892817,3
0.6755023970588139,0.205622775534178,0.7131899160232176,1.0193580597935952,0.5617878450270263,0.9251825103802116,0.7824932189505848,0.1383339119190603,0.3572098952463004,0.631002004565975,2
0.6128662810462027,0.7720588108929025,0.20843968314129746,0.7121637406025789,0.9633649150903012,0.6894466976989717,0.6588479458781488,0.6838294505595659,-0.1349897438613388,0.3441774578207304,2
0.17007768881007163,0.7771205878629927,0.5660677078397602,0.05784835219722764,0.2599162889963481,-0.24392705506452517,1.3725250345480273,0.1825914365781457,0.659299909895372,0.4605853600767412,3
0.3853012065136418,0.8534779378796572,0.47203323814114095,0.8051633854124961,0.010654478598881804,0.2602871144053553,0.596734621502008,0.26295195992806364,0.14989510893247654,0.21281570894320545,1
0.4631013156199537,0.7765354124963596,0.6484426664230672,0.878701028739891,0.9128994507761271,0.44239480611797205,0.08081058717987369,0.8194645246944156,1.0575470592992247,0.7564104407596309,3
0.1011624023321945,0.6647065822656136,0.9366553187171881,0.6131120790174406,0.714717558679512,0.6324543544225516,0.41936708729060485,0.4489520439500269,0.3391390556947682,0.494267985905776,1
0.05609884156825966,0.7748134628168557,0.8467809723957594,0.21901478753861164,0.9861586377785704,0.5300222483124504,0.685310443373534,0.46066966687196853,0.7154459968709503,0.5070375572121768,2
0.05123937904840399,0.7779724367091584,0.8425018368049537,0.2144460434487436,0.9904570170672464,0.5356296612959378,0.682589151731822,0.458373017386674,0.7116953647217678,0.5064026852205639,2
0.731942301636699,0.5572124777076886,0.6753544814432642,0.5550888025985148,0.5591023262307524,0.04627980042288812,0.7129704183885613,0.3185104225340667,0.1103324542536476,0.04693912913446455,2
-0.15935815711930673,0.5329410870500675,0.6091823283780567,0.6645193156037781,1.0559330427739717,0.5496428074348909,0.508245731503098,0.48995380483232553,0.2115096675814782,0.5963058025314075,3
0.615848394171732,0.9372806415689725,0.27155888277509155,0.5918139193119262,1.0018431294505714,0.47705020697022604,0.9894609094771679,0.09999544708578163,0.8542607536342135,0.7843337854908139,1
0.39884801640109846,0.4640526577007292,0.10856422353049901,0.49249540619086274,0.22205550139244087,0.006460776115896585,0.016374085810062576,0.8153326737761966,0.13417693109445086,0.4945062937315518,2
0.1658407727609798,0.5696787534532191,0.8703999045805023,0.6278540277647163,0.8103860321445991,0.7201408483655449,0.4200137207401964,0.5297343473356005,0.27207470936190425,0.5861822025262959,1
0.9011134556653141,0.699063844930809,0.5076878675106272,0.5025330965246659,0.2319667791840348,0.3057901539487369,0.17849220668364527,0.0784475161790531,0.38047149303877503,0.8846028931695239,1
0.26987542570061474,0.3172977921165013,0.2849779599506838,0.06454215619689725,0.6888780900836712,0.8028481908813767,0.7048593112052848,0.08184898240201019,0.6857822026181781,0.4013728275704223,3
0.7451662051362283,0.6508083855431306,0.5279923280561049,-0.036266226771878074,0.5737269369540726,0.6593876433490621,0.5537675329238013,1.0261162947374678,0.4149010599060583,0.733680999851191,3
0.9850339531379995,0.6379158008912689,0.19961686129953535,0.9446067302460597,0.6012488015400923,0.6638366311004387,0.5057739731597283,0.9736941108850106,0.001031614406682469,0.044586943850219544,2
0.2863048094598616,0.5798524691548028,0.22886192333625838,0.48041963530599885,0.4281229396401728,0.561532203909553,0.9935803348357843,0.9792531723889341,0.5601416374782163,0.1609523817687378,3
0.6005438744429115,0.41928848845850664,0.5428478970614019,0.7064734586178717,0.6191006118222848,0.9543672313483658,0.5690299057179555,0.2525598438077873,0.14338231332667883,0.4405653525185479,2
-0.07578059555253286,1.1165147007124718,0.21099425613158787,0.28855976845866127,0.7432242602914105,0.8016631883942295,0.6853573793020348,0.046538170968149106,0.17218865708618766,0.7854270818003745,0
0.47476787531757003,0.4590969649334741,0.09268486687162848,0.3455184034034472,0.28004039071217235,-0.062137952468811625,0.23820305404925013,0.8771736850787071,0.0679269350886515,0.42518272728913786,2
0.6843616121252525,0.38339281038659645,0.13073496508320886,0.11562147623633026,0.6259395785357746,0.614535714818109,1.0534588320932103,0.03120756579177625,0.20932095106391785,0.23535017418259765,3
0.8872070978879812,0.3956382356397746,0.7835264489044316,0.6284904991631084,0.5111480881992921,0.08861640931039635,0.7303163407521874,0.517034286259442,0.01965169867462175,-0.04881978896441502,2
0.8688474400590585,1.3469255556053068,1.060979934514779,0.3343226391178261,1.350893343964374,0.43474874848560946,0.12989272210925037,1.613435372425044,1.4543526287831083,1.2541382665212477,3
0.04289328623153943,0.7827747661477633,0.8320389093896555,0.22571760660892246,0.9846096734827642,0.5376754492217123,0.6828775540881317,0.4577039151864574,0.7157257566965904,0.5166507519221475,2
0.8099819167067581,0.5351359172800102,0.6240346312634888,0.5179276989495019,0.07867156944922032,0.3068479139826692,0.1922018236170458,0.5689130511325986,0.36420662286747285,0.40686262588548777,3
0.2395948886560975,0.955739901083728,0.6024480522379255,0.40818483186459414,0.7391514020314001,0.5534792839106978,0.6427334330155323,0.5835118333845152,0.15293503052444976,0.3344307316616044,3
0.6809167961542956,0.36170366529569686,0.02004239624109276,0.4368213052466301,0.39454527906696807,0.9841291090443652,-0.29076979931969493,0.5430676941016975,0.03477745125602302,0.5472487339575004,0
0.024958220213985322,1.0129813623999264,0.6547174105263097,0.25987077357698724,0.9262199272808843,0.33425866014748984,0.5634574567285466,0.5465917314992905,0.626795624069107,0.7802074573686401,1
0.42445935936002605,0.7204263287539199,0.8318891500450014,0.9052639825108572,0.9586729826633872,0.5192493830922613,0.1842055396398124,1.0346554229600038,1.0122735484303478,0.714500987819293,3
0.8038071843268546,0.5434385653846819,0.5732665143956136,0.5592293773722741,0.08244424231510314,0.36223470195177165,0.16952160317634296,0.5372946713750557,0.37270707462584474,0.403185583580456,3
0.7390639451769744,0.6267681447436776,0.38313871712400716,0.7612277504691132,0.34710873415833177,0.697639988568953,0.4478790165451283,0.34543212302505094,-0.09224048240805793,0.1889488878500321,2
0.3967942845374414,0.10450985488933978,0.60434453080993,0.13226661906304704,0.16686137754338248,0.7029162017345777,0.29887299605349754,0.28360851711243174,0.8777860708407598,0.22912631959606444,3
0.140955180957951,0.8834149008343702,0.8260850609084062,0.2522250419707657,0.9059364228585373,0.399084128883747,0.5942377301776609,0.6656661955394563,0.6623301788528609,0.832060467115554,1
0.7787758576982458,0.3754757477065215,-0.07912314950624713,1.0229454651097059,0.04459108185572383,0.234917520047972,-0.17505275696971515,0.8410148655821628,0.7028535403940457,-0.027040434415533596,3
0.6992387994710221,0.5944632524518919,0.880405869042165,0.031020508887931522,0.0985697926766464,0.09253531705078803,0.33072553440172947,0.9384475755784665,0.8868779336662249,0.8679822771465818,1
0.8742360547926791,0.6943302404065073,0.7153468821175043,0.18873507217720062,0.43304282758485885,0.5115483448450515,0.43953941458090506,0.9923036470284756,0.7331957939843263,0.8022901250692693,3
0.8416508528475258,0.632086498296013,0.45530699388521434,0.46922416521912613,0.21733353191468227,0.5952756659173851,0.23312691706532226,1.2261216269995139,0.8784745439520936,0.6081160157088161,3
0.7980278901377129,0.3409070727123417,0.35418170770488366,0.9168179456877684,1.3036870159434637,0.22286741180302372,0.28327152084055435,0.9303403611358081,0.3908927969300676,0.5400062821364247,1
0.2047545668118172,0.1938230428401909,0.3118174281736217,0.34184624042057205,0.16309137788345407,1.0301681282804205,0.1395653243670504,0.46922092494586776,0.6805346820197385,0.5651258546879507,1
0.104065218591054,0.22586091132225078,0.20359412537346655,0.1777255267188144,0.2916003048988554,0.8904591197031567,0.29710110063597794,0.2963271903092096,0.6394060259888742,0.5239964128611122,1
0.35057186600459556,0.4798977654561256,0.4646465269235981,0.4305991018810317,0.4455339205834731,0.8388046119355416,0.1272228627384765,0.3483281955004176,0.3102629932683805,0.19532591134752936,0
0.0762501529832902,0.9124721471730148,-0.01259590054831685,0.053219919019876855,0.3610975005005102,0.8289949396860842,0.4471749883281265,0.5305092324935953,-0.014094699152411017,0.7288210586848332,0
0.44082319868233116,0.574505076233832,0.1754200029396677,0.5323587031247258,0.535307317768519,0.6375308132804963,0.9510712791359779,0.883083195138074,0.43833079194371516,0.24154784350085085,3
0.6511506133382583,0.9454040483853328,0.3154283794122671,0.5994814278668094,1.0168142361257846,0.5405409932968632,0.9642269080628664,0.17344058027450593,0.9358806507305136,0.7700307682279954,1
0.7340609603024033,0.3599117460221347,0.6112185667691081,0.6921753005430146,0.6108965928156361,0.8532160501203778,0.7085856986580712,0.38230177021674716,0.13477273940780396,0.42132143519096477,2
0.04833991846824583,0.9324520859927011,0.8425557636849524,0.785557982537959,0.14806558028325648,0.21346923688605968,0.9762369413898562,0.4995302254059012,0.6853746575584666,0.04294266070864647,0
0.6570559355733456,0.6777343245622467,0.7520136826579837,0.8633677671657853,0.7819315049021819,0.3646901212012103,0.3175532241559383,1.0646810913515252,0.9531824766299942,0.9179943716740387,3
0.08547925063238682,0.18629940752109655,0.31097552625468955,-0.07938635286384754,0.6496519982539948,0.9788579443075416,0.6407968681679562,0.034699461284997485,0.7543484284239635,0.23119429782959136,3
1.1158303913754617,0.5704503097630385,0.028553968409919896,0.8173123985207036,0.17258645632553268,-0.10018588019999294,0.08124347206082119,0.8125711594206255,1.0449428701256362,0.2700268509081975,3
0.8511824567523747,0.7799542432163564,0.4765202837095307,1.2790819263294946,0.2631783515633338,0.29828614082224036,0.4090067921004182,-0.2610120396506272,0.9381573163975216,0.6427224371123297,1
0.45109829934947876,0.13958144865530542,0.5296366654024522,0.1264618684545092,0.5155316327851844,0.8861442495067579,0.7038889163943807,0.20946166098996544,0.31432519029946404,0.12812648653127814,3
0.8689159579478386,0.6747428304389737,0.09056145219190252,0.18359960530655964,-0.025106727369908557,0.5544013622769677,0.3142171354953005,0.7747380812761145,0.4456754867961108,0.26271119045882,0
0.725570360016048,0.7624701586825195,0.6579728915418781,0.43301191017873586,0.8758621500358852,1.1850484721616188,0.24807570854722494,0.2881070512036433,0.5380994288018246,0.43041272227288285,2
0.5350305914611748,0.19837941109580015,0.3950671176254153,0.2985833539815953,0.4753312965417973,0.49883225776859713,0.20089683101761355,0.6854446628547196,0.3750438927130229,0.4431373109799942,2
0.2007282438257163,0.8841594950866258,0.5878380920753157,0.3806682231697559,0.7426046346368618,0.3106130930169416,0.5355156056435555,0.6892311543684504,0.5282820089173256,0.8167002853514933,1
1.017885406827895,0.17621573394951917,0.21311476267151425,0.6443224356811689,-0.2904409132561714,1.1134722315437469,0.14754144129407865,-0.19899051225782483,0.3965804960967711,0.47413846216351374,0
0.016632610187658742,0.8850589654961498,0.6706745655992736,0.24192529331897333,0.3759273324935486,0.9430216371671495,0.6696761965940112,0.713396327284625,0.4052527333200515,0.33186408531992295,1
0.03254916543847061,0.2555656770370664,0.2098703563525235,0.19197476721377377,0.24558419993996766,0.9983229215190246,0.3508862180124208,0.22459246603118627,0.5739220221358239,0.4942997356206917,1
0.40751959891558437,0.2589264461304123,0.8125093785637572,0.5313604016811082,0.5843533354714991,0.04325698176206254,0.8503710281474505,0.626442507822818,0.5880045115860917,0.18696636315661108,3
0.14711521891155044,0.990259818000952,0.7614175614109566,0.3070665545968048,0.973610357549987,0.3141439413469914,0.6735842695535864,0.488201739276267,0.779874005842736,0.7468502941801186,1
0.35679197927683637,0.5661638973094368,0.1008213321642015,0.4863813114434997,0.5158256412189018,0.5781376131904225,1.0027818875170063,0.872235211880613,0.47081040338802366,0.19785973199613083,3
0.31268202453802474,1.0019241527361789,0.7721752852147227,0.4616208677424283,0.7058741326519431,0.6324286270473704,0.513437767494769,0.5632817210842268,0.08223579878404974,0.30426069793161037,3
-0.0890471700193835,0.7950349385859501,0.022095674580820346,-0.027308236625381753,0.6372607359295117,0.6383896974650618,1.205236612509176,-0.3401111707249082,0.2824210263680252,-0.0975206884544153,3
0.07658117685107602,0.8876448369251075,0.6327328351557107,0.33109249242322547,0.8773110715207108,0.372418552703986,0.6224467435750508,0.5361857954561593,0.6282709042008099,0.7803144989958924,1
1.0386938821104699,0.2868066791526239,0.6289465055903497,-0.019947374297885012,0.4790425242149017,1.0809823074238705,-0.2345754560354803,-0.1664971290328734,0.972521512233607,1.0421374704293491,2
0.03219571117796449,-0.020139182670635414,0.33624104547774514,-0.1059350993687738,-0.00988087141036384,0.20992207162463583,0.25662432626003273,0.5815554138842761,0.6529943878358693,1.2172201395902902,1
0.3136877170673427,0.18745936963402945,0.3995765275740909,0.2790143713747237,0.7187076637314718,0.5915551784973314,0.6874544423963739,0.08548339997529025,0.9734015427730821,0.12462133272633719,3
0.0951776640283466,1.0958565660150468,0.46331607680464854,0.36177509499257654,0.48935808529677893,-0.09787789255117757,0.6636592601216392,0.0059949954955357265,0.24262782358984814,0.7927977964473021,1
0.10397711466456755,0.756939438623813,0.9080751865417814,0.5255073564888939,0.8286110289903099,0.6345282396388814,0.35135376076646274,0.5007522156066937,0.4038148541949467,0.4016175520011057,1
-0.11691812553214825,0.3000858534363533,0.1984305407711195,0.27723570098711314,0.502674572002969,-0.11923345240155081,0.028472652869895546,0.4091244965119577,1.0110852724688324,0.30448029006894983,2
1.165462584459542,0.8724681503672795,0.7789298082691047,0.5092901324005639,0.17335556413150854,0.4919406840180964,0.3460897992127023,1.2639439771069525,0.3804141360008959,1.074985055367267,3
0.42459395133046884,1.0342483643815699,1.1509521146373867,0.3412039945462312,0.7132387506792194,0.7430276733071745,0.5806339022960377,0.21651959918072608,0.6470756796966894,0.37710274324274334,1
0.5872383730458857,0.8218461205935945,0.8514418698720131,0.9492486116498213,0.7714787370109722,0.3935842438971769,0.29892825316350763,1.0121462422676137,0.9852388362464748,0.8255777768609467,3
0.3404609166086644,0.36709416022786123,0.4150902913013228,0.9928452248700603,1.079249108801135,0.40562520687589576,0.4959453617972266,0.8925695799844817,0.5338159389267892,1.0457665512422247,1
0.29506052920705167,0.9662370232840947,0.7949145908399489,0.7357580700335747,0.8812683973106663,0.2276934851990431,0.7756053414812542,1.0202172134825505,0.5054811112032065,0.03400535978534067,2
0.9745724704068596,0.6762779468918337,0.6743233897259708,0.1964734192264081,0.38143722017095444,0.5031601985607823,0.459474163419437,0.9278948558003219,0.6874530510888435,0.8352094596968181,3
0.05521862493939418,0.7746238724508158,0.8464235454923255,0.2178894623087659,0.9862503930506052,0.5303800889214897,0.685342030034355,0.4613535649984494,0.7159636897318189,0.507536939012151,2
-0.09540308461446811,0.3439397966702793,0.8433436861945615,1.178065059346372,0.9033083483669926,-0.31112238962220123,1.1359717482397518,0.9051892472511347,0.833691556756043,1.20930194732698,1
0.9939246056049754,0.7384788177494517,0.677694772135454,0.2128598843437014,0.44394740518497294,0.46478315577465235,0.47352526444112886,0.981118661292656,0.6709279694049884,0.8502416967122118,3
0.14043783911100494,1.058247191073069,0.8671000673228317,1.0885918522283544,1.192499124999891,0.3134392388991388,-0.07133552187094547,1.0743974209488718,1.3852342679589447,0.6822881221870447,3
0.4521971365386888,0.48477740071777126,0.31565360360748274,0.09153341776967297,0.1053817617263595,0.7262716158242917,-0.034751958206356195,0.6219795580492429,1.0031559930876424,0.07823247818307277,3
0.5077530691247588,0.9338336860334799,0.2366784801088666,0.5384161938655317,0.9894354689337648,0.5754572885940383,0.8946016621348853,0.0799582411183222,0.7870701259133974,0.9128993838125251,1
1.0513160611099919,0.5817936668334964,0.252972322904189,0.7274424390354233,0.2105623128407231,0.16569423752613327,-0.11939718877452751,0.7536711090398929,0.5872140380102262,0.014043507985789933,3
0.46928447121630457,0.08095955315830122,-0.003460080276075028,0.16363559489203336,0.6636189992210584,1.1795901606338544,0.8745161353668908,0.33312885391022323,0.8924506399708003,0.829673922889105,3
0.49819952757606484,0.2547132895936915,0.32489369279344565,0.15177004281995682,0.38736278773730437,0.9107111803670648,0.9108177399307014,0.26064950058781294,0.45457062066906473,0.0181654740218434,3
0.5324115680013186,0.7482674513737492,0.6613942145745657,0.7862502327099229,0.9328382542200723,0.5080847897197304,0.10869341786938357,0.9352162905230016,0.9850207926973397,0.8211304919731547,3
0.42566595752465874,0.22316443390350812,-0.13982548715904386,0.6860152231529253,0.6040450813229935,0.3195381538147968,-0.0073497415936269045,0.5696139379261741,-0.10183260417250417,0.8728189320632724,2
0.3040578312753212,0.9106340961638753,0.6452467492004187,0.4883006134016168,0.8113131894775281,0.6667356471691784,0.5830322724114106,0.5495418449545618,0.1402442986696125,0.3790784430734764,3
0.1567268577824325,0.7276929048194803,0.9642426477096749,0.6614388499720513,0.6486432597301907,0.6302265371915149,0.40864425515823194,0.42753965647557723,0.3500269322070098,0.43259004850903376,1
0.6468588350679532,0.711441988466455,0.26241489757583025,0.6096021018779509,0.07760424235644993,0.846834887221417,0.00035199109611890045,0.2648632858633455,-0.07771617397349082,0.27063614305046096,0
0.9590409298086735,0.48960765791922206,-0.0039961830970646,1.012678514340153,0.056269265381939985,0.16008183621210656,0.01313607410612171,0.8750329034313407,0.7738681637994683,0.057983971908612375,3
0.691772262299296,0.47103956493515153,0.8032861208230065,0.42211780961779555,0.5745895651238864,-0.0106628573869669,0.8306249355818383,0.48176472128869036,-0.0012913457021956898,0.00929050879213636,2
0.8017026430481772,0.5676725093453809,0.7640148217298158,0.5287009092381586,0.6978546035771169,0.11076887360684108,0.6423159937039771,0.45285211999596525,0.0724402990814587,0.009110536629288388,2
1.208381640433154,-0.9538861843879715,0.5835762183817044,0.4451669035409545,2.1157352866975576,0.7282500380619837,0.5415440287938978,0.31992301774549003,0.4441670467198119,0.35082899041172405,3
0.16528298954666015,0.8515902817259314,0.9388824632339904,0.7911578088856136,0.07952069377221536,0.14543220906502677,1.0642280563372701,0.5272423655415392,0.6132926169445716,0.1309253362497066,0
0.5277094786309081,0.1611426717432806,0.8992131957406555,-0.09813484781305065,0.6988627288491162,0.9310449555058642,0.3329566670430753,0.48875741770497944,0.7308499946851021,0.8810238578674595,2
-0.00181741334595234,0.027475711071150877,0.4579976315146978,-0.16205233693770632,0.4420198047831683,0.6230454360055249,0.6257266227427241,0.3313788311325636,0.5511603721769973,0.9521070313506068,3
0.14085887971226463,0.04888801245896362,0.33908733363990795,0.7192745993495201,0.09781362472407164,0.4020889525232431,0.5288197689573482,0.7831822773126355,0.45518507012401893,0.5091264651735156,0
0.44119738763153504,0.8004312550536468,0.9075151582417388,0.6202809311829225,0.8123255643692909,0.0942467604346875,1.0284299359107651,0.9188914404387963,0.6661555041361273,0.10934272797426349,2
0.1341500237212937,0.35323372612111903,0.46032766381453916,1.0148550189802823,1.1202352925442531,0.25379581059904244,0.7264682077108251,0.7077143757532376,0.34318197588070853,1.1407634641000792,1
0.4131778762966823,0.43905754890120957,0.0891653517747368,0.531904474467267,0.32219872249983583,0.1012319221306217,0.05165033622895461,0.78571544741131,0.09046783522189712,0.623357701823313,2
0.9004334880435124,0.999342234140668,1.044148602962625,-0.0643959982647058,0.38370047558459086,-0.08061984801942026,0.6293828640433523,0.5322990326768431,1.021902927077905,0.8847577234478875,1
-0.46503900551276667,0.8758330659864683,1.3886893399988414,0.20532337001393522,0.11977814830850031,1.2315101029458964,0.3806621957777089,0.2606490499689419,-0.06124249653054836,1.155362719089954,3
0.5197067543239967,0.15786389611172022,0.4606873588216862,0.3645562374985707,0.3473956336823717,0.5383097646523436,0.37097960441467204,0.8937984334424391,0.2742311195465952,0.6132703026854991,2
0.5742144174568226,0.46983552393620087,-0.06697274591133251,0.6538437797614003,0.25555885832620306,0.7579356522362289,0.8959987044455568,1.1494520592038195,0.4869285408537585,0.324874126331553,3
1.0656522177623189,0.08615542170860835,0.27296859918409294,1.5784170688694064,0.508457519065924,0.5066019512639844,0.27374499173553835,0.9952967514288582,0.5545365003899051,1.2838318875610775,3
0.1110650262245832,0.3560042735282602,0.03941310253402289,0.08059322075174881,0.4664726901449413,0.10640420715913576,0.189570965402384,0.36275167631211946,0.9657644557418132,0.2971422724794337,2
0.8910739732026779,0.3030618781047318,0.8491007764544962,0.3966931287873886,0.5392256638349537,0.6272847810376518,0.6657380829208279,0.49340181539640554,-0.02313458390725781,0.570447871190039,1
0.3008799961774168,0.22859620515450474,0.19785751802535234,-0.08058690350657752,0.6364553404158182,-0.12808111991614513,0.05958373486022818,0.1290128362822202,0.7595551445809966,0.2651762314579215,2
0.07518820090807839,0.8846970421574962,0.8123258105150944,0.8174219853104481,0.16083732345479512,0.26456362831378716,1.00674565887688,0.5052224387886519,0.6896854771816935,0.09594300320668417,0
0.26458908868453834,0.4561855555126378,0.5522188008637432,0.3085068244533921,0.6253297912994749,1.0041774156901666,0.8888400443948621,0.17956274304413633,0.43657141094420315,0.7192848257828204,3
0.061944495047668725,0.7709954788775716,0.8500592304404266,0.20892101596795423,0.9791099381359101,0.5309420031791711,0.6819178241568636,0.4659998269537741,0.7195846887448549,0.5025580830485274,2
0.31132530413017934,0.7417443449757031,0.29763981924589794,0.9158507844639269,0.1532044515338033,0.29129891836635263,0.5442741359129165,1.6029514850773148,0.8353191704763718,0.23491873337350178,3
0.001373606766922733,0.6631406578847738,0.5241250809268745,1.0052090592216105,0.9689969024011011,0.10629448574703734,0.8605146654779631,0.771376003230834,0.43068508846976206,0.8941977044429372,1
0.8747370555338575,0.6786154577054511,0.5790143975245877,0.5087527690149645,0.2531646318532212,0.20876011717135154,0.2700482925765474,0.10094097434070612,0.3294800638198585,0.9227011500391938,1
0.4201997769950544,0.4581587785039155,0.9235558895652629,0.4532786060402156,0.5752632459091778,0.1382203154590754,0.854376529597773,0.6981549062669761,0.5753930114121917,0.23647532813573957,3
0.2596913730098989,0.30104139572768934,0.20367662064210304,-0.07243514814468473,0.6260096036076088,0.7576806303689232,0.8147900350294266,0.035519235992845656,0.8036388247508998,0.32440937132576897,3
0.42493082488125444,0.8524397740847794,0.42741738049285893,0.3833442372043673,-0.06765507406955368,-0.2540066345302621,0.5075897569122452,0.29009998344617877,1.4874296759504797,0.4868884009662669,3
0.528452474163051,0.4986589844759093,-0.20134993840851323,-0.58544955571012,1.3785759022016104,1.0405443103831806,0.829070251487477,-0.13148362729686575,0.10125147771085485,0.17086186245528212,3
0.41151958583786447,0.5516342583515461,0.4081739646219767,0.1468117166238648,0.04446670374264359,0.639623315055573,0.0188521479216395,0.6216292503906905,0.931248532672885,0.1484360412225556,3
0.3132739600397205,0.9342218531753536,1.4225715399533843,-0.20312185055101528,0.2543572288596994,0.44399429020226444,0.7655930083117912,0.4595938858496206,0.9590351534617522,0.3867231289382101,3
0.20539299596498514,0.9772330514527865,0.6368311008642804,0.39802514488969964,0.8038062091965789,0.6848651482446904,0.5526380162128562,0.504022151946262,0.11968774141254099,0.3629338177848826,3
0.5617461163105659,0.4794710798706541,0.2529304638558383,0.7315902843225437,0.23854213814643116,0.6904328649853841,0.035957798453947275,0.5226572217017754,0.029939368782999617,0.47928175310719917,0
0.6333773661673874,0.4595677109541063,0.364320703250166,0.9888553674649503,0.8651606929381753,0.42829434306597497,0.1524884650077013,1.017366365615408,-0.10206395418288898,-0.23180017494722915,2
-0.06443297095874606,0.9430072545099932,-0.011877807098713312,0.08280940344409055,0.8437347254007882,0.7054066901334061,0.6865209642367391,0.06031276315295049,0.28065207340083054,1.0046363945308554,0
0.46715340169603353,0.521295846834121,0.11433545748868384,0.62242206880151,0.5061679921819845,0.7304844489778891,0.9394683247996054,0.8896919202882466,0.47585660290141985,0.13577841946544136,3
0.08898232975999948,0.8289898338318211,0.9482189070647222,1.244188787536154,0.6755880509078365,0.33325764741211855,0.6065130059796329,0.3914314614618055,0.45733404805647,1.4206909518362008,1
1.0000672008023828,0.5671623712193028,0.16014473331910328,0.8702971060666089,0.6668228968719487,0.5970604139975959,0.5765346305533035,1.000363338614495,-0.0737518421709759,0.07344838983049456,2
0.49579479934147674,-0.05672745946153365,0.5672414682719638,0.08122382396564715,0.2500796527603707,0.4081721254701067,0.2731436858678084,0.58698286978849,0.13187605690234097,0.5725524190429477,2
-0.525983497804457,0.37834100804944826,1.118789246457713,0.03164666533464122,0.3605427606954379,0.7175114527120043,0.5410459702966195,-0.29777491104248766,0.736307482093117,1.5937989278326947,1
0.40241245360107203,0.853965980104592,0.49050146301329994,0.8594751049970725,0.0391489651757867,0.2416951206727233,0.6275231536465129,0.2631105055102858,0.174882048509874,0.18659703549766493,1
1.0224218383796062,0.6168255266355706,-0.2860235043642546,0.23258775533717901,0.1339472725974602,-0.012366972809580379,1.1841157675641425,0.18251489499989226,-0.6723628288732737,1.1997013325916446,2
0.28962881756664627,0.6961466579156399,0.79121715352688,0.5622818823479632,0.7727861605610011,0.7957287080789976,0.6069565784443316,0.23508811120557616,0.4904066645333674,0.30078041578312775,1
0.593508064085091,0.14744874607169697,0.40619850088275444,0.27613309561778654,0.4456715769813674,0.6147017116136057,0.40106576903711627,0.8534022284950412,0.2306841457671856,0.47948443006669117,2
0.052416879494137106,0.772978704142988,0.8459912288508645,0.21185793705697725,0.9885175573380466,0.52989532885828,0.6815509773959598,0.4642365411094721,0.7139236079274703,0.5026866687199244,2
0.48098727104478145,0.21295587996640733,0.36909734264582994,-0.029347461231781016,0.9078406805528434,0.9736638930428821,0.7941690547498663,0.010593462028762268,0.8369295910285566,0.33900501479564416,3
1.043275536652793,0.583025506867994,0.8179994738450616,0.4091601900316794,-0.10372477794839674,0.2629822833414614,0.22235020604806638,0.655622635066306,0.5190754909811187,0.20310354447829984,3
-0.010506751497303263,0.41120696371467924,-0.15471285383663172,0.1137804992628717,0.3835879929486622,0.209310314432544,-0.040222434096526954,0.4917722873569786,0.8656846058856278,0.10132232078716341,2
0.2268610164610056,0.7053919544331648,-0.2709788615524308,0.24965722191486237,0.15579828182427008,-0.2939991156460549,0.020907698282286807,0.7726944125364223,0.4214711569873661,0.1877821775779945,2
0.3684643446025189,0.10034883747655672,0.5768447054971869,0.14609976145269066,0.13477527061795963,0.7016725063877159,0.29287063547768255,0.2683308248862435,0.9109024506140099,0.2606673279443822,3
0.9346505101368896,0.47934147375428,0.0196455915106454,0.9939744147521808,0.04276561975595745,0.1368009322983239,0.016898259893072153,0.8885366984100705,0.7920666266429957,0.04378344768445579,3
1.0058472833916936,0.6985416340828645,0.6222646536581518,0.19339348090880773,0.44027776686536196,0.42269561994697297,0.4425123215335344,0.9293462099801162,0.7109698051638196,0.7654927817830054,3
0.4205927470853497,0.5895669155690693,0.42533669077540737,0.13404431934222105,0.022501966179124294,0.628524265324933,0.06367861112174722,0.6511915656406138,0.9492990159041177,0.12840140871906466,3
0.44523931398657784,0.3951441020101003,0.14395359830256113,0.548852159450187,0.3722527859730181,0.1350130119010497,0.04767685361541414,0.8031003583824092,0.047988252125131595,0.6262802114964945,2
0.05580249031617048,0.7778412592662085,0.8519967488391476,0.22506109892216958,0.9858122310622203,0.5297941195468719,0.6804796926448795,0.46741012195113274,0.7114489283830365,0.5047388400492626,2
0.4467079815091327,0.5374979671465433,0.4277976664324495,0.11498072675690627,0.04455619233514305,0.6350288946741346,0.0358654767955047,0.6485551500123312,0.9247720474747463,0.14774763099278798,3
0.06245520737948255,0.7811369164706031,0.8541500556606862,0.2230529636050791,0.9944978270585914,0.5391411922480552,0.6807509444667561,0.460140785495736,0.7180870044804994,0.5000131066363085,2
0.5159812648960592,0.13710692943848315,0.49064200945170855,0.3147683391717062,0.4125071535421575,0.4830558428740891,0.36805057427260573,0.803423401813577,0.2999600138041768,0.5998996786610132,2
0.909378125181245,0.7447612374805416,0.8228120476213964,0.3582872949695366,0.5217098865684473,0.5641042456678629,0.3908659139708082,0.806081079389023,0.6920609089857314,0.7874632903739044,3
0.5143853592225494,0.806621432068339,0.8105310366803841,0.9164229048824479,0.7505729201502835,0.3380931315628232,0.18040095241707763,1.0054172781501154,0.9183024490823931,0.9310281288414706,3
0.7274768692981564,0.03012465360715033,0.308650977039157,0.5132420522879789,0.6667327695939217,-0.2922980900836892,0.853522278429862,-0.3051655576395905,0.32212313170565854,-0.40067141225156766,3
0.4606561742014684,0.0703483454899963,0.8044159033236771,0.4985122871866833,0.6485422526208618,-0.18325730965236797,0.5481104649706815,0.48724006512187895,0.6780803681859087,0.35295099418532394,3
0.4867463904870251,0.2564911066739688,0.3199762527414105,0.15016606321528383,0.40045351821535907,0.9000453947559373,0.9012730238799629,0.1977310337334059,0.4185986527652004,0.027609091258390853,3
0.3821298856271938,0.5865632732199273,0.3934361850443256,0.09772235606594515,0.01535840127770582,0.6393143015061078,0.06697356780380936,0.6187538701576698,0.977008299219533,0.18190804933354449,3
0.7750481502487274,0.687248784209581,1.171643238449688,-0.03190019124971273,1.1978268122073936,0.7527494148396063,0.41056812095045536,1.2396878457432814,0.12333375969295833,0.9944461571251195,3
0.30038149122674446,0.6930629986660325,1.130131650659749,0.7540104232341321,0.5993198987056555,0.5728796940122828,0.41038300952328316,0.6088955281851394,0.15421565330552028,0.3441304394098199,1
0.4718032580139253,0.6991132849412169,0.8042000286407125,0.4388681624996774,0.6128022004348174,0.17775811515360485,1.2143271823124453,0.023808850715305294,0.7593717869181629,1.1168922347097623,1
0.7481041657548027,0.61425640342211,0.8594001964558272,0.07867407750595126,0.14167561212602392,0.09459820095107556,0.3350996715388895,0.8984973790847905,0.8989633312659726,0.8307487331115874,1
0.8889928789899605,0.6920428472897766,0.5757895915064526,0.5428187795127346,0.31598685298232354,0.19728758211762393,0.20947133087871558,0.11527957162440909,0.30663472818253845,0.8963772251265403,1
1.2459640263985925,0.3726849304765129,0.38183751759030343,0.7620568214240252,0.554747230798652,0.6245003887135947,0.3555929080258981,0.9180298579792775,-0.2005878366069534,0.06363549940609416,2
0.4176238065820568,0.34952056560222167,1.0269702084445012,0.07562338645037436,0.32595874829055244,0.026090682049129617,1.1065568676568538,0.3837983429003654,1.010482749343581,0.19320120216994133,3
0.850507754227465,-0.1511238620230239,0.5492481716805078,1.4976128928346772,0.8176821626679546,-0.2077681308205518,0.708988588084235,-0.16986440832594102,-0.20425126295280194,0.1880751193441072,3
0.3162126792438355,0.42703626692455204,0.4582469104592695,0.26712971829874693,0.5815038518355486,0.699933596345334,0.8134202129001831,0.24071435871595992,0.4119385246746779,0.49390609411404685,2
0.8997285169534307,0.7556914716319507,0.5355581912535398,0.4660070436931039,0.25290737368170013,0.269971978731067,0.2095483053856056,0.12581615609327132,0.35453880784990754,0.8536093711887786,1
0.10051865873789523,0.5898577783969758,0.9402317231590707,1.2921106642329026,0.6507586286334932,0.0769957429566076,-0.10418053511732028,0.944222372371056,0.8231853813749265,1.137805434816837,3
0.3835479262777006,0.8499577269880526,0.47438742107337284,0.7937807987724622,0.005112857239323873,0.2534260596985887,0.6049141396944124,0.258150565939072,0.16489469833430792,0.20984422160110816,1
0.5816710211306897,0.2761455598045038,0.33797082655029453,0.23655000546099397,0.47576230928324836,0.8436375368042004,0.857136105153926,0.18111143154924814,0.44010490025460886,0.1567922375309291,3
0.6092881619775145,0.6722318658318948,0.11918869821548793,0.7555546350270378,0.1882035623779704,0.8938596310685849,0.0921839886984628,0.3186282210474581,0.05246410944598606,0.30941945694368006,0
0.044350646047407905,0.979662796236006,0.6412538853036304,0.3088133247812286,0.9083976443429921,0.43033121199166074,0.6110381699554587,0.5663146932837331,0.6176834915853896,0.7515686056895725,1
0.902119355250959,0.23079803064293292,0.34380646874315957,0.5330432234524614,0.777572642575477,0.9689441518597592,0.5001732641489871,0.3389020870894537,0.32789956599834225,0.7076858560120354,2
1.2078274481560314,0.7869197508417178,0.6795645735319127,0.4393660041645878,0.5670607882289305,0.31969849533333006,0.6450672060612519,0.720036706236657,0.4400149465059198,0.8011318175971117,3
0.8873867601875333,0.8207462344078595,0.5512982299853629,0.531886666746203,0.35679147313109205,0.2638542762754181,0.1588098866819258,0.16815509082996427,0.41469045236295554,0.9539484488085432,1
0.5126080819937546,0.43003406525438803,0.535872712854493,0.31470003337120345,0.7268634250576601,0.5389804083358443,0.6527684134691667,-0.19310121651322162,0.776722237870095,0.3517796327847156,3
0.4646405211639695,0.34625213089156787,0.2081039833142403,0.08975245727998891,0.2238558212623501,0.9955204246323901,0.9058103041387064,0.10700206455665623,0.44618943199192396,-0.09102841705984185,3
0.36702876566259945,0.8799730622480225,0.5271547134282475,0.8908928532605318,-0.0794539604728373,0.33077968035697247,0.5167674233017029,0.35861342652768413,0.13014262459935905,0.25410146179059045,1
0.6083602382897206,0.732146160731083,0.8017909192429777,0.8160772980678369,0.7999586705963657,0.4647307952166926,0.17092323396335857,0.9062233341165317,1.0459053533893574,0.8933951099444668,3
0.5484557623610401,0.9790652721274397,0.31299220443130776,0.598953704622694,1.001640681414659,0.4665512570807976,0.914263658142778,0.0967179482088615,0.8832544475085874,0.8427315350850062,1
0.05286869970190681,0.7773546871394105,0.8517804822804689,0.2100273247697243,0.9863341267132815,0.5404933984502087,0.6943019754579434,0.45545592566283855,0.7207706064687392,0.4991320221515802,2
0.35833848909809607,0.5066742245863421,0.4014076736202431,0.3531667895558614,0.5113565073308424,0.7444800714417078,0.8941158416225645,0.1961580556639899,0.3682525151256455,0.47256041583953684,2
0.381272288647226,0.7275203605116547,0.9691759110121256,0.4712212268122433,-0.11148254888383474,0.1599058157956772,1.1621845860766447,0.13145979965568866,0.9719586825563518,0.3519729697369999,3
1.1594747906631802,0.6148927458979774,0.0407052918702597,0.9589546143284928,0.4645514051810096,0.718385194210539,0.40763146671060535,0.8110441084109978,0.18539409280541902,0.15473815321331522,2
0.7140740978899662,0.664498314049531,0.024279466381323736,0.7413960502681249,0.30221511611013047,1.0002924080560511,0.1146117571663663,0.46093513056819546,0.16207138879812072,0.2433575719688781,0
0.08153161270582698,0.5463894088585667,0.09013918157108664,1.2930017485131917,-0.12761096281304996,0.8697018865047303,-0.2817850420985255,0.8834985178617296,-0.3935813549568487,-0.28221046784933024,0
0.5136775583584496,0.8095021846684645,0.055428528054279974,0.9051109777883878,0.2574962649067127,0.8607526674660284,-0.06484793057738589,0.4080187183029379,0.08910010364855332,0.3373722534312465,0
0.20440579098394787,1.1211568987371978,0.02447210834974332,0.3565363827709538,0.556318500550292,0.8105529564016609,0.4706761060706863,0.03457188904656466,0.12366701644037119,0.6309648090604605,0
0.5246293654526264,0.1453675645029783,0.4960787547301307,0.3170436099326954,0.4124698517880783,0.4843187932829044,0.3780825715580183,0.7961173199385172,0.29592970189273266,0.5923364672364456,2
0.7810169869514891,0.5016693668288302,0.8562303074655601,0.06007199521479494,0.2492942198136534,0.16748725672236153,0.49055036918704975,1.062417523934108,0.7425087449064826,0.958803834718751,1
0.7267303794326919,0.6645056000231949,0.8597010808648623,0.044083485556592306,0.14046015555791813,0.1630198499429279,0.24448180001260778,1.0183247292895041,0.9718054627948473,0.8124001559147144,1
0.5891093002784101,0.26421519132880256,0.26585646845863353,0.54763305368939,0.19010197437697376,0.24157562294344836,0.46220003133548626,0.6006938531744022,0.4158278122312856,0.8307185454738141,2
0.6763381700288532,0.4238195720799536,0.5491512669988625,0.697633002913787,0.5731978181975516,0.8661035834348841,0.5910620758268649,0.32793924267385527,0.15374503587749788,0.5057348395262451,2
0.9957351387942338,0.42631144243886765,0.2010993780655593,0.9331897211253958,0.550654670207691,0.9112002045214856,0.3821533616506196,1.0323377635520947,-0.1335642465959475,0.02077537069314317,2
1.0394347083263962,0.5163620765843961,0.1299148386617015,0.9881601372580504,0.5176437389957835,0.5137694490376036,0.4680524553731672,1.1333950771176695,-0.11344276627192479,0.12688683284909663,2
0.791643746334109,0.8718794509297381,0.7680072785030281,0.18931655930706598,0.9538273754792476,0.9571089677018728,0.2741344611622445,0.48346069599148805,0.5851673305115974,0.5862905129396261,2
0.6771477932932629,0.6918679158465154,0.594657741609833,-0.18741615805347178,-0.4392259922793079,-0.4315746839948953,0.357882621756364,0.6612698765503302,1.3303670812447568,0.7721833467286502,1
0.1718912444002059,0.43893116287358136,0.5495418716384889,0.26656716432587485,0.775109896003085,0.8753515931409521,0.8815603604359453,0.10027877686726701,0.36785908785522914,0.6704886587484828,3
0.3668975577439463,0.5113039411635453,0.7682280932654169,0.4613477278696083,0.523521708898238,0.903859045516193,0.7416678335447126,-0.062301688159177,0.5041848236299504,0.6741801984314122,3
0.08986543137559737,-0.03625279713302157,0.6348702115158354,1.0229015876685033,1.0381835974108768,0.5535526344489363,0.6430853298783853,0.033162432038228454,0.4012873239238523,0.21275764527470745,3
0.31643383864117824,0.41608379507434656,0.447984341254101,0.26516257093569323,0.5898199182309354,0.7022866334750147,0.8108558720501793,0.2304094638731864,0.4158823390200394,0.49063281742083875,2
0.5042656555553588,0.6123810605271113,-0.002955971255369172,0.6687255059529205,0.25640751273907053,0.901131958257602,0.23117955531832116,0.4536557482522109,0.12246018664142988,0.4519278137011659,0
0.5022462584447922,0.34030375026254234,0.38622010222373476,0.8534994198724236,-0.04963274305354748,0.19733714124679386,0.4669922815438411,1.0622132697927211,-0.19069133116039066,0.5374891912608099,2
0.23657785242259607,0.20257057272133355,0.5823693299817935,0.21188639024990924,0.34700657234571197,0.395054201811126,0.6209175523696491,0.5017996341274417,0.22330086950797037,0.4373204558899284,3
0.7009055815198785,0.465295952422905,0.6247889083588555,0.7270126634735365,0.5318781222965308,0.8997815575321535,0.6336918058884267,0.2995933619335347,0.15823376826273824,0.4801346005767993,2
0.8783852513873609,0.629591872826593,0.2351517803164823,0.20788262124192922,0.05220785114662112,0.6256452617583973,0.41537078741854705,0.6947284411597852,0.38693357785932353,0.29287398273946674,0
1.1169772899392845,0.991512940556732,0.7802231368508941,0.2504797303471992,0.28722043765649347,0.6623423591086421,0.3569852448636958,0.8640684495655343,0.6179826421358267,0.6047828933496632,3
0.6239638998876549,0.9163051357360529,0.24861084895114968,0.6176504816311574,1.0614551735427842,0.5627628334051135,1.0056354155008325,0.05921174073691296,0.9218282537984492,0.8198561622303625,1
0.8050293576239379,0.7979536323601326,0.6131361940760909,0.25400971490090835,0.8903449945081928,0.9519230579701479,0.0881868891989882,0.4149079754527477,0.6780943000871741,0.43853646675288793,2
0.45172755832869227,0.6288688818016941,0.49939029726647405,0.4601929885105063,0.792205172606772,1.0112454937966162,0.1317265799689818,0.9731963640524138,0.7167770453775243,0.24384691855774648,1
0.08899142626801683,0.9983503796154537,0.8327202345590481,0.7805830332095193,0.10825529821616435,0.2497219855715057,1.0668620576892895,0.4650854280958525,0.7104616429984966,-0.02669301285858311,0
0.4378201245966453,1.1821305228214205,0.4828529033146032,0.9737099994426667,0.631600248600081,0.05745313360094914,0.9354761255487886,0.011820361976323246,0.24567293118425262,0.8909728450569678,1
0.895439167587452,-0.002450086853409278,0.23986799273148912,0.644704940857474,0.13840211900465366,0.15397236234478542,0.3342125743853656,0.4073247919045214,0.5419682989395713,0.6108908716053655,3
-0.019494757112149277,1.0989835207774494,0.7430799757893543,0.31069273480143933,0.9987405906954249,0.4090467892917616,0.6832481479654615,0.6292213472032752,0.6661021016244403,0.6062928655339306,1
0.4229246009246688,0.5643944949558004,0.16246654842239824,0.5884576849486186,0.5145164357931261,0.6805348393049856,0.9850705462499905,0.8394698060687611,0.4311862484308278,0.23741156617326445,3
1.0618644305684029,0.5150293865717984,0.108458534590974,1.0439602773554961,-0.05738075716411492,0.22785833417118645,-0.004719541864551376,0.9134973188719983,0.7627255269984954,0.04265913534762881,3
-0.0707238502525902,0.09319070200116708,0.6865006011441269,-0.4465338466549291,1.0244349466586538,0.3206112743273098,0.1593586585895581,1.438659055481094,0.8969876986746339,0.5917124803643727,1
0.274244840079278,0.4743893785345986,0.4145287088400701,0.24222685682096234,0.6251302888099114,0.6893648990038472,0.8440136391866232,0.19126110015317221,0.3986876279991614,0.5392590213585151,2
-0.2416079583852646,1.2717529089796766,0.18462687950798018,0.006734563059470289,1.113152066618187,0.858683798143258,-0.23208635284209145,1.6607802418934854,0.8385530024000074,0.6522582676534457,3
1.0893446404319698,0.31873331046874165,0.35859584787675225,1.261442268579733,0.9012654036758693,1.1285434454936567,0.2535796349346481,0.7398352464145728,-0.3908924611290414,0.21895434840535913,2
0.46942009890011976,0.042582962678326924,0.9703097952541528,1.2359738430909901,0.6697714721026544,0.8760313564743493,0.45446310390499034,0.0792979563166156,0.4160245961926474,-0.06293422370500446,3
0.9922012718334955,0.6435175608634818,0.1842995722944658,0.9206072426934777,0.6200033205217442,0.6661253499003974,0.4907869246601085,0.9710217963620934,-0.004024884086755404,0.03601623908614138,2
0.22795914380189622,0.9508987446300348,0.6395715360119856,0.5303694335185265,0.8790954872316272,0.63195964195909,0.626238455708747,0.48288742441072113,0.12031241660657055,0.4339788159631097,3
1.0211979282994093,0.6208556181108743,0.020265863937201166,0.9027239964353744,0.027426285056948472,0.1747545924882776,0.07421729956303008,0.9868034537613924,0.6988970205382229,0.13773202802460982,3
0.3526717732218872,0.540796613050365,0.42975391876021507,0.30151890113467705,0.5801107018911775,0.7663491397785522,0.8141104460877309,0.3054663144428407,0.2945553410121722,0.530847061012223,2
0.6744836365741107,0.22631130309256997,0.624262151539865,0.4913626713635738,0.36352207486877103,0.5570316443128019,0.544760743441879,0.9378024325013293,0.247067954606921,0.5827864481100379,2
0.4429079610362081,0.1050510736524608,0.1485689732684437,0.12240109482362635,0.4249180744010378,0.7814516171491507,0.8731468940123341,0.3829968511567213,0.4972604009488122,-0.024622383900741042,3
0.7665380245801761,0.38848875677564637,0.5616034535922229,0.8172956347179396,0.5119643836903194,0.9454185758167406,0.5880184353038941,0.3945178294739456,0.1337748122296595,0.52646267476149,2
0.03841197921586581,0.6399685023605582,-0.32702194991199846,-0.07728409989138602,0.5828678798666371,0.5199917333127007,0.1665054482556207,0.6403417754002476,0.5971333074492082,1.2961340772645815,0
0.05833689965769617,0.9690310462971423,0.6458891606367287,0.2779390169290961,0.9317294537855224,0.34578052168857726,0.6021360870434308,0.542194704201955,0.6448271822847271,0.7282432308178395,1
0.4610228218757834,0.3391100602593967,0.3835518378500767,0.2982672698192951,0.5317935423787932,0.8988414185912666,0.9302069239480325,0.11314260300813389,0.40129384234625326,0.13074811947347248,3
0.519206854237424,0.5344251264199017,0.1336735668716817,0.6267794409929914,0.4982753707639369,0.6993612721481689,0.9519120911870936,0.8209131246237552,0.47804129213378466,0.1893346820523058,3
0.05211889111690152,0.28572586896196017,-0.010616142460706201,0.058482878326959004,0.552534912621822,0.016605729005195344,0.2341925956767535,0.4982065331939108,1.000622052595856,0.16298052417201575,2
-0.05495283312748184,0.6128466720729422,0.9864197160275268,0.626242560225696,0.4573895517155052,-0.28322298360752585,0.49761918290682344,-0.18762284820268127,0.7096304326226747,-0.04770156036516027,3
0.8955114596432177,0.8028579366514035,0.6471311204034893,0.18390407554188407,0.8945983814341971,0.9743684336332682,0.11742415157898425,0.3747888711724233,0.5659286801097554,0.4786870236082741,2
0.710086722693349,0.7507637713038199,0.8844557552772174,0.8294061886005687,0.9887947987396362,0.16172818170289915,0.6055352815341696,0.9577821722080181,1.5484604366878123,0.7575125348014515,3
0.1438278258220696,0.1687412192423885,0.4329269128469628,0.725000329182904,0.07767205676713691,0.38915870916855605,0.5904874386729664,0.821108268696659,0.48946539717745957,0.5199147501115334,0
0.14860066022062618,0.6728757670835978,0.8907158124610954,0.6235742060545326,0.7259932681901077,0.6169994886522377,0.39707763167526244,0.48517342428892274,0.3248423132798976,0.5062755802812162,1
0.31642801608964966,0.4213911733356873,0.45539200637859756,0.27131550674355487,0.5805705787293896,0.697016803669904,0.8157058827284729,0.2400010959159216,0.410887931886631,0.4964603584578952,2
1.0103557176640678,0.4166518356706525,0.0002515497493912923,1.0247756231273544,-0.016974265560994288,0.11137009479001683,0.02839562356287966,0.827180973659906,0.8389917950114625,0.11397905444274817,3
0.6504951128019519,0.08966868132468783,0.5061416919006336,0.4437932700865791,0.5384185055936073,0.3457785997508613,0.2744042196165186,1.008916718245343,0.3965165478067523,0.3855062384154693,2
0.07518281859551575,0.9344528700665621,0.8559090340560369,0.8148913371134774,0.2379370674140062,0.21596317901414389,0.9794375956831263,0.5517867880693633,0.6239511107136839,0.037947728825798756,0
0.10003182997886857,1.1217008556714596,0.6545920445062736,0.4537081428974514,0.7391375680251631,0.28775202763431096,0.4692254464368008,0.4732740506689582,0.5056190313568598,0.7220199846111984,1
0.4883598944379634,0.01963157580106077,0.4524702020621118,0.3725904194757049,0.3467146291109956,0.36052423191178573,0.4361268509920502,0.7734301816118468,0.35373017895164544,0.6100191588774141,2
0.984161115754539,0.7709815745649728,0.648981226514902,0.3031832494933995,0.19715419663457398,0.14181088934453825,0.38464046646367867,0.1409470350501223,0.4562868413557996,0.7050472528355651,1
0.02779923180632851,0.2206755460731918,0.7026001403022957,0.32757158934327707,0.486408166641063,0.8376722712191074,1.0790271737323527,-0.0035679714664687834,0.6314709539432607,0.67422119357576,3
0.6268296352558149,0.25979493763221295,0.3665866584775527,0.34770747767279175,0.08425333185745376,0.7716978110110393,0.8421826398575691,0.1979379408695191,0.6317091656379573,0.13863568455167508,3
0.6504916810082826,-0.04779832052019911,0.34500145880629096,0.2181654520759219,0.4179224345363684,0.3663413301728439,0.39828215904444164,0.9281232368154084,0.42532002360588017,0.42043455786921974,2
0.6663602441940786,0.1999239505451842,0.3213716455212055,0.3309520002353726,0.15782070454827463,0.4086276435885102,0.2581862514298909,0.610478174303972,0.4533649561170862,0.9117138277068528,3
0.48793346114749425,0.08071469725393877,0.6013809474779875,0.11234724851590105,0.20403183617743653,0.5753209390878645,0.3980469856833966,0.30587268849201676,0.8921607958326809,0.3074894952845525,3
0.7679185496747876,-0.03570764913330468,0.5005164414045931,0.4130153866495002,0.3747618658306509,0.5104359538721985,0.25941860582920057,0.37215951396754254,0.33906164235284925,0.7194563173665156,2
0.4279801802560847,1.2318879447781117,0.9134262351702452,1.394115877554298,-0.2471248835285781,0.019802856570367233,1.460464384926908,0.499844538791545,0.49803691571482467,0.5536575221693577,1
0.013908515807274903,1.0817727276375164,0.5618019284282036,0.22513925115783073,0.9483653660389564,0.2950689448397159,0.5636149204301267,0.6988623608492636,0.7043355772591234,0.660549390749388,1
0.33066512055798497,1.0126240868966478,0.35614323065637565,1.158482686698342,0.08733270466640031,0.07519994810799516,1.2050408299654158,0.30963253157739257,0.26424347685646987,0.5814395693155414,1
0.8202723242697666,0.8673242311101627,0.5912186192399502,0.23135841331250384,0.9312464330761344,0.9628589682941973,0.18455046409655004,0.43074406080517524,0.7488400351570335,0.4217352035976806,2
0.07861349456544903,0.9698783790135427,0.05552969687569975,0.2575182201521422,0.6496285007573099,0.8509114585335494,0.6653492321278092,0.2276631738315493,0.22625821229268867,0.792361469134735,0
0.11898658701953002,0.3474632038969748,0.5534956995514347,-0.22175042040728685,1.1104587647767192,0.46315194974208174,0.9835304258771169,0.0042415137250534085,0.25979038006592337,0.34981275439740905,3
0.6646610893453725,1.0559681954996805,0.48841259126870484,0.9221198271943691,0.6797406405544099,0.42159385720772224,0.9383607463731141,0.34197049102487875,0.29447109143170963,0.3426020127377107,1
0.3230155975814418,1.0192013586928619,0.6966409074084998,0.39468035644871746,0.7686242924023667,0.7298392206872771,0.5609841480384573,0.581674571969006,0.24231910071408425,0.3464253507281144,3
0.3873030336178048,0.4259687040706134,0.49714794057495226,0.2002527225984414,0.5826279243099975,0.6839374095475348,0.7564590536039272,0.20787175175917527,0.41461975203948953,0.47078308273986585,2
0.027171247156176154,1.1000816506228064,0.7227417935652416,0.26118426488621105,1.0369436331764685,0.4214746332468302,0.7658755065323742,0.47697113789318385,0.7503712431877207,0.7001083063008822,1
0.30802456168431763,0.42343055054467077,0.4472942307022268,0.2665833253822291,0.5712124856531996,0.7078002376419198,0.8155080246166455,0.2384239866702472,0.4173630505564761,0.4962048875400122,2
1.0069827396926467,0.7412367727463963,0.6255451105419033,0.22259370324470829,0.40373034780076283,0.5113826160433548,0.4342416561165126,0.9761738352357361,0.639694300948135,0.8629255894224767,3
0.9668270836608653,0.35627017978574804,0.43905521331605846,0.37283030822244034,0.1557203163991257,0.4807480490742722,0.08286015118384232,0.45691616969209,0.3021936801384673,0.14528712067868987,3
0.44313606817321183,0.5775756236765347,0.36561188425737257,0.14654193431327822,0.011335221632992151,0.6505894762098249,-0.020232442917209242,0.6083524637527277,0.9194583409851362,0.180601777290955,3
0.9223703881670084,0.6226829592689248,0.728327009688474,0.3040640932482474,0.3582964028004926,0.42896320923368464,0.49797649759450807,0.9014405122315797,0.7038147328532427,0.8004915663803458,3
0.31135116232614113,0.9149638991832764,0.6351319679153825,0.6016964010087575,0.7145978641699,0.49502376542346804,0.45480907849126795,0.5147581489745163,0.20029232313139214,0.4092540411794582,3
0.3129782776571953,0.885370776186783,0.5187768785445657,0.7821360727872019,-0.0002134873807010428,0.2324929434357804,0.6466725775225289,0.3070458894858981,0.14761978184577568,0.21475964264133962,1
0.10572120255362488,1.0869044063598818,0.5457056358854565,0.43481341447749666,0.9624197044101601,0.4704240756163757,0.427066214600501,0.49356075244497877,0.5729925909463981,0.7009751288236642,1
0.8204936445852391,0.7000339369779163,0.4015654302284561,0.5097832319651721,0.24072387063055267,0.2551429275058079,0.13351597540961552,0.017517506004875533,0.26227879810646276,0.7258793844286648,1
0.31748984545620007,0.412004582558932,0.4441678295071186,0.2818600113959071,0.5706356260087412,0.6858137313509439,0.8214465337143902,0.2378503866826529,0.4054756419931454,0.5025768139156517,2
0.5290880013503313,0.13652390867216507,0.45913666019338784,0.34738804444056326,0.37576153953487507,0.4606446539141152,0.38396390566545163,0.8210639745748104,0.3275840356704608,0.6125564415777481,2
0.39404897604392547,0.8572729695089109,0.47297505106242904,0.7966598605742878,0.00495322643716535,0.25717973897783064,0.6047667905803146,0.2598110548218388,0.1514063814100593,0.22083018964258563,1
0.12287117771827152,0.9047069937740448,0.7320535501739196,0.5850613353152881,0.9282026093908292,0.5609403099857141,0.7531208531683325,0.5782483003943837,0.5116448288714311,0.7699811945832233,1
0.07797859703233778,0.7087891837671498,0.9561252682381702,0.6572597070575483,0.7604102677298364,0.6763329180396392,0.4435726465751349,0.48891372497785246,0.3412985850661072,0.5101359401460592,1
0.2829427572421359,1.039559375043166,0.6203674736936053,0.1109915659469981,1.2103842210273135,0.7552134800318824,0.4030887263682621,0.3944097941202096,0.8754265431621576,1.0872436153515044,1
-0.5761370324478113,1.576380940763594,1.5311328632023053,2.173909123739998,1.5706568861554413,0.8544457822218563,1.3615919034315827,0.8716241593140739,-0.5584557490148017,0.8039888135694624,0
0.09718649327737208,0.7012661484221818,0.9322622269580958,0.6147557725992148,0.8342921954636305,0.6406503853897102,0.3760045531044376,0.40942337843865195,0.27132658380228486,0.51356912483082,1
0.48589041880183287,0.22901479301719083,0.3149265590294246,0.17561295756508224,0.34318743959678744,0.8454740702107726,0.9387340987794461,0.2840646693527237,0.4510840426078016,0.032214408225807276,3
0.10378276182303135,0.7535208656995528,1.0566781786854342,0.5631448376972631,0.7835743764323847,0.7099889264351333,0.3732950290845852,0.4602944798404216,0.3633603909385536,0.6018778448501158,1
0.2134613987183463,0.3207883249950339,0.6171452897716168,0.14570590558220262,0.6825996721196171,0.9539595362090445,0.7718040979207058,0.08828355550562945,0.48603655413979263,0.5570771806659414,3
0.25140023087476504,0.9793664482208799,0.6630884662004852,0.44504288455922186,0.7645543885219938,0.6282968610720534,0.637690199577305,0.48386467598904076,0.15623843601487358,0.3508795627435624,3
0.39826047451776314,0.6404675959414514,0.7131534998149408,1.0004285871975729,0.9069688915363283,0.3004608582232255,0.05906364945047768,1.0675040789131287,0.9948630693654902,0.6842151671918079,3
0.7460200763978491,0.8480986531358864,0.5305676884520769,0.37927772798839704,0.8079710458798421,0.947334592813854,0.059964045716845674,0.5503799333722201,0.6925261557097373,0.3268142101124799,2
0.38133957806348023,0.6036245505234881,0.4123770567392208,0.49662863853084815,0.435512974577937,0.8753482881335944,-0.03354186345540003,0.47374031822777674,0.33044274778285376,0.1279039979750981,0
0.0649158296079767,0.865948054961201,0.7166963938399312,0.45690490347472096,1.5084165145528046,1.6170995948349793,0.1750787015369472,-0.20058335063007032,-0.38608190679736176,0.04806728610961941,0
0.35584935550810015,0.46733357243215756,0.8639010871395019,1.1642229703324607,0.7062503922552067,0.11035042463160426,0.9582590864455467,1.1701757526578604,0.5114848066607913,0.6643438231056736,1
0.32467484649300127,0.43427731551455967,0.44738130768119677,0.2558652366988542,0.5507850107503112,0.6692712847732627,0.8313864161467814,0.24060063885470317,0.4012654650078577,0.5218965007156734,2
0.69291924157381,0.138258169914204,0.4492186248497477,0.44932954763967875,0.035331645630966906,0.29162283556596535,0.1622382352892866,0.5431488165639293,0.5586161448008332,0.8167427447841665,3
0.08521336349673198,0.13408797096690916,0.8506102294632409,0.33080358250399206,0.8543515563040276,-0.06096549921043465,0.9537991431120366,0.3787196455997674,0.39350544817426364,0.9127753026742247,1
0.13320035252519224,0.1027314969427405,0.3907759465359558,0.7245028086866502,0.09466479065301263,0.39199930645305664,0.5329920655498868,0.8479147275848978,0.42027580703946815,0.45299023870398253,0
0.6268341922130425,0.5522632039743964,0.8975012246617334,-0.016534036888133485,0.1071757395353839,0.1378681596390884,0.21761585371507233,0.9474823622508898,0.7905934308912271,0.7432115324563671,1
0.8837735486112135,1.1561891904878085,0.6881422557233721,0.9159462706335159,-0.11455676098260248,0.4370014646763855,1.012298722437356,0.6939001986750116,0.4584578673457899,0.6411876057908705,3
0.1595351627744291,0.33525203235303397,0.05832423520149503,0.09794516944538961,0.4564983059380163,0.060733561483275675,0.1344197981881444,0.35912796166468225,0.9510564516978681,0.29101080489366093,2
0.06010456979542174,0.8764463885932524,0.6646267898049718,0.37304970839044826,0.9667627684438614,0.3945257012551864,0.5680273354466336,0.6030899686327392,0.6098325151610047,0.7131044591700817,1
0.5607712794164426,0.6351799724713847,0.09583988634538793,0.7448676289877146,0.2048220318546352,0.8560480334945183,0.07792662268534527,0.3457750167368936,0.04299945761865834,0.30199578197830734,0
0.08978286214592038,-0.3938519740765593,0.3782668127191046,0.544480414788026,0.6039901333597162,-0.2800838048654382,1.3560161336631538,0.20267345015547922,0.2134441205584366,1.1909733549181116,1
0.475157433662168,0.8987351403986379,0.31354285586082764,0.22884479808265143,-0.34972640634199637,0.6336644923509124,0.2706439448893343,1.099332758264642,0.49997933731199073,0.8343940521541731,1
0.6163423858588796,0.9726818604856157,0.28623909069472525,0.5159031105915037,0.9324748090199717,0.4972612506242743,1.004464335240458,0.15295621922829053,0.8662492479064223,0.7879542962273974,1
0.4661666072319417,0.20661414893169588,0.24923860735826142,0.10508794703262823,0.39402127959505806,0.8110399804405107,0.918167499970729,0.3043656542378194,0.4327979952806061,0.08424185195426684,3
0.16634918046859948,0.44208250513275,0.6864142946815734,0.39116186718629786,0.7981130898871278,-0.22741600946680524,0.8853797163274693,1.1042434011381568,0.7429153659180504,0.37070966386620274,3
0.48019599355199655,0.3928506128468597,0.7984244402737064,0.4544139483153996,0.6995450491144407,0.22506582628181546,0.87563569870481,0.5653416141912412,0.690715294960865,0.10688771511000122,3
0.5143523760094808,0.9137602625182971,0.48387746588453434,0.7609376980693142,0.13981920274208162,0.11464355119777256,0.40701412377026436,0.09947056428610065,0.17291810573190905,0.02462759184349103,1
0.9191524048037883,0.07412966344159103,0.013181827152560985,0.732237282571108,0.9478282138637855,0.15806752342169958,0.6597039855108184,0.699952204198513,0.6708900099179315,0.7296242050920381,1
-0.015199145776937581,0.9009087100955584,0.8018916900015968,0.39695569509479545,0.8918650885876506,0.31841590334988673,0.6263768555048637,0.6234191606322063,0.7028454557780065,0.7505771679253284,1
0.48235521164068007,0.4641633140693535,0.12644742533626596,0.5193367175440212,0.5262238024646937,0.6974856394119052,1.0160507311621023,0.8399176251622942,0.42353830090112804,0.15757468032441663,3
1.0511805490256358,0.4497288171129885,-0.13940794993414285,0.6080545430428972,0.433595141934243,0.7170407402913032,0.31731107643280954,1.3787113293493678,-0.4936996817050835,-0.20867617138636183,2
0.3909251882356928,0.08925915864528766,0.3718293768955655,0.03294096430778182,0.3559063132218188,0.8095792899471836,0.8286227885609021,0.14272502341429344,0.4040873893334706,0.024263518667525352,3
0.00012553447095489667,0.4001233814569031,0.574030820359357,1.0724222501967435,0.22262916256321175,0.770319815412035,0.23552273056655615,0.3985667406003885,0.7136796361809445,0.005574929023529962,3
0.3846122593377487,0.8649509137643872,0.5416653857034548,0.7463183738471174,-0.002119106107410014,0.2725721291033096,0.6693653795820242,0.22826058601609683,0.20698455645885028,0.1518800155386164,1
0.11072170173428143,0.9247438355601607,0.6849688977418297,0.2824535057556103,0.94219730859368,0.4249779773548999,0.5952172675745449,0.6465977067685006,0.6266658111820737,0.6718494216042724,1
0.1449733783430886,0.11140807955848872,0.3850762697411545,0.7156294034883625,0.07808709654067798,0.3833003733091764,0.5364908346749067,0.858901376364204,0.4263867729862036,0.43671556374340176,0
0.2586678890310803,0.8372078818386364,0.6050708339742077,0.5413007609821718,0.6343128802589764,0.6434459621891029,0.4790282184289495,0.6291378615328324,0.12503992109814188,0.4201526547010172,3
0.9857481500905861,0.5139153592681585,0.028002004347844348,0.966908120978345,0.08553409074647834,0.09847832569310844,-0.007803571176485474,0.9037644454342637,0.7521935926169563,0.06080369393719569,3
0.7141119611202692,-0.015462682735499361,0.6577519781780516,0.15500492807538607,0.49057683752932957,0.6910582446362875,0.29411780805482324,0.9021099838294526,0.22374304761326747,0.7119649839519273,2
0.9274143936073059,0.7705472519019038,0.5614182681760894,0.1791313855684583,0.43475046065523065,0.47288403413690466,0.4145423688834408,0.875042296308761,0.5369035888204122,0.7286588230863112,3
0.6983556247336641,-0.004792965928586718,1.252531995784398,0.5433286648230646,0.9413126362150129,0.18565779837646953,-0.08427995119831433,0.46299096152770947,-0.21521274629919407,0.5826350482319309,3
0.6702899599090621,0.4159553392279312,0.575382051003716,0.707439766024285,0.5071953449546903,0.8989882877362965,0.6113847274898261,0.30333544251851297,0.17985369882970975,0.4374242894965232,2
0.018561094440838685,0.4775964930854075,1.1510027621279506,0.6276577211046049,0.6053945483359938,0.8133363625368787,0.5700938199577008,0.6184768781992794,0.15282074744467766,0.23103613600711365,1
0.8128619183501351,0.6012060899232125,1.0548190636488428,1.0257462773679584,0.9991717014571926,0.5721597316578313,0.42231118482826047,0.7995132315779687,0.7273286179269738,1.0890476776378295,3
0.5147993991472755,0.7995088554497953,0.7482539834543738,0.8932262798088499,0.8306022716096362,0.425433919314663,0.1749208665909138,0.933260461695325,0.9856159760782743,0.8352021001470477,3
0.6355514734878198,0.6862259955899002,0.9037003423769564,0.03678167374501896,0.2073030580740574,-0.01393031809256852,0.31190634249671434,0.8722060058932414,0.9150547918690491,0.7694315138190262,1
0.10601330323661265,-0.18770818032487946,1.1545246839424543,-0.07648226387122703,0.6793784654093469,0.4454964267398305,1.2961149741648648,0.8549081249125211,0.6558880025193445,1.226220391283546,1
0.2933807048108067,0.4859727556421847,0.3716022631265861,0.524323855235812,0.4366253541300115,0.95503603533177,0.011070174575095043,0.37898755869482925,0.4057909781545127,0.0805667010359517,0
0.11697196325141868,0.07950887124146563,0.40853819121822466,0.23719457937546545,0.1803446218807695,0.82820875732537,0.4656452904893039,0.43665462976849945,0.6719209079848449,0.43320385121384203,1
0.6136009278099748,0.9609618782861097,0.298185920198925,0.5241647460850714,0.9952780781758578,0.5151098060860683,1.0085027090867875,0.12276181508921649,0.8385787458408215,0.7880893835553273,1
0.9314650355319603,0.31854887889824496,0.1471279449123271,0.7417201219287024,0.09876905500865144,0.35643456240983123,-0.18101411545811585,0.3341951112789033,-0.03431754178330615,0.5900109258815908,3
0.42220922586612386,0.8531839184517911,-0.043478951537528315,0.9335054123653876,0.4586512622182438,0.8554336316360379,-0.10817979325051394,0.1547869833476809,-0.0931854032853297,0.2735902064380566,0
0.953804518164819,0.619381383252273,0.3929841584045446,0.6081432429141038,0.10604580926723076,0.2547319987598866,0.32368691249823023,0.2529504804934428,0.31953264766934897,0.8950759961937294,1
0.9130205591267186,0.03225499573436865,-0.03645750042702782,0.6983981942514115,1.0153784310383205,0.11817356254590183,0.5983673446502407,0.7445523912854696,0.661022917941609,0.6913586962321401,1
0.24800756601655893,0.9353074384853347,0.8126127442408453,0.5725063897713144,0.8872685539011426,0.7482180079074299,0.0034016996937787924,0.9324035030721309,0.9536029763132636,1.1544503693327937,3
-0.3462658934609569,1.6552171218756322,0.3757624530726256,0.755139871106671,0.29848492801177867,0.40648136710563054,0.9702723895405896,0.48111458947330576,-0.019347763830322384,0.3564228530363241,0
0.2579034874424113,0.5489599086434354,-0.1067670529159347,0.1487840640742347,0.45663565842556425,-0.11868274616010047,-0.03816359823013557,0.3578245506979212,0.845594065665352,0.3210929013964764,2
-0.20109610873426403,0.2904312705620517,0.3104357601792874,0.6810376243246966,1.1210017285413811,-0.35652221438208936,0.6107739274593884,1.0798517979255262,0.6066903191450177,1.2203996135913142,1
0.9582624612367623,0.7913370736131945,0.4901385387273524,0.4551622796008281,0.22691462422141662,0.2228482549681273,0.28521991604295815,0.06872150537963023,0.413502954164087,0.8806183058731359,1
0.4157495601014013,0.7578702933656641,1.2953272072725905,0.6934854587279718,0.23530469615493577,-0.16049656352015607,1.2044081865869507,0.5410603824176137,0.4583126202055149,-0.35667403537959314,0
0.16333230555934403,0.9044266661339933,0.5263364997424091,0.9812097353867777,1.2033446539060155,0.06393010610487884,1.0792075336062026,0.7264618828473325,0.474870088770786,0.10404201200445329,2
0.9239675613499888,0.4496705595270122,0.9819234116831117,0.26731158523114007,0.4280305972387031,-0.2091454592221656,0.43874034833964703,0.6358289658844429,0.8348514223522346,0.7133847514146546,1
1.0751336607530202,0.6760623694012295,0.6869505655743123,0.12526852597555993,0.34929704634820574,0.4781443098891874,0.5133619312092587,1.020168846363243,0.7610066044815507,0.8089517629600637,3
0.45649126015742475,0.21904918427927492,0.2810713226943775,0.1574710442775813,0.3476548406911975,0.8619639667227724,0.9380195580717259,0.25642768389041853,0.4593301479066287,0.030209804439810584,3
0.6497246029441119,0.38909030170125686,0.5693425074970051,0.7729609526264583,0.6042234656375309,0.9479259355095695,0.5628933395695407,0.3261983759648888,0.1431993011121351,0.4161651203864308,2
0.056189842415738905,0.7744452015987422,0.8457516172086116,0.2190757223394367,0.9864559783566543,0.5304622253462797,0.6862885563778216,0.46267312635037683,0.7167501629274078,0.5068287952207422,2
0.07052529196497928,0.9570049505325223,0.6967652361416515,0.28551273148665895,0.8439941330980554,0.3187766213262587,0.6998828264330269,0.5041326526981444,0.7499983783792715,0.6637629200911727,1
0.1445118930562337,0.2607072331497241,-0.12196552026926666,-0.24080338747786256,1.0129440396523548,0.08735641204946037,0.9391350199019428,1.029756776168275,-0.022143717873008895,1.2355245007326554,2
0.08827585509555841,-0.42883291328879103,0.978262596422969,0.7395022509912557,0.10284348571672502,0.36140996340595577,0.2526319912665825,1.3239200729693779,0.5688100356973365,0.6704384014657259,2
0.17684078556873062,1.0427622980516569,0.5611684918548188,0.38444698988834686,0.8883847146039805,0.26715051940363277,0.5525534051579699,0.690950383479148,0.775827531024639,0.5865817257802333,1
0.12508802904704103,0.10908637104565455,0.3941008052495751,0.7238140970059574,0.08324861017675218,0.39588610746298236,0.5388493356099219,0.8461177123078544,0.411703100791481,0.44890936764322814,0
0.6781993251958847,1.0851533275306793,0.5401176227840021,1.2605901080434192,0.5506274531751073,0.5160933729718225,0.8566186298732741,0.8192402450939213,0.18378188619174235,0.18143336211624284,2
-0.05647996111225828,0.6346854535468492,1.083429111375721,0.5237461069251108,-0.16163188912974097,-0.22215746792543584,0.9131588264520167,0.05750256848396518,1.2918818960593195,-0.053546617220867676,3
0.7424167287638463,0.4709377649931397,0.6542398329844359,0.456152971077775,0.5366347855360387,0.020214538282819522,0.7714672484167464,0.35192264772291115,0.12938675464177035,0.16708206215240323,2
1.04698002662044,-0.45703076090010897,0.11722164020736145,-0.041403452490514275,1.1769172177969653,0.3733192402222822,0.7243200462688187,0.3648616912036718,1.032460922993697,0.9815989264654319,3
0.15279625510789224,0.7035610224351969,0.8395299467270713,-0.16031974432374466,1.2492888123388055,0.791906837661944,0.9178654598843534,0.15413838779481104,0.662195791545009,0.7371591156438977,3
0.9699629160551602,0.6993990502256052,0.6497094193434412,0.23633833485481584,0.40942207813305836,0.4774342144470754,0.4347626396385831,0.9591690593664007,0.6449178322937623,0.8273250058150998,3
1.0084631570414027,0.028112443040911483,0.03978311153783114,0.6496969286740472,0.9627288988548177,0.2053510804976224,0.6371176889075634,0.7549558185300513,0.6487720588292092,0.6930948049403833,1
0.4238219329709752,0.5507936859129992,0.37822924908575395,0.12443440372923173,0.0642659012627726,0.6302275965629646,0.015026878006573856,0.6347655768397815,0.9072227451199469,0.176796959908133,3
0.47922325556386414,0.5225061486266609,0.18615149102967882,0.5783102492522936,0.5169703442426987,0.6468270723104852,0.9589006026735716,0.8940471981711646,0.46605770486090137,0.22105905313111984,3
0.735575569142997,0.8681640122171481,0.5817397593270649,0.2735751443809241,0.9562927289952479,0.9330488826728732,0.11800854664974952,0.508571599039476,0.6301218796446242,0.43492032371865574,2
0.5082778593388086,0.6042028932259631,0.13917666379469046,0.6009055581777533,0.4786808718784949,0.673779952844789,0.9443759857896281,0.8803267866376994,0.392419856002417,0.23431492216521305,3
0.6175017458995922,0.3031936088891637,0.4212938059837093,0.8773968144283402,0.16484378156344015,0.5479702131300108,0.21792440662299462,-0.6346736100886585,-0.10636382261289645,0.5990158521036342,1
0.18352569569928268,0.5264635286225867,0.33926379022081454,-0.0517824966493485,0.6116498325325291,0.7640075080193562,0.6661398219119627,-0.02853985039178379,0.5468501797727303,0.21687726169810526,3
0.42397194769783014,0.8606121448832844,0.44880734246501464,0.7570776414601533,-0.02248777550122693,0.3113824256986464,0.6167070183436656,0.248215394284037,0.12340318980096648,0.21400648867974323,1
0.3229756185190444,0.8630545447107519,0.584761330549451,0.45946295984661256,0.8556751392079204,0.6722232239051984,0.714531085814158,0.4339971743426337,0.211717142613526,0.39179418215762385,3
0.3707661420420845,0.7675152716990445,0.5814711613504937,0.7438754242459481,0.5239721287935716,0.23936635640597348,0.7872344133574521,0.24440344325928265,0.3174949106735635,0.5710165499941977,1
0.9789150845990416,0.7564803739316373,0.6192237552959131,0.5207153736434527,0.22208792186223147,0.2800064751246499,0.29905684023034407,0.03876997367954789,0.37416472663826583,0.7968449984068974,1
0.3196185623370505,0.17872628737588742,0.6756231029017559,0.09324041128945865,0.11367157895954413,0.6364593900515663,0.3568953253224178,0.243781453702274,0.7949533542205565,0.20460762110895742,3
-0.5029323345310049,0.04741171950304601,-0.046900045088750675,0.9432174829777465,0.7005829094934486,0.8667188414012181,1.2297296073460153,1.5177360267200406,0.7805103779340279,0.3827762679273408,0
0.5152686609295066,0.03857731380481483,0.1497605321042443,0.317278995386975,0.41019981784477877,0.6988778612894149,1.0779740030209917,0.2530464056356725,0.33669064228251033,-0.07086271348507024,3
0.24520121122139027,0.300267570707768,0.39613339076170184,-0.0550254344528355,0.24790336220325543,0.7080444016058762,0.3133022327080931,0.06747416221554978,1.0167209445627463,0.27231146471274004,3
0.04248728618196715,1.0271246192565446,0.07255288138844232,0.32177418596335455,0.6278827710155297,0.8495739913308706,0.575556804437681,0.08515542195092848,0.24522097479390492,0.852440008204101,0
0.31022995029783607,0.1632412957355052,0.4651165085876547,0.0033843039284081333,0.4815161464493576,0.8546753740592404,1.1724903943193972,0.34083098496549097,0.2995469253958515,0.008497572038310752,3
0.36499514114319537,0.8142872470063464,0.47207305063541255,0.840700553628456,-0.004943785540631676,0.290166274945818,0.6422500139607468,0.28077259334268345,0.14386273852268433,0.21334926544676305,1
0.1784432318616589,0.8109197344927552,-0.0035083765732230807,-0.10915944159194396,0.5227160649853243,0.8051422171633906,0.45449713184549845,-0.034022912063889715,0.03885979548199617,0.7268129126013507,0
0.056392655996537554,0.7741609170933208,0.8462405363090159,0.2186163911990771,0.9872128143679407,0.5311583531116412,0.6857368279486492,0.4615465179242809,0.7161565767124595,0.5073692589698278,2
0.9273193534458557,0.5193978983509983,0.34125458616008153,0.23351678885879767,0.05215052019741262,0.4198488601204397,0.2080179358168789,0.5599183147154866,0.46917591464491376,0.15665204495135518,0
0.5267912997370096,0.5693730765952986,0.5569056844214741,0.8503250115964821,0.662240227995587,0.8560512558827881,0.864806501545483,0.5552540310502113,0.08545370943913146,0.5704375285005571,2
0.9103622247686115,0.7340226099078586,0.5265512232738471,0.47234314172629893,0.2725467258371265,0.26626496980528447,0.23142302338774703,0.12849981622495593,0.3776304564658282,0.8660062851539393,1
0.4809559874270275,0.6974282929294952,0.4846942314989767,0.525513629882625,0.5380507672158221,0.801784623211188,0.08344281387081154,0.35022952504698346,0.4177645117930108,0.22289308283046214,0
-0.3505978674949102,0.6797233380701331,-0.09193098081589718,0.22544540653133197,0.7649821715696701,1.469683148303389,0.4064862438200717,0.26806486313852307,0.9232104614752342,0.525446222534879,3
0.7541326990546081,0.5607967945956378,0.8737216923965064,0.5014030820873656,0.8675334395090463,0.3399160000662085,0.9407357102896713,0.06427823771586294,0.2474478626927328,0.41529010196757343,1
0.45875886208674865,0.6070641884410478,0.25729506717484624,0.5357712222910878,0.4325394295963978,0.71176088785972,0.8831628844766177,0.9433411702270541,0.5103603923576479,0.13943087402872525,3
0.6318699741674647,0.4873151083511896,0.44953952431431254,0.6267269936836104,0.6275937242876667,0.8598721820571792,0.7360410579199493,0.42183073330200715,0.07798013610730324,0.48293687540620417,2
0.25217167083964814,0.9410735979533785,0.6781002139132073,0.4710134788820658,0.8008103997425821,0.6490263734250487,0.6095433452326411,0.5030211784393995,0.19249673459296096,0.34647304348196584,3
0.05677371781327112,0.7727743992224586,0.8467359537396477,0.2206455793111877,0.9881723219837587,0.5284741122404798,0.6870839649153188,0.45859181111888825,0.7147180685327326,0.5088276680024945,2
0.379782919335151,0.7063661122434203,0.5093354874670146,0.5380844743751009,0.6481118582082506,0.9026795780883883,0.034465902925410345,0.33154048965009325,0.33321301760615074,-0.05675153726863258,0
0.6077632180567647,0.9558461196186484,0.30557115192075557,0.5641799909126094,0.974877070002769,0.4957318108000553,0.9697560970861999,0.12180377094171767,0.8881559247886595,0.8146273669970321,1
0.10752274759031004,0.8346051464301447,0.7211583043611435,0.8350472683757082,0.11107836176066771,0.31148270430911595,0.9909701297946435,0.6623059590897806,0.7366751907066852,-0.015493511827677164,0
0.9239616844629863,0.3203746816450671,-0.3016261779583165,0.44225748519005276,1.0767273062092626,0.027862063126668238,0.3169042463421614,0.8360463351459843,0.8236575103403804,0.6281006102681599,1
0.7773746344532692,0.6219452948486379,0.6513608616453858,0.5449334716798896,0.10339584184404416,0.20403789179469822,0.2383378675700734,0.38176972711693025,0.3280882063687405,0.5416645102501852,3
0.41110594012531665,0.3910448777420914,0.7440222154745931,0.022067001879002596,0.3806989162934865,0.2291689078142838,0.886947970038806,0.07281851690587651,0.8720594967214461,0.3247399086108164,3
0.7184833045958727,0.6731505128958799,0.9802733614036017,0.0654847178682784,0.19099673501008027,-0.11013685075392399,0.413307509425458,1.078161749977939,0.7684644362854067,0.7348751822504653,1
0.33692990790766775,1.050583492462858,1.1118644543996268,1.4138064613646435,0.1455583149253757,-0.15648193251422804,0.8425286363799329,0.34657195001519914,0.639612244101002,0.42217177739096234,1
0.5063875334143317,0.18336451939574572,0.31408244017542736,0.1289777511253444,0.38444011837392233,0.8472177160549125,0.9072711295291038,0.30472818709600086,0.503930046652937,0.028262434183014308,3
0.14370251995866265,0.6066402443603344,0.06179728572398033,0.202949660510434,0.4493539991408928,1.16208800306703,0.43027604582531154,0.30062313503948107,0.4931135924232264,0.20306665154837156,3
0.3146117676031833,0.46928248378405635,0.4354828095664965,0.34840777739016604,0.5114149874456616,0.7735826909046915,0.8356259405384837,0.14556192183860067,0.36602180676737556,0.5014611554236728,2
0.4834132216494745,0.8155930638104399,0.7461182287489686,0.7781096224594782,0.9013552619469744,0.518495993118784,0.03343119840064834,0.821605958547476,0.8563780415598168,0.95827194009208,3
0.46894141383998006,0.8189320161528694,0.14824149372092674,0.8784675281005225,0.07258511156269314,0.7792040794612514,0.3074017692926063,0.3483696012411519,0.12982937623512525,0.48103817975639207,0
0.6086647586821016,0.4673173826595033,0.6385528684633364,0.7151797397366565,0.575843292480859,1.021969704686304,0.5500536159600663,0.32411922059068854,0.2625719812325988,0.43444632668298966,2
0.17029997910004635,0.4774816902714986,0.24255748900325358,0.049713425980651295,0.7713007277760479,1.0037283045520753,0.7553720667683694,0.11491421020274759,0.7995251644073661,0.381712660737675,3
0.635429060394652,0.39816493789110075,0.2739899240683697,0.3763193510910877,0.48749143696186265,0.6702689884045379,0.10161081725388899,0.39059219068114265,0.12864486677107312,0.7290531252774783,2
0.2057918260358469,0.374653126194946,0.1698449225064131,-0.004252100915618482,0.7086569000165611,0.9802210618161598,0.6827553831676452,0.16356794659216295,0.6612424019048575,0.38220440739638073,3
0.35319922640759766,0.5382382427576711,0.2854312869089875,0.6022471304865429,0.5106954403021631,0.9965950937383536,0.05513037435751131,0.37944805330534415,0.4602176566895804,0.09276061326061484,0
0.23006016424143513,0.8689991048939611,0.5911851933516983,0.12517161783487663,0.7866328963128945,0.4968397073908051,0.7042251898004789,0.6823410006048543,0.7630420932433628,0.836804564498971,1
0.018689205233345912,-0.26775747169052583,0.5808099341968276,0.23272056625801,0.9600415356004554,-0.3216652257487453,0.5371026325459736,0.1924025028020862,0.45091777189451876,0.6471432466253982,1
-0.005704875007392793,1.2500058896401953,1.034849177291413,0.9983796324416576,0.19558463375823346,0.7205888549696197,1.0409467634882885,0.4527008976471927,0.8422487038038775,0.17922147579055328,0
0.44252705161694394,0.7923325724974268,0.6289030642978803,0.9904085645058063,0.8696782847375361,0.29764924499751455,0.061570351156210956,1.001070244111003,0.8437876560047703,0.8083215157739906,3
0.6983123948488761,0.9412536819757491,0.504829120036066,0.7468774915373898,0.5303599235932287,1.2827799071993526,1.3515597847587608,-0.300622352896829,-0.038890834369549765,0.24569812741681046,3
0.509488155208754,0.035837517838103475,0.38499997383577694,0.3285021429885655,0.3536214769801853,0.49385546366128613,0.361159910673583,0.7712441810458133,0.286335486269023,0.530839599882111,2
0.45428974516364307,0.20341901849328345,0.2995290609147239,0.13723288953112348,0.34132322173388485,0.8676705680786662,0.9293130492489787,0.24628329595077594,0.4396741374047697,0.03453922069196121,3
0.5258112807114579,0.08385266256403925,0.7044817178894376,0.21120166433396978,0.08418716583769613,0.611731600195559,0.1453971235746524,0.2979440312378214,0.8755155870482034,0.0954744135479437,3
-0.15631786550080018,0.8804218069063472,0.32021673394751643,1.2768191529671797,0.848005952348246,-0.24676921769825544,0.9203183913238207,0.7261510817035357,0.3856665657870033,1.2796967132264885,1
0.01930532841352732,0.9740817378141243,0.6325980550168187,0.3761751295406395,0.9329604426297807,0.3382119543210017,0.574785202820307,0.525870749605506,0.7050117056713415,0.769336796322557,1
-0.13831210159451712,0.5323252376920663,0.829229218962728,0.734483049268164,0.8198874188232443,0.05902489898374753,0.6612919320298908,1.0030857904037214,0.7870324375837309,0.6971189139051694,1
0.4388252633074738,0.4729652682219539,0.4577595356297767,0.2152444873588717,0.04368258883002206,0.5520493850198928,0.07008950820880316,0.5533733357874061,1.0188313555723048,0.07742948142999023,3
0.2577060592879708,0.9063090842285775,0.6711068879478627,0.5111313450852181,0.8303633526083314,0.6071920258263892,0.5947604008740458,0.44995675476919583,0.11043450351047676,0.37070450229498775,3
0.42370352525174826,0.155644417243893,0.3047167625107968,0.19843474709225156,0.33130907663057046,0.9172137130119833,0.8904749869852341,0.2927704817379339,0.48403247019973594,0.014650225615608213,3
1.1514529229722301,0.7524512510750427,-0.1986499776592374,1.0340837090409623,-0.1528753694027441,0.054627406003742884,-0.07674750161387811,0.9559891829221787,0.9831445186932369,0.33095540369927223,3
-0.024449575101364585,0.8051537465314969,1.0942658786261295,0.5820743300719686,0.5707985053078637,0.6405398680664898,0.48025306553341124,0.6050519992857439,0.2852254310134493,0.5515291074935468,1
0.3597132072969784,0.9329969599904986,0.8684248634420554,0.6000166138205949,0.746069206204557,0.2555293038904,0.8551433034665908,0.9343102259944865,0.5746511659696071,0.11265348074725766,2
0.950117231124416,0.057012509078869955,0.020140467121568938,0.6705048373963673,0.9392320572524233,0.13954739256834287,0.5913981614811834,0.6660017549660624,0.6414954155624839,0.7255668955884111,1
0.5109684782260937,-0.24770969600387188,0.8599718767249054,0.2059482045966382,1.0939080796397354,1.0164176062130221,0.7889655449284475,1.1626313079228916,0.1007257277239541,0.8650172277543684,2
-0.20522019747224396,1.0152426269358812,1.1829474447486041,0.7074526207845373,0.9163034162045786,-0.2284995196216607,0.2358779068372499,1.7046714671584535,-0.23744712944963142,-0.20408358770074342,3
0.9131676383879433,0.7344055521281873,0.5283793650373119,0.47948159366819976,0.28286822574868686,0.2655055465258273,0.22728159600975353,0.13146728194560647,0.38097322683690293,0.8695323794257704,1
-0.011829101891293048,0.9753378120117608,0.7680461173768728,0.36646586496815714,0.94418633124236,0.39721577251383955,0.649250956118903,0.5739148376308894,0.6327181593975733,0.6738340303484598,1
1.0084718723293669,0.5778842659730213,0.6086141779849752,1.3869586249262718,1.266823606948047,0.6720434032863858,-0.3658011008462779,0.3410625148011053,0.6555504273649291,1.2075445250607488,3
0.3203566769506804,1.1191111057813774,1.4707830368225574,1.7138048294907196,0.23637138571822344,-0.1253369089301522,0.6770090936032973,0.24226934594753352,0.8617911564223645,0.39574044521447743,1
0.9196065238202571,0.6856011431117136,0.4608742696247652,0.43809242724904296,0.2135262067801791,0.22055797651454068,0.16857269008934003,0.08885089094902954,0.33465675572943615,0.8538213789529507,1
0.9264980661343963,0.4100975545206729,-0.0032109084168362896,1.132053389820669,-0.013047235556713242,0.07958300579043996,-0.10243062508598727,0.8266917268809815,0.5601805832125748,-0.1738947826836286,3
0.5410341501067865,-0.5474233833200446,1.0581618352535191,0.8817324918249664,0.3266085282330796,1.008759241846156,-0.19366857717273311,1.0434949917021976,0.7324835740147049,0.09090586148054713,2
0.38432523925244105,0.2853433458144904,0.18609989799640603,0.1604227817292592,0.3187400202648679,0.9320657436156299,0.8622872024499363,0.2714815312743246,0.27856790886100424,0.1657716453683564,3
0.09873290216059058,0.5981751081079704,1.0137863664099325,0.5009006579267541,0.5971870413796642,0.7720225072556468,0.2707065698834427,0.6681886656202419,0.5830137519315686,0.42942695778565904,1
0.2831000625338413,0.42689743811144887,0.4741517296638849,0.23450638964575202,0.5726674224284244,0.7366899673455505,0.7860942333135277,0.22432917818249337,0.37637868885960624,0.5242253959509271,2
-0.0741546501026763,0.2095562410463388,1.25418705911409,0.3536502469206607,0.7024710767194392,0.9648109046572608,-0.025070774263569573,0.569623678709599,0.6546391147109598,0.6985406619337309,1
0.85212658409405,0.719842534043641,0.6183257920357638,0.32283482906903205,0.35618883750860053,0.09419536133136644,0.24644079996974766,0.2955832445152098,0.2155288729685464,1.0255215448280657,1
0.24235761099022304,0.4321008990801974,0.5789456033687507,0.24484660325359878,0.7107584197598006,0.9323617071841948,0.8664379123897668,0.09909954630593316,0.42248191922503603,0.6682700229129066,3
-0.15031865577044057,0.10828088721242268,0.7922593751354965,0.7490191294997994,0.18933534195090707,-0.3993189484006666,0.36496652822085895,-0.041474786915794315,1.020854174441873,1.2570334757976211,3
0.9158444236922959,0.5805531102701162,0.644197954748761,0.5224667072924326,0.6935282120951481,0.004313454781704751,0.7389403914547467,0.32206933265061316,-0.024733597243878414,-0.08035883433455182,2
1.2502556302827545,0.2831400515500242,-0.16436879783006242,0.4775139472769695,0.5118434798760241,0.5719393509854117,0.8787793669904824,0.2380549164322549,0.4131141136284098,1.0522558513016544,1
1.0474133041199765,0.8903146764087772,0.5045491942756936,0.31961076531269167,0.8505137798195324,1.0725427386534128,0.37831926516431447,0.7624845072779121,0.352909027651132,0.4254516439755228,2
0.0013501448812815037,0.502507651168813,0.5765953217554053,1.016226720943441,0.8425654590527472,0.14300763440950046,0.8708030449774328,0.9329506112583112,0.554190428034222,0.8675283276018663,1
0.7030886162905337,0.18068211441397436,0.42994256247866647,0.4328443751843997,0.08943277768032412,0.28577315676666865,0.173782859677545,0.5570646813952463,0.524795403920869,0.7865316539452212,3
0.45236830156626073,0.5334510494683004,0.201375194896186,0.5403912786918204,0.5474415613833101,0.6569872866146464,0.9081768894325469,0.8217635749732655,0.4715159012851926,0.18511123616308897,3
0.7369938527153911,0.6097377001052079,-0.3038252187442288,0.6789223808078051,0.3193709537455816,0.4175760160933479,-0.06839783854951742,0.4383400270981025,0.14469973963188937,0.11344557662550549,2
1.0059507378633725,0.6696736596298736,-0.22975743628434497,0.9471146046593146,0.5246138068179281,0.5392597881533365,0.6996011739916356,1.171168756193754,0.11399412462521494,-0.5658126298341215,2
0.619991499487011,0.7302541088278773,0.15231203724064296,0.6467635340642877,0.5367127601490328,0.685935918486704,0.8756863527063444,0.8253008063781531,0.49721514876734085,0.04492676702193185,3
-0.1885725553562882,0.5416702424025415,-0.057799663231467124,1.7181381959504733,1.0986111426521443,-0.27242003843724694,0.49748835926466245,0.23270255764302739,-0.3098936135852236,0.2655314769747238,3
0.8142192752988866,0.6564399028016381,0.38995999002297155,0.558595740399203,-0.009030661059126088,1.052317068757593,0.1934345239174185,0.1283046281237174,0.07167886331621681,0.42189989047039933,0
0.9234281805672405,0.6567007500717368,0.14356393263807204,0.8422827712440246,0.5246061239979181,0.6244696947635607,0.4783044547457499,0.9069189968902004,0.03023146383000271,0.01749114653264904,2
0.5924034291035205,0.4239971751005806,0.6228083299157534,0.7519317335258434,0.7013416962002413,0.9819530534448294,0.7207879134865659,0.4202342965973861,0.1544945365741625,0.42328348923600645,2
-0.21942146048611844,0.1309069038124303,1.6342023968935189,0.362938837521395,0.8548192594403791,0.14122460932844824,1.2509002951107604,0.7908702626411204,1.2874892371416466,0.20611936818438692,3
0.05308839998342865,-0.6747078441412129,-0.4109845382258891,0.8979584967718303,0.22656587801019606,-0.061300020594634894,2.111353647742334,-0.02397757075411261,0.7302449047543085,-0.7663919096853464,3
0.634073870044869,0.2949201428376278,0.7015929403116599,0.030637404528412533,0.9560755792372453,0.7788733601154885,0.6345418158081922,0.7919017115687303,0.017183051591368965,0.5643133308652224,3
0.2627215528207124,0.9643482022371088,0.6754279843270063,0.47427573398402784,0.7849989094226234,0.6370616428128757,0.6153984490259713,0.5185435362500599,0.1764704294404748,0.34948706809009333,3
1.0869260076730298,0.20355419970291022,1.4844573100939797,0.9382941484458993,0.4652811972135308,0.11439124160192493,0.576589804310502,-0.3371335824956979,0.42763131128628307,0.7669258917376486,1
0.8073071573722328,0.6199656322883553,0.36969555073892546,0.9280609222708646,0.4897298437878039,0.48117410766371166,0.7128534064081588,0.7687959574029137,0.07638724234909204,0.10538607287730163,2
0.07776678368040785,-0.31287361522187845,0.12283276719868402,-0.0777022306927917,0.2634202865928279,0.5384804033921647,0.32298665964448037,0.7640757605961845,0.6307195685900859,0.29625235081959334,2
0.6500437820774256,-0.4244239017285192,1.1751657201220642,-0.18624292500433254,-0.7080152642214012,-0.23099589292512518,0.771910429468787,0.5631555769165841,0.6764345740927681,-0.018741694470628734,3
0.4468801041910084,0.19869418499882377,0.29816703325193894,0.18179214405216898,0.3720461049108052,0.8678288731706625,0.9696224372928723,0.2651673998984226,0.4339257609509547,0.05074315866939741,3
0.18619212541821661,0.05827824378723827,0.38936060894039104,0.4011767020765491,0.1634365489320843,0.5191154594004805,0.6098318703962431,1.0284577598766789,0.3844435332559856,0.454979989919221,2
0.05581767761603762,0.7737641911970311,0.8462218886795378,0.21868699413380255,0.987001549935912,0.5314415390645088,0.6852491304201821,0.46170914271428753,0.7161164908637814,0.5071622789708791,2
0.9862144669311267,0.6343474345766241,0.18428166647314922,0.937194621749737,0.6153143837016435,0.6769243274730511,0.4938297025781247,0.9593730260429552,0.012478379985626651,0.047202771622725376,2
0.8853490583013168,0.4373602319287488,-0.045252545564843955,0.9305656630108481,0.0550927197978962,0.12984146644881256,0.09931062003592951,0.944864864265701,0.8502591821161303,0.0019545612575999002,3
0.4787805088652416,0.8088811285150835,0.38736088736494206,0.8529223791818834,0.29804754548585066,0.7764735146795521,0.06570885558002788,0.08443099104292809,0.22241730679732807,0.48692819449757013,0
-0.1264345371280074,1.245469459257328,1.436517600665487,-0.06521203294211197,0.8892631690225224,-0.5241435212285749,-0.24135909486340512,0.3013470945189579,-0.07995561490477443,0.06793143151082848,1
0.23097815292554125,0.9049364393619053,0.5975064307614872,0.5242047908741087,0.7898442037194158,0.6505916715449388,0.6266864693471921,0.4635576444683125,0.17689404259824398,0.4014360955550323,3
0.9023544828115021,0.7281042131007037,0.49596432420436776,0.5023682797604108,0.2597334321528102,0.2617384775704306,0.2438896096653747,0.12730790278593768,0.37936534446732884,0.8519329623861337,1
0.4123387715158958,0.873959630186826,0.48608879748923667,0.8578740634629224,-0.0426598817581068,0.24190282543892253,0.5688558519379238,0.2911487527547861,0.12055146329234875,0.24740876933578504,1
0.37554103071153744,0.08932635667095808,0.5901006435305198,0.1309345491151609,0.16740137847054723,0.6971401029852431,0.2823622394470146,0.28025684536196643,0.8862355894293461,0.23271000111926166,3
0.42031748200626934,0.6733643497568901,0.17850450643008758,0.6973246249041083,0.46026851463212237,0.7694507128853704,0.8742890497499345,0.6896071621702671,0.6503569332465222,0.036739840734455576,3
0.17605556028226746,0.32094674850612454,-0.007427339351890369,0.09305125466794692,0.44242282690750173,0.03945079052571013,0.1626356138628849,0.39726548448731935,0.9474526698434507,0.22801216162334426,2
0.9925991477123277,0.6311039049987168,0.18929919047852944,0.9406243088723154,0.6077772216575623,0.6725149303484887,0.4996748409199313,0.9611820348506078,0.007814566537476407,0.042393360148285486,2
0.8099170583867356,0.4655747058586418,0.8676162246481477,0.8403481718799606,-0.2926094997252394,0.2869767183307641,0.4295560723853037,0.3980650378723353,0.7436961827046629,0.4758853802195786,3
0.6173637339851695,0.5584491277481591,0.9592851555238776,0.6903360940964054,0.6522498036058797,0.16224764124597674,0.9247516304284753,0.5779375619942089,0.5913109624734623,0.3303481589903619,3
0.6668473713854377,0.5876342470697582,0.24136825189831113,0.8764389289113848,0.36430340433527153,0.8300079914454194,0.13186617714534066,0.4775173236179393,-0.10991102105851772,0.28845932420004217,0
0.062151392884433464,0.775164686394895,0.8416007119316983,0.22173208534181094,0.9800525631483868,0.5380962255691537,0.6821518006298489,0.45927446031854385,0.709175329201393,0.5094209031958689,2
0.3452011974549763,0.9408140248604326,0.8871059234702579,0.6345898369855992,0.7869144364359157,0.23492905146749013,0.8619619326981051,0.9101001048010599,0.5422187589692171,0.08357638656567827,2
0.9903238676297506,0.498021668270693,0.10260681352846267,0.9012551524232743,0.17041125913354227,0.10304572796504904,0.14882858077916436,0.8101644120917578,0.7075521903471116,-0.05626365412773275,3
0.3374297237656062,0.4548352476816511,0.1498721180841276,0.47966225438886073,0.27331938619175744,0.06375892145441692,-0.024115233459739538,0.7398235748383664,0.04495892212999662,0.6316619483291405,2
0.3349370911993473,0.12600382842953034,0.736214382908388,0.39751153078234425,0.4746699793408071,1.2399244964817142,0.3231886738972285,0.6724572790280643,0.5204390045255254,0.46340742450743133,2
0.32782318168127655,0.5210193590231468,0.3432963656978917,0.527639862349106,0.45544116230006665,0.9612671907451051,0.028902125107037,0.4227060480731492,0.37789532977119533,0.09429287530727452,0
0.315977934804223,0.9103927369834032,-0.19790833636506272,1.146991983462511,0.11354818666061285,1.208405056614843,0.20146183876824816,0.3401013180598579,0.2518103205063928,0.4790802851075747,0
0.7744577118662939,-0.16874940931841043,-0.2303299562474571,-0.13744186135055642,0.9978154195697291,0.8733731849840015,0.9096030266036782,0.3497344956791153,0.9838363698877777,0.9345896708209053,3
0.0549820605436843,0.5948791375649654,0.913606116013282,0.5664770215395243,0.6337701669898061,0.6018155351881037,0.4275323325452749,0.5343019849087166,0.27483968834905775,0.4876377929624415,1
0.053193929807679494,0.7911229754275636,1.0375455210637887,0.4911382777871366,0.6041186924170443,0.48960708936467434,0.3099446249190524,0.4968567172818435,0.5008250995972774,0.2806994576160867,1
1.2195879861531034,0.08283168749213687,0.5260353088387131,0.6351845483528359,-0.08339191746075583,0.26089106470093026,0.03815790676871314,0.7502923539613164,0.5360066311630125,0.5117604873847792,3
0.3842200475473203,0.2930187289547529,0.3961827879493428,0.027145950321109058,0.5026439779071338,0.8755535991768675,0.7178003323126904,-0.03555847861563957,0.5187545054088268,0.6068740779282465,3
0.060688288480543626,0.7714235627163127,0.8399750648254433,0.2216659868144875,0.9847417025862504,0.5286996094074126,0.6766364746819964,0.4625665674281696,0.7191913000968819,0.5143116685863772,2
0.9131603396067375,0.7233847205819077,0.41319288529064113,0.4716447138382218,0.2167867959807787,0.3456276451972014,0.030739198034335613,0.21741559895444826,0.43796311432353774,0.7915250253855558,1
0.6084588294922966,0.17028269063990076,0.7321559006095466,0.6810983760608009,0.6786917837013012,0.692688797890526,0.8433523486637078,0.6527044633547909,0.2560009722655061,0.547334024798014,2
0.0002510607079297608,0.9581584127359863,0.5782147769869558,0.31538196631194004,0.9035443400885131,0.31826650064233586,0.5666470746947646,0.5860140231836389,0.6035838344884035,0.6686873495288492,1
-0.009363149667711707,0.8670181064715058,0.5975088985545987,0.44994106602101114,0.8970049475884044,0.43295399756537273,0.5122360648338704,0.42306299466448605,0.5165748865184346,0.7030937185330307,1
0.5165758358487074,0.32936578468806266,-0.06262346447666142,0.6466969593358153,0.34628381365199074,-0.10571305857178609,0.052544043768373,0.6758037168265119,-0.0919369214854201,0.7888666072545484,2
1.0297391361018677,1.189904916228301,0.055460534624236085,0.022324162223643862,0.6613899403519756,0.10697885031277454,0.02014534957802426,1.0785255548818502,0.4680820411884605,0.4531620817577977,0
0.6978438086408023,0.2563197355640417,1.0489188400984437,0.014482454931856625,-0.24824315417883114,-0.16509004688115336,0.26891959170045,0.731852076360556,0.949754267956445,0.14454892470071407,3
0.5644971558346171,-0.02594265936365009,0.7138195595473916,0.16152339730181492,0.4566930438028323,0.30761076502493767,0.484066032649899,0.9478740415838888,0.5333422216636816,0.5003434180037842,2
0.2649623291744389,0.9063407181332618,0.6275520824936386,0.4780804042392449,0.7530720628622577,0.693238361467811,0.6134651324187652,0.46666706832942484,0.20863296689030655,0.3694253568507733,3
0.6592512923248247,0.433496250606799,0.5977608370574097,0.7823976031552464,0.5930045728360548,0.968721609509862,0.6357042884500708,0.295680842017033,0.2019148812081421,0.5037895264901162,2
0.7950295830076436,-0.057391238733428995,0.7852874202487943,0.4093374825904925,0.9967427471788162,1.0657923776231206,0.5898163066984221,1.2204835417235174,-0.100052222891585,0.29087185815840316,3
0.0019709734449157856,0.039284891662841576,0.717626849673312,0.26581367716244564,0.14144278756615636,0.4857236728774618,0.7132049084588302,0.5635661879889107,0.11064859613234046,0.2787520714402416,3
0.0630153824296483,0.9934473819374434,0.0355970732824598,0.262005253502976,0.7163409594893504,0.847615636853398,0.6282620457488101,0.18525950842873462,0.2438347158667107,0.838767735883703,0
0.4340016363313827,0.25529199217037196,0.23432305396830258,0.14874239215158527,0.33750648144767526,0.79954677298233,0.9341732347365029,0.1471440804317925,0.3602767319393449,-0.032220421251878226,3
0.22695762037735445,-0.040672825298866955,0.26211999904176786,1.8915261848640157,1.1857505131933825,1.04314849143134,0.5745729889816381,1.3354226183416964,0.012204622708575289,-0.8859465588562382,2
0.4485993492708448,0.014028889298225766,0.6441686716167069,0.3749953214455334,-0.006076972692760113,0.5269068397896703,0.34636499309338475,0.8239598846885364,0.6173499023014758,0.5252918951736673,3
-0.22695446748833992,-0.19625016945084373,0.6764095440171971,0.5540058854902081,1.2944927417101255,-0.07649782996053794,0.6129294276878441,0.2774224740125235,0.5132769600399524,1.3277009343071127,1
0.7938493832456067,0.6665634004383347,0.6236778491289167,0.47151395110519345,1.358624267949982,1.0420170889370772,-0.47931937599349517,0.3715591616414454,1.1851177171502922,0.5954128120972506,3
0.35371717468346936,0.4967108819109669,-0.0383429523506264,0.4627558212491554,0.19372662183200287,0.17428576548451322,0.09050557798826399,0.7595527070883022,0.19424593717145183,0.5289842599482397,2
0.2466746843716025,0.9820483773630617,0.6759883614429872,0.4791193138138026,0.812821557019655,0.6220342956797607,0.6109632441460756,0.47926318430802156,0.19633928187707986,0.30675306691226195,3
0.49950595065255454,0.31838399884896984,0.20472661101055517,0.263217054197637,0.3904770984017093,0.844522427895507,1.011776354919273,0.1372756920514024,0.44518314065639614,-0.02870223072778262,3
0.9467947133944457,0.7206282950768432,0.5175172761469354,0.4542142938262172,0.3250168631222587,0.21651180687482888,0.1490979485859919,0.14231631920310092,0.3426002426240598,0.7832783254307644,1
0.9048108951253021,0.39856186508611313,0.13569579714668734,1.1527409184858357,0.08119633205631646,0.2818255861620706,-0.054190128958782224,1.0301910464669066,0.6115280266269875,0.14985694405732358,3
0.22058427616603113,0.443851865775098,0.6004980180180113,0.27939774947953794,0.6568082750119453,0.8703153385343678,0.9277206386477375,0.06306775541589478,0.4214396496593415,0.6563132280725196,3
0.23094200357672326,0.9613111944585396,0.5011936896067904,0.1242090099758737,1.096665421929456,0.3810217991942967,0.5023217670778862,0.5255992488000742,0.5509803024838629,0.9212528018691873,1
0.2862431979909113,0.9976298710005886,0.6540803953922392,0.4147221274648447,0.7801711268046292,0.6259825237764213,0.6046246106854206,0.5046336041226545,0.17933008635803158,0.41016977842497093,3
0.05898489461553579,0.779415410499093,0.8421096039418405,0.2165560389372866,0.9882998331954852,0.5309896925081985,0.6905604560090688,0.45819503649751364,0.7110251925325143,0.5102661554410207,2
0.183574464533119,0.4136383052941523,-0.006363411589802023,-0.04993024337022192,0.3711711532217662,-0.058861260690806966,0.141302422634568,0.5172625043062226,1.0908370201949746,0.21274067215241196,2
0.4291688559107424,0.2486950885694269,0.37186483813789534,0.38216858070898674,0.5356785938629687,0.45146073295697803,0.22638495432460942,0.7583778105708872,0.16087206030583256,0.4832238400315244,2
0.16078917119987216,0.9561701217451609,0.9809132960385708,0.8448717918453231,0.1810925910176183,0.3469539173038387,0.8391137746599832,0.5961063728171727,0.6157103811562376,-0.003487211134902371,0
0.06803068877608853,0.46792040898661236,0.5246714758717776,0.027589369418105747,0.016209262858618012,0.6786983655975141,0.898034367346321,0.0955871186535738,0.14337219133134504,0.6668764057154181,3
0.0565156384037809,0.777509972517837,0.8472608147896257,0.2202880803093928,0.9907642860476171,0.5294360139945513,0.6824683894905411,0.45808790179842496,0.7130657086891883,0.5099601668829287,2
0.7282406354032978,0.47524787693158826,0.605675784795263,0.715321927595489,0.5708070973367866,0.960917156540187,0.6449287050845562,0.2915719320412898,0.18804096598933887,0.46317412578760575,2
0.5304796647424616,0.21851320675664385,0.18357312695653621,0.010796713825613508,0.361315984781767,0.7475396467956428,1.0448001297844787,0.3906408613380483,0.49756724537250774,0.026551301061819847,3
0.5331726235677191,0.2082545622574614,0.3888957583676995,0.11140071391265352,0.3589091916137384,0.9268123172461732,0.9411056160213018,0.18772864096942554,0.3496347093006008,0.07881848845660433,3
-0.07295925298286376,0.3144978961980904,0.5125767680850404,0.7541008885576126,1.1619770281192725,0.12338073831399225,0.9103522243716264,1.1462775259514182,0.6208397733421674,0.7086819621370816,1
0.057894467932266644,0.769260163722522,0.8502338585966941,0.22626225884656706,0.9802846653124244,0.5311220482564202,0.6786325244145224,0.4606514119864283,0.7097055594860009,0.5093436256294037,2
0.33384920942823904,0.45608603875379206,0.4846877387737923,0.25825316077823485,0.6019803476974869,0.7199641433792315,0.8090995009843591,0.26075230910801683,0.3810996691418271,0.49714691335490807,2
0.537027819997629,0.8246569516356144,0.7726009063987227,0.896926550831985,0.8367473396582987,0.4321408061682925,0.18814893570143748,0.9284980916953398,0.9601222793253914,0.8128271962243792,3
0.18580486609253205,0.3008889957705617,0.7815964929601626,-0.021664800330411127,0.045346655565485255,0.7691292419008569,0.4127850504264375,0.33967428674754785,0.7986245552962347,0.3978645294011457,3
0.9868381340662575,0.5861757209702146,-0.09515131482382681,0.9229208547794975,0.07594370162345832,0.02811264228111124,-0.0605039482513849,0.9509337738819839,0.8926137266729582,0.15154133527210406,3
0.4483259764408463,0.47412939817975003,0.18713720865703215,0.5770250436872262,0.27634306106064876,0.25097621597044817,-0.009685933699354277,0.7863730286584651,0.06505798381516896,0.4589782496350391,2
0.8742018062625688,0.7679423028200131,0.49498423757327525,0.45365043139596534,0.29958595973838037,0.29193830153505146,0.21262565827639388,0.0973444827224805,0.36299654654729563,0.8488322058000423,1
0.6060213449123856,0.9292866291853845,0.27463553013299535,0.5194027445936032,0.9652938394633693,0.5074588224991272,0.9657150592091837,0.13723947349690022,0.8637947430873701,0.8079608366896519,1
0.2542708749166923,0.22420413193234393,0.30498485404434594,0.20047868932067292,0.32899414577350616,0.8326458123212209,1.1060286068732086,0.20252850160182276,0.5090857433931273,0.2271677804754302,3
0.07371114040103144,-0.24717207488958698,0.9546260138201368,-0.08584806367656944,-0.12241608237269774,-0.4784653218111413,0.9384040517215894,1.08095184156108,-0.461162506497383,0.20991913580464427,2
0.5598297386718281,0.5034161769784906,-0.2485986682407667,0.30750648586947443,-0.10896776926547114,1.3220233972966342,-0.2979755293902697,0.45753644620544487,0.1248436843313889,0.4444505599367983,0
0.19929573895526564,0.9510532898458117,0.7160787495643857,0.792996180074763,0.3237987624981708,0.21378638169316183,1.006301273155977,0.25544516002323997,0.2597703292230733,0.8691619343398951,1
0.16138969377436446,0.0761259757021626,0.8916333033921986,0.02433412871848195,-0.07342263562734869,0.7836456398145144,-0.06159411903117523,1.2010264429619006,0.5145528051060599,0.9788251036662146,2
0.47268548410621763,0.3907423368051574,0.7809292397375507,0.3799269955115186,0.5905376610293613,0.10069941281681942,0.8721135862371009,0.6131338097978558,0.6872633407687234,0.18435047845406854,3
0.49539559469884803,0.7950265347000993,0.33437709784827585,0.7720902688880791,0.15980602846758166,0.3546949731400554,0.6728904383526934,0.17626749285373916,0.290913426148869,0.35849654212541054,1
0.5218181643694674,0.1282129122917908,0.4118075638794825,0.24911029284770414,0.4208171561284781,0.4648369331763727,0.3738401086253424,0.7152568556027803,0.22355977428217827,0.5593237858563885,2
0.35196343257639695,1.3195950429984946,0.8686357285173752,0.5421522214286965,0.19216211577853196,0.3774478809726013,1.1522643436242348,0.43742159786586104,0.6015085224960175,-0.06883566081665271,0
-0.27131673137793977,0.3433538842438597,1.0269128419030094,-0.7493774796969734,0.35787484594632446,-0.5718869409428372,1.8483077166295154,-0.9142763617576269,0.7393356491984843,0.026632158908279746,3
0.6797919054354359,0.2656964826856346,1.416948118825717,0.7366796004140201,0.3091982601700557,0.19425225733998788,0.4769505187131483,0.3873064936626215,0.5309133790154029,0.1988562134714439,3
0.4314028245684398,0.394034529511231,0.3514486020801668,0.30439525382636845,0.7362536985963938,0.6818308270224618,0.34327290844445085,1.140463387171207,0.060021122055766624,0.8410107966102267,2
0.2708144233647406,0.9754448735177953,0.706198376975711,0.4455111422083309,0.7745506512704371,0.6188348164855323,0.5763616871520169,0.4887906374949515,0.13852032851475346,0.3109306660316827,3
0.956099195098783,0.09911825314977843,0.015299326470155026,0.6890522966324217,0.9501754292320417,0.17773709292401135,0.6523692208782529,0.6775932642484304,0.69213864523661,0.7272250683460526,1
0.45734993045911726,0.6934810326220235,0.7442163292172422,-0.04483099738349819,0.30396686186552496,0.24170577441221877,0.11119600727812168,0.6008661731064648,1.0073114598181423,1.054008134273055,1
-0.08767093774864448,0.7565374470117208,0.36079248841460243,0.05411563498143032,-0.5348193207440831,-0.2394735080647044,1.599096824996613,0.6288806634216167,0.9599915444691415,0.5683741341747119,3
0.40131220139207036,0.5905413739283196,0.3629263740779494,0.16261554797142327,-0.0026492974331579003,0.6466045285252139,0.04687428755561347,0.6320958743296434,0.9408625678805923,0.14662150331494633,3
0.3946669825428698,0.18406672373526906,0.31699358399162403,0.09395645589785545,0.42334021851058146,0.9131123530287133,0.9763569951224825,0.2727164965400047,0.40518088052401713,0.08104018085272077,3
0.056108596213110894,0.7740760253572889,0.8466845476308784,0.21883346504587192,0.9868547298133195,0.5310494640140465,0.6857034950370244,0.4614058333849161,0.7161554605626342,0.507399843712466,2
0.5462601212626563,0.2805179309205891,0.3081360711676676,0.19778443752611602,0.23952233837790937,0.34587448473252147,0.3355165468453965,0.9647872246705469,0.45924880562389037,0.7117724509482799,2
0.5445847919105498,0.9781491151640885,0.38406552236047337,0.6783970245630777,-0.10650123802636641,0.2854985182883193,0.5832514049039457,0.3654335266627181,0.14389394665298727,0.18060793248853219,1
0.3933402375903254,0.8684427508517639,0.49142183873390055,0.8135661062508065,0.01106073035725238,0.26274884541537824,0.607739596456867,0.2759477583687975,0.1569648999987072,0.211056375203421,1
0.3330816227450544,0.7211756327803024,0.0908617102535302,0.6725618992396086,0.18798494390761156,0.23976230183851052,-0.14247799867537836,0.5914659166062323,0.1221021898881767,0.31099468027692856,2
0.5985234455787448,0.9734616346966005,0.270298500019367,0.5510852839985269,0.9267523098722917,0.4390677715378791,0.9271372164906506,0.06103576814956291,0.8951194760062628,0.8701179274902758,1
0.1209957087952568,0.3938837694264516,0.03882796432761135,0.09256638246571403,0.46710391270477764,0.10037851392064844,0.17453118058936745,0.3603971918529033,0.9307504694090941,0.2844408800327308,2
0.25571547157071617,0.916915272955596,0.6643910900811079,0.4934456594576011,0.7604114263074716,0.6404003290358944,0.5614069593728851,0.5098171633672652,0.20392973181788582,0.29234583538518377,3
0.5592163225374098,0.9267596717010443,0.27936015268204883,0.5103401340695992,1.0258030680980381,0.5528231471626103,1.0027642162722388,0.12949724448282438,0.9407183524489028,0.7689890339355409,1
0.3236784939273201,0.3221340540520353,0.3062473338217101,-0.04326885509237708,0.8336239213813968,1.028383702483894,0.581926480699872,-0.09935328522996117,0.5816070681365407,0.2145679123120584,3
0.21172219819516575,0.3512288424360248,0.35805314190033255,0.9385079116899522,1.17284043843913,0.7871830952159136,0.7348436607090848,0.25025672152657497,2.003416248316725,-0.7715863509329965,3
0.17511604568510528,1.0735461990272812,0.8776568027988694,0.8643065332032972,0.4170697065171396,0.45347746455509663,0.7963437620643842,0.1413319304982725,0.34146693044688353,0.8414599913454038,1
1.1831633548447706,0.2224849598273895,-0.17727946446828147,0.724857240009858,1.142019024481802,-0.02385174664183798,0.3840826371726791,0.6740365063220838,0.7026416457034542,0.9449845732171048,1
0.9320125249917729,0.4607521223785805,0.0008887038441202644,0.9560198271440754,0.03382420499042171,0.13008383709413104,-0.03145561103610061,0.8455602350039466,0.7691308382779095,-0.0034171842581707523,3
-0.21746272103186387,0.8469143587850373,0.9403443446551374,0.27685928532541587,0.9704980851267034,0.5051306521479515,0.5203611073555894,0.5696561177888696,0.38227974607595067,0.6225007199903729,1
0.8671297776204312,0.6476513558351396,0.1151154127600108,0.2074341215306503,0.09214693184125916,0.4735520380962975,0.4352511449001299,0.5964244990922255,0.3189846945648316,0.3290510658859427,0
0.27836800997837235,0.40002089852685885,0.38458814305305616,0.11025167319534011,0.9050788471617126,1.025193537134827,0.8413977866042964,0.19810905534259715,0.7659956081265459,0.2012028582009148,3
0.08544486834647981,0.673573818514024,0.9578337946883149,0.6348159505848375,0.6990950683308819,0.673514986888494,0.3718974201403422,0.4333307064890889,0.29848064739656494,0.5170635256301576,1
-0.027228432227440702,-0.11498302584369091,0.6154539719719933,0.7426817641280942,0.9885233912460062,0.37889360551095697,0.5450973270340278,-0.06811537813662162,0.12329115008020389,0.43754853364401436,3
0.32155213607113153,0.5995917306607926,0.2638604987608024,0.6070349120853995,0.47816369754979243,0.6514097890165673,0.9431885441618515,0.7769267906666918,0.33211778938342823,0.3424725199772002,3
0.5879020662693912,0.9600658591853601,0.2953452211389389,0.5548126482690169,0.9864818739796145,0.5082852072093079,0.9564499032080761,0.13043459644865904,0.8950021202583499,0.8318612647268196,1
0.6061726879916689,0.999253186042807,0.25807754671432365,0.5757076256794886,0.968630899798029,0.4628515682215425,0.9499777157629908,0.15026030068238602,0.9192424173306762,0.7857108222403317,1
0.9341651908756338,0.7090392414869912,0.11234789312063594,0.8775343687039363,0.6930088481728478,0.6905690055391531,0.4508654432014383,0.9146283311283916,0.01968923990754963,0.09048685398214998,2
0.0677269790149447,0.6032506712217637,1.0190308429477049,0.6226530662112061,0.6889765840530307,0.6522053800040262,0.5069159843886754,0.5258100793130912,0.4034026953556584,0.4364047066401588,1
0.41506430966356844,0.8250925245717544,0.4874979300227882,0.7865294738858138,-0.005672869641475318,0.267434016977802,0.6094622500343974,0.2843504316325111,0.15256837709125753,0.24031349290662407,1
0.9581431886035292,0.0979161490446481,-0.03767812655561852,0.6898918605269546,0.957367933621785,0.12917036166702398,0.5983225003957615,0.7481444220397919,0.7650912635890794,0.7261005297595764,1
0.9228736145227607,0.46563371273933846,0.043023278842256533,1.2218955375707399,0.22537156503919822,0.2658325839705288,0.0018197959255837164,0.7723818831061096,0.7423622098660299,0.00033135013520396023,3
0.9796789028088766,0.035114839600288245,0.11704798132712053,0.8307154248503439,1.0515666671426598,0.15855033507065833,0.6862902287737987,0.6471578700074702,0.6933133291183775,0.5899453280622142,1
1.249876324144302,0.7354810607776607,0.4143031113365404,-0.1334730651601972,0.6745715804700312,0.7321351282799464,0.732044990199723,0.8141705569735178,0.3414361326230609,0.4085790123140713,3
0.6241207266349476,0.9875510767907227,0.3269732914152981,0.5654856136804219,0.9868971645463174,0.4876452837843481,0.9879461706142011,0.14205054256315985,0.8570445634898063,0.8195158112000811,1
-0.0525600287903053,0.6086657356762263,1.2171555356714958,0.12299186259582925,0.48916368358442436,-0.23156518168619067,1.1207700820216542,0.2882052519222763,0.9690775705055739,0.12141712858528277,3
0.5564926799088117,0.2695659268943398,0.5790826851835394,0.42458848888286926,0.014379606974487508,0.14420267388951252,0.26907931276686214,0.693636729594934,0.550756799622088,0.7336090267830525,3
1.401701913238559,0.7657877470522605,0.3928717102783186,-0.5356532437611482,0.20606995988699128,-0.5844182462534073,0.3396398193651549,0.08370147412880258,1.6488067536072357,0.6205967638809027,1
0.3120265339977249,0.4394866047833031,-0.13247101054439075,0.8001008244817298,0.39494553891822426,0.6460628923234696,-0.07479494431408926,0.033349022801494266,0.3261279811093917,0.3077503442033778,0
0.594985623913079,0.7696326776213813,0.6375144650168523,0.6986385338463925,1.2473107168709414,0.22906273022282564,0.23179599149200159,0.626819264571312,0.9311912087425577,0.3131656381945729,3
0.2768547831197709,0.8828384345993856,0.5432860961949201,0.7333261134042851,-0.08639394364006212,0.358604417643399,0.5886675837158509,0.20381912266906232,0.15673266139844327,0.15952185670552615,1
0.6669862927117782,0.43774422746537744,0.5995757772863227,0.7171772339228517,0.5197592026231015,0.9307653865581995,0.6233676905446358,0.3479839167913818,0.1692912658500896,0.5099901504879728,2
0.4170836513104267,0.6643072246089664,1.0910790803800716,-0.17053660276913563,0.5621297101041418,-0.29643716442311285,0.5467457785051094,0.33968187277183026,0.9422419636868038,-0.1438640631868615,3
0.2588934592120148,0.9560125495761264,0.6634807984734571,0.46732159312813826,0.7854316492130425,0.6359355162866615,0.6228581870984272,0.49847437621175844,0.18675497376388434,0.3334379117176845,3
0.6015167615437309,0.6632389687584788,0.14068605005507517,0.7517171846974463,0.17034527168733732,0.8658245427049268,0.08070189705000569,0.3305225493819251,0.07884105533432335,0.3147324926277804,0
0.2638206300743661,0.9605160206641559,0.6704770577324017,0.47469478505460405,0.7747399488966205,0.6356594375916083,0.6046826371018748,0.5183417265998028,0.1674724295780428,0.3401500754101539,3
0.26038207595057616,0.9169827274862224,0.6884709658299324,0.4709779218159118,0.8075974031586889,0.6230480731657893,0.5882169614240796,0.5555289311252378,0.18716913869004598,0.38072185716300894,3
0.6023714142933911,-0.30104707132942327,1.0907307194960614,-0.1837258995605915,-0.2287418729535985,0.015529327149289451,0.5162563974755514,1.3935552880629527,0.6611295419904104,0.593295823330547,3
0.19578008173361522,0.3723886665408004,0.8531837145287017,0.9084593356099174,0.25984222576917265,0.722806770715319,0.7398849839284509,-0.004893816123421629,0.5507500673985616,0.31366835281028654,1
0.7681894991861706,0.5004434109327481,0.9649465870621825,-0.12374314802214403,-0.05862606102012938,0.1093115434994377,0.15701576658239022,1.0367704441196353,0.7908929522211342,0.6069531532637972,1
0.3292542784877134,0.4328257185782893,0.4358566611717285,0.2519550194885065,0.5824592626933484,0.7053011413614662,0.7956089990031002,0.2557589439967566,0.4059566641512918,0.4696450641212152,2
0.28141346406669604,0.9621015319903631,0.6734435635065531,0.46159036950192645,0.773507324659136,0.6357768872063874,0.6234760982454423,0.5189108540910728,0.1764930388115289,0.33906567785913583,3
0.6839562594565194,0.2635405254544251,0.694201802801376,0.26085370830399524,-0.2111415108398944,0.4452783348342034,0.6054232711408501,1.1111218908874805,0.9507226122902737,0.8162195153710666,1
0.5616200171666705,1.0164236170099075,0.37365072533059196,0.6379970349714521,0.9750011690682898,0.5224920998340692,0.9476565126734202,0.15046956941530676,0.8076997872524234,0.8379691250738293,1
0.35529226741915776,0.8064495841834812,0.4766573921144747,0.7510453841792524,-0.03537028989871997,0.289551794301104,0.5769470026133438,0.24089192151758052,0.11829394017787628,0.21634565746139975,1
0.8228319055990754,0.441290094221767,0.7662773729760174,0.5414561455976511,0.6520023924269713,0.12469486290997034,0.7142915109611877,0.47586816393861653,0.10144280560764336,0.016410196122836833,2
0.7602104707506402,0.8204088396245133,0.5300763821927548,0.36799073715461234,0.9402936784741392,1.030275246161239,0.1777241236874923,0.6407838082390713,0.7911939245975645,0.4352952222848423,2
0.33145363108499243,0.35339611702246987,0.5153746018175518,0.2775950078798976,0.5494413218961057,0.7262179813587086,0.8468096526405172,0.25856123221216076,0.38967796019920053,0.49135262376869654,2
1.0106525753745421,0.9202521672205028,-0.15253226848028362,0.49313052574285376,0.06339321887490629,0.6142224789979311,-0.3251015077166658,0.5728983842909472,-0.19131662354461754,0.5505908123834112,0
0.2904220003186145,0.9088121527043945,0.9356745286324204,0.655963632434756,0.7473738990754226,0.25957275929637746,0.8422996794387085,0.9244333931417525,0.5680367107866149,0.058528867171327444,2
0.6457101166935948,1.4892484268478863,1.2460719084166296,0.7327752654247567,1.3134665773445517,0.8308031267877395,0.6024696334236338,-0.09527822988416945,0.17439421220148366,-0.012280737236071593,2
0.411486356753583,0.15636178654512228,0.3056234949425152,0.1843219500183174,0.43646994271478895,0.9243015948232465,0.8618957052334346,0.34253314155101544,0.402064425465154,0.06059490922418592,3
0.0689211164145879,0.9692928659937191,0.7284870284929815,0.27688917589906215,0.9527588234649369,0.39674265396525804,0.6230595717414987,0.5797132067068217,0.6677248795672701,0.7469064755480336,1
0.38334127618845804,0.8559160891851685,0.4837436151507032,0.8086394877561183,-0.003931478205914746,0.26506621883183723,0.6000189616665217,0.2640168652723601,0.16193369919595024,0.21567863212415936,1
-0.005545819465103047,0.303485635690221,0.9121066985509587,-0.05016626828733495,0.1989137720545443,0.22475368365841836,0.9597870234970219,-0.048476979940071774,1.1015148348084287,-0.07200974001256433,3
0.8048363764771609,0.5230011387228234,0.5228761254025664,0.6344737810018795,0.05103390441437288,0.32172599251042344,0.13852566159243793,0.49027862207137063,0.36788585500202015,0.44484688795841887,3
0.8469730053001258,0.7993628572305064,0.5077782122344647,0.48532442466164627,0.2198049587130532,0.21858350446270303,0.20570127409311745,0.13264218446371273,0.43116301349514696,0.8481238427733815,1
0.3341603040015278,0.9076437583826498,0.9157693231924535,0.6057627477007347,0.8027074353649278,0.19689492595106295,0.8646938169400898,0.8903619309055673,0.5300447418775676,0.10351959384922912,2
1.2208947266468537,1.1450406333968457,0.5137768147172189,0.1510181090661865,0.5686078687307878,0.9920769817705324,0.06508634170674864,0.740068914632994,0.580158670180997,0.20180916621970632,2
0.37048303678111705,0.09963458444676444,0.5899184824002631,0.13292931671368888,0.14473960747426526,0.6952765477612678,0.29281680333055504,0.27843127289946223,0.8968724560660306,0.25125787211217177,3
0.10700277792810815,0.3667465659087819,1.0923454715663463,0.5402186413968246,0.6654219192488222,0.9065356709159358,0.19428924231942687,0.0765870771323306,0.22111704022040335,0.349773321839891,1
0.317714183729929,0.42435579302103993,0.45668322740479794,0.2670166815738953,0.581782608898808,0.7016913808466468,0.814865366594839,0.23867785729280042,0.41395290949486324,0.4915047738035165,2
0.16876376593530507,1.0956536472471292,0.5803491594555493,0.39702354528988953,0.7741407615441209,0.5478695006692933,0.6973796594402464,0.6477690460325964,0.9043077891915832,0.86597110931522,1
0.5039795454202424,0.8503651924307828,0.2586804626168116,0.8137244239239757,0.19182319701537928,0.37374513601477943,0.38598059259412043,0.13548025798990812,0.10676543636605121,0.4131457730030803,1
0.6806999614345498,0.5539554009406795,0.5843402989325849,0.36322991408019184,0.666402857770442,0.21648719130233657,0.6235036550216427,0.34660565816659,0.07043610340832178,0.13492877490196947,2
0.3022659685144577,0.9856849595004443,0.9306578164949626,0.5758683803438104,0.7259599147859919,0.18528578210823293,0.8803491293988884,0.867105860703262,0.4915749029909619,0.05186706139459152,2
0.2286025316933188,0.23855461355010132,0.47625662653301004,-0.046600937623859,0.34878767333235666,0.8025435542755178,0.846795824381411,0.466581587728684,0.29260659691648516,-0.014988713940955287,3
0.6176900318947589,1.0087427621611516,0.3080232494239708,0.6082951353363321,1.0275893694955545,0.5533322134512625,0.9659436572580161,0.1069489922368635,0.9360192380196681,0.7749581458571048,1
0.8376428609412897,0.47565278364740504,0.7572694040693297,0.2736343830130136,-0.03935491735278274,0.23525712471355187,0.47066493208102667,0.8103300930109003,1.0153730401560357,1.0128488592525358,1
1.0443049102231743,0.5958021031617733,0.09028879191855502,0.9527983312758022,0.09003535700162263,0.10191673596852957,-0.007262548135357871,0.8569160714222065,0.8342276050445616,0.19608210551081048,3
0.06444036701384999,0.9465504374815812,0.6762816312887518,0.2925319596773658,0.9373271816081257,0.4004069829187628,0.5899368632433283,0.5881412989672958,0.679346286881485,0.712450797329369,1
0.6643173332775888,0.8225921887760946,0.7601797604037169,0.41397144265513364,0.7389340567141479,-0.27502716024358803,0.37592757096457297,0.21542276491441545,-0.023465280087362636,-0.058692045425065634,2
0.024729260645179822,0.9899863794846724,0.7097224974663945,0.31141210288324767,0.921840154481318,0.37346229634330436,0.5749608033340057,0.5720570577524929,0.7207777225755648,0.7102935195449491,1
0.2531417265236766,0.9945059931945966,0.69006767861644,0.501457890626899,0.8419045154427437,0.6846074232078442,0.5637825866358075,0.5458149678072821,0.16200819845277273,0.3541506284772131,3
0.05316001002053032,0.7737017172984955,0.8493774659848927,0.21570250867228655,0.9893802177236403,0.5330329541502243,0.6825969691449287,0.45904385204878634,0.7158582367844158,0.5091032349197021,2
0.5436006026410836,0.8051215625033876,0.7283636124015581,0.7862348580110723,0.8224114820306265,0.3709243436183119,0.17515143160664187,0.9442471373681213,0.917309776790598,0.7624962237693604,3
0.1189431860290236,0.38730493767480784,0.11207952541503569,0.0786828098503294,0.4618443118694541,0.1432947862325868,0.2027388725701404,0.4544941024284,0.9366222255018649,0.2354042321587181,2
0.2478598614718462,0.9389513150803118,0.6957184920573116,0.4535903637948112,0.7943384609673119,0.6549777060941547,0.5816171968981484,0.4694534358146959,0.1897292189930029,0.38391019388087994,3
0.34929972623034033,0.4125099944140194,0.4820214189918908,0.2717959958305875,0.5978493016690567,0.7316231405091276,0.7938750469467185,0.2373835744846661,0.38191090463751676,0.48739663648058856,2
0.21993186299823955,1.1851273647271614,0.9444656424761246,0.836993719097887,0.027928455018261855,0.22671135130334577,0.9498836623281643,0.7921179397726689,0.6500664643251655,0.1754082047343301,0
0.2340847599736547,0.9525584658291573,0.8146742710140206,0.8289060755288327,0.4690007902429263,0.2535400047485884,0.8966876413318225,0.16728074908812093,0.44379620716752566,0.7562096844711772,1
0.8734477373928194,0.41922188790153636,0.23792330707278542,0.7632326193358572,0.5520126488765651,0.5599161359429886,0.2950470346421343,1.0635863126047609,-0.10842747181387367,0.06701136352173459,2
0.3977950616607382,0.5927926658258796,1.2479578484096698,0.9049491224140807,0.43067507567726737,0.7430669953251873,0.7888565266900629,0.6127647989838637,0.5801793435427919,0.15320726471734208,1
0.3222786397274787,0.4125269406245332,0.45085713371247504,0.28109510832331697,0.5742546692427988,0.7070943838847344,0.8067990052040281,0.2321306631709603,0.4229410953312336,0.4817129482576443,2
1.2647949981756812,0.8505542155739584,0.6394954245291999,0.6613049955323488,1.085107761251335,0.9599761669673444,0.8778204444298889,0.6986810432291187,-0.24943649230440373,-0.07340141343363074,2
0.07858028573454197,0.5995472814926659,0.1857882282264189,-0.1421870362639844,0.510156348483361,0.1500915266275759,0.2632963450501765,0.16746731310926194,0.9504362246833272,0.35575700289337703,2
0.5256665328246041,0.8446104336256044,0.7209678992162287,0.9410582596684713,0.8780620842533181,0.3887514277868467,0.18825616352783636,0.9037892409813817,0.9508498839274441,0.880038612446156,3
0.0523081768088779,0.779339582820656,0.8397435701390276,0.2243775882606272,0.9839837076984879,0.5255959834568966,0.6886285513487577,0.4588484760708232,0.7109005722994947,0.5093412109994656,2
0.29086343068522735,0.6720717082962164,0.9151045954858598,0.7320610628050189,1.0729647407842973,0.33228246117601257,0.38564745742790624,1.0720330389474233,1.0463860871590784,0.7527511801729887,3
0.44697488791083695,0.23070146442617548,0.4199208823710654,0.02166143323311566,0.8898419105621733,0.9391856609438902,0.5634201561957518,0.0021754643850830646,0.8615415298770575,0.46023321395430217,3
0.5279995449905865,0.5607904619331183,0.1695211335082513,0.5603974492136033,0.4837004927869716,0.7228602063477366,1.0031982393168601,0.9439177441801749,0.4460687992082381,0.24812689050759812,3
0.4490134037550001,0.5071407695655737,0.16507613627074794,0.5601441691122466,0.5157739764342747,0.6554935653497757,0.9778582358625846,0.8871864623364444,0.4322808604178259,0.2356829735565141,3
0.53461739278095,0.4769216789641733,0.2908371030185349,0.6162794215776428,0.5058667460672291,0.7258900288832011,0.8490144346771971,0.023958026570828017,0.30254611048564284,0.3643567292660679,2
0.4640742105608755,0.9108382496271302,0.3989810113926185,0.8917071688376673,0.013728763315597406,0.1790044545214513,0.629716784933221,0.35036423203845724,0.21751387175468972,0.2198959654638455,1
0.10545416826629646,0.9317982681429146,0.83507223568513,0.8387046133765366,0.3417567200208651,0.4732196475554715,0.4074235503980849,0.04552761985506726,0.03195964102929583,0.4577864954836808,1
0.4025575481097403,0.7829304482284466,0.954015443192535,0.6654558160681496,1.063639775549107,0.7669306615109046,0.10144329316713124,1.2471770695947046,1.254671738941326,0.6921812152649789,3
0.2085453009558986,0.9051406691372225,0.549720315401436,0.571202511296744,0.7193205982583784,0.6869741271727898,0.5478792752604161,0.627241211215293,0.2532600995892038,0.22636066524693144,3
0.41357902498279875,0.9291321351881742,0.5607136733848912,0.30312870489375854,0.7357928512883906,0.4717192871480564,0.5011331219884716,0.6518691599987456,0.2409470736726758,0.31451212984099386,3
0.3672555655298375,0.22054472382730883,0.8415242404030362,0.3332561295197175,0.3105639454615208,-0.07269215969265211,0.8616345001705603,-0.014861047905736668,0.7342570437543356,0.3411076958683265,3
0.07484382420859689,0.8730453420434792,0.7000345081389612,0.29272647215764214,0.9154968325274497,0.4738124432810177,0.6815254802030886,0.5757674951363658,0.7141475567734642,0.8021655221863454,1
0.24399361501175498,0.7270854432886441,0.8562987569282572,0.46350269378778186,0.615795732947307,0.5380365782708804,0.6171206693825695,0.7072063757006005,0.29219707536169953,0.7524009130035048,1
0.08147448392266365,0.8555459311855214,0.42147178392882667,1.1457876598150425,0.9542994252026945,-0.0015548622580938698,1.404494588354197,1.351656169737642,0.9588979082253494,0.4232309025600793,2
0.5326156578934322,0.1386311962048173,0.5201864932280279,0.32797651698078595,0.4184802974057843,0.45270355406610274,0.34642106989980215,0.7780628106472317,0.30816789514471377,0.5901896696779046,2
0.884475165032487,0.7146024921702713,0.523850245071925,0.45749868021991213,0.2636064856922803,0.26079007382116115,0.268029465199449,0.08775879777512793,0.3736510510629952,0.8968058521174194,1
0.744857220966714,0.6690869099949368,0.5303261574632103,0.49567311249343854,0.05803027163425809,0.3137021608230881,0.1645651320112335,0.5834388508804016,0.2846342907043907,0.5388843360317186,3
1.0365454439596573,0.8582279187551681,0.8595014219807724,0.14786080209647287,0.38235415186341276,0.25880596341324485,0.031545263386868305,0.7349172534520445,0.6085996250723751,0.5307190856842201,1
0.7390804699705159,1.0716812862366483,0.8922782195707373,0.7509155464784777,0.38711845321038985,1.0183856077743205,0.8443529245170307,0.34497205066715086,0.8253407839184647,0.9184552227381098,1
0.26124506438021994,0.9570963796286918,0.6682365206137806,0.47452342412651827,0.7855661827206434,0.6308438177986433,0.6144489483830918,0.5151110624239521,0.1819232578332293,0.34368493425664975,3
0.918627747101243,0.5755367546220643,0.08867528067905307,0.8987292281868685,0.5282341172856359,0.8212297340411878,0.6858688603043168,0.9506544603197168,-0.05768923461456195,-0.06305619526014421,2
0.33730947272394696,0.2003752749339213,0.2255066449438967,-0.21717313610130695,0.9907714121509024,0.8625306373399829,0.7342932312209461,0.1925748803447125,0.48938976636181475,0.2685418462573244,3
0.12410635530772358,0.08989755979433595,0.3848978096586928,0.7218582892738414,0.10083085400856202,0.38646733315915816,0.5191995321245595,0.8405850110689023,0.4211876387173679,0.45792868072685905,0
0.3686872319176953,0.2884038474970353,0.7060360380509481,0.3500527062483244,-0.025418650416504374,0.7517481647580375,-0.24065329811984665,0.8749639012205261,0.0478054499390807,0.25156723081791144,3
0.5513580360336487,0.9555371164710241,0.6992874907848787,0.9964330221146948,1.0239343829793208,0.562252012449936,0.19782362785947402,0.9435367949200713,1.0734727805131181,0.7604131027554031,3
0.46002956772563686,0.7052353871938626,0.7620853847349324,0.8495730369333784,0.875592229682179,0.3355624405228491,0.19424928584153162,0.926320682134712,1.0182007684266468,0.7040007139662953,3
0.3981294584931419,0.8370643587304615,0.5372303580833487,0.9060700030776608,-0.025922121180909752,0.22824484336546133,0.604008037140906,0.2242298728476891,0.13002139568439633,0.2904211804540105,1
0.2725091795161836,0.9959140305536314,0.6200517238398844,0.47914090685514077,0.7548606977219227,0.6376348708259717,0.6020166362525884,0.454635137140167,0.23284359192000872,0.3520484401201166,3
0.1650477300710537,0.09615919548604893,0.5209462054996061,0.8829500964119062,0.9285536210336909,0.4150609470164953,0.5610394025168445,0.06798917623084771,0.324276845568596,0.25200498432052393,3
0.32536698617045656,0.9924590061018305,0.9987628710103666,0.6697288262080885,0.7809347801671332,0.15447618088099307,0.9478078492996515,0.8169033241707435,0.5281154422858138,0.08256028645117516,2
0.3774321059711352,0.10521075497514545,0.602422531048294,0.14005864216973052,0.14798955029239036,0.684747135148577,0.3038712793388035,0.2666338190806596,0.8942314096343593,0.24357641430434165,3
0.38266144018262677,0.47142533057425245,0.19075594885330766,0.6574481903840743,0.45238786869871217,0.6475305359278772,0.8627939515366805,0.9463740749062791,0.4611970464596843,0.3039618191145991,3
0.46946229668410433,0.3452848655730571,0.17746952358251544,0.20804043050629065,-0.694922950090105,0.5668491262047679,-0.2572630266937145,0.4976499989689689,1.5168697267267643,1.3048672004040558,1
0.2218502752985883,0.29776117581906125,0.2498353475107621,0.11284743520132963,0.3300273200762179,1.001468858422553,0.18951645718923316,0.41325365832375716,0.6704973803653864,0.48104613514634065,1
0.07830215159840388,0.932537646003659,0.7829914882743293,0.8930059240950391,0.2856778009039219,0.23666819843106635,1.0512344529453017,0.5145703306330482,0.6362958028563499,-0.027139927215094756,0
0.2766788976655045,0.4520544121796303,0.2106117484651211,0.10480195038705216,0.7197750820642991,0.8449333611995278,0.5787313659553641,0.1052861922973191,0.6568579998269528,0.44487178969316665,3
0.5692332924510293,0.8072264743276226,0.543235632941127,-0.013620579157429785,-0.010301283332983135,1.112521026939817,0.950868923597207,0.8959153725203319,0.290631294146441,0.4650899392668326,3
0.919346658264363,0.4500657321039015,-0.05696693198935557,1.035800132411673,0.132395525001699,0.01680640202533544,-0.04516649716344141,0.762953380557891,0.6571700254231241,-0.04039661269204227,3
0.5084807472509726,0.787201600818125,0.7469293363256964,0.7261453220591008,0.719014932287317,0.43440125492445647,0.955297516594017,0.9626688981516386,0.5685764113748046,-0.12603874207417678,2
0.05840192719889876,0.9552483763488491,0.6823602805798493,0.3069477645967141,0.9416095518284309,0.3877211082797292,0.604713976882732,0.5836416295711929,0.6820582305961194,0.7139660045427,1
0.2703478924045201,0.9493759261277219,0.6720340009265523,0.46729282698778335,0.7895937655990228,0.6287435668357454,0.6044770177445798,0.5121235000615607,0.17464620962689847,0.3369217700944038,3
0.8258710628483636,0.1268492628744873,0.0850385550981064,0.8371696421767625,1.0683133716987745,0.1964098791730446,0.6246761860296892,0.704904065922124,0.6928410179211164,0.6632396890000934,1
0.9608467996266553,0.5420649571133038,0.03906600699141211,0.968370370239321,0.08214177673310884,0.12811437012494611,-0.03268301108714988,0.8562796889486248,0.7595236043714245,0.002298401608912766,3
0.44891482761628443,0.8126278510968243,-0.5005692566761462,1.0475970631654663,0.10258749556978027,0.48775641203877834,-0.7826185039242711,0.5597010603925905,0.5379046900833442,1.1243251646264114,0
0.5743603216636891,0.8293779887831757,0.7715065182379263,0.9703845109723248,0.8779735465190994,0.46579101465430217,0.20887304521440558,1.0652512389776385,0.911256658834725,0.7309531482961407,3
0.15862380347479832,0.2611388635421373,0.061142225277050405,0.3029090281838696,0.4038369081194947,0.8500287082157401,0.2660669970318885,0.3606769284582273,0.5682385251969932,0.5768811713815106,1
0.95185562746495,0.3611584850803666,0.8818375422552662,0.19202731157212208,0.2297898705996526,0.14154941559616574,0.4236803601779203,1.0669443285153297,0.8918245711950841,1.1148095823718585,1
0.04413675146896157,0.9713058090713254,0.6816397980611556,0.3005513518887108,0.9493613768570982,0.3898786565465159,0.5912614380739242,0.593442306530473,0.6787285080257053,0.7257039500576985,1
0.059882377409298644,0.7763536143070533,0.8443033569616905,0.21561672898215917,0.9874928291129234,0.535330643934972,0.6869051595179565,0.4630481600231435,0.7194192380966278,0.5057989844524342,2
0.9215615298158746,0.4551181904869519,0.03676133605150349,0.9495591739933884,0.03247149627998173,0.16074502919435282,-0.005485044275056045,0.9261273707917862,0.7808379805409353,0.06697924966133947,3
0.9386757013857334,0.47852016207634174,0.016717436238684196,0.9935365912419929,0.04567330030746122,0.13648643982563197,0.017821090711720642,0.8849102978052298,0.7885619197247485,0.04197133407332161,3
0.6603895564255622,0.1083270940138739,0.2014983889947643,0.13542159013063254,0.5400835602180909,0.9849553203732967,0.7130856570330435,0.3029263287678659,0.282907771458047,-0.0961810387778059,3
-0.02714159753295993,1.0939423702125628,0.8828269234487502,0.774691928715294,0.2423468047900307,0.08559783944208424,0.8535200564174971,0.49294256183249585,0.6140392240510059,-0.12184452404726534,0
0.33937390898263714,0.793069248286107,0.1582145044424068,0.8705448041839856,-0.19338652382416743,0.4439087104203321,0.3971816107756376,0.4511527160822258,0.22121718510722468,0.2964476761773933,1
0.9326999110743059,0.6086691465692302,0.9028095714185531,0.5186059157178545,0.7008702846263434,0.14510564688143007,-0.26276486507897534,0.8876794400831867,0.27027011016818614,0.3859490147917177,2
0.9555160845167507,0.7391967875044284,0.5623441647467431,0.4629052149203224,0.27939637108012355,0.2694096584743646,0.2193869936372364,0.15115951838023778,0.40427182632061787,0.9074752264317058,1
0.7074615294483246,0.5391339800334699,0.6666973848784803,0.8199880922779412,0.35923913724394513,0.47142021239557735,-0.11452909751957341,0.3508338526929877,0.5398753537548976,0.36453401045029404,3
0.6781068732611321,0.524082036238438,0.6816789189160846,0.8332452005785508,0.5409541284420302,0.913639249945534,0.5707115656117342,0.2123215240287386,0.2073923814932117,0.5431421764158132,2
0.9547403069522696,0.15144459743504896,1.5111162602104091,0.7801556960935319,-0.2530091989108177,0.04827185213601076,1.2334975954797427,-0.4773322927482003,0.4699237482504358,0.8489814339529501,3
0.5849413567769864,0.7130506702009127,1.0411824933740672,1.1047702875291137,0.7499731947922842,0.24417942983120447,0.3554009326730083,1.1641786025296137,1.430028432205856,0.9397408438910846,3
0.5277079956441524,0.8215972495838503,0.7351798419278599,0.8898203376939476,0.8527230383886116,0.422256325592154,0.19812013597244246,0.9262995738896082,0.9731741028740576,0.8582924337607567,3
0.8494384179261117,0.4640299099808687,1.0213593283601037,0.06603287951527224,0.27995962441765787,0.2689193276746281,0.17749466385498244,0.8550578075734134,0.8584149662278148,0.7540872141937247,1
0.5598052045146309,0.8339313570257048,0.548913686933256,1.0943329323486766,0.9932379203304993,0.3249129573373264,-0.013306920220196444,1.1587612504931208,1.1405279994837239,0.6046894026895909,3
0.172402471192942,0.8372119408442338,0.929418914362059,0.6980088410691067,0.25586050270899796,0.09869616116960567,1.1346212623757461,-0.006399938704874597,0.2498478628606727,0.8521777077980816,1
0.24204341195557041,0.6825044185634714,0.9917020157913411,0.5587352253913216,0.7074356619786976,0.7235126706901038,0.5002179997927424,0.5018437062285211,0.48511695826051615,0.5661311109175367,1
0.11018473728790437,0.20281511211062642,0.16113594322383062,0.16375946151163912,0.22738798764011278,0.9512912845320323,0.3346670711183931,0.42157623643394826,0.6382612434320539,0.6657074592811041,1
0.32996654461899444,0.7072264853478172,0.7852849867485439,0.8360250977051065,0.6566059331357766,0.29996383287575856,0.06050179437119282,0.2488702854848106,0.16592760836233436,0.28539297483962023,0
0.21496786753215374,0.8502375400138849,0.5789530290334419,0.41026968149000365,0.742599369339026,0.5797467293374241,0.5957615811455628,0.5642542142632309,0.07427247607765419,0.3118649193177085,3
0.5210903639226614,1.0931039850827269,0.8845077325742289,0.34831853993527684,1.0573187658806924,1.2354405050183195,0.2440939298210995,-0.07271734309296973,0.45213138611962284,0.143696645010649,2
0.1604968440210759,0.22323050722232116,0.00925482975974512,0.14173175137133154,0.023211911002606556,0.7370035361126817,1.0099188282165963,0.6492994729705659,0.24297864305101832,-0.07251010486379754,3
0.8802466403107431,0.5984482541561501,0.43716495990034765,0.3922419106903932,0.19240702245971536,0.17655499591946816,0.30715312873633355,0.11618525541060334,0.5131633800561745,0.9439523256481526,1
0.47922460005637013,0.3361247120644504,-0.11788114956673729,0.4291284873158272,0.47130788618037806,0.23762028577728778,0.14601348354315324,0.8532638089345634,-0.08388012473849674,0.41385462945599427,2
0.5442020092959959,0.4852432186025447,0.2714578855722415,0.4288950493747593,0.23147873664071889,-0.06635439931142723,-0.016840929963479648,0.8238593033257834,0.15866558280017326,0.5441756012127684,2
0.11406901248089538,0.6560137233685936,1.2201108820703601,-0.08521755459088032,0.23718381640637304,0.22576035022468105,0.6169727323989338,0.5229428680293227,1.2047059631938422,-0.011200845202881976,3
1.069063663217456,0.4832066720197924,0.8012282907632045,0.6391837556543838,0.3789825651537043,0.3865818704409639,-0.01873273834107264,0.35674815989184183,0.5054949499935452,0.9335083216486949,1
0.3854217709050761,0.1729893093318449,0.4344837489152804,0.29808692610958215,0.4883690619142633,0.5981107825928307,0.2866674142808021,0.921277910024621,0.44470123769446235,0.6547866496603189,2
0.056065095174965475,0.7735715040606473,0.8465803234514176,0.218534637116187,0.9871076177264209,0.5312645614108614,0.6854975901553041,0.46155782668882356,0.7158967302812342,0.5077746417425496,2
0.7249794091325038,0.6394679786835418,0.8609739352002569,0.06267290009428855,0.12972266117429754,0.05439438854437481,0.32790113309749125,0.9308547984963919,0.9380792020339392,0.8489190410444926,1
0.47293709418161517,0.7876344880045876,0.1541401094904716,0.3955081240639744,0.05716802885286214,0.9076605098453783,0.5220582351950718,0.4475997646367158,0.17334089854014223,0.939455528146418,1
0.4002717889617976,0.8184051129324156,0.5339645463154351,0.7972848170080236,-0.05540788286623244,0.3231830327230171,0.5776911898702692,0.24790542848507446,0.17491052543762733,0.18727345839180187,1
-0.3272828766591498,0.9339539333649902,1.4880022150914374,0.10310162365369972,0.4350826772608189,-0.04995466986351994,0.8745906193885994,-0.2883068975385613,1.04518483034603,0.002058370567518092,3
0.8887431953005331,0.02694203178104579,0.4455768281455265,0.3428046543059578,0.7860027654081347,0.8739075514222376,0.5824112594583879,1.1409418849765647,0.022014217517668796,0.42167673591513133,3
-0.3214222335415878,1.1486188663635621,0.4691861482105447,0.7103643233044747,1.1690909950211517,1.130550040379521,0.49318406408119664,0.13093004312376058,0.3667911079144244,0.8851031224138849,0
0.4466822498249118,0.23956940668009602,0.4456351257511707,-0.00729435048132121,0.22517591326246705,0.6212000841031164,0.23855471830064767,0.17023595844716766,0.7395939121274606,0.23265878483979405,3
0.7441719145572497,0.6753998297166466,0.8604366908358321,0.14037244874494098,1.0410716332397554,1.0897635463014343,0.31137469168951326,0.45958944840967586,1.1286006969898326,0.5893443989469238,2
0.6786393812254001,0.34082840561582356,-0.21328882097988205,1.0345584247777082,0.701987313369541,1.0548307881205614,0.6801007524916858,1.2588270827199355,0.6299422546334792,0.5752996710089653,2
0.32661648130952803,0.6804590952456766,1.1439587102197664,0.31067771676820466,0.09950758694049865,-0.2660652359707185,0.21539122028887853,0.6191091819178851,1.0174688989248795,0.603672996997723,1
0.08839203940997657,0.7400715591478636,0.7607544492301016,0.582610896793888,0.6223894372451895,0.4470390762387438,0.23911808165777584,0.6017490530524238,0.4183679937974051,0.48232412818306064,1
0.5861499708789872,0.7338035308551838,0.2631767565599607,-0.5345000887019037,-0.3921461876067543,0.6872973244864209,0.309957181042529,1.050246573653225,0.19651427961065304,0.7989747708719884,0
0.35531799418826043,0.8910280842281277,0.47274844314499603,0.7995120473711741,0.02518187920298505,0.2656099048605187,0.5789004455732899,0.25177533524623774,0.1379390525817697,0.21621589211944287,1
0.4778056919672374,0.4803411214523591,0.727643167559135,0.3919289191597015,0.4214206754058073,0.10077085960077906,1.2804717736436526,1.0809332977542903,0.14871336549288683,1.2167609574016538,1
0.2882807960085487,0.32905712046851415,0.19810994401225482,0.299475390530185,0.30457849127831754,0.7118626349995226,0.9131508132294995,0.09543731727853813,0.30758929497707965,-0.04838727088269672,3
0.3158656379443672,0.147319324984191,0.6442620882294702,0.22954994250508526,0.768699332735279,0.9200944934601589,0.5144998690685733,0.6237553648288701,0.2072883866693238,0.640740511307394,3
0.6565746504286458,0.5510872868000909,0.8817098475578687,0.0867298070975991,0.11590458914958489,0.02406637905243106,0.33586146833343905,0.8260293175952201,0.8465779878439589,0.7696049115523563,1
0.4584552251185299,0.1579913055175337,0.319645101658613,0.19422542821071737,0.3383280795856364,0.9019316928481903,0.8693397807453846,0.3283300856881447,0.5294492384637941,0.024527373763832214,3
0.10866297874296686,0.6804732186811452,0.9223164265863978,0.6185373808577008,0.7054220649297399,0.6371390904373735,0.40586300894354826,0.44541787711291925,0.346073192125296,0.49732346185862303,1
0.3032171614568135,0.9072271026260209,0.7104159331516127,0.8051924349459008,0.42379425183578423,0.293819893216348,0.8932200771974694,0.1070413913385995,0.39293575889052673,0.718871123416463,1
-0.41151723646066257,0.953480700228335,1.0209852541203073,0.9424143025637477,-0.06981806305338062,0.2571531080949,1.217818520980523,0.08401035994658557,0.2537504437248529,-0.2789252659614888,0
0.057815323008360446,0.7745909540856925,0.845420580800914,0.218148367859842,0.9866114275518488,0.532528458029119,0.6841961342253525,0.46279743718123295,0.7145027313170282,0.5053060437785092,2
0.9738726950546951,0.7704869500703689,1.0044828990385013,0.11202003148531259,0.34489940102975547,0.32826157026308445,0.1833107958867763,1.155182627373829,0.9288896271298165,0.9565175675621935,1
0.8172899062738198,0.6451447221385201,0.18435835697988362,0.2882834091943446,-0.10760037544991077,0.5827325620565134,0.1095072459422648,0.9391959761576723,0.17224811493396006,0.5545849728330964,0
0.06028683199869252,0.7789477533801475,0.8479637340074563,0.22288383962110106,0.9881495149999837,0.5362503144884934,0.6842616030066492,0.46073833334488973,0.7209658862902859,0.5068228467832412,2
0.9163813661078903,0.025737121236783816,0.011005785231740804,0.6418964518109572,1.002066682154035,0.11070115530688213,0.5778382742111664,0.7615898402135175,0.7153498296557755,0.7485903081093132,1
0.8859375483101826,0.7260073545816979,0.5041644588212693,0.482889300549986,0.25135534815829247,0.2701841096548661,0.2536060423772562,0.15582494808421027,0.3752919830774059,0.844864555656216,1
-0.04201755244210806,0.5042361800963927,1.0702009669163584,0.6760188213694378,0.6756822361791904,0.7853397598346271,0.39599441713417033,0.5997533724537665,0.34808890695796024,0.6803428464969059,1
0.33370573685149013,0.5349144598142312,0.3804313362030646,0.5586184877842753,0.5044082467352896,0.9840006144227404,0.06586686959719669,0.3844338253080237,0.3562204867915758,0.09549855082214687,0
0.05385011264013175,0.7719289315448259,0.8467291960638058,0.21814619572323168,0.9869844379991121,0.5293325539135442,0.6853357063342123,0.4624313572683676,0.7178820273471224,0.5081594782586213,2
0.39889430722705843,0.7127097864437633,0.7865820710935754,0.46276009032414767,0.6937851559487558,0.005161586492370807,1.0889948704916657,0.313575840324001,0.3085243362175134,0.6198234126228858,1
0.6990840100292413,0.522518098357638,0.12300058298859735,0.8216436045472713,0.31241995394683686,1.015769263805327,0.05846253196867135,0.4504740843152448,-0.0883044339193802,0.15629015754722564,0
0.05413333235806014,0.7728111876329663,0.8467501069755852,0.21871440874071596,0.9881739634239787,0.529795428381962,0.6839544916204652,0.4633682826041514,0.7150867577183508,0.5089448085918529,2
1.0318353916212013,0.8875193295961064,0.6452985918460947,0.5399170697457298,0.2514651821566872,0.31500094621055585,0.4349373480278952,0.003606224320906043,0.5185457202976442,0.6675631774822022,1
0.09367234870038076,1.208055413950198,0.7518503878816184,0.5824708303696976,-0.15711349418414045,0.13932092362209852,1.0003052634849252,0.19742479824198872,0.32905260533468383,-0.2397346939817978,0
0.8725330756101456,1.3190487241147948,1.114560068660962,0.695686306001933,0.8308676638085957,1.3929615765061678,-0.07464225350123704,0.7331247729522168,0.4811366068838453,0.8789084263777283,2
0.27855494005359127,0.94968675235351,0.6671732899008739,0.4660877625191162,0.7807102933050823,0.6348562149678214,0.607845812421451,0.5188922747160041,0.16559936195825786,0.3555559287888123,3
0.7136979271853537,0.6654709234656287,0.7034098891286283,0.8842844171453966,0.6461638191598971,0.4279115351961377,0.17383975545129865,0.9193338760334172,0.9280801823377126,0.7497771716567145,3
0.2856185831585045,1.030704888461481,0.7362401886991685,0.4349662815829351,0.6871534238123448,0.7114607771727458,0.5636857339451008,0.48626988624385936,0.09075755124378214,0.24043001569371802,3
0.5008803221505661,0.6794196325609198,0.7852001704516349,0.9851398463819889,0.9425432864811122,0.464926417429552,0.11037338693448862,1.0244328599629984,0.8684178583747639,0.8369432473134004,3
0.05844989174454769,0.7730962905283615,0.844700330353293,0.21900954585196472,0.9896912730933823,0.5285845513596984,0.6862501654457503,0.462957366398884,0.718372079130273,0.5090071627422904,2
0.3135005570744232,0.9090914366348264,0.7414620679334032,0.8034710112729093,0.43649099632071947,0.28751336529194366,0.9330734569819528,0.09791481812701461,0.37576306637868667,0.767275801294067,1
0.9076542524942142,0.31645082824217946,0.6687134050812277,0.35576313475879,0.19759752714491594,0.05840123502760219,0.3600313738520378,0.5585533780036777,1.216957567232762,0.5805427970018486,1
0.39443037128258074,0.9259935218690445,0.8656864786318004,0.6508242003009503,0.820644226249204,0.27841434083289485,0.7975207466578097,0.9498504635841457,0.5941620203663641,0.04784257402458655,2
0.49252314786259854,0.5865599179859345,0.42679954416682164,0.49218381340935824,0.36859470911865644,0.8731668264465062,0.6100301412300365,0.28692414571640407,0.19956628749909244,0.5480713197726274,2
0.6938640843568887,0.4423957257362234,0.6049816400204913,0.7478478967401879,0.5530117714339386,0.9340873787805648,0.638172290761928,0.30149763746724934,0.18719542010964593,0.47841587789852885,2
0.36434116399146016,0.9096359839479898,0.8009874810811768,0.66238022196233,0.7222997463512141,0.15488308331136114,0.9229736601795364,0.9040366924772246,0.5621404118483372,0.014160500795750167,2
0.6143031383320805,0.2305687806749901,0.6183887535350006,0.028242784506714892,0.823992859589399,0.6776174874277485,0.5235924294142806,0.897918911171292,-4.364517954808661e-05,0.5761379804473507,3
0.600616854904323,0.9628025845299082,0.30288802618141947,0.5636611149821433,0.9818649904619924,0.49669207836260737,0.9633242682748518,0.1297225304912904,0.8838733539766821,0.8189215290165633,1
0.3341270625590651,0.1023974261738804,0.2410758197322245,0.28835577509392607,0.6905286992609132,0.7234053755069992,0.5657506614514366,0.5204704230201477,0.4173517288627656,0.2596022582531352,3
0.06723700427496568,0.15501369587484556,0.20130463334822857,1.0428275301535854,0.8215049721221175,0.38759945102058935,0.32195732441965497,0.27453508118375275,0.6085670022838845,0.1569846213656474,3
0.07041609617330577,0.16638457665250236,0.1026997423860932,0.28246426187565504,0.2881541729811018,0.8987650051203979,0.2794408623291119,0.37098874224192324,0.6349894074263934,0.5384742948120558,1
0.3922603100099484,0.9072633991871062,0.19293623429528242,0.25919849711146176,0.5640798423143283,-0.35093757663744235,-0.087776116012177,1.206694265270255,-0.35045969531903853,0.2877578351214817,2
0.7824016745530552,0.5431734589790131,0.5311459968613066,0.571431866857549,0.026683116126101983,0.3967781147418332,0.23048255056284334,0.4831026557563429,0.4073339637033574,0.4308957881535134,3
0.8369640013650504,0.8166285187347505,0.6030354216345507,0.2590020744716185,0.9891526075699701,1.020977834999687,0.1676639606105481,0.45585343076049717,0.7580602123086365,0.4819248085043133,2
0.4372292949756294,0.18291869954654505,0.250621159547066,0.18987549928222353,0.3993658773573727,0.8827646099424933,0.9865701538422644,0.25636198695816176,0.44483599843802873,0.041007582699307946,3
0.8386616600228493,0.8521620203297502,0.4222580861916939,0.2036851263477297,0.5214328090611073,0.4889664490586482,0.3476474033729471,1.1616256103959475,0.6019412267192567,0.6380820782729762,3
0.3297541892393885,0.17703481388704245,0.11782597066268699,0.17486867219114968,0.43984678017228207,1.1300210239887494,0.3557722278659403,0.38510250992382034,0.8721874057806613,0.7203019699266334,1
0.9929674864121177,0.53339616310645,-0.0176303466226346,0.9679094499253025,0.000590205126963908,0.08100431982980213,0.015756087867838563,0.8512598680203164,0.7491412721020873,0.02773616914041327,3
0.6792767782351741,0.13037322708612537,0.8057549775201909,0.16038371677083574,0.5405861700812207,0.8515383239990804,0.21817009178921584,0.8238574899564656,0.36856716659645566,0.3754278202959432,2
0.8083108611132405,0.7130668629059637,0.8726410597118405,-0.19492517587206837,0.2644886204879146,0.06231438234819858,0.5630937778000487,0.6517043624622794,0.982804063593556,0.6187874291064535,1
0.48267170957856176,0.9861100375252583,0.1869178575549575,0.5200350744517929,0.8954099201543493,0.37962685327856854,0.9805686965781323,0.1496818675471855,0.8150919071814486,0.8654170679140523,1
0.9467603309775664,0.862653300845884,0.6351428551566166,0.32300132360384815,0.23446088915470326,0.31018165359497096,0.34612640152468166,0.1759255156359154,0.2409116322422059,0.8086357210009689,1
0.424401578080148,0.02516513219078058,0.6418754647139122,0.21693376295182382,0.19733082369457738,0.7677868264122154,0.3234812607110007,0.3160191879311495,0.967913255912596,0.20570887780089334,3
0.768707641062608,0.5807275278988112,0.7770547586181112,0.0944296246412679,0.2070740040143716,0.05531060210030236,0.29965349234928546,0.9348301657110366,0.9597078457381522,0.8750481612443223,1
0.9111948103081405,0.4796283163500964,-0.018054891508411552,0.9896693891746662,-0.005344912701287827,0.09929710233954311,0.03917534494667746,0.9293880215950564,0.7749283734227581,0.08941102940357817,3
1.032524636395359,0.6997209610718049,0.6545731005728893,0.25706392797815886,0.40198912288937744,0.40782435010813056,0.4750537001242706,0.964363416192562,0.7080350761915141,0.8459325184375998,3
0.48880800704569627,0.25136055000177354,0.03427361138137934,0.4648911565778187,0.27635207063204026,-0.09815923505678695,-0.11113851763745025,0.7364447016410528,0.18895834820036367,0.46786456019976663,2
0.44827673647963867,0.18915465530437714,0.5980271754461687,0.28500394350813013,0.3835329180121584,0.47286600261077616,0.274855347350494,0.8680143645255051,0.4380396999075249,0.494774167749946,2
0.5287230242036903,0.2199552299676227,0.24069529580934848,0.18437824847335393,0.4703063497226027,0.8599464236070374,0.9409901638506927,0.20339631953679446,0.49738630722563915,0.13191645594509216,3
0.6721814990776751,0.8444209497243496,0.8393941870299114,1.0335777640556385,0.9259460491512576,0.6463496527786736,0.3251443408862043,0.9644442892102703,0.7529017086479937,0.5896497887471397,3
0.10425395120359418,0.6651008053224421,0.9339765636516792,0.6136114606002498,0.7198855675405473,0.6371376104764164,0.42273848717414847,0.44483260972128075,0.3431607004025451,0.500030902878366,1
0.0389193286461482,0.46249454605953866,0.9279649719205263,0.732155353150261,0.4807856522062266,0.39909052317080307,0.4879733613479422,0.21518409482391476,0.5271273934392655,0.4438387385781522,1
0.8472789725243884,0.5814854154392013,0.8194662495777415,0.8036917685926905,0.25364706823384753,0.2962530109718925,-0.027721898404997558,0.5731118692533521,0.48809278661498645,0.3457904229818836,3
0.5724825320159604,0.8112441565754853,0.29354245262830414,0.7242342634235043,1.0111280020916207,0.5734931904151161,0.9444021886021844,0.27365494413078184,0.9288507229879344,0.762644333177278,1
0.05588090792251252,0.7766272446187464,0.8456443602913507,0.2193985440259533,0.9821998799801301,0.5294584041009811,0.6825500121567227,0.46898289849810443,0.7079342066157646,0.5167777059332502,2
0.5032902209778548,0.14858283740344472,0.484027707875032,0.31363064849430916,0.41841154667501296,0.47005292278672334,0.3642077833939628,0.80081911559172,0.29965821447549856,0.6124510960035489,2
0.698329786889713,0.23315369949050724,0.3656909161616461,0.4072250698913947,0.11315376242997711,0.24545684783963945,0.17047234653159693,0.508038112352533,0.4679052290284805,0.868743416189025,3
0.844548625570977,0.9406924991002853,0.7788546700814387,0.32066636714132657,1.0707497397797405,0.9940151270001095,0.1444380793228541,0.26641566791994037,0.6355966452609149,0.40955135266412446,2
0.5187464006132215,0.7994727092181079,0.7491848170478024,0.8870738992610809,0.8304913211523441,0.42151685071980205,0.17314424903004416,0.928384703382253,0.9851856212598566,0.8335398205859573,3
0.3150743267843017,0.8921434214586232,0.6952811362335282,0.790818013846997,0.44614882829125,0.3075248595193043,0.8920470667498995,0.1137311694823551,0.38584490641698216,0.7177919395934831,1
0.3830875161999427,0.16963454625512342,0.5587688250719186,0.05463452081151386,0.229905142631124,0.7753331970980276,0.2373775403826956,0.21717645772669006,0.9001619675552823,0.19909851785471297,3
0.032457852220513304,0.9599567102673212,0.7146736704544608,0.28894070524452536,0.9367132913424472,0.41378945083031105,0.5813349018012793,0.598130560551809,0.6556867331416795,0.7330498132005994,1
0.05373638066750342,0.9584798884741959,0.6876645596779208,0.30032477426101584,0.9400740573055213,0.3876569943570278,0.6001942307779267,0.5838551459751294,0.6799589111241542,0.7192482447274005,1
0.8807394132826964,0.7073128078444461,0.503977122135074,0.5112954324292165,0.30206276132809795,0.2936484346540193,0.21777431490481006,0.11961936055501074,0.3582040968122973,0.8480143083166478,1
0.22709312797236866,0.05405788220296212,0.5783691466456087,0.9326478321126991,0.9422961567527381,0.40985031471592126,0.5607331157313845,0.03570421338973658,0.3722759883608416,0.2279413140902867,3
-0.02352915120509065,1.0287949650478918,0.6348783043813804,0.24835046645624292,0.8771409979807241,0.32024522335846284,0.5425130823024531,0.643189667248242,0.7564155752252893,0.6746918484226523,1
0.5169176272642129,0.4391738588668759,-0.06316377348169239,0.5287464325812893,0.20691402136227668,1.0008549982219952,1.2947965174319753,0.3470275187582316,0.5308633281530796,-0.33215967073447566,3
0.2991122085386874,0.623552594438078,0.30541908973633386,-0.20986534105737148,0.7444572741144674,0.9712354362720259,0.7998064930145601,0.15864518978874598,0.8483588798299527,0.1737011699542429,3
0.4737064217818666,0.8488092468319488,0.4701276348231941,0.7657608988187217,-0.060878840378859767,0.37201547215132613,0.6991852343378925,0.11674385411525526,0.03627534623526486,0.272387197350343,1
0.1528510046621972,0.1212261696958203,0.5259646803734852,0.8984769968858758,0.9068572329562274,0.40620841015139186,0.5785052997266841,0.0227169853532915,0.3346172083266185,0.2660069141205837,3
0.37038116426988427,0.7860120793564145,0.47910039195907955,0.8215482209037742,0.07189422031458036,0.2178469531157543,0.6526920295268835,0.25896216402891153,0.18253614361980144,0.25618840123137077,1
0.885793771686431,0.5268534947739296,0.03568939724822611,1.0032044789411028,-0.004922109256275148,0.09766438212746226,-0.023987258222018262,0.901242768522524,0.7621150142391915,0.0014151575180293072,3
0.9973202279684141,0.9214261308381292,0.7673873390442562,-0.030872379838037645,0.6550857748323233,0.32337842546697126,0.48368521683831533,0.723256328452769,0.8131243574569049,1.0233708639414134,3
0.056267646054718894,0.7751424782567558,0.8452471968467782,0.21874770001654487,0.9849986814121765,0.5331410855874853,0.6869484279104134,0.4613687071641764,0.7167246495510116,0.5065812103126744,2
0.8113173871617535,0.31543210210413036,0.38072121907865564,0.4763851587384499,-0.03663499730767619,0.24077194317849976,0.2358211653963162,0.7078235381511666,0.6296367182063556,0.2512895851016312,3
0.47215740276982243,0.3142020428738477,0.1342523196986303,0.6804738875049645,0.32415063988935716,0.8380884251637032,0.8084850423846055,0.9516454550944451,0.35635680846651563,0.16849639720628173,3
0.9599270075512658,0.7041625892692378,0.6629712693480062,0.23268000949474144,0.40607198616002005,0.48408842055854784,0.44342661012762297,0.9593295927170902,0.6435803191277342,0.8290353067196928,3
0.173886709945459,0.10470420492846746,0.4030503867737583,0.7519359937870738,0.11624634301968381,0.41445350001002745,0.5050497867521553,0.8493251227181289,0.3875827271923261,0.4228240570080086,0
0.4158417099742066,0.6001631801313083,0.2959098864050805,-0.4265344533300253,0.758246517272924,0.39802296137409954,0.6519379168104088,0.7567565070862615,0.1044598781296541,0.9757013152846494,3
0.20869674972639518,0.09124862748245278,0.25518197815918425,0.17604371981727326,0.33032123428148763,0.9885076185450318,0.33712819341169215,0.42078971211580735,0.6060114814266881,0.6233348788522187,1
0.46225371221771816,0.21429114038853744,0.29153691266963466,0.14861965326604706,0.3443049833660166,0.8663874006074779,0.9453203005655919,0.2594763977000913,0.45005612356112207,0.04087220534401596,3
1.0232948023684856,0.7139350484150035,0.4851706266319184,0.5173723279611379,0.2515757700044837,0.26336208347444584,0.26699485657184896,0.0632283317140277,0.2546271445397249,0.8963546197638951,1
0.804622796394437,0.5661143064307474,0.8711680599373197,0.7187163626383034,0.09427488876563547,0.30767071164784143,0.24226172241268806,0.503704467176965,0.516503643186206,0.16882880269429074,3
0.06201488828648635,0.778717175575901,0.8422647066101061,0.2125864827721854,0.9879675584770824,0.5256303511043348,0.6897367162051572,0.4638316635520291,0.7211372018532793,0.5044208021403664,2
0.06265459265125803,0.2256913066512268,0.7719289037828633,0.27743082800979396,0.2528746147216998,0.4127635980529696,0.6940264463109831,0.6879704920666403,0.14074540154824466,0.45459787136827395,3
0.3399698003165187,0.9120587876128764,0.7394623372534953,0.7969862318514107,0.5064678893671668,0.23678307733357584,0.8142502046599625,0.08079500962231746,0.48093276864958273,0.8043976955852725,1
0.4342052134777599,0.5485210866177967,0.3973067268181973,0.16266226939326311,0.0375561712846248,0.6348742938932541,0.044718440450951996,0.6338232873889588,0.9244540447528422,0.14444083262306118,3
0.19183819089785492,0.34571453365810245,0.5535810550864,0.16710615900546863,0.6577458595984945,0.8869147508370471,1.0312883301583338,-0.013174925824675818,0.3941973156453643,0.600094412814508,3
0.06701592872065176,0.48780779462460894,0.6519969605357502,0.7362483569511633,0.6536094415849322,1.365210074908142,0.47179191631867495,0.3881062776211248,0.6668443081284577,0.33645632777527534,0
0.38061912715795365,0.8918829977516042,0.6340412006425387,0.5450792348846105,0.7385606020522686,0.6326425436775871,0.5321062061457451,0.6117873890009138,0.20314664168092889,0.33586254652016384,3
0.15864419856762957,0.6960741084702777,0.8862393254582179,0.6594281119429454,0.7241601811019318,0.6383681675897974,0.36485851313655154,0.4195572452864299,0.3478053843614249,0.4883187221846113,1
0.40657168947377753,0.8316511934889221,0.45481164040846794,0.7826279264981899,0.00022977234982349097,0.2338522959407672,0.5975990306467066,0.2304792692526218,0.12756406928636096,0.1928432519276573,1
0.4699587501683478,0.9027586756233104,0.8686866152425345,0.9525583878604703,0.9916494122047291,0.5200878792595873,0.018729037919759856,0.9922790941662483,0.9942150422345246,0.7329039075408407,3
0.31691632322999963,0.4246132681668662,0.4565047777903866,0.26746543354485985,0.5817961602247917,0.7017635653359626,0.8142169858917722,0.23821734409977133,0.4152188524678239,0.49127383077900033,2
0.7757504354366221,-0.022213095179567044,0.521716028796531,0.43560762172028356,0.6420201417456938,-0.029741531472024074,0.11189957531353378,0.3104685062720972,0.39913203446555306,0.5218413943746063,3
0.41404307097701243,0.5108506878711709,-0.08053398272609352,-0.553210799750302,0.65842176390896,0.9671263533185636,0.27394810562549504,-0.41919340262744476,0.9506852523010487,0.47088430377531554,3
0.4563827597188743,0.5626938905845301,0.8153598900637951,0.19184443060653728,0.7866590278721991,0.710171741230497,0.4743117894542526,0.9843977396038821,0.44369757900669726,0.5244557112786598,1
0.950400740902676,0.04576464928953692,0.07526881386520423,0.676752580907788,1.0435737264476828,0.18934969129569182,0.6690186169553032,0.7588149741149657,0.6305000700655237,0.7369327887484893,1
0.11878117490828147,0.3829176506200393,0.011817347724733052,0.07287544091014427,0.4482744956642376,0.08955624305091883,0.13773741617673896,0.36344373169816513,0.9298172305625985,0.2565346990575135,2
0.7317120526784536,0.4037174749168049,0.6053861740684265,0.7862373246248342,0.5121199190953295,0.9004326725346739,0.5860236727055111,0.320135529489369,0.15447316609317807,0.444769519261709,2
0.1488516520567154,0.357555765604955,-0.0545026215913329,-0.024569141284613613,0.38816543678480486,0.10647853361926918,0.23299042691667443,0.33022692217277233,0.8391111646958243,0.2758236025215141,2
0.3828578252933002,0.8845553181338812,0.4455893661146997,0.7794220679239908,0.03668194440323133,0.25196401231189713,0.5711034769669587,0.25918529409609564,0.11526223444938838,0.24611138605216432,1
0.3693713513655295,0.09504137847791468,0.5938650016074042,0.12265065105987985,0.13539778821621537,0.7174081238336208,0.276262848407918,0.25093865500715107,0.912704849464991,0.2613471165577044,3
0.7168083708090167,0.460902337269384,0.5376375828884528,0.5699937840152686,0.25431444621347343,0.3888852380142363,-0.2178626872826846,0.30467308372176427,0.26484633828891896,0.7860967822618977,3
0.10726118099426156,1.1403906553581837,0.35908620335925934,0.1311894770836916,0.6381854060775964,0.257445007307911,0.6927870831569087,0.7804921797441453,0.5700120529706575,0.5261636387945957,1
-0.47184456245003426,0.16757072378396276,0.530384841217056,0.8385995795928123,0.9590017200544003,1.1014920702260569,0.27581727483806706,0.5007195028950169,0.6878752069760614,0.729278239925023,1
0.6094431281536081,0.5475300060986368,-0.04237099385297069,0.6636433589159206,0.3616087145021619,0.8366237986765694,0.1256252777821013,0.5033449610357602,-0.029363754125445438,0.3971367661952276,0
0.16334844312607674,0.02329873241053293,0.7214522833216961,0.3357079723864465,0.11036863305437011,0.4985024507166624,0.7591676507380041,0.6369889880918314,0.038168584996030624,0.31794065488876627,3
0.36254560866441354,0.9369551725671296,0.39608053996525544,0.7682737877918299,0.08415154112098464,0.2891847800335189,0.5965999288793982,0.2799739555221699,0.13507364167510663,0.16498703092910766,1
0.447911617794049,0.48743485689309285,0.22423822320411851,0.6065742787690123,0.48422969830896223,0.6508471502529858,1.0154545518587685,0.9052019505632852,0.4102407701805059,0.2639084997343111,3
0.002092336904721631,0.8226565992697865,0.8840634902603755,0.36696871526383135,-0.07195949769052595,0.0382773917936045,0.8881541121440748,0.49993859366413507,0.788129991767428,0.4013268606114425,3
0.05582480207324533,0.708623182826843,0.6592647347008618,0.4976047643261874,0.657737158169768,1.1499987763285098,1.0454675576249548,0.003015798173132564,0.14657339463398805,0.8864313515745639,3
0.392735724897635,0.48640576163538296,0.6582050746425836,0.03685446470282752,0.7819692176437821,1.1210627465073646,0.6569612070541715,0.11101598288527341,0.3088864994033757,0.7218335488329869,3
0.05378763751757692,0.8708202175028955,0.6178556550368198,0.29835457066750204,1.0203029574604812,0.4334774821636046,0.5364117488883238,0.5883026653075163,0.685081161052959,0.8290869396055064,1
0.9403144616924481,0.4806402046067067,0.02078650655678499,0.9899250592367844,0.05154824915977428,0.14390287659643328,0.02056840380739388,0.8793326580064179,0.7936337576138119,0.03371328625193494,3
0.9140161549322365,0.8150140067213791,0.63445583606386,0.2617500539776947,0.5392477297950811,0.4034027178022149,0.39579608802661215,0.8567895688735717,0.6808493493556591,0.8881725841353361,3
0.6508225674698722,1.06459805887976,0.6906075010105739,0.9877151731033894,-0.17305830926020377,-0.07924272238069358,0.3522711971486536,0.5727988655040439,0.006397453559656735,0.09273236835025521,1
0.160208002475569,0.8372978692839301,0.591099402826746,0.4524497786248991,0.7234409230344294,0.6410953499443013,0.5659185242617808,0.5568993782904708,0.10230975845494779,0.27909928516092736,3
0.40713299827952676,0.8870126121310993,0.8138765306571251,0.5932746154336771,0.8491944035760145,0.33696560135181564,0.9482260694094136,0.939279704639104,0.46904862976748396,0.12265034729382784,2
0.7149782954504702,0.7892595064599228,0.07270379520154568,0.0854854609146123,0.667847847551183,0.32870542967028105,0.44364702504007264,0.5190588772213419,0.47490921585563994,0.12693498048874388,3
0.9729531277174105,0.365195751049915,0.2873932628325312,1.3598800072589086,0.4032360908399698,0.5316495093342243,0.060680278175816775,0.6291612696832911,0.3486313331668115,0.9085202460908519,0
0.04848090422258412,1.0138124506563102,0.023460305151499196,0.25710454152929874,0.7172966097850397,0.836800454364512,0.648334357095902,0.16370923771901597,0.26838267304989866,0.8538546800956145,0
0.15890194399247554,0.1301408708177672,0.541460368477978,0.9157040390178055,0.9309382450846226,0.44073431002710256,0.6080515275698866,0.058884784932789966,0.3130370682972607,0.2776911887921284,3
0.35024590893148816,0.18915758910414585,0.281516877810918,0.3544259584519014,0.3361273172304335,0.28671435182106664,0.3561283926072104,1.0875313774566389,0.341969712801786,0.560700714458391,2
-0.12884076442441683,1.2257011519431809,0.13482383484674937,0.39046950777495426,0.4934597427316627,0.590229398644952,0.33293930266871063,-0.12869372202026835,-0.024144708724095576,0.4868373754810879,0
0.6476354575883875,1.1184874126320778,0.8297138827628201,0.9892829234019418,0.5720158939602297,0.6243923421050404,0.388258084448418,0.6146652991201642,0.7100945003217103,1.1371909752753786,3
0.7533640302512049,0.41911373546718267,0.5514782916397051,0.8813973869370871,0.5925301845694784,0.8054852358325955,0.675891921470396,0.413228836521803,0.3065219811565355,0.538186010274547,2
0.3169347737410976,0.35518840061221196,0.33096575609143386,0.04615377046170713,0.7803402275620627,0.9235338841988227,0.64256139439852,0.008272410739023406,0.6482641080500862,0.37381684312344665,3
0.4011154489186054,0.34917985073367963,0.8241308239390468,0.411155917130851,0.6859325819457103,0.14281277870319586,0.8978893440545822,0.6698990179760156,0.6211466904440787,0.12854579123925947,3
0.4558862359703083,0.21158926222638944,0.30529636603034493,0.1538309378902833,0.3539470362055103,0.8586372319912162,0.9268386182046443,0.27063436831314347,0.43944863269922424,0.0545309850891344,3
0.12171851443669011,0.29430806045786934,0.16580888039118716,0.27442546703827475,0.33020460367998783,0.9636310703884594,0.25163090921320286,0.3988027053422274,0.7703782807663313,0.42213395456243086,1
0.1986226898807858,0.488034442761202,0.536849429386639,0.241772392811456,0.8190114925730079,1.0306018459782762,0.8797957788114529,0.2055828376011006,0.47620857609800066,0.8053907330546416,3
0.837218210753431,0.4293932196914788,0.09490098923508203,0.9128418238659984,-0.03376102166927672,0.07023462645582612,0.047651499293658486,0.7948933232535677,0.8113084109519555,0.06834512813373497,3
0.6032509340546964,0.725592070263222,0.6205195883329819,1.059236264640909,0.6631422515986534,0.3788376910909779,0.3449507693506046,0.9878996994816488,1.1468718355914371,0.7816635025200162,3
0.34384050722587145,0.5538808946207608,0.10921030480119194,0.46987775474491267,0.18153170996678572,0.13974995879669375,0.16061923468602535,0.6982416728772984,0.08971907313361038,0.546850467511543,2
0.8341552490974112,0.4133762359640982,0.03546655830352305,0.3425988703012688,0.1906946155238495,0.5952740976461264,0.14236729569104026,0.6030851675012614,0.5818933613363517,0.31900054947735895,0
0.3365094251332441,0.8535085161390433,0.4486376350769014,0.8302885415687132,0.050035234279921285,0.31378299630688894,0.6040263542332441,0.3104079569375528,0.12772214364386997,0.26798500473784986,1
0.6438540919081924,0.45751285374684814,0.5969363902070497,0.7082512434204244,0.4868040691907367,0.8750099910313182,0.7013387710918756,0.3167843952594204,0.2070523202311799,0.41868249443261557,2
-0.2416395027894982,0.8356599751138929,0.9153697627108164,0.768356202804587,0.47871176932141335,0.5823843340335966,1.5181827479991832,0.294886543193092,0.5902535110131635,0.1009962506781158,1
0.9431970069953728,0.7707726066450836,0.6684265279486108,0.19748047741390698,0.37968376524318004,0.43281782592800344,0.4290814372822514,0.9429936583811936,0.6733904534931884,0.8789977837253097,3
0.37793107340177623,0.8410557137073924,0.4740536184605662,0.7936248633775321,-0.008300908861865634,0.2784385826623726,0.6166079559148349,0.2625256457755305,0.14458633339982727,0.21985094607697342,1
0.2506927623745767,0.9947340108999141,0.8731021079041593,0.9928167427755562,0.8205949711131665,0.700543295341644,0.04098127877571647,0.724348886758743,1.1733034941304417,0.5465800171565984,3
0.6390451081204289,1.1517604527720224,0.43273648244136886,1.1237838125922444,-0.024220745670479993,0.5295381299179578,1.3092807542263305,-0.029307849425126486,0.8166871713334715,0.4225248379473895,1
0.3810163614627521,0.9060448815971593,0.6152757760733027,1.0612876590012297,0.7313894158028519,0.3962740128880964,0.3462436973891231,1.1059096461114368,0.8026285714396534,0.8979379709555966,3
0.7036930595993751,0.15031799076330915,0.6193850882393418,0.37798652175003733,0.2536406109980355,0.33870262259663675,0.1395537457907849,0.12076093908470953,0.82369590194181,0.09109865034169295,3
0.7143628500528346,0.44899413484795164,0.5860666773347933,0.7511253269395707,0.5368119921443714,0.9302884086565933,0.6284324041813795,0.32205298559366324,0.20723446488792885,0.47959259730184567,2
0.7388527593058373,0.632623119374506,0.8441018741662486,0.08266512567517695,0.13455045373969113,0.08508007806122586,0.3363730368792795,0.9179279536535555,0.9060650360897435,0.8526191375917471,1
1.0278214233768084,0.39933848325475213,-0.07342576015760273,0.8665486951391294,-0.0962525283453973,0.27482275284814706,0.010919552961152462,0.9489526668790256,0.8076329624589409,-0.03619651003821124,3
0.06863463120510743,0.9970385943920113,0.020636353347291775,0.2844086356116067,0.7330912367449692,0.8394031216387213,0.6127061018115685,0.16790899794590317,0.23524427017362898,0.8522852875934904,0
0.4139457364978684,0.5571442134720626,0.3821687844102753,0.13169882414877254,0.03926570516030644,0.6608479121951409,0.02470089557233325,0.6269400471100922,0.9409001675307066,0.1582236391669339,3
0.6874664712409031,1.058105933790423,1.4666613133873556,-0.12098839589518373,1.2503680754747593,-0.020244849760628958,-0.3082673835847326,0.7331994125330198,0.7612640017954896,0.48722999253229365,3
0.5347377770781013,0.7855237459015699,0.7787283587972805,0.9111852418969061,0.8614829935127724,0.4405526040283362,0.1568655202032705,0.9112229419836314,0.9721078573948341,0.864564648067069,3
0.05276903382261622,0.7703940510790951,0.8423582575597331,0.21616641798977185,0.9850416876977666,0.5294256450550014,0.6780585937653929,0.46360430847245837,0.7204784089324775,0.5143891233199382,2
0.3678284174579396,0.4925602188184192,0.1419504850841537,0.6930230253912422,0.4687439251739704,0.661160947956271,1.012630589957724,1.008952044475324,0.4076651707525333,0.318431552496587,3
0.40885082966671665,0.04718732281038654,0.39712987699358704,-0.13251856220090635,0.6132136704462223,0.6975271252736088,0.6112068138601489,0.5065525879073756,0.8231249005989212,0.14990020256891018,3
0.9998694401922065,0.8072789068358927,0.6189571949420544,0.40486646512896607,0.3795770589420444,0.26168042522970586,0.3019836464506704,0.23065937480431975,0.47587513176662455,0.7907929136269202,1
0.7060817509008889,0.8002223838054872,0.8416521147374025,0.5784250618872366,0.9368030603047159,1.132283186985394,0.037360713715180724,0.20498586705620178,0.5594774359266633,0.40615303085041,2
0.3445654164306091,0.9176131348938718,0.9073845828680758,0.6215680740511532,0.7777676946127753,0.2421231597140626,0.846204389652388,0.9052774660170483,0.5543693531662655,0.09353774125863246,2
0.5317944362564468,0.7212222229005836,0.274784873194285,-0.28648113839630523,0.2908159110861774,0.39198575000126895,0.19179530060519628,-0.325143765591785,0.42877404674557273,0.21439230616204824,3
0.9115346283548654,0.10366226109703225,-0.02755425522724491,0.6784635664125682,0.9754321577210056,0.12237639929539368,0.6623440228396147,0.7309627213559553,0.6996656473272495,0.7235586314642538,1
0.9034641557664167,0.7339749610497097,0.5188158286432917,0.4747549963175234,0.2698283847544681,0.25754104573748693,0.22366659742176692,0.13551297763452058,0.3841507639478779,0.8554641069538742,1
0.14744802819804392,0.737079501404241,0.8322699975684575,0.572963299306066,0.8238714150241255,0.6567061885954186,0.3562712374872091,0.5524232148116319,0.4378954519573857,0.41178228352037605,1
0.8778272772748961,0.38826623107067737,0.6585284464625194,0.4866141643813275,0.7690347134561522,0.1337043767585111,0.5962347477305688,0.3998185891252099,0.10968354288941654,0.05552754784649488,2
0.410754891879212,0.8093935586197477,0.49739689559153255,0.7639566631949186,-0.03539641823350218,0.30138007174534753,0.5845369533606785,0.21291377038833337,0.1446984529391895,0.17917286672214475,1
0.11871705342796868,0.6069357468527429,0.6989247591610358,0.18938518204332047,0.8264317743202968,0.8019085169995268,0.7448963789091807,0.2736843455777006,0.3547310677315129,0.6459006423918582,3
0.8528295861079631,0.14089066246296586,0.04014227536826957,0.7424639384155276,0.9229765511963834,0.21877880516652534,0.6415549383968234,0.6472506427293933,0.7261192767808239,0.5934374530544849,1
0.7147784403545691,0.3932526501107875,0.5467785226261793,0.7435989536020788,0.5762297210238019,0.8612921901555863,0.700251127234436,0.24507704866931834,0.11086294030010305,0.5475973368143856,2
0.5414139161115653,0.14822769017399962,0.41655403063684027,0.19131178801048232,0.28504801965396964,0.8750183444544991,0.9059899745102531,0.3963935224393607,0.43365887443281936,-0.01945965053265923,3
0.026951034851026966,1.0302800053690007,0.5720603908395533,0.18333705270477085,0.9481966135142804,0.2838645450857433,0.6354477883515606,0.5332765731544453,0.6495625799188947,0.7633761621457958,1
0.6677102924425575,0.4530520368221046,0.5791402830760918,0.6630398956770673,0.14352383828409174,0.34173832421084316,0.05461736479003827,0.5411684188817946,0.4112980163297578,0.4974725995440751,3
0.5568625606929234,-0.28201851464645744,0.9260323344453377,0.16431224205981224,0.7473455122110034,0.3112689062248244,0.10432614822612118,0.5115479743159456,1.4878552830940492,0.22416424250721312,3
0.8985089003130649,0.35808574581217506,0.33709396122325985,1.3295157703132556,0.5425539878704828,0.8721926666435875,0.2186366905462513,-0.20922191164206572,0.4335541171436233,0.6724184971964353,0
0.4027889870226736,0.5677615890205666,0.4013637583752669,0.1413545405064746,0.025450039185474956,0.6395269035431335,0.05125337647102174,0.6530612338859919,0.9482645389136857,0.1733145409301638,3
0.4194163020092785,0.4733902883110265,0.04577226488647052,0.4900022201442149,0.24347023324784872,0.15452077138878753,0.04729340686014065,0.7259665520927464,0.11835132725639039,0.5408012210562813,2
0.10296178346606902,0.9398454875589186,0.7278402577650265,0.34433229238163626,0.9192867148646892,0.38737283934348965,0.5353852523410997,0.6032454644416839,0.7565500182878657,0.663482032087876,1
0.05605664883797873,0.7737977467917053,0.8464353265766914,0.21870780955515393,0.9870573465055111,0.531236760575018,0.6854571562010907,0.461728529698348,0.7160931891222487,0.5073371029512919,2
0.5030069784429172,0.16428347763489187,0.24059371263560736,0.1100694211642595,0.3272997013038406,0.9014952356280896,0.9001511351700104,0.21731669857100339,0.5002392081116921,0.07268703087224243,3
0.2941245058186074,0.9635551461458498,0.9409441665113006,0.5835206881613947,0.7842976378217161,0.2378506680001592,0.8906606332133973,0.8888513410658181,0.5777558383275043,0.09872896886926955,2
0.36178559968153046,0.386994962797212,0.2661289969193965,-0.1284362015848151,0.6868984299610512,0.29773948194620886,0.39697487531771186,0.486887292200658,1.0035706204743935,0.3290967030299212,2
0.7300811137214344,0.4263027571708361,0.6027461813098702,0.7069711360312563,0.5287204571362208,0.9778064359306758,0.6450522214155572,0.3759835259659306,0.25015857458411533,0.5402678515415665,2
0.22605213161424192,0.2500990971263218,0.30482861563071195,0.07671737211316412,0.050320344413884166,0.6847500247670714,1.0834488194015903,0.36944028260023787,0.2923081139962588,0.15960286016686634,3
0.04950508455205788,0.9554835804658569,0.6833009101707117,0.3037908330129804,0.9424393645285393,0.39338385334555087,0.5939771702667653,0.5820196820782538,0.6807700837291331,0.7080470577688254,1
0.437021188665551,0.42191859693601375,0.10421740733620961,0.5273836661235863,0.3310350941160704,0.10944411684089225,0.06893858413256954,0.7766035293268846,0.06923412744922618,0.6058546363822587,2
0.10190633080492711,0.5524869352674643,0.5615241688117749,0.9547217455862729,0.9640073327135625,0.024056301602467432,0.8266940435882428,0.8660785504350896,0.5776854391347997,0.990139993059205,1
0.09544844728186871,0.9828147515113981,0.574410941534156,0.2167536918514983,0.8324384985523117,0.42127424698205523,0.451370606413378,0.5216248612951915,0.8338355343982534,0.8265589840416933,1
0.2460769207204461,0.07332616424502242,-0.2137509284085528,0.4649749665497145,0.8954896471448183,1.110759968398754,0.10688195470775785,-0.6084824848034892,1.359459009592189,0.7627008260100615,3
0.16466970008682763,0.46805348950498427,0.505819224593623,0.37887205590854156,0.6411795909624081,0.7721183168115772,0.9816040033355449,-0.013794020437161061,0.7151309840904709,0.3076324765962049,3
0.36447739618440217,0.9746955085734039,0.5651585217224138,0.4627232081398885,0.8466565437834674,0.5597001280941274,0.5320956335487668,0.509487092137907,0.1637524971589679,0.3660527923702136,3
1.0760697045221286,0.5005113591386687,0.2564040870126988,1.0354298313157344,0.48104418330876275,0.5518704704585059,0.44073615277403544,1.0034796109009585,0.09929554549482936,0.13711826433230984,2
0.8404233857698624,0.4661050544448525,0.10673588301554249,0.9086851817829829,0.657499904451661,0.7646317540968792,0.5444105885229186,1.0987177752463961,0.05581065853727775,-0.12986791845870319,2
0.4694163987798743,-0.08259723256962259,0.11022036402795554,0.05100742537412886,0.37160670141457086,1.2044982767982877,0.8759094792668554,0.25788752758805494,0.6516076251748307,0.30675004113297505,3
0.503630706272688,0.4274069665820167,0.37704783139576475,0.6193636016256316,0.1773877047010518,0.7209698098088866,-0.24639236724244928,0.5279206839809739,0.14344607764972522,0.5158923029958626,3
0.1467935031854557,0.33425697361335605,0.09487648547771449,-0.03973173916218575,0.5058437275484566,0.22544834149032122,0.3020805094232554,0.4770702908840661,1.0299937490824878,0.09023624697447835,2
0.8497657185318117,0.8443275816883073,0.6211127876856163,-0.11544594848622369,0.26805412908117504,0.09159394080855444,0.5045144337585196,0.9078280552654372,0.7617283066224068,1.0411230958870006,1
0.10000429819072348,0.666367008971167,0.9348791117890616,0.6137897980988236,0.7147090101799273,0.6343644962053454,0.4200801237908277,0.44763312772819835,0.33995131551445673,0.49604955398229605,1
0.5886255896220837,0.6244414924982042,0.9141228811313942,-0.027950065591471507,0.6727957562777678,1.2524481651689383,0.05347588246773333,0.3732392514260102,0.6513262018808224,0.5089330427508988,1
0.34514479196919806,0.8217968526814556,0.4612858748517875,0.6714436011114341,0.03102865752509725,0.2045052110041458,0.42868739831905606,0.23039373322023166,0.0018960843918090775,0.4012689166396731,1
0.9705102014046034,0.7379346792989713,0.5213096565886376,0.48230736664754925,0.29299445034439836,0.29339904763720837,0.24205311629341622,0.17987502980833098,0.32182552802587894,0.8382654046289476,1
0.9431842174962731,0.07529401551756604,-0.005711499227976915,0.7100042190709812,0.9676743717050889,0.15509369884723143,0.6394081255685924,0.6962945637600132,0.6755491767234753,0.697086696892649,1
0.6636037771275393,0.7659672161665081,0.589842208527621,0.8331300776734831,0.8383503585331428,0.34552280531547647,0.3189744985994949,1.0568385774154008,0.8728317035224754,0.8269977266821942,3
0.05260505638785908,0.773672161218708,0.8500526047084604,0.21791911974042547,0.9820044444022457,0.5318496565597044,0.6894165229252891,0.4597255577412424,0.7133657385466065,0.508068257971232,2
0.2680450314831348,0.13273861387226377,-0.16979252858478422,0.40011903339007526,-0.04330855365777292,0.8698106389755432,0.38513219792330167,0.12369914661611872,0.4353779307906698,0.2916170358124821,1
0.1908639001081902,0.1133156099629774,0.5392446057456786,0.8943410661309265,0.913342964165358,0.43022269468726504,0.5887495336309477,0.05645256744532512,0.32113267108838384,0.265700939773102,3
0.4811786795233569,0.8742781635553629,1.2042959452187847,0.12848286027624445,0.9887441227325506,1.036671306744938,0.184051816465502,0.485717882830942,0.7472448056419612,0.3997538668895917,1
0.8670095068796462,0.8422794826764544,-0.12925657942226532,0.691028375219651,0.3858938101280218,0.812492955083667,0.33718144241668213,0.3944543893246781,0.07527288562142227,0.4042561406007273,0
0.26860526620679637,0.6236780623889642,0.6543327108218735,-0.050292581302340655,0.9391718681730897,1.2036848503306712,1.0568782830868644,0.38736509836531513,0.2763427892939333,0.8158604307877255,3
0.6436317147578585,0.8818804163706896,0.4944245795118601,1.1089802332885903,0.39019198303341657,0.06218501063007906,0.8488923058356128,-0.17006158532150112,0.37275782937029045,0.7377861671129854,1
0.6982235427646517,0.5911449514122387,0.15937968281552606,0.8375527013070282,0.32186065802509917,0.7456794139596665,-0.020827253968123863,0.32597355790215204,0.14135727785421975,0.35331691804424387,0
0.5772229098456179,0.3481878324498362,0.2890436115985626,0.22697741003117827,0.37963232986451045,0.9903599800435179,0.9422328108794779,0.1632593826938169,0.5900380845271929,-0.06160580951380919,3
0.47343448506859404,1.0676608470960578,0.6200112785417687,0.5447969264902832,0.02410944796770964,0.24203959585042517,0.3035873414482546,0.7500488524243948,0.5048869443937517,0.6265146081636944,3
0.7907721841111127,0.8345084265955416,0.41272466765983085,0.9245502266033445,0.8295121535459083,0.7577429573258112,0.5102893148327382,0.7462089952253858,0.08319784910571434,-0.18227842829948188,2
0.13352584498005235,0.37431425213230923,0.01344960421966747,0.0664048952783388,0.45642286370091817,0.07864209561256423,0.1529316723160112,0.3799027433459392,0.920183142091086,0.26045142067231497,2
0.46112504847681834,0.5718545089508291,0.22193693379869578,0.32539818567198553,0.11042843633179922,0.9790182652982891,-0.18465134529164445,0.4742707090544314,0.26953660263702967,-0.029398651260906572,0
0.2719608041022167,0.8333084066423656,0.10060883719462449,-0.10069031920861016,1.0266936255357457,1.2614732301020728,1.146732199254181,0.34758306927360105,0.6784793486970835,0.9023776416090129,3
0.5305526493674075,-0.13177630394423778,0.7893306535949909,0.6135736221804595,0.4685799569031317,0.9804995278700921,1.4772140001502452,-0.4468263576161555,1.0175717908847979,0.32917587374314355,3
0.0160878158559358,-0.11189895560306717,2.0209508757754113,0.7020317584104292,0.059859713561747574,0.3783234393338181,0.6133224371522947,-0.8102429263208367,1.3516144818313998,0.8216160128402032,3
0.133621829378561,-0.03908453855221386,0.35102129137954835,0.17419432927944825,0.0849024936721364,0.6760297298446309,0.28204621034254285,0.4485278535143399,0.46263342270831187,0.3094929671774282,1
0.18973601472633017,0.08667142654321547,0.5613667138407965,0.9241490925838711,0.9442958032697645,0.4483739897833247,0.5540424390546297,0.06363938826769648,0.31640935483350247,0.2759097398641854,3
0.6420469145888443,0.4603402424554363,0.8458822078168874,0.4390835860472822,0.49727796285338494,-0.0746400224486854,0.6422359993474352,0.36799875574568863,0.10528675309182538,0.06695080965965979,2
1.0291124473881483,0.7964482844474849,0.49724955086582084,1.1658858121626283,-0.3838041117587373,0.937354439147219,-0.15925452027677173,-0.3669369775927842,-0.29901142378980816,0.9532258483480593,0
-0.047776288105739084,0.5971759881723027,0.7988015516345603,0.7228044902570607,0.8322400171536706,0.49467787145929587,0.4692709431129892,0.39685728574430174,0.4653662962812334,0.35030438833792493,1
0.21928829902919883,0.4968726808431796,0.6117891710783888,0.225873922604217,0.766768356350885,0.8959581023299105,0.8883879223349576,0.12884388807645888,0.3688592747890839,0.6067327209924329,3
0.33209314464284895,0.9179893426657046,0.6865993755692268,0.8129478994107525,0.4194445545095885,0.2788336792713532,0.9030064818740673,0.092229787323912,0.41269874042043947,0.7357260320020579,1
0.30249802391492875,0.39780035102885636,0.7585395749438718,-0.07370778248693688,-0.1265237917490739,-0.2763395709740053,0.7659306456492465,0.584578766958228,0.9457177940255871,0.013453479821361553,3
0.3684848034555877,0.34261746119112074,-0.03555962110021449,0.3829820453218403,0.316531231478982,-0.014425017368708867,0.04109674626402786,0.8471414414456455,0.2567364513086794,0.4537561032400492,2
1.712276122387847,1.2699352570532951,0.5001732037404291,0.8714547853496837,0.6735942850928737,0.6293121238093649,1.1885298520167873,0.9002762983243165,-0.3089714395708059,0.3755227355886746,2
0.2152155523121112,-0.0020177863110793087,0.5929729213689571,0.8319963514536604,0.81225108723389,0.57265982242803,0.4322834455407695,-0.09348660227028197,0.3483095938123699,0.38880307368757666,3
0.6198487956448293,0.2326679567070264,0.6195863138006918,0.1711671992564414,0.25429884054884777,0.7955603161814684,0.5311940019515119,0.46888481537965143,-0.07162654347785852,0.501455011343368,2
0.23582706658700997,0.3420733560363514,0.2574076359285131,0.05480473399710876,0.7613315766849649,0.8125793632227636,0.6268721711083476,0.0524827104936227,0.6023104883992165,0.3381202750913651,3
0.23328690440324495,0.06752907862996052,0.3278744417961953,0.6236633037015641,0.07978157234875556,0.4957337129671263,0.48695456753384453,0.9383692423063479,0.35761472655633997,0.36467120590915625,0
0.6126842959111062,1.1392028067635755,1.2694476622469608,0.1476904264674586,0.24594153956448944,0.6390257985351859,-0.14079620555702205,0.5550536318885009,0.7721581426246534,1.0274128062934489,1
0.40994661217617956,0.03694741549739326,0.5768956067859665,0.373927115535304,0.23374084558829802,0.3570548729282862,0.4325580526243088,0.9857852540359747,0.4488885419455714,0.7888882056611068,2
0.1521850224896017,1.118074061763461,0.5428236166889543,0.5732251355023597,0.9619652776787343,0.7736282552499799,0.7130133696269875,0.5209163689037853,0.2927782297264356,0.23522702235391957,3
0.3097299658674051,0.962696811490697,0.7212134952197735,0.5154904138013918,0.8239216483473775,0.6337415725803036,0.6427642020500627,0.48010741356693687,0.14399496781937543,0.36855027197587076,3
0.24431528663665414,0.12630490903144453,0.49576100368894527,0.8031230851452691,0.9674693971351846,0.4265660509117906,0.6182318805301845,0.07902174591452539,0.37068345700921984,0.3548432493905289,3
0.14197754073235302,0.18028880781477516,0.61463527815108,0.17905803441955023,0.19069749416714818,0.507443951276486,0.7082191317176253,0.6551850904546632,0.08232699528718897,0.3483447274814492,3
0.6630524183592417,-0.5526492916049407,0.6189229607800344,0.11490465054732907,0.49518609289019966,0.00023158411320203798,-0.5091212080488666,0.2152352754435873,-0.9669635223441729,0.10728529650451138,3
0.2005376355345542,0.38383430119191997,-0.017827414485801718,0.07989791792804138,0.23260554794104,0.7838939420954655,0.177208222967712,0.4489487053271617,0.6641063039940517,0.36315293818522976,1
0.6203983715529101,0.7670217857353522,0.8736908264792275,-0.2365810670563534,0.3401544363516503,0.5411702823272115,0.27444574873792593,0.5353512908406408,0.8694580779107587,0.9327427648684654,1
0.2630262504326079,0.3590708296876842,0.2843300742849993,0.021561249277654907,0.7452051664399102,0.8617518675259221,0.6672986516222454,0.05805146025044526,0.6677894316818461,0.3428911610069004,3
0.9731505362671197,0.6114627507905892,0.21244513578849758,0.9282974116839929,0.6360026187950474,0.6494726970857001,0.4801244685188534,0.9521488855431518,0.001948178725576539,0.011417695440658945,2
0.734947971341537,0.0022562177003716266,0.4763527923629527,0.02097690295279825,0.4613066383912531,0.9303314078759798,1.1540425132797991,0.49520345730740106,0.47538946005182703,0.08108381704378809,3
0.45246001891916354,0.280325021547478,0.31412651171572203,0.18301783513100475,0.3457034205337928,0.8173841883395353,1.0025203318857923,0.24478199777993961,0.48287846003505636,0.04054773811384327,3
0.5392903843161163,0.24756696016269972,0.21079676708177303,0.06702939122971992,0.43306709601064586,0.9153142323782599,0.8851275607851018,0.29323593107427043,0.37317570961699853,-0.04462237943414003,3
0.9137540564706381,0.7216962508365053,0.15681320677137536,0.8858451381428689,0.6917360487352779,0.6010603274742161,0.524156328312068,0.8885671266481577,0.0635246948073046,-0.011989231144309914,2
-0.1669818206421509,0.6809759212972308,0.966134390088365,-0.20982445561054058,0.023805745780113796,-0.28412064735636616,1.361300270763837,0.08629383384155079,1.1792832479559705,0.2570844620594667,3
0.3866451280116453,0.29678692959451564,0.21176449889495522,0.05411827273272579,0.27029838513080395,0.8684238890508136,0.8704169239264757,0.21440992788492405,0.3652730728101034,-0.04810892798786438,3
0.3319276986519508,0.7395438789534551,0.6567679529019805,0.6585569790707411,0.14710757246331085,0.32340104462748515,0.8068322830273666,0.2943396246577334,-0.031126709002176872,0.3511373606527904,1
1.024952794887825,0.7176341518731087,8.673491571037362e-05,0.23388171436853616,0.025652157007744047,0.7204111395261008,0.31587150302855815,0.7280779707431372,0.5221159954086894,0.4776416075388319,0
0.7815591697171713,0.6443432989914368,0.7453923884101946,0.03790262379143504,0.563266169004061,0.42662393073892835,0.301720459844336,0.5652148369189172,0.7897374293236469,0.3434974205277581,0
0.9218340271324238,0.7042000728135435,0.5192632475615696,0.4853922885766664,0.2659262188792492,0.243066649720181,0.23605340137682357,0.11271892509918842,0.406257681489883,0.8787006461715763,1
0.16571147434691566,-0.07994317461568545,0.7900001008464174,-0.12285890355694823,0.25083810329224376,0.6895354980004592,0.2736468084156734,0.44019346064379894,1.0551783102276446,0.5068855942381728,3
0.6042177104758912,0.004753493737649772,0.7485111007622363,0.05057926949657837,0.3486389147266153,0.5724489039917042,0.3740666441361873,0.489568720897966,0.6947104797334644,0.3596598154503551,3
0.25159051302642926,0.35101598997884376,0.18462344329078523,0.11986839037253914,0.6436096721010207,0.8715205211737078,0.7284707540314176,0.03925631538811343,0.616702202264875,0.2547738842789559,3
0.056283841748074756,0.7738135013647867,0.8465269928813524,0.2184046195490679,0.9870059057758651,0.5312849918045621,0.6857671821891481,0.4617268043497397,0.7157789369790393,0.5076222376429262,2
0.15395869038981863,0.3567756385209784,0.683700477553508,0.977815045750407,0.7087678754075307,0.3405074409862811,0.82585537755005,-0.20086443134168833,0.6255332986329607,0.3004616533917278,3
0.48456858164128497,0.3872551590722557,0.08172929479360613,0.48877186682564633,0.24225045505846193,0.10127459153062487,0.13733113939743596,0.7119784351068602,0.10068319932453253,0.5241196893537058,2
-0.022364835551690568,0.933540353648826,0.5097166615044117,0.29044597707376024,1.0590954398644907,0.354317261955602,0.4663104564974255,0.4008342196081224,0.8659764090385366,0.6869558763715358,1
0.4236262735122269,0.8319654292831226,0.7233438386204444,0.9466894881861163,0.7801314794615051,0.35931530450139404,0.15610892790138328,1.016359669376511,0.9414017053044419,0.7400355593175272,3
0.2870290479638671,0.030494928055909976,0.2735834760122492,0.2968238448524494,0.23834120121473076,0.539524490356686,0.4187206030242484,0.5155615194081428,-0.05106631097848974,0.353438574810996,2
0.5442790990784417,0.12325420782154323,0.5129572747038783,0.3208022658082399,0.4289012982379204,0.4533792124878717,0.34588124135065973,0.7796411356855313,0.26916136480792224,0.5720279724808128,2
0.31997684655844416,0.4745338583281822,0.45448336441054576,0.23286038766835057,0.575216731823819,0.7185179543269595,0.8368807722745787,0.21171056726569504,0.45662200579489265,0.5163673437722006,2
0.535927274376346,0.11717333482535838,0.20403810795229432,0.402520145337841,0.31821796461701,0.7906571930777888,0.8899027851935966,0.22092345720517964,0.6407333299720946,0.16371789648078058,3
0.055233703408249006,0.7742035530814674,0.8448825746292901,0.21792783959874817,0.9859685305631234,0.5327988782476253,0.6888292930941192,0.46213255580956375,0.719243987066675,0.5072389149346083,2
0.09442078235554051,1.1515849311344812,0.8047952611884519,0.4900037671506775,0.9484624777900542,0.40797326993096467,0.7124188338939655,0.7477387265705067,0.7691958576549527,0.7461065698340263,1
0.38503837756519993,0.9628507278302726,0.38706096243231064,0.6722045052375774,-0.026128555839597535,0.15616614330300646,0.7243666653639179,0.18047487374440294,0.2693393773358429,0.09246739915059862,1
0.5429931737677819,0.25435457673877987,0.18841964529761743,0.16760127091770222,0.25783331451492636,0.8449943852360537,0.9383853649244883,0.3155945276095431,0.41830439082029847,0.05723595605334826,3
0.4316340685689327,0.9478913908783376,0.607992491723117,1.0104159447682504,-0.18724725412090354,0.3442780874953097,0.7539540032590465,0.3544990708950938,0.2502173090517979,0.16341725140902297,1
0.8999731708853634,0.696530647542007,0.20043312735490337,0.6146979334528019,1.230937068435092,0.579302361343163,0.21373777851684558,1.265344959901821,0.9577762990607603,1.2929913557447381,3
-0.0669995520151754,0.4419149324205598,1.122337165585958,0.4717927291657946,0.746006930206235,0.5022054832472929,0.5480777920175922,0.5861743927508908,0.349387708332209,0.41417285902723383,1
0.27228955372150093,0.34463656142848664,0.5257838886659869,0.2475828615530838,0.5622629911035631,0.7351426422249746,0.7346369250736455,0.23514737513759626,0.46282161143845973,0.5738973000104686,2
0.34322659256951066,0.6131714757879025,1.0730502075215953,0.2011001537200284,0.20544037556718622,-0.006063727702636593,1.026418209570167,0.3837405176145747,1.0698330681829444,0.2593742187205626,3
0.12729701644055952,-0.020282743782565893,0.25420450861285815,0.34052763584896134,0.377663489464386,0.7202668058261561,0.624402394209941,0.9578748715181186,0.6042615513589232,0.9784195323964306,0
0.4612599675062982,0.5357712378821655,0.20690448035840686,0.5602128132524496,0.5033700145481338,0.6775004998378508,0.9719058497001138,0.8559149484668588,0.43054379895673117,0.2255177635164471,3
0.7083766522129341,0.43865085657201947,0.6062066019652157,0.7410433745691002,0.5531568267587216,0.9331631291477801,0.6306960317999252,0.3001071149386148,0.18458904111281368,0.4653036689970257,2
0.778824388572317,0.6113868985512914,0.6762894627673667,0.48759025822972313,0.48237237247770787,0.6263292331674783,0.5947812623297789,1.1122800942127702,0.5572362142763694,1.0314794966169476,3
0.05438814903295627,0.7765571781271815,0.8450708667921432,0.22167338164270645,0.9847059660616886,0.5279665691553749,0.6840375866777949,0.4583870543359986,0.7185195136745247,0.506567511247843,2
0.06295232124492876,0.8433221494425912,-0.036439913056672046,0.5105245874237379,0.672272107121957,0.9145219146806167,0.6106537106489999,0.14598387884832306,0.5497770311244232,1.129569162777812,0
0.7760188435242201,1.1388190877566693,0.2759793085454977,1.2664364325081818,0.4079407366899481,-0.0691830011913932,0.8412393553128503,0.06969844312756925,0.13096225264013467,1.0028962809216706,1
0.29767570505016705,1.0165535643416705,0.7002922092271766,0.44435469741491024,0.8691317888737724,0.624914067681346,0.6878934813330382,0.5288151428465756,0.07987345063612379,0.3597091319385331,3
0.3985427683015683,0.7229491973440649,0.15058985609844674,0.9267774007180078,0.12399799603808814,0.8383550231491699,0.03293380700732299,0.28286537578879756,0.2042919994793997,0.4367537603998972,0
0.6125958653712239,0.3828648472160668,0.5945328288702121,0.8235194048434186,0.5105589075050297,0.8936992543072623,0.5281024859506838,0.3489101240467322,0.2324627797444358,0.45588413256995064,2
0.06683544740683622,0.07678466858807002,0.0071991269784705825,0.11961713479778058,0.1597362354978344,0.9358443577717733,0.17694919483795224,0.38923472882852794,0.761357623101079,0.5009195946057315,1
0.29735404552661315,0.42788279887495223,0.4667724242440553,0.24799190941342977,0.58806358332583,0.7222821358122928,0.8080645561758042,0.2508616633456321,0.39510587232667094,0.5107445843975247,2
0.6612978638976481,0.3779018487683588,0.7479823191184445,0.6408215018335808,0.6522850750212795,0.8103193692622097,0.5509476501932343,0.4409914203052354,0.29558298915088843,0.561247081901084,2
0.3161322195731009,-0.05382752323092274,0.4831534865056896,0.3145536194382079,0.5114002739944764,0.37276334745382267,0.5691760457328394,0.6051711261836659,0.12768790956790488,0.5283017664094563,2
1.088502245978538,0.8841640706599609,0.5476521264340259,0.3763704350421252,0.5300441783315867,0.6460010640366265,0.3433452671217724,0.9167251158333242,0.745409904794446,0.6565097776085619,3
0.0138853266111022,1.6060081122159455,0.3189389149605586,1.524851974246033,1.2698943023656244,1.2446886875378471,1.0752939030289599,-0.02970900400639631,0.05168642701932291,0.8867135814974034,3
0.9209474629922608,0.46005742264529215,0.0029187099628995485,0.9948642482006429,0.02585589991876672,0.1370262362553473,0.034662572474033176,0.8929565161944037,0.8079280239804361,0.04729844336755677,3
0.24974866261693293,0.9072427416221079,0.7117574842527837,0.45656284158739097,0.8034593043631953,0.6689956667483561,0.564751540221646,0.4807882726538048,0.18463246965794922,0.35363645309827557,3
0.11555493507389701,0.33901543499556497,-0.044280516471899366,0.048169378601476756,0.4219493812667977,0.10269784871551303,0.14482261275587538,0.42327322194666817,0.8663712585834108,0.30633003523499786,2
0.9059712805832831,0.7366819512087087,0.5296601788891929,0.48327975376304877,0.27066922785622166,0.258070551858119,0.21005055547503085,0.12373086085431968,0.3548834671390016,0.8907064647475192,1
0.1285772156475624,0.368443221507671,0.011012575440175535,0.06907815247997404,0.4601589460356294,0.07918634227605467,0.1562460770989889,0.3766002378083167,0.9261419098664228,0.2556739071518598,2
0.838864409247796,0.41621902343041667,0.10997012642395132,0.9936848122497532,0.07746326116783767,0.17184207731021986,0.028185778252112048,0.9589388136635227,0.8082635549043677,0.004511312879561476,3
0.5144030820684014,0.5539292474711477,0.24015301415907417,0.49733942772650647,0.48444819273685436,0.6652864016132765,0.9959050173181957,0.8684955257323964,0.36046779243782756,0.2280582207387744,3
0.33037948093707514,0.3554504395502814,0.4072194652345742,-0.08558118009189525,0.3511174286828113,0.555581552956939,-0.052008000261127785,0.4628458643277296,0.9639556708698025,0.6521049771232873,1
1.3050045992970603,0.35381250085415406,0.5216738171980623,1.164145706174688,0.6546871005019401,0.48600439250431715,0.8880249957504451,1.516209331917541,-0.08764379717912844,-0.06180285450298112,2
0.30226899237584415,0.42590217785282947,0.45099037143977033,0.2843328601900597,0.5783688583985739,0.7166201746470344,0.8157096365409879,0.24750742134001666,0.4247250722845502,0.4873654695580784,2
0.9736993430744527,0.03971069743401771,-0.06258018761770096,0.7902398301839737,0.9741738712865868,0.15844877945678487,0.6713884060522238,0.6243836973264728,0.6454476900543046,0.7806185801348823,1
-0.07647485435065277,0.91264882271639,0.9079151974114712,0.29696764644773554,0.8131236317222439,0.19509432789347836,0.6127347375375665,0.6427102029534577,0.8473612132307925,0.5798187617902976,1
0.33922480662929494,0.18278654304260458,-0.30142510855910526,0.13633181207457964,0.753388204909264,0.7309024019292826,0.14011020360276955,0.020238522486470956,1.0933874335250524,0.23248178052694884,1
0.4041320285221671,0.32112473209822157,-0.024378483271497747,0.39742565156440834,0.34523560906198925,0.0774610452015114,0.2001732140454012,0.6807720420640444,-0.05693836736658381,0.5828981793210655,2
0.5812335547400501,0.43230685815633685,1.0203472052128642,0.3021241131219097,0.2512593488360014,0.07052474475342925,0.3334377906785389,1.049914737333744,0.7117307153696255,0.9598921641914409,1
0.7133733766742837,0.8038453738895535,0.634202333893656,0.31803871609925854,0.8987021718426677,0.9367061469659911,0.1215709312373989,0.4802350815251896,0.7450705211818183,0.4287311297051976,2
0.9363535971509788,0.4890072106082757,0.019599530236147557,0.9851752869499519,0.04584754691893628,0.13377591624946414,0.024811581339730045,0.882411676265194,0.7860738297016847,0.05382341233690535,3
-0.08023143321230686,0.8416386050714492,1.0485880242500547,0.6766978695081677,0.8248895343978786,0.46283021700790317,0.5089475357608555,0.4599208953431834,0.4748403268158591,0.31538677644462776,1
0.05008405217660261,0.9509206579140596,0.6984677789479865,0.3017341361567649,0.9559125781027199,0.3824825777601292,0.5899656041919976,0.588641369484752,0.6683644288944817,0.7226013223142226,1
0.23673084661783853,0.9619729805465241,0.6710523940326231,0.49116100986724653,0.8130314785940472,0.657195719288456,0.6429816632919474,0.4979497009157869,0.15013592201050743,0.32314597448675947,3
0.9399045519233404,0.8577856066825806,0.44696813541067154,0.6181203399278071,0.3940494275144359,0.11858239920576549,0.22225576338062625,0.18622763595190386,0.4960373228643297,0.8451203099970134,1
0.06674306662745674,0.9415699324345218,0.6756318560520783,0.3197188590947606,0.9501056957441741,0.37136740386870976,0.6038566201395202,0.593226060992505,0.6607010384761334,0.7009031109710103,1
0.1421168857496038,0.7219908513622663,0.9619574193225552,0.5718404185658735,0.6356465366970258,0.6389579604748186,0.37381494565713336,0.5078169352844821,0.36193868055217515,0.5369055328086414,1
0.9659853324289318,0.5244419090737444,0.017195878098171864,1.024928899041599,0.12237998299591356,0.10556137660959712,-0.04489533902034368,0.9027664967980502,0.7238454163189071,0.1001766373845091,3
1.0438426080737715,0.3653521117723489,-0.11398357389974106,0.8308991115702051,0.14804077339481667,-0.07746125835763548,0.1499927794311596,0.7486720570662182,0.930667365406689,-0.19283502087992724,3
0.38177661760820264,0.35437044682772956,0.42680964805190297,0.530346103549665,0.28591494521424843,1.136186195715066,-0.31134038328410346,0.44722999486228854,0.6468936724299312,-0.24188962893824995,0
0.42328955052981354,0.7018913799928876,0.4757295279367672,0.9241192722988318,-0.08795893758809044,0.35680629072343883,0.5780814141687536,0.18743802060918685,0.09731920962477733,0.11652910886562609,1
0.45965210570102705,0.22337818401785944,0.2826720079925755,0.1484555897668461,0.34914514996635676,0.8679482930594645,0.9398179932606866,0.2531011050040297,0.45473184004445333,0.03659493244949825,3
0.021331644259403273,0.6545904856979863,0.9813273118869094,0.6455856799160672,0.7766345249046482,0.6391416574827425,0.39387928439558345,0.39525540161093003,0.2755597525606764,0.5601552876060809,1
-0.4058531077090331,1.057953931407592,0.5525077321688534,1.2108109135110694,0.5038625930722356,0.5756034805242195,1.1607558871384893,0.16657536721448213,0.728482472755496,-0.34329911743491753,0
0.7871717315880974,0.9113056182243098,0.34900305185699576,0.48445153986242134,1.043386034976268,-0.32218492477309435,0.3796714273227889,1.1835217242738383,1.1277296329125601,1.21930316554731,3
0.25483969538309925,0.8347418897227532,0.8643005093479019,0.4054681252147558,1.0394256440216492,0.6436844279110883,0.5608805662323716,0.5636417213352838,0.5017307253404699,0.6423943106326161,1
0.5860957027673449,0.9725154715980493,0.2718923272963176,0.5811422370488899,0.963713600953817,0.44708525286786904,0.9162072209049033,0.16973497604637278,0.8262699003392895,0.8650969411012588,1
0.0825673211456281,0.33793741622316337,0.8478681183565805,1.0830833629191887,0.9374754759200897,0.002279483010172577,0.725363143037819,0.9877274169179528,0.533016256204537,1.1321191710007543,1
0.13044246582366065,0.3833750671457486,0.027034071461541322,0.051032509691182344,0.4558198400834509,0.08851469459997272,0.15907662330939712,0.38023027746866106,0.934001408537542,0.268027463002064,2
0.4810790996393155,0.5693106823205423,0.17961604591036975,0.531833034980674,0.5180082251461576,0.710797828305297,0.9801015647120215,0.899714948465332,0.4750196545288102,0.2611189486202018,3
0.2925367178373237,0.9567581183319099,0.7369737404103022,0.9454876905684203,0.6499312714994532,0.1376537299834902,0.9398189626915516,0.15442457984282415,0.24376463128351838,0.9616361288389437,1
0.5124419134072009,0.8099011247057201,0.10429594304027907,0.34888239332515475,0.12878097007283495,0.9016060778389823,0.5403886631270846,0.4375511762178029,0.09748801947258376,0.9635197977868925,1
0.39087534224116655,0.8878336262081719,0.9801470956666836,-0.20776416201353332,0.559156106012834,-0.3086317887277061,0.5319139210633387,0.589649358537967,0.9809154943987821,0.7735502070175013,1
-0.10684259474918459,0.978876069272631,-0.02970726896384321,0.4554683643365802,0.5480095272832772,0.8452989329859278,0.81460528120211,0.27741058298325955,0.07651460535895005,0.8239064752069228,0
0.4265637748876329,0.4258609933806057,0.5920380922288602,-0.04702937020435277,0.9246591030945638,0.5840033775737385,0.8059790952410433,0.007602806157797071,0.24764885911061957,1.1408153937920815,3
1.2254745067186965,0.8534317217964451,0.9871187833817581,0.5389504369613775,0.1120388653355815,0.21752079064399615,0.6230611149683116,1.1431392148186295,0.4368352540330218,0.5326785810292601,3
0.23620849259892795,0.3033933397744063,0.35857350374282043,0.051693702691057504,0.8205221230256883,0.9761224458026314,0.7404538943133113,0.047567180320401595,0.716235276073272,0.2560447261319962,3
0.6024314392429202,0.9750958991963982,0.3127146603183126,0.5818731124036037,0.9653493242849166,0.5059660089722255,0.9411716036174276,0.13053798650868353,0.8687280238638665,0.8044074966541583,1
1.0977334925755406,0.47011112306389713,0.9068957517600558,0.20101663395597688,0.557373768848255,0.29576041611380144,0.40358791297352353,0.8987676188806006,0.49106788485225616,0.8821545408350284,3
0.4047968164382686,0.8521487805406119,0.17525670546409938,0.38159176890285007,-0.03275011381065146,0.8247629358168378,0.47501903705880333,0.40075084368660197,0.24812362999856635,0.9937454252624646,1
0.14250452100557665,0.9135958223860031,0.768456195099932,0.7645512124007747,0.3371806209914373,0.3114372997644162,0.8329416409827616,0.10949888038431937,0.5834117201867144,0.7993278549579554,1
0.0682322798788596,0.9215341566816537,0.8472502348946161,0.38139573631141366,1.3727603202912229,-0.176119810482551,0.7195009081408534,1.4592730750986744,0.4832375412347656,1.306597241406494,3
0.058413465454599287,-0.04059905029831967,0.1498360901650716,1.3751974882419786,1.5126559769057344,0.6574152196102688,0.263546959011015,1.3997453453576212,1.0888819195054178,1.245045304586053,1
0.4149394342902091,0.566859764949588,0.38397648786692307,0.16435301767271684,0.04366850415861314,0.6612865465700511,0.024938972940175386,0.6100640869919978,0.9474462813360919,0.1687911789718897,3
0.9164482400948906,0.03292882741894563,-0.03614771726526759,0.7327590379437077,1.0411998169552967,0.14429448028557987,0.6981263786724273,0.6823849444671362,0.6183856625979802,0.6664733235452154,1
0.2702928919843237,0.33895657823706266,0.2989035302196135,0.023632157760525796,0.7371702991130761,0.8695808784503032,0.6897507007021944,0.046241009786872456,0.6645491425868174,0.35638010979307594,3
0.873317463199822,0.7035694119974674,0.4938474586255937,0.4550479624575476,0.32161347259806655,0.31883991941704276,0.19996586816255077,0.08511629951215702,0.32216022624036716,0.9350568730671024,1
0.24984602811620385,0.5794685886565171,0.6650613738941,0.3560867921481322,0.7103373260300601,0.9932364784961273,0.8568959625442734,-0.045903181878561156,0.26848019720615335,0.684720152015666,3
0.05052237783865956,0.94202364530135,0.9230004518674295,0.7496884464764476,0.1675502897210589,0.2565762141354593,0.928547184052675,0.59660550824175,0.7357316761362477,0.09474746271366308,0
0.4818006079368316,0.407149876160253,-0.15431158189766364,0.13494650245330098,0.41245329331553265,0.5401884145818492,-0.37522195843952416,0.9743856000919836,0.5245389606450621,0.322415999687073,2
0.5436340424666153,0.3137122989128528,-0.13171430830432238,0.6773601067605802,0.5536716906170381,0.24009058694719748,0.2794533119585333,0.828562916354737,-0.006717209561539303,0.7674362923504465,2
-0.19766867970899304,0.6880733134693904,0.4779848696502953,0.6378926163239439,1.1875549645914119,0.14738337695945802,0.9753084802741009,0.8726017726392971,0.29678209125313976,1.2756111279025926,1
0.23304429091863188,0.8784793109728126,0.9764876574812361,0.7161010032871953,0.6595558846953299,0.732512230786264,0.372113932210102,0.49597118711030125,0.6084386677319098,0.6391381265419325,1
0.8632932140364437,0.6584468405079067,0.4430983982982653,0.38395090626648487,0.3293868898384219,0.3453024697504704,0.3318629297840975,0.05613581667769994,0.38313034562140263,0.9437674675011456,1
0.23429774914932056,0.14408803128232067,0.189022463860463,-0.07288409201479171,0.5245855988334496,1.0333539505737164,1.015395479075669,0.2398387916992181,0.6199545349440776,0.06265824705392783,3
0.4830568517308365,0.625553779503023,0.23972864701187482,0.44164583753492004,0.58312700476607,0.5376402687318804,1.0631192087861125,0.9791924940165924,0.38262322665850695,0.2050699022111158,3
0.8039261932384478,0.6384897466391815,0.5197637544004625,0.698160506953883,0.20641685717739847,0.053629754733135054,0.04956412474419372,0.26637753944385095,0.5558841794606808,0.663518523407368,1
0.47208972294065943,0.8815161350547708,0.42826025606081336,0.8259397053728799,-0.04574848523631061,0.21119948124459717,0.5420355985262038,0.18819397973155605,0.14717134761518574,0.17074975652149166,1
0.11728040314271454,0.24821132109913713,0.22486671826624097,0.19195447577128044,0.29159084175301236,0.9001581762901016,0.30628108430587075,0.38294412303563635,0.6105364295908472,0.5774246264372774,1
1.1127604711082393,0.5745962099473418,0.7297244417064768,0.2777778746494664,0.29218823386401094,0.40323560760696553,0.56076758417243,0.8138322006413614,0.6179738576038637,0.691828727038857,3
0.43995236370430024,0.15816894398550066,0.2146648099651705,0.13517079972309062,0.32550709342604534,0.8565140507886142,0.8612557709871703,0.17887589910486423,0.3937316218046579,0.12243046430423447,3
0.5053727275776014,0.8749675890191241,0.20199127263504169,0.9919840583598275,0.3357547107267467,0.6143229680031952,-0.23680027478320903,0.36463228793836344,-0.054300188484250514,-0.042858167738803854,0
0.4953842948576255,0.191464218501733,0.3016162466104686,0.13991149094261693,0.36253395657381765,0.8364677404415535,0.8726065814025019,0.24371139079941817,0.4096010521193023,0.07637321234862382,3
0.4415820646117584,0.21276897423413174,0.2815221517733442,0.1342045534078015,0.34592468440773416,0.8654838660311507,0.9276259540485987,0.24983718926220133,0.43649167206029055,0.040407958461878585,3
0.056723847651082536,0.6099225300695935,0.5764760102545136,0.9479436813368162,0.9914233955269356,0.11580029150991114,0.8430483659595169,0.8497929164316564,0.4870917715431626,0.9203882146743965,1
0.39445919069795055,0.7452690421910685,0.7121332130990935,1.0181395468083227,0.7147843758752874,0.30587982182705464,0.2724257958751011,0.9352943112447665,1.0217765523277123,0.8974500889488893,3
1.0905566394322805,0.905616937864161,0.4133851706765542,1.208434122769792,0.9170038849567697,0.6923422149743201,0.6914938047762617,1.1597748071534373,0.12152170292115168,0.19282056149308732,2
0.1735840567581353,0.46590921938371266,0.9690760556046389,0.8162684630760443,0.4748374245805759,0.5276033666228841,0.5025341357788533,0.2126698731743886,0.198604943217936,0.4798353580286371,1
0.8077103749085476,0.5155273910555628,0.5464925465472481,0.537280702813007,0.06043195206260987,0.3274205479447393,0.12347063422131072,0.5670337257225567,0.3842383092790497,0.4308384686246121,3
0.13144351377866864,0.4108982476009409,0.23299284990758634,0.3997994310155146,0.44573730967558395,1.4519320869126955,0.9735078590147183,0.39283847197800426,0.2859351253222282,0.4822652091056875,3
0.25354586000181656,0.08013572241154751,0.6841070019585166,0.40831077940724264,0.9745750109242248,0.010010503722007982,0.9040663957560868,0.4918646042981122,0.425776249453687,0.9773284752297563,1
0.7277074079474658,0.8009257617261217,-0.2102200642597003,-0.15517957530061205,0.0595143795435434,1.1829044048665467,0.8418212463838255,1.0684191932253695,1.0172945577928763,0.27542499041938584,0
0.801608731398695,-0.014298398385356959,-0.15835321254035606,0.39622933902939067,-0.03183843952728932,0.6816312439795955,-0.2736336131250518,0.8944029347425128,-0.07145816341545796,0.24153143635810514,0
0.24751892169518888,0.8900445033895419,0.70005782479935,0.38157439508092794,0.6653671430450001,0.7323835631592331,0.5106763514290192,0.41408005616040244,0.13637699076216026,0.34519163911611117,3
0.32507551615138375,0.36949565624278335,0.11638603745356005,0.09398412231529699,0.4441319327549993,0.7528524690370016,0.9943657940036202,0.35296249457625745,0.32958737916578673,0.17955163618295802,3
0.13030610875153947,0.4023341903653129,0.010891910080434308,0.06394299873065364,0.4741193413681026,0.09197384333183935,0.13581152038976343,0.38872333427933664,0.8909719212750788,0.28336517380986376,2
0.3517484356988686,0.42381085015817377,0.48154582131669293,0.2652115573701722,0.5961397263513548,0.7028623068999735,0.837931361865313,0.23545186567298015,0.43476118681897696,0.5062423879125338,2
0.5593127379889427,0.2409410511098707,0.4142308776167098,0.22191032386063672,0.48362688389334535,0.87396002450979,0.839153261121822,0.22111847245662147,0.3724456306512893,0.03710752888525428,3
0.40954041824054127,0.877428463735128,0.4874197032347101,0.8001073352452499,0.02742375318518785,0.2273823658393497,0.577152272280088,0.23983241953549714,0.161605201975791,0.23744873331862726,1
0.4122390819318338,0.9314027582003658,0.5017315542046732,0.6683772033721622,0.38075357404651367,0.42638115081583694,0.8127564268314285,0.20826372888643335,0.5772375994789327,0.8069472530940534,1
-0.07014395779066931,1.1227966933813305,0.7330919922939692,0.49147310230423985,-0.15485714151358715,0.8720080330174641,0.930929940336914,0.9206488759727623,0.9172872938508778,-0.25791932571589216,0
0.4389180125254918,0.7247186672112758,0.14642268374132045,0.40253826650403385,0.02712309286144453,0.9484810808186922,0.5675106793165486,0.3746634329950253,0.05903591030670384,0.8698983741092744,1
0.36950180064090166,0.09590216911388816,0.4934088998080259,0.7498240543143088,0.7133397210864592,0.4219230089902991,0.4606149625435395,0.1851901273178388,0.4203882783105797,0.4441843629077222,3
-0.09192141831929429,0.22143069414726307,0.1938023562585013,0.04576618573026467,0.17751883740012425,1.044398137014135,0.0410748279415131,0.18493110027450976,0.9039633129846504,0.5123589587508396,1
0.14022462467875887,0.108881401612879,0.3782368378377405,0.7122114278601084,0.08726430045084892,0.39647639622034103,0.5514082887723538,0.8578001810195732,0.41490802184050646,0.43903471458783655,0
0.7432838856412762,0.7458991873169468,0.3534447176886318,0.5302434148566539,0.1963643079844279,0.47056804418738285,0.28805541288557596,0.16469253467678532,0.487762513641848,0.9856673935600802,1
0.7322374469733908,1.0367367593923742,0.48535197824056275,0.7225602766570051,0.5513083429201104,0.7648510492815125,1.0225394075162946,-0.050855963734713544,0.6944978118268444,0.7990091409780046,1
-0.044922960693700525,0.733824726702564,0.7679088344061528,1.176964926765172,0.8440667041184045,-0.1462565915297016,0.8461971900600542,0.9604969223292747,0.43690781867845263,0.959560645877473,1
0.3455554467285591,0.5971980086500401,0.31651786317196273,0.598045560788476,0.5374477229484831,0.8945830356135493,0.021480809359888213,0.36905154729851886,0.4356579693416064,0.149987998915975,0
0.05558187461824667,0.773940186290304,0.8470081050524607,0.21795900523271974,0.9876100652481691,0.5313114804897365,0.6850468594650155,0.4615387235978139,0.7157189076449288,0.5073625118703247,2
0.7747628742141477,0.3126390170793114,0.6408478956465675,0.30780088285996154,-0.5879200694296198,-0.22005761270923174,0.37397338814631786,1.1971288185013231,0.6057453384561691,0.20754863300336102,3
0.41818972553933736,0.6355031021423092,0.3509426934628864,0.21018593406056454,0.09486300185285569,0.6934879819117686,-0.015936584880380168,0.6600242334442215,0.8927190182883162,0.14112336943005585,3
0.05125457445236414,1.2025630620957422,0.31309414390597684,1.1377899333093333,0.7704166277372981,0.17790157079559152,0.7718285692061247,-0.1780729811603587,0.38020406743780155,1.106331148849978,1
0.25430272455302916,0.03470570187794689,0.5009368133194346,0.9612302876117217,0.855794995829184,0.40225877728043774,0.5225458070574358,0.1197861184027424,0.293349469192114,0.3090969334252319,3
0.9386516268012822,0.7186918425651141,0.6090477904171789,0.49664361952593095,0.29515316406130787,0.30146236837440377,0.15770265990134086,0.120879947882052,0.37238185998166556,0.788652300948184,1
0.28646761183180014,0.4755529464908558,0.732893137513698,0.5205810943389814,0.5031230720393333,0.43521639624776837,0.3680875062864287,0.3497664571168733,0.19859857901480155,0.3012799786712447,1
0.8385930265162073,0.5081123786321466,0.700736491733996,0.6153725291474382,0.11309973601106546,0.20498818651685272,0.3889039072207483,0.3049593834195523,0.27843609757256305,0.28095811890965794,3
0.0997497812421453,0.11003880289150017,0.39446600421928785,0.7161495918704003,0.09767544110718071,0.3800806571510856,0.5351763527746026,0.8468255026592979,0.41269664842818965,0.46337229519397216,0
0.5431823671945403,1.0844608426432467,0.7356800274875348,0.5777839154292161,0.97897239567949,0.5285078290059486,0.11809651608204487,0.7326778966701213,1.087525645954487,0.7282219640058334,3
0.3987591171447389,0.608154185170176,0.34925708348185547,0.6160121349874375,0.37537862721239673,0.9042880902015206,0.0016350900498810148,0.447167301043616,0.3725017037977665,0.10191040418525006,0
0.8103563720464719,0.580948560213375,0.8907383609649137,0.11773061385262923,0.13662645041958607,0.04196376426072561,0.35805732331226064,0.887704347807454,0.8739050644252888,0.9016506816136179,1
0.4809570489164147,0.5315825516366236,0.2302078339436661,0.5424999951896232,0.4994668696604003,0.6213643709873444,0.9757659181801956,0.8578893909856872,0.4844707452588953,0.19087576498303785,3
0.036515894797788856,0.730581476973422,0.43220370934668995,1.1416440913844175,0.7113398645517266,0.013931143827125764,0.9918358494831279,0.8286908629188481,0.4394304243988332,0.7390492487697526,1
1.1657400738014436,1.349816681708477,1.5063228112583937,0.9497315828872186,1.0028278515497138,0.29052562950127164,0.5825487630953076,0.6097188066639986,0.8564516589382976,0.10831438845470343,1
0.2818070461624615,0.9111103838379869,0.6749472019325189,0.5386458759638181,0.6951091523375366,0.5632503989276659,0.5734823076563683,0.4127741075085706,0.12705019221324415,0.3082175305842588,3
0.4094102434269225,0.40890087219083926,0.09664736172581624,0.5352700926591699,0.32217186701356787,0.09058976369600535,0.062241715651008125,0.7955731619234321,0.07163525517320471,0.6184463701077845,2
0.9719331853944245,0.5024957173146044,-0.004157253148887475,1.042584117702707,0.022111261358031483,0.09072423742812492,0.06534605163824717,0.8705108063755636,0.7488309047353094,0.10992634409041606,3
0.3036266137162441,0.3732726147000516,0.22781709872590558,0.025041029560532693,0.7756644017016979,0.9352320808908848,0.7231259298457947,0.055462122458818736,0.6915354016650539,0.2937649577539459,3
0.0875720684687848,0.08842315781088718,0.34273788624384727,0.9268934404863515,1.0289870576604025,0.5693858619165687,0.6595791663557613,0.15869200858802418,0.45750419601702974,0.13438346189866412,3
0.41728480094771847,1.01710849007381,0.6020910882530885,0.7364369387219709,0.28332299172834996,0.13414167114106176,0.8355383347582883,-0.025718495161821564,0.5470353054539858,0.7901433155265645,1
1.0219955596666193,0.7117641454120467,0.40538121576975594,0.41901274727280974,0.36507914255942275,0.3674553078113081,0.35870969877192516,0.20016257581172864,0.4323118231730765,0.7307012628630785,1
0.546138695278618,0.9764877615424148,0.786002856574434,0.5140695230313105,0.3548805375334723,0.4684011821837378,0.6409755926874935,0.3059009938567799,0.3385075423461098,0.6514478199297793,1
0.17406783544335988,0.48236098160044627,-0.16879128051046832,0.3832852605268193,0.49936269903210445,0.08138855955173681,0.21119361512381635,0.5019198225365844,1.0599376832023808,0.1360129689081654,2
1.1417670754272078,0.24140122283281235,0.16630772021556356,-0.0727058432846,0.7917088181065297,0.7770541999646021,0.048643252647708635,0.5638599962070938,1.158360529724398,1.127722343920633,3
0.49912983767983704,0.3281458717125082,0.18816042764047813,0.4371014566361912,0.39530746062111755,0.0576702282585211,0.04544011679352612,0.8386003565996264,0.1768931841439759,0.5657859223777729,2
0.26911237591330034,0.9555612946805967,0.6680262100299807,0.46946748451499404,0.7835947537880587,0.635149077910999,0.6125981377331897,0.5122248658019046,0.1770737287426568,0.3494334741819298,3
0.979423050828673,-0.023456172892041965,-0.10777633404230119,0.5677541170188911,1.0120500975546425,0.1414051875359476,0.58366866138607,0.6694438050602983,0.7047307258949475,0.617993745208531,1
0.29277342517793237,0.9443677087958141,0.6623263416362024,0.45453432738660815,0.785078954093766,0.6076388742257347,0.6083499206008111,0.5076395820523775,0.17252157649677677,0.37576717866333603,3
0.05481137397950079,0.774644673624974,0.846244291844789,0.21675428815636463,0.9848933152408802,0.533371850289655,0.6838926873849427,0.4608334497277046,0.7176165815190976,0.5094290804537142,2
1.1536428128911125,0.27077133576622736,0.5024133170370507,1.1131887119887331,0.974600907778402,0.8645315180464188,0.4532718168695166,1.4106758793491296,1.0570953387922153,1.3723966345096628,3
0.06299033428536534,0.9633365418716812,0.7022450025136961,0.28344059542081906,0.9185802228168546,0.38202910235789206,0.6072585588704401,0.6032486703548304,0.6690219749323663,0.7412281459691863,1
0.12765432959642425,0.18145753903783812,0.15218158597382214,0.21665203183731363,0.2953042647032641,0.9153779506949529,0.28620299243302966,0.32260204280971894,0.6547360267970688,0.5242511132073532,1
0.9958155013351668,0.14385172230796955,0.08856037614803035,0.7279510826812198,0.9927695030972736,0.15983720450963837,0.6225503331299083,0.6392744462255905,0.6022441598103099,0.6867505512187884,1
0.06225009995803121,0.7671377679698825,0.8515985210933356,0.21750104462646772,0.9808578526676983,0.52434750181437,0.6821530847813901,0.463689618902873,0.7166500473168841,0.5002307808955725,2
0.4585267395285688,0.2939328135795774,0.340655077008843,0.3528281748562543,0.3121450475856406,0.3667659311394308,0.43236357781368684,0.799437302642999,0.45430324537970135,0.5816640256379686,2
0.8612579939878711,0.8052753214758154,0.6209819344291307,1.3135038957125376,0.45342465652196856,0.7454602950904157,0.601360996826422,1.2525530460130347,1.2050950318429827,0.7765014611570615,3
0.2499944923860522,0.9275625181789711,0.6164538897990609,0.6194782332706785,0.7081062064515632,0.7715100217015989,0.6310184132772731,0.3938484254539743,0.1738436419923429,0.19189901054534086,3
0.31601674180680744,0.5036636950869255,1.424184707121837,0.14399910756518108,-0.23985133486361326,-0.3938539944773858,0.2989369237635614,-0.16218232456747927,1.1086701573592737,-0.650941458226772,0
0.5066017465356039,0.6638832880517094,0.5554198848213732,0.8403211966025372,0.9368260131863828,0.5261995423334874,0.337082887649374,0.804207838809421,1.0825149120242077,0.9438203335826236,3
0.47629720515182766,1.2997026280957495,0.013254842271682998,0.6567359081458837,0.10735698852272661,0.6509761241106365,-0.5224566835037676,0.06133703954699621,0.5143482125663437,-0.27571599244274536,0
0.3213710205373665,0.4417134001148709,0.4408706644009151,0.2488430931114886,0.5640002283002731,0.7092427388218712,0.8206189125831101,0.22470800605293131,0.42582286135750613,0.5052958908883426,2
0.4209859045820748,0.32193796590283097,0.5523224813850645,0.14600244936462145,0.3219525221531844,0.3215560849807682,0.296058468357164,0.8284279901272865,0.46569381907634494,0.6772060351687086,2
0.31243097054239793,0.9220074710041342,1.045338320587505,0.7296134544820325,0.8308915198846605,0.6435321758801109,0.046641030982383314,0.7757628327970302,1.1541211045161357,0.6141240385731661,3
0.9683547447704135,0.8102650573859123,0.6669099608773853,0.5064392377331569,0.33331957852798794,0.6515178751598767,-0.1914142313894901,0.35098317627842524,0.0007150837032591784,0.7328071487349694,3
0.8759883693179501,0.688932157562778,0.5562003130796914,0.5433840665517937,0.333403201891417,0.30119702858629016,0.30184774613116444,0.139465840810313,0.4205649290704589,0.8645605479283086,1
0.10199100644976072,0.2610840649097364,0.36348025822652585,0.12196625972368634,0.5634956641099933,0.9950347326808289,1.1362052844278487,0.4849745060280799,0.6455389975070303,-0.00494860097550489,3
0.47616086221533294,0.7350178403710308,0.7029851427523963,0.9669433462787221,0.7525930088166076,0.5231222338805276,0.20233365174686607,0.9230324305094216,1.0245441614291704,0.9135304568377454,3
0.7650956276399261,0.5500226359290651,0.09195009887667703,0.8547563935338878,0.08139925147516583,0.14210796832447453,-0.04293468166456089,0.7791540189621905,0.8479476834203785,-0.14444921503636182,3
-0.07057904389492516,0.8558169752500713,0.790589104124961,0.33965578849525396,1.0389563003709614,0.48990091052310447,0.6058338926241263,0.6859129848445735,0.7255519852658978,0.7133540607611125,1
0.8029252209672753,0.32720877706461565,0.6605288285649233,0.8295978852968474,0.5850293379166119,0.9626541033797364,0.6370775719583853,0.11845353697557703,0.35176664598568985,0.28618334232041237,2
0.9049666653669102,0.6804564827500406,0.24395767833554066,0.7938585473752223,0.5180992336981984,0.8134075443648773,0.6316412533970587,0.8315910375295118,0.07147065586813876,0.024055644909629532,2
0.3430386198255696,0.08610935574963632,0.5379624580349067,0.1170098865616367,0.09427697384235295,0.6469208420428091,0.29640835007328853,0.24704381839447223,0.8727802759060868,0.3004351963830369,3
0.3124595908643377,0.8011401396678577,1.2889126338430894,0.5870837627385291,0.46092498623745826,0.5750205891624751,0.806360985404539,0.34594444749775255,0.843235741453263,0.39883532949684214,3
0.4512788140973648,0.2426440852549264,0.347032945249267,0.08514055603457063,0.3157809734437689,0.7939171256978802,0.9449636296016993,0.32697823250048685,0.4702015803777286,-0.020013895623172004,3
0.9785128654352455,0.5353217238791899,-0.030528887947700513,1.0451019764194234,0.0912168780803925,0.14440540132084223,0.035325094640530914,0.8921485333140082,0.8522028926763305,-0.011688736021578702,3
0.7322101560411455,0.6233952055153245,0.837697247402306,0.0803276626940671,0.1277013666199694,0.08449366382646592,0.32765320010092797,0.8991772706512052,0.9126836130397212,0.8451134466791966,1
0.31172863141031454,1.2596020324304755,0.8350426902601686,0.8475113432956891,0.3165918218816901,0.11275838831719123,0.7532472994598849,0.6080321286857577,0.4472406073958838,-0.028730071724989245,0
0.4633464734699109,0.18992636436384402,0.30046892649690604,0.18209054937808483,0.37426765046551397,0.8689337997198537,0.9562156099525789,0.23610124485052042,0.4274535564904463,0.04943121004945097,3
0.3162844091001602,0.40473622369337797,0.43090948950465613,0.26800506852092537,0.6124888952682739,0.7266546399407378,0.8078719025290061,0.2082098119074748,0.3938781999148135,0.4736193586159345,2
0.057050480447654484,0.7746235784649037,0.8458350783403917,0.2173062996446923,0.9855779522335302,0.5316993690109452,0.6862759539203018,0.4631319000443345,0.7152123689330333,0.5088391318840351,2
0.9247512567379349,0.5317295068055728,0.6131550243893856,0.9986414887410757,0.8629698643296952,0.8617803615499569,0.5070422376508065,0.4841845721179549,0.38002302645547026,0.32208189736732995,2
0.9003700632753064,0.5111634216278064,-0.06276864494013233,1.0541896801987312,0.08418203286472317,0.18920134099779573,-0.09693432590994121,1.0016125861743876,0.7665319279078755,0.15304133936052128,3
0.44000741141660005,0.9440134183743698,0.6258220697022155,1.013573322245347,0.6897341295378612,0.42591148779319926,0.1676933994502877,0.7959779105506434,1.0655835292108389,0.7502434425229803,3
0.45556715064673015,0.4042550214742304,0.16036629589209128,0.48132483959352557,0.37933876041547926,0.13256504291262128,0.06741922489695451,0.7852559901016561,0.012883615332921539,0.612108468779443,2
0.9417563324514491,0.34121544379898205,-0.007613232782820667,1.4777518189534224,-0.1557129971301,0.8692410468027284,0.6196953907229994,-0.45103368003539546,-0.10185928979122544,0.3513599328401908,1
0.4048751555066664,0.5650182224968067,0.36516362877740355,0.10938228469345701,0.020080400512906254,0.6826875252708007,0.04461083181713691,0.6663161321921341,0.9469622893921256,0.15104472490246573,3
0.4800044331282891,0.7310821622345876,0.18716215906761008,0.3511362665704854,0.11238422159545419,0.8979664893736089,0.559845583894291,0.48602912902147344,0.22691450016844517,0.9763026212949305,1
0.2507159031715906,1.0063129920869396,0.6065091782197372,0.46410402858399646,0.7822518252458726,0.5804467040991366,0.5638624281224952,0.5035181505506117,0.1420886654491041,0.38259817407366675,3
0.036412442085466165,0.7557808658993089,1.1625009161554047,0.5708687630840494,0.8728365168625907,0.7158612455583435,0.3779465678012561,0.531600249549486,0.12948392970273603,0.48373790038335085,1
0.9412962699443816,-0.050150964589113195,0.16178420153859602,0.8395468695629809,0.9662084707772872,0.2563821362027246,0.6990768300927931,0.6001945799908385,0.7020830086455223,0.7232730077600683,1
0.0568296843522302,0.7747224661281128,0.8460592323942946,0.21998168551803773,0.9918710857005846,0.5272369651741997,0.682576202029005,0.46404510911377284,0.7195364282774178,0.5082283173911758,2
-0.19223663599336555,0.6939642355567321,0.29919345564233785,1.0380223249506604,1.1000443177155037,0.08743746249187749,1.0867340484904298,0.57044010939548,0.41563079619281273,0.6928293974717019,1
0.7731303336259203,0.9064551174056357,1.0648288920946898,0.2929377642126213,0.542199703439125,-0.25500465998813476,-0.22742979143770703,1.340406618514683,1.275954351015657,0.9333131081000743,1
0.3316377164932096,0.9385033944255312,0.9043015072255034,0.6235464257695681,0.7691715960102853,0.22958480560592734,0.8506192511457058,0.9246605571437827,0.5550068262657287,0.07771829135113238,2
0.6715225811212144,0.47922220825229245,0.57523726882311,0.7883658155464819,0.5275895514498786,0.9564325259734299,0.6937152257232531,0.3777795977372193,0.25225710586164385,0.5328843094659411,2
0.30950372385828284,0.39668158624720673,0.08453369139418095,0.5751657490616848,0.2988732980873797,0.17010220634232123,-0.004442057201687319,0.7818609596483488,0.20545443333543423,0.5811220306525846,2
0.29221589746190346,0.30197452149138626,0.32994122527020664,0.0012169855818834289,0.7454015192949466,0.8565257098583584,0.7074392197884832,0.08469753650533846,0.6970846359869712,0.3116028780400553,3
0.2933728247004021,0.7852320524064318,0.6614212942324998,0.7789482818811828,0.5771135007998626,0.2510948490209474,1.0157927191024905,0.08697543865913611,0.36168434485711276,0.571216063665208,1
0.25244650249087247,0.4299722206191968,0.5726879261571801,0.22773690354047407,0.7048879658089019,0.9422117359894225,0.8544315024763278,0.08817166890782611,0.4137397534744652,0.6750243661587797,3
-0.30813802404866175,0.4939507074993677,1.607101220280002,0.04775912878501028,1.0451795966550481,1.2039813728578161,-0.45365160323058784,1.0562148786265415,-0.20758193766499622,0.5142975618519354,1
0.7322984496245551,0.8413462709644339,0.005295169620897794,0.7349762861377725,0.35918707846405873,0.5483272577810507,0.6199888273806599,1.0016742787672257,0.0625043432391702,-0.1901297478122063,2
-0.01344394531630537,0.47961563310828415,0.701247251121409,0.9152843259596619,1.079658176016358,-0.05586086063409558,0.7123737544377298,0.8267042339183004,0.6484249805145784,0.8320747635625931,1
0.4154827544037526,0.5567175438848867,0.4039053681307036,0.14118774376465548,0.04420197698621966,0.6462610475639193,0.023793370111673547,0.6262151696211882,0.9252816372219409,0.15393830782839824,3
0.8924900413228359,0.6543868231216965,0.8574323865138742,0.44658992928731056,0.7692656658149043,-0.03155635750835009,0.681456201071474,0.064239676964928,-0.16075502356840354,-0.13632939384609383,2
1.0957497861270744,0.6659605077989786,0.9630066428457384,0.17824183362741186,0.18115096549931006,0.6358479888103362,0.43655592470540794,0.7431663708034472,0.6352266738957584,1.0926047204187372,3
0.4717117519163898,0.795131878549815,0.17282228281293865,0.40357154044409793,0.10339825762643605,0.8830560363241872,0.5548535174795162,0.41576041500892125,0.12900070644770745,0.9399982172216124,1
0.517397069770314,0.8001125738320809,0.76067045519586,0.8825399321202348,0.8393447930401942,0.43122033012733707,0.18225800796165983,0.9359578288081767,0.9928022749571618,0.8301709311612147,3
-0.31116838634534455,0.9933960250306555,1.516571517650311,0.8438717139794928,1.1769714808159581,0.5493973349929789,-0.17054041614722826,0.16749068252052562,-0.382054991231529,-0.025175726046600233,1
0.6587252010843829,1.013054416782325,0.535050616070037,0.7165808852717906,0.10442646040985792,0.5121243238072261,0.23642922111512837,0.009268057385347667,0.054794500544811164,0.6834416081083872,1
0.22391880946775067,0.790625103567054,0.6077637912531693,0.9642187679511394,0.34153116377384096,0.14013385001849138,0.9333970701874793,0.30745564883617366,0.39483855120265704,0.5505789710635904,1
0.6065181779735279,0.6094441045654366,0.12198844563779207,0.7235072499321449,0.12878650217488175,0.845820677865705,0.09489141317894476,0.37788827305021633,-0.004950294930189364,0.3047330024394915,0
-0.5378901155981897,-0.050926207803470014,0.7843178564112799,-0.043220998369715075,0.8635550540180175,-0.5227850298306765,0.2673138853629131,0.4612824670508966,1.1417072570052835,0.38760294081835445,3
0.10255135649038381,0.2807857774822776,0.516343980802008,0.48690452285189023,0.42260248211417134,0.3887508347533136,0.7110978257329987,0.8161653149568435,0.23574761799859414,0.1760184530576286,3
0.9015392326314513,0.3184914367872944,1.1715669968659426,0.12789137261254696,0.3333077300744569,-0.032651655846930194,0.8149370040724605,0.5737838905461995,0.518208848390874,0.001225028902509931,2
0.36842993526496093,0.394111389829117,0.6419584393141633,0.43894080789849554,0.5182909394840508,0.8616216252237485,0.7284331206229022,0.25332499078371296,0.5221988643193559,0.5275320027611392,3
0.9752427981746814,0.23345840587651295,-0.10439110169462809,0.6540930426211472,1.108552220129859,0.30024426383136477,0.8223633615631908,0.7028317309888824,0.8389413248906668,0.5711292356104363,1
0.28354676084137875,0.9529859054059838,0.660096725991419,0.4462622714171525,0.8064600679030514,0.6568848104805076,0.6402962758630149,0.5256707844723085,0.14642490621929463,0.34968589227287494,3
0.07820678725843339,0.9850845131613034,0.03108663431125895,0.2659312114067023,0.7315001448511996,0.860063937170654,0.6410481640802214,0.20117888490731747,0.23140490348458584,0.8355799277864641,0
0.8107477069032776,-0.014234211091093338,0.08040862064173021,0.7747417722029059,0.8765705534806054,0.08423033358830607,0.7296170314169431,0.5794310336508722,0.6338870764167341,0.6515098098550521,1
-0.5560736139460711,-0.14330554930906791,1.494460272809086,0.2587915692492899,0.8627239735755257,-0.851499799114098,0.6878545103230738,1.09723905307673,0.15961507175594514,1.436092348946826,1
0.4413474489559281,0.35301853729536403,0.8115746230919251,0.40188756195835595,0.7163400297436556,0.16771392278207087,0.865829928900975,0.6324598573118264,0.5909093154710364,0.10979573056589581,3
0.4924522786801182,1.1098067714381024,0.8272268869749824,0.8253899520967484,0.364543930473743,0.48812871762495624,0.9004142111262472,-0.08520775419069432,0.3128822025136375,0.6840689617497404,1
0.5460562877461893,-0.08900965410303163,0.8110997430041428,0.030736608537938914,0.1521840409806926,0.6346695195556754,0.06608035206182775,0.40887464606084334,0.6474337204973288,0.1905254036229208,3
0.45964717608750577,0.5461111106180677,0.35740759400129407,0.1258974640010686,0.07260208393809377,0.6501328152471929,0.017365233702181626,0.6279426239658532,0.9143691836983152,0.18951909386247545,3
0.9992690872933112,0.6594563300334526,1.064177787254999,0.27421537522978157,0.24819466152139835,0.30653435973853205,0.1733101551124729,0.818830135656981,1.1062850787727934,0.9102412051209238,1
0.25690788604844367,0.9793077192427092,0.6440164798221527,0.45911351131965755,0.8043718500647729,0.6725369352617384,0.6190348321283344,0.5366915449083617,0.12591940436714213,0.34303246330521253,3
0.10995775837876023,0.11374501959679194,0.3800068070759876,0.6247990006665153,0.10063787566597406,0.4011617969113745,0.46869456947887356,0.8874393632299975,0.47263363006296416,0.43778419882585584,0
0.05203715402988539,0.914905241521307,0.8880217439977459,0.7870946233618812,0.18087297482041623,0.22094758390972483,0.981857386368209,0.5167760972369329,0.6363275317345639,0.013937525744100461,0
0.3068588159171588,0.9692818297308993,0.6692110517884434,0.4694542391979135,0.796433261804675,0.6450328018681843,0.6441266192741719,0.4884138058649008,0.20000153259531098,0.3839246638555233,3
0.3179957947746186,0.9406522798010365,0.9252028528973015,0.6192277197890065,0.79594371660873,0.22408108178001815,0.8752410191501583,0.9084254073850686,0.5521022256866414,0.07369781429248079,2
0.8045501642510521,0.6312566945231112,0.8516453640318741,0.08305854478738839,0.11728476582143568,0.12367620230850226,0.36313758111356864,0.9579694137082966,0.9260610580160845,0.8492269060824578,1
0.5613549864098257,0.056766529229413415,0.4549536519308327,0.22517752610012218,0.33150881672159543,0.5186818566297527,0.35094342620364144,0.765321724085714,0.2709500587374767,0.6920817118480357,2
0.8085850901691956,0.780781707148659,0.6352391355019313,0.05993170721923421,0.11033495108035246,0.004057610367944817,0.257003263189183,1.0130761896768299,0.7398122872980758,0.8096929759388741,1
0.9101301183914337,0.7185700789876261,0.4519225520598359,0.529891102077427,0.2506420411541798,0.32753811690576584,0.1798233080989884,0.21855244629244588,0.3691149580172316,0.9254643870551412,1
0.6508277060032408,-0.08099787631667915,0.8091286504338168,0.5116058668007247,0.3653467919959613,0.29538556933886784,0.2969029602874323,1.1034108030928054,0.4040452985113941,0.6024268642750793,2
0.6182806026195975,0.4401594437871371,0.6690284286210053,0.3115816001017563,0.04415554065479318,0.1185487182179761,0.36943767183693954,0.571398276564837,0.11680680154176798,0.7216094363587753,3
0.9440770080921858,0.5044871200768191,0.001684878751275598,0.9652046663389012,0.08509446669649426,0.1603618159864934,-0.007203720144632168,0.8357651402955418,0.813491428369507,-0.011991783251849186,3
0.29755580340303944,0.20056520226478242,1.644007317700279,-0.07593869714624127,0.5002242583422974,0.5071419632140467,1.0722495932258094,0.015343699060695881,1.2087875140571653,1.126437675248676,1
0.2809069929292757,0.9374741765646498,0.6244310976395944,0.8379019186853482,0.003971855304272642,0.4200641929694257,0.44474417883324957,0.25380862562865486,0.08014561868217462,0.0408261062253544,1
0.1771872953567159,0.9647711949841171,0.5934673163931882,0.3067551902552087,0.9724441067016272,0.44915069062357205,0.5298061642489147,0.6467123170085181,0.6676286130329956,0.6428054553564011,1
0.8770108860053838,0.11395941110018978,0.07421703536706509,0.546799747318872,1.0448120360152184,0.2552860682145669,0.6257980978229926,0.6062018855270228,0.8286259378447564,0.885900919479693,1
0.4611722131646729,0.08728978271158266,0.6438949766864187,0.8312318735544366,0.6383020604815559,0.22712380526854756,-0.4967494245748171,0.9433283313428346,-0.22503116662358114,0.31267524809631586,2
0.2804215355373085,1.0617493520000303,0.7922010882655528,0.303891465812857,0.7723838458432373,0.7029044197724782,0.5808505577907046,0.550634183459005,0.14524941752498133,0.23614736890330654,3
0.4320951706896527,0.7621195253103848,0.10147421434120929,0.39320865518180437,0.08076964758050822,0.9238464895707988,0.5510580627196139,0.4402405049556789,0.17925649606681926,0.9986681415105583,1
0.857858128966843,0.7335819063198099,0.44082710479556164,0.46772133530806803,0.38586169896140227,0.40745021520147684,0.282955138974466,0.10103204256833632,0.4026280154438,1.004430466857954,1
0.06164320116880958,0.7783936852796226,0.8498062061534126,0.2218275082864711,0.9832007030584086,0.5404302259456513,0.6813044154968992,0.4663898782900906,0.7160568969619439,0.5089902458724613,2
0.5066476643896041,0.4969685162276764,0.13189661201327524,0.5068322354178042,0.2770999552427891,0.08017800726449914,0.15723952720825457,0.8463703727695105,0.16684396406634494,0.6883713288600468,2
0.18423005082009125,0.2009901825328944,0.486146651442648,0.9591981916097231,1.07411823649659,0.17670003223936598,0.48067510966523946,0.8306695369703456,0.45582845144929474,0.9249818887207418,1
0.7692953257218407,0.9436777185403034,1.225072523812965,0.26768451039044094,-0.500368481051531,-0.2891842231416415,-0.0483366338171905,1.5705546666985837,0.6054096895467036,0.28534055533950886,1
0.5323348824044474,-0.16623176016820007,0.755283486249576,1.212620573401738,0.9521780384384831,1.0851802870765839,-0.4114230473424788,1.2690326063145905,0.5249735606342134,-0.151744533263368,3
0.904809409712582,0.7400355466815166,0.5213236077038814,0.46866041897236804,0.27074827312609884,0.25863676691748966,0.22431035566474786,0.1230684436445488,0.371803439326779,0.8703577168257521,1
0.32157479771056924,0.42944432867991944,0.4511071675543385,0.2703201627279612,0.5801358423909855,0.7011134785795109,0.8151985108119353,0.24274474661774112,0.4200534903956866,0.49382602210139304,2
0.31902526208906096,0.9061971716934606,0.6990294789564596,0.7884530496796602,0.43233296273124167,0.29034929469011556,0.8974312489689169,0.11725906753076609,0.39566063498513393,0.7289739818152337,1
0.3718686999089535,0.3131109248557328,0.45033026640267704,0.29984054965599904,0.14261439369695333,0.7237235234673973,1.1918147210479826,0.39055522788567976,0.33180376988262317,-0.07108450974455557,3
0.25977423122125964,0.8508788639006906,0.9889226530986835,0.5648487590527158,0.7283660114657444,0.1634260894785749,0.8221303109938063,0.9788293731707443,0.5779810767815383,0.20517321864568897,2
1.073169422297859,0.6779919450206466,0.6117372113012484,0.4990417812433469,0.6585283156034148,-0.09047304155764313,0.6843796229860194,0.6187521366857947,-0.06250958554791719,0.2563932459384254,2
0.17259436985219662,0.8893226489511392,0.7793228037360547,0.39562985779325466,0.8247010824233324,0.3242165592351228,0.5153685972999361,0.6525515801401034,0.6276006860622606,0.663898133472966,1
0.5407688286406224,1.3132407080430468,0.5546646914357207,0.6531332543780344,0.38818147617557003,0.4841542018680799,0.6563131747523723,0.4444630837623864,0.5811014825000347,0.881278341014805,1
0.17244914441993434,0.4989879434883989,0.6115284458265969,0.23114129411079187,0.5693112978030479,0.30348636157140507,1.1020690455245425,0.5341496110270817,0.6692984006808718,0.2526564299620362,3
0.42605304151468265,0.8265784191317044,0.7838660000786395,0.8116310842386579,0.924972110256054,0.3748281083143126,0.04091232402389622,0.9185714365486255,1.0164104800110378,0.9316662006987065,3
0.24952888119716196,1.0377544416079518,0.6479999642782427,0.5773259627204581,0.7318485968280449,0.5705304180150302,0.7224221285229009,0.4638807578339669,0.09030989073998653,0.4121201047775787,3
0.38649472227381104,0.8547102960261495,0.476593967055542,0.8017935298899981,0.004069647643270825,0.2621705340065015,0.5982739762122936,0.2614359923230404,0.1549408222711379,0.21755566436964086,1
0.34700294233595774,0.8490305696946154,0.613317416191808,0.8193207258822142,0.07955095240698012,0.29312135168665066,0.47225160071095595,0.2808239008573497,0.2732538038926223,0.08191399382599071,1
0.1846469008260586,0.34405277376449583,0.06449030625386158,0.15755437764761607,0.5174482363801947,0.01597925943326456,0.24487800828969966,0.46001575701100395,0.8856221519824518,0.2978534298296473,2
0.5087707233540786,0.7647391181374998,0.5483829173238658,0.7144683875312983,1.4608381395562784,0.6980545461823815,0.2761149842879528,-0.10283246787888747,-0.05827820255447336,0.5120785478508043,3
0.1540302979343384,0.45527434057573307,0.18599856274447707,0.07935023762094823,0.6867692285010635,0.794314195882006,0.6515526750694833,-0.08459337184493324,0.6167835194441084,0.47417774440197014,3
0.2118071808444527,0.30682314606133376,0.7910072726995706,0.27500878628735187,0.7306010085080973,0.8980656591532018,0.8729979782991862,0.31248795295084797,0.6229507952316656,0.5288738878682726,3
0.4907844625920852,0.5781068240888488,0.18712577768734978,-0.18811856294334786,0.2779784664081133,1.1488431670221804,0.25621737236881764,-0.04945410433062107,0.2705153255858766,0.028666855309469386,3
0.8003350106033255,0.7823597617164583,0.6560345047808065,0.4064464328118792,-0.2115910402666064,0.6512525921696442,0.4771868480895938,0.5824631626847688,0.27451384781191296,0.20625579092294966,3
0.28848250659335584,0.41827623887313786,0.4730121852004264,0.2938955853135597,0.5504357434862077,0.6420518920335664,0.7960205659656353,0.27066891787622893,0.4229048007111655,0.5043182161414408,2
0.8429153118617418,0.7251905109694932,0.47289146443536073,0.5093321326637127,0.35969241476641256,0.34585185424166126,0.14966766299000275,0.11544262951170679,0.44298563268244656,0.8635026314375597,1
0.2621658779536409,0.07031598578044815,0.6827372463629572,0.4188922596206929,0.9886391656645214,0.01534390444113873,0.9074246083674404,0.5056111426422915,0.4089388088796676,0.9713019003268131,1
0.500252162318372,1.2007129307071356,0.33800782536092133,0.3040371389835434,0.9887808351802583,0.5153098621278229,0.13310842221846175,-0.08560144697438521,-0.110218555219746,0.5612868465731018,1
0.4831865852757848,0.19954525841143778,0.27422886577264943,0.14880038188624065,0.3211030771670741,0.860511978199346,0.9106650259717721,0.2494523382223625,0.4841824141033358,0.040043333218315845,3
-0.1111960654410254,0.141483763952866,0.6834067796166102,0.05334556832637641,0.4543386247900569,0.6296414726849952,-0.13094114191487333,0.7293679840933802,0.6402125762686315,0.2987483188719442,3
0.9822742972978402,1.0464586771882685,0.3923925417851772,-0.121429259532146,0.4460810421373986,0.8844079961459403,0.6690535682911507,1.352630163835589,0.2923057484806134,0.9430560864596113,3
0.31139639755745246,0.4130065191351646,0.4652970461118889,0.26334868029046893,0.5816117256376161,0.6976475014639455,0.8026213843393698,0.23276371545737007,0.42425273173473044,0.48298106050527684,2
0.6849888518895972,0.5680413046595594,0.7803657293706275,0.14351935939360125,0.21700060397361554,0.04696972768746047,0.3038707803984524,0.8932101776110634,0.8974178943590893,0.8629398828678946,1
0.9853744826399661,0.497215964617379,-0.029487401435640083,0.9599155959072428,0.033247339449918534,0.14615316333454337,-0.005703399077808851,0.9347856971974488,0.7607909008927636,0.03054479932371801,3
0.5864036206979063,0.39470538711704745,0.7405590269139085,0.6151950191355704,0.7018134034036203,0.8078085917014127,0.47926003782089077,0.14708891248040423,0.37268910568554536,0.5989586854065303,2
0.6103284648025198,0.20984769357284555,0.5819294481193458,0.32165290069254454,0.10852976534039223,0.22585278712505796,0.09687174845208489,0.4471473064390969,0.4922554186903759,0.8060103206523583,3
0.4340353506637596,0.27568421739012305,0.5625488282888607,0.4026688206727118,0.4580778766518647,0.9974343215450345,-0.19443589995007177,0.5346759801373585,0.17151950660769097,0.07566679841934543,0
-0.27209268957475036,1.2541404514848515,0.5104444050932663,0.45210150513987785,0.9158145612912183,0.6232188524067281,0.7362094103597585,0.8557506173510858,1.0137082339682242,0.7963190073574042,1
0.9276226189836534,0.4842247086332914,-0.013638070344161667,1.0186356850883707,-0.05093121938856435,0.15838651392101558,0.005856885554008633,0.992230708812634,0.8737881336305848,0.09588445551533262,3
-0.2948406637988027,0.6766853372774266,0.8708292204451578,-0.16669264016076374,0.6413190400412879,0.10767930215802893,1.3770706851402277,-0.12790920338631268,1.195262833713137,0.4484508387211922,3
0.7922553199326619,0.6888438465908127,0.4239655822389491,0.43683060457053036,0.19934640497035738,0.2975403506857071,0.20624822710310176,0.17528440647046845,0.2957678891804381,0.7920775781189028,1
0.1322713192043169,0.5321906697737626,0.6786488007902243,0.6492777506374782,1.0455385784336206,0.817557271779534,-0.24132087735035795,0.5882213142860357,0.9686656667978734,1.2521465269957828,3
0.5779345104135281,0.9984526126169998,0.31876431830677593,0.6213170851948812,0.933566657606842,0.5628991094623288,0.9154858686059051,0.06916523017782114,0.8966889190669209,0.8753483552627344,1
0.29853965372469043,0.1219243005307689,0.6316160877655532,0.014240970142874204,0.17317806839810942,0.5674801307800447,0.4251917059877528,0.18789829157426685,0.864915904421811,0.21262567014654477,3
0.774336182347108,1.0106163730041535,0.6578939327054001,0.5269751860774304,-0.04611355068073797,0.264860792007083,0.5854026083412074,0.1662654272406045,0.8248833786992648,1.010286842032507,1
0.11011922997467823,0.12188871970214998,0.6779226486673608,0.2651382771094545,0.20537664090786287,0.4810592155954999,0.7637426737725261,0.6224470693981959,0.06771698209034409,0.3712519548497981,3
0.778242714954259,0.5520839451580973,0.37638868328233976,0.6738007764420588,0.8944199117847638,0.5378343763706527,0.44773898839908916,0.8716497463374071,0.08863774628676198,0.026579177136426546,2
0.6651961659276026,0.39423819962871354,1.0198694184221788,0.11784238441729292,-0.1727447943455837,0.30180715282476717,1.391991991384491,0.567494975947598,1.1021314172492405,-0.18977163970861738,3
0.5049580992452686,1.262809783241389,0.973021757467339,1.0370725884039589,0.647804758960699,0.0030069694941727843,1.0866341975489542,0.296813360876762,0.37544816862714436,1.092539858560471,1
0.4844775956303957,0.21085639180231966,0.29061983013101267,0.1296576329068796,0.3661069937879986,0.8842797504552737,0.9769219037083007,0.23684145604893705,0.42984701721187496,0.0017822165371619708,3
0.4829026807439975,0.5294214103698247,0.4427844121139918,0.5403648937131293,0.7676377312763447,0.1020246436138113,-0.09055178499876132,0.8837094070638187,0.6941024654973815,0.7498111728449847,3
0.7675721739848409,0.3758494376412099,-0.10106266083215026,0.8160453126944581,0.4181442477370446,0.6695285705181162,0.7123694377861185,0.8915701247970781,0.08759691617152834,0.04338212965188851,2
0.12503539705065367,1.103543940295997,1.1129837844508979,0.9069415552357682,0.7160902956275035,0.27844642495402305,0.8949903509640214,1.210189812330431,0.8446469786960008,0.47445186739249917,2
0.02433072533169401,0.950696808385,0.7066098562817492,0.2830920901169491,0.9308352010890556,0.39137049886335096,0.57893444621304,0.5895766166865204,0.6854055419663778,0.6923092151444311,1
0.49901055500193436,1.0428263312531465,0.3026964312498093,0.48857303927738277,0.9492361403937741,0.5909953595225255,1.0455669483356345,0.1936437530807133,0.8863865809673264,0.8798307519069583,1
0.5231950426517895,0.27118279619553404,0.16286189196343082,0.07597809720864697,0.4124585962677188,0.926918114157564,0.8858337845385414,0.23120144226288292,0.5901146384499601,0.10935903915072605,3
-0.03575061014420999,-0.24703611314827628,0.9113648645886845,0.38705923961902444,0.9954612918531559,-0.26439994237998266,1.057509404728254,0.21569710866467662,0.14279701835045128,1.1855845832891547,1
0.05957006223772474,0.7659575179775312,0.8542703361503045,0.20853106883959732,0.9786350270279199,0.5279795921440406,0.6845417535887184,0.4542102544241258,0.7094979844588494,0.5046672311497202,2
0.12007430688097176,0.9603827305757463,0.5949696608390316,0.3959731325294191,0.8883823737265648,0.5008962132743362,0.6829221884809036,0.5956826281581732,0.6693359064124578,0.7404498340055684,1
0.17005454458115982,0.09280674536673944,0.08354342990056027,0.1849974787886309,0.3620565773532487,0.9408639542525616,0.3414683774779192,0.3426888564519125,0.6301759050282616,0.46227543549524575,1
0.2804450833279084,0.3763949493926746,0.24369999929166863,0.6442402032930565,0.4495135380707037,0.9698684115386491,0.07727962286101502,0.3462344777373322,0.41198412448891025,-0.05440165695742591,0
0.4111742454621632,0.43108193718429644,0.769934735829262,0.3943610846910137,0.6805647204903507,0.22162621163698928,0.8499244749648309,0.7147321594456455,0.5902799018702004,0.21693851020128618,3
0.3532679204544493,0.13204440040137966,0.6070052032754422,0.11746942972029156,0.16052705851673185,0.7066344280560868,0.2671172078824628,0.26079934170653124,0.8944952334769364,0.24523284852634544,3
-0.041608592569544633,0.6247785943415525,0.8196152501544007,-0.08251962362567022,-0.047842292322771346,0.38128557819450143,0.8474223148580929,0.018824443367872395,0.7819714410467101,-0.06365314788250459,3
0.8030019517889699,0.6075606284750644,0.12476016415360186,0.8835303244354673,0.17587565613143755,0.17474887811892786,0.021098463783103302,1.0066109544320228,0.8003949464381311,0.016331594424629448,3
-0.02102400567704403,1.0807945054676202,-0.0745901894888487,0.26240414440030185,0.8318858490130348,0.9102214813880791,0.6057938174026573,0.17137614059981848,0.2946960595600751,0.9569742559327648,0
0.23756920703917528,0.5016270739618287,0.38295924673544257,0.2617396779999593,0.6561115154384259,0.7873570527206066,0.74622030537314,0.18596016209911448,0.37543669443654626,0.4348317116231168,2
0.09018393294996555,0.9793824712727234,0.670782827154032,0.3309126784235295,0.9553877920311954,0.3697540812882679,0.6376655173229022,0.6119502965942225,0.63941264382572,0.6792939124869974,1
0.6221554138336922,0.542322481099081,0.4570018204293388,0.6787052041752724,0.5838363834371438,1.0524094298020916,0.6146102729731969,0.4649261746203713,0.24248772871788105,0.5190260447085792,2
-0.02773300981484797,0.6137574075555856,0.8596170863054361,0.6929312135753711,0.8982503365991252,0.5287641876739333,0.6076672319937567,0.32470256145966553,0.31213895428721955,0.6929729954239752,1
0.8062310004381352,0.981951048955432,0.9363677383061828,0.9025617229106205,0.5841955596661973,0.26452749864518277,-0.002479647148495523,0.8491353789173568,1.2179539408450029,1.0704133705389391,3
0.44833411475658325,0.1351804237421541,0.17958162729641208,0.0653986288148808,0.21059496429542207,0.6992489325799747,1.072884156471173,0.1113510583023119,0.617292109266309,0.23569191555840566,3
0.6579343386900853,0.080321501390819,0.17842177846894272,-0.3850756466606546,0.962686395826332,1.3286555765321924,1.0428044378918226,0.015076629795652295,1.009084003420696,-0.1212695063074507,3
0.9661835022554386,0.7044420540231537,0.6586080734760529,0.23304169144916378,0.408671899593462,0.4767088294374999,0.44070773841586014,0.9671972685725956,0.6465624812254954,0.8263044650530195,3
0.819372151680072,0.04758398268145923,-0.20327045992475054,0.782229966383226,0.8351215454017961,-0.014285034086422482,0.8384205255202724,0.8035951269778706,0.739130640232766,0.7761272449382122,1
0.738538770255362,0.531862909780113,0.4327375819290068,0.4082277718366317,-0.03322320437184653,0.29552233752300505,0.20540042133649347,0.6622889873692287,0.4384164821873479,0.5116255253393125,3
-0.5248432671740032,-0.28083330081475394,1.403377302414387,0.09420981190257371,1.4463422587377643,0.741395654017112,0.205897080071116,0.16645664562192264,0.5687990635738032,-0.01830206108714011,3
0.4664111700776428,0.6837947294059012,0.1146644090359657,0.4759477280238746,0.4296372832407242,0.5010492857360843,0.8179231411002869,-0.05287828918063449,0.8117741798017738,0.7166983760875825,3
0.5880345673729541,0.8561186304100488,0.6483818427707371,0.2955690914119007,-0.12622976348497222,0.12391226604092023,0.5061573244557958,1.1877630649079836,1.1338651342061197,1.0071095635120086,1
0.3708885773643598,0.34776736545837333,0.5978672613497749,1.1766084521167257,1.3605068623905239,1.2907814290313693,1.3330084778801938,-0.8190317422931167,0.7697835784600677,1.590789477230914,3
-0.4116921478513994,0.3551840171737733,0.8075362125622125,0.171280268115217,0.652956696847587,1.4160452597736288,1.0452403139174904,-0.5429501234981866,0.36881333702823393,0.19105064574092878,3
0.5282250386373328,-0.15511534680831415,0.9620451042032412,0.27060236033783847,1.185781472662073,0.02542955041243387,1.3360479599622674,0.5270447470649289,0.5364531156623168,0.8372002368330381,1
0.9620430048995006,0.5324935917774705,0.07102443720171017,0.9752552882978758,0.06994874385119652,0.19359141479717534,0.0022428577061459516,0.8044155530406086,0.8832179753847382,0.08612258644320875,3
0.1205409958177456,0.3155723439571727,0.25303250531042265,0.16228308555339985,0.7910228173940966,1.0037009047005276,0.5359921004818022,0.06690310149389556,0.5853284344840177,0.25106501199102,3
0.7049463219351375,0.43600091767163884,0.609500629825268,0.7452108477233628,0.5521834078190048,0.9256299752010712,0.6373033727443869,0.30469458710015207,0.1835530266412318,0.4745823277063109,2
0.06762935065750289,0.2480854827437151,0.5515959528783715,0.49026340356449893,1.0978585285009372,0.07125734605150841,0.933203110213015,0.5342561316280489,0.5416753768613166,1.040435793364968,1
0.10602644535196877,0.6570724490772059,0.9527086672314468,0.5797321753914374,0.7322464899645184,0.6027062333331064,0.3924968810255528,0.4518040872439243,0.3045638073068381,0.4738683151241327,1
0.7527700959757071,0.5938983891537193,0.8585691316585684,0.11013873881045441,0.19074476063676357,0.014339635258756062,0.376618648144652,0.9708385804823764,0.9108519768036427,0.7825824102216663,1
0.3420474433902792,0.9080167078415268,0.6567966890198653,0.3925937546892944,0.7395843654135132,0.6430826961090845,0.599198818371205,0.5804145729275936,0.17215064962506393,0.3423048548315991,3
0.19727512931505786,0.41439606311264005,0.5321336977424836,0.16160549335892357,0.7107123630494177,0.8651047954390293,0.7955682096236717,0.07501492602179766,0.47334237014360564,0.6431068991978941,3
-0.3381852193017682,-0.25452066446136734,1.4661519421722065,1.0959763986309567,-0.09578767713782937,-0.8694999106162606,0.7505600227056636,1.015152512293364,-0.9488534700218987,0.2781697280943042,0
0.12128637021900927,0.5275805976376412,0.9149732703103468,0.13409539952417554,0.0990172238848854,0.17155223360936467,0.9087820981048512,0.19066962411828964,0.8489905725835181,0.11863764770991121,3
0.7003721803971044,0.06539073615186039,0.8181505178182472,0.3491533824688968,-0.11603833890135773,1.0213959535232608,0.49063031276743724,0.4161445908676506,1.2333335730481108,0.1950776579593851,3
0.4593187067368997,0.8085897793589077,0.9725443834729898,0.7015442867009313,0.8566313109113897,0.2471433668802928,0.6816510505852974,1.0754365012249902,0.6762985949307189,0.11827336507810318,2
0.7312161752806643,0.8763297923486948,0.37580505235279943,0.48265605719248883,0.93740867456952,1.1664812494926964,0.035648999421571514,0.3476142058804935,0.6443896686139164,0.637271239553377,2
0.985083801988849,0.6879667856305566,0.23382209371911164,0.9154976426938493,0.5514078906771481,0.6852110096557367,0.4626148689366128,0.9919109082009352,0.05892437431576008,-0.010303348892062643,2
0.573740144368237,0.6384927556204487,0.3352940993654118,0.8640913643761766,0.1479784245378943,0.47659941521750426,0.5200701130577291,0.5064505711740702,0.31030171130760936,0.131320160295551,1
0.8600254939779179,0.4266810631128915,0.7560527737611208,0.5082084190699808,0.6021470338539546,0.11519337526857468,0.6211633316348528,0.47236978000264834,0.015643552396715076,0.12868220594030022,2
0.07812007030461529,0.2905369746098986,0.08365490632349751,0.13944858384960634,0.37684276435777614,0.8933607111753223,0.33607224984123174,0.36717907754547763,0.5672157982128324,0.6143195725801485,1
0.07834992534944213,0.7594468500989677,0.31206874275861995,-0.13767381577533816,0.657028392755311,1.1974610632094944,0.5344623736705052,0.18822263904755576,-0.0019444331321942787,0.5112112127543617,3
0.13518175164660212,0.38825275959579414,-0.01660078954463523,0.051017131580198986,0.45635392237261535,0.09962634684357036,0.17342508444751947,0.3992790225324355,0.9196465643529215,0.22780289972073647,2
0.182153654946851,0.2756130021459219,0.1566712970877104,-0.05454806543438952,0.8797511372130735,0.9371036206570621,0.7498682325099583,-0.06867474799555338,0.45807001206869535,0.29575379259107665,3
0.3708036165542064,0.43345900437496887,0.05907758312394562,0.5712553261544133,0.534735923581405,0.6526038006207516,1.0053254118602426,0.7555122960021841,0.49768522217895694,0.19245729183958984,3
0.13858014825197673,0.70649244937198,0.38369298126309936,0.19390719130807202,0.9264610239523927,0.17643861406251876,0.8349413943505299,1.3610059843299915,0.13374698396263923,0.04274211696168584,2
0.050064711445887145,0.3178196257402995,-0.012762375669590716,0.1372005917187573,0.47570009837397803,0.03981581387918372,0.19273087590564303,0.3523173475121235,0.9723862590637389,0.27979849496415454,2
0.9208317332871938,0.3260515439704878,-0.07870075485618515,1.015471026033651,-0.00410754522122761,0.035035030027349756,-0.02758224150538749,0.9977473253942534,0.7922616983077194,0.18416258526290785,3
0.05731529489723733,0.9591521165858754,0.6892089111474627,0.30644408460357364,0.9454136674744172,0.3831377940248118,0.5993202954954685,0.587523317595825,0.6884553667818704,0.7250594451860942,1
0.9503591939397894,0.45224219219884376,-0.04572095869235769,1.0734030422611929,0.06201211771024333,0.2211099375765782,0.07674297933994176,0.9804044449589645,0.7302389599950028,0.12578233718004017,3
0.7854326147474121,0.5359895332778604,0.5622063537377188,0.5182369274752039,0.02352041797044671,0.4210792407546339,0.21117282321319397,0.550557086050096,0.33273494057777697,0.35802219670963786,3
0.010670161702582226,0.9764031120046955,0.681425596369433,0.22115020202399902,0.9612576416167425,0.32569430632393004,0.5972636549016345,0.5844322562668623,0.7299716272485473,0.775870699908842,1
0.09320755883017956,0.6087917547756203,0.9482314941437574,0.4873765104347151,0.9095708021107487,0.6722319893620298,0.30352093770673116,0.3567900181544876,0.42570735829200823,0.46919991173553616,1
0.40422160251577965,0.1603074338284296,0.36693909895942567,0.3386049204742929,0.512354034116318,0.6052123308418622,0.5139862485326308,0.8196795029333895,0.351916053887613,0.7136507919627312,2
0.5451444590877916,0.10878998644829393,0.41258411396912775,0.13824761761252544,0.36461523063462803,0.4460181149478545,0.5925542927613353,0.654338666648911,0.4218199208935273,0.6819759355020396,2
0.8816959977073744,0.883153269484627,0.2505024814918566,1.023621129289419,0.4924961915321158,0.7552742257091147,0.423218517864002,1.118019345860357,0.20449542455329014,0.17419268983570757,2
0.9507840410686001,0.49324206200563514,0.022986467571264806,0.9581032132240851,0.07571519582564785,0.1217097519649968,-0.002514018062066168,0.8548451299370319,0.7667258615542701,0.05744871358710857,3
0.6462971838347537,0.7718094902657489,0.6978637520955743,0.9052000001764318,0.1182054090406436,0.3639231128953774,0.4147169643606402,0.18789109839190618,0.055121106674840006,0.3210383769200057,1
1.221093986502191,0.8211034370894856,0.8092851243392426,0.21767710711742314,0.25889095782552213,0.6325003500072817,0.43686760580860284,0.9749747874969007,0.9657337232057969,0.5340303653774591,3
0.1183876214992097,0.6728693237067884,0.9365094593398003,0.6342895215284522,0.710077323300379,0.6322136767397523,0.4188816047816012,0.4607863185597194,0.33545750008012687,0.5149418331648313,1
0.6473123962323628,0.7032456287141672,0.45728793155265435,0.7954813180976831,0.6955351367379914,0.791910721210277,0.48632095697996214,1.2130536572593666,1.117744142228918,0.8652436274842192,3
0.8100345633799636,0.8633852019481686,0.6966517486483392,0.17507497259294183,0.3944828396045427,0.5831408979998686,0.691751705567893,0.685404113336785,0.7875545468739771,0.7559165189635166,3
0.12081555991818407,0.6795378631514963,0.06216274030444702,0.3429637679183281,0.41457978856430927,0.48785246059202464,0.8770248209947277,-0.1948238334123153,0.7827389787843498,1.132430501228495,3
0.03624090173837741,0.9804451480789158,0.6848295668256584,0.3267433064070291,0.9363996133730998,0.3952698546801335,0.5918482006139212,0.6079060781286068,0.676530597230801,0.6893057684715713,1
0.7846978749889324,0.8767660304888194,0.4310635363095586,1.3741343215465218,0.34106416878835233,0.24172307479748245,0.7007417276041261,0.72075763142101,0.6539313545936156,1.3785253283008845,3
0.47821521619982954,0.16713167481435934,0.2503381673725344,0.20765086078258038,0.32252648473786927,0.8791236258792564,0.9232545088036701,0.22540841410788948,0.4118193907979375,-0.012611092930862634,3
0.1232296238848035,1.0838940531051808,0.610530714834947,0.3692269561375935,1.0313060123602282,0.5224821406525362,0.514238145980943,0.7079903309981653,0.6144958803375979,0.7232577558209986,1
0.7081007049927477,0.41545208227822594,0.6727017102595931,0.839151223983793,0.5503506275376162,0.9799858853088612,0.5693269217666216,0.2479155229621386,0.10950228284518503,0.4483338637943123,2
0.04613122009734873,1.0062406633446774,0.8013654293282935,0.8111827372495763,0.2706361397970287,0.2947997070922419,0.9350471585690071,0.47752577915423194,0.7619804123234227,-0.003561061084608408,0
0.44233587526707596,0.5401727886659496,1.200552501979025,0.4908496229771692,1.2359808223123634,0.8948983790517016,0.3648875751955536,0.6844864190022006,1.1674889536156907,1.3797983283106454,3
0.3336226531555203,0.42216511711937676,0.46789999702735724,0.28305333593987714,0.6020746029138724,0.712121487338141,0.8159434197726827,0.24918904891900764,0.4226684222661778,0.47699063567401767,2
1.374629232071516,0.36529589602038826,0.1772240594881871,0.5345828925810434,0.07635182463044166,0.504258732746353,0.32092563199696666,0.10839558716625222,0.14747053980516214,-0.010601249881801666,3
0.8833441990230355,0.6296637564457599,0.49008601844053407,0.4157182896167173,0.2835353586849266,0.24802171141888463,0.26413135305835767,0.040459594380139685,0.4410193208242415,0.9209641958905268,1
0.7020972273872866,0.628002025958504,0.8447497883870292,0.11216242899840684,0.10536047312262356,0.09232785712053881,0.3443985651412979,0.9489513097430691,0.9419083876921119,0.8218853788981422,1
0.42019434121393956,0.5739511760584336,0.39395162423567004,0.14918920977355465,0.04645374874081598,0.6412661172546957,0.03127756004907991,0.6215924783555029,0.9419526206421623,0.15996774699204783,3
0.2432568784133634,0.5588039605721781,1.084119613595986,0.1505593890286879,0.13579273806203995,-0.034456543818363966,0.9833180593474604,0.2629409679213218,0.8932742430922725,0.2518415697003687,3
0.1207080243613605,0.6720378392110294,0.9283482775629295,0.588553914297769,0.7081910387200135,0.6400799785634689,0.40046555081697366,0.4181086235775737,0.3179066769262536,0.4977379647354882,1
0.09564166923646694,0.5537911578589351,0.5189818882461449,0.9974095262513818,1.087635140554135,0.08843190477266658,0.9914414814863646,1.0389375919500106,0.4085019214904412,1.0385776530207655,1
0.058504600818493,0.7713518232442351,0.8483146228900719,0.21982837862957305,0.9861144100311533,0.5298744057682155,0.6872911058003449,0.4608951541936794,0.7185687142580175,0.5072665185517593,2
0.8835620203710843,0.7209891867188725,0.19237407360706302,0.10005096627824023,0.07695767070648939,0.5250060891589908,0.21727123832837222,0.8101398339838313,0.26888588544187764,0.40404080462301295,0
0.2771355781912235,0.9732485558316651,0.647918787612337,0.4626020060599697,0.7812381865965926,0.6118873282624223,0.6211119037556133,0.5111299913398325,0.17059496758438203,0.35131327446892746,3
0.5732961819778328,0.8739104710822645,0.7077712243967232,0.9715849629965662,0.808293661532551,0.3369277372885059,0.1572715914422273,0.8485673581501894,0.9144437329600219,0.8768970815711323,3
0.3651625326780134,0.574661934994206,0.8004699838629324,0.14772319282230453,0.3743734514734013,0.3781747188870918,0.0647119865455339,0.6196706130655611,1.0075050388675697,0.5991938981472071,1
0.5857359589931711,0.9056967914705467,0.021999640114367225,0.5164403379247533,0.04685969099625973,0.7812493970331451,0.5349713063166676,0.4440499449251084,0.03725417376937923,0.8706407146094229,1
0.05584667918722129,0.7849026887872864,0.8444828512428337,0.22655246402146242,0.9788680038882689,0.540049728266539,0.6864615185908491,0.4562541912801073,0.7115973533899819,0.510471350648225,2
0.5005693219000298,0.405979290651721,0.2039883238851864,0.9792277758203832,-0.09163720015554427,0.8411690510396649,0.500403731101905,0.1383576996827987,-0.32468391832143995,0.1668622639153361,0
0.623900755579571,0.2019670697712778,0.5039914648253953,0.08867796466016017,0.17721666022744978,0.69652665264248,0.6937108229338054,1.0308652164923602,-0.08272911730402804,0.2776787230603982,2
0.1810329109868592,1.090640064555037,0.5359526787087385,0.5434982517519242,0.7085988026499981,0.5463251841571427,0.5514332873071839,0.482853420120365,0.2641983278662996,0.4767846678221872,3
1.24956680153689,0.7962607808229574,0.886057345559806,-0.0801920330416333,-0.13085345471239296,0.14242321735018432,0.6446145342442999,0.8478900697825543,0.6608214772088277,0.99624268923511,1
0.46254296524633765,0.27534323691037266,0.2790875630780694,0.7658072250140899,0.8841200501491021,0.08548066131962212,0.6640159793887918,0.19471254530363893,0.029768658682649052,0.11903008450990168,3
1.1865559019622387,0.7008597870132345,0.1942529209062884,1.2559818842480033,0.6030322581609178,0.9743369403639023,0.5252374859744261,0.8079446496987517,0.1381654577352831,0.060195601891566454,2
0.5066236579290199,0.14715934937664216,0.48771431826678097,0.3179626077552698,0.42490321699379646,0.4804145101872883,0.3632652434822772,0.794369810139547,0.2959106025891691,0.598560348754197,2
0.46571577591725904,0.7864360734717469,0.4572034460350418,0.7126801657163893,-0.09907026576732512,0.1859606072328988,0.5611521074169709,0.20804047410811988,0.21001998066291114,0.3506564930305083,1
0.48656791590175785,0.6381896855876518,0.13001671619109453,0.790033026783402,0.1227678473162671,0.9777837032219322,0.16079002881789656,0.43539936258975415,0.18236845517650332,0.31658446848418464,0
0.057940560113076786,0.2789091977702772,-0.056776133350152275,0.004522167543748935,0.4676604367366514,0.1370157257583646,0.18788417388410142,0.4643524508937505,1.067398897482915,0.30876824029093897,2
-0.0680592258660127,0.5382989328126426,0.9456901086692927,1.1137704597860627,0.3547149272899037,0.13458563764685244,0.8601858307411441,0.6914177338547385,0.45554105647236226,-0.3037337446346995,0
0.9740822031322286,0.35656421896475277,0.33391118028698374,1.0386888705843922,0.3062530409298502,0.8385411808869696,0.18395895777771637,0.7227233566217525,0.15191340938022269,0.2947561906773448,2
0.2719440947851399,0.9583277081892893,0.673201355550415,0.43264125278743587,0.7721246380475377,0.6269223537836405,0.6540139863092503,0.521589785253731,0.1530033800935976,0.3914204823624575,3
0.18209018446802194,0.77727932821389,0.6566932935530778,0.729702320119543,0.5724888078179853,0.2833692894006635,0.8717344123556816,0.2847206119534265,0.25517224025718765,0.8889894311891443,1
0.616343324177101,1.1149437724095854,0.5381439456459147,0.5166318993108775,-0.2209733109665955,0.42278643540204436,0.12198023313075912,0.54370896162945,0.6732448594422836,0.16376378981444878,2
0.0856940914059342,0.8269737182229304,1.302192996770584,0.047212054382854585,0.8221002063135404,0.10853458413395049,-0.3332275551068352,0.7580856350382219,0.8223741754341464,1.5140007580018122,1
0.844501454770681,0.5390257410067192,0.18352703039289106,0.09319244190301801,0.16584613668421255,0.4798215300449652,0.4777576784149764,0.8141856200974213,0.44600027996086894,0.21866076132741122,0
0.239232963348757,0.462035059064344,0.2619115188706538,0.10994042193257607,0.7390890165009586,0.9435208723053986,0.7294704525106861,-0.09193107182346916,0.5721615583253126,0.4863529559018847,3
0.7461179875965607,0.5776557977625161,0.7964953980074493,0.47938171288339726,0.7029863845513322,0.16378252777339966,0.6657680287156953,0.3210879608640284,0.11627264327125453,0.11506986506818614,2
0.8104243966961471,0.14872372013300206,0.09199946403474116,0.5482441804812972,1.0397285782702888,0.2479718937627,0.7023043339767695,0.8095552665788335,0.7709338599601135,0.7338504355040889,1
0.8464205708477825,0.46205668098369646,0.7680700503751791,0.41360401183772155,0.5218303558530901,0.16099473743725692,0.6637161610717959,0.39569177242035597,0.14207566426826942,0.18802403898681871,2
0.1965106041558986,0.5389114584397485,-0.07838335006360418,-0.14513473121706882,0.33762060015321804,0.10126393615331167,0.040518321067798596,0.44251185993309083,0.8526464973356902,0.2925944790856291,2
0.09449637954617274,0.043739165107573044,0.370609413457411,0.7718962472293254,0.011342452822658375,0.3355481141881334,0.6093997443540876,0.7907063667199998,0.45629899050523554,0.5094347323958023,0
1.0127162744571188,0.6340227338094573,0.45713377342132067,0.5516658541470263,0.3150190035390057,0.41592461159593164,0.30619131645316977,0.168955577829183,0.29440598928941963,0.8262033430787273,1
0.8260956325887153,0.8009959368353884,0.6832402758320775,0.3668731869816739,1.0144236183426747,0.9030170358938205,0.020173216793274565,0.57150158848036,0.589429404581802,0.4801735619135922,2
0.622162799483894,-0.18475703397060245,0.7365500984138644,0.3069503678960739,-0.07568826035492754,0.54208985482146,0.09031676044193146,0.4223430327073999,0.539900994425049,-0.05691144938736553,3
0.1396668411767841,0.10409459199079499,0.38923365199237797,0.7272840349360238,0.08373890379223262,0.36785035921946624,0.5315108569190744,0.8635972128820396,0.42195395438736893,0.4638813883829879,0
0.7357771391413901,0.5114747063332666,0.39481077321339064,0.5983863211088878,0.3559833778152606,0.7590870094368539,0.18910146696783336,1.032807058008036,-0.20532552415299551,-0.3324442415996174,2
0.9896856103493902,0.8818508498793239,0.024551553196396764,0.6262569983587459,0.8010670091770637,0.3511767500904766,1.0517054315637724,0.4300839086566536,0.2010111377213509,0.1987033822516174,2
1.0168155176662272,0.5454583218565282,0.5376648473062074,0.4986710252027671,0.37147518003448443,0.23096505728345673,0.22122188038572443,0.31867156245541634,0.4097720502102678,0.7822758017629836,1
0.2463359039342033,1.0106041613333836,0.5562132035187725,0.8863439968458022,0.3637039933711457,0.48769615554194107,0.9237855361325567,0.30772526575180215,0.5021283905670513,0.6044210041342191,1
0.09306097752633789,-0.060306804153407084,0.49538314978258025,0.6775633651566207,0.7662327916409191,0.3693742750985776,0.6794336896782549,-0.13555651513099487,0.4838895247203097,0.040525561601602755,3
0.4155843337912579,0.6078988570744901,0.18282576564333017,0.621699055778746,0.5245802637540914,0.7103513960648761,0.977484313380813,0.8439128855451639,0.4190091405214153,0.16459865378851668,3
0.45547932348121595,0.21454747604594568,0.28180182329184944,0.1500019257571016,0.3485715060136978,0.860894532912992,0.9393968489766411,0.254920954048809,0.459268418554934,0.033172844266636324,3
0.34653483917317207,0.07546410291837219,0.3432615594697604,0.01645161729271738,0.465150634667015,0.7779110109955514,0.9645113874033235,0.26174678139691554,0.5529975071716654,0.013615168747400437,3
0.047980033373808226,0.9568368953428008,0.6934141938857892,0.29416961917336504,0.9240559186702006,0.40096526684400735,0.5941530931563094,0.5801973831013488,0.6911075981807144,0.74323054039876,1
0.6278299611754957,1.4613042860692729,-0.14581326787208804,0.3067187505702632,1.6560525677387288,-0.19012192683067353,0.5304527465567053,2.036085219257486,0.767978923868385,1.3771825655890932,3
0.2609013917187904,0.40299828368510154,0.5621604949389217,-0.1765033572618806,0.4612060297751404,0.48578574751990444,1.0006695087089799,0.020981161566502718,0.03767403610978004,0.4077516869199567,3
0.3645000522337961,0.1265109209732587,0.5707916708772998,0.13353497326629526,0.12557900017024956,0.704320200862941,0.30468967619078924,0.27716392510557203,0.8854374175674159,0.23474732010835117,3
0.1846257908507303,0.10902263771854298,0.5382730568706554,0.8995024843961663,0.9171586817440172,0.4218925517240891,0.5760968866448377,0.05481095478930888,0.3274494198307229,0.2668555405205572,3
0.061440958999567176,0.7644737944568111,0.8496186546402802,0.23338484203307996,0.9866077500461238,0.5323535458818422,0.6855097627740516,0.45622315251029694,0.7026610824297657,0.5212385622630756,2
0.30337788193956833,0.4235884468158672,0.5897554566125999,0.1892360776436034,0.6580371265655882,0.720992039272921,0.895970141963391,0.02756188008825121,0.22660364055429597,0.5272107690750933,3
-0.010329475624374723,0.6003580718504906,0.4541467839300611,0.9783264121161813,0.7877626817623584,0.1623942298892742,0.8643987836821797,0.8456396269309482,0.4289502073903493,1.0561248537206,1
1.0447850019585683,0.7634523870181207,0.275078335253432,0.8763641165631353,0.5512390265092743,0.6909834298462626,0.4662882069101266,1.0298279128321821,0.1330375306603506,0.15872098393881273,2
1.0156554457408227,0.5611470376773848,0.8434933692430254,0.0532384121062959,0.2074099550775725,0.6197544321475992,0.6961667294161011,1.0563591737090428,0.6073310514773891,0.7359938504690693,3
0.1536802493284986,0.07785654366019226,0.3728321435199389,0.6961036471562155,0.06742241559073743,0.36930767972535034,0.5555087259274759,0.8298565324416114,0.41314037003847787,0.42204798257432263,0
0.05962024630706734,0.777586099683459,0.8507297710963919,0.21509372795805057,0.9911378700215208,0.5298599610725019,0.6899549830429687,0.46447189623149654,0.7174007053862895,0.505956583871971,2
0.5655412161755538,0.19564842388904335,0.5969626493763563,0.282081801150458,0.5923132860419765,0.32847193054282803,0.550590801588476,0.9028099168818834,0.3183684008309267,0.6395351511155255,2
0.0495495974679395,0.7643956472799369,0.8478310924385092,0.22828530342617093,0.9924840292140694,0.5361841175134334,0.6873532212194868,0.4665738837694386,0.7210220200556693,0.5043145083076694,2
0.3549672525919041,0.8011716870045489,0.6798089558020749,0.8528476445822923,0.9721041262497483,0.31966355772852423,0.0031843264172780605,0.9884750716637888,1.0600281053008525,0.68482967102176,3
1.0673437940565411,1.184526614523628,1.3163211096273746,0.17153159288879272,0.5919622434062372,0.5000660929782279,0.042257750346792744,1.4103322458377916,0.453474270586145,0.6409197277906238,1
0.9870542729783675,0.6259397934816483,0.18715258460874495,0.9314970601479279,0.6157909665493725,0.6799052827268712,0.4937032424170184,0.9704081606622198,0.003931145540351337,0.043768524741165875,2
0.1571284088832567,0.29315540267008944,1.0162083587494672,0.3279541059831176,0.24045720665120424,0.2395757716445786,0.7833427026686136,0.27472107266519546,1.1330561170588378,0.3468972559980377,3
0.008544652046241871,0.24758817793942173,0.01836381385115209,0.1531195043949088,0.3546884586260849,0.09229082721304392,0.08977182852341588,0.25423810440006145,0.8867436247105936,0.20471567980415767,2
0.5652626318265025,0.7015455497235316,0.0886314700645514,0.4052779978413735,0.05818898319711178,0.8770820793671377,0.5500683364261608,0.5113351207123132,0.2060614671461477,0.9187014679665014,1
0.06233804533960777,0.7401863779112451,0.9526959008748102,0.5624695249773711,0.7586326730206868,0.5830471955873312,0.3463162032566645,0.509703542338201,0.40319222213566247,0.4482531436737836,1
0.5058721915416119,0.18911484053269442,0.29202383585352215,0.13547456932754395,0.32925925967598035,0.8660312806915244,1.029737463120082,0.2665459689574404,0.4030366973919878,0.04480081984610644,3
0.17445497103200341,1.028862993795368,0.7219691741692981,0.4170347837309934,0.8728370430397051,0.37983432780048054,0.6680396199416376,0.47299047542884287,0.5986451412457608,0.8386488902535033,1
-0.04260227029487583,0.9235201167906789,0.6058305296898289,0.4011691066657296,1.0381884473265979,0.3950681843873401,0.629132771993631,0.6146313205598923,0.7237802809388006,0.6869840146492903,1
-0.08817159263809676,0.3111393439202642,0.023490356147870872,0.26853801804283595,0.43979491877401594,0.7569189841201299,0.15256325374549226,0.6195520918928725,0.8607066443820222,0.2895608971630099,1
0.9106713694943761,0.5762352824083397,0.16502343978790776,0.10277312258865798,0.08162144561697557,0.52322648082208,0.4089289290323774,0.7281019634425923,0.4446576731053539,0.3204796314833315,0
0.7777249370313915,0.6914509894497279,0.1054212341149754,0.8365422956260395,0.1861841473114003,0.28435580509815883,0.0006199068898222332,0.8188956482284394,0.841654399029719,-0.16034588286423723,3
0.03153640970282133,1.1522824478107598,1.1033817520356464,0.525858193046133,0.5080281557170255,0.4379180658417935,0.786156614347011,0.7668601369833471,0.6590277116351452,-0.15498444026478092,0
0.09310605482118797,0.3327715136487065,0.5749057304553361,0.2515586706548603,0.482920545711895,1.122265472273381,0.6174729287646632,0.3185147604177257,0.31101963866854565,0.9426706508512748,3
1.204478628458212,0.9478798421995953,0.9009373974798526,0.523753346068474,0.2491552499156785,0.47043392122114286,0.41924110667709447,0.765928062479727,0.595706528677467,0.8822485954493033,3
0.06499867920857888,0.7610499854529538,0.851881540733531,0.2270762519075739,0.9806895000905271,0.5332123137513881,0.6905926711287831,0.4593911456664971,0.7152339485096127,0.5101158622711102,2
0.7154889276229383,0.5673967524455573,0.4952165047898805,0.7361212611668337,0.47277146817105087,0.3685742770959187,0.3469291402251786,0.6760597247080657,-0.05737954371329347,-0.08679519077243286,2
0.43796719733528977,0.32027248249025503,0.05843368316580312,0.46758111428481036,0.23269373911778363,0.04367271435152445,0.1616039521058357,0.6898771577629598,0.14356718847515174,0.7156283483370172,2
0.3062945135187215,0.6843787543816492,0.6686119062959076,0.610238648438406,0.6051184948853926,0.41146125078547235,0.861741954879405,0.2061743132211828,0.3114574981109205,0.5625083723820894,1
0.518862143275616,0.42439232399949434,0.695836174996061,0.1870957688564783,0.11492699947885128,0.04962027847270193,0.4220343143332994,1.091100358751347,0.9540414205488609,0.7683165258662363,1
0.995550567465536,0.5786032785382318,0.08770813633161445,0.9767667838128032,-0.07474944598746554,0.057165956249208255,0.14545623829193316,0.7559381492770867,0.7032500706981452,0.16635446336376658,3
0.7079957094133884,0.945529460126543,0.8610910961019604,0.8246424865749555,0.8498052503650816,0.22904987518097672,-0.029479828327554997,0.761174134633992,0.8089320610771533,1.0330785095574966,3
0.37491944409397854,0.9487524381570018,0.5124222219973339,0.9131014278959804,-0.061501145896783196,0.29604746846438523,0.5832821842624152,0.16221675259144444,0.08124202711338757,0.3267681852419494,1
0.26500635733858663,0.9614780113422425,0.6628100861244889,0.4737109109340794,0.7807701022661844,0.6303384811366644,0.6179785489652754,0.5120270952606194,0.17610897154351784,0.3396011817865685,3
0.9273976491736552,0.7666221722753553,0.7362518820505477,0.11241113873263887,0.3057376117616927,0.42859824375797495,0.5823251060427495,0.8914908045941271,0.6294757373968827,0.72593037077094,3
0.6751492718365164,0.39414776029692383,0.6480783606067475,0.7841437543763424,0.5465503227974126,0.9019627489051545,0.6045265935089489,0.34270346354951475,0.23292409403718622,0.4342993863980043,2
0.4824937321929219,0.1963823153043328,-0.24961092958048803,0.4400772772888991,0.1028964506073331,0.05807649678811089,0.96758158131303,-0.220871871246759,0.23335083876927543,1.4360583226658816,1
0.9568530495235589,0.06217363842713738,-0.00656867875940014,0.703694459112405,0.9932727507324391,0.1377290140737098,0.618210710994079,0.7066014931550316,0.679351514250365,0.7207856189650241,1
0.06970726431213997,0.7362588565649747,0.6566054089300462,0.9012325214162462,0.8911725539274229,0.01828866945514937,0.722844017712102,0.9736680020239106,0.8398982510909433,0.4036217951700025,2
0.2590786139863624,0.9542104621544876,0.6708750648162454,0.4626252468398446,0.7687407546873337,0.6192947523648233,0.6223887400130114,0.5059990074330137,0.17038031798802042,0.3432970031029315,3
0.4492853683928215,1.338410939425989,0.8269221264967006,0.5641212520957458,-0.041546664803035926,0.7281174237717234,0.8865577931158786,0.31759829802535566,0.7676548058941797,1.0270398077210356,1
0.4282646568709968,0.794477190606385,0.06433293933211656,0.39874740121113617,0.10440679760514895,0.8182768812132168,0.5312686617496407,0.5147810061929367,0.1506001517268602,0.8882951285288128,1
0.5417367523881624,0.3657351751784145,0.4479546056018827,0.8033949253675532,0.7760702279026155,1.2730939064487692,-0.08503191232943297,0.4549674489323264,0.5447409966701885,-0.23531222742844454,0
0.9366190298775102,0.07244364419035879,0.013099435501916265,0.7081156561269852,0.9714162977286492,0.15999223216574238,0.6284108881936356,0.7031473452883291,0.6769549335358891,0.7064051023537178,1
0.22421432485583148,0.881699101614506,0.7180170372516237,0.7606875418557941,0.14404066619770867,0.3871670708889182,0.9201658197284271,-0.16016712736152455,0.14888188187252285,0.8926988334536832,1
0.788142372245377,0.3666962157009511,0.6510965029931031,0.76967626401768,0.5282417296029777,0.9861119533123274,0.6919689827134875,0.3789166470438216,0.09823800135869763,0.4814609439502991,2
0.26340525007884097,0.9309502589375391,0.6908251167110382,0.46529404805882946,0.7613553185819724,0.6239936502582993,0.6354416705372947,0.511170721878935,0.18352821586528073,0.3354493093770605,3
0.3820570731127066,0.8635039713900889,0.5134900949784511,0.7750490722209398,-0.024508578113813666,0.27300449882281025,0.5735773350726157,0.23936922627756363,0.14561067242844378,0.1934784598176144,1
0.3501865653497525,0.15232614354810614,0.17825864513128406,0.3198902072519966,0.3665925768847755,0.9267953451662317,1.0262126055634322,0.11982953446450548,0.5264824744032927,0.1169051822349364,3
0.12791607593577217,0.30092589258577096,0.17464313248051216,0.20569905059689475,0.22869099101478368,0.8921077965148025,0.21485476898770975,0.19750128215437765,0.7499718142049397,0.5750693196565667,1
0.8228692998935602,0.6099357605482342,0.2018819522360886,0.13847876924414812,0.014758545106950465,0.530809204197833,0.33025837191082097,0.6764870437651538,0.4132068618976025,0.324438404478685,0
0.23449745397204205,0.3887228169008261,0.23762034249569275,1.4914095152754725,0.5436565645160534,-0.46960140473496803,0.8306501596828414,1.3027110285060486,0.9474108333474323,0.6652960188599311,1
0.6760922808337461,0.816490156096954,0.6711924417175295,0.8456863229934938,1.0691338186803332,-0.05778467745484628,0.5548155335119443,1.1036037892966597,0.8266009241491704,-0.08234145434867213,2
0.3510461752941721,0.26096638796846305,0.4651435338122491,0.1878639411618308,0.388115435867531,1.0066886791185319,1.0280801492264526,0.2520910842773778,0.2709541756485902,0.030687717614018506,3
0.46064000346923295,0.9734907018757164,0.4866499319413725,1.032538196594493,0.3690451748385066,0.11823472543565705,0.6238253391439328,0.11501997158449599,0.21379743191484507,1.0108597054023003,1
1.028412267438886,0.6172248585018208,0.20258573725540607,0.9516457907599674,0.594920192900278,0.6802616028754733,0.5335681361894385,0.953109905888721,0.008322952329806035,0.06626159667230991,2
0.0459546726946426,0.5743805383386646,0.9398378069513892,0.5909076644273183,0.7975491312479412,0.7423341069070934,0.44133001273652356,0.3391872011245172,0.24337893415209377,0.47731843748362457,1
0.1056619741186282,0.8227377050896857,0.9935642472056875,0.7002431234953495,0.5963368314244014,0.5589596982037026,0.29456543538096813,0.42763417329164216,0.3906219928718334,0.6368565781802481,1
0.7297492327907591,0.2699704019145305,0.32901522295594476,0.3974075438496522,0.19593386124843892,0.16759038010346267,0.28043610211541986,0.49633245551656113,0.6330795224156951,0.7607325465456042,3
0.6364980610187703,0.09250411003748381,0.4512821019181673,0.1959673895875707,0.25011941497683804,1.0809962353210345,0.8471264092738976,0.4797731702620619,0.38702062842683627,0.12881851346381892,3
0.7726409197264397,0.8013534676477125,1.0596454044205117,-0.1882226598416527,0.5427072745091044,0.0862614505771529,0.4519271574083368,0.4596300223913011,1.2884846084372592,0.620055457962204,1
0.1300559647138276,0.7355253131480292,0.9294457018521588,0.6499200123765749,0.6680590974603944,0.5647029761165451,0.440540465694079,0.48328241980340186,0.4130265030275688,0.48646488000422866,1
0.607713333033695,0.9533482034130397,0.3046776977738575,0.5686579303350618,0.9717046118822544,0.4904782139292725,0.9690560661951646,0.13100895745101737,0.8954662971751042,0.823642515873629,1
0.8494388413744934,0.7194940924253485,0.4249321908170377,0.4974201820558027,0.16652436664936818,0.3104656078997807,0.16482588759725506,0.09113059017795117,0.4269524973217889,0.8995910375354904,1
0.20353721617835022,0.9164051481309144,0.603464177660634,0.46065792257824734,0.8085250152652623,0.6960304786374528,0.5583438214313353,0.4612468667244186,0.17934626823220362,0.35739079886113967,3
0.45818358637668644,0.2204348373741704,0.28272420090692507,0.15692731142221805,0.3488643643162369,0.8659677153808186,0.9359707021067705,0.25588388883734325,0.45476517766878155,0.03838562752997018,3
0.1006488557492683,0.676887954278075,0.9558271677296204,0.6132006991543592,0.7322727831762418,0.6563879976295273,0.4036876033050435,0.455273130236207,0.3558324566013511,0.4742398856926156,1
0.21383507991849257,0.13383119726540946,0.5025069184874914,0.4955338491495479,1.1582057331115858,-0.3076558019442205,0.7022387565432702,0.33854358877818563,0.23361295363349124,0.8415707892324765,1
0.7912935765048826,0.4293995191841337,0.7971275573192607,0.5741079834869095,0.5931593724785383,0.017334372567995984,0.7093123033176026,0.474463666461305,0.02014010757327643,0.01212359550670665,2
0.0582649273898826,0.7740901034396744,0.8450457077686733,0.21905341448013957,0.9852479058899413,0.5323761214517166,0.6850513149815668,0.46259575210844855,0.7180071718691701,0.5051084781655417,2
1.1129965360819571,0.6325566476245439,0.6794526016783522,0.27500317283713993,0.26572344773925327,0.06323361810553862,0.13361589464347762,0.1498734120172402,0.5958889720847095,0.7632138458570833,1
0.07665173295104308,0.9947455490943017,0.751025240839493,0.35929191629071844,0.9919799553903368,0.45879241484411437,0.6207524096693303,0.5216745501247394,0.6273285943994253,0.7318201604010987,1
0.057498046392732684,0.771152028476821,0.848308366183171,0.2172849096502103,0.9858335953288092,0.5308785769953059,0.6866671337559527,0.46137729392674487,0.7154748298727722,0.5092134424360621,2
0.5166724134095391,0.16941477519141057,0.5354633029019071,0.12874035444036586,0.48449248918615473,0.5703381839914674,0.28556793257877994,0.6914495083770529,0.1500092548115548,0.7175603375904743,2
0.3257269969769977,0.31565958448096443,0.247720191333311,0.1069399780637953,0.7517606070096513,0.8210282001996281,0.7281130386990675,0.052838733185730284,0.7297316903152163,0.3053588927619916,3
0.6309483288729717,0.5082967380458658,0.5532798213355765,0.7407566413674068,0.5599148157721837,0.8977436672169683,0.7367432546624755,0.32458361573961164,0.14090143052676188,0.39246660435296604,2
0.40388116653786504,0.9799067533527841,0.5272944454444707,0.6278959699400848,-0.17342903684164424,0.2642404427979457,0.4557657786231703,0.39767510568403286,0.3252658220173067,0.19500506742853815,1
1.0047765726150966,0.5825579425887194,0.18825568882495533,0.8362671231948482,0.5445588238956397,0.9458127736850119,0.2854789297510738,0.9633756745111193,-0.12181288267691262,-0.04866757140854934,2
0.11922822516956023,0.06556842693181303,0.39089698880928175,0.7480929736622853,0.05995688753726468,0.3736944336051783,0.5643651602319898,0.8639018369919027,0.4320961367953019,0.49100161275903803,0
0.23295793439556384,0.9674216120240872,0.8235020519787595,0.8272934823166604,0.6365309660075704,0.2570308570138579,0.7740414203718632,0.8364400127816558,0.4778890006841633,0.2514892857224667,2
0.7812511023823878,0.480749108773907,0.5438497357729268,-0.2222121332969914,-0.05420147385786425,0.3656361816757305,0.5606408677257521,0.7115726984092381,0.5771697446394382,0.693956056843648,1
0.8827616896433635,0.8483103064385591,0.5261165793861542,0.48718305103213594,0.2289089573612335,0.19952597403194866,0.2272225997680358,0.12535764806269614,0.347559999859608,0.8840388265840309,1
0.23098778363661285,0.375122435605366,0.935992433261322,0.6443986100681488,0.7919021431827165,0.6133617041886661,0.6701154867341866,0.35657156893511555,0.14444599489051393,0.6680451890703661,1
0.43861387661438045,0.6114759858845972,0.9353529681812767,0.5122694578845006,1.0773440063110247,0.336467360823244,0.04878419142873555,0.753040757141358,1.3427556100694857,1.1674804711282072,3
0.7940764760668904,0.10027589658767677,0.7835311321911415,0.02431820363948689,-0.18605776587699885,0.08295990101613407,1.093936842167816,0.9506754042275612,0.6606970847857643,0.7605864661717556,0
0.061474816536585,0.9607628067456311,0.6984155721222524,0.3085230252883411,0.9408538721473043,0.3914585812424039,0.6051325608513227,0.5751577633031352,0.6907303642358102,0.7257826417463255,1
0.7202361464753825,0.6626866438333695,0.8070779209090576,0.03346881573538527,0.1186686942019004,0.1348670356057207,0.34773622441354984,0.9248130863470378,0.9363525363919722,0.8708951775197862,1
0.35236734920983315,0.8119642922961731,0.47300049786771947,0.7389370663484311,0.04231458499212661,0.25264207706161307,0.6312798802142582,0.2706710825724463,0.1541042730707497,0.22221061022114272,1
0.40921012601607903,1.1424454201612453,0.522363576439713,1.2939727453842402,0.7959537046887204,0.6125129569474465,-0.21634007134247252,1.1522567491614524,1.0142790395518009,1.1062068189669874,3
0.3850231305726515,0.9733388273399799,0.34479361048998963,0.908691265989249,-0.15734387007878722,0.1384452352171277,0.752826145364373,0.04984368031415695,0.32589484891275156,0.4550036252304721,1
0.34130571849445324,0.4750772049377093,0.4593279123793667,0.46950257926854067,0.3772453929473742,0.499720690512136,0.30247728554878606,0.8132470292877274,-0.013122395211839555,0.7074244762594536,2
-0.28512322304622384,0.4134871035041815,0.7887509116466064,0.6793567098068144,0.1403522106034021,0.47427543773713254,1.2738950783220606,0.5441203790415032,0.930895627592415,0.553346754797663,0
0.33090272440171187,0.5415356484613548,-0.11898566258283053,0.0009032945847426421,0.3373597272476095,0.2076245288232634,-0.0616300192872945,0.3122807830850773,0.7383209183148658,0.17432914177378683,2
0.2511350229107851,0.42130258405398396,0.5869682995407901,0.39883461157196015,0.5380226795193678,0.661256002673606,0.2797382630441251,0.8565236792978896,0.3399497435280825,0.6219338618077026,3
0.27164070033078225,0.4864072440761478,0.8565948140419412,1.1710869962852388,1.1045734633525615,0.1388484598035769,-0.0034070138611964618,0.9444906873923515,0.8154409909079974,0.8186712367340666,3
0.35193429692864386,0.3250202337000481,0.4639079198600412,0.07927192424220916,0.7440067704982853,0.8591456477354035,0.49523062569478254,0.36209684435621325,0.44401243523250944,0.4533571347409988,3
0.31058128907710725,1.1136773998823395,-0.3482745240844294,0.7956562005759062,0.6344428346921108,0.7419978673738497,0.2621409157123946,0.05713529099911119,0.06229069269914724,0.527450601646838,0
0.31393012750583543,0.5120104004948278,0.8993045760863789,0.17333550992461993,0.2268359756903191,-0.0007780563550173897,0.9085404356684801,0.27145842971899947,1.0058538095219465,0.2691332922139285,3
-0.08765460684428544,0.6915533980208732,0.030255307148244776,0.49517909034585594,0.5125851721664795,0.9522280841301849,0.8858776978905348,-0.09636639000014585,0.06232722936923471,0.8085346804158213,0
0.2573835036339208,0.43191803162525333,0.5635687191246906,0.2584798076200046,0.6956853594607352,0.919807000415904,0.8497765417273823,0.1154098735734129,0.40922564118483895,0.6463350514165259,3
0.695730858692207,0.8056954523765083,0.8945488694968733,0.11213277116060955,0.9665229051220976,0.8176014567788845,0.46045303984827074,0.3055852726711226,0.4627279211653169,0.3154487877734282,3
0.6223121824395685,0.03300494277819124,0.5353973854764638,0.6960295766675157,0.06570697455516199,0.22527231471241607,0.042149284835783035,0.3917082887639255,0.39426705154898267,0.7723679618201897,3
0.02774411996666116,0.802918510232705,0.7689785754302045,-0.019877874323536215,1.0308261794458615,0.24474526525741383,0.5084846454368042,0.8705509035600041,0.42745133290348875,0.481157993978376,1
0.5225273021694203,0.34476857376604547,0.2301599562297379,0.09050979733085565,0.19135923000406246,0.1495095978367013,0.6910636628537532,1.1344101056105762,0.537252040127048,0.6797495250315821,2
0.9819473904470679,0.6623863426933806,0.7699322721111218,0.2950166752395028,0.4410470044513899,0.4712728296295326,0.4690814959838149,0.8954723118085124,0.6091195905059772,0.7672087069382467,3
0.056577400245347485,0.7740586036291274,0.8461836023983513,0.21883555892265824,0.9867123520621126,0.5317952687001274,0.6856493760709065,0.46167284209677967,0.7155761395846725,0.5068577913785797,2
0.35028509994729495,0.8309120063901789,0.4387762402986293,0.7876224586304477,-0.0036708805842886796,0.2881539153061071,0.615919755288433,0.23713414118426024,0.12599335930582173,0.18827210913051182,1
0.31706743288976275,0.3491978219094881,0.004103822036030505,0.6011671712023599,0.3954832828043147,0.010540676825940343,0.26027881892506716,0.8753546864984587,0.2876640149012111,0.7535916328524401,2
0.5165730632918794,0.8828741674981948,0.9674879621707003,0.356144351296792,0.7102708747017435,0.005754594003601787,-0.26100082183581086,1.0107185724141565,0.9607246996648839,0.47962889926660085,3
1.018365576043376,0.6779169766642722,0.5467954284557313,0.538243582766777,0.1920317052303817,0.1843481484154974,0.16096286430297096,0.17316343124006597,0.2792494599615944,0.8027231370129522,1
0.06533201916552028,1.1005148656874355,0.5341180640972376,0.2699091458761903,0.9165911870518453,0.6065958905228642,0.6724857782061315,0.6328498559200767,0.7374677327526006,0.7478642349941046,1
0.29512024421918426,0.9067871640813842,0.6762138396772034,0.8218644270530886,0.3894718484276228,0.32174502382355524,0.8671092034134261,0.08305946357310562,0.3873152397626104,0.721053084822683,1
0.050720728840322984,1.066410122169128,0.8007482919068163,0.8336177778989646,0.4811677019726563,0.5972417076963095,1.0778254898340012,0.5480415237227027,0.42722394879667813,0.031189454062698393,0
0.2632405432508976,0.2462822703113806,0.47337625751599477,-0.09565259102664707,0.6710193153218218,0.7356091912316758,0.8165489837455912,-0.025947948700998827,0.8474198868191738,0.5177999317297377,3
0.5424894536746798,0.8578787855824359,1.00632169440183,0.07627535127401457,0.36330823824020325,0.24676880189501796,0.3514109643049441,1.0157213844055148,0.9492030388082274,1.0114686105588504,1
0.09933299676438895,0.8924633921094057,0.9616451614136488,0.7329409972344235,0.005569619872372589,0.42688186813362977,1.1565855749552418,0.7823690264246479,0.7219987231961199,0.004152459741951803,0
0.16254883636720524,1.060715525579696,0.6661032868843153,0.2643511726134898,0.9318950948800548,0.2757160734790697,0.5413351919952625,0.6293892430026513,0.7805910579047041,0.8011544226522095,1
0.35473248266203633,0.876331586828735,0.72972101754729,0.8475271039108956,0.3652913973792063,0.22442156360593135,0.9344129760135823,0.1627949589058434,0.4591489934431799,0.7582937543140783,1
1.1250392116743833,0.5024625674912182,0.4499353200946087,0.9957174375424557,0.6653159503118743,0.7508410412338055,0.818296993340676,0.8083562467795545,0.21367895322757216,-0.06271954924862348,2
0.28025926934585715,0.972242077430903,0.6784870080100408,0.49646837160340473,0.8100876440965543,0.6451112780735687,0.6386518839025935,0.5019016075788204,0.19140700789943363,0.3407061566124729,3
0.7068403942845509,0.42651327411579987,0.6252360880944444,0.7528947927548405,0.5533425442724457,0.9385613330123713,0.6594000668865123,0.3332307262293274,0.17510375437195835,0.4830627571361013,2
-0.031753098708282634,1.0521411608912452,0.7650813141595915,0.3085162549523443,0.8855547852504749,0.42413667556406076,0.5071403981889963,0.5721542952841016,0.7259282755563538,0.772178294180102,1
0.2190403888021793,0.3294949237351475,0.029084716822103972,0.11058102677841826,0.4633399392887445,-0.015424822566283372,0.1528375088501705,0.28330239085071446,0.8290689429985755,0.16547069976382492,2
1.084472857546674,1.1818854872800155,0.7887064010444845,0.12350032523281107,0.468274100527862,1.2136714249232452,-0.11556134696590534,0.38306142038056423,0.4490130194972586,0.44147077827969156,2
0.1220543687804414,0.12921662744310236,0.6221126718953738,0.9439636492272534,1.0210985374419101,0.4277465150461324,0.5579494736359889,0.06785480525224012,0.23088848529086053,0.2582312120902413,3
0.04226627932955496,0.7850117005838612,0.8407978130145181,0.23576144021019052,0.9959499823854332,0.5382269183321937,0.6851804850490797,0.4461693496547792,0.6972618046285577,0.5181884483294492,2
0.66261433512333,1.0966165994452979,0.29532052688582683,0.6570477575481423,1.0424252557780926,0.41672983905352046,1.0010426326214397,0.12623946871036623,0.9190986050785841,0.8473353433846791,1
0.6102307319488507,0.7425015595185588,0.7788192627168135,0.3026681420070636,0.8769713269729819,0.8397057938755881,0.25508952280458586,0.6391178107407667,0.9296999161600108,0.6063183650010613,2
0.9681979596522194,0.5194515406122192,0.46960769678558534,0.6518577763767707,0.23027786982414866,0.4536011114589692,0.3239592477893217,0.33247376120220357,0.5668343387368163,0.20048201631729107,3
0.4489862095625042,-0.14559197762001563,1.1238124834763534,0.5782169222188808,-0.10105554949481532,-0.1012916410096491,0.4163212846034017,-0.20966421583636996,0.669152032869983,0.371362202080144,3
0.8902739252201755,0.7214230211217704,0.4992750774083233,0.5049280777245085,0.24712539109879045,0.2534197044346116,0.26264534330303624,0.11741583069480906,0.38169239470939553,0.9005774546271068,1
0.3342357095520908,0.5336644197217537,0.36369748060108154,0.5294344852831735,0.43998688596174645,0.9557737670677193,0.004864915729715612,0.44801612175186045,0.34325229375379107,0.13266534144140749,0
0.3036360799435906,0.12941936673866716,0.1941287613111799,0.06075285581559733,0.9243340040836184,0.5162431589799841,0.6922517160641661,-0.05808573073095276,0.7845998269419393,0.09753599462525292,3
0.5950295227115213,0.37043704838529296,0.4445915133714541,0.6774729511048763,0.3947001717729224,1.0571873615462835,0.6078940291736895,0.38019118819241177,0.3365296294240869,0.5790065929633017,2
0.42912772762223533,0.5218387547513366,0.43515534477756285,0.12055382584899654,0.04417162252372237,0.6627486053212246,-0.013586962831225291,0.5875249493613952,0.9480366762689698,0.16566378315207742,3
0.3154077525810268,0.9410527533412131,0.6217863647208346,0.5264182166430642,0.7135810582141175,0.6027741204033706,0.5552970894565112,0.5443130805377792,0.105768945630004,0.382861966478673,3
0.15169484271413589,1.0659263482923484,1.5550637967279255,1.1784663532504567,0.11579994329287896,-0.8179178461503358,1.5686668916572573,0.2601765231490681,1.3256195390494128,0.2823246309805071,3
0.604898153548423,0.9495447057194095,0.8556573603185934,0.7680207357305173,1.0976678448965616,0.18686148673075947,0.3081282009315143,0.6803522655277503,1.0110232692832166,1.0750781348149658,3
0.34725407875335645,0.5233650319786293,0.3293104467810511,0.5191225941465135,0.4572550115246258,0.9703190436961315,0.02263595627498346,0.4336298844781189,0.3716464615464699,0.09443485756443207,0
0.3027031088290792,0.8787651490698027,0.6048547680545127,0.6517757586195285,1.4533228709743844,0.9153471330490486,0.24472307357095163,0.7279367225048337,0.3999105802391074,-0.068614099433845,3
-0.1597759160641232,0.362007859120688,0.44245782465645794,-0.23114707966920817,0.5613033882178906,0.7333019393768242,0.8081212787739214,-0.0016536250394629248,-0.3826468070078126,0.9421713627030257,0
0.0019078020752251387,0.8044337405958439,0.6269764512097479,0.14554037243941575,0.9376850114729967,0.17246164511784798,0.7933202122669973,0.730579853356832,0.8369445573653278,0.8763282696374207,1
0.7588257819123505,0.48384462973874265,0.3749278726936028,0.2842470959824166,-0.08610318626117827,0.6126425547639752,0.27540873754589223,0.32673118218337327,0.5187315711399911,0.6244791404483782,3
-0.11494476569322001,0.6630810112720203,1.051619919153564,0.5317352070994498,0.4969166104721991,0.5269870012715051,0.616046078185297,0.23040144631592524,0.3139941236253671,0.44826820971987186,1
0.4662943491123123,0.20828977354209116,0.29297156169202265,0.1787511280077682,0.34768355374793886,0.8659806807385272,0.9601692169968589,0.2653903076718972,0.44716801945865986,0.03669466897177834,3
0.07496033799518545,0.9631346037311888,0.6707593445930723,0.2858183274474988,0.9278337160903795,0.3714291342269157,0.5913905627809867,0.5813854751611727,0.7065568703791388,0.6973642482853784,1
0.5291997028801871,0.5435922125949592,0.6703733225528355,0.025945446410445154,0.21766860525856205,0.23160312414767797,0.09808496049223098,0.6011410054799963,1.0955410472535865,0.4737564248385525,1
0.49403749237217226,0.532072193021635,0.20298980848295037,0.6086215084894242,0.4940801359066512,0.6499679180372185,0.9817247401760859,0.9074868567738412,0.4769251987453278,0.20109227464411453,3
0.92256663708584,0.4727680297236331,-0.005670593057796318,0.9722317957418998,0.051423574114109034,0.10888555436596285,0.02372367445193378,0.8522637807405011,0.7575961950756209,0.08860199960336566,3
0.07651086712002253,0.5007891072162465,0.6637595823572501,0.9739364182504348,0.8875201535937869,-0.029317187342247156,0.7438614790285489,0.8477426944278719,0.6136718608413327,0.9879906187570762,1
0.9128437463632183,0.32180323062552707,0.05904227276208518,0.8793047937768215,0.20174704868204899,0.29405307693124283,-0.14529526099408588,0.9833830384101894,0.8874049866475368,-0.03504454601254908,3
0.12515920985980394,0.8047405969462765,0.6930529523503846,0.6200612332438562,0.4142274904629909,0.23192570191945075,0.9706773980707873,0.4054298240297043,0.8219184175235364,0.1441592387097624,0
0.30191034440958997,0.3560862273530016,0.7328741288881616,0.4047132226622291,0.3883810544025465,0.7489446244754939,0.3354231452457789,0.9438335152496986,0.15766981731719093,0.32120626056546125,2
0.10783145740698405,0.08642351137122416,0.3798537666142255,0.738456233391967,0.06301089730726561,0.39937934692679655,0.5646492874123409,0.8464598798972304,0.43055034092077465,0.4386345233453527,0
0.7265192117686471,0.4930745600110189,0.7581141527355609,0.4686191473552854,0.706971842240852,0.04846414268281278,0.7990946321366766,0.38119447351604063,-0.04317993004554385,0.06685042903563898,2
0.47323638258396805,0.9284559475034533,0.532969198615326,0.6856608121364325,1.0782829638469864,-0.21889124001720495,-0.18428584143886784,0.8904487432201118,1.5277553656417162,0.2754059003578163,3
0.18285377700099031,0.37367861137469455,0.619150155452756,0.32486427982645716,0.7485267129928371,0.8319792715554802,0.8976363271120877,0.12051880647452541,0.3430289722384251,0.7450811525355916,3
0.8066499199157573,0.9087600790256013,0.7183352995545279,0.34117312715524645,0.8352141254516552,0.9329759058923323,0.20159753265312008,0.4392915667741235,0.675331702953298,0.5195287973222251,2
0.3933554699803687,0.9152155615429507,0.13660819492112952,0.37331570295423566,0.08020577357734185,0.9871687604517223,0.4629899683853191,0.5732531306653583,0.2407803582757333,0.895548612266534,1
0.2822732638321507,-0.1736796639352285,0.5912997614347246,-0.20583598356935373,0.362731833550231,0.944554251236092,0.34856594213728254,0.07419138052736492,0.3853235313828579,0.16154402976312782,3
0.22428632991502867,0.9741269459763015,0.9247561140210293,0.6964938730384925,-0.00558735045778469,0.2163153309372534,1.1859543454266315,0.3419992852347028,0.5785196483493318,-0.1290183821338638,0
0.4012164772877991,0.004816413369419431,0.8205803489595942,-0.09149171288137548,0.676558544800619,0.8671911806834044,0.6023579669960408,1.13965999887856,0.09598524816737716,0.9476065392337267,2
0.218736274272115,0.19527400720467003,0.10654695712165174,0.5611127261890455,1.2404787173723213,1.0292366743137769,1.0723430705401888,1.0493679352609595,0.569460274250245,0.35705261014978606,3
0.8688144728179873,0.2625666658161825,0.8995266001133916,0.6477364331247019,0.5039321883691879,0.47196957956483376,-0.17542888289943215,0.5620366564060912,0.5472823018719006,0.26790877553245074,3
0.1908315709038153,0.808255070799885,0.42201283577947024,0.1399783207057794,0.8565869072122773,0.297987614536108,0.5960881334579687,0.6851416752431434,0.45446479913148774,0.5534670093224006,1
0.2359132852373525,0.7019635281120029,0.5626955497072924,0.828567103258724,1.0152351311766847,0.04498499107068888,0.7643366724455063,0.8143495741679865,0.4482514829668631,0.8178428962756277,1
0.06274723579339647,0.46203883655681655,-0.3328305296168616,0.5236524853972542,0.537564260123181,0.8593703423919784,-0.433289332689493,-0.19643867238471713,-0.0901634016198953,-0.13750794253824972,0
0.42952281878544796,0.5645910497116728,0.39266509592543475,0.1377326831078495,0.038769115584889345,0.6513723102057497,0.028077798380177692,0.6260208070740713,0.9309147035301326,0.15590904588072216,3
0.9792608737178438,0.7103813622733904,0.5549001793506158,0.5598501293350572,0.28457138027319584,0.28765597148365024,0.17951184653829882,0.12473277503388074,0.2889716602741888,0.9146298786185718,1
0.18361479248993623,0.9491498524652086,0.5978198804957733,-0.33417994830906983,-1.1288112671230088,0.786644666059831,1.882885024691645,0.07617132660902812,1.8994953236372738,-0.27966943847614434,3
0.05245771391337799,0.945859111537855,0.6712781624778887,0.3079330468463543,0.9213959696382312,0.3742981440693663,0.5982993080808843,0.5884400749146178,0.6932352195613302,0.726061720057084,1
0.10241406166745923,1.0301513933538202,0.7514429666373489,0.36158478930915183,0.9470575811542973,0.3186793415222091,0.5490870877984912,0.5252506255578656,0.7466908341936529,0.65451976714329,1
0.427873478850522,1.212832265754227,0.6985724769703683,0.8230409817420961,0.9179933020728573,0.18865718085095473,1.800093533412135,0.881634709417722,-0.13373052776648475,-0.9099452331511559,0
0.9786679408252134,0.5498354672102546,-0.012565704070871597,0.9755165662136607,0.00013255690640133488,0.025217442045085192,-0.06717515013692732,0.8650868651165534,0.8145035707418802,0.11844670840835651,3
0.9921637022105665,0.6308093225177704,0.18979872166339648,0.9354831620875677,0.6065574022164754,0.6800823970711442,0.4984357544328867,0.9659928864090606,0.00969163274354194,0.0386948927144484,2
0.15222222697634744,0.31814637016274316,0.37486254920930223,-0.10882308251607883,0.6675672302325723,0.7676471501061848,0.7909177582222643,-0.024557648858658493,0.5605620605936747,0.35346658421264804,3
1.0294682860028377,0.923675891504159,0.3871385177951114,0.3618565123229785,0.3262898135204146,0.0826164720460397,0.38939364896991047,0.2962338205473902,0.2491399715582784,0.7413812065322773,1
0.2807837168936827,0.9708769813188988,0.6929418115112048,0.4365921672913118,0.8065141872489199,0.6490124211785506,0.6243596337297843,0.5195149016382324,0.2042836842751799,0.35145132286630765,3
1.0731009991914107,0.5506555405020832,0.2967167515607121,0.7073843383253365,0.7412596942782319,0.8249027710910086,0.44653972039584044,1.1018346800466063,-0.07698534254078185,-0.006113626866718458,2
0.11715271762898775,0.12672423534346003,0.6914608820514248,0.2988140678267135,0.23046379940426284,0.5167890415961048,0.7399505773092856,0.6505603774204193,0.10061532062377462,0.3723187396305303,3
0.0563096524015353,0.775230904565872,0.845932070135247,0.21742341980495053,0.9888066036238491,0.5297759517331331,0.6860636021182033,0.4626275451051488,0.7175260231707459,0.5058781189984062,2
0.6209285017162357,0.1926071793138906,0.30065797594468446,0.5824511202748907,0.1809190842662225,0.2677084025958817,-0.2023561615865052,0.5740370666308403,-0.15388493738019646,0.4852673294722173,2
0.3159016616775724,0.9021064887349891,0.699814399717017,0.792924361808151,0.4282151369714794,0.28693840608244725,0.8951745221824235,0.112270936361914,0.39597394437486866,0.7318878557697462,1
0.5280322645375288,0.8010138891619586,0.7640888039416555,0.8994896194815754,0.8218410698526393,0.41348859457944787,0.18560901025485654,0.9313354645381638,0.9861820355128543,0.8389781152976686,3
0.456630635402398,0.5241757140327634,0.18548734149916724,0.57499023924171,0.5064314780518856,0.6588334748670357,0.9657123788409744,0.8764449079779325,0.4436818342263129,0.20822124491042884,3
0.2248808121156976,0.9414175903922823,0.7750126535510931,0.3717013287466717,0.9187054089159681,0.41940538742269184,1.0912928745213446,0.7861469933197971,0.5347290548395631,0.19283277366244522,2
0.05507776064730861,0.9734361997450934,0.5830554086439805,0.42578427428342014,0.9163100220983948,0.4545681456748636,0.7253283078478402,0.5479413304947223,0.7301727642415609,0.7296534621535056,1
1.5080870142008402,0.3482433845935647,0.8959426162862084,-0.06326553475801433,0.19035113757986402,1.0762091102220837,0.9660391351127013,1.3625751162968394,0.30431062825104227,1.0132053779635544,3
0.4465381549557741,0.1464494062640727,0.34882966404947063,0.09891925251761673,0.4168505986012225,0.8153734140753507,0.9620913206793084,0.3297897007543287,0.5012920419919785,0.04568349504546907,3
0.8809300305421853,0.8327091920828605,0.6026294310239446,0.4285683617943249,0.9220878436726323,0.867245240521709,0.3382228192851388,0.28342454457461985,0.8110310158060305,0.5771408849504445,2
0.5607050198859757,0.8288513793411739,0.8096079906369247,0.8369571184876815,0.9115573160418144,0.3761075874781859,0.1570618691746238,0.9382927317504901,1.0198508123912928,0.8846548971169315,3
-0.4038543353704629,0.13921788934081736,0.8261659849328395,0.521638873041897,1.1839043379390404,0.7410572913783473,0.5488821582249596,0.26433882412743637,0.2512498601582871,0.13779391349481673,1
0.09871543699553295,0.09639728024282823,0.3733825802703584,0.7680262736128922,0.055274752764110084,0.4341008308535376,0.5396119738739131,0.8535355939214271,0.46548538768813064,0.4081768109898464,0
0.9272279104865663,0.764398559972994,0.49705749086293255,0.4290181276223884,0.24677805708421435,0.22317954658786587,0.2504913856892464,0.17456201879870026,0.33721159190169725,0.8467338722808307,1
0.358486620600892,1.0002627013140961,-0.011282481713464132,1.317851539304392,0.0662898492087669,0.008600568477679149,-0.11314280876826438,1.1341693055259268,1.4219476104541018,1.0121829380401342,3
0.4184814641236308,0.8629511381352467,0.47841933612292126,0.8057473478978135,0.06413093729758458,0.3030632804080796,0.5452207647129548,0.26889779676912706,0.17374550758872997,0.26047113984982595,1
-0.07843887261415278,0.526314170480066,0.679812714678601,1.2136079293732984,1.092985578031679,0.14144713016555005,0.7456562047327183,1.0018087848516906,0.5922191857617655,1.1356335868217307,1
0.3200057443078185,0.12703623070345593,0.5409126203897457,0.1722430394664277,0.11926122408359588,0.7471996806956408,0.28451508535260883,0.2875443810897867,0.8502926292680767,0.21673797256005564,3
0.914043875745105,0.03258009535984953,-0.05653382040659573,0.6497058435308858,0.9371544060484774,0.12691694101573622,0.6998953315229764,0.7586675394923027,0.6882439577851895,0.6724289574698826,1
0.6091939731744648,0.5953888378601156,0.3669621473265479,0.7590584984401998,0.5666041995252286,0.4091188491572701,0.5049783970263526,1.362453819635138,0.7024881752449619,0.691128432015173,3
0.7187655441926426,0.0088942360820215,0.569419817846538,0.9049616919744732,1.2405350503005985,0.030778524093687948,0.8637805360079458,0.8784255133268886,0.9997493236373528,1.0649781553007711,1
0.054503078594573616,0.965821274633368,0.6805222794221351,0.297960841794357,0.9387506790503862,0.3784462869157778,0.6046890196962386,0.5778049919213821,0.6866002469108323,0.7108899765008365,1
0.3015255931183898,0.8800388395716447,0.6472498510762251,0.8585001558385865,0.4295456489998901,0.23071114861217992,0.8270466069116786,0.11505589734020055,0.3284084465382904,0.7485192770847351,1
0.9897476039740156,0.9283425941245279,0.5652310723461245,0.2676877892626495,1.1531757769828195,0.8213761096302721,0.2579345068393431,0.5990792516247389,0.6757750044346504,0.6766293764401464,2
0.6070685771983098,0.933081536113584,0.3374064354482338,0.5778825706096593,1.0123211277329363,0.5238279961789117,0.9161904686643606,0.018285523517130364,0.8421436737274813,0.7310452349246163,1
0.3252127091607244,0.9181126075046114,0.8870845745035388,0.6373961121347141,0.778297016473522,0.22574304703541906,0.8620497889126775,0.9117857686565275,0.559965599511772,0.08552937048601647,2
0.11963802272154056,-0.06240520431814711,0.6851706425859827,0.5952633609558206,1.1801282744747017,0.0777519663616356,0.7206492380009639,0.592073178784493,0.23610198145294664,1.1547913137842807,1
0.26581562433103495,0.9519660873662317,0.6765862315574005,0.4629377916997504,0.7817460320519624,0.6370292313339961,0.6144038830743599,0.5058748914173804,0.18265392690453294,0.3404549376359499,3
0.15397895331313016,0.7782616417164119,0.993607684408934,0.5607977814281664,0.6892526271119988,0.3565571407910191,0.8937729143684525,0.9977323355158884,0.5520740525136465,0.27330451915452003,2
0.8103952285938976,1.4009673427182938,1.034966280234103,0.19414058392075006,0.3715210219561009,-0.12132045175090855,0.5833606033655967,0.10850677426102896,0.480568542340063,0.9798910526865785,1
0.14418771698968622,0.39237007303135013,0.03989725102995825,0.07480499498664675,0.4692240723044744,0.05560981653514335,0.13197534524216817,0.3864159998617274,0.8983823534263721,0.23377702843595152,2
1.0346652323750327,1.2521792385013049,0.4576682449613353,-0.12180883166348017,1.3473409492118449,0.7468374239752881,0.6140618092520116,0.19610899364458,0.8508420571640747,0.20762214469427567,2
0.05446029921552868,0.7724689045815648,0.8442882325308799,0.21949446754605226,0.9896215436139729,0.5313503850267288,0.6861027721683501,0.46250982527516876,0.7203094614559741,0.5056628974224788,2
0.4483188067680141,0.2039817544243475,0.2743303984297431,0.14620935302399188,0.36034498667368536,0.871897109103623,0.9303292675351993,0.24016387924775542,0.4469169358522053,0.03255185522938966,3
0.1106433385580729,0.17573377204474275,0.21321202364942282,0.5839182627532569,0.8392173065545776,0.7492945538985023,0.14442028160352674,0.3976050739349513,0.5213386076140354,0.48834610730662426,2
-0.004757864684607337,1.0029585033748896,0.7490200463307864,0.24918289128738438,0.8898312277257124,0.43097645762894743,0.5859563504002522,0.636228988606879,0.7369616715982564,0.7559512791629289,1
0.4153079926118067,0.7254615156381388,-0.32461453750707514,0.6525965195756819,0.8247448049356161,0.4550417142835334,0.22495848598040835,0.055164879228577685,0.5233155702433862,0.6299479868417628,0
0.025817542133554333,0.5739600945513265,1.2161861709261825,-0.11786477288114677,0.18532439505641674,0.5313888781183063,0.37175790990184254,-0.0022059729500611414,0.8583502242331746,-0.30909498342496,3
0.08577954912936016,0.6765409565135793,0.9320885067493895,0.6283363433753847,0.692838331479859,0.631209417808979,0.3788327258032562,0.4310719533369453,0.3936593456090973,0.4714095920389947,1
0.08689975307268127,0.6603145573417141,0.9274241138662743,0.6266617216290062,0.7167125098873901,0.6205837988379292,0.41593117487379394,0.4568777482860028,0.32686601280583116,0.48918825386483666,1
0.26219069186850497,0.10056220673672274,0.6456494596438805,0.7851457545362468,0.9928886282038907,0.34922252589013014,0.6549294177633664,0.17196585118889246,0.3467665537612712,0.3867441857959232,3
0.7948413837741402,0.5249294840090697,0.7460239022518094,0.838788214573533,0.5251277955473003,0.8578797865620871,0.6482020028729376,0.30610488566241206,0.11708769352073467,0.40777712145649114,2
-0.05222315483650719,1.0346065319432434,0.19854549593167453,0.40301183062870083,0.622959682461487,0.8405537241143733,0.46101688828855053,0.2574173653348444,0.19427362995888645,1.0118763065856222,0
0.17285747947633315,0.3752845361921605,0.007793642290451272,0.1109418218400269,0.45513664933717773,0.10665649870904614,0.14707791242996346,0.408050079052116,0.8966478876018117,0.3029128408983813,2
0.5090739240483573,0.7953092597792528,0.47396542775264117,0.9527836505267182,0.15340028954255305,0.26095288456021215,0.6876691263427254,0.2573960471563214,0.2746145738620705,0.19442852853119238,1
0.9534042743848494,0.7263139027705948,0.5499685748736017,0.4348564012042179,-0.0326634305206672,0.42962535496052445,0.041675840325190894,0.7169491391686518,0.4412351297091935,0.5595075398435704,3
0.05644305847861974,0.9675034235614416,0.6922361930848708,0.2968585999318371,0.9259759933207576,0.40010498064675054,0.5861687453577322,0.5968806862431315,0.6812357114562506,0.7034028062815696,1
0.9447133525620361,0.2066455537632227,-0.00014909567077869834,0.06376281957900046,0.8825810869881001,0.02849852650687046,0.00393140590899721,0.884805721859201,0.6015822075427285,1.212658132862649,3
0.4330964660403936,0.23892610262852554,0.31291403203385887,0.1571345246966368,0.38986977732459577,0.8413795617058275,0.9267388950436399,0.270263299475275,0.4605733140534686,0.005756310171652953,3
0.46234970385831475,0.6041337216983441,1.095961596300349,-0.026047062151680705,0.05227057105320376,0.11584109074711875,0.5658355011722094,0.6086531323415943,0.7743978554424111,1.0076232730228674,1
1.248646057239151,1.1030433435461262,-0.1995125551502016,1.376643178245728,-0.36061206649763555,0.7270041936611203,0.5501888409048745,0.9769435608624847,0.6627865482000883,0.06379948797250395,0
0.8949648525172607,0.7327524277593123,0.5004087430816254,0.4674569009118982,0.2738176894004964,0.2610315765305934,0.20221410252909677,0.12323047776243122,0.3984573596904284,0.8417031706697884,1
0.934257897721221,0.8043887878305575,0.41062393030730715,0.35009774599931737,0.24836247613540235,0.25325921770100795,0.3404441089751197,0.15551669311173658,0.49799947275266226,0.8591292686164348,1
0.3231437017360006,0.39345219535735776,0.32558686553553434,0.0069505888219028545,0.7436430322073919,0.820502671357926,0.7003957928595534,0.08460113690797501,0.6558922611941467,0.2963482547569969,3
0.13464546313914189,0.37949891672753566,0.0146000460069243,0.060301608867505956,0.4577570944789531,0.07745538140798647,0.15585020992499687,0.37151919957748536,0.9228413663871851,0.2552957609254153,2
1.018545775200731,0.5186712226921841,0.6941733862402968,0.19741540867112176,0.47759254338313806,0.6405275078748957,0.33302544860455885,1.0952410287375631,0.7699992207188563,0.7879486998998235,3
0.5407758306795842,0.7368728589213143,0.023666655171191417,0.9034236787335724,-0.01608871738589812,1.1275098761611524,0.26990069788496607,0.26468712950173495,-0.04536457512200276,0.3740962512328676,0
0.837239079824049,0.4342231531900708,0.669847072834808,0.5863092901326512,0.21672741483759722,0.21862551609514103,0.02055259069155102,0.5435199761607981,0.5062591377750382,0.328636668824904,3
0.37442293143224903,0.30587966185260757,0.27384965691087565,0.3333835591294982,0.15508656234212137,0.34863594006886506,0.624761398197845,1.0519018310511092,0.46589822588421337,0.5031851076525984,2
0.15052151866289962,0.5401964881591631,0.389536314632426,0.8190478773044194,0.8591617357608555,0.2741755180774369,0.6002052058559628,1.1099520246350933,0.6272297015963304,0.7377901552257633,1
0.4114768824696525,0.06258380932292495,0.5828489594026557,0.08155943850069192,0.17768736982917813,0.6243043685865248,0.18282101817440022,0.17110626251022493,0.8535446822854612,0.3635806573033125,3
0.507523282985064,0.8031191347685722,0.7671971291339547,0.8868112869053948,0.8205862844622103,0.43428100907179396,0.18112279651389646,0.9447315065816303,0.9968333165875334,0.8256838143973642,3
-0.150225672620865,0.9719889695518216,1.132949918240786,0.11581654783439974,0.7028996813111424,0.180199981226009,1.4126602520949674,0.6530087323073328,1.0513254282652031,0.5055124680063633,3
0.26317105888158937,0.9450371401723324,0.6655628008727179,0.46461459779136294,0.7864714188147744,0.6287302623018234,0.6130620592004443,0.5087402275117472,0.17979689358683384,0.33800683406787296,3
0.6133698050250944,0.6861867186718343,0.11769830098022616,0.734655353816959,0.19911797826757904,0.9030967871861794,0.10043637309313336,0.32097331034187715,0.08161479740258394,0.31030647700583175,0
0.1644612739040015,0.12968994601108297,0.8291940205265127,1.5797887772077197,0.8107549397988203,0.29482769239155854,-0.14097776518701882,1.136309891305604,1.2017115571585042,1.6403160141896493,3
0.8914504052195622,0.3285897241920186,0.24294798071999624,0.6507311853500576,0.2728952893487962,0.9434555694928461,0.7016123143841708,0.8375070378662653,0.00045325661537181164,-0.06187008684020699,2
0.3178019634677904,1.064132120534244,0.6559462988645925,0.9850084863865916,0.33778640125839177,0.4879065762997289,1.0459355466553049,0.33811919516208166,0.3325991911614069,0.6268328437806796,1
0.4555528882841553,0.5376482545882104,0.18746756237844756,0.5674263030547162,0.500657552232757,0.6629758809637992,0.9614929882677924,0.8754487738193275,0.4463020266667796,0.20713623614190374,3
0.9921610357403953,0.6782357689916965,0.9139950036677678,0.45889016793249904,1.16610143580187,1.1584445481870225,0.1995125682351002,0.2984318861455315,0.4728747937754945,0.21314773157110078,2
0.33073771903262533,0.43439045941130355,0.4579501005953331,0.27076001170436687,0.5949939059410221,0.7088074141856531,0.8206624354277313,0.22442923659314518,0.4299491324686732,0.4887591759566058,2
-0.1236130222165569,1.0285622490013018,0.5747561413919342,0.26178947323443646,0.4368091040739222,0.3583895652548966,0.9519050340680955,0.9172307900314133,0.021964977515098627,-0.02525038173280722,2
0.8788055353620515,0.5354147192009129,0.8088475202623805,0.24288318404434847,0.14742454922358406,-0.02235705310441008,0.2706912531352902,0.8742075564117759,0.7488808186619247,0.7089007409343959,1
0.6820362095976686,0.6208635326467646,0.834618857907994,0.10895907149390123,0.18031721159881728,0.08094355537275705,0.32400887138027384,0.9309499957701453,0.9424904564412336,0.8197908904015297,1
0.9303884289915072,0.6993494568082415,0.5405752375855102,0.42840088170680085,0.34975303224723187,0.2545693858549809,0.14942708817006994,0.09263220441885836,0.30864864777794543,0.7882966696932837,1
0.29415881165975677,0.45708362739678354,0.47644546097325674,0.27729342387856504,0.5465691294561259,0.6867466120149684,0.8225989365036311,0.28622132914680154,0.3965388057372799,0.5136785801657476,2
0.23603070099869383,-0.3240116041488285,0.9058676933492269,0.7162786804647514,-0.11749860388725833,0.17356927675680323,-0.19161888951615685,1.061934894954142,0.1385582083422962,1.1935571626377177,3
0.12301194581717728,0.7581040487539503,1.146254216591882,0.6879497501495322,0.6785495693215566,0.26360743323599223,0.9803336329586632,1.1673455280125502,0.4372710149308615,0.06910009881087553,2
0.09571740105067018,0.6634784361782745,0.9293748160779961,0.6148679013926466,0.7172964939631576,0.6378919691329988,0.4253260368985958,0.4482903713404087,0.3361857658596506,0.49684766671253183,1
0.08630311919246315,0.4870171574072246,-0.2335300170165691,0.03839223035343445,0.6641838797567559,0.05479771724412777,-0.09937504698750665,0.4466476356207649,0.664188362360213,0.12345298981563937,2
0.1086980919427994,0.5526232030167907,1.097821195912504,0.31640624799640144,0.1959012421912056,-0.1266116314840703,0.8965138105507146,0.3168631079778741,1.1000176448815904,0.156426960643054,3
0.5896493251184933,0.9507791055447882,0.28916891076782825,0.5674384602488544,0.9818751027848841,0.5158269070765841,0.9754713849185672,0.11524286557739091,0.8710535959850448,0.8163998355787322,1
0.056040221629167615,0.7742942543152169,0.8478085910524139,0.22120027820129415,0.9902772886843778,0.5347981127057224,0.6826126805179364,0.4595733665005478,0.7190841688181577,0.5097870216549655,2
0.18873833177621807,0.6940754347005413,1.024765837633053,1.2089549845629857,1.1622920711060698,0.43764063700969796,-0.17420324168162826,0.6970556191184007,1.0301573609190364,1.1119481254024333,3
0.3112758719990444,0.45181281606407886,-0.17929729272230993,0.5777566613358892,-0.06732216764605187,0.9431122975939927,0.31721009696971364,0.0731832919006245,0.17929226421079192,0.3494109517705029,0
0.4779479706289539,0.5416785709166155,0.1589375364317239,0.5794960650503037,0.4628601573241531,0.7037394208293877,0.9655112331417457,0.8609154682300082,0.4606368648757496,0.20595198896072678,3
0.5524514108363119,0.19672697231369574,0.8087671105978756,0.6810963548959861,0.6873463907492526,0.2031826336232039,0.6125376918642556,0.38635938902582717,0.11827719230571171,-0.15740944110486593,2
-0.5032861357602271,-0.9654377552771662,0.2908239025215831,1.3308180448895945,1.113392109811428,-0.48157275740031025,0.8595943312792105,0.4071501788046608,0.58543271353188,-0.6870777199352783,3
0.5059760469131497,0.19213400221555604,0.2971488325501663,0.15968335272461434,0.3740746782061238,0.8974216691522501,0.9664683501486774,0.24705403917374735,0.4275851553090119,0.026183605655231257,3
0.3773306307776906,0.43827490408450315,0.467214781355256,0.33025712728405504,0.6072933216171276,0.6887987032271937,0.755193640828951,0.25495214003865735,0.36061968416675116,0.5512349603005807,2
-0.3938099588432191,1.2162372329224853,0.7437315240977723,0.8481558881296748,0.41498535994389973,0.6058844012326559,1.4050539012648773,0.5489734169145579,0.44336616526221573,-0.20354809836664778,0
0.487614891024482,0.49307014817386474,0.28633597691659946,0.6137288861057669,0.5032312367115643,0.6760956481904291,1.0634198438779023,0.8809525040913578,0.39794717981963584,0.29656552276911197,3
0.1852830182502984,0.7746974728431585,0.8498784507659581,0.7017863123911531,0.7416159369705001,0.8235950954413046,0.2830668313277038,0.44431576340328527,0.4625089692642272,0.31083036931210944,1
0.19751432123115906,1.086132596416646,0.47891456643606584,0.582135989956989,0.1820158885634175,0.2691586473149012,0.5989405159294441,0.21698420202584986,0.11676150801180665,0.3783853537827694,1
0.3832732939153097,0.9344211957132746,0.9331397972393393,0.6304891197906031,0.795462115633549,0.1707303785761016,0.9162952849972061,0.9198906750686202,0.5289660725604933,0.13174190514749573,2
0.49101982170776365,0.707993302283879,0.7286617500095427,0.5483710435503548,-0.0673091324219865,0.07513996027236064,0.3674312309490364,0.2992602967197678,0.636469934036139,0.5217122290258407,3
0.004403131216706185,0.60945029675777,-0.12324327046696554,0.23372963212258424,0.585991343635724,0.1870287838026809,0.05433332704909967,0.6341356434009751,1.0595498847966314,0.14607384290047626,2
1.1449775884210658,0.73774976192917,0.2729775700460638,1.029867161209079,0.6576940901909478,0.8816316628479429,0.5748260762625865,0.8543482334381498,-0.1235640051937473,0.23469051814380865,2
0.9052672290130584,0.7325698504528184,0.5155874770176309,0.48286802390067857,0.2614064197792307,0.2769437105320082,0.24316746648830548,0.1341576096678245,0.3644358803386586,0.8646442682070505,1
1.0451468604274248,0.13734962244514326,0.4964843405139764,0.41751350547242594,-0.15361464549934153,0.5797889895514972,0.5457414937863001,0.59123845903038,0.4382772354316252,1.1390216970724694,3
0.230215466468811,0.02083908119012662,0.10558351776660627,0.27645252500102896,0.7115377966897142,0.1926905400668015,0.3020488464273951,0.8073293371645822,0.04810198439763115,0.2545092847594472,0
0.40358193129855474,0.30203588599161596,-0.09863107041289085,0.7209494454705713,0.25603268260755335,0.1078679141483993,0.23437928996113302,0.7351303779655751,-0.07953401830346568,0.7070269173661312,2
0.5399574060988945,0.9656422571945158,0.45525956246421184,0.4517502622726308,1.1220421769303126,0.8591228160848613,0.15025725914533472,0.5658572507224862,0.7676671997386301,0.4753001428649134,2
0.5711496037343289,0.5370369941651104,0.26725954327948503,0.5612259874486584,0.1805460561472998,0.12454664043555112,0.3266470636046714,0.7836779570838848,0.19833530304953406,0.5084394678238097,2
0.9758482100495377,0.8605790165102314,0.7350839595004637,-0.17200495182329745,0.18142815409747592,-0.0965921014343549,-0.07085023444663574,0.6801484976186387,1.1511527008177975,1.3693824734280335,1
0.35534892200487656,0.3973791918763911,0.4527809573021528,0.2903043439423698,0.5474883430655078,0.683877305140826,0.801704856612679,0.21066079946212388,0.3871090222602363,0.4266250785173352,2
0.566011835985378,0.6374424769726855,0.09267775146822123,0.7910697049530115,0.3187384078119671,0.6353995998849972,0.14243209349948244,1.0044866009871383,-0.3518683619461813,0.26477040485457726,2
0.3338385699760733,1.0433903239069646,0.5534356748060296,0.915941960856784,0.46258938588154036,0.3615260730480861,0.9775322494097155,0.17426047096971,0.3150704345880355,0.6405688304639573,1
0.4028939821554017,0.5876761643518931,0.6052513039644005,0.6721962976336676,0.6525717775444104,0.48261508150292115,0.6410377452012899,0.46954292210308496,0.419566908039703,0.40100265890972625,1
0.481599454119378,0.7842481874976786,0.013286314968746563,0.832056726062256,0.13432299998956665,0.8042852504365585,0.2879481053603634,0.13294279394134925,-0.1488795206948887,0.14560352200385213,0
-0.06304926683321893,0.9647424396891813,0.8528879926961417,0.6639606394522076,0.2748398833682781,0.13615806677201178,0.9797488723602505,0.6217875574349147,0.7082868099247568,-0.0820128847912952,0
0.9062569444452578,0.3326708754032286,0.6062236723186052,0.3645748861265954,-0.0805757499949451,0.5315325524610732,0.2565792450622512,0.3333228866714091,0.3219395277437282,0.3208105699466871,3
0.2886901538047972,0.489000866278734,0.659649172734367,0.22630835247891626,0.6032830196066283,0.8162665378171724,0.8210200016497479,0.006027677043349625,0.4610211146076989,0.696577989724691,3
0.5178654824420789,0.7985393404392847,0.7520062548863079,0.8897921867457405,0.8306241689609591,0.4209872685845904,0.17484409616193347,0.9299186351767705,0.9825482729344492,0.8327766649280242,3
1.0538879720291345,0.688565559755687,0.15465833553973526,0.9397071904504376,0.6131425551783825,0.6352369116133879,0.43455468208044873,1.0287383956451144,0.07059053357009702,0.05773928039563135,2
0.8550712813248009,0.5721157486388915,0.5313259139225727,0.4001359806056232,0.16548944182528724,0.4743367961376477,0.5191211672671853,0.3204172938438802,0.14019508373701153,0.8439632206565305,1
1.0068142817066272,0.7059035816340582,0.2148186535720576,0.8937350287073009,0.5717870181073228,0.724710682055175,0.47638339202042634,0.9403902040030928,0.07185870923300625,0.021684162954886992,2
0.8623300860754849,0.5753594257415906,0.5792664635729643,0.6919510521497376,0.2243338950928082,0.061965208352174284,-0.02573860863097921,0.01230003825515677,0.5500541985942468,1.0378276780555482,1
0.7798936088821319,0.9106247619132021,0.6303632588774127,0.13101597979551594,1.0458275114353817,0.9621232118798276,0.13303087699300176,0.34619943127357605,0.7029291047114453,0.31877870990509116,2
0.6356131818467561,0.05704696313854318,0.08887200310035967,0.159435597214055,0.2587245982458108,0.6572001807843374,1.0378166647259377,0.25854577959664765,0.514428208016853,0.13144969316440103,3
0.2684580703652233,1.0369286272169573,0.37024889783626663,0.7842128650748907,0.5886912151491872,0.3048653140673312,0.7958141019238134,0.02297468163365607,0.41204945627725664,0.44796851887662087,1
0.40523355914200393,0.8177916578164476,0.4965381969758212,0.7653382870534987,-0.004848757029600057,0.2572875682000277,0.5825641120914843,0.24558356522459374,0.146170043677181,0.2011163766367028,1
0.9368587438665046,0.47415765526343073,0.01793144082204469,0.9987071730055339,0.05027983445762641,0.13732084949531156,0.015834802437346352,0.8885895261811878,0.783301897111365,0.0433099136632545,3
0.14263106415333943,0.5527964677424089,0.48925065151845304,0.3335149112606932,0.8242343297177185,0.8928278479709655,0.8308162544510919,0.1687763421751507,0.4171245742608518,0.8179570776090429,3
0.6825029658609361,0.3500745674438352,0.9375903389433373,0.3654721504686528,-0.020497534601588957,0.12403052519395755,0.15290759591175937,0.545457543679394,0.061558780601157215,0.3161148026190969,3
0.4595873086238326,0.5459623131557488,0.16899290599568662,0.5713320570755227,0.5134826994929124,0.6649802043130051,0.973002192263961,0.8853121411652287,0.4705315235685355,0.18580515649254392,3
0.09667206276099452,0.3637330877678978,0.08674936556923925,0.036367592561980785,0.5157254723083594,0.03665037146219479,0.15176527494364375,0.43843760323992464,0.9160326773108899,0.26726427026251737,2
0.21636102593154527,0.9849479060054068,0.6661114176996692,0.41714446847056397,0.8127370144287551,0.6880712108435596,0.6676555140274613,0.5136387098962804,0.1346957048136894,0.3769098337086073,3
1.187823602853031,0.8084335192378316,0.5816597083131442,0.060848676023104065,-0.1594335888132173,-0.09350375026388813,-0.3071555799578123,0.5992866088317117,0.5715724558057644,0.635853198846182,3
0.5632603560565992,0.061380021311087454,0.37657027834091783,0.04736138789387556,0.43816512157490484,0.13539613270626422,0.40087918371593245,0.7553896532073457,0.48433510036337524,0.7759146778146396,2
1.0068376992690873,0.40248318592157145,0.06880737414069063,0.9284513797461511,0.10215562567827582,0.23311681423379504,-0.07272491493050637,0.9601460799297671,0.7843717646000261,-0.018716277695123865,3
0.41460839083905243,0.09428703989704407,-0.36451243471274714,0.8572844307513433,0.3601939714094839,0.28235754934241675,0.037295459258148735,0.9626115280526663,-0.3985702025615512,0.4361077670910513,2
1.07862734988139,-0.05873552961057729,0.7537672380592104,0.4541992618771204,0.1550062340757284,-0.18222038435547538,-0.34698731667403004,0.7754753875104652,0.3393683937045034,0.4976516574284996,3
0.6274141359226498,0.34059101342640813,0.644455095494634,0.4677151679882245,0.794401020752991,0.8341778494354284,0.6878934935841008,0.1841876357650972,0.43002176892281907,0.7513428371340994,2
0.5656214023435754,0.10507089689841213,0.21262564005627188,0.0985426518449447,0.41854302724521064,0.9056416861577302,0.8761685824081749,0.27750328138025493,0.5063673162272504,-0.05532866873678342,3
1.0855270633357634,0.3193953825438879,-0.0702973128363093,0.9640634321009102,0.8127825746801687,0.21878169043859913,0.5310208386760019,0.9082968426590696,0.6889868719708535,0.5076139499976907,1
0.7800348141302935,0.6564509957347565,0.7465189492864769,0.6842155367988239,1.1657422680892875,0.2735295352095604,0.18651257196502913,0.7686112358018796,1.0645367546100657,0.9573642097185673,3
0.9338651450016195,0.5818764150665972,0.5306110516013076,0.35640974778071866,0.3095108342030922,0.23235663056810316,0.07933057842080676,0.22221723829105117,0.34525636818136596,0.974571238562927,1
0.2656971323081109,0.9371643991996553,0.6734166999818993,0.45137131416564685,0.7007111014926093,0.7262225047629651,0.5512751173171828,0.5041593503461678,0.07624618707935008,0.44125742189732425,3
0.6353471153475702,0.35658546464647034,-0.12164749691110471,0.5678843780800444,0.14521027686009202,0.8533060929006038,-0.27470108982811803,0.11315513989440687,0.4492898702400423,0.1597176062593732,0
1.322095597390056,0.9288853856132698,0.8897341561161275,-0.22900541139288538,0.8375752281940452,0.4601949943152424,1.0442277409317597,0.8396654917068387,0.49132401386306657,1.4053530997671515,3
0.47991418498150296,0.2748886354751976,0.32691460571865233,0.08541284807161674,0.42113516642564686,0.8987095681803063,0.8734201298855103,0.2444144277760164,0.5086946987235441,0.10163001649410103,3
0.20229882502940405,0.5335629154652686,0.6834702172972518,1.1387856140973547,0.9796197917729619,0.042897799052819596,0.661162984956831,0.8263664575616172,0.6556802762463636,0.9289776419866895,1
0.7520861806173005,0.10429029190358396,0.8461114926128378,0.22114285531910516,-0.2516123866491748,-0.5405318798843493,1.2350814770438228,1.6532799810260566,1.430484454076383,1.5827240253803636,1
0.7007350961463635,0.45418576608650746,0.5191953252469538,0.8011596458906354,0.5024615632839441,0.820014671550275,0.7352029419836946,0.3622151984399007,0.12838429874235607,0.5375652744941708,2
0.30832413452748325,0.9078870074068935,0.7125676527274638,0.8187036994121129,0.4427884293198383,0.30496330144230865,0.8788905097998593,0.13868458564296535,0.3964847789851404,0.7002771012638145,1
0.5603989152015564,0.7170960946641332,0.10057627244529821,0.7164996873435698,0.2420292946884968,0.8667310048639358,0.06535565696885953,0.3053344592194882,0.11667868576571433,0.3033373212410388,0
0.5280440322820465,0.22195696687322677,0.33259997450735923,0.1131270067510372,0.34531624451033044,0.8094489043852533,1.0377597878976452,0.1785480433678662,0.5541235070029694,0.10408040851151,3
0.2835480601213813,0.3821898927297531,0.3239701090698502,0.7287752938813369,0.8999525125372354,1.290033359150576,0.7657516735588268,0.4524244082559872,0.048860670117107596,0.8459067249729304,2
0.487833435064719,1.0900124799935442,0.666375108592594,0.9216634153203331,0.6170619621129316,-0.031895628244173024,0.7660165990035872,1.0736178000824572,0.725639390223977,-0.10097257444389329,2
0.05602895136334574,0.7732244900012977,0.8472539052672416,0.21821789694137703,0.9870146493309029,0.5304827238039823,0.6859428265289376,0.462162578362701,0.7157034908055144,0.5080744566764914,2
0.82830686108034,0.4342545882349155,0.6795069053950826,0.5490964214494654,0.6277529297268865,0.030091559893315765,0.6269484973069853,0.4816293022710259,0.10664503038963898,0.048794990772260044,2
-0.3339215730804931,-0.2789150308206566,0.6939914199716362,0.6784972951720307,0.21200738538495303,0.6176481174081033,0.9433574355504151,0.8090715987901037,1.6127901630601906,0.03843133533651155,3
0.05618914036475955,0.7738271636172264,0.8457014338307141,0.21794402691429376,0.987733280778042,0.5320813592443766,0.6861275995083648,0.4614945078234809,0.715557020658009,0.5078092172000226,2
0.025665948821254326,0.8865842007322721,0.7504476175390089,0.2547054992213117,0.9672811649697337,0.46473910098820487,0.6117693846972404,0.5352566172199684,0.6958199022060145,0.6479191894012821,1
-0.43711722231881833,1.3378647069481215,1.948490949213693,-1.0494009969274645,0.5012254546217674,1.2701082306913465,2.0850853573391714,-0.5373618343172617,0.28117562278004493,-0.005181171564840631,3
0.27493502543648085,0.920179125094336,0.578009790958902,0.3879535867693962,0.8437047429433097,0.5480082875255641,0.6537272413443094,0.5302619691514681,0.08293404522805092,0.2987811438753948,3
0.11474439528202326,0.09563248673190139,0.36257474461566763,0.7105744752464975,0.10916583597242133,0.39706857815620933,0.5553349015601041,0.8503385975326928,0.43572235692477934,0.4673296230272514,0
0.38538919558110424,0.8550618021176839,0.4792155238085013,0.8059638927964438,0.011197347301582755,0.2647139110070573,0.6017929119674372,0.2555482451798105,0.1551679996645401,0.22157146232950267,1
0.3771072473318003,0.7031942498689833,0.5818759355386154,0.9404638701850387,0.7780461437538846,0.450166526633987,-0.12185714761700267,1.16664020138911,1.097567083896802,0.9940140253006065,3
0.3809506411260477,0.8655336733721066,0.47281633726327654,0.7859694591127994,-0.007920666933741693,0.24629509473378258,0.5753615704754248,0.2714181882486501,0.13557691223591833,0.19908564920127964,1
0.7793634724384,0.7354277692930623,0.45746803453897344,0.42931105768621136,0.34443154081753163,0.1950182540510108,0.3572520639134398,0.05559916151955885,0.39332817371620815,0.9789126179380994,1
0.16196542505418932,1.0128442551651438,0.7628861016640112,0.1422317405634467,0.9198775148920323,0.26541736838376306,0.5772399450184302,0.701928326591237,0.7033199276367789,0.6068696334817264,1
0.2658002332048966,0.9303371366350119,0.6526808012825296,0.457792847941445,0.7614319371805791,0.648566570402664,0.6030735782631426,0.49434653855994537,0.15328317530756266,0.34468944731559614,3
0.4583669742904795,0.30293542268892654,0.19805068331060716,0.1871907912900513,0.39995615420402164,0.8395763582571296,0.8697721229625748,0.20705304790496387,0.5244306871418773,0.08890761462160032,3
0.9412303261919588,0.1972223960651285,0.48954257549442126,0.35619616944805343,0.5369981722566235,0.22809530918668885,0.29322898424668165,0.2922510960364342,0.043180532576324725,0.2930923406138105,3
0.29269004749967,0.9780281275903202,0.665849161881885,0.719035422362938,0.3790858862025347,0.2246325608924142,0.9295738421322509,0.10879347330766509,0.4684354137287096,0.6867897799717368,1
0.28788796962061625,0.7310554751527811,0.00833630651560513,-0.30017036116578233,1.0098666438915394,0.7887580771193482,0.3805857280501148,0.7306524742460322,-0.20846814270425207,1.0746439409466466,2
0.8693439947621396,0.4146871527763104,0.30203451582466323,1.1787043417768368,0.9852208440487464,0.5937100051385921,0.8843167882988672,0.9605275234009448,0.12964799281314726,-0.36502884044229456,2
0.26735695593862063,0.9375699267304498,0.7123259893356059,0.4451352209937944,0.787275150187495,0.6872470396697669,0.5644725738132509,0.5624287630975019,0.14094936291416232,0.3042659235038361,3
0.2775675062188729,0.9663617043536619,0.6619567074915138,0.46335860736681334,0.7625623843971391,0.6491026506185001,0.6084588783014188,0.4950267294696693,0.1794728569449753,0.35506095209404637,3
0.3570860903231836,0.886931416209344,0.4899010572923695,0.7747945611004118,-0.016367498139490868,0.24132451657337825,0.6000473473885191,0.23403655356482073,0.17635471764564847,0.20793371869376934,1
0.4771860920976892,0.4116769490992812,0.0745460119653786,0.6277032946343845,0.33719876400914245,-0.004022444777748935,0.07409223662490792,0.8893895482433787,0.11815746242597033,0.6112472669833725,2
0.021239523986992054,0.14782623648094345,0.6927672163685611,0.17415266017203368,0.21944115886195484,0.5227182568800224,0.8084545380866576,0.7136479878818917,0.15320790309739019,0.38027869430888445,3
-0.058318804333484825,0.6616766100120559,0.5435994116433854,1.1287355039729556,0.873848726655685,-0.0031177816978255474,0.7561210227186049,0.7363731912610337,0.49367318053126785,0.813745236769454,1
0.8380204055962944,0.638839687971726,0.23547207922587468,0.16049406068780825,0.02532644700329093,0.5221646365992247,0.3553320204230885,0.6793834191943933,0.40701854444792607,0.33134659825729074,0
0.26294142444327734,0.9718727844462307,0.6488143278699586,0.4886650499496243,0.7631471846766861,0.6180702545797072,0.6238519663144414,0.5031751829559145,0.1809839763461356,0.36783211104402463,3
0.08526811216879165,0.516529166477516,0.5499525035249274,1.0940730931938631,0.7305966814635036,0.2708299454660509,0.8662906275314053,0.7107155858312703,0.6777301895296609,0.7970020776093307,1
0.2378345919055264,0.2442122182744234,0.28099393342457346,0.5319240066441505,0.4881480328893499,-0.014247235406257497,-0.14312959361223204,0.7886692722273088,-0.042411458249888775,0.6310912199598291,2
0.547733667883732,1.015187160939349,0.3546192946414317,0.576442748817973,0.9337376121913048,0.5034706261588048,0.9838698561041357,0.09387499313468166,0.9136946956975935,0.782046859923983,1
1.0699665765824848,-0.006910643563580343,-0.2113376568531382,0.6896768941728094,1.1409807791800728,0.6133183735071533,0.9555647013579399,1.2851078167338985,0.3416896355280129,0.8240744349720914,3
0.27757578747728007,1.0231742105036392,0.7089278003558096,0.7030691087695462,0.3503346454170566,0.40796069836887694,0.778016938795255,0.07943534274322878,0.3521292468708805,0.8461458217547513,1
0.29925215639007835,0.9488001398511029,0.7675103093421021,0.8486204615512546,0.38436803546774984,0.34193702464294506,0.8564684759926615,0.13340621587942347,0.32586654210406263,0.7088349701046518,1
0.34033167746730975,0.06571677383877295,0.7371036156091785,0.42847315708938466,1.0849251927471293,0.17523079093665891,1.0000633417920406,0.4298282849273153,0.5424980391241722,0.8951074597072463,1
0.053699946026464766,0.7726542679517467,0.8456174958150839,0.21969219861980194,0.9832999351725806,0.5357854825295769,0.6843076371525854,0.4622988769686428,0.719909210043434,0.5054387146314505,2
0.2731441818490217,0.49448075421333126,0.3604157844981379,0.07092949769250444,0.8658307815945234,0.8444317222069072,0.627827710425567,0.08994746050139474,0.7364100767519082,0.3063618677546076,3
0.644230132736583,0.15509543030786527,0.6132429256242774,0.15717710281349992,0.9632846449491815,0.8804768819251824,0.7247826825247144,0.9348465320916644,0.003360061315081639,0.5216503591793908,3
0.6015799606204723,0.9839366623098523,0.2871039657694094,0.5574815126398801,0.9823058213769723,0.5156307864882702,0.9649424878580155,0.11836531491043736,0.8725935936310613,0.8305699428353508,1
1.1531115821288358,0.2148222095283272,0.7810937696226516,1.1283534260605357,0.9944283080025828,0.018648184354933373,-0.4757347698509288,0.6855286930017126,1.0127945279138109,0.5616210948564515,3
0.1835203591560757,0.7220773056331646,0.9276462928662419,0.45041443294132405,0.19953506716081015,0.21879519724730095,1.2028475613261211,0.3522113271010845,1.1097453527161418,0.34777266397258055,3
0.8359084372626695,0.608482853076255,0.5639603153942311,0.2920767630795154,0.4521889970720967,0.5895611226148755,0.4352175295744237,0.9802446466454084,0.6409304556125062,0.8905288093988994,3
-0.1798592799031435,0.03324094549472384,-0.28452809197857576,-0.2787546885760881,1.0278568889871682,0.6418059140204379,0.42171230243592817,0.2447450063439209,0.8859693961455803,0.16780650286156407,3
0.6772935453268353,0.5768319755347269,0.9437680288475881,0.0157224957895878,0.22087584853215703,0.032138229335929726,0.5252431999135911,1.0889059595114337,0.8105871566942174,0.7981195003314633,1
0.600096054793886,0.9632333833843356,0.30307150441102493,0.5622189469926456,0.9799497682995477,0.4967446013607632,0.9625422804864125,0.12961421547553637,0.8848056077186585,0.8196802407236463,1
0.5147215130956361,1.3191664203270363,1.772981791657625,-0.3001299352615341,-0.16769789231222926,-0.8587658221773908,0.9482950390887662,0.5040211580176681,1.713390792159196,0.7615754641335841,3
0.8971629830209251,0.2169527639968572,0.13334349870193973,0.49749554866569945,1.030518902469816,0.2737997283576332,0.4042437328751635,0.655797561252666,0.9013765341724581,0.4212572591215989,1
0.35739875448458625,0.8354917359621685,0.5070805661339846,0.8017227433493342,-0.007050812058229088,0.23797107008410276,0.6108885786438759,0.2756882208925424,0.1506615240598366,0.22965460648131975,1
0.6791830129150389,0.8861405616493659,0.6076573874153719,0.6139869240279174,-0.09558831085651079,0.10891659920914845,0.7353275652307039,0.407955840978957,0.22048150980451597,0.3323972296295389,1
0.6857102730417539,0.7314278195414319,0.5687132781648229,0.02432641280041853,0.6396391328088671,1.1222563181066887,0.16239928850995544,0.5686612025182112,0.8988563002191587,0.17297882041656665,2
0.49069210392913887,0.7100106856383414,0.43501353708522694,0.5994219138045814,0.48062167603455636,1.3706436802909425,0.254229918024076,0.4385345762230223,0.6586505172446154,0.11387087684682173,0
0.0594259150804756,0.8934771845043575,0.6012752860315865,0.30650089842233885,0.963508579494023,0.44246515369758344,0.5008438007444598,0.5090520849386891,0.5821571382124884,0.7429374133733966,1
0.21564072281322633,0.45169781493336997,-0.018280094241864116,-0.10508069975479867,0.2823315250655408,0.20448308087434913,0.20272777276349963,0.5908560768948387,0.7076122775050446,0.369179325297481,2
0.4197399168420748,0.26438924922736023,0.28528280235109715,0.19408550735677543,0.3683324868579074,0.8730033540938772,0.9440343076026372,0.2574834317973863,0.4618583193691725,0.026510573245371434,3
0.9134025183328681,0.4964648952647157,0.006595292325666991,1.012842534380056,0.02016577599898759,0.15568152339511387,0.04188922373563378,0.8836769853067074,0.7663278154361663,0.007646222357057794,3
0.056216887688379805,0.7665866105888585,0.8529885057806337,0.2228406209759694,0.9848032786525388,0.5245697596600118,0.684414045291579,0.4569133766877067,0.709501218296713,0.5054482259382034,2
0.6906649664285466,0.3881416029188946,0.6643183078898034,0.6603176266916314,0.5948648409412418,0.9859375522246401,0.5942998957523794,0.2119549619389571,0.22931498832551922,0.45893894225075493,2
0.9085834040696351,0.7051797185212684,0.563622943059293,0.4474921104177706,0.2659797853657288,0.23184818479281424,0.2601805261394705,0.11040794911674844,0.3938380445110149,0.8905943555399876,1
1.0697741508994925,0.47051902254826483,0.2554821971506843,0.8326317659406891,0.6686719469633587,0.5798624239688493,0.5805754518503695,0.84067993783848,-0.052878671052178514,0.12811357582216126,2
0.139532226767111,0.5273730780135499,0.29805114050453285,0.11942501436166547,0.8044651812422438,0.7949196487429029,1.003108628326133,0.2315044719967623,0.6733774147007869,0.9726834944733145,3
1.2831864758131255,1.3378160844655302,-1.0056985770137568,0.9348782497231505,0.9514496120407656,0.6034520408029402,1.1477708906767092,-0.2265680560924418,-0.6406474691026257,0.734803150178056,0
0.7587895695449602,1.0627994268573087,0.7040123851574065,-0.23528372039906859,0.22300723117737842,0.04466829544664185,0.4816704486790918,1.4503303558426635,1.4329716475317336,0.8537727019478601,1
0.7711224820217267,0.6435529081299829,0.8565487918384534,0.056784689567221144,0.15602369049675618,0.11101327473773094,0.3531739125100465,0.9294404591875804,0.9270456489969443,0.8704398503063371,1
0.8621610939640196,0.6258528277245526,0.10300802331391551,0.6369601703720006,-0.12272951858191361,0.3185519051063234,-0.14791383814294046,0.6657891059431258,0.4321959704382259,0.2652781973338707,2
0.9437339133942972,0.8172570623481417,0.48039404203348113,0.40657896075337707,0.26487800238561116,0.33924635850786133,0.16224862375776083,0.14605928057023523,0.41007760821874645,0.8935398531711208,1
0.816537509316434,0.47580741501328455,0.5878118855900292,0.07892846391380426,0.788304823816418,1.2248478367719011,0.5581628723374297,0.12749995072576897,0.5234980702425552,0.31500641613979496,2
0.2502165410342465,0.5330455020764344,0.9692278680952823,0.19248632121231266,0.1590426957344987,0.0659976897599225,0.9191673358402829,0.19771836970753776,0.9973393586517839,0.2096960587929943,3
0.05206239095980511,0.9393733113322007,0.7735532474224189,0.33592126207791495,0.9121320320987332,0.3917564015519153,0.5687517784009111,0.6673961208134273,0.7159172905270608,0.615149122536749,1
0.33069316272321025,0.21934796888141564,0.8988671712283294,0.3215997771567352,0.3546942190193124,0.8354087236198625,1.1850178925417296,-0.1584246449568767,0.07560791511682224,0.3759492714545588,3
0.2913117043078944,0.3795009140948966,0.997088963583367,0.8203712746385756,0.7974379186398716,0.5099185352988794,0.5784918631576403,0.458306873131433,0.39048042171756653,0.49506968553093716,1
0.10707631057183425,1.1545307551530757,0.6173808448925997,0.4964376320844279,0.9642640877578831,0.4923005682603962,0.6223075698314193,0.7209980901912922,0.7794251310220686,0.5311405281486747,1
0.42066860331434436,0.3774923451489157,0.16937997015098621,0.06840603041429016,0.31596297946043095,0.8496186114988636,-0.14676231243849036,0.5526326275860592,0.3079848402107177,0.5884475380227758,3
0.5594321832386508,0.2780684301866728,0.7199937798117394,-0.03787449970305751,-0.04959305130977909,0.5060219116230625,0.3465446604909814,0.11468613722846308,0.9085025247920029,0.08779677651008988,3
0.13014930642538133,0.8040307172711293,0.6572279168115265,0.8426682732495123,0.9667983807401063,0.7427327054570985,0.21485398853572257,0.24019295423601175,0.06784312606410409,0.5639310158083795,1
0.014004466822556155,0.5540958435177837,0.5159952183480341,1.025928420340604,0.9867696649942307,0.1449260926279106,0.783891580915854,1.0101183877655489,0.5985499493263133,1.0253897859809735,1
0.7216666731018198,0.9400990288247411,1.030090815072329,-0.6083985173661818,-0.026486661545381873,0.73690011381547,-0.4128421605527529,0.23410835755411086,1.546875776339922,1.1970543396501834,1
0.31578550137907746,0.4275038581767634,0.45722135583641027,0.2694115152415056,0.5856709960345201,0.7036402433915614,0.8159937924220252,0.23657425335466253,0.41252818850503503,0.4925766924559226,2
0.37120495989484986,0.4980158616365967,0.4340765365183289,0.06743979789479322,0.07777080426640509,0.6188483698226407,0.046406865595371244,0.5742940391573956,0.8757292414982538,0.1893786908709365,3
0.021635208089935937,0.0680626423958885,-0.07018071806172188,-0.08161268253059192,1.0765975005962676,0.5823966576924222,0.8542196190000011,0.12070083939132466,0.7227818085951349,0.6069881429446595,3
0.754625983400183,0.27443342649948715,0.19053564424481007,-0.0797160955932304,0.43708327968097815,0.02218037600273509,0.15154840621148913,0.35841376478963516,1.179581247359634,0.7590291038386157,3
0.6200737539155167,0.5811556330991786,0.3646115988273436,0.41696137620401175,0.13294597495293875,0.17024087964773213,0.10089338132040801,0.3282015317934727,0.5928567685405014,0.24058477652724744,3
0.4604372517339971,0.8171857069758568,0.1894816038585077,0.3814782486386016,0.021827888049826258,0.8954756507650286,0.5100012039155974,0.4749184554625357,0.1333268891310281,0.9375557545751104,1
0.28487982513446186,-0.14851284340776916,0.5633869609553709,-0.12065069396636685,0.12395657220752948,0.9504514902988024,0.24169998879152,0.23940224368202034,1.157515641670775,0.1689847775442879,3
0.22979075670449164,0.7911536744536205,0.8252163465193,0.904656696036931,-0.030403248248828757,0.1029000352535466,1.1045993495584918,0.7439546946608362,0.44357756585501534,0.02384018475635033,0
0.38474016142027545,0.6083684722843997,0.17204843077638343,0.518510420626692,0.5809768729394323,0.599796292855474,0.9827365283239831,0.8441247781124437,0.4816547726953791,0.15414597949237482,3
0.4613889566577686,0.2048030258662114,0.2631793177211077,0.16789806989813094,0.35131380722857675,0.8920646089247108,0.9631271062629184,0.22749808215322298,0.4284631701424758,0.048355886868886144,3
0.95660499269729,0.59515760518781,0.15676339516547372,0.9225816428337787,0.6148230019519632,0.6576786906153305,0.5039318117948972,1.0012497078615512,0.03199764896156123,0.06956928276471631,2
0.5556538562694202,0.18486549225977766,0.4969797945566426,0.3058314026332727,0.39822660390571424,0.4523855707873905,0.32252768743460564,0.7660747384168368,0.2552075897749037,0.5452654534588879,2
0.9024389374714297,0.131689738534851,1.4709435468432148,-0.2074966963882931,0.31421528615484634,0.5954274581054413,0.8996181642882721,0.5282900364869494,0.5920535008284705,1.3870376364046935,1
1.2067621850411092,1.4623679603404152,1.276407039590032,0.1802423210241273,-0.46358490501918326,0.6400153840547066,0.36935124566299005,-0.21955237708877878,0.5764298455152974,0.0365525600686023,1
0.27398885798154915,0.9404142057465206,0.6551905820156892,0.44722433651585053,0.7755730071172641,0.6567568917479069,0.6304179237481611,0.5169357416098759,0.16210126658804913,0.352229214101876,3
0.23562068300544736,0.4017874386318799,0.5233468405304085,0.2120021512853542,0.499000589116779,0.6184277936818923,0.8751114605808659,0.15015084956502509,0.4035297217006159,0.4352731402937742,2
0.3796571049447642,0.06943863444965531,0.6173248960011396,0.13261194563612047,0.20097261790628393,0.6665217680924986,0.24099250531446978,0.30768552864518417,0.9397296009900135,0.2062856267625605,3
-0.015321824117864681,1.1342600767347641,0.724963328252411,0.7115376872767045,0.06485716694140907,0.08718616775994784,0.969906434349716,0.47664989450014883,0.7972979583317943,-0.0872416556155621,0
-0.1697664153821816,0.8509160376026959,0.8354377930186367,0.4535540989781524,1.0271345170535318,0.3052478404687294,0.38647400040233626,0.7047647062142541,0.5407041024636637,0.7618370074924502,1
1.058750539320632,0.7753538242207648,0.7380979177274241,0.29185513468812135,0.29384696640136904,0.365719562930756,0.3244944454728364,0.9756015699514908,0.537370438816414,0.806546380492423,3
1.112854806006553,1.4663378062771868,0.04677409813196243,-0.7609983498618843,0.4190748370247971,0.40001927862684156,-0.649200013417861,1.3067843979218146,1.0459560140579238,0.29569274541953716,1
0.26247394983420524,0.3430555971666751,0.21525483462832973,-0.04749224904372628,0.7373505973019534,0.8302990892130022,0.6744804831503626,-0.03334803722845746,0.6763058838414979,0.43765722830133147,3
0.3146701133540716,0.8955481444823453,0.7304308493089896,0.8189913108339075,0.4008539203034874,0.2932660983048009,0.8657802238029589,0.11618398822126327,0.41073320032248356,0.7459955893473923,1
0.28807516993848004,0.4170025994660265,0.41678531229879057,0.4905871758646486,0.48961001791671216,1.0001349928681673,0.05257537053922559,0.396087021370285,0.25076543082817493,0.12990709130445466,0
0.6783279264920328,0.42594840915795956,0.5870803542544515,0.7488839707882549,0.5664574597159185,0.907759941943685,0.5983013938386509,0.3263242467833714,0.1643416981108033,0.45655795178183334,2
0.3323178490014202,0.430184944646446,0.4660462396798883,0.28155645473026836,0.5702230859380594,0.6949470876259592,0.8115123003163075,0.23933980127656712,0.42705545537833406,0.49763327200173535,2
0.548147680454349,0.08236671135098872,0.5482334213011253,0.3178759387985471,0.3507595103441641,0.49861381552998224,0.3409046379007904,0.7426863662734388,0.3649502396043101,0.5843395044274571,2
-0.4176227569754991,1.0261300717843218,-0.09584463161650902,-0.29706855129433246,0.824615966687241,1.423805570201878,0.2590926414007522,0.4921803708542074,1.17842289552134,0.1740832848162551,3
0.273655296512163,0.4655090269964845,0.57897923171904,0.29881542268760425,0.7332328526580499,0.9739613263754826,0.87754597682613,0.1513760222512041,0.42978478478268384,0.6256026029562071,3
0.4027624791910303,0.18349091180755522,0.3303970009410552,0.1862608239990391,0.29229343352998555,0.8933171543164369,0.8538186384102237,0.2442585616440818,0.5358997939843517,-0.04592392382703367,3
0.6501971733880689,0.45954511453637903,0.34303442585875954,0.27843399328189933,0.8737691746181324,0.5890409584484014,0.6032724475680264,-0.07578190264934792,0.007779163897786268,0.6426631591385452,3
0.82320846906141,0.8363295039480658,0.5823085442448119,0.2549723968588995,0.49902614238060916,0.5163476513524783,0.3657588220841292,1.0383578427507605,0.7401345464170411,0.7129021686502619,3
0.055662163878230975,0.7760077702897443,0.8455388778345633,0.21736261009773478,0.9894401992860231,0.53084613653784,0.6811953143277568,0.4599811775486752,0.715844286250502,0.5048667825671077,2
0.7417468264345419,0.6339662575804582,0.8439737041616525,0.07872803236473648,0.13142183460116116,0.08596830602455217,0.33368562871925334,0.908615799436945,0.9088581063107574,0.8428030510400019,1
0.17412920544481605,1.1021805196940355,0.4493708209397694,0.8564664111187181,0.17127005915898075,0.028849356419346467,0.7490429072536289,0.2645663050060528,0.15692871626507882,0.14490203491350484,1
1.0970208022101298,0.5269224349813875,0.2979077064951966,0.9069740899984833,0.7081067968370968,0.6352699586525792,0.5194116671169604,1.0699644510733437,-0.0852423047482011,-0.061694590208999964,2
-0.20090687689457942,1.076134353775967,0.7188749356466324,0.17874292141864345,1.197281193596678,0.48051987273469315,0.8145332066925925,0.44849839083610177,0.9246441790927914,0.7267931342432681,1
0.20354130719333363,1.0061699240659556,0.8257947905506062,0.8524939176480506,0.6097798407781573,0.1464633384015345,0.8136499331926432,0.058408652225956835,0.4219625230834497,0.6530292920515012,1
0.25544071187726736,0.4593498523992222,1.0485506637570472,1.1640097306409825,1.4043664691291233,0.5219445333459742,0.6418735502774389,0.47387539534922146,0.10499778400323984,0.46085708648453444,3
0.23781627057856003,0.3157586708590711,0.31140938929271156,-0.014294156736363507,0.6577868093134757,0.811299939149992,0.663290303944639,-0.007090972946700302,0.6615111578974046,0.3192140248008017,3
0.38992010054066495,0.5749630221551446,0.4164564861819401,0.08460991313591466,-0.00882160692130804,0.6474304595437033,-0.01467990464809961,0.558427917634718,0.9801037216102951,0.072523935489836,3
0.7609975583391929,0.29908832038839683,0.7570695506400227,0.6569479938758054,0.33514110461863744,-0.009133130935458866,0.08320834353935183,0.3912428153889911,0.4617805910230901,1.059300873921645,3
0.16121546203346113,0.30292649269961164,0.3836155406284803,-0.03912459931893531,0.8221622975654419,0.8864687607470733,0.717628529811726,0.02961035002842468,0.7290288242766626,0.25177295383288906,3
0.5197484405410655,0.7897856475161438,0.7685380692432311,0.8713981660665185,0.8411949517105085,0.4206807231526684,0.19142570938699563,0.9321439290183151,0.9858065703129928,0.8374070508945564,3
0.47727815635178306,0.7904335175739365,0.5041760265886018,0.8884226166213519,-0.07226449495800294,0.21520257939160392,0.6228089010400647,0.19040134747501042,0.13819505663377346,0.17784155186085793,1
0.3604905271080694,0.16456244258146824,0.31065252322701087,-0.10372913174608184,0.6998555067583818,0.7089338225788302,0.6866759311061091,0.21630069600067248,0.7361661202444068,0.29905154749448043,3
0.2921031355395987,0.8704103978180565,0.6017198157365837,0.4785434904937267,0.753654285798417,0.6315916920504201,0.6143674340578776,0.3991404769555565,0.22768772475074972,0.3452414014041735,3
1.1270035039795612,0.547335443839577,0.61985920640588,-0.2284100534668379,0.4680942625345186,0.05351144735004988,0.03935378908322157,0.821358177426794,0.5216439636335983,0.5681244828910659,1
0.8280942015813857,0.5340878734379975,0.20533103853768103,0.5178092796909886,0.08000476227261011,1.0918998209513109,0.08609166010061156,0.1141662478892577,0.2677682803576452,0.34774246694906114,0
0.4532726368581283,0.22582088793309296,0.2925844368577057,0.15286315891633467,0.34941707728556404,0.8546283583440695,0.9385607457523134,0.24592509188140854,0.44439176638872213,0.0322753799662419,3
0.5397349435105749,0.5339055738927905,0.8782455981804812,0.5084451579407401,0.3340851206021455,0.6904390559506404,0.8623008377637934,-0.2338797158586825,0.511120048296717,0.9143424717809661,3
-0.02307091913199885,0.9032220352438296,0.730513446632466,0.13730338079116575,0.9637770522306386,0.3564982189189453,0.4981499276766062,0.40073682236274044,0.5567811532201072,0.6995046238158317,1
0.34303375663584423,-0.1258208005744028,0.6319249837380281,0.4907733632328003,0.44834848886946493,0.3360316479112604,0.7125949478774217,0.2969103614677165,-0.0013961352835367424,0.19401813653557348,3
1.160168642017961,0.46775581240010833,0.6696957993238053,-0.097634779605625,0.9506721722102598,1.073482511732776,-0.003187038135413267,0.2629482037138024,0.7236360067615402,0.025648387847690746,2
0.4293342167291373,1.0090632321430886,0.855158616711565,0.000594912720624563,0.7469678420729147,0.6394328255463053,0.24873683872431357,0.5116808728326402,0.6875906708716337,0.785660686713056,2
-0.73623922181953,0.12225343913947795,0.6663579093360504,0.9995469856667436,0.1254714151066919,-0.3118761244018369,1.7683083710944367,1.8474476318416522,0.6271701144730011,1.4338998814569723,1
0.024515708266609038,0.6509820326937549,1.008684321226045,0.6240492504424863,0.6629085690329523,0.5595541441827214,0.33853501975378203,0.4866105624582483,0.42612104867565126,0.3992637767145594,1
0.5026946311921443,0.2674677031879598,0.19560865572073144,0.09781358847745232,0.42033952591096446,0.879958860517681,1.0166603730059842,0.2574288758364809,0.38666600673337986,0.03966426449558422,3
0.12632610878074105,0.7938061397174281,0.8425964800777368,0.5390939357852754,0.5871833850211692,0.6281952341952326,0.34551687465239206,0.31618618785867525,0.4110770588041148,0.36637493822116973,1
0.9004178185831236,0.7405744506993442,0.5395009604697293,0.45665853958003383,0.27307072091457907,0.25586888493673304,0.2551407410133983,0.14253601380493378,0.37006674111133125,0.8839353996791162,1
0.6262710511854479,0.38483197382475026,0.40456531974998466,0.45314829980827415,0.21121703958176194,0.8941077656613756,0.10891474444448315,0.6593000316116787,0.7541132975615265,0.25537740563372835,2
0.5284437433710265,0.8090720793417536,0.7183525116519008,0.914563153661132,0.894499702150314,0.47054660459271175,0.1874288230650212,0.9532016033911304,1.0516367206242183,0.851167694723424,3
0.41006864865152126,0.5488148059824933,0.3600942100625511,0.12560614465598818,0.06434249192863165,0.6473367340405881,0.016820174143756274,0.6070720270949874,0.9092065470385011,0.13406589354665924,3
-0.0385508308234952,1.5656231389441184,0.4461247516914962,1.5902905470819766,0.19470524300588082,-0.3872673924102974,0.1946043601330273,0.08963028057532085,0.027349873080949716,0.770626586160925,0
0.24368564516001687,0.41024450403130575,0.6020052072074203,0.22882593111496866,0.7293220186882275,0.9556675592961612,0.8444403179439501,0.08972423852676811,0.38647492029156716,0.6984839292769401,3
-0.0038507355225427878,1.092282459707889,0.7009205943832897,0.19989781679867225,0.7628550552975883,0.3789062099482168,0.525705606842839,0.5950220172699733,0.7683919192366003,0.8990147864193424,1
1.0997777331960275,0.32548781153643713,0.945829077219053,0.5720436576184732,0.8204859425603932,0.08059503877507683,0.5398995902520577,0.17933257537589326,0.37542368692910805,0.13333564919298369,2
0.42766368941751187,0.8777915611312881,0.7657387856751902,0.7652287439506658,0.4265266883948354,0.16067698834218422,0.7952987015179405,0.10277327537966803,0.27592275015199896,0.7390138295113104,1
0.32139139657784727,0.9152544016682777,0.5006652101204807,0.7503565953248876,-0.02218798583329122,0.3009364734587516,0.6398254517947706,0.2754205349759196,0.12553103974202984,0.23945378418154878,1
0.34378712517382926,0.44066987734730356,0.48380366908839745,0.2717422056211688,0.5955410697881084,0.696263234384523,0.8262482578524097,0.24480125266503477,0.3901817223313612,0.5103938549721143,2
0.7494832064892061,0.673558484205514,1.006468988338616,0.3372409624951593,0.5167563904365546,0.8277654878220739,0.678313138647926,1.1012452842973133,0.6145214614667711,0.22457624916396862,1
0.2945711712096814,0.9079550585706374,0.6548911680361528,0.4125010641921014,0.8349352218690969,0.5736998215505015,0.5502725267843406,0.5186652284661373,0.18251734487700402,0.3360640360853246,3
0.14438927168207724,0.4438690383189339,0.6853808526236987,1.0577872590639965,1.019733086263081,0.23872331523499993,0.9326542155043003,0.9034320522048065,0.4942997118596918,0.8714246985825892,1
0.42386172965137814,0.8893995358315426,0.7229006162448267,0.7910397265025059,0.7631293500263036,0.45766793159303937,0.27796276192096514,0.8459950766400166,0.9415877637124064,0.8268033407950224,3
0.3061083709734407,0.4682626576711681,0.49980510872034656,0.34880133407423297,0.5590149707425883,0.5938151882140098,0.9114919335800243,0.19404046977947045,0.41273540711360907,0.5929228530643602,2
1.039151499301688,0.6666234264638723,0.21255860355759615,0.9641738899965644,0.6566635309232456,0.6243066588113476,0.46703102057165113,0.9925102353773705,0.005893248738623723,-0.009459009354836657,2
0.23524220521991146,0.9358775724430051,0.8530507343642231,0.44503124873702765,0.5544296826913822,0.49447026095459473,0.7263839419200516,0.45048998903078696,0.06262716085003453,0.46280137102845903,3
0.41218783496634454,0.4200677278517261,0.13229162964166033,0.3782457359404161,0.01868159565326545,0.689677049017583,0.3034316056715476,0.3786667745152265,0.09059822211390473,0.65524699871848,0
0.4033659351100249,1.087053952979181,1.0728965520339349,0.54007179311524,0.8899434709226479,0.1594787000202358,0.9674940737426789,0.7507805458268213,0.6068138734523455,0.019343115739200167,2
0.3199740407090336,0.38213290515103326,0.4813696886722395,0.22419614261792503,0.5944986141512045,0.6698614507967278,0.8046850011107943,0.24961083598454514,0.4091516552436459,0.5104625482780639,2
0.8243517676669236,0.6843407166722343,0.5819534524269979,0.566250112479489,0.2721446468104229,0.3496091269971105,0.25456123356151733,0.11368881490318451,0.40089261728583203,0.9288658138899731,1
-0.004824984895061862,0.5057525254720246,0.057395358248316895,0.1821570636605287,0.46777236913985687,0.07351407735672208,0.23513346727653056,0.339865424208809,0.9551096185125107,0.30994366689530606,2
0.9105705728822167,0.7339824936462341,0.5275563335922455,0.47086439018639964,0.27436123818317326,0.26585001072484793,0.22965128686534744,0.1290300280719746,0.37887044662264296,0.8674798469979955,1
0.318428583737497,0.3358311766105172,0.8837466338618921,0.0035440273020578006,0.5345752159140976,-0.30785633259053075,0.8345786802486234,0.19386050126733548,1.2200542826848821,0.3918127603346092,3
0.4556236043921968,0.8286709189911821,0.6152835268613295,0.6700219766021474,0.7361714908552468,0.780465590945163,0.036128199554918,0.49167759351037543,0.80063552289891,0.2695456521103028,2
0.27216089555178746,0.34586257090737305,0.5490586700983553,1.0263778569176008,0.3013937729308972,0.8080094898785366,0.09482119458425507,0.3358934484331098,0.4752745193766879,0.5646216379105577,0
0.837795694471017,1.1907938688583821,-0.4624022710194152,0.8192333185776487,-0.1309537242536924,0.7281978703659592,0.18498603344502865,0.30377388813815137,0.35557195825779364,-0.2094850023523368,0
0.5167656037274674,0.5983329997537394,0.4315128437364544,1.0314601035531314,0.6078995038016067,1.1022181456207998,0.503627267053683,0.19803695781100406,0.22025416822199803,0.7710627094214441,2
0.46403801814240175,0.4708292414665648,0.33269863413841483,0.17705041766059695,0.05572269253445025,0.7058107355103991,0.11272238656077464,0.5515323969189241,0.9137414621725964,0.12854811756375867,3
1.2512053487619261,0.6172519761129366,0.6149304466709482,0.10331055077089128,-0.07789359317550579,0.39526019885369146,0.6082627510239861,0.9552739981351898,0.7136492734365221,0.6592695854821625,1
1.0151635390501064,1.1074225112432212,0.9483355568406346,-0.17441163239164245,1.3445512960508226,0.1904239286771301,0.8123586885569344,0.23624623842229914,0.5378294174875851,0.7513546378153109,0
0.16858377006092248,0.4566645688578781,0.5825869783639664,0.06787146754397758,0.594787024153684,0.7763980324340444,1.0510214222045975,0.22157344096651954,0.40569881771304767,0.6311881801290896,3
0.6570771603728243,0.7150066350748197,0.8210257168040517,0.3656540727282803,0.1809030933172849,0.6757631448226267,0.3647607062481423,0.7496237401093114,0.6092249163346338,0.7840697026962368,3
0.811498556650004,0.6769715728176817,0.5042352688395549,0.4412506258633819,0.31504855917422475,0.25688055613182825,0.32691996679282886,0.23424317181220322,0.48177534916416503,0.7903857151205876,1
0.07186545415586502,0.6888282524347131,0.9070078434828217,0.6435937793266597,0.7145703590863265,0.6052476432160642,0.3957867614674669,0.43488609076446183,0.3018595260082326,0.518717995684444,1
0.17422822697980314,1.1352189029961453,1.0106790471886178,0.34564955723424773,0.564783638775874,0.2692967019955331,0.4941108970684391,-0.05583005476709649,0.7724538491529482,1.0737656236634905,1
0.27471128406060324,0.9298395423582986,0.6458837515782053,0.4687195311038489,0.8197908555535376,0.6193096379953178,0.6094401500769401,0.48336150125222455,0.18077587744355933,0.37938942077138915,3
0.10102681291006559,0.5588091410575359,0.6008687658494075,0.9694657433010989,0.9285522967403496,0.0590422460742549,0.8080336037644668,0.9033860823925012,0.5486411552147892,0.946212036887878,1
0.8517525955525327,0.6031344346795342,0.38857105374750517,0.9591804004029101,0.4765601557176526,0.7527814311866647,0.4466935781808419,0.47143299550251794,0.17930038934381914,0.3925896012704537,2
0.9892504752514032,0.08187675088011158,-0.0185057648855707,0.7329787800854769,0.9642081887572594,0.1827745074804881,0.6030695378369216,0.7310676194758804,0.7202116877749717,0.6534843450007142,1
0.9878643387399779,0.06999165994809589,-0.017644543951234305,0.7671299360951376,1.040132776220184,0.14506982491114015,0.6676800333039584,0.6666975138973394,0.6829611948958412,0.6856053426545216,1
0.5334384218446133,0.286236657089891,0.23846441109440325,0.6376680401288799,0.43487606194342343,0.015006069382798429,0.06453709006517912,0.9117354420701973,0.07831201126135096,0.5779270905923546,2
0.6582578077323095,0.9532245370338213,0.22968616018326604,0.4838051153002636,0.9487298265467698,0.5045253642275025,0.9724359464737807,0.12187372574307576,0.9317186655495026,0.7719590556336225,1
0.29436029556219806,0.4758767900438669,0.5037333063927186,0.609318752063456,-0.09358808936152074,0.36938739301624196,0.3642645868347617,0.23311582029708428,-0.0037828782017841622,0.09227265556331289,1
0.14043006142935305,0.039687860362827454,0.437365030785729,0.33300351162217173,0.5560534776433612,0.44790760237669036,-0.29437087325204137,0.8951913146293473,0.061816038099622786,0.44614982268432957,2
0.2646962046326496,0.6604008003817792,0.9273745014808336,0.781084231576673,0.4942937525637754,0.4651969013603018,0.3964525067754455,0.22671076569248727,0.1617204408861342,0.552949228777569,1
0.42491791301628257,0.7929284441075418,0.16564853680784694,0.43953655010551135,0.05379687661886979,0.9474985066648479,0.47960339547845426,0.4638607174253517,0.13047759892064614,0.923178251166753,1
0.33776694919941863,1.029451467687991,0.6234722883695253,0.36641360949393553,0.8397873124046848,0.7059440388851163,0.5624284308504621,0.5158999521870586,0.19408024519331157,0.32087381508257806,3
1.0167061536070585,0.9266379170486381,0.8453187102594026,0.21657477792940358,1.3358222248090954,1.0909284142702647,0.07366680817103352,0.5447260997476444,0.4510011483938863,0.25585338940663904,2
0.36474399595643364,0.880550011768364,0.45656647239321363,0.7589832806616723,-0.06115396757222327,0.16628030406784955,0.6261857047669515,0.3119370724706379,0.11937264594566682,0.1669150999281027,1
0.9820567177454247,0.7585970269412149,0.7104771167433946,0.30036568431139343,0.3839822045798135,0.5198090226795303,0.39982425412888656,1.019176604322654,0.635096090826434,0.7722594512589556,3
0.8780152168860021,0.29575366163409994,1.194389146610412,0.2484635337565232,0.12507772500014647,-0.2016142225979048,0.4816721163239037,0.7157386375081669,1.0154256972006594,0.8960214213336706,1
0.5906664221723169,0.18094127704655238,0.46419077929208136,0.3210906391941196,0.3867234215872494,0.3905199539513301,0.3435884235922666,0.7915509895705888,0.2590148228629453,0.5903363793356629,2
0.40630375416315534,0.581579692886549,0.4695833344947923,0.23207493262611786,-0.0432406521793922,0.6717278959435752,-0.020455375543705405,0.4691424032073077,0.9776562987677863,0.08564742716600905,3
0.4477690702889046,0.2053980806948887,0.2634612242174996,0.16304481204792262,0.3150738058992536,0.8532894041222595,0.9592226223881507,0.32229263480032194,0.48885909950192374,0.03369189942836445,3
0.05030153944179277,0.9907225904397008,0.5869905700330433,0.35083367277013183,1.1190461776373646,0.44467706338419954,0.7597131195975726,0.4887295500496648,0.6369693999602682,0.7875216321428049,1
0.45927151815802963,0.1968798361622012,0.29198339685181496,0.13514311620730698,0.36236549002015955,0.8457250080229233,0.9475463843107064,0.24426161409860683,0.4549422475650041,0.016368976449120512,3
0.27364566144689834,0.8705003086644854,0.570792521855713,0.8489165237736003,0.30700388976558357,0.20713046105485522,0.8230643247266217,0.21022482523128716,0.27459647383864116,0.786483190255728,1
0.055252172946315535,0.775273334303986,0.8528213591484234,0.21430348327532261,0.9827369560230679,0.5312686728950137,0.6898599264446535,0.46609765447262835,0.7171987928274134,0.5000094456684615,2
0.4389756166889375,0.93064820258267,0.5723313086503308,0.382048726155982,0.7151310428106165,0.644068176452132,0.46889065021998233,0.4187754480239625,0.07234271544082163,0.3107349027056029,3
0.1045424137980773,0.6709637268748339,0.9303845882489084,0.6113848179482965,0.7110765600988064,0.6303103279898407,0.42321922690521574,0.4486562765269098,0.34262718766251815,0.4965808133748033,1
0.11958957231922435,0.6411519672236777,1.0367404733150416,0.6573924143644179,0.7424945989048753,0.5958947400600518,0.38843964330627206,0.3812857209920497,0.2719121668229928,0.5868965941530097,1
0.9313401004305195,0.3442537857239016,0.6118252696821989,0.4041260381132134,0.035296971468221014,0.33744218777200996,-0.03825290863367542,0.671792717585393,0.12045932910480517,0.6617914312346095,3
1.163086564000521,1.2600265835127389,-0.004104915197377629,1.104086992567674,0.6957549185330777,1.384256070911492,0.4708653752403939,0.22032647165723074,0.6455724703925128,-0.5326382584628292,2
0.28122730322510986,0.14664833459262555,0.7048730476884336,-0.01662043123904583,0.6225911825663566,0.6966228120618996,0.6982654297032226,0.09205685490039145,0.17568932710571925,0.5673959596728226,3
0.6576523645630501,0.39092601145593386,0.5940131238756147,0.8607261036836475,0.6850977290310841,1.0531670050018949,0.722581584146821,0.398252648235379,0.25995115236823146,0.5599854462032716,2
0.3102519843548981,0.7651875104185,0.5026810762472844,0.8985357701480612,0.10147651842776385,0.24862861705740422,0.590010598837745,0.3156518347629544,0.16979209109407173,0.30880043554790754,1
0.038934269647398045,0.9355499384048584,0.8588592863664519,0.7879818823524035,0.18062964515592786,0.2508454077253892,0.9846537235605054,0.5277614548725422,0.6793572676304551,0.05024569491801595,0
0.8147089043050187,0.022123452682053256,-0.07261550286875271,0.8941905973685738,0.8247107138324512,0.1358867027761999,0.765864801304979,0.5599200372955021,0.8876781069039212,0.8658819095244449,1
0.7411726786662386,0.3377997469923816,0.219153984410375,0.3554645983562865,-0.1834790451080498,0.5981573098454152,-0.20022959973901194,0.8833573759895651,0.6292458748523775,0.6083235957957386,3
0.44126409182512005,0.5589226541228061,0.41512870197800594,0.15529120446084654,0.02971881169360843,0.6279798974707028,0.012170034555843305,0.6131210468974311,0.9082593666920096,0.16113129815173508,3
-0.035386291086449695,0.5636165250113133,0.4289609869693498,0.14290281846101915,0.8686220486911788,0.0858460276955512,1.1893072663123225,0.8843562656013078,1.0533996517202118,1.2021090557242755,1
0.4113849667477187,0.5647446159317425,0.42328826691984095,0.1361014577289889,0.06253834912039458,0.6235341705766808,0.0414418711834732,0.6390105413598896,0.9319185077208776,0.152222226961577,3
-0.1091673106047808,0.8273226382422342,0.7743805603456507,0.6086611241482247,0.531399523993799,0.5400348010110309,0.8092096004830004,0.5109773433483962,1.0568257942847072,0.08601085479070635,0
0.36455236867861646,0.43001567402283974,-0.017467497133021162,0.47224496920423353,0.31985354751669737,0.19053205326416145,0.019919434509191113,0.6721546391684821,-0.0043174618261061365,0.6842153036393954,2
0.21125738727934537,0.4522724600011174,0.5683448801621493,0.23113512978992837,0.7180458982134499,0.9136362762752649,0.8608402049155492,0.11691401158963377,0.43258111734949023,0.6397068553499319,3
0.73331151854605,0.3875967052010802,0.7954811902582997,0.5951738540918441,0.5621962048439588,0.028947423503860467,0.6279389423976709,0.3685050208003508,0.00607225204057911,0.11551365113203894,2
0.4385479043608358,0.38605478480004785,0.5243954929967043,0.3815942863517259,0.26762217674525546,0.7272425848795055,0.7822024698720329,-0.03127347602253805,0.5067384967464365,0.06968557677543437,3
0.05042371902940133,0.7727478634133282,0.8494178210680808,0.2164524296315422,0.9905328435507684,0.5359718205760063,0.6832341840691131,0.457293011993459,0.7145032721934153,0.5094076412328915,2
0.715630604695576,0.46065608876256486,0.734567653001041,0.6602575305358677,0.4506566227047056,0.8069180062591504,0.5608968674695578,0.26841382164974903,0.24135072310165331,0.35294737457863706,2
1.0648291392989522,0.6873268289179897,0.7631585167291935,0.18754985763443494,0.31319376399752247,0.51862545872209,0.529749635915917,0.9221520093816641,0.5581636656638032,0.9061595641551888,3
0.5465778057093853,0.6827775511373944,0.33995476212521314,0.8830586602598571,0.280629319555324,0.3387765006961704,0.051201553699774555,0.6686429613078282,0.20150752934322502,0.6122827908157091,3
0.33037765669667496,0.09249726591532191,0.5316968092601365,0.1803172966327961,0.17316950490855706,0.6169335400747237,0.2864776344224659,0.28166752849879684,0.9415281222879002,0.31952952300838305,3
0.44127587503458493,0.04655204317725738,0.38814150882026055,0.44205185434029626,0.4470049842077702,0.6511603354017725,0.39392726179456616,0.7775822382726977,0.3968611049171248,0.5975701629069977,2
0.1387609871007376,0.5699965222287927,0.983910306258789,0.6113242241008806,0.7057343918690449,0.623462557731942,0.5222438917320665,0.44345365354993693,0.39113951776928596,0.37655363898975885,1
0.0792244192763144,0.15746579878216616,1.2034051156736882,-0.061923349870195876,0.05985507267939183,0.2704308851161913,0.9964402492030875,0.5308366188377418,0.7605426638576428,0.014373956279709471,3
0.3161358089254629,0.5667490966809821,0.546495361757864,1.1793420385620204,1.0248133573523988,0.7104926385273345,-0.012421290442680921,0.6953062882290436,0.9983139201461759,0.7660118082117864,3
0.9034057848258182,0.5706346245257379,0.22642032456638447,0.19457880425958812,0.08805168761310081,0.45184459450265557,0.21255791458519382,0.679312183932073,0.4213262686605278,0.22497121356305425,0
0.5180813698546086,0.8026775751541508,0.7563390092091813,0.8788519566435774,0.8204691264055001,0.40919636209841576,0.1704697744003026,0.9232991685800958,0.9883894607910061,0.8414764668882029,3
-0.09082337551618791,1.6096464347980142,2.2092029488178317,1.3453349412850217,-0.452294428899782,0.1923123368310464,1.0547101801383267,0.024161720340119652,2.272844760283898,0.7615193534292927,1
0.3657936569532475,0.3317310687817169,0.7307257764150994,0.4758161288694389,0.5278522413549276,0.9814622093375235,0.134220294982082,0.49013415873815214,0.8731382397623652,0.004708307012835533,2
0.13336995489938697,0.992357355091827,0.7298111662976516,0.2837530517286217,0.7977829839150666,0.21967342937888135,0.6917162499200507,0.6888521316053902,0.8192492025434199,0.5395262375637262,1
0.9550868259032751,0.776764795168443,0.4899124788054371,0.6497409516044352,0.38354586919887107,0.04195454860950673,0.39423688860038364,0.3211443580043605,0.3413145491578534,0.7020012417545398,1
0.02281633548422972,1.0163108858624519,0.39854518558573904,1.1340935742460967,0.41960397203380256,0.9529743040544258,0.6464023245081048,0.7397540560948559,0.48976848378335386,0.47359838468627546,1
0.41749526589147223,1.1312472665786977,0.9156286512244519,0.7201279888227188,0.9790481031654326,0.5094299187076647,0.6735652702919591,1.0106397341766415,0.7712669009270322,0.3469624656793497,2
0.29072377442554803,0.947173791442267,0.6127747834427633,0.06578040270339655,0.9579740322029898,0.22069366050030204,0.5550440530153068,0.811254836535788,0.6770116595234397,0.8647869098683871,1
0.13580409283125294,1.053606182889152,0.7627548231931635,0.21890914520536206,1.0378715175178546,0.3312166135836538,0.6037430133175915,0.5446632595833233,0.750406487694136,0.7935012388844708,1
0.06411154486572075,0.9740659786794831,0.926677085112695,0.797628058646139,0.2678905916018661,0.18825014557069042,1.0565430842641235,0.4424292966576996,0.6134289744302251,0.14764686413379632,0
-0.0844137793567678,0.9092020799941324,0.1337738524965194,0.34483652575397733,0.6176586101666591,0.8578126508420403,0.7788086783536636,0.07982790442702262,0.29851841620075203,0.8280348339434797,0
0.581427604494959,0.7722288283807626,0.7164737209436935,0.9519579356577885,0.9428595288979117,0.29052784762216266,0.09752669954829493,0.901980298000433,1.09612425078511,0.7163806227905635,3
0.3054181115319006,0.402364727761613,0.439977676436169,0.273387156370119,0.6042380989244691,0.6999242798464429,0.8066578940715639,0.22140548731049592,0.4377372550433986,0.4797535682998856,2
-0.4596567746096287,1.8840868701508906,-0.5038213434742247,0.012987501289662778,-0.5871747538776315,-0.8478980715846047,-0.021777818155677753,0.9806899867513664,1.5478619144670662,1.010353168534658,1
0.5980170360888141,0.7243944027184973,0.186291578877338,0.6642969945251486,0.16447824830459223,0.7988569461695799,0.057665986759594196,0.2829764332523794,0.025577208808218774,0.33067850651201436,0
0.455813639570792,0.17131880080135564,0.44665279596234164,0.35827158509798085,0.36396981072007567,0.4932866528068698,0.3268472120579959,0.8689488263393069,0.3577419685976923,0.6604772823186558,2
1.0123805022172512,0.6611786422271212,0.5227446641629794,0.5300671613881461,0.2776265502816402,0.19857293660547753,0.27493521036953444,0.05694504244160234,0.3272129729978833,0.7839531196998897,1
0.9503835158387899,0.7099339034810206,0.4490953086419163,0.49452891951002415,0.17364361957201294,0.19873946533163664,0.14728938950474124,0.07934998768820531,0.471162911864894,0.9211180609210926,1
1.0264630993784403,0.6244928968752697,0.5399964592209988,0.10404993446862251,0.45983806477699407,0.5295644909644718,0.5447371955465456,1.2386387514928565,0.41169912037542744,1.0089892542559766,3
1.242047625966987,0.03154770292687181,1.3360401155891612,-0.2958668131356466,-0.023756731667079728,0.740063563611195,-0.058173801785281476,0.4851711375803569,1.2222464494587526,1.362212988420978,1
0.31528052606131823,0.4304536135074846,0.4594834578640175,0.26059142587146367,0.5811896171554293,0.7079529268496787,0.8112960216970033,0.2406506650681188,0.4096139366644307,0.4896794175133474,2
0.2712567450027212,0.9488292946764844,0.6627076180938656,0.4739066448689771,0.7895806817855368,0.6316412268830613,0.6062793744469334,0.5097673614728614,0.18052882342461488,0.3443989845426337,3
0.3125920974699326,0.5088480014863863,0.27391880328074214,0.1696693378227026,0.8628796478863026,0.8015102172060427,0.5965178460218218,0.16391482589105033,0.6465458408795492,0.555444756403399,3
0.45136349481812726,1.0332428353969156,0.3841445379101286,0.44623435392232236,1.1182471067612139,0.48320515134143116,0.9265283183744868,-0.027411237692297336,0.721048647691778,0.7389292644232586,1
0.05350362999340536,0.7788650383901069,0.8521710287730897,0.22179213114920263,0.9940616835327721,0.5362462081793367,0.6867309742229463,0.4596913644343528,0.7183020166061508,0.5055949238391777,2
0.9561785021596243,0.7890149264713855,0.5761204607794588,0.5047736052749575,0.24029546237100377,0.30702678395570604,0.283405126640823,0.10835502972176268,0.3766054704258921,0.843714095667286,1
-0.4864456403872396,1.575728278189638,1.1156428552262754,0.22647172895793066,1.0143765505787394,0.19247519706232666,0.38796770126552915,1.0939309311318077,1.282551774637342,0.5431564641686615,0
0.32155674846978616,0.44792291655235145,0.47690263883011896,0.20703203288525368,0.6005724574244039,0.6858160042582068,0.820842641647324,0.27750533451671966,0.4115126855136774,0.4600224970827137,2
0.3428683209046175,1.2199442886249647,0.7634640283150541,0.7020535566190077,0.8760603477213079,0.20583503797397448,0.9751126127431454,0.8252082389947231,0.2565501149442421,0.14988145693257504,2
0.8689121572403437,0.792221408472191,0.49296013057710153,0.36874723066616,0.2538661867313471,0.19725856760806162,0.26913371848822526,0.19050625863933174,0.3167895598384407,0.9117219960587918,1
0.7638289327180003,0.260977333915297,0.4846592527941809,0.586637059641672,0.5517764427832504,0.9382398720666808,0.4277678647435551,0.3074769681343449,0.30353004431676445,0.5954225047659263,2
0.3757135359605558,0.9145730219435695,0.7284335705638549,0.7904616399660618,0.4274182729088022,0.23243595167715453,0.9278239294472329,0.1639733260284941,0.3685819766045548,0.7863913450040395,1
0.9408690322376119,0.5054266741220066,0.05521623813762461,0.955707165078244,0.07396185541884251,0.190246237486782,-0.05162685093851779,0.8192493602729392,0.881168019431861,-0.03392241126214934,3
0.5919991337280129,0.6832288909171248,0.1466266774319063,0.7364580123210127,0.20311141576323846,0.8931051167229352,0.09558198057978486,0.31703062066373017,0.061636614226161575,0.3159029030937538,0
0.4604020202288862,0.21761035608046864,0.28302759550970386,0.1504633129183759,0.3531694833266253,0.86036033950272,0.9419928413284265,0.25460209255230165,0.45774984872823166,0.0324144624150159,3
0.05743813227116274,0.7715514466257655,0.8435465652490215,0.21688290084345344,0.9895247708312958,0.5312760340416803,0.6857288550457303,0.4649615116236539,0.7147548739577304,0.5075890677817734,2
0.4397917767622937,0.5704219368041373,0.38282461270006224,0.1164758631288304,0.04265595319616178,0.6248701054043974,0.014671256639879681,0.6244075493743206,0.9143436673539141,0.18405831946150517,3
0.0019501197605356624,0.3275711130567007,0.7902846241805945,0.1969961023589254,0.06017591016925988,-0.31508321110587434,0.6801648771612017,0.31787251654271886,-0.5104740581235361,0.17711371862712477,1
0.20134898219555314,0.6778957634975918,0.885782937406828,0.9182729672773522,0.8567840182551105,0.746895243348388,0.5043543069166945,1.1081271340218082,0.6013367472178366,0.6850874447954153,3
0.29272227462248923,0.9773629127764409,0.669125320205416,0.4727371413664822,0.7679379867560508,0.6230153873698928,0.6280153519991768,0.530159995552772,0.15185990026551885,0.3381125302539314,3
0.965838356399579,0.45239351652255605,0.8439199496129617,0.2780909561967485,0.5757802239367336,0.30048918375338934,0.4352227856148062,0.33635132183053995,0.27203144402851565,-0.14224946038924474,2
0.6197785352802874,0.7869551220157425,1.0825474677670606,0.6049346879471429,1.116454337141069,0.2676652478589134,0.28267463831125517,1.052943544166141,1.257861637726791,0.5808698484943351,3
0.22329251671872613,0.5610188424235587,0.6789187820014728,0.11408121046924122,0.39129498720886036,0.848686004565455,0.9731389199586687,0.05498686075240136,0.050403083318674546,0.3750024125046586,3
0.42956101160472226,0.4333076724061877,0.108686555019111,0.5443180190980369,0.3218067620170636,0.10219630550224176,0.07797305624158167,0.7767530471847803,0.06817605377452617,0.5980560948536371,2
0.7443642710470327,0.622219527157576,0.7283915687765337,-0.07736583876179937,0.24956679255933317,0.06956572558531203,0.2847212184616141,0.9463310162711139,1.0043380223679192,0.7917548401236165,1
0.09494097046764896,0.66361300118895,0.9427462626825943,0.6205050751920109,0.7072682723009409,0.6412577171172763,0.428358221229217,0.43956863382683725,0.34605254981399947,0.503450876559096,1
-0.010325823740181928,0.94441616807029,0.6569812306793457,0.2865640269853256,0.9112077867727166,0.3274322557401317,0.6242444822598299,0.5540096629912474,0.6296856565960347,0.6462234659942703,1
0.880886032802957,0.8570602646590799,0.8788457032901473,0.013635638483695017,0.8670573191425507,0.15641255864740572,0.5755209249053456,0.47857992399555777,0.754898690465091,0.034095886680104964,0
0.4350837808833279,0.5020985777333421,0.10422810741742429,0.5851464546864565,-0.0036252831547700093,0.731778681393825,-0.04345726214610693,0.12087469495305644,-0.014578763835978892,0.4264108687113068,0
0.40503320759094874,0.22172894705389737,0.6612818068325195,0.8902956379123355,1.0075949309593364,0.9130997638088864,0.6772146591759677,0.3350439167699086,0.1805117186965918,0.8031141988376569,2
0.9267320244296486,0.7244630936951832,-0.049789040499467724,0.702583732182586,0.41558502506822953,0.9402109267146268,0.28093543761511586,0.9758905125326145,-0.07628178265665735,0.025495753645547965,2
0.47987248517688114,0.2567969117299571,0.2727376448672506,0.059715878570263906,0.36935816525075016,0.880959650944709,0.9178953699921043,0.18759214495889753,0.5478495342704898,0.04759508789210605,3
0.9827850203666121,0.7734188925596308,0.35512927341621897,0.9931901239675789,0.7304369504572165,0.7379571396699199,0.5145541064079994,1.0318865794532648,-0.15033152627924848,0.15864000352221436,2
0.9477865340584575,0.7157405115791874,0.5079250057560235,0.5006519375941084,0.2735171264580128,0.2616278533270185,0.19057816053959684,0.11648678345806292,0.3829200063726091,0.8863842564923796,1
0.27863002868522807,0.1464642016509886,0.5804798342084936,0.4167987380432004,0.5132136666222612,0.5571010630750621,0.33618746011483736,1.1343552626269995,0.5515293429961378,0.5113780251710583,2
0.620218134169988,0.33056416498623853,0.6659751413500489,0.36775562623945746,0.5227531600553146,-0.04647012288534588,0.4978226882957159,0.31729945869448895,0.08270163566105977,-0.14048983665696263,2
1.187287502141365,0.5679040259250623,0.3788447319573096,1.04739166380898,0.7712785539428297,0.6863040102831921,0.1834614719874353,0.8786667216237982,-0.3365504089482006,-0.150309343914915,2
0.5287104261705979,1.0204574544570666,0.5314417365866827,0.17084406251794262,0.978245139712477,1.05553623970468,-0.013258836667446705,0.49547373037607073,0.5114672095505964,0.29651793771751567,2
0.12811512792290758,0.38439064745943463,-0.01173668597612339,0.08507149448431964,0.45846737086727785,0.06517464092707108,0.15652509026711642,0.4076937238066911,0.9234695262431359,0.27277526422217535,2
0.47632081222494405,0.8622033928360316,0.44385900789653787,0.8683120702604625,-0.05571227845262961,0.2833470235283113,0.6576256980772935,0.29299419617884676,0.07054060139267616,0.21111313870075665,1
1.0868523064810722,0.17485064228006764,1.0238797860905562,-0.3579774449578044,-0.3149754944687121,-0.3536980239981054,0.7983223804893023,1.0272383091778556,1.2427260884681326,0.4369124861138263,1
0.9057631138767854,0.512111118843549,0.02443910657985323,0.9675517261719551,0.0532583514201056,0.12546004608880076,-0.01989504592610089,0.9223273624505234,0.7734093528804687,0.06458591665465258,3
0.8533662061542673,0.6299620867129302,0.5390802604277429,0.7076109856152908,0.05036459936792234,0.48539280820656744,0.13747325071200528,0.3873378075133164,0.25417081458274776,0.45918305934376125,3
-0.08609701224860078,-0.14244911397919585,0.9194339711870326,0.058873183657060374,0.528289023516339,0.2459442555975972,0.6747177561816758,0.9256690338621125,0.17679648294227823,0.14662126995373304,3
0.20587664466404115,0.29214994788630844,0.7631929033808582,0.270937254458004,0.3300325473027017,0.6636412531800404,0.597387390393731,0.4246961864359313,0.03985349187097643,0.5497949210367816,3
0.40385619294256536,0.8814691605234177,0.510947334370829,0.763388047313072,-0.0026191141751747537,0.27818523843914506,0.5750384697452565,0.2574909047631223,0.1234324932804424,0.19665346927371657,1
0.45937731744317734,0.21678879701641635,0.28362904580695336,0.15368312813088295,0.3519771462582815,0.8627789579646745,0.9403991484742484,0.2533240711735058,0.4559973531965272,0.03410312737515344,3
0.683723813894461,0.27380086361007755,0.3502518962007896,0.40948532068670307,0.49050170189945486,0.6566618914193487,0.45758251312759735,0.8672487129975659,0.0858457878334892,0.6355880416081753,2
1.1328114877309803,0.31897594760554776,0.8726330722433903,0.4238876117468195,-0.21865684813770453,-0.07252118151470194,0.19493883886178906,0.6814037154328327,1.0806281245295728,0.656112537747307,1
0.771737271989252,0.49919600200199565,0.6776965179356258,0.28046453373507574,0.19243714681584273,-0.05984707644512324,0.3767983380557383,0.7672048736318183,1.0748963210327205,0.9897441935778427,1
0.07659959694608086,0.6789563059854261,0.8991190974958012,0.7128315813394412,0.713799156128145,0.6719311503513963,0.523368124720181,0.3784236880667657,0.23025268692085465,0.5987293531121811,1
0.8776852981229083,0.7906764709520074,0.4319519353569799,0.5043583680262315,0.18851659521368413,0.3608265330162107,0.27836231514830856,0.22950108000478528,0.40586045328761067,0.8824034229553384,1
0.5574483401513277,0.3932825228123058,0.6706416877117483,0.698871998589182,0.44611030129398965,0.8648084568352061,0.6341334621309213,0.4572227135473729,0.046167209288001276,0.37024014044846887,2
0.004550295812791982,0.5966661322045226,0.8213711764289544,0.62084051470063,0.6522830010390235,0.5646995198500444,0.3553712056695113,0.3620503436847392,0.4285858309791069,0.5978021384331401,1
0.8183928601321057,0.7836693791544465,0.4240556834478339,0.06691810261532166,1.132080041187888,1.1120578786752304,0.07775748966028197,0.3927325165503674,0.8973361396488015,0.35127381210360353,2
-0.07079999142653054,0.9922060305945777,0.7063615967362584,0.3783871092530202,1.0535310635105612,0.46053378507795273,0.636276731974595,0.49132016489944774,0.7926190143937596,0.711124855461837,1
0.5687176394506888,0.10551609840440812,0.13206172929830906,0.45720581703941837,0.18006765393827662,0.32623290514804376,0.6104653250614166,0.984590595857653,0.2655578998114766,0.46638901461516147,2
0.9548350512512062,0.7217779603022716,0.6477974843551108,0.24993924273736692,0.3971106705891102,0.5209150998518522,0.47643191850814665,0.9323388575625802,0.6774097885386298,0.8631046851739009,3
0.07613512323825086,0.7456588281213479,0.7202115052071962,1.0064330627840095,0.33882966875746073,0.43019716734961266,0.9328823687402072,0.4215228631702575,0.5829405144491107,0.07111840920263968,0
1.375402873141161,0.6889914434838366,0.08420358680890516,0.4379929881337767,1.0938805462177208,0.4583677236668322,0.6555062174763967,1.343948651651589,0.3778176373466299,-0.2828456351067967,2
0.5953063509268637,0.6027375566737131,0.9705648234311193,0.9871158725940878,0.8550530032095862,0.1358265957414771,-0.13117018865405045,1.0302422199778436,0.7246720271253895,0.9254251386750898,3
0.4108790110923487,0.5600073116949844,0.37822450968803245,0.14972809604663886,0.027471145302980286,0.6475123550263083,0.027162007626083312,0.6372151474498217,0.933103986155953,0.17392951483832994,3
0.4109863417505339,0.15963556314102187,0.2357963079502086,0.1274434773898944,0.3342432627028118,0.8403249524842024,1.0038417339808867,0.2756886586089665,0.4266622560110302,0.07974902814439258,3
0.2967952312651926,0.4187618141633893,0.4375292652788838,0.2739015933567468,0.5574843661599361,0.7048268601900807,0.7983734061282429,0.23508910151386253,0.42778930005674176,0.5116779994401939,2
0.6962107575978039,0.8394614594976121,0.6550040462030482,0.33290176678572564,0.9167542559783018,0.9560859098397215,0.06287456317834669,0.34730136688689317,0.7775902804807134,0.4743965239994666,2
0.28712145485070295,0.42426222339795633,0.6133826517820251,0.20277733472548615,0.7167652946618215,0.9782795898461596,0.8437570562350818,0.0553777959153452,0.36189017310389615,0.7243036183414643,3
-0.021975672686662034,0.7815144083826399,0.8694729798667252,0.47278039644318137,0.8117067899285259,0.7896925145437147,0.45817049178847374,0.44705191355683005,0.5496965328532636,0.47002031634979863,1
0.224183547622418,0.9413322397658401,0.9727248762535494,0.7867004445820256,0.8707758635753884,0.13077293203933077,0.8631182035126533,0.8574428968324739,0.6599098823016704,0.012970988901751093,2
-0.12448194867797707,1.1383501660595494,0.4875862053486635,0.35862206097345994,1.0960078277479162,0.32228647155978274,0.7459900621702646,0.6863938528019602,0.614502724841552,0.8883768498708149,1
0.12697665023597055,0.0890532456933158,0.5371049949330191,1.1129727537856988,0.9429079435024816,0.6904268675006511,0.8483494372539526,0.40481977601377833,0.679996633249645,0.17861557291422636,3
0.014669619545097046,0.965144814824021,0.6851800910647005,0.33980940134739146,0.9589037357342305,0.4101821107501019,0.5609284881463661,0.5852095998398983,0.640624792866222,0.7612380435850836,1
0.33876399688990266,0.3114454798120311,0.7490536707702137,0.3914569818871002,0.15533264319171552,0.575174372433263,0.5533684717440122,0.6344233187462525,0.06717882732672431,0.5656112147593266,2
0.8591889550907107,0.4113887495486766,-0.04577826160432549,1.0512724626233247,0.018832650401188318,0.13627428343290016,0.09145312190935402,0.8890322604284183,0.8799446504157507,0.10892644715008784,3
0.20558111443123517,0.4326209613641773,0.33209911273688864,-0.07114786925782958,0.6464689540684254,0.9318828776533419,0.6185175232962634,0.028096340489436482,0.6464369034820179,0.30518178503388155,3
0.38660533033542077,0.08213646985012793,0.5757093573406747,0.137982220785569,0.12929274836515417,0.683470163126037,0.29484673800215966,0.25275542650885396,0.880315209192485,0.23505884996034415,3
0.5503411918611084,0.8468675462488665,0.42153651015265564,0.577976203016939,0.40588896146119147,0.24962057200304785,0.7791741338843794,0.22543948231426703,0.1287861963985289,0.851579566611318,1
0.3324111843559417,0.9325126318140404,0.6838279837741311,0.7499409706068958,0.4286809576906144,0.2540437735585794,0.8944878210918407,0.13352681077305464,0.36155263199307763,0.6920646117165643,1
0.44100152407334475,0.5960823846291271,0.4108524364595727,0.18819574399816294,0.07162489218150764,0.6547398650770573,0.0638083233842556,0.5996322282716872,0.9463314182079108,0.1300252856874215,3
0.2917822927437258,0.40521903467619635,0.46293112034030226,0.2998824793180493,0.590971678925033,0.6703431484767328,0.8223052794210962,0.257804580197762,0.4346854414660943,0.4656328702219692,2
0.7676350908293147,1.0974808938382479,0.7772365020926723,-0.04275832171988919,0.5434966964679151,1.325819815788502,-0.003553737467755308,0.6769610360333318,0.9836174467496714,0.6552404835182754,2
0.39745344602867794,0.49142413492440457,-0.03418630558662383,0.7235694737234111,0.2172295287302406,-0.11458924519230729,0.051605379782139305,0.7527851613289411,0.1961741451485708,0.7413924614356133,2
0.10068406926861863,0.6486751717529551,0.894296779456211,0.605361032463282,0.7508027466766015,0.6651761809267235,0.4533161775953705,0.46023547107429,0.3059653656367142,0.45993253138546414,1
0.23616814448105328,1.1746759470174315,1.0809343282097235,0.5491914780577316,1.005108289515642,0.3845355252195949,1.1400577660911149,0.9462674227175945,0.2961967944364228,0.23610907141985743,2
0.447252772123563,0.2822032717322487,0.32339745525781616,0.13405093490029152,0.32002376288905626,0.8866206957006435,0.9955737518649778,0.27765314390135476,0.4639935866434796,-0.026241059437256548,3
0.20936194302091554,0.9955812790255892,1.0283210170143438,0.8462607294525256,0.30893934184407945,0.36429998823050946,1.1729668267412934,0.45807878433158433,0.7695917733890124,0.3431579159510231,0
0.42801833218263147,0.07979679609349143,0.48511306974401425,0.08421436100435681,0.2677280010732773,0.6708363391069903,0.2693831814212735,0.35557298596552145,0.7935011854566248,0.27836066444087004,3
0.2622993115240164,0.35168534257027495,0.2992383265163958,0.019807346896508857,0.7449263412628868,0.8611031901320014,0.669902801608629,0.05600651025245747,0.6600524581430045,0.35127245298068444,3
0.22563215956143157,0.05397413778511127,0.7074468322509141,0.3819002819447559,0.9727999071749406,0.003623902812521995,0.8949422593653465,0.4836559199640361,0.41910067433530396,0.9493448742172125,1
0.9386957532352453,0.702232937768579,0.4915319397225315,0.4809397366690094,0.30063614241165626,0.2657819683080373,0.22789581612223442,0.1592087638992811,0.3596175103251558,0.8362487307464876,1
0.47001597309655985,1.043825083220065,0.6625343543079606,0.6643932031039007,0.841710024313313,1.2668725055019503,0.42368751553657286,0.5001121312870614,0.46685602719151537,0.24200237926409998,2
0.11579234955263877,0.6111103491511493,0.9453565997362837,0.6256919069031084,0.689426952752121,0.6369576222836785,0.3780802257757389,0.4650968779733458,0.29595761383336205,0.537065846311055,1
0.8216547075901567,0.719583885439131,0.5749407712076068,0.49138645055138963,0.29659074350866416,0.27183964711274977,0.29823548725492194,0.19809425894424368,0.40023199821780686,0.936457269548345,1
0.7788985400832467,0.45211567632834515,0.530024581874489,0.6694867720503278,0.47513647333384695,0.9025652159222836,0.6256173435362531,0.2230542377101311,0.20415440174898125,0.44017990088429465,2
0.495586148819492,0.32549895234963244,0.4697079910061538,0.41165642939894354,0.284246674951441,0.5241321081934357,0.1801025682109733,0.9717358090841102,0.45788031091320247,0.45187405058941965,2
0.10130368362703775,0.8915813259341705,-0.2206725983195052,0.4068487837915998,0.6618378837417181,0.9941592542599945,0.5240711707067521,0.434383040100491,0.298973687970183,0.7408474982998109,0
1.0115670958331946,0.6805396815328751,0.2314881076130748,0.9449890715581712,0.5212884521441814,0.6806784124582904,0.39878759808966996,0.8655719739436355,0.10519605601530523,0.03944141607485444,2
0.5195545547307754,0.9414465727205316,0.43652687954399816,0.319022607036645,0.7306357270284856,1.2154906808941086,-0.07998280810844335,0.574685454300682,0.6382705422135085,0.35189338860938935,2
0.7107559155464794,0.40660091884331656,0.5816182814328709,0.7683047676082734,0.582538445635116,0.9380861433392662,0.6081551739890584,0.32808634683760435,0.22060189144508963,0.4950408743817026,2
1.1055130166763407,0.5095037925064269,0.4367238924992983,0.8724422362127013,0.7524768577843415,0.6098200322725984,0.34028952683673386,1.2640073445641,0.13063057676349937,0.11344660523397791,2
1.1336866305779199,0.8728304294979307,0.5294128076846364,0.05583368598955141,0.40088593656245436,0.7829299171493149,0.640414608409511,0.2867058364290054,1.6364301755404085,-0.04001573622097965,3
0.5066896392491407,0.4984065393516977,0.45430258480423874,1.4002360696988052,1.347426304729461,1.1243258769100264,0.8589577337355694,0.08396068155938188,-0.1981210282997503,-0.40068380103762613,3
1.0065438956330792,0.003947711764331577,-0.0522004832620832,0.7709327198406722,0.9672994504259657,0.14294685989861566,0.6935322996646341,0.7286358890921586,0.7553707167369503,0.7166616138067091,1
1.168750142776773,0.3744401661298617,1.3127385641479612,0.15029643974075152,0.6838086940562093,0.9479224766985532,1.053679212241783,1.0976712963989992,-0.5193751559660108,0.48294577620916773,3
0.0670513438554662,0.44817860200528825,0.7430322103375372,1.1633445960863587,1.1188674033615815,0.2213528519522812,0.9969217072326545,0.9503493088145321,0.7785904229752824,0.8223806119163376,1
0.2979683000626557,0.6350294139660709,1.0873880961431241,0.7658522357665115,0.859639006225815,0.7981101213888209,0.25322655453861287,0.35832729074951264,0.5457063280267166,0.3149158884471645,1
0.01142933667133986,1.1416420243438834,0.2288346545109219,0.9738907316890866,0.8005558567855926,-0.21678242159386973,0.6760785982107106,1.3639975772413793,1.0020918622234307,0.5823581446098947,0
0.6828505671014478,0.5086609889987829,0.638953844891806,0.09680006349556633,0.2560795743540374,0.42510014217213316,0.32810819170169303,1.1443501864018675,0.7535635588173957,0.9413875264636822,3
0.5567411599280048,0.5341254104169232,0.18668887561334258,0.8107528243442607,-0.16413610624710917,1.0514312513522097,-0.04939062125221755,0.9354177371674655,0.39938285315957567,1.0631705221283747,3
0.054443043978057895,0.7750323755525886,0.844937985842631,0.21865266160760694,0.9860512260497507,0.5306969892704727,0.6851490573668874,0.4612932041906395,0.7149974022336482,0.5089143788799917,2
0.5653715752361943,0.5611555458833459,-0.2230262403824883,0.7778455027828219,-0.16009693245080653,0.4575414079749615,0.5041172939588124,0.7664626400915775,-0.26306901973170227,0.5464163328490013,0
0.33933913397841853,0.7433298100340163,1.0911131949645045,0.4395392196340323,0.6340437595255,0.3734699248949566,0.7626952873940184,0.8364978092423317,0.59737600755635,0.0077225733410373615,2
0.30210392259350227,0.9586566955125138,0.8776914384082568,0.6435921248248755,0.7628855032839099,0.17001815356947791,0.9208003621995999,0.8692430182230128,0.5287351030268538,0.10467526236558869,2
0.30140448982098184,0.7721422690129156,0.8033678123774386,0.6993826180116721,0.3344803322755697,0.20565743826184904,1.0231161441986911,0.03976881591418642,0.3564674905218753,0.6007062496237334,1
0.1203980531443042,0.837823637668424,0.49363334696489414,0.4936317225182963,-0.2563775457785861,0.23178040796613944,1.4703815473563795,0.23974042982511304,1.4764375557307798,0.5260607476321886,3
0.45524332795909794,0.2398118629003443,0.2781353758291248,0.1762751073553499,0.37250309235955514,0.871698237049423,0.9247309860769997,0.24473312291335,0.4679369462087115,0.017223821572299864,3
0.313953175447222,0.46256527728625085,0.5952680705187462,0.22829572847154186,0.7211019603238152,0.7910703178539351,0.9379963646261222,0.11224806899959788,0.4389058309815505,0.739728309500815,3
0.1158557572299871,0.3758522818071597,-0.04036879318191713,0.13723455250209124,0.5454914875750672,0.016460452082457,0.06865366436375736,0.3172596694081021,0.885735093331384,0.2525682005737141,2
0.7010950178366793,0.9708168598048675,0.9872129358127375,0.8153614809986853,0.7987246528704903,0.5949430158462201,0.4213894927991372,0.9747381779711454,1.0067400945534883,1.0655732662993072,3
0.7902121905524924,0.662589188962547,0.2849064794070283,1.4139256314374191,1.3093036405954863,-0.0959672254202053,0.399671692276633,1.1588718638512696,1.5650095770081667,0.8248019276553492,3
0.06836544082134566,1.0177337685846983,0.5352841608019524,1.097210212521747,0.18375972499109175,0.30948073040555063,0.8167646190956588,-0.06733316191295252,0.4792082807165112,0.4614803852374297,1
0.8508830939292978,0.7151812291756534,0.5572975182226294,0.5172899825692607,0.31893831444321585,0.28103380401695083,0.19591294470397674,0.06689713720773421,0.3278579943331543,0.8706061003514178,1
0.2030702677507516,0.4727763992078621,-0.09695364362011313,0.10377475946078238,0.5124289520316201,0.09251788276714601,0.08522339366082661,0.4024619373361615,0.8722887040490815,0.30826971875534814,2
0.3391448075311868,0.5532433936235696,0.09545977214862958,0.03266058131492707,0.7837291969839596,1.0637501606986766,0.6393342923053041,0.004683640596777963,0.5617059137305435,0.2831548622359469,3
0.19614178353628747,0.4248740943391676,0.3448125608357248,0.07049619836399937,0.7361153358755776,0.8911034935127404,0.7502841699786027,-0.02531274548224556,0.6644797130990676,0.37767021933056966,3
0.167392427508136,0.31274045375991566,0.6818888921127139,0.15609119892725692,0.7789911763342856,0.9048951383505509,0.9459335492614096,-0.012123891679203525,0.42905658558362986,0.7122192583774865,3
0.05082329621757176,0.7767036297693275,0.8450371425672556,0.2223850097332357,0.9845498179895982,0.5235137683394632,0.6796967121525642,0.4639092398498853,0.7086199656366882,0.505972959010255,2
0.9007407475010272,0.7480093749023491,0.247456286758136,0.9790446256907429,0.7567589610325696,0.5157918197918308,0.43960979769083686,1.044950293673716,0.12106202516160096,0.10796184894186235,2
0.45694379238496685,0.964365566784062,0.8076495419660178,0.6967106038496096,0.47603618174353385,0.3841128830676143,0.944634304998621,-0.042214631985795975,0.4684559192900851,0.6218136939061358,1
0.259639986219541,0.7933689922888902,0.28839711024250164,1.1070338191221019,0.7795324927096626,0.13062604567642083,0.858797967977572,1.122659632286586,0.5545973545205357,0.8064094957508139,1
0.4724978395065482,1.4724749753114095,0.17281575506376592,0.453982934828626,-0.040754479376008484,1.2139884062097508,-0.26435992681847825,1.0460655606935263,-0.48891855972869636,0.10101256663572869,0
1.0944483746656757,0.6479271282822079,0.46675439569502497,0.24279703100084327,0.3120851780803129,0.6641310766724751,0.41771242736062814,0.7997226751872971,0.7218864599740565,0.797584519555055,3
0.8494120883591495,0.42939873427511904,0.838542281814913,0.6644354994825346,0.7129610511916722,0.1574919614059765,0.5906561273700963,0.4547865296434421,0.04204839490667646,0.0136757853140183,2
0.12609549834531947,0.8944896534369083,0.7713430049276335,0.29209822639933186,0.8836992599948875,0.4235362698128168,0.5534785967896823,0.5984342967879334,0.6427954372526495,0.7001133247461911,1
0.45315686248217013,0.9202458588904738,0.20392850571676585,0.8600904569067649,-0.09694402429825733,1.2245727694912367,0.37549736684041735,0.15744471997949566,0.06204386067692903,0.5114650619144009,0
0.8078972567645613,0.7416452205723041,0.6187647365974294,0.0014436337082568695,0.22703466749709028,-0.17863112496780525,0.5880365968563863,0.9458958527701432,0.9902153759213758,0.9953799511566366,1
0.452171950818381,0.40635649934635726,0.21898668490846107,0.46771795519119386,0.32661689454646586,0.10550571728562227,-0.0388227122031604,0.7746913345746017,0.1440632361357983,0.6470934434522763,2
0.29186048688441457,0.9282081936174305,0.6568460592590807,0.4743319396917362,0.8270311107614459,0.6679683049744114,0.6358322280817762,0.49323438487126253,0.1490419762242571,0.3862111648547653,3
0.11954649966090951,-0.05997225369694681,-0.47178241471748217,1.5935707320916843,2.452001719746166,0.22726693873895618,0.602048063846014,0.1526747138945994,-0.1434069006547336,0.455063816463289,1
0.9555859347705159,0.427589400789872,0.8909011643636201,-0.04817502883904862,-0.07998377657636424,0.10640215619088787,0.18036709392106645,1.058099726772628,0.7176873056314296,0.6235981381839674,1
0.5880838436726055,0.9548517588202424,0.3125851102574979,0.5642131455036952,0.9646064277629695,0.49715025870427354,0.9640229117005417,0.1545066175373693,0.9062737738052659,0.7987524207845559,1
0.3136392294931474,0.42998763871214746,0.4493945189861625,0.2771227543222725,0.5865932460445351,0.6953711202912554,0.8221573581507546,0.24089551983126978,0.4252530755977989,0.4932358525177404,2
0.32215697408384963,0.9536583719914297,0.7954026861259088,0.7045819453744522,0.28918011750819095,0.1634319437621441,0.9853255829040913,0.2198585603214288,0.24027499767217714,0.6224537431184182,1
0.09647980883843764,0.1257908731200985,0.6883277740808491,0.2541612867681996,0.220054501475842,0.475131588867481,0.7595126680760899,0.6120898556322989,0.060730163818347956,0.3738503503207647,3
1.1530895354884958,0.2711826436179564,0.08508000613886062,0.9987509287401919,0.36879246975569174,0.08983145844780868,0.1072742505719461,0.72998885610721,0.8938663313581432,-0.14524239219496662,3
0.503961806096474,0.16313357122160627,0.24768202891141722,0.09494313535284588,0.3697189716557305,0.9141516817570388,0.930366791785244,0.2815143064389444,0.4476218876716649,0.02150916728065866,3
0.2999216516680108,0.380944944949465,0.4116955508926775,0.2967283134928982,0.5703645772080264,0.720586152233352,0.7855009636907545,0.19719329022248727,0.43665955218087704,0.45429608881739647,2
0.765290719955358,0.8903767811730383,0.5986649679522498,0.23541092368447375,0.8586445666362851,1.0181301375622522,0.1561392501364446,0.3670347329880356,0.6241030208745117,0.3863478056848756,2
0.44518594443702286,0.8013454464930447,0.3978405248375966,0.7338693436559748,-0.06895949379634213,0.17926827336876602,0.595976891185355,0.18162458455553043,0.1510618933226271,0.20170135411827347,1
0.23628700331599684,0.11737367232704989,0.7658853912487309,0.3912083296565533,0.9663571965934316,-0.12545750819315124,1.0479797002399198,0.3809591517239062,0.46003485910749126,0.9781309238623787,1
0.23464124629053784,0.36462909193991055,0.2979691007766486,0.019939429379721204,0.6084716267853492,0.7745597461395284,0.805433162889388,-0.02008678710035912,0.5411470320012475,0.4278287888059587,3
0.8883902158268491,0.6004136728327785,0.8331118853874895,0.2920145517779358,0.8661598073037928,0.9980594128975666,-0.08609580034169753,0.1606568513579627,0.41363550316043923,0.8151717917752954,2
0.044466142569893966,0.9424962852717006,0.6750068402458773,0.3030466011921864,0.9380690826418023,0.3795199605971038,0.6072857057315578,0.5946060214341955,0.6942575114411162,0.7160812467115316,1
0.05603203787175423,0.7727828209671139,0.8469459579818223,0.22198714519424403,0.9883574595858582,0.5324304990087375,0.6835371762350189,0.4642422521800684,0.7162609739454151,0.507768516209785,2
0.5440413013801517,0.825728420718241,0.741762893383399,0.9655511921676423,0.8521355622991267,0.340690767214209,0.24598769130633327,0.8614025408611675,0.9861203354274735,0.9090263156827904,3
-0.007045517741517515,0.5139386406130106,1.3321359083929292,1.3455735079463813,1.2275893459426133,0.38396034835618653,-0.5464246317756768,0.9490161609618669,1.0222895789646333,1.3218192581655148,3
1.1085347898668858,0.5389989385748218,0.3675131299504924,0.3575908781322179,0.3729107571069842,0.40255825565528064,0.20499309339658214,0.274964841986889,0.163501422215703,0.9395160948189926,1
0.43394907418655637,0.397428053513943,0.053756350083387694,0.6037033865264698,0.40448819241585415,-0.014425699911249645,0.10998534899496665,0.768145131661842,0.08396454867617005,0.5294746434878514,2
0.22849006389192106,0.43133367861010175,0.5613143482213864,0.23606858104816306,0.6953946374951169,0.9315983863641675,0.8699061657300733,0.11544471901517277,0.42317187332475287,0.6828761587917579,3
0.24406194677034265,0.7616016102100278,0.51837492050626,0.9855607969761178,0.3469335515324742,0.6680388755047343,0.36317249508687593,0.1029309335761362,-0.2608078059775484,0.5236348712912453,0
0.2960290034623174,0.9153441321129392,0.7017245271487373,0.44012937379326295,0.776819310192822,0.6671161499265373,0.5598996834502401,0.5510694879939445,0.17857135045462322,0.40170301240441997,3
0.9039616475073894,0.8120094532904497,0.23802580729176456,1.1001032774231725,0.6162614921769903,0.7951028463864683,0.6225659088047528,0.9348088520255861,0.0640686101427167,0.1471722741865482,2
0.07690489620243979,0.463021120407324,0.07620905312421199,-0.005562230409645819,0.36538745395259536,0.16767052690161177,0.09851349306710436,0.37953642830531203,0.8962029405945104,0.25598849923060235,2
0.5785880077665091,0.191827333325009,0.4784547283859168,-0.08302767735477418,0.9095278344638539,0.8304592546867574,0.42227696110532553,1.0198406455484819,0.030545369023282143,0.4936468942021687,3
0.26917376622263184,0.350384932942027,0.33994518357819287,0.6717571418287431,0.42181244945489227,0.8007090755551907,0.1343213969161443,0.5816846712887807,0.5356139332066474,-0.0414152026579922,0
0.7587251306747042,0.8835429650545022,0.6152852488726903,0.2813295217023492,0.8958152971822742,1.0136596780373777,0.08307964662141466,0.4243191320053714,0.7057538130268179,0.46988548868755764,2
1.1380157392511465,0.008539337376166745,0.4081129911562892,0.8885695171712975,0.5378698796361372,-0.26563225464911167,1.0066105574558661,1.1749134446492733,0.2416521844168091,0.6181027725329724,0
0.9058797475814615,0.7309910296904077,0.5299051798701654,0.4698775861719293,0.27552453697165913,0.26423977853061953,0.2287971083740141,0.12888209320664765,0.3833649726565592,0.872028986142698,1
1.2196622332502827,0.6747674450259734,0.735819713011157,0.3533117911541903,0.26885063020169,0.41046266762843,0.6728374919262338,1.0331259371119197,0.5166084184277353,0.6126213494843789,3
0.1270176930866987,0.13338271913828287,0.3827838645390182,0.7058041804014732,0.06274346941785983,0.39221236331706777,0.5291958844604739,0.8414011174625443,0.4033364298491528,0.46591187125988914,0
0.2600081565937919,0.4252959427534665,0.5722900088904495,0.23404619569780494,0.7273868039458409,0.9195933303846215,0.8594499118907103,0.08947543336793921,0.4337794593214518,0.6875818196666773,3
0.4284669327515573,0.5587191288907599,0.39018623857383156,0.13846952422348197,0.05347112008713217,0.6591783599220504,0.017740354687390346,0.625550784562795,0.9206149582476972,0.15177248702246413,3
0.7933635684931698,1.3965848920041521,0.6779759401455508,0.7459434150908485,0.9302100615850533,0.6469841524282782,-0.37403096460067764,0.6531465823217673,0.6183518329209059,0.2329397428924277,3
0.28401426773233146,0.9327728187093264,0.7703718172862101,0.7956979667532179,0.3733558950961021,0.31478570373905573,0.9553448054874752,0.16181229037358752,0.42319213531434363,0.7192129663637556,1
0.9585630558604854,0.74682531449219,0.06803901485439698,0.9226546241451578,0.8539699989383431,0.6063132437094775,0.2875818072680769,0.8100427119719257,-0.033854348232621574,-0.004598226097158223,2
0.45553118747682986,1.2306107277235048,0.5703379530296863,-0.5358996607956781,-0.03630911589283753,0.05907556111308611,1.1702019260182972,-0.24716759676745892,0.26754503581532174,0.05873058768735362,3
-0.1047186220029952,1.3690528548003,0.787011356686021,1.0343917436607069,0.200134481059593,0.6790605588382755,0.6561203340346318,0.34869092589687334,0.7481008376718999,-0.2574145751668795,0
0.31354741577442985,0.6620212258079469,0.2786876017121894,0.39211893222387706,0.5734845829912958,0.7157636966265484,1.0841904868323073,0.8464105122736125,0.5158463033493126,0.0696674948673858,3
0.0906612308782524,0.11583263188523026,-0.12214218151411357,0.4481966860264462,1.1355428114864612,0.21179769893147127,0.43712773932768745,0.5484933167249655,0.2275591199804762,0.5937667357595401,0
0.4988849568341974,0.19418819496935405,0.31037513191163546,0.14793922014650993,0.37185357492605536,0.8471991385449505,0.9419801954707361,0.27224656688020293,0.4210336781051444,0.05186159055519592,3
-0.05387498504168928,0.7490942226445619,1.1235315733863454,0.5670995581717138,0.8646245409675635,0.6341578232582159,0.3201719560643096,0.26209227723091033,0.4735046598324534,0.30868916798508583,1
0.8472184521309164,1.359422503620891,-0.34066816751618284,0.3597129691338543,0.8316247732661768,-0.06024881375266544,0.48307389159456665,0.7077987533367296,0.21673996236306947,-0.10164457400248528,0
0.5009063186364563,0.15676082274219974,0.5758155116985895,0.22617199882848507,0.34795938175489344,0.4980008655146595,0.4211283091210885,0.7903073598612018,0.21933409941514037,0.6773452340683853,2
0.8108230034290269,0.8829227734744868,0.66718433131467,0.40025378033110715,0.326070625232227,0.6045026189287019,0.24573975652132127,0.9090753480972927,0.623026883186117,0.8011041008867175,3
0.6959643371443142,0.40651994244514744,0.6091683253574214,0.6727693272499321,-0.048384814825569084,0.3026791174439412,0.31792213817369197,0.5294248344422559,0.23332061080957198,0.5609797630029526,3
0.0659944467533102,0.7739667055712636,0.8366305916525728,0.22455137551760587,0.9902900889624043,0.5383729944876667,0.6805924025383542,0.4519111638262832,0.7140819568836929,0.5193936148589596,2
0.183006258873684,0.683884719517307,0.6052606164994636,0.15511349838356028,1.0165327771508685,0.1682545494260329,0.42774597564251415,0.48990775900461647,0.5684930036350199,0.5479528883755249,1
0.3212003568285752,0.14681972853037642,0.48485924068029973,0.16380837084171992,0.08009227858969185,0.7567171752830686,0.3415834467780982,0.2138438452589725,0.899581116943755,0.15878071782648476,3
0.11931697386019734,0.6905894621793309,0.9613528622831556,0.5867973505981804,0.718000702586487,0.6786589147724409,0.46139494824252647,0.4682030753889815,0.3089147509811447,0.4977439789261709,1
0.5161030515484646,0.14336382454342017,0.48117037704611804,0.32198056199673575,0.4151362624784215,0.4681503348321527,0.36669807027153123,0.7941970465580123,0.3094780146930166,0.6018911378640909,2
0.6685353161784752,0.6831068810479763,0.6175684365895944,0.47180721784340274,0.5967203593719617,0.9112231212147149,-0.09906247092790438,0.45634818135721145,0.4376045993359322,0.4342642436176861,2
0.3851867168779973,0.848104737561102,0.47842902661407144,0.8003636327592322,0.0077569550857517905,0.26532943535184267,0.5944603019849248,0.26470937981811204,0.15242083142863955,0.21566597539730045,1
0.5741187464296502,0.32648429627808506,1.03562085142979,-0.04612311336463129,1.1003713030017401,0.46908360659416604,0.9564545908726437,1.3760020747825037,-0.09471749436629018,1.0563082918491786,1
0.19092897716325763,0.07682213643168223,0.1866939043957222,0.09545363188036106,0.4634780838702767,-0.33737978990874845,0.6148965353071595,1.2042492018493036,1.284988954206961,0.893041609355768,1
0.4136342279175609,0.529830200623621,0.41340863766805,0.15062683415425526,0.046346987524088765,0.6470757471501432,0.015484809074790017,0.6048933108351342,0.9067244925719984,0.19465750253755304,3
0.5787675574582294,0.10555100585734664,0.45324559994218955,0.3638189371525687,0.5382292675339375,0.4124168688445787,0.4465687656824694,0.6778312406689911,0.22285797025651466,0.4823370363234228,2
0.9210200273396356,0.7139068466330153,0.7875303683371048,0.4992468895052786,0.20698941725395786,0.16583205854977645,0.14683793551451374,0.4864539264695558,0.4955644625501093,0.6178183171309227,3
0.05418945402764084,0.9581214468639592,0.6869584169724672,0.2993481865882441,0.9419949917344369,0.38840802512313327,0.6002090841910439,0.5869587922194411,0.6802791007968781,0.7210710885514526,1
1.0678107115986712,0.22841393905116522,0.11618398053804145,0.8400590480986313,0.9864122121903298,0.2870143606223653,0.7088691521769003,0.7267659522768197,0.6347251732790602,0.7026694019129243,1
0.5245308699297624,1.0736374472990313,0.7753759477526476,0.8435672422343019,0.6755577758126363,0.08705512870372212,0.7509223882064742,0.7647772763289019,0.4109831515100152,0.1562270293608714,2
0.05529158221635646,0.772158322470518,0.8373002362760132,0.22805655467176944,0.9897165220367719,0.5321885181225436,0.6790569241162145,0.4656446832303335,0.7219927162163917,0.5034214136057859,2
0.05248080866889275,0.7941378612636044,0.8648670853346481,0.6178716339468616,0.7672793198631921,0.5362286752212291,0.294379395003602,0.48935258386638797,0.45268658719568156,0.40143624896426455,1
0.028151825278738885,0.1825374296368057,0.7851597547036131,0.19850563650090539,0.8450755059502968,1.1523533750960027,0.8682929171955345,-0.09476839064106607,0.31739335167622973,0.6112928852990381,3
0.31916895397438394,0.42311908352986344,0.4572162623228074,0.26611858335941657,0.5830513107830372,0.6988669453625473,0.8133780896041265,0.23720139186234643,0.41769328483538887,0.4933297040716729,2
0.317401568661177,0.19120816494958887,0.7095192111489504,0.3339279388971834,0.6541485117953015,-0.013054003054281227,0.8476018737076157,0.7078680893164503,0.5632101430218399,0.17891996472806046,3
0.9934881364166901,1.3429584769751894,0.8020908396210239,0.7674369554753883,0.5103790978904197,1.2304328362830987,-0.5061143599080626,0.5521208796996107,1.6019465580116052,0.3483409910975691,3
0.2612998977089164,0.04616103227638074,0.04930580959962885,-0.29400286821372756,0.6888570500280445,0.9979971320722925,0.5770509851682539,-0.03391415339589489,0.7634735859984048,0.2590389631556814,3
0.6993786823296393,1.116675086068255,0.9542155825248944,0.3209372581333303,0.6384241496470089,1.0188676668265353,0.25338028148462255,-0.23978910576625934,0.37780100757142965,0.4415048165361447,1
0.02227840104307894,0.6395331730534564,1.0226476434931548,0.8917076713579504,0.32885988741393757,0.36544911214261544,1.054336495661583,0.4148151759756255,0.7743056297225371,0.10375121142146643,0
0.447961208499225,1.1283176162814914,1.0592954222879807,0.5671504232957453,0.9179887132529965,0.39731223583071895,1.0455264209668633,1.0518136966081753,0.48565440799536047,0.27482327374896187,2
0.11156081386560743,0.7149055172531243,0.9509129037642654,0.5801860179871574,0.6601773819018032,0.7028406587062522,0.3464717175705975,0.41800044117871965,0.4177098748395609,0.45865532861161423,1
0.4185795367157795,0.9060378173330377,0.8525233999169987,0.624195652155501,0.5278322388553309,0.3165000712228572,0.9052751896764252,-0.23979191567562774,0.20203233123028055,0.6261946643267426,1
0.7967691823312956,0.21624658055214296,0.9369052532974766,0.01876286485490869,0.6921409198448591,0.3443602155557176,0.34380680390786483,1.0510813506537966,0.050241218609310356,0.41107165119705363,2
0.04153482628748206,0.6116034211171311,0.987130684974036,0.7878790492626212,0.2719252759996056,0.06603708875600534,1.1873665493640435,-0.03594831417630376,0.3301816902854815,0.8468659562651715,1
0.1472689499881939,0.37482267311244105,0.048682916467714984,0.08278078012962181,0.4260766811350255,0.09669054041808073,0.13126383955787532,0.39216656932899124,0.8937542496723966,0.242910682149828,2
0.6840242536143656,0.6804011842375972,0.5770973879224296,0.6171815993326867,0.22740420517522653,0.22401969892618484,0.21223913331144995,0.675653897341477,0.4033115236127003,0.38116891690165133,3
0.5554221076070326,0.774158514855251,0.7416138077145674,0.8530379950426442,0.8666531911220273,0.43732284993147796,0.20204247818087162,0.8809646589764304,0.960067754456976,0.7945316803889015,3
0.6788370757134788,-0.06353848697244555,0.719398259228897,0.3455247318827867,0.22292724809113906,0.5929012238623532,0.31684686295713543,0.8198623781614094,0.3033515546617199,0.6716015376386266,2
0.3027791025735711,0.5374693620128991,0.47248625997308047,0.07925728221266903,-0.01717151914225202,0.5624286249547628,0.16271612057752322,0.6519661180309474,0.9765002593609996,0.07062697659643648,3
0.1798604600667708,0.10775927174196819,0.39031729147909155,0.728061786934511,0.14387504705804857,0.3764200014349533,0.5025140013819712,0.8406220378961065,0.45672813760474823,0.4282116254621616,0
0.8181291391764556,0.4117100079573278,0.08212767369299265,0.8860090985121373,0.6416943619234429,0.8232995714217046,0.6598304677884119,0.917399149418862,0.1257953103510588,0.111824820790834,2
0.9866398306109398,0.667302842417073,0.22560362202960083,0.9540529460971995,0.5771040644400783,0.6401883061302283,0.4916091274949572,1.0050433932731555,0.04103476043150501,0.04649836099520871,2
-0.02404192017698928,0.5057410670608975,-0.1159899837806403,0.15453119139363267,0.3219488898008336,0.25149162599989705,0.109933662844753,0.3724711736272933,0.9147251295003735,0.2003117037426419,2
0.5372673421702335,0.1293144576506312,0.4137782390314241,0.06274222103230288,0.22855083447412847,0.9369688758693617,0.9473348393567768,0.18383013444241458,0.5789347368717301,0.05960091745003048,3
0.5924198885664864,0.6208831399205818,0.12870720062956412,0.833639079718538,0.28572381667775054,1.0114893205798465,0.15427528994964035,0.19912381165208598,0.10248779238256428,0.3273568231487522,0
1.143593046300907,0.532513420960209,0.8365808163870729,0.18521252860540038,0.5769905334680847,0.5912226973513953,0.26803081605876283,0.9894718371274817,0.5940353773517315,0.9329314659774447,3
0.644523514377751,0.20098398833097325,0.3172708878480415,0.40994981113996704,0.09110011252438852,0.28068128617616883,0.29181163216010425,0.6647700940849632,0.5138957877838028,0.8124062215390204,3
0.8399468605867356,0.8191623177507081,0.5687154948929033,0.18478721821623584,0.9547451289266511,0.8908205118520648,0.2269914200837111,0.40277637557362983,0.6553291556026846,0.48516177869849164,2
0.3926339736085769,0.42535624086824697,0.9767469195055887,0.3261780536656913,0.8275185169739643,0.34012953168181237,0.8337854959831777,0.5503810725464201,0.5115136809603061,-0.010998187733232218,3
0.17295887733314946,0.6372765844306222,0.5644415552856246,0.910744181827751,0.0037103479837892195,1.013171387987558,0.6725095933380427,0.4111919813260154,-0.6013534796641552,-0.30127261500807945,0
0.3818894074644649,0.8579433086040896,0.4643868922499299,0.8053584093299249,-0.001962402380864217,0.26372121531469034,0.5976729918087923,0.25716235827496847,0.16347367965360202,0.2106673553209313,1
0.4653467536227243,0.20642691498678145,0.2762822727666435,0.1567104640073803,0.3516876858818343,0.8624301841452318,0.9209778290953868,0.26317280869655185,0.4648893757378444,0.04288784112532104,3
0.1512052900829145,1.1161609696215826,0.5575299305819186,0.381144575149348,0.9978330037744579,0.3580797526976211,0.4130771300765388,0.6813127412445245,0.7346309265211459,0.8799149736984638,1
0.7935770188568436,0.05370086211018618,0.49685348372462546,-0.12806249259011607,0.7017040147150102,0.8303276517401859,0.4408822095945415,1.0039816682538376,-0.0366047002237813,0.6106899455045051,3
0.5277910323533533,-0.0677972584277027,0.6899016704786889,0.34336075559747153,0.40608835172197666,0.32400670133278053,0.3899956907300223,0.7093702747066958,0.2910862975989684,0.7394940822105104,2
0.8705973030055377,0.4664715416771701,0.7147136672839884,0.14277854196253126,0.3782107291108084,0.5967736523447488,0.5635091078017291,0.6256604048732033,1.092878512667061,0.7560292728055367,3
0.373931851668605,0.8293907521365411,0.49594075303898766,0.8001792668092949,0.02029671285776974,0.26829121179809845,0.5625913626693418,0.2280251613730883,0.13847337962442258,0.23185339879499445,1
0.5018286551526286,0.6781171156802446,0.170631083713566,0.4183342792577927,-0.04379823167296207,0.8799468473342479,0.5422494659001756,0.3996472867887665,0.0732206791086703,0.8426004367467518,1
0.4591809235846026,0.18073492924859555,0.2713245419837571,0.12486382104904571,0.33891459483953906,0.892801441070864,0.9214980745246196,0.22038822639770678,0.46766269921957004,0.07040650694359213,3
0.468811455598911,0.7033863382913508,0.6617932046320514,0.7909827854862751,0.8979757556639021,0.32442547774704633,0.2155075785983351,0.8985458850942173,0.9801772341945179,0.9366888679831072,3
0.1816755521341225,0.5283814658707701,1.0875066762822196,0.2810749876698737,0.2990244857374683,0.07323083934549282,1.0051940924526699,0.335558170137462,1.0726050214482776,0.22909593822320712,3
0.12396871121438391,0.539531999734884,0.3756901208721489,1.351738407184658,0.09671784397597932,0.3752778116843089,1.0387305072634203,0.12834819555617047,0.537897582406079,0.7352033264265788,1
-0.21537228838333872,0.8341337542297385,0.6617314609206738,0.6197757721359174,0.2808506344809306,0.23111755386752258,1.1265839467389502,0.8477489534777826,0.7038837659234816,0.09582538555977471,0
0.4040711182318581,0.5232322959667848,0.3975205996054631,0.619156240976504,0.5457927906669379,1.0054315887742975,-0.015454550234737532,0.49148149308348466,0.30423462183999456,0.08524434443659648,0
0.055932305771743095,0.7751578184871941,0.8474411981334383,0.21932384787618162,0.9862855576533842,0.5315125695992249,0.6849408076851244,0.4636393294164122,0.7164048115896744,0.5079895948546251,2
0.12495276145345183,1.2835562240265372,0.8521966798623062,1.1475445626676286,0.46355918128521445,0.2739461722162323,1.1957654802160573,0.19002535538542212,0.4529269201875734,0.5055718178568164,1
0.36528663777290304,-0.29076620722621405,0.45148212122687886,-0.11041553307416185,-0.5022920120538564,-0.1180293552821437,-0.002485751905547867,1.1303790862935017,0.2582963593409981,1.0265452005975453,3
0.5168403470227859,0.5967398665513758,0.5287732679482292,0.6413158184290297,1.209552972955457,-0.2577609794201531,0.4023464741685174,1.3433791347806487,-0.24467250034389765,0.40502981908336444,2
0.1385627089880295,0.931130934232723,0.5492294117468534,0.4794485428220351,0.6491932175022854,0.6802460110473249,0.7319803641615833,0.3563939079175313,0.07742301572555739,0.5006111818487637,3
0.5105647526054296,0.8207054692442118,0.7396001074270623,0.8875348910489025,0.8410545283743553,0.41131834034089165,0.1887734855041195,0.9426573928157654,1.0088416394736854,0.8285367210746646,3
1.5522739876066314,0.4698529508435013,0.3252109454573686,-0.3280154420329362,0.4321107710720248,0.6272943930309962,-0.5461005484464727,0.6544289858029206,0.20309599032749692,0.6284407827696302,1
0.1813092840362046,0.9315611451328433,0.30277315746334105,0.5573570023866528,0.2568502543852891,0.22472600919393504,0.36582308741831465,0.11740034841024138,0.009853591496223085,0.43475598087087586,1
0.5351751917040161,0.21781242669273856,0.2880970747878702,0.3821771853344195,0.5331396249589055,0.48370863277947074,-0.082836893043439,0.5774802923460894,0.498216367680504,0.7094485687678724,2
0.747955931171028,0.2059718011563242,-0.03767057218709499,0.8635165297689789,0.9642845758611868,0.015339508124704915,0.5350974771748066,0.913978593341054,0.7739636588306307,0.6910614708590567,1
-0.2980352527098198,0.27002591452412,0.40968688157636757,0.6415752819936283,1.1771680050639257,0.5486414933219991,0.16817140012093068,0.45421215953289695,0.5029844563611061,0.686531876431092,1
0.2737316082100886,-0.1174362167129093,-0.0167878271184162,0.6561009917264254,0.4074621703356389,-0.09691210341465795,0.15663825936795756,0.6222139893416996,0.7773215166204055,0.3788709336798869,3
-0.166721554789254,0.4078466367777082,0.10037990528882007,0.6963369736070154,1.1506827938089297,-0.035638274958265215,0.5349415562234298,0.13070608139709755,-0.2495999331468033,0.4890233758454991,3
1.1053600745398762,0.5937545326877431,0.2456088402801578,0.9593606701789387,0.7157014606866237,0.7060373893205734,0.5323288410599373,0.9456006762613254,0.10988694361577549,-0.09691089312067788,2
0.06010405359458348,0.7738345562912327,0.8447257287630822,0.22117007668804592,0.983316324670219,0.5333851346828705,0.6833241384495689,0.46608738882615025,0.7195238954862693,0.5094176383222312,2
0.3103291013773691,0.3615495877903276,0.7948199545703067,0.3927308329508432,0.36932338286496036,0.24660374258326714,0.8133445393273903,0.147017613935655,1.0875129697769188,-0.08976316112277422,3
1.2680024572654962,0.44643835306729396,0.367389585968974,0.5567990993326677,1.1311916009722114,0.228357784172521,0.4390610242301795,0.5256935247368646,1.2024763602467265,0.06976872087989214,0
0.8409191067083499,0.6605336958204449,0.9004150244699046,0.056229324435789436,0.04411900540599546,0.14456936239717405,0.25628753677116334,0.8233222091366199,0.9316021002726118,0.8225189106194546,1
0.3101390716388517,0.729744059373772,1.0230430891711317,0.6876536762464533,0.8537856325467942,0.33656494614097865,0.4090190663195922,1.2460103309314725,1.0746519972990312,0.5444869125539222,3
0.09368906503600116,0.3280134982040793,0.5441143816269157,0.25944080361208005,0.8608816127683916,1.1523811997295414,0.6642200018659291,-0.025990345330643067,0.6259833581947081,0.4899982706787852,3
0.425602966919834,0.46535486772344353,0.4826415749160237,0.18642173717935873,0.5149410527399244,0.6271299449470294,0.8921926027616229,0.13014197606768807,0.375308350587723,0.5562834309857199,2
0.941391546747977,-0.14150256403760253,0.35511809608620715,0.57685695945392,0.11813518684972482,0.006786426380981259,-0.12604322274409568,0.5056538077356605,0.724338508805547,0.5677267887587512,3
1.172888414288067,0.8848873494108216,0.8420262768490802,0.6352776688711899,-0.3595027537187986,0.04055190559544786,-0.14958539056643333,0.23763362253066805,0.10278455047617013,-0.015331283064621726,3
1.0322595592775339,0.7891502435934116,0.6689632851763838,0.28628842394539356,0.35933656580531403,0.2204201358595751,0.17174526730385942,0.11057224336407281,0.522324525763268,0.9205369359934925,1
0.7443325894398874,0.9081785118327339,0.6676460079329012,0.16261243555306626,0.8783741399053757,1.1049088824584419,0.2317212819411094,0.40409104625007053,0.6214720165029496,0.5762242426727697,2
0.4185576470981849,0.8663767460457198,0.8312677372842052,0.8194930817635419,0.8667288526282212,0.32644355771104916,0.0216939292777181,0.8214053012602798,0.9944585662574063,0.6983559464561073,3
0.43135568915068173,0.2566853185951288,0.32260011029529,0.15388734350249542,0.39292415266747033,0.8596125093736636,0.9809387904614576,0.21915480346366062,0.43102584290837537,0.02083975721389476,3
0.2676504367962524,0.6227540135259189,0.260714747488331,0.9761715126368661,-0.06180993661426021,0.7935153440136065,-0.3802379586973704,1.0898931734025608,0.6591762101340952,0.8552889616745646,3
0.11398752299475876,0.09114068222662655,0.3537271677816262,0.7328263291528095,0.0927356132086195,0.3485863140449302,0.5022667911954822,0.8450133423528118,0.3797692315995218,0.4128012904579556,0
0.26541260125265714,0.9739915529102281,0.6661083571425446,0.4584155676615047,0.7705584628418101,0.6185621681055617,0.6082731008444413,0.509362050124104,0.1981696296159777,0.36656764942555753,3
1.0336364551063237,-0.07160738392224775,0.3917969149184593,0.4188600259722214,0.8816252865524055,0.10119245916603958,0.9169708810523831,1.632500918782022,0.012585687486152741,1.3928199100701533,3
0.29552060534498487,0.8428891425177284,0.8725929870318345,0.9819680193586091,0.6422779870993813,0.07912853987120164,0.7575399000879788,0.17158093616625017,0.17859854805328418,0.99815482088786,1
0.059650386188832186,0.7715004768662076,0.8478560039724603,0.22278352699417717,0.9846200209725653,0.5288297591254045,0.687286279615236,0.4592585678009374,0.7163549288999269,0.5027350426508012,2
0.06406263146213408,1.0073026622031314,-0.1475241565915563,0.14588340240488468,0.8663863733765057,0.7384016827915291,0.9292720881097433,0.517089925896638,0.06694876629047614,1.107174954350438,0
1.5378475496930941,0.19226955090685244,1.2371780586944863,0.48759369566013644,-0.7258505606570809,1.0739933397211288,0.14656444221269854,1.007548301239985,-0.21235808018120406,0.02303145985220595,3
-0.23679477072018051,0.4689644658199729,1.022955721204898,0.440684847922203,0.08160960312987237,0.8979624549052171,1.5184100039755137,0.3031077270304556,0.4952268951157044,0.5753939045192561,1
0.37297452104924045,0.12206212542992181,0.5355553826630836,0.17507855892188948,0.18890396353568753,0.7391191653927013,0.3541694365077224,0.33145500787038884,0.9434734377725629,0.23101204966025946,3
0.05822752467565959,0.16592712408271051,0.2565681799376369,0.1874815550102905,0.8123043225659901,0.9667020254171148,0.8279093839531437,0.1659137566771548,0.8953220558687446,0.32226302344969865,3
0.34371263425034315,0.1488967314769663,0.5679833979303565,0.1505215193866614,0.1834421600956674,0.7099342584531879,0.34469291453646217,0.32616182307118924,0.8337749792570679,0.3050478489629825,3
0.1675420798462914,0.31388593400236897,0.7245551002569006,0.3559639944159497,0.10703358948149258,0.743745724597757,0.08462877892362636,0.32793628557586263,0.7105827050986624,0.023417915085504337,3
0.17826285214793963,0.35129032285450135,0.7453655905556402,0.374223552363757,0.41554076959196384,0.5125799743527113,0.2732369900233709,0.44254129849238244,0.42136771125169653,0.547280796549252,2
0.5173505266597264,0.7746446352541189,0.7566863100717094,0.9040587020600701,0.8513243530625417,0.4002196626676662,0.20611154312014493,0.9098894813470855,0.9863517340146588,0.8077333796453502,3
0.6808635074694181,0.47250275608467485,0.6127247778200742,0.7645368980249363,0.5704311947572345,0.9399422388843891,0.6633260672730007,0.2869871877561105,0.1583928172631367,0.49020134222996514,2
0.479047632584466,0.5130650892422756,0.151944709616408,0.5067323799342623,0.480791159151181,0.7121283276313037,0.8803248432342987,0.8886328888391826,0.42491746841269806,0.2229330344283529,3
0.9367716328136042,0.5129046657089029,0.09925183216578773,0.9180076719704353,0.004607329704663307,0.08193066954339656,-0.07256042804619872,0.8565429492631053,0.7824572171957704,0.07101216245311337,3
0.8460075906055213,0.6217745833221164,0.4382066147182546,0.4332175106203334,0.3890972696252482,0.14315934176810696,0.12792914978493208,0.0892559843474014,0.4496698159767989,0.9615693054351957,1
0.4058387775435608,0.3002018679187429,0.5338653477636919,0.24194320480414716,0.09955991065696773,0.6116458695924183,1.0890752207455336,0.44774783946563534,0.4441070880283812,-0.21733630209159588,3
0.9921367812747444,0.7005622279720685,0.5312868194680378,0.6585224506294015,0.2813779972259431,0.5052682194975747,0.31670633834509254,0.4279485161756289,0.27749662628667976,0.5055640580674666,3
0.92100470293823,0.5682129447909063,0.08866455017553082,0.9064221875533327,0.6177578923012508,0.7878616355267903,0.4872303646409036,0.961912333795285,0.0797150063851055,-0.04616080633212631,2
0.9387513646655526,0.6525484821437972,0.22332212189859016,0.9928303682639558,0.6115265821478301,0.657734691925071,0.5500865224445604,1.0276145747040748,0.06670523320449173,0.04201872758317995,2
0.13602911057177963,0.0722913066243505,0.3461746185504049,0.6811359494878467,0.0998061644168894,0.3569596535539107,0.5522259665404278,0.8160654648359551,0.4063758801443007,0.48044682948202755,0
0.11532824288649217,0.6526968900152967,0.9273442993273621,0.624829324074862,0.6265368324879161,0.6844498710982447,0.3245771689949375,0.359004855712339,0.2970175292563145,0.40529234726682684,1
0.9536361284369347,0.47305782631284954,-0.002941575694974021,0.9996131294404101,0.020897949572160648,0.11904796334818422,0.029883577579281864,0.8885541291228763,0.810335636847906,0.03588943729062508,3
0.8417672823171602,0.5044296934105551,0.7041736433782803,0.293230180398529,-0.08347918092330614,0.26746555594482824,0.3591194788599197,1.1511251396904219,1.06734073305868,0.6411020744283243,1
0.9629393619765002,1.2215634470564183,0.34085352316060474,1.2006308161607984,-0.305377315328643,0.24417783516810437,0.5772503144765155,0.3290725964754092,0.11829951432529973,0.8035492615072165,3
0.4586428419292017,0.5338107011988918,0.19041959955807608,0.575618624759346,0.5005361551559679,0.6614815323498466,0.9552632173838118,0.8774443287934737,0.4442070534840242,0.21397689582245286,3
0.21802304976298795,-0.0050988075868493715,0.14465151462339929,0.2631242470132598,0.752786042388067,0.16332796219090373,0.2586863284564133,0.7768184207083746,0.03935874590941104,0.24629965071972898,0
0.30029004934125125,0.9490772546427423,0.7386468104655313,0.3072799878511053,1.1385675026648998,0.27336080335187074,0.7335623460233192,0.7662100904432113,0.6177717688777629,0.8595161707346721,1
0.6131348622292989,0.3449579406291545,0.3752577600053679,0.6986909935732333,-0.05351193968004406,0.21183862154840516,0.2831038263770733,0.4186582289239787,0.3200403446492212,0.19101949497416293,3
0.223052408763602,0.3950167104601657,0.28784372818549514,-0.026894451446678805,0.7835387480546405,0.8963123721936095,0.6834699177340929,0.04755007902404326,0.6709981064333757,0.3505803412808041,3
0.37208042697824784,0.33579757269577526,0.7954592149164768,0.4309137575020055,0.6867561943145127,0.18515124654115056,0.9336977285108223,0.6281548148757167,0.6545146189857223,0.15775440252097553,3
0.6528183812959564,0.6839597993981609,0.12379967523939386,0.7880928602814905,0.17721761609759787,0.8765387439766337,0.13832042935982913,0.38598718725513625,0.06406839552003106,0.2557952665343607,0
0.07065436945155704,0.6694629175075364,0.9044254621912592,0.5857745145910023,0.7036957540679883,0.6473927187919544,0.41878858041644557,0.4626095390617865,0.34667034544320835,0.5352839808962893,1
0.279366367730374,0.16054770125294424,0.5273323873372573,0.2370011733302437,0.03628721683179492,0.6931962229668599,0.24120004858110175,0.35025152005101406,0.8863938799237068,0.2369887124969355,3
-0.18197196750014194,0.6743003713196017,0.9657190570576536,0.8896119768600148,0.5965625403942795,0.6315646563146434,0.5240155480631399,0.7068907613054539,0.21647407079960934,0.2186843901126082,1
0.26060867012436784,0.4840323259375874,0.5131413947261135,0.3050737247688247,0.6114754002076453,0.6413057762859325,0.7915531830640423,0.189956627146313,0.4076933813997048,0.5126279253569259,2
0.8413834890442752,0.9420136939963462,0.2198557803501523,1.0748413407494,0.8730388972647986,0.7125723509331207,0.7133913789112063,0.8242184417339313,0.16671593784241995,-0.11214640141387208,2
0.9863999644858491,0.4562619243105208,0.41073759221996664,0.72055772648867,0.7985172940373317,0.6942088515312147,0.46264961629001733,1.0474022130141214,-0.16249632486548873,-0.015803253490802277,2
0.9262217040625099,0.40839128761308313,-0.06749273877804082,1.0393162188749832,0.0781155751507402,0.15357954421814252,-0.12142574991106736,0.8865250195837937,0.8627001318978748,-0.04163003583550237,3
0.6011260182299731,0.3243734266831339,0.7537862175235732,0.6894551515645402,0.42112076558789524,0.8889568213156984,0.5883646727435166,0.2302120681393789,0.2117682882877882,0.5359888995502418,2
0.7013532888232498,0.4338933211350752,0.6064906929670434,0.7611178717752317,0.560859401825151,0.9279192791305371,0.6237014110038238,0.2850419699047003,0.21254608322107724,0.4561238179204669,2
-0.036262698675843974,0.9038638024023127,0.7649728622019137,0.32368033286577735,0.9802039375221372,0.3180211883965641,0.6637092440642528,0.6431927738520329,0.6272987387052118,0.7585459287966916,1
0.5502844389799361,0.715644335841753,0.7455953273552669,0.8392096208256581,0.7464619484960822,0.5186989046418551,0.15806863631444118,1.0784724876918415,1.1376363477247218,0.7294084030992108,3
0.51951032691721,0.689778254715368,0.37717068988015634,1.0579110138506014,0.09350189277883793,0.27741605124898966,0.7366768942887455,0.3399969255317863,-0.12249483858632443,0.09290908447554905,1
1.2531709721170696,0.8090604920266473,0.2711164205686446,1.0651287484486935,0.4335607029079354,0.7923658224955833,0.4324389731897176,0.8867743048136933,-0.158709923693001,-0.0037711742795236217,2
0.6857455584818231,0.6787710587161423,0.16920097956374586,0.7368124462085021,0.26181105782664793,1.0016544271923127,0.01465462609598786,0.41373701489263137,0.06369229430113148,0.19284062145720188,0
0.2522566460662379,0.34015165521983315,0.3802530017172474,0.17774726013018327,0.5431791067930071,0.7972152896982226,1.02398962316917,0.3873639555544951,0.4514528569208676,0.017530116752981318,3
0.08803059666952112,0.9376784851558264,0.8452411151423789,0.7518047819577487,0.17976356591561465,0.3042652206833068,0.9644385502825744,0.4803650638628664,0.637528697847484,0.04913437926620909,0
0.20441210480179967,1.0872538202073412,0.5747799473878825,0.24945619575750377,0.8013956483670552,0.23564776649198427,0.7170303387047847,0.5949182478071303,0.5763883695837567,0.6540959566547442,1
0.8042290229884397,0.6837521134896867,0.67359521088506,0.3200156285365741,0.4885142539334846,0.3818071544531281,0.49308805130289324,0.8372561849332815,0.7422902141883511,0.8476537984897625,3
0.7036208669296524,0.20641234874295916,0.48769206005448773,0.47504382565679587,0.07276156875593252,0.2828837877350569,0.2184574347349262,0.5462690843901453,0.5299387887784863,0.8133223584281523,3
0.08872659755471501,0.9554230326962581,0.7283474263109616,0.2890103956185595,0.9259855137571728,0.3361157610588773,0.6317669335962753,0.5423609173337505,0.6900054987615734,0.7380385082492049,1
0.4349691246817942,0.6060583537425202,0.0913436844160737,0.446452778931948,0.48774587442822614,0.6058840503426858,1.0021992942795888,0.9125990574883287,0.3578087934399807,0.17873748487295069,3
0.7959778945203991,0.7770684320067823,0.6764713631191299,0.22585526060607797,0.8813621530648423,0.9286596265062996,0.13440097145329094,0.4970420488411346,0.6888203299521755,0.42141439969936534,2
-0.12240899135068772,0.3130695671100351,-0.011024589859831069,0.26762894786868874,1.1602452533860643,0.4570551059772087,0.5178243404161044,0.11003577234723358,0.6882100659665287,0.5756385573635115,3
0.3749659480033992,0.6932559514226162,0.592698622362982,0.6951739411817677,0.8487094811281514,0.5983420726611987,0.2894983786384943,1.1183100281636942,1.0666914618013903,0.7187235529223587,3
0.03562465890723304,0.5663866935402727,0.4926954300060012,0.45420317721007936,1.3665189707169958,0.8762482347554815,0.2852532371197144,0.7475424432679971,1.6652080467425119,0.35836549949049656,3
0.23761599261414823,0.27180720510558837,0.40130598814955026,-0.03814665865825755,0.7066422217607387,0.9053205728911348,0.6202373904941653,0.02983944279521165,0.7703178103772463,0.28339262759206896,3
0.17244138892473587,0.7352492249111314,1.0166065195945215,0.5548775361248907,0.7849168043963048,0.5976383339629796,0.4733912673439276,0.35642696597689494,0.37431193295938664,0.41741427818115073,1
1.2586427105995226,0.7080233398213321,0.3979899891992551,1.1081285453078413,0.7816079730813882,0.9310656356454612,0.49418295451737076,1.1054403284342527,-0.023775353117998922,0.23026455121886197,2
0.09338998739891662,0.9586988880496349,0.793511757461945,0.1885703783584049,1.0185700705726062,0.278632666888802,0.4862571197515281,0.7066734450830979,0.5451511206187275,0.6579201640025572,1
0.2635710323099121,0.14478706809242214,0.6403483884928975,0.10883245159358525,0.08483366555509744,0.70893957092094,0.32269289140915275,0.25725630657797527,0.8671103033052323,0.3138503177032044,3
0.7620802117049659,1.3006370012140658,1.0802922212764856,-0.04904050932952486,0.23875519932255906,0.9215675621869087,0.22746339588145914,0.9132296776920527,-0.19938948700870995,0.9266670628993368,1
0.2429923988122838,0.5289117467549731,0.5729014263573796,0.4642924925477746,0.8476122779039117,0.5289552311106491,0.8201466269617879,1.3079052111204044,1.1187622535297734,1.1493657287785237,3
0.8320454759975966,0.5486683708338291,0.805877598191555,0.4844007138329156,0.5758551011940765,0.017867039051977875,0.7208255341297684,0.34195737657549585,0.10836107487530744,0.11680556421710742,2
0.6742500289527741,0.8134343048360339,0.8818501727842892,1.033751496821688,0.8497464007918174,0.5990031218299131,0.35495107761911193,0.7456199112764381,0.9423713477378421,0.6219481038031374,3
0.9688386638489734,0.5352006946645997,0.43256577919251876,0.6105579080249774,0.4090073254510553,0.7487864975973519,0.33618822071081067,0.29391212616186957,0.8211884568960877,-0.0006517415869800036,3
0.26725662523778976,1.0750831690272884,0.5427719840752036,0.3362473267367324,0.6789045828717648,0.7954593970706232,0.6801304241006124,0.4522620920383119,0.04014722107286761,0.3583293744934506,3
0.3557811193120851,0.9576845162171412,0.4397695947628063,0.773946743413619,0.028419359699689728,0.25126553916492606,0.7614424402181862,0.09722467183792119,0.2371564232737356,0.37803874263241505,1
0.279386102178241,0.9356330756789517,0.6476024868581401,0.45327254906960546,0.7893392627093166,0.6106867506002974,0.6305773714878901,0.5025208339557657,0.1480887563261045,0.33909421867960066,3
0.05189267762896579,0.776765400528453,0.8450120909224667,0.21991146106595724,0.9852632229471706,0.5351537814153435,0.6831329045618467,0.46083698095059344,0.7191094406562585,0.5086759613459862,2
-0.26018040283094096,0.7668520548012082,1.3430595546036248,0.7747036084704393,0.22503681105574866,-0.32330347208197063,0.8290498612811903,1.2562670693285458,0.6544218129250047,-0.5442194951475325,0
0.6835127850343119,-0.005406882927025652,0.4182311829386837,0.29068224388474573,0.3745142622550511,0.3620545647424465,0.3867548722699428,0.9103700456769287,0.2582189083259044,0.7318552833859617,2
0.9649229221198733,0.49685373554249046,-0.04069044356437318,1.0060507939165166,0.09261982324844423,0.15326831149320835,0.054900901906982935,0.9060588423010388,0.7489315974529607,0.014447511636847356,3
0.4327627482066953,0.5230752950219052,0.13756350074234117,0.6049829660802895,0.474267031440097,0.615996659137002,0.9463644162825875,0.8057990699032358,0.3686593570756384,0.26629243982878376,3
0.061627695215695576,0.9007046861346603,0.8634066128640507,0.7945492930839969,0.15992600420128414,0.23886064707958748,0.9792234754809714,0.5386073662557539,0.7013246616815321,0.04240083521390485,0
0.12607524043030324,0.8712949509053459,0.7480285449914033,0.5768154043983156,0.6635106321292,0.7885223526162009,0.5837597186004649,0.6646686419246102,0.16102424662295076,0.31559933671935997,3
0.7548694100626451,-0.11801245909608776,0.35068412990131914,0.3561243303925873,0.37997842315765556,0.7447739012202719,0.43035910590503423,1.1374530313163271,0.37683689879019644,0.3080989949454505,2
0.3421418077853919,0.9105939646150459,0.6611674275405225,0.8043482040904074,0.4142665775065127,0.32890528899492577,0.875512227217699,0.08879502543570794,0.3746669901080657,0.7690115387122466,1
0.7851077815356731,0.951662169554521,0.3978771502821666,0.4665384126881615,1.0504473395605523,0.7491873643531757,-0.09105731324026153,0.7619202090884565,0.605891848726323,0.31733353925892493,2
0.35664224717111687,0.53151337581992,0.3269774376657536,0.4966417547630527,0.45480139412534665,0.9684885900849414,0.05257734048204145,0.4079299688185441,0.397352483129729,0.0924479730363843,0
0.2536045180283469,0.9348712983501769,0.6948669971724406,0.4679969455919219,0.7981166684457571,0.6648276498465221,0.6132518136093361,0.483113197366282,0.18796022644902613,0.31619989352887373,3
0.07691351395508358,0.9877885663276325,0.6664085903180667,0.29422693450038795,1.001731400338387,0.3750490683002451,0.6671262512468588,0.6683800388098552,0.666368159855539,0.7427542366724544,1
0.3603016723801687,0.9525838323186032,0.9126366287542947,0.6725943937919915,0.7981855347141044,0.1561143155774955,0.9409467068426032,0.8401171227142136,0.544152582011849,0.04138906152371487,2
1.0057820101135024,0.5918132221956606,0.30740251641906713,1.0938713849558812,0.6570601810058099,0.7063333481134798,0.34444085624655457,1.1029871903761572,0.0886153961560451,0.014205622991548643,2
0.5371351889033329,0.37951383673786265,0.5704294632112027,0.38466998606632385,-0.16417115345455147,0.3737150516143405,0.07549226276457344,0.6304088166476496,0.6455143080811311,0.6780137031414544,3
0.05553785930057187,0.7758942022849211,0.8452662991749782,0.22120778890552006,0.9864752462754178,0.534006479682824,0.6832430816880584,0.4633593704994939,0.7181920030219067,0.5101633744414468,2
0.7355377710398153,0.8487609887115876,0.46775970783307136,0.6875316996722445,0.560474236985629,0.6627511495298268,0.25889226091649764,1.2117426270759095,1.1553302253762499,0.9199355646079339,3
0.0966176002622081,0.711579285606589,0.8779595916345749,0.564448381913585,0.6626430304749019,0.5956082564502442,0.4766112068219927,0.45073775536907734,0.2943363471604379,0.4986053857020245,1
0.42461596787141503,1.0574822534431139,-0.24345286885081685,1.7177651018910165,1.8322444204824575,-0.7019788342836598,0.8870696422705964,0.7257947119803956,0.3569656027030973,1.2852287399734263,1
0.13215338519152853,0.10228216886006535,0.38330898095742405,0.720910997554224,0.08703984528027817,0.39183946021816274,0.5301578603374402,0.8418882462213836,0.4155730157289245,0.4528459943697835,0
0.8030649395804657,0.873953738737797,0.5864401628868354,0.5479631594328059,0.346145488541346,0.20524912508991683,0.040129528330936776,0.31083741780629937,0.50155292680963,0.8218351893497113,1
0.31597764536728584,0.43748420318461717,0.470863062161472,0.25108465956124415,0.5855655940849371,0.7117361748264508,0.8108077675280231,0.24461874962338462,0.432188041719926,0.5020612054431375,2
0.6509870865517766,0.7398157277313483,0.7956020272756723,0.4339176254029066,0.8302798367637174,1.188332400359213,0.2642139849308126,0.23056059171832383,0.6528418205067413,0.5645449103059355,2
0.8363606255018402,0.4635406652298521,0.7657234796312119,0.5215795672733492,0.6792334227364588,0.12144457659945956,0.7026581419919053,0.41901437409287984,0.06649384942750441,0.06527442378698378,2
0.15870566690873245,0.2058847234203523,0.33698387159093174,0.633482315616368,0.7264747708992625,0.11864570074274006,0.3963155929304465,0.686825801146738,0.6003059792679221,0.5142969325430052,2
0.30805896832434676,1.037684723278201,0.6401099334875232,0.5147317598405361,0.7545843978767263,0.725781962698709,0.5131980037079834,0.47039605873869583,0.12637861102823214,0.3622435866586142,3
1.0663693721284038,0.8728498864257257,0.2869335779887707,0.09439000072178155,0.8454431485179859,0.7063573857704357,0.19651207716707234,0.08879891268487367,0.705242872922787,0.36563917876431296,2
0.10550213538003828,0.5774771177915343,0.8635640590987104,0.6277972599380399,0.7331958292914953,0.4011544311020474,1.1093319158305488,0.36646511021341094,0.12650365408444786,0.5904279714161589,1
0.4685306202667434,0.5660982223522911,0.21807706647770747,0.6197695773649469,0.5326135888810484,0.7158073683312641,1.0158121188768234,0.833764074795418,0.4636276265285856,0.21541243764844,3
0.8215117874338543,1.139356020515397,0.874262662866685,1.3322674980066633,1.077493920669339,1.0696593480009051,-0.6041094796236754,1.387747825512625,0.7152427273907462,0.3852339368005341,3
0.6105020822404257,0.6926065136543427,0.13785301150479995,0.7302468964125208,0.1915317618330504,0.8595649546335148,0.0738514142286824,0.3574367258315823,0.05090018985143317,0.28199301572646474,0
0.7455675532142506,0.3998387383697762,0.6569270900564236,0.5190968476419182,0.6319038437234696,0.015575150216814583,0.607268500106559,0.4432411770766921,0.08798073809632187,0.16047011232356065,2
0.07520140663495681,0.8559647348535688,0.6836707945759051,0.8549380957291556,0.3299581688299742,0.383077781824206,1.124531587913976,0.387600150446595,0.6776094722340147,0.05066321982571932,0
0.29110392285910214,0.31798688557335514,1.002454535547683,0.9153790001211146,0.7520563619966647,0.6581942525918831,0.2808893151242121,0.0883755665811713,-0.04158520190840742,0.7954901176961235,1
0.3413011768269976,0.21595408654318066,0.7665069161962255,0.4167638580667189,-0.43743402235214246,0.9019201786516892,0.29596434543422645,0.9296373667842028,0.4362516226851356,0.4645742872913269,3
0.46372361975632703,0.9462366043107234,-0.08430808526991163,0.3835857016829667,-0.025251729765141923,1.0526744386236064,-0.11630490799991183,0.43125219514228735,0.3641064324572109,0.08025935247523613,0
1.1407447960234962,0.9636716481459218,0.8748538447599887,0.6418706176507967,0.3359976240140419,0.4141241186998229,0.206009587717729,0.3220522168159882,0.7340903202676947,0.6785721449151693,1
0.054157727026535755,0.7748205646433707,0.8475120107784222,0.21815008316818943,0.9867239974698647,0.5302832213219353,0.6858631977664865,0.45977016645163765,0.7172216317930059,0.5060697480512449,2
0.2243572814425991,0.486611177185548,0.5447794291084702,0.8839037828010425,0.8698818096262027,0.6236144740448173,-0.05094167460381041,1.0411934899530533,1.2892462920018763,1.151060946754706,3
0.6659216327201622,0.5276356302722374,0.4782205969676752,1.1219115796580692,0.5726685283556898,0.5509007120898954,0.03414706369180118,1.0795470755849506,0.7404579652649764,0.7416661543577332,3
0.8256829028416448,0.8296184538306888,0.2946987822535282,0.5987346348540163,1.276300492177921,0.08652181287376154,0.10771479500624732,1.1357057872659473,1.2234797933012818,1.4385692290104182,3
0.28732786781042313,0.605430688640224,1.2302546748883574,0.38677437880636534,0.12657728024214326,0.2620319188510688,0.8406597716931594,-0.01829734684641804,1.1675238352992967,0.08859412007847886,3
0.13774010620155305,0.10895496039413372,0.4009566369094519,0.7547083296377742,0.06917661026494316,0.41459454976264104,0.534145767970729,0.8140440972192474,0.38106323638248013,0.4697055464001668,0
0.1342153678008521,0.1063705490291774,0.3842989934951821,0.7306695267449256,0.08878904635578917,0.3862621491038379,0.5372818117154885,0.8378411659504748,0.42289213044258195,0.4541205152242801,0
0.7620070880115664,0.843972051076603,0.6448370288260372,0.27733497202725227,0.9079068152331896,0.9883865087972812,0.1362271021187692,0.43036209770644535,0.6952411429495146,0.43267086793818027,2
0.2706183117212504,0.9162495380627417,0.742648532692166,0.5037147917271367,0.7292640896926031,0.6078126084668399,0.5611954160781032,0.507838126498079,0.12179850653174942,0.40146063080512406,3
0.5285715176587822,1.134905805060228,0.7411655069500106,1.043913771347425,0.679071168690357,0.09264968971620294,0.7076655348184409,1.32667946301203,0.6855703539884197,1.2369996698889767,1
0.9758114039361293,1.0105874828301173,0.7779269442408854,1.3995929347331426,0.9704659189451728,0.6506881859875817,0.6732950059080115,1.2665717989392005,0.809102706987644,1.3536333419883881,3
0.3823011390974972,-0.031133714114820465,-0.013416384751857413,-0.28488266524398287,0.48344228904777464,0.5395119234161607,0.9600936054332165,0.052523239820026255,0.714133970939033,-0.014983960783352401,3
0.5701747655522205,0.7330069875392257,0.8208311428982678,0.8828500374892448,0.8841098756085559,0.4640950026571328,0.110523409598571,0.9774052773490689,1.0514826926607546,0.8324980432205679,3
-0.3531711709868047,0.2035568671907272,0.9470625595958152,0.35908823712282667,0.2740884959360975,-0.0144243668716455,0.4751279966078986,0.3875811614737491,0.3605640357464478,0.5005322768061842,3
0.2245513081445426,0.7643061700900148,1.355881071008878,0.8249936345278559,1.373215661131471,0.35432409802669074,1.4312937440841287,0.8459657851533443,0.8913879837101222,1.1231905729639124,3
0.5213470239147002,0.21772597224957724,1.0232199979330903,0.27035297963120936,-0.026167513248009006,-0.03359205159448557,0.6714103257657067,0.5004762238896499,0.6990817513726763,0.17447504419864365,3
0.10566114313407249,0.39322612016363645,0.019849702189091354,0.042534112034105176,0.4798532888699589,0.08938221113187521,0.13990253908644346,0.3752244593109654,0.9126939714421375,0.264999769518025,2
0.42184968987647364,0.5643157261677979,0.3912816495707699,0.1467790756476749,0.04793165748221734,0.6431832267772584,0.025942451351791847,0.6303568693793841,0.9356968046426533,0.15486645822314332,3
1.0013349749302516,0.5502486064588885,0.1226259282030063,1.189240351487659,0.2004074454795142,0.034373198086751336,-0.26335770715520085,0.9670892828111048,1.0490892161536194,0.27376245770990676,3
0.6763252178232171,0.8391399543936636,0.5977712967018213,0.3887943036648445,0.7821465877625182,1.073474400143041,0.1231548618402082,0.3605700019472007,0.8011578301378833,0.4505166691476166,2
0.30360270331147465,0.9158499753305911,0.6754767591422981,0.5116095495115839,0.8094384638026986,0.6808122631786473,0.6415242140474454,0.5037140911000918,0.18459702942865308,0.3677807451626747,3
0.47183134438114005,0.7930502013047193,0.15960836227607525,0.39350484607761227,0.0570685256388209,0.906111434667671,0.5274847030243249,0.45122682113398666,0.17416250161562896,0.9436136372257291,1
0.7274005005766092,0.43357077286974893,0.6011623672794587,0.7532121554587752,0.583731259810538,0.9168243206898586,0.6146500439053298,0.3054649799516057,0.1930148766690495,0.4956045384483871,2
0.2397161811175899,0.34072237104415226,0.009307822414076225,0.7465760963242648,0.49411594557485805,0.16412184261909948,0.14813139608137588,0.9934488679865244,0.20555545924257554,0.4166581067184052,2
0.35841465904066233,0.8493566284433544,0.35066821404967735,0.8681446426706859,0.13520237153286094,0.2578185520580907,0.5002625897982749,0.26023425497362357,0.23878729800974252,0.21837495734118315,1
0.4614038216782628,0.5463333124212304,0.3948291194771783,0.14044167663151516,0.002885131106426332,0.632900322842141,0.0003387174376353712,0.6067521819631858,0.9531078801845487,0.17581029982529628,3
0.701103627816675,0.057118966163874456,0.9179116169410946,0.2843758134037231,1.0780770023803927,0.5417415552884649,0.38323919326090233,0.11727384680629209,-0.1460614655000188,0.42394809868460687,3
0.13778483748728795,0.6778942743602138,0.5945518864611494,0.8926627862508477,0.432321081589192,0.1627946072264082,0.5965138838963557,0.16739289149322825,0.6716855891903253,0.8764351699061079,1
0.5603170547660169,-0.014233108242854203,0.6142684563104847,0.20714479435929906,0.25716302920775025,0.05629250629722721,0.20542870316439898,0.3920339783662674,0.469485051068873,1.035404946101863,3
0.2653736546621444,0.9503398108557619,0.6688401931791776,0.47405953999734696,0.7799328818663287,0.6285311677817982,0.6061055862734991,0.5174260201838398,0.17344776799999992,0.3439495463595161,3
0.7382332239035126,0.7384463107593426,0.08087667514748362,0.2332039843387635,0.023885334954969827,0.5916959143723989,0.3471315622838731,0.749423755933992,0.32625161361791144,0.3944738345441003,0
0.05714978991232583,0.7805343841208324,0.8455160977021678,0.21153611160789904,0.9822332809772686,0.5285992507546912,0.6807158404977321,0.4572403368989053,0.7207738443772969,0.5079036392778233,2
0.4201236870603839,0.5230874346778396,-0.04334566926315575,0.6626730452788918,0.47702403198022475,0.07131213230691344,0.13992220352687929,0.6487065185675752,0.22414722022802971,0.5415012122887414,2
0.40051298437676436,0.05971462813128231,0.6649698123114635,0.18323716701990236,-0.012177435633909994,0.5643297208968953,0.421311468884428,0.326683321024742,0.8639167590643821,0.1629900116175191,3
1.0310420277101784,0.4610131438402086,0.07816064254918578,1.017431881944448,0.054560137444173006,0.038341064136722655,0.10120054770324055,0.866346424755556,0.7876078529132967,0.03562846364966958,3
0.34000011037626254,0.8168642014276681,0.451497174157023,0.8536304295746726,0.016254965307531642,0.29324040021447495,0.5523680402407642,0.25688691308547085,0.20584601756173362,0.18140784554300723,1
0.09295307785045204,0.6653638213989029,0.9279112506203169,0.6178708786995702,0.7148039137517318,0.6325372521448023,0.4303597446878703,0.4556164802849515,0.3346531551375498,0.49661113028855136,1
0.46261812795886437,0.9647579072721337,0.3726741798670575,0.7729951207178899,0.1657855708476455,0.37076157495887885,0.7622880424161929,0.23437615977716528,0.06265221862514633,0.13970811423949137,1
0.43989656440974834,0.5304510518950256,1.110335251600641,0.13293099203160666,0.6393423742213548,0.586120027390652,0.7547714426452634,1.0539954752672487,0.6977964347755964,0.7715603610295181,1
0.8163745239395387,0.606046190997537,0.6515274936257474,0.5352451338210084,0.14598189467783296,0.4357067392308105,0.25964631423041795,0.4897740821483624,0.43568957698443833,0.34406165076020434,3
0.017063971253322027,1.0180217062912267,0.630015772543483,0.3054870950910229,1.0105401731572616,0.32591024326310425,0.5345239112487414,0.5152096079400027,0.7453380609769604,0.7044044574529494,1
0.43513989264638736,0.747032054610309,0.3956050805074205,-0.38897668183940587,1.166443376395168,1.2286347436870146,1.0251084745987944,0.2416167827178239,1.0123827904862703,0.05339407558153986,3
0.954553895235238,0.8033337625209901,0.5044209774373825,0.38569469232747255,0.2139306790742481,0.42355089500241216,0.08735192407941858,0.15275831863885908,0.21742485079182025,0.8924928943776067,1
0.5592658498235417,0.2599073704692382,-0.018307953965403162,0.4769967498786819,0.33142012226390444,0.2058972791607585,-0.0346759127088353,0.8756833525829625,0.05190413578157444,0.7217577277277551,2
-0.15802405726757607,0.8539810936483884,0.7906239921489063,0.9115600121685508,0.38462498089519237,0.4864440055821566,0.7558195770104469,0.4540496637299806,0.9130441088186754,-0.03806729431805199,0
-0.3510526306880728,0.870342153001388,1.308749907141653,0.70569974851664,-0.10022096001243652,0.3026249663120197,1.4818523099135024,0.7765269241732915,0.8774094376743298,0.40253287983016384,0
0.6561989561935808,1.1626701114184808,0.011024014105313826,-0.1326874885600422,0.35618102037804644,0.35687240613227716,0.2378973465559419,0.8661496876959909,-0.3582716039590738,1.403633599170216,2
0.2905383946336529,0.057626848846391486,0.5167831763636067,0.8183038547862052,1.0414803175544827,0.153728892341566,0.8594214045128068,-0.3069220898883703,0.5502777134596184,-0.0766393098272049,3
0.5816950717479377,0.4321348755803683,0.3510500079151233,0.3821192947648398,0.1877369111965888,0.8733130455754929,0.08179577518766193,0.6671834694578134,0.8378581459231701,0.24037876875952569,2
0.30340829727385404,0.45045309102153214,0.4344389106607159,0.2710183219103721,0.5810498133029214,0.7247198204608263,0.7862848080804445,0.2212349198729589,0.44345392478937035,0.521586978394503,2
0.15585819046673377,0.7058015611322556,0.9671385086929348,0.01727470055803515,0.16144473043168178,-0.30448696934550135,0.8608647856329067,0.1955381209837733,1.2258098596400973,0.12232913757467631,3
0.05625727639380455,0.774152397077668,0.8468217207641665,0.2185564388270663,0.9869302553683299,0.5313916953632695,0.6854946056059394,0.46197534359768017,0.7163670631566542,0.5071751590960658,2
0.878507652280717,1.051553768069957,0.4823039204735839,-0.15951130556109033,1.0628082412979065,0.18132262426997123,0.6497841155424424,0.29514002391661276,0.6795266698346947,-0.10848504373699958,0
0.10244088643709263,0.8249605397975519,0.529765664729889,0.4350180471470593,1.0688824169333835,0.22945133152641498,0.7412679537890197,0.6302612822882332,0.6929306609589209,0.7491656012856274,1
0.43382903965698966,0.560791969881993,0.42397049873156384,0.08559136877149516,0.04436796134512474,0.6084815277179972,0.10481473824502258,0.6969837011675815,0.9984198479177774,0.1049358992326104,3
0.23749989941372202,0.3502051221853534,0.2801288090205092,0.02020791169869413,0.752236479733007,0.8858519838421512,0.6835267437988944,0.023925300519886623,0.6654909059223032,0.3671003064469299,3
0.2672101304935851,0.9777745530876778,0.6810251539844746,0.4465900806610235,0.7091898249740867,0.5990947657956184,0.6552040219078605,0.44170431252240466,0.155485685883725,0.3883750319014942,3
0.3446659767152613,0.8183412732666238,0.6503656981995303,0.9070635426441721,0.403638580388513,0.29035394421905153,0.7564455691238242,-0.0021349174379162728,0.2776505297340476,0.7213449968130516,1
0.7506771016077118,0.5363083938297211,0.707989546783046,0.2676689457352506,-0.45090468280538165,-0.31132230876617917,0.839695630725477,0.15549846243198678,1.14094197399011,0.4382597756250693,3
0.5146274987894847,0.8718610870566957,0.5440708759700974,0.9413258314918593,0.9470022606484702,0.5085130642271721,-0.0018682345662908995,0.9797713333918328,1.160567700632468,0.9875480445536018,3
0.45046654257824975,0.1871192925558323,0.24742067226562858,0.13084793524960672,0.3526791456117444,0.8967939172258084,0.9318406471318466,0.2825222275246741,0.42487973788305217,0.0629560074452953,3
0.06093769641325607,0.9264158611635632,0.7082376487576686,0.30306162424746996,0.9542629634197936,0.41116080385220627,0.6163210619325452,0.5925489432370583,0.667674076681303,0.7421635034312741,1
1.0295180943561473,0.6217863584033594,0.2250794229969268,0.9486189935055882,0.6148086607107098,0.7167167356333897,0.5152564392011152,0.9982007271523436,0.055490257641758196,0.023991970493725867,2
0.933581797996447,0.06865331256318809,-0.01412151424753336,0.6873209652056695,0.9846031191010848,0.13536453465970927,0.629439863765749,0.7124707734783933,0.69866936699194,0.6880438435266402,1
0.9883229829163698,0.658005371048037,0.2163473208110983,0.9255927070396996,0.5973597997439362,0.8001590876837176,0.3894979458241888,0.996821522509908,-0.04773793352321554,-0.07619820454998812,2
0.7275452589647247,0.5102271637550201,0.4928954556418659,0.700704555808765,0.42041654572958487,1.0259841096769542,0.5070279382081164,0.4344863947075949,0.1590821356911877,0.48413013257098103,2
0.44829243259345464,0.16241990016598937,0.2665525500408148,0.6054687864341468,0.07151680466934834,0.24276597250701226,0.7524443166720164,0.7732451390100481,0.43128282487547104,0.8983636427601758,2
0.05061852685687738,0.7786742222917236,0.8367477048488398,0.20851363424091895,0.988506445323279,0.5218768832500467,0.6962490863093681,0.4702881769185067,0.7262889812170612,0.5166040530632574,2
0.09565290075786428,1.022505078647124,0.714204946255012,0.32756615414773954,0.941973563012154,0.45563508154303495,0.59982809490131,0.523010085311891,0.6917486508602205,0.6828913030024696,1
0.3946399583290247,0.47395420063291194,0.3808363637578084,0.18207837742853591,0.5206037969828408,0.7253152203033486,0.9373804902209221,0.3344800203801649,0.4198259009974019,0.5971221584696325,2
0.12009940725606962,0.13066875711397216,0.2008140199001114,0.2589695084468892,0.2800040889525213,0.8595282279224264,0.3028659596382945,0.3065778950511232,0.647137902767461,0.5853817548517379,1
0.7887386020409872,0.4717312368124168,0.7312521749335572,0.5185505969905848,0.6248681049793486,0.07622150498010286,0.6623283998193907,0.4304266258101205,0.06941598447881892,0.06776756169202844,2
1.1073792770891866,0.9555658512674892,0.439538871595302,0.17095107496400924,0.1134330060962096,0.32410374311493806,0.546706516662014,0.9211396158256386,1.0315698385670653,0.5057057583304034,3
-0.025456224881987566,0.7637184649352577,0.7706941563374428,0.5836847571637835,0.5728498153773987,0.6769149973876688,0.5601601491720815,0.40493089308718744,0.36902166425428146,0.3254045434091004,1
0.9478461042604039,1.2909440503458023,0.7507792281983647,0.004215498264152018,0.5335454538158693,1.065914348145549,0.32404437583906326,0.3797551110016708,0.5717307938630845,0.7083384554951633,3
0.38659316182788367,0.8664349107488751,0.46119427156255355,0.7933752406847666,-0.0018846839348000029,0.25575762897562576,0.5804096866977745,0.25055536619263824,0.15392855651196863,0.2318857310212362,1
0.948891334406745,0.4955941908316933,0.12335040157813933,1.0547381828823632,0.016616151210631713,0.2170714633607825,0.12354958874708569,0.9482762671874423,0.7143101879958207,-0.06814788448772006,3
0.20137770379918027,0.3575342174571007,0.04198003416279192,0.08631621852563931,0.3823155015537791,0.03416637454696546,0.1752235317046625,0.445488778972767,0.9352886520482018,0.21995833284745234,2
0.7843054341977057,0.48179942640609214,-0.010687794894150199,0.9985673847187951,0.38355249454230356,0.9299823409161321,0.7634324541444382,1.199198452815991,-0.20797637971441119,-0.20257281707414448,2
0.19334619122844532,0.08876649169672422,0.5599001797920792,0.9397909072767247,0.9289485422418591,0.41919080947183435,0.546075736940009,0.051448627157299844,0.35774013135999266,0.286114278998289,3
0.7892374625948995,0.4220111066490093,0.784270861265741,0.43451845642762876,0.5973659110181246,0.04680212134960833,0.5931232226841129,0.44318614876319806,0.11954442117892874,0.13537628126722212,2
0.906717078468844,0.7264583017778656,0.5257245381214327,0.4680603729936571,0.2814756823887951,0.2669003417459988,0.2326604907282672,0.12655339346081507,0.37661841862746637,0.8758427276680792,1
0.14730572000538072,0.41278012661180885,0.0688652675529493,0.600347176269011,0.695624630564297,0.3857433436827209,-0.09999690663737265,0.46781989134376456,0.343716461686646,-0.21794059060294613,0
0.5534359566265202,0.6314247290437796,0.28283075787504364,0.5933171624204316,0.06181236425778697,1.0408766136665653,0.0159398936296907,0.17882315197438367,0.23926246132249931,0.2893973014490205,0
0.5748583986121848,0.9175639277379316,0.23966779833582147,0.5271250080555926,1.0316430839007764,0.5097101367972878,0.9454428514017403,0.04542366918841639,0.8535490127182656,0.8742267867750324,1
0.9231498841714674,0.9522117527565374,0.8879666257762817,0.1863613664694589,0.6238730929651216,0.6598332704234791,0.44091033036974553,0.7572326785183066,0.43771294547948764,0.45345496613055863,2
0.5973753272862063,0.9349697201256173,0.6200824195798256,0.7834642382669283,1.0295289706842745,0.8799503257796568,1.1263654180473592,1.2887400019688613,0.7841150504867571,0.4427845451843924,2
0.883592799508344,0.4830901593637669,0.3019723932411846,0.008934837531418577,0.1452478929324078,0.435631847607585,-0.011329701418627713,0.941769097350896,0.4729485394348669,0.7482100283060035,0
2.1183450657981258,0.8001129704342558,0.2444120393149123,0.6382026528793059,0.22163908245015868,1.62319099319018,0.6796589018259008,0.937714291781984,0.4200002081107745,0.6988846921928862,0
0.2998555362754434,1.000545772785924,0.6449779420552447,0.6818387959679706,0.529252807312082,0.14500375115106712,0.9869991222076027,0.12255251751704813,0.298616955796063,0.6427448046487925,1
0.9692619014001338,0.6779966823801342,0.6872264066990859,0.23892027386419373,0.4357277416395084,0.4594538452313919,0.41329937969689207,0.9531374861360137,0.6804047195174506,0.8399899481245854,3
0.5929023081581726,0.415491559318242,0.45829088874025353,0.5361431582038628,0.1715902927800081,0.24870564665873024,0.09462257804178592,0.7337466211026608,0.5268642948531819,0.5168435770557295,3
0.7648412210019633,0.8415237316172408,0.6396147714717453,0.282125948947277,0.9204428574774379,0.9910346143767792,0.14150704395147437,0.42856254842446073,0.7053050864796147,0.4527146437526966,2
0.8472230440090324,0.6327100633694208,0.18825061548838487,0.1434003332892661,0.03287637833775921,0.5401714389002354,0.3340560090846922,0.6919467907995663,0.3984817743269811,0.35165104990529733,0
0.36797330093418645,0.1053778239742645,0.582744589257159,0.13147325102224147,0.13640950878708333,0.7055870524101983,0.28378836686942616,0.2827484344348239,0.8834198860163359,0.24551948423495085,3
0.5722358538771971,0.19972556130703445,0.7101690218168661,0.5330402920933346,0.0034534801782491187,-0.13599687741324254,0.6923508450859555,0.40588722729172033,0.8989823568951412,0.5757507778788968,3
0.574460523950472,0.5684694660878523,0.17681222985483133,0.7816339769993512,0.2853831551372735,0.9445824838428912,0.09274982440422952,0.3911038350243605,-0.04091163852386939,0.34189338729033375,0
0.3927121067469288,0.14395376137814964,0.48792295056818547,0.2798190963964389,0.21725732623467733,0.7917000421090358,0.7980354033920982,0.1510893760302294,0.3770940475118613,-0.16579002127414177,3
0.105567038008348,0.7049596797827873,0.9401249294968409,0.6145896058267031,0.674225975936584,0.6554357490169919,0.404665528294783,0.4825568912527336,0.37659207802069894,0.4700938779621774,1
0.525938709995144,0.1953619863712026,0.8812584178531427,0.6466735097182618,0.09067695209703384,0.11142654850585304,0.41100648375586635,0.14895101949686923,0.32083316571737636,0.6502530736466725,3
0.8772192467484542,0.7580546407603975,0.49846744024530426,0.4450950350440402,0.2786818696323751,0.23796723487161092,0.2710070397878963,0.11042386887907174,0.3606928731512133,0.8922664490669683,1
0.2919748921704957,0.3762694519252018,0.4363147637934215,0.2798692561786441,0.17816245704566894,0.7130553999947571,0.8145710151779154,0.4057183217919136,0.3828424518437338,0.06810018923328823,3
0.2729926043589991,-0.20276663417106044,0.4361022422257572,0.3326995944549907,0.05859475460646535,0.6785120106810386,0.5840357771392907,0.566163517715126,-0.04312889423564764,0.7138033050111379,2
0.17647604084508964,1.0449229717437665,0.5894236970424653,0.6006287767506868,0.3974170266246725,0.22307205954555437,0.7839870121447713,-0.06950355502219249,0.3654827954813816,0.8754008442342428,1
0.6329503173656826,0.14510681421118896,0.3643927455418736,0.2565490400339975,0.4693999661806515,0.4757583342362062,0.33392522623899096,0.7190274110057769,0.28495434152931504,0.59667734230552,2
-0.04131037432368384,0.43285975183731146,0.34126681305401774,-0.394555213485097,1.1019447158719657,1.0689111167297993,0.404886288584471,0.40188300245171577,0.7269633305529227,0.5824895583412455,3
0.9752855809604057,0.3419313861789963,0.1914095204195641,0.35741679953496425,0.14176356259278122,0.22185771493896267,0.43088134219225566,0.8332829495831722,0.6362335214366486,1.0161356106233943,3
-0.3054976029281199,0.6121030642695625,1.2262621161784566,1.1311709641266168,0.4550196059560775,0.4799492704914846,0.6214990642705063,0.1924627560324853,0.27656266169491583,-0.29298598578665674,0
0.1533233224706418,0.10351797790130834,0.38015044200010667,0.7175589143255299,0.10919408019614994,0.4106736367464047,0.5591481503023256,0.8288176356128725,0.38548621208485223,0.424135706369563,0
0.5416590414386306,0.11734591298037864,0.48581091677124943,0.3170397163243702,0.42333698927678304,0.46567929400209235,0.3997433944980557,0.8262541174495462,0.2914365540790509,0.6110557900311725,2
1.004156891150113,0.7227008679099469,0.7096621985224271,0.2908436607310686,0.4080035016356682,0.5252793650221451,0.45660812076560287,1.0001142212567038,0.6211239946545837,0.8150638923498238,3
0.8906941278858455,0.3397168074702868,-0.09840700516840206,1.1860185708797126,1.0925484667119525,-0.06858716845507182,0.6353350702789371,-0.2300083509119274,0.46440194753761205,0.717885670055654,1
0.18931243303505954,0.2328758324470548,0.34022748534447966,-0.05737177936294002,0.7626581796188951,1.069726292440831,0.6435846630973976,0.026268846288109503,0.47371282011971194,0.4899237255624763,3
0.9979507590012621,0.839488803021226,-0.057745354492878265,0.39137809664221523,-0.17274748827562653,0.34814675748871426,0.43565777229301844,0.6422312202907797,0.09359061543757452,0.021699930467909356,0
0.48488709498788773,0.9101159639850855,0.983121330802243,0.5300010673504391,0.6228175384701324,0.05555661366780129,0.8525379133555119,0.9082049094209674,0.5370326053569022,0.21370091814001854,2
0.2736766605067579,0.6035670766350603,1.1193593651184306,0.6403594175152317,0.6732317806725554,0.796592888407788,0.2529349038875089,0.5862073303027504,0.22629743833998728,0.6488206788093324,1
1.3491549250360189,0.5652655130074958,0.6244858634123256,1.2876791210088994,1.1353612545007672,0.5216110822533435,0.12445061323615414,1.3451576264175953,-0.4329708175646746,0.18081748703042214,2
0.3626488248897503,0.8600582974839035,0.47216812147847104,0.8647131561994443,0.026194891991480784,0.29836347347649667,0.6375451192327676,0.20414440554378127,0.13153490849913343,0.20424676259451394,1
0.3638059406612657,0.4720865600199475,0.04568606807990126,0.5475049720791478,0.37484648551151,0.11096749909617122,0.06889301136144432,0.7732051021440786,0.05276130472596498,0.6666080719619034,2
0.16678935276413615,0.568640805362844,0.9203347447369145,0.7194020626532514,0.8038041571457999,0.5877820265845934,0.4033468398893887,0.32998026091217747,0.373532127353941,0.42600693338743595,1
0.5145338295716896,0.028439570921037383,0.47099195515047676,0.235409356522986,-0.09194205308261308,0.862609311703337,0.36338624304460243,0.40819107924401754,0.6538415030109769,0.3973152835422331,3
0.3888969893884802,0.8538749743533663,0.48224164710322626,0.8083220224611581,-0.024790652969782105,0.2869660174664612,0.5946608531626002,0.30151108501099255,0.19554707930196144,0.2134004509803647,1
0.5148591800922452,0.5511826256189813,0.1460384803673138,0.5092654414676961,0.5104982020406911,0.7276242583195811,0.9485279451526591,0.8940139872409074,0.3827348149850455,0.24021916307312585,3
0.27252379356284623,0.26966402553848695,0.32543600780524073,0.005491216199724112,0.7665317755870751,0.7936109874551814,0.6642195341046154,0.09919521062116637,0.7633094298632995,0.25897400040569396,3
0.6952073195613768,0.8241178357921819,0.67834578265235,-0.23601537712778997,-0.1561187388305012,0.1283612473366216,0.015807410579989245,0.9391704568341098,1.063688891062859,0.7335431116870919,1
0.3648835887664519,0.9805373874894564,0.6218301852582545,0.7514243829128204,0.40318831878345507,0.20424916923521663,0.8264465246147874,0.059814042619390065,0.44738529879321265,0.6931418178124149,1
1.0100683279293576,0.5259257889860758,0.054182506274970454,0.966940086463095,0.06617878316238975,0.19416248760016652,-0.06670811322181705,0.8098886002771731,0.8212292319366263,0.06150202200713054,3
0.6688024284222174,0.7211054512895098,0.7356127813645182,0.21177893097253056,0.9046871295755141,1.028925789276645,0.01828227558962689,0.4807742496122878,0.5919494766925499,0.36441945304305845,2
0.4111793529672372,0.7523424360778252,0.11232152400942189,-0.03705293384496047,1.0951743525851416,0.7267308497808755,0.7400927681007702,0.13195690792438688,0.3838611216670582,-0.1499762801027894,3
0.8367703105327932,0.6988055994546291,-0.3282052300816778,-0.0201666822643633,0.6492112885040999,0.5126295696786168,0.7135731345824438,-0.4119189563095007,-0.1593643220994591,1.456225193084196,2
0.43091537484169035,0.36495732415367993,0.3060352406770893,0.8665130521487752,1.2003548430457143,0.6272291471056628,0.4004184772706809,0.015609598757524983,0.5981541187708264,0.5416768067587882,3
0.3571987251657321,1.4130123367044463,1.2295320391161702,1.0558540227459456,0.8054500055217971,-0.30760297056646857,1.771151681283106,1.0063204781397979,0.6798149749852782,-0.1505546545420571,0
0.0555779382639737,0.7732891550596266,0.8467781738293751,0.21925310599744607,0.986966599064998,0.5301945007366553,0.6855761455681781,0.46157760875310033,0.7171778357735638,0.5064014857327782,2
0.2679744461997208,0.9139389585713931,0.6769028336776047,0.4242984641385682,0.7887974597993066,0.660223922959635,0.6126403779991096,0.48644333941584605,0.1394465254469592,0.31167654375948545,3
-0.22053356284750425,0.7828630980502175,0.44992877378223545,0.6133247643809573,1.349376436229655,0.31455375764917715,0.1171049392632171,0.29053856204397566,0.6252512254981661,0.4696318068968448,3
-0.11221447069732648,0.6358966883650792,0.880852687957272,-0.22343328945082003,-0.06558887357414128,0.24435019006258382,1.3391209454199706,0.13483102949173978,0.6971238511283181,-0.18123349567935632,3
0.3616339652422035,0.5967500492991042,0.4135514668223798,0.1659652880108187,0.08478256013555173,0.6173400407361217,0.08624725394012703,0.6185411072827386,0.9911164128267252,0.18146675083966687,3
0.1667701761007975,0.10681274577475382,0.40844162986282684,0.7347378466063048,0.10492776335466134,0.35401635263127973,0.505972655907109,0.8189928815831601,0.4204769607195246,0.48615845716060824,0
0.3582204867742091,0.930870705262628,0.5175819243374356,0.740900591538251,-0.07485649463606008,0.32833129068753,0.5225452326783575,0.1982721389868005,0.1414637045547893,0.2095010387027726,1
-0.08566792395672507,0.7129450609710166,0.15938006781614125,0.8047332076983575,0.6191236014068127,1.2703258869949987,0.2506547668742629,0.5577797547628048,0.187010143999454,0.22278788456524493,0
0.2753643093897987,0.30409857720678646,0.26315113458155753,0.06088514947740924,0.6661082535576353,0.6527572651880187,0.5419631473015027,-0.18607013729678024,0.4504855426479704,0.5237609723632115,3
0.19135481096432957,1.0986172352898975,0.5181265701060579,0.7909297893161509,0.3829234268105025,0.2085713179678263,0.9479639666407129,0.8116555919689622,0.47009111347550514,0.36855174070001867,0
-0.010611994901231464,0.46481610064918455,0.0667620474142537,-0.00637548870969272,0.42183319342838527,0.20971710814513322,0.249908682810769,0.34827350557323894,1.0197823040930467,0.24812448292309658,2
0.42001820622111813,0.5357159306524829,0.20910974144447983,0.550431352176558,0.5287690389011921,0.65194417718791,0.9207223791156403,0.8364054423038236,0.4304791448878438,0.16272777573931355,3
0.8740991815040356,0.7610727005541409,1.314498758873094,1.2016984499153636,0.496492704351616,-0.3407062290850345,1.4436285332934067,-0.14980328633811218,0.5624092887067441,1.0193889672754297,3
1.280563858494573,1.8907010134660238,1.031804177199731,1.090441567201649,0.5907303714098991,-0.9893441915847832,1.0127190396765746,0.9379311719287236,1.5331067919583226,0.8566540707667988,0
0.10659058725741125,0.24101241370572413,-0.08896206361417232,0.1064946597973868,0.34748394024697443,0.039102056634342866,-0.005966319186148428,0.2935379168504416,1.029027890385842,0.16727496508620582,2
1.014244632201369,0.4290764436186691,0.4372625412530502,-0.32905922156700645,0.2568425064145252,0.17864738383193882,0.40911796652636334,0.1465522315500996,1.1956811566951415,0.1381564800687361,0
0.6711099687624227,1.074166046488537,0.9527369372332881,0.7889840546682245,1.0651682583300481,0.2598905625995857,0.35484094329040405,0.798124507607297,0.8165614852662758,1.050354026756374,3
0.8080890560398837,0.6155465780299358,0.5338987035684144,-0.009939174963014857,0.13122981435760137,0.12930162109408033,0.5478155763933119,0.9240943305677979,0.9467649294404593,0.8788705081795412,1
0.38378838554062394,0.862221908658022,0.4753575390745463,0.809573051829855,0.008154110929499685,0.27344097161414926,0.6032169090399282,0.25896198681037647,0.15171712779259575,0.22010567108836873,1
0.06408357981543762,0.9234173362172675,0.7017362892249712,0.3053995313741976,0.9761997120844536,0.3690653415568932,0.5881681273375119,0.6192461324338048,0.6964478292452883,0.7316690533779978,1
-0.020505838212139416,0.9303600666842111,0.6510724613636335,0.2818560172471546,0.888531354251901,0.36729144957804954,0.6399996485968703,0.620177301063511,0.59242302299556,0.7698801556790515,1
0.04905762411518358,0.1714675811970246,0.17996461677962716,0.2469977817477362,0.33736565540220176,0.8092669306753765,0.3666980058562983,0.3501669059467661,0.6586042128496493,0.6457295374555874,1
0.007160413480691019,0.9564621107298437,0.8668421555445494,0.4040907240526054,0.6952492368930648,0.6337208323128413,0.8327003137599754,0.3292480230155607,0.7237141523777618,0.8722781128897081,1
0.26113652713559343,0.3453381155203952,0.5202604358735157,0.19902905908491889,0.5648894212165023,0.3977444818569523,0.5303181952378802,0.7157649948095407,0.05156229276901547,0.566814755408544,2
0.47594948436980844,-0.03571172297750258,0.48729158520959787,0.01956338739411946,0.0013198471003053047,0.5179807725503922,0.40612116177614055,0.11347239587817043,1.0232506767044875,0.07977631597748797,3
0.17383355921902127,1.2716381156832142,0.011838122406619814,-0.12090827811319155,0.34027563584960246,0.6152068185157048,0.7347051018841945,0.6128057268820365,0.5886175829986177,0.7808456849561254,0
0.6213838276523107,0.7799053047115849,0.09672796008370593,0.46678678369192966,0.4154619328422613,0.74007232205307,0.06411373402276842,0.10012842456895946,0.1213522973974569,0.3646024557132367,0
0.3210529091153017,0.93032602601734,0.6070699039968781,0.38646562713703103,0.7693872117358563,0.7398317956363661,0.6819239666299393,0.6101091335696848,0.1623197182715767,0.42232837748659546,3
1.1263524753254237,1.027147933622573,0.39429547356652317,0.585928155008868,0.6572480342197751,0.3928217621542859,0.5436475083292603,1.2493787881658514,-0.3783396951823063,0.1966502135741694,2
0.373309667111989,0.9424234601308846,0.7408656290729703,0.7666966141216001,0.43999600042477016,0.32056267110059966,0.9602547224967761,0.1686523677313629,0.3854007114106109,0.7625828732395579,1
0.04622066895545224,0.6270010849659701,0.9561168093037634,0.6831555753678753,0.8054453279711327,0.6070890161783027,0.4223332712914759,0.5563377319748056,0.3812970534274537,0.48845208044647276,1
0.37950490045881274,0.7678214994061767,0.11758683134918835,0.9643034782853279,0.23540799231159645,0.644082026082159,-0.2604105510310604,0.29739812547700384,0.2614672608063372,0.28015235107235414,3
0.4593353392879909,0.6438632760959624,0.2827367850338576,0.7045056834442994,0.5562712845334858,0.7909195209834198,0.8569275288498781,0.992313483592866,0.5618516612406002,0.3108720023003984,3
0.6746105390215744,-0.210009588734969,0.9826438426983778,0.9652307473848288,1.0981620349440548,0.059174845151717004,0.5602608144244591,0.32737804400173154,0.1889081365815513,0.12589257031139572,3
0.7951511739084633,0.7303139887750254,0.4994685290104544,0.5707696844098121,0.24905267565245737,0.191073006813609,0.1735275126894848,-0.013995517600869894,0.4794586466162932,0.8107376150150044,1
0.5018745387435242,0.37385020864273544,0.44599310931005176,0.35412821991151916,-0.1423748351179824,0.33915550995122007,0.45576652717202837,0.4418181073824068,0.08706982156197074,0.6178716743230717,3
0.5403155114806243,0.5287074812718703,0.2541225091011421,0.5235411762696364,0.45612968850287566,0.5403865098650162,0.8701422887483805,0.9063218711708929,0.5590070091947841,0.10005898930132809,3
0.9065989736511151,0.7375503022679366,0.527242830719882,0.47170783741820277,0.2710311065827581,0.2642644414288845,0.23350166072748058,0.1262973438782474,0.3782994697810476,0.8685002687793246,1
0.8831685831501108,0.7356994775224169,0.5123950786216115,0.5087874885631951,0.2622315455243808,0.2720041546431669,0.21445695385781957,0.12674880120300525,0.3358871840817525,0.8322271097300902,1
0.061130944421750044,0.4503459112902311,0.3523691150843109,0.09218836483131716,0.7724589087464222,0.6639163318630803,0.8516003804830107,0.10379694936770228,0.7699018557368499,0.182490368502575,3
0.4105764136732776,0.3217951566531464,0.16588441258548808,-0.17664475256361523,0.8401759594153713,1.0767001292677445,0.5319411103993191,0.2433874845206988,0.6793799679663257,0.2491978972594784,3
0.613110251330686,0.4883971105712324,0.7419345283289578,0.09138516213129258,-0.14044454080261592,0.3182540572458184,0.5222445738881818,0.03051357181434572,1.2468204485396908,0.3469711181147704,3
0.2461782606078067,0.3077076208895799,0.31292246164517695,0.061528866688456606,0.6305217185553857,0.8597761205443681,0.5642848428473908,0.06805737072644266,0.7180080431341169,0.40528131895446556,3
0.3944890511169533,0.44210413685235084,0.7375079589384845,0.4524734807352388,0.652500759283049,0.09725617798037334,0.947386556387161,0.6704350711925976,0.5728594102396485,0.1138470682561423,3
0.4692262512264517,0.7608580285012262,0.48643303110375025,0.7603130674784315,0.03240414654531805,0.35100850575546766,0.6053093440776495,0.19777058744212245,0.18775352677830398,0.22234143060566605,1
0.9454242245492913,0.5689580244828409,0.5340440957870976,0.40070036546879767,0.32587357508744513,0.43550532146561066,0.0721931465910248,-0.029845542613709364,0.4922085798958554,0.8595095145317266,1
0.23327653848218483,-0.30786422849924455,-0.023917905495430686,0.44047573958970876,0.9196636197873094,0.09259696893521834,0.15408864755561688,0.771117355756928,-0.09477075399661242,0.4766722974960185,0
0.9283183186646999,0.5628134999087592,0.0666271754344655,1.0042728897410538,0.021613602838780766,0.18092178489187952,-0.014205575764121722,0.912196862745446,0.7606200628163585,0.08140856922386361,3
0.48275420920081263,0.12031709571536066,0.6602765621510143,0.2581348178896381,0.21956330863074874,0.5870296855280264,0.29107515337028816,0.199836816972486,0.8618276977524447,0.3188052369127438,3
0.6993187561329306,0.6102021512013099,0.21023968281384373,0.8331743447868554,0.20183992118941674,0.9836575088551263,0.144344090866185,0.3990096380835133,0.05167707235169951,0.2293053311067381,0
0.08471780612945255,0.6787467967363847,0.9392178519500388,0.6174399171369781,0.7101825707090366,0.6436134707728443,0.4126257759389996,0.4497804245991159,0.33714466949057514,0.5092561840378421,1
1.1008474997171969,0.6660658827927896,0.5174859130892429,0.26116749858554067,0.3659675254326592,-0.0030386552098876224,0.3623907657392405,0.6282195735691252,0.23582594674116245,0.3061513308602545,2
1.0702246927416081,0.5644296847601848,0.2541708413254008,1.07783562297302,0.4998976137641682,0.6371280529547757,0.3919861594038142,1.0595545295197017,-0.018586513390406317,0.17132397192614146,2
1.0864780969398224,0.5168246823869805,0.45303713415301605,0.47950476822822424,0.24243028894483407,0.581394872036042,0.565832811550705,0.8405151020597544,0.7046272974387011,0.7849665477117493,3
0.7518690027460015,0.8531552052213551,0.688191731456623,0.26705789964156074,0.9061704734809687,0.9414051157213571,0.09337340315873609,0.4763589039801904,0.6523253852426815,0.46737374259863373,2
0.2551929692898368,0.43510355189452077,0.2329204658260946,0.09702634384586753,0.7146275546635923,0.9479698715964264,0.7679897616128776,0.06592082236273564,0.6909486516067137,0.3828617883682604,3
0.06400160492385623,0.4370861208257933,0.006102702066836678,0.05794048101134845,0.502699162203956,0.1524629173114203,0.24857886955847186,0.36709974712130633,0.9626502466147029,0.2535809944663608,2
0.6227419010886333,0.980526951941538,0.3181542500862861,0.5715107066865615,1.000910460023849,0.46790606171086624,0.9873802772541771,0.15916680728086097,0.9335100507286856,0.7668909980216977,1
0.31117798260074697,0.43599140815594883,0.45180068155847236,0.24952172878467432,0.6027641580233128,0.7095956739692465,0.8301302662548915,0.23153021159901463,0.39478471059708714,0.49060940419899857,2
0.2400994051069837,0.8599268356241112,0.8428055008454367,0.34949395745335865,0.9550791407301402,0.2028747687717267,0.40745378929144216,0.40456335687261513,0.6818908688083443,0.5784933720863304,1
0.1606270945389297,0.41107363885244175,-0.127058647908081,0.08645329625308032,0.35232560162684684,0.11667086082180063,0.21614743710240913,0.31378381291811697,0.9970525766714184,0.2214447426804525,2
0.324912876024265,0.8920033494342214,0.8780821023969522,0.6492147511956369,0.7420580907814281,0.2712259658320604,0.8291265578088931,0.9688187566408655,0.5592419608017916,0.08808303024849146,2
0.699158380264356,0.7016057833490708,0.7897932968983411,0.08755604780836372,0.08387493024617373,0.023043086617036954,0.3963332411044087,0.8761666834773174,0.9762548872261879,0.7715326378078239,1
0.4761601022232911,0.8748605375357394,0.4302988690218144,0.917755970743272,0.8080977441515697,0.3770221615450716,0.961501541352787,0.4171794410843429,0.19776348517913073,0.8216879179006247,1
0.1346255336459398,0.46332413798739713,-0.024067530900963925,0.11853430759616235,0.3972478961500228,0.16618413203348073,0.15726603344523923,0.32480233200535114,0.8644834504005952,0.2200020868814867,2
0.4300873507938145,0.5762921894542724,0.38857466025666404,0.1508250838799869,0.04034616888879441,0.6613759108343977,0.007858544545851578,0.6511252378804803,0.9340547430814184,0.1491671204499652,3
0.8867053351049208,0.31404446957595644,0.5043925792295595,0.5747841257206387,0.1247774920287344,0.16912211057482923,0.27852388515973175,0.7236106831892943,0.32754570490847124,0.7565771365545916,3
0.8926030012765636,0.6106640572755535,0.3409385926761821,0.4328412091479833,0.09458526944274415,0.37732343803177065,0.15580512486293474,-0.015452892776654209,0.4398835722642104,0.9204210100511521,1
0.1859401664912523,0.8673524574431131,0.794329360531567,0.8353634631923084,0.3100192963795195,0.306225810649288,1.1161879503390235,0.6003425650586718,0.5964679580616585,0.019536262872139686,0
0.5549415620391636,0.11259667067630286,0.23259908821840514,0.8651757042136757,0.3581015352555311,0.25791934707150826,-0.19761675327786526,1.1509998981239313,0.11532969135003705,0.5383814429896333,2
1.2340513167210683,0.8674322942719059,0.7822539053936434,1.046421985427945,0.1699697365632476,0.5037861428670705,0.04751602609257388,0.9011690843872475,0.11781805773478582,0.40973961145213933,3
0.8720366365444838,0.8044570136285588,0.5165145558365338,0.5266393461042573,0.23480611806635207,0.24310323141839466,0.1877912124963272,0.14964044658540576,0.4175779017086871,0.802281349491598,1
0.9410941856104911,0.4715134176239457,0.011255752251937381,1.0010963626735414,0.03766083641483929,0.130429962973386,0.014842983966258744,0.882380179196186,0.7984066250121593,0.05116234063947652,3
0.7763654501244556,0.8002162196936646,0.6829846849233365,0.0368311552292826,0.3981318688682721,0.5418171797015143,0.2728111160455068,0.9151053795749375,0.4722067748885004,0.8452979705557743,3
0.88176064915004,0.09920679750452266,-0.17966370395452558,0.48029340757704897,1.079097559822511,1.0116729523609824,0.42568577209213826,-0.24903314589903902,0.4079399135009536,0.09343963612408346,0
0.2419560017162113,1.092444310435873,0.7195555092908094,0.3055000212416792,0.8287039311181517,0.5542704745378025,0.44696471793779236,0.7511510419000994,0.8060858629367205,0.829723404884203,1
-0.3816747364402744,0.15643920579400428,0.5463570323648892,-0.36936598778240765,1.303296451561247,1.4844641973294561,1.1011106577470573,0.2568324105469447,0.9199857312316368,-0.19990951835534965,3
0.13543014461356725,0.7355126144986044,0.8411584796593153,0.572688418032811,0.7063452434415521,0.6172375832803607,0.3852807498063429,0.42494305339523764,0.24044641652784093,0.49632427571728294,1
0.5152640292613774,-0.046873293458191495,0.5068823192021954,0.49270447572978804,-0.11819130282149762,0.027788422394303902,-0.1236965129128258,0.7404492484057861,0.8326208823652207,1.1228361350650222,3
0.2997151022334039,0.9142031866321494,0.4347824704951908,0.7011037962298471,0.09630795732196439,0.2910055010208733,0.6949022334893282,0.17961046705714806,0.1718191481249638,0.23801934247050413,1
0.6855298105203604,0.4777062208593891,0.5505398089709523,0.746252869911973,0.4847465692762412,0.9543028165427261,0.6539270134781543,0.2937204910272278,0.20769117639798448,0.40639692364332025,2
0.8677675684358466,0.7712315987118881,0.541562092049132,0.441444845281294,0.30585427908379625,0.2734969367445436,0.22466905476364019,0.1614432745339982,0.4169057590021342,0.8680905865502673,1
0.504042178085004,0.7221656328757257,0.742976009956624,0.1268540169070415,-0.09686493660813181,0.1247230562383245,0.34297785871934655,0.7652648232534254,0.8019378979535075,1.0391438458492965,1
0.9021376039337891,0.5969524902498333,-0.04631384196610691,0.9863344976212584,1.2068257786080059,0.525646635442691,-0.02943971705644255,1.3368940814318382,-0.4616260730125363,0.4208393630128016,2
0.8487532002620315,0.5705972427878329,0.14018047079017698,1.094107231444758,0.00013812955774574615,0.18187462679941044,0.1532971474374549,0.7491001638007535,0.8106241675214844,0.012241293704752569,3
0.035470998420069705,0.24765411593717196,0.13310107900312207,0.16032173572756225,0.6119901429382061,-0.02017390717883545,0.19802529124296844,0.3038104002975623,0.8422053552852955,0.31197713513558695,2
0.058459938163916,0.7711652400429586,0.8439710455229406,0.21284767807999433,0.9913087970082296,0.5301930603351762,0.6900439228790115,0.46538114830098926,0.7147362786700957,0.5041868952968762,2
0.45539515632686933,0.2269720004483092,0.2915935708480428,0.1613484808505256,0.36109277087324176,0.8513030864232339,0.9340189230568428,0.2596358364125969,0.45897617940696595,0.02584261289221407,3
0.7554237962227581,0.048905543029533594,1.3957384991991666,-0.003981916722281431,0.6735990157459888,-0.1829331078914915,1.280459029688783,0.5301771102521795,0.8768587721458062,0.6604717601796026,3
0.9606819608865801,0.521538580443921,0.021328029329921165,0.9726197068810137,0.08679747359567375,0.09729224215978258,0.0803423942985807,0.9424507509051437,0.7669348970598485,0.018426992010667775,3
0.1147621428508757,0.6672763195638115,0.9585037407103967,0.5704527631391033,0.7753790267385758,0.6175983311392247,0.4019614051596887,0.48981484492473865,0.3024799891953253,0.5565191511508312,1
0.834253546235596,1.2947320224537915,0.07041977232784083,0.9788740648115539,-0.15453183549982258,1.5691366687829844,-0.28505877842996474,0.66003685458015,0.19856715790717086,0.13279307824988357,0
0.11949517786239937,0.4597601758053587,-0.1526567857452258,0.09980711511608581,0.4610921829086462,0.07250029594792502,0.1306410200447504,0.4698901003336784,1.0288825035953382,0.156931709716248,2
0.24146844835084708,0.9324722341574921,0.8241263465368873,0.6951743743491923,0.6753338771414645,0.21227622705187482,0.9053423001611479,0.9625811943570171,0.6262480885512745,-0.008896907118552441,2
0.43490422014496877,1.1679557936265998,0.4309950930355902,0.4967487305395925,0.27931946113285716,0.20730675701281587,-0.5625045356873348,-0.04797527555660153,-0.3685973526958264,0.3996195813353774,0
0.2093282358350903,0.6214505258842544,0.5756031853945408,1.3117835834550882,0.9296359028855259,0.6145783389499203,-0.06367230981136143,0.6109939848160939,0.8025712714695477,1.1388100456788377,3
0.656637153184922,0.7939052831237793,0.3486173681552106,0.22156730256376578,0.08175361925515084,0.6218790864019299,0.13841251541343147,0.6429615276346601,0.47846641574296533,0.2803202958921461,0
0.22361547235067092,0.2551381499260711,0.7731004692334353,-0.013730975001861684,0.18032545190685279,0.26777674675816565,0.8334182869246003,0.3315172163928194,0.8737165908992166,0.2909820779716743,3
0.36491044680838297,0.12905959679932302,0.627447124190445,0.101861894354396,0.17613295030474097,0.7345011838986032,0.2706050428258454,0.26792468899083566,0.9349312046889822,0.2111349653827012,3
0.5298650994773891,0.5190438406366176,0.19122872628333568,0.6257760901935117,0.5026149441787979,0.7304161175670629,0.9404005201943568,0.9269177576292984,0.4959090483871793,0.23741542013873213,3
0.5959983086381415,0.075110549959154,0.35658285994471084,0.4262793040100487,0.3017260812153155,0.3171060711127386,0.19052904332014658,0.9068952269229318,0.4805350558191334,0.6382969996293842,2
1.1681826181489952,0.7143520837244953,0.6849708292178254,0.26138633458471466,0.31704846007526627,0.5817191827607748,0.4249139422062208,0.4482410111643965,0.3283696199954251,0.6211183184890627,1
0.8198531815423835,0.5371685373357598,0.1269310471464803,0.9241810203513144,0.7489499328237732,0.5816677859376123,0.5146536111195017,1.097467666610382,-0.10713949393507145,0.24402698274359774,2
0.6705784949094497,0.5278020961406168,0.668091604901715,0.7304958695979978,0.6102676688530274,0.9390285701429613,0.6421808426465149,0.3405604768598304,0.13250006880638673,0.5471014743088387,2
0.15798220347852557,-0.06917478560931509,0.3463870374680311,0.09662399900185067,0.0014824508452764007,0.8495756456450697,0.44700225701985097,0.4495730789677932,0.9585328929737669,0.29538966633838176,3
0.10172474686081373,0.5370699441160232,0.9114728218334807,0.4887292605904674,0.6426432685890059,0.606996581467546,0.3181970950979235,0.5640612784835974,0.4623623523412623,0.6268201970344489,1
0.06760992942515248,0.37969268895525377,0.7623434858516964,0.8919334692849825,0.9687103252538477,0.24904260570244724,0.4260503630505228,0.716830421419854,0.6717379421486385,0.024026630660450077,1
0.7401522024058973,0.5306656597497148,0.5772695691910854,0.7169766885172235,0.5370938255741056,0.8773686089205964,0.6624147067460016,0.3211583327005733,0.06358895794030672,0.36089953617058035,2
0.6948965794347961,0.44629836822453084,0.6129111209264357,0.7582681765029758,0.538703341386027,0.9370288569908649,0.6359225679595231,0.3056239609939928,0.17210858542706547,0.4863246710788501,2
0.07054380684364803,0.15584438800091882,1.1265096065951847,0.6355344613952845,0.8409728682348293,0.4891789247236518,0.48639094393883847,0.8447123973080629,0.3480646912485753,0.5895998639499601,1
0.5159676245091936,0.7993687812702954,0.7597750689500021,0.8827437355585523,0.8345582528819403,0.42430484813810654,0.16860585793193,0.9387151805497809,0.9918041027539952,0.8240879030085572,3
0.5832867948764187,0.8609262451787629,0.5887857861076744,0.28183687271450175,0.9150531254276522,0.7412840133190916,0.23719533444489935,0.3819621449516778,0.9600461917809135,0.3361644874527525,2
0.40879127723427533,0.5361156373839775,0.39075385542508806,0.13738031736861578,0.06109370508768129,0.6478504094891611,0.021052772960574014,0.6249224416536809,0.9150534275553446,0.17086860107255386,3
0.21272798272268584,0.2931951510758903,0.102564799475071,-0.016392694711472602,0.4138804409098931,-0.09421415425459195,0.28713297257484666,0.263282990520857,0.9282291298916117,0.0920047946332273,2
0.037605543753645776,0.7926946026981256,0.8846204781945769,0.360355392339801,0.759347603663147,0.582998099433722,0.6543635534550469,0.6407918495920198,0.6465667938955786,0.5298165703605259,1
0.5994405284647304,0.4389748609288613,0.11239283401780129,0.008291454078922525,0.5877673712470037,0.8247020530762337,0.30285645816806694,0.23946579418944178,0.34759354804528814,0.14898480245552906,3
0.31583092507698907,0.7567677091772033,0.38259233743457965,0.8736580825029416,0.030382399124882803,0.5781163787602668,0.26446460479031386,0.07004130438872969,0.1981078662170402,0.0339428186471884,0
0.2923509879709557,0.9208347991982232,0.945237448042746,0.5860470242647894,0.800853020808158,0.25709060267739503,0.8700092121330317,0.8844148726654641,0.5979337439382778,0.1331365374804208,2
1.0780525889862094,0.3005464111678504,0.5287916224458216,0.5572948408101029,-0.2739404032951027,0.37813790254580804,0.4722762676036416,0.732816383283165,1.6257808190766736,0.48725213960361546,1
0.36691370292443726,0.8999559315977022,1.32199602597357,-0.21678040166775592,0.16369429258268353,-0.3166780252845119,0.7836599585180437,-0.14626237703588313,1.1091234065202076,-0.030111103466877787,3
0.04866198918385101,0.9541621296537875,0.6802923110383705,0.29487037385168835,0.9353098947566291,0.39519621440634706,0.6007842574600095,0.5831679913637329,0.671057998144419,0.7096962809813154,1
0.5071326509603178,0.0181372694728118,0.6025797534198956,0.10691926161320608,0.7946259820365742,0.3878942324263311,0.35343615442162923,0.3825182974486228,-0.3345985919870984,0.48697687371147347,2
0.40631391998749067,0.34617842299394885,0.8193620348844765,0.4267222096975838,0.6649008032797185,0.16261589135560997,0.9103831787640293,0.6455849428193348,0.6271707447774952,0.14045201758629508,3
0.5027031557558705,0.5715256230926458,0.044671374376953524,0.7328717235073906,0.29489140744916476,0.9525077232809999,0.08591075376742058,0.23172498004629272,0.14548415881880494,0.38035671919577285,0
0.5045583642260736,0.797029810515212,0.7332740098460502,0.8967623963131403,0.7901651373121497,0.3782376445734431,0.1657176300448074,0.8697928858562014,1.0446222393534654,0.7914070087210847,3
0.4833556009642714,0.37087314120278436,0.04139262971084026,0.4807323219120511,0.3455486365139037,0.08615527722730187,0.031219177840404788,0.7292903001118229,0.03050442441802037,0.6365169892179582,2
0.35655031647917423,0.8174365293388804,0.46133997032943097,0.8064702613990289,0.006036705027944714,0.29513386873881364,0.6093754849210775,0.28839896789944774,0.14780010089446974,0.20568514904370436,1
0.47767954456068834,0.23331869138666592,0.2602064945140059,0.17921448190453532,0.34153389823853914,0.8742805298954877,0.9443521572673355,0.2672160596605615,0.4610922100779276,0.02912044326267835,3
0.8884837755626565,0.620985999756706,0.6281011123605311,0.40420932293149386,0.32564226780969335,0.2288024642595533,0.35893131651762133,0.058266930114245594,0.500657680576987,0.9185620330640433,1
0.06953913588204426,0.4582087621185359,0.04570546175542126,-0.005372248571258273,0.5342952896708519,-0.0035409515692655935,0.0764728405555701,0.41535598164129905,0.8411627681507367,0.32301832166384126,2
0.48521447146900415,0.8455822673189618,0.8738349126705939,1.020773090981152,0.8233847021665865,0.3240234661526247,0.19912424310707544,0.732300933984494,1.181960570967591,0.6315022348483783,3
0.10545603362444846,0.1943068903272573,0.4334306513778445,0.7914173560174512,0.0014694549033220788,0.34035953147453524,0.5784523821301997,0.889336863491416,0.4035337659895627,0.3848296418856617,0
0.384203651558475,0.8564433936299825,0.4830140976806538,0.8031652131960682,0.00488664903621038,0.2695109068618194,0.5931059079259217,0.2550296752091177,0.15732286951695604,0.2188529833112178,1
0.13138328331923926,0.3497850175068673,0.015045731883446505,0.052377821819709784,0.4646468447390435,0.0988565294316878,0.14628622269572314,0.3968502316347962,0.9388629796651481,0.2689507195356838,2
0.2798580238216396,0.8885711413168361,0.6856655902924416,0.4081304047143947,0.7588568341590344,0.5530607350360042,0.5926506744971713,0.4704306426606856,0.10348742864377149,0.3373938228183928,3
0.31234249193400504,0.9407088595552726,0.622483497396717,0.9120723365352774,0.5241901370179859,0.15612326467008708,0.9870920927196053,0.23317757338536937,0.4462748957756995,0.7769342874918466,1
0.050282465646541256,0.9557209364057825,0.6878627680169516,0.2964926744870577,0.9384825731080297,0.38845438077273,0.5984967393163684,0.5886693195939997,0.685108928872218,0.7142974522952923,1
0.5221027108423343,0.117134182121279,0.5113983132276684,0.2998526222393724,0.40256199455930075,0.45776844267300315,0.36577541650250883,0.7955294083073349,0.2777594956429351,0.5858922139475501,2
0.12772485811699355,0.2198261658858012,0.12862389604378416,0.15947649118939466,0.3613094692104007,-0.05479372612633965,0.21230925507735462,0.4126165584420481,0.9900170647813387,0.11910289295133672,2
0.6121769717669977,1.0453492038625287,0.5797978183821415,-0.27590561155152876,0.02957021352052118,-0.3140920326637633,0.5747627073679888,0.9893312859003535,1.097632782876213,0.763104017708304,1
0.31290624844226667,0.13061767758909462,0.37003815326793243,0.1641330782374622,0.22747152244423324,0.3605996747148327,0.5064763507239628,0.8209999496511284,0.2866398705114914,0.6711024865253562,2
0.3209379920087783,0.27764447525011016,0.6363558285195704,0.43751702783550483,0.8238999933231288,0.8100166714731187,0.7022054688082844,0.5547084120309123,0.42296599019184805,0.02754330491135426,3
0.013085832401967486,0.992706201826593,-0.11872036714299569,0.23744795817978742,0.7352918678231705,1.0012905328031712,0.7101392788714633,0.24455317212188787,0.13643769296349412,0.9975149192938845,0
1.113713423749684,1.4534994113900104,0.674335398494388,0.05703039750744662,0.8883557086491368,1.119340845281295,0.7410386233381084,-0.6960661068529611,0.4023597884415966,1.4272046124094915,0
0.3196875696560941,0.3780007701918697,0.643216659038882,1.088950638789267,0.757270135388762,0.256632841303907,0.3159623441266335,-0.14164382638596523,0.4100083344754896,0.18611067302028111,3
0.21337538250794624,0.08119892211218883,0.423183330723503,0.7309065631942895,0.17861773558433103,0.3865116489819199,0.5390607167475221,0.84304264192084,0.48226989663279,0.3725700573986748,0
0.974753134532767,0.6642374359644188,0.4574125037542698,0.33258756299951836,0.8741008886525018,0.7705525818480109,0.08008804936742478,0.5387143191542041,0.8442262995659451,0.30396391981542964,2
1.2495053536341465,1.21769462189331,0.2298389017798796,1.2506108999157146,0.8883094331554062,1.2977048500717934,-0.04696929005388828,0.46303786675558656,0.2194293015492625,-0.10565083413549392,2
0.7356013775664028,0.39588792361487324,0.532423107479391,0.4811527679097938,0.8344129344724582,0.9447387036527554,0.5701038540266563,0.11852084770842591,0.30112233901369057,0.7219465998985117,2
0.2846318793662789,0.9275202733396417,0.6214153865518779,0.509559728977628,0.8339717788411615,0.6175065196998418,0.5884875571943424,0.566777437048335,0.23016144602724006,0.3439177968654076,3
0.4157524189424124,0.8988412756118294,0.5085402923369702,0.8460457940414992,0.05843894501645025,0.2765544873776968,0.5967905070231063,0.22259643439331256,0.1017768829196892,0.1759185914909528,1
-0.4295897154407968,-0.36800011134953836,0.5440664239035269,0.055511713114155786,-0.2303581798598705,1.3679405263215885,0.7287405873401538,0.3595669013181741,1.1040426718571101,0.5807152298783312,1
0.056276190009971756,0.9630985841231932,0.6557223344149399,0.2967417986456072,0.8953008438616836,0.4312914319342095,0.6063068069797735,0.5529034461888609,0.6400550897625289,0.7346004972564572,1
0.2504596070280351,0.1079333749715008,0.6495629887665753,0.38300017981873974,0.9675699225887343,0.01607294884228078,0.9304193331438949,0.48760313000288175,0.4136886961026371,0.9689026501969503,1
1.0666182289186605,0.6291758931362122,0.10457431886183477,0.9672545393416717,0.6369808241753282,0.726427133348853,0.5363941894426392,1.0432886082433028,-0.04529848455665824,0.04282094461162507,2
0.5774034290569557,0.13372590787208735,0.12711211043963205,0.20860877898472194,0.07158801342000992,1.1220150605772243,0.7918244129930526,0.5097128793765386,0.5184920996197728,0.2939313762104159,3
0.22773062042995992,0.4506918873177318,0.8894711626211964,0.42923649342569126,0.80943856431549,0.39350678409840445,1.0475976711951078,1.3648666688509992,0.659143474264199,-0.08029392927236204,2
0.3920585102046006,0.6491281226889587,0.7474554803550651,1.030286572744313,0.9143902211543354,0.29304414732590567,0.05288413987156276,0.8164087688535338,0.9224932844193786,0.9678707124258421,3
0.7249550603810319,0.1714444314204431,0.4593549280857971,0.45083361785484544,0.088473657298488,0.2621950852794057,0.19108901428273695,0.5152855371615042,0.5592844408288492,0.8117482757978907,3
0.944510955259266,0.4566704674584247,1.084585535792041,-0.044337737990947534,-0.3199217267793941,1.157023305174581,0.4306730359540586,0.31254045349344456,0.48508162668724786,0.8529147718583863,2
0.44126829946399687,0.5579979321925024,0.41034526803205573,0.13786689127348759,0.045016740852506246,0.6383747346927974,0.030752684011710794,0.6170627405180671,0.9508402796161721,0.15424940774223103,3
0.26035692979636527,0.35793403504862076,0.28385870493166654,0.015427964952986697,0.7268599537103856,0.8728760815233595,0.677892028264265,0.03464385217115598,0.6705969868010082,0.3395574635098498,3
0.7212481648663942,1.2039539470374154,0.6019629851337491,0.7900300246460441,0.5209573024025852,0.5502702942763377,0.08356471179621079,0.5587983849267294,1.4733747398654315,1.2393564837765971,3
0.39233148866898016,0.5342632142476594,0.3344935401469541,0.3499800583710803,1.340931409474335,0.7008175871546161,0.988575616535015,0.8168784370774228,0.19545890401870952,0.871579700604832,3
0.7676555603950543,0.24671309749322595,0.6088056953842003,0.5495691015570201,0.49044608615500174,0.07637016309302865,0.22753678029420568,0.46315583136387317,0.058665302530340115,0.500191336930977,3
0.2260039970227795,0.4312628855227839,0.9614877915335547,0.22570400913261685,0.19949130333354687,0.07976899555873926,0.9828999630966591,0.18576573358944962,0.9801674778741277,0.280929435572312,3
0.7755138929687593,0.45532272738016655,1.1889202208762133,0.9233683476980038,0.8438841768074508,0.47084725951087397,0.48582672399788795,0.5329493566207667,0.6406613769286319,1.0152123693492936,3
0.3381590988327842,0.31285095529610163,0.3863160000439951,0.1610685690885403,0.7331048987624903,1.0158666690944158,0.9009277141973935,0.09682007244975971,0.8955666107919987,0.5375616478186005,3
1.0116495477995953,0.6999423859271324,0.6120182471778504,0.46334383869918083,0.2450401601363716,0.24937850393178515,0.1517304979242326,0.20701549642706468,0.3793717688445305,0.8585702135717103,1
0.4096421048679271,0.8283368707843579,0.4730608958606471,0.7934228426570992,0.014255439070689841,0.2513401016521376,0.6336531433190402,0.2962000571114728,0.135401082277543,0.18088800586175385,1
0.13209987813281093,0.3541323874733526,0.12720928479933916,-0.0427013331939999,0.589191777952768,0.9323224540145355,0.6664222028814909,0.158696553855616,0.47338964581496434,0.35217461213686607,3
0.42913089258469883,0.08323252812983982,0.23011233260559327,1.0468933648238257,0.9821189861227164,0.5016858570985058,0.6928124238538573,0.28492105956792235,0.1435254153287989,-0.09755867113166761,3
0.3997516910431117,0.8483533920565197,0.47498127580088695,0.8084974437730726,0.02089935867159403,0.26033428187418617,0.6023837341407537,0.2569138149186321,0.1497468465974201,0.20053932015867396,1
0.5171245836207348,0.12871660727425244,0.504761493068828,0.32237504183706894,0.41018968096361746,0.4997842266551683,0.39355595506167235,0.8099093712523924,0.31697790193654146,0.6003093126691783,2
0.18952207818297828,0.47628030017386647,1.230581564525283,0.7799527248668541,0.5072168821909036,0.3425433792205067,0.2038514419279475,0.1671239975261481,0.4685321239531892,0.5184681325775866,1
0.9398378094273107,0.5094739111220912,0.05002174620564123,0.9668264913971553,0.03741844432235171,0.15409644045156096,0.016389981371077177,0.8876873241925322,0.8000221745808164,0.07780174537681442,3
0.24855762618979807,0.14895332202553654,0.49451867782906805,0.9675757985190182,0.9763168011755798,0.42050107931507547,0.5284932131829673,-0.009913529435486311,0.28155495583093537,0.2697614584615556,3
0.4508204870442328,0.8910266785690633,0.5412035297730102,0.7491943312187567,0.10805174403540604,0.21280162119741902,0.6062615508963729,0.3553969834161088,0.16560475690729012,0.1945847729503267,1
0.8276814338364309,0.01697318582289864,0.3200937516330655,0.6567199034897563,-0.008195068892369428,0.957414609117856,0.24956745374613698,1.0739672795288202,0.7740388498132648,0.7779338936335042,2
1.189671758877875,0.9656576765780533,0.4313931721902568,0.275484076499116,0.24147925190895617,0.4008228362473204,0.22511862936082583,0.7062275462828715,0.44346186967247325,0.7817855041309617,3
0.6998672421648056,0.405618130433724,-0.002454527670248008,1.0321923817945793,0.9111569017063165,0.9069136890639797,0.7274485438842043,1.2201294587796008,-0.08633575428882607,-0.15912459328880665,2
0.4562886758482376,0.3513733130352462,0.42203259676560323,0.37485298410489654,0.2959920657814229,0.8095886180014226,0.9301833679260912,0.37478239041536,0.3670009069143226,0.09605654182911577,3
0.38544022450837545,0.30199990359562456,0.26357530710642046,0.22298981021616843,0.36135471623170784,0.8435451130784949,1.026481683977747,0.2822130912324351,0.5286408666669288,0.04616919869320969,3
-0.051720975405392,0.4716117225675009,0.31969909302856536,1.1322483179035234,0.15730567499291526,-0.13262577153803745,0.3961885031105432,0.09995157803772844,0.7847228540810236,0.46632343708143537,1
0.42874907816363816,0.6208058412735931,0.710457369218641,0.454963035799315,0.5885953079505719,0.7503397909022135,0.915548481050327,0.11966404548146893,0.27954443399332884,0.5128129541160958,3
0.4556728149771014,0.19824617987141815,0.307969981733847,0.1636039299561016,0.32684825575762144,0.8611688634242992,0.9595150516130206,0.23016536174030652,0.4485326828615845,0.007922232750618163,3
0.5392728875948184,0.5049330526777899,0.05370060456696642,0.4993066731316078,0.2905746948041972,-0.02101076292221292,0.1618976819933871,0.8057095045937126,0.13649799488604422,0.7031689452459318,2
0.28408003690168804,0.14669278920719864,0.42257799057782613,0.8548476784376531,0.8053667381488254,0.341495913451334,0.5868463098154201,0.150632466963938,0.23027669178421922,0.34832326076023945,3
-0.0436481689125295,0.7917616713106045,0.5536297979227269,0.4439960432757425,0.992196335586522,0.5367627787724433,0.5877379257628156,0.7152907940223385,0.6143134893855797,0.7151006956805571,1
0.7648242511344433,0.8333334238973041,0.6420698115867715,0.28353709054769083,0.910792961648796,0.9846574392599707,0.13033179669768438,0.43903940511636536,0.6948515656822525,0.44126406764506043,2
0.8191090654269394,0.469330291569483,0.9151047654748075,0.25993692326280093,0.007509294726076948,0.22040005960610556,0.15663052842098765,1.044866800546925,0.9325583522930385,0.7589330688401426,1
0.2872528270600715,0.5085712554320648,0.017224475165296925,0.21109432976764525,0.4499849422845157,-0.034400673740361015,0.030860695361146856,0.19262137303198698,1.0948925833731042,0.33338385509799245,2
1.0417059107640554,-0.12875293333452065,0.1757323695782974,0.30038539134990705,-0.26043910469330395,0.10891500712307461,0.6240206200641685,0.5274906183609341,0.9074644571005854,1.199379877550203,3
0.539275208680008,0.20500205620060946,0.2591163308536473,0.24811120203627784,0.501031442761942,0.9072681056537946,1.0055901258243867,0.15232010400930845,0.5651445499495089,0.02859080666880845,3
0.5150696864184644,0.8108707597961311,0.7387228073623248,0.8843184479844577,0.8351536550885579,0.43747213462578305,0.18373398176365272,0.9436560469404359,0.9683206244945151,0.8269909397640343,3
0.5667718479479612,0.9803417322163268,0.28702869678466153,0.6134500178858926,0.9783271511771358,0.5069028397737091,0.911343933931724,0.11439730109362757,0.9294654129876225,0.8429387437815683,1
0.07296544974807817,0.7103681071926623,0.8954320921253673,0.5867352048404598,0.733916089154809,0.6632185217804488,0.4620043498303381,0.4942361809349662,0.3346759865657822,0.5393875811564217,1
0.3675506138037212,0.10077661936892951,0.5887869493871003,0.14106691564639454,0.1425880584115399,0.697715170631823,0.3053441488998974,0.27522925552674365,0.8998853285108289,0.23628501183868547,3
1.1757942644058619,0.13842829402149928,0.31387024365324884,0.8346075599954188,0.7625913098074062,0.298854846983715,0.5487167532183631,0.5274835684771426,0.7874335914168025,0.49269235052693305,1
-0.0034720386162819666,0.24123983717573258,0.17356641270316653,0.19915007197263845,0.299990279863954,0.7340934315295413,0.4020384762680056,0.4553068011653816,0.739401682188233,0.4945516005919986,1
0.3016686322337925,0.3919384300269203,0.44208175909119457,0.2232334696705951,0.5177500493886571,0.636052007530988,0.7693027921743102,0.23438133446272158,0.34857816616907805,0.48665867992073897,2
0.5485330642548251,0.9025671018404303,0.4201309613982427,0.6513348871298262,0.9684640574600321,0.5264009796965252,1.0629240826885462,0.056876436061319924,0.7753135648248249,0.7817442947818461,1
0.21596188025588284,0.5106518386961871,0.560328820619195,0.17820228008211642,0.6915256272805035,0.8258387111180009,0.9579365858725448,0.08192145273780957,0.4879927298660638,0.5818558389678645,3
0.623607459751438,1.039709928326126,0.3318708561990356,0.642701446713372,1.027327802072382,0.44207742652720167,1.0001399721209543,0.08286180385046733,0.979604956401499,0.8147282757280168,1
0.797868902241337,0.4749941871580448,0.7547785675140157,0.4967229968665324,0.6343312518505871,0.09906157792480606,0.6526197482356966,0.4451227678767342,0.07629050037123904,0.07015188413799106,2
0.09504234839702805,0.4064695587553411,0.05515215031822077,0.11463710334127836,0.4341532302759744,0.11472751910674915,0.1368047931053964,0.4229831277038664,0.924656456280305,0.23175953102628222,2
0.47745389469578847,0.508557109469331,0.18553464863263408,0.5765309529844848,0.49119068604201804,0.6631430940889198,0.9180030798733515,0.9233094322849367,0.4406142881043718,0.22686530959322146,3
0.24936164239405278,0.3366565779480462,0.2752195032714359,0.00038353039348781696,0.7164447271195936,0.8523786772633454,0.6823899159802472,0.04718229184783711,0.681749631942437,0.3636883387758794,3
0.7467591544117063,0.36653289978683723,0.6323814940694817,0.7158142411603485,0.5037382868735395,0.9688119761574985,0.5661473291437773,0.32181826908167016,0.256808638060988,0.5202361086953197,2
0.5843508509694868,0.7595375087501606,0.6786831323849809,0.2671965178832286,0.8484694524758785,0.9608838690004707,0.3269146883297637,0.6310366372989278,0.8312449071923707,0.581688027443457,2
0.6115502667056456,-0.012228969151901914,0.7892535314740738,0.568018568951634,0.354785259382683,1.1977048598709568,0.5715701362583518,-0.14730710617565762,0.4107388945725091,0.835154601824534,3
1.3195345150386935,0.28984465844158014,0.9806552744659549,0.08774991187522516,-0.034176804564606145,-0.14491049870662912,0.14386994456852648,0.27229145027390056,0.49258260010864,0.3629860991124694,1
0.16633155532077698,0.8158682053382075,1.4992621608221295,-0.1876353866528947,-0.7209156121380946,1.0098877546564822,0.5331745693946508,1.0737335892183781,1.055369540384945,0.9942905296886225,3
0.05636584172698688,0.7737655463534967,0.8467211851334122,0.21903003361653414,0.9873921657991535,0.5311833153347197,0.6852234454072914,0.46142751480348565,0.7160227227457124,0.5076137370646623,2
0.5864861269448924,0.5522329795235322,0.5659950363580024,0.5524385710910675,0.621681422682463,0.3493123682006032,1.1693749059883567,0.28928517485388694,0.13147044760559246,0.9872547231483879,1
0.6174405783219871,0.6499206371172218,0.14851742823002873,0.7297741094171715,0.1673271669191256,0.8852377364315569,0.1036940330135802,0.34442915955542913,0.05321518687536603,0.27763829015405067,0
0.6715538462766021,0.7664003873515128,0.593185880739898,0.24429076311772455,-0.2319279191648455,0.2755600197230932,0.3678681301483153,1.121470917847012,1.2434069684571851,1.0416502661166245,1
0.4251352009825934,0.29722791322035935,0.6178996564967341,0.5019498287780823,0.3375019623733642,0.5244911301642005,0.3466148215750249,0.6350641291719044,0.23908574940672436,0.4872903332935763,2
-0.039911885585569656,0.7406707464099656,0.9804039806183861,0.49420173310882604,0.6661731905699425,0.751670328047847,0.41117503612399603,0.5118983254210226,0.48061616075594793,0.3857936972202,1
0.6582268591233935,1.221394597836049,1.1069231587388082,0.8735278738527844,0.8509181790637349,0.15217422730981334,0.4404510034795318,1.1904337578797088,0.5937533207929047,-0.38525922346403957,2
0.42079417756510634,0.5636862763374301,0.39562586748459444,0.1454912012672327,0.0448231398545433,0.647374019275784,0.030066582218773664,0.6304553653140764,0.9308548646666703,0.15864514146092604,3
0.14302883347066375,0.11976916320710952,0.3772002361709773,0.7338406382520822,0.07038678280447025,0.4141079767712631,0.554515255708809,0.8446889759297947,0.44035517608582375,0.43432103375032793,0
0.6585731454883114,0.4043939988846138,0.18931915195394172,0.17207254960553325,0.49637813150552046,0.8408519151025171,0.7886944016562883,0.1815667480644148,0.2475574733801089,-0.10463207773597102,3
0.5232552910028754,0.7104470799602474,0.8372027265037453,0.6397081226008319,0.6585295633502108,0.13869529530058197,0.6791882986137563,0.22713465180606762,0.5750536984480726,0.8623288670938571,1
0.9969403364694324,0.7740938463683428,0.6359595784146828,0.16465479761779522,0.3421033223295894,0.5318806589830573,0.4855593021217037,1.03368845694871,0.6985573329787244,0.8781973258787573,3
0.28863284036340553,-0.3063538642267072,0.7960313706041103,0.950899591263134,-0.21832862974469924,0.3481768712235091,-0.08928644821759063,0.9372249191273804,0.5297707624876764,1.2365037604133196,3
0.4540552036579856,0.8152244058161544,0.8268223920233325,0.6371003993589567,0.20357682106268027,0.02833623518111983,1.1747073364070975,0.4220017419124817,0.5907124065297401,0.5057013237365807,1
0.8247222344124288,0.5742228417786033,0.9490138190785304,0.0449478759670415,0.21184410606488602,0.3894918946991985,0.25548488352461385,0.8401251155124431,0.3229047982634348,0.5051257629309002,3
0.2867966400714249,1.1661611125463607,1.0916757995387338,0.6150466226658184,0.3634125649228442,0.01997993724621408,1.1685634744221016,0.38342768775476477,0.7868435022250994,-0.011031733015559125,0
1.026825604466919,0.13398724159556874,0.5989188648861293,0.3174084299109421,0.5477312358715963,0.08895510578243367,0.17050648932303225,0.29637075990467787,0.10543067877532523,0.3173152808042821,3
0.9721847950822647,0.6890197453739895,0.7924265554196795,0.8829964190418825,0.9189194729180326,0.4583626187997999,0.8867746493503832,1.1748989704976356,-0.02338744539800479,-0.16239205912822124,2
0.7691542817392486,0.5440013290617798,0.6368196484380768,0.5605187168774345,0.08880600608121057,0.35334628565701803,0.1329268008400214,0.5135534843801338,0.3192719311564316,0.3767698641462514,3
0.724853510852771,0.6452893679951418,0.9289887505896262,0.2170754988432487,0.25779124810435555,0.1351192766431095,0.21392540457930093,0.821516191770507,0.8632466561260703,0.9262350212018959,1
0.38994689580402925,0.37250307136177147,0.4464947702212967,-0.013260817001731998,0.5685327868706485,-0.5171070875299575,0.8003356449258354,0.9679756915292606,0.7318643468871983,0.6101918458711668,1
0.3781289116434232,0.8106784878172306,0.7875791910964094,-0.12701058469181986,0.8025613817273138,0.649301542100392,1.1220998567437437,0.018064698365338153,0.04071179009619208,1.0002247650458063,3
0.1034248610486079,0.3259104232190771,1.0289539562073677,0.23116122992056867,0.1769459036248441,0.09308475378019054,0.8197432293660675,0.12789524830900012,1.0084910492809198,0.21622048338387814,3
0.4526093995977011,0.22567556303978076,0.29240340787636565,0.14975198055166591,0.3376175929909753,0.8645140803741518,0.9269654249940061,0.2550507960465327,0.44920991844062547,0.0344975941098546,3
0.9611469027681542,0.4889873448737609,-0.011522504122525638,1.0166086987259797,0.025096950097814787,0.16727760279577647,0.047940969755624924,0.8942705340341356,0.7615751924032879,0.0479284138623492,3
0.4567362515310517,0.9357165764564537,0.5044918952465418,0.7819127488085683,0.01506686197095907,0.2132785827804295,0.643240223106815,0.35359085429401294,0.1770398078097526,0.08627997595103393,1
0.5932627532676233,0.7936817607539708,-0.016304688490148073,0.700569665500242,0.16388202389535453,0.8176031967501015,0.08107650894990752,0.4777713215905599,0.18840781904540682,0.19984209712240583,0
0.6338854256926346,0.0997025384175489,0.16407991239547776,0.0854215008299386,0.2016315128977016,0.9350955688989773,0.8218605706953519,0.09824006272980035,0.39409513503683113,0.18703906269392948,3
0.6763825524711342,0.6962697099887047,0.3187920867756106,0.6275942317667479,0.37317189126039585,1.1100029801501587,0.1864015046416152,0.23010814992990336,-0.1200336873529046,0.4999680250098,0
-0.21934074630991912,0.7327956705636915,0.056697944703348796,0.3327842833004676,0.5505619879601011,0.8092685315184079,0.33167063552863346,0.445489090822378,0.28996407250236633,-0.011328967252697497,3
0.906356851618964,0.5356477464465697,1.0684640912138321,0.204477295946765,0.007777657156525203,0.004425931541674449,0.4546843705812544,0.7635606347282442,0.6910802364640147,0.8017564069300461,1
0.5947246238833196,1.0173839581339073,0.9259153088556328,0.9695231059369052,0.9308836106404901,0.6552210317441372,0.3244701771115307,0.8290905249205809,0.8147825965329522,0.6050315064146907,3
0.5772429855505955,0.9687250674075691,0.31629966097670353,0.5683839794709246,0.9640561986981262,0.5075950633217995,0.9388898476835456,0.14540627990240618,0.9148446025949545,0.7933109638607077,1
-0.08889081098487592,0.7623803867275368,0.862005617611211,0.8789472140741577,0.6621220678160987,0.3280304899325295,0.5400595578725965,0.9636280544497924,0.5547276082734358,0.6906628183217717,1
0.43165988122919463,0.5852001622527352,0.3733244704373752,0.11979929880367127,0.05343548038222241,0.6318088415431566,0.024191221697791372,0.6333174023885056,0.9153377619191513,0.1528706288649116,3
0.11664648684389217,0.3174441998871296,0.28715679970377367,0.10398906908174971,0.48723719344944816,0.7815432943803312,0.21205111924566394,0.46389640297105966,0.5207310138593623,0.6360803751092492,1
0.19957535807034735,0.5715371879837187,0.5603245526083351,0.9984868254570896,1.0181641173829419,0.1475557301447844,0.7288866053563864,0.8677426228385583,0.5313147716173617,0.889297994532585,1
0.3588243223335742,-0.18734860570573414,0.3430041003152541,-0.17895477714081803,0.4939011030383383,0.9884694924094231,0.42258828488645245,1.2395201172204642,0.1702888890214539,0.08063752677320657,3
-0.02240906587778392,0.9301402593543111,0.9446878493039159,0.9073344669865111,0.03765269343687691,0.2471754086899274,1.1028025478411934,0.406574681405939,0.7186725206628352,0.1467410359599522,0
0.8976031832527238,0.784240960451714,0.5043526706158956,-0.04372301097222629,-0.31740566097195494,0.50468231017487,0.0491111845921372,0.821325333790046,0.8985979583924155,1.148978471554082,1
0.5784777660550189,0.6933008428651013,0.9609632577002235,0.057248791184455534,-0.06518434886969782,0.035730394863413305,0.43110580064628906,1.0282498818556507,1.0444016056645387,0.9091078115764688,1
0.39163908093519034,0.5289713229570425,1.277445293128729,0.24573635800168792,0.4390049392469317,-0.24020872288653244,0.6721623728351682,0.3994792046613013,0.8830391195008337,0.36644395257050744,3
-0.1045184141518272,0.4375859645427716,0.8947936013958359,0.608492482133433,0.7594903367255992,0.8720526607338358,0.6039933976988855,0.20961989730402686,0.36743326478580834,0.3731561188481038,1
0.8964124464316013,1.1401790985300981,0.8597471578088558,-0.4171098406038763,0.17638076262695992,0.2738892138238315,-0.05218222835169356,0.7358062829863057,1.3137006501552293,0.6969939423237671,1
0.22634795059936563,0.8108573944341948,0.6007894640429567,0.3208558581607855,0.6312435111298635,0.5364550055711872,0.6817386262480527,0.44753946410243195,0.20199237370024772,0.21502948985871892,3
0.4722356083429548,0.18123263499056247,0.40049768577573897,0.3354315857296968,0.48361989285550155,0.4988304090322612,0.34495367282648337,0.8509644788789816,0.21303107077477185,0.5926500776696352,2
0.4365474301124117,1.1185546586889865,0.6735487142020004,0.34830134602180207,0.6404363468101194,0.5349607065460267,0.45575426793238655,0.37250203669367465,0.23146631490003433,0.47887311482445505,3
0.03928621610885227,0.7787052220758413,0.8478123027516814,0.229346044785518,0.9922612324757045,0.5288017422318992,0.6749770164512385,0.4544930827850764,0.7176997925915073,0.5028295075752481,2
0.5113269914911875,0.5151130990129359,0.15595866650766577,0.5182529624562406,0.493694272471315,0.6514523144328558,0.9321441537340927,0.8837862632129779,0.4726231340508492,0.14672942122535626,3
0.43547177809543225,0.4342088755695718,0.5700903862533656,1.156475721034454,1.310377195447425,0.4430725754474875,1.0858845384521099,0.6369689448099884,0.20623833903465982,0.6973671051604238,1
-0.27965713179765006,0.49693026440017957,-0.05717961757119411,-0.2626736809897597,0.6592891811796775,0.8969909373552558,0.1909125764217709,0.3020712069543182,1.0958933090274385,0.060841438600925,3
0.17653560389782416,0.39092823391749476,0.07550637037337818,0.07556654924913994,0.4373315693321135,0.026742899791322217,0.09984884191443474,0.3259478583925195,0.8695499881120354,0.20453347655890342,2
0.15656728676105508,0.3647143560763631,0.5415827925062481,0.03847877953260406,0.718858003585606,0.7833138668282504,0.9764983671315635,-0.16623320501194053,0.7644860672530182,0.07459805080227017,3
0.4857306209997979,0.8253957357837636,0.13501178163884225,0.40714245770556845,0.026134204451457255,0.868121028912811,0.5188761591316053,0.4697112112281485,0.18400196308037708,0.9088579375567313,1
0.9069759950666108,0.4620480791435418,0.026228174057849954,1.0029067011902122,-0.016510711828713276,0.19514140731282092,0.05864917395439279,0.91178287811698,0.7775075703315161,0.09422234635015608,3
0.6984822253682991,-0.3429674746254461,0.8299248649071198,0.680280079463504,0.7738811078449852,0.6566575182853058,0.6986151081186172,0.80146869420312,0.1611322324559767,1.24609697291051,3
0.9995551521414762,0.32556578911097345,-0.2322479531761358,1.0065596219870006,1.0544349036763718,0.34251263580703906,0.8701079389120049,0.5855990790829989,0.900017009170943,0.7877144136660752,1
0.13706257639925676,1.1320603050472957,0.5900780913859828,0.3320791625925597,1.1326480035488176,0.44706048359844847,0.5147685204277602,0.4773525641079793,0.47225120151620015,0.7470224631843883,1
0.4088160544819066,0.35571211745599024,0.8431647817065546,0.41724563150259414,0.6740231322993697,0.156631141580874,0.9001117007896915,0.6530969119946624,0.6283916359687386,0.13623293716856794,3
0.4134456399874521,0.07811067913537598,0.6311842176589397,0.06265535051664615,0.11630453799129462,0.6139827764073814,0.19909784771740163,0.341696824426065,0.9534259188845695,0.2483902937908512,3
0.4059526760939238,0.8650245243439567,0.6066739261219383,0.9332501115927299,1.0011102504559026,0.20961486166182147,-0.049327371555301175,0.7916960098505488,0.7659561853431845,0.9168421787979669,3
0.5170127417890198,0.1570140308348227,0.3222546027668408,0.16619586787663312,0.4363209834345059,0.7662853426270467,1.0625298847040991,0.28069104226795233,0.4317719677673368,0.04702059706545021,3
-0.6291017207844015,1.2184981304929612,0.9646620565332709,0.7827525113410353,-0.10193329726525296,-0.09385582121365571,0.939390463726323,1.0688077407592316,1.282499375169428,-0.15490107733445982,0
0.3856183571470076,-0.0016026650264690245,0.13467983711332593,0.4091964006469585,0.4240324021339108,0.39741538030914003,0.6752241468862719,1.0120804625593924,0.6487168753005095,0.15465794154488394,2
0.24242634750058642,0.42838771196996905,0.5797053727612653,0.24257247514611957,0.7096631828877142,0.9313699438556332,0.8626616244286126,0.10107654587030256,0.4258071646742335,0.6696366346876836,3
0.8973082524830833,0.7275134367204156,0.626894266066044,0.16630417251997753,0.4009833994983677,0.46252217776124704,0.5076453352001361,1.0238241391233849,0.6754237230785268,0.8164114402079524,3
1.472265750812336,0.05385435490858159,1.1982233439301266,0.7186768511203366,-0.3011043066395984,-0.6173887094697103,0.8121161341717257,1.3583439041614898,1.2328589364657208,0.9849480116991552,1
1.1514175562304105,1.1179998523196863,0.5282699208558964,1.476988681055938,-0.06249351668470998,0.9616166819665068,1.7866399689098413,0.23810971912362183,0.27619661383990135,0.36441837198689825,1
0.7563469680775664,1.4918368036256475,0.5638657889821848,0.6693230131823141,0.08085435806843792,-0.43028542164021555,-0.3243092686063984,1.755258859903789,1.3151098660892746,1.6953796447883647,1
0.588677435628328,0.9684143292465782,0.30170297524888356,0.5429824667513505,0.9798374866597834,0.5104209992696075,0.9605679390715803,0.1273008432492706,0.8952889196630616,0.8126024888540471,1
0.19558101893563437,1.0592326745949545,0.7359522432131853,0.5205457257933234,0.7464527760719135,0.45992287123821946,0.7384164384502623,0.3761431868987602,0.1768634376894624,0.47525839467054515,3
0.630915059230051,0.6774214709698241,0.13375090132816003,0.7765015467520352,0.19865047818600123,0.8916503585373313,0.06316903672001291,0.3388383920449409,0.0368594289457767,0.30355296022560024,0
0.5376518650518696,0.7889888125595014,0.7586489118084212,0.9147919071011973,0.8066926508594351,0.3930036404647584,0.18769385288751708,0.9101557824186243,0.9843892318076685,0.8560132094568319,3
-0.32670352926348745,0.6183985299683181,0.6523163452952299,1.819226232041771,0.3453311905265416,-0.08926650246064138,0.17580709328365587,0.7003933395940152,0.2611944776124594,1.6969680703252048,3
0.5090661474769744,0.41835729429340685,0.8141486171845556,0.6534067782933236,0.5310889645218031,0.7507091968064558,0.750153155805281,0.4369281988796029,0.1423685624292837,0.5740667528287889,2
0.6068977097636186,1.086504273924021,0.41582625567777814,0.20125938149556388,0.8109426994541176,0.9732462167314335,0.36804882921432297,0.21367088648277466,0.853546136109711,0.49354728675336884,2
0.3184538945127098,0.5089975954768369,0.3131968476426445,-0.04376225076816235,0.5606718365459247,1.0730514580771424,0.7228058980900508,-0.16069539156254903,0.4450271079602208,0.1331812505081113,3
0.4106700107486128,0.8630679622794994,0.8852811764878417,0.6450416846831302,0.8840245597910067,0.13998046179939,0.9721782426195346,0.9990039721779364,0.7031799163518132,-0.00975029732733046,2
0.05990519859629804,0.7745633795024472,0.849983363638366,0.22384208620043985,0.9912977418726813,0.5280438492803748,0.6831432009556663,0.46337166197930413,0.7111377771380121,0.5040281916685283,2
0.3439370055459704,0.9505385993750276,0.7713347073624374,0.7300978590514183,0.41433794233441235,0.27048489836427625,0.8835641982637532,0.18069376311767282,0.33837069279690746,0.7951449812149797,1
0.690816705447314,0.4552550420965247,0.6736460858051703,0.6777104975305841,0.6096977308910198,0.9182861562567067,0.5927888105730619,0.2730001362524315,0.18019566829937522,0.5104939262440796,2
0.9088269763401672,0.5211046000372836,0.7905913649087345,0.5191365220329941,0.45534595661011923,0.1736249815494214,0.5746607554313425,0.5409162041956961,0.23576724727822096,-0.005724420976711692,2
0.16231624000375355,0.13008872684589312,0.35043208790607167,0.6957864997716705,0.0634780012658918,0.4303184839671259,0.5774141939366978,0.8523406296990494,0.37715924463120176,0.43866391796985466,0
0.19171428141375962,0.31271531162489924,0.11451609367197463,0.2123875404827437,0.15605512528959617,0.7698182753332965,0.3992210776304823,0.21738098541647188,0.4936363851652998,0.5444306005474242,1
0.3244910469960344,0.42094652438656055,0.44492339896728694,0.21517779615943278,0.5140754511353544,0.6345301595599999,0.7798876857742502,0.2220307842060361,0.39718423606958764,0.5005957632237205,2
0.26399740673526473,0.9532408134380372,0.6721411451609687,0.465873131138952,0.7919154973964154,0.6314531585499805,0.6069504495832877,0.5006555059640186,0.18585941696004513,0.3422046167647064,3
0.5919087770984206,0.9564932273653801,0.30026928302030986,0.5565157829219308,0.9722578387586949,0.49650455862117737,0.959020405135643,0.12434000426709228,0.8824900570596148,0.8190905771888713,1
0.8811931002791826,0.6086757013786585,0.7362050846142212,0.313196033628203,0.3325276141726112,0.5369867759470547,0.4901166610598929,1.0676761947520368,0.6358931660562314,0.9423363714038119,3
1.09134764932312,0.6577879845139637,0.19060441414003332,0.9470898048300467,0.6747968062512558,0.6331549296319758,0.5316799598115793,0.9916986632682816,-0.08176399285308748,0.10942350177156535,2
0.08412618533611937,0.16314598031325692,0.7933463354008713,0.29744110694973014,1.2471296772537053,-0.025603163536260153,0.8793631795593735,0.4909472391064454,0.6843927090232679,0.6448738750069698,1
0.6557298092336141,0.6110666268873227,0.7245072424868272,0.9780514365404382,1.052113041313865,0.3754154509851076,0.09530816911487197,0.7095571565528799,1.0849027949589072,0.8782286402433842,3
0.10695487447539552,0.6879311775462843,1.3139101943717557,0.44523280640414387,0.05975950232827734,0.22228002374930975,1.308238062921686,0.15384681743559298,1.3173558207626963,0.3335983639737969,3
0.5325198934598057,0.3249865567669212,0.17244443759594533,0.19244337010120535,0.4423796615780641,0.8251541481437941,0.8574697614833139,0.1603009109517633,0.5265168122146714,-0.019170322674936242,3
0.47080477862013137,0.8746598241206079,0.44363486657899037,0.6856129171856353,-0.06038222377643021,0.15114656397522136,0.7502042150113323,0.17317559861581533,0.029503630227109598,0.3567393022132604,1
0.2177326743228294,0.8713142605614286,0.8181441897241288,0.7735177388785985,0.7383235313188504,0.24220535231776102,0.7326462319983142,0.6373045462191429,0.5332328167266763,0.3229192136646416,2
0.891827261698154,0.366499607450359,0.16364564215067975,1.070331498503305,-0.061187887095757176,0.19944352495489803,-0.03598522130637787,1.016751951709944,0.7869266842974355,0.15125924964777254,3
0.15925429218567527,0.08088566664490049,0.12088098927579846,-0.18119102110949578,0.7694725297211521,1.0792007562904986,0.5558544355000626,-0.017870319423792136,0.9110755500760719,0.25596194022653856,3
0.18981390619870891,0.7997467261594465,0.9306939027522689,0.6420899303528402,0.6112524694207333,0.7505564404863061,0.555992398171928,0.4571129782509367,0.25625260474694506,0.3762542587940733,1
0.6905685415842058,0.4719562366080569,0.6705333517973291,0.23302814557553703,0.7187827218533942,0.6774246429723517,0.652866159467999,0.8876587616085079,0.19167296292244035,0.23979301794168484,2
0.3862881103531426,0.3835432369049017,0.13159854693420087,0.03265035709935406,0.9877828837284746,0.9196644177885115,0.9346821762443065,0.01290568866464039,0.490961451164725,0.6384350099778539,3
0.9687619277075282,0.047733304348137065,0.7427656602439693,0.7440040602753464,0.34036845910471464,0.4148049913679166,0.38047376850237946,0.8991077703754822,0.4913750800176732,1.0682004209798222,3
0.17150031352485706,0.9941356772605512,0.5611937585740637,0.43442069483094703,0.8047824657558545,0.6346556271520115,0.6592631943918132,0.5400449514049446,0.193050382655353,0.34708627284781907,3
0.456306937527426,-0.38795574211249084,1.9098802171589937,0.06964237162455203,-0.3569600589910542,0.35411221053373254,-0.15408992080473805,1.289175480781437,1.3570644400981777,-0.27021343275688947,3
-0.1005206750952411,0.4392431303919843,0.4694442003408128,0.02800101373240993,1.1298666708488965,1.3782853784176872,0.6747052483953115,0.001993962407065203,0.1718722488409588,0.7996794574948252,3
0.4555368582553809,0.5849062412070997,0.18970758802229346,0.641754493639023,0.4596240338483387,0.6725909146870785,0.8997850947324334,0.8648192855427562,0.41339052667534604,0.18127622336605487,3
0.22655674044828958,0.32510660699024957,0.28408543744662673,0.017808732743480157,0.7302031888853209,0.8396458903401349,0.645204242174531,0.07884822276017911,0.6429243502613614,0.38419195410524226,3
0.5329855519437008,0.763013366291867,0.7846816418012935,0.9115314171026307,0.8310267094418334,0.48705485936435156,0.23963265174732215,0.900577312173152,1.0208743175239938,0.8127411098149793,3
0.10366452597203034,0.6671075131918124,0.9369792723604998,0.6112033651885547,0.7130841987930022,0.6325946831996292,0.42171826301157733,0.4437305836803994,0.3368687292121243,0.4929923731101496,1
0.21326160989097065,0.5496499241891424,-0.10917172158144597,0.4064122026564779,0.24289365806379426,0.3227976479071278,0.22678369840635196,0.8098080711464648,-0.07685396348414336,0.6223725338570657,2
0.31961640099272065,0.9044945261545743,0.6999882217682322,0.7911599838728217,0.42919189938408203,0.2878918157436589,0.8950309328461152,0.11358509799513626,0.3961381207388655,0.7307020881475814,1
0.5857758746279931,0.6557028188328942,1.0466757169683136,0.6505009018303162,1.0075847515559586,0.5095563769632003,1.1392926707971154,1.2136385439231232,0.5447685462783886,-0.20991410679980016,2
0.15493746254527427,0.601070865260662,0.8856698767606971,0.6345736448721411,0.756509756042864,0.6415013840258152,0.3978320640192267,0.4105511447001618,0.3658978767005111,0.45227997211721715,1
0.5788332827343132,1.047648458658636,0.5921878668397713,0.87258163060754,-0.1406017550673616,0.22890729847130287,0.49563099832310387,0.33854095209932,0.28874575392101254,0.19508500112298205,1
0.48469140465043903,0.35720842664374247,0.5629348739570303,0.7980084371227941,0.7565120981306918,0.6832322534418536,0.15172262257054817,1.3338839602530865,1.1557588814628517,1.1634307904016363,3
0.11811593751912132,0.755893437943935,0.91296467369495,0.6546504204309808,0.6629017013301265,0.5385737536922142,0.34471365944203114,0.37052146337940906,0.283291887850819,0.43871746132761447,1
0.5209542860972748,0.11840512410290288,0.4456593242268637,0.3416866431052453,0.4598873756229344,0.5007361249544127,0.32655261104968786,0.8461238999419382,0.27618105033787604,0.6442878352011961,2
-0.012865069251450312,0.2666527351030066,0.5193228504144569,0.6457178663891708,1.0650136686587204,-0.03864392577071475,1.0711134653421532,0.9871515484234792,0.793167825921364,0.9955876393052961,1
0.3168550862728875,0.4241612714728679,0.4562231406046084,0.2669288894570998,0.5818144943848386,0.7011520415323027,0.8145497382245821,0.2381892003176398,0.4149106099064334,0.4914757521129438,2
0.1412174323277265,0.10495644950679803,0.39246960818098714,0.7457262200210003,0.06869320018866734,0.4104571274615333,0.5257055786224799,0.8180239243870594,0.46033376411915244,0.42715407047328663,0
1.1120698930709143,0.8552846662734566,0.7243802231966172,0.616284069645824,0.18020465214837192,0.16289183072108862,0.43654139062963204,0.09598516167730889,0.2750386762058631,0.8572983835421437,1
0.43032066895851623,0.26029662766905776,0.43864235980619937,0.5014418812168628,0.7629160480149383,0.278429873825429,1.0955863819737772,0.7407476007911986,0.2585984531742813,1.0130832874484987,1
0.40391303925449895,0.5373866848925555,0.9821222954439957,0.41222753914322324,0.5777222933919491,0.20544585097721235,1.0458009127695411,0.5627185909350825,0.6518916247896723,0.0009942597243134954,3
0.2520315632488296,0.3539394924359391,0.2889464649124972,0.016530980032156868,0.7400825810013226,0.8606404274649055,0.6755638619511676,0.05209064475045967,0.6664885259700197,0.35488339987533235,3
0.9814276180210143,0.5141554129794087,-0.027637662808344107,1.0024410611147434,0.02012681490984544,0.09569272133062004,0.005642464809473547,0.8556460779898217,0.7969262234888017,0.09065169947046114,3
0.03703509714785667,0.9391311890957033,0.7485047202237987,0.3683872689991005,1.0348995297406625,0.4745355935097909,0.5429749320702707,0.5913573337057981,0.6300428423211522,0.7496986851984734,1
0.2961721287058136,1.1856927478550154,0.564343663443378,0.6314671480259735,0.19318812369420127,-0.006748089958609538,0.8591320763208571,-0.0639353964816331,0.22936766134627545,0.8267836048606529,1
0.4753468917791261,0.7898598889122038,0.15869359669734986,0.4028977561199013,0.06894964011382745,0.920938058514286,0.5174672557486041,0.46193151198683596,0.17432107481486658,0.9457891169544271,1
0.9184024542662697,-0.24938410486800583,0.1156080932177358,-0.023180242018095876,0.2464149710413846,0.11654417934027977,0.8531057929784753,0.3294242378320669,-0.0385346282034193,1.0331539768554683,2
0.7920762862135579,0.5489132338347525,0.5790007523424507,0.5644733094499683,0.07638982190228011,0.35746768943449186,0.17458386876900753,0.5308099665678419,0.3819801145802604,0.40964268594161235,3
0.45825543750074327,0.53116428330425,0.18525277771103027,0.5688565663345994,0.5006530301064348,0.6632549572253942,0.9552342790425046,0.8719212509561569,0.4441558563692448,0.21072693065242673,3
0.23619149023962765,0.4649189715212066,0.3538299003588788,0.5739328293853625,0.5970224782196422,0.9527440379042783,-0.04664249380443533,0.425678362907247,0.5067650276539941,0.03157742558207219,0
0.41597714552469034,0.7074313724060285,0.18014231171860634,0.2305613818045004,0.08472323131720007,0.7601556742518822,0.4365451605287462,0.542484884993882,0.11142582173919197,1.0244586463613736,1
0.0002808928211441922,1.1477587993968537,-0.18942095216677635,0.09621256693719107,0.679418661379191,0.8209966465776355,0.41527741116913686,0.31686820448966346,0.47346521476927017,1.0093443094916112,0
0.4088496961320726,0.5563160548552047,0.3913199750095894,0.0952386429159991,0.04113842012935157,0.6117558019440653,-0.012025200728377566,0.6639882992945153,0.9463834469738627,0.11601785317641414,3
0.8804244310273086,0.9600194103561034,0.1934855910342781,0.7135849754233008,0.7360316285971241,0.21378917407780165,1.0117718389896764,1.3934978257534794,0.5841436297978732,1.1427386978466987,1
0.25023253492247954,0.5958584212251441,-0.089119421126652,0.013943084315845344,0.5880879411985107,0.40132327727340744,0.08722007301432941,0.11078129057081637,0.7548760534694606,0.5614620104240386,2
0.3982697780843231,-0.011755670929801385,0.3729420040574129,0.25962665186010375,0.42190120315367624,0.4523179005076605,0.514845850620073,0.4570815516261113,0.9985462309068844,0.23735923588789085,3
0.9828313667555123,-0.19618176778619945,0.893987710768116,1.2043227586189489,0.22991096347401604,1.6170955889105867,-0.41946540662218923,0.8716979838235246,-0.0872224775415408,0.03809945398551151,0
0.6821459494783109,0.3120817419405152,1.145187563508562,0.6390561075194562,0.44186996611742835,-0.011161647904584043,0.4318050125057338,0.33142988952436897,0.08329461654343212,-0.06033368512552134,2
0.5140429872334928,0.78626664533875,0.9074128446260374,0.7320095667064758,0.3724350240802509,0.2721032548885271,0.6956919245155685,0.1612757875677418,0.22756656371189216,0.772724810276404,1
0.9895733233612309,0.061774060948564594,-0.03317208578380142,0.6881619209901694,0.9705778344237298,0.12343974117227649,0.6585973340866527,0.7365674075369432,0.7358053346518817,0.6335906424219324,1
0.4239121362315527,0.560373994191951,0.3975832727350879,0.14535885479138577,0.04474764325353561,0.6473308999323395,0.03250185292502796,0.6316387850297829,0.9292688521691523,0.15939523889740145,3
0.4981221455996916,1.1578317099580326,0.7588318029557833,0.5564462132809275,0.8093376123352325,0.05792420854875649,0.8117084577020997,1.014510665503346,0.470260574590797,0.11191582679136128,2
0.6370886731851462,0.8875689775784971,0.885807887378941,0.9440724291807044,0.7007709236204641,0.4986046568285112,0.14661959214524042,0.9951895298523659,1.0547891324041705,0.8444201247637348,3
0.46001862426880025,0.2164658860244328,0.28422003404966145,0.1510772001584011,0.34791413001264015,0.8585938130969728,0.9441626529295029,0.25030720840496773,0.45296395717316357,0.036170302985872926,3
0.3178641684893937,-0.06897504116499709,0.2960465656190466,0.18244668389941793,0.5392095404297672,0.5913542895692232,0.6692512614194372,0.1835897841399901,0.6311768028720156,0.2853750014855664,3
0.7526918793756141,0.5373435413105775,0.6199613398258578,0.38467211713771776,0.5907771985553903,-0.050045394870253834,0.5523433835307597,0.4480605346354885,0.22017729794084148,0.0018762512886594251,2
0.4039664262131394,0.808965198664895,0.3729168338999216,0.8935212084125665,-0.017883266490719554,0.3945586197193903,0.5056235417947584,0.3357464411389305,0.22437080602370968,0.08945391241660192,1
0.6143949984759565,0.9729060469047935,0.7442032000553057,0.7667572153053808,-0.09372388424928273,0.2703557128741722,0.47941799447198546,0.1689312560063269,-0.06303216771147455,-0.03952965285284732,1
0.5723619634310713,0.5925953236794426,0.5799168349415267,0.40052491344300056,0.08203123483251207,0.13381841102764533,-0.03373268976901109,0.7570252385210258,0.5971176347605177,0.5648816112636457,3
0.096449436812106,0.3813248834330762,0.041190000723215874,0.14044393007197614,0.3903754137341278,0.143155813618807,0.14648807115515314,0.36011204865588226,0.8520888616158732,0.2940931790709164,2
0.5029910408519563,0.21235292335626485,0.6151037870991436,0.42150515678210454,-0.08221168701802112,0.9889151306987619,-0.17053989446314444,0.7611843431195796,0.15373619894496895,1.0957660902374748,2
0.3551242048332277,0.6347867398237148,0.44751984774158604,1.1564178950418762,0.8650711674960145,0.2504564173258418,0.8468458810600905,0.8072029663530191,0.6265687017791173,0.8804421361402991,1
0.6459197567418097,0.8972778364234086,0.6743529128282313,0.8339840622919058,0.8233271322877266,0.5196446626815632,0.2538038321070665,0.9243969338380477,1.0736755789553198,0.754305152644081,3
0.342950485950029,0.9842397264246251,0.8089969031506633,0.5467482489706098,0.8091939868084626,0.35522808966878106,0.9866872726992986,0.8873763601524135,0.4911350353577346,-0.04352379994416722,2
0.5434392866331363,0.8032546153843725,0.6602538051589223,0.7007524957615184,0.11617873468691763,0.5759727320203964,0.059780375151920404,0.6501385479126879,0.4307578933738829,0.22697192116099907,3
0.3262031945750584,0.42258202862592537,0.4610652697465491,0.25923584714309234,0.5917434954400718,0.7072852744039161,0.8047722750791354,0.24080619241588672,0.4118927416905712,0.48380481112663487,2
-0.4695433354082649,0.7892568753285952,0.27203730374197344,1.1593167108344264,0.47815918126916584,0.3778937007969603,0.49660068234966814,-0.38510665601147825,0.0666287506543139,0.6134637775688203,3
0.38869264029325923,0.852935738975335,0.4766872447044251,0.8014154252355936,0.00607138855106672,0.26296876385752876,0.599229560127653,0.26047982892137167,0.15359106868286496,0.216612786886771,1
0.6541307147897053,0.39025623729666353,0.390970186728396,0.7945937760361588,-0.2126624666167462,0.32823943761713426,0.19300866415205514,0.431752128195775,0.6141924071155243,0.6274744292801349,3
0.46537118175681036,0.5781741541641009,0.1914366564350155,0.6143653879715417,0.4678640079673974,0.6796684256894054,1.000441039958281,0.8946252753423086,0.44651596120192333,0.17022315024826254,3
1.0828592929000418,0.7682273548042163,0.03781419514984345,1.2340421558678405,-0.052521115506455135,0.08707786068856543,0.08039451007873195,0.5933043474191849,0.5973863800853708,-0.13415767060556089,3
0.692327483038527,0.4979923472375711,0.5752112092113472,0.684620577770644,0.6205822065523443,0.9258613482980912,0.6768631529546111,0.2727105271837199,0.20174162552460187,0.48011757522937565,2
0.5400353154798231,0.22516922119254648,0.3190477413428438,0.13410778064246642,0.2675186940528241,0.8148342159051148,0.9221659345112612,0.32956436499510483,0.47724551661095355,0.1127475763336057,3
0.5304069649859605,1.0036815068052352,0.8308874811947622,0.7084382493393768,0.09519682737017138,0.4790184744602149,0.4556410122587345,0.8455714846953621,0.5423947690848592,0.6878788344242026,3
0.399145581486499,0.567759096052931,0.3901991049620194,0.1437867452738753,0.032231279535186425,0.6457573920968436,-0.011130922077355991,0.6621074576217219,0.9469382261684828,0.11189585832967747,3
0.17554734097098046,0.6863627760337465,0.36261313600528094,0.5334093309575916,0.02230622408393965,0.5392987593283827,0.36387716396223235,0.24745751766199103,0.17738827102227928,0.2986418568597622,1
0.4765897882881305,0.43277182671985964,0.14806727206533848,0.5794314076465569,0.27840929624660415,0.05615967596990734,0.07975590931788062,0.7351354343542278,0.020310667502138724,0.5681229814712206,2
0.606222011381948,0.9553364222830187,0.3077742663498116,0.5538981391514622,0.9733588637664604,0.5061871914269885,0.9748315826010945,0.12268635777453041,0.8852774159519381,0.8102901375330501,1
0.49570937033695117,0.843673326282268,0.6724884867437227,0.9892513992187125,0.7977776027797693,0.34842849914412066,0.08811522159099554,0.966641305494927,0.9615385685658718,0.9070664663661243,3
0.44074686352125325,0.38797434578685774,0.3460778363814247,0.7526830281976831,0.4476110587059673,0.5999598270799561,1.0653990817447538,0.7210271178804059,0.3279586985534328,0.09743649414664289,3
0.8147679184223413,0.36034473362338626,0.7102994459527887,0.4758678731869277,0.7475753585871963,0.16454575325825344,0.7724685649163794,0.558525578704435,0.10082716521204092,0.11552669266031439,2
0.7503965632507206,0.41134776465842454,0.7620813270917562,0.447136768472366,0.6220074614705321,1.1546423254299623,0.6048292750775591,0.06444463267225484,0.018452725968895578,0.3745394618244745,2
0.2501923765784138,1.3559771740756483,0.641349367514236,0.46405573264794814,1.1331022782629403,0.17295998854063185,0.5093347586941288,0.603788338747089,0.6734677110929872,-0.2530177007180589,2
0.4331013922612576,0.4311478124230682,0.11829270749988281,0.5345563484143622,0.33455076751665946,0.06322289148586036,0.11034040046311544,0.758151456319718,0.06947142972779226,0.6464129059213032,2
0.35182811528934765,-0.26693254134657474,0.302951333645525,0.3508648536681545,1.3153670711443237,1.1397177157809595,0.6916549274823142,0.6436191367202083,-0.31142741348150355,0.23075364852058622,3
0.25330693336964055,0.6739024458208903,0.3786643947442503,1.077917533649482,0.5851156339859478,0.49055998948912793,0.5915764200905023,-0.2485503330257568,0.3166375776648921,0.43282241727257914,1
0.6555915937862845,0.4939464951137588,0.7595406501431032,1.1019589104481948,0.5544506654477555,0.7332426605012791,0.1955145430926183,0.5869689607899089,0.8216756109975851,0.4879724557083506,3
0.25777201847198256,0.9465560539684602,0.6822310233935831,0.4674536698972078,0.7996404769593509,0.6250282541715094,0.6275810473266874,0.5226846204899436,0.16053397858237323,0.36430354810039894,3
-0.02573410503898832,0.06091647512902074,0.6131271820469922,0.7068781706543956,0.9015928561355872,0.6390200404602551,0.8206504094097398,0.10203109255987815,0.27034366362396833,0.30402957629163213,3
0.058303830775024365,0.9269292761977715,0.8073490657618141,0.19578473391730733,0.9386295883544968,0.4027423774317431,0.5682612515617643,0.5032561663969585,0.704448192059439,0.7557269550368535,1
0.05090516399575307,0.769821504736645,0.8403687715556422,0.21494084036986466,0.9873388197494725,0.5285405421875131,0.6919226719387717,0.46270144086098014,0.710329458541982,0.5041936625057483,2
0.32795295115839734,-0.013822721410892552,0.2515455901913206,0.29603856509734294,0.30221182265368873,1.0215273426314084,0.9497887538505735,0.349745107821739,0.2642831813579684,0.19713530828266101,3
0.05590232556543894,0.7742785829888299,0.8454693736193987,0.2186460188393848,0.9876452529109108,0.5313092419406851,0.6855774681620523,0.4619951202626837,0.7163418359758096,0.5080338866781609,2
0.9652466940754926,0.4193200959530148,-0.01997140292780921,1.0329270768776027,0.032165205282790786,0.07535968988898334,0.10675087636093354,0.8528174440202102,0.8651034961582966,0.04663512521106047,3
0.01329919067991827,0.9431369769885443,0.6400658212291743,0.26040771335799484,0.8827587201758527,0.36851381548354173,0.6283383205125961,0.610208306963579,0.651796782134222,0.6737096362886583,1
0.9619092445708146,0.14591216929009646,0.54645230809245,0.3262812107991488,0.5337066772010783,0.15044067488619198,0.22514323279067974,0.24428858530967512,0.036537913417853465,0.33681920844336755,3
0.10188291186826448,0.8602319219026189,0.04187334821568081,1.136782758961298,0.8832971778232452,1.6850358896424589,-0.08023656024598524,-0.5223668188853523,-0.29081223546649343,0.4426942713672083,0
0.406673257519464,0.9159910803902185,0.3643011247475347,0.8958165059332919,0.025382621270023577,0.17882487732280217,0.6570815089447044,0.2601939563697042,0.08049935251983603,0.2561559097296251,1
0.32924375805062983,0.43589351415519256,0.4498529446962488,0.2664898490718131,0.5915534437089252,0.7027388387857563,0.8018456905964458,0.22653489947020974,0.40200202799616436,0.5073781331811745,2
0.6796675956483157,0.40288970275772823,0.6038722239547218,0.7605808239262747,0.5383135739273875,0.9193012130727789,0.606796968879915,0.33585348427923817,0.21086503709542337,0.5050573489113734,2
0.7666489248929075,0.8315152682481816,0.6401295492759728,0.2813727433099126,0.9157575934780608,0.9879671041935586,0.1302677678304954,0.4432357458030675,0.6988771212257606,0.4423654815377628,2
0.27863043325741876,0.4010344117804895,0.45112154200411075,0.2682408375000015,0.6048092574303475,0.6789943263849452,0.8307848007495797,0.24708881328708734,0.4356284140557409,0.5090991256285229,2
0.12891227211305298,0.8897037637954472,0.7069675230788276,0.27718284602890403,0.939138289232214,0.31663829496418583,0.6737229539780732,0.6358304238574412,0.6883233226081626,0.6532122593782885,1
0.08677739533690199,0.8123304830966029,0.3669933734498648,0.5441577285091239,0.7054287493281369,0.738974889469741,0.5474211487256283,0.607146774105957,0.3455034163692563,0.39756706197615915,3
0.8042956917183892,0.2552820303264096,0.7255941919957698,1.0691703146511697,0.3743465235827801,0.3931490393861717,0.3314537885924152,0.7057790082376864,-0.08507920366865496,1.3050702862747194,3
0.2865759099651179,0.41692772244322057,0.44427453830388053,0.296223880141504,0.5594558456583985,0.6910747538948956,0.8478887166046543,0.2652586508274725,0.4290863736736618,0.5222736159526387,2
-0.30700537264717626,0.9911226520231338,0.398967058789866,0.692508266520155,1.0400319595318508,1.025441046016398,0.2818824305520821,0.31760134430573095,0.5797682874050591,0.940155184211035,0
0.3840277441922702,0.9390288961674403,0.5188799705602537,0.8679991689672518,0.021540752374587996,0.2246007416066264,0.4817924636062753,0.33742876727660354,0.1814852063800959,0.33215015876111864,1
0.05335453552888284,0.9666138653299128,0.8065100303423566,0.9010805530836106,0.19391892969678354,0.3552039095320713,1.0444768283915171,0.4324046295558259,0.6291187861893444,0.14931216040862325,0
0.14678877582801086,1.1608355725877133,1.5207479162784683,0.492484066325663,-0.36659562117568556,-0.03323618436386369,0.73891915199765,-0.23330312129528202,-0.27917809428715545,-0.240207541093013,3
0.778474227750579,0.6591179995451897,0.8349500448786944,1.0967411127233397,0.5063010203221243,0.7553582759455963,0.40939082328588833,1.2410671540257536,1.1045535807391045,0.7381276939551459,3
0.36473957742553226,0.5966925832035409,0.36892440293041123,0.4823660833429371,0.4312137518595451,0.8734328354397984,0.05787991592194816,0.5276481789718664,0.32886189454107206,0.18202374406290028,0
0.555520239963237,1.0359486097176578,0.38169126779917584,0.9338621558299497,-0.22228124643706584,0.12405535911076718,0.7059796860024472,0.1491231265035628,0.3529490392302864,0.026308438344877727,1
1.0885102175992594,0.7557238380644704,0.18898533626462893,1.0018424710572584,0.5272301174100956,0.5981088847449438,0.5957678230598357,0.9657400191425903,-0.054361501006993274,-0.03555124829592678,2
0.561108152412254,0.8504197745144317,0.7764558657242282,0.9328341146075068,0.8243970405881171,0.33746153881155644,0.11344791933571999,0.9162564892572564,0.9107727112150008,0.8021841255094326,3
0.19866445250458165,0.6554977296721141,0.6306298312143681,0.838719812527525,0.9553430577552493,0.13537630901161252,0.7030332316461245,0.9442805776680225,0.5145322920401486,1.0050043542534517,1
0.4700275213619575,0.7240341632064822,0.5478286955074099,0.6284267796178687,0.07329437597537551,0.4522483568761499,0.40931852955020376,0.27784588017469575,0.11698801937248904,0.3368179605169041,1
0.12044095018462478,0.18231053952982373,0.16788690942438286,0.2226232015889459,0.3068366448907321,0.8955088177723645,0.2649380051238909,0.32506768540886116,0.6484986518194,0.5427289906498219,1
0.7998006095214494,0.738881499730349,0.5901791186304379,0.5471592577366651,0.3841479115102007,0.3781286865654817,0.29291005563613126,0.10588087211871645,0.27911472079655797,0.9264775123329586,1
0.8181639487946418,0.5712146888575157,0.5663975599547922,0.563775723153431,0.09567219741944666,0.3551722187542621,0.20701589012747906,0.5149256963789562,0.3999614874843265,0.39966135644589446,3
0.3124842313880803,0.9601428901958913,0.711060806190173,0.4751560635661688,0.7426345097295884,0.6554145695861633,-0.10772901557575115,0.755964640259301,1.1355703440397487,1.3157806074910265,3
0.7602277485512396,0.8414240932014395,0.6425983090322073,0.2792128239421425,0.9167357130724038,0.9828810736540216,0.11832239452675605,0.42714766534219667,0.6864195467689278,0.43345904506571337,2
0.39712482140225125,1.4482502971781528,-0.4846150165712777,-0.23389223629397793,0.33115844630789804,0.17341665760230995,0.3637071695934568,0.43394632344803724,0.8760289531552403,0.9407048339746079,0
0.31966310067899867,0.7947874107243302,0.2624530396274516,0.5418245260585234,0.3336024046948374,1.2773016993489894,-0.12370809802365312,0.5631113201913513,0.11948413185595316,0.7069475603942696,0
0.61242445656286,0.9187071839385367,0.32693574707279055,0.5624559252707375,0.9929956137989497,0.46056043447676615,0.9150781946788056,0.1650469193596587,0.8853059484765016,0.7845301396886003,1
0.22805560435513345,0.7195189189283515,0.9024530990845171,0.8414753671434948,0.32877761571284325,0.43210440282953577,0.9742385975722936,0.4490428148972348,0.6495497278189917,-0.1234221044099823,0
0.95891924796344,0.6831584985617191,0.47696853781470794,0.4245117660464,0.2613283455202028,0.1931685136076532,0.1746443845035432,0.08796952213042245,0.35359239927397224,0.8169471221612005,1
1.2078061921486734,0.758936304119664,0.8129973145706252,0.4836735651352982,0.584006387915842,0.18933586155557164,0.3923239006187109,0.6443679303519962,0.8155931199946402,0.8248533003925685,3
0.7422862062665705,0.5375654527634395,0.1259875562451288,0.6718634077729476,0.2555211892866371,1.0379295815229654,0.12175310734131314,0.29136469344516436,0.011211258704619899,0.36164523487799705,0
0.321795783100245,0.8496665765701421,0.6295745816933564,0.8326202561136207,0.390340049247671,0.34735568879922823,0.832756801264092,0.18464507089747115,0.3586086259941772,0.7880670585197204,1
0.8225701157274647,0.8975050130851661,0.49591224490450236,0.53729584582796,0.05955738230185692,0.3868259176371982,0.1423750264637494,0.08337314184995179,0.21251522115956123,0.864094477967123,1
0.4196192396402931,0.49757995549356215,0.300591766712228,0.021693848432113985,0.9274918877053948,0.8260347008607885,0.7663427011863755,0.15868049589004343,0.8407597447503337,0.5078998631059339,3
0.4180774518379025,0.8843008439028128,0.6511465862839471,0.9611149272275956,0.7670945079320313,0.3775887963856917,0.2900003029077247,0.858399501343496,1.0198067652665554,0.7160744572896254,3
0.3285860507098773,0.6149128548593505,0.33292550208231997,0.337664305036249,0.13307221810832356,0.2512480402193301,0.06382000972396788,0.7919337456800827,0.05214905251662736,0.5718874493780154,2
0.1300395356973573,0.5096583818150952,1.0343197695789879,0.8236899162016462,0.6715049615339708,0.8664429153357425,0.3859921978622004,0.516818851496611,0.4834943068444894,0.24643093775033842,1
0.4282432396841431,0.5044340395385294,0.20643798766008137,0.5711057272394736,0.4791575868727135,0.6018346884721392,1.001562122931876,0.9138504866813618,0.4455041089971877,0.14653003161564787,3
1.1070206804030394,0.12079683956782142,-0.04777291117268939,0.8555342396615886,0.9517136113692305,-0.009491906280935991,0.30336650140498034,0.4264668288775659,0.8942249885946681,0.7482150642871103,1
0.36305094866954135,0.4064119159562604,0.4363363819741393,0.30710973385038687,0.6007477020796451,0.7568108289083376,0.8060693516272918,0.22383535384817177,0.3516370371732904,0.5426325291104959,2
0.5107638012421216,0.1680497264317344,0.4665285188634511,0.29022926564982926,0.4233894717007629,0.458887268544933,0.389235109734088,0.8224022981592437,0.2857684544423509,0.5862988038147832,2
0.5387785323123695,0.8592926562138486,0.7854590903281791,0.8289174957962036,0.7676280201148573,0.4742505946145103,0.2588471880446124,1.004450917253148,0.9139995411566836,0.881349913578744,3
0.12493224101101469,0.35302538983643433,-0.003052462673383667,0.09321986838489854,0.4592503174289418,0.08250641935279454,0.17446102303660507,0.3699253895997914,0.9367764777894665,0.2811303591126883,2
0.47064259173485473,0.5495161096452387,0.3537102748789388,0.1611062485432077,0.006599175989723899,0.6896012722019202,0.08063996355229026,0.6727581896386605,0.9547304000289447,0.19450813650878174,3
0.8086516898109941,0.5682454240305398,0.2511634004260605,0.9489270400665242,-0.06811108042239511,0.8394030188568827,0.2887195222472932,0.33725631990756544,-0.3273256611540751,-0.057905216780288093,0
0.8370717424848494,0.5137238178825735,0.241308416546425,0.6523871245739726,0.9796661327524551,1.0786020683266444,0.34141048110539496,1.2734159727996566,0.22208950280345122,-0.13379681618808142,2
-0.03533465550491832,0.48893579862274217,0.973190101735998,0.5663593433605918,0.8631642500795729,0.35582762282965175,0.30525674682289183,0.17911659898197585,0.6040155339398823,0.7871143243812042,1
0.46800118393472856,0.7909508675495613,0.7705691569625747,0.878952404529634,0.8467337023300834,0.3943851207289758,0.1400163611087349,0.8882890293951375,0.9418257702960275,0.7875130127289796,3
0.18707651362865155,0.4941964298960522,0.5615283409011015,0.25920767543857476,0.6699643114728212,0.5937476661201224,0.9103736339237768,0.20226463831559816,0.4324487208518519,0.3836684261959391,2
0.2381520843262932,0.8848263698607751,0.6822770749951549,0.5374014412564354,0.8076094442234808,0.6794626338897587,0.6916564557543542,0.5934992319023584,0.1348092823650376,0.26379216356595186,3
0.05425702793136892,0.7739248884812147,0.8469046188521399,0.21906775557798172,0.9869277737211638,0.5316971741763424,0.6849561160817011,0.46033213173226795,0.7157952617963359,0.5070202276761016,2
0.7745916965500157,0.5073970480387259,0.6512804681209766,0.3961673540702684,0.20024154857795776,0.4341603905866987,0.11136063651539561,0.4742612009260937,0.524491612179759,0.32076651529399264,3
0.7762226918908124,0.6581277747869443,0.7622016868457169,0.12053218856292461,1.041705490586478,1.1523878502136342,0.004537657098309167,0.3299265111758013,0.5851942030263602,0.4815961078378489,2
0.38351360734691825,0.27748465209196,0.3198510012763788,0.35690227862961876,0.494274433262329,0.4355925417931755,0.38598624645002644,0.8190998503045732,0.4083619522053662,0.6935249936038487,2
0.8297896233953413,0.5139405668999887,0.6149260376902103,0.5599499396266094,0.0354727125835827,0.32661954218754957,0.16108553494014827,0.5633469309188737,0.40512603213775983,0.425596851429343,3
0.44156490516971536,0.5931134252413222,-0.07650460112248136,0.3447396058351403,0.5242967732502163,-0.02235608267827155,0.2731608331953401,0.7565802043864259,-0.14865190553794294,0.3613638937416373,2
0.9417118857199318,-0.005539180711404676,-0.12044426487791585,0.8488677422433685,0.9151597827281068,0.312062719064635,0.6755744640565218,0.6068677622957581,0.6315128283758905,0.6311301579208268,1
0.0752116805501644,0.6635489944886658,1.452476980500408,1.1563020538812157,0.39376690883606846,0.5901695026803234,1.1487910395584455,0.014602345036072661,-0.024489743516301454,0.3190008728977609,1
1.038041872567047,0.7853746192843905,0.7742937913528131,0.09223783828019502,0.4896207000115851,0.4156420908600668,0.3696048644307664,0.7217429306116047,0.40174452805339733,0.993660162646216,3
0.38977879631041407,0.8517783278987944,0.47312666954896687,0.7953790007121274,0.012955779057536483,0.2586330077689628,0.6066627164336525,0.2578211551816913,0.1526349533990095,0.21556157022517058,1
0.002975173704325068,0.575421959220754,1.0557663033038949,0.5611368308857749,0.820377451112607,0.7053314096086913,0.3704025005278355,0.5045961869334623,0.39531883688031605,0.4463881995922756,1
0.2743673560347196,0.9549993926365217,0.6722367746483744,0.4699313145995552,0.7811941266938963,0.634585997716516,0.6164034401421306,0.5078013463090096,0.17057996809422551,0.3448293164003192,3
0.3105735028919376,0.9132151131730567,0.4791960091236734,0.8494313278850909,0.06569049818050707,0.3074698680264864,0.6465031439346995,0.2421928554857527,0.13040839865291548,0.2486344615777293,1
0.5112543584497886,0.8847069111113408,1.1354940152041004,-0.010708315217529324,0.15303245771945073,0.04222496185364963,0.3402431719084271,1.0535336752689497,1.1924535882582497,0.7157129935694779,1
0.7493281554268572,0.21322612358364726,-0.04151077882552421,0.6148652902368472,0.9879416418935348,0.20258993949222245,0.6640377500079361,0.8313137169592684,0.7970759050570898,0.8580728749069867,1
0.3906237555617722,0.35925021554642345,0.8275580729913233,0.4371468103090995,0.6620440531086051,0.1532885620662578,0.8816891050177679,0.6569311589805623,0.6366585460681796,0.13254296773504995,3
0.862154572403854,0.8610971162787439,0.6550825307266853,0.5138705273535307,0.21186392019881378,0.16796924499506546,0.05532077809676317,0.393009973871564,0.3030056808210536,0.600304476907771,1
0.34475128327114746,0.8326692035775847,0.4399404152521059,0.6256174134020229,0.5618939762027202,0.04726484352445262,0.8642897082178171,0.07862844206921658,0.584193924100955,0.5478102197030977,1
0.2421683567472758,1.2883223145593325,1.5296687888897518,0.9073703252846812,-0.4510766894038838,0.038871338743040385,1.255231314991353,0.15455132502651564,0.026730443837515883,0.6270396466473132,0
0.9191857466458939,0.4801184471509725,0.888296335928734,0.1739142864771765,0.6726353322767296,0.15842027865736677,-0.1323939338068707,1.3242913745022167,0.557717322323455,0.8085810057274185,1
0.06504788342612963,0.7607470594122215,0.8370545227108374,0.20774008523440377,0.9770995564092021,0.5395042393170941,0.6859202854338524,0.46318765554091457,0.7018121276988429,0.5064203442894467,2
0.5044066738753836,1.0424181541556992,0.3175143361165302,0.5143291490841944,1.0488227922965898,0.407855168845313,0.9245379232450299,0.0887460833786633,0.7945162555891615,0.8218099956405447,1
0.27717833177402357,0.9041955646146633,0.7171968144527121,0.4350641181565262,0.7867951128848153,0.6171707490579844,0.586231425158594,0.541645420633767,0.16945094063042082,0.3042610271634846,3
0.4810691232050831,-0.12303313247089875,0.6598699712200485,0.30553259791236476,0.5119138332754726,0.5091726462922966,0.30463568294904886,0.552115311029565,0.2513226124196794,0.6694327585559995,2
0.053087814922208584,0.7776855652626716,0.8460367947205879,0.2213245563988161,0.9870015020052041,0.5280886912465736,0.6839090860165323,0.4582042248372184,0.716980315420657,0.5052970067885124,2
0.6085656325817452,1.2960513914351182,0.2552225760597186,1.1632860060823649,0.3286977377530339,0.44095683059542934,0.8557759617623584,-0.09868741609779116,-0.0028680873890573055,0.5645731671355197,1
0.6505647546925607,0.4581101350995342,0.6349556608181457,0.6770950424455916,0.4870545291751672,0.9885036863579565,0.5874955860559015,0.26993684061945245,0.15403463403719203,0.5226767542761636,2
0.44252010435850964,0.5704822220767851,0.3550453657921767,0.1513004465320014,0.09820454514431218,0.624505268364737,0.08222713004887411,0.610007526877081,0.9063554705060702,0.1594105056558726,3
0.4502574158314039,0.48105249408421014,0.23118051125732444,0.5356108594245714,0.46128393677504276,0.7002296800097423,0.9302330030599552,0.8750929684570736,0.47407144407903185,0.2681875936488972,3
0.4574406471606269,0.21970396492942898,0.2812595922467821,0.15269797808370972,0.34620086600277716,0.8674638723633444,0.9393393208368285,0.254891336106759,0.4531315822162458,0.03572143018526092,3
0.06296586479548101,0.7666310216002077,0.8514559981895113,0.22344315073858065,0.9950089078746558,0.5206594501697,0.6725348185350954,0.4608399456131587,0.7032696313479465,0.513571722073067,2
0.8782275588228299,0.7425170057775551,0.5549740149016582,0.5026082563074111,0.2425947672697277,0.27785262136137656,0.26396369497512784,0.12572651489506612,0.35528165514518306,0.9077108941363455,1
0.6026989822861505,0.8084437878721784,0.111683902717763,0.9449683564998825,0.22138531634529754,0.9694763861989684,0.11859998064992376,0.25244069369728656,0.2228634724703319,0.42229799899100734,0
0.24925402115496828,-0.1115546972141698,0.8190138484893388,0.20310587965129775,0.04671306534625162,0.7241992803894701,0.37083708770989293,0.14879138205692413,1.0840072109895353,0.280047158496141,3
0.14259504994415848,0.20262715224956185,0.21761909927188883,0.16452919202613492,0.24271239905046363,0.8365728450558442,0.28417639927809146,0.28775141526642933,0.6732699976127619,0.5540845513057658,1
0.24346893278680548,0.9519897778001293,0.7138106995020403,0.8017237368822809,0.4953313763899404,0.22860629532247703,0.9773544373540911,0.15356408482882264,0.40718409469276867,0.7823786000390848,1
0.7898638603717796,0.39297235432330613,0.8125676129290786,0.6930334750114793,0.7774149936448407,-0.1697491765451743,0.48857129800178833,0.5358826144953655,0.23769930477904075,0.10701608987291718,2
0.05921370723276515,0.771170353883167,0.8506598938063958,0.21989715991305275,0.9821177680175229,0.5330819369221971,0.6787538960031373,0.4568886357528541,0.7169038528035866,0.5098454885651913,2
0.41633649938609985,1.0053570465502315,0.4825202886907762,0.8983009642080131,0.07614248336977669,0.3786114830852003,0.5105537224600705,0.11049800090311132,0.010635761835835783,0.30916994635029915,1
0.3091026814281526,0.77760036850485,0.5389536578477017,0.7784633341288631,-0.06973299533379082,0.18484086364187086,0.690419404070346,0.267779486147763,0.12360090954705996,0.30208615975963526,1
0.9854270916841043,0.09748476195655667,-0.013306078136107662,0.7122662848379696,0.9338586666753134,0.16600763547893382,0.6137722036529325,0.7158577625800682,0.716802475572845,0.728702274113031,1
0.4989842716577699,0.5219083488873597,0.18862167760553655,0.621923669793391,0.4808832635406821,0.6959541026609551,0.931843281128346,0.7711600351357457,0.479649660331967,0.25089549620086365,3
0.6933913618196318,0.9206790219459008,0.20899912500626902,0.980657491207125,-0.06448543459594447,0.7175872791449376,0.36581546468755843,0.10837654249687378,-0.06385877519790001,0.25824099004519185,0
0.4111055003945414,0.5339180125775713,0.3728910350049624,0.11032114803903537,0.015544720384611684,0.6756656806559109,0.021799261027475918,0.6542488617379987,0.9504320944160619,0.18696778383601584,3
-0.05123073730235306,0.783912445833948,0.3119999597029807,0.39884993016027265,0.8827546404258334,0.9522778000645056,0.11000293299697662,0.7412903516463403,0.6230544428040297,0.2541469569927297,3
0.41472491221107644,0.09243978838975529,0.6225609672756112,0.14637295130018196,0.1677131832662616,0.7454488483260996,0.2722018828014604,0.32309204849014833,0.8913247419484873,0.21803062065262302,3
0.8282544684028341,0.6615364150407155,0.6601021947771326,0.38488879388765107,0.26132402135199473,0.21008238880335148,0.3733341823978357,-0.009659668443745856,0.4595658803330881,0.8038997187706345,1
0.3820897628293511,1.0928869013658908,0.6880560442285816,0.41437147505846655,0.7124478049156707,0.5789464884039297,0.7580485309909313,0.4816535459743293,0.20500145310000553,0.4521926956231496,3
0.4273081501764067,0.8618132712929846,0.5593086899461057,0.7418906091529524,-0.10874596411153811,0.3184194945831345,0.7229994126500034,0.3744687551336041,0.051167167646709005,0.27520427629776767,1
0.9365727615608961,0.40453427779817347,0.04064914715770205,0.9320180221406161,0.08336652526296061,0.1645111212142184,-0.016768088445516888,0.9107818827217782,0.8240099773216365,-0.01521919232456774,3
0.4032292890156845,0.9511827655012095,0.399953954849415,0.713360726629778,-0.06993481648360672,0.18521629235025788,0.5858005081282186,0.41468656063885334,0.12075284427470433,0.11299023822154938,1
0.09342316761159628,0.9923450872852615,0.07355368007941421,0.25794645899064245,0.6795642691957786,0.7881111353758828,0.5909245372456537,0.22635437490250443,0.21624498670774844,0.8726941980502002,0
0.17034974780392778,0.3774614786439201,0.6354460173106142,0.1925467219422963,0.6871591121218871,0.8318488964913797,0.859299555528381,0.030487412898756325,0.5020217984030152,0.6221467753752198,3
0.18069133942665996,0.24714720657546255,-0.1252178084134861,0.11727841863874666,0.45259123843373517,0.14726863790646758,0.19984647339418335,0.24030961946535043,0.8873358242212239,0.3488858487291798,2
0.9625571436786158,0.5647674265359321,0.9336405498610256,0.3387845772938617,1.1858315956428485,0.7050160603338778,0.003839384540264751,0.17139645214126187,0.9391295841998248,0.19971824155615522,2
0.2589967882319735,0.8906394137619933,0.9866028002260536,0.6318899043746807,0.8541681401427071,0.19757731262128098,0.823440848937464,0.9726115450557334,0.5762545100718622,0.11747532961350499,2
0.3262344190711445,0.8847285207437348,0.6815467068770722,0.7942460542917401,0.42381639484525835,0.2807495266899682,0.9063803970333671,0.11139801218148551,0.38661440647277395,0.7487374266400977,1
0.23590055581979644,0.8800362668335588,0.35024095741271843,1.055541931150454,-0.23776893855189304,0.31685533976112157,0.6364849955832764,0.4277235320311389,0.14075032409998703,0.16194415243019003,1
1.0460838445786558,0.45579295427086003,-0.14733403136874748,0.8949048455099641,0.18024679812011798,0.28072795505094383,0.17365374040663126,0.7692056054749553,0.7567002495665717,0.13981352884584564,3
0.9546330652754201,0.4707238395544499,0.027490428153929908,0.9934260660939433,0.06699050989866837,0.11645026193766672,0.025490036622081436,0.8812238368668275,0.7880464083793579,0.024653957251284414,3
0.027504370998897576,-0.03733669008668386,0.2924041616280192,0.346747074229711,0.5143183214301577,0.8578102552933042,0.8661778282535209,0.6260061717234399,-0.18426785850696314,1.0075029155035193,2
0.12394509260874052,0.33985251829489466,0.025411071927704316,0.036610322876246285,0.4611016083699133,0.04487977032060641,0.13999804728216486,0.3732149141086182,0.9094316477669563,0.2545142797560952,2
0.3469689492893492,0.18721972514035884,0.6920647492955208,0.5982776055349155,0.849442378230415,0.6565891882218198,0.4840115953683529,-0.21583107290964804,0.05068278151743044,0.26339694562174254,3
0.6207428968088312,0.641778807830308,0.13662828995622717,0.7062351914872269,0.1507552817378521,0.8566477439902649,0.11130461988131986,0.2990801787081647,0.04210069938583591,0.336495700049579,0
0.42629718806420325,0.8017116688939533,0.7105505376462142,0.7659350923331149,0.6908119905192596,0.4717568681959261,0.3507227361290043,0.8480496535422941,1.1236444175890519,1.1195049731557274,3
0.7953385247595602,0.8077798549497077,0.6333547588313497,0.25766913740216735,0.9450828426311594,0.9866283511711568,0.11272980102349864,0.44514147745567156,0.7286810203589534,0.4701245794976285,2
0.9129547743101657,0.7330118973663207,0.5231024393782749,0.471932230613913,0.2732255388828547,0.2676388156438173,0.2289543247160014,0.13383924131680458,0.38010530641404344,0.8683960513102641,1
1.036747931088422,1.226188006444569,0.9983529020753583,1.3669112120575484,-0.06913714718171832,1.1345433500822741,0.3761198550035916,-0.5406190697692578,0.9821565507165029,1.8538788352867765,1
0.45097484435417406,0.22423209059890767,0.23819598614055956,0.20846420254303918,0.3729345914124304,0.782342504512431,0.9328681138410978,0.3315252340503215,0.39628033291977716,0.011694131638815743,3
0.015026753285539984,-0.10277116565872482,0.5547566664332025,1.254455201333668,0.7177827902697774,0.22935739242446276,0.604116913024007,0.18113527943558774,0.16608527133524595,0.13343955904112892,3
0.8852249316286334,0.014159410354081137,0.48558276555638924,0.4578240519029323,-0.11356511175349315,0.06455262972410833,-0.04579335709428803,0.6439039393319899,0.7102099336762707,0.6618821080618174,3
0.5511415176108113,0.5845558017281026,0.5928717201120615,0.34465123632070704,1.0060330620277196,0.822373466894907,0.6751607073603847,0.9397603674301733,0.18264366036891144,0.8995146020284477,1
0.24944840741610463,0.4482272739668226,0.5997604231432719,0.23990746014019476,0.6939041571321063,0.9164251659082588,0.8469135926932603,0.11329716642750824,0.41738209197302195,0.6539920054332633,3
0.8457822166633011,0.9461786675665906,0.9021764638479908,0.2914377536513733,0.02759301866733522,0.2604971638625639,-0.15124030609920003,0.9346387702807024,0.15429038277233403,0.8017625462851408,3
0.42655320096478067,0.43541842042899315,0.7682029914287037,0.7564349373910486,0.23332430829686945,0.675172526004862,0.4156942651608119,0.2187403281554927,-0.05494311613394265,0.3254789777188729,1
0.9833543808746215,0.4398412834749815,-0.013066266448204609,0.9868508088177711,0.06966600751949101,0.16058741267057852,0.03454927898881897,0.8498849730960095,0.8287283319975101,0.05517915762882229,3
0.962376725759912,1.064066852787643,0.43316368135182376,0.8971187838645133,0.2928761221195082,0.17106365008535357,-0.07140909396471831,1.440532148955221,0.508738394870275,1.222551873942433,3
0.7632855094220358,0.3638946961903645,0.5656813656999418,0.8069494213317208,0.6362294598544019,0.8645591616206991,0.6808579421675043,0.3061833141475606,0.14018337150010024,0.5657156407273791,2
0.48458352410797423,0.21549489237079555,0.22625175868095854,0.17513224202291244,0.44388419305724747,0.9144637675213854,0.8467374919471992,0.3024493502790031,0.4906605624604017,0.12634039435822075,3
0.8033165465443723,0.8048077695660326,0.8696856450704321,0.5732917906519351,0.641593280135926,0.6348979208086475,-0.2450628508017218,0.6964904339931806,0.2773449961979863,0.6005860990414092,2
0.7401450404836727,0.9086549617265915,0.727432034186343,0.3231433213032298,0.7892088751058433,1.154020973463045,-0.039994671422668465,0.43183534009013547,0.8174407326657676,0.2998444092286293,2
0.24972708722744835,1.253544094204239,0.19867181078358098,0.6649593598457597,0.9098061466975975,0.5618417198660384,1.1549748180541966,0.332340270217115,-0.061603783387086275,1.2192863995688965,1
0.6369613107158917,1.385448030548325,0.3104161814442724,1.130466203654163,0.5847682245921221,-0.18051122111207635,1.0863315307352486,0.13853985813930667,0.049919263052355556,1.0447094060023845,1
1.0745121915308355,0.4250715750319239,0.5123342041194258,0.864043030770127,-0.05354609570509994,0.6658207796574861,0.5165743976945909,0.3200141490995303,0.19944964655322134,0.14603097899922024,3
0.16439618117158591,0.10080990688082107,0.3562075663543382,0.745659514661425,0.0735013883469156,0.36358624839517134,0.5530023896668392,0.8286224055007879,0.4046042758663843,0.45414658680484327,0
0.17848205216151308,0.38018297134676415,-0.0775836967163695,0.26270395395843044,0.6034687430989312,0.5848177115725156,0.5140375469552182,0.31480025971683573,0.19752423744615052,-0.18087716915914281,0
0.7832872724538747,0.5521636131090824,0.5436192077865187,0.5786850534151274,0.09151295821483382,0.3535881950638885,0.16642681178074784,0.5102856374969826,0.3890731456703671,0.3797665532301337,3
0.7298922790018453,0.43632835464883446,0.6300476085191217,0.7602749851543424,0.5240414910837653,0.9746020511145722,0.6755737092275694,0.3176805550277835,0.12137337894492373,0.5082329249106705,2
0.022786288063541604,0.39213162454439,0.007683588557770632,0.1447398798378074,0.500837534217108,0.1611459228211557,0.1643426758686074,0.29346727723079213,0.9777043088477692,0.17540325434692133,2
0.3218141599821467,0.0361793040061357,0.3505774572101295,0.2463100297606059,0.29085058453218454,0.6496400243760984,1.089527785866034,0.19922362594976023,0.3839695659454119,-0.009501555675839497,3
1.0293217264842411,0.7685699880021953,0.9017022812418349,0.3882698130505682,-0.028547379284284205,-0.03152254140670996,-0.18187137688450467,0.80531183348432,0.5123738107116725,0.8241687047718496,3
0.9000718825253028,0.705287822832217,0.532469066607477,0.4635436310660564,0.2871661384098086,0.2627286923215529,0.2579908005016946,0.15454058788883746,0.37392797976582914,0.839535632392916,1
0.43911353240899237,0.7270863909927833,0.14861761203513218,0.3580406031734975,0.10979218897831755,0.8793688100989637,0.4845534600967071,0.4829204882292205,0.16012028075990234,0.9436261171177598,1
0.48023592603176546,0.21148149769557664,0.269934873338087,0.13831492429737982,0.33691559256624004,0.8390975326650527,0.9609443674851627,0.22575452206484325,0.4356499824228295,0.0042172492547424625,3
0.17478368331631378,0.4003018141958793,0.33139316011927145,0.057238506150981736,0.8215571796400396,0.9194142877295078,0.6233473893598334,-0.008898125151634913,0.6362286595132722,0.36980309382230847,3
1.012326625561801,0.6751268023871637,0.14974586683457375,0.8758296287339911,0.6208644260628947,0.5538525609542139,0.5341053561146863,0.9079856317785842,0.14244959195910306,-0.0038285806700983707,2
0.9942035135506482,0.6325023713108223,0.18921853295556942,0.934531803416424,0.6085488613913049,0.6777699939922387,0.4960739744964086,0.9673272771004833,0.008667161460101101,0.0406615252824941,2
0.20282676998010618,0.5506644744829663,0.8509663632382054,0.6334778490367582,0.6681556550663577,0.4949189455916194,0.47189592455476137,0.38215038025648146,0.26342612480505695,0.3528953649569755,1
0.9453337700737349,0.7393158222832575,0.5068060627787784,0.4608491726622712,0.26694017550409493,0.2196098625696659,0.1929059027414171,0.1054376279831213,0.3753903885710789,0.822128987777138,1
0.162331044527545,0.6823976084705665,0.7073200511528411,0.39133225365104407,0.6515817593426232,1.1805189078090503,0.9974316876031877,0.31856360473222955,0.18176359141497217,0.8405482940280592,3
0.8103750497620823,0.766201302489728,1.074915766689027,0.39792273354930163,0.24461814683461447,0.9040856751607561,0.6037223882676753,-0.750738262529843,1.2540260041239895,-0.15618799909486308,3
0.45607414116270606,0.5333844077154813,0.18683165189708417,0.5712099424958521,0.4991163281361728,0.6647333527951154,0.9569665516073012,0.8736999469808456,0.4419293257263576,0.21070790556004348,3
0.6889001390310693,0.2623401788142348,1.1296522467231864,0.4119895675127362,0.35689878525334123,0.967152676944705,0.7636865388550154,0.6718101943021892,0.9319771233285337,0.9997702312989089,3
0.9132895136058754,0.6493363596926748,0.5558604696735083,0.43566468094944555,0.30076606822067176,0.31222814182329617,0.1848068682666657,0.10894596628625855,0.31585645654930294,0.9469194368278969,1
0.40546502576775034,0.012942422945608156,0.4837006135408509,0.31077478824350835,0.5294195215242341,0.4088228164802572,0.5012687566784122,0.8743122866111825,0.17360305035234544,0.4360891115021933,2
0.9193341496885765,0.9888097314769811,0.09375041818596211,0.7074795493937655,0.23924941988474868,0.8640935454453538,0.35356182462669405,0.037984416988842085,0.2380434149736976,0.5957058543621554,0
0.899448380265714,0.8975458147526097,0.3808237807095296,0.47694817109256743,0.3961940506563042,0.23801273938559458,0.17033078386545203,0.25422120713109997,0.32012240227328503,0.8770614009138292,1
0.28286947644789034,0.5918880635337036,-0.14906323899862012,0.45263689914435,0.5567010027962304,0.4871980820701202,-0.3221364999749733,0.3658971159020338,0.16612670689883788,0.5751733878099126,0
0.9415287515423681,0.7910047889077286,0.328063543656255,0.6049578940058469,0.2415872096534086,0.2251731569462152,0.15287443923197078,0.23358167679354785,0.3262343132297267,0.7028714756396974,1
0.42747193903609687,0.5119540733016423,0.20959113289457362,0.5643394811991415,0.5216148324108761,0.6871705280224815,0.9263537331927498,0.9003669322151439,0.43421932562706866,0.19687976372821991,3
1.0082235424779655,0.5829041798914925,0.9119737265639296,0.5406752781891486,0.6156653652618622,-0.08922576312785427,0.6704986333780615,0.2574153199059924,0.08164606908537175,-0.08193360108850806,2
0.6752748216874251,1.0380278907024594,1.0626164900553892,0.47402419612503577,0.5272943728094516,0.024899709320622687,0.5207564294444478,0.24166961778353527,0.7117389324677478,0.9972482728040366,1
0.39008772773955536,0.177351282126399,0.21884129448341888,0.16982015521720817,0.3874794943447694,0.9043335235953158,0.9988224807552643,0.19727343040609718,0.5025841548056693,0.026499678012098227,3
0.3169719063310465,-0.007540263154668783,0.1457339096249134,0.8881184088056014,1.3658261324473777,0.15165569159880005,0.36432687742644376,-0.2555942910577631,0.05872053576879699,-0.11293310502265758,3
-0.04459980140288311,0.29869077939321953,0.7576630412905981,0.2661326852454406,0.29138547683769256,0.5473072683192723,0.6737943952798103,0.7536951932560344,0.05604605640228123,0.2744502756817296,3
0.8527552882808732,0.8566780843655311,0.449600380002353,0.36673647629460043,0.47164018362912835,0.22801938625564153,0.36003610442024575,0.19251735305892548,0.3188186368707701,0.933483474544558,1
0.0691866526936003,0.9034727330041538,0.7390936219466085,0.2615801595744412,0.8445512239217025,0.34160259542733057,0.6940805031837605,0.6041642851660276,0.7140536706360162,0.7258350697417891,1
0.17127168866669412,0.6118139162228549,1.0201566539666673,0.6025063602344906,0.7886359913048505,0.6102145514651377,0.33396133028782893,0.47814346649633754,0.3813055197771938,0.48322768808536687,1
0.08996478855550695,0.9551246683906475,0.8634070137606367,0.7294815692901065,0.22955321177949303,0.2057697277212427,0.9830494471154342,0.5039166536797572,0.638241243540177,0.007584162464182746,0
0.060308281073521396,0.9375602462762198,0.6857347066054932,0.2765057135542916,0.9231361935498268,0.3816094838200847,0.6094978709219155,0.5632172710189982,0.6874360238748333,0.7043471241028875,1
0.6879721501080682,0.2027285561984945,0.6356556137009087,0.21539400947439533,-0.18785189618100423,0.38930963995478846,0.3082055171975397,0.7722635857123701,1.0173507312896208,1.427932006063867,1
0.7332158719696558,0.6160402801260303,0.8566736308178854,0.0869644221663492,0.15357142319413056,0.07134625594110681,0.3267966001835868,0.8973758975460429,0.9279510058196178,0.8626926119668432,1
1.000413150354623,0.6410730879913539,0.1915315268300076,0.9374015804458177,0.618769945457415,0.6901731659214912,0.4889983175672914,0.9682723652716241,0.018936555139969287,0.043391789132158465,2
0.7655036586015972,0.6620741917164507,0.8569977855386308,0.10812806890088808,0.10319069344692033,0.0757059696742799,0.3068040278739545,0.9161339930746069,0.9346096238627423,0.8128122822369875,1
0.7561256154049902,0.5102337499104176,0.4010535368789927,-0.08818696656178301,0.7016749281436977,0.947845258785409,0.7452159046390545,0.6946216775726465,0.15224200451814407,0.3533570727469574,3
0.5851832828576149,0.7466266646416346,0.8910627116818917,0.5411357140742761,0.4916144482136796,0.10107452491258226,0.8077131037401644,0.6923869409114609,0.9968122691743924,1.275194853690964,3
0.8388908315680811,0.5681683965864442,0.24071515403651728,0.8742504809735259,0.6588386440950671,0.6081955963543719,0.5772367385679499,1.1535986389051638,0.19568218968307652,-0.07674624953038986,2
0.13368252354696275,0.1499592838557904,0.8889892836412905,0.560058460172536,0.5194912393725263,0.4449073121892106,0.6951844334467244,0.042724916641527194,1.302107494044705,0.13536475636445908,3
0.11754478052746237,0.3650442968841521,0.6588999786623659,0.3923121259073312,0.4910943235057041,0.6645327580672138,0.8130745238178341,-0.17234357772932246,0.40539451019333034,0.9152555949392347,3
0.8977602912086534,0.690602329335827,0.4966541954777377,0.4908364117528221,0.23192043439880855,0.2659422601759799,0.19830774544097038,0.13683231968031911,0.3855297074715994,0.8311513314915759,1
0.4837051572236572,0.24347209846197543,0.2531210649285833,0.11141665635182577,0.34003598424754244,0.8092930192503303,0.9822503987020618,0.24033750575973029,0.38999798539046193,0.004225930133227782,3
0.5035360036292255,0.13910851535767058,0.3695327626819511,0.3161523715213834,0.27560469686928757,1.005201557139346,1.1128562666041302,0.4215014835871288,0.4769802308572401,0.1943967263032313,3
0.05600236955650219,0.7737323629722626,0.8466346766088155,0.21898312801331596,0.987041778031355,0.5315341203342935,0.6857011781926833,0.4615727124543381,0.7159108594243199,0.5071358681957738,2
0.38077986347322706,0.559837474726058,0.447052388807854,0.11156307939193177,0.08101513429216002,0.6542994399678298,0.024671328980912798,0.6276995744190069,0.9846919637760175,0.13916063550510296,3
0.5904133921921939,-0.30585265446885873,0.1145332827775859,0.4611173751646572,1.2611080913285024,-0.029920319887659093,1.2648958858750472,0.3668292940902951,0.7698047924775018,1.1673527086779436,1
0.2673786812217987,0.44308877509918676,0.007160703487102904,0.4865412213468714,0.15045759916869342,-0.045859006603182345,0.12994347006721785,0.700887563506928,0.12095311181601545,0.7869100947876418,2
0.3887484603803296,0.4746962123470148,0.26961699339126177,0.5641991537470114,0.4261645528225614,1.0252467720033216,-0.021414694181562846,0.4282610151565563,0.30337270229989255,0.12900174010323867,0
0.920411224833956,0.14229189146894386,0.01686914014685155,0.6546907294943549,1.0414603271346736,0.10990229964888223,0.6287998254270908,0.7535505036960657,0.722564172621831,0.7549537506747435,1
0.5353724006177789,0.23306082195766936,0.38550375754683525,0.3530779690354051,0.40984564705314935,0.43291116591365836,0.33096318237164474,0.798668661274076,0.3306718995582841,0.6210720366290372,2
0.4011452355080182,0.4972628995750836,0.3616792280337245,0.5049543486632223,0.49457838487185596,0.8927856094531545,0.0676362244026888,0.47418719018925176,0.3609521402616353,0.12930167968581033,0
-0.24885741718723753,0.10138903693728712,0.8316695256235094,0.900300381084012,-0.1575467579250197,-0.08856904116493142,1.4136890998839908,0.8594741145345277,1.6711049668848044,0.10736360683515123,3
0.7886454184530369,0.4336287448060163,0.569404170242882,0.9159728878383958,0.44573911261038496,1.115832570681979,0.8816807257355979,0.2738102622349444,0.332520985375631,0.412007772390167,2
0.5137944905070517,0.31225296803689595,1.2107708703631788,0.3841555844428678,0.5068954251416604,0.372552504748921,0.20150509289803867,0.5776711580744649,1.2023116787279724,0.7690225181239314,1
0.34387686849276256,0.31414619034660307,0.10244739766134159,0.460304410583149,0.26372037401027604,0.026623502761378662,-0.007251532352324924,0.7050976108194247,-0.010302340316955608,0.5487987199501259,2
-0.0387775197625026,0.6309455849258865,0.4540856700202563,0.00979779635950616,0.9392489592814763,0.9542507395178236,0.9137696810623218,-0.10037338204054966,0.37077910326434976,0.12703837914974997,3
0.27023424226773357,0.9543355975579236,0.6693744394177327,0.47135144930154926,0.7841179955630656,0.6328505423016307,0.6122066828131659,0.5113784973086295,0.17568570144375492,0.3473925890143812,3
0.4176809183734884,0.13801258399306748,0.5101021196960376,0.26559541763609024,0.8645628572142067,0.10437770187564749,0.8524627482992642,0.39503940558735984,0.5480984444736635,1.1267899957917102,1
0.2543567225959183,0.47831181348826757,1.0320831240035275,0.19306563130183807,0.1715727362687946,0.05444170157390022,0.9151907899403944,0.24718016167534324,0.9545527493905308,0.26019804132487573,3
1.015179346425004,0.5067191905609961,0.041784368664781295,0.9675344732944953,0.02900971635630472,0.08843073122285444,-0.046243078840896595,0.8471639233585404,0.782878575027393,0.1284719692956448,3
0.8685848842173849,0.783969738049327,0.42153206484539507,0.5753198078469274,0.31560811074587947,0.23567603676492527,0.32628829120089015,0.0847997234239406,0.24224240533465527,1.0029010835375034,1
0.305907870059618,0.3294481471297543,0.9190739323929544,0.38189558942808005,0.7604160751095621,0.20412088276682727,0.8781777257927873,0.6281135232414504,0.6374177747497038,0.18472355374826827,3
0.7937775602652918,0.5482150413853971,0.5759999912002518,0.5690895949598037,0.07443099153831952,0.3611908267426416,0.17758351464383898,0.5348565662060515,0.3780463266962135,0.406725134430366,3
0.17299266303856226,0.4974065979952551,0.38584651363875905,0.17598207573847113,0.6228626641742172,1.000021447278577,0.7001504803638364,-0.06289848407834744,0.7112706700091158,0.4374269436593188,3
0.9064559841649653,0.9331080339748158,-0.2775140053457038,0.9269236424488133,0.21633406283690107,1.2365679234273261,0.18346263042243277,0.047493417537330496,0.28226763843979863,0.6178667668667382,0
-0.3448621779194754,0.3635548805031304,0.623348727237153,0.9379303996321767,1.20550943097145,0.1058210751630887,0.5481108300675306,0.5489720439092018,0.38242718712070456,0.9175757092645538,1
0.37411612135549904,0.8017720437231857,0.5331182222593274,0.7510735828486936,-0.010065306348647943,0.20935579429436596,0.6514057209607653,0.24580465602935941,0.11142982127081749,0.23078045279092935,1
0.2545278577979121,0.43526827505241966,1.1790174073116721,0.2921529113344482,0.7834616265016981,0.9788958883070794,0.294517585621003,0.4601230581934691,0.34773207416584717,0.5391805395478686,1
0.43475144722107417,0.5518253944813504,0.37790201356372866,0.12631865944095003,0.02909556210134158,0.6792014185760047,0.0031486906169773538,0.6135113964472528,0.901782226078368,0.18621717728582576,3
0.31997420550138744,0.16096265998983625,0.5524799350922351,0.07203339717890031,0.9200322341161079,0.8858088084406779,0.47449580706528866,-0.19191229581326055,0.874726533867914,0.17792850015583384,3
0.5207758804418051,0.10743562564533882,1.1361904597027155,0.39957654495488876,0.6366339713005233,-0.2945192718175693,-0.20287598355261094,0.39689389402166797,0.6614844348643549,0.7594002058889927,1
0.23244823436041895,0.04494806451290695,0.13404667454168911,0.3471529982311778,1.1049507681135606,0.5543094667416486,0.4390245315626408,-0.20809670530808821,0.6296323805349668,0.44062102591872265,3
0.6817052054391396,0.4556277192079062,0.5898155384129147,0.7438265981151362,0.540291842232007,0.8957402739213388,0.6278238120246621,0.29765183668225054,0.1594842022769197,0.47073585631329834,2
-0.021501763263719387,1.0244129921679295,0.6200093303012951,0.3826021322571473,0.9500302835000615,0.7559336958829492,0.4990865999447607,0.3341942623217036,0.3055648521955176,0.40044941090175623,3
0.0800282959160169,0.5575398700473906,-0.060790651760864275,0.03394009607267485,0.3019522709617593,0.04906047435862511,0.04125490142722475,0.3507232922005089,1.025784340928035,0.2851079639528017,2
0.26997638376279554,0.04616810539002052,0.252301691505115,0.8719093200783492,1.293695372747429,-0.02418726200806518,0.6881675823155328,0.03943897064690327,0.9533653912912773,1.4735393610032643,1
1.010469702459668,0.6005750062122323,0.2475667275157168,0.911400474419357,0.6408594831377494,0.5998503213554949,0.568780781408089,0.9722800664421932,0.0723498058141132,0.06685048466404156,2
0.37905464417703894,0.167774981488072,-0.19790989427094988,0.028039630114401567,0.40775116188595095,0.303314958218542,0.17016127741784354,0.12326815394846025,1.009943478609262,0.17663024362810079,2
0.6330158994696047,0.576327516625923,0.23536347218049775,0.8833072656154173,0.08580972845766595,0.7676744564810246,0.11159446266432868,0.26108192558767446,-0.03496276583362458,0.31919178213507254,0
0.10196262073543698,0.6754193230213767,0.9521766760208401,0.6286343880400479,0.7005080881418444,0.6206171507695147,0.4054570825969483,0.4596835738888336,0.32193682362990117,0.5117177903639999,1
0.618497466615826,0.964109060259647,0.282990867879398,0.4973546657982825,0.9780468024326401,0.58097324695586,0.965852464498607,0.18493738668875037,0.9379583888719045,0.7611613519622538,1
0.10190023681227875,0.4182159267238981,-0.07820841973170545,-0.013019590026332309,0.4189219683543383,0.02822555252688569,0.03201692110805167,0.254963268471905,0.9906787370717701,0.2252948486320119,2
0.09847179611346274,0.6607949781019186,0.9371703210932225,0.6228808549777802,0.7141686831907978,0.674892292382743,0.45227534088496885,0.48516798002209593,0.3019383312610154,0.5310080463441358,1
0.3032982904970497,0.2531129220567726,0.5902049538560911,0.9901840175307859,0.7931932608292899,0.4099443103085397,0.7547014208588694,0.12995812994074699,0.3610403100012619,0.3258210136741008,3
0.20923068238128134,0.12875554394431898,-0.12825103114080036,-0.2715958405493911,0.3370330223776854,-0.08606501400179228,0.3318921717561087,0.21579447753684894,0.8185153937553382,0.14008636289361207,2
0.0737812247527389,0.9665430209984635,0.7528167153862104,0.26789860178565317,0.9216397502342402,0.45356006115255887,0.6523830323789639,0.630860301565124,0.7027435884868559,0.730262089345612,1
0.15592807497269232,0.40931910694929763,0.0561849198691598,0.11140429848960355,0.4702542407223364,0.1749975319217566,0.2120103565940009,0.3530656250729682,1.005917682240364,0.23228355525798647,2
0.32339059251130076,0.49688862046439924,0.37162948512029115,0.5204378129412741,0.43371037830154285,0.9478556801290785,0.06338395411500924,0.3911159915558338,0.3623344376067471,0.07738510446926261,0
0.3344067983486011,1.1835015012856256,0.7384238642437759,0.17720202788763076,0.8969408675275098,0.8228100140034489,0.5401914272825714,0.4964536275590004,0.0735569014729528,-0.01322792259061456,1
0.7254647940181157,0.6377788295172166,0.8116192275172288,-0.03324423622245609,0.2794244850759585,-0.09276790522487205,0.15425480558600257,1.050559813264524,0.8827060321755245,0.9748391350281214,1
0.11341087221014315,1.011518554285041,0.6901224723374245,0.38642277109452217,0.9941285027556356,0.4705410343990917,0.5510329040182961,0.5290360431296979,0.6000147667599315,0.7648299741223866,1
0.6609360573542711,0.27865462145339515,0.5736616159241752,0.5567218823849907,1.1970162835276947,0.10440606740647546,0.6729969658743633,0.3992208379670207,0.9994920152172384,0.5180496696181749,1
0.7725240886556755,0.5607610903214673,0.5851811723117754,0.6804022560081922,0.6232863856270788,0.9360371628273708,0.5809399537674527,0.24540268217464134,0.12116932667265085,0.505623672995941,2
0.2199326709800553,0.597970634268032,0.7319077709323253,0.6938361425712912,-0.09961154916913482,0.26025153912113136,0.4289822269632506,0.43082806625877257,-0.07987980857713059,0.15811316819408783,1
0.3076991912618934,0.8911647706496664,0.693096938547458,0.4945581504083136,0.8138096915771676,0.6838916515546322,0.630174098497734,0.5962732396800359,0.20551048948022088,0.42114112212917404,3
0.07370013268739932,0.5280562742659056,0.9589788381083582,0.8500933180319401,0.4751621859745346,0.8733904655850855,0.46527042391389084,0.28986933758385025,0.4364578153631817,0.4460155074908109,1
0.26353572804161396,0.9584705377315402,0.6609094748890625,0.4676617880768703,0.7756607706308579,0.6303089945976245,0.6064204661218746,0.5182269454342748,0.17037980378031853,0.3466471914585503,3
0.21647278017084212,1.431168465270852,1.790276485500757,1.085179696120794,-0.7143885045312801,-0.9009704558114795,1.4350644358117735,-0.43159259016253293,0.5840606968262645,-0.4316212690630381,3
0.30806906826121094,0.8183769538908617,0.6516219482015025,0.8230903234288576,-0.06578894708613467,0.09885741802011408,0.7248357507429803,0.09263306263406473,0.10786602044217519,0.12491607647939551,1
-0.07574752212863074,1.1648054463729363,0.5784303302198959,0.9891189773493013,0.48627727387746705,0.48593757324494213,0.7991588751108335,0.28763674511363124,1.028822388778302,0.040937150644385814,0
0.3461032001332162,0.9462747910532735,0.6901926985356867,0.46858055492029976,0.7697932446986352,0.7332647658237021,0.7613493786065246,0.6310702448756145,0.06792230023137638,0.29462627709276806,3
0.9137849686518722,0.3834704035175763,0.013724129843281264,1.0804340835140553,0.14982048884805743,0.24371838714496508,0.12294591322396678,0.8042345622562858,0.8406838765114583,0.03748225088698439,3
0.22622913240854814,0.11401829577461403,0.0458149268180833,-0.1196563096342528,0.9239458801030376,1.0195381676720972,0.9021287226960033,0.3055649490831237,0.4680006155832944,0.406511995257151,3
0.21042720664024703,0.04842461783712751,0.08121365358446798,0.24746665036808513,0.6994150721777638,0.18211443784669676,0.2960187699175155,0.7887342268935389,0.031726518406373576,0.27390177508058366,0
0.3067557631164108,0.420324701742496,0.48767829834691145,0.2907461980532067,0.6169017136030175,0.7092378295461539,0.7986417958585127,0.2575158296563973,0.4063005034197569,0.4628376329881888,2
-0.0708871076045727,1.054719816108636,1.0133368590262886,1.1941753634901142,0.06077916754660542,-0.09964236418806316,0.7314303878357837,0.24844374752221232,0.6038936356532295,-0.22270929863439776,0
0.24451635681068645,0.047061493398468005,0.4568696258468,0.20677609318851753,0.02901516819584954,0.421619350991303,0.32208455445232254,0.8522854592165534,0.5331482837387609,0.014540938055180974,2
0.8487949668012633,0.9115687663188312,0.8723328282193377,0.3692087654747479,0.49066075795465325,0.25888808816376385,0.5180588238978805,1.0358326900432586,0.770808431093934,0.928419678013553,3
0.4847619678441406,0.866306481301795,0.1037907847860026,0.33945995890313685,-0.022375909490499765,0.9541731111628701,0.4559736222103735,0.3984378095910083,0.0919649153943826,1.011638469196056,1
0.022909280560925484,0.7046381995763839,0.8056551693471828,1.467823638959961,0.18348646632915544,-0.3149274939127644,0.5000971252477203,-0.08447862954585361,0.65291746973067,0.1976680685450587,0
0.6319970765728395,0.9764754591292624,0.12952709110930588,0.7959938683535535,0.5920746805651823,0.5004128386162833,0.523671724677002,0.5151103107025825,-0.29355723369088854,0.5233342784183785,0
0.0952694251848594,0.7201665553654681,0.8746463243247701,0.649201731457187,0.8333511957691582,0.7417171413353467,0.28997731972548124,0.34812934860771655,0.4042791282744467,0.3790656613509552,1
0.5330497240762985,0.7164049066426054,0.21817065212897324,0.380255922196118,0.06442587829807041,0.9597214012178905,0.5848306006927075,0.437244491367747,0.15424351610426296,0.9972005161525598,1
0.1424240788067999,0.9429597017370784,0.6214794706311235,0.5440159589975645,0.9335111463019256,0.7534754457996068,0.6691765142426671,0.5004007549880979,0.19978031445569788,0.22736177213966918,3
0.2071072956624369,0.9397134293382061,0.6272588533330773,0.4560090581618256,0.8005341085137435,0.5772648689004485,0.5672436468054609,0.5309341266571845,0.20690966853977905,0.32870486444741653,3
0.09196494900727484,0.8988228604686013,0.774191962719919,0.7243168339374468,0.26205502819716403,0.2313469963942714,0.9698089742871003,0.4712014089082801,0.5950533487719636,0.053516197356031976,0
0.7779507682124235,0.2767065145026528,0.7899170885037332,0.29022898416351434,0.5586012969982407,0.6919016388545521,0.4873161216063692,0.7335928494911252,0.4954579958389951,0.30011428755969827,2
0.7169952171123505,0.8219999931528301,0.8342348982252756,0.3755261503120615,0.8784616127991263,1.0776475758737178,0.2637548198469465,0.35961096596705705,0.6090707839457774,0.22762128357832276,2
0.40962259237096843,0.8342119284487812,0.42809119177514704,0.7517530294369774,-0.026097505819209547,0.28407193846261763,0.675647531253423,0.3058185283865901,0.12054539391391286,0.2179752054881628,1
0.5969985034274282,0.9575526858202368,0.3005412050214492,0.5672495226253144,0.9749746852372516,0.49452703059572106,0.9622857082902257,0.13602598819181821,0.8822440288580652,0.8132777056786139,1
0.06923489268181882,0.6486000212485061,0.6367702659650916,-0.03383659292794333,1.2107303856061986,0.5963413416149519,0.6129260724915156,0.7968850640780005,0.712894911513312,0.6914499151694108,1
0.4970291311999478,0.3646176116617868,0.12274094985635861,0.6304474421558632,0.32232884220153113,0.13020436972921018,0.15132354782955337,0.8553960050721515,0.12940927363237154,0.5215123461294693,2
0.14520000701423585,0.15081088281253446,0.1649864079734915,0.2763839843846826,0.34342585343991994,0.928991441373476,0.23190282098789158,0.28139243715744566,0.6914758297004558,0.5395876076195727,1
0.523736332946081,0.8168922562891476,0.7286586406632785,0.904611344064031,0.8041335116636245,0.4394432905647293,0.15201392409269365,0.9091284885971317,0.9667313407514563,0.8418714571518946,3
1.08974756619772,0.37061588288992575,-0.10758799965241347,0.8777973677418441,0.0415280682130129,0.021284945687587695,0.04249597334901938,0.9140836554847515,0.8349357842505243,-0.037086957419105546,3
0.15605271528829137,0.051903008095488784,0.8818071364996386,0.285447722830925,0.9550263425635668,-0.031103289310386875,1.0951503534086995,0.6148579751658432,0.3964557707569812,0.7923398004207997,1
-0.11427759016596864,0.7597730477494272,0.8731650311156334,0.5927168926853197,0.07649392844811399,0.42333373586891304,1.0550192947207802,0.3787639702677902,0.569346282765944,0.024511399477082974,0
0.4438872342174377,0.5518315425155731,0.19110833145791664,0.6001356779214454,0.49636705728830616,0.6457697091109871,0.9784453582381082,0.9133485324028633,0.42753036414069123,0.259908155907635,3
0.3906903581267032,0.6928484223545414,-0.036528230670792805,0.8739434987762968,0.3331802725469963,0.9093898370436535,0.15781628431793865,0.28081942168723323,-0.05049454911771245,0.08030714925720067,0
0.9280986931020563,0.5892190948628753,0.3058794735101433,0.12597800087950753,0.04135051649694828,0.5856670549482896,0.3748238651898311,0.5809494964781017,0.4700327398762436,0.34696553685052844,0
0.03844988523193,0.9105749013998661,0.5960385835637438,0.30834658240916646,0.9212130684019875,0.3150622811057696,0.503464803887748,0.49556961416060485,0.5958591627698897,0.6757617626522421,1
0.6850591142722582,0.6233728788780972,0.8932200286723458,0.12553469392944738,0.09816483223017716,0.07207127162556104,0.280827172258494,0.9666859279718388,0.9019820649157848,0.8291551409120524,1
0.3665772900828909,1.3337128269406127,0.8760882944041051,0.6250469534310932,0.7292164463292798,0.6480887605289645,1.3167418842116863,0.040466222922087194,0.694898396686239,1.238632590096879,1
0.8688004305161784,0.9619117446729123,0.624689490019324,0.08782397877727258,0.7877586790728994,1.0139541844738935,0.32119768045097014,0.5728271991668662,0.49069104522733237,0.35700560042367746,2
0.3897513619517267,0.854502929324573,0.4780486970743553,0.8002089971147835,0.006403642424126532,0.26178052738168467,0.5979581777109108,0.25893506061463895,0.15232338949927407,0.21646010267208127,1
0.5565785348567459,0.44234191815210633,0.33777489183391074,0.5355142021977085,0.048405509805234545,0.277663265900932,0.2962897832745925,0.5642482560401838,0.42869746079650994,0.22388855098687238,3
0.5450488498530294,0.6795670862367126,0.6426470599347999,-0.04088028852733756,0.24973271841687078,0.13300918315318278,0.3878360350865472,0.8322140829000273,1.0733193573913065,0.6310202857577039,1
0.08231015174601575,0.3778431076648677,-0.022351868109922034,0.13909619609107582,0.5187026052567177,0.02727194642252693,0.18882524471539416,0.3674164582487051,0.8873737781760835,0.2353765124515531,2
0.25150690084666144,0.956036284267702,1.0128194854214208,0.6579857447683944,0.7766559848736974,0.10642580047041483,0.8904487804177267,0.808670114846897,0.5410394026106893,-0.027607973432874022,2
0.08523975462387168,0.13368277875761325,0.6851281156531123,0.5520143169004188,1.0178134281289979,0.15944329290210818,0.7526296009355977,0.43940192136987527,0.5658793753102292,1.1063533783042856,1
1.0383090621202886,0.6221538410146975,1.199309423306417,-0.04625459693923288,0.4148843988964472,0.31767629664388264,-0.011177410199015803,1.2762691315694368,0.8191555811301512,0.4339211548671969,1
0.44596641522226055,0.08688611118579118,0.47576739317859446,0.4137322149234389,0.4353653438197658,0.40820604320494824,0.39149656131448907,0.6943288422295909,0.19852881828819813,0.6600291980023377,2
0.7283855539953298,0.5382080091904813,1.127875173487892,0.4686236126741823,0.0729444356925711,-0.13120491384019184,0.037319237893691515,0.9949581973353444,0.7624762344595086,0.9366997079885534,1
0.494027624265461,-0.025649664221764207,0.4774641756401199,0.41341571073959316,0.450127568514672,0.39843282275116565,0.47963613039265,0.6377772450062775,0.2055894385368793,0.4859277273238507,2
-0.13137283208990858,0.7503762775257034,1.056153898690998,0.7084909091863139,0.7361264312089484,0.5058420165049318,0.471198693359034,0.6551959961767126,0.5576028640473473,0.5718203562617528,1
0.2833981630422992,0.8952782300172923,0.869228576649549,0.6642294999049262,0.7695309123380973,0.17628886463850202,0.9023429984960274,0.9185940410722928,0.5960788259742213,0.03658996087396996,2
0.39639781944170827,0.6343476709468364,0.9235186319491383,1.1804655784768106,0.47362381601883724,0.5881141056170878,1.3739512577041066,0.34328932991123384,0.6623167786386037,0.047483095517044493,0
0.25582809507003185,0.2195887899255512,0.38155939720104604,1.0732174689183038,1.1040670419961411,0.2371447380911316,0.6185637980205815,0.1947102667750765,0.2218809181174286,0.39022398594206037,3
1.2950932554282037,1.0658725743112152,1.144906052872881,0.2763163691938259,0.4324046080936855,1.4247243117346369,-0.19326755627201414,0.5288932131195756,1.0004594546726349,0.3358716900984028,2
0.11248511905077539,0.811422090472688,0.5619978687439169,0.7259142280361329,0.2800293063927991,-0.13943408524579787,1.1894042209159763,0.08917772450333111,0.7753714274078916,0.242729616826366,0
-0.20269875737657983,0.18021062937749205,0.33033475553909913,0.08459661509312816,0.05753644271140723,1.2998964620011817,0.6034307354530616,1.5575253770088453,0.19919182210242975,0.4550106433235337,3
0.4100259288174321,0.7952477929903413,0.5651348559264244,0.8844780973016975,0.0886282043676183,0.15963273074068063,0.6094495061245874,0.21096524925963325,0.10382387619917958,0.14550024910791265,1
0.9420934698665275,0.45272801671801377,0.04010905499021039,1.0266645845921207,0.07765286431080684,0.15378939961186602,-0.0073325516051663715,0.8811877547265672,0.8069902734519105,0.02710938960904993,3
0.49334086603602734,0.393953581045576,0.13340463826345816,0.47885395326840446,-0.11322026142101294,0.6125420808562965,0.37900518748157086,0.015083584761614366,0.28631362178842984,-0.19184764489726325,0
0.3649944459782388,0.7571401870743197,0.7589422336671796,0.9148393607062524,0.9251859827201335,0.48428389581261105,0.29943513195412874,1.0839284451045947,0.9407451319793061,0.8928497904298647,3
0.8623375731342593,0.7482910422229178,0.5759985417377704,0.29553944260249665,0.306122496657709,0.4275398315433367,0.48993230285186323,0.9200968742146716,0.5341465172076642,0.7228458469259581,3
0.21897947653153715,0.12763474941095987,0.5596768816975395,0.9353077047826248,0.9126713592973164,0.39677391854663574,0.5545261833037913,0.026285267268667086,0.32199462496514136,0.26974307256520086,3
0.5600634023077752,0.9331359305503452,0.3196437477322208,0.5330489629810661,0.9730841740974021,0.5459303393518796,0.9157101141553294,0.13418197077676344,0.8525078288524736,0.8651664189341438,1
-0.012668470547256921,0.9349616628334879,0.6305135482640403,0.40051278315058253,0.9672418991276991,0.508020845209987,0.6648872207987386,0.6867921495964929,0.5951043905698665,0.5889724852631091,1
0.28977182967260046,0.9220882785536477,0.6913583553429784,0.2914239354588615,0.9725059649676124,0.5308472988821457,0.8085028783067076,0.4264791886111996,0.08749312604966404,0.2812436309062925,3
0.3173760247379673,0.42405254329539593,0.45554891001340236,0.26666005649701513,0.5814922701609657,0.7012844928539615,0.8141942073429941,0.23821605586453823,0.41486495890578096,0.49134779287782254,2
0.7989493524945392,0.6997564398582213,0.7975379734532501,0.032454557913296565,0.6886768114705861,0.3343646712136882,0.39311932825778334,0.418252311147966,0.6988788630917688,0.2583471455616164,0
0.5890761289051677,0.6326457869135893,0.09797231236240475,0.7717602618108262,0.16024991608115952,0.8865348859240048,0.11466211426789633,0.33847408794337513,0.019015783724954223,0.3384796428437376,0
0.3783711128430105,0.3242338790428737,0.34892132558073913,1.2752241417912509,1.351041161455973,-0.22214496991419858,0.6326899023391779,0.7615313603067638,0.3497789630780339,0.6044699937301361,1
0.47621184915517095,0.7732037269020501,0.17009546256044109,0.40663546922405225,0.04259460743831547,0.8984152732222661,0.5219807274074119,0.43607814029547465,0.18664337465339198,0.9470345165719927,1
0.5890223420668819,0.8575476928175487,0.5722543861446215,1.0314341081654097,0.8798593510951449,0.2730919870083573,0.181168538190045,1.0458240550443265,1.018567569457676,0.9361059985506607,3
0.22230766428430415,0.41764928562175124,-0.1432252188036866,0.8313825368262572,0.29839190869155074,0.7509072485607222,0.8609464711861965,1.6879356528984177,0.11493388476453355,-0.5441596218528101,2
0.12746415780549247,0.4000207606602799,-0.004259033007338847,0.049668515033406316,0.4748493816672317,0.05633556361434,0.17012753098140862,0.39859480294031546,0.9472576026764836,0.2706066173087694,2
-0.026077684155110595,0.7252849969401025,0.18819538870796074,0.49465574070605656,0.8659021723346029,1.0480236877828584,0.6831688569137839,0.2027220616529097,0.32370234897035954,0.9361728971812495,0
0.9016019034582847,0.7132833929696479,0.5333481418528154,0.4523414484426919,0.28822959686605665,0.2625115553585211,0.2135652486650978,0.13640935793592882,0.3554073180494236,0.870556858667107,1
0.7793607363494217,0.7248130211792462,1.5335489511152298,-0.16016631440773554,0.2993427729298803,-0.02867632378602744,0.6921906827598456,0.18750291736817942,1.0233702836451795,0.007791428152240293,3
-0.0851685173825722,0.2683174326230671,0.4581754703131916,0.5260393003827847,0.22353599174271555,-0.45696213376790384,0.6052060989710142,0.14972063646178718,0.9997653916637332,1.6540172232555963,1
0.3410822630812797,0.7669211587310493,0.4773065060832493,0.7862627028277483,-0.08551116380611605,0.20525426367053595,0.6737449691013164,0.2575287536739284,0.10365520090167911,0.308468782370512,1
0.4628224256402078,0.5348587096812318,0.19362982547994134,0.5800456477343704,0.5011785061698584,0.6712406653976702,0.9518462531337841,0.8695789421171639,0.4407344667651461,0.21906483149182043,3
0.3006164006448366,0.446577906365925,0.3752471950036145,0.24076082129416973,0.5421917918465571,0.8866109033871735,0.780726464183411,-0.15066376635981482,0.7200234016433937,0.5115161160065914,3
0.3769043799889814,0.8227168282827976,0.7836178189361223,1.0021288943163922,0.7349691302759124,0.49890408125968133,0.0681282307664344,0.7849113028213291,0.9086072769156348,0.9548892657493668,3
0.8571652730961656,0.47205138889184506,-0.04049154298721666,1.1022209893684736,-0.04156892533045785,0.1375085334859923,0.06094980850121558,0.8827575439961322,0.7063195908232855,0.11759652429454608,3
0.49074703512308226,0.2718681240433236,0.39529342772308784,0.4205435906278168,0.30683057193404567,0.7976877838757408,0.2893807095219808,0.39214493988300975,0.15285159623523958,0.13114521094707376,2
0.8669168279654689,0.7131876740943257,0.41929842521001254,0.518162058025793,0.2131869211101241,0.2872092060954131,0.13155359168245465,0.3445904780733476,0.15435604746791107,0.9105747930608669,1
0.18454332580115976,0.3604216193775721,-0.019326368680393148,0.13097601021229727,0.4235141847375416,0.0166741523232833,0.1083382303645089,0.34977210320707797,0.8795841074650387,0.27343460164195166,2
0.9774797031123391,0.3511838308685612,0.11181422909979,0.5204060504202278,0.44266863862032535,0.3092563381290484,-0.07584863477275325,0.8191782350482273,0.4046386115183734,0.9207201400503281,3
1.1629823010030738,0.1331886392099868,0.5371379457095204,1.259681789667359,0.09140006708474491,0.8107710040945499,0.01228752322622123,1.074479625098637,0.24488543196606627,0.2631632038556926,2
0.20997693910541032,0.4989696679674909,0.7330797063410807,0.8809630091010268,1.0531238580990891,-0.008127856817369702,0.7391961407835016,0.9949529438885021,0.4590977581620284,0.8318823667809624,1
0.13546259016439427,0.2943916431163195,0.6015093077851401,-0.4021644225666646,0.49407856431372144,0.9522227219434316,1.0792075458806032,0.04292902226120993,0.9218511114903631,0.04703476657004507,3
1.0257807355890962,0.580096093240866,0.22610530785436292,0.9339271785011501,0.6374213475306623,0.6098464745749189,0.5457278556090458,1.0270430945727012,-0.06044181650016328,0.04803301406006516,2
0.10252941844066281,0.5490112577888385,0.5899017599261371,0.9697548635743206,0.9046317516505161,0.09806973168183614,0.8144501576281928,0.9181879652163036,0.534213469984232,0.9768965791588989,1
0.19713856723299195,0.15727698810214577,0.1077098208804472,0.2756220886055645,0.29798534498181317,0.8684454719868313,0.24386324384264338,0.3889756583777484,0.7041255744857808,0.5800674506637884,1
0.14596808403963207,0.4082234618893445,0.04613488850949613,0.04660612517531589,0.4473066023210737,0.06296375753211728,0.12031886372684587,0.41344508172346855,0.8935152435853253,0.2789235371185318,2
0.252381589525747,0.4566859675400029,0.5453831844049184,0.31964584845824373,0.4906845997494741,0.7084710980287879,0.7223274765901123,0.1431565378042014,0.4691879714864441,0.5013615218686125,2
0.9092988469880758,0.7162273799625143,0.5057886773647855,0.44703680175863303,0.25066251801637834,0.2586263153252573,0.21736998272098773,0.13833631879252997,0.3644991363470841,0.8518471353136101,1
0.4622117279701548,0.6073592842702837,0.40477200431657573,0.1570444091737651,0.03697104005529063,0.6339201735472282,0.03989699470724308,0.6104248324845282,0.8854891062321864,0.1499947878883135,3
0.6706776255085949,1.3172672471776112,0.5332016753699587,-0.29495637139332753,0.9542462701951603,0.8387773758340201,0.45136712230628995,0.7232323632202406,0.9236023303852577,1.451130372463271,1
0.622693062500508,0.284104850754487,0.5758204809738097,0.441357618744054,0.3705424737868778,0.45073414426105196,0.3044773786809089,0.8596432144663345,0.1416869282864141,0.6929185890020461,2
0.5776024236200724,0.0897281060083811,0.5685402465815863,0.24219251230337036,0.47766568555511024,0.5254136033000066,0.33813900409088393,0.8644574900119142,0.34537462759810905,0.6390033727108188,2
0.014757573246609874,0.8535358914381432,0.6490379089486067,0.3562898705339729,0.9274035130749559,0.4714987174525227,0.6923599490351172,0.6160167614969797,0.7923852823217785,0.6233583088275085,1
0.5999587684909191,1.329699454085116,0.8484710753450925,0.42200568077147144,1.1496840306125913,0.14685911473699767,0.6425885738197863,0.8736055128348266,0.9539168802348094,0.26041974582332705,1
0.8276395311350768,0.13165812607451713,-0.16795618594304532,0.588022453847501,0.9033615586791657,0.3233634928520577,0.6699150950594046,0.8241427247302395,0.640011885243061,0.8823412688984196,1
0.9908623949620119,0.26705343394959286,1.0389574030471544,0.1442498758913823,0.19667732194235968,0.09726088948995917,0.3831575309425885,0.8352744365380876,0.6381066587045352,0.6652342448900181,1
0.056426999115309594,0.7748283169209282,0.8458359220683523,0.2189967687508629,0.9862152733674406,0.5296931554518913,0.6862376572201722,0.46147461404979456,0.7159536166668979,0.5079544551153302,2
0.37104069484604946,0.7662084199821934,0.464899056488654,0.7184891844047409,0.08873198472750445,0.20320709617431532,0.6946351228216684,0.3548490394167899,0.22735490724486723,0.1388741336944847,1
0.5402927970473106,0.7764993349442363,0.7710492092368278,0.9063466335416255,0.8166752967495869,0.42901044844788133,0.1855067873518509,0.923544739092978,1.003732576033325,0.8586362785776452,3
0.5090928053797856,-0.277021002123663,0.3018585102203225,0.8313440718835843,0.6381435886518931,0.6038191266431461,0.5019018742893664,0.23382035850157729,1.61840628774462,-0.0232007861234102,3
0.10919095979340662,0.7763487622967576,0.9973066552787726,0.6793095535583984,0.6763066376505789,0.5583350308735949,0.4724413354537912,0.48624745328433777,0.30888389484978135,0.5013060652437997,1
0.7137224491635245,0.45048417883447595,0.6056806864237427,0.748047335820106,0.58582787056554,0.8911722986269237,0.6656398153451281,0.3620879832881175,0.13862938787769663,0.44071151510797363,2
0.4721972966987485,0.7868729968154217,0.15468471395494982,0.3917231021504938,0.056186216105497774,0.9021671488346991,0.5268529572868906,0.4452392729149857,0.17342156931806926,0.9344947871961857,1
0.7783379052070534,0.5426143516946772,0.5751326272623538,0.5622135137970212,0.08580320603351947,0.3784906693992328,0.17822882336501464,0.5217057253512455,0.3877531158886728,0.3862915412368615,3
0.5631566732995608,1.0029653195647175,0.42992525128576503,0.5717925641172841,0.8824987265707575,0.589658044616032,1.0171950704098078,0.06895276843227573,0.7799888382821396,0.7199488742709197,1
0.722125990415939,0.39067025395751104,0.1929375066058958,0.11016315195994539,0.23513902086670788,0.37683887776856173,0.3773847103082256,0.5416402955872488,0.15119319937442494,0.1292625006266038,0
0.3083297522155365,0.43123967219619735,0.4548434243309293,0.26100867262011157,0.6014902294843189,0.6833969834143222,0.7910552849708994,0.26327960528216354,0.3895002713169598,0.4668391745645741,2
0.7342444165417458,0.6268546214928478,0.8453992546747049,0.07534335556585336,0.13062804550291132,0.08425737337730774,0.3327866670403748,0.9093346093534647,0.9029744540717044,0.8484466829337599,1
0.5338621207573773,0.6306252888351154,0.8727723642060576,0.369394455742875,0.7828323410246336,1.176784900510336,0.05449716238650565,0.15473541737134833,0.8695067944975576,0.22340970285492218,2
0.8454970460889457,0.24998460216003165,0.04940045572526297,0.3978987516175362,-0.33142532593950635,0.3522229620821218,0.21932488534893996,1.0758267478512489,0.8332396776386766,0.6960547743896424,0
0.5724930814607698,0.2925465116603744,0.33551748933295655,0.35141162235666407,0.2909761708532434,0.973049193417095,1.0015941301778701,0.3186347631139514,0.6071590101856529,-0.1276551142092611,3
0.7787234255832712,0.4585671787199047,0.7517990866351281,0.5106594907350289,0.607300662524718,0.0690517567384864,0.6545599905353535,0.42356445615839816,0.08292676195836352,0.07085635754094657,2
0.3025802059674586,0.6534184577107256,0.759021786010464,0.07540460297481938,1.0092645317375841,0.2779592371687336,0.7648985733293249,0.3293899626293094,0.10048033453795485,0.36736293714209967,2
0.5414593374035854,0.910817250324236,0.39595089940777195,0.974193775627529,0.11954947143578482,0.09683661848904068,0.4252243486142748,0.32546450702868385,-0.006401968899623467,0.25813131568159026,1
0.2574906466753289,0.8625227611333524,0.4858510592083857,0.671149251238893,-0.14070814389796252,0.1469561692688221,0.5424259317742504,0.0908762622129492,0.1478375433085821,0.07159460268698511,1
0.8246725954996578,0.7633330719723475,-0.061081519341047,0.6148351113446021,0.9737036914855395,0.0414161934105588,0.8033161767442489,-0.18955811083565877,0.5157856214403997,0.0723397092359673,3
0.9250657164471708,0.7574310166111683,0.5244648689732778,0.44523911590839504,0.297168606663776,0.250811819083204,0.2279578401173554,0.1332475076684481,0.38469417610871215,0.8903295709449321,1
0.36593034333320706,0.16516086462707463,0.08185927963990294,0.1465797747664574,0.8762007899059739,0.947352308743965,0.7303181269364521,0.251323777474038,0.7467643764473606,0.14217789587314345,3
0.9042038944313677,1.2392211582791477,0.5142247103433493,1.2250322285414865,1.2129197803227765,0.510423730372206,0.46477875534566254,1.082773418868876,0.6036653288801355,0.7505464373017551,3
0.6668955097501608,0.04082865620047249,-0.012900543195504491,0.666155899564988,-0.23937958656153469,0.3099573389796484,0.32596707341712833,1.0476266430670862,0.8401364441385999,0.07699771237263947,3
0.3327465127712494,0.9340941420694321,0.9034230837646451,0.6291280021945993,0.7752894639958645,0.22904743173597483,0.8640670078818953,0.9188745675545802,0.5414236274140178,0.08793868497078668,2
0.26831662086331276,0.9341382441912476,0.673148752277033,0.4927740374845833,0.7879591605533154,0.612594871923939,0.6328562444952262,0.5288934818608358,0.1606637778584253,0.3336979865725036,3
0.09510967372679424,0.49870313596769283,1.0354210783792843,0.12789460236182282,0.27777295227278237,0.08559984222129481,1.0761671487244986,0.18262109614414665,1.1048012555760647,0.2614116577287568,3
0.25162241986681855,0.5634594263559594,0.0909230766943554,-0.5569204656199214,0.7796312288402533,-0.11833486609640254,0.10312805074381759,0.4878274549987129,0.3749089384764891,0.059043880885914446,3
0.3867245817017597,0.8594179700703497,0.8283147476192385,0.5396823138705693,0.7543875933024558,0.17155276525288077,0.7392320140375479,0.9324939558374241,0.45459931527205905,0.18735403714479337,2
0.041138204257937655,0.2934737785308018,-0.06731754264587925,0.09368669550003535,0.5494964423579177,0.08895605974014244,0.047144370119589635,0.4143139197932656,0.9607678525770236,0.36168509052702524,2
0.7974652075935347,0.6076819106874337,0.716304484253209,0.23856757304771872,0.29012498027547917,0.498139165532385,0.6171340241871915,1.157239577239904,0.4205730518107703,1.0840905376112482,3
0.8564501397395597,0.9898937625362486,0.46999110050810544,0.2931917156755638,1.071677413403407,0.8400628772385927,0.021849239990328492,0.4504663579630078,0.5923936687682569,0.42097338774230214,2
0.48722621078316464,0.18475634910120126,0.2998952594033662,0.13509375657401168,0.3307260564666951,0.8354773890733279,0.9769776013042234,0.2877394196552514,0.46298052739237183,0.019086646470379894,3
1.315150610493943,1.1570186363773585,1.0908676234652932,-0.03758459158017052,0.2463439901884453,0.5280366271953099,0.6310069058641572,0.9321609638241296,0.2712443647998399,1.2788981841813385,3
0.05784885774806163,0.7810060410415773,0.8563201082348053,0.22536642581445704,0.9913848451652104,0.5315863937036561,0.6941573887775141,0.4616145577256904,0.7129188789698249,0.5102527559572848,2
0.6976046765154688,0.42888225213757114,0.6158764798479036,0.7438264512622436,0.5565705722727796,0.9176265244574193,0.6423348883354443,0.3019540977719559,0.17871310273877553,0.46628179136347075,2
0.6422584561915755,-0.0910765662828093,0.5893263150716035,0.40447471677456404,0.5366100090054466,0.6436731889347814,0.13717344637666007,0.619454169603351,0.11612689123691164,0.773142495512517,2
0.2153809816173243,0.6772588421491882,0.9264433619911353,0.47582249771993046,0.6847578906210258,0.61597017067653,0.544787839882112,0.406619090870573,0.45040081879510874,0.4779430080873116,1
0.7386026082251176,0.09220063027370681,0.19473892349190963,0.7052291131032438,0.8640790157656839,0.32379094773751627,0.4688903147430906,0.6735010824858942,0.5150823306773749,0.5030890387269615,1
0.2473227755824054,0.32251246628956703,0.9775441324529006,0.7696066343871625,0.7684520884398014,0.81655185826609,0.8002144289818809,0.22403881214259966,0.5985716582041251,0.8951123750626045,1
0.912737292097594,0.4223698584817669,0.13425679802023013,1.1181495326412554,-0.01937959916061409,0.22401198131729705,0.11163356123812233,0.9809992168643576,0.8529528133198199,0.14652211146167088,3
0.9824203547697873,0.6415787174831171,0.20079572875327908,0.9188711148545275,0.6071980344030644,0.6951636970497157,0.4821985803636585,0.9792086137430623,0.021935696330045565,0.0454129449169532,2
0.5276266844608326,0.5538090495456195,0.39548424450798825,0.14812343547106746,-0.10602377520504472,-0.16605577369394225,0.08277146328866919,0.9881925195953052,1.3460916696581506,1.1948468473681957,1
0.404633908401492,0.9103622795607551,0.5286082850746717,0.48244438346796115,0.9271433044975601,0.6384627281965507,0.6939576122919542,0.5939966896004885,0.1874661493978126,0.48759717669701985,3
0.794100683971684,0.4473301183201149,0.6912080724335369,0.5741323716127128,0.004963551238285416,0.474119244060195,0.14423411891223242,0.5713304005058168,0.29160879106726323,0.46022379078715314,3
1.2561385890114594,1.2519384334423558,0.307549360662328,0.2784564044268966,-0.2997399172555314,0.6670827793611497,0.8551481205047791,1.8206348997222062,0.7351781330590023,1.256864729973712,3
-0.021627934850665873,0.8935201013927776,0.7102726295593859,0.2297280925565532,1.020002199351521,0.31288158244489817,0.7151118411502364,0.5918966531056161,0.5990472797924019,0.8490984206422126,1
0.722153968037579,0.6735900379085582,0.6981184845607707,0.4772351723492273,0.9339058428704905,0.7753233470543917,0.14406407106169455,0.4683911106949238,0.5828971284008717,0.28429984646449974,2
0.753459076708941,0.5678401771401029,0.7949438278013148,0.008793322722387406,0.195529975528266,0.003398734387038735,0.29472717599477405,0.8140721322154415,0.9304019589851246,0.79164899398245,1
0.5003117056777329,0.02876300836090115,0.42085719606175365,0.20683708284610974,0.47814616463798765,0.9785999374596542,0.793068426932872,0.11611146035369832,0.471222944955497,0.12366043345567304,3
0.8555771206217052,0.6060042149315937,0.2016678051928861,0.16608636334086713,0.045477500399093825,0.5602694525281092,0.3281104628637861,0.7043145186727815,0.42949719330083136,0.3549286008541048,0
0.6012557356901098,0.9647831804167918,0.3043385286642734,0.5634682488810334,0.9807608053414912,0.4967526015028003,0.9626445945464414,0.1298747997496785,0.8857078671564975,0.821182434784229,1
0.0846800837731154,0.9366451741917393,0.800100064085734,0.16429114391477745,0.9637596152624465,0.5531450406685745,0.48167369242744307,0.7655033755833311,0.8454945021670085,0.8322390035580071,1
0.27662993435412153,1.048435929996722,0.5833647668043287,0.8937643468172846,0.7803195479848024,0.5152260233732906,0.4070324317721981,0.8157694320146506,0.6759297978985972,0.7881729490059559,3
0.743507607734981,0.9290535776489919,0.9359504914699414,1.0064322436967026,0.6183076489854146,0.4482061448674682,0.2285089099916535,1.0756298608993033,0.8264069847002646,0.7684259246647372,3
0.60249238253351,0.9628458585385335,0.304796778292972,0.561563698931211,0.9810618026893799,0.4933777276348469,0.9650890885151531,0.12985076245047844,0.8835374040511036,0.8205364122791987,1
0.6251329900973406,0.37776604717726525,0.16279456586042196,0.20451014286004135,0.5119043637422223,0.8861148562776778,1.090943578136213,0.3975865673122725,0.33591995336559854,-0.05119701354149997,3
0.20196907271124898,0.16256018053619053,0.6817618436650429,0.8306184070428807,0.971992028156343,0.38767829522338065,0.46260373909278885,0.05051066589260954,0.3200249108190041,0.17723079226238858,3
0.2461026762227639,0.08651773943233157,0.6891057165606617,0.4132229668474369,0.9946402139664703,0.016359531536967786,0.9177778224676348,0.4857832039964497,0.4062233475286934,0.9805900808716727,1
-0.11811111011652992,0.6713527001825484,0.8111879550513381,-0.21096759141582144,0.4219686434109179,-0.1319530740285405,0.9962049942000161,0.14348913824081877,0.7095237560200667,0.5805336702540871,3
0.3777728815527685,0.3542690120772121,0.4126744259619448,0.1939662497433711,0.35213524320464173,0.7654203802132192,0.25833303698263205,0.6562706437487597,0.07220353673799404,0.5085431577831384,2
0.034246008981131434,0.2155781241354212,0.2563263326860792,0.13853629883660815,0.3867961685836461,0.9303981311059104,0.34754359245854116,0.2874712594754848,0.7322906738911444,0.52305007688601,1
1.2895938840639956,0.3034546837896734,0.22038471213671434,0.5109778834302899,1.0714416159779163,0.6048032828456043,0.33523014861088074,0.971151883333496,0.4998187788760101,-0.4331434703116786,2
0.45051248289487894,0.23384437110800074,0.2498396203519916,0.17209192484498564,0.3317160514327068,0.838695751839565,0.926476595040488,0.27882116840500204,0.4878302041769528,0.049571503299808764,3
0.4276241440720165,0.5876912210273683,0.3803932986417035,0.1710518560614356,0.09289488695989062,0.6054529256068936,0.026613458500693247,0.6506088742856488,0.9139334068411733,0.1584119023021336,3
1.1578893815108056,0.18996266448468646,0.33670782121246257,0.16613336968178982,-0.037030525004769346,0.6395486293504338,0.5327145486096301,1.080604221111435,-0.016299857788081018,0.26145648843450453,0
0.0556076944651986,0.774522767593093,0.8333415566280926,0.22352190884902612,0.9765793848616583,0.5187245503719611,0.6914323241533049,0.4702858480782213,0.7092803355876653,0.507152132691729,2
0.9864832407420743,0.6392477764965209,0.18499189159769547,0.9253962375679272,0.5982851623735428,0.6875352600854977,0.509967377608156,0.9542525481710435,0.0196888904700672,0.03289565518466112,2
-0.1309280952445508,0.6916429204189932,1.1160797018276987,0.5283633107273893,0.0739469689586991,-0.26159969530407945,1.0748935104402222,-0.05949681498182219,0.5199443890929579,0.4014877234800806,3
0.425906632143818,0.5637790249224744,0.3949526774920183,0.14226670310030193,0.04364645878324066,0.645863302086924,0.03186541899666593,0.6292868664472764,0.9295835221343947,0.1576144882503713,3
0.4274629686485688,0.5625570843075146,0.396814793316575,0.14141262498056206,0.0451488476309934,0.6469136769650359,0.02883926192671314,0.6361747966725899,0.9330402114694781,0.1576269618734994,3
0.48187655411689223,0.8047892177377829,0.75807132584685,0.835535681125829,0.8504090289434967,0.362734474567543,0.14132846846055994,0.904151871513787,0.9299079812489066,0.7945901371390127,3
0.08225596785783668,0.9919925275680994,0.9199373168380944,0.07734960067996201,0.7579668904173262,0.7167939627538138,0.36391703150718846,1.1635898288376798,0.20576250317532102,0.612636302672888,1
1.0813616679406106,0.42522871972709414,0.4403047978041526,0.8817922088106215,0.1498572598477105,-0.7464364193126958,0.09312250220031337,0.8871757459104989,1.1202135537011746,1.1388026566334988,1
0.12290552384165257,-0.05695901125556804,0.4165154919005447,1.0605872314014932,0.9916072411876875,0.3360778688458515,0.6426525453532451,0.0721274437224709,0.3674484802643475,0.3497762825325552,3
0.6845319019026783,0.908507501123403,1.1847272236613968,0.7474896978046438,0.7274973632657581,-0.5093259628730384,0.4841579875917147,0.21023102149572648,1.2163706886095798,0.8816914345083553,3
0.35080238345753123,0.916167836463778,0.7097320058727946,0.4790444354226769,0.6821653725100367,0.48839027555137593,0.6479259325373127,0.5243403170260921,0.03522992161608374,0.2937827014565814,3
0.1991576482592128,-0.1341712331518142,0.6057874297121708,0.6498527535018724,1.1905459981216948,0.7238782183618917,0.5024488268875109,0.03544221626445133,0.31894898697900087,0.3202315544033129,3
0.8282525232620052,0.3692875093663128,0.712076825603872,0.7026672906568103,0.3990984701763668,0.9789220308450775,0.4852164744241607,0.23494162438958038,0.0848453630094516,0.5290358063069446,2
0.09939424006325259,0.4843758837689433,0.5909284794527965,0.1739271247225791,1.0580073480834433,0.6667611054481859,0.5218716830299658,0.3278427569059424,0.36803259575573855,0.8558825714675633,3
0.02682245610260135,0.9567842367987972,0.6652372867241195,0.2693559386787355,0.996327560685031,0.3916737318170616,0.6635632932008502,0.5317776684254278,0.6588742957649327,0.6846503073669078,1
0.9505416303659106,0.695051522753146,0.536424356296209,0.4538868908176667,0.28927743331396616,0.24555293678566212,0.23210414601487508,0.15626584772698693,0.3930438225405076,0.8997993890097549,1
1.2920736086113362,0.6762256747805008,-0.11607793677597861,0.9427804210082249,0.4355682604202389,0.874056839052207,0.22917053247748137,1.2194677370253169,0.13498363929300478,0.3770897955746453,2
0.2219080855041752,0.4953246546733539,0.9806183743230631,0.2132834249458897,0.2068137721257885,0.05276338945037887,0.9756896831508229,0.2509178169572647,0.9868889020925903,0.2429001828911753,3
0.8001232217426322,-0.02857818521140376,0.47304533158682466,0.33786613294995244,0.7102650902816174,-0.16222607340706652,1.2665507330153045,0.48596787011689824,0.24191077410300804,0.5190052998727457,3
0.49407838159812323,0.06023211472952704,-0.15287321086087166,0.42496021989794525,0.8909550892309661,-0.2937141609229415,0.23374929900984404,1.0570921444895736,0.5678046293386688,0.7530583713917058,1
0.0561838346783865,0.29222363186825606,0.5367002753700748,-0.005417906792554605,-0.03004418970320072,0.8513517238653869,-0.044273058309020064,0.9793970996745469,0.5604546527211494,0.3038634343803999,2
0.718546808546177,0.7724983276338991,0.05728080995792971,0.7662665693392203,0.01393413821855663,1.028838537210134,0.30695253063763783,0.33240534191109133,-0.03708494774437976,0.17167725033350245,0
0.6808617265881785,0.5026504340351726,0.7559019921007808,0.40247886701471014,0.3867170952822354,0.01607591329954189,0.21991551210699592,0.021009952254417846,0.26658801710677443,1.0222488906067677,1
0.9345558043720071,0.5658428786590186,0.18340096602182088,0.9808459490781749,0.660582042868239,0.615732787615062,0.5372961349902332,0.8968403058517156,0.05667607891513188,-0.036673679660689865,2
0.4684117136970636,0.6713647226663344,0.2745130807464228,0.3434083127305544,0.7865066829739831,1.0271197437830377,0.6078159346818932,0.2497021269886261,0.3229533674486705,0.8534633769924321,3
0.4235880724064003,0.7762806874740752,0.6051447916889625,0.8355700374437033,0.9609488834034458,0.44495651337285874,0.015389862639769741,0.8654727050982359,1.0694445617746497,0.7707609518013074,3
0.33558323039618176,0.41570279623140827,0.5799067412384434,0.16568177538333137,0.8499762948439482,0.8026637800857352,0.980678149631546,-0.053379499116651935,0.4873997359153243,0.7429794901507399,3
0.4022208701533712,0.13503668304194252,0.4393312624989812,-0.0037917555302713624,0.2123348611586888,0.798658853887431,1.1894021992322383,0.41287871919319163,0.618498990959994,-0.1475295385813425,3
0.35263657434570905,0.5246722500383166,0.9190843809348418,-0.20034677433678766,-0.03599153064788796,0.18887288855264378,1.0707315882431185,0.06389922925804789,0.8047043396061079,-0.11213562762303392,3
0.4602198555700356,0.5455508809655955,0.18693951972305503,0.5842044397736379,0.5128002514712036,0.6592857377946238,0.9719451260338241,0.8805338747738093,0.4311285590064089,0.20703241392046082,3
1.031284957801936,0.8058734762647297,0.14658094612176265,1.0216439889891262,0.6097675296059838,0.5455448571291989,0.6336704138850054,1.1080904079846428,-0.04591899700865183,0.005516227197505698,2
0.6383239007149599,0.3416763360929581,0.5127561754284806,0.12762684388442824,0.9236598837664844,0.5840994186748173,0.6836992616813029,0.8666185567041,0.006774777707158397,0.5672001932130377,3
1.0012315923301993,0.6276218870222668,0.19320456912494685,0.9290949739882038,0.6389299968921913,0.6530959027078382,0.5145065044844461,0.9583010470204425,0.055235027471650835,0.006172767845666227,2
0.7422390604160072,0.44237548035416174,0.5633056132003172,0.7133146116510557,0.5202690690526047,0.9598134346286822,0.646320033557168,0.291014865284719,0.14462653703333064,0.4630668719439466,2
0.0999141909182244,0.14944244391874845,0.44778343157218614,0.7006731141343802,0.18742295216475882,0.4619557612287617,0.5270706286036428,0.9016765326670649,0.3601599008424238,0.5359133425819467,0
0.05760017981633221,0.7751440199872188,0.8449928774260784,0.2211520577301598,0.9902269678917357,0.5315035118942496,0.6843066912078437,0.4575141634260716,0.7132580815265337,0.5118231298669474,2
0.12991033715182426,0.8649872672853425,0.765151351231503,0.20579286317995488,1.0184117889040956,0.32433913218469757,0.5009407601298836,0.4986847966724961,0.7814384410261779,0.7435172903135081,1
0.3007741862104828,0.6162451394237164,1.007480473815543,0.00744390970001213,-0.014413321719864702,0.10539137441225413,0.7737916188885001,0.2904179993101193,0.7860135592399786,0.22356067740243696,3
0.09167051169711227,0.6328514575997939,0.9799578752128111,0.24181109970530423,0.9285382314037183,0.5930180445952569,0.564972046991451,0.8319739539139923,0.46984678208945774,0.4339360460261439,1
0.39948316971843834,0.8123519365712245,0.514265714846436,0.7903412193135654,0.061518972148189605,0.24449016619103114,0.6252497278598991,0.20527003854618228,0.21488437335215005,0.2757758248814047,1
0.43951664216540715,0.4383492877457361,0.7187423300449527,-0.4643111733214885,0.2654832160583067,0.47381528613661045,0.7854119694638773,1.2819079936748077,0.5014462494758767,0.5574835696613423,1
0.855396385639271,0.08059142270330569,0.5147532080316676,0.2035061468972787,0.6596941996190184,0.1683663150118841,0.1398153385842131,0.18891891857016915,0.12728499999957568,0.4233351921832885,3
0.8051306574522278,0.32750873494174354,0.8115072096628559,1.3764688795011604,0.018407063291717374,1.0232855747350809,0.2266823058801935,0.4341352468641692,0.6372846434479443,0.439056779366297,2
-0.06068987227821199,0.5766463481362503,0.4615461605071398,-0.19448852826576576,0.6518276584248948,1.1128314361765086,0.5795300081078767,-0.17239735588828395,0.46099079616220767,0.4022480479670765,3
1.0421010623564946,0.7149187365212101,0.40781414852745357,0.7142735609294543,0.4710530889934618,0.9101330904388122,0.6450773402206652,0.7218595616608793,-0.24802320072088346,0.24658715384899982,2
0.4989710472550354,0.26262102082110983,0.5208890863940449,0.20430389544053806,0.5074809875377305,0.3846561268845795,0.3819902988531637,0.6794092769964994,0.3842777477178741,0.6929541960720045,2
0.4300557912989207,0.7166358899221874,0.08419178995108889,0.49308711473672895,0.058174132811773256,0.8138248244584878,0.43616970304429253,0.4566741986514004,0.2286079678442169,1.0170986658867298,1
0.12188898208978914,0.09458104281800118,0.3946974796368433,0.7172788303032579,0.09582916254020665,0.3724118824159521,0.5343789969260394,0.8540095725802972,0.4270409444725872,0.46382037813870336,0
0.5069874359709489,0.9218322628214983,0.7096083569885601,0.6044267499355999,0.30250938368995484,0.35724458289239697,0.7288574130098625,0.04268838706450356,0.5775612452024899,0.8176260131989419,1
0.3978347388356183,0.436908832411114,0.08111823003504708,0.5402616673502315,0.3644939104696778,0.07797551408360726,0.08925774447368565,0.7517128107090582,0.11403067803832856,0.6395409473126059,2
0.4646729492507272,0.19531535299926503,0.2996592945135746,0.13162871174649285,0.3484912456829815,0.8716649486547846,0.9235832044942613,0.26847884112481035,0.478355561961581,0.015353853839247093,3
0.7260000007869274,0.6729144438586835,0.765909355718653,0.06570367320179621,0.16457814134479684,0.03979800970943222,0.2860682572483263,0.9183649888579197,0.986565773472691,0.7824795145148419,1
0.21645645508235728,0.4897524410218828,0.9944829626119756,0.2166816737695607,0.1984180684106166,0.050329085776349834,0.9504451723825128,0.22057111395488893,0.9583381763937172,0.22626287749792423,3
0.8448855204360853,0.7760244245846559,0.6082816769095047,0.5063457183923942,0.2617021980830579,0.32921919834404156,0.26548453063637506,0.11192594742311408,0.34556865383006274,0.8954942102342691,1
0.4810130723598809,0.23165744173112315,-0.0017217502418108432,0.5369063009978734,0.5786046689429646,0.2524047288323358,-0.021164425638193846,0.6051203688094359,0.25982191870076976,0.8533883866513703,2
1.0086272737478417,0.534982011425361,0.9947871529286538,0.2050439690357794,0.01761290436115326,0.3824891803109587,0.3712254924325872,0.7278003714288477,1.2194453901935982,1.0553524512063184,1
0.05680023680245614,0.7735514818243691,0.8460837754594178,0.2200360378309047,0.9868230482501141,0.5301279755689767,0.6853107225831293,0.4603708279329198,0.7144651710158008,0.5062040042468695,2
0.9874726556523441,0.46646608645849663,0.04684782355208868,1.0147118750688944,0.07057404319529191,0.09000658350899916,0.043962896029947095,0.8461444862378339,0.8073215334768862,0.011836664585016865,3
0.026536131986429175,1.0330852712191334,0.6105685452756955,0.34070127832421787,0.9424303879084833,0.39714227027397303,0.671329847132755,0.647277241231579,0.6703382193907916,0.6904592588125648,1
0.14935683995153864,0.09683466218317169,0.5626402777248138,0.9396380135854153,0.8728359917905314,0.3952541071360612,0.6211398158184481,0.07576136618075129,0.3465707682260084,0.29688161639770927,3
0.041219116203730616,0.9365981867098195,0.5969547035348967,0.44705621070663726,0.8285555623741381,0.3523974302498359,0.5331449810882575,0.5231507764004004,0.701888707750628,0.6843769590073021,1
0.2541480037214036,0.33940794893009885,0.28897771791991583,0.0005538961153126222,0.74539981797257,0.8566443996719934,0.6858675742235567,0.06258689665386034,0.6707548919626909,0.36177953128557744,3
0.28444786409225004,0.0981920258624012,0.6359405842159115,0.4417616560257135,0.9749961310304819,-0.0016934339103127846,0.8712849279141686,0.5163246233576332,0.421620028628417,0.9762618980111721,1
0.5644852251224189,-0.18116903669775253,0.6092013818154489,0.3233519022021876,-0.04800094535237684,0.448200141842828,0.15026182243288855,0.3423845566544248,0.611656282312006,0.26946233444812,3
0.4311571357444296,0.42257747396362827,0.10197579201891945,0.5213969885766465,0.32552816127787426,0.0888002237785672,0.08479692313342589,0.7952695095528773,0.09585686081510272,0.6054748122711305,2
0.34136683601640994,0.9571564169338874,0.9322237736783401,0.6233466995300364,0.8003326200942013,0.19999874669781453,0.8838687514414678,0.9002575065789639,0.5167863238521955,0.10226445149774552,2
0.6197667207573421,0.6493459107644031,0.1180949657439889,0.7532579363105714,0.1988245166894527,0.9108128730598807,0.1190760774467586,0.3301354581056949,0.04525141272376894,0.2866287219173554,0
0.5471287706492428,0.18847343317516135,1.0156339765894928,0.01209240568919237,0.4660916451640958,-0.13453709355097626,0.8404814013108943,0.2628023434256188,1.1816198856872113,-0.02383076712694493,3
0.22316477141819205,0.41148897176767923,0.36689204068256176,0.006706019541030312,0.6550833263911306,0.9591922639856502,0.6036716124400975,-0.03576276634129255,0.6032564194119033,0.3757060391189817,3
0.26043183124226676,0.5255892034093846,0.04870279641710339,0.6753955298827115,0.501438682219889,0.23937219509463656,0.050309251106118,0.7461024699262276,-0.06470858627798656,0.5072507015027086,2
0.3927548984179692,0.8599068918249878,0.4792788148417898,0.7962570562597745,0.008891879829054147,0.2589523899955774,0.6071459492288857,0.2507036317000349,0.15537935879713052,0.22592622983032856,1
0.9835594575361004,0.4928866760761451,0.1096714367399539,0.9548354987740755,0.060789603149736054,0.09904240093048838,-0.054606833286218445,0.8729176444253108,0.7259842958156179,0.15991701300870026,3
0.09798941426135913,0.4155985008522922,0.8973741834459693,0.43076971760661104,0.45546899170564703,0.4207137434947752,0.24135237036003168,0.30300612393186055,0.07012924266166592,0.7351640250455715,1
0.9815013521085159,0.4896020662334864,-0.01797157077792414,0.975249404614429,0.06112168042841176,0.1838351202075222,0.07641512621327304,0.9236687140970142,0.7380133501039182,-0.003604650415522166,3
0.06555522197154687,0.7780506672002495,0.8483068789503511,0.21828379961157518,0.9861781196703292,0.5223075196859055,0.6776853567907002,0.46845904714440584,0.7113336334016793,0.4994189183662499,2
-0.00600265416146005,0.5687614459956712,0.9391341593331445,0.709541505410698,0.6658600857722433,0.607289836580564,0.3891256355984485,0.5576547661681369,0.3157974972998015,0.5856373891192754,1
0.8753103219908307,0.7181402436421631,0.5378821754063463,0.498849107957405,0.29681634097974663,0.27586442886437507,0.19651751791006583,0.13746190346548598,0.3996779357510309,0.9099392717769402,1
0.16061331520396066,0.7310650222713171,0.9452395708001176,0.6300747943403029,0.7103239250806126,0.6888431046593994,0.44472767359835463,0.4287236576760837,0.4246603838720675,0.4169904794007295,1
-0.23681740044570476,1.1230115431070915,-0.07478062380279428,0.5497960332500236,1.0673837256316565,0.4424607513608579,0.9416056767228387,0.5985907189330035,0.1348350200156908,0.7672254488721997,0
0.971031637441428,0.69979809052702,0.7448046818385045,0.5159617897574578,0.5894114991243723,0.585932765065082,0.608622802022792,0.6466535968539431,0.6777600199784145,0.6501495083402041,3
0.582607355923198,0.009926185875547333,0.0923737314145579,-0.0792175528383508,-0.05323307198202443,0.0934071017125443,0.7030738372430889,0.7068672681573044,0.4791090918842555,1.0704984512195166,2
0.24830364795055038,0.9656139846273981,0.6522132476479023,0.48594726934406507,0.7996373356219864,0.6116250926462513,0.5931423716712836,0.5210896323598727,0.15189297247275013,0.3473298013046309,3
0.5345873520325103,0.6553946627494666,0.09447506799783423,0.7948578455735189,0.22145579146618394,0.890539667737986,0.06373107875935036,0.3458435303879894,0.14916560950198743,0.22023428600348183,0
0.42156784453002194,0.4979240879622507,0.13243975647697984,0.5839438162407568,0.4897904564256267,0.6919946332836017,0.9389657496278905,0.8277524787289416,0.38607279086735713,0.22333580205762343,3
0.5679938490323412,0.7228130668857973,0.7079668688546306,0.46519727441817216,0.9364349882562344,0.45090200657292423,0.811637076151945,1.0488766379319254,0.6769465358579765,-0.15979834726619624,2
1.0154405012770487,0.21358493795151967,0.6060823951089709,0.2756944132106568,0.4697648286180878,0.13098015997100584,0.18803674624749572,0.17412694268739043,-0.011855200827114297,0.2801561883054131,3
0.7313974397795664,0.6559369875273354,0.7334426464966176,0.40401880270311685,0.5311625191411757,0.6968043839063737,0.22569807501633163,0.6758491098103812,0.7236159617639528,0.5586944990197258,1
-0.08696370727556488,1.072813119932101,0.6851785373020717,0.2586164373908572,0.9578922818078816,0.514201124340207,0.5302140783963959,0.45883244161858044,0.7935402559477496,0.5744815108319418,1
0.2633481427527863,0.6165484034042938,0.623382560206061,1.0693646823634737,0.7509305929580139,0.22768893814846936,0.725456194710792,0.7957373133936458,0.5968552842888077,0.803895690419544,1
1.0822844907493159,0.48532657127562384,0.8454909695744046,0.5687470160127149,0.08450965565389618,0.778757053409818,0.6417754336907613,0.9679896137753701,1.0304998173402238,0.7463822832648818,3
0.05684949543776055,0.7733206805907464,0.8449774621063292,0.2203734547223885,0.9876627950413744,0.530636929650194,0.68533605693729,0.46070827900557026,0.7152002939426466,0.5098989500245437,2
0.23414015179508488,0.8182109099652635,0.7473509744581317,0.5100605374286212,0.6730368993920138,0.738554368983996,0.4367836332584108,0.3457205946493147,0.2340294035589421,0.4766079536858309,1
0.635749101429687,0.5057177838324675,0.5587511925017049,0.7084967445045337,0.23450069707627635,0.6081955719703184,-0.04848473213160831,0.7311651813891535,0.2665819597810256,0.6189630702819695,3
1.1855410150271486,-0.09705836244007615,0.49018796803560066,0.2758522079855915,1.6524681191774058,0.3880210420482868,0.9678383565719169,1.6810024443958598,-0.05750630205042635,1.0172510788351157,3
0.38492248338901636,0.5306983672488135,0.37801357723497236,0.13994885279375324,0.01340702691619786,0.7024248275500896,0.018843772741200686,0.6545744969707613,0.9413623858190423,0.19115572845513584,3
0.9048145562911094,0.7302492754560724,0.5277093331802823,0.4695068088036732,0.27329873162285295,0.26353986019304443,0.22902641572718574,0.12781235206711644,0.3750252192724059,0.8654404092779876,1
0.6682069447375668,0.3043108789618926,0.5015849817971959,0.595628206993334,0.5805396057980957,0.8664497684588937,0.7852605621456163,0.09937577111852375,0.16734551968546205,0.6965777364627618,2
0.23384633292480111,0.6500357484942445,0.9967605463239163,0.1254116266990692,0.6161169279650736,0.03901676235711227,0.8241388402927663,0.6826156268338992,0.7081320352483402,0.9414526987530267,1
0.15998029937116548,0.24609180684767223,-0.10442299360994403,0.22305400512204937,0.6143761106772305,0.2901534804954585,0.005904005578349386,0.5306256108517281,-0.2045847064577634,0.4917849687093784,2
0.8363069112270727,1.1931746153210137,-0.5259859218187899,0.9464845340367962,0.618332382577947,1.387547431225975,0.8551488121621662,-1.0993200711200894,-0.16958127549547897,0.9696459170230152,3
0.9667512540421175,0.6661134994138523,0.2436022997942448,0.9978393032066112,0.6564698146671313,0.6845500615546453,0.522752649591034,0.9999777370158374,-0.01493029465178011,0.11539895868379388,2
0.8498888741769187,-0.007797539126111974,1.0929492376652399,-0.3004819279931158,1.1466863579631845,0.47465454123929934,0.43565391106771345,0.9717123013964865,-0.39823756213010364,0.1664652652582751,3
1.2967363915368209,0.9340919156295562,0.27365508346271755,0.9761696768267853,1.3795604205759973,0.4997540749088994,0.17801394701832307,0.7279558859293459,0.19974825442905284,0.23459561789584177,1
1.0788963909710738,0.9308933135627597,0.5601264487798961,0.5259892548810552,0.4676903473912581,0.0968529541923347,0.14117121759066595,-0.07285522686852239,0.5985404688764648,0.8684665243926247,1
0.24349408366559425,0.6447689578675324,0.47275619088040866,0.15691306648078365,1.004312267205385,0.6978597301968736,0.4946400764083142,0.8027915907125119,0.882675521290259,0.5468152664142131,1
0.8910065894737115,0.8054986616261468,0.12100099598335579,0.9011772070689599,0.46994199613231635,0.8371725260283223,0.4947195579679843,0.9011737783076768,0.0401045994248451,0.050400418294374597,2
0.9629227175366176,0.6183157880698167,0.5207589222807436,0.47224930835815204,0.21224955980457783,0.33465147414008245,0.34262661056716714,0.02888278361792887,0.401040637029392,0.9628767014803166,1
0.7661623921967733,0.4998607164833158,0.7424399486233547,0.5317895843055223,0.6136476697136912,0.093232514496668,0.7039525552736632,0.4614646222864534,0.0820284111708096,0.036919933362696056,2
0.7393515454502031,0.6991039838172608,0.7801741840724475,0.016398006775349826,0.7131996237482029,0.2768411862956651,0.39201133234166524,0.31374165681690297,0.7992144648271593,0.35213190532613836,0
0.04667304336045101,1.0119838769085112,0.0494970372837259,0.2380692453939416,0.7094903352986861,0.8877822092580401,0.6451406462434264,0.12858295636120728,0.19417409999780444,0.8086102876954475,0
1.2050431085887297,0.7215564482739392,-0.042891166870775516,0.7752537722992104,0.3250904642746924,0.8174919555357474,0.24972959122289468,1.0179040012469105,0.41079286346638383,0.14854436736739457,2
-0.2507081591477199,0.6182330324631828,0.7682874908017268,0.7204110311778057,0.5103912705170831,0.4283106525815602,0.6330477793730693,0.3904341950891392,0.47869819036357075,0.6520930556520966,1
0.9427051338391436,0.6750737080748677,0.1925548268176273,0.9970581183220069,0.5950865520204954,0.681826105121919,0.45939764152669216,0.9700207400628273,0.027293208808760305,0.05973920464950774,2
0.5997044721456283,0.9630535442902359,0.3012110124938813,0.5608528173684092,0.9747754727334244,0.501995093202767,0.9661688543757538,0.13481928602484905,0.8869654643377626,0.8151165779713264,1
0.46852326459398863,0.26556501921938414,0.33921960293045567,0.1866802568406593,0.36875817879226847,0.844831822943436,0.9376148553548624,0.3159796716961891,0.5159125437722695,0.026711948914731696,3
0.562630112920913,0.03688106278378964,0.325225498477012,-0.42660136694400097,0.9715946039198078,-0.14318604996654694,0.6992277672371385,0.6128314533060244,1.0869110890371272,1.4949229971726539,2
-0.08546790661416956,1.0043962962463666,0.7170223307377592,0.27655316216178427,0.9171541665548121,0.4847961729278523,0.47152138884079,0.71277368619517,0.7661883173862348,0.6941521835225896,1
0.7543298963285108,0.5798735957587708,0.792400782542874,0.09184042652826503,0.17186517724024697,0.13082022807185353,0.35014722150893546,0.9038194010227025,0.8516745311023255,0.8221721977029278,1
0.21241114338972283,1.2704962717074149,0.36807630288787957,0.6551099749330024,0.992288241663957,0.2671512779180069,0.46998543639169754,0.8251197807685858,0.579677398269203,0.35554802788604095,1
0.48138383048642386,0.16070468091004714,0.5102372275302949,0.30160441177532893,0.411269099096217,0.4721134708687977,0.37381709626949583,0.8286302864199551,0.27533257032343433,0.6148503820929749,2
0.19402018408335883,0.13190478102836,0.5607253094251856,0.8708928213785175,0.9287365250893428,0.44235839889475814,0.6145262446436407,0.02972626084859815,0.35860126721365837,0.21549721751206144,3
0.49575917055817,0.5327932118472698,0.14861421919949638,0.5964114056959937,0.5205754544692545,0.675679552591748,0.9418552292856819,0.8983167792874551,0.410878624733633,0.19234387460416766,3
0.22715852053887337,0.7066104279576727,1.3224628409798944,0.3820156708975164,0.11387315161170143,-0.11608445684406543,0.8617531400765372,0.4895008187924134,0.9402574464381945,0.14382029016542425,0
1.2711153450263968,-0.438274433957359,-0.08135087016772402,0.036633366858438765,-0.2965941815606405,0.031248833007177457,-0.06257151972650718,0.04031577793681107,-0.10458301990153873,1.0308875984753045,3
0.38312604937623446,0.5331160028641835,0.3177654688707355,0.0670057053157601,0.043357315276443466,0.5826555286369259,-0.07015488945424359,0.703221668266182,0.9584941842117993,0.1788020770902772,3
0.3979996591270133,0.20628761468962062,0.27429030329299203,0.18848926669041313,0.3527111479577807,0.8580411664007207,0.903246907261792,0.3103968849123393,0.4608092847516794,0.07065678712534672,3
0.7614576834646339,0.6849061207410923,0.9025308938974448,-0.02772983035591091,0.187598583146103,-0.023232513437970295,0.3305251056114063,0.8163938119841478,0.8293833394132398,0.9727892911480341,1
1.118704209527071,1.0106355018545639,0.9257271711357575,0.055574461616202386,0.4892955730975126,0.6182292402420104,0.7136527651523243,1.1347572733425801,0.7713683531958409,0.7845375168426575,3
0.35358746845204403,0.9273333624412226,0.884005182579928,0.6185092596156199,0.782272154033477,0.22138359141686226,0.8394557775298113,0.9262979038568149,0.5597594628515182,0.0815450643042313,2
0.06788097607880222,1.0125858809710162,0.6743632425248532,0.3681136461759044,0.9906339267592137,0.4108854296647867,0.6421761590159833,0.5987956253771066,0.6391510799612825,0.6759098826434188,1
0.4726847581241503,0.5127285758315758,0.41383042233481754,0.12278553297175292,-0.01909507044018298,0.6274976535674017,0.006905667234011533,0.6992467386578863,0.9137794093274493,0.11235771479240797,3
0.5868054295624568,0.979137995226494,0.297334838659866,0.5743035422839083,0.9693692229423474,0.4898966783657157,0.9482810093239554,0.139002885535106,0.8869255113594429,0.8067806344121289,1
0.8897015059726326,0.5207567185082144,0.8956494453535416,-0.07783044795252966,0.23585455861195262,0.13502821004188464,0.23101583344017063,0.9868824036220673,1.0200522673672185,0.8866765973433591,1
0.3152881569726169,1.0407286576276036,0.5269475772653852,0.81284057547783,0.943951201112876,0.4438665922668934,0.40953945214564313,0.7902795401641909,0.9977885694235108,0.6900873099025325,3
0.3479103079621287,0.9895796981604021,0.9046968427010779,0.6731405083797738,0.7307263206526872,0.1962707083953689,0.8316872895713814,0.9663976562489459,0.48154861098605917,0.03693749383961361,2
0.5318630710932027,0.043787645307158465,0.4556354066369759,0.26064722142113744,0.22761731210851777,0.6567500044441754,0.22133958166652884,0.35467946503175796,0.7202355187032983,0.19617846410763923,3
0.39400878188143695,0.5953643428972424,0.19575108609108727,0.5850078262878723,0.2538807948729844,0.6948946825557138,-0.03151376149004123,0.39878455663194,-0.07331033624472738,0.28521568832170585,0
0.10768456302753271,0.17674676517475124,0.38738852468734775,0.6870805242388712,0.059179005773249284,0.4402546927595522,0.5672916181657273,0.8893839189751538,0.3238977470552693,0.42079824347909467,0
0.4613855580701264,0.20839813077562236,0.2884137840164318,0.1633273905046416,0.36055542771517435,0.8533289490016901,0.950811304522094,0.2646454926864521,0.453755156259234,0.03558037099393399,3
0.4385577806845756,0.07747404869446248,0.42092220653218615,0.14315932842350493,0.2863111855242791,1.064803451729326,0.7642545834387896,0.10307296482948025,0.5507558869718182,0.20223957667796602,3
0.18708501505093392,0.08552240259259307,0.5618409508667506,0.8684620335010697,0.9198607512460126,0.4019156151500469,0.6145418928808356,0.034133865503487626,0.3677106445588779,0.2641604223140083,3
0.6293705067677046,0.4957136125354204,0.5034783257483438,0.7022830475208325,0.5683478598393858,0.9661554316070927,0.6657315769221046,0.34074758971271785,0.09354245680252143,0.5015844758278953,2
0.40384858942423035,-0.03575158446288143,0.4685171758984184,0.1775612886420855,0.19010846705899312,0.8602513655920947,0.22246740258759307,0.4434739958255855,0.7432628289620162,0.09171288113915774,3
0.15620874263358792,0.34640671267162604,-0.019684375497033287,-0.026829801564843672,0.43860011993310694,0.0665368336158084,0.23457192706004876,0.35296369942104056,0.9806152816746525,0.3530351929846376,2
0.95766428334266,0.6807554939886912,0.20545347505175116,0.8486427727950192,0.5184705138859025,0.545706657156822,0.5645478893322399,0.8596506826361905,-0.06480973330765093,0.10789189439208138,2
0.9074939937216265,0.7392824186100858,0.5311285829233434,0.47532903197993076,0.2789685519596181,0.26002234895291826,0.23206160287483713,0.12786393512044966,0.3785945842628439,0.8680467190520513,1
0.41220191029601944,0.807366312487537,0.597346027687529,0.7085859624249528,0.5852598038017498,0.3291954084199257,0.8003162821652405,0.213243724993639,0.2633818983686532,0.689343957220324,1
1.3131722980856768,0.6984522063815011,0.2581949331393858,0.6944175554932799,0.1655744991012631,0.8364881966623822,0.6379679362156696,0.665353100722233,0.10053656681768061,-0.24534480873057524,2
0.7957068372222585,0.47546428289490716,0.7333597186852285,0.5253788411641819,0.6379031617228509,0.0951411390338473,0.6786349602101154,0.41994919893172544,0.09245639808995498,0.07565525440500605,2
0.42231864365121824,0.8537878269558067,0.4849861695652775,0.8141920734766046,-0.025570531847211815,0.30256731814585963,0.6232557176212903,0.2857958786921887,0.16224588264387327,0.19921634207453093,1
0.04048092980056993,1.0206113496842577,0.6386173149801403,0.23950048455945844,0.9029359786719993,0.3480858005552036,0.561773051522084,0.5455926914014786,0.7246824172259602,0.7217015074546537,1
1.098101483023689,1.1511645315114,-0.004829717536505768,-0.34273486905036643,0.20316958361090115,1.066367203462077,-0.07553958226453372,0.6878802566096802,0.683833560776489,0.653012230084056,0
0.28691829140886016,0.9453561753008042,0.6871887099425307,0.4760382599819923,0.7665940147992603,0.6490010249542575,0.6065958275541561,0.5196243466132835,0.15823643967472853,0.34004766565227607,3
0.42456677989909153,0.33861061005614496,0.49448485438789574,0.25630643496578726,0.5446296173061773,-0.09434448330995213,0.24201156289287673,0.5240371646578177,1.0557105779821556,0.7049631945328916,1
0.30626863352789796,0.37727067302953265,0.42087444806502144,0.215064087121779,0.5837041712964309,0.6994118248050336,0.8121225678314749,0.2010248100388884,0.4367787130334905,0.43741736927940295,2
0.44274702441239844,0.22750232481609206,0.2800008682456229,0.15226213149651133,0.34994553965690156,0.8604600013898197,0.9156984763403543,0.23463954671658838,0.45369779145504885,0.044627226645413215,3
0.4974798291078243,0.3389527109433532,0.5945105156245679,0.735278907989275,0.5632501785004786,0.9459021105222846,0.637595775578988,0.4735817085941837,0.4001008749903905,0.23371336389322345,2
0.32653150237142803,0.3963166358696786,0.24588342777295727,0.09325637198988361,0.7878398680906079,0.8125321325381755,0.641849055883754,-0.007307643116314239,0.5837079001035713,0.4030139556224879,3
0.20773331340804152,1.1308677802162883,1.2887053732881422,1.2911035365905605,0.4059319653333756,0.7502736741292477,1.0681716640625087,0.637303992160296,0.6615639982239638,-0.5243356970599969,0
-0.3883420199903357,0.6141096673030503,0.7103825061534887,0.5917515948639588,1.2320602960382518,1.4355850717793863,1.1205598688248584,0.02677072980982434,0.8962752024397624,0.6430418371427095,3
0.08210622660894588,0.9594072027886312,0.6956499260800832,0.3367578214517998,0.9595419845642525,0.36510198759610335,0.558366840382034,0.5607066220810782,0.6612595217541525,0.7677583369611851,1
0.2941788102494228,0.949840334409244,0.6656127612343741,0.4726142724071189,0.8040097591364634,0.6118308595544025,0.5755540447853653,0.5473692516663435,0.13886509136524794,0.37141601724882967,3
0.7833309643687105,0.7771238921333476,0.6212694640784845,0.41029082825790975,0.9263190610889416,0.873141068578437,0.03526761167869871,0.4287690367806887,0.5695913558859376,0.4101042555556982,2
0.38022074809134493,0.5111507449070811,0.3364224440554539,0.1414387837697785,0.049690275408498324,0.5960203001083517,0.0069402594765460394,0.6767061427199124,0.863836568779098,0.0937706460481542,3
0.3829619941271876,0.10380818306649572,0.5930428211852705,0.1416509561996363,0.1450489536426939,0.7000657883779604,0.2958942039174519,0.2694251278062002,0.9009942945085344,0.25048071313611125,3
0.8970795209818111,0.58694872447816,0.5714306639298822,0.5518244852047972,0.12151086005579956,0.45445453940821284,0.26611701315395403,0.5104551117404186,0.4646951671128876,0.35509334614858995,3
0.9419375314310852,0.5179758934725758,0.002453849965331198,1.0041484352979886,0.007503067867841079,0.09355124690416827,0.07167600659571804,0.8431647239962659,0.8097696074345888,0.028100314350421852,3
0.0668482842050197,0.33178403117886274,0.09652204755884425,0.16151504185369114,0.6584754580991508,1.0140745488201288,0.5170662462547595,-0.01286111112292973,0.7782832334125053,0.4067024225171875,3
0.058355889798515116,0.7716225009324714,0.8482345826602538,0.22135496802362573,0.9888580043006792,0.5319438797459421,0.6874661256643594,0.46280521050343754,0.717904594744828,0.5099493832743844,2
0.4712962965316017,0.7900753834010581,0.15154935261391114,0.39239970208702607,0.0604787095452959,0.9095687176934969,0.5185214914622871,0.4445840151071285,0.17547263234075777,0.9411183275595473,1
0.38635927710969187,0.3307393000743004,0.018767373288983924,0.13359963859889984,0.49590991890677444,1.1416123788213524,0.6973060659154462,0.22506134034649827,0.4696379057079362,0.3156025765390174,3
0.07959114389420088,0.5919802018213086,1.0699247893021984,0.6925480677938325,0.7459126459977061,0.48952511332007476,0.47295302312426624,0.3179537764535868,0.2696363341279255,0.6045158622250117,1
0.22947885607686883,0.30405965502236354,0.3285880292604855,0.005363396076044547,0.7091006735619977,0.8422297856483105,0.6499367077952579,0.05825917366942449,0.6719259485109207,0.3892573571966785,3
0.37739129953869965,0.09983148639539183,0.5941814516566797,0.13338630779720215,0.15479995964167878,0.69920771004845,0.3033817758493358,0.27227204406648436,0.8989057403585917,0.24259414858847247,3
0.9499319767627198,0.08189355439596328,0.004878157882977003,0.7064283248571693,0.9830056882299425,0.1549311801849034,0.6418831253953889,0.7111147203871442,0.6822459202641913,0.7037947773955151,1
0.6876752891586198,0.18592058107663012,0.3550141695798652,0.24990479079394332,0.5391462239735181,0.7268673376354122,0.5171434984669294,0.7552775687745018,0.41281010987619754,0.5453379253330661,2
0.7309133696411797,0.5394959612366298,0.7427203811804813,0.4726027986816178,0.703382239312907,0.042200069613668914,0.7388681766844073,0.3575452924820605,0.15713575406824204,-0.009339825817650277,2
0.5089809001913321,-0.074194810097331,0.3541226557764561,0.1168583581029913,0.4989776282297623,0.6370915532292325,0.34400298214318076,0.8151617784415012,0.48368153625038535,0.4719002852986449,2
-0.3357912810436201,1.3505059169293387,0.3368239172168671,0.1764815771868804,0.8696874625297487,-0.22200533670314748,0.8280860403415894,-0.08909808320490911,0.36046561897169943,0.8233503187615103,1
0.5587298299993841,0.4624366088740486,0.07589748592759589,0.6084111989220191,0.5078830574739747,0.5572567827214556,0.8741474788533411,0.7187671040124922,0.31466088520167446,0.1685456281466086,3
-0.6087555450548545,0.5655480015222867,0.030334521222988787,-0.12961063098495573,0.4594454774573958,0.37359512674430306,0.8466694053638908,0.07017003919670063,-0.383142835712723,0.9577808674802644,0
0.17333755028794093,0.1075762383726398,0.3736857311388174,0.7562079140036237,0.11941090856834129,0.42244315658648196,0.5742257022579611,0.8199798902592422,0.4323614559875347,0.49119258181593606,0
0.13897124582103187,0.3764883584468899,0.02017418129182449,0.061993084049966146,0.4666474389267002,0.08362395916756789,0.1576289607905211,0.3829386254542181,0.9294495962049083,0.2624295981379063,2
0.8846588231259275,0.4386332417256681,0.06643176371587207,1.022302028256362,0.07735989462403774,0.09901021560129472,-0.004867621543136896,0.8421949307631645,0.783158008250279,0.08542328703386076,3
1.0080383600222804,0.7576681513677064,0.7842965001640586,0.38475279483988034,-0.09886772378693523,0.41148440721227264,0.32338108904259244,0.868366245563849,0.13198706751779013,0.6709034367827962,3
0.1671629581245424,0.4767364868926923,0.49086432535528907,0.2618995327501005,0.7146638165658207,0.8997337297297879,0.8508743229261656,0.18663875012922726,0.3272785191436552,0.7499725013233232,3
0.06472733166617187,1.142154192957473,0.5550244507738736,1.277627675532021,-0.29459427486465745,0.2233751835639651,1.5641129154570406,-0.1678832110291142,1.0241725962227675,0.4423609830792891,0
0.38619565047253246,0.5350743406949593,0.14577290040769728,0.5108636535879834,0.5701432286909744,0.703833895158106,0.87183011084798,0.8927256194689314,0.3847980815773826,0.12400004837714032,3
0.38987548464082367,0.8385101848090031,0.46619098476517196,0.8128036258030293,0.014140399772366929,0.25211373912613294,0.6075805254224856,0.24248679549821095,0.1569625819776959,0.21479036999431123,1
0.37560180576837904,0.18934979536004304,0.24129043666233413,-0.1310354341248561,0.8458289895276967,0.7422806655933251,0.7264854704733775,0.0787633048372734,0.5510275588401817,0.3383430672574421,3
0.18281280807085745,0.7611468006958902,0.8120463379265802,0.4755927840691433,0.6651048748754773,0.6368597073702397,0.3923531586429542,0.5867285994411696,0.23226391873855937,0.5401705230260665,1
0.1749985979608765,0.36408132673138943,0.023651588266198065,0.09225218257626273,0.4948903399470973,0.11363567428465496,0.2026946563347472,0.30967118752045436,0.9442765531346657,0.30994413856185205,2
0.4932546553533137,0.7850363791808166,0.14571750680802864,0.42589959325116694,0.10396577358189202,0.8864666115183795,0.49137098450837724,0.494648865714944,0.22003603750851836,0.9032423681847085,1
-0.3635761539345008,1.117039038754677,1.2468829640661183,0.8850071246772604,0.4367159018830831,-0.09759303008564635,1.2343265550759637,0.36452770316807515,1.0939229644454198,0.23990704438440943,0
0.3916345159460964,0.10175635813689506,0.6166544033647245,0.1650351401132939,0.10457517963202759,0.7111357959444671,0.28394226514914883,0.2989892549957108,0.8538690131761821,0.26494948482574426,3
0.02619840728117495,0.3143480689511431,0.11925359703460126,0.1603419961725516,0.13010986542695352,0.8910735988857268,0.13035947125745234,0.25578121713869567,0.7211598929266667,0.7219264401218495,1
0.8786291176159915,0.7397287921000586,0.5100332657722945,0.4728262422675717,0.2458508658272534,0.2711465883282279,0.21890226183898567,0.1455055705339266,0.34098523409643705,0.85362662598965,1
0.4728385623079015,0.6540911633418236,0.022905388806254076,0.602585688053954,0.10433722806646695,0.8447331265833676,-0.03944710633904039,0.3338441109921986,0.14784314213952923,0.44333960360721486,0
0.03247142072889486,1.0088926886202096,0.6447453119808315,0.2735596791061834,1.0400986182404575,0.29483005023438447,0.6562197234208049,0.46502179948369726,0.7002717743868376,0.6017484205842872,1
0.4311760910496575,0.4230095490503573,0.11001922591663728,0.5274617567409081,0.3416287998938221,0.08764904211336015,0.06611400916001794,0.7891707255003245,0.07227521578139623,0.6116907987270482,2
0.17645667696106482,0.31053647443745713,0.31251552949044975,0.022946786868645833,0.5849690984638114,1.000809863353299,0.5353409119072573,-0.021808124479842178,0.5916164031196725,0.35754811244497536,3
0.9487822649345367,0.504966332340735,0.2587203596676289,1.0250107637729462,0.3957284443920055,0.4826578014675197,0.36933554571842986,1.1829728509865136,-0.22551925240335421,-0.14446491509180334,2
0.2629859817337054,0.21152007690849572,0.5286381409837181,1.2252019094635118,1.2733421183121874,1.0137486683296713,0.43044771521826936,0.9650043660104475,1.0626598579930806,0.5282066078204252,1
-0.034170821356869205,0.9778812011680407,0.6739046653016992,0.1664689502332281,0.8199802910129048,0.5345994825355519,0.8207977280848724,0.7597401196213462,0.6519088253327886,0.66411008294636,1
0.9890532847424546,0.32940392427249765,0.009095131970471093,0.9228779456375691,0.15685203782844764,0.03290897416622972,0.11123712162689887,0.7124547872032321,0.9314850660091002,-0.05824873198509989,3
0.2209027398058943,1.2727237607447406,0.5245913028724112,1.2952181736464419,0.7703289144838767,-0.056356444613816836,-0.11168872481130032,1.0456372763681703,1.2454946319756834,1.0244155547492186,3
0.40995260965197644,0.13528601865345374,0.22424395865457075,0.07318878537739706,0.26920325938421924,0.8348159959014654,0.8659450968469303,0.22072016348078732,0.3728987258908281,0.13895038701897885,3
0.3430389076142649,0.645784244685446,0.25509059011152424,-0.17432160342247055,0.8469363405852912,1.3332098004967983,1.2347781158880933,-0.1625675864244654,0.9377904553102817,1.1091873686413096,3
0.4698042277768173,0.5560953896437233,0.7514684064226088,0.555390233802945,0.3091014040804322,0.16447112881911163,1.0088770240226244,-0.19803724264940942,0.3592304807241616,0.658204818936919,1
0.7915075212882834,0.7293816573113997,0.3528634761252478,0.2682429146420566,0.6499890696781414,1.19886307257799,0.29810617177992194,0.4101501176439608,0.8587942696110573,0.3134941615236847,2
0.10913189757245725,0.12004713826302661,0.6808000271215389,0.26744215581561415,0.20253591470786558,0.4849250759324937,0.7656346871868349,0.6195052903173792,0.06752037794851078,0.3715450146123971,3
0.625678421457941,0.9840648430410649,0.3029887685153192,0.5764258578149412,0.9928239773852588,0.517999109666418,0.9576672753646523,0.11518961017913595,0.8604741986243432,0.8387846698663837,1
0.32207988585697905,0.5663969926705481,0.9739432510961389,0.11164275238336613,0.15498397557909943,0.10847823298467488,0.9252844773135873,0.18258728800788065,0.9028018900193158,0.23757096413956796,3
0.049304244009452436,0.4776209784749966,0.44183218001646274,-0.30746558721832573,0.00082902147178468,0.6586818284823374,0.5077988061267218,1.5916567037907956,1.3449491287037723,1.1799915923712045,1
0.6027167300917758,0.9340163028130344,0.28543294338857456,0.5937745435498263,0.9695599332079643,0.5047402994681728,0.9541304091639822,0.16746829967251364,0.92182786048247,0.8093544142628915,1
0.641048473006433,0.6910526696283215,0.83003059885214,0.03727824507002128,0.0805157370147529,0.14536644434843818,0.09982247578018294,1.012431089881165,0.738449399377562,0.9470884678159005,1
0.41167669000639295,0.5564725069394547,0.2483944685968235,0.5539612190065769,0.4942539825390793,0.6691761233693316,0.9264534688603471,0.820426008762752,0.4506981263549848,0.21036288602158423,3
0.0249895809810442,0.8683611209418073,1.1418395370711547,0.5863606891789347,0.800476933335131,0.6335622993982952,0.4627132109723253,0.7272583617060948,0.3163428328712932,0.7859387145381477,1
0.09295114662783693,0.11667370340035826,-0.06898453533671528,0.36337548131320885,0.5413395442023985,0.6003153436710351,0.19143467096848243,0.24240952124149154,0.9446855542858138,0.28546054914793845,3
0.9894797763386882,0.6768019245370323,0.21170397575515357,0.8900097990691438,0.5077279717814218,0.7224964421648321,0.42089040763130503,0.926543960869752,-0.06235245138563694,0.10477309722983927,2
0.16943302816204753,0.5295373319942553,0.8524809168206148,0.5481280915438781,0.5832290196964721,0.7194798446745121,0.5107958211201291,0.5074369391818472,0.3183941253037213,0.44360889716866986,1
0.4000037641373875,0.5437036763495009,0.3812286330042847,0.12316583744228113,0.06707548360091893,0.6541600511340688,0.023025425601722604,0.66488303703964,0.9106402252855859,0.1937773815480659,3
0.5725081047375834,0.9349411736542017,0.3062960582499483,0.5519606270011622,0.9847109934201209,0.4836928751975417,0.9514066119646469,0.14649490579315266,0.8932883300278652,0.8127587859920832,1
0.9997686723855417,0.7198727502089756,0.44899789095466885,0.5693621848330543,0.1846792728813423,0.28006896856615415,0.20871722307710813,0.11871055131558655,0.4501686911499367,0.7627326911024096,1
-0.02196619792540487,0.9079666706287348,0.22664656292021612,1.3359745113714867,0.9704079092306387,-0.19133677742327937,0.6886737626448844,0.7523428279170792,0.8718248238906426,0.7232961884833657,1
0.20512125032623457,0.415909649254838,0.745197733834555,1.2447864665866497,0.17556186665804352,-0.11881990114289653,-0.10035373456876912,1.128368897986602,0.4117363392353772,1.1459440145846038,3
0.3320904896318368,0.3228540708600362,0.365622791416545,0.282148364055794,0.8826211958623087,0.9967023693472414,0.5320690578603673,0.5950752334234809,0.0560855768606191,0.5253169564845408,3
0.6631240667401823,0.17492890336134997,0.7932437203405971,0.46590594330000523,-0.358419141136899,0.21003053932095858,0.18397415772853798,0.6172011657782248,1.098704849445392,-0.15963396305028588,3
0.34340188506973923,0.4371374144597398,0.4401591690876262,0.29317788635439507,0.5918269866295189,0.7096074759732995,0.8348754534941131,0.24608907207155556,0.42294570954155347,0.515882776839729,2
0.9887571009999363,0.8462477387660765,0.296311304571906,1.4708928022594576,0.7841094170263565,0.5094775966640486,0.6578043705873815,0.38085958795427877,0.21340228514391904,0.4838203948234206,2
0.26721409345299746,0.9513970188706246,0.6746746418305515,0.46973117405834486,0.7891615376718282,0.6406042230995497,0.6091517584552019,0.5090605970126791,0.17323459480854134,0.34593597818153576,3
0.4734518510625558,0.296671055085911,0.37438469520889806,0.2888728486628914,0.2827400131589626,0.9349949683310129,0.8489550794425775,0.34753903662209706,0.40417074735492686,-0.07220483758091319,3
0.13645373151860668,0.8732170909356752,0.728599874218282,0.36892889345796603,0.8159893508552563,0.23236536381239659,0.7049863845617501,0.6320909357451512,0.6345755264467455,0.8477820628951951,1
0.040173404511008606,0.49588864333189564,0.4169614644520724,0.8957313150906403,0.8688546571190826,0.08269553563015583,0.7551536664671219,0.9275524601308225,0.5497302655236548,1.101105910898489,1
0.09249084488931049,0.68286083488236,0.8904861777008082,0.6462922097828636,0.7194505045044419,0.6496437597289086,0.41030137985833515,0.48266686155643806,0.274304151778997,0.5483297104223722,1
0.7700405389304097,0.5064307108783861,0.6231461729549352,0.7280313007866804,0.5753028644557836,0.8321241088062807,0.6015992869364021,0.2371370373142645,0.27858739486297135,0.4606152603521312,2
0.5471128234130608,0.26772739274699886,0.38050028079454384,0.3852555807523881,0.13680770473413353,0.8189353034319857,0.7145457339400485,0.27320959162432296,0.3712612783091987,0.1586622455422096,3
0.44876869305154554,0.12737332004291785,0.6537668468438936,0.6331754482592146,0.888814393703388,0.29014828632237394,0.6017216237307167,0.7276455482455797,0.38000073220696184,-0.07017903476180357,3
0.012774623772402044,1.1482677799728953,1.2215398974305496,-0.49587629291041435,0.6562548558375643,1.8279987132980675,0.46297744651890727,0.790706792536767,0.2429050312611038,-0.3742919777146628,3
0.25590957474178966,0.6227137384996706,0.6090832479159103,1.0023265793665628,0.8216658036992792,-0.022774314616220787,0.8112295385368885,0.9755381848712343,0.6330935287256526,0.9014133569981565,1
0.7021042865388551,0.4022597149368282,0.6715651028307653,0.6124624551378393,-0.08927612515280153,0.45396426551009683,0.053716673914714685,0.6809275898558966,0.5293820162164337,0.42135135203904645,3
0.5901911824697468,0.2413983803389272,0.4497760834864694,0.3926583353604357,0.44943952713416657,0.5744548354156522,0.42794622693594786,0.7365688199789839,0.2548919620761937,0.45748178743243606,2
1.1042171501509723,0.8105566145576829,0.3768471942088174,0.559440806195985,0.06792000976446774,0.0898211454272771,0.12069726721743892,0.34559125218005554,0.18697707798445865,1.000304506781279,1
0.0959102561149105,0.5657950536048897,0.8614627726116113,0.42765864748791804,0.7993897383690776,0.7568994690591917,0.35133050755564715,0.6186745658999431,0.3815275555505223,0.46279000399535336,1
0.7070004346189755,1.1040034326650332,0.866854000622667,1.352578745119116,0.4661538491174117,0.40370357181434896,0.17709264529798915,0.5494725864404442,1.4570192046373698,1.0836437534300045,3
0.058399672300123905,0.7710014637828884,0.8472515117773272,0.21901987882705382,0.9846366200019067,0.5333157132450205,0.6848161024340476,0.46360807025679657,0.716286866198348,0.5075507263673618,2
0.2612133199819378,1.2173359802383428,1.5400453136989376,0.12742514148378337,-0.09546127640958008,-0.26413393747358527,0.6599900788502633,0.17684545240792332,-0.0014039246202555145,0.004823565123943746,0
0.6180486981244471,0.6184473160903072,0.15278952989674957,0.780579870143752,0.20855787478862675,0.9092969538340151,0.06759187332994558,0.3505412379423461,0.004508031522692725,0.333620439379341,0
0.2289741535601776,0.1647979074777391,0.6787237869630928,0.47838943036637716,0.8948000249371609,-0.08924871462701323,0.8143163477840981,0.4448788427743812,0.409038853145416,0.8993902117955427,1
1.156226861010375,0.24484476282836626,-0.014492725224058506,0.8363526654243079,0.6328999084719322,0.8971829880218736,0.10994826976948371,0.7824815541148546,0.3668801309517018,0.7542804786287151,0
0.9584092214465849,0.9295005595400638,1.3089628183225388,0.15791688580855406,0.3118197612151968,0.6407968642317579,0.015088914630478734,0.7302006653567268,0.7550559329038172,1.078509165980185,1
0.8517134996693405,1.033514593578065,-0.3097555237952854,0.15657985480649583,0.14991311254964595,1.1907788459309252,0.4015928885364622,-0.0057819284765730505,0.4280409418736687,0.31678310927626535,0
0.3531967728669656,0.9172981149643327,0.6843094333044736,0.8301980608472859,0.42105882067719,0.2672698741760076,0.8832647285116623,0.11790387414121772,0.3627061203466241,0.7637322893777017,1
0.5654254752393563,1.0349929260285984,0.514286343354862,0.5419144099440775,0.5893330235384319,0.17032438815054574,0.6368029427122559,0.7455378582359179,-0.3490613639974698,0.7451510050646891,1
0.2956561642266028,0.13074154789904308,0.4483463550604898,0.20355445589715015,0.2456199916968132,0.34112565471606016,0.7315259002375103,0.32662778400455267,-0.07893137084569288,0.515924205283899,3
0.4525907777934687,0.5927825146159614,0.391755828320992,0.1412984073620174,0.06907999336342177,0.6244066571461415,0.05930281743431908,0.6209286500444108,0.9487756332770313,0.1884329233727055,3
0.8285629576094463,0.650214752952489,0.9414224008996062,0.20522429477995224,0.9426897324800504,0.8606166236238879,0.6653926577411035,1.1196470191391328,0.3489327119117042,0.6283176288420368,3
0.2722544030516345,-0.268638271283724,0.3041944116818001,0.003723426725434298,0.5976776956964016,0.5094484020039233,0.32050407729947233,1.1154553279057287,0.02347357920307308,0.3160056123989915,2
0.12012596850043948,0.6690170380309594,0.9106664728845382,0.6390592521983735,0.6976577669300258,0.6264780395923409,0.42046507645307984,0.44782576981142475,0.33410729673223816,0.4933078036430928,1
0.8171523534672065,0.5614961458042335,0.8200611131330998,0.6240408620845831,0.5294163258947286,0.15257423178255675,0.7250855247786511,0.3447575919041405,0.06061361559495833,0.02354207300686379,2
0.23123303540839324,0.9089618789009645,0.7183893252355701,0.5440010804700499,0.7529109080413566,0.687197670833553,0.5976177080198495,0.5709525431126702,0.11467187446504773,0.3037390463485417,3
0.3455025652019337,0.2657367111273866,0.2041505740191726,0.0847603817991753,0.44093604705773604,0.838692372458258,0.9735679944191555,0.16150788788782078,0.41056685119597036,-0.004625639200362387,3
0.7589613301951772,0.6253092941467906,0.8768543775837616,0.04914277653282456,0.15094186644900903,0.16091212462503757,0.3344773235940317,0.9828433059174888,0.9736744841825928,0.8126803963119649,1
0.7887149051428263,0.8750053136150115,0.7011256318982811,0.2967318573082943,0.9414781157013925,1.002627057671798,0.17071753615479432,0.4972393318915604,0.7249020649923508,0.45655362032255303,2
0.02745794975572926,0.9718416904340254,0.6338114990434587,0.40521462206773695,0.9631626980478978,0.4325103916648323,0.6928468811762794,0.5847611276819347,0.6846054736146813,0.7974234260752916,1
0.07290902405796984,0.9607081643886011,0.6981143714909191,0.3032762200192168,0.9461233582098123,0.37214885755775623,0.5935048632395383,0.5915487318605028,0.7006337528693409,0.7115420535422423,1
0.1689474210340951,0.6205915858894518,0.9545861959577139,0.6910566090648622,0.7235528616574388,0.5531607314570659,0.4952352063013645,0.3906144141946113,0.42462369720498583,0.45453747819386475,1
0.5418950641502214,0.4786365205250807,0.4881133621730743,-0.03239774038118445,0.5645565263076625,1.2995821883524399,1.0729418581880452,-0.3413340183127907,1.1213839862897774,0.4383961527830281,3
0.3900372528646954,0.7100606705689844,0.6088985879833019,0.7425452057660359,-0.0672891546932937,0.28600106155862437,0.5404122630699894,0.25340122447827296,0.21071361034523617,0.2625954469200858,1
0.2835663913647588,0.9136049034226321,0.7191805081138396,0.4909764260564019,0.8134082999621085,0.5856239274288493,0.5979150845990198,0.49421522317581507,0.1315866971359264,0.39055795865265736,3
0.8547711403084275,0.28515759090204296,0.010182977886749468,1.038433673022946,-0.17412155367919227,-0.10413682027402088,0.202870559133677,1.071546932010051,0.9330260453057035,0.22222772468284696,3
0.40760371389277117,0.8704074647255304,0.5197023829649807,0.8348010636410024,-0.03420408712736603,0.2998419471356253,0.583772711613199,0.26769893873523276,0.1781916269676116,0.24713072869518135,1
0.5799919746052192,0.8116814077467606,0.8182777076631681,0.736599446454572,1.0015024504867134,0.3665568690336899,0.004687814387798778,0.9307026946152908,1.0797249629793324,0.8331532631236754,3
0.5326092016799543,0.14336754279809605,0.6331742384998332,-0.09900249685135887,0.1251610484480022,0.6106489450601641,0.6336597408519548,1.3629896726846702,0.17309879917917542,1.4185071401430451,3
1.0648512671589878,0.7057973649412285,0.3726171072771362,-0.05328842490204505,0.36313539570810704,0.09838178523445071,0.5187732918220992,0.9591873251822897,1.078902460444083,0.8895238347102384,1
0.5537892406335949,0.08563326370358397,0.5436592237709934,0.34511738724393104,0.37895989067052926,0.49691053738387575,0.3262288635986289,0.8200553941786379,0.3112761445035314,0.6147990662454027,2
0.6682757657713324,0.5231833527764023,0.8979214959954691,0.1429458502854919,-0.0011245793812706961,0.08792522219949483,0.1712016035776125,0.996019140026788,0.9971473866960834,0.8118857043157184,1
0.703348518561163,0.1511015863295095,0.468656629301125,0.4455576286711167,0.1188029686859208,0.2502535598844762,0.1264613502889684,0.5547088942388518,0.5532372924380112,0.8087874690310978,3
0.9790407270421067,0.06172979661055006,-0.005605693885294905,0.6302777921815162,1.047225815321735,0.21843381803804673,0.6986436845655896,0.6297449803984965,0.7076350400204748,0.7617117819406515,1
-0.03042080960234307,0.9167480939027179,0.618990841869304,0.34844702751618734,1.0344216659699577,0.2567298928053074,0.7086134673707544,0.5871671737219761,0.6014409361014926,0.6557735996931755,1
0.11331049293071838,0.3718583229513623,-0.03642376528260136,0.07662839694864311,0.44902124096800905,0.0766784548332736,0.1457834047181229,0.3521416288245691,0.9528562934504838,0.26702633628094297,2
0.31872610703619747,0.39673375902995894,0.42880047873226074,0.3043901282970183,0.6353135408584818,0.6405743644771067,0.7285961137004449,0.25394965394453606,0.43144533794997275,0.5768791292812337,2
0.6333319270084137,0.9940194424619797,0.3239431503329204,0.5489686823410688,1.0098269567759008,0.5178240149870801,0.96297894424811,0.14467992940446212,0.8511905962803881,0.8390309405267437,1
0.008519508334398823,0.9345982171159581,1.1230446275868404,0.5449284198450159,1.0377807530544059,0.9317200085286779,0.281434558854891,0.5080377890355734,0.2011622470052353,0.5908401389912887,1
0.2582529254738422,0.35442415211909634,0.29294997771663933,0.014545311586927121,0.7370770568587767,0.8685409767658914,0.679102743296241,0.058136953019085905,0.6599380511106586,0.3570355688794224,3
1.0574529282418492,0.5948878070837114,-0.0784955802131305,1.050374816527821,0.005844149403768949,0.1369739460682917,-0.06176078077032826,0.9926625834858629,0.8600420316901086,0.08182299283593286,3
0.150119170243279,0.1002031470016289,0.44366635929468756,0.705897322875969,0.07955498667082962,0.330384463434105,0.5319168642833143,0.8015804994852449,0.4388401004706277,0.49038684276719335,0
0.25491024993098355,0.8899971351369511,0.8701242017455286,0.6277954987987935,0.35281702339733195,0.42463737411967195,0.7296807224913804,-0.011322314067673228,0.29115439520005293,0.8071257451044016,1
0.759446233030938,0.6158978312702749,0.14541612711816657,0.2127681599770111,0.07057470169817343,0.6010891301566971,0.250124658881258,0.6018304965320371,0.4828369606399658,0.350001249372599,0
1.0515975221584348,0.4718487965736194,-0.07629676526850968,0.9181680618128005,0.035883718902957024,0.15494973654409358,0.10910212478063573,0.9219031717435595,0.7977289890482289,-0.0645846979814939,3
-0.11470901378856868,1.0069971150175865,0.5151639520771352,0.2047741138511937,0.8127353532106742,0.29084783972190986,0.5368476366989146,0.6734562733794762,0.6270897856693349,0.8997394525110577,1
-0.33002588213814404,0.9346542892310088,1.2724615868086602,0.9609545443921843,0.3916684268400336,-0.07117782019940783,0.70410410244173,0.9234143726150252,0.44659612757338274,0.5441580083334565,0
0.3295786588895402,0.9529180452989474,0.8922481998039032,0.593008276832302,0.7584196861532982,0.23468648644538925,0.8949204096247105,0.938645829512924,0.5111929881308548,0.15536197129844653,2
0.41313971151793777,0.42234734384458184,0.9676758041273125,0.2699426114929574,0.08286927929303914,-0.10363535246892547,1.0793410284834117,0.11639831923244491,0.8961445170775428,0.30148442714865387,3
0.3158091061099056,0.3701431580022824,0.4371159913563738,0.29096026647378337,0.5260721991012399,0.6418839457437502,0.8809762676866562,0.18957105720359366,0.41031306739547496,0.5344780427877172,2
0.11911081394737354,0.11056565093107827,0.3948356226109064,0.7113044705145828,0.08627476749835644,0.37620460300610975,0.5288878642492352,0.8409768859268101,0.41028329099807376,0.4544715263181941,0
0.4375828369983088,1.0509549485802798,0.7470204200927517,0.4406210340273829,0.6864207468203491,0.568792961526827,0.8398997908149557,0.6565418750364158,0.2984589710361624,0.2890794616747536,3
0.7780730995009644,0.19405082874069024,0.3673188339529744,0.4834376151388718,0.631725340414399,0.022566775330863945,-0.25978255703938397,1.1367998026248314,0.2755523835471706,0.4172275616780048,2
0.6587694571228375,0.4140490250586762,0.5654695176507539,0.7896892796722585,0.5935637388366666,0.873274194229208,0.5817948891590538,0.2654369411492898,0.16547922888510505,0.490285749141712,2
0.3453936813309398,0.447439096085205,0.4973969743609038,0.3194257207793129,0.5476569976995604,0.7437317118176255,0.8209941167250109,0.2970582070740188,0.37220833967235156,0.4800775824122845,2
0.2088331973676505,0.9193323873755312,0.6231552751143874,1.4365215359081642,0.636565838173765,0.05335965282878297,0.8658678847071347,0.8009882488752254,0.1509124112084233,0.8818636532467128,1
1.1091250675332487,0.5876588975799123,0.212122340165781,0.8243464694324534,0.4908448940368356,0.7122949302691334,0.5574156593650602,0.9680903081211821,-0.07184366844318857,-0.07912055170453969,2
0.5986151346464716,0.212545673261048,1.4242122513203037,0.6214831236749321,0.39556802330457136,0.8678169172630769,-0.30247589707542544,0.6077154390471204,0.041017361448837386,0.9897017563647088,3
0.4137443223264298,0.40262251463283955,0.1591244766954487,0.4823807603950279,0.2903741082363464,0.04762046053464675,0.03630011892668352,0.8402958286989669,0.039022353701927255,0.6524597850860102,2
0.5349609235903656,0.12942805516740374,0.5029220281056447,0.2965695904725224,0.4606533133488533,0.48631554084682427,0.37617847087247425,0.7836891389985969,0.33200116537021956,0.5776587433063461,2
0.4731161607961691,0.1325827345504576,0.5303007613569053,0.39260080612178705,0.32813689042229144,0.410165891584611,0.352029305226059,0.7670190404342204,0.33391289468902147,0.5563218374526996,2
-0.14291830831833785,-0.21659148133430006,-0.0071501749267040005,-0.38825999586710425,0.7241883279723867,0.8236633803280159,1.2912049560545404,0.5737428406623233,-0.11776748106503199,-0.01688141262980325,3
1.107624069938819,0.596776779211172,0.0997872864754331,0.8941611307987379,0.5179085749714539,0.7788561392454089,0.6131591161650317,1.0671761089815728,0.1262837316581802,0.12533660853319656,2
0.6825154352526601,0.2643201774269082,0.3037241983987847,0.48725785439035024,0.3699674548453118,0.5000500456672441,0.24966950062142235,0.6279327834823132,0.8227512431496324,0.6826263684845846,3
0.4903433174447264,0.048342643195036644,0.5926416137144367,0.2656077987748655,0.4745673010819895,0.4384111046460468,0.285944266346262,0.7837680552747407,0.34382177724273855,0.6034629279829216,2
0.47840549273678945,0.7991848901012398,0.1963277985526177,0.4300460676640246,0.028274998801126633,0.920327026971603,0.47685939155385526,0.4351257096502924,0.1662712466717756,0.9830065504904544,1
0.6628288964661855,0.8872014866097155,0.6056381276757326,0.27021347690282266,0.9417202097673221,1.029875630101349,0.03313883132943961,0.427054987668625,0.7276099283492422,0.4092150462598918,2
1.0380580067637077,-0.043303144373530125,-0.02005457189792014,0.6677684315182694,0.9612352179705558,0.19763069119217,0.6198042398795102,0.5780261718475104,0.787069593931525,0.7820113261829218,1
1.041379798714213,0.06699080426150197,-0.09439309959453566,0.802006092333549,1.068499215109459,0.062059021977437054,0.6078029803577101,0.6849840060866316,0.7540006380718454,0.6126947031811051,1
0.267353754866031,0.9687895894250923,0.668550401886355,0.4648358689797194,0.7965069507917425,0.6506466583476987,0.598618370112207,0.5113174873111686,0.1690131857279935,0.34622544644376996,3
0.6784712849390159,0.42618076598005844,0.566727052787358,0.6884115935577048,0.5736700984605048,0.9836430631833062,0.5935444392871752,0.3670872779220557,0.16487963540460843,0.45177468991787006,2
0.491548710524237,0.7593691527444857,0.1738271482191992,0.3816259746709919,0.04365354721494828,0.9059230969149896,0.49624596909303104,0.4406623508467766,0.1899280879203419,0.9493458452379256,1
0.4814769491414783,0.5964533827081859,0.37271887471568427,0.1207186895691217,0.03900974778920888,0.6482953333551416,0.085261884702835,0.5969747705790588,0.961637652571844,0.1581149250726748,3
0.13147860658961313,0.6992511157591579,0.9203434372136164,0.6037198301596566,0.6924726763546617,0.6438709841185585,0.4596090374378955,0.5034158561482973,0.3650289263143577,0.46043332317796937,1
1.119908071761811,0.524178376372503,0.2591490910534531,0.7881860348784073,0.5415833470541785,0.5319483024201273,0.514352809539698,1.1504888547784633,-0.1549756472179508,0.03540413467610899,2
0.2916376749295665,-0.023195093878173034,0.4436885427259235,0.4231603969765688,-0.24268553627691775,0.898921341029877,0.5409447568820454,0.3727742253420696,0.9367686938191053,0.5316521959826246,3
0.3070407865875774,0.26062766020653066,-0.0068184560112440895,0.2175524625200114,0.24075379289985957,-0.015611659323987337,0.1317273715664063,0.3167358019429136,0.7595410043433084,0.4487703981140787,2
0.9158431735035797,0.23946319793025872,0.05636668765174191,0.29667649463728074,-0.14834205504581355,0.1430297264893743,-0.04049543441990444,1.0890839664464895,0.23990623591430685,0.3561987242869798,0
0.8094785310621846,0.500934863858697,-0.1281514235736053,0.8075791171548757,0.20697211887763575,-0.01780141832368498,-0.1353246406439718,0.7142045527014016,1.0977675630662236,-0.23675362704903868,3
0.4516864335651586,0.5679725059609969,0.4129699621376389,0.11138491670590478,0.14100389996073376,0.5930945330243381,0.09600040630287364,0.6383024556426681,0.9003424364459931,0.21093992881368404,3
0.7333896215002119,1.0263073001164478,0.7459364179717105,0.5028065027445545,1.0346144415613998,1.067563397387986,0.20382245671348578,0.4860473041140465,0.8513959010341001,0.2217188916919201,2
0.5026172991250291,0.14574128987938492,0.46359392704680075,0.2976364050945317,0.41929816839563866,0.5041345462087167,0.38998862237408294,0.788649519452282,0.2952145273943256,0.5812715268036234,2
0.328536465414851,0.9608478384698478,1.0145668603857745,0.6921942079386776,0.6570935595205876,0.11263879313128553,0.9820314111324333,1.0338468926826303,0.48458910988602927,0.11372858523691587,2
0.524630596240444,0.22064831000970406,0.3537364214578045,0.11643735509808609,0.3388146391848782,0.8129175879291438,0.9013950148998374,0.23615951795780993,0.5263519133025154,-0.04913963615805245,3
1.0274845529592813,0.6589728400567892,0.23520186964596465,0.9939432654386017,0.626854589820207,0.7370430142552103,0.5413330171663068,0.9675230606828316,0.08648808827715396,0.11991900618987088,2
0.09567026602571882,1.1366021521107545,0.7873265416294095,0.31465453861314957,1.0630946728001816,0.21318290101673426,0.6900380936864746,0.7458026106820761,0.7526412033861349,0.6006685648801457,1
0.267106679170554,0.928014159625056,0.6470531139642351,0.8246050331437872,0.43873596424777855,0.33991098253243673,0.8261684567265901,0.0976227617309201,0.3419730382623282,0.7325340538604017,1
-0.21264220583310223,0.8301430485923131,0.8190822695687624,0.6774522834469445,0.5284705217240365,0.7778175498853052,0.12371601879009086,0.5524564425511587,0.4092694970423571,0.4439877823157593,1
0.25181528389098795,0.2926340761567893,0.24156147747790407,0.0706170992469998,0.9593450983987192,1.0858583234682162,0.6793675254476405,-0.10568631098156919,0.7221927624379721,0.5040958783885079,3
-0.008626558980011384,0.669585796509503,0.9636676386789385,0.7222606712332624,0.4727418317630517,0.4644108695715638,0.17935925817481524,0.7048501458560908,0.48178252059282867,0.4516848375148553,1
0.07571243810158108,0.8106752891372142,0.7271761965889153,0.26710980469787815,1.0579327281046824,0.2625467530295364,0.5260019414486614,0.556199484173719,0.8396705947422711,0.8299816171333857,1
0.28359503961243826,1.0441478926255123,0.7060109008086575,0.2458825189705307,0.9028054284925754,0.23655648508974741,0.8168036043299661,0.41654508156826575,0.7451910433274811,0.8765610910670292,1
0.4400831428239019,0.5336787932327453,0.16906995192793084,0.5767171278596178,0.49989290703238637,0.6488339751507112,0.9584313679675424,0.8681433419457273,0.45146746163417484,0.19350494764187398,3
0.2537701960999696,0.35188859831463704,0.29037828104362473,0.014997618545639291,0.7368498826016743,0.8633736318796965,0.6740002402374906,0.05000465409547955,0.6658850655568389,0.35326349645745075,3
0.884359582725198,-0.10339042270052551,-0.04074398334192486,0.6316960948827384,0.358461584916141,0.27770254889786644,0.4187573347326808,0.8067742421801487,0.4987333649971956,0.17550050144505697,2
0.7957809046981458,-0.16856460564220732,-0.24661514917841848,0.7224951899461697,1.0688180094211024,0.18168569700652343,0.6083172553722741,0.779408988189072,0.4678077828573753,0.9240108985054609,1
0.2752369762714679,0.2988592669711815,0.3391308502892271,-0.00021573271886444513,0.7395117863400599,0.8861670520234503,0.6888802698150991,-0.019631480154992734,0.5783123747240246,0.272947140522943,3
0.5176883567992911,0.7972031000469619,0.7524874324172078,0.8898685985951978,0.8328055278961518,0.4225798139987448,0.17505832403415209,0.9280837390563345,0.9820250528668542,0.8329106725824501,3
0.3808700691982294,0.18392667685416442,0.6249244328009802,0.13585870623848856,0.2239780713119065,0.8979075980906701,0.63760958583439,0.89057118848392,0.5448157884377072,0.11302199626432086,3
0.35540623800636273,0.9468435970171696,0.8643372557604155,0.6474324914419196,0.7529123747747294,0.18312533004057638,0.8144119197021317,0.9245711759937574,0.5266112186578142,0.11957008767236099,2
0.7371897759980897,0.6467375831620511,0.8541745033066372,0.0810886735892822,0.12769919555327405,0.0922092270050532,0.32525515657572235,0.9031086034946465,0.9211457663381439,0.8361830060738243,1
0.8717637338436027,0.678501065748557,0.5364705947790107,0.507033540413114,0.38464652693497225,0.1866044259655414,0.17398103580741991,0.23878182124581315,0.3647982556281806,0.749440763853698,1
0.3169445400634022,0.9624043019113352,0.31680989560820844,0.21797951626873985,0.689958751801506,1.0647168382310033,0.7366325814791574,0.47645600947665573,0.4306868646899866,0.9483302265488096,0
0.4222547150414435,0.5249003548041614,0.43867131524900105,0.1651155041598582,0.05974636382379947,0.6692825125138134,0.03498475154848593,0.6484874659438106,0.9259713537137563,0.1937041375886982,3
0.7501484152224767,0.18456842565957288,0.24547228052417602,0.48308874663661333,0.4557829133423747,0.6496153567371841,-0.2122930905335893,0.18548930227538535,0.02966455509944005,0.7638591421077257,3
0.0564516150392142,-0.20248601892147755,0.6889631011642203,-0.1040548739901555,1.0331866887199341,-0.12457306831766449,0.5943846751024922,0.04700649623598446,0.6822771232701588,-0.11104766625668816,3
0.49789617594956537,0.8610919895498047,0.7104253720487331,0.8751516421110429,0.9229636046387648,0.510861837902209,0.17682049403094574,0.9669229878513933,0.9509392258770288,0.8780401822236549,3
0.24893627144074118,0.42826490415726937,0.5885772824823238,0.23522314674893616,0.7014154644972432,0.9186303621073773,0.8551921652484429,0.10912403072830197,0.4234340756982908,0.6666743165176635,3
0.6147344046857234,0.9743134819688998,0.8210874794834461,1.3016239925224955,0.6173105210035239,0.40797809536143875,0.5357344155963643,0.6892718988639852,0.5018992494353703,1.2029936817507434,3
0.6003300950309314,0.45083934921608493,0.809914638996861,0.1488094750632984,-0.09561471033005525,0.15360399257573554,0.5858579453383916,1.1128236853697473,1.0833138809730036,0.7321236894310906,1
-0.06154294893576076,0.6467935981443479,0.799962751594196,0.5539551439121394,0.594449276403184,0.5380160713183012,0.5005088031754371,0.47896060086490955,0.4579406661655451,0.34589713484262397,1
1.248948649381419,0.733866001009591,1.2352781971926219,1.4963944441963615,-0.2916723389208955,1.1298579324176412,0.7913782799509245,0.8784224190133046,-0.07800340273907075,1.1441616023455765,1
0.08204968658753128,1.045909004978149,0.06608204863286074,0.28629635911983636,0.7871339113164582,0.8522226143386652,0.5987522061975036,0.12160304841993591,0.20453653549782938,0.8031987906716892,0
0.36302551034018354,0.5600979518074911,0.7227018553520406,0.7139271316365999,0.9735013748429513,0.7866761565193992,0.286465556835817,0.28064108747460653,0.26690032135253516,0.26426350388416087,1
0.14072124518381052,0.25908603965329613,0.35145419056177324,0.04801710710364268,0.8506718613871033,0.9852712847760658,0.6619805144454913,0.043001561894684036,0.5507856617450313,0.4108117948562473,3
-0.004735130157476508,-0.14518812650319296,0.717024097772407,-0.30855183139604625,0.3149696540444339,0.8946244849344965,0.615795883441657,0.7048515572402447,0.5697855060015383,0.7975424030175724,2
0.4831619227383983,0.11742031213037672,0.5061500813233603,0.3079223677647543,0.4151027666634497,0.4941844572108019,0.40177583481537726,0.7670656814090966,0.3341545217601975,0.6214193886215563,2
0.5403680580655726,0.4998999639592011,0.42431137632217825,0.5034690613889926,0.7445990456556872,0.07625843070061133,-0.09422805182203148,0.7392193406080602,0.641756160436472,0.7463941741904129,3
0.5882803362920682,-0.07852162367587517,0.4264582599326781,0.024405698103204587,0.5979506050068326,0.2401259653001713,0.5078555294703582,0.6022289064090895,0.5187636322109517,0.3304534498939675,2
0.05503428777873127,0.7719411278036024,0.8515704296654981,0.21489528630799637,0.9828863607371522,0.5286111052469051,0.6921689162515351,0.4601950840595933,0.7078065571669172,0.5105274121031852,2
0.3462282021880562,0.7772746890536764,0.7239689212845349,0.727711995122965,0.9238130498199432,0.3443908538809092,0.32259597743182367,0.9050628378008267,1.0344720265254777,0.7630776849037761,3
0.9679460613006123,0.6643110613776082,0.4536989256793289,0.5251954250461666,0.253738130821963,0.30197188927515567,0.168968374931579,0.022327908767368412,0.488657108802363,0.754993674368452,1
0.4723670918406412,0.5009417881610218,0.14348118866087384,0.5528603968994296,0.5387736542364577,0.6332772379296007,1.0027556698042162,0.8317751210691753,0.46671496832807713,0.26137283071189477,3
0.9348203685217235,0.6614807495308082,0.9734318535805911,-0.33953911606709014,0.7427707147167943,0.26907358786431734,0.7697307927791216,0.5868744365327042,0.47996225532112086,0.13320986596009332,3
0.49332401830285644,0.2237763917967946,0.29433194616054864,0.10140330957405956,0.3619665236357718,0.8669970336597945,0.9571521239743389,0.19826867825469968,0.4396779295640507,0.06567474331109066,3
0.1284895302408876,0.7108053253682473,0.8950928690926271,0.6991663143855488,0.6625729167240778,0.4223570658162859,0.5690364989849221,0.2641975784459111,0.5656917528432013,0.5444458247312941,1
0.04637613228808412,0.6760502128348385,1.0498291864381837,0.8117494747513535,0.9357869317809033,0.4143402206437947,0.38154965966820725,0.2459350450153822,0.6110515163188499,0.7444966391271052,1
0.5660959449348267,-0.3610362074357052,0.062497471720926234,0.9663277076282496,0.954287644910975,1.043054206447447,0.4735216354748886,0.24737437200697301,0.457830603522165,1.3887312143608201,3
0.7407216043082248,0.5139011563081376,0.3966182591527946,-0.08433373047102022,0.039823183845936944,0.7258279197698954,0.3849837878924052,0.7295081791253548,0.5381546038024918,0.4805309825815922,0
0.8522943599741059,0.6948401828578901,0.4742171393102649,0.49279811475107144,0.2571639801604192,0.24404429605464692,0.25111421553768926,0.09130522031818916,0.3835521288108912,0.8691611118228306,1
0.9491537961610697,0.6937903043870299,0.6901984220050852,0.2168611748384515,0.45116977365940053,0.4759116627701109,0.5157811355691813,0.9588160335297282,0.7174116385622065,0.7739906019761003,3
0.5336722571192636,0.2551352921371623,0.7583700678685945,0.28688889965126896,0.4223032456218969,0.6110629829614587,0.6298218139786427,0.7176725437044695,0.495153591621076,0.6206599892067316,2
0.4273243941811527,0.45368321818735025,0.17193816164487918,0.5329640184449708,0.35773815638104334,0.07331342125431681,0.03439533284433985,0.7493194722496224,0.1277217004174775,0.606643221110355,2
0.9331683331388204,0.4455627292551354,1.1178118961391552,-0.26883751002654993,-0.15660479384249626,0.451498567344781,0.6565915042025584,1.185387843923207,0.5498488919210859,0.9314469048718191,1
0.8026157198714712,0.6430920079656358,-0.12472094431644845,0.8767376185604842,0.058147985131431434,0.09256327823130374,-0.07104661513400819,0.7162186268602826,0.9578786787848869,0.010534855356085678,3
0.569732726874386,0.7539200787004734,0.7683368289335125,0.8289445249661751,0.8747234593916643,0.4693893862971006,0.1812554869660343,0.9833405102722348,0.919377502785802,0.8551987328889002,3
0.10330817926867683,0.6701142407210247,0.9256801965018258,0.614125966434908,0.7255140307493372,0.648699290474219,0.430781802677391,0.4342542788475303,0.32905560487097596,0.49438744084520614,1
1.0216286733427609,0.6453992462083518,0.20048002891048,0.9507587076728032,0.6275162365508674,0.6738747885893648,0.4794536521283135,0.9711743540238458,-0.018420711488963456,0.05638177098667854,2
0.17306206680795033,0.4771879890223056,0.5591439573141248,0.2796695378046505,0.6536457227122154,0.9402771931488003,0.8889630346007218,0.053049566908378185,0.445234166151692,0.7139226546239785,3
0.12468166625801164,0.3878232066542735,0.02660975520026019,0.08396448336578619,0.43780595885271306,0.09405240680756548,0.13569494513989988,0.3689231623205673,0.9368251040202769,0.2512878387372451,2
0.4332265590110547,0.8760186517186764,0.4990283782627912,0.8397093753760962,0.04520649562367321,0.3087126390873147,0.6002819027239454,0.2994510354617737,0.13035822644046832,0.2013476819949449,1
0.46762763355767495,0.7493644326192808,0.7668173123387501,0.6150408861648698,0.47156185206462414,0.22166945205294714,0.9699888272239234,-0.012337562390647067,0.4672932635372732,0.8505019886663541,1
0.5683292853162344,0.6706383734194518,0.4713070403733649,0.4248663256199191,0.6950577298093903,0.9783157718985634,-0.07643222438421565,0.30169781199412593,0.5271195751155858,0.501243040881246,2
0.7938059292599314,0.7034705296558105,0.4124701386389876,0.46147687679700644,0.3432930234834864,0.27244671193552905,0.21548687254302032,0.013302222106531869,0.4511789396300992,0.8474614345579102,1
-0.05270698138515831,0.20987874903613818,0.5880423188463367,0.41622950056534525,0.17969065454658015,0.5194887824526349,0.7858768622085689,0.44834214433003294,0.09164181234782795,0.2412173158106307,3
0.11325202451301469,1.4592590846141067,0.2718413422808244,0.7358725158534488,1.2730650152867142,0.34571764269391164,1.0738322149553468,0.33758824509308605,-0.28709571682408863,1.8333104963822975,1
0.5573734492086827,0.5402840133683426,0.5385943261094086,-0.22829226562370725,0.2835177734244877,0.08682532150986806,0.14672192139493337,0.8584106914123095,0.7746737599924557,0.9989502411970604,1
0.9519626101121089,0.8676953966703892,0.6019796305411347,0.5054598458005382,0.13961502357232763,0.21701980229980367,0.312769187716937,0.20583752486673193,0.46835871340761914,0.8638123930976277,1
0.6685456709581887,0.990719390603509,0.32063960450452766,0.5581433494297041,0.9857539925196314,0.5589456613143394,0.9307978257140304,0.11853618127056151,0.8557317411991484,0.8439463001601137,1
0.643488933199059,0.4924153126037573,0.5524676669719543,0.8131577296888824,0.6453176140429614,0.9567689338615727,0.6482462904020341,0.33885881485256364,0.29939963382961593,0.5530435609234687,2
0.11859129486966087,0.35002651765593784,1.6354630423081131,0.6472046581323975,0.1112219758060761,0.4618771363668188,1.2031006670806286,0.25838459792836665,1.2066960021624136,0.2098381543524185,3
0.40944292092119916,0.7913042438464027,0.7026900248581098,0.8513708085255979,0.9117575696032444,0.18421159542799476,0.7698358464200842,0.9157915160817418,0.3828081949797183,0.06825472035452879,2
0.18940798708263856,0.5958778140880696,0.6889908967966247,0.9984976821123958,0.9004109566060162,0.05675776725681701,0.7508246254311528,0.9462558936408015,0.5780016321451897,1.0062713211707164,1
0.051515342626861166,0.7757127647423332,0.8445095965811413,0.21698201358603125,0.9871655066836419,0.5316399293181048,0.6882319885719536,0.46171842419820613,0.711555927113165,0.511180059710051,2
-0.4246853065356003,1.0335404070511713,1.8128100430358927,-0.6118204873883328,-0.06548085793684577,0.8265165314533891,1.3118583535354644,0.3354572706681609,0.7487089148466648,-0.4403394033663096,3
0.5935424862620202,0.25133738711205217,0.6287852126672693,0.32359582788656044,0.49258495541197633,0.6140312377891454,0.23760284454440822,0.8177055565468778,0.28689104146041994,0.6392613055067291,2
0.15048387097561056,0.7890311985231138,1.0243726799270827,0.467280916162876,0.8189871231648271,0.5469493869563395,0.1598385133534776,0.3413581851324967,0.5550963781710574,0.7717435273778824,1
0.46805837736023764,0.014630873690414464,0.4811303911511505,0.12946450449706756,0.41165145781351964,0.807713256393132,0.7765798394562982,0.24362629701634056,0.4058743436341843,0.02587975342203483,3
0.3280627449022189,0.5336967575860473,1.181752600716045,0.7750536468841641,0.9093914759694434,0.7020464581686264,0.5598122094243747,0.6677562098921355,0.5818522587698958,0.5383571216990889,1
-0.1915666766314103,0.8644397372516682,1.173418027853615,0.7749549578968451,0.9180018399580492,0.40133950124099443,0.5979164067431207,0.3102755220908605,0.11645193023725584,0.4316005153004405,1
0.39543134263041835,0.819740474891604,0.5900680536455183,1.0374564430676685,0.13957299967725628,0.26917921321783855,0.5965541381811748,0.014885755057164024,0.15579993719454757,1.0136422387281754,1
0.4160044927053411,0.7949906035389618,0.8354497423852865,0.8367627444208148,0.9313104840433762,0.37241785206282063,0.8229369962343692,0.8242599628965215,0.43533976219494985,0.07034035606995338,2
0.8669659012531864,0.7072201847715416,1.2640324052337277,0.33123497850069705,0.11357526397695472,-0.1636978223838491,0.7914165791175858,-0.022772244963257582,0.12586038533970778,0.8301941357414796,1
0.37952155395062803,0.8557481721812419,0.4799337578894625,0.8023082409124956,0.014696868343833467,0.27916121876818906,0.5948530711526814,0.2590717127839132,0.16558592365308297,0.23301478871654782,1
0.590058615812298,0.8470355859134577,0.2671665617361643,1.1216881817362054,0.8427478935247619,0.47551065412690674,0.23951622111393445,0.8205501426297255,0.14959347889584765,-0.18040325939951354,2
0.002428107173117061,0.28789433154486577,0.4560271456397831,1.0815672498147741,0.7380751746455764,0.3510448953472788,0.5904431801760851,0.1884976804417385,0.3219840364145399,0.16056347504149626,3
0.15585691846529878,0.5921333784618923,0.9094843785362998,0.7001471152543659,0.7680583547557484,0.6320241510318992,0.5007937445511969,0.4389247658766052,0.4149638412121726,0.5170127500908177,1
0.8858304110301758,0.39827728927470957,-0.04558796940406527,1.0885350222714116,0.0693254694278938,0.18344485229477944,-0.016914117648644512,1.012737018167111,0.760258323117916,0.09611013519818973,3
0.7590731214297113,0.40931041859354744,0.5058803129561152,0.9265438736186605,0.6083866140772289,0.9139002110159965,0.7387986014921037,0.32225151147455044,0.21017084856558638,0.38441594105477,2
-0.019763168506369944,0.8860767210160403,0.7912813949764392,0.37617493068895025,0.9444126356565584,0.20695633290556334,0.640781103243258,0.6689187997025011,0.5871995179194962,0.8051007484266433,1
0.2721332917530377,0.47570514586900164,0.6106111477309818,0.26297033403595466,0.6286421254798048,0.7822378136149577,1.050346336868777,0.10069452104253887,0.5024469026434268,0.7115768549692775,3
0.6910080649320416,0.26636718629386824,1.5027189955713611,0.6831633242822623,0.901673623605907,-0.3190795017754532,0.38336237340973855,1.3795583368698958,1.198131411027798,0.3938060370585474,3
0.4902219449594969,1.01010071412011,0.5687791361768597,0.6560881807708965,-0.020908913946948954,0.14097417256662245,0.4950111794573823,0.27763917071400274,0.09526052438290078,0.3270909891133264,1
0.015743774076573486,1.047280947387981,1.9522816946154236,0.1361481656748893,-0.6648214929519419,0.9658311119706777,0.9541796120221504,1.085898000116404,0.9209753283437195,-0.26441391369518974,3
0.2310795480384234,-0.08927482853596683,0.3545775220376455,-0.012842278244333816,0.5942351269034839,0.26579244900790155,0.4410585267245394,0.5047678194274532,0.6075543664175918,0.7510828671484124,2
0.6844157330567447,0.49852636322081756,0.47273178106419156,1.1224579183966876,0.4484407700840202,0.22970924912610421,-0.1765801575055863,1.2524347382604728,0.6608912994419165,0.5127320038413417,3
0.09550166411770813,0.8221469882199298,0.9262342423738915,0.8006549286613798,0.24085850680683626,0.21209096670593913,0.9837658633364853,0.5271392750245131,0.7861185195892659,0.04272138144935458,0
0.39017925254662095,1.0648108939203067,0.5644816413154761,0.4499213956417613,0.12184567789748701,0.37934545276643483,0.31930227765870633,0.8738664034277933,0.06381404205543162,-0.38512137397392565,3
0.011689720520251634,0.30665013074553626,0.18876262686608258,-0.16097522244920157,0.47644453978082335,0.551228048903453,0.5857101217279204,0.28116730498722975,0.8912727466979897,0.3878913948823227,3
0.28767107104314,0.45873653102574796,0.4664929005016078,0.2687711993635825,0.6054998927162248,0.6877871897197645,0.7800867228855357,0.2428082556362984,0.43013865500562715,0.4605276144994462,2
0.7656564883132089,0.3173754035660312,0.27818702245081794,-0.33515159044638443,-0.013972363980554847,0.4450534340561014,0.18016412381672678,0.8325494909989398,0.8782396225477044,0.2113464605494827,2
0.6725672518196628,0.312956898356133,0.9612088562239376,0.926568146953296,0.27022555040649143,0.8931526079261406,-0.27143319200671717,1.3062809018670252,1.2961093047625603,0.952545478240564,3
0.4269883576807788,1.050564975827116,0.6489784473014019,0.6361881653328826,0.6251012388320719,0.7514746231478188,0.5905246149629237,0.47157210670151223,0.33468089430408693,0.18078787371358335,3
0.4215260990226734,0.5627078707388542,0.3939700507624509,0.1390531436691098,0.0465076426827138,0.6509722089051289,0.030503662903324808,0.6309158204855038,0.9350020971564665,0.1638045598318722,3
0.2102319095076477,0.7122156668358323,0.7683623017147982,-0.006654316338580379,0.4647658745732685,0.05224513425363225,0.7209755879375702,0.224819352637606,1.1257960782945422,0.4481936771667404,3
0.4628718660170208,0.24988828491608966,0.29311015958381964,0.15583894848701907,0.3738806064500395,0.8998433313812071,0.9089052569280869,0.23889326940695016,0.4723606676988489,0.013844227415955215,3
0.4781261643680149,0.7962097903290076,0.7720201324733039,0.9160686339524231,0.8512567448259049,0.41083239893837764,0.13759034879817866,0.8944353807325577,1.0183148339188672,0.7975003895969104,3
0.30324195610057536,0.3030561627265708,0.6880294793201912,0.3131102854522128,0.1548373519015187,0.41912248361921545,0.11507235838897029,0.9943245444983547,0.4578047055136694,0.8280778709135925,2
0.24997202399472637,0.3488565973648826,0.4635849179403765,-0.14114042999316267,0.9366683518083709,1.0538741748658518,0.6629484394214921,0.1724890729899577,0.8477421938677235,0.3963914302954023,3
-0.18905481726728546,0.9146523931286021,1.4512150937291364,0.3487892690255416,-0.38451762732758055,0.11460148255953229,0.6264865083034313,-0.3951058355992221,1.24442777543041,-0.4167984526114643,3
0.5928851698275206,0.3798144832788315,0.4807520653912131,0.7454857429738003,0.12724650668577428,0.2170504314963631,0.04674740330445187,0.2831635519814569,0.4891064161956913,0.5325987859273742,3
-0.4188786783766726,-0.3945578221714765,0.4565195547207255,0.3744425281605896,0.41963131487275196,-0.04793749807850634,1.1280448189833292,0.9028785979637277,-0.1578966846248624,1.0205618635438074,1
1.0316131502861632,0.6560852766174028,0.6819058241234022,0.6248812466794815,0.251521223664867,0.39890336512422825,0.3737361603903258,0.13812225011453066,0.24272199601469832,0.7462184710289734,1
0.07128500295233459,0.3310520424615583,0.7365567075128387,0.0885725973720504,-0.06767766245239135,0.6889447217762076,0.33244633137018975,0.5060605265340454,0.9475174906621382,0.2467724548588549,3
0.02692715253629276,1.0339445627298944,0.7597481510492032,0.24873025023636144,0.8020065414882898,0.3869676960711692,0.49970162758183856,0.5763434729162344,0.536467135480282,0.6947260144590229,1
0.5435891131880226,0.6356913569373791,0.9116552020283268,0.34580497813980254,0.2639948689663122,0.34001019182977343,1.3501385479650816,-0.08887777991528895,1.0412717568256216,0.6438594410600145,3
0.8299249136275881,0.9246812728864378,0.7214815476753029,0.33510663172685873,0.8515074683344449,0.8658610215411133,-0.06810879597856054,0.21020661562864237,0.3806651697126532,0.23129088359763764,2
0.419113634443726,0.8051769010769643,0.3354620973868444,0.7178473440983363,0.03219270440299018,0.23258457128204296,0.6976743773236206,0.4816817383763843,0.27472914641714874,0.21101819810405595,1
0.34191140841467227,0.37118501117680697,0.9768824650512956,0.09332411715126362,0.1352883931716418,0.09546652987035022,1.0834168875728367,0.22641164700244343,0.896160135575899,0.10174053593862226,3
0.1324817688923831,0.09947331531356166,0.387816810853961,0.7220870019732575,0.08980445976159442,0.387256498601951,0.5318933555425864,0.8460856555757407,0.4172365149284456,0.449092509712383,0
0.39391236507667554,0.8829184447781507,0.9349409506881031,0.6047425617765554,0.7833699388125169,0.26284259066159915,0.8356177194798428,0.9460823080977138,0.5706266693083133,0.11555726388747332,2
0.32657589983665225,0.4179919279798381,0.468065134147037,0.25296282769853135,0.5727684958928267,0.6895364285027066,0.8019085732704052,0.24744166138431806,0.40752003623431926,0.4862452478327362,2
0.06504293700903524,0.7663613209721001,0.8409585639609128,0.21662478097879473,0.9863253416763438,0.5317572566132991,0.6867510678542343,0.4661940651532164,0.7232994027568718,0.5040182048463432,2
0.3826610474165794,0.3882767628613264,0.04381641399594291,0.5581349060660081,0.2778154137517329,0.16667261611632686,0.14706948848785673,0.7404780971810355,0.0414701862371801,0.5638804249009031,2
0.2400479591767108,-0.1812364697384094,0.9902587663150376,0.163845948305456,1.266843993680781,0.5507981579281334,0.8354820493542854,0.9178148390413465,-0.0316139182200393,0.31027759339627375,3
0.643675489949111,-0.0012027010304099806,0.19490606636862218,0.6657410959023832,0.4485264023719717,0.7904079945676028,-0.39595001617547065,0.2836179215223421,0.29842275716891,0.7859146880854784,3
0.6490074799656996,0.9332086315661868,0.9166271342646951,0.962773734967818,0.814671855676518,0.37463189020513077,0.13309435528949584,0.8258935078480715,0.9304925710257517,0.9214973319045157,3
0.5927643101357456,0.5448134080141741,0.9688263943039361,0.1876570500054994,-0.034690069921277905,-0.021358848270902855,0.26259831918992427,0.8807596247716195,0.774480522143285,0.8785386015228177,1
0.07540280074918723,0.9065494516097252,0.6716497655414062,0.28179072745471634,0.9491394390834414,0.4144973658431431,0.5552458960236484,0.5824675665990314,0.6942929754851128,0.7254414196129615,1
0.8813016949348027,0.7499630762964657,0.5141066749343017,0.47475944185210667,0.2649441442817358,0.297734511858241,0.21289775312423634,0.1567167020072847,0.3904620214825772,0.8586504744198964,1
0.8530669532427781,0.45329539319652856,0.1594268666216092,1.0220533797497748,0.08362694713965102,0.2455323337954346,0.16317963459849377,0.838104682833106,1.0096082957256063,0.09859336453673465,3
0.24877401668452168,0.5295326019278789,1.01938012367829,0.22195229288336188,0.19285366488464462,0.10123505067400745,0.986787493743583,0.2809786138011166,0.9711556406871125,0.19271255633708725,3
0.3068267233711716,0.8541005933991357,0.4739764184762306,0.6370312118970453,0.7977501001185416,0.7045531452529373,0.44919978759892776,0.4332667212557848,0.05710706911677224,0.21548601493843775,3
0.4392611657665572,0.34325059956197396,-0.24789754075193599,-0.23120219635587969,0.6909021985239479,0.14480368958058515,0.40318039729119765,0.2181380034672912,0.873359139557576,0.42920125112640656,2
1.4428182852925089,1.3370001000073684,-0.3427462403325169,-0.5349302440934597,0.20985086021825686,0.6857440244185117,-0.36972962348327754,0.4385533314759965,0.5571773097168748,-0.41508444510773435,0
0.14534376403295377,1.0515582278270834,0.7491704511700222,0.6061313585056306,0.9413319388246184,0.24676983673867262,0.9519072087182595,0.8663431386376697,0.6734764519728622,0.22493241070022427,2
0.4137784204021161,0.8395858014241973,0.49525386468856664,0.7855851419428415,0.004367911468317986,0.22354869437838054,0.5718490312945994,0.23063767919829398,0.14422657265978234,0.23974381398016054,1
0.12192862235444392,1.019027992645101,0.5732439883913211,0.35448454002997604,0.8521984592937252,0.2869198749820267,0.5574135574412139,0.519894286736978,0.6498410055247053,0.6853198635472398,1
1.3201383023172426,0.43041081649888957,-0.21310760352953861,0.733749701281095,0.24242031876673686,0.7142273370393615,0.4438008994176951,0.8065937950466009,0.04017456556700342,-0.3528055166331424,2
1.0186517852590133,0.6845225844728222,0.6164123121972238,0.3428948858328139,0.1556115791446798,-0.1202439678192034,0.46613808421199554,0.9012436023194356,0.7847491256081938,0.7674284799019537,1
0.5898456694891373,0.6685476233180807,0.13022505931601877,0.7250607318749338,0.19267851874986797,0.8721119200943923,0.10284329322779771,0.33614992874694,0.08443613172319883,0.2846711258639993,0
0.3896928262853079,0.03764631504485924,0.5548848483978555,0.2913147070329887,0.36737749269717096,0.5146411182345114,0.4048674377726357,0.7811879021111642,0.3805569232011451,0.49681177322239295,2
-0.10031815720707393,0.6609582911030301,0.3065343803965612,0.4104829736929068,1.0484884443081466,0.830538343769919,0.697663848135056,-0.17535149663421729,0.48847551121304855,0.6023288184182443,0
0.5733588581106758,0.9791556054154268,0.66269991630174,1.0950782473846994,1.0322548502100988,0.29594517735772524,0.37250957200764845,0.9904540472342765,0.772273369468428,0.7094431861449483,3
0.35845819257250855,0.06209871023446728,0.8671674851053836,0.6204671392723872,0.8775953166632728,0.7335122032216268,1.1664225493038858,-0.30523234958951234,0.3528079417787525,0.4335551509537353,3
0.30596622463700385,0.9182050941444929,0.6412058784003728,0.4825265353222314,0.7062826010579134,0.663741214704256,0.6238126613034771,0.4587187379834661,0.20328975948446804,0.35412702301079046,3
0.2167338715823661,0.0038536572401541846,0.575222422146251,0.2277916449057278,0.09626236837424282,0.726947680008388,0.3490792593178459,0.4448674338940287,0.9729269813552113,0.3911914499804552,3
0.57098304455002,0.39398950952721834,1.3659772640184888,0.3189664072918291,0.6569185421112419,0.42271275782492385,-0.10939552307389905,0.705546795426291,1.1190150601256674,0.4209346404107425,1
0.0009611282987330716,0.6683977372604761,0.8573408459516387,0.7621894484196511,0.5801412385909911,-0.034666213771782695,1.060887734534909,0.34891232258583993,0.5928929557159229,0.7489248468829501,1
0.2971621212206465,0.438684751089392,1.0507436316729002,0.22514704434536997,0.058616029000139624,0.0662761651833739,0.9095626109767744,0.32503747650459225,0.9125347581488218,0.24459875913764556,3
1.3912273720961064,0.6811094436181828,0.16692028950545046,1.3966775617892986,0.8144023707955774,0.6399625222383225,0.30412625690565764,0.6965630637420455,0.39764358896476376,0.15236949039666564,2
0.35849109414165703,0.17034305301022346,0.5299621587646277,0.20030671081456433,0.6505976359812787,0.8150201343238302,0.9949757585574246,0.1922198579825054,0.9640804539783738,0.46782481449127805,3
0.1922375749593037,0.45516292151335214,1.0366685912621167,0.1465909035451924,0.2289721095324139,0.06596454628698091,0.9187205237794969,0.24090441766185614,0.9986925701223701,0.24391994012032986,3
0.4362536731511394,0.5391704160928028,0.18581293802498772,0.5806981425500003,0.48147647669628946,0.6847230761553623,0.9523591109895533,0.8795483851060366,0.4453050647324331,0.22142085612655132,3
0.6121498671266328,1.034228773346294,0.6786275539904774,1.0432908073978622,0.26596443297402367,0.24970333440626635,0.2832186354979174,0.538088666149031,0.38710281334642754,0.007691736411318789,1
1.381050492160905,1.1260185398149405,0.9055761547213539,-0.08176614846248553,0.35543473977797546,0.07277494430311904,0.49297140210800194,1.3854785562863128,0.25555351821587385,0.8134980380480498,3
1.1699385267375475,0.6932917702614476,0.6240071035815837,-0.2238798154558137,0.3993945964275804,0.2660468325732271,-0.46838650668246185,1.2795772196955753,0.12418881951417327,-0.15365569748312946,2
0.05849974382396416,0.428813360841126,0.19422977267781807,0.18425036140790574,0.3373011998786444,1.0479726453305451,0.20158531890215348,0.4084195518002743,0.8364261215853983,0.7846153905283244,1
0.6519931125238523,0.904733443732692,0.15211727618959775,-0.2818890990641694,0.45095395802917104,1.0745546863485087,0.5349935553553793,1.0845634952890717,-0.6013761286445304,0.7885300564604746,3
0.46888719758471964,0.8041903343327579,0.7842125523622033,0.9134776729563949,0.8666030407033759,0.4443553281678779,0.1540070889946888,0.9122019277276971,0.9414120602786379,0.8378330934410867,3
0.6218645390826065,0.7638329786486333,0.7661905257931501,-0.048516587333512246,-0.40002802806063686,0.16565617556337048,0.8191277491190639,0.8258094467181556,1.5026861863292313,1.0809826331483041,1
0.6055331888973321,0.40064388863590544,0.15449038919753166,0.6912252174441901,0.1662991494705474,0.14451479562422317,0.18694000189759702,0.876190471869586,0.19394362363573941,0.6546758923382399,2
0.795071954058947,0.44706136818304043,0.9683059291262983,0.0931992854200875,0.3159272142228734,0.12343092264882244,0.2857287422804842,1.0880631160502627,0.830338634686161,0.9444708935858137,1
0.24362702231340286,0.447386328954294,0.6007730616802365,0.08556370963083149,0.17586604655312962,0.7832651496907703,0.618825556238108,0.035482639268061084,0.13690378075737336,-0.28520750985573956,3
0.481066744342622,0.6092180940020516,0.8902720151085934,0.26237600996018207,0.3469956470474236,0.08386946969487906,0.5350467904741847,0.9154845388374808,0.6221755114492106,0.7946403518439615,1
0.46140328752478627,0.7889001754984456,0.17908521142613423,0.41651386985126815,0.04189351154830048,0.8992494721371235,0.5385636392907072,0.4365813235880632,0.17296626275771,0.9550147978343496,1
-0.35022410112009933,0.9179466179032281,1.1264156605303632,0.5090011598262618,0.30971912248106165,0.5960019012296832,-0.105640507411489,0.1290549815105811,0.7465233467482404,0.2948092887442342,1
0.2799848223417155,0.9695630089414429,0.6698576867378241,0.4849660550258456,0.7811637638970427,0.635342857302472,0.6298566665248769,0.5292189642660453,0.1559322487593075,0.34950787198977595,3
0.19272196489637466,0.3870109612778801,0.5863820375159344,0.26136897403317894,0.7319642567886657,0.9592120489067932,0.9039322362979932,0.10716163666004852,0.4440707369633001,0.680902231308859,3
0.33029244642605643,0.2823978088848683,-0.09672288972494555,0.7411376214055934,0.2884522925245578,0.18662958822082443,-0.14813837942542843,0.6584124607306914,0.03044441765171351,0.7437564518823145,2
-0.10267512207549018,0.43154436058574414,0.7949018620442432,0.46688914429501005,0.7001841668235615,0.5472308698701501,0.521588458487376,0.3144191788217129,0.1932341115442575,0.6018920775383394,1
0.16088462818461854,0.4604393288983406,0.5491514986596325,1.021637974611469,0.9916102372805619,0.06053330639155876,0.8432990982914951,0.8397964573426021,0.6688625430929189,0.9610228954982825,1
0.726591397026916,0.40401271330038796,0.6230711214242625,0.7211630651814046,0.5869966947645251,0.8950929364886634,0.615169201647761,0.2870591696342673,0.1698773406200176,0.4894836587490113,2
0.7817270920417638,0.7373955560365313,1.1088963835757468,-0.09788703305668625,0.026667680026272955,0.25046437561680845,0.1926627457805771,1.337352309411032,0.34767888702664107,1.1472671232042386,1
0.06618331689181048,0.7741907678360763,0.8412731890785441,0.22440382198311837,0.9859908725199837,0.5359925424223714,0.6912432244600681,0.4579581439930483,0.7029742897510038,0.5060265883943882,2
0.09992519321868361,0.16872218569891956,0.6399054862361357,0.2617822549163795,0.2581224419680896,0.5385629003488405,0.7385864740891683,0.6787318825040864,0.059603578157029,0.3990635449938583,3
-0.10990513700650764,0.8825020874994054,0.9067750117466339,0.6651535312086325,0.38875809756931645,0.08981237300427772,0.9382529896297043,0.7444596548303923,0.5849990185194185,-0.14429040621748324,0
1.015983045603647,0.6278993604016189,-0.12593173346775835,1.040858977551613,-0.0172176579933722,0.09661695899316144,0.16477821645204138,1.009839266196631,0.907544113564338,0.17790295548134608,3
0.5442496223750984,0.18118952824632195,0.5452319742172217,0.2769140549514906,0.371904623015562,0.5060549562259277,0.4192517391119409,0.791882859992232,0.3145127143630372,0.6020108077279704,2
0.29795291605947866,0.3835924487276906,0.278739429019768,0.0431697365405021,0.7762516404505101,0.8090784505250647,0.6443705593880474,0.09877297891267184,0.686033853275079,0.39168950621303616,3
0.08733900923482861,0.24562445239267847,0.16650707602432313,0.19816971522232785,0.33980332359672843,0.8796373672985017,0.3266887171631868,0.256958936069386,0.6094882593773945,0.5880283577299018,1
0.2807829168144241,1.0200356450332375,0.7548184141403325,0.4745560799224814,0.7751780591653993,0.6639606239559015,0.518189707465252,0.6107939623795763,0.2795299442274067,0.26579511465825534,3
0.30022099241479994,0.4305322672582779,0.4328184746856081,0.28493191085828523,0.5676384373948309,0.7168388872491894,0.8008904658835169,0.2615043877680566,0.42886679989732107,0.47320528985251564,2
0.3713224815138451,0.6773691003023795,0.41761002598960195,0.5408946251082809,0.9601134020338917,0.7633559719644628,0.8421559118863257,0.29642861642191887,0.8833366034986453,1.5562566186017182,1
0.541282685394337,0.9197802760494254,0.23372596344262137,0.5167010577442743,1.0541106631045025,0.5102564982647695,0.9726560067388834,0.1683885593315423,0.8214351596980132,0.8874563255844979,1
0.8812678468082115,0.004282201532751773,-0.08117144765712014,0.8029495284929371,0.8848765454408708,0.15842893340056757,0.5497536106125674,0.5915796937945546,0.6907639000435617,0.745690223997617,1
0.3389070749860246,0.661937176390588,0.4344422527186991,0.0611615755469435,-0.04465458980812961,0.6198524523692802,0.1114414483193496,0.5292670644137472,0.8685081523781124,0.25052018233172313,3
0.47560032756899556,0.8960463303962256,0.5773445677448316,0.7356638489589713,0.07560528190751706,0.31360890259333557,0.5815755599051696,0.31531532552847014,0.23652093877263636,0.22319718427146157,1
0.6367136571897409,0.7639027120848043,0.8495741571812967,0.04497514137276473,0.91082665697255,0.8543720233093788,0.24343613468175085,0.5562233105539051,0.5884436824892685,0.32892519234802226,2
0.6785100397333096,-0.08453200908616809,1.4792115455873163,-0.2127341788871187,0.8123596684329601,0.675814394546312,1.357732866681273,0.26514475952371347,1.1631684619534353,-0.11004234438418453,3
0.362368048675635,0.10147155811585505,0.35216110255432054,0.2659963111405982,0.5070952541223268,0.8016174386073134,0.8863010036797471,0.40443807149779676,0.5476291112406122,0.05909695533449704,3
0.6725823083587639,1.4428362962963888,1.0380747188448285,0.9950159133864069,0.3697426278825217,0.8651406814118201,0.22482731612698875,1.4815870381087133,0.28640912399695184,0.417445051906815,3
0.0382813256908245,0.925953235696419,0.851050057774665,0.8012807334407278,0.18800864583077792,0.2546032387489506,0.9879046070851633,0.5423638041656512,0.6814734964426611,0.05121278061742317,0
0.4624098915728795,0.2627715578830549,0.8943878980584355,0.17287267573027704,0.7449814034723251,-0.05083000061097003,1.0514452295186727,0.3545882108234461,0.5913383221272461,0.9006420989437218,1
0.11053222747754958,0.9242798166657604,0.6736208128055248,0.21493253948363678,0.9410675379902891,0.33407358017318173,0.5848573649242369,0.541700855434427,0.7031157605389682,0.7956654449040842,1
0.16230627334608536,0.4034427377810609,0.009246451295212874,0.04418132444145532,0.44172643410395523,0.08048839300279334,0.18131346299231046,0.36603620999932684,0.9543321075499374,0.2448385807526158,2
1.110910906858162,0.17865708544783082,-0.014586044706614683,0.8326605845504155,0.9171910142451418,0.06605328258675904,0.6404065596468931,0.8259913148434199,0.575626131236278,0.7059908099724844,1
0.5070733286794322,0.628208690107211,0.1296387216355191,0.7212361191013364,0.1672953348129856,0.9876297384961351,0.06315361148805453,0.3559127632440213,-0.02970591875248091,0.26309373741137365,0
-0.07677583706986252,0.8339270986198126,0.8590081505683674,0.40941809719979017,0.7282650549256302,-0.14781243056500892,0.4685311620655016,0.4374697203726119,0.7568392320674137,1.029914697378777,1
0.06882804256764186,0.29114992126941586,-0.06608429660230009,-0.04566322928663116,0.5140760391225233,0.014267547077100734,0.18538462375513998,0.2579326224133377,0.879703812871528,0.3337217702236312,2
0.03825091348128815,0.9679119404071758,0.6736166632436517,0.28770089391303844,0.9493746900774106,0.3899431140538782,0.5949676519860749,0.5751225977988846,0.6889479329710613,0.7228005450678661,1
0.18865916712110314,0.12304034950859763,0.18541657796867267,0.15144786657641343,0.301962102871024,0.8467767985673128,0.3460193738853208,0.33303918754160255,0.6779519237072223,0.5275741495054498,1
0.3250371113915046,0.4141226948297297,0.47563573064449904,0.2645624164090243,0.5589628917266327,0.71692400255185,0.8199522298738642,0.23066622508517878,0.4045560107358754,0.5119241488665138,2
-0.7976847749898183,0.7535763586058825,1.2401770198238726,0.6608254096798942,-1.104399659103316,-0.549691109821514,0.19044784817196048,0.34936955239216555,1.1751329536934623,1.187605780824692,0
0.3083319407430515,0.2903526042771566,0.41263236905450784,0.6063585774019153,0.6225148364563522,0.8063576779773336,0.35561775362216164,0.7763292462166629,0.5402402769621553,0.46687178623010195,2
0.8980851397394819,0.748963440927059,0.5125713019439813,0.45217698746449453,0.28360123035880286,0.2922041730833845,0.2507664698853693,0.15919066594826253,0.4067369529752106,0.8832496061375971,1
0.4489815680761986,0.5202249099062564,0.16188926457956612,0.5599241559190805,0.5240265345247669,0.659072812556114,0.9717203532858525,0.8587390353131752,0.46877911574697306,0.1754044498178861,3
0.05073059511225001,0.7734482806308507,0.84655515871528,0.21829001568338618,0.9849530539623143,0.5240838815210227,0.6804736646448749,0.45688200215053887,0.70884847990193,0.5124247561189208,2
1.065319119886455,0.6931623194446255,0.773795720983969,0.19153865235759887,-0.3066430365405354,0.13551717398681354,0.2050806842055852,0.6008033109143258,0.2752966526830966,0.697061787513507,3
0.5601272522640853,-0.21736221531618416,0.5688815742374729,0.8546725606890768,-0.1545459135194217,0.006843487388163316,0.5025663582718991,0.9057126119121331,0.32008992294238886,0.9394917022485131,3
0.3358392421387768,0.49887159946814164,0.980083994045468,0.20464849199748494,0.24609456748913372,0.016673359753189336,1.0466816563719017,0.31498192498532446,1.042722506715787,0.2021765213343366,3
0.40242021321523075,0.8668374358427468,0.5315574433616637,0.8086940926427331,0.007160448958643045,0.20098406886785267,0.5493183271694375,0.2899450421090899,0.125667749069656,0.15397685874960773,1
1.0834109776871945,0.6616890659789575,0.18321218299090192,0.08982800564116122,0.2419644417300442,0.7969521854077058,0.5207474273750959,0.8733935162795445,0.24411221774409297,0.5141854102732935,0
0.8611076817536942,0.6295495350068153,0.8248648651814723,0.14013831507482077,0.13492038800997205,-0.012280894828435876,0.44433759379564497,0.7457950112984281,1.0986709034805262,0.875523763780764,1
0.3493533276533484,0.7495747211367377,1.2619342771670756,-0.274133436679361,0.541451338707714,0.47907084223396673,-0.004074575257237645,1.2544119746482418,0.42121998030393987,0.8338652251916496,1
0.6017638545632875,0.6214563781200867,0.6014274806068746,0.41946695171729165,0.6724769144058697,0.5532971760750729,1.0863715495139543,-0.1426265724809116,0.48006435768464456,1.0499427483779877,1
0.600866506220189,0.7396576747219828,0.0603310022003478,0.6700458324792036,0.26271299278743443,0.844931165730643,0.1510664868097096,0.2794201620436219,0.049455721964495394,0.2248298498176236,0
0.10896351003749172,0.13041956863480608,0.027903353907554787,0.8506471553817808,0.14226428341247643,0.9845131464487379,-0.14078942592111343,0.3053340266462646,0.19034065340006504,-0.21590794032573302,0
0.6205417691657187,0.5253463780549882,0.5650635637032864,0.7168780358246196,0.47330526309448245,0.9299646933618927,0.5585171330151386,0.3536994903351012,0.09861380629587022,0.5388938709011568,2
0.24522082480160612,0.7094055154870481,0.5905957803643139,1.0286387863404869,0.9540673917980015,0.11239781654675482,0.7619364178707797,0.8448443368586646,0.4322175414948077,1.1004541536665016,1
0.7621357352252213,0.9139961115841595,0.8068287356437184,0.01732636973154402,0.6006713164010907,0.37931042614489063,0.37965247971000465,0.3886811853863781,0.7509622577163569,0.11212088170178217,0
0.5519154049329956,0.9072505866191221,0.33139909139912327,0.6159932724523624,0.9768262050316423,0.5177243965526339,0.9256429110127661,0.08101344774398858,0.9493925909695438,0.8101563996769565,1
0.020982241568704263,0.5199338415171164,1.262368932974456,0.2016787606136904,-0.015330237651799694,-0.0509099695440593,1.3466514931788105,-0.05514643110837994,0.8132998670512707,0.17225343168878327,1
0.7444668775509784,0.8388819357906249,0.3693683591277251,0.3717455129754309,0.11460781360104424,0.26882610668818885,0.17045919606011856,0.11471674416086239,0.4656325408065122,0.9433088627932793,1
0.5442908394333584,1.4368549979618535,0.6042174851746442,1.320438858381666,0.45348613434056684,-0.015920230196987684,1.4766732093928119,1.0660999951726515,0.5965132239592085,0.2246030388649393,0
0.08720111223414315,0.0833829270708079,0.303620557020632,0.31022657122133757,0.47280075286499895,1.0581048879434076,0.3581794351763783,0.26814610582783266,0.7199561832724604,0.5904304203863001,1
0.9368152133974519,0.1459781390722253,-0.00647020296279182,0.8587998072972555,0.86399891364801,0.20194592519461693,0.5760170854447032,0.6338764242210146,0.7634940386533194,0.6850526389596681,1
0.7360967658628408,0.40282751095433217,0.5304009180724549,0.1244239327396757,0.4420129026647726,0.6914338939155504,0.47248032180867167,0.5893546687419302,0.1436756273152956,0.5794133881548574,2
0.15578797949858242,1.0016226067120844,0.594915161787489,0.2450926751613717,0.8693281880670601,0.34189889750073144,0.6629519276628191,0.633013174560485,0.6271179844712049,0.7267100725826515,1
0.4607161646786733,0.5376342630672223,0.18678316497096042,0.5619754335582849,0.506562550398581,0.670343348029004,0.955651663324583,0.8704008786710327,0.4387478971588899,0.20244277778177105,3
0.4120003226509822,0.5598071460226521,0.39561132756642553,0.1571409328036495,0.032899025487017626,0.6587050639555763,0.03883220925079785,0.640452684515733,0.9258132071395044,0.17143932383654287,3
0.07392891989346763,0.5364381989392051,1.0611799220756442,0.7031103601762717,0.7367757804097741,0.5646438383871375,0.3460777894513197,0.5053829021730494,0.24469742626892055,0.5385144438117062,1
-0.01935001381611179,1.1566587634218233,0.5865031533509064,0.16851699929199263,0.9225234515649808,0.5718154533699416,0.23580569770435178,0.5621736502982692,0.8856222120910526,0.5961427721860697,1
0.7540923126440734,0.8259831798206351,0.6462960609615083,0.2830937146197907,0.9095358632870039,0.9880265944574166,0.13255205068076964,0.4301947363855912,0.6956218487748976,0.4444062421761999,2
0.6675718211504982,0.5042915746857772,0.6188913195620743,0.6991387365479436,0.4707804660051373,1.0447201529294579,0.5641796478156554,0.2614431156257737,0.15861682756630732,0.42088802961242255,2
0.20923435606355795,0.12395640804710574,0.26695562665099204,0.14933376492523473,0.4370350849814645,0.9993730661551697,0.21341407970525206,0.4149884662322523,0.7762222429706546,0.6249418038323545,1
0.5370713405341815,0.1845099876836663,0.2305293129084532,0.1306818596889479,0.32059314458834526,0.8848619730591946,0.9941487740559464,0.1354593673139244,0.3606883386567997,0.09713721571206546,3
0.596896405135966,0.4609160010777096,0.6957403563003901,0.03743427505416905,0.028602622618274426,-0.02899472140271743,0.32850394630700885,0.8483797758951599,0.8896967641612661,0.9375904109890243,1
0.34362259311664134,1.0613640207777235,0.48334622818636486,0.7903353942310353,-0.11616239716144862,0.3984291430497426,0.6336065703051035,0.4201841379703727,-0.07243963041056953,0.3726704178620306,1
0.5729516940974684,0.21420346575264998,0.15187584326610415,0.4040348867793908,-0.525609981309891,-0.2958268800541863,-0.23285916410596263,1.1470942356930236,1.5078534227836888,0.7875504290605206,1
0.5361439155415577,0.2723940474486049,0.26439885567219756,0.09097120437489886,0.3667727441597863,0.90974598069314,1.0078251801839684,0.19113785172324993,0.4603370143936406,-0.02144151176917855,3
0.7938078865212901,0.6795938198609128,0.11499390485314105,0.6800657622064097,0.34163167085348134,0.887274095757978,0.41086187693932164,0.7275658609873998,-0.17403267568511277,-0.031091643308975236,2
0.4836328957091912,0.122847514832849,0.4581937108675252,0.36147314039987927,0.44628169214529617,0.48964495543132674,0.3721258333916419,0.8019805459041203,0.3552625685076675,0.6061298197002962,2
0.2517469690200783,0.3959264535394544,0.5836218270673099,0.2343305327240019,0.6880020311894083,0.903774959181621,0.8432568124301475,0.06960468993186472,0.3913815983866936,0.6562839718332624,3
0.336279421966352,0.5536005252798795,0.29954343169326614,0.6034734279807373,0.6044357422053875,0.7194775690233116,1.0519274247367805,0.9344730199594842,0.3678716414618285,0.2372870012370254,3
0.2711933993021196,1.1084749211126943,1.0884800194932434,1.2142828846685756,0.9994658919961659,0.6752245625515378,-0.12069013363057324,1.0944853765625642,0.7387079060411492,1.0236072100997025,3
0.5748326454624864,0.6738182980786086,0.16810305563605216,0.7402396650355749,0.21155687627165246,0.8550099173557685,0.11855830079225038,0.32049831939972884,0.1023476637839654,0.3320153725423469,0
0.9274013741975579,0.7327234575559725,0.5433863646174238,0.48657157170447907,0.2634815556099106,0.2469036437175819,0.2352247061978297,0.11240298529272455,0.39550194605192474,0.8755543300779723,1
0.8765987649229566,0.49780501238074787,0.07400485514017913,0.9166619459800158,-0.017423639097887272,0.10328529990555484,0.04773190236422352,1.0282185577943173,0.6727370522536366,0.18761908344958317,3
0.4287623138161969,0.5603295978238018,0.39518183547041874,0.14707790581395547,0.040125224659837005,0.6497097365592526,0.022736328795759528,0.633111575469393,0.9394142408164752,0.16178808278576728,3
0.32999317330743855,0.8067009121493303,0.41777123113974673,0.7981562861520242,-0.04439607567292404,0.2066415946319783,0.642595060763441,0.25613375775525665,0.18787037021371403,0.25114340364082255,1
0.9328307227786024,0.19390788352230198,0.014363250220035127,0.7914585299025865,0.9376103107024961,0.21995093110520125,0.6068343280374214,0.821321383347902,0.5631157340786999,0.7908115418192411,1
0.4275198882331321,0.5675102486757165,0.40611396696909846,0.15412755631717123,0.058581279456349944,0.6469626169179352,0.022648479971985574,0.6276395082738921,0.9188888772384038,0.15200334786365516,3
0.05753001511068612,0.7727327131628015,0.8479153231183871,0.21887477349648804,0.9880367298215198,0.5336471654981089,0.6832657647334641,0.46329408154535434,0.7186213558270634,0.50762914036279,2
0.21116654913757227,0.9253360612172126,0.7391155066185371,0.5083488085924214,0.7821898152118016,0.7073061549729464,0.5467596153888882,0.5595045293379048,0.11450647757818012,0.26881747386994825,3
0.6575651345084128,0.9665670853877749,0.7141110053057236,0.3591929869072164,0.8307506943689258,0.973475969260286,0.06577119217494473,0.2847731085588754,0.772587294042601,0.49610814606466,2
0.8520196404560934,0.8044064346646697,0.5919499628309307,0.5541665747790461,0.08202899098354435,0.42575478274587647,0.3614268452854428,0.01081218371938189,0.2078028650238584,0.6881238051075055,1
1.0670135478092395,0.15372777908617394,0.6572149779336798,0.5841675471463481,0.6222886481709036,0.017603315744534165,0.438641220908812,1.160784373587108,-0.15163594174236306,0.7007632637126742,2
-0.1691783913349148,0.5039759925130194,0.9397588954672752,0.858909268651657,0.23827206459530648,0.9831482158678035,1.092549398971675,0.87076460640697,-0.34625484249789773,1.6266105623880593,1
0.0482596830951634,1.0217195684982663,0.524479440710527,0.3776209327833906,0.9731300840241659,0.48998979296311734,0.4567262976552471,0.7147214823153518,0.7092192461993795,0.6533510905816979,1
0.5420070570137866,0.4859402201154086,0.39325182392005253,0.5878288276249705,0.291946303872415,0.46889727256077174,1.0204713739131688,0.8402439639235745,0.5466487228380672,0.3818918793133457,3
0.7120904977530179,0.5776891917298015,0.26912741435144677,1.057917532850495,0.07961516933282001,-0.008831632674251383,-0.12226989306882771,0.7406564388252344,0.7097890595937049,-0.1365216129564916,3
0.1453220811211743,0.9174219854844569,0.7511002140086581,0.21596515726302593,0.9508077329975636,0.46507711947301167,0.698062923653903,0.5285082777392862,0.6367708180018451,0.6653207980654746,1
0.19823604402703304,0.5039236687348985,0.48547841544079007,0.2943844514194414,0.8470723515121339,1.1237006737625037,0.42582023608214137,-0.16392699716614983,0.8601071183317865,0.6144962406119394,3
0.3974938179563093,0.5337624098020837,0.3589890830935917,0.10978478734460322,0.02401178280835036,0.6520342887749945,0.0550929135092829,0.6408049044852351,0.9395671633125396,0.07611538949657912,3
0.6045629141990747,0.7236086392009713,0.6193677620452505,0.6067206291736859,-0.09899157473162698,0.21761472545701882,0.023952672999224323,0.6089303019598352,0.3034825052812465,0.5870205661675832,3
0.6335826161642587,0.9509599158569554,0.3230666189431862,0.5969105025298747,0.9865489250873041,0.4810940396299338,0.9903845727863619,0.12289231372076309,0.9123750164008774,0.828191316279584,1
0.9879158135195121,-0.2953012539679602,1.0258878797963304,0.7575004371035807,-0.1458759352159482,0.4286876678878412,0.6234993860776126,0.6754652233400802,0.25664141454099904,1.3630326675550255,3
0.5461216285041645,1.006086685434571,0.3136227203861208,-0.14076543715523976,0.4526892744377895,0.4774396867178887,-0.1676723826852291,0.7048221952549176,0.5610014503826355,0.34549386772058854,1
0.15484775283405328,0.10230587701804317,0.5550119729892168,0.9203788929836162,0.9602256441381438,0.44856771985451316,0.5542342284406465,0.06769305298592851,0.3379060383368924,0.30626354551136725,3
0.37775612932591446,0.8581716167434945,0.6451791305994392,0.8294881798297309,0.4358811502534364,0.2836871733997788,1.0026110259599261,0.03787589229000733,0.5324261662234152,0.7118697196108474,1
-0.030881991455754182,0.9478438791097281,0.984169034757773,0.8875119452331441,0.9416914512706747,0.7812590458621371,0.42172860090953757,0.821941897799719,0.2242068758758628,0.7214314077962524,1
0.11268681852921773,0.2458557770594286,0.10498080883370184,0.2678235945415584,0.3592824807346767,0.8965987664608391,0.2578273614174406,0.34057777893765845,0.6004368396146452,0.5322696957965112,1
0.06948428002492298,0.876702589411049,0.6774418800820221,0.3301963165661683,0.8914276158629866,0.3463415076200094,0.5216798387528273,0.5576972277868442,0.6347331820970867,0.6946044878287629,1
0.06290380933719346,0.6476463695172714,0.9099968990471161,0.6230970224537409,0.7015554372227951,0.6217915403072946,0.40863573323606533,0.44576527619164136,0.32992918835390844,0.5037016633288139,1
0.9190245446461164,0.5038403230971442,0.04134621646023831,1.0194140692944995,0.067345135815867,0.12477269769216931,0.026919303831417267,0.8602131597445117,0.7939032835207025,0.02873651596443351,3
0.5841598379074345,0.8541319258864908,0.7837308522434032,0.9242965281161368,0.7494497259883763,0.44054894387493476,0.11526804053273212,1.0111537394060595,0.936855308839887,0.8166603361286633,3
0.6856067270064391,1.368605759449345,0.7442579970041086,0.2979697837792286,0.6110311166447263,-0.15880983753194877,1.2585024071131254,0.40505391837520366,-0.1000909250704014,0.6231542778207233,1
0.4648912305618942,0.7079436607234233,0.149603815364742,0.3418415578478675,0.06704770942125146,0.9316047865271001,0.4996936698243192,0.523688849155863,0.12961048079112897,0.9310405133449997,1
0.110023519100682,0.09492108379636459,0.3892437276255037,0.7167444821157363,0.08434864244632184,0.369767790484997,0.5504882422825529,0.8678434487696498,0.42327048056495387,0.43453229772937974,0
0.04111187872779377,0.9381784443070744,0.8153808341453025,0.8181334389245993,0.1557712146588219,0.2640414052209891,1.031714490790273,0.532082502777117,0.7306796667057379,0.012603718264465616,0
0.28472883981041397,0.03686765593092156,0.6748784611236687,0.4540421818252427,0.6728386556180688,0.2616520257340721,0.4917313106059301,0.8104023342333807,0.13546358853334936,0.5868075690967208,2
0.910319249264371,0.4875172971733303,0.045831355434021614,0.9919189569037962,0.03699883209783269,0.1478481976441312,0.014373000658719177,0.8558907702079102,0.767629657829941,0.03805316298543528,3
0.20397245610241205,0.26721868701322615,-0.05721323843523049,-0.04348482660171678,0.3821486177373664,0.008539668283030266,0.20082342049159913,0.32966639268402426,0.9652121182458845,0.34780425270304627,2
0.11400142082942755,0.1917670842921118,0.15675240067714188,0.22304086622947905,0.3052723130396168,0.9110028451757508,0.270534296145582,0.3336191812493256,0.6625633528600615,0.536368408814882,1
0.3646120853894376,0.8701276543932286,0.7855346119084419,0.9169294900218514,0.5413468623921777,0.35978354106658983,0.8103429306682901,0.13850008629141433,0.5264863676272196,0.6484498245875916,1
0.786778061652974,-0.18265850883731505,0.21076084736022965,0.5635779836082138,0.7075593747904263,-0.04217030066589739,0.7184779429006135,0.8535474566701562,0.5567276431583279,0.9462884026075347,1
0.941846324130826,0.48460330303753263,0.01275110341278009,0.9888333162363456,0.06069040805603206,0.13183058419276605,0.010230261766909323,0.8836952497914629,0.7733468184420073,0.032795004055748825,3
0.261760990535808,0.9324880911140264,0.6888204464571277,0.5144737358840444,0.7958278983104934,0.6632806295013258,0.5849073237609912,0.5183278666769355,0.16531764707001298,0.3053933712299918,3
0.23630624156112162,1.0366896608666105,1.1050341798177954,0.7248420399773969,0.7684530626305185,0.09431231295118403,1.0911959552332366,0.9358834626431546,0.5006726018927312,0.08517154691714716,2
0.14773822467308648,0.4324937696381852,0.5679066993137342,0.18528235601513654,0.618427063035865,0.8519111624573499,0.8118873255454819,0.046442074624812674,0.3244060962210974,0.5965082058081541,3
0.46167299851642146,0.20526384608242923,0.35686101893345645,0.14882067484510644,0.29432383249112143,0.7852582997956588,1.0556798470161088,0.19708111893133662,0.546913298379185,0.04691838571531887,3
0.23133910024738857,0.4836808133945105,0.9948732937333402,0.1956237526243875,0.19059666782476947,0.04375015488492633,0.9663262121092149,0.23552190364934808,0.9718704740523822,0.2375560712475215,3
0.3781043862122236,0.8452578606156174,1.1680337991550724,0.30053644359483833,0.013444065771619787,0.05864206695407929,0.6782111406877429,1.0457729220509857,0.7999134480958151,0.9164248976498607,1
0.6214824443283397,0.9341695813534792,0.2724518710756485,0.564431961372309,0.998697626707298,0.5142247227062899,0.9612870687859356,0.1591783250484842,0.9128220037336914,0.8039909185935242,1
0.389569335186312,0.5900786006902083,0.4058750734383668,0.17792860913621386,0.0505523748433781,0.6783031205036734,0.031787558191585255,0.6245330554849209,0.9327112963717273,0.13280646353974596,3
0.38665442445667675,0.9573076285858448,0.3319580341003137,0.6624692364589801,0.2955539405042955,1.0999460492772075,1.3919387636449558,0.028350762304401894,0.4216279188578359,0.20610955649219992,3
0.48107620583784344,0.8990717892230696,0.43585858812365,0.8149211639205834,0.0006960727644334443,0.21943460132483103,0.4735313132617289,0.16972568079073957,0.17554108492817944,0.2567867510615015,1
0.18581042570386308,0.5884783671617049,0.16234535280883722,0.3697358987740583,0.15013058416006653,0.28580305243148096,0.4957051157066126,0.7082899420678982,0.9001447711353412,1.1715487302159977,3
0.9637306164205993,0.7239156169550849,0.5580455732760573,0.4343799629802339,0.23221793635892224,0.2172374444252313,0.2607183455792306,0.1849373780368095,0.38139165761294497,0.7994083303250213,1
0.44580419183758935,0.5290270577137698,0.21249038913297566,0.5781954832141857,0.4742520058457504,0.6932814942506763,0.9373266216873175,0.8861107778232887,0.4303672678313198,0.17366412877457987,3
0.36887586727497923,0.8603571602144948,0.45513338257727176,0.7797772011855462,-0.0005334672568652688,0.29255103283209866,0.5974008448928199,0.2499199939089936,0.16204809820461974,0.2398965977764214,1
0.08288811046812085,0.9106327571749624,0.686010715545067,0.3961549053336081,0.868328717114738,0.27495783776803334,0.6810043330914147,0.43735809772235945,0.7522475358301592,0.6045262629523142,1
0.8321304027784391,0.5724917643623071,0.7035389475044564,-0.2120712296891426,-0.08146592359410673,0.17260783371258992,0.5728638198128477,0.878024570309345,0.7758271053926251,0.9428120192463673,1
0.9324627165175602,0.4638967703969659,0.0044256487686739655,0.9882985260267889,0.04017151734533808,0.15052291326010914,0.017747702219009027,0.8799264911717634,0.7796855729038573,0.05723860944666011,3
0.1846357311805826,0.4054825929589546,0.6309345308974939,0.2201342129910642,0.6664431755142838,0.9131811493577019,0.8935262774413242,0.07251201573521171,0.4107263891675357,0.6718332526378293,3
1.061775059702201,0.4701283915231339,0.9237044245426445,0.38405497891392215,-0.01740594057346767,0.4769694801871744,-0.0013288059209364822,0.9099426105460661,0.03242909843193348,0.34192507475777456,3
0.9356263118942018,0.3799965360992008,0.10093269130765717,0.9718910686542921,0.05935332868038967,0.16119137858388027,-0.04389447457177885,0.8395172741479905,0.8759540243693169,-0.005746611974039466,3
0.5372393380553706,0.4554499311112856,0.22223423192569247,0.5783709930708818,0.4185793488280576,0.6250037859418694,0.988277668997598,0.9331812071758759,0.5207907267340783,0.21724019841641626,3
0.8213411085856708,0.689307892365002,-0.032983776141899845,0.48248377256649255,1.025506246183275,0.7828615418037377,0.749603616009337,1.281823919509213,-0.3055589973135514,-0.14303931041348042,2
0.280134301735126,0.8974497152709177,0.6750839137863958,0.5082049791730713,0.7487732538811461,0.6876218396974902,0.6483064204163822,0.5493330440992141,0.11189344163467847,0.3904175142569546,3
0.914006124867517,0.6991905496441657,0.9040118161582671,0.4538884656511145,0.6400286071644554,0.8746069361999538,0.5914194942354677,1.1224607103700808,-0.15088978691526428,0.3089466519294698,3
0.12275261530719991,0.9668062001402064,0.6932419694166176,0.2208215332132755,0.9060851888437107,0.3427224631470076,0.568222691325327,0.5761811320164201,0.6684542517214987,0.7825718536360097,1
0.5663657576683299,0.16071803198515128,0.44655902488104016,0.26880518402686376,0.44861610929018225,0.4428157043746929,0.3041825798503648,0.8125187364591268,0.35471833590845414,0.5757100574225724,2
0.35259084058882717,0.01648717358357854,-0.00941463030925041,-0.006372246219148253,0.11667141756499935,0.8739273281242235,0.3168255177581238,0.22954652598370384,0.8261965728823034,0.6765104139288292,1
-0.43872245088154493,-0.24294132985611472,-0.03534750443324253,0.7462540194437057,0.6043315925407287,0.8765740975369289,0.6903527039264183,-0.10416506584042612,-0.3204134285590673,-0.007906408714937252,3
0.5957178382575535,0.6088140484690192,1.189276784760324,-0.29052629860574725,0.3399609863184221,0.04772604700691141,0.30527005136672214,0.6697193119043879,0.7890526077800141,1.171134356534038,1
0.21185813384555377,0.7362086323599566,0.8767162980147859,0.4749103945975822,0.8715556831490074,0.5606788037125521,0.7965243886859728,0.46825316832623026,0.5515525405121359,0.8607995127311339,1
-0.08405780421580772,0.7900672099818,0.9698722792936936,0.8931211955847334,0.34013666861110536,0.4222243815100666,1.1219301733142726,0.4860240184069623,0.708728358138152,0.008580842982834722,0
0.13402708609692157,0.10063906113499371,0.39095042011599224,0.7184989641476149,0.09782176834018443,0.39680760392996167,0.5395222214390637,0.8416087322621317,0.4254546645032578,0.44636312340753304,0
0.12510570450951813,0.23265018765417453,0.05620502201542803,0.21295535306020524,0.33338385315840635,0.015237456145636777,0.0497291441894611,0.3595805277459622,0.8101681907955806,0.39104380468232935,2
0.9426190779547745,0.5769255560978297,0.1877492940979378,0.2878170401525172,0.01791105694806107,0.4467113176144882,0.4983513274873349,0.504759943720422,0.49304190885517274,0.20405789414611958,0
0.4304225997861839,0.5811917004447362,0.40553630866724216,0.170422036861254,0.0527209566430154,0.645665242499488,0.02304291371248863,0.61176897302154,0.9082455063427033,0.17857898965282512,3
0.6683013647453385,0.20834324888576736,0.17015911497066494,0.32925772412060683,0.4527860056525685,1.0496408975950657,0.8541190924112696,0.08646921960317841,0.444094194488198,0.0708337286654263,3
0.38918628841763314,0.08597177228330366,0.5708132776026605,0.1316694614360663,0.15223892249546442,0.7169133247909957,0.32037320523352814,0.2930120973280403,0.8725438830687867,0.25478876897462216,3
0.346502330331483,0.8876269015067356,0.5645819468153885,0.8162862168321598,0.08916819899573276,0.30758090715061903,0.6836157089604181,0.2704170094930808,0.11551830891317641,0.12251610415861601,1
1.1295844547645908,0.5353566908499376,-0.27566172347786766,0.23091289319482566,-0.38068116540872243,1.173205382824321,-0.1416746151679146,0.029242116226754156,0.5341616498407695,0.43099588536574124,0
0.9395357379825677,0.48915608049368225,0.015554581393470712,0.9941645189483403,0.054062259543828456,0.11773700739419471,0.01701470695532095,0.8796506384086554,0.767971099394312,0.04833288163626485,3
0.25169300621563084,0.34963953723542973,0.28982243080682457,0.012618638727161636,0.7385924749353148,0.8653786443752358,0.6756955218322134,0.05246129578114202,0.6637049131196272,0.3542338157734846,3
0.35867318774686663,0.21091988666303618,0.5873055976355542,0.9841573428460083,0.771731665744241,0.519908013926599,0.7408237687075983,0.2366308859959099,0.49685854765735815,0.38403682949561446,3
0.4234266992768947,0.33568852245984376,0.22183207858628684,0.2982032683222253,0.3722979293773215,0.7835810936014486,0.9468488513858638,0.382050622924733,0.5716513737118118,0.17136611355412965,3
0.7784377977365694,0.5561557999971507,0.6148091458368677,0.6286773033989025,-0.0237075733220745,0.27290459407310164,0.15751014005247277,0.6010872686296506,0.3576269131759587,0.3339873084053985,3
0.1791090805549143,0.06653918556952133,0.42067995750718057,0.768060577556362,0.027337131847165824,0.40888505564606015,0.53643514768586,0.884464133836404,0.43104935743074774,0.41808204891962647,0
0.9995952045858038,0.5108339995786131,0.009316371793253425,0.4325198335197482,0.24738911766013724,0.5137618698524917,-0.007044779369633256,0.4889385133154959,0.10056534199408027,0.6497940017603251,0
0.232344991398443,0.6235540735723603,0.3096206098395586,0.6266935340353942,0.43041683364082495,0.9325267716064276,0.003870155373069773,0.29149139774253374,0.308300893181886,0.12205357717999601,0
-0.17186245016799673,0.8123553296838789,1.713042591745889,-0.7960013306541198,-0.4368198856229457,0.1700468795990524,0.6626854721311273,1.7218005690241678,-0.07695211505660116,0.6088837945169966,1
0.7639544912852223,0.05439747541597639,0.232659600373411,0.22165412533242665,0.8881733808172564,0.2880615315655356,0.055824927375147104,0.48917595469837355,0.5103831709053785,0.9792534138168811,2
0.2770406413460089,0.9633558313991508,0.6733685736108569,0.46180850949426683,0.7741399298522205,0.6422310168600491,0.6094680442086753,0.5205069820096875,0.17663605077692185,0.3496379513617911,3
0.7583938407669029,0.19023239692098398,0.8777385643895955,0.024522034658534413,1.009659519235098,0.566929170452909,0.430616734710215,1.0199279500814513,0.06050264447756276,0.5015011122056204,3
0.4276180430385092,0.554958022045539,0.4044140633049667,0.14395140413445887,0.048563324726099207,0.6541916521254039,0.039722315987556954,0.6392105101180879,0.9364711248746569,0.16705326824696692,3
1.0434677637819223,0.6964485048905418,0.9054561691313308,1.0792167342375454,0.1809058938595015,0.7431204379876915,0.5302798496508021,0.5051912289839862,0.5647705308025313,0.16004034306833448,2
0.050214344943190437,0.11772795010895586,0.6883269818325372,0.12796363105408434,0.13433566510497327,0.4672064394029648,0.6414874384603892,0.7145908824004072,0.0013609337884901013,0.4079927608451924,3
-0.03518502142682828,1.123137127192484,1.0374063982413706,0.8310700100554385,0.15685577630292888,0.3785779667023029,1.1456970621591012,0.5682634881815236,0.8855413333292426,-0.14829193521386302,0
0.4965148215579007,0.13626108382340135,0.43735920087214014,0.34896862643562543,0.48564592559075076,0.5793246712676862,0.4341542415509667,0.8586305919503775,0.353481630089218,0.5703537546752412,2
0.028779186750166594,0.8197521651338098,0.5735857051092087,0.358702876180644,1.2194669412517345,0.7237712016860808,0.645087044343935,0.43212293364340854,0.5236150147580283,0.9904159111302209,1
0.42421075270549247,0.4490479784162571,0.18407238867037354,0.4956573929020333,0.4009776088917889,0.18978504019216505,0.13584300297748336,0.7787917836861561,0.0942754453220544,0.598482996121463,2
1.1987363468850827,0.5781704207189383,1.1913753828438773,-0.019270893121032168,-0.34597220619689506,0.1621510123100221,-0.1238234628946075,0.49685996289950973,0.8720209378303656,0.5958933056397303,1
0.7561115452926827,0.415304409036047,0.5127269698295197,0.7491470016584594,0.536393637159216,0.8469810528485199,0.614021284372831,0.34665109925981363,0.15562767535262256,0.5237740531872974,2
0.6677650121241259,0.4819383662224621,0.6022129819295629,0.6966551791651225,0.5883011574112185,0.9510178964113908,0.6511687023447735,0.2985078841558703,0.20015553321341167,0.4859684996915453,2
0.102960728893558,1.2601741227136432,0.3558753478545633,1.0428253320051635,1.0526168139372234,0.17921632342994695,0.6175780644155606,0.8734487611359392,0.9144381917179724,1.253310124778904,3
0.40642253149311347,0.13604086014716285,0.34835307475068755,0.2251607184278966,0.3949213346981396,0.8628993821510368,0.9611206289318431,0.22506044076198473,0.37876263261994847,0.09290573131936145,3
0.2537639098015463,0.4484174828661523,1.1905832876579134,0.8382945182246184,0.5857277291062143,0.42494776511776217,0.3408593631260255,0.3034078829881972,0.6196060851532316,0.4001037765343379,1
0.3019027681567761,0.43149755357579006,0.44992142845121036,0.25748977995233974,0.5714250565885772,0.6911378417839665,0.7987577906266164,0.2510811451885268,0.42977328208971516,0.49346845421046953,2
0.8322887935778736,0.4723423682516769,0.7456057820526699,0.5178603205934756,0.5970272416876753,0.10052112519269996,0.6160636686212648,0.41287823281337555,0.09108644678803561,0.08403659252211346,2
0.9569667822538571,0.0760255713853989,0.030681325210799953,0.7620894647229511,0.9199807175160997,0.16843898947876945,0.5718214146414875,0.7187001976717108,0.622781242566129,0.7477362589073426,1
0.39087201620301343,0.711602799959914,0.3099118820537143,0.4261723629873725,0.3198481229164382,1.0205027501959292,0.21546182390934548,0.5193112039222754,0.1625838244343139,-0.012554885372739188,0
0.9058374961745206,0.7551615970878229,0.534278133374904,0.4590588502678281,0.2566297885869147,0.2866345944315601,0.22792678399621139,0.1394222391543475,0.37861525732624113,0.8726348240429257,1
1.5129474217656795,1.551712446082655,0.17780697979138238,1.216022457135372,0.15789886773821987,0.8451331690796986,1.332415800175645,0.4839991244480145,2.005935590252364,0.5788603576204553,1
0.2899730504668954,0.9312390870195302,0.9250746916916426,0.5336934941859909,0.8566084052932263,0.28507553448838585,0.8973086078131821,0.976910425616184,0.5942404087759168,0.1188536779489298,2
0.08066691703849703,0.9632237284504448,0.8611722367378414,0.7623787044304186,0.1520353328942141,0.2687582993971609,0.9982343808517723,0.4962329999593017,0.6810741040575343,0.08704954165398274,0
0.5599927677140697,0.3123214963313765,-0.15089653993557373,0.5926522565191474,0.6121780013985509,-0.22715340835705,-0.12174139498430467,0.7635105027309452,0.18124909500772352,0.40235773170538447,2
1.2537884718702241,0.8015176673185429,0.8461778416213361,0.386589488692369,0.47993115598653147,0.47839544784776106,0.6578248109296111,0.9693231041312947,0.8424770911726536,0.6940978611162432,3
0.6258491828782636,0.5086264467607043,0.06477045168358853,0.11140878257240538,0.022360054598699275,0.541185383689855,0.04698995353303594,0.9951180603607124,0.711795721077939,0.43839575410648135,2
0.34312173503475746,0.2307215776227743,1.050351100741496,0.8296264084780239,-0.06769017714054859,0.29633915943557876,0.5201524116401044,0.1808953354188978,0.4887093245517145,-0.40387184096269846,3
0.7623248175504073,0.445157909411577,0.9786988211981852,-0.10911980621852768,0.05471844485562748,0.26473242999162416,0.24697009157830424,1.1026735804305814,1.143504813230768,0.8074701689835844,1
0.3815349758277014,0.946550884759373,0.7299730416185238,0.7849671977733055,0.504203346739124,0.24703950646608647,0.7645762646986078,0.10490860047064265,0.5210655902136403,0.75648600801728,1
0.3640374150662725,0.7929132089936415,1.0806577090734804,-0.12039076525527398,0.5629483545486658,1.0058281546371561,0.833723192651101,1.134404842295406,0.16684708281246097,0.7870254625315547,1
0.3710642162725794,0.28311953681563395,0.36631543228102065,0.13720831951806334,0.46454790800369783,0.6022565512471356,0.014602968802366754,0.8211415170266069,0.7892888594901448,0.14965729630988522,0
1.0837418526765288,0.2895904026578239,-0.02304065904884218,1.1334130166159047,0.047248648493009075,0.2451849122881311,-0.04632433179614405,0.6666670047919862,0.9107205909174191,-0.1574653515937264,3
0.8715938383164957,0.03338754450348147,0.4878623871054172,0.12567878648011332,0.3290382609677075,0.9455996751490293,0.7920285317266171,0.7162648214368081,0.2793194282524343,1.0342677515187226,0
0.602261759128342,0.7352865466794126,0.19879131610406842,0.8192599189451927,0.12221904794493235,0.8345564456251753,0.09180118126655354,0.3852110515278112,0.12982016766715676,0.23821642369112905,0
0.9853876141919952,0.7456579884108587,0.6278042803456959,0.22323775716020766,0.4478734877543257,0.49496793656374405,0.4109508951977781,0.956928484667957,0.6548434426173603,0.8025001312114826,3
0.2870784480811081,0.5185857759398596,0.2791894813477637,0.6089604371465438,0.5392262522845782,0.9079190476975996,-0.018255214941788847,0.35275313649364887,0.4139290226875218,0.15995132147065794,0
0.27609758711278787,0.3126740234054568,0.33442699739843756,0.16301811189620016,0.6004975707740269,0.8245698568741915,0.8362742980315256,0.13901960462078994,0.6165521090506432,0.5120881012152406,3
1.1096119534936675,-0.5194762658270824,0.8725964409475775,1.1313978317630884,0.06827821707367412,0.09282326856625844,0.8847187318012415,-0.04342362298693914,1.2391014082077385,0.9647137107846162,3
-0.29688971468629105,0.796668576443351,0.8430276323716945,0.46839839518391974,0.22490538915469963,0.2611359504600449,0.925631197225882,0.2807323667975782,0.6171953468869812,0.36040365688720555,0
-0.0021202788303694153,0.7066620469048325,1.0130734359392672,0.5040983838739856,0.6099000133759993,0.5585789821221296,0.3060957598454324,0.5067341676554722,0.3639466947066882,0.6056984268867778,1
0.7283517016375937,0.602591043076705,0.510807686344734,-0.053959314922494284,0.01104277564377365,-0.052267149427332904,0.06733894581989336,0.5643612622879133,0.5698371399020956,0.5693089986531075,3
0.5005137509282562,0.7183802305700919,0.9090025449447845,1.0133820293140068,1.0001259174518102,0.17810760606216136,-0.16590048996560586,0.7236941134822122,0.877690958100629,0.8079654152609725,3
0.30658472352761423,0.9333455663109517,0.6960367818873043,0.4736071264383987,0.7458645162178925,0.6101516993656828,0.6541159434083917,0.5330320360729092,0.14105416383995267,0.31852081651635833,3
0.5107132933647622,0.5177979213377323,0.19364922156537534,0.541518594548601,0.5107790015940773,0.7168186025181278,1.0307933676139465,0.8729762150152399,0.4092954689175647,0.1438961972777179,3
0.4644534489447146,0.8266186579375383,0.9259674186749756,0.42261679481810355,-0.5395664705954252,-0.0779383241832263,0.5921785516491256,0.5913770535714749,1.6039127858217115,0.9881922096362653,1
0.45456218211161703,0.5331403941981638,0.1884795156043175,0.569027281575977,0.4997612152667432,0.6625795021977045,0.9574029441686325,0.8732399048194921,0.44139585548005844,0.20807954720481006,3
0.4539753601194095,0.5788085726028117,0.808509195400432,0.22122934098938674,0.7767391784931257,0.6947225969761635,0.4999228504663904,1.0173049914093255,0.5115530538309598,0.5427375900056395,1
0.7708287493180269,0.4618138348055924,0.7364870883864042,0.8170054836782134,0.45948728008208517,1.0839374479938562,0.6198833402977552,0.3718478893577513,0.3195311291999612,0.5045860511229309,2
-0.05267683452878663,0.3500293828823483,0.1254397014309971,0.019595709184239127,0.3226402008388909,0.19347252782499397,0.14189557379169607,0.24248778643157334,0.9925964266784197,0.24984319161816895,2
0.1229272566019579,0.09467011106480952,0.3776427834777091,0.730626356532505,0.09646338391918975,0.3820772135666455,0.5367689969817946,0.8405283336897671,0.4243205697364624,0.44770474998773946,0
0.048210530856450634,0.7736803652791883,0.8541354418613718,0.22374038499937007,0.999953536771496,0.5450906175991546,0.6861718807334725,0.45135323699618557,0.7125994984605708,0.5133371918702736,2
0.9016579357988539,0.7245176207413738,0.5114046789868302,0.45182951355578854,0.20756315277938925,0.22651163879436126,0.2716208320967351,0.20221194622033425,0.32286779680583355,0.8090952939361824,1
0.07186433343077037,1.0058789009185207,0.02521736760553065,0.25637878980634327,0.6246968041057693,0.8605931565878548,0.48467669632165067,0.2672758353511683,0.3635399295738885,0.8983736684131882,0
0.4344947866633393,1.006625550429784,0.5697057981194855,0.6456197565054247,0.2930648288839399,0.44377995908948287,0.7707103828509667,0.17881382151974617,0.493158188299442,0.6254580375955519,1
-0.16319414400318438,0.7838103136353495,0.6986336313376548,1.2366135679209884,0.17725142857064313,-0.039583709639140596,0.8467366719180826,0.3715411855190122,0.7994902626307147,1.1115516850171778,1
0.6168247583650502,0.6760590259142178,0.07360109422419048,-0.22038454372283633,0.5989529243596926,0.777854757372112,0.7429388326068753,0.5320563200981598,0.49513670169736423,0.8055974333719048,3
1.052925038702589,0.07928037146013242,0.7072171789563386,0.6668659853573384,0.46863190947284017,-0.15807761846097368,0.3834003612962803,0.3259529519658709,0.00423419451237711,0.940606235099979,2
0.1893458177127168,0.4978978701252282,0.6408072416828243,0.5773088250438383,0.6877306877458413,0.6656324900951032,0.44839394048765113,1.0889692036302643,1.2909999656533677,1.1295956318760019,3
0.8341334715204001,0.48785528410234935,0.6514316554588369,0.08391929045529897,0.2512890989323063,-0.06664430741931904,0.48540271658183354,1.046982793809528,0.7917297393682802,0.980110002985896,1
0.1495158403196352,0.3902797988260143,0.005999228844068106,0.05713320967528353,0.47789131636558446,0.0795775438856241,0.13992350460950484,0.36202724985276324,0.9231067697709556,0.2679053406248811,2
0.31148319340739944,1.1216392788896847,0.5669123941298724,0.3516172465779741,0.61013989838775,0.48505088814945585,0.4860755339125239,0.6418088808923527,0.23622326554464124,0.44694746873694613,3
0.5992165556874697,0.8490983209981167,0.9802537652358965,0.337933891011252,0.4834989805503211,0.08219387383285323,0.19636056208916472,0.8021293446255064,0.999940630699466,0.7597568687416797,1
1.0071627168036532,0.638367916669599,0.6599698514604376,0.2154349647330363,0.4581809563704942,0.4632627248794436,0.37703982011905335,1.0110971582399921,0.7015026080968332,0.8823300533429916,3
0.8043922011444793,0.8944825050324109,-0.15055378060976898,0.4471192774796875,0.5077196190277621,0.7387746729031426,0.38404822321092036,0.0505461800406346,-0.22639335728979532,0.2762186294405817,0
0.5528734264736808,1.176128479973921,0.6398327976824274,0.7753682298695413,0.3817076381496657,0.3415175140010968,0.6749050252238349,0.1654261988147873,0.70754517022005,0.7191137628907758,1
0.16891422619401664,0.4574170312749877,1.0345281868436274,0.17660318024488558,0.29677687738803205,0.05198427323244167,0.9067047609119889,0.15926158463807233,0.87122825554205,0.18604504505002964,3
0.054122899024366775,0.957771855177717,0.6869063217393584,0.30113645440455566,0.9394591243219257,0.3868586740295133,0.6002895783112425,0.5844800486029655,0.6803273537049687,0.7194651240663875,1
0.45886914471567136,0.21881900241108812,0.2865978061749766,0.15587888224328622,0.3552940314927139,0.8631641700022699,0.9373508752271189,0.25046734892723393,0.4514459748502797,0.033374470317323754,3
1.0538609236652832,0.8544284990692366,0.6164987395697182,0.5401352576319676,0.3405715168604772,0.3463244198253773,0.15743355634399597,0.06335821994562583,0.516458182515666,0.8502670376395666,1
0.4143440630155771,0.7772453038118909,1.0411433906399958,0.7400362058273335,-0.13370862167964548,0.14657629406387424,0.9258875507966214,0.40239470307776765,0.492174946882949,0.6824939426249204,0
0.2546956213237671,0.30215103108685804,0.4059555656567353,-0.14302706861448924,0.5986196682401107,0.8609018817314587,0.7813132211597907,0.1929753879391723,0.5084242359127652,0.3961066645704288,3
0.435259862509784,0.34787530349397283,1.257630868538316,0.3859202100098048,0.3175892827780328,0.16776961739991197,1.2013604110441034,-0.09638394549689877,0.7425836688423295,-0.09842086829519836,3
0.33054995490312616,0.891026421755487,0.34782691234934415,0.7380697302652707,0.5118078104343184,1.1987228971632111,-0.044946116172530165,0.4857359594719016,0.003007089346636453,-0.038034372248186954,0
0.43844066527446807,0.5569979652673719,0.4871129103850963,0.35862470377822614,0.35334020613797473,0.4720079751904458,0.45970490045193596,0.8949192166987447,0.42683843328671434,0.628567369454835,3
0.022957939283836215,0.6657955292742137,0.9293712639294696,0.6594490939580142,0.6131991388912025,0.7491652959484878,0.3125038785039363,0.5688869424470978,0.2739602496371342,0.6228767280171653,1
0.4545472096236728,0.6537019009186955,0.47593370230219567,0.16004587002541248,0.0403177138700897,0.7126280713913345,0.10951005617715476,0.6511679420840093,0.8889196587366472,0.22298061097409633,3
0.3417704306484331,0.9939848935346727,0.6311052110628358,0.38017363551569405,0.7256601433173537,0.7117054081961314,0.721862192849773,0.6221625796427427,0.18505449245270303,0.2643635021748919,3
0.4442046876668324,0.4210270344849836,0.11636678145863812,0.5397143843453138,0.3116486284453518,0.08808887649288205,0.06431202370503489,0.779765260275558,0.08824218554434018,0.608560853312058,2
0.5060237510414783,0.2578534679321447,0.32069700438421334,0.25954729679596206,0.29838144494219787,0.8578649870606363,1.0703883325583938,0.2153844863851916,0.4058244283154738,0.12933701000817172,3
0.2987234269483909,0.33299313291350224,0.2665289936481343,-0.01286460784330435,0.784345849648924,0.9003615992530795,0.6282474911705294,0.016850157339417332,0.6245315983336772,0.37366813424598105,3
0.7646075366864644,0.8733546419522438,0.5371164406705202,0.2606615099428213,0.9632101481776816,0.9262515559997063,0.03339591326511902,0.5202784235438089,0.6757068787181946,0.40981383155750867,2
-0.11183813209942908,0.9012642478698161,0.8445005669183614,0.5646873624894746,1.1303405650013856,0.33514490901996974,0.7592097638704529,0.6371905545016374,0.48158085071580414,0.7416094843108293,1
0.093923996147104,0.34202869113403717,0.048205818985246014,0.10012468273828318,0.4699264706762296,0.117559278478383,0.1728982262505351,0.353127370554211,0.9127956751743171,0.2436531385729022,2
0.33704227028841505,0.8333993272282936,0.7088827289450653,0.514409309842416,0.7402623822679739,0.5681651503236088,0.6168022016086836,0.459985146639244,0.296285421459188,0.3949665051216996,3
0.4307803241841524,0.8411630145018424,0.9698823255201126,0.7014029027565309,0.6476673004287876,0.16808759550330693,0.7385927038217125,1.0239845722189989,0.44395228805310377,0.05199316197237969,2
0.06266856856589047,0.7684157268108117,0.8404098448625849,0.21720420325898906,0.9908353510843726,0.531546533417439,0.6865375229696825,0.45923689795569356,0.7127040676001488,0.5125858359958333,2
0.9757512063943774,0.6145648314433814,0.43608647080307306,0.221093633218912,0.011458796669473525,0.1963463759965915,0.44196044397028156,0.26069556124386783,0.1448173069464647,0.6762815938757928,1
0.8179372655972653,0.7763069036935123,0.1120521524728745,0.5971569356052617,0.23816967752155033,0.7855766127649639,0.19403155888859835,0.30731110785121246,-0.15203240395641968,0.07231372517798507,0
0.4843330247631079,0.7751677516382491,0.7854236141444235,0.8550527947065649,0.8418474559076211,0.43448088287293213,0.1480960915116562,0.9615837378889664,0.9866446453400254,0.8658766714265883,3
0.6122078590315201,0.2801606350679194,0.016283688751699832,0.13983831025407498,0.3573956699667686,0.9467728975622769,1.0599471519745645,0.29453401542206803,0.6133760048344825,-0.04644826351718821,3
0.9388692422762813,0.7816058070269446,0.528662832008081,0.44317622810273655,0.31910679320056273,0.25167086161900437,0.25686602106208395,0.14542037306640263,0.4222659502120153,0.9036193473105386,1
0.1291267704718469,0.5870936328743199,1.0360886326810517,0.685036349479531,0.6595560508785664,0.7135415854861097,0.43993736427989205,0.45370503284360775,0.33157334742265304,0.6436382613824562,1
0.2655720553538814,0.9645647709365075,0.644996362052046,0.44865779596262545,0.7481589963887952,0.60347244706279,0.6478474659881409,0.5166689586350977,0.1920634606475327,0.3139356433545022,3
0.8941615375956526,0.2554313892737374,0.32751584933831096,0.6169760218968527,0.22328895014354652,0.47973897813294386,0.16091913333397148,0.48797586253422137,0.4846552197450803,0.6643312317864787,3
0.3951678838558304,0.5764306513908425,0.2686672503460256,0.5021033146188743,0.5346007802088812,0.5958488049950238,0.9242548693744472,0.8037086775927871,0.41187003757309326,0.24843399304208336,3
0.40979046577338046,0.4405732442114653,-0.03541157995481062,0.5251290070085256,0.23023062913568984,0.05589493296157517,0.027281787614652435,0.8191089378661659,0.18567766211048523,0.5755709318231796,2
0.22523698418754756,0.473313395719345,0.9808294989544696,0.21390866449137438,0.1872438972374379,0.04698407687409349,0.9703968621647439,0.24702565006458976,0.9623881146250133,0.22497637785710464,3
0.4133873238657819,0.1326795301916557,0.4086402010695829,0.20889919052582748,0.4635354500173946,0.7288130220458418,0.833932528915947,0.100051076568446,0.5243635550238875,0.06200150796306361,3
0.06215651180145731,0.783818179644468,0.8485803114954688,0.21295214628221718,0.9925947797571606,0.5239652874016986,0.6870160341981404,0.46992238257981594,0.7240269161340843,0.5025559504698013,2
0.22129365510067797,0.3928543419299016,0.6098273096202709,0.2778308023399958,0.565659577314275,0.9843268547509365,0.4107781640971535,0.9622194492040668,0.28514840747787495,0.7906380996153568,1
-0.02018301045944826,1.0918247407285113,0.7737062497172454,0.1341489595709854,1.0793378885717233,0.4959537344652374,0.512835849735942,0.48785629705637545,0.6182168254300686,0.5888881693845958,1
0.9420700478260706,0.5010794704357965,-0.016164992139589496,0.9761665316076461,0.07567449742381863,0.12437783978594587,-0.018940149924789672,0.856252595759711,0.8111759503733922,0.04484557854954265,3
0.4395763401827535,0.670135595160707,0.12079948704072041,-0.1235643190504167,1.0224886455520716,-0.03402443307413894,0.5138598609777818,1.0441533039541455,-0.14645471187610387,0.7838911989921776,2
1.51890177347441,0.8648890619517348,0.6277423441209917,1.4535798971161635,0.4408903943240901,0.12520712854222638,0.37404908185280883,0.41154618678440547,0.23767847033286418,0.08189262461580647,2
0.7471485161659042,0.6519385189276223,0.7100801784271998,1.0689077479825746,1.0755553246807037,0.32222542347056454,-0.08844353347486189,0.7395925113131048,0.9405258856979561,0.9451262788140093,3
0.4268951089383014,0.5558206283869891,0.39022488493879937,0.14757799674653382,0.03728828657636116,0.6607339502139596,0.03673678645132772,0.6415055257279205,0.9213437770328395,0.16427642406361626,3
0.4543136985203754,0.7911244840715027,0.155776010418929,0.3930564186623761,0.06214455098859055,0.9038245439637913,0.5264782913381901,0.45048935381877686,0.19396891156948154,0.9270724003546841,1
0.8613176262370414,0.43216458977795674,0.06058967093861734,0.9454084075173562,0.07093714605223231,0.11481066965223297,-0.03283836037935701,0.8797300808422671,0.766558808536727,-0.059829453171550126,3
0.24718529208314682,0.22174493742731505,0.6708182286478058,0.5806384434079348,0.32994885623256376,0.658556043356674,0.28673799633776414,0.8033025089674325,0.3799572118458449,0.9031523515453728,2
0.10996019404021579,0.9789014344677838,0.05878073075218827,0.9055293197639427,-0.2129227261219938,0.9881931437870901,-0.5193549186048051,0.09145236195833675,0.26439440305461426,0.19125507377546314,0
0.345210359080013,0.11592952408696161,0.5720872059488028,0.49999018152183816,0.9159456971221175,0.08056408261282239,0.9541852047556074,0.5779983497405257,0.3025474686617827,0.9128451500437827,1
0.2871656169478939,0.9492837543045083,0.6690146655416409,0.46097556566585535,0.7842938107872506,0.6498511615480117,0.634544480660376,0.5199591562183983,0.17649973145443407,0.35388746560009526,3
0.5104542403887036,0.9243703800148623,1.0125415384390901,1.253400244515917,1.2794663399397472,0.5334930007661179,-0.0376368560525005,0.4410371692963082,1.269066915962294,0.949764933314069,3
0.5940063838989228,0.964430406188208,0.26051067684134505,0.5645362387703734,0.9776212782474362,0.49424135454194323,0.9501788593708167,0.09294210949246012,0.8349424247990455,0.7834847375226671,1
0.864876596345546,0.508231477969259,0.003612728831238898,1.0634754408301679,0.11627084260369497,0.11391832573417922,0.023555187538888037,0.9524479433573048,0.8309888634393631,0.06282391360619036,3
0.9070446138978029,0.4415450745084285,-0.008905068483360177,0.9897190736102014,0.048403992769437396,0.12106257282888236,-0.01626305396208068,0.8671790745760509,0.7955097048985582,0.06232531350187144,3
1.0448175480906747,0.37353269249768906,0.19652545725529977,0.8235953148186042,0.058548297401945865,0.27832972820978663,-0.12126925632404437,1.0036483618576688,0.6609652212206844,0.20982073629463158,3
1.0738906888577062,0.6682141645769153,0.12539803076611497,0.8624168549436709,0.7304962412521698,0.7523872097794441,0.2789665026425465,0.8482399904488673,-0.030841045390383112,-0.014335882603672676,2
-0.07677082024817183,0.086353872547855,0.40208423459411846,1.0301892497044007,0.6500707280595702,0.41439432635483525,0.6661866020083546,0.28647709027484486,0.1499809692768807,-0.029186270107877887,3
0.9419949975331404,-0.2289250692217934,0.43781452780254165,-0.7654855592391349,1.8205347848580837,0.8480442899439875,1.2361535993478538,1.4368461134110104,0.155777274168245,1.4962847140074187,3
0.22886654223958983,0.30737872045049147,0.3183043930371251,0.8449105541433677,0.39789997915104924,0.09494056947662585,-0.03270991965884658,0.5355947024882121,0.27990545221715946,0.7897629527618998,2
0.5369407493309039,0.8161790235982673,0.7656884662893448,0.9077900320632545,0.8018894844984732,0.43785511340017913,0.20841783608827563,0.9709798166514596,1.009070029242132,0.7854173991219761,3
0.6349375834696762,0.9043612294970678,0.6495300313424042,0.3356966158956037,0.9239258369506191,1.0983410716408044,0.33864403177251845,0.6419854294916255,0.6036929223403894,0.5005351313216454,2
0.7262379896946577,-0.69962179487303,1.0795360405555225,-0.16677372560565984,0.8108056905554268,-0.12202333357714834,-0.5205059870999507,1.8596033172583426,1.251612697526871,1.447902231627382,2
0.146704684178651,0.8564178808738635,0.5977469175745159,0.2803358491076521,0.9267794776082613,0.4445426540921651,0.5396813099607881,0.5522627868732509,0.703325049541508,0.694719517628906,1
-0.24537783698843896,1.1783707593279389,1.1555161762527244,1.7600268880268581,0.6778149077544325,1.2940752781622775,2.1230470965046506,0.8865043051956903,1.130297930476521,-0.11354996646452564,1
0.17043392903141807,0.6276654633002654,0.9041390156333309,0.6527611397364552,0.7791291796676757,0.5767089034635728,0.430052357086891,0.49624442206859976,0.3453650862030449,0.4462431392619948,1
0.7452586452303586,0.7587304886738091,0.7583054974302675,0.3427238167247705,0.7992696891234283,0.9703189921764863,0.021740293219110834,0.49090668066803006,0.6572147744625153,0.31698451620908374,2
0.3284281324843758,0.9611564220738561,0.7288365462746268,0.5302813864636008,0.8192446564872233,0.6005430876184292,0.5611858493270322,0.5272100536822482,0.18238849255698797,0.42467225330188557,3
0.4579722323411864,0.21928897001754016,0.2817563898402115,0.15202967417897928,0.3525463569540108,0.8620272700770518,0.9395871995728273,0.25271165604163337,0.4546296702014807,0.033132474389849474,3
0.6391664790892632,0.992852697993627,0.24243026552278513,0.6330629556914706,1.0520375366571426,0.5132021093643784,0.9501787606681096,0.1072834695584789,0.8574266995294201,0.7673684995286633,1
-0.1020270640974354,0.7234596006864177,1.002378414553027,0.7131780661446594,0.4603794110778557,0.912700431661411,0.3568054720605457,0.4343293162813981,0.051370888756207156,0.6228589813666242,3
0.49604513746712553,0.6728064927313353,0.7453668285000824,0.8858835972102229,0.7197797546042621,0.3612518774780016,0.04113094492804878,0.9021524430396989,1.0995935957606036,0.7083791133842257,3
0.10510725562025086,0.199037425624497,0.7267359689246873,0.28329739079943295,0.11111159032635197,0.4117263701734212,0.7518130964635205,0.5270042184076489,-0.020707492800697766,0.4062789305138907,3
0.7017061935015428,0.4660347330155783,0.4052704171471265,0.2166510994780846,0.6148221742929514,0.5679796057909935,0.8312103082027351,0.5737728655792684,-0.12379851721989138,0.42684060542039415,3
-0.06832208926691045,0.9822911852792557,0.7830193289121483,1.152848988616444,0.5445826226052506,0.45916437785037323,1.1328459605667358,0.2758334687919587,0.40852924169405375,-0.3802524456451447,0
0.2828333052720423,0.9373737941785604,0.6737026560788357,0.48078507705777085,0.7611634624556494,0.6118495501875304,0.5947682090297414,0.5186793290961614,0.1533164395372395,0.340540721670776,3
1.0040068845792458,0.6730849424607364,0.6125684407888247,0.41736809716893,0.3425093942608426,0.28818035568897954,0.24504749658992694,0.19318151808791734,0.4359839017057686,0.7938706209125099,1
0.06102315002651392,0.7689228877122962,0.8503645746048655,0.2170512923615431,0.9908609859021692,0.5360756971659197,0.6889211760157,0.4615382313992622,0.7135768781811251,0.5122338008095476,2
0.5387982805067111,0.884669787666792,0.41426358860134693,0.9940147741458996,0.06230054285884998,0.2857501197128439,0.5715060521012199,0.08526380965048647,0.03697062672503856,0.3772540813297397,1
0.9896648812831211,0.5642752053892188,0.6002327459020481,0.10346489919660326,0.3301218328378282,0.36960935154135505,0.3905425410630398,1.108574246446818,0.6338288802727343,0.9222180730654554,3
1.0411036129491924,0.8379391845139087,1.4110142690932408,-0.4857056048082724,0.5192820442661928,-0.4084456736504158,0.42590562320979386,0.937098649204254,0.616160036956279,0.5906664489340345,1
0.04862206610343495,0.46671272454261176,0.6865429460443575,0.06188168871577984,0.4505195367334637,1.164305054862823,0.628517888094603,0.100998723509126,0.42053634789461375,0.4006758228616197,3
0.21932806746491437,0.324548640352721,0.3178621979202757,-0.017591423260774675,0.7146607109755281,0.9086451329776817,0.6986557148490776,0.018666649217454,0.6367148348407653,0.3959015560204653,3
0.5810181196951633,0.4247843123182751,0.6260378917323819,0.5936751691801059,0.27163781811864435,0.9090734833580348,0.8580718884699922,0.05831862843190236,0.017925827529526095,0.5281782110851491,2
0.1012951868481324,0.8546668410687477,0.7599719601721209,0.8008933736018287,-0.022126481927961933,0.0544627936655932,0.7767961495754749,0.7487462648942368,0.7761887217210733,0.1995477751078271,0
-0.021396366296741673,0.9093654553311675,0.7562853244892103,0.24633997549101205,0.8678680946416734,0.3495360657871007,0.6831598187546482,0.6283249360441956,0.6764140914435482,0.6902358812358829,1
0.07690552712683335,0.7218227810105541,0.8746395386421891,0.712677233080337,0.5921007618272082,0.7327606563661493,0.3237483009398104,0.46353313788970124,0.3246520166435484,0.3831403897986803,1
0.1316818961772803,0.42547685251700873,0.10459487340845097,0.08694005475516553,0.4878946490331019,0.1642719401533512,0.14311911163464222,0.39816455572835213,0.9647647373615019,0.2705097444902739,2
0.3299584470353015,0.9201407353601689,0.8771620657341959,0.6013588260923668,0.7834956645623021,0.20595669553184498,0.8459244154421435,0.9093761774250411,0.5462804756489519,0.09947903304445345,2
0.4199507148083103,0.5619243529206444,0.3818519855751574,0.12617543509057988,0.02864413968462624,0.623060115837186,0.020448262935290028,0.619916965249589,0.8993886962461943,0.16648545071296733,3
0.571999252646052,1.0165854034861057,0.7967176746910714,1.2061136256645812,0.6695693429281663,1.3249934918173267,1.1202374296987578,1.1875454312886804,0.8162520884990374,0.8660424845393098,1
0.1253042128137603,0.8429614542808748,0.8797294943857406,0.7145290425454718,0.6401704641341773,0.4821105378259071,0.8544692333886967,0.4542486051175843,0.4688859143887221,1.0116650041061175,1
0.30502147797911294,0.3981904812750469,0.4915584638802367,0.1705454668882341,0.7656902468390376,0.9982087452101018,0.7861338926793163,0.0842785157178998,0.36540971368697284,0.6562793327947332,3
0.06405493010989595,0.7824709190090673,0.8408142446947345,0.2282851002041851,0.9974428359491783,0.5408207884589278,0.6841571966314414,0.4477128386903082,0.7215232087671848,0.5131870863311797,2
0.751967044401084,0.7150986557740794,0.4495731259793479,0.3108761518709636,0.420733014539334,0.2239034497714861,0.0428322246618307,0.05919021829910322,0.3148974545858595,1.0527041425365327,1
1.0112749142156048,0.6180662943610375,0.18381737600501333,0.956751569351922,0.6081135340479029,0.6571046926492411,0.5110480730997602,0.9680064496476486,0.011752638247426188,0.03754386021661886,2
0.25306346312926303,0.9619670348840761,0.682056080467213,0.4862789736172764,0.7664833580554762,0.6447059228448208,0.6297121346383381,0.493186070510931,0.17102885103227927,0.33398080853400386,3
0.7379494075117933,0.33772464446786726,0.13624683381560135,0.8072652429260001,-0.035425508851693766,0.4323705950749781,0.37095298262928006,0.16714902466941756,-0.023139351096821553,0.0044277172127175635,0
0.3893297910796093,0.2924033413649867,0.321747882888246,0.13180154321233634,0.39152071691181944,0.7904990821262029,0.8621709901583553,0.1489561807875488,0.441325375251037,0.13088990875126996,3
0.3898171379639812,0.8502778461842637,0.48364098779982945,0.8171883045411745,0.02169345723467614,0.26755461828208027,0.600843229821042,0.24257763532653004,0.13860444592987411,0.19930273666876153,1
-0.01139555317347539,0.9670986246391841,0.768384480432424,0.32837095970558666,0.8734963765753835,0.4269627040762752,0.4777655431363576,0.7043750040562262,0.6931108529501367,0.8463608687200496,1
0.45404481281418885,0.48705012783218005,0.6682509867668048,0.4974041020500786,0.9302507792072703,1.0869668415557328,1.1205832203412733,0.0062545903658364765,0.5225065115614718,0.5205645002789263,3
0.5070910120678898,0.8293335806962588,0.6704459926189019,0.780760119704896,0.7443418252812015,0.4886137245775646,0.32345221889727316,1.0431817401569439,0.8157116473852526,0.7070509151334748,3
0.13653175254096162,0.3837411206157303,-0.010509553483547103,0.08287999390685058,0.49022423232579887,0.10781276110629792,0.14919887181145,0.37169295776452643,0.9071922935853853,0.2218242257164759,2
0.37187277770467114,1.036131818381437,0.6005873423332109,0.0020327560363582187,-0.5595197226767018,1.1403890130918546,0.3924389650674005,1.1452226138276644,0.9253910581426067,0.8169377664239921,0
0.03788255342444759,0.42616741977269135,0.593103772688801,0.2789026686420542,0.33890138847008466,1.04210205155702,0.048005851396780874,0.4525025279758005,0.11614250838805831,0.23358769759686038,1
0.2792879935765096,0.9601713736904166,0.665646367051524,0.4677579172824231,0.781891200901573,0.6390586157321554,0.6186675228346872,0.5169434432251291,0.17314367198909209,0.3442795741520573,3
0.2310645433866042,0.6617888730830508,0.8930395667477401,0.5934530439492817,0.9803924249394309,0.28824034509009205,-0.07018982579749719,1.0965307205371864,1.0378184824709824,0.6159259703954856,3
0.33599344101020945,0.5342536813754537,0.961416953752311,0.7736186517111926,0.6894319079661098,0.529439695172207,0.5130046464206913,0.18024285865696976,0.49716027682598296,0.431065156443403,1
0.2786383022066592,0.9892933552581249,0.9545067361916675,0.6426329495823898,0.7503459831942368,0.16066935115932954,0.8272988276548532,0.8728271143130644,0.5313460354168049,0.09581497379787217,2
0.39974474347523525,0.5806967485283075,0.3918557386529921,0.14951778557061,0.07380337691224544,0.6426762692425378,0.05815679611717123,0.6292495111632257,0.9060489306037384,0.14665159820306137,3
1.2223475474522272,0.5840415678829693,0.3984470463860913,1.1137131714421222,0.47643143377138664,0.9700480169390693,0.7407266630552745,1.242347742967602,-0.1031645891780087,-0.23710659915759763,2
1.0418570964401297,0.4993986749405555,0.029111568061550318,0.9509223761700689,0.12970014938773328,0.1809035345192014,0.036028472362579014,0.8007401256919885,0.6639596367278887,-0.015569501193752895,3
0.4721349366388641,0.9598494458900956,0.7485871695854598,0.6749973164797887,0.41209782870363965,0.12165070484698373,0.9599308716563058,0.06776609769209732,0.5441594509415085,0.7550136397315544,1
-0.29695993462517206,0.666298774110099,-0.14725852758607616,-0.09370534911433037,1.0040131831689703,0.49981683999482013,0.33805359258527923,0.2029324939488817,0.5650273263483834,1.161960821891811,0
0.9911110116247923,0.5444333233682145,0.1683826626198678,0.8247371447446175,0.7056768020130733,0.8922397616294715,0.37541506594757024,1.1344174224877785,-0.06663241608120507,0.09455538034671022,2
0.5079717550305376,0.11634320014196384,0.5333234285309914,0.23162360168476404,0.33702635230127603,0.5570829897513796,0.29589337127836074,0.7576666125818516,0.3190287581582297,0.5958493330229202,2
0.5080061815826025,0.17633762227784605,0.3682428880133832,0.22972532394003378,0.4462022306414901,0.8652276538018319,0.9198497512872826,0.3206522096057387,0.43782480876784163,0.04090409121558571,3
1.2886091226677163,0.7443818801450397,0.49283634153714384,1.2298116559802184,0.7354530640431778,0.9938864684154703,0.6109569021415521,0.6870489443125809,0.15804606766766896,0.01665580671955119,2
0.1383187143446687,0.9256278263987707,0.5815990580709716,0.4910968666566294,0.9679685713489578,0.39390683398040477,0.4716615536167901,0.6417378342926694,0.7643804777564543,0.561506483603666,1
0.8768137538029814,0.46128206496945456,0.4919754216552112,0.6967420453684023,-0.08749956164357711,0.5635302406236374,0.24578404890852723,0.3299073637136145,0.5338539320252655,0.19233984327782155,3
-0.015555637020264329,0.6050805882096606,1.0260392905845963,0.5599971197578166,0.6069702872116605,0.5513000200971081,0.4627657485092548,0.5583765017127376,0.4529885159311712,0.5090532181454842,1
0.34784447273042296,0.5116348512302586,0.33655407406618115,0.5293680474324517,0.486900279162746,0.9289602230153461,0.010318546961222773,0.4242189738801188,0.3989521255384513,0.07569170000070957,0
0.09731873617981254,0.28305028922697945,0.35650097592395086,0.7801251033357834,0.29940605137110277,0.9009559086500041,-0.014174527981084498,0.3620522803007264,0.3130624695366082,-0.05225955492867057,0
1.0010995063257575,0.6549036723880689,0.31067885068951945,0.7989547074623562,0.7566754313685647,0.722757229464683,0.5397971012555823,1.10298257279254,0.09805640261011209,-0.013912790438040973,2
0.496513571041221,0.45573962164609844,0.7943546345097805,0.3657486390790153,0.7850486504820073,-0.0006886804484166065,0.9565844723564216,0.5909173930826338,0.611662931934783,0.1290120184953642,3
0.5384219998853886,0.29012152747787545,0.18054194674051882,0.15543338613845228,0.3011703028764161,0.9343484070705947,1.0190165562702365,0.26987660831786575,0.35799582459200285,0.0683556131527972,3
-0.06217899131244317,0.48957673545711544,0.2579248193093607,0.17358661366941028,0.4592556147404898,0.9076983011569734,0.013653504571575326,0.5372871349286347,0.48904663245476987,0.479380308624081,1
0.43563257999436705,0.3846075617379486,0.5458118538674782,0.18307693668204797,0.5903980451119034,0.6824818073458774,0.8646036944978526,0.26726505443652726,0.3879000413832988,0.48492495849345535,2
0.764479377956113,0.6334814286103251,0.8116413360890106,0.05383112102669103,0.1376295626806881,0.11311518297525787,0.28982894078610766,0.898487973515043,0.8813235994607886,0.8661706003924481,1
0.4592784552522367,0.20564052410658212,0.2891037068469771,0.16707250469416238,0.33937682958428284,0.8633151976380986,0.9442090933698694,0.24579398971703353,0.4474642177042473,0.037198207943674955,3
0.5620457820146377,1.0235512869555894,0.42008655684540686,0.7112161092068428,0.2756245786398943,0.29050802155359967,0.6831862579593609,0.4498567979431693,-0.08111165599653544,0.001856943866240357,1
0.48255773580629835,0.7275237356884053,0.4011884754739209,0.8482418231222267,0.06912608805660084,0.14038735123669388,0.67472462496339,0.23808284952454947,0.21062194955103683,0.1332424238007051,1
0.49154508041520595,0.31852182394515033,0.27569078096276795,0.2417495462586004,0.3437837838064086,0.8910882029577113,1.017162389867726,0.29916880849781985,0.4243785483993935,-0.022311930087348476,3
0.9663741014974586,0.7962356855285445,0.5370832001886497,0.4887212249226796,0.2150294872469823,0.26106645341879275,0.36584228963324217,0.14733589728549282,0.4385904620067451,0.8268071924578622,1
0.2242732402351124,0.40518929913589224,0.1552738274196695,1.2141873242862458,1.197060930830637,0.4410577521097474,0.6747254908560165,0.2904429940132376,0.2287364297583444,-0.03256972693176713,3
0.4527783199057007,0.13649865024289887,0.526546568686388,0.32703220510901243,0.38480160046071393,0.39739932111247794,0.36450653461444327,0.8287789323435916,0.21395628717662002,0.6820358742149237,2
0.12434925612364728,0.12733829461556012,0.38778974061554317,0.7256149256487341,0.10117291967306537,0.41069906787651234,0.5389576001237766,0.8728596592572175,0.41723151026416433,0.436707611456297,0
0.07803150216847937,0.6814229481575002,0.8751545929596596,0.7218230444199735,0.6502872728727739,0.6643796165027676,0.49355067278018244,0.36798043168947164,0.38554996924619583,0.5764052045756433,1
0.17139404769817343,0.3298244024251475,0.05351176357313346,0.038458227751748716,0.43649791173834535,0.059123617150321064,0.17947158139525418,0.3866273505451136,0.9226685402812952,0.28905720339707625,2
0.1417349930639746,0.935537541199712,1.0750089171285002,0.8009704229744232,0.10329278569546459,0.1379342391892358,0.8047933160499012,0.42548430624963834,0.4892601148273374,0.04476815687909624,0
0.5937438686033828,-0.1008721150359688,0.5002289977312268,0.5929600184699513,0.641182198696987,0.30303631228483224,0.5908965848290099,0.8390783362065896,0.6525100209486585,0.7110686098527039,2
0.9450580485537539,0.630948161883079,0.8129127032287496,1.455539839310628,0.7911955075655009,0.6915863005744376,0.25581119469996144,1.595837300597525,1.0506355996411656,0.3036555421916177,3
0.9380293513709023,0.4789880416378546,0.016520455605911408,0.9941154941793535,0.04562343638169316,0.1363973838693841,0.018285186159712443,0.8848340847500386,0.7886339357328707,0.04186957038356593,3
0.3069922916016618,0.4345140728974859,0.4710989378565383,0.2705830079221023,0.5849444856739379,0.7082408771152165,0.8056634186296431,0.22069507143146944,0.4053744797999984,0.5039818590616929,2
0.05771086136027561,0.7750970055213459,0.8434190667373073,0.2196281938528629,0.983863385577834,0.5318282952042237,0.6850260147461935,0.45796697232239175,0.7144088999365195,0.5025474647997076,2
0.46266137694758275,0.06486057929287445,0.28509105279884567,0.3025143172666131,0.38923869061019745,0.7205976671768897,0.789830448587933,0.31841427258984656,0.5580520841784979,-0.006638103273424109,3
-0.006284171697985903,0.96999119534133,0.5808748200070617,0.2716089896895793,0.9679992139572827,0.352438295302914,0.6183538759757466,0.6377556237514231,0.7863453329373119,0.6926952459545485,1
-0.08186224036418285,0.27936540433382345,0.22701147790667517,0.14473684512822926,0.27787800289614495,0.8067654308116141,0.44811359034827947,0.28412836812771775,0.44658997339954404,0.35583662362284374,1
0.5642775534958745,0.09887126347271999,0.4662986712306922,0.24710158879768107,0.43710149838711565,0.433607186734936,0.3029947696252923,0.8021873019096419,0.28021462659919066,0.5560912268283349,2
0.7581215558694332,0.6684230062754912,0.6191917625087786,0.4471167051544863,0.44838886888971086,0.0933429652723021,0.3494992368822071,0.23914416392764176,0.5029149188080235,0.9676739256106546,1
0.5173102310653208,0.4595886402752818,0.2132493949150715,0.6112556794510611,0.3066924835506605,0.059740656671538384,0.04625747087085562,0.6826320818829814,-0.02378791637067089,0.6003496270050813,2
0.9808818987172887,0.4229152170138194,-0.019432349423103866,0.904505851039066,0.20827149647616636,0.0281574530571439,-0.029859539849161565,0.7037621534794526,0.6722722372298955,-0.07894928296081018,3
0.41765397366050844,0.8222739106487831,0.5002048678744111,0.7909378994418311,0.004115073336652809,0.29302733672006465,0.5783304314951468,0.23747165162206893,0.15871273449812992,0.21616537974961464,1
0.34683554526233007,0.6576062341676819,0.4807953531413518,0.13983316463859694,0.043403653831847196,0.5965303038481963,0.10176171345314504,0.6768343282688561,0.988353199669806,0.19933622704084084,3
0.3806343792850221,0.4916102376369832,0.1641872539197444,0.25465770114020686,0.6446244267550686,0.22607791830369497,0.10204574590046156,0.5585913810944743,0.99800059427057,0.09661147499427836,2
0.7524138005043869,0.367280839790012,0.5654997692081242,0.7885984939458951,0.6192741770039254,0.9711126211718126,0.6400014895682665,0.2610604884408652,0.23840244165142832,0.5360874298726808,2
0.2597604516650964,0.04161076582699638,0.01933428248495872,-0.1597523042530402,0.42845245886203037,0.5026101116959074,1.1676243108781148,0.18616117346774508,0.6188965657973513,0.2959569379996109,3
0.6053187897596395,0.6673263814842021,0.4114896457856276,0.45572357521176654,0.03801017399394998,0.49142099552654395,0.1032260155922014,0.6265609726707654,0.6630895651728534,0.5707766624692181,3
0.6021906537693629,0.9628524227440926,0.3022818298481923,0.5640770327947623,0.9799204836878653,0.49951490721142755,0.9645007977084483,0.12836039232718072,0.8819228886729596,0.8215747324443584,1
0.5503904699564085,0.7887743062036244,0.6876763684716128,0.9142404442577884,0.8645804687019405,0.4133551175246932,0.11100673450135175,0.9928879294376994,1.0454506074697811,0.8228588162930097,3
0.16712841510864795,0.42281283499856503,0.6939635081349431,0.9061433390624919,0.8629672193006644,0.0862346873278509,0.7639804927635006,0.9481604465380887,0.6651481193841439,0.8303076860920443,1
0.12865311974623672,0.6451953247568639,0.9474678729600434,0.5804010576959192,0.7422843027131014,0.6034802776908451,0.4059722762344736,0.4585612487903959,0.33006585493463114,0.4632193700914602,1
0.3732807193264337,0.10282849118766144,0.5817945299728686,0.13085618299484242,0.13061357183565572,0.6827495029210322,0.2828060075614271,0.2742431156551934,0.8916437646963166,0.230359839815682,3
0.3885981894213578,0.8533658853150264,0.4775093579641109,0.8026021283407471,0.007124516003388244,0.2628598627617721,0.5980877614139813,0.2604177731290562,0.1550865684230109,0.21519274436809976,1
0.867290437789268,0.3597293932890031,0.5099556325357825,0.7978170148544609,0.6131651186047484,0.9436783771889841,0.7167050809746016,0.3165319025075653,0.12711826905379692,0.5930042518665923,2
0.6620506514755535,0.19206138489708424,0.5714917758273108,0.26360956676958647,0.4152970960977332,0.5812372651303476,0.4918368411740146,0.7356286605640554,0.42166162252918804,0.44457592686828107,2
0.5277079979367338,0.1294094342679704,0.5150570457057845,0.30654984279225655,0.44662761520184147,0.4423253181835294,0.3587358646756807,0.8280500389256078,0.3140509431128779,0.6457926352216732,2
0.9724842791958889,0.7040201729959906,0.6494575243333088,0.22038335098253142,0.40128119765202386,0.48003414030506025,0.4298821749805984,0.9661320350561071,0.6585543800285069,0.8238512576376742,3
0.3462331547969007,1.0538958790307318,1.1608125711669635,0.9839044623805915,-0.018227029584592047,0.5704314885501005,1.2000561327270751,0.7279634265677581,0.3446723712962795,-0.21829838530340429,0
0.2001141213607271,0.805127280750223,0.8196925787409383,0.25225071334586247,0.7806236978185686,0.2619728057084114,0.7280538834772186,0.5465089446615254,0.5981001134311332,0.8677002937221543,1
0.3610035567012434,0.8666654511963936,0.4788527873657072,0.8019518757654925,0.010030363014799117,0.2420039845403533,0.6159045335228833,0.29538375861978167,0.1593549877965681,0.18317993197682442,1
0.4101887221230664,0.13594905631519585,0.3544276134343488,0.44663064740991054,0.49015488107821453,0.5234244782013966,0.43348848928222244,0.7718401006416137,0.17817174184719897,0.5172397968351459,2
0.460842938272498,0.2123990532770175,0.2728041737629804,0.15052757010944598,0.35474408289477566,0.8733623108398162,0.9411661510677128,0.26393549742282074,0.44910762322600206,0.03493194217464003,3
0.5250143612181734,0.040265689678031374,0.3924674396153773,0.0716164142404247,1.1166609697789331,0.4683499526065012,0.40372456056984546,1.1240466642167481,-0.06777904979027674,0.7861654924689115,3
0.3836517230911483,0.40967350552202625,0.018760390186000633,0.32956193559090374,0.47529038578891675,1.0029450966975526,-0.10072656996758503,0.38681250114139787,-0.43612183410599126,0.7309477536232798,0
0.17305640607608588,0.871722509917458,0.6888727492690188,0.30690476111411336,0.9330991233609403,0.6829609238869722,0.7126255486521478,0.42201160574142527,0.24379307597321345,0.2758095024505509,3
0.4087669748762607,-0.08257719192899352,0.5169117497324853,0.5167056299504539,0.6981873401506506,0.682653149514087,0.20846494917916825,1.0535476017025611,0.26319280096165704,0.4401298185979454,2
0.30911216381926737,1.1251867748519717,0.7623746364983244,0.6309228106186047,0.5482291735196261,0.11184112151023809,0.8244829294718619,0.2017926036447254,0.4317341763482052,0.8094297919074345,1
0.4719342236101116,0.5844580033952395,0.8600926958121262,-0.0847906950417876,0.6636237355882956,0.08563139704089913,-0.043689745824465165,0.5898385937833643,-0.3074161507515148,0.6111512246385271,3
0.4226956272523983,0.5621381654072964,0.3965089064287987,0.14614860627456383,0.04595201967369963,0.6477254285623868,0.03181403106455585,0.6304579999189601,0.9310227867737607,0.1606319678897359,3
0.13335082834790865,0.09995767440815538,0.3856861821122198,0.722269211121066,0.08948470928158861,0.38900171717481075,0.5306646139834906,0.8447673196772124,0.41879183521329233,0.44999117287200147,0
0.13035711368115208,0.09046428747640169,0.3888191915634859,0.713863020219351,0.079536879636039,0.3800019794357169,0.5306046921405712,0.8562377656483459,0.4169797453309688,0.44291476749085634,0
0.41432669263133703,0.9221993938221664,0.38712290207359906,0.9797696822043132,0.1592892202409186,1.0271174296042351,-0.08728966275323838,0.1136778257705035,0.014258501761203378,0.4192381549804213,0
0.7234185620773614,0.6771840276808968,0.3848240919496354,0.6468567854138322,0.6712428573910714,1.0108013926988857,-0.03420127396770617,0.2724217258914285,0.6442168361252621,0.22710822820274698,0
0.2517132963569793,0.4320652676476084,0.25295297668610817,0.5622410220582108,0.5858021331058708,0.9567998508920843,-0.013349846194637617,0.38908133588259075,0.38061568147128605,-0.011827853119826828,0
0.18333169049287368,0.6303687797830494,0.9652256201223249,-0.06529765027061585,0.5782856420682256,0.977112909479726,0.29522245849423157,1.2189626222063759,0.637441260530299,0.6442566793867399,1
0.4946105496245925,0.03411112631425689,0.4175238581904165,0.0442763990140433,0.40436261268606233,0.9948905657811004,0.4492516526717928,-0.29566350707057465,0.677438400568238,0.5085956529256171,3
0.7289451299350966,1.020656853180213,0.8600942375809761,-0.3870419212680436,0.4604709367959803,0.5527120095539473,0.11049673555481787,1.1833811461949053,0.14562089104281517,0.8418292817870907,3
0.7062296370481159,0.4302640803331625,0.5984503077838956,0.7516069209355744,0.5571291504525103,0.9280827720400137,0.6356611448522758,0.3127588508010473,0.18111381407195182,0.4768015273118379,2
0.44429940804069157,0.2501652588380118,0.2540637958944245,0.14255413906327213,0.3815754899735915,0.8826424166597713,0.9430912221578601,0.2769537535452071,0.42058885827614945,0.01136696047118706,3
0.43783053078988626,0.21072047636760183,0.2992340869576284,0.18543594454767875,0.32468057932137195,0.8632265075111234,0.9606683067439286,0.2668757194203496,0.4698192387698337,0.06571257443837612,3
0.24775762357004705,0.48571668222815184,0.9776826415443459,0.1932559306895424,0.22374154325278442,0.06842170074779083,0.9535093505228309,0.24431062243458446,1.0058672163766156,0.2197260517955128,3
0.5353178371165512,0.9505155492385645,0.3877282021383332,0.8115371030952465,0.0769438034510033,0.18424112271406565,0.6519730798511346,0.18387914660089708,0.07049772865401512,0.28396185033561794,1
0.30678562392084624,0.45159764807083747,0.3149674063774284,-0.005071694522914793,0.7299728552993714,0.7929987599308864,0.7920698244938907,0.1322020959621802,0.5732594220331864,0.290980862116623,3
1.1397146319583933,0.27633753338075917,0.8192759826309804,0.6971055361235436,0.9096231800034035,0.7666487569972861,-0.4035660039819332,0.630671528567741,0.7332814956317524,0.203456054481337,2
0.6113344741750799,0.8115636626580078,0.24407397211798088,0.7281661578452175,0.1834295630786383,0.9794911247372606,0.14524070395873917,0.45769786573079296,0.1772564737620025,0.26109658493445936,0
0.3723449264052399,0.3831719087538795,0.2952104132373656,0.012710350481739744,0.5372970311111357,0.9636161846682536,0.4910783703228413,0.14025740999917286,0.7388059021860118,0.28811024232259264,3
0.8469897606014554,0.5020805887901688,0.08227505630706561,1.098196261920487,-0.06725557095935797,0.0461741721473406,0.12016814713074542,0.7902653247191261,0.8533687563065164,0.10904638424315899,3
0.8101107053433867,0.39219720280786935,0.7682888086992811,0.4243300059687242,0.8451374218629085,0.006935826509352899,0.5570607377875152,0.40883979980185103,0.09041508368004879,0.20218391619413534,2
0.3577526548906744,0.9339026012191101,0.8686171639668093,0.6555075897479573,0.7580097737840206,0.20369091954986107,0.8622808908012619,0.9130510650201216,0.5481966161563877,0.08776307811105383,2
0.45583022812352936,0.7259136873943248,0.9565993979639035,0.2873436680010967,0.36675860071438476,0.2560681751996005,-0.21197090110027028,1.3996828259999927,1.4697742777996403,1.1447913779840744,1
0.07610228265270558,0.7143708615056767,0.9480948384078649,0.5819961729131705,0.697723043491702,0.6821935128374932,0.3688956718345554,0.4936587864598188,0.26627246568127594,0.5300282362454932,1
0.8663743349668604,0.6461242704943473,0.5873182007940677,0.5142979855491076,0.23028283551994563,0.35122012697213584,0.19251687539803775,0.19579713664863446,0.30194247613073283,0.8435919751783297,1
0.2598807916788085,0.9881091251744568,0.6570092454655961,0.48576568519063823,0.7493704563925492,0.6364343270818082,0.6289313440071439,0.4439160438181781,0.22878256363947827,0.2712840857905553,3
0.5580477513414303,0.9211058400263941,0.257705640989243,0.609145760358169,0.8978455317074774,0.45192756508761334,0.8895440658475829,0.041137805250569176,0.7887658609071924,0.7494517112003419,1
0.5480626737622256,0.26208729926641494,0.6664184969588426,0.12896066740883808,0.8797761556340892,0.746540936135375,0.6980688014423566,0.7868030059704744,0.08980281929873202,0.46378113609911253,3
0.41929845138121935,0.873182494128452,0.46945714354559337,0.7755917895237023,-0.036271596742457037,0.2205854985444284,0.5701782936215981,0.2816971808190681,0.12410909459157297,0.2577886488769249,1
0.055646893751522,0.32110474240585457,-0.014379701797403086,0.020332974559081715,0.442047958015535,0.1605979321771256,0.05436130068537422,0.3415997736780124,0.8558685425485951,0.17821958460565362,2
0.407586798704495,0.38737681121970746,0.8277209414596917,0.27084941308624416,0.15475417264911173,0.3828989102334497,0.6521811864525044,0.7391443880639101,0.10718431037571641,0.67083014487581,2
0.057769095940456004,0.8780455902967944,-0.03740408460269169,0.39890447591575395,0.7045205338552434,0.7905797332937468,0.5672337374999847,-0.07505677018881551,0.17550764819665238,0.6421860998341056,0
0.9413215717067968,0.468596344586625,-0.030972384777425095,0.9461445345584801,0.003988689324252115,0.09365951640128306,0.0028224115392926977,0.8856782043929136,0.8155205582116533,0.01578849195034206,3
1.1500006792266797,0.5121813600206421,0.052150178160290606,1.0499703392784538,0.7205116263365666,0.6083015976179516,0.6208857491400642,0.960074546141758,-0.07049814527420324,-0.16962338634005045,2
0.3320466722366096,0.4389901031916945,0.31459543275839824,0.04643417784469511,0.7379785090680377,0.839300939252075,0.6890641749739509,0.1144591193272633,0.6488705896535564,0.44259146207347727,3
0.08030261573620304,0.5644719980129903,-0.4762335506735741,0.3310117345474947,-0.0047932176621237055,1.0838661024820269,1.2943787402105595,-0.08705006493185907,1.3802689538226751,0.12728797916804285,3
-0.043415446747335426,0.9415706503060453,0.7542030221538268,0.24218905823468806,0.9605434675171065,0.47253373362473317,0.6520352717511135,0.5204653297356343,0.7537033677592953,0.6818458329789698,1
0.67563677013874,0.12448954589133265,0.9185343355624985,-0.06911642709606419,0.5398017593131541,0.004025906546923294,0.3847810894315999,0.7670152724813574,1.1096356204394557,1.3445523326187698,1
-0.0986462967254382,0.8278846440437393,1.0080747912762482,0.9043342724145853,0.3258562435407313,0.1402201639647142,0.9050744090330174,0.260690352271501,0.49246999646804734,-0.06747363192072926,0
0.19467153985455035,0.8677681776517087,0.6234983239485301,0.45072440138359304,0.824849814576076,0.6551227705606701,0.5336872627216855,0.42734398125563855,0.08881797491010751,0.33838336993075124,3
0.686547425432739,0.9142200301828968,0.526393785976099,1.2608878061746676,0.30210272013817546,0.3764733796448084,0.776156373875678,0.6341389163388389,0.26348607948102837,0.15285371101724232,2
0.541557803539845,0.2971556614600674,0.6617413301297277,0.11761584955545891,0.8298306015664417,0.707128045134099,0.6260924435943908,0.9217811977870275,0.10425472099142291,0.6068656822690692,3
0.357563145190609,0.3962005863070066,0.556350443017137,0.16654934687536155,0.5890665753797121,1.0771995161052965,0.7472313902639655,-0.0415276254886221,0.38360219318648875,0.5460671383378484,3
0.49171971093505285,0.14585035688817333,-0.09410307862642023,1.1249608632802972,0.8358794321881878,0.3041953143627667,0.9560548465743068,0.49521747331235244,0.8780813298540667,0.652837985289326,1
0.8176110736856578,0.5354781363754773,0.36821812923272346,0.9451152314514603,0.6122434778129464,1.0273793971830782,0.6176512605048948,0.42138720875145685,0.4496464002791602,0.6909985794883625,2
0.1985148093887777,0.1527852651027976,0.5941480463393723,0.828047398434419,0.5567166620144117,-0.2688322194526378,0.6094337189049337,0.5062156234833555,0.3374424247014469,0.3493691985772084,3
-0.0733228615218395,0.4597640320954267,-0.1844313481813405,0.04328226926690487,0.3480472312820748,0.2699180181063928,-0.06913180732190433,0.2548790005153893,0.7402335005223779,0.42858558808732183,2
0.16752658236068116,0.41228318096496674,0.0810385688087163,0.12200625157251321,0.5379502920428942,0.12177597589350875,0.06863122212654735,0.39407653402123555,0.9435803218367889,0.2975720350726884,2
0.7305917694140321,0.8578567285983143,0.7840408137733597,0.19717109687223697,0.5186398030495055,0.35660248323962745,0.5425586450080061,1.2038178581031294,0.7254798918811713,1.0837820022699147,3
-0.4459187438123999,1.3409494865108218,0.42302129410255174,1.1644513816509094,0.0341258958737127,0.26323621712241313,0.6312757951699616,0.8017203465064766,1.0856232843549543,0.3623876292154296,0
0.3231759000581025,0.42633360746862,0.46343756347405257,0.27146133624754976,0.5870320072604591,0.6997143638058524,0.8203839773175993,0.24185597007568319,0.41024784096012595,0.49183171058658615,2
0.4356941910041125,0.24800558357515096,0.2972872652258696,0.1979998992977152,0.3336634543493182,0.8349994562852481,0.9031501232630913,0.2726752045624771,0.4305578463268743,-0.011060510650092302,3
0.04840108223759042,0.9453944121015039,0.6920783664952591,0.30592749019043075,0.9589810898793015,0.36843400599358445,0.6050931836947872,0.5860966448699807,0.7030917323705377,0.6969961205457319,1
0.4999619876761142,-0.08431204018545702,0.18525098728122674,0.3705729032985902,0.8046573676317434,0.49393793919180146,0.5924912182505612,-0.20000947097229665,0.28400190337811515,0.8522344808847633,3
0.26992273611895584,0.3149210471344268,0.6302215712961312,0.09124390004673852,0.23837001374764064,0.5449023593543745,0.4434087054511874,0.8766614405433286,0.22472850634748875,0.908228785808291,2
0.5744955528960884,1.1227062295205863,0.8753701956523136,0.9221572914231257,0.6092180974632392,0.21167098360587924,0.2698113574150137,0.8278166284423731,0.77821008813887,1.1131012397671423,3
0.7530765508007415,0.4945323069763337,0.5231095705616347,0.6497948546045363,0.1545864693994236,0.42062036405592557,0.24862823951703833,0.624069646817797,0.4093729872951888,0.4248184784770351,3
0.2693889174127062,0.768917369096432,0.8898749090970071,0.7286414510856254,0.6080054797921421,0.38580498470097685,0.6975618785775639,0.8732655234501623,0.40393173068313903,0.23410676059756466,2
0.29620379792181395,0.8789158717182425,0.5474787245265103,0.48145747684756546,0.9557148546651352,0.12408628529397214,0.42842599906411605,0.2229217682758901,1.0300891325793606,0.4777705891434382,1
0.3129089050574706,1.020503142294261,0.9198063997032119,0.6029233941989148,0.7635266142835756,0.19032884378865694,0.7922124484511835,0.9573184985281237,0.4607523729400369,0.14464195313012562,2
0.13876282114953167,1.1462372571650472,0.6908468740475163,0.23951659687191354,1.1374738194818392,0.25938296754861123,0.45675502470341217,0.4141601924734596,0.6639452267815303,0.7054955446298484,1
0.05562667190912838,0.7732013593038254,0.8463788193510249,0.21897101178368683,0.9867812154338176,0.5303107251160629,0.6847595139610403,0.46261088472467193,0.7168325101362226,0.506333871550931,2
0.09403885481764132,0.3653820301700478,0.0491953526095706,0.10502777797071913,0.4646760049627603,0.0944333765503142,0.18468470188314834,0.3448059293411882,0.8849412990857692,0.25711559753546437,2
0.8403987111850431,0.74369151466999,0.4824317682311692,0.39958359467678295,0.27108321779519823,0.21620683667787793,0.2687732071693387,0.20186697590236993,0.4283395095956828,0.9404887519644365,1
0.22650451833429475,0.09413689455910712,0.5477922822077006,0.21964917338313072,0.6659823033701895,0.3790609821243433,0.6392213135040852,0.8916451859104385,-0.34797229780920846,0.15143137708280036,3
0.9487477402522903,0.06648967633024765,-0.003637857564140961,0.7053780081308637,1.2007088013640468,0.19454581902239154,0.5062271620100417,0.79634526209228,0.6120716195986332,0.9009110484540757,1
0.728064027466712,0.39939575615875084,0.8466150702054599,0.08516911101443017,0.20457889147451291,0.7789144251291873,0.3701543954420755,0.7926789493683254,0.8115194123167485,1.091552937949885,3
0.8581964288069174,0.622744476059703,0.3274578484786357,0.9178100232561174,0.48246958071219614,0.7794012443147987,0.5948558300682167,0.8450648492150568,-0.12822822131673206,-0.0739528633880212,2
0.43446153998153425,0.5434726182997612,0.4228142324506801,0.14047754525846276,0.057981322472369055,0.6532285642055933,0.035409605806010616,0.6558497292376547,0.9242369100153132,0.14619453326394202,3
0.5020999460934028,-0.04853156742686271,0.6729931094683784,0.23664332699624388,0.23739106040245622,0.7791669565027146,0.8619886338324867,1.3365965880078239,0.4469718417584677,0.019348934860608513,2
0.10726187548547832,0.35095035994204826,1.1407135827569859,0.2855416582596815,0.20764436884967036,0.28092085877958906,0.8672891047206766,0.038040317531460616,0.7772853024801256,0.3652565244398305,3
0.2706302806283739,0.41926442948782716,0.4833284627097852,0.27865268009081123,0.5177714219220716,0.606737760218205,0.8078052110218297,0.2815131997929961,0.4855759652824837,0.5434062941444855,2
0.4083498893732585,0.507869315917495,1.1898821038702514,0.27550048286334583,0.21590557917571368,-0.19518068346150802,0.10255167948762789,0.9236611488440494,1.2110826149184692,0.8437693420481066,1
0.4695669922185499,0.20003050582973195,0.4429019590020473,1.0432956100749629,0.328035477314358,0.8079066605818865,0.5765219540085857,0.24502406226569373,0.195218208571772,0.599554061191333,2
0.09331410296615261,0.8732534049945928,0.8428285536115329,0.9193058971982566,0.29032027011312894,0.31571939242871244,0.8049923201709558,-0.08532021020070693,0.5858336298056359,0.4926597669768903,1
0.33904984730029436,0.4014652404207777,0.419023615733722,0.29520565696187173,0.5906058941949318,0.6776456912373503,0.8233811424923488,0.2769963892848494,0.38422551306468244,0.5174365678302396,2
0.020211128035537027,0.27349951980680276,0.1245833884853385,0.1339618930993966,0.5549226390875598,0.15001470294884017,0.2786756748454895,0.4458714710754595,0.8647704561738565,0.28689383086123593,2
0.27427843335634683,0.9461052756183663,0.6598277689420311,0.4691476506188486,0.7863119288921415,0.6339617037684347,0.616931152091626,0.5194436012875782,0.17911230796420496,0.3409847135488478,3
0.8106864971348344,0.4626496375531796,-0.078055179230454,1.0298409848752235,0.07434751567068698,0.102475230118076,0.12117080283476854,0.9254260422263776,0.7493002311145576,0.1908932165543108,3
0.22659137252408162,0.022918779227002677,0.10100436183638209,0.27938032710313243,0.7116376903941734,0.19129828290781986,0.30093614985805645,0.8112958520888055,0.04684022412531181,0.24963786465939408,0
0.3014336812055995,0.5087141691419046,0.6346022283503322,0.04930891271808985,0.6059030195627814,1.1249264860210686,1.0044606646334524,-0.11304858481084334,0.5808094004022295,0.6096080119178863,3
0.7183085139874035,0.5860884787670688,0.037205450926993955,0.6829996872312862,0.20554285456666438,1.0224404510479286,0.14388349877638731,0.2693612125101456,0.024229792645257923,0.19505654079668813,0
0.2577951388213698,0.22689174719542768,0.3923458393881154,0.44875660943355433,0.5167265090205007,0.7431918179063359,0.6939808686269476,0.24479143660369554,0.36390943215270494,0.7857633425879076,3
0.4308476428494526,0.5742120096235357,0.38861069131184744,0.14938308934967498,0.04151462096205326,0.6564137169418226,0.0448987613321396,0.636031243531717,0.9383418039523834,0.15399356731294284,3
0.08945541568151279,0.8456547435937769,0.8904905448442787,0.8560899888432751,0.1296114556489503,0.3910143630378776,0.9789971267414502,0.6117112420902004,0.7023536901505281,-0.09994984104040588,0
0.41999574391247146,0.9179974726314001,0.4851437634602548,0.8133251825447648,-0.023765022638601113,0.270218982364686,0.6532950196418215,0.23373642529427302,0.0554019033065653,0.15672420477751517,1
0.8846350523135067,0.7403709841082191,0.5058102067856333,0.4629856800237015,0.2781151137028398,0.2857453719368714,0.24183749051717823,0.10448751617138408,0.4043754476288748,0.893537854276646,1
0.06863370578547134,0.919181442970165,0.09783310641090753,0.20923798383171324,0.9112553115640953,1.1165435423463608,0.36888145953471485,0.14660971180699905,0.45585375262963873,0.996319938330972,3
-0.03070406256675981,0.8032543128737633,1.0134130967626829,0.7458801955688982,0.7652905589918749,0.6387164249942979,0.49753298598043394,0.49607547824729803,0.5247065441180755,0.3766079334429431,1
0.24794345637264634,0.4350207251253744,0.3754587082316849,0.21231960192248975,0.5725398508098851,0.7411636506959779,0.8108446897687127,0.20901637196851616,0.47831635621119084,0.46548433575387677,2
0.37887709642813994,0.34726852038154127,0.16894692609628978,0.2576337122457224,0.29317845511238444,0.9655919007259537,0.914840484367867,0.09001587607644002,0.33760272704343086,0.0370879003564596,3
0.08035254619800364,0.11448170686487474,0.024772943645576334,0.9604692536445171,-0.10596357907397347,-0.0937079975824969,0.24343735375150508,1.1361479634820288,0.22392152230768747,0.400620112073111,2
0.09928451610563557,0.9463006556297846,0.6139362848884649,0.4501885624646149,0.8037589373852603,0.2848813687725084,0.683948521008072,0.6270759626386585,0.7809049814912231,0.6030231785309407,1
0.6424610663040135,0.6403890901185255,0.08631737130378223,0.7669144703159234,0.25932775201398567,0.8611759210569618,0.01499301607054894,0.3988369124020544,0.08245327026958663,0.15018290598495043,0
0.28740151046621026,0.9597866191618656,0.6442182398771963,0.48813913620759136,0.7985479963821387,0.635365782700403,0.6051219712545106,0.5420343397102761,0.19826871028330578,0.3076504271912129,3
0.19925961834538125,0.9448863940166183,1.1504659008786504,0.8742347095400855,0.18537954706807563,0.3251620141224017,1.1783397902900967,0.8439567498452811,0.4056269093181349,0.3396611330619255,0
0.7427162717587332,0.6316906373437704,0.8438426535789672,0.07704902345912792,0.13940352037930065,0.09115425644983131,0.3407713600302179,0.9150297644129253,0.9145954370070696,0.8463522702815542,1
0.8525933437433012,1.24220935583277,0.2814064198366478,0.1019864973323581,-0.3586439417739513,-0.6161985660685804,1.7412813771331916,0.7631762369898422,0.8876028228242141,-0.6645419517302329,0
0.4186211410713729,0.17517039147622515,0.5001360814199977,0.4065562054933246,0.44494354383011403,0.4173379863335942,0.40338522432268775,0.805229864205826,0.2370589144574209,0.49027295648493185,2
-0.20784859612373807,1.0281747254317304,1.157037312013274,0.4377586770672929,0.045253919345416865,0.38098203191493935,1.5451792702348595,1.0576059023463267,0.2648412499942277,-0.5359312044438752,0
0.7583582605690838,0.5247728680191555,0.4721246587138122,0.5656179012645396,0.11602579988242406,0.2398375703976335,0.24490392212757428,0.5416070203191933,0.3081321144701823,0.3087124983873471,3
0.2654330849653761,1.030651751949012,0.6489545999709089,0.29994814324518365,1.0870606033118069,0.39428344947116745,0.546496956590265,0.6382707148835757,0.7674646222462784,0.6869206784932292,1
0.28993945847303326,0.8815758605556927,0.4020526563830892,0.9539707457665707,-0.03789834698246758,0.16866582276429215,0.44178881029867295,0.19925860360191258,0.302267625005714,0.3768087816353103,1
1.1636069985774955,0.6027703350896244,0.08821364176308079,0.7763952174247208,0.5007820812093027,0.5736632374930583,0.6086811429833212,0.9703509234377998,0.20055787584822862,-0.2190367411876069,2
0.34425698549611883,0.983025741146734,0.7288924818578902,0.4126717529400532,0.8473980479278694,0.6850116928848478,0.584919211829745,0.5171001020361758,0.20286257680694156,0.27978255193854346,3
0.6216427065988115,0.21274627478977035,-0.13623959358066892,0.4435907807101618,0.15474321359570217,-0.010978875295294552,0.17017015020960063,1.0199020731483959,0.2951839378651745,0.4515880869635571,2
0.3062280317360686,0.6547595966147455,0.8250855784703589,0.9430620495342982,1.0608995060313005,-0.10985803238128952,0.8614372967358289,0.9457381818495425,0.47878610483227924,1.1552912966457525,1
0.13400776856701846,0.8862286021525873,0.5591078822837231,0.44389815701162494,0.8139340949736713,0.7142727421498244,0.6238356826553819,0.3631362514533475,0.04663374357691599,0.4836470113494651,3
0.7284787897216155,0.5281432024291871,0.7975647718011164,0.6027783718225519,0.6320299838196259,0.10556063724798805,0.7356507244725627,0.5099358398324417,0.0025655278812324184,0.08158609473885359,2
-0.8925231491420604,0.42016514620531376,-0.22797674999647455,1.0235725050484334,1.569339068907075,-0.11584841434698656,1.700000662624496,1.3208715784424645,-0.19417042912250082,0.5939656517887639,1
0.31994783939132726,0.7235130726021398,0.4605305633917663,0.9172275183157136,-0.02447046512589556,0.15032238539579162,0.4935964606251702,0.34017993924621137,0.2583729844571211,0.16123797034296317,1
-0.19748852894887825,-0.17561237281231,0.21328977720772013,-0.044605496878420144,0.7088266600292572,1.5791186217202968,0.10066148123830243,-0.3028816292701547,-0.005585099168401664,0.15371022325330486,3
0.555002160744709,0.9606330283840873,0.48836456051162674,0.668625580714844,-0.03596208230750651,0.15581335724969053,0.739756106197574,0.3432747322463109,0.11241183162671511,0.24783302369023597,1
0.2733965860186031,0.9508404834040562,0.6705086178687163,0.46964954368236356,0.7817485940586367,0.630412335040895,0.615396856961454,0.5093006607221124,0.17875275416637762,0.3511920693674427,3
0.5686322046995794,0.6836165383070527,0.6274496867071783,0.9753673948168621,0.7228133301728598,0.6226328973333386,0.11342258813170883,1.0434053095009754,1.165916797425183,0.8497846234875072,3
0.3168967434746822,0.11129888226807065,0.537870687276326,0.19437631239481834,0.11449329223606704,0.713145343300571,0.337758223666087,0.2325704742611337,0.9296471823764736,0.248365411155019,3
0.15341742101663491,0.8678771344633341,1.1113890996870968,1.1046680309561154,1.1862241011636512,0.6215963192633487,0.498440847541818,1.1683033139668324,1.4392620495013015,0.4495399311877008,3
0.9376464761997693,0.3373623514841539,0.8169629316375137,0.70398315715802,0.7506762886713279,0.9011796804138569,0.4599629220479188,0.5276665829583046,0.32711614493025,0.5440802036988324,2
0.27989146507531604,0.8592483272667006,1.0990814581875301,0.4895160115848993,0.8279592030856542,0.7908975900099993,0.45570150552589056,0.47743599303732426,0.3461364897972559,0.44056648151418,1
1.0151402950227868,0.9046867756857415,-0.07810233453196014,1.2433893035632502,0.10709522257416282,-0.8822667806439349,0.6195238364241863,0.3680537369433369,0.13059035926412677,0.6756967163010437,1
0.9765535727420962,0.46008624009933263,0.0424291867751138,0.9814266646466516,0.0635106900416352,0.1042731908243367,0.051602305360764336,0.888105717175954,0.7731510585545497,0.032753950657774956,3
0.27919276464559917,0.8366945131476157,1.1475005192394299,0.6757643456780318,0.457335639692549,0.5102702810992326,0.3103247227998373,0.7016104885610908,0.36729975151382066,0.371396330321556,1
-0.09525243019464508,0.4753220303700709,0.6280027467935129,0.11623032388181928,1.0507930415399078,1.309999292246891,0.9901799677272999,-0.2647045774015987,0.6192593593406442,0.2567919356742283,3
0.007799046472930948,0.48754884127063103,0.5885553966309285,0.28560569450408885,0.5236525952343258,1.0033725463638978,1.0208331536800836,-0.04032446221566069,0.6843901106224611,0.6914623611776168,3
0.039123531702820735,0.4700423261809615,0.25491417164177466,0.5659209663400242,0.3740368929410924,0.2875839321263036,0.44158541719297073,0.6308660047602521,0.2618713241160789,0.8808247722842989,2
0.26916587543001247,0.6856845660055227,0.3613907709349825,0.6252906220308306,0.3520264860278402,0.9248298982671501,0.11606391448209342,0.5286045252528883,0.3896069159313739,0.25344172198492354,0
0.7615503393750034,0.45415050594049206,0.6704019420355346,0.6360412111302659,0.055070047855373214,0.35262465038760077,0.20252829894717647,0.5196883014193444,0.47865998095252404,0.32245335209289255,3
0.04748512727514964,0.7828820687361975,0.8480260936208132,0.19999256657170253,0.980365164888008,0.5362821528010481,0.7005203980083036,0.4546410327092848,0.7262452585245043,0.5245388347246874,2
-0.19787611293655133,0.9122043952297691,0.8196486174544052,0.1332037216697169,0.9565729985967242,0.5698363280128514,0.5679540898055687,0.8556253138551133,0.7966513932681517,0.9654540961008664,1
0.9954184765323489,0.6740399987194527,0.6875854795539842,0.2410419127167692,0.4380955050118591,0.4608955010368572,0.4404244121452845,0.9345101248088609,0.6355096525313616,0.8335207015777814,3
0.29582475223423804,0.9199334052443429,0.6871665927440029,0.5050791827456973,0.8175917633092549,0.6054890703002073,0.6314574571851415,0.5162377801296731,0.17258484560686171,0.31145546506985833,3
1.052889032181104,-0.11437075233379357,0.2873768832431388,0.200815613323425,0.9687269731364764,1.3332761015105103,0.6079542445384863,0.7132622642114907,-0.336920390852119,0.9791195045445514,3
0.4200958086765916,0.5125652679722842,0.2944029507825541,0.3210829056211402,0.6063940281025932,0.5252534518115679,1.122543149839482,0.6575986988720129,0.4400608176472829,-0.0729894965440539,3
0.5205584572997071,0.04461199523946781,0.5388585167240333,0.2298361720614283,0.8170962253745105,-0.16334807852154185,1.0759961554295905,0.22759277247273918,0.19500780842525922,1.017523543994173,1
0.37563833867607865,0.4622061005098782,0.4996908550914984,0.26457571623875087,0.5431792617509652,0.6859775218014083,0.8122757287967929,0.22731931706520903,0.46350430282139815,0.4900202332678672,2
0.4204311613189929,0.927012013947772,0.5669813130571552,0.7902243087711529,-0.026627550247085886,0.3022510984643131,0.6865637030596345,0.32724773936905505,0.13191442038839302,0.30931434444386646,1
0.45654968071520474,0.9355602136721722,0.7650813646494228,0.7506913761411227,0.8007199095622752,0.2276421323105569,1.000768706547498,0.8775760707323064,0.5194949436750037,0.16321046775075648,2
0.5211973098439915,0.08405525626539906,0.4145684497415173,0.2486018784148014,0.49691223885633024,0.960719621164635,0.896677687185219,0.35016353425998326,0.4034821725949021,0.13645409550895354,3
0.5275421711390985,0.5414559286881956,0.15917667847584835,0.6026542464987085,0.5121073352964775,0.5836911595285613,0.897426362671677,0.888937673238085,0.3483802776136034,0.3163649827779218,3
0.34142183953484606,0.8601840609828735,0.45062871244557456,0.9576599430129532,0.08489710425259729,0.21856869454878602,0.47478183938298035,0.13312270910152296,0.3211550439736486,0.30545750195301513,1
0.9849009059112293,0.5479135432951842,0.21873173916218064,0.8715760037584294,0.5178616528052566,0.6703975946211933,0.5731268211258678,1.0186666799253912,-0.07976511699021044,-0.03405829729325549,2
0.7954986245722694,0.7582357447878834,0.6078587782579576,0.4514048155953732,0.17100239686980867,0.34081320360306944,0.11143513881072617,0.13713846545567518,0.5050256791439824,0.7422252673276934,1
0.4611033080897314,0.2179740125427225,0.2861710666604596,0.1486317302764133,0.34763918288708634,0.8683636871686032,0.945902607144515,0.25313003354410823,0.4573734976787569,0.03004416857585862,3
0.7994141029354547,0.4507864854774684,0.7653688238435322,0.5539338842623607,0.5760394438831623,0.11629764253490393,0.6570964033884684,0.41843974342747453,0.09666650564432455,0.07561935779674028,2
0.25073354089525274,0.7670788515462337,0.5084020438360775,0.7846964649059115,0.9432293205151807,-0.08024278805435656,0.8441052619299843,1.092652373019544,0.649063288722973,1.0163313044429307,1
0.8602187609002496,0.35813345517917106,0.9791968609279516,0.9336354284597087,1.2619349992634725,0.7241932950143508,-0.07461622280346339,1.124580476098731,1.1784818796693801,0.7409131500406405,3
0.18043629443527293,0.47879502694200354,-0.21168460809203749,0.8691838687933284,0.5155941419923805,0.10756498605319495,-0.2327033935189735,0.9646761859381909,0.3696348962854775,0.8684689801354379,2
0.207650100426932,1.1421131124449329,0.6524224160519603,0.6967587679018952,0.9476712754116161,0.3957983269158475,-0.3749628741276133,0.7424242687120608,0.7258469144162897,1.0748095692568076,3
0.07316880178168617,0.9763706730233876,0.6585832488864258,0.33166254246276605,0.9545423976490196,0.4006407637636712,0.6299841353175037,0.5519260639858965,0.7089627588804175,0.7493579494765276,1
0.3868615983343333,0.5753943843754616,0.5489474665977152,0.9126091798250873,0.880517744299156,0.4316695254842511,0.17383034400895217,0.8543728450283158,0.7751528532018878,0.6285087947334842,3
0.27960637698308133,0.1515335746771871,1.0795967872793808,0.9766870170853346,1.5383723807584602,0.5428449441857301,1.5976845994021085,0.020984899320718287,0.20842456798040618,1.2934992920732133,1
0.34498546040615774,0.46348434817120976,0.4961258426512301,0.251455429916845,0.527859591689451,0.6611587772877803,0.7863489787769383,0.25466669387914054,0.4696850641435513,0.5460217994133536,2
0.2795188757031928,0.211457513578182,0.5266698354297021,0.12644426643067458,0.5694457434559259,1.0125484028312084,1.0275110731683275,0.17154939699853497,0.20449385561430358,0.47608020353201363,3
0.458248233896132,-0.1664993003694566,0.2428251461081451,0.39331119624597255,1.1799325236128444,0.3855814455200143,1.309875009908581,0.15261104264854902,1.0020848817296417,-0.14457488488343617,3
0.396143359647732,0.49780479390168964,0.09488944064305137,0.45086724148522256,0.2500146953236998,0.015634883118779627,0.0031224362119465776,0.7083953280029328,0.14352037369619297,0.6392674926338774,2
0.7477049621927017,0.680830385109043,0.9728741778797275,0.35045075551298266,0.6901708865315902,0.08797315921304992,0.786399598863157,0.32438539951168244,0.12136546752665786,0.10926381184347654,2
0.6355003956246041,0.3440242868092759,0.7321832460414404,0.7759908600172967,0.632155584637089,0.9361578209121195,0.7539232249690103,0.202982571090564,0.29912498796270015,0.5842046697202445,2
0.8670974778245468,0.5372386941417043,0.8672917331263855,-0.038614580153851316,0.10125991496074249,0.12818902167057944,0.3754452342523437,0.8949527393010884,1.0442298274899586,0.7677757460320228,1
-0.047172147298189304,0.6246014547691386,1.192295831211258,0.38599383255794484,0.8927916261873476,0.6003745109718892,0.6826947975494769,0.31187432006527566,0.41768710023930694,0.6980330371734162,1
0.3819136325025441,0.19393912059745563,0.2639063273897842,0.19293297373576396,0.33462140544035657,0.8558315750939185,1.0086747974517716,0.20622916919783663,0.45665137781474435,0.08588127723498407,3
0.33395663730295877,0.475098827305491,0.040158477421741334,0.5593947546362079,0.3607964516192359,0.1417992270895459,0.0563231156251337,0.8078492209627411,-0.022684302272047263,0.7076946770628246,2
0.43817094951382846,0.5584333587560916,0.7700826828269955,0.755557739502356,0.9654986340898744,-0.2906231568095073,1.031846521945107,1.264881092795272,0.8383160130025153,1.0841523709936067,1
0.7625193101539083,0.5569907583060597,0.6288653031942656,0.5673341752919075,0.14977807606073273,0.3136963021954225,0.15884307066187825,0.49400203667409726,0.3200475331706262,0.3570858960225549,3
0.2825461339230144,0.34773899480920023,0.26553597647475957,0.019209769444904067,0.7614945270363633,0.8602612596987923,0.6837710137164181,0.07545547651890278,0.6822593800361324,0.349389044760033,3
0.47414531424860606,0.7664303360090349,-0.016861211357463907,0.8035852721560095,0.3361005099675377,0.9758181987629901,0.12770727559302383,0.2503142087448025,0.00544827847544712,0.09217692183678389,0
0.9281001845051264,0.06334717129191718,0.014495452746780718,0.6996769649376461,0.9702367272184004,0.15437638107033147,0.6199316450416542,0.7035951552474435,0.6663156241950561,0.6887111924405472,1
0.14740038620158877,0.11119341113026865,0.39212501506173847,0.7105589959898552,0.08226792434965073,0.37087692024852,0.5402519841013281,0.8511815523589508,0.43963834746445823,0.42737628395792915,0
0.4489947909492014,0.8428312812635794,0.539108654214237,0.7714498040469832,-0.08010258169997152,0.27059647287676314,0.5467119764481161,0.2558815460306479,0.10079116760815549,0.28899249324745446,1
0.03854218055725744,0.642324033967832,0.9189020038349371,0.5388466473207548,0.7588663217534967,0.6956322465477481,0.3797832543542061,0.4370036675130396,0.35621131038702813,0.44821878502686596,1
0.05519853135374538,0.7667973792977333,0.842838716016255,0.2096903301076571,0.978779580574125,0.5345944263970954,0.6842912888574711,0.46711024746881363,0.7130758371921585,0.5015517875511051,2
0.7292246403145257,0.16127647476580032,0.27063744697259284,0.12724316455131574,0.09148418025170946,0.9246083469875122,0.9338765261814564,0.3689669034512741,0.5198458733174048,-0.20612312791090126,3
0.2714432456941972,0.37036651706651413,0.2845002672399282,0.012539414305714348,0.7157635035278659,0.8533132019510461,0.6983009060635695,0.03447373442318341,0.6407278771775247,0.37863250951415867,3
0.1689473972718473,0.39885656577938855,0.04361916324578699,0.07330774404326967,0.4566026346632442,0.08062750572472488,0.155008165693881,0.39904228344199166,0.9408188406368362,0.2619318155046155,2
0.42426570292942273,0.5444964819491721,0.20983175327252418,0.5352589237048221,0.554708026489272,0.65513529501351,0.9740669630266701,0.8374334440537847,0.4494513778063026,0.18217138445332662,3
0.40713801209578626,0.5469703847867536,-0.13377256205132576,0.4234234055383562,1.0802494934087674,0.8306482854178937,0.4378936948285633,0.5494801297346932,0.8996484707815714,0.49979280505235407,3
0.05120893997185237,0.7715272476290193,0.8488285228833363,0.2335392510857936,0.9771231088096849,0.5258741427921425,0.699348721074552,0.47240807100392845,0.7261997904821585,0.5090030507218681,2
0.2622862195266945,0.9307242109601152,0.7396683080066104,0.7962683987272174,0.3875239885250392,0.27554588869249236,0.9250162275646169,0.08208208568883103,0.42039713305662985,0.7524035757577687,1
0.23629322194258562,1.0490218061991161,0.5492394854334635,0.32351441009423154,0.9469551205742435,0.7074201409411194,0.7652018275927235,0.6005186263125571,0.19474528499787783,0.17642361919575172,3
1.0215742070017026,0.6345048714576546,0.049466448976687595,1.1161393599680336,0.1145761562163786,0.17010643487790927,0.027937381889880326,0.7681050755774083,0.8693144384091305,0.21490056583369632,3
0.77839209976122,0.08384638383151496,0.3568981978648739,0.24468016737237286,0.22160706264719768,0.25309200360706113,0.3122442309143,0.7822032751835319,0.546418591261547,1.1656378285219566,3
0.8790616168168086,0.7587763568875302,0.580408453886415,0.4981650075144596,0.3234894017759081,0.21745941263302682,0.2006355307325957,0.07761187152253338,0.3384970005136488,0.874960711461447,1
0.941845850296743,0.8143402842849987,0.5637442332101615,0.3579740516525036,0.35535474264298406,0.2553579613596237,0.41404138786137235,0.058828878949877206,0.5179104409926318,0.9063889122709958,1
0.45692493157051767,0.5337849289880346,0.1887400457053203,0.5690159683504055,0.49827958486001594,0.662954797939546,0.9552598976359308,0.8746199261601624,0.4430729303046165,0.20888270550897423,3
0.17186656900233355,0.21112667950419656,0.09088999472538975,0.5931411004459491,-0.26917731426005026,0.3208611656709637,0.33863085303611934,0.13653973367066236,0.18644610924381264,0.49950683999515816,0
0.5983100966847893,0.7986616471153557,0.7954151298461519,0.8382567228253605,0.7594463679081233,0.39947094775329406,0.24178853141461845,0.8555069003000575,1.0166555855195023,0.7833955961059885,3
0.5187878667634193,0.7580245869138442,0.7004476693615407,0.9138620450254898,0.8725152522971187,0.5180428868354539,0.26957264276180304,0.9843920728660356,0.9571045190156339,0.85721243923193,3
0.8743191320924162,0.6896477037101045,0.5140886191908144,0.4554626240248957,0.18641740345146696,0.2674835495702946,0.14392112126365467,0.1481607097561632,0.47152195227784166,0.969571529863299,1
0.6819109825390819,1.4683169002839787,0.04858330441267522,1.1807604935103766,0.7838150476599359,0.14262106193205487,0.19249023351616845,-0.5961902613207,0.025437871485385122,0.5408155827557112,1
0.8975402626133573,0.7239275562775858,0.44546115666930386,0.20255130146833925,-0.06724310770855345,-0.0349951476060556,0.3895882318515033,0.6281904424574921,0.044434444383660066,0.4895793544416599,0
0.08763694087321983,0.15342341223118316,0.6182661991247734,0.4889862543251645,0.6924291868518366,0.8501179399876655,0.7034041506150379,-0.0012261853788771149,0.6869444040005976,0.4520619038612087,3
0.7460447339612766,0.6197721113607555,0.23177793206593253,0.24068188234266874,0.09609521213123405,0.6764192690920947,0.41501871280672337,0.6756414732886539,0.35990649626019905,0.4201802363895344,0
0.4189044089804238,0.8390360125885561,0.4740532452920571,0.7898741666021147,0.025266012499377145,0.27815281452136753,0.617905354725274,0.26582057135465936,0.12465776406607249,0.2389030870143686,1
0.49411132484678927,0.7772156745699883,0.7069873735151792,0.7820894785295932,0.9132800625835952,0.252973386171489,0.22844792780432382,0.8137524616659637,1.0881354925236744,0.8073877438860091,3
0.4077260864297051,0.880331597231383,0.5259687653471177,0.7217507398361994,-0.028547747615003054,0.2698665056269282,0.5735104812500365,0.20440630612450805,0.14940293031316348,0.24074906939608542,1
0.6072553114577196,0.1933245416669247,0.683946205509273,0.09524168882630962,0.9350635120360945,0.8133224703518873,0.5915891978214248,0.8512791073787919,0.09274896347363154,0.4982085082817112,3
0.22709824843238263,0.9436147714096552,0.8393485662987762,0.8284108511751946,0.01501332869077307,0.09270377234425531,0.9899766149379426,0.7675304715156483,0.3311296953957166,-0.3224218207093812,0
0.4956832630652363,0.7921485526797932,0.8896269810373995,1.0033743687058971,0.42296375431732225,0.27554645760302043,0.8091803233547237,0.32722960838115545,0.30561404105188644,0.5258964033817752,1
0.7042155343800441,0.6406579281011812,0.8511482307625111,0.0766356574311176,0.10506590968308038,0.10845987785996722,0.34144032428910787,0.90509225379036,0.8890895451636768,0.8208419303927891,1
1.225389409221005,0.60555167317607,0.48107225764336237,1.2351622905816246,0.49860972930049,0.9830668579316741,0.8197821697141683,1.2086756412935216,-0.0706562068916732,-0.1321822595512677,2
0.9643947890158846,0.6264248263653183,0.09319704375424538,0.06956273027614238,0.02050533034159955,0.5004794482467879,0.4258653869736708,0.7463767877037422,0.3376339973536559,0.41778345207465817,0
0.3831014072796072,0.13883108225273372,0.2895986353951986,0.1260801617994858,0.36830858163248625,0.8117207534159474,0.9759426049371638,0.2743715459713527,0.5271179174986518,0.05502042372689514,3
0.4594655507746722,-0.5117257690511635,0.2931793505241212,0.5217977881258915,1.167235213994432,0.7943518771958388,0.40094050086633864,0.09003377754109175,0.9616186298374786,0.26863393954834236,3
1.0845277202740216,0.7399500189083487,0.23611501794945222,0.8212250164755197,0.39505767546017345,0.8433899108164525,0.6225900343317592,0.7670244662185816,0.09523403670421879,0.29078473500467544,2
0.26519526374063,0.896576926680574,0.8329624341842137,0.4304637181071769,0.6824439337551217,0.5683432663097865,0.7053991481949331,0.5960130857445578,0.09458263873908428,0.3155287548507908,3
0.1348503020644077,0.5824266448567061,0.8667557380220692,0.5269145184397539,0.6472786779529511,0.645699983690738,0.5287005081788396,0.4545264752544025,0.25894805689178463,0.5542346297821871,1
0.01310284202986163,0.1068813734990583,0.6299719437111048,0.32853901018968973,0.30192692970760227,0.4157182209451928,0.803646644330404,0.6558280910768227,0.07688707539241987,0.30052642883283215,3
0.06334080975479867,0.5784618505742667,1.2582230964849392,0.2418210259693822,0.9608552876096659,0.5897349426912146,0.46881531220220707,0.9699300088409909,0.9709560810570699,0.4358293656971775,2
0.7913424912962526,0.4664722142599655,0.818557627151194,0.4200890039236823,1.2802959624889518,0.6338672350349943,0.15631843498817483,0.5751382272983248,0.05998766871701601,0.2463488626910585,3
1.1497336345491038,0.18869803854351216,-0.02726002509107002,0.8743556377169941,0.9443717761007822,0.11039274705334251,0.39732656348745354,0.5345628475015292,0.5276849454866807,0.8126509599548755,1
0.6398308590165305,0.21355976779534164,0.3690951222119041,0.2685261523391789,0.24884342744381466,0.34888452349841953,0.29155140287018744,0.911133089965828,0.4744200127763004,0.6773687386114507,2
0.26556527033986804,0.9454278299032595,0.6590060640141536,0.465445033563597,0.7702295182439058,0.6451550107843094,0.6217335884306839,0.5054145735484223,0.18461913819330397,0.3432287937629,3
0.8281692938846047,0.619124645436696,0.5113546003513382,0.6189691409081219,0.11042514835201173,0.34957681059040274,0.24334960055377433,0.50562449438117,0.43900080558590815,0.40424208815813584,3
0.4569153074324574,0.5357741374836656,0.18861912355475965,0.5707927646510578,0.5004192015263367,0.6657463699060161,0.9558573765719047,0.8755810844862237,0.43970994206024405,0.20845966866424917,3
0.4958194518936408,0.6021493611674109,1.1124636032945618,0.6007516464764144,1.044284713334929,0.3764529429429554,0.3061083002293302,1.1847030239232939,0.7233531387049354,0.7153783928579478,3
0.6409459778927354,0.6382003128855942,0.18588002042859358,0.6913424189598659,0.2384401218861329,0.9477213902604339,0.15821789444668655,0.29261909943763764,0.09888872550266786,0.3449838057309778,0
0.45383038421432204,0.6857942149434736,0.20527540471675965,-0.48625239077461013,0.39863254245609103,-0.025980944238072345,-0.040943335246528656,1.4765625795404853,0.7380984157860757,1.2642453462790875,1
0.844669766489997,0.7036041343650686,0.5552613863017669,0.4545909206655784,0.28754467199678113,0.3242170439535941,0.26821802207583273,0.11196863157439357,0.4139496496730632,0.8448879281211709,1
0.6939285188824496,0.3436778298184266,1.1010127806291332,0.11706231190685237,0.13530204607201984,0.04060310174583926,0.42370213009693036,0.7928362851992284,1.0485288316051258,1.105447050150592,1
0.4410370898593087,0.302550253388704,0.6549257125988894,0.4469396202986733,0.8937989759796995,0.6946443364602386,0.45360000252652344,0.16979556977078558,0.08929428147875022,0.8488221172350003,2
0.08191942504318848,1.0588832484133863,-0.029941681659867422,0.24017152343212284,0.7383562540478749,0.9119697631356629,0.6866413374730922,0.21513820206104392,0.2324780546768533,0.9029084380110732,0
0.32584039805692483,0.42159764826502183,0.45973959507263057,0.2731813458549055,0.577714120885629,0.6989846173542562,0.8114686379138563,0.24688790779999364,0.41722793025216515,0.4932367040613851,2
0.13846167471295465,0.6781563780318316,1.00601861954982,0.6044893267615687,0.7645712104147564,0.5548295151958186,0.41154036313738146,0.516838292489958,0.3474353943364371,0.5084366546098028,1
0.5142402499900861,0.1463283024909801,0.49983256635678897,0.31444639140756625,0.42107384372748763,0.47897798352853466,0.3749457926408662,0.79520909548824,0.2983363878207546,0.6012142454801932,2
0.5625380734858916,0.09170299851416941,0.061155102844692055,0.19999267714399563,0.7641110649484697,0.6828515721975532,0.6168398359826771,-0.0010533428114230664,0.6557339572006965,0.39711913806352644,3
0.6989858690125663,0.5843054247374455,0.3351655954864494,0.14248636943387194,-0.19383454942176861,0.37354145087578167,0.37246404296137176,0.7939302791782021,0.548797745519994,0.5186658181442594,0
0.9610257315385367,0.47358840754035053,0.06257487051793822,0.990856333649768,0.05261362454182712,0.21783346599691833,0.037311903905503194,0.9274500496653181,0.8629302764940175,0.12378100751884509,3
0.36730191354669806,0.44117387072202935,0.637038938637621,0.3051549816781146,0.7463713497278249,0.8850610286951677,0.9601542544754567,0.3047314218624583,0.32006892501023404,0.8274752671269612,3
0.4207623742059315,0.8050389764972489,0.5189155260265429,0.7990171309322034,-0.01649675136394597,0.30020121902616426,0.5998382197920141,0.21709518406637862,0.1741387348249506,0.17055439293572552,1
0.24785002343108867,0.8539418751321294,1.1439268935231541,0.7525706406174559,0.6306413728393826,0.22247303979750382,0.8100479220128827,0.8298599438533584,0.7898574349361367,-0.07836136970574897,2
0.6993939178701529,0.4351990966473483,0.6051908791625391,0.7446964418073403,0.5537560177227413,0.9274641798336872,0.634034209949777,0.3080829526917074,0.18696399006179557,0.47222201325543917,2
0.469709932931826,0.604477627121376,0.2618406152302094,0.6336141090931269,0.5439539872991266,0.6590107920274018,0.9041186258170567,0.9511008627951628,0.4036528633928143,0.13070713807869538,3
0.30159835627187576,0.33693729340141515,0.6887116707524413,0.9489097153045951,-0.5285549884628071,1.7156537834530876,0.4737319776404555,1.142395957554117,-0.4233999076647113,-0.34328918097560335,0
0.1377473837348922,0.25783071607440017,0.6797047825034784,0.21208474466475236,0.8280144012062001,0.9770273548688807,0.9328521506442518,-0.03312887107786186,0.5609754627097393,0.7259005557867846,3
0.17243629801036808,0.4957754777213245,1.0505059114910422,0.3027801129727975,0.3515721201959162,-0.11031712127348978,0.9258900236667053,0.26384520916363097,0.8078810503299376,0.3042105041638855,3
0.5532189744287194,0.29963062242858124,0.6845993348163585,0.05773636128274085,0.8896299922115268,0.7201693310178899,0.5443373734669121,0.8094699210677588,0.05941056784669994,0.5293194628586034,3
-0.11452844069522078,1.093805531564899,0.13466853416657854,0.2626579309481125,0.3793229026471924,0.49326587806717603,1.0220295855774055,-0.08008992573920998,0.7948154886936788,0.534630466635315,1
0.040379283494008336,1.0959699617784895,0.9290182950527281,0.8705724714041976,0.29163906844949045,0.04474188522162342,1.1214333625081587,0.6339082329518142,0.8897890602562954,0.2535494178465276,0
-0.04461820717081383,0.3869202206576943,0.3339611367167298,1.1691196989012038,0.9582756314778071,0.040010398590956564,0.3828457671861679,0.054161626828845955,0.45425885180066705,0.420810800734882,3
0.5670311923584249,0.9898414838314992,0.2726937293504772,0.533927011295113,1.0506934604997493,0.5297785655832021,0.9897427485378231,0.058447129397022304,0.9285709536047414,0.8919098675860524,1
0.058666259443971046,0.7727775044450615,0.8473707422538065,0.22364323076571155,0.9841759055329459,0.5341833207462529,0.690521390189689,0.4597171501836637,0.7200246781144519,0.5091964573147714,2
0.7763524822759571,0.16146839937737772,0.8422815425765247,0.7850909664191339,0.3201056633682232,1.0459393341946557,0.9465830834893203,0.5481523246274653,0.3388220931781186,0.5282018622626883,2
0.668770911512689,1.178763411438354,0.23549085083009413,1.1633211082123038,0.7508553613776627,0.4523127031883772,0.31301501241078183,0.7533227495147834,0.17307227932759872,0.5601830555148479,2
0.341335045728195,0.8907760294868124,0.44679922738393596,0.7635766887809113,-0.03974913139123822,0.2535547322776508,0.6063898960202877,0.2666199923984477,0.17501136790684463,0.23119983071692785,1
0.18494542397283698,0.39578012264340623,0.5953069006738837,0.2046778150322818,0.6857885512930767,0.9269961600965914,0.8792112135563961,0.15611885412305662,0.37377494983675363,0.7023315172755282,3
0.8339005905814383,0.6463863923526079,0.6140178160029282,0.5616925332483883,0.06011170050773268,0.2736891639584929,0.16306801327325893,0.4984252588166401,0.39164433796814524,0.319455026898083,3
0.48959266747745933,0.9892527277082616,0.6348007558820896,0.9804840919228989,0.49376849062348255,0.073725984300328,1.0770686765848958,0.0096894875695194,0.5526345460564315,0.6851458089553478,1
0.7052614226906533,0.38345564733542536,0.5127092924092099,0.7031963249464029,0.638355745572891,0.9160132117360855,0.7191557227270725,0.39785367803572075,0.1140141339946175,0.45825885737333916,2
0.8517157646963074,0.8083093613824466,0.5326300445282718,0.3396652536337215,0.1522119555122664,0.9385610735341743,-0.3104170260751864,0.08060389325149453,0.7180016196242135,-0.08743687378627235,3
0.3338638252562599,0.15399404798040833,0.9022014451218404,0.5942295871473905,0.918448580849292,-0.2252802561185923,0.7077500373454301,0.5144189336560115,0.33306824022975934,0.8122205780443412,1
0.34887234194769123,0.6407214876732331,0.40946511480185677,0.4425898351632356,0.5332605127752408,0.7041300841144006,0.4369192633429495,0.43028391500317514,0.18085893211726853,0.9620019504281413,0
0.2772226102911009,0.17443423000829655,0.32371065296259494,0.6589720729998282,0.43603854316828206,0.009352127632926088,-0.09948370520872177,0.6913795550013166,0.28267258276819096,0.7268923755286506,2
0.05542855998123482,0.7747335140026343,0.8461702974634772,0.22014423806024525,0.9858202898585435,0.5307930868357227,0.683797659838074,0.4612305516140296,0.7164608706927692,0.506786003546297,2
0.9124628162292054,0.5031727707589898,-0.008594210939142165,0.9897248681279256,0.02581753926297044,0.16375111456450764,0.04764687563072529,0.890895175493667,0.776612626319794,0.02399726941343461,3
0.27271809309428735,0.35916414750678916,-0.005900698443627464,-0.011495446492369346,0.5717753265847221,0.17909261112369906,0.23999565848054666,0.5427524578173992,0.8516510500452652,0.11635942610351865,2
0.7468515640731905,0.59243330285801,0.8193920439300383,0.06149403395926682,0.09088297559612242,0.12854083076488954,0.2917953011185605,0.87938862368462,0.9370076388217085,0.8690324545976432,1
0.05703023501304306,0.7731783158858652,0.8454498674188502,0.2178906739446236,0.9885008448367377,0.530728558272156,0.6849339581081807,0.4599059456705027,0.7155586866028,0.5078297705914118,2
1.111791988100757,0.7070501520619151,0.6329454207121842,0.4759938313624068,0.5353234641130837,0.6952738987770671,0.6622631837691425,0.8175874806626149,0.7465640288014361,0.6453915432386753,3
0.5369296758005424,0.22726086614561145,0.21626339906774672,0.25857171367703286,0.37415084090891876,0.8114327272510856,0.9978122937901283,0.16291412000849748,0.3692806901375577,0.05930112336724963,3
0.510395303614555,0.8072251895697858,0.7437962662536431,0.8791668624290564,0.8277327623792826,0.4280733773973377,0.18429696511463148,0.931084134980552,0.9758149052539119,0.8343294563589119,3
0.06283720261094844,0.205241211872855,0.3178108800628685,0.7520536149474664,0.8825759743224326,0.2931456114756678,0.7626826984384185,0.7425686862525965,0.7317730625200873,1.2813843597657792,1
0.4235520519058936,0.3665136896351686,0.2669569274031267,0.08992655709171443,0.7650669979374236,0.7911874994317337,0.5907912823463931,-0.07139819451374924,0.6575374155872978,0.3057464453184715,3
0.2547831608842428,0.9120903806871972,0.6457158429277594,0.49379752134556204,0.7414762205046546,0.6039213437957383,0.6618647150058296,0.47189578537292354,0.1843073107143161,0.32649822127937594,3
0.4499747129444422,0.523524477910615,0.19762526584555237,0.5607090497835596,0.5006539125269865,0.6738335385302626,0.9515189110551123,0.8763718432102532,0.44163041208596315,0.22110062755375615,3
0.36560466390830154,0.8461330310746994,0.6988953847649585,0.7360309943480319,0.4014614889172402,0.247491967182966,0.8427212920658631,0.13281364419199707,0.40734565031032927,0.7253860530504549,1
0.8333366030842896,0.9304309251902295,0.7836097967931206,0.8998535938114989,0.8254529950840339,0.4900281086063906,0.4077846111114671,0.623568357989547,0.7814019047407179,0.5827368659473051,3
0.5774387764266946,0.509326978374441,0.7354350504343898,-0.16138695356631003,0.1859296299078864,0.004257006021717871,0.16492681491160685,1.142350428749085,0.8771982464425423,0.7550830885133015,1
0.8385369146369868,0.5160979800813094,0.8446185881110032,0.16040793003253714,0.02442506179931847,0.0770866449490358,0.4008821193296655,0.9394292728467141,0.9448322246402292,0.9377793964181368,1
0.9760400174582415,0.7996847520477632,0.8948996006991585,0.41461215507980076,1.0552496466664105,0.3771366584298147,0.49943562730200286,-0.0370063765752669,0.3337104098673383,0.16812698472286158,2
0.3649634761231936,0.19723039347486274,0.6223458846769558,0.4590156707983264,0.32581140093058614,0.37150777613074043,0.34232217832142003,0.9627378765825236,0.3638839417434417,0.47696703720237565,2
1.1176445363039502,0.43526001957961546,-0.03125283896127107,1.0995407402885202,0.8059548597365089,0.7035268332277305,0.5488740540226694,1.1006506989840226,-0.1433905782874704,-0.19211857189471862,2
0.6546269513487548,0.40711403127442486,0.5618072490125308,0.7918600506247992,0.5555525334722642,0.908370072963389,0.5847611358559788,0.2815245459600125,0.16663132684369358,0.4413121026978571,2
0.4011617889785256,0.013035279733858401,0.7930778121044422,0.98878340327103,0.9849210508530316,0.7562652454547074,0.1888340832473127,0.6313593316963945,-0.3554060728136099,-0.4300523557912038,3
0.13993543259522948,0.44254153769803245,0.21477760566723142,0.13733168311756344,0.6778567225933764,0.872515738607151,0.6613752073487725,0.11218005400755918,0.6269619281937916,0.3060245001543415,3
0.6670599220660111,0.4032314313016937,0.5954276064017753,0.7514052906494243,0.5717204737242227,0.9452487366577892,0.6321292894908344,0.336586734861753,0.17188528256351607,0.4799347423287716,2
0.534856533544042,0.10046438670864806,0.11467153230040433,0.3040105244210819,0.3019246264658578,0.7518603231297449,1.1065340059734885,0.42229048905219174,0.41920025691909485,-0.017683177349056993,3
0.5089724422256819,0.2997402206438553,0.5258566852587547,0.6303211430354013,0.5388893303695774,1.0946048472549044,0.5452315223006031,0.43425339413351877,0.05621971806294168,0.612826565345916,2
1.1493133979669052,1.1996694233653151,0.6833884377731366,0.47241695243222626,0.4618762326279824,0.6760531697694072,0.5034925990435319,0.6484539649446912,0.7720849716845879,0.6866048846467079,2
0.36233765984915767,0.8506533368145416,0.5147623972354683,0.7955926549535698,-0.02291246122820197,0.27316571247083254,0.6475789113053849,0.24438774474327052,0.198799555166253,0.26024623625739557,1
0.4197528209125841,0.6855625415452711,0.5556645477177449,0.9848484334847027,0.850519116286345,0.5852524196624387,0.3729513372633759,0.8979902507743226,1.236117503130024,0.845043344413977,3
0.7171384951998216,0.6065809352278271,0.7973484966132219,0.015177222151663894,0.5789061409534901,0.5568190815580482,0.2903423278223971,0.8954705619365122,0.5660927721675235,1.0032446424623453,3
0.6057016180365009,0.6361685423756008,0.13978288211760395,0.7028821914966323,0.21013953770126872,0.8798896659394805,0.11689790254979598,0.3372857317773979,0.0506810983431822,0.3169822470024786,0
0.2854310326195731,0.7290414469587841,0.1365581888870676,1.007838197946893,-0.04675281371958051,-0.31976080726138545,0.6484628274402107,-0.013937800913347537,-0.07645883031088396,0.14923851372217456,1
0.3468139190376252,0.6935928117865703,0.2523295327594059,0.3280224842032055,-0.06784306949067803,1.0408765611982846,0.4032742723040319,0.5590616934122854,0.10287807010771233,0.828955576752559,1
0.13246699955161528,0.507080884001683,0.597999138938717,1.0596563734276847,0.9225956929349963,0.09634302819723672,0.7836190762531309,0.8519248307733572,0.6383655631930018,1.0115575365895455,1
0.17459030289794153,0.15990030747591177,0.5563615435590933,0.9125310394902907,0.9662219713166764,0.402647246183431,0.5969781440616527,0.009396084839828102,0.2962156244270396,0.234006563905443,3
0.5885494053227024,0.7035904886529356,0.6500046702365213,0.8933186476944494,0.895249595545179,0.5199720424184573,0.08427130737704076,0.8233892937121415,1.0620655766895133,0.8190212696145572,3
0.988340963516768,0.23612321918535734,0.2788098627846421,0.2613487078038793,-0.0825627279079551,0.7721368557577363,0.9882808991248996,0.6036538959415495,0.6237159387052816,0.03174643541635896,3
0.7462714977988134,0.8718007205565005,0.3834715228192436,0.6486396285985244,0.7430751129773504,0.7178674231286515,0.4828321704762034,0.896126711550385,0.011986797212263112,0.27886965578695366,2
0.9214152311517747,0.5291158927867157,0.6815894079944541,0.4769610884103115,-0.006678975842474247,0.4400222113101133,0.05038483817429898,0.6292270529263669,0.4715180068060173,0.36011443624189116,3
0.05687558365718951,0.5025812894417618,0.699139225084524,0.8680629303859738,1.0175925463515665,0.13856473401207364,0.708200150086489,0.8513550167894437,0.46670834848762377,0.9715685069095812,1
0.3573424768812461,0.2911550831412595,0.2128300882439011,0.12693989484333398,0.6608990844907232,0.8771674227903699,0.7157140828973245,0.12043902376907901,0.6906503331140451,0.3430920181544737,3
0.7588686525644464,0.3518866531086682,0.4745776936770312,0.6643821739112568,0.45854400143621504,1.057714986340171,0.5236316296974337,0.23506872702077292,0.05506227996019811,0.37690216590857817,2
0.04155162995054461,0.9753208643961765,0.7127239850870937,0.31533724486490444,0.9105328872885189,0.41622570212929366,0.6315277953895844,0.5968169636281762,0.6740031545054382,0.7298346654812973,1
0.30129844744426726,1.0388054887063785,0.5779906083767251,0.5104586464708315,0.8789977925745032,0.6079479225614352,0.6169714994558876,0.5231933916506843,0.2686339669240716,0.22907206893533708,3
0.5658267765585268,0.7224331209714879,0.31714684973461793,1.0787566110528664,0.03924444686252371,0.5597716598248732,0.45628117512002186,0.24187459016071058,-0.4218681803097859,-0.20114473567960967,0
1.1699725322720442,0.6510723867049468,0.09930354423328033,0.7839831722136488,-0.0992555018683188,0.20350938821291503,-0.044557910009082255,0.5905348506978105,0.9087267347533944,0.0886560349028657,3
0.6503119533410592,0.4000893850200908,0.5794707148310937,0.7410716502554084,0.5229743226880009,0.8955794999205231,0.7024135080332212,0.2828724014663087,0.24831179579308693,0.40219449332040236,2
0.7825144159412654,-0.011842686003231406,0.5458721355299553,0.17485993675371617,0.41382872227478285,0.7021200830418566,0.28998153945752925,1.0607457984092001,0.24333829134173154,0.4217791546040257,2
0.08976074229856672,0.15335943631484167,0.44670387900607106,0.8947890113220204,0.8450853757074669,0.4354350139406146,0.6638056763811087,-0.04106630512771735,0.2362498351648094,0.2748239444933416,3
0.5201802369238882,0.862935780881391,0.5764215316340546,0.6509435003175142,0.5808794223728785,0.01007890801060024,0.5862907099457136,1.1536371713011533,0.48127423801983626,0.21739438003823597,2
1.258897600991712,0.04059134370395223,0.37473998982494816,0.2544576525186384,0.31068043859691896,0.5116240897661886,-0.19111730014172024,0.4070672231768688,0.18144274848588107,0.18117909698017856,3
0.47027779216529686,0.21485877993180508,0.21126879443228308,0.21410097862035607,0.4039966912610839,0.9968790315011582,0.8391456392541083,0.20124873246842875,0.4488220580193285,0.07312737805841789,3
0.7913179151404908,0.48287279174574244,0.2932597427770391,0.05080156276104933,0.28168195975403476,1.0515701364716223,1.2632554325294798,0.38877810513242284,0.4146186139840837,0.046516843224379406,3
1.0567953616908963,0.5983724841483944,0.5358270479320262,0.13289055756235435,0.31064016589702964,0.6162609303889106,0.31847243295987915,1.1045985593034542,0.6656119320775654,0.7563316231008618,3
0.471998005009731,0.6607781037098082,0.9188544038873782,0.9352497715667962,0.2509700111750363,0.45198496898914664,0.9381258361519024,0.3535000218990615,0.43448665678082454,0.5701227547241112,1
0.05167092955501375,0.9732536390662079,1.017317055956241,0.4230705104074105,0.5888510386289362,0.6948622408027467,0.26627840714674433,0.2719296622941938,0.570946915402371,0.5408295868178271,1
0.5243988146436328,0.29338268167322656,0.34916404146557084,0.19880176253925597,0.37812678352883605,0.9192456071228782,0.917890385953056,0.18802095176443898,0.48303144399094217,-0.003765502087950394,3
0.4907082712523344,0.42926193332261386,-0.0575299371842935,0.37451439620222216,0.34162944017205,0.0501655585475967,-0.003875660130498615,0.7096903444595595,0.2790407697428629,0.7972564698312004,2
0.054864390508153234,0.7731089441613168,0.8478559937961522,0.21875187724961345,0.9855294567408985,0.5294927635405858,0.686819794770096,0.4614880631930395,0.7166469814698212,0.5068220558291117,2
0.10329992420286423,0.025134815032054406,0.6029151040717435,0.7777987998517252,0.8935446179098513,0.5303412741347008,0.5477296282844806,0.11445765401028182,0.15850541333889429,0.4460172687299935,3
0.7553281273772473,0.3074965430475575,0.5546749743845022,-0.034952683833716226,1.224942196095267,0.578936620340663,0.719044815044534,0.3971060576464826,0.5805389604131137,0.6946372429519617,3
0.12018783002042825,0.6610837488147128,1.0624269479875077,0.45080486030519223,0.6235714178981492,0.7453785642866912,0.3444135120467726,0.328592907035243,0.17212209242274645,0.6383429013342478,1
0.5467116456517056,-0.04309858137704123,0.2963090678223676,0.2221102340699615,0.24134723288336662,0.6033644749107347,0.5630231578643146,0.8283938232878073,0.2218045868741248,0.7054343354196847,2
0.2556567138546417,0.7517920234135982,0.8012658279804982,0.5690020685355419,0.7842076010228654,0.7085050875052261,0.4962355736270447,0.373636902589613,0.2837404402462303,0.6325810328562994,1
0.3285352844954835,0.9222773372348388,0.7880885591771687,0.39765208455580003,0.6843842431592944,0.6115212307463601,0.6565626768841103,0.5738251613377472,0.2829933954621061,0.4002022818261633,3
0.07804613002453559,0.9537230637724075,0.7057857158517666,0.2767755815266674,0.9204530226279727,0.41183858188389816,0.6021124886251746,0.601667478562115,0.7022186497486798,0.7458809851677753,1
0.3835670106991621,0.9895527434060548,0.9908803720881706,0.703407750842292,0.8835314614649693,0.1993264001258845,0.8668177102278315,0.8053665193993677,0.5597378292350349,0.07803953277363139,2
0.41810518958136544,0.16071544174244523,0.6724153302551628,0.36418921183070924,0.8726247697087164,0.020205182794837136,0.942051909686281,0.3430206372562155,0.6046955237436513,1.139627187558475,1
0.5589893373514357,0.5628361593941575,-0.04093977038725005,0.5475741716902566,0.30965168653182285,0.14727039001407172,0.0452876706964388,0.6195284752808718,0.1764009452351811,0.7586769026016342,2
0.299793237921166,0.46696551931680186,0.43876366724837285,0.3072118912039246,0.5493372068764415,0.6775604456708234,0.822075733219264,0.20597896370016425,0.4333540732850799,0.527652587136508,2
1.1144265801022613,0.4906540372784344,-0.027070003177170565,0.7190184741803911,0.5243652367860243,0.8708413222200364,0.7161151179867328,0.9856154297810903,0.19526614122262434,-0.17512130976197196,2
0.5793174109171635,0.15002564702712096,0.23885180399969233,0.23297333771215226,0.3410535134101519,0.8763542694467781,0.9698497395613789,0.32866352981763364,0.4869074828147504,-0.05384916876123842,3
0.5025529419306802,0.8193556793892384,0.7289101307481359,0.8710423620671967,0.8106791892164639,0.4072847430635355,0.1595992146268227,0.9149008251813711,0.9927720671970789,0.8397548999043936,3
0.4650950619499255,0.832770539924665,0.19551367470981534,0.4136675501423777,0.046884384891179076,0.9078516625013011,0.5465574508186426,0.43534912648570473,0.18035834997582326,0.9630993341447711,1
0.6996675367129672,0.4365989572069773,0.6034976923060452,0.7455295826802583,0.5520330149072533,0.9270668944983183,0.6327778481675954,0.3084315810708195,0.18747318596330828,0.4728053926496507,2
0.5572140992034189,0.6970914113833925,0.39077699565687973,-0.2648790632771634,0.25711546838343025,1.1989725950003152,0.6700390420919202,0.2261412224182903,0.08565175842030243,0.3349851769801367,3
0.9338912430873518,0.48469165367916334,0.032384952693797854,1.0074157815037426,0.03483089798422651,0.11987851356280438,0.001258938031889919,0.9003632911232461,0.7837690745660252,0.030697659429768438,3
0.010381020067416286,0.3410951288000846,0.05217334389581686,0.04213541558643328,0.47966908120065216,0.19336484199202053,0.07338908195111331,0.2961289484181503,0.8379288383731605,0.1678294718600903,2
0.32786496640969565,0.29502044234986424,0.3995308167925894,0.2029750185565539,0.42046074418200785,0.8157608988284809,1.0497555135964123,0.31089525812644564,0.4781586405903771,0.03710116702494215,3
0.2606199755052818,0.9638613501749044,0.7067012098081622,0.9212524132053852,0.2546052358605582,0.06671499694964111,1.1556692418799872,0.7575580739893739,0.8443633827416376,-0.053556121840493354,0
0.9415548899268128,0.8256428385818945,0.9486583605040695,-0.2539709218131619,1.0094927546678165,-0.1213940671369142,1.6559125571348372,0.4691554796376338,0.2078107075867064,-0.2340941539612248,3
0.2919358920989532,0.4579680632076044,0.42064604030546415,0.2680309920929797,0.5904947988364614,0.7257561807613896,0.7873502894182531,0.2695125249238935,0.4396259888379151,0.47112117033749656,2
0.35980087775780756,0.43456354302539985,0.9970702768656199,0.35580291758822485,0.24747448955435214,0.10083857927906256,1.0035292032965677,0.13266078999697045,0.8573355992440096,0.14378894796897568,3
0.12382140575690168,0.4479062716214006,0.5190348414312528,-0.04069279448862371,0.5689439655900999,0.8871246506994435,0.6768466974056209,-0.1488748790830859,0.6626408488609234,0.15714108744257418,3
0.7697655243624653,-0.07854383059694464,0.4777202894487623,0.1445233766588544,1.1140531724967406,0.48088658117488803,0.32940543377114934,0.9365809105717088,0.024661326836876444,0.37357743357193673,3
-0.37138471132466777,0.5989879545465108,0.6574579623533952,2.14746403255614,-0.2784723781845386,-0.7403091576398201,2.0361176400348224,0.3419779975403919,0.7182747857977656,0.5927677285815011,0
0.26901790113425583,0.8425023595992425,0.5076663228181585,0.7521590601113399,0.050193163315111006,0.25795183614801437,0.7121327849113266,0.29240785945689546,0.07463477442032934,0.23127774829944503,1
0.26857289102846055,0.5330375647060116,0.181689288733582,0.6528137566598465,0.5741514265367955,1.0539807929730163,0.025033253513259635,0.5841512384561451,0.3282924093523155,0.21605625266551248,0
-0.3680544650977757,1.2615577329980296,0.430826706581822,0.831791154810913,0.6716391426791715,1.3954608790490206,0.16527248630568264,-0.40006467746515295,0.39606232245379647,1.2197374481853873,0
0.3911258709898795,0.4954654889162457,0.35769553163449835,0.12208081109329863,0.11907072316235011,0.596340607342772,0.008831015417958978,0.6149900546537057,0.9214769607527891,0.13842230688940527,3
0.2214752457225957,0.2652659708852775,0.9275988414038119,0.38210924024839876,0.796070319683915,1.1324700913272805,0.9369182756132893,-0.012273209237337296,0.4460368908956546,0.5271692418127493,3
0.7396797596638286,0.6036182059210894,0.6622639775690984,0.42940107599176064,-0.003953099213751629,0.38498567321026933,0.17674673697088947,0.47024448974634014,0.4490852973708872,0.5064401825723719,3
0.08039073981014397,0.8588410914326146,0.5822815375420215,0.25386554601287203,0.9463435403127893,0.4185290481628209,0.5007632669317578,0.6869277875468581,0.7159734000627448,0.6842946985833747,1
0.36257639283415766,0.8009022076060228,0.4732645199258753,0.8193421943037177,-0.03767740931180573,0.2493175141823249,0.6408996072997614,0.2603693380185085,0.1788143233780473,0.20768468015467711,1
0.7022654921808309,0.7900653722894329,0.5007970447091222,0.5718461601397332,0.14873828402899836,0.43734507618640206,0.3621719927321036,0.27468645362118527,0.5803702964052528,0.7992116237453012,1
0.5516832153522948,0.5603095236086312,0.2166992672783094,0.5950471330463131,0.4230942592265552,0.6841087627790667,0.8998648610717673,0.9443527800191814,0.5334676108902031,0.11289195586106592,3
0.45459930110330093,0.2171801267878927,0.2785397427484935,0.16145256730664098,0.35991543255617037,0.8577128008998779,0.9434415769233421,0.25499999348604846,0.4589604146364645,0.04283670746659982,3
0.4545953102414714,0.5317782223939657,0.18880625311122415,0.5782632784759688,0.49549865783642916,0.6573304875675395,0.9598655135174646,0.8662580909409024,0.44099073058615895,0.20428768353198884,3
0.2678473517888317,0.5592586789143121,1.211414583031293,0.3294513152847801,-0.2160221335963755,0.8247398285126293,0.11640223806359878,0.4594976553946779,-0.2657730745085233,0.9769876659544431,3
0.5438937178704322,0.7558286434630843,0.19050780672553463,0.6448016571551349,0.2955739752560107,0.7653320370376648,0.032211091022482166,0.2678814564264994,-0.009839505616913533,0.34056683888754213,0
0.8664414331728649,0.7382285410956729,0.5162785424835413,0.4608061013432507,0.3094677217975451,0.2868328021996802,0.22125487993137546,0.09641576779073706,0.41460615768462555,0.8750338534675852,1
0.19141177775039062,0.5750264887977082,-0.1828340460636487,-0.14938449650736624,0.5610101197120639,0.1006772216652787,0.16685768343283083,0.4564747581657008,0.6756491176031083,0.4154558665666401,2
0.05593436738813362,0.7727363708554918,0.8478011251398618,0.2197379059171938,0.9856533649115697,0.5307424111692541,0.6861791054626731,0.4603552009497172,0.7149335307211012,0.5085505502913776,2
0.1520186538358603,0.8987958916742939,0.6765965133945651,0.30253319025860986,0.8281256328164757,0.47396798554972563,0.662544723416407,0.566061584782803,0.7730282500825374,0.6065294052908641,1
0.4682731843203646,0.5145503717517013,0.16924652309576307,0.552639333887777,0.4819227020662703,0.6674097380431306,0.9489033321127086,0.8979098689747994,0.41594249101209196,0.21904023359526148,3
0.9383650027013555,0.4712306779062632,0.00040381223619023396,1.0136865468968779,0.1356434846197651,0.20316009280806854,0.008186820008171905,0.8414582225514702,0.8800293544163784,-0.031453578175816704,3
0.2267653313881247,0.662319393194589,1.0922059122171948,0.5999997953332267,0.77467689837707,0.6311512492342903,0.5960538905321282,0.36833059807648233,0.3247260462296375,0.39586611369232105,1
1.0738306107564477,-0.3403768588808783,1.204328850323398,0.3797651163530352,1.1002992604474044,1.0951823570214916,1.0087661928134373,-0.09768961443360721,1.0711941676542938,0.42995078339778475,3
0.4921146939774319,0.7183235596984001,0.8991024645297669,-0.01584904156862868,-0.04157655621564704,-0.05969234811400262,1.0565854502715748,0.19812957693534614,1.0101662229173072,0.3115386397829629,3
0.5893017464136717,0.9435950726602823,0.2819521482003967,0.5830051165452018,0.9789239810702278,0.4794516500455469,0.9657240022820774,0.1475814799048405,0.9094860598545842,0.8290609379375783,1
0.4108320358645019,0.44562686545311886,1.2866082589184638,0.6830638599987295,0.5979788059964584,0.1643500724765018,0.8260918577809391,0.864653752964746,0.7802518560882334,-0.484097347330227,0
0.8923669528868875,0.6057078584826773,0.5069218729443783,0.6127200839213838,0.052373798741296995,0.36998132496267566,0.2545659465513224,0.3745657951756588,0.4685903813597255,0.8685931615141821,1
0.6970163053014085,0.44755083513989835,0.6065010614668409,0.7659268401040781,0.5828897243368982,0.9068812714760184,0.6655205390742632,0.2803428056902668,0.2194199718198267,0.5069146001022361,2
0.08532111532687853,0.537270632751528,0.5838606140112949,0.9487717780118226,0.9345939207394783,0.0817872136874174,0.834934125061525,0.9211113685867389,0.5201945722033738,0.952363882352859,1
0.6180937081965036,0.5022982774405849,0.16095610980342578,0.6009210239263117,0.36040663019000047,0.1102335945921786,-0.21814906637149867,0.6382437512029107,0.17579874787710553,1.1922430572648122,3
1.1323330579742372,0.6089513058552039,0.6446403732621188,0.3781067997041331,0.5983700410543664,0.4167920023753212,0.5385070171394228,1.0656788402730113,0.8143482102656794,0.6530958127885045,3
0.9023427721460802,0.662544876051664,0.25783081043231393,0.14618367660147638,0.04194542547648615,0.6035039541364259,0.351671217816275,0.6481948549711727,0.38829056082731417,0.3153471707461195,0
0.11722430819472618,0.18270890551116944,-0.03486487535103204,-0.09120936219846276,0.4552019356864209,0.19301801557276843,0.30500823096760576,0.41546483365540726,1.0111289432408153,0.10465717920203432,2
0.18987371110749118,0.8787063582664826,0.7374165048704496,0.8272586917513122,0.8639505511417204,0.5093041278965333,0.4440666347416001,1.0961235824936604,0.9620585747411462,0.6511287265498615,3
0.17141347578819888,0.9044073007739625,0.7666749723469057,0.6446266894729967,0.18101203172051766,0.40344546756892435,0.9596314377650116,0.3954998591602165,0.6900785198480134,0.15439120074514576,0
-0.1361461147713663,0.17497487885168495,-0.007150660188314117,0.01964008514040616,0.15694071829919498,1.000139666122349,1.2096992430256357,0.1883979745137035,0.9424779263649948,0.2553091787973954,3
0.30968023936098577,0.3013381545822493,0.5651704293021875,0.15315681263417738,0.6452986912633333,0.48367893935987594,0.25752356884521993,0.8891113311964283,0.5126105875286213,0.48137262750883697,2
0.9763722845039354,0.751272820770936,0.24418595159424017,0.7903304431511416,0.4455779711247536,0.7805982838652686,0.5253267350074162,1.0912452484586947,-0.11282669440822253,0.1408313438120001,2
0.9293249906422675,0.7124331117190534,0.5194792770764041,0.46805827623909446,0.25561488038786095,0.2757683965319469,0.2520296257149927,0.1581013764174996,0.39832724007206405,0.8744363950615642,1
0.8860790763457469,0.7627630494885766,0.5293722549932848,0.12211102648592205,0.3121599882889419,0.6257328181959904,0.5263062085841761,1.0751938065910416,0.6760217210858863,0.6519936309284138,3
1.3098471618099823,0.2754276457657161,0.594275761900827,0.9132375236217153,0.8643648131763539,0.7791808074446606,0.26850216014210115,1.2113518768224967,-0.14432558881484184,-0.2751194688970071,2
0.4485937825102747,0.6020897355549991,0.8303315017026326,0.16331645691047358,0.7274644344089133,0.6849920079568926,0.4862157762956736,0.907501089159805,0.49225670640727115,0.5083662929867553,1
0.4836221707535859,0.1943344106962452,0.2932338295944947,0.1130032729062344,0.3977813642474397,0.8589075778377654,0.9518578812393224,0.2918650869131982,0.4951813502813084,-0.002767743101891755,3
-0.07403024074324782,0.46064309349179755,0.8918734066027506,0.39933837886833323,0.7490283257840232,0.5340790649553714,0.4235525735243952,0.33844039425261985,0.21864679513319904,0.531126735669472,1
0.11850282217959206,0.6565918481757259,0.8703583114426475,0.558778218658644,0.7467022459640087,0.6606964717328598,0.3541084121742081,0.4910312737077502,0.34467332790909155,0.4796566949625976,1
0.8591942258826539,0.36495628685622405,0.577109796952817,0.4129224179658125,0.09714298563527966,0.5967870319820652,0.37859714579332215,0.24408796266905203,0.44469381135704966,0.6575772607883408,3
0.058537908857452525,0.7698059375550963,0.846023312727673,0.2158307410063765,0.9846845194973451,0.5319263958559936,0.6833333607789526,0.46098073050696875,0.7148653626443539,0.5056804240524783,2
0.06980826601236455,0.6834596095697353,1.0289586259635237,0.6956933189305714,0.7965374225649446,0.6197936371153703,0.3781107147396543,0.4425943857378259,0.27416116748076513,0.5379943628449326,1
0.4941210458989452,0.5418510148073188,0.13638474553664373,0.5747565145808509,0.5029322052790389,0.6573930697882463,0.8980414775259411,0.9109884042583354,0.38871411823131763,0.2373390762268028,3
0.05684628810732408,0.773200088110201,0.847176748789094,0.21914552999294262,0.9864884351425168,0.5311313276398119,0.6848203046228307,0.4619307719015532,0.715792615990381,0.5070710677235329,2
0.8161411140329361,0.6410963832948555,0.3412610955309294,0.04595761190262959,0.08695907154907845,0.4404930295349305,0.3405045801167733,0.6199587876792707,0.460316265895519,0.4820794305307241,0
0.32818653346313476,0.263728178473285,0.12354862331106495,0.23583007793030464,0.4542873579222304,0.7324134787782821,0.8692097160840905,0.3803397827221526,0.5330330186105543,0.2821052838390441,3
0.06670509462511333,0.032348448695006554,0.30897699515772525,0.8077924108086835,0.0834868658993975,0.4022488680462231,0.5646546270758915,0.8841499504616783,0.4782171637189012,0.5093390783775449,0
0.19478770315450916,0.866133238564267,1.0402039786109887,0.39066362107767405,0.6833259410718603,0.24787401652798868,0.601686487646298,0.34359656618518297,0.351451523602017,0.40005245422692604,1
0.46311915750821675,0.27697231829619634,0.5198354478063447,-0.20300919625518482,-0.10508481496118721,-0.05654734182735702,0.2995492510266216,1.0146224944101445,0.6714483770443358,1.1403413795033073,1
-0.5131240492144227,0.14388582676075917,0.630904184415354,0.8761057194263765,-0.001458923304669013,0.8121698644585027,0.6439567659888067,-0.20091405909632964,1.0634809370441356,0.11279961367392341,3
1.000252936691214,0.07366926149337752,-0.0412276305978097,0.6882673447883981,0.9568902335585397,0.09560773910623416,0.6712813919089423,0.7097535825185741,0.6701780291465079,0.6799933759301064,1
0.9167330244278395,0.7432487058237798,0.4996297436710545,0.42659249619956824,0.2795384403775133,0.22851202195079431,0.23383111084759936,0.1626680475832111,0.4205525435968512,0.9019224293311862,1
0.1885639335331673,0.17087860632806345,0.5531090725677807,0.08532639033300748,0.19121448341261507,0.6649176367795935,0.27168365910506304,0.34710537379471934,0.7923461183160723,0.2720132198250302,3
0.3766582557668095,0.29010063914647277,0.5970015843619567,0.3500562607204206,0.031564095008896786,0.5798058614576097,0.12236747494517772,0.25977587666810914,0.8333730718729238,0.3782609399336055,3
0.6950728921874918,0.601545609509601,0.7771740717660226,0.05400517269170153,0.1535975001920648,0.11027878257979461,0.3590746426625734,0.9612633147803307,0.9209951189359025,0.7836608459478207,1
0.6876570497226302,0.8979280552086161,0.2199291231534857,0.6405212489300844,0.9939150064992424,0.4842627640723199,1.0344776794970847,0.10490514304322326,0.9061783047579423,0.8721194579259671,1
0.7595218576766348,0.4086624766817047,0.8277076668276793,0.2727628918210807,1.181611122873017,0.5818870932667511,0.888205986793994,0.8155624300596833,0.45705912415501737,-0.021917946170896485,1
-0.07353336197762184,0.15428439375381642,1.2972721469186026,0.12161413550041852,0.07565799147712157,-0.018469308327375505,0.7951375922007005,-0.0009754622936939961,1.1791953359438858,0.1278167104481201,3
0.47076338333500267,0.21671571992863173,0.31427316794529175,0.12734353828461117,0.3181259773435151,0.9004160127718981,0.9246104762528787,0.22044366825597037,0.4365415484786428,0.013365750962826196,3
0.3471200499395416,0.3727781150758741,0.8206385547329071,0.3244762034548773,0.7725467523838502,0.8149444493381409,0.5491897954187841,0.6159010790672695,0.4899550893636142,0.4687846840709063,1
0.5828718528228173,0.672450312765475,0.1485737087304734,0.7408140163590294,0.17738771598693348,0.8953525117317679,0.09439268753799512,0.3163172751020127,0.05686209391813922,0.2982381224457501,0
0.1762954428048104,0.8194707936222867,0.4810747145622002,0.663546108914578,0.5462817411898209,0.30350411135352284,0.4827461913372292,-0.02165187802087204,-0.019409959841842683,0.7979962033842707,1
0.9767093209171256,0.246928010625582,0.26559909003120086,1.287952685542515,1.2961622856995212,0.08010894394730611,0.14268217021709517,1.0650533393042743,1.0497009496706922,0.3363272773401683,3
0.8290554036861257,0.9163885138239563,1.0103656469298894,0.8590038934575542,0.5291018331558298,0.14472694873423353,-0.006385845158991321,0.8740022898739778,1.27609561058158,0.6812314532455194,3
0.306440831740001,0.5496281268728411,1.2451068372533232,0.7281986084109194,0.42824702093692024,0.43879074867712703,0.5506843264029215,0.44056046319489445,0.12284078327023149,0.23820619071569854,1
0.6822775295378477,0.3983010433254927,0.7043719635134708,0.6024073678136534,0.8087083946595368,0.011191466443247852,0.6481890967300884,0.450064735912857,-0.10545478211986145,-0.06998642887119716,2
-0.040981047590758046,0.2198023238660286,1.149635747588305,0.8298742865513957,-0.039731307112236824,1.0413256428663593,0.8717039988142781,1.4404393448383281,-0.046847740504143864,0.46690662440705777,2
0.13767778217963814,0.09136504484241498,0.402179578763513,0.7185917957736279,0.09937398248951372,0.37911555736326247,0.5396169214622085,0.8489740525502935,0.4141901396952796,0.4484324048106889,0
0.9556187572741459,0.6237251716876544,0.6959773192650098,0.26810189933294265,0.35568857361884837,0.43167920130135196,0.40478896470002274,0.9563520375282827,0.6643113803518624,0.9028505402357775,3
0.0344700291865816,0.9061411852565973,0.6023185930615973,0.27380814189676395,1.009061509442471,0.42919023474302964,0.5263289438349262,0.5814253568127903,0.728036907945397,0.7280736060663519,1
0.39101494081814986,0.8660767516880489,0.46533230224471434,0.8134614702577191,-0.01887871539467102,0.25310614161895106,0.6300256043610813,0.28001017429940656,0.17893068039304727,0.19101896342839983,1
0.6002416686113926,0.9402826062004611,0.2672301411928666,0.5351191511594592,1.021259399844481,0.45763395688720315,0.9331296192793025,0.12916587165960594,0.9168455404787135,0.7784902244507518,1
1.8545461009194528,0.6485379489622054,0.06397834545964268,1.4847489384787607,1.0495749639683873,1.0493518698319102,-0.394576429334192,1.7183610464622099,-0.5428471251066967,-0.7621217356936598,2
0.5394490098971505,1.149985552562238,-0.0037117720903744045,-0.24718347182643752,0.2759281414913594,1.0761067824430266,0.949225685385318,0.14311384317890022,0.6494039053137237,0.6460037083973827,0
0.6983997855948338,1.000866486142728,0.763616400019187,0.1876285449164567,1.491116251228762,0.3696643814520211,0.584583620862158,0.9716612439016507,0.4504106045386289,0.0943858502306423,2
0.29664389504842165,0.1795357931109854,0.3318027503086166,0.19829639134106147,0.7608028420790388,0.6903315963828681,0.728059992457372,0.08725775961392727,0.3379243901660468,0.44753560094227796,3
0.4923976902768947,0.5505829560520572,-0.12865861135322776,0.47638893240792,0.22709877890136948,0.1530379777984286,0.021504741992041186,0.9378778560742722,-0.06833516599205311,0.39649098591034526,2
0.43080272918385243,0.7797874082181769,0.5015724000254196,0.6280157252901667,-0.0071529700845206975,0.3032527714805767,0.5311213561105665,0.320374167599935,0.14340766125288984,0.03315004108299438,1
0.3255253695347953,0.9946927406498561,0.4065221761499149,0.9386914406058011,0.17507401200043987,0.16730375861392976,0.4790235161292652,0.10305178025691805,0.31932184465511126,0.13403510110851152,1
0.47030987795020623,0.2229154998453837,0.2702134513056901,0.15800502296743973,0.343195752486107,0.8519547140187826,0.9463910206751412,0.2576672213613803,0.46716873101686107,0.04392727931716396,3
0.4770815292777852,0.4845235335891988,0.46773303839694086,0.2043420711790913,0.07314460875304978,0.683207065866686,-0.015272371841299148,0.6200267612845067,0.9016866443409554,0.19641156342577787,3
0.4264652738429817,0.40530026208511116,0.09694309209381091,0.518744209820705,0.33422593523612554,0.07854005582767964,0.0398091650154909,0.8041680048064477,0.095177110068022,0.6338596130253541,2
0.7867095012393248,0.5694605617552779,0.7975253886916701,0.14529158182131435,0.5105804709797317,0.37233881602655755,0.3383648227934306,1.0699299449436195,0.5953922746472636,0.8280959777860016,3
0.27044093295466054,0.4189795252128551,0.16019586742136532,-0.10201157021079929,0.3700934596379264,0.24028147679989,-0.032884321538031724,0.19574755164830573,0.9506700082826819,0.34901492280212676,2
0.28091411461265475,0.38234150867715316,-0.12601068345405456,0.04956397905765998,0.2527145635058598,-0.027637836336901242,-0.049656084386015015,0.43091801367308086,0.7658003679842709,0.2611837692307744,2
0.32140341083029533,0.6334307155071155,0.1631776023285579,0.10457190543545936,1.0245027184415398,0.7806264181828515,0.5464945891731553,0.2458640996515306,0.4979848137894593,0.7758253404974403,0
0.3492764922130728,0.1769879713869902,0.4805579556590188,0.07678883602669041,0.2442041610286041,0.7112248183072242,0.17746343106524298,0.30460680641289856,1.030246103163746,0.36552260995162783,3
0.35274907755846024,0.3944252420113463,0.4451994687870933,0.2417746347994341,0.6182437539903323,0.7118216914127017,0.8432947714890946,0.22130297943679544,0.42758366146682397,0.5269299757604975,2
0.28951472430349723,1.3250525694916866,1.0176975084516218,0.7942595152718123,0.0639206224314523,0.25925378951405875,0.7746335245272459,0.3379158682769906,0.7437933510501439,0.37673360251207266,0
0.301839903522253,1.0064538061522916,0.5916260697449233,0.8269948944144495,-0.13678693804147674,0.383197997121722,0.5508200159260779,0.4009085154081746,0.0900524061117046,0.3491377263178209,1
0.445782395984856,0.0018600654035083597,0.8249454926827996,0.12120023486964365,0.0018038794556560211,-0.20504383145104937,-0.12683923876614195,0.9792032977173314,0.35627224940143787,0.4016438984757999,3
0.07204388033317716,0.999476770494515,0.6476116345818133,0.3297195368779855,0.9765521026470537,0.38708493152396484,0.6125578283209355,0.5615548433440848,0.6456548891439404,0.7825528758466272,1
0.7995886022451127,0.545163040182284,0.5790005170566536,0.5696064868190117,0.0742335468021573,0.3613027061806034,0.18045869169195466,0.5356151946868059,0.3758292284223109,0.40696467694265237,3
1.7119680965937298,0.8281318763485577,0.15192028316235673,0.21852414405825848,0.8533672146740842,0.1431325980032721,0.22192043914715387,0.7075213008243644,0.4981504587170854,0.7099009752680224,3
0.048708583394583206,0.9070199127360729,0.7228953829896256,0.24598070374369368,0.9703624193817599,0.4511486402889327,0.6109422983411703,0.6118322564550694,0.6680009166295949,0.6344838177951544,1
0.3712894700837144,0.8597420942729554,0.5380926299454768,0.8530806769435826,0.08414204876420724,0.2715142015348233,0.6559034875660688,0.2259964775317644,0.1520864703943786,0.21717841255235915,1
0.386393325091944,0.8289582818636179,0.73528209129546,0.38236694619005884,0.635913463442293,0.6271045297684033,0.6576809025897746,0.6432877215507471,0.014883533867130538,0.5191552632827978,3
0.030248152570077527,0.627174093278271,0.8815014091077408,0.6446215609415422,0.7626960231963421,0.6909217947591264,0.5019849242001679,0.37673812918158545,0.3641154496407892,0.42185265144058276,1
0.4577390889450509,0.81843126458828,0.047200139503755706,0.32861338222236763,0.09078133058153992,0.910535231112787,0.4351796983427252,0.4857262890379342,0.18715680796130094,0.8978331490257447,1
0.10117096532746943,0.14366352439294777,0.1774790691237599,0.16034423484924873,0.3458633801124443,0.8527181471042043,0.2320614135949076,0.3482757728463721,0.6682779950426643,0.4794300669559896,1
0.6214346038395148,0.4372753234209248,0.7548595812081091,0.2591288539568211,0.20364968593113392,0.3225284721418973,0.5772137987681009,0.833878122077318,0.9901228807390821,1.0951317916130268,1
0.510533539994726,0.13804268078289994,0.49754904899719243,0.31672353161241895,0.41615690096792984,0.48770588825114686,0.3653815003363133,0.8030130816210171,0.3001902097359686,0.6037014437348047,2
1.2946635518336966,0.5492531234056168,1.21436081435239,0.9007494183354376,0.863342277125072,1.5881156235105245,-0.7228032465328218,1.2955412717332093,0.21862683699828012,0.14368204886833325,2
0.6844632622850639,1.0967470554175922,0.5074907749922442,0.15847399169220255,-0.36867149254388715,0.17293352693698177,0.08446382824839227,0.9873830436568503,0.10344149490731375,0.8015808320690818,0
0.6584227652756012,0.3332015422448251,0.6781167094406174,0.6806274869620559,0.533502644958296,0.9624427160185229,0.5430922726165798,0.3927240442333902,0.10423191924973799,0.4057913656397172,2
0.3817128288511875,0.5459080086843495,0.6581470279214271,0.5256894502712933,0.360493281810216,0.1519027603452949,0.2532478343087869,0.4484715943095897,0.10857636116703401,0.028590146722570375,3
0.9521577558335824,0.4912672586527499,0.02140805958829188,1.0122582673806302,0.04600854364102708,0.13227442675799,0.017366268550285485,0.895620389434756,0.7923475606176612,0.04353100567144868,3
0.24953867063039914,0.3989881009299632,0.4899841393917021,0.12900086551039447,0.5584625203666935,0.6747955985423522,1.0410729063789526,0.38024224776855975,0.23913760702854037,0.20789865153895862,3
1.0405037623235318,0.6748740351021252,0.6604551276106121,0.374478107619601,0.2119486939671208,0.21188304601304622,0.33337767466661083,0.102084580689164,0.5162442151860438,0.8868410410814243,1
-0.15310792086319225,0.21091045517929602,1.1136039863551117,1.0118106980899104,0.11208247117323933,0.343425276420268,1.458895668344359,1.1972917686676838,0.7591891083961517,0.012276616536808116,3
0.8446558103138424,0.8301506557257992,0.8290711659347516,0.5170326877020179,0.335267597611547,0.5896752776543345,0.008044738220333303,0.7404248142356975,0.5122252211567103,0.3063326438291402,3
0.05597597488409892,0.774345152862565,0.8469487763515574,0.2183741369686185,0.9869609492871457,0.5314032706754955,0.685286246841829,0.4613392213503212,0.7164871504815525,0.5070013677675435,2
0.9012881384541959,0.5631063398861893,-0.02855586659413424,1.0535267192935691,-0.04466663544078478,0.22293553111940584,0.08157071030735451,0.8738589784941654,0.7064256811182312,-0.004993409918879477,3
0.6642478513947556,0.7484104449585972,1.0955563393553285,0.3417958238196007,0.22490028117495992,0.797669150737754,0.5579867475596967,-0.006918114276794535,0.40900513021925466,0.6143284115980889,1
0.9595508274585597,0.43679004141967404,0.03513714702979026,0.9722351562231933,0.0703074747343855,0.08601973516857465,0.07156110421051312,0.8330159812020023,0.8272530287923815,-0.012528581966466931,3
0.46645407421872653,0.3345363505840618,0.48120085154862813,0.10771725956062297,0.25180270484691997,0.7716831465923311,1.042205512514812,0.4394649662453838,0.8362047857390942,-0.2909638533123599,3
0.9044340107625731,0.7140657129707453,0.6084064016560826,0.5152335723924059,0.19777756508260805,0.31929045452184307,0.17948992613035672,0.1845278799896401,0.33513291483444024,0.9530844837023846,1
0.13243607817582814,0.8787014969073998,0.6862599533049322,0.334325568798763,1.0110567016904581,0.29275696374540344,0.6266353491047614,0.5127929854421791,0.6209937994800254,0.7388918225969066,1
0.26834942792444116,0.3624049034533854,0.2894435102528209,-0.0018518152092186213,0.743224114795147,0.857735693863636,0.6971333168418072,0.050739035727955656,0.6660658673890462,0.3548072558543506,3
0.6537292655410236,0.5116627290949498,0.09377243551918377,0.26482488464711423,0.16577408267439642,0.7086422291767519,0.2335593072379462,0.5058299341797643,0.22318156278173173,0.322942316104174,0
0.0510140114142529,0.8645092804094274,0.6985586493718726,1.0712590437086165,0.5351740147802161,0.3524080343379523,0.7757559786318129,0.20763962423104193,1.1747145953642715,0.2569490632192566,0
0.5579427340229777,0.596639798803112,0.49878630814654595,0.9148199894480208,0.1975539684355787,0.5658347831126433,0.28592861849355766,0.25506563469815086,-0.08284772780468405,-0.14596671815198542,1
1.6251405384087207,0.49121514080357903,0.20711286497459658,-0.19810060933574047,0.8551662756044616,0.8455225629772365,-0.33767045498494574,0.4718749996433769,-0.3497919461900528,0.2023689994548344,3
0.05297878918370672,0.9524801475630533,0.69271300438872,0.2996842974762735,0.9378424783666243,0.3786007463760467,0.6084636016497714,0.576046795041089,0.683539460013963,0.7154481327576353,1
0.3349196999052533,0.7612337275379314,0.41530358751057056,0.26255064986384713,0.8578492229422863,0.13687204530130154,0.6182148198696571,0.5530196846266253,0.8029817123457481,0.681670272901049,1
-0.07979495794191993,0.10776858950857116,0.4522057709205156,0.4474345067428833,1.2599955721931457,0.5715421342666762,-0.3588871331774467,1.461684899897999,1.6734475904871902,1.0126439302562131,3
0.08987386924365565,1.0188869284280646,0.8672120125669586,0.8315073867231886,0.11699995797689934,0.25121917441542707,1.0499539491417866,0.6491211942448588,0.6658238926780748,-0.0180155442375948,0
0.8761493689668485,1.2384433752293134,-0.10866645011015688,0.8785980893742042,0.45251448293452057,0.7230770860485972,-0.04431960748021152,-0.19153572037151656,-0.11608026362954343,0.8747143198684266,0
0.365045752499427,0.00025840715040152673,0.698525798958076,0.2142408150330271,0.2401936212520112,0.620063317748996,0.18953142253473754,0.3879124415242947,0.7879330653880592,0.2844338404150091,3
1.0155381247461326,0.611028116546557,0.1930253006608679,0.9402654744550404,0.5999586797292623,0.6932324299708773,0.49931413000768304,0.9513258162786744,-0.007700451586741257,0.03410348892630382,2
0.303632808657241,0.1716234206719031,0.13880578290124465,0.24588278239600583,0.729006349759501,0.7223676435976107,0.5669386649490928,0.09928559417088964,0.5579933842447903,0.27140365554226475,3
0.11832905318020392,0.8212614014838204,1.1677787488836904,0.8211307630990896,0.7866702754502854,0.6476184432919578,0.1008036996623283,1.1314326160452397,1.3825507884287231,1.0348922107033358,3
0.04814307565946717,0.1512245742794947,0.1357454030078771,0.22859157522712797,0.36966657688555105,0.9610274886348849,0.2976517768648482,0.34862942383670087,0.6431631774510148,0.5355033433680622,1
0.05263796999743998,0.44946044507469973,0.26395050732258846,0.3557834897848054,0.5126689568113132,0.3766178168187645,0.26063465794187896,0.5324607806070358,0.28245701371,0.7008793682439797,0
0.07049213658264386,0.6335307373832252,0.9030492511819814,0.633409157368457,0.693554748428819,0.651934676317966,0.43962890245216396,0.4709972911009777,0.3670370125980789,0.521508593688142,1
0.5900550388877157,1.0068661550492266,0.7867141945211116,0.18465782791263458,0.7383563610604388,0.8438579247859739,0.10311301747174906,0.6043961639337784,0.7365398155359325,0.5175128845545021,2
0.6751692950648326,0.0578777102974507,1.2403375725787096,0.4052292950987878,0.5490748432655712,0.29788966132217526,0.5690363234364046,0.45908933558090814,0.35038904409582233,0.012061531239083989,1
0.5645028528960694,0.7067721990880494,1.0145272501744491,0.4856694501264182,0.11076162446831483,0.7217608252830063,0.9284629399789314,-0.25444328769795016,0.49507471427983385,0.3219348318486496,1
0.0865577017109812,0.6716553941251007,0.8739373744667981,0.6254479977629619,0.7756395603740593,0.6834323089019801,0.3827087884381202,0.5118759491141597,0.3576560410291618,0.4537962053519015,1
0.4873783464563999,0.7697216498221077,0.1305976234034052,0.3927510153446678,0.06752377897339666,0.9383293892159569,0.507099039962453,0.47516819701021445,0.16681279750264655,0.9453838622511866,1
0.6031030933634742,0.1919155601021772,0.6819924235657479,0.15704438241482271,0.9649759048864945,0.6955208789623489,0.777647456347639,0.7779974258662166,-0.1321172894465597,0.5899467432381637,3
0.5586330038903953,0.7579729430815859,0.41567118445292506,-0.04833963630275248,0.7124997469597287,0.7819890915876111,0.26146898925631634,0.712118573800237,0.9027747427954533,0.5237175816955023,1
0.3720064099738176,-0.01837296487699533,0.5868703877109317,0.12669712394558424,0.09063890046258043,0.7095670135289215,0.2768561910089195,0.2724691553788988,0.780517295160001,0.22195485963550818,3
0.20429742440456927,0.5588874495547793,0.9414818651577157,0.7708866109090906,0.4993908289833421,0.3721976551980815,0.16551613410977578,0.13150736350860043,0.5034391153761938,0.26816584920348663,1
0.2933211064041067,0.39653158530832744,0.4723421911901866,0.2800813847445535,0.6065115098579497,0.6751864429968265,0.8207472467870618,0.25453572691605125,0.443833038417538,0.5026218785417105,2
0.3689518771297143,0.8354594607433042,0.4873656564963938,0.8057424494080943,0.029257916001451664,0.2797326715834742,0.5733085360809951,0.27176027265802555,0.14371835930932664,0.2431101108321448,1
0.33260228359994687,1.0056290929372094,0.9724761560536719,0.8061877552534797,-0.009650892027375013,0.49049046293603615,1.0292708026638004,0.49057206235652223,0.5808028208145639,0.639011946787763,1
0.4456900207474836,0.22890611665195362,0.26912882259608084,0.08981785769569456,0.4147004566383611,0.7808800104400715,0.8820939494468254,0.17700077882165588,0.4599796538606591,0.11141606555924567,3
0.4970650720031713,0.06843590011253292,0.8027705872604484,0.004633830542077819,0.5543797483600712,1.321585881838672,1.0975354287353576,0.7119247183101101,0.12774305879292241,0.338873255389211,3
-0.18968139771825138,-0.08674920582320755,0.488877855532159,0.39374566203965533,0.8359248797177758,0.9896816992898146,0.5341371595948596,-0.014877066529143335,0.787717272635891,0.4351125114424871,3
0.5961021476714458,0.9635562670894686,0.30993780882695865,0.5549990654153454,0.9868861093133581,0.5066763403433763,0.9477539201546649,0.14455272834353758,0.8722192902663709,0.8154337568113526,1
-0.19380100971520559,1.0410672810619244,0.5684183521417172,0.9561979505041299,0.38768529488084535,0.4694232673747827,0.7945876995257606,0.3605046482360783,0.9604615624230406,-0.15631736661094792,0
0.07836181666350145,0.49705854042955183,0.4732680559988759,-0.1357958384373537,0.3846683392013791,0.8183065423661264,0.8324406569891704,0.15356128656028561,0.6256076201902079,0.6143690975813547,3
0.8087794517990178,0.625349903574082,0.24461512259308918,0.15449309447475465,-0.007866361942608951,0.5426623849554498,0.3229950715194997,0.6598123036213844,0.35479252189337335,0.4047123725259764,0
0.3762967068909469,0.10614960237309189,0.5839460981127725,0.1419301691667467,0.15159019448426211,0.7007668484062578,0.2973427634845244,0.2630228912376689,0.9029632630677475,0.25044668529180414,3
0.032051088537127126,0.8827675485347544,0.47266797370837843,0.6289372309732246,0.08882094947358726,0.704705757665532,0.2513176913025701,0.6094594008546013,0.7147598971071003,0.1610823081441091,0
0.31681394424848797,0.4238882995810883,0.45595237092465,0.2666672249087722,0.5817731202454873,0.7013410893374382,0.8143426541091301,0.2384043040076138,0.4149336706733481,0.4913011207313113,2
0.043884638171960345,0.5161779626458385,0.5584607019879191,0.9813755377087039,0.9065756956324099,0.06233100744628415,0.8556953022581797,0.9449810189580147,0.5209223037051184,0.8905751826347574,1
0.8582421479555966,0.35577290480679813,0.47655440652081565,0.6321164231579816,0.6099660524160987,0.9558923440406679,0.6660977902791887,0.19071760395367363,-0.009303243229249109,0.36000845477172544,2
1.4434067079771071,0.08229985869006506,0.35652756699461985,0.730489202128246,0.6651193058003049,0.042089033164316156,0.7571481754913084,1.2097423669757146,1.553008674326675,0.8988587424262358,1
0.9573569415029648,0.6729791436482906,0.22481336194808318,0.8424557187916496,0.48374799595774826,0.5836927091066032,0.5044207563803785,1.0554969914816896,0.02233916086025725,0.05240820615435641,2
0.7512508622260147,0.8264374689460554,0.6376079968900327,0.28801737535281996,0.9173611826333641,0.9979837101405715,0.14240298451526287,0.4401977294525678,0.7082883081792472,0.4475382668926823,2
0.43502467185733434,0.23041498632701224,0.38250404679789746,0.23072324436112154,0.4397996577258835,0.7766701757890273,0.9944574908336279,0.2960194399141255,0.42129451384245903,0.12068639844823033,3
0.12136304177696773,0.9045219176142839,1.1389295924192362,0.7659592603611278,1.0064966438019995,0.7129641125939349,0.6362431965820388,0.4881699343390573,0.2588226624438792,0.5257345463290897,1
0.6971804443148195,0.3975418446119248,0.46507639233416376,0.8742425885044794,0.6914197900357407,0.983950521718254,0.4880733496014015,0.3784652410948911,0.2930846951164361,0.4626686344732126,2
0.05802187178401205,0.6868217287218482,0.9131448097963851,0.4293444893075822,0.14128818801132398,0.003092266941299819,1.0708665959264418,0.1553952147393679,0.8082082874742632,0.29528985846597816,3
1.1391685852630777,0.5430034074149445,0.7188060502653822,0.26665467209550753,0.6679209983229678,0.18745134247950762,0.5465533835261797,1.1480900630616775,0.902428057567244,0.890966224960305,3
0.7766833434212869,0.6508384985377204,0.5703907956538915,0.41469381272698064,0.40000635802178724,0.24510849763853312,0.12624191899654644,0.09663416039711584,0.35409509519133353,0.9373075341858511,1
0.9184741584699962,0.5269096169500708,0.04487784806984747,0.9952659646609235,0.053478791955917364,0.1796955728869788,-0.046974899902361034,0.8577747413732772,0.7464853431007945,0.09600081193849933,3
0.5406761186036281,0.6540869535037919,0.1487843417445006,0.7713585626711567,0.16531984485834847,0.883174776794181,0.11271105106293121,0.2532089827131061,0.13437260715002633,0.28501797024071485,0
0.6530720009117404,1.0099062763461977,0.26407468055853267,0.593761993518162,0.9295636260426902,0.5244458290080902,0.9388769496491192,0.10766124737245614,0.8456350667109439,0.8292623151806545,1
0.6976627066952726,0.14903195326433388,0.4990137801586417,0.5259456523147436,0.10311676091249461,0.3573054782054772,0.1145645382238701,0.5491052089446535,0.5417823580076987,0.8030239419653156,3
0.6043725554881809,0.18732857355250418,0.5239678047244972,0.33018099021104336,0.455593234541172,0.5434054663966849,0.48169633714098625,0.7113990350644179,0.32037810037924447,0.5086306221054032,2
0.04769441721453507,-0.005049331698044182,0.4063995504854163,1.0371817744980807,1.046739617661307,0.5188799437716406,0.6354563335484137,0.11786912354622496,0.389176288006609,0.2516000067703223,3
0.750267782308723,0.6994142850959588,0.783212800652588,0.14858748369128155,0.14928080746451616,0.11800392852407256,0.3412481831216662,0.9809508123686254,0.9335015879147446,0.9260888815502448,1
0.9763829758380562,0.5614016452870625,0.8906082681534674,0.043613505506961706,0.01520589366539804,0.21907514343268547,0.27442203106371055,0.8584390213153104,0.6111446396744649,0.7723365356459705,1
0.13321921772614895,0.3719233019275342,0.016540870712563546,0.06739783576771886,0.4582841618889674,0.07935681132740874,0.15161578930106917,0.37971688432937295,0.9221415613552562,0.25959918310473984,2
0.1280524494892497,0.9114832668274104,0.6629504955450296,0.3105994895373617,0.9153148090833019,0.4247086496237207,0.5841441608144073,0.6318496230064116,0.733389517566132,0.7468648318270366,1
0.029186523590403073,0.9625596771187261,0.7972209745832515,0.39665891378507684,0.9889176653420685,0.274866208688667,0.699871854272293,0.6623124542343528,0.7534184598914094,0.7354469676080424,1
0.6111799568758809,0.9656119421586067,0.28452355138224555,0.5571266746455846,0.9670684068954771,0.4773466095497164,0.9550838268785901,0.14137181610634358,0.8860644276911798,0.8058419686382091,1
0.3383751204072304,0.4485700050962513,1.0979136663685034,0.3885116450626829,0.679533762728237,0.5838653385081781,0.3753026298198779,0.7376078954895615,0.22444211296178979,0.7289203965421125,1
0.051337706875390514,0.7680257102355765,0.8466847897246313,0.21558282589392805,0.9867523391110526,0.5285762523289836,0.6802973620777417,0.4617739048264501,0.7134751028132781,0.5114195378306062,2
1.2483238880795302,0.8157632054897341,0.25188654506904934,0.8012119730479834,0.17197017861330277,0.6236221515630065,0.6017111507364874,0.21228805242160653,0.2394572724158659,0.255872005135273,3
0.0879606367587537,0.5708403451111185,0.6276927711144196,0.95667612337683,0.9302510515987038,0.039544028745062916,0.8223768602718258,0.8894351228905549,0.5740759926668533,0.9660781330772638,1
0.21524616253708362,1.1799647339778967,0.7804311010140588,0.5719500652630376,0.5050076539925068,-0.09957489544892617,0.6240895588791686,0.16216963400168913,0.47686470315227425,0.5673270553709224,1
0.5816458286050455,0.04075664641438989,0.4249821947506002,0.14452548765752363,0.47463765790861057,1.0773184555251407,1.0137674130427168,0.4896125101781327,0.6110518179399501,0.06561764978510864,3
0.09844354658043901,0.7298295623146654,0.8744741998432263,0.49980451722266483,0.6840285223509558,0.7177081199258705,0.5492149569696894,0.5467887618171302,0.22267131201553822,0.5482186588266047,1
0.13375914514129306,0.9483100630989669,1.1760031355795866,0.7416964360486336,0.4214660709651626,0.3709879026721222,0.2465746823426726,1.1090186569843348,0.6882908153026948,0.6765796034491504,3
0.8775924231144232,0.9479340636820996,0.7694415034461206,0.41579375426286247,0.8391223167493668,1.0292231413041844,0.1500912055774062,0.3392474441803182,0.7201023286413909,0.6035768743356997,2
0.4660652255167229,0.7695990120677413,0.3618161471840333,0.665890230857975,1.0638417061606167,0.07722539150143945,0.5209448552402494,0.997045526516826,0.35152559883549117,-0.02416039893995367,2
0.2909637245403201,0.6655682302829729,0.9163298638078732,0.538523038540488,0.5093634676497727,0.40591576286676007,0.24502449443308758,1.206244919654515,0.957166053684162,1.0994693373214317,3
0.6688770721515138,0.7818348494896452,0.6681881776678564,1.0058736926493772,0.9826831651072726,0.41025979653401917,0.029346752446745672,0.9667312497141327,1.1342860167590314,0.7336961740139866,3
0.9219657388917434,0.5416476858538,0.5232441811940554,0.41574307815540035,0.43707921673754024,0.36177261269988154,0.20006349113841326,0.023057500502569342,0.5232242862657082,0.7394476414896372,1
1.2333417508565243,-0.0570506002894835,-0.4970503331006221,0.4540487637683596,-0.10944448608017032,1.0986514638843816,0.7325392104114934,0.019774828850570025,0.7143295671483209,0.5935165655148907,0
0.12032629085741027,0.4996005859292581,-0.18989033718284104,0.3842645259681198,1.0863129441851722,1.2961690425438663,0.734175605575238,0.6355779974378282,-0.153398614562052,0.9879600826748198,0
-0.020624777502762343,0.870036745983948,0.7704902975301626,0.4269427627427264,0.8966762979254169,0.32042554797270595,0.607191902677902,0.44735349140955594,0.7878488369720194,0.6935954397451188,1
1.0555414984866693,0.6246602296983791,0.19953349754966365,0.8831532615645499,0.5179136514779881,0.6631330212032402,0.4383594824172026,1.0777557314927761,0.03264943617104006,0.0949454925210611,2
0.31144760362977103,0.34903243595421674,1.2604084719179536,0.3651157562807238,0.722426912440901,0.2539693797363633,0.7537320879532383,0.02708264521118403,0.5439368367983936,0.8375995328569191,1
0.2045850495160859,0.533253076066202,-0.18578798686562667,-0.12022036824142432,0.6210218762900295,0.05515029431866932,-0.08053901018494888,0.23247675708796198,0.9921732253560775,0.17514970438801658,2
-0.05579869337562249,1.068139851262779,1.0239340981590446,0.6990936417353736,0.31217825261498533,0.2667867300398255,1.0138785808073822,0.5210528114503031,0.5534651637257972,-0.0315672765474804,0
1.1066677335454451,0.949561996328105,0.6330879989906134,0.49676501239183535,1.1380325945865872,1.2759917305549264,0.10121378909793277,0.496473428801426,0.4936938461081727,0.26061544480734766,2
0.052787909975878414,0.9723742753736552,0.7104131218244668,0.3530709217423417,0.8637677648324692,0.45285605906057913,0.6443172969283386,0.5223825930200932,0.6042589400835585,0.7405484582414145,1
0.6012655088823772,0.6678782422175225,0.14416484061535986,0.7342401878365862,0.2028684013860465,0.8878560611518196,0.08872302628365035,0.3164749493004885,0.07527713926086291,0.30395423885216005,0
0.9146201567042814,0.40305717502713945,0.3070349308678778,0.2586857439504162,0.04241078657960413,0.5984968284856516,-0.011490086307395203,0.4422763508386729,0.6343873151367878,0.10273137246156988,3
0.7325941486574727,0.7256351257946244,0.6378013390836742,0.3135878404094167,0.026056772551806245,0.1527506395786652,0.12683265660213916,0.6288632023989771,1.0203109172744755,0.7864833889456657,1
0.00802312721267813,0.7216795782164325,0.7910336577082868,0.41581950871178497,0.7906894822154332,0.5416833525889218,0.4401753311660301,0.639227748096489,0.4441971687398467,0.4282420510916538,1
0.6136564403942686,-0.05386191903213838,0.4311168255515272,0.08277571317153956,-0.1363626308543046,0.8965991945196805,0.40467666009056624,0.02434181567645949,0.7734661075488612,0.23766348086622074,3
0.5626572326391558,0.9736521179454037,0.2550560662504839,0.5921590283615744,0.9354317051617633,0.4971015171851281,0.9160559305983736,0.1498868757386061,0.826755844935532,0.8080589950457481,1
0.44390608003535803,0.5964384209502605,0.40290123553957696,0.14580791761402595,0.043126991287120615,0.6390859344321069,-0.005482314439030196,0.6119279595971351,0.9071519357315011,0.1891368025297273,3
0.6807064912907327,0.45032029653426703,0.6286988476869602,0.7536375954332558,0.5559501696407382,0.9028812722202907,0.6129362386912321,0.30047785515433517,0.15938920380414906,0.4446850556758934,2
0.9426255159208652,0.7691534485310467,0.5308023942939982,0.4524615820293322,0.26086092518055254,0.27124565371197856,0.2152998113173128,0.11773742343214778,0.4156589281250508,0.8430498482959736,1
0.06268016721998239,0.7769344825604336,0.8528405516350648,0.22027411409437392,0.9880903595593015,0.5302780221383324,0.680194062230966,0.4634652949533349,0.7218338987149122,0.5129684242395857,2
0.08092631696235841,0.21653054813158706,0.38556459104566554,-0.12431505351886887,0.885570040513664,0.8996988806194482,0.604661946618248,0.12453532623520676,0.5476190109171412,0.32229122988675823,3
0.05047433464383727,-0.3837489840802438,0.44665056294818817,0.5409630164487678,0.34114655253430304,0.39241161759658755,0.19747687242877943,0.43327489783748346,0.784221447518972,0.9960846336220277,2
0.41960468401122625,0.2981222995578471,0.8182770509787742,0.3915918751937392,0.6099655445236791,0.13038415675994414,0.8292282009736992,0.6377576076954891,0.6763823882252623,0.11416624120112859,3
0.787361997099773,0.3626250987898428,0.8306850911869224,0.47180131774949874,0.43015192443130623,0.21475051932375205,0.3439720219283228,0.22764286045688434,-0.21885475522930203,0.25018591783411,3
0.19381377632893854,-0.1184481046310458,0.44290192018504615,0.6211922821824991,1.0455297785089983,0.39377573008268074,0.5511109473904389,0.7061705112652751,-0.11388817324140574,0.026528787454524694,0
0.341501334640023,0.27330314383368737,0.3548083896936937,0.253981697637659,0.1523007197637273,0.7334688678744806,0.28903138453415794,0.34536808447726497,0.8577055221654437,0.3506736666022815,3
0.7308333031482964,0.9565112480726055,0.7440897340971326,0.2882619147040928,0.6228911361585873,0.422076109229653,0.46935206677527447,0.8538288754964053,0.5314764395455471,0.6363728265074152,3
0.00514226799995382,0.24060478822891862,0.27506896212511667,0.36085591858300226,0.3917980762455915,0.6113281677313178,0.24118879074985197,0.6071993002225224,0.4164166640523074,0.5429397776021518,1
0.42600223732265885,0.3947340172647855,0.2104670168457092,0.6305692691522548,0.23127010800910647,0.22692161733291288,-0.0407047786721632,0.7164689578308879,0.09222080501252394,0.5977123076897236,2
0.47359424229919417,0.22725915674553115,0.2696906323746904,0.14484147686326543,0.34200851643213337,0.864088465724752,0.9283427627433387,0.2545602508550749,0.4433244569504187,0.03965094227367998,3
0.028080778524163318,1.063292970168278,0.6513336875602809,0.1835210229113406,0.8457101961493817,0.25272751694276896,0.5448371007487447,0.6669661551691396,0.7581636917569247,0.5995378521847124,1
0.9730085586859945,0.5930741007437773,0.9368956686893746,0.5217440012733439,0.5914314702553958,0.1295434062149804,0.11995464573376585,0.6564270843178361,0.5540144667848654,0.7330432354138233,3
0.660292233687902,0.40762353349730684,-0.029627013336101626,1.167287489771919,1.3898490449057215,0.7338539410873084,0.4298237247777327,0.6677720992534576,0.03452864406981204,0.5875923782053569,1
0.551580781620769,0.13973029810107276,0.47915088856126264,0.2601164690424026,0.3950933574387031,0.5451220035602574,0.35338403994073636,0.7922442794480755,0.28732607813462474,0.590367591874463,2
0.6477705904450659,0.7126777380355438,0.362460818369546,0.6144424016574945,0.205210793024578,0.5246026906357217,0.7374502990026068,0.22254610136595548,0.06954801967586581,0.062001400082663305,1
0.49134319313171965,0.577291183905221,0.20913349601041106,0.5511956137792647,0.4121627150951459,0.7350478699326968,1.0433862367004088,0.8577936115945656,0.48663349887123586,0.22565396055468698,3
0.36390373969486833,0.13973031486086976,0.2030759324316023,0.17631628023716292,0.36488530812579417,0.920001014532945,0.8351029774948332,0.17033104938429994,0.5243742683619841,-0.07121482106714849,3
0.39801982446458023,0.8970695530943025,0.47192587725977214,0.7716385936135318,-0.028925148102859843,0.24350932329579514,0.5815135043273411,0.2694309088283701,0.13117993185040316,0.18292132757193452,1
-0.11452045689346527,0.9029832454782779,0.9953628968634877,0.905257584609588,0.13109280664212272,0.0743455142151766,0.8725224724569424,0.5917194876321998,0.8091015242906989,0.18089801693344223,0
0.16487591047633815,0.8382006254856942,0.0276704859041573,0.3090526362555325,-0.3761828642440379,1.220439083395466,-0.16472163672736795,-0.045949348256556166,0.028878751420033773,0.4893099691476162,0
0.13762548009166328,0.24177540175203452,0.09323636470211089,0.18789647698580939,0.36102679862141596,0.940227212132442,0.31995245960088053,0.37806653987595734,0.6942473070089231,0.6027492717623729,1
0.263632417129517,0.3548688542712575,0.53844510929368,0.3132959156290104,0.6450398026180804,0.8716671599682307,0.7656256319602708,0.016222006608160547,0.3502742756059311,0.5774270144122876,3
0.8598905836092487,0.7285504594262984,0.5593844794409469,0.39826284702513015,0.3468880657813529,0.3605756771215682,0.13572445144119988,0.09058745527074749,0.45675613021668054,0.8529262271928303,1
-0.37746629936380527,0.4290743040846867,1.8025936540435787,-0.737443239442109,0.8809404312087252,-0.12280830223433653,1.153107532332278,-0.9867094114373195,0.021292605804662856,-0.06529391042170829,3
0.6244224975002282,0.6910104045768197,0.5976228954245852,0.12538372478347673,1.2124553278495942,0.8821607348532539,1.377054478789396,-0.10988533916590243,0.9466532094819422,0.49950756734820706,3
0.6019000294325471,0.8684060509701771,0.28156228941147243,0.5469162740757367,0.9200466245404881,0.5106175534727803,0.90709572455867,0.10964701555132875,0.9070586273480741,0.8262596185454674,1
0.28265834451170924,-0.2606500127942838,0.2930340405382541,-0.07123163012548417,0.3564056449556815,0.35477711349031993,0.27956897191606633,0.8446245096023368,0.11647248205007224,0.26977807833410117,2
0.6621250645642434,0.7474493142910759,0.8823893140878677,-0.0843496910881027,0.11002359651453986,0.006873401867782222,0.2533167165366524,0.7722338418876835,0.8485495456768299,0.9194988295532307,1
0.42886310598913613,0.5695698592270506,0.37887039570721687,0.177476334698961,0.026495388954052655,0.6546357821738656,0.011994146136861995,0.6313737157774129,0.8902312293293857,0.2038713600637747,3
0.949804610346928,0.47494022477304315,0.2521963992289362,1.013652354532215,0.7802330359209907,0.7569518482891437,0.5225454788364701,0.8610904686905813,-0.18561236102623518,-0.03189575960054847,2
0.7510868579761626,0.41686437269423116,0.5603990113915116,0.7344591631755165,0.5159995842660023,0.9918790977487487,0.7048945696815323,0.3802126614491419,0.2895754997739962,0.5580581508724085,2
1.0658223953892616,0.906231005881282,-0.10695609939013373,0.5790035385575393,-0.2168252211549464,1.1868859671619854,-0.49922733387733786,-0.37628013369507785,0.05153091161039277,-0.00699620871307266,0
0.059466122529448856,0.8862368951506548,0.8256845712525984,0.7453795946395854,0.23953760482570338,0.22520880552880135,0.9351333711435461,0.4371942071487436,0.665681309853838,0.002162278273566333,0
0.1440975847861518,0.39838863498852767,0.004048630185011689,0.11063133194098779,0.5041061388260134,0.03289498978656235,0.13349973488890482,0.3846996353895643,0.8987589312171614,0.21964263572102685,2
0.8539756491468687,0.3931147521142301,0.04782435717518481,1.0515471841999164,-0.0028598306128972753,0.23538322771365328,0.07312220352391877,0.8855711654390604,0.811911248396833,0.0414459697605122,3
0.9785164537990306,0.487787960764335,0.716327899937822,0.8393288207031587,0.2219612509984536,0.4990306020857528,0.3583169441298394,0.6575720925463175,0.2929291660594755,0.958861743048381,1
0.7803259119917035,1.0758316977331217,0.8558147353805796,0.801796597275582,0.6080447385412298,0.8291770049732191,0.9103087976553449,0.009901632851101225,0.24905034256254188,0.800025296466994,1
0.9595177571775023,0.4751016927340028,0.01695790283367072,0.9857719409205035,0.02927647221599119,0.1301004045884667,0.02453073465269333,0.9129911967507273,0.7994561617701257,0.018570088283621215,3
0.04960717264377893,0.7808478924343765,0.8443210436378888,0.22226912235530188,0.979959549720539,0.5248865228076736,0.692265056477658,0.45556412758309056,0.7123333907577298,0.510580677043819,2
0.7252646650522135,0.45397628359158343,0.5822099579726566,0.7396868363109446,0.5357146260159827,0.9409253752502983,0.6544305388755509,0.3127130340057337,0.1723460094248593,0.49375253729265056,2
0.2646947323994803,0.4671878981330787,0.5204048558062131,0.2545547518308935,0.6750083805147861,0.9586861936129599,0.9227722851819462,0.10006387276194421,0.4132216714364018,0.6379309218817739,3
0.14546244077110912,0.37940924215554106,0.010658593706578717,0.05334328806276885,0.45271162812565885,0.08578598349365672,0.15583656358933656,0.37527771756964984,0.9132358654370697,0.26987866220542633,2
1.1903081999646503,-0.2659909737628138,0.5919304830462451,-0.05847082708792958,0.8538649519060352,-0.05276299757897915,1.0329229253319014,1.684329351343453,1.767344641370733,0.43708224898880743,1
0.5952295474806218,0.9431154879656901,0.29493097094575715,0.5819119249055347,1.0056498364501538,0.48311548015832184,0.9736879780966367,0.14885089153864783,0.8686365603110435,0.8461352706996198,1
0.4966555341296263,0.2819907087529515,0.5171616728121953,0.5956017069801925,0.35914567581857726,1.1442821869171427,0.670244088724614,0.31441220181305857,0.1729822971703873,0.3687424954225619,2
0.7899016055708912,-0.11090948573206888,-0.17378962403322482,1.0105444613667012,0.7801127882647361,0.11641526331272345,0.7513740168396773,1.01600836761211,0.6659114984781495,0.5005301454268902,1
0.7947501817185099,0.4499807466033285,0.09443828653752395,1.1318410594042454,-0.018045052595854455,0.07956070719548261,-0.20227660943858267,0.7709474338524702,0.9866286539987694,-0.06646345023582903,3
0.4727893139955623,0.7179815472262355,0.8570947620041776,0.9609076102302484,0.649993964450587,0.22862239331420314,0.1033683696381451,1.1063488694252932,0.8637746782062672,0.7872905328754098,3
0.8451713164105068,0.8492995214796756,0.6937167760764608,0.3647009994397566,0.858474071653723,1.0258744978679495,0.10117086728567765,0.3608177149708921,0.7152091276391414,0.45257160979384986,2
0.4319268519528525,0.5516760248423577,0.39037151398631775,0.15217619155748313,0.04652941570889178,0.6487882465557113,0.021362472773257674,0.6406966800572926,0.9358136979042665,0.170117667669463,3
0.3119522339041027,0.49587821943547356,0.4247163790796607,0.23142350919473123,0.5410058545504035,0.742474337656463,0.7459568397283275,0.21460538252185965,0.4006462428530444,0.5004408145267536,2
-0.5141841096267669,0.28913506767064856,0.4257446871937808,0.37684146308222033,0.5282575633682887,-0.6424524705027006,1.155253267789562,0.24710305778079228,0.19295247860210807,0.08239327833692614,3
0.7555505873698412,0.9301755224166608,1.426757732114699,0.7339276644203712,0.6600071922715391,-0.1308894077492094,0.5940597695210135,0.116062242276708,0.8456884809163687,0.7746973518186011,3
0.13582327252367998,1.199533174839875,0.866900294104389,0.4077223449517573,0.586193730813704,0.7780026424888,0.21305426791865506,0.7906634139040083,0.7170324634222004,0.7826552707556333,1
0.1650757977277112,0.3359387851809108,0.031080933087772215,0.02864027306648649,0.4351155043738734,0.07676284683585075,0.14490466235840826,0.39723021296151567,0.9122914333650625,0.2814545205492107,2
0.3857839573820261,0.23802849057845554,0.34212546838906455,0.170996900125017,0.38417084329892975,0.5653468997911877,0.4066517401544658,0.9181435126834319,0.17098971891393414,0.7126900140517504,2
0.08186217336845242,0.6533453629108619,0.9397539820298129,1.025300664124899,0.5030200098525761,0.1725024127730949,1.0677377976721751,0.2748752419169139,0.4208969340293909,0.7072323965619396,1
0.9560672153233851,0.8318374173221221,0.5660065744838393,0.40669534665635015,0.43062931336349364,0.28542256256972254,0.08314432308005804,0.1002413889035206,0.31655842709822546,0.7431104290723236,1
0.8492954448229789,1.0554232405003978,0.284552693040303,1.0281249075524364,0.5068433066821609,0.6031324916250622,0.651827135563118,-0.1073179197042537,-0.1993463034906635,0.19730819240682285,1
0.8491207760683689,0.5274203254135564,0.12363969868524614,0.9435816898083393,0.07332454463680729,0.10441594026466963,-0.06434725850922074,0.8365381543387452,0.7403443667835704,0.009952617954293058,3
0.4669643595694529,0.18720779853882039,0.7177456936132228,0.493400175941084,0.35023268396069784,0.7402793455757675,0.4681692080275709,0.9736315990545564,0.4778201994429541,0.7773608837666395,2
0.4319120494385815,0.5697334843327942,0.39904982739484157,0.14350665733224804,0.0366467987514411,0.6429049673098307,0.0341544302985447,0.6411610638463273,0.9299692529262917,0.16448202665883893,3
0.5776433544279022,0.014887134129084434,0.22959991931828427,0.04280017012699941,0.8095800991661887,0.7835902626695487,0.816043887052136,0.3602126208979205,0.8305853809034213,0.07923402262270018,3
-0.13522281092822816,0.5482377626775493,1.1556748411723636,0.8166594129854261,0.5720652985150758,0.8578253171582813,0.5926013557357972,0.5832285735371802,0.5886226689231895,0.4417339002684812,1
0.34813803569076424,0.08894135490516952,0.6424463333548917,0.07558528143054875,0.1288231309595129,0.6980071179080585,0.304950134009226,0.3092976130517576,0.8755074182257492,0.2483296476405344,3
0.6166997096355684,0.31024865656868605,0.6987884388370266,0.5678978997365923,0.4004732587224592,0.9951598778814983,0.45049380092065716,0.22800717988494074,0.22738168489336025,0.5000000422100485,2
0.2504732505349832,0.4780154300941395,0.5278864547309374,0.3429103747475729,0.6065126433953674,0.7272808028204946,0.740603447248028,0.2594764488980106,0.4864305519759008,0.5185054241617987,2
0.43460724498467884,0.4552726252522594,0.19701280822848471,0.5876334195655875,0.3311455827659566,0.1759703185864862,0.04073013813013514,0.7105579022215758,0.12828783517797143,0.7191416408903484,2
0.3145767765469572,1.1830600373768119,0.922263372194289,0.43649461192375355,0.6764747242873772,0.14145713906052365,0.4778435149282859,0.6125509242329457,0.6839555921487374,0.4369991043914673,1
0.16313893717206907,0.40940469204358054,-0.02729682396460123,0.11964923678784861,0.44227504751777486,0.07640114188621909,0.20203779988696785,0.4354942487878616,0.8723743444463258,0.3005650352899571,2
0.7145176288301512,0.7495300554328316,0.2212414664425567,0.7992724626687027,0.362578614055877,1.0486705180693003,0.0740773610823313,0.42274670373478856,0.14482954078551083,0.2628240672876881,0
0.44229538679838765,-0.16128006649359455,0.884055798871894,0.2525038561210099,0.835081427680655,0.7101599424554979,0.11446336629002701,0.3553379240636338,0.46931486138136325,0.2855055341729561,2
0.250035779580548,0.9308900886018475,0.6463760975410011,0.483480410176259,0.8101614407134435,0.644947045162727,0.6225796310056034,0.5046419185115063,0.16647181269293898,0.38593232488968343,3
0.00792519764896532,0.6308419280467104,1.0537874003149785,0.6852029171407414,0.6333683952241852,0.7100019197906267,0.3806724457852372,0.5734943996476561,0.40223458505943466,0.5658410761189276,1
0.039059984358872216,0.8605294321355839,0.7878691346088246,0.4445118579653613,0.826811145601577,0.5295979607901486,0.7414997724211988,0.4326852794987388,0.6529193756030348,0.6790511280284611,1
0.38875081023196034,0.34718204636246647,0.31211077966976086,0.18072113595550987,0.4864879437791237,0.7875935200629378,0.8387140631771511,0.21408972339447804,0.30571987101611797,0.508318386438287,2
0.9975157329926789,0.6830694288697886,0.6577299869496703,0.24101749667797964,0.40732258770767293,0.4762365125933248,0.43151243148348106,0.9421932425330999,0.6395729225221852,0.8215678638653415,3
0.05078754923687608,0.7684348961432728,0.84672339455932,0.2177460147240297,0.9921592450415645,0.5265377749063807,0.6828595684695549,0.45682342702002754,0.7134694926043841,0.5034017576907767,2
0.18179865981645893,-0.1889999514377555,0.6379527007053981,0.09626516432848353,0.5718650628966657,-0.11376548520019096,1.2580174941671995,0.47040693097849773,0.33651959788851427,0.7663431790271295,1
0.014186380899845683,0.30198227947874695,0.27371100559909983,0.2174637543929325,0.35962394232835115,0.8244090595387634,0.30239564396049556,0.3157694989995662,0.7257509863563132,0.45508595205483965,1
0.35454482653050634,0.08141915685990754,0.61957163625852,0.14043215157973707,0.12375302714744006,0.7299764133965595,0.2630895015989316,0.27216757854412016,0.8599445475895363,0.2692830787372928,3
0.9047403605753217,0.4891958559565887,0.020800344790404084,1.0286183689701682,0.020553166096628276,0.11299551956528096,-0.0008638875772042816,0.8876164334646313,0.7652212496736005,0.033153622016366416,3
0.34028599999215386,0.8412653763160348,0.7516747793317922,0.5010638080030877,0.8121430566559527,0.6699774692926447,0.5159463559519486,0.6334802580837576,0.09527161061409285,0.3333325331865305,3
0.7894521767828737,1.018456143563533,0.7441514539279043,0.7547171787220778,0.5516257465520347,0.4087311684963513,0.13571277606738208,0.7876178778451459,0.8859744551448094,0.6124595004338554,3
0.809090633480838,0.5453136961047206,0.5802963345992879,0.5745278480018771,0.0727026193636147,0.36135666224908175,0.16807240668327766,0.5409944019224003,0.3913002656051929,0.4213985485492946,3
0.9628214675786633,0.5390749151057637,0.2955478795819113,0.876175711109531,0.7365089390300088,0.6612551855006288,0.6247573952006646,0.8429223733377086,0.0783864432079172,0.1488333399072563,2
0.26031791118734066,0.2028881392480665,0.26970307620443407,-0.02555423651413588,0.7048654279576584,0.9664394023384827,0.8705197953514399,-0.08267798883524574,0.7891268652284116,0.42297294257078977,3
-0.7458654244357709,-0.25852171297153226,0.30662631163657816,0.9309147475309598,-0.07909067502401923,1.3087187959597584,1.3828016440110142,1.4217804498756328,1.08887874661304,0.2017052036939026,3
0.39213265886512405,0.9247917207521412,0.7641219026044843,0.7843465631352883,0.5890602109880299,0.7901570763449363,0.534399899756789,0.2670618803876146,0.5136471387872295,0.2957880687311125,1
-0.3573262007295936,1.4523422119549623,0.5168223711313775,0.9542330664902733,-0.20373269861534044,0.6680356635342457,0.7840817956161181,0.8127298985597959,0.8715121547205074,-0.3098776111385137,0
0.29963680209696536,0.8805352655202708,0.7417425492026507,0.7940506690302382,0.4722941168978707,0.34686917694419295,0.9398081787651462,0.08855199407258194,0.3960884022180886,0.7805238853005523,1
0.0010330145362625887,1.0262583282225493,0.7510579083260707,0.3661022965381833,0.8856500207686689,0.36029470328974944,0.5489186758792128,0.6652747648457358,0.7079639612971314,0.7629572131507807,1
0.6431321254203883,0.7063693589423495,0.7084807925062541,0.23348436042508108,0.8824905999570163,0.9770045295723504,0.1896877202985229,0.46448663453732175,0.8090419006641894,0.46291223010408566,2
0.5830768559731079,0.028269990516255686,0.5588615978509093,0.2883358592785626,-0.06558205596136701,-0.4432804915525915,0.29705963956764336,0.7565214266662414,0.1371836047592776,0.5654453286586781,3
0.29498564022141116,0.3245098489545115,0.43331271074086103,0.32673704128788317,0.4917037875400856,0.919768887144808,0.8794284668964307,0.0792687092674052,0.46243547818432906,-0.01675199642665305,3
0.6973278151460816,0.3024754195324892,0.10791096963212521,0.16342347216169223,0.24884000931905126,0.866586223214197,1.0025378066684423,0.13845961739287818,0.4589913461644696,0.06809995833012802,3
0.35202306359133717,0.6921122472490049,1.4314436548851617,0.3097283222786319,0.12498378570884328,0.7122951924023377,0.8683438378104855,0.5337966001457417,0.7662326471207247,0.6889940074435477,3
-0.15012384412458357,0.24733893008166719,0.8705302058623638,0.3152436530297267,1.0297194431323307,0.23576156997265635,-0.41208473018595093,0.5913492869508639,0.7192767883904543,0.7353667005873878,1
0.2835594194869302,0.22362534831399375,0.3317045664091989,0.32232669356203014,0.8660510758165703,0.9975010035878357,0.46412362003888075,0.08772242925048496,0.7762326207993346,0.6016636408366594,3
0.5244016543835105,0.13883950974629738,0.4886078771652761,0.32132290157422544,0.4079368061742091,0.47077774332206884,0.36182400729214304,0.796485830238486,0.30687121372429615,0.5922250035892462,2
0.09293205016720815,0.12208161599423485,0.3586213022133,0.6841878691307038,0.08349258582089987,0.3432438392490791,0.5053111372284366,0.8464029907235429,0.41775552623510376,0.48936012665568523,0
0.22669603051415887,1.166481284532754,0.8214160538691885,0.5185582972730438,0.49362216516763335,0.14466815623030227,0.9502873118516587,0.2920161688424872,0.9288668563598366,-0.2543559904866042,0
0.5407435988765088,0.23433575452623562,0.8025055508223115,0.6498840691093911,0.35699477009053615,1.0692512959856393,0.650247811103641,0.13194239720036854,0.2621705709118942,0.36437474040809764,2
0.37520196892965374,0.08188978104275813,0.4186576335471028,0.35954515484749927,0.49503437027757224,0.618183619542485,0.4860994049052484,0.7734468226291694,0.2421586991092361,0.44213804575886984,2
0.43302713692858835,0.5713829021019075,0.1390896582250961,0.5524756177357696,0.43998922019336467,0.6718916092083016,0.9063998109566553,0.914569226756357,0.44678391233926995,0.221319429459874,3
0.4785917186267787,0.4745548844054113,0.9267755162868854,0.6251189845103021,1.1032156739247194,0.383616047692757,0.512966482166795,1.3214842442987036,1.107540727928709,0.4894489926996486,3
0.4535134206983676,0.5374083315849076,0.1863459614504816,0.570128681626221,0.5037224989421673,0.6663915014345214,0.9562771670275927,0.8690150375546672,0.43902921483425145,0.211316268937146,3
0.042182738127213376,0.44065500337499025,0.8434173892979197,0.5298589784256225,0.8851141953269437,0.9078412255987879,0.8908143430621052,0.36318766109130346,0.3189282270568743,0.8226383515478064,3
0.7110756790550725,0.6742945730160385,0.482221634018996,-0.11570445726554279,0.3939796620742143,0.6702332524851409,0.47685111716137824,0.9565026676417999,0.8644901600499506,0.5737985739311959,1
0.8830643573105148,0.5249104527212268,0.08185922183452247,0.7498932889776188,-0.0776388874416437,0.14588586352615565,-0.05186702202151969,0.9849030096712242,0.9050006792386518,0.06104509249183733,3
0.6739891386102304,0.00959347448684772,0.16883339195139652,0.07808245214673337,0.05706043883444284,0.705023374264814,0.6499650479790156,0.9420525286439394,0.6559085908270156,0.2556254319760103,2
0.11744299205845267,0.2485693678590559,1.2116206671976266,0.44505527433399794,0.3995847275053701,0.21404081072326334,1.0124369950999903,0.5109877687670079,1.1720396233177146,0.4779594511247785,3
0.46536685804275346,-0.1310698817684391,0.3351527283971606,0.512508447141268,0.028779480516516354,0.2552932545662545,0.3919556701411002,0.8720102832899077,0.19855395353481314,1.0241650591841447,3
-0.199565342895416,0.30794832642368025,-0.19980608321353716,1.0137429633829051,1.0475784583766017,0.5164330353823033,0.15569192276818855,-0.3112736115416885,0.7303176696277229,0.8970919750848101,3
0.31774988916094304,0.08956177869363399,1.035198432679123,0.15631107471620842,-0.17524917839553297,0.5883227084693947,0.55364804982752,-0.12427384708164968,1.2923667596859056,0.8423092535281106,3
0.6351901373330882,0.5407736832929667,0.20175136442470287,0.5312744826043317,0.41409604592763605,1.0239366459328028,0.27760526574321176,0.4361933667789746,0.009245281412133627,0.3185883400155874,0
0.5161425568911984,0.29664070983766594,0.030180878806132017,-0.2877902364758107,0.8759205680646679,1.1146514562478842,0.41774733698386474,0.29992076481788826,0.8820132837347927,0.6513115568920831,3
0.1077277975881399,0.9847740198773804,0.7601834220915701,0.21279754051020472,0.9748581684009509,0.34684817228052783,0.5830710359677074,0.5570985516120407,0.7598180349966706,0.7535831862940522,1
0.2447405240161385,0.13463536787201058,0.4162564932658017,-0.23014063472561153,0.636939724479204,0.82475994769449,0.8397950922259424,-0.012846357270269407,0.5426974049693457,0.14043795043357563,3
0.9290224307018163,0.6274403377303859,0.2389544485383078,1.0008140176636207,0.6604098470485869,0.67566570782532,0.47199979303964706,0.959726156091382,-0.03278132380696614,0.08496194859491338,2
0.7197769302519208,0.8642311483616772,0.2615212328295153,-0.0023334510376766537,0.3339383255450615,0.36393934667430256,0.5238402414263502,0.8949796817741477,0.32950895071673364,0.10140495930449284,0
0.7705642294002776,0.7038943598846975,0.6304492295291252,0.2713446822062111,0.23601014858426195,0.04746818041118472,0.5071719097098997,0.7445736264115689,0.9596429837497918,1.0315526246949789,1
0.48340928932652855,0.8075906835398247,0.13839194514567024,0.43807327759279174,0.03526728506713531,0.9456730915398002,0.5090370432255394,0.4099892594033006,0.15401790314996294,0.9639963910231716,1
0.1819258912013384,0.836071918923136,-0.039534014939697285,0.28459195239503265,0.9162176126577102,0.7189107257998404,0.8344498232520887,0.11168742683501161,0.23424550422138776,0.8226308569562377,0
0.2685369292300092,0.9534377233768752,0.6751736644567521,0.46864758819081637,0.7775207626363058,0.6279032184281309,0.6191304188944083,0.5151399630609503,0.16843902822991388,0.34631266138692585,3
0.41685438629001914,0.06803204395607274,0.5579935796223798,0.12749855001609242,0.1280507192866742,0.7396755097985278,0.20075441049844547,0.20081083634572547,0.9583429951020428,0.26837427277538756,3
0.12612596321886607,1.112194711222896,0.7879232663530147,0.627110677701871,0.7228743340109993,0.7866014986837006,0.7390073506028233,0.6142177961658953,0.16738105722202207,0.2369532202953587,3
0.4188601352389832,0.6177128605788107,0.9785266561854675,0.9791456805511234,0.6999020670854649,0.9581598303063633,0.3148985634621373,0.7349672633298002,0.35299076684671804,0.8185165445073458,1
0.4331701536747995,0.30086889014655105,0.3574185039893436,0.17456005712966302,0.7819365964395671,0.9631409637502897,0.7476488962094678,0.1344372377539612,0.693067527074216,0.4814208762652957,3
0.09285854440915108,0.6512316378293794,0.6861629233622194,0.7487304816368731,0.6796241322802604,0.7817863244495067,0.1835205602750422,0.5974549043338532,0.5433029013851328,0.4285984747121434,1
0.05485057273396648,0.9594944773883993,0.6878138525848573,0.30216679437693805,0.937004037001915,0.3842849142553361,0.6033361316487484,0.5818620260928963,0.6836126954884855,0.7189782425954219,1
-0.1999125848240993,0.6907695695208534,1.1294009377676693,0.8526800821247331,0.6092521510866529,0.23950209942666428,0.7010594941712149,0.6031863457377795,0.4937387770072745,0.3050838502535443,1
0.953450054114047,0.6842832828453761,0.5599466916718998,0.5170035724492684,0.22088138099859453,0.1961203921390331,0.23250315969861393,0.11947340867052865,0.3298999571451082,0.8047932547892043,1
0.5973139635589221,0.9024397797822368,0.8111721868373601,0.8059419019311723,0.7485939533431588,0.44810430999918516,0.16655970752389088,1.0333646709949094,0.8727416916691932,0.8096099531386363,3
0.719087103423668,1.4620156520299328,-0.3393955057230247,0.6682877155919279,-0.9074397424664036,0.8150927134945163,0.49023853048068977,0.35386032439310355,1.2968289095060022,1.7342495693643838,1
0.22014675393018154,0.9877676525983121,0.6391238204894518,0.4841870634227802,0.7828963420252001,0.6415175878742435,0.6384750495967252,0.4793321888742407,0.19926175537821023,0.3158997250732793,3
0.378757281309016,0.264263838881581,0.42304376728994153,0.4617637008744563,0.4601908469651595,0.6075577947621186,0.293345049128936,0.7712099763589176,0.20686575427892367,0.6375674969971696,2
0.13086047876786328,0.1106070250909638,0.37751347434805,0.727347338940471,0.089716553115396,0.4149011356896282,0.5549098224581623,0.8293189640446139,0.4354501893705629,0.47546346680024476,0
0.04559249778230514,0.9593137140421961,0.6809144507442968,0.2956775921659703,0.9331094917075263,0.39294544992704944,0.605583816762205,0.5846370213801707,0.6772571294383286,0.7243461132854739,1
0.19024920708916643,0.09763122635415818,0.4116192676552176,0.6857290467313593,0.12294989099840384,0.33587345890483045,0.5662219396206303,0.8206838366953106,0.3962747817023297,0.38853696233467166,0
0.44175545164496344,0.4033884342087069,1.5468987580155589,0.33917834053298657,0.33352640408129985,0.5470230009306558,1.0540952319544072,0.028654109645044,0.8881703962306989,-0.2536168267584344,3
-0.05697457281790402,0.6182427746226891,0.5686851310340373,0.010453685064463345,0.8166533043275306,0.6343242249911759,0.777913022077412,-0.08551749085360782,0.7719379743864043,0.2067227760007918,3
0.24622104050343732,0.9690351697800789,0.7179372381700113,0.5006875803370467,0.8391968979379182,0.5996061730597638,0.5672905762462552,0.5613852131853552,0.17109052008727701,0.3159144520044936,3
0.8959638780805627,0.7184923153185322,0.47867055167594513,0.40617603796941837,0.23665766358001428,0.2644733375121106,0.21749491578922206,0.08237101253112077,0.4343174607359412,0.9486835369009226,1
0.24929225199279786,0.9315036009716982,0.6911029953300384,0.6953208907786139,0.45837965263207847,0.3818507258163245,0.8116769484915296,0.24738197852521593,0.5271537708805454,0.6709062335356787,1
0.21919167560113,1.1271192303348587,0.6428597732318985,0.29661877081617705,1.0997932789133982,0.5307283408560625,0.5542300904837537,0.49533378170989995,0.784641863406459,0.5057455565691857,1
0.7831660138835539,0.5439449655376563,0.8614324400419755,0.013136175750975303,0.5987557153316154,0.5073650751964132,0.21835312383444505,0.5287991546935427,-0.20201465021435056,0.6909794262863763,3
0.5520862010790004,0.6054928565253194,0.5399005062008531,0.7892822065124802,0.24249987181439758,0.4454503187472903,0.5932577827171178,-0.09686338956041976,0.07758856578254869,1.0665896762531841,1
0.09759006303128216,0.36754338860142677,0.08051398239926504,0.12842467940185204,0.4117310845698514,0.08726568103965053,0.2034957353112825,0.4095883369530585,0.9685451216607134,0.26075274480777216,2
-0.19358547062426434,1.2718737381645266,1.342324062135469,-0.1742827876177528,-0.03562253594696105,-0.5431407384752016,0.8414061550427001,-0.5230871297401152,0.5859294936444551,0.9866184064360844,3
0.5233238618534062,0.7290227303292506,0.7110357880830064,0.9317949648120245,0.7743673746845583,0.429218650303352,0.15399561136186724,0.8659550137579444,0.9980101317223768,0.8859868176837521,3
0.38756601240939326,1.0136005324004518,0.887601340317271,0.6897659139489699,0.9156601912615134,0.46385165043056753,0.09765199511367127,1.0091912221683812,0.7869820914199744,0.92423620937639,3
0.14380153760056605,0.36309880234259045,0.006358279385477712,0.05202213924125612,0.49074698647300796,0.058804901149680025,0.12723539488487515,0.41476849310185404,0.9279589784990835,0.24140584246815358,2
0.38907496143279113,0.8627098852189673,0.47514478597579085,0.9000916183276932,-0.09346648914409984,0.19202163442906764,0.652797407135805,0.19988712671003173,0.19471053226396878,0.26126729371070934,1
1.055269265639723,0.8477150650258743,0.790485000154569,-0.02642066667597881,0.8376285069963408,1.1800584067780377,0.4704357035035984,0.6886641803923916,0.7629324694135328,0.4650953006562959,2
0.210740987918756,1.0485314763980904,0.7149097344511435,0.8446617236227617,0.3138848135961715,0.30456293224885933,0.8459261002556974,0.37137432309358265,0.6166766358059326,0.005763453564999216,0
0.05677922881889174,1.016426159408701,0.13182913368908158,0.3734431851093788,0.7656111222043445,0.8188509197765553,0.6120729931028852,0.21359983902921634,0.1167707661989104,0.8781605232354922,0
1.2871454813006558,0.40494039735973136,0.17055513965837082,0.5843760140556915,1.121082281068134,1.285531834056807,0.24046942337369082,0.46171537685660835,0.5282484876656445,0.20664989084728808,2
0.7958972925931419,0.7751665556111502,0.3764195365674535,0.05291842082566167,-0.2809632808199587,-0.12335386510690988,0.43889851403879115,0.4908057020922875,0.8267461977042907,0.3674015655608727,3
0.4432970677677448,0.12907493757432206,0.7592204634116111,0.1872633273823054,0.4197899827310187,0.4966562794182352,-0.13365157424265078,-0.10297733240842133,0.6058813357723467,0.27796137547120836,3
0.28648531835328084,0.540388113209169,0.8216914945685253,0.4356549282339438,0.9184582235181264,0.8670488658647532,1.1675532321620459,0.16888110718792948,0.49402887024909503,0.8831641583276295,3
0.40724382591148145,0.5540084545846334,0.37955913720918727,0.1456455789683088,0.05504311516819104,0.6354664693869666,0.035609990258109375,0.6194466161160471,0.93257260465694,0.1796813896647117,3
0.06779906158091376,0.43199419342239553,0.768823159092582,0.7925401934881394,1.1235602433594263,0.008538372620888822,0.9503831786536014,1.1049176752277214,0.4314964150391556,0.7459605743101423,1
0.050905580428577395,0.7751382706731128,0.846189058886298,0.2161226915335953,0.99373889426203,0.5226807896474616,0.678151193085403,0.45511870776507884,0.7137826800663291,0.5066090974086919,2
0.35356044676201825,0.39269808377983434,-0.04711801289139719,0.6646408823340744,0.24293946691213353,0.061769010557531354,-0.06556138499858677,0.7147224151480316,-0.02739390390897707,0.47036883494986814,2
0.28377177630094813,0.936929405953,0.6504239123833656,0.47567533101892917,0.7957488912627433,0.6490009676801703,0.6010775117543208,0.4894200966948883,0.1664047071152365,0.3509637720394542,3
0.7715300094429929,0.6642584293568806,0.34563199366416275,0.5732732961482797,0.15894709347836766,1.0191726163884607,0.066571643658742,0.5474789275568398,0.26181622505150864,0.1828974471896847,0
0.6066891673403056,0.5390292404829934,0.7379731163559906,0.6106202200953166,0.44757711603101663,1.0581739054479347,0.4847312222288741,0.2761064911880927,0.3222843931006543,0.4790002561985257,2
0.3299296547969039,0.56348076308655,0.8392009482630624,0.23689179793679602,0.028229607072448953,0.1713565530951625,1.0594964936791043,0.06324616792059426,1.1088190056381426,0.32503153851661887,3
0.16492133613628976,0.9500782383713823,0.7456612820667133,0.36180976650130203,0.8320514361185135,0.29721651319733017,0.6686347605589427,0.6212278977341457,0.7833290285017938,0.7015932507366437,1
0.8461732503767834,-0.18304810642367886,0.7606128978816418,0.3012682866477163,-0.3132044355221946,0.4684195209618026,0.3206563277859261,0.360893762665626,0.7002252168633125,0.4266367920520125,3
0.5672715739144588,0.8925516531682008,0.26213088206279755,0.5223953083948368,0.9525051771172908,0.4414701673893558,0.9104982556011229,0.0894010198576155,0.865920562094561,0.8124078703778226,1
-0.2741853670162244,0.6651964193979054,0.3902177993159073,-0.07097338250719937,0.2551001069303808,0.8869900784431547,0.3574210768307516,0.0727611570446443,0.353523350279974,1.271431629768835,0
0.9394520631624738,0.47602731227206063,0.006902702306346518,0.9978866646527174,0.04784015509385519,0.13993395838330966,0.022592677776585777,0.8802182280015819,0.7965058840242185,0.04937628856434866,3
0.26810866022163,0.9526687354084287,0.6709215350223613,0.4719550147098346,0.7854512654511989,0.6349816197142715,0.6101652080341312,0.5130085049726101,0.17648347917231857,0.3495531099724518,3
0.1407483850696257,0.09244253501894167,0.3706686487869404,0.7233964634111649,0.07998862866462347,0.41443026723086634,0.5578893622425662,0.8483026080451159,0.3893994299817179,0.4677649199862416,0
0.3738787762835543,0.1345312354762312,0.03647449675777653,0.1708965320983707,0.4935649391266964,0.906095295425711,0.4123137955054852,0.4926499100306973,0.6450980557342283,0.624994984981178,1
0.2021973985366438,0.7524012832044755,0.9566137348968003,0.5214482454422057,0.6605175829911001,0.4984115525441704,0.4414880863372065,0.32580374594095396,0.49355226947270775,0.644836372412298,1
0.05657102356509059,0.9580020680496557,0.6862468523073388,0.3007507158647482,0.9402220969240634,0.3837843843185032,0.598481450842387,0.5821364565073044,0.6808778292644649,0.71642504094151,1
0.07912607493374249,0.9952952456783898,0.7873154102642432,1.593307731402208,0.41634865565482115,0.4842118085532913,1.5605923433958728,-0.5324960822542851,0.5236282547726815,0.11201008025367654,1
0.46840827540038393,0.5292803583581964,0.18715456397912475,0.5623415481618725,0.4730480736612745,0.684651957023531,0.9524551831566899,0.8641867563600222,0.43520596899902386,0.22576169128948242,3
1.0744633127698262,0.5586078632503496,0.1975067272425806,0.97196718598633,0.5896885201376245,0.6467520643166386,0.4644900245151009,0.9478614096882325,-0.06683195292770082,0.1204863856101174,2
0.5055570726439085,0.5924763384298445,0.13096324223880917,0.6081661701528324,0.4359658815611218,-0.040814317825100976,0.1175941858157109,0.8695374614892237,0.15336328842903102,0.36295973329723097,2
0.29915314923275216,0.4529348669361976,0.4638738136348935,0.27346823505229934,0.6106446079833036,0.6939773468029893,0.7807265683329099,0.25476047627555426,0.4106355451536341,0.525972331663978,2
0.9753599712389674,0.46287980073719637,-0.00815692382778831,0.9473486103095188,-0.0031848184318515743,0.15674317194565554,0.06422212671756769,0.888716334145237,0.7834765781447062,-0.0027963548810230054,3
0.480517815495894,0.6336753363672417,0.48775130691528484,0.6280162892634182,0.22790941705377524,0.9785751451592621,0.045052740261892626,0.6303522256149594,0.14475222551168893,0.09616943368481354,0
0.5130054007452359,0.058629998863879124,0.2891084507831021,0.27604547982870264,0.26786871237109144,0.4974584134716673,0.35821104187467756,0.779430965947459,0.45717060557702516,0.6078454318695007,2
0.05389828569944357,0.9011443104811361,0.7413680586603953,0.3832163096373589,0.9756913780718085,0.3798616195490294,0.702875054957921,0.613637583272979,0.6060962511437749,0.7603717621077508,1
0.5760438016413619,0.2626835533805455,0.3256093011143689,-0.05514266443564014,0.8596890061580496,0.6008465511718122,1.2002943075989045,0.010713772782896494,0.6198711608750412,0.3819001397709978,3
0.6615520190378443,0.6068792109165955,0.904650560468126,0.5100900036016364,0.7963939822278988,0.9176661754588983,0.8336172024485932,0.17576891339948178,0.2300375208469609,0.4999784749563396,2
0.2602044699545445,-0.508971188689551,0.0586819559616199,-0.2787294309543987,0.46703498139498667,-0.1810128891885655,0.193079974007869,1.5370789566321537,0.8062262527576333,0.21386033375739388,2
0.4173766215008808,0.5685587898075434,0.40492608849779493,0.14008700012231284,0.05906844573328926,0.6414802044334766,0.02361796492521813,0.636011345458336,0.9214744989485524,0.15540400776624771,3
0.22104339800150238,0.49084177789714456,0.40416597257060694,-0.02037919764792042,0.7922320063252263,0.7046244365643013,0.7576962430227756,0.10931910542480962,0.7128773981690344,0.3420991326478288,3
0.7610990405360465,0.7145790113130255,0.718456538888723,0.2936043310274005,0.9886999466735976,0.9032270225483878,0.06999763220175453,0.5394344273225027,0.6669537155414645,0.5247799354954968,2
0.30018029073266395,0.5184123514382276,0.6104689090986627,0.12028234825619354,0.611882034936341,0.9784229250740439,0.7301518346301096,0.1437081136812383,0.4551514649594969,0.6646525482683646,3
0.3413814749645364,0.11194138634041093,0.613255192906907,0.12486970808900093,0.11900744517947667,0.6645826047715785,0.3246520311891062,0.29481388871053654,0.8924864377276388,0.25706541259375104,3
0.762319750257416,0.7059598259299935,0.5545588687717513,0.5043473345321134,0.06285314684385965,0.3774927636207079,-0.06221393250332813,0.33610032601081574,0.6628457177908317,0.29796072671672563,3
0.24497961218527853,1.0084083788613398,0.598855300438214,0.7816050996176045,0.5712163598823959,0.21047538458448628,1.0375597741548794,0.21857840485305668,0.4535910390381555,0.7904653100883585,1
0.25414205994266825,0.4347931719306972,0.3128497631035142,0.5865396913774658,0.5438791457785812,0.9688417397530377,-0.011960533472558349,0.44125616022219244,0.3841655736170364,0.16298883766181482,0
0.41192140702968955,0.3330182676875576,0.16232808231902632,0.17350521582227302,0.32192270766039344,0.9776004356576591,0.981711510640956,0.12375623631323487,0.4846377233723197,0.05864662104663215,3
0.368200668074499,1.1205434134139938,1.1906648259647934,0.2394005528451755,0.1887947671801024,0.1432530374773772,0.1054696623345883,1.0095832898557522,0.5617576107115153,1.2416389521285118,1
0.5233646371474806,0.4466315065743739,-0.18135515575435718,0.6193616642782646,0.387407627489271,0.32296752919538274,-0.16417243919670613,0.5514311998453544,0.17534950243968994,0.7658745720394396,2
0.43008353763905255,0.5466785354791807,0.4044303979413239,0.15714308771199084,0.048602760073976285,0.6644091574801109,0.030817157888123434,0.6203058574966739,0.9361109222006183,0.15131028748197206,3
0.17751695453300406,0.37752855422307385,-0.009616620067312214,0.05833544580029426,0.4192719585128005,0.10787465274999793,0.16629101428669535,0.3893486717063421,0.9085101883844443,0.2322540217057386,2
0.15369431860968646,0.1808921070181362,0.0799151739715649,0.29875463973413535,0.23746979814777583,0.9230462961619306,0.32414238325958245,0.3833683784255504,0.5725178765227605,0.4614802864319143,1
-0.04587266757957177,1.2918992376765102,1.0950660620987225,0.8936951362522032,-0.1160807581816965,0.46708800688098656,1.489827112129094,0.8393725425196105,1.2009599638533845,-0.7061848506570448,0
0.4703551282083319,0.513818128147441,0.40149215076545086,0.10792203404843259,0.0979607574137261,0.6016258963246658,0.07222318659577079,0.6287153322567973,0.9318752746050395,0.118707534247857,3
0.7031993197253615,0.427630553557448,0.6109713248905876,0.7416531924663187,0.5579591252078003,0.9251909755975002,0.6415939792996702,0.3156666752341649,0.18712757149785578,0.4775487382853344,2
0.6778198445905012,0.6436662851362178,0.19118744464013437,0.8616062177732693,0.07110766319117728,0.15782590559196463,-0.35735111528591246,0.8205972249663087,-0.05194671343574536,0.6165599799895759,2
0.7308981302067876,1.1851256992423909,1.08100488986242,1.0133796006200795,0.3085061486956367,0.6588904572434324,0.8284373445623497,0.1219757888312611,0.7860803324685952,1.087297799323149,1
0.06307714395343349,0.9317478238403816,0.7195640643723896,0.27693006395100284,0.9140007273861246,0.4027996356734172,0.5887394888157264,0.5563804111239902,0.7152622449638293,0.7552371284487834,1
-0.23045369705400892,0.769620497389355,1.0387876528734896,0.5107832517037701,0.15807974183609988,0.01833817675045807,1.2166615463804795,0.6846469755567101,0.7574710029983782,0.24468688376253106,0
0.24313021456918468,0.34694708934864565,0.29377605635481246,-0.009835268073579154,0.7439539403617877,0.8700373296432132,0.6952653714367306,0.05611244725694167,0.6656710515023098,0.3314570022724632,3
0.5651834336833299,0.9673162913439793,0.27888021991565215,0.5764530164829202,1.0121328778958427,0.595818966481176,0.9105011527336875,0.009678788716677114,0.8208289284118715,0.882338338800655,1
0.3999839383508352,0.48274269769915834,0.22399457680669077,0.7550602742851893,0.11088531329849163,0.09710383150801696,0.19875372624679982,0.7516722935536533,-0.00651425072519797,0.47569277524766185,2
-0.05617725632691345,0.506249303805381,-0.12232425459986707,0.7221817458828591,0.6727066367878023,1.3387028599965591,0.23141181136014533,0.13003413847155884,0.7647868080618347,0.7230121002268266,1
0.4089112467926393,0.9973253334398383,0.9560046884231286,0.8306026708904086,0.5006902018418075,0.29456010862141535,0.8362468847248131,0.1362406364674645,0.266989767161363,1.0049226261930113,1
0.5394082220499565,0.9279392041853273,-0.3386716070628798,-0.15922719441204597,0.8818150681739899,0.5870774503155665,1.1018192108139309,0.008281072598273514,0.5463533134341697,1.2867027898053802,0
0.41090107055295033,0.9063639176980365,0.5783809779598129,0.8795183404541081,-0.12362019685148759,0.1628275175578336,0.7013993332343921,0.23086236882599953,0.1866466525594759,0.3481121732609503,1
0.373677400142133,0.5279410875393239,0.3707869701736715,0.5578618144444273,0.5026964633297438,0.9699739882773505,-0.0008034225141761372,0.4073120762472151,0.3736671959504445,0.07755838341875866,0
0.3990308594910706,0.500490058186643,0.3534129025561585,0.5817090590761965,0.46283222176386,1.0136299983982495,-0.027928836293550655,0.41075872718309303,0.389282418628863,0.033752802269244486,0
0.5447748892637236,0.46459535160916327,0.1891724816148077,0.5478204218047232,0.5431208021423668,0.6875303091868971,0.8974446083345423,0.8510803702915366,0.45078168028012844,0.2769159067536444,3
0.05661894457380337,0.7744871053692993,0.8440811871936276,0.22006602443750473,0.9908571241915723,0.5339127015225467,0.6866560443876123,0.4643642834420982,0.7182588262395742,0.50973002663276,2
0.06519708363408096,0.9219105694406403,0.7069683565340856,0.34117373214720215,0.9168991546407383,0.4239209382804938,0.6405867139336251,0.6049755790515381,0.6502413944262223,0.7473214840977437,1
0.22545691504359305,1.0001007039552814,0.6096970006245277,0.4113173849323399,0.8091048410111729,0.649932010115856,0.6225496796138118,0.4699818047152897,0.20949926415073844,0.4175499952153841,3
0.7751435866509125,0.7829881915345422,0.6691071684084515,0.09007817410826632,0.6570333564945341,0.17297822615996178,0.4140669875377986,0.28937672143921356,0.5794183622906663,0.3505522745273493,0
0.22582651324716344,0.8054570551245346,0.6832775145873183,0.05001863031020182,0.9695200962330118,0.459975948891828,0.3736171191982593,0.6893178651869506,0.4378340080585924,0.4737914499668143,1
0.4710273949261031,0.27314464222761925,0.4711346311095769,0.4246238359603892,0.23854558632409165,0.3564855699489321,-0.02807271042476378,0.5024297377177882,0.6870678456309264,0.9908243166976769,3
0.04545582138494029,0.7807950229080818,0.8387609383784815,0.2065078979224533,0.9682117165827486,0.5366056147838975,0.7020388974396876,0.4591532504054987,0.7224854384316659,0.5009218315339035,2
1.0321784254017596,0.7724724663550047,0.6331159063805218,0.572478434644818,0.27003868954697596,0.19347461677118954,0.22271948115201007,0.2465569472094576,0.47751286263497117,0.9738227295811936,1
0.12504197833869643,0.5991751424676125,1.0024930893403647,0.6650997528313539,0.7797924043125849,0.6698135245558796,0.47921459574628517,0.4188491531160494,0.316068490893478,0.4466447347254623,1
0.29568334689283404,0.445170331141905,0.46270167908211346,0.2581345941692676,0.6000708098639504,0.7154124421186523,0.8172361147262444,0.24123521817125507,0.42048586735869625,0.48262445740224474,2
0.26986921284464843,0.8679952514617598,0.6169924698715378,0.5013166311971277,0.6514731025007838,0.5634753684250139,0.5065903783134817,0.639639408829858,0.2806403693660486,0.24673309844735475,3
0.2701708085313586,0.336731625566125,0.5669332358381366,0.29261007992471666,0.6447904084641544,1.0046004944428124,0.9470466487136481,0.19728863440207273,0.44300006459893215,0.5889935667685401,3
0.669444175589775,0.8853172937291167,-0.048977868384327605,0.4744765300634407,0.9397235330992774,1.432258541503154,0.9294801716425679,-0.42487905386223845,0.6341526433926107,1.0023425380867295,3
0.23960006772377704,0.2254596310788914,0.4867824957810294,0.30216480128402556,0.08696487021229184,0.7595276093529699,0.25109876566803047,0.11583636655118948,1.0622044788621097,0.1378908963037303,3
0.756428694240946,0.9659198853911969,0.7879197288074028,0.13467561251643848,0.860311546861818,0.9721501777292468,0.25061499259086406,0.36736588111187146,0.7847030823935156,0.3270429082710391,2
0.8034751831183857,0.35100994040314304,-0.06362337278183444,1.081431732625637,-0.10491174261574976,0.15632022116378141,-0.07782317899888565,0.829801557363092,0.6478667300617195,0.12218308034425455,3
1.0709988603721032,0.6546652814975659,0.6992662800534779,0.1963441810241149,0.36562496152964263,0.6232048075139,0.45689923962974077,1.1769941771564625,0.5106464819840291,0.8677199775201949,3
0.8184392936720918,0.4914245495294572,0.5359480337297691,0.6533284250862651,0.12616592900069803,0.31098467642006367,0.22251913876058285,0.5190667932997706,0.46375801208403244,0.44356141281830175,3
0.40375739982499015,0.36428615474136306,0.08904387664568912,0.6016331586230216,0.29779385984679824,0.12904167909622466,0.07294791675938823,0.8812383685612576,0.10916565226850097,0.49628600709517745,2
0.37742197058571936,0.2988372165955113,0.257509558324045,0.056013640840964524,0.7387477316642013,0.8044150723534608,0.7740106158945474,0.17878522869093794,0.597507404068148,0.38905103610158487,3
0.31468915350510757,0.5492300499458621,0.39574329425867294,0.5889881695204019,0.497430766344279,0.9571058622941907,0.025898260989405036,0.46127465100269455,0.3255177326280182,0.09744238824559207,0
0.8404096645482161,0.12177418028933026,-0.05668895560820758,0.605091145904115,0.9179649921257452,0.15887951634681396,0.7263136813569733,0.603872411824455,0.6371729884825212,0.7556211413478094,1
0.911421742060476,0.7332927984929728,0.5255858788021536,0.47472272078780187,0.27425782684284084,0.26278095881095204,0.2330555014506833,0.12792977958761545,0.37830191374143823,0.8689950907089469,1
0.3622976995369764,0.47608943977325835,0.20966134594865116,1.3390724434698322,0.3332036900810223,0.6232435071370421,0.7517356221690038,-0.31991111727982313,-0.17416844759207817,0.9506967159522293,1
0.05180391649551967,0.9727911707799702,0.6797272523810726,0.29157213669307336,0.9186872352823341,0.3855616849115124,0.6048094264865465,0.5652835649057688,0.6973821083674759,0.722579320378383,1
0.2685271686610122,0.9587381383806598,0.5709387736491417,0.2998804300560157,0.7738367300623473,0.6895747553166394,0.4706535866124659,0.33623077722730843,0.11143906632554938,0.38220109218739173,3
0.5504828283455816,0.767411335662656,0.797016844766809,0.8911919378781799,0.8683136537690013,0.4041009689530377,0.18138093713483433,0.8980090969196995,0.962482608762126,0.8483775483507158,3
0.8302813060607984,0.6514603095264301,1.0696530276238103,0.5786950943634961,0.3945173319877789,-0.176622019891171,1.190689047574736,0.5003694173616815,0.9697196690522036,0.5989844357589659,1
0.8327254115424564,0.4192587468803563,0.8287199404089219,0.5621044488751145,0.6465142196242694,0.10988103549149401,0.7698934812406462,0.5132601542698942,0.11731585113878801,0.22663517593742133,2
0.08420652689537128,0.9792938533518857,0.6546660068101025,0.29958167799792995,0.9083947507967542,0.40412269244084065,0.5896536315684126,0.5798470981785219,0.6501636354125329,0.6988143561502881,1
1.0080892534003187,0.6151398280424951,0.7157818702764589,0.13232481572891153,0.5038333066337501,0.43957518678245233,0.49501621217353076,0.9500055561079457,0.7263182128820497,0.8048333727297647,3
0.3513020689964894,0.039714915898873146,0.6294897351599111,0.30639692522406153,0.5330520920484701,0.39392199548882445,0.35946935204724034,0.9672534883888568,0.37890588131279046,0.4732883882462821,2
0.4994311510868589,0.2937032433268745,0.445775184605136,0.21653641794097156,0.49481034265740836,0.7416415371601875,1.0073727220260231,0.3887369719720194,0.4700383488307766,0.04690455213099413,3
0.7500580608295008,0.6734650589120827,0.8575767189201849,-0.4910587319563462,1.1744285802109964,1.2250883405338686,0.9818153992618353,1.591806626267013,0.7571657591345862,1.167563405893342,3
0.30092397354464073,0.4384512715104466,0.18496028808373213,0.5838628211292601,0.37067697125664145,0.03539753236686082,0.10011669337055579,0.8173012501389583,0.20315949946691952,0.4704716990534829,2
-0.059425839609177494,0.26658762152736104,-0.11771366624130522,0.21231182241473923,0.2512743895482695,0.05693800522831825,0.3677112345139418,0.4321100404525784,1.1899448571473337,0.2509792563488704,2
0.877926459380851,0.5582135123853982,0.697294709379607,0.6228863807991623,0.14826821673737178,0.3033510408134853,0.13409823628152243,0.542626761968078,0.26846521521719074,0.349235937189416,3
0.027524223747718318,0.603802009308569,0.7684863185276154,0.03407777169666745,0.2041620352555058,0.1438510619954639,0.696104164195327,0.3984029647411071,0.9320773212026161,0.31188043895814277,3
0.7987477102569346,0.2796265465682532,0.47312628782465077,0.6389183425459505,0.46151062041957547,1.0317046575521907,0.5610130586602987,0.34516062351299875,0.027634856577877537,0.44290714559992805,2
0.5744735649507136,1.1013208040126814,0.727035058212125,0.57632972648804,0.9062051889489245,0.5390923636509661,0.04716432695255843,0.7719690768941937,0.7588774508855042,0.8137844996554727,3
0.6965743003682892,0.850395773119529,0.16561033591737556,-0.097869280776201,0.18491266126736033,0.7565664464598714,0.447719667141849,0.5947993974758317,0.4235775553097147,0.19481462077002215,0
-0.15622930818631856,1.0360521371653708,0.5028991551757196,0.1818885233187984,0.9694559702878776,0.311254839323103,0.6442270724163939,0.65810442736338,0.5552371765297146,0.7641390283384221,1
0.6134257483282561,0.39358109815030795,0.27071897182759697,0.2126062983988725,1.189921092244003,0.43576027267882045,0.6821649366087797,0.025214180081637845,0.6683940367068222,-0.09415567344180098,3
0.9564050085386345,0.5570194785432376,0.07649257605659876,0.8726825027474616,0.03607329359507219,0.17108584275271607,0.13139281670934388,0.8222137206029095,0.6767723111985942,0.1394516928138287,3
0.75518896794958,0.5962925516742809,0.831059110929885,0.05690896036577633,0.1136633913549695,0.12759620643048547,0.32708437666731394,0.8701420412646848,0.9052277656781645,0.8349214559152667,1
0.9526954920103183,0.4575755663381033,0.03138720020940783,1.0273603678693073,0.09543235179583982,0.14332995396999887,-0.02233253728867996,0.9391934249833154,0.7574341560333596,0.00833122963082409,3
0.48218391523727755,0.24151656252715217,0.2822422528089642,0.1111238289881817,0.39462056887545893,0.9030859126147026,0.9369032758961015,0.23264119240851014,0.4581269657109677,0.016720944241332053,3
0.09372795265437295,0.7800718359770136,0.8410403477385918,0.7599725202005381,0.7191830408344613,0.7199554525896554,0.3231989905938655,0.42322519507641887,0.4004731157305393,0.49381540410322894,1
0.8975573874572148,0.883902636051708,0.2838485747920666,0.44092744284954594,1.1298834564646247,1.1375306782224732,0.24288144006138795,0.613259867650642,0.6705887921909999,0.6105338532185627,2
0.6161453496568589,1.0052257917357408,0.39881472912341465,0.48251379913768244,1.0445864796074833,0.534042576906421,0.9303534090802306,0.10242859489693765,0.8227273789733325,0.8022087841882766,1
1.0310281251011362,0.43923181013470025,-0.00038541954692141583,1.0120999915374402,-0.052274006059159106,0.16795375253791134,-0.012590461383166066,0.8120445631106293,0.7241797175448988,-0.03125792615993886,3
0.7001269785169487,0.4535926705407729,0.779271944634121,0.4245855218237289,0.739208436558097,-0.017653509135056075,0.7956449417809834,0.3780057232165734,0.17198457780613124,-0.08851003304129432,2
0.9007570720703183,0.5867465857407929,0.3319879587466555,0.9694707686169877,0.6965615832784139,0.8212288478629983,0.5470035259098733,0.8501658902752968,-0.12887570392874156,-0.003781188557285098,2
0.1173275135832135,0.4172458259669981,0.01678390214569014,0.07114894510502967,0.47431202520374266,0.12814479850104554,0.10750172602372848,0.3310171898399981,0.8567404528685417,0.2684855444442807,2
0.3090662068463681,0.4485452569056295,1.1965147451210703,0.4930335401202454,0.9439736158541079,0.4472952397317931,0.4482979378105152,0.5759061991755283,0.7866967385639114,0.4605779440589582,1
0.39220655683482913,0.8376382002889418,0.45748096680809974,0.8052231912569132,0.014982860376079753,0.2707487176600767,0.6177434543144893,0.25736884004773075,0.1734419531425681,0.23450747741719466,1
1.1185706773248412,0.8294922683016214,1.2696840803666058,0.3031637854395184,0.1414989416932197,-0.10864762518547319,0.14876388046690991,1.2319693573952162,1.3082070365733969,0.5302915473747811,1
0.37592115566030204,0.5315339438449785,0.3518541040591915,0.4861309264014049,0.436693471620831,0.9722131195493787,0.02214662741985728,0.40700077009236985,0.40765508858162547,0.10922888441709115,0
0.2308791568774844,0.20465794801488058,0.38239773227250695,-0.02058220767486936,0.7703987386224093,0.7926807918879879,0.8229452871283287,0.053421383047260844,0.6323628973108294,0.07122381218389545,3
0.22210117954235337,0.9535304924997391,0.612056960793112,0.48062644145974753,0.8442650000451656,0.671991857711581,0.6640117469422888,0.4942526219744696,0.1691812367691515,0.3128691030400532,3
-0.11642859315099108,0.5558273196610511,-0.0005208872478398852,0.7708559164489506,-0.08107052314942426,-0.26217045276369844,0.2248918302338603,0.33774301325427025,-0.06352699451588156,0.22400782690494214,2
-0.021834787844586576,0.9879282298078932,0.6677947493286821,0.400756965710378,0.9734217304301661,0.36785736832086013,0.7385591705899002,0.7079850777677993,0.6416025706697419,0.8701816091505136,1
0.5930236967609896,0.6979641286216745,0.7421522745659405,0.7507979404617355,0.735865280595519,0.3124944318808474,0.19556925914695578,0.8261291570906405,0.8674195962632698,0.6845150165717869,3
0.11161016273372085,0.7854293929497116,0.7977835127229802,0.44584695922196993,0.8002284993254474,0.4023791902590701,0.6039661380473513,0.5022287919535535,0.7182216378126404,0.8182894571728464,1
0.5396358697704458,0.8153140765369875,0.03535037950489034,0.8902210858968941,0.2242399494594211,0.9719873344295827,0.052060727541572344,0.34307293411528866,0.005274178408907412,0.36252489882237793,0
1.0916518559952135,0.7521336025630018,0.4290839567720215,0.9525528003633924,-0.22826059784428793,0.524122331374721,-0.11253174773038316,0.3646768262158303,0.3905261234990514,0.34463974291640825,3
0.13922035474706995,0.23774751523793522,0.18484798079688486,0.15021959496177473,0.696011663418494,0.9617450768043345,0.5317374326796993,0.00127090552447693,0.6122673678465655,0.3272087222908495,3
0.9797157329678685,0.4867949450594442,0.048371026231538876,0.967023172071968,0.05805402705907524,0.11171442249560908,-0.04466641021195979,0.8639281777234644,0.784991709757123,0.09396525527735408,3
0.9535720040786213,0.7606768665464534,0.5443083209184385,0.5273775224702743,0.21802784832806116,0.23878006258429396,0.16903709224541869,0.1845486009609687,0.41112661967635866,0.8962314525222641,1
0.307802463068814,0.2917589383145998,0.29389875121262665,0.5245631946001608,0.18208597798655551,-0.010656035336522027,0.06274471649140846,0.8998155958695865,0.17484125079352555,0.6686588555879429,2
0.15669186213984015,0.4178193286086594,0.18081483824373154,-0.1838958978339369,0.7293751865811884,0.71736528693511,0.5467114648427855,-0.01725588578452246,0.8027063620691777,0.42578985632091715,3
0.693876211114667,0.8160778247024448,0.3518595179944773,0.8706056090616853,0.08553177535018411,0.8443005733973544,-0.2615993208452313,0.434442702887351,-0.115615625033062,0.3808492373241391,0
0.1690229569941663,0.13666027113171852,0.35742633931581685,0.7545387321179139,0.09675880763417177,0.3526632984631292,0.526829469260188,0.8447779688348398,0.3930668361694418,0.42515255033195226,0
0.3253667494719317,0.42343415923414707,0.4496123335010938,0.27685609309081627,0.5830864782610439,0.6908105089941337,0.8115133211327183,0.24263049648109375,0.4255800299854847,0.49688067518665635,2
0.14616464206686006,0.1287414601185295,0.49616257622974136,0.8707795985523459,0.9243232891889891,0.4359364884607568,0.5648543747753255,0.03243577305076664,0.3461375303155431,0.26160652456391353,3
1.1041725151813098,0.6726901335548944,0.5614201638871352,0.08393082159891194,-0.1367463273967866,0.30981175964026153,0.03908993666181154,0.524790761077552,0.4135476980646112,0.392550932477061,0
0.13794741797211676,1.0554313026719817,0.6616950775036876,0.2399704588460012,0.6508927118628285,0.4920563388433364,0.5711434571066148,0.5718155738700323,0.24276374512604998,0.4510338886111417,3
0.05536915204596959,0.9822051580732241,0.8148501635554442,0.9810280520647121,0.167091099048319,0.04320046972350261,1.1172809984031962,0.385222671913674,0.7390974343430562,0.09904747440489908,0
0.45904561608382893,0.3725689631778664,0.09509010528948844,0.5472603721288529,0.3639001659475239,0.10090434035794456,0.10432627484643611,0.7438637805890093,0.10597082773378924,0.5759663528109575,2
0.42005893673404404,0.5599438060713806,0.3973431911572858,0.13826218560187387,0.05120897051766285,0.6545783691471766,0.03541835259284291,0.6306427283002322,0.9244443310004749,0.1593831431872618,3
0.46543018555641996,0.1611792818528936,0.3034937443640594,0.19584202778313162,0.4046547309463166,0.8290702350687711,0.9105901167986545,0.24616596021246456,0.4190954707420545,0.0729756470772143,3
0.9632415274849034,0.45087982969380924,0.026890246306071293,1.0097758815953384,0.011850036975131296,0.10814468137013072,0.05070633750866107,0.8843732226794815,0.7616708825322608,0.015216051650891262,3
1.1288298299820638,0.4474106073277944,0.8640608657108841,0.14307066557071674,0.3080085088026852,0.4429203388492027,0.352085497941214,0.8245445607823674,0.9625950992229211,1.0073795343274898,3
-0.009988986147322937,0.173233396730604,0.47095703409827544,0.8776764065871164,-0.05618852241017325,0.3104835224447311,0.4311911704466764,0.8343626009332639,0.4186771284407621,0.5057593684346182,0
0.3948205129619641,0.12669057295522745,0.5828825687451602,0.13448121919976339,0.14508947232651603,0.6939711511194647,0.3101985936204146,0.30025951114657934,0.9220775639198681,0.24314696228062532,3
0.22532663275403403,0.6039245223640313,0.12516986177625894,0.05603907870045237,0.7240033385258837,0.2957062087708099,0.41319350797425114,0.15563562283305074,0.8225646627433411,0.38567487213475693,2
0.7152781454361516,0.3932372143525269,1.6487212657751866,1.3065195157126182,0.28651778381669357,-0.019827620167567228,1.3336153187790434,0.9908459480013985,1.411164907172957,0.17460614236606004,0
0.45973725520993525,0.8624218626197879,0.4913521335643417,0.727699384279296,-0.0038253347449925517,0.2919226275596176,0.6850288205120092,0.3368454900674857,0.11713029110651077,0.28289542314064786,1
0.6912923943064428,0.5245739901360609,0.8489520251007433,0.5754036664360451,0.7176139569100813,0.08471779151727829,0.7112229627862225,0.4625386996897199,0.0608976063874459,-0.02518823047740741,2
0.20327056165214977,0.6540988508286721,0.2874665748201335,0.48773275158958973,0.7806759960759097,0.7851183831341383,0.854461240051333,-0.0204990292059702,0.38872543047336866,0.6950557571932813,3
0.5832628288013858,0.1488543465346895,0.17589595130823654,0.053556646750103645,0.25473297745951573,0.9508064907254011,0.9874041848589182,0.24703437029885175,0.4220868565623458,-0.016774022901725978,3
0.5741339300331634,0.32672234863325594,0.16111247155546288,0.16181454045635066,0.32023469819125083,0.9848693598237475,0.9071980478639612,0.14017834590157593,0.3421102619513901,0.06740294672107872,3
0.6176244008353025,0.568326461580509,0.5709032107180488,0.5037876784070083,0.4015948669961412,1.1924232012811222,0.7362524585688365,0.18343149066488185,0.048705503084792434,0.7012599065128999,2
0.8736817824489989,0.8847555543367291,0.7383025817705252,0.5781045701188713,0.4000775579493522,0.1271929088533317,0.059700119736522145,-0.07006726236098515,0.5087035969407558,0.8316665245908658,1
0.2718526849025118,0.33880558336006145,0.2333981805830002,-0.0009715661994489089,0.4788342279969098,0.8948148482933053,0.6101605909673682,-0.1604173330315124,0.17787335632402201,0.30603508473017454,3
0.21441382240928314,0.8585214531950751,0.0870802429205364,0.7343188542887129,0.6156366654201344,1.110098418894992,-0.40045990317755403,-0.03462953101548599,0.05291583608452083,0.37473279607165755,0
0.9330866607055285,0.5690639385629086,0.008083848027368501,1.0825626267611235,-0.016848966115864755,0.6736864968506231,0.39541356658582955,0.6446473985976865,0.39853517545771006,0.04987737160738631,0
0.12501876039782622,0.860918940639638,1.0109714933418394,0.7522222159543739,0.5576877670741583,0.45257973843048493,0.3555184153825764,0.4744133042616898,0.22096821853832868,0.29770365812705835,1
0.7103338617078995,0.5499724907210652,0.43935480538195393,0.193261376527242,0.17749135648586012,0.20691971472222226,-0.18779681052044972,0.9340274365569557,0.8229402257205991,1.0132260238667428,3
0.07229132295511903,0.07108045861172763,0.8569650223966176,0.15239974429428338,0.6133943447825208,1.305642961782613,0.5993893288489116,-0.07605715937003793,0.3707081057667459,0.792392732746136,3
0.2850895966183988,1.2948396129858786,1.160633438216946,0.5250572033505911,1.031807672638678,1.4804346037251341,-0.4938336544269425,0.2294931902539944,0.5055856651250376,-0.06569245000593171,2
0.941721720250388,0.5956638863595343,0.148613250470804,0.8843120753774184,0.6635931026479469,0.6418124111327334,0.47694730018135933,1.0231112285274322,-0.013309169028008157,0.09263613785306336,2
-0.18453215181688948,-0.2330427093680827,0.40235032264436466,0.534698933929647,-0.5894964300063019,0.4370064567972993,0.835841443044031,-0.33268720196531787,0.7829972434888833,0.31812091823395133,3
0.41560543570312236,1.1044398625472167,0.8052131316116855,0.6035106062233074,0.3521386603729873,0.2754794206334435,0.9302123378012598,0.27060574424802925,0.5598240952872154,0.648749890719587,1
0.2516724802025367,0.3872905298777988,0.3434477232456741,0.027678020531248064,0.7919277999238709,0.7906726544533518,0.6840796161511886,0.045779080029684144,0.709245630543225,0.31022843643707665,3
0.2967050127873975,0.9638447893805567,0.4222664504562,0.7187858279784385,-0.06537468340421539,0.2368637395193256,0.5434476672239577,0.25668794199236206,0.16966788615271874,0.15474876916422917,1
0.33138638873205317,0.5495034934491227,0.07922866233851691,0.5138849214224472,0.2159094632841005,0.17736780201392183,-0.01296499729598316,0.8336458567349745,0.03242366549680795,0.5053406383487574,2
0.7208570013071096,0.45281207815905333,0.6571273714829821,0.7395080991139386,0.5525020516877369,0.953289138009338,0.6311040237877883,0.2629996971384566,0.25102689682888135,0.5121556204002358,2
0.3922907200730755,0.943458085627449,0.4801437469530866,0.8328942841098708,0.10192542546984042,0.3839311519519465,0.6260633557329817,0.21132913418636617,0.15484446643547375,0.20569764454317063,1
-0.13327777978078925,0.45682632576693805,0.015530771556124812,1.2253031290104386,0.2858910358896568,1.0918680338618056,0.2260173318677985,-0.12887700421513665,0.03470531046449182,0.9718966873050412,1
0.3329614286948904,0.10713853408310225,0.6940926534477928,0.48457619423833814,-0.41182498150534186,0.5459923149742517,0.4659456572377139,1.1977686146211595,1.0767036614466252,0.5288833558567739,1
0.5315880603218976,0.2223567547570994,0.8341790251700693,0.46529114228502666,0.5822539035943273,0.05459149930327402,1.0608984750876136,0.7773173075580271,0.5244602670655739,0.0953519406321778,3
0.3390143241696332,0.49754433434294604,0.407543001796117,0.3231828355008783,0.5953908039444029,0.6489099600090077,0.8605955593755662,0.2439687528296456,0.4890660059363853,0.5546217903366067,2
0.8860338678654182,0.8451024851613029,0.11824640138146453,1.153285233604107,0.5620739915611501,0.826798189138831,0.3714247706238827,1.0975349632373672,0.21962578315249764,-0.1393625777058663,2
-0.12910599870976294,1.2707450867732102,0.2846119257030906,0.10089811433988816,0.4614727600052748,0.9379895377069933,0.5583441159774996,0.05138545405261316,-0.20032646021725553,0.6753747190181284,0
-0.12539996248118931,0.8933667991770885,1.1865917994022863,0.6928039874689468,0.8563170139504169,0.5742046159247908,0.4997553159126544,0.23755383080247783,0.4669846737008695,0.6088725035834979,1
0.4797383618343465,0.41843966515755293,-0.01228774511239561,-0.2563880752014865,1.0225979503246836,1.289436327654382,0.42558508554945523,0.1897511235684592,0.9306854348613217,0.20539889123415425,3
0.730630777265401,0.6068356494351376,0.7603296377163212,0.17427896880101995,0.18420997504533818,0.04213584516021089,0.3679358690595023,0.9759148916058904,0.9253856286285295,0.9427420658808554,1
0.011062185110487455,0.6642788274665307,1.0259474283500993,0.5829754407629018,0.8628529137915719,0.5554259392716929,0.35303744783685737,0.6274265143180382,0.17457217397094005,0.29329986600723523,1
0.6654551181310571,0.3631800495995367,0.23048201225818393,0.47492175739794107,0.15163987328139777,0.8185300358800993,0.1622180013742668,0.6960437240150781,0.8705715897615327,0.2597038772801743,2
0.39384103773684864,0.12732343295337462,0.5999515752220823,0.14107401560289276,0.1608233274686898,0.711963001813721,0.29451372915430835,0.2538277609719411,0.8807627865702449,0.26296926987429886,3
0.47219599064966783,0.15443621243582398,0.5979259000950905,0.17510637531678422,0.5287344920569188,0.6173190127819936,0.30795230745437624,0.8688264376179438,0.18132992302997514,0.6776002811964386,2
0.5239809403706495,0.8031523657633297,-0.0946018938447265,0.5155430767673154,0.7636258850669809,0.46706540306528455,0.36965689468897456,1.2553144237774672,0.28889889814829817,0.006273301215232306,2
0.2800422470770164,0.9281321023963398,0.5772787589357116,0.8032511427636222,0.11916141763190381,0.2382674925754315,0.748154977212417,0.18795140344120564,0.3012450381748508,0.18316890520528686,1
0.7895508540655704,0.4731660022445763,0.7338740044199377,0.5182934466534683,0.6225361632773015,0.07233446639937299,0.6726166554436769,0.42975081283683797,0.07856705346494836,0.06837949933030162,2
0.0716503203535666,0.14217955043404767,0.6966248359958932,0.2937790970166496,0.2441865675045383,0.47225187496240717,0.781754928774886,0.6157185442577376,0.034084727543567304,0.3739970528564356,3
0.3074960777617788,0.8270415012519682,0.44298214621714654,0.8635887209480188,0.1072135206102979,0.28184086540969283,0.5339047839737707,0.13461824502949668,0.1303232461571925,0.12346448704938166,1
0.008141745662980121,0.7344932010611965,1.3583662048629925,-0.017565774312700205,0.35653729846309073,-0.26494839286114374,0.8895515041423634,0.05273473224101857,1.1920003645569333,0.4073101497157489,3
0.628810530777309,0.33583899935043315,0.3761771373514493,0.24476338997609323,-0.2026396385626495,0.48417926081112983,0.08787645715459946,0.513479839103242,0.3223431665286616,0.8278363172643923,3
0.33861634836548365,0.4190139475458708,0.03993478707344421,0.6446665606695294,0.3844409894645194,-0.000751652162158431,-0.0376461938769697,0.7606951468649202,0.036350060105238835,0.4871341720989799,2
0.27330961164116446,0.9949874063821795,0.6200047081302005,0.5771739526289845,-0.0032752487262108134,0.024531394107474125,0.4800483749094284,0.323939741679459,-0.03897447518977687,0.29813284100505033,1
0.7293997664084697,0.9366908129537316,0.337265619240722,0.020673435661881068,0.8087572328000887,0.971520736251758,0.17230082143322206,0.7213357651199983,0.731463810433949,0.655913087505491,2
0.5948764647428721,0.27080627413246755,0.6512110999387063,0.042408334639241596,0.8944136138112265,0.7466985381119529,0.5977662734751418,0.8485863525422738,0.0447590283084575,0.5511779881751896,3
0.36473630586619055,0.501657177459673,0.3458981542422323,0.1684136291542764,0.0167247652218689,0.5695365307865634,-0.04391055112074868,0.6759462108635298,0.976326267043068,0.11801583905480965,3
0.5845893016073266,-0.029102503054259182,0.0692907327356112,0.3496900816806042,0.02344301268143184,0.9336031125878126,1.0509954477900405,0.08408597541482293,0.583547752793019,0.18390927615650074,3
1.193151184860919,0.7700586916029901,0.8831704735556141,0.5910982004488021,0.16043405636705044,0.18330226462058546,0.7377661784956464,0.9616547556487336,0.32573920603778544,0.9657667191409507,3
0.1936522601479401,0.6932381200166157,1.0366187245505076,0.6670673356460676,0.7810864488956284,0.6981370190145927,0.3177316953272272,0.46349318617649127,0.259478371323117,0.4581559758405125,1
0.4562211257208753,0.5340900035639092,0.18652429124672582,0.570524392421026,0.49771861386484323,0.6649706216796217,0.958062766725124,0.8737454863691678,0.44276907234536667,0.21083754839315758,3
-0.11821864831535933,0.09823417300534348,0.14714811060552982,-0.12315717791963171,0.598537663489138,0.3384669338942276,0.20056057116229942,0.31671359812263095,0.8579606085883615,0.21901947860739465,2
0.7528032569377593,0.6239876154082407,0.8484889378949372,0.058977837844870214,0.12912349163112993,0.11180469237375071,0.3007784664957896,0.8996056662418002,0.9138910546775088,0.8080848200433667,1
0.46218612085731087,0.11864946148631596,0.5121027128900062,0.290944410366857,0.39279135059005355,0.4272998316150176,0.42036658118788817,0.7807420846931815,0.2588550116798012,0.5534560946371544,2
0.12822016724260327,0.9584947701078101,0.6080543764552175,0.20471519105969282,0.45221653601191936,0.20505958739915142,0.6495732334465026,0.2691776611250365,0.054171668115063465,0.53990610053848,1
0.3285788289733637,0.9115441806321629,0.6919003463165777,0.7903912429456718,0.4107925061409977,0.31359835941323966,0.8923936893463259,0.10293876011853098,0.3921335021776117,0.7341078363409855,1
0.08539824262890987,0.6467792698058826,0.9503535304696316,0.5977460306764235,0.7337258926501448,0.654358290165254,0.4214646321327939,0.4622588219927082,0.32058824753889426,0.4948385576885652,1
0.33332601060173295,0.5197506701644465,0.33666524473640697,0.5303808042927296,0.4653041801641439,0.9514868176291897,0.03694636225733141,0.42699133554057755,0.38098238348393276,0.0836943993628445,0
0.3412866756520581,0.9572292019466254,0.9014002619306825,0.6138904945283431,0.7476743748502774,0.20688227775239126,0.8695932402819935,0.8922867016092619,0.5406680357277275,0.09582391123982185,2
0.32736619204864975,0.37622487199282095,0.23016794932701076,-0.08788346529523819,0.7168518539599539,0.788502907947578,0.5776146538336947,0.08902792312314972,0.6452683838154478,0.3930649366079057,3
0.9355981907849075,0.48364373540334443,0.6201744194319542,0.28091497381683883,0.4994053384696331,0.2300452510311098,0.557223164714964,0.45125338642764934,0.11924831365392943,0.2612363474440596,2
0.13120208553164214,0.13464973685240633,0.09998403221094454,0.11380916800762128,0.8005752556070724,0.7632186644224448,0.6606310824478299,-0.11748632866090575,0.5999720540463602,0.33127422738889667,3
0.6095919833416096,0.6242524360678374,0.49075739228460535,0.30376466180723694,0.8388798493847813,-0.10284524146140342,0.9202348478376472,0.5203407298826762,0.06418084297688789,0.20609035937491169,2
0.26928673454659235,0.9818499968857188,0.7003374282712713,0.46896726592393023,0.7940712635242845,0.6039554205322092,0.6457034334434281,0.5340156469381017,0.2006115961195527,0.3712311637465145,3
0.15003181620510675,0.3921749216033297,0.41929874952305146,-0.012582999280826693,0.7989602493645029,0.9706345029653924,0.723251734991671,0.16202516096251032,0.6964008625872514,0.2546847494253334,3
0.5568416499810623,0.18989015841080048,-0.11934115925818656,0.23095835922043426,-0.07069665778974088,-0.17112298140977522,0.7803217223647811,1.1681683563546161,0.5812342127129172,0.6308440397856746,2
0.6648275820271725,0.5695923267585659,0.9540964435815225,0.5541081009880835,0.5116048224356211,-0.06679093531031838,0.8416388484441772,-0.23375365943226462,0.5401792243987495,-0.2896375451800294,3
0.5831628712806495,0.26992208319849176,0.23284613319790998,0.30287954732590167,0.11557226786621194,0.2746477964323425,0.051045542236070385,1.141008424545754,0.19277642019363084,0.9002293533269399,2
0.27559468123092884,0.9273757132942069,0.6462017822497689,0.4752779640113337,0.7559449945210401,0.6647591222225717,0.5891199815748969,0.49870723670775874,0.15545830725991158,0.3197291698469769,3
0.3008151455520331,0.953222370463188,0.7297710182280879,0.8225393432264391,0.466654063790136,0.3063431777443695,0.858332320368885,0.10644938979280347,0.3561305405494577,0.6624955788336794,1
0.7158050192134178,0.4556243463180447,0.6085578900751243,0.7599774714856301,0.5444404924316817,0.9550649163095564,0.6207970798438318,0.3208658696855989,0.21165215105234264,0.479486359588404,2
0.548269130497761,0.04658366888921956,0.8068868874166131,-0.025728145297351623,0.13073399109167513,0.5518039391647699,0.24993749706310137,0.11852947415149159,0.7955658311943514,0.303762037851747,3
0.13065085214948358,0.539409020458387,-0.31966236415320703,1.259128214604793,0.08643170118407897,0.9093891722532044,0.36676518489007615,-0.06576034072454179,-0.455193267886121,0.23687399451598465,0
0.8568157440270782,0.7861534040086271,0.5278854965293158,0.43684259915665397,0.21742266121671402,0.28078529847256956,0.20104076065336574,0.18902193544853593,0.42300836778807266,0.8816509849560858,1
0.3701474574781102,0.49245323776219985,0.13855251448589267,0.6223048388489387,0.4681499449832086,0.7519784648990687,0.93549315857335,0.9358319809057268,0.5163501703735202,0.20566431322779982,3
0.47989470985337657,0.4926206394459708,-0.08827383151401563,0.43323203652159215,0.7219623858944126,0.587441896201891,0.24854680302989726,1.3185586103687106,0.1375853241713697,0.3313476478496194,2
0.8668205950591572,0.5692765740948087,0.07886716194977755,1.0519519534263406,0.08899925479591708,0.14769888237323292,0.010042799749791572,0.8804018759268618,0.8215616655861722,0.011151678168897543,3
0.7143503362908983,1.2662704565894165,0.33109645679594935,0.8624323025633571,0.6696207096933422,-0.12003382186701922,0.6229583734266534,0.24132663294038229,-0.038204792582677505,0.24574382848646298,1
0.04407147241238507,0.604702758789675,0.7156492627754789,-0.05484417345481868,0.024323718577184905,0.27295379057780095,0.8221972895789815,0.2299567158883018,1.1801872606184636,0.0525929731025101,3
0.7957448039995628,0.5458272078119787,0.5743641862173549,0.5666465542641292,0.07120920758195948,0.36413658790093045,0.18071411986511596,0.5338265627466466,0.3780428435192054,0.40750924477296724,3
0.08706883861457237,0.6100476798832485,0.5378348718388134,0.9527755392627698,0.1425141325738708,0.518732074965504,1.167478764485815,0.024761205686301954,0.6761317434335878,0.8653445229928936,1
0.8697193122279299,0.5777468232009934,-0.035306633147169135,0.9059561721950339,0.012956067549435443,0.19060580253201104,0.08208743272973298,0.7846459222234912,0.6833819319288795,0.05854042956833808,3
0.28462322237039767,0.2719546276102347,0.2735458302549758,0.0750306283687365,0.7688979971728158,0.7997918675596799,0.6228777444827062,0.10956930492053299,0.7438879027471695,0.3515252140289421,3
0.9829847379458039,0.9910184781488478,-0.2094171606889198,1.0576674366440182,0.8496391514039096,1.4646561032755843,0.022991375505453854,-0.07457899780938732,0.5676264829061185,0.13616479266007722,0
0.05573732812172152,0.773560164109533,0.8462301070795042,0.2187436012212263,0.9873462342474462,0.5309779478362734,0.6854672077429665,0.461379909266854,0.7158469119732307,0.5070434013239903,2
0.03202166048644626,0.9752013181801105,0.6674449494351692,0.2792525387102314,0.9681567702487643,0.402499168113475,0.5748234590215396,0.5762354664812338,0.6738365157413603,0.7407136968188961,1
0.4253806060241603,0.5505778042916937,0.4247107836573835,0.15978714887282003,0.034560569078049615,0.7051865293156108,-0.012569670039686023,0.5961869887853841,0.8807009084091638,0.14288547807386184,3
0.50421303644782,0.41175715851606354,0.41402314185356365,0.24955533805126473,0.6107629687225178,0.4732869994898704,0.5129192483367492,0.9739299187308652,0.1523106573653156,0.6846341213807721,2
0.07413070096429136,0.46886443632531594,0.07641387266634095,0.0046803582871616164,0.48142249158346584,0.08545384563769866,0.15110297103403106,0.41028636384611855,0.9763134941201408,0.3270707507583252,2
0.4057699875534503,0.4313702189620486,0.10288599689018231,0.5420651910160351,0.32998682173849725,0.1078556321083244,0.05790748779873172,0.806351721124959,0.08484723913430066,0.5994575207518669,2
1.0535429107857675,0.6914193676936506,0.11461139279939798,0.9783181982904932,0.5607716140449401,0.6415150661090395,0.5495006038062347,0.9166450412177395,0.04446146593041709,0.08192983149369765,2
0.6946873436779271,0.4384394706254316,0.5870514499144033,0.7375105619878719,0.543981071573439,0.9293801416521043,0.6202488899864615,0.29810954258694117,0.18099514683699178,0.46737804424711876,2
0.35189598533403454,0.9409219558526877,0.5166671103775471,0.8012911947062764,-0.013046836463186766,0.28278118397968693,0.6500716114068964,0.3571510822154735,0.13867805077642703,0.18750378704593154,1
0.6823602150084817,0.9743419630064429,0.29338990066330384,0.4411310382802609,0.8802142027598803,0.5874083222637441,0.8253992937421344,0.2644483338364719,0.8262801387298424,0.9176296340447304,1
0.33535505698399726,0.515582541398023,-0.02707734135021389,0.661235672488334,0.46553436280064686,0.18875207361514496,0.19310286999621706,0.6803235562634037,0.01988173387598246,0.743866273332871,2
0.28634826260997837,0.4666506479144747,-0.1662559670662379,-0.19518077534268452,0.136775463655677,-0.06504247156215548,0.8390958882082193,1.4104591770897021,0.14769680216444264,0.6164851848046099,2
0.2700586445471491,0.9537952790655075,0.670000313229936,0.4709790325689544,0.7833761360993672,0.6330322644359464,0.6119966165154892,0.510830113627337,0.17538767818333753,0.3474046817902284,3
0.6620790216196393,0.4607641954714443,0.07307265615003944,1.0764871768884097,0.06319583154828068,0.7594575007405486,-0.0554614652299526,0.5131484844873647,0.3578799301207562,-0.04192560743100632,0
0.5563280807154735,0.7736577078765782,0.7585264211283417,0.9008980596535409,0.8728719031279866,0.4397298613238912,0.16644325758508066,0.9059205917588666,1.0222366408498684,0.8311457481375516,3
0.29981287649993943,-0.02862167373370024,0.7515582688171222,0.38060184838506184,1.0075135579905812,-0.08727733713684928,0.9627831141124972,0.39957137050769087,0.4851554254276868,0.8792682972189099,1
0.9526563271543977,0.7079382862954271,0.6695797385182682,0.2414032529296983,0.39253151409079984,0.4739298752627967,0.4493456980846066,0.9607648729959185,0.6253997352747968,0.813344493107376,3
0.8083758680723565,0.8510673633595633,0.5843090423617522,0.37919947281133765,0.2147131771992038,0.15891684545731793,0.2652969495695435,0.18836506849052895,0.3984163065581405,0.9379407535957002,1
0.7999044996664045,0.39514837145163695,0.661393283463515,0.9588031758050273,0.7516765011969122,0.9436376445407372,0.777874930743073,0.04749267923928158,-0.1334611838763617,0.26289921586311127,2
0.05370206445960729,0.7758343413708241,0.8450769351631087,0.22028571413076692,0.9902719283240092,0.5297012159449255,0.6871675597277891,0.46006235049034067,0.7133958516257765,0.5103322020613258,2
0.38689785062225035,0.8791135799616445,0.7095908693287559,1.0219176950632392,0.7716399419776594,0.30152710005556504,0.1744285521089613,1.0619147772116493,0.9420895858343545,0.750041326497229,3
0.9995223512670226,0.29001709252945373,0.42157043685363915,0.22666243821029786,-0.08708416704134044,0.40164896282018814,0.7301786725803676,0.5613265736957831,0.418358892787486,0.12797032537246353,0
0.7792617570092322,0.7389731629295241,0.5513213543390262,0.3877628122735916,0.4975149479935721,0.44481773409173625,1.3200802818478816,0.5175553571062966,0.231411598884305,1.1657770566487866,3
0.46987391125332667,0.5035969800021189,0.18185158988586198,0.3119285532545117,1.0389317052594245,0.9005147908549831,0.7134855708039975,0.344371850632392,0.4123908362579148,0.19918401958829549,3
0.6543633523840804,-0.005721029594265292,-0.1405857962859331,-0.12936421676874266,1.0496695396751479,0.7779750797664774,1.007530087427479,0.3471152228644744,0.39314640422752234,0.4086961370969909,3
0.4820497381649389,0.26240515700541844,0.25815576535696766,0.11958814016374315,0.38965143299496524,0.8944003751670995,0.9112390459180493,0.2560178787351291,0.441275461390743,-0.006741094708803033,3
0.4593570323819307,0.37114126059722835,1.1168433698175355,0.8790876944599453,0.8560837156574048,0.05777679038976452,0.3165971060681184,0.5266276137834334,0.9260995830290468,1.1610147266178334,3
0.4005847407820572,0.4479662736357377,0.2234488460638689,0.6359255243843113,0.40684816618808217,0.7517388266675455,0.9645707499788024,0.8549847952699534,0.49203533147235545,0.20228033946284435,3
0.621582069538183,0.47712092153005825,0.49044058900397275,0.4711297310134592,0.06353911950705396,0.4368735322099604,0.6003625652030627,0.8059520188017181,0.36758667880442136,0.11709420550467692,0
0.8838079256002136,0.9196726109244846,0.32474214443589366,0.44922211823880814,0.25359277558750676,0.15459053127522415,0.33682979692748855,0.12467569913135329,0.27074915929062826,0.9424588972499356,1
0.17869997569338059,0.4108500849537257,-0.020294696541494996,0.05696721382734089,0.415916657811429,0.021299071696398206,0.10226957650305775,0.42678271463341544,0.875232122791801,0.31258157245888857,2
0.8402377151687286,1.1379095630652722,0.8947421045781585,0.9575236886213501,0.9870764142797503,0.037723930881855106,0.020820329443926977,1.0976125794427067,1.0382512800049186,0.6632160137402568,3
0.2927776792632346,0.852955547916032,0.877349419965595,0.6692584648112505,0.7103470936460023,0.19636648622710684,0.8516359386006516,0.8476460776823705,0.46669399059599115,0.16471868295768805,2
0.07503171876358336,0.33979648280593144,0.029732084630357845,0.054916652536002926,0.44115033120896147,0.036573551371342584,0.20081248999303364,0.4002257865652402,0.9505692360035464,0.32885030214042177,2
0.3033659289151384,0.5147346832278497,0.2217470506837773,0.7442407981671241,0.25463946362767564,1.055667096431132,-0.08610803948956174,0.2123390868710135,0.36009554716259723,0.21060931369279084,0
0.4366471471290367,0.8188273651504949,0.42815104613935767,0.8190275402391092,0.04723894541050842,0.2936174578955651,0.6474491853204463,0.23020657283709373,0.18525931658436037,0.20851956576370198,1
0.7714078383506994,0.45678956672194904,0.5637966196136369,-0.11953058130070288,0.1137993024781181,-0.14096835450045528,0.5167017238805122,0.8023183834956139,1.154676849600702,1.055003329832224,1
0.5011081393488543,0.5812088964586887,0.15562702295092867,0.6864296037504237,0.6164572311441292,0.7658765283605572,0.9475583981098928,0.9505006342051272,0.3676830691978522,0.2796309775739637,3
0.13760361126419357,0.35422712077523266,0.40791948046603566,0.08809793584426207,0.6536352010405626,0.6522070785833441,0.47165239434833023,0.25870609896538954,0.4537783018217359,0.18465810059543095,3
0.7374855192065718,0.6159463714666585,-0.09741149894846385,0.8529902362162938,0.24781148115608992,0.9763648157332981,0.2037708681032494,0.0650261606018337,-0.08817771802704469,0.11921946799396704,0
0.6009854811340017,0.9495752071863742,0.2854722036379453,0.5838822525726445,0.9944244050855794,0.47572657996160095,0.9443837680377986,0.11481898369252075,0.9035133533270074,0.7982673764768522,1
0.7079617851528331,0.49647152108042236,1.165720542067476,0.20308683903110308,0.3277761725462976,-0.20147911440675625,0.7550850651319057,1.088830306350706,0.8248378857467007,1.2967267720917055,1
0.3124790887152358,0.9652021588263471,0.9089346962296635,0.7171625628366151,0.6631717111581303,0.5723455546884848,1.0923822210914655,-0.12375597281256465,0.6465526286516008,0.6481049516836411,1
0.12404793074778167,0.991683890559985,0.656716159205392,0.2734819504276837,0.8690235012337871,0.36966490059545665,0.5441174952928847,0.5729584111967908,0.7368213020518434,0.68218468906735,1
0.3250375202802658,0.5169194185124018,0.4140974992891675,-0.042773099528370745,0.25245203503553054,1.0859784342898449,0.7830737395654981,0.0894891589487753,0.3727340381681673,0.2883461955449933,3
1.0502405040289462,0.8688257703109219,0.5422915990787864,0.5797864422953464,0.3521252481479314,-0.004823507384958681,0.07346762511026514,0.01323029134366388,0.23704973975772883,1.1240007103833864,1
0.623938324052845,0.9471151794599737,0.31205130982132956,0.5722652996839449,0.9567152401398263,0.4869084350034579,0.9818224070253104,0.13182974200957484,0.8901221811432106,0.830881908743138,1
0.7964894414460403,0.8721239502553279,0.5653392713618616,0.23535417629312827,0.9061046883981374,1.0613746520298244,0.19132020874544808,0.43227724735208156,0.6596557953103477,0.4476011447481143,2
0.7466865002962084,0.5621899372961593,0.3049048228350555,0.6126506867879845,0.2518920707742754,0.9321634880431388,-0.053263433713306635,0.5229381950780349,0.11307015847842988,0.3749077168177152,0
0.3491840374346908,0.12929465447432203,0.8264232699270114,0.24918597292031397,0.9841626904799755,-0.02817489993441384,0.8261553828836242,0.37745047251844444,0.4186167063383138,0.9755234162440414,1
0.10579314820421633,0.639011362727588,0.9176427693073342,0.6025637257486449,0.6914116125793108,0.6492431545902385,0.4222536484221452,0.44350195644949625,0.32441983579612976,0.49403860643288966,1
0.14208430102558997,-0.10011016133806575,0.625993901017623,0.7580889156548767,0.6998439042647888,0.009041049436601887,0.851251763329364,0.5230596889674184,0.3218773845892387,0.8966680617345403,1
0.4409573471054798,0.8804374941406788,0.703682248370059,0.46303872877616953,0.8073152521434167,0.6728803284326392,0.4729410858539719,0.20206146761385302,0.23153536071012382,0.38018434673312673,1
0.34502301455021384,0.8763081340204115,0.47503285165120995,0.8708440204250687,0.06313571210138724,0.20977987532100598,0.6391022317171319,0.2225292591824612,0.15837286512119475,0.2809224520273417,1
0.7052380580674298,0.42723988937115753,0.5914679955025164,0.7251621126532507,0.5847245286579803,0.9828273186675349,0.5894342198272521,0.373590598855582,0.23092033905314768,0.5181808137646836,2
0.45848070053347834,0.17635952977003852,0.26651166946081745,0.16481599310304393,0.3418764047088204,0.8262410075258855,0.9066300300314782,0.24318870830109385,0.4649746200105701,0.019659998155804624,3
0.19492660244130447,0.8546528768044346,0.7523985120239525,0.5290412643011371,0.8832661030397297,0.7072412281487986,0.5565559325278393,0.43391864748304226,0.19116626994079997,0.371368533576201,3
0.9644381417596376,0.4789242614974351,0.06516626401051342,0.9861663474442857,0.04796718446408201,0.12808624112800512,0.07145308712226311,0.936111277321248,0.7442503524673674,0.048096164203554836,3
0.06706239341260883,0.4364481471977312,0.9011210281532115,0.32468614450319877,0.31415575301853293,0.029317258364255586,0.998697006387412,0.3600101765935252,0.8798102364209833,0.11316513003527282,3
0.8079060932017051,0.8781277397147627,0.4420837071198413,0.7658639113515369,0.41351103779445086,0.508964162303994,0.5560240761157582,1.1270961638025416,-0.10443639956693315,0.0005137979575946389,2
0.5603741485366671,0.937905177156782,0.6629259209721349,0.7688303576944918,0.8459457014302025,0.4326261826613115,0.019263522735490035,0.9022108581849219,0.8988755713116818,0.9174528261347266,3
0.5035955154656515,0.24701022172378592,0.28209812023491476,0.12630585336396077,0.37484772716126175,0.8400731202513403,0.9105916417353433,0.22741291207215672,0.4950815866565689,0.06225384114481941,3
0.6303559863720833,1.0258367782750488,0.3514955590332513,0.5621177846371823,1.0476545620547464,0.5526331880778025,1.0215911690431039,0.1503755211496888,0.8561649486531973,0.7729161141576495,1
0.7622209446086285,0.2693535848822233,0.4427831994041348,0.039923219291488565,0.8428368606436103,0.3526210319059533,0.4697711858845349,0.5024078168857746,0.20473408483679517,0.41887038612698185,3
0.2966830277793878,0.935625837334553,0.6353533658118241,0.45901437320238453,0.7659104128299346,0.633295801880959,0.6482145334093106,0.5094756032722958,0.1725541318612007,0.3168918464719516,3
0.006915388846486736,0.249135356661157,0.4218259835726427,0.14067657413049273,0.3025126686897041,0.561727945010261,0.20838453737719503,0.23488448826410513,0.39753236840542605,0.864915510437364,1
0.9934564411427,0.7383957585033625,0.7104000094072471,0.08540899716251915,0.5515068461339725,0.46362256436912463,0.5741067336342264,1.062140079474653,0.507480987948528,0.9060322881395078,3
0.47145848544825014,0.7801202968626949,0.515495063965921,0.849545585625971,0.8327845598609835,0.23909193995451195,0.13495687402865247,1.188372382469738,1.077536206897093,0.5723207430023203,3
0.8102158167884458,0.6850518519072368,0.25078413590865617,-0.2213904459348411,0.8060062628958775,1.4683128959693925,1.0076888917322293,0.7929965416032623,-0.0912544792839346,0.35013953808093906,3
0.3263732067520183,0.36897410245826345,0.4295765099118517,0.30860641516707393,0.6111681020403353,0.659613454458201,0.8115046386877758,0.24066116388255127,0.39552928223574174,0.5545253370231279,2
0.9239582134352932,0.26845921508745896,-0.014678855978776117,0.5187877640566264,1.0158811395725909,0.07043237404400311,0.4471778740580573,0.7943966560675849,0.6602724638444413,0.7441563145752995,1
0.8312372017586513,0.4069763853594714,0.3965125859391511,0.7059109539271107,0.2966158361228086,0.6432783946932586,0.06335083073367548,0.5038524035675539,0.2939122630789274,0.056140179945743496,0
-0.12766972433630647,0.9499402966654947,0.8310401248233215,0.14756176678316482,1.0286015602627296,0.4625026180439034,0.6119277491080332,0.708284366609267,0.7803403009713384,0.6704656475902795,1
0.1441547866529035,0.4026402257560635,0.15729032179839234,0.11932021517470538,0.7428916383009462,0.9269191704907799,0.6482459935150905,0.048051856876798485,0.7120760382882274,0.4451899771783322,3
0.12360827015188033,0.9515599662470126,0.7405284283928015,0.2465172928501164,0.9009932413585539,0.32202927679779647,0.5752041406875985,0.639459028202078,0.6552821462441665,0.7024489639940596,1
0.9096142731260395,0.5477428016412185,1.1342123665090196,1.1964896430585155,0.6310994638004125,0.5750746498130119,0.4306970707866274,1.0029949996020013,0.7063177378617158,0.420625226371172,3
0.3306048519422968,1.0347777205244704,0.7704331847562308,0.9986017069013333,0.18798125634526822,0.619235088794652,1.2118407742836381,0.7146110592038613,0.3823943950548265,0.17426955475659983,0
0.4114477296963689,0.8549663631353864,0.585664029291191,0.8020848668018373,0.10139390650433469,0.12060081135298581,0.5779291511392158,0.18796499604492456,0.1054797860119845,0.31456857954740647,1
0.4195557302042923,0.7728827195154603,0.8071454518741611,0.5851604696002306,0.5854072810372947,0.5231863968065443,0.8399434635293402,0.11082411834589447,0.5642097673340403,0.4815954579758952,1
0.13456320961783755,0.9144089758811992,0.4838459933243563,0.42941238315819835,0.7410349957618865,0.5484813288514608,0.593379187915807,0.4365710246098092,0.26098113287128677,0.2740265687609637,3
0.4070995290868036,0.22734550157604233,0.35131547495779714,0.15843216291655446,0.28281962228226165,0.8511337007470642,0.940209441182467,0.1926058590779799,0.39316811066212426,0.003536270539295526,3
-0.0696702328894759,0.842804808822326,0.662883643471337,0.3611995856476852,0.852598775880271,0.3041412864493948,0.5856454681512919,0.5808713234559575,0.616025767138304,0.5913268990072005,1
0.9869493531043683,0.6408519643075926,0.18425283847506174,0.9348481148992586,0.6173434832251257,0.6850617780284388,0.48640868453928254,0.9552987924583987,0.004680353783281646,0.037316286118003326,2
0.15032119894254525,0.298885640084275,-0.11756347354759103,0.16650168437169816,0.38847444199573666,0.14303676390842798,0.05093476035771738,0.3893151282581879,0.9764018050351767,0.16990847599744985,2
0.06030848109955288,0.9522258239894351,0.7097579911843703,0.3204773849535266,0.9225295844217104,0.39968764244742977,0.6040366075394129,0.6044631917734523,0.6839542469732992,0.7359002647040089,1
0.12710160929726075,0.3644747781612943,0.07725099559814728,0.04967023241235508,0.4170954565200911,0.13391080588722667,0.09100185578050536,0.34924752847050394,0.9827258104055471,0.21498826295118012,2
0.3015676826654231,0.944154245109618,0.6813678154568429,0.47461171640951005,0.7909696572064517,0.6300197959549222,0.5782360338183162,0.5203706081818807,0.20354444955249562,0.34567771813032167,3
0.43932933170017235,0.5397098415031004,0.3945972099925532,0.16440978336756254,0.03584191297175172,0.6625361654217486,0.05230079553785482,0.6125958580779342,0.9460995322274189,0.15836094362840059,3
-0.0164720549385826,1.0166328472871426,0.6909736537188876,0.2392134237403078,0.974758464358537,0.3363514091893587,0.5259031696135628,0.5482328928366756,0.7433339929911865,0.7251291510989868,1
0.04692978849804026,0.9294747207755517,0.6685834786689128,0.3255379601953831,0.912818531896327,0.37915178044390135,0.5833034083217357,0.5814411014476877,0.6811743228267325,0.7035038428785816,1
0.39329712491058355,0.8253010402529818,0.49245424924979114,0.7796697930114186,0.034320677490243826,0.2831558660295071,0.5837624342065197,0.24243730088132803,0.15664491589156182,0.20758739954440003,1
0.43229878075074935,0.5936488477230075,0.34143117575413734,0.08513400686630188,0.022468305778951904,0.6644461073527619,0.048049543020760754,0.576649957038138,0.9595930102976936,0.09153440790779328,3
0.05305673222371958,0.7708569408423498,0.8504432181823524,0.2155369876052421,0.9901591329162823,0.5333970604147236,0.6864523127566996,0.45773752139455015,0.7150549163863309,0.5045768734637807,2
0.09536534690412819,-0.16614669471505594,0.9305310717738091,0.4934685945952624,0.35654423651660894,0.5332523257082213,0.523657523028374,0.7064361398282317,0.12467528062973918,0.5273306004678878,3
0.1505839413795671,1.1989718920935837,1.1106135549785239,1.0470170950602076,0.38179305083984283,0.33111463276337416,0.8739937918224921,0.23554013285369124,0.07242707373138091,0.47718610698883474,1
0.017961776173737058,0.7729810197071187,0.8194092250137517,0.245355555558949,0.7950231029194332,0.32361568312718914,0.6508732870980095,0.7177334385853893,0.8145543042163885,0.8245667425042046,1
0.357650114642849,0.6095071702572615,0.18593553486760103,0.47082346428447763,0.43166378019232343,0.7058480286297107,0.863826799923825,1.0445484822775657,0.5748562419421,0.20493793202173538,3
0.31616341497051037,0.4268599299491077,0.46106073293974875,0.27158759325985327,0.5810901742016628,0.6987027659591608,0.8088866159965742,0.23935701138510285,0.41989260452276733,0.49208177649681445,2
0.5178595497576133,0.30278116691240664,1.3963578807958372,-0.4365233934333743,0.24267690509466985,0.6904790585886046,0.5331702029923955,1.2240040194504604,0.5490162783644359,0.712682016902743,1
0.2990733264090863,0.9217611300975983,0.6668056253566442,0.42651424410615174,0.7552440236294611,0.6158180337882141,0.5735358356607168,0.5389588142486098,0.13263658465337363,0.3891332243595485,3
0.5665833232236497,0.17435242924990674,0.45205759646844496,0.27251950941452985,0.6117708941334594,0.352799840590737,0.5631064602055819,0.6081599652662195,0.5221460176447369,0.452139158672289,2
0.638700832960671,0.2361930178955,0.5930752020935642,0.42931037854056575,0.35711069589338007,0.5390755948427706,0.45163339459373775,0.6852907450178971,0.3108463403252588,0.5534027218697811,2
0.4849662460002199,1.0202098263480606,0.49105351915889817,0.8756659419054795,0.02036133130753196,0.1918458093860843,0.6447564475423369,0.39710648250809877,0.11788625090573548,0.2648050384131196,1
0.05205017464989988,0.7687900456874202,0.8514211691759601,0.2256017724788772,0.9928827702045843,0.5292267503235943,0.6811442085576106,0.46568902744058166,0.7231343530272456,0.5028960458388414,2
0.5526390458671858,0.988995340648944,0.2739886598675372,0.5149639196163179,0.9805285228548872,0.4830954938862214,0.9487949694959481,0.11766219858001686,0.8526704813326931,0.8405602693289894,1
0.12866013986195962,1.0108232833432158,0.7164299598488632,0.22200019941068722,0.925196925158619,0.3152888606759816,0.4514190152002588,0.7030192628447411,0.8072537703619007,0.8621311028856213,1
0.19463848105485493,0.4418347951923951,0.9886105915738197,0.21183319977315143,0.1818950553811023,0.099565711359413,0.9287041201458905,0.20865426781821386,0.9278278032236478,0.19863570671586292,3
0.9642773370707514,0.24345328073603456,0.6502905940974749,0.858868146536945,0.35345319888861654,0.1467456584334211,-0.06149796751913103,0.903548661987372,0.1076220047487994,0.5473920190566134,3
1.2457313801245655,0.25286426664639583,-0.3707168125241377,1.3200913279605162,-0.07657640413120081,1.227671397170929,0.48464591728322265,0.07963982388327484,0.37113648494535206,1.015900889778611,0
0.8246237670306762,0.5616634718518302,0.699951234911849,0.3294652744260201,0.19774087573927335,0.10158205402515733,0.33367803702421056,0.099617290554891,0.48007830899697423,0.9586431981203597,1
0.38359814350209864,0.40896894609184736,0.18931808229266778,0.5358352184071971,0.30841664005612773,0.18939919776346648,0.06178736162763001,0.8450805635934256,0.16617803775823337,0.7017947178989336,2
0.5878094282789875,0.059100784074554616,0.3380356650481785,0.2690674730737522,0.29877786331400136,0.3873834229771276,0.38981807577472616,0.6581160716565354,0.6723149415449514,0.8282425943542907,3
0.38020450265578387,0.37391368749174664,0.8132224111288809,0.4226164160127485,0.6866873557446926,0.15967212060210834,0.9128623243944851,0.6877097266034234,0.5976197160461562,0.14264140490702074,3
1.0007385842576644,0.6341205564365889,0.20346018470919447,0.9516473193005375,0.5969188384077198,0.6820538320500541,0.4919276046331095,0.9518321987434738,0.010763540135814811,0.02694678442536896,2
-0.06746249635296904,0.9376310147811515,0.8627802494352673,0.8718279547015956,0.08778272713087606,0.3751454562502735,0.9650191765873273,0.4541301253428318,0.5999203816096581,0.04515225174293337,0
0.4426567246379762,0.5538914514563751,0.3994066254737014,0.12583703065922258,0.05261722669253151,0.6405145394372617,0.03653393695731448,0.6148238464828596,0.937569615943322,0.13521836917680977,3
-0.0983348633360408,0.8912718999851965,0.5484384692524313,0.4294771406243383,1.056020510159444,0.5090515330602712,0.589375661938253,0.6194967468468119,0.636780130801869,0.6316064121911461,1
-0.4785471296732965,-0.7932475552947414,0.41312709411097787,1.0045856865823526,1.2512087855748477,-0.45121610627359776,-0.44999684381166893,0.1610302070168822,0.2343680668218313,-0.0774550440816889,2
1.0959058328106615,0.6122540037653639,-0.09705444825393389,0.8324702944524747,0.17110357728329675,0.0003035444666373288,0.06928510752470375,0.8463086308316441,0.8484113285573363,0.13903738851688946,3
0.19877051344854857,0.46041782503091516,-0.07589187157284832,0.0023595928491809554,0.3910879416048356,0.10430760320385746,0.17030868855701678,0.30181491128028476,0.8853595665498776,0.21309791892745675,2
0.3908296262690136,0.8514113247252435,0.47973911971253375,0.8023793785290345,0.008854753914923243,0.26248133493849224,0.5964439396580451,0.26013725151651784,0.15409030797506362,0.2159310823127275,1
0.7073787164525509,0.6602539294496431,0.809733149018604,0.08574754184387451,0.10151209506877931,0.11540926156407852,0.31130863861811586,0.9292111993087283,0.9190731302359412,0.824031090116171,1
0.8103495805320703,0.31721391494939166,0.23382696245756446,0.7186565489105192,-0.3236538223875463,-0.016486059730414226,-0.03598119127148153,0.34776352112976494,0.4489010010940775,0.7784846593366366,3
1.073782846214403,0.9614648135553323,0.2133428186986569,0.8481256650353699,0.6052200284987782,1.0016695023695137,0.7783514865343861,1.0249761362700855,0.04030702025516989,0.18456652597432763,2
0.7886488133092294,0.10228362627294829,0.4320969483252893,0.32920040015742225,0.06592377536096758,0.12435453653758255,0.346528247081959,0.6740683123966986,0.5485306274037665,0.6381421718717523,3
0.43941089422195956,0.8763144463143913,0.622207836294342,0.9498430663257542,0.6363535611124989,0.49176312938613026,1.2321955313502788,0.5589355234698068,0.9504994833845934,0.34211684839058276,0
0.48913563305798197,0.24349751549227897,0.2975913163005963,0.18473159636554998,0.33909769157738584,0.8355414573281301,0.9320358294978209,0.23526082883839092,0.48656378200277584,0.024102639648902566,3
0.05831162247790529,0.784346080437011,0.8556711733487934,0.2269028396066898,0.9796522409006185,0.5365354410638095,0.6854121334489335,0.46318434276560894,0.7265510282141111,0.49525975820299695,2
0.09995211607848709,0.6660885102869671,0.9351134056271319,0.6140612118096201,0.714252441971301,0.6340030343011526,0.4205508618967563,0.44715380250724746,0.3402326346450811,0.4962836885409352,1
0.30770764155252944,0.41013410093231034,1.1271123520398039,0.0633006904385694,0.05059586357737786,-0.09081568270731788,1.0220360277866931,0.08095456477664997,1.0866867527615816,0.16139802244857837,3
0.7336558012748643,0.790744097075293,0.29168362280808036,0.8800827512218529,0.1915303302470552,0.8248969971386456,-0.05667930414299993,0.4510227903088986,-0.008988246181403342,0.19477176178049005,0
0.5667876023902141,0.7536781396832901,0.10084326026497502,0.30561469097385774,0.09593944332697552,0.825155779430636,0.6090178469533872,0.48751373789151525,0.11402234598521373,1.0267890872987635,1
-0.1778790846457036,1.2121501634019367,0.373190635549356,1.0158296626018215,-0.1042872252282313,0.24363085014029762,0.6394533795260173,-0.0155651917895554,0.3832207305197216,0.487580495304449,0
0.31539483585556966,0.42269750233792835,0.45645662492396133,0.2659603335719908,0.581536605129575,0.6998607809590628,0.8139677595929112,0.23708140452415272,0.4135648045259267,0.4898179475595817,2
0.5446647557263564,0.42862329214859507,0.5701899029502376,0.534116382740192,0.28952929280615325,0.3212146449023354,-0.06377743789989032,0.7637608043131124,0.538512264210639,0.2818572318881876,3
0.5227903459008518,0.7631586792582707,1.1370706320094364,0.09031043898005693,0.3460058085571778,-0.14670807152992818,0.3487532805239604,1.0016394554288868,1.0931007591944932,0.5601558160050284,1
0.9358988501809182,-0.015853840151461296,0.9079514221419728,-0.0947745280609894,0.2863368720077363,0.09768577586805222,0.05971752357518423,0.8889083913759197,0.6632523935453775,0.758987388334958,2
1.0270358212918032,0.6047277760242491,0.13828069245633198,1.0798461010578353,0.5800008742207046,0.788221436454372,0.5078972395492644,1.1022521239981478,0.14123941517783015,0.1429177029323171,2
0.03119870230918959,0.9115911318196388,-0.011078033049557089,0.296459546352437,0.652427591306026,0.788246876093009,0.5871078084549309,0.23154286695444082,0.31205983281684846,0.7588704289330729,0
0.5592081419336179,0.7076378333733533,0.049875110887916144,0.47261901672357115,0.02679413660617063,0.8750532173247886,0.5274869062611106,0.4925820359880054,0.1664109954790607,0.9541237864462333,1
0.44546490527137955,0.11251756492749143,0.966267738155991,0.31852888341900515,0.4861383122658165,-0.07668127662997526,0.17592835205492757,0.32498045336271664,0.44117121106216867,0.40296073334314925,3
0.12392241359351953,0.9629861008475646,0.7306408077803964,0.3232875816200258,0.9878304895484327,0.4225103725951359,0.656343591388466,0.6569254828861314,0.7460366045636507,0.7122498362799944,1
1.3881207844154517,0.011247846494993885,0.5999550023932133,0.23186358241210542,0.06891344765422491,-0.6218879517703549,1.1771769098125373,0.4555903584009399,1.4860805663251067,1.4083782086382075,1
0.6050209788150974,0.9638501586987674,0.29608736735681596,0.6010952530670663,0.9722792902518107,0.46122864544464437,0.9885744495933785,0.1720733063167769,0.9030053189689553,0.7888394951349037,1
0.3049249539345098,-0.1671647178544184,0.8156236705087176,0.5573935233193187,0.4696545324552056,0.29108557129892,0.08393454069033035,0.7553040781001258,0.7095851197322196,0.651718650513046,2
0.9150743003116961,1.104034731506617,-0.23580008484648934,1.1721870732322572,0.22229543713516794,1.0274008075801615,-0.29787800217817945,0.3328635984725955,-0.333701231920214,0.3113350392413753,0
1.021712376470591,0.544384350829178,0.374503747817179,0.4828440707656073,0.09320509203328561,0.34891707507489833,0.29850607724958467,0.07963413186296919,0.2029261169804601,0.6759357123161779,1
0.4373711278748598,1.1135754711682324,0.9965510312325885,0.6452635366748747,0.5957108607419619,0.12347978311967345,0.2915535407708166,1.1509209865816927,1.0973855285055922,0.9716629981256333,3
0.3193123260745254,1.0739756924009272,0.4604738898279884,0.9889681686662024,-0.07252583208278497,0.2801972475912586,0.5587235441290552,0.21895003977535318,0.13989533955426434,0.3918459843396859,1
0.771509962167248,0.7288353887979859,0.9737393373840381,0.9716355322699135,0.704639743565701,0.6866982011297076,0.08542400476780784,1.022646695764652,1.211695936262802,0.5770177872729454,3
0.3225093103776269,0.43171900945669084,0.4597310073761419,0.27517333869449295,0.576711126710094,0.6962053744409158,0.8171087615511033,0.23046191805764096,0.42088360522438995,0.4972950473315789,2
0.8749815432790494,0.6538170192659264,0.598337594617528,0.5006849242903622,0.3172841062311784,0.2123632897707187,0.23015636817593316,0.12604465945017165,0.41796072989350225,0.8829494982933821,1
0.05134903151109228,0.7781748307886889,0.840663018033225,0.20824020526277653,0.9829872154157236,0.538239785952605,0.6921089174467133,0.45738047254642983,0.7048746589830889,0.5082675310586963,2
0.25554983062418984,0.9188338100381768,0.6863921290698217,0.5333260342031851,0.8050732211419882,0.6425791078741631,0.5692974900012365,0.53600022101276,0.21088280690143477,0.3543414408483929,3
0.11961369059946267,0.6817225575107211,0.9213556275122793,0.6281237550082825,0.6870782529187001,0.641137664778594,0.3906781695927592,0.4424736662707558,0.3175406617013765,0.4912554672939367,1
0.05796951164531397,0.33781889186834163,0.044441717286516844,0.060378071868933174,0.39409200926693577,0.047629786495077785,0.12501365145459864,0.2559628799193222,0.8881887039797737,0.2651643110954276,2
0.39059144692057246,0.11803839972792918,0.5943143646245531,0.11351197570291399,0.12365769328973511,0.6645886984771335,0.31518746835896405,0.2563728496621955,0.9328188921539295,0.2433347659251311,3
1.2486804953446122,0.951364433109689,0.5134765725273582,0.7505273457514349,0.8918669353771258,0.6685684325658601,0.2020730630775357,1.2146716254580676,-0.3284578146556949,0.31043963357901655,2
0.42239442190823134,0.2141178102822111,0.2862674990430429,0.26992338141956485,0.266603134537153,0.818366131647644,1.0329864448394939,0.12955628076810927,0.4125761368077712,0.20509084118915707,3
0.3494010931009148,0.37191108617412405,0.47489494860182596,0.2925462837307663,0.5557972576535156,0.6896431490343453,0.7457410526154904,0.33751235931056167,0.4469162001995165,0.47142226165157086,2
0.5506387741103197,0.5064945078156197,0.2969735489491361,0.10945603476593846,0.04206854448418279,0.6011614972137992,-0.003945868939502772,1.0658368011205877,0.49963530654662125,0.5297710293414711,2
-0.01470610505103287,-0.1454491158274529,1.6609019519504353,1.1023249987192605,0.764394566598426,0.370953853917251,1.6888982208860615,-0.23003715544231118,1.0924413569258435,1.7038347965184846,1
0.04170403457248899,0.7579021365686892,0.8399889661988706,0.21992099808595292,0.9958705259099578,0.5388934948415404,0.6796690273626538,0.4703747836069835,0.7087252452480289,0.5111695849427094,2
-0.16156524684065304,0.11015060412429778,1.0611569089713817,0.2858037487265863,1.4129963500940887,0.31674911618225154,0.2908053564798825,1.0382824065331415,0.7907664042929334,0.4549970529584522,3
0.30317895793431526,0.45476217643723044,0.8549351965581302,0.4874527618686586,0.8675864427598919,0.708208310424439,0.3313117420651084,0.4521817411854939,0.23788760781767382,0.40369031164495295,1
0.4231687152353718,0.4204424094718201,0.10441635792254095,0.5351571432294674,0.3316958538091634,0.09510700954894098,0.06911765619959936,0.7864447384062323,0.08075698653636472,0.614804364458066,2
0.5083406979655605,0.7419920570001387,0.1744775949346011,0.4122637574701709,0.096684426202073,0.9368911518413072,0.4737176782656542,0.40792693337184904,0.1628979034189393,0.8891758068131113,1
0.9263827796338779,1.2102210168004164,0.40492850383209,0.23102071789869272,0.5779736720796215,0.446844499223962,1.1243074935066009,-0.34191536152294827,0.7555652972733674,0.1969280262701767,1
0.13116490981955892,0.37147313532017906,0.018130195679871404,0.06500650856765179,0.4593762446962401,0.07763910574086973,0.1546912504318929,0.38384823303476634,0.9201764719114577,0.2551738801065167,2
0.47351743619103204,-0.016815626621307367,0.7534115399228951,0.11813318199182893,0.053802859262138625,0.24720950389878696,0.9701026304445595,0.3146478247143008,0.12121223216860619,0.6141715065237385,2
0.7693508142490998,0.31489061842498345,0.10301741760723296,1.0578451273985223,0.12931589368642799,0.14942564606682565,0.20601812681717013,0.7060455098899397,0.7592037018801941,-0.06296173664569181,3
0.6786368710327934,0.26279579407164005,-0.1462683955869265,1.1538671731423917,0.24609301992853821,0.924512635856368,0.2729737011266012,0.6924678186579624,0.28102235934784914,0.38883207173438905,2
0.23788261916248968,0.4243830387068541,0.5761518760380682,0.24236157305997835,0.712887266706583,0.9362199109661795,0.8540914768798727,0.11125018804845131,0.4179093930993019,0.6701671278858138,3
0.729803864985064,0.6273150519395028,1.2182451344073355,0.6733807941248544,0.36615231502366075,-0.058859786215986074,1.2347506334262044,0.3552908460111076,0.24883139095438359,1.5293772500072544,1
0.6095894257332419,0.7665311013005799,0.5771522781664522,-0.07795029943598428,0.12009580096073061,0.29173135555629004,0.359485654182812,0.9014351527964178,0.6563261216190297,0.816342356904448,1
0.5409212688511686,0.7700478203276355,0.7860059339621617,0.9440086503382857,0.9920113650008873,0.5221442337145873,0.31153011573538414,1.0763533361480195,1.102732382758248,0.6849420524189467,3
1.2587990877077313,0.5615602601006563,0.3868612437013011,0.769847642049375,0.8574335759451546,0.8741640587098,0.7385759728098261,1.0642253274909335,-0.192893405514235,0.0403392140269522,2
0.5984239870094712,0.8328676244152302,0.8201161176996056,1.0083192872599358,0.8722559504376114,0.45314233529240644,0.01258942122764975,0.8988901515581388,0.8170875267540227,0.8191190115812406,3
0.3485675323029809,0.8548521031340174,0.7079023286852661,0.7805897835138134,0.399522376358344,0.23779240360922607,0.9268589723038165,0.1465249947235025,0.3746564641727072,0.6939136869028444,1
0.3513609069796228,0.819574953089117,0.3700285230177083,0.7333916986583482,-0.11978078999865005,0.3048687700410511,0.5826630555923882,0.3648624588334697,0.26662666175934235,0.12098162856669495,1
0.4541503255948977,0.2491346567602925,0.3125355444815668,0.1484256084576676,0.3949499834160234,0.8893278726836683,0.942302245202254,0.32006023494246627,0.4246012661191483,0.06743982710386118,3
0.6911843246159358,0.4124659620997141,0.6167665599611548,0.7373533319903021,0.5186173357379469,0.9500324587549571,0.62355652620011,0.34135502318421085,0.14513753793662318,0.48109531838603076,2
0.062082111985393706,0.8342691079224653,0.8405178569193767,0.7565161911299603,0.2382688740745374,0.28518809149303853,1.0534749273643955,0.5828531127200078,0.6096717668077385,-0.02563359320230886,0
0.6922606691748292,0.4030040548936999,0.680700438000664,0.7049259979030045,0.5672249986158454,0.9084851016442693,0.6404069695912766,0.28160176657975994,0.2652039364752754,0.48824254776083875,2
-0.07271339118159414,0.2101389157577151,0.5301965420861574,0.14999109648307044,0.5047944578787338,1.2580574494918337,0.7394414184562642,0.010706828272553912,0.4576304025329895,1.0226874712159033,3
0.35545993174448376,0.20571301174621168,0.2429363505669559,0.10068808401086579,0.4494599965155227,0.8472112461156983,0.8504364364325647,0.2126025445199488,0.5324130538899456,0.11952560044165111,3
0.9965057716384588,0.6639745248645387,0.21718412295199485,0.9095055876353929,0.6278059861152977,0.6722741398516809,0.4961365148279193,0.9524731439739095,0.04154696607480085,0.07284002507086482,2
0.023187688895247777,0.41733178514986813,0.39510234449867415,0.06510203267815626,0.518337389951149,0.8052374392101775,1.179838527966882,-0.11180210970735463,0.16858464786314614,0.7744830007864199,3
0.07229046570318295,0.6842017383329977,1.0161729369411212,0.5942067026284321,0.6836886993157554,0.5465989671538173,0.38222676361307273,0.43415753633214776,0.31393495424159396,0.4484534084179218,1
1.0844805696592625,0.2631636470387365,0.4772856616533753,0.47865439482165073,0.33342854350515605,0.010420794614192347,0.14417543260962104,0.27057168087286215,-0.15113729461209677,0.49951319524493704,3
0.8286344422489647,0.5165474344425145,0.9163165926524907,-0.020172998286421745,0.16086064468210393,0.04113524644241135,0.41060418133812393,1.0193026441623474,0.9167394145580182,0.9603992915875265,1
0.23860456404549213,0.4959910716215154,0.3943429121371337,0.21788238324839948,0.5093132346499291,0.7877087151401051,0.7701341436594439,0.18652597101843688,0.4508584397974357,0.44266039312522565,2
0.3709914235664189,0.34920285602392864,0.33647791636101926,0.06359724029219448,0.35571752310939264,1.0124063500302043,1.0619650863086072,0.26216617236025336,0.30841810295311883,0.007315811982671807,3
-0.2597538228996452,0.6698495715036992,0.9934259548789883,0.2588358127191563,0.5822515786625752,0.9246522756918589,1.0854496504591384,0.21466493386467245,-0.02927113883454363,0.18170117588115908,3
0.12783496926731086,0.3930660740128609,-0.036161371920346894,0.014893651914231386,0.4867830113509111,0.10417587051474789,0.20495706365328858,0.3816609111064222,0.8663320384188883,0.2866310589418065,2
0.48699295954629673,0.5697989649594214,0.47447792534981814,0.1983918352560617,0.01716149696279483,0.6055540963157108,0.06029225924089676,0.5552471404678565,0.8934310454591071,0.11143442122346817,3
0.07072025867590533,0.933181274809108,0.8916174957175386,0.7425603893310255,0.19738810558654832,0.2507281959179385,1.0429163236323582,0.5295971114260519,0.7378968878600392,0.05728688346137086,0
0.8173101205428636,0.5271663834842576,0.6222496615227421,0.6190632116263872,0.06645159021355931,0.3695628479735689,0.15463618664038625,0.5132799550292952,0.4185214453057236,0.371232104409683,3
0.05761834777848665,0.7727333711277204,0.8504674970989904,0.22432202038757046,0.9923899265761174,0.5290355181949418,0.6889087783769476,0.46740851565444325,0.7188993988733193,0.5117982847971273,2
0.20766749443773805,1.1996260496892326,0.898796652614482,0.3961607595884953,1.1877372319789554,0.4656058201295751,0.5524207011390142,0.7375102564929902,0.43004452300154744,0.5340577280497161,1
0.20163424529200297,0.6210633430280147,0.7834462083130899,0.572058486779289,0.7718694739096688,0.6884541211858695,0.5697634055308791,0.3425907274493134,0.24742408645848535,0.632087270446244,1
0.6042682939325743,0.45150008917927276,0.11249369898725846,0.44745551647152376,-0.06144076615477401,0.9363493951500996,-0.05002669472346974,0.5768323658718417,0.11100654569116691,0.49804999656591903,0
0.2533100702222364,0.10448085276318553,0.359254883953374,0.3183681855503445,0.14944343740228402,0.6482254125378677,1.0634560969808904,0.21527089408515415,0.24503271936857865,0.07505884634175845,3
-0.3354941162323366,0.5757796397649813,1.0237331016863633,0.7362221448942217,0.35732610124120967,0.05498977614616543,1.2847370208325495,0.5829640235135404,1.0221730285985915,0.047673469568186674,0
0.4177199002330584,0.5382691961527313,0.17446810598100415,0.617908466749278,0.4943620869125336,0.6586200124771097,0.939504237119027,0.866613317099147,0.38346711421510116,0.2035367119063273,3
0.023082770023212393,0.9966974954327785,0.6627306988815986,0.31629337487852976,0.9972110708117417,0.41884874084199347,0.6176634795763216,0.5298134535841074,0.7347148742037689,0.6675805946750174,1
0.04416853713014206,0.9911572114791641,0.7381715050642954,0.355600622923518,0.8763607957667066,0.43295479494784705,0.6521694506725383,0.6276951391631879,0.6549597314093347,0.6987379223574797,1
0.13366333860822155,0.10320791100738538,0.3879131146404081,0.7434193338898151,0.10646944717616023,0.3710344735192467,0.5318371697207521,0.8471909119912832,0.39838156136650527,0.4287800697219675,0
0.3012845485369395,0.2239444838324717,0.298870328510196,0.2445747982534669,0.4526691924318206,0.7301412514484471,0.18334953493240638,0.27370458625858346,0.6617229409565396,0.7222334252584801,1
0.8937302911233169,0.44529075040900823,0.6887270376363721,0.20988206991419195,0.27888244766338455,-0.024139360846057237,0.5094186952242201,1.080047016048399,0.6180993936153514,0.59011992106179,1
0.9566664331598479,0.6504699242322878,0.5080849110760871,0.6082140536234564,0.7215953956323278,1.1776001792351503,0.3982679921918387,0.49890654582339367,-0.09229140504842093,0.5637717801612308,2
0.05311885552856364,0.9547108423677312,0.6902667545878488,0.30540603481560824,0.942891480092217,0.38861612259431666,0.5995693207757051,0.5818359458222648,0.6822903909175625,0.7175153494816603,1
0.8137642997846649,0.5555281458480137,0.6001221146365039,0.5956385317756206,0.0934784469931564,0.35899152529041073,0.139693020649379,0.5553543574821396,0.3678272110939175,0.3776730273623506,3
0.5265222684858385,1.2341632145178343,0.20424608108550146,0.4643343951850843,1.152613462165793,0.3566979990279314,-0.12719313106686037,0.5024956399358343,0.6349502428414351,0.44729307881780644,3
0.44151875501800664,0.4820588302109581,0.14304541226901707,0.7412818527312701,0.5986088020795178,0.7537267605748947,0.24147107829062464,0.6291608645031036,0.38480116568043415,0.12905428108542566,0
0.29709530026162934,0.4076437486046678,0.4312053297584512,0.27201952506351446,0.6170434087985074,0.7012504201261994,0.7797280253485371,0.25700981449192145,0.4188245415972399,0.4994972680651286,2
0.9189684975932918,0.7282835577793463,0.25734848800456644,0.06055993790137304,-0.051416975932669806,0.4528718896445679,0.3721829100144728,0.6817814720508757,0.34855407112408454,0.36099178058883086,0
0.8888307863741737,1.0863572755739832,0.7131703484538079,0.9348223716060449,0.43603277401503715,0.432151429518275,0.7184485069598439,1.4414869142777897,0.6475359903019404,-0.13815742666799488,2
0.41942153809420846,0.19325159316225882,0.2362843380490456,0.1603814303465502,0.3094049231446538,0.8588406598095581,0.9810075336112267,0.26495845759181647,0.43239158591474813,0.06659777374719192,3
0.1723733458973057,0.1071365170240553,0.5735512634860443,0.9660405727527016,0.8560730965206923,0.469714591127311,0.6246202895332343,-0.0059341116597975,0.3106879556772159,0.2578268889131141,3
0.1439047999979329,0.3531720937166454,0.033405676359577405,0.07662195352817419,0.4711525013437031,0.10292185719730296,0.15935938227266297,0.3694799835062396,0.9240634733073819,0.27290617173174947,2
0.05434765717560929,0.7748611702950876,0.8468160062404698,0.22055626856437843,0.9887976467376055,0.529576912508612,0.6863294325407695,0.46341683576937953,0.7178445494820093,0.5062094646051654,2
1.2241023357154388,0.21983843159263583,0.3740958715639027,0.5414875416869878,-0.17507216779973844,0.5165269770066871,0.5787538608348666,0.4791822267002063,1.0402331318446238,1.1022362948145945,1
0.8589642936888455,0.6722856452193708,0.4627076689970073,0.44510393075407084,0.21436265739405702,0.3112348749623108,0.2366728231271437,0.18086004789571208,0.3930033475474857,0.789787176175976,1
0.6714489550655472,0.4773176893893756,0.6034433863943273,0.637307928662227,0.6225257947309666,1.0311411387232379,0.5157642619974603,0.3790818586039074,0.19325672909245792,0.502772010251904,2
0.4870151236980627,-0.2672488384012684,0.22871244225454374,0.6519834106761624,0.44153017308457176,0.5304968826509717,-0.32555467881722494,0.5043027262428732,0.23486921497867347,0.7133798291003897,3
0.5841823028832929,1.163447387005332,0.25274341553637414,-0.1324552841936142,0.3231985835315417,0.9450935938734055,1.1229209289015485,0.014651139312896494,-0.09963815079333938,1.1545222398188901,0
0.8776260040219809,0.7726098921259779,0.5451311260215236,0.42798936821654654,0.26274698899711035,0.2831668544163454,0.18137524451643922,0.13461087319479337,0.3693310151581084,0.8153312101713612,1
0.5239206016015516,0.4080135750539345,0.6557118078524687,0.4593618039405379,0.6282805253071713,0.11848240868150442,1.0505193598532796,0.7498196132605289,0.5629043134320703,0.2460132397074904,3
0.0013883165135225098,1.1200117070376354,0.5788286229435291,0.9782507560259034,-0.06118366933657246,0.20255104456476689,0.8554538094660793,0.7349121132596756,0.6581538990361313,0.29789118141221016,0
0.4985148333280366,0.14790942039235055,0.4661786249510797,0.26886786181364225,0.395926451305791,0.531711432986912,0.31904912160831633,0.851514527514513,0.3088754577865865,0.5725399898026827,2
0.7687861386764321,0.434045290781821,0.5144106507519042,0.052877228433678744,0.811896076558043,0.7157943197717063,0.4681555968339417,0.6726785581272103,-0.07057451627735041,0.5417334746341054,3
0.06334512507448,0.9166839863184361,0.7306981697925465,0.300806221288125,0.967451477790824,0.4163080671715803,0.5965036242652246,0.6176017923505214,0.7179506927611279,0.7233175457544271,1
0.40385510404776503,0.5497561004383784,0.1790076991389813,0.40234910624527087,0.6180023978063107,0.6957825880337509,0.7886723739388872,0.6551030295460193,0.6449406397332418,0.36133650458548217,3
-0.03097652011930324,0.877322557837771,0.6461960222635477,0.25456506845329635,0.8824146489451077,0.4581045981406352,0.5488268521111264,0.5054995961038812,0.6234120791726757,0.6424536666428995,1
0.7040188473242049,0.44252796984183795,0.6018109416662335,0.7444161894157194,0.556288743507338,0.920407515037473,0.6298587161086062,0.30879064018420377,0.18230436843858439,0.4746190426614272,2
0.8095775405882083,0.815507593661704,-0.006127080227531612,0.10090196603320181,-0.14338713338632125,0.5596391510272478,0.13605431185050132,0.5475238694328048,0.42850866367491935,0.38085289045394094,0
0.05260314794324922,1.0005265913363017,0.043421005384022646,0.25085479015212636,0.7198406436087661,0.8361638503291563,0.637318559433908,0.17951220304582405,0.2514804355682609,0.8321912434227263,0
0.7874877787844385,0.536698047552555,0.5660929481304655,0.5532867305050049,0.09323543690508793,0.3387803840410121,0.14187158660658586,0.5433578242796654,0.3749758523461315,0.3773110603079469,3
0.3131445742267786,0.8742120449184307,0.8174556812512688,0.5990986527626997,0.761421566403052,0.12421664768211685,0.9530078738357758,0.8037239062834659,0.5189723759807506,-0.015466790673650088,2
1.0347958469671847,0.4782118998844725,0.31667641104218036,0.6691082419205845,-0.02927510906918436,0.47231980614503355,-0.0615424565664385,0.7091632201648022,0.6249232249638744,0.5618920464338512,3
0.1731855682326737,1.0664195599486295,0.9699992333503109,0.7093538473822643,0.04272838925913344,0.22980751882726452,0.9276772418052955,0.457605200034789,0.7218717947062877,0.09395505218838335,0
0.7743152777400182,0.7763683140988988,-0.16542345555335475,0.6291219490205415,0.5081060719241576,1.0274704278035776,0.8327562309827232,1.3355526109314284,0.3317750410326983,0.2915470767769598,2
0.8969982812054422,0.7669721709505724,0.7016851329424812,0.37734646268546257,1.0869787171263119,0.9095738533512261,-0.01564478750917278,0.2794698331694866,0.5642000877868225,0.36501090232669864,2
0.13483320073460742,0.9870055554804399,0.5774389594490669,0.6087168074443414,0.5071468618908739,0.5454683504887714,0.639460938114959,0.2731377317619059,0.21365058404505363,0.7905010824795926,1
0.4284804971624239,0.5700973838647766,0.4022877687989141,0.14536590899255727,0.0355496303061259,0.643829485636072,0.030958121533729652,0.6238064616531442,0.9367503362763522,0.1526512030475063,3
0.7461801654870315,0.4481080746119554,0.7174956478348264,1.6007287295171215,0.41361332211710466,-0.1574406538684345,0.46406063925022767,0.7979995375563089,0.8376732240093537,0.7034568374568629,1
-0.00011967807302544486,0.8279152346068558,0.8219249259257954,0.8662789140866389,0.22375473476440455,0.17395344405533691,0.9581705065546195,0.4478588233410944,0.5747961462721838,-0.04386421826618854,0
0.8956882430917655,0.5230660068869079,-0.017279326961918882,1.071811953829917,0.05001118281210838,0.20595466501578485,0.06962077386838898,0.9622443989373974,0.7623843755036568,0.04786292483105272,3
0.10423083610311337,1.0754536913356416,0.5971467644689321,1.0509148895567795,0.24112850163028884,0.24566465276432764,1.253647154296381,0.44280659624788915,0.44622723591966346,0.423857234951647,1
1.2389646162672312,0.5595849238698822,0.2860567832946837,1.0327124428819814,0.8277849196463523,0.9311118753862289,0.37369830972178614,1.037878668352338,-0.2397393904252864,-0.2154597003202977,2
0.3384639559105712,0.4078680756900825,0.41825084904501764,0.28439449484995877,0.5761699762685252,0.7378326752539236,0.8525495335283996,0.21343984234518826,0.37685053512151,0.5140510098837452,2
0.6134965810220525,0.49850750675527555,0.276070235068291,0.011191098298817703,0.5428959063850003,1.1405753637167184,0.8633015178996865,0.20074326583374533,0.5692263333960916,0.06105754302195784,3
0.13427473120618014,0.7851646486390165,0.8017765224405389,0.5958065066290769,0.6355696990787832,0.29551668495171407,0.9471124181696277,0.8487085307183251,0.3821109198769766,0.29386494457167445,2
0.0834018106815732,0.9368024408197063,-0.009388159998482831,0.2996671460116102,0.7533387457901407,0.8166106631812567,0.6376765654362332,0.2136991575677495,0.25903341383968215,0.8547474738119819,0
0.9518705097752757,0.7391858550793788,0.9897886046215031,-0.1255400996563618,0.38785486965860316,-0.12269553368415506,0.09095515293302667,0.715369721843374,0.8172003147225955,1.0757630341879487,1
0.5619999174265959,0.7683280066559793,0.7230840669791734,0.8990932658045924,0.8769815832654692,0.4713917953377064,0.12041815269163067,0.8811051470664406,0.9709652590598485,0.7986033128067443,3
0.021943961326461953,0.9404391378088515,0.7018376619428142,0.2743281285885887,0.9601674825055072,0.3796005586202204,0.614868741378157,0.5814021839167016,0.6491468139301281,0.7509455204378791,1
0.3715380106906935,0.8256036650311821,0.49073340497295914,0.7996162576246624,-0.001532654726362613,0.2344111292661049,0.6282154396848074,0.2940933243282935,0.13072280236420825,0.20389253474798924,1
0.5773608307815793,0.7051523859208622,0.7067221966351666,0.11396542482553543,0.8408078176752948,1.1066431648989203,0.0040147555845450045,0.5127067395865267,0.5140596762100671,0.3353055832788997,2
0.07622625125570123,0.6311698205182198,0.9623614898828691,0.6017917509915622,0.7108163690921293,0.5980260704272207,0.3953491883537245,0.4557053707411288,0.35568495280731005,0.46288771816643615,1
0.6092228440177356,0.461526877719173,0.342967888004177,0.6242097580822071,0.22368225396496097,0.11229111792709276,0.01054490114712877,0.8382867260245086,0.34766641052104896,0.7948178825877491,2
0.3870902183797178,-0.05860815611585665,0.5635921439143395,0.33200333477167976,0.3411985130374333,0.5061917766391383,0.20428092477890344,0.8731679254828744,0.3309160767818531,0.5691098665629162,2
0.3208555333734897,0.4250715631811596,0.4538727688937788,0.2667410250963085,0.5857769879737047,0.7036202479961283,0.8142108315050763,0.2368880105384227,0.41306087102315314,0.49344519013759053,2
0.9850286150710351,0.8975070323986544,1.2477980397163921,0.8042788737758441,0.3088360782256624,0.05196196477016901,-0.3026892001812757,1.3500091111710626,0.7691226020136578,0.5667259030689287,3
0.23093906235803488,0.4770814299154463,0.9884543682641106,0.20272057813192812,0.19616501009838797,0.04957441738931813,0.9579677291499211,0.2315748309381932,0.9726592963330926,0.2387238280534512,3
0.87252722902445,0.668829141023687,0.28224350200415826,1.0434018700427659,0.694781588026275,0.6131341597393266,0.33964265041422503,0.809351467432632,0.1775612377615998,0.13338255205663177,2
0.07796274962473212,0.7387303954202693,0.8676196316892913,0.5728824723428447,0.638328101766179,0.5654476913875803,0.3793225838599995,0.41284286401282944,0.4248186655082501,0.4129682714571285,1
0.3209782499158268,0.4583954136453583,0.2411651353440428,0.643234351524454,0.2729541917431879,0.0539071484494277,-0.05311572171613349,0.6367596663274685,-0.05957790946398811,0.47384117830399286,2
0.0562274869914183,0.7723300607560296,0.8461177917931962,0.2176926635894756,0.9862340781761169,0.5312231400458708,0.685125765844569,0.46237850616418513,0.7151895521377394,0.508239955134578,2
0.025478651379713526,0.9943784478249598,0.6168435930505933,0.3256245395382792,0.9900580412245639,0.443209677592689,0.6282072240511983,0.4998677255276392,0.7356318945370024,0.7637464104465538,1
1.0060533617903418,0.5135197000091328,0.2909687575275081,0.12310372182368275,-0.08108057007553161,0.6111414911256126,0.2916878542000624,0.8758124410688113,0.2747315804113397,0.1492869024197039,0
0.9952093745475059,0.6422883342708404,0.1980405008307266,0.9404892747541072,0.6070705678328272,0.686096294862414,0.5073453342333168,0.9639758780378224,-0.000339741634331649,0.038231184750026445,2
1.4165715991065813,0.9458873343147083,0.756406838297676,0.31315003051080215,0.0068217347119911564,0.6424191432220692,0.49612985501119233,0.5100015537273854,0.38896565467673805,0.9959425273328089,3
0.9041849885623027,0.5577457211707378,0.17915710780984684,-0.07007703039242197,0.2356000113312201,0.7161757906717524,0.42635064506630865,0.7085486132441651,0.4294304725097612,0.45188939515357796,0
0.3531855090263002,0.24588082934906838,1.1021012276042153,0.2871632855115922,0.35911208214492074,0.057120615656806525,0.7412548899945934,0.3789851822750285,0.6017362141267726,0.35800657778725903,3
0.5553710798713616,0.7688553343054801,0.7876048287761931,0.7817571898738239,0.8273125945681198,0.38696486524674145,0.07158378981136376,1.0093422204754192,1.0551281855328458,0.801441497286135,3
1.1101512165736227,0.6349879850677426,0.5118918677662695,0.7601329142737873,-0.08475537557382146,1.2365931405935466,-0.35950969024897617,0.0480343148325012,-0.5447301226725179,0.7736886887482439,0
0.28290228978849885,0.8574744921750118,0.33480959921635356,0.9575345676913833,-0.1125142282705327,0.3465996399767443,0.6676003523043401,0.1228142947042212,0.07117409568434843,0.35838192483307996,1
0.9445166205781368,0.045754168453890326,-0.024403719906255655,0.6636350078103221,0.971653490095171,0.21547688262810716,0.6069437172503915,0.6727550348378889,0.6721986795259344,0.6916412649724935,1
0.32238912998757946,0.7181885053778858,0.6758667841852095,0.8163886681174441,0.6684572041859562,0.6164726843087137,0.5230449669579926,0.758927378747649,0.7835988820067032,0.9966193800934697,3
0.3573092473048727,0.3789905663245998,0.3439914202259471,1.7691313131033048,1.119257171545411,0.5668927329500881,0.00026141334483009704,0.23275223565639297,0.4174050565477441,-0.45291025907174165,3
0.7458929861868048,0.8026547925200478,0.4076086516215933,0.9978862953977962,0.649266553645637,0.7279420709033003,0.44388453551655205,1.2087645410447885,-0.2726445636421681,-0.21580075146016453,2
0.5355775088360746,0.10856968633711861,0.4401885856331863,0.38536208241632824,0.3950146642503305,0.4977407030181024,0.32627794420864686,0.7555378510541153,0.31962553738034544,0.6700269181334448,2
0.4222538385959298,0.22392172867146093,0.4227637110856245,0.20017321683215933,0.037922102457726675,0.5383734503837425,0.34263501259791657,1.2793733260682163,1.39511831860747,1.3657586340738364,1
0.4065970120650032,1.007447146264033,0.5954138033181294,0.412882753829065,0.6161409864267657,0.7908773956354682,0.6328304707189596,0.490708748915759,0.3479028288461893,0.34713779922386534,3
0.09983648541334383,0.5147402033663788,1.207729419019242,0.8435781715647509,0.5788643033706071,0.5218592162370799,0.3714457672376055,0.16350517933504777,0.4230522109576023,0.6971152082548189,1
0.7963498111181967,0.8935796154806125,0.029594866673499115,1.0047157011662156,0.29275685707815585,0.6479930253835714,0.7873083942187808,0.699559466761098,0.12428579711103888,0.00779750021620159,2
0.008534630987634295,1.1882783500619942,0.9363932148002885,0.726946860378879,0.2714499101692062,0.39474814122132496,1.0080070556077583,-0.15393222534006495,0.6773391489672527,0.4369529103068834,1
0.17110703319591808,0.594988573231285,0.12004994935732652,0.588789098785425,0.8622315079523103,0.9563940386148604,0.44710965797036845,0.6615981871721865,-0.7445752101644854,0.5276479733549151,0
0.016671443818453147,0.7340681604042143,1.003951981750131,0.701641776549215,0.7438687643870613,0.6296978339864376,0.45703485735784366,0.452245456826218,0.2474500617939229,0.6078265422180935,1
0.311819598383079,0.8975228589506183,0.6832858888553041,0.7974913017479061,0.44372422739393547,0.2920015843252713,0.902103426937527,0.12094400560863304,0.38169574030975856,0.7423540671248959,1
0.3272910064566108,0.7170798437541287,0.21640792174099452,0.674260253271888,0.5939415696219473,0.6278176129666161,0.8578114707726494,1.0618263984278205,0.3330984221003759,0.21079110522252814,3
0.28685570216541334,0.9315807686038807,0.6836202033507012,0.49750696189345067,0.7722286107360201,0.6156128823951663,0.6057656381388037,0.5122697415974946,0.1966922195953251,0.31897794010875635,3
0.44855226128069814,0.8821623861739201,0.5636888859546838,0.748050033795376,-0.10941356101452773,0.2411216227211025,0.547724251494007,0.3475276055856846,0.2457519870529009,0.2956246838819859,1
0.32358051708126184,0.2824979535486952,0.09440595134355198,0.3090317639888185,0.17384002501220686,1.2072540898584798,0.16302796976531864,0.7011805219928761,0.5167339792230656,-0.07988785411538285,0
0.18294827961283971,0.5459200770074997,1.1329163313360435,0.7571691088252762,0.5985032421312665,0.7184012414190993,0.5185638204631712,0.37234521159628586,0.45414999846913817,0.4160670473010983,1
0.05976660119263622,0.7743383073118038,0.8500276872513034,0.216535229913944,0.9835846717337188,0.52730109400838,0.6835611302904053,0.4558340117084636,0.7116910218255141,0.502124397311965,2
0.27978905121573794,0.7479677769865856,0.9814074887550298,0.6016718624356667,0.7144689367641732,0.2350364322427592,0.08107026168927606,0.745160649994461,1.0844747941365733,1.0362331280233854,3
1.0127678530723958,0.4430751918503033,0.1449494447808951,-0.162159148754268,0.9994915131274489,1.018934376601974,0.22458248984932933,1.196187131885063,0.31546419540273873,0.5289423299322998,3
0.3312086798571358,0.8998513493710638,0.4774427040576871,0.752796164921335,0.03790471798693749,0.25733912722052543,0.6084056638902432,0.28631875941135093,0.1561577890210759,0.18737076374742406,1
-0.06042653122884459,0.8708756289676814,0.6083507327712241,0.22052046277002912,1.04373475302114,0.2688746774680141,0.4752785993200379,0.570316136941712,0.7044894441075235,0.8573263090726213,1
0.024997580950310273,0.6609315631616953,0.31346774777113456,0.4870713331540597,0.5633336563133895,0.9451275142755403,0.4608690759361591,0.2069636312934897,0.38235050767614,0.48434963135894876,0
0.5949690440430943,0.9461716532360795,0.3133697687820583,0.5813571834909645,0.9600680586705042,0.4825450028201599,0.972375617826421,0.13801713903361157,0.900340641484436,0.7991933654270345,1
0.8759909205418701,0.5810115195698471,0.6663135652688491,0.37652100476073014,0.09745392546439859,0.3317231962398107,0.15219118196008238,0.33666469345083955,0.4174749537708128,0.44457342705655,3
0.3225966042209293,0.8528440551157004,0.38749451003267016,0.772026993285577,0.02157712714323588,0.23041641794610254,0.550032314338591,0.17143297920313513,0.10698041918481901,0.22495321072870575,1
0.2894433085923035,0.9267435356898673,0.7058284643486944,0.46752975516583045,0.7850619119906739,0.6386600612660952,0.6037889695239358,0.5403922287000286,0.16025981221264918,0.38277308305788754,3
0.5325843232065612,0.6518262690208311,0.2845640382302998,0.8672698258805922,0.11072407611029116,0.9926759911469716,-0.07338642221160513,0.345740437681866,0.16020600596604107,0.46923968711836805,0
0.05848751454387904,0.8890305831792995,0.8465915365600083,0.8174259140281454,0.1632889651036498,0.30844924654608846,1.0033596102595665,0.5906432715251407,0.7260027051172975,0.02860496153389947,0
-0.11883894613154294,1.0535495806460566,0.7760325947539097,0.572684065230605,0.2908613364349233,0.0904354007707995,1.1350243691223616,0.45186869299580495,0.9383832722193468,0.250946460506571,0
0.979309185480775,0.6118421193406182,0.1452379788762576,0.9270228002179459,0.5720498287903549,0.631075004880927,0.4762444519097833,1.0140258848467796,0.0447469216390517,0.07343614607535498,2
0.5848215086839781,0.545197688614402,1.1438109768993783,0.12522447312778695,0.7517879923581259,0.47694968778817615,0.26533820047168966,0.7709154997708625,0.44318642139687936,0.8400735024470064,1
0.1440097628737712,0.5274309097720258,0.8278246837495088,0.5138845781611633,0.5402587713630519,0.5949952232321695,0.41011428127051397,0.48082339005900854,0.10954459707609665,0.41199025354527125,1
0.9630724398690103,0.46271867512291254,0.023199100321392288,1.014083903760665,0.033373192087047025,0.11645609240216465,0.04091017407669083,0.8959154635548171,0.7659310363458194,0.05008742459480169,3
0.5680970566280625,0.6720501452178966,0.4657409907772522,0.9127779529891454,0.23168171699766216,0.0814506289670428,0.5208208331325932,0.19294465564911956,0.1367536393393168,0.13393225242476892,1
0.22380716389706073,0.930053733090049,0.7007024938667203,0.44949014821715016,0.7663208927939608,0.5940505298485599,0.5563387628886226,0.5234748848639551,0.15861499611803473,0.40118141048467904,3
0.11047719158277705,0.1298318581406243,0.6622445046636689,0.25007815548596746,0.21952628789825115,0.4816869711122026,0.7713014195746911,0.630233199582619,0.08296320446755621,0.370351068870919,3
0.6545399337273498,0.708988708819059,0.335866425387642,1.275200144752285,0.39384445824983694,-0.021208622279171085,0.49139002703559925,1.2274324167432769,1.1810504298502886,0.649294169869331,3
-0.10928590689563067,1.3564929416009701,0.3156128731537624,0.6745606596481952,-0.11299295132782472,0.8409713013276656,0.3561204723821769,-0.08747691657193513,0.8043952167563264,1.2818579409099047,1
0.7520209817185859,0.8284868307593021,0.6831459016661773,0.3084551484955847,0.9468983514740752,0.937929482756932,0.14463360175912277,0.4848067161159824,0.6728112548520013,0.40751729027049344,2
0.11977463841629007,0.7441310830357701,0.29171828998078486,0.45751344523659015,0.5571066643803777,1.165980803523635,0.12391065207911531,0.6366474386306364,0.16112762680740556,-0.10997386685117905,0
1.0726158373583807,0.6115432583391202,0.6047951500880249,0.2706207332258888,0.3654605515148315,0.5180639359081761,0.4992664940987238,0.8779200942367474,0.582478070515211,0.8225190554087707,3
0.9203996769663574,0.5064070954340583,-0.009979509427226335,1.0177846993664925,0.035933615930155115,0.10836003797138186,0.03542256812566587,0.887247722662669,0.8128022753130426,0.052885054518140025,3
0.35643198836857687,0.48158676322853394,0.02068883715778949,0.5370098520687469,0.0638301422749184,0.22347780374047765,0.8178859388486247,0.34646183898769517,-0.3531255428262029,0.4193191144201559,2
0.03306551729965007,0.8760849697620355,0.7720889995040411,0.3287837064573964,0.9693650296405467,0.47041078241225903,0.525381545649225,0.5526955287713138,0.6698805935746109,0.6512166046871638,1
0.2862193477029521,0.9387068433512139,0.6457754612944905,0.4940302897213681,0.790305075024897,0.6158862375436067,0.6412720825233419,0.5103501957134067,0.1440752734117094,0.3801548111600631,3
0.11458749492987291,1.1203671701793336,0.14478826054668278,0.19599962073113425,0.847271340770971,0.7290191952688829,0.7453701513076149,0.18195161491964182,0.23107093425309774,0.6848416875957279,0
0.5092957899103521,0.18926428976308438,0.4827540958836034,0.1643004149742269,0.3254268122509389,0.649880032989898,1.1561144269439314,0.3719563513686305,0.32982558568164155,-0.09425586026247759,3
0.7552210224711493,0.4643152135233434,0.5757315544335331,0.7719277907216149,0.5579852818160246,0.8888017706212219,0.6549758814252413,0.2759761517423556,0.12302940766581462,0.514699084409851,2
0.23946538064761552,0.4295903841105686,0.5794026736386381,0.24303452405174586,0.7104639869805661,0.9295047292267232,0.8632525505773323,0.10204212934430638,0.4259309304918519,0.6704668651180088,3
0.7772867804790873,0.7220641834577626,0.2900081146913108,1.0175072446610163,0.5805185610428709,0.7792496386810306,0.5626044471400111,1.1523653231600184,-0.017053138688816877,0.01478638536535722,2
0.7294412212609394,0.3613871583019156,0.7539053500585795,0.06949387951668762,0.6964793762287449,0.6543754558205828,0.29504962833943105,0.6411449851406115,0.06568379366528711,0.8317865311457477,3
0.7857064091170726,0.5948414975388104,0.5909641352448258,0.6705602719550762,0.09534327359836361,0.39083837033694396,0.20052615467831253,0.6331582207217694,0.4037415966305252,0.47149310605942596,3
0.4650779575052846,0.5459243637129275,0.25158365670762,0.48455007796899546,0.13856778391103533,0.2785780651387975,0.1258897613912364,0.8349140497281176,-0.038879628717065476,0.7384779872016468,2
0.40571838685597555,-0.06247950915420625,1.2181779407496518,0.7857466020675744,1.039591467652718,0.4934716844867355,1.2678508245848874,1.0587507533172051,1.0717562498642619,0.22323787039788764,3
0.910087287720232,0.469260993076572,0.004059291875143971,0.9742367179826226,0.08845808314944006,0.17484867784661765,0.03699213112367104,0.8433883519123584,0.757822960886893,0.015603429427295954,3
0.7317251650445811,0.4374802170661165,0.5978139999547365,0.7876815944917566,0.5341946227546484,0.9691311077135025,0.662147619825188,0.32969760571166395,0.15362655365581096,0.48653888211894714,2
0.9569282319054141,0.510953044955439,0.0033587724160492206,1.0214993061764632,0.0317604465439507,0.11148416619133111,0.020508518330915257,0.9160740753975977,0.7547068395411307,0.0755702228467716,3
0.5568137332308634,0.14832882627910132,0.6031347721855276,-0.2758163956085973,0.3629702709336646,1.1951057108699608,0.48128314114022774,-0.12678813895598692,0.707589262231012,0.6939565468311073,3
0.4386599611295228,0.5550180798332383,0.3819386631829316,0.14558082107052153,0.056525973803054415,0.6387543286812974,0.02492908234254974,0.6287395314100774,0.9375597207249565,0.1478201710755572,3
0.2650586595462026,0.36876638141395574,0.27429433993454816,-0.0009593865371995604,0.7180010041656424,0.8437448378110837,0.6691157082207451,0.07004121587946241,0.6712203966708847,0.3646476120326323,3
0.795316648243581,0.16534340225938868,0.5713572809520431,0.37019272895322297,0.37939221187003763,0.8503132603839108,0.34287075107577314,1.007600700587282,0.46101898598040825,0.2498236933680948,2
0.4768318483457079,0.1936581928561909,0.2893516543871201,0.32102347478911675,0.47010279499948415,0.7056182325825889,0.9182954831337661,0.3309643359007012,0.36343189932734477,0.22718175431706297,3
0.17708294003948322,1.016945464809495,0.5978527930370688,0.2584157136510344,0.9813501900897085,0.42856164568950905,0.5320651447347168,0.4668606221166611,0.6232725353336851,0.814285321418285,1
0.8348538944096534,0.23944612176340263,0.2566840285371466,0.5843056255855901,0.3379641836523235,0.6803934665211816,-0.012529803488388919,0.6775241670948231,0.7949011630304997,0.3996021835087797,3
0.6082567108907144,0.54406977986523,0.2408502036803974,0.6583630478365684,0.22037369980078247,0.9581750645228113,0.22878847746747444,0.34191661450251853,0.19309405020061762,0.3109012343048893,0
0.3812752373428332,1.0587012066842192,0.9609344697509117,0.6666511523397541,0.20152828615566135,0.7808145986619104,0.7464568331402572,0.5592331718540053,1.0582177300728344,-0.42203509431718783,0
0.04135184832553571,0.6130239557707944,0.8846382751801032,0.5704276849647877,0.6589856976717972,0.6322240402621813,0.3587475887664753,0.4267157036450632,0.28436809106491484,0.5193973781379937,1
0.26433284784897326,0.11743352559939496,0.6060777842576401,0.43524356071346226,1.039564409467461,0.0760578203995623,0.8610277178714024,0.47910299575993787,0.4528415551489947,1.0170167083102921,1
0.7798799956549112,0.48556207308518295,0.7381190044758899,0.5207026872167291,0.6251022119582254,0.08016681569536999,0.6674353416582024,0.4400244899839775,0.08268571840368243,0.07142155608381119,2
0.5071513785271288,0.12630639545194491,0.24673099417921848,0.06682932829172077,0.26243950415345896,0.8393778444967098,0.9185550873252002,0.15391263979336986,0.2750396237252336,0.048526361922131195,3
0.3082220124972148,0.430838435738653,0.4687578438676087,0.27428280419859496,0.5913070570102547,0.6861280176727784,0.8055691909255728,0.24085749660168965,0.4238087250198238,0.4761148939967515,2
0.0975792587663985,-0.0645552279630312,1.184088442177164,-0.3094150607074825,0.19678106529771622,1.3859064079649037,0.9937279730596809,0.23864574804367286,-0.1280272866231743,1.1976457578789736,3
0.9763095702315254,0.6542450143175665,0.16190735032564063,0.8873451567462081,0.5769964013936856,0.7156151547379842,0.5334307647303955,0.9712933299321796,-0.013822800706339445,-0.013612412392626415,2
0.0994311643012177,0.008886668780755475,0.5743268082518144,0.477686443501657,0.8439496785824382,0.15074257637627228,1.086075237037575,0.32749425532494514,0.5612630896204676,0.9468832031878027,1
0.46290015123700046,0.39645614802109197,0.033544957989578086,0.5880582831749928,0.4068766279204378,0.04083707072542042,0.029887256770598294,0.8503936656218145,0.08179047795524341,0.5901199570000403,2
0.317699052314569,0.42439559589281983,0.456205460494412,0.2677496798873264,0.5822064284734907,0.7021950198681086,0.8130150733649717,0.236822191038281,0.4146691453990236,0.4898513028842271,2
0.33159449116528394,0.29993002810402775,0.28906521875027674,0.02698567364938204,0.6322891261319687,0.7669909953421177,0.5572000350433868,-0.029447577907043054,0.59205257753767,0.4554218399270409,3
0.33759388246610195,0.5120015895628296,0.3483008587107057,0.5327346535559433,0.46999410051788676,0.9457928907468962,0.031835800198280466,0.4247080215189249,0.3841585688247351,0.09329193578147209,0
0.1736709817073296,0.3804709311476073,0.3829593054919912,0.05990139512644867,0.7520299070890047,0.9228502113565376,0.7425695357701385,0.11315699416141564,0.5959384151300171,0.3061011814839942,3
0.8498492397332054,0.75985293543081,0.4109150568380432,0.6228280034593007,0.18346051171193173,0.18490342286809613,0.30966576954693037,-0.0029261856167518974,0.45434956420963624,0.9031006130606092,1
0.3301171562401282,1.0313624688178862,1.0892585898205378,0.2675766181458078,0.6912017367288067,-0.07321678409953336,0.5500317319031256,-0.28870392233517167,-0.10302949907449688,0.4201921933256318,1
0.8076504430425562,0.8713694216328771,0.6045819532841934,0.28958695102975673,0.8966226606493688,0.9502874719816704,0.13468132590354748,0.4814738435910455,0.6745903064974875,0.41435408070797947,2
1.3010596800877092,0.32511833369171544,0.429595570645777,0.16677369002994835,0.32742773742385367,-0.33544424207643864,0.005553705994432334,0.3223152727944003,0.4419884128768057,1.2863360480757573,1
0.04603754038521745,0.6289073990502237,1.019985770227539,0.7634836198361348,0.8353320106215618,0.49551658948188376,0.5576007747641663,0.5480845988617637,0.5029350509496523,0.4304185745537159,1
1.3241017167802287,0.6461060939974764,0.27582377127711,1.0691286715067534,0.5783694992587485,-0.7539641109674828,-0.06631130604272376,1.7078850942882187,0.13395125888201118,0.8423968708649372,3
0.6702020739698118,0.7435662665766898,0.34804449191284226,0.5718027207957386,-0.0995248614040943,0.17527779584054554,0.23755945867009284,0.462354888301033,0.40436231570678827,0.22084070994574595,3
0.6817457385841108,0.4917276364695297,0.5530803659372449,0.7043885447407169,0.596499154407594,0.8790235831365781,0.5954241344655078,0.3586729095205869,0.11944834362353661,0.5307468233027492,2
-0.185058672793383,1.163797307015838,0.897563543726493,0.23875862704752726,1.2401399564404172,0.022738371660370196,1.2614830051864496,0.05235864068305818,0.6591924377740229,1.6066793489654434,1
0.6365481001771034,-0.21856543501609516,0.4187849509075592,-0.021333226038180997,0.6893818693471854,0.5329477084429171,0.1871581558132288,0.5382315483386527,0.11961366068470428,0.6821408400468545,2
0.7395635691238872,0.2645772817710924,0.4725004504535065,0.17754335317245348,0.06774301282640188,0.39852546817876394,0.2732797190512515,1.1341705486074636,0.21517096573535377,0.8941939095595088,2
1.3256085497107417,1.2624546952703866,1.0280099201719635,-0.4253459348859068,-0.36829917096604714,-0.5908026971097965,0.25974561410477115,1.5053467779721914,0.24607081984341417,1.528100633605704,1
0.19647495018059036,0.27453127108533126,0.454773908847508,0.02757351881644543,0.7793278691043596,0.793780766755472,0.6868260398112138,0.0169879665565182,0.5766769507402301,0.5065696989903259,3
0.5239859592093733,0.7005590095508532,0.8202004277430912,0.9888915520879212,0.36236042392121787,0.49681652997268877,0.9962734726311107,0.19443259187409048,0.17666507587090546,0.5808334460860288,1
-0.07971745298918448,0.2699790269902993,0.5179047128220787,0.5596567781080717,0.9143027251112377,0.5161115877974187,0.3053573265447289,0.4621889501779124,0.7398876249782256,0.04266247059952552,3
0.0002636581894141232,0.9599966987155353,0.662169892223335,0.31300930799614374,1.0023312087753222,0.3267416753365643,0.5714522733415817,0.5187613205448862,0.7288406953101061,0.7453868691034036,1
0.4669555095840353,0.252350963794974,0.2433802738397453,1.1300100407278078,0.17461385151183467,0.5729786959961387,0.2531564355574446,0.08819676855734775,-0.2567401040732784,1.2188734469749911,1
0.1236967496866193,0.43830364760210183,0.0685652867002212,0.14566933050294473,0.513017716635243,0.06941613013860859,0.0801799774461722,0.4143976555434994,0.9675081556306341,0.1973675578864238,2
0.7235555973298348,0.652045240246546,0.8275311989915267,0.06762691370721018,0.16408150467729046,0.11085818582602111,0.3208462870465605,0.895747045578424,0.8829491872516881,0.858745051005642,1
-0.06814520655993317,0.6423102546630735,0.384044491664778,0.8668716227024686,1.028781770915648,0.852285818670201,0.3207263737053745,0.38801857618608604,-0.19321798403675927,0.03655858647153804,0
0.41507354166363614,0.2791589635052052,0.506296959118551,0.13875698445117482,0.35100359373194484,0.6224790296590201,0.2020677230145523,0.7306974119212479,0.3771847066161149,0.4584207006709673,2
0.1636631756537582,0.6170238177639722,1.0769578382033755,0.7375674037933705,0.6734713522492217,0.5674058704723952,0.2865812154122891,0.3858188430446119,0.36992535227135304,0.41327874599108266,1
0.13325443085675737,0.4248644511323995,-0.04867506797606051,0.03793809851204413,0.4873940003102355,0.03526664355061357,0.21787940078265966,0.45053803135736037,0.8686437555455034,0.23863261907504033,2
0.4294964854644678,0.2999209566745622,0.4959259837544559,0.2998815914566616,0.5893985476738473,0.8760193692654709,0.8623229029590876,0.14296125520732805,0.510792438110076,-0.06676790517441424,3
0.8491319012217455,0.7538291760887283,0.6036222190864226,0.5482769222287839,0.2493320819422148,0.19078295364044193,0.15862886591055553,0.12842812190964747,0.40975518770483615,0.7571996193967314,1
0.16318452578774423,0.8136916675080863,0.6828773185557262,0.3228676795197758,0.8787937040834951,0.22123194607787844,0.652453088235963,0.5971796948877666,0.8414113600392327,0.5199148721535742,1
0.3199552406551903,0.006897999578703615,0.5567915870635662,0.7826174443859543,0.7777917090267991,0.46623856234155386,0.6918357907307024,0.11302863376172559,0.4717708245672866,0.24595123803579855,3
0.7993820632194899,0.7676482508603645,0.7044695103040373,0.21985677476355334,0.949570551439178,0.9870847793929987,0.10177228874106961,0.41238472048292596,0.7595545347936584,0.5001325273943995,2
0.7874620890636336,0.6589907911046279,0.17710909875250197,0.10582579011059452,0.029885715096920944,0.5893085157944551,0.3568217795555052,0.6782067366113373,0.3836620725169128,0.37377876707706825,0
0.6987804966190458,0.42743739299572797,0.5991873646757307,0.7380929793221997,0.562587364062613,0.9300233111103122,0.6425790897236995,0.3057224709465766,0.18729314050255425,0.47361286523055207,2
0.3044018557684673,0.3312238583076083,0.8051328438609787,0.33498800476509827,0.5884943220793329,0.04485629111788507,0.8123803171767222,0.6316536845343722,0.6362133915150693,0.1248304483447654,3
0.9154631742321383,0.5310339325468115,0.005533209369664236,0.9374426088184615,0.033169849617109094,0.11914774864780003,-0.03300586919441456,0.8536666180147718,0.7856123388951232,0.012286659028272764,3
0.33021316392300826,0.4140235438599364,0.10469505597922513,0.6414614676869373,0.24623841866316554,0.14579366442170083,0.14908133206252688,0.8956431305190378,0.11834386823372225,0.6782041454060422,2
0.8011512987025777,0.3731827502608897,0.848133242361754,0.7699256551235948,0.4410476724999734,0.8501483073374676,0.533777544332827,0.3133228484272322,0.08005979206949056,0.4446674181885563,2
0.9981339444254255,0.3552878688398481,-0.05899751265673246,0.9287116237170219,0.17584379501049094,0.15273193494797954,-0.14960598958513255,0.7749867504215139,0.7869235247719986,0.005259774328404965,3
0.37711670877158443,0.8808804023810356,0.17357185924345864,0.3862627451000564,-0.021409690793961073,0.8196205720727734,0.44507539591658024,0.3974758159647073,0.18984700403323784,0.8927992010973368,1
0.7116856148084735,0.44271090746608505,0.6236784399695883,0.757540614474275,0.5402820569829575,0.9436490959118468,0.6409034674847489,0.33342798097132637,0.18491548013853065,0.4625171688372093,2
0.3514315184006145,0.9896882686465313,1.171350526439737,0.23248092886318683,1.1620508973784596,0.477954582629296,0.12013385787344555,0.4415846277248982,0.6979013889703758,1.489684740278022,3
0.9634902584887473,0.5138815743352381,0.10694425398032853,1.0450557191806855,-0.015364755604878273,0.1345756457544454,0.08133060463110331,0.7873286153782799,0.6907589766380131,0.03997079708549029,3
0.9000892036625654,-0.034005498873806814,-0.09401767736395883,0.5911571668730642,0.8436640957045412,0.1956885132251192,0.654166004541781,0.5866295905589816,0.8163378761564076,0.6818583170519253,1
0.3399670825285991,0.08674224265026251,0.44619091686025913,-0.012763497924941719,0.34643246543258327,0.850703721482367,0.8558617470897603,0.17688930125398827,0.6062794519223792,0.005662095389708341,3
0.3397478120007609,0.8474163310849046,0.5939283340422524,0.8994646185156339,0.5051363378831466,0.23363035834215326,0.8408130166438131,0.10475592508535642,0.4797931617058443,0.6502977417082786,1
0.01642971397658486,1.3692410698650082,1.3390304004452096,0.8428091745108531,0.4521826510022562,-0.10263417272227932,0.9483540737391993,0.9130896515374779,0.8708275226930973,0.027542773549189773,0
0.0641054186374665,0.7667852851152932,0.8430045273781165,0.2129583702717268,0.9920690412290374,0.5393106172778496,0.6790423929124353,0.45995201732945357,0.7228096519653315,0.5083284771144234,2
0.03428763519133582,0.9493839518857214,0.6493400049652408,0.2652484429870778,0.9674048745973816,0.3985945529889368,0.5638861050959898,0.618663963993582,0.6797312998328494,0.6794732482853549,1
0.020019798244850846,1.0548034518724074,0.5582345153773225,0.30823775589676883,0.9738528603127307,0.46120918580917036,0.6778571530975591,0.6235345391030624,0.7074584344562487,0.7107276846300319,1
0.0743048408161025,0.15620531996150874,0.3432722600944847,0.6960917003944356,0.13169726429433598,0.4718071226127203,0.49569841527702885,0.8891347682067114,0.34522163616150847,0.5221740475206507,0
0.3937040856629288,0.8654284573160704,0.4615122197424818,0.768788313051151,-0.07496534492760028,0.34385150173916434,0.6628977854376766,0.3365967045243876,0.1814496742952448,0.18893054297323295,1
1.0176875551581068,0.7014838562039466,0.5549832729521396,0.42814368858474194,0.1676004663750753,0.21301235199668614,0.3384338361546165,0.19151922743438268,0.478004125352787,0.9551238549648243,1
0.36786559127326457,0.8520005835435326,0.7710646198537692,0.5658506385764962,0.8939341153339129,0.5430560444287601,0.49595015795643105,0.5189689063988235,0.11686135071731119,0.42323722862903357,3
0.518522250552078,0.2198535348712051,0.9980997843715735,0.36646581526765903,0.7346506661355541,0.19559665289157133,1.0132563792108573,0.6065246696258318,0.7930347996643687,0.20245761150426228,3
0.6703333181544466,0.28320866595735794,0.6337504453124299,0.3016199408446755,0.3007639889562934,0.3287827598298117,0.41560979107708995,0.901400621032368,0.4569467485684549,0.7507671278294918,2
0.5186330103569737,1.1576907991642669,1.102166447096773,0.3871642174584583,0.42182881946666345,0.3231279067550819,1.0060071601563523,0.06348177458163337,0.8024628536406702,1.133131736762978,1
0.5695815170865771,1.0558610197608689,0.49784890152980243,1.3103864377209888,1.0510980603662579,0.31154986194172646,1.5470177856442904,0.4552028143067514,0.7963267687399318,0.278966748831327,2
0.25981177973848,0.9426057949929891,0.6567987652761746,0.4688938000860686,0.7790127283078142,0.644009039298626,0.616598405991423,0.5151413540883594,0.14799496537992365,0.3380279444816609,3
0.9901263065325911,0.6294206676457493,0.1928572832576189,0.9357470584365757,0.6062597071367148,0.6809982414893566,0.49640509186108783,0.9657544974230666,0.00732861853637643,0.03843013678853957,2
0.5407327521502254,0.49222954219918935,0.3745470242073759,0.5153286033771797,0.5143049772705462,1.3136737979811466,0.8393126847236283,-0.31000818308900624,-0.00998204380077089,0.6166317098092822,3
0.4333531275824829,0.20566090347692745,0.34218959898822277,0.11119975356201539,0.2602880427189032,0.9529636762005081,0.9187338770883193,0.28440359149154537,0.5057895634586603,-0.056101045682470846,3
0.34004631011148534,0.36907983049460463,0.5009260145945597,0.15665660239316387,0.5714317240182358,1.056731735110223,0.8278519279829776,0.11828679941364723,0.35447450431548977,0.7273349647622892,3
0.8547439413739457,0.5056097667145576,0.5035879792644957,0.6159238051288569,0.06389131524330521,0.30382754389565203,0.2559276199474506,0.5591706504869548,0.3758630766564694,0.33901950143736037,3
-0.03982253687505195,0.9451957311445892,0.5524089268185522,0.30294198458883004,0.8822508071534614,0.3059075848607452,0.5744610377361234,0.45517467345902807,0.5747848424968676,0.776912145952021,1
0.5489472561512386,0.7516667400584123,0.7069228090564778,0.9095097409926348,0.8425559048924639,0.403450051183447,0.15870729581197096,0.9608108840795778,1.0039613582657456,0.7893010232484912,3
0.5484779735576264,0.9796794688925561,0.25368364869357063,0.6113854958717477,0.9624731127318839,0.44743017330505064,0.9357481911684209,0.15956933456593747,0.8895412972858101,0.8231112111333663,1
0.9082118123212003,0.7336980156303324,0.5296814020453965,0.46774743154404425,0.26718194254514593,0.2549463824413653,0.2212165071588212,0.11631290026748621,0.3847362656253136,0.8538856819731085,1
0.44870540871404624,0.19875925538721936,0.2530676907288356,0.12963866809341426,0.3869484620583696,0.8884337993911261,0.9408804530507772,0.25077553144396836,0.4681724159916314,0.01745404268235709,3
0.9589982863411499,0.8423092311329909,1.164743035660361,0.9692306305167904,1.0132037849619546,0.06485971305171667,0.2317463064736387,0.9591769790125134,0.6767144968790101,0.6816492575285793,3
0.24412551113419823,0.9588641416039134,0.6282771985343187,0.7020787977867213,0.3321533972325801,0.27918374543471547,0.9212057992233632,0.16423973771520775,0.43471895578030983,0.6694842035808775,1
1.4552865401933546,0.09605928126455306,-0.13645110345278397,0.7984339329554402,1.3791725660318175,0.09937619102432742,0.2917831970844629,0.6865379040179082,0.6282890259468574,1.1162624504714833,1
0.9747273324427683,0.4125121949830313,0.008310003397029276,0.8706442087660018,-0.0983646119271008,0.08991988802840291,0.2832157531678376,0.6685507645054971,0.8046363799178011,0.23230057151065048,3
0.7116698523208871,0.6513639064115241,0.8684792718605613,0.04068260420578506,0.1380332352814821,0.05480098637852737,0.31936776640897696,0.9195449338609181,0.8737574783770982,0.8365930293239593,1
0.2975542622784827,0.035956276128572384,0.18437262284304187,-0.11157657686334221,0.6500131190657222,0.5145741863764035,0.9557507712447308,-0.2501739343622453,0.6985346088224171,0.6678178604563403,3
0.8951897392428471,0.520241057940514,0.526775555741843,0.6766445040714992,0.4720050950523239,-0.14099553791450248,0.50288343106291,0.4615888031289682,0.3061854455819564,0.07386633606328338,2
0.6689625714172562,0.44032726864305727,-0.0010614142235718937,-0.04629426890891031,0.1456977887028898,0.5943913683346278,0.3122272060374022,0.6933697366227385,0.5780876992188227,0.20779517096943537,0
0.779848254279966,0.5432346116752285,0.7230545592496692,0.4386967956206405,0.6761974366530319,0.16153476343056256,0.7497778349351074,0.5116043663172258,0.11746007909079118,-0.01428056720992242,2
0.11768456289811656,0.7135198327585529,1.0065012622165987,0.5947087726451226,0.7406943461737102,0.5914191587380454,0.3506889429837958,0.4652742855803064,0.2591127230351441,0.5267797251502233,1
0.6732817082619964,0.7551145472594398,0.7205761375518737,1.007730074952582,0.6932292536353131,0.40085647754902554,0.19885171041267766,0.7929273799315764,1.0067882120973122,0.8718741327447017,3
0.19065765268538118,0.3417675715033794,0.024900322951186278,0.11613951656372495,0.5001670069948555,0.14567616330394834,0.07170934569832449,0.2644261572768792,0.8496535123583044,0.17763894388960674,2
0.8860950510370075,0.7292972012763068,0.5239581981029845,0.45364886291842366,0.287977648992995,0.27914239692116943,0.20754157969513248,0.12343459266379904,0.4022829253222144,0.8650082689239733,1
0.858235326771404,0.7345723524251103,0.49913822900609134,0.42194319908156985,0.3197012462500975,0.20127611557596858,0.30513031761412507,0.1355510834702036,0.33955413271453583,0.9439116932992143,1
0.3363121124233377,0.7539235599941277,0.5940141830681812,0.6534093157518254,0.11269994414050225,0.2565460474392127,0.7607561024818955,0.13959792907362872,0.22151393652755877,0.23407605346617258,1
0.14462395451684018,0.32214834818955806,0.5981842189480873,0.15998324668536035,0.5853898418399409,0.89166941911066,0.924743910269787,0.03209743945774192,0.45204767081109953,0.5590457483141726,3
0.3104725008810285,0.5013496253244177,0.3075924882694211,0.5007870673153498,0.4787751855190421,0.9375892583170026,0.02314357167256702,0.37843913702136167,0.4155355577008696,0.07572774875243254,0
0.47108383361939055,0.7736393284110517,1.05568862431211,0.7416062733411407,0.4970480603010715,0.4710310871867657,0.6481107227874539,0.3849696521971129,0.5867046015349706,0.5477913413893258,1
0.7079121872446306,0.6197171315346892,0.5377285417349995,0.4923358342809161,0.7811089505032813,0.3211124898678662,0.8286493931497717,0.2090621853020729,0.47989311970424137,0.4685660243151029,1
0.9002085789940354,0.7528867680120674,0.5168414088116726,0.44353336013513067,0.29287071011563975,0.2560147640169742,0.2152313617638161,0.12072944617594508,0.3560328242232275,0.8680958251934544,1
0.5753521936688976,0.2925032990663807,0.24764604158125197,-0.011473462324795763,0.39495261500055584,0.7209730192822164,0.8628207528396484,0.3054640698011832,0.6198563377074015,-0.12685480244822867,3
0.34641777933334866,0.2470971472819992,0.11128334661100775,0.15697770340896477,0.4413343787805005,0.8965397331926901,1.098829631236208,0.4308323997141964,0.5577887227906303,0.20752901025731077,3
0.39793855881372975,0.4171998999759313,1.1179543791641189,0.6318503489190395,0.542716137366017,0.344157735153156,0.3256398464484827,0.15721946539321202,0.6611194820136657,0.19140447353581808,1
0.49682534400211315,1.038407984514753,0.989374185991022,0.4380010550303416,0.8136003615155484,0.332022275152043,0.5498610096999965,0.9479059811254734,1.16326083842984,0.9944440035177432,3
0.7850899810480327,0.5691989358321311,0.5841247496855174,0.6853009078149942,-0.37459029835136176,-0.0034398381770762154,0.23821835711307748,1.0257965122357202,0.5841328784819458,1.0615187226732357,3
0.32220539194628495,0.9275937437135386,0.8584159328993968,0.6056165027972775,0.7914933187467423,0.21140688208790398,0.8614942031196344,0.8972387633949788,0.5400618366185774,0.04931174376607781,2
0.3699644507572845,0.8238751900653561,0.46930630995794637,0.7678673329372274,0.0500877391363116,0.22924945442753458,0.6163770392332455,0.26104654923510645,0.19172611896516434,0.2289531508519613,1
0.06356004354025785,0.3054048756930744,0.4271647177528635,0.7915536680111914,0.39487074169466924,0.7851036420417328,0.1383517095518978,1.428539592130727,0.29602750678256207,1.1531635576652226,2
0.37506906098189396,0.5508548727275488,0.4379220237795034,0.1616686719975213,-0.014933480197415909,0.7102501802492592,-0.005429485439071173,0.6430980834416254,0.8907455902244775,0.10735507743294062,3
0.42164456031914715,0.3575083307293031,0.8822509552354512,0.041788289541622115,0.3965443965822565,0.47167383395724655,0.6825697520567714,0.4016548746132992,0.20412195335299294,0.925733791011353,2
0.5996468396216261,0.7239495403819329,0.17666028119828256,0.8272150992133764,0.3286136932716987,0.8236910905052616,0.21414143718321874,0.44731594639846955,0.12092143733031219,0.2910337866853677,0
0.9967663164882286,0.6300005373696141,0.18698859047824942,0.937208226703724,0.6113847208882054,0.6771405762362463,0.4939828823432764,0.9691983477327645,0.01069951219113293,0.04159692883253594,2
0.0973498454332667,0.051175716482681335,0.33288829984791657,0.6785268364236843,0.12138923299885329,0.42495066149229316,0.5840164018593559,0.8806321871534387,0.44973531939611494,0.41631398996576946,0
0.1738645989486688,0.4196605992162462,0.26651900794274813,0.05992285544287747,0.7358102734285104,0.8829454341723874,0.6764596575963198,0.10052493664606829,0.59481060168905,0.3804721528449715,3
0.7389567430040114,0.728464835119582,0.038562620778743936,0.7957284054966554,0.534549137045673,1.2004445144725064,0.13910455748831466,-0.020572133845018603,0.40272279120782867,0.37926578775291636,0
1.0324593340051142,0.23320082339265702,-0.09346724472397061,1.42407348238986,0.6541345643018002,0.7989173455183749,0.23844665211079774,0.6685897949000472,-0.271126719998776,-0.41609822682840963,2
0.22488965939416475,0.412633993486666,0.5749047124244314,0.2436627190043994,0.7031599795651737,0.9322752031926173,0.8841828653796089,0.10063451657719619,0.4261169496341795,0.6666133321195035,3
-0.011373959173054615,0.5914421238136837,0.6016027987605728,0.6165027750315121,0.8008148346285918,0.6635211174421249,0.8144053220645949,0.5051054519910021,0.8102820950774119,1.3961235713473839,3
0.50628011312918,0.29266959856853314,0.5078904594662985,0.8178090287763194,0.3107845558275155,0.5494752459724346,0.43632320565844207,0.5252829615967844,-0.1366576092826175,0.6797700767778447,0
0.5995334595164301,0.8565840442886073,0.6931369689571629,0.5504527345646102,-0.006938463348058643,-0.05004887173036404,-0.17809193287408065,1.3165376167159044,0.6556203656331026,1.1601443447850859,1
0.5065592980508876,1.1081133952204572,0.6029474811187192,0.07594907016599262,0.7319296393903878,1.1575987742267948,0.11495931933598041,0.5044482724890903,0.5837199309428259,0.2974287654563077,2
0.43270112349379974,0.5567219305815749,0.411288478320546,0.13704304771101264,0.05266605839212186,0.6516290743025935,0.028431427582940302,0.616665368148898,0.9229034726356596,0.1564001327165921,3
0.961490554989606,0.48502750439220743,1.463193843050455,-0.2503255740229354,-0.12079489338201305,-0.4411348877891723,-0.34528596917438603,0.22103540599710747,0.5339756834190299,0.9458502989466613,1
0.4732828527413569,0.9610642833676173,1.023167620774054,0.5634713669567166,0.9128297007309325,0.24622959861801977,0.899507555302022,0.8725313722463467,0.5327273354950347,0.22472760743075484,2
0.484493441092935,0.972422979476915,0.6742839542051009,0.8713605620384435,-0.01894139261811205,0.45746663028817747,0.6827543605704144,0.10992447351929246,0.13852169330179365,0.237967186112196,1
0.42888885071577587,0.5672075978325837,0.39190971990075213,0.1440966948933082,0.04604699738577717,0.6462447365336822,0.028538384028332295,0.6349215971639283,0.9263433978391492,0.15392084332580575,3
-0.08513197815072499,0.7854933145374823,0.7463972507537461,0.3563880721846191,0.8442185705164224,0.32935074117282725,0.4464780426463893,0.38336017416314483,0.8679704347080368,0.8021857374356334,1
0.055949410067236124,0.8707748485463198,0.6741694223289495,0.35638601041176576,0.8443581366348483,0.40310277868605465,0.4963578799984647,0.5761050296543121,0.7271584580465106,0.8064062223588098,1
0.06597166394912099,0.6668938558363814,0.9642539513110349,0.6761751207422194,0.7589445068141828,0.5773231006422771,0.36313206937121445,0.4979776461185243,0.3586357574636435,0.4499418780491772,1
0.5703657615184015,0.9024366538377389,0.2683075450090894,0.5557953563609406,1.0450732389395982,0.4731633075122692,1.01333072509551,0.15605874248030885,0.870792447428746,0.7759380785048641,1
0.08141214271456139,0.790526808565723,1.0039605241054415,0.7891387668298439,0.16549579726408117,0.08747394603583086,0.952577160748539,0.2998311257121311,0.4484297201533976,0.30473775890800375,0
0.9736652962456223,0.6760342016631598,0.005024756461036601,1.1534833941093945,-0.1630184818222811,0.015896023789825353,0.08789259090314702,1.1517438385294185,0.8627528663389676,-0.06191339221758331,3
0.25097111892558505,0.05815999559542557,0.4032251938847419,0.8788510159094994,0.9367275471752499,0.48819115964138676,0.36311727044977704,-0.12869279518821095,0.4936826516083369,0.2058319952192029,3
0.8832746592640954,1.023767289393955,0.4580046797434032,0.7834910715684316,0.17868278888863431,0.8951453114090582,-0.2789925152438507,0.5167897687994207,-0.04255413602955728,0.6793835240514978,0
0.4350979940687125,0.08469047365246343,0.5434361176215661,0.1942531631482189,0.5914582592308152,0.560168915595304,0.335769730081648,0.618758857571832,0.5173316081476653,0.7379369477848842,2
0.39064058157643694,0.14179283915918384,0.2703711664127453,0.12692593303742733,0.4361926908384655,0.8191250504201512,0.9463053015432835,0.2684104545629591,0.375916533649126,-0.0003034726297802548,3
0.41955159941706527,0.7994489027345111,0.5132003742766091,0.8248246040154551,0.10227030635618527,0.22331703018559562,0.5602908482206804,0.2694345723934883,0.1501806451095825,0.19869220559144468,1
0.8328371514925245,0.5318186608857274,0.32581647397995117,1.129362291431412,0.7614276810404147,0.7418897542332451,0.4404799622958655,0.8375925095043482,-0.1051985330745698,0.06788039822823261,2
0.8632434157714644,0.7801986540600283,0.498650856330458,0.45248480268214597,0.22087543112118624,0.28760664548273174,0.13746328803444974,0.22882820008814972,0.37102793720055416,0.8667390995295182,1
0.5932678659072523,0.5765024556454816,0.7019646669201033,0.7266462863539993,0.4925394847700388,0.7700751193993275,0.7288449775237661,0.43398171889772846,0.27483285340542163,0.528964201202423,2
0.5954138502635621,0.7757872522626443,0.8736769756941879,0.9050996319962178,0.7738514026139992,0.540355381163233,0.2103966774438945,0.8929860836822774,1.046414978196097,0.905573817851085,3
0.7998656504266628,0.7798833572354325,1.0318920946000534,0.09024296607956908,0.11423871519992192,-0.012240147743903251,0.2622406278278604,0.8461748647001065,0.994285782889677,0.846857676512478,1
0.6881288931149591,0.13974921743203875,0.41197438910256456,0.48252384306472146,0.04430171024989123,0.2856232842655788,0.1387925917262538,0.5795452628447325,0.5236847761350475,0.7900968074593465,3
0.7410652084933608,0.7208143181767527,0.8751427188543366,0.0894987732556626,0.22509350854859306,0.16234436821693207,0.3236991173631059,1.0074525319236174,0.8486214435543091,0.8786348854852983,1
0.06785293047064167,0.9764346562602814,0.6459041638378621,0.2961178828398581,0.9875843870989213,0.3356411440618034,0.6375851561738107,0.56511920956522,0.632960128364042,0.7448042065147593,1
0.941696165250745,0.5744850019603496,0.1203461991896505,0.808625666999601,0.6900275512187792,0.7837145096030004,0.5253340955526752,0.938202738361767,0.09000210766936258,-0.0241126096493315,2
0.05282711272435195,-0.10957932544829352,0.5586283914551772,1.5466719790394956,0.5387864556559279,0.8927241729236173,-0.05901042616090202,-0.07336952926264632,0.3510382204609399,0.591154351986261,3
0.05283488916544905,0.6482343742212621,0.33786599383412896,-0.06449242692404814,0.3414253979029199,0.28013177055803573,0.22206130975210414,0.2595060502242661,0.8385784236760978,-0.05354067948966568,2
0.20498275046941292,0.5546458281200579,1.2907859547814937,0.42100400673492544,1.2669325471986626,0.8622519474250816,0.7839552303900168,0.7852576454907451,0.09185440386323446,0.28477031649792234,1
0.698086601179408,0.7898679645054963,0.19724602734284535,0.6996536328814907,0.17827663439266303,0.7938332014519857,0.14126883951576077,0.2438109632517718,0.11567383209891777,0.37530087756113034,0
0.09665955079551462,0.6630225019349335,0.9382716897272768,0.6153102648559048,0.7175154703969496,0.6379464597708794,0.418882351867581,0.44923644910281574,0.33953050828356957,0.49881193186655837,1
1.0767093354936714,0.5170166728997565,0.9238239032452221,0.7082850948435705,0.45444428269429066,-0.11753370049257073,-0.04237060823950711,1.167321760070989,0.4072655880281062,0.7212644915584197,3
0.39061973143977413,0.08903787146648658,0.6926088452589565,0.2048309124217064,0.12550802728170943,0.6510874081276398,0.21047269748388953,0.18551595899171602,0.7911937066214417,0.28954526814610976,3
0.03447761815157256,1.098907874163808,0.7915460267505232,0.12092249951843309,0.9310720159528053,0.24008431924437781,0.49778332359672595,0.4489826171135164,0.571556221118962,0.6216898431967741,1
0.6723453783432219,0.41007326440520353,0.6002162944811674,0.6870423994495581,0.5509805575487018,0.9009157662210778,0.6832764082284604,0.37552133695861295,0.18253586245641482,0.49074008757387055,2
-0.27362683024958023,0.2942772471878771,0.7734333059969273,0.5605041025822469,-0.5635762631314865,1.4921838606039732,0.43595644286733476,0.0726016007580389,-0.44008508784515943,0.6232997584725055,0
0.2371436002449036,0.2729350487379689,-0.13311892726268018,-0.029768143713043912,0.6477345790972732,0.23577901779204935,0.21715964401076066,0.31109641300481916,0.9413171887076294,0.08708006215641562,2
0.32520506528700693,0.342795813872975,1.1281533444160514,0.440299270303092,0.8590690579192934,-0.25770898913895923,0.12823421535136664,1.4054811367210676,-0.4312170070362368,1.2330176266609414,2
0.36446757661543716,0.8700484063403704,0.4839816612934764,0.8140208795307897,0.02130518662404229,0.2914647697277588,0.6211342847341393,0.2898691810786071,0.15618954491090437,0.20849347214637298,1
0.34899499057574973,1.4872777368832717,1.2919408630561882,0.537684662049565,-0.22374575957906523,0.25426639296436687,1.0068740358636932,0.8111111126734041,0.4325571915846471,-0.2409894194463021,0
0.25415932963061677,0.41317277892727056,0.5955090245580793,0.2329440910490923,0.722515422401541,0.9300901999738953,0.8788243832754921,0.07028868317942129,0.43698343166847203,0.6471914579958187,3
0.3396064774903948,0.32734262035291495,0.5312226058941469,0.26634957047657515,0.6810892399109595,1.0031363167090666,0.9598229142848848,0.00633326109810764,0.5196006164034607,0.7671231630042832,3
0.29021812000131997,0.6644737245724794,0.850058092258773,0.5603774817767465,0.6778055865417882,0.7638561493379297,0.381391725774495,0.5824473161328172,0.38794970036121046,0.43262132124635666,1
0.3308189947997652,0.4379774362931878,0.49549206811407376,0.23355468874912594,0.6288804389692016,0.7247728842038531,0.7757045718523389,0.21156205138254236,0.41959242764617527,0.4811829985425585,2
0.5478364297904713,0.5743226209066437,-0.07111505199974882,0.4927084947845848,0.15565721375278346,0.13332329900621387,0.2215993124091196,0.7948493220736425,0.03335055391127406,0.7687322598442266,2
0.20191453770668033,1.141116118242669,0.7774682511939313,0.7887691024787146,-0.022434305461031062,0.24577179754579687,1.137620496956961,0.690927764076037,0.8341905480435169,-0.10305212185646997,0
0.7406946730679994,0.7733327989504701,0.9073404641458483,0.31434223824285334,0.18492062005829846,0.6507728611903185,0.604309392807425,0.6816322194448665,0.3298730104594998,0.8600560913942003,3
1.0131401870786734,0.7468950506932703,0.6877283847618028,0.2736269708849478,0.35218171936551923,0.4699786886245737,0.43676005055605366,0.9112177623853057,0.6193268011701264,0.7921216349242091,3
1.2037335456851417,0.9736056467789166,1.766287987012015,0.3897374299396085,-0.436178368346113,1.0743556285557543,-0.07276152881483905,0.8761830728997577,1.470699322551093,1.516694310208583,1
0.02873247280051569,0.7598990293163063,0.7460968691335528,0.7590882696810554,0.7329350400129951,0.6049993128286926,0.29288997036868275,0.278264757637404,0.43895902694820665,0.37566218011927865,1
-0.0039466204180486075,0.3862403546895072,-0.19054027244814697,0.6571810526837492,0.43876596684172053,-0.03583475194465602,-0.25079916449418266,1.1053818913281215,-0.002300742547593368,0.7022026999147573,2
0.4866965502022633,0.23860406690376687,0.3549842001970178,0.2023337630894212,0.31704806537012076,0.7930767030035675,0.8640102762347064,0.23553667515367863,0.47588783130923495,-0.03798032069353488,3
0.31035904949035553,0.7942208272275314,1.074210232041411,1.3568540457255303,0.4390216693279991,0.6626617722454837,0.20810552268398572,1.162793315775874,0.5369937066570882,0.581652297835226,3
0.1345969812179002,0.37149238399709017,0.011101220784603585,0.06341778022733911,0.46171824725255217,0.08098877951340706,0.15671801305553168,0.37457621140307096,0.9192179771580323,0.2616401180211541,2
0.21282953464728988,1.0380936151013305,0.5570102356719664,0.5666464450028311,0.8242701337535137,0.6611474622404249,0.6876008322934882,0.4432219135880752,0.11054699348793207,0.23641900876178915,3
0.341023646026954,0.9680255723143214,0.7242355585091946,0.725574398736523,0.4007268394597862,0.31012542267163024,0.8499843335616715,0.12492549108585684,0.4096087414781518,0.7103581263773185,1
0.07810389866574698,0.5612890861848706,0.531411143757956,1.0650805582794087,0.8593117059077899,0.02935066337942934,0.8050780549365609,0.7660816233781544,0.6891109136952446,0.9194407885498804,1
0.14519928512093488,0.10173201865673741,0.40395957901358115,0.7062904118189494,0.07037878408323066,0.38292954681894364,0.530112780672137,0.8622523584434488,0.432357922350369,0.4630949297810513,0
0.21439606231998906,0.7933283252658848,0.6970488950896151,1.2785861616386525,0.24845108161862323,0.07713368065861437,0.9726495032607563,-0.1771143186404331,0.5582122705858076,1.3070824534431424,1
0.04501320947971077,0.17441540880874112,0.20869088531675467,0.1961907589585299,0.3936839442071146,0.9569596746322777,0.3234995902060047,0.3577369257162554,0.6976600459032628,0.536420313551775,1
0.31666277564471845,0.4227037470239302,0.4561174790484012,0.2640322246850202,0.5802666542559044,0.7048919813096137,0.815205647903725,0.2406540144114307,0.4109770079690148,0.49687032091951755,2
0.9443929600829004,0.060373798324913894,-0.04839476188290928,0.743877394036161,1.004910632790914,0.09201390720213043,0.599559273526535,0.7310792807545121,0.6776468091324185,0.72468080598356,1
0.40493750622656255,0.5442032393666076,0.15422932274977127,0.4624519735653886,0.603911049044108,0.6187505357503909,0.9263728812517257,0.8394200045345646,0.5421416495075289,0.10424806620110492,3
0.2641265378974742,0.7339521739755326,0.5723879892234676,0.8283751200992144,-0.04193302396983993,0.38713488615824687,0.6777898615094927,0.29983241842843145,0.20702904982157927,0.19817216325607953,1
0.8132670364894965,0.5331282999555732,0.675816974899336,0.8624333221993331,0.47745984963683125,0.8594958117698291,0.7076886690269529,0.386871317151562,0.2394903876392525,0.38463187887944256,2
0.7787595077592988,0.5870031221079931,0.5200378928127671,0.6202546581190975,0.1265506235978238,0.2703526986260175,0.00980557042823698,0.3062783740804578,-0.3477319975157433,0.49755721109370976,2
0.7322666079131964,0.12039130981559493,0.5121990984522707,0.4242316445404985,0.07908816756406246,0.21478363157156888,0.15677526181556078,0.4439650802236714,0.6112866551680497,0.8667077825664544,3
0.6991137131167685,0.3892289319608803,0.6528868714207099,0.7266641925115921,0.5203887569907413,0.9224402869713877,0.595765372509039,0.2553925024799825,0.15031830618929554,0.4708865510866613,2
0.41990370348879713,0.17961831757365299,0.24043357036517604,0.1720114137631582,0.3636845003739744,0.8640710807447554,0.9016562826025171,0.23971516174423577,0.42610893320646553,0.02467456045170819,3
0.22663744257175794,0.46841348178538195,0.5971275207549596,0.3024463354539502,0.7365376543214799,0.990977954097412,0.8504993727418649,0.1316364037349406,0.4203182277307763,0.6221006254868556,3
0.16505887213812442,0.11949835627176192,0.09472401443553397,0.2320245566752597,0.3367616669127383,0.9534608345146147,0.26316045371798724,0.38883996660219855,0.7271619339884312,0.5485427028381987,1
-0.012392158842350676,0.2434203413324889,0.9650414169262731,0.12361364926574675,0.15779963552070675,-0.13967127089890052,0.9381208370423194,0.09326353877995591,1.0468629146491726,-0.1060807293410263,3
0.47079986555086895,0.8338746192600726,0.3989286484581313,0.7246255816344879,0.0618010122042139,0.3332395119745055,0.6755678348366735,0.18873561493967683,0.2502854106506401,0.2936958454259716,1
0.368881947974344,0.1155493782506827,0.085125775235802,0.12198526100110921,0.5655619394175779,0.7473277471655315,0.6831128588552929,-0.06037126601132946,0.7632970909058883,0.328700588064898,3
0.7744877563825275,1.2074435311265512,-0.4767075451867936,0.5365885841089318,0.7898980550446589,0.3412180706359579,0.14111525125740776,0.6268321252902628,0.21904724679589202,1.556803818655119,0
0.6058462732186052,0.16660732370789655,0.4345089418049892,-0.0010865391937928681,0.29392535647346263,0.9990511413436494,1.1491997396125793,0.4586034518551346,0.41463431743289053,-0.07592175044396474,3
-0.009534968189710696,0.8137111235225358,0.7022845680783436,0.669471372694457,1.3316502033618993,-0.01801599020273971,0.5408766309570563,1.1161691060096413,0.6475202172123052,0.5305845733814996,1
0.3456108829534123,0.09542157558618103,0.5010519120866743,0.020304291501544558,0.26442678713019835,0.7319326729807317,0.1867534993122082,0.2169194063541715,0.9629794009424908,0.3637017779258037,3
0.6011462038256212,0.7996564907756071,0.7024791799084023,0.9169783774632839,0.815451573736972,0.3510520647076066,0.1629281540004217,0.9356981900771522,0.938576034955098,0.8888004575405735,3
0.5005663183908261,0.2699224152505919,0.33321540230766533,0.10517812864525589,0.39243625229925205,0.9076717246976342,0.907256717052929,0.30304465574489337,0.4957299641819318,0.004735359815618921,3
0.15188745177947607,0.13268931818969176,0.1421125136950705,0.22579119512774723,0.3270599373238269,0.9521303026233713,0.2489342391868829,0.27840420660785886,0.6322750846596087,0.5520336794816424,1
1.0735806640269325,0.40183509457018496,0.5413210527263158,-0.15230015524539825,0.29097359824495994,0.7473204352633616,0.6380713550299122,0.8501079455079094,0.539887415251645,1.1376169897138613,3
-0.13035424949915753,-0.050196940759087844,0.187081278743924,0.4343621106054931,0.5729438309922114,0.8536061137819554,0.15351432454520142,0.4314421283063693,0.8308706578623282,0.35635143838993527,1
0.7401383801226941,0.6165055732483978,0.837794578978468,0.0652199462780791,0.11020636180864567,0.10363195853411333,0.3703584585953958,0.9009419302807888,0.9031240621094833,0.8266194942996168,1
0.8497958500910712,0.597061276923098,1.0248519211076914,0.1390600691379419,0.24489634124460272,0.19329627877789568,0.520699344300405,1.0212830043646797,1.0269613841526335,0.96192135029799,1
0.7035419537749682,0.6628284037044833,0.724859842620749,0.5680213500908377,0.538013529747533,0.3828313458540442,0.3824015307364752,-0.059217632099685086,0.2823814284197126,0.7953551345123929,1
1.0610060509192203,0.8123069979164308,0.5550460155816513,0.26580030674800786,0.5363077037239881,0.5528370397804955,0.6043368919494335,0.909992567408331,0.8840244263933076,0.8944808867630448,3
0.7713582812522112,0.8152627739188417,0.5379371505214557,0.45817646768726417,0.27827389846653644,-0.002412366138641542,0.47068774710515315,0.10871292276782564,0.46458955851964345,0.6116107168511993,1
0.860274010906719,-0.0282833039876922,-0.06510028685576082,0.8404759012142441,0.9181654572109018,0.032265172144972404,0.8072108419497934,0.9015974999711898,0.8160560370254878,0.5393783019691971,1
0.42631445480853286,0.46786180947630374,1.048340882967073,0.002786326641412179,0.3451140663671684,0.024798419011460023,0.915018773283322,0.029763268441821256,0.8738977411285485,0.28731544016541427,3
0.12864980671496543,0.4939707526701322,1.000182391344097,0.5615236462245292,0.6058223806506938,0.7889095618808757,0.5872295267864276,0.36166401025142464,0.45681532203905933,0.5477061823782278,1
-0.1899736685456534,0.43404097462117364,0.6338279629199561,0.6215638263010753,0.5136705670682794,0.93314084997781,0.5693912068363641,0.5261164594762219,0.3577378563973412,0.6230667077026569,1
0.948061877045165,0.017726172754189008,-0.01651311315755835,0.6444213369813133,0.9447293133917414,0.1905143189019008,0.5648163497207714,0.6816212392269554,0.6406844567752837,0.7743809259861947,1
0.08472200581534986,1.0145213874026928,0.7805555896231037,0.3379611066352653,1.0383332794898588,0.35648445776735904,0.5872447296537132,0.5167895627338643,0.6956781498547439,0.7139067041426596,1
0.1331571458919489,0.3919028627892368,0.07890933199722969,0.3414159575657858,0.35802240698062604,0.8516375672846153,0.2722477944166181,0.5224090233147596,0.600554358393622,0.390982616739608,1
0.42100907975810087,0.8256184458431619,0.8247837908982295,0.9095510814218436,1.0222132293187989,0.3295509270933549,0.13615521052219293,0.7511004555723735,0.9344651161548537,0.644314843295974,3
0.03418954390723053,0.780058139030416,0.9547848489273177,0.6037221457780597,0.6228908772226797,0.6894171777836243,0.4950920034989974,0.3367049108139673,0.3390067071249485,0.3933583290728502,1
0.7021752046151545,0.10262926085401497,0.3828713275023183,0.4157714156468763,0.07238919004325572,0.3936313591307139,0.20231956096046333,0.5094692815812742,0.5881375572352938,0.712298366108654,3
0.4267984895457497,-0.1982102046531229,0.5516257689276232,-0.3185997581401289,0.7235844204307926,1.4460449522333303,0.4376261587506457,-0.3932862498197221,0.7175732063449427,0.8491193394662709,3
0.26156167290572185,0.40044215048429305,0.4022067767023134,0.22233776680733447,0.4529305111997757,0.653626357160686,0.7196798385088565,0.23078245599452593,0.5016497709777837,0.46530329587590147,2
0.5902437733729446,0.5251069729682174,0.8355729606884875,0.05244602529733687,0.15183638095352836,0.18031949882338955,0.1899851936491215,0.8962093053850724,0.913339560172382,0.7288860902382315,1
-0.008864407600207652,0.975580815469884,0.7466676280177971,0.3421859227232451,0.9623473981475194,0.40629350467113917,0.5970748896794513,0.535938601832945,0.7438450758310923,0.7071989752941275,1
0.410667214931332,0.31026925894383484,0.3104213602769577,0.18892231646626476,0.2734462650820993,0.9750443582205789,1.0035445451005554,0.26452902229571706,0.39600187826076316,0.019601395550000216,3
0.5168788499261101,0.7529813809029706,0.18982626052356918,0.4271640422502342,0.017344314520591098,0.8700295441217164,0.5618886740427951,0.49851381170774695,0.14299913962058852,0.9001084773626573,1
0.37730862397185755,0.9186274649470256,0.6235389699856841,0.8539943560121046,0.5046281037595082,0.21604327617310926,0.9102339501195293,0.18519198632437398,0.35055886234466976,0.746289782988372,1
0.5049776543631047,0.8108229281951543,0.7649058842499049,0.8824046025454739,0.8404059670099621,0.4076475498410512,0.17047216295212422,0.9192487238773248,0.980520702625312,0.8238452392561961,3
0.8828952024475711,-0.1573857155079284,0.23879734148659865,0.3703240986974883,0.34228723965653474,0.5315837399197159,0.11486276027890718,0.9215580921838465,0.4968246545791065,0.4216113052924655,2
0.636150572774834,0.6159498196738096,0.7241107818535479,0.3047620863061913,0.2905397433244298,-0.07367340808199743,0.20421390618637855,0.9421600708493097,0.724656975559257,0.6250720479661918,1
0.3013056392175044,0.42771152996993284,0.46970846010458706,0.27617817810329814,0.5501764700655241,0.7245985059927613,0.8001880751408806,0.21960595451240203,0.39765131527103403,0.5179892324114298,2
0.508450196199009,0.1739547895395016,0.3002061153186061,0.20640217163522573,0.40466871545858385,0.8448501460076826,1.0034800915023774,0.19517483741286926,0.5163266243023545,0.04411544051006516,3
0.0971487703656331,0.3510615208578279,0.059524229258150214,0.11192812534938124,0.47895841368524444,0.04395988671229141,0.1944950369324993,0.4275899601225845,0.9103257732839841,0.21191663516125833,2
0.443809612204552,0.2382202483590375,0.3127310478787077,0.17281489347073808,0.31983294078461855,0.8869572257692827,0.9108123148797328,0.24121399606741808,0.48558542385464126,0.027236299885782175,3
0.9206687748716214,0.7273595746957082,0.5146900538199233,0.47283837212298696,0.27467242587926377,0.26686698894427296,0.2293575976371983,0.12657234037758167,0.36593619297535357,0.8601438944529827,1
0.8131850783537765,0.4390221397221021,0.06270019787925032,1.0340378306286393,0.051978040101147774,0.1753063383850244,-0.07010367793668147,0.8169603252536437,0.7330517416377068,0.0893948327995481,3
0.1356517425541962,0.05323366997176728,0.4193549790400267,0.7199984040509969,0.14248040508916296,0.4318608117396179,0.5087904381500354,0.8349348102955322,0.4581809485368542,0.4579532342946152,0
0.8908704203297553,0.5918553253531458,0.42743985054663447,0.5370196437446957,0.41717119040698525,0.9636720135308611,0.10926539103737394,0.45647116017271505,0.27969246223226907,0.3719109075278376,0
1.0220367872816296,0.6269242449063321,0.1969396791177924,0.9870912345370403,0.6487974905954622,0.7226797585337938,0.546467893264714,0.9766045659167489,0.05531510222358614,0.10257997247937076,2
0.4288399982414829,0.21169300696339793,0.19528268031455068,0.10777862836694847,0.30794491359417336,0.8001398598743704,0.9566056747654118,0.16356243772726584,0.38937583046645297,0.0071793033749120334,3
1.031137416526565,0.7121833376175023,0.09225869330766787,0.8903777180266848,0.6034922789031141,0.5961603732067421,0.4603469160421205,0.8601649183723039,-0.015353022790214707,0.05515215744149767,2
0.4004187818975451,0.6194269387922425,0.32237430298003156,0.0827917391063629,0.06030562077333418,0.6899475036475492,0.0742349809556722,0.6684183918023999,0.8697659721365651,0.0970327288946902,3
0.39349379157605346,0.03896406989570057,0.5079157420714512,0.4312391917134606,0.2945123201366504,0.5467282955688084,0.40658655374894015,0.9187271521276217,0.2730195200563887,0.6021422434331201,2
0.18727498527167347,0.4085911969392223,0.9769609696651785,0.08249297773729192,0.24213692403091,0.08926626416638647,1.122136577644217,0.336630864731421,0.9423596389481053,0.25260448845700584,3
0.9517583184094195,0.6986166324394816,0.5112891986759938,0.5276299178032445,0.3386987324169999,0.21093321653935984,0.24431007709130861,0.14141615198635576,0.38738532237856327,0.8121404936810527,1
0.5634008239942805,0.6145803604320272,0.01021482220626202,-0.1181833703733004,0.631681667814122,1.0860935006359458,1.0304678553073527,-0.03423442699536226,1.056991952479847,0.1585593932751323,3
-0.07710409604849103,0.6144306494312275,0.8463517048741751,0.7773111367116669,0.794835998056647,0.7296896796047333,0.3324178364395548,0.3976693485831,0.23752659925453834,0.5150945555635166,1
0.3108484436402014,0.9462849528490416,0.7316369905387603,0.4478597140857801,0.8052631708226762,0.6838126385276057,0.5791506174718739,0.551682511183469,0.11503104771989228,0.3769696799793461,3
0.8551909512523871,0.7740482687037867,0.46326407683473647,0.4741473713642732,0.18527367456511565,0.3829006680445242,0.2072994212521209,0.09115356748068157,0.47161104315127583,0.7578572513234674,1
0.24220570997304375,1.0595144775562741,0.9732628783437982,0.690015811392686,0.9013103267242388,0.26456126698649307,0.8590378342463234,0.941017704172469,0.5749682017070592,0.1956099770751603,2
0.47949879185871874,0.505796753538377,0.352370085764634,0.142446649327554,0.015635318402638113,0.663870860858929,0.047953796789917125,0.6956513063046343,0.9084650888527663,0.20714562802005637,3
0.06965969381140165,0.9646195663327214,0.7195732193321961,0.8309235571383824,0.2328311807873939,0.3868417276661945,1.0254227228339285,0.6544620310701126,0.7493134476089158,0.16572082770114172,0
0.35311238652617377,0.7111850571706084,0.7819174971746453,0.49323103804938184,1.0347707970855713,-0.2922995822221003,1.0500342176935,0.5876154964522862,0.1653337919989219,0.8951139733634261,1
0.9144800382084652,0.23665460843876657,0.21193847627655776,0.7781850671653513,0.2679687961889733,0.34525124465128343,0.5089253213513432,0.6569224820837531,-0.4327185218082914,0.46455418723553543,2
0.426137190569638,0.545968886677851,0.38471625684672167,0.1750662060845055,-0.00610753909250078,0.7035420414439373,0.06811817027751263,0.5835334391997384,0.9617281906830837,0.19269673476570115,3
0.8239853890058574,0.6453739405492654,0.5688528391619045,0.3335915551894271,-0.1459199565013222,0.5063099787168284,-0.00812648135311192,0.4921541490270366,0.5629736744045346,0.14978519305470028,3
0.95461673629664,0.4794043081971318,-0.017934870377842305,0.9795456599377967,0.05561723740316206,0.14926896667701808,-0.028279428598135516,0.8825395675229168,0.8268172972287765,0.08771901639533378,3
0.24574323165751655,0.476313614419788,0.6280699124525175,0.20393435928476816,0.6815145123756277,1.0145898545840006,0.8000349124673553,0.1785071560846391,0.3875164615911115,0.7515908568684453,3
0.1685758688502047,0.461551421721641,0.8242004850405606,0.6037044865586685,0.633031306004867,0.541681771172565,0.23172687639243386,0.1950155482798115,0.44438464656583626,0.2436322571521925,1
0.48298480338645233,0.20971355431197827,0.5419139415099642,0.354216419495104,0.5065512866550033,0.5761868716583373,0.30443081335945216,0.713123807293316,0.33080156123476134,0.6643131564388096,2
-0.24638436517068385,0.7556387374485377,0.5827041561141452,0.7627315021566538,0.3152665138295475,0.09505507368469357,0.4540361748545831,-0.4384770814807647,-0.10513702735194241,0.955284394315079,1
0.5291759095811965,-3.3781789714193433e-06,0.3415215533054526,0.5598004909502842,0.07013495778124221,0.4775327019951778,0.24960296714887714,0.5964144250071919,0.14152460141509815,0.5972870467457443,3
-0.32940009989595287,0.6090819538035565,1.123619116852482,0.9321199573961239,0.3628513993195737,0.3688614404761137,1.3884584681025163,0.7311657537353571,1.2071883735615403,-0.22050040956968675,0
0.9025391236971365,0.47373954337594165,0.07493566521349453,1.0433862571465347,0.07550674354779832,0.14411421937358,0.03492588365598842,0.8426674813235988,0.7541877627304752,-0.022536818292876126,3
0.055622389409612866,0.7737705244080502,0.8464431014540004,0.2187851067472189,0.987422246165058,0.5312195597476267,0.6853674297891886,0.46125624642272056,0.715848303720006,0.5075247050193823,2
0.5779448787677741,0.6563949359282607,0.12237721819715006,0.7292322838427427,0.16968179437062034,0.8847388357498045,0.09241320603310506,0.33496050181705256,0.05985901339701419,0.3203563696290136,0
0.17198549401347685,1.1251744627441227,0.5059736455436126,0.872754463636667,0.10227698513995011,0.5440905831889951,0.34334530456086054,0.21746974735518187,0.13775098010885994,0.29488379848872714,1
1.7769057067995682,1.6440691420155589,2.218461645843968,-0.2366574146384468,0.33909751900154095,0.3928456801062469,0.20419557500183633,-0.49522893997815753,2.0350732937947025,0.662047015695349,1
0.048951539726310604,0.7759787103448109,0.8552920949822509,0.22087317658466527,0.9922240635479176,0.5278575437891986,0.6824329504929098,0.47005191802119106,0.7170691431937661,0.5072082618536384,2
0.24168110837217463,0.6713339347585418,1.0509427123554669,0.727635712670746,0.8069067810896546,0.5382900095966519,0.40820988307584855,0.6514926015631959,0.15633627992001353,0.3836734896780232,1
0.24613392381161742,0.07624922665862437,0.6808025375433678,0.40718979452292364,0.9859693307823516,0.00605801203666554,0.9121328158104636,0.49380767406940784,0.41692288432528285,0.9715407316197425,1
0.054168308003422955,0.5774101978157711,1.036506010607033,0.5176210913885093,0.5720673703456778,0.43301612315996907,0.58822532333069,0.30119939317803146,0.2098942027208262,0.6684742556133592,1
0.5714497825991647,0.03622949483173071,0.5009003572498845,0.7460091010663958,1.0531924077605805,0.22905629766093813,1.3598885562341227,-0.010037006427232598,0.3883755762658856,0.3442548807904059,3
0.9049179111096212,0.7321627921843777,0.8113580338984218,0.18308199598483987,0.8681516661962616,0.8561611726752476,0.10595352060471643,0.2808057058191091,0.8152403146636154,0.4180809964506033,2
0.26493168065042577,0.4088086740730744,0.6748726177380845,0.19424396533201635,0.8061673017097474,1.0766862440181386,0.7373012443255977,0.09241278277293324,0.5913641321763662,0.6648881282323197,3
0.9457026675590967,0.6460493941160392,0.20086862928550595,1.0115216423486104,0.6127963497529983,0.7665930862699536,0.5945830135017123,0.9103730495691583,-0.024061519359001728,0.08595114764518072,2
0.5635826682330933,0.3119068208484941,0.5750849164850539,0.6115827599146441,0.01844784709299411,0.276770526011569,0.29597931501720465,0.6520556655450171,0.3853720211471996,0.652851072794439,3
0.5570920998619471,0.8280491609507686,1.3908966002798357,0.3939534618560085,-0.13543224375438123,-0.2150939189584815,0.9098207275998363,-0.06674206223821633,1.5496460267223986,-0.1959987732840955,0
0.4345083706689911,1.0301865531038157,0.4411695310475613,0.8755157497381494,0.3974294588913737,0.10511935578906612,1.1737940062158845,0.09823701924623111,0.1555920589269839,0.5225706111603371,1
0.6840441412680973,0.5258798148210624,0.7199778310734102,0.6791204321171211,0.6065848862212888,1.0058060499662864,0.573550750527468,0.39526380031191843,0.2144299162516723,0.38468572415394764,2
1.2017087280956662,0.07915655486161266,0.9947054992842894,-0.5532899911324278,0.6687063499819847,0.48792529561243536,0.7561034754355607,0.6110426124210611,0.23739536702336395,0.9614322965968223,1
1.0135535108831855,0.614513052785468,0.21002299825103812,0.9182898851276011,0.6023728395851173,0.6588289304095594,0.49103309360836156,0.9407602969384279,-0.012867740700593579,0.04622878715304245,2
0.5800464249093695,0.20343922065945796,0.3881697562433515,0.4037866804685844,0.6370437069582896,0.41375830423911775,0.42048973029263786,1.006213173294154,0.17543907065654474,0.4020492673589512,2
0.9264527757550228,0.0936454481509986,-0.017032908712385476,0.7205437035876009,0.9795110168987862,0.1298444168867763,0.6490988239187128,0.729334252827896,0.7121631776990903,0.6891634298845738,1
0.4567062857043598,1.1833975270253527,1.0865439983408294,1.2962004549117463,1.2561262726897457,0.09972170470267916,0.747475526569646,1.5496449181734913,0.5477066654999501,0.3435308980416462,3
0.17890883390445017,0.9755952963336213,0.7420506554004846,0.5559840920147588,0.7901385082481402,0.7105007217379874,0.6527832388666459,0.5593413951210605,0.16398343427613582,0.3407661757384846,3
0.10552227018335011,0.05637363893070933,0.41146500784566975,0.7219411641337931,0.04405875958161452,0.34681416772533147,0.5421507166549094,0.8766584553700452,0.3972220431793706,0.4502505518817713,0
0.1329932526439251,0.6812518412319024,0.6631642853658005,0.4496405159516254,0.5599377032898383,1.0174246488331546,1.1791008461623398,0.3707495119484578,0.6798192314147402,0.5573494107918431,3
0.827921433564695,0.7869202483420205,0.2407481780773927,0.9937079419033767,0.4003216594533683,0.6154124632459278,0.1814711165338549,1.1630264081675779,0.33543462513264827,-0.11432678260963797,2
0.310820966117339,0.43866729801273513,0.4455117464562847,0.2762553553504831,0.5719542650604587,0.7072321430839548,0.8200495164846612,0.23444267579414801,0.42408457995280363,0.4806941295039066,2
0.7741528342353785,0.1768640757201148,1.0158965163995237,0.3348401791610292,-0.07228514352149995,1.0281170865752327,-0.2386010135648134,-0.22251106702464374,0.8201409329588871,1.2997583119383367,3
0.7910143505942601,0.9430362030804191,0.33241240116638227,0.04713005802480286,0.7810768787054471,1.1679127467077965,-0.07432535288008052,0.3644953227937643,0.8240595358091114,0.2827490328082076,2
-0.06070452456693991,0.7226809027224159,0.6707439194190318,0.6698820034435604,-0.18183950255245562,0.20050058351504496,1.2621713368614689,0.5034531478460328,0.33637849510984524,-0.04252102778748852,0
1.071915931529526,0.6943044520596727,0.14361146692560825,1.0106896828250005,0.5079108239989392,0.7921496238915371,0.630672036502287,0.9897360246838888,-0.03742852665642077,0.11773032319984039,2
0.849179074092278,0.7389121442596401,0.6960026260031893,0.6804663090145308,0.9812125318816861,0.3192569311037131,0.011448046154360486,0.9674104952149422,0.643340661990395,0.9312541786812709,3
0.3727418709866893,0.4836523022947493,0.4858040042468108,0.38776139679643007,0.8747939306456679,0.8061656177739892,0.6329668222874405,-0.06752775293216029,0.23917405069936357,0.8401965235146096,3
0.4087688433856861,0.9151265982004223,0.4228071044931488,0.7139278956814048,-0.021840521322722267,0.2895405412348679,0.5966562356099407,0.16040904783847587,0.22941362390278833,0.15431469461095412,1
0.7380201390872205,0.13636714553253865,0.47724466752028377,0.45173955289443907,0.0936910457942062,0.27471453334424556,0.15888435960672403,0.5721392104367012,0.5178063130909468,0.813387026985817,3
0.8896846019520741,0.6945018306143728,0.6114121091199696,0.13239085544495477,0.13968118919490968,0.4029871491772915,0.500578891890602,0.7435674750180327,0.6781215192890543,0.9787642076912931,3
0.21291973654746896,0.36903388401775705,1.2914070103530026,0.5159759939585696,-0.2928497346886005,0.4216117054407751,1.3091906022509185,0.35931210428150573,0.7932935464155274,0.028135426867840443,0
0.8369593870741178,0.4950448239977624,0.4635950382396057,0.735729592742653,0.4597688987303302,1.1027370983865616,0.6278123714648756,0.4118198756251815,0.22402553519884139,0.5139121546749351,2
0.11597017381473308,0.14282812985648094,0.19676844690976686,0.173744862809933,0.34710425480125034,0.872365163022992,0.24526270874528933,0.2844091223470515,0.6336621386343051,0.5421760226971666,1
1.040452294900368,0.5352894932553119,0.061604562896068304,0.8700459460475466,0.5992068290341453,0.6569486213178704,0.5112598302833655,0.9170088187183574,-0.054412027347415653,0.045146477874666184,2
0.33354785564112815,0.9888419428273567,1.0258371430946545,0.5206618180018379,0.9152922460508375,0.24843957224543747,0.906440024243349,1.0762886794313178,0.5845389285465908,-0.014377044054702734,2
0.31194630752476193,0.9094564921955061,0.685154233637375,0.8085554026279638,0.4571045706473805,0.2701189365149338,0.8907874699767232,0.10074882968199508,0.41090181772037965,0.7598460600611732,1
0.3527493497032556,0.9354448892178222,0.6256913839482396,1.0960994809566915,0.16012918528091216,0.2843451516183929,0.6403897015683242,0.17798456208990232,0.28924909687274986,0.33413143654475985,1
0.22448476066604509,1.340920024233485,0.371151628607262,1.127702205496239,0.35108821115481226,0.06252502586137862,0.25200455863382154,-0.19572801695654157,1.024537863919463,0.542702823015017,1
0.5865085491951909,0.8509162874638851,0.3450163343683079,0.6215503876279079,0.9641320557640076,0.5146819931882594,1.050254017524729,0.15634153319400623,0.8013142690078578,0.75509827630214,1
0.7604339274700652,0.45619807896227815,-0.09864653014559621,1.2223615002740353,0.9664402925359885,0.8636310516107885,0.11282836112622874,0.9424175814856716,0.1799731308929257,0.006748098506316753,2
0.5110225698857076,0.7810376571668594,0.8063509551746265,0.9455248741766505,0.8599997378231901,0.4159926397737715,0.2137094778257992,0.994217360521485,0.9932929986405608,0.8190426255323351,3
0.10566597485108839,0.7098902669296622,0.888105521099295,0.6293559256201284,0.7119243530829118,0.6309814657404664,0.42162955924158174,0.4203794982483293,0.3004927148820991,0.4827889600498513,1
0.1249522367088418,0.4116061994854161,0.6423879590087241,1.1368928505333926,1.1023421318143463,-0.05223468894931796,0.9185992649749121,0.7268411804088869,0.6910712034848898,0.7602424200568512,1
0.14998330815395944,0.781645128103393,0.8307137119255436,1.0160125094670176,0.23497796425186723,0.31479821408380865,0.6992151161458219,0.23040759672096583,0.25018472798507624,0.9569859386742775,1
0.9953867595128032,0.06355787921791567,0.22608222344774964,1.2306811626390726,0.4811408717621676,0.4936583960384546,0.5115670726350546,0.5589182629224139,0.27162763712908633,0.3150121295255617,2
0.1366668040094372,0.09791163272352471,0.382304151431937,0.7167605905511605,0.09365925552081443,0.3866896026670483,0.5347521420869615,0.8412812365038916,0.41507866921431374,0.4469517549785786,0
0.16617555329934802,0.4227629078056756,0.33569166937222505,0.6210549463356327,0.42316312702720554,-0.13520751656054752,0.28761254476167397,0.797992345913324,0.10009929921738958,0.820863062381833,2
0.39421625313479225,0.7917905884883458,0.7956314619241114,0.8312886933868333,0.9214863987109957,0.4176743333041822,0.10626236041462436,0.9161340599649707,0.9230890792980099,0.9058637144687522,3
0.21883088141323875,0.5674692216537225,0.44076737528271515,-0.026672116623962967,0.8185771553079834,0.9003320757482323,0.8113067986476898,-0.22614060018946808,0.8630867406879776,0.18091807569952603,3
0.5466236752033807,0.2693650071024094,0.28725075178456116,0.08121687091747788,0.32171007409495855,0.9404495058513582,0.9396747091630209,0.21499225223936713,0.40940917370106295,0.07068551650008555,3
0.3513884602838231,0.966452812679693,0.7160138874906425,0.8765255074496698,0.8767255714258357,0.547612554094684,0.36260658408408925,0.6945431864581051,1.145981794189241,0.9404378961338073,3
0.35564269763025064,0.951354969132002,0.8751813470002472,0.6089834562194798,0.8019593149829078,0.21524871648698132,0.8653524814916216,0.9335580738435758,0.5485895573742746,0.09600891129554426,2
0.4748676891416711,0.14880570736469073,0.49813136735482333,0.2926393849529119,0.3982708902554387,0.5122720833931123,0.3587750022267411,0.7923341994427147,0.2960940665886225,0.5542606533104945,2
0.17970648100113534,0.09900117408015884,0.5290433068006677,0.9052637052477649,0.9060500189036992,0.41411001067421765,0.5666380361007464,0.050709836074794075,0.319760489235789,0.2654143682913436,3
0.6992965489386744,0.055205233618480676,0.7224881473043614,0.43032567996554794,-0.11536472972018535,0.21389618041784736,0.8791150782410296,0.3810729182314163,0.9422874338321003,0.00399477535713938,3
0.9970740140651569,0.735446313605606,0.7310786384183166,0.21635305312295117,0.4855850696898959,0.5125877257335381,0.3894921961359492,0.9812928624556732,0.7277981550498336,0.889857940040645,3
0.6691768423033062,0.7446133628343223,0.821862745617261,0.13646452037528406,0.2126259245090754,0.0192487834149435,0.4918665758499833,0.9500219543993287,0.7707233004311014,0.984326838488076,1
1.034006931561462,0.35829278487154675,1.2998216782187524,0.4556038173913441,0.5327383496268693,-0.039277513898465094,0.11723952690861583,1.3703446063894404,0.6724542946462089,0.9200112584736883,1
0.9206098620113822,0.38559627880333996,-0.034940247579568436,0.9589565433763774,0.07076669476094605,0.11912593559420531,-0.029304665086498108,0.8826778825292331,0.7451662264270533,0.058280484106882774,3
0.09858581751772667,0.6716999218436635,0.9440411571138911,0.6269870916685356,0.7258994707456167,0.6306943612242117,0.42310559556634897,0.45496650626023366,0.3370449440025747,0.4900161515698112,1
0.014613106412065237,1.1958992639337842,0.8079411062747694,0.14869818872739987,0.9265334466026359,0.5492929342235368,0.787658731170974,0.49527329332374054,0.4822369930260334,0.8982691251918364,1
0.6992905218443122,0.4353577299421487,0.6050218645842913,0.7447039023801927,0.5536824645124623,0.9275714082238415,0.6341754615454375,0.30821938991068876,0.1868876085857716,0.4720744129035884,2
0.5513254568979444,0.5818189462132396,0.9531292128803258,0.49191775841547053,0.5886256857521205,-0.28420260496803185,-0.04567391992635722,-0.20095133034443075,-0.30425667702505166,0.031974527333579306,3
0.7865910862676337,0.5928216568521132,0.7836352945226738,0.17732897945302895,-0.04379815970968717,0.08381580931284409,0.4511684955063419,0.7938576490778788,0.8533683761127216,0.9235432181318621,1
0.9771371976831078,0.38104300038895467,0.003065376575014874,0.9383143291764824,0.08314516220201731,0.22442698490411833,-0.06720121452411994,0.9359218110928631,0.7059046034002379,-0.026483784079951722,3
0.34308701499793565,0.18272449062507035,0.3269164181764101,1.2738275343756515,0.5048078328391099,0.982860135271987,1.2514181331386491,-0.53575437134393,0.3009028964781254,1.149584296409833,1
0.923535951502397,0.4302394717247335,-0.026168275470673172,0.9562228369428043,0.037959966797173846,0.12468589644430761,0.0009355848468744384,0.7978262125169162,0.8037273270831542,-0.016548942905995546,3
0.6023585554215545,0.7190814109389545,0.06702025387338306,0.6519024634863189,0.1716623825989419,0.8024745032973319,0.07924472296522939,0.350600494105554,0.05287530218686666,0.2419375521023705,0
0.5185043363871626,0.6715591648799986,0.08183415560050958,-0.12331710550762842,0.3723739712691572,1.2231680611906854,0.8049986348620097,-0.2133420516634726,0.3083359081560487,0.6962637076606328,3
0.18389844664037144,0.709838237260841,0.7029170406522032,0.172861052081005,1.0190347746719697,0.20988503369057165,0.0012981015458987666,0.8172630495961699,0.11489056724575455,0.24513902564560913,1
0.27806406455742916,0.9549728361565486,0.6657862729235401,0.4419571679109373,0.7518473995729884,0.6198051283275239,0.6279809579938255,0.5377662484669097,0.19806128033213066,0.3462568893096833,3
0.3042830971214362,0.4040532118293384,0.42379893155038867,0.280225053098759,0.5931587858627352,0.7316020725496473,0.7922168663359538,0.22966714011424993,0.42295268576592426,0.4598053683597813,2
0.26053882828468516,0.2661213054753727,0.22051866290067723,0.6347701670750009,0.4642400479394583,-0.010278678463507912,0.10905533306314971,0.8033932721608363,0.11666027593048868,0.5442948312694321,2
0.44771462487643554,0.20888040019450438,0.6361331126509867,0.2277882398677955,0.2338788399612568,0.6463066164672798,0.2616549624112067,0.25959220060477045,0.950785072766291,0.2802693206419878,3
0.4628693914193172,0.8755402379640372,0.5529328812843333,0.8979028501073999,-0.030646235502919603,0.14626018544108646,0.6708296871347598,0.1357378493982386,0.24858093128235098,0.32570641359643265,1
0.5314150397684695,1.0042557382544373,1.0942475684464452,0.5628185027988016,1.2359674037213686,0.9337378213442012,0.46179123259647703,0.3749152812730351,0.741498391920134,0.2613664213560319,2
0.5873881380818251,0.41491147992002886,0.7775314861807099,0.6428433663544496,0.44532430202037265,0.7935868753672415,0.5129621646406859,0.07798751668252787,0.027602024053298063,0.5911522851647255,2
0.4975768060313872,0.28336937257021383,0.11643433940877876,0.24194182991768143,0.20383518088809038,0.9795002429340807,1.0611466643923015,0.2458153542576968,0.4814999301010855,0.20395942518569743,3
0.32581750605384285,0.7931056983178458,0.5284268953221032,0.8597283438391561,-0.08400077066685062,0.34413472581949284,0.5879947525929391,0.17303775197341315,0.09969967372381952,0.3102628499583794,1
0.29728519141394405,0.3628898319584255,0.6128548705694238,0.2783578295538554,0.4621135145563645,0.6931936435544791,0.5129568523446311,0.7244962499194479,0.47867612119480357,0.6122273688938944,2
0.45787705355240405,0.34039497228727655,0.32587806709622824,0.03681445236230564,0.5834992199165961,0.8415271251392323,0.6165363723930629,0.20153388791238688,0.8059295676997161,0.5241662449036788,3
-0.45301950778156597,1.550519106245486,0.9705840300234607,0.697388136980479,-0.326428287919695,-0.252411772413597,1.5263046959516129,1.1961062832409906,0.14462335045629537,-0.7902273943765661,3
0.3797397314579358,0.950018963428416,0.7598006867603726,0.8451024362960873,0.37610571735237397,0.25778545480499604,0.8908221337169508,0.07736120991572606,0.4601763052585883,0.7588739463558732,1
0.5633054091914387,0.5841886176566169,0.6136570255118782,0.001218504313461044,0.47185190693560497,0.6440691598099701,0.5366142670821528,0.46747551741582316,0.9472084911014005,0.678051162765535,2
0.3820212557776582,0.8478348467297201,0.9302517216076098,0.5060402851943655,0.9310391881486441,0.12622928633920824,1.0120242381426925,0.8806550245544806,0.5877317854961044,0.012236232031755098,2
0.04299408069379515,0.8089186010296032,0.7030300037770011,-0.13398020182181497,-0.09303810229195297,0.00560192361380199,0.8417057087002886,-0.059032161243207426,1.1766808157201365,0.28109350365729596,3
0.36927563103723376,0.35138124181343555,0.431115110982615,0.32453974334999103,0.5335500548651102,0.644717182370314,0.8088493026853765,0.31750708468733546,0.46753411727998845,0.48616103378862796,2
0.4179953123893312,0.21032646103829347,0.3971429994383405,-0.0867718348759674,0.9079016413995681,1.1091527257234441,0.8939737547667526,-0.2953793502008171,0.3993142955482631,0.026322286013720775,3
0.05697776401028826,0.7771838009214909,0.8418696455102918,0.21457677467789904,0.9853738528286411,0.5327283427028418,0.6901759594761021,0.4608427994337445,0.7208818096347824,0.5083475349595241,2
0.05477312548266244,0.7738439789176911,0.8462434657854359,0.21774790790262522,0.9864475441523466,0.5300151922586124,0.686002012725069,0.4627097836851512,0.7151435001820595,0.5072299702872499,2
0.4478893691058247,1.142850491263763,0.7184911144300042,0.35408287900827584,0.5892605834243115,0.5979996658980804,0.8589669606345379,0.5539508726224496,0.3705932729626102,0.5268742481518116,3
0.5592624943129345,0.6966590002037528,0.9294997529838056,1.5317224684587698,0.4157004745572512,-0.22109395021178868,0.5235921097808632,1.315914298482351,1.179005058365502,0.9328510016956703,3
0.31603714865362376,0.9057056398746457,0.7058750333878975,0.42834654665872757,0.7473623595826729,0.5825189096449489,0.5973736734280171,0.5172828175847397,0.21868714915071105,0.3994473252700852,3
0.398555512374943,0.3646445556958775,0.8263331372863227,0.4073889016579479,0.6814410896933105,0.16734630537530207,0.8930933633542842,0.6760183787527828,0.6089606169893277,0.14215297646675804,3
0.8770464068536705,0.7667358115440865,0.6254061019273852,0.5605981593269184,0.13368756018237066,0.30669769175089145,0.18725915149675193,0.2370977950802997,0.35319393534868715,0.8739127050083983,1
0.42752078748256045,0.14450876673569008,0.3673548083479849,0.3439543922372019,0.5211285394057206,0.5631504519203012,0.33536312446198097,0.8621105723575601,0.2132505777685495,0.5776782729298388,2
0.699472257434105,0.43871812567508406,0.6152190574315312,0.7405173190138972,0.5676073293250145,0.9368440920474629,0.6475270452066685,0.3132419184342802,0.18084623342112613,0.47740084736754296,2
1.2630506070645335,0.6785145700853095,0.7489820030103516,0.6435669375169025,0.34636185513362233,0.6001428943686411,0.31000348480656903,1.3314217325201003,1.4026062915691604,0.8089986610735453,1
0.2975373232454992,0.3990461916579477,0.5622115988120373,0.7397771986561296,0.1327890637811324,0.5823136540816674,0.2260420619402597,0.5295207790416445,0.2417522732336751,-0.06380932755000163,0
0.21395631566516723,0.3833011708305693,0.36696633858475514,0.34074408138643353,0.13324938641449446,-0.1775695295730883,-0.12528532162914038,0.9077848126098875,0.2598756886611163,0.8162735274035049,2
0.8174685903980742,1.3418047326796856,0.18581489251566752,0.7890575731674916,0.8985434093184257,1.026257924821322,1.5668259208595074,-0.634174416325723,0.3900894308118463,1.4561184971443826,1
0.8888670051170253,0.7573085473640906,0.47137004209299926,0.5014991047139813,0.22658375031184924,0.2715623981661903,0.17866631613896558,0.16009242673858437,0.3997076771509874,0.8477362072147527,1
-0.029549876653313434,0.27990390456933273,0.5832287902948561,0.06101314770929063,1.001160114015894,0.5748809271005856,0.8150590470977643,-0.054371169268759706,0.8253982484060345,0.05607106949812035,3
0.23916174271441068,0.47175882547830467,0.986344141576445,0.20633726047860465,0.1880788764418173,0.051355135124435264,0.9550622283591144,0.232158060363474,0.967358805248623,0.22793215541317202,3
0.3426909620477623,0.9004807596001577,0.6917753345292323,0.7879125521174083,0.4153800185570406,0.28390207016228886,0.9255483331601086,0.09209315725239853,0.3872954099083226,0.7055735090759739,1
0.2739702587800046,0.9654172001783068,0.6750783884504449,0.4755808200791993,0.7703865967514223,0.6392746163454077,0.6216212716656414,0.5257765442695419,0.17679487525930965,0.34298777701872774,3
0.7207740805047973,0.4428472620419485,0.5780080862671284,0.7904331955078842,0.620325970370571,0.9744074678115081,0.698516159929048,0.2460954955765016,0.12988570807250632,0.5235626139177635,2
0.9029859470659438,0.5932872666312701,0.27730921439918865,0.14732226241864047,0.06218959886700538,0.4639871917038445,0.4078621070937665,0.7783450137119619,0.45844216977740476,0.31051808560853084,0
0.6370122324873934,0.7272213733814265,0.0948490788521712,0.6631261552610206,0.01547084320683037,0.8492263365076147,0.23650803968789508,0.5415731970617363,0.26773224288215725,0.13722601585536148,0
0.147905031572077,0.661129650182652,0.9725585455021488,0.6063279319069688,0.6944488522988839,0.686009469865638,0.41115913813381083,0.502294603713465,0.2932173037740531,0.5012916010536025,1
0.253555764991822,0.1882589979024324,0.4439266845390024,1.310598017723554,1.1618377014765675,0.5019525425022342,1.092854517269643,0.5326123186421808,-0.031858258652258886,0.9856102083171071,1
0.11922095856861722,0.18510548691484108,0.1671317115377223,0.22034064268762404,0.31114470875614714,0.8983893184025086,0.2723642578228516,0.3243670126065,0.6520290254529952,0.5396592472730987,1
0.09397202892180932,0.43039522840441446,0.023094550546072245,0.061641420224052,0.3329513841151889,0.1212134896970868,0.1828886651188064,0.2528290874475848,0.9431189439195853,0.26311649981158275,2
0.591296119467531,0.7344263533669599,0.6842405835825898,0.8710789748230288,0.8650724533920606,0.44636383799684437,0.2167450019722759,0.8779316061103218,0.9399703160733159,0.7699397354633681,3
0.9432203030073105,0.7197290957269254,0.5500384034284503,0.48454558503588047,0.2899711946300054,0.298943988343074,0.2512391031070142,0.11384307303598204,0.40399583122995986,0.8732985083542607,1
0.8365633034121684,0.5712378048190291,0.6699944984828483,0.43926353092200005,0.6590604750183607,0.08656162219418623,0.7625851269754169,0.46429755363281483,0.17532744504539408,0.03829457053489814,2
0.6037172979811196,0.7576204116879361,0.7368859287171955,1.2956818870937343,0.8214837471594162,0.7723497466663344,0.0754272142862496,0.5495782384894734,1.3852588533145616,1.237811274228829,3
0.04970294122412099,0.9418724850699199,0.85153325409129,0.818449495953773,0.18976023059486502,0.2444947767479646,0.9952253964507736,0.5161522888855721,0.6941236112430769,0.026728003805092833,0
1.257044908148201,0.44869469897472636,0.9229078205930449,-0.609443680717711,-0.5667293790834932,-0.5439444611382768,0.9284491038326759,0.552513772678954,1.0236717422943034,1.3796936188787048,1
0.8715155546163948,0.5259013404615017,0.7225126355246808,0.5083290884760229,0.7066327193704711,0.04090045410123358,0.6996896920507727,0.3480813983361747,0.09656426785578776,0.014154969419463793,2
0.6618825434831666,0.2740742399856654,0.9317300546489462,0.8771293691822465,0.4858375148048667,0.04750076619239109,0.8395832429130571,0.20499416515896027,0.47764150781140624,-0.09491584091830202,2
0.07208267121061877,0.9421413638715678,0.6766771540291664,0.2888667422164547,0.9266178609670578,0.36576411478776893,0.6104778276165552,0.603472801281975,0.6706456851990501,0.71983881867831,1
0.045649913572789025,0.7640801896772412,0.8529596931430221,0.20770920978524654,0.9882818101011589,0.5378140403633985,0.69327904904029,0.46520254594901406,0.7120449337977839,0.4999817642362903,2
0.06567838872642545,0.9760783134094954,0.6535148876488679,0.31415618113414545,0.937633575548587,0.3686424526088337,0.5909315728519331,0.608888265683008,0.6404766021689484,0.7072896481764324,1
0.7267120334761052,0.702710611765649,0.2937748256920614,0.8340883225101526,0.22224931787522692,0.808546517504705,0.15266012018304645,0.48665173470250317,0.08055294499724677,0.20913885206910893,0
0.734133449438989,0.20989097597258907,0.5180678512774014,0.42710061734302457,0.060560143967785605,0.2044726879600965,0.16383964187506647,0.525296008310912,0.5019110434380513,0.7260949851493451,3
0.9632355008041142,0.785557351223816,0.12060387414707657,0.5715767299644924,0.5690715611241155,0.7495488390773373,-0.021014400357230636,0.2292142125085282,0.2125733044497736,0.018978700463925136,0
0.657574719083425,0.4491970794926751,0.6336282172075993,0.7634353460884135,0.5222731669458557,0.906716942237312,0.612519824849324,0.2813885164326577,0.1466706033761605,0.48390967967823834,2
0.2556464762369746,0.3071492119034086,0.16342328306145693,0.1746736500365984,0.5168298557515774,-0.024364455057196657,0.2889657624048875,0.23469573894692125,1.0790445655411736,0.23162780802380162,2
0.27967689440036886,0.40326370896770003,0.436906743858675,0.2923890189236339,0.5993348967901062,0.6770301198998598,0.8530607314904467,0.2764596052844771,0.38627018491783893,0.5112302920049324,2
0.9277093327558213,0.4676353774618775,0.02888551356607983,0.9841083436178985,0.06455464564663103,0.12350713166519192,0.020335052128588497,0.9028580898301993,0.794224039462017,0.048462176294187115,3
0.05443646396530576,0.7718943135015871,0.8471900078861174,0.2206268788042153,0.9912663541959867,0.5357105001292323,0.6809592361845396,0.4614890431439989,0.7123432656052214,0.5091725276153102,2
0.6362238570382222,0.9617931961895397,-0.07404148852225678,1.037978237310906,0.05573758854233654,0.9715138711677709,0.34437019908178435,0.17002551739461483,0.14189600815355774,0.4521202473054279,0
0.5921739418144053,0.8604353637802774,0.8847917136484397,1.0115128837250222,0.692902431298375,0.45629822618057886,0.235328212974383,0.9003803092629309,0.9001589551626054,0.7461217007872357,3
0.5211617224042687,0.6077255080737893,0.09760020486723914,0.6733295340688523,0.27727586244181834,0.8569355888846649,0.0353846113205104,0.36927050659448535,0.0242143310836654,0.38116878783847735,0
0.4360747985726648,0.39544262963797816,0.07175922445902769,0.7202338425241323,-0.04549975792490413,0.6443161974660943,0.21082391776235887,0.31885242611993714,-0.022178378301286023,0.36080838292917833,0
1.9408061866468356,0.6408353118432398,0.6331843333305277,-0.07591250346851308,0.6990941735720857,-0.3999050855143166,0.5055391407068934,0.5398040796975345,0.31436920170699706,0.7266692445901063,3
0.9271327223002093,0.5251119717507114,0.038842488076879275,0.9793324163996424,-0.0013571711849992077,0.08082851734281976,-0.05688753246045303,0.8078570713625971,0.8470174547429719,0.11556043450800976,3
0.9182083908959611,0.5318823835986175,0.1626838273222863,1.2077781807410686,0.6405357961680981,0.5048927969111012,0.7489094515258341,0.9303252830207273,0.24179524076452613,0.19218743798078614,2
0.7819809485732875,0.8067842235840806,0.6292164584043766,0.285584194126223,0.9310360037631635,0.9912824723618899,0.12130989309128708,0.4583278429258224,0.7169464847749429,0.44325948136530935,2
0.058259234991979894,0.32816756434143457,0.48185457561661976,0.7194148525183452,0.9424439252928605,0.2840712130749036,0.5470101560367653,0.9135270227649271,0.45243938017914986,0.7444728049985341,1
0.2651982194117368,0.9675704130611426,0.6809858941081169,0.45806712487251144,0.7996023355750703,0.6454324709123884,0.590331629037425,0.4948378045148828,0.15871956908061277,0.3595673687234093,3
0.49384702015043574,0.5639008950869423,-0.09446990671518093,1.1463342298714498,-0.09686488475978194,0.6408811281638276,-0.00982598038055739,-0.11746617982084029,-0.0640021637924546,0.5494626533618012,0
0.2775147585795049,0.4227330268037937,0.4566138448527288,0.3112598461952977,0.6046351799718315,0.6984774899658022,0.7650493269929671,0.19032238748298844,0.4696635711803436,0.44111197426230236,2
1.2444301431919629,0.37048119876235436,0.09256549325263555,0.7300737389925139,0.45250833151165804,0.49457347884928154,0.3485796748806092,0.6831959112151149,-0.008977574508285256,0.14208914208763396,2
0.4940176043293672,0.7728750888056645,0.36164297679007473,0.7145115147190743,-0.0009692236772353832,0.37556225020693823,0.6353933015770729,0.27493352288456063,0.28338427483302,0.1284221849779637,1
0.29331588125522634,0.3152800053897063,0.23950723914175004,0.0186870500898933,0.7814063558163864,0.8467196061089997,0.7608192419561002,-0.0034307283814182313,0.5835374233534502,0.31366040499375225,3
0.6967468245915649,0.4872776513007504,0.7703734667303017,0.36387040188481223,0.5788610854396411,0.23112725111163673,-0.16411495110219493,0.76886513476752,0.8002278011709867,0.6671696549557478,3
0.4716525185966047,1.078912250015125,0.8001604191368134,0.8392901999283136,0.6136240110889498,0.24738885069524222,0.7844851760007947,0.24921559908575602,0.4559705054130801,0.7483721302681399,1
1.0219083944947989,0.4733788546512558,0.06915069638145313,1.0534987973430425,-0.03645633072330272,0.16542486768574996,-0.0690864223775992,0.8119813402812642,0.7620955344897187,0.038483382190249736,3
0.9306143368006476,0.3889427111762742,0.4037229999209353,0.6742068884413119,0.041495214252264656,0.6580105340296214,0.2698415197061653,1.1698176581431698,1.0922207301578368,0.6214577436988594,3
0.2807880771783274,0.9742333776583418,0.6278433197790372,0.47306491880506424,0.8243636790335446,0.576315646625502,0.5671089907456476,0.49238201186395514,0.13615558030073838,0.3886659449760578,3
0.8346666542568166,0.905413201387651,0.7145395995440538,0.33774241151606693,0.9396236487231946,0.943300156445061,0.1062601626771357,0.38191028248954384,0.7237648971103576,0.38783570494882474,2
0.36532238249792304,0.4375119638687575,0.4607416246438094,0.2643073275406095,0.5631555257164501,0.6694853794450386,0.7961204421707455,0.21352406218277067,0.41400874782141206,0.45930730469245823,2
0.883559771358488,0.7699367638202347,0.553480461768011,0.464396070183107,0.21687273531117343,0.3141957882939649,0.28178551869912755,0.108884523334003,0.4071977791249524,0.8650560647582184,1
0.84664825109469,-0.021635081402946246,0.016072941081928676,0.6162670851169283,0.9508485318917137,0.19249279404983824,0.7041861009518864,0.6054839500617758,0.6018416177372545,0.6288510439555511,1
0.8279603001702729,0.3726292358760054,0.4734099123747344,0.6598657458133232,0.6970403690951398,0.957136500649375,0.5880783596259095,0.43001360981930664,0.13210382124263692,0.39163873436255237,2
0.4485477654353472,0.3845466756249029,0.8548893835257818,0.4315594356973179,0.6612256390803962,0.13843904061981877,0.8341538863906763,0.6515641915733841,0.6753684907790639,0.1683247544837142,3
0.3724346798954645,0.2879892923350879,0.522419158876948,1.0684659019243006,0.7515921700588251,-0.16627011777058,0.6568963753328777,1.0539702957567818,0.5357170885764944,0.7674864489428865,1
0.658285401298315,0.30182672976415803,0.9415205379384831,0.5041804720851469,0.4967163920387677,0.8875559891856248,0.5620799380909107,1.1471650594059266,-0.18437410438484775,0.5806398857171621,2
0.6063783517072534,-0.09398402499596994,0.6312304484625952,0.5457063193426511,0.29232909242081,0.3091206860634864,0.3340565318581859,0.9260930357584305,0.45646532043234167,0.7428806627115102,2
0.8061516057325614,0.8680463281509594,1.0610747159881728,0.3424405181767246,-0.03662555525754768,-0.2911773324653468,0.4417572042230624,0.5471336937855799,0.5976386304361027,0.5032654381675805,1
0.805697397318113,0.5570041044577237,0.566669263669337,0.5539993187370789,0.07535220981094783,0.3761588200720665,0.175060384816339,0.5438423247370182,0.3905062326852107,0.4147274641945381,3
0.5030988634848458,0.3937319362692021,0.2942867147626138,0.2774263104793514,0.7910432116016008,0.9033494698942544,0.6935064846834118,0.2647708204089181,0.4435242918687307,0.18602025684500842,3
0.1664491359515392,0.6186620642416433,0.022813240938228327,0.8838642416724378,-0.2984800285896571,0.7289326352689004,-0.08404394230931392,0.1747702064632356,0.48303197474412574,0.17030006015948676,0
1.095630893879395,0.6787740040507253,-0.044298374898114036,0.9072570886570439,-0.027602959618683462,0.04568885496369515,0.1857114804598094,0.7327072136329693,0.7498870040163221,-0.008362993038587535,3
0.22454776035310564,1.0165254168780293,0.7169859895493187,0.8008918154537544,0.665943560886432,0.2215444867190572,1.0196928589273389,0.7998179705556694,0.3185167456474843,0.2072570923831436,2
0.43133794356920463,0.8813740691839591,0.7611514661238615,0.7987916405180782,0.9118545177822468,0.4282410167597882,0.1920084385018121,0.8690163254275209,1.0257953233691701,0.9065221754390627,3
0.5590201551777373,-0.061046095298504355,1.7252445472744842,-0.7217642586488622,0.7666428442469282,0.11845084836327302,0.6493752883337629,1.3369260507992726,1.4520529658837467,1.0716404637150019,1
0.8662727170164302,1.0336811637446328,0.6875799197326264,0.5648899178921687,0.7601403365506632,1.0205120099817897,0.36356178312076554,1.338161154101831,0.8218041149563973,0.40861050703752577,1
0.09075401485678773,0.33535594136499575,0.052132705811287504,0.09669158510458012,0.40781263061654877,0.061399786738805376,0.2082978442094901,0.34283229124307907,0.8758826875713565,0.2274973715822528,2
0.0698245278936208,0.933567954751785,0.749073753581794,0.3305098712112335,0.9724507203426112,0.3625573839406932,0.5713013186239818,0.5730474791703434,0.7378126469783599,0.7359654920031167,1
0.004841684043198541,0.8646212698381589,0.8198816809914518,0.3856482455627144,0.8408850499857948,0.516489052678013,0.5172287578306012,0.4667150546836747,0.8110224913254585,0.5967426335317279,1
0.032288944621927294,0.9171003869865473,0.8633373299489079,0.8323053599963569,0.17857886230787742,0.2763533259063612,1.0264752758761462,0.5735654806827974,0.6751797178865548,0.04382059705795092,0
0.9583567578237384,0.7196571180484826,0.3203290288342631,0.7539545398228992,1.2937163882982987,0.7665358391248563,-0.2885515291123073,1.3352002160367071,0.4953086684736535,0.6160682479427736,3
0.31589829965570226,-0.34245106092364597,0.8521511751779939,0.27636798944698093,1.4355049371483548,0.25046451871170006,0.8073935674699462,-0.25573228233279477,0.25235065352444597,0.5931457882040536,3
0.7794417737587268,0.563092357050435,0.5632568991422328,0.5871795693225086,0.08142803171526607,0.35999149076358206,0.193593343906207,0.5252887997264091,0.37025491295566637,0.41453097368217035,3
0.11797900419161278,0.6611346636946578,0.6945961833376121,1.031051025468641,0.8844451443720843,-0.16447657048942074,1.0070988286932032,0.8339238270984664,0.42889873017387464,0.812567607165886,1
0.2837467174758845,1.0195583869368074,0.6225754378836856,0.6870441574449735,0.4606458348287824,0.29454915885753985,1.0185286568592573,0.16108887355976514,0.49977819893044123,0.8051189369026129,1
0.9932541951190899,0.8406613566373813,0.6035649212270764,0.6345241999344771,0.26841786523551114,0.1157415649156183,0.21064283594992408,0.5455036039796399,0.6034810179884873,0.5581914978737226,3
0.6982869002087051,0.3791839301439742,0.5648954774393413,0.6622495212897491,0.7900054099619972,0.22982350289581716,0.8856784108169646,0.4490404398078219,0.15261640697719822,0.1641079958113899,2
-0.03570806550897662,0.5399843145160953,0.18605201762294934,-0.017668485573554105,0.4190621748326888,-0.072234610976279,0.045177256620475906,0.07811475153774788,1.0677185901003567,0.22005479285555773,2
0.1888391304517553,0.8426949937179202,1.0051977486607409,0.8279006024933201,0.26830868324715007,0.0529039615654765,1.0886266063472136,0.3468458910632566,0.8953421496491243,-0.07748675722997644,0
0.6127968012483431,1.0763816357688476,0.6769827482843913,0.3024715092549145,0.4574178809630255,-0.3865281558616938,-0.1926061111764028,0.7426608701845484,0.7218777064388605,0.7847914055376007,1
0.3698017723563626,0.8369221543280203,0.47881828000699,0.8115980040763991,0.024102687515437444,0.2796663072068264,0.6174790658426246,0.24194388436315276,0.14647560475887103,0.2343314679298592,1
0.9342524910304508,0.4023414265927946,-0.0075463049760538525,0.9831576203928429,0.16973384102882438,0.004551730585559244,-0.0718007060554577,0.7857527174813709,0.7472438569161752,0.028472928226805694,3
0.7939889720857173,0.8577739557329368,0.6573215490631705,0.33375524652600996,0.1472674474572263,0.4096743311755159,0.05589586320592696,0.07917339427687506,0.4455331289665665,0.8042491602309366,1
-0.027391706123456427,0.17437075766739857,0.019793425429735667,0.2555280187351205,0.3974157737159799,0.8747450830998595,0.38456114894713017,0.5111445046469054,0.5962529648232666,0.3982149949813245,1
0.4747641550756048,0.3289091667888738,0.8193227253874329,0.5229136085720147,0.658877889215524,0.2560243412295229,0.9199878449351868,0.7602169316602453,0.5465007991088936,0.03880782494211117,3
0.6875169001849581,1.0737443965105626,1.3687206018565807,0.00010765042145086112,0.7496313435450844,-0.5089948441255,0.739731174495266,0.4008634464027242,0.43086873626673095,0.4993319159274025,1
1.0275685634974092,0.4602839155188603,-0.20460758531645235,0.40375666166634433,-0.04008135148244035,1.1987990080977928,0.4219326079135469,-0.07467708509510912,0.15187660001155567,0.5400085551197563,0
0.01514778971638836,0.6734998763212695,1.014069135592429,0.5385954199855485,0.7791713784530473,0.6004642124918966,0.45851038119952325,0.5287545323129139,0.3141263076237719,0.5661168534024671,1
0.09693850821475372,0.6986309648800203,0.7879953372977843,0.46981235286439227,0.8803346229329351,0.10897817012201716,0.5904059816801362,0.7436895005407061,0.6971424189401466,0.9829825724047008,1
0.10457810150449277,0.650283220030342,0.9485227015701392,0.617309528372003,0.7008249520128824,0.6239591416646721,0.4350632725991032,0.4462109139840072,0.3226931835445753,0.49373467250804576,1
0.4940590243443595,0.21668740369689818,0.2840148410068138,0.19070980071628504,0.3128632993657448,0.8047447216584886,0.9939378116276494,0.26888630009140263,0.4178679469009603,0.059417032231031175,3
0.38105573691908273,1.109805255809142,0.5378514086745294,0.7607901361422589,0.34078562578924254,0.5115352784234315,0.9326153466824526,0.30465320702141485,0.44118587906207457,0.12154987312159495,0
0.7155670856434643,0.39584513502752927,0.7028914896731777,0.686809721263791,0.6211205113446466,1.0404452370199744,0.5140285090419865,0.42110621682801885,0.3029609968152127,0.5027348080678496,2
0.2215424758335593,0.4801211491402991,0.29388941660782236,0.4792294338868516,0.4251845273192276,0.671051531921626,-0.09894708215914183,0.3176457589187063,0.2470702690521627,-0.10404237773937275,0
0.7317515754335693,0.5935586305239268,-0.0848528831332026,0.6201138978614678,0.029213654404701334,0.8565573527252563,-0.024765826075434677,0.5138038715095938,-0.14255019887977644,0.15979484040816389,0
0.36530351909452746,0.8504784808880439,0.19247414233916554,0.6356129952110432,0.6609288581117078,1.1734259054202187,0.7206597797729206,0.33676246897845774,0.7295786468573894,1.0497940065959828,3
-0.0937227911854584,0.4800361699041446,0.8545689901723597,0.7039682349460483,0.8568870560256177,0.16944008226551316,1.0770484073635544,1.0094654248680908,0.40919137887532464,1.1227440258860735,1
0.08685594215236185,0.9207607476093899,0.9176202847499888,0.8156926375240859,0.1847796560152604,0.22253470656056043,1.0240091215575537,0.6049533474589222,0.7107438370840145,0.022194394864689777,0
0.45960432837146314,0.11423580368370598,0.4915890654489685,0.2581149041401759,0.5108757947055551,0.4563060444221192,0.27436505331254835,0.7012033697022215,0.3149966532800942,0.5022815684440172,2
0.7785988342976964,0.835898795199636,0.7387057876899724,0.8373764440128829,0.9093094417123255,0.3920821747340452,-0.11566764673266594,1.334992673675635,1.414786114722423,0.46056547836486544,3
0.049899693208061466,0.9074437183220284,0.8202280640622674,0.757372983498645,0.20461377988275317,0.2531213335408673,0.9524123557640196,0.5694683905320596,0.6953995880405858,0.09234878387708997,0
0.2846314568833016,0.4545568275098325,0.4430692886025491,0.28710275102997057,0.5708942494914119,0.6855083686261375,0.8506130452812719,0.20405941106915512,0.3930770879804146,0.5281631580538442,2
0.005226506902545579,0.9462305426300809,0.6927873423585132,0.21324827317390266,0.9914380726698615,0.3344591778995805,0.49961463313537047,0.6444302959788666,0.657211066225326,0.8291788951301452,1
0.3957289239638095,0.811187915839813,1.0456060238328349,0.7976181438929971,0.8171328111384092,0.30786112228232765,0.8573954941675644,1.01980080472308,0.5994267367278501,0.24948986839685022,2
0.8685672207514886,0.5249951177018305,0.9330300409181553,0.343568727550131,0.3971032050699981,0.37452231708642525,0.6792411669041576,0.6462455171107145,0.20997856614679344,0.37382730422953453,2
0.38290380761810894,0.45280019558929224,0.13411759788267702,0.4884958815483353,0.27349880892724243,0.11178939770636317,0.0789213692876511,0.8011250257081522,0.08051532748238571,0.5724473209784988,2
0.43709131668564055,1.6444628141154578,1.5457693856354342,0.34832943408231715,-0.16194015196782618,1.1541443233713609,1.3014439295730025,-0.5563512497988925,0.2891227964057383,0.48042415149563394,1
0.1919097432965335,0.162534178284238,0.004563746858165019,0.4880152087081456,0.4969576265404183,1.5479374390709606,0.678803174018282,0.5930894686498368,1.4202792643170854,-0.2875288677307535,3
0.38867873637314293,0.8528035315768779,0.4766978054470438,0.8014554564194589,0.006216421799600491,0.2631352012613485,0.5991805979376469,0.2605579422876282,0.15356352255469521,0.21651056972779312,1
0.31946850042781805,0.11539504602519611,0.2358761079529839,0.06703695625170045,0.4768814997811167,0.9086116509720064,1.1785278467742641,0.1940703393517296,0.3256051512370952,-0.04239723106389727,3
0.6729903177687648,0.43587048263609274,0.5845472601249229,0.766247080095057,0.5844621020726841,0.9077985782645183,0.6224335431702598,0.3163150278890533,0.22497463649977553,0.48412072288458236,2
0.34217388503966395,0.5633193110732576,0.3083827051726637,0.8667286549091857,1.0240943781863343,0.5886921600246163,0.31998962390890157,0.6300479322906763,0.46937991636894083,0.2939275537116303,2
0.36885456377366777,0.09509982517643528,0.616167037217048,0.1274805938789044,0.1664339955459225,0.6952170355210154,0.29884415398678726,0.29813502985150375,0.8857825261087068,0.2389619305110305,3
1.3140804124942105,1.1616626877073475,-0.3140664402035439,1.3617588595484247,0.3508593476161465,1.1221083621300005,0.3576535176724521,1.0209485808814798,0.03357132496576405,0.10281320295607714,2
1.421688909355301,0.43043727072700344,-0.006326737542530297,-0.6448312665754485,0.7465137984465269,0.3846695030041254,-0.679659559398393,-0.29039529743936976,0.3437140317858345,0.754213044894211,0
0.6277566272634951,0.7839088839480053,0.2391016351011434,0.6948716320669307,0.1284751229636639,0.8720670849248451,0.0019387085289403472,0.4463438145589877,-0.00583948348487251,0.34965509130376904,0
0.6381621245734508,1.8209527773495586,1.6895194954746133,1.429600896173311,0.8417784494292184,-0.1273737563051125,0.4667921848428539,-0.008442936486546232,-0.44015643289612916,1.0993737252527604,1
0.7652627308292153,0.6689134743979973,0.8013308911605654,0.05108463838776475,0.11696249920099963,0.04754382496634666,0.29443707779112394,0.940409994525981,0.8975081251402918,0.812729159192682,1
0.07743983209531302,0.8287615935643342,0.4608697565517271,0.8231358706554142,1.1393116655906685,0.8858202129385062,-0.14810136341211555,0.5591523037018289,1.201422573243746,0.5597052037246728,3
0.7834886216318592,0.8283726462748379,0.6317573888294008,0.2652200300550078,0.8904763256330734,0.9817995050570695,0.1457770595655558,0.4133012787196993,0.7172368905196957,0.45839646740611467,2
0.4216412055782083,0.1893658186918288,0.31792028657253923,0.14072269281419744,0.3998795058347063,0.8411197384102159,0.9748383020355056,0.2507207531859714,0.5008821769806701,-0.010530062265393145,3
0.38290475652484995,0.4913104899180254,0.5681974481670955,0.8760602067938087,0.3530738000014291,0.6558644055907086,1.1541216265015797,0.4225391518609879,0.28754820750342636,0.4680140117508452,0
0.9090856660266409,0.7343880132347781,0.5269998101934419,0.470272774457265,0.2745870076782129,0.26480577497760566,0.23177783667247376,0.12882365052187178,0.3788229516158228,0.866719939189012,1
0.1327688791514835,-0.2226222832599264,0.06767758902644576,0.18706557593043438,0.5553565460588806,0.8936928862565987,0.10775969517522024,0.751956891909416,0.9008438815719699,0.4915120878083192,1
0.010390697674464995,0.8781929802254691,0.6462162283268881,0.24251104777493335,0.8822313236751324,0.5013920530799295,0.6370425540030711,0.5315597866303957,0.6639021208404678,0.707334815549096,1
0.301879134585594,0.676247536811346,0.5010982193555987,0.5808396420120245,0.4582721040606183,0.5998766662078938,0.8099305394296052,0.16298494370076144,0.008239277839536041,0.7160524098456289,1
0.5901870311494984,0.13755265417961166,0.4729240541850522,0.2707427176175341,0.3998463360907342,0.45281772173368984,0.30298983043968436,0.8437250628213551,0.25407147558822246,0.5684343518714373,2
0.830430383892069,0.5498466648739753,0.52893651058633,0.6123855164659489,0.04508348893752284,0.3659641384070962,0.1949631378930289,0.4878117954443871,0.37084298309011243,0.44530645642734107,3
0.18712769435863713,-0.25758480648627585,0.35872461715043563,0.6521065412131974,0.9245065315837053,-0.26885596078803636,1.128115713128641,0.6986340615978426,0.457768345188876,0.7064087172097191,1
0.46905839973771246,0.8351870204797145,0.7986749797910269,0.8467291673468537,0.8644214147187403,0.38036200474778964,0.23249382017379047,0.9596041644083276,1.049858963727452,0.8311057348683653,3
0.3900520339306745,0.8260210219406231,0.507220661156379,0.6690298267519571,-0.03364880855519812,0.30961402776178976,0.6106971393840006,0.2931316954639854,0.03425066414602061,0.1933445489036827,1
0.580828396894195,0.9940158986174811,0.32912959296378613,0.5461363573650483,1.0112530839388838,0.5004885364701758,0.9333231336813034,0.13266789560408657,0.8998267636357398,0.8140431979750664,1
0.043258132802344376,0.5007240820668891,0.5908455780583253,1.009944657779116,0.9342988118414393,0.04481957144593304,0.8424742085497998,0.8964222640726758,0.5524178965615373,0.9535845313867742,1
0.6823715869298159,0.8463738025057403,0.6521841034062117,0.20653829026601947,0.8776672381185754,0.9147445016733078,0.09665601805839255,0.5134687350414044,0.6873380343106119,0.4173235219900753,2
0.35596599421967445,0.8555838075925308,0.4757085759133476,0.7961105576266485,-0.015487855312487798,0.2590248614212603,0.5646663231173448,0.23608896059501353,0.18833412118702178,0.22439566946435327,1
0.4145615519299587,0.8978488776935669,0.44982211075815176,0.742966352273748,0.04143475382846369,0.31332750827643596,0.6476029833772303,0.3257101524650206,0.17800486752325193,0.23387087659605466,1
0.4235072877890197,0.5622820378720137,0.39647155886788266,0.14345376150794095,0.04438043884377065,0.6475065104147449,0.03154038551197829,0.6321449738486484,0.9305160504252393,0.1598135051738929,3
0.4114246103122384,0.23644801304938656,0.23862037967568078,0.10846782721195125,0.23975581650439853,0.7997071640693182,0.958825314201759,0.16838986527768127,0.4806245386773832,-0.0498746015043416,3
0.5103022276096327,0.014855102190501637,0.4178833861026914,0.36660416818838315,0.13354846397697515,0.7722158713159284,0.19349089978757283,0.2566874680102605,1.0081700908100015,0.40260052358532417,3
0.6067331882307566,0.9497159818910047,0.3092217538698934,0.5694538006955353,0.9847386633249148,0.5008207194340778,0.9559705349887478,0.1404063644593668,0.8940448127522903,0.8310542335387826,1
0.3149974914210401,0.8968629550661793,0.6974377858870655,0.7990487497091432,0.42419309937510674,0.3005752290946479,0.893263969191998,0.11451646668590597,0.38915405175062934,0.7328216845919358,1
0.0543747352555397,0.7767404434760506,0.8433541029424995,0.2043143996097704,0.9736426079975292,0.5340701458310307,0.7003705359070692,0.4603359390368036,0.7143056417403053,0.5081390793732063,2
0.9347619739358508,0.6894330895439141,0.6814082640974486,0.23714819460438874,0.44118041275090214,0.4593355589567059,0.46089052606739933,0.987799344551395,0.6384764225325027,0.7976540444337615,3
0.288002599311534,0.3924108777000983,0.3970161419344741,0.5171737951739905,0.16382751303813442,0.5226637313909217,0.14758711267446928,0.7465687453384516,0.061321160210959125,0.7870979290284537,2
0.5508941503614445,0.9687661166260696,0.9448356231163777,0.9720910260576066,0.5119277351631487,0.5045299367402282,0.8561397797441864,0.09888433007330509,0.6078565526894363,0.7775462804253452,1
0.37991916516399776,0.9354789660841595,0.43393665448747143,0.692444394845117,-0.09398069909145527,0.3094429256177827,0.46532263082841885,0.2426489274685158,0.17566889353113674,0.27968551168380307,1
0.7829729289702657,0.8190395199047719,0.6642098330563729,0.30768637662366766,0.9153924853187332,1.004561678860994,0.11820682299488353,0.4564130628711494,0.6784148060019138,0.46030200623108564,2
0.8631881178679934,0.5546225353779721,0.6940821548195681,0.031532535868332975,0.2076960632272702,0.13559929333366344,0.3432462084329309,0.9643254223444495,1.0477620541592543,0.9242113039501479,1
-0.11769364167052218,0.3278563591816277,0.4051111388092909,1.177911712892226,1.0983576126671004,-0.19393508792387137,1.0240634463548826,1.0421725765763055,0.51099907201448,1.1103754716885013,1
0.6021493201568237,0.931607404966209,0.33094019785088374,0.5491125517372604,1.0110380771666925,0.5124976301467437,0.9666072029784573,0.124419065511037,0.893272179854205,0.8470362144253243,1
0.7365793695103922,0.7053824676704008,0.9367627441628588,0.14332386830872781,0.18694269438559918,0.042266938457301055,0.451931263248576,0.8386805906588972,0.8004973612717488,0.9249140356485753,1
0.7400288389604195,0.6426283006718586,0.3437378611848608,1.143522479860166,0.3310182764749372,0.9896174448444983,0.3028346184538997,1.0883688715344995,-0.21310013313425144,-0.2190448623016501,2
0.7787610499283831,0.8262762308748521,0.6053219397958763,0.31210080599978846,0.9280949395069638,0.9876483018218337,0.1464751854267826,0.4435986895351989,0.6603824850791893,0.4798226640739913,2
1.2264211262419173,0.9092377973450838,0.07114953224357479,0.5267631847143202,0.2749127092367136,-0.19649384770463668,-0.4088982377087025,1.2938417967146447,0.7575087095034287,0.39227953609805577,1
0.6582278680600704,1.039100117091746,0.719944715151388,1.1034579175294752,0.6807988148839565,0.30405711155520104,0.19726923852868905,0.8808014154821419,0.8325988859150744,1.0628123566848848,3
0.8353714712192539,0.08159532191396707,0.6935279079778686,-0.10287963564000319,0.6093177439071871,0.8204379618845965,0.2966054462736237,1.143188525434644,-0.23153674543854735,0.423608805729357,3
0.5137205976422679,0.21177723562853434,0.32641006030719094,0.10579039172041342,0.4512963154932973,0.7657985035652963,0.8657635136797902,0.15864343295631614,0.38544392347988643,0.07040666858556399,3
0.24533530482221355,0.8440080168238115,0.8213089146789294,0.8880407723289931,0.30179934117455,0.16169667545957767,0.7741976309294512,0.051254330566014014,0.29048941403168493,0.7947046843644882,1
0.09562297888524751,-0.2922492188314444,0.46350820983147084,-0.22941667328950388,0.22879057970323868,0.9356582301371921,0.9854389998889819,1.0792580066715267,0.6500288829027961,1.1596181568757644,3
0.39579830725478915,0.5380124013375049,0.43060525988988513,0.5038313185127132,0.4684635534721155,0.9602877148286633,-0.04296548945202991,0.48892171082837416,0.4314526697808332,0.15855383783495952,0
0.7501629688471955,0.8254299981500441,0.6890181956537511,0.2363164756870516,0.980885149322257,0.9299375430207204,0.08751059274065476,0.40132504351628373,0.6909652115546506,0.3881281057800185,2
0.363287947757892,0.8483032373011827,0.4540858286464247,0.8144079976102512,-0.005633257338396577,0.2850996961634483,0.5827587276142768,0.26559546423984653,0.16017475860089536,0.22724750972660185,1
0.31361373160397554,1.1119474479725824,0.7161697803460398,0.631800834007034,0.6563655776336921,0.12728178668589538,1.0364793837984476,1.186764670731089,0.5196802286517453,-0.0614653912289283,2
0.018487861376336373,0.6722458694702877,0.8796051353081284,0.5573809295621841,0.7288811223774732,0.6786163528517676,0.36627146823702167,0.45908946862338895,0.40633265244717676,0.5581842010235878,1
0.6951233089505209,0.6242768965278822,0.2365492129952782,0.42275942555298357,0.11939407509778777,0.49997977851801895,0.2876448239574197,0.4572138877311572,0.5538792185182678,0.30029034621498746,3
0.3719358180474557,0.04999460944046545,0.20925257716601725,0.4562948145567944,0.48179379906686615,0.23386933015019393,0.18674577605837406,0.941171972254351,0.5731898196777344,0.7005709828357378,2
0.46302249736487844,0.5591104417368886,0.1633290263358815,0.5900658986889646,0.48713241537533397,0.6880620282400643,0.9577841818252806,0.8814102441053767,0.44438208750157754,0.2197780509171881,3
0.08428877345768303,0.9237793777267674,0.8125895130930912,0.8056591365676772,0.1717203035360233,0.2701430483220753,0.9676465463499403,0.5595364657839681,0.703673057461095,0.05094746712635538,0
0.12810233952550187,0.6122662160121477,0.8201730609512782,0.5302992619480631,0.623257007470723,0.7695345710152877,0.47116960562632076,0.6565771532072842,0.528890148721649,0.4354691068296983,1
0.09724478922868791,0.6670613932543735,0.937385160325293,0.6118917901070179,0.7173039439576357,0.635674245854624,0.417611987126652,0.44769337473691106,0.33779658818213926,0.4989964572059152,1
0.16769487966292523,0.09247522931072513,0.4687072495540328,0.7214387607861295,0.0912212538014768,0.35371555447005654,0.6206450589815775,0.8745042534504399,0.39388125405912416,0.44868774151828983,0
0.9130466446263843,0.7359306879879935,0.5237193972363398,0.4724382999978399,0.2743295052457149,0.2675651802185074,0.2258606645265123,0.13594529755745186,0.38210451922879285,0.8699672620559968,1
0.2522846788209571,1.1310991368147432,-0.14312212088127732,0.21711265037670316,0.7098022293011761,1.2498254198048049,0.7143573182024087,0.5625470751864567,-0.04420808085134881,1.1341370610816324,0
0.8009870049677521,1.1675738758464942,0.41138008368410345,0.5061318660020958,0.8997352740470289,0.499311118273305,-0.14415410072621576,1.152772566131529,1.077598456640985,1.2475008562691126,3
0.2665609118530298,0.39500982934502615,0.30047435905057224,1.3073652864298504,0.9359849443986641,0.05702387882303919,1.1584922860668436,1.0477684350039222,0.6474618423084674,1.3788824984847874,1
0.832014326472232,0.8531518815996877,1.2916469802819452,0.6557589729499577,1.2137196038348235,0.4659992330380825,-0.324890475914678,0.7795833905645795,1.3890832572602037,1.1588753324260592,3
0.46456505923072977,0.8877242780884449,0.4205022860481864,0.7060461569115588,0.21437648254927585,0.8563869029485087,0.33518409378808905,0.12291233120647516,0.6036406351589867,-0.02331471966675465,0
0.9237408974445281,0.44352152437512177,-0.024960838421545735,1.0336663212681287,0.016493811032774135,0.11583396590842197,0.019820243237686556,0.9082529709030172,0.7384111715665423,0.050572884500238204,3
0.0632686473887598,0.7798945659512132,0.8504901946216915,0.2207158005536269,0.9903766787062455,0.5268121051458471,0.6929875859945595,0.462036649905854,0.7161619870015137,0.5134001919557922,2
0.3581278310802655,0.8558095846582129,0.4490102788020864,0.7931234101957981,0.03740619778278513,0.2875754920137374,0.6328487049977384,0.2583691456817466,0.12141813857570449,0.25125889089787423,1
0.08267395811537781,0.3859777593903039,0.002994805821989195,-0.027296166069253003,0.46653101381903217,0.1599010007585674,0.20258258601482104,0.3902103881703949,0.8439827387048489,0.3417337684554836,2
0.06843382653771882,0.19583741971645605,0.2538724108712963,-0.0075815219193946515,0.33738276833616976,0.7548510453842612,0.47175715185650435,1.0500252444445841,-0.24518634350745244,0.21943848302949784,3
0.1830985107321621,0.15142099136109982,0.34956572400208286,0.7850115217532274,0.14455026519116176,0.4329118963618235,0.518181413294929,0.8523172089655223,0.4675370890795844,0.5088010235504487,0
0.33497262239977477,0.9249733852094237,0.8957604728012485,0.6195512142081395,0.7725202813201952,0.23148039894920794,0.8565540747323986,0.9085189921034037,0.550199592647624,0.08368582382003499,2
0.46113900979890926,0.4490591647648037,1.09941074955549,0.4618715151869004,0.03118363373483339,0.30574895147479164,0.33845473401314446,0.9720651095970374,0.6673560647004568,1.0540846401005548,1
0.4087696367174538,1.0091388134444812,0.7308118609075044,0.8357360464503514,0.4536524467335525,0.13671658339299717,0.8384957895231511,0.12155521519585792,0.33220278942718584,0.6943926633624405,1
0.6737854942023155,0.8910981771534883,0.28862168602836175,0.7010696676048443,0.5464192186560342,0.6334935494940273,0.11486339223067067,-0.050243648147952735,0.47940671316961425,0.05858897938354615,0
0.7803250821471641,0.4806925351488639,-0.023147253729522477,0.910564976506983,0.7686292968308792,0.45530962400664127,0.30705067758595633,1.2696257323535791,-0.025060458487695676,0.21347993783077368,2
-0.00025331264485356497,0.613883544635164,0.5352760397168131,0.9637827124521712,0.12118153510576507,-0.009069324446599691,0.5732871267428079,0.3299892752303244,-0.010871255925166357,0.6886060885969468,1
0.798012644563799,0.8367542593264428,0.5126571070912617,0.4188536132103278,0.37982491830261256,0.1919171641734833,0.2728811492795326,0.023159867086775435,0.39037787558245846,0.8785214982213753,1
0.5549516593676104,0.4211194069002696,0.5138918774734931,0.05623835138900428,0.3852563338988161,1.0885689729100447,0.7784942831770402,-0.08624696009499278,0.14859633346558293,-0.06580896575697837,3
0.7675013841309642,0.8411446917637834,0.6433242900450878,0.2839057806098341,0.9166184131081503,0.9971747052398277,0.1366390638577711,0.43184883359967063,0.6941496431187194,0.4343014786290447,2
0.7262629882246445,0.6207885073371182,0.6510612200858114,0.5387955067109846,0.16348682335830494,0.24472174593643686,0.2757449674443145,0.41669416859270636,0.47731131997288717,0.513613754652303,3
0.24229063443722662,0.43644050744196783,0.5845628839682021,0.24753775676361983,0.7101316197193195,0.9321271186703199,0.8619325869548484,0.10152664706415064,0.42958493497335576,0.6635493247848521,3
0.39783261618326166,0.7812336357740004,0.40812065315281226,0.8481235356349152,0.048600645512497945,0.3203725774646725,0.6386020255081698,0.31598311290479014,0.14726193026795822,0.2530599716132155,1
0.8747089800663238,0.5649825127083732,0.11654492518182025,0.8919673169334587,0.03389884921214548,0.056425669566346814,0.02800862779403834,0.9288014733254825,0.9131787405120846,-0.07071526145427236,3
0.6689530179832907,0.4374179567664023,0.49383768792314103,0.06938624773455726,0.5985881809620209,1.2741725810214797,1.0804541454958074,0.4304289628552155,0.8369388998169295,0.5107811313460277,3
0.7939241086925803,0.5215353028691857,0.5936526853707097,0.5742806746753687,0.05955640236301329,0.3808339881069961,0.1763718829937037,0.5545369649389305,0.390155063688963,0.388429017622614,3
0.9818957164673436,0.7261760886950335,0.4593793299201893,0.4866772053667095,0.21553146294856163,0.3027785452810563,0.16822721849107955,0.07874278266973236,0.3213330502499086,0.794614049436191,1
0.1231314310016089,0.9527506545070974,0.6227495414438264,0.231287522084548,0.9915582990210265,0.4046917876031248,0.6299246563754581,0.634585957227619,0.715248313055027,0.6582684704687162,1
0.7899405264305382,0.47973236500675476,0.7302662013422733,0.5177019995854658,0.630336184453052,0.07818637496551338,0.6672824823134655,0.436148384026262,0.07561846367438778,0.06551938793822674,2
0.2613801750495969,0.9327175128781362,0.6537335032367083,0.4781886221919661,0.7924316842346583,0.6324435065034609,0.6396637750595426,0.5381965636851949,0.18930233266953989,0.3267017871130533,3
0.4342386403190361,0.4727860529688849,0.6990093314505281,0.2381264106763316,0.18213718177583751,0.03900048550460569,0.45216059537176256,0.6233225562929852,1.0487465118526726,0.9037093311469889,1
0.8527983316143788,0.5815393034082623,0.7354459942397711,0.6810501568613728,0.33913974759692456,0.7703696056816822,-0.2544521401864045,0.22072204023511366,-0.29616318917843254,0.7383251084936138,2
0.3085310310719432,0.614180993068302,1.1481859661998826,0.5638367970125304,0.15243400198326293,0.3798612557613087,1.3862050955032115,0.21726981467779463,0.8416451275364493,0.10927341442920391,3
0.018984877059490438,0.8587813922865981,0.8808575100693157,0.42296953631020984,0.9895922899681182,0.3620230473921974,0.44316463134752976,0.7135327417785304,0.513192674114487,0.6821979472151654,1
0.2556579561661872,0.7760151798127202,0.6003893924440227,0.6891422002218748,-0.13422302158564775,0.3195899356041702,0.4839301103538751,0.26996391599464237,0.2470184282702074,0.22550524600537364,1
1.5666189311166139,0.5153010809501886,-0.5861321177654473,-0.670185377387072,-0.8788837267073427,0.37798282503885106,0.3748803847201372,1.547669328820579,0.43946841232804223,-0.5864809218416711,0
0.5650228219574895,0.6039663792338115,-0.9535926746991776,0.7960825095080565,0.8355269092285452,0.8446075846505844,-0.16468834439392138,-0.36779594094281787,-0.5336912753438484,-0.6810039109118571,0
0.07968465641969036,1.0234293038701359,0.9374545677477601,0.6736394895830381,0.18224570593652034,0.062442871885398626,0.711852498997936,0.3106628015723055,0.5614289389078548,0.795242491130452,1
0.45651687500948746,0.5335654598784547,0.18701241899063958,0.5712775830580713,0.49934309285922235,0.6648944539884103,0.9572730686971129,0.8732036364277418,0.4422283742368545,0.21028339035570104,3
0.18724577593588765,0.7661555797172219,0.49789351822917777,0.9928941168979682,-0.13317293593697813,0.24627684071996414,0.4900211346089406,0.46172993418927777,0.26516314458436674,0.19401832158756926,1
1.3053614889956788,0.079162401003391,0.7401113618735699,0.3814625964797723,0.46073628797914257,0.5680951180786881,0.25697843685226773,1.1220742926010003,-0.2647577619768672,0.16050495036617782,2
-0.2888490613409257,0.4242910141810221,0.7692989884620021,-0.09145767768809898,0.884907084302119,0.05661097157770192,1.2740910931222895,0.21541197789967748,0.01640713279991013,1.4379085556073377,1
1.065012380980405,0.2771242876706623,0.47211895377412516,0.07165313262861775,0.8879238793753557,0.29769445562075125,0.22952419862749474,0.5655230532625354,-0.1756466991319283,0.12196698484446852,3
0.896186672442335,0.7824309284102854,0.49285822063511164,0.5191441717331955,0.22441817104925044,0.22943373160627173,0.19670421767080953,0.1794258429665096,0.3674220482730294,0.824662025806962,1
0.3792259825377895,0.11573828019615107,0.6023794605944806,0.1749647556217043,0.11516429071973434,0.7371464751295657,0.3092414224590882,0.3080495494570084,0.8835757399243688,0.2585970286780916,3
0.05162760929832193,0.9615697547340052,0.640655086226455,0.289454750201982,0.8988386417852717,0.4664585398579347,0.5508260430818211,0.5448433817507928,0.7336280495771991,0.7685219667984157,1
0.3241638875639336,0.42295697743514993,0.4581508813037899,0.26710151383362707,0.5792991283553779,0.697766996137409,0.8075360835446614,0.23462496283664094,0.4139718246006654,0.4842849874962294,2
0.288247128857838,0.7751945215253557,1.2669029831130065,0.26067616717488484,-0.35359253045522,-0.20911995699246416,1.2257494569389706,0.6708263911084497,0.9415286581218056,0.31539172783483527,0
0.38831593269707965,0.5363961881097364,0.23884023626381265,0.5264251616744114,0.48923685849791926,0.7304056897018627,0.911583164853835,0.9165936314576262,0.39152864697630196,0.22429356608648407,3
0.42218040752682623,0.40878829682343315,0.10401889469469837,0.5429152699394052,0.34665202880443796,0.09955381939510782,0.0556489336555085,0.7771264953460904,0.0835874128626826,0.6007810578152373,2
0.4982319083165164,0.7276911137398783,0.23026442150737764,0.49572366819275065,-0.003453305754845898,0.8811624285842238,0.6043795500979798,0.35535693711319677,0.18760250065035475,0.8607607414663351,1
0.2950460343220557,1.2318753922234844,0.13921118071605043,0.6186855871088013,0.9176071661614541,0.035949671808150674,0.05153982400047408,1.1265679333940664,0.8059931108949105,0.6205241859999748,3
0.029917087029528763,0.9655727538016322,0.646119639673958,0.3319807617811656,0.9623874369587989,0.38267543360418194,0.5975268929710923,0.5923754577939156,0.6680171443685202,0.7298237623348359,1
0.0358434546740493,0.592333623282952,0.8066635843195795,0.6379163891680271,0.6588615019744443,0.651527271443741,0.4877021300073493,0.481038614490214,0.37707563371734204,0.5599063400177099,1
0.0891467234470783,0.8998539698254434,0.7228103151244352,0.32138353833535077,0.992142067840655,0.3310759078586483,0.5007445280870779,0.6882014057084938,0.6318435596426835,0.6492839552517785,1
0.5574707887879389,0.2854457639290846,0.24800786347019774,0.04231406756294635,0.42394149143742393,0.9371896643630477,0.9615269900751379,0.1534684609672936,0.595732152761981,-0.14096159756162702,3
1.1576968338036975,0.5663188648203925,0.4916940109127574,0.31771387470317297,0.6584666721850072,0.8523814487346933,0.14550770617698294,0.6430831166994371,0.9517385674104062,0.43039935021636444,3
0.416191897640613,0.829850501890312,0.7868595898969472,1.012989543600755,0.8780209440805082,0.3563756610922284,0.11960195588799363,0.7929548006409088,1.0062631525547714,0.7430622962821397,3
0.39408329113583296,0.9535466318401554,0.7022495321701002,0.7845103620704557,0.45035138610724834,0.2717578216871559,0.9573890546946776,0.17767949903294664,0.36250016369269694,0.5757341946551706,1
0.5197772662190454,0.3655804076230411,0.5871501799066386,0.022676355330477918,0.9553811840083514,0.7716902317452531,0.5481684064311835,0.7604118778185762,0.13198019044150233,0.6029267799926326,3
1.0656425735642663,0.6571593916430731,0.3582052578270086,0.5517660226180443,0.21297727871651212,0.4271618614189597,0.3363617036618937,-0.017559505042563567,0.4847761266298271,0.9522238662325488,1
0.3486781207214209,0.7219043481860412,0.9686231780642757,1.0419400999164647,1.0019694779959516,0.7091856018761515,0.09515880429546299,0.9727248096328167,0.7207581149678381,0.6626890066449778,3
0.3331952580421008,0.03205260072402556,0.5797006976705613,0.1407494616526497,0.07760705678875217,0.7988619411047984,0.35908693287146765,0.2681624580792836,0.909243744311123,0.21344455906117218,3
-0.256263450702094,0.5537449740674574,0.4994228280606466,0.5451394477330742,0.18804447411434175,0.41180471315889794,1.3729964856381576,0.2898169548732451,0.6997731552170448,-0.2669304306641249,0
0.4326044930813676,0.24785068596499754,0.24916346360708755,0.09762485894112824,0.3325710100903056,0.8714504301207333,0.9040520420465707,0.3052171889761372,0.4957779055592089,0.09641380929790035,3
0.9162578234038876,0.1097363717640093,-0.03497325131792023,0.6709917231291813,1.0412457353177662,0.18428022117457488,0.6914488477459554,0.7330639406393302,0.7222460779153224,0.7100720902545493,1
-0.6592476918274671,-0.3016203412967327,0.8984869283225496,0.49798030592215015,0.15889097513693518,0.42553392068992896,0.7173600846259991,0.572301711465079,-0.33756020370592377,-0.09426845180270105,2
0.11529172653832333,0.35873717381685366,0.002325521236318781,0.0860462231922822,0.4411478174504274,0.08588891024329252,0.1662619199790598,0.394482386904417,0.9228585666985789,0.2389464868492668,2
1.015932993480797,0.8659562455065929,1.0603603136710609,1.3449767941769775,1.3336733418376914,0.39171219736153634,0.2998497532973561,0.9390251294360814,0.4014424115997618,1.1914953358288625,3
0.4348758727675776,0.5658704471820664,0.3905094222246025,0.11383207510849899,0.02492043505358342,0.6816138732835196,-0.004522243219633168,0.6550189748291979,0.8967074975050553,0.17478749117375755,3
0.35994931495367455,0.3825007890594573,0.10637954007490001,0.6286402690636557,0.4092883043901523,0.039959660477828715,0.0910488797504952,0.7368388382850543,0.09198308959088919,0.5918968768304262,2
0.9412425535981535,0.45717882779972496,0.015542383790912823,0.997108317615762,0.027418406724747643,0.0969534912559577,0.03465801802827035,0.896859674338554,0.7520216255679529,0.046296878409619185,3
0.619077525832299,0.7210801774444715,1.0568275042947957,0.21167598543374855,-0.04347870271344484,0.17104219661419423,0.5551909998851821,0.9947208778118608,0.7522806313639154,0.9931169349987894,1
0.9581978861240843,0.6973049982835916,0.6561870065767332,0.20035671222193085,-0.013997029509269954,-0.1682586690013803,0.22098622753807617,0.8015146727360173,0.7287542389339853,0.9438097319362267,1
0.20592648707577443,0.5062108468086818,0.6115736133656637,0.9030950697857979,0.885430564824448,0.06809283826483169,0.7493984008756115,0.9992638134527557,0.514099335258581,0.9373957313093396,1
0.5061304511272471,0.3117162617031614,0.896390880960066,0.20496326085189442,-0.2491359093027627,0.060017391071354675,0.3671448076594972,0.5719427923313362,0.5368016921287366,0.35128880161579257,3
0.3297232222564529,0.8339554369922756,0.43328615922176245,0.7274327077838728,0.008276576514475619,0.19257563983250026,0.5604900981157472,0.249552436784753,0.12088629300689577,0.1406666566821208,1
0.41919049290589944,0.7962930347299461,0.6774436392561538,0.8985321705282932,0.7908197239672615,0.40520977150164156,0.2861688320546332,0.8909830790785999,1.0777280172774577,0.7345484209508406,3
0.30089973754934907,0.8438267200797285,0.6021896781965205,0.45976784661653214,0.7014332803042342,0.7187746347861265,0.7154117166451313,0.4066062198597926,0.21893737504291091,0.2966050609339431,3
0.3880399687299001,0.7656444963510951,0.03876802262092549,1.046274269435927,0.8006034691441641,0.34619997100520455,1.3048161856087632,1.1511517423159146,1.0018514267467986,1.0286609340896746,1
0.8566696804314148,0.7402991361306084,0.5173342966302756,0.5241969074269285,0.2192444708040933,0.20625422122424877,0.15991980735775657,0.0963597221196877,0.4060631854789577,0.8126378482878627,1
0.28065165352157945,0.3371884083252953,0.24969030277493753,-0.007146660610171499,0.7200523729830658,0.873224790467463,0.6438990480859742,0.038578004451999624,0.6081849225746235,0.32962679338165474,3
0.3577305493090976,0.22505849887972137,0.40347821322944477,0.9734174431034568,1.0275179508084658,0.5090627635754246,0.5379564078688708,0.28285970442316155,0.45221796393828495,0.07201159205815877,3
0.9287835277870586,0.4623789527077261,0.030465262634066098,0.99172183489646,0.03479965212560664,0.14790526250865904,0.02391522015071972,0.8909938669609665,0.7925320084225962,0.03820506788571109,3
0.3749971401047215,0.2594112005524634,0.8302473844980889,0.09382806309246744,0.36041324955687537,0.2463342818617006,1.0413373702997797,0.3740452514789345,1.0126870625329092,0.33905985151991636,3
0.13382082513838844,0.9269377746193728,0.7471878052308589,0.3788139536160867,0.8739677738107337,0.44670249668692463,0.526361081108629,0.68808812042471,0.725148692456111,0.735422115672238,1
0.15536701591867316,0.3179151843071792,0.08089766469601692,0.04315203286074516,0.45742500489172394,0.02668139234859325,0.14103223127899248,0.34131319497598145,0.8507540899793751,0.29525663272504876,2
-0.09359157852024708,0.6797146426899868,0.8402699711257349,1.3086201949533058,0.599652172257463,0.37419399993852914,0.9852497704761227,0.8768903793288553,0.6397227100044348,0.7879690504869524,1
0.044149290349260496,0.950595663027062,0.6836533758529728,0.312106582108591,0.9275364045094283,0.4012179291928136,0.6022330511931905,0.5894077492361638,0.685615849190481,0.7188301412476334,1
0.7237199233971472,0.6274628947463263,0.7931394946724837,0.735056600440046,0.2625450569250373,0.8147359865215567,0.6039280388843106,0.5245156984698127,0.2860774731831807,0.6221699888817724,2
0.02316457722002049,0.9793057998563846,0.680892018905142,0.29753881098260826,0.9669239021715991,0.3561548767696508,0.6193989880724942,0.5989294764297829,0.6522997079244375,0.7029042982122371,1
0.05561340416586393,0.7741574647678843,0.8468521456555353,0.21862529958868568,0.9873037327274361,0.5307562193293772,0.6849856656530028,0.46195832898815886,0.7161105481487442,0.5073301804012684,2
1.4106765536395687,0.7953956387166679,0.9468504949810224,0.2799663696516305,0.6857959279392979,0.17338334008983564,0.6045882823713629,0.7185683123477986,0.4087812357422519,0.608971045334111,3
0.5470803369843737,0.7266865712760279,0.2868145693566171,0.6518335655881958,0.20807147787004412,1.0623944905572968,0.10474313793754005,0.29989505993942406,-0.06700375559635327,0.3053364446546383,0
0.1789718880873593,-0.013555602532060701,0.5192904549737127,0.03255533861422363,0.3797372039505316,0.43783963446464014,0.6255429589694201,0.8863473896664715,0.29440308717608943,0.4204747950078348,3
0.9132306498738786,0.5204574361176483,-0.002686539163813329,0.9591004499238585,0.09409624769467197,0.10996126379772166,0.04148463904121989,0.9303842937745769,0.7736136288934864,0.05208481851757201,3
0.46622555728645515,0.2867496749332115,0.24327932799686774,0.16690653444562553,0.21685847853790247,1.1117153258416337,1.2486612461325484,0.038717854692455006,0.36072120960644466,0.06948610504640683,3
0.29747388739854047,0.5909311289506664,0.9432141214852698,1.2154279882968053,0.629945315484463,1.1251745782222815,1.0572800535691713,0.628977743050601,-0.1373816814756506,0.8080900058053161,1
0.2669520121236877,0.9511828490093853,0.6650882485836646,0.4822586656691667,0.7888645466732608,0.6297679093228296,0.6078539068998023,0.512971174756361,0.1646432629321767,0.3482259548894275,3
1.0561727458281542,0.7951710517498957,0.6037248336402433,0.46016368542105723,0.1881231396871088,0.12701098844235373,0.3009209782119035,0.11656658680250177,0.18162170442048156,0.6590589958349038,1
0.06459517337805834,0.40373479210115737,-0.013032173402807323,-0.29289049724228094,0.948546279378866,0.4669798682869994,0.637160907395711,-0.13769090824243982,0.39018525436283236,0.4504459360408537,3
0.4162423408663295,0.5272940301450203,0.17533834130434386,0.5809074342707761,0.5322828861672101,0.6286143212216243,0.9565478756159101,0.8359664804323363,0.40578803995504614,0.1908839098333246,3
0.3007083062426188,0.1282686546907455,0.165896194223551,-0.2002343298278604,0.9162685648213464,0.9048988838366918,0.5048856696770407,0.1784176310879237,0.7590382583957662,0.4581007631127848,3
0.1594876241696516,0.8318018757607212,0.9979014869925136,1.1012715426606259,0.3854661175391731,0.22240080417285807,0.8193921693745017,-0.20247207260814415,0.6442197547557622,0.48161995151176773,1
-0.20636439288374597,0.7139974371224289,1.014971533673266,0.7485100294134793,0.6709277015872979,0.6647991883566808,-0.0618369815020669,0.3052243320773218,-0.0061562931994451064,0.739840564190991,2
0.33540780728248654,0.022457870443373107,1.2555728658053735,1.2847511330931645,0.16618973092106465,0.907070481555603,1.1393523511601706,-0.583732512980845,0.2559147635245317,1.0318921385527942,1
0.9420604228281703,1.0552494897082865,0.8149854393470374,-0.0574215984348794,0.5897904386416241,-0.35197048982064333,0.5833533095395255,0.5950618187075822,1.1129400090438484,0.7534610028726574,1
0.38843621182241483,0.5377267308290783,0.3501667875234393,0.14762888776265687,0.01977884505643374,0.7014644386535137,0.06751999940767642,0.627553510568463,0.9526679777555084,0.16825950778427448,3
0.2692845227963452,0.8272165652634799,0.9485720288332754,0.380352862124259,0.7305341142571073,0.02501043362038946,0.27578958898947636,-0.3064804401639351,0.36110745339499906,0.9262088313854099,1
0.45944353542744154,0.029394338000531123,0.6356692100845953,0.2674781229455912,0.05901304993447051,0.7701031239884695,0.3301753498308931,0.3912215717377675,0.9155681846280742,0.2082182330969152,3
0.7127566676141934,0.4351902498908328,0.6296012070570729,0.7275651274192599,0.5373173572458138,0.9223371358325093,0.6521285629086022,0.32849030095081794,0.20041624150207224,0.47342747176460037,2
0.5780869111177843,0.5974941088530663,0.5953199103259255,0.45313255743903263,0.9453419239362313,0.41209223579565324,0.2613394295671019,1.165605673577146,0.6167254613661932,0.547487437461864,1
0.4454028006739985,0.7657273124576736,1.122087160632361,-0.24773219038265543,-0.13647965755435665,0.3797286147218798,0.08611531024299435,0.866958404304241,0.9707413270346241,0.631485925046545,1
0.9691906034339577,0.3986032332312519,0.4398421297937769,0.2798724562229915,-0.1290474255285403,0.5201490320449377,0.520140773550628,0.9180330706736236,0.3949823859335815,0.4271481444446566,0
0.23216101730230787,0.9556477156479897,0.7016649682134175,0.47746142193897,0.7519580048399691,0.5852106482659747,0.6188672220370718,0.5340461142940268,0.19161838197389125,0.387356367421123,3
0.06657043104366418,0.7845705152838208,0.8396648407954637,0.2242076881844066,0.9926555983228522,0.5388997612903849,0.68550726479233,0.449538218196505,0.7238918251150468,0.5050471482711196,2
0.31896448086333784,0.8597342524189555,0.6232785280358671,0.8002424688270714,0.4350367334620593,0.2392487247994162,0.9368416794942385,0.09718527796054155,0.38686931381880385,0.7166360194133197,1
0.6418628208346313,0.2721862638966194,0.6667745989087501,0.311365770487246,0.4392082075262621,0.3210146292521284,0.4515390615558023,0.9780712920376188,0.48394523875255635,0.558228960135331,2
0.2053319816499149,0.681485920472533,0.8341518021076113,0.626595552156099,0.7836660029889453,0.5322836274305465,0.314763336527325,0.33562224341877434,0.40182492178335677,0.43612889562052687,1
0.3113053901178378,0.7715390718952374,0.43398764616422425,1.0821596002565328,0.6176006860305563,0.19137801827236137,0.9719773620131806,0.010956405852246998,0.5930672935779246,0.9148689132142291,1
0.828646405161019,0.22909050091950833,1.4073119752158,1.1944380127535728,0.5617513388767348,0.33817481105556424,0.3158511394536131,1.3604188167208786,0.6402888927789663,0.2617532412900665,3
-0.08005098876929367,0.7716627618054827,1.1227475343627198,-0.2855024346581666,1.167246412477401,0.7983850458452737,0.5413090206620149,-0.2568724223414815,0.4236482766813604,0.09588521326175636,3
0.04591185468707028,0.24248673553674496,0.17030045579160502,0.20487644014275805,0.2524510791384105,0.8525519298815051,0.2487848029332892,0.31095423718908,0.6347360003413975,0.5234675276962286,1
0.048862408279463136,0.8835340447376585,0.7015129837573658,0.23892183274423498,0.8461314011469019,0.2658609516525116,0.5241906543050463,0.6203068887386943,0.7946889800790597,0.5994323989346115,1
0.35741718378956566,0.279412320838618,-0.041286720400389526,0.40548495016306474,0.039651742720973826,1.1401005899125736,0.09507469783282077,0.31599672505132764,0.7155126514967525,0.3287117080973222,1
0.29033270714083315,0.09456351564546381,0.5085922626496484,0.060512123628451944,0.2945186444141522,0.9521407079336237,0.8044294544931784,0.2361936541890447,0.5587110022277306,-0.19023520945458275,3
-0.07569956719798632,0.23426004093432856,0.793813835310642,0.07081600058696239,0.13115256227185934,-0.17823075976142116,0.7523516252140408,0.04966510896506757,0.8139582507220842,0.19601240069010473,3
0.24949862824381444,0.442070722845278,0.5086833725209289,0.20726481288830395,0.5939923309541518,0.7086125993216518,0.8578964948154792,0.2587144920743078,0.388178667397048,0.5103785527585816,2
0.3137803954066222,0.8813687006713566,0.6805243027861808,0.7649441615057558,0.4118684601374381,0.27086761804005965,0.876676255419208,0.13094158490989655,0.36802630296274713,0.7572291280825061,1
1.2939900376699418,0.44565826829908717,0.08438189995521882,0.7031227992803869,1.0028896093211825,0.7110740628477455,0.2887174588595136,1.2557158784923366,0.4272564738718321,0.43349334826516345,2
0.7317637903475773,0.4398984025244164,0.6438140044787548,0.7082143631024247,0.5981747538476434,0.9632974139166905,0.690201953814974,0.33462117292620663,0.1444927046874084,0.5181415977915835,2
0.6589150142699631,0.01657840860945567,-0.17410025636669402,0.47024597042318855,1.1150612146271013,0.8350125209784705,0.7113347998245179,-0.3239711628400222,0.10934326542564915,0.017502048319289393,3
0.42669411960139597,0.5033728623277294,0.4086397892379501,0.32092786830529374,-0.25023269081966426,0.582415723476811,0.6212150975938383,0.7469291494786094,0.5486744388746218,0.4558000544026823,0
-0.10094710094552009,1.0913227598210857,0.6707503315424933,0.4000801073717803,0.8864760523101209,0.45806118290475506,0.5163384895283146,0.7298754759584504,0.577886175385453,0.7624876731916096,1
0.19978231174911454,0.8709264192207986,0.6837123992523747,0.650045973568153,0.5445663633323816,0.3779149855007235,0.9670441313719494,0.12350943592980265,0.5092579933477038,0.8722719039716174,1
0.17492765247677355,0.6838099479546463,-0.11521963585138634,-0.6013683289477012,0.7856953942667526,0.3140938062258609,1.2036391982737211,0.62801341746206,0.8657361913932461,0.0316943768512416,3
0.22424349133827048,0.9849798761157691,0.5635165681613237,0.2066275493888473,0.918295938398061,0.4673010273693456,0.5950103608289717,0.6496065746324867,0.8237992578037208,0.7591276467745499,1
0.9485353633077056,0.07768011182704172,-0.0006509388307916284,0.7002262930489187,0.9768240614202581,0.15135554374246288,0.6324490437860669,0.7122306853715683,0.6765108047569612,0.7089322023285456,1
-0.43086945695932866,0.8657263600522973,0.9166073548072393,0.6720353244112215,0.5522246657857965,-0.3035477229887734,0.652546824325942,0.16243439063337495,0.6959513232364691,-0.20624450827029212,0
0.9747736344130733,0.3881757421943085,0.04558931011295591,0.8338196228613758,0.19046647415678247,0.08869475023690845,-0.051847352261031904,0.940720004310991,0.6937986929624018,-0.04833255196303733,3
0.908547603994689,0.13411404957345657,0.7127694877184787,-0.5512748925343876,0.41007329127602754,0.48560841875110455,1.1202625757711986,0.36764699923305955,0.1241953835323879,0.17043110270398915,3
-0.16987131021121482,0.7827341447358396,1.062990397065642,0.6560700171874635,0.5241195373902134,0.8166011138168123,0.23571382645074418,0.2852056440247598,0.4331063403454626,0.4633258114405161,1
0.4820099399897926,0.16400363429445716,0.5057298527032955,0.10102351380800421,0.6527316702145305,0.7845772470769987,0.7592707989458518,-0.02181081412763114,0.7195155525473056,0.32684526023562527,3
0.36988455459786446,0.946026187334904,0.5744692440309946,0.8140624314266687,-0.14950125703690192,0.35136621854188493,0.5463337765889005,0.31635235674954876,0.33345627790402,0.1784290903612591,1
0.6154010497405453,1.0472086948841064,0.43959936749921297,0.6420531120240796,0.9761788002188911,0.5107366636353052,1.1734521428023448,0.344510373138202,0.8935391320370016,0.8581035329511406,1
0.4253438917870847,0.781755882198846,0.49659611054436714,0.7196465558995178,-0.04045032791681616,0.26877375366894396,0.6816807428662587,0.27943910972716257,0.20229315801494796,0.24329590560415928,1
0.3828023907046,0.824794989945412,0.5249485012820962,0.8575698759636107,0.06457997679942938,0.23789123511035432,0.6445402660352566,0.3050644567162623,0.17655362725789953,0.2357795169064414,1
0.6070918836485564,0.7749366440596971,0.6516950570423435,0.21032812844638588,0.21447254240606184,-0.020895940244538558,0.008431078080514437,0.6382587506563482,0.005669493915946233,0.09267786998818578,3
0.27699273633328575,0.9243227830550897,0.612371547513109,0.43536256894887715,0.7824363934993782,0.5784073794602823,0.6629151003673254,0.5560892540899915,0.21877231498521488,0.39533229214840904,3
0.6601048873391605,0.05528542459727352,0.5638264959445062,0.4401648622443552,-0.014258611464774043,0.2355197611443962,0.3014461609375195,0.499708153930474,0.4438136395787186,0.8762449528643297,3
0.9512679861907132,0.7223143447212992,0.6464788447388214,0.4147045194808423,0.08816699341583903,0.3606545991367982,0.1750223192955132,0.11182880708042893,0.5031873356465772,0.8668767305162602,1
0.6455077048046487,0.7652923518871555,0.6525919182517235,0.23992721665132144,0.8420365150254367,1.1451452401545226,0.120272612949649,0.330141788820719,0.4967679539973896,0.5706228236448723,2
0.9407412582588485,0.4727090403768492,0.02581248727045777,0.9795209018146117,0.05273529743409777,0.12090531694446946,0.038251894393396935,0.8692066883176721,0.7765855055889515,0.036601902556602846,3
0.034038402805880774,0.9420725865848449,0.8339908292041894,0.8378279847829943,0.2096388086861948,0.2613591933002878,0.9586532993466096,0.5108507524347428,0.734541352293961,0.07457638249442816,0
0.28068764349887876,0.5732754063172313,0.8620835213178835,0.7157381842256125,0.7609616058964925,0.7613411592170101,0.5207571864356823,0.5761183133977684,0.3913921551132931,0.6152280455634654,1
-0.0863908134406193,0.5038700723976707,0.059552540790215644,-0.17104278133727152,0.2859918885059005,0.14023443759132675,0.15233059250863148,0.3838257869700168,1.1196362124134709,0.20065191852065445,2
0.6255450865752941,-0.3301331428797586,0.694482435280031,0.8434678506594337,-0.015669375197089885,0.3913554823917692,0.1266511902092227,0.7214616269474744,0.060976423224476606,0.897177077827626,2
0.4466107431302259,0.5517868394804267,0.1851941220920326,0.5626286980799967,0.48505587432205466,0.6647811641383556,0.9406799093946903,0.869629053614311,0.4147581771490377,0.2020355050491348,3
0.4000652427896502,0.3701662608644002,0.793399008712533,0.3709565954273453,0.6291118789274074,0.14679363361376122,0.9400063889033619,0.6865460481969783,0.6235250176220483,0.13872661197693978,3
0.3541961312310036,0.835150219183218,0.4525787637698204,0.8043757923324751,0.021005190741184798,0.2972013897238971,0.5702925467362313,0.24968008881550643,0.1853515733776698,0.18693504761520752,1
0.5525317531956735,0.6357492307943192,0.11338349657847413,0.7595198880291929,0.20615890734211598,0.8942748948832179,0.0701018646087057,0.30495835138177846,0.054898885851405996,0.31822798397260593,0
0.11821063850952543,0.3426145774658914,0.13609170120868364,-0.010061925981154338,0.3344633568227029,0.08107079388642736,0.19231466260450975,0.3231200745051477,0.8060254642703699,0.2366167490903917,2
0.46147054439676954,0.5350644412230614,0.1897540184410487,0.5810952116064673,0.48536310264950644,0.654720346755718,0.948071453967536,0.8664121098394655,0.4350670067416003,0.2144902697108261,3
0.02583402628964225,0.8139090624197886,0.7995866153981079,0.1774323611860285,1.0754702568141998,0.4689576354325006,0.6684127424120215,0.5147750318896068,0.5403355364597862,0.7176634024629694,1
0.700516892150896,0.7877796750034629,0.939150292456566,0.02105266230166209,0.25317557737317165,0.12860567366977996,0.30607244988199755,0.979078031183577,0.9515507706442212,0.9488964275592366,1
0.3574328795833943,0.8562984905753165,0.4824451515318342,0.8011787706960043,-0.002529798351446495,0.2479562578055972,0.5610994830786643,0.2895858201813456,0.11532512696981936,0.2249230983220651,1
0.3339525557927264,0.43605642548461393,0.22758194040333857,0.5852858446778367,0.46017618634901425,0.9800613287861615,0.02781513300055933,0.29572365701299874,0.41905345823420365,0.1421277311659592,0
0.1889578276790249,1.037343014792421,0.6892058216697468,0.3339879414651331,0.8279412673770568,0.4178161415044999,0.6968953568021342,0.6923569687721837,0.594246048686698,0.5800040083467665,1
0.04460631753389909,0.7215264668878755,0.8868683924133642,0.6698597450132612,0.7406331600207408,0.5995149028023992,0.43483495553278073,0.43629233810360263,0.30773788893809545,0.4863537899806548,1
0.28251228087645763,0.9185840380252811,0.666664176317986,0.4367146895108348,0.7309451480890982,0.5623063076835293,0.6323904494894687,0.5455273548794283,0.19021920354988595,0.3221625648417471,3
0.8246588740267858,0.5470225097136358,0.5397657006714226,0.6028329362693591,0.05553037389357571,0.3565681846962931,0.17207955750390438,0.5651279304418555,0.3656165575664256,0.43134480399233466,3
0.7719205234707751,0.5885299693141455,0.46100109595706856,0.3557066369252691,0.32756131180464043,0.12089161372588497,0.19484690641867597,0.03007847972841643,0.4653779843431788,0.7693367709787311,1
1.3836788984975892,0.4497866507704851,0.26910431622685277,0.18844970354767526,-0.18307615874947553,0.5886502596810932,0.48787041244980883,0.6733696361009698,0.998868796921226,0.4264955031879166,3
0.8055933797868229,0.5520001631456352,0.15243325641801217,1.039843075071884,-0.07372285697443401,0.2550581923196621,-0.05230908918106389,0.7698302408726762,0.8824686295483393,0.21251344590953092,3
0.06545858697724842,0.9435507957196911,0.6873979625661941,0.30146287824501566,0.9309409956692196,0.3850713035459279,0.6046785067149641,0.5963124016654998,0.6866206178853922,0.7055151562113142,1
0.3759345749482015,1.382882901378946,-0.1591798992762157,0.06912426367871607,1.0347265989536836,0.9108748227445291,0.26849933635329515,0.4721466558000842,0.21740705396460036,0.7737070686285346,0
-0.00836135347815091,0.956630993781721,0.7259441547033769,0.369311612483991,0.8612666735397578,0.36242733988074316,0.6393159673701824,0.6284827377980188,0.6632341823769178,0.6734366500932473,1
0.5713273095593335,0.7958039130622653,0.8053322129565943,0.8383811583980669,0.7895448285611874,0.367115720254909,0.08493361086651566,1.0277970466922546,0.891092495051148,0.7915015365670005,3
0.3117866224465825,0.48124411488013397,0.6188425216279494,0.2886640227399253,0.7844784039414872,0.9644120036622655,0.86712847007458,0.07596010613011522,0.37849827724328416,0.7425397318749879,3
0.14136979152130769,0.927001246883061,0.5672796453177217,0.31546134519073166,0.807860554515992,0.38498380720110736,0.6967537660073904,0.4612496217545434,0.5983825266835048,0.7033891508379014,1
0.18493814716725762,0.13185684192670818,0.6994117400874611,0.958423480304154,0.6632526520213167,0.6427670735526625,0.689838462919621,-0.2023946521228312,0.20847973747973858,0.4537171358898344,3
0.37956771443694454,0.07760576916873009,0.5881248557277592,0.11582974603132441,0.15027268165989421,0.6668280973096117,0.3153823511847896,0.2577063635152891,0.8776835000484321,0.22321169413958777,3
0.7287831103518939,0.6093482760865363,0.8241607961305746,0.0406325040719972,0.12632683766983732,0.09092540225100078,0.37331005255054095,0.9649742671340236,0.9069265694856856,0.8225563899948914,1
0.26388392682757017,0.35334754241369887,0.2902678908105018,0.04081101630550908,0.7625541946468076,0.8929187474577186,0.6933402001632777,0.04062473484676454,0.6413609743465397,0.3444422560486467,3
0.9860708558105745,0.6246013956712675,0.19527903242951902,0.9083947542835443,0.5957395435601851,0.6604305209118705,0.4692746742153453,0.9464651668860427,0.022799488697183953,0.060378382548838413,2
0.5001989386434942,0.30883361724346836,0.5391161245060583,0.1588866405023558,0.3350829902295381,0.4053188143924315,0.42754342012688723,0.7389757868865564,0.41165407563758866,0.7045695605033127,2
1.128401957030218,0.7905093377843799,0.43137222054118707,0.6516241624692497,0.2903354543639217,0.6986824533696546,0.6656835195501501,0.8946551991431902,0.9742321429787315,0.6105678516743145,3
0.5395043055978798,0.694569532374958,0.09272703441885827,0.44478378691722126,0.5706755341035267,0.8348518988616693,0.2629101853758736,-0.4605594406392456,0.5732024397581067,0.399631209318509,3
0.8166011184692081,0.6507644187193031,0.5486282300370696,0.4471725130872431,0.2551317115964805,0.3567022347060478,0.26880216712286287,0.2278482526889396,0.4725124359061005,0.8623547693953515,1
-0.10116396918626488,0.23959589009097268,-0.17953217413519842,-0.012177329328802639,0.47013746190678124,0.26662507001566005,0.3831354431419916,0.34597017357844684,1.0102519019461038,0.20679068625372624,2
0.8154060514163471,1.0076553790116412,0.7050413490528004,0.7364250187544366,0.7235211130752394,0.3001895803923923,0.42412355091870313,0.9000217767494056,1.0683134562907979,1.1784760036724502,3
0.1305994776730082,0.7386779720232967,0.6196358028692246,0.7739565599281482,0.6448704588965954,0.4528277108220285,0.7528832932321795,0.21543961424053143,0.49755931452052393,0.6877120912729949,1
-0.486367371072453,0.26908172373087413,0.8507089375418109,1.0028576526824977,1.1733779829993871,0.17221236008588064,0.41325422613278145,-0.23130822558664876,0.4352404131610353,-0.028252052674335948,3
0.24548413958836332,0.3694418279429389,0.5383833156695187,0.25342504282040207,0.8101488787320132,1.0243791748537063,0.8487719362863505,0.04284503984039274,0.27925965236019523,0.5940180668052769,3
0.4281432925536799,0.7885590570508583,0.6952912953588712,0.8264995644488088,0.7349600198446189,0.46278751548537106,0.14996772203369288,0.9449465695516346,1.0494531569063164,0.7776930980345054,3
0.4937310508841656,0.8545767129173072,0.2139866819065261,0.4306329284753885,0.11249074401396464,0.9060609462974927,0.6121101710782146,0.5617500803723118,0.14591254969328957,0.9814063095212342,1
0.10923524891629889,0.1195044500662448,0.6786576864421795,0.2666709655865718,0.204231034608671,0.4833481123119788,0.7646969272394822,0.6226324543517727,0.06897964487072718,0.37285817803472227,3
0.6215236928210155,0.9659989133749814,0.29380405616573146,0.6112915419979685,0.9063467859857224,0.5505816412351269,1.0230021496602095,0.2081322201980888,0.9730201518599598,0.8347072840880241,1
0.3877449037619163,0.8521672680263092,0.4771106037749874,0.8011306942389106,0.004716103712012206,0.2631782951635119,0.6006953810518556,0.25913777749736633,0.15460188789476237,0.2152391800569435,1
0.4394771391816046,0.10268364418376663,0.5231099866197084,-0.1493719997761592,0.9476853028918654,1.1039118593389847,0.4321778438870796,-0.00714519682155846,0.49335686854190264,0.541299273160832,3
0.8841641331559378,0.341339384528842,0.31634608581790524,0.13377676953092787,0.2099865938172729,0.5042486500618423,0.8024186392173125,0.8562443195725629,0.32307269649327947,1.0922598438550302,3
0.7174477544877105,0.8034081257204708,0.8332099265765694,0.9871380883378084,0.8931037282559569,0.6804469823909665,-0.013386446733240243,0.8441313120199958,0.7447527627701922,0.8116083814065952,3
0.24346010677456237,0.5650099050606243,1.1826588977818098,0.23166749175336543,0.6224826545038047,0.98850783416069,0.8109202059235316,0.7998743821727701,0.5988117965427647,0.4523211086025682,1
0.6025833167300733,0.578921754143585,0.2342866202100903,0.849869906461579,0.06770522306275428,0.8068566526913103,0.045834657701986685,0.43580548049638007,0.16446664452229173,0.23682498073313463,0
0.23372068778437627,0.3139853547446834,1.0231706973993535,0.8646950881917013,0.669377239676566,0.9883564469517666,0.4177412961188975,0.1897562767677874,0.14004299788368013,0.6041321600395183,1
0.1786309864335411,0.12039181225797373,0.5245983802043239,0.9044918977782629,0.9378411157465948,0.4215843270595459,0.5707312456154343,0.07365285209300727,0.3083237984143765,0.23921211981854096,3
0.10405234810202757,-0.09760512686945882,0.27560689408487804,0.4658839236532434,0.815547027221474,0.21895158291031924,1.2064792027208977,0.5559378520878872,0.42434831564539205,1.111509437606342,1
0.050462847702188646,0.8913848248053904,0.8322836676948734,0.7848746754226653,0.1559257633267383,0.27712070925138693,0.9470329614505391,0.5368015734229572,0.6548800552238467,0.02010169984788855,0
0.9602079599885949,0.5927317308233951,0.16256628558089736,0.9586297639501598,0.6127921975329288,0.6989159025097389,0.5078587282485363,0.9802671210810493,0.04763862677016703,0.08172889519678675,2
0.6754082108636137,0.32569470342259244,0.9724770448171676,0.9334556577916837,0.2694302247362117,-0.0227507671409915,0.47946265973619684,0.9731332798737167,0.3535773614185612,0.437563136573814,3
0.5471477624566925,0.3996381628363598,0.4123960222246065,0.7697026145955497,0.4442628617675202,0.9361110888483841,0.5558028056783783,0.11245349601425433,0.09335589201956832,0.354934453874421,2
0.8108305298901372,0.6367518408407536,0.8670067274095965,0.026428655675260565,0.21151580340028986,0.06087608915874786,0.2600297005145644,0.8232589323884433,0.9387238750779643,0.8273044869235938,1
0.27552518257865427,0.7067376936321186,-0.07372428900725247,0.3701361785832389,1.0734570103726637,0.8348265752162669,0.4921541835430112,0.18117344276586556,0.8693613784447428,0.2597974561962969,3
0.9846826501849257,0.7246210084250255,0.6815957775244831,0.2509489792848641,0.43040018470387487,0.48014881020437605,0.4166389831766096,0.944143915960209,0.6648808421333258,0.8384255986444189,3
0.056206601048345524,0.7738979191414819,0.8463700504160726,0.21863324547322427,0.9871072754793102,0.5313013785898599,0.6855844591678334,0.4616320917937888,0.7160589615853484,0.5073348510784357,2
0.09964831621669692,0.5781101628085099,0.5586040118748867,0.9188412134002456,0.9474945317312206,0.01584413692278506,0.7747925174999588,0.9535762103463488,0.5404455954306435,0.958202773088356,1
0.34308121010791426,0.30492238261027604,0.9862028199107604,-0.12732476592006509,0.4250483141392223,-0.23987995391696465,0.8867910557979728,0.060672236920898875,0.6673977228113651,0.551757369866986,3
0.46568292554457624,1.0029133097745784,0.9059430205239679,0.7766024846880701,0.2816575779572008,0.28715917771256344,1.0069250325299544,-0.022539410153075784,0.3078275480473704,0.690760060268557,1
1.101154361670021,0.19283423412505474,0.7941934968606368,0.6125290630119884,-0.2530056241907995,0.24682267312048423,0.31212111582648094,0.3220566011500807,0.455103313074324,0.05061880938827018,3
0.26436690503528987,0.11981786616154225,0.11929111451976981,0.3539429506077427,0.3407385946418709,1.0431450110697518,0.37815141631762245,0.24526733414700266,0.7495638597738745,0.48324418051760876,1
0.06292641306423244,0.7898688732949458,0.8451569042099828,0.21219503589095343,0.9989565595081992,0.51998611445045,0.6833174055749083,0.4455895884378181,0.7002159740062778,0.49656848548917504,2
0.4545730630936777,0.21404514721940746,0.28628901682379543,0.16763579717144675,0.34214696652221,0.8689165285080451,0.9326399914723621,0.2392129198954583,0.4594673781973556,0.047490516691806844,3
0.5355144564703572,0.8286720194675332,0.7373760942985881,0.9276651695737138,0.7917805128172312,0.4173651623934559,0.18463066843431936,0.8907877199128719,1.0169385409549607,0.8067688161689285,3
0.766001110434302,0.6164378440862721,0.4069006390247686,0.08250592182846081,0.33036776745833996,0.5621353564394225,0.47485966654511413,1.2468095766471436,0.8512215135547634,0.5371337839000738,3
0.9277704194857864,0.7336941167622492,0.5531075716468369,0.485892722772192,0.26610370416170354,0.25518203004449375,0.2072377786764328,0.1359169419521262,0.3731903802685968,0.847437934169867,1
0.5563200258736342,0.5082147336869761,0.15902429946591912,0.5441306664132021,0.5064086063292217,0.6184497145069575,0.8462777343073042,0.7608131872713566,0.37622967573943744,0.32843365519860834,3
0.17630989336952926,0.5569247979744769,0.647322083153855,0.7515469071360484,1.0647227251833569,-0.16960886227201227,0.7944900960238691,1.0840851966806977,0.6465157179061921,0.7834863219648407,1
0.06776753627227047,0.6028001214593002,0.6448902504271772,0.944684586819531,0.9243496004340155,0.03987165484173097,0.7902490925393998,0.9165999943687424,0.5980184704844924,0.941263071321577,1
0.0005151873607993351,0.5502746603688751,0.862218414492369,0.468796276721157,0.5962486274710435,0.6676052025873631,0.3623760940603993,0.5099647320958788,0.4128210944167051,0.6607627187927366,1
0.0538335898950572,0.9579153011105686,0.6866554135528178,0.3010823145935962,0.9392589436948233,0.38706415095453783,0.6006087718794617,0.584581410081619,0.6801078706307814,0.7196924762745157,1
0.3335776495465942,0.1497303793890963,0.2244338352840275,0.265681914652513,0.6105810679418151,0.6347066859725098,0.46953467623357664,0.9155646191203313,0.5743943118173059,0.8371376153195624,2
0.5176993765778641,0.9283369634892092,0.4202336666460989,0.8029250037021922,0.0038273067487126565,0.1882627648362985,0.5106847230613925,0.1689210534548617,0.06919111624574086,0.32405173967508005,1
0.07090570871148554,0.2075413119001446,0.5626648057535925,0.8194486232757613,1.067421915715941,0.19688222934669677,0.447999671735232,-0.07257105989419141,0.4404927460358954,0.0984167884133399,3
0.1198058779868221,0.9181586205778643,0.5855576963138639,0.37931767204756384,0.921760755463756,0.3035135078659651,0.7150221221739206,0.49830331909132364,0.5832216180458816,0.6119672476907172,1
0.029480645254539056,0.11990358011262058,0.7294683637484891,0.25693264662709303,0.1592738167843903,0.426727623575366,0.6875629190339821,0.5605652119816852,0.031676630947712704,0.45163657911311084,3
0.2931007504308712,0.2907717960782735,0.325585595805897,0.1896078877680282,0.4790533087951188,0.6933630236746482,1.079612948905883,0.2818939236088241,0.5986946771429865,0.1723955481872098,3
0.24757656830735617,0.8794856924770506,0.3246958684322646,0.7895355480428413,0.06833284876875363,0.48371267508413085,0.5066202865605324,0.3124181645265367,-0.056234329852913184,0.09213462950110314,1
-0.20267659480240452,0.5445478760383884,0.6293918665384459,1.0835766012105927,-0.21972418887875378,0.6586782894788001,1.039926369381441,0.10467637530210105,0.8620476477125563,0.7618486690929507,2
0.3043539888038251,0.5281779630648311,0.20351865925970314,0.3138404220280361,0.5364258767837004,0.4870443371482622,0.7803424968945651,0.36829368920240596,0.9087419629077438,0.4738069555501546,3
0.5902140410422835,0.4290814986559554,0.39732283685809505,0.1896022026307001,1.4168918184314456,0.8603712273292157,0.3224000205230478,1.4306434895775508,0.359343317880745,0.7631480609843384,3
0.02921512967107778,0.9354248063353322,0.6501157214313342,0.26634205402225297,0.9678249520432388,0.3542598228564891,0.6006219439331987,0.5477910590007942,0.7437915566269278,0.6998147628649578,1
0.2181053297066574,1.0405578879378612,0.5791496845493244,1.0188428927284496,-0.19380879626656067,0.32734684249658796,0.6226843631332251,0.39215980689908386,0.14538788428678825,0.3407168907718843,1
0.5083237396583484,0.822393710645472,-0.20747976990802725,0.8020180737468597,-0.07170991506293878,-0.2833093286167007,-0.016279694729556787,1.1681987534439227,0.4796601959255129,0.6446236366553182,2
0.4592337781823562,0.5236943353498492,0.19511793686057552,0.5835535161859521,0.5092395014207122,0.6589138464395912,0.9468375689617071,0.8845577355762645,0.4454243366385571,0.20077697851995885,3
0.1516871606216179,0.8114144575964249,1.1177233120374443,1.115306851699607,0.212706545997081,0.41657357985726007,1.1367700482238525,0.19210726980524928,0.9801956032558574,0.24150337280873957,0
0.2461730834818424,0.29880908883680485,0.07010535405728205,0.11625037409089735,0.45533860581490193,1.1562780710820428,0.8457156262143473,0.24757033490077218,0.4646397153910372,0.03544256154947695,3
0.4703332120493681,0.7734748825620544,0.15043171605009567,0.38988629790845253,0.04846940817462018,0.9008407537039556,0.5119758404707462,0.45665944079971305,0.18644517155677998,0.9410692889458228,1
0.5784309957003102,0.44300266476565514,0.06538325179968368,0.03670294613048819,-0.27793301991915553,-0.056618024274720735,0.4455682038146566,0.6578556166369722,0.22973970629895007,1.0076578990754976,3
0.13426644136231364,0.10522556663984298,0.3856288026071182,0.7220303424768861,0.0906914337857081,0.38776105580574277,0.5364825654326657,0.8480837710424166,0.41595003980899503,0.45011583025068025,0
0.5776653844137128,0.12958777533773097,0.21411790387639684,0.1899735507449692,0.321849150422933,0.9614070253351431,0.9549365256031898,0.16806038866422718,0.4620891662006302,-0.019736920698543527,3
-0.07752609604045976,0.7104298933233903,0.967192980683736,0.5867913620447792,0.4386076467963567,0.3915869046776865,0.4317157078667645,0.3640769220941858,0.3733815042745701,0.6455844483180921,1
0.9212704291323508,0.7289569719848268,0.41963117049863957,0.5544968000534939,0.29883379639625446,0.3702558088191453,0.3369206241621757,-0.012820722188188555,0.4357350408022699,0.8218655597097975,1
0.3417220810370068,1.476015731109128,-0.0377738752946577,0.843366651398587,0.7502520507627546,-0.5027484558840133,0.5480864354898236,0.08895275480466924,0.5675552879940524,0.7804102166664607,1
0.46060403820792967,0.32151780271838826,0.0033522734766049944,0.3622473534175048,0.09430082401212406,-0.10735701402947054,-0.06260199307704595,0.7899007469875005,-0.006523487242112547,0.7017834102807746,2
0.3560802920018197,0.510310162942103,0.046661439078864525,-0.5922915057484631,0.07160016801800484,1.7878838674514508,-0.3279837470454181,0.25150344633202093,0.09017938771630832,-0.058886997617320413,0
0.6259001359097288,0.8860100961312495,0.796628378591305,0.9755628758059816,1.0478922964107418,0.6436751411741395,0.19032945324167094,0.749276177214796,0.8371840511493502,0.672058778020252,3
0.9360802855536564,0.48845843278905215,0.016988469226136085,0.9967944108515324,0.05489776542043209,0.13940066462529624,0.008035592853651522,0.8831866993155302,0.7843447295590432,0.051985895626197924,3
0.2735346032425273,1.036381124746908,0.7293559217666873,0.48875039142881876,0.7504896034407378,0.28413813144971445,0.9241026427971271,0.901055714960134,0.5340290540921345,0.1944706242073794,2
0.3631852571831732,0.06601319480342983,0.2780014164085943,0.29012366973009124,0.46319517123599735,0.3628887768304511,0.4720122831225807,1.2084188360017996,0.31559446889381326,0.3542277602772821,2
1.0477664913846012,0.6736059564297626,0.2435874156761354,0.9631720204838079,0.5960029214446656,0.6920021589640339,0.49487817262179357,0.9607386211772652,0.02541005934731731,0.008645043602436224,2
0.47337045740023115,0.4841138944390455,0.15878533695582997,0.4770678720999967,0.29077160516196804,0.12449088468550226,0.018918750858757764,0.7747865855050186,0.049077651290065125,0.5589288524220821,2
1.206603927209246,0.8384697152285493,0.5160842016019341,-0.3288067077826963,0.015068089066022583,0.3914887091566627,0.35712827100183764,1.121958644737996,0.5237918455917063,1.1521669876471492,3
0.31129741062877403,0.9404621942433031,0.33853099523994457,0.9464388888338607,-0.051512820727180025,0.1957022684482566,0.6587874945285973,0.286892054888621,0.04528665551912993,0.2736970170806152,1
0.385280657823996,0.4164046439209371,0.14314415953210366,0.5360815572768599,0.29408684371966853,0.09761375182823814,0.035157221249149696,0.7599556469070603,0.04833426245442022,0.6365135872205001,2
0.5405553406180501,0.27660919374454146,0.5309409307604943,0.2691081129906112,0.23629805528926695,0.5948876456805828,-0.09308062683366969,0.7978364208585196,0.2911123033595549,0.35747113678578235,3
0.2557000463658602,0.9067119771771551,0.3636316367569646,0.6508814507179402,0.13301207481566588,0.3576812320041714,0.47872111751370816,0.35877768417278644,0.26315551387840497,0.3068960647884301,1
0.4434765759096196,0.5530853285912493,0.3520671542892323,0.15480734323260223,0.052683296676389366,0.6534585555835196,0.03792338212911549,0.6210788624951016,0.9314683960824212,0.18753926018421485,3
0.8934432888154208,0.7853150805842377,0.5274712011326378,0.5273236292120418,0.27258652461921207,0.30184134466088436,0.16701610519381177,0.16687090920547548,0.3147740878371312,0.8616290657555186,1
0.7865984672012083,0.2644275563244189,0.0337841729419702,-0.20946942604391106,-0.12225628142433453,0.8806394256110722,0.8147273919272704,-0.0009089063509545858,0.9030993872004583,0.040022325535047816,3
0.8331264550861831,0.5359427225547112,0.7280743445374609,0.39669341196658725,0.49975052374105655,-0.017080980010768826,0.5789518655229448,0.2827999381079791,0.14663765331864,0.14738311091741102,2
0.20625833603012017,0.7018510175054449,0.07517454358170766,0.7296148549264729,0.6868943464206092,0.6976356088170332,0.9699952460159589,1.152511091933564,0.2589354411386289,0.20606388063344375,3
0.6032966173596832,0.9638101910668744,0.2991846604084471,0.5659817830079988,0.9824205338438187,0.5010488051492396,0.9598721979049354,0.12874579548965903,0.8825270190881234,0.822064626894955,1
-0.16477846537577898,0.38209492266857636,0.5361274106094465,1.108079988663257,0.2524136074584187,-0.19200716330491685,1.0917857065223409,0.3571005897033459,0.8328301767937791,0.4616217025349379,0
0.45418680168799763,0.7615508676312349,0.16551027351876238,0.3964130395965426,0.05005601127285167,0.894549593393158,0.5208386061574907,0.4562238771165026,0.15626025454842896,0.9578793113488777,1
0.6139170491621353,0.8261937074852662,0.7294709144602933,0.20454244453752107,0.7454195055505498,0.7993025788747026,0.4696655787194893,0.7380412144800965,0.30919514890542904,0.5806260223916949,1
0.42578553067563174,0.319642823358699,0.856847790710308,0.42874063602615387,0.7172169752688906,0.12369749118104187,0.8624889522899731,0.7076116384156623,0.5774015773160491,0.18200336419451124,3
-0.26396401588555857,1.314625918734828,1.3690033971162936,0.6147989282371407,-0.2243087963100393,0.7031486935597859,0.676044248571499,0.7284652366603451,1.2230096131428496,0.7119598069910203,0
0.7074496792567051,0.24475443107046047,0.880715352327887,0.30348108765957704,0.8248567119972554,0.3108730558438566,0.7627227139900397,0.6039374318593547,0.4643821498817525,-0.036459704415926664,3
0.2722142225676836,0.9678851797555363,0.7587350712932133,0.8035024334881623,0.37778851507885164,0.2424056618661331,0.9130457179816714,0.16949261634775575,0.33480926370461916,0.7618778511234116,1
0.9312715336059602,0.6179730735227775,0.22719085788188667,0.11088046398158372,-0.06405270738422253,0.562867332798458,0.3884431748725427,0.6486519811663121,0.43593593846481105,0.3954236655390501,0
0.3773367911166649,0.16233637011424792,0.5341569232695542,0.36595206439335987,1.193775808779642,-0.01583591455031668,0.9683358879297481,0.7607376475903482,0.41541503800478613,0.7316151326604518,1
1.540460065175086,0.7686159721910654,-0.023138229089185114,0.11922136704760555,0.27761031198311115,1.2091929610090975,0.45479546192441384,1.362563263062818,1.3268490097171501,1.4818574331008838,3
0.10944173206527609,0.024540670633795406,0.4360163491584833,0.7121476907300147,0.047533794940400075,0.40063576141948276,0.5139852991158669,0.8736068572958595,0.46103967539884716,0.44284928827953746,0
0.3322925144271379,0.42144118614744686,0.4710987431069641,0.25535610767904826,0.5945942913713484,0.6931533026807493,0.797774636983251,0.2333906488702626,0.4279727776304529,0.5069472860776453,2
0.7375182699529412,0.6331595358994032,0.8244962618340582,0.0675482658839411,0.1310602363602203,0.10737609065108204,0.33107371988402456,0.9046552043393016,0.9138848939152914,0.8353413732338482,1
0.6987947160013694,0.684434166848438,1.4338285039185399,0.8187736722292187,0.996000469964026,0.5738934149022292,0.6418087337206632,0.36023128118713155,1.3655781844918278,0.69445903092955,3
0.659499506266165,0.7626672983648168,0.20156697082012554,0.9271515040322976,0.22313090737449295,0.8112281601519219,0.007734073129260416,0.1227514014981182,0.059250224046700835,0.08963935731748407,0
0.26276464088227747,0.4251462605727073,0.5585158083776821,0.20159183504212702,0.6942548826581671,0.9401929357778159,0.9172973319510793,0.14181457370619305,0.45521475206574674,0.6665267802529835,3
-0.27961702677932876,-0.10409169606071325,0.13233795549417754,1.1876967465986579,0.4587006933003502,0.15301824936338787,0.11177107318244117,0.10489465396147485,-0.11885302996769953,0.26382240329990697,3
0.25110005293846627,1.2377422027091507,0.5455026456108187,0.14459943372313264,1.212273274556916,0.23056898621383118,0.34623699928123763,0.4339812005218826,0.7090569259123877,0.9319369803367215,1
0.5949910704150697,0.9796186007909282,0.2754976675485537,0.5512274214531885,0.9849650740428831,0.4887119073195132,0.9722076399801257,0.12356658040943257,0.8552785259429018,0.8500750219793096,1
0.37000542812637166,0.4784666503528955,0.37560518245286584,0.07761206720685293,-0.09971205782350409,0.7451344387522388,0.06877197966362249,0.6255427384212504,1.073891580425942,0.08061209455232707,3
0.8263337426289027,0.4076811238036289,0.7178108513106068,0.4332760741437895,0.4773788172855794,0.07180990074291307,0.7968474911984351,0.49605513783735666,0.2478694067239886,-0.07237155836400619,2
0.19095163638293128,1.1851366762279985,0.5894727080766653,1.3539810288043792,1.0327896936911543,0.41795447888117515,0.3431498562770057,1.2112003261498292,0.47945883588136884,1.3822929199958476,3
0.28052255840526213,0.9912075511748364,0.6560733621965866,0.543569593695383,0.7275854122366523,0.560276151224344,0.5689876907977587,0.4773641395143235,0.11008365177010497,0.3216488098722524,3
0.18208530387684935,0.6117512175284677,0.9143527417863124,0.5548083142775372,0.6912520980266956,0.6934054384459887,0.43376019592669085,0.37328512475235076,0.33258285599917525,0.4831330099587868,1
0.6733602498609905,0.4255314161564712,0.5620359081243393,0.6629486828970746,0.5199325852584386,0.99117640379469,0.7308348350425514,0.37863062560254007,0.1379597462831212,0.40971395476896966,2
0.054736424581912045,0.7742462539392597,0.8462021760222668,0.22002707461021506,0.9904506908894466,0.5310164486145745,0.6830959606606858,0.46210892977199325,0.7182160350853186,0.5068309912813417,2
0.2777875517025272,0.5480983231066631,0.8625621324381022,0.07534044030040568,0.638368963265718,0.49310212807510273,1.0814973569260509,0.6201592016138224,1.58180431108838,0.06323168848030869,3
0.7014559355872556,0.4318044105138653,0.603729224999968,0.8414699287000751,0.6145804757780646,0.8456623820674614,0.6178498813931335,0.2381335284577668,0.18323790164355114,0.5447634273807899,2
0.7393000431147397,0.6330427822515208,0.8408724206679161,0.07802186247081387,0.13831967277654694,0.09081315226415168,0.3335656488846657,0.9127806966205826,0.9057734104524022,0.8434665880652341,1
0.5237455261392742,0.8825566020467466,0.8965006645155134,0.8879250350453632,0.8696297619333094,0.5625882485299164,0.049635918265949874,0.9401129419954201,1.1308554920329894,0.8236087255456532,3
0.7022431810500108,0.09140320305751398,1.2414761735113051,0.23237040163324152,-0.49846357012308706,0.5126875057201006,-0.37937578227649904,0.8672424010583524,0.6700046368942486,0.2888550778973737,3
-0.1353195419030616,0.2767260458244347,1.1486644931865317,0.23642895818179036,0.4013460478046773,-0.357274897808788,1.3086448394325603,0.005835063099849602,1.0318610006036626,0.3262052034058556,3
0.5031922144716781,0.8090616628206508,0.13831548178488132,0.4109100487553526,0.06473735851207321,0.8774583642101582,0.5516892994265898,0.4220748077643696,0.1712990186162645,0.9119632200600839,1
0.056516056756922076,0.7777973394328377,0.8483938870553946,0.21865350937023773,0.9849868280665699,0.5339722277644259,0.6890333751120611,0.45816400376766214,0.7142435119110587,0.5070944331806502,2
0.16876450809063706,0.43397126921498663,-0.05868443643086303,0.05103537902284546,0.4242367094543231,0.09253484285209898,0.20050822977073238,0.31967710014763207,0.9445204637463533,0.32064331762051745,2
0.2833966141285841,0.9031252252603997,0.5972873412234748,0.46218036013319536,0.8774893326461455,0.5704500484183417,0.5159551460999978,0.4425559234525476,0.15172822959864515,0.3406535083913108,3
0.13022849129017683,0.8925376848450605,0.7435897624162608,0.3359542615763734,0.9026102581784736,0.4576388777500417,0.5687820812379705,0.6585801386740283,0.654601313308422,0.6578224267158906,1
0.519506946912723,0.8129568058245747,0.7244069178322475,0.875603371582987,0.7977272707287033,0.40106266408192887,0.18233817816692055,0.9406908301398176,0.9746569681961634,0.8470677288257988,3
0.22489069417856228,0.3126849767364427,0.5401752500450028,0.10401895118598006,0.7128730258200163,0.32098507128305903,0.21044443542895952,0.8815097199183556,0.06459235869191898,0.5367036200673219,2
0.40275344672005564,0.45068520248145705,0.3752767959725626,0.501257425609258,0.45747345398918987,0.9890436656811489,0.0979628588155369,0.4609263938813611,0.3599740782669739,0.05147010699872267,0
0.49317125812392254,0.5704333373868643,0.2382621711011551,0.644098652769203,0.539106892539641,0.596846400368806,0.9241395550280205,0.8174136839185998,0.47952244799694754,0.25952481419247136,3
0.05980037216722081,0.777006418375477,0.8430774892587698,0.2153167796368939,0.9866072522874426,0.5319159245080568,0.688713392253399,0.46476854664243844,0.7118796357724547,0.5111499772964839,2
0.12087297609475295,0.28890359098385565,0.35558955441484946,0.023358380128793835,0.5381979058572587,0.9607324534942955,0.8408617541616759,0.13499475473593311,0.46880328075066346,0.38277377806173696,3
0.5543645598049216,0.12212458835347059,0.5136526546239681,0.3415505897110981,0.40938036137559874,0.46340856137452247,0.33817916374539475,0.8429736297100004,0.2583098447880495,0.6296931610497092,2
0.05919095056254745,0.7602053989137717,0.8332753577652625,0.21856365679934436,0.9937183892135916,0.5267205357814164,0.6832465916095009,0.4520195447172386,0.7179557180115355,0.5161117796075664,2
0.19688474671186545,0.8781156932573946,0.7131929108186272,0.9434404106133308,0.17886835398536974,0.11083862115639714,0.8413654643987407,0.6847770862596596,0.6417198645024512,0.030975064933471127,0
0.8363595623716733,0.5484966116894243,0.2596649520171161,0.9657279863587404,0.4968695012375499,0.6434061499514905,0.6115919140790681,0.7815554071443926,0.04654387790284842,0.15984889562103588,2
0.10681508752282037,0.6463873871707887,0.6669202353998861,0.9653582709790122,0.8804341063695117,0.011355865976383037,0.7760795096168366,0.9197450759357182,0.5662904431458384,0.8931659520182977,1
0.26000697886519536,-0.1657538368648046,0.6104419985322407,0.48414609301954936,0.499097680300166,0.31072614909552626,0.38211280613977683,0.22979250424140515,0.45529148173677386,-0.21046294424136036,3
0.7189184327545686,0.45569539099652184,0.5805037088034943,0.7615829690121039,0.5187334525008831,0.9108224240453852,0.6409696893205078,0.2980748919834286,0.16292968899151664,0.47799685401303343,2
0.6043843622265234,0.6754702442674984,0.14625674778571754,0.7567035983344331,0.1985981977196535,0.8933380837313476,0.102052757199356,0.33074908368705386,0.05504023838870455,0.3020287476606678,0
0.3734237590690405,0.7805114283882124,0.7715720304757948,1.0986253864717552,1.182976424976438,0.1545345223082244,0.9718414697231224,1.2378045961507527,0.5572628810550684,0.8173504688895097,1
0.6285560433175693,0.5526108863757461,1.0606985214170477,1.1685185775908127,1.0180425731694847,0.2774515615428221,0.12121584386212347,0.8557825217771071,1.0073791249770103,0.8088135090626759,3
0.6236008049467456,0.47072637148850976,0.7340361822457471,0.7640223387578774,0.5851310717356304,0.9369411724589494,0.5389209738037093,0.3228536847078209,0.28830771902020147,0.5464338150655234,2
0.05459222664207231,0.9532296579548323,0.6878690634827701,0.29997421121650014,0.9380992567903612,0.39225015916775474,0.6012097247768993,0.5814695244948392,0.6766166586751008,0.7139951944959686,1
1.2047607102259879,0.7991239701698412,0.11075428749542192,0.7437830675414835,0.7502460407327202,0.756718036471394,0.29120449260254233,0.7593349037121374,-0.24432755183564536,0.13413801596783226,2
0.3929855729397316,0.8541565949880483,0.49229624433732033,0.8114209011747091,0.007271214399542321,0.2650261913042481,0.5939501065403209,0.2670009913837024,0.1547069172874668,0.20308212821696822,1
0.5396578709511425,0.16713933504158351,-0.15273915191728116,0.45126862169829357,0.5668193775391557,-0.11463195492221362,0.1364283224978204,0.6673138777065516,0.008964092664599937,0.6921623787103334,2
0.010719356861588702,0.7806322155778942,0.2124638957068299,0.4742074007199824,0.19381466492873667,1.3829305945094832,0.057859034602555516,0.6444150994241384,0.3195259854163136,0.12358490924212319,0
0.7163605036799713,0.1373282023240907,0.6579463782540279,0.048737429807555965,0.8099247693487797,0.7317113719968995,0.486485141006166,0.7972827205708317,-0.07422184197352406,0.4823635010544649,3
0.5844030502620549,0.9312921722513614,0.28600607161557895,0.5627206050020784,0.9658269518331899,0.5216754179228692,0.9406904255431995,0.1459089071358474,0.8846334544662814,0.840876051485812,1
0.49285442817854536,0.7605591332610334,0.16769804690200274,0.4099585507502398,0.06711539045232706,0.9104834780180666,0.5112715808775344,0.4544188376527821,0.17390048704512454,0.9205734820498247,1
0.3332546292060278,0.9089535563752823,0.9260067073828999,0.586494304676098,0.6985502614124725,0.2274738315630242,0.8515930910471396,0.8909389731797464,0.5643947202717035,0.03187926501199754,2
1.0586392931744903,0.6763665971565942,0.4418736973986396,0.5338383790351349,0.22036391998146393,0.14594837298358898,0.2570883325073455,0.31565795332864,0.16616421104011014,0.71532807684845,1
0.05830828224324616,0.47817383441996975,0.6917361224265666,0.36525139034973636,0.7325507346311453,1.0370691244505306,0.7483382139598446,-0.08807154381435,0.32293862634630777,0.7883296299110154,3
0.9145957611865032,0.5526934995299105,-0.04443325454712291,0.9734636386104889,0.079414313356022,0.09146734873492848,-0.023496452854692915,0.8503939276545495,0.7645859307465929,-0.003510802958260409,3
0.08805583599877487,0.4828185973913842,0.40713932999746993,0.45276573127927866,0.5521470618027676,1.4071756333771874,-0.32908458743923563,0.7279359031565644,0.7815204702664524,0.36850102427184966,0
-0.05745089092674875,0.9813185964274201,0.6609976067150134,0.16296584362643568,0.8801206311721951,0.5679867923262305,0.6975111004569944,0.4403794768341778,0.6172081221639664,0.6819541171595672,1
0.12248170836198148,0.4010207709246153,-0.02494139815701002,0.046333884715176646,0.415777562765246,0.12175223528242302,0.15601011157056144,0.39196274902692424,0.9682666105423298,0.3124139732503184,2
-0.12759789871464605,0.27187026393942304,0.7108275893696668,-0.23888037349643587,0.6372442383023124,1.0933277246988864,0.37212122090323246,0.13482474911870262,0.48161152446671995,1.18305124231914,3
0.07155943842416115,0.7161702875382674,0.8903112218677682,0.5833651368664263,0.6971204179825858,0.6607159130671105,0.47975956989485224,0.48562884061811395,0.28872744981607446,0.4932885500377818,1
0.48482293507806856,0.45395875879110525,0.12050955943288653,0.4920474349328896,0.5114520570960205,0.727863013753363,1.0213101488776972,0.9092658056660664,0.38943746788201195,0.12771834191761183,3
0.9265970119975228,0.7418865002934969,0.5548104419919854,0.4844867203398897,0.27194496372122884,0.2636230962749367,0.24203752668969816,0.15516802497001775,0.3665398901812472,0.8493557984542327,1
0.5666250685445511,0.9610315858490267,0.27164780523356447,0.5712452501791947,0.9189608009483755,0.5599326562856668,0.9324453408981213,0.2009918919867241,0.8597608784113047,0.8841526566495786,1
0.41014977620564486,1.0009716521224317,0.7618252327346632,0.9297041612548136,0.8744128039965298,0.33125023724023894,0.3529248605813027,0.9658702921412274,1.0116629258573853,0.8376199519027577,3
0.2133005760276176,0.16234615842747419,0.39505112019423916,0.8701053535318268,0.9496795774663704,0.41084965315143523,0.49084826645779206,-0.019001289574365643,0.23254460610493852,0.36415011582827045,3
1.0309656179396647,1.1515246685098408,-0.05506126422741245,0.2621658718383517,0.29090430704735304,0.9282514598231727,-0.06468136721919832,-0.05227459760135461,0.28750482974767155,-0.0223410193976738,0
0.7651832397931113,0.033156234896199524,0.16202016655762946,0.6158316235885775,1.0828555327337293,-0.02031812414366016,0.5011396928314321,0.780431446207342,0.8480069504011709,0.5612967314109986,1
0.6508708175732374,1.0749837102661073,0.0691697510087802,1.163163149767085,1.0957256629566088,-0.15770765631510336,1.8845995216485356,-0.484868007081646,-0.016791519236998176,-0.2159681061149481,0
0.9025167941687613,0.22824526221405864,0.76198430728273,0.8850390569202962,0.6357689662508409,0.9166512083698307,0.6233039172866413,0.40455985805804456,0.01786556537319392,0.6360828059095875,2
0.8271384934990269,0.7340764823697329,0.1687345508301805,0.030159369678959116,-0.08611645499215988,0.5250729020179418,0.2891248199747212,0.7625340367313659,0.3853538161940785,0.28427717109275114,0
0.7542112079488155,0.667014668061014,0.4967866211681968,1.2050445523372113,0.7714569567864183,0.8101952772570951,-0.08406015444768411,0.7834952927942525,1.3115843084359637,0.8857379811489903,3
0.05178786140844532,0.7784087222265986,0.8445717960197255,0.222476854238993,0.9867706388612911,0.5329262519920664,0.689662080377637,0.459795722962594,0.7131498575106434,0.5093315661383109,2
1.5848060662173307,0.8128455396615965,0.4424719757783411,0.8503113730522253,0.14193427063465774,0.7741668429458626,0.22675870043871701,0.39777158325541984,0.2885016582864206,0.45822131218442674,3
0.2560380612395864,0.46969848174680806,0.29376521000840833,0.48996939623333,0.5130822133544344,0.9455485140743352,-0.038271038376444175,0.40328120629397224,0.34056175996705274,0.04348843221684114,0
0.26285986005029693,0.35373217364345827,0.2962750160168262,0.002868507264106892,0.7428439689716841,0.8750262852031919,0.6819043850833456,0.03984327296274071,0.6678573691221322,0.34801088109116135,3
0.7426471992441295,0.641732175899788,0.4409200174082158,0.7596104755890823,0.6689148258334074,0.9277188876376536,0.45828869564512587,0.4426495320176945,-0.09767002365318855,0.7618766505057839,2
0.9923977008396291,0.482862730297557,0.014115169264960939,1.0704301660920204,0.11825614870937298,0.07622496040280875,0.17476578939887596,0.8342478556050944,0.768073114886882,0.20700881802543694,3
0.27408786343677194,0.9684277678879917,0.6710286450887475,0.5182198876334199,0.7836747121783223,0.6040610579104871,0.6129078150039876,0.5324924020490951,0.15829123638307432,0.38266726020017383,3
0.946072750404862,0.7007764713640219,0.6598500957650327,0.2088918299224193,0.40870397711414835,0.4596828516407696,0.42970734709337877,0.9512287400484515,0.623417198193546,0.8259361045807815,3
0.5981800919625404,0.6356611343415568,0.10186412065375208,0.7867856430198344,0.18488742488461882,0.8815574648554486,0.03314922409895158,0.3840026873032387,0.06133798933250677,0.30299661300021913,0
0.06644404886259922,0.9498285445578268,0.6541149230608109,0.34612197935634237,0.9001939462141137,0.3979324049048293,0.6056121234540851,0.5806116134008159,0.7072707960744846,0.7139418514976963,1
0.8781592246134545,0.4687879636441972,0.5063708108788691,0.6393386380081526,0.008573115426207825,0.2597237992389084,0.09409713415756173,0.536785265639628,0.2966989429490243,0.4454517301722654,3
0.05606753865254461,0.7738887910450936,0.8465064969414843,0.21868232894114634,0.9870745889946233,0.5312286244734202,0.6854626128430945,0.4616598038877622,0.7160527850901782,0.507371284640804,2
0.7778117002987686,0.6411387692107351,0.8603257622454871,0.12851581262858733,0.16584224985815407,0.08901953318175228,0.3136377660789321,0.8995368795532245,0.9415905499672255,0.8416003902035406,1
-0.26112655258773465,1.4057444612228007,1.3496594251497647,0.8244188461713345,0.23361596445856883,-0.11026807909080952,0.4627913396792193,0.6504837675025233,1.8208449887212215,-0.44086686632512384,3
0.7711918275790809,0.5882461830415543,0.5165802173627947,0.5713470688289005,0.1454867090546731,0.40615288215965883,0.18560656527325256,0.5503129420922811,0.4295513418191688,0.3976341702095016,3
0.4751805163211511,0.505840044322794,0.19380172644022778,0.44902505401364146,0.33422251902765815,0.07449012462437536,0.02184337230230212,0.7348977462117374,0.012316857979518828,0.5351848349103121,2
0.4618311678902688,0.12173373330212278,-0.2219511831458164,1.5309879124063515,0.29848506163527927,0.5108962805520499,0.12877518830101725,-0.0650464781774947,0.2882905053913803,-0.5784540630433599,0
-0.8165367265678837,-0.2744292584125222,0.3476390270827804,0.10051254832566901,-0.012897627424255487,0.517716364615489,1.9191098402972777,-0.30964332042913767,0.5821717624210736,-0.9470489323315714,3
0.2726716503412818,0.49940091812380016,0.9381623346548358,0.7972759455635118,0.4065597799189028,0.8803298928918158,0.6052970174736604,0.7595322207237911,0.3047776529251329,0.9030936410432823,1
0.055169070313322376,0.773594143659651,0.8478497414500263,0.21968177323519553,0.9868248444155684,0.5305012344186638,0.6861659181791294,0.4621257449326957,0.7173205893520586,0.5069664104489378,2
0.29939826056595653,0.852659285696928,0.7271841306674273,0.5490265252962064,0.9171973133244002,0.5817972843962673,0.5039259641896524,0.18296348714165472,0.267826723099632,0.7705330229734937,1
-0.014148361323905206,0.9819281203436951,0.8596866665962272,0.8010624254137426,0.12842636808160007,0.2677768768907596,0.9495012309691896,0.5918788686467062,0.7372399368184592,-0.000595733341059515,0
0.2412701806123747,0.9868451768976985,0.6428672902446619,0.45020082556428237,0.7809691570402231,0.6469075308384612,0.6485461843526568,0.5192785553345497,0.18327603409336285,0.3326793658272646,3
0.1734106637145349,0.5670355807350342,0.6178038645790557,1.0249182625129598,1.0008904906205252,0.05570515478085974,0.8292468230989402,0.9274467128025592,0.5675447172087105,0.8971381299845481,1
-0.16590154501678045,1.6235169694506577,0.9230424065019285,0.3619165843948233,0.722107474937062,0.6226592844367376,0.5306409322868431,1.8209621989364775,1.1185825108928114,0.5224002424174523,3
0.4113928355178166,0.5526724894682519,0.3774484004442432,0.12717197320462859,0.058988745627312746,0.6549151565175019,0.04722441202790281,0.6147348574680737,0.94415179722187,0.1708749859252165,3
0.8579745959573268,0.7680307541430959,0.5324976752303074,0.3956663708378142,0.21609427613763238,0.32075646107520533,0.21844081021671338,0.21489484248526905,0.4542422087693011,0.8459887215618498,1
0.18386782062939433,0.46228855759571896,0.7161528669898886,0.41066727384201307,0.638177038026569,0.4635105118380649,0.28792070199394787,0.6011290515474382,0.16727889170683022,0.5088105466592436,1
-0.09693321496764076,1.0186642764138978,0.6329126989825126,0.21788596837026405,0.8335021587523097,0.4865540709160242,0.4658082434125487,0.6758359665351182,0.8521266600011065,0.8064334337948598,1
0.7249756807133572,0.41963366121702594,0.6072503412082806,0.7325339402338692,0.5759220795892018,0.936227216636199,0.6206853285758241,0.31378570997728655,0.2063307117788555,0.4751274234915032,2
0.17211646853706908,0.5523006292044906,0.7543374842930283,0.42501146642806464,0.5440279054594543,0.495388799827963,0.5063322521664334,0.3017898765357296,0.46754320804347627,0.4057874328234749,1
0.4275374273038378,0.5824261582624217,0.31206487067840377,0.6564721134364611,0.18591881946805083,0.9242346431723253,0.18196365164867861,0.14399355377641912,0.06511070755036784,0.37686041176524254,0
0.33354731404891125,0.45791281705504694,0.4662704920570974,0.20820514507461765,0.520322862879965,0.7090194224632195,0.8292791352666075,0.18506634977927178,0.3853529013313573,0.5202279695140126,2
0.515798985843887,0.32970813906635466,0.7487001443822808,0.6551337621552564,-0.43898620606694705,0.41147850471472164,0.45057617901808283,0.5968191790577027,0.2612315345751809,0.5372708940100883,3
0.22911333917423796,0.4680538243839245,0.9904259296460166,0.21158810470275272,0.22693633575287056,0.04344075105937719,0.9460008129191879,0.2227629055031875,0.9855564498904691,0.24586832421295904,3
0.4505210089503662,0.24631385009675924,0.19662733470574334,0.20946719521019344,0.3993304451158385,0.9035191902272853,0.8627987978866852,0.15832139802650874,0.4168172857567145,0.032034113187179955,3
-0.006257915775619738,0.8099279692316564,0.8907780382930521,0.749295489951619,0.6663797031286676,0.6766075097510753,0.4082573835876416,0.30125955384851766,0.22500260546954823,0.5451543066500921,1
0.5585955013762702,-0.06683807207475562,0.18261251705657747,-0.07328261975417336,0.17121389778172075,0.94746474439132,0.7890254819279243,0.24455819883070729,0.7942772642690191,0.19159288070981564,3
0.8859925475487189,1.476616015692465,0.1718841338424688,-0.47836667763847185,0.47244179645118817,0.8071778941096404,0.7825603284312177,0.5643700253627701,0.7557143210336551,0.7114032325898503,3
0.5365999699036501,1.0602924076740599,0.4729499085554627,0.9185464840912825,1.0951328493288501,0.49778535670382507,-0.146784944133176,1.1496519627360058,1.2984711675614953,0.5164569948266049,3
-0.05869903975410806,0.29345497095754414,0.5104345878433398,0.4960290968491242,0.39023301966426566,1.0989810895802705,0.4391497560488698,0.08540258790153353,0.3075538759940861,0.33716605438493114,3
0.2911207317722375,0.08986265952186168,0.6427004386318389,0.4397768144041805,0.987936224174286,-0.03542403357192536,0.8681063740244795,0.5543317380826277,0.4866463899792029,0.9627037245288179,1
0.5390165036510044,0.24895035305696944,0.3793178257507155,0.5473964388938513,0.3406920247118004,0.5503280909216012,0.8041714280728289,0.8957558540790131,0.4393830399042724,0.4726305219557932,3
0.08183459250837025,0.9996443365146696,0.7483558402321624,0.2657828295588487,1.014572520266133,0.45698417289717663,0.6551062509768518,0.6567295078112405,0.6685026159664609,0.6399868885497753,1
0.6549576159126048,0.13202504429456927,0.41940792465276855,0.4814736500406514,0.009878986035237083,0.21410005557482215,0.1012661740747998,0.5858681564238665,0.6070088534328251,0.8707421295983625,3
0.8378665049902205,0.8039530903591816,0.463030785007126,0.47574753762637817,0.2526551800927315,0.14058642804365984,0.31244915927209416,0.15869267654124306,0.28047520026365075,0.8008118654263711,1
0.19521635325351838,0.8517824865871947,0.18230894096365446,0.5147402871726515,1.1605016298883166,0.05289151595603925,1.2922853612319025,1.1527098469782973,0.6746344637740489,0.537608832013615,1
0.3657470567854914,0.0778111357313424,0.6547093149006477,0.2883150448391046,0.9993103769550135,-0.05213571094972222,0.8304792422251086,0.48242819369125894,0.3463954455700593,0.9553647149183665,1
0.30582497425805144,0.9048731250894233,0.9401559119443633,0.6838021549472062,0.8019057108097617,0.22281635907029965,0.915233783793384,0.8887406192379746,0.49910065938143083,0.04535444168634596,2
0.9142929184851126,0.7361769115998034,0.5330956099084315,0.4775678861916463,0.2686666624195402,0.2601043874287881,0.23029579247240492,0.12379203876147186,0.3814597779319296,0.8682375044100821,1
0.7721980758536542,0.4741102575436193,0.40495051780749297,0.48141093326823087,0.3500128583386307,0.6280909440379367,0.9603544459302623,0.97275815797135,0.5549078828324877,0.34528813634695915,3
0.3066187763156786,0.8763604813252779,-0.11218483040956526,0.3674120478862822,0.4789751880703555,1.059874183281097,0.03455772025025386,0.2706234834943043,-0.2625215661557465,0.17252677592261673,0
0.5978912032318174,0.8212437869539994,0.7925078905661709,0.8905648070477254,0.7934490116976207,0.44785877252053835,0.1026720418298126,0.9352278195023822,0.9626394979922012,0.7945286828166018,3
0.42536394129747185,0.05833574484410067,0.6952539600829891,0.24735135479637632,0.446719402243635,0.6055803424466152,-0.3800887657598311,0.3623011704730239,0.09320788311064365,1.389211319998867,3
0.08691819922811386,0.6911091754827159,0.9587287854221512,0.5984225779183329,0.7361782299899304,0.6131577064266354,0.4476861142517637,0.46046165168857434,0.31710325083136276,0.5053270069615913,1
0.15722392166524302,0.9641296953371467,0.7586079761304106,0.7324281829262583,0.23602896584036018,0.12407579733640567,0.594007585256528,0.23317872518918176,0.2597736516326602,1.039469628414306,1
1.069314063262399,0.626857187709031,0.1284295771497143,0.9047344521847102,0.6681517766484606,0.6674609450288376,0.5747499910821937,0.9570983524667614,0.012236211834804413,0.06233093106281241,2
0.2083894228247305,-0.22970684441362266,0.8435511935259217,0.2718814718090507,0.07558519450664625,0.7973509956623637,0.39088116300539305,0.5063647524221568,0.01828441203104819,1.0150934064627282,2
0.4018086616009326,0.6778869732583924,0.24715310091767473,0.4008881744638131,0.4268916219840612,-0.0857160875323677,0.7312764381984959,0.3228041121241027,-0.08784572967487103,0.8528772178380634,1
0.05406592234465788,0.7702599175616066,0.8430593741602106,0.22000234608504743,0.9907295192661263,0.5312864483026474,0.6837776374461049,0.4586540420687961,0.7123552390953258,0.5050044825006426,2
0.4240999295822734,0.5626242013822578,0.3954103718345547,0.14294340365705485,0.045973602654415045,0.648929333528378,0.02954405668552506,0.6304436138053244,0.9314312512929994,0.16158584242401136,3
0.2055637020676392,1.0539147046722008,0.1323663231431792,0.5044673421048691,0.5396141816320505,1.2590960617644198,0.2680715065114554,0.14272411415042052,0.1825387776759011,0.25029196301773565,0
0.2965025701574295,0.9065854361026005,0.6247149604455612,0.5151462115120657,0.7983753941988195,0.6708326232024122,0.5651886700109454,0.4696204279849305,0.21561002365997275,0.38397606981453086,3
0.741872992584719,0.628865265851712,0.8491842728185358,0.07895250179408644,0.1316337968778357,0.08338528134308391,0.33177098958613177,0.9110729581505753,0.9114343939220281,0.8470682785284501,1
0.8808152809415686,0.9026212833345633,-0.011885617616322258,0.9147329813657858,0.38652532371619863,1.1349537709774566,-0.0611768274384841,0.4850913865217621,0.3359793938909897,0.5808033002259937,0
0.8463507848438286,0.6687456121039681,0.5621839337919644,0.47623540156546695,0.3312717983569527,0.29397017448152557,0.18656532336709664,0.03649509765395083,0.33618249304038356,0.7514105797237121,1
0.6017156556985701,0.2659704470373548,0.6365455781604007,0.04770598123296754,0.897201080852764,0.7432331485583042,0.5835204323811863,0.8590188069133704,0.04535934000285244,0.5473914262113304,3
0.05743652343955178,0.771049871401947,0.846555934356514,0.2171027640255235,0.9851866689305387,0.5323425814246209,0.6882181499208412,0.46151136952512517,0.7128091396604002,0.5086835682112538,2
0.48942835622201397,0.6624640656568511,0.5921621940017184,0.9548315654936561,0.014849887243038996,0.3680326231901222,0.4052394142614475,0.2785374128204545,0.22023851211386314,0.09819989325532451,1
0.032002409557165004,0.6627369936439531,1.035251846911628,0.8135035007406944,0.615050129617366,0.46598727392411354,0.4230867682004964,0.6228841231797438,0.23216345443291134,0.7006050334197347,1
0.38480585432662684,0.2493689786736326,0.5611433861480865,0.3318971113790934,0.5877343282477365,0.8976927790282595,0.9432788727229634,-0.06836024527957163,0.6079974778856131,0.5184913953293183,3
1.441128260039388,0.5317828575530485,0.9757243941073872,0.38127869435022316,-0.1510359575494475,0.41611989345954437,0.08391996842596626,-0.4910577951839503,-0.46304439653791574,0.08499393542815864,3
0.11023423648853134,0.08406012773067842,0.3937808019156046,0.7551521604379225,0.11043307190669241,0.406349329117151,0.5196752567164278,0.8197988407578267,0.3903370620678905,0.46270924316129297,0
0.4354744434593945,0.20296652546772342,0.2456597247435726,0.20971575740013448,0.3810185927226754,0.8107790541097102,0.9145144657028009,0.2956512757312909,0.43884943028136636,0.07378862327316638,3
0.5947385297168003,0.9694960478769709,0.2979031782718784,0.557555710915213,0.972987140356833,0.4956152665363687,0.9664394388635112,0.13487513510427399,0.8838593411844881,0.8232992438217126,1
-0.3639811239771156,1.0215605086470732,0.36363772746636963,1.0085541408328873,-0.06828287582540737,0.5615526382991041,0.7446066459791936,0.3432910725068932,-0.2933358723909836,1.23961570110228,1
0.9606953620048616,0.5553580806446013,0.36330462061430924,0.903979983311537,0.31888632495124963,0.945090256191957,0.8724464407510216,0.24056103287683944,0.1546976654445938,0.4564972777098936,2
0.46332828560160755,0.2845252555790039,0.7135293065132274,0.05037454207215834,0.20383033988994329,0.6372510754011149,0.10765093052687272,0.10593975119784457,0.9827647921438061,0.33039445836574943,3
0.8929966543406974,0.7236813534433727,0.5317862284924735,0.4651253912663319,0.2774093723291936,0.25646369019271803,0.23905551600874403,0.10997702028404144,0.3795520267381709,0.8479798250535641,1
0.9277085828246447,0.7122683846746585,0.4876440915064831,0.46200213811951235,0.2440722158170692,0.2638321008973379,0.2692671558843762,0.12093308770237766,0.36395555440444005,0.8390821547462737,1
0.43168742740515476,0.8406127666827877,0.5264062189433256,0.845266009419411,-0.07100775121990863,0.3274671849767489,0.6930088593395911,0.2847244799745674,0.1003514473871791,0.296275729716432,1
0.27160023851555276,0.64158717551921,0.5669252808958617,0.36974249681424076,0.16645084994133652,0.02718409379292118,0.15330851968287423,1.4544473255657255,1.5132665870776085,1.2717980635725792,1
0.05606061172636909,0.7736580183245663,0.8472985132720746,0.21974481099179508,0.9861021878626314,0.5315513401698424,0.6843950231371242,0.4611932264369403,0.7153319441941631,0.5067905815829513,2
0.749688633583301,0.2536471106564894,-0.1326964183263214,0.6729782078416684,1.362510647471813,0.4772867384742173,0.6480739146821941,0.2292388966979106,-0.2187506787880964,0.8289194266341606,3
0.5235600121186346,1.208461717461716,0.7764508377759558,0.4875461323745925,0.6932283640035739,0.7424436248956403,0.6073802022088649,0.6021436109247247,0.12829844963557524,0.11592653797462704,3
0.44181792717422036,0.49203739782181716,0.15178247980107146,0.6803194883277733,0.43740162771801727,0.5666069498341471,1.0361598928623912,0.9360916729332689,0.5649005128190686,0.22910695495010275,3
0.38887231687064355,0.8679004539540248,0.3543936332043999,0.7817546569027651,-0.11140752035347133,0.42972583831111816,0.5174209198575807,0.3225837123055648,0.10392815018914281,0.14109037654416312,1
0.2619024358045565,0.3305267630737645,0.3193903244456251,0.05878618109386366,0.7598458622007277,0.8517173636858867,0.711694345648015,0.08623369097254205,0.7103668470516716,0.3832941028168736,3
1.0543850009215099,0.4275788007527037,1.1689725276474916,-0.23105608530119726,0.22447146796851364,-0.12453927227068246,0.6097775579297308,0.6246668028587392,0.5790121381315971,1.0809438520102048,1
0.8477614675050853,0.7699661361300232,0.6133978160377833,0.5806990706522333,0.32077703372874766,0.22701577802170958,0.17107971677833142,0.22818018659696804,0.33372194477929473,0.9474907288402046,1
0.5019309960440684,0.591286425615998,0.8358507427484301,0.7842481561487269,0.2556295829916675,0.4712044464704451,0.461131827522102,0.5503588874390482,0.6157522187341834,0.5254855081357764,3
0.052421855436687245,0.7678072044331569,0.8491139797407241,0.21469350880332422,0.9900414791772292,0.5277713859492288,0.6833033421982114,0.4712225897365614,0.7086679762834722,0.5028365478657254,2
0.9483201124465597,0.1366820095849815,0.027477380396085462,0.7495963672103051,1.0054282347145804,0.17855259088017114,0.6280033819654981,0.7088646435448324,0.7241988759179411,0.6607408162984579,1
-0.015644166229107526,1.2943628697877334,0.3070868771817272,1.4922507887944483,0.005590310998810244,1.0105459921001996,1.4417939501895796,-0.17929488722881187,0.17367607243993166,1.3553901331826754,1
0.20694088762938634,0.44032584553180115,0.03907970815445458,-0.009784298027739446,0.46211667239176113,0.08339711175836487,0.11219729252851265,0.3257247462926233,0.876146973714446,0.30996749515619776,2
0.6443586493442623,0.7356097036085818,0.5254187689296513,1.0149402342668954,0.9164979937183649,0.33598798939749197,0.040891839959338316,0.9053679961785164,1.0710948529275242,0.8363769166024038,3
0.4432109737863459,0.6941386875247123,0.2351495648729039,0.2806280153330965,-0.10360943631173938,0.8941527176379405,0.42663797774994666,0.28411172446899824,0.2737865855781872,1.02434219843641,1
1.0350778353721977,0.6986918885717158,0.2354803346031658,0.9202212445007006,0.6560732102400566,0.6936333435334865,0.4746318959791116,0.9417588282185291,-0.02791274673571223,-0.028089117233295047,2
0.3767788734656136,0.832068210778382,0.5103961684436034,0.8093654839872078,-0.013719578315555096,0.26028439666560266,0.5711064476151064,0.27747003291675926,0.18556261380614875,0.23393178645361412,1
0.7882544400214901,0.5456700831009816,0.5688766933994596,0.5738614344528452,0.07998081346181257,0.35442901970580976,0.1723840798464595,0.5355207075643555,0.37648434447365314,0.3972131891079518,3
-0.2805241726709065,0.682388684819148,0.5693031344581367,0.7476355520621842,0.398778353019272,-0.1170507199247976,1.1765127992491768,0.647925248373078,1.0309973697515429,-0.1751042107211563,0
1.1335408836187775,1.196409235405223,0.22235281588562283,0.9479610425358236,1.2464159003240414,1.246548183399113,0.33748238189604507,0.6704407084765835,-0.2616300324209207,0.055401195448393635,2
0.34871030235636913,0.8253140589444554,0.39942820616592806,0.7995647359866127,-0.02835665357108376,0.2662220575083516,0.686499343549719,0.30191705502235794,0.21370207094906943,0.3113670434600997,1
0.20472075397828288,1.290079580454552,0.5125620830152369,0.14386121348029843,1.2122049057054145,0.03541129300475587,0.39826693198010493,0.40216148691006076,0.6356612339641684,0.5854094687094386,1
0.35709401146162023,0.8720540871741839,0.5879394207509485,0.7661282824140868,-0.08148910068180108,0.255367091953753,0.7099227225141125,0.3013888825780254,0.06685283899154155,0.20667491394502469,1
0.4784030013574475,0.473516446022157,0.1316220824486634,0.7352047549157029,0.2622575637199656,1.051065348870396,0.25015157166709967,0.4376227169811856,-0.09607149155970535,0.39034293479212756,0
0.334162624718654,0.6337472506298591,0.20853862673889798,0.7206150521968993,0.378017160838119,0.8544886094785087,1.0013667246170814,1.0523734547993446,0.4068295598169016,0.02229939087270258,3
0.7320808481274735,0.6106219794954311,0.601175476460893,0.42345570128655974,0.6221704990794356,0.2788512894570714,0.060161942943770974,1.3109144453441557,0.7060440608789824,0.4055045424524336,1
0.2888643044130874,0.5749626749223562,0.047154912756590776,0.2567846416034869,0.5674417070518177,-0.07102372083485223,0.09507679370239958,0.5503279565547045,0.7271944052721001,0.16215612425851056,2
0.1532631968117192,0.4363212338149655,-0.23794685025900353,-0.14686534322596217,0.5855630165568386,0.1126154099377503,0.1772949580289362,0.15044766650085742,1.0101497867133375,0.39845298027863846,2
0.20975821365311614,0.27935272645779496,0.10409680094244882,0.016787791729929828,0.32800769921279205,0.0935416231749221,0.4540564859641123,0.14010900196748266,0.5411279137807619,0.007474692034575181,2
0.12653501485643112,0.26307327049782114,0.34621691356338957,-0.1345202175714345,0.6400025465437305,1.0344131347952583,0.632467546436559,0.11308003468881234,0.7469789594970851,0.28234629614043993,3
0.5229519257661221,0.28140581827411165,0.23231374409542674,0.10046809178639315,0.3776375794245513,0.9306644332820083,0.8986113718026622,0.20651126674813094,0.44778053429764175,-0.015743641702827244,3
0.2704246855008952,0.9429968775188514,0.6932764943068603,0.4657063344034453,0.7747801659739629,0.6591202652931397,0.5837688368848534,0.5308189327758012,0.19577593340867117,0.36058882769570194,3
0.30844103697308883,0.36563955801642606,0.3525036494562037,0.6364045209728552,0.7276299628215463,0.12861969939430223,0.466269565090389,0.31402515201066755,0.515929137685105,0.06796350852424934,3
0.30633445917096147,0.424615299841044,0.4882298831209604,0.21549823853985398,0.5420421639443678,0.7157930753058608,0.7649102802213471,0.23317232648218908,0.3665069161433346,0.5146723792885756,2
0.17928115315054702,0.15668305518100928,0.5978922178926454,-0.3193217553903535,0.8505421112940299,1.027256614640713,1.0417286787912108,0.2055842907954482,0.24406362520349523,0.2582454891563621,3
0.17295604070696008,0.05726366950367535,0.353363714677284,0.6948967156075664,0.0798114318120427,0.3622026718656593,0.5548615539722119,0.8836023810432655,0.4619265429686025,0.4215568963039748,0
0.4183710913019987,1.1308620198977288,0.46906261105584074,0.6541292749272947,-0.29703966153228045,0.6859642555946122,-0.44022959775555803,-0.1298938124838756,0.4264119528897992,0.28294274715587564,0
0.37074657312782333,0.11442542708056211,0.6008750880666855,0.4744617749644736,0.5486244627231901,-0.11877058678290503,0.5793136162200803,0.6286699691058358,0.5424829971766939,0.04979049613434204,3
0.02704374614424092,0.9352550923058607,0.7192474774694089,0.33545407281930245,0.9091815623240808,0.39842341149910343,0.6333126576594622,0.5704436793656228,0.6445924329901349,0.7084895437091467,1
1.160780028642087,1.0416995081242704,0.5453886994838684,0.6209710157443532,0.4606107854551845,0.22335647107144285,0.24885179787177733,0.771069199939073,0.14917720766978593,0.24960104174641035,2
1.0459957345944604,1.9965958636881758,0.9951694709382464,1.7646635183231658,0.4229215477749044,0.3665635455215522,0.4830395151501713,-0.25714140647584843,-0.27088946762608235,0.24590777986389079,1
0.8867382941727762,0.6362261595737273,0.242091886408337,1.0132662076913719,0.6952392412568971,0.6779307076598869,0.5609853826810512,0.9238285247815642,-0.10450880380354471,0.16149130866434908,2
1.0159616357317858,0.6474109698340527,-0.02432438213122954,1.011668581412606,0.04908903335765737,0.13354381269634596,0.1749028200787236,0.8088111614150214,0.69579947333998,0.0012694880281359719,3
0.3023023936800322,0.8957797846012796,0.7189356460173696,0.7741838400954032,0.4568810040557679,0.3619881987090662,0.8310855555290474,0.07325767447487154,0.33887496697184794,0.7080951634990662,1
0.32855438138288684,0.49114969560146515,0.77722958887544,0.7667249570791543,0.7009719970029777,0.32324258690761437,-0.18172153752284065,0.7585668235139725,1.0035103146308622,0.7448048493023245,3
0.42295469987607043,0.8572856478678851,0.4598081403838263,0.7590104566388315,0.05059449501291235,0.2256132174125609,0.6006651880218234,0.21762757885078066,0.17451608013012435,0.1892737088755461,1
0.7896596273355326,0.8611181379572819,0.6827838931261593,0.31910210434857705,0.8690238113339271,0.9704033913088179,0.12060441461473118,0.40404948600176693,0.6711036335197306,0.43244893421625225,2
0.5610168086882272,0.41801425293735894,-0.0029533315653913483,0.716394178224592,0.564931662627504,0.5221101309902391,1.0049586318277672,0.7200885921180037,0.6055566112167291,0.17170528976643454,3
0.4016178275910549,0.884266669376843,0.4282176640382242,0.7446554217571107,0.013260662822751162,0.273515250061242,0.5408672069442462,0.30444122696426273,0.18638795690495544,0.2056845801605066,1
0.22195895053875328,0.5069519354351754,1.0198633755215671,0.1919266717319844,0.22917559969485282,0.0816404764542254,0.9698669994791225,0.2741346074482551,1.0086879479855213,0.279512776484669,3
0.06283042153877008,0.773257747104426,0.8436709073854101,0.22099938855767065,0.9900511662705107,0.5317701923871067,0.6862159219049496,0.4557173038643112,0.7206022286724584,0.5037915346225251,2
0.9937017924146695,0.6324814827761307,0.18963634407373534,0.9346210325394977,0.6080197180636672,0.6780962938527558,0.49538063010785927,0.9672129828840215,0.00797974348967078,0.04043478929001513,2
0.9210854743683777,0.760213186921499,0.6168462277464739,0.4901984336521718,0.18726745122379623,0.2909400854789575,0.2917101600040498,0.12587107149250285,0.34620825671160815,0.7641694217791942,1
0.7212472553027728,0.11980281076887594,0.26037851482694596,0.7576914291461623,0.06480238369250912,0.16105454710778366,-0.340418722090096,0.501936203583645,-0.09798338519824998,0.7062552414529826,2
0.6787356368185475,0.25606893421905974,0.3553918498608793,0.9655218199347522,0.3208350988253932,-0.15264153707642047,1.151888879771516,-0.24568187081205944,0.11120649447163561,0.20015898126955445,1
0.3148914033934129,0.18687894752418457,0.9420269907439172,0.37813154090406415,0.5968812690631715,0.8077939826918707,0.7950918553865151,1.0923258409365988,0.4105308210136794,0.5060239356294824,2
0.09711938776503443,0.6508400413535904,0.9232533731856267,0.6062413662443352,0.7364010822803555,0.6376114196003138,0.44042524554582385,0.44419812639593387,0.32957792342477465,0.4812012299801614,1
0.651896472201164,0.7718338176504741,0.8444607974831665,0.8286296735703377,0.7031221987849162,0.46912593531109925,0.11861974881939552,1.044777399764016,1.1568946128287732,0.7992061426852353,3
0.9360439307489816,0.69758822295761,0.08213726503845226,0.9971943369003587,0.7416860978635389,0.5980775419035358,0.48381100858401094,0.8111111140142948,-0.08371731558549962,-0.10489870739005999,2
0.33162421993252184,0.9420910890852464,0.9039296910724137,0.6075376407130066,0.784949192400749,0.24187253910544376,0.8531554218819278,0.9298616328500359,0.5619147874762467,0.07620366677404343,2
0.5857318959437419,0.4042466172780669,0.5575567915987742,0.03920458762752985,-0.05401543326493058,0.3448503540863763,0.7098036384487183,0.5860762561277432,0.8014637124740481,0.7056760647258599,1
0.8462495380481995,0.6167385158625176,0.54413082342874,0.5283497324789018,0.2711745903052894,0.28754864001498753,0.19578628480190674,0.18683025489927133,0.44270242567372553,0.8863089591698976,1
0.3051184996862348,0.9161301539558058,0.7127238012288357,0.7967635550212528,0.4446821211486971,0.27846998395218037,0.909156235144415,0.10566593594183402,0.3921102490065791,0.7398007256290914,1
0.6756903435664061,0.8232633762173603,0.9860365877458465,0.8080373662081214,1.0336068732509502,0.2504948476570783,0.3655671357596673,0.7246958325939294,0.8700741945203387,0.8795155450300418,3
0.8791239036093159,0.4953388244278667,0.41435916035039055,0.7244818554868537,0.2819929654994013,1.111090422708778,-0.028998105214077766,0.6434323090798558,-0.2160170209861056,0.5829603074141936,0
0.8533648314221138,0.8716168443934612,0.9064690567916753,0.07074323738283403,0.6953013123188063,0.843258417149668,0.20994484516625736,0.2614849852926404,0.6577814934419755,0.4483533329954544,2
0.05301387170445165,0.7776237007440077,0.8442391922931808,0.222728819161907,0.9872885097973106,0.5288558400829937,0.6812038031039914,0.4622064444181688,0.7117619860230379,0.5114296226707322,2
0.7645844371748586,0.40965882438874185,0.7653252602280519,-0.09345534852662465,0.3414019838221983,-0.009596392393095135,0.48444576986438237,0.8738612992143034,0.7521397949110137,0.8725178241762697,1
0.293776200443167,-0.0007237468308820272,0.1461759860382707,0.09959603796724585,0.2720687249526407,0.8716994378500815,0.18821180586555641,0.15716727429185073,0.7069788980691721,0.6089877482243415,1
0.7966570644441971,0.50907669260503,0.604610855956289,0.5623643457212533,0.08027665593379926,0.39043558106356435,0.15354927904044174,0.541431592631818,0.3959053800103537,0.4011830377161175,3
0.5659644017352893,0.12484948553817235,0.21454550185215437,0.9615570543512755,0.8663416891071832,0.07429342511250488,0.5288655460481059,0.9843459872534398,0.7149877340281128,0.5613522497952533,1
-0.07240485980009406,0.9713079241026058,0.03114779502086083,0.1181405686676181,0.7853800495107472,0.9916169146265743,0.6931027206003524,0.27332834602369926,0.2945940376939189,0.68730882849052,0
0.6485646345712377,0.3210862069796436,0.7511737707655692,0.26790588874754556,0.7175357071498016,0.6360018420205901,0.5164407467994919,0.7264435972018162,0.41637644354343145,0.6742091550219103,1
-0.2647260049217629,0.24625463090293878,0.6739532015319127,0.9920091385177174,1.5566880270831285,0.36720262410654736,0.2007643673243017,-0.09918457377081097,0.19322057250543692,0.365253879067426,3
0.28453268737233683,0.9697286986350233,0.6757920961220056,0.4892053478359458,0.7888756350069881,0.6134121730674316,0.6060883218121315,0.5116972436483511,0.18225628252363282,0.36582484020273737,3
0.40436483646333515,0.8540607107050189,0.5816072232959208,0.9046067631079296,-0.01001579752341369,0.2542338315775376,0.627279505856521,0.17950487614947425,0.048622327162875414,0.25425624821765586,1
0.4194493846230905,0.5069217535008066,0.22761683962631368,0.6187362802409728,0.5414091040934051,0.6890120802598895,0.9970131959200553,0.8721283431643183,0.42176075778602623,0.2634903839385365,3
0.2539710335782636,0.8840992952741765,0.8043749164703728,0.5937566248054393,0.8897533871330917,0.31384949519825,0.8280179751186464,0.9750144322365061,0.5789353606264057,0.10338629319136752,2
0.37621588466314165,0.11930789576431657,0.19613746149232103,0.0038042908230408456,0.31726444676591986,1.0707140730142342,1.0267826982443407,0.30290091352733295,0.7430026817289611,0.21030595824241805,3
0.6276458059445766,0.9132231942686232,1.129356933293335,0.4707113357750319,0.06427068972756811,-0.18787667259137442,0.1894021335495015,1.3342226909311128,1.3859003090696151,0.08918778579991404,3
0.09865951238265695,0.6647389747818465,0.9358459613338755,0.6152924244139759,0.7135233759800595,0.631930921579281,0.41815997666101695,0.446665118351895,0.3380375094813206,0.49537730476966746,1
0.10339470437945361,0.3970766529360211,0.02042082860425318,-0.034166356101913264,0.34128201982589973,0.11600524700677005,0.14735503139023798,0.4112806978250912,1.0047128028370955,0.24731775755619062,2
0.666663178599383,1.057353639694587,1.2870588551891975,-0.26976594545698074,0.22281782354554586,0.3393828500999346,0.06728531975744056,0.8787736633890074,0.6949513880679153,0.7952092639491948,1
0.09999483800980914,0.6664535945785675,0.9349388760016738,0.6138463932839745,0.7147580854557049,0.6341549433183308,0.4202153229489861,0.4476140566438622,0.3399665377303903,0.4961418986863751,1
0.06099305966040832,0.7793276137718756,0.8413722306229552,0.23285674679563975,0.9826095794364811,0.5218430567032192,0.6860138648801914,0.4515678425561449,0.7293765085257263,0.5024978558510933,2
0.04399260312032394,0.5587849826212129,0.8342751787860384,0.6062507806003458,0.65741407145819,0.6819060301711874,0.30527459035888627,0.3536244596629008,0.2245409221954523,0.4197877775501424,1
0.46440868702212945,1.1836092278922565,0.886431624099828,0.4899604976071573,0.8882128044188923,0.4223953443468337,0.5339207666702358,0.840446443525951,0.8463665666322173,0.2832362521655254,2
0.45129292027142,1.2771537793376098,-0.798159659885794,1.617113561302126,1.6519103281575256,-0.520424159438095,0.4095811487657979,1.3148656815525699,1.0299880112740496,1.1155308288567418,1
0.9318480191600689,0.5745709426861975,0.282800420391132,0.05543177330064511,0.029173139005554738,0.5106383967027197,0.2171181583880075,0.6765563710704842,0.4101661939638054,0.27062246269612716,0
0.05499853677741657,0.8947893583068077,0.6455762838488509,0.36521179887713967,0.987947645960022,0.3743198020083522,0.5010186063623844,0.673066484638219,0.59052208667432,0.7257175839959885,1
1.033282925061282,0.6619834275063982,0.6493608923582833,0.3072253951230821,0.40022710175214843,0.3761362960669645,0.3464519502232659,1.1022591742462362,0.5872689581128069,0.8885531737373771,3
0.2944470463648955,1.0066725696716678,0.9155184895844848,0.4704409677172363,0.7266615658127951,0.328171344117947,0.8629307469551648,0.8145392241764992,0.6538431725848589,-0.02823706767741667,2
0.23851991180457266,0.43967789253692735,0.48417169169383956,0.2653631986530928,0.7129480111034775,0.9417795325636019,0.7959062954915099,0.083991429824788,0.3782076630989445,0.629554689513146,3
1.082845021624792,0.3841678777138565,0.47579470793966616,0.4149394325563913,0.8328522123122837,0.20655580272818316,0.41481128156301356,0.23312961656283662,0.029012209430772637,0.06697013450579918,2
1.5484094562354769,0.912798365894315,0.5331162715266214,0.37395385820457006,0.3159447344566056,0.900436451003215,0.8159999318088016,0.9691402579231204,0.30403418427052914,0.16619592239393535,2
0.14542672613087695,0.08594045111670749,0.38355061752363473,0.7260976944814779,0.07837772421045049,0.4004311236740973,0.5321472850966155,0.849983665557301,0.43083475384311176,0.4658777998672296,0
1.3760015505646495,0.5781213979503228,0.9233853839540864,0.3877826912837797,0.8008623174882223,0.8244542345925238,0.6440525302149591,0.9108727730479677,0.24133151085394228,0.786978930775108,3
0.922178715953672,0.6935080926799063,0.9995378029580418,0.6450766219426667,1.1126777257873885,0.23857715103382865,0.3540555411528008,1.1366803023132006,1.3254184486761025,0.5193213399118112,3
0.2210139151098736,0.8457549121842007,0.7502887416955911,0.44259141225504134,0.8919505041351451,0.5522113646018434,0.5699222435790371,0.49134851393139506,0.1649774728273876,0.3733527738097355,3
0.10030441085993849,0.9742343280806338,0.891136749141806,0.7872184316395973,0.19887221229800706,0.2952364962133055,0.9209572150889641,0.5215923563083877,0.665557475630621,0.09819625183697894,0
0.663943437545701,0.8972473910509116,0.2551585578315706,0.64099533810061,0.954070871222409,0.45183906441313815,0.9332185126456257,0.18480345493999026,0.9710093269370038,0.8995058519707353,1
0.3289192042203744,0.8922359041921187,0.6603817300505971,0.5022689235479002,0.7714514448731348,0.6702138678641445,0.6757071303184717,0.5285484268204284,0.13907040223173106,0.34496035877494435,3
-0.03211527344749676,0.8997926699962595,0.5643727378031873,0.36638048338781126,0.8575232278842282,0.4311208510004101,0.7048610408114224,0.6559423659727531,0.6014055169787018,0.5977428724924448,1
0.31573749481721475,0.9056423306774437,0.7027979537726847,0.7881405268976016,0.4269908133070906,0.28908366381622175,0.8910862220500013,0.11738041577474762,0.395547025743346,0.7313696690633329,1
0.8913500396108449,0.25970017040473603,0.191811736106975,0.7480753218546158,-0.007276768526107091,-0.35794906077165045,0.6098063739083652,0.6935892725209954,-0.5160410917685742,0.6417612890825897,2
0.26311772861664984,0.9334319363715697,0.6462668505039509,0.4635150094753574,0.7672987754493213,0.7224708386168959,0.5887106198491814,0.4750234589722839,0.13839470844277713,0.2645544102790877,3
0.227721163429635,0.4228496592548425,0.5875030564221104,0.25708174513911014,0.7134393509655824,0.9205818613527755,0.8807886668008456,0.10283860575579297,0.42200621119485343,0.6627169309440173,3
0.966338203583827,0.7449404766419296,0.5871998125974001,0.40572658055512256,0.23394563580961455,0.2150914792220564,0.27601424056911694,0.11224319570328099,0.3667266105239832,0.8853230995647682,1
0.24691375393727558,0.10541265668399047,0.7586334015522428,0.5088891937613746,1.0498574183167855,0.09126215341611837,1.002489253182514,0.6031947203094022,0.434811946988761,0.892693114907595,1
0.846699378731663,0.5976712782895109,0.7394732017281707,0.5914063201595819,0.5405007136893416,0.987799397233587,0.793654833036279,0.44223637663681936,0.24560710531682983,0.5553355765773181,2
0.8496141595948085,0.5090486132271388,0.975570390279914,-0.036834837578182233,0.10812277414521139,0.15127668863251925,0.41371472919848656,0.8523152862601764,0.8204076962507497,0.8345987397235579,1
0.05397749522923281,0.7807753540504768,0.8504591407857658,0.21634767623072068,0.9961900397925166,0.5324125438425829,0.6927258774546242,0.4664862268378318,0.7190013884515027,0.5097064409214,2
0.9011492977744329,-0.05779037692338082,0.25717453767062637,0.3272573962077447,0.7456906490991655,0.1973395377880141,0.08934867844011929,0.6861919716549063,0.6431665052583719,0.759614972687302,2
0.885829195148773,0.409401226144261,-0.07145145528373101,0.9588171029468728,0.1347576353983427,0.22043915527131697,-0.06717603871232007,0.8480067844664554,0.7794621539673732,-0.05089602855369457,3
0.43587678294096077,0.7427024040186909,0.756443387994139,0.90215990261042,0.7094424333909246,0.4618167802001739,0.2668105585693815,0.8556321993641985,1.0023814908880055,0.8003450335804069,3
0.6804097912398006,1.030925829126483,0.25759748359844203,0.5060907475570962,0.9719677743313736,0.42279960504618286,0.9052671080091288,0.10893325717925771,0.8454616930860468,0.8720107738605396,1
0.6876477088222283,0.4252770738977613,0.6309612087018946,0.7204595351966936,0.5693235962535971,0.9340779149896294,0.6218325277641312,0.2736184368670408,0.18460673905720384,0.4833168397076781,2
0.12474461477884764,0.08551291834900285,0.6445256626415365,0.8995146612975788,0.7917290580383446,0.411653175041795,0.6307663945615752,-0.0810247540182775,0.4382250145440354,0.2405781859027051,3
0.13989163741853078,0.37611846232712043,0.01785088808187938,0.06446141013632295,0.4516711438912337,0.07664077466274435,0.14945285666369615,0.3792349962111545,0.9256779964404067,0.25833109287309264,2
0.9383551310351262,0.9303024009140533,0.8093256573697862,0.6624630245305756,0.572707952379361,0.3678269728223332,-0.0791133288971601,0.7632426683421291,0.9486021105408341,0.5063712726969674,3
0.4136028387444428,0.0610228386385601,0.6002960893055304,0.06856876749479052,0.16551337811863182,0.673231854476041,0.2306880398795505,0.304963851071926,0.9026157592342088,0.1825541941473579,3
0.3746103628809424,0.5195074661398713,0.14686703413706892,0.0770180395291844,0.8930374536292577,0.6715195962787937,0.4725014149251545,0.24627664211860492,0.854534932503574,0.49100771679911465,3
0.24660262682666284,0.3832676248548953,0.527183695711449,0.29829525711378463,0.6952207046565951,0.9695552801829638,0.8152187805007324,0.12166244123917058,0.4965498860054651,0.7188054501176426,3
0.47526949505391003,1.0722047322453798,0.6231116625057066,0.5812447316687629,0.7325298040734673,0.8223381478530921,0.7068534239427026,0.7185957687936111,-0.025632610530902933,0.30155878161116767,3
0.4617620154224555,0.3814998454563485,0.1454247024428275,0.6836042732018779,0.3330356381505432,-0.05675211691601342,0.04403175822598096,0.7138635317031236,0.10019296550336315,0.624580418373013,2
0.11510268639050031,0.3631375611550735,0.21339434526335016,-0.14041915635576085,0.7847949676592495,0.6124008322576607,0.5456058427214358,-0.1837789538183271,0.5277046612235601,0.34050977312934877,3
0.138746855411601,0.11282650101450611,0.370329481705928,0.7064614010347324,0.08814701348053897,0.40146003316085027,0.5399457183241388,0.8375217676182045,0.4144177580501829,0.4542490100522173,0
0.02911060700071505,0.7037956013910381,0.9215683291113551,0.6260386313116597,0.7541896040957139,0.7302996737305147,0.4449790006836812,0.5351708261479589,0.2450683050932929,0.6059440033073732,1
0.32775555542457235,1.2308433314227842,0.5097757198165835,0.7056043803885357,0.5051748026757554,0.5715359130986989,0.07769772035526942,0.9655164126067769,1.170097710186906,0.6541245347966519,3
0.742242777457598,0.8578960197165241,0.6662795967163472,0.3247932762478391,0.8840673690767922,1.0000781112857384,0.09382065041562666,0.42301062696893543,0.7363463239538638,0.4226017629463079,2
0.5429788013133486,0.6755491200235922,1.0154269353726786,1.271118656446266,1.2150870834110783,0.550039301529843,-0.059937072308942324,1.0392369552630671,0.8088699056508096,0.9826739511890614,3
0.1177084201855414,1.0210720402072107,0.7404743112875051,0.2763177885960639,0.9090615960702383,0.4009125431911766,0.589217759558412,0.6380988426891641,0.7173308171463169,0.7259031903396943,1
0.668803461733927,0.9123476174167929,0.38201883460726427,0.5020453064481872,0.9123962000190763,0.37207504126651525,1.0409927260365615,0.13619521277907487,0.7862867511103115,0.8475309009173788,1
0.38418919364378923,0.39449331201085497,0.12336655614050657,0.09609862437839001,0.08183301934817905,1.1146997499089186,0.9119961591758347,-0.07371440661030898,0.6296916040424816,0.2581985453188599,3
0.6377456528438874,0.9721334034253257,0.2856759971627862,0.5860124074607602,0.9521724064637079,0.4807901050475653,0.9135018141991811,0.10444566979844565,0.8831356698794752,0.8113388848071674,1
0.7427325370461704,0.9553262726713743,0.4307500754933633,0.6511123293363935,0.996262152931495,0.8531728493726981,0.659483108777274,1.152915618754852,-0.26155861740095643,0.10488396969668,2
0.5892383078808655,0.6354297379900709,0.1800821997231525,0.7891588537624873,0.27473749336848247,0.8014739229467601,0.06279164771005766,0.38198721069395647,-0.03008845778132789,0.3997408656484473,0
0.054926259896857885,0.7724037393319185,0.8461578115870196,0.2198901121866157,0.987798654303369,0.5299238021598142,0.6858350253630258,0.4601835895085909,0.7147804200966824,0.5071323764558466,2
0.6604204061858022,0.5713958813958256,0.6100110572614081,0.6423077709043666,0.5636038527675168,1.0098026301666245,0.7652898102480375,0.17733464277635688,0.29931116582069817,0.45174045831080345,2
1.084674955006376,0.7338696779558534,0.7351765744704358,0.46936905867649903,-0.3049311205801824,-0.11195835930767917,0.5407899556677586,1.1827502082677774,1.3362814248004555,1.3902893760163537,1
0.7260836179145396,0.41262967016174684,0.33844866298732634,0.28227144328078363,0.5376513785546587,0.7368529928681873,0.5087061977949385,0.7862865464033235,0.40832851824175076,0.5147762266192071,2
0.8481474751285369,0.5355750663748363,0.09156921012841697,0.980691413684289,0.60548709518116,0.5240932003751909,0.539968911758929,1.0788991947547952,0.0052056866486021236,-0.09266883533319481,2
0.4443463981350492,0.06811743329813051,0.5317049113637051,0.2876661403134101,0.33276246440616253,0.45652151745100267,0.39051015320715027,0.8304165201216834,0.22536756179222425,0.5281062261517572,2
0.2961187748946559,0.8760681683051272,0.666580798814944,0.4403349438721597,0.7535830465031431,0.6181856726640227,0.5774486210159004,0.478213725596527,0.12226002066890015,0.3151481811549986,3
0.7171261980308207,0.7783428687638955,0.6987071844018853,0.180372329791746,0.27244979046310275,-0.045229664592180086,0.25676793108311013,1.03810898791193,0.8874768712202667,1.002076495134376,1
0.34268358547857974,0.3943982569179609,0.7911602942712732,0.456047473701939,0.7026708136497127,0.1476443401245712,0.9533875645802404,0.6207375545364902,0.6315736265023953,0.08029118788821721,3
0.2509327155359353,0.3542518374364756,0.2742574708709545,0.014066947228440013,0.7508213697012243,0.871740423597932,0.6591112357367167,0.061051435308458135,0.670960623757464,0.36917867866541093,3
0.4294986083845575,0.5204710828833541,0.993640649416541,1.437757452042832,1.021471893976527,0.8198564019470006,0.6906375503301998,-0.5188364468871269,0.1943826941237383,1.0048739671000781,1
0.5777750919784322,0.06769143557286372,-0.5391834194425426,0.769945283324715,0.746268901212581,0.4994658175459002,-0.22272309090267967,0.005979930042825821,0.41863667170630486,0.9756196569571778,0
0.6582728819354429,1.0709672414996114,0.26653517775339713,0.5215009239975846,0.9225779092130726,0.5643158697519383,1.032833197102833,0.2658491747663628,0.8731205008843322,0.765936234335986,1
-0.009604369896552584,1.4350841240119747,0.5146127847004225,1.1410765481012044,0.5538283705088464,0.5501699209541782,1.1171737050999175,0.32084106428264403,0.4024813127945006,0.3971326170796499,0
0.8610136923404742,0.30284754904114464,0.31103737971623924,0.9458285401212347,0.24076829331877564,1.0041513871416978,0.6873229993076084,1.361978818067263,0.008338392431963245,0.3175488009914429,2
0.09215643075613492,0.09943181189423023,0.04102741568252739,-0.07984378055956803,0.4620663606796782,0.014143162976813867,0.4723678843964205,0.3984429432961072,1.0963844375707836,0.3141575762227875,2
0.9211635328561179,0.40064325008220913,0.642334394120775,0.5694143418959311,0.5740146370690417,0.20676574804424686,0.6534858833314755,0.4275943621028027,0.00025840677976794735,-0.02476254532182018,2
-0.07837549440821617,0.25671783675739956,0.12099060491243588,0.10653767852484752,1.0026823331723325,0.6487023130691856,0.7782339654882761,-0.1362039945156699,0.7374930747115194,0.4651715457067809,3
1.0692329794899795,0.23829573590747077,0.1140718090371036,0.8105245444781469,0.8938362591902725,0.25172970664147376,0.7343618453978072,0.8744633130684408,0.5031735132669705,1.0762742943698207,1
0.31169910167061216,0.883487330660505,0.652929085429236,0.7621136482309593,0.4227484585335837,0.27097778824915847,0.851110996392021,0.08471763993937509,0.3582982610538645,0.7467804556442961,1
0.5248277054251156,0.5882628607210167,0.1576089845669986,0.7945124043842337,0.20181882144467592,0.9307885061675947,0.042946176473254306,0.3136191340056665,0.08668508051311614,0.3416756908496059,0
0.8883789349254685,0.7290850393284862,0.4959885361773129,0.4668228498288874,0.2574536073875397,0.25323333095504785,0.22298148317719682,0.14693519346339973,0.4239193052315056,0.8228101771547597,1
0.0562789556346029,0.7727879596382906,0.8442139134731925,0.2148506598466952,0.9832472803428703,0.5336805640383602,0.6880278938628918,0.45818390886156,0.7127597074743389,0.5047626915724504,2
0.42116299520423317,0.3176904789977816,0.2625811196964237,0.15544300271070663,0.26103339136465376,0.9346996363571067,0.8105410764357027,0.16038814761553383,0.4890770075717058,0.19223755218905123,3
0.8405493364374053,0.45688696974423876,-0.02643306648410603,0.9694464787344979,0.0288141531424106,0.06596673530617353,-0.004873945905198598,1.0006835955066058,0.7130348149099119,0.16253050169595393,3
0.29094680564697595,0.13282707476757344,0.6732341228370047,0.3905911932573463,1.0296462069476353,0.03049400704002962,0.9569820212095438,0.4516582479165565,0.41826681295501766,1.02030387064863,1
0.05560317986058031,0.7738550654406812,0.8468481354985893,0.2186667558396006,0.9874090426148873,0.5316009383975377,0.6853168439597392,0.46141507896237594,0.7160133397395495,0.5075189662670455,2
0.47614054186419563,0.19550622239950782,0.30184541030901746,0.11330194634549602,0.3344293233676594,0.8426227777721973,0.9404006594973685,0.2917778687959538,0.41755509741988617,0.03400979825026271,3
0.6225848331797923,0.5865058565277419,0.48561568830215185,-0.2058152967693172,-0.3686153674094995,-0.3266915382760798,-0.23958561671361522,0.6104522267991609,1.1156080001581945,0.35994151282924236,2
0.6019350001037665,0.9657131437769712,0.30453468348974133,0.5643123966122164,0.9794322881211278,0.4990015135465039,0.960320276547706,0.12922417479559933,0.8869782824795384,0.8207999375547851,1
0.3676373882837913,0.8652159517155494,0.8893023891270484,0.7349397459286986,0.8855396309050065,0.22602477969704665,0.7887354727540172,1.029955754226479,0.6694823852419524,0.13809034589475636,2
-0.036289257216213344,0.6686247109344104,1.12289019276562,-0.34990047840257954,1.4882379544769762,1.2195188755309685,0.2391585730471636,0.6525704758688916,-0.5785238575874844,0.9251296456624404,3
0.6805258128166465,0.6530090286519747,0.1150564506824562,0.9592263789772287,-0.028242732655221287,0.8129943527458228,0.15673632381474567,0.33683580213252706,0.1688325503447981,0.09742625224375331,0
0.28538016278056594,0.09137118983716058,0.1701820953935131,0.25177882784800776,1.0064702781169694,0.7750878808740986,0.7392152918548851,0.2742467396289908,0.5372854528418679,0.19523859527447393,3
-0.15153551744530452,1.030683102628936,-0.08233879737647387,0.8656705067300119,1.1415709873191573,0.9417272871132434,0.2855338858642925,-0.5725426501581251,0.6590103982485596,0.7466444112187429,1
0.19903674864013174,0.616112564274701,0.9756623237711943,0.5328897383305488,0.5901763343041688,0.6171502371177472,0.37966893500569154,0.5187654067898274,0.3276657695816547,0.41482640455138836,1
0.9853626194722691,0.6234926369148854,0.15737706046173117,0.8461844865361272,0.7025613645122838,0.7579687118910927,0.3902831067228467,1.0477660599280665,-0.04627021281050401,-0.09310865102161664,2
0.4362434092227994,0.38775557439771674,0.10557990655903039,0.46082976812575027,0.31385089843580893,0.038809840748801956,-0.004156285845399427,0.7273000669535384,0.10582683411806605,0.6905758251887308,2
0.2774185813499966,0.35846166092491893,0.19781268270247382,-0.08286794014791769,0.740794353661851,0.8457511076889508,0.5543953541585123,-0.026333181790306012,0.5755799025988592,0.2274083906596153,3
0.7615342553138666,0.2412902984425243,0.4818015424035969,0.2573461712263161,0.25435220285993665,0.7321215131199125,0.43364441301723267,0.5383829168048215,0.48243487025016385,0.7278075845568162,2
0.6180308124360132,0.5091338495929109,0.1859869589743844,0.6356770952535233,0.19873774221441765,0.02165898408240846,0.08011885594870294,0.6652306442611651,0.02673739944749054,0.6405763329697105,2
0.31399815352313676,0.8723075679960001,0.7812462375384643,0.7654048837344314,0.41544056694757664,0.3030866997058655,0.8740575663745468,0.17943675877386178,0.33776266977146713,0.7583471293869557,1
0.6780082323931051,0.22012830842141873,0.10621305368822083,0.9142857113811913,0.4783124523476948,0.5356338882769377,1.1132990987800697,0.7543852336723885,0.4207029271336641,0.011984258164021183,3
0.665434563117091,0.4418564439369261,1.3755384569101048,0.21519274029630608,0.8542193571842027,-0.28187792684741797,1.6648212317741402,0.4598476341340303,-0.1888415018952141,1.068067860401443,1
0.4082761793108448,0.7086940960601779,1.0395200804490927,0.4700706576587618,0.818798478602813,0.5030658876680292,0.6723528280450247,0.14554063858802774,0.61953470407582,0.7487475645293504,1
0.4493818608126521,0.5648777010037686,0.39105943499601253,0.13048609826514893,0.046868318676432506,0.6740749355027011,0.06583640802368826,0.610627524815662,0.9660297528736578,0.1434962552635468,3
0.5204122766013741,0.1593161367343211,0.7007764029548372,0.2674653692864234,-0.22618599224884933,0.40624154854725397,-0.03118059874637094,0.24554891859122918,0.6851923360122115,0.8124453457033393,3
0.2635189620455855,0.46406570919623724,0.9527518926413955,0.11963185960763265,0.2518840918248386,0.0455569956077406,0.942276582119879,0.2087955695565299,0.9302609616251092,0.1968117509880058,3
0.16666119779612784,0.20595946661937584,0.13791176723050336,0.18706587266906236,0.33220444603358124,0.9216491457141416,0.30517049008279906,0.3697028631691071,0.6817468807416526,0.517835703648237,1
0.799225123944206,0.21195460532410834,0.5152406795321208,0.47053723956800725,0.004357486362360455,0.34047875781499903,0.13283163321938968,0.4875182006822847,0.5812695272947414,0.8280991943190699,3
0.056682640936975524,0.8258678422832988,0.6665385035014932,0.7408168036725289,-0.04935166032943861,0.5996916745472368,0.6617784884483113,0.5531587490592837,0.4716196806440215,-0.13376751538477688,0
0.3299920567814054,-0.04640440015848993,0.3223486728879157,0.2530422486067527,0.5879072884713583,0.2933891883853954,0.46976232192297446,1.0246858265518426,0.3045925470356366,0.4376673162205516,2
0.8279359071247734,0.6704388328750114,1.0745269054985762,0.9654588556350947,1.1567155246067835,0.4194187183030078,0.16269612342583462,1.32576185844338,0.7016770638600003,0.38145984825264,3
0.13050142028880796,0.18312445261672072,0.1473085987246658,0.22096371071416163,0.30028333465046425,0.8937032357290957,0.25678036764990037,0.3388767303541106,0.66916918571037,0.5433633186412943,1
0.4123417104382508,0.8622159922039593,0.43882016944499835,0.8405289925234509,0.012587048907002095,0.24350014560935232,0.5653420925583752,0.2308737546073949,0.18369465344115535,0.19065469395181694,1
0.8011608527111176,0.5304478755347981,0.6634609119026756,0.5708027200539146,0.5062342670910076,-0.07366442465019354,0.47290446518329404,0.5142385006186437,0.13175954135393037,0.17150704169859748,2
0.2217180811717076,1.0123978589592437,1.0210601363990635,0.7945767493219895,0.7473275760657142,0.3723299901723369,0.7789502897752196,1.0915336048531028,0.5167399340600489,0.19702757155196926,2
0.9822177575165605,0.6091139945438955,0.22244826729456285,0.9560783711856902,0.5686015894392933,0.702983341173575,0.47420835774673553,0.9929918157480249,0.04551400961347012,0.06844317979967453,2
0.9716163264127222,0.3927437158924243,0.7919927825465816,0.18393231349306616,0.37626899120567137,-0.14725259997002274,0.543470459429385,0.7316004971897923,1.059320172885558,0.6649230150802684,1
0.4732338298934723,0.23893639904702976,0.3204057290511822,0.057986611718547895,0.2236815414330121,0.7460635982102047,1.0236777485006896,0.3372909125452199,0.48843750326406343,0.0018427597547600386,3
0.27347226024592075,0.9519514994198817,0.6656515577171053,0.47658793790918363,0.7814953779036777,0.6301763907074618,0.6124433212550379,0.5061093316824196,0.17827864703252844,0.34977828602420635,3
0.9654613803291682,0.6638392819853013,0.12523632658479278,0.945794269150872,0.539389722545148,0.6352017855042978,0.4879478926003534,0.9915482139812809,-0.026508448878015442,0.04837184798540404,2
0.16381334272717302,0.22096913474660584,0.2238974208656962,-0.20709291027189033,0.9284108403433586,0.7153074865533885,0.7856361241107709,0.18928397051256035,0.5134152212289996,0.1370151571079444,3
0.4305153264362285,0.25395005504252854,0.6573993564271645,0.4644200042894725,0.8792268012499794,0.6994085776928896,1.1292685324275824,0.04321103517555209,0.5777250289017455,0.6702848631949945,3
0.1967271691927047,0.9350239021704102,0.7306143570338528,0.4760867191174705,0.7292357978222693,0.6618730311439935,0.5513919910616876,0.4121044638503718,0.21389664037545833,0.25276323996906713,3
0.29264884679366193,0.8103446682218501,0.7258510878082882,0.5317729963561559,0.6047338000926474,0.0811455075967156,0.7957439040104355,0.8136957610174085,0.39023981273416647,0.048197425077147846,2
0.7670729487902285,0.530814900140281,0.9525554970087979,0.04727507221587329,0.1797162662339717,0.1025992783950782,0.25585790582912626,0.9606400306817381,0.9008925116484992,0.8055959459764284,1
0.8311466597001995,0.9206900284405679,1.2996239819227453,0.3526336478049017,0.21320182642265956,0.014239464930098603,0.2671700528911435,0.6701917616956009,0.8665046390423865,0.37038027947230096,1
0.11562402318609497,0.6031947260982401,0.9370025200932193,0.7945240405713401,0.7751660045232978,0.4707176020334436,0.29752052545347785,0.5823754629606557,0.3243083377067281,0.3285058645465925,1
0.7945739500856056,0.4796724178551997,0.6558835147954399,0.20638626085188083,-0.13551250426687636,0.7582405363799266,0.3259755840331215,0.5428893776787607,0.15583717827265636,0.10028416735354395,3
0.06318573559416682,0.7751982595334107,0.8401849538575693,0.22567805340103272,0.9917115007425066,0.5386012034098158,0.6922798561653895,0.4607642903254175,0.710021290258274,0.5092652405010486,2
0.24829025260408782,-0.12014427615528284,0.5217049956357339,-0.09874634745245964,0.3802028810336757,0.5855117744488687,-0.041398150346433515,0.3631710313202001,1.008803592646223,0.07755478814362904,3
0.36526489025651193,0.5229377381121874,1.0466058187056881,0.45996245694233395,0.919360029166512,0.1858721178873206,1.134640280154152,0.6515956633717812,0.6332584042641323,0.08061238362305259,3
0.3312773615805624,0.4685043526187898,0.38823651427883454,0.47569884832269876,0.40443380059573575,0.9961341781044486,0.11138622645051202,0.41925841449633017,0.3838077728162052,0.1735946962672983,0
0.9803887996800802,0.11315759187746749,-0.02172590593748231,0.6967533110170903,1.0203097173758109,0.17470903676131402,0.6382402663795625,0.7194360601941852,0.6319708822664457,0.7549231879568251,1
0.23574885893010358,0.42578671792069406,0.5791654789969238,0.2474669816996513,0.7129572643195202,0.935185145443148,0.8633030216489981,0.0941436253295701,0.43085585607333354,0.6630205967616815,3
0.3497353461378598,0.8502258917832856,0.5168297596721321,0.8617421502954156,-0.035901052706228585,0.29978236360959154,0.5462380259572228,0.28542832573711946,0.12342668061292389,0.21244669628622903,1
-0.235052251252163,0.5187030319988795,0.7894209308933142,-0.0795748262146706,0.23738142373967586,0.4788570221422454,0.5516075628079371,0.3975125454741092,0.06639595648181007,0.5682357903279468,3
0.4458301930932307,0.9402035159013507,0.17033775432481393,0.9793638559317137,0.7683995885699697,0.6587547823374025,-0.337672924693079,0.8728069798166345,0.23868294197028397,-0.1430310363070336,0
0.4724408436973015,0.23105510818172154,0.5048238749597581,0.15491751390883335,0.23136584594837156,0.69050235235185,0.29427735821338696,0.41014339216630225,0.7582377464622938,0.25100236457832226,3
0.8874650365028892,0.5651846468841479,0.027403014703097778,0.9937003412002947,0.405726706095938,0.90946145657288,0.33233021647304894,0.46131243015461454,0.0747005173635609,0.34384996103773097,0
-0.10493027346996697,0.8534926197300672,0.8316513807420258,0.4148519877334108,0.8838020829483327,0.34686615202109605,0.6554808729330278,0.6249735709815013,0.5494185606121313,0.8100661226826729,1
0.12894098162778103,0.11189555998198193,0.39718633022007405,0.733684499940799,0.08247699948640191,0.39686924675866636,0.519913610690666,0.8347436281619619,0.40708943810986514,0.4577863943678148,0
0.37191088959544877,0.35492673141977715,0.6959571385668564,0.3152744665603886,0.7820632008420592,1.1169696506622984,0.8388844320890113,-0.09862477511554438,0.42937450716199843,0.6665706900480034,3
0.8390690391089904,0.33415063933917893,0.0362369841869708,1.317901115071537,1.0145093640642402,0.3501353227893414,0.5219267417172466,1.1974911034715472,0.2742555594453416,-0.36140960445628195,2
0.02874093080480662,1.1677327437444822,0.8702546963430537,0.9929173035857659,0.4328848072228641,0.01894644060431397,0.7881693309864669,0.7775466799234834,0.5451654736209111,0.07604846740554923,0
0.7007834267862053,0.43224316257355605,0.6083717284091831,0.7411591321089401,0.5551949490885839,0.9274487742082013,0.6322101256773024,0.31070085878270515,0.1888465316509454,0.4690806882637464,2
0.49150662225406405,0.5933908830192713,0.1840201393778994,0.5739275923471926,0.4766929871816209,0.6285138890549755,0.9247293589246867,0.8045866474241947,0.45269692248709203,0.18667004812207835,3
0.26787774117845004,0.671195139193514,0.5775289025290019,-0.030096094753603378,0.6921254700378462,0.5090466057168943,0.43171993995169794,-0.13295926588924492,0.8475913397587254,0.2731541502151964,3
0.7945274355486379,0.47022417751886375,0.7210939612769488,0.500587385657983,0.6080370197639723,0.07716695916751155,0.6834020991991753,0.442454948241527,0.071000193952699,0.07044691291640805,2
0.4948863054600897,0.49817094628734176,1.0578505261416093,0.012349408239343218,0.0062614209368502816,-0.0344080977543683,0.42105954441524723,1.0728447965911803,0.7064107447281557,0.8878259343745585,1
0.31840279649270387,0.31342549436190886,0.4477641723409119,0.2801001133541484,0.28030637495216465,0.8234909847212303,0.9659711242841136,0.05900797126769397,0.4868719241246383,0.23141574443112925,3
0.051029333231014405,0.7830780720344133,0.847028954619984,0.21105957103127013,0.9981419579183338,0.520598865651187,0.6885291085688597,0.46080906957946155,0.709122358244758,0.5021081223919044,2
0.35676333313770775,1.0904705493791658,0.608888426022663,0.3357225782066544,0.695680188412718,0.5047800343606517,0.7323032110537357,0.5203439566799244,0.13913338042101975,0.24723896239786475,3
1.1564801036942896,0.34554517350930136,-0.1566688128838774,0.684218112548121,0.7959277065433981,0.5709979261305608,0.4734356127692707,0.6183784872894433,-0.11672624018324917,0.051831285212110015,2
0.26274545540388305,0.4731140020353648,0.10784539779547697,0.22005301577034395,0.808718465853607,0.973358230119994,0.6162388340205435,0.24499504386722099,0.747430000568733,0.5086270073572978,3
0.054616827549066924,0.7779423284947041,0.846921426304102,0.22098924317388816,0.9907572330322679,0.535031211867937,0.6872270705796076,0.45904916438371185,0.7167159447193829,0.5086387987302252,2
0.412176143326294,0.8764627492688147,0.06864296001388072,0.2923242555533768,0.6220448992756534,1.4067145565938255,-0.4215113136970825,0.458968909577504,0.38538364651792656,0.4937983015542715,0
1.0870783224098755,0.23490005408487355,-0.04689999418961988,0.7792023534614069,0.7946823746205887,0.24210108630011729,0.743475899974093,0.7723341470243572,0.6873777920478604,0.7597455016814052,1
0.1376423180665758,0.3115826411652229,0.42092733561200957,0.11859692859130885,0.716286469894879,0.9749008342567695,0.8824219520876899,-0.03818307499562157,0.7526206566749517,0.5687588961195378,3
0.5339213990305433,0.2004065123939164,0.1877402669773648,0.09301010328176963,0.384603208731705,0.8782242595165848,1.0451870796045193,0.2557136432905791,0.4641304769914384,-0.013999167220355095,3
0.5606520951316512,0.6409206037119944,0.09103919690873694,0.7194630299616159,0.17076576233181406,0.8444739776069174,0.13986675698110285,0.38044240671924817,0.07779167210952653,0.27362225174220967,0
0.2512604657907656,0.05209061895896348,0.7059263533107851,0.42322567296045244,0.9996768577658042,-0.004881784576380882,0.9038803513588406,0.5218507381508568,0.4227463908846097,0.9730873538390918,1
0.20274804376943054,0.4918098714809728,0.33468706884851407,-0.17989123782466532,0.7397456562068563,0.49762430298032007,1.142854265676107,0.6451839925569258,1.0075628150234743,0.8895317263612059,3
0.954639457120924,0.11336529715853276,0.007269844084389746,0.7161129330524852,0.9792429065394247,0.16296033255872247,0.5848908809895992,0.7175377065288868,0.701827378770029,0.7481316953846499,1
0.4932807302905033,0.1478394521216172,0.4907433531532112,0.2814717819649057,0.42367955700102894,0.46890005827958015,0.35537795753585455,0.8344520925906951,0.2907738833192217,0.5939430630044038,2
0.7155392314204433,0.8906093260959644,0.9180008460030227,0.5432380678095349,0.750930847099693,1.1233536311910515,0.38855368967576337,0.5489945631866742,0.931396346815043,0.20290675262334273,2
0.2926435398655223,0.938708811006412,0.6788201536924726,0.4881366312677431,0.7775511059503089,0.6270212083392617,0.5949027530410513,0.5301014609873,0.17148016628979929,0.322615910990223,3
0.7372316115052544,0.3508351364186623,0.5914746122732051,0.8478248455815296,0.45264418776363397,0.9947097234697412,0.7807880483741809,0.2233054121837421,0.29425220368299443,0.39954032339528023,2
0.824087910674769,0.9876250214488961,0.6030951207163014,0.34166943083545154,0.7945571457612843,0.8953980625018764,0.3287476629987417,0.2540822195257836,0.8493163237110211,0.6059343808332296,2
0.15071799886951714,0.1875269246501301,0.1466441526560514,0.22471321391686103,0.3338453291891655,0.917032625884149,0.2869066143671356,0.33925595301951095,0.6768880981733889,0.5663330342958817,1
0.9723643884215486,0.5343378233615513,0.08453496682447371,1.0604026454339335,0.013279742481391583,0.1375300871966301,0.010592425109819687,0.8167314780662573,0.8606512818816083,-0.02012011406985345,3
0.8647390124564868,1.1877836997421467,0.25759289303776933,0.7587056916495342,0.719851852617437,0.01758975226191284,0.28211909515313316,0.7402302839927,0.7298358343671989,0.5763379258982926,3
0.36413245563876506,0.5149750091901084,0.3845257932122598,0.31519139959054826,0.6335386866872952,0.7364387283989318,0.7236455005665352,0.1562949944754581,0.3484388419242521,0.52530802337759,2
0.22963059011538334,0.45760321135428006,0.5021920913621213,1.1428875530800666,1.0858665037648096,0.13068543756821127,0.9721737746870694,0.7849676485848396,0.5021334549101968,0.9411571117479268,1
0.057017048541186666,0.2700754729689769,0.24907045702853847,-0.033328403553414127,0.01428499083330717,0.5248404737436057,0.4704422914602482,0.46942946831355825,1.2353781477586656,-0.008693765641285378,3
0.25078178069652945,0.26814067090461363,0.057284563537441754,0.1648436386472178,0.5081697654754161,0.13275010776324858,0.27308146029478375,0.3839570409199365,0.8912846366210238,0.22428703035325162,2
0.6608008510964622,0.6107708871483518,0.7711692938794545,0.6768980598707164,0.4609302447361008,0.02744736286023463,0.8365720380925928,0.321782969679125,-0.004030614864459797,0.13670689031316166,2
0.7168029423267364,0.5364098855951134,0.7920161078761139,0.38196777061182996,0.7136761377653826,1.002382710115068,0.6943649888436223,0.10659685983276121,0.4432415629972475,0.5839965591489418,3
1.1527203156169614,0.7506854250690641,0.39489474011925413,1.135886819139655,0.4941994409387009,1.1611127613452903,0.026856887515126188,0.5744518897232116,-0.03423745694840648,-0.10803758377143369,0
0.3908830069239317,0.9562479105872795,0.7990312675181306,0.6791064718117947,0.732262923097966,0.13597584061921353,0.8491255390632051,0.916541434631798,0.49070171794384704,0.06408803005573645,2
0.07731341969014566,0.1530185336439071,0.9038188860394242,0.5603380649427349,0.4891347873953787,0.46046440651267334,0.30623891286958016,1.3559005524366317,0.47388505301273615,1.3484496850041232,1
-0.022210682886471322,0.9127155177825065,0.6501471092875185,0.29198203432667846,0.9533158566123915,0.5150650573727069,0.4421907002244386,0.6715561716330041,0.6665548996758824,0.5970542803106981,1
0.26280222831576383,0.9442288654376482,0.6677676548836716,0.47802165185048845,0.7877186293746947,0.6367427802170376,0.6167203359526634,0.5070994034521749,0.17290970979739506,0.338326673583057,3
0.1268996856399399,0.5825209360461767,0.8819660756628411,0.5928578014330406,0.6900186405909982,0.6166635982826866,0.44713305824104094,0.44681908188973457,0.272219735599383,0.48869519706829684,1
0.3276856843766749,0.43730273168877676,0.447409656000451,0.2693350270964088,0.5882651926752841,0.6878704121923623,0.8217516411774533,0.23786244468067305,0.40776941558932256,0.4919108028184571,2
0.4030997783892397,0.35032666371295373,0.8341638285032302,0.4110342141933451,0.661491551737375,0.1564451489828741,0.9047407322016994,0.6613561385268554,0.6244800883036922,0.15615018114712542,3
0.4889571371217796,0.5156815070146306,0.7945342111605118,0.7494745857116449,0.7091915118278663,1.1933126914432415,0.39161946341516707,0.3007542784107837,-0.08365040013421227,0.6642916452038139,2
0.47845955859799827,0.04110158860928361,0.7436631387732272,0.111589895646983,0.3268134363062932,0.6298201130226962,0.4120134112427763,0.3855974516699368,0.8320955329118414,0.2399841841455198,3
0.010823895808019818,0.5394781736318774,0.17346838817411467,0.2920260432036996,0.31127483447342585,-0.08961782902522944,0.03179615605676896,0.18521778790355306,1.1058659921267495,0.5016477772486865,2
0.07137394457046148,0.10420858259045786,0.40377684161551414,0.7325476668240224,0.10496235643832494,0.3699272387574757,0.4972643735986785,0.8481494332041367,0.4662887092414252,0.46038764080227396,0
0.09187481610313869,0.31792461015889656,0.6374208043054064,0.27353270929563833,0.5962992283372641,0.7466434085163405,0.7519954330995825,0.021274238034500473,0.5361790360563135,0.8183919535520738,3
0.3078389956679558,0.8857012108856229,0.4371499896175844,0.772731299763653,0.06993879796629694,0.18542290205066808,0.6818937302531145,0.21944863626086336,0.21742776586761803,0.2108884241184439,1
0.3779295867270449,0.7937714939487829,0.5052745160784415,0.8795786585169022,-0.0409471199136229,0.26487617139152614,0.5541188292436752,0.19766083346245708,0.09581039286234852,0.23902813756560984,1
0.28889652922347964,0.9843625901218628,0.7112914780524943,0.4882332372428822,0.7619351972567415,0.635626015398066,0.6285445957036548,0.5356629829071329,0.14746721901413407,0.33579138188458657,3
0.11347680786945591,-0.3474712572199098,0.5524538409150761,0.5029337181240124,1.0678300643910752,-0.12241559923204387,-0.26867749675245783,0.15109013181717706,1.2098358114536525,0.45287490682865567,3
0.056080196023702254,0.6664891246678345,0.9671070993110239,0.5560858785805487,0.818713489395516,0.5759646168951791,0.4982030588895686,0.5688084650766041,0.4278124901522496,0.3513421923273694,1
-0.23003496481501523,0.12931790933059376,0.30339744969442795,0.40819579320448,1.2253238725079405,1.29156403859038,0.8107825933204722,-0.38772052542639635,0.4411650655619114,-0.010631581488980968,3
0.1243910971281291,0.37517424753099604,0.007377312825326896,0.04817721970906881,0.4397599178841619,0.08619955969621111,0.13308301788695262,0.37014605437875175,0.9362500419144418,0.27269929405701127,2
0.5754487620520856,0.42262865614439704,1.0082516372632435,0.8996221652531635,0.7219095268498542,-0.06086529874655472,0.8551671596063534,0.8021998717387415,0.6150740163736815,0.34465461400360303,2
0.646467509757964,0.9946849759686223,0.3289700211049117,0.5992913863727954,0.938746386761386,0.5290250538367168,0.916694370948385,0.08301807279537417,0.8436587435161544,0.8257600968714282,1
0.9147511348083445,0.7287026106170397,0.49781531671679474,0.5113333562676562,0.22006514322804016,0.26356824880164187,0.16895630268858944,0.14351370149533307,0.3407690075182396,0.8683375927876511,1
0.8029446028633793,0.19188869443276937,0.5967750777194178,-0.36489679003837305,0.6167975179451618,0.47382824607495855,0.28542167554885295,0.5543124845797638,0.2681357052192879,1.1635911623191149,3
0.41978299708981465,0.60970839039829,1.0321967161874719,1.006225969749231,-0.05569336437694408,0.43866816344566006,0.4991464863089728,0.5927451104187207,0.1489709934300637,0.2813813862945034,3
0.6324058905938701,0.4634553573356823,0.40271926464918667,0.7396870771453103,-0.00012878355477774495,0.5265269400747996,0.0836079896948056,0.5353410168171827,0.2853957242276669,0.2713566141262165,3
0.05468015398391137,0.7738354134661805,0.849686994262327,0.21824220117974807,0.9847972659797796,0.5291146926134824,0.6871905821139718,0.46567013882238006,0.7171945277212753,0.5116184666243482,2
0.1880899398261221,0.48014759466091317,0.9940513242998694,0.4003729951427685,0.7121875545145371,0.4064664257037165,0.22371066183001043,0.5832781836168035,0.3781552211682798,0.38187018633859027,1
0.6550646264140936,0.8334497451211269,1.814144145044665,0.663827135235586,0.8987941191214585,0.30484544465519037,0.1281877785191481,0.42434755615202685,1.1969706136371672,0.7997086155246277,3
0.09998052427782027,0.553501932042568,0.5693304956838853,1.013414115831195,0.9219162821856862,0.07469654660987841,0.815405582880158,0.8607823451797627,0.5253877612377059,0.933446030008479,1
0.06108399689512123,0.7770195791782571,0.8488777155712706,0.2251353306066702,0.9923192031223207,0.5281221641284967,0.6862224355176035,0.4617694311499495,0.7108779335082593,0.5132920930817214,2
0.06059995603135683,0.7127496291097213,0.812386864899856,0.5172995527258727,0.5553157113320394,0.7433473199312197,0.4684928041368232,0.3802019224769229,0.2096612515111145,0.6113856873109835,1
1.4625610106011342,0.5663074199065504,0.45921471858508045,1.0539943680964865,0.5519602207330598,1.0325652868378072,0.6698220014786371,0.741445656375387,0.32827098215551936,0.18357863451976106,2
0.41510023675006247,0.3191436288499041,0.3095188909150517,0.37074669437111774,0.6260110616448149,0.5040709510763961,0.39951733691253327,0.5819974631867131,0.4724187737275827,0.7714304367959306,2
0.38428410781045574,0.8558491537892738,0.47467181796742025,0.795384915347408,2.8526421467948287e-05,0.2595069103901098,0.6007507451804084,0.25553929645371287,0.15312439137445144,0.22183077239875917,1
0.8120538679439471,0.8081127259934882,0.82253842680241,0.15017420245007657,0.03941470038140926,0.06860491187184087,0.37522624136963256,0.9986424562209657,0.8517125600732353,0.7183630022192272,1
0.49008758784876183,0.1492559970275652,0.34961390730797126,0.1977659803105065,0.35654999855005665,0.8862476234468452,0.9153187782940367,0.18370961607871417,0.42535015307183227,0.06295088385110359,3
0.7259890645200902,0.639784707674417,0.08462252834964892,0.6343593012974034,0.1860000858368424,0.8798982043406672,0.19367031321303607,0.29364676548872914,0.13003827887071498,0.3288117482577544,0
0.15057059697332228,0.11343244176643118,0.37344426895954574,0.7124712454516592,0.0752067976534819,0.3974784970444322,0.5375785838543855,0.8318476771851836,0.3993421899803662,0.4497063015370645,0
0.3807855483300189,0.859861046107856,0.4667320848075994,0.8058988735033238,0.0017112580928059862,0.2657137848850641,0.5935005431842938,0.2616308105508994,0.14391467765673807,0.21290801522787217,1
0.07431728905123756,0.669300483921423,0.918129752269057,0.5962393876698581,0.6910922797312703,0.6166314190409531,0.42881515743351617,0.4241242290940476,0.35518733815593745,0.5087312950655408,1
0.3103989293220307,0.39850132911238456,0.13982127444075731,0.28619759043365367,0.4587620294237751,0.9727812881347004,1.0585474769930334,0.02421719762009586,0.423037119204277,-0.04072898491899256,3
0.2741053181073934,0.502140415377376,0.4909750469067981,0.17933395980368427,0.8010124828927989,0.9187217184332668,0.7880602087357866,0.05665891053103381,0.3997117551819045,0.75938500680855,3
0.5408608117265417,0.7749973955001224,0.18405377370937862,0.4043269143067237,0.051014567413529346,0.9080995335539749,0.5701513053268572,0.36680658028944374,0.0983930257392447,0.9337747841446341,1
0.7969064629127787,0.44830517586863056,0.256380268346201,0.03782682317618685,0.4667879995113044,0.7097056072197404,0.017270472412050042,0.841629895467334,0.03811756487723478,0.9201162662685884,2
0.5037577285467548,0.13957274618752483,0.5297718321448348,0.28504401843958915,0.4210841069579515,0.4492454940257634,0.35823928556947243,0.8333221738491982,0.33494301007360555,0.6286758184416433,2
0.3201365333204907,0.09595592118138675,0.4521625943764611,0.1095096516984022,0.23059782988724004,0.6810390058028587,0.4589385912795103,0.12441063269461236,0.982429066342188,0.4051835818405145,3
0.4614057628274036,0.6921848934620627,0.8987674170407102,0.879408829908774,0.6519137582477298,0.3010007789065303,0.13688439589891527,1.0540595397241928,1.105167920325128,0.9222717006532762,3
0.3521455240815946,0.5473178244846931,0.37781580800794734,0.22021841974082446,0.02297515259938495,0.6322511920596745,-0.019640470010723242,0.6028485033474195,0.9393057276103415,0.14247186256991085,3
0.48299958102763674,1.2055991226928793,0.6583405188331425,0.7506512306923004,0.7826471451702334,0.2870770879257653,0.6976973253570842,1.078473661587577,0.8155271111515705,0.27139112372080965,2
0.5925174836690487,0.943594641109322,0.3157057301616924,0.5665771742253655,1.0065576505292915,0.4836758393940167,0.9656674511042418,0.14791529047725135,0.8697704185800403,0.8166084135755534,1
0.33845542227515946,1.0390365410552191,-0.13153020630164397,0.8201382407434625,-0.004449295889303401,0.4455524773066692,0.18043971916035775,-0.024398343727391913,0.2052963300597796,0.05921483645722672,0
0.3570535487178529,0.8791995665379866,0.4627821697815285,0.7795342026176756,0.007797656483006798,0.28894722234385356,0.5840885319280507,0.21945498386591156,0.18925131191034708,0.23707713545773693,1
0.8000098020401425,0.7412055161179965,0.9396115757357584,0.8972821293175419,0.790432443663168,0.4220990642453922,0.4957437119873258,0.6382321971823726,0.8586695529785314,0.6503652890991227,3
0.3849138935436715,0.8493526898595799,0.5184456494265264,0.8172644970164636,0.011115217177402884,0.25837048981743077,0.5642279990488422,0.22311251881675337,0.15384647013676148,0.24266333107090152,1
0.26016710616100924,1.0287038685117802,0.4638084448943385,0.5283808179111098,1.15412505809982,0.6669645349798263,0.814684278036665,0.5327699991547736,0.5629408661234767,0.7010267210739861,1
0.8172568354408878,0.5403811150552178,0.5376933521073218,0.5462676999342025,0.061137468382984866,0.31806530292562185,0.2106553997486567,0.5777284189221065,0.34869478690119793,0.44009807173298965,3
0.6584495842966339,0.8384148146068742,1.0071641055022684,-0.18795525893566117,0.0830572825625475,0.19219058969679886,0.2766472372292308,0.8306498112968799,0.7859767213921793,0.7364861288769248,1
0.8686300037213269,0.4325527935141215,0.8406548237452977,0.4079780491717114,-0.21464501184680929,0.610757391529385,-0.3000465949132489,0.9161112883571573,1.3777164191782183,0.27148867792685005,1
0.3486935086356075,0.8633978113887946,0.4922735753494621,0.8213527396935826,-0.01851337580340263,0.2719301071881729,0.5886133989837422,0.22418316463866308,0.19482087467119863,0.24936430754227076,1
1.109877927830625,0.6958246591149573,0.10841216260336,1.0330531600503547,0.5414592862670549,0.7301998207069796,0.5443832441594535,0.8801368092249614,0.06924761277814387,-0.04061141719333257,2
0.570161871924178,0.9802000439260529,0.29597746108197354,0.5671589080799263,0.9731891145822921,0.49491352989553705,0.9927458268889153,0.14380977157139413,0.8688512286762382,0.8464840035736748,1
0.2665693781541653,0.9321911265392212,0.9288669448161267,0.5719998216971461,0.7281658081565626,0.30332067625731884,0.8267696808064676,0.9535320756175317,0.49197267849532933,0.08990871834500415,2
-0.06942626550286693,0.593931566018158,0.6981875219904236,0.9194761176454322,1.009325530863873,0.16147073765030634,0.6057346501625307,0.9757115877520347,0.5308235141943943,1.1033912905767052,1
0.5331268473387655,0.7369300017019502,1.501211977835799,1.6469048156165278,0.804418712945707,0.35478067444143324,0.69584500769919,0.5027904159020157,0.32517854296152726,1.121214924426529,3
0.5574535213123684,0.9210731830809621,0.2546224757098014,0.5358315958657686,0.9372495440127329,0.5040052493575691,1.008983349884895,0.09436886208768089,0.9229889606229622,0.8668348467008269,1
0.45969262414894013,0.9050169370350978,-0.2635013360403422,1.041068085760098,0.01113976185044746,1.1327982892789212,0.0297695659009289,-0.04004810111474505,0.31888494983654153,0.6484875580367324,0
0.3903896381814522,0.33781647684697264,0.4110237784769776,0.11411407790038323,0.22762537724871196,0.8515256329399674,0.8763778403255202,0.34724966861886464,0.38912410948855397,-0.014456849895960168,3
-0.03693774949356146,0.8925143925615504,0.8942096415847424,0.8289071969239812,0.11653321110573853,0.17999630355061993,0.9168779376776715,0.5873352383746375,0.6086375214153236,0.13691574301786988,0
0.14558354728189013,0.3494302692905492,0.0026023572020047094,0.09010631604876881,0.48587625176313287,0.0629750667307852,0.1261377022931422,0.37709629948285567,0.9369215185542156,0.2337737352819782,2
-0.0912016897637874,0.8944776599552905,0.4992015909135533,0.48733693853739957,1.1285877301342302,0.6174240335653168,0.7467427861906453,0.7163495144789017,0.7912123866794714,0.5324286688053519,1
0.5159978169535476,0.8420285400660524,0.9839724864608572,0.27662876158257654,0.42210553182152605,0.7867730413149479,0.6488595445667313,0.6990285980605613,-0.11424006323280977,0.2732948451735469,1
0.9614446698872297,0.22168993913550986,0.15800531282616087,0.8585680952850492,1.158120648544264,0.38985844979229234,0.8461948236425462,0.8218351005492919,0.6870109903360619,0.564994232163871,1
0.3550724821502422,0.05426518962340452,0.7523114831930058,-0.0014125289414321507,0.018264882018150352,0.5343142063111016,0.3477274995518013,0.17901292926801507,0.8533413122611299,0.22538320981462084,3
1.0345938413876254,0.4889763265131948,-0.16877366104252772,0.8774685826803347,-0.09415401301422269,0.044928184932201645,-0.13507676627098775,1.069742522459678,0.6136791072657672,0.18199528506364154,3
0.46563041510978087,0.21685427400083057,0.2744925551569516,0.1495726205512634,0.33606462009195626,0.8496535474276371,0.9427405536801614,0.2667237174225222,0.4693712956136054,0.046999474324052284,3
0.15020515448918925,0.2199030856342483,0.16573388566124025,0.19372374932186293,0.28496228533136253,0.8682173682924593,0.2715139744745469,0.33073599519896757,0.6730717680268383,0.5222078834294834,1
0.28679920128462955,0.06805243245661434,0.6925589160876232,0.3745616197945768,0.9961876477906341,0.012589227095487952,0.9548872687872515,0.4839389862676031,0.45140224580805766,0.94648861908264,1
0.9278855371976434,0.395665831816576,0.10305227483552122,-0.01854582001606267,0.20360260536836097,0.6742608216903463,0.2159792923278012,0.5031878756756234,0.1366973783914055,0.47175433357576935,0
1.0702602517684445,0.5405713340705383,0.5759139779566845,0.08524696705144896,0.6638481846337181,0.6786138393348833,0.600264254028122,1.135700716178447,0.7856427440606368,0.6562114337312501,3
1.2260018678646483,-0.46524407505182896,-0.2699770218340509,0.3940151233123415,-0.6477129137059439,0.7366567241228776,0.671836750736918,0.8854538395820876,-0.09737853458090684,1.420320697499528,3
0.8478329861499654,0.7728679028995692,0.4872839795899662,0.5281707649194499,0.32336441547705197,0.2835390552731151,0.1817387688082464,0.11153569306073938,0.3984290691083002,0.8927509134605448,1
0.5698924605715707,0.7678516316602102,0.2844041134805007,0.5211897384789419,0.053387322798620386,0.635081284579808,0.09019136882193923,0.5749215810953143,0.7139138055520717,0.06958368644199253,3
0.9120242058752285,0.7070033678949825,0.8533960832125638,0.48193457545726864,0.8703514150680063,0.9289098034687748,0.33069241137507743,0.11262684613061894,-0.013075916852585745,0.6962795337806851,2
0.49112930361990653,0.5156507397991636,0.9980849008943957,0.44430683963488227,0.9926367219177892,0.6370470179926221,0.9583858270371438,1.309795274903208,0.24108376199570786,0.11210589977405844,2
0.6750917729138167,0.79906073133939,1.024438901788592,0.21661068296966757,0.9642922399955309,0.09367285699775418,-0.389057718934672,1.402363182403372,0.7013339860706108,0.5526975817989938,3
0.11833741330976211,0.640721962980248,0.9344362828701154,1.0444211973814224,0.9565523669983464,0.18751622428598952,0.33855957468777925,1.2644149307260317,0.8509874893965833,1.3193476007489204,3
0.8038145467180707,0.5343316651877902,-0.01585888809719036,0.8844841525892484,0.0055193698194264465,0.12400981688836293,0.12447331102377505,0.9100318524922228,0.7981204105797113,-0.003971318477086955,3
0.05183049049815522,0.7705411924137394,0.8445056265001681,0.22420195133337883,0.9844396504083038,0.5379657790683983,0.6768401688006777,0.4617851638755471,0.7207384005993329,0.5034844710998184,2
0.8595325948510637,0.7278919050031722,0.9441266981602247,0.2995163552014244,0.2263521829122425,0.3703437938895009,1.17130617943281,-0.22053626480552047,0.555783451925526,0.1855153593701551,3
0.36235194222015243,0.47145190013755073,0.32104999338924134,-0.08445232296649005,0.7323941343317494,0.9590584832121171,0.6258104992029463,0.15719851745466418,0.6521713660700355,0.3334017482796195,3
0.7985663181981508,0.3439044453512169,0.276657386681509,-0.060732033825635245,0.7139675639927971,0.8452284119711961,0.9402283717944979,0.5570752720373457,0.2286867645998798,0.5424983712920102,3
0.37813797697094614,0.8652536657351915,0.481065224647389,0.8111994510304498,0.010064125899025805,0.268092592005466,0.6030936903630268,0.268162919031312,0.15008637645794748,0.22092517267045214,1
0.05396694198184267,0.7729426302572436,0.8433548759371434,0.21849507953321518,0.9853568122075309,0.5302258034032153,0.6855532307871818,0.4596293266275934,0.7175437497512582,0.506498143676151,2
0.6202820690743104,0.46111124038422774,0.6322750721102836,0.7033209765836229,0.6030296618812626,0.9014017692050531,0.7118288522254346,0.32677657572742597,0.11374699658604569,0.5196899881813841,2
0.31207254902941556,-0.08464036221065013,0.3623931164208632,0.39723607419901663,0.23733216797536993,0.9147257869578357,0.8324918465349807,0.020413927680932194,0.16708007091446975,0.2864440389728029,3
1.0998320205515504,0.6342114837281931,0.11853101695029455,0.9263623688323523,0.5724848875450685,0.6794670997412757,0.46934563981261246,0.8627232066552311,0.015215737679699207,-0.06615385543445564,2
-0.01136805451125339,0.7238485847023366,0.04849137666979749,0.5163862191028653,1.0490429520432814,0.9997947632222141,0.844552063685998,0.34112853865793313,0.4937017291848502,0.6511152125157667,0
0.297949766066076,0.6417536312168436,-0.1564688418026663,0.18426847457404627,1.6963082217766265,-0.08840545223283969,0.8050304411176257,-0.7006485919391211,0.8805948629101651,0.8740914709254999,3
0.28009267133822574,0.9759488253109564,0.9394512050629963,0.6189911838944426,0.7481052412966401,0.32594587025750643,0.9171352287694245,0.8662612659048892,0.46890037963201237,0.10944304140824038,2
0.13058198751572686,0.3747332612978188,0.018339803109736486,0.06646630145573754,0.45776917298387254,0.08243531510857488,0.1506796991190833,0.38244050399542195,0.9201682194773283,0.2589591644708432,2
0.5206836452920327,0.07293424663148729,-0.05684906338082607,1.7157308209755495,0.39703014425194016,-0.7028653716865578,0.1806703634581206,0.4757230476379274,0.8107102336027726,1.1669889139572631,1
0.41461401266176345,0.5498581810020937,0.4243999153952541,0.16874621137426896,0.07020456327007342,0.607336883979284,0.05312983569868801,0.6227664588906477,0.9664952824340097,0.1574790520981916,3
0.9550681551770795,0.48398152476941225,-0.011775019038220414,0.9807830065349427,0.07230262657610156,0.16286788356466872,0.004174122886283884,0.9046474036090542,0.78423021006479,0.0502981883662389,3
0.07819787471246005,0.6835943466227724,0.9492601400628821,0.6241780935534783,0.713416379868726,0.6282105046010711,0.4101378575960063,0.48088103404474497,0.33698536967896564,0.4618516232409646,1
0.37920664105421825,0.6007463744426296,0.36686061953154503,0.14764743937876468,0.06163582403191771,0.6424139189317274,0.006888453537213814,0.6348904863727304,0.895160382548476,0.16836728652523497,3
0.42478878027229017,0.7999768208720903,0.40354693125298696,0.7684442157033503,-0.04554207656367289,0.22902910948180322,0.6256479658905268,0.29332032733228935,0.21559568750191022,0.16531522875974403,1
0.5123046910468658,0.7955719980728212,0.7484247690966354,0.8940506765770657,0.8299871617866924,0.4200073591027123,0.17819790465213795,0.9252437277468041,0.9846962031649876,0.8347477509694515,3
0.9228558002137653,0.49058780364149557,-0.006120174314355176,0.9820897396089721,0.034231886319154976,0.1535413032071887,0.022893661421521966,0.8899994361775684,0.8102046095245287,0.04674970552550957,3
0.5448038201608081,0.48327767875492933,1.2304194665059682,0.013864435759871618,0.4936673496114668,-0.2069259974179648,0.23984017086615206,1.0213690195578067,0.9414859644384295,0.5719341710175758,1
0.28541277880444926,0.8944417758992065,0.5275090890411385,0.2189202790682685,0.726569986364945,0.20470692177466443,0.6287616964848372,0.7493953377760987,0.67094948323081,0.5806150482100783,1
0.16619048738034103,0.10242976212374347,0.35151429854514754,0.7306132136439051,0.11023010913198437,0.34911364072202145,0.5234174758054643,0.853045664293602,0.4350753755398397,0.42908157188171536,0
0.05834495106127677,0.3386504333146298,0.8177331245494072,-0.0132029278222707,1.1814926121310574,0.23219072218262815,0.10627301486662566,0.4661173192131862,0.4640955721810064,0.4748278109089678,3
0.9214981147727996,0.7463235374966397,0.5258234865491141,0.4837539670019292,0.2856004273074377,0.279664722431008,0.22138651491828634,0.14118646199634535,0.3641152293525105,0.8737924098143333,1
0.6005364987871543,0.1808015921841737,0.7514833479541101,0.9468315409132717,0.7252244979979868,0.7113564823101081,0.6030683762967017,0.0853830679426908,0.0742590095100708,0.7503940301777037,2
0.6027419919367392,0.599319198313507,0.30558423522935013,0.520795137119769,0.48895526641319925,0.7036762262894446,1.0193616335474105,0.8281551342029408,0.3477269868787265,0.2889033379446164,3
0.055010451996258994,0.7712373895343926,0.8502644858571446,0.21552264494751205,0.9871600891048028,0.5332746212761627,0.6890110675162897,0.46207428828961333,0.7153102049283864,0.5072485389797106,2
0.9396822505145346,0.46282960959165487,0.030698807491638763,0.9829442030440209,0.04122663775555646,0.15511273327409159,0.0296827688211493,0.9025794414355244,0.7861835208548096,0.04259083184706492,3
0.5437181809088196,0.16790517387885595,0.5291189030124693,0.2784707834042856,0.41383166939921945,0.4717107886383831,0.4010391658504788,0.7749485149280393,0.2969432629984718,0.6177384023212253,2
0.12252116236317352,0.6616808729920832,0.9183794307576455,0.6124546280341217,0.7086777079840042,0.6278110551590544,0.43868201190425915,0.474085175825658,0.3661262395523962,0.5007352979215446,1
0.8396976952396249,0.2804858383242875,0.17425710174563008,0.811006781902279,0.39355675714198857,0.9052216766098279,0.1875317033759839,0.7544566982512215,-0.32221063006774636,-0.08108805213398367,2
0.964298426049441,0.46975992544628853,0.03769028629475625,1.0163751212171392,0.04588282145442843,0.11168569911312323,0.04561752319392253,0.8633871405870382,0.7949788310246125,0.0678057987969264,3
0.15331221358078845,0.6756018463020745,1.0152929006332707,0.8525294193771766,-0.08459513572050659,0.05039555513495647,1.1459521914375455,0.5175771096990196,0.4944082795314099,0.15935560060933157,0
1.0396126337470935,0.5243917676247195,0.1613747396610361,0.4511440412251467,0.6519637770040436,0.4586630496243027,-0.13961344840299628,0.4996442998292106,0.07547222665177789,0.5556701218219555,1
0.6514728007455172,0.5035795657544408,0.08542946066255547,0.7426972480170763,-0.13586320957278425,1.029062808662768,0.01605766713087267,0.115271998564617,0.13279195320132037,0.2569559027097649,0
0.7585641629563262,0.43560039775711606,0.7315374571343597,0.8817439409486244,0.6102654180440056,0.9724825930366028,0.45783261291941146,0.3026824682457894,0.4061686753064996,0.66439173647402,2
1.06023848139494,0.785112518003309,0.5698080957150369,0.521015521901153,0.18575403994762346,0.214346281280266,0.3399458581838958,0.034103588675025234,0.534653508695078,0.8266413932046124,1
-0.07745036136248146,1.197251741553359,0.5597890553814686,0.567733484787478,0.21365806511090635,0.5705899833325864,1.3262246229477024,0.8160801988107738,1.0070137145816647,-0.2054883454491796,0
0.9383176290382089,0.7159130576854493,-0.020367640927063085,1.215006329401167,0.39022084836275583,0.8113718697598741,0.7347480549788143,1.2317579605148163,0.2553323420058546,0.370625263706744,2
0.8673708260191936,-0.4650308079430615,0.669996789312874,-0.24487443992818847,1.1994391342715496,1.2219046982776263,0.06534457548729244,0.7979709535612426,0.1407593466668697,0.24458351968421493,2
-0.08066147166297455,0.40535311391888196,0.862937070005922,0.8987882492258498,0.2005016429294561,0.811988776591406,0.43307817183425673,0.35374781423473195,-0.20723024110324278,0.6904272316573062,0
0.3899944795514101,0.46341592922564967,0.15067836757240585,0.5341844123800206,0.30501107276204587,0.07309969642298207,0.04691101814778313,0.8116430564986037,0.10884293965904933,0.630255201370425,2
0.4541327871552729,0.5484314720774872,0.2077209561170929,0.5485607508379399,0.5233372999586782,0.6787387680423723,0.9656992010565266,0.8560117527649065,0.4385660560763454,0.22197566368466046,3
0.24075067857022253,0.979760477036961,1.0279767572388938,0.5621873372655218,0.7704249432380826,0.21692668784578562,1.0044926734431576,0.9105267524074742,0.5515294407247053,0.21887149214574184,2
0.45945771565816457,0.5179995703886894,0.20611627623176357,0.5724641147102585,0.47447218043719963,0.6892504189377046,0.9320947646628631,0.8649046226060733,0.44084995146484585,0.23238549805650216,3
0.7917188290128503,0.600207253521747,0.8769009925647467,0.02908607899872851,0.1883567868154809,0.07705411002905672,0.30398797791569454,0.9295902643385409,0.9280994513583403,0.8742000759553474,1
0.12068199377888772,0.632810333584077,0.9096652609037211,0.5872834842748591,0.7297762082144115,0.6465524300773352,0.43442838646765314,0.4515233681380617,0.3574197457768813,0.4974914633907668,1
0.8353373618665242,0.3446586669901949,1.0700962642264054,0.29082590352617776,1.1523673035901174,0.3966318879960951,0.44872772230791025,1.2724483963765185,0.3419458855499104,0.20018405350022228,3
0.8814688635206476,0.7450951147226008,0.5329770029764316,0.444391243335273,0.31231719700538474,0.3026045625436487,0.2550779512447612,0.12650816603295914,0.34104721550740624,0.8545883245123227,1
0.6099586461694015,0.034870157266371715,0.10287502037310897,0.9924760607228121,0.5904163724211922,0.16017371125687024,0.5314425567860702,-0.11879387214724821,0.6756870315387071,-0.209728008693518,3
0.5123505066899992,0.205861260179671,0.5815079549118702,-0.10104214154606984,0.8420488204684204,0.513749161417712,0.49915053373029894,0.009225285536668675,0.5996857616225502,0.08559360238982955,3
0.35144728705878686,0.4619520428783498,0.3211446247663601,0.7466070768123998,-0.14442074335912936,0.5904555851159067,0.6999440330442956,0.19631182696367844,0.3497017173315206,0.049424797877041765,1
0.0542141708369953,0.7765560617391762,0.8440781809909947,0.22407696531719604,0.984434709339336,0.5315533161607684,0.6907230832812209,0.45871740672261596,0.7165264300571325,0.5078301011469535,2
0.3036679506222879,0.9651682189179022,0.7052190098747992,0.4413990990424116,0.7731695940657655,0.6645398225615811,0.6565793622669788,0.5101874092044204,0.20791578441581585,0.3613449552382846,3
0.27840610036262514,0.9382404666201044,0.6591269312055847,0.4767632495593451,0.7805181185438632,0.6492421924047724,0.6301251185638556,0.5038629377610552,0.1917246989087299,0.33734414905632687,3
0.0657420025914949,0.6262851186977922,0.9413316160386427,0.6334627747788637,0.7405191430865875,0.5890249304705935,0.4198724021776558,0.4503078324194148,0.33995519318261785,0.4884225642930846,1
0.6143371722281341,0.6855263121943008,0.9789315048932685,1.1322071621822245,0.881358917064487,0.36828445275464117,0.26271036359532024,0.9812315863612295,1.0889959983169062,0.6209373196886482,3
0.48529412324425664,0.8185756772197571,0.13182612197811394,0.4145273505843211,0.04700747794470686,0.9468239360136591,0.4676806930273139,0.43819570263825236,0.16792608768462675,0.8803341021554817,1
0.9819730065640396,0.6829043095807303,0.03872405404451579,0.9992658699601737,0.7812273111663042,0.8063975746049508,0.6187678617875708,0.9409975719005799,0.08647259991381205,-0.0992383276361356,2
0.12580755682042344,0.4321449674151131,0.055719542057994606,0.05672558700033404,0.4456056504199976,0.020986388249408405,0.1837693355799749,0.39045636978426845,0.9009146689770382,0.19678571939493253,2
0.057694505574639,0.7740809079533513,0.8501779044554136,0.21554321668962428,0.987579442288749,0.5354539460749892,0.6884018002903325,0.4633448634626998,0.7204482262631544,0.5107750360342912,2
0.7520061270615928,0.13462447861361712,0.5065005777352333,0.606386202724228,0.010077906798321573,0.11634941494682316,0.12558575818598344,0.6236944413615244,0.5300871670124452,0.6583550912949003,3
0.3091301606176436,0.8716258430953875,0.5188170515954632,0.8662823315723853,-0.05453810059885388,0.18555164443493782,0.5215459685505253,0.23423226933132865,0.1876864963711418,0.21786388020875477,1
0.5630517454230064,0.3861939287495876,0.4549037013001076,0.6225406944230648,0.5347815469029434,1.0437497645630365,0.6492392957765853,0.4527863548069504,0.09677891814496617,0.3708579463562934,2
0.7208528572912751,0.47180870546045534,1.707082231001459,-0.33527085406727064,-0.23723889831043476,-0.18150195977037417,1.4373704295033223,0.5183244815789876,1.0547780885718545,0.9177999594058253,3
0.0014062624246271305,0.4608434075089272,0.7417528517719838,0.778689662583417,0.5771885017499108,-0.0567785816546975,0.5010489994578502,0.8819125978609198,0.8820391781158206,0.9596539173313638,1
0.16978122148512698,0.5017353439439151,0.3049864946187875,0.16522289702355258,0.85446559199658,1.0175068351261682,0.5660012815047772,0.1526511026749901,0.8211287932893664,0.5142644024459471,3
0.03856652810494564,0.9243699595338514,0.7079671639602028,0.28480981451058546,0.9792860231852927,0.3754202537758321,0.5901091425669236,0.6227519140081623,0.7016306976790493,0.7469868273688369,1
0.7219746687744647,0.4607636637909854,0.49323289609405974,0.6277966962320687,1.1802098329710151,0.9166399931042502,0.16419854234775288,0.5707245436355501,0.6675853634412047,0.025769401736153608,2
0.33101771297117644,0.890605467206655,0.47246524084248626,0.8742198528950531,-0.015224170701792269,0.28027603543629215,0.5701447628442026,0.21269127586025813,0.1633322574396084,0.22176010902879859,1
0.9034595595641127,0.7265450572328104,0.5343082586863673,0.4625669925929782,0.26676223887260536,0.26947509744059445,0.24156895754496846,0.13127749934250801,0.3847512164778979,0.860035184689314,1
0.47642485406007196,0.562877567214972,0.3267316263223773,0.15026710261738302,0.048887055546960614,0.5968593845441149,0.07589510810981635,0.6131064308887818,0.8486579789791262,0.11210220500403276,3
0.0037163984183171406,-0.26544609009090214,0.8109958497799523,0.2707019943356719,0.25920577136056017,0.9530474996234393,0.6837981919515401,-0.4876030993658934,0.8576065921044189,0.8204606492559708,3
0.3660782829713803,0.5740902307938179,0.3398951668532288,0.58483363419973,0.4741998160005149,0.9008034929386365,0.008084658664863312,0.366263501033344,0.35304755302491103,0.026068646264755156,0
0.4522079503911235,0.4976121607658324,-0.14948310583690894,1.1510396659705542,0.18879483019002408,-0.05589954921829288,1.2629926106263383,1.0780040871748897,0.9316250787573226,1.1965879625866012,3
0.33813365490497593,0.44529005429590207,0.490937383950833,0.2462057624590707,0.5415077630352546,0.6707247819270937,0.8062008795474197,0.2127172838224162,0.4052186343407021,0.46202858111330086,2
0.0600474478406866,0.7767982914233775,0.8480671273776001,0.22287068301382001,0.9900965523217633,0.5307423957188737,0.6901642065135299,0.4605616889097694,0.716268972818729,0.5118735759155815,2
0.7261673609733863,0.7284900641440722,0.4617432734223258,0.02540853925745777,-0.19074051770269634,-0.4698963651536646,0.3548209870276172,0.7378719252745995,1.6179448433176373,0.7543041761775471,1
0.451053589148833,0.842950990659339,1.0770078494099475,0.7242561572809537,0.8501903681259445,0.3609190026615492,0.7896474450363599,0.8850688341958469,0.42418672315132994,0.10091964947308547,2
0.9262574680111956,0.5215010329421992,0.48061277093597166,0.6616233840778812,0.01684274829188337,0.857536487260933,0.22978699172940037,0.21626116935213247,0.20390583604266252,0.3367509907584447,0
0.9321533887159793,0.12015276777399789,-0.004792469293469265,0.698313967379426,0.9026507132925875,0.14900948283922885,0.7164592211878552,0.6716374361217242,0.7521584916350125,0.6376106368002994,1
0.45646204958980535,0.4922460012879722,0.17493209689438066,0.5663493531543847,0.4760809199261084,0.7061042775037557,0.9743684288261196,0.8337836014025266,0.4694041374372836,0.21780012139935565,3
0.9517170776371255,0.6414289746119972,0.6667044677409325,0.37443680639338556,1.087680970034695,0.8567064556126842,0.044877164671573044,0.3139507142885387,0.5125004204670931,0.31737879913712796,2
0.4521744259783336,0.21713251218591284,0.2718416106791375,0.13820535498382416,0.34607680028029264,0.8705697711299047,0.9385043981207349,0.24118918453954205,0.4487275728765183,0.040006140264012995,3
0.3493037978735216,0.4815243024147602,0.43970362826976206,0.23694900778644595,0.596741819638174,0.6991553129256178,0.7634145748966445,0.29034008770904135,0.3856109682553566,0.42663552526924864,2
0.2918054679979161,0.8079495968115282,0.7842895221186135,1.058620957911205,0.5609238543188106,0.6316736075641544,0.386314773202588,1.0822207924369418,1.1019855085556622,1.016323897346775,3
0.28124714732642037,0.9504157999916355,0.4247481097041997,0.9098108871193848,0.08720663130709845,0.18506307654704401,0.6127864410232181,0.29363486131262606,0.27007382268111685,0.20121130969780793,1
1.3634134137473066,0.6958509684322179,0.03366055594625675,0.8815299350960142,0.5498557018169518,0.6721854661657725,0.30405362455400503,1.0824573793982177,-0.12068167542552938,0.3697625317669595,2
0.450763935370486,0.8383635453061752,0.5384179116927071,0.8200542798730013,0.05828051346230065,0.29813679398651194,0.6116359242382858,0.2558792387956733,0.17462394635570794,0.16810175854464776,1
0.5469476163413642,0.3207935017095528,0.07328621585237492,0.5178579608657186,0.3201963360617444,0.15000853651350501,0.04387237375855499,0.7319502580201238,0.18316106207878305,0.5765869714271464,2
0.6632318830978248,0.7180884865608655,0.9274292840288682,0.17131245751907118,0.1837568579306106,0.03888019955750982,0.3344263625094911,0.9994197526422068,0.8118000752984956,0.7849844134800921,1
0.025659291459954228,0.4557016702243091,0.04950278491187386,-0.015061592365594081,0.5833170918868269,-0.05874770120495604,0.2889856887418936,0.25441406756488816,0.8158417405833396,0.20958551578586218,2
0.37300191120514453,1.006812035028882,0.9761651821401764,0.6311141777728436,0.8671739236714696,0.156120124550558,0.8306101607748371,0.8802168397326791,0.6288843688735947,0.07460618356037017,2
-0.036994700203018815,0.5653853434773191,0.1201393664729834,0.06742005428432679,0.5934770410474546,0.49500038168338684,1.19809204166972,-0.2760071435622859,0.5768577773162373,1.018571167138467,3
0.608189368828083,0.9471778519572716,0.29775728122091144,0.5587201708873741,0.9787867913008732,0.5155313333854709,0.9698668085224611,0.12702541114699564,0.887585570172703,0.805694304819421,1
0.41958327206240975,0.8134019486635916,0.5558458307591498,0.7186576960072676,0.09289741763593554,0.2871511059909184,0.5143981565664099,0.3274063400588516,0.13394587923503068,0.21711137883118403,1
0.7692955527118268,0.3149439273800667,0.6060116776131973,0.6769338867804888,0.5124731186602665,0.7931689612484865,0.5433974139433685,0.32154393125158426,0.10343557135044193,0.519315295170876,2
0.2052156442024216,0.8073110505145465,0.8730129557188914,0.47784327151879713,0.6446024505956912,0.6394157313077043,0.5174011193214232,0.4274950636237661,0.4048346525536157,0.5127873309295418,1
0.058241954349289304,0.9967177433535068,0.01683116316360851,0.2820260904201631,0.7287757886311401,0.8545620121007322,0.6145991115021028,0.19204985037287747,0.22967054616618449,0.8444007213400895,0
0.8648480503918187,0.6928225351113662,0.51239804489454,0.4953629901045862,0.3039271887006951,0.2834155515035578,0.18603606263894013,0.12991264866724406,0.38567570042352634,0.8202710085160302,1
0.24998086389780938,0.9314358786006484,0.6645703987285559,0.4681162694604987,0.7062267189834958,0.58181178789691,0.6561595802348222,0.44791895670592835,0.10045651441306855,0.3236146850285937,3
0.1504754324894323,0.2586860928533017,0.23616783710043604,0.06389295754784965,0.7612043433386875,0.7895384635111486,0.6782691442809531,-0.017217056568991293,0.7243614698366007,0.2701909682129007,3
1.06583662048933,0.5177214759970362,-0.003607999411023636,1.0068247084217918,0.12939245439056807,0.18416017447752983,0.09455022351272466,0.9892662566154082,0.8401223395934951,-0.04594542952650291,3
0.802424266846274,0.42560579376285645,0.23018456118269448,0.9358238824345118,0.07641124151920244,0.24998610804117022,0.10787904310918064,0.7537027412349216,0.7339637223414259,0.16375979752314396,3
0.5153071727560625,0.7711860643820792,0.7465153731348745,0.8763595908958909,0.8027887088763717,0.4267135873634072,0.16662998887493496,0.948078419701491,0.9881621073083102,0.8365934165020067,3
0.93170987767798,0.7113955762241199,0.5530690707461589,0.49894712825192705,0.2519831260732746,0.27879938132310056,0.24913867964147435,0.15584353215847496,0.3628492168185218,0.8499431249285461,1
-0.03936631252471336,0.9599935502606183,0.7398122011765623,0.235495130715217,0.9696482232097379,0.30318974684162125,0.6290884783804928,0.613054212319293,0.7631430453705377,0.7491008808345099,1
0.051656416322325927,0.7666890507416758,0.8440561962495113,0.21708152051898744,0.9829582348959126,0.526190202994111,0.6831407384252939,0.4680262095890874,0.7187548716157134,0.5028806138968417,2
0.05697135034293994,0.7734690827367927,0.8432469387913123,0.2257947256636757,0.9811535140637613,0.5318778548860373,0.6930757500935799,0.4639721669342586,0.707173930128945,0.515866943001625,2
0.20382766223564458,0.490827694307557,0.45926695262174555,0.4712568543987785,0.6916010512535201,1.0836088851160688,0.86271378246116,0.08798000430118101,0.26661441502108285,0.6749178251295554,3
0.2866836780222918,0.9970777948190316,0.6704708646724272,0.5476811533483056,0.8878676228391531,0.6208823337413676,0.7532577456929899,0.591247833273616,0.1355508653367952,0.44706691384300423,3
0.9959508112783575,-0.05644415151410412,0.33754531732052384,0.3616186621749085,0.44371672875692625,0.3133138182052744,0.4244144276811482,0.2211361006227573,-0.1589561006601525,0.2769554706043962,3
0.8845697128814892,0.31231196612231216,0.05003726244930057,1.0888923592306934,0.08420890279092219,0.056452228082352174,-0.03535723204931387,0.7083667040464031,0.5956992483752931,0.18094433789563613,3
0.4457621190212192,0.5868875456510119,0.41895376527959655,0.1484157848814726,0.06259503142256122,0.6728564185051639,0.005867767772892472,0.6296358288072553,0.9042196301812729,0.15525740819671785,3
0.43247628587683506,0.1549660976761572,0.28180643610468836,0.17643668892393782,0.403969766716462,0.9395298260913029,1.013259261392351,0.2016040318543647,0.5444784223886959,0.08649345430779637,3
0.054169976123126705,0.8639252879172676,0.6546328426797112,0.2817198707319609,0.7657808391765871,0.31767011641718795,0.6304768867169033,0.5427155316680324,0.8388673710007463,0.7477534231152803,1
0.3895948201973107,0.8575949206689562,0.4756220000375499,0.796379265141902,0.009968641957131236,0.2603522559356125,0.5945446991352517,0.2580950538696199,0.1518492451691619,0.2146594147014533,1
0.9579666094400517,0.6734148174129782,0.2199232087375591,0.9582948003834719,0.6224775714323032,0.7599311015733066,0.447829524197019,0.8975753246685423,0.0059658826985992544,0.013905232017717876,2
0.5237330776909074,0.8575182498940155,0.7912191730276958,0.9635543875867245,0.9147499706161903,0.5078835656813854,0.18830293465381998,0.9198601251799049,1.016348221213001,0.7678131767475572,3
0.3029088659102359,0.42124162320833886,0.47841173900893896,0.28354177751028214,0.5732719737643391,0.7229089034273746,0.8062197021977173,0.2414460567420771,0.437789257389472,0.5087565791012142,2
-0.10475083361075493,0.9449139394340581,0.7453274567629561,0.16628095631775575,1.1007881919637643,0.4606793801989927,0.6927785199988361,0.5913352171085072,0.7545573911499524,0.5527208375222494,1
0.7491357564659902,0.4530583385606664,0.7647057095880321,0.4931428105713688,0.6148229770947812,0.10493855481384089,0.6596883338927075,0.4044190715466105,0.060687770867553656,0.03701802282841977,2
0.061212034484619975,0.9575072222517393,0.05515406638266737,0.23958620603384942,0.7423652560641003,0.8324382348886282,0.6342444045761669,0.18790087140832568,0.27183666810790497,0.8088433183607738,0
-0.053281682697204014,0.4752564964631507,0.8397147820080321,0.2448639614373449,0.5968947118391408,-0.6642406888264417,1.3538113897853052,0.16268033742974503,1.5659058123913983,0.05525683260676645,3
-0.1156410251457485,0.8883650767135625,0.5589049132767823,0.13182801997498975,0.8741026050917896,0.6137234310924555,0.8624186159317085,0.6184011801863054,0.4893138199604922,0.8170363402980433,1
0.7928622628580608,0.4133772825591248,0.48617545956209957,0.16815309451249302,0.19929443358278154,0.37072273771341735,0.5175086442510957,0.7097026287128209,0.4228156182069286,0.5413887355565781,2
1.1235455968741141,0.7216197666375943,1.1806921880099996,0.42015826136475265,0.5468555615690553,-0.23753771159071813,0.4817987240680897,0.9600515294613788,1.0593714969216417,1.1935221242797476,1
0.10049898267214778,0.6666987476545397,0.9355131510578445,0.6143557465492278,0.7147562734165007,0.6335702513469457,0.42015530619553254,0.44776277780383783,0.3394904652307761,0.49685328172835447,1
0.05725503463707477,0.77289118315359,0.8459796200415384,0.21838723293219725,0.9878930864094844,0.5310854113540865,0.6842354310996628,0.4616695085050649,0.7154417642094681,0.5083866476777571,2
0.23691853809729102,0.45453048214478936,0.6916677592391155,0.21286153396607393,0.6519229847774372,0.9766720401887974,0.9327412365914131,0.06598460547136373,0.40666168216184295,0.7119749812360876,3
0.18064632495708516,0.24465571978044254,0.7095341169140262,0.05741548610472563,0.2303960116383989,0.23265763430707423,0.23604607935995509,0.5957241482127059,-0.06382376423294434,0.860979626440566,2
1.1672426768712816,0.75559214364186,0.5482248063592032,0.09904348365989488,0.6058755205416432,0.37590681395837744,0.3905971668929196,0.8491681251930824,0.4772000342613023,0.9804960698618723,3
0.28307166072907775,0.970913898186957,0.6481062612690547,0.4726839931099488,0.7689576445186546,0.6239380073727431,0.5916217797066458,0.5064221265136342,0.16114484477018548,0.32560515514327515,3
0.7601839337066054,0.3366687533602568,0.5001619373857025,0.8422147429485505,0.23534475325444654,0.11033867847710543,0.1264682565840237,0.581471322502579,0.6686017253935482,0.42408358310369143,3
0.11420709375520818,0.12526974411685138,1.31694344707746,0.005806582193534665,-0.13035145202228582,-0.10172929479232276,0.6574235720404161,0.30615452468281057,1.1905431064223744,0.45563881257513583,3
0.7139792574745086,0.21385413070330184,0.6317858260211014,0.48388264556200816,-0.019855212331047395,0.3349999882104344,-0.02634764869892936,0.6925605160717475,0.6599911361110614,0.7742246352953589,3
0.2437600128438906,0.36730087706069114,0.5630254381820701,0.1806291006535505,0.6709631583924685,0.8799706767144037,0.9011435993119665,0.15721024096756403,0.3992966558518545,0.7066996325652204,3
0.04854293562363021,0.24724910207856274,0.4619410399403351,0.902695706805756,0.0748735123047547,0.19053346954018363,0.16839554964454548,1.089425807250325,0.3387111987276384,0.8274346884134502,2
0.6542625516207085,0.7306227313304097,0.09278413849397801,0.7796831346127326,0.1788343233322788,0.8557391674974307,0.08760252815000102,0.34026006191421526,0.11796101265706321,0.3504844690039349,0
0.2998115031956378,0.08453403905695028,0.5855687223105517,0.12764416683979832,0.09638445154418748,0.7795987208329812,0.3663352709115243,0.33811198775170387,0.8640505670374672,0.2827309580346198,3
0.5999827617716029,0.9529607577661502,0.3058307592894237,0.5515475358443438,0.9828281143000991,0.4864405611105975,0.9715099817289259,0.13568245644489907,0.8934521831492807,0.8105176521938485,1
1.297123373281129,0.9173682012266033,0.49783992401446886,0.07832619100086372,0.37261588977673576,0.23551105516322732,0.49516652097967123,0.6934061256322779,0.9193706244747442,1.1388908283681238,3
0.9475743520913215,0.71920456785939,0.5287382229866956,0.44473600968841204,0.2337531931722408,0.23006702978888321,0.23347087731441368,0.1672619853056178,0.33658366811522206,0.8255800063486547,1
0.32033027528855734,0.8651465417839233,0.6993363755202093,0.4920186635013953,0.7756286989458028,0.6983759528857567,0.5097208597432648,0.4601433069411983,0.29163770441134573,0.29875402469825446,3
0.5503778041983954,0.8250047211006614,0.7313736212421001,0.8905647004686039,0.8580004764047503,0.42515682852946063,0.14771581104775525,0.9395471648542859,1.0157707256326192,0.8297379333188731,3
0.606387788324249,0.6532142755381561,0.1446331459842341,0.7311291526257144,0.18250932076405305,0.9285922755066007,0.046644978776009975,0.3268897246142426,0.1050640772289369,0.30289703627600084,0
0.38277293978352644,0.8608877684002811,0.5369094558734768,0.7476576591605554,-0.03842744397069536,0.2109000189221929,0.6593332995525754,0.20153031419096504,0.20301079914368994,0.16949283863603232,1
0.5282499600985262,0.562657672716945,0.26744652989330236,0.6191352755997146,0.4471449678896099,0.6147300101060652,0.8878699130762504,0.9059627474470184,0.49248730485766123,0.17650686553086742,3
0.45469192068993797,0.7386118004060992,0.6457172205339378,0.6232130622403322,0.8267719459758015,0.2150365699106854,-0.05272609437269141,0.9823017808988732,1.1493422137387086,0.7520797173146866,3
0.5601394566372871,-0.5883660378200407,0.040646441441200776,0.880475777669511,1.5249842672577874,0.018037168897614475,0.3295446873363306,-0.3054624599601296,-0.32829950178049827,-0.25886159377307294,3
0.053700762544343514,0.9569296437099595,0.6871016729112871,0.3008715394498811,0.9389044509120912,0.38701295341073605,0.6004326819929269,0.5842105952889818,0.6797851829439476,0.719079075301638,1
0.0423565117098614,1.1076088916581615,0.8520845248766542,0.1405982079620772,0.8012819031379527,0.5210227347865307,0.5649481010596633,0.5809413839449526,0.6314780943201211,0.7325223043177753,1
0.4570346764128945,0.10082827248858339,0.5531567916201496,0.37745866093646835,0.34089302036604807,0.4276085648942336,0.3938399878079722,0.755012773900102,0.3306837216089632,0.5713434321690934,2
0.23232816646220253,0.7238302281990163,0.873635198298765,0.31929858902325964,0.7512982074129603,0.8069850222292572,0.1266312044914601,0.3143653381578507,-0.027044016064102783,0.2304773214932357,1
0.3310496458917556,0.5608450685504246,0.21349082986700668,0.6396948072918981,0.6028930688761015,0.7502224869556741,0.8575615102537867,0.852842604160685,0.44699782627262585,0.2266527408612483,3
0.4026361740297101,0.499435156095187,0.1830689111598948,0.528736978668807,0.49095898651616837,0.6998260258925488,0.9849073231491936,0.9194625545333276,0.39411607948384375,0.2529210136107295,3
1.203386990927088,1.3805939488350374,0.531283119335092,1.638375627369336,1.193673032902851,0.31044502044364297,0.43700887305501135,0.6690927175162558,1.1539741230251972,0.29325278137935085,3
0.16633971330065955,0.4093716717982635,-0.006897431330320669,0.06345106061985259,0.4612002793865945,0.09748524280342077,0.16692401337219126,0.34605299240162635,0.9092873208739156,0.24961708308047167,2
0.4406671135488909,0.29893669610678364,0.5811340145902839,0.5043529550967111,0.9608018474430282,0.6903943493831144,0.6627934821633814,0.1803828981404218,0.21732357104722566,0.44918857687809954,3
0.3847698104129431,0.8087373911243795,0.5058136331922329,0.8191787052539151,0.002027344478052668,0.28277836374929655,0.6349640800890464,0.2046173466947171,0.1956404339391961,0.20583415544319045,1
0.6891191765930895,0.4286405790917041,0.5896631980427468,0.7468593549150238,0.562198016817758,0.9424157220684196,0.6390264726513581,0.2912379909517776,0.17976449497287234,0.47342737789558015,2
0.69320460124695,0.5006287821224991,0.46392953886247557,0.5230722955382318,0.7061918458212812,1.0919944298889805,0.8224811126211525,0.11567708776597213,0.3968911975305246,0.7062291219784288,2
0.20746206358633168,0.3255535949728323,-0.002502180170767823,0.05506694027809912,0.5697391603115542,0.03486442756816502,0.035694802649108306,0.39755505273013314,0.8387345494449452,0.19131552144251648,2
0.623684305495232,0.5322357190134684,0.8487545429029689,0.7690632280268526,0.676818403552306,0.04325591105896996,0.9435101627817806,0.11602912851261493,-0.1821019314581887,0.06313334728555174,2
0.7728820178711078,0.7329077163268641,0.7368395363414288,0.07048729408702271,0.19153302618232293,0.2042312878819526,0.32229311609058975,0.9346433961397832,0.9743722567431619,0.7216600845670484,1
0.549658117060563,0.9482868026756176,0.33330961316625923,0.6111009014550148,0.9950433197493966,0.43931221714588276,1.0346596425222683,0.08693700467465748,0.8730784841360164,0.8673140982169119,1
1.0352084814547682,0.8497535595289635,0.6410616886184464,0.347396196875393,0.16262023340872722,0.15603412059862204,0.32439534328263636,0.13357790549820378,0.44942778449220494,0.8158041255029194,1
-0.2604611778099151,1.2396816878800745,0.8752732885452807,0.8096343487216384,0.11344382327833713,0.598559171379754,1.2768135473592261,0.6089564807560166,1.0181629725454011,-0.20639520300599606,0
0.7148296994241561,0.16535071702107895,0.3808793439882681,0.09861547139273272,0.5056701181178507,0.6899983324983863,0.5384499330451851,0.957776645997019,0.20286856342262682,0.7107229221551127,2
0.8325653118138071,0.5869003186011115,-0.2474043117287511,0.7065376395042261,1.4816790402927644,0.24547676197970358,0.37713322144059735,0.20819728361976475,1.2664369646007259,0.8036681623631674,1
0.22722312795127525,0.4635016726852494,0.9836820777313237,0.21540502945361986,0.19847417876630297,0.043421682289263845,0.9516603259760811,0.2255690164138216,0.9800916822788953,0.22649838927638058,3
0.21059289970273481,0.5637153834613119,0.10414851688313553,0.3231401051860997,0.36365618345639944,0.6622009127409153,0.015160053456994116,1.0701268402408626,-0.013787788293773529,0.7825020426751176,2
0.23843336194792591,0.3873410534510537,1.254422365401221,-0.054229261846739985,0.3115029671188309,0.38803177832757274,0.6847157618258595,0.5615158097721193,1.1398039515726857,-0.06620214571442612,3
0.4337203828419035,0.3661425620233595,0.17718620288018833,0.4552684136230845,0.33148515384697924,0.034582252757286,0.08804664402517505,0.8342211766627593,0.016516781108318987,0.6971201559706196,2
0.22293177035224904,0.9478721482814636,0.7294425292427928,0.8557370349780645,0.4516978802092864,0.3105935524186079,0.9891146993229738,0.11273754614023115,0.4827535621753024,0.7013879757706868,1
0.13186202056120688,0.3409423288213788,-0.05524827087450945,0.09823465354881791,0.4826254281545666,0.02787629496792165,0.13776330130070458,0.3357432056644276,0.9297539729015081,0.26420552432990896,2
0.6941177810801384,0.5217127126197306,1.0271376440129663,0.0012529606717609637,0.16525391267681563,-0.15227205100600846,0.2408004313309548,1.0332493639797184,0.8455404828342344,0.6232257546122152,1
0.7290283070210379,0.46991136683094176,0.752719558826562,0.3505435611800245,0.8637922681792745,0.04173395976292444,0.41420174785885516,0.4285442164205163,-0.18514737714005214,0.3265265564104869,2
0.4675394181709643,0.20041930328527946,0.27005732504522423,0.1658047640581461,0.36759191106425143,0.8395008952877908,0.9272354708086672,0.24922842238452717,0.43139775936857133,0.042552411109439164,3
0.3867504757818017,0.8652254429261239,0.791636497024257,0.4881569047581781,0.9224538515842582,0.6784153617233483,0.5265204041713959,0.4670406392019941,0.1974811846715163,0.3807255448547253,3
-0.12126263579820534,0.8704813078834286,1.1324173319705297,0.6157044161161677,0.7042885763279766,0.39962246642174926,0.5050676402541994,0.6148469778946926,0.31741763547853996,0.427631188910514,1
0.2321722210049261,0.4203089479008611,0.542272618788853,0.2697864111973678,0.703598312098855,1.0143779191795217,0.765770095603361,0.007916464235528664,0.41946882792853246,0.6080852587687154,3
0.9170939844868408,0.7282605823076421,0.5309298358172618,0.46130015213938474,0.27378543246581805,0.27518848471171975,0.23079610523623453,0.14292683703465406,0.38095132202748805,0.8569612259786342,1
0.8609353005381323,0.2299355381402734,0.9212231716308261,0.563766868182773,-0.18115008352884426,0.3108218111627877,0.3514099803969489,0.78994140341503,0.5094541568211384,0.2621672900781022,3
0.5739283328012406,0.7143015277808353,1.2163592205688416,0.14870631746415242,-0.2005031281580411,0.4114862650561783,0.09506086100009256,0.5652302734080168,1.1074091445710625,0.9202874255301132,1
0.11970276722776245,0.6050306271979655,0.9353408533833532,0.5894880635781091,0.7109379612805818,0.5774765507515384,0.3539426686654805,0.5146480832334934,0.3908973383393075,0.5512427828589544,1
0.9398114622272773,0.4901145593664765,0.03564906859519902,1.0074990809176234,0.03067021285753451,0.15033117668490004,0.009043111446234221,0.9031731092481086,0.7829436670657967,0.05194883835328548,3
0.8666503699898562,0.5735614112414466,0.19037155545170256,1.0826793214060935,0.6207204814555789,0.555335707597219,0.31202174990685827,1.0078703173494605,-0.17325912839459903,0.06996866937459922,2
0.7006324920192419,1.0147424474465558,-0.3579401689457357,0.7538153691666895,0.7641308099416378,1.2857703706494417,-0.28450316206521115,0.37551520470540944,-0.060733171686088355,0.2680274974604554,0
0.05660985900462921,0.7755794660010171,0.8469015688367504,0.22127229178168098,0.9862977250040506,0.5312920692731113,0.6848153768166007,0.4598048106493054,0.7136983737244896,0.5100695481657544,2
0.40583593357052544,0.597514191518215,0.40468118797695657,0.18698088752760447,0.0459018655578988,0.6923657894142353,0.09030278773664585,0.6536066856379646,0.8741667158717661,0.17935310321324088,3
0.42084323420854086,0.5584595784974619,0.39929539474211645,0.14007374231905295,0.03721892064331982,0.6417395912953304,0.03159115875822421,0.6359190496896108,0.9270611828478436,0.16076681566499074,3
0.8447206809478532,0.7441035065400362,0.5086132517840498,0.4030203674075695,0.2590848033246716,0.2704867188820767,0.2758889163224749,0.07860325264008888,0.36808190229774623,0.8684981064368158,1
0.07102621715607821,0.7140419939559713,0.7008898699549911,0.8176086815999899,0.9237373634946311,0.5470932553369259,0.6732857280963565,0.9398185628766226,0.7643980184059743,0.2873058626220565,2
0.5918953548970207,0.15341268216208576,0.46936879366897016,0.25313787503313245,0.37421853403331906,0.38959545737128565,0.3254839519772129,0.821705417785141,0.39831661880668007,0.5468895791889614,2
0.8219593414092862,0.20065960165852675,0.08221751904884993,0.7855458781090627,0.8910546310846562,0.02843824650976555,0.5591190024032279,0.7998379134955091,0.7031068833423564,0.7358479126537345,1
1.0468838330905181,0.6488346037048003,0.21749668211518608,0.977792946435783,0.563943587571489,0.6261937535206057,0.4428416768572768,0.9263038511508085,-0.004308540265979127,0.05306955173087216,2
0.64280776208736,0.1482725132125343,0.26625602171463086,0.27116861646503754,0.32434676483409647,0.7451198185516519,0.8094595759105718,0.3147202745924495,0.44170318762655436,-0.006353992736542996,3
0.4637369876985126,0.8586425912806797,0.7975833317111277,0.5938233722524268,0.7583630942741421,0.22615942962607072,0.91294963405396,1.0850652489302004,0.5413083131892144,-0.12492992916118681,2
0.983043081528878,0.11489198083280897,0.03749736553243758,0.6539890645561665,0.967407287534587,0.1588008644590181,0.5835558088503258,0.7332748116656185,0.7149936621644858,0.6935303083276341,1
-0.5491669338628782,-0.18479793700075076,0.8353148396445308,1.18570444273672,1.643372199281847,0.5430371334424969,1.4313322543760783,-0.7014479190756027,0.5428954516830554,0.5638581518325636,3
0.9259156294965508,0.6827200129431551,0.6273213981408156,0.21396406508616958,0.41384830892287283,0.4346155423959323,0.49021936026865914,0.9422660426000232,0.6208231484006337,0.7923753875786683,3
1.2242314128653238,0.6193453565160773,0.16406325187988982,0.9420368982689777,0.47948085174248334,0.5214335627889191,0.48925822623677073,1.2006163249153996,-0.04881533729463491,0.12528873127021672,2
0.24960791998368814,0.2182486216033867,0.180359051320654,0.004943546343878252,0.5195633109452845,0.8391773353491,0.909471043033694,0.42536131483254097,0.44729234464336387,-0.1257653063233376,3
0.302347225704276,0.9064813954362911,0.9590939772350305,0.5377474759184104,0.7437927869116175,0.2498042183388719,0.9047987165684923,0.9819026427701504,0.5229263685108271,-0.007867921102151954,2
0.26038698446826214,0.11330275384402605,0.2373145773513257,0.5025933751923676,-0.2176440426887285,0.988107432308052,0.38162155631929134,0.5045710544943954,0.7332496673886288,0.08128836693904251,2
0.719712856544768,0.4935533845406904,0.9706385060709565,1.1206549481856791,1.2941301727056629,0.8468903624951885,-0.06166422304735228,0.5788986736285138,1.3922980110221372,0.9913836872525025,3
0.3741020934239655,0.8002958382459908,0.4612639170525398,0.7612325530405439,-0.04545470683381331,0.2698531547912675,0.6044466227330895,0.223017949176095,0.15931457823324965,0.27169472755758484,1
0.5218098680791943,0.9672217665661533,0.28487725263874586,1.3317004734233127,0.46352016917093275,-0.26719830513429665,0.4210099730731034,1.671960280305116,0.8038447364153308,1.428091909176927,3
-0.03195059800417199,0.9971876756115196,0.6281518045486592,0.2733666469602356,0.941606332630879,0.48926884886960037,0.596737550748102,0.4513759910920516,0.6713708607812349,0.6452692285317883,1
0.8341699441013648,0.3099486959890444,0.12368472218239622,0.952077746034724,0.19168856441895982,-0.013106785574185847,-0.12999100177174086,0.8619594930650495,0.6486384678845871,-0.08845375469868483,3
0.6902894432568893,0.9263253204285989,0.9854809936696285,1.1369069949967046,0.8674861162043441,0.45348471324161643,0.16843631250578353,0.7560558512255151,1.0089658955944296,0.8947699384721334,3
0.08706022386738206,0.9981393273319323,0.6658359934390863,0.2901364702715369,0.9266843847414595,0.3997432994313177,0.6466482222205028,0.5904952822219125,0.6405350140373312,0.6944039029923419,1
-0.14330985867675866,0.8049277257220154,-0.0659302774399794,0.1823192897895511,0.8484811721333877,0.986749049314728,0.6110062109577473,0.19046031927193247,0.2681522161553597,0.6289104493405883,0
0.4989150629894581,0.1878760762458334,0.547945023885217,0.6681770488079845,-0.27724001612845256,0.3889094539206986,-0.07958290939549245,0.3300074400985685,0.3188457315472032,0.6058247825370073,3
0.38066461411292946,0.6208024875869225,0.4526996367524474,0.14620464633956473,0.08162490444407028,0.5844419110606897,0.06998120175538389,0.6091397494217228,0.8955270628142733,0.19979787021491013,3
0.08983040623677581,0.6619444380759957,0.9304788687457848,0.6202907449559836,0.718224859954299,0.6326829743024361,0.42135374038002965,0.45442442865170973,0.33717328945602915,0.488227199611216,1
0.46641005579008393,-0.13426015235595717,0.8881702101560154,0.6939600534903086,0.4780131359534999,0.9146870992844396,0.7411141088288802,0.9581900352641977,0.5197334911858608,0.8337918911773274,2
0.7578285314352117,0.8731860306890188,0.6292835704741873,0.2772504774924754,0.9112217916851577,0.9626231189338336,0.1552622885262526,0.4337788029030264,0.6950864441411334,0.4214826721872996,2
-0.5969707272512891,0.749926666323193,0.26263908830736005,0.02911696450883372,0.09290293761601298,1.060230887672049,1.2913551690291325,-0.21711071608644839,0.27986691138935915,0.6973744537305888,0
0.535552455710299,0.7163902051529099,0.7440496149294401,0.9190214660990981,0.9110343705414382,0.35957810484295566,0.23582211257403823,0.8802531345380588,0.9462489044110345,0.8465236072752211,3
0.12385871686552735,0.6628558577248908,0.9414259288296977,0.6337328053490647,0.7365574344054601,0.6182242335749353,0.4011746536156966,0.45575584002852854,0.30878780039474185,0.4779363317910088,1
0.20814393192129382,0.4763907178225576,0.6204328130141489,0.23880197763040417,0.6910670942842456,1.0012779177801772,0.916959338444244,0.17490745451912698,0.3556704285088886,0.5954315731267253,3
0.3885227092596672,0.8529910256244572,0.47677371429194015,0.801345440608412,0.006177187291166993,0.2630193336742482,0.599154757296513,0.2605634280909077,0.15379473974851843,0.21641010409190492,1
0.9784464938778951,0.6406963672151711,0.18756567479635594,0.9445917538455874,0.6263094567698554,0.6854108986723972,0.4779584826181614,0.9658108084660229,0.023640429454583105,0.023912533660125114,2
1.028256163166163,0.5902017651018998,0.6852242615705494,0.44658489976586174,-0.09129699824389481,0.5111264445426709,0.29560764297083963,0.4136572516377621,0.03911895431582191,0.10060586505902991,3
0.23593232337812559,0.21877479355175344,0.2548803381247908,-0.06442479363686265,0.4060746871100405,0.10421961128726664,-0.07317905696349572,0.04298361636561909,0.8591368725406726,0.5842959289616987,2
0.2831103687564611,0.38909533913235844,0.48647168492230086,0.22706336781889547,0.5583242238119427,0.7089613464799015,0.8551849422746401,0.27093203971744356,0.4460370157382146,0.5268647159515445,2
0.41652172217344885,0.855746993083788,1.0209239533246866,0.7690373167075358,0.7055230649911144,0.2722258369562139,0.9244045510399133,1.0713419846385113,0.4737597104096518,0.1482000017342823,2
0.7490146844915144,0.4208039048499729,0.8816941590648129,0.4602942301140328,0.41458982682001644,0.26912047469019024,0.520835534790879,0.7141730014852774,0.5634852124713028,0.8414553331662044,3
0.4737378850614024,0.36530523263437875,0.10207535115269123,0.5725703519345443,0.37442383637921406,0.03182692201545828,0.0990655488726236,0.7490855920158977,0.018343207206938057,0.6440009356534061,2
0.32454776251411843,0.33503998194167606,1.0604209957460136,0.1953916957784387,0.22153606469765627,0.1503938448412836,0.8107633740238718,0.33845399525598896,0.9605816454792163,0.20657658951818514,3
1.0191276618236091,0.4341086077959548,0.09660217379037382,0.9252836131185377,0.07629260380519637,0.22943528148129586,-2.4506190483396945e-05,0.9567636779724169,0.809648407283511,0.06458630607054888,3
0.3276310206704246,0.955223748770999,0.6639715562442787,0.8319633834001132,0.4363511431591198,0.19237101051489996,0.7943918581803016,0.1392377969038915,0.4550281234280343,0.7905790879519969,1
0.566453523422269,1.0118534857583767,0.27246953599186474,0.6425042628479607,0.8502392430331487,0.560750530783013,0.8521822727859012,0.22275138310951165,0.8244650300934823,0.7366158817346317,1
0.4229303227021337,0.5519287700664827,0.9194937449243542,1.1069524829470232,0.7440462939683186,0.43664761075229297,0.4392459384333367,1.162353215458478,1.2294658184819731,0.825345386125851,3
0.34754045705587466,0.15919495104870535,0.8501703984259077,0.563493848796951,0.7965866701638669,0.4316001277722264,0.2281674338416188,0.5065353474043749,0.17485211186318309,0.4496083713725687,2
0.12715496370550544,0.10223671794417703,0.3938920273689458,0.7308353219179891,0.08225613412406829,0.38324814850950656,0.5331301640994942,0.8522830417965792,0.4092839799171749,0.4423406515883278,0
0.2975607879427352,0.9773731664770189,0.6971055097398807,0.5022298363891581,0.7642688617636602,0.6406175446687629,0.5761178068674618,0.5344164054744533,0.18729498177553083,0.37760397041312915,3
0.12971334176023203,0.7410630746979697,0.6048759706152513,0.5647039354123095,0.7226455678554842,0.37244930908469553,0.8917096624691359,0.15959182236858793,0.6143289356412893,0.8185610772014689,1
0.05842060227103339,0.937984495218992,0.6782412367890809,0.28382755780775504,0.955136887383926,0.3837055626840672,0.620093820113652,0.5673932306847331,0.6916539761566188,0.7130187669388629,1
-0.06810706942087294,0.5771807513758683,-0.20659842316995777,0.14319273297808577,0.38392204193077817,0.020799722921471545,0.05187229525447476,0.5692663597216445,1.0638826475246919,0.29448478505237197,2
0.260051106424963,0.9567577499735419,0.6667133133062084,0.478039897795941,0.774779595467712,0.6417615892762046,0.6205287971778604,0.5092055165026969,0.18171761282665716,0.3408330360085019,3
0.5868280424061482,0.9086609159406293,0.4762643062320051,0.7504255698932047,-0.07527250670956795,0.3872560385227888,0.7984419035459088,0.16050941511633704,0.05332025296982236,0.21227451255019897,1
0.36492995917964827,0.5396070060132794,0.3301475859113737,0.17396420109051455,0.14180199291073842,0.6483294333719283,0.13515798579991348,0.605684399699084,0.8737875814613618,0.14284439536749985,3
-0.009650649316989723,0.6610596436890306,1.0197388755255286,0.507015914598589,0.6147083377298604,0.31135568061022323,0.32038976886379555,0.7048821305099593,0.7015103735067363,0.541982776311526,1
0.9384414116855566,0.5584440653229978,0.38204962471978,0.5259611682114474,0.22728930521240953,0.43630678859521344,0.3221739054203503,0.027124310600762744,0.3897996844248128,0.8786843919562667,1
-0.02861824965945517,0.06949536081111223,0.07086011207149114,0.4127034909119972,0.31858853922524755,0.9706917981947937,0.24965930524301289,0.5435536133025518,0.6739113040968302,0.8257871025299675,1
0.5378869464775882,0.7722853771097231,0.6823792767002982,0.2883286951145832,0.34577946958778916,0.5648431056242583,0.15630476389477924,0.4685809570201042,0.15155303883098517,0.47554148710734584,3
0.13799023010337863,0.41876505251699503,0.5812628164075497,0.21056143528002486,0.6133954177832921,0.9096671901616751,0.7499871119007171,0.012880710252393915,0.40992271516749856,0.6577847445243781,3
0.9020047221791695,0.7422518483839303,0.505933069086192,0.4484667084796711,0.2671194541032764,0.2805269097803347,0.22482478315623547,0.12439771812357127,0.3660483305608684,0.8830983566896493,1
0.05904773367850802,0.6276466217621764,0.9385281315857544,0.6703254066791047,0.6647165553263613,0.6924385630515585,0.39194400181584793,0.4538013574690165,0.33602812853789393,0.5203652592174288,1
0.6173231132436083,0.6091895346055222,0.8363496504765319,0.6058225987327313,0.32296977967906176,0.9259379379511701,0.595079402887006,0.20463929651584914,0.2649980300717839,0.7726218724809079,2
0.33210788075404246,0.5892228054056302,0.35028383887601716,0.05221031560938989,0.004502903298968089,0.6863569943743952,-0.059467284935735,0.570305244839168,1.0260430523623167,0.06492661940330834,3
1.1118104733302974,0.4078479151816036,0.5489401449258738,0.8673647139042561,0.6853313801761753,0.23999368531717657,0.43760221698399465,0.7140054495761197,0.37816829368559607,0.2266355638970961,2
0.24255395818105474,0.9699309087100672,0.6914055775956102,0.48651033647998293,0.8061611932564521,0.6626086293116995,0.6026548072940123,0.49756081474017794,0.16861224756632887,0.33851548531143727,3
0.06665023029715256,0.7828777587873363,0.8415628277002442,0.22054159773203635,0.9802724413261584,0.5300007651104277,0.6755205060833764,0.4716415869299066,0.714821194932176,0.5088206893431474,2
0.8299377393656707,0.6517338071540679,0.6870151985573446,-0.059280299043048476,0.8687986587502348,0.6822539647150295,0.8162862059223063,0.3612170944978286,-0.3633950615164178,0.6979134028654514,3
0.09289328377524123,0.5772816221326913,0.0138957771568749,-0.26544943507762986,0.8115402968259723,0.9145159122941439,0.5153832976633883,0.035817625267948586,0.5889737684161995,0.3127922016889646,3
0.5645913751146989,0.2090688556147877,0.5271932564858577,0.36114441402844455,0.2844358379152259,0.472970846863378,0.45779328162775196,0.7930021238766383,0.26215004335412334,0.6024090751310505,2
0.9270031394232813,0.7296542338928234,0.39926058006886184,0.8273740401745571,0.5141221311184746,0.8128865882438892,0.5625546010768279,0.9712786017533822,-0.0005615372682268131,-0.20037224102393025,2
0.10498934194338472,0.8864628632678728,0.6463816859431063,0.27437903424042975,0.9040530659427378,0.3516893222937653,0.5582794135666662,0.6484914510829878,0.703939954960397,0.6987189198507348,1
0.44859915098550074,0.08513202973623923,0.43001065346351064,0.379876536905194,0.4471079638295746,0.48960971375549905,0.3146311792507162,0.8570713301135353,0.32381760463556125,0.5363236836238785,2
0.1607352141901252,0.12580212517571102,0.46138003250886106,0.6655499443857721,0.16624133101612448,0.42065045031783904,0.5569312123123566,0.9382621104360741,0.37657107136197115,0.5077146566095606,0
0.5130269391302074,0.15966346350493604,0.4811340414954901,0.5059022533122624,0.12160292122207833,0.46337632075759394,0.2185670689493588,0.528781273166918,0.4084816663695595,0.7797799669376781,3
0.4462855579200185,0.5606069132544648,0.16779389710993134,0.5773823335889801,0.51621977902257,0.6732571739296964,0.9265750816925097,0.8390416166714997,0.40348378391194023,0.1802504930939567,3
0.3227006336490386,0.3230344518300433,1.1365609280076332,-0.21384936707344332,-0.48897792503814597,0.5200345652225655,0.5524552291994296,0.5389066219617813,1.479085047775592,0.9408505391457719,3
0.6321747782767693,0.3677167901376772,-0.07173206339897331,0.3189030637092276,0.12600884549447208,0.16160263038729428,0.1252850352932714,0.7774012609352394,0.14927144869160797,0.43185069917791175,2
0.11514155921026338,1.0332422314382812,0.6455235262219086,0.33525219412679347,0.9929689411992045,0.45585741447414263,0.5064790735055422,0.5092425118212236,0.6714135972309702,0.8092950920977668,1
0.3518331049281161,0.3570186724986055,0.03750086399400099,0.5974054459563636,0.2951080760684136,0.03716587961005921,0.08164030066373133,0.7850864674920244,0.03378369034895818,0.6551074680558732,2
1.0538392354244908,1.1653694150919234,0.37535848081686596,0.06277774280124987,0.910558690455194,1.173013617578352,0.011849577241491507,0.2821812221509569,1.068823703311867,0.7468486918908515,2
0.7143353249026381,0.5207891022930442,0.6560513853540522,0.556893605323532,0.13428347354796424,0.33621976699431566,0.2514260157218004,0.516516044314933,0.36084415910812384,0.4839004087785639,3
0.44177163521982754,0.7521687372147523,0.6041945651506082,-0.07852804802709182,0.3699863148709228,0.8972039674987845,0.36979547607227975,0.12815844919773442,0.9476240617425027,0.719506964391855,3
0.23107931062003267,0.32329178068843345,0.24279664214269814,-0.03769319108172015,0.7748475699213399,0.8873039507451748,0.6612447783631078,0.025203326454567448,0.6545633122967155,0.30446740832252583,3
0.23455091511609963,0.47366318284959974,0.9917651175269879,0.20333792775047696,0.1945774291545975,0.04846839061603588,0.9684021807897856,0.2464774175743167,0.9812867719869542,0.24906755063062883,3
0.34768426268419816,0.9828957829665086,0.5205638427404443,0.6465697611666184,-0.07631547711581145,0.30653792549630654,0.5251836745664381,0.3630784509354183,0.07910216565910264,0.08856467186418024,1
0.38315726212662427,0.7445888865671195,0.5382406997975347,0.8217319655186713,-0.031981683213198005,0.19151261380952478,0.6254192877306997,0.24885497878100968,0.22787400941054148,0.19444039520614667,1
0.4550632684058441,0.05053205464422861,0.4479607870878083,0.2050085108863031,0.1677406175565865,1.0202265717214405,0.7632549005946669,0.24076948619534685,0.27345416223402985,0.0824038091323698,3
0.8678898932209382,-0.3110416691689145,0.10867388359434854,0.08306591777267502,-0.11383186297841719,0.29180218644283384,-0.040246260605264844,0.7111968698380449,0.7197492619678267,1.013965074764708,3
0.42153247103747077,0.5468218584030821,0.2513817601684178,0.6369112148679962,0.431296931177311,0.7088503724779744,1.0455622032259742,0.9516740293649686,0.3626751288277936,0.13809030247188214,3
0.8536585397286327,0.8540187750504701,0.7940212322458029,0.25831952683596426,0.484511113558051,0.5168962333217854,0.27478236941501233,0.9038156474614095,0.7211143460224192,0.8927724020286301,3
0.3785717824002591,0.10945469339213493,0.5884116575392696,0.13704457905041897,0.1480876206566854,0.7033039935438041,0.29079997178918127,0.282878923356932,0.9020444168742371,0.2409214314265411,3
0.46205872910111767,0.1788663689594193,0.2799356092821661,0.18531318232223087,0.3947067740270136,0.8743230717076281,0.9066988528883663,0.2840784248193282,0.4777820181212297,0.04085394654229194,3
0.43494296717528386,0.6234514502761321,0.3504769907459193,0.11114572083506617,0.0611018734769975,0.6468540973245694,0.0206095179425115,0.5676077024508782,0.9899339967190067,0.2214888054312826,3
0.9042681894124533,0.7349473294657286,0.523491265705402,0.4619149294661812,0.2754810693969412,0.25916966889793636,0.23244374208042487,0.13336630932471444,0.38264472667028393,0.8755031526302393,1
0.3879830776239724,0.8602548900397184,0.5561594003446988,0.9174716269473984,0.43080828057392595,0.2861468528828224,0.7461537235361815,0.24813224646399898,0.31253869440720494,0.7690312171460894,1
0.11822612821693956,0.9440832486509476,-0.14785856124244537,0.2563702708849847,0.7862147663089186,0.6751648906789958,0.694410274613414,0.2591231790538598,0.26076277393209185,0.9238408503855338,0
0.4304140591306014,0.37481310670820606,0.04795604325352897,0.5126993948903598,0.21637384663402737,0.19630781642306877,0.025144502679826174,0.6595656289743652,0.05072359407868916,0.6887365406336072,2
0.4842674632745137,0.8192609052854386,0.7578789015610043,0.9285172278728769,0.9207101369321187,0.3735564275081694,0.10837310478164953,0.9306193747080825,0.8796722969212798,0.8074131723226721,3
1.0953536919360658,1.2153052893245564,0.3910530385837465,0.6351006651088302,0.30400038478528923,0.6789374982356313,-0.31791067555328084,1.3514561813235555,0.7477472275753785,0.85003874104946,3
0.5954996027566778,0.6796062487272474,0.1252699975509633,0.7503696845119373,0.16739675692540995,0.8661892458189182,0.1094983041225569,0.34792480684014726,0.04946590798452417,0.31743136839339653,0
0.4321706970328355,0.966690842797967,0.5668705884805667,0.6343454652187368,0.9277898843399424,0.6703297085475421,0.6668505517345404,0.41254492460085124,0.1647262077202996,0.3844741866544902,3
0.1415407481025574,0.22648173536407676,-0.15468431144356054,-0.030613611652290172,0.9626035753044764,1.0588748231610234,1.044258117526112,0.5829661105212247,0.4530667037138929,0.4346221940161611,3
0.8364657351927246,0.6939568896294276,0.4573225431094809,0.4910558238550924,0.34396795252122603,0.24929890638378088,0.24023519541318067,0.08351504542574148,0.3764856468821146,0.886932653833364,1
0.11451608730120127,0.15155267443850706,0.5180559291045091,0.5649545035102139,0.9261746340598727,1.583385686808858,1.131593129508514,0.0177170318866592,0.2808880132471975,0.3575262400509072,3
0.5043406173752989,0.4478329175415082,0.18252359722120465,0.6049496099623786,0.5739273398459908,0.6564913860037461,1.008043012232614,0.8315703544800329,0.42242540415134344,0.29188117918553536,3
0.10425784933790067,0.7143254180166445,0.9083378964137184,0.5526956345207574,0.7441773254370484,0.6087525707146191,0.40410647167609537,0.3854811261849789,0.28592593108695685,0.489974963099265,1
0.4699950449402467,0.7255285089413896,0.3985731690175128,0.7856498104405585,-0.0371533475876881,0.4003240311964664,0.4341062193718205,0.4107945395856101,0.2787883220973302,0.12707480461514253,1
0.006765491108573357,0.4409312047015358,0.29916316122345515,0.5787709000538559,0.962429604763128,0.741878225998426,0.7540180498859818,0.09242719752772761,0.0890098290712375,0.6910593983042492,3
0.4055048041552316,0.3345284244292929,0.4324924679858225,0.2215658907159479,0.585210500566802,0.7106847492362239,0.9247082781337136,0.22613930430539753,0.4405903351381962,0.5385398563077045,2
0.6550115690014717,0.9735455436038444,0.7492795751963125,0.05411449074975366,1.0900786195105618,1.0137048323056561,0.039360389281531724,0.19369673101008578,0.9609178934132276,0.3844395360727836,2
0.7009538553963921,0.43139010079291606,0.5748668507317488,0.7297724690406515,0.5694280482675201,0.9509657868201696,0.6653678545408419,0.3373261613907289,0.2013367773968401,0.45864940005881705,2
0.4284513435680206,0.528465625049132,0.04615681252284104,0.4676963165290362,0.3459878280705027,0.3219263125863332,0.42678783410452314,0.5799223981730395,0.15309500960096087,0.5070772383743788,2
0.6560954118902942,0.39071289274422133,0.8190342455343775,0.37249212761861145,0.46110615840924174,0.11970092347531434,0.5069805189109792,0.49863881791200365,-0.08066225440041366,0.120930525619334,2
1.0218377071218627,0.08798908310305,0.0032970204811636483,0.8117392457323689,0.9653891089296607,0.273320600337139,0.590496689283618,0.6890680530745396,0.7731691672310901,0.6352629707754844,1
0.662290199651242,0.6381602110688684,0.728530964903556,0.8436796117408389,0.9437473280590428,0.46778302622229145,0.1538732531169305,1.042898098026,1.1545286551276541,0.9985880672390898,3
0.19677911124520286,0.6179943519779495,0.7940533629572638,0.171280768551063,0.5915847127900837,0.6544453995097799,0.53439919053541,0.3220745160126448,0.4374979953434429,0.4836438049747789,3
0.4668276326386301,0.5226920734437986,0.20674541152152068,0.5966538374406879,0.5098061978913658,0.6850399999107545,0.9535894287832991,0.8723920878878132,0.4407042405972394,0.24347971162467716,3
0.14744942824381055,0.7610532262786956,0.8335928089610702,0.6825771095696197,0.681282480102411,0.7374297807475378,0.2861117171498737,0.5214706075701204,0.36808920394227596,0.3722761916727394,1
0.4752578052690541,0.7612810805768576,0.11270280310746017,0.4316092264767097,0.04376596227614572,0.9431728756728167,0.5038821256770434,0.48937348451634366,0.20307927266697265,0.97040750837363,1
0.9447880324085206,0.48011231124516196,0.021256080744379492,0.991790686405058,0.05055148657560482,0.14492093915502552,0.010555438963705963,0.8793242997273478,0.7796613649540918,0.04076522804071789,3
0.5499026355632076,0.08868817385116662,0.521987819002183,0.3268300571676261,0.42892499819111324,0.48368420324638733,0.37548513367669584,0.7689766133778898,0.2838262491833563,0.588591051639718,2
0.04997590131414704,0.7785498968857265,0.8525146216928209,0.22141673180113572,0.9882245080119272,0.5333124025633537,0.6836083764702114,0.4650948057903313,0.7183767816419806,0.5075494316535651,2
0.3129675339566339,0.45039221833777265,0.44272959755951435,0.26752046728145673,0.5476733642467204,0.7012327871511104,0.7912170735228313,0.21858098061677517,0.42449918655548124,0.5250222672177488,2
0.30819794017069807,0.9027502846001569,0.6204861300994228,0.45973671758002,0.8063994554297482,0.670364935334076,0.6081794447830714,0.48240526619455604,0.19873629002363602,0.39553580617142836,3
0.43113886077496516,0.5568230967203773,0.3806546772755828,0.1653542100694054,0.06142243039562255,0.6639913327781699,0.05256327437997056,0.6352646050527931,0.9265096301208546,0.17198713619649905,3
0.2671508741240984,0.7543717764661914,-0.13884673965815353,0.4979930175275983,0.7277770326964983,0.566433393421082,0.8403411484862511,0.27789199890800714,0.5589963089926273,0.7895026720902222,0
0.09984500098346058,0.6663165988493701,0.9353106757854507,0.6136490338754169,0.7147310891779309,0.634322178957045,0.4196836288136046,0.44712887571136434,0.33892242303802084,0.4949715097430964,1
1.2059271378412606,0.42109466697911146,0.22618427943148295,0.8006360112088255,0.5648769723379162,0.3893295478089713,0.2610613782436508,1.1626283993061188,-0.23435922538490608,-0.06379534429159797,2
0.3681566242126871,0.8809664684705424,0.45530311836240756,0.7555616669768739,0.03884542082817373,0.21893885702028437,0.5580110999161108,0.22005710932117695,0.14543158438406678,0.2479468208620738,1
0.9270965556655582,0.20539066761103267,0.1276252458316536,0.5733115107307004,1.0855282164032185,0.1220070667274964,0.6250183542319618,0.5815386757822626,0.6073827012808266,0.5887054972779959,1
0.3407220028227975,0.0735548440907816,0.600206702042121,0.15055873448273416,0.18087033031657349,0.6862045909288899,0.2604831247283003,0.25084777623211546,0.8787555739496417,0.25872504187317863,3
0.2508094022408456,0.4076773091026066,0.4665119999025466,0.16739569933943688,0.32065814001165166,0.9271721899429681,1.2154954501273418,0.04810671581556331,0.2708850138988406,0.34829946824232044,3
0.8285951311046514,0.48760336405518245,0.4800051825574506,0.32168413044240307,0.2620493059545642,0.23991689090242507,0.12353754485302867,0.30426850800570227,0.6697917560957309,0.21148463235961495,3
0.3745155116106782,0.3618521072648984,0.8471009566717055,0.44619355433137203,0.6562068611135553,0.13103246962217752,0.9148293124182036,0.6375836405514712,0.6116897015694917,0.1352810699673111,3
0.9540942600121766,0.7031795119180553,0.6319356913020086,0.5492940862273565,0.4105604414448113,0.21366199658157706,0.35084637491013637,0.2114335679564383,0.4828559884153011,0.8253487836613286,1
0.5004228481522103,0.2042328322314642,0.45181177106057363,0.27747616071612424,0.4930953705470703,0.4064678534758918,0.30817750584182796,0.7806520324306012,0.22234938822971678,0.5687449566537925,2
0.6599337940528756,0.8956136363137672,-0.005563420465203833,0.631756061915496,-0.35476351520116645,0.4973144429979903,0.528376312046114,0.9201478073304346,0.9995726154547443,0.47037656958022195,0
0.4738638307240455,0.513606307473083,0.38605511125843733,0.16114124081451967,0.03960632840797594,0.6328744252952418,-0.014321163918228165,0.6320880123115629,0.8874624117606912,0.20525885500151622,3
0.805268469392519,0.663700934777208,0.4576551316369046,0.6116237293078268,0.25632871212640246,0.2008420850959651,0.3622530992947909,0.23908784829199464,0.3731103758864029,0.8481951775653243,1
0.41049029504761814,0.7537426475823699,0.2893453966165549,0.5494597372734815,1.2536410309499892,-0.0985196875016362,-0.18495081668903895,1.1650308719553937,1.119656206717636,0.4293798565260577,3
0.052950529297809815,0.7752641614797672,0.8462461671833532,0.21595052050797714,0.9877958726940446,0.5388484886370056,0.6768462634208576,0.4569165793076195,0.7162659859340689,0.5141370604378327,2
0.44088778452881466,0.5538817195136395,0.4156994413977084,0.1615206373446492,0.028237476834626192,0.6261712339652818,-0.007345563931256398,0.6721613441131898,0.9398176932194838,0.1421724616259335,3
0.08878872711564115,0.04098345142728989,0.3313724092693951,0.6975910200999104,0.07048187133214974,0.3731151519153928,0.5073279344180889,0.8286329398003583,0.4152169746222087,0.5149412710761228,0
0.12320016845942885,0.10270041291786743,0.17836630030097447,0.10333094832190702,0.3162646564810967,0.581914583156172,0.30229210237386217,-0.010399230643048152,0.5524229336326943,0.6052692925502978,1
0.41912398713313315,0.41908942520345965,0.09968662370448754,0.5347658610578343,0.32979542669280865,0.0985433235598581,0.06761741189632257,0.7832629409381587,0.08469958680897614,0.614002623637905,2
0.42851529128743476,1.0028476996697913,0.89844724195145,0.9546726991901561,1.027290743439886,0.6331733049349441,0.37805563681438165,0.69285401631566,0.7724029724859983,0.7791251236345403,3
0.4609694056577944,0.5316547053962404,0.18904265429016848,0.5667142283013111,0.5007782450248416,0.6619676303167684,0.9511545871447952,0.874568769646559,0.4413209426698564,0.20968735235830538,3
0.2952498373751121,0.9305156420722329,0.6830026598831254,0.4558922293421835,0.784161577496577,0.6127264580955863,0.5908864802007987,0.49163023060901134,0.19063216701934768,0.33632547389178347,3
1.105450883061894,0.7049809677030136,0.5490962291847384,0.7366891532955155,0.4640002226811013,-0.20517994408008683,0.6851744235951194,0.3631118900921594,-0.09135259798005257,0.27745233426623217,2
0.42309269084740647,0.412150678232404,0.0794946978625676,0.5689093342671857,0.32751157064879444,0.06872718928814066,0.05650610030901802,0.8291301592034183,0.07150664654735872,0.5999482846764186,2
0.38112735325246594,0.6687811658487695,1.055908634424444,0.9547578383023778,0.7575137638282402,0.45791885938216204,1.0950503445026907,1.173667164902103,0.7852929477034876,-0.04164082317921981,2
0.5299120799176713,0.8931702673590094,0.31568102949140403,0.6397672180414382,0.7444584784834707,0.8798516261078747,0.4782286941428733,0.7649373526030283,-0.09399524928996648,-0.27562830844501185,2
0.3089891962766187,0.4010509623314398,1.0307316178287032,0.3152933151650089,0.11845682489446048,0.0019611484557437164,0.8609921542016843,0.39092446235324074,0.8978351585743254,0.23071714202496338,3
0.5787913109493101,0.12484360966877589,0.3758852396863392,0.7395316422212925,0.4608097355572067,-0.030984432900318742,0.009828204220854495,0.8000752443464555,-0.07417879002107053,0.6099446691792882,2
0.4013795389450492,0.8345473834500406,0.490233256752177,0.8157340231767528,0.01663754581198585,0.2524025501688318,0.5816603267302205,0.2458980093829983,0.13985340773644725,0.22648528867721088,1
0.34701659880358515,0.7427111238075548,0.9113087748142763,0.7456598283081007,0.8298074542720117,0.5706010123882264,0.33385016097104714,0.9828902348863047,1.157180806000754,0.6626501806342145,3
0.8565480102643697,0.7113626867874957,0.5582562330333841,0.5163691123712333,0.3030507921858044,0.307156601728169,0.2261029089851228,0.16725760518888572,0.32231785754628717,0.838158146268335,1
0.43410834059009756,0.7781961702910816,0.524555287433777,0.7803059920637216,0.006592383396567741,0.3144021868075136,0.5838556828571352,0.2456475881253206,0.06267255240600289,0.26018668869951533,1
0.841320060680817,0.6414511221457182,-0.0621459319237206,1.0806897479225717,-0.11254205172789455,0.2013954865153218,0.17795501617441115,0.7278814269240411,0.7844473202523304,0.15906880892360242,3
0.8831224200278072,0.7859841724419562,0.7929329048316247,0.32657602852386575,0.562283702890424,0.5021390944971037,0.4491270954687189,0.3888828456253879,0.2761688354311987,1.0023076700642364,1
0.17913261032341377,0.39837582086447343,0.32968471044965986,-0.08497674213976354,0.779834504749384,0.8033239006477213,0.6734398253694828,0.06527701217852548,0.5680455373743858,0.44203968673498845,3
0.664702676369138,0.5478803765311,0.652513990489134,0.6562840667387514,0.6196446125488789,1.1067318321282946,0.536477594874788,0.14595854988546708,0.2698783599496995,0.3789521220502028,2
0.2237223204998148,1.0416175832750532,0.5698800788240116,0.3989116751251362,0.8198789705412366,0.7445822700881098,0.6843253201897873,0.5877837940958289,0.1953377796647061,0.20789802940626445,3
0.8822663621978664,0.6174604506999438,0.9226759507228267,0.2015040253130898,-0.17212109269759246,-0.16605101133939515,0.26970553167599615,0.6443948718620631,0.6061621798256284,0.7614756531443773,1
0.4766999145237204,0.49549351239559325,0.771536913061307,-0.2994568440284241,1.3816641716352231,0.9350862493518468,1.1027928990593092,0.6766936782287969,0.2461948354884075,0.17709202741640168,3
0.31620845276003134,0.41972416691558256,0.45599639702071715,0.27184270001958716,0.5864799996611592,0.6975476706569926,0.8152237527422467,0.24383089904348879,0.4197232252734191,0.4882744139804778,2
0.5043110677969322,0.16892086397297462,0.4844720251377772,0.32672721703511715,0.44990606549406453,0.45055159559526814,0.37851368647003497,0.7893056011710549,0.3319450475520132,0.5841120419692211,2
0.9228346569155069,0.4721092464400798,0.03261335180717053,0.9706364320394485,0.06425047409063964,0.16403431501093338,-0.01479342656510705,0.8577406784504339,0.7960329844761745,0.03991137861545445,3
0.9681907794399927,0.7028863174734511,0.6640896123543163,0.23206362359477398,0.4114006857642955,0.47694034501508653,0.44421969989736815,0.967297871871507,0.6500996180644913,0.8252818839354114,3
0.6878436768846717,0.7329835866661343,0.7324608838440851,0.34141140774367423,1.0157517526330928,0.9640244606434919,0.21402433420282307,0.37268284841170324,0.7825571294510825,0.39954669267205994,2
0.8665290132503292,0.8239131443146179,0.40624879355388405,0.577314344040874,0.24962254828973557,0.2655582310809665,0.12987571175050944,0.2541028361529454,0.4020772340941792,0.9388599231126106,1
0.5475180673796178,0.34456926702708923,0.7707133622991369,0.5191357220850672,0.6321120168310923,0.049585097678069914,0.7453487405200706,0.7474601183050167,0.48176797624290246,0.24635817595978426,3
0.6859700252378458,0.4420312495720739,0.47799473427031264,0.4882824509242395,0.1972088315498543,0.3155712979994048,0.3200845293691177,0.4484186991921574,0.3495450894800808,0.3843457261707119,3
0.3730969960648404,0.3563445099295546,0.23057616957500637,-0.008726569187611895,0.8042690704744887,0.882461495364299,0.6800939726080064,0.1684148218025291,0.5203914373913388,0.3235088248045505,3
0.4248608255593882,0.5381765690056062,0.42168536993037364,0.14143166216312097,0.04356015399708673,0.6722182938785081,0.03772171300929227,0.6103727377760767,0.9553241804494332,0.17045006348411648,3
0.7044161172895327,0.26340852821263877,0.4369117944412126,0.4364394346774038,0.06501554869548887,0.15467785880014479,0.14502583933678576,0.5066275170184331,0.6519322524548873,0.6698990524546962,3
0.2575975776034217,0.6491025274139043,0.9450503213870546,0.5737939542095973,0.4984719222094902,0.16571047196035474,0.7579179815282562,0.13036467927792722,0.6296805196673942,-0.13999010593056785,0
0.055009598421524586,0.6567017842406696,0.947559174818879,0.6488223539638089,0.7494571503881321,0.6485494206151521,0.4342867969103713,0.48915112521638515,0.3048244921479877,0.5154084755039126,1
0.2213041971023555,0.3667361543746897,0.018799671281144806,0.0939557835088161,0.494823249891664,0.00956295117348381,0.12510711171988803,0.4552324139374533,0.9353254727745062,0.34118261789249005,2
0.2433863900827615,0.17370994218654975,0.17569234982248502,0.11740185827910807,0.24471225596655616,0.8911944767771824,0.3700768644116868,0.4127785729157022,0.7273544266180094,0.4373079055449125,1
-0.0422106739438875,-0.13161257507090826,0.4771358421964229,0.9706204091430999,0.5696780412417235,0.7170043489593545,0.27560704181984463,0.34416392366650633,0.5894791297233657,-0.12049319282421334,3
0.11734934905809313,0.5532904535296548,0.13675078790143896,0.6739313275415922,0.6083546739277541,1.0586261349018282,-0.020079506075386395,0.6120405683624248,0.35679937234323467,-0.03440232449856727,0
0.4405125604845255,0.5843358788580079,0.22222028486712642,0.7463761622274302,0.18420190712997034,0.1597023257296078,-0.2205158562722589,0.7965277764341437,0.19169315649551244,0.6852063430517692,2
0.7057198052811594,0.6209523337263629,0.5845642009431347,0.5917265903599015,0.28966324254280174,0.058912067254944384,0.5405788114740515,0.33257955204136364,0.30226530324592277,0.6743762979812936,1
0.5038305762716412,0.7858541527322769,0.764926355617099,0.8904585099010713,0.8318835938465704,0.410174480006189,0.19017277655034728,0.914417213755765,0.9816987844478728,0.8246928052253256,3
1.0476174022055338,0.4952653999266761,0.5050209828122693,0.4598883296020137,0.4709906720294127,0.3540128407809473,0.1578000445670194,0.30565076749588094,0.5849925077779395,0.9067533993796077,1
0.9711895624252084,0.564017048428707,0.3111626140398364,-0.09916330029001455,0.1479030690009523,0.32308850255482696,0.14840238252064097,0.4520417511983269,0.5109084024347413,0.27151482896298457,0
0.7367268295203528,0.4917951503151774,0.6534365168266549,0.8034589534722566,0.5195074318621934,0.8327509022515512,0.6373999884036518,0.38155392543815314,0.17938381584769525,0.49528528646145803,2
0.05610266854706938,0.7738721200823224,0.846395004086125,0.21862744573106685,0.9870800905010668,0.5311784330962553,0.6854087978830675,0.4616891834250543,0.716119277290569,0.5072920882462865,2
0.90731393685246,0.452247410026838,-0.008713280219616551,0.9897158941712958,-0.0009091777254665381,0.11682957307951716,0.06349163404194634,0.8278685956401439,0.7573472804731478,0.025572783272375457,3
0.10843629672252698,0.03534769796708233,0.44115736600514327,0.7279388631372415,0.11673297258403102,0.3839537073896169,0.5629613441874393,0.7923794284827439,0.3770048624719969,0.3900182865904813,0
0.2673570746437256,0.8006285318007856,0.764402266318234,0.4989029667867206,0.7990439971258083,0.8500296674321497,0.5442240624842261,0.32014773190353946,0.5099724337625667,0.682194428695084,1
0.8681579071228218,1.0684960924440263,0.49618867733790384,0.9014626177200296,0.9438009191204241,0.10502062120651251,0.17068883502991872,1.1689557515603624,1.3848280731084468,0.8951739797845938,3
0.05321753871808566,0.9586790987643753,0.6859008237979338,0.3016337036462282,0.9409306708262057,0.38648203803106485,0.5998748071010228,0.5859593709907404,0.6795554251138155,0.7204212487544367,1
-0.7053470228299631,1.5977663722654998,0.0505781366336121,1.0246923002208392,0.4075525614476577,0.3682219665510548,0.7879348139151101,0.6873213933237716,0.4727176878855185,-0.742955447895684,0
0.803595164680381,0.1156886233533565,0.24325926113521168,-0.13220390902602264,-0.09974005476530434,0.7415550556427725,0.2739126070360975,0.4766437231709098,0.2803365274171264,0.1404726989333802,2
0.046297286829297346,0.9564386151974674,0.8000835552809756,0.440111775185961,0.9545781749739185,0.44970277198752084,0.5355816257322403,0.6846901079370065,0.5199944403407704,0.5506514186952598,1
0.3585893428975897,0.950494742674466,0.5369344996367666,0.8714174816766806,-0.0690628003476695,0.141623811342889,0.7161000497210162,0.3149533152955397,0.2348801823396761,0.3300814348393391,1
0.8851760774450907,0.7356871214417988,0.4684358305044305,0.5474178708683758,0.18547741047765015,0.3160768535244257,0.14322332922257097,0.13620656421124736,0.3497022271616469,0.7906458647286687,1
0.9704843384597702,0.7421033170059078,0.6754558846717558,0.2332275701423418,0.44725225003970726,0.5406022118928526,0.4649507992414316,0.9425535708202701,0.7009579214138368,0.890473457746179,3
0.3988483555201967,-0.1131754031688823,0.2585718199006185,0.4478519150439176,1.3599350080165409,-0.4362300761367823,1.0969468674700515,0.4138979592959758,0.716650474261632,0.6743898747726274,1
0.4205328748382549,0.24781364138261375,0.21348191145848877,0.12070218825850221,0.31651895990953255,0.8197645880417678,0.9942095341706271,0.18213857661158858,0.5073557434238969,0.07011750319999566,3
0.03300426896675482,1.0316332896412155,0.9520560358709962,0.8575316952113963,0.06900585376949399,0.11794301293632278,0.967483354716711,0.4155384199133738,0.5701970291894722,-0.02726759157500455,0
0.03613856952940164,0.06719878374840432,0.2777696951640775,-0.1118785211776992,0.8013316294563977,1.0881960325391458,0.5321571107795859,0.4544101243555882,0.5268062139117933,0.5821763907096321,3
0.9254564535927934,0.4610230723353471,0.001556361418376985,0.9752516252788186,0.08662554173551654,0.14320122568466895,-0.0006867404467815266,0.8723101239191535,0.7519201961441977,0.022927370530747757,3
0.7888407007690355,0.5465724529521376,0.55490369352257,0.561656532414873,0.06116069562094034,0.35545725585587895,0.19467034842119527,0.5343842767650167,0.3610039046141221,0.42346864626323805,3
0.49531580297266603,0.6926250967936836,0.5745431124658633,-0.05507915732636885,0.8076685576057067,0.7380331968662557,1.0397731481558794,-0.030379408810486258,1.0254958900597009,-0.012405973285821548,3
0.6289514389472692,0.8675013318014589,0.6702108430350631,0.15516810395385006,1.0685231389898615,1.0411187612398838,0.30007296857018695,0.5747314905776674,0.524130393475255,0.5676116593854039,2
0.13322139787154247,0.11034204606005024,0.37245032014165297,0.7218947395571,0.07534432528861469,0.3797121092820452,0.5174875342336703,0.8340942895711415,0.42573434772955954,0.4502110250466351,0
0.1302715351372858,0.3612251536641232,0.022786038948819864,0.05857218574476095,0.462994148735654,0.09061864824554366,0.14325935351718133,0.37837848024864307,0.9337748203470966,0.25241757133724085,2
0.4465526606410812,0.953184477854843,0.46100783959917613,0.7048549510133493,-0.036388394719968666,0.17482380481443205,0.6440503443485049,0.23772445723398633,0.0733944129656755,0.24685890458649903,1
0.24390245481779274,0.9588846361522497,0.6705694474110161,0.48712779090802016,0.8052397337985253,0.649184001568025,0.6326296143623387,0.5080322397961183,0.19874381314401074,0.3722061302975459,3
0.441289905253861,0.39037397381563044,0.793025070989207,0.40379597018708335,0.6794488963863208,0.13818007926749495,0.9168815820437859,0.7083510551434875,0.6665521714149151,0.16945490386613596,3
-0.2225685240153621,0.7415565484507712,1.3126415933284998,0.16239555687498308,0.8120623639145816,0.5000255117275034,1.3907006352518125,0.5896161766778638,0.41224684216151364,1.4308701974799511,1
0.13871706702495154,0.365271289812552,0.008698682765746733,0.013207943612557185,0.39911201138925745,0.07836429282748096,0.19357188427902647,0.3485329318264017,0.8659894865254311,0.19662760188140785,2
0.6446768386522724,0.08580601150090691,0.42642163624876495,0.45657342261891015,0.0952863702887232,0.22919182498023816,0.19390399091200333,0.5631610149637996,0.47799826357132436,0.7954901934018318,3
0.7583590536114807,0.5866228959252073,0.5643998747182601,0.7002136921465596,1.0174336972357598,0.5068213549780101,0.4091511291638438,1.1092439298020946,0.9589627859198278,0.9479354595805072,3
0.9349458878574413,0.9512223550286207,0.7870768718450708,0.46805818812590116,0.7865724429103564,0.8402507788071516,0.16611205874831497,0.5866090598204327,0.8548760216603715,0.6074506454409152,2
0.1165555509185209,0.7891168910476417,0.8302591389400971,0.5275357612074678,0.5110026207175454,0.4703223310169292,0.3869782253046326,0.4785146008713063,0.36932979206163447,0.549465129705781,1
0.4481235083448199,0.4944737354487207,1.0285810028152313,0.39013819452240817,0.9332020431414305,-0.1216440996620472,0.8445459881716973,0.3772713756381036,0.39822902715266756,0.152804756177623,2
0.7124067669110808,0.42313474702931814,0.5996908749107194,0.7310924535846195,0.5644112835612322,0.9364118159322241,0.6553147447417526,0.2886723701663335,0.18095253666364286,0.4772920667012726,2
0.44734731917070425,0.8782812412306871,0.7522295496633968,0.7701279056401991,0.9315509085933211,0.5188159891754512,0.22028674969811954,1.0000467357188996,0.9457642662962832,0.758213677525926,3
0.7198396688982752,0.4634680845840576,0.6052328535396903,0.8141266997221543,0.5994685263262901,0.9543713656624824,0.5104450199582253,0.38112397664029607,0.1794655071451577,0.36763742187708104,2
-0.05721217438590874,0.8952840398349114,0.6810193374398605,0.3921762222999652,0.900122609507952,0.39436236464056,0.5959290086226359,0.5116415603822474,0.760418053125721,0.7972858066633349,1
0.27118312420255525,0.9534924603363205,0.6710743189901822,0.4697259605107658,0.787390255269652,0.6357012513356517,0.6086964871358753,0.5124651740320089,0.17211867680012097,0.34637296692794967,3
0.48381171889424884,0.7679854684040973,0.16969347422689343,0.3696233556307811,0.030545817649943963,0.917802931716388,0.4976753803875293,0.4141309587817858,0.13783893518455004,0.9404385979455974,1
0.7075496712435236,0.2273027990220689,0.6372214806740484,0.9249382240070253,-0.04592793597513502,0.14875274352172851,0.5269642581858317,0.2829562508838269,0.36214994416504565,0.09989977035475661,3
0.7664942235867901,0.6380408788265551,1.0938091738827143,0.23417211800236404,0.2765504933833389,0.06223746571874238,0.5831733650257951,0.9272909443548546,1.0581705103316044,0.6769431430662283,1
0.6015793416523696,0.40763238125392465,0.8305132951839785,0.3549715305960954,0.5371234294190262,0.2908367252459559,1.0008736888583543,0.6367742316082834,0.4961182967793397,0.2794842740635683,1
0.3423684188925782,0.23172708839409692,0.3157320022296987,0.20132555062799248,0.3217320681129554,1.06998700035722,0.04625381894520322,0.32789590494285764,0.6424874948913537,0.45061185096960577,1
0.7851213229755245,0.6336457344356409,0.4699054872496089,0.6331257388926604,0.05158470321777537,0.28806668359129667,0.08648620847134719,0.6134636888838815,0.3490873482508521,0.2931811174899822,3
-0.09426999216841503,-0.142828508258194,1.1595758716297957,-0.3592891958309063,0.2701619675546666,0.7258318668046011,0.7816022174859736,0.8863919809742193,0.18887742720957884,-0.000923249901115919,3
0.9758988734327769,1.0574605906472083,0.24116514327721772,0.4676991925236469,0.5482145956859028,0.9410419673253164,1.0382687628630094,0.8412231734627056,0.4639682103153895,0.9839405157409332,1
0.3487067875578963,-0.03865606704205202,0.4715392961088123,0.5885740178406254,0.6122839242395305,0.7772252444306895,0.650230412747806,0.7734323120227657,0.04992050438959961,0.39976480193253083,2
0.09223732968975161,0.7423661052209961,0.9235446184000803,0.7040469769078934,0.785056108763681,0.6556784256745091,0.3547035515234205,0.4238814538931737,0.38612371801181317,0.46395846356405357,1
0.38960025273805576,0.1986829638027998,0.30148347376313683,0.2049453580570618,0.37486836428681614,0.9354360056744173,0.9114363266144531,0.2338367116972327,0.45189387475639947,0.07771107279008833,3
0.36804142200860845,0.3528722697694813,0.3110027142592994,0.9692794360009751,0.8913093394398399,0.19748976326179957,0.6570763414582067,0.6603809689901496,0.6014406134107606,1.1194093858292438,1
0.4168837429160922,0.7087713463886657,0.1595469657803973,0.4175068775927068,0.04642923099711261,0.9030384132451124,0.5512004803163223,0.4009575463100796,0.20369159588955107,0.9868760290194085,1
0.27021730498960517,0.2142692711787638,0.8256114608974973,0.3794652513196564,0.7342592944048705,0.04494009203677875,0.7519291385109882,0.5921321651362933,0.6732690592956918,-0.014436173382942175,3
0.47870182994803323,-0.4009768495045887,0.026719207327574768,0.513481765537131,-0.11977301042873467,0.08399964544269128,-0.1658900971971108,0.5819957833634648,0.3047820723765016,0.8195802600872373,2
-0.43476557713778796,1.0937808654465262,0.7629057000116988,0.7747439616154391,-0.18564307507509686,-0.2993028763778893,0.21966156685100757,0.37839866948556444,1.7230861335509755,-0.29163692801026586,3
0.3553382219385731,0.4715168141272044,0.48873339335003596,0.29014452442115624,0.603694814617514,0.6709954435935798,0.8585899091944227,0.26357519984059696,0.39531037406262753,0.5030996686625645,2
1.3560434213418513,-0.0015021383147002798,1.1888764763444493,-0.7758228860627181,-0.09503467451508896,0.5713944848353221,-0.30141509046245507,0.753263832931034,0.08864746464297396,-0.2664173248081293,3
1.1552795207899558,0.4245857790292565,0.278406419526839,0.28934650286156594,0.6853935639980482,0.6999842767708915,-0.38548982083465133,1.197548344468108,0.6050484470971802,0.22740762642546852,3
1.7551633209423518,0.4275349105854298,-0.5188528690000017,0.4849210591697488,-0.10275373414196382,1.0796742511908815,0.7680221477027964,0.6672145158686715,-0.7458164762086071,-0.1206643728050561,0
0.556376654148544,0.2805510203669159,0.18099554030643747,0.22550247962514025,0.2888704099541096,0.8792652557184982,0.8897611737129028,0.16415248460246423,0.5282728970782744,0.07015923575751666,3
0.37050318262952203,0.5232016356976646,0.17765451609385266,0.38061206074965614,0.18318223364857936,-0.032185230317897856,0.22066185935677363,0.5674015453789305,0.2770341243647725,0.6020069339927416,2
0.3726156791545977,0.9117448656591697,0.5756903037451337,0.7750876661181196,-0.04711655835325968,0.18007856949233864,0.5444657535580074,0.3677826377944604,0.17122360061442599,0.14651785053424704,1
0.4216957974912501,0.828978706251033,0.4543876419374788,0.8132044068779273,-0.011073117509137021,0.29094843003595666,0.566732335504658,0.2619420683061529,0.14095231556217022,0.19109255895056498,1
0.9483027879723198,0.6798073575852693,0.4510338623048883,0.5495094492885935,0.3342130945646449,0.179605828275919,0.2762937507585298,0.11832847110678177,0.3755665816692991,0.8298474563663608,1
0.013950857426596838,0.844798712490994,0.873791757597335,0.4208474907553398,0.8260755705814582,0.6841068681923043,0.07547945329586508,0.7555808977162439,0.5979002258832851,0.4775538284965489,1
0.15227494407223396,0.4505979772433184,0.6928463784555161,0.32059952164954486,0.5366113493705698,-0.2641142629654257,1.0869552179438031,0.29644956692311386,0.9732210385236807,0.25499111819349884,3
0.4229836161770354,0.4200680083943792,0.10478120864070088,0.5355476622103865,0.3314625272995528,0.09536690601930839,0.06926657527799356,0.7862854401657446,0.08063095469145383,0.6146740499515385,2
-0.06318984962678897,0.9077008782467287,0.7947038342146804,0.88255690132866,0.09750117549372213,0.18976670215240105,1.1247557306844063,0.5991407224726704,0.8018649768086193,0.08396045910561264,0
0.12237261356572471,0.4180894077425148,0.8172507984552497,-0.3419710743323831,0.5131578734044662,0.13514356182328174,0.6734392045808213,0.3459301274587703,0.23439655565621464,1.4521828887207628,1
0.08209640051068107,0.4729891645182617,0.08892541143643531,0.11940558270154143,0.3893150832747133,0.13517396914375565,0.11635661945891052,0.28167414999350054,0.8914558047157956,0.30129247101756956,2
0.5741709896119087,0.6432954840187473,0.7239703774848397,0.9757763252905026,0.12364182128913914,0.4988312439251726,0.6143107728105444,0.5686716864267676,0.7568664068671478,0.8037193265551157,1
0.5758971339137223,0.4177581260996184,0.08204083561796147,0.09572069128364866,0.5061558860877247,0.8084214620479705,0.8353009594703724,0.1611846197205964,0.2851424535711915,0.23578319758091004,3
0.2569485659048132,0.9236134785124546,0.6468867395277387,0.47179174136117946,0.80884086636259,0.6351767481499789,0.6388949029718763,0.5155385378247893,0.17499932145492267,0.37355802501919805,3
0.39636512350506015,0.5699410330243632,1.099902529392279,0.2340392168413077,0.21114917863047336,0.24443058766319462,0.8234753230376705,0.07028166610685307,1.1213554560262082,0.20943340459147905,3
0.41980714517660167,0.5590902384161968,0.39901584272985585,0.16111035678414104,0.0416294076935912,0.6500440344216989,0.0423922225453242,0.6327638847894137,0.914303761278022,0.14793541998866805,3
0.9159092531017906,0.07582521575305882,0.011666093139905496,0.7599387422483482,0.9218505829775916,0.19213851894850437,0.6593156303360349,0.6854166696454583,0.7110549121349641,0.7379119459062781,1
0.979761958495109,0.14420732015746957,-0.03784127872499974,0.6539281174816329,0.9209602259955438,0.17520997166874666,0.5896411717432046,0.6692833841306041,0.6480023771504765,0.7429168521231767,1
0.153565363325114,0.33816069487169487,0.40532960374968185,0.2225736384908546,0.5014779360044694,0.9021607742367419,0.824109834229527,0.281858683151675,0.5105149695131607,0.6964683709511423,3
0.07283932101799236,0.9212486131870645,0.7177629833147046,0.26216765082468413,0.9659585486142458,0.39572380390062806,0.6103408596897516,0.5835839701903224,0.7051015639834329,0.6803316828673519,1
0.551664276102479,0.7284559991931604,1.1033327656138852,-0.11402430013391227,0.3446276165442753,-0.0307451746404397,0.29345124057908706,1.0920572703620368,0.948694101158337,0.6270455754205146,1
0.3191065170636735,0.42622708758371675,0.45747167150449736,0.26804804247508973,0.5764758864810128,0.7072886528964757,0.8170502073458099,0.23585993970907215,0.4188880900300084,0.49315257218600334,2
0.27645938892482863,1.0088716479482764,0.7004911196141388,0.4101181341435914,0.7368123366213418,0.6531822047028729,0.6846382515662749,0.5133880512939375,0.2115826474995226,0.36436469701168783,3
0.09141538086625137,0.41724157505571974,-0.05868609525394487,0.04369196721894285,0.4331407386557939,0.008903713686757339,0.08125769693690862,0.45994107292444536,0.8966735363145519,0.3214829960936139,2
0.9212195640733275,0.4970358969213666,0.08895668804598017,0.9606194553833519,0.12349309212250638,0.2825883956040496,0.019557053214699627,0.7392335128469927,0.6943019842281887,0.14829640198757615,3
0.4971634922060585,0.5579180882565311,0.8152187463244698,0.9561558943409366,1.0133763061998475,0.4141318453734149,0.2999481050530864,1.0180490896387309,0.9559595330358188,0.5184423671724343,3
0.16169927823859334,-0.02529408337486677,0.7444562449302399,0.18797857475771998,0.14783681051612876,0.5374519546102066,0.9161018228704108,0.6056058591758577,0.04707862433112832,0.3746721791716048,3
0.5302059899084209,0.9241374512303828,0.4775956349668253,0.8502010375072588,0.9636528617862439,0.5296841089956097,0.035273194866333374,1.05121725497407,0.9704643027901763,0.6771549165537735,3
0.1858376482602631,0.10909063369774012,0.5244690298138555,0.899012569388996,0.9163771102991474,0.41847013589041554,0.5802664072646831,0.05227356613442489,0.3354582858626454,0.264275904576411,3
0.28061285527607494,0.384340896321462,0.5837973237799741,0.24499693252903362,0.7163372662443603,0.913547351108592,0.8634950880263692,0.13656974399705252,0.362032586804687,0.7305773308225336,3
0.0809988427871373,1.0648633972376356,0.2279556553132049,0.11613781456913133,0.8655882350340953,0.7079810195988377,0.4501674188205277,-0.007016245194739867,0.10824063538026596,1.0841258858007576,0
0.9226546755327083,0.43117827651130225,0.08931334903088232,0.8175072928170247,-0.06348424954905998,0.204122237367929,0.11822488121969855,0.7789633054227219,0.9713112815281866,0.21562377640328062,3
0.14400184906649044,0.9151365267187329,0.6411989710266256,0.5820768585234459,0.7221833348970306,0.6843504702337223,0.6577109685326209,0.617118873320401,0.3735489556539247,0.27006002569316334,3
0.466723700725608,0.13798867924897223,1.205656939275154,0.6226955746431196,-1.049905582892617,0.12597207103877972,1.1936008703598646,2.0897871342520116,0.7753689809843535,-0.19806810635528704,1
0.4899708640089652,0.3144036821813191,0.1511882840506416,0.5466134946276537,0.1943154811000446,0.21120195245218065,0.07338840046269128,0.8393989956336022,0.0009167097255577128,0.6129415196681147,2
0.4550020905662209,0.4950610263848343,0.05412196843839738,0.47312159039715956,0.25186432137732,0.11947109195912094,0.11016383920202652,0.8386012551418963,0.11907879639009217,0.49999078843251465,2
0.2809964689659194,0.9518468085291691,0.6724246778587071,0.4794419799679771,0.7828100680423804,0.6373445403815942,0.608342832621425,0.49929699649796855,0.17389579772527122,0.34303084486101565,3
0.7705560861011602,0.5553607487747143,0.7422927006831607,0.039858246418012576,0.09319178655130114,-0.11084915135318832,0.5260967294413825,0.705112409528463,1.0798873261077477,0.882406652930788,1
0.9690774998369674,0.09781249597557605,0.04609569189248964,0.7024149764011989,0.9939731297077962,0.19586830892098275,0.6440545653603492,0.7259097313819232,0.708753242521259,0.6592209176750431,1
-0.3963478162291272,0.061767401581926396,0.5291045560202792,-0.4719083791475761,-0.39231428804565294,-0.26273705182982826,1.4526827235284534,1.066187106119484,1.0286211962342668,0.32489771430437897,1
-0.10542659104628754,0.5524536302749047,0.6309593950545497,0.37545059778813816,0.7315197439134701,1.282214663865311,1.046383553467509,0.11077892525441231,0.6900530373066586,0.4495633200246655,3
0.5856233708573366,0.9345865812465576,0.23018780871556316,0.3041678740171342,0.11039733874951652,0.8420340118088654,0.6463056667833766,0.42411227561550013,0.012873261093172383,0.7577143599497995,1
0.81886861871154,0.5037595274455711,0.6554711088608426,0.5571458223295549,0.7003367660977093,-0.05975072642112972,0.6135500319470061,0.5536388177648572,0.09579074885011517,-0.007694830043344106,2
0.05104623345936829,0.565789821375649,0.27207594651710804,0.34368321409719543,0.5934139133709265,0.6156906756899334,1.0847132544175335,0.33876394781172625,0.315145723258891,0.4813462494494631,3
0.5717316131181309,0.9952829415992502,0.3308921117276987,0.49622502749644726,0.9847932231610278,0.43090391979537535,1.0251347320828437,0.14914555837798651,0.9532516437749848,0.7851950695754409,1
-0.08260340431821839,1.077108973236729,-0.004139465475782596,0.25354149797063485,0.771324436231481,0.7689898798120511,0.5293062286594944,0.1486302153003187,0.11626425424171526,0.8040036965797588,0
0.4933574105827769,0.518433882628679,0.17224319730638984,0.5400307745183249,0.5223568933799574,0.6646151956614004,0.91391563943805,0.9094124993904563,0.462979134080351,0.16740397246083522,3
0.11706962922345246,0.7694619116380241,1.046461376341396,0.5806423475250283,0.6275435921935634,0.5991915603952352,0.4029186500452539,0.524263726968957,0.43714895281096644,0.5722625466253505,1
0.3528014276507016,0.2372296229414804,0.25994158358368347,0.1201833272156721,0.3171441663441879,0.9263592339713653,0.9291834215153525,0.24749282652894716,0.4153973814484043,0.09224670789314332,3
0.3104656028836505,0.3995164077111621,0.4579193903159218,0.2567708549379423,0.5596580971746291,0.6850474194823529,0.8379090387013638,0.25466250946960867,0.3819798169167716,0.4991280893279728,2
0.0048985028902686426,0.947064040444053,0.6078752987921114,0.3154665267448574,0.9681563254916001,0.3650419992195848,0.6788733993009975,0.6170620121181021,0.6788548170625879,0.747012640061366,1
0.20985174761027908,0.2889020833476062,-0.026081533824046092,0.15349321134965124,0.48536185053062586,0.1066861136907732,0.18613459300524407,0.38691486524933977,0.8811441073875514,0.23027256102291008,2
0.43703995479478075,0.5937474334304831,0.7945345774313188,0.2318401950322663,0.6744368772845653,0.9452152842680562,0.8166291265637659,-0.09016029821302954,0.2055113447494299,0.8530071610938951,3
0.21560557138839287,0.8003784768586847,0.48000965875880236,0.6611047302010579,0.8656622775799659,0.49543306991841274,0.47574177100008685,0.7343447378960732,0.9804524317120742,0.9590577464585145,3
0.20014078181236955,0.5987494299155265,-0.23328070963644107,-0.003066742176727727,0.44555964791573727,0.0736641374573638,0.3413772672896019,0.5276398757394608,0.8799354231045424,0.34533860168090313,2
0.141501046795153,0.6179318163622669,0.8876888342723817,0.5931084471229279,0.6672696577146463,0.6167933059401336,0.43652532570650016,0.4074987884509441,0.33654472187277534,0.4640967995107315,1
0.38831302401711476,0.28340619758633656,0.3344727199628247,0.1387873191943436,0.3753435307708468,0.8529752773000842,0.8788022906494977,0.27107050444453834,0.4676278801579495,0.05296031503258126,3
0.36459791183171925,0.892658938824972,0.7098108437848263,0.7912812468250913,0.6673911784755352,0.6644056274246382,0.6786039122366603,0.5388465498505348,0.3067169154342789,0.5767567360309218,1
0.49715175868678474,0.21573707105098314,0.2503394655350765,0.1363341021056987,0.3769254525518002,0.8661434354445526,0.9595025218477137,0.26778388322421415,0.4513175432480873,0.008724460066807563,3
0.9809843920779647,0.5176001528321287,0.6418533988821283,0.3047477977857938,0.2459547578062504,0.7540772295970639,0.5345101906023064,0.723747476036566,0.5031336322938761,1.1251713634435156,3
0.4441016467248051,1.1510247731283854,0.7115830849158363,0.7143967719032954,0.49145705281899477,0.22411133419773122,1.0294829219124773,-0.04370833723557721,0.6492716184586311,0.4407746088356367,1
0.2142092477490498,0.6937503584338828,0.7440246521221923,0.6730927707386248,0.7400616437827248,0.5555012512144608,0.3372405004216422,0.32288838252484964,0.5350826215476352,0.3638100244228124,1
0.42679023745807054,0.600516091147841,0.1634574326892225,0.5144786848597124,0.5417339709798146,0.6899223600874446,0.9378780348452724,0.9005532219145612,0.45617219786582686,0.17069737643672023,3
-0.04170109693647821,0.9242606074324391,0.6784867276391742,0.3712140455083254,1.0457879058833743,0.5690346059005285,0.41494875413162174,0.7124730266644568,0.7802118348190846,0.7813522294862356,1
0.008410689957240536,0.359769045723725,0.27720873468941504,0.12502200206639344,-0.06250957617464328,0.8598418031409885,0.1839278853225702,-0.10214123679868242,1.1671545191175203,-0.1162835410731507,3
0.3289913399994519,0.7512851817411907,1.0246590891918208,0.15596142153050818,0.03361752052501507,-0.02528421786477901,1.4793178157571365,0.2723624327440528,0.7571386404586959,0.3534292173476772,3
-0.024377055390137764,1.070630725093548,0.8021297192552878,0.32151898911571875,0.9391278212237983,0.3435943409126669,0.6417745809965731,0.7029182146203333,0.5608500493300368,0.5965789900501517,1
0.31026564982097604,0.9985424661110912,0.668864917041124,0.9020433642139226,0.9989286548582121,0.2572647357035396,0.2160222398764861,0.8284903483121855,1.1137874193948736,0.9662333466746041,3
0.10959313345770957,1.5015196196902414,-0.3913999981502866,0.09142902666040431,0.8447082796148677,-0.3946060068606725,1.7987544433737672,-0.637778454005602,0.7340886374601243,0.5052235602047224,1
0.06784461213590323,0.9614031929896956,0.8364672726163757,0.8582049439445127,0.16344950838093436,0.21975225358975187,0.9265539282665219,0.5769449215966118,0.6501264004463421,0.10967970631187966,0
0.44638739232120717,0.6014986469026519,0.3694538046406844,0.1359802648958157,0.005458316373782551,0.6250356358493309,0.05963645065671125,0.6128626139450429,0.964190855735948,0.1143984836510154,3
0.026504377997238888,0.9354602201948705,0.7106806411124758,0.33633793229191333,0.9603959209382864,0.37981093342531125,0.6340445539128022,0.5628945989133167,0.6467625356754535,0.7080665250119019,1
0.032949645387990625,0.8472211633129135,0.5957464606616755,0.4756345396446697,0.9233392920169751,0.4800412144677796,0.7290848698207731,0.6002395292793657,0.7877631269105757,0.8777308724508401,1
0.3597420149687648,0.10094878628206241,0.269026873233438,0.3040198632752432,0.36362707776059555,0.9635722763995987,1.0371520418134441,0.17368854114163537,0.4323344834903837,0.1529898620224479,3
0.3143318425920375,1.1711521865998724,0.8260846094461792,0.539665617351749,0.5822382868107279,0.5503012128288999,0.4411933885536411,0.5948625160145757,0.3302155424663856,0.2145264746402393,3
0.21615762463686963,0.10849870997759033,0.20241324948413475,0.22068032882151295,0.7119493468023934,0.10660110094773916,0.24227624472301257,0.8918027118998176,0.061999152753448715,0.33228387942234494,0
0.02819002163696728,0.38806634854280797,-0.02254941064984419,0.3045639429312445,0.18875290947967188,0.22398548082514974,-0.00858387103757835,0.5005358721417542,0.7501960479980359,0.3035388664095904,2
0.32562171301693205,0.9307528693028704,0.8874849928544751,0.6396034096449814,0.7664915905976762,0.22258148706625033,0.8426971389978212,0.8983485229994572,0.5320602995010875,0.06607286501317818,2
0.38760569482929885,0.49813199307065037,0.324322434976996,0.5560587168227824,0.5274983001810175,0.899613769325693,0.0029869890128721745,0.38893738349258333,0.41184966557719277,0.09070785992695422,0
0.5396727815344459,0.15602936697321032,0.5139933827572266,0.3095507232662227,0.39709935720633655,0.496104941264379,0.390531586710194,0.7954608583578293,0.2802170926093436,0.5957239377435657,2
0.695163385746781,0.6121830106064952,0.46217309629611647,0.4435915092479922,0.9995799643451766,1.1062496522952232,-0.37464194793277783,0.5610344493430366,1.1678236674176574,0.14064459749779573,2
0.37768723971016493,0.4920565044856976,0.5823984413641464,0.37527049314218286,0.5992124421443147,1.0220367178148853,0.7615345659776281,-0.008873144856773013,0.462828063326317,0.6287125212660232,3
0.054152325289935764,0.9582922887398297,0.687130983644044,0.3008949320974804,0.9405156770376483,0.38755095808884205,0.6003702391006527,0.5857717470712425,0.6801349643532738,0.7182551742279345,1
0.13138608829411283,0.10085105355482378,0.39797912156193527,0.7199074990939723,0.07520496774623169,0.3954435173416126,0.5407632050599568,0.8516122448262692,0.4025996534131744,0.4504938808129449,0
0.5466386757765969,0.1473486485353756,0.5581128282803607,0.22306631771700736,0.3410762253392608,0.40748267199713295,0.26087510623699367,0.7495118724152956,0.23895825903369972,0.803763601729215,2
0.2966851415566452,-0.010578137922631292,0.601369549090187,0.24779244698586858,0.0768168472012571,0.7380068842730816,0.3576071020903936,0.30369412508500276,0.9446810195089155,0.16569607423499227,3
-0.23072139030157662,0.765537748831751,0.8695694393367652,0.5934024636924558,1.050088926405306,-0.045174342124592065,0.5157461604573643,1.2721571216969265,0.746606317954387,0.9423585491566032,1
0.349285535270093,0.8911861605691775,0.9476600134706084,0.6774755392018855,0.7555713506703098,0.11501554683656284,0.7637526465366423,1.0580269556278643,0.5353399404139063,0.19706359905690252,2
0.1839218364659865,0.96993128853173,0.8054899358657127,0.3872580620597319,0.9939258538971713,0.28238969234683975,0.6205263503078319,0.5564331481867735,0.6729303596472445,0.5858483267437395,1
0.8035018346594932,0.6457487498151163,1.00335333651734,0.14397334171903042,-0.07756773341349951,0.09496299634927052,0.16483669021311476,1.077052563539449,1.1198207381489809,0.7308625489772848,1
0.4468305409867011,0.13791668468308516,0.48962926404749263,0.2620756406130313,0.4289030292953955,0.533834180362874,0.43564117751412595,0.728491121190164,0.26495294150468024,0.5881225058060741,2
0.5587188467355365,0.7103783465040161,0.15542253612117501,0.7532902472177732,0.1019597187909115,0.831424380817479,0.033428338103092974,0.386384252741493,0.06202095339257051,0.23120663024452826,0
0.2724635837691618,0.23616501826863814,0.3391021385824143,-0.08107815166846107,0.8237194350947277,0.7515572267677092,0.7237811660564699,-0.032955987033913475,0.775378824318279,0.44732074305663566,3
0.9388760219278637,0.33878946004344873,0.034845772411841794,0.854375208308531,0.06870698195578115,0.26586928149369166,-0.10686213152329686,0.8315757231017918,0.8208622480798092,0.08280397156492267,3
0.3297050410434314,0.8495418884553465,0.5876329507266954,0.7986978364636604,-0.09623229598670315,0.14356395322039228,0.5570813967346911,0.2952352579727041,0.17763473751633946,0.2442061892697766,1
0.37338643669300753,0.2287123901750146,0.38549597531697843,0.4198619004079389,0.4976688067106241,0.9114744981528472,0.588009227119928,-0.12247286489713335,0.2129809979673711,0.7548671269886013,3
1.1482743127152593,0.2230825285997039,0.9505578950407523,0.7664314793807832,0.35555543242576226,0.46894649235953867,0.435678303760007,0.6835083722004874,0.5518165749635432,0.19086265170313016,3
0.3269316388586064,0.023397542029167717,0.03739206330592254,0.41284916634365176,0.11625425778349216,0.848844503659063,0.12476284784558217,0.43833897414791206,0.4614404559895624,0.5594538278027997,1
-0.07518625143563895,1.0943184150573233,1.1590855831055151,0.6559580926019424,0.8253638842188087,0.10151298990100494,0.5102802715807596,1.123070540392993,1.3407503758053094,0.7529528534937898,3
0.2527123759575419,0.9680413662503609,0.7153065861957755,0.5076412630433131,0.7575001610861447,0.6143875453024183,0.6317072804685101,0.5039854534909649,0.13952971999753166,0.3216190618816281,3
0.4927559826555503,0.6305024942912166,0.03453195793617243,0.5527669590928757,0.49502230010742176,0.15099407189069328,0.315581630044954,0.7068603960121383,0.05514748225767088,0.5255204359744586,2
0.1310845191808944,0.42359053090945165,-0.010847549473041583,0.10345019903137206,0.43303863097951456,0.05084788169904128,0.20819331550092451,0.3640439185002922,0.8713681601307917,0.236588557832534,2
0.7575421722537727,0.8079052118697816,0.6249802335986663,0.2804202041942696,0.9290418560235115,0.977177352584536,0.09265563252213209,0.46805833957039494,0.6791614763522851,0.4729579447209121,2
0.6593763664441492,0.5524265293540584,-0.026033951061998573,0.5052637187086079,-0.03687052072840244,0.7578659739054429,0.3335830692896088,0.46141689797773855,0.1466123653211488,0.4815394523692919,0
-0.008836208018886738,0.9492456666956114,0.7098984592323965,0.3130202133369066,0.978164878339086,0.3684107716424963,0.5411228296435795,0.5289027328606496,0.6868918262702867,0.7664529942230534,1
1.0737293829457664,-0.24055817706978494,0.39271795703013,-0.22023325149706652,0.3977727349474557,0.8129206648435628,-0.456385258120488,0.9934228557643572,1.0608834004928036,1.0781777223772406,3
0.15145530976806837,0.7262295325199735,1.1113776841465532,0.5507903929274909,0.27720971061149974,0.17472197414911272,0.9138314680405084,0.428272497329935,0.7529120239431436,0.18189778859862246,0
0.7861906186822842,0.8141551539042478,0.643050231767861,0.32074929539349534,0.8773142552989144,0.9853254580850208,0.14818151857527515,0.4385537823167368,0.6929143067088886,0.4351896973420318,2
0.41743664658655943,0.41470984556170465,0.11240385509356877,0.5408369926472546,0.33429765240064385,0.09132439524471835,0.0785976012478341,0.7839615035509908,0.07380010926357357,0.6132876594030592,2
0.5602181124464273,0.18321907104565338,0.4390136811504367,0.21084741899056897,0.4285726528928999,0.3838587683503798,0.3846892334287421,0.7324163972125497,0.3555548465900824,0.4801311647170428,2
0.053900027300364556,0.7757894523716581,0.8433635917914618,0.22207526201154462,0.9907938485371689,0.5277651983218976,0.6892932351443257,0.4650184368681909,0.7132724827927176,0.5075776664901972,2
0.4314896522886141,0.5812268282838072,0.35003526660359957,0.1551838843750977,0.0024637964318574845,0.6547648934245925,0.06792256402640831,0.6281676664000614,0.9462234690385555,0.2178655757348848,3
0.21930708699598073,0.37555794942213827,0.33076728839036856,0.3527429383765069,0.683498538465923,1.1139324654427372,-0.04575777670487732,0.4609011922710871,0.45684376504422874,-0.09335820319962901,0
0.482984282380733,0.532202909195372,0.1748911479037952,0.5676178949571744,0.5316504877608278,0.7163207816836585,0.9973948020497193,0.8529818131079622,0.46099101859444386,0.18084652259229958,3
-0.09678752120947767,0.3161514564304742,1.3397528493009943,0.5823914706177501,0.36942954541109363,0.6372886428225125,0.7342048837967905,0.8755426130581017,0.483136354390986,0.6322086926585423,1
0.011610700746079672,0.25769537232384676,1.2474309391525022,0.4350488299138773,0.47801721031994454,0.19792821918969428,0.9784245122262264,0.3835004622286786,0.9858700692473649,0.10772555149143762,3
0.6450990524416716,0.5591700127897823,0.06576563733451865,0.8294387350979272,0.14191906755754213,0.7494313711665872,0.04356742498695277,0.29251045057716707,0.03760009151290622,0.4063945723974916,0
0.15742473499701878,0.6391490056647561,0.8007390335581561,0.6072662307725474,0.7446773058708728,0.591555657516991,0.3422265041635512,0.30424449847713236,0.21824859163912297,0.3458573377135533,1
0.4469328308742824,0.5411124562835491,0.41902968425306897,0.13286329012263912,0.03649948884894008,0.6228732910251265,0.050558322193395115,0.6385687697177921,0.9418404202731763,0.15909813473652776,3
1.0825079265711273,0.4754686342658937,0.617706114265986,0.9376780709699393,0.7742542335635019,0.9687827536388534,0.7490194843815177,0.34348978868716995,0.5353933138920675,0.8451408596976785,2
0.6797767572020539,1.1888715814294142,0.5177415216319416,0.9623457527285778,0.1472320030150649,-0.11350918172380187,0.5914127328371093,0.09321309106041148,0.26136199373937546,0.7861152818426024,1
0.37164307071271485,-0.07152257647468285,0.30327068380003214,0.13150736018987547,0.42342344344391336,0.3311247902008571,0.16264999343939038,1.045974965485979,0.24977553340006156,0.4418610629747798,2
0.6112165464540001,0.4860620198974035,-0.18496334396585312,0.6702088213639533,0.8869051171374815,0.9870429365745497,0.5520865227944777,0.9170766527276054,0.14609792691450527,-0.022532273174667286,2
0.27885685307945934,0.36179024678629773,0.22355218031170898,-0.05410052879064994,0.7362013905598251,0.8374872311272169,0.7083983133931934,0.06877114973837689,0.6931982292419463,0.2951530104153567,3
0.8443933081058307,0.6483904114216298,-0.29284401501491286,1.4819281478882802,1.290438675470221,0.9968479806419569,-0.07544926145729292,0.33726185667754693,0.49436808201835186,0.4886488197237148,2
0.24380363652152534,0.4588300498416973,0.9728757943893196,0.21608715453978877,0.2165055301130161,0.046554441433244234,0.9492784641518209,0.2114151783490154,0.9666920129495208,0.22813971973370967,3
0.25223576131733105,0.8556128328460683,0.7681078266617989,0.7877802288516417,0.4253533830461363,0.21669443663179927,0.9266115663294139,0.10791168429348721,0.35669492454054874,0.7839749297729517,1
0.5597887186861051,0.42920924375078046,0.4570954924519416,0.7838337230258869,-0.19201013306133102,-0.0344539334200924,0.20454542914048646,0.4937241571511013,0.36391654305064763,0.8040020523516854,3
0.8233801147203467,0.6084575377729327,0.01544348584640512,1.12331093445159,0.8191028904205249,0.7104344899003027,0.24655455260379355,1.2530086136762422,0.29704410205147946,0.08047890650466716,2
0.7702665662347667,0.5411185982065679,0.3060774005881435,0.5362702788908028,0.38455381075548434,0.7821589100040937,0.26548520901244554,0.19658126944914547,0.10043975542987807,0.3246432975835745,0
0.23200777677514317,0.5849276945099091,0.4600482539461547,0.22899993547688038,0.5967443398159243,0.9242350461065265,0.8585266607938157,0.22818087111266086,0.44165278086741133,0.5417164573852475,3
0.28931011479600904,0.24103816877219283,-0.051097950110635615,0.5409773179092853,0.12406290481455526,0.26458163448096306,-0.22206922417262592,0.6630156088828036,-0.1536583632556718,0.7453861963203063,2
0.11448638806766559,0.6541731562910713,0.9601154880601452,0.611972348586135,0.7080941195096414,0.629323987574267,0.4480370531047739,0.46961242681690657,0.35283966114425225,0.5008905814897857,1
0.2783317316175614,1.2858280061847307,1.252407842147511,1.2024860289117507,0.5897652374165623,0.10112412128996945,1.186328218780091,0.8863627670613021,0.9537847473639254,-0.3604344443404229,0
1.0159843451093682,0.6027135005095692,0.25135667956560015,0.8848471654839958,0.6018808389459535,0.7268337022371412,0.47844134880438977,0.9040768380154854,0.08625880079093802,-0.01480761733123337,2
0.5095436965287361,0.5104363795445412,0.7040354161088054,0.5186979464009791,1.0968486746090595,1.2340139862844017,0.10524827602258677,0.2305040563011048,0.34523963106315236,0.4611798690841454,2
0.4112070529133082,0.8877236239709614,0.874126896249089,0.6911037216495911,0.7789770022966198,0.21475677951097366,0.9259121287261264,0.8878374825048416,0.5457731748973734,0.04947776316035034,2
0.6157034996889528,0.924315522324392,0.7142529076112012,0.8243557889934752,0.8783799962431715,0.3455212791373623,0.23954247217070324,1.035933102872383,0.9090638737356186,0.8885458841707957,3
0.2091233060820289,0.3283889715921149,0.20812900654548608,0.0307454591076003,0.7287244931134831,0.9730485001860539,0.7017719878578523,0.061133920137044356,0.6993663063491788,0.26668844951358084,3
0.23939568426506708,0.40070732594949066,0.8004813492195206,1.238657664558103,0.7454921155487073,0.28134399126161025,0.821975410145145,0.7043475019041813,0.7577619948511352,0.8131504177746185,1
0.5442882401490973,0.9075847057719503,0.3114720749851975,0.50723509654074,0.9798639893796113,0.5112898233484064,0.9328662155751976,0.10162839496124738,0.8406547571511008,0.8360575680763405,1
0.4120701390036878,0.8677242618726453,0.4470454313561783,0.7828979737664957,0.034400487761681274,0.2406909189625207,0.6082669310676,0.2503218964279935,0.17832180434117456,0.2069216396359956,1
0.22032212969234977,0.4300146512904577,0.5201685167924368,-0.25252229998457065,-0.4090898087631041,0.030288908947097397,-0.0953652480422662,0.43819135688298344,0.548201839147691,0.5692336060311656,1
0.3605954982588876,0.8020833443374707,0.509719288416449,0.731544010351832,0.013407523246748525,0.3268090102565979,0.6155321410851523,0.19451102986433463,0.1253163141037331,0.22838064110835127,1
0.36462644498001795,0.5786076413325669,0.8827294730048456,0.9868589842423552,0.6156004182195303,0.1145531334429023,0.46171963690491197,1.0201122257580768,1.1951139514449851,0.7168080270109591,3
0.41357384511772616,0.9004680662746483,0.6024911874741756,0.7729209825092802,0.09190632179909489,0.32712449478712263,0.7174113228508109,0.16056661395751837,0.2791819514222165,0.14146299705867854,1
0.2961525262942427,1.0849660537331103,0.7063490797290815,0.3910000858146366,0.7463635507590048,0.7018096886387799,0.7387632126777897,0.5351588595728876,0.031841171655217215,0.21057192038058425,3
0.08734432154739433,0.15114324133788531,0.11968873013923059,0.22045269332240294,0.3356316479258795,0.9312880331660912,0.2936099993019412,0.32697575126846024,0.6436706000967638,0.5357156343060926,1
0.7297074545967897,0.23246134513384975,0.7559820141992819,0.039289135633774314,0.8728956838699804,0.5822490090130331,0.6945991955679507,0.815230761464324,0.1999281476941229,0.47619864317458144,3
0.7244029427954343,0.2972306035290776,0.15675694139446164,0.6225725194520829,0.7875692431879925,0.1756095519501626,1.2353789955661065,0.4700379206078741,0.8736752969346735,-0.43538211853526265,3
0.05832296266423279,0.6237771101252099,0.8948749844845566,0.572778702253727,0.6674419671422421,0.6712927548129114,0.4717229997324802,0.4624258728290531,0.3421084543617238,0.5284628642602378,1
0.5473003144119927,0.7791899086880044,0.09910387405553595,0.44863253299308287,0.043828849506524645,0.979663871519856,0.5414531772393325,0.3907680347724174,0.18494280019355933,0.9919859537308172,1
0.2521876922861993,0.35950835567902145,0.2869034067467946,0.025331690828721214,0.7343460723457309,0.8664794605996046,0.6727475382336363,0.06113879474701833,0.6548509598189173,0.3474387231080247,3
0.15135842396550764,0.6913678916436553,1.0294508629072656,0.5944097610059519,0.8424428497969042,0.552069152862103,0.5530488156211988,0.5616512064417154,0.44032188015938156,0.37644178038454706,1
0.7204489878371227,0.7377739041749223,0.5968518857527199,1.0520713898868073,0.7242619339140695,0.5675664879544855,0.15402001364552984,0.7940482565898974,1.1421447199526398,0.9798659596201504,3
-0.2812442292559767,0.6917599518547732,0.4516911790985052,1.0111033122237105,0.580153532834523,-0.28372124921962705,1.1372468641229705,0.45910041877833807,0.4821838959384153,0.8755273017690421,1
0.30389165337985136,0.7923248234489857,0.48518500372834955,0.7493866165145536,0.031900105896792444,0.32296603502035115,0.5186626183608792,0.2972054933637627,0.1916168977653765,0.20380718365384304,1
1.0263110943763372,0.6884497656680398,0.2754365324997854,0.999627073755483,0.6818359559085787,0.6256921159008553,0.4825319999341542,0.9096190632874753,-0.008890992551930904,0.0066521917646368625,2
0.7064370733341653,0.1976530679818715,0.6320472476083436,0.8817082536928361,1.1676316085847145,0.4065185280545357,0.29898646637975823,0.6369924563643242,0.5417247974884378,0.40338567627842525,3
0.11362497385705495,0.8951741043234184,0.8522505284080523,0.5606573186424363,0.7826092403582219,0.852256291249751,0.6083191428674494,0.2828988832992366,0.18737890661745948,0.5502813029175173,3
0.3793016854034067,0.5699019631213255,0.0031121278684167475,-0.24269342275435246,0.8277916850506861,1.1622375883002012,0.9479739626811329,0.42048672411127347,0.8256959464372844,0.44484550825087726,3
-0.13393905989272864,0.4571583596806631,0.589810916792673,0.24798823578345294,-0.11950994683820615,1.3908169814583142,0.28852932910545237,-0.4708543526676612,1.3249835502489575,1.344702171770387,3
0.4798077720653112,1.0665107493019952,0.8389784064740979,0.6769868274904713,0.8706139808101954,0.7323253653116588,0.7062774456463587,0.23353393450845894,0.33261774129760857,0.3801549772700899,3
0.26008164581110493,0.3609537987229341,0.2873710258669823,0.02492874462578594,0.7441876414337695,0.8732034976254629,0.6638932717371107,0.047164510998608154,0.6776774278935606,0.356336859668154,3
0.017093460623287454,0.9883560461715367,0.6343043119689528,0.40572333501057783,0.897269744476417,0.36152871641318984,0.6001346605768089,0.517816040039723,0.738825752771689,0.627728602120628,1
0.2829309430866745,0.42829936404870117,0.17836441669220215,0.036933576944817276,0.7750723877593921,0.8725058373462855,0.5578770147184001,-0.04007532686780904,0.699575407030927,0.4296292976746807,3
0.3256252485622767,-0.04201048043577381,0.5412746558443805,0.48066634970000327,0.9847149576797848,0.05652775439936718,0.9653684852451224,0.3866663081382786,0.30158605178092546,0.8867288416116879,1
0.9367965319934717,0.3622223452912324,0.6801653365743353,0.3816734413249486,-0.1437426383926662,0.32030199625597044,0.3722497875109157,1.2085568954346604,1.027177911241408,1.015992079480241,1
0.7215091605203012,0.5080056307681078,0.4337242999613641,0.8017641295703586,0.7646872042749806,0.7518982610521225,0.5177509478387096,0.5733050715213959,-0.08091639628711494,0.33505716395608376,2
0.44294381712369807,0.19391512884102313,0.18399809854857357,0.0492050468374729,0.35891390993644723,0.8721673872260286,0.9024155985662301,0.15618592904736955,0.5228125193187438,0.08968231156690878,3
0.8882560649252995,0.7588246694234679,0.5474068191536728,0.5240730928141699,0.2759479031318762,0.2901128820368362,0.23248598896811695,0.12141074669148594,0.394415715006268,0.8911318244996218,1
1.2103150573352661,0.6414508365442583,0.04142421714389119,0.667992333160984,0.2458237060406684,0.2925279458976821,0.5645547544155234,0.9439348049650683,-0.10551500567822822,0.39502136560472834,2
0.4599082573151214,0.7401911045511745,0.8036669940743942,0.9567270961161535,0.6877378325546288,0.5303746509196601,0.11059075620933662,1.0545853627248811,0.9133018149177279,0.9858008395846325,3
0.37326869260913664,0.8398456233164274,0.5314049934209597,0.4836981736423399,1.3642930541486267,0.315469604099855,0.9549601630479987,0.8396130544786832,0.6814293173682254,0.48325923706418694,1
0.5736997299801033,0.4290693600887487,0.09724764460092043,0.661095034505023,0.41815779284896626,0.7588019910668852,1.0819399765039055,0.7422116925991892,0.4330180818941115,0.2572410394567331,3
0.7636400626016657,0.16989374902746313,0.13049091578039282,0.47362314771196246,1.1261963016358278,0.025359312058866795,0.6707380111131982,0.8120351171346714,0.8897085755338933,0.47646549210745265,1
0.6360111023343308,1.0408812521394397,0.3287722688266646,0.5628801783806441,0.9486658115494515,0.4238272814193369,1.0063636308666735,0.07154229899046062,0.9165993346414455,0.8821967665485057,1
0.3062225228685471,0.2517904758104472,0.4803361021425023,0.002913734540532509,0.5462163998004339,1.0912304851586319,0.8867195600049668,0.2780572455303155,0.49785439459263475,0.08795408826107753,3
1.0520701532407692,-0.01600721343198533,-0.1019815222695511,0.8038915579304525,0.9374263745261406,0.08394604847493453,0.6140544655921268,0.6024310100393954,0.5965419560438654,0.6058826769891609,1
0.07443253650506088,1.035657385388661,0.9718839154977015,0.45416981633644193,0.43136253079845466,0.4138008872484773,1.0644162659088618,-0.1853060609863027,0.7024320796838524,0.7821022550706078,1
0.1093848019837371,1.0822434308863402,0.6694046319289896,0.23348769967759034,1.059897488241672,0.46939472376941893,0.6931949934448439,0.5546189403916605,0.7245383397912097,0.7419189310918579,1
0.9679262929866006,0.6364919884150195,0.6104678896144661,0.4459725623725866,0.33782916048189887,0.18425446132679354,0.21926750864784628,0.03514115887323924,0.4456251839385674,0.861403736182911,1
0.2892022366161724,0.6263309328956788,1.138220399565073,0.17030855915227264,0.10305051485544829,0.014423142433782482,1.0518180917194146,0.29602744249787943,0.8336235621516128,0.2236873088949425,3
0.9257156336191478,0.7565124934755186,0.5602280603640538,0.5061467426344037,0.320996013239845,0.24589587086220524,0.247563406704113,0.16731892903064494,0.4068053087890359,0.8504378230177906,1
0.3528243047093434,0.3504890985388641,0.2544562586175476,0.43523709590935067,0.3922568400451958,0.15027265213966345,0.06690105763708183,0.7343923192305876,-0.03160689105378184,0.45041021672942594,2
0.750540765211446,0.23292300764475204,0.38678528291437037,0.37530744847787745,0.010706622027687213,0.33310243074434825,0.17284534571574814,0.5021457284446769,0.4716723110075607,0.8052757706490299,3
0.10920982576507812,0.3290077239585578,0.7533126030348928,1.4393022175682577,0.29008181812668155,0.5821630321583458,0.9170312218851068,0.9946622642410015,0.7470821634223291,1.5847329514857487,1
0.3222706886292889,0.8491624490770673,1.0216406967209395,0.5735451781735865,0.32290366950495625,0.0961804630163316,0.27859155320519724,-0.15177023529091793,-0.12110899053217883,0.3398890768636213,1
0.932301068849123,0.847703167313371,0.6518232010929713,0.08890662525299431,0.7888074567129898,0.87792825069224,0.1828173250211292,0.3455839073590452,0.8685195047795298,0.5765064810675917,2
0.40976809044614226,0.5663846903766638,0.4092407401642895,0.14624819028315225,0.03710338617061416,0.6737368021746042,0.03811839032415834,0.6153373997774596,0.9395240125654102,0.1440699734077094,3
0.0774361632497089,0.9605561504603033,0.6469297848977033,0.339042865074053,0.9084206526755935,0.44430421948957943,0.5872467985237936,0.6512560000793101,0.6649857381932104,0.670852961780583,1
0.52037208347544,0.7679502224113899,0.4608746989917084,0.8145766059214535,-0.14801243702664635,0.39819766936163065,0.5377199096587293,0.261257602462139,0.11651318550323678,0.08436023902312989,1
0.946439153244116,0.07472143392566633,0.010790268671650435,0.6940517876368666,0.9729653477238973,0.16771137414920934,0.6253623396956197,0.7224066004401332,0.6892586631834398,0.7135088696837366,1
0.9683727945988048,0.6035189488801717,0.18938420323841365,0.9313550972004672,0.5775146372301015,0.6456957458423302,0.49556174943968556,1.0002598953127368,0.012580924024502234,0.024602150628876242,2
0.7644606486020996,0.6682585453845115,0.13701980168198952,0.639426870959671,0.1517630511986207,0.8472600331773215,0.13835921957958092,0.22135482164163478,0.19803391323879577,0.42738247371383875,0
0.2347123816862492,0.5576643116127975,0.8948181178866583,0.7560063082099129,0.8836914305438934,0.8621911330013423,0.5656077759412166,0.24075046032746045,0.1316446536604021,0.39672791539873015,1
-0.005831175485863607,0.6584753494689778,1.038364105044887,0.6729832581699211,0.581947488366179,0.5469767198063968,0.29376344137366467,0.5483424070713268,0.40187142594363146,0.4895118239312675,1
0.6505774696795817,0.5844308198246322,0.15852390314431997,0.6587661055096706,0.08841821890028406,0.7684202534890332,0.26128256476581124,0.4431543282138827,-0.004829026237237619,0.45810644612677776,0
0.49029221872976697,0.5051400166948169,0.8851530557890903,1.0801381384699633,1.080077899338814,0.33189728609257707,0.47498384558139967,1.1679443275476518,1.2808905320050368,0.5607902330586507,3
0.1587385290518406,1.009535737461917,0.7541305807502672,0.32860929107388487,0.795481680654074,0.4240140140167025,0.696608723183824,0.6397482268920631,0.5915428451685972,0.6751387184708775,1
0.012372758585678982,0.9600555257834639,0.7046036783918826,0.2555543477306454,0.8899155274456721,0.3407991607395279,0.54477707072253,0.5866951974126345,0.709800206956309,0.7749539584282161,1
0.1322698151635255,0.4114994489348185,0.04649019258781013,0.006683867957285108,0.4429848282014701,0.08078853441891239,0.15093145796450977,0.43394353020356236,0.9230101858219174,0.19315962854696606,2
1.003114566808307,0.49606866493013135,0.05439407410874953,1.0291776490304327,-0.024955899231374756,0.06250082026149449,0.03144721546351856,0.8881775281011265,0.7753180389224098,0.05147844743828048,3
0.873410801252188,0.7537405046030466,0.18592225569447055,0.8366322090632168,0.5223393109113944,0.7949351826770319,0.5673492941692378,1.0695227026801732,-0.08788752736513133,0.018837197911260744,2
0.4389524784565181,0.2801254363070967,0.46254584993029046,0.7277537288275369,0.8742088583814839,0.8952435951757699,0.6952618633980748,0.23797628069484697,0.2873969697584561,0.4523219057799555,2
1.2560882850788229,0.5550243091391313,0.39253073246910775,0.7523200775037224,0.772934497570787,0.5708748343133121,0.5483805069051889,1.0122273364143137,-0.26733463724118656,0.05009472699727135,2
0.06806488215258769,0.2892236219977484,-0.10196738652180175,-0.04012705202943939,0.5331344217555982,0.18217345680959138,0.1727792220003678,0.40439908743126046,0.8748534172997557,0.2957788435469389,2
0.8502911131460997,0.7767946281636471,0.569540516117995,0.5787917507115845,0.3119339596471764,0.1567892128260103,0.1594641749967798,0.049853107478413594,0.35547618664455555,0.8182634866498605,1
0.15240865034890227,1.0449207375821463,0.9768643077857373,0.8044451932198711,0.14545972244127753,0.2524987133627753,0.8778299076085678,0.6450207643794763,0.76708172448422,0.09011546596274664,0
0.8110613158980146,0.3733255501515602,-0.0609185178642625,1.1826257585848232,0.7590273459491854,0.05846851293048577,0.7347330608527083,0.8132697699919149,0.40916665776577393,-0.9228970924822476,0
0.2144178095616076,0.13736050879029357,0.5261869361769125,-0.11264161421332208,0.5604945717576699,0.6762302595088217,1.1222626692222952,0.22036883524005818,0.2872973008896108,0.20691336202828825,3
0.2484597497764253,0.9507953513843436,0.646861873289643,0.49523450752655157,0.8037794972049412,0.6443354563861057,0.6350968077064463,0.5312946218204876,0.15557179868180193,0.3825246206835999,3
0.8736901263377126,0.7557906492221511,0.010284915770843478,0.9524626034755422,0.11237965759155172,1.1717679128261853,-0.21878363037859738,0.018317354998574398,0.33689683069723086,0.43255722743631386,0
0.3924295553451125,0.4129993387538684,0.09794996914911246,0.6849591473745507,0.6662810623948171,0.8494305094066819,1.1589560420798626,0.912499739447553,0.294208534194037,0.04481200390841683,3
0.6326595875376722,0.7708970207203067,0.18508908743479421,0.7726380331400994,0.2659100747760701,1.0034448195368129,0.04974697672173414,0.2149967523121205,0.034450173272039294,0.3486139227359542,0
0.019592233127014295,0.886582106704671,0.6411353771835333,0.2553626740986441,1.0523092007383614,0.27724055448650325,0.6941848437369452,0.6853413553524178,0.565433574609704,0.6777481169491912,1
0.05492835029105177,0.9576476922217186,0.6877288350784296,0.3004755197459534,0.9393265501147313,0.38741991885436733,0.6000738074862465,0.5843206264606978,0.6805174457882217,0.719811096977302,1
0.05864163957183288,0.7757644473846154,0.8463252408320897,0.2154875078997116,0.9835070778965729,0.5327741992301506,0.6886255271873076,0.4584045727289156,0.7120312710964269,0.5079264415288249,2
-0.061580283271386635,0.7224331624669995,0.9203038568376448,0.7107849641388875,0.3337770770540829,0.4948667151815639,0.9499525596371731,0.33480291848157395,0.9650930516100019,0.10139557810822122,0
0.5514463394109252,0.16533067526656378,0.524972314562397,0.32537442611257267,0.4401169925545837,0.5176672142438394,0.3569740247329283,0.7509302558574797,0.30462466669665716,0.6562992748576786,2
0.5601916123004855,0.1727247209519004,0.19734899883830415,0.23682234192126173,0.44738844383333165,0.895577234477345,0.9159775248154081,0.301235512171191,0.4200085403352069,0.08206841934028083,3
0.9514255091797901,0.43466183347115117,0.013481874722512464,0.9658445324810667,0.04343321087306922,0.17274096115694612,0.007863555804034354,0.84461909093504,0.7529634431049171,0.08903251116974588,3
0.7885831933669729,0.5571834348179936,0.39561615856593085,0.725473025998465,-0.05992142475352402,0.940048214098629,-0.06805369862707633,0.7842733702735198,0.17920777536103327,0.45257451568139256,3
0.24534578626105663,0.8076472270513984,0.8331860016380614,0.4493794080729747,-0.2789792351910695,0.4508074260295135,0.52623580168768,0.662646845417194,1.0387711709146514,0.12753071481351863,0
0.5617356927053784,0.9748020983527014,0.3138148633807173,0.5499099996028657,0.9680107040123483,0.5046238619204523,0.9861054364767828,0.09822291756302826,0.9108423016663607,0.8186215939187812,1
0.28520058743254245,0.38929628455107046,0.04420130847810454,0.02126720557740805,0.5151552783460619,0.1782466528054854,0.12246706038491337,0.28894044045630524,1.0331793925503585,0.3205111322056333,2
0.4046470337931994,0.5357731191639806,1.311484043015188,-0.08072708990576405,0.05901705139406946,0.24353173854246285,0.46621857110035386,-0.22730841582317013,0.7347996066965747,0.011003290955700878,3
0.4399538141803539,1.1128130399394145,0.3655042083426522,0.23785461912950662,1.0699658253184938,0.8727575995769452,-0.1927400899318083,0.5055995174492336,0.8563041107958755,0.2747629416727349,2
0.8561027825758595,0.8860693870990193,0.41942904643965195,0.07583797279937393,0.6089839528170989,0.41729000860703724,0.9122056523201894,0.48971472203630556,0.16051847156310184,0.2948731944969295,2
0.004062142449331049,0.9787379712932778,0.8595529478317991,0.8474524093940036,0.2105700784343848,0.2976983156230997,0.8710827603421699,0.4846580164613929,0.5757265636619112,0.1496461001179383,0
0.9930567724442779,0.6915134028333539,0.658194440343025,0.19407879227958785,0.4002596882220989,0.4915154521607829,0.4608487426809297,0.9989802294141562,0.6673161937566197,0.8621523231323381,3
0.2626604904735981,0.9462938402050994,0.6539804701891283,0.4637911771324616,0.7980233223105829,0.6359333508019434,0.5989857997985872,0.5041793142959496,0.18886307040530056,0.3314227451345722,3
0.9685593943647314,0.3802434972224543,0.12800921064126886,0.8525855806133978,-0.047322091329975266,0.15614342028502373,-0.10390438296043457,0.902548003545799,0.9322474767546662,0.12758117756589218,3
1.25341390282488,0.4559587213989489,0.9955602497772091,1.676826488273088,0.5974367557090252,-0.15152566529913958,0.6656178365515195,1.3599944335196108,1.3018155200674917,1.3724159647985759,3
-0.1667436249173957,0.7016576306278661,0.6789203778516779,0.2475601849241294,0.5406541681484565,0.8858331224604102,0.7387161911474066,0.6322429829438578,0.603923764631916,0.7432694304767988,1
0.43608742919612165,0.029049685712120174,0.4023956427104472,0.1953523480731469,0.367158433700453,0.48564269840932106,0.2811557765953818,0.654553142934222,0.42657001215976414,0.5243175290687819,2
0.4341567770626282,0.5729511226598151,0.40274939314893266,0.15942073171209253,0.052725778143655894,0.6459786521954833,0.029957892734710813,0.6158383128384078,0.9160936867740735,0.14969456722894492,3
0.44091247716108606,0.668312879483903,0.10003463986490956,0.6919667196668609,0.5374452841958878,0.2042392523995738,0.21525499376261328,0.638217018290373,0.0919866938196199,0.872168671676955,2
-0.03652977325488266,0.09292098395348342,1.5322124925883078,0.6422256925663234,-0.028353804831750484,0.4091286046289233,0.8385792111671768,0.6239649501951399,1.5069037195073531,0.34586746781356786,3
0.6051419339773214,0.9444693560248407,0.36424804089980967,0.5076289540458102,0.9569930578855601,0.5088469539696316,1.016247315735666,0.2091519116237162,0.843416704279996,0.8974915990579755,1
0.7968738519607945,0.578509440934274,0.9235282478130462,0.06889366310671113,0.17751076938778998,0.0877539614177097,0.3028207896149699,0.9153698300210648,0.8966854117845232,0.7875190104508887,1
0.8765374245787051,0.37596313851645496,0.05371092884938167,1.115657710927582,0.7491972032096158,0.857529932450156,0.7631407747241548,0.7128978553471024,-0.15165552798768284,0.272415477988258,2
0.3819534123908714,0.9156323897625098,0.589994522061403,0.7060424581377372,-0.029115893593773916,0.3142527037631686,0.49464625664190126,0.36073365476485786,0.045101835401870335,0.25963942688744085,1
0.6466000879045747,0.3794895154434464,0.5621629997585258,0.7153297469248436,0.5700011116105637,0.9023913330134676,0.6795468592527325,0.3470051774525931,0.15279110777609126,0.44577383708484697,2
0.05576816150068252,0.9571108597441811,0.6864056023426962,0.30299550622933785,0.9422938581748956,0.383865452448229,0.5968100700291292,0.5853593264071995,0.6785298649357597,0.7211068856622447,1
0.9574201205903436,0.4114893182907914,-0.12052889140100459,1.0873326718156433,0.011042920170064523,0.2226305491687865,-0.1165190666334672,1.0074216719800853,0.7187788707653259,0.061823937524584247,3
0.5911571052770488,0.6484239825782951,0.9870677006411512,0.8272405390343784,0.47222936402222265,0.09727571517860345,-0.05977230707945738,0.7349711876865797,-0.13784192684885876,0.4300254882116903,3
0.5543949471761916,0.3332408135362129,0.6205466095501716,0.047854353004087885,0.9667573788204646,0.6846602583790813,0.6028886227958266,0.9220989312600998,-0.023098674574311542,0.577750328918111,3
0.7286101624234003,0.27728570502554656,0.6940261350194961,-0.010260906211098271,0.9514966392947246,0.6089816260521186,0.6389995802423535,0.8985448674946619,0.07702023507652486,0.41887247210518697,3
0.17513348691621622,0.4126368726532117,0.33006324459942,0.12277892031624957,0.807186456354976,0.953501476994914,0.6381891654263547,-0.00993687697308808,0.7721026420387415,0.38578944478275656,3
0.22306542670775426,0.8285733579746,0.9955301780292763,0.7057843776513312,1.0026502887561768,0.09332102077723142,0.8447416959593059,1.0695487832419224,0.44114195932784894,0.3086047877866738,2
0.5782637169534138,0.17731667362203987,0.5971683792393917,0.5710166367332303,0.20996462485143202,0.2726778511759658,0.24963350983019134,0.7188793904543404,0.34242122954402965,0.9399337441273832,3
0.7377068821740126,0.7251215622903208,0.6215911102792704,0.14217737053366655,1.0612130785754925,0.9276517934385691,0.2622936462030983,0.305328953485507,0.7562412702688119,0.35562155482115043,2
0.6915454877791732,0.7667872712984972,0.5224666347688468,-0.08874879325934001,0.28403640251839585,0.6207035328733919,0.37519315706765705,-0.3826178393381612,0.7435633606490044,-0.12094982717945918,3
0.09236932780766513,0.6469302156702246,1.0381373775394152,0.2375814632084272,0.3762842882240375,-1.0919619262073326,1.3606922188629125,1.4560150412922703,1.1238286028709088,1.791653137055527,1
1.0421476476216316,0.5040397486383253,0.2935057471023664,0.8323303604043975,0.5274826716617467,0.5749125556143984,0.4928263445400988,0.9442174339082171,-0.08195430666516748,-0.03505762681577507,2
0.5273368768867073,0.1182342121673321,0.40936525710445965,0.40023972436431937,0.5797416225743426,0.8567371396543821,1.1280266519461128,0.18722516187767618,0.48522156252956156,-0.16178203178460215,3
0.3573080711872505,0.8498572773922975,0.4410504229134177,0.8049288573796345,0.020612707508799,0.2922707384026943,0.621640698375009,0.24989343808228107,0.17713454795311384,0.19844564533480508,1
0.9012817990820267,0.500765792556858,0.5735304424550911,0.5174348182719796,0.0413202810513113,0.5692028310641614,0.41334841825762053,0.8951279252142155,0.019637006161306703,0.6591326643385176,2
0.30295544400636704,0.9698733495804495,0.7040515921684009,0.42343778346888505,0.8062517389941488,0.6107933566075452,0.640049925459609,0.498596143035885,0.18151276112075554,0.3928722925560443,3
0.3228195715064287,1.0322686785080744,0.801293444150118,0.39377311091540174,0.7017493137715228,0.7719747219864627,0.7360578585869191,0.5632425361552019,0.10771529220684488,0.4784211224401429,3
0.9435183805396026,0.5925145979433794,0.595802193107051,0.9454839131056063,-0.19753906889415584,0.418960820922335,0.08105340672855488,-0.11107476690838114,0.4255937521970109,0.5749290692686434,0
0.40002500739195024,0.15890201167381807,0.2614885330991716,0.188917361116901,0.3642510323415596,0.8126942323021622,0.9495358412746673,0.26873643477083115,0.40179261375169545,0.005481097116960331,3
0.20448216476493844,0.8993954592786015,0.7269312936528115,0.39990439444457065,0.7930595321886362,0.5630612338998564,0.5906853578354536,0.5177822809536782,0.18276798237464045,0.29470444252882627,3
0.2920297708382501,0.9877783968208825,0.8241030902432791,0.5888312373631566,0.7986912382761628,0.19770421346768524,0.7767787082352091,0.8692361313315952,0.49590298194367494,0.15110226071290955,2
0.246227271796426,0.5444390066257515,0.5843221570291015,0.9385359216058753,1.0771376115420184,0.003656226432908881,0.8415506617856657,0.7965390572683206,0.674362892547079,0.7921083328650378,1
0.4282361444995792,0.053873495431489254,0.20250095833304937,0.2774490517213021,0.36228862053152944,0.6839024465177921,0.7792315106974211,0.276149078920478,0.23543259683525974,0.046147421865917956,3
0.3088585278339103,0.842204630754669,0.4046884057580893,0.8981935840346275,0.013868695922229918,0.2450937897975591,0.6159085249558182,0.21399399468633518,0.1482517867284063,0.1621175447012099,1
0.3915219562350729,0.8542188523455192,0.4864986912971397,0.8141096133776922,0.030073046901466165,0.27207035622660786,0.6127724199746046,0.27205222096903653,0.16073441293147142,0.23236470321653008,1
0.20514178788677462,-0.37015068100770177,0.2958950746070685,0.2071614944555685,1.0122602243562515,1.0958430111140998,0.5709585308608454,0.3245198698617564,0.7783613762752685,1.156220231218903,3
0.161843901143672,-0.2447595275037897,0.5507843256205186,0.6281877717960342,0.7295022857818224,0.26939744612523553,0.9177118701724374,-0.2219664907218465,0.19362256542223122,0.2907199234276045,3
0.6336942512642635,0.5693733669145934,0.9272893583195702,0.16867967054182453,0.10970266741706147,0.11714968383385241,0.4455541825172646,1.0051508973285364,0.9712847445478516,0.7703933841798788,1
1.2191089205658852,0.9413410069712014,0.386199212399144,1.1759386259424731,0.8386899150122894,0.6738164025421068,0.4595105204194555,1.268728560104234,0.20088163189098568,0.11886047668309066,2
0.40969704148950337,0.057898278358582356,0.3575763194210865,0.17280916832662319,0.32260547055732214,0.8258951687114181,1.0360931455757139,0.30866581271035554,0.5853683358156394,-0.01601432251733028,3
0.6265566130329439,1.0477644182577384,0.3590266974400766,0.5715715657942577,0.8779085347395551,0.5415028008205338,0.8850927092557387,0.12930505038951778,0.8797432985470398,0.8294107529252083,1
0.05597680232856228,0.7948242815141908,0.7717177030272034,0.5250641121468893,0.1294625464596334,0.2825319401350091,0.9701222191739034,0.27306165619251266,0.5518136203639605,1.0316694564594113,1
1.0136102936896765,0.6393818387550686,0.1598665354327207,0.9752044366754724,0.5784021806639402,0.6557995114102886,0.5358669145942493,0.9522519311052352,0.009427034509602587,0.05192530513518412,2
0.2719432148612668,0.8401537823666572,0.860517783008466,0.7595549640394383,0.675749650136864,0.19808331934178075,0.7350535667870327,0.8193469240648,0.539428164989582,0.057984242450127225,2
0.3742394901977243,1.111737740385463,1.1083665582610744,1.3219534956417525,1.0928952628677293,0.8540660240381763,0.15905923671526523,0.6333884337546393,0.5114201703493115,0.6596461584580938,3
0.3934844684323418,0.26740454092966726,0.2838602463582645,0.14237284309269266,0.36320208555286326,0.8588759950401803,0.973255526862338,0.23771476888390314,0.4249226344948459,0.05373893479665429,3
0.37016118176872437,0.45905856199085315,0.1416035721866696,0.4834612725782875,0.26549395493235484,0.04373893245245165,0.025742074172102294,0.8297836229017279,0.014291343746425864,0.6121104470935463,2
0.21649404726247917,0.5254816572573247,0.01808772621440291,-0.07094831734404544,0.3790649894821129,0.07131464365331858,-0.055459018725058346,0.5009396074629189,0.6650395823493256,0.15675821351974034,2
0.7960165839633366,0.473958067740407,0.7293001928157617,0.5227720683493237,0.6263142775968306,0.07022652854537932,0.6757959898702617,0.43176965627015357,0.0687390212360508,0.058279125504727504,2
0.235745509928951,0.42645296038933905,0.5843427439967802,0.23942896984686934,0.7023794582209616,0.9337914940990523,0.8670755565285874,0.09480983781535884,0.4236503908565092,0.6769733706316791,3
0.9520541061251563,0.49502687591833877,-0.0005157767033721686,0.9878093112120627,0.06124586608317418,0.1525663078137441,0.019695790934356056,0.9010248262873735,0.7896318897792134,0.05958015043746745,3
0.12136056730967365,0.714824573116313,1.1052019663816648,0.5378538591981191,0.6290554342402803,0.7033585083278159,0.6119897703600886,0.6199938750608557,0.3235776264710409,0.41712290320418094,1
0.19493955114382813,1.2834619251382966,0.8180710090780162,0.7798944188801585,0.4152447073177021,0.5496660035630359,1.162359313314485,0.020385906681935295,0.5359195825883125,0.8759052913746144,1
0.15691614752968353,0.6097030439754585,0.9544848922997099,0.6558877007306201,0.7721060271171923,0.7178604772097555,0.4791419732662492,0.5212261744374462,0.26100558804266966,0.4220173085163408,1
0.17349941550629783,0.45769179999805565,0.11993496322202964,-0.07620675723450518,0.4627963569660709,0.20591210409333793,0.13226550932234174,0.2619820548800329,0.8380235771562059,0.10933997919527952,2
0.9099736141214216,0.7349864900149521,0.5258226742254406,0.47046735547419055,0.27437205086018096,0.2646608264206372,0.23197086217140814,0.12990234687067778,0.3783917999750195,0.867073563353295,1
0.2762499361220545,0.5054860085666462,0.06715271872269235,0.09120266434170154,0.37008264740132396,0.05634326541412183,0.06711173070135175,0.4991395537228534,0.7879972784928515,0.4005547328214305,2
0.3188439579568299,0.914781283563269,0.9141369219573002,0.6291677263469249,0.7578677599980772,0.3036922525514655,0.8978415720976443,0.8843541166889055,0.47729417667424595,0.07960633820123682,2
0.4419326408815758,0.5457276964807362,0.15438479232556324,0.5321702757446001,0.5072155242369483,0.6380474862867386,0.9948074510676003,0.835996749997676,0.4707367407819456,0.2278533863299399,3
0.30901165597694447,0.9028282740175133,0.7666822093137357,0.0531533832037282,0.4569881907896372,-0.2359827207834725,0.5623784952967207,0.5421597884191907,0.7098501967798464,-0.10231214685397438,3
0.9239724455813386,0.5641022536171263,0.647722124368403,-0.08558587897307811,0.6565827034047979,0.17980917690643397,0.4565117666927018,0.5392123227278789,0.7848513963265866,0.41203954944583754,0
1.0286075226038895,1.2742477335723643,0.332823963844491,0.16469759524108563,-0.16366848289553437,1.6660387512295713,0.6917853329138732,0.280761839355426,0.9274869653502935,0.4502287137366584,0
0.37340775566468837,0.08079792579873107,0.5669498020385303,0.14689681993014572,0.11789177386051612,0.6732533467838844,0.28007933289586046,0.27386673441478454,0.8845250388383601,0.24043505174621269,3
0.3144996485073424,0.009047626248391533,0.6405159730688565,0.05518842787274569,0.017000517395960812,0.5620208230403809,0.3902678588652791,0.15474312896544395,0.8470369583504191,0.10940875230832897,3
0.8792846001090535,0.3877395273452836,0.011727134979891377,0.8881270542820274,-0.005570990993230392,0.10840243502997676,-0.064470259162821,0.7633720559817588,0.9456513930563615,0.05498810961052723,3
0.308791518955828,1.027111589551519,0.714145666016227,1.3485976927319638,0.8238953192583831,-0.22347649595749192,0.952794972647028,1.2655498782163384,0.739208209351133,0.5597450248753291,1
1.0313940106517308,0.006043059433124318,0.030457076497391433,0.6903644072581397,0.8504151183343995,0.08103158957419654,0.627644958452412,0.7675636626722003,0.7554773345879562,0.5611355305994699,1
0.2730113497438108,0.5269665944819668,0.5033949332252566,0.13420917940656776,0.529807503108897,1.0653180435728982,0.7055447457966805,-0.04383340304899534,0.8044735428872076,0.5095939578919784,3
0.21875932290861919,0.3653707366255332,0.07797013460908113,0.04214471670378582,0.49521638498670023,0.16493065958297345,0.189714040768523,0.3229583588916608,0.9362271085160797,0.25551801215262016,2
0.7365138893617206,0.8325284592409411,0.6451892388168682,0.3083270325969282,0.9136780497519482,0.9690620358545845,0.11649421062426668,0.4668502536309855,0.7273716445747224,0.4211190530039336,2
0.6543375119163072,0.0517217081472752,0.45715529956860557,0.29841443189009115,0.3127509872167977,0.8540786357441902,0.7870937497405033,0.37326183382101247,0.25033606119299034,0.09413666204752785,3
0.05486183263216436,0.7757113042548853,0.8473979799707088,0.21865509075527453,0.9880045283663071,0.5318504752926814,0.6855697192034454,0.46085406914488686,0.7143096107710601,0.5096005632847497,2
0.09397076064613172,0.9938616237474818,0.916809491113198,0.7716634742663396,1.0044661290421026,0.49788703521620137,0.9835180785034014,1.1748656143646328,0.9897330395320848,0.36000812828347806,2
0.3976037825032061,0.546937967346896,0.3839030695280238,0.14458016741134247,0.05853392639935273,0.6483393030916843,0.0032945248109007355,0.6289523490948659,0.9491904429026339,0.12973708834412423,3
0.4344025387408443,0.19645097414531804,0.28382449065565574,0.17332997099684788,0.36085077154729867,0.8357533318737003,0.9029117120976817,0.250936916750883,0.48706427191208135,-0.0012084730577988437,3
0.07133935788665131,0.8582032469142601,0.7774212312706729,0.6309627221095414,0.5493441686369055,0.7222312962012338,0.22063021127028315,0.5609266799580654,0.278392557427093,0.5854927058193782,1
0.8611047608699128,0.4268597666882535,0.1638973986028943,1.0623227641194872,0.06851400240833871,0.09188877231606248,0.10108536060398597,0.9697775329075216,0.7305925197279651,0.08923472934750777,3
0.23422670772603912,0.8247986382493844,0.016182443768592628,0.2808021071470099,0.7450106740794155,0.8935425768297776,0.8161138179824721,0.017169742736929006,0.29681149886835617,1.021551456676972,0
0.388639907117341,-0.24613839095652545,0.8582658877806868,0.8247209101922456,0.5433999829627069,0.6667009674555857,0.3505435384352363,0.1930111804513522,0.6679416085833267,0.43425619128265947,3
0.15153368862915395,0.2280273163677575,0.3881585716205624,0.06868289805328481,0.606604661517923,0.839452031731074,0.7361388248925657,-0.10260696140378758,0.14567660319210218,0.4261266034015573,3
0.21768875244840624,0.982032988754836,0.6462492349823618,0.6095391632206228,0.20666864768660584,0.210278898894255,0.848150476379013,0.065707214493857,0.5588678617952335,0.7544855669271946,1
0.10463244365547682,0.6002856090816142,0.8525083041016313,0.7203150512886204,0.6764371144345168,0.5695046516259302,0.3783035920549928,0.49000520897643346,0.369429044212153,0.6501844089043955,1
0.6182937913283599,0.3665466226912121,0.49462321627992073,0.4557686813244618,0.6218442705904108,0.35071020545670145,0.19137488705213476,0.9406539504240863,0.23633062019311651,0.6477190548242815,2
0.8309388998167077,0.1464892283278575,0.8455928785119403,0.28683323308007946,0.1116585064369898,0.024802952485280597,0.41293694577323115,1.2250759551539472,0.5967104803068854,0.8831811789050573,1
0.9439466950727055,0.1368749294006397,0.5524509662893426,0.3135114692718417,0.5229611410668947,0.16810565822611231,0.2223838298574409,0.22951448443530573,0.02739700529941992,0.33324196502754405,3
0.6587742199464418,0.3920982931564209,0.612500065147054,0.7970575238724065,0.5400296734798526,0.8933004426164624,0.6346217639407798,0.3069982323816809,0.15780819676898747,0.5114223766565867,2
0.38572048087336974,1.0697601966854984,0.4600835051816737,0.5270666506922652,0.4989038203304708,-0.3298334253881789,0.21016709515937593,0.7845501646146573,1.2119176769435778,0.9715877860654399,1
0.7167512299074558,0.640502271952688,0.872589653423418,0.0871981172687372,0.1656544010582221,0.10319096661958083,0.366206803544896,0.9087488858265013,0.8788988409462871,0.8090651148694609,1
0.5335012772233877,0.7624995699068654,0.7186832489530028,0.8499366881126995,0.834182243840257,0.3848869937395048,0.2043884237476702,0.9701164873385197,0.9914533333886016,0.8162476563484595,3
0.39685531909410116,0.17228441981965623,0.42912596957723914,0.19950120405517788,0.5020051637434396,0.5215258379716502,0.37218968190595975,0.75080729749125,0.42552270907995793,0.5388678266991948,2
0.7612558251883857,0.685971179016454,0.5546284291140853,0.22508699362882037,0.8932088511458861,0.8994634734514655,0.2416644147705987,0.5692074711103349,0.8162627629060715,0.29583584850752237,2
0.696311787297726,0.057759071264254364,0.39097213853024804,0.26137831584239374,0.29170432229208,0.9257041217868155,0.6987156083350194,0.24946392568241638,0.44060914603098694,0.028748299143948164,3
0.38610303772978277,1.0273742557735077,1.0355883489366022,0.572455924995701,0.8691683895419894,0.265363677636305,0.7157224529794692,1.0603994749507453,0.5906727411477349,0.2456909234448499,2
0.47345559361084627,0.22504799944513998,0.2696447468483015,0.163522359626099,0.36786027339699096,0.8756542917077385,0.9325739471537493,0.23980338771077103,0.4675927681552226,0.03373524718432427,3
0.36471891573061543,0.38796991940229214,0.3573465444157303,0.15734332574010174,0.7557248861771667,0.8953205241511821,0.7694731744101732,-0.12644743901367111,0.43532877699856587,0.4147094739699664,3
0.8832638960842383,0.5182926444686864,0.016223869686389406,0.9155128464760213,0.1291020303398797,0.15035113928325838,0.03285921059580036,0.9554211371243071,0.7034231081886063,-0.027698605059804954,3
0.8582024965677808,0.687867774110127,0.21004016118376398,0.24455441469040184,-0.07687118621830467,0.3968990228947392,0.2385771679738074,0.8505891376886707,0.2835618284496034,0.18755575812759104,0
0.26036022781445867,0.9323799524353191,0.6587681804411604,0.8879899499542023,0.46677285774818766,0.16208772708213554,0.8037094419360503,0.20338828149600718,0.4656713445846007,0.8030738989609787,1
0.43316948458164994,0.19043407044142602,0.28059535913639294,0.18041624568204237,0.37080793701311,0.8729154976167157,0.9629107151576888,0.24448467028345755,0.4286599734213908,0.022172809149247345,3
0.389193198293962,0.09148911273500143,0.5935593246620906,0.11656431068251503,0.15506133582940398,0.7140151846609499,0.28358871920889767,0.284411850794131,0.8892771728660216,0.2667193123334265,3
-0.42927986958855,-0.6146015780059508,0.1710311882933344,0.44143675630540924,-0.23484348422258094,-0.17866101459238873,0.34822573491808007,-0.1770972852566473,0.8600234794342647,1.3956238965658905,3
0.5696645287156886,0.3227829830725371,0.8579038124795175,0.5046486867197768,0.14525435910057108,0.07128576974682496,1.0877446381279712,0.23678776028227283,0.592572701957139,0.17593031573091644,3
0.46574101560598197,0.2066932849665726,0.2581224516472099,0.17929926179407793,0.3759869353273687,0.8824118951574114,0.9642823021885282,0.25575775212395685,0.4678988344518574,0.0207743944028278,3
-0.13038232821901435,1.0792352770303024,0.716114615163141,0.15727268237852512,0.8881418243513125,0.3363510220508941,0.6521537886562032,0.5646285251085473,0.7573969123752684,0.6707794126092841,1
0.937071259473769,0.3582346330436901,0.3949915224557611,0.42549409105113967,0.3606633587020722,0.8669192747439037,0.6478464161726858,0.09065271232855454,0.07542968333387215,0.8196624278001288,2
-0.4049888211626066,0.03449727718373519,-0.42379946131227175,0.6529393219714245,-0.24881778053260223,0.8669924962110568,-0.42908508742560725,-0.267137381818669,0.12556207827909358,-0.9718852086758472,0
0.43317470716682693,0.5718591487227521,0.3964948176113758,0.13549780597663744,0.02437751792456743,0.626441157278264,0.03592979914141832,0.6284966406916026,0.9462150291320497,0.1770812873085694,3
0.34010246584964926,0.40247857968546674,1.106428534820623,-0.13842599684612727,0.4903954971722778,0.11601048469607683,0.8376885452261338,-0.08836635033411783,0.6215455063892481,-0.17069963649588515,3
0.31899299324625546,0.4175437131269448,0.4526725849640395,0.27027444974516557,0.5949373808933368,0.6963095456573674,0.8267485744588925,0.22469318229199134,0.4196647769462673,0.49056447976602596,2
0.16672543376704652,0.16917075637483986,0.45340759341465947,0.6673694435343414,0.02763497861970432,0.34308821450173965,0.6141966720692414,0.7415039061867348,0.5006190203702682,0.4560834211263862,0
0.5263142621267348,0.3098779903743231,0.008163732736956211,0.4436333549351699,0.2326379499132491,0.013986693482207907,0.10013097422604281,0.7310971793287995,0.09825516143860245,0.5674256023498191,2
0.8001107595196192,0.5835255574885221,0.4652220446963031,0.47992172640616926,0.6599029623347258,0.42550248476745534,0.2065413747207445,0.732198701227924,0.463547983011107,0.7364514258686846,3
0.8136486776911237,0.6949101781478582,0.8312839227250128,0.35286918514664506,0.32179965114082637,0.5811473780044076,0.5016561330093476,0.9662193697828609,0.6147815143915406,0.8275779050662339,3
1.128631525759262,0.7356189753047753,0.08436661841462006,1.0938804825116297,0.5138519305653487,0.8222178026845293,0.6703071971480374,1.0693775210102188,0.18644569922750287,-0.07822714071126308,2
0.05220854095702057,0.7752622089764211,0.843198685458593,0.21658122970531404,0.9887753610983433,0.5319709344959827,0.6819595512543953,0.46227197818874016,0.7159385029746542,0.506469054304373,2
0.3398775720600763,0.9371183614132124,0.846284862202288,0.6559961613799593,0.8510315088673946,0.24514852846168778,0.9160355833464305,0.8728055901736675,0.49277404861955515,0.0067660706954453115,2
0.07414875344104174,0.8923036082390645,0.725158884703803,0.25530795741392204,0.9636259443416232,0.4297102358714406,0.553517022990618,0.5811887589460385,0.680325201055261,0.6536171935422616,1
0.3373360171109064,0.5207071527075368,0.33382006245504176,0.527637353599015,0.4552085287825784,0.9593641716997395,0.03808180742322174,0.4156429772192067,0.3779887293711261,0.09241902605837785,0
-0.13131890378649855,1.112487046127359,0.8330040346037103,0.10500981209014701,1.1107527920319975,0.5755123973385872,0.8128767851692847,0.6211890427529627,0.5648554512155004,0.5272475024135038,1
0.37893747075000817,0.7909250561359366,0.5526253697012864,0.7829284486544428,-0.10804746231428236,0.3850672741965385,0.6804320307268676,0.2744250099265233,0.195883423923519,0.2033217490994489,1
0.05085114416203469,0.7730891668833079,0.8430065158354436,0.21554657027449642,0.9910751133369597,0.536802913692476,0.6810700592893889,0.4618044515191818,0.7194045786076958,0.5080636864673073,2
0.35174409399066164,0.23317996871088384,0.41984266839469253,-0.011735432961661851,0.22015682975899342,0.8988973987084616,0.10427753145973362,0.46515399264546325,0.9239421989720017,0.03400543541423198,3
0.2925745508612072,0.9483128723822083,0.4330037125863013,0.712875187693914,-0.06978612446101398,0.2966338049679713,0.6987075800494491,0.4043450253184747,0.25482311790257844,0.11516921118836149,1
0.8157592617547217,0.5532370792053274,0.8744790140763701,0.13319579692865804,0.15960685863582283,0.07765602308708104,0.38543200426787694,0.8593158349013882,0.8463725280724741,0.7642598757872212,1
0.31234523957891647,-0.2485441708498135,0.7860565408082683,0.13554112391342563,0.5486066313081692,0.7671664284180312,-0.12267079535982744,0.602652455725273,-0.12559522318237398,0.9867660903990284,2
0.9119014888312867,0.5984034765793573,-0.16646608179569997,0.7955336552659954,0.028230422996789108,0.18249056231505476,-0.002970583412352408,1.0199751035360713,0.8201090019583623,-0.11012619673016943,3
0.19743361200404042,-0.05855998045343658,-0.09365123405560125,-0.08233340257338628,0.6956933276293555,0.3467997501652929,0.19753270964501451,0.2516755082917582,0.8212791891181439,0.20404694261321038,2
0.42052541700845936,0.9200403160811966,0.36559180229544114,0.8012253146586917,-0.15266227962060605,0.30527308294284233,0.5050861026889342,0.2679490730011122,0.03323492515254221,0.3005423792782789,1
0.05847487491117648,0.7796336265344075,0.8512518249621549,0.21785974367270752,0.9838027444526455,0.5238052363954931,0.6782313874092506,0.46714756938839236,0.7222409125084602,0.515672233122061,2
0.879930795070109,0.5096732120585802,0.8420253044643498,0.18875292677599473,0.08089592120118416,-0.014642122829974347,0.4157237185333361,0.9808055835762532,0.8641749249700593,0.9090520212760886,1
0.2440184995518334,0.3334211959992822,0.4165724012675964,0.35740007775190363,0.6606053511328664,0.7048870374695589,0.967753018033519,0.1734272410008888,0.5005749645205183,0.5623727631844004,2
0.1051647697585722,0.0612723909829464,-0.04576730681796909,0.4071081606110422,0.3097882121829682,0.5558933577794279,0.6587170682548298,-0.1744892658068457,0.6756840906845712,0.544326383895881,3
0.7324393922294655,0.3731262563192063,0.6860639886522883,-0.11203111297352328,0.7206726285984804,0.6950997146169555,0.7631123205404873,0.9864255972183975,-0.12944198985372177,0.4985053098146422,3
0.33672335011539817,0.9284619944090805,0.8980590510851049,0.6224212496603636,0.7744405938403673,0.23011009746213162,0.8582939515568737,0.9133147064898867,0.5475787122986611,0.08265736509904571,2
0.547887927010603,0.31556591137695833,0.3814286273208527,0.2095756897320442,0.26419417040837023,0.8530813112402926,0.879973850358678,0.3994725978728446,0.46908698863297427,0.1379541930995805,3
0.5122342460880716,0.3316859831930254,0.6519478633868886,-0.23172440801185162,-0.09722808196393284,-0.291685618213619,1.2569404811315639,-0.14919955837462628,0.7240174989898461,-0.26295627066841387,3
-0.021293631904127697,0.7693197034864216,0.6722947749557255,0.7882262589542075,0.24240186319232987,0.3840894116285543,1.0421369913468423,0.5969611497194289,0.817622955488122,0.17355023789918086,0
0.5317153668863137,0.5494000775217602,0.03742295374286525,-0.2893503048333752,0.9896876833439282,1.1506469379636663,0.8040594483744351,0.03939223237634444,1.0183971253974307,0.26752683719851406,3
0.3924133361174324,0.8568000296824063,0.4730354137459294,0.8029286895257778,0.0014740294489286494,0.2678322654000069,0.6017589605110164,0.2574564140547117,0.14953876666921911,0.21225144778266128,1
0.14146233369980435,0.11598483138209897,0.40018795231255155,0.7387828966748893,0.07907699845098333,0.39014213542596554,0.5100519216845715,0.8653216199450261,0.4098138179009451,0.43334267657301334,0
0.58082995955776,0.3491930076229236,0.1391968590942042,0.0033731622489928947,0.5150872063801595,0.9209047943043627,1.0527595195914503,0.35774823905281533,0.36726017431003505,0.13078462479256117,3
0.3048944882206845,1.1095976831596293,0.6653607087019533,0.5117224481318545,0.9318801942165129,0.7824202374495357,0.6136907297136509,0.6250600445319341,0.17244714898736538,0.3478387727749768,3
-0.05540348793712824,1.440636460551095,1.101131554698424,-0.13943959840254133,0.7271693136541291,-0.186316365348404,1.110159276366833,0.8135560635737562,0.7934972768453286,0.6350091086929626,1
0.4528925223982908,0.21005817657384313,0.30176070493010165,0.13768780941767567,0.3520862487142427,0.8784545721498584,0.9302551679794853,0.24411106776814223,0.46110366587335166,0.050716539884776424,3
0.05974060946191122,0.7779845032445903,0.8375191870448643,0.2175862755891345,0.9813888162344179,0.527152232337505,0.6894110431930421,0.45697888258588504,0.7120946843634537,0.5152895197413017,2
0.2650702521764029,0.3511459959491868,0.26943168653675403,0.05934905066106175,0.7037311979746851,0.8636938881279411,0.6931460940772384,0.07811921013972215,0.6646483548427976,0.36659892367206576,3
0.6950934885890414,0.12812741822081997,0.32212378956135357,0.12169961265823992,0.26157667059881806,0.2712182173917717,0.5298935148057302,0.8845003190989728,0.18720151925059852,0.45850869379684095,2
0.010550754303401445,0.8918581171539206,0.7209735591145219,0.25889975898413026,0.9281359747747344,0.30335955042816154,0.6447226689294911,0.5588240049398545,0.7263646179696082,0.7063264609847593,1
0.5276253919420139,0.2728799697716759,0.23247818810685736,0.22704469143084205,0.27657167255582993,0.8446977467506711,1.0213767412129922,0.21989936627364556,0.4804802777700712,-0.02174627422741597,3
1.0463763581019672,0.5726838832752484,-0.04339087166534272,1.0241080545191554,0.6423513149022914,0.6189670734107581,0.39955928532186535,0.7953901019149985,0.18006207906953398,0.1435917900912852,2
0.7968320069421289,0.8961763209289932,1.3614445702614777,0.6112120457504122,0.7024352210125502,0.9618410660711009,-0.09047053142616412,0.9666629726376297,1.5047037539590509,1.469921554378577,3
0.00941298011816366,-0.11003927528015406,-0.23173420811757106,0.4256613006760334,0.6255291810917855,1.2133963083074746,0.6050568627462614,-0.20794336876793856,0.4923362882637114,0.4067101462234544,3
0.6411538701010236,0.5326519011785296,0.1621892151222556,0.7466531187605463,0.37324325339745784,-0.04848111344109124,0.2078145921742545,0.8608350532262108,0.4117664899824064,0.6651915488137201,3
0.29881886589009676,0.964371094387493,0.7307254012147364,0.395904646658267,0.8282673620734651,0.6836413758381922,0.6870722007416875,0.5299409215427677,0.2101558376171118,0.2959216886988873,3
-0.11711735355224734,0.8390811886969445,0.6774457297143646,0.23150390646734031,0.6421113877694924,0.9393518707758381,0.6749371035267189,-0.03549002196737361,0.07470198252213178,0.6624859965754385,3
0.10484919479271562,0.08316017025098196,0.3829940575930332,0.6933221743156274,0.10790782537058131,0.3509775141165354,0.5784998511115238,0.8776405181590675,0.44963181844038946,0.44511037491703204,0
0.450339949397474,0.5599136391307472,0.18655914504700147,0.5345800914927513,0.4445337375445694,0.6360698487693475,1.0227418136250026,0.9031723050706107,0.516807237393635,0.2538488922377233,3
0.7795056921478992,0.6513428332690482,0.7976245271838838,0.07151263141893043,0.02940862607003622,0.16482847113536514,0.31410821482820867,0.8210622585584391,1.02206717521565,0.8298201399789658,1
0.41625926087514703,0.23766097883853649,0.5008366137176512,0.24948688891871518,0.29345286660958936,0.609355648781579,0.47204936417599114,0.8292627182806721,0.4669745384667616,0.6056648323376397,2
0.8032368681632573,0.4882614597408437,0.7117559896803412,0.49531958552311883,0.6496593154313122,0.06226704398740323,0.646688239763839,0.4430344716923558,0.08434831272214054,0.0509363107299858,2
0.11589505788717919,0.7901656699091906,0.4213857538817381,0.24020345935547327,0.956384376812629,-0.08290008128375703,0.5320298727875008,0.8278627823820186,0.8645209488359843,0.1742582190966907,0
0.434382550715929,0.23979864828879932,-0.11063121227294631,0.08383942567333227,0.6825066561266979,0.10128750497611295,0.08978672287390435,1.0082196666145509,0.17136772450761983,0.32611028817488485,0
0.374745694825389,0.08520140204682052,0.5832197764933446,0.14107289244806134,0.15154234712659062,0.7045215538721774,0.31230901049811494,0.26763392098639766,0.8865854084204995,0.22463561807680715,3
0.7591853756267489,0.671852054728096,0.6195493061210293,0.9094987644651465,1.1151065871938914,0.2944091925375071,0.28880017686633197,1.075355698269123,0.6476261470088278,1.2699040003443263,3
0.9537917666898664,0.04262140052198529,-0.028439057544267655,0.6942905287702142,0.9707991424426169,0.04407367876169188,0.5675658602743433,0.7177786912099181,0.7715052500631521,0.8117839625456513,1
0.5542360440603706,0.4148179277811475,0.15742032119478033,0.7612702788249159,0.44946940271050073,1.1167450582653806,0.18402422992539108,0.446611092503563,0.25110124766934916,0.2437640810024405,0
0.9200891803855258,0.7293328667829337,0.5255700364893869,0.4442715864699047,0.2415347945115202,0.2835112580633661,0.2296733683560908,0.16205130456707123,0.39648533682374487,0.8959316989449547,1
0.1864336707015733,0.2498875748148861,0.537365011902512,0.3259944822957903,0.1582922331254292,0.5082668255274445,0.8239521147320896,0.5339609774881517,0.21191094542852365,0.5274755420331092,3
0.14105326874676943,0.05255797723116414,0.3023965939298365,0.7684116420159864,0.10084763826695697,0.4274708608082253,0.5332107561928632,0.9171773342933024,0.3835086601110987,0.46801496267937254,0
0.589664946301487,-0.017374521687929273,0.3146122840006098,0.1248072359027041,0.5409847484738046,0.3880797980724543,0.48891741079880247,0.6203306374793826,0.13083766536303892,0.7721777492867855,2
0.5509575751733728,0.4084111740923023,1.000875773191981,-0.15531542333647666,0.20063419176071928,0.19757836009185886,0.3993371206457436,0.641093799220722,0.9719865684734936,0.733923550525559,1
0.45819270897684156,0.4383980409637002,0.10723659814222475,0.5680858634127923,0.31055342615328535,0.10412916580976571,0.06674003861962972,0.8056373632926966,0.11171876390479829,0.6399638971547162,2
0.7941956389236257,0.47767630218773416,0.7281000655990274,0.5134535029619712,0.6245079302371053,0.07551415234325173,0.6723737744643349,0.4376679697540381,0.0782941206559818,0.05946578995922865,2
0.2213200927979412,0.5439067250761334,0.4695397032188793,0.2606434556859756,1.013547544391172,0.577623784410037,1.286793337854053,1.050552391871772,0.6164933164719899,1.4443672818633888,1
0.8874962594478699,0.40036815387943203,0.4012595057536009,0.6675251813104098,0.06493106569440138,0.36450626024271376,0.22982872692473208,0.518544323824556,0.3602714002500854,0.4806903926598549,3
0.6220268128450449,0.8997570078463063,0.23861685294200577,0.6522554174402431,0.9984438567976965,0.5505263848660749,0.8307673807266768,0.1738774271278941,0.7696525204209539,0.9408563435683643,1
0.3312349167219711,0.928400068633723,0.9011625405362865,0.6187166360192257,0.7793091910750293,0.23570365078778818,0.8599482260396764,0.9122546683761318,0.5533066764174019,0.08631161288451736,2
0.23305289733220588,0.9253840522529012,0.6261740715012769,0.46882890188574966,0.6622574204281293,0.5000487549891466,0.6765657052298764,0.46602220471806427,0.23741165577090112,0.3231228001601416,3
0.03426562136849241,0.886472429871149,0.6971462875129346,0.7813155250469049,0.44220399507695607,0.6934763432414351,0.30603829069351307,0.6038102734399103,0.5937152920825337,0.07675979302615238,1
0.503055427303347,0.5046350043658403,0.20167926428305233,0.2968033922047262,0.3966414758474017,0.5949121926044689,0.5352810967592057,0.2537929251101572,0.7833800252839515,0.9015409717479084,1
0.28532323912530455,0.31289439761539045,0.24271575597212453,0.2395474481235852,0.5278541429345496,0.974923510914186,0.9723519448636619,0.4903857663055061,0.6267393339542883,-0.12893803371575224,3
0.3138134956494245,0.42580249725043967,0.4576575634556982,0.26926371734004156,0.5854242367121133,0.7031413153909798,0.8130406506718442,0.23810973141576466,0.4103004843698073,0.48949717818696165,2
0.9824619718293927,0.9878451005595981,0.6494174416651965,-0.45785074058533626,-0.013018928289054349,0.24997699651619676,0.5138851552443596,0.3367192975534421,1.3729572182835006,0.8815043330545509,1
-0.23676823097911098,1.0545383099714936,0.8440062902477327,0.11513583771061323,0.7520039494434699,0.6446037190882283,0.40228196071398215,0.34629643638752583,0.7415108918663983,0.7830917945212796,1
-0.07855570463696383,0.7086466168985159,1.0944606954713683,0.982771259718538,-0.06449537211584255,0.37549264379142966,1.3196338650320456,0.6094794007132807,0.6019330598881752,-0.25577410065457584,0
0.4528969156642309,0.222892601374677,0.24311068763192606,0.10649060253886443,0.345176798695091,0.7600311948535022,1.029511881372314,0.1737829155663493,0.418128960837839,0.11360862424538895,3
0.48989401885068157,0.8615610667079052,0.7400702946276357,0.8636550246648351,0.7673760573544842,0.48206021999044235,0.12162158921530866,0.987034512841989,0.9377031892378267,0.8474984136466018,3
0.2510969532141231,-0.014654451510930755,0.34296721046575823,0.7168928767911475,1.1704939459230448,0.6444610276546779,0.24293972245427115,0.4625876694541573,0.36213184074903026,0.3482836764908279,3
-0.018564756989235986,0.6684470815090181,0.8093407980886229,-0.027767058711170634,0.4076179667134977,-0.1729266458091285,0.822730019086361,0.23515856230940813,1.1452160797176743,0.10807040040714141,3
0.9677612504863082,0.03408850552259921,0.06544647289716374,0.6869185169346069,0.9290783967664795,0.18597376465294405,0.6262776842829135,0.6587477402567699,0.7043883996556759,0.7230381323692228,1
0.4526980984197376,0.16474931684926095,0.28247328389060694,0.06733111162099953,0.3075206273988357,0.9504010970019531,1.0136841443772027,0.16862979319825366,0.4759570008936841,0.050683533701550584,3
0.14647153239955954,1.0118517582302011,1.1064560382167168,1.0085749298045543,-0.08873567288416268,0.2565869643970228,0.8177287685553595,0.5029546071004495,0.8258417262774652,-0.1518585941267043,0
0.934582227737909,0.7868878287995322,1.331372365427321,-0.19263492371573815,-0.019950597736071968,-0.08640461989140358,0.6590746333910457,0.7983270209879794,0.572097834542135,0.581741823301575,1
0.36095257965146954,1.6576882721413466,2.418572610577983,0.8515353290274904,1.3277893246176014,0.42874929517307536,0.9291919716193974,-0.8928556912591817,0.4084052367032379,0.2776120316418009,3
0.12212420724292795,0.16675404576515493,0.257486708689327,0.014016569400207152,0.059030864527637006,0.8524782596652769,0.23649720730205143,0.23676912954593138,0.5519761085617277,0.7968074098402,1
0.018183565817596628,0.6651101105950095,0.4274820966862763,1.015661702953677,0.7750889915781777,0.07224034709306208,0.9365550302582865,0.9467944678698186,0.7188456848606967,0.9817342503131128,1
0.10579471830787876,0.6758948436796463,0.937737665989033,0.6079096695731343,0.7114265192459772,0.6442350493900277,0.4270090200223759,0.4357715660601831,0.3486254987349655,0.4966338228986099,1
1.206194705223578,0.3327477139760219,0.28151338880303906,1.1162889754216696,0.06014681612454925,0.30709392613925623,0.24394512796974355,0.6289315501111579,0.8105126161517003,0.009190389423113163,3
0.8335478326059066,0.6380765170822644,0.18682184823546202,0.14236833016277423,0.03781574373455007,0.5401780498929835,0.3470227263076032,0.7008913201928477,0.3945549771941448,0.34537887435380077,0
0.59772832359439,0.3733285403312693,-0.062488470919473266,0.31712260287342564,0.4948797732854481,0.0950561913669292,0.019473716891329637,0.64236293268664,-0.015037868849947109,0.3991839215655676,2
0.8186960362771439,0.4944501568953313,0.7068361520141467,0.4899442568575598,0.6347725706159364,0.04410010736372294,0.6739509640242336,0.4105913004972739,0.05830930950714265,0.034632290670375016,2
0.2999107354300846,0.6508494283638033,0.34623721267068674,0.47110930342616475,0.4944080611463981,0.526731721672056,0.9255020263927094,0.9092573992352573,0.29426786981724706,0.12018660255762248,3
-0.14633358904568072,0.2930573029903003,1.1104669885371117,0.31148212241199136,0.6377686342478949,0.02405915342947063,0.9790899521877071,0.5485919578775663,1.2155617532366145,0.8269013402882577,3
0.032106697429385364,0.9737686056471034,0.6956889625134676,0.283285652335442,0.9015655352263074,0.43324922647348374,0.5585020921181378,0.5832421730578957,0.6334531685568902,0.6889093402748552,1
0.4360068471342558,0.5583330321957969,0.17056313582023033,0.6231917696773541,0.47744191906282424,0.7040865770391017,1.0028258783316264,0.8934987910347606,0.3890505151194624,0.1666994925097004,3
0.2504621447259548,0.36989675533630484,0.284220819093768,0.0013972201387030519,0.7490728958505962,0.8599402626382437,0.681799385723403,0.05779800391550845,0.6728475317225769,0.3645301046782953,3
0.9224223487214236,0.6912050571541796,0.6330940502019263,0.20718875803470968,0.4629852839522821,0.4312422229852691,0.5764183038664752,0.9388917011642915,0.5795919238271288,0.7662943227510148,3
0.7498637674423488,1.4076853753458758,0.2944144278071366,1.5455908008704262,1.6472195738194466,0.0836761314599015,1.5334046421698284,0.6792907386289502,1.2580348686519207,0.9372307043474748,1
0.15965505880605882,0.5797629737393037,0.9163253171825407,0.6939886466134519,0.6853082766065025,0.7496228660107561,0.3953486445149186,0.37693117485973093,0.2816329094946088,0.39797034493771194,1
0.33228806485335655,0.43198851704646674,0.49418898981815484,0.27386567185359034,0.609450345411736,0.7029326058405851,0.7996094871364554,0.28844697673498454,0.4430669753018335,0.4359981893284889,2
0.61080349400609,0.7537651427821871,0.8053204901470763,0.2565850754873122,0.8940755234488955,0.9343176599877814,0.002916794178762866,0.4497975569931699,0.6024720312828858,0.5603060610216886,2
0.5264963460597969,0.839760839447127,0.7099002663678116,0.8785609518584555,0.8934075477343482,0.45234271219827876,0.14663776794170993,0.9879641905163271,1.0379671024193373,0.8153599749359683,3
1.019547185632758,0.8257221075053842,0.64391999745773,0.33510209767092297,0.47618771505522883,0.4517865299105367,0.5102341400104776,1.0651865266809237,0.6101870368801579,0.8434622039249112,3
0.1366235956061483,0.8165626926579935,0.5391870734041904,0.395971555849201,1.060277997011877,0.4413121533939751,0.6231942452108576,0.6101767620659414,0.6818406239309238,0.875154885581355,1
0.5877884624805547,0.9714684121680676,0.2974454940134984,0.5792041488444225,0.9602465388736183,0.5152441011674308,0.9795357226985462,0.1261194593011626,0.8722129854093946,0.8013893651165727,1
0.2536717550724453,0.860894295852595,0.37522994335296506,0.7954380672000353,0.18705191492851891,0.3948955961918239,0.5691908468035143,0.14920725140905403,-0.015799327001859292,0.22501123247482063,1
0.711888958162716,0.8284669806951623,0.6129942526851754,0.2555155450277975,0.9138250567137364,1.0152967940951725,0.08306934633247354,0.48692728788875533,0.7229499528201537,0.47041265720623593,2
0.871479357623445,0.4630158525410773,0.0077520525593901355,1.050830625203824,-0.01729131950275499,0.23366624146724296,0.0998529318115118,0.8939178567509932,0.6809536578867006,-0.059810849362452845,3
0.32828518322202,0.41155683548771593,0.4601851606020546,0.25661606552479677,0.5693005544138064,0.7091274321967345,0.8112226345203245,0.2341349343903363,0.42215169571994415,0.4799069282301765,2
0.20989195592921672,0.49200000351007944,0.48352905404046553,0.31453625855931727,-0.2805072128170443,0.8798026307573245,-0.3533414422497331,0.9809454396849648,0.5977521529074299,0.48216988195067134,3
0.43457215363186197,0.3943413758369273,0.07843469894098452,0.5349634336168976,0.35592728272011176,0.10055402030789978,0.08307358387088068,0.7909571024729115,0.09146173702936145,0.6061109041074895,2
-0.039174485286557176,0.9138673017289628,0.6801254963004237,0.3540038938288942,0.8850216318602896,0.3977797149984392,0.6951824183885379,0.6651100953417854,0.6918164370828698,0.6243698656559837,1
0.2549149085849634,0.25099439499650805,0.4104568599005858,0.16419212777397368,0.4803025424649866,1.0549634563466341,0.3605752897291143,0.0060519291870421155,0.622627678517545,0.30697343800779253,3
0.04892548327895013,0.6531960209412733,0.9690961490732081,0.5740147593860074,0.6924742742542112,0.6492600044215177,0.45391304819311407,0.4925015093396103,0.32366004261562603,0.5683045155263096,1
0.16211222078732623,0.3719079211948005,0.09829670979473981,0.14832232851761,0.4627961143895301,-0.03474903267722801,0.10126371496641681,0.3464868581821613,0.8947660491709574,0.2122374454676113,2
0.49943991920938446,-0.024410882534584316,0.7921327606993436,0.4345328175924048,0.24533172369528047,0.624927002021753,0.04793717159511107,0.4992287686968291,0.3136598310669904,0.6143358868748053,2
0.4096210306714879,0.8600174862203025,0.4289691590314383,0.8092524666831391,0.04072536550368289,0.2542146679157121,0.6371551487239334,0.27517795092779646,0.18681916646798058,0.2267456992750673,1
0.5904514792539322,0.12798338916330373,0.25531181599045527,0.4018016737687408,0.5840082632679535,0.2461497312950144,0.19297158569680878,0.671790868023199,0.34181768875762125,0.4576477176052871,2
0.9212294651718858,0.6402764661528451,0.28011573940058687,0.8187624396256672,0.6171070167952976,0.7721683139987856,0.5666110186735535,0.8678907637277884,0.04559333350394658,0.05699728982026732,2
0.20872340500380143,0.3044771726544751,0.48080924508935163,0.29380990439007065,0.5086008663861351,0.7207308543192541,0.8287317510165638,0.1910537978626342,0.38282420123430827,0.4777793711357404,2
0.5768592950623916,0.9110100871531017,-0.23691052127623835,0.5107624607114851,0.909447567762304,0.5946553903557878,0.3331592158760894,-0.2289716411046071,0.006823612871002638,1.120749958243647,0
0.01728385137510076,0.48624933137913395,0.08473660147315516,0.18611371371461433,0.3214040063705982,0.2037667154567845,0.006933786254527979,0.4428730097166677,0.8547446730345529,0.17162107875857358,2
0.4057092562963213,0.5840439005185164,0.7621479332134113,0.24830864979112685,0.6665130638649236,1.0450678563699278,0.8663423395353997,-0.14225266534458406,0.6587262514337393,0.8305626472966862,3
0.8213229082579057,0.26730860367552983,0.2821137920004687,0.6933629832068393,0.4903652196652442,0.2977274878239199,0.8944446593707878,0.5662003797943129,0.8559080653485606,0.09094702648644193,2
0.9421601454450481,0.4757676890152124,0.02081861218657742,0.990943566850263,0.040940056235304736,0.13459776540575102,0.017355768150456745,0.8851229775104464,0.7870011864706902,0.043885860058362036,3
0.0372807281470767,0.9287866809280361,0.6989049958870434,0.28637839825198447,0.9851338739407812,0.39616937300206423,0.6015784100538331,0.6193277558404712,0.7030574246873894,0.7180373000544553,1
0.40056407158134316,0.4732576754763318,0.2689044789447397,0.5732576475905254,0.39734227053050997,0.9792251991693697,0.022107603175553978,0.4933022394732009,0.4581697718964882,0.06055989433046688,0
0.5122617389001692,0.8886484247758314,0.8092532224535393,0.7939094206994407,0.7214563924571012,0.36109452163611105,0.27884276970096145,0.9663177625427599,1.0464218269951804,0.8839054624249176,3
-0.035212630319334776,0.22732570707575322,0.12707426915921596,0.1845007412794583,0.3450845753773558,0.9038302056693873,0.35027552091461245,0.29642408841524304,0.6018847130181868,0.43918266907345965,1
0.3253203847270856,0.43200504544160445,0.4721817670475899,0.27361558127454827,0.5839179693266061,0.7032623142836291,0.7960535383162473,0.2514344019345844,0.4208927011864064,0.48902335470248526,2
0.5724313543433,-0.12639411918718768,0.4184008142990616,0.17201278789005237,0.017516215037747404,0.44312515061004515,0.05009666217634881,0.31871931112472296,0.43296910775373426,0.8342416499245134,3
0.24472159930616083,0.9797533199743295,0.6875079992557211,0.467320274781673,0.7781953168230427,0.5962260625916592,0.6084881579146744,0.47763049591977635,0.1889025863755512,0.348460863974645,3
0.3798839811856595,0.08136471220382224,0.6163585916220784,0.19520364726320164,0.22423802541052243,0.5779728661152299,0.3986890350315444,0.16969805228182844,0.9446612101290539,0.17693705554171274,3
0.28301205361784004,0.22117497553239823,0.8370512766735926,0.5751937644253841,1.0498516526003012,-0.04604436043234987,1.0014259277160122,0.537687126015408,0.3991342607087955,1.1047840376424387,1
0.804430978115011,0.7746988681189826,1.2683373765412407,1.087326060690333,-0.02291047356626391,0.5283194915918388,1.0318858979447751,0.6323564535596963,-0.0943578969718118,0.9311066320999754,1
0.7732674250226039,0.7830202201281046,1.470527565424123,0.11938574455057835,1.1409750427685634,-0.07033950159010183,1.1330692393982917,0.2712755380449956,0.08429768376967765,0.8754755375631876,3
-0.209295845102706,-0.021831574653962793,-0.010045648762306014,0.5688389835743385,0.36186802808933255,0.984741906118081,0.992712845158799,0.11808360978963711,0.33162203583940975,0.20209142691248966,3
0.5539427797241798,0.34797557685169195,0.9191940187981509,0.4390019387599191,-0.016129137644359748,0.7441812838078862,0.7081829367396575,0.747574079289983,0.3418991806410032,0.7424994992226416,3
0.42434353355491855,0.43110334008611706,0.10336280531725829,0.5453441667630237,0.3203209503250999,0.08100238717431545,0.08573521885956947,0.7856724785716569,0.07405254119153394,0.626241386354842,2
0.13004782878814145,0.689140354807592,0.8796375302304097,0.6145779066082003,0.7845130488592179,0.6216000803690409,0.44292509167147587,0.4345865726231659,0.2730475739474025,0.44593218641571186,1
0.8435720727806215,0.683622295284649,0.185989711930606,0.9888446513726389,0.6489646891259749,0.6426186517990408,0.4320623176679024,0.8785125590248066,0.12165140947557196,0.13866856287294455,2
-0.06385714523156835,0.930005685958951,0.657657682530707,0.8497394173717561,0.8988523215466759,0.5863999228526173,0.6141067733663526,0.7496446526827585,0.5948570616921156,0.608261905581772,1
0.5366375149796815,0.7273671869087036,0.17180271277415587,0.3462218717392638,0.027306791206937946,0.9204282683256226,0.501538373929824,0.44239317893757496,0.16188713783666833,0.9396175614320508,1
0.7873516209457072,0.6237073786391532,1.0826489023660864,0.591707892812006,1.174828758883936,0.32703228540198154,0.41684664568089425,0.8012650544596532,0.7597006692084043,0.7209627925807521,3
-0.49761646270336923,1.2667753412987124,1.0730414341209138,0.4787682509775007,-0.36016164118874217,-0.004872787243601406,1.3793894734548227,0.9469701939729773,0.6216969210428587,-0.2902030716157498,0
0.26454402070045147,0.870330182522634,0.4677513051514748,0.6823554355038003,0.041456086154347885,0.3309312209568164,0.5058489296719613,0.1660910667191627,0.12678780717429988,0.32328457772674934,1
0.936161638186399,0.7874297312246055,0.5062845201629151,0.5383292873867853,0.20672492239776624,0.24191966427326192,0.24471390380308664,0.1615212564715644,0.3285577363439792,0.8430822699509672,1
0.9802045625999535,0.509971381321017,0.03688416686726323,0.9663995862875132,0.01427211045120115,0.08207838364770131,-0.015415538394950336,0.8760742184774449,0.7798125554080909,0.09288106826978627,3
0.4864243819308324,1.0802101225159029,0.8109913252454586,0.8080981661225454,0.5832582644639358,0.4646206212746605,0.741283959452863,0.1982686981886828,0.5252375159928498,0.7626464374262997,1
0.19383679933975986,0.4044807607347232,0.3347022472536991,0.0648790554510406,0.7454446904557719,0.9361155011281033,0.6682191593317256,0.0979653454068341,0.7453201333238269,0.4112424254441895,3
0.2511128402469742,0.6710108643962577,0.7977377930542158,0.245848932388018,0.7202767881816279,-0.12547922194505867,0.7668506418652759,0.5985555058951249,0.8176125275933055,0.26274928739124465,3
0.48667378188846144,0.19886380944544252,0.31059499560636566,0.17900874073145723,0.31719829101112407,0.8766621451697504,0.9179656127267549,0.21059709003480587,0.42762876551467455,-0.004894668214989878,3
0.4367014382416406,0.14630102568201364,0.2896439736800424,0.01972984883737708,0.5789592995296925,0.6516338136000455,1.1496163451945054,0.3658425502032767,0.5127387324713404,-0.145063627420023,3
0.8576105448439743,0.6858526916866978,0.6605534322765666,0.44660263017117174,0.30807307319956684,0.21618799880386488,0.1729793532868148,0.22244259151096316,0.4785613383925094,0.9905401949466535,1
0.38441315102975065,0.5688571346375952,0.0852830347802464,0.4414374289442101,0.5231552440176607,1.4025707481500187,0.6305075422204923,-0.30626426008249513,0.5797074678400314,0.49755219848700954,3
0.2333498632427809,0.47609575761981077,0.9857783164385194,0.2011055208386573,0.19459037189837688,0.05003694214116367,0.9543633151720958,0.2342059458063557,0.9743774930052536,0.23704638890242258,3
0.3298635638685323,0.8108901342368262,0.41663050259024687,0.7671972567433982,0.059614967933697534,0.30297311820915923,0.562051210978828,0.27294020258409335,0.24329558414310876,0.1992189771742932,1
0.22375504301654306,0.34737891262279863,0.17917488170821694,0.5878323628586772,0.2797248086749949,0.13349582161758378,-0.16263049163340612,0.5847972360477768,-0.033897203734561676,0.6318573980835199,2
-0.18962571156214714,0.8956542143184998,1.030100278149304,0.9663875532903592,0.9656111605915491,0.592545035898668,0.2820209386094354,0.8039666670025405,0.5803134729398896,0.3946781396616256,1
0.2180920514737634,0.5991149433457171,0.4114827799956674,0.03391684132301345,0.8066681420791759,0.9084251172983605,0.7320761612977822,0.0859345291525476,0.3864868738974385,0.5467404477731664,3
1.0277195543961812,0.3505022978526774,-0.1182895365484597,0.9380800540574832,-0.033320224596110296,0.05962705172745117,0.03906173780628554,1.0068833306495315,0.744867051478589,0.009341801149589136,3
0.6529329943903801,0.6794560448795979,0.8642147554201332,-0.04906723716037725,0.053108312421956544,0.09064867188706721,0.3947185184817472,1.0507174227806406,0.9424952728730345,0.7508115564846628,1
-0.15855865324530832,0.5676058553274024,0.11739261504391793,-0.008428805781225943,0.8588365581212001,0.07654729130036438,0.3732441076959654,0.5396600958022613,1.0277498199457331,0.416349971235419,2
0.05033472485927275,1.0926567724659022,0.6487344730793649,0.3935223026111638,1.0644756550213579,0.45927548921411837,0.5132816979609259,0.5538329244024267,0.5951120225203251,0.622809942070222,1
0.14208171264475114,0.6935013798919938,0.9786657463921791,0.56355999694284,0.7115450436437563,0.5871055262094449,0.40753032488046703,0.4306053130715849,0.3678723553016631,0.5260831629711946,1
0.7678962717112522,0.47221904531776837,0.7422314425272317,0.5417834785444373,0.6276917525820822,0.09043663567002097,0.685913605141414,0.452520817513131,0.09947055659947052,0.07371474013392926,2
0.7644276863688609,0.3250764134779199,0.371933640081813,0.36634953138741944,-0.13011654952372342,0.3221740189751605,0.35393234189684974,0.4452337702625209,0.5016410129403507,0.44734115276851977,3
0.3431398541235025,0.9238524851423889,0.8415748591382954,0.5848619191811395,0.8494303026043603,0.8158492930868922,0.755130084193114,0.41908403924032706,0.12771170997377557,0.1797048192384121,3
0.6297953996213888,0.9685062233110322,0.3631504064016721,0.18528863108710486,0.44206520734465526,0.6232121036305474,0.5358029387241485,0.8386435618422629,0.378380588193746,0.6399899566640863,3
0.34384839909116016,0.2710840798016891,0.20455226644957036,0.03750298387016153,0.6372476247999994,0.7725363809996203,0.5091830881772064,0.010243773336836043,0.5259329226939361,0.5492319132404644,3
0.3121753392312106,0.8222528072601167,0.5949795335343917,-0.24427177488002194,0.6774992649725492,0.8057083598902254,1.0887545879679268,0.5729118087297953,0.5143745760432,0.6984162540386795,3
0.6295961435964601,0.7297259477636947,0.21947891665797123,0.6752191724046527,0.2561969066036857,0.9083878490317397,0.11154605489464263,0.39288462319593914,0.03908051746232019,0.2439191365107799,0
0.49871429751320917,0.5342272406386417,-0.19427814961176565,1.0897336891741896,0.05852421736025079,1.144450015296067,-0.06503697709031409,0.6207685641230312,-0.051715647791317085,0.15738422983356146,0
0.43063890482926026,0.41295414124109325,0.11117640749971555,0.535466516893217,0.34103690579029367,0.09972894819035416,0.06119781362903478,0.7770251187528888,0.09035740326714611,0.6088936236270939,2
0.09105683181925436,0.6714943060736811,0.9335070142213329,0.6128401111568016,0.7215689889593425,0.639093578735878,0.4144668084652229,0.441752542610356,0.34023469933100303,0.49577563565931587,1
0.2769153649758015,0.7202856353294147,1.2335621996233814,0.2935432844350062,0.6882476570567088,0.6201390863662868,0.49656032876521927,0.4337390272074288,0.5480546708901626,0.3137623172112569,1
0.38344588478880576,0.34766827758413216,0.8521637771126404,0.4149605400118363,0.6451171712826076,0.13402493168676127,0.9205037218214804,0.6875171724097733,0.6016548162824669,0.1527572572355366,3
0.053484291643333806,0.9149415179318621,0.8427312862512666,0.7947829254344178,0.18990246196798566,0.2663733848745882,0.9951482476291336,0.5292225225247167,0.6904643158136832,0.04733584765314038,0
0.1625652472809268,0.27444784850663073,0.0768211929067354,-0.03382692885867032,0.4321436262686987,0.12633625662857664,0.15051570460759808,0.33034532129830574,0.9952869642319442,0.23755006212912472,2
1.065755636987455,0.6574323912543517,0.543215549387079,0.2963535084777924,0.2749888715172392,0.284453864115649,0.1901459507283685,0.2476429488481479,0.47757425067510595,1.0157812891469113,1
0.1193844079024699,0.11067402238895754,0.3652820146271041,0.7081538253296712,0.0733291058045048,0.3723527794137375,0.5483552083156009,0.8498060778488008,0.43581776104616454,0.43284695263554446,0
0.9458875893469771,0.1846583678444026,0.09301231443915592,0.31398196209424784,1.2884071214432098,0.5419892465677965,0.7639108709889065,0.4191524584936142,0.3324772489159294,0.8722515604819969,3
0.2138047005185972,0.7211552251142873,1.1158251196508107,0.4288619696443933,0.6488898191096362,0.6075259288430759,0.3270058473070818,0.2567364534091655,0.28232680086582146,0.5578564402469647,1
0.8437491192566509,0.8092348267144548,0.5834114877115618,0.41314952028104596,0.9669525635674897,1.0444015942894886,0.15717512561902985,0.4057922313179047,0.5652401221223489,0.5073185697463574,2
0.31719720183685834,0.43587243088439603,0.4589255985162348,0.28096520491156496,0.5676755674036447,0.6924076454233387,0.8301859703834046,0.25277230450126,0.4162618645924889,0.48989328200395965,2
1.0074694198566692,-0.1380102246859166,0.15764076738162372,0.5558791329232557,1.158040652558019,0.21474452137833921,0.6569974984516236,0.482359262255436,0.45347440865100647,0.5938163341845207,1
0.055372277414760966,0.7754613042017079,0.8455973844973522,0.21987231341552377,0.9883431138821783,0.5300270444921577,0.687055629635675,0.4603084917872133,0.7171944833509749,0.5085842546684837,2
0.6224501232564738,0.24592855210956127,0.607646731561294,0.04376715955222358,0.927117863706857,0.7494417419165246,0.6104360574277315,0.8728386263800182,0.033997788723182196,0.559117585829848,3
-0.37673194837696283,0.537962212851018,0.623414206231786,1.2113492839602134,0.25194478919187807,0.4349257166156473,0.8854160661214732,0.8524564411376485,0.6047971789336387,0.4275516382724647,0
0.12185458493886628,-0.046170864649258125,0.33137998054651996,0.70277806864867,0.8510465955052438,0.4624940471868666,0.40566169128222096,-0.04481268493923796,0.43864849480987966,0.24145497642736571,3
0.5493138581578292,0.7325634707112617,0.2260271876097109,0.6605640606176841,0.16528031908559052,0.9245112887703866,0.04530664886056743,0.23344850928496955,0.1426874273157024,0.3828534635883929,0
0.9435735128048593,0.430948487178237,0.07270029993948941,1.0351695078219612,0.009703352184114278,0.1472871278121828,0.06280011226185504,0.8758047428079875,0.8059129104402624,-0.008190849011564347,3
0.0039114442646837055,0.6524763659664214,-0.10444905092319787,0.7250394686219811,0.42331278504028336,0.7785037486489615,0.6870562376344839,0.8459755101362215,0.49049042606691823,0.16545578652659712,0
0.4390108087783555,0.17928105420032686,0.3443680955248101,0.09769495740577047,0.36848024082021136,0.8437171429208533,0.9876717196956567,0.19443429357829228,0.4215512357771772,-0.02241170138369382,3
0.3973033285117509,0.6481047743545079,0.8627365148629278,0.20772848792602655,-0.2868505336131968,0.9244414505005041,0.766105215169646,1.4291683030546571,0.9139652018499416,0.43900478386843855,2
0.7524819010301019,0.6021991160949994,0.5058746794129768,0.4123421193527923,-0.2987587219231342,0.25898451006141543,-0.11476428685946721,0.7807895811677119,0.2627857640647286,0.2572966766073219,3
0.3156633659043626,0.9203672793743445,0.6974028325482725,0.8155058629487104,0.4075762036075145,0.26441357288214107,0.8687367200725983,0.09486846532459428,0.3711034005269972,0.7362849880220902,1
0.3548435388282866,0.5318908818869437,0.34055913314938285,0.5254440654831137,0.4290215936285894,0.9483925635487581,0.06345150736589125,0.4504810261748166,0.3683832753719324,0.11429304276053673,0
0.3373542139747607,0.8769285947937577,0.6934498978529874,0.7806998771361715,0.424598510997535,0.2868821598098276,0.8701675918388974,0.11959965325908775,0.418645020620134,0.7477890502692329,1
0.3279905076811087,0.7058475215771071,0.34168067517028194,1.5567420743031344,0.7646212432698851,0.7601174073160692,1.157151388378473,0.3355961362794867,0.8077298023525606,0.015331818018841536,1
0.058503521073173845,0.7737342417984256,0.8512691907269906,0.21783898086169728,0.9829382209481203,0.5261247976642264,0.6819506307827193,0.4600378208830276,0.7109460904239426,0.5119160076753203,2
0.6610283171234211,0.584964994057739,0.7291028073883977,0.6771322869817338,0.44743849857414353,0.9307418732713225,0.6799867009849463,0.3506125545858156,0.039909795047706725,0.40267540172681476,2
-0.013828162783823053,0.5871733720436308,0.9260949097996636,0.742415039150417,0.8237849261038651,0.6089409258468755,0.37892547949820155,0.42756755421923887,0.4623739884299073,0.4418169207875177,1
0.1834725940585786,0.7533687833649254,0.9804444548507184,0.4653304134843043,0.7601127720865362,0.43710946319905397,0.9581301848602936,1.1529198031920926,0.5284054545188042,0.21467522674667922,2
0.7947741082287355,0.8092639539403245,0.6814748692530741,0.31343600490386925,0.9221712997372838,0.9850176408155575,0.1767444931216019,0.44486113329499183,0.7367546479271693,0.44241411911436535,2
-0.07524286787967105,0.17917178303053488,0.3645086081680431,0.588301070478796,0.7940115782561106,0.15744085536311897,0.7218517725382088,0.5288596659234865,0.14505788587182966,0.015196181519981256,1
-0.016442187487386628,0.8342060039475977,0.6454490383033423,0.1597991050334392,1.0282572786494923,0.15349532181748934,0.6468626722745867,0.6912027876411423,0.5346620476734045,0.9031413570204185,1
0.04682896601684849,0.339503684942802,0.9822660729519537,0.9336717450814644,0.8106405678805451,0.7989327904515021,0.7330308277792815,0.2742939601537563,0.2071556913940333,0.5963018861863868,1
0.9978425026565496,0.6186810793703764,0.200196254709058,0.9263432671045675,0.5981693737923053,0.662586498908287,0.49759442016156535,0.9591670817805181,0.0207299062812797,0.04042445663279049,2
0.24831594117572844,0.9230918261867729,0.6509839283137373,0.4579463309906627,0.7490325414568092,0.6307550589182362,0.6407347896564701,0.4940593495229986,0.15022532774884104,0.3168893027551438,3
0.230620885523566,0.3566104382281644,0.2540711100486905,0.05013588787010673,0.5904489268241506,1.24904035620857,0.49525446214055424,0.44468261024458455,0.4786675553892724,0.2927625899004062,3
0.6830785329295965,0.8135468608352714,0.874609026575123,0.7969194394703178,0.9049312740147488,0.4300993571791177,0.23545125272118012,1.0027427677005023,1.0719852715926004,0.7537912015431131,3
0.47692975340398563,0.1705763082012422,0.6352141373558633,0.2908539684549021,0.32944629704941253,0.4538061799704334,0.4618542196616393,0.7989375560135067,0.27939176985911723,0.6133127543994702,2
0.06319198706587419,0.9642083761345355,0.6829178236132589,0.30634572392687454,0.9338409972416017,0.391670661667804,0.5917364501048379,0.5835243686477624,0.6781457299660084,0.7146418456004135,1
0.49210810699513746,0.4482267654190813,0.14557857644854386,0.5287882969385416,0.2688867872980256,0.10273898916469348,0.11924020472646227,0.7548309814128946,0.08605562351902099,0.6758001852423478,2
-0.03410860533170208,0.9765120300784942,0.5977297936710703,0.29744280455756733,0.9442756020812411,0.36718047230347756,0.5239200969961739,0.6647424931784364,0.6208376338001191,0.7430983391179169,1
0.5435786963793113,0.08976915826264611,0.48135317141743506,0.37607605202802785,0.44226507280029476,0.5426680218179639,0.4464377648552284,0.8324643385467647,0.35497092457453727,0.6035732927276501,2
0.05504034955620127,0.7753874424700679,0.843752214672092,0.22503245317872866,0.9815172784044751,0.5288525581302768,0.6820510836644624,0.4603121287185221,0.714295161005916,0.5034311874933229,2
1.1783273515507695,0.21137684617702324,0.17880609626270083,0.24720282278404232,0.26625735337653533,1.1668907521937306,-0.7251429371980352,0.05782536432060581,1.2805207470712525,1.1977810614909408,3
1.122635035695299,1.0391448444323124,0.18203252994444774,1.430793017490669,0.5033193181142899,0.42111996432856647,0.0885115113259407,1.2589220442011877,-0.23435236990049288,0.1163576460524822,2
0.11099506694490666,0.9408527506156212,0.7091044778989113,0.3677271760018844,0.9476223912772168,0.4295970970967989,0.6388134087517838,0.5243996697948888,0.7210990365490083,0.7858414240841985,1
0.061843493325206,0.7745784219525587,0.8450752332362893,0.2137256137870152,0.9847259678718703,0.5299540666128135,0.6906451243197794,0.4615499078392887,0.7186060863422759,0.5097032310618116,2
0.10828407079672643,0.25055365635840865,0.3928929950814871,0.8466021703791571,1.166386892366485,0.21859874187120465,0.32768126990894236,0.22023938689011788,0.2872489876027949,0.0094106218468257,3
0.10724452883806088,0.15657651902217004,0.3632766994397035,0.7539708310641464,0.09057704175408939,0.40090083011356087,0.5928379336315172,0.8231459022448546,0.4077054908566985,0.44770748011843003,0
-0.3175257145282814,0.5377632435172736,0.16626672067238274,0.16052028833507423,1.345591193470839,0.9011697254630144,0.4758622363368626,-0.028102569590959053,-0.03180080350832465,1.1670702254313776,0
1.0116535581590784,0.751808820658155,0.2751635199606911,0.2452328630272343,-0.0028943887949430674,0.27422692402851073,-0.05005605606690283,0.32085058744215694,0.3662170896322936,0.4107162321329938,3
0.34194310334809797,0.9551850833705557,0.7068085210762991,0.3564703848312485,0.6600348152594682,0.7214643724557386,0.46967377640832975,0.4643620541215372,0.283168400468187,0.28526463359635607,3
0.9758494869009172,0.156979180882684,-0.03591790493268889,0.6051797776255583,1.0183578535579756,0.18985387128539633,0.7385729456465427,0.7288928234432855,0.7094189958743361,0.7741283313448648,1
0.09172668267897155,0.15107342290441736,0.638689416325295,0.872225389886877,0.8686047738921182,0.46743302177894175,0.531399407472183,0.16349757929990047,0.40488663057519897,0.18309878263502227,3
-0.6418316752025769,1.0035960569597269,0.8935258002013229,-0.23859861350216732,0.5637663665697539,0.8542364451257646,0.838310143783139,-0.029198257681534667,0.949780220331791,-0.4508656002050553,3
0.013566006219107703,0.9976738444110128,0.6810748307415522,0.24234882024431892,0.8673483707041504,0.4353365734609553,0.6705017864500884,0.6079224076847335,0.7084044999191257,0.7186471664670562,1
-0.0856328755472589,0.7623735629428303,0.5124272570734392,0.06549769594012994,0.7616333957282179,0.8602529918116583,0.4357428943015929,0.33578865435856786,-0.024146091881212084,0.72942136408842,3
0.4652720317724676,0.1958844369263275,0.26969586085800884,0.1336177407686343,0.3351490897367831,0.8600009482419367,0.9366780341965573,0.27509633471246003,0.4417423568810371,0.056488801508953475,3
0.03149883970820176,0.35652968761024206,0.9686605870126612,0.7806031105702689,0.4980455421332892,0.7765558734789891,0.6283550942660886,0.40946706809484534,0.27641680654389156,0.6554294097063382,1
0.7755290544966078,0.7343281772754991,0.617724757175545,0.253907812249147,1.0084737711529783,1.0555976872807635,0.007506120374386388,0.3184325023215075,0.676534692341021,0.3565732374623708,2
0.450987912319187,1.0578436421543822,0.22764899761295193,0.5248471680807217,1.0910489081153718,0.4833096790793651,1.0744720061947046,0.16292703509789355,0.8909905308663351,0.8339350557741546,1
-0.1335978579408109,0.6730586995240799,0.5408840281092206,0.1460378531538389,0.778429938186338,0.22384397067849146,0.7381605431358147,0.48877881490815184,0.5578513683307398,0.77560934949451,1
0.42335871073652703,0.5622933871689149,0.39632717824441777,0.1438037099383705,0.04436775502277187,0.6478781961722199,0.031151743528179565,0.6316979099282312,0.9304439833707412,0.16005066223289935,3
0.17622015623965476,0.9162950258398275,0.6655561892507134,0.5416307585069023,0.7140159941493383,0.7165488241368624,0.6670082811387339,0.4641428066389654,0.16879143809478409,0.43750435509853014,3
0.30410008013082956,0.41381454640170673,0.47160755454847764,0.28243593646545834,0.5967639977958383,0.718035603880901,0.798029920721054,0.2350910849845512,0.40762297647739265,0.4997588870067952,2
-0.18102574573228436,-0.0469344430098437,0.7214603195714431,-0.009225665248460357,1.074442251715922,0.47238615203084783,0.07198726316161852,1.145150951781296,0.6698932822250556,0.3640803233205959,2
0.34325346998921147,0.8979768445369456,0.6398610779048247,0.38094960765469743,0.8160916224658826,0.5543859457823425,0.6001656383984553,0.4502200439902409,0.06798924179209188,0.34105926914282253,3
0.6861254871198146,0.4959239017383801,0.8407364149993022,0.5007376336842054,0.5691829022241183,-0.020164608228695202,0.7263352795625767,0.4291515415710956,-0.046921618660628675,0.003440386246440344,2
0.10023292838076397,0.10461385400417718,0.3932842918986668,0.7431600007619453,0.0713886954929348,0.39951626936883566,0.5374123212971514,0.8300114983152578,0.403177694725836,0.472940307580822,0
-0.420584946466984,1.4089688770800095,0.9041181130985168,0.3862479712320022,0.14797857195808137,0.6611468578484063,0.714670253547163,0.962754033258227,1.0441477114172395,0.04370255223663115,0
1.0024661381759086,0.19478513676869463,0.8508612944709864,0.3494186591944123,0.16691428179520318,0.3284190723663115,-0.13423105912543254,0.3312288547145745,0.15341218996491024,0.32923884010177135,3
0.4056919252648755,0.5362983267750017,0.1528324135458123,0.6207288792863249,0.5029380370601563,0.6840032402152869,0.9419345407483437,0.8555547521899813,0.46934258007617136,0.18570576615816753,3
0.5726913334816474,0.47472615803493207,0.4216504463906814,0.45431847752496946,1.0846431110418224,1.2655998217858178,0.18157468908119412,0.7557448118190931,0.38344287383085884,0.6120475855916241,2
0.04931362358113781,0.6337069034185057,1.4617923503463497,0.9666397914633273,0.6440893188298823,0.10068373444814671,0.3059726167651109,0.09263639288363096,0.5124331035950255,0.4760136282966375,1
0.4713385672970873,0.5369570805212048,0.36175484487956155,0.16880295181389898,0.02139803190446303,0.6585245031965583,0.020375270318621044,0.6375515364938379,0.9523426097343031,0.17182996143695917,3
0.5763693113175121,-0.14494705133009406,0.6654140718022665,0.5779314419668862,0.5637971674108522,0.6287984035375092,0.384382301302379,0.5542075128076358,0.23388849854449592,0.36954540297160876,2
0.4553351902823555,-0.1562889987298549,0.31296965446245495,1.1667686180073766,0.9586132475639687,0.47081077973221747,0.8151426197738891,-0.16134407233376633,0.27108915636721476,0.23063034792168083,3
0.08123457015447606,0.9778774265824126,0.6553853958279365,0.3074325084868582,0.9688314905656357,0.39062131996631844,0.6079913835412609,0.6130561625149569,0.6999078815063441,0.6945358670291748,1
0.44732272333887335,0.10586578221460982,0.5908884273597985,0.2336946580744934,0.3591541745751132,0.48459457136746104,0.39725687418235617,0.8818601213564317,0.22508956025982202,0.5510371356751941,2
0.31496710932913785,0.4285378928695566,0.4523866678971613,0.2829283680478092,0.5649507720356882,0.689835859124852,0.8091798996255831,0.22856431447325706,0.3985084136021941,0.5006774259715373,2
0.2017327135473758,-0.02281571917640232,0.2630746188207061,0.5662973585466757,0.5834845071888908,0.2631748232671489,0.9720406729719349,-0.3435487089923897,0.22678968202243044,-0.12794029121920125,3
0.2998031056558249,0.4098420307386624,0.4774566611742683,0.26032086666631904,0.5990255325937117,0.712725195494841,0.805032372642695,0.242451273995604,0.4273478730809223,0.47052783935843245,2
0.91067091339022,0.6655947793011029,0.5425833019259745,0.12801818356144087,0.36802529040656407,0.3148870627490764,0.5744772104246301,1.0469733351571098,0.6256727557489551,0.8544873960755761,3
0.056087999727015767,0.7739316600706492,0.8461835437009823,0.21830594680533502,0.9875191463435404,0.5316751713418475,0.6850960774220106,0.46208176975640736,0.71655916793368,0.507669555553242,2
0.9741029662808478,0.6600909860604954,0.16224540612826677,0.9526817363106135,0.6286323042683039,0.6935975819754878,0.4747001982892467,0.9985672905661304,0.008041929171168713,0.022863491839447254,2
0.4936254889697665,0.7012227984524324,0.43849533024520637,0.9609912270126799,-0.03166748391596026,0.3664264914965086,0.7552271645305741,0.08644498120186506,0.2383623794140064,0.34440530615161746,1
0.8926219073590903,0.44760081890676295,-0.09891980579379019,1.102130032180261,-0.06064188813654671,0.15849051849419404,0.07025387532355715,0.799540414067037,0.8082579594423493,0.09378677337600325,3
0.45397699006549225,0.8661350423322068,0.46260034141847745,0.8837722507303123,-0.0845841689055506,0.24802410854873622,0.6902335653373561,0.2839477814640412,0.20510290019302924,0.2845191048254816,1
0.3731101055334113,0.9146335771476315,0.5336809960430945,0.865271146162196,-0.0111304560665775,0.1867337637077511,0.5974518325271845,0.20921623665394518,0.12150119175730476,0.1292322557460418,1
0.4172421950423505,0.5309967880468258,0.13668914588095407,0.7014791172701419,0.3186705592294383,1.0645734823381097,0.1669113866257536,0.4388126421752994,0.03936550343828416,0.17306081171002521,0
0.04158594707265659,0.9662759070173746,0.6805452972793431,0.30224984932486754,0.9396164152541766,0.37002437165074636,0.5805897272443106,0.5996491169825245,0.6668671819848153,0.704511373422714,1
0.5971368463765389,0.963475867371626,0.2998053229711307,0.5585409143789601,0.9780496587977648,0.4953284000643062,0.9673138449016836,0.1288931574362812,0.8782417786438057,0.8198653650125858,1
0.57813658982628,0.955766183094584,0.3215285646575416,0.5853698262380058,0.9528521361689659,0.5213568823176382,0.9319682481069307,0.15525380273004105,0.8958674395070897,0.8410228699938773,1
0.1382513495152427,0.41501332469281216,0.065690081740239,0.12900919761534685,0.4585543950986032,0.12072220940235445,0.1477292440094767,0.41867306954209416,0.8570724551797153,0.24457871643374524,2
0.1009366552047332,0.6612178219370268,0.939411621130251,0.6074122464365773,0.7167972364549561,0.6349481295523391,0.4179940130473904,0.4479897826483781,0.3401985418155761,0.49573467525043163,1
0.3265180886919397,0.4238429791861474,0.459609146046115,0.273393348860176,0.5734689945755156,0.7081521842679155,0.8180037996640246,0.24779718404980147,0.41204539738784424,0.5001965619306288,2
0.12194178723644356,0.24149236375084024,0.45152166198611515,0.8695262919051049,0.9898462127276804,0.5181775744689446,0.45390498780248445,-0.08100723472586499,0.23637273350294918,0.3883834365961911,3
0.1459991704406786,0.08207219159108267,0.3574044433725841,0.7316773869014442,0.06827278068675668,0.40708070692715403,0.5236594773012947,0.8653736300367973,0.4070858374708958,0.4588507184858434,0
0.46718704849455783,-0.21986468559868794,0.54658846913182,0.9710372981165095,0.9758417154778696,0.28878809075476986,0.8614911722775763,0.2746238670247279,0.19756667426926905,0.21709941561450197,3
-0.04142636370210431,0.3714203725514572,0.5273045293780035,0.8842412784260112,0.7131515746655794,0.18186549698510657,0.8354613579583828,0.9726974977826442,0.39343377648325895,0.8117938428388147,1
0.4711120998236457,0.24062932451209404,0.3283642365707179,0.1140768591264733,0.339364237483068,0.8285176370313128,0.9111329597605744,0.2957583819027453,0.4023865758549597,0.05565036514940974,3
0.5663131039456272,0.1713052125222373,0.19810250988959419,0.17048674152245102,0.19920351370536368,0.7253607087272426,0.836936367783006,0.07695907304887806,0.5610952306757411,0.08257281257346732,3
0.4825515568622801,0.7977778118640659,0.71849291702644,0.869733659771254,0.8714473653954405,0.4438596925526285,0.21657350053302796,0.9935349531987412,1.0054844452938205,0.8110283423851864,3
0.0589139587753052,0.7805348135860929,0.8557888206281927,0.22008104265162337,0.9807508191869118,0.5327565410459933,0.6878235186712199,0.46170432359160213,0.7256935411651165,0.5078616197426596,2
0.0022609913428552064,0.4668024366643908,0.6399307420561102,0.6473133881626305,0.5624293410455191,0.9563618272662637,-0.1535327224589963,0.3396314087087294,0.327569595314222,0.1654354621970478,1
0.4077922677512133,0.10514004250201343,0.37933622790621596,0.17224354894932958,0.181371185649416,0.7561480010021673,0.7927373027358293,0.4357708453353897,0.27213605060709556,-0.1134591928962643,3
0.22781131703886043,0.19925456653142845,0.5840467805346081,0.07227624498339161,0.6607454181943815,0.7645814581772777,0.2847232166549074,0.37018887297430736,-0.010724868760629447,0.3015073836601899,2
0.05559148584792304,0.771815601391852,0.8468246469879346,0.21769988269599452,0.9864203850268638,0.5304137382631098,0.6853159041238415,0.46072856096332904,0.7160622940187085,0.5059208102052247,2
0.3881668088411527,1.0327035092375132,0.5480168743529273,0.699757077290913,0.45970972253686404,0.127273375885911,1.0400113567820723,0.015874587964678846,0.27218283833580326,0.6585026882564553,1
0.673003822663783,0.4387046513266304,0.6300872724042947,0.7683341369125586,0.5205165286318222,0.9427961877260893,0.5925355263950408,0.33551403437530625,0.2360518006828215,0.4971482816660848,2
0.5779830572266301,0.32652126679980553,0.5096398756427766,0.0257567472496576,0.986539011104012,0.840781844959446,0.6090699998795335,0.9167552861554283,0.035517708746555174,0.6325131175000921,3
0.0033042473776720635,0.9233162757851943,0.185275827376092,0.1586617359893717,0.5351531730028423,0.795339213480936,0.7344696081090084,0.1879906749647838,0.2809044239032498,0.6713871978204948,0
0.8842818813571929,0.7534210207224593,0.54504343371762,0.4615154426045982,0.2826298217367383,0.27503552789172087,0.2542462830888576,0.12782139024391032,0.38305991075916324,0.8527154484642192,1
0.5653197583016436,0.8561649435596638,0.7991941249371886,0.9139708699752359,0.5530306082446235,0.4474053710307625,0.7542962914585241,0.04203961937658725,0.5915026578764121,0.6254764899526543,1
1.2213681482955754,0.62400679921354,-0.3344313810039591,0.7803252241074559,0.5344281628877058,0.5055162116292063,1.291921675611234,1.0289225615490782,0.1979539318221058,-0.32551496709787076,2
0.9435577239682885,0.47716862520710046,0.015357363846706237,0.9892320057766016,0.04054021077454674,0.13751393430066056,0.014663550810123811,0.8901880355486154,0.7838137807655466,0.04612275287312616,3
0.12493296894971269,0.88509440255783,0.7749676499340948,0.20521840465235258,0.9406797375944215,0.36534445484093353,0.4928205568244548,0.5636049752164098,0.7652052151123511,0.7082988386220436,1
0.5201386342839851,0.22367528895938266,-0.17844681392267092,1.053092869125222,0.5098048383072151,0.638190352635195,0.4602804370409937,0.43249263493395274,-0.18939850503579458,0.11095189977006122,2
0.6633155347918473,0.41433785918587784,0.6970737491282651,0.3443984290517915,0.18653366076926237,0.4870709981331712,-0.010820145045417062,0.8696297195324425,0.21260859948634625,0.30136866118949257,3
0.13391989916800595,0.09921583080233981,0.387730803206984,0.7237925754274717,0.08882294930864496,0.3897417013766008,0.534428870109107,0.8446828396380117,0.4163688128131938,0.45126204248071367,0
0.2889142520864818,0.9003881707573252,0.8820270878741264,0.6656666817314996,0.8252948627336216,0.260487589853776,0.8769841380531214,0.9412719482112253,0.48425341755934315,0.02535591910150252,2
0.30568668105216945,0.41599488373023874,0.4674012530561347,0.26520600325687876,0.5906348147819211,0.7049844387815216,0.820541371200068,0.23125617101936588,0.40866809462149917,0.49630160285771946,2
0.5256333772380899,0.11171796159780858,0.8294498247474487,0.2831940737408908,0.9446212021533436,0.3846684137014229,0.6889170298084972,0.3112294635302786,0.7943315660233711,0.03693822513748059,3
0.360410401848153,0.9668669380164582,0.6330223502497312,0.8092028883300848,0.43141232637965554,0.3200163989987679,0.8246342061829726,0.06572095201313724,0.31592749741373116,0.6507110765985733,1
0.08322341126229255,1.1865843826094031,0.63200909833569,0.5077155472193146,0.5386441083877236,0.8307375486022793,-0.27875124814448227,0.8831111308387253,1.1857725455241026,1.2756595888284261,3
-0.2964390638335732,0.6859782731590813,0.9394672250854915,-0.0008595173488131769,-0.1577242174960799,-0.09802769355440044,1.3578150920853327,0.32012956062554065,0.8304445609545271,-0.3100143448634439,3
-0.36390321960325234,0.7148107661487482,1.1728790670015676,1.0204541726859713,0.6472595896642142,0.36489445509564733,0.3653121376522078,0.6316037273306448,0.21367319914251573,0.7961128301368925,1
0.8580339015368261,0.7683942176612064,0.9439436790573228,0.11762753499038475,-0.03289218937729488,0.30239679021055776,0.24674183139436642,0.5974220850332984,0.7723459853214711,1.1568088144249433,1
0.36375967529801834,0.5248998215811455,0.29473161178630053,0.015374841784061557,0.8094912485857635,0.9450720632042121,0.8430561890888844,-0.048562005130877994,0.6723414020400497,0.5195788193459406,3
0.4910726585764519,0.16840120679487586,0.5194717553266842,0.2992513528048484,0.38501850458313386,0.4812033903159801,0.3607924184207942,0.7860440227799096,0.29867651734211853,0.571530410886991,2
1.2879875764115076,1.0360094656503422,1.0472555950506222,0.5560283854353969,0.800256629790929,1.0045512964851848,0.6989727670911999,0.2530468006770211,0.5381011259803565,0.5058382902355479,2
0.94659775568116,0.6393955010908404,0.6759687291235381,0.6377813841252461,0.201688923742009,0.5211039835380947,0.2292691484604879,0.5486551733994907,0.32214168591743386,0.5755262744527877,3
0.25624530771681064,0.3464891991341207,0.2995153700754324,0.009395939255774357,0.7338100667302389,0.8547049531066856,0.6884917724384736,0.04661621436952073,0.6495976346391915,0.3594699598301224,3
0.5218636079135159,0.11882048711127263,0.4893320705485467,0.29911044617029414,0.4185085321884562,0.5092165066170706,0.40131625229467627,0.8274368876660023,0.2906538693615964,0.6205259632426984,2
0.24356756727374662,0.41909896460173235,0.5916519126672303,0.2481564661145332,0.7113752463673337,0.9414975060033917,0.8514305158551218,0.09722330199173432,0.42839215326848606,0.6815918076520551,3
0.8674566994707587,0.49135964203176,0.46363781709304913,-0.02782058513354449,0.6042880826116723,0.022327492091126208,-0.1925454673308411,1.437699560171597,1.2058914003319035,0.9654451560302109,1
0.6291026793798032,0.43509556408790356,0.08159635496127726,0.46548287926554655,1.4271447187417912,0.33007779792712283,0.6399686571423345,0.5579553515238374,0.5219019153257691,1.3690000714809383,1
0.2991015447700348,0.9310512666000216,0.9507996552264023,1.241394213856486,0.7928048567804078,0.45611044040453663,0.030435962233356678,0.6038309519794401,1.2822438632156143,1.0828458468526572,3
0.5533520865366197,0.15736136215225013,0.3627123131716696,0.1944264787496467,0.3937678339031613,0.9350997228441325,0.8834626668756953,0.3426764561565536,0.3750886655425454,0.16559191091823627,3
0.9735360824311582,0.6895004050693574,0.443370594392717,0.48987949534352854,0.18082867372680417,0.3415930874734797,0.28109801860913386,0.1740272144443531,0.4615764787920658,0.8102290746179927,1
0.3404918255844407,0.9070366488791597,0.6510256793467819,0.4290736286832586,0.8478690594647516,0.6831615969628283,0.6174250254518626,0.5720805376251642,0.2022535845548447,0.31207103239630263,3
0.4686955327715106,0.22137601057181883,0.28969144503022376,0.1608543660188343,0.3506898092046732,0.8608141646032527,0.9473614369954071,0.251430249877321,0.4643490846749178,0.024422041957584274,3
0.8965939394988333,0.7307684104929758,0.5258231273016393,0.48089361439619005,0.2871729536882603,0.251059758285672,0.21932225997046112,0.11750752878661803,0.3678531246469987,0.8636280242966098,1
0.7528797292191818,0.24634437415949,0.6016958098673298,0.7717106107192696,0.5589975468452621,1.1156955189166038,0.4343588708007932,0.3097464837025875,0.14857816200317958,0.5602041918519746,2
0.35863929353114865,0.5171239696326723,0.3597644706613313,0.2081049590247666,0.01727255694050788,0.6051307438592601,-0.04201549973437202,0.5363545915467733,0.891367411111587,0.0777697891760015,3
0.3282571453999059,0.9271790008713268,0.680229943728874,0.7783702340622494,0.4255346424652197,0.2780175160612184,0.9255567243101841,0.1363862456825801,0.44518786492255935,0.7311544025359962,1
0.09592088378710127,0.6647565066957083,0.9478391123759222,0.6128479823758634,0.7068415175341449,0.6378362349695885,0.4317716436422331,0.45551717787264545,0.3410552515076909,0.4982814982311618,1
0.4266541415202735,0.44265034872834236,0.13513740686810172,0.11557916959112553,0.8259617054787902,1.0259834515861606,0.8228287972730977,0.09992988830318535,0.7137659752931875,0.44062645216208995,3
0.04910803043957497,0.24733368731672503,-0.10650778340168114,0.07224046122762505,0.29451329384974234,0.014575158634379803,0.060996647549856814,0.5038702199537669,0.8962153320277051,0.23067884524165677,2
0.44300702483613413,0.035863432885705634,0.5357930083851354,0.21418937683130929,0.11063955117437371,0.651937713647083,0.2932912244072098,0.34231532603462883,0.8226638010956351,0.168755847763023,3
1.1036633803316467,0.9182406482940018,0.7599648652606831,0.0629448822563603,-0.1250633054565414,0.15833198803015947,-0.16792493816028936,0.16440131143820652,0.11782154087170005,0.2738708644422098,3
0.41211350946852565,0.32781493773280873,0.8223235933032244,0.386637483652417,0.7064046816905277,0.1357777080949176,0.8958713723112681,0.663050341351654,0.6426604809076206,0.13313513022614526,3
0.8753511843721957,0.7167341869599534,0.5226297250117308,0.44978945637576656,0.2934339703130604,0.27698174037786194,0.20297953176741135,0.134193447340029,0.3739985285847711,0.8975696276685057,1
0.5308909413407146,0.15798279231160767,0.5060537181673238,0.32996211750761556,0.39442285761151924,0.48695119275278853,0.3598563640078993,0.8035825515721677,0.3141586975516697,0.6005637216216234,2
0.9818464580973925,0.42639235895728167,0.05641120986951835,0.9860462812166984,0.09761723651400706,0.11352663569582444,0.06677895208659371,0.8525247361198641,0.7794839188301085,0.06808023823916014,3
-0.09056774801716361,1.3871662288785807,1.3850676073078263,0.25180841781255825,0.8634971673116172,-0.3309598059781719,1.1193536140822986,-0.24127261637538616,0.2772459769568151,0.16808474110231364,1
0.2616483597121383,0.3476262834617431,0.2953496500248048,0.004318393747265656,0.7460239250133812,0.8714828406248567,0.6702263489129398,0.04042000418819562,0.6745139262186758,0.3440283166821117,3
0.4471254018995653,0.4984691676846527,0.4482616260237497,0.15561965369128383,0.10288594477806376,0.6758214985496278,0.07745120451612936,0.6949419535443394,0.8581833188374773,0.08879205802881415,3
0.6203987365879848,0.39917017680141087,0.2611027903460557,0.6109347674075369,0.6926402840344714,0.535402235519683,1.0313482204245539,-0.3907423008510954,-0.07527086405182043,0.6974387231859637,1
0.8648924600558653,0.7450151169955971,0.536742740855265,0.4884296462685057,0.2330826660040226,0.27200339812420765,0.24296585143742896,0.15306005939226847,0.34116253318791695,0.8613687023937634,1
0.9425532351426256,0.551477383857377,0.00985113021961783,0.935333215246924,0.020911605586415388,0.201251529415032,0.07617583427744332,0.9009913335679188,0.8650478486660522,-0.03256642402523793,3
0.28382404443521864,0.8883910896251411,0.7461793357400212,0.7048042616036331,0.3547968374362661,0.47484578599960203,0.8026353819423657,-0.0371100975601967,0.26005228286925686,0.5539322103513561,1
0.2393574433647528,0.43446705995894835,0.5732884806163622,0.23559996426466814,0.7218221727210301,0.9299395755729722,0.8697520352679002,0.1092921449478444,0.4186280882723663,0.6692198958463341,3
0.9377279856118871,0.66516659632092,0.7106460136664546,0.08175860921442574,0.08555790934628399,0.001271383947771737,0.20050890586384004,0.8833800183243508,1.1208861236118182,0.852602034651823,1
-0.0333706157181351,1.0856540630150922,0.9168058413171571,-0.5138103270591541,0.6589449163140721,0.43094730659699754,0.7133501436949552,1.1999280675895285,0.9348711785794497,-0.2300947759250288,1
0.4260939593193766,0.45772199052035534,0.762997160895167,0.16266379073157405,0.8071226189437762,0.7624761085708334,0.8467364050195757,0.3048721920543741,0.5100092582354099,0.47543228375620483,3
0.2704433962783354,0.37857598396698605,0.21732034440516645,-0.06805746718146694,0.30003866710907856,0.23011336692636794,0.34435389607145805,0.24952171082315633,0.9112942734229171,0.4438663019372178,2
0.085674737308954,1.002082677662427,0.010908767073453764,0.2526127435607708,0.6805761136774608,0.8803162708880772,0.6624621462817613,0.15336112888577721,0.2736377564878266,0.7969763694486249,0
0.38298545709555465,0.659310331597174,0.1237121358244118,0.6159808570429415,0.6349800176351504,0.6296500584501586,0.8499632442904688,0.9453520104977107,0.42059219035574386,0.20753926716205823,3
0.03233697510533204,0.9955147533742937,0.6407808115110879,0.7728148521299602,0.12632942673294448,0.21005168721851042,0.6771093945054452,0.7026781442386993,0.6407010556737631,0.04694973533943975,0
0.4691478765229771,1.0933935398514274,0.8863807099354926,0.5501757359278001,1.2135159899332535,1.2472580629083776,0.37087043466013314,0.5935629745820032,0.3853610244804208,0.5044760200400746,2
0.23355706775843588,0.20638445968424712,0.4326210516276747,1.0936890387031348,1.124338179559152,0.42727344602976375,0.41970130094269364,0.043355271655010234,0.2601581233138061,0.09282331830534515,3
0.09969918363710129,0.5283200578171372,-0.23648250283702332,-0.04511105297497418,0.3366736598274359,0.11570171989823178,-0.04427813307195552,0.5463498161673231,0.824315813439584,0.4945870007995471,2
0.025232523134218726,0.9314272916351632,0.8196327096339935,0.7577551123871032,0.17052329885212028,0.25413675689897564,0.9809841044495787,0.5873814117159712,0.7264000528400076,0.06190221293537325,0
0.7709399354925179,0.7843071901849492,0.6233630527989845,0.2673386957744935,0.9813227238198952,1.0388570526293894,0.07118943503586524,0.36550125415998397,0.7397192492499034,0.4557772843594733,2
0.37307304990646606,-0.3112755731207556,0.8180357583147496,0.9660596182170053,0.33707882656960186,0.6572588088625402,1.4142896273862136,0.7162833222534507,0.0481138533901847,1.1401675054493179,1
0.8779514563790443,0.6321290154408092,0.4899474921037181,0.5327988496216921,0.2044248397432888,0.38046659831525187,0.3106181853192826,0.05481107960502825,0.47943370658323325,0.7786781776332106,1
0.31137981098412837,0.7605724423932682,0.9355279560316119,0.6907982137699493,0.7735419182647268,0.7482961421756218,0.21502852417584706,0.2959349786188388,0.4090977582332325,0.25687546362693264,1
0.41686375503032697,0.5313013189709479,0.36380792677308443,0.15861802638340858,0.07515315003794257,0.6271640212165412,0.043521703071055046,0.6387970030565155,0.9816892146002921,0.14820416881627477,3
0.24796988929347474,0.3158216538879278,0.25720367425623897,0.015480938490829335,0.7958378467265884,0.8936459374411407,0.6517586087414909,0.034462647134579125,0.6360253213146304,0.35868802402065403,3
0.5915415123290474,0.4791895384171013,0.4760057950404347,0.26157876695632304,0.1212611483770426,0.32556632559858795,0.33910701537197224,0.896648750210621,-0.014339338645245725,0.4615139686897266,2
1.0644412629015407,0.5761276136424865,0.1194227104917691,0.9680727174659143,0.5861526086484268,0.7148402767321241,0.5301149722522785,0.9464510254188826,0.07812706600786697,0.08852054367747894,2
0.3926270279775093,0.851812596141636,0.4753801917924903,0.8046637941919322,0.010228887366855054,0.26668028152675166,0.6027321916453965,0.2612998113121984,0.1512165113043174,0.2174340175668263,1
1.338785400668041,1.1510171962175715,0.6558196510831018,1.4723310862779981,-0.9449659059451032,-0.13127730873327859,2.278778752169562,1.4766051272572955,0.9042973043364182,-0.02250686395542867,3
0.35581942971131075,0.9004855622534026,0.8612767090875236,0.6602573051669747,0.7441804133885194,0.18610216554943096,0.8514436793663926,0.8960610796700634,0.5267630045243172,0.09846309091924277,2
0.5223278465822899,0.29791212545330714,0.6421327949854995,0.11017143930175993,0.9662615901890623,0.771583476946681,0.538362416780616,0.8710352138292581,0.09460799187228941,0.6315377262378818,3
0.09666607322766778,0.6379296485828598,0.6968150837361599,0.5043501879488629,1.0465798535060478,0.49325881465028965,0.8176228149295377,0.14053147690568246,0.610935703285669,0.5214190792698802,1
0.24128944392910354,0.1191755985327726,0.30980906077893755,0.744905072307949,0.79036351718449,0.5977421519098947,0.5256504253297891,-0.30749200446418157,0.25587787162714803,-0.011727567000989092,3
0.059454007342043536,0.675350055865179,0.3843033522184991,0.6308406750683844,0.11402270237869067,0.5485858296987473,0.7802192142933089,0.10226015918326717,0.47488758320959107,1.0290170923601876,1
0.6866911463911671,0.19348619460827693,0.23822510610219566,0.5438616701854218,0.22499707566181662,0.17756283527340572,0.6395551044467699,0.8565415231560157,0.06125836165011611,0.8474640472935138,2
1.189129035178188,0.40230431663174626,0.206689514716114,1.177199005125258,0.07255012881502598,0.10009689059651006,0.7518582770799538,1.5399386705776925,0.44144550486724304,-0.2669506960259353,2
1.023957343152866,0.6024234609157031,0.01914707768843149,1.0168555661627743,-0.014662975569984804,0.21612044439757405,0.045104729855550536,0.797153433162963,0.6647054730575767,0.004650723610005139,3
-0.10858090344231441,1.2656817103175237,0.5910549112146385,0.44436393224316095,-0.002092178984067161,0.36994838938525976,0.5615547186066205,0.2066409517695024,0.0417738652508049,1.0914056256037956,1
0.32054353092189175,1.1899610137126662,0.8310328597887966,1.0320070050108106,0.1672337082548771,0.12014313434778176,1.0289036771300069,-0.15113016208360863,0.24479536294694385,0.6229364581537955,1
0.5835216063042072,0.9534451025464484,0.29845438363182886,0.5419268031859961,0.9598464709728121,0.4880072455377951,0.9914719639018378,0.10161159046749592,0.869709069105869,0.8339134123595413,1
0.6379272647505217,0.6519167281545084,0.6496669956031628,0.5660759766295553,0.7539767680538969,0.15174905921701165,0.6605471000430898,0.5034025147940973,0.05116957928414763,-0.00929127324800623,2
0.8946578257659947,0.7815112345095572,0.592181588575096,0.4355027114418758,0.22828388220733126,0.23271584474724155,0.17029260392472328,0.1477392297015656,0.43128152146138604,0.8693757457502207,1
0.7733875158947103,1.0898640744017722,0.22195048367893888,0.8222643605408657,1.0136628619340342,0.29419004298663576,-0.14653451907159382,1.3583168246638813,1.2916102602567068,0.4724128650424359,3
0.4346303718404189,0.5638131398590687,0.44404847516431495,0.16589019499393226,0.030046602480573923,0.7072172747023345,0.08411053994273118,0.5981346959229406,0.8892988090967345,0.19051292555566182,3
0.4994029857139091,0.8340263051237397,0.8596434274070242,0.8444194822402606,0.8913744383313453,0.48183273539793,0.15881872185910198,1.0353585565234906,0.8423151863895457,0.7174291056280954,3
0.5575697814938041,0.8545278753126646,0.7390950436270369,0.9571739269429189,0.8280088185488376,0.47621794994740974,0.18628867083130618,0.9519569194077954,0.8940822028849972,0.7437115042548239,3
0.1916708417432287,0.5967345243275295,1.0332372758563848,0.572678377847143,0.693435587356314,0.5695873252188443,0.4327955735093511,0.3643031426409466,0.3659569515959738,0.5599973213922919,1
0.5544917246780705,-0.2128596655641407,0.09662323484957486,0.15706090796327252,0.5887001686279211,0.855111011236858,-0.16716731535336582,0.5756744281151751,0.8159055471888592,1.0124941550258073,2
0.9216131445833646,0.072450684317298,0.02219562948231818,0.6880340205112503,0.9869841594621114,0.16438765963403343,0.6150413187444446,0.7229505328649265,0.6692578384118404,0.7062440318789414,1
0.03324107399586251,0.5753639975239916,0.2509735862342208,0.2067471915817495,0.5109372723233783,0.9791696333104027,0.24070233044318373,0.5116949339735986,0.35594908903486855,0.5575757621555412,2
0.39398996460634084,0.8440518566664876,0.4826967046408787,0.7928717845170522,0.00985411242493436,0.2671178611523881,0.596328858063559,0.2683054718252462,0.16251604632935923,0.2195599306668845,1
0.35673541438203793,0.7408548641845004,0.4856458198681408,0.9094093216828862,0.10392820784538268,0.15611104271918438,0.7024268581165927,0.3254437177896477,0.0965004178262388,0.34011094583650897,1
0.7202674960448825,0.4106959664626186,0.7265724905017161,1.192853841639969,1.1652762049114411,0.5974533635908759,0.14509567274372662,1.000405090410407,1.2259268905365146,0.44992090452075323,3
1.0640521326226808,0.38288639455660267,-0.1493951064737387,1.0303856330829686,-0.10787644067740279,0.1433781416303419,-0.19192573554704698,0.8013192619795213,0.6933263043266399,-0.13228090370376677,3
0.4580897071674587,0.7937995536305991,-0.01476450968635698,0.9851012934069454,0.24406366721734502,1.0123404712090842,0.033413969023480865,0.39124034240763506,0.23305619101618577,0.35058843795818956,0
0.18618617553168867,0.372341021068575,-0.10659741435179448,0.6250004761062586,0.2681984020736763,-0.18647720591656974,-0.031924589034959316,0.9641262675142006,0.051355422126308614,0.7124597922885076,2
0.35398716676902203,0.9115304576702274,0.7094125132694717,0.8171966062529349,0.39261350678590806,0.24584717782218213,0.9228807795339831,0.12726951157433497,0.428603398766321,0.7107831488081462,1
0.5851953562179143,-0.07174395075535667,0.4740187826918889,0.013784793326626271,0.1562701699535992,0.6732687447711526,0.25843368082063434,0.10051620935991737,1.0778173534552493,0.4578847656328845,3
0.777978000767918,0.2760100834324856,0.40326573560474027,0.2393688754875827,0.6629401199053024,0.6351371577848398,0.32293803167035273,0.5680041604724249,1.1480925892027325,0.7223289342091798,1
0.2915719722675696,0.21732573011596024,1.0422942238454798,0.4325944925403598,0.1367392423813636,0.2706138781988512,0.7415965382802318,0.4592683428204064,1.204003810613048,0.3812826765871811,3
1.024327932884559,0.8631065680470149,0.5810477074757493,0.056576123219275215,0.2919736605896216,0.48032993463584267,0.5100706698654145,1.1480543328518102,0.506095794801261,0.7380910980636839,3
0.5889498061658712,0.9856224367337495,0.3057701604201524,0.5831722134932682,0.9878298566499195,0.514261179277958,0.9629047516512126,0.13243419114184302,0.888769751241524,0.8264044920166872,1
0.30117745076735536,1.2714796078704365,0.19193869459731616,0.0999839965822851,0.38751774344872053,0.3064446505379994,1.1115446971522411,0.7498682908522225,0.34211119900312315,0.6390058338251209,1
-0.24327827229510451,0.8462945344639784,0.9384689572067633,0.7300436653364195,0.5559956572776955,0.7060185557920848,0.6205388116882773,0.7300579483146344,0.30195374154689264,0.47241316248920445,1
0.21582871016637667,0.1499989724071771,0.6168160974251184,0.03668984723378853,0.18002471247913432,0.7310023907999941,0.22174649164668742,0.34060658679423006,0.8384336307596307,0.3941191936512215,3
0.7466758793058242,0.4952091064947091,0.09930666532233168,0.09378700295678649,0.8550242191700363,0.33185343679777324,0.4974642086152284,1.1373883050739426,-0.48518094407271006,0.8538860669367011,3
0.31446885863935425,0.24676704398195473,0.3738795064044774,0.06023269105274094,0.19360322493824125,0.8553427781256481,0.9137845846010376,0.13043376432719123,0.4470093774893014,-0.07547544897586404,3
0.5889934225725407,0.9567716652658209,0.2827288730688398,0.5732716106660647,1.0093444108119982,0.4908449943063562,0.9587743426537365,0.12138874691348744,0.8801565949378549,0.7917286103980391,1
0.8586223724736634,0.6960050164371476,0.6827835335436949,0.7208748395890585,0.1894312079523764,0.5218492200259456,0.287395754863024,0.36466626922106027,0.1865023391115886,0.4015577274317525,3
0.6301815641930725,0.24187879632840092,0.4370461664187912,0.5248362130677563,-0.15663909039274004,0.13236826321928374,-0.014601571825500481,0.48418379787393384,0.4126867086024267,0.9918332807637524,3
0.4588577505989598,0.20654205646028198,0.24887873249798664,0.1104452605518334,0.3824473686161824,0.8372411694585062,0.914757093987342,0.23550599310017595,0.4893856333122956,-0.005559208131390374,3
0.5416821134789699,-0.12433671313731515,0.39519497228702183,0.22508886658434385,0.6494657415103608,0.4709899996114008,0.34940692192676687,1.0165563139986329,0.22172369266799596,0.3073384739632413,2
-0.3413398702354735,0.7969653881295199,0.45217856529073297,-0.007858457282696879,0.618383693670099,0.38547652457373727,1.3351740842105908,0.07877375318755805,1.3044438216321756,0.6383366843807954,3
0.2909722348835698,0.3095400076249382,0.2849378652489613,0.030812793109092195,0.7612637179180011,0.8054144497033108,0.7060724289879277,0.04294255618505359,0.7029839667415566,0.40033319860484146,3
0.6585183735782421,0.9897812983919312,0.3116050332230296,0.5081526323959842,0.9224596268524577,0.47972844757751054,0.9914695420417473,0.17517401702658886,0.9206882341479999,0.831622635169352,1
0.3336412389281806,0.08677333338000887,0.32048372711402395,0.23638344995810653,0.8379708167974009,1.1133444746116818,0.5397843437176317,0.0183650399310301,0.6587075619697886,0.37935954635588093,3
0.38839516293693604,-0.20592218987520838,0.20016278353008932,0.5020300332323084,0.5805728248282048,0.17943905553013217,0.6602303869349158,0.43143592601004904,0.061600356812961915,0.3554689237232609,2
0.3314309540816014,1.011307153170513,0.6262458521475412,0.6951845764317579,0.06541820730669232,0.34133869804002526,0.5828050973779538,0.37011419872374035,0.0605088585755081,0.19564429422611535,1
0.13469563981430357,0.1575482491085371,0.349068156441088,0.7686046304032648,0.05341289539561088,0.34347290853014706,0.5065406471556788,0.8402345860563946,0.44422379772953874,0.43732278884870857,0
0.9391794954311202,0.47670584755154355,0.01445826145915573,0.9955876665876333,0.04549041815731125,0.13629923083688764,0.017750727017506154,0.8860046379525394,0.7860851942169098,0.0407633028381541,3
1.0144198825775512,0.7387748216363746,-0.041739895298540886,0.6469914893327848,0.5301549077261495,1.097726673416411,0.9181928360453461,0.8556822846471923,-0.026622664684395378,0.0673788061221941,2
0.1333725743133623,0.23075820249048704,0.096157686483581,0.24898148191957534,0.3591017886937726,0.8681595212886455,0.2565280419618594,0.36475407887750283,0.5816437903985856,0.49058186689728783,1
0.48822727946432654,0.05901693111019374,0.48686526423692245,0.3411700616573879,0.4070865703614553,0.5503865204631304,0.3107486253461561,0.7636481308754898,0.2147384792703454,0.5380844384856635,2
0.6932431883669031,0.06200297470719174,0.3579504585110437,-0.041994839069176365,0.42714634240778354,0.9373501403365976,1.1007122415855142,0.5243571898865133,0.5527318822010641,0.2016085084484021,3
0.6342686402595612,0.756722628829315,1.5588141643385263,0.5247575185028421,0.05768748641547952,0.3159926157453865,1.4670841281454734,0.262558992075865,0.6582432887442271,0.29589946925709193,3
0.17015635826939646,0.5458910013159948,1.043743506230677,0.206715740106462,0.21378944784060747,0.07520960017990774,0.8786829819614931,0.14019330755040157,1.0357615013723462,0.3223067312716734,3
0.9522434474015117,0.7272332908164397,0.5048195260291626,0.5031663452378103,0.24494377536592488,0.2774191850854954,0.24430001403446014,0.1657890362404337,0.3416092303127743,0.8979482244729279,1
1.034676539739379,0.6564309598030318,0.13233592611890463,0.8550974093333168,0.6702256277289561,0.585618113471107,0.5789192600426809,0.9971498855083867,0.050466234045730994,-0.03534026177663188,2
-0.09668325423850696,1.0138315559747066,0.7120696467812997,0.22691551164605478,0.8921853573238813,0.3404950707523118,0.6994457739790025,0.48434876178834396,0.8367014582104302,0.881894837332136,1
0.18553838465067274,0.9088115451304657,0.5406605516906515,0.613529218566605,0.39373816872061446,0.20209879592137994,0.9446832931956778,0.1593765031940802,0.2981829780221994,0.7903647610690356,1
0.484274349597668,0.6295451792967338,0.6002921905604006,0.7795646570348588,0.8920761199855864,0.6243049247621704,0.06987704148747945,0.8632076085924114,1.130424301593455,0.7100605116344836,3
0.9189703946365304,0.6014579484683248,0.4507695536558564,0.5080194866927009,0.19449914558712883,0.22372607926275181,0.3982705680240499,0.23673346818987645,0.43858062799921715,0.8015474400014803,1
0.08814355984435454,0.22068875966042645,0.15993873764648267,0.2069918711545256,0.30116641811287687,0.8974615281287892,0.277430981625844,0.31547316605836917,0.6283933447902783,0.5666022594277262,1
0.4078546462007454,0.8465186295760083,0.6850575210194702,0.612444920703577,0.8802421054306394,0.6371905969073686,0.7147539071589608,0.6730722464299974,0.13903472997775862,0.19267579874125654,3
0.2848002257572861,0.7215969388576801,0.5191046377515109,0.11860309603050351,0.6648082293994936,0.24285424300660138,0.6475248426466178,0.34088189230693083,0.2897913996625784,0.43424203908184345,3
0.05191292028350439,0.7743576718338671,0.8514090797745457,0.21789261664514453,0.9857785132811919,0.5297675935391866,0.6889477374703539,0.4648685269104109,0.7188121253638059,0.511683477589962,2
0.450555411550584,0.5269035620874531,0.37815694733759847,0.13389027883618634,0.08415596096377806,0.6162732760078423,0.013821441836976582,0.6705429668659587,0.9687396889149384,0.1463082286380753,3
0.21431137322694482,-0.10541185425705896,0.6529353094657978,0.4492657770131747,0.7905008434510035,-0.02210850886061621,0.8904952882706146,0.32664902507644367,0.5386742895609964,1.1163479976497908,1
0.3224391710945038,0.03787938040841024,0.56893270736335,0.19197759728033092,0.10765002861204809,0.6593311422652879,0.20305620186595721,0.22598142223304912,0.7954174345169304,0.2351171027467957,3
0.669589137530135,0.5813510026663062,0.8074284323446441,0.13159468430406446,0.12669845045598954,0.1548323517270121,0.39750118721252137,0.9190431356722346,0.965890101845844,0.8673140193428616,1
0.2670125926215549,0.9688498603192562,0.6565114272764501,0.4319240456342247,0.7777640645773923,0.5991660216504093,0.6437545373582585,0.5024686284586463,0.16298804387943205,0.34615043640663606,3
0.27258865074237004,0.9498919614714354,0.6691888886262025,0.4742578744248601,0.7830120798827194,0.6319828849367961,0.6129678125812357,0.5104622296333965,0.17710937175120353,0.34787930597171224,3
0.37321219127046684,0.8770923199624721,0.9487308951501441,0.568602768281355,0.7363313375203245,0.28157609355213986,0.8589503880950559,0.8484816609005142,0.6147678682382974,0.12473789867763566,2
0.4816461631044458,0.4046922055941163,0.15899461706572293,0.503569774702797,0.38169110856099264,0.08847106192632608,0.020761715981127755,0.7930526268613867,0.038630490056532595,0.6115505637243566,2
0.8120898064072068,0.11901511948973192,0.21825477178276426,0.02204813669474881,0.6561224146119624,0.13620282711046305,0.656928012317652,0.48917405718081153,0.5309632975362831,0.7862814672900262,2
0.12713745254870903,0.33531894948846275,-0.021687566413769795,0.10262131309834144,0.3976054835968163,0.027437829694531006,0.15188985056679602,0.39005325094357596,0.966464591653746,0.20822740999320216,2
0.9971638844396052,0.10918989922818943,0.056113812556030915,0.7642752866664966,1.0073308233288565,0.10594016055354648,0.6519831004336027,0.6934767834039635,0.7107887122629377,0.7523124194951167,1
0.7775014319956509,0.6602431841445522,0.753535022105752,0.4020540027708871,0.7456112891722086,0.4357883704866525,0.6293056328410475,1.1413782550947587,0.8279440208231631,0.22819310037290771,2
0.09109347890533849,0.11121531456806494,0.3822350650277192,0.7716119368829746,0.05633342874858779,0.4058685148543098,0.5831914613348502,0.8570560794027576,0.42827719519746976,0.4263261551071009,0
1.137602659054028,-0.5250332557983799,0.3283564276580131,-0.028763553712397805,-0.02310348315364985,0.6255778644834549,1.0233925077997539,1.01763234446164,0.4749528493355386,0.21227025247418496,2
1.0900224297937877,0.4914428785265257,0.6658420646481724,0.3314041492466159,0.2685895428744641,0.2672408367007829,0.369044703656474,0.7939949446693725,0.873847791963117,1.0108375819735052,3
0.9452958229099946,0.5808458380449446,0.5596981806594904,0.49545666631542207,0.3377456564935043,0.08453033046947919,0.29774576786674684,0.12638521909254882,0.30908492943096194,0.8040530501433061,1
1.0321201306274035,0.6611858188262879,0.18569914251997466,0.9172667711855406,0.6126138434836277,0.7196850758122919,0.5345968087084552,0.9644195268508007,0.031446724148795194,0.04837032138906971,2
1.1076134722587936,0.63315549197765,0.3963764186293082,1.141711118867878,0.4698765209341086,0.4658482496306685,0.5599061045351001,1.022694304149014,0.07752505832035561,0.09876778078119677,2
-0.04244384502723281,0.7092676327140025,0.8492346261260155,1.0856804407381677,0.3009839759077002,0.06846041246146306,0.845568904706428,0.5645364817956986,0.3705737974575999,1.189779143879448,1
0.335315385999754,0.4047546305459586,0.44096684583775275,0.2922071047197433,0.5640173244643749,0.6921302984090276,0.8248535198848596,0.26464744075385127,0.43393901860153633,0.4814329998892705,2
0.5843004776759407,0.9735755598864533,0.21702520653342872,0.6539871477246038,1.0143444260696777,0.5026831682094053,0.942574754419416,0.04735512527907465,0.9658455436810736,0.7764331147153072,1
0.41841966301172967,0.6673935730774194,0.7656291468241622,0.16694142266469478,0.7748421861482377,0.7004206926915181,0.5209410952770376,0.9219531989128922,0.5326884396607098,0.525898090374265,1
0.28060463071031533,0.8613310685205509,0.6224613526472346,0.4926662212292787,0.8359480612577058,0.5831645777958572,0.6179248684674314,0.4193182996199336,0.19792792379729837,0.328198094535471,3
0.457892324631084,0.9418827291366365,0.7059562119541922,0.49051391059243715,0.6240158195538674,0.6505806382308652,0.5243455313008124,0.5931004938933708,0.27584816843921134,0.45637848310487455,3
0.20999422755049207,0.3828738167464443,-0.004808652393360036,0.6122515423898326,0.2914771990060899,0.17911970501836189,-0.02070253740898348,0.7290055840084899,-0.06733512896867408,0.486875125123692,2
0.8961873954783915,0.456151089727728,0.05207054175577704,0.996918859265636,0.022492890046869322,0.13365782508349844,0.0202414843664069,0.9058074373818735,0.8374478975061996,0.029330296168376624,3
0.9928618518750202,0.5875015843552565,0.6755918794324939,0.3832548055499526,0.2850784453237912,0.25225306988058305,0.021254362355507178,0.5745042961804983,0.49213304631369725,0.648449697240792,3
-0.04365627717001885,0.3512745994748704,0.2255677759172373,0.0038376371456528696,0.6250634990711831,-0.022098416365226026,0.26124024587281436,0.3087496477692552,1.0772932762861638,0.551441967309579,2
0.6457907542454573,0.7561236370517818,0.6339168893506218,0.7973555761165784,0.9493054752906328,0.3878905039989439,0.08411428258784799,0.8877504643744542,1.0271558383701438,0.723629858900396,3
0.2517296794150485,1.2642755371919925,0.3599697604245695,0.9278732465187701,0.28314487110983483,0.5756188481104838,0.5784920487286729,0.3308578448599768,0.026843203029392304,0.7564714966332969,1
0.5334525733961287,0.8142583252690846,0.7287987234168918,1.2082770762322321,1.6427146158520798,0.3671199872000416,0.3558074020100417,0.5488636020170035,0.3617564210877646,0.8538128692916298,3
0.9223157060790359,0.41577300480347446,0.7490873947933863,0.9812134852956556,0.7150559021086659,-0.1582814809585952,0.9137401344066192,0.21781318138788722,0.37032174901859133,0.32326801167263103,2
0.1367798037981374,0.49191760375717447,0.08865661203421775,-0.002955892366071272,0.5402127687333576,0.011666680341509097,0.13621336119308824,0.26959883534472967,0.8569063693705179,0.38205222159762064,2
0.05548321830636228,0.7740227034508177,0.8360689899729181,0.207325596608462,0.9931293379995849,0.5366341602139306,0.6847279482133746,0.4578266793577374,0.7205169070401146,0.5130825174028452,2
0.39686608646070703,0.8937154908150097,0.5002442165401311,0.77608813493643,0.008012184773626115,0.25134332630707523,0.568758873865602,0.3022450590675212,0.1405403192659746,0.24674138974181067,1
-0.008052073083114494,0.7602241819882911,0.7812798476193631,1.008720098742462,0.9013683759557402,0.2590489832217071,0.7909194976696864,1.093265525814207,0.7630468363334056,0.7562795699819395,1
0.838133077871221,0.7869924326746592,1.0491116041965505,0.33082483395343243,-0.5476081270575649,0.41274352346064985,-0.39796429948682543,0.6455014379610386,0.18126393834438181,0.03057413125034175,3
0.2932585896625975,0.12551362765794705,0.7702337098433678,0.8156481214129793,-0.32747477819651893,0.9609081322514442,0.4079210145520484,0.5296572341064375,-0.39536073703742813,0.17900125814271628,0
0.05611604555216508,0.9214144963058919,0.6628743060093873,0.35759530115731575,0.9364666000698895,0.3531005918640041,0.5374788967676609,0.5739492185672668,0.6400048606919754,0.6729086582111858,1
0.2356761156166371,0.3006603364289023,-0.023742501897994185,-0.08579727004916995,0.7615968065989434,-0.17827904943409406,0.07511070250246824,0.4685358748530525,0.7419492107016709,0.368609477622675,2
0.9014156527360953,0.8196641978253361,0.7448925419455625,0.2345463796800038,0.7930452875358944,0.9814122036711257,-0.034791926159124215,0.5252607064048613,0.5962428027242094,0.3481274448063057,2
0.46896604630661476,0.8176715703198624,0.7481315924248921,0.8375826552151399,0.8687187027523707,0.40438177369026784,0.21501803594967245,0.9467424588227618,0.9968509034517592,0.8622795163348714,3
0.2151964748282182,0.22306589076148695,0.28266478946045925,0.43049064570170004,0.3745345848688434,0.15900134954938383,0.1551459095149662,0.7756620414166971,0.29935235565527074,0.6972739468305764,2
0.9057466994997282,0.5344725886498958,-0.01428191523592931,0.9583102210871236,0.04785691000661569,0.15426553175101967,0.05086044202592703,0.8675052643630632,0.7808693403252348,-0.014594944342842565,3
0.10969078934613548,0.7028041267143978,1.0295769340449763,0.5130699187195853,0.8434700841318818,0.6137729219945437,0.5393130980414191,0.3559132058257543,0.46243843018677316,0.5220522403839618,1
0.1590706541271427,0.14072112030560263,0.3323743469548056,0.7360211167504592,0.05531355542351158,0.3243928541212998,0.5270427489939586,0.8035069973992743,0.4476170976190268,0.473309468558385,0
0.17103222176869512,0.9994939549255775,0.6961644547241856,0.4294191779329787,0.8063285629687352,0.7804093920513372,0.7060143122358585,0.5097973163576023,0.3250300155926381,0.31098361752806863,3
0.534577583611163,0.10016099509970564,0.7083694744103068,0.7089715319175107,0.1931611995723854,0.4018266428037244,0.39153761776735463,0.8668645396667006,0.33776605406186894,0.5989487592060413,2
0.4063280722624279,0.6159562764307713,0.8383101312004786,1.3682728653258711,1.1722514800016146,-0.0367785599281889,0.3165328906876803,0.5507813581934686,0.6481748133187342,0.8741272068627262,3
-0.1704590804607501,0.31842789363088253,1.267280158652913,0.7027260763257747,-0.4404511842938844,0.3106198041160933,0.3616203292330841,0.4510785384299876,0.7605256873576685,-0.5646229255296497,3
0.5656659304083457,0.6613851109153067,-0.000577677352517042,0.6164583706616646,0.14797221697909815,0.8047355468588863,0.1926535866011117,0.2935626484721694,0.107036053748399,0.4410596850439551,0
-0.04996143681681303,-0.1137963587801605,0.8810683380205451,0.03207990329919663,0.5915668910729175,-0.3204308154836403,0.8355446732478028,0.610551524118254,0.6702459609920192,0.7682476639226947,1
0.12979063748499725,0.36169898333625994,0.6919655151234725,0.37228460820555026,0.5889870630403142,0.5388108435097947,0.13517654220379552,0.49406531200664416,-0.08547507648450461,0.1638520236645335,0
0.41184833227424406,0.8010653372414571,0.500174032329998,0.8290529419657376,-0.06572489224637595,0.22213784012829738,0.692344526951844,0.23997689077564147,0.12611765475390505,0.14664684423617425,1
0.5380438080683971,0.7118381768629825,0.45552837546753533,0.3663802709057238,0.6874685434630385,0.2960315977390197,0.7064548744404148,0.73359952474534,0.1356300683701404,0.4000078031538226,2
-0.0001463767446839917,0.917789631175611,0.7003199587363016,0.28051413108882084,0.9174936223392148,0.44170185464150935,0.6364849994742285,0.640088271963245,0.6843515648589052,0.6791494913094289,1
0.12175623294855786,0.0843190023604179,0.38012142295643486,0.7075842532731612,0.07165012247400265,0.40361635663660717,0.5245473615959799,0.8419707454837335,0.42307906964218267,0.4446878916929456,0
0.9972299065560556,0.08725039013769616,0.5136453282263338,0.3169421169611331,0.5186625944090051,0.1832675945159166,0.24470025886927607,0.25813123639649727,0.024255610191767148,0.36035465995663046,3
0.2655667191951318,0.3661203514174679,0.5818752191400514,0.2863263266302507,0.7205467256292809,0.8662847844647132,0.8803124390484605,0.12262283853034639,0.4877599488969849,0.6908432385464889,3
0.12612393337173727,0.42826093514743757,0.04414548506207566,0.05645417645268004,0.44427701426785077,0.15328129990913908,0.11187672737894447,0.31283605098085265,0.9080475548764377,0.2928139701285878,2
0.43632838605722496,0.41121319586290805,0.3841192736956437,0.8521779439193633,0.398775319138667,0.9122815087392575,0.9111656351953198,0.2903241598693479,0.06949548745934715,0.6190065417323274,2
0.04840769356392582,0.9588435766719131,0.68980155690879,0.30728465440343766,0.9436170337497441,0.3801221105501838,0.6058507787747562,0.5912031351292021,0.6875529895701629,0.722142023246874,1
0.3392368627514126,0.2131029602056517,0.26439594373825537,0.24838047593597912,0.43967178906813853,0.7575265459626063,0.8559410980200688,0.28149276706013426,0.3482032301453691,-0.03074728011245098,3
0.14829570598810554,0.3341373690886766,0.4231499167710594,0.1524283795044853,0.9294478988699236,0.8720814631971394,0.4373815761213933,0.03733322966129065,0.7823498577484866,0.11902888665952191,3
0.48891345877380493,0.8333238982124321,0.947417321520609,0.8534290742902686,-0.11535337073368646,0.6700279702636116,0.9274691114662424,0.4092575987254552,0.8476169195917832,-0.10809569809407135,0
0.7890577487950164,0.4313672854508462,0.6113172710397037,0.7347789162334951,0.488542500226924,0.8807074765514491,0.6545603065163592,0.23577555112934154,0.23991958789235385,0.4005014043705658,2
1.0092862509809706,0.43850536661204703,0.11707109998385234,1.095248894328178,-0.02557187944121729,0.049669746502183545,-0.0035711628504108348,0.9223414156027704,0.728906062180007,-0.04411747325940586,3
0.2664099347019681,0.9589276083566451,0.6657108278085967,0.4696749781521827,0.7830853850855813,0.637659715446324,0.6078714069237708,0.5153581903282097,0.17823204034490436,0.35056375624044894,3
0.9272262688562832,0.46863822754227685,0.028798658397322846,1.0039502461309078,0.035928235620165394,0.14249465766879216,0.008505505171804184,0.8950587771057282,0.8001029453512933,0.04939462213558425,3
0.05158304938010335,0.781693265543282,0.8464325668173173,0.22788290324455762,0.9858311305252044,0.5349400727140549,0.6957840797640243,0.4739666937649018,0.7165903328946073,0.5016704139006601,2
0.2744731549868371,0.32595950788275835,0.2751860988510261,-0.005663242474365376,0.6972131314613411,0.8479683483857122,0.6344090242303793,0.08436466633550994,0.6399284311553066,0.3557690710915079,3
0.1710224219821256,0.25718122982453595,0.3992549899064323,0.951895700172078,0.68857056255549,0.6536210447588168,0.3376789549017486,0.26547108553859045,0.33619555559211645,0.034046548922191194,3
0.577801170004804,0.7627660993075301,0.8023373177641118,0.8363831059305149,0.8029201958035286,0.41227670940233063,0.15103451780446095,0.9691700379066184,0.9307578951449702,0.7814227651830514,3
-0.1477592168498102,0.332562415796723,0.8275159154960503,-0.00543039956868599,0.48168508152899236,0.018842920362684937,-0.22578954323648914,0.9671173997809736,1.2086781363464056,-0.2695924455347435,1
0.17488713855943383,1.0748816443088456,0.5994730100448358,0.29494350777042716,0.8794446663088933,0.1835313527448108,0.5911924939762573,0.5782455053248267,0.6491727222722671,0.923586191552778,1
0.14061057975454813,0.11117293931962256,0.38048928761378814,0.7259744071992787,0.07971587701823776,0.3857700878538513,0.5299825426444709,0.8545489723566323,0.4312997387001953,0.43772056472667475,0
1.0083237004498047,0.4323377577534184,0.026813080145127975,0.9079647209610463,0.07577415128128079,0.12121116181203782,-0.02949676484516099,0.8727431593679957,0.7849083239414429,-0.02780083129889742,3
0.5978664456657997,0.6977708210624327,0.4770320000057935,0.6648930533945028,0.43877234816246385,1.048846947440246,-0.2765775621418179,0.8233395949577255,1.0399759678300922,0.29485372150720257,2
0.0890346210735969,0.9199094656571501,0.5553639681267853,0.2533874117443486,1.0926479719557927,0.46073057540495876,0.5031679400783706,0.5625704067047507,0.8562234364708432,0.6192519701339646,1
0.6971406338928849,0.43046559583756394,0.6098075552889544,0.7483698024692679,0.5496736935802045,0.9332531900160492,0.6338023238831574,0.31154055593296853,0.18483001538697524,0.4731876587074416,2
0.6050011043699636,0.9541982399422665,0.3012739410781856,0.5466255542454945,0.9960135921687483,0.5122822122064896,0.9472515148679186,0.12340789605434702,0.888057273668031,0.8301719107118654,1
0.1327443113613357,0.6821347197665636,0.9359431824660882,0.6500645445316389,0.7123587422039441,0.6497427369074502,0.42771322346928,0.4872870978816029,0.3613150048677956,0.48530831431583393,1
1.1177019533648769,0.6097243075824068,0.05784586527032054,1.04490614836401,-0.0715494223012463,0.2761961748163161,0.03254396512212831,0.8446351575801737,0.9041082657716748,-0.03357092872216254,3
0.9308306356118053,0.5023763428653802,0.9704719522493807,0.06379119852609369,0.1623982235616733,-0.10328985063471352,0.36954854960723377,0.9933469045689419,0.8253719934013903,0.8716554444103793,1
0.17017088638394212,0.14803901981307335,0.15272896578505585,0.24439884708126566,0.51064966387105,1.0483444456923854,0.8909677066823825,0.2488079654161912,0.7557120987029291,0.2842885153647696,3
0.05580899580168215,0.7753416200161042,0.8473448866705751,0.21713175500787682,0.9860433234400947,0.5327543707449824,0.6847676202445249,0.46170479962003813,0.7164692691693073,0.505720994283865,2
0.8409321687145717,0.1428202431084532,0.0034835585818850765,0.6318698972996485,0.8311693914777194,-0.024834810661850726,0.6623532368706654,0.7712265156284331,0.8418659071983954,0.8737379644283565,1
0.5374397650136351,0.12167249866625635,0.48635022130541694,0.799573678936888,0.7713677019483968,-0.4419455767866336,0.29360337749561816,0.298234829360581,0.2802734019582992,0.9751574275825641,1
0.5097843759420164,0.1226432094973586,0.4865890531872957,0.3056975141743449,0.41737075852188354,0.49648458881684776,0.3765362767918233,0.7778233755200502,0.29548329364325887,0.5891843681941034,2
0.9448344360185437,1.0378296137481162,0.7110075478779333,0.7158548135566832,0.8935358993208891,0.2478825593909784,-0.10036054319997056,1.1178909292354593,1.5572127231887283,0.4720722111603682,3
0.6565531448432452,0.5111187817521182,0.6280597389674784,0.8295136564469292,0.5242856960792216,0.8897587706990399,0.6572891838626453,0.3658331033771637,0.26143969179945037,0.45150489621790674,2
0.4412126840933789,0.46244542894703705,0.1593503900681563,0.6084613647670178,0.31646302678509064,0.01911537749346648,0.09886317386694393,0.7163425549585247,0.09266637371664517,0.6559607667128857,2
0.30865166311472436,1.2596656804568458,0.5150688451361329,0.8811711718754687,0.22498856135087958,-0.033585404643204864,0.8262690460112729,0.1915815227686683,0.9368964895658267,0.10941305086401798,0
0.928924667693988,0.7590603342767079,0.5281977567483321,0.45650256948236423,0.21919663121485833,0.3036717011256522,0.2823014466232735,0.1440468458598032,0.4262726164335102,0.8503819846098397,1
0.16635633967234484,0.4564207295302587,1.0612506923124958,0.2497863959912754,0.27361526199555375,0.001449896273537997,0.9985535352023548,0.18601285762331943,1.0598062629571816,0.21214939566092858,3
0.8680720276995986,0.4890174354091352,0.7372331996755068,0.6429526326325199,0.22737282685130322,0.473229087247294,0.11270007196316743,0.13533196095380604,0.420438209279713,0.9607607400488175,1
0.2014950678410677,0.8434240252737903,0.6582752319834735,0.042533190761937345,1.0732353903744458,0.3555472088348806,0.8351903969789869,0.5616782421741211,0.7202948470372555,0.7925612696075182,1
0.3628362548624257,0.9131944809419064,0.4563541166570354,0.7475063008694153,0.004569474006933768,0.2890501821604332,0.6317261804283639,0.24616430384329643,0.09338352150299552,0.19322432360479252,1
0.6198336391709738,0.09458273990095048,0.28481389250064126,0.279434625512123,0.46676122202088643,1.0051468373847325,0.946520009712758,0.2885911252665381,0.6316084153932479,0.006664068537153688,3
0.46833711174011317,0.2267249337171891,0.2783266754952568,0.1495905370368883,0.36043935346734357,0.8612739236250856,0.9438669267848081,0.25249540590447866,0.46006309531575107,0.040819232460871296,3
0.05686522451264137,0.7753799924140726,0.8481481468351627,0.21881070852691445,0.9852290303806671,0.5299237425668414,0.6862512382486841,0.4601930631453844,0.7170012421197424,0.5088624022580559,2
0.08243879075535526,1.0431903470837935,0.6484419293650093,0.3844676688034407,0.9684174412100213,0.4454352822758007,0.6278128097440023,0.5774145125575867,0.7462193491897829,0.7110621943300058,1
0.42758784341447414,0.15114956859695983,0.9134977072887733,1.0558837558827712,0.39472779054123674,0.8091406963162271,0.23417139500848466,0.5474029982395515,0.6296745910211103,0.27690763679012553,3
0.4398512967419138,0.5484149528513275,0.5965887893122662,0.06747034398130777,0.940467390409457,0.8533757586385065,0.7695439345894436,0.21523708489723814,0.6574917459506509,0.6141505945198246,3
0.3892313836387291,0.7329543415088869,-0.08939351352582317,0.5476202930866503,0.362947500898576,0.7462022083774025,0.8761534417727191,0.4148253509824953,0.5093736707676997,1.02036182410184,0
0.3921575403336113,0.8521324991779139,0.47215642081005105,0.7984064296832777,0.0026490101455381825,0.2673958942977659,0.6006535383350513,0.2653924155848972,0.1582456023392996,0.21036886601116467,1
0.12581903209105746,0.3832626231397495,0.01659000204946789,0.06697867267477672,0.4554518093443094,0.08002477003558146,0.14165432989562074,0.38082176030066955,0.9098766326072469,0.2493631525393058,2
0.07452266951571618,-0.10864964250717285,0.5040181206972763,0.7468504905996101,-0.04156794093119531,0.9337854633212518,0.668722884870607,0.4710388977878573,0.6902879431050835,0.6070689501344352,2
0.9157564438273621,0.7639214167167678,0.06907255232441141,0.8098001406190277,0.7031582991079599,0.5838907873730375,0.42661199739948336,0.8327573896097774,0.11455379653765689,-0.0314757480020825,2
0.31228244543859845,0.9676284069166168,0.6668127134014595,0.4215038969587521,0.8176627012696008,0.6396960389327252,0.6052701046160026,0.4727986823150799,0.1373110490172273,0.33808331761092425,3
0.2679385060662985,0.41450233684503357,0.5976863405644004,0.23564549836974244,0.6971913517237949,0.8938043227102234,0.8372281270372558,0.12603249765796798,0.45890376364690466,0.7033095764195434,3
0.7647247819976342,0.21704590339378,0.9287314733434223,0.9944110412439876,-0.560442470812572,-0.7272400671132784,-0.6001162201440993,1.2568645387773278,1.0322753046607542,1.8570381850375495,1
0.8526868472428729,0.8827510699305612,1.1285790682135997,0.09349390939091466,-0.010002817510334078,0.14712342172799248,0.047885336972900816,0.7111344580364692,0.6193221547829455,1.0934084662295238,1
0.4173770265531279,0.8198855180366574,0.4691925463847386,0.7821837419609323,-0.034972606668780895,0.28181353115638547,0.6346573588644756,0.250570535924217,0.16903249329220998,0.19867811094118093,1
1.6037551202944624,0.7145880701808969,-0.08322455221073771,0.7446101979866748,0.08826880313297192,1.1656509311393624,0.36955107833112666,0.7105646459225007,-0.4214484596776655,-0.25538089907491573,2
0.5236699453974483,0.8614508758447675,0.4550196159315894,0.6834692982959995,0.8650803903848433,0.5850539774482636,1.0358961249773462,0.18441630206113718,0.8098296647852355,0.6703510997161017,1
0.4340213801168769,0.332282840722693,0.3679429937672119,0.7528982984783991,0.6270823657079618,0.2674385293034286,0.12904528516150618,0.5480691711244166,0.27978415072423346,0.4949710749914962,2
0.5979450630545684,0.9650683085500961,0.3030336586140547,0.5621263414032666,0.9795842398203235,0.49456949683722623,0.9644565244933124,0.12809355780498372,0.8841261250207569,0.8208266534559227,1
0.3965507116730407,0.40882825992578536,0.7540318489325089,0.8407765058723715,0.693212508482709,0.4358399006205577,0.12662110428048257,1.1102378044888284,1.105722295640712,1.2416821001396672,3
0.7146533329167999,0.07362802201524116,0.45097650419666224,0.3804572260162927,0.0004807330122007514,0.21570687186040477,0.058593951354958845,0.6509361686488816,0.48112641280167656,0.7138358061073661,3
0.3443085615908217,0.9117399657601968,0.8840663674142615,0.6483923071976634,0.8077229669566482,0.26172524008664416,0.8420936238126059,0.8858672130948,0.5769082564909104,0.096314289100116,2
0.4294715442392404,0.693371479360849,0.024514002408006913,0.5938439924291977,0.35392445763411556,1.0817837774171357,0.29702957057681334,0.42471720040474675,0.20028173392022294,0.22318529417641886,0
0.9710417216025313,0.16153527089755154,0.05455512908178233,0.6566453205315157,0.8922151334510697,0.20775888290934236,0.5802503149079119,0.7580616662316485,0.7356441125333313,0.7430276008523778,1
0.4779169012823866,0.822581081450531,0.22446155123703115,0.3026695116961561,0.011640091218428766,0.8890092993693817,0.5997028773911115,0.37891656069357577,0.20838397208055642,0.992626861176058,1
0.6641601929076141,0.101469207587783,0.42487350989481043,-0.06548528204124926,0.85721985398066,0.7873765300464263,-0.03169423941329497,0.9883927688783739,-0.4290585513371985,1.3613207715899642,0
0.19972266235428737,0.37505524548759833,0.5988582815818158,0.26623899427695247,0.7778885752838285,0.9061174281381846,0.8425348408253793,0.07747452386864204,0.43584802968494235,0.6558361382552138,3
-0.3717492167194474,0.9549437917684005,0.979767052301465,0.3863667520195978,-0.22999362865367068,0.18379773086073237,0.5354283733607581,0.36880903026631096,0.4489492277758891,0.013045943283157148,0
0.21763539476434923,0.4544991170874771,0.2064905111628933,-0.8154827113794028,0.7570469186426376,0.7186812071001282,0.3056473768637721,1.3998583323273261,1.319802497840618,0.3943477844870024,1
0.23108930867027508,0.0717360294252301,0.6804884278906596,0.42330459380471397,0.9916548522892425,-0.009324817733518117,0.9038674225686959,0.4964525405945905,0.4162111908451028,0.9870077916896103,1
0.8679164307932034,0.18427395666466828,0.6373513395255266,0.42369992256840583,-0.2978801499075367,1.4165449973096442,-0.1984578285219899,-0.03445620674604011,0.6026466590890721,0.5524136432173394,0
0.5448449491893528,0.8938306399122449,0.646077621200683,0.8678284111649416,0.726044565258744,0.5017647616132218,0.1960339036575228,0.8923552794393275,1.0765319752105884,0.7338125951171777,3
0.34741969418566326,1.411426052081338,0.11569939077550451,1.058070771751337,0.784365155688924,-0.05155208344032142,1.4319089845243242,-0.024814414419465664,0.6268216969435219,0.9297894570057709,1
0.4012781407298561,0.7614137882984173,0.8067210426335873,0.6719708346058674,0.15269605793263213,0.3391272580630922,0.9616392427701845,0.06327152049287657,0.6989655597713206,0.6688592377958911,1
0.2752547945421548,0.9438254997756851,0.6695085043992212,0.46681516243356475,0.7768688104739324,0.6432540803906704,0.6093403685852181,0.510029779440093,0.17748805009917915,0.34445893035702685,3
0.5641665764820225,0.18362794046079928,0.3622552109262185,0.1715786589133222,0.45295322577622565,0.9557503101782041,0.9053636330669542,0.23948716666088649,0.4155895669307854,0.007056072125456732,3
1.2439035722692982,0.7829258060151983,-0.21572898756647807,0.3166752994390386,0.5657595047146697,1.1776972323171477,1.5125315286447116,1.0444009146645572,-0.2848680549682395,0.2707392174019937,3
0.39344490897721085,0.34967299751389547,0.35155437213583596,0.19503127104452503,0.3089215481039543,0.9376334621898859,1.018019414149924,0.33020504453189237,0.6040214392443475,0.08134880743509543,3
0.9652365494260942,0.705595297756076,0.6623257378788184,0.23216846183023276,0.41423311623005626,0.4754540660705044,0.44422607201444025,0.9606187898382981,0.6469922030145318,0.8280892677264573,3
0.8964196086561355,0.1219037561414258,-0.07581028327411266,0.6663274147391783,0.973159796882327,0.11993921688494892,0.5504446790621024,0.7811215239100062,0.6373607415652092,0.6500220080810488,1
0.8374518862936471,0.8094829856207846,0.6190775365775344,0.47963192194091625,0.1682896253615156,0.26320676596071535,0.3541695129210416,0.07686046676143515,0.2534055270190545,0.8218783652138034,1
0.09861152815436841,0.16884303707194195,0.39575259028726945,0.7109505310475283,0.12882153475757455,0.43734467241627417,0.5001605831249502,0.8570951321314575,0.43314904310262614,0.4479861171032629,0
0.4096549951685227,1.0390858156181433,0.5796823220996279,0.576810183114776,0.3210597906527936,0.6301251165116628,0.7690178721336092,0.15930232360268898,1.1096268018161861,0.5161075611373817,0
0.6601421501775974,0.3866235947173575,0.5514010016896549,0.7216061554462531,0.5228528478966462,0.8994333422365143,0.680879038418902,0.2904116558190468,0.2135167036347751,0.5143350372483939,2
0.4467844713055087,0.565204073189864,0.819786182802504,0.47974354597194024,0.5535801455099667,1.285442877002522,-0.1306048831035016,0.9302303756839856,0.33283793401975226,1.3547115210532228,3
-0.13336411004149074,0.7718419660870145,0.2712724421917394,1.3488399312062318,0.591074724965609,0.27143953315941693,0.9289959463871564,-0.7011079406656504,0.06876694860660543,1.0807983442182794,1
-0.05078768215136503,1.0958563909811567,0.1386104837496199,0.27992952862503734,0.7707348254485747,0.7567803344524154,0.6368297622189146,0.024211409303518894,0.038260094212634044,0.9280561391747256,0
0.6233236278322584,-0.044675559907773,0.5052328512148846,-0.022239001462321828,0.15632561441243353,0.8917259847511078,0.2556947579689116,0.34497533728612545,1.1836523497444273,0.03362163014657238,3
0.7347040185186338,0.6510221555955743,0.8682082201619088,0.08590109201932765,0.12704184691559392,0.07156757617990171,0.3374834198813534,0.8931084739785439,0.9239000804117901,0.8274486914503769,1
0.932895535928756,0.7644340050893301,0.5066307455613798,0.40968361804983566,0.32542256518010126,0.2645916070375207,0.23043018467533646,0.08225395138195145,0.3749357538178347,0.9065282341959721,1
0.22922395755007763,0.31799502537366614,1.353473231805006,0.859497091260781,1.0582142627231674,0.07156805068002947,-0.2209978952550164,0.2876883484761291,1.4708621000188762,1.2478955489934203,3
0.6108863975951944,0.3763774210152684,0.18490995525851872,0.1016007166718228,0.36869531383839754,0.7168569844882096,0.9109078650046832,0.21473217632384825,0.35208548264288875,0.02755486110290268,3
0.7812065201304373,0.6503697121913432,0.8886353209197715,0.1810859432697226,0.0595947214416577,0.09947898001392833,0.3786263651024014,0.9669041253034765,0.985445826313579,0.9408573094912026,1
0.6030027026085749,0.18758324393195747,0.4164062092835722,0.38597376952654183,0.32638664290441405,0.45598636925161357,0.35131344202594084,0.702478678900188,0.408266988112812,0.5332871636606822,2
-0.019993300887737986,0.6803849275254272,0.9470823880532421,0.2920351056770252,0.4550962374866983,-0.12349439126714132,1.0509974293627684,0.23521357595344283,0.8586181437923256,0.2445651450366219,3
0.040095056573280774,0.9246630860808481,0.8348661011933218,0.7727603396250851,0.19384005804467958,0.20759014915740379,0.9760408376079781,0.5103107415008898,0.6648954800586933,0.08606679277361898,0
0.024609470737606384,1.027666464841991,0.6462516853210319,0.31339618008970627,0.8438389332081435,0.37182742143698255,0.5052126502876948,0.5477306538946668,0.609504721044315,0.653421730377864,1
0.20231647048854748,0.779714619997944,0.14952985040519273,0.9957334153638154,0.9594326487173145,0.09293638950690303,0.8862069960937263,-0.4258905713245945,0.7279798007683903,0.7215962904466404,1
0.723307579744104,0.49466745507918575,0.6170457310501377,0.8052435982342258,0.5435774810945402,0.9478761548929969,0.6902335298570481,0.3120677618324483,0.18924320669089706,0.5023226211170485,2
0.6451320688464165,0.4536730027263258,0.5442440229425585,0.8068115769881182,0.6184578059714769,0.9811159812075569,0.6966747322090999,0.2551327267898343,0.25136230718329566,0.4411417627522883,2
0.5192882016357944,0.6608669522643009,0.6119269173919126,0.9942841334046576,0.7530583973170342,0.35103647795183646,-0.11976701356551689,0.9102750717828016,0.8482235994631886,1.0850945448141347,3
0.24515148428430567,0.24315420160237233,0.0710502699831739,-0.04423978660221262,0.7423410265463148,0.6692740496464367,0.5213817370156855,0.07869222251766125,0.5697186029232522,0.37115032002297466,3
0.46445524084444556,0.5499121357083272,0.18888094604387823,0.5519085061653971,0.4928918621506103,0.6753024751363083,0.9708183484901092,0.8572817936074768,0.4466614623817813,0.21354853018776182,3
0.3910446174451855,0.5559222464069885,0.38769544714355486,0.18121710626565773,0.03566201301908997,0.6771507137861891,-0.0022981305884402295,0.6742694308901392,0.9432457337648446,0.12130736666122824,3
0.28013793227791856,-0.11329169225634478,0.4093267792029004,0.623636276583712,0.842006872283072,0.3793251224498869,0.5903292469678109,0.24514630484775518,0.15297658114118065,0.06463093327523395,3
0.2542687036314001,0.34955098508738863,0.3034364512360512,0.0016388269731042009,0.753232644385836,0.8368273992164869,0.6923874658034569,0.06073615907278764,0.6786823583582262,0.35227245472906354,3
1.0261357213157314,0.6194637715952146,0.1650521879990696,0.9213571039825007,0.7018236224055199,0.7734542935251416,0.6032931559543817,0.8608766418261568,-0.08064361373928751,0.026115603430706763,2
0.26314744098663967,0.19145959890281844,0.435472399978989,0.6965226585348121,0.07805137016208061,0.3097485285603324,0.47058193845243496,0.9148825267823519,0.45541085024124006,0.39028840512474633,0
0.5340202740946954,0.13132049781036684,0.48987245439822663,0.3861480045855328,0.4884475514337742,0.4366714099808613,0.3218672373922223,0.8214262960358216,0.30305709897838906,0.5524808733109724,2
0.15818233612749183,0.9788006345146417,1.0670774717037586,0.4178264466819686,0.7172788436612733,0.1890936038844975,0.8541148867784246,0.8117673594103901,0.6166316838652124,0.015951412109893037,2
0.2363292290942804,0.34537860703151296,-0.0823475701642302,-0.054922742527214616,0.5851391619501609,0.003690048841515456,0.11987955513109853,0.2867663896362717,0.7923015103009263,0.05595980514450111,2
0.36016704183285553,0.1393691281071418,0.5457821236525372,0.17240339679145744,0.1949413051409675,0.6179333272588637,0.21225666138611615,0.31582655557221373,0.8172375332163316,0.2833210965497626,3
0.12621365536909848,0.381636869957191,0.033742872895879544,0.09383176844340602,0.4673428311423418,0.0745072809307295,0.16458973672260604,0.39238426517016095,0.9407279362821312,0.23128722101314764,2
0.6999510793486504,0.46787408528476654,0.6797323776088764,0.8107146147555915,0.5342656181288885,0.9312669380326352,0.5487010087946105,0.3865365018676291,0.18141586857878547,0.5555814389893449,2
0.9193538019252921,0.43251687415679074,0.25012441617607095,0.7897872973557379,0.7517422650819803,0.5896491992825715,0.5436411634394123,0.765928733163175,0.2186099198243167,0.09364153490278918,2
0.3408935804587734,0.9785026535895142,0.8004734711480851,0.8503119501959931,0.6578751870269339,0.45943525528714513,-0.0038586507970799766,0.872698290777871,0.8109172108930178,1.0710586845340284,3
0.33189549882047026,0.9174926483658244,0.7091869860552367,0.8102672621929546,0.43134393175683616,0.24077423142849058,0.9114427132530916,0.11867749689328655,0.40687385569800466,0.7757974896248658,1
0.24847469141026773,0.9204171183521055,0.6555333674587441,0.4240649766155076,0.7661217456687882,0.6323378612989833,0.6054371865853538,0.5540320795824513,0.13281873594950958,0.3672465906568295,3
0.329686285514632,0.5166092001566813,0.3413978326869498,0.5314836927799831,0.4626862816843684,0.9486140555044712,0.03016221306560346,0.4228201937483341,0.3802676159802764,0.08577735316163013,0
0.5108632585230717,0.6758872640036023,0.9260867245461902,0.4350440104957235,0.9783698780927831,0.6954884813305853,0.12541131697864835,1.2003185877936047,0.9557224158065794,1.3563432744192279,3
0.5637226356391563,-0.06190233437229167,0.7235650639923663,0.3040213184030549,0.3263008063580073,0.8163866731443014,0.10972985959054518,0.21006201941222555,1.0741315551007304,0.0977716810420074,3
0.45175595598910645,0.003696852545319984,0.4940935458149471,0.3586317737969813,0.38618329330332685,0.6146865017978776,0.3856455183467974,0.6621298722310771,0.17056439283848415,0.45549567171769845,2
0.04708604994430212,1.094435736865472,0.5849112482460823,0.5966056001786793,0.7743454073020397,0.6447500149377514,0.5973181588864558,0.6697034185222728,1.0893962876972911,0.8845846905672858,1
0.03055922632845768,0.9719649893726954,0.8501812275963098,0.7747624642621804,0.1302560579646012,0.1358986988617297,0.9321291747279901,0.6030325473913865,0.6995381693153597,0.0362105731316399,0
0.17416496741531873,0.7893476584198167,0.599213362536998,-0.3551885424815756,0.7534971315950394,0.6462122280250907,0.33124879227929865,0.538392172397596,0.38288963660722475,0.8987735181929195,1
0.15428408980332295,0.11064553789581716,0.40981487022719376,0.7382229608673683,0.06537766213221013,0.4050426120809833,0.5423642481343259,0.828614701049023,0.42483695583599357,0.4335447019845431,0
0.9612989872820125,0.4960450430756459,0.030365491134982804,0.988459741281028,0.0675687522061181,0.11799068646615676,0.026558650076819283,0.8825855969689161,0.8080065912210971,0.05504261394131328,3
0.8348893113358519,0.862346087676558,0.5760635805323198,0.3890620330044634,0.8568497846144891,1.035515728178089,0.209306308363227,0.3405972568795941,0.747614191557893,0.34486426576080015,2
0.3457628661099714,0.4555552784607007,0.4914294375034373,0.2270748720759522,0.627656762228615,0.6889193449793605,0.815886120269284,0.2730283199386541,0.4435562194810139,0.46835891541034236,2
0.22826963422814306,1.0183957791977947,0.6759451055039595,0.5351386849951485,0.754764404067975,0.6436895352090202,0.5434236688581998,0.4926403392853264,0.19385071550931046,0.28684444899654116,3
0.15038641390762578,0.1615858431393278,0.20703593873329615,0.2389478618851902,0.308520652273688,0.8703114087813951,0.2496416939866978,0.3583693277207254,0.6854337611279471,0.4994985930078104,1
0.40235165304515413,0.6723275292791839,0.8337699147766087,0.7853872826039557,-0.19059813533710834,0.6200296074914021,1.2738664900841123,0.5322368299798583,0.35218657965504474,-0.1748588238735619,0
0.9493937163605666,0.7959399167787332,0.9673099599409736,0.002258152381999917,0.2964685572979252,0.08939817710143905,0.404315141147068,1.0704684032305698,0.7921804706402765,0.772274630602431,1
0.6115228611294137,1.5224794170699805,0.07672890013436662,0.8678607519674105,0.48266969163645523,0.4649522721060416,0.9949792749487385,0.80268042280537,1.1213209943709583,0.4823689587047021,1
0.5969539430668976,0.7291549898770828,0.25739717994394495,0.7260185325250541,0.14244880802087334,0.8673833280665086,0.13250531598077758,0.4263814028524581,0.2023668354887764,0.3905828153949047,0
0.6228596083315856,0.9493066584247101,0.3114031372575991,0.514623758254416,1.1289999254868965,0.46755882577297775,0.8426109333675177,-0.0110840625457449,0.7175090473969084,0.9700685649061651,1
0.4169380614679949,0.4692098269847022,0.3486046127458914,0.10947133700305575,0.0893792996387215,0.7589446961843759,-0.004395764783160547,0.5286761743957822,0.7767773220709866,0.1988314015465617,3
0.3300964940372908,0.454951033671329,0.4864742417152649,0.2942073540327558,0.5995642262860611,0.7015008319832162,0.8401453886823038,0.25693458654076484,0.38140771595700446,0.47924938880818363,2
1.1530403342122997,0.323397535417113,-0.05801524359430321,0.25590578942223874,0.9654777860722171,0.2521390846034911,0.01562810777588486,0.557733225271366,0.6600198526754031,1.1547908283748447,2
0.15834155099399277,1.2043939329141775,0.11892550275263047,0.2215393942065491,0.6202245379197467,0.9519855310803711,0.817982589808562,-0.05965755863260408,0.08515595180837951,0.6168341735818497,0
0.2349997034189076,0.7640006668762102,0.9284714640125491,0.6640711359974094,0.5914113597504367,0.33523056716945054,0.7758934539970297,0.33461516384077933,1.4367601619292572,0.6461862314691067,3
0.3628406077318118,0.12526125789370743,0.6052671797954883,0.2592803205462117,0.2922728997243672,0.7045944610856658,0.38489229159343097,0.8180805826963969,0.5275294070125799,0.5540092045141097,2
0.5444554163310895,0.46694332640262604,-0.21632691961918216,-0.12366566051691968,0.41995129519723673,0.567892580001848,-0.06650239761657112,0.9598990920999174,0.25949282393123896,0.08560324721259788,0
0.2985547465817794,0.6141539933331545,1.5326668430853443,0.39091455383885393,-0.2797263632782984,0.7013004097710531,1.6221897014061395,0.40133851418483235,0.49206621666419154,0.09719301694195226,3
0.39589882962876083,0.06898605880974135,0.6201899124110246,0.12845130148186845,0.1587307297060972,0.7263184377472074,0.332525858868028,0.2945830750381903,0.8971027558975466,0.26455461022106014,3
0.4807939343972158,0.13332167059210165,0.4522359498026949,0.3012277454652517,0.4456214446387147,0.46483140009840884,0.3591236895324077,0.7664507424864275,0.26958421302462215,0.5606644490134899,2
0.7517918968661759,0.47661913363929087,0.1356598983652853,0.6561782969815858,0.5178130284878237,0.8267224371946054,0.9125359666678253,0.8475406412938999,0.017686715265442576,-0.1376524599782552,2
0.5652666267410646,0.8941802585067802,0.33591440439517706,0.5831330324675499,0.9076566998832472,0.47904787557821304,0.8941648882033825,0.08644514682921234,0.9394729989045076,0.876451290618052,1
0.20245773676706386,0.131786316350423,0.34586285915772885,0.6683686290683339,0.1503211603940673,0.35734426599335867,0.5546382491744858,0.8136562369017701,0.35751006615454345,0.5118745433305409,0
0.9600952792719074,0.5895448619646864,0.14657524075412534,0.9886264200231554,0.6573061940238015,0.7057499058512429,0.5193028768870448,0.9768956474454794,-0.006817839945787782,0.06283540818227984,2
0.5650492629512149,0.14436357841872527,0.468168579866429,0.3114851487902095,0.4857917104037683,0.4963977578466475,0.4550548246720463,0.7826245705832582,0.3711208120932387,0.5964822707191798,2
-0.05523897582445515,1.3029106687263625,1.2320921780962806,0.5105789257122724,0.5478183414328054,-0.012602683608545329,0.9082050626450926,1.172240512813242,1.3235853674591458,-0.4051349156669489,0
-0.8521441255036638,0.6460167746233141,-0.2987031971075811,1.2139348977336661,1.5032136664483102,0.09446052184809292,0.47740412529371135,1.6988669955113178,-0.41101626100330213,0.32181466930305214,1
1.0878779935374532,0.6218782536507166,-0.010372631354670342,0.9416792220297063,-0.07721110128257803,0.12163174342450565,-0.13026005429211207,0.9720929894645788,0.8659038690610441,-0.008823072836447905,3
0.05911878139353658,1.167742907160388,0.9709194203585503,0.04356257437392408,0.8223132377013193,0.3008743393176653,0.6020718473029693,0.8644603271903416,0.5228705581751973,1.0184317112046617,1
0.6574802694418163,0.6066259833278811,0.21543144753820687,0.6667069901536955,0.1638159630980161,0.9629156560158267,0.17025781617621166,0.24375606197745533,0.0435019283480928,0.3666090539079399,0
0.3914732392170162,-0.018048112576138697,0.733366608755303,0.18240182420584894,0.16590698741252238,0.697170645488252,0.386343904974369,0.08599277034653391,1.0044069473413506,0.18695941561820636,3
0.5847768231004932,0.44215649917394134,0.6829939725545146,0.6645725482125969,0.5671414845625335,0.9065149742442141,0.6780886298277707,0.38768726898544226,0.277667316810942,0.34187711781792773,2
0.5734316956322582,0.45601852762280964,1.1974597690206115,0.7753408211414504,1.0455381347739565,0.8046469856738087,0.6906227310504576,-0.4103424529677002,0.7466978697910354,0.28864834648451915,1
0.9287852906636686,0.23543993483851405,0.036428939379773095,1.0418160228999727,0.6944606613119086,0.995526866636852,0.2871375051737941,1.1137300287735892,0.3463531587448451,0.23235319968677437,2
0.44714700752142056,0.20836837300719993,0.29637569107667144,0.14018146782360005,0.41200062804610355,0.848776803346924,0.9897925081693861,0.2816883911437194,0.3907911622469522,0.05129614491123666,3
0.05676261372243663,0.7740450890619396,0.8462897499752227,0.21939350339417554,0.9869860921009322,0.5320693764097164,0.6849713497205712,0.46289192660956485,0.7161111937613465,0.5065530937661987,2
0.3088611584366771,0.11484904157385174,0.15159234162872703,0.08665397751941761,0.3698905186720053,0.7293539420025585,0.8638401197000272,0.3479815366468483,0.5058743155449555,0.04614974737728634,3
0.9413551847036894,0.5080020974069791,0.124575558658056,0.9111799546285008,-0.006430020221400691,0.16816118596618113,-0.08570601861067395,0.9023052065664066,0.8304763289058885,0.05693331662560949,3
0.4897453375341294,0.6351987040250582,0.8410353012737923,0.727605258883619,1.0710926329354125,-0.20247657986479117,1.229957154619587,1.0667160618170466,0.32281576954471297,0.21250830698724052,2
0.13248490010081598,0.10021159017960263,0.38709928127935983,0.7220127878362211,0.08885475081037625,0.38807978363965134,0.5324328010899959,0.8461731754048921,0.417341019104201,0.44959254588646896,0
-0.09132806944743521,0.25930957587621906,0.3053928384746747,1.223404263675746,0.00678667224024504,-0.012252333841118568,0.5846045088905668,0.09885471325728301,1.256712442573586,0.8433598782623051,3
0.4663590667804314,0.9705740153191184,0.43936747498412326,0.6198297105827346,1.0368692288454884,0.5003717238233374,0.941907883431935,0.09480273594327984,0.9357032515127504,0.6668224786174184,1
0.08712266939996895,0.9308111304717303,0.6712833483761224,0.31491239497554196,0.9523635379958444,0.4163306641878624,0.6142585293185294,0.6039794274005019,0.7129809011371677,0.7285767833546425,1
0.16630150381331257,0.10213217478447702,0.4246294123080124,0.7300136749206164,0.08612801168680347,0.39644552334522887,0.5341839151898617,0.8599555787032511,0.4013293310810271,0.4088406631237147,0
0.016559506248555428,0.5752572695381633,0.605419907967671,1.0184875095070467,0.33839950990140205,0.7923973042643628,0.18416084887202122,0.9160361647976873,-0.06643580039246583,0.8880749974827262,1
0.7713166028978827,0.7010390716860713,0.6322842922516859,0.08522429037489199,0.056178368580576066,0.17123271436619175,0.5274070823820298,0.9889455460896757,1.1424676420354527,0.6041916455515681,1
0.26613829693948676,0.9804519988663314,0.1410757950695788,0.3048780230594993,0.6828608254454352,0.6243818390889874,0.4655068608537179,0.2689801757166566,0.45304112477262093,1.105553424202657,0
0.05306516586971869,0.7705020473602039,0.8520218287481159,0.2168217178180118,0.9846141436392604,0.5263951760862403,0.6798605701559998,0.4645542293658866,0.7109566271014677,0.5076258177724817,2
0.4459602373842486,0.6280235081466069,0.2814825041156118,-0.23755140371958328,0.6739885213110921,0.5244388461619162,1.0479032305019917,0.15548017231038933,0.7427676845774497,0.5991885393814733,3
0.24381133916297806,0.49822464253096366,0.35462425424649163,-0.09376874918633595,0.7825817340773029,0.7263494209862493,0.6857519456530881,0.13083603310232597,0.7038791422353629,0.4410241808297344,3
0.648510862308551,0.5622294922021154,0.9250907167414197,0.669813870713717,0.4644224744694043,0.40599430404279313,1.2161236212337538,-0.13401291393268755,0.1767107136449174,0.6434940590928262,1
0.2875237644986342,0.2420515037037428,0.3699954276265252,0.12284821896495116,0.6326994977140252,0.8611125965255979,0.6557476677122379,-0.034600447231019335,0.7666936074851844,0.4147087400212647,3
0.4341930307792107,0.24651106889512137,0.24232229881426026,0.01840170401768071,0.6317297089647552,0.6407370374478836,0.23041331994193034,0.6389693748073344,0.5246757338295782,0.6502656103624047,2
0.6807971714150419,0.5862808246763063,0.7646937562217402,0.6781280335127885,0.7307874614663614,0.013147541429269105,0.9786032347414895,0.8268567461139288,0.8008899933631386,0.10862054124450303,3
0.2205378036783985,0.36151754516757495,0.06451326016800779,-0.010572265335830111,0.4237187931972201,-0.022847488585401185,0.1251317847549999,0.3954167337872532,0.8676296810692731,0.33528120078602264,2
0.33839186948699884,0.11316630930712188,0.46116288614177753,-0.03476143083503794,-0.024864466991324247,0.9302513772294554,0.12390186074565546,0.16633512462725802,0.8510331794554392,0.34450699604387924,3
0.248652649650447,0.9644856070273969,0.6956818030805655,0.4614737941026549,0.8012871481061612,0.634179093834685,0.6017721775022683,0.5019639829681716,0.2077524130414757,0.37576758922894127,3
0.6833703541085485,0.01157862941775488,0.45209695019019236,0.4579403174249953,-0.04876968347828761,0.4763094051836775,0.026634513368227364,0.2050478116182079,1.1119023826163308,-0.01302199668226145,3
0.5102756877189663,1.0118012013632878,0.21566192629781933,0.6087746352595368,0.8840586919126776,0.595263873917542,0.8866929515262661,0.18523529288431753,0.8624192921734081,0.7901722440112974,1
0.45509278703072886,0.5443509070188013,0.20496609277504327,0.5806392636795746,0.4874267677607395,0.6489030656244346,0.9519172943772827,0.8677413902897072,0.4461297482907303,0.19913314375549945,3
0.09265756348144014,0.22094419976135282,0.464218624463263,0.5995912414607811,1.1370988878768715,0.16256874120945222,0.9836345928009411,0.5288479206049488,0.4747238543088833,1.043736923653842,1
0.8958871860327879,0.6378843167708923,1.4674731385833701,0.43988350359964007,-0.4061508810251423,0.23708351346612813,0.1461239822941871,0.5450175452000434,0.8836687907162817,1.1059555650164596,1
0.6172523110851186,0.32900542983578995,0.34484880269329626,0.19610910383414934,0.500287114040407,0.7382301231443145,0.6150305764182082,1.032264500472266,-0.05801985176780167,0.16893376086994888,2
0.43633136772444997,0.11309709917174743,0.7240551751964457,0.4174104240326215,-0.1819066230630667,0.6460756130472971,1.190170847809782,-0.13176876128499804,1.3119218300492148,0.6976445574498618,3
0.7683341783894829,0.3871576777949435,0.32239963275736033,0.5360897894260183,-0.0712730532333713,0.7464371858882441,0.3447054506917303,0.4670036997156635,-0.018314441873650736,0.5306618588816103,0
0.49257039904409194,1.134855535514805,0.780172613993436,-0.11628571962164386,0.18732485902706075,0.9622202779948943,0.48627266790033463,0.5932975345309129,1.0824415076039513,0.8154156565023791,3
1.0070105441240593,0.4677128003325242,0.04115338969473126,0.8965820160415883,0.0023117615451317963,0.11086262773317998,0.16042353760574213,0.9690931817581065,0.8872898049064393,0.10106562689984336,3
0.026435981893566954,0.8267966620475775,0.7743662267484748,0.2031642039809743,0.8910335426734495,0.3609853027949294,0.45140644804248964,0.6524059635155208,0.5776686567228654,0.686171442509655,1
0.5060325217886341,0.03706655897223102,0.6161370754304077,0.34832050044696156,0.4134484936768822,0.4942067633920418,0.26218751834317794,0.8160531875141093,0.45052960939394937,0.6408136175517243,2
0.9667702100334686,0.17591912163344642,-0.10666699050204932,0.7794800451426918,1.0041315986823345,0.0861373332417969,0.7311601303147113,0.660054120946481,0.5989499907741924,0.5910571229278344,1
0.20623190079902098,0.37136740607430485,0.07241183685610089,0.03601215258565646,0.5130166425184394,0.15223205401264248,0.1830836648671486,0.4288156868474278,0.871283708607701,0.235496066413028,2
0.612816608191723,1.0179827149988137,0.27692315319262223,0.5221330931486715,0.9929224822637925,0.5184419042641808,0.9482518538152406,0.09504942479539338,0.9277386517958763,0.7813005815461944,1
0.027629337677773334,0.9482973911391408,0.8129448099079488,0.8575248339252628,0.15799993631613804,0.21229874457810935,0.9407721115897093,0.5617886617189822,0.6828447724502306,0.08088033538435808,0
0.706913546185535,0.45531282850888827,0.54987627588049,0.8059253779784973,0.5167903105524231,0.8793648548456359,0.5954096200395165,0.35782689577515914,0.17209165551825656,0.5380985177426116,2
0.42532866438237393,0.2711871761847689,0.22196332869705424,0.07775926785779773,0.5079037387923916,0.9950290647150284,0.8277303833670839,0.0961010553053617,0.28825868923146414,-0.11242077050608534,3
0.4725213240901036,0.5514915508063071,0.16324270495544235,0.5828156911210163,0.48919733568746115,0.6666326530229891,0.9368728066236148,0.857154207905204,0.4497470096239191,0.20141412519457227,3
-0.03018320292393592,0.8825752298263425,0.6645819691139367,0.23980367650909898,0.9577635634346316,0.46033715369952355,0.5621102982698953,0.5118044541105413,0.7098393489805565,0.6847941479984565,1
0.40909537909234006,0.9394363029488921,0.5467384025912388,0.7785290411059862,-0.3660846996742373,0.12777188727412006,0.592751444922431,0.11516475936576032,0.26542572521502783,-0.014986973883075821,1
0.9240385594195882,0.49112554047471846,0.006700467076195931,0.9974896400603825,0.056504213984358675,0.15282309458167775,0.02762543901483184,0.8820433492307747,0.7897668866788451,0.03510106845804935,3
0.25665529600331327,0.5382451014425601,0.8229989024314591,0.7094282934747663,0.8495251968708266,0.6626556061010068,0.34416731456338023,0.590877566080988,0.44100341291839373,0.48822728602628646,1
0.2888453160899821,0.8845698089422565,0.7502589203594192,0.3861934109528049,0.6535247544542937,0.5376867167920856,0.5540596480135386,0.4218226043323491,0.16776706255740062,0.3079652322052394,3
0.2861318034769963,0.4259420060832079,0.41256355246941134,0.2994131275395203,0.5710525672095561,0.6979701286466402,0.8448703743892907,0.20487653053119118,0.38765779005108664,0.5034417938897695,2
-0.33445252782647944,0.14666542258783244,1.2522576927358695,0.16589449864300038,1.250029063952286,0.7499850490311681,0.32748228085437875,0.2006643660542236,0.649302387967696,0.8887538874561415,1
0.04617400731577954,1.0216194646229662,1.182174943728337,0.10029553117098522,0.5850911770514633,0.721774222587886,0.08667648680524215,0.8475996612973627,0.4524993647849102,0.12802192942622015,1
0.31697702516947207,0.1839657058854955,0.6311956293877303,0.41947005082856276,0.7010477676503325,0.9624128011026477,0.9015843013537119,-0.10954683398970311,0.36554077457625633,0.7811691472796317,3
1.0259355601851832,0.9957468893241945,0.5725818139425453,0.11516822033555468,1.161005554229676,0.8825936806743125,0.3809358042329477,0.6179122846061804,0.9391747114422174,0.25456171379613246,2
0.12618753629421808,0.38154394295903815,0.17926070983249992,-0.052309757686579667,0.6941429777951426,0.9129930282110124,0.5789178614218087,0.05289612604138992,0.6656930767474749,0.2655393353142152,3
0.1566589697349954,-0.04205030269270557,0.2530401124065785,0.7034297813834965,0.2304597835779875,0.5339458939742673,0.5021796091820105,0.8046295405254488,0.4368665872525521,0.5053204240459119,0
0.40800521751008534,0.885808782926478,0.4340413509777789,0.7664606295469581,-0.033722957703005735,0.28445569076034355,0.6389195234020592,0.2807231004993721,0.13907343901435906,0.191723318461397,1
0.2806013939498402,0.44335395982535947,1.0218228482153118,0.15588826238136744,0.11780731741890349,0.08792190172036538,0.8985995670893768,0.30848774161856046,0.9330330265901328,0.24786617092528385,3
0.6519813694120015,1.2084706074412828,-0.07385757892067343,0.7826047640751534,-0.5279226189424638,0.9716480245545974,0.25806511032961477,-0.01952853497814555,0.7883995186281342,0.8263565949717617,0
0.22887240025850417,0.1537642904774736,0.17670182490159314,0.32150835958925594,0.23827095016672747,0.9872601033614634,0.3727540324309417,0.4222287421723614,0.58613079442254,0.5162042843354724,1
1.1110798911428783,-0.08289006837836063,0.34701142435437743,0.7587315634048566,0.8884082818940984,0.1767801079075154,0.7541561134108838,0.523603034872973,0.3538690536377769,0.8893488555028611,1
-0.1290670492898038,0.7795874952247884,0.8048065683340593,0.9761323786326518,0.23501327847005948,0.23658390380226052,0.8883853695933839,0.7672664867618306,0.5903689495895207,-0.10197814829639615,0
1.0016992074033007,0.12437445937265729,0.07853884935534261,0.7109157697640821,1.0058133510340264,0.1493994067037138,0.5735515531574202,0.7310574517820528,0.729083758465827,0.6904193115119222,1
0.7364074290743221,0.602310968758037,0.11859986275372116,0.6590988015617001,0.3716290888444669,0.9936460929750164,0.2091714129853222,0.5311935506378446,0.06017423363774758,0.15334283647808394,0
0.598931922559424,0.953355017165702,0.30312215168734163,0.5622444506614944,0.9820413753024214,0.5060988264422575,0.9583913238189362,0.13836325823054066,0.8876489110216527,0.824440205039409,1
0.43142203499829795,0.19917985048195125,0.3997113750582944,0.21283235071605663,0.4792397041803066,0.773329836348496,0.8234769001382327,0.409817325426593,0.49373409967900134,-0.008104214597870328,3
0.1564612239656728,0.5719179278860146,0.40464186518119094,0.8005182977741792,0.15400053090880003,0.21048724072750583,0.6968441522369545,0.47923923236131094,0.008345647825056424,0.39824062285399325,1
0.9216873388747808,0.663275823748904,0.132466741455126,0.8879281024195746,0.5322285557292972,0.6150966040110477,0.5200771578995947,0.9734961476121331,0.08293651911575153,0.08856948024871605,2
0.9558880924627298,0.8079175207252088,0.6017043668652662,0.5322462498181306,0.20210566660023432,0.17212156362575565,0.21212442494608424,0.2155833430176577,0.32298454804191074,0.9260013727460823,1
0.007809061461068911,0.39625846863329967,0.28263346224492675,-0.0890451306666401,0.590718359502664,0.7165124682476767,0.5651842513707298,-0.19445810477296774,0.8662471340261574,0.2199954775403358,3
0.4252460032375159,0.5619575813137746,0.4008175930616546,0.13885790771662918,0.049162610079150286,0.6475288969974511,0.03514373047322074,0.6345931877920135,0.934810901668666,0.15656990004638546,3
0.26239884884654985,0.9014057578100082,0.42017807420253933,0.8202418463430173,-0.09308689355008663,0.16641433398413719,0.464824550161951,0.2105747900367401,0.20422921468203192,0.12089666791161839,1
0.08557010261127637,0.15420821348416963,0.39914908580944997,0.749146974533614,0.06729270846124252,0.4448602064982502,0.5449655891006975,0.832815222724981,0.4383722393522349,0.48977992974438783,0
0.38790000143512804,0.8782630672525563,0.4906662616660468,0.8188501575740099,-0.02031414695714862,0.26173614475206924,0.6185265793719575,0.28919041451829725,0.163520644332876,0.20086304754512277,1
-0.004770942730503283,0.7954128496544688,0.886170626529165,0.800384364717957,0.8920270666288962,0.5928188133010858,0.5092598209880043,0.5686733317485347,0.14326756824077083,0.5232055489252042,1
0.48358141132415194,0.21639484719949492,0.46204016231893696,-0.07606850911526897,0.6906396660041618,0.2759107802070701,0.6460009322048749,1.2749978814536638,1.1045988640898514,1.1330985669255758,3
0.3516644248580983,0.30149284113514435,0.16934782173357465,0.08288752697228184,0.38089168428093384,0.8912085221226329,0.9096034507311463,0.25638360257774706,0.3055168618627686,0.11874006989101459,3
0.2045981657184327,0.10546671635423376,0.18211831057354935,0.1430724710906786,0.19640000462475463,0.7866232526187034,0.2102620096086691,0.32763431903696943,0.5302546217489325,0.41459482322158697,1
0.2998729460358078,0.9019243252627698,0.6565231670157343,0.8446943447671061,0.37513290820622136,0.3268023657430611,0.9065607253184269,0.08129644715285314,0.35736605274365013,0.7647827597914447,1
0.39954412803704664,0.41533584989860395,0.31692278118186645,0.25280884456720115,0.18871304922060939,0.7441944660003262,1.1207382985861982,0.08730639665453821,0.5186180238131978,0.07132596905711691,3
0.23660656190335533,0.557020054814062,0.46820605828577117,0.5585933377935833,0.7154683652235593,0.6863783833328422,-0.017057966130043456,0.6810720493404473,0.6875507739160915,0.6277384480018748,2
0.9069838385943326,0.7302206991755598,0.512625757301255,0.45834383206963214,0.2767354663746948,0.2493039006033311,0.24309862511694205,0.1270531852821683,0.37634756307110895,0.8786769861344423,1
0.8910571999312478,0.9674415158597212,0.5134992131521907,0.1934973003588526,0.7523104535309559,1.1375352927907816,0.12725733592332417,0.43484878135088006,0.6761090135562661,0.5520508395638032,2
0.32426938741013345,0.7306940931514847,0.38863745414538875,0.5003805609325227,0.42401283540838436,0.7842099878305531,0.5513633188154027,0.45013530259099854,0.48050036264871515,0.9000672892121934,3
1.0839132368922253,0.5310415522933665,-0.07082145823901774,0.9860191638112356,0.028962711208633772,0.23585066898864063,0.16190083017018203,0.7690037062063545,0.9448104616155792,0.19782364712490125,3
0.10098497233057285,1.1554145785040022,0.6595834788759167,1.5835418585533794,1.025647176903686,-0.21984473187404208,-0.31868980670179275,0.3562971543847082,0.28541906573778564,0.9989639451971214,3
1.077661522344266,0.7402632203750812,0.17281076393455663,0.8341093167157023,0.7430129238017474,0.6417317123427455,0.3500510643651215,1.1088831330798194,0.009159474925141813,-0.08200480079420748,2
0.44739714688844867,0.17622613046970098,0.26496522262484457,0.12141709530741338,0.3627916820745049,0.7938693478447233,0.9140126852483277,0.2979488453098412,0.454838854148346,0.017011008549646798,3
0.5267469464867901,0.35328687491501237,0.5896495542844498,0.6403297372923992,0.5444809536911479,0.8566357918971906,0.6427990152398044,0.3445378880335246,0.016016737220543226,0.5639532256010076,2
0.5488703188629497,0.8331739128783088,1.160932515647653,-0.07868637385391074,0.31725272732169696,0.313940212954027,0.034853182784602976,0.3928651290896171,0.3574518027708799,0.2422708176390312,0
-0.060664971059448014,0.6000027701355629,0.9667324835837333,-0.2530372987364551,0.8274270964744286,0.6187622050936851,-0.1272195212676402,0.40488822374673644,-0.10677147914669521,0.46083849360374596,2
-0.45886860967832255,0.4207054484031948,0.3616369594489568,0.862749328957001,0.16912540586430058,0.10881383205956197,0.30585093059946783,0.877729150584162,0.7996393321525532,0.2629826706838503,1
0.8893520703897632,0.8133841001226402,0.4851397512090736,0.4595386827200835,0.20481129630779848,0.18931321087041209,0.2008464322012007,0.09889423879157938,0.31419459117262716,0.8146369192846019,1
0.6007029921508236,0.23896805861316633,0.4351969295866632,0.2957433323252119,0.36883562929256924,0.35170698839681247,0.4253312858665047,0.760262607823136,0.3020866501982191,0.6254239631200117,2
0.08232433473865167,0.323529388770988,-0.037224990581527326,0.03371048023698427,0.49145495998743854,0.049942545016818995,0.09818050424116376,0.44584739354361247,0.8581978781531672,0.2802606867986966,2
0.3172497184685249,0.42377100551398555,0.4554100185133428,0.2675043452533684,0.5810731132729776,0.7006928132428859,0.8146660603223126,0.23890363476515583,0.4146632844636117,0.49210221990210273,2
0.48520130331825767,0.800253665243729,0.16139488516342101,0.4133481723234353,0.051995178957699874,0.9180881493005631,0.5326258190953383,0.4597403917878843,0.17162595736616232,0.958813883643995,1
0.4811898838071412,0.8304587765220818,0.13880167606667343,0.5113053674560813,-0.009704805538322536,0.7941888624048935,0.5186341888984538,0.4174619425660739,0.11020902905045761,0.9281042030655562,1
0.36700762560506783,0.9479642953268805,0.6440283179239781,1.079085081904537,0.7321960791641601,0.3450213779216185,0.2531099244550206,0.9783420741606108,1.1511856041623203,0.8399593516607295,3
0.7687739304770694,0.08192438120107581,0.3822848886220251,0.42813479725280634,0.305525829453576,0.3772845890387838,0.2437772630253967,0.7301892485990896,0.4371640209773576,0.7778203735653748,3
0.8141879398674117,0.7624900748580876,0.817553881449174,0.21902252083615162,0.20488102891155358,0.24660862321458454,0.29843837416847724,1.070806958440558,0.7291456600844316,0.8241728357876996,1
0.049137894149116436,0.9598447170207072,0.6963460960928695,0.3105802565238459,0.9356504848066465,0.38976662107778415,0.588160076361372,0.5915908802843172,0.6926569871221488,0.7099412986078807,1
0.6029135509622592,0.6741655751446619,0.12945439914734294,0.7566309267273518,0.1941379609574396,0.8835411216128511,0.10099081258754036,0.3294536622441381,0.06108390212367081,0.3061790374617196,0
0.04642467199402184,0.7326363412799329,1.008428361658677,0.5884284882144591,0.7304504110326768,0.5506648047936165,0.42515552656632905,0.36849261910262077,0.3231112935201119,0.44284456835070496,1
0.29782041287033056,0.8003939365495487,0.10357522735540478,0.2013456623362055,-0.12360200018119749,1.1291708057263516,0.06559256767327565,0.41459087928258803,0.43319156205008746,0.3016372078493092,0
0.3179570590150924,0.5755089289876631,0.5255352050999123,0.6216241613558169,0.6047481301681082,0.2612752218891171,0.9172344978290603,0.2637699356497781,0.4796214347402888,0.7471628635168581,1
0.4041451572945046,-0.8942129830146099,0.9518377103781264,-0.5470174040208341,-0.006583300646361534,0.09737049924508279,0.16318082830319883,1.8160086990163933,0.27630288403189945,0.575059854485837,2
0.1938307313332053,0.11621625455128448,0.5399364994857234,0.9077634421932648,0.9245691923991821,0.42321881670679334,0.5751333694551579,0.052496657218890956,0.31727193870110026,0.2733750117952125,3
0.2678704269753005,0.9879184599708795,0.9961863590409649,0.6197975609791698,0.7493894707713646,0.15569229925007855,0.749056589573099,0.8846670391528267,0.6114094394043982,0.15289051061240913,2
1.038469145386943,0.5015199876081619,-0.038504062215538294,1.0660612412930073,-0.054439450317739946,0.15774877378215005,-0.06705019641408444,0.8265616326476437,0.8853990347630207,0.1238211611596323,3
0.06426255287072088,1.003845988622745,0.7779222009087505,0.380897944259376,0.9038251882155767,0.325279155424026,0.5934277526490946,0.659324915058469,0.7505061582741741,0.6288841187844819,1
-0.15651106925334357,0.0641659222554044,-0.4047122710755081,1.5676118323827932,1.5478295488742162,-0.48281055371061,0.32375223418844,0.20190683259762618,0.5523507517083024,-0.4249369251192492,1
0.17577263337457488,-0.3178235838078246,-0.03940567533253675,0.4457721518840327,0.336621579241247,1.0452269324763634,0.6072119550373529,0.16050918889087706,0.5264734812947579,1.1443366800822052,3
0.0877067314914155,0.1241719490527444,0.37614735307041003,0.7597937250101957,0.11011219019796098,0.35060855325789164,0.5421013695658756,0.8294126818323768,0.43300713512431277,0.4656834293595824,0
0.6517007040590028,0.24666251797787692,-0.003743907163214183,0.6144907208151296,0.3627747604473397,0.9298211843931915,0.5085418026400796,0.710561741148255,-0.2685781480164491,0.3055839518533973,2
0.39865421554899977,0.5271326194510177,0.43734979399818535,0.06831298710741668,-0.030637156997142284,0.5904478012946519,0.051045807979629064,0.6385663428020539,0.9670424212398924,0.11555205762823367,3
0.2920074577565954,0.4582365891555425,0.5004489920196202,0.2876428105291637,0.6151041380663759,0.7406076479415242,0.8016963207239299,0.20444072670393668,0.4114202122949725,0.4698729390674408,2
0.9411148579298307,0.712652803155711,0.5178174403055567,0.5135915401190791,0.35862806673600145,0.1347510616743806,0.16403130925231768,0.2528556024882319,0.28102414842346424,0.8180077646510701,1
0.42027304841886626,0.5292433816248826,0.05744896253621243,0.47502343318681195,0.4714302273178859,0.6763679137937458,1.0204720548449275,0.8249790088204147,0.3192666455413263,0.18505060612485816,3
0.17352249501159633,0.437503382902884,0.678195006363369,0.410377210677845,0.6051755636849232,0.7000340911215225,0.12869117878187908,0.6441778255289242,-0.0684722721302562,0.7846211999918593,1
0.6575843739667182,0.6256091579764385,-0.08389047374686703,0.8385883394842972,0.478423446812409,0.9581241287599156,0.5911272706150645,0.9279768064244317,-0.19631763239247416,0.23896532371188012,2
0.48305527285316924,0.569727898821452,0.44680663020500055,0.5427060184903891,1.2753811561563397,1.4444544331980074,0.7502693441874471,-0.4419863317812789,1.0910915977022193,1.178954245946433,3
0.9010006816219829,0.7467094291979538,0.5205889450113659,0.47857560406507005,0.2686640455022851,0.27703024474969407,0.23096573584051666,0.1287661864719061,0.3832518359744735,0.8584992911913414,1
0.8181916641075636,0.2537679472150559,0.7820054129475885,0.4999364240740175,0.5189558049272868,-0.05598414859320666,0.8970548707297878,0.6033474164087005,-0.06821148662214796,-0.17495818349223605,2
0.4844775085935308,0.7859179885247959,0.1656309973309835,0.4069729225075304,0.06373348292309726,0.9058569788961328,0.5266511142751988,0.4457683700908694,0.18010145640263087,0.9353276278712407,1
1.176716455251329,0.6703117561062177,0.8266430207089501,0.1836980686347348,0.2656944349698814,0.5516509011297053,0.3487522243816519,1.303074913259279,0.6921564316680315,0.9067332682593721,3
0.7560538846792346,0.33140364979075343,0.22883032292608232,0.8587384941578635,0.31804518731648124,-0.014077455338373512,0.04393674027828887,1.0258036480277648,0.5472914664829192,0.060074440973937465,3
0.6292534215607196,0.9416572271555644,0.5117802107606971,-0.40409945042440276,0.09080417721298953,0.18692638641002457,-0.13537301235899002,0.7705991365181394,1.385429474876918,1.377294140753388,1
0.45498429667776896,0.895408675212508,0.5477496472504719,0.7999755147862839,-0.0489199179328079,0.35497851349847764,0.6721858989653072,0.2597916692980451,0.07753895591431413,0.26271968968959103,1
0.8009723510173802,0.43790147817818026,0.7023256621117923,0.5032204042096622,0.5642296419710305,1.8647137093236177e-05,0.5987722541792116,0.4967296001272224,0.11397856891985872,0.0014182714462241813,2
0.3486355102964577,0.3918146308926046,1.4474652751568708,0.6340126395025424,0.07550183218228801,0.7476677397162814,1.4449172287930534,0.12393052886147739,1.1338580938259608,1.3489990691753078,1
0.37824775384289766,0.9098922896315873,-0.0027422401709083777,0.4076471955418711,0.14808052266962465,0.7991330738404999,0.4579038311937946,0.4690468776991048,0.17852623650597207,0.9867204626585406,1
0.2547761520834433,0.2537126689945461,1.2571092847856238,0.4150862565102844,0.7821574500516475,0.5044926930710674,0.4141182961113214,0.23822605815336353,0.6410132726969564,0.32699835960278834,1
0.36564321781960707,0.5382867651507923,0.38956034305863396,0.553388642526712,0.47745985440004574,0.9072011109887641,-0.006701258581323616,0.3678335859286723,0.3264692146135642,0.03662220173530054,0
-0.12967048260317268,1.0338586735765658,0.5490315361886359,0.5134867550926989,1.0786144320432234,0.43480087567446446,0.4493388011799632,0.7387809076372469,0.7716644657861652,0.5924377411135381,1
0.36959713105115927,0.6469700880221725,0.2408369301680198,0.5806482233447802,0.4382723939983302,0.7884272073443666,1.0399347723313954,0.887110104040137,0.4075033994340775,0.3309264673810759,3
0.9290278657882727,1.6945525343423045,0.975769323338818,1.081470111076459,0.6069684175173883,0.6172368036040099,1.427748152849071,0.19817114054031565,-0.1842944077636377,0.19879418956748907,1
0.09266206007160806,0.6232573995678968,0.9920386096231676,0.6578931241679202,0.7308690346028732,0.645303259778793,0.46757665169260004,0.49252684073692615,0.41244441150410954,0.539931447888778,1
0.6395863496052189,0.9788194502190348,0.33324537376794194,0.5529586012295342,0.9971984137942143,0.47997165536377834,0.9597388385009835,0.11180917815940197,0.925018427853534,0.8102918335798236,1
1.0047156316661772,0.6348005428341031,0.176900625646848,0.8898048318884522,0.6413270482133668,0.6902484257020943,0.42992010398054625,0.9629573013220604,-0.00017235677737624348,0.01874363549128429,2
0.8413118451580462,-0.039730492878329984,0.18928651477887343,0.5883891848009511,0.9901559851848329,0.34087327935236456,0.6408405812175626,0.5549748385639925,0.8691208654733182,0.6009310910829071,1
0.802394885187589,0.4945282577627425,0.345168053453317,0.5939116769264532,0.3462917782936217,0.7216049318725861,0.5073438989572018,0.790959307616982,0.2261090388434312,-0.08092903444341898,2
0.7048926042552905,0.44835212266402075,0.6995307830913936,0.7016070883990946,0.7074684399526809,1.146084096949214,0.6093487231667948,0.04768934270348618,0.3533458243164618,0.4497697078315808,2
0.08664300836231309,1.0064088881110522,0.8985273485825734,0.7774701523368863,0.14547169138923377,0.2504527706612757,0.9087617192074362,0.5621226562116445,0.6998165789823417,0.14336834891942885,0
0.26723684193676595,0.9827483537036789,0.6878099498349461,0.45071622380092885,0.7618148558140985,0.6127939828887832,0.6169715559921674,0.5011008107473849,0.1537937189972287,0.35288179286970217,3
0.8745630041940844,0.945384782707664,0.18630785398349908,0.9053383243044488,0.23342368570198851,0.876795002640875,-0.17067250808574647,0.08027617024699735,0.23551496671046865,-0.0333482187547654,0
1.0055889246688765,0.8375001316038644,0.6091909862494991,0.4624495493315983,0.30429065110592163,0.2595688824177936,0.32536105315146674,0.20914265712304764,0.3744378440477813,0.7926707323899245,1
1.0588469345483111,0.7046965154286109,0.10323728310816727,0.7799875939129098,0.7758553044370602,0.5613615395229283,0.4870312057939362,1.0901451386430354,0.06714595048967723,0.13647850390232663,2
0.5906410302462632,0.7532204050606788,0.7520785680610941,0.09335224556075977,-0.04169092095011642,0.2504743219378933,0.4085445385393112,0.9800095986432097,0.7388460965065046,0.7478090875184072,1
0.18678128177764855,0.9760820080798444,0.5860590360490473,0.8181143012322155,0.49856986659379654,0.29430617406127885,0.7882303014092262,0.04915232882529222,0.37465846626836263,0.6326500047737785,1
0.9465249190961913,0.5094241381273066,-0.05705118412250719,1.0768159306080898,0.044399408462818306,0.09172033386270592,0.03697275939351062,0.827444893030368,0.7052858693075845,-0.026379909786858904,3
0.043245234275716776,0.5827211711570868,1.2141153575181007,0.6087644587644614,0.5672417966297607,0.5009187893433193,0.6310323102800627,0.17845464610173506,0.1959120216205115,0.21430740658478564,1
0.3043042077110549,0.9913899633021086,0.7033881616293345,0.46543309605784977,0.8155634148384456,0.6649155279833804,0.5799145595214784,0.47481725559088606,0.15226086477740275,0.32243473529566735,3
0.8664548409583022,0.5492358621173503,0.0643476777708601,1.0095366447554883,0.1665003520507785,0.05879484068907134,-0.12077329053850955,1.0770423721564937,0.752919300063604,-0.033849069712758154,3
0.08596544238153175,0.3384013054270903,-0.03843153498437868,0.058413097304841434,0.46845824867449676,0.02250456230791093,0.19739430704670818,0.36030874814878894,0.91725055942558,0.24501924571990266,2
0.5035956500471673,0.8198798451038025,0.20438589555902636,0.3416145872613733,0.0326938843117736,0.9568627435313813,0.49333059780395655,0.4651126076688041,0.11901542214800016,0.8986374331432407,1
0.2911359220780385,0.2805576176396748,-0.022689817548879554,0.3827126332707119,0.41329307705300317,0.7419652463803235,0.058924740354034,0.3727964478229141,0.5649347550001949,0.46140244501971744,1
0.7585064089764194,1.147899545550344,0.2637349617158922,1.1227863354949115,0.423025102516971,0.2817078841998991,0.3153081721565497,1.2848560875104826,0.5471909458224321,0.7876490055010292,3
0.26515505821515595,0.21880621227968988,1.1452982966129757,-0.04826113678279992,0.43057873582147294,-0.18008205842657118,0.6682246754830992,0.5744094429834357,1.1465542501060952,0.12223895929491976,3
0.548594183885709,0.551205573396045,0.08214514990721186,0.6590525007064352,0.2894939841838453,0.8368619574363627,0.019034292116966847,0.14002830106369848,0.24824549812751204,0.43205277027639,0
0.43578935104260125,0.5871460788731353,0.4066515244353349,0.14465836959937084,0.027339353009845874,0.6337095078960381,0.04926000563920497,0.6418777368085448,0.9238050037812526,0.1538903778824121,3
0.11966620110162578,0.8238069542796471,0.4612213557464808,0.30589906351271345,0.9066092720023352,0.20096277598084328,0.5325140081139927,0.7746468214768478,0.5818144976605826,0.5110334444650091,1
-0.03211933134861125,0.9589082180876323,0.7109124276593642,0.2647096235005367,0.9434602373062978,0.43285568008676706,0.6093925409586569,0.4945645593135044,0.7808987398309509,0.7310026350812582,1
0.18671873375702086,1.0415571023599761,0.5030812827970417,0.6321381680197886,0.751095079446354,0.7158788521282943,0.5493001092781866,0.6140076468520836,0.1936229026083649,0.28354491096865453,3
0.9333156589776334,0.7513294192350997,0.5636207235883557,0.4944812177976939,0.33206905983621854,0.29487539861966405,0.1847112843398127,0.2143730189265846,0.3388347618117663,0.9481139531362022,1
0.7224114833789947,0.41664786007386706,0.5969259848001107,0.7721042387308445,0.5760839807282503,0.9330405071285709,0.6289319488820512,0.34485601874635774,0.21352703687040553,0.46542198366123005,2
0.20616084388445338,0.8314969779570298,0.8075595006416164,0.914625346776725,0.8789759023565782,-0.0017057844742212058,0.17606602263484694,0.5491573179412659,1.4601807113899279,0.2746839270521846,3
0.02610859733745183,0.9582652710331513,0.6997573077825384,0.3225360619030215,0.9443443897352892,0.40471913275136207,0.6011635070840633,0.5587778800325889,0.6648623514863372,0.7424969919200916,1
0.42649101889262403,0.5606685192075248,0.3796875916792445,0.13783888336685565,0.04489692030434654,0.6637256108810728,0.013295021674604012,0.6226348686172517,0.9277895199466427,0.14063326848163846,3
0.9619265451282553,0.6317375465182753,0.4307447140031158,0.5931214759833936,0.3371732134782704,0.28623663458890214,0.2201212067035783,0.15077119011116744,0.2679126245437337,0.8313884329464964,1
0.2770187892078135,0.3325719282734126,0.7888755262698568,0.4354583784596146,0.7083122833651583,0.22581314584411555,0.8132726126867426,0.622588054814285,0.5402930207182273,0.10383628503930005,3
0.2389696603039581,1.1496871157009227,0.759482170599083,0.7700666230765087,0.44369930216360515,0.5054745689411535,0.9761856547662776,0.14566929968119158,0.395598054935775,0.9376789256514497,1
-0.14329163200368966,1.236301937759117,0.9000776096530975,0.39649019191715,0.19063971439214933,0.24684129622164977,1.2353404844826397,-0.022003984653809594,0.23065102586389996,0.8366450851438176,1
0.23549480027697725,0.9512419863227634,0.647578987574575,0.5012791385721196,0.7653177037684725,0.658298716472938,0.5796956587440222,0.4840573240759358,0.1844078774952506,0.33314179321570125,3
0.05690400084700514,0.7148278897090823,0.8590300076414563,1.3732682278914936,1.1162896526605732,0.011551806727535752,0.18887897720796068,1.4356740196645348,0.5614352860665834,0.3999322166630752,3
0.4344445996107377,0.5375900639502965,0.4166267208530353,0.1469595151940887,0.04791940210747024,0.6704735071949406,0.014737850854611215,0.6321234623604272,0.9570886597708578,0.16773633489132758,3
0.062332503411378505,0.7648672443567406,0.8365100623248428,0.21052384492538803,0.9754529118113772,0.5210983004103226,0.6772811898904881,0.4616584095558714,0.7194724696451325,0.5125241600393763,2
0.8109901668091976,0.8646800297393694,0.6562465471286785,0.2626819853801026,0.9549033254174641,0.977072407543553,0.13407774968626474,0.4709451355550741,0.7445618260988026,0.47140599681726664,2
0.8273150351303789,0.33991370699386425,0.7153935284158301,0.44886682394106203,0.3622823775952241,0.660534713239219,0.10848548724729576,0.58430743800459,0.2894598340252164,0.8776121139706516,3
1.1665496509891584,-0.6582939277328267,0.8830452589938085,0.07971707903848274,-0.8201359035403094,-0.08459711763719491,0.13305540037654556,0.352800169267667,1.3746183754673058,0.7442347210863336,3
0.6552207793932755,0.7244251610710132,0.7267231389675755,0.659200695517937,0.6295372948649203,-0.21300683110300483,1.265414921656695,0.4979985406586593,0.45928924740180044,-0.2808266901137692,3
0.7644620449563813,-0.11124527404319051,0.1217214926015821,-0.06415523194154837,0.3111217288778664,0.31513885894370686,0.37430305420161897,0.7635018735520095,0.3209634524776435,0.09503047721161717,2
0.890298557209567,0.0956389073323068,0.07175793684117837,0.6864129798127617,0.9727337906394847,0.21919034246507635,0.6969161110693646,0.7530105249392841,0.7128939196170183,0.736921941528762,1
0.7737295552298493,0.7057160489892589,0.9193229389969828,0.7988444499267165,0.620651941119571,0.6270595762088738,-0.1513783422431112,0.681621318762927,1.0079850432393889,0.7569414083579743,3
0.11178758412444009,0.5415383622981357,0.866834364863764,0.12655430180914637,0.09135668576785856,0.065483189386569,1.1139636435965254,0.2812685802631067,0.835017498664322,0.29326436311231896,3
0.3064839515781548,0.7728842940850076,0.4230147662123328,0.8221192896317461,0.07990053148133928,0.3177805391667579,0.5468393337558561,0.35752137414893076,0.06739201723486285,0.1702922502771988,1
0.35199112568081964,0.8142308661578682,0.3983601995143412,0.7335686413197271,0.07840319652358195,0.27613381921856434,0.5550516980908735,0.25587374366699756,0.13468568301821146,0.2909810669938483,1
0.78856922902313,1.0330831826089144,0.07830637275626517,0.505088449582163,0.7726040259602119,1.2906377891100478,0.15798782077853385,0.4354590362755563,-0.16390863809387213,0.06132923163751647,0
0.9676436915127081,0.7089920598897803,0.6623883586686714,0.22894876862031513,0.40527794153562724,0.4818504496883948,0.4421522382151736,0.9693103008943909,0.6409722106590505,0.8224124672227809,3
0.29069684349279246,0.7794648788081571,0.8803767385884007,0.4158622425820614,0.9067954398696644,0.7548151483365282,0.3747974405694324,0.2645219535746812,0.5365953576120241,0.31161445574447555,1
0.2602392781474681,0.9557595872847401,0.6697062866714265,0.42513956728422886,0.7206446387465214,0.5780573178377645,0.6365469481056732,0.4501684134114031,0.23411325183615814,0.3500691519391552,3
0.034709279024757234,0.6211354068750083,0.6039245404411219,0.0938621028656751,0.4049196892920406,0.19757461123176134,1.3378731295074948,0.5119021782867073,0.593706862057894,0.14761175613750982,3
0.4541363955618915,0.39257078734186013,0.1110870659215098,0.5592640643136783,0.40896365344497027,0.1369657889243564,0.12106031914929719,0.735165267379845,0.1127736781672829,0.6101387889913089,2
0.4664811122839202,0.7833660160196882,0.1518639802696279,0.38947172345520903,0.05497451158573467,0.9127579631714864,0.528053877004804,0.44403454999534075,0.17597538812913932,0.9443542359416096,1
0.1153736413802245,0.6772561997401501,0.9507581810638015,0.6259563852487254,0.6788061371838602,0.6144650590728608,0.45657357771704354,0.4529099625079192,0.3377855470812332,0.5066833296488,1
0.9553969271269809,0.7095528076401492,0.4930013197657557,0.5135571447229289,0.23153821316327708,0.30225278285094836,0.26172151761999785,0.1959745891558693,0.41625528932639516,0.8732558049042081,1
0.46751037974663473,1.0229186506218748,0.3565484000620013,0.9662175285536152,0.1434270311053088,0.19273877528484545,0.672659145591593,0.33571249909983963,0.22375002085043802,0.21040247554452052,1
0.8192289290102125,0.4191183443985236,-0.10772691309616235,1.0507472971600076,0.04196487377870135,0.07242059385097588,-0.0899088042321859,0.9065536904876264,0.6598173219335403,0.1835249792073205,3
0.3775641207566924,0.34953798806169434,0.0645468410761397,0.4654933076013667,0.3910857151753798,0.07416438611344417,0.1324301319582144,0.8136884971749031,0.136369064803986,0.5931766990403663,2
-0.013999221542109891,1.0494166053650003,0.741733597285596,0.2696811308398453,0.8870348497112397,0.3431784401308853,0.5682284788166674,0.6600573803566615,0.7024721843637957,0.6924838048748333,1
0.9450564952105559,0.4541552829916199,0.046746853845967704,1.0069193689112936,0.012092172475666102,0.15657518966472717,0.04517419022975837,0.8926344073989448,0.7643732971142257,0.038305993204704646,3
0.7823833559264283,0.6367388930369323,0.37807484893704746,0.2779005483711571,0.10027290451377185,0.12261953044390986,0.40347083680296103,0.10136534989064036,0.2797524588761587,0.8548862258411577,1
0.1428725269482922,0.4526302787638622,0.544367145660285,1.0819386999652618,0.7890660462981706,-0.016275027450358442,0.8183414802550798,0.9134119245879376,0.4766077071345882,0.9154566765585301,1
0.23531145850265328,0.33671411529642986,1.064159595412318,0.31227606620716436,0.3801210352565042,0.27211851884843874,0.90381985725405,0.38718374636065295,0.9194969323734711,0.47752538657519505,3
0.40290542613446506,0.8927269103610019,0.4879656957639119,0.7654816612310005,0.0032431308861837656,0.24124617501808185,0.5835136328754533,0.3158900965091418,0.16538071046745792,0.15018603435076333,1
0.20091663210210564,0.5686977919876973,1.1192581515500808,0.8970013314023758,0.8834616969730861,0.752195929909417,-0.12172647248732582,1.031899846150948,1.3931570080096247,0.8297907446957777,3
0.26289455543276197,0.2050390041730748,0.6915902764447711,0.42370235319500793,0.1489329000226032,0.011995793328920083,1.0015580332525857,0.47010898813816693,1.2058087429550886,0.5899185245760695,3
0.8933778457546645,-0.1091821583249063,-0.22868545238894933,0.16574336963382938,0.4088234353939155,0.3910161760459181,0.47487367563010274,0.6530511561748606,1.0609430897837557,0.9334739995487291,3
0.9505943409533673,0.7064294327934687,0.6737476991961306,0.2551286518263537,0.4252279218740028,0.46936495391449906,0.44746702518206244,0.9496690231883953,0.633679152859808,0.8203707048528002,3
0.4749815470644409,0.6129550338221915,0.8355623043599569,0.21043977506671324,0.7637336617200835,0.6715476909533878,0.45904859723253233,0.9132373474197302,0.500294080857901,0.5100377100879354,1
0.675286162147152,0.6539912620652141,0.5982396679840349,0.5640173416486548,-0.047690784284199955,0.28125312071744235,0.3362846898955283,0.6292403727928266,0.2736183956841495,0.5287088547572871,3
0.31563388096346423,0.11687729751037855,0.5997172836435621,0.17780481694652978,0.1628976328413774,0.6535319542193196,0.23378723904039458,0.31781547615277256,0.9343223147183018,0.2350912709872455,3
0.49437352889882974,0.1630352624345799,0.48012000854755005,0.3272918546343531,0.4298969480094523,0.4791893235790579,0.3804883063720061,0.7737951283334906,0.32339045045244674,0.6241518049107699,2
0.917836217840915,0.7343436728938576,0.5205943851833568,0.47078667076232894,0.27145263840436734,0.2685959486944522,0.22382999408954266,0.12455074668701191,0.3777605368938386,0.8729271378125564,1
0.6263829232599853,0.7264293733337669,0.4930089007051641,0.5167990809924573,-0.14177880071224055,0.49005172844851125,-0.05877548398157595,0.6992691113107128,0.317551608256425,0.18813437347869705,3
0.27952002582696744,0.4034766316017315,0.5214360250187436,0.24186637973532427,0.6932412341431599,0.9423168881781788,0.9327599010071834,0.0814651746497834,0.4343141753686618,0.6054201074011535,3
-0.02096365194556285,0.9116220527449805,0.7935062696714428,0.8279698779474107,0.09939356374502509,0.3118074814503512,1.014519981417024,0.6104956230618861,0.6946644437585203,0.13857694837816223,0
0.4761654297826392,0.6100103647339588,1.0748410261048602,0.1671484237779023,0.4221170442558235,0.08695407260140303,1.1929778353791547,0.03527448899238947,1.0045959307917267,0.30441137713030186,3
0.6710513064655705,0.5030289947018691,1.3782673003115513,1.1071917611870976,0.47121233804852497,0.18835348848858352,1.0075985024165044,-0.042364697307593735,0.20978127482884323,0.5235913742371541,0
0.0638802506152906,0.9925168407157742,0.6757421623812131,0.23224097569351565,0.9891007857399892,0.24395790805007797,0.433415099299596,0.5885378787478032,0.8042565627901205,0.6740234500764443,1
0.4653805000950552,0.73386117860795,0.7941980902065722,0.6993459610196672,0.5161560984457164,0.17021636590365485,0.9874215796134942,0.11804928264561472,0.29852866383364046,0.8886404469432302,1
0.036882888318143056,0.7382320998863733,0.9967205540452089,0.5684841645640744,0.7929816735012032,0.5714742912655518,0.5113367634135593,0.42010637879264184,0.277179954410727,0.46858619072281493,1
0.43966096342163796,0.23082249680334802,0.27019969222508655,0.15403927270895626,0.37066411525951115,0.8849363723935167,0.9610715843933965,0.27113984531233587,0.4441269278514847,0.03767402946510206,3
0.7035543711611814,0.4337295160729632,0.6056183922537623,0.7434039929767182,0.5537707994110148,0.9243456618156424,0.6338599844239601,0.31230280631497365,0.1891025040432897,0.4695408917632246,2
0.5938581217455512,0.5091713630166,0.7960007028705143,0.7570633489701837,0.5417768543556387,-0.005923999721367146,-0.18557746193062252,1.029262738764792,0.6086983703489698,1.0626846515758162,3
0.05581269953728037,0.774222821011829,0.8461499225848026,0.21835916554530685,0.9870255754274352,0.5313211015297762,0.6853690776298212,0.46151943525661304,0.716063148955681,0.507558312210223,2
0.9559816614090025,0.8114735642760732,0.7108843920177987,0.28550423471280806,0.24424214595315494,0.18203117999049434,0.38473942006488726,0.14280648322061795,0.39501467315754013,0.9616464003307515,1
0.36665077570155913,0.3736864215200041,0.477390327119008,0.2880194256286907,0.5524958118746067,0.6534839266440537,0.7948774145909133,0.288400073299038,0.39304956123675117,0.45044616286686767,2
0.951926172826752,-0.019344807390599156,0.022413652211747105,0.5423581079544649,1.1952162383130307,-0.008499843500908821,0.7859607693575006,0.6272849615161511,0.8941738614807617,0.6204016691377391,1
0.3788160457452187,0.8411671893538156,0.43245395561831035,0.9094724217569017,0.07942692427368946,0.6688489081132796,0.4009631851693102,0.5167834677955185,0.4382574876454315,0.35697175787298135,3
-0.08045448389013568,0.5526810132971305,0.7595395110890875,1.161307868239492,1.0696983929786612,0.19473088928290835,0.9260660219232454,1.044981515547162,0.5536037645009186,1.0410262256323302,1
0.0707614322274546,0.6696298730965654,0.9271814564955034,0.623713494244409,0.6931057422279567,0.6027314915748976,0.41334981904380386,0.45335527901955847,0.32962207310599906,0.5154589463880488,1
-0.00531195775464028,0.9442252605332127,0.8525846868708115,1.259449212598073,0.6106414192386374,0.06554800238471692,0.5800596477171494,0.3967881348837543,0.9782189740840269,0.41898409131591163,0
0.6572082769548835,0.9115276949263548,0.3520568977628079,0.6050955189445242,1.0261194990122777,0.4634674622558451,0.941993792335653,0.14650142210379705,0.8306210486052089,0.74634804202407,1
0.8221985247371618,0.3052632712588602,0.6602540032250394,0.6124943436549406,0.6731465921069689,0.9860611957898093,0.4921648997847922,0.20517100963149879,0.12495476387891406,0.4422710913326128,2
0.8075381682026916,0.6696259020062961,0.9116747880370022,0.06902415837468404,0.11979249900732482,0.07764879975752854,0.3736195044541455,0.9421431904848038,0.8333340922168402,0.9296626332894666,1
0.4334745687647831,0.373500751377409,0.16262367369958175,0.21969848933108616,0.16445242447051192,0.9615049171623422,1.10939393179144,0.08676454670951025,0.6026471159310712,0.05849915697334568,3
0.09560988770568818,0.31261472248977673,0.9261230452297775,0.347521612617576,0.25369311824920404,0.010885670559189868,0.7125448080685008,0.47815384700193575,1.0745478278084069,0.29511671751351987,3
1.137667403751888,1.0168281980130183,0.8000726340848504,0.5691030334430958,0.11861051589623922,0.3906863376298923,0.14416856158542818,0.21225396965886725,0.48349074767518485,0.9219257211188804,1
0.4548171709416986,0.5342703155868378,0.18584349095854483,0.5741055086218221,0.49930158110683237,0.6636566304312503,0.9559988110309655,0.870521388940754,0.4412184888266529,0.20957024879743041,3
0.4082796379916124,0.535965742930406,0.3819210106777852,0.1543112911104878,0.07533886633030978,0.662795144533854,0.029050016513640777,0.6398696390051382,0.9449277363365804,0.162726475973239,3
0.6340576746164137,1.1021350992961374,0.665303686599622,0.046464820760147185,0.1755650356650612,1.1536949869737951,0.3942190165976035,0.2762689956289048,0.421288882420337,0.6491325583887191,0
1.352569771823756,-0.08347845254975739,0.32758568950970823,0.31420274830519557,0.35230032891824004,0.5326879071088155,0.5520811605449594,0.41223056411005454,-0.5302533333514287,0.10155815564091869,2
0.6524111074252351,0.37178601996020344,0.6476085226792483,0.728147094727363,0.5457593841993084,0.9911237769827542,0.6881438385747126,0.24362268690315417,0.2319660753380819,0.4348062160554889,2
0.548716639168015,0.5253674764175862,0.5623074491151926,0.9413556493999161,0.44250694009989394,0.7963173032350721,0.428520793504246,0.3428585038637113,0.21933292531532522,0.5894412090672824,2
0.46836029533743145,0.28050547852800656,0.2298041830778202,0.14200302947246907,0.32812698500309906,0.9360022905168374,0.9247959604727876,0.2023512489621202,0.521793588470488,0.03689170795584188,3
0.2312055980305515,0.6944776053242647,0.8081064168823131,0.7325817881360379,0.6643116038966352,0.545694858810619,0.4948059207018823,0.4984462269306692,0.14699102674884007,0.6288666098266757,1
0.8008420222072613,0.4054055596704827,1.2816192053888276,0.7257149202426803,-0.2870913972566327,-0.33362750678831665,0.3882591336799212,1.150147679882227,0.570301350667676,0.9195503670101771,1
0.5251832301482494,0.48654303602093635,0.23228598592744026,0.6234875998026126,0.5259321952169621,0.6653911259529596,0.8798801808482729,0.8649737789709044,0.38386048678458595,0.2401656160688556,3
0.7040640412247251,0.403221275152767,0.6144905271609682,0.7620365065710333,0.5720224978469062,0.8933498230893551,0.647906643163385,0.28665363393247323,0.17776526713425844,0.4751276258695532,2
0.47423532522442924,0.4956457167922551,0.2074980066821887,0.5373874261961441,0.4890502482014652,0.699914555654877,0.9499899866805281,0.8623388424836566,0.4525069063790901,0.2205048328384594,3
0.13456026001935584,1.0007759635964306,0.6387552832387432,0.32225587548748974,0.9341926728059108,0.41500715232648855,0.6129383969786244,0.5614591013503177,0.716518517701976,0.7570563798096575,1
0.8378724666811858,0.5196906407500059,-0.10757420272372414,0.9855968107909384,-0.024138177508827352,0.02366511256146822,0.13135415477252094,0.8021840877502459,0.9105695548298701,0.0033329949263577185,3
0.42335926078499514,0.5620712356009022,0.39643193100212376,0.14404370111412543,0.04423185755233046,0.6476358577491578,0.03135328881481752,0.6318877423130035,0.9303997221154875,0.1599119537979245,3
0.732623520438416,0.2858670328848417,0.2791743740298077,0.48095756927717137,0.3534891872447696,0.28653584940326116,0.20999497711281354,1.0097371778007564,0.04504196411273553,0.7408626293444536,2
0.4224966179167565,0.3509341740952083,0.9075965857578723,0.5203303652321338,0.687586324425,0.208808064228251,1.02301681727675,0.7334213453900323,0.6876262199450422,0.22273082182769174,3
0.4437727514365476,0.2522552260711988,0.30657926529958746,0.13004691763654502,0.32181776404461243,0.8438901238894403,0.9572200359185938,0.2366447646980671,0.44581957048351806,0.031285707618701336,3
0.3110108749876276,0.6165092118697287,1.1536520206754781,0.7342283234654481,0.7924146443666152,0.7837890432759637,0.5886736195258291,0.1677204315840572,0.24107767800537133,0.33971490195253085,1
1.056404330237942,0.283083267906253,0.7304961888489305,1.5213013569860714,-0.22322786779823817,1.3643065454053604,-0.8610714748131117,1.5424471371329436,0.4450326851196068,0.4693410124378158,3
1.010228726605617,0.06347562946405241,-0.10654622834754376,0.5907861688804441,0.8938860488844386,0.18349209126044702,0.7013900397015796,0.8193636166676369,0.648405340402541,0.8132136601555569,1
0.9138061331906273,0.4287497929038512,0.924159991389114,0.14525596560548215,0.30575527409554043,0.21541446220712215,0.5120066148023887,1.1417485753726573,0.964160579516493,0.9212126310152705,1
0.3346531416699399,0.9179507591901845,0.9055021514943888,0.6268464754988649,0.7675264781700998,0.22974100437286032,0.8471251280433124,0.9197517143300544,0.547733992508418,0.08647969485477634,2
0.4137034562990635,0.4862209097135033,0.6220078220498707,0.023415247296743213,0.5151538238077402,-0.18655347751252394,0.7497946929004455,0.6064090377983843,0.9590517279016522,1.0091685908457542,1
0.04733363368998547,0.9239533377707178,0.8531689837284713,0.8021877465183006,0.1819536349494337,0.24701694987687545,0.9805300403993367,0.5350939420234321,0.682867286081048,0.05216833590322448,0
0.5159332347516749,0.4793338835989646,0.009846498660472075,0.5767185122011702,0.3138095754185184,0.10837376268866465,-0.017212407691513942,0.7197791451789679,0.16876299577123985,0.601050617196733,2
0.33365548562882674,0.07736416299792898,0.3473187306583182,0.4807840185000424,0.743991513463049,0.580499000172562,0.8083702491318294,0.2143060008872506,0.7482826560549767,0.43558204746400303,3
0.9086679581576321,0.7127776421051281,0.18410294918585918,0.9389224844105487,0.5378019621188811,0.6213735101403607,0.5108394668448492,0.9751826966190976,0.10340641636843705,0.1235899258763873,2
0.04225817774801581,1.0008266087379345,0.01194385430268861,0.2729244537655485,0.6838768796454173,0.84888880151658,0.6062376298574137,0.17961859646172762,0.23217036106431302,0.830951638351214,0
0.16234074864932363,0.8484521933746004,-0.05370297481225832,-0.02046717299111339,0.44884993934327394,0.6290779269869984,0.5611828896515824,0.20327836589212864,0.13380203379629044,0.8303213424026956,0
1.0062559703114347,0.8029515589075973,-0.1179525299594062,-0.09781398094041763,0.1511058869778159,0.4932795832091841,0.1459734880986227,0.8771140509749522,0.5181186231056975,0.30957840955610433,0
0.5785256534555943,0.5358966936805654,0.5259421288672051,0.7133103272239791,0.7742836239588945,1.1204890576131454,0.64019068653192,0.40056675464687336,0.055758389222730464,0.42918359204132894,2
-0.16675717041139543,0.17241731751575914,0.42883895671062155,0.07118544121327944,0.42376237023992014,0.7257624726259952,0.9853322588132956,0.5664216447239563,-0.019220589167796148,0.08228022006603658,3
0.7546847125794136,0.2651102960891588,-0.05676767027422158,0.46270404030780554,-0.010559413858207412,0.9384935782832124,0.7855472750395376,0.5411256543690814,0.7194891188543343,0.14717838770185943,2
0.049467879810337664,0.9603638755078853,0.6825461051700117,0.3086751316502828,0.9363513577059294,0.3812863973223763,0.6064095206659953,0.5829123257433987,0.6824223878022883,0.7159009189658396,1
0.4579322488448251,0.6436549086474127,0.03798107717219601,0.42171129203305985,0.3895678343505785,0.6221205896785397,0.9320697613518053,0.7798150105467255,0.3270879521705512,0.045016187906731925,3
0.30642183980252086,0.4364174237874873,0.015602672033716222,0.48007796339639536,0.1654476823982356,0.19775415872326552,0.05697108426854208,0.8438746904967616,0.1906760055642717,0.6259404060645017,2
0.4577862141441024,0.2227145799403608,0.5722543008542655,0.3967566914615748,0.47054333001229093,0.40324704991546423,0.33974650883003205,0.7463028629009101,0.33671881439795126,0.6687423309740664,2
1.4423210309991565,0.6264195478665745,0.45211422837446485,1.091205886063163,0.49253030662549224,0.7623860480080665,0.6618936153231476,0.5182494721391326,-0.2503652395997387,0.2071797328762725,2
1.1117906248696117,0.5833073385319362,0.0031884834346312396,1.191352065912814,-0.018370829299160354,0.14879505604703513,0.20593560411658207,0.9893463748697136,0.5827369857023859,-0.0737656938033106,3
0.8846613957906986,0.7110032507566391,0.7279173030652667,0.27054930867247884,0.3439415013137413,0.5354535341230188,0.4014597149437818,0.9206173243680221,0.5828171461824392,0.9010912580585109,3
0.08077722275480337,0.8344533125652162,0.7275963747509796,0.3336947491035104,0.828174482901267,0.4108731344400942,0.7615648481675761,0.7347833429440984,0.535639088849418,0.765426681791085,1
0.05298067751564517,0.775096918858067,0.8473087373632244,0.21461200017594623,0.9909722649722676,0.5296315004341394,0.6830421572533222,0.4654099984314177,0.7142154709474161,0.5027769840054424,2
0.06653531146398271,1.0471701108772669,0.6791340980754581,0.25193562004311754,0.8629221349081116,0.2986339529547378,0.6519911124887249,0.5243801214876639,0.70991145490872,0.7112554247041799,1
0.050437681973744104,0.7663557182902401,0.8360943068078226,0.22276867905806377,0.976639984960854,0.5264317063202215,0.6969314192682551,0.46716958336433667,0.7060156186958684,0.4978097801026157,2
0.08916749565603309,0.6557455095553589,0.9275706449175567,0.6087062274667207,0.7170956795180686,0.6285550145997695,0.4201813950074303,0.4437370065068984,0.332104290907806,0.4903566240123881,1
1.004368560829284,0.6399632638282152,0.12709855864723973,0.9733019124729367,0.5900563235267235,0.7364150666660548,0.621182521893496,1.0963790693598783,-0.08354183186074941,0.037862509574971344,2
0.35449832960125616,0.3010227270103809,0.8644752413631508,0.4016078582772495,0.6807332110247719,0.1889533886568845,0.886543191484171,0.6176139952693123,0.6431608265187179,0.18534946871449862,3
0.3474529218717156,0.15375025765318212,0.48262979970104414,-0.13911385797846737,0.834191820543698,0.5065802608208149,0.6387908332985388,0.46055728932403883,-0.24765545477557893,0.44429885316117407,3
-0.17848705289338515,1.066845121585239,0.6596386868472844,0.1742272373777326,1.0535646607224456,0.3768977706095675,0.5582942246056197,0.35217184500694765,0.8098185533013359,0.5801022692285489,1
1.0027952798602722,0.1235356700854499,0.06169429162647112,0.6586626581372971,0.9354848014641054,0.09475657607871962,0.6641449688755942,0.6986224877376824,0.6365852814478936,0.7486379824376485,1
0.2206117369300292,0.47030251832511394,0.2644179145445438,0.13030749838969125,0.7099395117556904,0.6576243198166127,0.7253854612818311,0.029584922024975983,0.6439497763857484,0.14754303083909603,3
0.22224668621963437,0.9325235000735934,0.6224036032103111,0.5259464493344269,0.7342632494395609,0.6364662475742815,0.5804681458555405,0.5142937129090214,0.20088035940376997,0.38851694176246165,3
0.9580433597684244,0.7279998063808787,0.17069296560271935,0.37146212344690954,-0.1942014782742767,0.3864628406750315,0.16612868652906843,0.6181422149707655,0.31488778491384006,0.765442156561436,3
0.6093955839802225,0.661169845710615,0.14660921113456146,0.7621422201953832,0.188511589835101,0.8704810455942945,0.07680316830050256,0.34475464890576885,0.07981924824512981,0.309610835100348,0
0.3014648078191296,0.5414222492675593,0.943155596377081,0.22915004707373376,0.1514136215664976,-2.3778978125769956e-05,0.9425902346713213,0.2324217623273254,1.0148176334499688,0.29762076314335745,3
0.5604897080040027,0.10565765651481461,0.5286620628520189,0.3016214121253608,0.44792878956922005,0.44212006259945036,0.41276164855343334,0.8439515147799688,0.2798725921080962,0.5554047367254775,2
0.6602869223505448,0.19855944401065906,0.5719795249551201,0.20586200899008,0.4748758577664583,0.5992312443436905,0.32323224519853727,0.7597426521839229,0.32659326039579395,0.7261556500859937,2
0.3823256918192822,0.2756763365639216,0.35742555863139513,0.09556787217014086,0.6168345252133702,0.8525018961611354,0.8264523781145303,0.059714920641692384,0.5205555467220889,0.47911052295062734,3
0.16185753328665986,0.53201063190095,0.6920888707356553,0.3392143655443586,0.8026810272614852,0.7838016043859082,0.9556138133753257,-0.13736553167963694,0.17504024581530392,0.7758455719073827,3
0.25460002277950433,-0.02122473171008718,0.8106279183800434,0.6313798659125548,0.7039415902473907,0.23627125848956962,0.5701208014178226,0.49238650633243763,0.5322173348953024,0.6716556173822509,2
0.8736824419760072,0.48001006698801996,0.606107500630564,0.9632753167607606,0.6311152164589686,0.8542685592256449,0.8138987948701559,0.47149826392736155,0.31787947364626457,0.6393752078395564,2
0.6191760016523798,0.5113067164605152,0.6866885848448613,0.8526065844888039,0.5182577639852739,0.9457363730469135,0.5835289166856481,0.41043501075695177,0.1988669014015856,0.37810985474562686,2
0.19800490552986494,0.677065287613615,0.5210105094989859,0.27809512202061354,0.6014781795086219,0.9859210777551719,0.9629829658084406,0.13957717056309207,0.18889158485083887,0.7116174830797831,3
0.9661976615899731,0.49356577183244194,0.0019475365762484601,0.9558356163213737,0.04227710367407436,0.11808337204449812,-0.018693356481043644,0.845711591775945,0.803922053029645,0.020649655368043855,3
1.4203209814620457,1.0647325717925646,0.6530717995078239,-0.16713845935559168,0.45292414586652335,0.2524253846959431,0.8826578447136169,0.5471558444343706,0.6930419718834879,1.1570642136724378,3
0.25040849545201654,0.7049017741002581,0.6103957265450393,0.8294704487994415,0.6311919658848084,0.04352757172702487,0.845380235127626,0.7641756333597373,0.5562672489276015,0.11114008525626408,2
-0.0630205384764865,0.6986920608603336,0.6441828712292619,0.6777523132168661,0.14119311527331244,0.30282736383585296,1.0432890664172243,0.8192202474817183,0.4768784190257706,-0.09561394995062125,0
0.34729862811274864,0.5949181795290421,0.27636233396397125,0.5365236025994509,0.4464710275165231,1.005380689316928,0.017968096899261064,0.3582624099473024,0.3025020411038857,0.06376179451319541,0
0.31423965875406357,0.4161594852937825,0.4418419071068139,0.2981618237806747,0.5901331484873917,0.7029903646613878,0.8155649828631398,0.20518593338397045,0.44804147017877793,0.49474128694558545,2
0.25504277777854983,0.35184968293572566,0.29122255770331007,0.015089278825920401,0.7380881823388941,0.8612612290027798,0.6735226263072189,0.05111710854764935,0.6665547244924073,0.35171998277566485,3
0.7093344653885177,0.6545310233074689,0.8323483702763188,0.05011051609687428,0.12323740998223062,0.0755500072681152,0.3447727216685196,0.9174786875527647,0.8990830488496008,0.8328092506525963,1
0.1833795794094423,0.6030744656149609,0.590199270769042,-0.19579105155610665,0.2536909803380439,0.5400530470219007,0.6022552756868141,-0.01332109458651247,0.4501443711304557,0.42969657917388926,3
0.398318484018502,0.7108948845479014,0.5793053463731409,1.2269182326321117,0.9803451492831232,0.663476364355206,0.5508166772665015,0.5864137261737745,0.8149023756400912,0.7001078448263585,3
0.30614630893778044,0.8826197581224089,0.5402702546353966,0.7500135680123315,-0.007576558285335726,0.2178501408890987,0.6225854839272825,0.31485159724068257,0.20861212369114857,0.17283298309076484,1
0.8184764382726749,0.534127468931995,0.3935208591026583,0.38048432342607713,0.1582045180651957,0.656558312231871,0.3675731087154232,0.6523053903351848,0.6714349718138923,0.15073131781951782,3
0.5167936552277547,0.7866757185956442,0.7507328850255266,0.9019891269945628,0.8224938724240158,0.4129617951274335,0.16624429877178049,0.9241246164949982,0.9811789781434537,0.844095115809476,3
0.8766580017537937,0.7903212686423751,0.5614308590508467,0.35377388527748993,0.21255559100956295,0.5680023967725729,0.3335957350099667,1.1238276036560837,0.7549141900877578,0.926138293597649,3
0.8285045795849816,0.7541477762353843,0.6084579151058462,-0.17666986358920295,0.013804022473889635,-0.10641537054965713,0.20853769510574394,1.0695601919180238,1.2479953677396156,0.7902010266090035,1
0.24601237609990617,0.9355111407918509,0.6326464316428526,0.4460044823886175,0.7982288221621787,0.6591027204724423,0.625406606012157,0.5439037489056686,0.18150636770188444,0.31948030069841865,3
0.3455315927188187,0.9065088492770732,0.44788927654590505,0.7063732045599433,-0.016799215536254294,0.34974841327955924,0.6444860836277643,0.349640116529918,0.23342027409354188,0.1921752112564736,1
0.3819573991759431,1.0838224441291076,0.5796831520603432,0.3974487266602125,0.894793489437095,0.5448058296428107,0.6906471002079362,0.6173035545774859,0.09404072384833183,0.2937963711073832,3
0.18705043830310775,0.6074222013940956,0.823935482278829,0.6530914386933531,0.6007201997777416,0.599493703949408,0.27810349597339223,0.47324500326314467,0.3920647466400738,0.3988249083203422,1
0.9889062365454765,0.21571986362572795,0.11411405722906962,0.7216280317437276,1.080620500334561,0.277641462847817,0.7502006842323605,0.5905277116116425,0.6603234938954887,0.8012592216467137,1
0.18265488431082869,1.0628475122367034,0.5613017609177414,0.42751671823152815,0.6920698570939932,0.5554867945593168,0.4946788046306833,0.6604754893405986,0.018762380404294843,0.1980975400091654,3
0.7008508647153027,0.4382687308631741,0.60787670362528,0.7510229267889391,0.5561328912940833,0.9364508614683941,0.6257422725280801,0.3090644383424619,0.1788311809377407,0.4611250626950243,2
0.6011547109504364,0.9774977863973529,0.3226141473520071,0.5464273656585463,0.9995503792983544,0.49167830142850083,0.9481726719974592,0.12136547495995427,0.8660953887083879,0.8071082448228553,1
0.5615931615441769,0.9385785065800721,0.2939281179237116,0.5447121665652007,1.0002480256184705,0.5004802544550256,1.0003984497440546,0.1492461783197367,0.8942214988729339,0.7759989366359248,1
0.7096625553998358,0.5187287483492514,0.6369108544554739,0.6969657489431872,0.3286369671018379,0.7644698295400423,0.7276365944692736,0.5834201010797191,0.033326455356990026,0.2740761854152757,2
0.880060040132369,0.858862557701055,0.616489491372765,0.2328519863530552,0.8020941710670141,1.0026527193048997,0.24476776672442974,0.4480977446926261,0.7711723814771588,0.354556057247833,2
1.0159570636659834,0.6520180612759233,0.2111918529573175,0.9607467638082193,0.6151308119265552,0.6938663869140673,0.5138851708539146,0.9781828021529517,-0.01832677615703666,0.021858244120881613,2
0.994135209484952,0.6388319227761003,0.765163650586948,0.3452546736356565,0.23080877005883868,0.5073486634667982,0.6094057503757444,0.8456162598133479,0.6577198457596287,1.019473433083974,3
0.3885430226461295,0.8530603478791327,0.476652227148341,0.8013525720525057,0.006377637849086442,0.26301629117362946,0.5993042469777469,0.26079326871560055,0.15398555125128846,0.21640129035045108,1
0.33247783938741404,0.6225591856169924,0.8458652749013869,0.546629555896311,0.4630009557599279,0.33912559507604084,0.13233440250403355,0.11174863411007169,0.29907568991866734,0.6089605859558346,1
0.3961617449753761,0.08472726626794018,0.5532475650692321,0.1141464916220119,0.14640796801502282,0.7185721121744867,0.3320492287220769,0.3123480659382421,0.9007771688482102,0.2614227365356401,3
0.4121959828525568,0.1925322223478941,0.2857356645973517,0.12002433540055965,0.38591278715626776,0.9103304612877803,0.9682551861036116,0.20415056308956567,0.4544664039103865,0.025115660081013798,3
0.10587226923993139,1.0631739599118355,0.5986022121316441,0.33662620495730783,1.0440051137318516,0.38922177348020476,0.7143744172863427,0.537301266521155,0.7660296440939675,0.6650365546736446,1
0.8326164937474304,0.2805948788458631,0.5578703248451384,0.6359416880715022,0.6126570236447143,0.8185467637045895,0.7193742346084798,0.41915862689828914,0.13233752416700814,0.3631733105289066,2
0.32015117510143837,0.9898683368366556,0.9636173866072476,0.6804381046425094,0.7684559737703239,0.27311458448274945,0.9332442600787344,0.9437925537882009,0.47737332123403375,0.08413302723972073,2
0.05624453343783576,0.7739292806605155,0.8465748922735736,0.21882040939348482,0.9872023544161703,0.5313952189256734,0.6852673031612869,0.46165978497663357,0.7162831042595407,0.5074940631139614,2
0.042574643815344364,0.9322795898399132,0.8550757009024326,0.8734717698355451,0.16711466666720046,0.3588986190925979,1.015535657790046,0.5427489374190632,0.6226249163641003,-0.017485851379599446,0
0.6394695088855249,0.8527945905124099,0.3302101956731614,0.553294215976042,0.8844050166469549,0.44940425563922687,0.9433450377284939,0.18025468427485591,0.815083686587356,0.7803742089236253,1
0.874385498909893,0.7044493787276447,0.542491820397337,0.4356413252517204,0.23134815444205692,0.22307175948844457,0.19473777474678108,0.14188181898701718,0.39830215482464015,0.8597340453953468,1
0.6433826051370036,0.7108041116585078,1.0627968401114272,0.2932646799897891,0.8849731577601058,0.36802849133145377,0.8242985385705548,0.2061920211579631,0.558880737507351,0.8424266076957638,3
0.8709046199184151,1.012359886878205,0.2566285953322004,0.6330306554192556,0.34384093889229683,0.6230050259343096,0.20898014692709901,0.8052986531879474,0.547505584910714,0.2762413830206213,0
0.38616798252802215,0.8535950603772493,0.6826766127943603,0.7473064523619751,0.477447878254168,0.35359069552031597,0.8314556579761802,0.08809037901211388,0.4161457965261645,0.757330934827987,1
0.05986587117678963,0.7851631367374293,0.8392452473478874,0.21403301691866777,0.9927945221364943,0.5203441879814744,0.6746853803409678,0.45226311121995594,0.7289177380399353,0.5041752010365407,2
0.4943553996386267,0.8390556564949754,0.09520101192227381,0.4134674426448905,0.0732082245945557,0.8929653329758919,0.5912505561118324,0.38925697905975387,0.20330051876031366,1.0106873012621274,1
0.4741041972179892,0.6126816190733159,0.19798264981258745,0.5173737462683327,0.42412642805678535,0.6909249630130837,0.9912746929357095,0.9006169583727376,0.5076387555818493,0.19131720153914838,3
0.5231997577244084,1.0505335345655324,0.30801178163625287,0.5439883361371378,0.8969206206471217,0.5572871085159503,0.9070085741622227,0.16711557932312313,0.9379048676310143,0.8475808773534242,1
0.12101841324210186,0.8683383796631103,0.5901838876298877,0.17986207987031322,0.8861402955995511,0.3955419661589492,0.4908252260786618,0.47777754922587484,0.551210818778225,0.7016965998962794,1
0.435626713035168,0.24127920575350276,0.24839788928049578,0.13434782084865082,0.41191754777453476,0.8795565831510914,0.9957502916357394,0.20259390919650183,0.4383129801272615,0.021688392291339738,3
0.22367584390028217,0.5009432603520655,0.39613962290783256,0.10289575613785772,0.5964111936971984,0.7542704187847532,0.9610358843839057,0.08378873567621034,0.8275190266778927,0.6486400771881822,3
0.17631406411476314,0.03072355087568812,0.9035710676312064,0.39009374664407986,0.1915641741753576,0.4828861624433371,0.6349282633897826,1.1285073315790566,1.0787488750443923,0.7824814320414984,1
0.8472825204973392,1.1613181532273276,1.114036783226602,0.9845263402829413,0.5111884578205721,0.2827387669861121,0.3451050534114847,0.8135442993167034,1.012486498738745,0.5984947599360738,3
0.3870272534566694,0.5239065125590603,0.3646024913529456,0.14673425380311064,0.07572411804673734,0.6409925189357258,0.021180613676577805,0.6079578461641311,0.909108484219454,0.1907530066001148,3
0.5183605868112267,0.7998621920799075,0.7499353079564232,0.8907682743113127,0.8282001652825928,0.42028885308116226,0.17573186571122473,0.9266822734182063,0.9811241369274311,0.8364676874655189,3
0.2213017817186389,0.3612830823628308,0.10312402475402793,0.22955809985971318,0.45975083451525517,-0.05725872928215711,0.1457790193135203,0.4621025235865945,0.9263587267286382,0.14693998182554247,2
1.038333730521315,0.1897362720855308,0.15026173656858888,0.9249478081688755,0.0569810180577508,-0.0936793699645776,0.46657500135548163,1.1330633085080162,0.7776345619574827,0.764044585387325,2
0.6710633650163751,0.5218231948283574,0.7451140308140719,0.07716909304858102,0.18500241300938033,0.16283677194307516,0.3127321805470389,0.8308455067310225,0.9716664860000638,0.9222198964905625,1
0.7636398249983093,0.8400108355916359,0.63259723382045,0.19955316265585027,0.933984971659743,0.9853436883550026,0.0552583558781022,0.4917171549277578,0.669013426668002,0.37858759056215513,2
0.38133842373789706,0.8647515343282415,0.45652223883483833,0.7748980007770853,-0.009007939456634289,0.29026446262982347,0.565720049231981,0.24115217768766598,0.13960697676633538,0.20071468231826897,1
0.7223982531450271,0.3366037208754492,0.8750512902067153,0.6154689879820272,0.558028150856228,0.8946886527232882,0.5215116359882623,0.8134273588510668,0.32043065378838836,0.3759971769421232,2
0.39867292659046677,0.8413333621703809,0.46873694311931957,0.7676317697912788,-0.026226666113605898,0.2719797634282275,0.5631567693902896,0.2971511005601603,0.16543599406322193,0.1815288949606495,1
0.7146618699995301,-0.10799520278487512,0.3468646212704152,0.005501577134967683,0.04058065708033074,-0.060837351456013156,0.6118456086870062,0.9708897066908855,0.7364581833963448,0.41248606704972957,3
0.9288642972535087,0.7192852945652409,0.5322257225537025,0.4807469484498981,0.23547223323008726,0.24958732466279998,0.24507027641289492,0.14216005262891365,0.349978789725858,0.8647926606391515,1
0.3157398673945659,0.24283535908055245,0.24116033691679473,0.3249894928874797,0.46967792943174835,0.15462686049013358,0.05036660640973638,0.8811779994616203,0.13425278058572634,0.8322071884572781,2
0.9158374263006858,0.7607295487032493,0.5305035698215301,0.5011593430480383,0.2737996210722454,0.2504091289754521,0.2614067137194613,0.15217989857098524,0.407608710204362,0.8725701083694745,1
0.37600450901441457,0.48427344184546756,0.5050393037638176,0.28751197725524646,0.634808412732135,0.6669273389198696,0.8251206084981266,0.27160735667025226,0.42451940339144134,0.4369327959982548,2
0.10159628077015259,0.666877093710985,0.9383863489723971,0.618560289685978,0.7217446940946017,0.6423835372443008,0.41525281496342487,0.4518202663898459,0.33619156720217747,0.4979837789648696,1
0.6506789184426087,0.9877137152789948,1.1140269207062876,0.09987426394239193,1.0237010027094111,0.5650463196024011,0.2205883503268158,1.008591310579545,0.0034804400227125276,0.9987502712937963,1
0.1847564217215214,0.3127345799146409,0.003320900859252407,-0.1257649984203341,0.8347327589595999,1.1645891776470532,0.9557649399941222,-0.22319901278918486,0.7243951308530769,0.5422746928131924,3
0.5105657990355198,0.5237961882985197,0.4672446173233977,0.6704057311999281,0.6006181447440522,0.9330192959493494,0.45856974527917904,0.31114249047905357,0.4091432569694692,0.5147739283592515,2
0.7378782279458663,0.06233251549307217,0.40804367648577405,0.3021291596811261,0.2707590585384403,0.5118013979167542,1.3308866410381128,0.4569792027811009,0.33760368584530864,0.39608475368346263,3
0.47731285454921313,0.10373063021775882,0.7385766000126546,0.2753621294446426,0.4480799817304229,0.506764517701124,0.33014136018251866,0.10715548622928528,1.0955183651489369,0.022005935698119983,3
0.8543303581865578,0.6379795560946555,0.4171547868416373,0.3698232135804463,0.27856059836917757,0.3550429588463438,0.11457115050021337,0.13657583691565467,0.30703504588745995,0.7556889738496042,1
-0.3978771603605328,1.6119980187246408,1.2772042119435143,0.6447011516307544,-0.29369421296536447,-0.18403708737855384,0.7707903895129524,0.023026283733973543,-0.28202076368318074,0.7690738865331204,1
0.6816210275250645,0.12141898095775205,0.7604583397347198,0.5342174131130191,0.18980664435208092,0.8882506691875751,0.23831357157945451,0.9806567831464028,-0.03584994861388063,0.6559545430891146,2
0.2099315312857458,0.3615042881233783,0.3273793558477829,0.08602859260907295,0.7792740847383964,0.9160264900283176,0.617073526967146,0.04199104582479812,0.6499881796862264,0.39202745148302115,3
0.5721165857234665,0.8799240071882315,0.7329701407619926,0.8925774225262804,0.8348215894824838,0.37764285051990654,0.14956319858837105,0.9787101522888456,1.0654957302353878,0.7723996337989261,3
0.2559114176563915,0.9446871033852131,0.6727474495000606,0.4807219945273459,0.7782371404146288,0.6200869589047688,0.6293627376330103,0.5278952195314873,0.16516385851060006,0.3571825606787742,3
1.146779188688956,0.3839854042548341,0.4691455064313626,0.4202252095385105,0.827445872706407,0.04576057412072007,0.5093036717816171,0.0215539750398121,0.04762460853162584,0.09194040200584605,3
0.06041031637502538,0.7683396844882224,0.8411852692079066,0.2329088622926627,0.9771959461622781,0.5237957044170087,0.6752638704760248,0.46049241733146545,0.7149340852539361,0.5105809564154968,2
0.2688414803347776,0.08041873666105531,-0.24187344354079682,-0.03648328639184248,0.6544562834359362,0.04150650972750985,-0.09929713040552507,0.10605275891553284,0.7315677492517593,0.0750934530215602,2
0.4942461496726338,0.18930672751634756,0.2747380948840818,0.13679702829068133,0.364197110763904,0.8383706234474316,0.9044081157014306,0.281126988643564,0.4895176378145993,0.0014590348760059393,3
0.39315765092339894,-0.14435267905263716,0.8287791223421654,0.546260278422016,0.7217699111853566,0.36395589868352163,0.4238548277074784,0.3976399093573516,0.35252078171414153,0.11403152642306358,3
-0.1335858436851045,0.45052710786409117,0.14727076878846956,0.5030182115242516,0.8288715691897522,0.8206780946430505,-0.5867251626599926,1.5841106221511843,0.6054764029264075,1.537609721284467,3
0.9348937567912053,0.2726321218965837,0.5688788055766797,1.229301953750809,1.3011650782585482,0.479803853247478,0.5586818339022428,0.6658978063519696,-0.48155781051001423,0.9737341306930364,1
0.7677819465311924,0.35102266072065086,0.6120816443748812,0.5923529809757245,0.5343883266452293,0.04992180433987084,0.5603851733667473,0.27830672368288634,0.2135364329126911,0.06508543696169926,2
0.7441940696693323,0.6882424677205287,0.03342980611215146,0.6220133820417282,0.2984227440350045,0.9288166054258985,0.014842160212366756,0.3466494953272898,0.14469055312445286,0.4725022641779175,0
0.38631001970580786,0.5173463243737922,0.409912448008382,0.10007228697029957,0.02917144994051625,0.6391905766950216,-0.008061123635162863,0.6445743657250719,0.9833087163106832,0.15915454253355044,3
0.025535644653768813,0.9415654199352318,0.6570182660798987,0.2906881738470086,0.9500444443453931,0.3557791278758368,0.5991587957963904,0.5466459384132888,0.6403091873207071,0.6962099096372347,1
0.0744988280319592,0.17411784951359266,0.4165693688739634,0.6590145791504384,-0.016011310497624262,0.43116447021588233,0.5053269062382117,0.8445704791942895,0.41451227220867176,0.3978718601129486,0
0.9614446035381312,0.8251665446247891,0.3909234064522892,-0.2764955640359206,0.5784656523370169,-0.07888087716761283,-0.018458335222697797,0.9701294091844845,0.8455811746429553,0.7992332123861008,1
0.6418214786294765,0.354949010363981,0.6104699785222361,0.1154931392724416,0.8656027231206661,0.6714170158180103,0.6556481958884136,0.8972829011148388,0.0903603684426838,0.5677860382255505,3
1.0160814011592632,0.5830642533812274,0.05962923440554066,0.838688047334758,0.7793495938961024,0.5039122464992958,0.3414744800580313,0.9172948297975722,-0.09242458332943582,0.11846261446259881,2
0.31738567167357157,0.42483320012597914,0.45635170228340005,0.2657934715738767,0.5826231543220671,0.7020435701577863,0.8133190182857117,0.23893269172477635,0.4150650007958571,0.4927458377996359,2
0.6081496354760217,0.08927754916484204,0.5742890972502407,0.4168021564865061,0.35549047291638763,0.4515581064884786,0.2475882175856166,0.7853533641851077,0.2256411823952722,0.5430977180951723,2
0.34630539893008433,0.09634052094579389,0.5700270763018234,0.1163002093580768,0.119101609582796,0.7167849165774044,0.2958022391951328,0.2922939737805078,0.873770515854883,0.26980126364404194,3
-0.04874626745230004,0.5161831774423171,-0.10957372677033905,0.28346365021590064,0.9205625100915289,0.723582296439609,0.9270559070129418,0.3690869290016397,1.0526768047578183,0.45673553744287265,3
0.08491849823686781,0.35541240731015566,0.06358980133484099,0.02621737181630157,0.4995359299513088,0.1239414602569274,0.18817199472535862,0.3860699270677857,0.925012298657655,0.3046411076562402,2
0.22775109383768333,0.9775758964776147,0.6365268525435442,0.5147136163567374,0.8327744353598807,0.6685184463333379,0.6057270350203747,0.4719200024196287,0.1642596315396178,0.3359351654444048,3
0.9065355736221238,0.6636303609323723,0.1410805898772809,0.11183494920653272,0.07547408393227323,0.6689440393546908,0.40305424672721263,0.7694614397163162,0.3973420990009511,0.3183952799441387,0
0.5522834168568521,-0.6411554282039109,1.2612445990208987,-0.4484976341968624,0.23121228626054036,1.5954205904640462,0.8301182770741056,0.5918349386225066,0.3996408366709949,0.8545067081339506,3
0.22510537263583483,0.48652643434739334,0.9947092378212016,0.7455023713884551,0.7360603317339482,0.7405750568244013,0.5811347096908793,0.5004630942502243,0.2821548854815252,0.33296309830710724,1
1.0145607273642623,1.0181150654427913,1.0798397264243695,0.3930287993116809,0.6014476481996507,0.4381637059064318,-0.13976551893600148,0.5357910108995947,1.2150323595864456,0.5780980076138038,3
0.03665893600710757,0.9868180203417335,0.9010238501621746,0.7882074072889125,0.2645722006689912,0.3080357662530979,0.9028598141562154,0.43182054850805324,0.7652397477455584,0.1411927354705361,0
0.3189464543184009,0.41965387396031945,0.45522421310941874,0.2749138211644019,0.5830623446517237,0.7006374790653633,0.8045947419174653,0.22749268634864742,0.4254590523676406,0.48969521159663104,2
0.39034711586871573,0.9762847843384491,0.6901305851253071,0.8411953777606582,0.44597605648185545,0.25504607284730346,0.9676362444653467,0.09432866359237227,0.3157684106525127,0.644778686558072,1
0.4715681594518545,0.5370315689522177,0.21511052646601705,0.5565330183753658,0.5232562825557879,0.6879746745076176,0.9349830137997214,0.8679856867229067,0.46430789509864334,0.19410876427427243,3
0.24554821208080174,0.230305537876953,0.07366065807889176,-0.007568506622341903,0.49964119007706437,0.1970264459628887,0.18390113520615442,0.373785016901975,1.013290606316038,0.28220752993207654,2
0.28675651180754275,0.9193775444052183,0.8367148645045354,0.6319372021360716,0.8323822342970885,0.17402762390853455,0.805668231253432,0.8743179072397342,0.6134506642966108,0.04436416897436511,2
-0.03572446622838449,0.43718522536956417,0.790120216278863,0.5041109209170617,0.5579913700105619,0.8010619341140306,0.5557524816573456,0.3647054744624252,0.23248308859270292,0.5289402055422161,1
0.9381548124824596,0.475632470461462,0.5353801223025906,0.41258321789637475,0.06483372623451931,0.21355506955985915,0.2257501039271446,0.37099459610518337,0.2065332273216064,0.3412888337420027,3
0.4502952576803592,0.5572156416218521,0.4251913636871727,0.15088062113397285,0.020995187088811332,0.6565429378949775,0.06381481545442268,0.642190013364217,0.9773945244985678,0.1531910689851809,3
0.15830966759369192,0.12632475475643384,0.4075976387857265,0.7453771582534511,0.1139762536429282,0.38211004919186603,0.5090684480555532,0.8390794631513221,0.4300774160027346,0.4648186492823145,0
1.0074733198998762,0.7889515174934321,0.5421918104324516,0.18438388212568674,0.3772333375337599,0.5810059430239471,0.5273729949094768,1.0584777765231557,0.5944702427002476,0.7932381365392515,3
0.46752171444002427,0.22465357847372375,0.2871973412215964,0.12063147640576384,0.3203387478643206,0.8957449853354303,0.9291372770976782,0.28886964315805463,0.45712266507667876,0.0047709659481699335,3
0.386904177721218,0.8269968782099342,0.5031735984371115,0.7629279022492266,-0.018762684154785325,0.24438511214614472,0.6298199046699379,0.23889201584225173,0.1666553793272822,0.1845626985007171,1
1.1111866271261168,0.7110671926313779,0.16252853809360102,0.8648837466407192,0.6183429442688585,0.7148745311839888,0.41487843724634765,1.0599322193642349,-0.07257885053639493,-0.04023512484854075,2
0.671165925159527,0.6360910196364983,0.6352325384168268,0.0009119349908387961,0.5261971079661322,0.34985925605017293,0.4764358090580624,0.507725591680209,0.6499586068963978,0.14710367306682454,0
0.1500462500923322,0.5325394864124275,0.9158234613541936,0.41935652317307237,0.607952107491718,0.026040136739447106,0.5485085691424039,0.4968803640624945,0.979020226730281,0.1886664299554794,3
1.002165561768775,0.1877842333367597,0.46116068567618673,0.19613503059845527,-0.03559830696853716,0.24592871383014536,-0.031467331762497136,0.7293460270993778,0.39879397512570025,1.0554850237599442,3
0.10819745652461685,0.4567455872194631,0.5306244867612785,0.14942436885854626,0.8481893254710752,0.8723873020239332,0.9758908807072297,0.153153577301381,0.3028277670849169,0.6465748441654061,3
0.40012022017088156,0.46906418121452154,0.2764322534092184,0.47456307891777877,0.3823939207883975,0.9789732993046966,0.10092939084749998,0.43611578534039086,0.30522181583640684,0.18167143335977226,0
0.12918880608903965,0.09255303364735858,0.39473813277633363,0.716197551791317,0.0828662127356722,0.3960333121661016,0.5363123620456398,0.8473272286249658,0.4211433034371217,0.45248702647128647,0
0.05499582367748366,0.9565905033375104,0.6872190215960249,0.30031569035930394,0.9408320385549948,0.386613801100675,0.6016421069545234,0.5840885396210711,0.6806619782985697,0.7194291010813935,1
0.7969011547091694,0.5048668094918443,0.716676095724095,0.5572466109258408,0.5935121148842056,0.04019258703988907,0.6294148610837378,0.46777539929503825,0.10621845854028536,0.10547567052797767,2
0.714205964504897,0.12687037225292166,0.43905477847704955,0.5675642730510368,0.06354059235076887,0.2047215346889705,0.059038866834474985,0.5199014816358469,0.5746300046758334,0.8574328226900635,3
0.2573426430135456,0.9704443976236787,0.7155629441907575,0.4101756786331359,0.7390407121718865,0.5999816041574517,0.5725429418638257,0.5677893814195544,0.13148097170665235,0.3185311719631168,3
0.6645140636856561,1.1196520145715698,0.9784241648229152,-0.18526798749170564,0.7831537396064507,0.6784770269838387,0.2686792417496058,1.0280981682023054,0.41262498951000925,0.7075549087586086,3
0.806257235314456,0.7233042732795059,0.48136921575961705,0.5110738244907604,0.25164462993584236,0.13221193932714886,0.3694898266365084,0.15502616999037286,0.3467499438198885,0.9615370042685707,1
0.838999949806946,0.6157764746214432,0.8561425640840794,0.28764755284713306,0.1577925223335963,0.6001113543243672,0.24258296895374598,0.7930385494438014,0.5801634065488629,0.677004308120957,3
0.14872002885293673,0.25126640555380797,0.189324745171213,0.11599560897411836,0.8557745186899183,0.8312306533569638,0.6215954183695742,0.20890178013759908,0.5119683937750357,0.18310947383567566,3
0.17585343570363496,0.9314586922492314,-0.06045181211938279,0.1984216738611309,0.7291075496101457,1.0545217007406686,0.5619445101682354,0.12690235788812257,0.39545747593376723,0.6565711394875763,0
0.7913394237886883,0.5589845645437966,0.6006937909231647,0.5178766316374183,0.021859953977630735,0.3861877239337643,0.20812330927253242,0.5741847188130477,0.3663481562908978,0.38083915962160064,3
0.7267338590587871,0.808615792446078,0.7320896172019165,0.3098759932173781,1.0319974173207884,1.0335457127092564,0.1981212142147788,0.3823098251963999,0.7283985258536462,0.5591282504996121,2
0.4174604916358754,0.9992055660364249,0.6584783284065134,0.5278503694700105,0.49855100608194913,-0.21244284210771391,0.49180236430960117,0.259663374745728,0.4780369123702849,0.40089607628582186,1
0.42441070837843065,0.14232636880455252,0.4366515471168344,0.20910110022716286,1.0286853551439612,0.698259433732103,0.4726477097826416,0.9658922111570141,0.2087978965487065,0.5016360294294064,3
0.5069154642100056,0.019470455894473104,0.8710252710055928,-0.4703028268479855,-0.18782282919195603,0.8408535651318689,0.9731375547141642,-0.22658809078820424,0.9594081447180532,0.007633782049504739,3
0.16351228050208974,0.5162793441606361,0.8411388529450903,0.7688994258781268,0.625481395416593,0.4835373333282456,0.5140953482416116,0.38084365606868686,0.18692053563440741,0.3933254544728132,1
0.27215709326898296,0.9104918363489239,0.4995734329847212,0.865754084135278,-0.09033896247737408,0.18297211787580067,0.5549777731227107,0.2130398102262861,0.09398681942061662,0.1175461222143532,1
0.14773299187177075,0.35739792831251643,-0.05754348937790989,0.1493253085071925,0.42988800300680574,0.05233714761710691,0.10699218920213162,0.4255229495394007,0.9997311909896363,0.2104905013124555,2
0.44267422217444846,0.8771574000336497,0.44620303749204543,0.8878067549378367,0.15473434103226336,0.38840519258335215,0.6091383129563193,0.24237842535427948,0.06645851446210758,0.20570665095339444,1
0.03495408667241752,0.9645750154057451,0.7072223501377022,0.3060513162717673,0.9192990946979455,0.40179002722251117,0.5915399825430759,0.607647590787724,0.698753667651677,0.7385984688051908,1
0.7148093674566859,0.8680661524564971,0.6299591583164353,0.5798412049724906,0.7414883523357496,0.774003086623195,-0.041960622173045026,0.5266328353953237,0.5905007772922048,0.1021864614556412,2
0.3896953506071031,0.8110112357875746,0.45381370533106863,0.8247750164992799,-0.041120273886280576,0.2788515277628922,0.669965790415511,0.19510273137112757,0.20207883734866222,0.21933102916456546,1
-0.018504390148733896,0.6260988227823487,0.8794814094208776,0.6870481571279108,0.8353252169593901,0.5276775559802768,0.3807838830124417,0.49181178016599875,0.45840004155442465,0.45101462443860585,1
0.22716911255674532,0.4269838426490402,0.20355676391968108,-0.02675816551534889,0.6908206130505525,0.931260101951962,0.6837856902512677,0.02635763115985619,0.6718028126553743,0.43711480077634485,3
0.3785259554640241,0.9119911013629352,0.859699882879484,0.6332242692912584,0.7638464330167958,0.19084304959845008,0.8742422682705957,0.9541317911209228,0.5661264850631181,0.10653191324436477,2
0.5140498688457419,0.3679470782841502,0.24925291788793089,0.4060558340058701,0.2526749454892766,0.007876235533764764,-0.06891020614169058,0.7279021949042157,0.13474690068281622,0.6652197375944644,2
-0.012892200007000254,0.612730897538896,0.9606835697295801,0.5784599902198965,0.7620682211381768,0.605185588788256,0.43016087118374086,0.3847041133052302,0.32824592651410267,0.42621076874828817,1
1.082253508764055,0.20032312876114178,0.26209570820682543,-0.07051576897203793,1.0983358518790762,-0.21624718065373627,0.64197782679805,0.9014854740657534,-0.3054319945542002,0.6650640303227229,2
0.3034162294793085,0.35369113250991624,0.1611692850906793,0.10204538503754729,0.21026290435917755,0.7045916069251703,0.7850094627568176,0.10298803475805654,0.35986805041560216,-0.014481057647248309,3
0.2762899838703776,0.8716066860920095,0.6006259616155472,0.8849254269797072,0.42820956317898906,0.4141604527507667,0.9353203911935507,0.04265796651044132,0.3151493868630105,0.6751332560978522,1
0.4993389877064648,0.7234514956872903,0.7061991570317921,0.8080171424309193,0.8927007011301356,0.380383897894756,0.08191642748854876,0.8412245375378753,0.8946727610269414,0.8846842430436231,3
1.1037087171672746,0.6907525266123954,0.04437716861355587,0.9258339038745333,0.6766877414328049,0.8067055625336481,0.45306184343759004,1.0218549351719206,0.07001610426758587,0.1567749183006389,2
0.36382270487285573,0.17615756929308934,0.4330392149292784,0.5596605782682146,-0.09096598080548449,0.3025324370154888,0.07587881393982816,0.3756418672296399,0.2547608904422801,1.1178297649668896,3
0.5095911474238474,0.790866143400814,0.7494103921237912,0.9037933024922072,0.84200766502556,0.4352944420260675,0.17621115239577695,0.9308762676486017,0.96814637224972,0.8274590686371917,3
0.5001821357981975,1.0066947354236662,0.5581349502336653,0.35940630760504994,0.5734609235994457,0.9461786792092719,0.21633306035203598,0.8997755144037893,0.6124195347550379,0.8491580386999846,3
-0.28731984829869894,0.9692531431271543,0.14793903607829478,0.4087476105925959,0.4665093717028382,0.4378811602558535,0.9933018346267601,0.4924705698505411,0.056297463299006756,1.0410148803341577,0
0.28112540058748353,0.0013193948093840058,0.5417453734344019,0.3947095674975815,1.035204728239527,-0.13055063072405287,0.875047085145196,0.5158064472657422,0.5752869954471181,1.0629651272089995,1
0.40835860451402084,0.40074926333210387,0.13638776163690888,0.5110130220627439,0.28880806012565885,0.14248461276189492,0.05083112247058004,0.8384986799131433,0.10362966934482147,0.6410566896588882,2
0.3365037726708178,0.3141354797710352,0.07919350941313283,0.4696942865079258,0.3140671168935564,0.06577352940241742,-0.022120296527845973,0.8601195614377158,0.0043463169334324175,0.6220632243972947,2
0.4067570797048405,0.40906647025698717,0.05803518213284952,0.5798968350536302,0.3607807380631186,0.14861044518897032,0.04919581058550153,0.7390796136467718,0.08333277336653444,0.6500923522880986,2
0.06006219909940266,0.5911994119893413,0.9714481071137872,0.6352645646342929,0.7918319220821979,0.51614602441562,0.5317232771283116,0.5473768277957045,0.3138731543765532,0.4712983871563964,1
0.1369982817828648,0.34672470774481756,0.30018268156129424,0.1234556897908099,0.37542471268411115,0.724026757426196,0.3171934358534009,0.3675830791486226,0.619857579065118,0.45150687942820156,1
0.22397335136380211,0.6710539858691599,1.0204938461255362,0.191939065660874,0.22598352845590153,0.14836295271656302,1.0432555049997085,0.33571017479903364,0.8094722378883765,0.05845305093626191,3
0.40341055930128894,0.15931021992552236,0.33269688243329143,0.23991827072782917,0.4239304977689975,0.9101637924609878,0.8919058293875874,0.21792033107949996,0.4624973289822489,0.09841773880256162,3
0.45815536966480314,0.5612477129750116,0.18655540991858663,0.5695158933013528,0.5020652630692127,0.6676447642562012,0.9611526795799273,0.8440979664722096,0.42590249884577924,0.19405416215729576,3
0.09087912520077684,0.8982929274797957,0.9227352522345389,0.7542345321880417,0.16937434909838867,0.2061730193175673,0.9140485892294117,0.5074178389527766,0.7228230317716198,0.09469495169820759,0
1.104987536388431,0.6443895416104523,-0.0719660058481143,0.9789763469472131,0.06410288432730511,0.25355933585392537,-0.14025586388680053,0.8910780698763252,0.890193469322644,0.051543798830673386,3
0.45433617229669476,0.6139011576620194,0.6234153697817455,0.3028025599287397,0.5369387626390807,0.7766918926939888,0.7722255080423782,0.12629229614378448,0.41784547021674523,0.6839230531283218,3
0.5197975623337037,0.20929183770006762,0.21759723713804985,0.15705059132268684,0.34018533076621255,0.8057907808685953,0.9413557737885228,0.19549384153375898,0.46592311281628535,0.04143276371593332,3
1.073315710946923,0.39176727757467755,0.05599696691022674,0.9318909979985165,0.04557785943223979,0.044610022796842785,-0.037769630648975205,0.7675947737242363,0.7476986728387707,-0.009703263125687984,3
0.19428781947948834,0.5158770899091717,1.0436615395783713,0.1554482589962648,0.15957819074624963,0.024315359183685246,0.9065410798943588,0.2600643681645405,1.0102081853414886,0.20211301710771304,3
-0.23212810835907383,0.8926779799670187,0.6586840248041403,1.11366379232058,0.3459550563768733,0.5171334357563856,0.5183421012347238,0.7694717520436247,0.9109245297134312,-0.2915129406892145,0
0.17236784331595104,0.08239477900153538,0.3645386572913416,0.7379938469395881,0.0752459110519091,0.3968321357921082,0.5362589312262085,0.8275864712588743,0.44189302593874247,0.465004707483134,0
0.09370340067097255,0.29651265547083466,0.14762913271297148,0.27612087413322856,0.18729029441076256,1.0271320532715258,0.3990563032033877,0.17148454787651035,0.6360440778274835,0.5500012958733893,1
0.5092004146883186,0.22381168847755586,0.36336985438400793,0.1399894028452528,0.3047031532121738,0.8746050058152631,0.8862995016353844,0.3470815466584378,0.5170023389188322,-0.03820941634616465,3
0.14908861997176587,-0.19382975411350079,1.20619927288864,0.3760319053479695,1.0178941888568886,-0.42543511600785855,1.180695615000908,0.47692864775803206,-0.07109279077073005,1.2762098551185561,1
0.721575183528486,0.6232919165097924,0.8840739720284584,0.043701542445738484,0.14188228563278407,0.09999333108125927,0.31165912664696804,0.9385037813821555,0.870900202909563,0.8495191303564349,1
0.06956556500687203,0.9917239635468068,0.7212422425672279,0.2660810924606416,0.95945457096144,0.38227626157695915,0.5781517265504966,0.6202976964452424,0.6297127456783229,0.7349935430219484,1
0.6520496084087615,0.2707875556097188,0.09874392271207444,0.17525241302837513,0.1748231861463541,0.6892590343242118,0.8635405415358368,0.14663989581842174,0.5643881619142044,0.18704744410135338,3
0.6350141601432611,0.28907785901229127,0.3620450171545534,-0.017566397366715586,0.3078580714697918,0.7327799201047961,0.7879274368439353,0.2557402783313248,0.45350922452412057,0.11175909546458981,3
-0.029687445216564037,0.9618456344789352,0.6430549328263535,0.5729614603466311,0.7778551428822869,0.5295065324583879,0.47198957089823557,0.3436518938834838,0.575615814561301,0.5565336249550195,1
-0.08202598857289622,1.2506961904489162,0.5600357350554822,0.7395383228388921,0.2437053447274205,0.7140861007832712,0.3098757416496648,0.2833193248825293,1.2138279178783642,0.1685817686334925,1
1.1161199277753289,0.9045436560987057,0.6685403971030595,0.18550204893516994,-0.00606088216885417,-0.0456789172587663,-0.017292586025595358,0.616207782164753,1.1022328904138503,0.8597215650150588,1
0.3375370778766967,0.18840821404979574,0.256732813074522,0.6008395802611162,0.20301353042806136,-0.0363779523383273,0.388439581983962,0.9226291797283865,0.792153763634367,0.9404140159257592,3
0.6055793751738182,0.6184938790267103,0.49976167911623615,0.76509926133942,0.3791171219947492,0.8545717382696615,0.7747659040512724,0.3197840152161607,0.023721987995538596,0.5423783292122248,2
0.9080607607726155,0.730204465197301,0.5176432023983824,0.46847660331935104,0.25889891546874033,0.2684954223461705,0.2464510182075179,0.13884240372268816,0.35493110526811295,0.8636299779468869,1
0.33742280147200054,0.17390614308297697,0.6735656181746112,0.17309197948817232,0.14928392413664035,0.6929252126262488,0.31896100120831955,0.3578117981096436,0.9881483749762906,0.19682675388474224,3
0.8944902669311418,0.46031594187139857,-0.020652373655424015,0.9312704707291161,0.033012919510049185,0.218736654668436,0.09781612350433211,0.8008174027505481,0.8943536130920492,-0.00827148538745174,3
-0.07282388931110892,0.46925333792179047,0.8123168106142477,1.2202341349765238,0.6572621881142868,0.0949358480971749,1.072017484707212,1.0286164279610144,0.29471403638825017,1.16637907616489,1
0.03123373161164156,0.9186022544067559,0.9027292088874926,0.7490189236602732,0.19056747557159692,0.20831595674896586,1.0308760925074343,0.5537106577427672,0.6328908816127977,0.051141966985474706,0
0.5954594824035185,0.9596193417337989,0.2982132591460047,0.5579458974181772,0.9759297728180547,0.5006702454895118,0.9595913591054188,0.1348289054559941,0.8869936868332554,0.8180958609205222,1
0.6370547908953259,0.9654672570074618,0.12075304425795308,0.046511326244729645,0.30158481888292976,0.10774523873359654,0.07973738274691367,1.2428289351169182,0.6160907860705651,0.6414818480729991,3
0.05541407896803097,0.760956513651533,0.8372686742909385,0.22415739998642142,0.9967607282300367,0.5403594609411807,0.6869392914295978,0.4707940951323789,0.7237320066937618,0.5013938369921966,2
1.2228441287685798,0.8941640399129032,0.7154092631470601,0.3553779648174092,0.1343099156817435,0.42564030221193344,0.3656937375145255,1.1953592185424413,0.4980170936879572,1.0485655146427306,3
0.6608396575225876,0.5623722931518289,0.7700675769323643,0.0711058620741114,0.17697589275362388,0.02297269558859269,0.34046562798846686,0.8557449522072723,0.882312926356249,0.8552658690232848,1
0.22809824025843384,0.5390325234941036,0.45554946278432473,0.6558070949690048,0.2045639570674107,0.05897149598743129,0.5388864242063264,0.20039941938989758,0.49029568524251405,0.015547226662834257,1
1.0535048557344515,0.17363879086582867,-0.022853077304858305,-0.2603705590354168,-0.33216515368344474,0.9179669863275087,0.7097830093008568,0.311143321811538,0.36309949029092714,0.3201342897092305,0
0.8919601718479138,0.5604818624161718,0.5190969679032903,-0.06012792420808358,0.1836680446014156,0.5276273959541061,0.7688003634795172,1.073965000653436,0.7622830239583565,0.2480885088694633,0
0.7864250081981574,0.41932852648678554,0.7022216504469807,0.7186103153339422,0.6220918482258594,0.9964482117855636,0.5881114828367136,0.21256708572776573,0.14728129266346146,0.45299071345272657,2
0.3711053910211057,0.7941078137643511,0.8280729746193852,0.7217685997306581,0.878867084085838,0.26766317187112804,0.8910051247352834,0.9625840885966336,0.6741877373785103,0.13007615863206373,2
0.2562706494829717,0.9814270169589585,0.7619044167997934,0.45991033046510704,0.8621916635430092,0.5810340326098191,0.673062415267018,0.4884246630186373,0.1387094616867875,0.4324825215369383,3
0.8618376692873562,-0.5702240536300177,0.049766397440445864,-0.1753254790208388,0.7759154830461956,1.2260695271798263,-0.5070843573286684,0.8543761260163759,0.06251175761871627,0.5002981273705993,3
0.7977150260824322,0.7719311267341784,0.25529592863551603,0.7416790214791087,0.4249476136459237,0.18579965305363944,-0.05065306827787655,0.3285253505621561,0.7082792617252678,0.2894550609723883,3
0.3033574485732642,0.08091269225074624,0.6620253381073562,0.42654073429487305,0.9975296280753005,0.05018728594228846,0.8724885718919299,0.5140544094634804,0.36147363865048826,0.9089055442731253,1
0.2596038861644363,0.8599545488052713,0.9588773360428234,0.5440463722722504,0.7369966311603057,0.19294360922571013,0.8748994213266788,0.8268458852284856,0.5081686738965784,0.07345931850055964,2
0.28233030475256254,0.18468930098877728,0.6004358610590892,0.4345082535655419,0.6196652649454856,0.8812517849598419,0.6205548953828093,-0.12181675633424613,0.6021833932313628,0.6519288214010757,3
0.5892714030648055,0.2882075027924256,0.5861783943037462,-0.012453717172324227,0.9084582117961508,0.8089256288924344,0.614427117807113,0.8125267725755211,0.06522828240101644,0.5335434740851005,3
-0.11044104785481629,0.047004976519885014,0.8291755036958256,0.707127516080212,1.1692421576805614,0.14007596198902778,0.8404491670078366,0.22665114691575422,0.6856380047848238,0.9574930246616736,1
0.06118946423036682,0.7737114771874504,0.8457863555716494,0.2169858095713845,0.978195133832678,0.5303492370435399,0.6778610206103777,0.4640158916774087,0.7162433698690723,0.5041262303832893,2
0.29868333067497677,0.3968959796526724,0.42938379742961874,-0.007118383097053371,0.32548448422784076,0.7475330253279477,0.9183593315909274,0.3054607525677395,0.2561135305762925,0.011536878309736993,3
0.238809200103874,0.4315514199172869,0.5785694075640797,0.24503988749941052,0.7084735969090381,0.9295820266670587,0.8652552053036296,0.10056919039394278,0.4258638425223896,0.6688897270874201,3
0.9664646030981581,-0.07056724721525279,0.04976701714812093,0.7679885021896836,0.8899762479280521,0.14326920005649266,0.6291700598444571,0.5600778156038134,0.6018359921819207,0.8106035358542967,1
0.410999906029034,0.44870631894068497,0.9893489070187405,0.6537435773781275,1.0708974914553262,0.8931294739851076,0.24206763446562946,0.36409529524993545,0.49328476779415864,0.16162908269693804,2
0.48225564598193743,0.14407117926911633,0.24447233250604916,0.1363761100897656,0.38339273414683367,0.8178441687826791,0.9813020915686768,0.2822673023567842,0.4641189220070581,0.02160948021336074,3
0.30207773499877044,0.9056460862589975,0.7784872302424636,0.6844311960267401,0.44260483588662664,0.1973901869541124,0.9775017729782112,0.14036869938387206,0.33913663088925833,0.6783420350522725,1
0.2867079629059017,0.3116208739852284,1.3608399948219883,0.324292319860205,0.1975937513269825,-0.08677652938502411,1.331465610916359,0.25721570840253816,1.1871623562475313,0.5737900770463649,3
-0.29170410640001276,1.3033058271777747,0.06699036257258262,-0.1924201054583603,-0.6630315570487526,1.1708020090832096,0.07595955582514824,0.21589964359587044,1.142111943446761,0.4875720235642467,0
0.2937787192074228,0.7881250508050219,0.28173280738154954,0.2895314889378357,0.46150842884618265,1.296454367447635,0.5706160868118242,-0.20412102258252224,0.49636657948308427,0.6348757668073414,3
0.7276567940599391,0.7498842136613668,0.31523083475785274,0.5368219002785519,0.693791988703186,0.9391559040343992,0.9574562682216995,0.8529554270928861,1.135898483218499,-0.18525319560296571,3
0.9268593531076681,0.6800964498905414,0.5675477765551435,0.528999761101491,0.19930490415118599,0.18163071970515587,0.17219530517330656,0.20030173776797305,0.45649795307738084,0.8244859120228737,1
0.37230117245360983,0.1155129596392857,0.6020300386001287,0.14671121745649895,0.1604858881527619,0.6845260386982539,0.30802375848468383,0.28138825949386925,0.896237790161806,0.2313693577980003,3
0.43906491954135407,0.4496172238411736,0.1481961689005426,0.5731347545824274,0.3815934257919937,-0.02509887083132621,0.09099655235895253,0.8994260808922365,0.08540025309896515,0.4979400144963502,2
0.19792875618720956,0.618620172632982,0.8604996813481258,1.2121193470817002,0.8533556293150806,0.3282625160257294,0.5020069136541783,0.4641917028850578,0.8532972610060712,1.1552748781760687,3
0.5992896428218825,0.6210495935307837,0.4075163168972474,1.019386882396228,-0.1123234433173048,0.15226494670037766,0.6127044039625429,0.15303393776380522,0.3932363037936892,0.29952933271906457,1
0.13338223568928503,0.40676567943232106,0.04097092591305204,0.08324447530059537,0.46457085746804794,0.06227418972940891,0.16496414967614687,0.4054753855367004,0.9110231415404577,0.22478474971592177,2
0.32262726506671263,1.2064854821067645,1.0720003840221586,1.2191377267725867,1.0574400293419965,0.48707864587164135,0.9839490490691527,1.627169900767409,0.02274167254302517,1.1388803772952243,1
0.648730101862246,0.932771384997947,0.1538021745688525,1.3963237915768174,1.0696721035349894,0.3015518537794875,0.6410351368862831,1.1898202655072767,-0.35075976764469824,0.09142801551959767,2
0.32739983216589297,0.44485609561954587,0.4550247986407959,0.27695701621318713,0.5779044342277168,0.6904462072272904,0.8379713492099785,0.24751849527206074,0.42415450196440224,0.48926144903522945,2
-0.09872957375903485,0.21550348364603272,0.5909604764813607,0.17978984491586775,0.8354407846824319,1.2029719479210692,0.8631574848999811,0.041433420080814166,0.09713459674176061,0.4584391325678559,3
0.2999038773421994,0.5995519661272403,0.21463213757224428,0.49703657208707397,0.5943930729224529,0.5774447694648133,0.9291262198183293,0.8331621839281582,0.44892096578785906,0.3299777769839486,3
0.3249590886027899,0.5110747289715016,0.1254285997525582,1.2585987503170653,1.3063031189043106,0.3498641070297613,0.1805878105779538,0.3616584812614729,0.406631305177941,0.3154666881084373,3
0.16194722986920712,0.15962247351573752,-0.13621116289585483,0.3439115471989778,0.5265415845793995,0.8303105400420607,0.12768079459915516,0.49627081858787603,0.577921589770811,0.4304049940995009,1
0.35813428419603816,0.8501242732286562,0.8242745511652803,0.660983746524891,0.7814327512578652,0.17369383953502773,0.8572758368403969,0.8558549524629462,0.48754609229955415,0.11204539100978769,2
0.3850234904182847,0.861233551575142,0.4707235959821244,0.7936525420743948,0.024387913114015506,0.2512339191132484,0.593955996001786,0.22904871731800863,0.17408809109514428,0.18748304196214494,1
0.055909941095167226,0.7735582567888906,0.8465875716007106,0.21892082938291324,0.9868330251870989,0.5309401009719917,0.6853774255991114,0.4618127443933285,0.7157830676278851,0.5071993921871635,2
0.1798907976895167,0.7998643829757452,0.8792334644871658,0.5784454862597848,0.661535290441846,0.7344762137420844,0.5171214383799092,0.525359750665183,0.2868694746507767,0.3598212096370553,1
-0.09377513800369719,0.3333545955303513,0.32280329288711934,-0.151045585490206,0.48670498360569786,1.055385623538912,0.5612347414886505,-0.15312003509247604,0.8336699099607863,0.3728123622770475,3
0.3957053719689821,0.8361811653268006,0.4682758095087727,0.816840260087036,0.022079733021538567,0.24706878729935483,0.6135973844555046,0.2607789923064739,0.14263745836998268,0.20667096707878704,1
0.3177913400522901,0.455092215855741,0.5117692992573957,0.2780838357118762,0.6021308105417462,0.6596404703553078,0.8596251494364016,0.23233496376493412,0.4359918649951222,0.49028478524025054,2
0.9414849226446782,0.593969906409349,0.14955097502183984,0.8964625582740609,0.5933097675452671,0.7250873308472623,0.553192706916998,0.9140287156413666,-0.02923442229226538,0.10013219142145421,2
0.8437264378071736,0.25948932398087177,0.2088541106848098,0.21930588114313987,0.48957949446034854,0.25397503253267534,0.09942404724385173,0.5206568760318899,0.3260239615274496,1.136002074915493,3
0.039372022612673974,0.7938192142716647,0.5535527195208617,0.433506045717555,0.6555380214762756,0.35313489076897103,0.4385315727783598,0.5477977775077083,0.7880751904240729,0.6963824693635005,1
0.9715089078307138,0.8060717874836099,0.28935377198896695,-0.025216409089189068,-0.14759817037229137,0.7041364913626527,0.3604377103534677,0.5524074109356311,0.4386244190600252,0.5076523646813459,0
0.414993806452762,0.3767784748882419,0.8552337757820347,0.7417218584402874,0.7951751035583712,0.2511558268473443,0.9535356063263776,0.622851282103946,0.6103540719425822,1.1671667459889208,1
0.2918200426146058,0.8971233243717192,0.7293221647218476,0.7830985390592675,0.5022735873535169,0.3405840121373973,0.8455864691479053,0.13862364009229092,0.4753611791268645,0.7109818027049465,1
-0.19175332963994063,0.7072653417747492,0.9865230226545467,-0.14173636423920272,0.8652801776474324,0.7267805625467759,0.4659966086801822,0.2606120902230319,0.6551043794471445,1.064594543662978,3
0.5496823825244154,-0.12407938530507762,0.9848179056038648,0.5862349456402991,0.43507496294621617,0.2807220455942459,0.5463411101697928,0.23146383823575703,-0.17744351867998823,0.02277749373294502,3
0.1316973467119556,0.14620831401486073,0.5921488490125708,0.4267371845876642,0.9448226119652756,0.024511427413961874,1.0080825400775073,0.5662002365740473,0.3213901473621949,0.9398824433778322,1
0.18567571297175214,0.4007867214071226,-0.0574362803337793,0.06224929658090533,0.5564389025102046,0.09614804584804132,0.13242966851947405,0.3084207208740834,0.8758703144182096,0.22554512383560846,2
0.2561164628380077,0.039430329541087945,0.7684201390944625,0.47622044177467926,0.9002762208563252,0.038161732100467124,0.8812664192792735,0.5144892432638787,0.5176854983411024,0.9728879058660939,1
0.801578599360049,0.6883484643124347,0.8806024484342173,0.11777923582874952,0.06906191756663861,0.1535690083541959,0.3849217635878346,0.9933367807598695,0.8136439590889875,0.9035403761056005,1
-0.02117130340497113,1.0818378401156428,-0.12862001502550488,0.359924542057173,0.781901131075482,0.9204790849817963,0.681789611611219,0.21722133165256372,0.3936254417933921,0.9090082052037489,0
0.9446735507822865,0.5693657513258285,0.3208330050019789,0.864669037200602,0.5852805311522694,0.7065993502555735,0.5011636954031655,0.9482541031529282,-0.04436954599845367,0.17345781626162596,2
0.3703526792819147,0.5057424009770584,0.290499441313683,0.5718856197915002,0.44960004283771016,0.9314794231229232,0.06492429951453378,0.40899362617325224,0.35731867615559537,0.11991909827009475,0
0.22211511998013106,0.014867129421807679,0.8651685069474631,0.5497788183804231,0.99126093900715,0.017264950474334066,0.8943879622419744,0.3416113493286069,0.5804411334971578,0.8088118467134401,1
0.2425636938964848,0.350619189607298,0.6679245484098124,0.5820866922369025,0.3345278902271624,0.7360753876529289,0.21559009440259636,0.9168969998397808,0.4776764151838717,0.7375317664494172,2
0.97489339484804,0.6569839651371873,0.12548136649520625,0.26610081838204086,0.12816712325248866,0.6441181367756397,0.21828780962454616,0.7878285300031493,0.46506829480202183,0.37656816771814317,0
0.1463514046051559,0.04699692311703979,0.768182043777335,0.9488830023675565,1.0916470194101315,0.34505478575236703,0.7194273795125697,0.2480008947769455,0.2025716654068022,0.24466993278587354,3
0.49695861069534236,0.43060361165656424,0.07019211040558887,0.79071004922546,0.44069318096028753,0.8653019769116785,0.7990484100423438,0.967449050595504,0.3100648297712235,0.2573868567771831,3
0.105048035821215,0.735436868674988,0.6439115008239745,0.7756590559446549,-0.3410045225032632,-0.10280022137079683,1.0775887796301147,0.3587584321530408,1.359057261041696,-0.10251945190612471,3
0.13334960684721775,1.0833892744153366,0.8360388562080396,0.4915341133207578,-0.01138741565772805,0.29394011206948695,0.7035630853866102,0.36544536619866985,0.8344188486545038,-0.2370265650460489,0
0.9456920315565226,0.6077980818497233,0.17135675246972665,0.9090936621612121,0.5850880139766026,0.6436009229449488,0.460595575470058,1.008350491998478,-0.01676008043126858,0.020254209754056653,2
0.31294854057066207,0.44622664926358097,0.443571325737268,0.27128042660200524,0.6054266535486691,0.7041412419873437,0.8257226441875866,0.2384100563659338,0.398212532090511,0.513953136452965,2
0.2369848168893727,0.9797658453693969,0.6270471639899273,0.51477239889756,0.7916196559372266,0.657865749366155,0.5996197926291652,0.5486217950176879,0.1479434737897435,0.3069867011231908,3
0.9126116901557904,0.43460017675463186,0.07373035461320215,1.0943449487003718,0.059882650164501776,0.09076545624630827,-0.0019787600457375383,0.8648496441296085,0.7770420188695901,-0.04167800409662194,3
0.2480562668860274,0.49500050001677653,0.38767400098150506,0.29106727088339995,0.5250695836049776,0.6663338867373734,0.8852878081645155,0.2964705657194272,0.3660145302847626,0.5293467106204486,2
0.24140173183717276,0.18616678281107146,0.6573473058374387,0.8873974914712583,0.9435359110165955,0.39785542748632324,0.6599436289361036,-0.014724314841971925,0.4522945899979747,0.3656930005224325,3
0.35264897474577694,0.3544415572616246,0.20075629123049568,0.11528681289121126,0.716062989551705,0.8832369472500912,0.6064289187055709,0.08583822825821835,0.7743126866689096,0.2520424263859801,3
0.7811722947459003,0.16805833418350913,0.6209588889058699,0.6268220952783216,0.2373018147572709,1.0768274305111831,0.11622105998536993,0.9152083306243582,0.9370430604226869,0.3206941371926779,2
0.7760025262864267,0.8559942182482481,1.0898908683591926,0.6989932116180484,0.798325662917097,0.18364256797401401,0.422464113561462,0.13036786506368803,1.0873269934896352,-0.21471691048538727,3
0.47229826876079495,0.2234341370028967,0.25850532972466334,0.18417768401301984,0.32503781853897973,0.8828057646595497,0.964669155517803,0.2424291431182481,0.4441027511527264,0.007661938706623222,3
0.32953098223272265,1.007583362056925,0.6998826816513112,0.5926499405972975,0.7430067438876724,0.7465866673783251,0.6957700049717375,0.45520657375089424,0.21459587000685354,0.32010526817618556,3
0.02005170798077783,0.9821139341927394,0.6630495131638958,0.32496349315649387,0.908011751207542,0.37302872850013913,0.5568689933950933,0.6250090468246805,0.661980825843669,0.7664752929665342,1
0.20358775617504296,0.3122119120124712,0.3843220792122084,0.2525199899240778,0.7611725844878166,1.0271860153249048,0.4482004818564616,0.018424577205878645,0.4765514876882536,0.500122608812398,3
0.9675101491524364,0.546829492371978,0.02022796456753423,0.9316951274964954,0.10637747913318688,0.1764001761672347,-0.011653253647574833,0.8671911469766118,0.7525576786801871,0.024797474438621826,3
-0.42934430305768867,0.29484604110010915,1.5593419743032944,1.3252157754940137,-0.6767706259230022,0.040092323296357896,1.2265922218102234,1.0502268764997624,-0.05603152515254961,0.3930731844653677,0
0.8604510672253343,0.30830534481984617,0.6359016666486883,0.4208351703837603,0.03818997217357805,0.4268145239578996,0.10706012966067238,0.7223170721808558,0.4367534249138183,0.7216799821735461,3
0.4701546339496675,0.20165015771754768,0.26844572414036705,0.14086717671790733,0.36298569898592303,0.873519771886009,0.9508875347957036,0.2499488370176442,0.4517726380708479,0.04845124129258159,3
0.2064374547486682,0.5960321372422549,1.0096286198360311,0.597325103266954,0.7522487981153694,0.579194149822151,0.5246862520249627,0.4149291045271254,0.2718207609463572,0.5472495471966561,1
0.6077918831058042,-0.4387548146813094,1.3476389991690938,-0.6575284569909816,0.16254580985991562,0.6025158303135578,0.448271120349144,1.3019481477591877,1.7612550348736864,1.370616103503275,1
0.52896912019964,0.767759269277385,0.7714035054250719,0.9060817409922565,0.8423242670149603,0.445759911966312,0.15811922875380244,0.8944357313564475,0.9661622300653319,0.8451867998999767,3
0.3733349941357553,0.9095320620932303,0.7370631696540382,0.7171879170886052,0.4292484295404222,0.31075996945625606,0.8526071032302099,0.19209003488943371,0.4386997638441574,0.6664609650598396,1
0.17662069882126902,0.015007321954232739,0.8002029833823202,0.35629411713913467,0.061280202615127455,0.5731643025280555,0.9636558155563975,0.7233307148818794,0.18092867187277334,0.2886506633480811,3
0.04680909590100633,0.9604420340780224,0.6873544510768602,0.29499342728120553,0.9402410360100834,0.3865294724730335,0.6068734328360292,0.5824051314320836,0.6877584782103601,0.7266995046518824,1
0.43142277511151655,0.5494209627245946,0.39908084472542915,0.14072475916168847,0.033811698647426454,0.6507671674745776,0.027561430915447445,0.642532068397841,0.9427784132612838,0.16656544298606066,3
0.5117849418954639,0.32297892957840435,0.5369744539491549,0.7513839602327191,-0.12643529833137346,0.1905109225879992,0.3501882851357577,0.73248143201502,0.09800725064579835,0.31405201934306226,3
0.6133463933424054,0.3179582050196768,0.5090584123327184,0.579074135205651,0.4938046221920754,0.0324187088259299,0.7782864421181328,1.3309504092943683,0.27734693841967467,0.21293006443372486,3
0.8030390118884679,0.08905939968135879,0.9572317821103129,0.7809424567098224,1.4022792852843011,0.2946952997453901,-0.49068834903793834,0.32220263369376584,0.6721172989570602,0.23290834596637383,2
0.4663402858302872,0.1753797848049749,0.3826442618380254,1.0119215669226667,0.49267380380047865,1.099222872945476,0.43114329539447116,0.1974186686863343,0.4503634023595,0.3213382771529385,2
0.5689995488762808,0.17168296855761322,0.32623841809774756,0.13558352010060074,0.42898630331611187,0.9391371216746078,0.8142444065792255,0.3982296436797519,0.3330460849951265,0.18251037050675448,3
0.45472519099671505,0.9808514264732865,0.7286355561155313,0.3011951514887298,-0.30733733266217217,-0.22925150748888024,0.34406842559031936,0.9498238755760917,0.47176317099500986,0.20367647460646632,3
0.05483910376497125,0.9597787714270577,0.6837507089080987,0.2932685456378825,0.9473005033547037,0.3761600939871468,0.5985245422078825,0.5951623707500596,0.6852100661450296,0.7147494379126016,1
0.3159456917825278,0.6570613324534262,0.43590227958444144,1.0603760063787648,0.5966622277277385,0.3438106016488658,1.1431978097148778,0.06677138932376686,0.16385915895532951,0.9651234979914168,1
0.38951350863229506,0.6310115467559758,0.7128730218651884,0.8811121088938447,0.8109394579733271,0.24473383077068409,0.2570333479841822,0.9134745184871796,0.8398111211947569,0.6258094939646963,3
0.5730685423936763,0.14900347145702933,0.44184800551091774,0.6630042795940148,0.05324509877608492,0.11250985292049409,0.2105691595477265,0.6680361357389684,0.6439676478061974,0.859733482168284,3
0.5319348345389505,0.09505179068941455,0.3546930050338504,0.23989030553898932,0.26680002670802744,0.8874181250342646,0.9925098809814271,0.14912179736261688,0.5778407824103825,-0.065285822461447,3
1.3007849961977584,0.8762552458304229,0.38662165159995265,0.2787822679400079,-0.29244707484009375,0.47927340022751214,0.05856152239562459,0.9742709442762107,0.43984899202617833,0.26626449071518,3
0.2605745465771598,0.3783615306263541,0.5273786479518853,0.30123106148127854,0.7664749789038718,0.9015217049227401,0.8640984241428867,0.04069625365003621,0.4309013750866088,0.6704421931634441,3
0.4512513439240031,0.5946211641399911,0.37528794658325815,0.6781994555070744,0.33805036692355395,1.562811809601064,0.15761700894407316,0.2989726735856219,0.6999184159869761,0.6422701468362582,0
0.5344944330959808,0.2366863522910129,0.4437124151375214,0.19785672208128824,0.5762759303726828,0.34054689477808975,0.18652364624002882,0.7230525914793395,0.3487530285649685,0.5755801871604485,2
0.36464749433171617,-0.5269947850852201,1.0046456047780108,1.2051514162607757,1.2889721069904987,1.0018722179105914,0.467053934995518,0.3960567717850741,0.23559949796037222,0.10734821876354628,2
0.9156735559956054,0.08347857868727025,0.022490308197417753,0.7341384028413512,0.9437424273017637,0.18038559209185132,0.646276822953974,0.6948286395057905,0.6922511975394785,0.7243824407230401,1
0.41750479845643795,0.4228264134821896,0.11618776059596847,0.5177899334586717,0.31565178531840266,0.08744972944530661,0.0679825681003605,0.808794811287964,0.1051198920310027,0.6147203223844844,2
0.4238247753270807,0.4430263388070618,0.11823252890436368,0.5620962201298102,0.3333492673417249,0.09540967165111448,0.057558956794217575,0.7949908383630088,0.05330946695406555,0.5818231682813185,2
-0.006783720625903558,0.7610435700925453,1.0258257752353852,0.5370001285099459,0.6618072614860728,0.6767938645595061,0.43368037720080926,0.4148979619983643,0.37106279400355535,0.4331537252356237,1
0.3803624601653678,0.08278853710802021,0.5649392161320859,0.14464460581173977,0.16924986654771965,0.7033015221974365,0.3173263933570901,0.25145626304039315,0.8806989958210771,0.23729486745039924,3
0.7214485232783663,0.08295244445746516,0.6740665618463053,0.265286307029822,0.568210719385172,0.2609447770307849,0.24660556764207806,0.5855506577535379,0.20845193964951314,0.6296127252592838,2
0.4944542550419567,0.16179836300864636,0.234072563396427,0.1991484058601556,0.33753797798148677,0.8348860689257186,0.944677821519166,0.2876844663635431,0.4841087399935103,0.05937724338424226,3
0.9352607529893457,0.7843359347024951,0.5043175571697307,0.4279733778452356,0.21980203787488037,0.2903686049340466,0.23101766105965102,0.09602575546540701,0.33892335107526295,0.8726858032598324,1
0.4033823152619126,0.5646318382322864,0.3986267882373662,0.1469740599035293,0.06738350482835824,0.6452814489327456,0.04416211055962073,0.6457311121154182,0.9075212055996693,0.1756053808132088,3
0.46175670606261293,0.2192755447057226,0.2806694942512625,0.15521920752945056,0.3570066107052803,0.8652774090497589,0.9397929387570169,0.24969808689740683,0.4591383961577599,0.040630665369749075,3
-0.6130079036561814,0.840625992013332,0.49521254221395666,1.1587852292523393,-0.18291579802503022,-0.2547863957263845,0.6182588530796662,0.7107723381846631,1.1965282376831787,0.7857451521696126,1
0.038347782263704944,0.9551557878162426,0.6017893932924896,0.43801367629036103,0.9531938142071337,0.5075737975074762,0.5188192731840859,0.4309286470555601,0.7504050297960649,0.8080199053049268,1
0.38381378188925763,0.2749357694069378,0.09374468236661881,-0.05895381802096408,0.49969644458527224,0.9192402804822195,0.8537594693396676,0.4171098472306264,0.4937124622231579,-0.22893801268785335,3
0.45566957944505665,0.5250363407569368,0.40120053068759864,0.12377172826445904,0.012199706681414235,0.6690222844371203,0.019635485668591808,0.6530530491458931,0.9350199279344171,0.16568595994723842,3
0.637832184419872,0.9121078158479139,0.9956689888862713,0.5929837984034527,-0.089969287694589,0.5384068763967115,0.3841517579038374,0.3789459354342958,0.05025814399444506,-0.004617397324443384,3
0.4594255319441654,0.5011039509787819,0.7828268197651154,0.5551833495811598,0.657068143322281,0.14754839104188436,1.1413840635759456,0.5348950105358206,0.6894635760498052,0.5037479478128069,3
0.5774267184625117,0.7092971472265903,0.7279926008617619,0.46686672389562917,0.30881226317133165,0.11687056161673622,1.303844134203405,0.5273123519545979,1.1096213386127103,0.5597823432799693,3
0.5954985562618587,0.9641302730016656,0.3042641686324423,0.5542316967506218,0.9827001665260526,0.4874458736409784,0.952457865444331,0.13425028050164797,0.8748119290252788,0.8156904328847854,1
0.39796604142129843,0.3213231809893059,0.48607629637098226,0.21527497186517672,0.5172857236982609,0.6196207752834626,0.9171137059161343,0.1926136632027015,0.4623808685078125,0.4578955824169858,2
0.3892759070459757,0.516218690785878,0.4542843159788278,0.1164740954405574,0.028626542417516783,0.649022408413669,0.005234532846231103,0.6822093546176847,0.9081618659290017,0.21773729411160053,3
0.29606365109549976,0.9597394988813778,0.6000366388573009,0.48816478941936214,0.8551005335677346,0.6565350856016245,0.48712159053716453,0.6133507819171389,0.20724404148857592,0.23682103840845314,3
0.10609022264717025,0.5894756967668013,0.6544309307484396,0.22648137118387057,0.5334472558808199,1.0194703687111042,0.9345550969479439,-0.04673942291860583,0.46515826479324657,0.8325648274185969,3
0.5061525965403446,0.889408688175298,0.44589635216241846,0.7144507880518985,0.06212414207851447,0.3780510665241673,0.7181262758872801,0.19425528097688055,0.262904783822972,0.22198013437660058,1
0.6289541878963989,1.0767445719289277,0.30113594126888654,0.543941920207001,0.011772375028827692,-0.21650952033071386,0.2844789930726714,0.5122680109467089,0.900112319236728,0.9441345776360626,1
-0.04427434181372225,1.1932524389455623,1.0677042559789924,0.19966911678414645,0.8321760656114155,0.4651969318841683,0.21534464345043117,0.5454374296521325,0.47412978072221246,0.7061538894328552,1
0.5442918127184387,0.7868558877110892,0.2911347508997049,0.7125880736395597,-0.08553639053119919,0.4364994353365892,0.6681260023831189,0.2387356526752843,-0.0293462123489584,0.39520212291113543,1
0.928716202691361,0.9273342588325338,-0.17970112937660082,-0.6871274423414863,1.0763093058747677,0.9810736794413111,0.33153214815618814,-0.2853581918291714,1.3805138911439805,0.04977212557858768,3
0.11599186905458492,1.0126501776040429,0.5845217668420433,0.17110811184119892,0.9386330757212177,0.3314773287859516,0.7690306411473158,0.5585928599379463,0.8007255227104864,0.7972351178709369,1
0.2552441519707414,0.4060777516329784,0.3889983010238762,0.17227720757953022,0.8651457524049078,0.9667598872124612,0.8243145551881943,-0.10539391064972103,0.565785452464215,0.27270220843843307,3
0.97873439116354,0.7508848258914327,0.45560678472603616,0.4984092965557331,0.20598652211354632,0.31239073687995655,0.21308831000480596,0.14948733618601567,0.3063662124628795,0.9338853432591454,1
0.20670030352022245,0.3272286246320158,0.012689135110026891,0.17961204331993275,0.37055575172309724,0.174370987987708,0.14963054943178736,0.3954604694001277,0.950051594700576,0.3436087098551697,2
0.9593207246493627,0.7600020610212646,0.5863370653645377,0.4502492877945227,0.33065470321067153,0.3176855746807684,0.25433796760821187,0.15701575938634166,0.31778465441553677,0.8653714835243346,1
0.3310868408999678,1.0635866136531864,0.6188262125702559,0.9348056181937159,0.3165343810207087,0.13390968962392782,1.0316075859427531,-0.049356733913842016,0.5760118609706723,0.5998747497241491,1
0.26348979695448077,0.4318575675274305,0.9934249993021161,0.22687363725032608,0.21158421920098286,0.026570499978649683,0.9825553441454334,0.20239301907653595,1.0131011508092267,0.24411453469055983,3
0.44185614625963576,0.976496164089135,0.10465334511792357,-0.16491972258106197,0.3395648369680834,0.19423575352962769,0.3460415887410729,1.3725675701324933,0.9465803983047548,1.0929274263751307,3
1.1330290147580084,0.6547672491484496,0.6137274106628904,0.5999662230250926,-0.3919377693878514,-0.2856477360813291,-0.28030820151785985,0.6107661734085756,1.3453662539619136,-0.0699334177885006,1
-1.055496166814732,1.701443840173368,0.2211186327981199,0.2416456923410629,0.39237528986753833,0.6389901511099828,-0.16240653465879096,0.3320663456032026,-0.038704262966068825,1.028229065562435,0
0.338207488497437,0.9311035167777678,0.9006412795127172,0.6250716996236907,0.7804694720420086,0.23179421521074184,0.8598141530248793,0.9149692639289764,0.552685949337752,0.08646798944153129,2
0.15227345776786488,0.13191204711552468,0.5290318388616907,0.9115573173745701,0.9336845008187932,0.45658264823036177,0.5974238118915532,0.02557981937726993,0.349249161718468,0.2717852785594669,3
-0.2085732071310462,1.0278165170072595,1.0494333327062906,1.1102941355361131,-0.14042706271609084,0.5613689064324441,0.8225756554334575,0.7796906596804066,0.5780975864171377,-0.2477096177369998,0
0.13461153074542034,0.944135441401944,0.7854713361760323,0.37401378237411353,0.8342099585048866,0.38926585541154823,0.6951980039212609,0.47195246919899186,0.6763104974127938,0.6306650900045397,1
0.041217845028546835,0.9442597827435825,0.6981411323352764,0.30305778505380127,0.9527833487794106,0.3852637514728826,0.5868216826590015,0.5985656509741255,0.6685381046789768,0.716597456511636,1
0.4041354454239054,0.38465462756972557,0.44209010603800103,0.33597173754258525,0.6533375652774595,0.7212295929454444,0.7211247346160614,0.14735700183326583,0.4467955341604547,0.4437385750564808,2
0.32375554496007325,0.946718284289978,0.6774514926260186,0.4837082655028308,0.812179742476231,0.5877218057049184,0.6233715222450686,0.4866166967806536,0.21871567657939522,0.3865852186446244,3
0.6744135368124862,0.7049484378136878,0.13214484190314044,0.7272628661677599,0.21874180102432766,0.948514227894598,0.02258006458182943,0.3225386315849029,0.07277511960338913,0.22254332320902093,0
0.9317994994168026,0.814441695438517,0.5502946400896599,0.5251091610232481,0.251497508149966,0.21422088763465938,0.25070675396444714,0.1149269084240086,0.32271308200393756,0.8131378122239533,1
0.6822357046260776,0.9155685315416071,0.021530895512497733,0.8522178099203904,-0.19324597953671552,1.1612239177706452,0.4056135460155396,0.04826854504237765,0.008241389618821288,0.442815778886249,0
0.3216190787977062,0.9786455282498006,0.7271191365755444,0.5711950561910569,0.8023804268465098,0.542235813234274,0.6622478481967796,0.5483408308476626,0.2535126922264014,0.2506066986366023,3
0.12371520144598494,1.0069306067681598,0.5338713066239436,0.6060327079558049,0.6663775812542733,0.4962467508237789,0.7513034055486609,0.43358880451901477,0.22058817187645754,0.3780194498956541,3
0.1281911813671271,1.1857049823923425,1.3849570706873893,0.4272389039313829,0.8435013787320905,0.8166207316990404,0.7302459615129292,0.2998476388856832,1.1991291605636722,0.8181313705162381,3
0.399111837839868,0.39662807075338474,0.37696837805950634,-0.0763149239262604,0.9130856438664416,0.9808929849404989,0.6898228851030899,-0.10236320615798722,0.8613648116438313,0.17827739377594956,3
0.7807915868801213,0.3779371187577102,0.6150504185689667,-0.1600516353386391,-0.27931102752961773,-0.08150666396471276,0.1290358932929939,0.544520869238524,1.2596445425091587,1.2536072020301028,1
0.488626348876609,0.5003460030746617,0.17376227302232886,0.5201262800904433,0.38459029695296304,0.025704466844979457,0.03561994047302119,0.7188389016737107,0.1781583830841924,0.6785786578257085,2
0.8507070304379365,0.6776233723501874,0.5653696269105556,0.44849619434100124,0.34747158840049674,0.32226129262788117,0.289845600853333,0.2013044912660945,0.4652450756053891,0.908568611282627,1
-0.024089557518461924,0.7238288791319997,0.3671209856621676,0.8372215040905833,0.11470513590745324,0.0265383864429814,0.9936744099959435,0.0003515038100578849,0.07316097253832232,0.9414550196079075,1
0.46242090534023017,0.055874142547510414,0.22169867453558612,0.06845387444516514,0.2143218111878986,0.7845650307410227,1.1040207974699774,0.09245973048190909,0.6140144903049496,0.059158747851103755,3
0.7003871617975456,0.43286987623512885,0.598811430452541,0.7408432468251788,0.5597682310187866,0.9317596742991515,0.6387011539490224,0.3048706938015457,0.1904556622686461,0.46971040551807597,2
0.41301292668463097,1.0129458410943162,0.9529617347976633,0.6539156633387325,0.877769328514258,0.21375525139668775,0.8121431875545974,0.7958162869462776,0.5967242234534029,0.18318018885846268,2
-0.4751524755987141,1.131393569402673,0.5539443950171095,0.4280682793168027,0.9315790369627229,0.5195829050216348,1.2840897853354423,0.7300094579866532,0.1372303682277834,1.158007945042003,1
0.28067248150772245,0.9831658100238329,0.6046613196554919,0.40106388604440263,0.840373443005501,0.570858452069197,0.6370162870166306,0.4833067718295862,0.21121709147031248,0.33637258165713896,3
0.27818507404175785,0.9563019008256393,0.6689819512356976,0.48107261428685055,0.7785017281926541,0.6299198011323032,0.6186621413038963,0.5035911826083277,0.18383486630220824,0.35871974143436663,3
0.37381020812533394,0.19245444254485242,0.5700982216569999,0.3242810510762851,0.34943539274969887,0.6971319036586584,0.4669763044773555,0.7161520990685062,0.38876115504785774,0.7560458193620785,2
0.5289075308685056,-0.08648744823966348,0.4896363848426385,0.07844251526729762,0.005472983338114801,0.9573253216945159,0.5919245004504414,0.4543104324065487,0.6190208533803073,0.11551954094098282,3
0.148844088064238,0.283762807704975,0.48386820358207955,0.16775939791585803,0.8624626946989765,0.8135514970211121,0.9658574660870959,-0.05247258577573302,0.41456887829203526,0.6111433168854017,3
0.3162224158852365,0.4250490080868216,0.45739652990330526,0.26650901919563774,0.5826038710924573,0.7018249982699667,0.8132127820682657,0.23696521315024752,0.41562574552641984,0.4910284579762264,2
0.9547408872960148,0.43664559459116564,0.04483065804906909,1.0064774075513399,0.0044473825059339195,0.12661000818932167,0.00044485773458327604,0.8879550099269079,0.7727516340199025,0.02602956598566709,3
0.1619277536719986,0.9353464828774917,0.2750459183852923,0.503932284787119,-0.1496419386555157,0.49002039282238324,0.6839158407231484,0.07038522589413324,0.19549536023767725,-0.0570106267636708,1
0.5055963761969593,0.14558745938479137,0.453952268722092,0.2994321139067996,0.44094007765803095,0.4884643247886761,0.352967938174717,0.7625933675551677,0.2660539404456039,0.6168589363442438,2
0.3064645179670721,0.9712208025191366,0.635978561394388,0.4809351897246644,0.8072373528891972,0.6474794865194746,0.5877087375946576,0.5007169759531332,0.19748257034561695,0.36200881635231713,3
0.2522312524467669,0.9218428088775765,0.7001789145649746,0.4916722914246802,0.7943768122183781,0.5727254163630369,0.6006568871191671,0.5195500737986467,0.2176493892925131,0.3072496147627504,3
0.43779306119298833,0.4997454174220499,0.7713824959989881,0.4393313662534789,0.5494662152768741,0.18467954289840954,0.771983068306271,0.6539282269011596,0.6555061048476968,0.021403273715475207,3
0.2937067041702192,0.8920092191708091,0.7916151862910072,0.7350647513662906,0.3865148063977378,0.25325219773751506,0.8361375493056795,0.09069405145237408,0.3159911842080475,0.6561113426318063,1
0.479365393721118,1.0147795528888184,0.4582615055227282,1.0647931540105886,0.5246713546375588,0.02632170918337967,1.0697335243897372,0.08276572526095743,0.6276460004653074,0.7370324716656792,1
0.42677780618579464,0.5981284056435706,0.4746451930329111,0.11967774151537938,0.057129800915669306,0.5922690026570254,-0.04101868825896897,0.7088473292143009,0.8596616407448945,0.1578250054040425,3
-0.6938406105900582,0.7738850739472811,-0.15736645999119853,0.23878559629630733,1.1733347593058303,1.0813993032492721,1.2807701243220075,0.8365528950853376,0.5317316565102211,0.7131303358983914,0
0.24345429752591013,0.8552224896096134,0.9070094434518039,0.850542627985615,0.03414118459784726,0.32834662789464053,1.0746298054387804,0.38764476884193233,0.4499403147523231,-0.1895165834533416,0
0.13740359283859546,0.16036302035198519,0.4606341840105545,0.661407986945363,0.025158215468522996,0.36634005855572593,0.5116441581976763,0.8118817336608566,0.46430086454036057,0.507380630505891,0
0.7241619186965362,0.4280803221005189,1.2304858884145902,0.09827284285285785,0.182695021392567,0.3077550469313701,0.14175159364393536,1.0118997217081094,0.8208250859566987,0.6168815882451288,1
0.7733379560601749,0.11294318709848095,0.3832477637023049,0.39832876495570896,0.05383661478127137,0.32502407411248185,0.23851061431255163,0.5021033022383372,0.4723815170246952,0.7484645601726493,3
0.4026819165961578,0.9504279868997396,0.28089328442289924,0.29572311614328367,1.366742530248497,1.3598891883928632,0.38893222295845276,0.8236828419070122,1.1601909368865289,0.8083693454324439,2
0.06329951597470554,0.27583991616312553,0.4443939686453644,0.5558588194334713,0.9742552644411789,0.6785713331980432,1.0071983551396535,0.264520473714849,0.1950218485137275,-0.24145707411758133,3
0.3631321329502013,0.4106331313136487,0.030689946609281434,0.16884211031842938,0.20446110742349255,0.17003654638811544,0.33197891010898384,0.22656385221209763,0.9376459819632973,0.0067199031263494025,2
0.2687602037264397,0.9534892080577299,0.6716110331611304,0.4728939974605298,0.7827946242195442,0.6322024277064573,0.6097634861990142,0.5100765857356304,0.17530528979135332,0.34875031255067707,3
0.21902713010531705,0.26224595966129993,0.017943603510186812,0.7236372181737856,0.30489030268114625,0.4366973794730239,0.5688569850616136,0.430443640683459,0.5416137845779827,0.3222968362665865,2
-0.14402214184101658,1.0366714350870403,0.7015692353152854,0.21089431315068904,1.1606384850892528,0.576316005211655,0.3939727463792839,0.7455194169225888,0.6326111148026411,0.5104647887431681,1
0.5379120979874917,0.12166002294410412,0.450080457898295,0.2504650514673132,0.4466779249725462,0.47042554319628727,0.34481634885765666,0.8008496217047122,0.3205059808815023,0.6429464878084762,2
1.1306655271007418,0.22873397378334434,0.49479358277144775,0.8687427107488345,0.9111439893025489,0.09325700078394092,0.4616189792574393,0.9131148884270404,1.0924690140892948,1.1688048679904584,1
0.20700346114721427,0.37368647162258267,0.2888663042552665,-0.03212787773638572,0.6853555118968793,0.9164402847707868,0.7187729577389256,0.12353240643682364,0.5947995455560805,0.40103750440335045,3
0.4323352093409519,0.5639548721380524,0.3920470328454566,0.14197435762837934,0.04839085784851739,0.6448512862979789,0.022586751209622356,0.6253513085372411,0.9377356719705412,0.1592277491263283,3
-0.001800304083708154,0.6054298472276738,0.06424420991645088,-0.3242320551445875,0.3061070408474193,0.29034123147811985,0.2065941959513897,0.17374457288531212,1.1953425254306969,-0.03408056191831704,2
0.5113564858378027,0.9669771984982298,0.9475142646100301,0.35965407318967024,0.19008480509187922,0.36221920125488327,0.5441688850878723,0.6906264250084355,0.8621509920622468,1.09034456083299,3
0.3446673154034299,0.7892353756392865,0.8904423495067735,0.931051671004218,0.3215764673710528,0.3888197048850057,1.0441594011408644,-0.04293735578403837,0.24851522234645154,0.8491236000124609,1
0.9211695832251761,0.7419853446122547,0.4448703275050548,0.2963820116513694,0.30806810036917365,0.23947286740925344,0.12336819027642415,0.05836397226335935,0.43320465357206267,0.9395262149847058,1
0.7402392934114347,0.6286104845587884,0.844253937647597,0.0780284383289435,0.13633529345131717,0.08630563908017208,0.33550480860493137,0.9138996153271798,0.9083618512892766,0.8424735339245852,1
0.4293480820908556,0.2851329640013246,0.28823659045001315,0.2323354060337466,0.32173750017865116,0.7806245960359011,0.9617579362409064,0.26893386393812246,0.5155213695838214,-0.0014931599909915882,3
0.33042297853495456,0.3981110718726416,0.45153109528401614,0.2822568035523572,0.5826860927837959,0.7193730634085035,0.8250883888039536,0.22162289763065968,0.4015700047473556,0.4910440352844793,2
0.6599520982167859,-0.0867993147977783,0.5729974713555676,0.12606180408323545,0.27976121730619374,1.0240295883245771,1.0621686714092085,0.13416961563430277,0.696014876979822,0.11822530467679913,3
0.7345889527460957,0.8823031735886895,0.6823645856700484,0.33016906068238383,0.9589298456078851,1.024824727639573,0.10255392490339627,0.3752555051958598,0.7359304522247619,0.4515768385931776,2
0.055191066777977756,1.0986983953986007,0.9211105701174787,0.8286174598905333,0.3095187977234743,0.20312963610775056,0.9833018978657858,0.6088053235899022,0.5659176446843708,0.06123317530916089,0
0.0624300289173388,0.9630745083449189,0.6885655315613142,0.30221667709814765,0.9386220621661421,0.3859599670727912,0.6062738605037166,0.5759543358656911,0.6775869209230697,0.7281716452242752,1
0.978793307851612,0.6420109094477777,0.3565909792799783,0.16427405928239527,0.18862896586848857,0.6858011452871562,0.4116016812928053,0.8224101031662443,0.5581913272228235,0.391610696500229,0
1.244386045815065,0.10500399847395264,0.0987451129679463,0.1876047241963122,-0.017080512276304666,0.20327857537893715,-0.020830440183031818,0.023352921964359452,-0.07133569192987305,0.9487346994107106,3
0.9601379725938601,0.7207918151801828,0.657463797404672,0.21995053645086116,0.450594885228348,0.43301614041171005,0.3951481066357457,0.9634398642645855,0.5999922353323012,0.870262082715189,3
0.5713791503939885,0.20152272116729636,0.4863620316579818,0.33965912288606676,0.48947455086952407,0.46109793952813677,0.38469727099010004,0.8260703896360388,0.4152355950986,0.5487171524778647,2
0.09277976748301489,0.9559007702854543,0.8372084163180048,0.21399299088016693,0.7075641045848093,0.3352238484524425,0.6104355957457002,0.8012580526577346,0.4770167115297216,0.8120190014629561,1
0.23919085467597567,0.5628656544444376,0.19691099417815178,0.6210277876388,-0.079960074217025,0.5363442004040974,-0.2288960827989573,0.6526551550540163,0.4413189444239373,0.035095206639893295,0
-0.45700472773945333,-0.4350063695445495,1.2100500245334977,0.9116299303206136,0.0817464431580367,0.6230714700978923,0.9260482838647214,-0.18449224737964914,-0.3387125211437252,1.0103327152028945,3
0.636083035977039,0.9561116233458558,0.3259082471158939,0.5869701711671005,1.0417005326193627,0.4620039510007422,0.9169642973002597,0.19229950646458302,0.8660715820179704,0.8161154306906796,1
0.9133334456526897,0.4942748707623602,0.5997967586484382,0.48728809543721013,0.4997064712826269,0.049277551952885884,0.830714558185478,0.25755220703424087,0.16163978576587648,0.12700090779557516,2
0.7903481506412734,0.4067692663553869,0.6293830046261932,0.7583428600403791,0.5466786655800187,1.0141787126957147,0.6086581791137234,0.22147893120563883,0.15695957921499082,0.3779987374455336,2
0.9677929955174173,0.45249594788994657,0.042410543660337655,0.968039648051121,0.0504334343245884,0.10736977373456108,0.003909611670280404,0.8916745426841055,0.7585948814941705,0.035104192466857774,3
0.1786860356913602,0.4278061689771045,1.1623715335846123,0.6708719519332982,1.0826701073937322,0.5104827126383473,0.03988833575394052,0.718754596901387,1.0877134166782736,0.6994937681266578,3
0.586101890776391,0.892177622958003,0.25138123748361924,0.47625806493537737,0.9504411441722322,0.4241124954266774,0.9804016190298821,0.19799660325677032,0.9159457824324302,0.8832535601420766,1
0.6140320004087401,0.3909632385924182,-0.26307736961468997,1.1126019781315837,0.24630528954379116,1.344334899070988,0.07273687841251655,0.40359007491719745,0.33100842349605475,-0.015397217552746478,0
0.3319989008536728,0.41001508597306374,0.4656892716808788,0.2886955672810139,0.5842280669506655,0.7082021454921917,0.7904659477837301,0.2630091445620238,0.4091687371418129,0.5172618783438873,2
1.5857989212181236,1.267322983797539,0.2812107506346162,-0.1599110292052568,-0.7190350362025159,1.1781394183719422,0.6419095832548556,1.004291770060819,0.13526533294387322,0.5312782581290956,3
0.08017592043421051,-0.2656561986348508,0.10922662804527483,0.6395571190256969,-0.2673597141470507,-0.48982256071459584,1.0470652305251777,1.7189183185444392,1.282105652783438,0.5113844374324517,1
0.44331849823025055,0.5442470598773329,0.16778864334654545,0.5444332516686173,0.4423602386436844,0.6440886132821032,0.9237021825529107,0.910166689705439,0.4909594723342851,0.15495720944402575,3
0.0013638670879898285,1.0906241843516855,0.46512912918542265,0.16014134446261935,0.5515533251933036,0.36739928103533914,0.028940411213485284,0.41591022238937125,0.7274998514403259,0.09390788131804084,1
0.795959759532943,0.43227918864107845,0.7480724149222375,0.5741358878036958,0.6773186297573466,-0.046857417278185404,0.7699325989875967,0.38532444122181575,0.09361806741393251,0.16633129835528426,2
0.27080394133488306,0.7089781064192437,0.848293131950567,0.967512040776498,0.9028316812474704,0.11642390004123238,0.9815896243014878,0.9715181134144447,0.6110079456502615,1.1505379691165534,1
0.6560157146523382,0.7917158714417734,0.14401806215973936,0.3724015433994463,-0.12199819947790783,0.3872874087135161,0.545276458908234,0.6984446259424053,0.2682336820801384,0.3708902227026164,0
0.4230673987744834,0.5644752097515058,0.36672076628270023,-0.15649361274234885,0.8293457822494178,0.6638544610262351,0.6379369668694801,0.22675930687981286,0.7699783754204518,0.4466804759045765,3
-0.20162946322002306,0.7203992968002768,0.4522362036500335,0.9648035006730405,0.9793300394898303,0.18626305888955694,0.8790857954908095,1.012107149657242,0.8333970669541308,1.1622466163060325,1
0.10133535026345968,0.9904635589292354,0.6656114032212638,0.3141436529703331,0.90029776154408,0.4407196430582834,0.5636399575030144,0.5453349233296874,0.667419883539757,0.7684983851378402,1
1.0311156381697477,0.37052955474373217,0.10601833513101165,1.017711751171315,-0.013183747132317278,0.20416446109210745,-0.06340367413914873,0.8239394251271696,0.8048981933878208,0.12531703465429084,3
0.5061332287961716,0.6282288783010266,0.21995044437420289,0.7888727622512024,0.2838004095995989,0.7728754902612871,0.1288398788710297,0.3702560345882433,0.07879013460274482,0.4029219723692373,0
0.3187145142436525,0.6555833435209171,0.8249431615375725,1.5700254897376098,0.9864236833495942,0.06677436374550158,0.35041711494924155,-0.22248942915576286,1.0525876777729923,-0.350044793571203,0
0.11206659218500575,0.4663710578274666,0.4633538540168588,1.0168886258094336,0.944501026912157,0.15331097724464432,0.9345879077677264,0.7829203772004344,0.5071600779730038,0.9752699567332433,1
0.05077769150113337,0.0813102356910681,-0.048515335358698175,-0.38777292894057,0.384115039727853,0.6293311738780384,0.7495239071208682,0.5189678669069517,0.3987283445034712,0.6434785856077219,3
0.428468879628523,0.21403961391855847,0.24973885235642557,0.16647423185242244,0.31474434995909345,0.8744284254177274,0.9744587276866693,0.2800279757437725,0.48035110415538107,0.02288987466099965,3
0.45684612334954094,0.5259002758169743,0.14400533166121934,0.6041261541302272,0.5461599898445211,0.6846902108685169,1.0407421208760015,0.7964976413069658,0.43253095286464127,0.24563842416716325,3
0.12521810239330383,0.9838265872457682,0.7218924069639855,0.36956192030173135,0.9021585992867341,0.4617912120307403,0.630647067309722,0.6728703973474494,0.6596451313992351,0.7536759739285923,1
0.5028808099778481,0.2575145487032421,0.274278140889421,0.162748843551785,0.3604200723037392,0.8784600319003364,0.895033925589815,0.23096971423772183,0.40866512083390377,0.03449820956258195,3
0.3377241541879563,0.44395583188730037,0.4622872919336797,0.2996487296251936,0.5420653870914033,0.720686711303484,0.7991058922227158,0.26092138003099985,0.46003210678608997,0.5029774363288035,2
0.42086523684861765,0.5713394155128437,0.38747223179290485,0.15137268941486945,0.03711209082278686,0.6511115208092917,0.023260021047249967,0.6245095086014166,0.9306212520379643,0.1604129039807472,3
0.5310424841275041,0.12454755369317473,0.4891722266980915,0.30650734932316914,0.4086456200710425,0.49770983671145697,0.3593699459183123,0.7898931905915657,0.2860351986725281,0.6094564798242438,2
1.0052879429848742,0.5392775708219109,0.7075183978729305,0.3961929709002451,-0.02588138922011496,0.03150140468611329,-0.191510631539775,0.6152051262969296,0.39092999219747154,0.42465917831883726,3
0.14771639610331275,0.039285285956575655,-0.18397907029302332,0.19754839270276173,0.10108392126271931,-0.15034471896161217,0.09236983672045199,0.26402716412312843,0.752838354630783,0.18204393704344737,2
-0.3889177162789227,-0.1618787165483936,0.8311014802590319,0.4691922289580538,0.14343777327269663,0.18710383628254276,1.645960968009891,-0.3549998868919907,1.2862202276928754,-0.2538960399983892,3
0.02091655752660506,0.8824760971762872,0.6370769974537883,0.36201726840747783,0.9338417714468924,0.3790057884640654,0.49447507621880293,0.49032692226686203,0.5977652583853685,0.6257752559953048,1
0.05646004449594845,0.7737250164261095,0.8426684125052971,0.21603888348127473,0.9900584164631188,0.5334390979218856,0.6888022056999681,0.45830740660493874,0.714356011381262,0.5107624433681689,2
-0.07040564145743833,0.14379652572827253,0.0680517462459844,0.25141992157369814,0.6534004236827846,0.10355971050460348,-0.09758457855582939,0.2872088165541533,0.9007137328297644,0.14086076049543952,2
0.26102391750745724,0.7021350193515965,1.0057043514572988,0.025961652388107964,0.30410434498583006,-0.029523738196665955,0.9487494075807195,0.40106528339012476,0.8633360373797155,0.4082100137891833,3
0.3013816107040243,1.0014158153147044,0.5561151215617172,0.14325756587816835,1.1878015537323523,0.41173209228886126,0.47067238386337096,0.727635494163555,0.6423333841875744,0.812042864182777,1
0.2957333774374331,0.4321270894174626,0.14412982357821136,0.8602186096672861,0.41688808226577123,0.2947187608275045,0.09108587697044813,0.5806419680336294,-0.09210194448054759,0.6277183040589438,2
0.44899552886113026,0.25996753830441655,0.11533098593312266,0.3312912179494532,0.5867259605251973,1.0872661695556194,0.9085259885374444,0.050463590992334,0.6623405372638329,0.5115764285374409,3
0.2750794994173519,0.4544909238664603,0.37134942696522105,0.3323917052731076,0.6044174826132188,0.6541688677570849,0.7983164996017336,0.2659693043423317,0.4375109804306428,0.41836107977579506,2
0.6487263621503434,0.571100050144108,0.8324443609905964,0.2773002061937281,0.6097707086716219,0.09910449051258903,0.5971005799967263,0.5890864010170027,-0.15407253212815952,0.12281835616027051,2
0.12548104551482347,0.6203908862652991,0.9348183049540282,0.7036755089427228,0.553205365415334,0.791801746511302,0.570719917020151,0.39520173666442965,0.21002325175827943,0.3510319490239393,1
0.2889594403315959,0.3938552402773739,0.4184687374185775,0.29806591349646333,0.5957220446187228,0.734708444345385,0.793393411864648,0.20456129024657238,0.38074211338521563,0.48501339353495593,2
0.4041183277251773,0.7725972804658972,0.21605960125416687,0.11779361487650819,0.518012783373286,1.0184022898149188,0.3645497829361034,0.4782909612689746,-0.04852724631131888,0.7569217106605405,0
0.08265107033689209,0.5408935572479101,1.122117950153267,0.9433684209510261,0.22081040998268717,-0.24299035956191783,0.38235886327529234,0.20251959538490283,0.6717460896472143,0.17232722164696712,1
0.013042778225704682,0.9711894813852378,0.7016235343184267,0.2025452588944135,1.0467094266561663,0.4058332772599492,0.5037781375501147,0.6355433274637887,0.758482879750093,0.8175646508023153,1
0.43226684000898713,0.5429543983946753,0.43005123274652024,0.14804686804364853,0.04292920262583413,0.6386491364394377,0.06951606630065926,0.6147179058703944,0.9039407144958395,0.12929803338009924,3
0.334081518463604,0.4035014991579121,0.481206648186447,0.24778055538976496,0.6134704493602097,0.680681524027912,0.8454898303115235,0.2617735097132105,0.41590959112780773,0.46525322282559267,2
0.9659249395745559,0.7177595085840128,0.6472876261378379,0.23661840196268477,0.4306585912841573,0.4549317472873492,0.4514523308947527,0.9449767660598951,0.6552436148534542,0.834746401906084,3
0.66960724673164,0.15053100135373146,0.40789266623085363,0.39572481970637974,0.35862781489127615,0.3318787113552151,0.34196793130248504,0.7792747858349897,0.39698393889316763,0.6980727353363748,2
0.03764773956163739,0.9050342713566818,0.6184100670412023,0.33355837199755073,1.0272268248548269,0.4448016006674583,0.6083487221778797,0.626303349237423,0.7301011714352851,0.7370485533026057,1
1.095725831503609,0.3412728780608515,1.0472568512991978,0.36182479447985605,0.4260427956609093,0.23214642062065244,0.5179295270984525,0.750934244554408,0.6919301616012288,0.5220967007150882,3
0.10616394528886877,0.3162541666972377,0.29530967709532574,-0.09458501657282034,0.6737655590922287,0.7389066171073478,0.5610246708105066,0.10789118813295892,0.7425922991685181,0.4849392517957803,3
0.7076290624363771,0.7600782554241255,0.6130604481359591,0.28285703062249434,1.0055187824046803,1.0105972752606938,0.17005079249536312,0.30746306202409346,0.8150525239774352,0.3092591760504762,2
0.035257281896355186,0.21015839339861137,0.7566413478424276,0.6773324254161699,1.0527139090127002,0.19575364240563672,0.3757221387882155,-0.12751803812376317,0.3045924284524438,0.2058604689539582,3
0.7581932765481122,0.5018168128783843,0.3699032765766348,-0.06359995836676913,0.3312091405969235,-0.004848754192121052,-0.019768162420558566,0.7596185755398049,0.5890874268786993,0.279670367456828,2
1.3010591250042043,-0.09084032581358015,0.9862364146278438,-0.36588794096938254,0.6287949807731156,-0.43580568477515247,-0.10108207253258977,1.1847293436968953,1.1518016892037537,0.7056587827404485,1
0.31998917447335967,0.4699081880654662,0.4552453846464773,0.23933793276643672,0.5324883319757953,0.7242659442023955,0.8160541651862527,0.2514874045608557,0.4207320434069182,0.4855973838412671,2
0.15638576074233115,0.045718961366997025,0.5314405240359886,0.8816344162609245,0.9264799739596178,0.43495876483639245,0.5201550859536157,0.11334760122461972,0.31677662745698354,0.253296257065735,3
0.34288174493644574,0.9135630408381888,0.8890683278105531,0.6220289512634924,0.7938774249382374,0.23844525896836524,0.8615144205829718,0.9236051838555212,0.5311512109939138,0.07121861741415444,2
0.2827061013134797,0.4896637072116922,0.4863814973718079,0.24750795609910003,0.5432091948156808,0.7653663260366038,0.8798857315329083,0.3051039917003555,0.3562501973919975,0.5155333220416045,2
0.3638012692834463,0.8896182665647243,0.41398824998375594,0.8719042137942559,-0.10839214263823924,0.1720806559005048,0.5753434319479155,0.08618198134565927,0.19282056399215733,0.07792680237658034,1
1.1599915697755336,0.29857286723156007,-0.10357844268490696,0.4244674834006039,0.24237470997276161,0.23732369128074132,0.6707168727694333,0.28226988003301,0.5325310515393313,0.42464881269098465,0
0.5989055456650575,0.8118490237601605,-0.04994002421875632,1.0508766993862007,0.020698045508076662,0.8196047127189227,-0.3145034620708303,0.26183337206154755,-0.30569140228755454,0.4141877434635378,0
0.8784407032616395,0.9230756175861891,0.6335318153346162,1.4736394957974466,-0.2608069710713095,0.8001857527456422,-0.5271944851097987,0.1959063904019582,-0.11406999397047776,0.6757921797746759,0
0.633919667805574,0.48788631340797767,0.46973639881406587,0.7084222924381813,-0.03719544619993986,0.2843813511751706,0.28204441688167664,0.3923932016293699,0.3000574317952385,0.49506025574685875,3
0.27705937127860225,0.9523580082370868,0.6176102476155223,0.53641139256584,0.7007740934561868,0.5915623497758327,0.5322859738612209,0.5912175726195149,0.16069929951551154,0.3315194466206678,3
0.06961102307379313,0.6388048566726828,0.9711395963396819,0.6255359722011584,0.7227796594284359,0.5927884698683589,0.44610401930230864,0.4613775175719298,0.3017311370214292,0.4653519019714761,1
0.1277347655755939,0.12146206512238643,0.6917310532260128,0.20139747221213414,0.2888022831402591,0.4448007949685681,0.8179473251886545,0.6385292593495674,-0.016191372345464528,0.3169649735754222,3
0.35308636287907613,0.49243910103052524,0.37780992928435414,-0.05827210277469452,1.0657949202616799,0.6784706241282725,1.0947815841301334,0.43257226242068536,0.20289399337672745,0.4255390634780708,3
0.2232398867435772,0.5005903856712828,0.9954959382496209,0.1981836266900847,0.2220996072056902,0.03880878255895149,0.939738870523894,0.2091749643722065,0.9625187190305552,0.2257175077683075,3
0.1146702079849442,0.7269429275651254,0.5771568164868367,0.3873743636692995,-0.04861215251908005,-0.1847579511522447,0.9728571961311576,0.1562295572224024,0.9135625394474755,1.4952850837143317,1
0.6446221832367477,0.06050654665298749,0.6122179091083191,0.2707297841557996,0.533791966114475,0.5964637722892507,0.26852620317488574,0.8626066459009747,0.31573974252631154,0.5601682034330304,2
0.31187890797255946,0.9372628988874656,0.5509682760453213,0.5688304833044011,0.7041482571511276,0.5936925541054408,0.4666277465344547,0.5596601925192815,0.2625194166489271,0.2565630782060803,3
0.8959578808916201,0.7291510452246751,0.530896273280877,0.4556332038198849,0.2707444811960211,0.2670512448478075,0.2114345639056733,0.1127075338626562,0.37538093508356296,0.8731118438788368,1
0.48039625205903413,0.8036761788343963,0.22693949938094657,0.3482517775579298,0.0764795535824942,0.9801652163052842,0.49438570328556425,0.4144466464977661,0.13294780807373413,0.9419060015156081,1
0.4718676732581845,0.7877885396614611,0.15372702731308638,0.39645535420503547,0.05695560561872468,0.9066803237632689,0.5211765975615035,0.44742258566278514,0.17260423096599337,0.939957068512726,1
0.9120881730771614,0.42227110660125244,0.02123024512248585,1.0153657442460367,0.07099391626059683,0.11295373152819545,-0.036367950219285,0.8773602600781357,0.7927886696008131,0.05913696938900088,3
0.4221102766606019,0.8283274766768509,0.4232965959899907,0.7756003820233559,-0.021961968006090377,0.21481512700721936,0.5979887372731408,0.3016255531797513,0.12593688611548387,0.2615761568467643,1
0.033641360648869745,0.2874311156250148,0.674250647222655,0.9473012855254872,0.7515187993942822,0.29820111913529024,0.4440842192491704,-0.09718338989754388,0.35777449594940813,0.4077772086799948,3
0.21726737179895916,0.5498740249992364,0.9715671725940301,0.2277086713923062,0.19941640280571427,0.12895189360004083,0.9593017773900153,0.1566828083027612,0.9279945431059332,0.24278416114784693,3
-0.15563383976218775,0.8603453210758749,0.6097153321524457,0.836431216014843,0.06980196856788282,0.2689474678303796,0.9375650570206581,0.8004564503644889,0.43433149525711756,0.0834612488614716,0
0.598457652379178,0.963509243795916,0.30021060255690696,0.5644101907068039,0.982378044695428,0.4970261107704181,0.9642470316490288,0.12725813284837775,0.881595314205191,0.8218766673461221,1
0.43866893446136646,0.2005930295251677,0.2509064423423466,0.12621933160464252,0.3155551688259983,0.887589610952686,0.924634635296414,0.24994786084417994,0.4929230675883619,0.04996522999626704,3
1.1173556869233672,-0.12592411773118975,-0.23074483149638852,0.8545559478680631,1.2224209490318194,0.1352938178567225,0.6730043788150948,0.6234278844179707,0.7601975015396568,0.7075551536262776,1
0.386972058312065,0.8740998994067646,0.875396496760141,0.5526973073173773,0.7085271155290835,0.20302053735911355,0.7803372048514035,0.8657143835956416,0.5788765843580704,0.06371019834794325,2
0.16429240544237228,0.014565200420676869,0.7395116987226464,0.4431433611010814,1.000560552195498,0.0397653427722163,0.9784988360714382,0.5369356651115191,0.3978514604185729,0.9390465985851174,1
0.2963735846924246,0.2304325038145522,0.4638550425519767,0.39113162875135576,0.7401501787362459,0.24851095978944615,0.8203593112157241,0.657085535835965,0.9891272154783817,0.029983399686928813,3
-0.3634246607485495,0.5528515875499415,0.5781230081467694,0.48538340824641524,-0.22414121815205035,-0.798167507117226,0.7987370428921614,0.8691912049018243,0.2851223296315367,-0.7985227272602251,3
-0.11959257734601891,0.6262130382930843,0.3197763561699128,1.1279318157773983,0.9539525557022391,0.27437415611156235,1.1007892179723255,0.8990085544434806,0.27506613506490385,0.6527896302854694,1
0.7531543842247513,0.43595435748638944,0.8065938416925471,0.43022386636649523,0.5510775140005499,0.02317200293042232,0.6089061332034591,0.5384715653281665,0.14778824110159094,-0.15325946716112107,2
1.0224078076104945,0.6492263200987685,0.4909875166774214,0.4538317699686575,0.31458669140283785,0.17961129311557594,0.2820797473139043,0.24977750018574707,0.44925413995828717,0.769618052326288,1
0.9026531699047573,0.44097492105088265,-0.075573603083642,0.98616659569575,0.011028253053446818,0.15281502097099972,0.13772785153755163,0.9478587433544835,0.8422127203335259,0.09669877633433074,3
0.18575292615532138,0.39847887037252994,0.5322888135393187,0.27672957594275277,0.6541153838823227,0.987509987135954,0.8551402156688285,0.0675857065612192,0.36558146128093294,0.7111519416619934,3
0.023620801371794585,0.8143980511072363,0.8682140263509825,0.9887095641979828,0.3176068797385744,0.412373291861026,1.2043854804398595,0.7248117808327285,0.4174561041237695,-0.2366683783831191,0
0.42669514148001947,0.22397691734569045,0.3675777683590178,0.1331224633672814,0.32061510901821705,0.8520653854886878,0.9404111826119065,0.2125574042300512,0.4154151244255264,-0.04084534350681861,3
0.5621747086067574,0.9722361897955555,0.31269162904096204,0.594012498017233,0.9788132198171001,0.4612834267775156,0.9368588283793411,0.15594198284464733,0.9146326355185256,0.794968000663808,1
0.4613286622652235,0.7735606716016868,0.14115214637392282,1.8997736083117505,0.47390731362033695,0.3482226909882882,-0.4672821613549485,0.39452008569629293,1.0666279996196066,0.5522891304071622,3
0.09204818087365157,1.0010259369668966,0.664200685599004,0.25375095669141945,0.986788486804494,0.3926426247101761,0.6253647505349629,0.549784789212355,0.7323544085275062,0.6683503990788171,1
0.05571822267963676,0.45548869583655804,-0.06345162465079911,-0.005447323683662672,0.4883241570838472,0.1281447725550797,0.23110975899186592,0.42152358120259215,0.9467615519136523,0.3280877172731189,2
0.44372281037715766,0.5274974941322101,0.2804946155982275,0.4246454341402839,0.14376608932219653,0.8341144480170614,0.13420733487095998,0.6075228745490957,0.7280674321338734,0.18820335267441274,2
0.15797239659348533,0.15303006165209726,0.5065559340801915,0.884112329462996,0.9426962796272171,0.42392982005391894,0.5721906318767798,0.07698832963930119,0.34525550811094946,0.2754260973289695,3
0.9516633405710173,0.5555952123043555,0.5238248349642716,0.15471252555238424,0.3855235785137317,0.18944846667132298,0.23661442525665652,0.6821872009719284,0.7518642518117065,0.8096417627532578,1
0.4149239141667203,0.8908274777367632,0.7784719298751648,0.7814458540001596,0.8429924730212581,0.48499048696956737,0.05470426587631577,0.9771539545032729,1.0412965766968831,0.7187146289202024,3
0.2715759149025445,0.9444003350702285,0.9159764157197957,0.4292761140374903,0.9233151725790576,0.3839331954686886,0.2653630366315679,0.334223437691186,0.08054124303628774,0.45036883599104616,1
0.30776912432125914,1.0138122914355512,0.8838725359736337,0.7024783914736397,0.6548586340640887,0.1275503459576301,0.8910434836826381,1.0169174831333967,0.4095052511804651,-0.02798451476606237,2
0.3830978051563786,0.09120197968460209,0.6000330204392081,0.13445496754623576,0.1386569399461616,0.7081191844639234,0.28675848560569955,0.2809408036358325,0.8983480958453924,0.24279578066422008,3
0.45111586992082603,0.4025854071449627,-0.2853746986871547,1.2266142272480567,0.17430910738674393,0.10501650120958284,0.12519527822970178,0.5363944498017795,-0.3123760111298388,1.5373191166417133,1
0.5178558574502563,0.631171556874683,0.18048345949314193,-0.18905976978826478,1.0611203760927719,0.8312827214620327,0.3318201952246845,0.2923662897819442,0.8185329661123335,0.1827840554697089,3
0.21994427805247677,1.049680522851054,0.52234124400908,0.34243440038916134,0.8165051575508544,0.7655986072093188,0.6765469711686338,0.687217634484381,0.2437548887376937,0.35226756850193963,3
0.7752218040610237,0.8147500572805627,0.3152863200635524,0.5763641907821603,0.20778932364319103,0.49569622016567066,-0.38778385654860026,0.5277630285882756,0.5465961780660928,0.4198111784512571,0
0.3337596230391611,1.006516135398136,0.48280767830242677,1.0690832403900172,0.7337359737163175,0.4025275888768502,0.9234873278725588,0.31909368458960957,0.5733519868210954,0.7806173812490572,1
0.05015903723330256,0.2858197212345548,-0.023645002090557532,0.13080588227189663,0.49579374860013153,0.024197888047029437,0.23345786953190964,0.42914498549873054,0.8645680734862983,0.3287683312533744,2
0.5522629083284307,0.22661641198474,0.29435404741189003,-0.06853313153464044,0.1678423024475432,1.0121092002710266,0.9370538208719982,0.4241889987770159,0.3263253037681661,-0.040156440022517614,3
0.5506459992670512,-0.01175284154328024,0.5034685323817383,0.3026897781135741,0.42516388408275496,0.9092617845080105,1.0500404339481628,0.2811818298027103,0.6793241119218153,0.04670726951671169,3
0.6445688511247794,0.7718315777849271,0.588306703659741,0.4407278871426341,0.8854844252053786,0.9862642595138535,-0.03419452481241583,0.5230239331732075,0.6260858920958684,0.4038434097149493,2
0.3652636035465883,0.3637894053671609,-0.26091415224718134,0.764230822526089,0.48423775203482466,-0.01078445374697913,0.36963521655230624,1.1705135233332986,-0.19282338365213159,0.5556498321783263,2
-0.14056142454579973,0.8558950547828696,0.5434393384906058,-0.5371003824691832,1.0826529844616668,0.9433988102027617,0.4163317461109198,-0.37841555940998517,0.8846469960682627,0.7702932911316238,3
0.6208356588031867,0.4604682336195116,0.5139651598649025,0.6917255081527697,0.5727739860340226,0.9548309039522634,0.5878231528592655,0.2807631147759263,0.23587027498814928,0.469819143502014,2
0.5771546820197662,0.29789938016409423,0.5247993537434122,0.25531040854679937,0.5618606242750261,0.5135645699085432,0.4258907063102756,0.6077933904551093,0.3624751653959472,0.7886526241258413,2
0.7546348112385652,0.6496618894391286,-0.09755766212530645,0.5097603122929066,0.4364683290923118,1.3289136206226981,-0.08820718372188474,-0.09727350422347636,-0.11483666348666374,-0.20267321513280878,0
0.5170147851943396,0.7769199103241256,0.7880064085976894,0.2580832765749529,0.053892228781001444,0.30258639865435794,0.3237851133204638,0.5802989040481881,0.7023910789725207,0.8879574162611841,1
0.19555514275369343,0.2099938514547253,0.8524986658306715,0.283053306230159,-0.06410040436967204,0.9372876545123997,0.5003808743263207,0.5260693523219724,1.1492709427285246,0.2854895961289981,3
0.9045075149024278,0.7299151088274236,0.5264417914002025,0.47056387028490815,0.27422861239691654,0.2773297363849168,0.2427900515407843,0.12602255353466865,0.3944923946776059,0.8831849605605673,1
0.08448424570677565,0.9434707789166378,0.7028054096271057,0.2960591762895769,0.9059439419240801,0.3752013735248884,0.6305116934142115,0.5636467219075784,0.7193397661853572,0.7035912567118453,1
1.0704256043604443,0.6881727826552034,0.7565489267867466,0.17676608394196586,0.46599976824324546,0.354571834538679,0.41565270068165605,1.013237011779379,0.5701085348611039,0.9359305899318489,3
0.0930304928445446,0.4911842555663936,1.0656921879339103,0.7529495741540271,0.6215761183965761,0.5647510180953333,0.29080421604306395,0.48616284042981595,0.5104974990844147,0.3926672690740459,1
0.19615618381445105,0.03680773182264564,0.832241758452457,0.17705054840998508,0.22320658292659706,0.6478627580413832,0.48990857944970645,0.11935785800113205,1.017766723191992,0.484189215013465,3
-0.07330073983804863,1.05821438152442,0.6433405568107129,0.21437225894473866,0.7255698172167421,0.25891182546480873,0.4978094179837928,0.4631785668147586,0.7474845008848194,0.7504228537141832,1
0.11923673415687608,0.3552980329443477,0.03825561301148457,0.07415295356997052,0.4765794533038172,0.0995193094507138,0.13705541728537135,0.3741668339906177,0.9435623983858191,0.2571074460831228,2
0.3645806868728544,0.09377830550188482,0.604341806424741,0.14873406198425496,0.13966812588168862,0.6900510984559971,0.30281251332717,0.2644703860170296,0.8827531280683436,0.2356999765585906,3
0.6036909327559751,0.04316913790933913,1.106577036869062,0.18495734105992234,0.7532540518226966,0.4537379751446369,0.7713041479105716,0.8487753384741294,0.64322661293882,-0.05622011332747806,3
0.8327976993261217,0.5738187334883665,0.6014301080422776,0.6195336359423204,0.03030532114119218,0.35857170128458693,0.1661292385331429,0.5808220470955875,0.4245982777062948,0.42432898805789815,3
0.2672861594366774,0.9490342969643815,0.6644300394404684,0.4744573415957137,0.7765293254857774,0.6263363252985468,0.6172037057637411,0.5172313195095876,0.17602125553388126,0.35264672946686776,3
0.19547965483201193,0.13699393762048914,0.48614130243708586,0.031190491714825172,0.08704727473179596,0.737679602749316,0.338818282540654,0.4162072425078298,0.9517647018751848,0.4342986082124979,3
0.5882737445678712,1.010494935249129,0.3492786863398695,0.5219716773962033,0.9743288610235715,0.5221341584023677,0.9171197387559931,0.16952359269157843,0.8689596737820268,0.8237644923013963,1
0.4796409740152032,0.5480187699193997,0.22996583715413024,0.5892634199466433,0.5331550703152745,0.6562685796406241,0.9963450002177895,0.8964400412711245,0.47284014540095015,0.18376044346198542,3
0.13356238235255913,0.779015245964225,1.032130455563023,0.6128482956263563,0.0765717457363888,-0.0234550150540066,0.91237280701481,0.24086461589080221,0.9280956570403069,-0.026533003117483425,0
0.33486253826627776,0.9122586304154134,0.8858984847647263,0.6427526965645326,0.7890388051454299,0.22579912352144332,0.8709622505111552,0.9106673943813947,0.547019884415205,0.0920315208155601,2
0.24332325493938617,0.38595129756420676,1.0189155389515905,0.09511586884264837,0.08377600255531467,-0.010020715140904517,0.9325540749113106,0.22719940005351388,1.0180208840055123,0.19612359231373322,3
0.5838342516974602,0.4945139095049625,0.033287421848691906,0.6639145698073268,0.5589491069861517,0.5599856954413452,1.0580676122181731,0.9338951431352311,0.32999015800660825,0.07721100713532442,3
0.5075762699605475,1.2528828314296347,1.2693987669781208,0.3245016939108193,0.1340830971305848,0.48370634525290573,0.906965895818179,1.2436606008408126,1.38043024492579,1.1725003797561309,1
-0.05005883956832036,0.005869101458823189,0.6210896715455005,-0.2914153407979149,0.8791936790231815,0.5982111988200315,0.5781519648552607,0.30185071899498944,1.0498253364856014,0.1800229408771713,3
0.7907185693446345,0.4123367484739152,0.6895349011565872,0.46116954558774587,0.1552613246567499,0.30826875995135755,0.3192644168620802,0.5155309321162638,0.41685601732364863,0.3612488988061049,3
0.14380778447841036,-0.07073096579050805,0.5121458406449861,0.9142603026455642,0.9879472741220179,0.459645124042944,0.6300064328528562,-0.028900750451263044,0.4962369351649343,0.1733637123851301,3
0.5670702917865302,0.5226196950039466,0.7485137714864382,0.8800797182878238,0.6132056525795703,0.8922177929940007,0.583194900758993,0.3613164167934834,0.2530181645136609,0.4183526032770913,2
0.8498788386121812,0.46441549359470047,0.7068028407468842,-0.031856738082412864,0.876405890023058,0.4396274707850737,0.41436429199540964,1.058242891946409,0.09953817104309905,0.6271380904734075,3
0.5951434032061961,0.9725502215841538,0.30250078878925346,0.5719689676077508,0.9937935147745125,0.5019871463218849,0.949080543309603,0.12435024613826129,0.8935421916966003,0.8146257561140079,1
0.8322108188726343,0.6955326970415986,0.8367167597109342,0.020876828393983665,0.05443899711183087,0.11333635046982986,0.38893221420346963,0.8666939537652671,0.980948644842349,0.7708673351712297,1
0.67456649684428,0.1992229309305365,0.3454031394574413,0.3147784276907469,0.355857135355758,0.3413557756194545,0.47670007025994654,0.6451265287440776,0.279447658149515,0.5361302795105591,2
0.37692691640574594,0.8335964346712998,0.444562037927778,0.8297801135587308,-0.003159881888320901,0.23850679754014129,0.6200749526769569,0.2324515510176718,0.13393242086885643,0.23247069503131323,1
1.0124894172280934,0.5094034262953632,-0.024206845485189928,0.9546886704407257,-0.03377461682879887,0.10121650088207687,-0.029262499792196063,0.8995315833571927,0.7590833680745407,0.12832013483006519,3
-0.2958051135493166,0.08026087220434508,0.34676737493623855,0.48728509779653484,0.6476820940294247,0.29797645697724734,0.5359719668532823,1.4378606648364531,0.04472928885122063,1.42035507236571,1
0.4441314640723514,0.8571821262792785,0.5828471756893725,0.7761727240175745,-0.07986754138815373,0.14569172218686716,0.70797670993172,0.21516153321214154,0.044930052100511444,0.28234532684452285,1
0.5978443189800148,0.26942229103685283,0.6424157032325787,0.04879161120142763,0.9030758099648463,0.7395428392079343,0.5899552403531514,0.8515380605071768,0.032772141269148077,0.5377678844783924,3
0.12014099561837367,0.9361626984933518,0.7488377027771638,0.25538084675321104,0.9491664503752041,0.3616018788006608,0.6188697572961173,0.5383872668825722,0.6061035164720802,0.6745866170046062,1
0.3234224154089707,0.919049653897306,0.8802780961029378,0.649091975794445,0.7627267211766406,0.23430613959663957,0.8750956091256424,0.8926872731154889,0.5728106034535746,0.0836909050347084,2
0.3297732591531748,0.419480453511733,0.469532228682144,0.24875488651909178,0.5631059905312376,0.7088491980433288,0.8264600059534172,0.23894968836096897,0.39542910183847046,0.5031075463655758,2
0.83323393551612,-0.12137161827799203,0.6023892799837539,-0.07033613931604943,0.5023477132936683,0.1447597380726205,0.08787239117101364,1.0012421806526637,0.45353191348684224,0.49379576901090483,2
0.33963520121463714,0.48164124954411847,0.8637963902548194,0.19555070975036232,0.5206903905840005,0.3816985398882871,0.16467136507464342,1.2703368235964372,-0.3513532516558399,0.8190194563064347,3
-0.002279793746469083,0.29925003898504915,-0.08970898312788686,-0.08303777120267408,0.4727253453160089,0.1255420513193623,0.2538294459180718,0.49015864490898353,0.9394882390696881,0.19240579484893283,2
0.10871852531529626,0.6741980416073193,0.9269175345643861,0.6277618099813507,0.7012012365911962,0.6486327303838519,0.40979810475381323,0.4592100374796016,0.3339044884307197,0.5067721791283931,1
0.9766545046289983,0.47849472303712237,0.3618137859998282,0.15209265163137922,-0.023945060072571488,0.6221882253301514,0.17611871398227605,0.8099066703087731,0.34133710047748533,0.2144574644918584,0
-0.19933301418768373,0.8589519930716701,1.0936252075930601,0.6713232710714483,0.5584654432354039,0.8401337348434716,0.30897858886885,0.7430056747846131,0.28359998417494875,0.376276485437825,1
-0.15685326387423343,0.7344038760237159,0.615379662420003,0.6184611025622824,-0.04728668030262531,0.46327908304008836,0.8813497006301385,0.46920373485917866,0.8691191580347706,0.17733792881260652,0
0.06143896914374296,0.9547873362179841,0.7007575063609768,0.29381310634093655,0.9477954235804786,0.39835647100474897,0.591325805964968,0.5728094784709211,0.6964066457660815,0.7085645846595777,1
0.4734795038875006,0.522739024226496,0.17184055397958148,0.5582444115565237,0.5017022793107945,0.6930827206607797,0.9299747998934377,0.8674755941294189,0.42376585618639034,0.18957022150583244,3
0.19602701774289966,0.6637079211590647,0.7628564587873949,0.5827784391316161,0.8617430851902149,0.803430864289284,0.2413441435768309,0.3931893622468452,0.44813851114539405,0.2387609661462637,1
0.003362092419225804,0.17650650579746954,0.07366665889374019,0.18685932482445688,0.7131320555723043,0.6222186151808533,0.37742144722877385,0.07574654122326537,0.3299093802788138,0.09207605373021188,3
0.4447183512724604,0.6888797678564161,0.7298401982147198,0.49067988382738825,1.0197490945107717,0.4007797973219438,0.44090528143456115,0.3629006636118835,0.09462557543387323,0.12685636680525425,1
0.4743029146190014,0.5740800789429239,0.19117385560477906,0.5629371479149665,0.46490654360265504,0.6611953628111351,0.9154652549263357,0.8739195682695344,0.4414341279210011,0.1714154846879029,3
-0.22464882645388284,1.2836254902153195,1.013199155771774,0.6156519305744711,0.6731565837532523,0.6962042413417746,1.2040816113392618,0.6671297986056529,0.5768449368671237,0.7196354058681047,1
0.47976790846665646,0.11088841395122417,0.49923023059200344,0.3553266232320543,0.38001773852687315,0.4443656889883107,0.3399313464043035,0.7767094357811161,0.31583566277499353,0.6271238140047244,2
0.35034605237515026,0.39363593393943186,0.46914194605558657,0.22758431093494916,0.5852755769718575,0.6893048811811112,0.7740924184650756,0.20952968185516654,0.4545981822314335,0.4681793320360049,2
0.6046585564813105,0.19248530586907575,0.28984017235217385,0.5742669806575038,0.2049525876111019,0.21940095609413296,0.418413225149823,0.9812097493569023,0.14308972857897592,0.3681545880471762,2
0.5751364573148583,0.6300667620373391,0.05067442148577525,0.6627623891783818,0.17041237666559234,0.7773881238366528,0.05247791577433528,0.23754797126672936,-0.029661956061803094,0.2646298830313846,0
0.42776896010088894,0.06775856015435248,0.5383952322413372,0.4863688248975153,0.7211473283291576,0.256215177647367,1.248404807981954,0.28477425850576915,0.532228378239479,0.8360165778060445,1
0.8236912276296587,0.2927954030475586,0.9327475337182081,0.5438331365814725,0.7188922348281219,0.23992657303975748,0.719679404403649,0.43786203137099194,-0.045822916632753966,-0.0720714460205771,2
0.8709944358901387,0.6983850258351045,0.5714773148980674,0.5236462331440092,0.29718502230212873,0.24903732526098005,0.19927452920897645,0.1644810209880825,0.3293097785053317,0.8141747044326378,1
0.09218283211148327,0.6082361478953253,0.8448517399951764,0.4899605541704948,0.8236196841174294,0.5111199105341155,0.524311264216147,0.44269019339176896,0.4462785940570046,0.62347540187563,1
0.9943310097846778,0.6138601536068519,0.19387737220802007,0.9159424057274931,0.6177826449107812,0.6863303209364773,0.4726511520675056,0.983149109891357,0.0382556391558036,0.00688640144875409,2
-0.10720257359193786,1.1793400459984444,0.12179916548641134,0.8313646826968693,0.5875138766622611,0.8873025768805003,0.3704395753844956,0.8607487656164101,0.6475188153344222,1.52697391372217,3
0.07122054234788625,0.9510301136030288,0.6869859256337757,0.28079458324103534,0.9518671922431221,0.3684773230318794,0.5837583606192525,0.6038401297922764,0.6986910262773288,0.729231106862081,1
0.4080035544720123,0.19963181623529033,0.22389321137116808,0.12091226391589378,0.3937451351064629,0.916978218596668,0.8764097849184083,0.3304181779965845,0.47715862830901706,0.0950342591499816,3
0.2456855391211951,0.435992721310709,0.5749227901261053,0.2409972112782152,0.7002158790896813,0.9329229370021029,0.8728814858311504,0.08716530175872554,0.42007827262686104,0.6543539740050299,3
0.7488037296267602,1.120326617527108,0.48578832365849567,0.32972786421232614,0.5226410127290426,0.1325241624313932,0.004751147816289547,1.1272946519473632,-0.2669856323021632,0.21540345140238643,3
0.6951292384278404,0.8835712846321954,0.64856058107929,0.3276860333974918,0.8410122318380964,1.0089185580525166,0.19324031651026133,0.49157453628369246,0.7341718424045041,0.48462733952422865,2
0.622815720079734,0.42622413947264204,1.4748681740043168,1.0743758090619726,0.08638440838226857,-0.41575906192034107,0.7688255131433299,1.0522434764052213,0.04229411414097317,1.4383976726143128,1
0.9555560631404818,0.6804946983612338,0.6001300071148926,0.03895044647750426,0.5328384683649113,0.4476682329973023,0.5497006645628686,1.1727504284736912,0.46153042699994085,1.013100786983314,3
0.5675560693763418,0.82788704239329,0.7233989345796346,0.8502778895007186,0.8434430953512186,0.46327818842244334,0.15197056222303756,0.9672699177446599,0.9737214259603223,0.8747692856645845,3
0.2456238963883256,0.9528034826811447,0.717409790841235,0.4156178854053574,0.8510094147553517,0.6315092607487677,0.5908767113795034,0.5806042819518297,0.14286056620327936,0.415379360275914,3
0.9153618567530013,0.7100028823849028,0.5298817417576436,0.4766467182946135,0.26185390238774175,0.2542637826092309,0.247544469192012,0.1461751267055099,0.35148266200915784,0.8738263267729299,1
0.21013225914960298,0.6067852894835312,0.6140294959185919,0.8501926040065053,0.8016668647164849,0.11777641268680697,0.6969101291262274,1.012293946368972,0.4941312061391864,0.8537173898815547,1
0.0689367918983385,0.9686387501924335,0.6758777138273003,0.3123127345072395,0.9237729193439924,0.39746865790693753,0.588150719560945,0.5912120651944511,0.6956053904191212,0.7397097488820756,1
0.21683575735282568,0.9474055657844853,0.7489494724932866,0.5084073322768657,0.7532361131761932,0.6773895240416868,0.5972998205876573,0.4919928269749245,0.22211745031193703,0.316751224003953,3
0.05579198064566834,0.7789806917467171,0.8492255082334114,0.21772424065267035,0.9876407918520358,0.5287225344846557,0.6800399869551398,0.45802087282182724,0.7168295313659834,0.5147374968160306,2
0.5605065531207826,0.7562784151665187,0.7247108222734617,0.8736045089376173,0.8762096237555852,0.44436465902381145,0.17345286844680213,0.9259402762566812,0.9981215130914965,0.7861564223263068,3
0.520589771121913,0.22688679251260482,0.242209868827393,0.1883245784441217,0.393050395264991,0.8898350981082991,0.90919656290668,0.268376579312342,0.4911555546178894,0.09664142795892798,3
0.1003932802212314,0.6654645947442499,0.9357339662717564,0.6107099634314197,0.7180115686543455,0.6375916973606619,0.4220092564611365,0.4479698586960909,0.3361993854814377,0.4991358974931317,1
0.9392077639230119,0.6818531254899348,1.14904670414306,0.2895134825681603,0.4302494070858604,0.09481093122447243,0.11564917512512704,0.6496576578178432,0.67888379977669,0.9370693159916954,1
0.28526102762552946,0.7922615894789726,1.0424685561465095,0.7593045994082777,0.7265002286938446,0.2797202152465876,0.9107714694656465,0.8952997589889872,0.5481935833909637,0.1700223569788057,2
1.6396368392732712,-0.1380116263604303,0.5696689018341239,1.3432822208494444,1.0491696104227213,0.7462404453754758,0.6495046730810907,1.3174465189382258,0.2939068098718084,0.854443826299236,2
0.28406992790049795,0.6227732985034596,0.45755118618187884,0.6265756804019694,0.581207558354775,1.0322110866239307,-0.06492989498851787,0.4668690236537964,0.35684446070543463,0.1602321040543674,0
0.47108340182243824,0.7929872451066968,0.1567741648073238,0.39932682715892565,0.0547195049077816,0.9134575612677617,0.5182070749971287,0.449102331342258,0.17698777620103784,0.9334689756363135,1
0.9975232954144934,0.5172820335350918,0.06677542340132124,1.039713582306551,0.11253603715995833,0.09602062687505371,-0.04293970049383872,0.8879207982323034,0.764361712918075,0.03470404624893184,3
0.9242581277633618,0.741520798373357,0.543510654286165,0.4836987534277716,0.25215404673578656,0.2603209144977022,0.2401480667117799,0.12390494863975018,0.35448772748658947,0.8555101132919051,1
0.22110137643748265,1.0030616862652333,0.7021025728037882,0.55503139422463,0.8439549490727649,0.7382288166391141,0.6962768495733808,0.6128376164833487,0.24303357946488258,0.4100783349138092,3
0.47627545504778396,0.504316086289705,0.05714940638885724,0.6051878367642879,0.37210884511094067,0.16511299950852026,0.03968598073537354,0.8629433068582781,0.13463965107491827,0.6152303687071842,2
1.134858800018787,0.5429266848887208,0.701430743662198,0.25178389935671297,0.5293070746119513,0.4226503153789662,0.6273726601798106,1.1096189429446595,0.6023443066919703,0.9269715821850626,3
-0.004691148298820745,0.5560600166300665,1.3820316910095576,0.36542380871114105,-0.3930247989862222,0.12818557330643687,1.7353064463651673,0.8752310739393551,1.232816150970564,0.07969738856882294,0
0.808316226291956,0.6331884410526699,0.5669815380524703,0.5846507099478165,0.23430395860920564,0.15941124672312817,0.29999863209893374,0.035110068380870135,0.31463713477298794,0.967705019070175,1
0.47184038111481735,0.7957263174148872,0.1564135822805171,0.39853264320813914,0.06642695297294829,0.9135002352691701,0.5292681033318356,0.4542469492160054,0.1718849549131537,0.944775326271866,1
1.2995331071493887,0.3434404257993795,0.5378776989172258,0.5716837016252242,0.1994837753078791,0.15044172804338984,0.5755795492153336,0.41241754212458,0.3585539916432821,0.47785464248027665,0
1.0414535589111549,0.5743394379399348,0.3271670524911758,-0.06237904690076068,0.30079307247523696,0.13456509844259035,0.2110495011974774,0.9572307522534856,0.7001558527284792,0.7976879596309561,3
0.05358411035907327,0.7736172541646944,0.8574447827243037,0.2119031287079968,0.9765548013325314,0.541184023152353,0.6877555849858957,0.4707714263319987,0.7179084027354228,0.5152482776135467,2
-0.011842172366400852,0.843587773278054,0.17314943061474958,1.2438240932258648,0.9917479823676325,0.4493078532731577,1.3105810241810953,0.9007506039810912,0.5640735113042037,1.2275978143180024,1
0.21291532727399712,0.4629888737582839,0.289583686616112,-0.08392658235662837,0.6274117958734654,0.8259117917952447,0.6416438642556909,0.07294898899769395,0.7335013414011576,0.4688848068748579,3
0.022911486175872374,1.0054136071896107,0.6716095170806204,0.329283049353914,0.9766186787130292,0.28095866179627044,0.6318718558189179,0.5153651615281067,0.6751598644678939,0.7262646907379299,1
0.22352744696815044,0.49613990335796243,0.1253492652201225,0.019414109495996458,0.41819893835304883,0.10155582923500325,0.10890884676433008,0.1943608376318373,0.867941422768514,0.4528577182926691,2
0.41091132110193457,0.8988680646169813,0.5830947256458339,0.9306950746942846,-0.09346140781776992,0.349381024139317,0.4796605784280231,0.38936323581960586,0.18900835402061586,0.2862007629652338,1
0.7743169914387193,0.5551157455064534,0.5951295047595954,0.5712141576813238,0.09330022020500969,0.3421063186762145,0.15592842550637245,0.5293697418414375,0.3968789651274135,0.393118077736173,3
0.06334859819254474,1.0343326511860431,0.5993648384104193,0.3264167159579753,0.9552613108355739,0.5232131797320436,0.7267331915265137,0.6442371733206028,0.7490654661076706,0.6663849885179386,1
0.36942906700761674,0.10250286542980988,0.5969920077275319,0.14128578871740868,0.14937584844414215,0.6975992274973157,0.29593402237596717,0.2734154449734625,0.8921522391767869,0.2470222415636216,3
0.4598628196512839,0.22268334819786972,0.28489221810852805,0.1675498868878535,0.34160651124795816,0.8754278735939929,0.9309563298397383,0.268345644037407,0.46493584053834486,0.02163705721879594,3
0.11631109913775466,0.8752977365382633,0.7970004107695892,0.7252388372154241,0.25282025384683593,0.3018459900818105,0.9482269454068816,0.49864087473900787,0.6867965728748106,0.08908447057304283,0
-0.4997814079617342,1.1232836684535208,1.1361399585776601,1.2141849743753395,0.3023367903316746,-0.3223717528609852,1.4884060235555452,1.3652508898313787,0.8694468122268112,1.0337743217492694,3
0.3840901323555376,0.39380082424388363,0.8428424084077254,0.46236176786757427,0.6847136443650162,0.17981770160129532,0.8946053243764485,0.6511439971290879,0.5969145844631143,0.1563371123834329,3
0.05953235398199764,0.7689242371114632,0.8529439136995808,0.2146395924493391,0.9819099629712993,0.5245634707460263,0.690498027320123,0.46666210220658916,0.710622142636542,0.5137276763793719,2
0.9217214590610721,0.45741645612403337,-0.005227633956833129,0.9647131154085026,0.052271644964132814,0.16632123217632683,0.011382664907731342,0.8902816305463385,0.7897278323907128,0.03417373278663345,3
0.4051701511914256,0.38432775317367274,0.0832392252091255,0.5096648589601239,0.3688087773034046,0.11857274952219313,0.10649129484593672,0.7805803050697919,0.08413550924692689,0.6233372085516327,2
0.6330290766894013,0.17630860488168087,0.6313056074385144,0.26740413952909053,0.400794563735345,0.6362496245427942,0.5092521294820789,0.946035446396138,0.13760092103298696,0.4437263637718252,2
0.977047303176508,0.454340181069038,0.0618358414299948,0.9280704714235318,0.05906430935109566,0.13960893520167147,-0.04801846400960254,0.9349928406340534,0.8022304810130713,-0.007856254167419668,3
0.5751773629688182,0.584226917138497,-0.17739535305058196,1.2302178231836889,0.2078180906128272,0.6259986418604796,0.22267521856540973,0.9580017147991773,0.31659082901209157,0.1999499978864126,2
0.25069832837846917,1.1534500653025948,0.3608757567874193,-0.530046105621549,0.17926635789727952,0.7689667315059603,0.08835591707861395,0.3204914079248165,0.9521311407820623,-0.2702249348898941,0
1.2707900360654873,0.07111417286716265,0.24547022336867957,0.8613084910423795,0.5451480062507501,0.6317119551390967,0.13989499635492375,0.21487741323653398,0.015687316459595646,0.4792569991560422,3
0.24592169576495887,0.43717915118385764,0.5657506915409986,0.25733025185868474,0.7236738441317095,0.9247764924574755,0.8536897426159584,0.09450377621163343,0.4356244108640225,0.6618608396023898,3
0.9376241440433993,0.48303482192198344,0.020597800670817866,0.9938268353191344,0.039505146923687756,0.13292499472547292,0.01649357668593452,0.8860471469854387,0.7935907298208342,0.047643661948364495,3
0.3994889990919904,0.2081582769922421,0.7620740850069339,0.2042398273265511,0.3782744643871383,0.9359559437475675,0.1084872561473357,0.07910391205019726,1.1260573516528722,0.4626873293230239,3
0.05177441339981883,0.9123265647673873,0.6734689929675572,0.27258255375225215,0.9933244797449405,0.4269872649024902,0.5981690789421535,0.5853069172531633,0.669437399261613,0.7655632871133617,1
0.3468370122734675,-0.0070457971948471865,0.6878552466616228,0.4965154950339903,0.6285272582470178,0.3542407615255329,0.17664178202967695,0.9282727024079418,0.32652306442443146,0.7032881507758477,2
0.3543181293778058,0.6670169505640988,0.9848161373641273,0.4635577839768952,1.3435328995016524,0.8253557165757294,1.1997814318243727,0.6678045002022165,0.17287190484969056,0.2842444634777612,3
0.44856362491711443,0.5705252787939377,0.14692820075168284,0.5602735938091327,0.4607664268388494,0.6597612975576448,0.9433635609496852,0.8751553425211239,0.43138878439262107,0.2114151288816213,3
0.10556524347333163,0.2858293825357774,0.14744382829212757,0.1480564146493214,0.37530904652096636,0.8866860507402298,0.23883809544599988,0.45444319392856386,0.5944663432198453,0.6383074135435649,1
0.27225150255308467,0.2437779600971102,0.664799412343809,0.4455296867956179,0.5867764391538332,-0.08716778992500313,0.7161766697256482,0.6864381412576868,0.41753901935491905,-0.08607820948125322,3
0.547416449274421,0.7760309928693745,0.6105177764975037,0.6442717071737677,0.11447475838603899,0.2641517965984519,-0.026409713477914154,0.559973973713879,0.44879057805310996,0.6575512718689999,3
1.3221917769339855,-0.4122305855178008,-0.09702859226693628,0.6119492244774646,1.2019633606436895,0.044708334235296465,-0.18909438003377121,1.1376751411618466,-0.3264222239544421,0.25306771136865164,2
-0.08088110690008435,0.6208479517199368,0.2739652734524173,0.8902788889716622,1.255582885555065,0.3046195340191956,1.26388434772598,0.5677991818783281,0.18855839295536092,0.9534416014017385,1
0.5014309822828096,0.8126757667893187,0.19563356680647837,0.39779528050495583,0.05829133376906402,0.9033868510201907,0.539367404647602,0.4592180290104303,0.17830287339372694,0.9757549159937535,1
0.10691239120145898,0.5563971771817501,0.5989970858367426,0.9709319407465926,0.9327420173074928,0.05869685439800951,0.8073367859148719,0.9079255359318136,0.5541084440650258,0.9419611837869658,1
0.5059913391880816,0.7985487247633661,0.357151068618717,0.6824092583538964,0.052733027612455796,0.6781082897558948,-0.11672446626688265,0.2818931524994266,0.08095917084493726,0.4650375262737202,0
0.3130910105543978,0.5242938775586019,1.0464014664426167,0.13270201734251286,0.28276088958985857,0.008483049956847816,1.0131127004034868,0.20910489805330212,0.9604641558981211,0.16648107188485453,3
0.6064292474002875,0.3117294303563128,0.39836742839542055,0.35662483351040275,0.3988577986495189,0.9398503526235141,0.8663183521768248,0.136962099520215,0.24808599176825363,0.05360242950024073,3
0.1320615993004881,0.657385704455631,0.9981729235814099,0.5207547077778091,0.675365002714934,0.6424743868827062,0.42173442543539424,0.35668148952078393,0.4154617879230436,0.49507328486409435,1
0.23802556300795769,0.9596231104648726,1.0296982963608972,0.9635648355897528,0.7483543770622947,0.692589600507354,0.035078589649590486,0.6091984481018913,0.8840133311599833,0.9667089830729583,3
0.26044207750773235,0.9283182460417212,0.7118169394908096,0.8178035892620223,0.41252935244546624,0.34102631768188063,0.9263689505328216,0.07849749526748959,0.4461685020597279,0.7497109572335916,1
0.271234480945861,1.2431372426514864,0.8163578009445618,0.4475327214846626,0.08246658003617884,0.10676701619117515,0.6265241460712463,0.2629968457996922,0.5264025927263903,-0.20039597884215443,0
0.5583427353418702,0.19100127451746768,0.5471430691331788,0.4258840394317389,0.26483539537460965,0.6089478358303084,0.4461811219801478,0.8636808261958863,0.34765597440729934,0.6096591626400536,2
0.5530961815583447,1.5460401339962777,0.7425631906016114,0.9858494760526265,0.3097036050770876,0.584756308936413,0.8395165699373546,0.41671609354327677,1.1266915919125529,-0.05739622659609056,0
0.13556715120220458,0.35324652906817317,0.008464063065195638,0.07799883225944425,0.47463399417770386,0.09606784959133896,0.17400348096608573,0.40116834067242585,0.9260642012617823,0.2568215247876198,2
0.35956166291127073,0.45499445376286635,0.7120583167902048,0.875255717795091,1.1703686430736662,-0.09254129785321893,0.6593108011248321,0.7646960143475897,0.27913124766210407,1.1919306054433607,1
0.5293645212583464,0.9784751171587787,0.4925100531213624,0.3322172955998501,1.0271457806572826,0.700215850874701,0.2908704500649818,0.1821352599942223,1.0061646385143477,0.26462054190915935,2
0.8214765985829621,0.8926121179056019,0.5845290589431634,0.2654907508443348,0.9103807842122743,0.9937418306630368,0.19078660259223115,0.4401528723728857,0.699104801206894,0.4732877855345644,2
0.28576815161797714,0.9273519957369772,0.7136265603556867,0.801777954942985,0.4024190564620586,0.26438082059088586,0.8692937284307496,0.11699158069711402,0.40193542001928534,0.7143162249650445,1
0.29959188085804317,0.9346878953551115,0.7118359941587742,0.3579993949602468,0.6521428536816004,0.6533435421710431,0.6349979204617893,0.5801553549364638,0.2857064885162346,0.41579210606623157,3
1.6338069889873366,0.701702026488685,0.6445967953630029,1.4612529196672932,0.31115656659778934,1.0753915097049598,0.7925001135902979,0.8712078684514587,-0.1482440282869123,0.34773313036485304,2
0.1278375385362664,0.6525199735389773,0.16649534754807466,0.027053329836663614,0.3523845848848788,-0.18116442390123305,0.10869896339282949,0.29716946368484404,0.9957879969310566,0.4976018654041081,2
0.28324196617947855,0.6159904815016082,0.6276402669886036,0.805195165519576,0.33637156853534833,1.0364299917334296,0.5555660911069754,0.288154513342417,0.38474642950808025,0.2604313695833892,2
0.6847185248204496,0.4232073548372369,0.15238000387804124,0.7220180427483289,0.24220531273198603,-0.14944435163766207,-0.15973632003048116,0.8989308620208255,-0.02997063607880937,0.6201925093823796,2
0.2201144741019906,0.4719149426519859,0.1210201314318155,-0.007943093815642344,-0.05549465105096624,0.7209991564623215,-0.04391150135015198,1.064473113701593,0.2186297054546209,0.5796749318961301,2
0.18922592589404802,0.17733855547736083,0.8903835467140766,0.5246978450877686,0.9944039687095629,0.8227295847324834,0.6112392871406691,0.36872233647899777,0.20501443139549205,0.8163937049032371,3
0.1451293816945032,1.3286581258572094,1.0616778010398868,0.6089693817133004,0.7669255869198226,-0.11539121664950752,0.7836731149403856,1.1288793341061385,0.5054619682980823,0.06185343882865342,0
0.16362239202737502,0.190628914196031,0.19263599434190093,0.20345806103319025,0.3130522949867409,0.90547957634938,0.29519456482081946,0.29779368336286666,0.6470127282639331,0.5133783069668487,1
0.566689708176316,0.8035637537682919,0.8400371611357793,0.27052237850921096,0.46579212245796825,0.6082740753177135,0.4325569311609968,0.9417002934651258,0.4334575869674073,0.17160918183511747,1
0.5932545647110562,0.7919708188016659,0.4970818617322912,0.9080170507339141,0.3410705556539631,0.18135584862154613,0.7176302502742423,-0.101036443600308,0.4611130706260061,0.6654869216104883,1
0.5473275223246482,0.21689604709356308,0.29091414477133737,0.03166555612076974,0.28522326285703575,0.6662849726418993,0.7937098383303768,0.09628742494798093,0.2965969882444151,0.02002759184015812,3
0.8501806503500617,0.631646208180514,0.1542352140952464,0.9706292875539191,0.7478094073074034,0.5806410443049941,0.49951585038872265,1.0471158472163364,0.10585093541686827,-0.05196550619000305,2
0.3168334046227814,0.8930227528349957,0.7049567938936204,0.8029201135732603,0.4349109464717965,0.27433935895064804,0.8857339326407858,0.12962192140112266,0.39852677898890604,0.7362935197627811,1
-0.016499153800256558,1.1238582901031742,0.3220276599164577,1.1826312677455846,0.6642607224835094,0.6460296997931108,0.905997945795656,1.0560628318122776,0.8538179476023607,1.5191674167624996,1
0.2845892821256231,0.9795816351844073,0.6410495682898615,0.44193913514911703,0.7549159475869833,0.613962856194974,0.6163403174553028,0.4940139439666905,0.202216652671325,0.3180939082908208,3
0.10618697523090166,0.8646349597454316,0.7655982918213464,0.37044696441919966,1.0299853894006568,0.4589890351336573,0.6351742792816831,0.6100852176466856,0.5896453108265828,0.7424041071501271,1
0.3241841164330574,0.31679891574661506,0.08772621576834964,0.5708575667891612,0.2737199488421668,0.053288092826495125,-0.019233848306261292,0.7662585961591156,-0.009722010534340714,0.511057199200047,2
0.9800472206044458,0.804429120221296,0.5335247369860769,0.4463062783770971,0.381510964112896,0.2670905164961634,0.25043099350211745,0.17359468279935508,0.40449446989828286,0.8360061521628935,1
-0.12182603093480732,0.9725461190435465,0.7450592958131778,1.0600305963241872,0.09085921157371031,0.09052878869087058,1.1657770985866325,0.30970442396835685,0.6904099756286607,-0.11841562658264948,0
0.2709024846314463,1.1129829474066528,0.7600963179082836,1.4969346406268347,0.5392797520729586,-0.24971710590138174,0.8676476229701044,0.11127455812018061,-0.4213722804809683,-0.5352756578056832,3
0.9657884798932665,0.758495366597501,0.7267719007598858,0.3147376035340693,0.3918088262540369,0.5083702023767029,0.4754352197994419,0.8864471566247252,0.6458038599109216,0.8142945756287365,3
0.057197592037142905,0.7778588772801451,0.8453380774319171,0.22202036326936556,0.9835622455662477,0.5327353228289755,0.6872757065294972,0.4631250877982162,0.7124883779362441,0.5063642214692767,2
0.4799468335805014,0.8091012214906103,0.10303205083021486,0.36054948734829717,0.01294943736187154,0.9061120865308145,0.5566169084144198,0.44029853308102856,0.14298773274929788,0.9495155249550714,1
0.23554674181276555,0.44628197959013083,1.0247050295741236,0.2318668882002734,0.18108468960899,0.007610365128843277,0.9507858280037239,0.19521412162911378,0.978317715651957,0.2625026723774066,3
0.3665725857287476,0.8474190563224245,0.4735440887569443,0.7916523202206984,-0.02250092493756952,0.2703779309606313,0.6346021214597478,0.24527138047785085,0.18369963507207193,0.19791944721328414,1
0.04999147529498344,0.6579146971064992,0.8584851985853813,0.4106038489136574,0.5468493135807057,0.6205356474688617,0.4643322253236086,0.5213262066394144,0.5698706340973535,0.4376315871496389,1
0.19203194920687877,0.5984558416258419,1.044576540168983,0.5871337064789077,0.7943995524632697,0.6765760379871151,0.28444762459989303,0.447998981969142,0.4625904330054749,0.5866289601263004,1
0.0419875620929375,0.8985238910558784,0.6499291108806992,0.30712344199080305,1.025924535491336,0.29762458166320455,0.5331115161692445,0.6596731212976833,0.7472891413805303,0.7848824167073326,1
0.18032964713062974,1.0672644191676548,0.9299719633138619,0.9486609831289352,0.5778737151294207,0.2620733330604813,1.0646726328713882,0.31251696736001233,0.3905731869341772,0.5442125474052257,1
0.26063867229013926,0.9519303787919261,0.6692215401231326,0.47846357334858086,0.7793943436131697,0.6232193242921501,0.6048403494294549,0.5037246243212702,0.18175708865644713,0.3478989647815282,3
0.04541934211607318,-0.010567288684634496,0.2180813344917703,-0.0022435366623096142,0.2995429615141309,0.7795737810046197,0.36918822386962213,0.42941894133061687,0.8303230968271318,0.7015311275551736,1
0.27945172325669687,-0.2513314153841559,0.11946530048009152,0.6170810017598695,0.5162271788536795,0.1467585036372817,0.7384892953624663,1.0981221990134216,0.09152357403213565,1.0226193897724332,2
0.4369307339176243,0.24848993322408056,0.2715566737237169,0.16445307774375084,0.28577186568952273,0.8563026017893012,0.9365167205970446,0.3205688059215267,0.48696635347209105,-0.010218088905429384,3
-0.09706446534863733,0.640401659007853,0.8777833238970973,0.7101676862235159,-0.05569426891797288,0.5739324200272267,0.7252369115706142,0.7984721225131691,0.7929090618916095,-0.14436222564515466,0
0.12295736616876835,0.8535716213786417,0.6289164443095189,0.3255226122708058,0.6911311440670458,0.509553008985491,0.7625847214641351,0.5393517330182903,0.12753696370927697,0.3301096522073674,3
-0.7930597591377951,-0.8093771108615935,0.7959184376247943,-0.5095402235049282,-0.6357214916246886,-0.6997438547897454,0.5000624734433488,-0.6559776517274011,0.28138612951557285,0.26806372790483457,3
0.014386585205471564,0.7474039985168068,0.7559125788748005,0.19365147109846445,0.673204262036719,0.8162971605975662,1.1454133876813233,-0.10387241556397914,0.7604067989229493,0.6303097891598682,3
0.3551299082835366,0.40831027595012487,0.47725779065389107,0.2449025085696906,0.554923667918322,0.7358600082916625,0.8221541222617667,0.2388156922080634,0.4586394277229451,0.44709191376954194,2
0.46513744536174306,0.6743527691098543,0.22936355519218102,0.6766607356500857,0.13576858798449495,1.0119865655405873,0.15096407696791608,0.4243101431254069,-0.06411937733344358,0.2327376646235651,0
-0.24544873724845984,0.7034252963273971,0.6703710347079967,0.27103628510775324,0.44310257005212683,0.20016390346885413,1.140834104624354,0.10010886661002866,1.3357692596925965,0.4835141109123485,3
0.9857855386523917,0.13847178581432468,-0.04435160723535926,0.737564437802524,1.0581378124369778,0.2230032210252804,0.6807093539959387,0.739647925785833,0.6657153498308293,0.736577156058731,1
0.26015498598295383,0.37977088222068134,0.31371076034503576,-0.017948041483932337,0.7435756336474421,0.8458957375788366,0.6519700576481378,0.030780916635712644,0.6443049792834215,0.33673464141585385,3
0.18460269829893222,0.4748224416772644,-0.09168003523919688,0.1492579259624306,0.5116043251005412,-0.019447171419735856,0.16926726876102127,0.3746726045007068,0.9296423958495424,0.18266273277970324,2
0.2858962907099754,0.4244638295667641,0.6431907457771654,0.25909324625696145,0.6827729432982188,0.8818143232826169,0.8827902665588023,0.0673783232170593,0.49019258755811,0.6723273913586755,3
0.24386093755718816,0.5050894620690768,0.4978697736607848,0.2064192016301964,0.5208705875266822,0.6778422562560423,0.7530750318581056,0.23414334123091218,0.4466514853901096,0.48451966169029287,2
0.7967639887829101,0.7544271699498595,0.5435134468456553,0.8556620460111894,0.9135779166079032,0.6212966616640897,0.7434577018553661,0.9431266843250802,-0.3140953939309655,-0.151087193387969,2
-0.0819855775754483,0.27896546137764067,-0.019936310806812067,-0.16837540988338037,0.7540721909885115,-0.003899753368976952,0.22456389691303869,0.5948460355618536,0.7983960697456751,0.12235100883429936,2
0.21952698572251053,0.4465381964748223,0.8124230756569236,0.5908506065254063,0.5358232154768856,0.6464649234846904,0.2690348646773435,0.5863518336777593,0.1600569098056597,0.676470230396987,1
0.4479706901595932,0.5470958786348555,0.374897239516552,0.15760755196243578,0.02158563118252409,0.6396623118997398,0.03864101049823714,0.6655828431023197,0.9189704878992562,0.17129739768893626,3
0.5079023481225313,0.686672079563398,0.4300006175532666,1.137985970929381,0.9608454300267903,0.6596517656260877,0.03618490767973914,0.7335558112625027,1.064331121765479,0.5926738128823459,3
0.05794944651780477,0.987914199971214,0.6941978393127077,0.3228032226046991,0.9888250943795668,0.35307489869468467,0.589699808483067,0.6035371989635379,0.6268553996897336,0.6667112682192708,1
0.7591375942338923,0.4793691654554917,0.7039304297051199,0.3291593275524909,-0.06613428255493498,-0.09383803148743347,-0.07228406447504815,1.0316785737214431,0.6154336085397456,1.2115046651626444,1
0.6296077766951406,0.9632297271073726,0.07997287589548846,0.776568694970236,0.30655238080582214,1.0191642357283839,0.3082428554612503,0.5879214189857551,-0.2678219205711401,0.14256626044498347,2
0.3757098737677882,0.8497785491968222,0.4709680962072734,0.7963220869362624,0.026213658797995823,0.2553304986836929,0.5896537780742002,0.2537640157760892,0.16203296895700228,0.197814711013565,1
0.06262084824805564,0.7708013249999767,0.853463568417459,0.22115608622710575,0.9788355056345938,0.5244959226766343,0.6813131793174876,0.46330072210569884,0.7097775368771371,0.5085520774282067,2
0.46179012306172823,0.2209331814058457,0.2860667068313666,0.1527893831304231,0.34699020762732097,0.8656398595660044,0.9443460612878865,0.2572787691173821,0.4513335117550189,0.03320595392482191,3
0.15737156791820778,0.46503587088416615,0.7242497738626159,0.2410351432068535,-0.027115051016862762,0.5171851143437852,0.9557487170799993,0.34524883717571664,0.9580622683140534,0.005450521232260641,3
0.7916128289062341,0.3493853669167968,0.39912133495181157,0.03283915486493305,0.5349191709363352,0.5987266836352941,0.448009307705357,0.9010469676308612,0.10554910418092389,0.8357565001080661,2
0.7998119274652659,0.1683932872089244,0.5599802968427872,0.42117264530053355,0.13561896290436548,0.16997273070331959,0.21783968913941285,0.6141361874278042,0.44475198692443807,0.7468325555645599,3
0.06435135138135414,0.9829357034547656,0.058893066088625684,0.2654331667560645,0.7287721696611535,0.8291765449687504,0.6365538656063168,0.1514305385804313,0.24532875924441244,0.8555827015605909,0
0.8924590788029925,0.7923035703179422,0.5689316663892997,0.5147486180173287,0.21441122043559102,0.2950516243598372,0.2526385436896451,0.09117472749606681,0.3601029219199866,0.843126173870196,1
0.06422254222746593,0.7627812585189314,0.8484883759081079,0.2172348031531808,0.977390939650813,0.519235255813227,0.6793307531757632,0.4745147882593342,0.7285917159035799,0.5043967594944154,2
-0.06361432693055805,1.1005359019885634,-0.0006640763860684754,0.048428256518480234,0.734559814869673,0.8725454393763974,0.8837969896829625,0.5151209612464831,0.32478994424699104,1.1324831369409532,0
1.0202521985409168,0.6269621082128402,0.17697689427470098,0.9438733378982407,0.6315598731588633,0.6840017972637339,0.4756700670544381,0.9293536049609731,0.04041628229039766,0.03053263628065687,2
0.05519746664845105,1.0004495367034998,0.013007398182359707,0.2519032382860979,0.704255984483564,0.8392372928758687,0.6398049116898391,0.1769998865698353,0.22075709032928986,0.8234292708475335,0
0.26456746116946916,0.887431241500143,0.6195674528982003,0.6157091879901742,0.8094497889092406,0.7497104436585454,0.7385848378055221,0.4198144118064317,0.12560410377722508,0.16720482338424467,3
1.1591967266544683,0.6967053218355757,0.08116831211997988,1.0163518351972913,0.4658879605710767,0.6078865687174962,0.36796799852999507,1.064003314493307,0.04552817324473453,0.0954178041656199,2
0.309221229086607,0.8915137739060605,0.6118166819254414,0.5363183743604404,0.8714051830599034,0.5994886722313395,0.546454729355115,0.43169576688996786,0.1518556087086826,0.33062603496608983,3
1.1474225459550988,0.8443645421076557,0.6736706058036709,0.317755793586196,0.4126885910261758,0.4649712138919029,0.5635411635781192,0.8043327939999367,0.7101074376372107,0.7582723531941877,3
0.06532554138310015,0.7771140439074543,0.8356816016709941,0.2355186316053446,0.9991565103705218,0.5196342792505635,0.6962012455068817,0.4454152362200573,0.7115974265044543,0.5082552118452829,2
1.2415458444392877,0.47621112069077837,0.7101052600935361,0.6271802469042098,0.5086804368188134,0.5442105646179217,0.1461624235846745,0.959088889944129,0.35450609738279665,0.7889815832427904,3
0.3612660365422073,0.38845211535227525,0.4864879859136164,0.26678861138924803,0.6167348983164113,0.6787618385750686,0.7839700157757225,0.22664470014367635,0.37761024816161154,0.5159280336973137,2
0.4462379714722472,0.22177257379120185,0.2605864501067392,0.16414610638575144,0.339729438524921,0.843070315405119,0.9265970434788902,0.23316292578593484,0.48114572593379157,0.051261464868011385,3
0.6302837147335714,0.22870075757576347,0.09696883991169003,0.23627430404243274,0.18617601293478972,0.6919762370533415,1.0201497526626002,0.47482316508364575,0.5316218600433532,0.20199629700145522,3
0.05574891199772132,0.7725167253572527,0.846003029276338,0.21678892391815835,0.9881041769606576,0.5306494010423295,0.6878917816987559,0.45928206130458443,0.7154751601855175,0.5075258035081578,2
0.7319079498807818,0.45486009248625137,0.5406256570105332,0.6782932683647924,0.6027698050217525,0.8680361857887372,0.5867670403205447,0.2661815876470643,0.2342900307861277,0.5015215740903479,2
0.41611186206005957,0.39725898208806293,0.12475503295357154,0.53690780828444,0.33649185615424276,0.05369674735622444,0.1291615189986398,0.753657547054338,0.1137767694811356,0.5924604554601691,2
0.5198081687677809,0.9719936147751902,0.2023567832779105,0.7212817594529042,0.4113552514495656,0.16985518838436875,1.0673531393432154,1.135839398269905,0.61385963472723,0.6083341259706145,3
0.5064910186162591,0.1974199153190159,0.0038826711061965696,0.3919746908448947,0.27223882662368953,0.245429643995163,-0.10940744901355356,0.703106663111313,0.22404840073213553,0.8479323889566759,2
0.7130993471998227,0.5776619860704169,0.7993819885062751,0.0392958684346999,0.15077164371008356,0.13775595501434285,0.28623440417696416,0.8374932349406139,0.9594736608594208,0.9168552541829854,1
0.20261434980517695,1.3373500195850139,0.31431212132471736,0.6478588649691078,0.48032663409770754,0.22644211798799038,1.054975552363485,-0.14916441298600736,-0.00930104074108179,0.23890617754322047,1
1.2344226359447656,0.5300928473585456,0.962472829131338,0.5430465886195927,0.13059000187572245,0.11918947870595853,0.511533287046482,0.9746104203154086,0.6604783272320186,0.8974239755447578,3
0.08992485799375857,0.6738412462872263,0.9455615976372704,0.6061710597838563,0.718892554237416,0.6366742934850402,0.4292047360092957,0.45147434210071974,0.33196420845024316,0.4900348391479251,1
0.650728900216887,0.47705038930578836,0.40926196458811476,0.37857951762199404,1.101138406459868,1.0375995426836255,0.2761679902380256,0.17192580839164445,0.2857314681169738,0.39177176708235795,3
0.05431410688288401,0.7770410058218603,0.8466957845397436,0.2166731378268465,0.9840689525283415,0.5342563607813771,0.6848925044034926,0.46332420865045226,0.7126241433448679,0.5088364234830386,2
0.9982222433563059,0.7565396778707393,0.7056078719345635,0.20697291270340618,0.3676368500441162,0.4683521121393059,0.39451149168894695,0.9090728950472217,0.6337219226214952,0.8103388025440473,3
0.44349635083007594,0.4760994499718401,0.20430033721294216,0.5049132343411054,0.445672179745438,0.6119827515557943,0.9337452387866154,0.8702677358826802,0.3791361456038336,0.21126162681967178,3
0.6471138028908174,0.21805914153241948,0.43198545252010295,0.18042748937644343,0.34454676626582276,0.34272892432500157,0.3140844796340215,0.8960515067547103,0.20205024841552488,0.5754978283426202,2
0.977128952232388,0.47961434615748727,-0.007816091009626165,0.9573165194231967,0.031147816912505195,0.11692489266105419,0.030940301956725383,0.8405522093655305,0.7842711061621861,-0.0020364011576776905,3
0.3739232150098195,0.3957212700616803,0.4476926826835253,0.5628217184693513,0.4654336978263681,0.7180235862593248,0.5612898979442362,0.7441255008427556,0.05986115487892274,0.5575203614300037,2
0.30450375426671067,0.16974633513055004,1.0408288332638411,0.6914167501754362,-0.24717410879028645,0.4566189745132086,-0.3284734868956377,0.9101819625358383,0.8567833457963718,1.6602680636659541,1
0.40221971497896736,0.7792609813055417,0.8316878404156853,0.6638553172775203,0.6574187064014396,0.5193933341049866,0.5956016343702428,0.5679100920662142,-0.04757955847318926,0.3889086092520255,3
0.19229496897546608,0.5621583028690156,0.9386997551990227,0.11721855158452875,-0.05759670436065656,-0.22184919614384374,0.8565136823596687,0.4657564538695507,0.8442919544053001,0.22082635238357098,3
0.07539604169916578,1.0287441572436746,0.7343608467957761,0.24135678909044395,0.9744893572387401,0.3857730271200233,0.5602474769394437,0.5444022777279154,0.6581487846776517,0.7597344710541162,1
0.20394782038304188,0.04500552253295906,0.6120526879783544,0.22605896312763085,0.28618631511806353,0.838837636196685,0.18791498922546096,0.473203748525595,1.0492623192683603,0.33027326320493194,3
0.5532990777984934,0.7995733864999925,0.7770867311080909,0.9239730767774742,0.8406541504104872,0.42035378529212847,0.17243638625087715,0.9236622188876393,0.9957634965767289,0.8475401590352603,3
0.775371956308674,0.66773610492743,0.35459155453107294,0.2802436165214136,0.16800004349188713,0.3884760443512244,0.07326160025121761,-0.04289556551388726,0.5398298030513471,0.9265775774913549,1
0.35623866820036254,0.9080322491425621,0.446053955063133,0.9097802933979814,-0.10504573431637981,0.19774084013033524,0.7071647687400894,0.19887372408556486,0.15592385083650298,0.14943719963693142,1
1.0287148447010255,1.3614337478024825,0.8096782792323131,0.7134985697278942,1.0175748906039022,0.9576812839843029,0.38726790146456114,1.0899798576010202,0.9159275579901549,0.22582272436725837,3
0.41382459519235876,0.39031038983760824,0.18633886431645139,0.5024334004037546,0.40731413345282164,0.10952520763604924,0.0038954253722440074,0.7716577939447411,0.16172871924479668,0.7026286343551786,2
0.3308274898542755,0.3967139162285909,0.4772711207480051,0.31896427684790785,0.5724218108425853,0.7290638726105027,0.7684560348752407,0.18847037773573097,0.45201512354500795,0.5440533012921518,2
0.08991096996189166,0.872646650346915,0.5866177230325534,0.3532388457586734,0.9484678385755232,0.3958830955456634,0.6667572159904616,0.7003013037497177,0.5979589505938525,0.7789565247183291,1
0.4395347201258572,0.15225111414273712,0.20527552505529095,0.21598024874843175,0.3589604351867889,0.8198914091553182,0.925568979131488,0.3236408712359799,0.48287421482109183,-0.005260544648196641,3
0.33180333764847936,0.7829654101728268,0.5346487036489693,0.8739912109180457,-0.05739065690856869,0.24073456083316697,0.7269991347281648,0.49015550172044253,-0.10347016026981781,0.386858460748133,1
0.8923351033978913,0.30275789166687656,0.32611396966007744,0.6696407996202298,-0.25414841896745277,0.18757890158834548,0.3418721452440951,0.6632366031700885,0.25336304515163804,0.5187350919305354,3
0.5049324749545344,0.24211352210974466,0.659841435407641,0.7511176749941042,0.582593967725764,1.0973108897278006,0.6858205890994282,0.39979932146506114,0.22982487166164522,0.6093793201209927,2
0.17827662285800305,0.8162836542587558,1.0051987252688712,0.6761561357230357,-0.1648600613372898,0.6641607879826995,0.6062520299380325,1.031189973885057,1.0020295917820314,0.20306848137896782,1
0.9831171610345418,0.6032978286953452,-0.013874460544855055,1.116451000409989,-0.002954448386689082,0.13736305990786613,0.03097385306471368,0.9999960148865333,0.8969933065453761,0.08073882734818241,3
0.34921922360449603,0.28847401904071235,0.2130900056963212,0.07701108158804418,0.7589919067973203,0.9459063626375385,0.8294501357867181,0.040697741475331575,0.7986886557648494,0.4574764366826964,3
0.5183544904881481,0.24722408318589958,0.27178724259282816,0.5963520199402144,0.3980573818391328,-0.033419802406568916,0.011503293842536393,0.8182029196500947,0.08840240723052019,0.5242885261073653,2
0.790384874409329,0.4708119931638525,0.7385174984767408,0.5158984846218971,0.6222732415855255,0.08716477822765853,0.6801357205828311,0.4357280886137305,0.08389422465605487,0.059514606196123795,2
0.0854803273341555,0.9447141907297435,0.7205195053077457,0.3032736024460112,0.910189295350613,0.41157184435326627,0.5840508162005352,0.5805558044586011,0.6819726662889518,0.7057538325512233,1
0.6172358301795849,0.6857897861794136,0.17851692070286118,0.73168346064739,0.21914190255137556,0.906318519702622,0.05771866259354401,0.35275710218338974,0.04888882303088975,0.32898266394238956,0
0.368224392800592,0.8816068678748467,0.7066152902469023,0.860381414868177,0.4801072452915512,0.29188192729957385,0.8652692804402615,0.1934738723436754,0.42580362009101363,0.779130472685653,1
0.4059301064270278,0.6856203950395748,0.21145111569824568,0.35769565530449604,0.04549185267405081,0.965169520893449,0.46049959764204973,0.5011978672620291,0.1502100474435245,0.9113925557976064,1
0.8823707554505551,0.7611578429123773,0.29769485945397767,1.018350707676783,0.6345682741794961,0.5789049858392393,0.463399527146827,0.8384377885143246,0.0867126815500189,-0.040700533624613344,2
1.021812424584746,0.8716476719962771,0.48944656486212634,0.6491543717858876,0.21704069591569136,0.2427159814515784,0.25815914317364963,0.2551039837565474,0.5514103945315366,0.802455443123653,1
-0.0003644777836004365,0.7752895206893768,0.04352353381818616,0.34261608116003994,1.0076871404435646,0.5128870719410286,0.9678470701527695,-0.2048321957591545,0.9407821672187573,0.6510802971599887,3
0.41318085762850515,0.2744802534037517,0.48058397411185505,0.22196449299151744,0.5552665077218507,0.33385052486502587,0.472633723518731,0.8210403629264692,0.2250173950644723,0.4734747578378664,2
0.1646633800698044,0.3938581701656396,-0.07831275406825294,0.10077524516833355,0.4956825041184644,0.0790570645011528,0.06237090250051998,0.36493237989332233,0.9144779251948989,0.18243118387489268,2
0.8589477747350697,0.7830920217771493,0.8994109262083052,0.03698060092028595,0.14694447374666128,0.10722573804723487,0.17603823078190706,0.864564958325156,0.7529663027322164,0.7466137275138482,1
0.13637074758390255,0.968031879563945,1.024394780454106,0.511072333818407,0.36643419136181893,0.25960375260915475,0.7659705164125638,0.8336341782067254,0.45219273555013895,0.8522008878705605,1
0.05829877422127524,0.7698912295331135,0.8417869396728379,0.21714825639847873,0.9828751596385604,0.5341781216380941,0.6832327230953383,0.46191337699147855,0.7205805439964812,0.5031049382774613,2
0.6331786368938729,0.9327860557897987,0.3340592091071427,0.5474399385632261,0.9467329146564629,0.48966568068880933,0.9411011371398512,0.1420748296624524,0.883041975558144,0.8287347260562385,1
0.3123181022009338,0.09481866436734561,0.5446496272465016,0.042451165411768216,0.20757942158322412,0.704119836645509,0.2734101409044039,0.21221933138307164,0.921397140210162,0.3079132194271305,3
0.4115735770661887,0.42615557751823496,0.09466290106610072,0.526099705251552,0.3433306596284801,0.10648022690415065,0.07744910674029132,0.778875018987639,0.08834507028483547,0.6258288729327736,2
0.48997727464413765,0.05079744673402138,0.7600797737487943,0.27119407166083054,0.5258859960256828,0.31367056189172726,0.10713787406419761,0.6366365342709404,0.35916785057335404,0.7131174962203839,2
0.8020156115935313,0.7746469040917603,0.6824595991565378,0.24633180496976906,0.9485360375276687,1.030843045657815,0.13972521567974922,0.45075147961236434,0.7157804705542704,0.5151721062190249,2
1.038896062510612,0.5128282989934597,0.6712264717282957,0.3854557337472468,0.3622530528304925,0.38994571396598515,-0.05424410275491928,0.24678939100660557,0.08438880611555122,0.12950357662062606,3
0.7443084719447137,0.4435952281263976,0.06547602321220199,0.9550545742069521,0.1350007741729496,0.6858191290312414,0.11692043941128621,0.0920222751005857,-0.15783287337418192,0.43033826786645235,0
0.4370460406191469,0.5093983630236113,0.1736443569626351,0.6107429285858618,0.5434516215344753,0.6868845220860367,1.0078545308849642,0.8818677971909374,0.45272590741868224,0.24552090122775855,3
0.056202948898630076,0.7738756522149866,0.8465754754906711,0.21878194378579496,0.987250761227331,0.5310595936786346,0.6853446092889565,0.4618161739273072,0.716238984993196,0.5073043568397964,2
0.4138711232972193,0.5770035909075326,0.39830058088634596,0.15359557338952853,0.03900003098149891,0.6464930614168074,0.03069026053373581,0.6482012331403253,0.9371915276867869,0.1720885858853406,3
0.7437058613970511,0.40782613999272915,0.171104566290878,1.196032357332511,0.06536848563107733,0.04599448890884407,-0.24910977359256908,0.9435114434121549,1.0857253852135722,0.3239883603714551,3
0.14085470547811318,0.12759708833204617,0.8730289075700765,-0.1720887033024393,0.059424677824711836,0.9523971340155672,0.348460979299618,0.4601963975016147,1.1046924246623855,0.2821121119264369,3
-0.3414183466738774,-0.07519767933371913,0.14416019862711077,1.3291670168018705,0.5058501668916886,0.6922440685036475,0.45951101157933877,-0.20429061591516018,0.403460944212324,0.7709368385892109,3
0.5577775730638237,-0.0931290632069896,0.4056721491419327,-0.0800448254111642,0.249870398214828,0.7641366158547374,0.6875673210924403,1.0102150147717237,0.19048835835641137,0.866022410681757,2
-0.018691346968618613,0.5632377742313912,0.7770127257194802,0.5322361973515545,0.7751655581912693,0.8283494079463458,0.18999817646975498,0.4843550713307303,0.2701843779745206,0.4114730060837428,1
0.5801731436427577,0.36014634772495435,0.5214142667326737,0.15456442999732162,0.47248463649527606,0.8369823420145904,0.865648318673869,0.4679004852393607,0.4734382027769422,0.2809784713927788,3
0.2213348845375862,0.44202468004656215,0.9914381935847142,0.6000780586890474,0.8993793138829058,0.47066650794088555,0.6704039274594775,0.6018643067716671,0.5245562822467018,0.5385292879850363,1
0.9116333169508671,0.24339951129047313,0.1652991008649291,-0.1703201449297681,-0.6122930636185141,-0.28006233853493456,-0.3341469318553252,0.37751300871304644,1.3105884916944945,1.7745621279085868,3
0.45501042300101346,0.9022629862052842,0.9489583512463042,0.7087630512466055,0.615850486839865,0.1836646103640937,1.137678275850984,-0.02525241187524721,0.3175722775968561,0.7949986995227758,1
0.6132157058420896,0.9344055339902815,0.9392758129460858,0.41664253405434565,-0.13025499580490618,0.604508904986206,0.9080200675259429,0.538109737857426,0.6353555954863929,-0.13467549613769045,0
0.1655808471168797,0.0680151542112481,0.3795365732098751,0.7067179724887888,0.09570743467830857,0.4085770899343085,0.5317108976809979,0.8586681511907559,0.42829291356846744,0.47938263487321625,0
0.5075777562711941,0.9401683177673488,0.6950038558333418,0.21398368930255537,0.6040509698944827,0.2748317954761251,1.4431254557085311,-0.07532777844148769,1.2808746324586648,-0.11412852391288336,3
0.8853009472185109,0.8208552091122322,0.8540689184739098,0.6683620482491093,0.5940579326523827,0.31080841656359237,-0.06381714743542061,0.1940660325826426,0.3221746848186294,0.7897143961780131,1
0.12830367666514658,0.9812096681278389,1.0005029873581444,1.0423351810067272,0.3853459717922789,0.794907062629455,0.1330346960031059,1.1994375749672688,0.7947997225008505,0.33319986941893875,3
0.58880721036889,0.3823215840092395,0.25745101151189814,0.5641073307231558,0.3459880399283288,0.7053667138544512,0.9759008240469401,0.7097653173651433,0.33293189514263066,0.048777411353611605,3
0.05647998479942739,0.9608101729749611,0.6911189758015798,0.30012360030292207,0.9431780119961475,0.39056800622581633,0.5977531925891401,0.5806299390737955,0.6819794087391319,0.7221287133173578,1
0.10288914579619178,0.17318003787293404,0.16522988712160075,0.1898720646107726,0.25216428080526915,0.8781621136095666,0.2856613791634637,0.3579897791464365,0.5836715299175275,0.5288480751783531,1
0.47922825764156735,0.3812810515237737,0.3680919384961868,0.21272396338699073,0.3490147937255651,0.23664921543434048,0.27404550635430563,0.6772667094212415,0.3121581402750848,0.5140529252584438,2
-0.07468621158282726,0.8849084374300842,0.719063922988736,0.2520140897492351,0.8125812112121545,0.3813433377017829,0.7308074803529541,0.6900545596874437,0.6708314969334912,0.7433089277440383,1
0.26234485118651746,0.40869329746039784,0.5515211966479152,0.2171772604916624,0.7362053753944042,0.9017904834349851,0.854182092829397,0.1097321023947507,0.419997603118887,0.6865826921147323,3
0.1564491002371487,0.9552695136919672,0.5676099330974301,0.9279032892294772,0.5552373732049176,0.292872554925206,1.0117279852703078,0.17635063389335515,0.3507762622856508,0.8889882084194343,1
0.25371094304645614,0.9338833857275639,0.5598330483820266,0.8432699297962778,0.02035688870457118,0.3009142350843174,0.6302234518139473,0.36991381803417694,0.26826071432014853,0.10147357949224298,1
0.16608153255806057,0.39189978092035616,-0.22132741321311833,0.6347248484932111,-0.14623522330319055,0.7485717531401909,0.44210813721209186,0.7902306316945782,0.3444391237152402,-0.006874414473419244,0
0.7118309914787457,0.7459034773551506,0.7112926936071154,0.2425224924988234,0.8112030712520668,0.9280474312291602,0.1613016966946159,0.34843238883305816,0.6103395711601034,0.5239904425127748,2
0.16258296464461075,0.6090873523949424,0.9810022008770976,0.10827514639772683,0.332234111067368,0.017724086125919657,0.9679173438848858,0.17278624965013736,0.9116885664583763,0.2656891446917399,3
0.7054455639808618,0.5256369017035526,0.5361487687956656,0.5636064760146469,0.12573147605364668,0.35925190853094335,0.18509317923821922,0.4868467018683262,0.30676985322767747,0.4470294888487826,3
0.4268574776748595,0.5821483962116434,0.39169906116150255,0.14424468767213863,0.05555507405186309,0.635237650035218,0.044728760532196106,0.613548843023297,0.9270397869634087,0.1639995572627186,3
0.9751814682246452,0.4591626032632312,-0.040655812034911996,1.028817441351043,0.11290527797922473,0.18401586322974484,0.01498528359792691,0.9498862438064934,0.8196145540677635,0.10258932984277029,3
0.22088484178778447,0.10704596840850514,0.6843974377448432,0.43133578997292826,0.974978326599075,-0.025095217128687716,0.9177657897319502,0.49925519890768966,0.38518455295237786,0.9895276467966173,1
0.05545682079550398,0.9461086793757602,0.8521538064217759,0.8150550564524396,0.18097649871488986,0.24221896385010383,0.9634892667638727,0.5223712694887538,0.6629401973262934,0.04445346334116902,0
0.7218631659908936,0.1309797656336969,0.32839860684863514,-0.3711323904291398,1.1566471780992247,0.7744481754734983,0.7090816511715244,0.17337595709155043,0.8905141757207875,-0.07718364493846835,3
1.0173233719284382,0.27184079893620977,0.28667055287252313,0.7202892895061044,0.7799258367317325,0.39976510342851646,0.5398742478515391,1.1949116455042441,0.08412523323929183,0.14262184484101278,2
1.120446082499967,0.07554975021500225,0.07936010588443272,0.7060914108832432,1.152857406355154,0.336165681918393,0.41144973551343156,0.6223544178284796,0.5473887379957765,0.5967348255402993,1
1.08957170006639,0.6958582848223466,0.7788362742396434,0.003908193511123398,0.29099791440443756,0.46829264957068234,0.48348200570478783,0.7224814342723545,0.8121920538346531,1.034965796310528,3
0.07269550404937027,0.6877397448912019,0.9621885453364787,0.6203538170918758,0.693905742681627,0.6284500168443289,0.4353819446811454,0.4482038184855234,0.34843207212632077,0.5043361553035162,1
0.018607800989178053,0.35256189329133036,-0.07187172618109942,-0.005260598600491051,0.5260318715338963,0.11362429376605092,0.2962216100594184,0.48926688821592323,1.0497983748490296,0.3245182191347402,2
0.29525770300300097,0.9202708077111207,0.6933116671811987,0.43390823912568754,0.7476087848327341,0.6652164491820924,0.5982047206987618,0.5257770744146043,0.15901897941751356,0.35571909590970985,3
0.43251760257343075,0.6231701681545332,1.0749926270579127,0.30503052115444174,0.04917187610902474,-0.1037910529232535,1.0831055411646529,0.4706818467118573,1.1521304945357924,0.49132658199937657,3
0.3285666581268406,0.35176056858816374,0.7332524948600007,0.8866325315375289,0.13550661878211034,-0.28365837901592716,0.7696192204189422,-0.2829664784868298,0.24917020680049418,0.44277353870284625,1
0.6444315228555239,-0.12286745886412292,0.21185898922916097,0.3574375737559005,0.3704531818937257,0.5969340441169428,0.7062436148240503,0.49753870222182767,0.34946546459779726,0.06935894224557296,3
0.2613763313061602,0.2909338379047859,0.6986222130935333,0.33878430150460737,0.45419948844910807,0.6660679038605002,0.6187429688065905,-0.13936308934102531,0.19618578304293421,0.7001774267131903,3
0.48669770438362525,0.24216262360917376,0.2723447713529636,0.14855970468197374,0.3787301658531453,0.8999683563150066,0.9629835720624208,0.235783677928114,0.4226616869431946,0.0649244778598482,3
1.166436670258751,0.8415152654465214,0.07976552508758084,0.6619705198746961,0.1368950946058406,0.2402587479680239,0.8109830705194288,1.162817009652528,1.563189704615833,-0.06898762564216376,1
0.06426373022817651,0.1629255474425536,0.37037748187137126,0.7397475852996469,0.038351757728297194,0.3658002350944535,0.5029852494749514,0.8249659946218381,0.3649325486268963,0.36866744093897963,0
0.41801046299825384,0.37555819941898755,0.16492047006561503,0.5135541152965627,0.2673656249733968,-0.0238979142688812,0.04668372997064116,0.6616274893657449,0.24629276968608577,0.651886213693939,2
0.2716085593104099,0.463652987392882,1.0007435504460522,0.15149195402334256,0.24676722727339043,0.07130963310589365,0.849126665045171,0.12924971937848526,0.9433565857986819,0.14929906113415803,3
0.06157671281367175,0.7711870350250106,0.8418936559623326,0.2179348395288321,0.9902953623745914,0.5349071902062531,0.6878131444476857,0.4566734681633119,0.722516713678092,0.5091317728645768,2
0.25868111567327756,0.7861520679343338,0.6535558664082024,0.7894697646053459,0.4683475965427472,0.296659127196838,0.819980898012886,0.12049113776116369,0.42423660596687934,0.6644331605732203,1
0.055827200832951784,0.7743620734588249,0.8467816214447982,0.21842354932668365,0.9868174597897355,0.5309358513997873,0.6860133917518175,0.4614051408645497,0.7161358380894778,0.5078539648129143,2
0.3537023004016581,0.5172187411739751,0.380059560159014,0.4842191585552358,0.4227002844606323,0.9830274218566268,0.025889680736907214,0.4125594541279282,0.3466614050492147,0.07666805880686337,0
0.28681331845615043,0.6977183818215228,0.9783137096671044,0.8840628230068976,0.6407525150058766,0.3730696783013027,0.3175888694883028,0.6816131516485071,1.1110864792180415,1.2779015260091586,3
0.05147127408481181,0.7767486179288725,0.843107761854734,0.2256016377453671,0.9890348625038624,0.5235260919532171,0.680136114610314,0.45929076519841844,0.713027715579296,0.5052703127342734,2
0.9712432517335963,0.7954894453306196,0.5167319560083701,0.39021000447316,0.28264095012398843,0.2796771882197005,0.3516831403310773,0.24226926330069726,0.34350727051780167,0.914304257175197,1
0.00616942356997871,0.138648866108306,0.5771748269920187,-0.2517444434720865,0.7491316902896371,1.144195669554935,0.3893718973559863,0.39620798750209435,0.6742487260327219,0.29434596469624497,3
0.42951050297171467,0.5373193321687949,0.21396124070637695,0.6005461085127418,0.48996903374964595,0.6531939919390409,0.9739341378676287,0.8525568471424291,0.40678311701380215,0.1881725696887352,3
0.4815160293816796,0.2395378802171076,0.27114067721062546,0.1333420419559346,0.3402189260566986,0.8425273858402156,0.958179555716869,0.23870139905897764,0.4412413314402414,0.04318421817091879,3
0.8472286406816686,0.4869790542723365,0.7368289981371033,0.5427926137813691,0.5509930831432062,0.10498846638196019,0.71250036108096,0.4491372164336046,0.06570383882356491,0.0340365715774237,2
1.0893360733063888,1.1718028570903054,1.0076634438819079,0.5807760822491571,-0.030572016641220334,0.6192552053276896,0.8149597669516812,0.9619591928369217,0.8241371652827172,0.8694215042869096,1
1.0465403886701152,-0.04847966395321579,0.04682609678049357,0.5773208973980819,0.8420410403720184,0.045519184946133745,0.5862748136088561,0.7791020137787736,0.7626404789226477,0.8326175624126262,1
0.8174456825364624,0.383649538021449,0.7494182580375707,0.5422478459775352,0.6664398251227728,0.9836627953955854,0.8012613569560298,0.3848085053724923,0.1885572350177639,0.6560321356820751,2
-0.20965388503451693,-0.13133274141188267,0.5141043690120279,0.48014699697748847,0.432383947292325,0.6331674724421799,0.23790817707346273,0.37956612705719783,0.833220228738025,0.1450514758797587,1
0.42851339819504175,0.4005607184904592,0.09616430151836339,0.5457975605629913,0.31289934644364914,0.11707973465088611,0.06105439683824725,0.7874253363858179,0.06132041840246628,0.6013291458946015,2
0.32216580997343086,0.8680234301453429,0.46469470928840173,1.0479862092538434,0.4375906000276251,0.28743391914562705,1.2256176664918446,0.4046910228799641,0.4021857412663203,-0.2040498464365872,0
0.99327395199514,0.5185636143620103,-0.0013940441451595065,1.0251020167275344,0.16869768948803104,0.11865271959542761,0.1482298126019653,0.997991023080257,0.8413844426786576,0.11642488682863293,3
0.8884629825294543,0.7608041669690463,0.5010824987912946,0.5000699216934767,0.21458815187956984,0.25654923036488947,0.31003649027271263,0.10209613646917391,0.3647588545603025,0.7922265937529579,1
1.008777177995851,0.8013973348511436,0.8090698843673076,0.07342653670332827,0.11500438286747675,0.05317047497256632,0.3891175520540583,0.44673816043638886,0.9803830640829359,1.2634672632001978,1
0.8227129184664173,0.6177097931007539,0.04737463656529347,0.8575699541352557,-0.06449412265678485,0.2131131250869368,0.18098355590653023,0.9302825202911796,0.7116613548456172,0.0886266375265301,3
-0.12153050572275373,0.9868235436816998,0.042601634204810036,0.20001477359777414,0.5779800120889479,0.8304428929055425,0.40690400819065453,-0.04430701156077943,0.00735307507439667,0.6340010936910748,0
0.4355389707384368,0.5759577006431441,0.43525253147071186,0.15399195038831734,0.06040111699824885,0.6672884009065498,0.019726781078493717,0.5842119502047064,0.8783196678035179,0.09710243120196392,3
0.4153534831225508,0.5642251466968585,0.4064686980641983,0.1357527590601444,0.04971215961421338,0.6833691403072035,0.006201390134268962,0.6673407333364798,0.93421768315314,0.19497485191022007,3
0.34745093621965184,0.3551355256801937,0.18282496037479595,0.13049404262453657,0.8448559942964158,0.7344881319373718,0.6796300526216115,0.10673118519197777,0.5856478435096867,0.385491227470761,3
0.4167949106338508,0.4881473821255269,0.19137141587676115,0.757615489852803,0.1783930269238866,0.06131515938480845,0.23736262634861544,0.9105419442864793,-0.04921651272483904,0.7060664738397492,2
0.0938327553553655,0.12936561941232266,0.13406596058031486,0.1595893093922864,0.38443262587510824,0.9221896865296049,0.3346381184081241,0.35183668346892366,0.6915661674534354,0.5318834837030705,1
0.2147580883601142,0.8831436278692999,0.8035869197342564,0.7488071586424666,0.671429423292511,0.10647562667989749,0.9179014540422751,1.0160023572793442,0.5625060822832806,-0.05456437783957008,2
0.269481086901103,0.5134342859724261,1.3600364746448355,0.16020074643590654,0.043935286713389005,-0.31649461910206717,1.227996176865084,0.19840382091083417,0.5219314176609127,0.7254731232268001,3
1.1926365530065743,0.9210106816808713,0.8710279404695863,0.2742541554866307,-0.37685216809348554,0.4642206486048843,0.48357234807711713,0.6537336917025669,0.8471007531591235,1.1132562431887165,1
0.4645826285873448,0.41076536772006866,0.04878556919324568,0.5601696695639194,0.3830554972059783,0.16951449259925205,0.0985625951664373,0.848364540287748,0.1367675954793648,0.626269248570983,2
0.29241837039166907,0.8969390599629015,0.6522227083395781,0.5051710253406283,0.7276247667656357,0.6030207850879385,0.6078763238251425,0.5356723283746962,0.20826759017974822,0.3740040608765469,3
0.8963562426024748,0.010032112371212487,0.028941320004338533,0.5840060031946734,0.9793133903229807,0.267825938073715,0.6090424930665828,0.825109555615144,0.585582381570011,0.6323576688681289,1
0.8716803921927312,0.7602144378542433,0.5426589269554555,0.4394446733220465,0.2540457739190427,0.19890795737968017,0.2686767972888581,0.07175889407997467,0.30028553888524206,0.8970013153517727,1
0.43953589701083995,0.28538232027809873,0.6729215013868896,0.4432541234422353,0.7653647397446955,0.9689012192003957,0.9935887583021248,0.25040779501911403,0.26177794883242833,0.792125939939812,3
0.14484284568459105,0.5875444464363971,1.0408226487170815,0.14573818414622192,0.27880159083797706,-0.1256187638191343,1.026375709229395,0.10442591330401338,0.944914664197499,0.4913672471866153,3
0.2364777688508215,1.0836970222590037,0.8921274771191956,0.46739189745233156,0.7662613422794919,0.11328376642404028,0.6831458603420486,1.02502487886625,0.4886609737636916,0.2661379659602874,2
0.890132892689228,0.5267314737019005,0.04684850408356096,1.0482756992473374,0.09979052264945007,0.16050985359310707,0.00638532245736455,0.8755653085639283,0.811588314107958,0.08405792679842558,3
0.4380767421414858,0.41594372595665136,0.07942534569474204,0.5773943330812004,0.35399211610719106,0.1104813478216335,0.03243471367941877,0.8174264140054399,0.112578719193314,0.5841421543528273,2
1.0247417787113384,0.3506677368469278,0.681179617780129,-0.1450976523362932,0.07105513507845872,0.04249226432951646,0.5343765804700336,1.0036196271087305,0.9318628468233606,0.657118735309421,1
0.9356766485664435,0.4567995266365559,0.03163882555581355,0.9969894041730233,-0.025975556663628427,0.07052368710175262,-0.0579494000782696,0.958176195614254,0.8092292910090069,-0.008497212417670888,3
0.05865208571278664,0.7666108723378589,0.8538569473835398,0.22263894555464198,0.9867077640113882,0.5381989199348977,0.6829478103223237,0.4675866652854651,0.7229737227332725,0.5100604907588366,2
0.5855207722218462,0.15168491923518,0.20066251223914774,0.08132001059669733,0.18508535812378069,0.8055915979648942,0.937581560131228,0.3537297692832377,0.5666656304368151,0.18998966317538732,3
0.5049357743360108,0.9407282591232213,0.38396916370594814,1.125549723831273,0.0012079538093392513,0.6426069217710778,0.6115855587929911,0.6442239037148746,0.4514749544312788,0.34812105796389803,1
0.221255630308581,0.46293230614178255,1.004050806409025,0.21921898662192327,0.1851423898975408,0.04401604038013402,0.9690133299078354,0.2189149301106045,0.9641648733241995,0.23919587385976596,3
0.10885443864650017,0.47996999801410484,0.7996670473937482,0.23735609199730223,0.4239597904183674,0.2621845418835952,1.0065975870040604,0.40280359647345626,0.7238240051226605,0.46953817873916237,3
0.6226884008798916,0.8702146436531413,0.8092499590442619,0.9716642264564282,0.9393197735258082,0.46472617944175953,0.19205396325690077,1.0742229235490997,0.8607308104440152,0.7793966560309343,3
0.9079050509027962,0.7355578525378069,0.5230990163158049,0.4690462664090143,0.27145902939314087,0.2636117873570983,0.2322201080397089,0.12949879471862982,0.37996399604363823,0.8656410835485182,1
-0.1290655644802438,0.1270561862298894,-0.09105927628739258,0.282980956510419,0.1578012217222422,1.0895159281507405,0.34201186002243456,0.5389615821988816,0.6491445894083686,0.5741969831677239,1
0.32955684175981487,0.09282077870850637,0.21623144687792786,0.07963054475058237,0.41187432558114545,0.8585267242500411,0.860330072604824,0.16061855046546936,0.36303033248162275,-0.03264310415070379,3
0.8688839259620742,0.7700033330139463,0.5379489610025322,0.48561006222513137,0.27882938767822324,0.27546036894365344,0.2680174250680939,0.1541183842827563,0.4040336638879177,0.8398165585149763,1
0.05352495068061611,0.7751796789434823,0.8442657080759777,0.22051157117926018,0.9875002472086615,0.5304896976680948,0.6873349256020467,0.4623593475472245,0.7177656103613128,0.5060253723194368,2
0.3157820004928508,0.8109290802275735,0.4108982640462172,0.7644002876527558,0.0520793180691701,0.24060854672666507,0.6020598253419787,0.24983214905940204,0.22551746952572094,0.2567170113167157,1
0.8370227891180897,0.799849784673506,0.5506446896460263,0.4664798681673604,0.31978131451128256,0.1901994524119919,0.20833323630629974,0.14347541058754537,0.32905568067216917,0.8701556513418846,1
1.036157983003582,0.573153959251157,0.061232167215963806,0.7935525460356522,0.7403031909968772,0.5345778915653052,0.4878224628767847,1.0131593169807465,-0.0322373624627709,-0.015139425611656383,2
0.9133980747742849,0.7147975773084103,0.781304492045783,0.1343122429008941,0.5153455451298825,0.5807551648291551,0.40768109280090725,0.9570322709573903,0.5863487341433679,0.84042574491229,3
-0.07317342591833198,0.3863152119363603,0.46898571645633746,0.8736227985234577,1.0679854746786321,0.859664377500182,0.5897821596688819,1.292851181310788,0.932632390817379,1.1213778203197018,2
0.054113969883258645,0.9565013777698295,0.688159052391562,0.30261290306798133,0.9391606211910052,0.3854294533265076,0.6010733412465215,0.5853029809090738,0.6790239140277525,0.7180547730261005,1
0.9479646195442618,0.1898198614934946,0.9640282290002573,0.48213763597507936,0.9713228137356618,0.15633115601376257,0.7256586014992575,0.458223480125657,0.21124857638127514,0.08548051063775876,2
0.412802840898845,0.23172798515296142,0.2795793109654222,0.14278379020184023,0.3810131022662848,0.8609732217641908,0.9780464838204043,0.21136369549605155,0.44728872609328824,0.04106888427924324,3
0.19648248850759523,0.4219462371075441,0.9727262104327701,0.20807131061730968,0.21714591629560087,0.0059340987533255465,0.9755899974883435,0.26810530218555795,1.017516984210797,0.2650803761406292,3
0.8964248581671159,0.5342387919311868,0.24956009542675603,0.8420526732189948,0.7222413600140771,0.7819937245592918,0.36791340316239884,0.998144612568696,0.0913079970479794,0.1257002700305713,2
0.38089614297237495,0.5161758848658715,0.42417293194986033,0.09222668009497548,0.09141673605034163,0.6552158930994484,0.04340119218672804,0.6723078540648388,0.9542040249424072,0.1231216301326408,3
0.3386790684059067,0.3499934862217202,0.09203993420137599,0.6333948762426087,0.41115054065156065,0.01662507404491924,0.12861464652179244,0.8974229767883577,0.130391058546375,0.5691929576174423,2
0.05730223962011749,0.767468523181905,0.8438182461746963,0.21585188042811473,0.9818403482781042,0.5250804996645942,0.6848537565516505,0.4552847273802174,0.7150987462074885,0.5132277022675763,2
0.28855202743257813,0.283317396559279,0.15689921309917765,-0.11472427603240731,1.0427431647186967,0.19481454442547402,-0.23254975420239943,0.5926531643736213,0.6668718350420884,0.16057205104586264,2
0.05827476403783171,0.7765993148493131,0.8452706561022206,0.22122163980008122,0.9876579733682924,0.5330547357500395,0.6864100242646536,0.46183633851768685,0.7163693773157237,0.5066871427743729,2
0.6782206853805217,0.49865954682772534,0.5445398210549951,0.7801785490734132,0.517718595385727,0.9250834515925381,0.6646333291336447,0.2526566469280491,0.16506091350675095,0.5195022619666635,2
0.7142794882590007,0.583789674682755,0.31435024805603196,0.5644587246235376,0.40851959770991964,0.7159733327018376,-0.15298875147663726,0.16224770026388266,-0.0017085893342373842,0.07697772525462548,0
-0.11027998330897315,0.35329738934275534,0.2622595887158645,0.4167619481677935,0.5540811994588472,0.5628848446730518,-0.09421813985822097,1.0159134061298425,0.849060230265274,0.6197455648861605,3
0.5492818174317444,0.9282053591561475,-0.008753214810868437,0.8630213279161805,-0.27659523818142884,0.9557827490551833,0.12967103977501615,0.9164081579951678,0.15574522900414528,0.7710249947568987,0
0.11612847383806786,0.6469176461279283,0.9779162625035523,0.6002709109743342,0.7158006279460554,0.6463104436807514,0.4008551482997351,0.4895111289169828,0.31135187870722675,0.4807078488703031,1
0.4112637737379701,0.4208441321533668,0.12512315525841983,0.5141405715771096,0.3111800333200853,0.092281758264518,0.0675671690324116,0.796500784592627,0.08537826242819714,0.6216790391803435,2
0.36862556028154714,0.43691562782853405,0.16981833591211726,0.5897298370213696,0.27387917519849553,0.21177399628648869,0.06918223833742088,0.9019732286394897,0.06933711360276619,0.5315976553611249,2
0.32227501419387516,1.223961664693503,0.5333461005460354,0.3202658650464055,-0.09634831146659639,0.37355916483292484,0.7710560721320101,1.067141767536772,-0.20574581691477944,0.1140303475979661,3
0.43520700327188167,0.9146858553412874,0.49819405819877455,0.7233458206045564,-0.04504917744358307,0.32679552817950713,0.6233868920906289,0.25594777096787835,0.2132190999407263,0.15049945660891612,1
0.3283210280979798,0.41618512283835574,0.4674806777063396,0.2774958756105425,0.5791995280134452,0.6931728581567762,0.8246474653435439,0.2346835155091622,0.41905364642096293,0.4942055507347309,2
0.34809721045594183,0.9107762405716773,0.7314349779553238,0.6437806379642409,0.5615531864475904,0.34073015667855955,0.7459694418771604,-0.02844884840241954,0.2836670343104649,0.7989205064179249,1
0.30437339566679755,0.23792193074388562,0.4664975999946126,0.39563061002401234,0.2686115310254149,0.4030844477536362,0.6356331752744719,0.9025222105303872,0.47282716462854457,0.3297807758498737,2
0.07824032587881938,0.645382015858143,0.986964946394725,0.628007795030229,0.7073674386236811,0.5848023490547845,0.3581395601554048,0.46113177282226164,0.3783216385339914,0.41535550659493864,1
0.08324257370900473,1.0059136291069395,0.09201551132342468,0.27640193759141873,0.730237945369193,0.8990199564985548,0.5934252965890254,0.1121935424105955,0.2421177209805702,0.8449068238616629,0
0.4143176794298364,0.5580368652707259,0.3843616053923753,0.14854848020229658,0.03748395187563729,0.6435238609320494,0.01599947753707155,0.6264308575256224,0.9255586347053908,0.15624058491359552,3
0.2429036109723317,1.351320780473459,-0.07838062820324504,1.0672180694555957,1.4039987351629424,0.9576745023497033,1.0119489615429302,0.6263222943921405,-0.3921295754663309,0.1312198454514953,2
0.8298239158549354,0.41211683144157396,0.7041367801694505,0.5542714569831486,0.7903291858444829,0.029685904284456242,0.6216323718023008,0.4854578812205953,0.1810858796630812,0.24814489017151314,2
0.4786812491058601,1.1499699603516849,0.4792961748469819,1.0894468607317447,1.1622234314919366,0.40436704278384916,-0.1313483025348341,0.6745750030310917,1.2407143450536482,0.6383857508297865,3
0.5014830635964141,0.14064365513174235,0.23782288996286371,0.10578836632129036,0.45064602248074087,0.920221065896438,0.9012428436727121,0.320926835417549,0.5013723617606547,-0.06055757091050004,3
0.29106359373613033,1.830917959746702,0.10476685522737517,0.4480981375902938,1.3374120634906363,-0.2599379659493868,0.6892314423573982,0.26211749301610376,0.482117938722472,0.5888336220395963,1
0.24858704615598262,0.9643488887074665,0.6643456656776406,0.45259136306995273,0.7875405984899498,0.6152372727110482,0.6031463954124544,0.4833216150754689,0.1959344007163397,0.34505536099233064,3
0.6079534492783576,0.6587043456850727,0.13426755514330593,0.7448060007338442,0.1982756049001484,0.8638221393136346,0.10632768276258939,0.33902058695714593,0.0796841930132497,0.283566500666281,0
0.4819294046720807,0.7706260123436652,0.15592837830536252,0.3931506151058692,0.07092001291268543,0.9024952835681421,0.5314691517143705,0.44279185018994427,0.1648587664703868,0.9427052342762207,1
0.8180650504197103,0.9155022234261491,0.43997140557176295,0.14645626403414022,0.6000490204760343,1.0915883675896734,-0.0711095187881341,0.39915328133147643,0.964602316827563,0.5611403779455458,2
0.05157607096660487,0.7743705426745764,0.848320032299333,0.2226235256306418,0.9831221668393884,0.5314630165437213,0.6856698735022082,0.45760488321744347,0.7119979264294497,0.507398113726364,2
-0.021003435755710467,0.7198509837116664,0.8593999877412652,0.6429677605506265,0.7880338881643939,0.6530982833318109,0.5338431335480627,0.38083174171525946,0.24942579442470986,0.49344261638905323,1
0.612825727113583,0.514918529278339,0.8228656858191075,0.061646622256470156,0.011284061927991557,0.04918985999919832,0.35660629872753347,0.8255029454151953,1.03220101679985,0.8695547390039349,1
0.14258677789306715,0.634555015798722,0.8258434587829075,0.6193345952224891,0.6057580190004128,0.531177667338858,0.33619414221947685,0.3882665802670645,0.4073282225020409,0.6021149867707724,1
0.38280211796744806,0.884770168398025,0.64377731754907,0.9141661136280084,0.8025012764715994,0.5053009292836774,0.0853637319659135,1.0814161861756382,0.856543394456943,0.7225579580993275,3
1.0187107344720114,0.6917445974459353,0.2224549259623446,0.9711992264842424,0.575543363806917,0.6490089504239814,0.4361413463736901,0.9752660518853921,-0.029692716095715797,0.11010646625977952,2
-0.054082450519430086,0.42887863035845586,1.199939934924552,1.041454513823597,1.2637353857060525,0.7122667090778675,-0.24551912086831795,0.47853635092431096,0.27084527858642543,0.4738183649505574,1
0.3007125145033468,0.33594729061547335,-0.09299462682445092,0.4625703879374284,0.6162768287278519,0.835105502171143,0.7912556942259446,-0.38887546562613506,0.07781900998095265,0.08754624390102286,3
0.8025754967813263,0.48476180908758804,0.742931010794154,0.5083075275818835,0.6313793202076237,0.07475478667863979,0.6501759658188107,0.434012322688902,0.09199710676135384,0.08096034208409486,2
0.3082776108206051,0.41945267465104863,0.459530720146667,0.25971658036971984,0.5811619661075366,0.7047921495892786,0.8116634070533515,0.22952568164043502,0.419272030418974,0.5016237085889435,2
0.13339209897535953,0.11862916110137384,0.35354278851982196,0.11663517317941612,0.6757521061197819,0.7223124538407824,0.5666270618417113,0.18549768269494354,0.8328579131157463,0.2620895043100465,3
0.46495541515907857,1.3140296491166061,0.8741214143432035,1.1400027566568907,0.8104040288695219,0.6989955733358532,1.463630658698444,-0.30796363875670896,0.9218110182167947,-0.0883466062958532,0
1.0258504185379125,0.5322628620260198,0.00975294872036074,1.1069485125625305,0.18549720370979322,0.1028793852966757,-0.006893176671809147,0.8857790338412977,0.8415323671434022,0.08995915310856262,3
0.5368948524735102,0.7005894151662673,0.15004619061704522,0.42424505924434125,-0.036615620920284586,0.8254285277127709,0.5686119760235695,0.3760990572174498,0.10350597278915524,0.8702583872872124,1
0.24903872305179658,0.879642909878333,0.24711494365653786,0.7405534159385263,0.07836527743841776,0.24152344862026154,0.5328173144725851,0.3451680417779096,0.27336977411285346,0.20388238142939047,1
0.9277031946194699,0.13577466484361633,-0.012443748096756559,0.7771641463767666,0.9799125728582601,0.12314662780720052,0.6073001208659886,0.7621442076001821,0.7177209812406421,0.6564620833251337,1
0.5981115678204034,0.21471675992265407,0.14036717101539606,0.062328023683770675,0.33004336923012667,1.0136142439353968,0.7969059131764625,0.22289784334662607,0.4439933107163372,-0.02153600354706095,3
0.767895371348137,0.6470423376247312,0.8255173887177724,0.12982166435299458,0.1564395456022739,0.05140135801866814,0.3809169727571937,0.9409624036087185,0.9609128983008552,0.8458144742769232,1
0.23984762306280402,0.8870010925963504,0.4393514797180492,0.7570364626406924,-0.10209960218477869,0.39912886868211234,0.6802421534334381,0.23835548533544354,0.2168791146610338,0.0505337541274091,1
0.42152767911845057,0.8901394341161009,0.7040328407427396,0.755884137922754,0.3587578527447318,0.24877154922831418,0.8384035183993171,0.004910434232918967,0.3922591471368702,0.8127428870750917,1
0.6259954563513969,0.7049883657284421,0.7316244077601712,0.12920468466358356,0.06353183359519113,0.19165052353889922,0.30856289411093285,0.8817384593418137,0.9159910087771851,0.7575041833589092,1
0.7136573075812074,0.4508790705243811,0.26901609455076075,0.6208930847963123,0.7815120493730943,1.2560860478667122,1.342298578117072,0.48114640848465334,0.12348926619985928,1.0494417305119743,3
0.48115453634414984,0.8210480741896345,0.767204282824056,0.6071557956089256,0.7513076890625577,0.18913909462359574,1.073977881033096,1.0226235559812695,0.3385494511439011,0.017020284013448253,2
0.5018938436917026,0.5038125019074849,0.04297566652194503,0.5789141063529002,0.41782349481722514,0.16132875339237732,0.023521380325649058,0.7833803795603466,0.15334767377787098,0.5830367923551063,2
0.04043366254476055,0.9396261897114175,0.6763879534681524,0.2962789243091275,0.9554547566074614,0.41925868803702226,0.6004935875160851,0.6018707658498689,0.7042884158874259,0.7214335282418922,1
0.6959937730399907,0.7833412013203265,0.6155688614792132,0.28680162724859515,0.8927837078037631,0.8126364189753517,0.3022035586426146,0.5325994094521186,0.7893869232790779,0.35309761593480876,2
1.384729459550592,1.532084556336427,0.7697587447210127,0.13199073808998418,1.0457918237970523,0.18947220600487585,-0.6952698560221969,0.38871325048981875,1.088068028280031,0.7116975418309964,1
0.9406486757839604,0.08136151835528929,0.006998300127381617,0.6971053931295702,0.981019656268499,0.14608929749191096,0.6261039383028186,0.7008678131246732,0.6872683347335677,0.7082607072055787,1
0.24505993452847583,0.29573679475992865,0.43111351109774176,1.1510277137709168,1.182605453161464,-0.16756331805898503,0.9425252266015207,0.6865164197539685,0.6313620375907791,1.2189210403518227,1
0.6391114967079472,0.9451743810880691,-0.0041744531817506925,0.7618718781439655,0.23259193359712432,1.0855069349867366,-0.07457836717492664,0.28970247538987637,0.3348947776488204,0.6245304358714343,0
0.6993836433919808,0.4184205533443967,0.5725996228175148,0.7609976808082343,0.530718184382011,0.9561667811910639,0.6702609508942963,0.30857600215012804,0.22028983953335768,0.44942164576126786,2
0.8563003735399081,0.6306330030146543,0.9631435824064762,-0.020284169829359253,0.14758106878214733,0.09708902210893784,0.2866403930788263,0.764578679103122,0.7908978873587599,0.7924405467259231,1
-0.18922990744530407,0.7370368345695681,0.8326633894716207,0.2650354837290125,1.0065153452882183,0.2314896637531068,0.562493566162807,0.48311283960684487,0.8138874836017342,0.7197178012540216,1
0.3386840557802143,0.3879616895860126,0.4207776154620196,0.28504404376026155,0.6037530480731438,0.6547121682360806,0.7648730089386201,0.2832349630134939,0.46432997716077135,0.45484860859525866,2
0.3129891663011129,0.9543762789875636,0.7380165732931233,0.5330758093908017,0.7229990051413138,0.5692975341825703,0.6740924111933865,0.5503491174235681,0.14059952252618887,0.3147402902606062,3
0.11049032776955153,-0.20112736883274773,0.3141219578091492,0.7984471828115716,0.5124797187775144,1.4043396993818917,1.3846977806438616,0.6062431747915854,-0.9087684379992431,1.240339695554077,2
0.0881013741086546,0.6559118596937817,0.9198473188620359,0.6409610027198971,0.7401627225020044,0.6282240416681334,0.3939145559995001,0.4253731146122789,0.339642308244761,0.48754247775813336,1
0.49554590240204405,0.7302102698981665,0.7340888370752395,0.8232955102767509,0.8404206597278562,0.4039706503042836,0.22266853837123293,0.8765500600568865,0.9743247256316879,0.8883857791135693,3
1.2177535048688914,0.32219736344661465,0.08689981551001572,1.0606337533819485,0.15086503600174053,-0.03516739626216847,0.23021752520050837,1.00997942146778,0.818693727351748,0.23512467091026687,3
0.514078238878191,0.36556246218132016,-0.029508447965063384,0.03431747287935359,-0.2640606425066602,0.6628775551109105,0.4596864812487056,0.6391666022442424,0.5322130386323428,0.5223802212479978,0
0.6811615344299178,0.7777510573001845,0.36666555262491163,0.5747736795969505,0.6963820842389415,0.15327742633899807,0.3448191493533914,0.7185748912840173,0.35587244169423693,0.667752235046303,2
0.46334426732090794,0.5470709913925884,0.2116269915622846,0.5680156594714209,0.4823234878830879,0.685020662246532,0.9505625189227386,0.8496120359298001,0.4506878851505968,0.2169355443130464,3
0.6543487878570151,1.0480354354142405,1.059089029682284,0.9443290146489296,0.6017796509917794,0.00091473974228512,0.7904328575229816,0.6217494884286257,0.32809326904932706,0.1372550886241489,2
0.2414681179741353,0.9154356076979211,0.6533348428848647,0.5791463302907954,0.23549967910129543,0.5034110975446295,0.7623964087127626,0.14208823692864092,0.44312055193567607,0.7637511551188042,1
0.41903274965790904,0.5079740257980048,0.043654798170803435,0.5102074310576487,0.3000798649640137,0.02061588513890837,0.13047040178203004,0.7986657153157071,0.007307262712304974,0.5212354365949425,2
-0.723356515869285,1.0830682266972522,1.6348258270590312,0.6990261516400228,0.04835354859963231,-0.8723218778308123,0.7921875957046914,-0.9058263415995552,0.7655800068125108,-0.030719480074686,3
0.735575214991472,1.6702401236058044,-0.018766928705328256,0.006004291389133831,-0.24804064133521386,0.6737990731826158,1.612345234010412,0.3814987536692619,0.06173873766544319,0.4594816694532614,1
0.26448006651711364,0.9443215702335509,0.6916976212870491,0.49339737590761534,0.7737719672457729,0.6169304237173964,0.6179754585504516,0.5160698754578805,0.1812256488641622,0.3647476486179862,3
0.7783034980891074,1.0866952846740585,0.6848158953725354,0.4970703579405455,1.1759864373180664,1.1459654520275635,0.7369742874853301,0.4033335203724919,0.7383674779720124,1.4489359391154424,3
0.5661442801448021,1.0108234797579596,0.2958129987716198,0.5845164229334479,1.00061655221141,0.4922492730936727,0.9444161871255053,0.16671651346778577,0.8353372972383071,0.8044795627902993,1
0.7670168553746786,0.4724287644148255,0.12041773479102519,0.8747805205651539,0.4476778434303315,0.564183350208459,0.6559774877796354,0.9425073843294375,0.20141656198967367,-0.03580528460394948,2
0.05117458266256829,0.07160644526107275,0.46947112598323554,0.7874717559652865,0.19217960427947825,0.379298221760368,0.43309008808163835,0.8782014644288971,0.4103944499164593,0.49478867297825085,0
0.09604859739906182,0.9996387541402831,0.7225263249688703,0.34610093453643875,0.9957898595842665,0.3477802992816659,0.5932033024321951,0.6407200806202022,0.675470068178232,0.778210870991535,1
0.35520068696007634,0.46412156891824763,0.5072576203572383,0.2581920041306012,0.5741298961412049,0.6798649636785252,0.7754201067494176,0.20271585453950988,0.46703399927911576,0.4566867673188562,2
0.8360459020640345,0.3688193064653953,0.5196193384510368,1.032164284544233,0.6351469940487988,1.2560825464869243,0.7633669061743359,1.3254206896302816,-0.0438147122223917,0.3458444786478867,2
0.9685285956053026,0.7609265006002564,0.5970834377614079,0.36238274578125507,0.21216767494652997,0.28022888233078,0.33227300189896947,0.1709696401313968,0.3786309431389035,0.8485954156608906,1
0.22769407202531752,0.6555999072381862,0.8166385734595861,0.2088518731547427,0.16643321194064614,0.03760952745246439,1.1308738703447556,0.41089934061662214,0.9794556028252096,0.03948075674191062,3
0.8104980880964384,0.4102475598206735,0.3929973504349405,1.295569084741151,0.2952094282299609,-0.32362113268981363,0.40324477461006397,-0.41548098005292416,0.4643536801037992,-0.1313947937206998,3
0.07016483748882345,0.772231413004948,0.838501676184106,0.20846988541319914,0.9991520721023496,0.5186380997214305,0.671756385742041,0.46549603647108556,0.7271863234313114,0.5201952859603102,2
0.1394122662827631,1.0934386274163517,0.2313009340134511,1.0948809215077444,0.11500574994520424,0.5769127838598799,0.5936765755367546,0.4058966378999241,0.060931399162362565,0.766174474544091,1
0.47205241264181175,0.22336874456379102,0.28798310208874006,0.15144481171424534,0.36577268298391274,0.8496812554279959,0.9567925942183226,0.26229917171441514,0.4508589043835218,0.025886284383394992,3
0.5805434453603574,0.2912030516673323,0.6062688025216494,0.07207209279229027,0.9280654581436089,0.733388468021758,0.5771289649092372,0.9046154492727826,-0.00036011709601012354,0.5286393843619256,3
0.33713884798715016,0.9293762672344456,0.8997646097687386,0.6256811716336259,0.7765883574828821,0.2305516018820717,0.8576120021476455,0.9146127407754026,0.5487224452535018,0.08336642690808493,2
0.41244741667029783,0.8361038091758416,0.4637502353952099,0.7967383201444566,-0.013079822292625755,0.23391834703682465,0.6096061619397265,0.2472056683572964,0.17670533457240536,0.2110017486141976,1
0.46276944415283,0.5230044024765229,0.2247498277298657,0.5523750561347724,0.5103097890117986,0.6647046710976988,0.9723299354414163,0.884393008540584,0.42773904759583925,0.21998005115510472,3
0.00818193620424483,1.0080285097951398,0.7136984618220237,0.28534103839543995,1.0184696686193242,0.3256268570325026,0.6821715239782525,0.610188006782229,0.6940255383129614,0.7319797001676335,1
0.33087885933289385,0.3886113678677483,0.27252413312728874,0.10019719678790356,0.6820183345522612,0.8872647105942613,0.5521824523828345,-0.08384717400108213,0.5913847576245884,0.37722337687637547,3
0.6493899254196758,0.6355024904764355,0.5170027976666449,0.17747479965549035,1.0057078244209574,0.8878883952443624,-0.012235018603455744,0.39043971482167833,0.7912643945312106,0.3504910097358578,2
0.12947095776011433,0.3605302840289312,0.03491647758141227,0.08888537197688985,0.4284812657436148,0.08504592207800969,0.13897914946452572,0.35251720809090076,0.9163240786751213,0.23660957044683234,2
0.43402287701614345,0.7060922690781446,0.6485889284736074,0.8687646240680909,0.9180287587354579,0.5833364909237868,0.32600573485270123,0.9545128319989538,1.1133100098891269,0.817172158019633,3
0.4183491148397648,0.07538686271028372,0.07358376558899823,0.0036120062022488297,0.08193523649038717,1.1092612087698586,0.5510413362847923,0.16642750114610713,0.8998655718580149,0.4946423418191158,1
0.4515553207680222,0.16499615975098228,0.31549887526489445,0.2014782022801786,0.3576799355726807,0.818802584006428,0.9884425323525525,0.2039493385613701,0.4657961837364568,0.009162356974191037,3
0.5153707646154487,0.7917598367453095,0.7480795798844262,0.8887530586241665,0.8307475727654542,0.40790736897350427,0.1791431546323601,0.9394683554669286,0.9863647472037983,0.8216958236437811,3
0.3263779431089575,0.42396482798936974,0.4672125518172167,0.26103339636665646,0.5930478007443252,0.695001350691427,0.8107026521871499,0.24589516884900642,0.407179006606892,0.4838391004728215,2
0.4332849297959813,0.5409825318331303,0.1741207367173742,0.536214278822348,0.48366294556756295,0.6319643809906624,0.9780404281118266,0.8657075334565449,0.4409541894117491,0.24591764531331217,3
0.5520833462066266,0.4310573093246137,0.21226972379038062,0.8220461574941276,0.245305470427322,0.34587180694687025,0.08602169560513517,0.40080680543313757,0.3301849761975909,0.591718379523241,3
0.16407182183436456,0.2807541143288816,0.6003494308963253,0.13432018475826518,0.8041645193741105,0.8847237055736225,0.8372577221956269,0.12043131479605015,0.4307001078884836,0.5632223809079233,3
0.18762044679205792,0.8263167883217546,0.8311726553602932,0.5603323830505583,0.5672758134162807,0.5501269721172505,0.2726074425660969,0.39653087974479284,0.4878383892132788,0.4572860190299451,1
1.081392150369381,-0.0077580364645551125,0.14020586861538287,0.6712917736410984,0.9052162090963669,0.21785830366158293,0.5627654035670044,0.928681640900707,0.6222229628169328,0.7808307204673469,1
0.30856877884513634,1.0254141282974492,0.6825312695182384,0.5287357769779165,0.8185178677081077,0.6797024357085144,0.5595010154062072,0.5433400558077176,0.09263541675772433,0.38440762323248934,3
0.6589910656575229,0.8648789802724615,0.5767448596925444,0.3968460545134048,1.0628297829536022,1.10876747909802,-0.02670512325699584,0.5743236311479006,0.6672270816557285,0.4767124727051207,2
0.6449870593182004,0.48090248692321624,0.5486550490788806,0.41074462965166064,0.15525865671621322,0.8967991765921046,1.152263364048903,0.28742340147858825,0.438263322193297,-0.11280331204154101,3
0.7203124937994919,0.14855100993090326,0.43145296221027196,0.44270661289168844,0.08833744095299488,0.2936886014741904,0.18541564701540456,0.5551288014780208,0.5213318515312633,0.8271566539948203,3
1.1052487422310642,0.2143649691754813,0.41980176998124985,0.35582747977169826,-0.4668613867963734,1.014891343562569,0.822295262283441,0.1225283420075367,-0.1689061992806541,0.4627624102865245,0
0.23837080872273816,0.9742475397852025,0.7208210067129797,0.5253000982196158,0.7909900541452581,0.5138371130814757,0.5411208741563936,0.5819491323898869,0.2293261830917777,0.2732172230450648,3
0.05317948138790985,0.777356999791776,0.852910465598412,0.21684776570917247,0.9896345216046887,0.5280257888876413,0.6823394626023741,0.4604591421883444,0.7231419864150014,0.5090066557919203,2
0.12349305825947905,0.07971456564141088,0.6271931700261557,0.27068732707875304,0.22252880729709776,0.534180088005578,0.7609902167137899,0.6446619989691511,0.012447098744938837,0.32221353863179375,3
0.09177752772071313,0.6585869271034274,0.9210711754364037,0.6163273574620816,0.7283865663769069,0.6364849535116704,0.418995872404992,0.45665612213682577,0.3523467699589782,0.49948784955932113,1
1.4041147582235294,0.670092395042086,1.4920409056712853,-0.23690796414660864,-0.44937224357827077,0.8895763404904496,0.5470101100368758,0.6335829247942868,1.6030600757659113,0.8095343525750514,1
0.346076128132863,1.1660042623587141,0.6596991969188759,0.6402902388625261,0.8871347251315208,0.1897031173460189,0.8621165683374499,0.8174023302098323,0.42267957386515476,0.13431952419152027,2
0.4785475115521025,0.5400958886673207,0.19466451496077786,0.5743607458209306,0.5093081177302793,0.652743396124256,0.9405735354860258,0.8636929332947308,0.4209759423493336,0.2016626119806786,3
0.4201352926203297,0.4196508946447974,0.1049133236790445,0.5376586665982827,0.3285758253740584,0.09745542572290607,0.07199860049928211,0.7850852368880101,0.08287521359649201,0.6166840262645087,2
0.052196312274977806,0.960333933980266,0.6854906783098054,0.3024295316751027,0.9392547639060468,0.38776488210925486,0.6004643945631485,0.5879280472549296,0.6775676834912437,0.720373639258306,1
0.05606561629254201,0.7738366805632682,0.8464841589251583,0.21871192666579342,0.987089413673043,0.531228559408961,0.6854357877055682,0.46166781896382164,0.716104852704724,0.5073849319704904,2
0.5282259665400201,0.1978683163748406,0.720533772859104,0.045904337621670205,0.8700116319995908,0.8013264567131997,0.5929321891820234,0.8309675292902262,0.043050672422365155,0.5988185180175959,3
0.4319079374250267,0.16111871050585685,0.4251522186295852,0.27870276488900747,0.4023573379078575,0.48007594518582236,0.31515271917056525,0.821862925399647,0.40403335041556815,0.6221531330848121,2
0.42337263738966147,0.6516113964586595,0.011480313252175217,0.7070490221292354,0.5381429590871866,0.5216067400334276,1.122682754162638,1.0280355012211628,0.5098463288383379,0.23845397516254485,3
1.0756309213780932,0.9661911879032454,0.9403091830041821,0.8102316886222779,-0.6190600001373725,-0.037831481893802366,0.18069002367643644,1.0230552182475936,0.7579432104346282,0.8477842911492458,3
0.8596290727652175,0.7016265162898971,0.5348501653792486,0.5225876116303001,0.31936431547605093,0.31099555985012783,0.22370424356634788,0.13387660109702604,0.3624713175468254,0.8440172817121384,1
0.20277773071928423,0.0672130505832293,0.4382836708631318,0.7558629790444749,0.07454753889486751,0.320375739670024,0.5150117707114654,0.8409185703923915,0.33926733065188275,0.4141104781548231,0
0.414556671226639,0.5605362476048237,0.40098217646707535,0.14533872132971176,0.04962866593349457,0.6579055212779947,0.02462346846013972,0.6391012760145419,0.9310442630684415,0.16319425924945774,3
0.4570211726656918,0.5404058002613323,0.17878864647032824,0.5757865842383365,0.5047112583913709,0.6631436603537915,0.9536827730188765,0.8708132543939637,0.4388298312518522,0.21739897781537923,3
0.07666725808948227,0.961514562801891,0.7047025348598348,0.27802252521882426,0.9381257340078492,0.3905774811131547,0.6035117757380832,0.5724923929958184,0.6888456982926208,0.7393328195057203,1
-0.0233279713359954,0.41962251172507326,-0.09012769598107177,-0.0468719889833579,0.620189057686003,-0.09358815867974621,0.04523939462053618,0.30635941401702105,0.9417350234254558,0.0991359879500838,2
0.0036354776863368743,0.5090695988393796,0.039543545952388626,0.23029597289561132,1.1058339657842224,0.0739028338716865,1.0575879813496862,-0.35326030020305166,1.050060053997976,0.8768004464526651,1
0.08683067848966512,0.22413390551792758,0.2566678451772816,0.1996078792820649,0.22438168611020295,0.8361076111065413,0.27793124980843237,0.3300262314556527,0.7394729020731432,0.4477278875378043,1
0.4225866448473609,-0.07331357050468795,0.33997240248715754,0.49888199826936924,0.05310207519237254,0.2075969212930499,0.3822338009726223,0.33794427825009293,0.5164776889593365,1.0396780470304843,3
0.42114464621327696,0.772547151731089,0.138797916533897,0.3397825711835136,0.01616768493655002,0.9509922015305984,0.44833854493994435,0.38437192839457746,0.1351548773997429,0.8937828425745444,1
0.25454100392817924,0.9069563380829556,0.6218570984093976,0.4503749071959956,0.8035595653214418,0.6662043434050238,0.5733373745312262,0.4836683216125114,0.22349710662751232,0.3179430445232892,3
0.8556974238879816,0.7194815486788234,0.45604387093502274,0.47074654012908534,0.2238186433884088,0.22570740061425176,0.270477213012633,0.08863840244523821,0.3757932328488195,0.7840256017563788,1
0.5166495351195453,0.07288927118039112,0.3311329594987846,-0.0024763202718912636,0.45255379894137526,1.039956472354391,0.9365118132858413,0.16440496948854272,0.4742595437705634,0.11067781397787645,3
0.4805108159606741,0.17948146838731627,0.21780222878318622,0.08524747056193706,0.3385349879655003,0.8714609073470168,0.9358055751169978,0.22260004725710975,0.45420027199136104,0.0739314263209695,3
0.08324282117391715,0.9639609424697952,-0.03885376989147793,0.1887766742397073,0.7537971928281374,0.7939967335328492,0.7029384054458896,0.20332797611005388,0.2862528129141862,0.7883211138340701,0
0.1719818557369469,0.380647290161238,0.3494108583488242,0.06243352074865142,0.7760833055465027,0.8918336326793636,0.6204640106011017,0.11912000390187395,0.5955509950463064,0.32002412941745395,3
0.22162234960042804,0.44630328220133486,0.5611239130452396,0.18827002733790218,0.6598002569314403,0.977615287969914,0.9077599098524979,0.12156875194104201,0.4627200541184097,0.654507381514238,3
-0.05877121821968331,0.4466864010072995,1.085010316743369,0.8117436429575581,0.9956319855634088,0.8353720832512818,0.17427525874501223,0.7299160141332863,0.2804377655283123,0.5451370686084184,1
0.028356688179516976,0.9508346239894682,0.6782302782630317,0.33309551903372403,0.9065525495839813,0.4155871577572749,0.6638682213342658,0.6074459111332204,0.7210351021528743,0.7568241626735022,1
0.4441689141084265,0.2520452923367368,0.2559871682739358,0.13917454743693805,0.31531169211797033,0.8840483295583074,0.955742130226783,0.29971196135316935,0.44641309554356573,-0.0012011978458349795,3
0.22191767773706778,1.065738063426791,0.6427707854103589,0.3692035724440016,0.7741640615179913,0.5047487206138594,0.8071831523717317,0.5950581506051402,0.8342353458790137,0.6876255169187815,1
1.1387960572046707,0.6946449959493486,0.5869059204254828,0.7932068155586026,0.8019918197081755,0.9860679757371362,0.9052099386307622,0.9193371164697549,0.03499908326897787,-0.0657125076598605,2
0.49076230708132684,0.5129318110072214,0.21074462058267546,0.5472258471284414,0.5775378566228835,0.6314833642297153,0.9913445730884674,0.7988948768500602,0.3778158706427318,0.17548354455482248,3
0.32753524384824956,0.41859014342681583,0.45957007846524944,0.26605376646737056,0.5856178549813597,0.6966249412744709,0.8195700117063316,0.23146940514485131,0.4037772041698281,0.48037844350873476,2
0.529752911057985,0.06963482689834005,0.8109332788314239,0.08158665747781041,0.7853082521542102,0.30512462681690444,0.7618210990041429,0.5234259386504903,-0.2518781002307052,0.2868840820866858,2
0.038451555915965455,0.9658243053361307,0.6754170258715009,0.39108969902285895,0.9630704265942066,0.3351329732057235,0.5584136352999917,0.5833016713388024,0.770244416547631,0.7343257405235415,1
0.33737758724429995,0.4073309796875717,0.4068800577801249,0.2447000673554082,0.5412551706339117,0.6957859694304013,0.7836511302426795,0.2756850357649731,0.391203786282167,0.5068859939950044,2
0.7654741679648219,0.5550044690294335,0.22132339032900913,0.6438101981344906,0.0998230113707,0.7755312150339805,0.10834575261367152,0.2159886832751395,0.08651493630061609,0.4725481946099498,0
1.1266756229950894,0.39119558829000256,0.634588111199528,1.4135773813077,1.4740359301674908,0.7775177735999548,0.7578853535767662,0.5637963601658789,1.1229167906694622,0.7933595068443691,3
0.543507538077333,0.8188142149636656,0.7768106245339221,0.44611468435383633,0.3693117607438371,0.21893132378860616,0.38586687342100856,1.3535852838226965,0.9371832204302891,1.0839927265802434,3
0.43637842678544697,0.24405866667799478,0.3224447045759997,0.09506303520618795,0.41088946146873184,0.7933036535818461,0.9383337397319861,0.2800256697201499,0.4147976279994353,0.004635248522768701,3
0.2195389247572881,0.9742463266218053,0.8218744257997184,0.6104890082727185,0.7705371447385343,0.15905244901306856,0.8727152267727669,0.8721296847304014,0.6432904570266852,0.1627800678861283,2
-0.02864630716977626,0.7947002487896186,0.5987719196211979,0.8315065761985255,0.9458623723610502,0.4792174528792669,0.6151243435903498,0.2244420982584925,0.043755770809551175,0.8337206993250106,1
0.09905875141947626,0.8578718225498043,0.6979299863842456,0.19452299133025425,0.833710354442016,0.3614082351301181,0.5436006220401949,0.7225818471570475,0.8092573055202772,0.5502503691641123,1
0.8812554028055958,0.13302832338091464,0.006069655743328305,0.7660978363183012,0.9708746134889349,0.09008046036643619,0.6830623226620088,0.76076745547965,0.6246485665878305,0.7603685291504837,1
0.014881434896529266,1.198360985469852,0.04258500101266093,0.07406755471092813,0.5508081625008692,0.9984817940218467,0.7130369507119079,-0.02064910709999318,0.15083444814118172,1.0044825332673755,0
1.272098829881837,0.6754574137637009,1.0068492729815768,0.27471983480971796,-0.006542065869806102,0.18466075384544006,0.9322159502001128,0.8286326692434391,0.6964617015343542,0.20171129686598394,2
0.924217210466517,0.7641935562904387,0.5297709960022873,0.4658775587093837,0.2554978873768245,0.28923484017083123,0.21125185425300902,0.10777381416468056,0.37715304641436337,0.8722219643110198,1
0.3738361549938094,0.5414879916480548,0.9255773340843448,0.277876239429649,0.7693896854479803,0.7781555764676538,0.48830803823453595,0.9832716870855888,0.4287263330474025,0.6159796050222565,1
0.2936385873158698,0.9645984119475827,0.6476553211508463,0.49502041346345416,0.7982669449703127,0.6427490847062414,0.6311312979556704,0.5157809560253132,0.1574370793034208,0.33835915341800843,3
0.11127378449660097,0.09679657724797863,0.4073191989456855,0.7274420569909859,0.10610752997423405,0.385803726722081,0.5350240219475528,0.8580643602524523,0.4269732918004875,0.4445481881493184,0
0.17728410271225878,0.3599725722438505,0.014068914790555706,0.046673396855464094,0.48280771491201746,0.05443477492866546,0.12905272838862766,0.39666890671132643,0.9037534218424409,0.23821752782028474,2
0.7579636393320557,0.27070833857228116,0.6105865498163736,0.27323324857838843,-0.20387446189282699,0.3225637348850763,0.9372550883177055,0.37191044880976737,1.2799744776111157,0.3577087058578772,3
0.24989773035808893,0.9547915978216123,0.6788914979062509,0.46359239330775215,0.7889314172675359,0.6293144546725068,0.5961864936636985,0.5083228392310777,0.1674608399988723,0.36885824668042017,3
0.9240314311179617,0.06830686844142536,0.4129268587011337,0.29737360867632795,0.3023137676049346,0.299814301526931,0.19515820215468732,0.47622528174880746,0.7299511767261021,0.8058416184637303,3
0.5631342788070445,0.06891865483067444,0.4288305039896606,0.4641701709563021,0.22912943676343384,1.033151217885852,1.2454810490429868,0.1129085689101092,0.45783654305669697,-0.017782529561134672,3
0.004429590590395133,-0.21341422449604208,0.6521475945458314,-0.089168758024417,0.8105482996738068,0.6180447466913822,1.2448511307204653,-0.007368640378204852,0.15790198898942398,0.08689037039130615,3
0.06979896837082254,0.38894071725876495,0.0762921511288624,0.049866182370320915,0.5352424052384864,0.14993659441607138,0.1719241873945591,0.356569977416013,0.8586734129760583,0.17773148457348178,2
0.40124468867422697,0.5716720507394735,0.38456758712578,0.15139357201635054,0.031410458441474394,0.6639738787479714,0.03830346309089326,0.6233256114359511,0.9082052231692425,0.18236274297110805,3
0.9579087121952709,0.556837254369799,0.5159549939061137,0.5511000149513252,0.21536155307211913,0.33523163253430094,0.42793163538675494,0.26250311356847367,0.33721033245110427,0.6558679181800171,1
0.13660233687132184,0.9435174094017799,0.9304076636530676,0.877404332458601,0.3330920523553501,0.22251896541205704,1.1135992931944023,0.6006376854316273,0.651261155230538,0.0027273503630904847,0
0.22093707302765894,0.47364244103650055,0.9939100001838946,0.2140700798611651,0.19006409863434814,0.056161787833223016,0.9507774037644403,0.2249985942071595,0.96235955649093,0.23796200259071346,3
0.9197384850697118,0.5542241011119212,0.0946083180400741,0.9057139009553605,-0.00656586964508582,0.05485965011422553,0.014564170786832437,0.928673039063134,0.8778451688048746,0.05504847880491198,3
0.9501943253161177,0.6825373059235071,0.5048913528250798,0.41483786770055464,0.24702549469517457,0.23108208734263577,0.201215020727168,0.06910404722369821,0.3511859502991146,0.8711033616247021,1
0.5555755106668212,0.3400474060591404,0.7159377682702251,0.8389273820842955,1.1310092567315562,0.8260733333624755,0.16723275459919207,0.29100570509709583,0.11958508676180887,0.720755376151825,1
0.5860206687176417,0.9530988038319118,0.28396039200944256,0.5611416696242144,0.9559122434854385,0.4923891085333627,0.9379197982281668,0.11139432458998973,0.9001534556646699,0.79549424987891,1
0.18132944115910427,1.053687191251987,0.9970014082868381,0.5345261979202452,0.9387255930385607,0.09204033866322964,0.3597028952802436,1.0552775203656397,1.2518450377710202,0.6417585676026633,3
0.6705602923161055,0.4869367096913173,0.9618564720413655,-0.0016382837848750165,0.7745663790425935,0.29643120992797384,0.21130163421598472,0.21377616235636826,0.7840313540983901,0.17028782652660324,0
0.21913332645403485,0.32306629620230076,0.24823792081238438,0.22595381701646705,0.7029817410521819,0.31099732844197203,-0.02829278492246798,0.6058554458898993,1.1869010180473385,0.27592025052370306,2
0.8007515751018656,0.4930017595219401,0.8055543281126997,0.48557438003795084,0.5754492227056852,0.14042032774882401,0.6845462636883473,0.36139167434161623,0.08270903697120742,0.10658578998724126,2
0.5341224681235898,0.8750245684536448,0.5933115354790743,0.6440048608341954,-0.2410551589257432,0.1065322302220443,0.35346569676278694,0.061711310098185174,-0.031033629279263147,0.1981488437929427,1
0.19465653678480388,0.15862720784436435,0.3222413936472871,0.7430300149508606,0.12320754208360367,0.39273219810218285,0.5267660466373206,0.9183810184889332,0.4387014427060866,0.5003090283570613,0
0.818046314885837,1.2577083329795482,0.6312505298395488,1.312525158542609,0.36376357462791137,0.1539537609357171,0.24859979831861614,0.8858560516126159,1.326931529202875,1.0335348171197416,3
0.6374655180724115,1.0079270133024651,0.32256336432132376,0.5529540147043667,0.983336169095764,0.5115977170654681,0.9717682405991966,0.09775033775311276,0.8564814808167053,0.8428918747618785,1
0.4394909797561019,0.733126740410828,0.8495462297024662,0.9542464338967557,0.7698648038876278,0.27660426785344017,0.062992702756072,0.9387315004458332,0.9253830781148586,0.7189273282450046,3
0.08293366152090742,0.7752125014055424,0.29742273260229746,-0.1513691718847452,1.0185053541599567,1.334810417128938,0.7551080981007372,-0.3082905316976368,0.35681010688445636,0.453740176890968,3
0.20384961134640964,0.9324044810972737,0.5892486441243188,0.45562940229701315,0.806402427080235,0.5573562756895759,0.6237519520935233,0.4939970843584138,0.10318522565540739,0.41031376959849697,3
0.5119279632081758,0.7670431524312428,0.7896148681890535,0.875820503700736,0.7942639195399122,0.4217367710794578,0.22091038348712402,0.9178165752988424,0.9559332050619932,0.8686582619714243,3
1.410382412737133,-0.20539625957309138,1.4732493751402904,-0.24046095548775426,0.6148748674975132,1.0465158006715876,0.9791137554484906,-0.26396883652006553,0.4331353483714501,-0.05997166283206434,3
0.14470328626458218,0.11452442207936349,0.5154256843005859,0.9370020024988902,0.9479179066831802,0.3990640826759847,0.6032782297590137,0.08327025128741512,0.32639468733382465,0.2902860745961434,3
0.044334275086901825,0.910015935133221,0.6894358747420565,0.25101790214473596,0.9334021866105459,0.3428587777375672,0.6094459935554697,0.6011344733706813,0.6973095952957118,0.6905856954179096,1
0.022949683945022087,0.6602987215396815,0.8758050786459853,0.6559699089518657,0.5808346015094927,0.586841851163565,0.36032717789817476,0.4173908287084041,0.39114883104200937,0.4662830889602282,1
-0.054318537610120066,0.5507753711033033,0.632930611490695,0.42938587948717544,1.2039042621999134,0.9500384649079949,0.23615488327963746,0.5376821645163328,0.8059664733202689,0.13720660076611946,1
0.9855338610037969,0.6616355077101528,-0.13755870566764636,0.9393818325043242,0.061566296791462166,0.22755790277636354,-0.17223317428476673,0.9928173140292846,0.8099769686333772,0.12231179106080843,3
0.834303807474238,0.5693566343545425,0.24338903152401067,1.1655734651241152,0.41657310055393515,0.4707542785388366,0.7091746158746486,0.7872675793285641,0.18684025507571955,0.06948686949837118,2
-0.0179171367787741,0.2566715639227663,0.567219300707153,0.37674536557918736,0.47215689023460317,1.1820075656548938,0.773653239923217,-0.11871020685543637,0.5723378631881315,0.846332695785334,3
0.6828755372061094,0.4394598163051352,0.5872702244776644,0.7524300999102255,0.5540905808088776,0.908518943668115,0.6073209817322631,0.2857070407674461,0.18564488932864187,0.45412539928105433,2
0.005570356060767417,0.33126613545950484,0.39717462501355444,0.021923695421060152,0.7804270065316372,0.6626193882841327,1.1082488491942928,-0.13248667293863717,-0.05423379431342845,0.3805635845217136,3
0.46140289881171415,0.5030178086562429,0.2618517723964097,0.9506677812332321,0.4492025009332506,0.7960459159194961,-0.10077793593711862,0.3829581656092832,0.007702567036668127,0.4669072553115572,0
0.8124250674236475,0.4817369575828108,-0.16851553832406824,1.0784328552332552,0.24855314876684256,0.11689453916887503,0.08433978554414409,0.6929368519638445,0.9026448617924137,0.008385857293782967,3
0.4927303541425825,0.8345930124198444,1.1750094031906118,-0.34661478546887026,-0.18453493440417623,0.5673896462977873,-0.11076734438934044,0.7239636700505898,0.8896823252921143,0.95308039434296,1
0.6102856271179397,0.9764262039754615,0.32234883554316457,0.564131568777595,0.9774522039714261,0.5122994639813169,0.9630615257307488,0.12920398571401523,0.873209713279389,0.829517668072921,1
0.91840913127333,0.5127142200009697,-0.003611093587048215,0.9567062532765838,0.0721441298448443,0.11486234906194173,-0.015813146394103875,0.9040291739418839,0.7867021522894397,0.021901267516160512,3
0.06393457268314215,0.3763257770830403,-0.011464961316341466,-0.03128429285942021,0.46213667661576485,-0.03378511587126326,0.12230031736876337,0.4050082994568263,0.8519168587302773,0.1869234213379017,2
0.6246675564433009,-0.021117418504403296,0.2841642324757967,0.18374444327205783,0.526802679302563,0.27959887116145654,0.3756260216484797,0.9974385467811026,0.11949614742739287,0.3766955210459282,2
0.32606322913748415,0.09359824351338661,0.609571148634723,0.13476573896245186,0.1404379052695482,0.644654854491219,0.28471579397029667,0.2583663070165419,0.9107016903650614,0.21084734159408985,3
1.0374367144194154,0.06996062121283096,0.34195010269963233,0.4322181460578375,0.40907071915902066,0.08248412346960746,0.3204092758569173,0.7515828095412734,0.5010789504732851,0.9553303156909257,3
0.3557903052364023,0.2385514787576108,0.2463017170520002,0.11339198529396347,0.36675272419473876,0.8839055315143538,0.988491492980651,0.3004861851521244,0.4831066586523953,0.10860716880141881,3
0.8021709701449936,0.085638136585274,0.49939170003424366,0.3877137844465645,0.35428812276874433,0.2800149897860329,0.14357509115543934,0.17611660934684553,0.0559389540591098,0.24030172691026125,3
0.9106245580649663,0.1678337649198887,0.5371339737045888,0.2830007735488242,0.5543213217025128,0.1753087824576668,0.184691710140232,0.22168006504187854,0.019741060739516876,0.3362226455446418,3
0.07577681810214085,0.6237244652309728,0.9482393017805821,0.6375097082009428,0.7472112801410292,0.6806852541064737,0.4747277347236253,0.4650181676915225,0.3912351100271314,0.4998252979624276,1
0.6267028114842095,0.6089896844956434,0.18514029774800445,0.8272425525235096,0.20710020595676792,0.9244123831603893,0.06199126256770326,0.3948387725520815,0.034356408400545914,0.24593956568087263,0
0.14129253417525203,0.9625872098228974,0.9204498087130188,0.7494563884679261,0.7083837063022944,0.09015887976030032,0.6829614806527178,1.0685072479364814,0.5411320096333496,0.13696799528108944,2
0.23075704132647473,0.05764114894532579,0.5802964856425521,-0.1433816363859365,0.6900303680483192,0.680459808141481,0.33339253101230804,0.5636050414562368,0.09894371642434469,0.5773437280671754,3
0.9087465733028757,0.577687085719339,0.14575181500829276,0.9614476894860364,0.17710570231078832,0.2360319638618894,0.15899170801204146,0.7402801933210504,0.8325177613072612,-0.06911990769828004,3
0.53649582026735,0.7546850036784303,0.26695433352767534,1.781475431039837,1.1837408858705198,0.842554840129674,0.042381882644958374,1.4932926976377288,0.2514332463801332,0.2522735006030997,3
0.2726327751828426,0.9709185499178756,0.6312869918540557,0.6836989682077879,0.3209522854035589,0.2134533621852729,0.8770898504539578,0.17671968296535223,0.5018723784886922,0.6521410148468334,1
0.15207838484959368,0.3486365274699192,0.7030606896697454,0.4169143046277243,0.6135399280929585,0.8754993426628257,0.9876891337393425,-0.14064707212947158,0.662192044122877,0.8824267917602517,3
0.8972717633825652,0.7332997485695801,0.510773345033312,0.46481847012196964,0.2839306396805983,0.2507111817753941,0.2317482807031629,0.12557816491003151,0.37151196003013426,0.8699149261880446,1
-0.22405634584569306,0.783831721150928,1.1398042463385478,0.3179067196757953,0.5411031186997172,0.030564440756538414,0.5934025332125858,0.857329421302387,1.0202679111588469,-0.5097457684156107,0
0.0980808304052887,0.16733175576332618,0.2398085334318778,0.27596607848022714,0.4329810132892072,0.9373844448162149,0.22010376354426558,0.2103846074736052,0.7162029335748382,0.6234983750785166,1
0.9519013122569017,0.6922045350587681,0.5828988134355495,0.5386470524888011,0.2728355803760508,0.3220161937234562,0.16997149172488699,0.14775516157399618,0.40349104276474523,0.8680322923957595,1
0.31179512858466696,0.2705978994112955,0.5245154788883545,0.31828440747470904,0.7390718000383268,0.9311460078945784,0.7307974484668253,0.11253401827728374,0.4296296935493071,0.6003397149824041,3
0.6234141057648755,0.6874450095238039,1.4916716318671366,-0.08903363709999745,-0.28802855346132616,0.1492076526733762,1.3395324092245189,0.7214438653565737,0.8334478949544781,-0.26788685346663055,3
0.18755011597569632,0.34363009255620536,0.14876780605641662,0.430310754465804,0.44014254001267894,1.0107453833487257,0.22297537991114252,0.49657292235182704,0.5590142793674973,0.1457822898624346,0
0.48902631940951846,0.6258836647386358,0.5151997841335952,0.129729473434943,0.6546005838600809,0.7590465648915952,0.11114885080877766,0.4401764335500092,0.44394506629685054,0.42784820468403456,2
0.9740834857595575,0.011656590746152301,0.02622737049699116,0.7626148040591793,1.0001761522028532,0.24211236998854674,0.7117613643973179,0.8036960488104605,0.5855932443303569,0.6590938565201654,1
0.4986007367968965,0.5899028129756053,0.3145977547111714,0.8187875098494606,0.20728065007718424,1.0040208651202343,0.015019951733299508,0.1947389330456342,0.13175580704136913,0.38599268867478026,0
0.39515775031963785,0.8501822401548267,0.4515329309910047,0.816302318583219,0.01894608307118088,0.28495575777766774,0.5984821477335737,0.265136525689058,0.1414795841104223,0.18954458023279352,1
0.8017121301627675,0.8208613715668516,0.6410716362289259,0.22202112390480822,0.9068800918159257,0.9486520502426807,0.149584002982365,0.444288150378456,0.7372060572158532,0.5009742019211297,2
0.7169690961081319,0.8246710261498085,0.6015002425614585,0.30811097968509016,0.9460803839046199,1.0076029938578215,0.09613799951300793,0.47588252887685417,0.7013011297400426,0.48612754981400286,2
0.6418419957609012,1.2697596557269404,0.8147094974759964,0.9623911559581072,0.6541953796486883,0.8210065160372544,1.168879637128304,0.8934919271670771,0.36014607388938435,0.7437300045477463,1
0.41409543977098917,0.2858577694051676,0.25236599960283285,0.027513568739794547,0.47943262135180176,0.8843774606241726,0.9126286181720283,0.016680313547529496,0.2475460839022814,0.25579945614825983,3
0.7667204171005483,0.6680192207344268,0.8055699622551268,0.11735870868168075,0.1837850364379996,0.10366369170499501,0.3835083203317862,0.8487878695427624,0.8799927261927063,0.8865397112602269,1
0.8662781456953274,0.26124367958178285,1.313327072017923,0.26213095182526036,-0.14928633409786618,-0.32024450446976727,0.1898171253299754,-0.1331191595274536,0.08325671526969236,0.65101472689462,1
0.7214244603426143,0.4317652266167486,0.6232706772639172,0.7429588695313348,0.5432005181471262,0.9445839688903841,0.6277956019173558,0.30285904478889464,0.17721803051687166,0.4761261228951835,2
0.8412817748124127,0.3629760148871977,0.5516584273444515,0.7597245889620456,-0.14880466878064952,0.2366468789604299,0.265043180969391,0.5052594298566024,0.5412651744403205,0.49504102880396683,3
0.8058610371481018,0.6677316427536063,0.10219345771995371,0.6829859231082099,0.9039417101275875,0.840426897915111,0.558749217388111,1.0202872799127647,0.33588466974125875,0.05198518579543493,2
0.7296267370042141,0.4344654379740359,0.6397467803100556,0.7434829975668942,0.5196378418773093,0.9107476928461609,0.610109055414357,0.2699629105832986,0.16827502184676968,0.4411210872389163,2
0.2569449398729587,0.3587609751391419,0.2919480718258795,0.019722611331972884,0.7432783416300874,0.8640159994967437,0.6764968594267469,0.05477558646982758,0.6683208138389025,0.3503394920088533,3
0.5991486992159825,0.9579940104279437,0.3066935976491315,0.5705493049437617,0.9812356048697499,0.5215185618415914,0.9632085039066323,0.14989006227831236,0.8606349104595613,0.8463799772601378,1
-0.2990553414378426,-0.4364392827025082,0.6738007181383259,1.1513036827102832,0.6988447996113589,-0.18809788284529416,0.9728626930681561,0.5034429834884344,0.782033198835423,0.5672718834192803,3
0.3040708722433917,0.41611613352592114,0.47489155930817356,0.2853510798507857,0.5699851876348603,0.6948701433681025,0.831373134932539,0.23675023476723409,0.4100811382807881,0.47926831084699556,2
0.5546520358170542,0.6320770048011044,0.8203706165470382,0.013657278732532127,0.21822778271746163,0.23876974270198884,0.1503065603042822,0.7006102332219818,1.0882415703277057,0.6883569319350321,1
0.2535910764503401,0.9340649193460894,0.6369646759362605,0.4497405423475498,0.7468785994851126,0.6085456348661202,0.6309372542397477,0.5445989682875017,0.14065794405450724,0.3790595027061504,3
0.7612616031787389,0.8353016058656458,0.6424641367233084,0.2826233987845603,0.9134335962119164,0.9869281820798413,0.13407190596264765,0.4375127903151992,0.696932816207027,0.44238147310323434,2
0.9555141785694523,0.4893355874216668,0.006377215906188982,0.9910313885184617,0.04935440387998785,0.11057405095701203,0.033266679609712524,0.8572701274811135,0.7632032402575318,0.027127912286394905,3
0.479245393655459,0.8073535860214421,0.1336995494158244,0.38883182892172596,0.07591797570306937,0.902027988253395,0.5027419512872787,0.4492359945103029,0.1943603357694005,0.9576395278992531,1
0.32773733780881753,0.4286271921582845,1.2409692044123641,-0.006463121171131847,-0.08030640203977607,0.03779613384859151,0.9542282334984492,0.34971165687141614,0.7351656322883953,0.3366565538270414,3
0.9247374071282778,0.791347874642043,0.060444821344147553,0.2191558488758159,-0.044416503348362515,0.6277983400192941,0.41520406118642794,0.924897388957324,0.36143616470706413,0.31418978780303547,0
0.9284523277340768,0.46314655215288564,0.028815394927635542,0.9805725963845978,0.03507255483721044,0.14762143479701006,0.02050931932463086,0.9026071357745621,0.7792227510404218,0.050189555660236196,3
0.11255330998647187,0.11387818228147673,0.4077257804691858,0.6977158447163331,0.044720039075896424,0.4078668555027019,0.47679145647174637,0.8969127058042047,0.4248379503185246,0.4801299341091835,0
0.30129522081898813,0.4730043313947889,-0.13222571959431018,0.4173319485419394,0.04518327130036637,0.10155476033603206,0.13789425149068235,0.061820639239781205,1.3120072281759647,0.5969754800790968,2
0.5694444583166567,0.5235298731251382,0.3043495400390758,-0.09816687688659037,0.6199618719261693,0.9830758519191102,1.3567291511562793,-0.21829681042829646,-0.1255483409297583,0.9388856965851824,3
0.5288607521455078,1.1464100397941785,0.4374728207974849,0.6669625586369379,0.638152674234252,0.273196388174515,0.7214257645074601,-0.11927536934067004,0.4641245222974637,0.7510775862306032,1
0.043002782665673506,0.33546501058358513,-0.06113085206770259,0.0037213451412482917,0.5186991023421176,0.0033904852133331137,0.2511723468219276,0.4525226434031075,0.7710206365306043,0.36745425527815856,2
0.21361750593676226,0.46187236745755417,0.9922927430797833,0.20967709145251534,0.2087756062188253,0.03867005226172147,0.9684810901524095,0.2312030530005721,0.9708191939724358,0.2527139401641322,3
0.5694166970434505,0.24386466411725743,0.358672677698776,0.29391094516929483,0.3582913394228252,0.7284393939879958,0.9836418563597938,0.3630877717872236,0.43890155239722645,0.02278307429789879,3
0.05865248040229741,0.7187619255459742,0.967689177752254,0.7944394717840142,0.6631169437361509,0.7618417717672571,0.4616497410798209,0.6386165424555386,0.4728931123943183,0.405733300382116,1
0.5711543618059852,0.6401812013762499,0.4577565279613963,0.3990180829744494,1.1818974119068135,1.1973492027070713,0.26027104505375487,0.5439271148525919,0.46657663579005204,0.4944794903816264,2
0.34371195802548055,0.9440709383566356,0.8772276709489043,0.5778622040009025,0.7369425989749158,0.2907103421014488,0.8615964084434011,0.9315156001135886,0.5062352481873084,0.055016961357442135,2
0.6372798021071255,0.4319010915138974,0.71130873868191,0.7356996344838135,0.35165375090995776,0.8104909354193061,0.8175832911271937,0.17844450259824174,0.13171625571258894,0.5970909928642247,2
0.4342925237040431,0.1506059013079927,0.40892380721862004,0.27277223352951363,0.4463289607044123,0.47762829101674525,0.394945459249301,0.7705243097122787,0.3886418083439097,0.5121104570149683,2
0.41956396432441284,0.5377480802089136,0.399305543785687,0.1688518271138341,0.07309708755958921,0.6394068660684974,0.007150388047691605,0.6023436852737741,0.9440720190760346,0.15441613270201593,3
0.853154158899437,0.3163508652733415,0.30995976274242054,0.18827151480216348,0.22078554066529055,0.5632798369755375,0.18807443673880947,0.8929887770847313,0.7975195215229054,0.732853711190021,3
1.034237730523188,0.997167753295308,0.4314423938557499,0.29813733619891736,0.39269633162419376,0.256182399080799,0.24388702201543547,0.9575194648205487,0.5744302885834653,0.6436032972892166,3
1.4613691340308819,0.9808765004247515,0.21519295212249534,0.7647635749814679,0.6440516452317635,0.9684147140135151,-0.4201134166015579,0.9558144987015507,0.6586418556962079,-0.05328037508388267,3
0.17054591050991533,0.1960925758645819,0.4932742964367278,0.9032022010016052,0.6956353376713248,0.8856260650388306,-0.23237275532245094,0.38714243402135384,0.5225401238609503,-0.2515737918739839,0
0.3460936405707849,0.9447681353305412,0.30836339348158454,0.6275225290293245,-0.13024381197360674,0.45357521370558346,0.5292247456687805,0.13444461379406514,0.14367643055310933,0.2848288388166697,1
0.7214225059889621,0.6562905864877357,0.4976809699501989,0.6643909115008378,0.12133912541222382,1.1676422810411364,-0.0703347125493726,0.3829760997096726,-0.24100073654405746,0.37196791862751954,0
0.6442132137115812,0.9974634699230401,0.6744335567097886,0.2193616769413564,0.560772740689441,0.8029804169781393,0.43024693330028224,0.8112480172838629,0.6820497869425632,0.908782405681325,3
1.1042421996410368,0.6258567831765998,0.39483480396737614,0.5246593628334566,0.06667384512048888,0.056083247104452144,0.4126062593186691,0.19785193145882948,0.5331834057365807,1.022445419221314,1
0.45450490962177914,0.2170052754027351,0.2870660640935407,0.1511108596230272,0.3464434401552294,0.86649632894634,0.9374335819694858,0.24695062300521656,0.4565629792242391,0.03444990158545286,3
0.3727472374088609,0.15093187962361745,0.27888791489871656,0.24916002218345934,0.3280909740661103,0.8107141247703537,0.9085775549778546,0.15537832775137422,0.5356893131862797,-0.021587478645168294,3
0.8197235061039041,0.7734367284200226,0.6733450462717951,0.252575261306369,0.9550386913320484,0.9356396403199825,0.10895442683208428,0.4863558797481062,0.6483225182516399,0.4372703932921328,2
0.2589482957349092,0.16643011030632815,0.5756074947035711,0.8717189613768898,0.9930432610184312,0.45874178313619773,0.5993179000390642,0.08549996669352697,0.3562917539028806,0.20474949427050693,3
0.4463911226650972,0.5241927142370901,0.41956948814962053,0.11930845808230664,0.07566101271017642,0.6867766435891887,0.03127380210592128,0.5934070766144686,0.9338722300120291,0.1284746299999706,3
0.26130664724358427,0.7038844625624606,0.5902342385686727,0.9794277753817384,0.522149757236671,0.4802349913902599,0.8665171075789974,0.12132775041927596,0.174949978839929,0.5932254623903128,1
0.5825015683946452,-0.013508753957549802,0.04139472290387289,0.3571720466246783,0.20211445001798392,0.3537297553385254,0.08263801224753435,0.3727304152149564,0.10425188040968396,0.5744941692047295,2
0.3282386338737278,0.40243582358171104,0.4617022838101978,0.2752767392394233,0.5682900291714622,0.693327317595679,0.8315185053029875,0.2383788599089717,0.4143002414755688,0.4806989849216911,2
0.6131880827042261,0.09808823029312136,0.5601055177414573,0.30881741683625547,0.5339197224377186,0.388440070729941,0.41282624499209786,0.739594530679213,0.1722082799877526,0.5120068903487659,2
-0.009640811329528043,0.9191466975459588,0.6771733260834506,0.34072526125419633,0.9031278655959407,0.47847419338801805,0.6095733535727246,0.6850325778380828,0.7668472596863365,0.7245048800768056,1
0.663001256380553,0.8859346551271199,0.7830102399947897,0.0851663781280092,0.5231915603680533,1.4254600916738702,0.2373474696707517,0.8645415888269403,0.5860824520673695,0.7015580715183019,2
0.15306380347381687,0.6042207287352238,0.9075420083371343,0.7026385813594777,0.6652728275124216,0.6976059197356398,0.4627802424896878,0.5136732247389282,0.4090117415487793,0.5454584644468965,1
0.4436836241359805,0.1496115595985361,0.4809101139890881,0.29541237852461644,0.3379950020821765,0.5384516411262295,0.4543050231674981,0.8078293625905286,0.21350422088667204,0.685910043206398,2
0.9709687772149254,0.4529756211555145,0.03736748604127141,1.0132001066796492,0.12343655942826205,0.11074378478167912,-0.023657771127869376,0.8181926018938309,0.8234102088232939,-0.005133105683967583,3
0.3662622124203327,0.870319791556339,0.5144121362380565,0.8263933481642114,-0.029381393789750673,0.261034901052576,0.6012848626009208,0.2209356544086769,0.1568015598357117,0.17303935747599813,1
0.5078707248485304,0.13719898647606546,0.4047358585115382,0.3381686292050338,0.5184561238293426,0.5770833323814278,0.29663734674695225,0.7854123944171563,0.28612961994619324,0.6195456100402423,2
0.3897955924736039,0.33290720755716957,0.9891284351381638,0.33439681131922716,0.3471910612650143,0.3454876482717223,0.6261469782099733,1.1165631706914512,1.0968475071619952,1.1446067887808087,1
0.42665909110561284,0.5539954563194704,0.22783285597430242,0.5344444007268552,0.4803418780846278,0.6589711847153266,0.9132510099492837,0.8668773922127282,0.39386831051366256,0.21371422586901873,3
0.23081413069238382,0.31784419153818866,0.9409572016834861,0.7433014218235348,1.1155196199632913,0.01991607244158708,1.003485902009295,0.6163612313308844,0.5791791574900971,1.1049689111701482,1
0.3423014994535096,1.0093648847223937,0.5330646058161922,0.7091152426299091,0.3303164925673219,0.42155048574925136,0.7948599956535213,-0.07597106942723236,0.2964473856657854,0.5398328296008034,1
0.8455318256398697,0.5871351245146081,0.17748150428737794,0.10994209839670503,-0.004565967701230696,0.5183703738109823,0.29865265601696533,0.7339715604422294,0.3836605057976145,0.3411741563033786,0
0.4850878445092035,0.6236007551739396,0.2114358934212754,0.8606215624250424,0.04672569400376478,0.7418606585174754,-0.0505144298277527,0.22897608373321648,0.07718899487982453,0.24488902669794005,0
0.6499306913937032,0.3372052012224088,0.48674536126715795,0.9195877163560279,-0.8439355851005947,-0.4198317607084452,0.6631812848928972,0.689997992469508,0.20492158148926853,0.49070324365030593,3
1.4962412430249021,0.5547761095409143,-0.12994285524851856,0.36148532430752217,-0.7829952763586898,-0.5531805558858149,-0.0729656922606679,0.09137533189097719,0.6205440212489066,0.5859163361958838,3
0.1846489280891772,0.8835132396086645,0.6836969645779921,0.6075752582172349,0.6725322764611649,0.7438834765425064,0.6502699646568816,0.4258832958755273,0.14745512551853238,0.31067024860500403,3
0.029274746729967133,1.0876959380561046,0.6118379950748717,0.47688215820427765,0.875376232347888,0.5898985873547804,0.6639092318450093,0.35842567014334714,0.8326045136385729,0.8790686152213577,1
0.6850764428322297,0.7246257771542424,0.9284852670809646,0.041127437164152895,0.05081817908201221,-0.03830556226516843,0.32747444267982107,0.9173499684861506,0.9444921575128633,0.8052028054445985,1
0.06392574385907027,0.7564014311557737,0.6247458459372055,0.6622285833529364,0.4714727932400175,0.8926280725405067,0.6092102501798536,0.6557128577908761,0.10467530538107145,0.4969244202015403,1
0.528304764576716,-0.11603604855784871,0.30690970837218634,0.13906097750467553,0.7259958569330338,0.6115777189903817,1.1868982926520903,0.27541824532332976,0.5319661027139748,-0.08855973540840316,3
0.9377420781638064,0.4702153999149882,0.008324341113878454,0.9998748826525826,0.053741528985960435,0.14387353998557012,0.03579115481475162,0.8863242085953988,0.793079687198234,0.05705315914530749,3
0.8271371706639786,0.5002664321129706,0.7010538616888761,0.4315490817010291,0.8200346816076718,-0.0884080970472875,0.7543686018558896,0.4332229321879732,0.01668249369873375,0.11538146916809446,2
0.29680514842374683,1.1600078747924598,1.0485472471951434,0.827951092874801,0.4000575080571407,0.3535885683985037,0.7758028373175124,0.5154319540973431,0.5910845275336568,-0.191930841702547,0
0.5413075001640056,0.14926381985522988,0.6189946673979054,0.47725328568907577,-0.1473611472568438,0.482699434126342,-0.0034232367998566215,0.38301214752642226,0.43377738266242283,0.7282416601329171,3
0.08923984330922184,0.9064494595947039,0.6002594936444128,0.22365395791904644,0.9024860163319256,0.4589722956416851,0.6887208818024344,0.45604200123974226,0.6975420526492045,0.7766067126765973,1
0.7302771714366029,0.988245439111433,0.8722583962666235,0.9829978511928364,0.4429595887809795,0.5176463767868517,-0.12315241753222117,0.7939647099018815,0.9865286883664471,0.949467900850202,3
0.21046110456060577,1.0192378357557788,0.9917719754742955,0.657561425094041,0.7329999309435231,0.15244778513821766,0.7917254120608817,1.0008865759545484,0.6413910285707137,0.15891984263386139,2
0.4032706147849127,0.49185531363580665,0.40713301178613664,0.5292239713308045,0.7095819825252323,0.6661106929750912,0.497658636451007,0.7854617133900528,0.1084085752523,0.25678609313088535,2
0.22711256550119222,0.4882046201971244,0.955464682284108,0.21866983905634574,0.18791442272381195,0.04208324381163248,0.9358858471516072,0.26011622831672854,0.9703070644658597,0.26692929329220244,3
0.6593367793008522,0.3952134485529747,0.5845080550432695,0.7084077012262886,0.5255456094646979,0.9700500349644988,0.6408093804227634,0.3081342664816595,0.14637261028788873,0.46869103868817713,2
0.0914951518948606,0.19682883194395712,0.04337559987173299,0.2657603404148308,0.25575659236958137,1.025256544549641,0.27084378090608646,0.3123925105079257,0.6872749277721258,0.4041774193636493,1
0.15025999548610347,0.8227533075042215,1.0711164232265267,0.333123750319597,0.4991511585489055,0.08568150622714249,0.8436750531923219,0.39753281449165834,0.5995433583715564,0.16117670220284774,3
0.3882944987560413,0.5572942316052876,0.41707703050759,0.13782018884686967,0.04575729907906344,0.6866358134109232,0.06049994940038781,0.6462202869872783,0.9009301800395358,0.201158742886183,3
0.08507660215331402,1.0896517867365718,0.7040888467310461,0.26218558790497487,0.8895714815951072,0.2666082905848044,0.4293560470001336,0.5795690856083131,0.7141391778926931,0.7042798328978553,1
0.23464744030392135,0.8407754142958463,0.5764785507840959,0.7775328571639424,0.8926743564605403,0.3012606323828184,-0.12192133876220884,0.5299892973352052,0.5234971918815826,0.031500217980060974,2
0.27052588133666766,0.9577447675620125,0.6723733421875857,0.4755329322803876,0.7835472754104948,0.6376003757968127,0.6081285754549491,0.5082428011857698,0.17153393352426255,0.34704288710766035,3
0.76200119915338,0.5112430258954559,0.45761867924304944,0.5264556667272043,-0.13430355221845752,0.44141888140510616,0.29653084027186016,0.5071189934351802,0.6234288747765719,0.4994608020176934,3
0.4401181110925604,0.20742509434649578,0.2959659921387491,0.13398737629329707,0.36855252718668335,0.845113959872336,0.9586300735550412,0.24586934339298022,0.43481750948864095,0.018734325609223317,3
0.4656856248947662,0.4640712997866201,0.2037161089003368,0.6982044223927456,0.5489050286270585,0.604586728660399,0.9939449671032884,0.8816925508496951,0.3379713882948124,0.16533188659671078,3
0.43469683856960695,0.2376143634909727,0.29246880590009955,0.18098951959331191,0.36592887077291636,0.9091765919505351,0.9260373811347604,0.2637431103255512,0.4500364821055738,0.0070690981289115926,3
0.45959131925872154,0.21712761953753498,0.2837394516876108,0.15397505953448146,0.35178013752088044,0.8618868275562938,0.9403363007700676,0.2539830712488926,0.4545299162832397,0.03382814693710617,3
0.09365747293004942,0.09282166922551735,0.4221992654204754,0.7303054798552191,0.12927187635428267,0.3685863983765423,0.5681851338114626,0.905878925046691,0.4289452084495992,0.5015579650397303,0
0.09337291219637295,1.1401305854108403,0.03472971307040165,0.1231621765784614,0.7954411770583283,0.7415424631802102,0.49990238951178023,0.3509514296449723,0.29475967880813236,0.9500304125112832,0
0.7611975516815355,0.5206291097009241,0.2916367716673368,0.36432303577722513,0.30630862695043604,0.952721975292192,0.637948340061232,0.2020567268731583,0.654131596820332,0.24946493343309592,3
0.1356125986076236,0.9628582017469403,0.5504033651765688,1.1295404752256781,1.1951137597992412,0.7034744822604713,0.10807323024828175,0.6531998834209427,0.6668449771941268,0.44733116103095977,3
0.667268475025041,0.36766931479513265,0.6006562502868985,0.6539296121161138,0.49711941333819176,0.9845088509034507,0.5713020306623605,0.23902098442635908,0.17870851437603838,0.39737544962228755,2
0.6413374109130023,0.3470157747905556,0.5683486026173882,0.4508870813947896,0.3784442642050278,0.6087267329907147,0.22981499439786635,0.7195622328724854,0.11612924126893359,0.7348586447838371,2
0.9302155142074391,0.22403853437687143,0.5446813937267385,0.36844546408589307,0.0992443744469895,0.5418961152626685,0.39193722841832235,1.3476094385218342,1.6023567328922534,0.3273643421676967,1
1.071151171097195,0.5319305064197108,0.13886677842960304,1.0209820327792376,0.5421779166865348,0.7569252979132868,0.4798316345538314,0.907014823403161,0.08660821947079693,-0.036499384799570156,2
0.9909112279124052,0.5046771712614395,1.0818244707525284,0.19743111215431175,0.02061276789225569,0.20957558119980763,0.2728881521907916,1.1251593148680539,0.9507904272775819,1.0923297706196027,1
0.6086971155784869,0.624437703120197,0.9119983798279012,-0.028888706534036357,0.24761890542067583,-0.010467897524313069,0.4594801007755403,0.8044896149562892,0.9442194821248222,0.8372723626385856,1
0.5629929958083563,0.5455286847548213,0.5027056178137642,-0.286717334393536,1.3178028952874095,0.9508120258140773,0.4640902499447946,0.7951537415847121,-0.23218751753178296,0.3741329711080665,3
0.9482076343632918,0.06942163095288884,-0.01577662120363645,0.681361084760203,0.978515275686288,0.1294360687153122,0.6274789137319918,0.6816907664689498,0.7001183835536425,0.7222270727977272,1
0.2940432568771785,-0.017953163681054526,0.8765336370696359,0.33543478066158006,-0.1041000182104701,0.9459616275365236,0.10235192452718081,0.3316853669356153,0.7072171760571946,0.41021224890046964,3
0.6791979990007155,0.5804341837140068,0.5188818544457945,-0.31707368655717605,-0.07926332476977982,0.24899732556186066,1.01340502977773,0.3691672996393139,1.284811406919657,0.5813439931249165,3
0.6962691908617298,0.4237455370622355,0.5464892006168497,0.7710142666430309,0.542373770425615,0.9707740376667653,0.6381792801257026,0.35848560192790985,0.18684420504048252,0.4808917597300623,2
0.10297180598450768,0.4195839110668241,0.2305466377065165,1.3142304172002581,0.8568964837731567,0.33969862590980077,0.6884808491176109,1.2321294999341954,0.18789965707695105,0.7768024017924016,1
0.2662139555335195,0.4663641007940155,0.9029665739503965,0.31468157150947584,0.07860563751506441,0.15324087705997147,0.821247759709465,0.3282042356603222,0.837834028512492,0.3285960939564583,3
0.251516630312361,0.013580919379330203,0.19270191908207623,-0.04734998600009635,0.2640321873575694,0.722225639784812,0.9203412530839751,0.07568024842181295,0.2469226099531912,0.03299163109967925,3
0.13855891407267876,1.0316609830930585,0.713916039263872,0.41211897169751055,0.9195668143241971,0.3053177718524042,0.5504243485831444,0.6768878171458609,0.6411487202222382,0.8055877609471648,1
0.33241290531091783,0.8231553910432016,0.6333517521505984,0.7629011798260712,0.05279381508378717,0.24930332375391537,0.7456620162796418,0.13057726877994122,0.055138430178297115,0.17750619752085514,1
0.9005085016425205,0.8939837321658086,0.49107939801067285,0.5625992545553544,0.08513522858277697,0.18238520369569478,0.05528812634255753,-0.11074923353835153,0.4185391472380146,0.5883605415179425,1
0.21137476027134325,-0.08240036605502263,0.6613331966283897,1.098486002891551,1.0851536860617714,0.25427857023256883,0.547283489572709,-0.14476561709983385,0.37254205980218236,0.10124732352787591,3
0.3186698485087639,0.44589186924625457,0.2372083928942992,-0.02604032949238462,0.25692053767091766,0.2885237387159375,0.10224315343552871,0.4042384942736562,0.9073604342537658,0.14312427841398773,2
0.21729875788839567,0.5617348404079251,0.40214832240318515,0.24733282414776564,0.6962614292122397,0.8771966065333363,0.8452310826166499,0.153471577871989,0.449985543820694,0.6009536008183246,3
0.7143570755804245,0.7662640478194847,-0.05584118575020092,1.3533495300505307,0.5819552925685965,0.03303936076477382,0.806788235566492,0.5025476042189689,1.0735747292498248,1.4221936855943333,1
0.4708711457007091,1.0202529265116211,0.8584259437940965,0.6311515851642006,0.6999005999792888,0.22351254482388686,0.7939782801900388,0.9348485300994235,0.5136509765885159,0.14336871754937963,2
0.4535451930915987,0.8473518757226719,0.4338350902502822,0.7532735106296216,-0.02475523420612444,0.3459548372394551,0.5800334289408183,0.1802910841598595,0.09707553084003714,0.22041939778074882,1
0.8482762140004549,0.5516656856608327,0.9455850789884357,0.042344784672935815,0.12970752803135274,0.06845949973173954,0.42899186299251035,0.7783823348539513,0.9389821239083305,0.8126847711576356,1
0.4870461939193807,0.2648904503558191,0.24856235171556756,0.19156764630417922,0.34584890477576635,0.8560794851033091,0.9893438397960441,0.2252745209411179,0.4543443435458104,0.07278249558870328,3
0.14528549063049237,0.3802427359092852,0.49782688998474484,0.22271244428492593,0.5735677865924889,1.0708236283570298,0.8827349384238494,-0.07482714179855973,0.6559450443740175,0.39301215625220726,3
0.1049187641961023,0.10753423080401672,0.673692469550505,0.2611733443461569,0.21634515821995925,0.4755121607646145,0.7685875052601475,0.6227621830886874,0.06585004986390014,0.3593725175299922,3
1.0811704099765365,0.6421320612610698,-0.003589042119288427,1.1146182220727607,0.5444135396404123,0.773401288924512,0.5630721949826462,0.7581683513520949,0.04776428409586637,-0.16643694469810505,2
0.4156764542504432,0.25451872251688906,0.306206239667298,0.133498069006852,0.32286390444487945,0.8535357664297555,0.9570344579330056,0.21743077596296478,0.4162116571210643,0.027945874073989792,3
0.6504843983884616,0.6170952460763994,0.9741853202728753,0.40731084960911884,1.0802283185312382,0.6117753028237024,-0.20889932481662116,0.4811583837974691,1.0020602088431625,1.219549134248354,3
0.5029178586222527,0.10037613424785657,0.3819952680444856,0.26572536775216293,0.32849855814897266,0.8393265937535286,0.8464139644335859,0.17767556337588924,0.42992546697917705,0.14144521355670797,3
0.4507835680872655,0.2346429223608851,0.7242629959397646,0.15203829732980484,0.22037900119623163,0.6868733364453471,0.19956407967212322,0.17311017777897542,1.0032522613266208,0.28774624659352305,3
0.21923180246568202,0.21658470075969571,0.7252815405227182,0.3955688408035434,0.10359800828734084,0.1762695581547573,0.7600460550163995,0.6304973524135755,0.5852327047252242,0.8858991035453392,2
0.37633725548024816,1.1835651887503924,0.30504784222710885,-0.4001663611258759,1.2779472428453968,1.2583068863348965,0.21203930245391506,0.6284896456883166,0.22252894014710908,0.46077807280964495,0
0.33388024154093265,0.6800580242079463,0.2169248256974441,0.8438467556033548,-0.034489336205647064,1.1695200355238105,0.026651568489964528,0.5624656747251134,0.28198987290929944,0.23783039546497892,0
0.9007895213405772,0.7449400411453236,0.5365557759959765,0.42648029762515505,0.26040814893557807,0.2922011026687705,0.17750949571919405,0.18651064236988463,0.35606074755126627,0.9152806471981696,1
0.15899276429670556,0.32925139804836545,0.2790006302611351,0.12681593215020986,0.31903066190021345,0.8830879058570175,0.42010643339013654,0.2152909277081179,0.6686654727939522,0.5752571877422281,1
-0.49569112806882065,1.134216021311171,0.7221542183582634,0.8299802675773348,0.6512705504430207,-0.31270111154100644,1.2975748629596549,0.4375539412465806,0.27119517152019407,0.10719137581436317,0
0.4208835769809679,0.4697193338318298,0.42401302425683973,0.4519633465929131,0.3417111791611509,0.8459171620085918,-0.061976865640376175,0.3992140710754034,0.2953707508810723,-0.031979624323230454,0
0.19904186283976325,0.929203252867302,1.0519136241584977,0.3491405582888071,0.5669072933976212,0.4662130961542357,0.7732983350145842,0.9897276203395687,0.6277780171182044,-0.12107217299377224,2
0.47465332695103046,0.5816029216835362,0.3587116013444426,0.183190276729988,-0.01462761296037831,0.6267777573997083,-0.015472696676437948,0.6180103945043175,0.8888014942015467,0.11734787695263545,3
0.6396792834239643,0.5019871430133571,0.7089539855639716,1.129136810704817,0.7796581275161144,0.28862186528626876,0.1526748917818043,1.0423154088364104,0.6496661364069607,0.9528365668392869,3
0.21932732302387303,0.7494186724954714,0.5503643815940114,0.7871140659312725,0.4531669304467755,0.35745649561152903,0.8690407291993038,0.2345583971405641,0.29643067337175844,0.586296699028666,1
0.8290907023689537,0.7835208527852168,0.6244262538882047,0.17657534106400466,0.3357917952310407,0.5867456883789669,0.3364816265202736,0.9377987761748904,0.588100191039691,0.7348861426791616,3
0.25766030821618385,0.6585005970582047,0.0939520003368999,0.48256358041363273,0.7687112812914421,0.6513725964187382,0.34067733875198875,0.1854950221148667,0.2653338755987298,-0.10365730937610457,0
0.43101500797938636,0.5443204862685038,0.37304707102453444,0.13917803488148137,0.031739340261512816,0.6572434805494475,0.004090237710404308,0.6519666812991657,0.9073424817182522,0.18243692377485143,3
0.14634445660536266,-0.1092618233212902,0.6549685658290362,0.06511810357878764,0.3626350093102638,1.2794680042595195,1.0111489404815226,-0.49681693703760066,0.5574741625295082,0.30156054618571565,3
0.22457945823996667,0.10487760328890683,0.5083612118147542,0.21239946238887608,0.4999154054837424,0.29252773754810324,0.5175512557773654,0.6269280021487866,0.5112340005128372,0.46897525325425027,2
0.7759810403220184,0.8833189383668677,0.5510736239175529,0.20272522633598453,0.931259930562007,1.0245358926708923,0.2030453753722717,0.5027542487903757,0.6835863282294873,0.4571652827825761,2
0.9418443894624534,0.6869034181291007,0.6688336779823107,0.271663191414628,0.4203603762523115,0.47333106228514177,0.4792330526717655,0.982801064054051,0.6607570970841603,0.844578772431591,3
0.5402406743333201,0.8291479370158286,0.7629897613437004,0.8810648387911094,0.8040905974204776,0.46529665667306164,0.21159951792606857,0.9252301793809751,1.0036143221819607,0.7822970089547054,3
0.4927814236814986,0.6087196524688854,1.2404050233997248,0.9236530968065074,1.0917296699232883,0.3139536491673843,1.1905186806256216,0.8900437470721648,0.5869848211762351,0.3030539210481375,2
0.9916571508753038,0.6616273175381727,0.15053861289399548,0.8951323122926165,0.6267937196687562,0.6684942786724294,0.45674299131818497,1.0065097327675474,0.05811628384221882,0.002785177718476757,2
0.265789509080229,0.8655638549787079,0.019069883053269985,0.44472287893880735,0.8472016705142943,0.7257642576657499,0.5222557752559976,0.3649269069262465,0.06261870878809436,0.8920672029309101,0
0.35219488719901954,0.34055864011887976,0.8451790900759937,0.4329135576651456,0.7223625576661756,0.13909000897145277,0.845816795290754,0.6171750499951595,0.6428672078787231,0.16494242159395572,3
0.26407362625305364,0.9521341328649314,0.6798212434390467,0.46312172503174875,0.7891874597095917,0.6287883206930034,0.620347048950572,0.5069945829596971,0.17947860960969508,0.34314150254681575,3
0.3553826367506466,0.27803353041612083,0.458025625600629,-0.052217361314182004,0.6330960661888414,0.6875424739343148,0.6126320841777043,0.2692406795978894,0.6425821469285667,0.34024270818560676,3
0.04590255144415469,0.13906196557188039,0.5622661231862164,0.5149855631661377,1.4838462987864676,-0.6095125670542065,1.4873709717072883,1.1741016885027076,0.5980181303456873,0.42677907435418305,1
0.8913324051003765,0.7766509491476357,0.33265190335425154,0.5737657391079258,0.14040860554680457,0.24870362228278742,0.3939012522018302,0.8957733165982914,0.43036482595846015,1.1465566268132075,3
0.4660176235436657,0.5956471245631841,0.4348747930039804,0.19099208212123836,0.0764651945137497,0.6094126012133557,0.07606095497494268,0.6426191999998504,0.941344490251125,0.11258885393226939,3
0.13312445657932145,0.35816673010332295,0.028721741093844677,0.09522022945969014,0.43482870639413157,0.07057024728365084,0.19490847398361352,0.3271988678007485,0.87501945803711,0.3057765097248393,2
0.275416743005528,0.9521401195783772,0.6666072731731622,0.4629184660462385,0.7802142684395327,0.633709013776508,0.6250676606863572,0.5203777783134683,0.16687657017280233,0.3501317250141484,3
0.9926151853255492,0.6123815093366205,0.7214924471647056,0.3329834007785919,0.17095719937782602,0.57756556523954,0.7150010577540513,1.0704136280967231,0.36353435389113636,0.7156692790397898,3
0.2912128027313433,0.33644678059297095,0.24157254820355198,0.06211879729520195,0.7623184811200138,0.8278298977366655,0.6765213751478826,0.03490570938939192,0.6095154901601942,0.29575265658776223,3
0.5131953894340293,0.6104343988088725,0.17501188793925637,0.5832449106049035,0.4050625954335295,0.6934770515482684,1.0994566411827598,1.0055466280587901,0.4176600953801353,0.1014407428071492,3
0.31875217438173065,0.18259180026476757,0.25798166450345383,0.09673994123197663,0.5090323839925083,0.8823255677017441,0.9686826138667479,0.23578264010757138,0.3029719140780859,0.001400901489469121,3
0.15579169872601284,1.2078440415562217,1.0785842759141464,1.453703701796171,0.7988210262365095,0.9554009585348536,1.22377165160292,0.05120526301055625,0.9283363370150541,1.170697860310646,1
0.03670231316649407,0.7500545213844787,1.02551044796889,0.8068093687736002,0.8171698029849617,0.7064988378830922,0.5899781088554112,0.6391725507442507,0.2262423237541245,0.3881665411455262,1
0.588725981426429,0.9906480244591387,0.3086157688378592,0.5576338554534845,0.9856901442588412,0.5257329189836323,0.9765171765283227,0.102350967374514,0.9034664226331719,0.7948289877747872,1
0.37086769569315625,0.48604383737738566,0.7888604109868138,0.04725629977547596,0.7839350570193149,0.7928332241604356,1.0696350319509604,0.05855226178533856,0.4149789940158665,0.8715178665325454,3
0.14504130726699524,0.9600972054211206,0.5269891739022723,0.7429564934772438,0.4052002706407394,0.3479238706146267,0.8570837186772844,-0.0075247251300280815,0.46405251744797493,0.8662471147017938,1
0.6065340743319226,0.9735525686924056,0.32027155564429327,0.5881585379050276,1.0023768707071694,0.49669220861086333,0.9829171210047275,0.1519584263236212,0.89449623490653,0.8273388443543062,1
0.6495053836459294,0.7325910373898964,0.5244689445005595,0.1715366399680936,0.7021740028484283,0.25173700250121134,0.7243496235792793,0.33778614960288944,-0.16148800465420868,-0.24979009160392174,2
0.8889534892198881,0.7274339961404279,0.5350893708273029,0.474959012752275,0.28146692017179614,0.2349865135386881,0.24492219655107494,0.1539980499455695,0.3898236955787249,0.8591391546959918,1
0.12820576705648884,1.0318660222851532,0.6306519036221523,0.21640290556261546,1.0572495089692808,0.3499252676778813,0.7448999540692234,0.5627881583323516,0.7160428834841459,0.7364554207024404,1
0.9635819336158364,0.6885232434298467,0.4865664927129615,0.5152951969662182,0.25582819437674775,0.21129895464504178,0.2523300673255006,0.16798443475387564,0.41408314205988045,0.9264266029715937,1
0.4057253975769668,0.7672109921100917,0.41006083895878853,0.7319297161080587,0.05809604767610799,0.2854167638486233,0.6640206584025421,0.3030339070581845,0.2404409471697107,0.1454244152163694,1
0.7179157215932298,0.1601982990926706,0.452574086524426,0.4597670037584507,0.08388290544177529,0.2732974020752412,0.18037575757700156,0.5468968947472722,0.5278589297258754,0.7932395041987031,3
0.19633107315023196,0.5636365114612213,0.5256649967093798,-0.3346464110297649,0.7427437461870929,0.3278903931503574,0.27844927492513993,0.03498161536825302,0.8219226238072836,0.10294567198879567,3
0.8252044277837649,0.2910072120790105,0.7070608194223427,1.0475354611889032,0.2681571624674961,0.07771551013543226,-0.2678217885901403,0.4643253610691469,0.6061970335559914,1.0907811492911357,3
0.4546048655242812,0.1497716058463756,0.21045049496987953,0.29141929708395264,0.309605381072642,0.9103917955264974,0.992471168405328,0.12158117015748243,0.4370961928343862,-0.07754025822484477,3
0.6860837610832227,0.5178306748640191,0.23196140581567284,0.3677098960761557,-0.19561407072939496,0.29454413522912004,0.10225844887905727,0.34820968461876006,-0.3204930750485981,0.3166285359663902,2
0.08042414521851798,0.8076458259536625,0.7924578693268317,0.7256470331782773,0.12536559396613045,0.26529412703871835,0.9896671291450853,0.5950994174352847,0.5936280115601714,-0.02775741867592152,0
0.5623537849983438,0.5630661166542327,-0.13150112384975998,0.4008256060605292,0.27876786216483335,-0.10584926915391046,0.5307840658369618,1.1504115386863756,0.5323704672771671,1.2237004735083048,2
0.06173763871953393,0.7735553768359614,0.8449887816599374,0.218554468936267,0.9890865993538509,0.5281672595322805,0.6808658705718232,0.45701328149405906,0.720628145741894,0.5099666844356469,2
-0.00047101802145060184,0.9810972801824596,0.8029194360046318,0.8022192731308031,0.21890064071507243,0.25255903684566666,0.9879732704335358,0.5334649337583963,0.678496518452706,0.0019658891649513843,0
0.8708995012630045,0.6234943479558063,0.9711361107452017,-0.03786390383568068,-0.0811791463970532,0.004583416968911819,0.20390613265111565,0.9287284134462059,1.0908522768025382,0.907238513966228,1
0.6590626129563958,0.40059576512210276,0.6593982649907659,0.8674962193174063,0.5285476368101502,0.7943334055135216,0.6320919076396486,0.394425368653184,0.09191128001400861,0.33574510961127435,2
0.5170790222643192,0.796579438526593,0.7504500105935301,0.8894299664415499,0.8297452309249648,0.4215726623422438,0.17615179185212057,0.9291021439280176,0.9820856152817568,0.8349979547400896,3
0.9231412105613103,0.7378185221237042,0.5085061502235135,0.48388184839484794,0.2701880038164383,0.27868878354085996,0.2458467024264558,0.11549021613163851,0.3637253120844834,0.859758622170094,1
0.06603867105738784,0.7720292380332928,0.8417751088191925,0.21935380631484688,0.9912132034469214,0.5447905214109412,0.6787156280130595,0.444787665344745,0.7297124972550953,0.4911218199669222,2
0.7965128215799728,0.6946120617795688,0.7726361914398006,-0.008386219476035559,0.08927914194395206,0.055579545426715865,0.42746197880656667,0.9887633768274331,0.9001677601992071,0.7426730313051476,1
0.06459994745747392,0.904930433107272,0.7610654152470178,0.27001124462760884,0.9114201770867424,0.3803762166778434,0.6730802711144873,0.543464045659502,0.6210123156762966,0.6660713063029063,1
0.831075523683617,0.734377369287402,0.5433257331477156,0.5464312435446392,0.3663397852822588,0.2911226461876438,0.2459944632359085,0.17832504483198378,0.30449921209395536,0.7925598599650566,1
0.2263975472509875,0.5315671838221265,0.8285969296949005,0.7172385833169551,0.6123958289629772,0.6522386867559155,0.40318258959245634,0.4854015079732221,0.426358192514887,0.4986939278049492,1
0.19376315121157306,0.13714763279819525,0.6493001981276899,0.43249663960594925,1.0266386424516305,-0.0871799270444532,0.9369551446087401,0.5391854026772114,0.45381845834546897,1.0058819035586286,1
0.9705540443964226,0.562672932613124,0.12990146179779455,0.9550779196134901,0.6896760248870364,0.670947824191334,0.40519093622926333,1.0020489638542267,-0.15258086272983942,0.12685090559212442,2
-0.022023057923821476,1.0216823903276366,0.5474635147749742,1.208289352410783,0.7548320353841766,0.13130392372245242,0.7728332715530583,0.15965552395988664,0.26248100295019744,1.0755343139513507,1
0.5516314610969181,1.1151698241114452,0.15447195712618528,0.832211600059254,0.3665837978005443,0.35316712028541086,0.3015847873175601,0.8386922014056514,-0.014842355525160125,0.9015811138855991,0
0.40238059600097803,0.8075737151134367,0.594376517056295,0.8560832979366844,-0.06059327807412668,0.24773933717076843,0.4664578115288924,0.2735955329444993,0.05197548196631696,0.37059750403784414,1
0.4551391172758879,0.1995341933509936,0.2789747219048166,0.12839659853782442,0.34226583486380097,0.8545202488631415,0.9477226399421156,0.2735969076603788,0.43035611813632524,0.05392088963104609,3
0.4485332893450885,0.8035446546701521,0.19946433911726624,0.39929066956401627,0.09448189390553799,0.928734150874625,0.5289610137285272,0.45695081321420544,0.15138353060348914,0.9047399596569414,1
0.518778628406671,0.48066846412425773,0.2679169075735646,0.504695234419836,0.364119313671261,0.7720572104414594,0.9966347196069287,0.8426561187425383,0.38771754130363006,0.2995636065332178,3
1.0566587637386207,0.6762999884541269,0.46890058345330865,0.060149849862096816,0.2514501196883417,0.5441259580572908,0.3604983387931997,1.1346541866492228,0.679480331695703,0.7867771373369902,3
0.2559843191395682,0.938116266804287,0.7965496787368181,0.7671325864833858,0.6262435193066895,0.07343653753199425,0.77578479293994,0.9180188415078682,0.566025648483108,0.22679450485008185,2
0.10078009038027133,0.10448193581169318,0.4148217448637189,0.7456154370872308,0.10867782140914711,0.43825003659834855,0.502490052022757,0.8238834931593129,0.3645763688912384,0.4315487042713939,0
0.2377754880434606,0.23489015340010344,1.2566217925447565,0.3610587508135139,-0.23978360297176243,-0.14694010668873228,0.5227221555901879,1.3379622745038966,0.6294633678340467,0.5499986619967752,1
0.6684968747275267,0.7077309459672413,0.9690149268049002,0.6660520210818184,0.48813765652421764,0.5713443322895754,-0.2885205004045242,0.847708310913023,1.4864527747685021,0.9112055910930705,3
0.12958020100228052,0.20967076694156975,0.3402293254886653,0.007412078719999779,0.6548178758235168,0.8957008976485487,0.728979449058571,0.1550088296171135,0.6306572824264358,0.4532416217865804,3
0.462916118684956,0.42591953226726764,0.08529567773494995,0.5529951444203479,0.3453670135489444,0.04781666073242416,0.036545461655568906,0.8377756187212179,0.09082751109193785,0.6072666845297844,2
-0.0018054608816979664,1.020607265174667,0.7557491898753852,0.2425893936909699,0.9527430033317844,0.40694658409840734,0.6296232027709223,0.6419687140299458,0.7473991028696527,0.6702226369625565,1
0.08961352303711334,0.9921413784212129,0.6980245864469194,0.3284394345723022,0.9729094272084851,0.3645992682425848,0.6479444660788108,0.5712309249348395,0.631523170307229,0.7328786647208179,1
0.2799573823736705,0.24639607145134607,0.5480461873913537,0.4348374680318321,1.3667080292149452,0.652643728508684,1.3825696103537715,1.1075808639922198,0.5170050091513808,0.653097868346345,1
1.0341924436102927,0.7457598053844997,0.7816050293469159,0.2984303997734728,0.4769122816499466,0.6164756178347668,0.4756116993045493,1.1119394558324032,0.4894567135293202,0.7210748068895315,3
0.8026800500826787,0.6954675268888951,0.5359001476497791,0.4143258416566936,0.3175236678127967,0.21504116417865926,0.31345267394917853,0.0784602756379863,0.4542718284832322,0.9962038218193126,1
0.4543645078115561,0.22524409398614703,0.2810720544757962,0.15745864277467184,0.37672015913527035,0.8481615036806479,0.9561180716247188,0.26192323209125434,0.42655205005884234,0.007966857725354898,3
0.3755450091454042,0.9217632760949434,0.7330576765828778,0.7352829850475524,0.48788421063597825,0.24324781081009295,0.8432762478273308,0.08581983430684077,0.37656839382857493,0.7520700833073397,1
0.8654035301106361,0.4432785824683763,-0.04505298993727857,1.1007344862687831,0.02020316707605365,0.013647659524259448,-0.07475890821684275,0.7958207953661033,0.7429022855102145,-0.0677748507680241,3
0.649290047617717,0.2760907742265717,0.5227978124684877,0.12542788609011213,0.31588855473238253,-0.10147558808032048,0.20091178755225425,0.788758966042002,0.6270598662984089,0.36388208397341637,3
0.13052715567404755,0.3486003484217992,0.015027230949908436,0.062152675722136855,0.4631677696761041,0.09835898024936371,0.15869347737248432,0.37130036742614997,0.9550193980575954,0.2910696708673196,2
0.9448804136367684,0.41939862160211006,0.6180995356557257,0.8666090799246166,-0.6087737605682205,-0.7088902140602096,1.8200671120903893,-0.5980695971631651,0.9063420835620072,-0.1433676934207332,3
0.1422990736444344,0.3839014933692443,0.01699798400275392,0.05959310516161395,0.46278299908996795,0.07677589242837449,0.1624630235051165,0.3686783248636542,0.9143664087759392,0.2545164059772468,2
0.6332119881495819,0.2917728925597938,0.45575276806665543,0.29861567971695124,0.492950934046586,0.9312884636174974,0.8506543677760028,0.20704464411182058,0.5367031201661971,-0.1196678162298993,3
0.18036722273431205,0.10211831711973202,0.529471316214975,0.9058060751620233,0.9113763223122152,0.41179234062398673,0.5883195136673502,0.054909257671305056,0.3258965209789081,0.270493320406189,3
0.32053864694974005,0.496686894892009,0.3705704868443839,0.5303061008011706,0.4550830133462281,0.9619962167575464,0.029254633892403313,0.42088353465295325,0.36928915636497783,0.06291746849121269,0
0.36480413014425456,0.4497290295369837,0.47628325333163923,0.3150245698487345,0.6127046150694837,0.6677974256180277,0.7801596437377869,0.2713970798409802,0.42547705419458237,0.4749868627828884,2
0.10486622326300252,0.13755326944905086,0.4437099797510878,0.7415977550862594,0.03774532580642129,0.419668743825514,0.5155271253317432,0.8036442762854739,0.35333239087841783,0.47904905601470843,0
0.3356138264845446,0.46886337463527805,0.44026197160578706,0.3020456693460744,0.5657108068086005,0.6598413459559593,0.7909011467494325,0.24814631505366125,0.4623881975315418,0.4713728934278927,2
0.5171555954930939,0.22055013219480527,0.25115598458528565,0.21103892117692313,0.3381323789214711,0.861267906957568,0.9800733667626867,0.2716392846993426,0.5097958461981104,0.034675531113413184,3
0.19560164991875517,0.4534299622643876,0.5909211921154625,0.26736443197481624,0.6911220645370753,0.959855941976229,0.8227385423266925,0.08333890256842894,0.4028510398206265,0.6532590680312997,3
0.8454651609497799,0.21566362709314282,0.07379124319956484,0.7178186093122436,1.063369348618803,0.2300858816631945,0.5934663340480555,0.7070635389455051,0.5342914262779368,0.6297318517725822,1
0.23960755399617176,0.10761142168129482,0.2156519031755074,0.5785507078517198,0.5224924363173851,0.8315263502636451,0.10898320218819968,-0.04020122206329646,0.6852710830181126,0.7787212734948769,1
0.7046881658589492,0.5757494287851117,0.8628357568742436,1.0960275556566073,0.7505334145375742,0.6508257429230624,0.15984470184346944,1.1843990197029086,0.960960352364929,1.1265582213354277,3
0.6854778767141687,0.6146788428961931,0.8615004990884415,0.10766145341364833,0.09036029497271791,0.07172418932993467,0.3865787950091084,0.938578563857482,0.9401160032223876,0.8302541008153427,1
0.29028607969473885,0.4190151339809,0.18596257022259194,-0.06999817618273939,0.7646983289163793,0.9018135120931616,0.7719000603954875,0.1499299450352301,0.6698860678734594,0.2418118195608325,3
-0.017733451161493732,1.0420549617903334,0.7051634503177554,0.09469341595356842,0.9961531980621229,0.3989021753183466,0.673788972646105,0.5425149878213762,0.45554119563757034,0.6464306743744521,1
0.13423812555744072,0.3895847050822213,0.42265183342621204,0.3080152968629362,0.3439819945748963,1.122975050592788,0.18422033340667676,0.3594374681680534,0.21981571499844735,0.19446295214988543,0
1.4476216216172864,0.9913301484702706,0.33349350659058974,0.44531533934587475,0.2954703279642937,0.46651503881085987,0.5305370771651662,0.5187841169106939,-0.31798459345325303,0.3854580353769325,2
0.1367451527250108,0.6408261908798467,0.9457007511461666,0.5839832218191513,0.7086034622363445,0.6284604763449987,0.4465842649679908,0.43888198388073274,0.36752413045604143,0.4963952371086971,1
0.07003462300842114,0.42343376454049064,0.08020115709320529,0.06769376841461455,0.45566606299750234,0.04963939730973367,0.11199574627659584,0.3691812419757637,0.8719304126781412,0.24505608405524854,2
0.09915829893404604,0.9530193873627772,1.1801012962460513,0.33134698107798083,0.9007952530551513,-0.10283680537248352,1.3039575946116777,-0.2876459248515297,0.8385074338290279,0.9349771421525496,1
0.5172073515299551,0.46008822209741346,0.7149278687641888,-0.08601948253617264,0.6345118861345905,1.1246224312975583,0.5563255365861381,-0.1841062133986704,0.7622562239289812,0.907097346711856,3
0.3714920052359719,0.3478485529472596,0.3606330272352546,0.7894119686276844,0.8934575179309042,0.6651289778355287,0.38973793137254703,0.008929370798985814,0.09513852953672147,0.1743385294743935,3
0.34743911760033663,0.11821411138237561,0.35193513341701427,0.02032093560604309,0.19983703698149358,0.6626431394375901,0.08311640707147291,0.5157366109673414,0.6051030454473848,0.38475284106050067,1
0.48421472131753895,0.06391053759205956,0.3895625386462145,0.25646284695703814,0.39294808062025405,0.46132923811579696,0.4722452701927967,0.9428573921769323,0.3494342849666663,0.539843673958672,2
0.540101173837898,0.29540313907084104,0.09192423481903687,0.6184850820887513,0.3107856499417214,0.0681591602551661,-0.051235060525054776,0.78932910384469,0.003326929767754158,0.704644917255327,2
0.41139724657376364,0.22845662044038245,0.37222646260589864,0.22957281401294538,0.41651791951520484,0.8325264819991439,0.8709813860774632,0.17013794763579398,0.4090130923329067,0.12141020183881308,3
1.0012340639301396,1.06205489746331,0.8873583175779071,0.5527885415815986,0.6639318832684026,1.0224310328750157,-0.033125305591072685,0.2834808417281548,0.8601281409768322,0.48536343523168207,2
0.9996672116462055,0.12624645432390558,0.6415384364955014,0.12487751266170113,0.6303746886060131,0.25601591106007265,0.2058469205587334,-0.03311781638269096,0.16814884890967782,0.35065581452452654,3
0.7757113599493334,0.6585382300669462,0.8808130572250574,0.0450600574311378,0.14690836324651288,0.06252170624600253,0.3374212758128751,0.8960141361234157,0.887395550136041,0.8654058265907407,1
0.42198990058987235,0.41723367875864614,0.10791005841672688,0.5386866129108338,0.32982355524658746,0.09731701312416638,0.07157305459138608,0.7895798977936456,0.08251287320308999,0.611182250184728,2
0.27431436727107883,0.3372559455852596,0.17211493249240872,0.6827358002482754,0.2510636435397539,-0.001342583906713296,-0.033374874464708604,0.678654681019073,0.12026905955083933,0.740064408329759,2
0.594619716703885,0.8394062896853149,0.6794803093029506,0.9111247098921148,0.7915872441244505,0.49162245498683554,0.25677811445498827,0.8873543090931685,1.0089099719211971,0.8852215194319707,3
0.5121830806457514,0.287552921762484,0.22781349461955985,0.08816239084695948,0.30173284838973996,0.9101355182494539,0.8774813350153268,0.1888125322299173,0.4270901922151667,0.052140653331602754,3
0.24837218469689124,0.9587795555470696,0.6769284164217919,0.7477173329652942,0.1036087745885943,0.24815086704076475,0.45452721545759867,0.14390055873959615,0.2784313117403634,0.15934939578757773,1
0.7957226693112498,0.6752486721789643,0.8079290258283208,0.1114183366802329,0.2464692797850214,0.0624537477653526,0.30229265940109484,0.8999250342671931,0.9447380540524118,0.8654898894767005,1
0.052901543093254094,0.7728686507593643,0.8476947902483405,0.2172378044255351,0.9860883797523947,0.5329604530966454,0.6868482396023871,0.4581939110732248,0.7180930311269111,0.5060340309789946,2
0.9735925334219805,0.4901904953979701,0.05882829293116126,1.029196666390427,0.07145147757815272,0.12480660564233428,-0.010605098283169578,0.8495715639759515,0.7750533219940285,0.004541333238776882,3
1.0703799874245314,0.9004106389101296,0.6904271066661347,-0.0945443273494544,-0.1101700893276103,0.9066254343875586,0.23847604213915877,0.8009536066574889,0.8152056621633003,0.5781345839900582,3
-0.5384677077001179,0.529991042754772,0.23470434049577604,1.3891077739879547,0.9523933564117808,-0.3050890068888307,0.8845435065817764,0.9472427368135211,0.38078628281330607,0.9030813747271762,1
-0.23294110237778137,0.8039456709145647,1.0780839209258706,0.8598714662636773,-0.07460229785850742,0.4858949940533453,1.0731321386934785,0.5943209646138323,0.6795256073700213,0.2805861502935194,0
0.285672712632563,0.7498420521771627,1.20087165596912,0.4337148832233024,0.6703391462712147,0.6452457683707182,0.012825715703070673,0.3030631222493847,0.6951592743668084,0.3462869496410881,1
0.1744992656048481,1.253976799274944,0.9910787212511971,0.8229500475806182,0.057207784373410286,0.14679006023195784,0.9099986475998836,0.34788520459490435,0.5329927146024879,0.1312085288029674,0
0.7468000923341028,0.6558747468188758,0.7407534270232606,0.014445948576314496,0.21134082936190107,0.06040264799093936,0.4433613108095476,0.8382099552242068,0.8540303275923845,0.9062034922157755,1
0.007897690179984845,0.40952740010922967,0.8747025941019286,0.42663952326209287,0.45713003456709445,0.8279565909681346,0.6080558505560467,-0.13739719979279086,0.33571889188871984,0.38203196100478687,3
0.6225824556026706,0.6511603619217625,0.5971976415113859,0.6499197547455742,0.08815599553217734,0.53609795991583,0.2614354277458167,0.5519887461259579,0.20254969825442165,0.24323657018750056,3
0.17926976957890672,0.41534808638643983,0.9958719759180534,0.39936231547884865,0.145935770572356,0.1050106477903172,0.7650902926578231,0.1092024387237467,1.1392432784499955,0.35973147977648995,3
0.186181274195923,0.6043762366740923,0.8617192150110708,0.930852627689201,0.36375306185877954,0.17272788996059335,-0.045050618584180774,1.2536577229146812,-0.2279019570302735,1.0828105987791417,3
1.0227965905113159,0.029503243677520996,0.7090155209480578,0.6588887170856462,0.08502441606544554,0.013826435461878506,0.6755166530069947,1.08089374728661,-0.1801276345768401,0.30545762541982124,3
0.30669307535077883,0.5946188471076727,1.4779862714358178,-0.12074250554948057,-0.31330614320957606,-0.46857683878139056,1.2938729962380124,-0.07134859832688917,1.098939031028577,-0.15101557942892885,3
0.6059270961949169,0.4562618709413598,-0.20347028335961626,0.6424749257673462,0.6554189003789572,0.06694122766699913,0.3564592116804048,0.9760587845075198,0.34248671563767497,0.8958852472019644,2
0.5827926881808961,0.6681035158721613,0.11875631048454538,0.7379463950699775,0.1817990143200867,0.9057087624470137,0.08784167123073783,0.34051618284815166,0.07885589679778558,0.3011817540860866,0
0.434595053134076,0.3642735095560138,0.7046334397045008,0.15908257787937008,0.663864971624346,1.1682851792826545,0.9299456694793976,0.19340847961515975,0.45143935736490265,0.7118586157389416,3
1.1890084559721774,-0.24939321382690816,0.5190682916361127,0.27879182371695765,0.1074786456844794,-0.17002902972931586,0.38533290485731986,-0.7559461051086147,0.9666045835023214,2.4819750687410163,1
0.19532696911950392,1.106872794250432,0.5719805058732914,0.46622894560829153,0.7029336744243376,0.647311518671371,0.523395007348195,0.3425389833945404,0.21878432539660767,0.294910471705542,3
0.7240629864559012,0.4470045495606922,0.5916584148169466,0.7425072855680613,0.6350752780668723,0.9102921390044639,0.5836583003698771,0.2097358369931424,0.1773402346279467,0.44761687576779513,2
0.851293338870179,0.18383619830948159,-0.002006505785446505,0.27624041918081593,0.722868988563009,-0.3499236046039042,0.5156824420248824,0.2628980946687065,0.3627869797738432,0.5067138038189615,2
0.37406115739160306,0.05793671021984603,0.895844940112186,0.2871989018961801,0.28048530004671346,0.46017113628955575,0.41975634403998385,0.958513436566427,0.6863647704952451,0.39237519133055004,2
0.13538834803861732,0.6882275353195308,0.9109292166972293,0.5905612974061784,0.7082240527504007,0.6441834915080811,0.44718600507587514,0.4749450704329767,0.3171145892329428,0.514297800917657,1
0.4964867193978152,0.21031312058093857,0.36024065532391736,0.13496406105961734,0.4830762799690873,0.7664635873410044,0.92191570258244,0.17351561380624364,0.4768277524453434,0.15200086070156393,3
0.22460152838055303,-0.2685412697565802,2.187310350261863,0.3912011525182593,0.3147026215287328,1.3559019502700502,0.05134715700975234,-0.2717019060203971,1.0511054546626015,0.6956666468649239,1
0.6627989734858513,0.6357672167325757,0.5289518669678651,0.6611011838231505,0.05035655314594663,0.3028614598128775,0.00601806602893773,0.35691268038849727,0.3156080318577542,0.3409440481487731,3
0.831961100655039,0.5626945501083304,0.8185720619159699,0.10402298602839534,0.17411845452713554,0.08466674259628969,0.30102540336997247,0.8217284847829196,0.8667712725458421,0.7901934069639664,1
0.3033504439751616,0.41884720215598886,0.46769447425665384,0.2608231281022363,0.6167696054303052,0.6843175011440845,0.7920498738647671,0.2142275473622799,0.4415898168756588,0.5278712923765659,2
0.903612387466689,1.0685247121044064,-0.0651933816549618,1.0159802902881343,-0.035312542398866414,0.5072346840299073,-0.3740669472376155,0.7718634368790049,-0.19300576017107907,-0.1413488217800093,0
-0.20825730115816032,0.4156455950934665,-0.4087729916495171,1.440506354626585,0.5204725658104177,0.5507568145838097,-0.24325840433732926,0.9629194132458498,-0.26376972090594464,0.4628657368829069,0
0.17750934140752883,0.5869057311959243,0.7737910513229491,0.6053853618211159,0.6736207941221594,0.7271033684086917,0.26481152410499287,0.6192163315509718,0.41467792800567377,0.32551433406606267,1
-0.00808209897941152,0.8858273331456867,-0.06294136013057655,0.1666011991951461,0.6360901712311046,0.7848735186934775,0.706887527734074,0.1301658555991212,0.15706442944105792,0.8520623121968811,0
0.8870042809784111,0.779661306036337,0.6645925376401524,0.8528837782719143,1.093493403938168,0.39929825925057705,0.11542977500579134,1.3145505785180516,1.1579678839085146,0.6393635785566736,3
0.05570748242504818,0.77573915711724,0.8477143296899946,0.21677143366614426,0.9865778337247877,0.5293733618394835,0.6849759520530327,0.46164642684001267,0.7154221601584712,0.5077206309785699,2
0.7260881577544687,0.6694400439610144,0.7933835307030684,0.1345930637817297,0.4623362403137939,0.6111194207041097,1.2613450538663065,0.19272700658378988,0.3833240640304442,1.1278955593620383,3
0.9155112030543875,0.7089483996745303,0.5631167188061816,0.6326644890160735,0.3640764204966271,0.3503510764949629,0.3812177243989284,0.2336806824154644,0.5248831734650166,0.9948079259972638,1
0.7896514238216278,0.5888085503748998,0.5841130785117871,0.5235036552687087,0.12064781121415741,0.34290566546138246,0.16501502106207286,0.5585760271045849,0.37919202976702004,0.4376423056320543,3
0.2950267918006141,0.42647147275676484,0.5115374519942859,0.2704746835372157,0.6676875722236673,0.6361431264593607,0.7331758516806102,0.26593549913778886,0.4271607210267495,0.4789739370500711,2
0.401336775883764,0.06651150608980888,0.5576244751084654,0.1295110351662643,0.13282777527507592,0.7122102289116917,0.2904885562228091,0.2737367249430327,0.898827389854691,0.27388935858610397,3
0.30272681214363845,0.9894087470248435,0.6176039819908419,0.43290526522724343,0.8781423066383786,0.6176799599016989,0.6747466609295949,0.6063895060744651,0.14282634868518665,0.441708545713406,3
0.7965834080736136,0.5509977969619283,0.5802263590117747,0.5719468037283897,0.0785429351007511,0.3581622338033915,0.17265167390027392,0.5400954089503097,0.3789422702657413,0.40236665585874765,3
0.08658032695027969,1.009761125345812,0.029497756557442342,0.2694958058043583,0.7443084685741267,0.8193982385715307,0.6110223432851675,0.18542936498497137,0.22713269894758398,0.8367386790955491,0
0.9320524636824936,1.0018607535076107,-0.01704286171669228,1.1122814999990136,0.6489863751827365,0.8869766004441376,0.21004283196332874,1.0870858163121102,-0.3332903021361119,0.2832348350772954,2
0.8677193948356527,-0.1462335396021791,0.19604556156930342,0.5661273073635492,0.2010398006382812,0.3394237631550605,0.1800487011187701,0.733220109037654,0.3426182002021646,0.9952850115763912,3
0.15665295322135678,0.41220990928654905,0.19666266810616187,0.3711724084098807,0.5602685505360154,-0.22719369763113484,0.12109568646123577,0.22788415974406886,1.1578233734872376,0.20650467888010962,2
0.5955639570505069,1.0688632188576381,0.2105642984706112,0.48855546289651486,0.943966973813305,0.540196234105,0.9069139074817559,0.1826979299307842,0.786092665839295,0.7203745315677967,1
-0.29981680926874194,0.9573596204543235,0.48007999096032455,0.4808813329866236,0.26534522201303345,0.27823162192792783,0.9976078978225995,0.24480627286584206,0.6304971339159068,-0.17924815379279221,0
1.1122170050426772,0.15330515956484703,-0.1417004068487277,1.3828648268002985,0.34914631535421636,1.1847443662939623,0.38913288288713377,1.0661442351404662,0.6277550626405731,-0.40257863514388764,2
0.6842676065450686,0.17691440602245728,0.4296026786767869,0.43645528609629003,0.06764871235662256,0.255184252166888,0.15707979222432525,0.5132524129446964,0.5472226035992214,0.8070523038539533,3
-0.10149845547370345,0.29060954748129564,-0.04566989475830452,0.25082780307418157,0.5844479052937757,0.874646141727962,0.28013580547840405,0.5680815344744422,0.4750682213244385,0.6099719099941918,1
0.23534106484387574,0.8144822202459644,1.7453468402422307,0.23353176585628893,0.49316418496005826,0.749385592490244,-0.5425158328532292,0.13739553162538243,1.1261261144168357,1.5810512676046193,1
0.5525984094041434,1.2886366205328292,1.0800889539016172,1.4039258746548264,-0.1220386389386669,0.5551318473163888,1.2532778066163055,0.018930593200700896,0.15750360019705612,-0.4329792742212259,0
0.21049698385748183,0.12416003134638291,0.44909518317924724,-0.027231124917559246,0.46959743673776244,0.442265903203777,0.5952175104665703,0.6328046162885843,-0.2525432872088882,0.6990832559270069,2
0.3793667225764291,0.3464071099481031,0.27006842394089003,0.42999801374290664,0.46428071375676383,0.120457264552197,0.0620104385891867,0.9284537211745248,-0.07160653170172912,0.5722737187030229,2
0.9354194581920671,0.6386505411763823,0.07667225086819358,0.7769110645681974,0.6602249089540202,0.47985767741538354,0.4427309791538319,1.1459149042099421,0.06041514681592055,0.04592699438692156,2
0.37422110466757946,0.8837160724162992,0.417896837988878,0.6033274868438632,0.076293969076859,0.18141900189835988,0.47243501189128884,0.29497048934080633,0.042009977179758504,0.10076904286820709,1
0.4136937497744906,0.7754801114214457,0.5428055983289775,0.7176476943089599,0.14512866515988831,0.2993672444784199,0.5377656325314483,0.1891599238990917,0.07604737787798668,0.3129275847089378,1
0.4585317267154782,0.17736676574432214,0.26340496075186626,0.1629979304894273,0.37397453633572053,0.8548065935004967,0.9109537807266482,0.22925340125001198,0.49153529750450053,0.035229561337761874,3
0.16602438501369093,0.549744084146046,0.06600274421933042,-0.14742644269417984,0.6120017064382504,0.6140486195791441,0.5035508019608729,-0.05418576797623753,0.5695525015682029,0.27798018363915855,3
0.18920238463695083,0.4272514657889545,0.5560010289629256,0.2980120130361513,0.6313769606504571,0.9193243050489143,0.8783157620393183,0.021858007225939793,0.3472190906098333,0.6227214952667762,3
0.2751113070929244,0.96225488786038,0.6630056194995625,0.45594882518594293,0.7805208194846077,0.626813703003627,0.6247627999848695,0.5204341421807377,0.1829350427575057,0.3610252599471674,3
0.6657095225385379,0.2645398366283551,0.5747063330931687,-0.35757304501526904,0.6004654527978944,0.5617821204177205,0.7678241346265984,0.4013674413251131,0.9858417353792466,-0.1756012897025015,0
0.05778922525189056,0.9546395423182059,0.6883730017539844,0.30352986325486064,0.9398953997475652,0.39102075856191565,0.602425935189389,0.5849953869196992,0.6761413612474609,0.7152253145950943,1
-0.19288030768985803,0.5786617849860527,1.5794875971495919,0.5194318758413426,0.14310870313889565,-0.272783910472735,1.395086419201919,0.8024231598191203,0.7771033661767109,0.4104490178574859,3
0.5044983030708527,0.08045056588535907,0.4044877773022651,0.4732552289674947,0.44824970786869023,0.6345190149116773,0.29476595200465444,0.8057432051081479,0.15813599527034347,0.662867521246834,2
0.32344707045980137,0.9293758544691997,0.6758288478179334,0.8128985755569103,0.4652577310092574,0.2938931063415583,0.8993106053665602,0.11457554371105584,0.4275008652205707,0.7427846596249019,1
0.42417595994968343,0.5627462929601805,0.39559239086292,0.14391486371409476,0.04024195765573351,0.6434572339945769,0.03500818939090282,0.6283404615283043,0.9324078060812554,0.16326976554046038,3
0.215648316420454,0.6781076484117016,0.553976462056561,0.7065996800305683,1.0600478790574173,0.5066129517792115,-0.09988389683012139,0.7011058249689832,0.6613682973561658,0.7501936967518135,3
0.4804447837732759,0.8755198377552095,0.7046995697158701,0.8690823281276561,0.8556439181203199,0.3891328956589581,0.1113244929819215,0.9974376944597259,0.9682362463480929,0.8224881102485132,3
0.7098571070392541,0.025529610850653597,0.625517112886548,0.38873375193839516,0.456631861903269,0.29247313100149713,0.5044402542176176,0.9845417080304144,0.5651650174808422,0.6308007029612359,2
0.10006031366591198,0.3943293365686642,-0.152861004983186,0.1471497443096996,0.28329688244150864,-0.042096568562044634,0.2384723580187223,0.3088440908159242,0.8436852600644555,0.11338740943714226,2
0.2136472376840526,0.9297610469521609,0.6858762807035225,0.42944886017106576,0.7577877886194782,0.673102497528158,0.5881793619623288,0.5417762113594436,0.16208179557069277,0.3839082439049897,3
0.3605949798993242,0.5847168419714766,0.7208644632432701,-0.06967796619103878,0.7690678788139979,0.5619184789994329,0.43651676436914727,0.4438472738920014,0.6882300456958348,0.557917863191382,2
0.30742193381471405,0.8989219267045618,0.48581860121787424,0.7256452413542687,-0.06782771474679117,0.2739361719559387,0.6092957925248861,0.338591701477235,0.20875881952620545,0.2738438989909054,1
0.8071864927896206,0.4038562728083314,0.12646037601367804,-0.08163445599360614,0.37569152548073964,0.22655353043543325,0.410973010354339,0.8167437159820465,0.5977137745353499,0.650265224041877,2
0.45944120284429085,0.5387435213347519,0.16568771818202993,0.5640625953307832,0.4834974591686703,0.6852414565204245,0.9545242091410955,0.8824924191437801,0.4246846815068763,0.23366488872110355,3
0.8873899256713498,0.5381622760877007,0.8164562440308939,0.5586272719920266,0.6642236587716945,0.14560256305929245,0.659548072998358,0.34666731643855814,0.06282674568341304,0.04981760970465663,2
0.2966804189052236,0.9865428600930665,0.6148150247583227,0.46914737735411577,0.8123800626265548,0.5735974407562247,0.6196562942501518,0.48453720324071275,0.2826522325590039,0.2611602553084336,3
0.05829492261133776,0.7759063038267466,0.8476502773029375,0.21720724245378067,0.988728923014403,0.528894547334754,0.6863369703517384,0.4649472900256575,0.7174184603092871,0.5040376561149371,2
0.8600303553815914,0.6457682487206217,0.19661454167147338,0.10607182644115218,-0.0021820213369514105,0.5518578304965541,0.3708720104302846,0.7461326553776069,0.4413263903605242,0.3908737908787692,0
0.3527661488111507,0.42128423381572777,0.32464578992300425,0.09309246869844957,0.8023116533026691,0.7711897294088778,0.575683452307805,0.1409402158861624,0.6700635063386352,0.3667439315241182,3
0.9367927674785566,0.37314771939778424,-0.002169794607403734,1.0329805532516525,-0.006194888176057907,0.07738426046788832,-0.08090151116606227,0.8362186741964777,0.8465771340880767,0.012575484816317224,3
0.07504972552047419,0.7238732794595928,1.0451520147227022,0.7154713086386393,0.6460993792292123,0.7462987275695189,0.31991019012373234,0.414800035548596,0.22934737521520132,0.47479214663556996,1
0.43733475117216114,0.5170862972761316,0.19676855219199685,0.5856396394757833,0.5222319973980496,0.6806539311673149,0.9801773900088064,0.8849496055003903,0.42333484716133307,0.21512302822221555,3
0.9297610391746542,0.5618946454528047,0.7216645770084748,-0.12783536832138825,0.7215742801433473,0.3470995122564147,0.3950527447140102,1.1711142829934846,0.5904887611284542,1.5582935454968667,1
0.09300959193067085,0.6934452596192512,0.9522870677158468,0.5835532256948525,0.7382295490804106,0.599654004550208,0.4054900303459222,0.42391031881355595,0.3009833640949504,0.46869792860054804,1
0.5209359594729592,0.6406701044274482,0.08129707363801905,0.7685904670559869,0.13940697320729528,0.8289381525574049,0.07380979775113423,0.39018369478121046,0.1280387420165089,0.24402868802170222,0
0.31031594463422013,0.41319532431414746,0.450012277274992,0.2716394560352227,0.5717481426661449,0.6920982402092143,0.8044735183638072,0.2504268890100148,0.4276868080037314,0.4893549645927968,2
0.3170414518350514,0.4919916933719709,0.17749109291859955,0.18397200069241582,0.9477372363991496,0.8593807868997065,0.5185793200238132,0.31501008450476753,0.8337831670811489,0.3212931731315262,3
0.02792583678805987,0.9432203875970165,0.6697218263933911,0.29855054741685944,0.9347729392024,0.36502294389637796,0.5776584760096567,0.592856413699553,0.691560291369022,0.7444918439535944,1
0.4851733200059385,0.1350006893314146,0.49535380811790136,0.33217668582614596,0.4251016800251659,0.5111284340976268,0.37540590287810616,0.797196411563119,0.2804510625135962,0.620232123724156,2
0.7230299284696446,0.947268306779045,0.6466684626152087,0.782978078664028,0.8700936914711118,0.28124683412772955,0.0812136950908012,1.0163936809965457,1.056060126414557,0.6601221918624824,3
-0.041663574625770444,0.783937949841331,0.5010737238811787,0.10071790391008076,1.2188162863868324,0.4602815728008439,0.7258661776735948,0.48584442526001215,0.9313075797189514,0.9237421339117367,1
0.8876892689233515,0.39164782752804295,0.0866660238935722,1.0874954732664874,-0.04560758811220733,0.055552877664262715,0.02443950408329381,0.8899848430243031,0.7485223131371006,0.08778589096127257,3
0.5291650728236068,0.10962581883202047,0.48096737586214294,0.288254065459413,0.3924091340453084,0.5200919998569882,0.34158661342901786,0.8351797906010725,0.33780726112955056,0.5642484184536424,2
0.1803223974872294,0.48613926136736885,0.8737415210521622,0.29327148585049995,0.10639745520640398,0.10213265654015816,0.9650969252874976,0.13709920791390753,0.9441954314413143,0.12804473263808142,3
0.01000069523813589,1.0671083968087771,0.6377638545133569,0.40537434416990104,0.9852500453821251,0.5549163720422519,0.6563066876178463,0.7891723996509227,0.5722464558748241,0.6129242681673404,1
0.1972365194318531,1.1196782172756816,0.8664199418673406,0.11631918614772518,0.9550078832495743,0.41393004405009964,0.7567597707053542,0.5705135556486628,0.539178103876301,0.6045785144715529,1
0.33642750199170146,0.8879773120635361,0.8447433804810193,0.3933214617879176,1.0398170573927294,0.04988248344962931,0.8209961577705461,0.9199265811839664,0.5361389163741965,-0.19773543644874214,2
0.49725232337353265,0.1893562545140074,0.2992648024152977,0.17873064300502098,0.3886921967680024,0.8507020396354138,0.9475172124394043,0.21354183748117095,0.46572933432822294,0.0367149978481429,3
0.26816930386803406,0.510714509400324,0.5615355648540353,0.3006408806495044,0.4896655480260762,0.7502610905775385,0.8578586746939976,0.29852777741893244,0.40249629303800766,0.437505043609021,2
-0.08112984736617904,1.1370480578451811,0.5745004426088024,0.304036165621924,0.7966161390679047,0.21010412852144764,0.7539593489254455,0.7401848911256976,0.7265064904910034,0.7935667889418094,1
0.09487909662675129,0.4762211029891628,0.09262869098667854,0.04554466243721558,0.4263527300807805,-0.019901912210238362,0.2087470838599372,0.29700253892882356,1.0411886620386788,0.2885571669775441,2
0.2558885930365891,0.36478006909879146,0.1787261181630136,-0.011585139534563575,0.4978980262757511,1.1808774964333089,0.8312372301519297,0.1224653769339211,0.6381260446984551,0.15133233213052788,3
0.5483160498717896,0.7103261554883092,0.10295757351830981,0.8052377515667049,0.1384587867467718,0.9327974389407074,0.11951706650369782,0.3179343755905667,0.059536426603621025,0.24227682804074668,0
1.2281855672076738,0.7212828408276841,0.35750983297986055,-0.08207042948606402,1.5517431186364168,0.4915811649121165,-0.44976733795611257,0.41711051160782314,0.8321812136812907,0.11873776928036228,2
0.04612714191986052,0.7807121563412913,0.8572952321130721,0.214314838467789,0.9801567709935817,0.539379600183176,0.6828923286232099,0.4594524959300753,0.7198853567559512,0.502644702431687,2
0.17464831395161806,0.48612133987240935,0.5830949614738352,1.0370661109813926,0.8535264115888876,0.10951683372501851,1.01135161165535,1.0995058020011055,0.557597166731281,0.8579249370264269,1
0.5019167776428823,0.15448594312984013,0.4867904868763749,0.30985394030942404,0.4161283399890128,0.4982508683033146,0.3769659715354811,0.8125806133437286,0.3059302344629181,0.6039213265889204,2
0.7506714695400031,0.42004935695485207,0.6722035411467331,0.541083344586266,0.6564629208079036,0.008789724547200242,0.734007516595208,0.3653253161040413,0.054166778975835876,0.09234441972223702,2
1.0021699762130565,0.7269224140561336,0.05947812539601399,1.188831568430651,-0.09754695086197449,0.07473763735812464,0.13759577491306751,0.9942605026192265,0.623938753030445,0.15604462370599087,3
0.2862215778995561,0.5223861324760839,-0.02467183043609894,0.3222856238554477,0.9710421209674538,0.5163847296268891,0.694695258419228,-0.26303262642818875,0.9843546632664231,-0.06876360344324445,3
0.4907487833946548,1.0419795538050456,0.32375197757738267,0.7682648604712108,0.14976068085838407,0.34386946723288964,0.7634714653671277,0.08721090247599328,0.2576617155671674,0.35575027001821014,1
0.43465466096733657,0.13037030854320428,0.4545954426826222,0.19510771340457836,0.45136231457892123,0.7872364365974189,0.7903264585842618,0.06219852629234812,0.395985049783811,-0.020990180236415107,3
0.24270542314082644,0.4268035447794289,0.5787884841164453,0.2466706150421287,0.7128204607685803,0.932566009658097,0.862593523300786,0.10375057533452758,0.4250038220636826,0.6709881385412142,3
0.8276669646643796,0.6639549787663523,0.6115940044780453,0.5309151790736302,1.065216746714174,0.8587171676357767,0.0201687267004238,0.21612535956260004,0.7659299481576014,0.5913745231616256,2
0.36972020914483184,0.8290981632620676,0.5569280911814565,0.8739798425842388,-0.0029869109711225233,0.1845197024582405,0.6673220084777713,0.28943508350548447,0.22412695739099436,0.12489863098404351,1
0.6977927174862659,0.37428760713186754,0.7978852463821398,0.6516728513554194,0.5286304126938676,0.7798198524326795,0.8349926313599347,0.390909764072771,0.4066512061231352,0.3181619950925131,2
0.11673809923269608,0.22600828407894263,0.19483915673065585,0.218750822057114,0.3227033403008248,0.9407010369962308,0.31219994180990496,0.3467154626034273,0.6578156442699546,0.5695426519204984,1
0.46240765187894833,0.545393092224017,0.18908023314971553,0.5727138176591742,0.4950024456557374,0.6750870166729755,0.9482809940278674,0.8631502548415498,0.4365414513944109,0.2167537463812189,3
0.46298339406825056,0.21794804336922005,0.30651421602584433,0.12493710175209499,0.3217608316544328,0.8525802218490627,0.9366276038497652,0.2811138839589205,0.47323414178486245,0.05433114184740025,3
0.09719302265862838,0.6753640990833472,0.9294362614616052,0.6076603312518729,0.7063547970958389,0.6428616179452601,0.4267391042133193,0.457464246575958,0.33433356481537607,0.4882237006305376,1
0.5230131466409279,0.13645791154091458,0.3759762759295893,0.1895767885002791,0.3006677327357901,0.7582391161354537,0.9925754446446614,0.34829361394407654,0.4175034664688533,0.12840694723651924,3
0.9410366210280543,0.47962820897065656,0.019145553427065823,0.9944633929252976,0.044714599118399215,0.1348613362276481,0.01944845592466044,0.8821974727826104,0.7912233044848443,0.03866473627829174,3
0.4417204767010504,0.38683225906990404,0.06195829821698619,0.4607914962036319,0.310677224270952,0.0652383102054068,0.0854194136336075,0.7348689753391812,0.06398985619735803,0.6837119482872451,2
0.3327803331555862,0.4145140702758398,0.4737339205791171,0.27838143766527607,0.6017790279040102,0.7150070234556813,0.7960901829487899,0.2432348491049388,0.4143809502691412,0.5131633469202304,2
0.06320519470711385,0.3227923775528754,0.06917253612196882,-0.006090820362520538,0.47872532761913045,0.20728504869229708,0.23656699125684072,0.2631515746132352,0.9041157275186775,0.3489548524330123,2
0.3754237485876775,0.5646594888421874,0.41518183857496943,0.12964309909248847,0.0042356947034377715,0.6434398561122647,0.011894891325611147,0.6923911191093611,0.8807872660413778,0.2181276377605147,3
0.5435956790194165,0.012204460884217672,0.37400692024001925,-0.6327973465820581,0.7474391403058015,0.0448490911141588,0.7979373715711514,0.6161903074864566,1.082104835973238,0.9621935266853833,3
0.26908274538333254,0.5659323170280138,0.8884392865649531,0.14840251794651665,0.11929471724617366,0.13614952970885158,0.9072817289501424,0.3141181174266665,1.0194589473556903,0.25813212090592125,3
1.0216303853883881,0.6525465075085005,0.20643912223399916,0.9607712391363942,0.6266235152281074,0.7064458670663578,0.4745941860164971,0.9603376585757927,-0.013194941655861075,0.013200463492044248,2
0.9793139482635733,0.4308341661917383,0.7191760036171685,0.04400280402457064,0.17360668933277648,0.22355207139016886,0.17252549487521388,0.9312780730429079,0.8130946519317528,0.8432972671350909,1
0.32483336392877743,0.8152036699352888,0.8487612868067996,0.5487077690719541,0.7976734818670487,0.18717149395270016,0.9274978958678364,1.0195811978229643,0.454322263360775,0.18156385088247773,2
0.13369277145526076,0.6977827500249405,0.2775807426059074,0.5527732293301496,1.1190696031753218,0.7634263980920586,1.1965717650042351,0.7660666572547,-0.013240554025037862,0.5735823323682148,3
0.046748056040823494,0.9701842547535389,0.7063134608372312,0.2748620934631725,0.9605715902813033,0.41721828625399565,0.592094158396286,0.5802931330881724,0.6796003664906045,0.7307970181090996,1
0.23757423459867585,0.9644883337241591,0.6376067418180429,0.4751361429205141,0.766003566089028,0.6606919841996048,0.6238499722292177,0.5243683498845636,0.19042799966638235,0.32262108327636313,3
0.40487753631939816,0.3625145365503529,0.1555669267553365,0.569654001411561,0.2731019402562626,0.0894028008120077,0.08464959524050922,0.8494536310490046,0.018759345167873698,0.5506989593719334,2
0.954236937591701,0.1181980038614692,-0.0006832209742278061,0.7510546722179168,1.0292489869530057,0.16297012590343865,0.6587673893463697,0.7487060104727877,0.6320165283975988,0.6844685439440654,1
0.32254068768862526,0.41819435777430497,0.45308250137384537,0.263578040047981,0.5842398103331646,0.7044776288100106,0.8082059961731506,0.23365783889966535,0.41797217463895214,0.4863259485722157,2
0.702823064505927,0.2144999244071228,0.31997123074764033,0.3371414539153521,0.5634405479987469,0.6588324774775723,1.0064999547759106,0.24480876176475289,0.4948364417200951,0.050152355506963266,3
0.18927121912543293,0.43554201303345286,0.6137934075613533,0.9933941255017751,0.8136887078051184,0.2111447896280247,0.8142844246517397,0.9617780485707559,0.5593139847474965,1.1555211063405348,1
0.08612902498721484,0.6759567464768531,0.9490095027615354,0.6322872490133725,0.7127166698579727,0.6361032649812506,0.41547083088402936,0.46465688458326393,0.35962711687099364,0.4926966451411381,1
0.8923060544804922,0.6556974347134764,0.4911763685821101,0.39270630345349766,0.2700582334141013,0.3010145147521515,0.2834081174651847,0.10403334040171708,0.3154463535486284,0.8054633733740695,1
0.3400964860907642,0.3995555413836962,0.4355707222631152,0.22400737336617083,0.6097836113923311,0.7430794662751484,0.8093588161623178,0.18959520565892754,0.45516569030713944,0.5352032247957299,2
0.6226023358168782,1.2290634541171483,0.49700434489988554,0.07674694625643763,1.0201965421869623,1.2301213433345544,0.16593097302896848,0.46048567495895204,1.127210699360458,0.6051897081193629,2
0.95093499992748,0.6324087330799936,0.17993718393334368,0.8328546964696004,0.6332873031872703,0.5760054837458948,0.5408557023273097,0.924559991463918,-0.06438798122674157,0.11789822266873803,2
-0.07375859640169258,1.1918848113284919,0.23862455128535265,0.5058679339415694,0.635988095654182,-0.08753382867814724,0.7570396323339518,0.30025333114882946,0.2311755010572564,1.1513857112349901,1
0.13310069883735956,0.07746541623620637,0.6347266159445444,0.8469081375392256,0.8242936282170084,0.3686587806510031,0.5981008436397535,0.11038558510641736,0.24491511332668175,0.31233216184975593,3
-0.107241929851904,0.8018923892706097,0.6165773126441145,0.5042046741280286,0.8834701582199717,0.3691723402725476,0.6759709087566256,0.6746318869195698,0.5392556051472989,0.668178092847507,1
0.1590848074291804,0.7217024241695533,1.0998998085581795,0.009594689176353477,0.9343436392977943,0.27736053288966084,0.9650470380852973,0.21766343769695523,0.5670621771599048,0.8746117092039845,1
0.14355405615215952,0.1696968842853269,0.13934222651754286,0.19907834368336771,0.3166316324794475,0.896653600566052,0.2604065736976791,0.29655232866525827,0.6725782642954662,0.5550234694888236,1
0.7835946131670339,0.3863862918747551,0.5976132420213809,0.7093920571353521,0.7042864515000065,0.934271954116394,0.44315563547115344,0.30423339738071864,-0.006576720742032693,0.5111410022300494,2
0.12908125668763243,0.3682000139803194,0.046377194872135194,0.015299306895460885,0.4199633351824441,0.056040701705978246,0.1878462192845858,0.33221145595846463,0.9069700822080995,0.2091211900171962,2
0.12853283052930875,0.2872983062696641,0.4220370077975424,0.28306169001739345,0.5781786526562709,0.9205533971327589,0.7732476379967301,0.07164749902557091,0.4110382452292897,0.5393894046567644,3
0.6480179311187975,1.1488450204977894,0.3705357580514741,1.1755889829873463,0.5873804305211886,0.16840414679776933,0.15694425984445579,0.7171562791251109,1.2516129841885761,0.8279291693610642,3
0.21198856822966142,0.5425854092801174,0.6617500596607613,-0.13005439143066022,0.5303951450598113,0.3092151702918515,0.6623148555182864,0.26984369664141805,1.0226177008719746,0.29360315006468213,3
0.4920675568901759,0.43654654260449716,0.19808829417831697,0.6145668809503597,0.255072351516046,0.17807160920509665,0.16858932936137155,0.8514099787192418,0.025753219376372337,0.6719111582093281,2
0.7599884141992936,0.6419779210960083,0.15665724650693216,0.7406283185568316,0.48463974681860256,0.8028731663846616,0.4263113773742827,0.8991770742429429,0.011899995711741631,0.15917894757177686,2
0.27351761104099237,0.8897902246629328,0.9576171866566466,0.6610237353247164,0.6989553504624934,0.14619609954151896,0.7748849996752392,0.8943791791464194,0.5899778708206905,0.14403012757834724,2
0.3199881296484104,0.7045778015325815,0.7082690991431029,0.3651545284249033,0.7755648121603633,0.36539359817844447,0.6552392149153482,0.20450147367923,0.5819458337024938,0.33994375696025825,1
0.15725294052138217,0.9842503950235774,0.610825878982306,0.3361511307829174,0.9596755146896413,0.3643912686875574,0.6888072935099215,0.5765152666056653,0.7513712926934898,0.6510805028697894,1
0.30134753158180616,0.9780691477425932,0.6946132938761864,0.49670110171986914,0.7456112936807372,0.6332262917701039,0.5940226165873114,0.49910467189060037,0.14986763055840105,0.31682434543309634,3
0.9900022348488865,0.22754830091758155,1.1100149317011545,-0.16451477170925993,0.5906615877056894,0.5281960203117785,1.023280685437655,0.7949476503591529,1.096232780693203,1.0175850696267448,3
0.05798593111762502,0.9761813000406024,0.6922519436104816,0.2868550712804029,0.9594785152771867,0.3794964311180688,0.6147736332711091,0.6008629316659747,0.6730153513077209,0.7065343878807314,1
0.8583409335836087,0.10713033913336303,-0.007857773547406806,1.0135806352042214,1.0969450281700213,0.07035386284109461,0.8244605012457733,0.2723682908208371,0.8797067784066389,0.7033736371590423,1
0.7279911925366445,-0.010780396284577373,0.16207552309078935,0.7467656251396193,1.0351440070299538,-0.00768058948587283,0.7393311289965591,0.8546885081218402,0.5168427312694195,0.5456103957803339,1
0.21985162314544465,1.000476469408222,0.800199181961565,0.6781790924035379,0.42372800249964454,0.3416918371691609,0.8055722412987798,0.19044861131025942,0.46967046164070464,0.7677938068203337,1
0.05695784935020065,0.3514304352105716,1.1737029277701385,0.36799680669893353,0.2587043890841577,-0.06415313494283868,0.9560041653406306,0.1627192905183136,0.7869588184421089,0.3748294913796336,3
0.024175297946038815,0.5351677315406713,0.6723577100101696,1.0128446724320945,0.8937406316245304,0.00224065970563795,0.8874391286697332,0.8908869602801905,0.6059123868589442,0.9604306781344295,1
0.08767000837250699,0.13898782133759835,0.2302554429223628,0.23041537702886686,0.3243382499886288,0.8939379901277521,0.2166460724810316,0.27038581251472776,0.6578706928606722,0.48655224370039457,1
0.054813991518318596,0.7712128926380232,0.8433981152422405,0.2165639922636468,0.9852682744480173,0.5314792033455935,0.6833647704085083,0.46375608104421,0.713246978983389,0.505905942560893,2
0.5319661591061,0.36638336598450516,0.020242607471800553,0.3677313449757279,0.1527024752419564,-0.01377517045414274,0.17686074265794338,0.9676193275415214,-0.008599044362104874,0.5369341132100558,2
-0.1768452685658815,0.19534236232762084,0.8476897466446447,0.12947128119858128,-0.00912231276162559,0.6816060827680669,0.45749390398347844,0.4605229501341573,-0.023339782076833418,0.4227508842100637,3
0.3980110636300308,0.7753008168750184,0.534641545229021,0.7209746915805152,-0.008863214735967084,0.2758997307601265,0.5366518080422034,0.24655697833027396,0.24967799984762515,0.2104304986978201,1
0.5086413463228234,0.4108852221054775,0.05068679576430773,0.565103398231052,0.39868555285449087,0.10025561786788578,0.03107491906307723,0.8127525810768287,0.05036703305801858,0.6332534586127639,2
0.13147850345613377,0.37618559541754387,0.022105306343414507,0.060068777286438384,0.452892689821545,0.07231478526079693,0.15275238289432289,0.3751094100328747,0.9199631480276576,0.2542021742358544,2
0.3956975610211328,0.810047044690974,0.47732096924617246,0.7946829268054226,-0.02599339094573057,0.2992266905132941,0.5716243510536074,0.218231151815345,0.15101529595906077,0.19109161037135464,1
0.47851687714688373,0.8032023863342648,0.15218646890764229,0.3877648973162245,0.05128664429258133,0.9001359407241948,0.5026912354859525,0.46542312345748454,0.17592046142496298,0.9210471025040152,1
0.8652525692816107,0.4203767604099363,0.01623086044177912,1.0033873928877663,0.0323303859846488,0.27906270655290577,0.02316012027822876,0.8550091206531337,0.9252237756453413,0.15205323914020313,3
0.311900073229828,0.5798792735091117,0.3388579443883087,-0.07210390711700188,0.4039278593524836,-0.04074444676615696,0.8234509827922123,0.49210557498624824,0.6716388146888361,0.812458515391167,2
0.5437990774562799,0.7189219953158178,1.152680686517215,1.3006689302134467,1.1794608081605102,0.3095241043940555,-0.25593703817131663,1.274705741328071,0.8313654967394475,0.6068826082339691,3
0.250968940558988,1.096439902871607,0.8151971471408209,0.8712802894018399,0.26448004947421067,0.40425014536430365,0.8228918707310906,0.28410799778778395,0.3731864417260282,0.6866308223397476,1
0.38477439115096107,0.27899700319864573,0.39599365316850177,0.40929283901184754,0.24156074374825223,0.5074766850533434,0.4085251070879805,0.8729625448609896,0.10798759343710157,0.5769333395486809,2
0.32754770849576265,0.01958349505760132,0.5599947140449104,0.09594095500560909,0.8794005634720901,0.4659090871708328,0.3819140382601237,-0.025003103077600522,0.2263916378632631,0.09035039118742744,3
0.47664655259592387,0.3946540688814099,0.20029186570646174,0.43412418200059,0.44166738176166703,0.04049683549314258,-0.008060043161117192,0.7428900329754394,-0.02482928452070389,0.5858968547231397,2
1.0632881045362603,0.566252410568099,0.06525096615214794,0.978170885196847,-0.004226593771489359,0.012340714601674976,0.1269069941781817,0.8214416471064889,0.8241837415493332,0.09119133989577444,3
1.3035988842445905,0.4745708170219579,-0.29167612540159515,0.7666487747757699,0.6738756321340633,0.13974804985923522,0.5424804808804308,0.8642963382182678,0.6151684475504134,0.4962877843686664,1
0.4594109357130379,0.5380929103275748,0.1885411190822307,0.5751420118659419,0.4965155672956526,0.662311853452179,0.9585365248044001,0.8757440274704453,0.44131460150533486,0.2145420520263925,3
0.5884052826928385,0.2900692663646714,0.3175762609483023,0.5436690348220593,0.12198944987295898,0.2514119341859864,0.19127818446523875,0.6756709672013139,0.32350888717492216,0.4855760729173785,2
0.11618909358652782,0.8050053724235894,0.6848817752103461,0.8986092049608926,0.543989312579724,0.46052984719297957,1.0008231734453954,-0.10241114474981092,0.2004672573975941,0.513612615457322,1
0.1036094123679349,0.4973209760436623,0.08965510214529471,0.166939322651989,0.2758635553318908,0.20080680371602533,0.04100940047251664,0.23195822752034603,0.9745864937003778,0.38730155194926563,2
0.8014069730363185,-0.1670441729483363,0.5828127512945085,0.048106702788371536,0.5667162493221827,-0.4301918562634279,0.4424800266049809,0.206195839240216,0.3170939778901617,1.1625306255544339,1
0.6849162715950001,0.21253395948482212,-0.19701465751101707,0.8845682346313057,1.0862842847190697,0.23440085462353422,0.47704920398865963,0.8305262267667098,0.6890259438691462,0.7016496899201083,1
0.40191184919810413,1.0463179739874895,0.7811349060209949,0.8435699281726435,0.3714097136660431,0.1480848045176263,1.0670519832428793,-0.11729916397155934,0.17219530864291235,0.6327301706000648,1
0.09249959865636659,0.6236161048752163,0.5075180952560252,0.34492663744486507,0.025314479559243264,0.5164821048741708,1.256138797701547,0.028091870237677063,0.5875931860906002,0.6731558772914686,1
0.2992882870438897,0.39525096386423164,0.44465717185738773,0.21131798986878225,0.6219331082637695,0.7264471123260758,0.8537356518077425,0.28447564364962286,0.423418175551643,0.5582407587082255,2
0.3238830878887794,0.4723398640825065,0.44348355708233306,0.23346698799408944,0.5642553012250778,0.7077897327609171,0.774679054557689,0.2239437260034242,0.4266870287050634,0.47022847670365403,2
0.30981190168819905,0.8767356872598677,0.8938103366158712,0.8567342278160234,0.35759913972078217,0.9588561244791552,-0.18108501200206878,0.9718478335420274,1.1269036825402634,0.9764866461597292,3
0.34921292773824975,0.8972079753142094,0.38685900903926645,0.874953255710058,0.08639358282375792,0.30700962510837015,0.6980216015675414,0.30684684124060113,0.07126560397204106,0.07039484749050087,1
0.7102327922084689,0.15340090395296496,0.44335685211954146,0.4625617331164859,0.08099088249495494,0.294699212015809,0.1640619584027953,0.544908544316805,0.5415665711375404,0.7972645053668623,3
0.48427786493413105,0.5019423750649142,0.13625703414761622,0.588000977650098,0.4463144124895144,0.7213164710382718,0.9813234806445855,0.9177371834441256,0.4008407931785948,0.25316962421601347,3
0.2938884490898962,1.0214969754981975,0.8098339234141783,0.5844273441503983,0.820362604552822,0.12871684176930356,0.7933099369522624,0.9317831653726056,0.5457649074006793,0.020595573828229165,2
0.4329901126286694,0.2703144363405525,0.4258837554177236,0.15684531210795763,0.1290394294241353,0.630642900709662,0.27912559385401,0.1538115904214002,0.9083559981879741,0.20069094851009,3
0.45424357420388634,1.0061232598711787,0.6889574220967463,0.759853264109564,1.1227372622310563,0.5735294690881053,-0.10470442431125937,0.870532270204009,0.6918817717799752,0.9598183393271701,3
0.5287611286719489,1.1151767763978615,0.7967285390524629,0.7924528870286349,0.42492946798629083,0.1217362735458851,0.6795349514569896,0.3144163564191057,0.15937494784066367,0.7425437466864387,1
0.4842304804099064,0.8270154587482456,0.7474118321345591,0.9029668865146572,0.806626030129059,0.44125427567554304,0.17557799711510608,0.9504423663367028,0.9529677774589955,0.8582629275151342,3
0.45933890082011836,0.21155617431429433,0.29538541455590794,0.16318030926945,0.35640972617329786,0.8685609740850886,0.93041686158658,0.25638295259576105,0.46442919591934984,0.020381301964170876,3
0.26316478228310886,0.9482603983903732,0.6927370059153805,0.5110331916212675,0.780286786369318,0.5991308638369488,0.6506781775276043,0.5348236570198684,0.14495975967689095,0.3308396648996233,3
0.0434552006212916,0.31352678781496013,1.172365801494332,0.612018464928047,0.6381969140255942,0.5486271422329791,1.0880292447568274,-0.17822599383305743,0.4039019476948349,0.09838736992723357,3
0.940835869214091,0.15141425113888707,0.6741829685700141,0.8995242349507672,0.308392979387645,0.8038186159447218,0.3789799469488924,0.4218372473360849,0.1597060316903358,0.4299842561742906,2
0.6454656444256669,0.18979156054735039,0.4153300870200167,0.5122755341370557,0.08825000504450588,0.2798879684770386,0.15622660014596443,0.5215492189288384,0.5411653757760043,0.817274055158124,3
0.44747593756456633,0.015513917813209918,0.6684354371924178,0.22169210957637758,0.26390085459211615,0.6393162321957798,0.38657187120627534,0.3233289225958322,1.018145157417636,0.23825083102880515,3
0.21181043118404236,0.1337869901946828,0.8122509496445806,0.2877255156441785,0.3214944985921754,0.19023209895371573,1.0437719006411925,0.80430737512084,0.3699844637052313,0.1039643167187281,3
0.1936987559378921,0.6721884295599134,0.3310093503385493,0.39994369039963,0.5479833209757615,0.8551398537004281,0.7405679451378829,0.13743899033944282,0.21666101223246853,0.6712504036046338,3
0.5239062724887499,0.36716918923766184,0.3068810358151797,0.2545725578198,0.450505081812278,0.739152309414691,0.8256125776249024,0.17605586116242405,0.24446765258583758,-0.13530732967827092,3
0.08679413547783013,0.9813386629700852,0.664595975683013,0.2838113503248217,0.9643792746581978,0.37466215602635894,0.5774150487994874,0.564003475528534,0.7072384375580814,0.6906217553955946,1
0.9684078451061572,0.43835071764535316,0.07824667167621568,0.9977961951279309,0.036185838961642784,0.10132149356814665,-0.0020039036155717095,0.9451400117930734,0.8247465540884166,0.039780238807663224,3
0.9251823877646234,0.4663648610594729,0.015971349680438424,1.0058410017456567,0.029106669397832168,0.1345860146754944,0.029793527402791745,0.894614747158923,0.7735849128400007,0.022370017481264715,3
0.44520755877453505,0.5405205904662304,0.3971042182133432,0.16360320006545323,0.07026884803175962,0.6680720069478644,0.025532411195356337,0.6296986850695563,0.9161254931830629,0.13358150623162227,3
0.9511500842841455,0.6967923714203494,0.5078551698656506,0.49863089217462836,0.24373297587232348,0.30698536809593585,0.2787062233360534,0.1495897721254221,0.35144388012379324,0.8556405056158531,1
0.4008777995937338,0.9502237833765397,0.3906113288716363,0.825863925699819,-0.024135142991620343,0.2576863997221484,0.6918423452625725,0.17043514283365624,0.22299647630116184,0.22385938913248002,1
0.3512596833298856,0.9097238921480203,0.7418597521602363,0.6752530955964692,0.47871446911306315,0.2885351366605694,0.9592738858782865,0.042012214686285326,0.4283523034987442,0.6637157201350381,1
0.47608456757464446,0.6210953124868968,-0.04841020366180962,0.4157792793042667,0.3801592303129941,0.31740974494790775,0.034966761291568636,0.9802121623229691,0.2836932772196361,0.566698862276305,2
0.3693881833642764,0.9316569139850119,0.8742491688605493,0.6669852990470162,0.772520598890103,0.23421976262880453,0.8947557200896693,0.9092184995828753,0.5967184620819217,0.12605379365356253,2
0.7817165139300065,0.7628452823534491,0.5969371880817637,0.36160525872441346,0.9991349366060326,1.0682977851427842,0.1764119651305795,0.3095956929249395,0.8138444249683283,0.5381338769921307,2
0.40822061942203186,0.5551364490453677,0.4170150624987861,0.1827854438367305,0.08633281825489056,0.6468031786901025,0.016021627447988795,0.6271533446454487,0.9497503684590339,0.1982232478759145,3
0.9308173598077688,0.7157897790948865,0.4125695862386844,0.40022349092225734,0.2663311690929748,0.37492496901941785,0.2827789614858554,0.028738012439829527,0.36105889365105553,0.8084420843182697,1
0.19994856763727092,0.6294463310591538,-0.27473549639400885,1.0981858658770474,1.9652838466559022,-0.9099450364415652,1.620238975901857,0.037324597518769154,1.1906951659090939,1.1019662094446248,1
0.20245952680798182,0.582151711918302,0.21473563714505875,0.7509332767932211,0.4184099405669133,1.1064905872704585,0.14704315940762064,0.4102605808476058,0.38590302619788847,0.35226752422002705,0
-0.030233917254282386,1.0152434002672202,0.6666377152160797,0.0779748300390451,0.9928893531974206,0.65619963465933,0.6027072289090505,0.6115242496947152,0.7593195410975139,0.6162964526318625,1
0.09454171309541187,0.37987150531243496,0.038196160083083255,0.027790665599574438,0.40140630009993017,0.01998272630571897,0.1464367548633374,0.34228994631271104,0.8544389304691217,0.3134514078739886,2
0.921246803197435,0.8476494542107236,0.45017912891327116,0.29974326203825347,0.1237970841659568,0.12372808415936895,0.12604425314342915,0.2008886397353735,0.5707232971123469,0.7964784761417765,1
0.6163453455744655,0.9535855538604078,0.3140774968982518,0.5623494563399417,0.939036912717543,0.4563986775022131,1.0022679294322157,0.10139072181050138,0.8596641825994433,0.8045071074899968,1
0.33296443600219305,0.3597845576889981,0.49496708541263135,0.33230614842909156,0.6087605549316614,0.6997550740826152,0.7442472298342194,0.16506644619478317,0.4013784679086164,0.439779511384478,2
0.5963163209478173,0.9431682893940493,0.2979523809059906,0.5809195265472441,0.9637524339171888,0.488866868217043,0.9774660917486017,0.14477178683189032,0.8717710059705691,0.8173911354941589,1
0.06661171028366707,0.7588531198526279,0.8581020456102043,0.2147612602320238,0.9819952300466166,0.542188318693229,0.6881883142829185,0.4715968476933148,0.729393629806177,0.5069879581792053,2
0.30194234693204186,0.44378968456678913,0.47578814069963177,0.28615344707351226,0.5886381284497428,0.7231240144201139,0.8157080915755871,0.2619315097998758,0.4073089317899875,0.4694581758640225,2
0.2459140788481519,0.27670804167203206,0.2405195825464556,0.0903334575235313,0.6991110352063509,0.9832805594118514,0.6795946282628562,-0.08538698642858633,0.5747136572331657,0.4322326571923283,3
0.09034257324200942,-0.20706725078111643,1.2535251691685732,-0.22796577506735766,-0.18048378101152146,-0.2607185550788469,0.8520560310983916,0.3818081424447235,1.100992777424304,-0.1308906134601509,3
0.1433070215265299,0.5802035225582352,0.9550232792003684,0.5615314344545794,0.6925718520173537,0.652044744400335,0.35925715731292157,0.3956633660275762,0.36458084446587596,0.37829672151128596,1
0.5923258127659154,0.7281536239421404,0.17790373875509147,-0.163055290309246,-0.5293142963142741,0.8492185348132599,-0.0468998930615977,1.7015654053983829,1.577708956562283,0.9308964496867963,1
0.0773984493891604,0.41047174774025375,-0.03059686339864022,0.05005230431746347,0.5766850365446683,0.10101015276688213,0.29611122442174337,0.5317778150407068,1.031259907471434,0.4100893589599327,2
0.45511355774221723,0.5293659859788882,0.18720300052424702,0.563087764541936,0.49697137761912863,0.6624954978574612,0.9512516413515236,0.8666523968108526,0.4483278646251897,0.20490864793647476,3
0.20226247530974,0.8043385554453851,0.8235424692954818,0.6449867974941739,0.6260103513144506,0.5315843022956419,0.622147180502278,0.4181421848159817,0.3205574226269019,0.6911058222978298,1
0.18218475648178092,0.06597510675680004,0.4676654549505179,0.9215744924495457,0.8806486961011899,0.4684043700213181,0.511721690361032,0.06630503340022148,0.2868743587921665,0.2542738077928422,3
0.9227939984092466,0.5124081037934352,0.06505591440457648,0.9665968822026237,0.08151942711948774,0.15413119150589405,0.06312341910305833,0.8704615560848132,0.7382470899032135,0.07612024974977301,3
0.9218383983274431,0.4283136888170418,-0.019334153061457714,0.9542680477051777,0.016445438393831634,0.13039174471772372,0.04197729285223531,0.8349699928863165,0.7691217222807736,0.020849259655559737,3
0.26900448329883236,0.9924120343518011,0.9028895833104013,0.5747997251220915,0.7906864517203495,0.18868689549761192,0.8637121217662285,0.9175370072501705,0.5648534352113557,0.08010488701287344,2
0.3378306277145981,0.9830914123727112,0.7115029234183241,0.8123906756835945,0.4690590476971646,0.31776510857534307,0.8537283531344726,0.06407451015016286,0.3662111597111503,0.7341038967805927,1
0.7634188745760913,0.3442763099457634,-0.01997851519700404,0.7563287636022289,-0.14891928839844612,0.07205328975819293,-0.07447168900649871,1.0685698588185641,0.8312740524490703,0.08310123096588112,3
0.42265637447937787,0.6097920371094281,-0.15577089525316168,0.5107505895724372,0.3146111382385999,-0.14389596343565755,0.0076809924098241444,0.9500297165391364,0.06264904439226276,0.8344520868312278,2
1.0683793761911093,0.29348257469033834,-0.0876319268495849,1.138925637726335,-0.09705010439048276,0.2977113448934582,0.08821882268988816,0.7658457517736641,0.895008314335389,0.03149058171955898,3
0.36563175220745164,1.221811767181427,0.9993401813893452,0.2652830806311765,0.9932868242792917,0.4824249461504861,1.0554060389816717,0.8980612941284117,0.4425684209469715,-0.18055971883680566,2
0.24483487301300633,0.6020743744040035,1.0611679052808325,0.6300706656979355,0.5687211735963782,0.5117572029646111,0.3963285821310522,0.48135574053959573,0.278812014447713,0.5902317178067791,1
0.002975415871285206,0.08721568382439189,0.10995850416276765,0.34940813758469097,0.3230337028121218,0.9244661102016158,0.3954767502059894,0.22723299425255097,0.684959966570909,0.5148295613858948,1
1.8629967844795905,0.2144387430096817,1.558029393998614,0.1452712286685553,0.593641845048352,0.9327052774733597,1.3992834915623138,0.40261095024805893,0.5221148684258861,0.640087302239915,3
-0.3552561619619027,0.2667867781665102,1.3732284219859845,0.5885897970828361,0.34758506213921603,-0.4154512352723172,1.4391845419309828,0.14821421901907533,-0.13514118033361655,0.7567840374452179,1
0.017234220530499292,0.922718367229227,1.0449195389512893,0.3674277507317151,0.5762047046584295,0.7273198071765097,0.3187405206386459,0.5631725523182272,0.3735482910406505,0.41927456921527895,1
0.7587272239438434,0.46275904135964063,0.5765765798559115,0.7788320345489884,0.5656977210271492,0.90197761396225,0.6877742600359058,0.2467326619173651,0.20535105698881803,0.460379362511473,2
0.6655527889671214,0.4480742550921613,0.5894280104001833,0.7819671740794676,0.58133481190582,0.9624603957815947,0.6279416909899708,0.34991572966175566,0.2304462453644717,0.5034479618107052,2
0.15970107838442496,0.29755296439494683,0.03001130087819809,0.16082161822386698,0.4114745989367721,1.0361820249907328,0.1974799611845704,0.443602900965816,0.6699519835714844,0.5577053395635473,1
0.9520076424905994,0.8403924117377088,0.4792089897230355,0.3464389881813245,0.3803415912409092,0.6553365056402465,0.2596910999981303,1.0355507762200105,0.5355908910736862,0.848107409750974,3
0.060312062262790234,0.5844730633361819,0.5855595725053262,0.9987615942799687,0.9793121167911867,0.03840833146662445,0.8430423393304793,0.9502742957679928,0.5838023542031444,0.895749546779799,1
0.45513694888891987,0.5314623104771702,0.7141392698673983,0.16851039748901497,0.5933374206334872,0.9540330560244427,0.9880560786631506,-0.14719027552258246,0.629049911359342,0.8866146226262247,3
0.7451765191597681,0.8395910704066415,0.6292961122623558,0.26770156142047047,0.909006622041989,0.9911522645104852,0.1434276464544968,0.4399790288014443,0.683447494626168,0.4253576316245573,2
0.5820185229549085,0.3437421000624572,0.21123670609569367,0.13190747493126875,0.23614185732572446,0.8501930247045842,0.8015482905763454,0.3316710266400407,0.5619264695469416,0.17174627191570505,3
0.5188104193892578,1.486398619942415,1.1128004813445758,0.4129819942126919,0.7930414764943234,1.1500373791014158,0.3479571199468203,0.26310573647955793,1.3025644015161215,0.18948857066688235,2
0.8523431509568649,0.7691922969706508,0.7049991963688407,0.22272665419003285,0.5612171871418239,0.5425513041059157,0.5970349323930209,1.0046925057124863,0.7739784998639954,0.7142335302074911,3
0.8243022321360356,0.5741467443106506,0.7007761084139551,0.6080658747831486,0.0883790074875839,0.3557482105652599,0.016042107647155468,0.44187720355418003,0.2879513407469952,0.5374137992776087,3
0.38988463248502875,0.3768732042988113,0.08956528619791239,0.5746469948011098,0.32963457519060496,0.16277699274878127,0.04279234889175902,0.7579882549057718,0.09500235386849465,0.5457789414667928,2
0.884925066287872,0.6570094023685529,0.2220213404810128,0.05933655728885012,0.01138449553018148,0.4265608089176903,0.40087386715799145,0.8144649947092724,0.2687370587044447,0.34860280183473247,0
0.4316705305957298,0.8035759460147676,0.13999755214286813,0.33631602986162973,0.015454269879002613,0.9713414961674065,0.5921021218835893,0.496272186676346,0.22129600647972414,0.9598466997162353,1
0.9789280574988677,0.30023964380856333,0.600074340534414,0.3834849548406214,-0.14963313201583328,0.4878134074835826,0.29652796417962873,0.7196610608789173,0.5803886689260365,0.5883679215838604,3
0.4790215878074993,0.18352626723056123,0.27543335835458477,0.13321412918616524,0.32974683501592017,0.8783739393166118,0.9750384673110318,0.2749916937689202,0.47788320438191595,0.010762879150509028,3
0.48413295304824805,0.33552916273328615,0.18271299172205935,1.226903054437381,0.9773954641864158,1.0891938668605734,0.21394471929398262,0.9703107191270566,0.3398767552941421,0.6927631801940985,3
0.7991679756628803,0.5604327086784695,0.01511579113172666,1.140840271548523,0.07218524224357806,0.33740827926492123,0.030517214497022417,0.8999527743956142,0.777757018610853,0.12090345656842501,3
1.540152731844619,0.6259106711534276,1.9272126876199915,-0.026057109793167124,0.6975211903737754,0.1391619129789854,-0.8024558629522381,-0.0787968070390136,1.749272599461503,1.9681489438631883,1
0.29201615556196237,0.4647305168609768,0.37040269272328835,0.23867861125177636,0.5847366252965324,0.6923057400745398,0.8976925562842872,0.26164610231865093,0.49223412160840047,0.4174152014929865,2
0.8671283471233837,0.14100663922873125,0.17357567149386652,0.7723872397830774,1.0623504579073701,-0.04574363745556348,0.5510961439214579,0.8450569276098916,0.7536132867924312,0.8947520174759293,1
0.45085571818196346,0.840828638453487,1.047846323206294,0.4905486348550509,0.8857815266865475,0.12391162407661463,1.0314910642116257,0.9830909267749799,0.7006384725728263,0.11716548304472967,2
0.7443409581055531,0.6314681139093938,0.8510589679052168,0.07870421954638623,0.13822740717333645,0.08133438134267995,0.3277051902534321,0.9297764945524855,0.8994353123317635,0.8507390798419364,1
0.3395844945488261,0.51350685543327,0.11897320912059808,0.16634774649023032,0.8033708452820442,0.900168769156313,0.8259072532826209,-0.020033419755290327,0.7507460892723505,0.3129712208009752,3
0.3096830377672077,0.41881285679882596,0.45495636011328144,0.2653860669958301,0.5912914259101669,0.6945110756830675,0.8151815039242744,0.22914723167895823,0.40961725119953624,0.48810311697951686,2
0.2652234867364568,0.22424579729176378,0.05967648415945086,0.0570321709700443,0.491649453589015,0.1963954214421557,0.10033044443476066,0.46573589043012786,1.0501746411653436,0.3893620804059493,2
0.3169253837141697,0.5990830686085633,0.12501399253367806,0.5799523938448621,0.072180523194671,1.0925865747569325,0.12605239924209202,0.3725204381121333,0.4056360575261516,0.33854034774308717,1
0.33026828544785397,0.42868981923780786,0.46826216234463275,0.279607010520617,0.5708720661856093,0.689745780739966,0.8255335071460083,0.24130426759104057,0.41562268349644393,0.47905845949585096,2
1.1139484818265,1.5525198709195114,0.9062255495515563,0.5388910839810583,0.40085437249145495,0.32676721815850035,0.5180750854467489,-0.5326226251406785,0.27685847330734514,0.6432736630970525,1
0.2984828462436032,0.2397924926588592,0.324474697244031,0.07117086604318326,0.20961632281420786,0.7040663833440334,0.7915756179004827,0.1681892098572283,0.2523943644045301,-0.013201679480346895,3
0.012773686873039758,0.1681899339912512,0.12475379128917892,0.3902717382328016,0.13355552861054817,0.8939368245474848,0.42055495524577946,0.4411880006544092,0.6207735503554205,0.4649170417068225,1
0.16154221827654186,0.34423318174012335,0.025355607232841325,0.021947173185595914,0.5002528082873919,0.03742767781287531,0.1552542940451391,0.3545479581734717,0.9083696440938552,0.30288581633625394,2
0.04807059984076035,0.8780062261477819,0.05323317052163412,0.2882289116098893,0.7826045183053879,0.8654720864565192,0.5936056589922873,0.2692530827379241,0.2266419091497936,0.9599545330539867,0
0.6741018932369367,0.023416728212348165,0.36873102366636534,0.47481928245091065,-0.002673248640699691,0.21871922289865586,0.09557585146222997,0.66384466342952,0.4256205980173209,0.7693222822909591,3
0.7734737687672558,0.5316463946697343,0.96189016369538,0.0381567472827504,0.5556121164723593,0.8439533861352687,0.8064803992394296,0.6019092820586779,1.0070694413728019,0.5773339735022958,3
1.2545269144868572,0.46042810546612056,0.5229410283039762,1.268319944813801,0.36636685489839504,0.950746263524826,0.22275349523867571,0.7595902930943058,0.37145041603559276,-0.10148363681612746,2
0.09470884530972909,0.40511597998798154,0.030023818726942392,0.10288576305935762,0.4430959138447167,0.0674462485651678,0.14733437537796826,0.35427494592158426,0.9765802433375761,0.3028240011545938,2
0.27728147697459593,0.9612271625293661,0.6672005073556327,0.4853056313696792,0.7977080603889934,0.6313573590164965,0.5949400433299494,0.5168326137892179,0.16933282338438194,0.3370367707378764,3
0.30703261447863495,1.0063007131708637,0.534518070764652,0.5671515765210955,0.6344156406620428,0.5178652279007786,0.47365935257295455,0.5290324406313729,0.13252625664191717,0.3402946492035775,3
0.10022468370343085,0.4993325887876676,0.04428235791029847,-0.06934074277040647,0.5623722897558248,0.27433109294684804,0.3690173465908698,0.16522936568117674,0.8409064409670161,0.10347767832160215,2
0.41271329430624054,0.4680841508744482,0.1141182120941695,0.5404913460916985,0.3401585987632279,0.12360419172289666,0.0763719202978917,0.7463285920656516,0.05552170886958288,0.6179798700499802,2
0.8186832651172924,0.1529843448443981,-0.05934494406928158,0.6351619856642189,0.9742229681792823,0.12222855199471241,0.5887767204846109,0.6052819401431718,0.6948111066570388,0.5794047278887734,1
0.23785496503527512,0.4644035030041148,0.4128692107244376,0.5500512825543058,0.6018846486515628,0.5954086309176068,0.8275201490760191,0.23533676812703164,0.12458865783467549,0.26913752280348235,3
0.3254238038691947,0.35172809956376433,0.6070509051114938,0.33743710896895385,0.6442199238089171,0.675353972910458,0.7604604979267662,0.34179526747244127,0.48214818300181195,0.5637469276588584,2
0.32974286038638617,1.0220436740936907,0.635098217581187,0.4835982388609538,0.7981618333354903,0.6122712191991045,0.6322122978123866,0.5406593058572579,0.2242436074878137,0.323248795841125,3
0.05565703439190319,0.7757608392445923,0.8465352917585217,0.2176695861693523,0.984308163912858,0.5280489995906977,0.6870050861815031,0.46347000553018053,0.7148358161078628,0.5072362918851453,2
0.5665013269765861,0.7010143002657832,0.5857125454617326,0.9556009187300222,0.5306504385270633,0.9231180109480664,0.3578146907122556,0.40528068710802495,0.43495566541861574,0.6503049672398984,2
0.9016787594433542,0.44253424942249703,-0.033230251127285726,0.9685805909788532,0.08315205574914583,0.18724189318605228,-0.021021493592218526,0.8539624658410888,0.7643192473412861,0.06404987161850066,3
-0.040586622153983704,0.4503158706469893,1.005686526981234,0.4577108307050868,0.9909023861203035,0.6581864306889974,0.34098318136354533,0.2632462473244265,0.6573842395750249,0.1331812186836302,1
0.19034592216545607,0.4316764476723475,0.8825551222033807,0.10825684168062337,0.2535887968587118,-0.11074537761478878,1.1468231606428594,0.21293313767099553,1.1344747282693806,0.19745773199561706,3
1.2005014450372251,1.3607533754796548,0.8060468856679104,0.7387732193037702,0.8939380704203799,0.8208984717933518,0.33390744565443803,1.5062668156785652,0.27567608096405,0.4723107113462412,3
-0.14947028513571242,0.1288520917575922,0.8301385944297106,0.6498793497260442,1.0017263083504802,-0.07728908304801624,1.0793623185382362,0.39635495127224285,0.7405607791744344,1.1989334532123448,1
0.2394791870582479,0.5240741738983629,1.1359310195870893,0.3081876753599849,0.11036557180893915,-0.1068936199402139,1.1055046225580742,0.1551730081857022,0.8337957532706252,0.3264097415982087,3
0.27016314231028515,0.45623314990719754,1.1777168101168587,0.24548116435390882,0.2698145680594047,0.022104842637296233,1.0112645291910463,0.0782911715468804,0.8084935152145257,0.34155729801798757,3
-0.04395071415783772,0.810328738101113,1.0173863006481598,0.7890360030263963,0.03371664856413195,0.3596664617889859,0.8264855229714894,0.43250042076337347,0.6658890897462463,0.24579493918822434,0
1.0770244570084502,0.4907121911966946,0.05276041872241563,0.997258890665071,0.8823289556371375,0.823088013447142,0.5188031499943981,1.056970094355927,0.0490282525221234,0.0696268130544691,2
0.05535012078595542,0.7764005426936746,0.844234609684026,0.21827768957732446,0.9891447043847486,0.5341364383632113,0.6829756945583595,0.46134830942416066,0.7190816501741832,0.5103886278803164,2
1.0381924902177888,0.8460305721231738,0.689257759579099,0.0071058160969839496,-0.06534645787558924,0.04011340982980838,0.3820598097785154,1.0550181170905164,1.0664808706824114,1.246664555416704,1
0.40467493064973065,0.5358358871203623,0.3433340093558481,0.09000991704568065,0.0726832392725057,0.7048437471291731,0.031193255393074507,0.6694391059449748,0.9334105682822815,0.07835020317149206,3
0.622092721445886,1.1171796786708268,0.05390178319126032,0.6334760102527461,0.6402901602580401,1.0689460785587968,0.09033516042644418,0.9764151901751519,-0.1458557057066753,0.018994732181460493,2
0.10706878666932225,0.16980014607113939,0.3989200552001061,0.7671653959289408,0.8528336997188011,0.30137019617453076,0.6183943585994055,0.08106525065602396,0.4658843327531637,0.34459746348745446,3
-0.06297253973564426,0.17769919914379503,0.595385072289447,0.08468830257028416,0.8126321909189468,1.0178109065719603,0.8392113683960061,0.2796894243533055,0.4694090256400526,0.28022147411149806,3
0.18103552825156466,0.9463408579042688,0.7208536990204495,1.0033696799494427,0.3874861822759088,0.4238520730149249,0.8252280116131241,0.5202446728429002,0.6862418868154658,-0.08518785408159546,0
0.5422469438451228,0.5357402320691316,0.092338700086974,0.6789255179708953,0.19741242971648496,-0.008280858015057513,0.1910962585428126,0.7753615588142597,0.2206316586448605,0.5491319392872023,2
0.6226936454281238,0.2902352796088655,0.28996469632139493,0.7196648983648538,0.6225010463774674,0.9469549853898378,-0.2620857042203448,0.46469877881110705,0.20945186634050153,0.3642855613097537,0
0.7546986112626614,0.34225917067952605,-0.01668759958114796,1.223314857152483,-0.0939391271166359,0.6921795225351737,0.21450963219724428,-0.1592304268494843,-0.2818691551867891,0.9405402660719797,3
0.4694483266739033,0.24068136500496584,0.2940715522959355,0.15948259508933443,0.34880047536934955,0.8802074240955177,0.947454086867826,0.2539892534133984,0.4764493693862342,0.06351021328343942,3
0.6054760021699175,0.9677531702090432,0.30421038054250843,0.564004481580251,0.979859326984826,0.5008127439042501,0.9596828438543704,0.13559909307872325,0.8892514013596626,0.8166110677022163,1
0.43085292487557875,0.3049556386174833,0.2333930684480088,0.10361736382448841,0.42040021121048443,0.855513395838335,0.9687852399550134,0.22082931495515287,0.49274019734356667,0.03564262604356053,3
0.9360410830813632,0.48375295624467024,0.010903981798523272,0.9943564410143786,0.04383584514477697,0.13762247146493228,0.022621262387677733,0.8805710769436306,0.7816552712926297,0.04331754840841272,3
0.06290913846005315,0.7720418149134382,0.8422507441020897,0.22487013983436144,0.9737336972749461,0.5462873972691237,0.6841208809347055,0.4506229698265118,0.7140471336751769,0.5011540985975662,2
0.23709205180792245,-0.44060674989943016,-0.1449889330948264,0.9871757047256909,1.004199288747024,0.4320258144053215,-0.3662862442685486,1.105490349393254,-0.03637998666297915,0.6324269770879204,0
0.3873142168752279,0.5473918054154018,0.37605650209362745,0.11381163700754524,0.08309010588828547,0.6344733106518874,0.05392038827275801,0.5922584014036396,0.9468626084923978,0.17642038464656537,3
1.2794719144723814,0.7401021473978517,0.48929391180334547,0.24600674517647173,0.13978439872364956,0.721916168372711,0.4863576311276898,0.8424556838354209,0.764250734261996,0.615118102169542,3
0.8106317938330664,0.44788707950071655,0.6091691660117393,0.6122923033270682,0.169456922856767,0.3142136582378244,0.11305804598972888,0.5749776506521521,0.38506061636652406,0.42482460707407654,3
0.6039191324928821,0.2609718240154423,0.6406451725082876,0.04438393755795886,0.896114895128965,0.7357220564487392,0.5875510680247985,0.860694651899995,0.04654463862277949,0.5485383343636534,3
0.7531613110216479,0.49344321498288995,0.7254927473758377,0.5384871441769844,0.6595953964784309,0.07024755918358425,0.6378332346390847,0.40106750611224684,0.0673508237956458,0.08937287299528147,2
0.3115788949996305,0.39671580449816013,0.4798078978886386,0.26977866117477456,0.6022821512996528,0.7330818338492879,0.7970054964541351,0.21998698395679742,0.39682775842607204,0.4688198207944504,2
0.3943213013757316,0.49963361712339005,0.44592289399717044,0.5816715928992412,0.44925284391987724,0.9415982967015827,0.4951989767772952,0.3845009672384553,-0.03613444892639349,-0.07879455045859601,0
0.0686149721294993,0.6067258941084267,0.8883353194431753,0.6755524383588527,0.6554953211706522,0.5897509561819481,0.4709540603307824,0.49025320140362955,0.31973535504604944,0.46069772499757533,1
0.17077976434495803,0.6285090628016731,0.9785007460427181,0.6205704906126468,0.6762162270883064,0.6093795139581617,0.3678386816188497,0.5289531331545574,0.29316083323014913,0.520402646399122,1
0.6205505810387979,0.6564701800948748,0.10568370645688868,0.7330894079165475,0.17639451704077658,0.8910318680114563,0.11937367316106551,0.30755728172655744,0.05103960685237265,0.2804258940270789,0
0.9302725670384142,0.6418354337221338,0.499354808841438,0.5205391889202147,0.15906545452080004,0.34555907931694274,0.37174527653779543,0.16717610723243334,0.5515821652532662,0.8654202075427073,1
0.3873585974140941,0.3267152495291888,0.18946123389443842,0.0646160438978166,0.2818290818659053,0.8652993081728471,0.9363194813957078,0.3601836388711051,0.4966521790813191,0.05559736145502113,3
0.24296371373276604,0.926542187085253,0.7038664369206045,0.4608059955600079,0.7454607703635507,0.5899187791194317,0.6453617143534712,0.5496733234187595,0.18820025061907195,0.29850610688450663,3
0.5107522298047275,0.7953792917901458,0.7652921177005406,0.8973254245678947,0.8274899785372254,0.4324487181147921,0.18844084095173771,0.9125310478120298,0.9710584548211594,0.8304146184307282,3
0.1385645136649848,0.9032450588258167,0.812717654232695,0.8342489549650125,0.5545007428221038,0.8671676280738756,0.49449400894901135,0.29954650980812125,0.5333411172876555,0.34880882773546007,1
0.38628122418790456,0.3917837374863531,0.8460586715452308,0.45860948420788444,0.7157907037930858,0.10643255895992262,0.8761574753496946,0.7021920498487961,0.5803069386302749,0.136624312359211,3
0.10019946151764536,0.05343083563247725,0.6298579238027301,0.28703199378777566,0.15911245582556655,0.5675332528173477,0.8048228834774211,0.6202219552226934,0.09970651920650181,0.4745573600427174,3
0.6610301563375647,0.5087026319577796,0.8410300803786861,0.23405997983741936,0.13915739480511397,0.25896026878566214,0.2894910084498485,1.1550242125862353,1.0472053291156862,0.7325297931314204,1
0.43828122489228705,0.46563122877392804,0.1093169403341227,0.5483928268784002,0.279182383820121,0.1412283161965914,0.09335257823081097,0.7730616602088469,0.02957985009118483,0.6590290593799824,2
0.2087556662148416,0.2670744337632665,0.3372238009451188,1.1436689409300278,1.417127506889471,0.23321663947596202,0.5830293337804907,0.6576209435956987,0.3485676153077507,0.6494170585493593,3
-0.012004714543717876,0.17086333517850794,0.47517784624855053,0.5795589770833853,0.41992795744165384,0.7039994192945019,0.8277668858431824,0.19221669791112972,0.7234964535420694,0.4023233353830583,3
0.1284804851346229,0.8832796837163132,0.6781843369690502,0.29918629754936904,0.89934042905905,0.3389719323729069,0.5981547678903377,0.5576959591130007,0.6930283818669668,0.7296564525764301,1
0.6860238864259427,0.11580726384454548,0.4457848647073393,-0.054142961103546994,0.1334451673702857,1.0786632790941992,0.7283529267661469,0.47588342184857557,0.26092658841435945,0.05257279539797147,3
1.1776124827404397,0.4469327723213429,1.0151416446527863,0.6497989981739375,0.3743238421280188,-0.2902529819229213,0.3904331035671931,0.22202101626975101,-0.05384311455791585,-0.13639299292192414,2
0.9913444684433422,0.80931692464567,0.4985806241407102,0.4775283087521796,0.29507814493515455,0.25862376431949435,0.22657438737136018,0.13854803936512922,0.31589119869747473,0.9484154954205102,1
1.1146663560247774,0.7575293092820798,0.3606036927850886,-0.4578340938759007,1.1892823663719576,0.13611227002351667,0.33390447302698256,0.8057323610679475,0.3595286441625379,0.5762989810623795,1
0.601241261186093,0.2934994195321885,0.7849477969671675,0.6510023175955102,0.8015452472806389,-0.19497070155203747,1.069074361903353,0.7802663049846489,0.25272208405014174,0.9150835867083889,1
0.7986466240003589,0.6500225821729407,0.7688692905175054,0.14855215177173914,0.11535463476816007,0.1605047859896702,0.2588312172801692,0.9016364583814449,0.8439396687772587,0.778013849884686,1
1.2040129678592872,0.5582420750296413,0.3437239415076769,0.5703876362514286,0.5705917953137987,0.5382209608807711,0.5884245153788537,0.23500651165774586,1.0668182350169089,0.5619242197828349,2
-0.09522770987542467,0.7149286251638508,1.08024880236474,0.797914523457097,0.6670333913145864,0.742044692218268,0.4608384005209921,0.1467099093184968,0.5108491977951415,0.664496547378042,1
0.15842064132494432,0.3005873182957729,0.44017399353341635,0.31403482918380693,0.7019374869343421,0.8905102961536874,0.8103490620916401,-0.004224130402287224,0.2891503152777088,0.701940365043705,3
0.5938469179744847,0.9953292840526101,0.274925421371541,0.5777829867010598,0.9585231529620684,0.5037708563820014,0.9754682931628929,0.1521977050105731,0.9253202826057685,0.8125011677742285,1
0.7433505244532336,0.637195726477208,0.27829902012407026,0.10398616579246009,0.06893871055676931,0.6440354264218024,0.31112900260765797,0.635393354137944,0.33144035175432157,0.26616562881659267,0
0.4219339402039683,-0.07343291595670418,0.7212463750157689,0.6154611105330721,0.11847733475321898,0.593123244719792,0.3301910472859264,1.081212921655974,0.5625939988377852,0.4204364926014964,2
-0.014059828695485638,0.9386386824615927,0.7102226010518269,0.23951944338696363,0.9580174077731476,0.361344508562538,0.5827735165931194,0.6280118652551271,0.7289948487769655,0.6733909642284182,1
1.2741868940201033,0.6072994457917358,-0.5380003145668611,1.197330660532205,0.6476323832146043,0.03603466765728236,0.2375383431789616,0.5618137128987146,0.7716823772368009,0.4140788358871908,1
0.9079668847447093,0.7988079294884911,0.5952636444780306,0.4656332176913969,0.33695500263990763,0.30228742781923146,0.21557020546888303,0.19777971627646623,0.45022511731580317,0.8136613129190905,1
0.49253785919630855,0.49419453731944296,0.6655138483667546,0.5159589998806935,0.1578652853486286,0.41167960392377806,-0.14502206637783244,0.8472193242403995,0.5579661053955671,0.32972138408355045,3
0.870196605371533,0.29870597637934226,0.59243126010994,0.4460912288768436,0.5505550258421601,0.042134864582842955,0.5245726896140108,0.34410093695727845,0.03950232768475744,0.12981019968252727,2
0.47183127400616537,0.15574325374472273,0.28777530616106206,0.25916092818441855,0.289456712833876,0.8806424367734318,0.9921447760458787,0.27202973035190103,0.43028495537503536,-0.07066891880279925,3
-0.11416129394893487,0.8782524284281622,0.6627482138981258,0.45926577607359553,1.1830854994683881,0.21921249635595888,0.8334813795728341,0.34243324484112236,0.7970449677680664,0.8243159300915682,1
0.44083853702752696,0.5877827510747082,0.36503394264279043,0.11559817402153852,0.014643319519602748,0.6774437898522037,0.0724938243739993,0.6494310600810037,0.9233581886919977,0.12622588454559003,3
0.4036937012374121,0.8101365267374392,0.5105890232855684,0.7244304328132999,0.008429242844556067,0.2318072314482681,0.5231059288911056,0.1798739219771192,0.18472840617923317,0.2747562847260856,1
-0.034796294517312115,0.9794831302198798,0.6181219255604309,0.3660954135924042,0.8758959181737335,0.3460400455000238,0.5484885900021185,0.5964811817802738,0.7019276692008306,0.6308738972753607,1
0.06346496678367325,0.9791372856271222,0.6612953761065969,0.2542064550881049,0.923362154377109,0.35996417877686165,0.5817780856868192,0.5738962400474965,0.679271175931791,0.7015646793032295,1
0.9277122063775944,0.4814610636313148,0.07496467805333248,0.9689599846799379,0.04967959279452101,0.07536330028926659,0.006056944319708329,0.8664861372906438,0.7399018012934387,0.033782770981520924,3
0.31227792562733125,0.40418070504410863,0.45889757901668843,0.24492221565828273,0.5639236745388003,0.7097426466721501,0.83110053130774,0.21521767004318512,0.3924398060219836,0.49191537431920085,2
0.1672718522496499,0.1795407404157768,0.6767544089133682,0.2166388752974265,0.9251084003732076,-0.09593179167345442,0.8378937545197344,0.41112414519996043,0.4391505866190773,1.0534963485626219,1
0.06586257602935142,0.5640140542340614,0.6200329122707662,-0.19979431748791987,0.2780004022188284,0.29690067403688336,0.8031151324542929,0.573057101071257,0.6774014593359265,0.6556135640450741,2
-0.3428468460390216,0.7475981321209563,0.5550957368468444,0.21456704015090494,0.921584198040377,0.3329368358665151,0.03321695519972945,-0.3964013100512031,1.291396321064227,0.08755697352450159,3
0.2602375846725684,0.9236331145455549,0.6548979816384711,0.46406335105330965,0.8077335324473246,0.6071792114860505,0.6301284034582795,0.4958296508582446,0.1784464683386379,0.33546683847042574,3
1.3219100277034577,0.2604150027523379,0.9419392582910773,-0.23748271372168256,0.38999982810312545,0.19727286249909765,0.1589873262058359,0.5594189619829906,0.653184916414058,1.0152372793578763,1
1.0338464771082072,0.7897379737894279,0.27392454815272815,1.118587301032174,0.6309668626510133,0.5246174550130287,0.2815572633161206,0.8843737845126866,-0.16437295857986192,-0.022515925463553285,2
0.32837146796312106,0.4254495204914615,-0.19451288366485844,-0.10050263427706871,0.42947382520946575,0.025687540213673712,0.34232613882831375,0.27039880823955903,0.8414935454036175,0.06425442788091185,2
0.5913597986257699,0.6431653459263227,0.685418616540582,0.15765533289300526,0.6241130974979918,-0.29255089857000066,0.41563044348803335,0.8116617728917745,1.1677274006707363,1.1726790245860286,1
0.7162791331749784,0.4469253665098045,0.7224577919657279,-0.12029901174850907,0.2881637800494192,0.23434567339089415,0.5891245652405284,0.7621809195747346,0.7666772340088401,0.592429263975321,1
0.6705301582184287,0.9067031665830775,0.3657060562400436,0.619067303318575,1.0042556353325773,0.5222844426984485,0.9170656680022222,0.12105358157277951,0.8501742793098909,0.8414652019342675,1
-0.002146931345319625,0.83969398205388,0.04068122277727597,0.2531304037789391,0.3123038852550311,0.45544026866524984,-0.09830866685792727,0.5942361608822005,-0.08578717653583237,0.48981051724250374,2
0.42752560096971504,0.5531599556225977,0.42015474141406106,0.18719842193495223,0.017710327688962454,0.6897131140968064,0.04313486894580084,0.6669625486255985,0.9579951898937574,0.14076867838251816,3
0.6038226434826827,0.9632802035238679,0.3002949596789955,0.5536714072706633,1.0037014763495518,0.49777184215119946,0.9387336615287001,0.15168188774764957,0.8683806484015147,0.8299451975355963,1
0.6638313526366469,0.20467242537260993,0.1768400369510469,0.07743199312505107,0.2677262259897681,0.6934122109920284,1.1317480066810037,0.45248321708911626,0.5741277051939878,0.079118194988518,3
0.8997856122256639,0.5881184545339623,0.8218984571219163,0.22038527432299115,0.06165189541032505,0.704102025681558,-0.21285443401462018,0.24261870376632066,0.1709802417909124,0.27760258370045443,3
-0.006890568839777275,0.9590009274525421,0.6312728042408835,0.3599880986114135,1.0222067195401263,0.49185609339196196,0.5667946620303447,0.5258703842343008,0.7725922528484583,0.6465247889614949,1
0.4851688415446079,0.18679225654478748,0.27644093548920884,0.13174193585607386,0.359515266920365,0.8623605948826819,0.9202909313814341,0.28587126717030537,0.44467494590501433,0.057135212842452154,3
0.06217717811887912,0.7789520178092663,0.8485817724007105,0.2246859969379624,0.9868103520751221,0.5296184693393756,0.6882066524474274,0.457565066743491,0.7165502514480107,0.5033483274387489,2
0.0989162533573065,0.8958598153736945,0.7065174754493523,0.2736044345846792,0.8828429228233778,0.3174315144090959,0.6263804809088717,0.6174350771431961,0.6980167148169952,0.736098150072469,1
0.37533590847881426,0.09940252637816335,0.5552982894832061,0.13158898712906145,0.16064690282588834,0.705482712157413,0.2673244834600952,0.26728330049643323,0.9141430304525024,0.28571466277063234,3
0.28932558334642694,0.9475391648401533,0.8603861858663253,0.5783737171308287,0.7789082144627273,0.2065853686560341,0.817008219822885,0.884432000903332,0.5486919784144906,0.052109606992535806,2
0.43007947315981543,0.003208513484183495,0.04884377797599079,0.22676946152362135,0.4601943504420237,0.9899311753715212,0.9155811037119362,0.20353738507007602,0.6134669533041852,-0.1991172143448996,3
0.41794156437184593,0.5621941863505774,0.3857565803266839,0.15303620824499684,0.040512293118471564,0.6409002832441729,0.03447975297471964,0.6404442594790435,0.9177692594608474,0.17290579540734802,3
0.517218021207785,0.1456210936839747,0.3738063030114973,0.22800998397912756,0.3832516959627046,0.8141165557837737,0.9781160915898257,0.17489368215907256,0.526124241721818,0.07326321909815037,3
0.31711165313657286,0.0706872783371574,0.5936882348979052,0.4545894658224311,0.025412148646641347,0.4847336749555875,0.8735100664071149,0.6444804275330459,0.07601076010946699,0.21284980774624265,3
0.5807913611131877,0.32743208252927847,-0.04152673291452097,0.4871969287399641,0.5177031375030858,0.08892244825520573,-0.17525180025797726,0.7402403221374089,-0.044690192745660884,0.8190241167590224,2
0.16737853921148818,0.05192015787070013,0.4049706260959304,0.7238102800847583,0.15388795797702293,0.3355594718106864,0.5484864013432306,0.8272982760202192,0.37957665419050896,0.49315508170183736,0
0.11999387659335782,0.1008457020321497,0.37725664593183866,0.7316400508382985,0.07750429974545608,0.3785603772132185,0.5362509947954945,0.8319071185488935,0.42873138414739104,0.4363232247580933,0
0.4760346896958341,0.10452328681351698,0.300179996929515,0.22604415043938986,0.3118787545076287,0.8162878935434922,0.9708698097055579,0.2648733867064067,0.4456819919552181,-0.08516860019825205,3
0.20116522612882626,0.66488052073374,1.3147271478078952,-0.2529971669393609,0.7305177965619415,0.4439811544662675,1.1020898487726734,0.08363138156771577,1.4132788113942918,-0.11045823923768933,3
0.14060566564599689,0.9592583536942286,-0.01061313786851268,0.18151045744782818,0.6755415579143598,0.9032329197814389,0.5806279738906046,0.21746481655672428,0.21543695210566954,0.798794867931277,0
0.021131159187844237,0.49057923812096527,0.5677888867784869,0.7959138854679926,0.8161703373719507,-0.007377558527010095,0.8213798113344075,0.8761329856111114,0.7385815766713566,0.7880650094691247,1
0.1848837174123814,0.41333193905512616,0.9453712215704343,0.0859090839949831,0.18256736870021942,0.01685956036956259,0.8990858903788493,0.28613550897619905,1.0906587038680886,0.2407613928806162,3
0.5072391235658498,0.8208815826923853,0.1533853561001836,0.38876145900305387,0.05753341676914596,0.9498637983497887,0.4847859222598399,0.45544379350922076,0.13364383603321883,0.9743349360945491,1
-0.28924704034506205,0.758023398212927,-0.5636369760758858,0.7189493901446715,-0.07883262291549786,0.6354716942428371,1.0939259930549423,-0.31984356182154416,0.05165589224365566,1.2731692611773011,0
0.00020176184916742557,0.1748801670414758,1.1314414293790471,0.08611035331844663,0.5089394177972706,0.48728588967372577,0.6094014730318023,0.8217027333571756,0.5628728192858411,-0.07216066646151889,3
0.279187550287233,0.9652598438448061,0.6806611423865467,0.48905928557067035,0.7754351983079623,0.6352761099835582,0.6407067883749825,0.4832744632569706,0.15710717884939635,0.3476484961359815,3
0.8814292487462563,-0.11958166568387535,0.5780862681610596,0.5526128525547642,0.5875232786631157,0.8074507323683751,0.411506587919251,1.0099870462197162,0.4149002656474543,0.8133170769860198,2
0.6623992064517674,0.3322872437169604,0.6973949811041412,0.8493632236881168,0.5854690358713331,0.9774202146071348,0.707022169082151,0.4006692723246119,0.10509192363219391,0.38389074944248336,2
0.6848492499504724,0.31705000997037247,0.24910410235644542,0.4218907883961368,0.09450169379501083,0.1074609192255117,0.0382516196755333,1.0695598490483853,0.2851550281512309,0.82933402546858,2
-0.3242344787193925,0.9432169384062131,0.9660846158547243,-0.3002179458212628,-0.21089570350422432,0.031166013433563393,1.2465364332465534,0.6604778743403656,0.7001774533619642,-0.3121388094376042,3
0.5670596667347085,0.5889356276408193,0.5304142075062099,0.6748211836839647,-0.20822691976376229,0.8818900347671941,0.2130791921747413,0.29276398292643424,0.37732797786092687,0.6866658795906517,0
0.2556027515548329,0.9518929240282479,0.3303093633168145,0.8371504717859203,-0.042321601965657235,0.4104895263258354,0.6612743520364687,0.37135390406210567,0.27659740077491435,0.4234473380264508,1
0.38579380521389584,0.9540327025495485,0.5769640851300222,0.6637704952723276,0.10980086664003945,0.3704210440515018,0.6842377387524761,0.3856542816934381,0.14557718450205973,0.2640337515370762,1
0.05619268533472954,0.7736710972615163,0.8466622754635967,0.21860568684258153,0.986976228554234,0.5313030329654418,0.6853896791816253,0.4617758080000478,0.7159249142137075,0.5074455165262113,2
0.9371840085438975,0.47945792737726045,0.003393032930221444,0.9870683408143937,0.04176739594609832,0.12282828036859944,0.01907638213380465,0.8946797165649034,0.78689128017282,0.030980309327678736,3
0.05664733849610653,0.7690868774511819,0.8446238569474969,0.22089789635592277,0.9936506461398996,0.5355190545383492,0.6847060489363846,0.4646613864050426,0.7136074598945822,0.5115389098758931,2
0.36357818096094185,-0.07627739396250413,0.09698960871741141,0.617566022056554,0.6969157178984589,0.08134719644581745,-0.056190301683031685,1.018700810113509,-0.1067259625050404,0.6172490023950522,2
0.3193179776983373,0.38742441565433045,0.46644238502917473,0.26893260543076686,0.6116189369253235,0.716265809308335,0.8518482874030741,0.2667822368286437,0.40004926039685756,0.5008556098140918,2
0.5512846225695329,0.7474376185739542,0.9785128860505213,0.4995481732266002,-0.19612884540546477,0.199772471689117,0.5854413542763555,0.9394125777005283,1.3621203582354342,1.0111311325218009,1
0.943038562808318,0.4799946569060633,0.014899632035635811,0.993142746657849,0.05197984310941522,0.13443768359566133,0.012824856944408783,0.8900878540252428,0.7859768884425128,0.037795765793112675,3
0.40722928377317713,0.4578710135924075,0.1268259472210525,0.5001599751233987,0.30475116908971234,0.1352407395472389,0.0959810808176671,0.7421416828663023,0.13268390759616366,0.6575129092411458,2
0.5671707593261051,0.44769260688079443,0.56119964413224,0.4829578564934384,-0.06616960698884863,0.8057975389107148,0.5060459693716208,0.29112083690582014,0.8302022960517884,0.10413155574718058,3
1.0637564812317843,0.16442929672273587,0.0983075531569861,0.7766325791422698,1.132639284518809,0.18169526251547138,0.611880574496107,0.6559150263133054,0.6241461334760412,0.8499513529014084,1
0.460519833340051,0.8488408925775697,0.7642454080340465,0.9228638979805401,0.7987993973782217,0.3732009499285067,0.19409008418232696,0.9208634285918618,0.9583467585960481,0.8462151780616228,3
0.4361081220603404,0.23079832004184025,0.3740740621729686,0.044153427521292254,0.44470112621583463,0.9672916537773302,0.9096746733114897,0.08912937583666927,0.5267105765834758,-0.0963870362509246,3
0.645471586737602,0.26650815185825666,-0.03919547251146224,0.7715975063394458,-0.022493305149366094,-0.1048344322077358,-0.10536779535631635,0.9675409152682686,0.37398811511152563,0.3217158070628917,2
0.2547845902065388,0.960390543518986,0.6800577690619676,0.4851393256910009,0.7752050589513706,0.6370573063628631,0.5981972954659783,0.5234359117740791,0.17079407472660876,0.3628911962542323,3
0.17562958169329976,1.010288236208986,0.7105523149311023,0.36077631976350333,0.7188695187823555,0.6531781754142085,0.7206397284179623,0.3966595338567519,0.178256796627806,0.42129606827477656,3
0.3466916285160337,0.1228422935661497,0.6174368262547701,0.1349286830211332,0.17169971293044645,0.6927034262543814,0.30102305866644463,0.2637059396522458,0.9001323383587742,0.24750142936208483,3
0.5722931821180671,0.7418729094069456,0.03419644920989401,0.7304034022501369,0.35484431969313457,1.0258684993844962,0.18177932404920583,0.33095980447504053,-0.059202616581516196,0.46070328388684145,0
-0.09880033190355944,0.7917518231443579,0.7409838388837635,0.7447063803199985,0.005203500265216959,0.21896536080312207,0.8784374898155911,0.697683481473018,0.5719847455015793,0.19996008211054314,0
0.16060829341139538,0.10462137222459574,0.39027717105977217,0.7357994807109508,0.08748091159116149,0.34924011521276743,0.5660681127164717,0.8516045251156363,0.4551347270448895,0.44476760918653996,0
0.9130533824464252,0.5801358649153509,0.8184558695586277,0.6263556068649456,0.4968573651438273,0.12317778958201764,0.8030653059524799,0.31161607328106833,-0.00020369332233460824,0.15542602103266023,2
0.36333064390495107,0.6435827942475283,0.4844029936059901,1.0805626866861051,1.0188578324620916,0.576480931861233,1.1691068949810468,0.7742730627335354,0.4306584132915007,0.8806060411303144,1
0.49298931945116486,0.25736886167072676,0.20598099424392824,0.323006000583348,0.4595143586328508,0.7847131264740242,0.7979316031924427,0.4242321449192425,0.4924679131653368,0.16314363352024802,3
0.7207639907801308,0.450920825515977,0.7138780334351407,0.7058781972021774,0.5875156473171047,0.9712696996267124,0.658110247804918,0.20105178226677228,0.27685265222865063,0.43016163050561174,2
0.1886506786113272,1.0889353345688593,0.2464424750450148,0.8333132480572927,0.10013161572353896,0.45073927748896375,0.431054378732193,0.42546024952190353,0.3355486994167861,0.11364910537817788,1
0.7024939015776627,0.4351405338032421,-0.14013480656382848,0.7857774332269158,0.014235390226312983,0.8363947921819219,0.42382115364398865,1.2250917464882969,0.8599528124237379,0.02166761692022845,3
0.15662923328693845,0.9067377186818042,1.2594390586755573,0.4030881490873435,0.2851051962842024,0.029205008838885396,0.32569726998429605,0.7386175819563036,1.2491880455239521,0.5151513131858929,1
0.032864590465607135,0.8270326556849912,0.8380796919093328,1.0480040270365416,0.6408247390154913,0.14118276574782965,0.7193992622511696,0.24561404591815789,0.42342500669800337,0.7561906469852037,1
1.1209166932505172,0.5053433225459618,0.9854127532869976,-0.05541681945314941,0.3461957776450025,0.6941468461419134,0.6902763781520694,0.8317691015911373,0.7215332613615896,0.8157179217227446,3
0.41066233544223935,0.8209719930667307,0.45526498543925265,0.8422923042832666,0.025982252362520615,0.2608488922634005,0.6206791831078243,0.2839594189780517,0.11309277363217773,0.1801877255559326,1
0.7727970287446735,0.46411423191545215,0.7470177172774662,0.5748903670414729,0.6284479027343332,0.11513858223286996,0.655145370790506,0.4698450097341147,0.11604838233784956,0.0652485689095452,2
0.3158068844067427,0.5324806205438977,0.3105900663837517,0.5149197514398421,0.4873235301361259,0.9329340303617206,0.04076423645467524,0.4155363763074521,0.3565128237684081,0.08833102094608146,0
0.7339306693707465,0.7066290640168821,0.7259771065902894,0.632896816494977,0.22150495789297497,0.23934101015529055,0.2054211411559715,0.033249266003113995,0.45843584268203275,0.9456016882854441,1
0.7009544367410822,0.5455962776594835,0.048316139833393335,1.004776790956839,1.3706225752965482,0.17858169057251602,0.9398404519137964,1.3682058424873804,0.7224045218861675,0.9328062967736068,1
0.9209626711770935,0.3872624954803754,0.7387245248417531,0.5645280440093675,-0.02396923111327716,0.4242595795802618,0.18738656311996377,0.44006198818846476,0.24482998588502405,0.5138713942077423,3
1.2016990037745794,0.794214236299114,-0.17128733491020676,0.9218856131407317,0.3327341742621166,0.7444981418789514,0.29445488839007217,1.1196914474398796,0.3351399765011843,0.0982338089336856,2
0.5361037304684404,0.6272568019283407,0.20974760125241684,0.6140648933858128,0.5368551411916141,0.5540211809170774,0.9636981402233423,0.93658000440008,0.502744777773903,0.1874141453632346,3
-0.29800086784558627,0.27355299035127445,0.8960600661987248,0.8398489119434617,1.303795777499519,0.7276629973896055,1.0679390095191104,-0.27115611058431066,-0.20940623012146165,-0.026747120932813395,3
0.2770276734872137,0.4510441655731058,1.2097933604168316,0.6565664458976982,0.35200539867489966,0.5445386332842155,0.7800878434570688,0.7534089451006573,0.7111243694538131,0.5323245185035766,1
0.6312796611202254,0.9316569417021497,0.6769512011470156,0.7673416476339876,0.1318781777986797,-0.029304888184886857,0.30923976615230714,0.3036534171286244,0.42196704409398406,0.953305635105611,1
0.43511732699143857,0.5042981022900492,0.3842098758460658,0.6150039193149308,0.3743751964188729,1.0105753634676842,0.024756108833577817,0.33773488146500763,0.2833900593767169,0.04679331199914836,0
0.7066754346732784,0.8281301166077011,0.734346643338244,0.19836420340274266,0.21186141161198288,0.2837181540020305,0.19910746935900686,0.652454350579476,0.8673744449784838,1.0917741583479788,1
0.3670568359384483,0.55872391195283,1.0086564942871927,0.21357418169609424,0.6479771419298758,0.3160764603570002,0.9130973303080279,0.49438077597291336,0.5077545996309532,0.007046794308419091,3
0.922763051392506,0.776996815851258,0.5780046520211142,0.547357764361291,0.14228688168205275,0.3340572270174786,0.2592237460752675,0.39602932277948893,0.36614033153585906,0.5501167139400094,3
1.081343666789655,0.5933232163897425,0.7690731704860838,0.042893726412248534,0.14813130815023773,0.5251121428091385,0.20684499571527967,1.2609634987824776,-0.0763530776074601,0.72037745031104,2
0.06021544903640591,0.7845048355258017,0.8325539151019935,0.21408827419756016,0.9881924219804836,0.5250197130873822,0.6761127829073269,0.4734722758384776,0.7049831168089824,0.5195731455058471,2
0.5651801311061225,0.7585273138830957,0.7984971270268222,0.8557494837014747,0.8594042982701917,0.37012874944469887,0.22475521927182895,0.9355656208297235,1.01301859006513,0.8873235975287279,3
0.9414584611223464,0.31051666666068234,0.7396311506819953,0.0826925808748673,-0.10948312829511098,0.37283862638055176,0.33402980003981936,0.5016632346558518,0.6287813809972437,1.2487930296759573,1
0.5505174872275256,0.17330954858665618,0.511941740046802,0.3121485071352386,0.42295548060411514,0.4833711488326806,0.3814990205953362,0.7716565931533474,0.269823697984662,0.5738181552195096,2
0.8098657834460876,0.5789467245799577,0.5534705866941446,0.48233335764930046,0.5619801091101496,-0.009522541327318279,0.7000639315548847,0.4277560612808,0.16009953191732595,-0.09085468441037661,2
0.4251338629610446,0.4105953099368638,0.13546648683036536,-0.1165360384259054,0.6826792033430635,0.8011388797742298,0.7275604576467036,0.18064753672200928,0.4757597700816717,0.40654215060916693,3
0.4498110474958464,0.5343456288896073,0.1853096688445681,0.5775410661291299,0.4961181025594445,0.657694059252002,0.9627463180638172,0.8708560809802043,0.4432959957159576,0.2163498546613833,3
0.6610668672652494,0.8656424217711522,0.5753951752150561,0.8126081596979785,0.927947005984877,0.22448669714754507,0.3441803302999775,1.0839750045226406,1.019757938755817,0.9622489835024255,3
0.031072480025102184,0.10911556863774631,0.7098075718725047,0.22310131885998175,0.22233507549568382,0.5407863248887812,0.7382439289772169,0.5482497632801687,0.08447033358413378,0.33310439531156893,3
0.6054183836143232,0.21371865069942686,0.8239108304766138,0.32803727460650395,0.43129062714789357,-0.1822582903235065,0.5367957674168289,0.4553710213742985,-0.11838470692257161,0.19668481584609296,2
0.05708363342555715,0.8720252595572818,0.8190168414725284,0.43234459973052775,1.0197553563875004,0.28500177796308657,0.559084241935222,0.5611314288726635,0.7607447785803989,0.8562721428120409,1
-0.524255701921942,1.2276231184072615,0.9256019022494332,1.3717162227426507,0.7754585017698221,-0.12809339766439487,0.1305649460495069,0.6206554830150552,0.36453706278857423,-0.08590187592549792,3
1.1789684367673672,0.336714495931086,0.5091166837910805,0.6332375954471307,1.0629475026839224,-0.4929868359412496,1.2295002746195445,0.3712505844184557,0.6799226550987209,-0.598296556582689,3
0.9832842577049337,0.624582369370121,0.1852529867020015,0.9181007235215959,0.6262664721210811,0.6960761032661393,0.5084875850987483,0.9562728719029576,-0.013312466961357912,0.028005686798153098,2
1.2520843082056548,0.4800787072293137,1.4513815594826982,0.38187457786128537,-0.13274086261135382,-0.4868407228571422,0.7194782356312472,1.2171703251549981,0.6635621395368181,0.7284398009091372,1
0.38404126010334216,0.8548767551857288,0.48164659549662137,0.8076693540379387,0.005911488287286507,0.2551840383966055,0.5993983847892761,0.26843726515193816,0.1526668604150595,0.20925667468091333,1
0.4115214280937103,0.3913204003933694,0.11301836588002766,0.559354595527074,0.36894704406054035,0.10333889419662126,0.08317319223287575,0.7704740434505446,0.10759445051052,0.5687228274608344,2
0.03630157254932678,0.9595844278020994,0.6341810044663818,0.35272166521202325,0.9931638639697299,0.43493559492394646,0.6465074994489838,0.5810455292976858,0.6460207277640386,0.7361693534555205,1
0.4891465702380219,0.1811999512767218,0.1742741462628365,0.2714358589054471,0.3876015034430122,0.8716002473480342,0.8326474958328512,0.17278499851378365,0.3532355100872549,0.019524050044567205,3
1.1299113161976682,0.6579726465825088,0.6997719325685806,0.06732654902810759,0.27599167459539864,0.2868940217398284,0.6057727344043662,0.7928727087324599,0.4206119467373201,0.9054607579432615,3
0.4817653035106683,-0.02097870349018216,-0.40679295498467294,0.5621222570856491,-0.4096149750045221,0.9221759695064349,0.9952909225342549,0.6220488313985401,-0.05253857167442688,0.5331591168835251,0
0.4012356661507404,0.1843726774589408,0.15327941892886127,0.6201861004860229,0.1642275133625611,0.5718847630533872,-0.10567183041519279,0.7804927808484554,0.3189653730978894,0.538067715949825,3
0.2174784594759232,1.0918188471143566,0.4381709285140362,1.1075953809878851,0.5713184661450974,0.5946689045418097,0.627491357242538,-0.19002711852236093,0.047180223995378634,0.9622816540528091,1
0.7040187248449219,0.5267949124704017,0.7483208238935343,0.711468510886247,-0.2511668358000911,0.5709394297938406,0.33903876067048727,0.2652948163978783,0.7464863605338226,0.27037540361297585,3
-0.05558288763296815,0.8078552800914812,1.0540282791911186,0.7058339555495245,0.5392651557364418,0.5944159198988891,0.560186913461788,0.36830903184471775,0.482403340605556,0.409389040089496,1
0.9062101187810426,0.7473670530661649,0.20874663126688428,0.8193829129541753,0.631257051617385,0.6914812089682948,0.3741610549235521,1.0661107226261135,-0.0800837764681003,0.07266365009311615,2
0.5148523999694696,0.0698630251714547,0.7139027728341933,0.787338232783602,0.6019637772709078,0.5985420246572026,0.4541297516652529,0.49187454488157384,0.1425626624500372,0.1606954883535064,0
-0.18146159955629976,-0.06518937752102077,0.6970711248532305,0.5967705430153878,0.5003524293468019,-0.4521599935997582,0.7248342583441657,-0.0454279299885772,-0.5271667287000479,0.735499777593972,3
0.4612760553274896,0.21780760289547965,0.28475372485262873,0.15177278243102701,0.35335092577798166,0.8621954974660341,0.938228258305844,0.2532083241779842,0.4542434678359521,0.0355946431283728,3
0.21707720640657455,0.14468973898249116,0.601493142062503,0.8774110367358826,1.0013674391106504,0.45451261654010244,0.6746096845561249,0.0315943897711741,0.3894078785140734,0.278561559747148,3
0.9286240712727707,0.7703255076365083,0.5107139045015089,0.5347432822194785,0.34778563968056453,0.23742616670381012,0.21480554217291395,0.1531060751464541,0.33022794305366027,0.9241663667000894,1
0.16298721940911456,0.44868693419848615,0.08749921164882092,0.07995499782805879,0.4642317148282955,0.012523554659902889,0.09444247434268448,0.41965081114370384,0.838554281981694,0.2808073203678747,2
0.18204345579589623,0.3434946595985966,0.936583732728663,0.5919647507964474,-0.28299360804380685,0.42639062242569614,0.6235645886382661,0.28689575853433835,1.290473734192633,0.4999188833655489,3
0.32511361204103795,1.1662933291874835,0.6244321408822524,0.78846527336335,0.6739661780952407,0.012094603111666574,0.6611980395006365,0.8087904270545252,0.4564809861888231,0.44421354079147635,2
0.715015536900667,0.4290654573097958,0.5863376447586952,0.7561318961726905,0.5550458486437769,0.9121508784755771,0.6291519569033133,0.2859358325100591,0.2100127986045738,0.47132029568197803,2
1.03815469813369,0.3325287091618417,1.3929706976355503,-0.578891879768467,-0.47389048113854804,-0.4792215874355117,-0.6035013585281562,0.10385043868244792,1.0253647936412955,1.194548291467034,1
0.9420933303851617,0.06591566740897155,-0.0015463285225783873,0.7223926936660978,0.9464712993110814,0.14403934077114,0.6636202523928322,0.7340380425526601,0.7092199599530634,0.7268713633628255,1
0.8984660641007163,0.7447692703017464,0.5750905844173554,0.5205862412235731,0.292828655414367,0.2605450878028931,0.2112441020702578,0.09771600597309012,0.3462641667222516,0.9181974012245356,1
0.8638379186716285,0.6878737441898082,0.5901070717529804,0.4339978659917991,0.32117314400114566,0.22321528335663932,0.22685866239485547,0.18556976492287802,0.37474353362769225,0.9293209127101282,1
0.46290709604059516,0.22627440856315892,0.26808021129840737,0.1381717880840564,0.36317658793818147,0.8463920498628393,0.9238897576065246,0.26725651280861146,0.44336775950550245,0.031217014688985956,3
0.2458467050442801,1.1665704431093111,0.6746791779661363,0.9183573497294942,0.5999732303839315,0.5264735855262881,0.7252569801352041,0.013669756367314198,0.3097500247897184,0.4803484408400082,1
0.3958732772303398,1.1541365791500686,1.165356435854652,0.877754718020704,0.961553501348849,0.7053052860725747,0.6803070746579001,0.16824289226087413,0.3887497886024508,0.7312379166747144,1
0.32107554623426776,0.5373635959261942,0.40605429914715707,-0.17033086144059995,0.09466708556994419,0.4774392235206395,0.5687572977429969,0.31423229292624383,1.4695177786319902,0.6134120839061812,3
0.9875588447450669,0.6027812574609139,0.17837465509662342,0.9589995697382684,0.60986839995922,0.6492002724259486,0.5485053798113768,0.9347657411696455,-0.007139472702796391,0.011233763255498307,2
0.04405138273163427,0.2753254144528693,-0.1231908070295075,0.1580177064674636,0.3752545626199656,-0.0672466946704427,0.1479411173430174,0.3099828975440562,1.0238014714923154,0.2379832669335642,2
0.9971317574549099,0.4506950044766544,0.10502531943203358,1.0765628295838343,0.11126046935355705,0.062475519502718,-0.058034305063215094,0.8214453586877029,0.7472459243221208,0.11393100515398134,3
0.8142480583994527,0.1583212516128332,0.43908104871130804,0.5008191128448107,0.06252128053530047,0.14341469600465576,0.05394573207398162,0.411364410299874,0.5433399321676581,0.7674407534130456,3
-0.8037083762214611,1.472520440768059,1.8964879023914465,0.8698296229913217,0.6896469401456149,-1.2924653912270627,0.8503614730451718,-0.3869018316789923,0.4930507150555944,0.5140551864467373,3
0.5627415969030186,0.1881792724517438,0.5006544347833256,0.2991740278784764,0.3965481468506159,0.5024968204229828,0.37716784466956504,0.8405625639771308,0.2501100238241217,0.622213307147081,2
0.9167994473829787,0.5105445342346466,0.3067135319907059,0.9070120291366687,0.6194488841767215,0.5900401720991049,0.491371464967686,0.9704203377404542,0.11679597114887333,0.05219451419429867,2
0.5088841223839357,0.8631271183821929,0.7610035296416491,0.9295418940874136,0.8893332294559462,0.4780645362358918,0.17824195583283334,0.9264142760726346,1.0211006997980503,0.8241233621417133,3
0.13101975294266588,0.09859995458934838,0.38771279669790265,0.7212921364960603,0.08710842724340163,0.388061767606125,0.5309205455536694,0.8457678543352039,0.4190329945721616,0.4510091710251999,0
0.8584062284717408,0.7091314498540273,0.7014324290413506,0.2603679646352753,0.7619046753015426,0.8879054628335712,0.20319406429556613,0.1896841437397844,0.4481970751272889,0.650573265345787,2
1.1946515934399324,0.5015758703516556,-0.11201449826896287,0.6184827047344781,0.7967987214344765,0.5145466222745112,0.6394245761700394,1.2947503616073304,-0.06411071060503123,0.03260810335861117,2
0.08372405996831797,0.9824244069321704,0.720908122531916,0.32820820217224606,0.9219233386671912,0.41253072265602775,0.5896419305252446,0.5734077026632775,0.7029277273287317,0.739244969981408,1
0.34047538352414414,0.9004868128513441,0.8875142170299649,0.6413987218806845,0.7986536612850881,0.2192540549081361,0.8661824747239578,0.9176172858749492,0.5736354741485084,0.05840252459287239,2
-0.21809580144114776,1.2421075015353882,1.409950687816814,0.7901891234219918,0.7887724386469256,0.8745544136050406,0.3075821302718127,0.46967869721855465,0.3736131170334842,0.7776075254681442,1
0.40972839509862224,0.14319292048859833,0.31323312122753905,0.33123045486348546,0.49112482865459295,0.9256455420825296,1.0260523344312495,0.4147963110450674,0.2984201192754496,-0.01700080984929122,3
0.8842147807370465,0.37004266973998134,0.5335273532004292,0.5026362358046675,0.275074632503796,0.27710060143155135,0.23866228716616839,0.40427364818521666,0.43797078024135616,0.28134767433120883,3
0.35747096856258387,0.965355091114574,0.569457528080474,0.7313077272725389,0.47361392174219397,0.12516458936262262,0.8510242693204497,-0.046166645577730925,0.5449655209284798,0.7361727452830219,1
0.056535477669992486,0.773757976095189,0.8466804591355007,0.21856933407393603,0.987387551811968,0.5315273208993084,0.6863144857970859,0.4612128091154867,0.7169126518790929,0.5078324335725941,2
0.42384091707394916,0.5597584976592903,0.3986928120600091,0.13944156072432712,0.04944556337229001,0.6504698853698595,0.029714668217719807,0.633660830688701,0.932304146919446,0.15639399507993465,3
0.5408080944326931,0.16544989340357363,0.39907771409263154,0.31484964892850476,0.53590211547462,0.9258645207849222,0.9685569474748797,0.07177448845719395,0.3227915633724704,-0.09060100366558471,3
0.6702184768561197,0.42064587301105694,0.898432171589275,0.5787672730277188,0.2912230095295393,0.11693261248587733,0.11972935433236681,0.6105236065247154,0.5464388918890144,0.30649038308360715,3
0.5653516852293377,1.264768111598555,0.8047739155872763,0.06978421911170032,-0.6636845123249122,-0.5122236250043712,0.10391068423102101,0.11914392840439188,1.6835876721457,0.814987634175232,3
0.034794178684762145,1.003784821411989,0.7192889411898926,0.24645749677315965,0.8927957813808721,0.39098434260480075,0.6142081820401032,0.5880818850812688,0.6221558417161335,0.6879397834251664,1
0.7567600217959064,0.56841537352486,0.5983703896191176,0.6059360950503806,0.10019560480034222,0.32114725474427575,0.2134753652543555,0.5254914933598764,0.33520865191846727,0.42204378248054586,3
0.17030686326271638,0.9760089116441726,1.1119492680594827,0.5505451283011272,0.7766788717551921,0.10260373036265252,0.8655563536310319,1.0318447539021824,0.5223470726480789,0.2526497684083807,2
1.0851978994274631,1.4376722304691232,0.20331555602979923,0.1869174538810056,0.6104115574899938,1.089033550412093,0.010573146953072987,0.4109223259698185,0.5642432053439316,1.4498864746603513,3
0.30279812219673335,0.09513390599823754,0.292532922909646,-0.014068934446070908,0.3557111241942427,0.9923936101249933,0.9546919693062352,0.09413123101140614,0.48603201225642856,-0.090939511941341,3
0.9263862844966362,0.37724953655183363,0.7243843919005615,0.24365736448877792,-0.15325721952521926,-0.02929851938957037,0.09076874446667665,1.2375762246101658,0.7823712271911427,0.5941740701385925,1
0.5051822489878195,0.6135298332670511,0.9091217882312612,0.3871490694377949,0.87425844182731,-0.08077970268066753,0.48588735399839167,0.6664474694943796,0.16378143728356934,0.2534355038785976,2
0.5888769977394034,0.730338921485542,1.140903907361819,0.3021588473327736,0.47326510767996394,-0.06965551862797853,0.7515492259875443,0.9097477187655912,0.4641437523501081,-0.1702511354002718,2
0.7901972011929885,0.40228975772317405,0.22312018468255096,-0.007845241143408316,0.16837713096332063,0.4982264212775296,0.10766873132859983,0.7449520894692022,0.4056965621275294,0.25139151986654606,0
-0.18372939339264954,0.7980996873195703,0.6800418106060083,0.2299165637827864,0.7828144892899784,0.33594779212458437,0.661986427521283,0.4699595872995738,0.6030909816592063,0.9309004867352514,1
0.2248354791197155,0.46616129855384075,0.5967164411913533,0.23758062996386284,0.7250117119914556,0.8961442824628925,0.8387236327138511,0.13039928705260093,0.4430365972585076,0.6624473593288586,3
0.5933338098182946,0.5422096018281024,0.7459154002005586,0.11187690350239765,0.7096043007419,0.5999797932835543,0.4339209493286134,0.974751583885436,0.37680840232173257,0.6108553590159308,1
0.20354479791083527,0.1322366013611948,0.5185830230262294,0.8922777255486761,0.9144567473352219,0.4088377890551871,0.574807817600107,0.06470089610657365,0.35103836780707487,0.2637321103956594,3
0.25197465610810893,0.5016661155420172,0.5344981467326595,-0.3037697369761459,0.53354517188761,1.0899060360281239,0.8151291371497575,-0.11389003942149226,0.8801658694952232,0.14625197055389758,3
0.2550878540758483,0.8347600237740875,0.7574919515166025,0.6399741815837372,0.7927587757790714,0.3914637524962076,0.8809540890645527,0.9016316277785388,0.7005019713024145,-0.04917702711453317,2
0.37847912447725474,0.12707643389515777,0.5482755117397934,0.11227208895192403,0.1803309168589386,0.7494535290046378,0.20657230972831708,0.23877234255268218,0.8942991209027702,0.23155813338913278,3
1.0372530710818275,0.6275148471726459,0.14802600185224696,0.9769028479309736,-0.016409758425261885,0.11243050142348376,-0.07334329323057891,0.9171186260444798,0.8556064397793267,0.08833858081355077,3
0.8174158867419107,0.3500788354929897,0.777043198903471,0.8997879807288623,0.40849190947038605,1.095843141432089,0.4828469984888237,0.2599661487921575,0.40373761819697107,0.24167886943195116,2
0.26854263166564074,0.46023526656276914,0.9306711474185047,0.2715268132488392,0.11148557763343955,0.12625431031475046,0.9406387190161899,0.2767236997337556,0.9485555199244886,0.21016411895935,3
0.1094804589519903,0.9240208363072125,0.7032272664977677,0.25395940017658103,0.9175027370320918,0.3389988299220155,0.5096064422882991,0.48351381966560747,0.6214816345187228,0.6663150352218439,1
0.044401172372959916,0.6997635528580864,0.8289875384850857,0.688133751360922,0.8668033931438308,0.5395570642459552,0.4406100777451873,0.5350397134329562,0.1954363254880381,0.6568627124463626,1
0.2669213613976295,0.45731733585609746,0.551384461892114,0.2717926789240518,0.7432360672405256,0.9253208802709063,0.8529395885970269,0.1189415268036339,0.42679771937210403,0.6645178865603224,3
0.40208973466928777,1.0467357166120872,0.519381611418672,0.5163913929655448,0.6635322840841752,0.5397003523186985,0.6477376849683377,0.3625380520606113,-0.046566941990429184,0.36034282564553016,3
-0.19357579080085024,1.4439916494228362,1.1565894087441908,1.6692079632385117,0.23363260473255965,0.14204733279421228,0.6605199513150888,1.808403481309918,-0.15552545124662465,1.5665029198069946,1
-0.24431029366290807,0.8949202546215715,0.5727475232151475,1.1069141247335184,0.252228925956153,0.07093580277066913,1.058260949661278,0.23784374965955907,0.41570342572937635,-0.05795117319731341,0
1.0749493851136582,0.6625367089429541,0.1974929514381786,0.843405192152896,0.574313145131294,0.6964296196252132,0.606173546466704,0.9815816067190974,-0.04022119576872583,0.10467517737672516,2
0.3760040581894918,0.8522826346414526,0.737244058783701,0.8344300907719285,0.34434776797481625,0.34623631771518887,0.8406385224066557,0.18107073473413599,0.31007680096305357,0.6679260787727026,1
0.9035053400661669,0.7477131630246949,0.5285729191760165,0.4768476876476882,0.274702155517796,0.24829351494808827,0.2255972443671596,0.15894487499501792,0.4116225267862305,0.8696509086737987,1
0.22567572001162195,0.35014209159393495,0.2480980951598511,0.030930340272425125,0.7859830668621164,0.8930848592342353,0.7173827257939656,0.00265240166724736,0.6977935058187267,0.3287078959996765,3
0.16071719321017372,0.625734496807872,0.8971755619253688,0.8257785687750575,0.50939536557142,-0.0029131995029782753,0.7953593250792442,1.1571542068594478,0.6070552064822754,0.2962736791792421,2
0.7372182330428536,-0.08824569925049974,0.1568644554260238,0.833126835512202,1.1405485626330392,0.0505077642084322,0.777397536842245,0.5842364863235192,0.8314862421191027,0.7821221128365121,1
0.30222823720438474,0.5495299684035682,0.27578637258216737,0.5008294986431342,0.5339313056916877,0.8969452585502333,-0.03514996368576456,0.35794751267531155,0.34566064472013963,0.16554991339691932,0
0.449818407365007,0.8679563264617095,0.6734080666138432,0.8574122339797429,0.7008427440778039,0.3564464773840005,0.29147460770743827,0.8185892039290805,1.0069395057398365,0.9068556821692895,3
0.6819863987327153,0.6934947200729178,0.8904082951216434,0.12298466078927556,0.20199657974418306,0.07215484228737454,0.41850601641531826,0.9033271518678889,0.9321465160778055,0.8984042685502098,1
0.057719361742653824,0.7088250306648836,0.7786691297948466,0.996837959366683,0.339762286117143,0.36926116542851245,1.1074533002288003,0.38780110999617134,0.6327472160016935,-0.14790305066697843,0
0.9259696570108208,0.8928872911728304,-0.13692405193878232,0.8486715604352989,0.64562004683062,0.4500332966576656,0.29480451348021675,1.2782373850288553,0.15469061564339176,0.23094615126525825,2
0.90836618045345,0.06095269166090678,-0.024266677204121487,0.667692729102986,0.950099570071052,0.20137761838398938,0.6943355624751041,0.7621411510753009,0.6671580366479173,0.6547802074825374,1
0.34023851790553805,0.8722961409658101,0.6864716842062423,0.7882423738338871,0.39415791670896666,0.27972549874358504,0.9005481394049818,0.14262866378143446,0.40748449657241187,0.7530538653456788,1
0.362295551414554,0.38219827043391236,0.14302049519645427,0.6155712250836964,0.2560567100702838,0.14837904666758767,0.15422560564263918,0.7715276533218632,0.2107591854802636,0.6750436808110604,2
0.6909586455559684,0.10153093327462509,1.0862103819548399,0.884704980097099,0.7737377533641594,0.0939015540662448,0.7957484496524415,0.6138705847618331,0.759788077642003,0.1893053804674567,3
1.212763289294008,0.27872439835755775,0.5704040672679229,-0.08178940159237588,0.16480861690540372,0.09096647603103297,0.6746197195835653,0.648650608881003,0.5536276608605715,0.1103569328428527,0
0.14877265727092673,0.7165693284136527,0.9633235084725686,0.6593228364225244,0.6844225141591966,0.6948921804065098,0.3710293872433236,0.4034838575765736,0.3057474128717975,0.5511968788057968,1
0.5131369356312119,0.9154079619709717,0.36053290339108196,0.8935536285736779,-0.09816927416579971,0.2521728857804379,0.6839551676313599,0.3284660819199343,0.10691953395311221,0.16939261361312505,1
0.6302761391804642,0.7009093597869327,0.12078599700912848,0.7770316097624484,0.15518802671940218,0.9281922508832187,0.09456619965725704,0.3060783163918707,0.034632131964721535,0.3053425610094286,0
0.5033061624171213,0.6912164024855513,0.538680741245127,0.5578366173620053,0.36894017476797164,1.1660250891537658,-0.1260679837890942,0.0429982948395774,-0.18045656306158422,0.21663599851200777,0
-0.04559596955569217,0.25582478964059713,0.7867892251057783,0.4978201785540304,0.700038293769423,-0.4653978568240168,1.2106124284912836,0.2740641676096072,1.2728110575861498,0.3539582596308222,3
0.37562972192820876,0.7193289404686614,-0.061460104548321154,0.4686575391245433,0.16259655107319332,0.38263639628719354,0.09143191645059426,0.8971733940257705,0.18181432857965707,0.4254568664010941,2
0.5951197359679111,0.664123635407999,0.04800256286477575,0.6851492753946827,0.254595951979055,0.863272778934986,0.06001979578678458,0.33485551520730594,0.16138615384420546,0.39101727301674066,0
0.8375545442977651,0.6347601345437149,0.17437214026442832,0.10351938855978632,0.003927999296797394,0.5272089876476577,0.3223912749151248,0.7367778121018499,0.36505907335934856,0.3227249101972331,0
0.9628686667961441,0.36141644206675383,0.01675187172868142,1.0911343797814617,0.11177935570602371,0.016236353088888572,-0.06481200634127501,0.8403611434350492,0.7395924099455908,0.06600931881625727,3
0.4698374440249704,0.7849950435575812,0.15876748185022863,0.3940113798041515,0.054263902436982855,0.9059440630683439,0.5162164022958207,0.4524514181446766,0.16574425905071855,0.9376861828822937,1
0.05711060073680237,0.7769446094366623,0.8456670712045568,0.21955205086261764,0.9872232882265083,0.5281283444699552,0.6866896284100665,0.46526952193255067,0.7148369785067533,0.5110047639259041,2
0.9104051460554179,0.7101374089857615,0.5035222266030083,0.45866153968031814,0.25419460770972246,0.25585577595125447,0.2455017967523236,0.1335045585440886,0.4076445097374403,0.8587340272819287,1
0.4394908397647191,0.5877843512232234,0.7151140514196085,0.19212087716329096,0.6168764407930982,0.6044684067896122,0.6193568305773738,-0.2933333498673158,0.40683000822717325,1.028827362605639,3
0.5503525128542645,0.19230058437190736,0.36494174054730827,0.14783878140953738,0.30615587855266535,0.9178658299678024,0.9153095721909544,0.15965260042068496,0.45421173409680893,-0.013201656435411317,3
0.359911506347794,1.0064363676555996,0.7096000217707252,0.6824729272566811,0.5404150406500817,0.382094518864597,0.928667441661426,0.01851344245361404,0.37355158653583137,0.7570994855275854,1
0.05569457314280478,0.7752962080086643,0.8457977088350682,0.21721452924713242,0.9857942687954331,0.5322754043531495,0.6849110089043802,0.460254490635734,0.7159571239298809,0.5086362260760156,2
0.09327261706201165,0.8033480934903258,0.9405552547255986,0.7631094209664264,0.6931725010199513,0.6284494813036863,0.497178087027213,0.27120329598501497,0.1673822566244021,0.32158347212329974,1
1.043105057246272,0.4401014872489922,0.012635093085374891,1.0197806456209384,-0.03889082081123248,0.04922736165473475,0.12475571554218592,0.893831932758296,0.7718697387769161,0.16199248419954515,3
0.7777015794950747,0.641598141256236,0.8784390924648117,0.13939528164173964,0.13980323506791928,0.01934926425395092,0.3326755198969071,0.8807517621749451,0.870258149283044,0.8700109303266249,1
0.1659576628073091,0.42880212902072967,0.6502721385846935,0.058041528828276984,0.6807427266810757,1.1167116608528467,0.8357896073213982,0.1550139744983044,0.285847219281922,0.8121850541055152,3
0.056507722320415184,0.774921337371322,0.8460867768792626,0.2172664577180429,0.9883101385723374,0.5327350465497371,0.6864633739702447,0.46178486733912244,0.7173262644205028,0.5066246679606272,2
0.5261038874758522,0.1824418668074661,0.2824516855779322,0.2123645898184136,0.43358251922858715,0.8139696078808148,0.8590295355319882,0.30674176518109375,0.4301730335018613,0.07651204763136757,3
0.5834760208838725,0.36740968692525355,0.7275196921538005,0.2505714657561039,0.7330579692284311,0.2374081810175341,1.0557943387175237,0.7580627602242811,0.445803740015991,0.10166883087430834,3
0.7360646863992737,0.6282814784272807,0.8453716570965142,0.07552207705654321,0.1375508950078398,0.08929932886579552,0.33429502730175326,0.9105557771436784,0.9104913909567182,0.8436606113428847,1
0.4630151937632281,0.22848744577881563,0.2916560263312946,0.15723342515791697,0.34357815496282457,0.8589589323611598,0.9344365113212085,0.2431078617690741,0.4577513679077243,0.03493195733686657,3
0.2843364948823227,0.5054578395928874,0.6380347742979702,1.38667851715575,0.8825953709692816,-0.08752226028195234,0.3586698535756996,0.48039221139262134,0.3159221431397212,0.8707075919837206,1
0.1755481305404443,0.5799030399435656,0.9187959423473838,0.24829730065541655,0.4228316458295469,0.15734738994448733,0.6482703633730346,0.3631524644013754,0.9629337796529175,-0.02423584760030917,3
-1.0502722901536168,-0.05282175650200194,0.455141139965035,-0.8173989030718002,0.9096533195876453,1.6538821611686096,0.33823382261624835,0.24315821883087418,0.9950076560571304,1.4960197505352275,1
0.22223130619392972,0.40024488397873464,0.052202924938576756,0.21729518826702593,0.13429193018953706,1.1786359805179678,0.015979397868248372,0.32060545048994316,0.163498866634102,0.2071099510058078,0
0.04948488590234121,0.7668062842223653,0.8403913082776462,0.21492358756752192,0.9866637526866479,0.5253677584561224,0.6783329453740468,0.4652638720036433,0.7190641090226385,0.5037705146523964,2
0.27276427719071733,0.4509007482360061,0.4814726126109822,0.29213607118149926,0.5437057384007394,0.6609988240200757,0.7870939161028812,0.20186898579316243,0.3848929253603696,0.4912071625645947,2
0.14546019170954988,0.10142964725951396,0.7726826007168774,0.41699887531553204,1.0428729095444202,-0.09247356524875104,0.9055413375968167,0.45242065233215495,0.4762022972049469,1.024360529936823,1
0.381557551102799,0.8506966146013898,0.4703081044906089,0.7928557805909726,-0.0006666733780257327,0.2699159670452602,0.6012207494922186,0.26447805478571923,0.1595526108542981,0.21864831965625248,1
0.6619820654837855,0.3966656316156291,0.6451466979660088,0.6239065274380491,0.5346652428060955,0.9536261477956596,0.5019540226105679,0.255266107131866,0.24400064178156836,0.6190408202948806,2
0.18080369562257936,0.468081474190862,0.12934016307771143,0.05588216916657344,0.5381879707900213,0.14927917095373672,0.2647894636024639,0.3826728156073985,1.0251460431345865,0.32453838862674944,2
0.24130022307953092,-0.09885625535606746,-0.1034358427453339,0.5186869376868576,1.5455317246825022,-0.3035432898654025,1.207210026473144,0.8286868361994957,1.133581911218834,0.48572496577551305,1
0.0652837894908487,0.502201075400115,0.7964331972632842,0.4389552307744836,0.6905899771664227,0.5031608234158687,0.3296035773441943,0.567383138796759,0.3172096550293546,0.3696857243144022,1
0.49636496899516935,1.0228654071189356,0.2728277083021954,0.9168992829865779,0.032592379427241185,0.3600979436112408,0.8056304456312982,0.3217893161476456,0.014848138383161291,-0.01612507074317987,1
0.7628932101017254,0.6302132504027343,0.16362316886528963,0.8660971845500602,0.16653003514515158,0.7262434494565582,0.12270190507847148,0.1931170408485005,0.1858966113674937,0.2942803594896028,0
0.05595957602906588,0.7728780680904022,0.8487539923486305,0.2208694120906585,0.9853113261164621,0.5321596253496624,0.6859184044738117,0.4599275164689476,0.7139761076229231,0.5076156228439964,2
0.2500195647478949,0.43750222932851596,0.2724265079146977,0.0990218127152708,0.690616455809033,0.9076083203021116,0.7318372438646212,0.05069447410446782,0.7614581101647672,0.3481383617396985,3
0.5155813939787415,0.6230971115487139,0.9810985985853927,0.5544678747951944,0.32445027320516523,0.7383023054060961,1.1672974203887432,-0.12713354456119172,0.07863127451256324,0.3929043704828884,1
0.26550417997649334,0.35944634596867586,0.27615693156645854,0.0024886686959881225,0.7306137488033823,0.8550769494147188,0.6722259670886644,0.06515202898948741,0.6741478977044909,0.35204506978719646,3
0.5533640192758112,0.47360097035802723,0.8954438163583357,0.5680286857442336,0.6701679900578273,0.13821900789956573,0.8382462540075538,0.6842647065097027,0.6468318823130822,0.1342317143958269,3
0.45401025106892906,0.49360730811990355,0.9075541136077961,0.39229195099746467,0.6949458546580484,0.31676695486523576,0.9081763098663158,0.7561162632725629,0.571603382262033,0.2786335366925213,3
0.3277371682652186,0.8321391837211498,0.85135933096722,1.080737467327202,1.0314779564359495,0.4832299727892555,0.22368787271059704,0.8812766589794416,1.0896378653514125,0.7994893786278293,3
0.8511340147177999,-0.26531493422208785,1.484045770695742,-0.25579875258786466,-0.2860160192442445,-0.24473424791300147,1.3703238022712605,-0.2801662771076908,0.24506629058799834,0.6101054611687822,3
0.29561687227277683,0.6336847360821398,0.5355577488661207,0.741100302374962,0.7576092461146213,0.7440083132990447,0.12495006410074229,0.5081160566890371,0.5523760011251522,-0.2561860484962873,0
0.35339197419585605,0.3364311246841531,0.6002516077443427,0.04522770947869663,0.6088314579528618,0.7655983694895017,0.6502693163033701,-0.24325733818192707,1.05587421751545,0.22434733648248145,3
0.25505515418912794,0.38074828027540586,0.6140073990327148,0.26340056007156376,0.7404556400370593,0.9401950416050735,0.837546757790897,0.1250926933971426,0.3714220897740098,0.6625752110568945,3
-0.21078551310681093,0.8015177817382898,1.1728415336550586,0.35061692946702966,1.0176847562348812,0.42812684672423473,0.4235769187079536,0.1761765751093814,0.5734287484927212,0.4060970511930898,1
0.5040128952475259,0.7975705239811974,0.7422651267014412,0.8829376457886318,0.841909908561245,0.42314481944335863,0.18533890951429124,0.9308025831078928,0.9902165495427451,0.8460113565971652,3
0.07554525475720439,0.5166633789191029,0.840519926818557,0.7072243218513787,0.703515125460553,0.5005476271446305,0.3721733665306839,0.5822467618623743,0.335285202373458,0.4726523645349051,1
0.9017646283064945,-0.3994558912455731,-0.049202235617810786,1.7105437875012028,1.3807216861744136,1.1933951431111764,0.9776803884181399,0.6664826170134422,0.835542390195345,-0.12321549581669322,3
0.3892261449167034,0.5200172961662991,0.3681004311920521,0.14297071597191482,0.01857738423753452,0.613682477562791,0.032691885566138286,0.6201161771778346,0.9707230891071056,0.16421624911979546,3
0.3965367080852871,0.13835854594458424,0.5858645580963101,0.17429406065273856,0.1367143042433947,0.7065124380971863,0.333480152029053,0.3025206234654543,0.921208863426986,0.22559316767015736,3
0.5423064613382981,0.611262599476831,0.0519106006948617,0.6937588844988197,0.5030585991539283,0.5470162108770384,1.0713567655056688,0.9848992623406295,0.38586808738471673,0.3387898952124072,3
0.33002581705838396,0.40255765644468117,0.46951801384810016,0.24303653218527924,0.6017007068189758,0.727279012347051,0.8017932472838185,0.23961282086861005,0.4356152732390037,0.46284853307661367,2
0.5449917131308881,0.13646443620356555,0.4820111875924366,0.33682724733255914,0.4107637944118631,0.4818672778880665,0.35592273718570744,0.8346183095011875,0.26939175791496756,0.5811106698185854,2
0.03797409192701756,0.4330657504063094,0.5823078777436262,0.6437958232653324,0.6143193194177994,0.30760520347042825,0.41368361855994634,0.44338792007062827,0.3172562693043586,0.6877514777083923,2
1.0781766116715865,0.49580946540031234,0.10293865862379933,1.0026925671925921,0.7421010930299616,0.6024468952742605,0.4160284874011424,0.953504805922518,0.0320385785461087,0.12241162308934361,2
0.9480008051495287,0.6932146459184696,0.5129634903571809,0.4670542934552006,0.24233161458851005,0.21952160430699574,0.2778421033829293,0.14276732829653427,0.3719281428401892,0.8498300189443503,1
0.36509812722621326,0.9038244757953066,0.6028614599740061,0.378373429328168,0.7982851448985983,0.7327710379775975,0.686983309846399,0.5986919519864677,0.26532099750964466,0.3280656899166634,3
0.14198988893728776,0.09856967770614533,0.373180789357456,0.7283049236909764,0.08097463326422236,0.3965607745338403,0.5430627389445261,0.8607729475221712,0.4109947239315453,0.4423121591150044,0
0.8986623195319764,0.4308205552604279,-0.00119149400789198,1.0452308179613465,0.10233518759829709,0.2080361551033672,-0.0005418235172208116,0.9485264034319549,0.8553105885544015,0.060430577527474875,3
0.7245240245465627,0.4681125697751639,0.47048497201842854,-0.16069215758329122,0.9109579082617333,0.8697360061848347,0.355988263605832,0.6209501541561058,-0.024819163467600963,0.6297476912604735,3
0.4227493594386247,0.8529632857646249,0.5155470241581486,0.7593047647297374,0.0740838092811523,0.18411551529185033,0.5734189929236525,0.23866658888764575,0.08606507272800076,0.28393429868304904,1
0.2403460424250045,0.9796445149765557,0.5938433357664336,0.38863750803963887,0.7210515488509067,0.6473190259010397,0.6966955932027443,0.48692297012605895,0.20452497887216872,0.35208902388864727,3
0.14811977475804566,-0.08483377049289656,0.9248699139067857,0.690851188054343,0.7359609893729898,0.6680412410962421,0.90203798730548,1.4144905002291805,0.3448739233381133,0.7864743581213375,2
0.3695685739382968,0.2498069270509911,0.27837551539196437,0.07491548282762442,0.27407039504601216,0.9156360293950514,0.8715951255916708,0.30363529211852325,0.4509519038521628,-0.011725959954728693,3
0.3425677254229219,0.6345698840577678,0.9856060112653207,0.37717745386614704,1.0407896651665203,0.8741098045063231,0.6156518581483511,0.6331134901200713,0.1423896503186546,0.5426908803438648,1
0.9998417359654139,0.497563113556835,0.04704084116407317,0.7899526560490463,0.793184764230851,0.729483062329825,0.18457419419806437,0.6703222973865428,0.32338925757172365,0.38091680239618936,2
0.40639035406188645,1.0168607181436056,0.8099327352562338,0.6475466658016027,0.7198150270580156,0.19529188776714415,0.766660797371901,0.9802675902724939,0.5369386215138238,0.13071673012840934,2
0.5378119627912269,0.025975368360653436,0.32010444224598894,0.48660540187748036,0.4978340775790487,0.5294965797927661,0.4554493981063398,0.707945372730875,0.0843258889004739,0.42321729212104603,2
0.8820108697418834,0.5131828292817262,-0.05404600758456872,0.967421423485147,-0.06548120566810436,0.20710850137511283,0.07627728826985614,0.9982851509017376,0.714234849930841,0.1281568212635596,3
0.916718645044522,0.35641366417625986,0.28854688322104427,1.0989075747091652,0.8919678092628373,0.845464915707056,0.9957540012078527,0.12871075313637392,-0.13076427377236527,0.6194702902586593,2
0.5299178811894262,0.17181926349414092,0.4454511575695285,0.35111101992011073,0.4155808800799697,0.496668893842894,0.3186604192340153,0.8133408392776799,0.27322757722315666,0.6337515122302824,2
0.5468774839537721,0.20258131993281805,0.37908514180211034,0.10036198119895795,0.5221932405805475,0.5715509220711942,0.4077825882398574,0.5902508551432849,0.37489953158026723,0.6866836897746037,2
0.5362047578569926,0.2558989211371651,0.8106607502694139,0.038756526203567565,0.24080553505783228,0.8321509875934722,0.3157184338653093,1.0973040257725155,0.1578953316175515,0.9839663532570615,2
0.06227386086648641,0.770492820278198,0.8451663994301056,0.21795002620015005,0.9886950280408169,0.5353736570174401,0.6931437472084465,0.46614613395115384,0.7231060593018146,0.5059191410412393,2
0.11205592030616345,0.33142214689903005,0.015091999053155987,0.11739438322806278,0.4679967100183295,0.11383411799188646,0.20843970523428362,0.3835175910225858,0.9421762303412657,0.253188045879367,2
0.20832170690536056,-0.31636996483338076,0.19471423660578552,0.045197430435842345,0.7878470162057184,0.6722990216090194,0.4464870973247033,1.2796566425098361,-0.07732125975260595,0.36273697560289797,2
0.008109440355051636,0.7367765358910267,0.939480091226659,0.6638743617892144,0.2980928250056143,0.14638359415258892,0.9246829071658419,0.40562342646867355,0.7848427618083993,0.14569131059355733,0
0.469034033372747,0.11376101365932949,0.17589813177179595,0.05753980858307038,0.3313701348254497,0.8920242630189942,0.9703367327644917,0.15615020966870463,0.44823487648549354,-0.018852730050499783,3
0.6338050718818242,0.9331781662475599,0.29829069775134365,0.5629664247514211,1.033102559943655,0.5482906680683688,0.9199704452512601,0.08372494105063358,0.8425108921903461,0.7732710716342738,1
0.4335183664992021,0.4280702748812057,0.10579325310129853,0.5207823191284862,0.32385583787439204,0.09078099434966608,0.05891649743539243,0.8003115465960354,0.08055723437662721,0.6045219040455677,2
0.9710734221438896,0.009586866223206217,0.01918205635040182,0.6567898147455242,0.999665686780185,0.10907192892440806,0.6778205074262076,0.6364716686560502,0.626431168307602,0.6825882244060694,1
0.5002177639766735,0.8084869467375122,0.7495588066612128,0.9283270341743914,0.7991605147542752,0.4151911023550365,0.1484854016309351,0.9354558486919715,1.0038714355348735,0.8028286944160021,3
0.9378069948542741,0.48297190792155886,0.02167711514522311,0.9987720878543902,0.04423726952395336,0.1423457620222731,0.019402897615866648,0.8862803331335724,0.7946708282691867,0.03682592230190006,3
0.24257742872638,0.36523100895872745,0.4871119966884468,0.32533885758696296,0.6183247542166332,0.7179810995920338,0.813850741435987,0.2627638509870354,0.42456853977216136,0.5604725982885556,2
0.4786723474870984,0.46062238541851463,0.030352673774937056,0.6336964614255806,0.45704498385832737,0.07672054682778295,0.21669290527223634,0.6757170502549982,-0.011890696627723352,0.6523304716078006,2
0.5996050192928589,0.9636800588559999,0.3027869648695257,0.5624233723141009,0.9804543191574124,0.49716817032807537,0.962862954717696,0.12915784235519645,0.8847218762724229,0.819096115729413,1
0.12488344603531086,0.1140895725788161,0.4706986441410376,0.857538474774765,0.9752551764659284,0.48716496795644426,0.5413464167673184,-0.02552955036344022,0.3668983973008461,0.2838531448795235,3
0.8408236357025386,0.6866065148995882,0.6172733020530017,0.5714604575594645,0.3259722578029839,0.20615632569488532,0.11627066996116951,0.04835201330698889,0.37860042585657555,1.0770548212129927,1
0.6373173188628469,0.37659185211707863,0.369136843408186,0.16233084592039468,0.45431016849097616,1.002682030225184,0.8429438398465716,0.4249353313783031,0.44612945152462496,0.054549058033577166,3
0.30896840350355387,0.40718768912341335,0.4784107796664892,0.26765058821264276,0.5699419508591934,0.70039795597863,0.7965019316776197,0.2588943724477388,0.42833859431685345,0.4965460867433331,2
0.052899567224081144,0.7791273190495102,0.8440183812429157,0.222537523178837,0.9862154896198397,0.5313647119652548,0.6861024905532063,0.4599127329609461,0.7118201885680878,0.5104413668500117,2
0.6662872500674063,0.14369770015804006,0.5028222169104768,0.48022259302032544,0.0023631210090949983,0.310980448054212,0.2136037745202342,0.47753328619572344,0.5821766407125203,0.8852531651043667,3
0.9632408417738895,0.7459587459967622,0.6712431416187441,0.5027386187313473,0.2382495239203466,0.20220552341186399,0.1319823899976715,0.04261126212098196,0.49555809173895365,0.7996490739863078,1
0.7702901972604974,0.3812593930111887,0.35693085672626235,0.4397096672435648,0.8315866514385152,0.07594028757925649,0.6928085079499297,0.4617977347833883,1.0262202379909877,0.670934186230585,1
0.9510972978405143,0.9275806015361684,0.47376243751046854,0.5012624752623152,0.45832768458566475,0.33727083989849344,0.10416356730070114,0.18964237613590676,0.32650752564845764,1.0351756031065174,1
0.26808177459832483,0.9057191000089709,0.6243449378131987,0.6552278159926972,0.35421186060868803,0.2833368451285865,0.8682066776752098,-0.0460644981116754,0.2528024954770123,0.8844646844223734,1
0.4213819534268954,0.5816204655981017,0.3969302481086088,0.12289993706317473,0.027793176958846883,0.6667103319848139,0.03600162866324336,0.66255479572366,0.9224350962404733,0.12874904821674305,3
0.37897803215692993,0.9336330191434424,0.8618936161594107,0.6758298211654202,0.7738224604601885,0.20604680075607154,0.816567900801165,0.8904184559490491,0.5668412577520147,0.07280837621497477,2
0.5822437306202212,0.9702189690053806,0.29104717921457435,0.5193806388550145,1.02916015059056,0.5526036550051471,0.9887025407557548,0.1025057930313118,0.9327599269365647,0.8143294949634616,1
0.20255104204841343,0.8882143729903106,0.6321730094977218,0.5092013609010863,0.7596812543383715,0.6176878911845721,0.6202494932890812,0.4954814655636365,0.23472314348505818,0.36688854746932764,3
0.2689146223366093,0.9530127349094741,0.6693105333342704,0.47220249730231884,0.7844840488349962,0.632873626545415,0.6111958482505753,0.5099349648921803,0.17444955491106365,0.3491092553500108,3
0.41371334370136015,0.5578865667218125,0.4053389155623452,0.15505560936046187,0.05466998984915428,0.6405571838978003,0.02030850588908613,0.6276223214253319,0.9418795491092318,0.167426187871758,3
0.2877305917834576,-0.041563848237642254,0.8574261879314754,-0.2987616157149031,1.0440218550052278,1.1434449295120235,0.3237779506172431,1.2552399542854844,0.47670166929669855,0.5506662629387983,3
0.17861095707331442,0.41745058047163863,0.09466558176271139,0.05907356813397022,0.5276239057788488,0.1222979422990994,0.11143697547260165,0.4256890838355466,0.995867162391683,0.3174336224157788,2
0.4709522335125849,0.4837210605128016,0.6677348369110961,-0.013014398424980617,0.7650662423938872,0.6651294061014391,0.5221474061751649,0.9704578358877956,-0.1021377321531016,0.34565519359559993,3
0.37544548371395065,0.8004818114289393,0.39354376302570043,0.9203515920961712,0.0401757576476246,0.25618424575667237,0.6838321876948854,0.3121418966305459,0.1498259253894813,0.2965853576130751,1
0.39221522971500056,0.4508380621286486,0.6622671711291458,0.24113275293630732,0.03439002527849383,0.46152756225637964,0.528836021984793,0.8524918002424622,0.35856904638456366,0.8001499278589868,3
0.8675539730552019,0.8210507753868056,0.1246934704774624,1.0350982577163839,0.4689665905384628,0.8276961575722735,0.20887725548429084,0.3699026341477627,0.24014976908688415,0.4342346880652945,0
0.2745077293403437,0.24242466940849644,0.2806906754757422,0.36679440409110153,0.13488031541099155,-0.042142425933710426,0.20208525778474518,0.9954596546127892,0.49760211576514146,0.773943302579361,1
0.3596021878179961,0.5080352807914811,0.3333057493915811,0.5013840907663599,0.4707242474429618,0.9538789526579348,0.03293595862657865,0.4517705301576367,0.3846465981019502,0.10945117743873436,0
0.783486495022065,0.452425805012656,0.007296851556311313,0.8536491578594784,-0.04390979809908521,0.08069508230772504,0.0764728204565102,0.8480187982743617,0.87378332088733,0.1431686095643851,3
1.0815363431419796,1.232596238403442,0.6093856139126581,-0.12549011195292628,0.311616384417304,0.2330921672487052,0.7168215730716407,1.477352290590454,0.35093979435862344,1.520773345681747,1
0.2675109166580779,0.40708149606390326,0.27979792343799725,0.7563295682031339,0.6385777552023589,0.031203280603825684,0.34216729701971005,1.0065850459514487,-0.252943362941511,0.33412474959478194,2
0.7361565709533406,0.16172915591328463,0.44630684587346103,0.43523501960390487,0.061768716159761185,0.28492275766140146,0.15144049577238777,0.5288031231303097,0.5208335737226779,0.7931341644490697,3
0.34169355954212716,0.030652245657866395,0.3714224729786315,0.16162104739727845,0.8201919689498496,1.271470714176082,0.6779648400439124,-0.09608895810505905,0.9003726252775954,0.5866122864765276,3
0.20045104550413353,0.35178066657268875,0.01968408547038912,0.15166125628920385,0.4158482040629853,0.07760326649287334,0.18232014174133904,0.35805979642180735,0.8973140471347649,0.24483803521319997,2
0.4303918119328132,0.38495287888087215,0.1019241150797302,0.636121043850492,0.1608585744066457,-0.07622051535228153,0.07471467419113184,0.649585244415995,0.13650286078741847,0.5743161618132127,2
0.9108890607321396,0.7460241921486765,0.20157404079544686,0.8804947418269616,0.6148729635768095,0.8167350023028603,0.35705842991422937,0.9937809683537739,0.14005941781161219,0.17745609997394804,2
0.23536350210452267,0.8139757819785265,1.1046570688783464,1.08441262353737,-0.01733222339472884,-0.042674479727142556,1.323407062907507,0.950579249243081,0.4963678138871509,-0.2563900355111582,0
0.1356820268449307,0.7635211275890905,0.8712824459777709,0.1621579800060573,0.8979393859701988,0.24055775134656637,0.555644895739279,0.45700684965045413,0.6000028463626482,0.6488878833126834,1
0.585574165700948,0.7740427872425436,0.7871032988248143,1.0166849317388194,0.8503934486365973,0.1954538603714777,0.31451396849800073,0.778386601429118,0.921864999383896,0.659430766267421,3
0.6642005007255214,0.9899652562551099,0.32990433945630426,0.6158987667000739,1.05316729043751,0.5342039645706854,0.9548691620907809,0.10444177268566873,0.8726481027643236,0.7394982135564935,1
0.10576765165519453,0.8064064706453283,1.1133162491830135,0.645869720456373,0.42829930141798694,0.7970829235093472,0.27184424735238344,0.4072271434763808,0.09941020210503865,0.6907523936004989,1
0.4331963828511838,0.588132716164255,0.3891158490212742,0.17437710121764044,0.03937933636121726,0.6430393092761377,0.05877759732778377,0.6243083705578375,0.9210607898043691,0.1398862276146031,3
0.44524476069882996,0.19083879015502095,0.24114222074255837,0.2043152130923957,0.38007310780783893,0.8914645098478265,0.9204835780122679,0.2468041712909839,0.46597294061525146,-0.005159779882265285,3
0.05736252653528026,0.7746264680197875,0.8459647367026336,0.21889350094810767,0.9875559280697074,0.5309685703674729,0.6842973725534925,0.4602298067725328,0.7158409153489411,0.5081757110267376,2
0.1659384657028605,0.9570764433801698,0.6026761720822191,0.4678494021617911,0.8284554981162544,0.7059158972997458,0.7519676828069446,0.5771227301126579,0.21750751361672752,0.2963756854604538,3
0.32045935104622436,0.8279786570476503,0.8355237008665435,0.7237578974030638,0.6269313258678537,0.19017425230867233,0.036395828743075315,1.0587632925055002,0.9326299112606126,0.7356780532108402,3
0.285095543332414,0.5564036688528109,1.0511040591823912,0.16728656250987115,0.1870720723311163,0.026631427333513688,0.9481599630058397,0.15504358178903918,1.0064362625216763,0.2588686512588931,3
0.8615691303970698,0.5823991532230335,0.46761180428641597,0.4226161535012962,1.1847423470091942,1.0847086698926547,0.3768409001224579,0.39810881373004886,0.47266613340677416,0.26547607853378064,2
0.3423183049984731,0.8864886609114063,0.9362774283841436,0.5922730318586032,0.7633684547090702,0.2156768482054754,0.8670581352514748,0.8697655982992842,0.5829588454076438,0.059393751464274676,2
0.5980845005059958,0.24353475528672255,0.14350925968140746,0.19023997513487617,0.14698468484494842,0.8914175174949917,0.9710685328772507,0.0735182070077596,0.25340542206834993,0.07845592331935208,3
0.43327745785871774,0.5905427910789289,0.41346212711346175,0.1762061359676083,0.028507645064112807,0.633849195600759,0.012888594224880437,0.6538288372943504,0.9029450676518483,0.17678664264894947,3
0.4497317951258305,1.0097706645212108,0.8129501232604941,0.6441449533090651,0.35983308503096123,0.400056154791921,0.7377965785321006,0.08476966691433702,0.5229459562226184,0.7263003703181695,1
0.21084149909587147,0.8875365137593071,0.6599413192943664,0.6960690968024073,0.39590773411663294,0.2357997988758228,0.977785034353477,0.19296654719726877,0.39301802518923423,0.6388629190587294,1
0.6244809370268618,0.6206375198407845,1.0945384180705369,0.27346982194582586,0.5181348453508052,0.311650341758667,0.7750431963034181,0.08924366717767229,0.3224936657174989,0.46430448477851965,1
0.8426043863124022,0.8940944656541786,-0.2822834486099856,0.1012417215872311,0.29611487382743995,-0.2718744665661596,0.020619930640619587,0.9982539147873833,0.3285220431274368,0.6725121850750019,2
0.31078783533480603,0.7621938383093919,0.9283662519329469,0.8539370182047079,0.636222164139389,0.5932612400322477,0.04656888584760535,0.7907265421198297,0.8974344226771271,0.6836886695407736,3
0.192941646155183,0.19912339647515567,0.18010049997782343,0.16615831713239676,0.2759737742784975,0.8801281152904598,0.2456880509772292,0.2751884127850954,0.6188277720664741,0.5564678712828995,1
0.05586303381565614,0.7734374009594992,0.8461373474039771,0.21756322518282964,0.9867060306272868,0.5300494851797881,0.6841555706088216,0.461430114156474,0.7148832485681877,0.5064815756358533,2
0.34925756889438175,0.7677724035113077,0.5792873139028499,0.7756196839435744,0.34432144373380413,0.3327286282595583,0.7199028452866684,0.25225290330308336,0.41817631153488805,0.8699345007120205,1
0.09103711689868027,0.5888540965741033,1.413971520138951,0.7875018454775824,0.5744254683647516,0.10307648113132684,0.7881896971784325,0.24164148884597214,0.16190364471117635,0.30410780847002866,1
0.6673094958889291,0.5382523876145843,0.9777332017028721,-0.4514278170605597,-0.18923623713736343,-0.12168877970636047,0.07971504508770821,0.7060123164901579,1.163047624131966,0.3327354074052714,1
-0.0732983472359543,1.0082604555558745,0.05667306194753635,0.19396883218522662,0.7793064819495662,0.7514345415751769,0.6230896350912112,0.03399051926351859,0.11065284892058519,0.7625176740093865,0
0.445529532711819,0.34702456693358374,0.05412033851377077,0.4084346695543353,0.27495655346723236,0.18144095167756635,-0.02580246192996606,0.6301274559237626,0.06907933009187409,0.4509885831802279,2
0.6014518725419671,0.8438655376867239,0.8298879241925964,0.7568263230856658,0.743420530630384,0.6077471130732702,0.18600551758696854,0.739269395335016,1.031202513579927,0.6108510876418751,3
0.735768297837148,0.6345772308759111,0.8517511997820872,0.08486892294593626,0.14343055479454947,0.08773435462865047,0.3263644486864511,0.9212373916124738,0.9075982523120143,0.8405804456833648,1
0.6025602247697411,0.9663778795618415,0.30501558868863804,0.5589221234542108,0.9796859659667883,0.4948873331251496,0.9599712165081075,0.1268042191251347,0.8881493301679312,0.8206191191999594,1
-0.014981550038345323,0.5899652946470805,0.8711755115034612,0.6266431398080587,0.7347413212081091,0.7505996024350007,0.44348525697724084,0.39425942856702284,0.35126450772837803,0.5478900507896844,1
0.9278699722016386,0.6418521359975133,0.6590080273495216,0.42531292976653956,-0.1080522089129762,0.17368439912667796,0.37224817629542956,0.5574885860736143,0.3728426069486774,0.5263825681182176,3
0.7537898179059656,0.45264919708846013,0.8654711068588326,0.6643209818108782,0.7751944436836287,-0.05598565013983811,0.5294460739367469,0.40735300195105917,0.1898355951811313,-0.09465795867781074,2
0.5939706832898044,1.0094741195900478,0.4154285981334859,0.5454474528449142,1.0083186730133216,0.4460802017428193,0.9458069388344894,0.0052748862304788785,0.87272328984173,0.9026698082689714,1
0.48632790541107335,0.9735075028776677,0.3946692791472175,0.8449486989972939,0.18591320127678415,0.22881184055545628,0.7028225328264941,0.38169574066126183,0.287507125972001,0.08725810193432953,1
0.33499844292277137,0.5193279899899724,0.3378439470490833,0.5279229471400785,0.46237311866585074,0.9515462109142243,0.0338125143853548,0.4248072920141462,0.3793304184184034,0.08817959615041877,0
0.01840700854130773,0.899865913986402,0.6776340740415757,0.3524417486189086,0.9741514411952291,0.4390684265747837,0.6586327871775051,0.5418261357981818,0.7480371613756899,0.7826092794172541,1
0.4531851539350397,0.5130596232338152,0.16863012464973653,0.5605422924511213,0.48289362325712537,0.6660438774153232,0.9903107099328664,0.8335023046188513,0.4173338969473088,0.16878342681173877,3
-0.19439257509717284,1.1530571609985572,0.771294830760062,0.8255513161981304,0.352460843131916,0.04304037409060332,1.0820871195199477,0.4137508466755956,0.7921464647673596,-0.11322028461891501,0
0.2320346370630572,0.30708810884105897,-0.025980019049136355,0.3683179284115887,0.20145450177048757,-0.05794593998084813,0.23737105749908954,0.8568729908133715,-0.10654634852197614,0.7738173276119233,2
0.8961564749195867,0.11672402698060973,0.08473090016994986,0.6929192914057801,0.9870374886324447,0.2324264555710434,0.5702312098878618,0.7372699769642572,0.7669960631217888,0.6714820150483455,1
0.055823434235844155,0.7737692363344036,0.8464139008814613,0.21884361729781288,0.9878290901060546,0.5306819468003262,0.684464066663589,0.4604329835489524,0.7156461532785184,0.50613813192411,2
0.04665874371331664,0.9500030077827265,0.7671448455875948,0.38084573231579966,0.874159371631104,0.3053623989311997,0.7649438996547511,0.48978747119116806,0.5926514086471738,0.7684353199667283,1
0.055807360070950184,0.770802571197562,0.8479715474985535,0.2188850774982999,0.9875884956167976,0.5325460222139017,0.6828847185486041,0.46008399418123247,0.7184848749295342,0.5109118348952334,2
0.8123462382976432,0.11840187789712335,-0.020256456342311064,0.6369417359999116,0.9823965390267296,0.15232634380776547,0.6687178551141151,0.6126777832733576,0.6257537894575012,0.7699480720421644,1
0.3544165698714289,0.4835544705170553,0.36025859042018477,0.5138248457954011,0.4104316879417615,0.9873493593398467,0.08500060674366344,0.33167661674939325,0.47360002648675126,0.15273525881648797,0
0.49695888822644546,-0.2243072008127457,0.14423325468153586,0.5475495331041417,0.5627215743260761,0.33380679384819123,0.26617965864732596,0.5888390738294407,0.25569312315424936,0.4944411745473306,2
0.19016780885770923,0.2329982640354492,0.6806927529535349,0.4026445441113492,0.8757192887628589,-0.09875765561720973,0.6406403578297326,0.7374031447701246,0.3485960410702701,-0.12261842277807466,3
0.40059576430254895,0.6688451628333683,0.6183559479739134,0.884670877358233,0.9663804174383726,0.47268370814647526,0.2769257957392207,0.8237158336017985,1.0898632384420872,0.8600380576311625,3
0.04899392068357793,0.949573435207028,0.6545876242052876,0.3057835186104059,0.9508609033519031,0.4105829971457311,0.6328419885048996,0.5833189913823361,0.6908457079524576,0.724284761245051,1
0.9909037423039034,0.6355734285222268,0.190886945407816,0.9365382831084346,0.6129388229878675,0.6771555287978198,0.49347929287011916,0.9660220214636716,0.004893380064548712,0.04157177518854752,2
1.067611034440651,0.2631721019541614,1.1961548239378013,0.8995330242873265,0.42403513358717215,0.3758907006948348,0.38678335631972804,0.6805966204211041,1.121572241505821,1.0203234229908316,3
0.34545699914718697,0.4148569531699591,0.4824454795024943,0.2995873413488303,0.5766412562722002,0.6724146260885911,0.8011938243334383,0.2178447646187205,0.39109348423582857,0.4623456565804521,2
0.8301193150297924,0.1385710197594007,0.6280249944379825,0.5864483535694357,0.42651419499438786,0.22955082082457023,0.6533355996964794,1.0228529338458765,0.2682348522137033,0.9221707820488714,2
0.42053072913527945,1.3235592617065755,1.685817612597519,0.09987541696680884,-0.5156696001785679,0.9783877486082466,-0.6323785876927797,0.553428402877665,1.1744742955296676,0.40923238534840684,1
0.5042568475684819,0.6179703354353344,0.6029890479827953,0.774672857998683,0.5391194017773443,0.9538618499309656,0.64313238524848,0.2950461262839104,-0.001634867702142162,0.6139401326399501,2
0.04947887768931545,0.7359209774082648,0.9514609932091186,0.6708097006724381,0.6920668102124087,0.7326896648773334,0.36843559382699553,0.5426421657793565,0.28597384766274514,0.5409079531113302,1
0.3702616253765047,0.2423505848754813,0.32745267693333396,0.2155446253997064,0.1941804232276153,0.7186144799993113,1.1567073514067499,0.18321698736455852,0.6119341201619521,0.05493932066895889,3
0.47926995109282317,0.5266525459312801,0.39051524741171917,0.20883141314442505,0.028920365765177827,0.6886950721759308,0.06754933603762561,0.6563663069754151,0.9414050117786801,0.09251607894247922,3
-0.03163855864421594,0.3255669524687611,-0.3296939580555648,0.4795196828893013,0.7435599907097404,-0.08494784887188123,0.3506348088813161,0.5719020979027538,-0.4301362581074182,1.639474988088486,2
0.7991250567675348,0.7840392640858439,-0.0776570916144595,1.1980567098639154,0.34691095474094874,0.4674553023857617,0.6460821943100155,0.7586832557037887,-0.1566586919082115,0.001736462214217499,2
0.4394974893509678,0.6227897605616143,0.8011031499083079,0.13940938302058026,0.6985142189709262,0.6925775957883754,0.35916035524154066,0.8343397168504235,0.4636941616040097,0.5010335248975961,1
0.722719008159581,0.745833517329045,0.960027689083713,0.02276125290190769,0.29690720873564574,0.1592941625000453,0.3473417852583885,0.8660149235231428,0.9726400839038585,0.8037350682532646,1
0.0808321372122929,0.46411265690568837,-0.06220571561800298,0.09043707966772273,0.5387815419247034,-0.0063985977806285815,0.13185695244850307,0.4065189168888177,0.9702999518705878,0.3432643318235265,2
0.23863005235869134,0.34304303541586945,0.5362412051448209,0.29114608611371395,0.6727712772951719,0.7497680795460913,0.814011166074889,0.24960796469621618,0.3395074948434084,0.5595040471567169,2
0.5216801557758398,0.5807643247769017,0.21746899778940637,0.4590634338530867,0.6297566437727502,1.0080559515712506,-0.16988684205407864,0.21817967680046887,0.515488885336852,0.1132869058382533,0
-0.03599263996770191,0.4119032057990631,0.7830664966797908,0.3879908828065858,0.41031263981943866,0.06275395408350062,0.7495946126943256,0.028886573169160434,1.2618365291063667,0.36900798231304943,3
0.15416205801494196,0.4074900420974419,0.035660813502812944,0.04924303877549285,0.5449671074166299,0.15880288352452765,0.11970436065861143,0.29412108774416196,0.9639036877618581,0.271912291027182,2
0.0948104615613777,1.0254754115057054,0.6067918402072824,0.14058242826036949,0.7789729170559643,0.362826796446752,0.6688515074246711,0.44775554198275125,0.5999259368476336,0.9355818142070851,1
0.05697981904193585,0.7729423859095488,0.8455044675403999,0.21916006023580725,0.9880247393778698,0.5310024432666924,0.6848555027405736,0.46208184021795795,0.7159928453340931,0.5081189764675277,2
0.10733649158221772,0.33960125820860954,-0.02755184793808204,0.0990979932935726,0.43304584427073683,0.10758274246845291,0.12813382195723738,0.349973944577511,0.9206672685389331,0.2132587947552108,2
0.3005957082241668,0.4284297946168656,0.468266450430138,0.2800885805412583,0.5962680055663886,0.6847482354590682,0.8014598395319004,0.24117823475661276,0.4077083231582535,0.47922913788044963,2
0.26057014840733295,0.40688990938456715,0.9396463806758762,0.1820151583394612,0.23739665515034736,0.036678578615980145,0.939868737964604,0.30321541089960136,0.9887005880692935,0.19374806418580906,3
0.7921977797924415,0.13465449122736697,-0.08428960400684847,0.5549330151732252,1.082206786830828,0.20922495599646448,0.732510745204719,0.6135268400525054,0.6797720655216444,0.7563341888306474,1
0.5435381404886921,0.3337871798812793,0.2940879905544924,0.11324222264769106,0.22903199026056076,0.9940271077550662,0.9413480982899124,0.15458875191512153,0.570027368991668,0.15894935950681285,3
0.23175071489646965,0.013480254247308962,0.6295067937890925,1.0301391972035714,0.9621370569437485,0.47481018036524936,0.43646221292407217,0.07556851029490572,0.2019046448128984,0.3116393027147026,3
0.04898873088884097,0.783204956437729,0.8471113615332752,0.22034513239574804,0.988744016170059,0.5468707916313755,0.679544645247799,0.4555078173781192,0.7126907168007967,0.5022925172391616,2
0.9026867160854944,0.4852025486252497,0.03672929739810176,1.0669882003584281,-0.036407882630001054,0.14372493553421653,-0.02925356728486607,0.9048175864547233,0.8040975222904573,-0.000957287527143337,3
0.027842134886718786,0.6694459403646329,0.8751831450461391,0.6580249833386207,0.7500963634997768,0.5802743089732731,0.33295557541844156,0.5087385009639979,0.37639677000169475,0.5642589788094206,1
0.26561704586030055,0.2259679255767731,0.4599772584294245,0.1138060366033237,0.5492733491433468,0.9933851314256268,0.4707831353818924,0.04437108651487855,0.621203274041494,0.47246158169035196,3
0.46423758017851435,0.12328668849169681,0.7545266857667987,0.1057165910634364,0.15077422366513632,0.4474683378453469,0.565967063154714,0.75767001161341,0.5316665395497014,0.5900819507475232,2
0.5718734322799406,0.6808426949347693,0.11029899298695965,0.7181372564994581,0.16793256374985105,0.9165593029108825,0.10204456704254422,0.3249952987016209,0.03431229104191374,0.33186018421360775,0
0.7658431508841717,0.6961032792570447,0.11405700187100654,0.8564089619238481,0.08811113800009342,0.9020081096595212,0.0037580738517049017,0.31233907109230913,-0.06228970872569889,0.27809510422711103,0
0.552649571085338,0.3864694790757193,-0.029899901024550896,0.6470563421359394,0.3001382821893399,0.6650606898311374,-0.0837271813385417,0.10982058988720511,-0.2355631339730433,0.34063372595294444,0
0.9231807620255905,0.6973537979869713,0.07562924218450405,1.0808071539666577,0.5994423338663628,0.6242084121476354,0.40021534855190183,1.0061467356976428,0.11028322397053156,0.22029099405181574,2
1.0473527957070696,0.6363714058579186,0.13283437183577618,0.976033499553888,0.6086908925405684,0.6974272897811662,0.44783358446457366,0.9055783637380492,-0.008963947173742465,0.033450425356469415,2
0.3278956541829712,0.2608720776995429,0.740294182463051,0.08612518347494388,0.549515831999041,0.926922064230773,0.7864467318364711,0.07330965150904295,0.3515824837357873,0.7298503059889535,3
0.06525658050371522,0.1747009126343027,0.5546109469634919,0.9127735853045874,0.8508189732464614,0.4994023483748643,0.5060809984116054,0.1224344412459284,0.34132277574405295,0.15666669980673012,3
0.8966947689495002,0.24778514743946234,-0.1619397878383611,0.6278000597188307,0.8814259281395644,0.31616601743500683,0.48249165281520456,1.194021567108456,0.18949930065001103,0.30049134304643216,2
1.0572429401224233,0.5899073582792055,0.4788457719201434,0.34948221353804654,0.13800814956874022,0.35789719985619894,0.13090129770349088,0.008537858029760578,0.3932862507747846,0.852058168117037,1
0.5991080273094496,0.9453538054826913,0.2759111910725011,0.570354985197689,0.9440113729052468,0.5039381912759194,0.9823055126466865,0.16392949188307054,0.8814505178393296,0.8286409439756213,1
0.43546700120640375,0.4702324162759915,0.5948458114246218,0.7718593268803248,0.5540131253615077,0.6274925683126753,0.5370059959770226,1.2022376054599515,0.7238033209652055,1.0466693621749217,3
0.1769288263422002,0.140758305779476,0.437486991900916,0.7474513929707827,0.07150138359008221,0.34635225137422865,0.5471747719779498,0.8048584902510741,0.3812883336078967,0.4586502517091318,0
0.9449206074748684,0.7126965646662061,0.457633797982058,0.5077095188759326,0.2505188648192771,0.22494083474002566,0.21467038575368158,0.19773781097452853,0.40072551476863294,0.8459246330380237,1
0.0029067823061879605,0.056814179194966785,-0.005433931719749596,0.24878479708166526,0.543768030651551,0.7108048904930161,0.3995825119979559,0.3639337651735538,0.4422571851318914,0.6718290265095588,1
0.38582525970791093,0.14874236915158393,0.3364096077752257,0.12364762144371502,0.5434884271933286,0.33076319499349277,0.4666517709634757,0.6331392038816975,0.1534948141674616,0.7789480060906817,2
0.4116195403157014,0.5390696529326492,0.40743986902604307,0.11424474331878341,0.050082797979996256,0.6574364278684729,0.04073575420475138,0.6455195385311872,0.9394239949148097,0.1268656740893096,3
0.26193977289364107,0.9019223804059275,0.7753610717909547,0.5282329952189753,0.09881484605787783,-0.034848252971192595,0.8842913496715415,0.3457481106705249,0.6214145712995741,0.5277606851133977,1
0.9361671386966958,0.4231093813137519,0.9876672625065779,0.7571201019146896,0.9498559934683322,-0.09152170748415422,0.6387517063544186,1.1592559475466442,1.3281719415756932,0.37007225414474687,3
1.0209888126856774,0.6453109573360303,0.2280746336399747,0.8771948409390669,0.6784936770278677,0.6054143577685276,0.444097016184834,0.9708101992564685,0.08412748617482085,0.1464957346514152,2
0.6993955396063566,0.43377077416925847,0.605435045036945,0.7416167853838032,0.5574798524965049,0.9261168614552053,0.6363277178266757,0.30482931351425396,0.1839574441762561,0.47518810223954583,2
0.5288347926276711,0.2433103690730293,0.4535336865865703,-0.020605135785566803,1.0401576000971606,0.6885953478529854,0.4672445996632266,0.6717209860504695,0.06463736644849433,0.4147446948641891,3
0.35977069140035844,0.9276988863234528,0.9116325396673366,0.6129938839029607,0.7586498653570972,0.43296992165212933,1.120799004752275,0.26230197455549564,0.7095900375502662,0.6699561360709125,1
0.339708169147232,0.04016783766933853,0.686761117763687,0.10642395000468122,0.6107795218845551,0.27277436649499315,0.6938466165934178,0.7560755996557383,0.6010826032702659,0.7278847351117603,2
0.8050280993404177,0.7778336726755832,0.5076998805564248,0.6303317112948803,0.8009101584500783,0.12240855782082066,0.5312454276393522,1.1724896674037888,1.2692818965196282,0.6632376345724393,3
0.2812906957241475,0.8669722148771866,0.8960026331165012,0.5812890786607021,0.7331948601824785,0.2212479742368172,0.9161403185054013,0.9359038940267044,0.5323833284726738,0.057887604518532594,2
0.16208213370617924,0.7311741129929997,0.9189574377657798,0.5397883247624248,0.616480849807179,0.5963331382881158,0.41570127590999967,0.4254695118665036,0.4257952067705436,0.394642233257145,1
0.046784624389221374,1.103694815220865,0.7252474712037088,-0.014646035355524778,0.24645753822354655,0.6178373214533797,-0.2482381214819135,-0.07723457378907467,0.28339648597347256,0.24627480352870612,0
0.8544304946713774,0.7853778403451426,0.28571769273922215,-0.013912342231209518,0.16959749075735722,0.4174829943273052,0.11697176198344125,0.981029457632101,0.6531934646627264,0.6258460060425417,0
0.3983450507418681,0.17302881837539474,0.3547645135111714,0.15823207104668696,0.34784318749446286,0.8430149731153771,0.9895073779765589,0.28091300120857227,0.5415875228327776,-0.07091191912314801,3
0.009822153580631203,0.8966459941631746,0.7891395591015329,0.22112718930162276,0.9786782615841828,0.4082181546899042,0.6001139093397415,0.7002682047002825,0.5683701920041726,0.78673851781634,1
0.42416156043497794,0.5772957749139983,0.3923005218952064,0.17457078144895424,0.06362777985110948,0.6749662834972151,0.05928441142418061,0.6242408415237398,0.9580559216671206,0.15536250879358307,3
0.6361557262532875,0.6425324390694584,0.6884206973616405,0.9977507926215803,0.8250454999375857,0.009599904913771218,0.14771587865171995,0.5727798852789823,1.4493792709711464,0.756583467536606,3
0.08037235927862102,0.7069725578499932,0.9676086549454465,0.5792004229030079,0.7373545558101808,0.6932874916977614,0.3933667721119104,0.396251507849273,0.37280898432781706,0.41687272570684286,1
-0.034412164667106795,1.2388335210609986,0.18464491715553044,0.48968078705880735,0.5614204092646936,0.6795654418592711,0.728655568912766,-0.3158699745603858,-0.2398927779215686,0.7381950625838822,0
0.9211015150130505,-0.007928182415897364,0.00881101672037792,0.6543290637753856,1.0013008051621115,0.14235602698903227,0.6327901478156848,0.6773443574092803,0.5973210804101907,0.7799637437818601,1
0.032461391348625496,0.38362839192509485,0.013388461313691424,0.066821843960994,0.7372189968946343,0.33185715135574545,1.21587955799948,0.752428747132213,0.5225955473865058,0.9289782261189062,3
0.2549482915011646,0.9559585496728804,0.6873472388859119,0.4393508682190592,0.7710657233571206,0.6218099239690948,0.6071210855674857,0.502835026852975,0.20199013958895506,0.36312275344628947,3
0.025435045507786993,1.0382454975485145,0.6589481236350343,0.33132945262318847,0.8880513880234704,0.41848701519529746,0.6633545112087552,0.5805697074048461,0.6116306561256853,0.797276348139503,1
0.536500586157588,0.7696240182682512,0.792512364846845,0.9116096308360744,0.8144483819009868,0.41673984499494127,0.1735499191972106,0.9152143272810391,0.954636078520928,0.8240389958995659,3
0.5602954549468597,0.7698789349032767,0.7256566259872764,0.893904150253629,0.870944027296872,0.3800727809941087,0.20683035280371004,0.8828630663701991,1.0376938545193988,0.7993427446453526,3
0.6563820407534349,0.7782171071876092,0.5790313935109199,0.028790472591955385,1.0234472634481067,0.5554148158971381,0.6457382770031749,0.751724557365101,0.6215447502112649,0.2776763542427001,1
0.9318042562251787,0.5043522716260795,-0.01761777409313902,1.022093421674083,-0.025927133544264194,0.1926647112465762,0.04425941688061068,0.8247113601644614,0.7187360752452842,0.08628042081184581,3
0.36832571392328134,0.8560671652189756,0.5189507338570499,0.8449183909545319,0.016613961940703775,0.2793977137770961,0.5709083173198274,0.2648920123310723,0.10438165250752263,0.29374447694125483,1
0.9380083864664486,0.4784392855965054,0.01686510079616093,0.9939388509512902,0.045131122804911473,0.13717820024990088,0.017971609703592045,0.8853954141421106,0.7881701309943092,0.042027502419761525,3
0.021260628875075502,0.6784460253003337,0.9267406621747202,0.6920921250913314,0.5957009711261614,0.5499672284485244,0.4884515571847864,0.46534264935583336,0.2929589158302008,0.4473298942979728,1
0.10337754078077852,0.3538748148906043,-0.010639875856035763,0.04500023444837789,0.46891115245886666,0.061746292892473055,0.1391789128560856,0.40251101361676245,0.9248729232349803,0.2318627851484893,2
0.46629062807544186,0.15189926309369678,0.19214930191782548,0.2531100335860419,0.40217601174650325,0.8760138576559204,1.076348768229082,0.41322317707599016,0.2907753849050292,-0.03708816131147298,3
0.9523551961766801,0.14546381807950975,0.546931201526536,0.3198907374436021,0.5303347983643893,0.15897734445549488,0.2300771256301462,0.23875486308717672,0.029314397902157518,0.33639005864862886,3
0.058001064762255694,0.7687362117332645,0.8504149175012088,0.2183714214683034,0.9847417113307664,0.5334431078252535,0.6817881306045737,0.4672558555591305,0.7112940254392345,0.5091895709444247,2
0.4960746936299365,0.8348699782141004,0.7581444069731764,0.9167586181962596,0.8000469492756277,0.45267081857819175,0.1722541242512444,0.9099192094075356,0.9827604583310925,0.8485025438507013,3
0.7144857962043079,0.2234966130052347,-0.20004218865817142,0.4556724887173619,0.3254260878391948,1.1447159818903803,1.218181149652632,-0.40239492941973154,0.9171726470980055,0.40753463920789457,3
0.5678481745981964,0.8733342349098054,0.8339144853133751,0.8114735786511591,0.7693581966088476,0.30736767367243467,0.08539127700593567,0.7792063614735507,1.0958430996823396,0.9595359630758657,3
0.13177221424449864,0.9378982170957552,0.7529908027793792,0.4106273801858292,0.875855791764113,0.45736808205813384,0.5246938418644568,0.5116791026894736,0.7256625592235786,0.6441203284207194,1
-0.08164910694853472,0.8058910856823015,0.9667151242203661,0.022905506872585135,0.3940723460447072,0.3013373474749734,1.2873778740780106,0.46784427039516874,0.7776322128590607,0.4059764926573178,3
0.054485257801170195,0.7766755238988406,0.8477674503730451,0.2236799077757428,0.9894725677871208,0.5289190402947782,0.6851986773322836,0.4615376124588448,0.7176581552402352,0.5117395635186379,2
0.36499166602656397,0.8539430491609767,0.6613842932664946,0.540862287615653,0.7292985909273968,0.5951347145928616,0.6826921501653002,0.5683841587570396,0.1176681913554681,0.2613913236867214,3
0.3213147661761033,0.731037704433921,0.4423595325149834,0.3611985552517879,0.3498566298461635,-0.23647669591702325,0.10416798432669178,0.824287622617267,0.7085188585153639,0.6585938149058044,1
1.0140593057248548,0.09461751795492801,-0.11538179807235907,0.5895657933612763,1.0055086284611483,0.15279935519185528,0.7624308558852301,0.839705156586864,0.7166310917401467,0.7953448287865047,1
0.025171595872254343,-0.07903145889163507,0.48487540471642687,0.8475049267877872,1.0505715494313062,0.45924484072174726,0.6483616346548287,-0.07423764281788645,0.35671563888749547,0.48420814686360103,3
0.476892593107769,0.9651940331492171,0.38760545087051146,0.6975438165354428,0.03664380213939401,0.2816856020365972,0.6789139378705902,0.36729699616595735,0.1569179787065878,0.15148485609546253,1
-0.5486816202236362,0.11187054806643093,1.0914945263646434,0.8625448011492116,-0.9086382550896934,-0.00485061934214813,0.916975398312699,1.204602671999406,1.302302042064053,0.21660705639415279,1
0.341204078112622,0.12507786912792163,0.4571753585418904,0.1595786318859388,0.6290651432120787,0.6477182855858344,0.2743300704364629,0.7363051934388832,0.37793782632710765,0.6252152868357214,2
0.09770408948496714,0.6616695721573249,0.930671390770987,0.6137339597407919,0.7126465177011583,0.63190701670099,0.42636792174753313,0.44162645798646427,0.32999991919469,0.5033063078663274,1
0.9622135381167607,0.6020793904297681,0.17623863939413265,1.0007624802595154,0.6640660124670574,0.6753102246468831,0.4444551957300401,0.9425829580365233,0.07468117741048959,-0.005420598511986327,2
0.86017964848605,0.8887075991626492,0.6476137403815434,0.3587391864956219,1.0056069489221344,0.9412801928784432,0.24433053438239277,0.3539175018849877,0.5983113076183946,0.5189034137826072,2
0.5291101785631791,0.30885208356876803,0.27070495534419664,0.04753218148796759,0.23004181053675718,0.8677936296291423,1.056835302798223,0.3665671767296424,0.4014255188897191,0.08516979005946354,3
0.06262434552633304,0.778727427803939,0.8397042175734822,0.21523480880363824,0.9855674237232005,0.5300547534904108,0.6865741636399598,0.45977104948676273,0.7112350147390815,0.5098190751098242,2
0.6870827821864685,0.3878627906002765,0.6878918152961634,0.6994251336740348,0.5648761454740361,0.9546012607170489,0.7004730799293163,0.413928067235989,0.2541719800411216,0.38164008792973186,2
-0.05311592958385303,-0.32148505380567,0.7204287425857604,0.3732830101583594,0.4346345634170195,0.8932384935278035,0.8755195137053862,0.3569609183181869,0.5942511570686398,0.3799493386182681,2
0.721514949391239,0.6016221946963454,0.8084813069759604,0.036053759869497784,0.10733637616735242,0.0899805277360788,0.3601797491701937,0.91741041021016,0.9438325793206508,0.8206863480304767,1
0.5432611705513961,0.6224996306201973,0.20125296314173702,0.6362050241079293,0.5902846774862542,0.618709309077808,0.9795870792362018,0.8428072228544269,0.43171902310936344,0.19159283511592035,3
0.3856255427429639,0.15107532070218116,0.17306378329794503,0.06990647292277934,0.35141588782491273,0.9268826098219098,0.98661937572828,0.1374541866190569,0.4335152606344542,-0.014744906881469198,3
0.04228425241546317,0.30593837360359843,0.021760230939063433,0.06557896394944115,0.48402266854684217,0.08217228585658262,0.07123479837516657,0.38552070921541703,0.845456737951824,0.2887051392390936,2
0.2996721105295328,0.7432041603277119,1.0499758232377723,1.4494257881548536,0.18317678724937547,0.024686927595512664,0.7229612697976653,1.3115332376396789,0.0015238832486486054,1.0113142193740274,3
0.44467542568820095,1.0347597368108734,0.4182693232513011,0.8440657231419164,0.006476954579136454,0.3765765631526372,0.7222541981829316,0.36790556717651485,0.34227512779377445,0.3098355666034846,1
0.7967034862313426,0.45368619268980265,0.770753155369038,0.4779926754478558,0.6699108591643811,0.11981707674589598,0.6639719818769229,0.46118172566386273,0.09487417395962432,0.0819260600334311,2
0.21636149954289982,0.8287580794209823,0.2595682751907322,0.685914308500315,0.4638245982801743,0.8332269293020876,0.38681748068026467,0.6755292572169647,-0.0944926000419628,0.9189892313655481,1
1.0132112458661684,0.6697146861969894,0.5387538545531793,0.28926712193374576,0.8918996862510947,1.0979121046436384,0.21910336042164014,0.5705028234614885,0.6769181865720445,0.152028888496966,2
0.3281730392146827,0.9898557808953304,0.9325248948085317,0.6718050043848053,0.7419020774670733,0.2389921927555076,0.9728742489408205,1.0352970643191883,0.5194421625972677,0.19455811223384067,2
0.7658183853753437,0.9857197978842742,0.5512918660814277,0.5381570332621348,0.4898056986507383,0.44088110423037774,0.20697186173756182,0.21242981670953726,0.5869044778541057,0.9572957951434672,1
0.17633370548740535,0.3548601349070563,0.1961659781088077,0.09051811901657915,0.66815716953088,0.798928106270358,0.7043810871435321,0.012120835991275655,0.5776010275258232,0.44372965405431014,3
0.548451449950105,0.4404922984328324,0.28754841624990624,0.6318269000922592,0.4397050107414637,0.788471027080277,0.942882025667256,0.7395558117979834,0.3954135731177463,0.27485020173828356,3
0.9065530962142102,0.482244847923494,-0.0019246045257782715,0.9942959661891181,0.01715906775116224,0.1524658047929181,-0.01469523723589948,0.9047333910397328,0.8100766092072462,0.04239456928222662,3
0.3470376507283097,0.38935779371764706,0.6821798873373303,0.3915756880382917,0.8284429027962368,0.8127426121354657,0.675396924674519,0.17969946029859524,0.24246963911535108,0.5738048642272784,3
0.26277010673907764,0.5093890501688461,0.7515629047821268,0.7498482057104224,0.6508120928585964,0.6542743234917031,0.38098427739924146,0.45790238611692313,0.3227338475379219,0.499902712864332,1
0.2693759440314383,0.9529715838552023,0.670074379644361,0.47223029595896066,0.7849545427463612,0.633591108385956,0.611047702556518,0.5102950146737288,0.1757821543363616,0.34850525293254514,3
0.06498354551261148,0.22332238689005743,0.2204114309372109,0.2388585089967046,0.23307944012871462,0.8825793726742239,0.17850918645201508,0.2464081625305214,0.5897048458014372,0.6197342349709953,1
0.16698699854742,1.0297400514218062,0.7510954561179707,0.8773143571875592,0.15470051655107403,0.3014967390419636,1.1015448389954898,0.6474727234968314,0.7190417425000368,0.0859518453562461,0
0.354716664506696,0.26818996426367386,-0.10456848356279727,0.6159584784837184,0.4797669898659128,0.10404014840596179,-0.008667947142275631,0.8704532680527586,0.1874988719163941,0.8299980180065093,2
0.41692112505706747,0.5504940657260462,0.3941576807891245,0.15673871640847506,0.05334132540777742,0.6426619165204546,0.04619944564726993,0.6363698133694936,0.9326966561864352,0.15750796213382834,3
0.8899081788398396,0.009067983870294463,-0.054746960279661555,0.5827704221838772,0.8973614463183176,0.08601801971801618,0.7431854351133728,0.85594100419202,0.7539641607854954,0.7264345677733646,1
0.76232009889425,-0.2167481601116923,0.5597632452360501,0.4271970546857996,1.2665961701956903,0.4625826970542383,0.21254947694761367,0.3809604019974084,0.36511202766324236,0.5967246723429842,3
0.36075155458427144,0.989831118024204,0.8467880614830157,0.5627435734414563,0.8295767474806438,0.16673151671508812,0.8199551408058621,0.8760492414612883,0.5229259752707032,0.06622199355308434,2
0.42177160338457,0.22577219838887266,0.23923249334642482,0.22255123439969193,0.4243278671308328,0.9035607576860436,0.945869204055435,0.21060796330242182,0.4358188301153785,-0.023908463358482936,3
0.8900554180996548,0.4511985981080024,-0.01456031271525092,0.9645119159496567,0.04049325436244831,0.16707559309444034,0.05388165468968666,0.8502143291234225,0.7816752584018314,0.06678430222560137,3
0.26107147288004945,0.5845868711666934,1.1450601282004553,0.21152617447719152,0.2229089406131189,0.2076754728773369,1.1092706401281385,0.2959206433156258,1.1407132404626787,0.32516748006911556,3
0.728208877446299,0.2613880370881407,1.1150109168114926,0.2597954557510679,0.4802568561081142,0.30622186749773184,0.6674643984683605,0.858904726671293,1.072540028244819,0.7775269471423801,1
0.26766197164322136,0.4152036737297967,0.5067919896592852,0.32471617870354663,0.7029328434515125,0.9611503273644887,0.8584399615296274,0.04487124209122835,0.42047091159966865,0.5512582352123788,3
0.055925175421389674,0.7741132496323162,0.8466697165852681,0.21865031667907311,0.9864468641732744,0.5311012996857922,0.6862328165133019,0.46102962180792123,0.7169219924891997,0.5066575661675646,2
0.9521540003424407,0.7555595143058084,0.4964576180357008,0.4451309640458809,0.23989385957994122,0.2362833774157807,0.2155319486402495,0.16458801760279662,0.38645124588825774,0.8447598559449653,1
0.4918857231852497,0.9244426524033943,0.37560318360309775,0.8400289168287037,-0.062394161058016165,0.19553275227910763,0.5970701199569284,0.2859731955966502,0.11747173766619168,0.15854958903220462,1
0.7008086712960176,0.4350946140866156,0.5592412403555326,0.7001640690016425,0.5722280617461794,0.9070298750672195,0.6278376640370297,0.29903343852294917,0.2013360530738154,0.49676885130647735,2
0.7223108917662939,0.46829984064754593,0.4103388809238152,0.7623603262319454,0.11778099670412016,0.4990749242469837,0.21978430875508254,0.6603977328334741,0.5160088974598745,0.3948321365365497,3
0.3603308837472364,0.9727515717358212,1.055271020277055,0.7285615826986359,0.9435534819865037,0.3661913869136645,0.7771333035604401,0.8644049790795452,0.7408224157107787,0.179961205653411,2
0.38219594011759994,0.2145362226860109,0.5260104468403354,0.19212512502389004,0.25781157408681643,0.6022188194067336,0.3395130869212876,0.7887298087383361,0.3255253518035433,0.6696425972738681,2
-0.13864180345697766,0.45501996472856765,0.9444000107593095,0.3611037606714796,0.3687514869103205,0.9002589662330127,0.3674548903570431,0.3608721301157507,0.06963494011677618,0.4830674615453433,1
0.9298973842588104,0.7438944277911007,0.5739670000342949,0.5350961925870786,0.2992180829200345,0.23281966591269584,0.18294929960937975,0.041083830685906736,0.48057853622660884,0.8193870786465725,1
0.8868585985093239,0.6352354155317756,0.6803699564827773,0.6248716781718746,-0.012457564767950804,0.28013044260994396,0.06385347172385773,0.6260154180267448,0.3020484981892553,0.38212937405261466,3
0.13725028601777814,0.720210850253084,0.9304390321485666,0.6340770166948649,0.5343328180842064,0.8269451070427123,0.36839140105814877,0.6410733623255461,0.28947453650769567,0.2841987733630338,1
0.08787857708013687,0.6613918623846361,0.9381829672640488,0.6126321889964031,0.7157210895610047,0.6405538001308824,0.409119016191816,0.450723252269971,0.33062952314390887,0.4916931319699696,1
0.3741901945225448,0.39011958243150746,0.8389040250220955,0.41434258771593724,0.6812030379904063,0.14226237721572058,0.9086632579882951,0.6904538753620748,0.6326878083128454,0.1586462141557612,3
0.4302169620758578,0.8496885300509305,0.5807440607206693,0.8422814355413808,0.49878845937734395,0.20875354796505463,0.7710777946052122,0.14064293974011882,0.40110627044553687,0.7105168129245266,1
0.7083321879725571,0.4165951776159458,0.6215765823526874,0.7850707396255706,0.5446285653857702,0.9365506881964044,0.6483424564483937,0.312392630245384,0.20224447697862138,0.47132310358327006,2
0.02427170846844329,0.9435171018246014,0.8576043041069257,0.7992590789017014,0.1927474619777693,0.23746874068660156,0.9979298435236562,0.5384824161803722,0.6939414590991018,0.0687826805202211,0
0.42393508115040124,0.5318733511748374,0.3825389697174402,0.12627763255918173,0.013831928197135832,0.6483157452756142,-0.0002529880088683392,0.6371767443887197,0.9625641360861169,0.14690604931288037,3
-0.04493203015231083,0.8818092932120318,0.9070517833145391,0.5087308873385171,0.7351136542650653,0.17801930113241965,0.7611790565645121,0.6431872412775886,0.5616726595088687,0.6596725790268597,1
0.03912867296398633,0.9481769979983115,0.8756805246748438,0.7877062769072208,0.20268247185817095,0.26990777221132806,0.9733682020557375,0.5458609551609623,0.661541245299804,0.049435589809362857,0
1.0409250644880066,0.681943095541393,0.18572589174411724,0.7672100731575513,0.7783629042288517,0.8137686890964084,0.5960967563642472,1.1365525294744794,-0.13680587567393132,0.09430987751144426,2
0.4804378488942736,0.14163700657477254,0.512307953768285,0.3984706313289728,0.43579833190127304,0.48076732102684044,0.4074816959397186,0.830664471704104,0.3320897820384745,0.6653227582804087,2
0.8623469910131868,0.6252277117588552,0.592074483967218,0.421314082733666,0.3268013127702071,0.30629246486230477,0.3106703815547246,0.0212030193499336,0.37919306801086594,0.7690492949992453,1
0.11960257000299082,0.08711784635499296,0.36848581806025754,0.7442618085942964,0.08047485513400862,0.39286720735361147,0.5512984554255375,0.844160274780474,0.4036704155631595,0.4875502957733593,0
0.7900327971323295,0.4791033088085465,0.7384383675980057,0.5081294022201486,0.6318265831958492,0.0814732832881923,0.6766931454692807,0.43637587074768786,0.07140182663551123,0.05875757295400488,2
0.7203355535358122,0.7380260562865986,0.7385845511996476,0.8869328922749168,1.0306917905930724,0.6621999161305832,0.4189438592896464,0.6191626659056648,0.9911063204094689,0.7771357676491746,3
0.5972456573576056,0.21212455941137148,0.5027732571390224,0.28093855929427797,0.43424591328914197,0.5377166109500982,0.32270291325552825,0.7658679064864196,0.2568745377518947,0.606267993092628,2
0.9603837902174043,0.4065258818569999,0.6548293576525289,0.2825816736282854,-0.16486181187079577,0.20601176850726208,0.5673905304496959,0.5361476274475637,0.2460691120612117,0.4970103917344928,3
0.33204726192187833,0.988775168042489,0.6694777031786142,0.45925930614258015,0.9011371969115419,0.5448290571985019,0.61036902981022,0.5103582614131824,0.20975800656518814,0.37159546329482207,3
0.6545082793859716,0.7464393335014453,0.8401027753506133,0.16890818810826497,0.12288707913138858,-0.011631921851635571,0.49859976479403806,0.8191916077905776,0.7436240012348538,0.7344390599094304,1
0.3358889570580236,0.8462464499559716,0.6274491556847274,0.7473898364769432,0.33677098753748774,0.2693020394711943,0.8808960006585285,-0.08432944307151255,0.49535852782881135,0.5623963016657866,1
0.24447865302245617,1.1637332001449157,0.586197434042061,1.0589210948925247,0.42498466680077057,0.5302855284481938,1.0540730165537175,-0.04830991844455551,0.573174559318949,0.4896995905685541,1
0.513824678088675,0.7636226133889908,0.6662289605576502,1.3746486812862075,0.5316561732166789,0.8130465518274682,1.0337598940373223,-0.49721540446922097,0.3543285670090212,0.27370758390177363,1
0.8338341438359048,0.706326398556493,0.29785969226138537,0.4573680341199279,0.030739343993942764,1.1874534495767812,-0.2041839326650151,0.5606608169959011,0.16839903095125758,0.21177373176785402,0
0.4305098400252637,0.41229044446117435,0.12447488452634299,0.56216224818966,0.3592472368366553,0.05791490402667845,0.04936477728190289,0.8466777191516974,0.022091731669362784,0.5883625931637296,2
0.43953743242703713,0.5760946351512792,0.4212122990066747,0.11154021045405324,0.0765755757711695,0.648031712492154,0.027446912883106012,0.6588222357079891,0.9230146378462938,0.12819429586870992,3
0.8669030960084614,0.6388460707478216,0.5676164804154732,0.4102516014442962,0.37393669006621477,0.18645356481119307,0.25493199780380954,0.27775379181341286,0.30254167849720015,0.8720388051181861,1
0.5543661469157802,0.32872779864254914,0.32730859868236567,0.4072596001562155,0.2396087935907392,0.5982437292789218,0.20011844824389652,0.858031041683908,0.3628858851378358,0.37813209750101084,2
0.39437617171265393,0.45156554730481224,1.1375853181847226,0.5596667783625842,0.6983108891266033,0.5755134121188827,0.6194701846462161,0.17387290746737682,0.24749170548770294,0.7394776026534906,1
0.22364058100857775,0.6622135362461881,0.49246252268731594,0.17080392994132132,0.6019400334949587,1.198468235442892,0.6434859309865977,-0.14337786946913164,0.612672675859992,1.094600061589082,3
0.12351475924344171,0.5176634702318689,0.9395238036283882,0.14069247548401342,0.17324854811407023,0.09603078756848392,1.0241816841264981,0.1409433195714882,0.8800292675282244,0.30354635818390874,3
0.2506644941527346,0.9325564789812403,0.6347247350382275,0.484737619342588,0.7714542932470085,0.6615313933293809,0.6327001009860604,0.4876042582043522,0.1789647021780003,0.3201262652259549,3
0.9109597800975486,0.7407119318853431,0.5136518053603456,0.4697135964116574,0.2910000070100335,0.2595740546906913,0.2131754645098795,0.11689640372224425,0.3958495905262945,0.8736218069990833,1
0.026474277548734552,0.9877138418622332,0.6726124217160706,0.2800307687186973,0.9518970939025483,0.35662947308153414,0.6023165870737247,0.578385126499465,0.68014624651691,0.7041527005609268,1
0.5698736642987252,0.1359139600973654,0.32266808394877816,0.05808213627625802,0.30060482755222484,0.7496104995223123,0.8813036821478543,0.12406784966329959,0.35628170314294527,0.10343031678913724,3
0.44194138500219216,0.8592223897398417,0.42007965535386355,0.9907380731493225,0.20180534348867274,0.3947148878400461,1.1636839196831255,0.020902495265663235,0.319040967783241,0.7755747884700521,1
0.20035278819602653,0.9263767176185735,0.4880929866645627,0.7096299518234438,0.6425453937907052,0.7609793537947888,0.6575842982959929,0.47736064300967335,-0.01608162417584813,0.18388459121942968,3
0.46589237009892814,1.175498353294586,0.8568614523971919,0.4726369002088917,0.8646825446837477,0.45964726906902376,0.664454349302431,1.167512217960382,0.6485331347250924,0.17202918426887936,2
0.18879635275804849,0.15309992263434863,0.7109456899808224,0.1853267369198176,0.029848634750260686,0.5181034056952905,0.4245261528227129,0.1703311055132346,0.8780193266253066,0.37039006887848186,3
0.11238372226247006,0.303400933061632,0.4708577770344008,0.23582095687103857,0.5843862328557766,0.7935149437169928,0.9547939015899547,0.08276355020788359,0.3833547893896114,0.6954893703745701,3
0.5348975054112073,0.24588445696091624,0.3364742138224798,-0.3489864604288036,0.3733121250921354,1.1524811766492264,0.30316582240332196,0.22380588854886188,0.3816782392153872,0.07249378954511143,3
0.9337724842373718,0.4956191976959258,0.016135463976317287,1.008155544663917,0.020633057628649747,0.14751746598867105,-0.007381452909324935,0.8924977678400331,0.7889185971670188,0.05111790635477895,3
0.4281634463212718,-0.038374233180732076,-0.5183257823422592,-0.11164892222377054,0.7403025683113258,1.2876097459222906,0.7519381698197484,0.73921633249017,0.371236952218984,0.6373143071079241,0
0.8336225313880867,0.6363069448075707,0.20248721481617818,0.14944693019304164,0.03194186600027303,0.5354270142525118,0.3451454217069448,0.702892375674133,0.3952964917492079,0.3408090646960322,0
0.43483041792761834,0.43487364959644575,0.6097178312022792,0.0968862312007007,0.7217302310486833,0.8423158485793149,0.9265165114553918,-0.0021276099178501734,0.5653876336106711,0.6667526399198591,3
0.8947801816671173,0.7526494459228565,0.5336606966992661,0.4781374882946205,0.2588875140130684,0.26856308616789754,0.23213460819339926,0.11217384448763851,0.39108524211966395,0.878931144123198,1
0.8243016294851139,0.5170165236229546,0.11804789771871613,0.9461053546117795,0.7025428095291861,0.5150722573597887,0.6410813556659951,1.0576921211566803,0.15633255507565025,0.10583062404662977,2
0.18539234368383906,0.5452376082000165,0.8813040600979183,0.6739481556447787,0.8006648574325342,0.659929291864666,0.5400262253821069,0.4157014214523656,0.41734693066781636,0.4614431878502418,1
0.9953957081307158,0.631895255801606,0.18841035809597326,0.9345473904984489,0.6082691892109887,0.6773868024047196,0.4956631073128245,0.9664435813475557,0.008384655044053484,0.03994356148687914,2
0.7603255073248468,0.9406630859102678,0.4983230882607831,1.0871945504862393,1.0846299959617463,0.41578428308742005,0.40531567005619373,1.186318967877983,1.3098746908708698,0.7700566135092318,3
0.6437954328780083,0.3068367778568063,0.7904506170396578,0.6185791317982174,0.7845173010197688,-0.026445018887985963,0.5811355971681779,0.4567035796036595,0.009591400964844898,0.04478009562168308,2
0.4365628727527187,0.4827814167151215,0.2419047070423544,0.6231465510419045,0.5595599630430848,0.6918229583341725,1.0098629478307004,0.9080014410469625,0.47284441835912655,0.2185370679792186,3
0.9317354626810315,0.5285390133107611,0.06512414582460715,1.077336863692722,-0.051405364685360624,0.06785186398241067,0.03764971292261321,0.95200009800544,0.7386900534332624,0.12978862722209378,3
0.05626980200731361,0.7739362172357168,0.8462750189591919,0.21843103516794612,0.986739057859435,0.5316088644070859,0.6857619767317509,0.46190741379444067,0.7158666495721705,0.5072631673782977,2
0.40004421945697166,-0.04375881941854487,0.5471644562302491,1.1869099707064994,-0.4031752509455787,0.25415121567374,-0.34338834465205115,0.314933152670162,0.13940660617356795,-0.7359794940838629,0
1.2787044426569047,0.6110371644011228,1.1489812755854256,0.03838831895249206,-0.5919934436061668,0.5916307072947198,-0.3381714170650195,0.40666256985656946,-0.3632642768404004,-0.1854139868572383,3
0.15491961540442906,0.5484046399151106,0.855832571956367,0.6778050121005423,0.777719141879341,0.5349814466527778,0.27551002937083485,0.5229095896484037,0.38520913971391324,0.5374289770139482,1
0.41472450857657267,0.5571161130619187,0.38505665759043944,0.1491667120856288,0.03486335955853303,0.655758395888824,0.02936479523641305,0.6427528175891427,0.9343413893827358,0.1661793074390626,3
0.13858968502887892,0.18105196390227912,0.6510696728453453,-0.0832347885673772,0.5287031736510961,1.4480441461897255,0.8553436312234637,0.9486809186360073,-0.6013298208538183,0.8166794950921614,3
0.39432083437166254,0.859917658104997,0.48451216009837406,0.7979545029791192,0.013995439693769932,0.2570829121113922,0.5980914768570398,0.2570455732532776,0.15141477878219797,0.2109597735385835,1
0.4091309197976254,0.21677957541866544,1.2113256303396596,0.25534428201406845,-0.03251501427207973,-0.01979616282783052,0.27050499661334715,0.46882975932156956,1.4368506620194,0.4977973340010526,1
0.542918457838423,0.966014598844285,0.2275349532951958,0.500969895919024,0.9395148098935235,0.5438165738996047,1.0333255890568134,0.12993325456542637,0.813052333177455,0.7489578184367796,1
0.9886222510374422,0.6253823824339079,0.19203042507329735,0.9489345113789611,0.5903226593970602,0.6856546580386629,0.48657729745481837,0.9823715433497123,-0.0033766440910942327,0.04551632905039131,2
0.11301786999003835,0.6215755236085596,0.8817803100060816,0.5716464907557943,0.7880351329514254,0.7123891603072344,0.33195715694063843,0.5045782061578666,0.40429289401392016,0.5262549103373712,1
0.06166862871000789,0.22276144993416616,0.26353393062859887,0.5154377050011771,0.7333434384346508,0.6591180523732629,1.0322298727508192,0.17386618933756906,0.3716337195255588,0.42209873028972805,3
0.5135184004292611,0.8151368271747056,0.7751424642507261,0.8987723353692304,0.8113810986251212,0.42266698463937996,0.1813725147689093,0.9125092056475379,0.9862035333170089,0.8427451294580551,3
0.3670397690814807,1.0519585238699702,0.7089152201594671,0.5446405066626695,0.790235732110366,0.6586158936465527,0.698171094542084,0.4098867585400034,0.09588977939699544,0.45077780815008306,3
0.6074485623414888,0.32007936841733275,0.4931083845644647,0.17654698421367576,0.3783358534760879,0.9995465130700047,0.8100503506150318,0.4560738838704572,0.4306730574232169,-0.1836202145459695,3
0.7878113812854813,0.5266836512545254,0.5097947885439479,0.65200650140006,0.14449740490376725,0.42146948309352317,0.10224394123973389,0.47650308768560234,0.44096105098239113,0.3262095283960557,3
0.3275294351452527,0.6439948280368221,1.0618108810390352,-0.2440549191017073,0.4952855282975284,0.6032500193561484,-0.028686400159370018,0.7332728583380554,0.8491503412850743,0.8412344336566895,1
0.8034352975503384,0.6801133574381416,0.774095431425928,0.14949391664548875,0.18130772219122657,0.06177704081835922,0.3463296030283385,0.9881220447777068,0.917140390861421,0.8019973780325149,1
0.05263989820584494,0.9531643618275365,0.6935459445428894,0.3075563639660553,0.9356286247419608,0.3874554270172137,0.6028998782085767,0.5869010646331965,0.6824307416143123,0.7261868756214303,1
0.09592779646147237,0.8764283770810776,0.7676898375242175,0.2800147849141722,0.9082806831413291,0.37564541940463575,0.5949402536453339,0.5669755757067496,0.6169257139402159,0.7775884506347692,1
0.37168943543769045,0.2203289412973695,0.3369918033794255,0.17734093376554227,0.26598686469051763,0.9057374670330545,0.8439351290651947,0.38206984929990523,0.37816466676830635,-0.011455690046313804,3
0.4694501230201394,1.126582133203714,0.9012702674608156,0.5052916167771424,0.6526945978808665,0.37209742218687947,0.685465577130084,0.7462270402722045,0.4472603256380572,-0.082304363829789,2
0.9105810676135123,0.7494178999260465,0.5320838394559295,0.48225248450788294,0.28240244610750265,0.25390260717576785,0.21749502270010648,0.12256883296649458,0.3753234464118378,0.8561436863452225,1
0.7864122645748174,0.4605247915365942,0.7009979511307383,0.4319776528479221,0.6479247871032856,0.09571461417597457,0.637193108904343,0.32130815590409395,0.024305853959878887,0.06152555826412027,2
0.32990917427436195,0.8267673729017867,0.9428368754341399,0.5793130274541162,0.7102816768697797,0.16660455481293113,0.8045055396649502,1.0223616371453472,0.46080251653305004,0.10534089033099019,2
0.9914254765899297,0.6220915195937197,0.19411331962421355,0.9177339571732523,0.5912792678595042,0.6535595152179632,0.5022534315691898,0.9692784923626967,0.014612211281617105,0.06596298056134244,2
0.21185667039977257,0.2631931089450404,0.03225880038600146,-0.11484088390836869,0.5724974384352931,0.12441455267873851,0.24264095129884106,0.35873660758573545,0.7734804302603822,0.3267988621236057,2
0.04903559418797868,0.953679425115447,0.6786887003936546,0.31432962193416675,0.9453912228096266,0.3726989145045536,0.5948504810480072,0.5896277178605728,0.6804218224084307,0.733093015176602,1
0.1424496812616291,0.8947661237287762,0.7945187419673024,0.41489612583048296,0.7610891540703945,0.6222340845683393,0.4435124310752665,0.6547923437590405,0.3219376915469185,0.5047796202280657,3
0.29930083262877727,0.18757446185494092,0.518630411998967,0.8077648990530129,0.807973224505256,0.31922406625646665,0.6407448203453586,0.09402797509125371,0.29475569309620786,0.38829356960480654,3
0.4473652902753524,0.5499226910869071,0.3592936475891553,0.1657060563223222,0.0036472433218334363,0.6057253353202221,0.014024641207807737,0.6352731074884382,0.9232014520318891,0.1538943964613076,3
0.20287721370191175,0.8042514327975324,0.8047022169887409,0.46459583483231676,0.8864998957375063,0.4433555816052806,0.45422692841873813,0.4109365699467293,0.6064978869859048,0.8115507669248678,1
1.0099731668001533,0.8774068113087008,1.2715217604890356,-0.09652612002329833,-0.02343791808687154,0.33220326995298355,0.6616930111368511,1.0493818090799922,1.316450483371899,1.2787450828549713,1
0.4627500036509777,-0.036314081679891974,0.680684542776862,0.24704973143013065,0.01465887483853584,0.5793090944112141,0.24385757494604707,0.20862025308334423,1.0518144918230128,0.16323820372780304,3
0.12772137611952175,0.372644164416518,0.009558643006732018,0.0639547110609182,0.45843736489784287,0.07435289518527012,0.14812082448795022,0.3729822137623565,0.9245994690581302,0.26118647118753496,2
0.4854847567380238,0.5570252843859771,0.1965350883974934,0.539320257080204,0.5325676262341781,0.68961668238841,0.9516875529180188,0.875771767842988,0.46427983697493086,0.1910271369367425,3
0.22290464098833468,0.15607921029411062,0.4240340249796779,-0.1167897146397151,0.6308103141818455,0.9254869800657096,0.9491259426635279,0.17198328828842527,0.4762466026525236,-0.09430872581652308,3
0.2979485410466482,0.9341521089465781,0.6518117124416252,0.6721216918195114,1.0488782463488362,0.22815502155803308,0.22775494697901455,1.1219954195207955,1.009115049850626,0.7557440746353966,3
1.0199213243206529,0.8176201488625219,0.008289572024858388,1.2011276509090618,0.6917285416912764,0.9053740945603956,0.7317718855033476,0.7590127483085589,0.28316033261317114,-0.2085466661468582,2
0.6682809481820082,0.2997010355020041,0.2995887351014033,0.34087221836775267,0.40342681221107846,0.4339273422618981,0.4278246277519558,0.8777643455479284,0.18152050681581966,0.6545488537852043,2
1.0290514267750834,0.70103252202934,0.6258240877679655,0.16140231895358628,0.41923278139676323,0.4020369522045457,0.3758167156505125,0.9171757888821847,0.7206451995392607,0.7598930434965663,3
0.4231610992517891,0.697112489442677,0.8493435505933886,-0.03075921440051793,0.6019979692584925,0.14781466668296922,0.35335505031299286,0.35311667327427276,1.2850111386346201,-0.29548061702392214,3
0.7714158121477392,0.45498017661702905,0.3748241702078108,0.756791140226124,0.7454723653171312,0.8273283780474678,0.2486555075417333,0.6528521746642902,0.20819040689341786,-0.19856853399861868,2
0.6828906576417885,0.7426791868584538,0.05978670681637016,0.6806484463632367,0.8474530606062867,0.6161575104952868,0.21702784847815948,0.8459082568152814,0.22732272101774076,0.034112249032318055,2
0.9984451616528802,0.6305370701675279,0.18001242622541888,0.9276695128042639,0.6060361067701253,0.6754561310386418,0.49176650478688205,0.9629745573576752,0.015222360322950448,0.040883382529781485,2
0.5369830213027724,0.8634005331449531,0.9473676395803637,1.3066468427653044,-0.27926063010366614,-0.14742287541634502,1.5126255889739424,0.8630244961232831,0.974365269675769,0.5848280636604756,0
0.26544592941467315,0.9556367332384155,0.6654519791376025,0.4766413431155316,0.7861831152001527,0.6400804374055012,0.619008603133552,0.5038662396939434,0.16991076117398443,0.3414422100507737,3
0.2437107683952947,0.2972053561524933,0.10750730459261429,0.4545754323184923,0.6050945508676426,0.801891487909618,0.2559354478639624,0.47453110676252197,0.23517163301476626,-0.08165938426061342,0
0.45907578834633106,0.21733190391363638,0.2835362807246078,0.15333133718170122,0.35290053923102915,0.8627905987388442,0.941077260801935,0.25374462483056703,0.45478932539156314,0.03364348304824209,3
0.20416317433388453,0.4967077469425999,0.03590685726794468,0.874430805674257,0.032253707272769605,0.6657129956283794,0.38596657835372566,1.1684119027136748,0.032176038050222955,0.04582440229638718,2
0.32044483752643077,0.898139079451094,0.6978878189521063,0.7813271570149886,0.42174421099703635,0.2865485108159618,0.8970394942918771,0.12159066654542433,0.40296373108862393,0.7333053635216179,1
0.4251331791086797,0.2866305145333641,0.14610427681277124,0.13017520002289804,0.40792865749565355,0.9171619551111109,1.015825549303085,0.2899585926923908,0.5494061465531562,0.010104422333604462,3
1.0435249468609193,0.5419121185576831,0.13061313156439294,1.027201370979781,0.5706957298593719,0.614978005132873,0.6045195652394342,0.8988360560783564,-0.01754244494615232,-0.023288820019827614,2
0.018209496020998847,0.7545608883167572,0.8605670121246435,0.8695079293561346,0.05590352629087067,0.3959101748600555,1.0283013463322912,0.5193240378852538,0.8317614009672496,-0.050116526511337134,0
0.4023688408262238,0.8136004571245895,0.6351614673099093,0.9708881375821474,1.0589197283814995,0.285079654655194,0.18729283819454334,0.7855518344085481,1.1232797173987803,1.0765350086054903,3
0.9073578344680325,0.7345248790851602,0.521181249770389,0.5056743656541459,0.30505169377724894,0.2606735508607742,0.2076260024778853,0.10970772988372222,0.3829973034472011,0.8600076594074164,1
-0.0872912554236584,0.4721512671431032,0.27238539996109234,1.0263162996213488,1.2588121468650018,0.15773735049019255,0.6722271088630533,0.8695885388682371,0.27048167191447875,1.3245902467324395,1
0.8777574180433239,0.808253623266017,0.43089389317221666,0.4715768918534255,0.17300974290536147,0.22759352066343772,0.20759912622007617,0.21014024219890093,0.45088514597852863,0.7850645215206788,1
0.2703564953390467,0.8308709358677452,0.6802830095555655,0.693366921171336,0.4884416208633243,0.47181064361714203,0.7934971460364798,0.27276982738556904,0.5402891235199968,0.9166983348955055,1
0.38637053376319463,0.41970287659935573,0.4704356626860238,0.1483996066508819,0.6522071265673924,0.5725938350088741,0.9182289154167589,0.30788091210495716,0.34674525675059986,0.4559984399381021,2
0.9451886177714675,0.47152188013923657,0.025591331331002706,1.000810015286987,0.036258022157733646,0.1424344560100098,0.018771837707777902,0.8844116475359131,0.7837909687843323,0.03207740639045581,3
0.8324078295702881,1.0203712803280893,0.8588291542448141,0.8899684953923532,0.358405968360911,-0.15971502242162117,0.5597011858846691,0.4481531074168772,-0.10957841514158673,0.6702547772940588,1
0.6767880975651295,1.0757238976735954,1.3009364979179658,0.14196105970354123,0.3509914987120204,-0.24090486242946552,0.3660382470870524,0.7208387483493339,0.5817621837266944,0.5146988204119447,1
0.9078358512624873,0.7139627014759319,0.6775291878908946,0.19220609393491878,0.45502658862911405,0.4403314842750176,0.444579667313079,0.9487190966561682,0.6087323260565807,0.8560132818086554,3
0.2103582460568313,0.036167402464408985,0.6585905525230189,0.5937441790016661,0.5982554519852095,0.5449934934562435,0.5829949399892093,0.9842478900677444,0.1532981754025785,0.5665802906110461,2
0.552706169787296,0.7249068376955923,0.41912346808614065,0.1484515850581848,0.03625464451035626,1.0520131097435925,-0.31994741675135857,0.26705688368455904,-0.014445307492702439,0.5576468242132206,0
0.2446567120187239,0.5415092795647587,-0.010649897959401314,0.5904175718787781,0.4704278600685705,0.1980815758045567,-0.059318185166251425,0.9475266932665988,-0.027257587615703377,0.4292314310815195,2
-0.03359971028286396,0.1893890614761409,0.16905238411248427,-0.13061248777904705,0.5337100903338435,0.2469337194416352,0.2786063142258954,0.28466722405417105,0.8415733376470765,0.14612828078573145,2
0.20574488730583135,0.8860078376783778,0.6929104386766061,0.4698465327114171,0.7547673377991643,0.5802323462072175,0.6275339835988614,0.516749817370725,0.1297329840096142,0.3682553587717939,3
0.9430061980430414,0.07754790662484418,-0.014039317453871714,0.6965253010508942,0.9882643629616228,0.13343800735869177,0.6331048887702373,0.7128599537971908,0.6848962814559747,0.7181163705461164,1
-0.18904349934556142,0.586830525383624,0.6519644776334119,0.9016821170184414,0.9776359966713888,0.48632475202879266,0.6856288689038335,0.60049248420105,0.6348815034985746,0.31558024461092027,1
0.9603726468743495,0.759472318080137,0.6732038868275744,0.21094844745661512,0.42465536434205964,0.4346647046959163,0.47715478838678116,1.008190251646057,0.6613104043358682,0.7977140696595442,3
0.7848725430994605,0.476532229714409,0.7321418839784091,0.5065066535436826,0.635076077011966,0.08535634508169429,0.6628456969713759,0.43139067061251013,0.07645692432225165,0.07399412803164962,2
0.5029414590284893,0.14908340403620157,0.48379098098679835,0.3362651218670205,0.44891846039067823,0.4833303102637667,0.3382389562913758,0.8096697164599839,0.33766597900587286,0.6160057585941161,2
-0.08457755365010283,0.9998623804423831,0.8259274124436619,0.7805843851340428,0.12507341255000237,0.17235990914955762,1.0862669051626226,0.4610452099178739,0.6862846748766502,-0.0686491264090793,0
0.11278815486543833,0.2409332610699058,0.43611478614743115,0.644171785091813,0.14795439219365722,0.24097512655410327,0.39475846917611757,0.7821963220051612,0.39050878013399853,0.5922660405217394,0
0.15854667211292928,0.37557063277061886,0.3941856777985784,0.7568870339728788,-0.401302500500788,1.236672878737885,0.30756412199446637,0.3839331124964686,0.43903550356003723,0.12344489137132486,0
1.0212938397676135,0.555564597165196,-0.0383248474487229,0.994237266143174,0.09666401015367404,0.09736974748887482,0.04402295957167174,0.951758610279948,0.7236245761916371,0.03154015970927996,3
0.39039222291906495,1.024838221918959,0.6442721296926491,0.4156153024671034,-0.16504348364145766,0.18619664969195804,1.3936837830772615,0.12427387938041495,0.9157797845455496,-0.053560616629630756,0
0.6852172821112684,0.7233786597263345,1.1146404709449702,-0.01894559533502356,-0.06875343200603076,-0.2947707909044954,0.522755341522254,0.8267804121938337,1.1935576190483101,1.0984272893439722,1
0.32853659005974234,0.8943533867998045,0.46448907627298613,0.8836881362005066,0.027207863254502213,0.18321598752999763,0.6366454869433172,0.28791379048025184,0.16049685540832503,0.3065032897392118,1
0.4464705184082955,0.17332993734656646,0.25009344052942606,0.19296665778970531,0.35874363624450717,0.8796687346522667,0.9467563475268992,0.20830990355773565,0.4408040049706867,0.08348665226212144,3
0.7816108114644458,0.9753728656773365,0.25341478234260584,0.4990601020382315,0.5078010991774338,0.08854476332913536,0.23973096624883156,0.3476034806964843,0.3579802154861736,1.129513280878521,1
0.8646272674754321,0.7916996675630847,0.5949097895354366,0.5394795776617702,0.2720062172682806,0.2568210382318915,0.2913537608313183,0.18970152797592071,0.41977706242955304,0.7862255472006286,1
1.176060963317198,-0.02348376110253292,0.46184933477867063,0.01794087679635472,0.5164251720363842,0.7907494830259814,0.16147389693901001,0.7756987475563979,0.4260302962440654,1.8379723097457237,1
0.5307537785639465,0.6171121351865906,0.09481221287063217,0.504376953032302,0.6052257329787237,0.5347881486390829,0.9669984806465243,0.7247083993503063,0.30435877231492414,0.2542054831793433,3
0.3784554908672042,0.11968324926217139,0.597961332421487,0.1499918367794777,0.15393845648419133,0.6773962687262298,0.2956580905532782,0.2644947865201453,0.9287736123440473,0.255451605134673,3
0.14740576502464242,0.21089084858930549,0.18777482048781438,0.18668880035083776,0.32520000494539103,0.9079358072970171,0.2889601351383317,0.31639310131699744,0.6556528282730315,0.5048233028645397,1
0.980689496012744,0.5932911299412574,0.29609119351545543,0.8307650865469316,0.5318856916704983,0.5969921073268951,0.5265955478993875,0.9407309928146337,-0.09101590931846426,0.03349244999202447,2
0.49493239371476166,1.055570532098042,0.31738056191966185,0.6646163111285388,0.4857948352984695,0.4501657218252827,1.1165652224828388,0.0013988675869277267,0.15005878823131588,0.6232084336582461,1
0.05162792280565863,0.9406697563933726,0.8780595008040223,0.7817986454216049,0.1944620281277421,0.24759769704947115,0.991559630274428,0.5498377765818832,0.6830045770281941,0.04473216571222987,0
0.7197263777484352,0.22531313649130152,0.745050343944018,0.2229281617964108,1.019922078032375,0.5786776750816377,0.7448751165612153,0.798629641567587,-0.22458205812120624,0.6916022695413901,3
0.46805603150908426,0.5362134325332374,0.17920673799240863,0.5888766739122274,0.5114761847831693,0.6536368287780701,0.9566303289148484,0.8897958136903714,0.4585803985511574,0.2155139238250432,3
0.07352626786765756,1.023830987318976,0.6204586462992081,0.31946120338399947,0.97044048897704,0.40687725090017235,0.5605423482086829,0.6475059208655195,0.7441261967547115,0.7501869074264473,1
0.5873697321567236,1.2250415179308456,0.9166408358263911,0.5479222661873995,0.27920073790338706,0.5072611473699041,1.0995247199231883,0.17784858975038392,0.4446608525721219,0.7767609866735196,1
0.4022711972789979,0.40554672424276417,0.11001919871690019,0.5130898320202579,0.3466519148642848,0.11468190945547026,0.09147557398113917,0.7641027655448309,0.08341117041310547,0.6005734523596205,2
0.9902729518356046,1.2743421043220597,0.4889158559168125,0.8389838958256082,1.0555615862374033,0.9077672154569156,-0.529062541004352,0.92281493807319,0.5197983097452676,-0.018147235998466127,2
0.6623350667993363,0.4376406946348417,0.6858621848656157,0.31511533356345445,1.0388162793952858,0.5573731212151974,-0.022208776292878873,0.47099089996282356,0.9224422337097088,-0.009718643928371462,0
0.6562348417210657,0.6241577707593342,0.8971840366822079,0.014927190423010897,0.2173860182954283,0.1743678108011698,0.22217958670550803,0.9671729364071331,0.9592022815543306,0.8536667599279439,1
0.9929692372667037,-0.057568180921122813,0.46010393100051183,0.5871872282643277,-0.21034891025845948,-0.6514478724600508,0.38240036446822545,1.2408736522110804,0.6154331202401696,-0.08160759045368904,3
0.2945016824587812,0.4073817992121968,0.4067526945312622,0.20917340783223587,0.5680300421144258,0.7410304611709986,0.8316681686929344,0.29312122390825746,0.3603708046819765,0.45059479564253935,2
0.4606616579773619,1.1649273941116318,0.6562255321984607,0.8709057964706413,0.43684861638352135,0.28972501448207216,0.7981893705630628,0.33116247093465323,0.6081033209670452,0.5093002417131364,1
0.1795301233253272,1.1592206368940625,0.8002308474572833,0.7715606016548531,0.27579203141157205,-0.12155307132453386,0.8785619176715639,0.20473044617371905,0.5194475922405605,-0.22265567012275317,0
0.05372008722593949,0.8727209051825975,0.5995848757352047,0.3740368434778161,0.9878760498174488,0.35344218223420876,0.5108926148535604,0.5404628648383941,0.6454863834244675,0.6941357051819769,1
1.1108867149593031,0.8199087792399989,1.1582638981068798,0.3367516972884298,0.8149191685728651,1.1202029924746615,0.21089810355703437,1.282554360118616,0.34258373368511397,1.0273055933209103,3
0.9299953672940193,0.09227101851560232,-0.009455202922035277,0.6744071834405269,0.9753036937970343,0.14549381359001617,0.6566512631960618,0.7304394707029006,0.693447376936874,0.7255233104993296,1
0.290764948469153,-0.26713993233159283,0.7583117833499033,0.4944646823636255,0.44661305093107007,0.46298245882037925,0.19115769060335547,0.8155351134789235,0.03946238444883027,0.2854998892706559,2
0.808777642708483,0.7523782775504602,0.32947323737820816,0.7599456602717185,0.8026453720231713,0.8227646072778159,0.38481641365455593,0.9699792569060334,-0.11809493052745934,-0.02896669300753349,2
0.8348342667272592,0.7720248588080593,0.6086964538864352,0.5084627418923038,0.30239042558436124,0.24492939482167203,0.2196783426817564,0.1671266412084297,0.3392581645173693,0.8219701399271409,1
0.3054149465421441,0.7139196481576799,0.7044460177794463,0.9484437180762931,0.16104930300597398,-0.20599619602328045,0.5985864054187444,1.253702121322845,0.09301357672980626,0.20774709980657124,1
0.7678104115130802,0.46236275066320537,0.6637948289562751,0.78426480185791,0.5803676196285938,0.9276074713851494,0.5962023829827862,0.24323290866427208,0.1387004553027461,0.39814727065736066,2
0.640197415165403,0.7083358306568581,0.4831953434932921,0.7346269072144659,0.11212225864132563,0.1362325060199457,0.1957216846750618,0.3468895429662374,0.36345197070589985,0.2226144253815976,3
0.6252488653993142,0.26892863704782066,0.4718118406156818,0.45358894701153046,0.3550499903019222,0.6528200842564917,0.7940960086259699,0.22050668688917446,0.67310719656824,-0.17620751194666648,3
0.8095509702640935,0.5492713838693712,0.5827605380850658,0.5406627757133969,0.09963306660256536,0.38968710591101186,0.189422556300494,0.5250581837988441,0.3655422188642395,0.43241287402132794,3
0.07651802772580549,0.9714919711380258,0.7110228738013978,0.28598454702196385,0.9525398516898641,0.374175757886406,0.5938459176467745,0.5674623904545659,0.6800894472850371,0.7276324006479733,1
0.05439216392950758,0.7740150699527895,0.8459678583940526,0.21790324499813465,0.988235774231187,0.5322358019432202,0.6869248969060769,0.46109159089154517,0.7143047452100203,0.5074016990078382,2
0.47247107476219846,1.0481095914180947,0.8468068329133308,0.7265503384523435,0.7380366011920709,0.3371505592957507,0.7619696252391495,0.9049639565230547,0.40836978118745815,0.15399794485844515,2
0.8757111153931469,0.5780591563117151,0.2733816521858289,1.220607860730246,0.8687045418011471,0.8767810544128859,0.17513588437227035,0.5738740894258787,0.9129496674625548,1.120126536152232,3
0.7967212057114341,0.432333976542431,0.5129583923427521,0.6291140123399325,0.16143889801220224,0.25118313580510654,0.0855029977786486,0.5530809383325316,0.4648818562073658,0.42071449612996764,3
0.46547996987047824,0.3519074300316838,0.34702698263035076,0.7800167857675704,0.05844032927761559,0.60333103017132,0.4783956818466507,0.5843521545288277,0.3752786307023056,0.7245725462981815,3
0.29626909965336945,0.9741147807423144,0.6963499988514825,0.4533906260738124,0.7661436052368347,0.6581458462397227,0.6361031722301892,0.4862326887389588,0.17772926504227518,0.33663846170073447,3
0.043439271608539165,0.17975491790742681,0.8218368549006605,1.0245524587053385,1.3757817529099299,0.46978005277423895,0.5555023413337645,0.42966785090732806,1.2974990766399046,1.320430931474353,3
0.055221299843857735,0.7757981815286827,0.8503018707956869,0.20954483785377692,0.9940776451915218,0.5304982037427722,0.6868048518080827,0.46287548446499066,0.7078889924725591,0.5100830621921177,2
0.6664423443586429,-0.3339938826336585,-0.001971912001347609,1.0696457373525217,1.267385966236472,0.4917600551368215,0.32530422997965996,-0.13802073039726998,0.47344411734981917,-0.018714815017694453,3
0.04979687507435233,0.7780036289340168,0.836418894335158,0.20894346891143048,0.9717005287856123,0.5415822828571039,0.6964397899141603,0.450357831788212,0.725289393285144,0.5042357703503305,2
0.25757834278436503,0.8299467980504189,0.9831726216953471,0.22038499271128142,0.5900282247137311,0.5450157541659042,0.6101198252456721,0.7375718686348331,0.44408697942761,0.5259195997341966,1
-0.1987277319389295,0.26875793057267056,0.9507335732837341,0.4753995216363864,1.5603033006916602,-0.5272296117210504,0.31818385768293533,0.4486074381299525,0.3515576745143101,1.2408690889587481,1
0.7457568291514166,0.566289101965252,0.5728181145534499,0.5542788451679365,0.020977653989575698,0.3162398946533309,0.1894341347163314,0.5153291977315896,0.32351255943601176,0.43570400104265944,3
0.8578051922023892,0.6553995976267588,0.44906236502497676,0.5295769117643314,0.19137206410189303,0.30740655073605677,0.3082535307995067,0.17513010121957642,0.40609159269756523,0.847532656436148,1
0.055920307928652865,0.7741360999377503,0.8469200129955822,0.2189447956200899,0.986970420882076,0.5311246570682863,0.6853260152702703,0.46198022962912383,0.7156288768775991,0.5074453581344958,2
0.46961122595297616,0.40087699417389266,0.09364178332960671,0.4673108077376905,0.33648343436204897,0.1567292894529765,-0.08036856399816136,0.6723535544938173,-0.008996878835899183,0.48478653568185903,2
0.01908592634513425,0.9466076757840449,0.6605149668999565,0.2449084121980297,0.8883581419003699,0.3816818232001938,0.5607520170386802,0.5464825349832342,0.6557837622857666,0.7135223250920729,1
0.4655563635278767,0.5364173100461208,0.33720873172921906,0.18463075920474847,0.005098985435595928,0.6633301221967195,0.07234460999021827,0.6317638912195888,0.9061279464539806,0.1373658617122148,3
0.3883773430130559,0.8673937984349309,0.430298266885182,0.7953931847963086,0.06440643503215072,0.3227816453136327,0.6042509178384159,0.19643708598940318,0.13591892048651613,0.21528684838551615,1
0.9565201832574853,0.6922561492401005,0.5791557330196223,0.5095892267503078,0.27262334113258935,0.21296069076571617,0.285412184012787,0.11172822310491096,0.3505093466996865,0.8910610022105042,1
0.5054760143856851,0.7294272230926544,0.7315904157079218,0.3541946124906966,0.28561362197784174,0.3623401997151591,-0.04042269997322706,0.5434934663382458,0.8771618989508048,1.1403317052281003,1
0.6388140745576513,0.2592446690863975,0.32160143639622907,0.4012526849716296,0.3386120639964401,0.409246857632546,0.06347002244452608,0.46771023180311116,-0.08504423790470747,0.5995166102057734,2
0.40183016416607475,0.7659147558158468,0.3763269102338268,0.7838188644831614,0.032855660557096794,0.1681744829895077,0.686698839054847,0.31715478150509707,0.19324744617176998,0.2841369321231274,1
0.9206280835913114,0.6388926777298102,0.23319183015119074,0.15466969784301257,-0.008808069634693244,0.5700321946427632,0.3250081562835656,0.7555835375259317,0.4062481052634168,0.3627092155184187,0
0.47505408841417013,0.8295070534681142,0.3316318294277842,-0.0926243847143457,0.6551085681225468,0.6344161655920559,0.4892404427150949,0.21277032686472513,0.7772306464732828,0.4398950341410831,2
-0.10544621428793993,1.2885308016723052,1.2357085549006195,0.9761873146418574,-0.08428279452800425,0.09452632394819285,0.5549130119818495,0.33289610351320864,1.1213717665857201,-0.048369468956383915,0
0.11485009494009207,0.443214629407334,0.10182369745011945,0.1830585293969567,0.5947086124645695,0.09575348592247157,0.3078554827892428,0.3352525343610815,0.9113231201227059,0.3097408761136158,2
1.200828673847636,0.19258082962384654,0.6162390520172348,0.0864009931504344,0.960541904722304,0.4519950398826001,-0.2389002311893928,-0.04912903249597095,-0.20150548695465456,-0.10991974125569637,3
0.8152851799225569,0.7425040475410536,0.5519348193689588,0.35558718486888663,0.9982024078887272,1.0375008975959872,0.05937732304946931,0.5195240331286732,0.6012852584824572,0.3436745741422721,2
0.746769986921509,0.8428640893654982,0.618784486834163,0.2909477744123033,0.9294181962975606,0.957181195007774,0.15581390947322682,0.45712287782948546,0.7119724031372554,0.4267016233936517,2
0.05575802104761386,0.7735723707946617,0.846683445015776,0.21862640612064413,0.9868380882288137,0.5309792466448225,0.6853272129315398,0.46148503421896003,0.7163880283724716,0.5070027393716408,2
0.7693376918575305,0.7161654183597044,0.29471399768880785,0.8367802346531176,0.5693342745512122,0.8657755249399446,0.31470905305499286,1.01938439902267,0.31486506486292504,-0.19143990119444385,2
0.4540834809784711,0.5136668517702618,0.013779386892920645,0.6660410448372899,0.27883124841694307,0.1447990218607555,0.16069246474715143,0.717040518624151,-0.0018297898805157559,0.7554384990114374,2
0.06581812500244098,0.629032918271733,0.884623176320415,0.6563149493066446,0.6971630770061993,0.6328295514556063,0.41539220668446847,0.4666456168184786,0.30247268231507646,0.46828033498299215,1
0.33765487891547485,0.8411020232036726,0.9444594291032963,0.6726167118632617,0.7438949323763591,0.15735524581775534,0.8551540014129753,1.018275371475749,0.6238517985813938,0.0315830574393814,2
-0.009265860732737871,0.7766115095358405,0.9775281122823138,0.3656621398182358,1.1645781210691835,0.4670907508382907,0.7932523954784402,0.6952089974533182,1.0145144510506028,0.9282122811204792,1
0.14039332389581405,1.175959738942839,1.2005135601813992,0.7424382918810424,0.43572851515118294,0.2000261544144553,-0.0438527777378957,1.0315721043673272,1.5270459613241585,0.9101028725183624,3
0.7901608137110484,0.48020174281111266,0.7306464947273842,0.5137996292401218,0.6263702934551207,0.07958772671721084,0.6738185992208731,0.43404117477051646,0.0761656334074571,0.06163342683215291,2
0.7164927439452493,0.4539774654748206,0.5835488387076895,0.44646790294943434,0.48428456637764494,0.23034805084798077,0.8090023733721348,0.40022692678013855,-0.059503097053712484,-0.08248460200294477,2
0.2957071986327737,0.9944434301875239,0.6850933420611868,0.457353165966549,0.7878206150412594,0.6136143634346507,0.5840405752868719,0.4755656392479051,0.173155634331415,0.3768061056211909,3
0.62384179857365,0.8687272539554366,0.1470690519226418,0.35686476839901465,-0.08546858144080466,0.8532681360632937,0.3343153689494971,0.4472713262949581,0.6094907779159544,0.5118928634907511,2
0.5558203320242211,0.12092519562074425,0.4457127741357767,0.22898982837029597,0.3330417791230986,0.5173743497293253,0.36947841068596193,0.8525512197568237,0.33527305424095294,0.6427377193539547,2
0.056156140499416335,0.7737672807956307,0.8465960625011932,0.21867751378427272,0.9871157776793065,0.5313728792042386,0.6852224085722607,0.4614427423750739,0.716060008165917,0.5071060097049892,2
0.42097585437698865,0.5077243263862394,0.5444155325281836,1.2728324175477084,0.3635435806939583,0.5359310922521618,1.1047296708666334,0.39336755764108733,0.33804065768379693,0.33260976838760187,0
0.9693641536709541,1.1474290859375231,1.1817190434857143,-0.4355393042471155,-0.054689791375953645,0.11341170544157267,0.19320308840673941,1.0945325698878645,0.4572963383250717,1.1492979687455418,1
0.4162408539786231,0.7474297456797218,0.5900408656464491,0.7616122141348993,-0.09522617459311986,0.28293105788610845,0.7053195915922376,0.20737361232580465,0.19905865022613306,0.25769979206762683,1
0.32869226892358216,1.3464442092813913,1.0853171420736765,0.4668327371237519,0.8990579164936479,0.7755721539487244,0.3971139505026066,-0.3277601137114986,-0.012871646847225804,0.8308996852545286,1
0.1728344200868177,0.31830439415052547,0.24561233955523332,-0.0010201292729428643,0.788077015131287,0.7847272800325258,0.6854554034352506,-0.042844378136099884,0.6632675469372458,0.31290155436468686,3
0.25137719765392796,0.2834556116863963,1.0607013836650623,-0.25607590329813545,1.1372774239005403,0.5377098338275212,0.24207111058413838,0.3434723626647518,-0.4419514431087834,0.7719933550121871,3
1.0290641378273055,0.8418272680819208,0.17309000721028941,0.23129192526678283,0.3496764342530117,0.7277843113885092,0.5035119078125838,0.8418601168810944,0.510750413955386,0.11528024788793528,0
-0.0766062799583693,0.9492241629198624,0.7348465145526586,0.20311860854573716,0.8068200192100453,0.2539510428033985,0.5101151422652592,0.4809390251097382,0.508833598770779,0.8820745074811474,1
0.5308559000722023,0.13376421096649885,0.5040995056146177,0.3344820083053462,0.42761975821001263,0.4779058064878901,0.3790962008286511,0.7716633505845795,0.3296323688226589,0.5807438460282638,2
0.23760669416294508,0.9938863541912487,0.6675755515686475,0.44857680031481983,0.7612309818150722,0.6458532484150237,0.6543987247808332,0.5354567319238478,0.16679532193399366,0.3334362422557603,3
0.13135465006916172,0.3681843475283158,0.019122474384367996,0.05978784189331199,0.45209777937209894,0.08175034552147359,0.14879337994241937,0.37972753844937973,0.9167443831658545,0.26433778490027415,2
0.39982467183529863,0.898626337302091,1.1030267478399862,0.466114725086772,0.6449911448944391,0.9304990509250753,0.15634598471094152,0.21349284307395425,0.6868397012204301,0.6364872739270508,1
0.27219238459965744,1.011175387773376,0.632903741733205,0.6616766047019702,0.33396935196899985,0.18500211504335956,0.7891010704372334,0.2439652933966828,0.32245693608485626,0.6758087928966451,1
0.6420105253827152,0.7060805008248798,0.5975793970579767,0.22114780233373213,0.7593399098133752,0.9091683221309602,0.19156397644554515,0.5523150602601443,0.5872461356441396,0.4698278602740239,2
0.2977601692531311,0.3428420479396501,0.07702313296930344,0.2438218448936169,0.4886715243824332,0.09685859128243891,0.07319320468802964,0.2875407205737577,1.0296355502645351,0.4545415405800002,2
0.06078083310282141,0.500848479372913,-0.12000484318154617,-0.04850947394942788,0.39296938239656776,0.07967570081996167,0.0954948064960364,0.3419371906939586,0.9874097902154761,0.13307504409058898,2
1.149095210586982,1.2762257272626027,0.16207479501175337,0.9495412593150205,0.01359406299179211,0.6714761717515776,1.3375697015260002,0.5003228589369844,-0.18258059512397817,0.6853556775360929,1
0.12099980194105234,0.12581654648082863,0.12060913520171807,0.10856214130819634,0.13541258888905877,0.8212026890358576,0.206897769184017,0.23146668288100006,0.678838157478805,0.4810727375036306,1
0.937768882797724,0.5014616597703159,0.014617810295624317,1.0008859475533374,0.03109871777844559,0.15198027865057706,0.00891978871920947,0.8585833302069688,0.7788239670176759,0.0658007236295873,3
0.5909924522271739,0.658007727021966,0.596044103384664,1.023642635235896,1.0071914985513073,0.3752199120624411,0.11192337254976362,1.0389914323239233,0.9413523737359564,0.6998642887427671,3
1.2013902791936062,0.6549922786030787,0.3709385805266941,0.10373077441317755,0.2913237550501325,0.4046759972003692,0.5497521224550779,1.0931877424816117,0.5392482783220419,0.8459009721622291,3
0.5193791148072266,0.15813972712740595,0.46558220162311076,0.28247770043300924,0.39087964255850133,0.5199110225152103,0.37598281255138843,0.8203845620186416,0.30993263265960597,0.5644420573328435,2
0.6385497672465488,0.5099461663130914,0.8890238165084856,-0.050121457053360186,0.24649066358803579,0.37593274145219835,0.1346803400873684,1.0370464858425734,1.1643076834870465,1.0262621999648522,1
0.4977963782296063,0.7482023572446264,0.2135054358687096,0.3667983316473748,0.07293601771346456,0.9536941300451139,0.5817184859234852,0.4992847693643838,0.13068175210448982,0.8833880117858299,1
0.6803417277696205,0.5739344264733733,-0.1588783790147178,1.1587403015120001,0.8072517238112842,0.7475246069137111,0.33367988790181224,0.7261328897947663,-0.1861696311619817,0.22970306554931053,2
0.7005741742669788,0.4383748386661916,0.5999207229042544,0.7282387316545138,0.556942876188853,0.9469400103951643,0.6410606624713808,0.2848431060100098,0.1713584830469314,0.49517861881518593,2
0.9982019684708977,0.5300835739402019,0.29302039096873417,0.9559446007881056,0.673875788490563,0.7766463642395647,0.38960719528359944,0.9071286990495414,0.014306706814446311,0.0629088323921132,2
0.2818903717217067,0.1838856933024965,0.456379639389366,0.28599916136240877,-0.09856698147683823,0.9269109527752342,0.2710737732689086,0.1273210315890748,0.9451146724286774,0.020247259424662156,3
-0.17778114436479048,0.5571156919656648,1.0262791534633626,0.32732819795479723,0.9356320090388683,0.35344400497507045,0.5625990100347387,0.5285513381934379,0.07159915757225432,0.5627873943711726,1
0.6725614887372278,0.985065018984858,0.9536109970501077,-0.13601699490347818,0.12112497951045631,0.6623233019863457,0.5676288390684225,0.8347531029790082,0.719978030091997,0.5402209714484545,3
0.31086852590494396,0.40289757489372036,0.47318364527062656,0.26575066069815423,0.6101172046690245,0.6923013913392054,0.8024210973359912,0.21992375713592216,0.41254816614992595,0.4643719913564289,2
0.23791632210672806,0.41421195068729866,0.30783933263101954,-0.023347749467451745,0.28881048653846686,0.9886049853005129,1.1269930552729577,0.4160255166330875,0.42059177022377536,0.010829623348141252,3
0.25818084684554005,0.40551789978171954,0.3631409372295141,0.1787013695528249,0.6511015771361686,0.7735983735778679,0.72802020940239,0.2686930580731591,0.4760722060785374,0.518248307554525,2
-0.04575230171476316,0.975250955374884,0.5928133508546166,0.21574683798907118,0.996137759030345,0.4917528108682453,0.7234222871468838,0.4858278197603658,0.6586724731850909,0.669642480116383,1
0.5606771915426806,0.6854872950879342,0.28804221484788795,0.38300560597572686,0.07284448906436658,0.935120499269605,0.41137121396249154,0.4315860412181839,0.2128252139073088,0.8330764782419873,1
0.46790251996956705,0.5133917121931358,0.1957467110498103,0.6098809205400706,0.5014642474164971,0.627179774811944,0.9460399549877322,0.8684080955135676,0.4002396405727427,0.24772258332919178,3
0.4233039134377634,0.5022222302351369,-0.0020601113359880185,0.4190115753496201,0.6158919255497315,0.5645599833727225,1.1429303576119887,0.8005495853205954,0.32315008707483645,0.2548500152195344,3
0.5298254524081287,1.0974741294548283,0.4678444158462435,0.5896051401159642,-0.2072821010936781,0.03019397664468887,0.5277137606393243,0.10820914028785342,-0.09678143947695084,-0.04264926522789009,1
0.5253266139656825,0.4401898052561054,0.8073183583086317,0.5153443795241608,0.6554747023695036,1.1347974988032445,0.07791057691059779,0.5682025967696303,0.7024950606809077,0.1844293022537004,2
0.43141013648854054,0.9312717829930344,0.5081822943058845,0.7823566938088247,-0.08602613795539413,0.2226563851171381,0.6638801195683143,0.21114246085460192,0.09963061012684632,0.2522699228877765,1
0.9103341768480205,0.5272460236520222,0.6724779520042362,0.3843876966290407,0.6536091756856899,0.23022885386881722,0.6789461945126418,0.44379238717715663,-0.0009838958365566142,0.020335016974034212,2
0.5061863554097312,0.4215516223055031,0.4976709416103392,1.0473416447361013,0.2721334315819315,0.8702448377514662,0.36156629926096073,0.13268853584608983,0.2914819638180981,0.6580162944340198,2
0.570681977857921,0.2749054192817554,1.1879447041684212,0.38704126418375967,0.24046975046105024,0.028991759455285704,0.8100813027894891,0.07724838036162707,0.9847556047144554,0.24332188829561832,3
0.2759428771950902,0.9287971218279211,0.6745417708759076,0.4768424807746651,0.8047326785221333,0.6120816285674773,0.5896948876358226,0.486103883693759,0.19128372562702972,0.33246634511481415,3
0.2098822024166714,0.43527172560231014,0.3542739565825256,0.00789650295552096,0.7706252020004185,0.801178370552989,0.7290721397680856,-0.0013871774328746492,0.7021710965297664,0.2537263901239578,3
0.22464178579547323,0.20923146569359452,0.3881872437527668,0.7227635626328593,0.7597821954096386,0.18603706788945307,-0.17158523225626154,0.899144155216878,0.2785586142043954,0.6426449876036159,2
-0.15142081005051644,0.8570091845508686,0.7693325282805852,0.3793496255755836,0.8429738344578874,0.3641660317338274,0.17190545361920273,0.24251837409747606,0.1929512566242981,0.3016698492317561,1
0.42310971388010526,0.26722504270482617,0.2631014917272302,0.11915353926509088,0.396320793123938,0.8916797512061239,1.0349213722598039,0.21829573317911408,0.5440248509408208,-0.022266700276964514,3
-0.5479338461588358,0.816643379352503,-0.5455431916138843,0.5659197401590128,0.841798970417387,0.7021591056814932,0.7773107993528519,0.01572413463944386,-0.13343489202452763,1.1583939252838724,0
0.2924970020536238,1.3343171525232993,0.8084628713459393,1.146821730962546,-0.22276504064125624,0.412946087478133,1.0811328911559228,-0.5309919116011848,0.8435805015412088,0.5052498197639448,1
0.5806961994986319,0.980089976975365,0.2963786276088424,0.5655753142162643,0.9875502608201869,0.4795476924171531,0.9408002783776056,0.119791480434064,0.9075738025168951,0.8150878822281188,1
0.5087319533678233,0.8002008481359981,0.21126200033108883,0.9554733914731752,0.41827908571430716,0.6759025542858432,-0.09309121313375832,0.3592474697082917,0.26270340175756146,0.38348365952281743,0
0.528328397976831,0.3418810892920328,0.8050594756058715,0.5502500076910918,0.24135116169022833,0.369355135005258,0.17537521896750813,0.8363535638525729,0.6959354991269036,0.5755812870056725,3
1.1975959147897712,0.34352794559192834,0.6965638736698913,0.6899686501156996,-0.04157787804840274,0.4197026181739342,0.5384608998636535,0.9287696056608613,-0.07193798612449509,0.7390670288863248,3
0.9604102844874788,0.11415275334702715,0.043168142400493825,0.6519176329659504,1.0076348442255723,0.12391456603060279,0.6560273204399273,0.6670272536286226,0.6845477696130622,0.739540707113486,1
0.8671541489482957,0.5044459491997768,0.20769656229139666,1.10731204397991,0.7530227200711401,0.6938781163519742,0.5869385492815016,0.8293696441395658,0.02283065186340531,0.013402307732725244,2
0.06134399786030986,0.7714195764192562,0.8377400018199495,0.21196886562059722,0.9970435863978296,0.5253550984617222,0.6766669033995864,0.4672892050025538,0.7118766699838134,0.5095985684917594,2
0.9433343051326042,0.22865624672796597,0.3886416155154888,0.4244842752374911,0.30666789393919935,0.6076031711952026,-0.05093794533327517,0.5391819328845268,0.6306954754327869,0.4284617715874125,3
0.243151727461071,0.10883155634130173,0.2883009204496124,0.692173013700482,0.20891035380129722,0.706923474325716,0.7188203445311883,1.1248206980180167,-0.030159021212824322,0.370863779516788,2
0.2282030210665126,0.3568824418129313,-0.027487784476527388,0.5736325113305772,0.499057398906113,0.0794191260062537,0.1821469630986518,0.9727460844567697,-0.1380583873252261,0.7278736332705709,2
0.2707914392247658,1.0844165826863228,0.624611447242362,0.5000863096867536,0.9758813366844633,0.8193929682612026,0.5030639779645946,0.597703282927413,0.3443355373988204,0.24465462565840915,3
0.14551696678489784,0.6335890115638068,1.050419829885417,0.6072005398549422,0.7057446965932115,0.6635870907574873,0.4596623118308497,0.5453568886606539,0.24339990895353683,0.6138463605665911,1
0.06869403989941228,0.6883791527406237,0.9787753217421221,0.6368298385709007,0.6998397416468891,0.5986246006969184,0.41550157097269025,0.4470376062792072,0.38901581246099326,0.5287168590660207,1
0.4821163267117108,0.9590405072965682,0.579709469814582,0.7130431375683395,0.11969067971403484,0.22189047750428,0.7026658590014355,0.3160680541127767,0.25628792200860295,0.15407876775642515,1
0.7727665734666952,0.6101641302659006,0.31780865171157613,0.6857070425173477,0.23097865729381764,0.9502157924477497,0.1375183029716764,0.20326932221715605,-0.015432350313943938,0.11583917995769039,0
0.14765249415195433,0.8640847642920592,0.5450249981227184,0.662580971498932,0.34093237775669427,0.2982985913905786,0.754339893860096,-0.06127974020790611,0.5551942325009757,0.616813372056263,1
-0.032355575415323745,0.38967641358427635,0.332700176155717,0.25766141448759333,0.8868674098163347,0.7481498807491769,1.1136888111326435,0.39344032023868103,0.6646978426321388,0.7025159776840509,3
0.4005825683133964,0.957262973912834,0.5607792420331711,0.398495832902029,0.7267294829886409,0.7657139746835505,0.6929540764918778,0.45725142608740127,0.21725256615038413,0.4136704341182187,3
0.9908785246374059,0.6545307313130209,0.06934972394746168,0.9488640585378704,0.4168778892697602,0.6634969785906857,0.6036681104618153,0.878260204653807,-0.16709152709290082,0.08826179583185412,2
0.48669842095452215,0.7146814716507323,0.44836850636034237,0.8570345913487306,0.010870597348728084,0.3446383795238715,0.6176619103932078,0.3826686986248349,0.10171947669976908,0.3118419447708049,1
0.36432479725655564,0.08656657074031979,0.6072486727786984,0.12286679227331423,0.14188271759081778,0.688078171520288,0.31192367116880687,0.26284860194833204,0.8872411364062701,0.22799925985717545,3
0.13386315374648153,0.7087083209334222,0.9263935705165018,0.6005304488353821,0.7062170980505456,0.6443558857300343,0.45739261837954187,0.48594015951797703,0.38080533581518283,0.5080198073618266,1
0.36068632982128146,0.4635896166816299,0.1278704849684838,0.455880048817203,0.3715255117149062,0.17735268282898653,0.17556941785417585,0.8031964040740182,0.10196609220932101,0.5088050416021408,2
0.9022062852379916,0.49118726599682616,0.780410378043059,0.10252716966736031,-0.011536155575663787,-0.4559482921333826,0.011652718615522362,0.40672576420502216,0.8607111667308973,1.3849061125101942,1
0.9333557986612769,0.49380766731038556,0.017568855403501223,0.9985895716151572,0.03919361488738386,0.172444261210916,0.017386906246498378,0.8939280999252469,0.7967554563600743,0.058474741638783405,3
0.061393238105512456,0.7672980623160431,0.8289665215910236,0.2238957982590154,0.9954178002791163,0.5413522138421715,0.6909943707304858,0.4559236008413436,0.7264118231951698,0.523552244576106,2
0.3530077231740859,0.28965505939192165,0.5712004609805041,0.4245073500074509,0.41762585161006877,0.6268008398249479,0.32592602592886627,0.8436582437307589,0.25073339842403913,0.72257822729885,2
1.0870344768644105,0.6453674153169378,0.659885100671688,0.3096932066542655,0.44874509986579414,0.47261375458383614,0.4226157468914038,1.0147474173360058,0.5655932844276648,0.7970727611324151,3
0.3062425769565043,0.3562653853145391,0.04610997668230763,0.41884803106927887,0.4457153350864489,0.1295538448323781,0.03896585252165337,0.7932893083132994,-0.03865367720132662,0.6918330338383069,2
0.9857460075791307,0.44847892831707536,0.2952699995093755,0.7227466146867558,0.8620386127386382,0.6927422704620387,0.3089761464854033,0.821721860052097,-0.1613806121269197,-0.174500916002003,2
0.3895781814090326,0.3979018167091742,0.11389865816355446,0.5556767781970394,0.3531228350680681,0.12273699750282696,0.09249326509981792,0.8030872963826019,0.04747950159509148,0.6229495812609226,2
0.15134354477533654,0.7321992953327792,0.9929579896229707,0.58056173842281,0.670980655913998,0.6344613788718473,0.3814480325979321,0.3872141847092357,0.31352956237241647,0.48086252665239965,1
0.4688448552325626,0.10754878255035415,0.639396378566291,0.3870274478791751,0.2631139411187068,0.30796901301006174,0.4880250031818264,0.7186509880352824,0.11587418650396103,0.7184512270219671,2
0.10341657468274709,0.007499694055033578,0.2812513143630696,0.15596907666662518,0.7020970710309785,0.2757935175083063,0.12441194335409397,0.6591618748407821,0.20476517419011453,0.41509004480311995,0
0.4710354704940696,0.38124744583985726,0.4025785564189533,0.2409738286176744,0.3542031088649415,0.671866818794031,0.8322009873803231,0.32501680422246293,0.2727936211940249,-0.07389906267316172,3
0.5307597804870081,0.41648970734947344,0.7288803236699679,1.1351315033833258,0.2983226703884478,0.24347762043455728,1.190430181390811,0.15138178552545484,0.6732574371996711,1.0211404721222168,1
0.6233556271263677,0.9935413004715717,0.2896275415819746,0.5757566722908498,0.9537255269995866,0.46749397407585275,0.9545104612224778,0.13703529304010864,0.8750723436830663,0.7878961764673432,1
0.37556909037077096,0.893654561402794,0.4090152643186551,0.865021462796855,-0.0330115154625395,0.17614067346249143,0.6572310766033281,0.1761161569511035,0.22452012615992584,0.27553283393889494,1
0.9278237185700409,0.25410893782164057,1.3253991081692709,0.3833590963244615,0.19268869361357494,-0.5674610836154504,0.3203933520940778,0.8800949489512184,-0.02756576137884359,0.3670979595120976,3
0.402063014216444,0.839551861962934,0.5279337871934523,0.7675830310110358,0.039831358505518374,0.24928119942112992,0.4919405101720749,0.15946603551642824,0.10633968483789971,0.1873313670686871,1
-0.04910257171987961,0.6412749698358666,0.6833934159640387,1.1122572400142823,1.316677271120004,0.3638741976655079,0.6272509728922826,-0.19174267951690024,0.07566104706434068,0.4990365634931984,3
0.3299716642447399,0.5191133739653186,0.6465330903654756,0.3184718032709001,0.730351869817068,0.9677452103803428,0.8747086216003019,0.1855849287417355,0.32679609223917616,0.5839997668126279,3
0.4137619022209269,0.36598495808637854,0.05120446409657966,0.5776998947608457,0.2844601891059745,0.12384726438434443,0.12283354111059436,0.7395593546152406,0.0537151011769301,0.5987249061239741,2
0.9025271712655978,0.4606678565354097,0.1673730757583068,0.9914310099535764,0.9558809103504919,0.3574070817018207,0.2531916331227982,0.6160160635041185,-0.10709171640500252,-0.19498347013340456,2
0.5137476730047508,0.7193005862414915,0.48868381829786,0.9214259675803202,0.1177067210720274,0.34912212496372835,0.5055834294437065,0.3148263105291441,0.003199607541919336,0.3314835499740787,1
0.5257213512819559,0.9599991212054373,0.7837972053721848,0.7984744220991289,0.9180941766194642,0.5403305608192371,0.012138358508702957,1.12807903199231,1.0170001800683361,0.8405894561507288,3
0.3535567381234656,0.2737923552595164,0.5245983055399854,0.27412736720967007,0.564838213771091,0.7019936742419448,0.19704815284702884,0.26864018726347166,0.09123058871025075,0.4191904707315372,0
0.6116009446511732,0.9693716467208895,0.3261318751813577,0.5475046542336316,0.9669958974346375,0.5096926475629024,0.9703878098873887,0.1682600666854857,0.8455632771814495,0.813362599799362,1
0.5831183517168745,0.7597782217741174,0.7508756111674431,0.917376237128637,0.7880726649202809,0.5179168433321912,0.22178149327996224,0.8750840334267809,0.953694169124316,0.8048009469340365,3
0.48632607284124224,1.0676640878901764,0.528359843841467,0.31543691493535686,-0.10488117649824824,0.2541391411474253,0.3018037203027768,1.0522345650938112,0.7288434546615354,0.9422380522383798,1
-0.013996965745170668,0.824625890791497,0.8784546563585504,0.5050458133121432,0.20838505717807432,0.470402851377438,1.0584853172904969,0.7638526665881338,0.7363809309885238,-0.062146732012257414,0
0.5791271190180785,0.9331693742736329,0.43635842339080283,0.6944823569614821,-0.11270665804636479,0.10717778966694547,0.6425806778008387,0.1852161483499088,0.3379181393525204,0.32358663381378727,1
0.6209793670837949,0.6780716800908626,0.665985638674512,0.6021473186730987,0.6055011252370134,-0.10283604295637969,0.7537319272711575,0.5091745050453095,0.1645721038641301,-0.09606750874471445,2
0.026801002152493786,0.927186195241355,0.8383771543241468,0.8120637273057307,0.16866215598476736,0.2566450002659236,0.9705238648814306,0.5185863171977094,0.6539359067568207,0.0732646326108471,0
0.4002287617039663,0.42874152515482805,0.10264848465025471,0.5619957871634382,0.346216155401365,0.1221938066849316,0.08638414225970345,0.8241371151302848,0.0953135000368972,0.6271831241529823,2
0.5479768227287873,0.799586876622829,1.3402163332006005,0.08836619724997821,0.5523312863201231,0.14694853096169125,0.9689432865236637,-0.11753969733049258,1.16674168095282,0.5800549456980206,3
0.9164938068214226,0.7626997277020338,0.18450087540020477,1.1333005757074672,0.6290162112883838,0.7912019487465963,0.3488589568302762,0.925037836546604,0.029828881997268412,-0.03412672406473098,2
0.47868081735579476,0.7760698725986691,0.8051252199722445,0.8648691053050249,0.8419916764701206,0.3919888365901003,0.16539468003181912,0.9142274579133118,0.9999231078636097,0.8911782133485788,3
-0.13184213378682497,-0.04911229447512058,0.33735478129361485,-0.20303438277234193,0.3638385786642175,1.3392390635545424,-0.11560907281901084,0.126320549161001,0.7781312060116741,0.7555088433181234,1
0.31596845408713403,0.6693843694643524,1.0025388221805804,0.8288334837291857,0.5003476044535395,0.5557399255542133,0.9607367642031038,-0.09481024628985382,0.6188499933825846,0.7878611117132815,1
0.5160837904290593,0.1883945279782564,0.3933886255098146,0.29872101621767055,0.3183458521582797,0.48347140397560856,0.2978023024267812,0.7418311543123417,0.2782889277928404,0.5584360319905534,2
0.13347606775632453,0.3885096322872796,0.019601614244945276,0.0008442341553283259,0.5388068535878078,1.0589742588944961,0.8994668852448652,0.32111302475607784,0.47334139948935633,0.6398942378019747,3
-0.013292037992151132,0.9331796992729718,0.6782565515381764,0.9403754122589008,0.005189581119599107,0.18074265424125857,0.8536546599141481,0.4952627112763653,0.5269818862042424,-0.052937433130569284,0
0.559301927510479,0.802054527150854,0.8941665350240973,0.7188377520703578,0.659226983634199,0.26117974652788223,1.0834481050339795,-0.10211677000375008,0.12192407922422771,0.607565330654694,1
0.8079663334193958,0.7898791679320458,0.6207218572102997,0.28749014980085963,0.9224265358478269,1.0278635350958976,0.1426307631894019,0.39447748358105345,0.7096310663035341,0.44456927138026636,2
0.6536451862493425,0.9417975088403027,0.3519154528136774,0.6170562684938201,0.9671172071754921,0.4437569796293008,0.9922286952462624,0.10350538270848618,0.8844095070995126,0.873027402754443,1
0.15855320241613438,0.19436251685643718,0.12787283769725644,0.2453492114176606,0.326219961615794,0.9286863073064227,0.2767921518415429,0.3598281268051459,0.6731909551141562,0.5742154256473868,1
0.6319672677976115,0.9311225653474193,0.3325382483355669,0.5771869252654277,0.9775715755702755,0.5245130477398757,0.9880097560598535,0.10219141517046833,0.9132841787628831,0.7977573075044118,1
-0.06164362137735391,0.41587828909516195,0.9781167357372773,0.5993413750400766,0.5847744491539651,0.8298893875500665,0.29792804711113907,0.38332236532000385,0.3386351223463413,0.26894526112256645,1
0.35353095968889287,0.13944218949884443,0.6202911254256132,0.12985519110061594,0.2100262233913758,0.5668816359076928,0.4700598380611326,0.27896334474379747,1.0565176048181448,0.17522608008291113,3
0.2896891187129162,0.9818783857690481,0.7046653509138403,0.4872142809544083,0.750064968772715,0.6293657947979915,0.5950057919861149,0.5210564632925716,0.18528217258780463,0.37017660515323947,3
0.18067703620314213,0.6819129678609257,-0.29476499068354295,0.1294539468266989,0.2891462596148368,0.8985674445430243,0.8670444552987754,0.41123795551645065,0.9175809518216684,1.0220619767809125,0
0.47233377298441026,0.16253343768496917,0.24348866864260832,0.14812958421176686,0.3454264580291927,0.9054657218989719,0.9816551621978993,0.2961386806198529,0.497560764431962,-0.02789832985049806,3
0.8879976200453955,0.6793812863486272,0.5650892663867924,0.4632179085060311,0.2875700275835316,0.2267178210219413,0.28608972350386286,0.1434488610281966,0.405978735681751,0.8586833350888182,1
0.5517823574972195,0.9804009811635821,0.3390793619321584,0.5440392018860236,1.0213389880216917,0.4650711362184124,0.9773954134776873,0.1658510755818493,0.911723038392197,0.8620185651082942,1
0.5189453005267701,0.14236344964415698,0.14389793629801523,0.19188644903050492,0.19657072511411686,0.8339034961276385,0.9777857047172261,0.16960279499218425,0.4372352679564617,0.12956700386368347,3
0.26130164720959914,0.36389556898159925,0.41920411134309277,0.2869841616064807,0.49553450245677855,0.31213626104857056,0.15008343450667444,0.6436685131239657,0.15251093480789574,0.6306970838240372,2
1.0823602539492747,0.6408716138400025,0.28652550962350015,0.8438546669584372,0.6749958288143976,0.6387196742897769,0.4172020993847685,1.0494900743085838,-0.08853946589419534,0.04249197492754637,2
-0.3886142639663004,-0.4254111626743675,0.34379796782568384,0.9428650334367189,1.1372492608550473,0.5737944914824737,0.12968625863254796,0.5826911948266943,0.7298598035625983,0.2792339677672018,3
0.050048229165646704,0.7801676015586266,0.8499370698082015,0.20632552627853468,0.9741709004974419,0.5292192807292969,0.6903931881627517,0.44901066497084957,0.7129197084775559,0.5005656961444231,2
0.256049119432277,0.9831945550422095,0.6927625869728518,0.4620150593296325,0.7860590809408161,0.6104678826948085,0.6246561328083393,0.5002571826038943,0.1789294394422197,0.37552584487681023,3
1.5879901432647001,1.459095504879436,1.7292362107117087,0.37594113935740947,0.44657238544083117,0.22760730107526378,0.4409203430734253,1.9193308467669163,0.4203559468675249,1.1271560609939473,1
0.4081333655000245,0.5590368479637651,0.4085865605312172,0.1557830824944353,0.04806263285378563,0.6433502516636448,0.03687689573017214,0.6178640915301725,0.9468816889584156,0.18409964904007872,3
0.4232444898912273,1.0289693444124894,0.95055822626409,0.6978021741948058,0.7787634699970578,0.2428648378627025,0.8599230571660569,0.8510303245316003,0.5302601993976499,0.005578303042678548,2
1.3095910234096724,0.7141040425491151,0.28680419794901235,0.6912175161843818,0.44546084200693326,0.589898334342321,0.3729560934547344,1.2692665199104194,-0.1761353511175653,-0.11106687947945815,2
1.105409601390879,0.36284186368908256,0.015195826546141366,0.8903738718607704,0.14053956231303483,0.057043827831219196,0.19830879168675172,1.0078294298165518,0.6628194801824302,0.10289384653722142,3
0.4199014421453806,0.9444693248817209,0.8385621525720879,0.7872866762399123,0.9085875961937311,0.3621387796884703,0.2853335480718876,0.9511440459137239,1.2004439438197503,0.6793521612850362,3
0.14537712137045522,0.8598197084336109,1.2628889682992515,0.5336348064172003,0.670777582555528,0.5318730190363191,-0.30092476974997606,1.5735427102598898,1.1930963103306917,1.035705175787337,3
0.7401660936547516,0.5013483907833455,0.5717792010341896,0.7618656356899514,0.4889665741017107,0.928681830199376,0.6381873431822287,0.2915231020406552,0.1254902261685901,0.4121060582383416,2
0.14029854929678579,0.8364032386063545,0.6749280412066656,0.46828821594202363,0.8614377246640659,0.4022641900478446,0.4734701477400847,0.5262325110785891,0.8377657030283949,0.7430771074040923,1
0.8179388091416716,0.8728569254546716,0.7717203076542062,-0.24298854343481707,0.15526700981350805,0.3724178555864287,0.7077168170470214,0.9232667689953861,0.9722779381411373,0.745405495787284,1
-0.05267558938362002,1.062416486527534,0.9954045283989725,1.1959078076142253,0.8735861228029435,0.14066767620845383,0.40323223244450734,1.3519161996451339,0.9341220640024337,0.8793504334263225,1
0.057291774763957005,0.7652094905629562,0.8413050328916539,0.22673743829566656,0.9899033130931361,0.5387701670020525,0.6850736827132187,0.45745715224291617,0.7174420682856725,0.5014324449970344,2
0.8105757647619719,0.8021283090445177,0.5089032920349744,0.43767528807755707,0.3383121062523438,0.3485582554724643,0.324767774480033,0.1789318966961803,0.29825441997912594,0.822099346930542,1
0.7295056338815864,0.9678423435274395,0.5739825996509695,-0.25786235536363566,0.23686744283941172,0.39269265795527586,0.31342773394247797,0.6116034991036565,1.088390587899453,0.6096162900758901,1
0.8323359494342023,0.6266109605777974,0.1980806605143186,0.12728255453687462,0.03388233510041027,0.5404598070687208,0.3442098857038433,0.6988143202116007,0.41409836973615194,0.340547222977386,0
0.7559210274341042,-0.08915823451157845,0.6222271927382457,0.511224038953072,-0.37688672653658994,0.5112904736743635,1.0063810952024232,-0.15698165869407188,1.0263793326070523,0.6993925854190003,3
0.3057674978680481,0.9504207974387682,0.6206912583741222,0.44279955388932835,0.8346460535099782,0.5433989348790951,0.561128071870447,0.5734596607423419,0.25347640669945626,0.3404199963658891,3
0.05520510466713235,1.0814469687363606,0.5980236551298443,0.32858937493723855,0.8906527555396954,0.25675303016071466,0.6884846637786503,0.5690893825152351,0.7786457369262291,0.6565355838702764,1
0.007374555391722201,1.3083370807416628,0.435193804367578,0.5290365599358094,0.6195890349450938,0.3358783405421554,0.6448942120841408,-0.13067063689156577,0.5996056934730548,1.357270674730608,0
0.24675155100338203,0.389718744474334,0.6258619005286455,0.25197306772664674,0.8960768438584168,0.1278752032486341,-0.048339697584407426,0.6972815633725418,0.026760500960401,0.842237310196965,2
-0.09506875897282943,0.8406452518026719,0.6004631014310029,0.16949428875574032,0.9076735951554378,0.5616380371397244,0.43276470661755073,0.4225570331710756,0.7313252187471984,0.7440868975898776,1
0.1422178615660443,0.1302756989954528,0.4094485217147542,0.7294762168512452,0.07551170014128854,0.3612508921549669,0.5276194351019233,0.8656567502304778,0.3876162110509817,0.4636298685130729,0
0.30357825102091457,0.980183947840405,0.6776980597849137,0.4411645719989091,0.7544662844498942,0.6105131940682631,0.5671858295597437,0.5495997453049208,0.19002142933278318,0.38625717047259134,3
0.7511188011639556,0.8425988217033765,0.6434588658899252,0.2603648891797704,0.9221121062800731,0.9860096724895218,0.13083291025981525,0.41972049379484583,0.6798595506732426,0.4397479616176082,2
0.3026154712249272,0.9320210055490616,0.6028483882065077,0.5003939548593699,0.840744668433397,0.6012500500475714,0.7234406247388689,0.5461133433442844,0.12055442893283436,0.23871921822983455,3
0.6394370737852257,0.31515134066275463,0.6555117035558498,0.3320298746058227,0.6629202542283219,0.5185520331822624,0.1148932114973259,0.6469024622752092,0.4983359809416483,0.3405362317589094,2
0.30528905894914493,0.06297105350259186,0.25205355761313614,0.21815813844392618,0.4887605872602091,0.7676955789479034,1.0973680019475875,0.2796014755278129,0.42362471594501555,-0.09610383046548693,3
0.3428555891216183,0.5402275148661152,0.5288307911951665,0.44994248992292013,0.7960599814458207,0.5573311622935146,0.5186706739318607,1.1226379029759186,0.3657851443474266,0.3860319867666479,1
0.20962704630327375,0.20189844225366735,0.3690420364302392,0.4420621584038842,0.4308557645039348,0.9235965995842523,0.32054714046812627,0.3809231041644441,0.8782749299544576,0.6705727747292681,1
0.3148242319220053,0.918978998645712,0.6031552789464397,0.537335167040278,0.7240580352255546,0.629675708752295,0.7128064736806113,0.40479956159762404,0.05825993982554342,0.32046424364928483,3
0.08578725205068549,0.2526436991010573,-0.02712751429394164,0.05494543798355105,0.37848718582055274,0.1361591600885979,0.2654745465575693,0.45757011695414457,0.8203973121924208,0.16611748879662877,2
0.33389976625283635,0.05317749159213645,0.4146511065548337,0.2317241290112601,0.3034080777285898,0.5505643725364162,0.11868294745829927,0.21009158091453056,1.1327341487655895,0.5318446751880285,3
0.5892547984121056,0.6932317287187775,0.4685618359452454,0.7813328555502987,0.4859664915952783,0.9096345771184098,0.227812247146014,0.30434995863505626,-0.2774881256914724,0.08355573987023893,0
0.5425198449946412,0.8170168969584262,0.25421696470406807,0.7476002657772909,-0.07147934750860713,0.5667284492567153,-0.35224382030107626,1.085192215352396,-0.048391272349035674,0.41007300017145387,2
-0.34686045627747003,1.3142417421079553,1.1017820575919197,0.621086852435361,0.6110680497257479,0.5775968648400247,0.9019617253813006,0.8136814976820299,0.24272918170090418,0.20130429093156252,0
0.3886871351975081,0.398398502928608,0.275379027106639,0.07748490883523274,0.34951202462413994,0.7649054658802199,0.7062421387141528,0.3257844148405328,0.26452772439243205,0.13318849798616733,3
0.46595945181746934,0.08333067175264817,0.6167425887654375,0.1209575106144843,0.059253207383072784,0.6811617836475353,0.3640498576013127,0.22778278870989416,0.8370492986152929,0.1941640783974956,3
0.4128698599822736,0.7707723481454614,0.9749943828129163,0.625782227443935,0.6698021372234189,0.3914480226289506,0.7446092550139826,1.0576077752021837,0.40194078346849643,0.26589183200844585,2
0.9976908620218713,0.7314518005853887,0.6139814537639827,0.18886897064185773,0.39102345059200866,0.46325474077176426,0.41189751159839927,1.0038534467507862,0.6778163981265475,0.8030646233848845,3
-0.01618324849030403,0.22881485633143123,0.4304262998030294,0.7189581539349863,1.2669304056122255,0.022976496179169373,1.1358994463465817,1.353853610617846,0.39436025055346396,0.7045705266829143,1
1.2340942119348806,0.11276362574212223,0.6012916826845014,0.6546808133802053,-0.004412522208956091,0.7531873476545943,0.1755685484314894,0.23373376526728123,0.24867861539822578,0.7422408968356747,3
0.4805585106229533,0.8392859719609318,0.0979888086676484,0.41349874007539544,0.02750421681144892,0.9014051347487877,0.5448437428761006,0.48112820379837695,0.19584601776552304,0.8996231468346514,1
0.2539917527469132,0.3632259405885827,0.22707008625944516,1.052876768977779,0.41066057290975033,0.6476217701558914,0.1348231038272248,0.11346782506647812,-0.07149226260901687,0.6142323671411651,0
0.04153726537325876,0.47782196726754017,0.3513469589021027,0.18751180109475027,0.5023950591425788,0.6276625419993143,0.4182408732029356,0.15070008447050728,0.6988076565454729,0.4922640704601835,1
0.37746516540008007,1.2698906214998598,1.1600037188308445,0.6728529850781265,0.11214391227405557,0.28904442373464934,0.6482716284496085,0.1982294531250828,0.19313728607677993,1.0695286744735533,1
0.2665400141597034,0.9854981905604024,0.623103344397592,0.4876999368080514,0.722781908655872,0.6569325446520862,0.5781009819593829,0.5301497863309221,0.1452516733731926,0.38528199609484104,3
0.7495899810936872,0.6614895968591946,0.7927039216084933,0.5293936478556853,0.5660319487531199,0.20087352158696856,0.7761974981787458,0.5894048260753189,0.16173560166006318,-0.06097291749007888,2
0.14029046868106268,0.7572037605907048,0.5597492957321087,0.8182413081731573,0.5712103451276845,0.16787534104172377,0.9973059770172898,0.18894619828691023,0.23453488563266053,0.7480928935599673,1
0.9475949175798826,0.7050510483006646,0.4595638165740529,0.38434324542223725,0.3016112705642394,0.20530866030172665,0.221056689921646,0.23439611226127688,0.3755300652125016,0.9200510807073969,1
1.188454583906954,1.2486406278736564,1.1679675652170076,-0.19327837988725677,0.34149939839211263,0.14339854322301315,0.5159038902710158,0.4796174705257934,0.38272821336938256,0.706453986529858,3
0.9366956516955699,0.4765255550506221,0.015350798581360592,0.9942621439929791,0.046247612915408784,0.1383792292274445,0.018802697587410253,0.8841526452615768,0.7902990094997685,0.04381341922307538,3
0.25361764961177,0.3082303132435925,0.3863596893173732,0.0363955782933941,0.7647605310530047,0.9268768662364604,0.7694169692412894,0.1223750324594779,0.6008955235556712,0.2840625190848425,3
0.37125708045039607,-0.07960687800374194,0.3868354254667551,0.9031933464945456,0.9006311018668334,0.5535656702094149,0.5940498789033228,0.04938986735073368,0.3490360784998865,0.1630358226830393,3
0.6844331152616089,1.284520343288071,0.75182343259926,1.1456023604899812,0.5666348630231843,-0.1984625233499251,1.1838901575259353,0.1426681469387021,-0.005868291680443449,0.5478214936492305,1
0.05987306835912711,0.7721509698814674,0.8444359391767221,0.22073990545401537,0.9883682148480347,0.5298175534894066,0.6858207042531685,0.4616994048042155,0.7157979560360407,0.5059865423462546,2
0.9809506087230501,0.6276408767222523,0.18802883329284759,0.9532597980980857,0.618688674491134,0.6790499554779337,0.5001986734768522,0.9440404442534767,0.007410036855837539,0.051723912080076095,2
0.5212254250012727,-0.2322791017910088,0.17459854552195653,1.053421422725437,0.8081989063282999,0.3781765978406382,0.6338914799335084,-0.08937609113507941,0.38969346708300845,0.16318308420156286,3
0.44411515096722326,0.19940336108066403,0.2259420488951622,0.1859350860812386,0.29813641415345604,0.8300967932322106,0.8921470435875337,0.31137050220463114,0.39876226044706137,-0.01549310318020862,3
0.7449136103391693,0.615323394116984,0.8489205512460553,0.062496311648525524,0.12266873389458685,0.07580757550110609,0.3309776665349004,0.9050924944520159,0.9194365390117909,0.8285713148510897,1
0.5848953877353612,1.0235603696391835,0.272061451686077,0.6102279261439885,0.8925885494523057,0.40759243334709044,1.012470287722188,0.05936134007397627,0.8304841484410643,0.7567674310982605,1
0.35890166087617187,1.0144519533567984,0.6000381733466666,0.4302925073059502,0.7182257594370305,0.5868432888649735,0.7672536111484497,0.6475241521678509,0.3636527736515264,0.48249818240161724,3
0.08905923182099634,0.39742887680555194,-0.0019300694769733076,0.06686746366602951,0.41258782772795916,0.09740133626854652,0.1619731333171725,0.3481556244281595,0.9366919273900246,0.30669687720119404,2
0.42309950607456054,0.5583748751787735,0.4013068714758494,0.14640460586126977,0.03590299126115411,0.6530847749791708,0.035242331484002125,0.625794514605635,0.9221586535765065,0.16168667360023067,3
0.3969208563275157,0.14397163269943422,0.3736134613383863,0.4082728083558773,0.33033474354549053,0.39463528009132726,0.2849789148450448,0.9184898605952238,0.32014845634473277,0.6389433089599253,2
0.22527366522261852,0.48798702845894554,0.5301244361019588,0.29653079149448036,0.5331080022365562,0.6824159288591267,0.7725647005761723,0.29638012677154457,0.4311915069299946,0.5452229838732802,2
-0.31435893728745073,0.4230510978114823,1.2073852961842262,1.161495102777736,0.745091381289625,0.05720264839017947,1.5778484143737432,0.8037139021678896,1.0468378528949038,1.232569737214877,1
0.17563490770867732,0.5675642950138099,0.8324030396916492,0.15345566297288785,0.03635359545053718,0.11622009995106199,0.7831329801882551,-0.025502853287217297,1.021412956209912,0.28204851536630626,3
0.15394689265302255,0.3756988291584333,0.026641836809039653,0.06588484269168314,0.46084967401653265,0.08328661561770695,0.17399461144796818,0.36658801711268363,0.9019166887178911,0.24878883117874495,2
0.37376381483959276,0.5617446975747522,0.10296463342036939,0.5957749593721515,0.5883332241993213,0.7588200723986154,0.9278321290896144,0.8937872636415116,0.41463223184178183,0.13955574487215616,3
0.28740869156402576,0.13089322214411656,0.05963871334848769,0.4374836159806715,0.37207959238518146,0.7422376548610056,0.7736917694552479,0.31805463279551976,0.4570887706867041,0.28681904623084115,3
0.7999956343571395,0.5540813748636512,0.17533772234447034,0.863406997223831,0.2145424918683377,0.28532652134015624,-0.04841894540126024,1.0118837717461329,0.8664999225659141,0.18178328618613643,3
0.04144357357390933,0.9375812272993361,0.6663532430607892,0.3232602897031743,0.9171672933472199,0.3672150182497577,0.5905097496757756,0.6074879043662531,0.6750089224043118,0.7400949126910854,1
0.9112410426242614,0.35663108850945574,0.29093635432687087,0.8689996611346246,0.2990162407227181,0.5430522455472836,0.49367349576001446,0.8242749089049436,-0.06112378660243867,0.1614852255363678,2
0.20557976265002936,0.48553563496967517,1.0128024691069262,0.23052824086675155,0.17082647958369904,0.13438804272791333,0.9973434144582572,0.312699709772228,0.9670792071829053,0.33269450105122894,3
0.3535384532610308,0.9094544278341136,0.4149422766560918,0.8327864267859519,0.0698652894253952,0.2601728847071853,0.5338985050624274,0.3168809074452007,0.13680930817834958,0.1801968629298213,1
0.9254247362059985,0.7093017432361733,0.5397954956495629,0.47646591911683517,0.2762405335325637,0.27767761997242585,0.19548418882316512,0.14938402648976573,0.3385035712157728,0.8320234237185551,1
0.9645711647196431,0.7033238794222632,0.6529338126508046,0.2371692773245441,0.401782321752933,0.4721902251562909,0.44504710508782197,0.9627856652853243,0.6425376242731774,0.8218463308571795,3
0.14362913801710642,0.3850866131194297,0.029409374759689404,0.08074653392704902,0.4704750555580015,0.10604544020103736,0.13940948741192538,0.40678745112096537,0.9049582210710831,0.28421457958910024,2
0.02001787363409619,0.9648266599868816,0.6622824406300163,0.29338070808105904,0.9313741758265611,0.41947955229513745,0.628292291923296,0.6210956238593139,0.7110858126928824,0.7221192616306096,1
0.43746186337851256,0.37220340730976503,1.3153230273965042,0.19233454801410715,-0.48165158588462953,0.1892744302485524,0.16677257822456235,0.8551293572534148,1.5935490388107247,0.04154643438678707,1
0.9954946483034864,0.6573326261448359,0.17768875410450224,0.9435079848418407,0.6838331058945508,0.662923687876217,0.5241097901372826,0.9865504855658078,0.0808428269271307,0.009205102448334168,2
-0.09054696256029796,0.5781825843543812,1.1026216972083205,0.8102570438312376,0.7304519472003593,0.46733149483466757,0.64150718743785,0.6403313974374837,0.5938332656124359,0.6003900668136646,1
0.23776132262556424,0.4342380704972147,1.0454599473783874,0.23240548223528568,0.2684745200211285,0.14380474041073393,1.062388292628504,0.2655266735631635,0.9724000265266304,0.33211549484906755,3
0.030854649902306353,0.731266784938424,1.4681141616320619,0.22304873018043792,0.03775100696513173,-0.2842918562668195,0.11107289203376303,-0.5079957527715356,1.0510037635575356,0.7491311697848939,1
1.2234141497099371,0.4819956197010332,0.5493455227413033,0.36839462916455695,-0.160082573539511,0.5794246970158294,0.7629431528696298,1.1943614868478951,0.3299943357855746,1.0718682414910123,1
0.73157558746362,0.753977244085351,0.577621394664851,0.39437536392866374,0.20936635209809415,0.6430577731306273,-0.06824877232904264,0.7642005563129992,0.27930605651550927,0.35127164051667387,3
0.3307328100820531,0.5204681053260587,0.337914555221399,0.5225072028139041,0.4646596363082948,0.9541416715114914,0.033001998688952684,0.41918050045671157,0.3773042928114252,0.09011069260926906,0
0.5628501071293696,0.9251849421715502,1.023735213489449,0.7715308534618254,0.5450010800226925,0.47405743140680523,1.1355427511206995,-0.09012131746398774,0.19050199085424818,0.5550953653052103,1
0.31976098762986865,0.5518803518707172,0.37743724022695857,0.4745737479697004,0.41402466299688345,0.8917987935604945,0.0432617225229241,0.3660292215979997,0.3328585442582628,0.023379048289372067,0
0.059806797514869996,0.9365994287398652,0.7081799679554158,0.28427869779936416,0.9072778602386139,0.4114557099998903,0.5680327266148512,0.6358997172054642,0.6887677552864756,0.7717509370522058,1
0.9096521516566253,0.7340522202896673,0.5252217572726838,0.47109041610770674,0.27542152527091845,0.2661275304615352,0.23105098741939029,0.1285215951265113,0.37978137502593007,0.8682725640372904,1
0.18211489563265637,0.7252688223379307,0.8494928606254304,0.8047458325598439,0.618954461364129,0.558936995512788,0.1851848854483766,0.15945369800437426,0.5889483131613604,0.6601878206727552,1
0.09853051099468324,0.6380059839003238,-0.2608256279182008,0.5081814453209506,0.1636975595691772,0.37018281798369757,-0.16519682327493274,0.6671166532429758,-0.2025655423268834,0.7492641797673614,0
0.9771122975294786,0.5065416752383003,0.11430150062101668,1.0482650017446598,0.11488115180811455,0.13705007887111123,-0.03681382491387732,1.0005298028270118,0.8981832190604452,-0.07119676498085956,3
1.0144209079913702,1.1645207882487532,0.9711427011743289,0.6219128851335893,0.21626452703112342,-0.028378803483689166,0.007997330544353143,0.5430672037986768,0.3509187467933885,0.9599339252377971,1
0.19650762287419787,-0.06806667547201045,0.6660547507610267,0.3698869005686321,1.0378701667659902,0.1191671145387938,0.7801041091051986,0.37439879524915193,0.4658107681319682,1.019383046407862,1
1.2187002566980487,0.7978449764614157,0.725857198455511,-0.02319741609977055,0.46346597557045444,0.37852135064168624,0.6555162423572705,0.9191445836003604,0.8555019307632078,0.7106679811563896,3
0.7151290316735722,0.16247967564875004,0.44100496068928197,0.4542199290329355,0.07697823696938597,0.2874910552112502,0.17663094059995127,0.5491094727096267,0.5251937881321854,0.8124080912075982,3
0.5182168392526814,0.6520890742268712,0.375763962877125,0.6204167275225059,0.6593008501936228,1.018174740953946,0.8085716535622552,0.5907590860774612,-0.032632938582636634,0.3088373968471014,2
0.6557392491694841,-0.2246796193857732,0.2035683200422137,0.030125237058872212,0.6091200557948788,0.1124101508011825,0.3490032199567526,1.1121062000388027,0.027580879999640873,0.4340588116913001,2
0.3321791552003316,0.45303775531764995,0.478005468477142,0.2877346382758939,0.5725864900000005,0.7166245484674596,0.8167396269652835,0.25553377425197343,0.41700977274634227,0.5141185442967233,2
0.7401660524549907,0.5186508710379691,0.6862214330724037,0.7729599323670538,0.5758591071291578,0.43039704082587127,0.4022701736059998,1.1794901604827324,0.9640890070967291,0.9815867638986536,3
0.7758168602961208,0.5544108519639345,0.7914566232689836,0.4391341024206784,1.0032192894072838,0.0480467538676425,1.112646073870732,0.8267218926384952,-0.30108097177380927,-0.3083433632079624,2
0.3451655545331848,0.6181593110636663,0.1260058184826921,-0.2165691927623165,0.3107876637613922,-0.022777941710095978,0.16748625305985773,0.28359547293654375,0.8804277138381433,0.25733050101669075,2
0.9875410505186711,0.6254761714923105,0.2072753179884903,0.9443341027012006,0.5896321325764088,0.6909078172509197,0.5123092542242769,0.9815130726312215,0.006875209295539071,0.02253520404010041,2
-0.08914409909684273,0.1726393158386953,0.8670519171876028,0.24334705030163575,0.5956185359303667,1.2656461941438446,1.2509031565639201,0.29330712628811173,0.4728207103789316,0.3974120017824133,3
0.3128993189644891,0.9176514576596332,0.6964018689736213,0.5142444817709223,0.8265130069104402,0.6758282404179918,0.6234586776816237,0.5364974807610852,0.1645415533966792,0.3832842532523282,3
1.0356539374680356,0.5350502700826549,1.0048068372479033,1.1562367645111373,1.2130695625530539,0.8259093565371416,0.392034216934104,1.3226128762871396,1.2638302134414092,1.2192743517778004,3
0.29151146405124595,0.8395284034477485,0.8499629963725019,0.7194132426846825,0.6851216301081589,0.3196965131169536,0.8888455136260998,0.918039502988056,0.5130271139798377,0.18529109896171753,2
0.052215117524897194,0.771019624303436,0.8430521390673122,0.22603777733221922,0.9920929221185274,0.5336791050398989,0.6926408906509551,0.46655057729157673,0.7138921867159738,0.5106851411888995,2
0.177885617015423,0.1948684673603923,0.19512168288175896,0.2920857168001131,0.2764621424549403,0.9434128971650759,0.1991381370978067,0.3485998289217453,0.7055315597123233,0.5430489377497364,1
0.2153557593125288,0.4764800285324511,0.537518481153972,0.9709907229267241,0.9992244405477003,0.08308752751487072,0.9227461703745102,0.8853720487057107,0.47700097631843547,1.011964689909899,1
0.7920936047583546,0.9099586699264135,0.9793661086124767,-0.0251083869131411,0.26925849095449694,0.32108109932022977,-0.03119737870589334,0.07504354717412848,-0.05699574614251762,0.24170473099794063,3
0.4739719240354289,0.5484757974437536,0.19249384979065684,0.584748609162632,0.4814977808497916,0.6860571246522977,0.9691475584164103,0.8698193778529121,0.46835870477566766,0.22186372701197782,3
0.3045872533857511,0.4253348748527523,0.4626725278771053,0.2799094310019196,0.5787810255265669,0.6943142450851024,0.8038351638633094,0.2503384568604124,0.41446340609017823,0.4831079008510188,2
0.9348887072836807,1.0210204355203638,0.5778685257369967,0.19349709107724067,0.8669545287357971,1.1073449618343225,0.09838444668421462,0.43575280709267883,0.6759668524527083,0.6308128742226525,2
0.2025083968314337,0.4757410880927288,0.9593635882508663,0.2092678049233059,0.22663798910421035,0.08279672934310824,0.9147103965654771,0.20914359248916442,1.002082606084225,0.2478224702119274,3
-0.04801775616800111,0.6283953244269835,0.8025376020282271,0.26954798519910445,0.9698614733142217,0.5948717055829876,0.010891287117290871,0.6351555802709069,0.45872780394697166,0.5539109077060833,1
0.06931364636124869,1.0032023305022153,0.6752744030209256,0.3291518330215255,0.9358960118200945,0.3803634743713116,0.5773115853586175,0.6270350988398292,0.6730435742544538,0.6965228354860522,1
0.8016319626046059,0.3710832636709114,1.441296978458433,0.4936327568383568,0.3597761975691791,1.1034163815848546,0.060584942753056814,1.3249481838080632,1.0724049225005468,1.1192614063868063,1
0.9936181770340052,0.03088114273069116,0.03065104914882565,0.7264823081890861,1.0294556592716744,0.19284267209608613,0.6399654592535763,0.7533226074093825,0.6440647197663839,0.6590807036753733,1
0.8948926456327586,0.8713639833486159,0.7866937825482962,1.0186767748312657,0.5843730773296285,1.360578165539049,1.047538587139998,0.5190370020124491,0.5241956398476588,0.7477303025611555,2
0.008521402314467297,1.3554356425665834,1.5829412347371261,-0.7280804356643291,-0.3784726372472007,0.7615730269348043,0.1939556374313886,1.4739035817014932,0.5278528529975101,0.2504575890670344,1
0.47004767089403154,0.201876810379199,0.4683783807528279,0.3604492327262778,0.44709374664740553,0.515295521624162,0.4231621466416673,0.8251669914858909,0.2708758970173969,0.6440726856831455,2
0.11998421886190352,0.5398181941515445,0.7765392442843934,0.7770074291376389,1.3035280812667582,0.995255292771103,0.4730497106569337,0.4384952211035847,0.7990135246191551,0.525078678411018,3
-0.06431273233763982,0.6993016874983381,0.9583975549968142,0.5091493579067388,0.7997646035294188,0.6795351506045321,0.6010345222854983,0.6537547435141552,0.4505696682909478,0.2980532798338649,1
0.5715812592919453,0.2889440641787627,0.5089459598951798,0.1610964068312515,0.2878907113034681,0.5775643965609243,0.6660002111097534,0.1851715472160027,0.2572746206171202,-0.06651554647438143,3
0.16390474694877988,0.2787172688349148,0.9105192763832257,-0.10233991854429786,0.49618417317966546,0.21643151052475507,0.8281767460102564,1.1702188930407795,0.5231269194782118,0.7467690150192872,2
0.4234208587690218,0.42041677699625774,0.10411373765854767,0.5354714393259843,0.3317119559994954,0.09533466768510117,0.06974609430175,0.7860187008626595,0.08068638952927223,0.6145224576069417,2
0.5881426957926457,0.4764158224907308,0.14233356573255931,0.6086856026467484,0.561668274830791,0.5422172094157447,0.9249435908773831,0.743008643225646,0.4108982492902909,0.3721917150995972,3
0.8008231270084948,0.6306570075008968,0.9509746134382767,0.09567953266366278,0.009824655528354431,0.15241979088321822,0.48627434720147167,0.8328643339014346,0.8884220980557009,0.7218489534829813,1
0.08998196159246195,0.9369718107369169,0.7124105071538844,0.34861318423846904,1.012913398661883,0.450973204449865,0.5398438277158125,0.6637622764602364,0.6215200991842289,0.7911412442061668,1
0.333582364130084,-0.05051981854305393,0.9621240667669426,0.030792027095757884,0.7994599451688501,1.046460510374555,0.8529868220958338,0.43251201181763227,0.18218549037457507,0.23790955384155682,3
0.44306469527289843,0.6817802315177844,0.6702862530074541,0.9186832504054521,0.026274200019811775,0.11803618363218057,0.007918321297558095,0.7648545893667471,0.02647113876239926,0.7033026180943147,3
0.1368242597134896,1.0296964199084295,0.9600628634474797,0.7604640691078985,0.09257678111884285,0.30764362449921784,0.8830539530864631,0.5606905581403097,0.5755219888771942,0.10169744475751742,0
0.09022251124676346,0.6724282257276024,0.9436366127690548,0.6349291589924676,0.7133695634462051,0.6171953614379823,0.4100805312040752,0.4454636332714576,0.34398401387273553,0.5012772421516505,1
0.22844495175719007,0.1307650550972177,0.3361057299111268,-0.047378470468263684,0.10024219742677914,0.844848439176786,1.0756110472856515,0.5723882330459326,0.3324705552143003,0.021822293209938205,3
-0.20670251562651054,1.1932950701463259,1.8563678504075496,-0.4354382181702945,-0.7600087646796816,-0.4998929864041137,0.7317422648509939,0.7045123283172743,0.5072391736027891,0.5210745717624616,3
0.74283650739723,0.9354037142476398,0.5641306447770675,0.3259569607606172,0.9597885143774874,0.9814949279385009,0.05757311797270387,0.313825005663998,0.642813275522981,0.5804172720572166,2
0.09051869442584215,0.976898223912284,0.6836698097382035,0.27816530687888136,0.9119536991358399,0.35254063723538487,0.6160752693871464,0.5501669717682531,0.6883804213241228,0.6815138149697664,1
0.7814189478056808,-0.0830414006201273,0.22555333713292336,-0.04787259731202237,0.09336205084970983,0.5334756160865102,0.5068355618692124,0.865897745075862,0.6951227544228081,1.0707445642496567,2
0.4690508923250446,0.24686173106988596,0.2723021215207534,0.17983572543425197,0.3417423545872482,0.8896458885921225,0.9646897703603423,0.23128066748256138,0.4857947115916777,0.011141451292331711,3
-0.01437392166710516,0.6003812812589064,1.057670013637251,0.48309478262767236,0.8235473109881197,0.42869005365248103,0.2967904387124747,0.51220946189431,0.09261075027715016,0.49231415713407856,1
0.20334726306856313,1.2737621366844536,-0.21828566561921348,0.5005110034274307,0.5612149272056172,1.3860889766736784,1.198303888032185,-0.2472635277447428,0.5566771108827432,0.27015792621860735,0
0.13470226624754733,0.6724931465558617,0.9395200750567888,0.5839800870847709,0.7455830014196766,0.6338526023163288,0.44899875736207084,0.4595120776817589,0.3257339149815605,0.5392936679357342,1
0.05997228330824787,0.7705958647749226,0.844765232407476,0.2115795903967659,0.9853612239514168,0.5317865932540116,0.6858301602144143,0.46712076157203486,0.7257974535184185,0.5062768058060686,2
0.44843092910587984,0.730018052503844,0.47039063273891785,0.9163475104324361,1.0461711629452237,0.34851522469261087,0.07712529949247432,0.7889843418618078,0.7731925524217242,0.5410096919843193,3
0.08679375607198045,0.15727441461297464,0.3195262380335969,0.7558011381290907,0.14817449011013983,0.3424183621672724,0.4659343408281295,0.8819938175146727,0.48017636156540416,0.3885480200372008,0
0.3896722719350658,0.36314859090479534,0.8388588950901147,0.43221685287704986,0.6738071185321007,0.15166350679873822,0.8850989754468501,0.6589132753574962,0.6089879494930003,0.1450818116570358,3
0.10107978518019334,0.8968441876035412,1.1006619729855616,0.5990127841483635,0.7663896852187128,0.32425025034736865,0.6316580965129861,0.9888634870808609,0.388886073971458,0.20573365895841247,2
0.9275743339791398,0.8384886039805188,0.47850829283665813,0.3519016696619071,0.3443271218094407,0.12394588893675137,0.3065416768813691,0.09035747290676194,0.2882044070242564,0.8371927974855871,1
0.06420533632696401,0.9007897211040882,0.7764276754266212,0.7273696853172155,0.34374740929786934,0.1463645480808757,0.721430285561438,0.2186883660794523,0.6199631455964073,0.6845967026686117,1
0.8271620665017987,0.4837861873736403,0.0914079821241873,0.7876446701025306,0.9081502722717433,0.5201877864563124,0.7555732673538769,1.1366044569374276,-0.12161043161419527,0.30915888391136204,2
0.39874183321982587,0.7645866800804001,0.48028571372039724,0.7072292053283755,0.1463181995809592,0.42434184734748215,0.603019249094885,0.3809739019955753,0.01664157176611572,0.26306089398569105,1
0.3104425667557363,0.01809795289160497,0.5811753630675947,0.37515621435963326,0.43477342657523027,0.48404965908087155,0.43417148379925985,0.8220157496787345,0.5493795077479625,0.5477586124318664,2
0.5975310554169248,0.592604067065427,0.22705744538456274,0.8280797721717952,0.299179046384791,0.8307979321903004,0.03580713598934539,0.4312461997899387,0.15521484482962017,0.21490270516673682,0
0.4821406796855158,1.000958815086228,0.2831863327562784,0.5775667296646372,0.9490312028430699,0.40039739275630476,0.9648580061769771,0.09009988147674636,0.8509011743429139,0.797591143627145,1
0.5938886075845905,0.956928298448355,0.2929313018471461,0.5563433763118596,0.9786565520919175,0.5027299641268312,0.9550687882046731,0.12235717960548693,0.8919781571020681,0.8135393636142803,1
0.5374132181123016,0.4425476964725701,0.0809828397596363,0.8343112379781734,0.1158826892437938,0.6027195572644504,-0.034507141656997725,0.23405535391905294,0.33012648794670807,0.2287512341630346,0
0.41003930785747444,0.7972335058018221,0.6788114062239531,0.9238488551515833,0.7714004828097589,0.36079230311477073,0.11850981937078539,1.0437742553633802,1.1055793552507953,0.8325708934757604,3
0.888354256320779,0.7702039041152023,1.5957615887673644,0.44881703432845127,-0.5178350403884229,-0.17364720560640595,0.5293911536564196,0.24336951558320216,0.49411796593882995,1.6425468169299382,1
0.8250989009841708,0.5232936718678541,0.5106105404586044,0.737006925727406,0.6213959316053349,1.0038787862716165,0.5598677895491998,0.3922802409576762,0.1628855377098013,0.5528717587130361,2
-0.14095264370012955,0.7692029754731056,0.8851395363252063,0.4175713197516917,0.9929741965378123,0.5452124579924214,0.3458185611775205,0.5781743664093526,0.3675439141599296,0.5388650421379757,1
0.5327988686501532,0.2867738200662061,0.3754572040032776,0.1256139079524942,0.38660713877300096,0.945908614831262,0.8970198649861283,0.2982467811277485,0.5443549664807725,0.07876461238974763,3
0.0244699504735116,0.9277352926352589,0.6942831434698415,0.3250535550767916,0.9058423760133875,0.36980334245359175,0.6299964548733492,0.5556993392472961,0.6522672674973912,0.7156695757680281,1
0.37783374068740794,0.9852941330190969,0.7243418503075755,0.513576301373563,0.8762713857309079,0.6909516880310645,0.5028761213728251,0.47753439938212694,0.22043301524498876,0.3469310215303365,3
0.42595361506978235,0.8163276753299598,-0.3263165332753484,0.9015347364326095,0.06021049566729475,0.550889795163332,0.2149793771545574,0.7955927357499577,0.47364879838099727,0.928228838173205,2
0.3437073650071534,0.04778733597234233,0.5007651853152014,-0.06973222016311156,0.18878392007376124,0.9761659098521261,0.7937567359322283,0.3954619987055108,0.6814487481512124,-0.08351693070455109,3
0.6947173883705119,0.4172854829949579,0.6746282591923429,0.45580079468772283,0.6341998134630182,0.07412212038213624,0.6419945364195224,0.33403719971065954,0.06027570461355376,0.16685179200284364,2
0.8524078583360987,0.9562304242202206,0.7743729998874185,0.185054701683184,0.8062442926486921,0.990472065507586,0.2775460008136972,0.38175113894728707,0.625214364762674,0.5884664422482242,2
0.055079427077893595,0.47573491737978346,0.07439847739129035,-0.015313286033046061,0.5599099950159054,0.038372742881240526,0.06896126321367124,0.38827856501896046,0.8870548959848268,0.20618862616196348,2
0.914802967811268,1.003684564917837,0.16343305050073367,-0.2225110969921223,0.05129808930934515,0.22680095508968756,0.2663466040436385,0.9242008264269469,0.3906576958642267,0.41302680780820644,0
0.7141075441707467,0.6144798121435731,0.7680433981582715,0.27283044374391263,0.1942923594798088,0.1998452310333913,0.46788220611332937,0.9879120561010526,0.6973323556995992,0.8813551690057349,1
0.4733832540411743,0.14112239584744413,0.347209439947565,0.10045928720347491,0.39210962260355103,0.902708356001699,0.8848135218185186,0.18363524710479212,0.41229645614860827,0.07269078666671414,3
0.30722868433657563,0.2772640690581996,0.3790215251308497,0.1063222749558941,0.6771609206878385,0.9060565199058237,0.5959701106779236,0.12273155529602855,0.7213606868183439,0.28394175139708755,3
0.9062183741085511,0.8982885509911698,0.6163771120822895,0.21233424772280923,0.6056221182058373,0.6107364516819953,0.6902914616228557,0.8794239461738935,0.5012162070655355,1.0699904802056315,3
0.20047529949748533,0.46038450430843403,-0.16660192890373823,0.2552451615167221,0.30183929324245434,0.053767635332790394,0.3327677789471406,0.4623433634155733,0.7484145075090964,0.25347802099463124,2
0.23711944742154348,0.36097772055239663,0.5667588590875202,0.3618107609967602,0.7514736068790311,0.8262061216863098,0.8294354474212295,-0.0027122620243972967,0.5475482612935157,0.5876510853221647,3
0.3099658709431461,0.2523560584637393,0.023909570561356522,-0.183152368309478,0.689570534236392,0.29987369078952986,0.18330548813143924,0.35494720581480593,0.9161038320296114,0.3973302394571021,2
0.6478617177994191,0.9936493590901577,0.30657987330853753,0.38791771751032755,1.0456456265026781,0.38032208907539866,0.9813190432248197,0.09602203906758515,0.9421082184848726,0.786459620176008,1
0.6931919887368962,0.9162352490710644,0.2090991665356617,-0.007561935114769963,0.1839377627061663,0.2869279165268883,0.5613489914791393,0.6306223665607904,0.13664833671751264,0.4453369553930854,0
0.9791106780215233,0.675094050476891,0.09589155009350839,0.9995844655287611,0.6828546755600532,0.6311546958576154,0.5985334994593636,0.8676860435814528,0.06174127311311187,0.09718246185115093,2
0.3027730907235649,0.7812145986717732,0.47482970397997676,0.790752795893252,-0.04479599249735319,0.25424090363799906,0.5827890083092312,0.17628766757526082,0.19751528649357497,0.15446504777185874,1
0.6496544885305662,0.4254107461034927,0.03647506388714608,0.46170483300297166,0.3437674042109736,0.8673638757061408,1.0269443997264533,0.704835987441829,0.6449139940771696,0.1743220390818197,3
0.12173344686569322,0.9433626988973112,0.8305639140156804,0.969948811447581,1.246255788455541,0.525128980934624,1.2328808877056523,0.4491022442578499,1.0658606464847018,0.7596440783169645,1
0.6026653036514776,0.9929789098836558,0.3294469028724671,0.5900852330004972,1.003511853894675,0.5160900994345451,0.9460628230036048,0.09185962952101,0.9110538163251506,0.8287902751393488,1
0.16914161391295562,0.5442509956783046,1.0356963202014315,0.302522925464924,0.20263137845037169,-0.03788014707378844,1.0244553810534969,0.23937186223833767,1.0445541631258421,0.23054098568664042,3
0.5289191182460384,0.7228102133099671,0.8193818367540621,0.9418512772305478,0.8202153640282345,0.4395589259161022,0.17083071343000367,0.9017571432783323,1.0518086189971299,0.7597382209564763,3
0.12878730693264892,0.5652091630977465,0.5861558337119628,0.9639947359542843,0.9067866360759768,0.09429979144024413,0.7936369800833303,0.9232777089123281,0.6026840338279501,0.9863603352706382,1
0.422347180483959,0.5888356589843027,0.3752706113632039,0.11141939093178832,0.03519785794612757,0.6569453813399765,0.06131424004378315,0.6056279370810238,0.9166057987274201,0.1710910617426156,3
0.5303099911239431,0.3953118592263176,0.36193836580122274,0.17741701354555092,0.7308553550093465,0.7317641021167526,0.6896952914684088,-0.10520317662221237,0.42870588025914763,0.44764842595359744,3
0.8362208268866325,0.9334542631718413,0.6622571764838328,0.35862437296419364,1.0099854157642536,0.9548938776224383,0.16474437696149197,0.34499724442975777,0.7508887700264044,0.5690877181570692,2
0.3761172581855848,0.5040773295290788,0.4097473273351623,0.28514324610690334,0.5727419969697235,0.6590865210864716,0.9403592547662276,0.2460526283726672,0.43641686676064967,0.5888866484397762,2
0.7560914995937456,0.47187107213220353,0.6393048704354125,0.7771206749186393,0.5997236597816061,0.9296090758341459,0.6709141699881797,0.33584630011107297,0.2443595177405839,0.4728192361002115,2
0.3047698873202118,0.41352810716187854,0.4869783972708325,0.23124236432151243,0.5602117506899074,0.7024567797821302,0.7954494078599074,0.21243001404482328,0.4305940464253826,0.5138241019476043,2
0.7733882071045062,0.4014710009060521,0.030921509179696348,1.1066693406088377,-0.08820895620131558,0.22025766626255538,0.08972321406135077,0.8538603051008631,0.6953876103593898,0.07918130586453179,3
0.4760243883942918,0.4970888177800983,0.8094826228596925,0.062326315575297386,0.7096675265652784,0.8941197511206939,0.8824359434081752,0.16374522423622215,0.3061469066166499,0.620848199755198,3
0.3687805769811981,0.07432158080149331,0.5596543115978568,0.14687127517804327,0.1388827933084663,0.6953880522592072,0.3319851160459277,0.27987638984831587,0.9286774329100937,0.23080392094997323,3
0.5452843451021356,0.776528670526902,0.8248550899709235,0.06912788722521367,0.5121384031714519,0.8511411204831945,0.22883933626763647,1.0338591996522237,0.560209884858436,0.6983730999214532,1
0.004037955247142309,1.2113186337991737,-0.021505234608991328,0.47899756430187,0.6862581117909158,0.7798142717111707,0.45269287991406393,0.32949070578520845,0.18741160720771521,0.714569524790754,0
0.062125840558706576,0.9618983693178478,0.6833273542295072,0.2889913368253146,0.9436815236173334,0.37638492752805625,0.5985483084611253,0.567845263920878,0.6719756239531542,0.7005136170041559,1
0.25080585189412213,0.24573038402494096,0.03974144367007362,0.5322986100003405,-0.026204629805491764,1.1883405229021875,-0.24299409166283698,0.4740477876162115,0.09738038010488895,-0.10457289675625425,0
0.09462810523351567,0.5670351223406106,1.0380522019470246,0.6171271206077255,0.7829686670204736,0.7042992167223732,0.3567008710000398,0.39184349647938366,0.44997747466898813,0.4689886017115879,1
0.7778770701045732,0.9379785532975065,0.5689018602687048,0.5071677461297425,0.21297029871108092,0.09588153751027462,0.3757449506308226,-0.03531320261112528,0.3197372468178464,0.7439899210845522,1
0.9841123862556757,0.48983125068036915,-0.015895571667795073,1.0780240010207804,0.13025308798146873,0.033967781811145695,0.09663171334767855,0.8396109684336793,0.7811607485011796,0.12154801974936814,3
0.18148964388663513,0.42373779522893645,1.0004470277186113,0.22570346928844523,0.1767400101027892,0.045999929328858456,0.9630679013962528,0.290220189379678,0.9276657483195979,0.2499239822641494,3
0.8893018569511937,0.9042546551926238,0.45533866100019554,0.472235878366512,0.10850118084392016,0.2964238447623103,0.32642363194971885,0.0952930159744657,0.43379699762832596,0.9408122304971062,1
-0.4348959470454874,0.7587046546683212,0.03488093264240033,-0.49776119242880956,0.6494395920645308,0.9571308652592463,0.3006253358628186,0.3010403885288338,1.33885414630632,0.588028004073992,3
0.04443604954844686,0.02009549387753924,0.7979783048762613,0.2894108465183932,0.15138267281886336,0.556668255346675,0.7073289907412446,0.6872442020160772,0.04356613361338079,0.280530297973609,3
0.7708339680355955,0.7143510426817797,0.4313919466729259,0.5277288769611914,0.40065019682653336,0.2307239739318165,0.23986868768139663,0.04056194011292949,0.5042298763721668,0.8294310006379225,1
1.0851901214210562,0.5518895396612336,0.5525033612514303,1.0918664407670866,0.7131035391052818,0.393938916297682,0.42600979652214643,0.5655637288257316,0.4052706667761441,0.32235133055419385,2
0.05784045606157379,0.7724330821682298,0.8460341615337252,0.2204067638350143,0.988778247834325,0.5280455552773868,0.6848550440449761,0.46407452601529237,0.7163510474670833,0.5037596141489326,2
0.6466336058703552,0.6276904254723442,-0.2515573331529382,0.9961372255783026,-0.1886104236258226,0.8965397871778127,-0.27577713626937594,0.776498838422852,-0.06741421251523366,0.3220135090752069,0
0.1430824315733702,0.2479463763597336,0.5326133551028674,0.3997830635856588,1.2031582946354105,0.1923923099118547,0.7716988731295268,0.7054346050561681,0.4672292974797196,0.725229239331968,1
0.37590287346413886,0.63419915433926,0.08531095151121602,0.9638243784611921,0.3078323531436511,0.6886928222490443,0.036466132724925916,0.27494224516759197,0.26834198304039647,0.17043834139336236,0
0.4964812704120651,0.18305629994522757,0.26475024473423614,0.12512163018169153,0.3806861285487565,0.8403599563971573,0.934053550903697,0.27132118965092067,0.46958950224529966,0.038373886278875766,3
0.6164629634190627,0.9380807404660082,0.32684373647006293,0.5467089577022748,0.9922407244300683,0.5007926780568995,0.9814740449785948,0.14386410589628368,0.8650840605315568,0.8364769151222198,1
0.7406886329638663,0.2989755859075862,0.388816263383721,0.21752355193706002,0.6732791421037951,0.6088727729238218,0.4859928391306794,0.7789537117069392,-0.03962010577249803,0.7569130139308082,1
0.359454169350902,0.5608372540032841,0.21568425733789764,0.8331764561392102,0.06600785416640115,0.6479341293009956,-0.21842418535117797,0.8155572786703275,0.2870829209143663,0.38905339628070046,3
0.7320821516423134,0.7723921019236585,0.4358255279873454,0.6407511515302857,0.26456518933650786,0.21200768092648997,0.1699853203514458,0.056304711611051536,0.5670020902615689,1.020921794738482,1
1.0221684989111646,0.7635689703370904,0.6004087745066472,0.27432780285625413,0.41028659529658,0.433858326827527,0.4189429572145849,0.9131566623178082,0.6010674697449455,0.8385185572837686,3
0.30864655680470676,1.038149534874717,0.8103221006942469,0.6534649790535549,0.7988478389148699,0.2710524396606019,0.7584482906010748,0.8812991177009083,0.6066813634182576,0.10321058390761123,2
0.7915834581989875,0.6547442092001857,0.13939769106397962,0.14463589850311145,0.1020997620365388,0.5823979038180932,0.42084922848010875,0.7112751747662723,0.32603040695420077,0.3507849758191421,0
0.17881338281250608,0.166830842051433,0.40579352331525304,0.6868962026406042,0.08936535409016555,0.4231385393543065,0.5827194827462148,0.8538250789733041,0.43037851633474017,0.41557265076881167,0
0.4629868569254939,0.508352237134829,0.17104332628105037,0.5507730038000166,0.48148194906076724,0.6564710951895865,0.961119004419038,0.844431718654385,0.4175388535339512,0.19070332365179168,3
0.6638848690482627,0.23899472660318122,0.9920409995814287,-0.054603119619303614,0.4039302734313439,-0.39466156387698714,0.8423009535743178,1.272137532570788,1.276963975004716,1.1563395047952925,1
1.165596805696251,1.1348380677763759,0.4337377087063762,1.224038617005417,0.30968800940606156,1.0971525090558718,-0.03699774819205229,-0.06297631258063813,-0.1714952217182163,-0.009760223198210183,0
0.5930765013669242,0.4444379760621795,0.21890907541087898,0.3112675419058557,0.4390692656274605,0.8892417633814785,1.1671026260151962,0.23632421265729459,0.3236743845612102,0.1859775705816844,3
0.4599868831987146,0.5428377478548134,0.46403831490235514,0.15434929502539432,0.09025802275728287,0.576347850866447,0.016814929347078213,0.6891920712115797,0.8998210121593158,0.1561166327120312,3
0.37948421115100667,0.863125834003854,0.4688591186147007,0.8186990128746326,0.011473237468990306,0.2540978791838046,0.5869403851517383,0.25976821837366554,0.16216642657055585,0.2187511705746981,1
0.12692116236167258,0.4102730020448282,-0.029608890136635514,0.01930413149555482,0.4768760600554787,0.1035928400003308,0.1711502975563441,0.39504926234518856,0.8772451701953727,0.29846412072168116,2
0.46523202508074113,0.9292615552069602,0.5424272918965761,0.7827319496242157,-0.01719235319525675,0.35973575263190266,0.5592004588798406,0.18234371285253115,0.13086429038019062,0.20253072300531028,1
0.41772408697088315,0.6279417086957184,0.9376493094580389,0.45935204583896344,0.24970264083190216,0.4958829882885283,1.1658817570435196,-0.3765757625583399,0.0056361989017292835,0.39448837380264307,1
0.9024015142764832,0.4986816112315729,0.39049412673235967,-0.051428067762515794,-0.14630292435258851,0.4519849084745968,0.2800126880407263,0.5374665925204325,0.21128021248691578,0.14992844922009552,0
0.05414875204518482,0.7719192680828644,0.8417517124099152,0.21673975587678931,0.9825318331656557,0.5299722911932546,0.6893833376133215,0.45931130675663157,0.7209932463854767,0.5091414885715835,2
0.640421075521451,0.042889728306064315,0.7698453441771547,0.13093706777655395,0.20121410306966647,0.6189865498516987,0.4506673551698921,0.556969513826395,-0.16789922373401597,0.44407847267473155,3
0.4734537320911039,0.18870168911151447,0.509571155531253,0.28370520816839523,0.4291148330319435,0.42232592918975653,0.312854644249942,0.8082247557343316,0.2540459243969733,0.5858090239290942,2
1.3908125864978396,0.11764083717992624,0.963328475948706,0.36531432466081026,0.38508967247631104,0.2958422059851552,0.8913291733285156,1.1858036227736168,0.6195874904218381,1.1572970452780051,3
0.3360843777784791,0.8429301117621902,0.4181238732888623,0.8057022378679944,0.012428165110565072,0.2987292277284513,0.6030365958709882,0.2522604586480973,0.192058373633928,0.26379766333620225,1
0.10839031232265244,1.0079964096524472,0.6856542320648841,0.28469662727050343,0.9439652585406172,0.3338059891143567,0.6218206275751712,0.5780962771281616,0.6818086151345806,0.7435503911714411,1
0.728531025947129,0.6320216487819776,0.841976815147516,0.08344686564877486,0.1252485566964216,0.07879094631951404,0.3405170339043232,0.9115251727297502,0.9018146499248152,0.8488835517328289,1
0.23607287515322703,0.9282856432201232,0.5844400840052184,0.45154400889954627,0.7214056577969755,0.6518226632556634,0.6006269560587535,0.5893665847079251,0.2753807855635475,0.44479495085772874,3
-0.056824194438967524,-0.17176001783233974,0.26415772798320175,0.5496185636285282,0.19733969857757672,0.579238005928592,0.9189339773115048,0.8735654452471503,0.07431365656586841,0.7731701287243745,3
0.11443180768810458,0.09132547326037459,0.3772846290151747,0.6985957091850713,0.10879623559934876,0.37081836077887037,0.5105432125057078,0.869061896793441,0.41731552949492123,0.4696744598912821,0
-0.015341011134416084,0.9406647280668059,0.8692568201384674,0.7963555786799577,0.08478531698527413,0.22198001571884426,0.8799815496455664,0.49336529063289847,0.6272064133100137,0.15068578571615865,0
0.6961061831549485,0.9461396792909049,0.358903428193058,0.49713796114868214,1.0090742284939649,0.40318394353264286,1.0371589341761882,0.2594959896484027,1.0021534334190392,0.9937119655546477,1
-0.2889103568105499,1.4251188861321848,0.6909553770505958,0.7913941252479804,0.3178270153772652,0.3170108613588271,1.2394650425302407,0.5335423684911693,0.7630258274661842,0.5122317912661704,0
0.6277741341413713,0.35542479366349866,0.6716662108985397,0.4042202025550897,0.7811378975036317,0.08867760181720906,0.7886438881585762,0.296435006736861,0.18013540950966486,0.18001364210438153,2
0.09485752534312464,-0.1970753184516355,-0.4020598422397601,-0.15917870590739996,0.6953201488909254,0.29581270467898024,1.3727426463007641,-0.08405117682896804,0.6461654797750428,0.8225364338743351,3
0.41973131833678123,0.6164151782901872,0.3577781582330166,0.2117722053275941,-0.028876105117147666,0.7029249924955134,-0.013507532628032393,0.666645675127243,0.8727990966745297,0.18448338162888364,3
0.3405066352895682,0.3915847977828749,0.4208975527699411,0.34969566266096896,0.20551118032930163,0.9812354768904357,0.9147788957402684,0.014056549478649566,0.5155931648943093,0.025446969775667086,3
0.5296737547898822,-0.09184060514081327,0.7896924021897019,-0.024702598875278647,0.32292761180103613,0.5463427256388513,0.2424232319617388,0.3353968162544012,1.0010489774579898,0.06292796312171,3
0.4918955986244081,1.0526776936485913,0.2153117236696515,0.5656814935012123,1.0336401577145828,0.5820952570545326,1.004454521350208,0.16456066845657474,0.9166975588927306,0.8442707770680175,1
0.463624138391148,0.49502144599139936,0.23668411372255493,0.5444867637409877,0.47959951704944864,0.6235168223503187,0.9145691813035547,0.8337991152614339,0.44310801014756307,0.213540766375265,3
0.4160148804606462,0.08161617912732479,0.5237067928320884,0.4313230744672944,0.44109248022846026,0.5148223253830922,0.27286312657524137,0.693482821636933,0.19118567613897325,0.642763987213102,2
0.7127080282086612,0.867401133212228,-0.0638047681804535,0.8212774409704301,0.07448867832323175,0.1308700154015915,0.35890988231044313,1.2145664182405305,0.00653345350404938,1.0583403762419807,2
0.14079856129124274,0.06594799049137479,0.5612190839606058,0.8717790148706869,0.8919221542381521,0.4227154650571896,0.5535579799442985,0.0614939819904755,0.2914596740238271,0.2879932454657881,3
0.23638533211329116,0.8482772070296338,0.7721733197976647,0.5557658074801767,0.8435036082337919,0.6723839959336665,0.5100885420196158,0.5091238328076263,0.08347931514878873,0.2973477667011948,3
0.3714652758214411,0.007917623463122123,0.465300611836013,0.20735889102756327,0.09650356455400452,0.6796984157997217,0.2058115954485801,0.3687446601231069,0.8133742630625422,0.34271775697111295,3
0.3367654658523704,0.9749468342731891,0.638444100142052,0.9873200597333834,-0.15368021932551187,0.4976907338909343,0.4916676427044145,0.3715625297887063,-0.06342868362244822,0.1641917751377328,1
0.13675990568755536,0.091307880396058,0.3775063224278181,0.7259427676904878,0.08824128826043519,0.3902787956424713,0.5386688628721354,0.8502041798292884,0.420769590921631,0.45352749647253787,0
0.2680551577179615,0.9490325515720085,0.6683033895331245,0.4521764246542918,0.7826017846448233,0.6496453835082664,0.6250265657016368,0.5038671681980764,0.16911561417386542,0.34093599580948936,3
0.5483109734356597,0.12814402912029937,0.30334162195653325,0.42136770440441546,0.38826194330719693,0.6048152782125257,0.2856463213521223,1.0849375243604469,0.2104539557417619,0.7041205527990544,2
1.4742549146862323,-0.11945716030255715,-0.1998717941606557,0.7353183450106127,0.20680795007059943,0.6468867021554128,0.2744019850231276,0.7785752420165446,-0.16817007409092988,0.9892472186162837,3
0.3836876587840908,0.8346802055393541,0.4762276808735307,0.7724066158380087,0.034117029953759086,0.23371311705642084,0.5532275142736627,0.25018401396325246,0.14393195722122307,0.2296128517998219,1
0.2764626589494256,0.9626657628426023,0.6799513290342458,0.5092978699540656,0.7941502357379697,0.5952029353448831,0.6412631468098768,0.5033547609096702,0.2116122014296595,0.34492731791705883,3
-0.06691319931100279,1.1454501256508778,0.3262035667929471,1.313187273755603,1.787789856666623,-0.6037489019159464,1.4585025384811774,1.4305740543437786,1.2343493997248318,0.08366480136105081,1
0.269494994970523,0.24036721669909156,0.2752379444309211,0.10216563836014206,0.8314757784666986,0.9922646792038283,0.6902742177423192,0.0858169781421314,0.6183879790312422,0.36023184288644716,3
0.05391177368503085,0.7748190519377601,0.8484487902934464,0.2229305816863057,0.9890094138427142,0.5309512246159385,0.681804294781229,0.45791082157441726,0.7203846568182847,0.5093749977090181,2
0.8386063859842607,0.18110189033777777,0.46301557515396896,0.11751966369073844,1.0823326477897979,0.5004994256947726,0.6477678558880873,0.7510241874865414,0.14133611048298253,0.7907619773560421,3
0.4466371653717506,0.5462737145789828,0.18580939653314063,0.5797657533011507,0.5015087424424042,0.676432957243173,0.9631540408365282,0.8609771865088803,0.44864091616860324,0.2145664964524566,3
0.3074717414063257,0.9420612845479741,0.7360415938229723,0.4541509340411894,0.76920364213682,0.6162463176808759,0.6724867579254586,0.5858309954143867,0.217116505439386,0.36060924800363664,3
0.6976998354827415,1.1500244821367611,0.04572550403506209,0.6745979525249098,0.008022438060058423,0.018173277721492687,0.8244999973789824,1.4336384721552191,0.7344120507041704,0.05994816093115245,2
0.9011551156985128,0.7382924004831944,0.5183637075724887,0.45910426135341786,0.2769189775553792,0.2670666012822025,0.22919552358844197,0.13512310419032642,0.3650970072832298,0.8606208855300721,1
0.536565497167374,0.7044613563204698,0.33932734967712613,0.45634850130981963,0.19656510666461757,1.2019303926985792,0.26234019103617606,0.34268973392346824,0.03388717631002153,0.33004590219707086,0
0.08592493034068946,0.9455832337968262,0.6675992126931769,0.29076333620437317,0.9266810781962166,0.3986232634379632,0.615024094728591,0.6016214411150679,0.7022453031889484,0.756184302050035,1
0.5312603197225104,0.5513051116731997,1.0043453542508194,1.132418757448182,0.8696738699709057,0.14793759055875544,0.29503107738634,1.1416069785143403,1.0652136418637603,0.9669606359128173,3
0.5058198627282988,0.6107755076344714,0.524618787444382,1.0109260932142816,-0.022949123029269103,0.04479889638250231,0.48382904812298627,0.24081412013986428,-0.005545596567445604,0.20475652295043195,1
0.31712806996684584,0.42395779097540237,0.4561822858309286,0.266598598325303,0.5816226641623198,0.7011485389053865,0.814415783803219,0.23809581739504607,0.4148599816807379,0.4913667197595436,2
1.0657465438752773,0.6809581180648581,0.23219679519844388,0.9404270867190727,0.5592803860229245,0.6077517169856003,0.49569319885680113,0.8989098960261984,-0.006367188892268411,0.001308676812829701,2
0.41532925682739347,0.3713740003662601,0.8029132102665887,0.3778657806973882,0.7053825849665257,0.1754605519525667,0.9403193675579948,0.6521034222625198,0.6116824987433264,0.09782757013291726,3
0.23012392464236558,0.6628957803752689,0.6122721772907115,0.5513290523995293,0.6731236659213788,0.41963822091765246,1.0919081026959063,-0.07323435777737583,0.4626186668051172,0.7339655163672036,1
0.8975349026526823,0.7173205477665964,0.5116227280075859,0.4555167110476983,0.28255678258514094,0.2539379590826299,0.2462831221937943,0.10662672858763124,0.3716553844227167,0.8591062409677745,1
0.9354564498147576,0.7487254084002385,0.5243432535461974,0.49490090315146085,0.274632397090767,0.20809980032699626,0.273106172883524,0.18819610533681572,0.3338755858580009,0.8637012105700997,1
1.2255845736325996,0.8214348322394065,-0.07311367175225292,0.5348091761766118,0.0018647743083587583,0.5002782818903088,0.2824690583420629,0.7151807007732127,0.13827873924305323,0.001685341563409437,0
0.7178847997111868,-0.12368476645411164,0.15837423152414604,0.7642170934647896,1.3256789175883257,-0.5226461768134594,0.9592454486698729,1.1935996913272133,-0.12345348765566944,1.2256958750002327,1
0.5602590220250644,0.8145767367294384,0.7562041047296394,0.9653232357562961,0.8250545846262819,0.4055807375136416,0.1297906361096696,0.9394149702564022,0.9045442308145991,0.9061594317861347,3
0.5034698190249199,0.1797235649061589,0.24232311740746218,0.17601203759668366,0.3586744063873033,0.8449583978117337,1.0021656503263106,0.2046308978626714,0.42592679662718774,0.021913718862268526,3
0.5140697705959105,-0.3312566031198062,0.8611812650119858,0.5501630155209135,1.1516534134294287,-0.2701944771898987,0.9182526577411211,0.8843280876627957,0.4029465957845491,0.9993040849574931,1
0.871448398429552,0.6458305332293973,0.6333534464203893,0.14896254230299705,0.41340141528430263,0.4246850842910464,0.5074915632517205,0.9974220521577066,0.5875600377224495,0.8016164732467459,3
0.07847241408770125,0.15734964120369616,0.3091839879956531,0.7162744535070505,0.055936911802358845,0.3148633841482123,0.5862995357897077,0.8163721422246702,0.4543049766166394,0.46359585299176115,0
0.5470836899168396,0.28777864822088195,0.6479812335589428,0.43441066468067674,0.33100306712757965,0.456182971295779,0.30608796678131067,0.6398611006330654,0.13204601860993287,0.7084253322191585,2
0.9110428335330711,0.7348275251239151,0.5274688162003963,0.470095358040828,0.2735527547791062,0.2646668610960311,0.23164124007868606,0.12931626599122106,0.37967348533229994,0.8666918137911457,1
0.4879538017114073,0.12912666086363161,0.4245213914486766,0.41582367609840265,0.5304993208727685,0.5785371615042495,0.37305823421095735,0.6922214361544937,0.3181851195540066,0.6877562276862415,2
0.01878360235045866,0.9723621564317931,0.6823041892492128,0.2792671224781668,0.9792642462236975,0.35834427022119225,0.5716669533357919,0.5596342030730836,0.6970549009166653,0.7510895610823854,1
0.629159568864307,-0.06411859157472188,0.6690019226085476,0.31248360047953483,1.0054466463624374,-0.14642955033343497,1.0516143300522722,0.4228016409032572,-0.4080505482596009,0.4983043667462702,2
0.9459226172939449,0.4212127383467788,0.44147085781534245,0.4868830122482636,-0.004428299895387969,0.340405134875332,0.03908503259057641,0.4066458501387658,0.4514897611409323,0.3862417560872462,3
0.9374604691785864,0.5992524027417595,0.5785934349766542,0.14186820402262423,0.3628277489072215,0.6500379945225216,0.5374521491581179,1.0688852798023374,0.7978052285721566,0.9615079935276163,3
0.3797951019392657,-0.08333646535072031,0.5205982364140337,0.1537156975567163,0.19130152373335757,0.5884133385222614,0.1607225677436729,0.952949669672089,0.0566512157502172,0.3399092424428034,2
0.331177722480034,0.6105406287193065,0.35047066952820405,1.0465408173366715,-0.12341477561214648,0.3012712892098464,0.1233009315124369,-0.027341631108612874,0.18530931799901182,0.2502483244075889,3
0.8406939462753601,0.6357992806705948,0.19124823655571777,0.14060274140497206,0.025298678797111576,0.5348835253796197,0.33865328904336917,0.7022348565304735,0.40169043618105077,0.3497056994699012,0
0.9148620812378073,0.47529400758330137,0.022766793216035447,0.9953031341262385,0.01574192858114993,0.10758954238610495,-0.011093741883642875,0.8812543971887468,0.8131252976433375,0.03265888379942078,3
0.9312625599575699,0.5105912300529497,0.10485068953279675,0.9605582987596484,0.1034572164759713,0.09962074620601541,-0.0006924890547780685,0.936139631008037,0.7186326720815506,0.07117189894816117,3
0.9301220332514041,0.07736780512277995,0.3464141251169318,0.6746000011836792,-0.10173938373086933,0.5073775101682986,0.2992686382358973,0.37480527266320174,0.4280556508493233,0.7137325223645634,3
-0.0032897665059487824,1.2992366545212244,0.8895644724462837,0.4444229690886279,0.9480030406031107,1.765676443861997,-0.02701597208727957,0.6630415756435969,0.8112768686155906,0.7125350913437754,3
0.3012230144125456,0.7265767484600878,0.5902005780883044,0.6884030025440773,-0.09511796974158762,0.3791478310325217,0.48627275838484046,0.23749882468899222,0.12412797682983365,0.2341686604635763,1
0.4644645145930898,1.1406559815913175,0.737636630372128,0.6301680891616652,0.9221758373270069,0.4624525462140361,0.7266017630840513,0.5755691019348076,0.15678204054317058,0.23813587227843688,3
0.3657041299459317,0.8557009569157464,0.4459995979496276,0.7534798149697471,-0.049395140120759226,0.22765492649126762,0.5705526935783276,0.2411123615261399,0.16301318742127877,0.21153648683903561,1
0.5832921017915783,0.751406999084875,0.6867574519042604,0.8679919176313027,0.9258950244556314,0.475118012516293,0.25620022154798294,0.9995424565560654,0.9567962128843146,0.8187303712342278,3
0.3782594060481173,0.4749481654180008,0.3732060668842773,0.5915063380133126,0.5191799270993428,0.9207944006293327,0.06580616507652501,0.46052694346364437,0.39540274933692054,0.15247918787218365,0
0.07776846828157313,0.9789216960255107,0.6664444155279668,0.3441917303268112,0.9009926673870832,0.43653557702622486,0.5870636804640488,0.6179293035004519,0.6430929176151261,0.755676066929873,1
0.04349252561401346,0.8535449093425016,0.7834910980573797,0.3916175368610141,0.9517803058245247,0.39073593083930064,0.4810935778222345,0.6292032653770364,0.6258339167569564,0.7785340632656569,1
0.9266840994962391,0.8225512756455271,0.6384067814646012,0.39766315644524375,0.2029081052247335,0.3069753737402979,0.29849691690866553,0.17212810226159708,0.3240390085269164,0.852434299701452,1
0.32344709778419944,1.0016002264523463,0.680697523504946,0.466416509295715,0.7550826430659466,0.6070884034939945,0.6454654431671037,0.4643971722689756,0.2297365822265647,0.343172745193511,3
0.7626220102838238,0.5805120714689547,0.5823253728294788,0.5530279531818959,0.1006318500812871,0.32806731580106396,0.15946344201270862,0.5643048469963878,0.3729293338514759,0.4206913255811399,3
0.5448336818810459,0.1703055866879005,0.47004804201961553,0.3162700882329838,0.4035019954790725,0.5080120118587402,0.34280142351627235,0.8306707805063728,0.2830577250827103,0.6113983771036312,2
0.21572608151936734,-0.014504163976915424,0.4363736030259321,0.9389599373902128,0.7970883036374914,0.33078950791763917,0.641429054769769,-0.048792361596706316,0.34535779605907874,0.1665326666971621,3
0.43090866563934954,0.49796641686240084,0.19642866974141485,0.5553573198325424,0.5396400725389316,0.6291806596994228,0.9895629260870537,0.9186067225276244,0.4681389583083151,0.2485403417165112,3
0.4043518839173618,0.5631441109186328,1.08227232955824,-0.03727321125903442,0.06926421641876013,0.1595850302832797,0.3006132314678284,1.0558698927880712,0.8429357249857625,1.0548616118467375,1
1.024194386512572,0.6624753941289934,0.7875283114966966,0.012274299593505664,-0.1413878620379206,-0.28557747617293505,0.506831112729349,1.08467565523854,1.0049835466268389,0.5162601459521474,1
0.7437286500762729,0.6387270546772669,0.8423959801292196,0.06811002487672128,0.15152465148758035,0.0721529368509288,0.3269993850825561,0.9136461515134404,0.9052981440743036,0.8508617102414109,1
0.8230314081890193,0.6090470700484335,0.2904260842568256,0.7717712124604693,-0.2828661528821739,0.7080060328134483,-0.10556816763915439,0.26745640407200966,0.3724219681590098,0.6183131265631557,3
0.2525588866040502,0.08349371674632351,0.6781708974683965,0.4079911271808531,0.9850580837334342,0.006665849345275254,0.905417450757462,0.4913466455329352,0.4158677313636475,0.9660773721579723,1
0.8520159107426455,0.6164630661122683,0.13802880274464852,0.9666985335711561,0.7068298462086098,0.6847478840910045,0.5530213770719083,0.9591273206882208,0.1710072330575476,-0.05164624136795279,2
0.9755806505442717,0.9853776949641196,-0.2351533365665841,-0.18596832238829025,1.0859581943743435,0.07453234921212637,0.026686463896064216,0.3242413669977632,0.7424320888725837,0.6016791630624801,3
0.1922109280966543,0.15808726751309707,0.34074648734437935,0.698929950176174,0.04433131924581527,0.4209395208640869,0.5631402182105196,0.8704601039396088,0.438014989616561,0.41411723981472653,0
0.1890584168859992,0.4070561338205071,0.12219608578250772,-0.01379569294438883,0.5331149290788864,-0.06716660383699113,0.08113341887566944,0.5246890555861066,0.8457196987224276,0.34764965585109486,2
0.6718735622383205,0.40005717557259723,0.61181174742802,0.702960259439385,0.58225839336212,0.9365002715136417,0.6109041695618398,0.31261263762570246,0.17951600876136964,0.49408717322859125,2
0.4482856308395139,0.24078816927148503,0.29807406607358444,0.18844109446703092,0.3755484914407729,0.8101277405064726,0.9437273101563639,0.28958985485625344,0.38862458700326347,0.0007555940468395306,3
0.7349454147120977,0.4134733756819192,0.5984625264102741,0.7442937828840149,0.549632046631064,0.8923190959494681,0.6345121495854321,0.29944650339507467,0.1875223819293846,0.4330796488354588,2
0.9078946503351213,0.7440474674368971,0.5368586586968991,0.49226888112281075,0.26169064237855216,0.27239851015277466,0.24907050764216782,0.12155020176998277,0.3858695433770573,0.8738584590005921,1
-0.14695358918301174,1.0811034444407581,1.7423738354601754,1.3725437412919614,-0.6037345940059525,0.8267942543075429,0.9134796334915407,0.9142285686371361,-0.03669991811317108,0.924369259677442,0
0.9435903189759436,0.48151344135720536,0.024042665020709137,0.9940462755771927,0.04536840331270817,0.13789273443985564,0.023427517090687647,0.8805199926916271,0.792381628272894,0.04471191692608032,3
0.43051406388911734,0.569313580605477,0.4019494157278314,0.1411896358122984,0.048122140448755304,0.6408438480151474,0.025840134824703768,0.6347911655128609,0.9377654815900998,0.15861639288583657,3
0.321239208654611,0.42549960608159415,0.48899289763594833,0.2416174314442769,0.5576845732528345,0.6796246751758026,0.8477052771443335,0.24467385717243448,0.4081121499149126,0.5259252461777837,2
0.9535148112497138,0.44167914900254684,0.06607650805790637,1.0094202883994534,0.08249875244932861,0.15027740143285184,0.004069358768647495,0.9000465697399788,0.8352804080628818,0.07319542344983106,3
1.0503279820959475,0.5624727132313991,0.006900792727593783,1.1091420471970803,0.09033783005824896,0.2557164849808363,-0.03948841339612692,0.7925279612050985,0.7518630824779095,-0.05274779183610473,3
0.4200445072569188,0.9030532468217882,0.900363974798889,0.4611991264609475,0.8977247240060049,0.2415127537176807,0.9033447587120534,0.7713500040280921,0.62330402126988,0.011785177708005301,2
0.22821113777235044,0.9380808590659496,0.7093551150644366,0.5028036072589175,0.8108485376836608,0.6209369996374368,0.585916793982315,0.4922861012229358,0.17486067292985794,0.3857024077916996,3
0.4247451373736346,0.41992035681708495,0.10636174323086031,0.5362532084657794,0.33321392595117943,0.09216821510807285,0.06739394660196125,0.7867720971605862,0.07746394697626094,0.6126690448332929,2
-0.0500519565401325,0.6169299335491463,0.9324898449682213,0.6976859575829613,0.5933105121100666,0.7786275427111493,0.33510123325335817,0.4661429090970402,0.4086908667587118,0.5972600323057603,1
0.4708521797869762,0.21265322202087072,0.27444978043622253,0.16039839908083528,0.3709115344592535,0.8492157295816354,0.9499952310644314,0.2488417111347703,0.4598345774631349,0.028247407303419386,3
0.6130868943931013,0.10193981692430998,0.6169994415152025,0.2564709935411277,0.25226764036110705,0.6082531727856958,0.21058075383097993,0.83067368537955,0.2040744638667438,0.5547930107340098,2
0.08064081432818779,0.4855206093293377,0.5856462251683487,0.31140845670109796,0.827317846726768,0.9856348735058439,0.8917766735756766,0.19606115660109466,0.30448126295803396,0.5826341014433172,3
1.0194920522620607,0.7027793650961155,0.6559780210092666,0.46206719910707045,0.17096252368441817,0.14249807801373265,0.2548780938477198,0.05140535703752473,0.5432279011344773,0.7120547886808348,1
0.9633868403438209,0.7670430293310515,0.5771835870432431,0.46705833686411646,0.33466686832598386,0.3116585823661224,0.16790791227084007,0.10811946004050503,0.3908635221876215,0.8706578530814286,1
0.18446895246624806,0.48365030655733215,1.023398686933673,0.25483186156982646,0.22143851410679177,-0.026306852490787763,0.9236645863772355,0.26890446291778597,0.9611200226640961,0.27739254154627535,3
0.4780771069598657,0.12498014943230693,0.28835980528721616,0.2508105618670318,0.3191462075543676,0.9668614553308839,0.9801660421051663,0.14796138398583927,0.37404606002893503,0.02909733893088777,3
0.4354360857683965,0.4630859708092783,0.29970033120861905,0.14971844569313422,-0.06685247517070309,0.6942601557974284,0.03763753285886685,0.4952784973661847,0.9772056861386581,0.02898417118910615,3
0.6247759699397161,0.5793386064813714,0.26457326116151797,0.8776532362237428,0.3213724396391097,0.9558344317316426,0.16598460679859575,0.20757565629772934,0.15880017639728686,0.2293984593847765,0
0.1880565331419149,0.07381052458238335,0.42240994058742687,0.7128969849330631,0.10707536650406443,0.3329772356828165,0.5188711101675288,0.8277767249339294,0.4543776183902009,0.46806959951311244,0
0.1517190608285733,0.7829094493035635,0.7822492227992529,0.6672392357656555,0.5768893797035625,0.4739834759047351,0.34484473664754867,0.5467383436618823,0.37414577186528264,0.6056159871775727,1
0.1653458148236464,0.9245337347818352,0.6731423078974742,0.16361258137507245,0.9182141181200385,0.360857173318392,0.4789747167074117,0.6099147447886949,0.7693815005600962,0.8338599748302066,1
0.6324016588825284,0.5623865260141826,0.5725278792904392,0.8835832893605741,0.4579363769091188,0.835571610720135,0.658607874851131,0.45651915660292786,0.27077352492194917,0.45830305391854786,2
0.05104992903828475,0.7705200076236374,0.8481473979974522,0.21905451265111744,0.9847925925200552,0.5314360944478856,0.6892822771563814,0.46224828046778543,0.7112940400895006,0.5048990815921823,2
-0.09119698777621665,0.9032138145002481,0.6307698657687453,0.42297071370586675,0.8943143390930215,0.3200374118839052,0.465918784397811,0.7093771074759652,0.7300701590626141,0.7757603077538351,1
1.0852782567541026,0.04629765298574906,-0.04070869055108872,0.7096649633196082,0.31870593528814006,-0.5538529557903069,0.42273634251560543,1.4349739703816944,0.7516933431636077,1.1207703341193458,1
0.14950491707276134,0.878019846644038,0.7025679658336629,0.3173177348397504,0.9105769099571093,0.3880760263781857,0.7290138521117617,0.6885037432208347,0.7511543741267853,0.804870742953153,1
0.4508398385415435,0.21068234634293284,0.2861160701468906,0.18757533304622623,0.35634989573750964,0.8900177916246272,0.9052387786642595,0.23148942406408107,0.46242560675085986,0.02337573585429798,3
0.9350057808750213,0.826215951328614,0.46824327397202137,0.40009512343979836,0.9748516535239348,1.0307203605984832,0.09812570343822148,0.5863208730482137,0.845299397571227,0.47841646678956906,2
0.5248068859934311,0.7945634507677086,0.7462966601890617,0.8841713021321175,0.8287195687840183,0.4292917220549572,0.18935064555964712,0.9241649662251183,0.9763414279615834,0.836118225972905,3
0.21615031028094528,0.5045377292489391,0.9848304420014287,0.7265285092400119,0.8084886686286319,0.49837056070802266,0.5077307289361888,0.33486118320794234,0.31916254779884196,0.49147496933162654,1
0.21423141371276283,0.9282468297120106,0.7626387173081244,0.43976707755594735,0.7863679445235571,0.5983244405295446,0.6647462121046703,0.489077870920226,0.2852774345664632,0.33492693630539566,3
0.009308319858099212,1.412982099871169,0.6530813112825742,0.1654843997587393,0.985872961756982,-0.07497821344178851,0.531029986153208,0.21242287748320485,-0.007790056213594465,1.0293614819072558,1
0.26798857874277915,0.9609933271159289,0.6749923469138426,0.4793883341798617,0.7803666659093236,0.6432742239737838,0.6159765237744219,0.5090571049007557,0.1841041610689112,0.3580240322436251,3
0.4728787263190971,0.7864804972475062,0.8922704377316728,0.9781789236982692,0.7955209786272828,0.43264839294457774,-0.026523128312465727,0.753664198123406,1.0717899045595616,0.9005777935261702,3
0.521018204774898,0.15324106406890126,0.5326400743775097,0.33623926682701855,0.3654000872076198,0.4588287020680485,0.4059682961467535,0.8366055719875841,0.3159227461434521,0.6302445756506696,2
0.31360424359245703,1.0776453247141444,0.8604901883350236,1.1428494711668102,0.6661924594943239,0.2581055979319453,0.06761663990752165,1.0971959061585623,0.9263797304339545,0.9272049399000009,3
0.05479118459940556,0.7717713740831378,0.8346618149252079,0.22785452476920923,0.981797128745506,0.5198003047588012,0.6829170338435788,0.4538956883535397,0.7266800776515815,0.504917044448074,2
0.4663052034039638,0.2643616271751988,0.2578266804510219,0.16473777012848867,0.30529596573077994,0.8398343505419024,0.8801773834910469,0.2442781887599155,0.42466717374452645,0.09986348177487785,3
0.32686913810507257,0.8964184308609373,0.6948953204889466,0.7836120889704112,0.4417418997631222,0.2861099489917083,0.8842198231274283,0.11638628408142691,0.40235353031596766,0.721210214995806,1
0.4884835729268737,0.20508602246203733,-0.2393424852358748,1.091261030908883,0.19277921852842433,0.2580787572252209,0.7230263788377176,0.11639568514158724,0.5011147474564108,0.13260899637136184,0
-0.18971741145729798,0.48878212892666134,1.2483583491254264,0.5655690216590441,0.9216680764780703,0.4984841235247497,0.40694821038952544,0.713861881623078,0.6118408039592131,0.5620561218277875,1
0.5565059329532357,0.3292316578962458,-0.04281382494156713,0.4981701828204627,0.21053016304466243,-0.07263891061649677,0.24902406577202849,0.8578879365564982,0.008004192314803635,0.6169670622460315,2
0.682862458717811,0.3252238101849363,0.5293210143076917,0.8457207826196804,0.6540501741677512,1.0095572000964281,0.5755611751054628,0.25542917440835405,0.2983035728524049,0.5355724039695716,2
0.48528020892279466,0.7561626631497557,0.6743313996849551,0.8314773194473909,0.728493279181718,0.3739337279670556,0.26900144831099937,0.957660110130352,0.9258850047420015,0.766147626517325,3
0.5959780179572248,0.6460988935740217,0.6594927981870986,0.5496316045501155,0.41215808669934106,1.1690354051757483,0.7699713734784502,0.3971448899503949,0.11266409118146707,0.23723024277317345,2
1.030103819880788,0.5487639915604722,-0.0923392755858684,0.8885589162941228,0.005298717689237585,0.17244082373079428,-0.032284670147365996,0.8079184507809648,0.7663926649355433,-0.05332716453551642,3
0.7263912456162198,0.11825976449893061,0.48543200336012293,0.2651204541959649,-0.30894698782231245,0.37014773166746784,0.26389363915112984,-0.03409518652148069,0.41635762301270496,0.4616322077983638,0
0.44750823305134363,0.9779605063613801,0.14017367254063595,0.0421648158928426,0.694963314600878,0.056100515575781135,0.17485884171895572,-0.2630664638665234,-0.3276978848462194,0.9723413681599153,1
1.0187004332174754,0.7187117696577885,0.09371855986955514,1.0587091317931183,0.5835418521255729,0.7794611925543511,0.5986159662127566,1.0624493433828643,0.07598369046750571,0.0656787100254047,2
0.5490199430413122,0.6508668602467622,0.23836215547726122,0.9070384873655937,0.0636451894682552,0.6871104872736934,-0.005128922572423741,0.2524895178827149,0.15829673424458135,0.46339224192237155,0
0.18417081750455624,0.27454187963731824,0.375505159847107,-0.028668140465081482,0.6468127764008778,0.9177729963271288,0.7861101665587034,0.10695045494425391,0.6507548982681718,0.2853953787077238,3
0.8840458959352359,0.18766815148790983,-0.04112031142950305,0.8053731477795082,0.964137222059014,0.19208941302332533,0.5468990371706749,0.7138079519709745,0.6328984036018975,0.6821986334952846,1
0.8159010419895972,0.547766604918683,0.5847505518016453,0.5517568550475638,0.08865359891698725,0.35715167047338336,0.1805492225579052,0.5106706225130332,0.3580381992908613,0.4142351635999534,3
0.0707926097171665,0.24660448189168896,1.1882721535889746,0.3278557565463243,0.1938964193658983,-0.3499592528203347,1.226786177856293,-0.19016892496012017,1.421214299871165,0.0943157419921356,3
0.4244361374812069,0.9580435401978351,0.5902203887903126,0.29249416740417084,0.5628934871263024,1.3910011271990474,1.198000165089423,-0.0047072020769891865,0.3940712853128136,-0.016392223895143,3
0.3425676626760133,1.1584274074525194,1.1596150340553328,0.3908655655246672,0.6429582254268492,1.0303808616545638,0.3586994034986906,0.4132289404366557,0.5858583299703153,0.8535455384924295,1
0.5491793802883699,0.2948179879042303,0.257636074076864,0.257309100865594,0.248502475585624,0.8356467128178019,0.901869221343003,0.25800752647453623,0.3861321172886359,-0.0304170506065799,3
0.9240922593388439,0.5194025782165799,0.2870077377968704,1.0396991123890658,0.5298432322128702,0.6700343540990359,0.6148664908978244,0.8479928402663741,0.019697939945690014,0.00820608699869245,2
0.33703491325130597,0.8957802304782765,0.555024515205631,0.5875617218790788,0.9969275787070262,0.5884446496215823,-0.10583815611381558,0.9736931171051737,0.9946752516277452,0.4944461116366976,3
0.8628503732175647,0.6537764370762289,0.06367374032838688,0.7222058509223196,0.7772914853654402,0.7341611924805356,0.3205029647485913,1.1206417329340082,-0.19552231218002628,-0.08921005196073636,2
0.1340707938790361,1.0826410609762016,0.6860777781141426,0.46659651432435867,0.9944056343878103,0.5182039324660258,0.7479208494922107,0.45232388322095823,0.5940756661163324,0.663240636231116,1
0.9402452604692376,0.7828390355231816,0.48709750404667673,0.5022184203690006,0.3037410652929925,0.2452436472134537,0.2686607637820619,0.09712848584598185,0.34605010915945766,0.8758435718441417,1
0.4053639458726286,0.9432270566324368,0.5516184168626461,0.7886809301342345,0.09117185548520279,0.24079871263580124,0.6449398677585144,0.3418684363725957,0.23500233416944694,0.18046238641552534,1
0.6651034242542734,0.9396067931453456,0.32015469693666015,0.49859586455222565,1.002616358314592,0.5706373275406027,0.8907928877736808,0.1445374333846087,0.9155791764602598,0.7673475296361871,1
0.9141330575529067,0.7350366688449332,0.5217987003189516,0.47650646271341685,0.2798278874674413,0.26394513794165064,0.22475589427463402,0.1353490921983188,0.37682300500427623,0.8635772758626978,1
0.011951604774535902,0.9202780248889526,0.8475797940348585,0.8008280520372494,0.2014969928838658,0.28230799132912,0.998081380508655,0.586939094075527,0.6220161920762355,0.09374867709172817,0
0.5172183581386387,0.6778112716058992,0.3156190714726427,0.65924902054142,-0.09268755935926443,0.38473622426743226,0.708054289326761,0.3411947171380735,0.06656151869585561,0.18380654493423063,1
0.2563390744492561,0.2073802585058475,0.11378658985485685,-0.04898167497055454,0.4630572513706593,-0.05691318888542177,0.09472808205612337,0.3470185162226552,0.9218174734537536,0.14316706353190156,2
0.03794987701887077,0.9823513559275183,0.6908501988558261,0.28672166521170434,0.9480871435570235,0.3852135303066866,0.6225951207133253,0.5818530030466196,0.6627942555458577,0.7145691594911537,1
0.6296548407110905,0.2634348592422861,0.7265078147777191,-0.061657832103170676,0.9457169151422635,0.7486840021099491,0.6183805869555615,0.8480413794594924,0.10779503226134546,0.5893854921398448,3
0.8309257153939673,0.07662896279608655,0.5906266412069384,0.04565473323211605,0.1636241267151745,0.12391110312075088,0.5899983664559306,0.4038900806317458,0.18247699463235106,0.3957389250003943,2
0.6776070009201657,0.2659616048075254,0.2858106857291526,-0.11170293012886856,0.4257146144803703,0.51543387998166,0.8491878823011313,1.0202014032069417,0.9809413834127397,1.3193150202879478,1
0.7418806081522573,0.6101045751596448,0.6767652409606955,0.6203295745039868,0.06158213670976996,0.2890391921432445,0.20641930028623015,0.5090865711681329,0.29768119738501697,0.3759873142356288,3
0.2568988505519568,0.9226432118707426,0.6951940545154132,0.47699118591187273,0.786705171804211,0.6285735911664172,0.5799396299693771,0.5029091299668897,0.19878610928644347,0.31799541536999415,3
0.22667003987332293,0.6418440795623537,0.2734336217711325,-0.20759223032093904,0.4959469331664269,1.0785298419166467,0.6857069491143158,-0.1133792737025629,0.9507007193071451,0.34237075040731996,3
0.08455107899087193,0.15555756698155898,0.6441828812818721,0.2067518802132779,0.20604659078132456,0.4549751366174057,0.7186490761727352,0.6224768370603957,0.15148549129776065,0.40671026757888934,3
0.07640472709789371,0.6693220737360293,0.9548735358878684,0.6274256356636332,0.6648764267960106,0.6273411383696026,0.42632433641928796,0.4530627566298293,0.2907161058977279,0.5363631604148502,1
1.0257699372110416,0.5252392409758686,0.05225110833972417,0.9493263734459435,0.08952791849895089,0.07908456791486976,-0.004509400913393559,0.8455051853709947,0.768259541370396,-0.005598156765767658,3
0.725166360166827,0.9133987641284592,0.31962649169855867,0.6701742088727882,0.8977673910527091,0.4814586568663907,1.0505989461916245,0.09438003599939204,1.0019779039219694,0.9435884618808552,1
0.9605499671466954,0.5154921012660589,0.027020017906207793,0.9569835915765039,0.029380644222211996,0.12099294835036123,0.0562602284562541,0.9040633079591546,0.7542392348452552,0.07822577431181682,3
0.3147734522998138,0.06702094617257319,0.2647638331561019,0.5229663494189847,0.32868273017654287,1.0495995951613082,0.2534335778370884,0.86499531738277,0.42955380168680607,0.42926409961353995,2
0.29078440143995804,0.5232379935799875,0.41429614206360255,0.2072523317892116,0.7014016244585075,1.0197582354974264,0.996458044568128,0.19321524138258694,0.41221490046102366,0.8398122861298609,3
0.9359594910408907,0.19490507963260645,0.5011621487140359,0.31001047657543374,0.5128690371339333,0.1482807314233184,0.2623706174697604,0.2554398504053844,-0.007872389450564725,0.3740646859364247,3
0.09757754885436776,0.2189858397302023,0.036944229795203426,0.29818911834089024,0.40276830096178373,0.9659596168847918,0.31114994871401863,0.3933076432984723,0.5658569692052036,0.5656714228359524,1
0.0907405793319366,0.6400882294191359,1.0731757883651598,0.6633599611902308,0.8129468334730279,0.5029446853046925,0.26923659021099267,0.4595538032143315,0.3192717857866019,0.5657399144054402,1
0.27048532104355105,0.9470493359438926,0.5656824687870567,0.9408122509010012,-0.1288677382411694,0.3296284652274859,0.4212200092395595,0.10691585793428396,-0.015546745936732137,0.05966680529309254,1
0.842051729757243,0.8954273501028345,0.646577535535351,0.27998001352253526,0.7940699563369895,1.1212898819056736,0.16265043821886171,0.33017688667064177,0.7148222803735127,0.5439331648966468,2
0.7078353858018586,0.09965237089560722,0.3419163185793609,0.4900026354893081,0.014365629830248902,0.34340448395118683,0.2494009933467547,0.4725744113930652,0.4991026495094516,0.8387906249959156,3
0.9850772210311106,0.7085250610508123,0.08823978758602069,0.8384199372445216,0.65438236454205,0.6835886029797832,0.36906818828927734,0.9530373021132048,-0.10240606252402384,-0.09042673290394598,2
0.5435447854916049,0.632242351395458,0.12233612639540697,0.7698248942977456,0.1441589619510113,0.8475103756117591,0.01324248162197765,0.4150472261305197,0.11540007161555996,0.23803773710998705,0
0.23547926011837278,0.4210290901424977,0.5806740112834878,0.23714607327799572,0.7140887662234922,0.913770165966885,0.8681567831406376,0.11702435691011734,0.4331641694082071,0.6560777215902248,3
-0.31455961333075266,0.8250569274223659,0.5714442875723997,0.5506428560785619,0.45828920076253327,0.4094792633114977,0.8259467805350282,0.3284963644826898,0.5573913429876799,0.3060028368801989,0
0.45202170073096165,0.5352317330420623,0.18387249392198354,0.5699984089111166,0.5047729706625887,0.6613914472066311,0.9553824586375093,0.8766152304256639,0.4364570230764913,0.21474315440216962,3
0.42651055728774284,0.8367921098959676,1.0941452097275417,0.9771237277391254,0.7868519024361039,0.07993305254124139,1.0782882605251676,0.9719529056391097,0.897307115183084,-0.3286560702807182,2
0.7182992420916874,0.3712310342579496,0.8328237200550838,0.48814147615535414,0.5022025525393926,0.07502354511126771,0.7537080624349899,0.4111708158120996,0.15646246042888373,0.07317812105698598,2
0.7839376597871276,0.478906537462475,0.7216975357925046,0.522067558549648,0.6427832090514051,0.07201946154477355,0.6774055566498636,0.4212507615606202,0.0911889648766657,0.07435600778767884,2
0.06256259499602021,0.08569982454984067,0.21860778498229108,0.28874670465281316,0.2518889755299513,0.9574810627048295,0.28225769585522326,0.2789396002017378,0.567189223632502,0.504597204446462,1
0.3189121211336333,0.4224645028981489,0.45495977014810335,0.26792047592543977,0.5755594626661142,0.7036624069635851,0.8139742925831234,0.23277444775698508,0.4220366636159556,0.4978827670534504,2
0.33949699464959754,0.9361946337870701,0.906825324119198,0.6268450164741989,0.7785994721532841,0.2301915461333006,0.8621347733757626,0.915657194750011,0.5563899128639939,0.08004714134888805,2
0.7661901167014292,0.8231382604304709,0.4948082079784353,0.8849537580915937,0.5591024805638857,0.6318976541483325,0.4494571218475229,1.0991977963780535,1.0326317501166284,0.5761534279657667,3
0.3773772264744603,0.2663755772918436,0.35528528858328207,0.11079683905197686,0.5066625895494,0.8957810827300502,0.8508178180718187,0.2802445236876338,0.5358536680482167,0.21158690072425348,3
0.6540919577728251,-0.030939850559851823,0.31294360774372765,0.42805919948264,0.29925657827482754,0.2471409118975798,0.5987717256193098,0.6287512549018602,0.30329699352406986,0.45473681115372044,2
0.4538951889944496,0.19998561515513705,0.2793331007211331,0.14907875171672766,0.35689341077874226,0.8517504874726612,0.955675706541284,0.2635382976624774,0.43788195295411825,0.049021621398397025,3
1.0907034434588636,0.0802363337045407,-0.12083044678691159,0.7111207634819179,1.033243095924948,0.10183016862919403,0.6488776606877831,0.7211182555904565,0.5432295768564832,0.8435723856212586,1
0.3383319130532668,0.016294305740851882,0.5554763527189903,0.2761937391068695,1.1012027421716217,0.15450581142241274,0.8048188868771581,0.34724549009440864,0.5382029688662247,0.955323073588191,1
0.4705716254174646,0.28833819592227267,0.2304783794265764,0.044107250048698546,0.2517803311185096,0.8785319162563847,0.9933005658171123,0.30421688533350766,0.4936739898343602,-0.07060556410179102,3
0.6612618841699919,0.8152385460030971,0.6292309513145637,0.7155681374694516,0.5175453131098782,0.11408594265246777,0.05643316136934698,0.06677307845400261,0.6126996317359042,0.855531098210814,1
0.7336940020944334,0.9275155560664706,0.602661902508343,-0.13892001748555086,0.41068308510385354,0.32869372551398024,0.5938294185999032,0.9440527514188096,0.7382383239112519,1.135776012551555,1
0.8876747559678568,0.5597308703669729,0.14369602927485123,1.0019228849352508,0.6543687615846479,0.6104205242948408,0.40720311520290947,0.9214537604553938,-0.07931644173739458,0.08745770319738222,2
0.8478630943749167,0.5897422227911029,0.1722783742406358,1.108936248941546,0.5734883351343149,0.7959330140472067,0.6996036471048613,0.5561435765553218,0.41411896123697983,0.14559575134172603,2
0.6337965787100169,0.5109842138877618,1.1342405283329724,0.7679750020467859,0.35715205764132196,0.36117286250500286,1.1632742039878026,-0.0794385402105148,0.7591078319139293,1.0986523857164037,1
0.05853529568345637,1.1072967659818298,1.043917599865742,0.70955888604557,0.1757844403495965,0.058488865228938425,1.0708275748094436,0.7263407193584159,0.5436032689308471,0.07045684945502022,0
1.2937178687528514,0.7481415088692565,0.5080829788880505,0.876363386236714,-0.9988682734851813,-0.41341975579736057,0.39354245372484925,0.08498210405688444,1.3167854931604195,1.257261748245156,1
0.11128619888446432,0.7113177299246031,0.8852812786360894,0.5675457041330643,0.7183829538900149,0.6088677798339638,0.4612451990489572,0.4239414705107977,0.37464521791943894,0.525815364363982,1
0.08262693590960664,0.6519712955134243,1.311411884893864,0.5488740402935638,0.7999489179664895,0.27271102722544516,-0.07566750955653789,0.4656584894313841,0.5491811655170352,-0.09105522575554137,1
0.25219956941029525,0.8543083300887682,0.8009513229850901,0.4492345343123674,0.9320998210415616,0.7500239463824692,0.5091687178538585,0.5538179605549187,0.06497156355303048,0.48542594042993525,3
0.10240770248501274,0.9824343026684289,0.6187646786963068,0.2605392042567703,0.8461526221487194,0.44635535686277167,0.39249451415272435,0.7072905163726632,0.7523606213389967,0.9180806067878339,1
0.5936515943763935,0.9766654757419163,0.3091056097488209,0.5748051749149077,0.9667178732622839,0.48639698577138996,0.957627958901842,0.12843823540829954,0.8869856452066314,0.8202722299636998,1
0.6995420884102519,0.6702567693957052,0.19087158359060358,0.8197449800102602,0.1218750677381774,0.9675492223817131,0.0419164726544987,0.3788094340857977,0.12417922881036339,0.35549957447123554,0
0.2965433392683557,1.1121757328983795,0.9932807318528653,1.151196070801718,1.1923451946245853,0.48617682944301166,-0.032929433139442604,0.6451587225926347,1.1329472472534108,0.9214318520689397,3
0.9637776976649669,0.6771155045624636,0.470501412784458,0.4226405469173959,0.2597500088760162,0.2866581441169061,0.22627358574772372,0.18052389904459346,0.42602562779042985,0.8340678413281272,1
0.8916514514941705,0.725835415202827,0.4894373160707509,0.5015616143102464,0.25206014405727534,0.3013303019180649,0.22214504101944704,0.1633714394355929,0.4099580881191785,0.9020139815284315,1
0.06789505288026051,0.6684348693609026,0.878425623038065,0.5410126500655844,0.7191297210772092,0.666822703028079,0.3404669379969652,0.5302792414669674,0.4075039344176167,0.5748596145833373,1
0.298447300146555,0.5017919088127503,0.3031782571107019,0.5158101392089431,0.4874051551918658,0.9747410433043516,0.04950268072434968,0.3948099434859409,0.38272585245956275,0.053677918585113366,0
0.18544326733669375,1.5432862794103723,1.1578221717604449,0.3572281239814742,1.0747828223760438,0.39613045743453446,0.6715629135002192,0.53313908432276,0.20993712278649626,0.25140199340997277,1
0.3233563795744052,0.24748407087094615,0.3771262986251691,-0.020398653122524153,0.7708030855114912,0.9028553114601099,0.775031329841626,0.00493622605493492,0.7799225239304357,0.22420763463778542,3
0.7728441476906043,0.48374481942054987,0.608683315690715,0.6230106048660047,0.5070007021510378,0.8847958284908484,0.7209678957545832,0.4337425967954255,0.1464868858868072,0.5766645790026014,2
0.7155723532137018,0.25014820788884584,0.78871355255357,0.4350415918103249,0.5969938983208299,-0.10044376130059357,0.5469723832239535,0.6167122948618133,0.11342421551026,0.10890294861613958,2
0.8864863691460444,0.003041924988746336,0.21432440208461007,0.5291504005316598,1.0850076986745183,0.2538413757642149,0.49130440179984447,0.5926088270837112,0.5864833482755994,0.694580140567198,1
0.13711165963952107,0.8218826892942841,0.6704692017139352,0.5913553360828054,0.6997709265363152,0.785057783529259,0.5893618552018445,0.4787134439835395,0.15241912611237013,0.43329420066144303,3
0.5353739583635635,0.609256200821684,0.6747531218311806,0.36087791747285314,0.8426660983021921,0.34245979200903254,0.6241229031307693,0.5317941082878767,0.15782801115152167,-0.0220445863148144,2
0.478601518311599,0.23659570598562293,0.28674728578588177,0.1441917576930827,0.33593546559186255,0.8478654387748654,0.952395781657337,0.2714521508310296,0.47487820024984834,0.031159339789454572,3
0.8404481631063091,0.06320047627153667,0.3850570042314321,0.5691191252877995,0.11940666939550754,0.2601761389467713,0.21573898349751747,0.6248968456691457,0.4198233091111102,0.7614725990679533,3
0.9869204586076515,0.6291181175782273,0.19340027338133528,0.9393688748423559,0.6082415537052913,0.6855895011514741,0.48718532392909497,0.9682823895067734,0.01432657618257777,0.03819168036695467,2
0.25004150964853855,0.8782004625650474,0.9985006270679763,0.5671131637288104,0.8847713221922369,0.3108803311696424,0.9074890391152052,0.9837294169168073,0.5735762847284309,0.20626070546542363,2
0.27063687447204376,1.0583490930512482,0.7556821671999651,1.0476145238126287,0.37525546914463603,0.325368666576748,0.7600189773553746,0.7922906770887598,0.47034244142294757,0.1440522136841602,0
-0.010495403088934624,0.5112123749138199,-0.20356411562315477,0.15059772308242575,0.24568999296963057,0.023356960079247847,-0.03226413168790759,0.4097645772289045,0.8394319136057519,0.28328227787579896,2
0.4673286841988884,0.8023930242032142,0.08837690289855421,0.8219003540908539,0.3167198069448154,0.9434544980413242,0.15624591264154924,0.36504597166300246,0.12949737491196417,0.24299600832097856,0
0.794717901550785,0.8417231630043964,0.3503881018147705,0.610548941399345,0.15895398961752888,0.41827689464111467,0.11262055117224219,0.2963578773361664,0.44141823392510754,1.085052613299986,1
0.5653644267755845,0.8995287046176635,0.33823685106240253,0.5312329950944239,1.0100880083813648,0.4469555228649275,0.9323870810670918,0.12644032794218202,0.8760083310768157,0.8476020238089597,1
0.26076959628856006,0.3073093884774014,0.5644150699400579,0.6912220552759893,0.269260811313093,1.0886721067696454,-0.1789653251738408,0.513580124945481,0.5721935356895216,0.22412124869647226,0
0.254880090704813,0.2714890155252987,0.37926159661274245,0.9185269585094701,0.9976711811007456,0.39503575556431103,0.7490168745939076,0.08619958164622159,0.2577041526377851,0.1307384227015754,3
0.5404071918439546,1.2315767403876485,0.579813994233866,0.6228215437923947,0.11174129600298077,0.38057127318627854,0.4901151917686439,-0.22988099700224834,0.33222552065159,0.4670530601145309,1
0.5415956096801664,0.29852993579514514,0.16494579820009952,0.12700438449089635,0.2158688408059589,0.8794900285332724,0.9854263439327388,0.1463358183124041,0.5051055851191502,0.0835408407134173,3
0.23464976119712272,0.4718541540131526,0.5038776174713058,0.23005234790187318,0.6968820364781049,1.1217321492728298,1.0738927908454512,0.2829450961570826,0.5050202166165476,0.8768772535454126,3
0.21572531768156344,1.0820404635638827,0.7735542322484237,0.25166555776300387,1.0114640195432152,0.40279409422645984,0.47863579894387526,0.4843574666108158,0.6305441396837386,0.7154456470720156,1
0.9191018613454545,0.7437378824023541,0.5373148675796492,0.4607524448652598,0.2634858527591997,0.2562164092549789,0.2272939406187796,0.13447943911196186,0.3748391837050815,0.867978756073515,1
0.4554272937119282,0.650495796423753,0.8003972648127771,0.7163146386741982,0.9195626940861944,0.2623397976332066,0.25092893166712604,0.7729276357372455,0.9951551678186219,1.0179466074575452,3
-0.47192045525744253,-0.05645536482554758,0.7734959664559181,0.15117158070042122,-0.33892060720664785,-0.2892832055328155,0.7706806498762787,-0.307871879667716,0.885005250985948,0.6053118193177401,3
0.21949178475763853,0.9754750036992114,0.8252778213702692,0.36001877010938904,0.8519989204700206,0.38913235590071954,0.6691438919107784,0.5233229395202584,0.831646859812674,0.7885881910563047,1
0.044143269100184054,0.7669567926632966,0.8526559667216762,0.21932953315549059,0.9953302777597266,0.5191323662141157,0.6982163182662042,0.4654802185473015,0.7281437410449909,0.499282886511088,2
0.3861843275938732,0.5114858061055982,0.380058962086097,0.1600606190473798,0.0006718194679853212,0.6565552030798588,0.07073050420512017,0.6718538949249303,0.9701396196074589,0.19713115342597468,3
0.08653187516739912,0.20702188576992264,0.23149659575281167,0.15869459239666667,0.3349129134047241,0.8221198072481304,0.36878718426655877,0.2971925159351141,0.7252596802680484,0.43861229456088163,1
0.5255393105246478,0.17706925151256447,-0.019746174137313055,0.41687221795524404,0.628609849722698,1.2794955160554213,1.0241000222947574,0.4372013692593018,1.029903723481722,0.6642013966807903,3
1.1261788799930295,1.0272427171247713,0.5209009788212688,0.9212378584286907,0.03896536333040726,1.1323943748815124,-0.1279234000914937,0.8986283158198649,0.33502528733625925,-0.3864377306121324,0
0.00011663917039109184,1.1234193066194251,0.8007209636605446,0.8655661364491193,0.34703338356384084,0.40048378801463497,0.8064564649466822,0.42850705771219966,0.5415656571792243,0.1885426365252876,0
0.5770022583740844,0.36191239669817254,0.6896301028816637,0.6557552209900106,0.5534079019134307,0.7374527443033612,0.6376114816135064,0.18265585914859647,0.22207671623946507,0.37365703391185134,2
0.06854887763158715,0.38730839878135837,0.37562410877842944,0.3623251378546001,0.7727769201816116,0.8099671542535759,0.9211731470726255,0.07579640502812436,0.4615773589025934,0.5507547938076094,3
-0.1715015946550068,0.5384487125317734,0.8384985328701896,0.40292676100777436,0.8069961437575499,0.6626455953733354,0.6527835270880851,0.3451052887584324,0.48759307587629397,0.4403904129251037,1
0.18349200302740165,0.4679902357390252,1.0678936433950432,0.2707409407390471,0.2654609497872105,0.010776929035617798,1.062986439797784,0.31507292782424373,1.0636536502310594,0.3293152251839074,3
0.2519680304866909,0.9713093163163651,0.6610717486117983,0.49189345126044226,0.7989027912053801,0.6181551311984842,0.636205519530626,0.49574318978995374,0.1738932843383315,0.37246992577888005,3
-0.18841324224049394,0.8812665255099745,0.5011656458377453,0.407453503163274,0.7437511219702797,0.586255365824681,0.8002404983974805,0.7868180642334787,0.8538100427483596,0.8751259317103568,1
0.0841039078246008,0.21079199137880947,0.4809536208815864,0.9947120660220514,0.9753368398506126,0.2936967556656629,0.5415794531447233,-0.06636309974432955,0.34435316571481495,0.2532573380103537,3
1.031088946419915,0.5913570826281087,0.06850575404482151,0.8992131346043549,0.020579418545140685,0.23314889682100712,0.12533022736710392,0.964005055299782,0.8838666067529595,0.16284021905884688,3
1.0760434923080564,0.6082053617433233,1.0070728452181592,0.6910892562896347,0.788193730647789,0.3689415803083849,0.5142507058420333,0.7483035619292497,0.2819027381193766,0.0005126432175878021,2
0.03366916351025666,0.9433694530177715,0.848439985630967,0.7879065306185,0.18482578073976336,0.2630824093700822,0.9960539632017908,0.5525291901945278,0.6730967770372022,0.055666413392009464,0
0.4156203823640682,0.6223761621137935,0.3437555123228314,0.6721373924630145,0.5222858353967865,-0.08663589030667057,-0.03697005241458802,0.5632336808748111,-0.13074274305518194,0.46694993251959827,2
0.9343550025154269,0.6562751160995645,0.6698632531776194,0.2430715441935034,0.3960077085037494,0.48486671812590626,0.43326019510904207,0.9274208233534996,0.6512717099288121,0.8389220237887036,3
0.5471230085176549,0.6140053642528853,0.9328781723572253,0.8833573469575309,0.8486285458448362,0.555991937296259,0.16787176747776975,0.8507802877128073,0.866901125301589,0.9091676335017576,3
0.45092505900625257,0.806914324965932,0.16366707093464297,0.3738978357388048,0.05667627314962436,0.8863412555479071,0.5443845889793302,0.46473529179374895,0.1600680037744875,0.9728550222014541,1
-0.5441700051507979,0.4007618752838884,0.31141841193527675,1.5991336627611439,0.793869931041036,0.24550772304678123,0.30414163938896444,1.439865249845827,0.11562019824480257,0.7136465475648245,1
0.5785293474363651,0.17078133294947972,0.46268609938050176,0.24036854422669168,0.43037928843636525,0.6964646373071859,0.48386493387585966,1.0009846302710699,0.5331136321394352,0.4782787732804268,2
1.101866119446689,0.6667584069247157,0.4561674250529647,0.5832050815245788,0.2142161551490217,0.43585385586983194,0.05107705937981891,0.2219924462288635,0.570518090075046,1.0554617752045852,1
0.885996484348379,0.6611603095529449,0.6053276799861599,0.3657558530591257,0.2623975721245628,0.19069535774567364,0.1814423899206737,0.1939890821228996,0.4583129777959475,0.9008042149963442,1
0.4676720147223748,0.3414167701850788,0.052932583871065704,0.36724191736256495,0.4260558819839607,-0.006884254996018163,0.17076125188100022,0.6985550467475903,-0.027547267097089004,0.48305840795082094,2
0.7380675414274671,-0.2503641418216309,-0.07677275804765415,-0.2672542440246205,0.13333516328358658,0.11310194258567424,-0.09358675200600086,0.3333994548255782,0.6026818455298143,0.6309443068821562,2
0.05064164876671511,0.9442150300197093,0.6860189409266184,0.2933872944435831,0.9452165589709504,0.4011268332959023,0.6148152429718048,0.556382851955037,0.7034611302167311,0.735742506447735,1
0.24870967832678015,0.27984392887649745,0.3870522100016677,-0.0836725116259652,0.8160053380494616,0.6871940624798096,0.46770457920818864,0.18327667617310262,0.7303370090851934,0.09760638592938237,3
0.42320764769033914,0.7504308998224036,0.1737780430642172,0.313463237218987,0.8487173262201504,1.0031841562526098,0.8969011884827598,0.07587265949303286,0.27664417845412764,1.239047354773077,0
0.7408476238982573,0.42751483171968874,0.7264230171361508,0.4731206944600265,0.6845561486685141,0.08786559241683087,0.6868929146728415,0.4088759210547976,0.07180912296276049,-0.012317757025801776,2
0.4390141444475685,0.9144078351844295,0.8381272265567322,0.656828794161267,0.48659051642065393,0.4373776880070326,0.8720229800792215,0.2850727865105869,0.46266182337781786,0.8453715837883374,1
0.05527194803674545,1.0143374435740555,0.027057511323169893,0.2299139236741441,0.7540935254823783,0.8033678361194697,0.6549419903190318,0.2000393744139506,0.2293357371099201,0.7970002118988501,0
0.39511303386511976,0.9456054706068577,0.9038996537280214,0.6307232771762644,0.8223301774100559,0.1902867287250895,0.8775215248792183,0.8817315437908002,0.5483293654443143,0.03180540167566834,2
0.7850231938246233,0.6412440286906376,0.22123987504380752,1.1591709049752748,0.9098287725831071,0.4373050439072036,0.17404069893089608,0.5510575410855092,0.04187151521843498,0.04672464259692684,2
0.7736879636594318,0.5447864891902137,0.5536264970881795,0.5293135662569957,0.0995970491703635,0.3305237940650599,0.17928246165975598,0.5531450599192596,0.41310211532754354,0.42530947708028566,3
0.26018484646987167,-0.22523328576110074,0.9855772428024765,0.7724171414117278,0.7083890192331258,0.34671453529912305,0.3262296273397261,0.3566750320291535,0.378439952016363,-0.06390810381751427,3
0.3141686803188749,0.811456406257915,-0.22493555990812975,-0.17952723989344976,-0.3774811931560659,-0.6464739846594576,1.2064933428852616,0.5995622210938951,-0.14098846419238054,0.12860763326254065,1
0.45734910811127516,0.8432441323472131,0.7008648776502517,0.3760302082300422,0.6555184593732234,0.2231512681632569,0.9714725674955687,0.9181737113675201,0.8008460114175538,-0.13154438109699246,0
0.47822281162213015,0.44056735773762185,0.6960915371927487,1.2788279002822782,0.6232344498002319,0.05502658738474306,0.5411066916502615,0.06116529879139765,0.7294474956352955,0.4439461671548263,0
0.5142690946750126,0.7916044268969711,0.7469023952737915,0.8947596794749179,0.8306248471136725,0.41508510039240093,0.17995043153394338,0.9305245466946349,0.9738336167177498,0.8388735558832088,3
0.315844162696726,0.42114992596852985,0.4565056333464174,0.2650537078387604,0.5798475272753185,0.6984886306593422,0.8125805244141987,0.23613524692785826,0.4156902300601133,0.4894164903997072,2
0.3295192086576571,0.3738974124925083,0.4660769842295817,0.28587347495826937,0.5479277996450471,0.6695736906116654,0.8566228400257072,0.22287388686501902,0.4297338794914058,0.4574811213133594,2
1.9504830417759178,0.981935216315341,-0.2798344000721238,0.7140992777591797,-0.44704639016272163,-0.8032072374877568,1.547218834470967,-0.19152396048331233,1.485114984403005,0.4898963947480371,1
0.036245008048844896,0.9818826750361517,0.6710532204035514,0.282922374963286,0.9667721096948726,0.35888631116201447,0.5837950873394567,0.5858577533021075,0.7135224639410312,0.7470604863788016,1
0.0455675213286106,0.9457056229214892,0.6912339326348368,0.30481347501484884,0.9516642633353676,0.3917853566167783,0.6137543857307567,0.5916055500058697,0.6946826465077351,0.7045888857110731,1
0.9323703453472173,0.49070761515480094,0.03868412556159342,1.0156588440673118,0.058967865609530844,0.10140766297444612,0.013574840285716795,0.8407293448221673,0.813328309580164,0.059362117840295964,3
0.8709492473266471,0.4251035767165272,0.29469453728182765,0.8560121973158101,0.7727967743532873,0.8532331813027652,0.4072059334789012,0.9437978056708961,-0.030661785620666487,-0.01703978307388261,2
0.4144437678251028,1.2108629347039712,0.6569202798480228,0.8562283200550447,0.4280055850287141,0.10207148188633766,0.6095426730164016,0.28666395890077434,0.13667201588227285,0.3841404845241272,1
0.2648707499585688,0.7567137606508456,0.8751027478918798,0.7251072550347598,0.8335450663407749,0.5706220236577507,0.2578584979222228,0.6147899119640681,0.22443871706969265,0.6600859852014345,1
0.5669376217401054,1.1579966665026447,0.6810004507601776,0.6486722710198751,0.321126219222715,-0.02225546702447373,0.7054735484592546,-0.13958198947281525,0.06012216513130936,0.8954606507215027,1
0.9545207954591484,0.4283401544013603,-0.018209614943933805,0.9870471728647572,0.052966511165642965,0.12144613059988275,0.06604613447400451,0.9102232189653974,0.7300737867036026,0.04548007728712861,3
-0.04770082836997347,-0.018883313623703768,0.3522318666947504,0.16223837784455358,0.9815240238743554,0.8773558715341566,0.7398601552905422,-0.07438796114200225,0.692010807833081,0.5484981718387361,3
0.5917397391390924,0.6495757759352422,0.14386277089890773,0.7369797974437408,0.21266842526554433,0.8832767191525264,0.10176841174768472,0.313661350162065,0.05540577745940664,0.29536832716166894,0
0.10094226653009437,0.6645799104157267,0.9364968665610273,0.6124447489712589,0.7166906060128516,0.6362950371758138,0.419941422911248,0.44886696316517255,0.33714865784054,0.49724568594717256,1
0.3312636312108875,0.40126896593675127,0.4216575571022244,0.23058720768238355,0.5961037802445368,0.7046565685759187,0.8422059326313001,0.23162455690198794,0.45198037643287753,0.5111056817193007,2
0.0345115990919614,0.25480068851974075,0.2762462546689523,0.30979155782994583,0.04592588166917705,0.7811994683213754,0.3612369491349846,0.5264624664867659,0.7621002998724108,0.7486106860586108,1
1.1628217240339132,0.3964149588614349,-0.15146853048079434,0.0451102701073873,0.2648610274697956,0.8370768318732102,0.2573733430766473,1.0055611773325213,0.5463862167965017,0.08177690003033106,0
0.2311653361135503,0.38579815238907084,0.4847120145941908,0.38605144043102374,0.6695760881604389,1.0337898335488758,0.9951287054202576,0.09026923273028538,0.4829240943649375,0.5410097851163994,3
0.13886943024106327,0.36943737730001464,0.018196381983856955,0.06137574356939281,0.4517171407947726,0.08503185517471425,0.1502465597481503,0.3728433879205872,0.9243207838118116,0.2644068102885622,2
0.44577305803871325,0.19140142587202374,0.40144949134997765,0.34290197673847056,0.5039941610126537,1.0824952025371712,0.5738997742688121,0.03920545787300307,0.5677431356775435,0.4205717178104076,3
1.0171092548100475,0.6410475914112417,0.6495223881329872,0.458808974812119,-0.09666414730673345,0.05991033031322346,0.2525288859998919,0.22941388928904077,0.6558023518924894,0.15190729407880726,3
0.2123348074658054,0.03884977212223251,0.39804758078649266,0.560241445274388,0.6849877788948782,-0.050133841281425506,-0.06082070423611341,0.768444539884267,-0.0033329768332632514,0.5628321790142747,2
0.007565366448874122,0.603271340739002,0.9065368687470452,0.6268051218709971,0.5715214553681064,1.169353512275552,1.219461272615764,-0.0837957653896835,0.5779592992059766,0.49341993031561293,3
0.5351835514483676,0.17332960519356144,0.2889784495255316,0.23495646084579389,0.4131832819029271,0.9342769124239583,0.9568381376013919,0.3058729160543569,0.4431596878853569,0.024457564130606194,3
0.8965577398651841,0.6331419387755651,0.4858127066931129,0.654106839025092,0.03285065930618372,0.528049983702823,0.3385612072478566,-0.11322496943352758,0.17628417417583267,1.0029635169204567,1
0.44360437760593074,0.10984169791075282,0.3139309163147619,0.9553204582015337,1.1214527838098625,-0.1810927464648815,-0.07641899980129652,1.1487049430914131,0.868355670356936,0.5751711681691938,3
1.176691899106468,0.7767284539204526,0.6187176589932848,0.916068540119271,0.8377471963435936,0.2004285205115905,0.5435881301374124,1.4558611024425807,-0.233623090023422,0.020437308245604528,2
0.05578971998252792,0.7777799285368113,0.8457044283674957,0.22814014614989314,0.9942156146081614,0.5225409554202758,0.6796385137961073,0.4632927328334813,0.7225100704111506,0.5167425169489007,2
0.9431968893719936,0.6583393944370014,0.533158667914111,0.4348776267082012,0.19370882797072905,0.19673595287376797,0.15546207078849916,0.16719636973318686,0.47042177317209155,0.8896811942620712,1
0.9919665039578072,0.7456735937321374,0.612754020323939,0.3878040098707731,0.25310520487683613,0.2633767856054671,0.1731465500088622,0.0787319749452101,0.3235035729405179,0.921603535930489,1
-0.04605048688618138,0.5801338795316036,-0.0880255185433879,-0.06078152497213385,0.38956199964397836,0.11134416616094131,-0.056042601308563283,0.3377223285427292,0.9040010614318797,0.46416851349464094,2
0.9722711051137574,0.4463816861107238,0.02464754846712852,0.9813281354206858,0.09047707403961644,0.12428477661959225,0.029827221613610247,0.8909036576411782,0.7989669411676857,0.04798818348510968,3
0.6278191549715977,0.5727595233687962,0.7038170425484866,0.6078996805681864,0.594893477247839,1.0575265022060532,0.4958467532449694,0.2069661871789232,0.1989511025677579,0.39746989791610565,2
0.5976724950520113,0.9621917466329094,0.3002953751974845,0.5680849344945254,0.9814122340947621,0.49596830243602774,0.9680179084207947,0.13581192246509843,0.8864767337863487,0.8233308099198678,1
0.6082015210764451,0.7033493798983069,0.5853862709041702,0.6405547129575292,1.5579099648141157,-0.5619316620331333,1.8049691667605483,-0.9041487899652991,-0.5243585980061674,1.0690147733559412,1
0.23815401690124702,0.6486862094795874,1.0690555542244848,0.7157793561835163,0.8360074881044834,0.6488697618931462,0.4373907386766355,0.46747460846235545,0.34279639543623186,0.32787810370777914,1
0.22020456803181093,0.7347898327370647,1.0225563289437887,0.5217182730342497,0.4599949093268008,-0.056705139607667265,-0.07756081676460536,1.1080055283073462,0.3879317604433712,1.0974775194334003,3
0.018277081378181882,0.9133760324010899,0.6569273014979674,0.33803173271485537,0.9256061323604636,0.3714972979499908,0.5587414959545595,0.5849825308383998,0.6764795392931162,0.7236559531062683,1
0.4441509072655363,0.368272340351783,0.6360834760816081,0.22916249344029796,0.22294380793116333,0.02698384485650707,1.1870964574502725,0.44760246380100943,1.1658222004011765,0.01936516169066288,3
-0.0202349433904489,0.9258148365741354,0.5513520928317754,0.305774434293946,0.9302745997568771,0.3351968494050601,0.4512375620296768,0.5183468619250725,0.8353608920065556,0.6129176649335721,1
0.6286589235764573,0.28227015854877646,0.4228061260595475,0.2325570256873167,0.33713227671996526,0.49845892789574275,0.16602770279454124,0.6824045001333685,0.5093824308733886,0.42350130498068594,2
0.8681988360157045,0.7009015780523877,0.9754376953494749,0.12149110191526133,0.12709284727320677,0.19455428942294611,0.45619707522232644,0.9529552685917291,0.8566530260072887,0.7545456797846459,1
0.271402931935504,1.079930501068144,0.6745673795121694,0.4983303724986261,0.4751812261194558,0.546155217246169,0.3000556237016173,0.6705700006762291,-0.30071333973835557,0.03451449919625049,0
0.4325367845155842,0.317775225579052,0.876107265501454,0.3703889453934381,0.6271255087594503,0.1776054537480444,0.9377313878167197,0.6436123126166726,0.5790043745352395,0.14487972397604765,3
0.05722347681386715,0.7746044843958707,0.8470988317506302,0.21855704817071547,0.9861138700866876,0.5307976763953501,0.6844340410350815,0.46150919348184616,0.7169789739207888,0.5073033954965307,2
0.2726770328052946,0.9477168360312179,0.6766700265534673,0.4722257167553096,0.7812207772728998,0.6240101738267135,0.6221479456249023,0.5017941132775641,0.17759224869372708,0.3488385378389601,3
0.6088629817015302,0.372606852233594,0.19502707816820564,0.2132768052369169,0.42944568590530585,0.91785444902743,0.8132765035482594,0.0719228994174676,0.2621764462199453,0.04450373793925631,3
0.2996623847193582,0.8652037576109011,0.6320605760148599,0.6411705704070482,0.7877342383407578,0.4874421987220005,0.6642370457256144,0.6726317340666991,0.1844483298496167,0.3928064561859587,3
0.260174722281675,0.9596663091953486,0.6645524111733052,0.4800828482099524,0.780922356146961,0.6240290710532737,0.614531284088713,0.5209099910683125,0.16909341126397875,0.3482023860254291,3
0.3990208540603068,1.1077546048618299,0.9528963968816458,0.4364966773144201,0.5645984273036251,0.3521394065154811,0.8670400321987813,0.9364517460269616,0.7219960054794398,-0.053036318144905864,2
0.3423164734385116,0.6604426095254646,0.7847430512530947,0.055604848066557355,0.5223093050967956,0.6475405460399326,0.8677817938069816,0.24512441360127424,0.3613231938354062,0.9321321746083024,3
0.06330910003633083,0.7734123166759889,0.8451295660377709,0.2111249349659482,0.9931881524422207,0.5292806796745204,0.6823759513309398,0.4633494497353877,0.7224796692426118,0.5150414943440966,2
0.11332857255680955,0.6623148144892317,0.953858755367076,0.5969023613563522,0.7223805803110374,0.6503679239930057,0.4107807232643394,0.447958408456221,0.33250096057019357,0.5078241827054782,1
0.34358140734169734,0.5073421415502912,0.5129826455767462,0.2513285341916806,0.5339411791107063,0.7344246197173474,0.8949780622717003,0.30115205669040007,0.41794624478535836,0.5261142814437917,2
1.0631401189954908,0.35214484402873586,0.27658944542230524,1.2228454868405085,1.1174157151488755,0.6732550214590136,0.25078820992136736,0.8239601762462834,-0.09274585738108534,0.13267814127052602,2
0.461750821495146,0.5330580888447817,0.18036443375201405,0.5664726881690456,0.4937352629358582,0.6643379841292195,0.9646177338022136,0.873662884494751,0.4390406236373943,0.20912692185036083,3
1.2414634232692663,0.8882818550548438,0.5150267024438034,0.7886816789569442,0.8990112035881788,0.5342809462863075,0.2464693711066451,0.6386482368277565,-0.343083766883116,0.047383511025661705,2
-0.04150711710087879,0.23377686698492364,1.251248497750563,-0.11188432553855182,0.10305778595335757,0.4721721418366435,0.9366827469075488,0.6259713214154253,0.9347276910330883,0.9534863048999691,3
0.7189240519267571,0.19361354555056415,0.5732808683305631,0.5596673866431593,0.20818712962648298,0.3851793596096359,0.135273868920261,0.5357961913909207,0.5257645574691959,0.7375676992670972,3
0.03795657968317916,0.9686779946310988,0.6665527328701712,0.28698181219370394,0.9325825002199805,0.3790216573457233,0.578780400072742,0.5861501035501909,0.6636378431067963,0.6978159241549502,1
0.7057184401864582,0.9687830777244832,0.37404562429391963,0.17087898623605063,0.005937868320151529,0.502166815337966,0.5158463863633891,0.2893227928850889,0.5564851794201917,0.4063171432434179,3
0.02702432665898554,0.9473453873674694,0.8443638401239241,0.7640677589495813,0.1965824892587398,0.2842342800198384,0.9571131141776239,0.5708502188448917,0.6580880588693935,0.0514761388588798,0
0.2705491566712134,0.37028567823779784,0.29186124874502556,0.011820709312351924,0.7245117777939863,0.8634080990555946,0.6788901765928401,0.03879029385078013,0.6838177768979031,0.3611065035394743,3
0.11820513173548931,0.2004916175308007,0.2663799106817037,-0.021958227790284113,0.5879809167042636,0.7134207560057566,1.1760484589575209,0.2346664209352756,0.299682640094535,0.5865216788571159,3
0.6595459401058656,0.9613516607162661,0.1143998135868953,0.7786288978097249,0.9291154903913894,0.5512717433975133,0.3827186845145667,0.7430139207814854,-0.05592718267547961,-0.31909187756385404,2
0.7392469726226727,0.7628893741842563,0.7823282919458172,0.5584078122575229,0.7308136436830818,0.9479976272274485,-0.05314974170308259,0.45204178972593123,0.8440078628699857,0.8219936328996926,2
0.9416776035642426,0.6072365649481084,0.06311396051575227,0.7851300861804892,0.7333352422557452,0.8265312702796979,0.4377246156618774,0.931747672950984,-0.01756756361264292,-0.0016783255873705633,2
0.6427731516121026,0.5852849750743488,0.5335384460861481,0.4387100176506711,0.001491509146494846,0.2847354023146509,0.10360687563042913,0.6117685269293082,0.22714527095709405,0.36504952728381473,3
0.397646170431027,0.34290554647724397,0.4801721699592538,0.27108974737325675,0.5464780215700333,0.9233664701154951,1.0387076800992314,0.22501600514364967,0.5479815997290284,0.5613747516125257,3
0.34909640522593627,0.9224234070251666,0.6648163753382097,0.38712303773418777,0.80385550108025,0.6458604716918708,0.534425619440997,0.5126382732311079,0.21325108404106058,0.256965498755626,3
0.35004741796706157,0.15529527123981443,0.5559178880354626,-0.1759300223859059,0.7910435283193831,1.0541211624677385,0.8589412846460819,0.015360082356500271,0.42430080035785933,0.6145329868814096,3
0.7739020514509635,0.86216379379726,0.6570558347685852,0.31000068219457066,0.9325795228256278,1.0090785695096542,0.12726087421772492,0.46396180798193765,0.6747313007248278,0.41391225788605096,2
0.2995562963727564,0.40691463314026294,0.44654679799792185,0.30980424435809667,0.6173195456690369,0.6996349847213615,0.8017145503569182,0.21830527830750854,0.4099719218604051,0.44866412446767345,2
0.11685436052725469,0.27135985971186266,0.1903903414954417,0.23823956353107859,0.377164854086861,0.9705243473508423,0.22364223152726675,0.3816540116031874,0.6313344044000306,0.6483200621960439,1
0.29516192171571254,0.3357449869211067,0.3269672205337162,-0.015085720810864681,0.7155984009631698,0.8719050388322329,0.6193059232426728,0.03791172845970306,0.7155384473140496,0.4035899323268263,3
0.9446301756570404,0.21733104772506975,0.7733425845875943,0.4356906914611093,0.39433538756653386,0.5082497041060977,0.46212568142988725,0.391590001450999,0.5454480765369673,0.5969653513159179,3
0.5515084200140841,1.342728223569496,0.5355087386793549,-0.04027686186279711,0.5200845583348676,-0.2585734702357262,1.6796727234940771,0.3339361139535293,1.2784574798084105,0.5893740188222658,1
0.31268290740653804,0.9184041758004571,0.3930733001946842,0.7390759300878736,-0.04719996633640846,0.179486845133463,0.6055332390512269,0.2196745070707847,0.06132178891729881,0.29236372717417847,1
1.0066885068027842,0.027782818549726078,-0.05252853614437249,0.7986931716048468,0.9743394179665403,0.2636573695158767,0.6908433395281421,0.814857937091168,0.5942254910106386,0.6700900100739781,1
0.41812857497985606,0.25508999983006264,0.289914808247155,0.12012096965224331,0.3235445795395682,0.8167352774780716,0.9650860310168649,0.23191725075734784,0.48484916130130634,0.0675460594757736,3
1.0233488602265344,0.39756119832113634,0.05976301456819815,1.0445166566133834,0.0485975720067191,0.011233524595994054,-0.10475636774257308,0.9810599416869265,0.8377039466237054,0.012835712269474574,3
1.206956026592499,0.953718557301118,0.47082939725656275,0.8118334949780402,0.15292795586939112,1.0736122267417558,0.5828988278317623,1.3302357043903215,-0.17201792044466066,0.2991160675133985,2
1.1596986638457814,0.8290339992310947,1.1229342338364587,0.34183253762115673,0.25226653619548894,1.003359989745317,-0.11980116750776537,1.2661931820439785,0.6525393011340737,0.6338422237776467,3
0.7487342751670691,1.4265452197122208,0.5920932037719098,0.22110517437643906,0.6687349101427038,-0.42167860985964456,-0.03593949912365302,-0.5161586884445174,0.7855491995498736,0.5622055782360784,1
0.12956395470454268,0.09597026138374058,0.38557338760460746,0.7235197817011515,0.08698939900499106,0.3857692732534966,0.5315008035896804,0.8436235979265553,0.41926764304515296,0.4452378585046267,0
1.423393457890986,1.4138247224309122,-0.41425127945251516,1.2700775456655649,1.1668457008254818,0.29343940560456794,0.09945717494163067,0.30654189732450315,-1.0392036253486385,0.015132097013596468,0
0.4972065497006778,0.08547479657401402,0.2549473600193809,0.09500889419116687,0.8231850402108152,0.8807859391587846,0.8755153322231823,-0.2116066815265381,0.7697430256037279,0.09500876747556058,3
0.16101224413861512,0.2982445644727945,0.37174738924951617,-0.0014555448055109839,0.6990115134616349,0.8585503045059538,0.5773100089285466,-0.03348380657856048,0.6360712764115959,0.3916979803585662,3
0.4729353173912939,0.2306455874991536,0.29791788547324016,0.4298727725901186,0.4420587089380733,0.42379863802240264,0.24063646929926158,0.9110063745958745,0.3624509534851834,0.8590263920700418,2
0.49455461066574735,0.45743820477857916,0.07113713724223283,0.6235426882545391,0.4907301024950947,0.03742492934520741,0.06767077845362629,0.6896828689427654,-0.023508166822172424,0.7146396850515376,2
0.4789004239157603,0.8042735026602567,0.18249994780069562,0.42236488064868744,0.10044403183479544,0.8668468819733455,0.5490850281250561,0.4674008282166358,0.1988883051363119,0.9275365758432853,1
0.171248453291455,0.5089062612613924,0.18605136291327432,0.2873061067137081,0.5214847675577217,0.21158968562181374,0.23927189405332722,0.3779917114825705,1.051894029782589,0.2780655475740922,2
0.6843743986477339,0.14467667250695387,0.949441834204992,-0.40672853288341765,0.5611959952126128,0.07436779735754848,-0.1699266053145312,0.9742013170035237,1.2198879303757628,1.2924196350607509,1
0.5665355899870032,1.0981891490254359,0.9178783647795259,0.9763255264634486,0.6437476461552379,0.2638137836012466,1.1401957202916781,-0.021913808045489175,0.238881138038756,0.7397625298782067,1
0.0621697761848027,0.9514841127467232,0.6917506947092907,0.30353165032980356,0.9471579301903096,0.398134053730092,0.6029942363241704,0.5750338395092125,0.6709942680020191,0.7169965353540265,1
0.46133795980511566,0.21879761440068674,0.281922142299277,0.1527708359109858,0.3508279853074377,0.8641543113489747,0.9394675011222327,0.25515711834655885,0.4548499102388066,0.03554948449770581,3
0.006917667543042655,0.45156640693816236,0.1135388435723469,0.17900037870457913,0.3926473753949068,-0.03947090198446415,0.08310730628736321,0.5057994750456739,1.040765894142929,0.31173488038403874,2
0.6330688600109704,0.7990852267225849,0.4025469139977955,0.44944749419313856,0.10812845773514115,0.9426025901621888,0.18920867491751858,0.16620228853367616,0.26096011080904025,0.38502477592130446,0
0.7189470914123264,0.797188936185915,0.5529567777687284,0.21614410916871113,0.8634819644956243,1.073607060247252,0.07106951821664931,0.4686458766984768,0.6079647148703579,0.3614614787089534,2
0.2809413652748125,0.8119116234900942,0.6128622249234895,0.8985573601095805,8.612799987434572e-05,0.3337964177584643,0.7256899219697783,0.19663107277530922,0.025121419038265064,0.35467471896091607,1
0.43164307490229575,0.5444143542600761,0.6365297075083987,0.6908148846598093,0.09032825352304896,0.6383169351269238,0.42750326037096775,0.33908204569455974,0.6808973550606223,0.6453696807619056,1
0.8746731963608716,0.9181549580711545,0.16395956138849682,0.6547669266628225,0.14319929452563288,1.0545820303867592,0.019793195561446653,0.4434723090628993,0.0764258783210219,0.5601478547900274,0
0.25765288589831054,0.420133941514646,-0.07340571419557372,0.17561812087992917,0.30544667475559084,0.1913358517554106,0.21482801173392885,0.263350269825098,1.1024564103680337,0.2770836941646068,2
0.3579846464805899,0.897437930840123,0.4333782741567286,0.8075827015454548,0.005771750755041557,0.3105017177892119,0.5920015593142456,0.26306816481257533,0.1926666472551481,0.24196009363581067,1
0.257637284137931,0.5233210177612334,1.170786182231393,0.07442391701993228,0.40554267801771826,0.33094587493394056,1.2459737500511072,0.3519478719174115,0.8009454694789667,0.38853470980060156,3
0.6327650841749579,0.39708988391286476,0.6728933447484707,0.39795796426755764,0.6012225337181647,0.049519460475557664,0.3924803503160874,0.37193102455902777,0.47903601344422053,0.16217768597918397,0
0.31518612887163716,0.42300238398762474,0.45209194442749595,0.2669127371983797,0.5801485608928094,0.701609056895158,0.8154521881342205,0.23727926400501934,0.4106002116575434,0.4948405438423332,2
0.7760316320432846,0.5949998446579537,0.43891403320777067,0.8861840717602385,0.6105065966545246,0.9083373308716601,0.7033508347475526,0.13512241403430397,0.18140955129325617,0.550370507060094,2
1.0887984436155655,0.7763422968404915,0.4865064039894684,0.4087896862652812,0.4348378168826523,0.23789277958635677,0.539359907294463,0.31084639065525876,0.4758800065040528,0.369087970621276,3
1.0120599769466507,0.10199979040404204,0.013164002767680467,0.7812265558732889,1.0189853483807567,0.1686881326654202,0.6210778344854795,0.7157080740160752,0.7250575984689627,0.7395423072564076,1
0.04080468284861774,0.9552409309266171,0.6565421923479063,0.2882668455343394,0.9425612092744539,0.36494049272864065,0.59777643974259,0.5632960338377953,0.70425499790706,0.7282633955063248,1
0.4951241416390005,0.09613507363653848,0.5108747197241296,0.2946242653783791,0.37313844743548996,0.4435564696951703,0.3743766711432072,0.749339017514063,0.26135022631688554,0.6152520626051414,2
0.24707774775179553,0.44811866798275535,0.982331704779165,0.2169592196434651,0.29498163817423073,0.11537104053319636,0.9887795848824382,0.18888232710894368,1.0221083493731806,0.27301299133776424,3
0.6389327315961115,0.4346131744383667,0.7354972448705432,0.6106451170157798,0.24995059913685314,0.20375550549089488,0.5809095273747952,1.0013112903953019,0.3103632769152192,0.9093341036604401,2
0.10593241353573432,0.6413554595255647,0.8963884929664152,0.5875861268257996,0.6817124441864758,0.6581476678190628,0.429874818559917,0.4835019492990716,0.32632347143969354,0.5029293745030212,1
0.06747191423545912,0.8342515570922486,0.6131400424426183,1.0429099182927328,0.35743730946684715,0.03878677786709167,0.5714791783210009,-0.00773018665232697,0.4545790108623101,0.8033604644916089,1
0.943932936061937,0.7199098148867822,0.4451337780407655,0.5109829761204516,0.2496646485603109,0.27938919807394413,0.3403310504443926,0.040416038865922016,0.5130919991087044,0.7203121396113026,1
1.1895605919232048,0.82914998870774,0.14341704860589657,0.7934542456260085,0.9455439032883591,0.5299406224402029,0.15196324551998242,1.0555199956769483,0.23463334701214034,0.35908054748842344,2
0.8592442057063189,0.6402915856693948,0.4962849052881207,0.4191278803045961,0.2613203910356201,0.2404328032673515,0.22441330001654897,0.13654063989634718,0.37974600947535303,0.9482169992144901,1
0.05186031726078757,1.057166466159952,0.5080796874593287,0.20149353459416341,0.7080276228949176,0.1436974276621203,0.38312897009324254,0.850479300388772,0.6932648131299771,0.5894675304925814,1
0.07184948026687432,0.695080169452043,0.02816681395040815,-0.0389790707331686,0.6553048625919626,0.3489181157574893,0.4158580243481927,0.07276577904539205,1.0028825020719072,0.3826953501140302,2
0.9640742976400554,0.5385117925897821,-0.21981911202669754,1.032323082728321,-0.010961772528517023,0.18844069710250066,0.04089562057957623,0.6887882793920215,0.7651451764332698,0.11861145518817118,3
0.612387379803373,0.7376967376291803,0.9535806262379606,0.17114996145602632,0.20987587976465022,0.153354095985807,0.189168286711774,1.011580785323304,0.8886908306772499,0.7563457045608954,1
0.5418501705788554,0.12782548531756308,0.34658104173587717,0.32107829683720057,0.44594271865622853,0.9741249932426103,0.8669238796832167,0.2900807386020175,0.28406038084170526,-0.1361526055371198,3
0.25421859228105975,0.3522867757244824,0.29046408738206697,0.01493324062590128,0.736510224407413,0.8622663961855139,0.6744217427036809,0.051451103529881366,0.6660547368288604,0.35296183830679756,3
0.3708652647872162,0.50855274730815,0.18280205942129832,0.5277418535671676,0.5104542169943938,0.5801791491344236,0.9224820428476709,0.949949863298237,0.5333408473917147,0.29008488110518993,3
-0.6005839513599824,-0.30104471241886605,0.9667776258156306,1.4167730294413987,1.0958610525420636,0.5645173103924609,0.9989023962378554,0.253575916709642,0.7339995342344938,-0.31507343953939193,3
0.23920686432984795,0.9601845931467518,0.6909365897565506,0.5004568364177064,0.752191246026115,0.5955156709176631,0.6351947330702882,0.5112677571233037,0.17392232154792656,0.3581388684810623,3
0.04665473910800628,0.9148933001346132,0.6652293741544404,0.3312095670559377,0.9558089004219454,0.35746474189180527,0.5922487653308933,0.6220896031211167,0.7123571986866363,0.6853009070012315,1
0.3120486405075727,1.1062054812848363,0.7435583051778213,0.37671342265549873,0.5772338817443189,0.5676224712095497,0.5204325241295883,0.586191481422242,0.24641546292142646,0.40549548829243687,3
0.6556037334270757,0.7835392868707977,1.1917871385569967,0.32499283688610453,0.16720226494663332,-0.055257991055044295,1.240012876397762,0.6390625339033198,0.5856460901549727,0.607870654237495,3
0.880354127188074,0.5067291461434049,0.06763866974144886,0.9872758545917013,0.03506681128213296,0.09592629013660568,0.027425595158379265,0.8769145307421568,0.7985951450067433,0.07474412045769456,3
0.12453143708745562,0.7213449544835242,0.9878224620180027,0.8007344941563068,0.6280309559828172,0.658223831456407,0.6113731010428103,0.3682825140333966,0.49752459636836577,0.6969503913857626,1
0.218652532469763,0.42783847650780005,0.3762635072515377,0.10737773927598268,0.8971774283837319,0.8901916105604712,0.6814260940721905,-0.04786680505037966,0.47012794159744564,0.7744044259834066,3
0.009973568023455823,0.052567942439637055,0.24866415147309384,0.2965491715729661,0.4011473198454719,0.8086479599720666,0.40529158529681897,0.2883329591723823,0.6878586946652472,0.4160197094845799,1
0.44815805819496024,0.7266861942095582,0.4846571018529266,1.0897961911870786,0.35406266706210876,-0.13867351669219252,1.000733437529723,0.5250686137486197,0.5575094025868496,0.931008201569646,1
0.34058883006422186,0.979378161933639,0.8684142377635903,0.719291804520455,0.8900109784176694,0.43630690979961684,0.9925379656065508,1.0318834952981863,0.5989489376949954,0.10533409018729233,2
0.18813254665552404,0.6551102040794817,0.9955589768967277,0.42939628669686974,0.8418656161775921,0.7083696218692999,0.5988214208920303,0.47199337842829664,0.1226498816520136,0.5042557387270642,1
0.6036655931038561,0.9216316236557791,0.319058170455364,0.6024507183555665,0.9628007429248177,0.45585829426140034,0.9497285684802292,0.08773701023017971,0.8725349971111217,0.8185777057325141,1
0.11240192059591315,1.089222683455618,0.6070337667516404,0.5104306566894334,0.7170851446248044,0.08132587895093468,0.6606482468749544,0.6033430382086241,0.4571549788580004,0.6151145630122059,1
1.103688849264699,0.6603867552529532,0.2884701740958833,1.0596162899628094,0.5036485133363141,0.5675545238719546,0.3907332117186163,0.9658799561005328,0.13709575656004694,-0.09163460244418442,2
0.46965026364707363,0.7287989670616039,0.5642110434212199,0.5760729404312125,0.3028866903450123,0.2607202129891794,0.7515150503314355,-0.09315637135336954,0.6061730603915122,0.7547856098090446,1
0.3126943799998895,0.15223560600782762,1.0336239972184766,0.4785049998944502,0.6736269004393242,0.2295111432780487,0.9319786865036886,0.49443377318816223,0.8013353379668475,0.16896474069643289,3
0.08432386875546624,0.3956517251325582,0.6373966923891795,0.6370592598048712,0.7533937551267866,0.6574748178627735,0.8233444965101602,0.055629022926547,0.24277410237237287,-0.15479810189352972,3
0.38381233452226277,0.16394633234879535,0.8366731528861499,0.3286085222237249,0.5955641614746675,1.196844083673623,0.6693015108835383,-0.022798146517974682,0.7097491112648131,0.8255602761232532,3
0.3787908626904276,-0.04678057849795356,0.3470617506418178,0.8528041467671641,0.7306879180279758,0.4606549744355247,0.591423464082497,-0.04878536177273264,0.33639837501637726,0.4580388217470442,3
0.13650457350136283,0.10693694093173953,0.38468149652746747,0.7156722629251346,0.09009543821594686,0.3903950717616725,0.5262946740225379,0.8501870958895125,0.4151298642055383,0.4451926260944601,0
0.26474864487707483,0.9547155699981659,0.6744699285389333,0.4716878530180278,0.7827210573946265,0.6381047701843856,0.617027620758829,0.5056685271835031,0.17643576557206583,0.34455730081356734,3
0.2442233245219025,0.449786226771384,0.9700497809572883,0.18610609104140852,0.16100080623155627,0.08094326918420773,0.9310427033362325,0.26137956022806313,1.004661240622851,0.23723410544498116,3
0.7721575863452905,0.6123960940292662,0.5278173293205057,0.3415559862325029,0.4678254345674332,0.045382428108024064,0.7067928874996169,0.3896312597969004,-0.07791502711839218,0.07405974790173835,2
0.7762972668590277,0.35234024146997306,1.2258128918234974,1.139569721198284,-0.7334878668418479,0.5809632228577546,-0.4189206681799671,0.9470285864916215,-0.08003228327847328,-0.22480153644033873,3
0.4041720451612809,0.5746481342138577,0.4194347209575745,0.15350216819790236,0.046079450383394206,0.6410292818501354,0.051190944002556936,0.6354897952478511,0.9451108292926873,0.1754379435645873,3
0.6992517348745367,0.4328984360523003,0.6005557124752365,0.7461448072925803,0.5435286426319862,0.931016565578714,0.6265068182154879,0.3080927079980419,0.1828335509460079,0.4676098352959886,2
0.05535450411909964,0.956651420506699,0.6877541330550366,0.300232147425925,0.9388008468099552,0.3873473382911506,0.6001602097549342,0.5840069159177242,0.6797863493362419,0.7182366305862615,1
0.36553923601456695,0.39662666076278646,0.17410953412258057,0.525532297399482,0.2945915804890855,0.04914736023819649,0.07024104588615682,0.9340535338078313,0.08904508464201993,0.52291027266192,2
0.08440092337684683,0.8943564880871664,0.8316695170203239,0.7893747021974937,0.17411916997266505,0.21917795525209866,0.9503600882889822,0.5989835263167693,0.7390793507526261,0.08624766382584326,0
1.047549440986454,0.5682796314382983,-0.10786963594284683,0.8913584535963457,0.17696193338202648,0.07192433985166438,0.0998273032609343,0.807309939722826,0.8526759251505702,0.09542417527295041,3
0.40860044764024395,0.7729834003040489,0.17124807465021322,0.7045750109327351,0.14650974182874174,0.7326416132786158,0.15573156790226872,0.4905934763784243,0.14138530648195624,0.356309576637859,0
0.0230799087432563,1.036471708829763,0.7475687704809693,0.27492090640220146,0.898822330221287,0.43384881477543397,0.6142404890382058,0.5492646590680498,0.6410095275645016,0.7336622996138453,1
0.9820075515817314,0.6641205968682198,0.37965300642916,0.5618286673268076,0.13387039547245155,0.20852386293102732,0.24094103223286692,-0.0010183900356302011,0.2459521657225891,0.7872407604528321,1
-0.016848349754301807,1.1380840613927588,0.7149552498019094,0.9284389519571675,0.44469789036438406,0.22983874222996836,1.0220156659647774,0.8107744976311656,0.7702023871411585,-0.12060288648123418,0
0.5200356442884503,0.1423270784124751,0.4993926234763671,0.3122033765953297,0.4156234550026282,0.4802632572079496,0.367405587141333,0.8016383651753615,0.3046618752853245,0.6003185812178633,2
0.7968320300329214,0.42864892065247195,0.5770739623920466,0.47964170861376443,-0.0572089229049913,0.4515493666945783,0.06119116236932977,0.4036697428798526,0.257442610566749,0.3861518902219651,3
0.5934252216121484,0.510211201741385,0.13520861479707438,-0.04919388360829466,0.6192945221181586,0.9018806627831105,0.852550361986063,0.04002619731472273,0.6253763748562156,-0.03856288092544205,3
0.251710884952087,0.9317015501134122,1.023395236771157,-0.015769900864952946,1.0874681877287435,0.5762502683066617,0.18170390691872634,1.0202503648843808,0.7983064167465025,1.0690452763727007,1
0.4605015814584805,0.21749740007172508,0.2851395266619138,0.15650155402586283,0.3499434348473693,0.8619882338962678,0.9397891039603306,0.25014535300664126,0.4561947640937854,0.035362765374161706,3
0.2564261402430454,0.5003926503937455,0.21149109779995906,0.4784150812003726,0.4627886257369143,0.06524792335395244,-0.13703290144362407,0.7442636543733042,0.07853291189676098,0.407899745539362,2
0.42562101979199707,0.5711475948468466,0.3918622790784529,0.1393288788419657,0.05169300090328733,0.6381270365841286,0.02925348667530834,0.6359823511809519,0.9347608193388294,0.1593866887059849,3
0.10037576158952685,0.872425295571799,0.7263690919062654,0.6117131414569892,0.6630558975464905,0.6152538089363925,0.5739832268478098,0.25365832498380414,0.5421031787139575,0.690993150467211,1
0.5964024836770314,0.9686868345038642,0.28414987931544594,0.5490161258781874,0.9913659268438171,0.4740022928771185,0.9410310156173552,0.1478417184912443,0.8782794369189542,0.803850986007713,1
0.2654218566273341,0.9023330569955709,0.6663029647976325,0.8936734997018658,0.3506264343202986,0.20390575198497576,0.9239010824479821,0.1318760475612691,0.4139520979144564,0.7103076407095487,1
0.40236040869195183,0.8217932976641537,0.5026628305083692,0.8324978544532236,-0.008987218454112792,0.24073421444562618,0.6087938339767212,0.23036216223762962,0.16875339997183647,0.22808892196072192,1
0.3227320398167717,0.9281094889624352,0.4517809124198034,0.7493726107055116,0.3085198912331075,-0.03344663709616563,0.4494362737378693,1.0307718511988209,0.672904302845067,-0.6536124213475062,0
0.8162533358508528,0.4446251745259271,0.24024146275181957,0.8992399193104533,0.5479439107246626,0.7057141863460575,0.2113382967691303,0.8557977728152559,0.2653807844759123,0.05012981049578517,2
0.5207301730862289,1.10283523691706,0.38707849293028085,0.5308138312450901,0.936513338762125,0.6138742011532604,0.9397802694272479,0.06798352781951134,0.9921715980369681,0.728705453231145,1
0.336848717227254,0.9199450215315741,0.9042747079741732,0.6315058739245535,0.7490245896669724,0.25603046725729184,0.8367918175254838,0.935421215223384,0.575110271540466,0.11032983388255801,2
0.46112781198395647,0.3105249593332272,0.912727826989336,0.4412536808791618,0.5908225504613915,0.1309866951595572,0.8996545205966896,0.6373708994979241,0.6737334258588271,0.2147524658816244,3
0.33600038595560405,0.39591276940398556,0.42715665997491337,0.2950171212064975,0.562225788122964,0.7392954985250076,0.7970363328934359,0.20888480059361986,0.4069981853125969,0.49274433988789706,2
0.9190072156379033,0.6858408620308415,0.4864437445046179,0.5120320157733881,0.32418473428796646,0.3247258275907171,0.2760177561070975,0.1002904601746397,0.3622089470018729,0.8965490340123623,1
0.8712650258998978,0.6217232818107833,0.5734137116633353,0.3244724233547147,0.07520693712801335,0.4423370172273373,0.41349345366838314,0.18851699546832112,0.23446498236477553,0.9841376349071989,1
-0.14602062148563466,1.0248743299572856,0.8533826209930127,0.18877786869699875,1.053042637544107,0.5799260265157358,0.7228124141127215,0.4820661401358566,0.7358822513755163,0.871494418910487,1
0.098082539613567,0.6684553923482445,0.9338149686854875,0.6155984844046118,0.7170215728441061,0.632997932857789,0.4207239484939748,0.44935531563933034,0.3423626155173584,0.4981323229000569,1
0.7240928566126489,0.07022159144271001,0.9951318020041666,0.46927012598396783,0.7195008947876715,0.15742617960304162,1.0937660609004303,0.7139820680804172,1.5608871913288709,-0.016607102342362956,3
0.07979832112566525,0.9733131769993152,0.6650341375516019,0.2712446278199515,0.9556043257637207,0.4008971454146744,0.5882143740142406,0.5728346422470436,0.7062312937904958,0.7418424132668006,1
0.9125724261266814,0.2678544126698682,1.3238587318823187,0.5030402990243288,1.1110223050747454,-0.10356466079026905,0.8225207395893579,0.2537529442219928,1.0595156487251942,0.6490590346522654,3
-0.007316108376667921,1.5645559792045725,1.2219218009725181,0.46305920191209116,0.6659337676736644,0.6182848738525589,0.5514169154507634,0.9532500002876294,1.0248485372698273,0.27183735425408545,0
0.521135447451277,0.7165986811888228,0.9348843074962251,-0.11137268805746631,0.14732299777053687,0.1665362742944771,0.11690622126249992,0.8502856375829597,0.7612084109843094,0.836580868834921,1
0.28355986611411954,0.24768634928824965,-0.06321410481012622,-0.1134347590296387,0.1803531866902251,0.10635086505743206,0.2752778821495549,0.11406367972731751,0.8064622488065583,0.3348131484610698,2
0.15603945914519995,0.6890558105063056,0.8241597982745302,0.4830326103042173,0.7880937141074689,0.5234087084021071,0.46130452010200906,0.41037853839905486,0.2670163687035821,0.5639201845018833,1
0.05287393864720429,0.7771210349321843,0.8480711016288852,0.22427839223490414,0.979922706855383,0.5298134072953251,0.6812870661766628,0.45069336299556867,0.7268369181559398,0.49731676572023237,2
0.4588345597352476,0.2094455765356688,0.2686599855893809,0.11654191173305148,0.38799302287041204,0.8521953877898297,0.9015273713885682,0.19579629952111624,0.48975753773444614,0.09230598844481742,3
0.9599479105663291,0.5698814456291653,0.8291113993905999,0.44178088409852023,0.7429783999306421,0.15702511927622215,0.7114944604557875,0.45876463700024855,-0.09808851463678092,0.1963128914841348,2
0.42340503486621694,0.5620338606279839,0.39611203305349907,0.1439270088661724,0.0444205022045187,0.647893275509647,0.031066119311936206,0.6318297839583157,0.9304098568056427,0.16019289411914114,3
0.4074921691117388,0.5574137701213964,0.40177998781332236,0.1296354571954859,0.0362429398967178,0.6596612551692148,0.031843720426122345,0.6480042673263158,0.9366654815277923,0.14610428878879594,3
0.45770287244227537,0.21750677153125048,0.28499908416942077,0.1598013509344568,0.36288931957604587,0.8570562253626571,0.9419967536949738,0.25094943206700643,0.45601456644350163,0.039059266091272,3
0.8265782119024027,0.8406603038515951,0.12697649404778155,0.31636400655762387,0.451898115356006,0.16866394602722812,0.0007745841659886343,0.2500172570867936,0.6785283203701282,1.0116409933864325,1
-0.3031197921217346,0.6393309105206091,0.7461009662716577,1.0925468564336382,0.21017918761646012,0.11683738310178521,1.0140559996473295,0.2629175338406706,0.7501090097333901,-0.1478415126179794,0
0.7043471984531576,0.3202140594923111,0.2738077828310339,0.4920297821473469,-0.08959682157925314,0.38581019489821106,0.4179482727944454,0.5726324856062054,0.23294830822397433,0.9181349391142503,2
0.4089228236522105,0.8381600511338361,0.5113399943544947,0.703515174362193,0.9091127596040466,0.4815379947861489,0.33460045590393217,0.9273818247006103,0.7882550583530132,0.8562480195980353,3
0.059579838714850786,0.9631533324521673,0.6921333538576004,0.3030405787127272,0.931059877380918,0.39596356769054997,0.6064103176604364,0.5847128205039145,0.6847048024058003,0.7159635012958696,1
0.6609884360040474,0.03588752482489033,0.5583309447602175,0.11646633825572761,0.2300946503108789,-0.6388282155933888,-0.288599738618172,0.3979369102216683,0.4265317647868024,0.6756895327798736,1
0.37130951624422004,0.8322571847745732,0.45441063880540566,0.7927164960683223,-0.0063857800204276515,0.2577104581705709,0.6137020476719094,0.2744086878505127,0.1778276040587457,0.19599278423310368,1
1.0290408414266248,-0.02798583912231077,0.09326538427500441,0.694339374504705,1.0754981556361443,0.10873133334751549,0.7090874386916098,0.6610541663394911,0.6634164703668992,0.7901169442889817,1
0.9230195200846789,0.6539325735813959,0.519182999732752,0.20163184617758254,0.2295271564107608,0.2987532785148972,0.3004992960535998,1.072587799401292,0.596743729656168,0.7007679874308692,3
0.8090152924437704,0.994302471066505,-0.31671686267138954,0.6524195761801368,-0.3186295268599141,0.4451204500201249,0.0405530974596201,-0.012903409187213027,0.6295575071243268,0.45805157286718845,1
0.39420556033012044,0.4372880066929693,0.14053143008828847,0.5163359176589948,0.28281544092807853,0.031700049071748546,-0.02223332181642372,0.71686115127758,0.14663748175553185,0.5772450699224778,2
0.2909724662848303,0.4515548707916862,0.43707795760607365,0.23195752568925548,0.5901418480498105,0.7319735169806106,0.8271820053853991,0.20321024514971542,0.38020429179284065,0.5254491000537365,2
0.8065740388817405,0.09552159168897173,0.6701304730428005,0.5951152524564388,-0.025616830472798516,0.6425744728956605,0.25124627997435667,0.7969248113681948,0.6955009276998094,0.543292366136817,3
1.0819614416801961,0.8075335700641734,0.030298269327685423,0.750618137671891,0.7920954425127744,0.602295306962127,0.75371397349432,1.1590416891461313,0.014105228594137618,-0.05316511351788088,2
0.06955859763248921,0.5949984198509207,0.9336647554741709,0.6651976651965084,0.7074982211531563,0.6518496878909271,0.353147692422834,0.49253762092948905,0.27001753444232224,0.4963898661384187,1
1.1949949392400612,0.8112425039695568,0.01442401484809308,0.9856740859911575,0.6653941891427663,0.7243986984965417,0.30206041445608167,0.7731065638974155,-0.0615872966789556,-0.11927384415972436,2
0.5101831154236018,0.8013223007234073,0.542414189847913,0.7218258218539183,-0.09776108355188208,0.1772571857673001,0.5774642738975904,0.18526422514149707,0.03113443766299555,0.12221503297937507,1
0.5956482448737838,0.655216370072332,0.4837201526679422,0.24106412560040158,0.7709727457827509,-0.18330739000952362,1.0516209316497038,0.47819875271638523,-0.08331393085671912,0.45312657360178166,2
0.055917192205796294,0.7738756369957296,0.8467050516732079,0.21890478459982476,0.9873675695346619,0.5313976316113395,0.6857114401263265,0.46155340601592615,0.7162995509362361,0.5073125972686727,2
0.38205254616734624,0.8795589317884721,0.41077502034244634,0.8574356160141111,-0.028636626691641014,0.2537949593855191,0.5964755867474222,0.2842493373143536,0.11039647092953114,0.20242045541061154,1
0.05951677958844975,0.7836762820186244,0.8424785186773919,0.20787539759907903,0.9881194598940891,0.5421713594368258,0.6796618123799242,0.45376698106320335,0.7230433076340521,0.5157423340898479,2
0.2445875143287158,0.3985002536793198,0.5409374120552195,0.24740044262036284,0.6167897762893947,0.9560784041819291,0.8511417769487676,0.00973484709636356,0.4690454461434973,0.7628268186468816,3
0.19597038728498856,0.29450878250664025,1.0940330032696148,1.1723336834146534,1.2478656516157594,0.7599094268277344,0.5206095310898944,0.9184086789959064,0.9031382233268183,0.4605137869294348,3
-0.2771372495648716,1.0592194786790123,1.3719475747095116,-0.6724407479048135,-0.3357142373181713,-0.12380813639531082,0.5873853272177315,0.14566923279982336,1.796427793221394,0.38492566475538226,3
-0.09998054681044352,0.7823994290994158,0.8444691809672973,0.9280824176660976,1.0174331771141434,-0.028991726397656792,0.915391843095908,0.7864452356685897,0.7824778493191753,0.9721090146519721,1
0.07057842456500574,0.9546817744491242,0.7098777556857839,0.2914831414566518,0.9493562472633815,0.3621833167292779,0.5729021960079709,0.587911066138069,0.7041292806832027,0.7352424522574181,1
0.28663388491826003,0.9309908933371601,0.8639212523809516,0.6532557227535875,0.7802397862460081,0.2236717456090188,0.8090525099999977,0.9156662478687005,0.5576543884400432,0.03605800432958339,2
0.05244434820970419,0.9444431979692726,0.6264189862915961,0.31782973543714077,0.8630466796435756,0.4255265025171953,0.6247604248691462,0.6433301309077852,0.6510706401132338,0.8052232002395121,1
0.3766378110903345,0.8448116741102765,0.4657358473987644,0.7981994782751596,0.014841736729038126,0.26884870799769184,0.5957222109474881,0.2501878009645409,0.16537453997561674,0.2229963015772323,1
-0.13624357714983815,0.9736694762997511,0.8737747046322885,1.0192388142051683,0.4575264698370557,0.3762406231926371,1.049019304889874,0.6745761346140575,0.8355653400937366,-0.11341975440462046,0
0.49945363358960215,0.8348896807879833,0.39615116863212063,0.427841762772456,1.0098452276295478,0.40965535452595114,0.9925868147878055,0.11660825353093422,0.8766493363474112,0.8082857850385352,1
0.9100608544723142,0.7346674355060001,0.5267122835516016,0.4708266073516953,0.2731391041565176,0.2657776657036241,0.23130461744301187,0.12992405092739245,0.3785593421532756,0.8676001205751902,1
0.3614765534252627,0.795107077675582,0.567844811514693,0.75109979527719,-0.08749674986481504,0.32100739562972797,0.5311140305986096,0.2994222137710476,0.04805172580807804,0.10417478223984897,1
-0.355351901685247,-0.6446222909402504,0.6594877240829835,0.36824234717314513,1.1323194694295016,-0.3646137989597648,1.2710931447417257,0.7953635215344244,0.9669489472773175,1.105350393492814,1
0.1094583896093573,0.09804297332799156,0.41112608474517326,0.7099355900131041,0.0943165629381728,0.36693382369568106,0.5754125094481379,0.8199219736634062,0.45291311457661576,0.42248200888131643,0
0.3980202696485965,0.35386851016264886,0.15301739758370284,0.19316948427219377,0.45606404087581254,0.9360781577744423,0.9392921083062119,0.2788165707795376,0.4097795115309962,-0.058237703501827984,3
0.1474327100159129,0.4570786171656949,1.137220810245798,0.4759771129434509,0.7407663202252454,0.46542697560061974,0.25149521252104345,0.37645084637628756,0.4311463297273077,0.3771224190435791,1
0.666244047600571,0.1540048169422727,0.7072858764301216,-0.05856281073475557,0.9954088548313504,0.6540550550940246,0.6656365992787323,0.8916886567514885,-0.010153335792824236,0.712537829455292,3
0.1362535196221914,0.3656058795674319,0.01365667922929118,0.06085908124979194,0.45388778793232487,0.07596667795153744,0.1573430275419607,0.3795742212319506,0.9235008935818242,0.25739532290550227,2
0.5997308806250974,0.9635602703802038,0.3031430156742767,0.5627324794465715,0.9803814814015697,0.4962108144181762,0.9619468502458288,0.12994326687577162,0.8848648492021205,0.8198476923905077,1
-0.08248091276810465,0.43889976128697433,0.5379402485574156,0.8832432029501499,0.7752361090798747,0.5885137353536933,1.0337484544831095,-0.10797625072812331,0.775789755961192,0.5064401616862104,1
0.795181507414956,-0.2549526666116922,0.5503851639975448,0.24788659874038646,0.3552895638382596,0.7037148004577801,0.39293712844585926,0.3918604335085427,0.45282563350306837,0.7874891009916681,3
0.38703660226445075,0.49547069790692866,0.25484690711964203,0.5092893332541255,0.503942457245209,0.6449866411166207,1.0428282784898393,0.9384172760023938,0.43685722601125293,0.20345446376534881,3
0.6935248343662055,0.25942251932432214,0.3126705433860326,0.04640163409843091,0.40743244849919824,0.7474375254487217,0.01867277537218831,-0.15937305023358095,1.2445459313070608,0.4007727745916007,3
0.9605122896554911,0.45783433435860793,0.06705963193158883,0.9915543589896377,0.033331883067774945,0.18870809851770537,-0.014290204917971588,0.8421240298660603,0.8355880806376956,0.03264486221465241,3
0.5355864204055352,0.8891667631109544,0.7949258835960373,0.4355608952411466,0.9159443763057821,0.1106198610515077,0.7432363368258981,0.8776414662207805,0.4491213535275822,-0.10184194154649157,2
0.7132683257774213,1.0048482856682899,0.7604006166067635,0.7298887162158847,0.9804647624200273,0.6175009311642359,0.40696169601776366,1.0402941801860615,1.024683557960337,0.7362279611228502,3
0.3026947991513715,0.9448059787485822,0.7740624369243617,0.748046937499972,0.33178036121400295,0.21949669889475115,0.8814875824623978,0.04380209040743516,0.3550745977434837,0.7387475209974107,1
0.2705228074553727,1.0824310835798252,0.5809494819075798,0.4202903382224029,0.7824898899066092,0.7275966430140182,0.6425711560536943,0.512276147752546,0.07048776155693173,0.35771647774376936,3
0.499515888183033,0.45037578483496155,0.1146584530930792,0.5988419535633003,0.3831492391212447,0.6673039666640392,0.938014193051584,0.8433017266941218,0.48713262575616756,0.33234863576132656,3
-0.4756861657328084,-0.36606808143679403,1.5578401983772947,1.1585134045580077,2.0146077281694605,-0.99552790267626,1.2330537820023681,2.1732736573725635,1.857228330943477,1.6800202325002647,1
0.17738013942862968,0.38431406628866127,-0.02771047052090233,0.012459136435928976,0.2687622362192781,0.09984202584158816,0.2155888679191258,0.4619651950054131,0.8205686372012544,0.19818784793022334,2
0.9307485221798398,0.49836164355223406,0.03746685073762328,0.979788217341499,0.06461802287122234,0.1595546588941669,0.03031860205523631,0.9116924252709545,0.7698005021267313,0.03022041830128015,3
0.4329887610618792,1.001030395461671,0.9837828832518054,0.4788951428841491,0.47615256677440676,0.46270247185501334,0.455467163931464,0.8382789497768913,0.444587494922872,-0.3177103264555495,0
0.44390993378381194,0.8772850032015894,0.37397709274898716,0.8579304175292239,-0.09858406725719997,0.16165957094304648,0.6743678879210591,0.1484437563785449,0.23238365526408392,0.2591383725959152,1
0.05243512811975521,0.9207599913928884,0.8525455525778438,0.7838742877631115,0.1824551606563959,0.24154121002061898,0.975027041000438,0.5499384275139375,0.6860823819123716,0.06200762386036367,0
0.3357814605125307,0.9763241180421639,0.8929724345206659,0.5948211183392303,0.7702516599663672,0.23218495048082932,0.8414369226183267,0.8663730173823391,0.5507628821421661,0.05173491321332703,2
0.9604736236504393,0.7252823435119437,0.6624391325390723,0.2585864637663576,0.40326643656927547,0.45240528994606993,0.46087401500714,0.9508191675174605,0.6660727606692578,0.8282477705486193,3
0.8343934323212927,1.3004821185567446,1.199212590243048,0.2704050445479549,0.8870157101118954,1.2384114394398886,0.026441841026546564,0.3944554085593624,0.7785112073868563,0.3687811680723774,1
0.7356805670343918,0.672570617451978,0.8279272034407351,0.11483086122281422,0.13972373386032616,0.12999367126000855,0.300210644619278,0.8692299150497004,0.8911075588855274,0.8589758739932465,1
0.05128890760723209,0.7739434758796775,0.8456446177458168,0.21480826197359654,0.9904332811931975,0.5334281454918586,0.6877361806401279,0.46024412744282156,0.7175718280127114,0.5079798372792973,2
0.47318677221005634,0.48467507009589506,0.9176925449679558,0.4365982665779967,0.3011575263801628,0.1437286698437486,0.8271725278487856,0.11221680083472957,1.113618715901728,0.49256863966877323,3
0.7649334761736446,0.36189748930216015,-0.021238642526278162,0.6040316354061593,0.5238831320912063,0.6485213318937787,0.9178868277507113,0.36177722275440677,0.3472487918868482,0.9621997240134698,2
0.010123203469418918,0.1503873866557917,0.18482958991325088,0.3121648392857308,0.24566960381211927,0.9521979504262024,0.2849318358225646,0.3605498906545587,0.6022775410430199,0.46408449128425466,1
0.2042009275669407,0.8982590561165003,0.8118273117454767,-0.19660405923579372,0.615945618978449,0.6887210006531125,1.160234514331416,-0.10765864927570012,0.9198168700689509,0.9036439352682499,3
0.4312840843765859,0.5603167166097509,0.62721788120451,0.19966253047070256,0.7233000933139743,0.8916523608986403,0.2426259788199927,1.1511668856962955,0.5273290447067277,0.6794916345802005,1
0.6207277725042746,0.11793399964919521,0.38066629986188133,0.46840323083446006,0.32635570407075987,0.3312749815319807,0.5331741163241727,0.9565494595843079,0.2126690390047902,0.49632035093738314,2
1.0319158312979804,0.6432798136441981,0.6696715258583077,0.19208055729455376,0.41627753889012264,0.5168333095645321,0.47379435280096915,0.9717059839404687,0.7014048491207203,0.799742709323198,3
0.735989593065677,0.41018961568002643,0.5827272197952358,0.7111200675842768,0.535184848444748,0.9089046612601074,0.6607315253495226,0.33907420887609513,0.22322436585305797,0.4559923999124674,2
0.4730107773958083,0.22014632042869706,0.30793631461025617,0.15669254519315312,0.33780814216210714,0.8600839156110835,0.9525642415226235,0.27755189266709135,0.47469027680805814,0.027417709504031735,3
0.3276147460451866,0.4518673860355617,0.34708593633820406,0.182833015891037,0.23932387760594373,0.17947574246997167,0.6571201638658879,0.6392667904302499,0.35943133372849034,0.7099921839696871,2
0.030903571159176857,1.2136917433925187,0.6818803266984388,0.4746824128473032,0.46777588086346283,0.5458779987906277,0.7931033150716094,0.23470299492374302,0.6484310274176703,0.945625128283867,1
0.2533855090229636,0.5047611567286117,0.9880639064124433,0.19941485679873674,0.21865662986575224,0.05260818149380236,0.9531535055313181,0.2417302878609998,0.965999028509713,0.26535703061065574,3
0.5877853895883081,0.10394089706439669,0.3820808483581759,0.22956580521141343,0.40070264719878657,0.7152016872721164,0.8417076054088498,0.33259031424255975,0.4001301587591072,0.09064568389371438,3
1.1452171166885732,1.4128677861585486,1.0983036443454939,0.8097562535701218,-0.7018181769170024,0.025469578107596313,1.4582322268192078,0.5395207843609063,-0.7315216116305931,1.58051808010269,1
0.10802587167287189,0.3934786897866066,0.09492272700314851,0.08320857743880566,0.5281532708874516,0.16937789014761837,0.2157590352386346,0.419327725756753,0.840209173054222,0.18236925601082188,2
0.1081950015463159,0.5800408589295825,1.0012256438907277,0.5596433704391858,0.7917345737757867,0.6806551675479071,0.45150004720522213,0.4742786126660658,0.2723930003813414,0.4073749736059135,1
-0.0600969462631297,1.1173973216125799,0.9825241644966861,0.6006091686814646,0.025494916157173725,0.16781321898600499,0.9044675035977456,0.5681613828909539,0.7089814956194379,0.24752399006520912,0
0.2500209399268489,0.46145674304919126,0.5461301967872476,0.2951012106765086,0.6644036195599071,0.9123524537130332,0.9472230955966208,0.07113139556431097,0.412455834513901,0.5898511481299522,3
1.0470999040119713,-0.07293403636110685,1.9471427338907197,0.04499154272227193,0.2422918402366648,-0.8854386922696664,0.03243706084785003,0.6378295597823636,0.10340234118756975,-0.05762827755407435,3
0.1166418601135744,0.43427960224100925,0.9725275578274718,0.25479435871944556,0.2632657202565832,0.1641372302301755,0.9204148079542271,0.29490161846683066,1.1037724448713848,0.118339642343031,3
1.3360760132083431,0.35409416475283684,0.6184843665470876,0.6625104646447628,0.18582025599526308,0.0755359314209832,0.28964045184751763,0.9698018278480658,0.6031931150069574,1.122967422558147,3
0.9372306894399467,0.739949209918806,0.3385888147733075,1.0091424764090642,0.7152639528353324,0.7173891304415019,0.352577861327102,1.0465634674110371,-0.15587734721843388,0.19771421393014169,2
0.3398518448298687,0.1762467827428408,0.5073554005100844,-0.1722441902464126,0.6721436609010776,1.1162754717747914,0.8165455136617494,0.08331576190475609,0.4794846650423909,0.47985813123923104,3
0.971638100690267,0.4515683634797917,0.07580113902484067,1.0524743557243394,0.004186489033769614,0.10348574579503453,0.03713407144281803,0.8923681204755454,0.8431968050928881,0.09499316483743062,3
-0.1530483729839494,-0.009415069309286261,0.41246997384683703,1.4442212089326965,1.022144268895109,0.1853764103849583,1.320037029192688,0.24460292838251507,1.0733143999671997,1.2373979293705584,1
0.4126835997645792,0.5494283285702934,0.3886209364498698,0.14442074460124388,0.036691288070536315,0.6471919860118264,0.035953092556204186,0.6316748430461299,0.9458248031986302,0.17144239150600582,3
0.49676880346876645,1.0573837452428236,0.3112469488279309,1.359237995531247,0.5951923621374491,-0.024838023249307076,0.7004829396780184,0.5584641288096813,0.6495723166890378,1.411494705292821,1
0.8293482892751056,0.3333098178911186,0.5092152773684505,0.76091478744883,0.5906413018149931,1.0069441394726288,0.5646566270069522,0.24243806512885108,0.05223690273422987,0.518230543092877,2
0.18182128062698266,0.5257054056296878,0.05042482085347081,0.27711146966148575,0.5187728916356154,-0.07213100938047867,0.03753001163132733,0.7454761211413219,-0.10355734835565494,0.8442298423687028,2
0.33367442141906856,0.9325674971985365,0.4332058743802527,0.7189589689019703,-0.01455951334243031,0.2297278187713539,0.5762004494090129,0.32015872337430956,0.06014452360569797,0.16655902295636338,1
0.788910870628331,0.46460711195217447,0.1866279217430114,0.5964734793410691,0.40384360830861155,0.8325228404883932,-0.20007032533691732,0.056954592605192644,0.0651924589634105,0.050389902230770556,0
0.22781835110185955,1.0010478680292079,0.663452840623829,0.45521977096247307,0.7971760228598617,0.6397524881040618,0.6534899226062422,0.4850290747740634,0.12200271667818144,0.37752005887454365,3
-0.10034068924159747,0.33376309272514454,-0.24842207123527354,0.07928840677966299,0.5776450782185765,0.18874066024202507,0.1229449443688798,0.37841399627312755,0.7140487136260292,0.2516646048599448,2
0.2925958589770653,0.07624841176785077,0.10012539992082797,0.13278103977926792,0.3979557812875974,0.7779615328363645,0.3820013745695217,0.47152446898838574,0.6504992327134157,0.48073835070473975,1
0.6256480121052708,-0.5681845119706207,0.9009372437411896,0.04267664979595864,0.2812391485375536,-0.15633022942231595,0.7579609418122777,-0.14753564205355096,1.2427918154668736,0.713103712655061,3
0.23611856770059483,0.29503161021297053,0.9130347771125341,0.1591887475643805,-0.05821643481393629,0.045288488422585295,1.0228763925953253,0.3766544929218872,0.7327291974007747,0.523548534940184,3
0.9077527054375629,0.7653405128969054,0.5084892390873398,0.43583011487695267,0.2997242151215391,0.29889792144740773,0.21591259215314962,0.1466581612150751,0.36827981457962045,0.8590191962977064,1
0.26332151129481474,0.4098610156501591,0.5727447200374304,0.18360635498881017,0.7619907472293559,0.8996690342150621,0.8630270463097349,0.11500229459399887,0.41202490966116184,0.622072072653615,3
0.9671427272359803,0.6911375083869586,0.1810492613271283,0.9602741336148545,0.611301746174979,0.7415318856253682,0.5062798538156773,0.9822861250679317,0.012275940625588483,0.057979759607417664,2
0.876071474049231,0.7234091005162608,1.1242083968639531,-0.12231992437630831,-0.010420449225719441,0.10810178742421632,0.5056074637548776,1.1104049212128984,0.7888869756195808,0.9783402847207874,1
0.03480064172448505,0.20267413197180723,0.43142355497802853,0.6211864288189437,0.11610487197679022,0.3290984146820094,0.4903499978854564,0.7778332183828776,0.4682500354804945,0.46776252650181793,0
0.3283385559569714,0.9580254936382818,0.3892636610289076,0.8703371350212463,-0.10126795754636361,0.3051200588865323,0.6683420365462348,0.21436355992730052,0.049997245597453416,0.11245963600832566,1
-0.018934041748998126,1.0759303566819778,-0.07561796728067151,0.4155070417444119,0.8265120155625122,0.8862181998824687,0.7742218397704344,0.10042692878835101,0.3455764881160331,0.703814924060078,0
0.23982771251382548,0.517302800417588,0.6428063572224427,0.952427033757183,0.9749114624514791,0.14980504369489817,0.8880334665175333,0.8094024353692686,0.41921026791889837,0.902883711834095,1
0.024249751371484548,0.9771304736904027,0.6966388474481678,0.23349920573199773,0.9801113918277,0.43981940162341243,0.6372332070228557,0.6057939206242595,0.7656304261228638,0.7370066544462287,1
0.3900352060114641,0.45945776198902555,0.3959834311833399,0.29586313842514206,0.5247257672184874,0.7092777886182637,0.8572467102106297,0.21104217795444377,0.45862459017611534,0.46863926863310423,2
0.9958729089348387,0.7171631672527784,0.5178346716491368,0.37920144627335894,0.2806813557535433,0.2322480723969246,0.15703741541699645,0.17544276693588443,0.2824123537465224,0.9766594495453365,1
0.3722873996570393,0.9109323655515456,0.7128317166813829,0.7916830201304018,0.430448217711919,0.2292074602452564,0.9301013496400796,0.07915221127274044,0.3402776074707907,0.7572083802612322,1
0.45988677951134754,0.6203160781801083,0.22325972715575368,0.6420831992277687,0.4082167057427059,0.6590664937656325,0.8766840148386986,0.8348375280822713,0.4049209589456792,0.234161913173247,3
0.4895190308149732,-0.04470070447759733,0.42346375015951154,0.9997859017863701,0.7673508049778044,-0.3007787416879259,0.008241134888317993,0.8137943929020242,0.4317342735990938,0.8746450254445549,2
0.3791778887980664,0.07859146798061373,0.6234663462289576,0.1483492882440694,0.1333518943148444,0.6878188465640913,0.3038720930438745,0.26536701295975124,0.9255520877349936,0.23791012118225563,3
0.0968371175465614,0.9558668679457587,0.7596172635959758,0.8459540991044266,0.26663509268210683,0.22931805810320413,0.9339755858510312,0.5808648623708481,0.7445427423670449,-0.044963726666947534,0
0.37103933145907697,0.3502985038226795,0.8933084807344874,0.43810508217490635,0.6315152477220942,0.10893835998909868,0.9427494261593645,0.6074259711800919,0.6429833872089986,0.11927929124621466,3
0.7550306208455537,0.421638236444901,0.6467023297392444,0.8092910533651759,0.6153660902392603,0.865301178082829,0.6394547010650652,0.2997385569500824,0.14626193204840363,0.41034598752253865,2
0.7378772011780991,0.3310596011576713,0.7089724106901714,0.5550381619506655,0.7442859704314546,0.971786510280945,0.4351776990834867,0.056781263393359205,0.45055005769665846,0.4721766858850067,2
-0.018924657758462526,0.6685550951280765,0.8872609216991476,0.627856233443834,1.0000265889207802,-0.03303563069228073,0.2960414876232636,1.5804465971817083,0.1260941351962067,-0.15426848462488096,1
0.8391907830973314,0.7907172833187397,0.5849507850423693,0.44035989683066373,0.26982233594065863,0.246561307637944,0.20663712142234425,0.09628619950262858,0.3137642262869778,0.9219569273870264,1
0.20254375918240455,0.9624709387797732,0.7650914696135804,0.4121009237076438,0.6988225380019777,0.7234537145963267,0.6076648634956331,0.47832682560702094,0.18419501043119804,0.36951987310659556,3
-0.13938053084869506,0.4469479238222213,0.3289624412489254,0.4662709726430605,0.6854200410535195,0.43566166498525677,0.6401253476005371,0.07129867752291182,0.15915253556996717,0.22253564043299418,3
0.0796313303969319,0.2676541107528323,0.14972311141775518,0.2930426118256581,0.3296593126221313,0.8656850189773682,0.18570589440295784,0.31681827520900296,0.7131539594116291,0.6290510554910973,1
0.9237060074314651,0.37809399387637177,0.7373344153918538,0.540598555044967,0.38776851510312027,0.6371511802800995,0.5088572948486922,0.503420274751582,0.19150894992969875,0.7732891942364437,2
0.4836822192010936,0.38727222958680113,0.10252024001337277,0.4938682467983145,0.3907829843365762,0.15373238132494207,0.03638762192491267,0.8432595185130707,0.04400602732056425,0.5884744118711421,2
0.832450289037943,0.04191356302189164,0.251312787273653,0.1896560496314149,0.3167865534458906,0.19143019276303447,0.5160304241998017,0.6152012493810473,0.42100269471296814,0.9383376257613745,2
0.055956295159879564,0.774840761861794,0.8464815749111193,0.2191657715860195,0.9871565472888347,0.5322048797459203,0.6847723995927238,0.461288270420846,0.7151577805107102,0.5078309289457238,2
0.7452432702554816,0.5552441106652627,0.9691640680412534,0.031588130946283405,0.17787412531859192,0.20388393609921435,0.3714589011266322,0.8433030090434648,0.9183719639193682,0.7575108098141718,1
0.7054286292182461,0.35052433348795675,0.7405849090250085,-0.0861721168994608,0.7600455864749044,0.5838903737719127,0.5403299805820339,0.7720818969909431,0.32772885004253766,0.7047603092338741,3
0.2574390994493952,0.37622805106856244,0.5409819712424296,0.22322063980294674,0.67147926088131,0.9182836995066462,0.8217690829899404,0.06475056258897663,0.36186775522943593,0.6028383450743146,3
0.3753799602524771,0.8402751411707465,0.5278186728571643,0.8640406526127418,0.025458325228411183,0.22899688264154333,0.5657148892949078,0.19018514810393172,0.08413641041226587,0.25048071118266885,1
0.8579811796040453,0.5009928681244674,0.09552552525732824,0.7527643189140178,0.7290378850831885,0.6754807093715852,0.6608939678722605,1.0296550275943148,0.1321802605254454,0.03144551785107846,2
0.1814120749019093,0.32081638761417075,0.32689247080903455,0.02582445959531012,0.7303370245533198,0.890956466484508,0.6200761079352144,0.014670762289873573,0.5902951080398016,0.3002272291278755,3
-0.016949086762693785,1.0837242155136635,-0.05000746301976554,0.17666088456628676,0.7078671535679325,0.9158157359471389,0.7043397851080497,0.11248934648006177,0.23520204134503095,0.9242776077520913,0
0.594850370415587,0.13478236108911848,0.17987384304643822,0.26149672792780615,0.35206563719772893,0.9685943990556154,1.0474247972653292,0.3124803573278334,0.6000735232270712,0.1404563439694556,3
1.0287174837915922,0.5909949797716421,-0.08802827019929499,1.0193573566963692,0.07358333727103633,0.1412758838355492,0.038117448321603825,0.7781332810642195,0.7799339624889455,0.13616978504886867,3
0.21684616581487315,0.3672802847087424,0.7404926115666524,-0.2178171935647002,-0.287652480605925,0.8300033029411344,-0.06518285777092941,-0.09264106482647061,-0.040352382906279904,-0.10471058217334706,3
0.6735933554522984,0.03224450414941356,0.3781797085133805,0.28388667704307324,0.30853281576240854,0.48573351967884504,0.5225811215342466,0.5947612231745648,0.14679196275937872,0.4713573233694481,2
1.05851588646067,0.631856122487024,0.8856322468485869,0.1559647480474778,1.2161341174331524,1.369870376138456,0.18714018058906962,0.1603780218448208,0.9239804005279826,0.46586977737732715,2
0.4979028561367881,0.11742639171638329,0.16762717932696267,0.15663114027174121,0.3774061514889113,0.9048588359359467,0.9555150935460147,0.16086242296129727,0.5170974060066287,-0.07845849162509926,3
0.6466893539637127,1.162871674812663,0.8554343786392592,0.8349609852694597,0.32644991716089583,0.4270626950934702,1.0961365611501115,-0.18429230942592784,0.2756521586351953,0.771758175001272,1
0.2565435050946489,1.0321178500275823,0.6106329133950905,0.5226358777556022,0.825468206515429,0.6021379676338333,0.5934318117035622,0.5444000015163832,0.11815190151209773,0.44001469147138517,3
0.42769804627372615,0.7620486462522088,0.6833819435226445,0.8442920725781149,0.8247540753797338,0.49987256033403205,0.09408157092504019,1.0042856820163168,0.9446120024294826,0.7577399886431196,3
0.22768055519146457,0.10068967951715024,0.875902956721626,0.4381231098333179,0.8214812231782993,0.015439221390126818,1.0129494656734614,0.47289942142646163,0.23573504365702078,0.7843524757417619,1
-0.06175863086394853,0.6940751202898789,1.0066606420146575,0.9084962978948004,0.43155236244805617,0.46148779335451195,1.1350588581247623,0.5105534678066445,0.6693705967136182,-0.11910458714021699,0
0.5421442623346141,0.542944626729337,0.25985196030853014,0.5621875662115696,0.44301107293515474,0.7494987149295977,0.9333430548375395,0.9052509705341961,0.4688846463045087,0.21866515345883528,3
0.22864048715957408,0.29629798843736327,0.26361136397357177,-0.047399174938590825,0.7597226142524257,0.9080455276598498,0.675660386422068,0.0735883541298647,0.68326967919003,0.3840679798758605,3
0.45879303318114767,0.8686308927610775,0.4941027625844478,0.7292133914056391,-0.031263436787763076,0.35619586749192833,0.5582387474056129,0.1941533592823994,0.21650931627113534,0.21104255495519061,1
0.37926890044676437,1.0070572782611755,0.41484213913400847,0.8568846465858624,-0.11988107905290832,0.10063919879765615,0.6613391125514856,0.3725615943897981,0.31069316895684207,0.14149369111434013,1
0.061166399858798806,0.9601297517724606,0.8443033750394527,0.7638846489575937,0.19007636839570186,0.25827458540322107,0.9536474513350608,0.5197408614350595,0.6527002442807064,0.028736335715703477,0
0.5401809455860576,0.5701393105277217,0.11856897159318426,0.6810045611240092,0.3000239498597358,0.9896332617045673,0.11131826728313812,0.4125331174031551,0.12666808976697425,0.36482583329963636,0
0.7932508634410735,0.8664200141675553,0.6739588842623456,0.2738744045374259,0.902805968584391,0.9684306365883312,0.1564467320506652,0.44338201842074193,0.7028057557601659,0.45790183275215346,2
0.1372065847920917,0.09574954252141664,0.3842500199755268,0.7191303001655307,0.09187691817471198,0.38826385958310056,0.5283713504772118,0.8428719650190518,0.4189176899301425,0.4448319159416607,0
0.15863834640720834,0.13563236934947964,0.37373137370150916,0.6860640137845748,0.06294799009614738,0.37602305855256446,0.5707002167401062,0.8131699362444682,0.42971237810697127,0.4198217959475212,0
0.32289549448066324,0.4248533065338179,0.457921201358835,0.273355974971706,0.5736032304657376,0.6972438279940096,0.8223062913724308,0.24439461663932735,0.4094192208407885,0.4877624890269161,2
0.7564747472354272,0.521965483650356,0.8719838282303862,-0.4087846280970886,-0.776991637054461,-0.14134928158599386,0.2860950107591622,0.2304606159902831,0.4278273900361823,1.7382865358367008,3
0.45447177426941715,0.33841010366752056,0.5059788358000918,0.12001624531282266,0.33797090499903015,-0.14604040041238242,0.8171401725135043,0.3981207001087037,0.40070755489031473,1.2618155306377095,1
0.6758556463382802,0.48811458105786515,0.569345273595829,0.6341975153870308,0.67967534978633,0.9852165358099984,0.7486484479707015,0.20012416506437297,0.2932971408851245,0.354574263385415,2
0.24049715816929085,0.9684109321688699,0.6880088965959827,0.5024185791386401,0.7941191095157601,0.6315961265154721,0.6300326295403879,0.4891975202938416,0.1571718318629032,0.3656831314201692,3
1.0761426029208963,0.5867236192993,0.1567073300219181,1.019768759996003,0.6335647735808134,0.6920065446229341,0.43693959069759564,0.9841825557355687,0.026973357238464963,0.044726669461769196,2
0.5047373518834372,0.965274260440144,0.6119189054912454,0.9678328583201492,0.3828772200835883,0.49847888559054865,0.7207314303734359,0.17539742710345682,0.3481576651857086,0.6968609719887192,1
0.011863633910115419,0.946170595410436,0.6903091955911916,0.3807549515605676,1.0041596042353476,0.31738563786622076,0.64218677537233,0.5454160968435073,0.6971438339476163,0.7731583381172276,1
0.15057081985340337,0.5501778301928976,1.087840592787884,0.11404902017149714,0.290825489604756,0.023201015205951483,0.8596755341980356,0.18900778545582791,0.9538713657552129,0.2898609203753956,3
0.05254758932579545,0.46534931032139026,0.01142212333431794,0.4668222280222742,0.42614248104127106,0.7327220585358152,0.6420226545950569,0.5153225133748137,0.3224032051067402,0.4229262371763873,1
-0.8184253516365834,0.2556633150014709,0.6708721534359691,0.35403930381362614,1.2445572325461063,0.023890220491749506,1.2644469914479783,0.9191997202255402,0.4618192164211084,0.2423024867450393,1
-0.1560973217091503,1.0075787848657884,0.9915006118914543,0.9071303590120424,0.6324437812698056,0.5774969822618381,0.3207836598398623,0.398582910091102,0.6378453363605007,0.35147581604714806,1
0.12272054586072037,0.2587565099076237,0.1284153950599474,0.32337696304272723,0.3395686730882628,0.9894427217865872,0.23519078377281677,0.26106998675606935,0.6470401735651301,0.48154577461445125,1
1.0012520608627913,0.604830739057646,0.1533175594596703,0.944231257987005,0.5726040696970065,0.6482563289087359,0.5228539097591384,0.9547630666397416,-0.019265495117857995,0.0692265011124971,2
0.08993488440660743,0.5811794702773408,1.001569003479294,0.2569773546957382,0.28317895761656786,-0.096935316999061,1.0568493758757633,0.26779298401151286,0.9815373717269095,0.3654055841608993,3
0.9545823535785946,0.7357585226908636,0.5444763136668102,0.5149043967029853,0.23381949660284657,0.18107682106128933,0.27513836547484294,0.1255530207265196,0.3192140038333548,0.823703768339582,1
0.2607189445709437,0.7080262390913602,0.5409068891047502,0.9227027606777343,0.15443542096334034,-0.030341041646493372,1.0082220854255322,0.02806434611566147,0.1892633716075951,0.7170260732312348,1
0.7960259527757643,-0.33565044623047574,0.05730132373411673,-0.1487882948331979,0.35146667838801837,0.7928160086893585,0.4350011683783377,0.7375677765878504,0.1832542927244295,0.8413652770653928,2
0.035009794808261385,0.1650944015172936,0.06653332816138721,0.3986084987849886,0.47616893611396927,0.783799264518737,-0.014198836397097458,0.20801694712702928,0.8359845388166073,0.7139512187071395,1
0.18649701180413364,0.6774453486788621,0.47161620061398857,0.5689945656429596,0.6230794375643276,1.22325422730811,0.07994061144866438,0.18399636249869222,0.6161406515552909,0.2032755201659443,0
0.9303120913479914,0.4821015436591102,0.020285561223267922,0.9798230427003992,0.03392947965508853,0.13866075157797955,0.008002799572365014,0.8916928627900256,0.7797741900487378,0.054065763050997834,3
0.7315776161498364,0.631058291689522,0.8455763905265081,0.08514283209283255,0.14021995770933712,0.07959676922340592,0.32755669456274344,0.911874620253888,0.9078622495966764,0.8383595160189584,1
-0.06027219652698747,0.6841528740008852,1.1476293063768495,1.1184510158925796,0.0831347949822979,0.2600748163721677,1.2469363608701562,0.567988832950791,0.8790429187970524,-0.21002432625438155,0
0.3765233072312099,0.8502983859300092,0.4801608954369663,0.8104368807259217,0.005305007124052779,0.25597038108533127,0.6080964499052169,0.26820100922554896,0.15712501418604566,0.22188943553736387,1
0.3071358201454478,0.5035907703669356,0.613502283449262,1.0288648712395714,1.0625297267937932,-0.04081609674283286,0.9848989458189413,0.9401595590895049,0.6541132745762575,1.0915542595599068,1
0.2948746504639362,0.7848135190116843,0.802914353500476,0.5636245550308788,0.9214391583649655,0.42928140387138747,1.0153088020373016,0.8088909433147167,0.8133136128207172,-0.12852417344279457,2
0.30721271352522744,0.8850430620035408,0.9784534470657559,0.6355783358607331,0.7212994832847832,0.304718841591106,0.8345974525986413,0.8836223670214421,0.5931501686697852,0.1447635306676383,2
0.4815565054244275,0.22451443376688907,0.28894537284127864,0.15170159133883837,0.3775372988702439,0.8283583120006556,0.8747034835289249,0.2739551123810231,0.4164220774843901,0.07368953179824533,3
0.15609281050413,0.174818840455901,0.25318614030723124,-0.24543024358728827,0.9332609341138283,0.6195476335213181,0.5859233981302484,-0.16680752806599378,0.419589299827203,0.3492729426011869,3
0.5029026326060436,0.11134059367701042,0.5100208415823709,0.33212405059254146,0.4357798690910877,0.4764734343614214,0.39963537905537483,0.8172859503690844,0.3044480183092447,0.5845543560454136,2
0.19481628893997371,0.37395936428193943,0.7025788930280416,0.30783581655487,0.4616901087911094,0.8219056466186608,0.45114850261856654,0.18981521510941857,0.0752362148668822,0.3117172154558205,1
-0.010359083023941118,1.0390957440543238,0.7784878350329705,0.22071054220009922,0.9347290615910488,0.32919469689710584,0.5656261209985883,0.6580001295702337,0.7264219939990076,0.6864227247638356,1
0.28301136564531976,0.9991759237060551,0.7083054111438084,0.5542512540811716,0.7676671595163643,0.6221418384128571,0.6303937854159851,0.44215714158662167,0.2182684449354158,0.3635499571155476,3
0.5959173519955238,0.49484135950442976,0.1302963123200712,0.5418042414314225,0.25156299743679617,0.5445149685490014,1.1443167645485954,0.8318093251392051,0.34525070539434,-0.021918316354811257,3
1.0557744036680046,0.6038332151006925,0.8383435757777885,-0.24962800596706963,-0.1322168815486235,0.11436553769428774,0.3164190153077158,1.0728828592932222,1.2195715391437973,0.549324862262806,1
0.9283636331366787,0.5053844530418379,0.0005558205235486752,1.0066624720410573,0.05369306868591807,0.1612008748483196,0.02374854756156779,0.8850722320170807,0.8004342745902641,0.052715506115645655,3
0.0816806416072722,0.44190033059125455,0.060431061588440894,0.06758701191495788,0.35193368398815306,0.25527407988757267,0.03242747840856117,0.28339990185466907,0.8536824247132764,0.17175165949188007,2
0.09387956815575452,0.2668760867708626,0.32589615326966936,0.12189026446773688,0.4188327738698165,0.8940973954861567,0.19832096826440726,0.2294624280304705,0.5840039133348092,0.6724490331101168,1
0.2967863695736901,0.9118204429042464,0.7584499852078131,0.6346770596030572,0.40338958057143903,0.23851440663313933,0.9851546463186927,0.23089662479212933,0.4908473826110138,0.7440669946617582,1
0.39968577919853626,0.3935517471491842,1.0221760112278435,0.36767605688842286,0.3353389485210907,-0.09098477374961744,1.1142245643566064,0.4064468575372423,1.0366398710634135,0.07113458239900675,3
0.37533096347801664,0.9638467203187405,1.0368601173090353,0.5864864595349464,0.6240756913852804,0.2797678131964779,0.7118393292437839,0.8264043114546495,0.539370343022193,-0.0029141077751240058,2
0.9430600136966946,0.4760014637733219,0.01582353649261449,0.9918604530749907,0.03789404980797867,0.1350073380052632,0.018902398106075417,0.8899413218040443,0.7911981978003827,0.04558465260681303,3
0.2908486966901929,0.1534135559309309,0.9113883663117873,0.35711657036228267,-0.03209176491957444,0.6337160164786899,0.6863734367239964,1.137635198737382,0.44629309415631,0.6334664758325312,2
0.46588848489776796,0.764767785914455,0.14613911191116646,0.34240995532984214,0.001519647352552396,0.853845528756713,0.5683307228388695,0.4882240771524832,0.19036141507609539,0.9403610145800873,1
0.5204344060619565,0.2537533464765559,0.23875551764701755,0.09052669143751356,0.3364474540805751,0.8207231215744757,0.9275040691326029,0.2315164401230405,0.41956164125393103,0.06290184253055106,3
0.0507764532490161,0.771006563540012,0.8405756943336278,0.2256637355719556,0.9767327958267656,0.538719104146127,0.6823894070434948,0.47795594814589326,0.7179174578715847,0.5102205374392778,2
0.3319677537007821,0.43971969770279457,0.44170183853806083,0.246507806276076,0.5553599546665473,0.6837532658708556,0.809144561810302,0.2569920885761325,0.435817463975366,0.5098165733706397,2
0.03979681277253565,0.9518228431755354,0.7085577691618276,0.3068389642148243,0.9576969005267267,0.40637969779034083,0.607863275767229,0.5719807816186537,0.6656868334213059,0.6974021647578048,1
1.0275085807335864,0.6469317678262253,0.12447329650945747,0.9199365859153537,0.6325615720467704,0.6250046537073372,0.5700850100097002,0.9281262606383929,0.053637831680475694,0.018635300985598353,2
0.516729947231746,0.9722271141445097,0.502314132178357,0.7297681860914216,0.4704678278513509,0.40954948245743583,1.0695628075611627,0.02015917540158424,0.19308109627171166,0.7853403684884784,1
0.39050010647895234,0.3814033293373492,0.44871483941106355,0.08053817865865767,0.8968522250018548,0.7885433616890312,0.8438350149000686,0.25718945325375947,0.5936029541988675,0.6060026959472503,3
-0.22054803472017004,0.9856634073215261,0.4328726751194808,-0.5552415060328356,0.6909697211976616,0.48526355677889155,1.160085054705615,0.18640316393114517,0.6828673846742678,-0.10900009340981226,3
0.9208409895821347,0.6986717224066685,0.5931540460866735,0.49612237784270274,0.30204998616785533,0.24892372970751073,0.2586288655770754,0.06309046767043891,0.3571306898225443,0.8279081912810347,1
0.8543497560875215,-0.028889165509789927,0.13155047374030032,0.43194725632521735,-0.07682718117561699,1.112037102029138,-0.6077605262542484,0.2755914900883153,0.06387540808615783,-0.3288757621501386,3
0.061831200680131614,0.7668003754062538,0.8481271669871068,0.21494451674416026,0.994120928292959,0.5250728724447953,0.6893431190874099,0.46516970219383363,0.7153256649615581,0.5025236372322993,2
0.5845944424397765,0.1393163867789067,0.4734107662575875,0.3665187454876186,0.48063336765961284,0.4656037803967472,0.4018041855242421,0.8232176134648734,0.31774879285098684,0.5809379177088083,2
0.9402209120252967,0.47544331276124163,0.0154418730268449,0.9932096314979837,0.047187209111430144,0.13311345944687286,0.01705464076585966,0.8824320192973563,0.7869059896274783,0.037809187693828,3
0.08705089173629177,0.7185806210383111,0.8850471220078557,0.6474617939857306,0.6815052762189364,0.6235021828440382,0.39350387717837265,0.4536083817710872,0.36531441693278105,0.45953717351653756,1
0.2952746555071201,0.44940037504685054,0.6704858571365055,0.79129985126978,0.7419429055068241,-0.12701712336627735,1.0563221974877157,0.548945875977223,0.20569679913909,0.6111869596309616,1
0.3207770980333735,0.4145257153180514,0.490883133552283,0.30794021561517376,0.5957575769633419,0.7181873733449249,0.7873083903014545,0.19643525623610247,0.3825833294199524,0.45090252684921417,2
0.6940679434680005,0.3045548478557067,0.4983342169315267,0.5858295379692781,0.6615787872962636,0.8858107065865681,0.7166959758183946,0.3181369220785302,0.3058462268641084,0.5752871723062902,2
0.1579010776663325,0.8641973324547603,0.7512693378450475,0.2841290145593433,0.8373059990540594,0.2830078607869059,0.4986763474989141,0.5570773531239069,0.7316491820087313,0.7481519655197013,1
0.7304769680500114,-0.11906618979785139,0.5785032066150176,0.482387981579266,0.30912579466332,0.6134347999396651,0.37064322031030134,0.9181242369450987,0.49639176830481746,0.44213431348736665,2
0.2347433845857787,0.1928516950774285,0.786716272728336,-0.5307409667718229,0.25828387037102835,0.42584403951595856,0.41840041079013646,0.7143307429380651,0.27248592911845365,0.05064173813276507,2
1.129857763647107,0.9460678630157924,1.0357021292327988,0.02010350237893585,0.22576509977592862,0.49572948474965,0.19865457402189904,0.7486540231873235,0.29684222719121306,0.7755752111672933,3
0.3864541912084961,0.8522911986827071,0.4753837139707596,0.8023636750098387,0.008735871824358726,0.2615873052102221,0.5971133111986144,0.2601587306113163,0.15523613437683345,0.21860054187455408,1
0.6702696986719539,0.003653595106314189,0.49385580100891535,0.26513795885561864,0.18822566868609764,1.0653575499932968,1.046566131627196,0.11597106842694666,0.4959137519902952,-0.035679131026109756,3
0.06711161959144951,0.539317912138449,0.16455664487149754,0.7702223739052443,0.23064036905720062,0.9198173722531028,0.04104929814305595,0.1701252037564726,0.47868318313451325,0.1531473113446679,0
0.0544918354998467,0.7720268898232968,0.8515397248255764,0.21691939685983064,0.9905046106830725,0.5308934040920825,0.6900512353028957,0.4616536035030448,0.7106290923023477,0.5078780279565324,2
-0.17325090171986568,0.14156287677980905,0.8424077317789516,0.2592240983300207,-0.5513722191695416,0.06756191441214396,0.9243129111877746,-0.5936889269130409,1.2168646855727838,1.127751151774488,3
-0.19362135429339322,0.6662513427773135,0.8131900717016057,1.0457338234855844,0.3163602796512413,0.057649263033129644,1.1691699391287262,-0.09091173435152503,-0.126935859461611,0.37376631112186587,1
0.03553534171384898,0.9065660481721418,0.7637725211140381,0.25071912036424193,0.8626493271343926,0.367924213472348,0.6695545352551634,0.637301882164918,0.594312083112448,0.7903714011540931,1
0.8467152650943969,0.05275200990826809,0.6766945028399165,-0.019842163961742904,0.694680616023122,0.46298675856991384,0.3951986917323379,0.5414502399485922,-0.20266692836845768,0.41414044511493464,3
1.061361425456108,0.2785578619040846,-0.05334046497118494,1.1533691905246075,0.6815424988523842,0.33097398293080754,0.27084313612872113,1.0687016439771202,-0.33385024078084097,0.36866748077238215,2
-0.16356617242332436,0.9733320617391769,0.5811713950973506,0.8106848610496086,-0.10393687212735309,0.4723344702030963,1.3199393799312262,0.5737606294760926,0.3538806342479367,-0.23255202995622976,0
0.2832441065476675,0.9429963354594596,0.6772257538990306,0.4541542514490037,0.8048218115541972,0.6508382627512521,0.6230682428797873,0.5283469171505153,0.19413224094605327,0.35785265836730507,3
0.27997611112495413,0.7839052621548862,1.0440361959766733,0.3455293217165356,0.9488360624622633,0.6626410073934904,0.14679868933833162,0.3045190740621169,0.4550410077583791,0.5942173959182,1
0.3251515579068987,0.9222705856274933,0.8872304991733565,0.6031824986689207,0.7618557573281346,0.2308206796846511,0.8487396364744585,0.9419124493636953,0.5540371439298758,0.1105619756883158,2
0.4510418180393606,0.9117073704550555,0.8799496448344295,0.9354395316466617,0.9500228684036068,0.5968931295006795,0.32446179104046846,1.086891919249634,0.9917863969732197,0.5586220076824521,3
0.8254229203331847,1.2581574267291176,0.48840347292461855,-0.23938072617555406,0.8511848417843868,0.38936914076047946,0.5845072800398962,0.8405563142407106,0.5793314003557435,1.3669296884151079,3
0.207500516564964,1.0153489437978398,0.5929146896977227,0.5031620459205055,0.7957304838205255,0.5558245487775219,0.6244435591330062,0.47328220881358646,0.11973313719648575,0.2702791039482165,3
0.9116136896449887,0.4793545201729442,0.09701106344586911,0.9390884103245003,-0.00639032265977188,0.01086088441946953,0.0845582003267146,0.994209247275878,0.7729867011633812,0.10739566657495683,3
-0.008370611433739877,0.927876260934636,0.7048552182931578,0.3584767437440899,0.9034089325582499,0.37433782647477165,0.5417119067937728,0.603310680405656,0.6384098462593326,0.7575816553343416,1
0.9051883882554067,0.41529357185038185,0.0024174037042265888,1.0954975111955154,0.09167294124551567,0.028471741011891427,0.04587055933799586,0.9580957320580418,0.8804297717061469,-0.04676022409672273,3
-0.07223779472513298,1.34526013723486,1.0525622959936083,0.8220023147626101,-0.02069005900836479,-0.4203630358363757,0.8957294719442445,0.1221489980027366,1.2346636249805885,-0.11175478714263098,1
0.1793016358138603,0.8891864281190941,1.0376189437383276,0.7744726732623756,0.7703393386536536,0.27238607641108686,0.8913304990897382,0.8709982330159068,0.6890734782207188,0.26714177804310574,2
0.9469149119938246,0.34193305711353267,0.24420337262568442,0.823971347283647,0.7634456073435233,0.5095562463736445,0.6943082516206578,1.0569841093666004,-0.06389490013245905,0.2312160835601757,2
0.05228259485806398,0.7749324180725055,0.8386451120208459,0.21279828763551872,0.9851864668264377,0.5383298955854702,0.6871732258859342,0.4581652871379015,0.7160665399258758,0.5019323531833352,2
0.1590139109220501,0.6824437427273965,0.9084023822988173,0.586847081317763,0.705948133164703,0.5918569356618806,0.4636802928659743,0.42291088344989813,0.2979067107663973,0.47869752374272767,1
1.4409642910041622,0.24067112694044934,0.27142870908580397,0.044068779893279515,0.43496557313586637,0.7399766501533883,0.21655449376609376,0.4463757875035206,0.5969365663587487,0.16972189823828354,1
0.06571062987334064,0.8002773542915166,-0.4755695257273329,0.6368272346219377,-0.4161626109224098,1.5393274241128883,0.39203154110998734,0.8275268485749658,-0.6344245236843145,0.30491478027570956,0
1.0237769136537083,0.7690690709929022,0.2353931946030703,1.0679395793925426,0.7241926255009462,0.7891139663303374,0.4004421680013636,0.875579570024893,0.13588592103437738,-0.08376993749931495,2
0.35845853123837,0.32379632957781174,0.8021244927343548,0.4909798395255479,0.6722436425010646,0.20833453460757273,0.9392439450298884,0.7048674013653192,0.6273959541426959,0.11516450509096858,3
0.38733434600371736,0.8523828762630821,0.47752141913601953,0.801013416382467,0.006374065067049611,0.26273910268354334,0.5998538363319504,0.2597840059702055,0.15413225275234205,0.21553230242775262,1
0.21691100933551594,0.23757195627289474,0.7515112824123817,0.0763920248163086,0.25450597166711,0.19761834490912322,0.2646515802957356,0.6006524716004804,0.29178884837512264,0.2170496440268811,2
-0.06526667272491293,1.050160153923614,0.647471977293997,0.8011117884733391,0.19788638559285474,0.017100001166038936,1.1372005964603586,0.4555605395727468,0.5554008679958514,-0.18949863718531215,0
0.9322726210246932,0.47590264714003705,0.014230819519458978,0.9881536763476696,0.0514965168936685,0.13074793179308186,0.023877052665195287,0.8869091465289425,0.7842115511755695,0.04840222465412779,3
0.13914684719470466,0.9559577986649024,0.6418446496015018,1.2898530378057649,0.9923407569128861,0.8563784945505399,0.45342145754260865,0.7608461322239735,0.58044492050099,1.225675384838747,3
0.23954532470879375,0.9084519414070592,0.9426437235543158,0.4815197091595819,0.8726019518827359,0.03185016931072032,0.7933029933800237,0.9067327708798454,0.6001180060215027,0.14739073094946034,2
0.2637967218443149,0.948314741985122,0.6485849409714673,0.493732068454252,0.7824923368972055,0.6136185441817604,0.6354601421467958,0.4925584320629308,0.1901042104383265,0.35241634931721433,3
0.5147132490365302,0.2684366479090635,0.2388844539778479,0.12149396099976631,0.2991235161604803,0.8684218292895897,0.966445795506409,0.16329493795067201,0.45493155871812396,0.04699154872569411,3
0.974706425405652,0.8099265360250716,0.7705419592146369,0.10672867252566387,0.42215806418140406,0.4511118067797275,0.34411330353224123,0.9917341513654967,0.5781661109395441,0.9107852685886383,3
0.8982246254517557,1.0022868230514166,0.82056063205451,0.5627159940118254,0.054091913679416986,0.32759165097995835,0.28450058097167147,0.35788832270679705,0.3416954124515891,0.560223928892786,1
0.937983002022644,0.46691013617473065,0.02652208727543496,0.9850675931493774,0.056513444727633165,0.14930207831692158,0.02317371468465549,0.874354071250439,0.7997324595820497,0.036403045576843,3
0.5856794079485199,1.0318205464081105,0.16367110108285798,0.5897873794385888,0.8836875268295996,0.5851865404421425,0.5583143631167752,0.5640239595445407,-0.029652546494147856,0.11858721479321602,2
0.49359306412444,0.608059191227973,0.21310999575621706,0.4965956478840211,0.6549056799560642,0.7624530762108944,0.8744089909199115,0.8066147809844202,0.5001626064398885,0.03124847417549864,3
0.44470336244273095,0.5695862699935745,0.34720444050738997,0.18789533289748098,0.04058022714067815,0.6645912485018618,0.07218168583230661,0.5814470052582367,0.8888165639486839,0.1322453646588637,3
0.10479471051351122,0.7780254049337139,0.8271315611904061,0.49382558586221464,0.8298747682584495,0.6235030066675059,0.3068104753487947,0.4772853320755252,0.42045753067194014,0.46121040420082715,1
0.23707311513218493,0.39791946501603104,1.1181668492629044,0.29107760066915433,0.1995330530323147,0.07745519054283204,0.8241642192876423,0.2221999782066182,1.0849522794185409,0.2507972055849188,3
-0.39553623155433637,0.6027121666185772,-0.6353382052109088,0.37715381242804524,-0.20260496776245857,0.49743127916801877,0.8349583082533423,-0.4800794177018348,-0.02250390617958864,-0.5728909007536533,3
1.1016644536373836,0.031312439758711896,1.062753227620638,0.3096907314211589,-0.2727576135199064,0.00847414476316144,0.448143413382503,1.5186474922580309,0.711092693058951,0.9323893359920661,1
0.4406525605530467,0.44816641574572125,0.12411579303271443,0.5219438968941312,0.2970918374259351,0.05168902428567885,0.05960910432122947,0.8317506140549149,0.1232064551676749,0.6048067041173303,2
0.2712444035047511,0.9401742682066182,0.9957987472952928,0.7088040354895844,0.7374450044704405,0.29742782982309357,0.8608259908538093,0.8219028005433069,0.4555478467431975,0.0257245422428191,2
0.055790914350510624,0.774122293815299,0.8469082173518826,0.21542677424503243,0.9886409052963209,0.5266470141304053,0.6880841307701882,0.4612758264259967,0.7160177577700338,0.5124894915240997,2
0.40491184005779046,0.18449407684559094,0.9095009138866357,0.7637501417455337,-0.33804381358272645,0.10266846710003497,0.31905182242989805,0.8729315788884395,0.8144927936364588,0.1675693679239114,3
0.28344393584267846,0.3653839312204792,0.5341192687478836,0.3803064001818601,0.7520488658904058,0.9202315254642675,0.8926382746126589,0.24113964269060265,0.5557274990146267,0.5675470346109944,3
-0.035570327653114464,0.1329845482012148,0.7540107455457765,0.4202847372454006,0.709418082779874,0.6778294891097321,0.6246540074316165,0.27703831449046334,0.5868639262996186,0.5990319259431656,3
0.7904923039036748,0.3185236660951946,0.35848364449881154,0.3959178369961319,0.5466135209470249,0.26143497008994776,0.44974886474883025,0.9651782984039152,0.46733692502851143,0.36193234614588315,2
0.3349199235286016,0.41868440383289623,0.4821833803307334,0.25794787546463444,0.6082453506817163,0.7248581159912104,0.8099787612571963,0.25770099393243856,0.40491836001016274,0.5014761555712719,2
0.30153950058711054,0.15686905851078026,0.4707121197701006,0.5627147683502411,0.4826345265779181,0.6916650538595128,0.6057805771372267,0.7027413108712052,0.32397006623877844,0.3506603908055074,2
0.1737871640105431,0.8625353789066641,0.6967099168757096,0.4806735136477269,0.8124192853867522,0.5500858726668708,0.677060394840275,0.5275913949251447,0.2002172089422709,0.37732208125828903,3
0.795795634514548,0.4734164480341832,0.7448963230901344,0.5248266132891308,0.6177495685958209,0.08220086989028637,0.6763198795536283,0.42709046561359654,0.07906226731155849,0.07041427818820759,2
1.0296233605288188,0.5148350522798348,-0.11334750299885388,0.9267548726954532,-0.034406188820880965,0.029493857476830726,-0.04898431036002157,0.8710123381112799,0.6863273429304539,0.15875279453584934,3
0.03401632521498748,0.9386125116108119,0.6584323717159077,0.2746082086660657,0.9163425682335662,0.3977253789561831,0.5596712715848214,0.5706009098841784,0.7346204045645708,0.788225877273773,1
0.05904639447424549,0.7675824062832576,0.8432035178887799,0.21135012046786306,0.9833335754677647,0.5292646369512298,0.6904057688404108,0.4618508750555177,0.7193402200200697,0.5017006675062776,2
0.7155285069555906,0.4005349177901397,0.4382056688648385,0.9093774781698751,0.6655650145924265,0.9544870347022385,0.5494697062413552,0.22437659737604146,0.1266643337419451,0.3263824195801005,2
0.3972391090571676,0.013777514581446493,0.15294364280861578,0.7217049690732257,0.2668713895768633,0.6119341943852039,0.537720490582049,0.23579689553728778,0.02542656307539415,0.9609326906768672,3
-0.3617053908874318,1.117479000798927,0.6358858441243087,1.356572438237902,0.5867738237282962,0.5111164880157135,1.690011506620389,1.0552044706903065,1.0298448480426143,-0.3369163708576813,0
0.43871401510590313,0.2406884903300285,0.33588556484038135,0.07672166046121498,0.3538972081498658,0.782021727972177,0.9208904238496838,0.30525992446207845,0.4935075077908294,0.028663315088073897,3
0.17676133785437387,0.3275082512723277,0.6255643975997167,-0.05189887526787387,0.4078813428445246,0.9277751467332407,1.007964394463231,-0.2799742917700614,0.949151494580676,0.6765016813556831,3
0.4409572883750723,0.19424291579167874,0.30840308624072954,0.12811871820279716,0.35504645534901863,0.836175403426245,0.9526933792371317,0.267055624206299,0.42800387813576773,0.004062773761631153,3
0.2704448460833105,0.9546158229022753,0.6725483679512867,0.47114235094722584,0.7827238006710463,0.630562443715748,0.611195962252358,0.5080433351565019,0.17713979338130242,0.3497375040803491,3
0.034152364409362895,0.9204123051451385,0.8652139808599429,0.7966463581465094,0.18275634758285003,0.26160887885503975,0.9903723416180121,0.538130637335569,0.6763286489184105,0.05002975247408034,0
0.4521121103667201,0.2531433175633641,0.23892417936228594,0.18513300725589243,0.4673908303241586,0.8386509821205994,0.9645911676740143,0.43546975493691525,0.4573678272398033,-0.027657230466868743,3
-0.027563996266533858,0.30987682896767904,0.49912857374451236,1.432144324323717,1.3613922741817595,-0.18928711697019152,0.5529384729481586,0.49300034485927846,0.3752126235873543,0.7172575859143974,1
0.3387598490849263,0.8139481102270432,0.376452728053531,0.6910406300774179,0.021615195187268437,0.25036407261327603,0.5882175428979879,0.2879386862389737,0.03900720301255356,0.3108658725336987,1
2.545850238162145e-05,1.0410964086836867,-0.014993525705479481,0.366244848089213,0.7017248647368551,0.7470988793398274,0.5248693856800755,0.25915950655997827,0.28324511973774646,0.7977610347217782,0
-0.00759079918358966,0.9875371025517251,0.7121835587857213,0.8977927034092911,0.131422376221895,0.3231924083188298,0.9109376002011991,0.5731348720385361,0.751626646707013,0.00859020994021397,0
0.46997774489813854,0.35309983114641236,0.048729743920672454,0.5804978061558396,0.25066888213588834,0.15949491884028222,0.08093857674885985,0.8371336612558524,0.13223904115665125,0.611720779708876,2
0.3558374176259625,0.12125478994517755,0.5953018144901939,0.14936199515244136,0.15208835679502747,0.671054834505678,0.25466617983606327,0.31433442269432516,0.8691039889420514,0.22940797218593417,3
1.132408620606259,0.7227196111991754,0.18623677905383812,0.9814489977236395,0.5919082449071269,0.6425063043696503,0.5583666834460419,0.8552049065271503,0.1657230025570671,0.114622350020342,2
0.9381577699459556,0.4859174451317421,0.031519060641316765,0.9693288215431737,0.05835360220534593,0.1503463487107241,-0.011684505610748925,0.8888926804318539,0.7539520730062521,0.04593590870461651,3
0.4875187358509911,0.9308381161271932,0.3908291864562435,0.8845309583868981,-0.04659662283486615,0.16402653965369157,0.7128881647664361,0.30722172522909946,0.2509810646001548,0.11791041376264702,1
-0.015119688511114768,0.8583985045667023,0.7307286411418626,0.3786912297124313,0.8930452221641713,0.28051543369299237,0.5392804315510027,0.6102531472947842,0.605882638522454,0.6459061738113165,1
0.4171973011880771,0.8224212971567363,0.48652106741401513,0.788485151256767,0.025137864005819247,0.2618211852534832,0.5981573012852682,0.2708010601975275,0.14456010220764687,0.2030513484465708,1
0.05205353638639483,0.02872868716269228,0.7129894490137665,0.1905992744565505,0.15579565543638368,0.4080352366454093,0.6749109238134555,0.707261730753058,0.05847429131535102,0.38762695133103114,3
0.12877473448842314,0.10897502906803623,0.3598235585300121,0.7152588197395057,0.09648347171213972,0.3954919003667771,0.567232117525857,0.8726656714719433,0.432168811127518,0.4409909538960895,0
0.09787299115272052,1.1162553574208638,0.6150838481571046,0.8238488552621156,0.5137883370672359,0.6872996351295368,0.7481934192092555,0.4350006457021963,0.017055827729676398,0.8801192749110878,1
0.5298144246137562,0.6239876827619469,0.3882996963073244,0.05958385662354959,-0.0010554132798966942,0.6813785784338515,0.19249186733013102,0.6246938183152112,1.0733064540941268,0.19066085879746272,3
0.0543139892579258,1.022788019209136,0.5081214917769479,0.6065627209648419,0.16496741159927253,0.34783971128411306,0.6353738875810379,0.08987647879623059,0.5310462660726936,0.8783027552805633,1
0.21559153406124074,0.3850351196630472,0.2683485632988507,-0.019611789338622926,0.6967260239052141,0.8713067409083559,0.6928310654701972,0.06349479709112445,0.6487747602164124,0.31460652797940813,3
0.10035526433943597,0.5680856207629535,0.32788389957371666,1.3364698122749032,1.1756686787102326,-0.22939385088961844,0.47587676169673204,0.8190836977191205,0.7212611676314441,0.7904108183496827,1
0.5682118407767329,0.432040002831541,0.6713464238353763,0.861236710575205,0.7609254589685948,0.8582833113753094,0.6298344605199185,0.46520649916850787,0.22709423418028435,0.5490623583845846,2
0.23147330446232248,0.2555914498776467,0.7641500182836147,0.27771099014714345,0.6418681228160585,0.9956571947567859,0.8313778189145303,0.10888977411589892,0.20103881980962804,0.8750061442313446,3
1.0426732563390482,0.67637944662143,0.15121662326262722,0.938490283774214,0.6090828237130294,0.6994401933398295,0.4740441349337027,0.9880316487055218,-0.002356967578243706,-0.005839583895718516,2
0.9962555536702186,0.5170842208449898,-0.009868253883847499,1.0362022940910787,0.025266481976634874,0.22777177120054726,-0.011503738727599525,0.9415772275562799,0.724927004695512,0.11655118665432192,3
0.034321912443466614,0.8615058883054345,0.9593906355622555,1.153610061180036,0.06786554615728498,0.013395688908410308,0.7179557692874139,0.5340727325095391,1.0503538385592157,0.17309562706950965,0
0.21345786395982277,0.5029035623368973,1.0151780488194682,0.23853846767866316,0.23288477150439404,0.061934659336411575,0.9267037905203623,0.2048875024882207,0.9475243291163679,0.27217346868501247,3
-0.05571259727296256,1.1938380413108993,1.323545398012416,0.9789067050225582,0.42037782907191756,0.5317406080069392,0.597046117911453,0.40670893861341056,0.16340358934445753,0.31759494235154884,0
0.5294834237065728,0.14533716225907484,0.472401519559849,0.29063213300644813,0.39587377937458285,0.4723118445565772,0.38187302390174616,0.8030488612388785,0.3014795347140962,0.5936897904715968,2
0.8402977317010875,0.735091347529652,0.6010910633379973,0.4115661665561344,0.23910336412704003,0.3304610377328026,0.3152869048806171,0.09218121762800884,0.32062541113883647,0.8096113300331818,1
-0.19980785211272345,0.1330986575996388,-0.6965208045573855,0.5877884362961883,0.49559155370253966,0.8033527358260731,0.25257781256226985,0.6986692621415556,0.41205398919084846,0.6394529478599346,0
0.23486577140154757,0.9680454111572527,0.6815987244913153,0.44634587673181886,0.7744506050713414,0.5678097244321129,0.6141608979848134,0.472450449803944,0.241594660726914,0.36898720010260516,3
0.4454391299592261,0.5778798890008943,0.3926052025149007,0.1361321574343612,0.022706039755666818,0.6513790579273423,0.0154855544524974,0.639846520600766,0.9516382876912192,0.1577924551533867,3
0.0039806804559519154,0.9079963340950685,0.7879897915472638,0.39136416716200617,0.8618191782701909,0.3351794683842927,0.5984408271604535,0.5697398651788567,0.6213788212631942,0.6776407571255054,1
0.17554627331193257,0.4292884904114386,0.33330577707481857,0.024518239351300302,0.7003030433738171,0.9034433659826724,0.7280793272758069,0.08484214855075638,0.6028795948105943,0.37426317958796024,3
0.2424785745605158,0.43176771785837664,0.5807122266354195,0.24757299239951308,0.71103585840015,0.9305819190712603,0.8686491456869425,0.1040136143118551,0.42780552076561795,0.6697652215969122,3
-0.20352624070460482,0.59614132724224,0.47117151649128386,0.46739056468399026,-0.0953502968093407,0.034875898012658696,0.7570393901884469,0.23281946109541768,1.090318788207279,0.37950968076641495,0
-0.10651977617032074,0.475984832672001,0.6249450461242059,0.1247867711035123,1.0036256649939954,0.8765591614753138,1.240931948985994,0.5130491846824865,0.27063396550478486,1.2058829889666112,0
0.9272425988919942,0.6302410601886221,0.8417214064036164,0.4960045090027265,-0.027659569108285986,0.5571000810045333,0.5404373153786797,0.6625801500515187,0.5048565955266007,1.248758119207043,3
0.0987065582054435,0.46127299117373266,0.19224881385860898,0.03198115449668898,0.9132353097293321,0.7698927682356845,0.8009065554737175,0.11655236146497354,0.796517378453597,0.29186226441958724,3
0.852487657615,0.746296989078526,0.5751132866793409,0.39335905260509324,0.34306314156333895,0.3336247603571978,0.2519385783793315,0.16463855176751574,0.3432300118040719,0.8313343784711223,1
0.6546214669573116,0.65856515002917,-0.274529669738545,0.8673651141097782,0.43925531547952434,-0.1279954611848088,-0.043095394660148695,0.8955192223809907,0.3229203236639378,0.3130131311782848,2
0.8368186203236082,1.2935530621701061,0.27714801323637167,0.28773388288200885,-0.15589429931454635,-0.08381167895969299,1.2373759525895855,0.5564546181818408,0.9156894956482712,0.6623025223186528,1
0.9795727864893558,0.6050930199807298,-0.10590305025418661,0.8651329499191529,-0.07609133952668973,0.09836397067058902,-0.07982806328252534,0.6207339398788587,0.6292761288793747,-0.0816988205906274,3
0.0757889170155206,0.15555857806256465,0.18433833917829834,0.2032021335827792,0.31881625361449806,0.9578384455735452,0.22268720194253044,0.3078595527730313,0.6132776013885683,0.5135024314822848,1
1.139179398999685,0.9101476125189889,0.4963193680217447,0.6373787236855815,0.8651060888922301,0.7470875435007037,-0.3901327618376247,0.3342683197460001,1.2254368907919013,0.7788655236317579,2
0.21999728793327417,0.06402567827386785,0.011604640292925267,0.051216115152569436,0.4840483380937045,0.833046706310299,0.11019989004774192,0.24810324929316824,0.7356713897012456,0.6575868774014699,1
0.10746426898399117,0.7973686602321641,0.8578245597687498,0.5982457996769635,0.8051132702703595,0.7206702158947796,0.5210410229274796,0.3810755068392879,0.42767110118985363,0.5434176868618702,1
0.056860011163599365,0.7739162261141699,0.8436485279450581,0.2149238221660725,0.988244102362222,0.5295860124520654,0.6879770816652119,0.46042706481965573,0.7150462420262521,0.5045664518364248,2
0.7207211102977411,0.7605967251366663,0.19979416592001328,0.21174599105950692,0.3348621763311605,0.8959398040794808,0.4947384050124176,0.6513163515760599,0.7086839236745222,0.6461874403286667,0
0.35225031905246523,0.9284751303491059,0.9268003420772448,0.6391460137068805,0.7751679246535403,0.21167920056228975,0.8733469018481742,0.925218317168204,0.5518902114987615,0.08818321276301544,2
0.2539438563535357,0.35936353035606466,0.30906028941218544,-0.006408026685102382,0.7368556722466372,0.8386739493432493,0.6689207409878933,0.0402611980198041,0.6659654011623358,0.34464168160129166,3
0.45352740486859144,0.6639796760767444,0.26636410704544455,0.6467490422041638,0.6320409763238738,0.5670463014059918,1.023191267374926,0.8724755734198535,0.5774337559049749,0.21282756246485496,3
0.7465788398630773,0.6574936847462312,0.6972804923583037,0.6634572574231201,1.238427683695492,0.3985234003187061,0.28305494282434324,1.3410063166122559,0.5513172922744423,0.4441995494080026,3
0.41341287615165645,0.362747923423396,0.5901375477064714,0.5864077653110317,0.4219915216158668,0.20753300329560084,-0.16904992576902633,0.38169262260067294,0.21894617241127562,0.7928412524612474,3
0.0487330960565186,0.7635658937991081,0.8499083112711621,0.22020905026551238,0.9924287180883408,0.5330049305676574,0.6798759038130988,0.4610259822696942,0.7219493825103328,0.5063704324475133,2
0.19656621404590807,1.213649883705071,0.8193686634948414,0.9067877753892503,-0.02612767467109825,0.5406275545289845,0.690566211486423,0.6703319514089691,0.3804999539964143,-0.19122895294010397,0
0.4081638245280964,0.17024718889818197,0.31267795379646646,0.37099517762174283,0.517363765077505,0.8387901340351617,0.8882986404110229,0.1439879811946378,0.5955659453882797,0.1419725239591527,3
0.26513810062287474,0.3993726553166441,0.44049842769996467,0.5250401919518346,0.4182799796293838,0.9882861513898576,0.024506103653913272,0.4707566597588749,0.3280816676506909,0.23032636500165693,0
0.03532378426513667,0.8414562986794627,0.8020906665618776,1.0113978693738592,0.13467096199162853,0.4438521041394242,0.7809445381707332,0.38286849452191596,0.6166187045964049,0.23499144805226532,0
0.6115458361970019,0.9769538747018441,0.30882824387122554,0.5641246286720509,0.9805663295519198,0.5092776894910056,0.9578611875999832,0.11612350096874094,0.8998881500459693,0.8269292056464989,1
1.090588097022896,0.455513871050508,0.06228848919837266,0.9174894412929884,0.12856753447085084,-0.013334294473125202,0.11426957559399031,0.9881000175378685,0.8295078684191819,0.14196515808129098,3
0.6433174550805932,0.8953796572849861,0.3321318542581434,0.6271986914073909,1.0434426007787525,0.5224881070798191,0.9999973908404132,0.12508851993737674,0.9076592343873379,0.8758291852996927,1
0.13986813939439618,0.46964337589468064,0.5563567503750946,0.6217922480827475,-0.04111294134375415,0.04710720433152141,0.42304237877165296,1.1075572347581533,0.052644917466084906,0.3395182770029777,2
0.10864197383806876,0.105318635440668,0.4206268911147166,0.7009215447991429,0.06778574028650726,0.39450371938377055,0.5338025511572604,0.863547080300518,0.40749190035532695,0.48981169681532344,0
0.2626990921853959,0.5045031344378663,0.7436241825505612,0.4344796523785104,0.6256134398390447,0.688510125036405,0.2930011304169951,0.3727439754993237,0.1418939841835153,0.3719397433672298,1
0.4609696744077623,0.4918139666195013,0.13629137582417178,0.5754550002318009,0.45651917260537694,0.6266744499498651,0.9169578162903078,0.8256547197100093,0.4459888234666784,0.17566296163596679,3
0.20156807714989214,0.4712131267361184,0.5711195635939644,0.27496960043908464,0.7392005995679017,0.9526211185492217,0.9126651258706961,0.09212019755165216,0.3817012439035472,0.6385226205780219,3
0.48408750463256145,0.5370012922627073,0.39313377745434097,0.15554334639328612,0.013202467553375525,0.6942553852635162,0.021555173922464692,0.5712872196191624,0.8630122908156573,0.14746356211714562,3
0.2560386277141871,0.02435353109183038,0.6746130160551349,0.4710859334136528,0.9351435874622631,-0.05993650402770864,0.986086939772755,0.4823738869517696,0.4520944622572306,0.9131239908563624,1
1.1597903634816664,0.23342942130687394,0.47020472582782863,0.30122698106636797,0.4445569371607253,0.18845419551108655,0.29810359801951924,0.6896095962558322,0.4764522649693778,0.19707870838289887,3
0.5767141010081952,0.07397654091033973,0.24942159423017574,0.27584656245512534,0.38754146855752275,0.837874299085853,0.8355198182456482,0.3071564655298808,0.4633247653947959,0.16303401928149375,3
0.8541790974267436,0.665425310350923,0.8153459160179656,0.10332371943558247,0.35903394861695787,0.6351462634990974,0.26261869246294584,0.989181120334303,0.4644360862206544,0.6368302390076493,3
0.9767382096601226,0.32834093833693545,0.4834612589874005,0.5785391490150956,0.23229111618486029,1.202151778881873,0.1469271166187669,0.6174041400117756,-0.0487985907695031,0.3620812834197093,0
-0.006141601780277575,0.6548627632052826,1.0240280744991268,0.7259512304984205,0.6421602916218776,0.6412635832901165,0.47318145625908453,0.41499495827627,0.4154287226705469,0.5494766365422037,1
0.21057600319253456,0.7055212877651267,0.8516194557959604,0.5824565354320328,0.8217017321445987,0.729756715816738,0.5360444213141378,0.3307410972798396,0.3158147069165198,0.35536204937688465,1
0.6234068347780954,0.6810967880389287,0.5432539224264581,0.009443174718062136,0.43656150098869395,0.17166669554396993,0.1394644263337921,0.7269173136707957,0.7333818182399195,0.5386575339075437,1
0.28179562491346033,0.3594215084978454,0.43010617532555784,0.29653249019910216,0.5658772425456134,0.6772207192986949,0.814460044934699,0.2638480346532724,0.4103895346073908,0.5686321755342654,2
0.13606045137087278,1.0203808366818237,0.5137386282316848,0.902138240088317,0.4620548886957029,0.41209946902354505,1.010498812444832,-0.025025436542718577,0.3094843393974712,0.8040665689915084,1
0.18547492569526483,1.1018504523984478,0.02807510759185492,0.16067135442267644,0.8573034661105338,0.8415320046766974,0.43858933047704063,0.1026628609167466,0.4152260831623721,1.0284881066150084,0
0.4109032361511014,0.794580064020809,0.7743911207911872,0.7654514295168074,0.6895588211039696,0.3809362050958762,0.25063416521116955,0.8125538992046781,1.1491173672353079,0.767079904328985,3
0.7875304017825379,0.26610340969412727,0.4398964731082053,0.4013550884981202,0.013934971616942016,0.19733756990229412,0.2159404132124909,0.6584002235591602,0.5549263571078309,0.6548161023795027,3
0.9024078512759154,0.7526625843686119,0.5132292596653266,0.5083694341465284,0.24922242875775158,0.28048936209290454,0.26170703074359314,0.1357951860230562,0.3426545026500632,0.8326139891456528,1
0.7964252070422828,1.1558490551149867,0.4704309741928206,0.7390173574168521,0.4325965782120019,0.35929061729515593,1.2439448501670238,-0.20329979072568488,0.1442425026680239,1.0410852559299493,1
0.4041693780071412,0.4289376641031202,0.0907489183270553,0.5574851327207239,0.3259881091424459,0.08146572117244605,0.05004319276643926,0.7892599156587622,0.06678848178716815,0.6052141741258096,2
0.8106574825619132,0.7428562044950717,0.03814090912343272,0.891603480775829,0.07900669157584111,0.7946210738069996,-0.01542665738229032,0.518756765467181,-0.04458482562711659,0.3884706556367305,0
0.549961375896443,0.5633772889744671,0.44806425743496525,0.84816866429341,0.7426838691375508,0.86544056131513,0.44296422406940544,0.35028383825085696,0.20664391667357265,0.4585116178073611,2
0.41126644270089646,0.5823844545815194,0.39858971797268977,0.47934526930259075,0.4217004305083334,0.9837091310471516,0.046663388133383756,0.36389122210926106,0.4064042953394094,0.04841869379262504,0
0.3347559959859709,0.0948210121881825,0.5900075558816098,0.12659994951960207,0.05762799687669999,0.7982795135244346,0.33601906052660885,0.1133511649494181,0.9518756293632462,0.38566177928432877,3
0.4619742300129511,1.2212339109154873,1.6786928623040671,0.2049696468293124,-0.13373518688029706,0.9991584035228449,1.777915218814127,-0.8494545020667318,0.02523361992972928,-0.04830717388895189,1
0.7831508342459693,0.46005528994656114,0.4862472398880122,0.7147244090655139,0.6432196386195175,0.9147054257494672,0.5653862961820166,0.2846133414376843,0.2871425575969997,0.3731529681610367,2
-0.07411060989517329,0.18732744843772087,-0.12459019675752794,-0.0812425235166147,0.5274706130197286,-0.1571599852982674,-0.0012728678194798837,0.3572950403919124,1.0184659384864827,0.29318648707125056,2
0.8283899806398339,0.6054553004861128,0.3902585699539024,0.45191133833034663,0.09819187254396816,0.06632568439800324,0.057410079194942315,0.11819459185517675,0.3016320328709049,0.9029345649370643,1
0.29680170149777363,-0.07419329539913522,0.6920814759445187,0.3341494699099745,0.0517661490315402,1.0967886214613114,1.5081391508322743,0.7106592503185358,0.6696088540402048,0.3072870199514144,2
0.11118972053540081,0.508505629750143,0.608567543973073,0.7516712740735825,0.6821042609020864,0.1580991717866587,1.0419083475358561,0.9831343152404519,0.6302107317299255,0.9732116366313884,1
-0.09382415488171264,0.08710111223235811,0.5103604158475163,0.14457343690215613,0.3806227186158223,0.5513137179469803,0.8839192339962245,0.10396647855572494,0.3690562070635183,0.4774497048129171,3
0.7690881127411914,0.8693686795223956,0.5927494194189856,0.33088995997253823,0.33316957169868017,0.3995555803487606,0.11815013596693345,-0.007855700176175234,0.49020932518672633,0.9788614941969659,1
0.38988359930814354,0.18197448335002986,0.6632276388407827,0.3565867024435762,0.5715633648801074,0.42047553386759673,0.2274624079631667,0.656756351385855,0.35336501750151716,0.4351620497534108,2
0.5287970990083783,0.22165014997356064,0.3407959125054697,0.628393054095514,0.3215279623172764,1.3155280352108638,0.7681925062027036,-0.33349079756092825,0.8065834396790112,0.12102358333451868,3
0.5176467532817408,0.787791797780932,0.8873354488730224,0.7486388694127196,0.9739615789837323,0.3363227771188171,0.06943080717798959,0.9634927338781316,1.0127949993202878,0.9187609683974453,3
0.6239147817468375,0.650576577852802,0.09574525277747323,0.831833732973208,0.08055303683450975,0.9940582438736504,0.183460770164955,0.32712045809971185,0.06774140884181228,0.3915270058512602,0
0.8731262750065262,0.34248152715116387,0.35565319502687553,0.6680686160855778,0.7957220970798268,0.8690567371996492,0.813126000188605,0.2870635374965564,0.07078085035779724,0.7098587955116618,2
0.48223968065205036,0.502061860260266,0.7855625528380841,0.5715297676217648,-0.0837317508726475,0.47048716488050984,1.0831941821726012,0.5993322889617791,0.006924684654366124,0.6037413513569394,3
1.3060853608686411,0.3746748904256127,0.2189641910343152,1.0791834614834035,0.5423339758487931,-0.09367022050301277,0.6773893847222923,0.998316707147646,0.6650724481921707,-0.1924263626628121,3
0.2247241939184886,0.4557077237485768,0.5441057151650389,0.22060662322638408,0.6833057779370049,0.9704801809354718,0.8440509711411092,0.06248998401797519,0.46011197536736803,0.7001568498122741,3
1.0104772689907204,0.7310116475951735,0.5043240980780993,0.3846364712771184,0.31758550012655795,0.289915696535949,0.18011581083279643,0.15003330165176484,0.4345959095692913,0.8695991887679092,1
1.0597988309401851,0.594479911238157,0.4137988038213642,0.6191130869146688,0.2276376480003517,0.26068912423745005,0.31654559503822444,-0.003142726231077364,0.46452037303272137,0.7683485181863635,1
0.5403572968354985,0.8986232291321233,0.17724309041573838,0.07899057915681831,0.7365706674195792,0.0820343097878436,0.21867551903237697,0.407424707958612,0.5608957562224967,0.006360304101116983,2
0.2829695704407658,0.1580876355875337,0.4202737386471812,1.1864316835174074,0.5133097924003701,-0.44036096189661206,0.7210535076259001,0.6846724456382682,0.054324113341765845,0.44481889068612945,1
0.4980603686620796,0.7222381085393426,-0.2636330252316676,-0.08569821214002193,0.7422554595208852,-0.10636632485354924,0.7490605547211038,0.24670539680541154,0.8299537512896604,0.8279761820615693,0
0.9670419400834855,0.5119998084239319,0.021239859231277358,1.018584980984434,0.06110560889937214,0.16128865259584863,0.03375716147974563,0.8540573553561467,0.7572141214335828,0.03313985068786756,3
0.05720010772260321,0.7716120078637104,0.8491040336359937,0.21941972992925335,0.9888312377030214,0.5326453704956866,0.6856344576476632,0.4628966621272937,0.7181702963955683,0.5072902309773123,2
0.791396441080856,0.8014197835476584,0.6727217334317013,0.28105461873165594,0.928813852615737,1.0068932926747045,0.148818520100611,0.4382013109564902,0.70100567038328,0.4347323135955869,2
0.3074294779864129,0.08979475769770218,0.16810801982906487,0.2557054824783868,0.8171431285920299,1.1022284737060142,1.0433253146937573,0.3233192100865469,0.7478614869003977,0.3336959224617172,3
0.5335818158663479,0.12102591507412079,0.48437344383268466,0.32579422395234936,0.41748311358171997,0.4752695053745096,0.3529951745227679,0.7804289259476311,0.32763601365908035,0.6235999527626045,2
0.42387113274206567,0.5557357732860143,0.3940492000064472,0.1406887027994594,0.05063437763374374,0.6462260401378513,0.027526030721570206,0.6380889042278644,0.9380118824966526,0.1580376109139139,3
0.7317802532504749,0.7973602400250808,0.8816961057907855,0.3762143329649692,0.7770574402050743,0.7421418438249029,1.0211658622911968,0.19576125755847917,0.006633973897139989,0.2948364981682392,3
0.1279415435167627,1.217170489680623,0.5588557507554254,-0.13639305734875196,1.0393751209515973,0.5898673683510052,0.05784663085046848,0.29378726337560046,0.20095205179643882,0.7940963778713992,3
0.071880064026066,0.3268181534168219,0.6624286219087885,0.6519328548688084,0.8728456973008165,0.82912811946556,0.7187624237045311,0.0003126404969599067,0.7016090879823084,0.616995174782231,3
0.7741373448045766,0.7843927335173205,0.43328207844360134,0.3383030718686483,0.20450483240540934,0.15928730068108693,0.1844915411861821,0.15572275890450044,0.38247527332161757,0.7762902841497971,1
0.6697729251928121,0.719931415109107,0.700765573312639,-0.13964317375985533,0.031895756301110245,0.09156387533697043,0.34919368485079916,0.9976649090000365,1.0959400532975514,0.9098061592195549,1
1.034174458931909,0.7362185486229387,0.9459200817985519,0.6903678271211235,0.7952808015969287,-0.08060535634137536,0.9118687950633365,0.06276826929238649,0.2984593467675749,0.3511502329732429,2
0.8079743491183483,0.2684263377281272,0.10929429870562542,0.860708391574099,1.0215388820383495,0.23000291781124393,0.6326415495227661,0.48654103978226176,0.7994267523960253,0.8113575748334217,1
0.9036762126516182,0.44975728468507326,1.0883555178970155,0.6520280894368649,0.3147784166326447,-0.292490873834032,0.1447270680701388,0.8761628408334645,0.7505745723252322,1.6507602501160807,1
0.1854971394133607,0.5906568436792223,1.048873409528353,0.7197298443008627,0.5218347063164985,0.49690354576600104,0.23641995851069703,0.47177215016440965,0.24891821826881477,0.35570441975590883,1
0.35993542015678226,1.0342621978164719,0.6102963148092097,0.3645007484821161,0.9273273229102446,0.6223379814728361,0.6288821769117929,0.47470654324476846,0.26987712709498907,0.41507830393462797,3
0.40496542698142735,0.19557150524278905,0.22015795963439364,0.14590521165632406,0.265368292540879,0.8300291254100706,0.9717286074275079,0.2907437902589856,0.44160224157867384,0.04628354835491087,3
0.05368153688751117,0.7745349273562386,0.847991998124877,0.21640955831407466,0.9820970819112026,0.5355799729436987,0.6818967135442727,0.46756323168097347,0.7211105228051458,0.5110062799908567,2
0.044452195698312956,0.9580556584877072,0.6951644226005429,0.3159240237941942,0.9528427603737288,0.38610907904402647,0.6055511821588042,0.5859658324860867,0.6937860743411702,0.7268160275564874,1
0.31401565669113674,0.16077206723790358,0.6088118175713993,0.21779818392799088,0.13811272740974734,0.7184292669282052,0.25028048338830033,0.32774435771044313,0.8854477924122705,0.23171084506941472,3
0.30057082867765705,0.9106701289201051,0.657431128712573,0.512154959427675,0.8128835569913709,0.6109672306255883,0.6325590344907492,0.508229551864083,0.21949664873540883,0.35851100047379786,3
0.717016553908377,0.2249572755138568,0.41364363462420256,0.509305358152657,-0.004023940861624387,0.34426328762227293,0.11843492009564727,0.4709631496087201,0.5095292350490188,0.8839846832016145,3
0.755325820919715,0.44187182607240083,0.5467436683426785,0.6229382186170714,0.4349302848943961,0.8148527891277716,0.7180262870980214,0.39196369957596433,0.127880292045932,0.4768285030869054,2
0.7296108390829339,0.6235812563430656,0.8602503721482831,0.08196179123120342,0.13010580080514642,0.09867926414920677,0.31931830850669424,0.9062276973862909,0.8992037639337243,0.8325266672951305,1
1.6419551860433976,-0.8547911479123187,-0.1887573357561586,-0.6733041981626253,-0.23673362887466626,1.2384647423091761,0.5313823316148241,-0.2188034316029992,1.239066012447084,1.1024567044048172,3
0.592895065883711,0.9440480966953871,0.3170184220871967,0.5789121322085058,1.0070972395183182,0.5309803054693618,0.9907061584165535,0.1388628709850977,0.8927606210218678,0.7883730724848506,1
0.0868213100336499,-0.3635133862343306,0.09969193151698225,0.19150869284995914,-0.11124504871608773,0.8798599497643412,0.9385932931100088,0.43242225031827664,0.5782661345531055,0.45273659692688567,3
0.0598641048743385,0.8839475060749704,0.6075257669544595,0.3797763209263315,0.868824386008344,0.3964453748103979,0.6006801665290781,0.5497399245432777,0.6770763844600766,0.7297499415781895,1
0.9526917145940562,0.8094871316326707,0.5357211435043304,0.5086618846943812,0.21063404199510177,0.27434307614363707,0.30727503183355104,0.06139599735373011,0.34162088785174805,0.8962928869319814,1
-0.012619466855181533,0.1441930048071025,1.1282557052699012,0.12933955428081467,0.8233089362520646,1.050745167111609,0.2667230672015316,0.9112656074010954,0.03912351021783378,0.4297779380470049,1
0.886448633312924,0.845926415060673,0.5909614416234578,0.4732403253048222,0.22149300809019884,0.1552505203519669,0.20513495098237625,0.08640068342721602,0.37112654225266667,0.9641909165061356,1
0.9809427384636498,0.7151682781934803,0.8293694984676789,0.397997988630894,0.20388192155399606,0.24168794848679054,0.14936363065665914,0.7914424187275241,0.5114508412469617,0.9237022965768349,3
0.9131743239018744,0.7172271862275892,0.510641051923481,0.44438576670500496,0.26116863153411085,0.28825127788117266,0.20573532844345194,0.1062998452761392,0.37980062146547294,0.9055876112948824,1
0.4806800185215178,0.28577616307605364,0.6824409425973396,0.4247352199029967,0.40394258088822027,0.6583125232139514,0.39503336643162823,0.5837274873602367,1.218416534845311,0.3577100727793309,3
0.9494458736744649,0.7597300604308432,0.08371779314792778,0.9924835597883882,0.6002869573686176,0.6844396667758857,0.7602162499253444,0.8045339912449195,-0.15050860674392663,0.012310992950696507,2
0.5132348973003096,0.23418513109631794,0.9299732052033765,0.3387284059759255,0.13004640696950756,0.2171771429296575,0.28851254254762043,0.49157924310970347,0.27453602061802385,0.2770046851383173,3
0.24721756754162796,0.434603627713892,0.5694916827465593,0.22981207144740692,0.7054460023571281,0.933116747673399,0.8546995022834956,0.10836547220568951,0.43287770381553403,0.6642152396959947,3
0.05667995251370366,0.774666060330169,0.8471082338074926,0.2172099600901969,0.9855540023770428,0.532314120003613,0.685800351283253,0.461630260266127,0.7149704580562906,0.5056859940073202,2
0.48729927687813424,0.06459248472989869,0.13680630568726962,0.8869703605202323,0.5377640929673179,0.7141540820557629,0.8828699609942928,0.9873171626798751,0.34489090405887596,0.883581263685297,1
0.7900147556374941,0.6371590889475058,0.5433454276940803,0.7328604359065763,0.624213818894606,0.734733245317676,0.717279853369817,0.3958314085014195,0.36034952439708373,0.5573863052629853,2
0.8984915534251766,0.8577683168465625,0.5275404184619732,0.16546908564296586,0.15937115269960073,0.39134793058475664,0.5216673676509431,0.8439272113754713,0.8269562904362869,0.46478535737949217,1
0.32242135364520336,0.8635312401009846,0.9859969962302363,0.5974344725161145,0.0436145997937968,0.22435822863220706,0.21656951653985446,0.7799748942150865,0.08195280423089545,0.27543401105638454,2
0.4953264435160576,0.8771208261446484,0.46828377825931333,0.6692756056071528,-0.029222987623725515,0.11904450700610442,0.6368006266486247,0.2714722539098583,0.12685291239807342,0.3048713863861957,1
0.8297150230323117,0.850778229254139,0.6219224739115409,0.3186546685630295,0.8284386799028197,1.05299459918243,0.11818109284593994,0.4909599351716042,0.6391138384451037,0.42785622310490945,2
0.6360284539781302,0.3484860553779812,0.5043226366360883,0.727381664149334,0.45588291583788243,0.8670297800427262,0.5681787166107289,0.2779216731715435,0.08844964162836759,0.5709731069275733,2
0.3091543453659029,0.16067230220562392,0.1494198570175598,0.21423072030810744,0.49871955267651835,0.8585179069325248,1.0760349040961001,0.3421279478813225,0.257384493239417,0.17169615138678795,3
0.5956119305988393,0.03708960905237384,0.04680015858682221,0.9471095994986306,0.620766975447283,0.588343346914685,0.7854500549983117,0.907643877974259,0.21763625919673274,0.8229858864206158,1
0.4040183731387628,0.5647258550613397,0.4049555259440543,0.15441288627044486,0.03524965813154996,0.6306052256798869,0.0289049479213344,0.6272425576735564,0.9526711613050229,0.14718229959567028,3
0.016109195197416777,0.9710308918925248,0.8323824595609581,0.7800831777716706,0.19598423816456761,0.2789323065917236,1.0048548600693281,0.5508882727523309,0.651979494620237,0.008114505083934867,0
0.32431766282072017,0.9290257781014399,0.6600168979284405,0.5190705924223946,0.7283280198825083,0.6794508013994527,0.6107226124137398,0.4767659947861283,0.16573122218344252,0.3069352823113292,3
0.2437638683086798,0.9150974051696964,0.6656437953451679,0.7134246528520369,0.013432061634524728,0.4806407081663441,0.4968275377724266,0.35957278893853784,-0.04990791109212461,0.3841005076377612,1
0.5008429185972008,0.12292891874973734,0.5070309093372709,0.3032967035700692,0.40655113501100354,0.4939247257222989,0.38230205681340895,0.8161322717779058,0.2988872836026608,0.5897231287405347,2
0.906821335352493,0.4637662803137632,0.021995237732640727,1.0056226711018028,0.04163030041204701,0.11838857937523448,0.04416905774074377,0.873428616844394,0.8151112021294122,0.03485351974225741,3
0.6854948406333045,0.39982773569443464,0.24154999292387552,0.6314338170342285,0.071572675031046,0.382578994104559,0.5585314405912187,0.4811546819906919,0.8771784323907494,0.40449851736095793,2
0.9366658944487836,0.4755427617856519,0.015196939607178333,0.9924975650169966,0.0484557384530047,0.14022244773522216,0.020113631715363695,0.8863396491978119,0.7869377659802103,0.03963888153610379,3
0.7907000363121289,0.5422951509217424,0.5694672709596769,0.5749208448145189,0.06303984845304961,0.3569509322021213,0.17770333702170754,0.5312879413986218,0.3878770514523999,0.3985565975355663,3
0.17902762328635552,1.0031164637490353,0.6882229520284419,0.37387587715818316,0.9608320174637047,0.4598718305153218,0.5983699591614131,0.6433391649161745,0.8115008405531525,0.8557783158277354,1
-0.09758647655624078,1.0647018679790563,1.0088382021779005,0.9689775537593154,0.0999046174302301,0.23775172423505267,0.9383152444465687,0.42029814376469077,0.7204171241792569,0.028997120190573343,0
1.0772021898328852,0.5910879139758044,0.6604994510502973,0.26226426198868463,0.32884419589303315,0.3300352358793946,0.4204705843680274,1.0356774501345292,0.5213260101929034,0.7443244336244532,3
0.3092813593941859,0.940065800162894,0.37209162773977106,0.6987361889156873,-0.020451049898044592,0.32535059387322907,0.5491451428346921,0.35047670242626666,0.2742926673985469,0.1052480558990449,1
0.10081641252551472,0.6645844143165195,0.9348736702960132,0.6119099359998463,0.712969878685728,0.6362160306111673,0.42254275001330444,0.4474445089923129,0.3374826576494624,0.49823778163373256,1
0.39460177004915453,0.5224545222640364,0.28876945496750694,0.49235441688602094,0.4601331639753621,0.9471810276211827,0.0824024891873732,0.3604862354911786,0.3522124099992463,0.11330208853997854,0
0.8518228562938641,0.5488841889062328,0.34191480268299984,0.6585771083337171,0.8333431872622775,0.7155607648455706,0.6433277279816094,0.08051018448528352,0.8596104278763237,0.9464353253918136,3
0.3377045007246744,0.2273280216569345,0.2760089359903099,0.239580474644016,0.24698857974819544,0.8715718226607837,0.8182043966332294,0.2905946872600895,0.3912761680224314,0.0866684514810194,3
0.41218212276600424,0.5602144850762641,0.37818196510648444,0.16046957243133853,0.04837155408218017,0.672969547837338,0.03714500892102606,0.6320505702262863,0.9324461009695725,0.18220815727499814,3
0.1234626464690904,0.8934643723153233,0.5581996407423888,0.30499602062771575,0.7914057819724403,0.4642671855402257,0.6475909911055134,0.7321125370389403,0.5810876302680674,0.6979283299974655,1
0.05411485131397237,0.7725740761582067,0.8462838782596359,0.21914943461627806,0.9865177718849905,0.5314336318266017,0.6823279973886448,0.4639873392738727,0.7157947454191946,0.5101080135174896,2
0.06127071783840936,0.7772947761181814,0.8463787656268411,0.22009019523285184,0.9879613877302127,0.5339329795459057,0.6876717155146223,0.4620870119638084,0.7163710409508178,0.5080566941244448,2
0.7865134560419449,0.41677748478892485,0.5019580840106046,0.655612441351309,0.5114443790352302,0.3045432660766526,0.0470508671354859,0.4465256545266115,0.5083127340306172,0.6757657861969056,2
0.8065479597955291,0.14376171109179936,0.2396254219175152,0.6849715512723765,0.4618181621770822,0.8917771526261029,0.768882264437928,0.1644025320550895,0.6343319037016593,0.7484750389569457,2
0.13199326978080497,0.1069365366941266,0.39433248157961803,0.7181997014796505,0.08718410942709671,0.38530805712849286,0.5403361231092022,0.8475318751766511,0.41311582319195084,0.4428071499250283,0
0.7012762137648728,0.4456452101786532,0.8013277668114955,0.5210170966799795,0.5677231142080353,0.020620586537547822,0.5658918953656826,0.4111104812243604,0.004162042722171369,0.11259433757419313,2
0.3929828197955631,1.2054868002697225,0.5360699906502479,0.6298126980474363,1.226001795880989,0.9002114999623025,0.4384128047691128,1.1196177271302254,0.9654073818331651,0.6344622671339972,3
0.20517971032637447,0.41659668448084175,0.43577885552372864,0.5426718258283345,0.3667843522131973,1.0523104611827767,0.1384393605443741,0.6512600025485624,0.43733271316204014,0.014198841376738713,0
0.6806349128024252,0.1390776332896945,0.44357694572776724,0.48637366323142217,0.07832257110864178,0.26995051502743,0.1601292432424833,0.5488891300120298,0.5044050418211629,0.8270684758890193,3
0.7159566073434651,0.5292748097353449,0.5986412708552732,0.8355658340772516,0.5905505439680971,0.8671501827615957,0.6413325684019765,0.19805951624103166,0.2532951264680639,0.5062949824594392,2
0.3886287449604005,0.37673284676235724,0.41781366002900566,0.21365110885152105,0.6896770937595675,0.6814546358851699,0.7192470922326133,0.17973193241661345,0.4191938014363438,0.45451416461595706,2
0.9835701981854189,0.6875017822128868,0.6330383404100346,0.20151162783777832,0.43926377832027463,0.4747586493384603,0.4761603115908855,0.9444945694872272,0.6486313301726013,0.8616420966008873,3
0.061924206103114714,0.7893557841589669,0.8557515960531388,0.20142674043911896,0.999042608455319,0.5255549979621211,0.6872604472775096,0.46113959456361975,0.7367150216956844,0.49391854613155406,2
0.6170900634872439,0.27062276678095154,0.733639659432142,0.17185904811598082,0.7293807162360983,0.780794594304205,0.6992634075847259,0.6255658319350746,0.27523908537271624,0.3692705348236026,2
0.824687280562756,0.45370440888086744,0.7593282453321062,0.481663975738662,0.5794985431130426,0.016639109945705173,0.7286926212762698,0.4557270799704222,0.1255170527621198,0.012504058389675624,2
0.36963392981581356,0.4220079190441699,0.29080819263710134,0.1375589250386615,0.6713832796328951,0.2504678910165654,0.3319477914908222,0.9468870889455316,0.5560009007980136,0.37841339991434153,2
0.9521922948289205,0.8246443871309825,0.5374738744759745,0.4575460547187751,0.30256063419696566,0.11090417875265848,0.14037454468651067,0.21825177507867372,0.36304739948958736,0.9009988140733547,1
0.34624179653923304,0.2693262516151231,0.8479274020755274,0.5758896900616632,0.30873741518809716,0.8335943421210149,0.055644602031679036,0.6683361942096984,0.9618375227991461,0.5683225329322885,1
0.06100697217578188,0.8134214720222016,0.3928803222894575,0.46453390967294284,0.4756813786055051,0.6617609073966797,1.0077107997130346,0.5286875083275583,0.43297157038425105,0.945498156785852,1
-0.018209694821777256,0.502818234609872,0.6930175412904634,0.5802948201095427,0.07700121792924891,0.2300548917984623,0.6171058293557423,0.23411740216008764,0.6104197729754457,0.9459795468136745,1
0.08266115774214372,0.6225705070489659,0.9071423011266613,0.5915180215655101,0.7194900981898353,0.6338815331813311,0.408672280604102,0.4537182966495856,0.33490092094162527,0.4643961466125796,1
0.33438794001943334,0.3230856686717551,0.2772830102147604,0.2938027275110452,0.7828097812825162,1.0527093813151736,0.9155132434475348,0.16249197574318858,0.7174894490591267,0.20256686959432524,3
0.5050891810057058,0.6662720930267954,0.8075098437990654,0.5590943639991248,0.042173125859698596,-0.22543084287154558,0.845401952082468,0.512451221833655,1.0269192448129272,0.3573115430548443,3
0.10220716977209908,0.8974403130708755,0.6635078526926241,0.2165355071258661,1.0073760057340084,0.3498513126667859,0.62257309187963,0.574564560496664,0.6916766050078618,0.6962353999960019,1
0.2268754628880507,0.32045519288214963,0.25152231314938134,0.8199800391047055,0.04397525488337087,0.39409746257929573,0.38043450330618067,0.04136407426011319,0.8322960858231956,0.209832957060036,2
0.20942792034359883,0.528484076956085,0.8511819744413353,0.3033270924853719,0.06645131481266456,0.17582746788411607,0.7945039041617572,0.3111795674895317,0.9176055321817151,0.3073363389835151,3
0.3045549368547609,0.8272694590303934,0.8270430587218599,0.24308101228406953,0.8398462105501322,0.40563551471691955,0.7440606884817498,0.8352073626909952,0.5255075485556625,0.7529143982442172,1
0.48070252147590004,0.18120883361203521,0.27338959101200605,0.17606535643361035,0.28879837072677245,0.8933032937422037,0.927692600309861,0.30563640071349857,0.43959327017666805,0.09484345633253283,3
0.8454026261703608,-0.4943997370027544,1.34663907271079,0.13326986857245932,0.054000753408117455,-0.1889389501364418,0.9139569359173734,1.4117170376546972,-0.0017400783225710592,0.440214970137241,1
0.21270139518370357,0.5616499482499578,0.8662236495158733,0.4312852873830426,0.22199985593688148,0.13334631513359657,1.0797660854125235,0.36824488690186874,0.9224508697674226,0.03126258494502643,3
0.576761115575292,0.7954277781417457,0.12625965441886627,0.7023253735806587,-0.13662378477186832,-0.3554340693854711,0.36735446742707395,0.8103491333659242,0.040183105045397245,0.607856353942865,2
0.9849407267690111,0.7647062215583904,0.07876000604489437,0.9859783436601076,0.5321325339594419,0.8231438550204988,0.37838321269469954,0.8525823324703581,-0.15160499752052442,0.060481118878232175,2
0.6667313006472435,0.8951351745180895,0.37032263009704197,0.5158297558836553,0.9135088935501792,0.5342990904908093,0.885317824394505,0.10416578498387968,0.8835503750382034,0.8118801434645404,1
0.4475914368982154,0.22018813461019654,0.5487857710147171,0.990432557897338,0.31297222717881534,0.8789963327841429,0.5240970181351399,0.407493875143321,0.2604416468873273,0.6621885249169887,2
0.865929414784441,0.8351193093333455,0.34152552796905966,-0.10119156405710586,0.3315654941681408,0.4179570806938865,0.5250044579265646,0.3144779839654824,0.5060085672305139,0.09448213547113649,0
1.060225654748397,0.7227257304923274,0.11006194529200002,0.7742444924931249,0.50470191207463,0.7041155391400762,0.31599335796392114,0.9509216729151754,-0.08668803587564018,-0.04718927759895994,2
0.8216964982186096,0.4909707685369094,-0.022302589857502927,1.0205712253970758,0.16290170174855928,0.13263109646182653,-0.14260231899269177,0.9072089962600145,0.7774407231728401,0.11532979123874734,3
0.3069648585272675,0.40107628478914714,0.9891679388995506,0.636655513203841,0.38375049977857184,0.7416907242913111,0.1534944417941865,0.6509234897774393,0.9308976435619242,0.4080259512245271,1
1.1507121104814093,0.977449067389886,0.3474556751750137,0.540335391105619,1.1077010173934734,0.7524376412292877,0.9900251375970058,0.44065638109186883,0.1972888226422014,0.04680324807983552,2
0.055279305869235705,0.7709518292451234,0.8325272833270507,0.2096609762528819,0.9918245762408091,0.525862541152986,0.6850671294841566,0.46794250378138486,0.7203839539177151,0.5030431450782038,2
-0.35240891682264974,1.1436766387028023,-0.5830274269547072,-0.37028608705350624,0.5040040108561128,0.49574918376229865,1.5526445217753646,-0.8955374851120312,0.9484559068848343,-0.05295882469995,3
0.5462617887222563,0.8380934184579307,0.37791141667725897,0.7167885081834606,0.9459910791225005,0.2436192414478009,-0.027612315622225242,0.05921800745793851,0.6596369104932112,0.8931909053714534,1
0.6559272905878358,0.6955305046482609,0.7821744443485887,0.4438638260078811,0.6539003139854264,0.6719702671050762,0.8619526922950418,0.06933022169398914,0.202710648987298,0.3263628784742316,3
0.4425358236473306,0.21190450056717286,0.30589079361069466,0.17284414642540058,0.35812291731877927,0.857187443478416,0.9352065131044964,0.2332284431109705,0.4560747137412703,0.055321462021618986,3
0.10986640296076614,0.7910559540919101,0.4783346744015603,0.43988160284921607,0.5251791440598921,0.6535482816793381,0.9265705569922014,0.5345430243859414,0.494439499118082,0.9697689500656297,1
1.106775732880926,0.19433675462648975,0.45038105265753947,0.03455513466505454,-0.0005393899906349859,-0.049244032245281705,0.5694631559762252,0.812594032020557,0.00398720694728876,0.5861923385908098,1
0.3219023280317059,0.536386815828204,0.4797199542659013,0.19687523386422967,0.8029595174617428,0.9630631691262708,0.9341226658404502,0.019781759875225124,0.501768712722065,0.5715841026827477,3
0.48018311640577105,0.20557805373439553,0.24121455348218518,0.18861282801182536,0.4197591795667063,0.9508052083413208,0.874328643483444,0.302019532667112,0.5550801599617895,0.045564423696924886,3
1.0708829679824636,0.23341272216381664,0.07107258655406931,0.6826182007826354,1.0138802103422162,0.03504321095997126,0.5771586381893359,0.5261753786642699,0.7935836163682207,0.7079072573438966,1
0.7203474133518019,0.8358835757865761,0.6817956592771823,0.23481857270197207,0.2072978601218492,0.8832104464982128,0.901162477304219,0.6698853277547738,-0.11047598208486886,0.07288161033333129,3
0.41516851460667836,0.6602033032618043,0.7425855086053514,0.6254377781322704,0.24482145788145246,0.5301878391342919,0.10867856959774105,0.8260871467102244,0.4287539828074072,0.10646320208995724,0
0.8527502620801561,0.5218713612018859,0.7663566995094997,0.18784347268721963,0.012950924320298096,0.04570724797844631,0.3997823599292277,0.856124185897987,0.8875130247767942,0.9242669334742714,1
0.3353778376601003,0.06894662266935317,0.32161982444358256,0.24760187253172722,0.2948394081600172,0.7508969212986712,0.8351549342608305,0.08096918638841308,0.4096335392962199,0.1561135119584835,3
0.34621907132263346,0.6969630607388668,0.8370396218339632,-0.10848472304015061,0.5373869353428194,0.5479501876532887,0.27889873444282454,0.6676783714989857,0.4183835738871038,0.9521865759070045,0
0.30163022831052555,0.48501154888439163,0.9965246928484905,0.720725173408329,0.37303053109341167,0.642169431679882,0.0980216842187617,0.6932340323598088,1.0206286034633771,0.35066117506692795,1
0.7903299514145701,0.60063544850102,0.5276625078837831,0.578583189726669,0.12009156627255055,0.41304991573266014,0.23127766580675535,0.5554152726829908,0.3641028898649736,0.4066405380246865,3
0.7583598175678902,0.4397670215699944,0.48383342275778407,0.7248025305649786,0.32618787099787183,0.654159943403918,-0.07786138106813267,0.0918579222314728,0.08033467966839136,0.21714663697768757,0
0.2827065812333111,0.8776791916938983,0.924590433389083,0.24222762014407512,0.9098122341356667,0.4023843954026993,0.6427518869559603,0.8005475331382705,0.512586163252629,0.7414445928070407,1
0.6482582622461226,0.3969329897724313,0.7719581497598005,0.6481683823412431,0.20183419143442646,0.3619436030524915,-0.13671571389748105,0.654904133915194,0.40027984473876976,0.3131875509992791,2
0.448241308305256,0.5959708613938335,0.40855893333702453,0.1501458177211688,0.06757949150791367,0.6698180038175398,0.02578781559417336,0.6125250521768922,0.8968177659403,0.14221963803841745,3
1.0179836425495352,0.48461686595657877,0.8053703647578886,0.04128350624840035,0.5639810134252847,0.6465679597469858,0.4112625946608904,0.11450270564243699,0.6873872164724318,0.9431761711926566,3
0.6577267555500386,0.5055591191789797,0.4832440461084465,0.1816144807978101,0.27735357784776316,0.919179607406297,0.7690021254509364,0.6134710720645268,0.29735039099474037,0.8923658298293811,1
0.603601488948133,0.1580898755214832,0.3021939575065514,0.8311256026407016,0.4679986250835308,0.7798601667411587,0.7218097093470242,1.053982035850321,0.4951878346575973,0.9311998448167307,1
0.3143321014208032,0.42292183543401574,0.45754112741266806,0.2681057656386478,0.5839766870496866,0.7024820258784308,0.8173484953496837,0.23968398540760913,0.4136505869310271,0.48904635245025846,2
0.809408232412497,-0.34383924561809354,0.6281181234459857,0.0948431843443332,0.8109840826427055,-0.08816124630128341,-0.681489931012991,0.7320628856928844,0.5012645205866723,0.14522805808516892,2
0.2754005358110307,0.43974297194832157,-0.06092563942747414,0.8723883419412637,-0.0169766563167483,0.633675771164996,0.5255920037396343,0.7880215788558248,0.6341306870746336,0.09759301270213369,0
0.3787273344574806,0.7819759267110257,0.5072083760429302,0.7827329595497808,0.47104805590827725,-0.024057072832122654,0.7899182962800461,0.9150352609184541,0.3202238934328976,0.7017080666295266,3
0.5471740621194457,0.8167406001396077,0.39223922455168153,0.0935198334430486,0.7913992919998747,0.9935702410185102,-0.118877949856943,0.5451646309543144,0.600271483398964,0.590463630423529,2
0.6062239259001049,0.971105684846141,0.29447442117433814,0.594938671193979,1.0130675161182447,0.4842678010765353,0.9723216074820064,0.13185275796536944,0.9210042552029974,0.7978081436286519,1
0.600532967826686,0.9315236072276322,-0.027421547452595396,0.024890636336347215,0.39383455073725376,0.2890127022770024,0.12162087674215116,0.5167157172337579,0.13801437805423894,0.9249864399684463,1
0.0460709772903312,0.129582368241221,0.3366134788164234,0.6654436530993761,0.5131092487988428,0.8058114144698355,0.8683781198650347,0.3108610486428928,0.6332149805335207,0.5101660345808816,1
1.0053888792942915,0.8962291473611587,0.8361389355687738,1.3239387320765093,0.6978917013191578,0.03273616296730253,0.4759435986861606,0.9857364600178877,0.7305489728857629,1.1919638749092334,3
0.7318666127077311,0.3026013972404888,0.7196363827700769,0.709648921480041,0.6502501616173392,1.0047502109278124,0.6734968895294904,0.3058060802095847,0.11317335509883819,0.34320597385427354,2
0.8153816917121937,0.7422006779336475,0.14272075433178177,0.06009192340320625,0.12417346538708951,0.602664047696673,0.36872950050339404,0.7802109953499549,0.3701843432790289,0.32126937775023473,0
0.3841880107455764,0.4572236857244559,0.5536332257323138,0.41816158521158725,0.581758847285036,0.7418275363774347,0.9021063464508083,-0.08295178066527786,0.4536137111354763,0.11819390167420818,3
0.7303102730100303,0.7973006608373433,-0.139566724153384,0.8823004017761389,0.3146210686029972,1.1468641654468263,0.3100228845401759,0.3090467757384445,0.1021204071382929,0.04383826968514848,0
0.8313246867514489,0.8118479160642523,0.40190105073037463,0.45787324838295473,0.32090030825590904,0.32997238561450903,0.31090262135666713,0.049460221254541054,0.4884545902776197,0.9663226933729696,1
0.5242679792651117,-0.13664431708599173,0.14076019110119128,1.0130343248472404,0.4828365214861302,0.9309437298410165,0.5357708116554971,0.9988431566235575,0.44506450295043426,0.5924796483294918,1
0.9809993669958023,-0.01898748497051994,0.5849004420193553,0.8806216457988328,0.594837266818393,0.4228685749365236,0.5536793673829041,0.28683370057023094,0.08289602417112663,0.6642427072918672,2
0.30105538727831466,0.9494228299736791,0.08415066170950036,0.4401929057379744,0.692614709851098,0.7738147331655757,1.0057529533570382,0.17428129348368276,0.7105661014315938,0.8061890713754681,2
0.48884321761608246,0.9936074040341256,0.7806854235650553,-0.14233789644409642,0.7527575594551542,0.3633074151219901,0.23442024962995145,0.4945406729763894,0.04866939600024811,0.975983251487513,0
0.3369957033449803,0.0764469493656339,0.6018681745276563,0.15501709375363637,0.12584062095197998,0.6846861963683899,0.28144190577499395,0.24188166568825276,0.8852754635807689,0.23795120311713974,3
0.05385793054214947,0.1795359232475869,0.33613339873916415,0.7193516514802534,0.4708981917951707,0.8307625093235509,0.8573257888641495,0.3629967058799192,0.6774550133815566,0.47540337583036574,1
0.4756924365425679,0.054564480689465206,0.12682496691195685,0.8800314935970248,0.53958991903642,0.7269104962791332,0.8656806266017075,0.9989713454683097,0.3499007538694163,0.8901768299953962,1
0.4594105753184683,0.2901929837158749,0.4801611923422902,0.3891664124946645,0.4496402454199555,1.0075968514215599,0.8746859719884891,-0.032329757343619286,0.17971715675805514,0.46259938255982364,3
-0.04261874104939703,0.8383015411222896,0.7926726812115912,0.7709853071459506,0.29352018697926174,0.27495049401590027,1.0778112134156599,0.5757444579316389,0.7022098681049811,0.09650783551244696,0
0.7363219604922274,0.166012383882937,0.44909686999786635,0.4831130180363706,0.09209344549911656,0.3233120018467961,0.16978813623351324,0.5170366949460469,0.49862659536388604,0.7878435086531282,3
0.15030569510856,0.9707879561685665,0.012271599339272403,0.5185897633024735,0.6858024112347623,0.7676267109725203,0.9060489963417766,0.14132540022715118,0.7835302873919096,0.770534658411635,2
0.4905374791112353,0.36536047374798586,0.12421705935860115,0.49288454770780743,0.10135199774514661,0.12866156481298446,0.46968280512026694,0.10657399249483986,0.9772514390481507,0.875352315179615,2
0.10198559420409437,0.0853599333080128,0.37640746538819286,0.7678194684546887,0.11864456530554757,0.3721308379744734,0.471335377238541,0.845741954180495,0.39557913558652175,0.41028333772932596,0
-0.105333453282004,0.9302537022880821,0.4951886894469168,-0.21119854294799095,1.146992884258747,0.8059488424508869,0.9052852401596457,0.14114042687670317,-0.010396980806963552,0.36743900644167493,3
0.3337479920084023,0.9745854722242455,0.18554255815488457,0.5997712347708892,0.6398924338972606,0.7281261961779166,0.9076412830835499,0.3132185445293247,0.6897721195674714,0.7966899019156939,2
0.862851199225028,-0.46820802274151085,1.1162850353405087,0.8088894646510958,0.3838315308999164,0.19056895466049656,1.1627727629091074,0.18275355803328602,1.4025311174654223,1.4427508542561607,0
0.04639444688490917,0.5535253556127154,0.4058750466846732,0.6209512908248201,0.5179968548360592,0.5604471637309333,0.6769238349243283,0.7675658778294369,0.3425191256664693,0.18824324747119403,0
1.4919725855162398,0.6137906243643672,0.9755739397711412,0.7879791194865307,0.5392476928419991,0.2044250143263245,0.5457361898414896,0.5484460468021194,-0.4807938262934872,1.1306425341330628,2
0.8821837220870665,0.5493130316203461,0.31357081528638314,0.7327182207318139,0.777396931378069,0.7446293479825242,0.684996334530534,0.10305892547728182,0.777052367227613,0.9258689068351674,3
0.19978667822472113,0.002578361561337939,0.06848687519480363,0.030690588398429385,0.7298672281557627,0.2644044233915439,0.46156041694849803,0.4687409110211546,0.23915138713659387,0.17072752316243317,2
0.022220842448937968,0.09796218522758289,0.4453631092612325,0.8017325311073564,0.48283063818537264,0.8111787831750744,1.0264728726019812,0.303052949972208,0.5356444574836051,0.3932219503797517,1
0.7657622562959359,0.693040588234638,0.8574783340840907,0.35192586929475367,0.06434854158119897,1.009211062780778,0.75588992196726,0.6883815935800041,0.6021004473088758,0.5585190050157633,1
0.8977041079882192,0.21046264313730362,1.0875441379782878,0.33734279593160066,0.5424489618741617,0.5311893547217756,0.8990045528450381,0.4651896256478029,-0.23468354202361214,0.0923233107917747,2
0.9828481501453774,0.5320883473184354,0.47411651433555135,0.024194576368184728,0.5808920164209349,0.46190037345137064,0.6217579120531045,1.0601203968734854,0.7287241647168508,0.8831685981671104,3
0.43529274636558596,0.2712276093147559,0.8912977245397371,0.5535907854873022,0.892320979753702,0.2871201013571343,0.8108759017487286,0.5414668022870947,0.20333734588223518,0.3447174523651589,2
1.0038246041062737,0.07888049335057544,0.28167166795372844,0.2673223796231679,-0.0245130543546993,-0.01556007240505123,0.5708172384526516,0.8231389500969756,0.10481085263466054,0.5282319325154737,1
0.834468586282847,0.7386263442364907,0.5233035159712952,0.5749492700881706,0.26775518042371094,0.2467396546029819,0.07016533227253438,0.19323832424549187,0.41956653006271555,0.8349369513496594,1
0.14809205220768956,0.41835828367251804,0.03653694473966534,0.05883450463555415,0.5042668850262786,0.11688528293447753,0.13116207773705973,0.3373452406479627,0.9213559102988568,0.3013304273430034,2
0.21595938166332454,-0.019581567285825968,0.08799713639079565,0.8867554943487578,0.2059051651845667,0.9299086698079148,0.7168500988346657,0.511348332808683,0.8590524530702721,0.9641144501648841,0
0.14612547580742485,0.637583637092637,0.9221346586946613,0.5472201114741848,0.7783790187850685,0.567667295632819,0.4329957056450278,0.47975424969896857,0.3926678285779429,0.5368374635297388,1
0.5391270524034362,0.795142952219897,0.2840203741076142,0.5544686902560295,0.8352813651072736,0.1991694972091916,0.011666708216623368,0.2397100011930066,0.5260226391967484,0.9161525086030244,1
0.11809515337841495,0.5249953700983901,0.4967911789292838,0.10726414523425717,0.9789631716180228,0.7226526422027348,0.4486585141863315,0.4869185553380518,0.3631561390489786,0.11877114981456471,3
0.959273617649912,0.60445619987926,0.7146492634873066,0.10080766388708545,-0.06068947710912481,0.7551351454749616,0.8735028321448686,0.3984090130751685,0.6690158597681923,0.6525619303966889,1
0.8640927879026098,0.31758782725371304,0.6063823182936822,0.5919692603966777,0.3670838383366966,0.19739475182574487,0.16021635681762936,0.3359934814519291,0.3007683024639882,0.5469589390580532,2
0.22389476164985592,0.23511851841204048,0.22140562747309367,0.349896127577156,0.3334241669525253,0.403002426498797,0.31121299368157407,0.9475333826605391,0.7942500077464472,-0.2859956879353112,0
0.771836434889057,0.4001495281674937,0.8672654993635528,0.7175340589043371,0.5185125224886719,0.5942553023239568,0.06535249413444247,0.681461362194984,0.8648125960499284,0.40423884646056363,3
0.8227035090462539,0.7374075160358955,0.02928174576056994,0.6713577606183665,0.3347789698912666,0.8695714077304701,0.5605466956179236,0.1406406287499228,0.8541882581663821,0.2096213189010877,1
0.2941091149114978,0.6394901407749373,0.2402213493383615,-0.03628762708221362,-0.1381648528710953,0.8205987703707812,0.7039200416830594,0.4805438658655784,0.9484686547170325,0.9105188817515709,3
0.297556349959455,0.6881486802044741,0.8900113459560811,0.06970031464224094,0.6211351503136302,0.3825573805883157,0.4334693481668662,0.8049372208053779,0.22760041014983548,1.0072829373748604,0
0.02041456515307964,0.24275154312134956,0.7066504352608587,0.00968376886150481,0.04871910324535998,0.28654424336165124,0.12541888048028663,0.8791163086854747,0.4697342000180169,0.29888583064365676,1
0.7668263503477689,0.5593580978409458,0.5866752778103688,0.09604776590227329,0.23401190531824384,0.7681230910378286,1.0511501869814681,0.5789214154958024,0.5138919170487158,0.7386272431324089,1
0.6492668259532215,0.6838127928677655,0.40515891868486864,0.22255766415012654,0.8925813445491881,0.29412403757892935,-0.05350820002629861,0.317831922398281,0.00880705811504539,0.1393162567358318,2
0.0650141077892203,0.11845014271561177,0.35833996354322456,0.7024928386070197,0.44997962240025785,0.8769096649786664,0.805301584253332,0.3757878667725879,0.6974376187798876,0.5044395740096189,1
0.05013948372997035,0.953055120642563,0.5254305349888992,0.5165632831487631,0.5962375180430597,0.7091528034279088,1.000584442644076,0.4854185820977086,0.37905278120868624,1.0305148747493993,1
0.43666600052382765,1.6050299914045434,0.3695751806228691,1.6706364319402114,-0.17507171991695797,1.4662870204364886,0.2107104289299605,0.09096899915268708,1.0035383523977175,0.05575914175708263,3
0.474870695291618,0.17140853032179432,0.9208944673829986,0.9019508957538294,0.40663363015275117,0.7861181080208611,0.265376712097284,0.3646141111308511,0.7065996394098891,0.48350275099209616,1
1.0079909432439493,0.5200203527522811,0.8320765277403034,0.38576405263499325,0.1346828837122151,0.6375192825274336,1.0655557978085435,0.781235369743349,0.5180840857328882,0.9495916595230114,1
0.8968491596837009,0.5581498472255623,0.3360977876864218,0.7632106341784256,0.7722483432619534,0.7595843109347274,0.7060581528532957,0.08718829334862496,0.7501861796315314,0.9196080900355662,3
0.24708336927239166,0.4442535932869762,0.3237262917430438,-0.02373373216991688,0.8379209630031454,0.7869723630669454,0.6585373009410703,0.35064428438762546,0.44175199206818083,-0.05741968580473389,3
0.11838554811647672,-0.12616663891027452,0.3298267987393285,0.3102947377605335,0.6975853955887361,0.057811086642558275,0.7451003733592919,1.0596377829199617,0.5502517938866038,0.756559695818893,1
0.662377855724094,0.8130582169201848,0.02228633667815466,0.19326127385592684,0.6955746191595196,0.01506542904212084,0.35924616530221465,0.5870577196035661,0.4785974515929498,0.15081906751353924,2
0.30242994011883945,0.4548976096790438,0.33664144764385356,0.7328840100978651,0.13400442655967942,0.3578794338944013,0.5493592859131592,0.03213904899979389,0.9916746935392481,0.20723838020274488,2
0.4987611879596018,0.05391798572254775,0.10683755137267358,0.8846707931028638,0.5126707234508889,0.7475127848016184,0.879419481618407,0.9769182298874166,0.3441912356465085,0.9038709205488362,1
0.9903169865825834,0.9751295010651189,0.3107769971192134,1.0984590017337823,-0.08645250090316906,1.1985384456219497,0.16757517081667866,0.7422131620992398,0.5337769336370857,1.2905593086209866,3
0.9270440448519348,0.5691507410233713,0.7398441201680037,0.06884651292983404,0.5357241099764354,0.6310250173351686,0.37818497061870215,0.21478695376497006,0.8138025879302802,0.9747286705086955,3
0.6034740611831392,0.9385967471676306,0.019203845963695627,0.055054693314288174,0.42089972197903475,0.27900579886413046,0.17702172643523165,0.495530198537822,0.20032546346815594,0.8494660269768777,1
0.32809958828310215,0.8670793612925755,0.9835605771366993,0.5944264048488247,0.04970086360133048,0.23598341731703693,0.22419257639927145,0.7794541298439259,0.08777657520459019,0.2908260317370428,2
0.5725303923984276,0.18734006679427032,0.026276452983113416,0.7408266140382176,0.4114892151959373,0.8145316313381682,1.0155135751609314,1.0881869093339964,0.316991122688747,0.7200804795723955,1
0.7510478432416633,0.5545227003903536,0.6178342366274538,0.3847087404967334,0.5574063562366396,0.6177660565843176,0.5573082578394101,0.1989419077515881,0.1481106096339106,0.1909091073074426,2
0.47588593740660884,0.38746447706395526,-0.34875401474657336,0.33680029748920826,0.18963342937405459,0.39413175815049123,0.8071626971375332,-0.13049686788407727,0.6046592327565518,0.8354400107538754,3
0.022406358398680985,0.24542045594095488,0.7011463123276305,0.005692187681076023,0.03126335384405554,0.2785256238011163,0.1259279878167965,0.8696764899808112,0.4458182104773746,0.28848300343634165,1
0.6361087917333907,0.7190137484807191,0.03313092506268434,0.22123049138916104,0.3417287467800923,0.5337211753545554,0.9008790900574863,0.3781922239694339,0.7973159703169141,1.3506889534573874,3
0.8025938241794045,0.7224315648397163,0.210025555349368,0.7200337112203097,0.4068337030807386,1.0191260250916154,0.7196493070398351,0.21866382557534905,0.722966285693422,0.4082289447748989,1
0.041640019512144355,0.17766017251061225,0.33887784358683803,0.7459399806029886,0.5055283972541794,0.8535156303552536,0.8412521301295312,0.3887034532407476,0.6596823014251288,0.5234516070919955,1
0.6000577539472576,0.13535978744100446,0.12907507255408956,0.14438234768884184,0.438689100726506,0.04491566302328869,0.21274510362605753,0.3708024825389253,-0.3229581839786278,0.42815974056201034,1
0.8795883640908051,0.655428110888002,0.8200378909561987,0.04871320983563927,0.5802802556190068,0.6220762950420168,0.31127592222053857,0.20442067873150252,0.8233743082791317,0.9486019314783257,3
0.5814178650223955,0.8927899963582026,-0.0204584701784884,0.03303411265009906,0.39066393684646566,0.27086606294419846,0.09930936357106279,0.4879663975052104,0.17738226541882665,0.9247033240928149,1
0.942041411320811,0.48161869227047976,0.005837182690519378,0.9895863933612054,0.04239742832833131,0.1332452107539007,0.01715857845418641,0.8913816440167722,0.782750999239004,0.0322239581760936,3
0.6242704868532464,0.5816310217445184,0.3693167202426606,0.37904529270608917,0.7145531394868438,1.265758149961999,0.5997324813226802,0.6813691538950077,0.8295679738143152,0.5149202741622341,1
0.20389729937222342,0.49891266387302197,0.8932806559030693,0.46828612965467403,0.5037260931447454,0.6808360299650711,0.1305768181440794,0.5927521110216658,0.9616697850437906,0.43474044188455263,1
0.4745464245983784,0.36803286592618367,0.1809435018876146,0.9417332814526173,0.14273306568143557,0.3952485646982145,0.3678016052405205,0.5941370174710503,0.7615677521837034,0.1773758786877843,2
1.1225442226283424,0.8602036799779956,0.38051143762307993,0.021112248483797377,0.6013050775170213,1.0045747158153926,0.8060130411854771,0.12254994755535015,0.24289433915412373,0.810695241550729,3
0.639793659741198,0.24018790709040644,0.23248787293533568,0.26614493008793044,0.609610824680213,0.03713696436650261,0.5791911348397676,0.7534801541708751,0.5910728144035969,0.6404575057560694,1
0.02095497850345801,0.21982324599232467,0.7021055340316997,0.022170018776805706,0.03710655858752913,0.29552484170390364,0.11879459406552065,0.8697819534850775,0.47272045452741007,0.30754792575287204,1
0.7194985807423084,0.3889002421347424,0.7059254810823082,0.3388210418393129,0.7072072271072224,0.5492606550108186,0.6467773593406752,0.35086794747948785,0.1091909141625892,0.21674664364572496,2
0.34366895343302273,0.9121215489061154,1.0834258651581876,0.04486227298984041,0.6432385927814791,0.016838000141133458,0.7990614871888176,0.9556178941293141,0.3728071468761515,0.7619427857358756,0
0.6374467210967673,0.9626273865417283,0.22740419164314374,0.09765201232176642,0.7262850782157207,0.010252437274564416,0.30170076410470514,0.25269538793228763,0.5324288700803707,0.00463257864773601,2
-0.03989596143942739,0.8055776278040292,0.3450290660320917,0.4846228551472379,0.9266403700245812,0.5293264329209463,0.9591222470093302,0.6288174761194661,0.6281172993085768,-0.02238870910052433,3
0.3118116202828914,0.883693865825682,0.9660130815062077,0.5855397631754553,0.03926234836079955,0.24193826248732925,0.226105570056772,0.772975351081793,0.0776475913322905,0.2820368011569404,2
0.3716283493459495,0.8671758808789479,1.004603133285591,0.5858931254649331,0.02812498345982039,0.18712653014810984,0.24703365682979656,0.795271836872152,0.130177684273349,0.2418720032656651,2
0.3373346291714365,0.8982654473566768,0.9619014203896878,0.5918490762388635,0.0795844545629921,0.20607221807787435,0.22119718135164607,0.7726135085497374,0.11024905641275397,0.2645796046271682,2
0.23565043886552298,0.2992754994275834,0.5403917047832439,0.16894270222034746,0.9422222476262263,0.4718540945910005,0.5806907326689489,0.41382133410951427,0.6130636565973411,-0.16115353562385298,3
0.7103058695760582,0.37783274117540516,0.7178115366222441,0.3498278217674371,0.7055478944867868,0.5392450384053792,0.6553833710321038,0.352107986517545,0.11799831017992911,0.20876583186232156,2
0.56452642325471,0.8013834289283653,0.3605053271202668,0.5043743415771955,0.7707976443694208,0.17541853040140137,-0.0018104219511096385,0.20932948991596873,0.5117804991441002,0.9438824726115893,1
0.0914339074858516,0.07699947497189946,0.2909526845694272,0.6719496767491948,0.5300469170074683,0.5792220106627666,0.6168056746610865,0.4144207671327021,0.8951715231123347,0.8058542796663628,0
0.609530960805086,1.0762276275022553,1.420096578141029,0.6730228304298207,0.13995034652216098,0.706635803755217,0.5709390950310916,0.2531114606477733,-0.6492771776508479,0.9713591626443252,2
0.6497059455751815,0.3656556587389491,-0.04773757884412638,0.6674277794574824,-0.49800504694296865,0.32227058397573216,0.6968090392387792,0.9597530537197939,-0.3568574052763078,0.6014949658057261,3
0.17905792724707925,0.9309290915771605,0.06233499465040119,0.4086737253627463,0.5904596909296017,0.802552184571606,0.9504522583619605,0.1668655697984791,0.747460619241202,0.7359180547347638,2
0.5161240530309887,0.4411465897601285,0.9112453575553741,0.6341847414580404,0.9103272402502831,0.2562859389613963,0.8092462300049091,0.8939033381212133,0.6307413653594306,0.4333485888837619,0
0.8859566226860242,0.5364103144515081,0.29829935589591017,0.7503132538663049,0.7829186371633056,0.7600118257616898,0.7056649891528295,0.09639181637723956,0.7747026846158458,0.9365912242673896,3
-0.010015439116282748,0.7450537754941082,0.2970019955965316,0.6036279801244726,0.8801043711714864,0.4915799218465551,0.9998993284090082,0.695572107779594,0.7018283495331049,0.08058311107199638,3
0.8220477365915311,0.6224139331246772,0.3747570544087595,0.7769463306677477,0.8416410300229623,0.7852640054328792,0.7135833665620794,0.11445264206647415,0.7293409140142998,0.9541053601731244,3
0.5242831758939913,0.1323193659642512,0.27610548593248935,0.08831708572670868,0.7185346300847426,-0.040963182106826035,0.44167831184076234,0.8532147051788641,0.6055881728980195,0.7900842027817405,1
0.053598946846736495,0.4737168108129489,0.44973290836521895,0.05011355520862406,1.0128507806541767,0.6959528807749518,0.4116037571423186,0.4244015307451243,0.5236282637079965,0.17149279148278418,3
1.0348280800476508,-0.048031754994264514,0.7124383261293559,0.7663984982619322,0.5329259339468414,0.5051930153031647,0.48115187504995194,0.16728736598702665,0.19011055537827867,0.7719731105194212,2
0.3521669224528542,0.10899670701782434,0.12565968240658051,-0.1332723068457669,0.7302960445267443,0.27097326058430243,0.36831845674291885,0.5800870681299103,0.11207853297167615,0.16054387274624726,2
1.0744092409727317,-0.1696488246840438,0.6798696709818156,1.260189895844792,-0.3182520871208918,0.5789926048529435,1.0197937114762539,1.101748168970075,0.0750956064571755,-0.16251067348399933,2
0.529127405072695,0.41451166935858996,0.9256227651699156,0.7223315786298267,0.45891946396218014,0.8477444380506552,0.4685934923422031,0.3213513190363909,0.6571262100051879,0.26621870776897216,1
0.819865774548708,0.6507926527736856,0.16239262007835237,0.8256377652260891,0.4209950376085449,1.0055025497630383,0.7536559955896052,0.21467119703765594,0.8076123898115016,0.27382137154643604,1
0.5162549046814965,0.2831594627000197,0.12486866501699885,0.3863945972591468,0.2249128939296871,0.19282494167251732,0.3701656154216154,0.17606625611460403,0.8931154034744476,0.9504454901513795,2
0.8659208100067598,0.30161974750230597,0.6511455912720037,0.6887134186767025,0.2855639245957493,0.05784528308498116,0.19090807747556865,0.5147903565420646,0.4122702995859273,0.44908129903955984,2
1.2662558464003446,0.7634760650983223,0.5041370241298672,0.2561369727648179,-0.4342859556274511,1.3233062739909636,0.8168235508662768,0.9019028257709769,-0.12505503747951274,1.3476375487470595,1
0.6373470510184125,0.6942808759291946,0.7626970825923619,0.44898863158111474,0.6297169230261301,0.6575578046035523,0.8691854156090637,0.0677031375412305,0.1948255582828572,0.33124472674712657,3
0.03037718148400627,0.21887826972105043,0.6849974358510653,0.031553080700165353,0.014037915701388608,0.2818366661250772,0.11291506312309826,0.8379166622865795,0.4859830442409914,0.31248121235324056,1
0.35644522418422725,0.7905402182712568,0.011976510185930066,0.6367221701218106,0.4588905376805132,0.6677243912679196,0.7867788278419927,0.14451600442090484,0.9061844996106302,0.6040076906889214,2
0.2995002975715555,-0.14439968388984395,0.3289852469444145,1.0305896332659457,0.5772915718825332,0.6394694343294776,0.9622254088129307,1.0814396032630171,0.14103415367674005,0.8084242577023582,1
0.5746423648225627,0.7827419284941933,0.9446924096017715,0.46773066018170606,0.30616808689143316,0.3878129913920615,0.1768242166419259,0.8181314118305894,0.707601345774932,0.07133345893617357,0
0.6875288238316238,0.42814414588089605,0.22641045278838395,1.1465108055201187,-0.07062595922650533,0.295914358193867,0.5309790080211082,0.3650284169281228,0.8039171363271561,0.1674291229832312,2
0.05413502967330417,0.12718709609085424,0.8362765456298786,0.3089747715543527,0.09943871948044361,0.30011345754874474,0.6245149282571677,0.3729111753962366,0.3588329080758592,0.3804807299636101,1
0.278679126555361,0.8828068779121798,0.07486963949771247,0.5136989669460452,0.6188547939086705,0.7064301842134343,0.989067542814131,0.25088487008651433,0.674162780431444,0.7623393044045895,2
0.5254279238116754,0.8434789200301025,0.17273387440273064,0.12019332783893269,0.7651104616640537,0.10242737443524062,0.20890277891092357,0.44740920664890416,0.5750524418769574,-0.004894390274446528,2
0.3254425034684981,0.8700808019636187,0.9812527176863123,0.5944077874166231,0.05411162787118071,0.23406784716171014,0.22597385371448492,0.7782364960563669,0.08801538227779629,0.28732491634427093,2
0.6929439232495038,-0.03968914410948336,-0.006000675878450934,1.000317928519016,0.7637931767749099,0.6813717070834386,1.0916017493164845,1.0992521976874352,0.23087517878995906,0.6941013536201016,1
0.7968484826318556,0.9106856632523542,0.44581701895648723,0.3694308141456128,0.9563756368327352,0.19399756354132316,0.041345894015626605,0.06436481181262499,0.1938820760325196,0.016455168191737424,2
0.4362813511154052,-0.1884138481496071,-0.308508948531886,-0.39235691308764736,1.305703703389122,-0.1852728101227209,0.4291509233231217,0.9643836905572732,0.4575876293476896,0.559800407018167,2
0.5800023424716865,0.9617772709267043,-0.056270502988559803,-0.00846978176635893,0.35407632950055573,0.28405254697469845,0.13412060392906922,0.4371913693157066,0.16623318819681632,0.937326420414705,1
0.5738743959513654,0.060666319887057424,0.5039245405434669,0.6391452520696922,0.5657773488535656,0.4833599703480752,0.39076441140354223,0.47065167920306017,0.43172180098975566,0.992225699257781,2
0.3789445220223659,0.6790761644542999,1.1474672027602912,0.884671870536834,0.0919471808357305,0.8783342490410101,0.27472113741381915,0.5930097869832246,1.2389852598699027,0.5441357869880997,1
0.5198415933790064,0.231769046760063,0.9041584046289292,0.9245068608502696,0.6400984851084441,0.8950687556883259,0.2127776920731148,0.2700742769996654,0.6198871396507466,0.0035426565840660507,1
0.13025279846599236,0.14488890048041322,0.2880536068369319,0.7580826792049277,0.449168731040624,0.8901990643875698,0.8136873973190718,0.3323924921392807,0.745592350810826,0.4112799285925863,1
1.04284884801231,0.6407937465702594,1.086912688833122,0.37027968461128674,0.4425177958824622,0.654200438780346,0.6945661697735472,0.49836733994084875,0.5912882829406717,0.49490004600278265,1
0.6338868823292704,0.926400354186358,0.10277214794905239,0.1611426522004848,0.40251796954213215,0.39028608623744565,0.03811012000024168,0.4725977840349064,0.04962786974046589,0.9484435736303921,1
0.8204574068606317,0.5921390697044894,0.752190896784723,0.21523707399680897,0.11510326539864613,0.8433133625069091,1.0148042904124277,0.7128717047153097,0.38232190577093655,0.7730358594342294,1
0.4166565521058317,0.1569234539952057,0.02186079460585067,-0.20184490106083047,0.4606022097733071,0.3353837737494475,0.47625633077852125,0.686528831510773,0.3709175832969371,0.15902164999449755,2
0.601095815802082,0.9115577514399354,0.20077758124176165,0.14700301878408503,0.795461668875077,0.09587056886955361,0.2625300032068602,0.41478952308631795,0.5610907922633321,0.0328601481152096,2
0.770534214569651,-0.07677350477251135,0.6320604424671413,0.14848269613841214,0.18960596977450825,0.16268955455957113,0.35978206873569574,0.6242956333380001,-0.08317905049632641,0.39620761890726497,1
0.03689860813831601,0.05786320773432315,0.25937070359481823,0.7166992286849181,0.5331436450415189,0.6499274043002815,0.5942321384777571,0.41141267465518383,0.9017021236487319,0.8161392778806319,0
0.6069532602964925,0.8762579044945595,0.02355500112758906,0.08237806771517031,0.39483478634283,0.3244503136003106,0.1668792405454327,0.46182976170013396,0.11447219552495529,0.9330885217277871,1
0.7581277780730389,0.2950049328898876,0.6726585866964465,0.4558077251518641,0.6445231464086408,0.4930956208195864,0.5525125251931838,0.4174602743710363,-0.01191235075879174,0.14807933866655604,2
0.4362386971151633,0.11241765788170537,-0.1325862321836439,-0.459956840111319,0.08594372775987824,-0.332572478266996,-0.10083236596292167,-0.2282657329519322,-0.3227046905837102,0.09542904438874761,2
0.24892932466047818,-0.014191185991879282,0.16873001440497037,0.629841853047649,0.42219860512715074,0.41788262587150427,0.5100520688244411,0.58962251119001,1.0762635387456685,0.7017884486084174,0
0.02457148083017632,0.21846953096519983,0.24055309157791466,0.9150894353495498,0.6312945178421191,0.3576673360550662,0.6331127090317688,0.8954079273312364,0.20674231029766268,-0.014216231916937577,0
0.717561624168431,0.7292977571989675,0.3929687540707998,0.3988231564291542,0.06756728442988282,1.0304995214500459,0.03202546835512038,0.24034663438002815,0.23496174766895342,0.5155781237464166,3
0.5823462561353441,0.8664508915914411,-0.024440396840201377,0.10542303703383815,0.4038916037512947,0.35912879770052303,0.17157331300970616,0.48559693543968785,0.15368725969325112,0.9151885639644044,1
0.9283138830631179,0.10849735331801519,0.6837234504977643,0.824642895735462,0.5117365380032308,0.3699312389397644,0.5682286996639383,0.3101575464811165,-0.005156516131401612,0.5837273470988239,2
0.16731272448246182,0.7805240881324695,0.7666450565345988,0.6739521737478936,0.08998593115251961,0.8097106005942372,0.8098860371919709,0.5026718116316204,0.7310634494050566,0.6124842327932778,3
1.1612116771701408,0.522500897312055,0.4091557960843789,0.28879928630263085,-0.09728821665606255,1.125027209250915,0.9139310103006909,0.9506181143663899,0.3534295079561113,0.9274606797108276,1
0.02427427177446152,0.23486158672522892,0.699485230317419,0.0320849688841169,0.03813367581889771,0.26855581214159907,0.10970941136107251,0.881662951650804,0.45457047371954323,0.2880446294752126,1
0.0813033349480643,0.7775843155957494,0.28476865760791675,0.6109641868392662,0.9669994847891722,0.5131481992499024,0.9897576770975047,0.6347804967844829,0.5884171222200216,0.14178231580603362,3
0.07811476522810387,0.48704598937014604,0.530439341114755,0.8900996800681644,0.3149466355102445,0.6601667316959761,0.48602245826768686,0.7685544827614307,0.4125521147849667,0.09338272545410173,0
0.5166832706142606,0.8255454268539077,0.3188865112571738,0.5182068088132199,0.7893385266869877,0.16176220135545358,0.023691745020397215,0.21805217829712054,0.5376609422433557,0.9207460806992877,1
0.3528479895924802,0.7731860640624391,0.23872064293239464,0.4301436933509958,0.8294810410554192,0.7437066075030112,0.27024535354552226,0.05804289117818229,0.02166505244220014,0.07211689777639091,2
-0.26968496452149526,0.6282440133602737,0.32608584332902657,1.1197875463471612,0.2352433096005002,0.7313864981820133,0.5020750584386233,1.2387174853298957,0.3820361912392723,-0.11308947069029435,0
0.8803488050132139,0.3290612111324803,0.5479006448486007,0.5624682717140909,0.32009350150479765,0.2768186185130952,0.10238153112374984,0.42954173661313666,0.3965079202659763,0.6685589570687416,2
0.5123084149591545,0.03692688073594424,0.12225167722251769,0.8757070369529131,0.6366401442919697,0.8043900092540327,0.8223437227443743,1.081410190751333,0.29382697120408185,0.7803030082091175,1
0.7616815553466705,0.8844880102078818,0.07834595473036893,0.8709503868871931,0.706476974540136,0.9679528680309661,0.6224170110941434,0.5506868664258294,0.0537352009290293,0.2812898481117534,1
0.09347654430328997,0.8368052016965175,0.4025878122786909,0.4761733475474148,0.5321524030674543,0.7240362130150559,0.9451013545683221,0.5687470793309714,0.4572123369504003,0.9286434450095548,1
0.46869501905263516,0.7180617461275497,0.6982659547702657,0.5490277463676133,0.24564776576789207,0.4787837428236513,0.1743583976002037,0.7667273674950553,0.6187768057660591,0.1678116262155733,0
0.45126903050642664,0.7066796130474078,0.8056281876347728,0.5530404654511567,0.20193169212667414,0.6297422307719918,0.1643944471682913,0.7558780154633694,0.4898178568186631,0.07951573554669847,0
0.010636459611628513,0.2317661067574161,0.3824666834275974,0.7094058150218338,0.3930437280737711,0.843068039615969,0.9318272906582044,0.3733648424474718,0.5745121637363788,0.3802482592899933,1
0.9802590747678446,0.4626925472661737,0.2092568879973727,0.7757475357677523,0.8570075949060294,0.828744040767638,0.6885662950737014,0.023297905696483587,0.7874833647342051,0.8287417769495244,3
0.08547389888972065,0.18778620812938868,0.8755907903473439,0.6111079610831301,0.583545678788875,0.5909719341853433,0.09787373612587302,0.5951233008183732,1.0191029544492431,0.3083566947641585,1
0.07693331207557141,0.5097614382566713,0.08035117720652651,0.09771862800020281,0.504719872845926,0.44286366044991343,-0.03911881735553571,0.47438650420655604,0.945893187272563,0.590284273241719,2
0.09087200845396325,0.08681915169345392,0.30647668287123636,0.7004983068406813,0.5159885787271381,0.5966017632573318,0.6172724314318505,0.40844724872482974,0.9293792276294548,0.8155829287907763,0
0.5836527716277434,0.03110617006904999,0.13046879242312445,1.0368245296007543,0.7705647851864961,0.6031833294501076,0.753863325585777,1.0070899781541836,0.14937267755800593,1.064992133222517,1
0.045950427415250905,0.4783609038958193,1.2076257108909954,0.6283978622429387,0.17806355450657382,0.9638580400733424,0.2381338819339483,0.523084448430896,1.1627829206210005,0.18236657348526644,1
0.7270814473030287,0.3752541323062737,0.6944839163341525,0.3391538971106392,0.7000160800757945,0.5409105707810767,0.6371207491130106,0.3378383553681208,0.09670920105194501,0.2208945915632561,2
0.07680113596981149,0.07021280784793113,0.21299093879154973,0.7150547844388557,0.48264149748614593,0.5136026476044137,0.5391530277131296,0.4976031084297371,0.8598001165457438,0.8569203195150116,0
0.06560400389264828,0.011111402613060081,0.3741189098380693,0.7120239341616105,0.5461387631105294,0.6786198125258357,0.6543201707079379,0.3948967294700802,0.9885966250023613,0.7378284847924782,0
0.624325248696098,0.8531269450549005,0.06525226725422671,0.08968756461664298,0.30153694360395034,0.32239514153727616,0.15308314232921413,0.5310659912604871,0.10031410712492789,0.9193769663336607,1
0.8792060785871246,0.7041934143817109,0.13573227206594113,0.7953794557474952,0.3778367368952399,0.9720723602470134,0.7160969075156866,0.15778973805124388,0.8168467711292324,0.30896505907391425,1
1.4717593268211002,-0.3218407364323665,0.6769681977300686,0.43483270122123047,0.25559871394416456,-0.29508223439891135,0.04738381804955066,1.1230733810602067,-0.0961770355329834,0.7288724967598751,1
0.39235037600623257,0.9504381805354567,0.7916500585641538,0.33893079987266733,0.5716388892042977,0.518936114010732,0.6184629784813795,0.04596382453294033,0.02801625753819656,0.2833925403130302,3
0.6167509123710614,0.8336770989669606,-0.02166569609953545,0.07380779059489548,0.35476731474633816,0.2791406871488786,0.2036799048011921,0.4442277543298973,0.15935409525295818,0.8689716460889764,1
1.0078645771729033,0.5823588065040333,0.7986306028316541,0.0994006285529095,0.43374199050047035,0.6308732890806702,0.33008415086760695,0.10911902340857528,0.8625229356014417,0.9472314533016659,3
0.3095588135264269,0.4301748312303193,0.9919786070614531,0.6421266672091419,0.40467324730371973,0.7259638966497948,0.14533933779223687,0.6411358896789086,0.9433036119390266,0.39745075276337954,1
0.6838099907594754,0.6524423306397109,0.6405816942908888,0.48501070449919,0.5261992486446763,0.5279827591466941,0.943127997093252,0.023085191674160836,0.32703508217222865,0.3698103280556523,3
0.7181928124041952,0.4881615599045107,1.2064896388686046,0.8863378995489284,0.34972772652746603,0.878341504173023,-0.16242624665587718,0.4820757638322285,1.1380544117490439,0.41935514255414647,1
0.44997479150568076,1.0558290918529625,1.065742882615755,0.31639146425789344,0.8282686668046254,0.29061471323410293,0.855935395969011,0.7731807434892353,0.6405871670942003,0.5912204796600627,1
0.031226685036043568,0.2510736172994684,0.7094465914783369,0.011636530917855551,0.029706644304483172,0.2718710840773603,0.12702043924113798,0.878400247325224,0.4681810830478545,0.3002480233366177,1
0.4424683296672602,0.9443681959345822,0.5236803122856002,0.44488681008388953,-0.04170424763511035,1.1691197037302725,-0.0015212345061560717,0.3460523723094746,0.14658381492799394,0.43489257853777286,3
0.237834177693733,0.23830572378357887,0.30436373967511143,-0.20514272714097007,0.5647108993888679,0.32307158625451815,0.7286488368740935,0.3116044209496366,0.28141737861705063,0.20428504986603063,2
0.10790578075068058,0.9434251669802303,0.8297908874735314,0.05560089796009804,0.3959617084544954,-0.0255434701086108,0.9053117297048667,1.627166545041843,1.155662934673356,-0.6801963816981546,0
0.10553105605414848,0.12365298773527447,0.7033254461668155,0.3931400196790501,0.11983761135646612,0.2957282367303465,0.6899150530104077,0.386232071528272,0.3789532730666602,0.5191683958419067,1
0.09035913778908541,0.7737579320572505,0.24186008801690823,0.5424559379143717,0.8813353270194784,0.5130018526765167,0.891230858139567,0.6353242345680851,0.6190199508981892,0.04529139350198805,3
0.5793743670684647,0.09478509705744646,0.055991686100314644,0.8237598211233461,0.6349224428800558,0.8044580124345543,0.8501302690930108,1.0818383909371507,0.3889234127576014,0.921351967662158,1
0.7794017325409104,0.4095835158369812,0.8633698243440201,0.702309258983865,0.5183930744021386,0.5741944802894914,0.08999422958743843,0.6727183350336648,0.8370050021372242,0.3740812877060521,3
0.31032228067757767,0.5382633624253476,0.9866099802588639,0.4832936052334844,0.4971949611927343,0.8178796211737522,-0.05834145344857314,0.4751686310755061,0.8038194680449697,0.5771670622936806,1
0.8382758544645055,0.3237201421353812,0.1478752526839161,1.1184373425236585,0.4331299158515316,0.317687248008823,0.4684685964980097,0.4266870572006597,0.7364203944770268,0.48952682819826254,2
0.43188721327320356,0.7452659567479765,0.24751453596034723,0.023063756758180304,0.05609831468490161,0.5181372666036738,0.5131706250241075,0.49169347911603944,1.1770602160629098,0.6445296615969754,3
-0.003698115440035392,0.28546880555603704,0.4487628559696819,0.7749668922210758,0.36262919138799465,0.6039530196657112,0.7285382884307512,0.4500109614797398,0.7169091569077081,0.49958663400968323,1
0.5532158322817247,0.31139385920440127,0.26660208549965164,0.9691040632679682,0.21819074291186835,0.38122059599311087,0.45552859386484273,0.6755531211068834,0.6387912745061352,0.1983307155828916,2
0.564405880960951,0.4237173403665811,1.1127978605928097,0.0329542940223915,0.6456350176431933,0.22048748734838583,0.2927879996754126,1.0822856458236327,0.4398552776689063,1.2276861561832342,0
0.47572332191312655,0.8997964115773915,0.1902895643571639,0.617452142538258,0.826425130359491,0.19552179545637235,0.1767589262299095,0.34512154183101407,0.4532164605935534,0.7971787569506452,1
0.34562091513946047,0.37423075343846024,1.397056539397552,0.4544601451161573,0.9045579239066874,0.8167596781006089,0.4893879841957287,0.25402034060362794,1.022959149759431,0.634649872773962,1
0.5572658845193091,0.19746242150724302,0.9154031536220546,0.39487410535053863,0.8157975288918553,0.33753836424782246,0.8453182890854664,0.2642576332993473,0.1107549705908738,0.38609984281554965,2
0.8794223462428081,0.5568821366508941,0.3033403096980478,0.738705553488132,0.7876050210638603,0.7456189802358807,0.6783941813939967,0.10854436629960025,0.7740439266689542,0.9264713131024666,3
0.6517789900694549,0.658703646078821,0.8341265191282535,0.4734061014762897,0.8188997533487162,0.5327669659010859,0.8178637566834566,0.12751086370475562,0.3544406300660161,0.24129349572373293,3
0.6139132639469018,0.883424842903372,0.04516644325496931,0.05776051174419301,0.37175710461662553,0.3048583350703126,0.11368229346467648,0.4635820327314337,0.10362927854477841,0.8894727244158022,1
-0.08021092367706384,0.26289641212833076,0.4157328015376257,0.748383982649141,0.48599875838242595,0.5904673512914346,0.6608376479117297,0.4981761979166779,0.8616853148908997,0.8174949007876264,0
0.04637182917769657,0.11577314490180814,0.7743935278981601,0.3055749384222175,0.06399761825160782,0.27250453596858026,0.6393847004434978,0.4106232238126865,0.3106761540568983,0.45338961009826906,1
0.401057699375693,0.9466851422983977,-0.1997301585067162,0.026348754362031754,0.2008437492148054,0.7118602870478714,0.9443882920980117,0.4244878572053324,0.7325298546915276,0.6880338233059372,3
0.12928238399039704,0.33870400069911233,0.2333487465650016,0.10649359799249596,0.5037612632415628,0.2857494472822511,0.1308001676838413,0.3260013037867383,0.9622704664824127,0.708512934530315,2
0.9598322117290226,1.4787057526195204,0.7261333931575007,0.3330763145320123,0.565663392547614,-0.3501391359833571,-0.33718226748725855,0.29384823970259427,0.1793912506486819,-0.002032049060559529,2
0.10206117166672352,0.07420368667329168,0.7056628335523296,0.2873826019755714,0.11879128154176816,0.32303824275135296,0.6975840364924664,0.4194140352053126,0.3882075455800135,0.5273302532889919,1
0.3401805188319809,0.2826120449097507,0.5156326044754465,0.8305587970869329,0.5441146099644134,0.6722853921316266,0.23627497498078792,0.2839587658469445,0.3811574567986906,0.8747431408586944,2
0.6740636084966273,0.7882634739270252,0.2775771397175792,0.23009389384504722,0.7640205386370762,0.41509524141403925,0.13219532512257856,0.4361694645616667,0.03228936416908783,0.2905447745812926,2
0.6108246926282253,0.36908946999831044,0.25003009230568285,0.6896335023668632,0.5282050770486215,0.5373678592309246,0.10996758004634552,-0.06157834555237435,-0.3122548191140364,0.30469662026749406,3
0.34028537023319516,0.5300339434958875,1.079290882846764,0.6191560931793176,0.4681064216974695,0.6906761970674288,0.10205147769515391,0.7407878920025451,0.905240364169214,0.4346067959172929,1
0.45526360466931654,0.8501907337000425,0.19835136740790613,0.33564094678275336,0.2899501460736019,0.9848579428234923,0.30213027544957993,0.19731898820190497,-0.04189681763263556,0.5721213281958919,3
0.49915050683790796,0.6940798438855328,0.43794115044726534,0.3410230910186842,0.37912003798242944,0.2997486350583093,0.4461329338203337,0.8146397095264015,0.6376621797271587,0.4244080029233034,0
0.5347795069960909,1.1031554251042446,-0.037247654974323086,0.229685445126828,0.6840688424750883,0.39543537353521335,0.8410236837693006,0.41818252034568026,0.9334896965084831,0.7235820331065389,2
0.4322651006434858,0.6777337738705456,-0.17572609496882874,0.6148706555205483,0.44372762482006206,1.4395313247562018,-0.02093664262969308,0.36983731456411206,-0.41894737742252774,0.6627326114044957,3
0.13779611933459182,0.22215979578875286,0.3304838295042056,0.38830720488212506,-0.13476945111359923,-0.07631531324322349,0.6312268843670845,0.09980644045155874,0.39779646853280926,0.08874084571410225,2
0.31970599916391385,0.959659816751175,-0.010825508509730325,0.4676249521644584,0.6813801723629916,0.7407145596140914,0.927039695393624,0.23555047718777455,0.6581154825695196,0.7241637914580364,2
0.07612614459605575,0.09485512999809549,0.8096950572666972,0.2239567990786338,0.024050985228639958,0.2889354801882207,0.5556178265758502,0.38797146447145736,0.27817028263765026,0.51138239982618,1
0.587540521543353,0.3310950273868122,0.33937174429858524,0.32371419133502605,0.7551052517314523,0.10703983537236512,0.4818587494154883,0.792995473806883,0.6770887957819757,0.5301413219185278,1
0.29857797423650595,0.3179732078984943,0.11288486756465416,1.1860496377248293,0.4318502000997331,0.643338590804009,0.4000850916180339,0.7312992914297538,0.4382166581480337,0.2788110274893806,2
0.6887230048050178,0.5893732400047864,0.626798984080107,0.4928656424545369,0.7841672564648006,0.5702508012469812,0.8041645199186246,0.022194695302061675,0.2144006317264694,0.371705772073475,3
0.08586076559741401,0.09759993730023124,0.31173879850397035,0.6887498902241111,0.5086842856868502,0.5967082254443908,0.6079212836010401,0.4005047636849147,0.916137616520047,0.8048237357609965,0
0.7187752539432892,0.545299953253086,-0.1918922651834835,0.6761016167465718,0.7772576257955122,0.1758269165201771,0.819965296556584,0.6664657704956521,0.725330645390108,0.5327300980435921,1
0.4659619103254442,0.3920577048077897,0.43000412817206646,0.06865959216803569,0.22181648916492916,0.7956063637173897,0.8972458914224535,0.3546020234213949,0.7911589592860695,0.961994908023187,1
0.3396112760182002,0.3782829651683115,1.03613487303939,0.5843835554161558,0.3929624700671996,0.6977037832022217,0.17384075829814813,0.6606917352273012,0.9253170276367202,0.43878023973377567,1
0.8101514025854231,0.4056736842415968,0.7292428820222909,0.5625057216638534,0.5901411153536992,0.14264615910558293,0.28517794831285287,-0.0006606884059476847,0.20858097167953643,0.8194580737375905,2
0.7051222764260894,0.7627335739001679,0.2892639564561627,0.19759910478624304,0.7690531680262833,0.3723189616437898,0.1118167095206469,0.45563482876983863,0.002030731444157885,0.32564962120164964,2
0.9056440346728434,0.21334242028997105,0.4057349477975586,0.7204779585078612,0.14641963264688812,1.1899236620894382,0.704408361855956,-0.016479617559269355,0.7182523441136199,0.022374099577514378,1
0.8695645533161729,0.024606987923772278,0.4137760150938039,0.1257572512297165,-0.18375610328733072,-0.09982732607453193,0.5756930398370546,0.6116466449407256,0.2181194708943099,0.556497276504103,1
0.09397047728006062,0.508475141736622,0.40219314170206805,0.1224950988247835,0.9471492954978498,0.6471201556232058,0.4979457460870958,0.5521772967881983,0.4344264433137709,0.07414890258353143,3
0.9585137854230195,0.5037909697684821,0.2941192682523339,0.7091246508276107,0.7470135604167781,0.6925605155675412,0.7405244625882783,0.18898515580804187,0.7722804459229602,0.9340445640508318,3
0.6903643049912083,-0.03052541795233593,0.5595303845189556,0.6316916752866986,0.5607385992574845,0.7451094392173836,-0.08094393407710099,-0.5957583274603505,-0.06101500560497139,-0.23518495661379712,2
0.3960050528023565,0.2822780668668853,0.8147316051280937,0.8129043705968789,0.3318392354907136,0.6094314898161224,0.01056314600541669,0.5272178701483097,0.8817664308437104,0.6428725045160208,1
0.7634001441245098,0.7881543020099786,0.535307224976897,0.19484374468961882,0.31815997503692284,0.9042446113395364,0.9489660348316469,0.8495655015182025,0.21926934653325056,0.8956832825218144,1
0.6151625367028091,0.9038068144555611,0.1690345332473349,0.12740443644459123,0.768169470098216,0.020497597526967233,0.2645219762484353,0.3683199593589138,0.5565965481352714,0.05039949699692698,2
0.7464246907862212,0.18915790385515516,0.5582067706463487,0.5169627935662546,0.5357270904545843,0.26720311016214277,0.6524564017187066,0.7030256848928099,0.02597681611301676,0.4517514339122497,2
0.8732134786192048,0.7554247442816292,1.0863821761285553,0.6289490689781405,0.8396253976418586,0.5181881298894537,0.6599934272421687,-0.023437725687337596,0.17658391127887452,0.33964909957388423,2
0.6284592193440843,0.8909981153250959,0.16505028167550517,0.2907066909156779,0.763856271720747,0.6916754889028393,-0.07727570559184385,0.39819278295649646,0.010583999141069535,0.031205973615757776,2
0.31659890108511907,0.39315625286779216,0.2571604926566322,0.9400647108426725,0.2629340273875531,0.753410842847535,0.48052701892113664,0.4574771009508317,0.001291436384756539,0.9346963940651676,0
0.6086817081599759,0.8879595435106598,0.02317381716611681,0.08315526516528493,0.3738133959081967,0.28791091891308357,0.161563846736242,0.5072573513596852,0.15099441746003692,0.8868540401954078,1
0.4586848908011896,0.01746921604064694,0.10380742150347358,0.033324277218918286,0.6871647110510477,0.4410152181610336,0.14769655163379902,0.470600974550085,1.0350736889674046,0.6851533943910088,2
0.6236199419488271,0.6029743565870039,0.21933232494691396,0.8928701501639975,0.2806110337567071,0.7656191676684182,0.9021319015899334,0.2266004685758988,0.6562946116258652,0.3750601781091633,1
0.6036955738513979,-0.05665636983590326,0.5488784120208934,0.46273558302102125,0.5606606987750058,0.0417638140035055,0.8043626953564412,0.5997253287204571,0.11563894756693924,0.4812295425325718,2
0.5902564114178191,0.7355031453731419,0.4124622356155067,0.4929377547258058,0.14174644931554764,0.9937229718222605,0.15856931199201002,0.2650613770109825,0.1318862545432959,0.6486350653835472,3
0.20430965435187368,0.40239725464715476,0.21744239784780856,1.3961632565816795,-0.20138910909458435,0.7666850797122908,1.248030131777683,0.6576718718492034,0.978731476150884,0.6134662495750327,2
0.6905025303277947,-0.030702104013221,0.4921213764600738,0.5372860836183276,0.40885425753580634,0.2152245810284661,0.6161775927145019,0.6422803890654083,-0.069014499912077,0.5468942671061847,2
0.07896208298426144,0.370846745356496,-0.1881325475169694,-0.2459650036785579,0.8303450767845022,-0.6741427156391521,0.5773119837162073,0.41883579354372863,0.6819738232675259,1.0833488693953557,1
0.5920339754072171,0.8830561742670608,0.22456272464585397,0.0010923412851785025,0.7934400399423125,-0.013988585809774925,0.24002775846162372,0.3593481040190918,0.6298768695773377,-0.05633785758577657,2
0.4144057709941109,0.26133779268272106,0.27293368575520616,0.9811364489678335,0.5215020911910283,0.5742924760506325,0.8074102963737454,1.1171956234614,0.13036949648318918,0.9580268366994882,1
0.5673341026698921,0.7299675063306014,0.7084581045999866,0.40443376999250397,0.6922452287428981,0.6804969567513169,0.8490394583488863,0.11538087258013961,0.11609029388917894,0.39216419174175965,3
0.5768825693603296,0.3441002000528655,0.16075290621576907,0.34469513299477705,0.5791322365153311,0.07115680569219804,0.6475073362470319,0.6865482292432584,0.5793771335756782,0.5264710851013158,1
0.03817705680668643,0.22518366235723217,0.6899968972499473,0.014588715918227663,0.03516725593645916,0.27215914650577494,0.13359378963715152,0.8670480179885861,0.4570328210261975,0.28900288469453467,1
0.14714052246496445,0.44575853024819323,0.35530240023201626,0.2681380730722924,0.32098386914130106,0.328833764785024,0.19625138457901245,0.3683019098017047,0.858599425363066,0.8442158037886973,2
0.9896395118923251,0.19169326704087983,0.06244632141314234,0.9686079848936647,0.5796315263791801,0.2978315672777433,0.09606906742182408,0.82011092954329,0.1464704003942835,0.2879922889220668,0
0.392297161743425,0.05898247469152885,0.06133093126052387,0.19205560187798645,0.8653630674416783,0.4089442633056052,0.44043162946413994,0.3871612597354476,0.1017073864258172,0.36712647328124265,2
0.5768883244055814,0.9327890300933567,-0.04557520955400388,0.08966742637920513,0.3699316840820127,0.3546080145241774,0.17708476355802144,0.4977234611634723,0.08009696249924458,0.8826721854584879,1
0.9438371249698035,0.5937607604888695,0.7580580494497259,0.06422054075102895,0.5489994833631064,0.6080695955949119,0.37385022451414834,0.1864285114921238,0.8325343767873197,0.9792638769820918,3
0.7869687928726341,0.3325511927457772,0.12212658097684138,0.20650343704475677,0.3955892836487405,-0.08461067855327833,0.47738192942023905,0.9477280188084187,0.507523445319508,0.5211252804518709,1
0.3033030058035512,0.33553831234338344,0.257840421628957,0.8272893966039223,0.17158767305326023,0.4260613712179783,0.5194045442441528,0.13031091649317803,0.9028830570809802,0.07756620994853293,2
0.5650856697605106,1.0553114275305524,-0.2906489151180151,0.24837519311313827,1.117029579180228,0.25208779070748294,0.20675197713409296,0.19345258999621717,0.47569101784566004,0.3008735016619649,2
0.8501940130783265,0.2486353760047263,-0.07091772425488857,0.5499294112790689,0.4275519748755801,0.27779124108614084,0.388728690388388,0.7825810865396922,0.33045286548469105,0.7626293514661442,1
0.6424410247034179,0.7208073156314855,0.7553739208688028,0.4284010368440426,0.6557546994663433,0.6677295081272806,0.8739699753264362,0.08719257117259155,0.19338334242387503,0.34567278246635397,3
0.8476241380886717,0.06754310550426364,0.6894089009777242,1.0360692158194704,0.7223971732262915,0.6348042846065644,0.41842316603384994,0.40236361628542733,-0.0032725580521391906,0.718205010917772,2
0.02315153847464655,0.23332076823750997,0.6927245995158989,0.00838939153578731,0.04043819600029329,0.2710123449789703,0.12429759035675611,0.8628623203061264,0.4576638608209605,0.2872129578427215,1
0.42536756440487977,0.48046161133828635,0.3507528456186898,0.6667825556972891,0.100643274029133,0.303482154751338,0.5816523564294659,0.17886230855499546,1.0231621107967368,0.21664631422413044,2
0.12464171614752172,0.2421492462926792,0.20029919933915802,0.6264788080729297,0.38355846631645596,0.45155716025446846,0.49990653540253777,0.3520917451176786,1.0627536326037486,0.7431462684974608,0
0.06935199545957677,0.40846282328741446,-0.019555830535960037,0.39429602701812755,0.9566031681636121,0.24435788955637652,0.5407927205853419,0.7726537446678674,0.042080158768317416,0.49204995004617774,2
0.08405079983292231,0.8148273787065267,0.5069030165512806,0.47604542582389386,0.5978232058846462,0.8241473306871421,0.9600633382245057,0.5979540150863709,0.5643124283129075,0.8788633884570066,1
0.3153870649955292,0.8599546360756718,0.9842731806227605,0.5860018070263842,0.040406694591027185,0.22833138442203793,0.21761539430601984,0.7673790698347428,0.08345277140086668,0.3002564923560193,2
0.8846517936932305,0.5987974189631581,0.5913179225048473,0.13468643522427182,0.8477917170310951,0.6736431386309143,0.6546703168467111,0.3084877507641102,-0.07468757745545243,0.033317602905965776,2
0.46368024314030243,0.034413722944402786,0.28241494409490603,1.0330539316967284,0.5630764172299433,0.7689348218343114,1.036246930845204,1.0641801620131235,0.3854344885021871,0.8569637921026364,1
0.6764878094451658,-0.18469905360935474,0.3551035546664273,0.46356944028618824,0.5745283807677408,1.0061023845216206,0.8848016745573308,0.2994397550986044,0.2984318382099516,1.1026066108067718,2
0.13350178011166042,0.14337243413113746,0.34880985483022603,0.7493666880439064,0.5629598299829515,0.5562895227504414,0.5501080106420239,0.3473589784839885,0.8960968201527089,0.835041092514107,0
0.05598291145309018,0.2566399154172958,0.4901004648010754,0.559600969541148,0.5760870300700981,0.7787092254333794,0.70608892533032,0.4692774849558347,0.5328859403183597,0.43725666622463194,1
0.08018948408837392,0.43982363308775074,0.22859713170988824,0.04095072233726148,0.5603810460862206,0.292805749479801,0.09885246769552147,0.3109307872390857,1.0457544518242305,0.7483130777229039,2
0.37239073474997586,0.6783876443338546,0.9461180504385488,0.4983817981390339,0.2145493732799889,1.0867088792811945,0.5497601418061743,0.42399600101408796,0.4871541231702431,0.05598648530525349,1
0.5513028531714753,0.7983836385378043,0.4509655703803287,0.48510013586950784,0.10516411532784611,0.964952508651705,0.11441927716787789,0.24220417449465192,0.14173843840062472,0.6181995267818671,3
0.09926449585514993,0.024253436426675795,0.3504172729321833,0.7681039033005468,0.4569742483902643,0.5609346181163665,0.628903588848888,0.3388489423597564,0.9840863565177722,0.724794601584142,0
0.24534323115715712,0.6422493942170447,0.9053428119461833,0.06685042785573331,0.642132089672536,0.39496611725805664,0.4034829066889086,0.8129855229147231,0.24809657816609965,0.9772486473171295,0
0.0668323808963925,0.4412770145413891,0.5105720962218943,0.766419098709488,0.3999923410905516,0.5720246468716268,0.5387131847194758,0.8557490627082451,0.391473377918086,0.1460850785724843,0
0.3398439726930987,0.4732361419751875,0.27547408078837343,0.7058880862997532,0.18931807403719653,0.6989096629763831,0.5423665648344326,0.6991240840606507,0.1538669356591535,1.2367697425273292,0
0.3948977514917653,0.6172036567826302,0.7663700790486312,0.5850580249490152,0.1411625639669518,0.8751735528629949,0.11118476125231956,0.02604327709742632,-0.18241831183330875,0.9713575175602731,3
0.6148324371819289,0.8308619291645604,0.2160035603203911,0.21431137193331545,0.8021341844813004,0.35403718433198705,0.1845349971425224,0.426981520142166,-0.011067434834462347,0.227412475566505,2
0.7446098097747438,0.862964190903398,0.7600624020021736,1.0716208251002677,0.21296103438502184,0.1459034917413321,-0.1487913703499847,1.4854064994899288,1.0331612566269053,0.40967546950709116,0
0.5955810610783685,0.9088423074078785,-0.02846015897267519,0.0755275613565626,0.4233552973624772,0.3312018880453692,0.12829218054329192,0.46197105942279115,0.15018862614693712,0.9193953941982489,1
-0.17151853496624414,0.3327404449924327,0.41308062761243425,0.7251368526230983,0.477460703810615,0.7354256252753748,0.6075842298915591,0.731024199102531,0.31196847482533907,0.1291205273873769,0
0.1574043116891899,0.01052239085697328,0.09489887911110147,-0.018549297338407683,0.7581559921549202,0.21551260578365944,0.483238360711438,0.5029335760772508,0.2775546569293376,0.2003918095403819,2
0.1318833684794215,0.04770214732499878,0.7625330076255294,0.3870317640180091,-0.01438524728401408,0.3129900644568582,0.6611492959687271,0.40654905627033044,0.2545335940268375,0.4100509544393703,1
-0.07255932349618632,0.8179883202899523,0.8591845588785183,1.1576807822415849,0.45905094389198536,0.20280092098568925,0.7735739418974964,1.1206424943390183,0.5628905999336964,0.5278018518983352,0
-0.1461237986155329,0.7828684931632485,0.4627101303360035,0.6370034031926934,1.0964716937283305,0.5521459918658097,0.8284041466041152,0.6816339845929376,0.522001621770947,-0.003948086972793599,3
0.5857505244944049,0.1283734414142762,0.4652166348574843,0.5478944849259423,0.5879791212935195,0.1878602647693104,0.8011836919499579,0.6834624958713634,-0.0028359249980904437,0.6402932575758764,2
0.18547977460966084,0.3574738566337239,0.04417543529235019,0.8340609423307059,0.03706238896441528,0.6589380209659484,0.5546817708091497,0.7761106174487137,0.6776513460259611,0.05033200539458942,0
0.8917409244156502,0.5445716427277713,0.7795526012267083,0.05487778414092564,0.5894899352069631,0.5660549305065907,0.34426926524573087,0.12329187369850124,0.8178056572828277,0.9207633034637925,3
0.028394983050903197,0.044929095762109156,0.27796167261706717,0.6004522056126103,0.4054960817171403,0.7726050720730562,0.8895227845600775,0.45815015879546156,0.6247133135758249,0.4300659320715546,1
0.6643927746428212,0.8455611713374247,0.1025716602914725,0.14758018189402533,0.8619428577182083,-0.023553424303905723,0.303703473165839,0.42215185654542897,0.5864649290181956,-0.044762485718993425,2
0.18340464947262425,0.39455299244207,0.29928994447039087,0.08351161056670596,0.3961424935810577,0.28084926432479346,0.13557763356747424,0.32439051909898237,1.000714616156527,0.7013086775915145,2
0.35252610945504503,0.7285610810158009,0.8005603769937379,0.26455062017462605,0.4670331005903993,0.2669619459652127,0.5837292542596751,0.6880418596914515,0.4473090778963715,0.789741024158812,0
0.9582584659373762,0.510932911673671,0.2915934342180792,0.8648428836610347,0.35723949370595853,0.7059371352390047,0.877206916562631,0.48170820520284574,0.9712315253263936,0.2947376131141208,2
0.242346326875222,0.2436728422753083,0.9542273458379501,0.8023850522176073,0.4370900265452913,0.8061444788651768,0.015624535941242607,0.7466194671429491,0.7746989334933847,0.42546042715210347,1
0.0501950189028851,0.187226094604065,0.3153245836603068,0.7203374922922201,0.4710384748539859,0.84739059335476,0.8736552611426898,0.36052387009401593,0.6867925095213901,0.46758703135829466,1
0.5840367173641736,0.2881444237412785,0.16809148289105463,0.5839494765421314,0.11963770688664256,0.39993260780779316,0.24042060331546944,-0.03434545857621646,0.8589177097943373,1.1199147488926453,2
0.09619890944771678,0.8772730105075922,0.5132087338473434,0.9617554551391483,0.23201746013951033,0.08085551924761251,0.8637125997863861,0.7689468157304264,0.06796151122619615,0.6561388046872287,3
1.0041808488420845,0.4370553837738418,0.3812742455863678,0.9698640309538854,0.25175712116435006,0.6883626800419589,0.8225492932505822,0.5515148701550457,1.1199679429324658,0.21960106187944148,2
0.3829271377102378,0.15427910801392802,0.35736517330730844,0.16934092158383598,0.8435747009006328,0.6432991692326735,0.5219155881813439,0.20155186541796838,0.44654124504394976,0.07815942398589416,2
0.0332699207645633,0.25227576261116397,0.7002977166506765,-0.0012214202124777931,0.046491611632006075,0.2852449368292817,0.11105478955683201,0.8578298088931676,0.4459642828404928,0.28905607769628083,1
0.823214006606221,0.06208021460393459,0.9115358046982762,-0.006512244233882858,0.6074444794049094,0.7737936729429515,0.39149665100474323,0.13343854230703078,-0.01171967516636059,-0.05617604210480964,2
0.0335585400904146,0.24392843098062628,0.6921836785252433,0.014508574076248682,0.04936413132049623,0.2707451239117898,0.13574178399831507,0.8763914560210422,0.46324431833651936,0.2870892075676739,1
0.11090511000276526,0.32595932372911074,0.21849144573036683,0.06781249065484243,0.5221821792973487,0.33394069623962463,0.13716728856996976,0.2965209231804769,0.969393477694804,0.7422098272313653,2
0.12036884433199505,0.13196816723028248,0.2913807265814142,0.7364619203470251,0.5335644871767536,0.6292528507905764,0.622726761901373,0.41144487485914755,0.887323200152382,0.8639405765689323,0
0.07383523669943567,0.07757196628164255,0.3336306420286593,0.6840834087823369,0.4865797815255051,0.5785285897695556,0.5960927596147942,0.41791222317673393,0.8918838969618521,0.8083709422023763,0
0.8439351929805021,0.5739011890787843,0.7181864527510368,0.2489251393159775,0.14850434609138163,0.817178060136196,0.9683117574898974,0.6676672046064588,0.3954041044606447,0.7651186464129707,1
-0.03467329429401925,0.5034273475471305,0.6457525358934117,0.8788143035061096,0.21183217432924442,0.3568089113807388,0.6178342490256576,0.942842729684559,0.48240250947031527,0.3054516491644518,0
0.5399833216358796,0.4311998763537822,-0.08254333363102054,0.12020550116693265,0.6292688609370667,-0.14723219987387187,0.25780882352529677,0.24128434715720048,0.4802226600207696,0.011472355406178414,2
-0.21400586433487973,-0.2887441074461914,0.2977822710878653,-0.1966267351364024,1.0104133050830544,-0.03819729381407677,0.7388690483668022,0.8607541347164378,0.5295043040650166,0.6077709572717942,2
-0.09642860695860273,0.7232470097467515,0.6221481092781477,0.7768288793321462,0.3664423253869221,0.10598741509955875,0.9047953344386693,0.6547148196072873,0.34347581539566907,0.5528173332578304,3
0.8257824510908894,0.036594539545531685,0.31073623440290526,0.5271147801632436,0.5648233964798026,0.03719841169312576,0.4735605773336081,0.5264078192816619,0.8486613037526533,0.5670238146251837,1
0.9902675533070345,0.7070739685573627,-0.46730633557575585,0.5949682369648696,0.689027355327535,1.2137032901814178,1.1806587258828647,-0.2313599906023186,0.5626683036832061,0.6747598789437113,3
0.3825571270844309,0.42431922058012955,1.0208459471627283,0.6779685377474624,0.45892060129957885,0.6551406475954437,0.21975999846307093,0.5981445933417211,0.9025830621692429,0.49517824636372426,1
0.6344047487213469,0.23273516920646248,0.2364236492647922,0.26043317693248935,0.6124978419951588,0.03265679339987604,0.5928548412121164,0.7554426237634626,0.5897913757698441,0.6274697603521281,1
0.8264423734958248,1.041704309923732,-0.05904732061102225,0.5310042660617625,0.48744068310630945,-0.023850482036042293,0.4756661703340164,0.3359434294356715,0.4210914090748664,0.05652068964570345,3
0.06613138354846965,0.44644208382056816,0.31707633066844354,0.007496903583251946,0.48006732947138825,0.3774945392398965,-0.012823585637578627,0.38477905394568246,0.8844241181627146,0.854537540991234,2
0.13110651287280245,0.09105157311500083,0.28670308109048764,0.7256986887613885,0.4598198728110064,0.5590668540351935,0.6234265480811682,0.44987693957812286,0.9050908312772368,0.8218743811986007,0
1.0343449361182298,0.6558940693244795,0.7259895950958192,0.04342939385926014,0.7201045253642768,0.560402729861316,0.353912771580439,0.1568169661270205,0.8542982132707089,0.9886197959998662,3
0.6735797855964989,0.7442475090525907,0.7459982446667853,0.4488970014770717,0.6394934675685164,0.6894297665907676,0.8821676047264291,0.0374431671695326,0.16262755325196093,0.37017631170191473,3
0.2951250159680366,0.1951500967663537,0.48516430681202294,0.6686244888995094,0.20613702138497725,0.7976036356490093,0.8272055481737017,1.3598492511408438,0.12013188218635809,0.7839564669361891,1
0.1988402437455507,0.7005701445367445,0.7063988057709994,0.6112811462617591,0.060745802403023644,0.814357686501602,0.8501886223684549,0.5794171242009685,0.8030371866233117,0.5135656362179257,3
0.5458358500391084,0.41771170804480384,0.9095776599647509,0.724857271625975,0.46928546958047196,0.8517545173571034,0.45490213706905547,0.34070801873058,0.6598873339540593,0.24342568417300314,1
0.8551398974372802,0.5841031799466855,0.39071057953337734,0.6798371018488935,0.7607060291462507,0.7823103780609656,0.7317427947843016,0.12863442135996678,0.8214230050189648,0.8441135683316319,3
0.6190732482010186,0.6756371730077161,0.7622712553259122,0.41028146609280747,0.6236423671457391,0.6731340545280585,0.8590374413304165,0.08803524399205222,0.1773921799626236,0.3162250556218718,3
0.6259739496495477,0.7480071578732169,0.7212483944154873,0.4118148089449716,0.6803192624079624,0.6843059082218336,0.8711961220277906,0.10772315249429332,0.20657784667546486,0.34406410261224846,3
0.4198317659495129,0.6852318796051908,0.7937565168068378,0.5958891632730742,0.20614775318438042,0.5557461537394524,0.17516043292486363,0.7499105089991192,0.5283433825239963,0.1235068234386589,0
-0.05994957700887665,0.722011611077477,0.27238745482097215,0.4701689820053594,0.5568695651548167,0.7252841431583611,1.064416569445428,0.701533317604934,0.43567284478557544,0.8758546535976971,1
0.2699673761320056,0.5322424060144751,0.639460294725796,-0.2628349997084709,1.1879221501363644,0.6232789293149706,0.16875517441115717,0.22613649776889067,0.08864859656748625,-0.06055619864326403,3
0.0648082626234287,0.43621520571802536,0.43536885799678016,0.5061032444569503,0.09433630113562969,0.29356383021475674,0.8534532727716118,0.36795362165438394,0.6671383523903834,0.15453575016594062,2
0.059713686125270886,0.3641661639549064,0.296835262127466,0.5447607121285164,0.36448668486173885,0.6363971092294562,0.7062372411501396,0.8124420753777278,0.08843256236325708,0.08215272190406278,0
0.4687668709499865,0.28042143931234165,0.07826983205001248,0.11792532527251515,0.6863433865221374,0.12016846755897805,0.5496941080856534,0.7234690352452662,0.4559337873362373,0.6165882312661519,1
0.9489750537426723,0.6016419560705482,0.804211876974951,0.07595085457748445,0.5715039901533475,0.6261340162167279,0.3370883917588644,0.23354275722275178,0.8278280518774174,0.9959641522454254,3
0.38870407989930555,0.23245234929515807,0.5406672828160424,0.8343852033300715,0.5175812955287757,0.6772034260731987,0.2905305541986295,0.28976100790067033,0.4342605920956233,0.8604924226884666,2
0.6236063717054923,0.24172813242684046,0.23663024252241796,0.3287540724374674,0.6853485840062478,0.09782946113046317,0.6274227939469963,0.7489712346312608,0.5229145427025712,0.6739083368309258,1
0.884839125795053,0.5956737817854317,0.3580486121516758,0.6965578717365022,0.8186870823583822,0.7522065706675147,0.694969964852663,0.0910577756888846,0.7723376557495996,0.8840287747724241,3
0.046358995107112624,0.22693816901619124,0.2644817779377492,0.6918335029811569,0.5505060210606508,0.764435323628045,0.8914833481238744,0.3346410436372005,0.6985651156355264,0.48240397144601105,1
0.8726508692935283,0.5495506850777798,0.3217313076850266,0.7482118875019442,0.7718803417164045,0.7317723213758129,0.6872126113985735,0.11303980126010571,0.7645958074889161,0.9347269799429859,3
0.780363715487781,0.835271654290213,0.5906163326654086,0.47241024094631173,0.31491909136844276,0.9851029184937117,0.2524298303117779,0.19948476297997453,0.33614332289958426,0.8353857049568495,3
0.556854267517185,1.0274759905874575,0.08026360807555005,-0.24099016362941078,1.228067069113117,-0.35467935978984716,0.6830830068824827,0.23662696038443098,0.31425609884726374,0.05718386447080536,2
0.5443794050476162,0.8116366651490243,0.8960368468734216,0.43535826680937406,0.5375296864932771,0.6444730026880388,0.8408541752084318,0.12852157493973831,0.23455241434784016,0.38417967726997826,3
0.27826081698488586,0.5412017420795245,0.3033050960284893,0.8531381552276529,0.31598424830213023,0.5285875896412369,0.5513450794848641,0.19519671422749085,0.904317738565519,0.2922453387843478,2
0.6993404586592482,0.6692129631171528,0.016482924805800284,0.9448235189876908,0.2643033717587596,0.9165837867648601,0.5752954060696676,-0.05289515868014519,0.7211958035347535,0.18272296468470803,1
0.8043323679264152,0.065856945001432,0.579715302326546,1.1334983739612816,0.6725509804550552,0.447370075540123,0.06441362311323803,-0.09445131271334689,0.39573574674535206,0.725648441747875,2
0.3895029136894109,0.6276920558179443,0.526568094231148,0.5447262138499454,0.3344970668967496,-0.26934632600172786,1.2065558164527652,0.3272928437068792,-0.29622340625318255,1.02969771283124,3
0.9193746503038273,0.5694865662510517,0.7798460009210463,0.07644429104708975,0.5641896741708328,0.6437698229690885,0.3700188335354377,0.21444046301774686,0.8272730768671746,0.9666526464161901,3
0.6406930164689266,0.7279516336128231,0.43538407039028326,0.28776390259746326,0.9851175801827536,0.2366093750088013,0.29346806178774015,0.5275572153504805,-0.018515382244861565,0.23147542070901905,2
0.34129942135274677,0.5612396724175914,0.68751788563311,0.46992896539858764,0.1580065115408254,0.5348831295673827,0.141585907333352,0.772933891554408,0.4534554816690145,0.1698826530737984,0
0.5508240286863416,0.6506406758079295,0.6194894292467101,-0.0919958619857481,1.0158321604343856,-0.3401505140515635,0.27949626884920115,0.4449868531948833,0.7129404181833006,0.3207452983338242,1
0.11564361983618213,0.499758393628403,0.510367901791939,0.8308572315977596,0.46594312587957243,0.5473963719473313,0.5380310731682346,0.847655667293227,0.4017179546629458,0.1723492135400511,0
0.7146756999810417,0.3106395697153513,0.4793539728110865,1.061986226756458,0.32407609468579324,0.40039205865321026,0.5633093911933416,0.7422485191871239,0.6609668768707974,0.3617385654458958,2
-0.03954410084839685,-0.15258718091562368,0.2566967919025883,-0.2676375886849597,0.8375458135369217,0.46143524365840866,0.7996739742910517,0.559398024758536,0.4772190416936941,0.46009822945366335,2
0.14953236260223435,0.646479872856521,0.2712863094852845,0.5649360582749825,0.5106918703299675,0.7705655070608305,1.0604318130242176,0.5116068211184465,0.49476553851130334,0.8227864634561998,1
0.5305178835913018,0.8789489746482623,0.5210982105028733,0.644597692521232,0.1747347752459472,1.2170391773640885,0.3880550408994909,0.23317732523596552,0.38356894149555953,0.7150518454889669,3
0.759023126523087,0.8835479474611571,0.08006300908523124,0.8720537525933256,0.7093925301036654,0.9675153969835479,0.6229505604052827,0.5499218380418205,0.05179702826487775,0.27866714401616016,1
1.1498111493305478,0.8563725888199464,0.5442985598795108,0.7917245648937923,-0.1355226992981336,0.6417359126379815,0.7065894972844873,0.5676685083713755,0.6885120277661084,0.2410953894223351,1
0.5927188689957147,0.683495103635295,0.18411052709475756,0.8969553137061891,-0.04989058425878026,1.1113656401668537,0.49628960813616496,0.25251509141211453,0.1864472566922707,1.0007711836554603,3
0.10500486137922119,0.797422937098544,0.29415473296289807,0.5052717510804985,0.8931671799845675,0.5762522684594656,0.9183573961439536,0.5848362949895047,0.6997560122996292,0.1350150314356383,3
0.5659767226416312,0.6923686215065242,0.5170448415377198,0.6534383194154034,0.9333732241052454,0.6045974232372955,0.864535513906089,0.8097160213899316,0.6413712514100648,0.22869988717226986,0
0.6782177220197141,0.820754706525348,0.18689283761676462,0.9179136494319697,0.3279021955268484,0.8212107329756763,0.5574945067492555,0.21125838361463034,0.8303178996757713,0.3452160410053204,1
0.5057971751390778,-0.5335688345102285,-0.042457900359852974,0.7805033128775342,0.07577601238012366,0.34434267537820556,0.18796343808290433,-0.04428774411823905,0.7912371180871576,0.6533529909774879,0
0.11355062758802487,0.8879913806188491,0.4511853829413285,0.5358706219818014,0.4879745152314271,0.6984704712768981,1.0136183355274677,0.4983205961041282,0.5068224681348942,0.8904882519288515,1
0.8383608591835993,0.5881584180933574,0.2738570971727291,0.7285967182016514,0.7761765992310722,0.7109138631857197,0.6489848472492745,0.13913922322747882,0.7883750813729961,0.9061795522613517,3
0.547475330981254,0.7135316586915961,0.3698725789437851,0.7595247215367337,0.6225938474539161,0.26401216033871466,-0.23388798976230496,0.9714510238887812,0.14988146952021147,0.1752599729262793,0
0.3301375829677598,0.8669791053381422,0.9842837781791819,0.5922333969505416,0.05022477077184523,0.23366201859704105,0.22713421874747577,0.7799457668341445,0.08903021058019779,0.28780846770247265,2
0.34890481561699643,0.43559471877924977,0.36451862364942256,0.7272936693067239,0.16407570846323183,0.417020976961852,0.5313537325162224,0.04807243558406818,0.9732895814876787,0.1826226990867234,2
0.7043653009445063,0.03669509755975314,0.28765980789943324,1.1127024807235881,0.32172565093742433,0.14847275580385813,0.32878032320495065,0.5634327735616831,0.6735202986481473,0.3079913595126755,2
0.030584417361521413,0.2333735960747886,0.7022431648729774,0.007951910081077668,0.04050506615091522,0.28483152253564314,0.12344486401100178,0.8588882181904275,0.4578460508930876,0.2979721849793863,1
1.0131919524955224,0.036176227937363026,0.2659182150693685,0.9550735471448756,0.5654290793308254,0.11282770995081465,0.057003448753827,1.0757338638884357,0.36875798267529025,0.08382792925836319,0
1.0982229941978368,0.3633135951910139,0.8524264180137189,0.38836353282753966,0.13992008535015626,0.48697948040917904,1.1585364931719937,0.16083277607876012,0.3652688376639276,0.7262729345545045,2
0.3963763868578113,-0.11240420212780564,-0.11342083982107484,0.06883701996781585,0.646555220579419,0.27870852210522234,0.45897289540928604,0.4494801643621118,0.06514778452450778,0.1256377231765105,2
0.09291801259815613,0.25076583434637,0.15204633582671542,0.8064978264310702,0.345913446934664,0.7905317153486255,0.6278671306774505,0.3700839085644395,0.3971814022395746,0.23183880827291437,1
0.7490940334365579,0.55825336808904,-0.10517458150753611,0.4429949560685533,0.5104618690942113,0.7141460679936409,0.42835733006349486,0.7581194374087993,-0.3252256325639025,0.4131294159144791,2
0.5065178162283684,0.2857101435162039,-0.07550847430323407,0.5255675444714785,0.1990179837498114,0.45690048922413995,0.5344944938946828,-0.1295736540903139,0.7663788685720921,1.056458776435576,2
0.8251594795907248,0.4883276707819672,0.8582899593675517,0.1546744286880201,0.6277005431276803,0.577228963288407,0.45030964681894653,0.23421799057996384,0.8988761323211727,0.9869546364853161,3
0.873362660620774,0.5574640691729651,0.3094181944228414,0.732880624896566,0.7824158722069318,0.7480208289360596,0.6824224748277071,0.10940573694235493,0.7772887374388148,0.9233612045898419,3
0.7440164228427683,0.25513479103909764,0.1524922866548487,0.2511363291585358,0.5505878944021607,-0.021100534697713877,0.6465616137921937,0.8637177419841748,0.5113741204283819,0.7378229650065109,1
-0.4090051113386495,0.8738954528993657,0.09002966685107194,0.9220152541997366,-0.21067332249815157,-0.3267288668292628,0.6183369368782976,1.2982518219673262,-0.22536601343555202,0.8510905370458123,3
0.5973341220722058,0.8774318709694137,-0.00719897735067178,0.08532733842718584,0.3241347320635577,0.2782401433767417,0.12234196012857959,0.4684718281144564,0.09777181868571862,0.9811974894868909,1
1.1209499419166544,0.5774051800741088,0.28868371281895183,0.8182631928962725,0.4054526909725348,0.6384348872756923,0.9013029812523119,0.34292192419818834,1.1166849502284624,0.21330460156340697,2
0.8359423145565436,0.7363741573077417,0.19930623065676845,0.8734904147397131,0.45173391387595674,0.8578173097763288,0.6627144963368261,0.22516284396872097,0.8933540347626345,0.4120539109248622,1
0.8044857451782593,0.4229172253047975,0.7630353099567859,0.32425124490018853,0.7220536023816169,0.5779287732411544,0.5862014042355946,0.28307156508491316,0.12123763209438905,0.2196674903388322,2
1.2321019600697563,0.3799367687098019,0.2140667528346183,1.0016424013898144,0.1846540192666678,0.5745780464470396,0.6836082151061151,0.3447859855005148,1.0385425304634186,0.336896840220883,2
0.32617925955843796,0.7349223042364137,0.24345089425552136,0.5002116218827796,0.562618674490393,0.8609468925294528,1.1099134788580116,0.7870741605203205,0.45745995354227403,0.9106688323910781,1
0.3093658632784202,-0.027129535656948714,0.17390015099984873,0.9967978340239563,0.5323320042528691,0.5107302706771686,0.9518557153127938,0.852756355270657,0.5434750574323213,0.859916326388663,1
0.8171634571889881,0.5363206993862825,0.21811081502030757,0.6676100142206589,0.7212320667614257,0.7079632525395895,0.7082174450687956,0.1824991390963735,0.8574663006433507,0.9808194324868286,3
0.5947419204733412,0.6456556081084841,0.3143161284585384,0.5360641468757334,0.07028840388775537,0.8850580209079543,0.27510451794316837,0.3372013644208707,0.061841341229040184,0.5390752986789271,3
0.8910376250171331,0.5539719722003278,0.23342553474690364,0.8139266501207936,0.2950661863899373,0.8370799678068951,0.9063560510150345,0.3137074228360932,1.0603498307536152,0.10897011216639035,2
0.023348703703522322,0.2371365642183553,0.7164920834639519,0.009510616989528192,0.06178364329804746,0.2929277109036248,0.1323004393781455,0.8872929203299144,0.4769825090090206,0.28186993188267806,1
0.3274871449408091,0.40568893793317196,0.4587822446402963,0.6735268657970754,0.15689088565949774,0.43695979728541967,0.6036524512647042,0.14131233796410936,1.0295409524764239,0.29314084945705227,2
0.646565376290409,0.7318694786681621,0.1516034996840086,0.6284657203747652,0.7604872290287765,0.2129281686788073,0.10499800538542292,0.4176272740792727,0.6855393061358135,1.047600335051087,1
0.5298763683610652,0.29194899639466737,0.17123042946733438,0.7950119299377437,0.061037962882300095,0.4023440246972667,0.5186340107029703,0.5128220626318409,0.575023167085317,0.3744354161365588,2
-0.0006728711024488049,0.8240903167212896,0.49436660074194055,0.554583215365336,0.43883875374099224,0.6780346147090223,1.0016274878167897,0.5474184350855428,0.4158692766189657,0.8980662717803084,1
0.23168033457908532,0.2667989320738542,0.3849062621993289,0.6229704183872795,0.7365611700533881,0.993324246015496,1.1813730307302854,0.9155852168987635,0.19295564187787417,0.6971407666494714,1
0.5925146565021515,0.7634565569971437,0.27178571781104666,0.8739372785950259,-0.05424463036592203,0.05539835741284599,0.43252891412451694,0.023841375321138898,1.0655353533144383,-0.03189459597623001,2
0.10132091468696006,0.39824215567845256,0.23754364409052434,0.12107285013630277,0.48051521386236473,0.29685500721698804,0.09412245486609466,0.3020654659153784,0.950094642651327,0.701184653410081,2
-0.13537394752231946,-0.11653244397726187,0.07340318838242815,0.5814422703280416,0.3504683113605821,0.6693371556264642,0.7251879403655472,0.39109205602093655,0.9206080176218352,0.6702541668397598,0
0.915484981921014,0.5622142079318138,0.7326641954606211,0.04444737742195261,0.5440900943524534,0.5909788618646639,0.34378037332371925,0.17718782072129632,0.8163929629498157,0.9485449354082125,3
0.5747522286776998,0.767798391044067,0.41349126001012815,0.48452786138669,0.1752171617122834,1.0310099362982574,0.17308173472386293,0.26585149674523006,0.1662598688020496,0.6265748750039664,3
0.04134452168618126,0.1663865527813529,-0.02416525093296462,0.5104633630037942,0.7227999036850713,0.9140417619787717,0.33218167300033774,0.680054267501774,0.6830219791364318,0.7230358150499425,1
0.9977457278332106,0.31256891255954433,0.4670934451425248,0.6947166760616347,0.5714399720352318,0.36226009715691954,0.06486418929014102,0.3173787031085469,0.5608706486577685,0.43869311063399674,2
0.12881007899954341,0.8580213849308392,-0.07349949185324126,0.29789481030903286,0.5275694482532742,0.6459936127368494,0.8267405514670562,0.07665445095573795,0.6421066956448027,0.6621837831154209,2
0.11296105277681415,0.9084725043367132,0.0982852926755362,0.5541936231915774,0.6909469356224758,0.8333447644696312,0.9718099307711711,0.22970945388197772,0.7991044207481802,0.6404363316040511,2
1.0156781894052456,0.8741666714017344,0.33447881097271814,0.11280188558059005,0.6580048851628282,0.9704050026067371,0.7252423240620033,0.15400694526950282,0.2689325562525027,0.877279863321963,3
0.09444885832204271,0.025553124961425755,0.17742777023871045,0.9928363934764222,0.4766214418663615,0.9376518692760551,0.6538588614734747,0.3763652450960574,0.4348644516557941,0.45087574422397847,1
0.6212583687845282,0.9976003294460094,0.1252860974534629,0.2416552593909701,0.8962512002545552,0.0679980536162617,0.15617707730835878,0.45719063185394326,0.4661167324597253,0.08032482981374661,2
-0.05869867970575765,0.18478489138863055,0.2705515170476688,0.5725928333885532,0.4060112784911415,0.8733686921395285,0.9335648749893211,0.2763894487531145,0.7711734236251331,0.6004190621920267,1
0.6104965701529574,0.9197994838817993,-0.00337564897050871,0.29285708504531693,0.671678509177954,0.044360473543021944,0.5392328337708057,0.14997464920100817,0.8637642577913072,-0.24146774202696764,2
0.9445852640629817,0.5927553516288607,0.24666946520063301,0.7958088347438342,0.30249834185511265,0.6711168653211724,0.8905823280694024,0.5148091675956793,1.0196923848366506,0.25213887072263624,2
1.3578896988720546,0.6642308071368289,0.16492338504710996,0.7682705076400858,1.0954897017750043,0.6956010801062078,0.8151364070699849,-0.3455985838610399,1.0497701378178657,1.653646523404675,2
0.013495379473495231,0.0954712187189768,0.11967525739447346,0.6635441204358772,0.8123515997742511,0.6214356380215853,0.9148612781808582,0.6433866232663691,0.8309521256559911,0.8176718977653946,0
0.038520157031762405,0.14106792912394167,0.753763154152775,0.2688592892203938,0.10185131582547129,0.24911660196221275,0.578681930703556,0.41002157321515675,0.2563181789227832,0.4280530857344017,1
0.9991376432343749,0.5178923220221151,0.7349885447125559,0.7182140694118408,-0.043493358292582274,0.591393383747095,0.554464260187074,0.6057417054403533,-0.08208706293239393,0.06041582635216092,2
0.6928075425252908,0.2732342847356138,0.8283469221362136,0.6965106977000917,0.3186186768891458,0.3879325063538249,-0.02165635122077411,0.12580033332779955,0.22992282887256668,0.9204653476365402,2
0.6181510051843863,0.6604294923607711,0.5410920889003774,0.23015567725474464,0.09237059877504773,0.41242557380356853,1.2308347537731619,0.2604908119348356,0.819928114558077,1.162209583649034,1
-0.17087859354017176,0.2720877473964396,0.15438119949505522,0.5168376849524114,0.7953168005581646,0.4391556727259996,0.6468940877176004,0.400145707044252,0.9336954512384497,0.713199933568452,0
0.7081343973063997,0.4057375602712886,0.760231508477284,0.3661024801611351,0.7591766954393707,0.5725859725716054,0.6462263537163022,0.40594990664440705,0.08116611404452667,0.1904600245512272,2
0.5828436166120479,-0.08781437128058986,0.2507853745273003,1.0286317504015778,0.47897499499441043,0.6234150885076335,0.66102169388895,0.9062993408562914,0.5942483880508775,0.8790769163669968,1
0.6322679082115329,0.30628245049813296,0.5590553347016233,0.6923785052250969,0.05038488038804048,0.11011542022880977,0.373542610358513,0.053747204932512546,0.9175768273663647,0.2622015114504437,2
0.41712212647906055,-0.42002285541647755,1.3020186815106942,1.0114543911153515,0.0064409701325559565,0.9808166993391713,1.1084962697023317,0.04967730093846301,-0.03701054951326957,-0.29733673864062227,2
0.4181966714310387,0.39439203883101354,1.053976775730896,0.5275215871891702,0.3029449956107043,0.6759788088668978,0.2317842195075641,0.7784578633295532,0.9621770566288907,0.5097714371380269,1
0.3705349283916292,0.22465833308663608,0.5183129374301163,0.8364837011927007,0.5234575281569794,0.6518241668222432,0.3010331539694758,0.29199781437881184,0.4206939687869589,0.849456974734324,2
0.6297721209034772,0.8886128738153962,0.33109529874427396,0.20104797979375966,0.8782110003153776,0.0532504043720009,0.22492804364563249,0.1550063380193555,0.6707047200520521,0.21242918011167863,2
0.9309550418650632,0.6234470182938449,0.7688599856784576,0.1384697883283739,0.10841039270246229,0.7092835235635232,0.8983894689502431,0.6121724891647283,0.4559430996051386,0.76402885451685,1
0.9053246596890101,0.18832575165681603,0.8587145315476259,0.6141577819919345,0.5660066237973614,0.5659388757084507,0.7086015569307416,0.0861187324818492,0.0972448909497244,0.7748254256238991,2
0.31249439969174286,0.8590415119766148,0.987663183369279,0.6247981089972253,0.02509512991901578,0.25784335822712023,0.2124492530322364,0.7554801315053565,0.08937897298622055,0.3150035303912317,2
1.1757882335777685,-0.12288608001061274,0.07212456945518231,0.5771822432064603,-0.23557359925572086,-0.33562549318645285,-0.7239973657368575,0.663507768735995,0.8265336276646452,-0.46681828490871524,0
1.1881758808254348,0.8006768804211604,-0.005630112867415216,1.0221393218971433,0.5029653962564786,0.7878655470376341,0.6625116807582254,0.3316120529130907,1.1978135214313206,0.4574845584381143,2
-0.14207636958644354,0.3221420478092383,0.2899608463340646,0.7379752078743276,0.6461825700979422,0.5287918433878638,0.5686370480937284,0.44539190408956925,0.8527136977826133,0.61941212864364,0
0.30599288267273894,0.42171164650560317,0.9856461268601849,0.6315553006134371,0.3788480689404834,0.7274016953654239,0.17622628145486588,0.6586075298070562,0.9373143302700994,0.4178459953246582,1
0.23817366180933447,0.31716453139363393,-0.2045272042966777,0.43760875417965495,0.20529044969429466,0.699628000965232,0.3465932325813038,0.6916362940134873,0.5834893372073413,0.05558450837684062,2
0.4603615650214081,0.18166773913189227,1.052887585646275,0.7241508443165058,0.8126633981790176,1.1012711234832646,0.2553663232278203,0.17820569173696502,0.3460625551960939,-0.11255214982365724,1
0.5937200220193921,0.8670516713778099,0.0022442133377290965,0.08709971572929162,0.4222460715916004,0.2670020233863005,0.13102819527737275,0.5396928823721076,0.13512546581253976,0.960484067471433,1
0.9568834978300581,-0.0037304575635930537,0.6071052479839699,0.7633690121371346,0.5345573009371689,0.3904227648850544,0.4984634523330782,0.3815505918695838,0.07746797556031672,0.6318191955267604,2
0.8814906252336115,0.5402526966373153,0.36717416459634,0.6765236844526126,0.7633630344843043,0.7093996417466842,0.7436272488061078,0.060128752305652594,0.7573348124299236,0.8818120162496007,3
0.37486328523004975,0.8547088802918588,0.3804293448999216,0.48118956102567084,0.053756030186147566,0.7683606408507242,0.2075832588074369,0.4239499198139338,0.17001113203140286,0.683714730212737,3
0.6769012800445977,0.6943261906598599,0.7742593082010047,0.43917086487231355,0.6128679530681928,0.635948566379602,0.8804406147181245,0.044461566536261425,0.1729594727891776,0.299051986869786,3
0.9285645387512537,0.26428831116835255,0.8719617237033876,0.36425439779206215,-0.17645783664403025,-0.24299488108228984,0.48109716784498224,0.7488287449711775,0.4819066981496133,0.31569073981428275,2
0.12557820259809865,0.44050044010973927,0.45652746992990595,0.5037830935949015,0.013777160532261412,0.3547561616643322,0.3762239519951212,0.28615268955948336,0.8912163704085735,0.278484211473791,2
0.7849329905374012,0.7333558319603689,0.7259919884760785,0.17431618611872002,0.052922040102177104,0.769298455506023,0.8929203651915055,0.530989621925546,0.32984293308810364,0.7945135726834802,1
0.9906286670188252,0.22085919000162796,0.08479680410164855,0.8926482220190518,0.6294159397661049,0.27626456994021126,0.06166353707533469,0.8447401345457834,0.1698433900008458,0.25376501323197476,0
1.1840397694432911,0.03343417663727538,0.19924862745697042,0.8459872054089903,0.3409148562013036,0.8875201941590387,0.7360190945420559,0.35947658166216373,0.9327488454303472,1.0625504326009436,2
0.8351746216889222,0.5652489187501467,0.2999885998106518,0.8115167102965946,0.7709950264358783,0.6835384265195806,0.6290179090251485,0.07622987213591538,0.8425402652001572,0.978510837033411,3
0.6642478567632728,0.6825069283017196,0.7343790748174183,0.3994061554951264,0.6827494690914697,0.65337051717216,0.8417682378919039,0.04009194413307424,0.24307339925232688,0.37686519922372824,3
0.5222203866861439,0.9198547228580626,0.1329517878565454,0.1138083375610234,0.7342785498523267,0.03314201216364862,0.24171788841157693,0.4493988628162018,0.6237591735252831,0.02785884751455239,2
0.18327466592372615,0.2770621396738934,0.17621594752512582,0.17198906612265247,0.4610024789165694,0.20032216220996338,0.16829909318212805,0.20118266365542656,1.061590325758586,0.7566150191455071,2
0.6238652543750428,0.3970946432807071,0.7168385465838197,0.3236552024467767,0.5822124478438485,0.4290508397957476,0.7527343099042568,0.2296595703452755,0.1136084392430596,0.15310576823363461,2
1.0518798169643202,0.6310614007229665,0.3435269614860541,0.8294662371672018,0.22282931070300194,0.703903710211742,0.8774003337230277,0.4682912469449312,0.9406355744346506,0.23624142760609523,2
0.5426462079542282,0.17514786737991833,0.0580074382675171,0.9893353772439007,0.4785647461140618,0.708886888502582,0.762023747217041,0.8850167956968857,0.23222502143728949,0.9906607855688156,1
0.8784869083150088,0.4761203931021153,0.06714042241966506,0.2965854423917211,0.7860655268442358,-0.15294891656365908,0.6140681180033252,0.953426533572119,0.4654927757308869,0.7933234713033777,1
0.8265500337564904,0.623195087758508,0.7175888792236627,0.24469300003778138,0.10963388851577982,0.7702449075706767,0.9694897204261401,0.6717816425715497,0.38534803816220387,0.7403408448324056,1
5.024354095383571e-05,0.744133905176452,0.24698983481017092,0.5332809907014667,0.9248931172441981,0.5824275856348816,0.8830538931488572,0.6361118433050071,0.6550764503639493,0.1346694239965203,3
0.8115674932912322,0.9227725575423249,0.11449391210430722,0.9586469097551654,0.7843381035360637,0.9130530079323147,0.6313950749030943,0.6240075099995191,0.13888800965986875,0.34340459388697214,1
0.6700400690680954,0.7919500803580486,0.27906173422795144,0.23901296001473785,0.7588154887525761,0.4095173362856219,0.13300468185565906,0.429271500667138,0.03722805071029832,0.2897014134798833,2
0.04128955586208795,0.7850871548216974,0.28509874113046807,0.512866722226553,0.910614308383806,0.583845245100622,0.9175812991553799,0.6595816123046203,0.6389616195190753,0.07695479681693568,3
0.8144037645520966,0.6161446502469803,0.760914063497856,0.21037444172593356,0.09834866590878434,0.8594476584114512,0.938910140076982,0.6242609443514446,0.45086274573668084,0.7423375453574067,1
0.41608322540063203,0.0977324309586517,0.8897590867806084,0.3616587726058343,0.2796077477746365,-0.12795851353983845,1.1232803987536526,1.0210113644273902,0.5579704018490913,0.20623713461226573,2
0.45396832461236575,0.5394831034631731,0.9467784589132081,0.6155304924853465,0.4969371619787688,0.8391576556490431,0.37179079841477314,0.2697831868365701,0.6778330083096801,0.279678636375045,1
0.24141241094284233,-0.06388789843236496,-0.15995753577318397,0.15137924584073806,0.8323323176543431,0.022945526674667954,0.499796396236653,0.3484688998750147,0.45748530660967024,-0.04104837922711849,2
0.03948190088564908,0.24900957094663934,0.6844652037529927,0.010261994059024185,0.03975084082085897,0.2753398580412498,0.11642990228008454,0.8529417474922707,0.4624026254939563,0.2825926619082872,1
0.4196543713053743,0.6407738666340339,0.7265058539892155,0.5316709355912465,0.1949323998414206,0.5736422064326002,0.13414697650582888,0.7228338874231727,0.5787299265059092,0.10635552200330912,0
0.4860581971779994,0.06353944139725828,0.13456349049920927,0.887861102144049,0.5377044892220363,0.7153876670592108,0.8815947945162359,0.9873843455413904,0.33985078453855694,0.8804103333226705,1
0.9840724582574732,0.8922331090470104,0.5137400097897296,0.17118781074788547,0.4348090750434868,0.5490800230269324,0.2651773797873781,0.32192650372138515,0.3060332278460583,0.40650389099414636,2
0.48885968111761624,0.04098940589984194,0.11189117476356475,0.8607958642064467,0.5392148932178736,0.7097065458623151,0.8581577915240348,0.9671094684427562,0.306796892150901,0.8746954142579036,1
0.7538690032040354,0.17899953012774922,0.7208658268303014,0.40608133942138724,0.6827287308182192,0.27065534019933846,0.6071800793137302,0.23607108440234617,-0.028257715885163015,0.3872455549888122,2
0.5018554923839824,0.8067215052995225,0.33281583815296784,0.5482155585790268,0.7737534407159326,0.1408545379225698,0.023329553394369304,0.24459839954060364,0.5396531816199256,0.92139207756159,1
0.8153048254363962,0.299740098252598,0.6684480563446642,0.6344091519051389,0.20895819912480376,0.21234602507257216,-0.002465309977536592,0.5243858933595625,0.1950647678789904,0.5086411800913759,2
0.8955585954450402,0.21707914318195548,-0.06845081649852086,1.0820690325724944,0.6200208060633441,0.13873219438375325,-0.0644227358286726,0.864290596069072,0.11520295573648733,0.23351124959177685,0
0.6756653696645419,0.8668343190425981,0.752609058649522,0.535893655646543,0.6605922347645352,0.7174254568671173,0.702621211598343,-0.050128584088684786,0.14323751309549151,0.2491418087923049,3
0.8729447810407662,0.6866449998898241,0.13142492222320545,0.7920188962867395,0.38672982090168706,0.9539736436964026,0.7080184225486019,0.15830934954266404,0.8296016446108317,0.32160846491791284,1
0.12305931750809188,0.8505573687932091,0.4289686724134611,0.47651083877297784,0.4857090314864215,0.682224227133865,0.9819129057467776,0.533417636433701,0.4455783937404111,0.8947647438453351,1
0.6230123392720887,0.9955596605482835,-0.06133345406646214,0.058634849868041905,0.3132231019796604,0.41831612405319685,0.1869646119336289,0.5300247885372584,0.04621518086797158,0.9738284686029425,1
-0.3940643436833773,0.24900521396067282,0.4037891602387841,0.7922519688696192,0.07966121981929147,0.12243711035092053,0.2122100204450032,1.160434405375342,-0.11671472213853923,0.4247525298613627,0
0.18341664419661652,0.9977611117317968,0.1340341666166953,0.4894572031673229,0.553211670398544,0.7657694186832336,0.9188129527103089,0.27920077154087425,0.7570937781234194,0.712761429867152,2
0.565315115714876,0.22400609878231154,0.2390756286511873,0.3536648140339411,0.5359705861956711,-0.0381377155222558,0.5767912579466696,0.677529405514843,0.5373513633456815,0.6687613406836818,1
0.5744627540364429,0.7236063952629176,0.8899276115910282,0.38407627838292413,0.04003176488551281,0.7206483122918083,0.985057163407216,0.5255748413940161,0.3316680967492216,0.6632809005278008,1
0.60254233554995,0.8518026336483644,0.08737633948246012,-0.035946165354529214,0.46009764466808756,0.31828466601555955,0.127330357452245,0.597114439997363,0.11432368101955795,0.8278864907971388,1
0.831269203923994,0.8442262189155846,0.1385247675152097,0.9389195143412283,0.6691871003753939,1.011021767478587,0.5760931457743388,0.5967495153572254,0.04696791644824594,0.32613926633676965,1
0.8213884278146861,1.2755951627482611,1.213025611623456,1.0964195635181098,0.02378359011251266,0.021523183008333335,1.0450183482279751,1.3083794964286013,1.0810284319121428,1.4625548523587806,1
0.6126276034114371,0.7165230135834992,-0.20587771686090078,0.4720262058809175,0.4592815752846313,-0.1877927653713916,0.2031762406397729,0.5551603019225382,0.3805020669140112,-0.10715061343163458,2
0.57377984898104,0.37178469667522873,0.9300805324592971,0.7858617003124607,0.41933803296379546,0.8215670271660742,0.40498463556775455,0.3799076581740859,0.715905866414744,0.27136220093437957,1
1.004719288632368,0.16233739038419215,0.24457340177628284,0.915721513252537,0.0880237227395837,1.4324243305818727,0.3501660685530775,0.39524899522619494,0.31533245435269175,0.10035668089247562,1
0.7880213569852523,0.06122893972205917,-0.21611143908476,0.7084624001799342,0.6173453600385217,0.33481278837989953,-0.12342236862142739,0.7887245208176645,0.011703201001781849,0.030301178009333046,0
0.5410979371668736,0.026565239449834105,0.2405906270888562,0.28664671287906257,0.2976723809137193,0.43390111245646945,0.30098131102519077,0.24122881041197552,0.15658204425678712,0.9255270415490683,2
0.44838470534597025,0.6760176290076708,0.6639682826631715,0.034522531024858416,0.5789062651623758,0.24462807286322125,0.325330917062169,0.05687411291624578,0.5631406663017298,-0.3291422455469736,2
0.009859518696769556,0.96173796260172,0.11710959446142066,0.3474156720641709,0.4947939967910258,0.9834614894266257,0.927490409469617,0.5346747341704049,0.38172832770336973,1.0606460931124264,1
0.640333713303792,0.715294894768546,0.7587183674823083,0.46060267622715445,0.6303881634178208,0.6412480918292762,0.8507861490033788,0.09852181086013939,0.1764981915028625,0.35027714930328396,3
0.9399431746381008,0.5798155336154446,0.7647378276320663,0.0750884154337403,0.5421013566723585,0.6235697223636866,0.37695027780429247,0.19276307198835607,0.8171464401925652,0.9724229156889753,3
0.09118461764236577,0.877114412487926,0.361112363102613,0.4921588302474768,0.4665529989135875,0.7901020682438153,0.9824858392470579,0.555926717693679,0.3947257608287641,0.9841561363859638,1
0.07971779960335126,0.10828590498225166,0.7369242661712039,0.26073859174870384,0.040476607513039026,0.2723056220905006,0.5921390727720526,0.4077641945156743,0.2785407592148284,0.41180819172819005,1
0.4109897893787588,0.8336525536347464,0.583537135866478,0.4305917664666214,0.3041973978872065,0.7419317451015628,0.2672128646791668,0.7166815024818557,0.39248202301401036,-0.05444273946537334,0
0.3277861481989742,0.5229310481776357,0.06798526796068377,0.44873351383385834,0.43676796609610347,0.33199256993550685,0.49927532499645555,0.3733917486064775,0.9932096793010972,1.1219760375300254,2
0.48202029266633584,0.862552036724937,0.2193568736944117,0.19492869174134947,0.7613995370187285,0.17768507463216188,0.27772398365279277,0.3492759380311762,0.641741063954108,-0.0067254665076944935,2
0.5932263530340409,0.39749447222234824,0.21935474285845008,0.24216123762633293,0.800365774753187,0.10722864796145123,0.5136057258682116,0.8030424378363036,0.6387484437854835,0.7236719454238753,1
0.15274491993508238,0.8934454719879155,0.25583116973051645,0.38644472532632834,0.5844085611140017,0.7520627111259239,1.0909049697842244,0.40540214035303224,0.6058211261299868,1.0157516161186393,1
0.5538065741411407,0.8403026308746921,0.1154049434176285,0.06651202506760595,0.5306987291598518,0.2787751086469269,0.29602297621518026,0.4957628524162516,-0.01701187096136618,0.2961202933834409,2
-0.4372039337409586,0.43642568519937214,0.7691745890780912,0.9547306284518032,0.34772866631925414,0.18779376905313944,1.0971393301113674,0.5527595573736533,-0.1100076923637659,-0.39132757465898205,0
0.08380506421274225,0.10196285596184246,0.2532204764944409,0.6045701358386351,0.5723369844621641,0.5142631203928779,0.6694745736618114,0.3448790357269914,0.783244818961,0.8541449713801914,0
0.7937825621368886,0.7141226080652996,0.5603110608876765,1.0324457461706555,0.2962432893862338,0.49855607048569817,1.087448756027218,0.37263434452113636,0.7804891153914401,0.15383833148326376,2
1.3309438415135797,1.0446331976833265,0.7223980976610817,-0.00013346948383283208,-0.011144986721438543,1.102018767237064,0.49572943634308947,0.7543932629855772,0.48188078671849705,0.336004144454514,1
0.598075049198056,-0.16965436547967044,-0.07292673970468921,0.7385213358667757,0.4745847629902508,0.5279273631373435,1.0704075414688214,0.7482901594178963,0.32701005687491835,0.7809073347273062,1
0.44146407334295157,0.7851364361800964,0.08251787589604032,0.37585017577010943,0.6280613784946518,0.8424563395971768,1.0480211103889634,0.20504596815606707,0.5366489526065855,0.5431098599016881,2
0.7858970368277647,0.4165612698803047,0.8534683508554871,0.717421758233075,0.5435047649588391,0.6173573330885967,0.08690394947026528,0.688562190247902,0.8615772120270042,0.42316362706428157,3
0.9388424711478238,0.5649734311763671,0.7578005097975565,0.06657393928075427,0.5348543939393069,0.6323500715338765,0.36607248389207975,0.19960272801632803,0.8195521021966153,0.9764362058036182,3
0.6383517407390382,0.9138809489965128,0.6072424870154013,1.1628396083562405,0.5989622160281665,0.7239550046610836,0.8505791872025615,0.16619016183656832,0.0518943633931378,1.0978688907664713,2
1.2086017735763692,0.4871609236465697,0.9171072247316308,0.47689986496676406,0.5656318282491675,0.6473678113082899,0.9820974939456152,0.31504154934057454,0.08706056176526145,0.7776145121299287,1
0.4878770128598397,0.6997028948148558,0.8254520783340435,-0.0029752376924895296,0.7430149641089117,0.32423593486998936,0.5535858350959983,0.715159500180339,0.613191348772834,0.7576907292320001,1
0.4460965640151316,0.6914644662723235,0.8866765746305865,-0.27461320534105005,0.02894864089170951,0.890552751604988,1.3013783011672932,1.245129940053092,0.3637428354355624,0.514279192072468,1
0.6477170122048181,0.7948999526716554,0.8213954576501769,0.528827631022942,0.7233579193283688,0.6388767963823967,0.9460695496090612,-0.00033676166905353966,0.22743398380103486,0.3157176568167747,3
0.3239291359317147,0.26576863261008393,1.0246852051499271,-0.0015057383254806211,0.458636785811592,0.1069276173350917,0.8067424624838972,0.07051371017715413,0.794071475549739,0.09551778195863148,2
0.23461789523566873,0.7810685007792221,0.2522442918264561,0.020408855647616443,0.9128452103452802,0.7273725910928563,0.37797634309788297,0.6524137344175679,0.3789972912477437,0.07199935291007022,3
0.05087222644828365,0.3361583059927915,0.4059951040657307,0.861817730012947,0.027318602583169482,0.5908079726315724,0.39220959753926693,-0.16894177923351925,0.7197543758909747,0.32656995891996393,2
0.4379123727467966,0.28207770176408514,0.976711809728376,0.5076921740310674,0.27367108124551853,0.7546106134503847,0.02884683097838639,0.743491132699497,0.9665700791201441,0.4699304007684374,1
0.7155796545780284,0.19089978556454407,0.04422111198315948,1.2855378264961024,-0.11473379359713509,0.2519354420351879,0.06952055421600406,0.598889245161766,0.37093966547146956,0.101621636521429,2
0.8942871563050725,0.25380605080182267,-0.0020426439801345397,0.4216550187534084,0.22452452842133847,0.9899882427686851,0.4279717274598987,0.250664807421614,0.489762156396638,-0.03170000784203736,2
0.12249465865140978,0.23490987928419288,0.41212875225140916,0.752691753569534,0.5460737542859319,0.8918304426050309,0.7780998241099797,0.43580578452026486,0.6726879421677073,0.4133411595440528,1
0.74857259698583,0.44462614225925057,0.6403042013101016,0.34271042736105417,0.667589438554016,0.525012793112087,0.709636181165264,0.419353810991244,0.13086286895749863,0.28369004292178623,2
0.24682695168721697,1.0492505184247907,0.2092722625932124,0.5524373236531559,0.7984224031092724,0.5000059910207675,0.8382550053775446,-0.011541637866389842,0.5271229743960558,0.7118284691481364,2
0.50070905457435,0.7920088369928145,0.3355962805497964,0.5077818973197733,0.8178837918331446,0.185114203092783,0.04445124879964277,0.24829550488090524,0.5639637001233316,0.9141608108699967,1
0.008882152768870222,-0.7531532668492648,0.34060345839548817,-0.7193887893309102,0.8778637893023755,-0.12090751448890863,-0.07064541799040192,0.27080528643554014,-0.08276758079243263,1.1434261203063789e-05,2
0.05007645480902184,0.1511192718016048,0.36316795871822133,0.7582239942806032,0.41531370217634117,0.8992832192337302,0.9110596895592353,0.2835809859991779,0.5968052128494049,0.4897809579174525,1
1.0671275034870513,0.6658687925206449,0.38161605768912776,0.8262249286048904,0.2736474267461593,0.5905324555657265,0.9291097825484634,0.5291546299616031,0.9979144400957041,0.1514264850192375,2
0.25466713329766133,0.46639619387831877,0.9719891542595219,0.72486120043155,0.3403574411745426,0.7288875434671176,0.12241260813392472,0.7359479146707675,0.9925753530862536,0.33402052905728163,1
0.18744669063797031,0.018179428610952383,0.08814648502233881,0.025205277994058334,0.7159984377563544,0.25859279508242117,0.44602518721985085,0.4545148659854811,0.23240560377041616,0.18544958460023384,2
0.5022569952141147,0.7392374844211869,0.45197338754400607,0.5928533457205534,0.903647621946193,0.02211600245179718,0.1427770009783489,0.21969968988609284,0.4839317172357907,0.8248555172946428,1
0.7683942973838043,0.40767829376616443,0.8668716734471731,0.7290068842098854,0.523361304129984,0.6068098833143147,0.07675123621542018,0.6920453715141828,0.8657452979349127,0.3998712481908499,3
-0.05183644940146641,0.3769442698183406,0.3378546413664687,0.7956682035468375,0.4393405485865205,0.3783432072100158,0.5523787179672317,0.8584582768245625,0.46831021757787206,0.09940776454461026,0
1.5131738983883178,0.22297059154111876,0.12371635710839196,0.6996420124818822,0.28413877739988613,0.5989559903049735,-0.41182673678152154,0.49419576186545955,0.060727796541797385,1.2904566249853593,2
0.06002945751406662,0.19283374232309408,0.5195627098975689,0.6625202152353239,0.652745463827888,0.5302509376008009,0.40533002967577164,0.6278141077278756,0.810518126848315,0.9736124740694353,0
0.7830983313489663,0.6046336611878239,0.6846787803352646,0.5056939452770783,-0.02360903070568779,0.8011011354803073,-0.03133678437953766,0.1842870484293737,0.11802531984172482,0.6305809116122709,3
0.02625448415382283,0.24025618897536336,0.707685492502448,0.015583545964939566,0.03325031569268514,0.2772598998705541,0.12235940926630659,0.8636937646585352,0.46479602957923427,0.2936748036888985,1
0.44388250650381633,0.26982365674948705,0.40760346356382104,0.6676547385773374,0.09358963246445026,0.38770288868809283,0.5526109090430322,0.10305252761531378,1.0183501874178944,0.12671284098892596,2
0.8045753890506794,0.5055241990361278,0.7538367938829694,0.3913806183397842,0.6974539711247604,0.5449642697405808,0.5533255575581412,0.4643442840265836,0.26108272813964245,0.2703762070984066,2
0.6103635382844886,0.15332777522795513,0.14304274877421308,0.2319106811265187,0.31529173869247545,0.3141897151405102,0.9023862976399095,0.7080355982764124,0.375030563474644,0.8669886375373823,1
0.24599086128824915,0.9139128843669828,0.06700071138346661,0.45187890185239016,0.6424146463629555,0.755843566022769,0.956500055355062,0.21735606767886897,0.7357400417287551,0.7382242069904132,2
0.8739084376059227,0.7496233933887797,0.19747337203754078,0.18959479195600537,-0.17889573868111952,0.5063038425563933,0.23143717032185956,0.39610579079717,0.906001289412767,0.7044705872637169,2
0.8828949012918271,-0.7130116136185493,0.2912865814547944,1.2110028335931615,-0.4062711291280917,0.018106682680871122,0.7789100845904527,-0.38647351102798355,-0.6690053129017345,0.5459935894697177,3
0.055696953077405756,0.11287280194950798,0.7793820180418931,0.3148077832904497,0.06898170655193502,0.27330882322743527,0.647171488651483,0.42098408145759125,0.29268101564749155,0.442750766684995,1
1.2836142590894144,0.4203231382410287,0.5055076878104803,0.539946399885523,0.9030257857396654,1.0707956698888121,-0.29544905618025097,1.125285813135334,0.4347123469321992,1.2042560619876292,3
0.6544054484823305,0.8871498884487437,-0.08822352087905225,0.8326718429313977,0.7450023904462807,0.8127784128207095,0.4716288843661022,0.46156561922509143,-0.02421463105113611,0.26613950089346616,1
1.3515085989578717,0.5696433340968988,0.9756558053604247,1.0494388521561546,0.37967890482149774,0.39193848647584295,-0.20911527647495642,1.0578528951680322,0.931507627385604,1.1364474159743403,3
0.8277024400949202,0.6420946627689728,0.21153093643964094,0.2884572971551764,0.7842545416768983,0.3545645221610917,0.20757560149962756,0.5923788575321022,0.003570427086706039,0.13482252085774568,2
0.5785920859568419,0.9665000909220582,0.5159073543588938,0.6608152817906323,0.33455119491395935,0.2559538771460174,-0.09430922091451427,1.046558128457562,0.28370355241561424,0.26462207880359945,0
0.7410087339670366,-0.05893610947543301,0.5920515374936342,0.4889077619654267,0.41211209890613065,0.2525317437051858,0.597830968325762,0.6423532063829344,0.0017956575850290903,0.7015280147905988,2
0.5522303412925887,0.8706560123115173,0.27263204259407503,0.48692328089240966,0.7578902488788865,0.1776754169657909,0.016346974292019117,0.21703021335930048,0.5148554551519601,0.9230965601823281,1
0.21982826444415227,-0.37274416083857465,-0.2800649247704431,0.24911871769585017,1.0436751413737395,0.49441835987588345,1.115748553128044,1.1558788089882277,0.019198153399161644,0.3519065858369393,1
0.595437651044928,0.7482423701918542,0.42677889017767345,0.48942800640046763,0.14561625889044472,0.9909942959454126,0.1658484723015037,0.2714950801231019,0.14997997277928096,0.658147209359083,3
0.38442491419116953,0.4525690321512569,0.2570369559988154,0.9534203558837099,0.1738701291840637,0.823838616203254,0.613204132039508,0.5980021638934435,-0.12417956668722219,0.9642686425342528,0
0.8960256202704907,0.45452744226526953,0.2715937762251749,0.8269201768009422,0.32954203373757623,0.6372564925993814,0.8469109285167278,0.4909605527548379,0.893129526302181,0.17742747978994705,2
0.9206592947625244,0.5588086308365614,0.358285481299278,0.6260158915527404,0.8042392453828865,0.6778918804865172,0.5968295359359554,0.09237534111145673,0.7292806544076661,0.9333761299298541,3
0.5576289180764592,0.8846042208270135,0.15234182740760943,0.11185820707144568,0.8041535406845581,0.020422614951318897,0.2883370438528391,0.4098790264728523,0.616571131357949,-0.020060842859515912,2
0.33444073191478674,0.13749959557742011,0.3448083434460066,0.29813778991887796,0.8806047499597803,0.18860539665432277,0.8100709212914939,1.05106246209232,0.4508821614585149,0.9098211528182603,1
-0.011571512820499293,0.2690292351396414,0.7080846157736346,0.015113129853433367,0.04623276669790268,0.24044381553464003,0.1346880166710745,0.851709854047645,0.4325192456213704,0.2785398664225472,1
0.5683256075379866,0.04071379580232036,0.12112660204364692,0.8983816080758948,0.48386528362162173,0.6865050463128024,0.935152381844691,0.9845394158954314,0.35240008729916006,0.831916776359578,1
-0.016877954777319557,0.9224435079599334,0.1684424679799139,0.6548365152582892,0.5571966348102413,0.8177816061750325,0.8411650241882012,0.5685591359335679,0.3022491796863734,0.6928888078775985,1
0.4434844724175446,0.45882196712457846,0.032973349894616866,1.2302494052569681,0.3185624759333662,0.1105766685501226,0.49923083226689857,0.45618891288521846,0.5267100870834168,0.4701944799967539,2
0.9294696772358256,1.010228952195777,0.15147194990917368,0.8054740793654134,0.630269136615765,0.8178755517017487,0.6524625934217367,0.7287068962433964,-0.15888617092416535,0.3499448327588491,1
0.327126369806439,0.8700262555274046,0.9806464068363089,0.5955857803852548,0.05249968589803319,0.23296916200515858,0.22815951698573733,0.7790690507842905,0.0902154004090576,0.2874474197094324,2
0.6996785039064979,0.46347650860264344,0.7956039608238168,0.33356462922815505,0.17658789904276584,0.8613824311629552,0.9529018026197903,0.7750499620573568,0.39039863488577814,0.7095459979723734,1
0.3337295803326572,1.0373194809330537,0.10476321103860516,0.44899218639383287,0.5102082523429192,0.6240916531490222,0.9800150623525281,0.09496297351604396,0.8746118815440206,0.5784053653909224,2
0.5645667737504596,0.3211171894783162,0.2497698814113245,0.9869398714636504,0.24037285255705143,0.4275312632813474,0.45837640884055647,0.6851097366828391,0.7141851112718269,0.1918188647630352,2
0.8751332834520059,0.5183098775498755,0.26849815685776024,0.7035119160147191,0.8371743383948498,0.8196798161172525,0.7294591063499862,0.09427801181338809,0.8706390604546882,1.009600946810735,3
0.4719936257942794,0.06503808252025224,0.12348585951807903,0.8926795210391156,0.5613952107565306,0.72838062777367,0.853116246527929,1.015714845746403,0.37647603371499677,0.883889083519653,1
0.9614256591288105,0.5765679209489408,0.7515404394683628,0.07157696491466742,0.5250525723745304,0.6275106245202189,0.36966495192044,0.2103464585514038,0.8028807046585296,0.9549697642738929,3
0.8928048745578572,0.7560903075533012,0.1338281617395266,-0.05317354466978208,-0.14712036638310777,0.04487627688307172,1.3683981300215537,1.51457990673559,0.14437973629133255,-0.03274180912559979,0
1.3163752398156663,-0.20210268336102716,0.07975286193728742,0.44060898484358224,0.2840122639178969,-0.09821475833287505,0.386740765620126,0.5676092673419693,-0.01263083869832659,0.48181132703747936,1
0.40740145339051714,0.6672105314212651,0.37021732608243035,0.07054521376640244,0.6460119169098009,0.23601042304583428,0.0636325125138621,0.1773063227007399,0.6703299203008088,-0.15821116023999587,2
0.4372790484066854,0.5013123532138067,0.3495062132707074,0.6055676822999417,0.2457366251108931,0.5066545441539083,0.53831516992723,0.038530750320875766,0.9448141495683114,0.06378450870249426,2
0.08605895158723789,0.04508817587064911,0.20120067431451594,0.8723758746221244,0.2805692845778246,0.5636437672369112,0.7249124064572546,0.5147869962791345,0.9622679068802829,0.7187089310968344,0
0.6232841939700745,0.7429296549631383,0.30463052016440445,0.2950571974105598,0.8220422065963338,0.4655254240853408,0.1473274150989456,0.40741165962828263,0.009280502694730929,0.22159394442956548,2
0.010610627932373148,0.19103934318469828,0.36313691324463077,0.7101037934475068,0.46294352067915834,0.5001629217468071,0.4835149908721308,0.2909987133910387,0.979878372925889,0.7507341820090041,0
0.875020150061602,0.04157696432658642,0.6444836682653943,0.19461229668947372,0.2022214007939568,-0.18703566890381546,0.858463233181257,0.6518571023927192,0.03393714528421528,0.2607987040652128,1
-0.01853381958254069,0.21276965629009464,0.7250043989620412,0.5740342462875703,0.2637910542322668,0.13399961258426885,0.20061824071903234,-0.189000372567541,1.3109486656464273,-0.05439008966940842,2
0.9918462088714579,0.8737551897177552,0.3587269806779188,0.09604519621709001,0.6542760941484815,0.948569147198338,0.7310909384487703,0.1403878045890779,0.25871227902244803,0.84550957278321,3
0.6802126097783763,0.36417942872529835,0.6858977853951099,0.3494678727686749,0.5103560588915548,0.5159949792899913,0.8622147484957082,0.5097404921625266,0.29427813948123765,0.30856400069501644,2
0.33148228580087585,0.8796610092001872,0.9877449337705528,0.5958302984624562,0.06154135727583891,0.2331351933357504,0.22551294843268305,0.7767891874257968,0.09132852821944056,0.29451118928578757,2
0.5891464513151968,0.8263255929991373,0.4430958068079362,0.5333371738411571,0.04891145768537877,0.9915890803337957,0.10014050008152316,0.30910654418766154,0.1198338836424997,0.6850454264680579,3
0.05118566024538085,0.08896170945781467,0.7995972940525015,0.3084933909227348,0.06776571983503123,0.284946495189868,0.6129723976740171,0.4085109238238658,0.2799394709090344,0.4538045676584663,1
0.2347012681963508,-0.03880879782082468,0.043839269987992695,0.010174390282504634,0.7361036612295406,0.2742050743436411,0.44791766885383305,0.4496112533844391,0.21956972597093016,0.17421131171353568,2
0.6901311234964315,0.2443968994438062,0.24204481118135523,-0.47585114733212563,0.5301437303421157,0.3273031397354145,0.6803247071889309,0.838780230907373,1.1453419315907607,0.5211373684709723,1
0.11799937954170628,0.07992416683762833,0.29618871295706556,0.7017744069527507,0.42284028260423756,0.8090929491951538,0.9339506092604889,0.34412664524834835,0.756913083155085,0.5583493321138016,1
0.4798669891978127,0.5146708062785798,0.7150641673880804,0.6709248218953923,0.056734459562319914,1.177385809997867,0.3048485247751931,0.3277747625045953,-0.1346952624310323,0.6263504896764495,3
0.26490149879762404,0.3798387724256593,0.6881853915635379,0.5494400218729845,0.570124850367149,0.43477688486825944,0.6532574378249155,1.0047158467260302,0.2714526195338269,0.13363245890965034,0
0.24229732569369408,0.7969795009629664,-0.11777405300260849,0.5265720191585828,0.8045647990527997,0.6451145419015843,0.985419442160307,0.22453229039649114,0.6391293711133484,0.8956351555935491,2
0.28274864396155786,-0.15169389795400628,0.12312505821857463,0.9872216410950921,0.4322158359761721,0.560623954867558,0.7460145673070575,0.8829468974325874,0.37325935152995293,1.0968530435958415,1
1.0712365328056408,0.0760424462438668,-0.1273627679546374,0.37763837533438166,0.5628737893685796,0.9420724187320682,1.162898327603097,0.13441752584470917,1.052913289155071,0.7916789839675498,2
0.03746692308660649,0.45039086969521613,0.5024935915819303,0.7792759241368714,0.39728911693699315,0.5465329283310071,0.5416950625528546,0.8423480001237126,0.3679760418482711,0.1448764088126118,0
0.47774906756115026,0.41515632182263035,0.8454072033895386,0.5028560568891219,0.30333037562647647,0.6094696225500666,0.15935272615512716,0.5177843577273394,1.1072652913470609,0.27533703293266326,1
0.21091999767385355,0.6657431396644604,0.9254089712243871,0.05708163187225187,0.5374536979208908,0.4168988795340767,0.4746817968599581,0.824527155662923,0.2530072306062372,0.9391511563602749,0
0.7605962763093107,0.04898457908199885,0.35126329051235927,0.29205115133832155,0.4854810628931302,0.01740980134106565,0.2662783661461609,0.265458162864483,0.5967357709449442,0.5446405869339289,2
0.9380121561903236,0.5862616722286769,0.7528533375478805,0.06816163055734302,0.5528852791027464,0.6204727141962527,0.388260337645064,0.19833916690132603,0.8321624677692502,0.9797140831336859,3
-0.04099875793398211,0.5406666893039013,0.3613662224948388,0.1536819621030725,0.9416596516634326,0.40845213795895224,0.24840229694654567,0.5676278360132807,0.20702336206154745,-0.18138540435993422,3
0.8793521329432238,0.55098393627223,0.31921714038110327,0.718929786531194,0.760278668566708,0.7296723913460156,0.7036499472585409,0.10524584637250084,0.7552518562891407,0.9377124110252164,3
0.9237006054240632,0.5666289954830005,0.7765270147568454,0.0804280764348771,0.5254197990035313,0.641184978079775,0.39018903004412137,0.180748097355291,0.8261688927668388,0.9842893386945799,3
0.5323085586661971,0.5542794366875816,0.6271990155156624,-0.2278109392155735,0.8157760976025044,0.22846190266696495,1.1677156296523172,1.0133240433460822,1.2060138727181462,0.18795337468681844,1
0.4979971909345522,0.41164219542042774,0.8000469510660948,0.6641291094912556,0.5119871534873166,0.7447919613806634,0.05265215764598652,0.7127754666330907,0.8688819863708023,0.336811938957316,1
0.9911719453328337,0.5457166964853268,0.3146437735808357,0.8455392738692875,0.39572924091784784,0.6776898099817151,0.5932409982748592,0.31345492590527324,0.8792528408395557,0.3569114150835885,2
1.0022389140582977,0.18125905127300562,0.5411537126439181,0.9590526629109583,0.5746771509180554,0.360691636867191,0.5301998799525641,0.2394928116685454,0.2280691403633446,0.5487710060534421,2
0.6834181678204315,0.7893622912901281,0.3929396434729554,0.5790183804848883,0.045425583105450335,1.0117884167400815,0.05915522811718037,0.2564898450484503,0.15880337566042532,0.6001219297486805,3
0.3786577228643423,0.7514958191582578,0.4019153382089408,0.33481368102353487,0.9267995037078917,0.08758376207618296,0.38393788173422755,0.5014913928644534,0.05968451883869449,0.20804345984219308,2
0.5879702839001304,0.29971319770664656,1.0125513157702133,0.6113142374090372,0.4151433399878631,0.7101616323572157,0.49747735030850176,0.5798985617199968,0.5692283269386321,0.4242833819742755,1
1.153149610314744,0.771478951095687,0.1099286955402419,0.5038601150866113,0.5373253705902015,0.8949355383254055,0.9832399088785728,0.36974042944807345,1.294407149743392,0.41199858180731025,2
0.943457907978167,0.5399635606316713,0.27323794420901654,0.8566369188279707,0.33232305741930074,0.7269337829745172,0.85169100121112,0.4712799166859191,0.9508383235990768,0.2799574997963255,2
0.5611752588818985,0.6147237458656556,0.9076509987488781,0.254302955920689,0.3634736830453057,0.41182488289363994,-0.2109080818491137,1.0613365537483144,0.9425486854140916,0.4111818267784324,0
0.49126138262376307,0.09145110572183186,0.11120448228447119,0.9238077338905676,0.5464901817267183,0.7294460512513284,0.8918878706445559,1.0048848065003846,0.3012841581595803,0.8477774990286613,1
0.9255415470431863,0.8568324131763163,0.4815161461920259,-0.0358562524558132,1.0194711740811142,0.5782822975213112,0.2666152598917161,0.2737852213615803,-0.21092132202128372,0.2475361255464505,2
0.44667290365150497,-0.11874613734444048,0.6229566710691112,0.22186040741346613,0.985236337999195,0.57410618370335,0.44281997895347447,0.16188193745819057,1.2656693927538454,0.40977763325962485,0
0.9596961710134149,0.539112547300166,0.7586348066619597,0.03810363193263252,0.5557200518500127,0.6086638005708882,0.39874890268157415,0.15720633005319065,0.8325880477227905,0.9375587073268976,3
0.46411410868989245,0.7605974127856177,0.9622815075410345,0.015514939150917187,0.6939270487508675,0.26466590699281906,0.3362490112224213,0.9144687183699928,0.3059610862096666,0.714898509909432,0
0.9006260443943116,0.6855104247214222,0.22446504418156887,0.5775380450675967,0.8454579584167445,0.6279945531684092,0.6910378441532208,0.15052428789446493,0.6707087903527766,0.8634780014750969,3
0.11878423097191243,0.7908676711436051,0.01484142407021296,0.535312100241437,0.7280799039130598,0.7592375532824359,0.9064097538216913,0.1483200775906477,0.6832289757859702,0.7331246150488664,2
0.8628264828275293,0.4371401278064556,-0.06703201806026876,0.40698032687896735,0.721542793477317,-0.05305127220672479,0.5082989606137446,0.6436510402366045,0.7428455321564263,0.7513223530477906,1
0.3246978010767088,0.5760092586492364,0.9108468880754607,0.004090743221884005,0.5796142425251312,0.45919039476603685,0.37771388859058525,0.9220796014416454,0.34862424873728065,0.99924845306056,0
0.6609774191546417,0.3315041878191082,0.6631839278524531,0.8530582091185462,0.5900635850760514,0.5283490195241939,0.03684855344741711,0.49119700213456946,0.6048454195243552,0.8999952783599354,2
1.244979524058938,0.5916791091859989,0.5721939902146224,0.4382811629769018,0.09205018494403322,0.5227960739329274,1.2519150852105363,0.5993889434659742,0.49632525265405625,0.9657593934362176,1
0.8183927510390547,0.5913139299272179,0.4698004764802158,0.38679247933644073,0.6388694354398768,0.32534338847968247,0.9656370552688389,0.20335933625932504,0.28588753924932,0.025729320885848117,2
0.7241073625058129,0.5793614828508685,1.015621379103989,0.9473637931604123,0.21891392449530683,0.39654056787981085,0.28706303971644354,0.40804617498468526,0.11365790195266579,0.36398052047845963,0
0.1354748629894285,0.896956021341217,0.4130429780262112,0.4338668676974092,0.31517822941889756,0.5263697851215506,0.800895382799838,0.5750988051946783,0.5559512619342487,0.7838250793408605,1
0.8746451469098896,0.46068841348401535,0.21326919369364541,0.8449255793758249,0.3951159212239309,0.7666976335292558,0.8179405181327034,0.47297798651853423,0.8970687038210498,0.36482326144602417,2
0.16238408489088008,0.13278732832476772,0.38526577049689015,0.7275830160133017,0.5831632524640723,0.8666926714101133,0.9137716363977519,0.46071813953762936,0.6002725462054241,0.3869365552976519,1
0.25578189592079353,0.6695341428778593,0.017063162268496974,0.008621801582255265,0.10866016400499041,0.7983155705667468,0.7071954731670637,0.2345651518898961,0.98024334326389,0.877927820765624,3
0.6785611949229519,0.5584087765012462,0.6481519947122377,0.5223925044226059,0.7392412800083517,0.5079944934895135,1.014215897550303,0.2115095443554405,0.27173281384909165,0.20569039056491772,3
0.8776494536883905,0.4698468528919508,0.2900208904032341,0.7932259512268629,-0.17501523141835718,0.5378053149083153,-0.27561525795135855,-0.0979582746892666,0.41131200833533577,0.7919208877744967,3
0.0008218041399981335,0.07339586932004102,0.7726219298218568,0.34565908381918914,0.02996711633715192,0.22983017022738758,0.6679221501820127,0.38212769335185387,0.261227649853632,0.4869377520781443,1
0.23916300713768718,0.715962982569152,0.23795899555491176,0.47227363275738043,0.4623421400805753,0.8004356231271856,0.7769239634058285,0.6738334166097459,0.45985370377324575,0.7419127767059521,1
0.5977263822967985,0.164158475500218,0.2332412347211873,0.9240510159913733,0.5526099836041982,0.6155838182727689,0.9733075476043479,1.0873716040855266,0.27419506042971165,0.8246558970026974,1
0.03188819600268514,0.23542214208619466,0.6994876925958103,0.01688555212639077,0.04378391167187709,0.27993201731267714,0.1298352400483437,0.8680330358658643,0.4648565077898331,0.29539518066245224,1
0.7650239831471703,-0.12531871585863247,0.3506498229429013,0.4839496079986046,0.8260947460976678,-0.22449676269019014,0.958583305390171,0.46320323709507516,0.5157371653843631,0.4133125085258175,1
0.8990021321161102,0.35382595595793487,0.6071622764931679,0.6023657134090556,0.4443665251576576,0.2952258040510244,0.06250629921970301,0.48217679566646066,0.40826784248211334,0.6121997934292585,2
0.5689704354137889,0.7530975918559581,0.40876417086721795,0.4635612843740091,0.12105248875285854,0.9885820807590917,0.1505898121163696,0.27518071248747344,0.1620183522370044,0.6250430698757885,3
1.012121162492182,0.6146554415703316,0.8471369756973072,0.1104614014388548,0.6232177576411273,0.6831316916195478,0.44257862985075586,0.24444369409199446,0.8128043709876569,0.9036817404608208,3
0.14825975880981535,0.738424125623584,0.683837097548464,-0.12077653149440323,1.0261976117142835,0.6606679704075024,0.43659547677872224,0.6473099530842253,0.5307763739966204,0.06187584319555198,3
0.12387793179373902,0.8437269030553736,0.7804172502091093,0.6576757329169706,0.13140285524217082,0.6715770319432791,0.7897288131425794,0.5852555738687585,0.8074877416532534,0.5091301182602571,3
0.81801183734259,0.7535407944825271,0.22491478619355346,0.8805351658105436,0.7345403452560502,0.8956073731290646,0.533586030764126,0.584337424224172,-0.08349321534645418,0.42324870564291306,1
0.2276531166360525,0.8883841968371219,0.03416492808574617,0.46404413859675386,0.6606206838449078,0.7427977366282678,0.9283117255367993,0.20772439111868657,0.7250588049484386,0.7315083473756685,2
0.15889434800519367,0.9703863396530343,0.21891513025292444,-0.36211719736168074,0.057091336254084545,1.8615086544693553,1.1398908107189794,0.4477378776989726,1.5224459928628202,1.5770501854032162,3
-0.04013447141643743,0.32342767218278123,0.254475300260153,0.7870869832142012,0.5986447640622432,0.9426459680980149,1.0055145737050413,0.44666462359857284,0.7458989607129035,0.4616933094141355,1
-0.06099560690514086,0.18123770438211828,0.20731616799538438,1.0049712002205748,0.06916576499008714,0.2681469384830008,0.849476851609958,0.5508570116920487,1.1409494393444173,0.8075363807090781,0
0.9978820161369747,0.4805455074279873,0.2298196365568481,1.1589699414448953,0.6856422207384243,1.051507660343273,0.8198845983183436,0.7126904669477923,1.093031695499799,0.020666551106282904,2
0.7707636566157676,0.47390082759292945,0.36650905646375226,0.714237720855239,0.44417745232300004,0.09339315816378965,0.29639044352199023,0.5322586691134323,0.5053919192157356,0.5731531118347666,2
0.17093455280032144,0.44243438480787534,-0.10737210032319651,-0.16814495442557292,-0.12936747419255729,0.42936992707054433,0.9974306693594635,-0.22740655421415923,1.3951424277763977,1.144986049550684,3
0.21015719605319985,0.09982720408412642,0.3609843751018518,0.879339467493696,0.5855209722841064,0.8338208539020239,1.0157533612060359,0.31645868061776117,0.6726721334672965,0.4637703153628095,1
0.6345546330121072,0.5444519226035134,0.9813943322467125,0.31868597342381466,0.07291940203909777,0.9540496157733649,0.23994888053284075,1.0659319380371026,0.12435870705034674,-0.09661176362064441,0
0.11355752925162499,0.5859567546906465,0.4124336698148603,0.7465441015313049,0.27714179536551087,0.5953770670957862,0.6097048888037963,0.7831166599071718,0.48253875931149687,0.18478330804696058,0
0.4380947070730552,0.6415015303309435,1.0346117153036163,0.049879139350979367,0.5272264596438627,0.3709195114793882,0.5500829619154007,0.6952872240285445,0.18507547949682723,0.944580652195113,0
0.6627182860339209,0.44883779369017796,0.7544472364581376,0.6739480107823247,0.42373879962331873,0.6045725352064825,0.7202444316988225,0.05858023260122231,-0.01130639314054982,0.29812206922775303,3
0.9094081761922739,0.5165186219151435,0.4602865163674431,0.6831924539183167,0.1863054171500468,0.8386302617485131,0.9353673803044928,0.4895514849661406,1.1439304197180005,0.2807078951030046,2
0.13557491028045196,0.2911696470083163,0.3015408419185738,0.11890233576843269,0.5206237840486704,0.32300275496117087,0.1474751768948753,0.3793880380706317,0.9039080629765455,0.716932228780701,2
0.241840535846628,0.9229484044564166,0.0626773816747278,0.4990588291584559,0.66821836153502,0.7631606608080718,0.9313492324693701,0.1862601681112175,0.7272651138068891,0.7392018604594573,2
0.7757771619614608,0.39459269374456907,0.8503209310421034,0.7207876448280056,0.5051546979536303,0.5738341087095667,0.052162284013910314,0.6851573807508603,0.8594742781180177,0.374248145525058,3
0.624035244984767,1.0396581597187535,0.009252243929698784,-0.07519365875194989,0.9920399176260724,-0.07475795692375409,-0.125287393502641,0.4967650788664027,0.8415112108443483,-0.3196079698631938,2
0.13706663368187927,0.4437323193093298,0.18595610843448648,0.06506404308382385,-0.051490179426503774,0.6179435472793684,0.5895163759472963,0.3145759647701821,1.1775708242480376,1.0727474665530758,3
1.5500677010072308,-0.16915085785036033,1.0787616763169225,0.09448171135571204,0.5603180122408156,1.0666761415164043,1.032294835840512,1.0681953050085085,0.846253916586257,0.414621800384624,1
0.994435695603675,0.5831650363047436,0.4309827545839186,0.6665429489887509,0.8774086167477847,0.7206140242291059,0.6128867975767341,0.11652669473575433,0.8306630602697519,0.8883135305685029,3
0.6097857927531961,0.6654330199757286,0.7841889026680137,0.40716509025207465,0.6102889524392193,0.6890792643982617,0.8958118770076816,0.07479860394399067,0.18948753731804935,0.37165464310173885,3
0.4348249920096472,-0.07723708184924855,0.3033403129028131,0.9657953653919936,0.6597658500431123,0.7382189212641765,0.8031167825024415,0.8832202101361305,0.5048301168882707,0.995536342143185,1
0.5575057795154099,0.37832038470205226,0.19071630601741876,0.9023248399053176,0.2569877812979354,0.33492580636008684,0.5162843804514465,0.5667072617252608,0.7421378670644059,0.24483770454011847,2
0.05535930615814478,0.09937021834863316,0.7559473704093255,0.312169718924553,0.08598596757880252,0.2780171595054135,0.628919718041085,0.39712389124570596,0.3059116755683028,0.45320761053870917,1
0.7434993944898483,0.3241100239212071,0.4680779160638983,0.5114378075227408,0.39051250360135586,0.18374049741927437,0.1109613582158431,0.4673813459003754,0.331068983758067,0.6173386826072145,2
0.06268898674112736,0.8017787963193405,0.2807917026945359,0.49871762734081104,0.8878005296073174,0.571262190729048,0.9182585836900851,0.653732062403146,0.6307391573208034,0.08379099842481953,3
0.9388976041400617,0.5772603298785742,0.7553195667775163,0.07904090534042636,0.5531054028927271,0.6161229827135668,0.3786512237783244,0.1953120482666233,0.8066151830754232,0.959862650399857,3
0.9412629937240296,0.8636445485156565,0.3297063524262452,0.17415270053298432,0.5892975491911401,0.8971431065937673,0.7925967659248583,0.11394074662389103,0.20796132471680928,0.7751039820126617,3
0.5441022151990181,0.6109315550919706,0.3534845114993057,0.5803948236789216,0.15519555920606823,0.8806797563297695,0.14544595351851158,0.2601410587240228,-0.035463852028748105,0.525904504094391,3
0.4277987657048049,1.2678904491814567,0.05222453111503365,0.1800861508306114,0.8026390121851691,0.9230395946559775,0.8077302616392252,0.49170258277098955,0.4037080031145945,0.773765853665053,2
0.8237715907215366,0.7260024232313076,0.2404960458173994,0.7302068201455448,0.2705826369169051,1.0550722711930738,0.631937793731695,0.0996324325162173,0.8150376851826409,0.23403306118238057,1
1.098920930302335,-0.11736145642307344,0.39129518479139586,0.7559882445196411,0.41266731388165234,0.1735801131978144,0.8235819701283739,0.5817334737643018,-0.028930817439400125,0.5034275141165316,2
1.0510938940646017,0.20440207311116326,-0.06454526344717046,0.7888325560418237,0.6534039456373537,0.45839171832213466,0.13778571772826192,0.8186646927969274,0.28455310112231813,0.18912534838106818,0
0.7516195151283622,0.02856660133923712,-0.10900770572448312,0.9472938750000983,0.2213672909462046,0.8419642400702524,1.0248092274935554,1.1027201696254756,0.430678134522191,1.0724233430826693,1
0.22145355873416012,0.19450250029921784,0.5165649401979013,0.7825393633727904,0.3979034053266306,0.8113670909445495,0.8391338576212485,0.5960561693755109,0.7789489623959368,0.7375178134313305,0
0.2907134547922499,0.6773887737379664,0.15222948812475062,0.7474793035174017,0.07478948155982301,0.9390491314121984,0.22518526247949947,-0.12419582614300223,0.5188246412137016,0.6594582853150156,3
0.06495446912596632,0.6214634771757781,0.4650359114988137,-0.026171837055523187,0.9987984237374679,0.7182199693841275,0.4395578433626786,0.5216882561423838,0.4100828326871533,0.1075978185050877,3
0.07927533492840429,0.15092201719087103,0.752473573656323,0.3451224933612985,0.04179926429543265,0.22888901912861298,0.6722844280344479,0.37824786804102045,0.3476226954751214,0.46513601533270255,1
0.07714766929085268,0.8425752672465933,0.39365680726267416,0.4660741540361874,0.515994833108609,0.7214905419364536,0.9410352899655634,0.5852448690498903,0.46950111791852717,0.943416600459348,1
0.05508329042103721,0.08294425455405527,0.012231516302010914,0.18259774140538393,0.16848278447475196,-0.5365330104398253,-0.4533945713887485,0.28976691205754546,0.1380512867757957,0.028695714319496135,2
-0.12091654869136917,0.25130715996564174,0.17268818061937116,1.0959440159151055,0.05029665298322483,0.31589553941379334,0.9427606268884297,0.6176938472340368,0.862279378439155,0.4305490689741257,0
0.6884338675532105,0.8605744548669538,0.2865795745582457,0.1643423549013331,0.7773705207316124,0.4510885743258231,0.15188014433091607,0.3533627896941641,0.0009935966230308346,0.3051860711189234,2
0.029681458590390356,0.23609290389403043,0.6933349262979321,0.017757566479308283,0.0448065818232894,0.274050268763713,0.13581751049867583,0.8737098573401066,0.46723853456090125,0.3023093102686386,1
0.9464490556112943,0.5838944222534479,0.7581330912187706,0.07566533412197912,0.5471320169343157,0.6258332665971836,0.3798503834517589,0.1928484301950703,0.8089500556836502,0.9700117400803393,3
0.14572070505208679,0.9693643787883693,0.3836509123707828,0.35106226974209614,0.6165017923279863,0.7902927359074144,0.9664428323109181,0.5514801709643664,0.47035824043296476,0.8132585898355156,1
0.6558223314396445,0.8754922809289907,0.35410888133807916,0.20310479985564403,0.7565530609274561,0.5029591888529333,0.11911379641469447,0.43705170148048045,0.0006314781289990662,0.19053394050712577,2
0.26297128245745593,1.0758620917223545,0.12919988350478806,0.3292391783930986,0.5890074484508163,0.6419526524669181,0.9094854053433841,0.08767460374785516,0.8587193848466514,0.6918524946598702,2
0.2497178647629063,0.7870003193697102,1.0396871154430214,0.05797990828049587,0.6335473683991333,0.42285135761541204,0.4145808691613548,0.9252178801572074,0.263029349951122,0.8753399487021043,0
0.7702961542124582,0.8738292329070467,0.08252967219873673,0.8722382207245252,0.7260819921057227,0.949814135337043,0.6214709423603192,0.5347696804150335,0.06417997819601934,0.2617249836799902,1
0.8575596907888517,0.014424712599535726,0.6693215827077832,0.4210584638218937,0.2389179920753779,0.9023721074637612,1.015194351339662,1.0237268086268356,0.8629343021333881,0.29891881730707875,2
0.6331581026393563,0.8998593460279168,0.3593792305358179,0.33978460299026836,0.7929526350021874,0.3804583834148513,0.03265500824529877,0.3207003230028035,0.10565377473976605,0.33244853764150156,2
0.8074629552606262,0.8852898166193263,0.06019313619194802,0.8284631825332773,0.7041424700942013,0.97375426394445,0.6298326583180559,0.49984550940551953,0.017462112338383122,0.29016955301542513,1
0.9213505117312395,0.3893217642942117,1.0301637790393445,0.8522691211811934,-0.10015699903704259,0.983022332605706,0.5070304356459893,0.9542931840596607,0.08701545107512726,0.8887466247689249,1
0.09689635226863724,0.8717370367884094,0.4248938955504839,0.4876386757485338,0.51761147415447,0.7421891651474846,0.9277098046951364,0.5620398576056395,0.4481415145612936,0.9110343415667919,1
0.7784790623039625,0.7835611495467578,0.1316434946597341,0.9052229812373997,0.3877156758142193,0.9035912550902956,0.7154925968119061,0.13766798332567712,0.8255265832666792,0.2534339509396095,1
0.9354448057870217,0.8423796502464481,0.3862547651647494,0.15460283559009963,0.6800455414111652,0.9233584661894456,0.7122933566961374,0.18156716867666725,0.2085792859199357,0.8898869950342639,3
0.6940469374992528,0.09223144460721477,0.5450426945888439,-0.061060194413744856,-0.20460312985009516,0.11419526385743788,0.34213643184975034,0.7680927780710624,0.4577480377775958,0.1515789648997401,1
0.6222586769820285,-0.037904577159390274,0.37840903685223004,0.1426886086663101,0.1366075744480432,0.14033702632240158,0.5566414717625036,0.26062943722519905,0.15468715334884456,1.0301366535788432,2
0.552119456883095,0.30179256184507347,0.28403399717225447,0.9666894955671422,0.22707432163500305,0.40896234036044093,0.46828015935783174,0.616951435052122,0.6518765011478149,0.16636662396138197,2
0.3418665485123599,0.881347167130591,0.9795670629459706,0.6085916041484243,0.05394705774157315,0.23324234959545925,0.21595761659211155,0.7811581009330026,0.08046892171142342,0.3001976461281265,2
0.16694784897367668,0.5451448591716705,0.7239020571251451,0.4819769090109314,0.6419079202429527,0.8272574951550784,0.7874628800947092,0.5687516428188112,0.21215569129148404,0.8342010804013519,1
0.5911957328762552,0.19762740854706115,0.3173980864750468,0.3477011113440532,0.6867352993732526,0.09337633559789389,0.5058869969748507,0.8056967209747585,0.5174061876746434,0.7403336085140156,1
0.6788429152220581,0.26311585802286563,0.1836187414908955,0.29324598283074665,0.617398881440819,-0.034231329331990995,0.5342022980782689,0.8218233130053127,0.6189686885655702,0.5898215681113298,1
0.3265708881770657,0.9901998301282847,0.05514640430342868,0.4883759983205495,0.7290418893868713,0.8412689556813236,0.9441104118413337,0.30358326921058043,0.7219723185327585,0.7531599290246581,2
0.5948822332880791,-0.03129509372056598,0.1943581187280393,0.7375781025173603,0.4269477685391148,0.629452440145785,0.8530415066187984,0.9520921363061003,0.2115533126310848,1.0351575644159938,1
0.32696877292531756,0.8297464300177536,0.955825645045547,0.5617188347260879,0.04501105939711744,0.2458490113131821,0.24229720312648254,0.7672382469320654,0.06134796805799006,0.27715940279490625,2
-0.19450554549231902,0.45425347365793706,0.27891659727038987,0.6116404255805894,0.23785921431209178,0.5878046966052275,0.584027691436353,1.0119964877879044,0.3330167567388803,0.4495958247266017,0
0.9702347428813889,0.45360630631855603,0.23391434325040128,0.34947599160622345,-0.2654917392353125,0.9420405985353432,-0.22325422660479727,0.023895553024559618,0.15739296606608508,0.2640521391441256,3
0.6768002767160821,0.7450564652508809,0.7713343784097284,0.4736806542814768,0.6545939456315526,0.6333298999574652,0.8861638807235954,0.11780544879590699,0.2225832663369666,0.3466397038343802,3
0.23606102429002757,-0.01079047656295581,0.024116428015669107,0.07767345816948686,0.6730386328927224,0.2658466627626537,0.48911742583976137,0.4257872467813168,0.19756516476988933,0.15320470898620545,2
0.0503490415260545,0.12418461545027971,0.767536108493933,0.30194873358721835,0.06312490038876495,0.2774796382242409,0.6448432560383436,0.40047815559512706,0.30237613703724786,0.45602719455622664,1
0.5902533343555814,0.7868870204859589,0.5299470163540079,0.5179113362831909,0.23812995640781268,0.9707153801945014,0.27315888267516375,0.3253546951078886,0.17617139520895445,0.610682196471193,3
0.40382715055615825,-0.01405543815960561,0.055740871719236015,0.7383532618540962,0.6592187113602836,0.6841888792965684,0.8562433940422218,1.0168914129618218,0.2876342015798339,0.7573060282945226,1
0.29582520985889543,0.8261812835668381,1.0221112909615095,0.5742043373861878,0.1035931546759711,0.2082265613252234,0.2544130574192291,0.7754445702328947,0.046117119471102946,0.2666432518456087,2
0.02629573507043193,0.2460779126623673,0.6954765052230177,0.024746123990736408,0.06019859072355657,0.2647988417804177,0.11377853569301778,0.8544972175552119,0.4714428523958352,0.2913357050447949,1
0.12347930557062993,0.31448102809644896,0.39767218058050346,0.7382300340714966,0.5360736802887903,0.9545700264245717,0.9406909409078169,0.4102352910762356,0.5877924809551449,0.48692636377297194,1
0.3887070234659207,0.9278761452370177,0.5102417903677026,0.8757528169095562,0.5395829411200992,0.23217160466964587,-0.0537430528097223,0.6215985850823303,0.8376850327122423,0.5097488050467702,0
0.5278231413088649,0.7780610412591732,0.6549045532559545,0.5419001238066935,0.527512646353025,0.8453952351065994,1.094289777601149,0.2846683732119092,0.10365592436172776,0.3389982398670281,3
0.23310089775345288,0.9283189723320322,0.07449098353191336,0.461947885613799,0.6470781411046809,0.7492653217378292,0.9629108544399264,0.20349695431473044,0.7473689441496619,0.7333252100570238,2
0.6434049318820926,0.18121011087812025,0.21168382847376568,0.27414275924164255,0.6085770077568006,0.023599922320458034,0.6454774886864026,0.8078447466474861,0.6573886384912915,0.6151276873615847,1
0.6517510081914599,0.7170999203486065,0.7616936020839049,0.4391332615965888,0.6351033907793454,0.6409912250890104,0.8724777088431072,0.08299209480767573,0.19719529158916715,0.3339742582890808,3
0.8298137341297068,0.27114943374707956,0.5360070452407516,0.521460964007139,0.3691597408802721,0.21653846687562042,0.08390824734853874,0.3990794129256527,0.37932634419267636,0.6112144250067254,2
0.5106482899704771,0.19586772488716864,-0.13483059745111847,0.9521189569079497,-0.01837490820638865,0.555258561614651,0.4000104118847286,0.5070308811263246,-0.19181947944208672,0.728574368512549,3
0.45498633240787534,0.7169593031610301,0.40620235281720446,0.5329301054188604,0.6744169464164691,0.1467453353003853,0.08069656753862328,0.2376788905888523,0.4290074830257853,1.0482818547458597,1
0.8428207868997308,0.5001169913735529,0.6563746026106487,0.8417827288732556,0.5222001880596754,0.1603853372444657,0.13335674453952806,0.1978283570461882,0.7078874562650576,0.7204854242350865,2
0.612726666252929,1.0570686320519125,-0.10436950424766825,0.20056107533047723,0.4528414851415639,0.3361927686854131,0.28752700737255865,0.4016355384102517,0.019855445354231893,0.9617089958502307,1
0.12278938420943665,0.2737122267096555,0.47003438733739955,0.9372360137240364,0.2901736265555158,0.7894851668399973,0.8810764188576747,0.13961511342638436,0.699931184722014,0.46243977386564705,1
0.5519738714119213,0.0759857992511822,0.03399301646028799,0.4634982788969542,0.7102254701914175,0.12699105920100787,0.4891625812929207,0.8575099501591515,0.5959691748991233,0.6127602217123522,1
0.9928598900933825,0.8694029512489676,0.35553942531021704,0.0998144456181455,0.6518222121633314,0.9543056093900463,0.7306959033350987,0.1318810340945767,0.2507347796732778,0.8524581493107929,3
0.8574330641110691,0.5802301437802018,0.1219742712075881,0.7722169845305902,0.32949265912138326,0.9039100889325071,0.7424276479284104,0.07935986615485204,0.8873029991622525,0.3318559350216219,1
0.698782221366603,1.0251306380263174,0.14545596757645865,0.03784836015068005,0.717431983709766,0.04870732953584491,0.21593431899967255,0.2534283380761788,0.7494622359865135,-0.06085494208502104,2
0.45553178486726525,0.13629854916959278,0.10680428082531539,0.43622192499506734,0.21431001463266922,0.33357401790153585,0.310760761973429,0.2398675339069259,0.9125785380008371,0.8539317307883826,2
0.8003521605600765,0.5291724967324374,0.6710341500738821,0.33397254556441563,0.201574571549045,0.8219321343271001,1.09724798718968,0.5718455713888735,0.458692281059397,0.7429600529503756,1
0.26495348665978247,0.9530257444760258,0.019076486977951848,0.5055932392315694,0.6351898790931448,0.7893467867358058,0.9931211650065853,0.2765818882077862,0.7516332298858599,0.7554349864461337,2
-0.1241985192399645,0.5871031363024377,0.36340783001131793,0.5911816221529675,0.11470425096923897,0.8194697283585268,0.8325900438091827,0.9354575894237273,0.2868393512381403,0.8020295239821777,0
0.9471930728210677,0.5768147635994162,0.7519807282109324,0.061790196203539274,0.5543032785126585,0.6196782030824242,0.37540677204282424,0.19935995274595272,0.8265588373858404,0.9603865326479197,3
0.31239586275794445,0.8022987645039654,0.07311353348546719,0.14862647272261045,0.11064746415016051,0.7424684155470326,0.5607568450734061,0.06511448069940587,1.0910068214569824,1.046805803938273,3
0.1983458328099469,0.45312477677345897,-0.06133060512909,0.0447971659271572,0.2480529362739247,0.7559361186505036,0.8111633150110622,0.1992768496483116,0.8522116193543869,0.8418651396429323,3
0.36160480563768727,0.4836249736212407,0.29228855367355544,0.8346930499216898,0.14257320076708305,0.5092776931063496,0.6386098093315905,0.6709736837699594,0.17647346057905255,1.0599131234785923,0
0.4958031360069406,0.849399411314165,0.2552898379348972,0.2031123357466385,0.8453905660037468,-0.02547820266362613,0.27831692574662886,0.42654790853176483,0.658363449357008,0.09951496543981528,2
0.6678887439976785,0.8337313224485158,0.04584814438259148,0.05074565081088639,0.7577397917236416,0.09280107980675005,0.36597465515971167,0.3616002171494832,0.6215908538587563,0.04943354238902045,2
0.1498559544007487,0.3391782369703508,0.19049150864117884,0.6179108810584116,-0.03561895293691736,0.5325774490070703,0.41449645353691306,-0.011783076408815249,0.9054760673863663,0.10801674458174397,2
0.731422563804821,0.8947530627288571,0.10987328049365583,0.8786240248140703,0.6913995192081585,0.9606326887409785,0.645233498928559,0.5762266043657424,0.014680548470435345,0.2583623566110937,1
0.031155752372279966,1.130498983995798,0.31501199107152345,0.36750310541822917,0.6323772546978772,0.8284650031112819,1.1131322562699777,0.1336710094136641,0.7646554999119336,1.0093700390690332,2
0.3009761467044271,0.9092999614532836,0.9850892755874957,0.5555281124569851,0.026550088467004105,0.2500129873532197,0.18710083716442846,0.7600107676243156,0.08457504360445672,0.32047658618504865,2
0.090137616522278,0.873164305629013,0.428840779938373,0.46905882796085097,0.5142249181529259,0.7406504902421401,0.9735210243320925,0.5750244714058903,0.4757713100239395,0.9071903054901752,1
0.7416499447766409,0.7999235203129725,0.2042336519810795,-0.10785582919596226,0.9692587230462923,0.09007236036182462,0.16023134758560703,0.5255191110863233,0.38463349146279024,-0.20273505663628577,2
0.22165295350909914,0.5060346020300224,0.6337734294553528,0.5807506536708246,0.21714788040927654,0.4614583990322159,0.4327139946544376,0.8462922332236877,0.07746475643168399,0.42712172099636025,0
0.609123545262299,0.15327524710954527,0.15158921339405504,0.8021838992719339,0.4786783591778761,0.579674958889285,0.9324884271802718,0.9881447431743505,0.3983294548857034,0.8172815230835402,1
0.6251286767860592,0.9226249171688478,0.37881350651783774,0.22148408446334011,0.7148181830541256,0.2435759383751744,0.013298658138734265,0.24998089039470803,-0.14238500452557762,0.43527519159189654,2
0.9584338054205742,0.26137797461652473,0.04714422972678754,0.8752841998241293,0.6118081788788253,0.30592909577964855,0.07780875170575992,0.8774112786076247,0.13480184056115463,0.22386502813111084,0
1.1743079486367263,0.36061736394646127,0.6447609273474793,0.07177872873488766,0.07684068902450787,1.1151648352845507,1.3164853773441163,0.7609677175617698,0.4095961191146504,0.6289383024612818,1
0.06437293284017354,0.8624814770990615,-0.2254132034132701,0.5576002880561575,0.9132664267663091,0.4543378898510866,1.0269746152924613,-0.07955098011047806,0.8480006281319402,0.6787475818395696,2
0.5611054316460213,0.13893054143132932,0.20065819958121156,0.22363270868762428,0.7078433015247919,0.0857032915844845,0.532652829020682,0.7332435694736799,0.4911942563798962,0.5376979194342539,1
0.43453695654427,0.030166376335138086,0.08081963505641296,0.8990108761218971,0.5971997369383775,0.6598253136419415,0.9105206657795664,0.953034452487694,0.38160475529102084,0.8898077828689813,1
1.127108390621149,0.7009238024397864,0.5741480296402754,0.4482618385202429,0.3817075298041477,0.8846617412462804,1.2191924583270906,0.6584663763422555,1.4850615203621271,0.14776570216460352,2
0.015609195730809648,0.24629453422920458,0.7288160507542458,0.024675034815458678,0.05443726552436762,0.2989052855951988,0.10763702218076167,0.897813276683053,0.448595634915663,0.3297706901324024,1
0.9346822194692468,0.5173057048757679,0.26319002696121574,0.8614083729306798,0.31999057390323193,0.7213750365232802,0.8614353351135692,0.47911729262389524,0.9501398351380465,0.26992320779615553,2
0.9237870244653034,0.6983984135534803,0.7592887840951702,0.0855748440953828,0.4482877367252671,0.6294443170630019,0.2991210932496283,0.2240075075388038,0.8492927538009519,1.0402727778130068,3
0.2678198913015608,1.0347836228647604,-0.1360265562384207,0.6002532489808505,0.7393429187580679,0.8803156484701625,0.9740907345397263,0.417404901008979,0.8627938312802955,0.44139609374225447,2
0.954470750824797,-0.019243306669270793,0.3177606579842968,0.2101284706160994,0.08908698318693141,0.04203538504669925,0.6322338501422226,0.730035370162034,-0.03486640656719613,0.44434520716187165,1
0.30274559623913244,0.3984929511233,0.9450178723094678,0.539041009322896,0.17394302213871618,0.7955920276309126,0.0050444415830783185,0.8259194936859222,0.7609608179677192,0.5655930223288008,1
0.9249421789199492,0.5056641850630793,0.25355893095497495,0.7297288162845434,0.8048455264622503,0.7320777070980937,0.7278726841686473,0.14370973704953907,0.7734619588543726,0.9651804457711775,3
0.0021351536544709226,0.03079162276840251,0.38005439054116263,0.20082611071504972,1.0152040324056761,0.17195103042068483,0.4644390797024977,0.7579632582408764,0.5555724108752568,-0.011518210611510982,2
0.4274426632415414,0.047866150697308416,0.09587578973325925,0.8695761249311184,0.5071198632486789,0.7269818563459225,0.8329151157419918,0.9455571001855163,0.3819382477649051,0.8900151679811578,1
0.8212670626667518,0.508865095433075,0.7352901376466819,0.2537707239135087,0.5975905025529127,0.4618359141622976,0.6627713175024192,0.46618927094770224,0.17203864752491216,0.11438878698976002,2
0.8888224919081792,0.30586091727994225,0.5153619427349178,0.4475361004805878,0.4074306634358962,0.2972489983281654,0.15162698694317184,0.4130568738097648,0.40045487304059774,0.5565592788383222,2
0.8489319370912249,0.5476511205115699,0.2182734682574582,0.6473101194590177,0.8303938199606503,0.8403572091156344,0.7097738383812887,0.008436474064335564,0.8723358393026709,0.9422653396774214,3
0.5743553185814223,0.8381909278122759,0.18402707682684127,0.12404692773282314,0.7722688310005955,0.05284978619360669,0.2224423636547838,0.3895743048534075,0.5991138788478333,0.020288270410084745,2
0.2993946936355098,0.428588473728337,1.0007885076015108,0.5853420305397244,0.42106022581851266,0.6811461261054922,0.11443698788621998,0.7000880602931617,0.9815653065262911,0.4379442080574858,1
0.08926792150444629,-0.1572495333234088,-0.9756463183716493,0.29729447638354056,0.495887240296125,0.7718850577162941,0.2293328371371107,0.7630686782543541,-0.7736966721786848,0.7872523044004558,2
0.28612121149691855,0.8180233756160924,-0.08715202707208355,0.3103057571529544,0.6263976041365242,0.7602236624466167,1.067658855821689,0.13056280307052304,0.8016500105368258,0.6964672298790053,2
0.8330519401444431,0.771215551509905,0.26676647526184094,0.814995997572365,0.9283280035083366,0.1335087513043375,0.4075325369182208,0.5645092963649474,0.9723107089542322,0.9248603184339069,1
0.04685553940147154,0.47828287211936193,0.47261734114542175,0.7934494031445422,0.3770957581544924,0.5462344448962742,0.5573556975728688,0.8649476576756426,0.39906429139376015,0.12684977749821816,0
1.3825497029319045,-0.23977442028524187,0.26531351389233504,0.49838886892875595,0.5532522925588214,0.9108568897048404,0.7050088609506415,-0.020696116069585657,0.5195791983168361,0.5254498245744256,2
0.10648519588464521,0.9819211922437246,0.2948629541816656,0.37598440511866676,0.4620387177130882,0.919707697459138,1.1148254208211859,0.36728387012877295,0.41951414280261,1.0803644079785475,1
1.0239217898158643,0.5637621836092561,0.7675583933408692,0.14574258933313355,-0.15926683455864676,1.1838507968658392,-0.0027129858876307478,0.301605856496818,0.26918535115951236,0.6364147698205083,3
0.8752514969504374,0.9788622487383216,-0.1259440400162033,0.8370462119647621,-0.598981301399991,1.55187261228577,1.5824050919755486,0.823719105396901,0.9058404507475791,0.3228286434291113,1
0.4289885428394584,0.023315364757110768,0.31143084719632597,0.7209801041967367,0.5011369541575562,0.18216460778453353,0.44722395464557335,0.27568102563733987,1.2405338361887648,0.8556068732540794,2
0.8483375396650038,0.22577325826401096,0.08387486401183572,1.2684671802938166,0.4568383544644944,0.4289817277810634,0.26267827261779997,0.7649532636420575,0.5062262276322269,-0.027551962902617133,2
0.033639588962423035,0.2344144596200452,0.6968862762126586,0.01451899933509947,0.04966676183489267,0.2763856906724731,0.12539755776353945,0.8644915820623581,0.4624908419891013,0.2912328423200065,1
0.07790961368317628,0.9088572728163458,0.7467552291747287,0.40464354972055966,0.5520504012106399,1.1329072323098446,0.9537712953499453,0.39937437167742046,0.6287627454907725,-0.034509450469189074,1
0.3838992316232719,0.46830704118116484,0.958552872139983,0.5448904709470004,0.34939474590339425,0.6601933805593058,0.13409591532302642,0.73281240736927,0.9240413232794276,0.3877669244211744,1
0.6284499289706134,0.703831569481,0.747440219679586,0.47177920193696543,0.6345616248460496,0.6281519756230766,0.8274717975372632,0.044135898748819936,0.19799508700785998,0.3669979874506627,3
0.6860430999002253,1.0214709941501297,0.936829165532604,0.47001026212692854,0.7955090683981672,0.7990903929437719,1.1431419554243403,0.10973507085153875,0.03814455569195435,0.14408365045805463,3
0.9140260462581905,0.5244067479916025,0.3118326905432812,0.7183860089415552,0.7566261945736822,0.7078347049998088,0.671894267031464,0.07495550856298432,0.7892590124796456,0.9017142653109117,3
0.4292184075626121,0.8407971510660966,0.6802912765728975,0.13207145745518845,0.3736169110541982,0.26164790705955165,0.46175921702253786,0.9415862851954186,0.26864958815148693,1.178909608936135,0
0.575614238214961,0.8616848873782437,0.15595318539377448,0.1217007274621091,0.7830418450719563,0.04782222208760198,0.26110148109814224,0.3768516132292519,0.5966662270766409,0.018389708817613676,2
0.9116263954892264,0.11258961352827804,0.6374142708504364,0.8566296837073252,0.5305595159857593,0.44012349909536586,0.5641432126618366,0.34980342566530703,0.13294086024800547,0.6088353912565707,2
0.6281119359934613,0.34173991697177064,0.1016617581016665,0.3043045614986311,0.698540036176481,0.05538939462238346,0.6745557006617844,0.8632194122148318,0.6228532701168226,0.7061692019516181,1
0.32622057322097553,0.8490419144699235,0.9708569327550097,0.5814674151406031,0.031218523725908498,0.24965532638484172,0.207550811587013,0.7795129003966187,0.10303900001385698,0.30114084166969796,2
1.0210574714048675,0.17825083640790762,0.3518206073632299,0.2082099784319179,0.038740871517101996,-0.011239789725219475,0.46308907306109803,0.6831105444937242,0.09770625768039547,0.47821248431102437,1
0.602971991706113,0.9573944296252143,0.06723441619191349,0.1361985281870461,0.7969373289681042,0.044083021046127255,0.17393041605260218,0.3098172146827213,0.5343022117921598,-0.09784730969797782,2
0.35905472938280747,1.0655062430787305,0.8970065357104576,0.7950839167861768,0.9543435992086583,0.838730559719072,1.0344806068408405,0.41856782323520625,0.5012265059219531,0.15282040554034612,2
0.7175374532515069,0.3262929332209534,1.0699940453206347,0.6563257527379868,0.36633176965756514,0.9827251723617997,0.5776776043401788,0.33220879326805863,0.4876129058469854,0.4547558882627503,1
0.2596095703985753,0.9351873878724284,0.06851025406642476,0.44286924035225755,0.665373623719593,0.7281773883486485,0.9348437295980081,0.20382468675223633,0.7539221990323101,0.7089042241251247,2
0.2535759518836959,0.8047907155823497,0.8590260066018611,0.1669224607019062,0.7940776645597734,0.2516740761807239,0.5266528326417796,0.9596111363069161,0.2772063117803804,1.0751738578402905,0
0.811926207356797,0.7055436962057431,0.22071293850401644,0.6408959185138404,0.06377322926144985,0.8304449446407002,0.13721779644345797,0.21176209810863827,0.09706381457631591,0.8257256746483662,3
0.8170913145904031,1.296036148125295,-0.07077704703187565,0.28203846234464175,1.3077099126013665,-0.24991306878577635,0.06672872525544454,-0.060567880943536156,0.5885698138589447,-0.09279179834991404,2
0.2770394502669792,0.7531581943940313,0.08313609455803346,0.5384289648824022,0.5492943272695878,0.884673319422726,1.067294660690751,0.283442451739941,0.721219410704694,0.8505321131662436,2
0.7256840370391493,0.23803205659212734,0.9791259368779632,0.8034983471107857,0.4491955533437729,0.8317623710848882,0.2882781873450342,0.27655354999051174,0.5295882940325521,0.1974615171787355,1
0.7343498748720341,0.7012393463118892,0.9398416223271074,0.4132586837099884,0.4467651080177442,0.6703642454005942,0.9323060187834402,0.09538923153835618,0.1996396613950932,0.4205886935495877,3
0.29080513345522097,0.8258378524364699,0.1035437491113042,0.48574405062640014,0.49357505972294957,0.6681667667433703,0.8801750867233378,0.36990173200627846,0.8698416887784752,0.7503003922086234,2
0.912098178612696,0.46528869448862664,0.6812574481500486,0.6608738695173366,0.385451848418749,0.35957725314941724,0.2220024737348154,0.31195840615413206,0.2585886351144302,0.6810991038854943,2
0.6019732313381583,0.2961500303778152,0.2408743960165183,0.32022576310422535,0.6704244723679217,0.010415580243135495,0.6420130956184379,0.7676498485277568,0.627181427251164,0.7106489027751967,1
0.8863330390636301,0.4990311712625377,0.37155294645524345,0.6073270967378132,0.7300362296042944,0.8204088575443416,0.6428982132774542,0.062469831207188284,0.7855686828087897,0.99019103850873,3
0.019712477963070088,0.11380785583631259,0.7537052969938902,0.3239902734176536,0.07538358182829194,0.28599481332727866,0.6506324306665788,0.410675690250285,0.33332604394821047,0.44141858616027796,1
0.5712260379720477,0.5758934471609077,-0.15235680074058885,-0.2945769551897681,0.304703309689006,0.4378311451455216,0.5671784027305599,0.35820485320082407,1.030492534195477,1.0124030472577696,3
0.708008552338903,0.452546164552021,0.827109561395267,0.6751891478026109,0.4526323976827811,0.6146261171906351,-0.014219601975842266,0.7002176971223347,0.8389603312680302,0.42224857184887377,3
0.24372696186195716,0.5603191898746602,0.8791990283912372,0.8200412328631451,0.8378992885395441,0.2631502216056153,1.05340839282727,0.9416707206513507,0.60187679360824,0.5977947365669661,0
0.1956804814788726,0.7414812923953189,0.7379668466378738,0.6729059802829108,0.12636490381886875,0.8143909299027525,0.02643529642459516,0.9292193743143105,0.7639577330838521,0.14780416330859866,0
0.8529879774547414,0.5950689242634478,0.69016831080529,0.14417992009035668,0.4794653239740605,0.6138450159130044,0.32724870142406315,0.14145016910323063,0.8281494747517918,0.9386934600505165,3
0.41227813558334103,0.4595815722073921,0.3130674626375018,0.09758086447595682,0.27744994551351787,-0.1459941066555448,0.5370904879652929,-0.02830613298012441,0.48672022100714946,1.107404161991251,2
0.38739624764794245,0.19960566729584428,0.9917861513113448,0.592738128694263,0.5038554882582418,0.861359469187396,0.49519451534693626,0.7403019427293072,0.33509811648537335,1.130321529399436,3
0.8942773107751271,0.15254502808966514,0.3448963843309933,0.4532438040846618,0.3791418806372653,0.42674350270180716,0.3464645728227343,0.6286487007509219,0.6541332901875923,0.4557573948221855,2
0.13661592535163106,0.7919344919002524,0.6623742803569689,0.2606614676830935,-0.01718552832714551,0.36058112973819423,-0.08297239123770817,0.9109568567516969,1.152992374279624,0.00780575408892642,2
0.7664079043165511,0.40944117939329205,0.8650457955739176,0.7178693778636585,0.5352562242190676,0.606016131145602,0.07963757614678303,0.6812463095559553,0.857276332122836,0.39263500062623924,3
0.7347636804939865,0.7097149304283172,0.5615962467575155,-0.2411634951260238,0.5480018026379483,1.298219137230576,0.658947175206015,0.5428664755751959,0.67594488074819,1.06259851897323,1
0.26968671575753034,0.9996546802572375,0.36682315079303823,0.1052977809255872,0.5193623429445683,1.2229554188164498,0.05489956828229292,0.1549089717150191,0.06964354609394724,-0.11103131606794703,3
-0.011250401164938528,0.2400866031552557,0.38332146138261913,0.4399516308216677,-0.1725796611285984,0.45669276382698665,1.0429068636196415,0.45986372086437044,0.64138278122501,0.4580958534858288,3
0.5874260169991081,0.07306578968768203,0.7919858843439884,0.2528976466960591,-0.45295166785487423,0.20807154960337648,0.9298939216784019,0.4701080373173686,0.12597498669453305,0.23173370116276715,1
1.716897545325976,0.07978682504071005,0.47894107196069746,0.48807042113006904,-0.37471213563583117,1.4959432784290378,0.616915188954591,0.42863123857180013,1.1385531950380263,0.02228568874409953,2
0.30777694770680475,0.41279596383227873,0.9947325026272027,0.6217923618200595,0.38107185800934246,0.7383186455066567,0.17279350275338093,0.6634364746731645,0.9428642661203829,0.42700785502108596,1
0.8121950710009314,0.19561379269709808,0.6173044632327076,0.3839844137379691,0.5684639956986147,0.8922079300636611,1.061083114263065,0.46895612736748293,0.3223277496764358,0.29176560284148145,2
0.8871342100449398,0.8437337841686311,0.3070009989302236,0.8811550907273116,0.5848857491740557,1.0299652767990033,0.7089406661408559,0.04462179169408821,1.0480144346980564,0.47693482625250827,1
0.5963940350686364,0.25844846252195475,0.029928639801767132,0.19893343014032103,0.847887429075566,-0.10205970090759037,0.6333291993971174,0.7957999813594595,0.4227284971629777,0.5738785587789172,1
0.07297058381932797,0.1592954692945374,0.32385987202694416,0.7142889661508462,0.47512953755436443,0.851491057432429,0.8463678598376767,0.35185353875037517,0.687724885241284,0.4972391770701608,1
0.07717368509211481,0.11728686938879615,0.7621218000335543,0.2974851108064935,0.016514087568867256,0.320011870926507,0.6187314284217215,0.37874908723597467,0.27929308813772885,0.4621142414995196,1
0.03717104368873037,0.22778263376719024,0.6931374024726698,0.012536194340732196,0.03472426558060903,0.2742827002141873,0.12323519396938226,0.8698314985174768,0.4707947912684695,0.3044547169640551,1
0.7978421424545971,0.7190848703723722,0.48604727601018727,0.8931857238172458,0.1514055300338756,0.9834165098169293,0.9041189081415258,0.5058164637797015,1.1833207048804495,0.26373911855720056,2
0.7054043660728782,0.3251146000344981,0.1659521157552915,0.18759834222313815,0.6585046008879274,-0.051142976695963016,0.6183602023358121,0.7126034279225696,0.5627505055144953,0.6827356782267807,1
0.28138892559106543,0.9151000806105495,0.08915862411404223,0.4576363297234738,0.6711239916332057,0.7794921945049662,0.9703238803981163,0.18518882589012628,0.7247929720903381,0.7526651876854851,2
0.03565576119465928,0.12428530206208918,0.7698059700672483,0.3153319288481661,0.062326222839979614,0.27251498318250256,0.6315532433440493,0.39832559009334356,0.3190538703978194,0.44870531783144413,1
0.04373788072756171,0.17413120394991166,0.35367296361768163,0.7049611351330576,0.4613824135992216,0.814451950159524,0.8418237214580416,0.38442930228188227,0.6691652319580482,0.4819390551990988,1
0.1261938945939275,0.1878993209870257,0.4234168184674042,0.7424602872056209,0.4217613384002691,0.8495877261000124,0.8560392733969077,0.3474803915805521,0.6197274782175102,0.5410497367898573,1
0.5885255304999853,0.4512088205946373,0.0474439286051678,0.163682044955627,0.8278375781432112,0.19956567431275476,0.5270512773447698,0.8107677527576186,0.41348411690483106,0.736245365105687,1
0.4183283849400354,0.0030667090796034913,0.014370634439963281,0.8202820027435502,0.35708075506160786,0.6827439928802868,0.23864836752866017,0.8886613433985158,0.6634395327156197,0.43056545729914575,2
0.8501960762475776,0.7752418177867364,-0.019445242292416842,0.8333543234826627,0.3903755584974859,0.9991700947280553,0.673947417220324,0.0642827672856018,0.6736885326589948,0.271182442977235,1
0.31298463907812657,0.2771321365443692,0.46938695753108456,0.5317963817796749,0.3377727065936826,0.06926583668239315,0.9768817505007901,0.9140738484224453,0.7827170504293769,1.019479270850003,1
0.5746442506337696,0.8383752524292196,0.12882011529161985,0.12301833593194081,0.7606208901599791,0.02666117623040492,0.27930921720891855,0.38695799750558063,0.585692388410918,-0.0272750288707488,2
0.10370919520689911,0.8781941965513359,0.38858395726466854,0.4484053344791423,0.5319368741264038,0.7239613116602358,0.9467964007553774,0.5375639898461361,0.448305644373685,0.9602835083590691,1
0.7229210253659927,0.3946924423420736,0.6974172131893825,0.3426804846463548,0.6950031299139919,0.5634834243699288,0.6372079205117809,0.3376679903738098,0.10328329336549283,0.2316000934950642,2
0.82913894569174,0.23953625513757593,0.5217972232941719,0.5370894563053623,0.35661703594985356,0.22393212103077967,0.0713016438637867,0.4115868634436825,0.3509451462425349,0.6325333717563307,2
-0.22303685522160716,0.29940146490228503,0.24140112125587596,-0.17023864665670527,0.8149321150662607,0.30466285464572446,0.6185549190921122,0.7548531196328393,0.4838938948650995,-0.2638405569836689,3
0.30083120248211054,0.4131232497033416,0.9993133427586881,0.6284762730990914,0.3822770124954969,0.7338218983822188,0.17295876283990988,0.6619528221777545,0.9394125778736242,0.41861648648876504,1
0.6136125713460785,0.899489761392642,0.0035830463708115333,0.05551562999828104,0.38930221273809684,0.33187955818681786,0.13651874721330665,0.4890436105905359,0.1379914524310583,0.9204540972325138,1
0.9688432539609662,0.5575461462495414,0.28411469811162643,0.8587672132987614,0.3004531535376018,0.751019491450174,0.8411966223561403,0.473510870017118,0.9315568253345072,0.2772228579960333,2
0.040669808533557616,0.15324505577735348,0.31564808391819243,0.6602064676217388,0.48026374346221967,0.589174277331095,0.6289582608065961,0.44363873477923216,0.8642645651308172,0.7924264729253098,0
1.2325854217969374,0.6225193435382028,0.8374158525076405,0.6554623312634418,0.7117877607119324,0.048006746708421255,0.648503346605082,0.010380746428831855,0.26014967816880397,0.2967525326559919,2
0.5388885648044484,0.2761959428421983,1.114010635978404,0.22186083986283883,-0.14154159512684406,0.868308776596448,0.48131340787356436,0.6908619758042145,0.3805694041779424,1.0022172068032433,1
-0.11094856435422618,0.37365070227310243,0.539002536016104,1.0351988740158906,0.7971238198881372,0.4769403413444072,0.34806822466697734,0.41449077507475096,0.6131121942491715,0.7642843932381193,0
0.6105494473828973,0.834677153782522,0.3227854752245639,0.18390780233328402,0.7081975787752683,0.44338370017593953,0.14284862341789667,0.41198386240732954,0.029207871903704885,0.329849754926619,2
0.750220285718835,0.2841731301411641,-0.1951273174000352,0.8604484986562868,0.29479589312089327,0.20368017110199665,0.6812545327097177,0.5159360069447625,0.7799294251657414,0.24537801261306172,2
0.39017823692843256,0.4020388502448977,0.38896016829711155,0.6385977667004075,0.11473715446829515,0.3284542404853206,0.5380054084457246,0.0850938507596854,0.8886077879909332,0.11109409875495785,2
0.032815909201827184,0.10875827925339063,0.7913379442903056,0.30039027112380534,0.04757560502323558,0.2790363124425084,0.6217896233475515,0.4256693213887527,0.3027205507389683,0.43929365631518347,1
-0.13658946238390457,0.12515815034526845,0.5396537443550246,1.0083624130315028,-0.14454900728047593,0.7988805505294546,0.5934811544700855,0.639363564599241,-0.18573678461145693,-0.23083467572308136,1
0.8097701208264398,0.2844429088660904,0.522998901294093,0.5416583157020493,0.40805186766369256,0.24323941123481324,0.11512573710829387,0.3803921426117135,0.376717576766396,0.5984774154964746,2
0.6183145173973614,0.11146028486389517,0.19108521316258475,0.7999782328487812,0.6747077348307313,0.5718499772075415,0.9526460920055368,1.057469162086349,0.23514463564583177,0.7939662688249163,1
0.017111470351378062,0.2402418493361588,0.709052853138491,0.022376936901228855,0.052890078608512164,0.28660588544177784,0.13936009240707012,0.8719911327597637,0.4584212262321003,0.2889517731641621,1
0.03106940026427457,0.23354513648399722,0.6979404354711043,0.013134528965850633,0.039838568652171454,0.28132808518943997,0.12669013510244898,0.8677411933532554,0.46079041694387507,0.29815683977824586,1
0.4681173517574943,0.9459275957666856,0.40139355682733124,0.5531185229503142,0.8400698959238029,0.1704696741148087,0.040467951166701724,0.365340274799008,0.5902903395285134,0.896829474897225,1
0.5268453561714558,0.31789121585810537,0.9366529654050951,0.8015274585234696,0.37509986142589313,0.7678873724112527,0.4412079448936784,0.33884641199519766,0.6116219218610824,0.19136810155463826,1
0.9410011079707467,0.5796360197294977,0.7646194485547358,0.07418440350446082,0.5421151023045166,0.6248938594688008,0.3757659655429967,0.19180086482280725,0.8152457096693536,0.9706903007498944,3
0.08798028650823358,0.23344384938864216,0.541039118995304,-0.29777258214870633,1.3970813202757713,0.9618622815958217,0.7970205523281648,0.4750543118440922,0.7855429845347449,0.4371690881562814,3
0.036648677745140225,0.8691387694931125,0.3538066657944324,0.4812251219817199,0.5380039373338992,0.6551289065286955,0.9604945049429705,0.5518472824991748,0.413337245501657,0.9377323119355128,1
0.5755062624271989,0.8066425399317216,0.8276783084026491,0.2748273263965254,0.6851638424469753,0.924230812286095,0.7641089296140038,0.06665605167243527,1.0860966909020113,-0.08586200423486406,2
0.3012639136174019,0.8648312804849676,0.09432242104961049,0.5262222458210446,0.6499448057993042,0.8081909795875123,0.985265938385707,0.286388022786455,0.7528760009303654,0.7527945731143407,2
0.8103272949730904,0.933701935681906,0.14397362544127082,0.8902720363120871,0.7690150486845875,0.9869047047173095,0.5669290109587328,0.5163170359577512,0.005135077234885106,0.3450045455498113,1
0.7208647781584495,0.9190614519303419,0.06702840979155228,0.026311112839715198,0.7303483023910985,-0.1231109749390431,0.4055422712106641,0.1793914556185994,0.7233206520612228,-0.05943479191978257,2
0.6398333737878031,0.4907592459130561,0.5267317721914068,0.3125054484376547,0.14840389256153103,0.835074583612927,0.2947896621915195,0.24527284139691252,0.2996677396514362,0.6804423553513134,1
0.6542042077592896,0.6353194061470089,0.5450732676098671,0.4224863252096685,0.08515050473987601,1.0474562696158138,0.055985334613027946,0.31013035821438706,0.21742105615037538,0.6021275676330854,3
0.8061326114694871,0.7287348213105456,1.0140258003736484,0.9971983252041867,-0.09596328745219257,-0.3950190820740831,0.7782746410282455,0.9288971637802009,0.7437564184386913,0.5508905389827538,2
0.800387769148599,0.7398959595307637,0.30149549264274605,0.2337828330142452,1.055511904409974,0.46425886407220207,-0.18434772053511805,0.28534014450661854,-0.22692969477823138,0.10440039108336019,2
-0.009823473419778461,0.24757549213703034,0.2739316137724026,0.5900679462721318,0.5513413249862975,0.8507128456725549,0.8542361381001488,0.4454286091104838,0.7306149753605327,0.6100922033888969,1
0.13042878525673643,-0.07605519302523513,-0.24598647177579264,0.37017069916118334,0.37934712427300127,0.288476638361965,0.5916387306326801,0.8129825617396703,0.19870232554668998,-0.19974833330618003,2
0.28362645782042495,0.42175792489022706,1.0004005795632254,0.617244808215151,0.37419987929378906,0.739859350609635,0.14372785150266787,0.6507776782745126,0.9103872352119861,0.41650920779979805,1
0.5217493400202837,0.3536865738519273,0.9046583434245868,0.7437725541878124,0.43112022278921935,0.8266755533217319,0.4853689275009564,0.3079386773463075,0.6789366430518006,0.32059113427860525,1
0.45110325535606977,0.6369201262388028,0.13652831083704767,0.6442089382711602,0.8307257914555818,-0.018263410874740454,-0.08792633763279527,0.29808558519725814,0.48686568795658514,0.8591950299155489,1
0.2058179198444089,0.8103965432052253,0.9305870854917719,0.5408448882047444,0.2794272801369707,0.36222389136610145,0.4274692865270141,0.769660281358796,0.3367546075854221,0.40223134544093103,0
0.5179103986291212,0.8267679155740734,0.3113461843655002,0.519759957931016,0.7930557653269567,0.16148169303047205,0.020284560568383146,0.21625304280550858,0.5365201916125457,0.9184406590899177,1
0.10477024066938542,0.27921429078491267,0.141684351853206,0.5402673502580102,0.5320837916246051,0.612720050305315,0.4409382854981398,0.4649582525519016,0.8903845180294487,0.8372389246768451,0
0.6029019919287607,0.8903618614890022,0.026230951832927382,0.05702145094175427,0.4121929022708651,0.3235204483815728,0.14973186329333016,0.4896451987415823,0.15094341785299567,0.9179891994482934,1
0.9433986361636475,0.5783942522639401,0.7691313298278873,0.07470813672940048,0.5561044918394897,0.6263618598824465,0.38332180055680193,0.1841001474770172,0.8311494933333291,0.9622684273668615,3
0.5595415622730893,0.0777009046494917,0.5180860317083589,-0.1754940157060032,0.8256779034915983,0.4590426751558856,0.7066506473054324,0.24667872736699598,0.06583091857682255,-0.15702520286505123,2
0.21481061876298968,0.41928020252894005,-0.06421848019040521,0.3290423083043279,-0.20403360139550208,0.5129738706981538,-0.41093409464461444,1.0458842820183352,0.3824529919180157,0.42759922748217505,2
0.598739865596852,0.7902221360993874,0.015380879779637757,0.03321297792846252,0.8626487357025319,0.006025854758583936,0.45864966940668095,0.41877077451637423,0.7901820076503779,0.008034393855825748,2
-0.387421166908563,-0.5656755736791187,-0.013230246436888957,0.5328118895191565,0.1815967699858818,0.7464277647410216,1.25133751628774,0.36885239818933013,-0.009888409443349455,-0.32275521189431555,2
0.2801313611424351,0.4060099554894714,-0.06774884692259563,0.7448596780370366,-0.07206022204707094,0.5451004535558117,0.6235690833644203,0.7015699078065758,0.7121578860802369,0.04724688991958946,0
0.8886194219001055,0.5581120353622183,0.320544085417949,0.7364379087573674,0.7781401536591722,0.7459563476245582,0.7013388254448669,0.08532082757933014,0.7584825765647615,0.9073188114050684,3
0.5364432154438332,0.6210916262750733,0.7274701970256247,0.48675405234333924,0.5434815084825942,0.6568823661891667,0.8430067986371397,0.12970368007355854,0.07078952825361742,0.40267436733313455,3
0.49334474539808126,0.017577940163249407,0.1477307282979277,0.8043765948896209,0.5459066366904414,0.7563994986881747,0.8241111280690767,0.9348478516738908,0.2539225782611052,0.8988772096426002,1
0.057022689859002565,0.7831615870623566,0.24990511824509964,0.5738946089125735,0.9727962133763868,0.6491477927688193,0.9347592332220669,0.6432383903110974,0.5690084034116323,0.008531290426986637,3
0.34530609162860887,0.31439669986329105,0.7594870145387661,0.6176173643112589,0.5338470865657864,0.7999383433051653,0.1401927880794456,0.5059416179136166,0.7503419131865788,0.5325537091811553,1
0.03839882483036443,0.16041978630990206,0.35829234909540586,0.6796616911636496,0.4678909580644461,0.877172590971737,0.8461270111418157,0.34971973677930435,0.6437729764088493,0.5207138541739017,1
0.9110540244146023,0.5685831964964776,0.35644390620010014,0.7157890432020808,0.7932642556204863,0.6966116412595725,0.7315235263297939,0.027595671161949387,0.8113638389718822,0.9041272408033654,3
0.28914272136382774,0.6514275468449079,0.9303309520015829,0.07666534342395298,0.6143785713830583,0.3861182213289267,0.41781529247925453,0.8255328119523375,0.2585660520830194,0.9577138070002553,0
0.4315265450704281,0.37029967967950556,0.33491392967475786,0.7457895839030265,0.020130931732879748,0.2593311682065593,0.44358711333766443,0.08630993798580522,0.9797274222565824,0.2644277105695488,2
0.010694647860598698,0.18448324742221886,0.2976949140645196,0.7761075432944073,0.43677601377112557,0.8133321508561607,0.8507184024146268,0.31024409923501906,0.7045923720645861,0.45622803848742016,1
1.1992949393064822,0.158425871411711,-0.19542067884210756,-0.31037194958848613,1.0719601248365362,0.13541674922449592,0.24477797586361122,0.9671836042692606,0.7452090761637267,0.4151219772962592,1
0.13189868863772103,0.6215748061893216,0.6399948477461381,0.6030269730113701,0.12438902487894582,0.7288545208986054,0.7533709456110775,0.6363699422087987,0.26493842073949014,-0.07139010752370661,0
-0.008756353200674416,0.7320783049135136,0.21240274043363203,-0.688306831541468,1.3009436579306084,-0.36163549448788956,0.12333033836037038,0.7918967627065387,0.5031035465466492,0.02331383263407749,2
0.8235439359846841,0.3510013786556803,0.28823590645107455,0.19933257282176536,0.6585904686047919,0.7397376304778667,-0.20914395490603727,0.45369386126614053,0.09365510759655449,0.027804615705351338,0
0.5025809431157131,0.9827110224903268,0.029271685594889185,0.25345910379829,0.8986712509134601,0.139324038201535,0.10402909768842647,0.35994253811906013,0.5366447172997143,0.04054585900319882,2
0.18570759173169427,-0.006393834501589424,0.03276951248996097,-0.007969734263723147,0.7717792639540575,0.22787281227530418,0.5131828293707414,0.5194665461951968,0.29179150853229163,0.19116106752855283,2
1.1763154174857862,0.3881374553810365,0.43234677343117367,0.8914689783027673,0.539685202933098,0.5144004030593604,0.658222194446176,0.6718884960406974,0.9080996340778525,0.3902183821980875,2
0.7357446155898162,0.5273629246373298,0.29993029749860983,0.6181432247747551,0.8976460241679635,0.6440415994010077,0.8376369444219477,0.06066416039584434,0.7013907768424171,0.823568760806916,3
0.9628377649168997,1.0302237557223017,0.24161404048490548,-0.34233749284728315,1.0019517324372316,0.4146163046637009,0.07796684270319335,0.4145605765024276,0.3999916504551588,-0.13397648973469417,2
0.852414581722588,0.47255620810296867,0.9430390029679131,0.7528040612461272,0.5313267716473445,0.6600318735999998,0.011765925517341687,0.7311904104223894,0.8505145747749492,0.45416565890582344,3
0.2277728703115705,0.44380982410563513,0.6984772979801787,0.7979887728441215,0.45882123013861664,-0.007898964201174918,0.42532632749032573,0.5123155319584614,0.3820853290131209,0.34773479085654924,2
0.048802042001143506,0.8163466402400463,0.26699778200275126,0.4896702700731033,0.9069047800006013,0.5763871623382922,0.9097431780979306,0.6373226135879745,0.6512639295799688,0.04629436546083228,3
0.5003927241911628,0.9494381787910964,-0.2193972332409705,1.020028916809667,0.31916527670062844,0.42204266061592943,0.44675050781478576,0.24833218450992034,1.1980621107488671,-0.2517611217329314,2
0.025151704400275504,0.22757109200294762,0.7054158809822765,0.007832256750924178,0.04410161583264605,0.26936565608831536,0.12742165274120967,0.861454053475123,0.45609463033932895,0.3023871195397159,1
-0.026042447202454355,0.48888732179494593,0.2267823219598656,-0.06288898021100403,0.3982074841531923,0.2708714316198683,-0.038416003175437,0.4526334779267115,0.9842380791454215,0.5723430555030391,2
1.0373908694489198,0.24618238606350779,0.04466862140781952,0.9010876603780722,0.5603650135345768,0.26601144786746106,-0.025596451233773437,0.8091924288855096,0.16792958303192337,0.27720394746475135,0
0.6045145022787066,0.061625045018410596,0.10841307679679274,0.5887318878805161,0.44442351054674833,0.977503193822479,0.7817582211048123,0.23892698916223815,0.3769141129289595,0.8960509984893955,0
0.794892988143534,0.1400991811133335,0.3605733656943921,0.5443697770738474,0.357490840616265,0.7412125017408467,0.8248122624799116,0.3000711684860608,0.6136071098412201,0.8537652753692067,2
0.3026184712755355,0.4074093213564016,0.9909279692429597,0.6346454912300893,0.3834172888491209,0.7413644013380418,0.18128658477073467,0.6758675423302403,0.9489489020905696,0.4224665683944239,1
0.9082787614457845,0.01395411615568981,0.25021742793887836,1.3813535062043945,0.3677891247446745,0.28906319272413705,0.5265471978979089,0.326980269276512,0.44776478257925306,0.2607456117760053,2
0.9180125939061147,0.5437562462853629,0.21980842158423075,0.6636767171682597,0.5127590163443732,0.9696338835809472,0.8023059426397571,0.25601201355404296,0.7160815852269523,0.17735368786186637,1
0.07993962191236197,0.8027067019272693,0.29044688009226216,0.5241548373247721,0.9104743595753242,0.6155595781848902,0.8645771536443803,0.6134617588783673,0.6729659170799986,0.12109637843785157,3
0.5513528287478799,0.7029812221007921,0.465928298850288,0.47527061853304764,0.1390977020493622,0.9648307192864617,0.22855255794958262,0.26664820996589683,0.19837471648541533,0.6928091421026352,3
0.9433295599113052,0.5764132721386606,0.7668430687573086,0.07359253291393872,0.5445417719926462,0.624598231837963,0.3765870779315468,0.19251500980104888,0.8148224826941722,0.9675016833619277,3
-0.02776400427597281,0.4489101689196331,1.027877712285315,0.1867907931312349,0.33063140243116884,0.37282987013164537,0.13234701062459636,0.9106541900073353,0.6898868675623366,1.1887928003136563,0
0.5796589184791846,1.0381581392891972,0.5957711308970723,0.4957728816168058,-0.07867133302843818,0.7637145558574265,0.039597466865607306,0.511385623615415,0.4093221844939726,0.9163551333688704,3
0.8515117946247616,0.8842294709677049,0.14538557315575923,0.7465630144394013,0.7849606680847003,0.9191470752125348,0.6424169649548753,0.4546028485535646,-0.017136718720425576,0.2802061716125067,1
0.827645187541911,0.46956307929916663,0.7668843540409301,0.12818571039057022,0.5258161870228844,0.5467059926826774,0.3379156402100374,0.09901491258560273,0.8580359070453718,0.8639882081703454,3
-0.00328556644738931,-0.22352978609906982,0.1262079597575374,0.10042052896576867,1.3310380982200911,-0.26308352746571295,-0.4230098140179106,-0.5713849688806124,-0.2203955751993933,0.8774293419842278,2
0.219540871100614,0.8071776172290753,0.2822083485733562,0.4953527722254724,0.6374717837802882,0.7963618939635109,0.9577723437869942,0.6757815373833564,0.3762796392146173,1.042453982898741,1
0.5357536069294371,0.8028994393546482,0.13492444275565407,0.13755843539448695,0.8542413801889064,-0.011128997098250396,0.21009250600263885,0.4434564535661464,0.6611211218514128,0.002628970791225758,2
0.03203503489271799,0.24056578028041967,0.7036958048805454,0.02018816304061736,0.046595889930813233,0.28031974420346406,0.12690209155853774,0.8653336980548046,0.4629844758743811,0.29693301414371576,1
0.1643158584688184,0.32758442570002566,0.19072148670532435,0.35468619196010354,1.2316527998465225,0.7069987370708148,0.26122860068630116,0.44778457515529746,0.4641387015157219,-0.10911422128321752,3
0.9245272732762124,0.6009517977143978,0.36206793312745983,0.8001958352004619,0.7833876422294133,0.7017335363356361,0.6918683659144338,0.084729575815848,0.7224842647545536,1.017540267805735,3
1.2999720969802189,0.18649708684570812,0.5585340692187881,0.7633597200303432,0.19884520952267365,-0.2041181121839961,0.5089825537572175,0.930200557066992,0.17409270953988826,0.048912791986167825,1
0.14261949647943542,0.7720280145073398,0.37652893268550675,0.5000359589283112,0.46457807551600006,0.6390960995678746,1.029110715503365,0.4899842824702178,0.5639224699480254,0.9725262990433146,1
-0.016908644396078698,0.543763921042151,0.47137880667715637,0.8977234419781779,0.3675698625802192,0.5533179598571687,0.4477180404357996,0.8678741673373797,0.4138949097569902,0.06340981568104274,0
0.6937979906456845,0.99255347613665,0.07612369342404818,0.11645183282482027,0.8109983539712272,-0.097978898541603,0.15197551715650523,0.5304799142857242,0.7361112108175406,0.14365972566691648,2
0.6030414382649079,0.9063558677793683,-0.0012125525827301146,0.0716967298525875,0.38233279234932394,0.3242454128437419,0.13819143637690476,0.4775393562801241,0.1444787687247644,0.9235791750760501,1
0.3931345510110562,0.7963580982487265,-0.04317313603259931,-0.09213542705467873,0.6838836573414713,0.31713975474181416,0.4932035617871323,0.4664265159828124,0.30788692964509545,-0.015853497144804305,2
0.8522340210374495,0.564583994867161,0.30261240549724333,0.7257455527723787,0.8002707228560749,0.7377716228092873,0.7060939229481967,0.1239492716725616,0.7651655727421587,0.944807643101557,3
1.20754891182835,0.3785729478967276,-0.011267329106992435,-0.20700358731258994,0.7427027568723115,-0.2838478346637733,1.0814722635829646,1.2830304834660144,0.6109516298303151,0.11834934434976874,1
0.5729914856000575,0.7757581220037341,0.23117449227352005,-0.08827338705499416,0.6059188863294391,0.1908014723691467,0.19691601846664183,0.2508178235243286,0.7182486180534209,0.058682183244956276,2
0.9331843695128788,0.23341860390314284,0.34971704036588197,0.21577664924828455,0.08214054722063756,0.0847550285338966,0.6002219628585307,0.7461618057690408,0.08741595869893064,0.6184131567699839,1
1.0819253594709095,0.12267724473011243,0.38687808407217456,-0.004695772735042791,0.3964867994367366,0.5384618355381814,0.3093258062473922,0.8582276163779289,-0.29019599233812393,0.6181831564862206,2
0.19876198435347042,0.7676442534583536,-0.10426277462447975,0.6092224783521624,0.630348963739177,0.9387716811035536,0.8975528952248507,0.15048432251021943,0.8659996538282034,0.9029653614092257,2
0.8392725686791433,0.3985489028276484,1.0709454323423717,-0.10063577417936581,0.4142706913547104,1.1934880730444544,1.2391994947634415,1.0608131974939872,0.3450085629869195,0.5248184122550347,1
0.12320761946706435,0.5589385865166521,0.4628383273306332,0.06407159500803748,0.9722337122035574,0.7335035229393502,0.49748616283430264,0.5477280541902345,0.3912396423136318,0.057342268395677604,3
1.0610365672444553,0.3567283074946688,0.33202364165917364,1.0247685172673446,0.30759607326543476,0.5312578373599767,0.8678194371699992,0.3070117630056857,1.0196126720222864,0.3861297378557913,2
0.5748367526987408,0.8608177454584184,0.04607762519811952,-0.10420768377054576,0.778063308123491,-0.22643634744641777,0.11371892498768435,0.30929870760343053,0.4248698846139018,0.14797418996715417,2
0.6492242545042912,0.3186079957491461,-0.05772856477589225,0.6618453850429854,0.5082878338049217,0.4946209471659321,0.9524326161922323,1.3095142502231196,0.307030709420193,0.8909137097353478,1
0.002434766649571124,0.10672099888941496,0.7401339346696767,0.3076026062380946,0.07638984519409062,0.26812486230155286,0.6005701072796021,0.42971976921473587,0.3181894885130069,0.4730378265575065,1
0.47066967089995293,0.1673383771241156,0.3548253885075224,0.30100717103805696,0.7890587569769584,0.19258645454888973,0.626162880105738,0.725544582060439,0.6817311958166558,0.5356401383485228,1
0.5162839491496595,0.8261659951259671,0.30421269170175075,0.5172458099016034,0.7876476734859229,0.16744095442538007,0.012980966823573482,0.21986531780896224,0.5320511628700433,0.912457147673066,1
1.0012946236791642,0.14381450980759836,0.3873259025644705,0.1452551646233331,0.008170250097108315,0.04330598024862292,0.5342992646419003,0.7526077813485076,0.015765835576888595,0.5318209318482611,1
0.2586630996341068,0.781936578870474,0.9140881710365769,0.09848448805287242,0.9399260460753459,0.3807844586234168,0.7929885589041011,0.7620969848920813,0.5360003270180711,0.8473952079904303,1
0.15327441282061743,0.04661389925022855,0.16262837775301828,0.002339456551904949,0.7803551333995212,0.3377715094487474,0.4746523670267381,0.3934748103868455,0.13560413674467986,0.11108390689062296,2
0.8676112527537023,0.19887879069381503,0.514716904001847,0.4808827194241961,0.3076338710279174,0.21125185975738056,0.09109587637203417,0.32773888839970944,0.42081194253694987,0.6431835182455894,2
0.2713477332236092,0.009571455343107743,0.21376224641944203,0.6708311128803097,0.4810163349700213,0.6664732923648135,0.7833481995099298,0.47023211800600906,0.6355736480642252,0.6779277790625083,1
0.3195608531117179,0.847189096422269,1.0059156510654172,0.6245813035090313,0.07731380332758311,0.21123379842394902,0.20789945634618673,0.7504169608401349,0.09102272468690506,0.2913915397056851,2
0.5791798679298238,0.30794268380763545,0.2507315400498816,0.9773249778452989,0.19048612175599916,0.37006442453493194,0.449189187638213,0.6420047301315864,0.6849215135685919,0.18525713033116287,2
-0.05162981573566559,0.18781620515590866,0.27316559973183274,0.9542271606316773,0.304730414981615,0.9946184420668377,0.7589290083193265,0.5861189968597829,0.3868221393838316,0.3116268824088878,1
0.030215686392940554,0.23579158603915495,0.6992962995368124,0.016836800873686043,0.04414557999632239,0.27892797018393956,0.13052048568470523,0.8686274848089517,0.46535172956864757,0.29557696657461185,1
-0.02610738649086397,0.27396874099090396,0.43808683554712735,0.753314804857543,0.402765507381174,0.8585500202170973,0.7883656811109161,0.43089696983041775,0.5973967149638066,0.49030285904548687,1
0.30104541296183907,0.4967573884186818,0.18421478012528786,0.0008698257622151949,0.03071963438086181,0.5751985239594293,0.6677629813065631,0.26315553588116514,1.1525061846526836,0.9969213555670053,3
0.036372408433965255,0.8029458084089762,0.30492521826345204,0.5133501550036627,0.920580405002833,0.5988290994177119,0.9127820829733816,0.6440768725085569,0.637708236964073,0.06656155295641313,3
0.7226625735882833,0.23234604238622575,0.2888858223818576,0.8613055884833676,0.35727006720309384,0.5003746880460651,0.5274197015109379,0.7309592049385982,0.7943538550115031,0.26191958323090836,2
0.2611412154310657,0.7252661351666472,0.06269183576568058,0.48226911246794485,0.38840305234286077,0.8238875325829382,1.1647370185354493,0.21089045044443863,0.4288225095766506,0.643165743137904,2
0.29715244116679396,-0.1454272615511746,-0.0411726417905581,0.14298425349155652,0.6950005276243941,0.24568495704650106,0.41600895028828055,0.3052720212777701,0.3143579975908239,0.08361660849656437,2
-0.357795533618684,0.4843484795680836,0.7713439987319896,0.20692000455370885,0.2688845414725283,0.09921177084666305,0.8686671020929209,0.5973042032067919,0.7408026624616262,-0.06660705718112134,0
0.00941460239185618,0.10220229112761861,0.25740894830115335,0.7336164576717249,0.4836435235355757,0.6772504256919827,0.6063012653114302,0.34373557087589135,0.9503481955975275,0.7655965742636045,0
1.5943888542618068,0.33577094530003143,0.8863223157032831,-0.6461342121917334,0.4627717459062395,0.19721082057646785,0.22503496320525607,-0.6215617363191731,1.2678963672502954,0.3560991596108175,2
0.09399927624854186,0.8547266420458955,0.42350207606425183,0.45792402634695106,0.5188532116600998,0.735442621898778,0.9378722971882121,0.5585851911047374,0.4514274169444923,0.9459785965691397,1
1.0419522999571171,1.2987375322080843,0.0763996530860096,1.005985189697811,0.01067932299268684,1.2190211956671848,0.8044665507536358,0.7479172170292553,0.29987138917143136,0.7615156213182518,3
0.4866865167883484,-0.045051722914405234,0.13720051552150422,0.9610627018139621,0.5410529000142147,0.6536447991057346,0.8585872376822518,0.9104531313878291,0.3709987750870901,0.9231264488885725,1
0.06898433549912357,0.16189941234632838,0.21004261060572743,0.6834820321832396,0.5755769717292591,0.6398012088857628,0.6887465095735088,0.4104609697231177,0.8982624327328071,0.9139547741926694,0
0.16650085171688822,0.9592417343581248,0.3729151025334667,0.24300860042282713,-0.17664558412305242,0.7398855719396658,-0.08815704693814536,0.7717289301737196,-0.4004345998550143,0.5639117103128211,3
0.15609436132464782,-0.029736153845708185,0.05796212886836797,0.04196861586212361,0.7024013081233524,0.24685348325011194,0.43678809578106725,0.5075474211314511,0.19937701402985458,0.1512618307603404,2
0.5245721102742797,0.8546854513160014,0.29519300411711624,0.5018053302635138,0.8310586116581942,0.13172431662329007,0.018534042189780612,0.2251812706718353,0.5011728221494972,0.9026023279538211,1
0.1859440347882667,0.8464432850812106,0.13097324413318628,0.5043526966376346,0.6509521625801051,0.7993937031353947,0.9393115604372673,0.2690337273859438,0.6695443794110036,0.7504746470913759,2
0.15099514791349694,0.25719085491053306,0.3585346925364853,0.14522672741474307,0.4361356956394957,0.40076372352568906,0.1240859719399631,0.3522989736756423,0.8494162076104934,0.694460448002965,2
0.10624565193970803,0.24480230249074658,0.32945122699387086,0.6667274628656602,0.43580976715219033,0.7967202255046891,0.840643924351652,0.36561920663718794,0.6514945620430712,0.506107606455648,1
0.5150421107068819,0.8552011592204464,0.14622734629665599,0.08084367534454433,0.7076637817932029,0.1263444285502195,0.28108059577182126,0.39054305641086506,0.6405936156774662,0.00324178756675698,2
0.33914327992699966,0.23690513660239626,0.2790487808792212,0.9436906729645638,0.611987011171123,0.771514554328124,1.0681055618986057,1.159242360541008,0.2778611871147197,0.6725997527367321,1
0.3300660330811989,0.5571180276277657,0.9694331931794006,0.7470859472372139,0.272357007368564,0.8034681691590742,0.2957959569442241,0.5252617469741482,0.757895787253229,0.48964346216245014,1
0.777916545590216,0.3195636048131032,0.5164160613434216,0.4758665262225785,0.359970401492351,0.16861333944551593,0.09607149762316021,0.42869525958311805,0.3362827484090361,0.662422888453973,2
0.38253552483367675,0.6908338742029604,0.4845416500588197,0.2651735303307283,0.3754815567314395,0.505852962901819,0.6908442355664602,-0.1692311710626243,0.17761998041121685,0.11670620158314943,3
0.5083427024253031,0.7210739355759873,0.8322537496140379,0.529746517010313,0.6296702811529709,0.13464209091314067,0.2563791335408989,0.5873118179276887,0.3484174735612049,0.17775244996040185,0
-0.039042212897148154,0.22043197305732948,0.42046568305188586,0.5611856899877578,0.29777186986508675,1.0003682069715087,0.6889822914901172,0.34480994807947957,0.573476493643966,0.4765674557900061,1
1.058213358817996,0.549514583630455,0.38143748600733435,0.948134879823267,0.4243224455728619,0.7098195727628062,0.8492707042829015,0.35679114414716107,1.0272078090397712,0.38746948126282055,2
0.670522073217865,0.6973691834564131,0.8195053462078199,0.4436475415057877,0.7485948815104936,0.6452837894886285,0.9125094538886579,0.08096787795594099,0.19154961910596005,0.2263519312215303,3
0.0053618490398796015,0.09009259598988195,0.74193840146679,0.2631133801713743,0.08913832763752269,0.19775543952243765,0.6356776357511998,0.4059079276607112,0.27183629498945283,0.5269902759042796,1
0.4086388922302582,0.3683995730721586,0.14225681359877648,0.5186179749031811,0.14335189229770612,0.4897791351026958,0.3844319877061832,-0.012910585537891872,0.9342682778871964,0.4209206203693287,2
0.2711183837271476,-0.21909638836184217,0.5679201746069618,-0.18832734799630457,0.4470249955747522,0.49131542999734246,0.3596087014533486,0.5299652317422399,0.621373027274361,0.03782492286269029,2
0.48050091330317907,0.048585340404608095,0.14471052146061605,0.8917928451180726,0.550802348691196,0.7301745134987961,0.8673859479738204,0.9802037313209029,0.33123603420456404,0.8980755983163102,1
0.3275375548179407,0.14928398394935763,0.32936125812016137,0.08218273733143922,0.6796786220294838,0.27310352383620645,0.2334177212682091,0.30618367018629644,1.1407932557479454,0.5592603210155831,2
0.1031605971796554,0.5370072888888028,0.5888362697817953,0.7164031061422658,0.34152006295773885,0.5080814215379817,0.47755386406110495,0.9250884044948067,0.3291855116869048,0.2620468185941081,0
0.04160775110268834,0.11492136641661005,0.768559000863164,0.3030736863966558,0.06233258968068592,0.27018048066712214,0.6323260446378727,0.41260656712099286,0.3119957180059427,0.4490011561040034,1
0.06517616537136472,0.8739607412616852,0.4166948787816952,0.48097793163069147,0.5443133854081965,0.7399179861879148,0.9619646118054307,0.5692456901486538,0.4756079335537105,0.9194708826345087,1
0.13147545498505853,0.3718435781056443,0.23179563287136473,0.11074409486328572,0.4736414747269776,0.3212466915380175,0.14479236600920256,0.3246774646694038,0.952180607083516,0.7306210094967317,2
0.6005163066620544,0.6707274775158097,0.8360961226471146,0.4085497565239885,0.521932669254055,0.6914186627329711,0.8844054490890869,0.16412001465754633,0.31197242322811863,0.3401498485472325,3
0.7328689825375009,0.12808957297052392,1.0233445577763618,1.0509544289603503,0.6511272251157242,1.097387854596094,0.8585508200352636,-0.040500585128550315,0.5536384320338577,0.14440284989107838,1
0.8615552191872508,0.3966401596150902,0.7445954544150692,0.21638489664508753,0.27428431441896384,0.9813884291850261,0.9022337564293567,0.4876341910746175,0.22038289920907986,0.5010197068421107,1
0.7688837431769904,0.3824611575405576,0.713164123450737,0.3756917716281122,0.7356309340837265,0.5652929636454205,0.657676306360029,0.355832495210757,0.12979539891655806,0.19816109840128393,2
0.8658197654278713,0.38546032841277245,0.03951289435391592,1.186541102511771,0.5686452821006155,0.5082331897865249,1.0833125855727739,0.7328242304511129,1.1152443958833727,0.12241142038197231,2
-0.05808971681395453,0.13990471763006618,0.2010916146484489,0.23001147066504624,0.4716990753928475,0.41198713424843214,-0.027691319314992385,0.11393939928430621,1.1370719047271134,0.6413141301084612,2
0.9223019394990736,0.5801592182066349,0.2583155424209346,0.7933395777933124,0.7479465012407793,0.7932349129015974,0.6508082223583326,0.050815705679696614,0.8034464176780769,0.8738427622683695,3
0.9202512481434442,0.6032518594465685,0.8481861774053444,0.14059228837001744,0.5277660730269254,0.7080088932001454,0.33203307748673494,0.15568408734583988,0.7373972507553714,1.011165403321914,3
0.6699049295839788,0.8232618171829338,0.5038801708446417,0.2046059773286503,0.89313329782243,0.3328180023863543,0.1367358822149533,0.5063361673664111,0.09477204931822134,0.2776163396058043,2
0.28809027092070294,0.8788243350933711,0.9345059213098004,0.5574633938297987,0.08484908659346119,0.2887624381973159,0.211458983577456,0.7544387727669774,0.04856717517383414,0.2420246402093634,2
1.1420165205936381,0.463662040226205,1.0913375979739892,0.5038350009483722,0.9005446297171844,0.9119191235467173,1.10411486346172,0.5648515994429649,-0.09018515652226056,-0.2852949063561706,2
0.19468538526945633,0.16925674852249678,0.5399255532566579,0.8044337521947749,0.26305044179788234,0.5249692383099444,0.24964734064761018,0.610686852736567,0.601990304375182,0.42595473147858764,0
0.39924529886735827,0.46819266369624507,0.9794169897641367,0.7019688925130639,0.3810610424797589,0.8231094526470579,0.40091836049180074,0.17844335945138834,0.8371264633974742,0.18121686714837704,1
0.6112806669247475,0.6487197615063367,0.39718544389825144,0.345670065996737,0.8247148564607277,0.34455128736519014,0.0857236148033933,0.5167554139941274,0.1855210819075556,0.24705962490696462,2
0.9120291513162373,0.5463889640908575,0.764929944692085,0.05276648812704789,0.541745303607448,0.6428294368532145,0.4033753842594555,0.16168999154503905,0.8073511271963778,0.9768633820095314,3
0.6438336595928356,0.8231570349528644,0.26162446749219426,0.2129682283461236,0.7445255731115752,0.5082510412447238,0.00208506328364981,0.454316086383557,0.025222711929975487,0.2399507007681467,2
0.049746936746328886,-0.0017776717785341067,0.2918727710316599,0.5947353187139958,0.46965437639586183,0.5865570352747207,0.552284187049824,0.4655905762815899,0.8843461831196888,0.7173342453344866,0
1.0274317141709575,-0.4810249720340738,0.1630438522201756,0.9681972798089685,0.853244518906175,0.5512530712984804,0.8405383780470375,0.734340163994304,0.05658156442994322,0.017336915663596297,1
0.039188189963481314,0.23694068211051753,0.7059989402297534,0.017615673711039587,0.046328263682260826,0.2887037742970165,0.12361348053571299,0.8649249677538883,0.4758444737399103,0.3054017310251165,1
0.0048970740831039625,0.09133620448614069,0.7674471556536878,0.3089925002309149,0.03254196796487424,0.2288122113059247,0.603676534920823,0.37677004471253434,0.3428524876774287,0.4548695467264925,1
0.6158729491581918,0.8540195238047338,0.14674332876055193,0.09579985384937534,0.7641964803813415,0.049335009632622814,0.24959779073078264,0.4275427519404992,0.5947117137523263,0.06231038714470696,2
0.876078006129015,0.7107461856414706,0.14535200480933816,0.7800306422244795,0.3677452482306715,0.9724559550782372,0.7275433361700304,0.1447790661379866,0.8311493307907784,0.3161042242343614,1
0.9177612978092962,0.599866697626401,0.368874328745075,0.7846237226030963,0.733621110832138,0.7995900688266799,0.6563097860356395,0.07772009758104022,0.788586931935462,0.9865769371854202,3
0.8267719618179994,0.6755044077735963,0.2977104480929552,0.8640124292117988,0.6604520720795064,0.6747407971256465,0.6389396335962667,0.20564121395290297,0.8538276337794777,0.8976012071510885,3
0.06386819589789694,0.7869848470740691,0.3403510376710781,0.39498106266625105,0.3789707207577311,0.6164467295279856,1.0497470015194552,0.6757250133439974,0.5354327108184306,1.074037570757358,1
0.7446158428724869,0.38907050954867567,0.15547517468058425,0.11958170660702269,0.5311460749474523,0.08513599756881848,0.440547244800429,0.7254321312229949,0.5817723532094303,0.760359935993753,1
0.5668957263091707,0.7309209842002012,0.2425453530790867,0.13027224658213524,0.7784438893279964,0.20801317801729052,0.19245363786518885,0.46732505041686456,0.5976803415145858,0.08875854525977181,2
0.9290749671707269,0.514092230111408,0.17386800076612197,0.8767966508553395,0.3610142346796297,0.7581871349865236,0.9466400955852017,0.40655458646189097,1.0106098103192511,0.20256309531766017,2
0.05508413954412626,0.20225164299588771,0.7705203773419256,0.7651884364104512,0.2357682807235652,0.6745272165090572,0.3277383295594205,0.644804096586881,0.15663997375557495,0.25644870134603037,0
0.043582002503203876,0.8643847397232781,0.3714564495587211,0.41155644140161923,0.5537883448358516,0.7070346835804954,0.8360819243591204,0.6552385229416826,0.5004501165211868,1.047653031677236,1
0.8077796982666994,0.2802296718248322,0.5402675324049286,0.200279370532072,0.08055212916849891,0.14131727998762494,0.3892904079380169,0.848450445894877,0.23423242768885164,0.6543166835779703,1
0.7565069272143096,0.21361071546697813,0.19477763364492434,0.36334139497894796,0.6185089766693419,0.024860816452654436,0.48636302700588907,0.6735556067209388,0.6270627574767218,0.6216546826435752,1
0.6037743276586669,0.8987613100075307,0.019161130121525066,0.1311019487935583,0.4198401087017935,0.39665123582232964,0.17364829380229954,0.5488693936961175,0.12542699109520825,0.8592147844694923,1
0.03729596818891852,0.5074907322185769,0.4456268901809157,0.10391458615660584,1.050442061243438,0.6218909400020415,0.5109660314326826,0.4924197378076645,0.42263466588844323,0.1574683596389354,3
0.7847290168336267,0.3386136692152839,0.3438450843291677,0.4755112588328022,0.35821814621769255,0.06408233202827712,0.13113778383016964,0.954985184999735,0.8294707363006344,0.15046929967110195,0
0.05849527189539451,0.04897509686527243,0.3367353380097867,0.6775947484369058,0.48302886384112276,0.5309875711408651,0.5307307485825163,0.3416935923597014,0.968300640287747,0.8888726071129402,0
0.9219922649882439,0.31579247415647194,0.5991617424783191,0.8265169051126633,0.7403337404763255,0.6536838508066154,0.5579017424873843,0.22970522786156267,0.3347074653808553,0.6579847730561778,2
0.6473769966061051,0.3039203481348452,0.3398450682994947,0.9785491765356923,0.2146827118072102,0.313958885467226,0.4740574464264683,0.6109105838993705,0.6891614725687459,0.18673823950752913,2
0.02820366840326783,0.25999653979080073,0.6755914938866306,0.017363888439570537,0.06199976596312762,0.27782303408963427,0.15277635580186993,0.8909932866722861,0.44212667515688175,0.29958959634472193,1
1.2012257185080553,-0.029480002518844167,0.3676964702267041,0.3290820183105033,0.19663596701412897,0.019283030879059797,0.6965009227372851,0.6165685578124117,0.033838489038439,0.4426940509520921,1
0.39809397926166573,0.8547295457509023,0.6660519546913908,0.9608350641824194,0.4516653832110449,0.05125492525292198,1.0626020704352208,0.9042548492157017,0.3059736002744783,0.7681816327502334,3
0.5710010560234497,0.2066842819249993,0.9303960707187582,0.37552468262428546,0.7093329488439736,0.6100432410701261,0.6959936556072956,0.46281367613789137,0.12414034386963149,0.2855011977790568,2
0.1596181700689605,0.5718417459678207,0.752243190558231,0.08673071724701319,0.6060073104373,0.45617148758743187,0.35576470480809963,0.8322316333764518,0.1660192343436261,1.0038737095880856,0
0.5164891153012339,0.825714728074596,0.3118686462019635,0.5225739981692072,0.7882674740832303,0.16451668030917668,0.023199182710088202,0.21973790722235206,0.5332724628333712,0.9212760827888288,1
0.6281001097070847,0.46522275835928273,0.939401570242062,0.3350075891875785,0.029394149904923103,0.9950068692570562,1.1132785564737464,0.8881887982800171,0.516541222047481,0.5443984331575231,1
0.5651436770919235,0.2982764068551018,0.2691224577408931,0.9667657593097192,0.201524135341488,0.3783859053921854,0.4595111417022927,0.6439218456404646,0.6759328791659976,0.19862360745227362,2
0.44546447616693463,0.32533221192004547,0.3132876069099038,0.7243276948364705,0.1723679121678364,0.306103243400447,0.395900178771012,0.05047872408770618,0.8301349585429141,0.2331821883593211,2
0.9513388921096816,0.6670935381277507,0.54707556162039,0.6938624469181515,0.1637560957279247,0.6632439455961787,0.7457999529406752,0.29398854588983414,0.8959102759300109,0.24594476492873432,2
1.0380835979983862,0.10369538505055564,0.5735850880019224,0.5119810523181766,0.5286819168693199,0.5713508340527913,0.571910502225758,0.5233420710264994,0.3982355996654367,0.5329219187841578,1
0.07798061798199402,0.07801838329997268,0.31698534639424053,0.6805913532159135,0.5184231442254252,0.627768606894505,0.6591087548068747,0.3260055559142828,1.0036759072345496,0.8481897022985481,0
0.08591158653449742,0.09760972257269643,0.39919392359309575,0.7734301554981411,0.431844639482523,0.9163740636324675,0.8138015179405136,0.4069478933266478,0.7559610719801748,0.5522829964884935,1
0.7278686512173129,0.3879606120447959,1.0671513160415096,0.2884697220118972,-0.0751143297451412,0.0369239070217528,-0.014447877753348673,0.04395906453862558,0.06601737509614808,0.418803534490075,2
0.48875028642694124,0.06992331125313206,0.14271177838070404,0.8067171227122524,0.5235622962842034,0.6934605338292538,0.9639505828573487,0.989332173819962,0.36512874921661664,0.8206368963371989,1
0.5024410353024484,0.6851318713384792,0.20994198417962442,0.4778479736230197,0.2238562168981532,1.1867319991534004,0.2409160982442037,0.04737176396437756,0.2118698129259248,0.5180253489966864,3
0.6637910974434936,0.4702229923470854,0.48039568678017036,0.3128238285028748,0.40848674704184207,0.37472930722010084,-0.020392769022547677,0.23379049242382025,0.4651692335429729,0.5922895773472285,2
0.5444865438278402,0.11083478510655823,0.14896963353185588,0.9214161802051261,0.49482051703179475,0.6950044059366246,0.8915746926275643,0.9147398885960054,0.28508935757837844,0.9171537298196943,1
0.5643420674820268,0.39523920972609594,0.891724239372643,0.5427325081009914,0.9089139578403774,0.2257433960316716,0.7765300224434498,0.6974652824023421,0.5865043790052229,0.5067346332078089,0
-0.10936036163877219,0.6789145127430684,0.5339779895858918,0.3123935913634289,0.569426741459786,0.7319160565377828,0.8910315984640763,0.38851643896319377,0.27080085285724464,0.8706759453609887,1
0.4069373104208202,-0.027238399168726002,0.12187958688398659,0.33685895581227976,0.3808418107498991,0.23876319697613818,-0.07719560032611511,0.7356156320262026,0.5351020749515623,0.6361383005912769,2
0.5678823686387596,0.8141416362198851,0.9850722724509673,0.21548751889328197,0.43069166378276347,0.8350141633836192,0.8462291662968523,0.1291966523339464,0.3658346443662195,0.21494502409844007,3
0.45144442983022093,0.46310662124170754,1.000419966021931,0.017621284636693144,0.5219625928885806,0.32274841516899266,0.5073990740024216,0.6549048816329872,0.3352721621336154,0.8926720847581462,0
0.7877419844697019,0.6476432925891094,0.09874965911581524,0.2945370073226019,0.9244503510243213,0.25492213903861904,0.21319051035689496,0.6147513946002334,0.23720464871312885,0.3438686800080762,2
0.9558315901739833,0.5679436941703103,0.7515399054484231,0.09381784941226866,0.5656379703599225,0.602151172675452,0.37409359675736,0.1715655825325029,0.7964807004454862,0.9562286717154769,3
0.36536320960015667,0.7855889971703767,0.3993745509174351,0.22621035872675987,1.6463836202453805,-0.050431885228731835,0.19339723670064782,0.11067500944144726,-0.13789169180599103,-0.5894310913503115,2
0.47767895258080617,0.7783101729243278,0.42894285849731006,0.7771418456708176,0.5535873906893645,0.5913773337185929,0.15710851773503343,0.7854404793633275,0.2897226106763574,0.41853584478305117,0
0.13865766912419913,0.11417595732143801,0.7739061651262531,0.2450887603980071,0.11735800727361509,0.25920378200867333,0.6487412296999993,0.3551028519118713,0.3638572528753141,0.38840448552136453,1
0.09980224000097901,0.8052003008381892,0.970739765598702,-0.03552953610185042,0.8223435496403975,0.23665564042849818,0.7061341725638464,0.8257681088407,0.6036845082939362,0.9504008355799737,0
0.38216581491032126,-0.021806916405731736,0.12929508902513587,1.0682929088247277,0.7476080222895579,0.9980920994458098,1.0932159474039738,0.8005825541627684,0.5545935310208263,0.7245796828492528,1
0.9400727683449208,0.6833868486577321,0.1102649286765956,0.7686722644269985,0.30814302128457527,1.0497691789045709,0.787953796692953,0.15877030894674804,0.8947194066032513,0.34173926669232113,1
0.7497633709705587,0.7402430374378972,0.41781180930914374,0.24903020276277904,0.8782797749083352,0.3084412141878873,0.040140113838316824,0.4924043150552464,-0.014938857682726112,0.2929922091132347,2
0.6018391049475016,0.20195982351481626,0.5372125313091497,0.6195516924515649,0.10071484003690379,-0.040701481909607776,0.06741276588875644,0.6276144267680472,0.5646010057895439,0.3446654438054268,1
0.030113431926554444,0.23634749517683362,0.6991967920403188,0.017132589271909898,0.04412620710553123,0.2803065823672281,0.1287935588862568,0.8680934854394807,0.4640304981194789,0.2941877437862951,1
-0.041029213666092315,0.6523282957271923,0.41460220468552567,0.581666006139612,0.8069907955930934,0.538740085808126,0.8898532627104637,0.7777611323988803,0.692786906968577,0.1346210294546878,3
0.43019773728871286,0.6664574194250944,1.1394552151534416,0.22456258457051548,1.0761071422895288,0.9728513040464133,0.107754949773334,0.015639100090348745,0.6589966279097018,-0.518853015829508,3
0.4300844792237568,0.11908662688183436,0.6190728609662223,0.9520951555679433,0.776099782787534,0.739043740049811,0.3299269556826959,0.17308751470890327,0.562757207475217,0.1041590400456256,1
0.6243267205481194,0.9351093474179,0.009330399605338666,0.061311796108438295,0.3804845077925554,0.3378238979898014,0.09414392595562018,0.45399522597990516,0.1812381940070062,0.9151504465262135,1
0.6009544906538817,0.9132989032289147,0.0004240354719670823,0.0527690335327687,0.40372508501659776,0.3133653262155242,0.14207044163237573,0.489643048176962,0.13375497373751155,0.9175550856522283,1
0.9367651770608425,0.5762763659814875,0.7651081126434643,0.07266172918932703,0.5437579843089028,0.6240437978839176,0.37592429531104493,0.18860711471434508,0.8183647650311571,0.9703978813214416,3
0.5663255305707695,-0.14856414370619803,-0.020684503204384974,0.35695069532214474,0.7453978611583336,0.42864064689712583,1.0728904742688268,0.673960293272081,0.9933579983419343,0.5609659878460105,0
0.07434719058821188,0.39681533238734407,0.2763949964461491,0.054349084282975815,0.4662653948545434,0.2722465627296625,0.06906721294459621,0.283481083295059,0.9913269892389532,0.7794304819563279,2
-0.006275926892090555,0.7673101417143494,0.25416210321143734,0.5127313766008831,0.8803230815039138,0.6361712147814356,0.9245951513199278,0.6305182870921027,0.678552968945053,0.042648202709638386,3
0.9550411697703549,0.3746365142576643,0.4780055901361151,0.6019095312091227,0.2900269524967667,0.4798274080728759,0.7654848796465523,0.467392683309805,0.8497127569856172,0.2376970181711668,2
0.24811744493213503,0.7600666042227563,0.5208571450322532,0.4430322942984561,0.6782760489202164,0.5375801723758846,0.7507694505375299,0.506969267033312,0.5380901795338926,0.7553784634081144,1
0.6911784067824126,0.8247615099445014,0.15492068866519243,0.6453109016861047,0.8297155765083624,0.09322351803328607,0.12544497565915363,0.9185408392340055,-0.02058170274871468,0.951137169785947,2
0.8578550583403204,-0.07880839676680707,-0.22023280240759657,1.1244147767202457,-0.304966091093107,0.29760919748217396,0.21013174360255765,1.150967125376965,0.14314897239558577,-0.041017261430869756,2
0.8024615380835595,0.8597458731382478,0.12488909365010738,0.370388163880646,0.9421348408492269,-0.17767908701038027,0.3964499739427589,0.3786405745260134,0.5610046184042672,0.01891586494604731,2
0.9078458982125099,0.8136610971729186,0.25347566822879153,0.13312408384277258,0.9015257221099182,0.21762877940793388,-0.04626437616561219,0.3130541647134448,0.12460521296326067,0.15920238349162888,2
0.9576038277782449,0.22318786393403195,0.09385716948488981,0.9238283811745787,0.6205270486022512,0.2829236498709967,0.06831659691944471,0.8751133580390408,0.15829241316618722,0.2575126834368285,0
0.23220041835803584,0.6682006233598176,0.8900778265230554,0.13865052233611236,0.6374628049873559,0.3925342057520744,0.5097902314819942,0.8107340477091807,0.3480548054156641,0.9570698117484387,0
0.5133134653188434,0.4644059343995756,1.031049997508224,0.6693829596476133,1.2942849569378483,0.23328869957424017,0.4335531555305854,1.0119233795217482,0.6107339691252138,0.830915981104632,0
0.09689829871867689,0.28477994120130856,0.4751515128545356,0.6879646008771773,0.5029131740167334,1.0022024611728853,0.6973229448730012,0.23352074638352907,0.5875964049339272,0.460892113205208,1
0.8769066479377219,1.069064045264589,-0.01897659334136409,-0.07241386170025671,0.7503150900005351,0.205767454415358,0.09446669296514357,0.720087296743762,-0.14147367879261422,0.44263723753521544,2
0.03354341700215413,0.45855821954183895,0.0255364504646092,-0.49388083852761233,-0.10435629610079211,-0.33361518470057205,0.6669818213509975,1.3541789238925124,-0.08890802385405983,0.7951568785922528,1
0.7090967706274033,0.33769272730308936,0.923177947274767,0.41961894649735454,0.33629071092334406,0.9567149911878381,0.7858249347710966,0.39001715044859153,0.6078719416244132,0.5653811148962391,1
-0.12765351172460604,0.978559834402672,0.6291670279785049,-0.46635913341616453,1.6555811574796149,0.18768281534244868,0.07951945277360317,1.05341198017141,-0.21522340307957422,0.5824151022163299,3
-0.011604975155324812,0.45687328339797895,0.5368761438662116,0.7092685075916031,0.3781750839230338,0.5284147121695832,0.5229933573514512,0.7799510456464124,0.28765449028601353,0.12515894336757138,0
0.549138000094816,0.1230500435813176,0.052660326990179696,1.0045742448032924,0.6210961781010298,0.6182422935973741,0.87529910842803,1.042417041474879,0.2598905248292667,0.9530200920504784,1
0.5600351599145497,0.30682015445810146,0.2743718665792013,0.97876516389252,0.1889537147639448,0.3861323759251856,0.45000924255969743,0.6282582001201658,0.6816043359868517,0.18637791232216042,2
0.8953791255443224,0.5512650832328525,0.7400578239744394,0.1382548499353936,0.5239690785046104,0.6467454267832334,0.4257121405133502,0.12391082875910209,0.8079705132956627,0.9381050954566275,3
0.6235639097840115,0.13685703327498397,0.1343819653575455,0.7325060340673624,0.5544124298913491,0.7197504281021799,1.2210270220573125,0.8276407940848547,0.20607618770734848,0.5061200814012122,1
0.6643429924886068,0.24928930663573626,0.3208026352634913,0.8103712730714729,0.5660036943710057,0.5232747170726888,0.891751525626003,1.0141155710889014,0.5241079080928587,1.0751821401277377,1
-0.363608090603716,0.7481625483649749,0.658052372692109,-0.4465841080607586,0.47290463909521485,0.7775649914523455,1.5441037311512877,0.8387246602171599,1.1404932158204408,0.5500064540110161,3
0.8801756005276162,0.32739903234456835,-0.07393638638059674,1.0439437637806108,0.034403677976587776,0.6155005180168799,0.22157483047495535,0.5873190381119,0.7113641340072608,-0.14685032066731124,2
0.588642882409478,0.9702374990364961,0.3073297712611504,0.09244941420592742,0.626198216232906,0.10879086375365679,0.2466737230592994,0.5156037431980225,0.473578696965733,0.02601973363532614,2
0.700662967171932,0.4064084595316611,0.8419963937080729,-0.12777999065107498,0.2445728120332794,0.18987298647567097,0.7905056547716177,1.3117500291009268,0.7962589056891345,0.35500708489706,1
0.3161104971999228,0.8713721729002336,0.9761541776787104,0.5745568914225926,0.07189253209147263,0.20801446472595353,0.25633341429651674,0.800744438132064,0.09586843737645831,0.29636864661542767,2
0.04667333963083873,0.11157874480640025,0.7667271203398581,0.3072724675867321,0.055948554213710526,0.26747880373664595,0.6422685226691249,0.40747831510095517,0.29967329805105536,0.455575693353753,1
0.8310849848979444,0.31151448195162956,0.7055969522855031,0.7789819359381162,0.2135684559561209,0.3920398003219656,-0.031397284423576394,0.6160692509983143,0.290215454313657,0.6060131572642531,2
0.5898459732993784,0.7807531921502272,0.4229496571721429,0.4945274663608682,0.10658684350700603,1.0336551345658263,0.16655904888882092,0.30847746602935655,0.1528392519714322,0.685403169663892,3
0.7041169259642572,0.4088499207608456,0.708834345066537,0.3299694278904097,0.6916352388981792,0.5638624937199754,0.6434179512928123,0.3626225147584206,0.1209741349921334,0.23111096702003125,2
0.7503595167016226,0.6782341196003386,1.0797247382116288,0.5726257402229451,0.420700920099824,0.2794488037361578,0.041666152901073845,0.13912834963334864,0.04271914986914788,0.4220517474993313,2
0.04706866428690238,0.16661804048787382,0.32274211947982434,0.729330338362165,0.4687470704714004,0.8273767921000302,0.8537384284201861,0.3523415720543872,0.6714523004164561,0.47058688370393953,1
0.8737311114613713,0.531515892735552,0.2729515506457258,0.709645218266266,0.7820702937788857,0.739858199040733,0.6880578330948471,0.09125501802917177,0.8038549295906868,0.8850184837603453,3
1.0264299498996483,0.7068478068209518,0.1816309243749522,0.7420631297085026,0.2885055780954866,1.1247160423066456,0.8065823171572144,0.042996866306398415,0.9085348915756868,0.4473274464726601,1
0.5643178515724552,0.5623514420821198,0.5045994120622839,0.7434795860726693,0.15289233703646443,0.1817957597552844,0.3064646227542378,0.21120115717094798,0.7054780463385015,-0.04523582442071289,2
0.174583277186905,1.0373387701200112,0.3385882719518234,0.35390546022794384,0.6583489894262707,0.6623916347607691,0.9936251340004333,0.5563602615622916,0.4612278321044424,1.0161072370324933,1
0.7640583225094124,0.4361324949975928,0.7344136845604408,0.3864712759784057,0.7496134504711306,0.5487620033036679,0.6288593753911689,0.3763480559360864,0.10122888119532397,0.21777307116673952,2
0.006044094568904097,0.4341249675691837,0.5500860429334823,0.7316988420015275,0.5167663908562842,0.4811233181196778,0.460260132622423,0.7821542782225658,0.3786580817927012,0.10320508518428081,0
-0.16589244112597112,0.41158667441533997,-0.40838316082627013,0.4784447915187186,-0.4172853870621078,0.2805405728810528,0.7563328508260018,0.7854492385851091,0.6500058436387868,1.065155362689192,3
0.5468648562245183,0.07240305511492953,0.08997050022942654,0.37659004441267374,0.496451778386658,-0.07326449147312081,0.3654357878426309,0.8781216271444797,0.3650611950810939,0.6878285663777542,1
0.2728620384554765,0.17031488472286743,0.6138750365202941,0.8712602217030943,0.5712352127606339,0.7452547890182878,0.31341166058009284,0.4451848379057013,0.1888771995127141,0.681180611017572,2
0.8909246063807693,0.567812871859054,0.2814367195071788,0.7077385343348582,0.7488640850502214,0.7343812992759737,0.7140567648516244,0.0744869195202044,0.8031722019079109,0.9058824497205632,3
0.2591909427435618,0.05805168412845379,0.024282332415268157,-0.007939017825114664,0.7516301253604244,0.3171632933982447,0.38954189946380635,0.4958946885110368,0.2312617772727349,0.13845886594535523,2
0.3341634468435633,0.4143373046104519,0.35537429298255446,0.7105616934581661,0.17106832786491402,0.39001244307442134,0.5120366147331248,0.06812948168561958,0.9532283011339937,0.17187869181850898,2
-0.48698402347487735,0.05047989329758243,-1.1271535960991914,-0.9976093253490025,1.2446018522923648,0.28743444445092486,0.45768365067300437,0.26822620737162084,-0.18509089743057067,0.4097043643643288,2
0.4331371243130635,0.6926718208397634,0.15690687431987826,0.45173741055526473,-0.19443035043554135,1.2299445578458315,0.8362554884831693,1.092004361664015,1.324048951647453,0.687880300553557,2
0.758996176925359,1.6753025624250495,-0.29215423412932295,-0.2061314202593354,-0.4473866049053674,1.4461573337192974,-0.16744858173058935,-0.15716014563423614,0.00751653906072558,1.503429673384869,3
0.20850580061041682,0.5192545615375824,0.40435294779271097,0.8283258196017258,0.3079865721089854,0.2929921237129844,0.5360026012770593,0.15958201550781537,0.8763133753716221,0.30164615644060255,2
0.045261054624803676,0.24322810878923035,0.7004216864714049,0.023886638210212655,0.02929807377076856,0.26819648495388143,0.12079032172487074,0.8744408562952052,0.44944736884663716,0.30288733842900556,1
1.1173631578837382,0.28345209689885303,0.6019089052161649,0.9900798841896112,0.9977682754253518,-0.031385504741169745,0.9825633360661674,0.9656355931788866,-0.2551128750144576,0.27805555523927605,2
0.5000492355176593,-0.1128227086687896,0.599281856168332,0.546672244683345,0.31960821178010074,0.043370765943795464,0.5693047662511617,0.24441692332227782,0.366132845311701,0.2582148009691996,2
-0.23230102742179448,-0.08446868439841448,0.7732637651434584,0.8283261677933917,0.8882100156425723,0.7220564593987414,0.9137897764612175,0.03132091699518125,0.8956033830555272,-0.4814570887704902,0
0.6772195719820462,-0.013456917777844496,0.43853527823734384,0.3541798951578788,0.5844490915916621,0.12541667705415113,1.0167641527112623,0.40976884504604394,0.22833936290850787,0.22691289677436222,1
0.8741278486876874,0.554021662252281,0.31134334514562667,0.7350800333838866,0.7839831021125726,0.7455503640419405,0.6809442216935011,0.10897361338284478,0.7739320895624028,0.9236323374870223,3
0.6331613806614206,0.19966570638099213,0.36525695203086317,0.3069907779358423,0.6467218524859915,0.08989424851140974,0.4955851221544325,0.673560643659279,0.5722521043751823,0.7548233444512522,1
0.8606521278443593,0.5185043111407768,0.6604005830903268,0.05527264027075218,0.6519841106811919,0.7709538845558456,0.7408595451051158,0.2488237266937426,0.0299103316759171,0.35646975267289277,2
0.9205527306263518,0.5799586032457145,0.7937313724114977,0.058374617340528914,0.56450923097793,0.6196425987362056,0.4029867706853156,0.19358656321058415,0.793295791191461,0.9456998046317088,3
0.6474512440055485,0.44187653234102,0.6735001822426759,0.4024351528258337,0.6864031249871984,0.560713689630867,0.5941500076048859,0.30720581511899553,0.04022868514470372,0.26074120056383604,2
0.023486946766360706,0.2292958397293435,0.7022400764321568,0.014670256637028017,0.03723047210072732,0.27843454581225763,0.12596711609956784,0.8764586103758565,0.4687819799669718,0.29632393416138697,1
0.6863982303390351,0.1763455093347531,0.45173303436687784,1.3597755181228015,-0.039187472481431174,-0.038575213801623875,0.1638583655035929,0.6488049590857392,1.0679302852879804,0.4569778050030337,2
0.5868815054788591,0.855290098250557,0.36176771531309354,0.5109810255660336,0.6987155601355743,0.17669980155955023,0.0634316984524598,0.13704769349649165,0.6429265332051535,1.0038027295561747,1
-0.07030190708659034,0.27170452090735575,0.9510891675677569,0.27042108968481476,0.6443126147566745,0.6542954060220221,0.259585563837765,0.9025491879615755,1.0549339529324964,-0.17649254561606104,0
0.9526515995401684,0.5911405624131449,0.7177865204504756,0.08313230836083009,0.5270489653413656,0.5695219289008759,0.4040239064930705,0.12757493322217084,0.8161312816764269,0.9735876979498651,3
0.0030499058895565867,0.11445960476529762,0.2855332997015797,0.7118698877918762,0.5114443641992863,0.8851186820905869,0.796055422446851,0.3458118805998619,0.68270955765526,0.4530899720323173,1
0.08772117170782878,1.0078229281527062,0.5763133214007088,0.48875800704823985,1.2248401945007816,0.4509051275832048,0.11941306888980081,0.5892204433338547,0.7417154683941456,0.977217404627645,2
0.17965090333864508,0.41373865759093864,0.2854073694245819,0.034934519227345334,0.5007535532386754,0.38196151944024714,0.19145760607180587,0.2346753057845842,0.9900514004906311,0.7799054229990078,2
0.030403640002997844,0.23514394080632714,0.700672151310715,0.015816938654640494,0.044701528158649785,0.2814387029282078,0.13077218013319258,0.8680362633125402,0.46383612813848535,0.2941031353660012,1
-0.14759362230018427,0.33962980101114465,0.32349773504167795,0.5488232582674155,0.6167878658708316,0.9952259458260578,0.8498836425573875,0.41946467004841376,0.7994793212754735,0.5483114003724348,1
0.4341765338666104,0.4122691398979288,0.8178937555643919,0.6259168348127334,0.8781605083054155,0.3458414487696668,0.8981523972543753,0.8127616029666589,0.5646658531645506,0.4845894486505437,0
0.5185061387014704,0.2939268698973595,0.34472569108132156,1.067727620393504,-0.0771249004811484,0.17800809936675796,0.5606863754696874,0.6511053597349427,0.8270884671956952,0.1239007948184682,2
0.3737339689407422,-0.00962921269661804,0.3698047166800328,1.2045512994908047,0.010112421070531508,0.5119905943344548,0.4597801530062401,0.7801874388392269,0.3936117312319828,0.44089127588697685,2
0.04520541839786148,0.11733693468387711,0.7724478122681192,0.3083489620854787,0.06271412474980721,0.27150848620204293,0.6376078570692042,0.407465909755402,0.30913447385696036,0.45158400149968847,1
0.8249735665842443,0.738953361332407,0.16267731208040934,0.895454964657896,0.40974216745282244,0.9342596635259439,0.6306147485141154,0.24577610718449158,0.8045677390498931,0.3972399185363543,1
0.9546589637047371,0.5945743003150242,0.7464168076301471,0.08845553346972101,0.5596569987431136,0.6399805941204274,0.35975144809767257,0.17872429800631337,0.8226928465692058,0.9533476264712484,3
0.17388032334855835,0.798299975088651,0.46512259355102037,-0.2861349978526238,0.7439491657599225,0.10409632961086895,0.3755730419439447,0.37519134325221654,0.5429620862784683,0.20231873516185528,2
0.558735537141496,0.8115813521561718,0.3094716624265559,0.4911392225837276,0.8104247472826462,0.13247739271108414,0.005618686465667221,0.16027689297052278,0.5683694012642919,0.9506112261180525,1
0.8642598065740379,1.106789644037419,-0.2736217818308173,1.0465376349503481,-0.28916288876080426,-0.0740423725046166,1.1705433257058524,-0.3906860357722572,0.6205599365588708,0.03997360005300818,2
1.0086371476363962,0.5466133168019428,0.8260717413223796,0.1361068480940184,0.47774746439960614,0.5201307068775678,0.4676783416519487,0.23549949892917676,0.9310317186721762,0.8666991058152393,3
0.6694838667458984,0.9740146501578802,0.2853690877401535,0.1999956206798505,0.7087281237338798,0.14574258452016214,0.16718520496902,0.31078221987503973,0.5313133022703282,0.13584901403204244,2
0.5870681935422155,0.891573026276459,-0.07368975426803917,-0.010017994414250692,0.47918409221568353,0.27662995348921354,0.038488918149347046,0.3680321498312449,0.07407621033321779,0.8278215077226556,1
0.9324920048686688,0.5516083882953853,0.7505807187819075,0.11274730046287026,0.5045955620936592,0.6506744670305425,0.4065235800619003,0.1504158320881932,0.8357528857963701,0.9900700691929948,3
0.7477592635819333,0.8972628210003907,0.06110790630984217,0.8764537783958795,0.7251947481661863,0.9670032097590504,0.6116683302345222,0.5399508821514458,0.06269172921964053,0.2638475469266521,1
1.0130014155926916,0.8882647673839366,0.30464228898680534,0.16102685117041665,0.6113855039475522,0.9739473196236543,0.6644449700985201,0.13090762342923803,0.1557817261250382,0.8862748074961326,3
0.6538260453564058,0.48323878087027583,0.4336654470147288,1.0793209992337016,0.0033023981513906064,-0.028949595284667562,0.10094901100698249,0.6020025564731013,0.25338793207042254,0.6743978945210787,2
0.38844032534594686,0.30655548192569554,-0.08778647021114022,1.3805045541713734,0.6932666137895691,0.6572675644175869,1.3157752394462205,0.16103595129079679,0.4266321650190237,0.20740681260551844,2
0.06196223661859264,0.5179384736908527,0.6194829922598935,-0.11639820048356872,0.8614247551219932,0.5810120091675737,0.500557765863202,0.6824589383004027,0.580816165055502,0.25246323969795803,3
0.38438693399241897,0.3305415755262005,0.10348517812051933,0.09311367367339664,0.878555873907277,0.505874804167834,0.7045301951648738,0.5007765243200153,0.3199486253344823,-0.02073010764263372,2
0.610934465747657,0.8393750745937112,0.10288558030379318,0.10100077527446145,0.3568197132157045,0.22215878655829216,0.18413774216805867,0.5149059693558526,0.17917652635802234,0.9722045994287273,1
0.8792274985310216,0.6918269724238629,0.13536030771613097,0.789141792919927,0.3742823085903003,0.9618118639382304,0.7148977525234864,0.16428706297928042,0.8232671569914632,0.3123125709479331,1
0.8181762534134684,0.3586125615650237,0.6110231175647566,0.3355947703477396,0.5971495725371786,0.6265708632505698,0.6055211201721926,0.4723712079479658,0.10715038218268431,0.2207313334438135,2
0.5153451241517871,0.8253849672257048,0.3130690532509118,0.5176435287171194,0.7866647083048086,0.15861475165390618,0.027062307722173395,0.21784031222414804,0.544078797290316,0.921334514319795,1
0.6317531056072085,0.21746493217532986,0.4802391585783458,0.3993612291075779,0.30983412288297063,0.29851238874025043,0.6823132135416315,0.4016757253359796,-0.014982545008022624,0.6841742116876917,2
0.42869227857449776,0.6454513880746273,0.7374709560707117,0.5321475272464239,0.23184291377595437,0.5673893013553795,0.1615223912293389,0.7423798146341389,0.54991309999649,0.14167336707505523,0
0.9488833352298308,0.5843499261245695,0.7692982049450574,0.07857715134785988,0.533022614072253,0.635310654785113,0.3704825674189211,0.20001633715089756,0.8146695902487393,0.9677218239087166,3
0.4933357097279451,-0.1482271753396079,0.35855286888568194,0.1686251546459855,0.647000709227471,-0.04621109148786534,0.8289548508838701,0.43061494990244703,0.5836912194628273,0.5075987644688618,2
0.6375812907316973,-0.09243901285646183,0.13786678677221909,0.6539401724434657,-0.35618363692236865,0.43177771457446584,0.24918663093195104,0.46629049242839893,1.1515190375804039,0.4304728785944201,2
0.9416621055496464,0.5871853532107174,0.7520176094053984,0.0798412225225923,0.5431277577770113,0.6385929617269589,0.3780139518799702,0.20114678485151746,0.8089646282338053,0.9771749935518971,3
0.8889621706512999,0.3010938610650963,0.16352925955279854,0.2264867127534098,-0.2565039724839805,0.23321003818182767,0.34560455704028387,0.6607112779376084,-0.06341616895437209,0.33103845643233676,1
0.9321512968753606,0.5590808018302265,0.7202581494599928,0.07462590792550292,0.5631221416632115,0.5777146039289499,0.39114827782997724,0.20300478413724216,0.785728083079255,0.9848635690342089,3
0.4007436774800492,0.44600837639110447,0.7784467893598827,0.7208249750904472,0.3610603520418874,0.9245916973985688,0.4816088124374794,0.3393840341189883,0.5815616999680082,0.20412692664571164,1
1.1586644773263701,-0.05822107760783962,0.17950333440059293,0.1140617262058231,0.14427197265974262,0.09653540230678505,0.5560694648841505,0.9105404470204352,-0.030081428221680813,0.45831129950940974,1
0.7439702765849591,0.842457418191502,0.24432936215692855,0.265665700747535,0.6860104485775356,0.3234557346682167,0.04406180521636005,0.3473857811645593,-0.04310717468877456,0.18629899948720288,2
0.8867493963073465,0.7249337150027416,0.13245220841514793,0.7934314421801529,0.4055899206827855,1.0052117058670942,0.7223039909697627,0.12331144228234439,0.8218353581652709,0.2832928410806235,1
0.648849374794462,0.7033897335841778,0.7690036701994863,0.4332338080888045,0.6473307777392481,0.6497843660291887,0.8652358015801214,0.08119066345687592,0.20177745750118,0.33363041888486455,3
0.31988856610208943,0.5081946229370947,1.0711379489725372,0.6119720745037904,0.42960560831254113,0.783245039353005,0.21158093547672394,0.5788539717005352,1.0241913926752104,0.4205475366234387,1
1.4482315854064185,0.24083652927448324,0.6970325178272238,0.5271196750665588,0.9048419681846045,1.1687467061512964,1.2780171636440658,0.32751847386083094,-0.1684472619927052,1.5735011497189864,1
-0.15731700765034684,-0.019243086338164073,1.3282968033866136,0.8796115633899995,-0.370454871696381,-0.3150501096215307,-0.1961444886373082,0.854715907777041,1.049599825944083,-0.39396168524224495,0
0.11155864640251445,0.8063082909085142,-0.23692280118104958,0.41001449029322734,0.8394351601563409,0.4751578514793252,0.399147965148297,0.06272553628213068,0.34898602408388385,0.19264011259327476,2
0.06594757323359521,0.8911199256538989,0.42765523567767516,0.44129340404297746,0.5330092852630571,0.7344621613340248,0.9319908754574627,0.5607305917335171,0.42562879299077644,0.9438825278468437,1
0.22108583125045528,0.3912638927574592,1.0702202168431267,0.5006561846801605,0.49218227855070906,0.7027313889182566,0.2956966473715593,0.66680602299564,0.9101445844923615,0.3492116130120235,1
-0.08298643640370115,0.18344857216299332,0.17606600037065864,0.8915150071059095,0.7148874304226283,0.7116799533405559,0.39198954038617306,0.24916219364884998,0.9465711463607221,0.7612334934347025,0
0.6110019286005004,0.6009600144429492,0.7021911456862381,0.5406270900741416,0.5688665254730478,0.7536516385869085,0.7939979529062453,-0.003057709442889203,0.28228081013166517,0.3075995158153368,3
0.3269385440755898,0.8696527662164952,0.9792453151479736,0.5946227702511949,0.052865967747468934,0.23351134587607167,0.2276815606519996,0.7784208275210569,0.08972799650922783,0.28792717817393265,2
1.0562344000170611,0.6153806217002393,0.2800431067537561,0.5891072969108226,0.2581246544120347,1.0694196805881868,0.8462445492398817,0.03277200884728726,0.9230269633093127,0.27489418471964655,1
0.9949211215337971,0.8481212484742157,0.33961631908897344,0.07561706439502373,0.684680036996935,0.9608094010104632,0.7104844206410863,0.0855312148518752,0.2285392182792279,0.8780943105143062,3
0.20082441448545219,0.8651728964435776,0.13982500572108092,0.6534472566505916,0.7947510054991349,0.7363427921620409,0.9306247764037792,0.09054445114563422,0.5798873658485145,0.8520238250770946,2
0.4472754022671426,0.7393699670236524,0.03794685203930198,0.08814653761420482,0.7640163747150577,-0.08744095285763501,0.2414361834713905,0.2999140773070318,0.5676596849348906,-0.12036604082713001,2
0.00829176426358863,0.9517337834496784,0.21135177726099916,0.23937025337389464,0.779903115982378,0.726884987810442,0.9221106052501548,0.20633646407612832,0.7207862189334999,0.9627203195854408,2
0.9472721235859808,0.5679532549058787,0.7613084852037614,0.0616586099855609,0.5678108407223785,0.6278965480450576,0.39733785043251146,0.2128093411938997,0.8318415258520199,0.9895477525605885,3
0.3984022845933961,0.349453957179348,1.0662192888254416,0.7771183968222689,0.44214887137084646,0.8809654014564182,0.23057973202521725,0.6801661576204906,0.8221411825371807,0.526081355793144,1
0.20596229875989228,0.5519382956459468,0.5686201435270594,0.07064871740986167,0.9774095985582223,0.7667825900280946,0.4888523940975883,0.5951736510462391,0.4068834072687058,0.07842509318001094,3
0.517394613136646,0.6610864621321588,-0.20040290136976036,-0.16158713157848748,0.0665563252880523,0.9246518919315597,0.9283222128149577,0.2861850048199864,1.1122203680964744,0.798396490760938,3
0.6047698544361864,0.03992575312789739,0.5408093471066032,0.6377227974820351,0.346848643728749,0.20211745460020114,0.9111930558254081,0.8129986192515573,-0.04335919154353082,0.7961170142928514,2
0.24170169050879026,0.9156999784289677,0.05422373392537747,0.4592477859318429,0.6384525108403024,0.7531269612814114,0.9545064898579119,0.23000569735848267,0.7276842516868487,0.7479436534945775,2
0.7727308519652956,0.3172509164119872,0.1535222723264008,0.14030413377028234,0.5402214164298985,0.05738437024982077,0.702923673754022,0.6464797447893397,0.7184203768247178,0.727288042511704,1
0.7551555251530244,0.2542207239452064,0.5549469800351087,0.4729432721822368,0.44162022572606313,0.26072342913629865,0.027022108093043166,0.34828216540587287,0.488399282619799,0.6219870174821321,2
0.5051630726871758,0.08213594631855471,0.1145249550080403,0.8857779777542503,0.5671350922977729,0.7161522524261246,0.8645526919156766,1.0116413490493257,0.35572965103632803,0.8975133677572058,1
0.9193744067690514,0.42665069852362303,0.22446410140915435,0.7935961423761605,0.3635284569477187,0.7070999349342666,0.7645431168024743,0.5361104556137514,0.9521104697230606,0.3642972345329345,2
0.5258549709403242,0.16824528571667224,0.22724502411702768,0.8104181051314655,0.3592568614413275,0.6785536287269155,1.0155673448081672,1.0922633930925492,0.45262498706460774,0.9718356977270582,1
0.24214875985743875,0.9123105461958806,0.058683472751486436,0.46213548592716336,0.6370718589783687,0.7509504543099337,0.9538430782825718,0.22856554083121247,0.7300556283109715,0.7430518314049495,2
0.03720620587780251,0.1382558974665938,0.24690483611936592,0.7948122791123742,0.5845786962623469,0.4186457161641369,0.4097908028140695,0.3690056882133679,1.1121218766880596,0.6661967594171068,0
0.9030998828786214,0.5772390300531078,0.858487068763181,0.2711719985112374,0.03745108114866948,0.9476711318573541,0.9760592902600103,0.5636120434216962,0.2860651811273578,0.6565264468124833,1
0.3078032220124314,0.41977675984255375,0.9874821813068115,0.626543870474598,0.3850765984349511,0.728756884620925,0.16927235199550678,0.6598449116968768,0.9360611702430575,0.420786918140153,1
0.07643042980598859,0.8427811811460245,0.3811716814050157,0.44735000684486703,0.542850505565755,0.7013059290407395,0.9279064030490756,0.5764266361401882,0.4784699946457703,0.9059883100829424,1
0.3529270525800501,0.341060964285043,0.414016257678169,0.7248031366944776,0.06837065024573727,0.31056982953310924,0.4891867158363525,-0.037760097229001796,0.8383999622337159,0.14083812631450907,2
0.06863695463787868,0.1444289153306088,0.7784872205017163,0.2820517572363545,0.08135306033796139,0.2649598762702109,0.6267248564608754,0.41945521703159105,0.29375744221142036,0.42407870984924484,1
0.32107588562745565,0.8574649990694938,-0.15388076658364638,0.6462981906345552,0.4796138937189872,0.8245321255212585,0.9428271976246083,0.17017244762476616,0.562249277581198,0.9263261113983773,2
0.564923318704227,0.2984496664392732,0.26679792874710917,0.9688048676155819,0.19472862341609082,0.38045612248229926,0.4631971693061241,0.6352361345702983,0.6722596220021483,0.19824240631651224,2
0.5397538312487026,0.4185916693693328,0.9464448210551043,0.676814310905752,0.43535407042192686,0.7795054037429497,0.44438555147433995,0.43272814919545616,0.7143691738332327,0.18781847551305503,1
0.3002791340160142,0.4099378677143676,0.9898183313955223,0.6445715297342329,0.3880690885799607,0.7294654475904376,0.17076361992055666,0.678618291114395,0.932431095897756,0.44025348941497533,1
0.28664749429871755,0.7187945096338393,-0.3820119468422657,0.27183774778170294,0.11270941620345783,1.0266052292995735,1.213132293835565,0.6296245059204106,0.7638166771305199,0.8919845069792948,3
0.8599858802940177,0.5523969974320757,0.22922166729184368,0.7438493692810757,0.7200239971389407,0.7359960004113573,0.7701966294025475,0.01955331597683746,0.820831584762587,0.9021518563858151,3
0.5011586839478893,0.8505228413451954,0.2959093436377211,0.5317039424265569,0.7834296947750535,0.1548362116212416,0.029034587507365518,0.2084101229595934,0.5647419634403299,0.9269856563182575,1
0.23987419801336426,0.91196964750622,0.02005601628572099,0.4697637114867242,0.6702346665063398,0.777434176826084,0.9389718316358978,0.22301112802555784,0.7580889754888797,0.7547516808038037,2
0.756692699835344,0.6177418010160395,0.6330481978516159,0.4683527650067518,0.5993612283167581,0.5510039615744776,0.8719132043600882,0.0479218383304292,0.2707261677518357,0.35053556772553546,3
0.5010916449876337,0.8564915083423521,0.25090068724901693,0.6070342169918747,0.28145949646472296,0.8737185506147824,0.22934233891091926,0.37998387249405,0.2737609513851048,0.7235203783616128,3
0.9469955749926761,0.12204235171260669,0.577400593080095,0.9192771792557003,0.49294387337861845,0.38982571871155064,0.5204885476398211,0.3727549422204737,0.16903559955033023,0.6546323720458915,2
0.6269111491702934,0.909663414125217,-0.04083170945069582,0.06617012385059609,0.38777359161049496,0.2829446837146774,0.10501992796386227,0.48942686706976524,0.17682281475830575,0.9752264861401714,1
0.24396419712088624,0.28445822263484005,0.3362223571521049,0.8111314831207656,0.5508813330445113,0.9754306832345787,0.945494246108453,0.3706243183232483,0.6646407442981174,0.6630637969112992,1
0.2767930661489779,0.3604754111390281,0.9604691516437863,0.6693528950422489,0.3965318104765694,0.6426527715939888,0.14766751430220862,0.6300881277653942,0.8582184240815854,0.4336157131368948,1
0.058835092480668795,0.1659935576283619,0.3404667642673429,0.7059738121485212,0.47782977774511437,0.8281529918659846,0.8461776802166275,0.3505532782620282,0.6686056481600282,0.47387551980939796,1
0.29961658877091946,0.4038476445398309,1.0018062442276041,0.6218329025849513,0.37416127990718623,0.7325307742518088,0.1607409289152163,0.6697796042713602,0.933803675372682,0.43438877782655727,1
0.6024987407802944,0.7864901833324188,0.2735571870258846,0.25112333665338826,0.7090873777072828,0.45937962477211985,0.07806973676636994,0.37289010103848524,-0.034044911819645196,0.29868177350367264,2
1.9947694827995566,-0.5466776660902859,1.3555334239002763,0.14720492746127606,1.1090180137864867,0.6639840597127166,1.4408029647145129,0.8529083436308124,-0.424307294779797,1.1089855709882426,2
0.6300890378307206,0.6705341583326659,0.1863850609617304,0.2944638695956989,0.871311147179568,0.21883207981827396,-0.07780894667975302,0.44614894154360024,-0.15400784834929152,0.39252013805614006,2
0.9542194779596298,0.5200365500977993,0.2628789612930637,0.8388249908786766,0.3072291705321981,0.7099675931770255,0.8525319865699494,0.45136797232082637,0.9686265220076052,0.2717464812452375,2
0.33277091214649773,0.44264090382858945,0.5592903022555711,0.4829453051446076,0.8092193535269181,0.4266584402682019,0.48246240825751896,0.6088375293217478,-0.05953163266196709,0.41403437503751483,2
0.8783307502339321,0.5518578480657156,0.319807394823968,0.7148768861198095,0.7947481992808791,0.7661187198791939,0.6801859601203148,0.08932361003645517,0.7738354313774908,0.9301876957786563,3
0.15478565858559415,0.49218276919019144,0.4609250371175484,0.11225214346072816,0.9320725790369169,0.6942245319504913,0.4896491672633988,0.557546348940793,0.37518303263644237,0.139555569935438,3
0.044146754507972785,0.45818533166652725,0.5016671886790198,0.7789728116392957,0.40532845246771826,0.5487897384371045,0.5456631150636504,0.8423746191757634,0.3739041227623636,0.1555348307269025,0
0.16284384146479985,0.27501888888226367,-0.07513982163145724,-0.20667743696796972,0.33629398309143615,0.5113175867676658,0.8386126133564491,0.5466439616433102,0.3810156033255776,-0.12000150169035384,2
0.7980143521019869,0.12175043949594211,0.36379513393206064,0.49443083725180115,0.1504649613445901,0.6433115496212135,1.0263707521390362,0.19894235918081946,0.6946742352961579,1.0469844627770386,2
0.41128470510448967,0.26647697929617437,0.9199806443072377,-0.8612969278756857,0.21000194871753874,-0.598318740698216,0.5729878959198811,0.6444743666758533,-0.08979281436132569,0.20681609215578667,2
0.4538467281370383,0.6967261106893456,0.37542147873665116,0.687219637929147,0.8194824176458807,0.012952181620171005,0.11427719917047674,0.19516661012914482,0.4009195607455727,0.9055368195817115,1
0.2655304354655867,0.9181808078851943,0.13470780701314486,0.35525907870247425,0.6248901198530387,0.642838792998289,0.8616460023883616,0.15933620874820287,0.7450612706719835,0.8220125924696808,2
0.13227980592647048,0.3831870195575031,0.33137145071980695,-0.022576347121405993,0.39244654473974805,0.8366034869981037,0.07784224011530279,0.2938835886548034,1.0034079828111646,0.4744377689803223,2
0.3263729621502395,0.1803202893703464,0.28169931893975475,0.6832963561414525,0.48504265346789427,0.6922779163379411,0.7254004409884978,0.2861563157302861,0.8292528503759554,0.6250498395147216,0
0.935682076535378,0.6658180303690654,0.21042223489421832,0.5651560323118977,0.5493940809745074,0.897565918033497,0.839623122877205,-0.004757664616477891,0.5619057380183383,0.49647315349202104,1
0.4952823987282299,0.3647646396188791,0.8242550100533891,0.65152390904093,0.925608770591652,0.3887063516256269,0.8841599872233571,0.7271736655048702,0.4711984769744854,0.3681236009019143,0
0.05821484267578517,0.14767677165489157,0.7549279613179106,0.3174676744568387,0.014771613652356429,0.24616476069902143,0.6360348966981246,0.3881492169119384,0.3243324207002744,0.47484078951550523,1
0.3429160729020051,0.4063687678306143,0.35096131378246975,0.6989712671708987,0.17049636177819147,0.3863878531873601,0.503681519910659,0.08019597443785594,0.9510162491631848,0.18408139868630277,2
0.3568450048740738,-0.1972633198540557,-0.3190839354531895,-0.49361864547283807,0.523802462753433,0.5481234750549666,0.6037066345369322,0.4059785378741767,0.18167566030752444,0.15061160272320823,2
0.8858084440865517,0.7321317093903628,0.5042253778600663,0.16263499939816567,0.8340655565638533,0.849840716369999,0.6688526525004922,-0.019692366076580703,0.3217413563158254,1.0037489963899249,3
0.7987332301993959,0.7033407122764074,0.320759281041261,1.1201065599859703,0.45652249471379247,0.7331371428764939,0.8536714294377958,0.3256207268774316,0.7844186923852826,0.12065445584122722,2
0.4802516912519802,0.011158796304922142,0.1963492147446279,0.9677691715800827,0.6490127709866177,0.745229923363473,0.9908825610749517,0.8714709667359075,0.28213927775587866,0.7856276111537045,1
0.49664964121680955,0.7600521087088215,0.9170716611340424,0.26225511599074325,0.9446856415651311,0.3835651717386462,0.7511002892039784,0.7511201537443466,0.5149974136888789,0.6956618134872018,1
0.8508600900955181,0.5843545004970686,0.7249695760914123,0.2586177064194225,0.14102110674702603,0.8056465917214245,0.9647690569571794,0.6666785158354568,0.3873275755634902,0.7681452305894128,1
0.012642397873001764,0.24709769898374306,0.7118119089103052,0.006724527066083914,0.05405218285346943,0.2751163953204844,0.11855978607554309,0.8810923081471504,0.47085722201869457,0.30954616894143167,1
0.020091471671013703,0.14062059889405423,0.7395322330780301,0.32356471583258484,0.05120006323668126,0.26920648633915206,0.6270491280677893,0.422211469034057,0.2912352477475304,0.4725876340429803,1
1.750575532152213,-0.10559407614493688,-0.553794186496979,1.1845833531387757,1.3022228626642263,1.057023401372511,-0.026305580524016214,0.3925809310396553,0.5782119506888254,0.10677416197988113,2
0.3075136407734637,0.8702866402590395,0.9792000859053845,0.5784143499049756,0.02912728426392404,0.217032755894647,0.21249855896699635,0.7970205893851273,0.07884393849192152,0.28592585065528053,2
1.0139322489271718,0.523812555493525,0.3415675111966206,0.7003657191822401,0.49682714950637186,0.7802577751820822,0.7757533754269508,0.322271998328845,1.0561570366097406,0.4491616575278429,2
-0.11456591353419043,0.7512658620675554,0.6966960673358451,0.797221242454571,0.39655061028496685,0.32669468523806916,0.5698230583648516,0.5732299336538016,0.42626563773108667,0.033774609762386776,0
0.6027096697187996,0.6483042908903396,0.8694765439989103,0.3989196818424125,0.6270295779026837,0.7510490101956012,0.9398179028447685,0.14698544029239746,0.20651613246482442,0.33649602582058186,3
0.6204999719500033,0.2476556462644807,0.16037186481834312,0.7711037494827553,0.21446697437455817,0.5152537337917171,0.5632175765222,0.7579420243066761,0.7683095589568073,0.2185155913261983,2
0.9714446189622102,0.2686088392787575,0.5136532300899191,1.1392588208510688,0.3200185479868563,0.5493403736374586,0.5194114593317309,0.7048073522037664,0.603338207499871,0.5551236816013183,2
0.6475817787228894,0.8719175077337795,0.2211380776340489,0.15998034417969126,0.7206448663242312,0.47225150085678913,0.11157605780767339,0.46518204785589284,0.05442785177362522,0.23335541411846641,2
0.3791300522833009,0.41552386271044606,0.9080221413007039,0.6847223517221843,0.4579073171909551,0.7406748143035037,0.1953979974488355,0.7018805056215148,0.8419515481268622,0.381194304067002,1
0.3729724475693849,0.3657867749705278,0.7567788221943115,0.6955181753737996,0.9708209152544776,0.41345038464393363,0.8816683684275306,0.8243282825650371,0.5079956948731388,0.399990311429383,0
0.6110038591066315,0.26121179356082747,0.8079778044832262,0.6540442136772967,0.5621386745928618,0.547847110884424,-0.06770534130773492,0.4339936258499803,0.3443884966425982,0.8567047353252231,2
-0.029703823556564257,0.555317890738586,0.6463627646067603,0.18430216650052667,0.4467965940330616,0.7706585003123104,0.51598163949062,0.5888333622380505,0.5374925176942891,-0.22743983960002362,0
0.8343205721112453,0.36350668779230355,0.08145875574198713,0.753112165613776,-0.14143475763000557,1.317795943393244,-0.10773192094895484,0.330368515245905,0.13349102481355396,0.42507262112540634,3
0.4660064789918681,-0.046778712943761416,0.23637240396779619,0.7480646436245396,0.44503300415263647,0.6499262666418517,0.9463516644444154,1.0033595460511775,0.42998524682145234,0.9385512992858371,1
0.36038628753536117,0.7156128685448517,0.4026561245442287,0.6964887857788876,0.6122128896968119,0.14714839217289166,0.4474214479656896,1.047631172168524,1.0615907292135491,0.36417920317036784,1
0.36928176569020565,0.8403968327620902,0.8863021775247377,0.14388082362137888,1.0043454057219399,0.33102004750872965,0.6220876016796726,0.786471087408881,0.5469704745862088,0.7850251938401508,1
0.1818892823119369,0.07372085663966275,0.03930409649277119,0.07036624266467315,0.6553453418202374,0.15485587399026918,0.5211357535724019,0.4892587729520132,0.21105904787105484,0.19627219890465836,2
0.4822904408381824,1.0902219998261764,0.23600210874741656,0.7067203656030844,0.6858788446165511,0.6015567633008274,1.0428326901554337,0.12808173171074497,0.7576735777354474,1.0567027090008052,2
1.002185467915375,-0.170667618790445,-0.04946986983439644,-0.33275700776829253,0.20417685424554666,0.9281567067006705,1.2976643384116795,0.13390284371608052,-0.2590681881749888,0.9428764073966023,1
0.07891271418099488,0.6011158683305938,0.4456994064673566,0.001133713506306866,0.9401794655829641,0.7459993639912937,0.5095603436753616,0.5837470012661273,0.3756036819520181,0.049679933611307056,3
0.9235548483913286,0.5886973815256378,0.2202419218002239,0.7612125529954412,0.8624030066866328,0.6841201931052922,0.7555621082570654,0.17558572396897115,0.7171160782681172,0.905830409788726,3
0.09898644860454822,0.14982179733717912,0.800289806074579,0.31045351689205786,-0.030896437119569048,0.36641387194232916,0.6245572055433862,0.34699266491548575,0.21436243827724596,0.40838376590492925,1
0.9034410960611909,1.1209549684001154,0.2849472414202863,-0.10513399252915187,0.803240707540201,-0.04547844350791884,0.4176186371902282,0.6697283392569581,0.4805255070020827,0.2500514832834312,2
0.7044751864423241,0.267949492497789,0.10048209849787755,0.7943407360360369,0.4245454660824384,0.90633819797417,0.9737146733835575,1.0754502953294929,0.40957177183713206,0.6757676583732533,1
0.12677474882162282,0.5654628675144935,0.4819259789551761,0.05058903797808125,0.9756067883479849,0.721659694840927,0.48238624419303494,0.5204791118605471,0.41304847143419265,0.061917916554489034,3
0.05863063430373067,0.17766558189394224,0.32786099546135355,0.7100967032915981,0.4678033938646912,0.8303728337655603,0.8501006844945374,0.35809165062845844,0.6764899896293263,0.4893173692217794,1
0.8650140283874288,0.6909359513888085,0.8559346102865858,0.5508684382624942,0.7759870191323524,0.535856147285382,0.48515687674192737,0.022892133726271913,0.4877321939273227,0.3924638737713917,1
-0.238531144613837,0.3658014820287097,0.7674137770534302,0.8536368191557938,0.3706556143059899,0.7609862899238516,0.7356112806134725,0.9769922532603674,0.3348687196604512,0.19532798439343904,0
0.08919317191403156,0.6305919874956326,0.417891693776138,-0.32593643281633283,0.10010170316152002,1.1655150942726542,0.23977520736673918,0.29760949623010974,0.9543403790730307,0.8156119620320528,3
0.5712206022733799,0.23745549734742136,0.48567097724271996,0.5237099521984346,0.8860211274197987,0.6649082678963408,0.6294100557546285,0.6155673337442408,0.3475105466219335,-0.07401148853756828,2
-0.200177866386831,0.24242286634460306,0.20248057368219216,0.6519002716645201,0.3301894139320912,0.6432134947184613,0.23651259955023118,0.24846500643544836,0.6835434476173681,-0.1315550481706893,2
0.20504613986075843,0.37115443353584354,0.36068576690829,-0.148133415421157,1.0780225535234111,0.6816005933537562,0.6128054468527995,0.5324635138730834,0.5901025550683505,0.14082497951365563,3
0.9267177956775742,0.5913305530314856,0.7714196752445248,0.0917033588477611,0.5166449680547616,0.5987750796722965,0.39255833356330805,0.1735590240858628,0.8500849438629425,0.9926310836644469,3
0.6167145556527662,-0.01734345597316339,0.47164073371812176,0.10391613332770047,0.5404600232087804,0.2831194781072847,0.6722338794690182,0.8309182671593855,0.45163840260115956,0.44461778379050254,1
0.9504518030871223,0.5384752415674648,0.2297476500547798,0.36203106643571364,1.000954036667958,0.3617072831141408,0.11191128508584255,0.1401720360537541,-0.030945410089139924,0.17727597204063802,2
0.3311505350536179,0.4204220489120682,0.34321526246012746,0.6958432550332515,0.16984315146370155,0.3962269660215881,0.5059409985231591,0.081489047241252,0.9573960817349164,0.18246920696164695,2
0.35085658190116176,0.07699819142094685,0.18767990871528897,1.0889931523148604,0.5571015037090111,0.6200348309513635,1.0830130702802527,1.0870648082049712,0.2275255283768297,0.6539586544080724,1
0.8681186396808902,0.7066867316356582,0.10872204375625759,0.8753046320771922,0.43049311940355933,0.8845805732377894,0.6747343889671166,0.12741292324380982,0.8061694188931969,0.3604113005248837,1
0.04673750758709783,0.08160337598480985,0.7428601245781177,0.29354115266192254,0.09901509173917764,0.25567390274719864,0.6210384800498837,0.42811743522202683,0.2950573028848242,0.4684236528690027,1
0.35363503354541537,0.2641111115135753,0.19507585319777965,-0.021821278037950836,0.39194048540889775,0.4544442697463918,0.2726816722668899,0.1534104553865949,1.0090077252899996,0.9804998631401243,2
0.1079308635272388,0.35496961452514325,0.23598104699124692,0.12107009450792605,0.4704274056949954,0.3052474669614846,0.12040909081768858,0.3005040368171708,0.9419099727783999,0.7450940738981586,2
0.4596129208385581,0.6344770197249895,0.3857192181932925,0.1902919266019943,0.5520158255099022,0.29570113842454293,0.19872975685374134,0.48255438859255945,0.8269235890695531,-0.025487097895472252,2
0.3809667384598449,0.48148263257838564,0.34178780655452423,0.4765431581249418,0.7613199156312341,0.12661726496567538,0.6238851698127071,0.4586278287961676,0.8061320015117793,0.7034005558316098,1
0.8895854557134998,0.6065772994250771,0.5933243102468079,0.40851387272532913,0.2538773438667938,0.6189884113100601,1.1382166898027564,0.8275984159567715,0.2511184599774574,0.6882089497718876,1
1.0080742037809596,0.6595801602760013,0.17458434237699894,0.8171321787353658,0.31310261415131335,1.1910124238751443,0.5250678611794506,0.3437873875061017,0.6267518437714901,0.22003222551420634,1
0.8615823267259319,0.4663264413711091,0.7022857272512301,0.08470195462799762,0.5982583793731134,0.5806206665024007,0.33108314352518503,0.13996185326236485,0.823893406408279,1.0904955229932813,3
0.5082296723352568,0.8281319763534587,0.32807232535858344,0.5067052391010971,0.7881134234972874,0.1551631238926083,0.02906352430349078,0.22144388138011162,0.5450085908392354,0.91147829792057,1
0.5549335569543541,0.8585780363741273,0.32547635589011,0.1709261024243916,0.7485039307529031,0.4623698972829971,0.009120327525828115,0.38494737683516933,0.13012685478793723,0.3409598108046169,2
0.9380263414130843,0.5321354479232364,0.729090024126682,0.0469114291669014,0.5822679708058444,0.6621202113203872,0.41234832406148675,0.15810451739807196,0.841304833923819,0.9340780757436026,3
0.6609297405804426,0.7034347915634909,0.7899487235396654,0.4232818000486162,0.6475087619133145,0.6396679630042074,0.8595121755835977,0.09358158027546853,0.20876679976807044,0.31915033512311874,3
1.0882138714886063,0.5944632729768043,0.3362073159227353,0.9949382388706717,0.1872677742375071,0.6859920211675612,0.9702861020071533,0.6435069524499273,1.0751973494005145,0.3597650405295028,2
0.9706928989593205,0.12716656293855008,0.5922185008323221,0.6346195981717953,0.5646739689544981,-0.046678835430684684,-0.12795135913681127,0.3656586532024122,0.4230344428579114,0.6337416596301492,2
0.7233597460673725,0.34152444795407655,0.23521273387627617,0.01200024740734662,0.456242250261668,0.15865088860757037,0.49489923262660424,0.9370000206921661,0.33322246576123077,0.45424485773401735,1
0.4574443250006448,1.0466345871151626,0.08261941994055463,-0.0005253423246160821,0.9234081133763271,0.0484141337884903,0.10465814661442441,0.2140875358716289,0.47403430198607543,0.12421645335599522,2
0.34458625316552,0.546027810631659,0.2018615083785253,0.7399594826938145,0.644465299492401,0.6051615695457842,0.5416630672505053,0.4667219311950117,0.5528819843061941,1.1369256022649994,0
0.18891857389715105,0.9255538857175296,0.708188586273315,0.25297679479559887,0.4329915429565463,1.1683340068462646,0.9492105265193272,0.8475831783274408,0.49643698257289137,0.1427074117403686,1
0.5903409641943332,0.7746723023664285,0.06779086154942317,0.1517298280718315,0.8546406846120425,0.33112128376328176,0.08238744581446175,0.2172601089843334,0.6330104835282913,0.21808542322798616,2
0.9411237484109511,0.5795608793861471,0.7643097115166881,0.0735970961646682,0.5436028052455874,0.6254868796421725,0.3764686219054815,0.1926829032349369,0.8138845812346406,0.9715137780395183,3
0.04344100813804539,0.1267852551006293,0.7712504840197282,0.3105157429532231,0.06889721087674253,0.27927630928961783,0.6486219839470904,0.4115493134492619,0.31977195982837836,0.4518180837218182,1
0.6082971303695542,0.8499289730824227,0.039242960300598144,0.12650560076602846,0.3792436569270293,0.32232979636818176,0.1822325761757237,0.44573354988680236,0.08878741193581441,0.9669477494852101,1
1.2873127451583006,0.6778370113644885,0.5688411858613269,0.5056588134369121,1.251918958055021,0.265838219203466,0.7761727616783562,0.9951831975229696,0.9332913644623568,-0.03802162112914276,1
0.6662687687861566,0.8341757664148943,0.2595485848032116,0.20953043256386417,0.7298936255362195,0.4445863067682123,0.06904945178044197,0.3831670118151329,0.03990163112249912,0.23300028040156132,2
0.38703161797155816,1.0733144029613209,0.3020893640587622,0.21831037856925783,0.7746535164840676,0.09568580253721778,0.06270133621275523,0.2695813874056052,0.784904931663371,-0.058329343353202695,2
-0.00029461333922845695,0.1339701657049178,0.8112917408417482,0.2755915776103632,0.09221409714767076,0.22705291466807678,0.669666569012559,0.4099082483093991,0.35846825085237005,0.4593823460565654,1
0.7293819176858282,0.5024562508369923,0.05240078553437713,0.03782552016644375,0.3472806690775248,-0.10333228831698021,0.7275069411487358,0.705388171612837,0.4206272782831152,0.585464154340178,1
0.3542301104474883,1.0249459312362361,0.07861662066335606,0.45739452746699055,0.5336220695602183,0.7969072072028262,1.0498601062532085,0.37747367894601824,0.6293237143880146,0.6890530558447986,2
0.875740906230153,-0.044358157304487444,0.4054325126448599,0.650718908175202,0.34371679777863084,0.361554673074632,0.5845193323463646,0.5753123291288613,-0.014284821200229114,0.6773877959890006,2
0.5442768935707758,0.3103297711802814,0.8027280399306805,1.104172559437663,0.9552687101128765,1.3283306051515484,0.4230159472405277,0.4363872870055293,0.7607017905619698,-0.19592707030383122,1
0.5863528155955191,0.04759551647388251,0.22608983495143006,0.7142623167676573,0.2859752556996116,0.4395297022250837,0.7255833343091834,0.9558183719952389,0.089963114332404,0.6670572619672022,1
0.06565448037888164,0.17350786596212497,0.32433381132044736,0.7097959156243555,0.47505452526638625,0.8379819387733805,0.8477995109150801,0.365212619604173,0.6774322936870985,0.47546333284732645,1
0.28757483401001144,0.39908507085536954,0.9842878712935182,0.6817856977090382,0.43240873651531225,0.71180889939526,0.22267525222403933,0.6768194665438125,0.9950612722245277,0.4706848391166402,1
0.39851283700750667,0.09912441249681218,0.3917219148188878,0.6443802487989383,0.5185307892351849,0.6990795346883111,0.2848028238190833,0.31620368806231214,0.25515791186717385,0.7255915816624309,2
-0.018655899414503352,0.12593286885018398,0.7840811162029584,0.28184627859516986,0.11565869118796715,0.29329181374526486,0.7172261162886713,0.361744558757344,0.2994022524467801,0.4019579551851484,1
0.9234559985124172,0.09366574557116085,0.6392188355370483,0.8597084238509294,0.5301937479414487,0.436067187919248,0.5720235870871231,0.3387047278748412,0.1120864663584292,0.6014706080049399,2
0.6540175995799526,-0.2172394517970822,-0.12945824320084548,0.795398636359848,0.6245087985360579,0.568581811872304,1.1330900240308934,1.092979070055082,0.18735635939187703,0.8880007211790368,1
0.08050761667398702,0.1777543267134504,0.3592236539893948,0.7259610081233719,0.4850985122558506,0.8584708098143197,0.8640148308535388,0.3371948278567582,0.658775720255944,0.4585125245363259,1
0.3569645755899905,0.8383145525236809,0.927364506978048,0.177484862550591,0.9223264439844097,0.44591229839176133,0.697606246494513,0.7073870578423551,0.48624689860235326,0.7213628507756049,1
0.4729698327836114,0.0815670276585179,0.13296328005380967,0.8968034384343102,0.5475964923928545,0.714598221261919,0.8855589488441469,0.9855383059619657,0.3395163857057122,0.8766696092731562,1
0.029205327734712447,0.24849724949099533,0.6949123195438714,0.02249409210940794,0.041822651920367965,0.2725971473456928,0.14096172837328957,0.8737152957886619,0.4674152786107076,0.28841063977773573,1
0.6549511742044969,0.2570095008941368,0.2416686053301837,0.24328488463994824,0.6319992911523872,0.018953941424514432,0.5689505070537836,0.7421615162429677,0.6106758190560231,0.6328580812533438,1
1.2371140100392668,0.24951325596809953,0.23781908487192538,-0.0061985177286938975,0.32524380451049634,0.6967938017325869,1.2686660709474937,0.9111082489140279,-0.19161990448820693,0.794347994790147,2
0.03096099748549131,0.38608296673412545,0.421777561908919,0.7164503613972532,0.3958738513596786,0.5433820841719676,0.5953375579471673,0.9250378001614046,0.42413904740981756,0.21889547144402277,0
0.23040233947854538,-0.027145533725089814,0.022341022480638115,0.019316641432735815,0.6989446804684945,0.23951449210462075,0.4962517499903566,0.40660413891940356,0.1876001367846593,0.18872812075621015,2
0.167270527261145,0.2553870127939269,0.3185482002903739,0.11352260643877535,0.570933203824554,0.4189362644706361,0.181964549658973,0.21761086667923593,0.9080389826323376,0.7443831248798147,2
0.450085572228753,0.2707803076048435,0.49057358378648175,2.028254373855303,0.6243892303462706,1.6926514471520215,1.6693963217938248,0.30087200091222027,0.9109142598299937,1.2755265003720548,2
0.6968400751673943,0.44079982724901945,0.7280657538723057,0.3532942747271416,0.7182556432820981,0.4978536833026643,0.6208619370378945,0.4328455306814319,0.1490072243499837,0.29912316812311707,2
0.363015840753884,0.8182408815105662,1.0071138173502965,0.6282222499450871,0.06762901846578512,0.2141148890148708,0.2766655156790324,0.8205368953263692,0.09155916382782593,0.29930988768635386,2
0.4488347460003702,0.09436395775415218,0.1267446472597598,0.9263294416465513,0.5534230985843023,0.7207211746699153,0.8482841118667396,0.9372123305074123,0.3922549596081748,0.8430671659983108,1
0.5061362799875402,0.16076403539547787,0.48882983157914367,0.8312655593305783,0.39283042883785974,0.6673251512192552,0.2826573525690421,0.16332875963583493,0.40657353907890015,0.8785698154265941,2
-0.03852520439242568,1.1127970717762226,-0.09771610609848236,0.2564637812274329,0.7848386626350405,0.854747161792418,0.956590966990688,0.0971757906169711,0.8949329020048862,1.0009892228167154,2
0.93406608670113,0.5852210351511666,0.7750579581563197,0.08722230464986346,0.5631650151431743,0.6380906033228516,0.38444393714599506,0.16931772382298693,0.8212869501551778,0.950770433951325,3
0.9764321465777767,0.5633759784233211,0.7351434641682489,0.08264463092051806,0.5113731287069212,0.619026504636947,0.36212574856447016,0.23591194292708428,0.8567789027165463,0.9994667688494941,3
0.3858474692701594,0.4382255365931268,0.11878509598271794,0.11093283593942144,0.3784795810936469,0.3165222148587489,0.718504538840318,1.0039055774845795,0.6895208101170593,0.4115785544520195,1
0.4776395790501958,0.8784033056914011,0.6124925623083836,0.48815694810166377,0.9627827298956506,0.35175813238113257,0.7772038796997592,1.0455010515260872,0.6614771091738186,0.9369176756856261,1
0.04984943640061742,0.1706104022556654,0.31835371715473715,0.7273390121901203,0.3673242026399136,0.8408434767709398,0.8260362330840862,0.4366084798378772,0.778112990407331,0.5161202916029933,1
0.014773540805731233,0.7282428505829619,0.06068716607152108,0.8038294190743911,0.016799021060288022,0.38983182111860754,0.6336873518302786,0.032694945368391876,0.9740013708293864,0.4620070984396963,2
0.27423262094555817,0.5936001643472537,0.01774241953833346,-0.005092549117932225,0.05478660673294184,0.7456881603298959,0.7332788860517694,0.17864740725021738,1.0294074040023415,0.8231241556884102,3
0.9320464242189961,0.36082574849812254,0.1315486035260811,0.5099481318477445,0.46180244519745184,-0.043434320669620136,0.4993820101320001,0.41784450121988215,0.3760779569300774,0.6848662251334692,1
0.0849161058790182,0.793565591794183,0.28581562566149993,0.4859325427818217,0.9451015282370933,0.5860645209203584,0.9432472007059596,0.6177753159738909,0.6181909390944776,0.07589477362421944,3
0.7208577234723945,0.6840752292563601,0.5782159122252329,0.3485871740304383,0.04988774567551883,0.873618151347529,0.07836876212600448,0.20938645884962132,0.2376009350897793,0.6466750314177503,3
0.9354674423184053,-0.03382868929980655,0.8660817506361407,0.5983450504003482,0.6776146199042004,0.09535539121317305,0.8549967724668117,0.6152530821886617,0.03244200618640976,0.6636164429040664,2
0.07520354281950499,0.09164012792090157,0.3175799104915453,0.6878843913323331,0.5141221307137873,0.5951891384166578,0.601397200551236,0.4039919180002719,0.9259710100114882,0.7990657826405172,0
0.35903914633301387,0.9136527649183287,0.985700864159897,0.6230207262295152,0.08731541210398926,0.22531658581825645,0.2729720008718009,0.774613152125818,0.1452480335892328,0.23409911371285322,2
1.0683376227945722,0.905889271579642,0.4762036060456967,0.805697432686284,0.5210379254434969,0.7456707927496635,0.9994959344118195,0.9152736685719629,0.22775844286256586,0.2468891254003432,1
-0.12201565680132712,0.666136430634409,0.2434837511770695,0.48582443317153384,0.5770115293699981,0.682477203449638,1.057808319327512,0.901625077885555,0.676417434540824,1.0355274424645584,1
0.1606366078404362,0.2032410968000823,0.0039709316862147626,0.41066631625322897,0.8062457063406816,0.8925455389232945,0.6446421533888441,0.21481372763024867,0.807998103160235,0.8722171177454465,0
0.47854148588058615,0.7557002866267732,0.2421938989584902,0.5186017438781169,0.807997558859318,0.2561682653431377,-0.007113732285838972,0.22681923501934834,0.5688018749222249,0.8551205102637365,1
0.16682652305869997,0.6237336121408492,0.41872089069845625,0.6365068770016507,-0.24432123448025517,0.6908371683790498,0.8042693807630101,-0.11712989504781626,0.7082661988894772,0.422077867253082,2
1.163707898937218,0.2798745148196019,0.5568948011448234,0.28601790673741656,-0.20139189484369774,0.09407816138624873,0.4365363434769406,0.7845481042287262,-0.20079554087116616,0.6197452123412783,1
-0.07069335860854403,-0.2644693159401873,-0.18298839578209464,0.18939022226094304,0.9855770123554294,0.0921007025770973,0.4568183526295725,0.07886816448307077,0.3536783850136967,-0.14111904344031523,2
0.2685771442460064,1.0575144295946415,1.3588678010374802,-0.09519391035220129,0.653208395198274,0.012876831407755585,0.19993438078409306,0.5530883355367844,-0.004510370204429515,0.7785247879863874,0
0.08904749710491115,0.8502803086461443,0.40555271288172706,0.4634307448461279,0.5224088233354293,0.7225041589419781,0.9503763824796009,0.5707479566832974,0.4662621273577892,0.9306127066400852,1
0.4980550378323575,0.7495213791161804,0.1091295723422733,0.610293163232924,0.5777206132323915,0.585878640342879,0.7373682838937259,0.061255655242108215,0.5755969759255873,0.5955303266001629,2
0.28084970268841813,1.3149872756473884,0.672140674042713,1.952794702914939,-0.8896038985003161,-0.4913879830028244,-0.11871123536876294,1.8154930463903916,0.5194500268393777,-0.10770560717483191,2
0.7536452158119884,0.3344943233494728,0.7009786856438271,0.3327887096769552,0.7268649422498519,0.6026905118225939,0.6535517744119997,0.3519767672494521,0.13509159519998276,0.24331207406990685,2
0.3176583923150138,0.8616580273677212,0.9464744575074105,0.6254070904363849,0.10545272842022169,0.2099705093239373,0.21501572096650026,0.7757006271821587,0.1270500594063533,0.29675084624241155,2
0.8780293830630543,0.5597606808709313,0.31491123737733984,0.7309678865968653,0.7765505378173297,0.7507560069495874,0.6871260505876527,0.11244026859848241,0.7789422697676324,0.9197662159420528,3
1.1141786730177676,0.33762646318120315,0.9900978782228542,0.6224399194055827,0.406219519023026,0.3629339245106129,1.4159345891560677,0.6795345253371905,0.5390297773727383,0.9288767616927819,1
0.7288173966474063,0.2738408454407616,0.2989104962807991,0.006151408993516239,0.2215960808698138,0.8555022553738076,1.077343676816151,0.01603919109190055,1.294150543576715,1.2144438897312642,3
0.453837541777812,0.08548392165253851,0.10525328792488736,0.8629800687503792,0.5363133478926331,0.7003983650599578,0.8548232804483323,0.9782912219412659,0.386381722081054,0.8566039266399739,1
0.17690309377049196,0.8882312224074657,0.5098198736429529,0.432608657668684,0.5513820980815951,0.6846615915320534,1.0499619369337374,0.502703185543952,0.567876181024532,1.008356282826318,1
0.30606440911509064,0.2457262544410439,0.8937586983503699,0.7217124779499755,0.35415592798393425,0.9069865965108169,0.024173927827443292,0.6834920711449854,0.9436852797214553,0.5836311909474179,1
0.47072097389691664,0.2699776805092571,0.07076180781397429,0.668071420731777,0.44265715201914635,0.9116134920412967,1.1564876480077,1.2714424761655305,0.6511836323582807,1.1845451754409335,1
0.7626982176674901,0.8824787720567102,0.08284967536365147,0.8743811279064747,0.7077613793815891,0.9654937834591468,0.6197192876155105,0.5491224496649753,0.05496015311503047,0.2787080321934897,1
0.7258960615038037,1.0266206305688537,0.05665687570898954,0.11985564461955424,0.7334407370926261,-0.09054303393553667,0.22244773357134318,0.21941404021132005,0.6584016938700817,0.10776939618800921,2
0.0842298754012294,0.7805319348770337,0.3322233254356768,0.41295744958593344,0.4978620525313462,0.67328085163414,1.035050574707109,0.6418997989707972,0.45418783487070535,0.9786600602527237,1
0.6709127151825034,0.6383567106964523,0.35514257207881916,0.6183020204755154,0.03571541299824878,1.0974959695360305,0.3011677368253407,0.41477494449644325,0.05210227883235846,0.739978991416889,3
0.4556397912902147,1.0365076585479231,0.047301734577661854,0.58558152559401,0.8144939029371139,0.69851683468823,1.3595954504176218,0.046063860962948344,1.1013117971544617,0.7634531469693213,2
0.5002860656583159,0.9368566680144333,0.04018155577320269,0.0017888444922749963,0.7353283387833304,0.06835501059334756,0.24484560145278447,0.5074659510055808,0.6796719927277899,-0.08056932817834997,2
0.879032341819797,0.9713481153170279,-0.16769803942798056,0.2909078753732044,0.9736548750826812,-0.29377397886314377,0.6562586451601737,0.17655049277912985,0.6720193809829932,-0.3736778923313031,2
0.6374911923597102,0.6176231178533556,0.09668859335857177,0.6506717132033581,0.10702808668908087,0.5199548366223221,0.34088817192244264,0.576222152335367,0.2883702304732648,1.054216974137292,2
0.23335293116133035,0.4997684672149677,-0.32460930080851913,0.004488369124014006,0.7091683727601648,0.4251318998851006,0.7535973612491639,-0.10724988033134353,0.014296653532304193,-0.39156651925508357,2
0.7112287439688727,0.6662877770115453,0.7486936854709872,0.4221145948163596,0.6481404994733492,0.7009738926296986,0.7616178977824994,0.14404865096340327,0.2507818030458211,0.22432018742907717,3
0.5829830667036429,0.8704621146337472,0.16910101217077372,0.10863603226949646,0.773026049528821,0.059746243079578966,0.25293804349671584,0.3747677584405668,0.5798887709525201,0.01249971027246585,2
0.8034201159078378,-0.06052071046424279,0.1515817538856043,0.5472970758285529,0.2694140540449925,0.3081065253391448,0.5831678497673263,1.151817420048861,0.37488344472628676,0.8746420256453749,1
0.5390781640154476,0.5817236903563217,-0.03308878890040767,1.3645505032741032,0.640838037491991,0.5503229879973748,0.6967796493533246,0.21618025406611246,0.7643492461720789,0.28486662013882263,2
0.6395515467059676,0.8957000645542066,1.0480509246200884,0.017130431481074376,0.6784523320434684,0.03961527980277213,0.6645124735752349,0.004019055614425282,0.4385424944712943,0.6455296446173275,1
-0.07576934254174186,0.9253412950868116,0.2491512599328846,0.3934682813672831,0.5601076775137546,0.8903215289020621,1.0180984934038422,0.5277378939507825,0.30271988856626875,0.8365452339100234,1
0.8717269061100535,0.541051988296007,0.3213624925141752,0.7337496616774573,0.7960644801951713,0.741313340079723,0.6705977473874173,0.1042981100573515,0.7802591511950777,0.9197141349022199,3
0.9278912218859389,0.5819918219856252,0.6921820341064161,0.29297758562008586,0.16411664524983477,0.7662820550027825,1.0536313872617897,0.7074798722185165,0.4635119203638179,0.7313576460800693,1
0.6988217184697177,0.20643775467262615,0.3284867647446774,1.1570160733057762,0.25882406403576474,0.25119878678528845,0.6483913792708392,0.5458954748188307,0.7281712854621095,0.22102283207121343,2
0.908945293344859,0.17036742869821803,0.5037729834429814,0.5543626004921893,0.5226811716702743,0.04898239045623068,0.02157403572303135,0.27499891205990606,0.4380726407461889,0.6264278830763464,2
0.3100399924318148,0.275365682111173,-0.10993954514615703,-0.06766229770051767,0.8155480092352099,0.5732894875361297,0.5085263976642974,0.5011720994489801,0.1761795662810806,0.42901974787918895,2
0.45576459993558494,0.37948261535625566,0.03933855415549259,0.535607207419348,0.41081762380512565,0.46850843087001154,0.5536944138452679,-0.2569972880206027,1.164307301504797,0.20449706307809304,2
0.5159206290590558,0.3315586546894454,0.26169216471733586,0.9644970247015446,0.25015163462229506,0.38880381270160747,0.4048328544530541,0.5770166670582035,0.6887023859632196,0.20365410870946668,2
0.0873082457654429,0.8377750504524047,0.39531556884061014,0.45904833613280804,0.5024565349925862,0.7348834448155008,0.9611911447360955,0.5430459117521187,0.4684507673388906,0.9070637781432601,1
0.060062633261328345,0.17841721613338352,0.33279760752765314,0.7089177982287692,0.45742873999564326,0.8364269825597387,0.8597688108927106,0.34860757874286885,0.6678830242331582,0.4780775292556971,1
0.7417009695489485,0.38390059222614237,0.47033869440364473,0.639810889306506,0.1148273299226022,0.8739602344591758,1.0451916764648337,0.6783422903214836,1.2265138443527888,0.42462559327714283,2
0.001434659845404078,0.8060842639128526,0.2559722302418216,0.504231768089424,0.8852333621729398,0.6100889843438371,0.963449676179103,0.6641566981811828,0.5873240104813553,0.07251876565504778,3
0.5268477649385779,0.954283552456613,-0.04266294547974753,0.0906643081112802,0.25970240160948654,0.19003644162038938,0.010336169680390112,0.4361755476531026,0.02878295819507018,0.8938486428471653,1
0.6373445316823358,0.3860285025224307,0.6811404360148984,0.4264239625967655,0.3651795098711736,0.2272162334372006,-0.047388762897451725,0.3800586320819741,0.529760150394072,0.46949121847678554,2
0.6531215190649914,0.9019351131819712,0.294309148818979,0.4118029868860498,0.2850775103463421,1.1409455275454223,0.22351303073667453,0.11352835325364544,0.2518948495671065,0.7288725883383653,3
0.1410603248755577,0.10311713720752493,0.13671551577036523,0.03493413175585559,0.882901551573959,0.24299760716868446,0.5862457287465832,0.5685703921242364,0.26618900377270194,0.04322530232121913,2
0.6185581957061969,0.7233186719189456,0.20900255591424904,0.34186593858949665,0.849016160083819,0.19578404116351653,0.1479137720944162,0.3925407193641198,0.5825840919645938,0.12431528190049049,2
0.4373719088036218,0.10224713960899648,0.1406840845068671,0.8461768415095862,0.5103605363525611,0.6796618507107176,0.8264392295535177,0.965035292671397,0.2848322604340997,0.9193165739681697,1
0.3831912964979184,0.43374894883721976,0.43006261694197645,1.26759853284685,-0.058130192040367346,0.7959623017651948,0.30631336473188864,0.6233664052235004,0.1665138469458186,1.1533923116359237,0
0.2923090062481892,0.4056136076715107,0.9900157129258286,0.6398918221946522,0.39371425060321724,0.7331250722415589,0.16558119716263367,0.6423305728651068,0.9438486292563794,0.4017341883969295,1
1.1184822177239764,0.557162179411689,0.9204727061912849,0.3178182941556709,0.04750677036307274,0.849144452577077,0.7520503263269962,0.7749819843952694,0.5366022628422108,0.9400966395077839,1
0.46991116224528956,0.2010169665131904,0.327061951995237,1.0096143679288994,0.08256432897816947,0.3839419780610617,0.4030954745848412,0.6309950164890061,0.6543008972346522,0.17275706525479886,2
0.07338628959775861,0.08063853904377241,0.7245135936290403,0.31877454406644684,0.021689057916674914,0.21466721513931472,0.590830012641877,0.35153374592389247,0.2953037936598715,0.48895299056244684,1
0.48209725426314426,0.6587147117259564,0.6892296361293556,0.5719222144970146,0.2235821701022029,0.594372729102384,0.131413250383859,0.685792502041434,0.5652789318285988,0.1419991174051275,0
0.5577300612328573,-0.0016100154090840924,0.10624147888420754,0.8358925055396532,0.623551749706863,0.7450135395367554,0.9565553243143868,0.9490924910364492,0.2823178370477998,0.9400412729320612,1
0.1765483128906602,0.8149870510554899,0.23700176842722437,0.5886394380791071,0.8949848402204869,0.6894252305188103,1.0351818631783969,0.662720531014099,0.5641482091390091,0.11947466408038701,3
0.9322930650982038,0.8811564360281429,0.5840653602699679,0.45696950297176797,1.0842752381175766,0.3086604537917275,-0.0015670484347044267,0.36743890873544516,-0.13252424545729966,0.23918959653253652,2
0.7189220689317452,0.20601884549997182,0.3108986107446209,0.2194970979327694,0.5515507281396425,0.12654207897734543,0.5778360656132967,0.8570832572475509,0.534478913403904,0.5489910907194824,1
0.32107357546203813,0.8821148341640798,0.9734643894512215,0.5897934170391884,0.05882695223236857,0.24764662914642122,0.2369045980820059,0.78001969759812,0.10649461258819445,0.2699910336785505,2
0.8598200945614205,0.10427545390199651,0.585486845850196,0.7342092258392567,0.4727374934314275,0.3962814614539922,0.6712804186160145,0.5261921544461434,0.10246276177503524,0.634566904436753,2
0.228127648950715,0.9216369242211299,0.04363410840954084,0.4921899281292833,0.6546448843156581,0.7468837423663011,0.9403074443805314,0.2405812923285413,0.7035691668688326,0.7621205730932017,2
0.7844949078842972,0.4667189657693318,0.414473221282033,0.670560073369451,0.8142047215012175,0.8675873070758595,0.7936335314116726,0.19936164471722678,0.7132795457992567,0.8244060534835672,3
0.46235498385144824,0.10811320844947375,0.2635946504142397,0.253698452317763,0.4688552533348489,0.428574690526743,0.9236686364221699,0.4512748692107159,0.446326657280579,1.2099552595691203,2
0.07048180241989782,0.1708184316681754,0.3287743398821011,0.7078091256023931,0.477576711942918,0.826748505775329,0.8484092644970894,0.35867399722039633,0.6659491433907533,0.48500291704335347,1
1.0052148694043743,0.6646185080039938,-0.3095914779545209,0.7627476241028269,-0.04793689408841626,-0.5567389660786839,0.44345885636444415,0.5243942649014837,-0.6272097996612009,0.31919696077001014,1
0.2725062818896607,0.35859723123883236,0.9127612035890178,0.5490672451280363,0.4333302927366992,0.7856708219511658,0.08592287966937322,0.7301103392868622,1.0259255661140747,0.3219849208800051,1
0.6433506936898287,0.9344050690220503,0.18999095415283246,0.052450751325158855,0.8091895558879402,0.007489227287170823,0.29206092453391613,0.4307321537117809,0.6389649554709164,0.06549969025156288,2
0.8768300238801003,1.7944353221765401,0.3771657224740177,-0.16402275711207304,-0.3925284359224954,0.2571356563586974,1.1403119024256227,1.3542957364961188,-0.6381948658033023,0.26104846721289593,3
0.3195790186130237,0.31916787476873415,0.5407814819982147,0.8712807283039604,0.5440084731333527,0.7278621786030526,0.2607656291516911,0.28784326012198813,0.3957778215807846,0.9729266547699047,2
0.053531087439133374,0.7000028587426437,0.5871934873148182,0.5353674863931255,0.6308137175618779,0.5697189667823026,0.8434362910945239,0.5338420684563042,0.6469415838093967,1.0846407022801143,1
0.5064695655888625,0.7195285197788768,0.9033476483143332,0.3826286437079806,0.5092502205794488,0.6411408916810818,0.7747613757612936,0.09886348324054972,0.14347620906961625,0.2604978774286518,3
0.05808487955256117,0.5664114846189026,0.8248456082261845,0.6509828244624974,0.4066917632957495,0.9403395075457454,0.030157701666202436,0.8410978035145891,0.7079223389588485,0.5463801679398577,1
0.27118489613994023,0.9093362198717798,0.9963226938176113,0.6218731049993884,0.003006451198328569,0.19800557825240123,0.26730012075751075,0.7476105975480076,0.14209345606919707,0.3309780237535321,2
0.6989118741083113,0.30316973797798213,0.295848924924159,0.7555978035585555,0.8689182145015437,-0.2731824903741999,0.57328522389504,0.7781780125163732,0.7451269539575384,1.2328059210220381,1
1.091445386625045,0.46503162934898673,0.5386380086893313,0.7800046855306386,0.38655170235231673,0.8578409524562125,0.5274681129917612,0.1987968953181628,0.26023263983507455,0.3207997271052101,3
0.9187943441311235,0.7324051461787626,0.043664697141717904,0.7289300092706167,0.38033493972725163,0.935877535786889,0.7092028268380207,0.07581095317968994,0.7638133283951297,0.37292558193326114,1
0.5958064901021143,0.31246997633396884,0.2076937895422068,0.7750754074713762,0.8470621587373971,0.07908051278273909,0.3938754311613104,0.46384187071501376,0.7008965988980926,0.8551566604163151,2
0.5844508809964419,0.8793983209064933,0.17243712242271506,0.11764288043153756,0.7804576273740186,0.055388209288664156,0.2578421975918464,0.3666839086788213,0.5839951546298565,0.005246931884886901,2
-0.009626312080487587,0.5234686357238366,0.28378904192839516,0.004477245168940797,1.0365766477468443,0.4863026821604426,0.3771431183331463,0.6488453597096439,0.4511145104409919,-0.11089871297255832,3
0.09217209756417451,0.8622559422726708,0.31864779863471787,0.4746331924347762,0.5148448036165799,0.7822268218611556,1.0032482804462455,0.5985415206108524,0.37934031291604753,0.9713197895254624,1
0.5872439938845351,0.8924271076365,-0.005696758887614211,0.04341033700946821,0.3729226454568244,0.3127701562340272,0.1280635656644605,0.4929463282553003,0.16534960239550614,0.9048383381097805,1
0.3268368459266169,0.3971932774556811,0.3913541991771341,0.6733375977214913,0.2195463461823824,0.40545946159316376,0.49274647254196013,0.08322878369971476,0.9337219317584449,0.16058997292380017,2
0.6410301739744597,0.9205843026665596,-0.009601867991295823,0.07822998843787117,0.339344226812942,0.3313509405641665,0.14005564220237574,0.43015251366236446,0.10337422524014239,0.881098533013796,1
0.8878076582398784,0.6078048882315343,0.7988087302845456,0.04533475429341699,0.5695319466485863,0.6735145547258936,0.4277361958677254,0.1394213160048526,0.8440301769186924,0.9498631941870909,3
0.20417149197175194,0.245838014596778,0.3338469338867516,0.7502352061688349,0.4507875780016379,0.8903592676806829,0.9425088868462967,0.44579831325715996,0.5969078692914052,0.6017988297006363,1
0.9848076422266807,0.855714706150688,0.37819326373698353,0.10555305568533951,0.6735978536265906,0.9550683758722781,0.7212252014099253,0.13623962692502584,0.25794130743916904,0.8565894812148742,3
0.5125075172723923,0.46459036318142444,0.7373045774521341,0.9359524948453828,0.3735115266541145,1.03750165751995,0.6666289266056857,0.54068823238966,0.6412027943320331,0.1172827952831634,1
0.6201645889381897,0.34337816943088856,0.7897349432952455,1.016474021925694,0.5148402568596612,0.7580757517846637,0.4633359285487034,0.30899530875134373,0.710690479939895,-0.07287812375689506,1
0.8781856643621909,0.3531531539269806,0.2228969223328837,0.4178513069217984,0.5327347467785285,0.22249712824351162,0.21009296730579713,0.5808788151270122,1.0349216152792229,0.8103758794123508,1
0.12065794362606061,0.7320550490727189,1.2175771536647588,-0.23552251736316243,0.7263728899901232,0.3638627516668199,0.7280875407618479,1.2041752712923555,0.11024337653052219,0.6775063137639845,0
0.7149731159324134,0.4305427050973769,0.75711317595733,0.2763303775262464,0.7301529029756582,0.6013003468466194,0.61191098899771,0.363653023398253,0.16292113205637637,0.25422439330924423,2
0.4985449644343962,0.8247228219948832,0.21876974960908058,0.05594039101974425,0.8489159218892921,0.008615828247988684,0.2637359371526022,0.43374497155316366,0.5179068063107604,-0.08343975968396465,2
0.8043168967493669,1.0843920591108351,1.4279619586279266,0.32283693652006457,0.46410256660016114,1.5593064241962349,1.2642020023348288,1.3480707382233095,0.4880740587861697,0.8126308225044424,1
0.9507480357365211,0.5723419744806604,0.7600940059979854,0.06387142867151852,0.5453987827754377,0.6155280304155906,0.38701448001149047,0.20068250045256533,0.8139548155186966,0.9665901940759747,3
0.04450327589593541,0.11923614718547444,0.7697024557232618,0.30672351435412654,0.06386034462487482,0.26898248564624444,0.640418752634884,0.4092917235177578,0.3113783868284329,0.44954203255977254,1
0.8423143453312456,-0.003534345480901091,0.4169912055147012,0.12550254931654636,-0.12324847158336563,-0.10430678023080081,0.5285384919038838,0.8795221633622078,0.09282196677970786,0.6436291574141646,1
0.11890084660947312,0.8201789269637724,-0.06641027352955386,0.4811188967636101,0.5374210672746133,0.84581465794143,0.9913511040344882,0.1664901613688351,0.7466244022850752,0.6296664517228047,2
0.10408912444181342,0.9577543252753592,-0.06076113254028759,0.5448980377630646,0.776003399950744,0.8922454678913072,1.100164487385846,0.29159752070090617,0.820307712967574,0.7196183817762899,2
-0.026077377170564284,0.09974084346841817,0.14088790553863767,0.5788708177257156,0.6285649670554019,1.012580988068068,0.9440507977703254,0.4406630731356522,0.8202525273290899,0.31470993245914936,1
0.6696303133470215,0.6838132141896571,0.7814757761717532,0.4669542003426058,0.6658708527643933,0.6652167126065556,0.8489176524545036,0.053589876525763185,0.17713419445362588,0.3567267403648656,3
0.12128737752261527,0.052685212178893916,0.3081969569578043,0.7294820885073047,0.5176984351759103,0.5308306391279081,0.8953965780495665,0.5016775988546947,0.7246470245237588,0.7593368117293858,0
0.33055629246834994,0.41688389119792935,0.34746540443502816,0.7228163758319037,0.13829585598415117,0.41936347536898644,0.4899181521292214,0.0969553335359067,0.9189900813036496,0.15252527542961347,2
0.9239702414747838,0.5604391943204635,0.2487123254193627,0.909164839374773,0.28313186181783445,0.6834023349269921,0.6176007966185305,0.31354393552184534,1.0940140270033312,0.46599660544310295,2
0.31342437520564964,0.8739255143305866,0.95432922964863,0.5883976250967435,0.03664625864325534,0.2362073742413101,0.2450376283479741,0.7599045304965281,0.07586026174099302,0.31038224708035633,2
0.8520339257730648,0.9348708636634455,0.05522450801290744,0.799150512206875,0.7347111801823291,0.9564325161082128,0.5343727190157737,0.6442033194387266,0.12080950227743552,0.27421377383928264,1
0.2900540770038003,0.16247608498009575,0.42848349369545824,0.9078323374652731,0.3493763610167359,0.14546315142916488,0.382215482255261,0.5929558299311765,0.4236988581238196,0.2908149606086972,2
0.2280839442941177,1.0001065425858415,0.05888342891958297,0.5505227795406944,0.6553388582410774,0.7532343837998038,0.8523962950906201,0.0011768127243395043,0.8459345853051196,0.5687620848035103,2
0.5670817443919721,0.7942653941330898,0.26410197985212547,0.5435401249955968,0.7834485007923027,0.16683949115932112,0.07207466526907808,0.2116035560945938,0.5013969837034413,0.9088299997080437,1
0.827247298235998,-0.06274383600890257,0.08756167103318983,0.9651729716428864,0.8349437412820376,1.0232122763632023,1.1782353974017359,1.0890873179794505,0.430230585850308,0.6659003984617855,1
0.09443045764853308,0.5782255510130883,0.8545015459944945,0.7262295426189869,0.36531147406333714,0.6815510249402771,0.2666474294329186,0.48565556732942433,0.9415753319760685,0.43669741221422814,1
0.5242510571165476,1.073615573653911,0.2158258897787004,0.396073748649872,1.0817434189728805,0.595757847495961,-0.20799761314932252,0.7617029027285669,0.2996032411947711,0.6270894142529626,2
0.09214746348029332,0.6726474098295371,0.03048502877116972,0.37222276797233966,0.6361781963919882,1.046379249113158,0.8584817515604316,0.27858703272810315,0.7438853771357182,0.8749306266387131,2
0.6976553637905168,1.2764155580113776,0.18912833371380575,0.14110056014796313,1.325217493893206,0.34702550268179666,-0.16097968724555306,0.7175341321536337,0.26770386945274466,0.16547294086730577,2
0.7522344294280685,0.27130609081668167,0.5384216705583064,0.5233878266705168,0.336798613515619,0.20733027845466329,0.16349242114043655,0.32684834634948934,0.4129109222009801,0.669839235369409,2
0.47980825347717404,0.9982034598428086,0.1332034416024777,0.7022824173794789,0.7744702681347436,0.8354585940316613,0.7707219429717981,0.8291654963945858,0.11415204296700468,0.33187653305521236,1
0.23519823811034377,1.0594984867656263,0.07392088146252626,0.5701444360700951,0.5541295041703419,0.757053511129667,1.0204511989087464,0.12450463315773444,0.8298625105431707,0.7111384873417352,2
0.04981138674708223,0.7712214730571506,0.32592088280911197,0.5312863856060367,0.9211955484210529,0.5904960214202915,0.8881093171337185,0.635468393584116,0.6075180989091294,0.042928724738116986,3
0.11133634205512397,0.7292430540639582,-0.1595978827511441,0.4623248924713378,0.7822121987760153,0.7218306399743981,1.1053760762708407,0.12504165332604403,0.7369396620022799,0.7414054912472688,2
0.9732477548759377,0.8515528190615852,0.307642105068187,0.08689305503740422,0.7048487742080427,0.9026917030680993,0.778151649724585,0.08818606840021401,0.23024932548392038,0.8223595606516299,3
0.5317246503669578,0.1447636352643594,-0.3370481678384904,0.03342422134998986,0.5707075775684597,0.3903792986205782,0.7406275706114692,0.3875932672556109,-0.028705270978597597,0.1565965897872436,2
0.01017092960515531,0.15837717780542812,0.16333474371620094,0.8722498728293421,0.388839220515109,0.9561919579292549,0.7654444263954743,0.349234292707788,0.7684318830334383,0.5798403699907749,1
0.38540138350848985,0.3889906662815832,0.3574805457913563,0.7456805633076962,0.2098844175048663,0.37289891839380757,0.47125533511543416,0.10111790950725506,0.9887782406697307,0.19376572202458706,2
0.5208977060863696,0.8256819090111639,0.31644950715910364,0.5147890315557161,0.7956457865136207,0.15994516433718273,0.028732412123080822,0.2109601150320782,0.533580916548974,0.9177215678475538,1
0.6337812787828196,0.6982942133122054,0.5888834091583133,0.4688969689978717,-0.108617444664179,0.3326612000734316,0.5472310958325675,-0.07047549176782741,0.7196078829680538,0.16664257163472912,2
0.9368451122911969,0.6840306390431825,0.7855549242518153,0.17792901580103365,0.14274383696622908,0.8012385698192085,0.9588966569129252,0.7835943163396999,0.37761506727971295,0.7814410796742425,1
0.5063628686679869,0.2588343348033351,0.4391375364121747,1.1875415276287833,0.1545010537537855,0.43349309607810405,0.2853880542778988,0.5128285311911751,0.4613689626831716,0.027905490847488695,2
0.6506915556437467,0.646726497636662,0.2562721351365923,0.2312055340006656,0.6306677793567621,0.25677473972234305,-0.01528671321962688,0.5465012931837929,0.07508431059521167,0.16902563922383146,2
1.1069434937361755,0.3042752896454682,0.9019278063469454,0.46142830210081853,0.47731350061627165,1.107619464799365,0.7138414460533848,0.46217780575269096,0.6459127319367022,1.0628937006193355,1
0.6111131467980608,0.9131104798348858,-0.0059732418504263775,0.07939923022202047,0.3965643736043211,0.31820373968228793,0.1380079915426051,0.46716857645040666,0.15013655681440993,0.9266611089191137,1
-0.29966234111662043,0.5579167933336215,0.5125426357676477,0.984317930846351,0.17382461775050095,0.6046819060333845,0.5732773129345423,0.4322387383347943,0.27097846245909507,0.245349295979454,1
0.5971473758092106,0.4886799574533086,1.000771754778974,0.6613428170938279,0.5601758006810167,0.7942405963950668,0.4765961415063259,0.28114766952138814,0.5883354310792895,0.17688976956129,1
0.8831361707636767,0.5506392774271341,0.3156182311081754,0.7363983030573199,0.7866876462828394,0.7403155219728426,0.6778157252669833,0.11278386739133245,0.7689403011826926,0.9289144695023769,3
0.05645257670072204,0.14625402825231287,0.30618325139638464,0.6943849634993237,0.4441826843661943,0.8636795368816093,0.8480113453896894,0.34550405541023177,0.6557101096720073,0.4848325585430794,1
0.6451226575383197,0.19275251753608474,0.19605382386986378,0.2646738051160515,0.6631593501359656,0.032349424747581255,0.6222362707555446,0.8029156404107648,0.5647256671247092,0.6351529919145636,1
0.5863492021601371,0.9053504514802657,0.028744409095453023,0.05495701354602624,0.40112624134116925,0.3385411930244429,0.18191528498383172,0.4792806894175933,0.10170364636961404,0.9046534770282353,1
0.7431384097565281,0.8909355593957456,0.052446425331626835,0.8626091119184383,0.7380762218110563,0.9432100279864664,0.620497688668282,0.5577250525375114,0.03719299745488838,0.28426757861515634,1
0.6368860169990311,0.7076052106603885,0.7675823907529951,0.44560468511928863,0.640344307612084,0.6535233242543713,0.8598611226738063,0.0695362071134226,0.1899921167839441,0.32831214278170273,3
0.5103676590967825,1.0353916501213378,-0.144603007036741,1.3795625180818347,0.3228483351384074,0.7613024598117358,0.7346252380740123,1.079832472777581,0.9853246829338995,0.1247619832307039,0
0.8349254682440796,0.5959487103810341,0.724153760280365,0.23853268561990965,0.15734190405176574,0.7912814891204434,0.9760506928752574,0.680167496325247,0.4123706334029621,0.7599701776948459,1
0.558670653554605,0.699688789322693,0.444283465359577,0.5001468649986084,0.16635704560553205,0.9990322478221252,0.1400624645448817,0.26118510759648,0.09854325225660077,0.6558222738760779,3
0.4663753516240702,0.6560100163617626,0.7537389465635654,0.5223106676512789,0.21458333169243876,0.5374993550858693,0.1622619790044032,0.7771781373225153,0.5603268060741745,0.1379491839317053,0
0.957086830346057,0.557758420731262,0.32105055866784593,0.8704634498498974,0.31107447461647036,0.7104936551389145,0.8274304519868503,0.4250950646832882,0.9297609565555286,0.2720258341326511,2
0.10260932870242608,0.020741007353480126,0.15269616341069467,0.6021387695056997,0.4759930612087988,0.6880275957351581,0.5305224664790456,0.42242080453771447,1.0078242608571852,0.8403293911821957,0
0.77996199907613,0.32909568829220487,0.2959561873299794,0.1983692381884874,0.5462172233493401,0.14797022379052316,0.7430411789881176,0.6960027368054525,0.5182167210164862,0.6159932444921676,1
0.5843040490293576,0.5947872559112661,0.22973262956883886,0.9509998815656093,0.5395409911575797,0.7127234672571692,0.30042561082328634,0.4251223146944094,0.33698713926078505,0.7493324514130211,3
0.6499036915585819,0.22218827452611048,0.32559872709464294,0.10093933174063766,0.718821001671987,-0.19947146951916117,0.5119686937077177,0.5712398353789329,0.4007047169752976,0.7146834716947322,1
0.5900912975887024,0.7563369409445017,0.4268800588968337,0.4959407462779175,0.1349691165257344,0.988737508684981,0.17603671008386937,0.2772281952521384,0.14434445766912574,0.6497845470793615,3
-0.12134596532562933,0.2685368166841482,0.3731088807988285,0.7283153214112584,0.29440115646008813,0.6734600107685722,0.4632808290849565,0.48986185768826945,0.8827094512384357,0.9909229935357586,0
1.0539680012224455,0.648693287798831,-0.11790994971577745,0.17919299659789908,0.6938490928067612,-0.11414775026863724,0.18374161214459794,0.7841035032062978,0.9877010848811081,0.23132886362645022,1
0.7329249879463898,0.5076080737432201,0.752460028790308,0.393666976846021,0.8104213561734736,0.7467246754956731,1.0350527923257855,-0.03208383618712142,0.1145790054070879,0.4937990270559478,3
1.020352974022223,0.5462665371894828,0.35367902595621126,0.7799282878384414,0.3212871073937356,0.8075465479966015,0.8749714764770194,0.5037526897710779,0.9990147996878278,0.36740811793057643,2
1.1603425197863249,0.19125731511571525,0.3331307999457945,0.8643441952666907,0.22110061766450267,0.7197020656726717,1.1528155325553153,0.3011556195372196,1.3140752275526044,0.42215227136790023,2
0.22854375391358153,0.9273440708692817,0.0684520634332814,0.47343595815277145,0.65139884940423,0.762302253409093,0.9535907870309003,0.21470373616713437,0.7303163452845969,0.7501522374932658,2
0.599755783618221,0.9450688087416976,0.05349725913437023,0.05168035093420968,0.3810304906617607,0.3345802974602049,0.19222225579547458,0.4230788892474949,0.07633412208192655,0.9080667651571394,1
1.2207307346999516,1.2701386828263055,1.2065210650342757,0.915485632149084,-0.5216898265444782,1.645556974442071,-0.06922479185532818,-0.010310771049968193,0.46821443011756747,0.18498182000905183,3
-0.048738576511127285,-0.3089070561579833,0.6401747099748727,1.4585420406741676,0.8272685561490325,0.3154160393663824,-0.12327950527234682,0.8498881095726784,-0.14606226409555478,1.1393216058784736,2
0.7003357035007445,0.4592349180576759,1.0671820961203229,-0.22465646382783255,0.7596141715561067,0.22866281187903442,0.16798164023742723,1.2135710476290782,0.7217181157826134,1.522981696652261,0
0.9093648242639777,0.6021225902126723,0.7245625466098072,0.06991375554329839,0.5425641478083305,0.601798343966336,0.35179422854591663,0.16049299906783454,0.7824478486358157,0.9506420653509233,3
0.8746630665609577,0.5679613736807657,0.29930406444521135,0.7160672502829806,0.7769269072833264,0.7642042381104703,0.6928156148346899,0.11441181991751923,0.7775627668497527,0.9159041853036288,3
-0.05016748911996738,0.3596586131429954,0.4451069120965059,0.03008075669860548,0.28687261305129286,0.21314899367102935,0.33201539435124106,0.24720771705331124,0.7145578638574284,0.8140256988797592,2
0.5777775503520752,0.9225047832000677,-0.014123265024147322,0.05930789894105526,0.36325404294335945,0.32035328791222195,0.15716759749049086,0.5059005014859523,0.10818626476902422,0.9263019463550386,1
0.7548264136933424,0.8898836632938201,0.068363839667643,0.8653159439972646,0.6970535556136924,0.9747043209820355,0.635651724937756,0.5458336439915632,0.06435539367363274,0.29049662258600406,1
-0.003283729322669675,0.1971258656041395,0.24409895484088895,0.674446345712202,0.47479208218999275,0.8621193782949348,0.8587260964493177,0.3328009712930137,0.7008415555104378,0.40730236575032813,1
0.2243650954116321,0.9186788555142741,-0.2092714299065599,0.34113063679500966,0.5113367220692879,0.9420371075796957,0.9470445866807068,0.27839723483877166,0.8178922837761539,0.8972928600591802,2
1.6002722793908206,0.46235988278746887,1.4441165247313843,0.3130356181419649,0.7887881533556329,1.7437136159191324,1.959521555271028,0.002748893970437205,0.49891009585892654,0.22095398313789627,1
0.9592468287017841,1.0324505603600318,0.15893654502612137,0.8827690436226908,0.523343392659618,1.1646400542388988,0.5004943639756013,0.7046165941797521,-0.003166046494890877,0.2591824494407744,1
0.6930517343620471,0.24948714048677983,0.21301189272309629,0.12060589540714325,0.6296463085490807,0.02700321207821184,0.7426099374364233,0.8491595617680779,0.4515744524125098,0.618402720314046,1
0.07905956443750697,0.07699231074287485,0.7101406097149456,0.3627954523660847,0.12349105565255722,0.2094372860238461,0.7103207029637195,0.46602000316752196,0.3344582132620012,0.40442281407020947,1
0.46309977723361667,0.8275734852575117,0.2379312323168789,0.5620540709982947,0.7634167272637628,0.21981870721256902,0.004637622737037068,0.21064153291497004,0.4563124787084117,0.8898292407952084,1
0.2695480772387346,0.3346351686128992,-0.08606265703785781,0.6120280635380584,0.46990720195301117,0.8316725668918605,0.09179892578242504,0.18494038904977644,1.094315793253628,0.46223626410181506,2
0.11309968805185819,0.2022913075075914,0.8686124345789857,0.40014185439928485,0.15616873339758505,0.2807043851252497,0.5444775798513148,0.3151342596498353,0.21934240309952208,0.4881510239055525,1
0.1629795825737064,0.6525935780393639,0.15442792529943655,-0.03221971678347339,-0.015831919127905214,0.5722165175044376,0.6881568495164243,0.48953017659799647,1.1781876114173406,0.6477283583954935,3
-0.11824346662535781,-0.0444899448198984,0.711531559252031,0.19641871260452368,0.03194510055348747,0.4143106797120696,0.7431767348953424,0.5310163419629166,0.3683311910756541,0.5486622467887705,1
0.11242700730358147,0.7427487948947756,0.33759045391882453,0.5249043179332411,0.8641670309444103,0.586522956160628,0.8901913268610404,0.585219990039586,0.61027707387511,0.1360351436993511,3
0.023801930649328007,0.7627872107148921,0.13054074696933532,1.2684127787117718,-0.06294110493518323,0.24584087472750044,-0.45556158620696685,-0.19050762344541883,0.5225519970147965,1.1930231241751246,2
0.7153787948476187,1.3151904674337118,0.8101017474967607,0.31000684713239884,0.16943220898486083,0.39816007215353366,-0.12072473375066711,-0.3286638859116522,-0.364556772166011,1.2097498679540117,3
0.672448721026361,0.03219585146389479,0.7151699700719437,0.7931695938252872,0.31484636693606227,0.5443296543346143,0.7363538799522528,0.43702699080603497,0.3652426425121439,0.32895938718747747,2
0.9341664977262335,0.5732731415527496,0.749006435341739,0.07515603631945815,0.533635890924444,0.6349927061837544,0.3712896920789484,0.1976808666334944,0.828812230905426,0.9798446270242106,3
1.0991909521749965,0.23717565002766952,0.4026761993907296,0.034140529315194915,-0.05886062463282567,0.1392500368073601,0.6116484473222759,0.767371890763191,-0.07540065793015292,0.5934064494972996,1
0.45622379229629695,0.06950856533316853,0.11237396107896494,0.7022110136672954,0.5672216035968498,0.7781434244119481,0.9703380619934538,0.8493643079959334,0.5234126495736098,0.7867804927944733,1
0.496627718885539,0.06113489048449547,0.11946409410039488,0.8678536689894566,0.5228373135792891,0.7145187328150548,0.8775578603792968,1.0000057104004476,0.3273964939521466,0.8711586257293864,1
-0.04199347001120396,0.4897706912875247,0.5757787666872032,0.8592573559045349,0.43289678815499777,0.4457926449371591,0.4981907270245027,0.7967103675170585,0.480523874854026,0.16199913889856887,0
0.5671438778692024,0.019269017636845492,0.1304469200823119,0.93019909853869,0.49016096597432524,0.751688284201987,0.9607364480424543,1.0547524694940564,0.38020176759658014,0.8097375960371377,1
0.20712849884464746,0.48514332845852676,0.21004202603550373,0.7852959390122923,-0.16182210593089957,0.5289309702103525,0.8064187138447535,-0.22879246541154574,0.9283056436715342,0.25382253554639056,2
0.3266407469568978,0.12050556184982861,0.1713425182360624,0.9084065289046444,0.635403579581001,0.8490059645089785,0.7285746364636205,0.9373685516784827,0.256678345118795,1.0501483905516587,1
0.2684002408585356,0.8584875918568945,0.03973207897379011,0.4066905089424024,0.5713716845736734,0.6811825704944385,0.9445512792662394,0.2639932991930598,0.7942716499751541,0.8141948678871472,2
0.3737065957479512,0.009064090198380365,0.20806425179715773,0.7453775640404021,0.30587150452045236,0.6900684943015856,0.5982866167241181,1.1471990255628286,0.5268426480622374,0.7219080479652566,1
0.026623733506712204,0.23264605722572673,0.6935881230802069,0.019188345490573137,0.039082844586116654,0.2816290937656642,0.1297483762712219,0.8738930947864813,0.46281845231543345,0.3003059501082861,1
0.1795410902992377,1.2093908527424881,1.1318785041237123,0.4242813958305319,0.40925502908598776,0.3064732292097143,0.5978682478526627,0.9750146433084671,0.5024250766799514,0.09299730194412319,0
0.6763594427948545,1.0012184434489304,-0.39361309689793966,-0.380100160897607,0.024568109691595202,1.1537094005571569,0.7468508837764135,0.5740116506670213,1.2253568533362373,1.21904870226205,3
0.7010328071691043,0.7314554183859644,0.7372475626218816,0.3548741054066728,0.6568140953376316,0.7372659345675124,0.8101464568542661,0.1409798391119884,0.22373073062128263,0.31063502076457783,3
-0.06559788424798482,0.06440002487012678,0.26965915936344603,0.8213734665302785,0.19862458088127383,0.8551281174089713,0.21525786522412615,0.4697473007569382,0.835809191555562,0.9758415640909358,0
0.9221874029281444,0.5912673135589208,0.3032947577464858,0.7705537840216552,0.812008190312447,0.7646567104735433,0.6347399902073959,0.13664174824896214,0.721217772021718,0.8759197069438985,3
0.8213500779620158,0.7536546436146869,0.3797218006623582,0.6251994993219743,0.4099766553999966,0.6943536938017629,1.115672743252897,0.23435697313867287,1.175392607565559,0.03339767878572636,2
0.372071139883619,0.7843708881233322,0.01713939416528315,0.32917989298504685,0.8009488449202087,0.6818935711553912,0.9821144631810692,0.24345150137857724,0.6001556530639522,0.8464063942952206,2
0.6638726904424457,0.5112280892723098,1.0849688497683427,0.7413605431047995,0.4870218338402551,0.7248665918637424,0.5834037146275479,0.3164643836145429,0.5254268216435967,0.3571378301646826,1
0.3246934300248381,0.6771324459459188,0.9194595596050584,0.027486336382634168,0.5704841401219561,0.3792510683571854,0.3797352008364697,0.7907358567546052,0.20774288677478772,1.0001496351158226,0
0.04913997174206779,0.7890132281258485,0.2960379800506781,0.5139856728492744,0.9088283476504391,0.5877892750090137,0.9163197507768073,0.6528294330678137,0.6342148214810681,0.07217953280678926,3
0.39572787626409683,0.6672141659030781,0.7870417564543889,0.6205792776922936,0.20007628154412646,0.559306217099772,0.11436764523434181,0.7053427887353138,0.5101526508570632,0.20259355936106846,0
0.30904501966641096,0.42038228952008005,0.987657001138147,0.6216010717095298,0.3769723131236885,0.7317224735145422,0.16574269493660515,0.6569258073030377,0.9445872992200451,0.42979377538947955,1
0.44489449871148196,0.4503297298118366,0.7740917352531484,0.8053021607678028,0.5688801237955784,0.6565157522253589,0.28536416759765776,0.32751217182526327,0.8869987569331274,0.7086503861635411,1
0.7369875456174477,0.58916833306954,0.7228043465063803,0.12054408223008392,0.7566663990245834,0.32170885199656385,0.6723064688483281,0.5505797110436899,0.3181161777260708,0.4132504631716738,2
0.23259130831979372,0.854095932069551,0.9635436823900367,0.15647003759371672,0.8058926729612719,0.31364928421507254,0.6685285162734318,0.7240894473385249,0.5772711905958032,0.7767524936004766,1
0.892064500796522,0.5351928049452569,0.6916479504134779,0.17591130341857686,0.5160220042123598,0.5903575647052098,0.3688442250415348,0.23223926886900967,0.7670268881879636,0.9870594325072479,3
0.8742425504905567,0.6140743328337298,0.2952730503620911,0.9070937419235074,0.23531238155784595,0.7016432724936349,0.8048483051989942,0.4489241185521714,1.0739021905273725,0.3984561426301141,2
-0.02109622214839843,0.3942369117674502,0.5316562773638575,0.17054085675112812,1.0743720174208347,0.6969487142468501,0.5691432270460303,0.4360187842995101,0.4344219586729275,0.14321445068585967,3
-0.014870662103677296,0.843031034259538,0.34882358023152094,0.5432456354115808,0.9503172795784819,0.6268363138448387,0.8601023466717043,0.7071148375576922,0.6125615806346554,0.03517234502761435,3
0.2134695767655159,0.36621295596065767,0.24778018555586961,0.8581182279864106,0.3584007013690819,0.9350083699531497,0.917758585038219,0.2463373027281937,0.5723552133359548,0.588625488260023,1
0.7172991060719333,0.8745211537362712,0.05477131080753198,0.07826618385905232,0.44437927934848087,0.35992803175245425,0.17412309765383538,0.4655419708380412,0.23687575102106445,1.1128196278257994,1
0.777112825314593,0.6377464699564449,0.4179445599246881,0.7643408088031403,0.7640846287552328,0.679598715395947,0.6299421327507622,0.10161423719221627,0.7749100973690018,0.9427646599352486,3
0.9760877664005575,0.6566369498047845,0.7644824654475003,0.04502043557535047,0.5328054948370137,0.637288734280121,0.36483584726641494,0.1891336848033383,0.8872062985877085,0.964084115261124,3
0.5128768925317312,0.9029827279440839,0.23512098952997623,0.11328709810154583,0.8351529545236955,0.12100912493365605,0.23729958565708856,0.4152434229000065,0.6269987888550534,-0.04909219366523318,2
0.029213989127408906,0.23297784983437558,0.6817584750966925,0.02329125886170961,0.03501718909038074,0.26494158358141817,0.13079818950321526,0.8814522397564697,0.4777540932860146,0.3115594721068608,1
0.8722207781754016,0.6740377566651955,0.126262099299655,0.8110416233527256,0.3643853207395958,0.9875712673015032,0.69119001666649,0.14996920182105902,0.8107178328022793,0.3366897916557753,1
0.4929364512789113,0.7852746025258027,0.5735755362933177,0.1602806306146121,0.48356128161272977,-0.01259264187771407,0.42540551355199535,0.2890387641482388,1.0105124947007003,0.35277343050799703,2
0.40121820744947284,0.918436324551473,0.968859333334355,0.6723122347337875,0.09325369004735423,0.16199267161146597,0.2232399862568774,0.6999526159418868,0.05410670115614499,0.20955266834516365,2
0.92368119863608,0.11490112053287538,-0.5584299284022499,0.891140178686874,0.01530333982553364,0.504377369106182,0.09380223913963465,0.12336167387505256,-0.555153970402702,-0.054160736294421086,3
0.06426604944732384,0.49427050182146537,0.7183771530130632,0.8793529344963273,0.6070096720982132,0.6406414091069914,0.05684448047806055,0.5997671702052974,0.8338082491624852,0.47133302163105073,1
0.6222785899316432,0.729371071546276,0.7707562797856771,0.4251950866346731,0.6377381231328364,0.6456626269162636,0.8887302033446731,0.059007984780345385,0.219698025338506,0.3081839049930992,3
0.9051013752728889,-0.16843942506296078,0.14570997842391822,0.09138378340838907,-0.1528871727796858,0.15753170651739173,0.5474169355828914,1.0228847322121535,0.013607360436924967,0.5887719204068049,1
0.34539047613025764,0.43491612184719064,0.3634787219130298,0.7117818478473683,0.1331761873767654,0.43731944603258777,0.48961702409561314,0.12053602893986434,0.9442205391761463,0.21605857707606965,2
0.2364182404736782,0.2665369376739585,0.6402272076547781,0.6645674565660107,0.14313820380446868,0.3868734945940061,0.8726062884073991,0.1289977737600311,1.1679151104207253,0.014257661495665125,2
0.5965638654171145,0.9208617707531274,0.23231793910767723,0.19264746536825067,0.746035832464236,0.1365274244280032,0.33763795378677075,0.44291599701913575,0.6347460549416388,-0.033592735427566627,2
0.7432238652359945,0.8168023935285926,0.08721003132041392,-0.05708143443853095,0.9157700492588062,-0.1145921166627758,0.350405604607945,0.4209186429906693,0.6255403091616216,-0.03971020285302972,2
0.7570875283365451,0.39045567040543866,0.9001981371206288,0.7294533844656415,0.5097526318755127,0.556556049831173,0.10889061605254813,0.7436442763213021,0.845798814388999,0.39776999480241587,3
0.761209586918602,1.21080194449589,-0.05258658968532277,-0.6122339819764164,0.7424293667589066,1.2378761734241779,0.6385560944755957,0.7048535195818484,0.794815647904735,1.5578396430916142,3
0.050652073445176055,0.2250246406382711,0.21693933566790347,0.8067971748993483,0.3551216310881565,0.8494851636590569,0.8763916657009376,0.23695628794625923,0.7104379374985001,0.4854527053587783,1
0.8673304708442955,0.6993605496260101,0.6623745367934245,0.15757924289455355,-0.28793053107819466,1.1535891044172735,0.361025777776023,0.15389433081488402,0.4263381716593037,0.2417696955789801,3
0.6634961663227974,0.899781426678517,0.22255381291409912,0.26706940802786483,0.7881053605576681,0.497283595692981,0.05470482896697322,0.4448553265744793,0.14984724723433626,0.36048068489379925,2
0.306980922755541,0.6868224658802651,0.8954482581163581,0.8381847633025953,0.49573748025667236,0.6798163083919595,0.5184085217634792,0.529616929890466,0.4316204216325089,0.15810322871652965,1
0.22063215030860098,0.9131841413376555,0.17488879106198504,0.19987403677800797,0.1093111150073251,0.885982320918997,0.9029651385178811,0.20705527189514733,1.3031578972282272,0.725703893569031,3
0.2521161910939475,0.3364051261784614,0.9842533721215964,0.7957350148370339,0.5236394419992015,0.6345876391053167,0.19226567307109305,0.6680354910359448,0.7737779184876573,0.5083340873416738,1
0.09676316319447306,-0.0017994961409245024,-0.49956878387606884,0.7646917171077982,1.2959826236750867,0.4458487906084784,0.7731054021975639,0.33782665932856315,0.9359535278914529,0.06278831421355631,2
-0.02357310439126528,0.9791988233701268,0.5893356424224299,0.5323517153568895,0.45056465365650444,0.5260783591683722,0.8865928534528557,0.7317671956756432,0.4376390773510897,1.0437091608222053,1
0.29874581888303564,0.35854618942116845,0.9309391466520243,0.6582001084539995,0.3112451908489874,0.644159368304944,0.0741708321400454,0.7317154412473784,0.891448425618652,0.3610527097026957,1
0.36403665066033775,0.142726405203275,1.248576395765209,0.5799906323971173,0.49202191760901004,0.8546799236482195,-0.08982032565073322,0.6019572784864506,1.2309804123389434,0.6314258879211173,1
0.5368279113029671,0.3908716128955752,0.23627463972832796,0.9925090304562307,0.2366950757732005,0.2956545092790953,0.4346694939963961,0.5453203039562197,0.5910116107601954,0.24568427724263778,2
0.5656268265342983,0.6157063587837821,0.4896822697394644,0.10170523269994669,0.800505116557229,0.49535787011347654,0.3434343771530459,0.34566452616034693,-0.07470196253735976,0.10308112867752048,2
0.4812070626888989,0.04188662050077245,0.21226262979666985,0.8057536283890243,0.6116099395552653,0.6546692232237543,0.7954315697685921,0.9882849628372139,0.36448345594510784,0.8923351952912746,1
0.9651321326064446,0.6096886617393424,0.1206194373230258,0.677585114085909,0.373216999888541,1.0208233086623695,0.6719207536977979,0.018800801316911586,0.9717948918768413,0.4276318802016402,1
0.13292974373504565,0.8662910191915503,0.363276069907424,0.5552005685141039,0.5597758677623824,0.5762062972826438,1.0131027043794696,0.5115598666058919,0.35900283735738997,0.7951200132883616,1
0.6252101910914607,0.7091146369094138,-0.05286267108087872,0.7524700712082928,0.511434781885434,1.0767219445222795,0.9703643000430822,0.20518452167539714,0.9024727555501216,0.2541276989452006,1
0.6785569543412415,0.604221727204416,0.7341854404756358,0.4998637294638558,0.4703386254742328,0.6204588595036996,0.40553399782462063,0.17089004644510106,0.2781662060769151,0.28032936646546114,2
0.8071868188487643,-0.02497674422208311,0.31013015796832455,0.8017646023772292,0.7833795365031226,0.8304561750040398,0.5438004432779725,1.1109229093679747,0.5381861649820272,0.7788631514235664,1
-0.14576982119081655,0.6175583432391971,-0.18277343196409457,0.5544953094202872,0.25858851934026983,0.7617776620267613,1.2355546113335323,0.3184352042232049,0.6539347149329865,0.8446153130959677,2
0.5521435903371856,0.9111936789307282,0.13529345068357934,0.0806362461327911,0.7893713915459492,0.07661463485556691,0.2579285241703564,0.384529722187777,0.5565568303971984,0.02554262349788836,2
0.5189244805752063,0.06580369128445274,0.9526434571462897,0.5335800403283376,0.6685775094961109,0.4823098659045049,0.5334389974268254,0.37361317708994596,1.1318112646714589,0.18061273900225394,1
0.8276711646904144,0.767950139672133,0.48061778515233144,1.0054581295813199,-0.004288515271611781,0.6789419938491397,1.1175054378279015,0.3967846791904608,0.7396187700194075,0.6079576710025429,2
0.5091893902759559,-0.9862730345476922,-0.8791919296548668,0.3117274633495081,0.693754096088589,-0.1749991714477387,1.2248264332346372,0.6136390969953571,-0.5270358313324695,-0.22430040162591058,2
0.28860364046798803,0.8851038552443347,0.9717328987924595,0.6309141362307046,0.022852916629463167,0.22691551175484342,0.2744842945481787,0.8268081966730483,0.0786353310780874,0.25928053840319093,2
0.47878062725541526,0.5942868234653543,0.374152320458809,0.6994594414252242,0.2951238691549918,0.5158222901479896,0.34516902461103216,0.1244929027605225,1.1079595645779303,0.2990002627790245,2
0.5981522782726638,0.17712284661156452,0.12461567137418514,1.0303064161243425,0.12612382032075994,0.15641064316098047,0.4704728676997748,0.37282487326189545,0.9711649322178078,0.21410149720098454,2
0.9545872445360197,0.6551703632580462,0.7641265233997457,0.36900002477927873,0.1381563118499652,0.617806068889592,1.1676067214548016,0.8985086255653041,0.39024737424866335,0.7951589822821306,1
0.531186986117661,0.03445554406042611,0.16274008502700332,0.9597486068267194,0.632724698927573,0.6803261445878287,0.9686017595861548,1.004950828796728,0.4357388029471163,0.8885576315576201,1
0.1827062464487647,0.289973107258846,0.9023526056845922,0.7230586227111241,0.26574196779118503,0.6744807897538191,0.08408686324363777,0.5533994173594771,0.8672995177510969,0.3909207760621727,1
0.4908796979613805,0.33649543073400173,0.18098616126154007,0.168404674633956,0.12079904846336628,0.3975614051125248,0.1509899898431684,0.11627281575920961,1.0537229388102354,0.7447147992251913,2
0.27213615735362756,0.8016348552607779,0.8295826875037918,-0.16397382103193614,0.4487554968883274,0.3425185380816886,0.10475804917844883,0.7714491172314332,0.08100239171338391,0.7366422401926525,0
-0.10687803144398977,0.7103927759984316,0.48505921836087973,0.44497927511207314,0.3742807233210863,0.571396994933235,1.0650787949451554,0.4445664361362806,0.4614413528502391,0.9391448648423306,1
0.7460268631632346,0.37408351649985955,0.2729988672036736,1.0961450998153097,0.34945526968918483,0.16642854814806385,0.17547004086210738,0.4466032172469825,0.5268836888557542,0.42294122267385775,2
0.23768818705747197,0.057229171328148094,0.04059416630920279,0.03924273405508634,0.6963912342754295,0.23311859366644538,0.521583575797119,0.4748659020219715,0.26957034041874295,0.09955749604595289,2
0.8671947575014016,-0.13719437370451026,0.07246911519173332,-0.2569740921217411,0.5296455691358581,0.11230645108563153,0.5111228558184548,-0.5547570580460471,1.659297997838826,1.1194987526949696,3
0.476967794367285,0.4050211057992858,0.9802357954954027,0.7494273685362741,0.4871511250517467,0.9097276740407343,0.3672539824665032,0.30428441524781535,0.7658097984925358,0.18662828608355056,1
0.7892865702428724,0.16872090266659245,0.4651177574805623,0.6870650400238232,0.6192844821118659,0.4449137996823323,1.0345284734759805,1.0451050736032907,0.6831405450778572,0.6369674832507988,1
0.1938894318654722,0.6057082573985648,-0.06462927456547239,0.11169409269789217,0.013666626835002749,0.694528335702652,0.7498144320290239,0.18630510085151203,0.9334012937371031,0.8891147003190744,3
0.7586173355824466,0.7798092697462625,0.9033339529925558,0.4498646031991118,0.3229397842421044,0.8903817664391165,0.9964048748483081,0.8375715717931282,0.3139818661992338,0.8786020486197101,1
0.553402497339214,0.25354789523440335,0.19506269707549836,0.2867871645119454,0.6320574867190426,-0.0979256959102563,0.4584863036771404,0.8621708251498501,0.7132958305743682,0.6834779687732311,1
0.2918533346048775,0.8428561373010176,1.0246916819461116,0.5656113800662047,0.05734644032794014,0.20777977414003035,0.26351774326492167,0.7405724692297024,0.07825855923877087,0.33893951743024264,2
0.7069458923167884,0.8197091629532716,0.2610948063348866,0.16321288455409977,0.7454589013269153,0.38316362542196053,0.0821411236421509,0.4314895651031842,0.019116861251421226,0.30222568765202623,2
0.41047360218022444,0.8482419960054789,0.9962275041451899,0.6619684399308186,0.015952683707455083,0.25604328740795135,0.2040784143394914,0.8194082022278503,0.010654930549414715,0.23059131217780982,2
0.10611735741176193,0.9211929836054987,0.22207789497508468,0.47854045507111886,0.6219340922887298,0.8034732311445268,0.7986228713698691,0.7162394956067554,0.38106836283706164,0.8385934575525924,1
0.707243350404718,0.24020606095092958,0.3806020295156933,1.0640680986208118,0.046431896336748685,0.6021901221825391,0.5379418799668183,0.4380371457213158,0.6990160202244992,0.24003700615929022,2
0.5337466392431716,0.7088561151625492,0.8550718984340377,0.6306527640757189,0.6138580763629157,0.7175417026095019,0.968739799131856,0.042463340053292,0.030662414612629252,0.22346243209463224,3
0.18301679931795042,0.11472313330958933,0.6260230324091971,0.9624344467710728,0.30617061806210555,0.7848467311118985,0.2650914445697484,0.5381128480072479,0.6505329433396818,0.925497240069143,2
0.9917860721956776,0.8666928319111009,0.3554651496580663,0.09760423411543982,0.651061811147911,0.9513327381139818,0.7306651113632681,0.12931984451297743,0.2495680502298052,0.8559229707718192,3
0.8299350582533208,0.5485720388882634,0.24352418066849446,0.8190523121396563,0.5935274692508639,0.8708566228617456,0.5788260646438148,0.17681217886039424,1.1457700088924248,0.21698953656613262,2
0.6106048227882366,0.9130456204243272,0.007519954810985381,0.050778666877971876,0.38044366324625895,0.3233386065105104,0.13424721805392653,0.4934196312870437,0.13826756204167276,0.9151903011087231,1
0.6385104820297206,0.7481480945352355,0.48193902059041266,0.5073597742706752,0.18558055067225632,0.9661236231153831,0.11283319617386131,0.26168400652526885,0.11722262665910782,0.6302137101590347,3
0.5042127489922802,0.4755149699450854,0.17377173095096027,0.1452558461557341,0.11831340001186512,0.9388842301767178,0.7942785913679773,0.40430570038425506,0.9636781612009643,0.7438266369810427,3
0.10045164672334742,0.08743359371374237,0.32219211468834136,0.6963935129022957,0.4977699178717526,0.6044403503304606,0.6227262793544908,0.41162244243158264,0.8975107935191484,0.7846958514160878,0
0.05985310678258889,0.5958730951860101,0.665538254674599,0.7638022942979349,0.36576844283118987,1.038204481480783,0.6116483497554177,0.1602933071619077,0.8727750689168223,-0.2552907478454426,0
0.6017202369363521,0.23259675031000387,0.2935848580883421,0.3154876072968608,0.6515494356376863,0.06594738117963722,0.5447537545995095,0.8386591142044365,0.630078828222753,0.6637568837722199,1
0.6641611838376167,0.9240526903017001,0.06167084828996066,0.9066824262803111,0.6904904689410092,1.047060681241133,0.7180703170987482,0.6287291608885643,-0.013735083616244273,0.3202649254760062,1
0.5619596756917953,0.1517966478682109,0.7877351180073113,0.483525228243547,0.24000363975026395,0.7264631292480573,0.6350853837621364,0.790719723731649,0.5120118810739385,0.1526340635132587,1
0.47874667598618414,0.08860834301670886,0.13208248724627566,0.8965337735990635,0.5411611021448436,0.7320713333884354,0.8428504139787952,1.0041929428002887,0.3510836484431892,0.8469232936974255,1
0.08569830138292107,0.30653310521755106,0.3091089173842587,0.652636070848545,0.33751642177156516,0.8507643366613751,0.8536898209484189,0.28253417733153835,0.8406528871218554,0.6673219052659062,1
0.2805405346025171,0.5058578920987173,0.29997671159691836,0.681959351021361,0.1634621007890692,0.48899016225272735,0.34387395891425193,0.0014620690795304758,1.1200875297535404,0.18780311827565374,2
0.8180044597144981,0.27579501707317294,-0.05492252456958724,1.1230834775856668,0.6757526077972646,0.8017616457584231,0.2881439942990591,1.0384641520702114,-0.3098781278424776,1.4500723261937296,3
0.1422494944994919,0.10862748690927014,0.2912955404282167,0.7617630306312163,0.4750161748029354,0.5745083707138474,0.6011669363964003,0.45522514997678754,0.9380515719350685,0.764289051763187,0
0.3074086062361315,0.4318849045968044,1.0072244028612511,0.6191639457609368,0.3824236210147545,0.7422284496879499,0.18501741799612512,0.6429370675550498,0.9471000475586828,0.4058966628079119,1
0.3025867437070595,0.8444755960573928,0.04301082204747685,0.47579719742385135,0.7137305912980285,0.7623515325194387,1.003281469799104,0.29812315092491753,0.6556210292738132,0.6941876298255372,2
0.8957138823662287,0.5778989254795708,0.32494073411628666,0.7284199721540824,0.7728347794171629,0.7559391118582341,0.6518176663598708,0.07895013869715191,0.8030474386248804,0.9399678025822632,3
0.03145564469664134,0.23679206194583674,0.6997046007576265,0.017839359566723664,0.04277194693172983,0.28032239791088126,0.12969121332043532,0.8689711501038745,0.465245436276769,0.29628558960341983,1
0.06287307988564264,0.17386375700941273,0.3202775613177686,0.7217156842032909,0.47826806717466613,0.8426066791246904,0.857618225468098,0.3666624775853127,0.6772895521537842,0.4740472861152877,1
0.6209171566662586,0.7289235726501266,0.08320205807171663,0.35132496334100277,0.9285589591450423,0.26744190471646423,0.1571097933819645,0.5538718708181456,-0.10547618474748988,0.209407804399369,2
0.5385004465070697,0.8132458606493841,0.21759242186789696,0.09479679522077208,0.7259518661188689,0.09982777264628166,0.16352290425735388,0.31902062502776835,0.606423106608441,-0.043806841036794414,2
0.25016768606378265,0.3904662747234999,1.210351088037175,0.5967800794092897,0.3083225654581069,0.8001126175810932,0.3668041699652284,0.12903052384104008,0.9020562923702585,0.2750507672107719,1
0.00956367628022474,0.2461161653669897,0.25978883604366576,0.6833106347721459,0.46746555504398474,0.8524674211962193,0.9523891384369844,0.42215136775390294,0.6944757704833167,0.4820472337008924,1
0.7511362091094202,0.9494935920375102,0.42938646967649907,0.03325411358151445,0.8786291690761474,0.31266844978050123,0.3281965858895004,0.44752409785323766,0.14509944287097465,0.32320871719787037,2
0.9431254917195572,0.5728721482915443,0.7599645472697877,0.061564934015901476,0.542333493834281,0.624500662076826,0.38579257382907717,0.19299771033501392,0.8063430304965628,0.9629341657925843,3
0.7096817495805681,0.6297522213205103,0.3589873672264419,0.39822618588860453,0.23677263779302096,1.0895082789453028,0.19951718737264518,0.3155292512228829,0.2843340920605062,0.6837833569113605,3
0.2083119078541314,0.08630699465970368,0.36745187552928893,0.9017992255896491,0.3859818437121469,0.6753695176332932,0.7878653077754236,0.40413340433149264,0.8058831514991066,0.5422115947146361,1
0.5846142368928269,0.8917133311526153,0.0179871329925162,0.06356549911920537,0.4083436836016403,0.3067043204680406,0.13220166788011464,0.47855336380075075,0.12034185843928352,0.948594830684003,1
0.7837249164159332,0.4277046414313891,0.8859065344618711,0.7353862904677199,0.4902891859539557,0.5966567704001591,0.07736132311487834,0.7067240330172536,0.8528053405838573,0.3704987560499219,3
0.9486640590017476,0.563501478269672,0.7795308276918068,0.07239313642261887,0.551236175169204,0.6548226491663847,0.41013127337742744,0.17378472933379682,0.8440004924913351,0.944923934842173,3
0.0809977503118336,0.08989329710718479,0.8034055265302258,0.2731089425497019,0.026900118937881537,0.24330033928207695,0.6049146228741518,0.3844566636024633,0.3273618628326853,0.46926820249026385,1
0.13039490084973782,0.9051412046274753,0.4194248159412605,0.5251295766346256,0.5673644239775238,0.7100845051684008,0.9118558681316307,0.6253762845216115,0.47278226915590527,0.9298529004565194,1
0.5799683828004062,0.8852770609744918,0.1594926063509736,0.12581554526698963,0.7930368994529515,0.04422669956434497,0.24118596132985665,0.37886439100485264,0.5980644926177877,0.0023414674634270874,2
0.5891855827712478,0.8794786858314676,0.49927523989601363,1.2065565171619002,0.2475683321826534,0.46267557434396556,1.1012683709633944,0.5096331624916886,0.9641604730913179,0.12504971278671687,2
0.5143645527532797,0.815625908864591,0.24059723185728288,0.1007977234014668,0.8309928469325468,0.09822324392820428,0.18735095080301012,0.3357338762028088,0.6582120852438602,0.019364886221175777,2
0.6118636893929215,0.22041578366392506,0.29880285447728067,0.7571035318016941,0.4720723490875555,0.5030733547029038,0.8154686722926274,1.0522942965672315,0.502427015538475,0.7701234248086022,1
0.7337134705711352,0.6546007430722898,0.8035074226738691,0.39958325796800287,0.6945486836294366,0.6143360178244238,0.9320612476520433,0.11580554859575587,0.23812420349194846,0.42744863100325725,3
0.9298332203778934,0.756139427754737,0.6276330384550535,1.3208262714558614,0.5159102724353252,0.7355921906805782,0.04480635107363712,0.1221864067752867,1.1752718472914605,-0.17174645440446257,2
0.5140723221520256,0.8275814187940148,0.3088750134787061,0.5117140100590645,0.7919424412336321,0.16244732503854822,0.01633668018801524,0.21011782502195855,0.530086222009114,0.9254327486092059,1
0.20933185911835078,0.9756322967411852,0.04879234411315947,0.7656085602844667,0.48129934554153014,0.5673277310762938,0.04574508599691353,0.7404068475782457,-0.2845902840010858,1.0398180575233775,3
0.616185696546389,0.6822253804935182,0.7469359762366087,0.4154113175641545,0.6109871048261877,0.6342030598414756,0.860109581903126,0.08061967577353137,0.2002924609630742,0.33046990076274035,3
0.543393858093837,0.8629437675038716,0.2778210180282235,0.5378817082468098,0.773398720616216,0.14978181883154842,0.011355318931102254,0.1759546069342832,0.5734890735488072,0.9129891467816699,1
0.7603632821097398,0.46214014177981955,0.3250787519729411,-0.08812718108946752,0.24558303367721493,-0.36117653018689383,0.8148465984863438,0.44228979727642803,0.24090087231369994,0.23417342402071262,1
0.5553330473356052,0.09241226153163441,0.09142093314779623,0.8093607853457614,0.5740119760394599,0.7623861776808312,0.8472858908555384,0.9294880079027835,0.32142758982576486,0.899097581136576,1
0.46338131717729836,0.7099900105671401,0.6819224974129886,0.5559257837546403,0.2845925734717224,0.5045574282289714,0.030719987956389166,0.938443855593394,0.41885475039939357,0.16816258242948143,0
0.9579871816333099,0.13180178176110074,0.829057632785904,0.31284162362546136,0.5401363171841485,0.7566426213508153,0.9312742393018574,0.39294819013894133,-0.027183652210683362,-0.027351487708318967,2
-0.026139755483164426,0.08716157170668554,0.31439209060077433,0.6333167938660662,0.5700089058379876,0.7886021317716502,0.8086154678385317,0.44484940836097736,0.7404637696224529,0.38721440150943165,1
0.9693261837104454,0.4876196606028079,0.39177157732478957,0.9755927778445534,0.39910258968692575,0.6798767457468174,0.7727744297543829,0.43704259200654155,0.9466002573117096,0.2778900710312978,2
0.34787536372533473,0.8349719230378897,0.9641559761475726,0.6236794231970315,0.03743959333304192,0.21077679567433294,0.196121605425056,0.7952687478517595,0.07152278496390287,0.2764495001948242,2
0.8016407028166328,0.18668983725099256,0.5971433464544531,0.5436881458928242,0.43111430631568554,0.15924148847510095,0.6898667400284492,0.6674641217113106,-0.07980128499286537,0.4295291653096197,2
0.5440196301991082,0.7713245181944776,-0.027665754520868863,0.10412131127796556,0.6863526786495231,0.21812842550906641,-0.010555555257494853,0.6203413350747278,0.789582582494089,-0.23180187950039496,2
0.6549357326978933,0.006456802045749582,0.13595810004908407,0.9318212333351016,0.5303171446675582,0.7117868707412025,0.9158615866656871,0.9289130124052055,0.1969843645946993,0.9529137267508295,1
0.774540094456258,0.8964891934833932,0.10396752549551566,0.8970710829919948,0.7142240076196077,0.9663853147210572,0.6068586890683373,0.5345081310999593,0.06797630509226466,0.3081429349117256,1
0.6650671882542895,0.8379446500188105,0.24665518894771293,0.33746506757261263,0.5239959349541631,0.25058434843362404,0.5066253556699472,0.5065400914607057,0.4587750563236467,0.044719056404615674,2
0.7285135464142439,0.7599373906051907,0.19629394569033543,0.7979530596859153,0.5195718114701544,0.8064849653525917,0.4553912120103126,0.5792200802718307,0.2401527071467585,0.3589507536739918,1
0.6064296346884648,0.9000607795164517,0.006153361741080372,0.06629997626059715,0.3914365038348277,0.32328530106779874,0.14002487107188913,0.48840684000513407,0.13792473582828743,0.9272601321712897,1
0.0876501132747146,0.0926902917513035,0.30842809895961765,0.6863892951538836,0.5139556842136149,0.6015826784395711,0.6037854572116521,0.3931481151821702,0.9214087986591727,0.8036031785992022,0
0.5907381157222826,0.8815231473243436,-0.004459418967783782,0.0407187595706313,0.39169723130685236,0.305609558008891,0.1171137339966632,0.5238065055674693,0.10955733717013337,0.9611627290608955,1
0.8166415858907794,0.05670485972792878,0.7158527115853729,0.9681832784996961,0.5846086619114773,0.42185206217636617,0.5564949581489371,0.3497595311710444,0.11357858232324347,0.6631725477766587,2
0.5909407570491368,0.7732409898730525,0.38771214198651704,0.5407619129081898,0.19060130750187207,0.9849186060082299,0.1554566187147206,0.2988340173314618,0.1143370414010507,0.674960292662757,3
0.2408320564624845,0.6185230076874062,0.0860070089212003,-0.09714092549576617,0.008333849510153923,0.6294366746611393,0.9027806115904353,0.20700622587772716,0.8349121213234776,0.6692436843235954,3
0.7887045256308682,0.4050837565526196,0.6840834008685414,0.11970872413837946,0.07244466078455108,0.6939635433178543,0.7062962664402572,0.5018051580448218,0.22976352674170483,0.8335414662785838,1
0.5950251278797185,0.9570437878804363,-0.05321568751931588,0.0668902855936909,0.34264598910958577,0.34618490844444405,0.1449172385615915,0.4170637542790374,0.11526678830590008,0.9761224866485342,1
0.5103811465598116,0.5290404955399179,0.34304445804850053,0.8443546860885872,-0.0035412363122016843,0.5464251738789718,0.2887172156027451,-0.09213078806945155,1.042855612021259,0.14231524038329652,2
0.6050437049768626,0.8950914539643872,0.007703893873241038,0.06918925002895954,0.3955456942359223,0.3283289998350548,0.14237121266412647,0.4796003659311089,0.13222099647618957,0.9183355866151235,1
1.2456178707546,0.1086766525332602,0.564280472582191,0.011412058473870251,0.05784618705636853,0.07055130880634529,0.5219800172740472,0.7436069075317133,0.18048459976788936,0.559469150517294,1
0.5200728573616503,0.0822699431318002,0.9468421147243716,0.2072472707695318,0.6237190677427829,0.5073277633195505,0.8689773483570469,0.15471897210947283,0.2132507564390646,0.03228124699697904,2
0.7331615979221215,0.7460426068486709,0.6897303681517193,0.5445109994161925,0.6182618159849554,0.5766007180153917,0.7674831325810051,0.16833820347365364,0.19178032713285645,0.44732521416112747,3
0.11348849780519205,0.3417979494582441,0.22949021484915427,0.024605441772016026,0.45223669626844215,0.2611160889058257,0.14900898810890867,0.30737621348221983,0.8708884182189425,0.832269987844108,2
0.1381150308374648,0.7348730801353048,0.8947269302805251,-0.015450334131052124,0.22438318787418648,0.7756034687966109,0.28166214367631215,0.09348252505760643,-0.0571803247199526,1.0966375807864455,3
0.44531278406471964,0.6307631799280752,0.44829288458175054,0.049720540869061636,0.867723878408793,0.452126162366916,0.07691936805218214,0.5375747782630977,-0.24954047116442785,0.4909210302829926,2
0.33592010751775314,0.3946265999297745,0.9819246413088406,0.6658787697729244,0.4376968132679785,0.7051356890614653,0.14421484972279697,0.7158599430043371,0.9189701535725306,0.4280300263679624,1
0.8513695449620008,0.595108690237381,0.2370836532311269,0.6801776094263562,0.7740842493738586,0.6792537264632422,0.6278217546898133,0.16126143686679312,0.7048942541000851,0.9169125469826551,3
0.8757688501252276,0.38138523461818363,0.5186548621743522,0.4599298542989334,0.29982330614333214,0.1936808679100378,0.15810372199858677,0.3527962489188683,0.3032569191617613,0.5702293591385598,2
0.09056405223558514,0.07702296257396657,0.5329767721917303,0.5839897743305229,0.25091673847856366,0.7555686060405736,0.6863851519086226,0.25184189575149424,0.8867592401233144,0.6124088590826049,1
0.2773110780572843,0.9388072704753699,0.05166069696961017,0.4443944159255782,0.6565633648250755,0.7167308624974902,0.9604741161263494,0.24667907405545975,0.7506929510660458,0.7640933934101881,2
0.616373691744383,0.6285593258620462,0.8441994397888815,0.9691187829099384,0.1901746177931849,0.9772799450595436,0.4588309275362012,0.6023608841314695,0.5451957398369504,0.16440735366768924,1
0.10803375731588646,0.8633942711594567,0.40999671708471036,0.49315666709118666,0.5505227314098177,0.6905834173541533,0.9679350301586122,0.5502803553774102,0.48590392066712573,0.9165207634138844,1
1.0772421399230248,0.33288279779307384,0.7867479533008943,0.6623572810748026,0.41613634226412943,0.6728811575291157,0.7039087685530404,0.593424073196653,-0.029955590785505554,0.3335928388899455,2
0.32552635460160284,0.34775511088214583,0.34264091920270057,0.7348519245741394,0.5782533508491825,0.5366642119016181,0.20139474384335843,0.16732546520023672,0.5375551110889755,0.7777789161203469,2
0.6222558685448999,0.7469288286454593,0.2995000446927194,0.38454467341813414,0.05237368026210651,1.0621091464723058,0.052178082601307046,0.20906414642233,0.2318549894781644,0.6453322998684732,3
0.11085775315403257,0.8365876904000221,0.3724450168461873,0.4350066178894524,0.5091414855487472,0.7319431567955382,0.9315463735258913,0.5551623647886077,0.4587242751920956,0.9247735531796649,1
0.11562722094180278,0.0397018667117861,0.24522157135531078,0.7221836808828621,0.4740950997716973,0.66707918450639,0.5913373145697598,0.4670507516769951,0.8519751454800458,0.7552854352783765,0
0.994510272307007,-0.013976253578706493,-0.07981367007600843,0.8343511584647061,1.1469879747647693,0.18230664818851994,1.0930665059730604,1.2115918138855104,1.229456020604021,0.34114682019782055,1
0.28826355436843265,0.5303389752269738,0.2017697126874641,0.2824220114196433,0.3416118931697365,0.412059720750219,0.006517043665920388,0.16293514048940946,0.8835085388919106,0.8688814712446958,2
0.4695461438313671,0.20103259348834207,0.12722430647164415,1.099735561905317,0.3798239884835366,0.8977896281712328,0.8264099287895947,0.8862528034824949,0.15134725312832212,1.0048195641095343,1
0.6308719553565885,0.08976050260937193,0.5121967402568592,0.7351863376561261,0.25922843355460456,0.5847140820562309,0.9763994491580229,0.28232688463210476,0.7677750008136098,0.8827406060795547,2
0.47903749629307674,0.0750516191699564,0.12751474061937432,0.9014896149631823,0.5267951129895613,0.6990759166513637,0.8988010046781217,0.9810744404647287,0.35013153332822416,0.8934858109159265,1
0.03865333854411632,0.63377890180582,0.36957722455164227,0.04665797180939002,0.6969735172415475,0.09698374794526374,0.33852450086873714,0.33642494115300947,1.0249252267885232,0.9496491144718668,2
0.8518035593627495,0.6680390563877551,0.16535247896236527,0.661361679776328,0.9410132338127176,0.2966317919697645,0.5225050820825596,0.1066539115651477,1.1032061978956322,-0.19229904584624102,0
0.9604042469123618,0.6565432324106005,0.6846716401424787,-0.013133242458079272,0.47007781181798614,0.6173895440919883,0.3938816773373493,0.2765560341020433,0.8885687027822042,0.8959145405849088,3
0.1876119508162587,-0.012246516137599844,0.07843309563237638,0.012880977257194325,0.7295293778085783,0.2684891779630337,0.4506990839739088,0.47441288688552413,0.2464975750522375,0.15382229578884937,2
0.04994394068026718,0.3210515534114532,0.3123826633377793,0.14761650416468647,0.4100152658091464,0.36833231554601686,0.19968034007174706,0.26490803509133215,0.9632330560195129,0.8163117416262378,2
0.5944123533797212,0.5318478384077819,0.9449414759012973,0.43926321955295955,0.3042535896286539,0.5842566001850736,0.3770345274872687,0.7920069846147989,0.6843642792482632,0.07099536178798527,0
0.8705851335227026,0.6224160894029265,0.20813513983086468,0.373597376716139,0.031877761696953,0.338976263267987,-0.06300524907538588,0.2647385920047628,0.03126613698906372,0.9306870067497366,2
0.09675574305431717,0.34495635785850465,0.2685554995323716,0.11195826218686757,0.43638268225470217,0.27912109540116464,0.08540805351675194,0.27496091852169285,0.9807357156530749,0.7066273137403082,2
0.8552551346321482,0.7074206805979592,0.5762799377708987,0.2474084734526804,0.2751216282641397,0.75197739532451,0.888668897698474,0.5864956264885957,0.49574217308809604,0.8801444919677714,1
0.7261734709529021,-0.12797682472572802,0.34506419694846274,0.48748009427374595,0.3110795385601208,1.0613140512968573,0.36542061452680424,0.023678298210678794,0.01304996889216982,0.8317080152042002,2
1.044379223538399,0.6826883073942545,0.660297320927675,0.01669867318196728,0.6149880963523102,0.5164474724425004,0.4042631403704119,0.16193129391937355,0.8804001034450184,1.0351797382255954,3
0.14552905303600955,0.35682051101696616,0.4470736940323672,0.7877185218719065,0.30137846651139377,0.581530436995654,0.4446288505007801,0.7636970763939258,0.3863917146988574,0.23072255464340094,0
-0.05978955793098491,0.14111665113923771,0.3468003183689861,0.7260362334593092,0.5334751868217146,0.821075191763782,0.7530579626942754,0.4167512324346872,0.6815580917439218,0.4116182680638997,1
0.8995315343303394,0.07520272035029762,0.6137774841220448,0.8625771719647095,0.5642450099073744,0.452168478992885,0.5563849508116989,0.309631167660846,0.11576796396693483,0.5804686375174118,2
0.6175197937575939,0.20350276517070826,0.20519437071974278,0.22709028115480798,0.6819588268311884,0.11430447558923147,0.5594503669278348,0.6679382011687195,0.6311668097039841,0.653105976749406,1
0.3066195710978038,0.4034303808441552,1.0296298526664536,0.6004176358482415,0.4068730998742529,0.7842318893208344,0.12756617566056588,0.6005828214306207,0.8710318961724599,0.4384356434234445,1
0.09348034461632182,0.8233199217931604,0.008340854013249743,0.24417789817347652,0.30426698212065867,-0.330752645392665,0.7909731441342457,0.7563381546839301,0.6154241049910577,1.1272140847407954,1
0.3961001733828493,0.9176231379732808,0.2324905940532217,0.3295689983510245,0.599563038931125,0.7226124954583609,0.9744170620989071,0.3778835340832813,0.5698756077918573,0.8916841409209997,2
0.4729711713611438,0.8430394255473908,0.05909670222661981,0.06223383722477478,0.6321207098282844,-0.08176360144901498,0.3290367037312637,0.5364251336803342,0.7758509445752836,-0.16239508248611417,2
0.331982915461399,0.866598084288538,0.8791598256339842,0.19212429996155786,0.9152839292360166,0.3941453816235825,0.70190070086563,0.750352485846331,0.4806288725935316,0.770588782925864,1
0.32565383819242294,0.8696113011983071,0.983204491609499,0.5965997287707059,0.05656595169499475,0.2319741485559662,0.22659784850210976,0.7767787344514147,0.09006816503343178,0.2874381027997877,2
0.8756103157167512,0.4700501725789247,0.7182667123290882,0.7687178910358493,0.2743589877495771,0.5342713610811503,0.3637870837164073,0.38931415935089364,0.46010213383819903,0.627459261976757,2
-0.19420637557361042,-0.19417342877993288,0.8333746548881412,1.1493356761599989,0.8130075924762517,0.5493392033895016,0.4591209229450668,0.034695230597144744,1.5372730366870435,1.1448622040364624,0
0.1038586143094178,-0.11805982089593459,0.004656276995486708,0.1363545391322588,0.6991204058481999,0.1218137634887218,0.3518460662918328,0.46450488523133937,0.33990593461028984,0.2968219700456914,2
0.7733063605470379,0.33771387995276186,0.6322691597053227,0.3287860841695111,0.6801546232889115,0.4400686061627287,0.621766871845898,0.40715117557054714,0.2956216850495149,0.007095496872190299,2
1.2090490692991198,0.4647841384090087,-0.04479548286779056,0.7310052249443817,0.4991835731172487,0.8104480289574042,0.9730412080505053,0.762760925778075,1.0774294441926737,0.11376528200423972,2
0.057184075895810475,0.11253051366963425,0.37391613832380927,0.6822132333330889,0.42419188507569167,0.9067408914953357,0.9055356900754764,0.36886194386719273,0.6329881002082545,0.4498376500428744,1
0.8739419204482118,0.5515571732380026,0.2915119142039615,0.7366731569199227,0.8015305829049905,0.7201751720666046,0.6566421313524247,0.07968276902771089,0.7795433539440991,0.9525644629657944,3
0.9498224930503203,-0.6548863219722083,-0.6087996259063129,-0.23244565142514517,0.30026212058214624,0.8531419036387888,0.3628905245789205,-0.2381457039075361,0.01469674306877558,-0.6118808814518948,2
0.022084098803930977,0.22789983403788186,0.6961809275227437,0.02629164616569752,0.040275912384272694,0.284064984989976,0.1233899969055816,0.8691382971086032,0.46256033054880014,0.3043673051788021,1
0.7993009461564259,0.32246732796277194,0.6075651038239877,0.251642543546858,0.7825630936696047,0.5219766420842626,0.5424876987335149,0.3085525294223907,0.06089637494065876,0.11837159958578855,2
1.0926297403838283,0.48886534545482296,0.2376190033066698,0.9217743287503741,0.2339349322598622,0.829562010924107,1.0272580222107293,0.5817979845507062,1.0692447921748904,0.3615452174456225,2
0.8462877292044673,0.044580105925800625,0.6163800704525397,0.8534274130921784,0.4995100807569751,0.3456723297441989,0.4804175567221515,0.3263308413902557,0.19040834770474238,0.6007835391242432,2
0.21418574635826404,0.771935605759784,0.2869915380236727,0.0646220713810516,0.6498259505180997,0.559350905695199,0.23577250406220046,0.5221230879986595,0.24191151182260945,0.024040813554016438,3
0.07346610915688712,0.13824798376885522,0.5516537445616764,0.7477084934280749,0.0794070292496179,0.2749807581805395,0.03072951835329757,-0.13697952419762566,0.251363382160129,0.4615522219385496,2
0.6980734362085941,0.47740774486590554,0.29256608250841,0.810221702267239,0.28674225188608565,0.7879414633253797,0.8914698567168078,0.06315190576337393,1.0099093633866696,0.34394525862089004,1
0.959290115834595,0.7873834563488189,0.21652504867860947,0.7129858974079574,0.3225638444473119,0.9767819389410312,0.6267543318776918,0.23077032295287278,0.8428876631392737,0.207894794116606,1
0.500314918151567,0.13001506683145259,0.15541171300297613,0.9207763095009442,0.4943898991656535,0.6525759318937506,0.9394927029183578,0.9170844419580313,0.41412491283278063,0.8199882873254645,1
0.366281338549523,0.9221387560747576,0.9523383740771985,0.5707376222877677,0.1430991631985432,0.33655762369039055,-0.03828280703434539,0.7085254842326745,0.4578452677513324,-0.1515996275177353,0
0.9271352794504875,0.46759051369644167,0.7005188106246827,0.3693675115921561,0.6640351534829416,0.6061104571903162,0.2375295228410964,-0.20771821850147254,-0.22938258925335214,0.5478037068639676,2
0.05633634279688794,0.8993934979382681,0.4703655615057923,0.5413783968687345,0.4663553248820511,0.709473627797116,1.0216990528220518,0.5065340951938748,0.4122364720966924,0.8705437755797057,1
0.35582553664249994,0.7271559839195344,0.19229856237555976,0.44809872135870343,-0.33057144037996494,1.2651292455910874,0.5170748694612004,1.0098256238945233,0.4629515944552559,0.6215288056421528,1
0.09860824287375108,0.8235248105773542,0.750939924653978,0.5973597245904647,0.05894173735745523,0.7569598537422655,0.8669710381754402,0.5211683328522646,0.7072337790446164,0.5120213430365222,3
-0.08667949712201123,1.0521102316874713,0.23729778868710594,0.4828809745312682,0.6294539799732279,0.8012990425162314,0.857435786824001,0.5439936888690668,0.32286268484245384,0.8165209478520066,1
0.509914426118641,0.7696209269219082,0.37377014294415456,0.4931440479991079,0.8511215178451698,0.2149233894630426,0.07592541928111485,0.2246982096394708,0.5441522786172198,0.9257882740827759,1
0.937711253958381,0.5804672303497613,0.7636860028168199,0.06694501935843225,0.5487750327937838,0.6236913425411896,0.3700520680508039,0.1901787432018217,0.8134188974167288,0.97002835983512,3
0.01727032115440788,0.24871082193069155,0.7021498740737506,0.021751214726043886,0.04920613547715724,0.27133490472454747,0.1419341505052733,0.8632422273762982,0.4690610268414719,0.29675731806227557,1
0.267218939991318,0.9127447131521056,0.6876597673713882,0.5225476619943361,0.862682394448331,0.8089510442474892,0.18525920194458573,0.43361486674746585,0.17532782205295122,0.520324131641452,2
0.9017322431628865,0.5637534406700891,0.3054080544842486,0.7125915754118433,0.7583050613037242,0.7531383267269268,0.6604441069958336,0.08780620501486491,0.7932212411717047,0.9261768186039299,3
0.7477865000759961,0.22534804619901666,1.050636138429471,0.6799385403146216,0.8092724784655952,0.7771293548865699,0.13001699989136623,1.0846041263273185,0.4803715001122778,1.1317362632686665,0
0.19081526791097503,0.028327692592271757,0.0898490113270411,0.03297094717033662,0.7168073430245295,0.2818757807470792,0.4707963625620732,0.45407688853912764,0.22689573886560369,0.18014138517912284,2
0.5747198763366692,0.0685315849529441,0.296622026098352,0.8222166833567053,0.5849303606571333,0.6334331861114368,0.8920672429698078,1.1178909973234759,0.27280295252188874,0.7220059608234443,1
0.47405022707436745,0.2232983533354353,0.8051370961603157,0.20184879790811824,0.8777921068888294,1.1059434507218704,0.10502180595061128,0.6964501203506552,0.0004787012037284488,0.07920125191882699,3
-0.000648499231170413,0.8289543257776216,0.39319719550390736,0.43095250460080564,0.5132885178440587,0.7282505099858352,0.8717353368449875,0.4864506919983661,0.5096704340714137,0.8494296067761343,1
1.2315066070631797,0.6680521192405229,0.3957509466593672,1.3350954372365917,0.4637148128875704,0.3737603920480739,0.1964615309992382,-0.21810604793080535,0.23980539008721502,0.9058891935108742,3
0.6148387339156504,0.9884284216403181,0.654964115628346,0.2851275874903571,0.21877478913259674,0.9822271798673734,0.09142599762406049,0.23454239521403214,-0.07711493510425554,0.7526375329333828,3
0.827947049437599,0.5812951655901789,0.2850630343205039,0.6716699910827676,0.7823124253114838,0.731902333896847,0.7124682448637648,0.17654053177424686,0.7327083194273688,0.9774173719332196,3
0.3127526760177506,0.8659664481066099,0.967734555913009,0.5808160195211475,0.06451774324261418,0.21792081509187997,0.23149775903018993,0.7772267196150142,0.10690647218871364,0.28435106566257257,2
0.2521318227042012,0.6270896689496177,0.008217174064388775,-0.002568763030841026,0.09717061369576704,0.7906982399970951,0.750524535755807,0.26636702303372817,1.0112277838022223,0.8583896548010472,3
0.6037817112761291,0.8036532514855972,0.10174152966460152,0.9380704321286931,0.6990651214142605,0.962591841677378,0.6595268773843315,0.4070657207816454,0.023395699929536894,0.35207920575700524,1
0.7505322938719717,-0.03841076007896696,0.47345951584992124,0.5619220314071111,0.40204002021051455,0.21065817668116105,0.6175862167426938,0.5412298621182898,0.024602354731102755,0.5057395204467813,2
0.3335074303009887,0.38511592977906417,0.9671619492572274,0.5992969303533634,0.36940686755588764,0.7310734569189007,0.12659345958383572,0.6679430188326314,0.9221592987836061,0.42993938947222904,1
0.031296948987194796,0.23595647187939703,0.6989004303296255,0.016844277175128437,0.043284686043323146,0.27951384811349217,0.12965029704403866,0.8685914526893371,0.4644791443793789,0.2958409140954823,1
0.10776721941487628,0.19616269576284429,0.6658202666072688,0.3235079322219629,0.12551399575568106,0.3108990875896245,0.6815000968920797,0.4862593320364645,0.40717343687086505,0.4306487321299128,1
0.678620733571551,0.793229432846254,0.24298041295777562,0.23454157826624059,0.751705224738848,0.3822467651223726,0.11777153010264196,0.4183728797278125,0.02838871766660697,0.24031945725978643,2
0.9006574950507449,0.2830446316447508,0.7032793503203345,0.4644905892845917,0.42182024425901177,0.3964926421326559,-0.09178472732084686,0.5156397158823393,0.2810785599056005,0.7820152223641181,2
0.16871429254834092,1.0582286120323947,0.9241865874115971,0.2230611385716353,-0.04136198120295875,0.2103530198486384,0.023486069642225993,0.8126966660900742,0.25892101112430327,-0.26831845106602803,0
0.7819455204549915,0.8844443371664718,0.062127885146629355,0.8604961510863042,0.7050139372589691,0.9810483399603901,0.6378279315753581,0.5572110491797274,0.037089852474069984,0.29843300215717455,1
0.21811652539278387,0.9997299568446044,-0.0758151170698198,1.032734625969282,-0.42501306963238183,0.00966564464481845,0.10970936769041328,0.45483288484506523,1.0263866749139674,0.7744357294239665,2
0.44213591622161647,-0.048587028907808846,0.11792680540020023,0.7815289392502185,0.5501503498071059,0.6098358088525528,0.9992809872262572,0.9806813610299281,0.3974842072822302,0.9263975801599817,1
0.3895184473758422,0.33445825273882224,0.2894509506239574,0.35989879192601104,0.42166594009712555,0.1175065379642172,0.17025383864257823,0.32817865854906214,1.0627894572653385,0.5003504183014397,2
0.6892347704127725,0.5296078687690076,0.1619208754621966,1.1544630998114982,0.4430898492234628,0.47114137796304806,0.7073152672138112,0.018177541146321467,0.5952247759923212,0.35005159336864167,2
0.692558379352597,0.11919562473834905,0.012429968910829897,0.695063346987405,0.5651105984194115,0.7536184695606508,0.9730428548584504,1.0995080896018417,0.5279644855901917,0.8375740707533116,1
0.015315468919623328,0.7760785618532147,0.2901913284560328,0.5095289186896773,0.8795361375013905,0.5574790024443408,0.9031321283229282,0.6391535592824467,0.6197020164259975,0.05067530702981454,3
0.2703584717369263,0.43326567271900046,0.17509307165868931,0.5028669631286018,0.30417768535140965,0.5988399623583296,0.7089591338920087,0.8436519198645065,0.1973039788766733,0.9555077036326867,2
0.4561800672965354,0.7013595334389867,0.7424587761468499,0.5640191390618108,0.20595505733966482,0.5309179555606537,0.1861598816659512,0.7494652444588695,0.546536917908721,0.1350102561284574,0
0.6365329989011971,0.07463651669535079,0.6226209077214051,0.5727903670939721,0.5380054044488929,0.10100692703695843,0.6431459781452913,0.5320901661966859,-0.026633587167936283,0.5695037481661411,2
0.6327401065287294,0.5262744867312932,0.4686830100707786,0.6470859606330237,0.45796354346122065,0.9920726686109425,-0.18424145416155074,0.3673277234559519,0.03926383227784283,0.81157316290554,3
0.13454382556319167,0.09003190189666084,0.14164811266087876,0.6162972186366268,0.5641710938629421,0.9255819860547871,0.8502941725634044,0.49600772815293664,0.5708619648260992,0.38229224907842946,1
0.8391435159181271,0.3054663214401893,0.4868119917144835,0.35933767415646334,0.10771020097030459,0.11087931416647936,-0.1664152036055126,0.2649907733098107,0.633666843485194,0.4574911182661311,2
0.8241744537285641,0.5391848688460289,0.30283578741716377,0.5726425199694485,0.48819795951179,0.5002205163769846,1.095063518848278,0.23379532377719434,1.1595911042187093,0.3640399581817997,2
0.5933425791740974,0.813953629113425,0.24946593953687723,0.500825292451018,0.8700619595749266,0.1625160283214657,-0.02288388503588156,0.23617041105198336,0.5072933625822671,0.9358567307825063,1
0.2085225415321351,0.03887185732699568,0.04261664240024169,0.06785839334983045,0.6704876314748106,0.30050900372563316,0.4497405954042192,0.4316299529360577,0.28747986177349355,0.1693374755256513,2
0.05304383729555054,0.12940758527207094,0.7632804593989249,0.2952992117134507,0.060402806245825676,0.2659613204191884,0.6372352738036478,0.4044163035265272,0.31287357926749465,0.43192598427803586,1
-0.3786799636667253,0.49474929141881946,0.861680797441025,-0.29250083737068294,0.6571670764531287,0.43303619549965655,0.3979064223445356,1.024794700408624,0.9690552969877425,0.9018289232500962,2
0.6705982134478706,0.542589788602729,0.3417606800243669,0.2628535219087534,-0.11115333041339559,0.7984684275617447,0.15722009097667372,0.49247229474771514,0.16092193373796235,0.7138681203033721,3
-0.0797056845140948,0.26978563066217504,0.3623676461779038,0.6022796651942149,0.6825657706141358,0.47410499637696785,0.7541232764385402,0.2721902935732522,1.032761784504845,0.9384977415328377,0
0.5966278822298742,0.8970670269260569,0.012665599920175123,0.05443934279491632,0.38401738024144616,0.31016820644724813,0.12423469861741396,0.4902213858217398,0.12732700255568674,0.9252055313062454,1
0.2558340140713855,0.2044900353698497,0.3841287444320352,0.6140627636731831,0.5702987133997289,0.6204915830519308,0.39264100852241457,0.6110673124434218,0.9226276422932951,0.7266823616486648,0
0.43491009730480595,0.5097994349057182,0.5222894208342206,0.30209021186573104,0.479691189510592,1.2066564441485865,0.8173597735320585,1.0039637287535883,0.48840128095836377,0.5075884797045453,1
0.013007816132729791,0.08366307392654034,0.269248159728192,0.7094055147771751,0.4284971243966656,0.8561612300022596,0.7883549870046197,0.4456168040454253,0.7101447267386538,0.3979940775418756,1
0.7011057319507916,0.8833859428287654,0.26845767205661153,0.2777855025221918,0.626744289873106,0.4704992796299271,0.23468870012181892,0.3204790802833236,-0.03142731718441727,0.391429547288156,2
1.1496970741666335,0.6941289661981411,0.48390938281093243,0.36382221766417605,0.5998633236756286,0.09636433567278857,0.3069928390722789,0.8893683206229961,0.4559557551745407,-0.11977136710434322,2
0.48330478044517805,0.4980614698846136,0.896227940435966,0.4762916489635761,0.565143133943285,0.8476536274981927,0.031243784059044155,0.659078711569507,1.0425677670598927,0.38205707189989385,1
-0.011485111486610466,0.28332988460723973,0.32488003714657665,1.0110467378375807,0.32860716996194217,0.700917318382973,0.5763654114340132,0.22795310210454073,0.01820973525033641,1.1222498889790435,0
-0.07239457891079887,0.09295289004969302,0.4095457475599586,0.9786476792656811,0.8761410818960063,0.45308834291568323,0.832239853777841,0.10345225630530952,0.9276008939961079,0.6330259116524526,0
0.5431122202928695,0.1827044047411402,0.3800908845330414,0.7040747403195824,0.5884455450081618,0.3799506048132148,0.24987698542910713,0.20337434624280115,0.3048219785024736,0.5178924385352578,2
0.743813276484686,0.3007890603473964,0.5763786794953537,0.18584787632761574,0.6836717055890861,0.6545806369633097,0.5659735244820475,0.2047231093421017,0.15316239311583885,0.09365260097378705,2
0.6473592871164318,0.9110361477367988,0.7218985352477748,1.1840248161982987,0.0798602276598365,1.0837876307427736,1.2986010448946164,0.13004644266930954,1.0469151614174848,-0.11952526946947672,2
0.7867755107277866,0.34534983180371776,0.8006100383587886,0.2831652377247652,0.7006116390144784,0.6016201091184556,0.7277729835548381,0.34644785294874525,0.15474521460175078,0.1786747730415601,2
0.9178325871067102,0.5800847295581341,0.7399337938871446,0.07100915840499353,0.5421311805065426,0.6446458048719287,0.36613238073342413,0.17398225147801238,0.8144046693777377,0.9716752968333494,3
0.5045635307519889,0.792547956470819,0.6123216025997487,0.39920403701535523,0.620056255995053,0.4942481500383419,0.7530788036690017,0.1456237732297756,0.2858470249519459,0.44556114928125434,3
0.08057485189015146,0.3722028972139852,0.23225639112973331,0.15600132993424848,0.4502570137240952,0.43853946799632815,0.11292343865988022,0.2825946108304859,1.1371997600272472,0.8087955550683681,2
0.5368432669018873,0.2377264242586339,1.2849356094334103,0.6924159401840663,0.7899990869542107,0.2410223309559678,1.3020726608747224,0.6031879216148958,0.70314937360885,-0.059330994403928916,0
0.521206720479956,0.28031609023961784,0.10873292666307573,0.37235209519278667,0.21619408861499959,0.19886833850583274,0.3396566169873167,0.1955696656660937,0.8605647780726522,0.9267242309578522,2
0.7475147302365637,0.7200801396685907,0.05307500311594962,0.7273748261848727,0.5299265349789093,0.9538320521785745,0.6952643201979413,0.20806060099777646,1.0362623272418106,0.03341399683587182,2
0.6266413817241603,-0.11872051787109039,0.3254309788498774,0.10403042124791717,-0.418202539045023,0.08720252202968787,0.6832055116862782,-0.25020188561132245,0.7939519525841191,-0.5080984170231071,2
0.6208963867366166,0.9407287720047364,-0.07676080870604081,0.05511261524860339,0.3857302609411557,0.27316533325476694,0.24405661014835617,0.547547578884795,0.20107868319822442,0.8977647127397295,1
0.3256319700800145,0.8640456356019462,0.9737021733415351,0.5972778158750549,0.04873267379618599,0.22935973127506346,0.22532246903984643,0.7794916721900855,0.09157189190261299,0.2910894252802922,2
0.045299250485843046,0.13074242877759687,0.7782628624191437,0.29956878313520097,0.07568813125260004,0.2852981718186423,0.6428060183793471,0.42392771537189067,0.29585885982936144,0.42825454048677314,1
0.635889312756981,0.38821836963466483,0.22811932211378078,0.7388283705270039,0.33575657125599917,-0.2647199807741797,1.0609382928226159,1.1977676592375102,0.8175609812425741,0.658083153649744,1
0.5472460092205621,0.2843046839593064,0.056877439736548574,0.3964976119395985,0.22253096014783055,0.1580784934497871,0.342913998873137,0.17500056397391217,0.8201615054559148,0.8936550928199299,2
0.9357029981963498,0.5759632005764646,0.7652307865785165,0.07170221098000064,0.536115259126187,0.6251348319593418,0.37775648738848444,0.1835548860232285,0.8162884701540326,0.978374695535093,3
0.32498959068676747,0.8677872940229817,0.9700483387180301,0.5862022338137158,0.049822186927139966,0.22821723282324505,0.22252695976003337,0.7784231403621863,0.09459970438060868,0.2969584432250317,2
0.48907585393761255,0.6670679876952725,0.745230688785403,0.6129125295294706,0.5020822666719981,0.62086286588889,0.25724798966833845,0.2962910598854137,0.38866995547224115,0.23363640342283273,1
0.19026728925055814,0.0023940628889278504,0.3834808218782431,0.9469728988269851,0.40977002400926793,0.5983066779769926,0.5151391376206437,0.40486979579568605,1.1109216390506427,0.71682021618383,0
0.6049196275583756,0.19091361465973566,0.04351952449131399,0.7141964366787008,0.6429349028382758,-0.0891199918136193,0.5664646576654854,0.35452065083218165,0.06703324823187296,0.9837323066009397,1
0.6840211346626887,-0.01887023291959533,0.2006268131558595,0.7320947766241134,0.34624120294725613,0.7027251358331255,1.1350880784475543,1.0290199866087717,0.39966986914469865,1.1303132996887582,1
0.10883385937435511,0.1393798759313308,0.3477546217822944,0.6701814030415463,0.39673717351451826,0.8468162317111262,0.8345337525337629,0.3491462603477125,0.6533107614277129,0.5526880445001375,1
0.7079517604383423,0.645196419415166,0.7668044237173356,0.379280570229258,0.6594483788034111,0.5943268641723831,0.8946223350159216,0.11376325580184843,0.25413861207545785,0.35831401523746104,3
0.5188281275470448,0.004612958893033689,0.16076152398455823,0.9925374181322515,0.513431570349754,0.8240021143570804,0.8191751977987497,0.8975217235177246,0.3598637391302346,0.8351310123870601,1
0.8572726368729013,0.5829283453645487,0.22673754021513037,0.7506172711074738,0.7363805931663803,0.8356190204365042,0.672961588535124,0.08112860810682324,0.7068872287624746,1.0120124079420127,3
0.8191878842727246,0.4378266389151616,0.2220124121084322,0.7298912361026929,0.8012868491759144,0.7623808165954056,0.6424679942397635,-0.011567715692244934,0.850380580929348,0.9272886620657368,3
0.7352656830729263,0.6538029619999518,0.43576830660780846,0.0847835486569796,0.8688688491017756,0.23991467128416538,0.055511175946325195,0.38384454094225845,0.0009255353680542242,0.12688326459450144,2
0.04954101983527358,0.46120585351312493,0.5002042096255526,0.7826479919454729,0.40032440632002037,0.5476691012303568,0.5458714419493731,0.8429470385098417,0.3731331726796709,0.15258957805374337,0
0.654823320628912,0.3108607126297398,-0.38195447681216255,-0.11963518608327764,-0.2586632143122374,0.7573859611020314,0.31301139303165787,0.5060353892564114,0.8440082811468246,0.7675684529899903,3
0.18815505159822793,0.924802406881382,0.69168376529481,0.1295828863989913,0.7773858917966354,0.14963138465906042,0.5315538794795611,0.7748633847695168,0.19355951814885763,1.1728182124461137,0
0.6581332212794457,1.008893192695646,0.25235695599356645,0.24104419474777608,0.9641166194617773,0.2501519636009995,0.2726168177547207,0.33209717596806365,0.46288912872320787,0.10745167559756189,2
0.026912309706298487,0.14248318401151427,0.8022356692127754,0.3437469916844665,0.0527762155903485,0.26601518767142046,0.5961524872332591,0.4118889794367974,0.3113689671119003,0.4904187833693603,1
0.6864692045501501,0.8717596612900119,0.25172434890608286,0.32915374010259807,0.8495190778318419,0.47979727392167903,0.13794725755189588,0.35855135053894893,0.02217312729851492,0.3524883966518663,2
-0.021303641778309762,0.967120587282585,0.44615670702214244,0.8614567868142415,0.29456326923806264,-0.04839521086254234,0.9421868572522186,0.8641622114490451,0.16939421322715553,0.6066693369695052,3
0.3952211702568384,0.8302460478635125,0.8265085108070384,-0.08538074200108903,0.7009203953369753,0.5071981572141158,0.26790389108704105,0.8585912505187645,0.10552628429356928,0.8647453751885208,0
0.9625032100688851,0.5349445156736307,0.7276696241716718,0.07421288461529517,0.5326892161607037,0.6586892402980162,0.3697133905660754,0.1403896336032708,0.8264961900387844,0.9995898213359241,3
0.11598884070386067,0.7555966723830897,0.2874326180952703,0.5409738334991627,0.9560375088650267,0.6218205840163524,0.8348744117618544,0.6985686864846186,0.5511832116078001,0.0791048290452796,3
0.7260939416734772,0.8103012578110693,0.3185614389857707,0.2001436809601307,0.7066617906331455,0.4465398026297538,0.142836373028231,0.44335356848295754,0.019617303531031388,0.33275575703116134,2
0.521566096468253,0.22924313536182406,0.423959567344688,0.9611113058515915,-0.004986676179747629,0.22948220686075277,0.31232360638977735,0.35247994682257994,0.4544177494247007,0.04468765792917398,2
0.6414945677497923,0.2795627343013838,0.26942899202447224,0.21630113022163133,0.6334801456338283,0.07675672979840936,0.5367900226845188,0.745996316231156,0.5624519266664162,0.6802778602149443,1
0.07536146085333426,0.13451377428794115,0.2941929209386127,0.6844730227069803,0.46684195983486204,0.8060911907663719,0.8268577759640796,0.36037752622629926,0.6886276316584216,0.4385563178987885,1
0.8412155770818956,0.748237182705584,0.8621613630398953,0.6041683589475146,0.7987557085825456,0.47489925255599696,0.9732842076275636,0.16583130617155184,0.2907420504074265,0.16602722371816642,3
0.6101917572995104,0.07637305406994521,0.604873026200666,0.4432499752487755,0.5900502222024648,0.197673574026144,0.7238421164576484,0.5334211673646788,0.13192052833441428,0.542396330653801,2
0.2863095363247911,0.5310875827980426,0.4095569751229009,-0.12754791178061212,0.7486021929815128,0.732104273338221,0.4521391049411866,0.3703807890886971,0.6283387528152188,-0.08305025412494346,3
0.4938661005154597,0.7577983134650266,0.269569020900024,0.582927939850777,0.8885260621277996,0.10595547543086253,-0.016539809469994164,0.14183337946683228,0.4993920621092968,1.004463278309741,1
0.15555938841363032,0.4453493707911525,0.26363527028836165,0.4526501223586923,0.2571241267239964,0.7159774348166497,0.5598959837873757,0.6342833173980496,0.002066098777380121,0.32104214661394526,0
0.10109245032642283,0.799723006439267,0.38788142401633147,0.48316140630935295,0.4844435180774032,0.691756403783837,0.9914468003673269,0.6324242793397454,0.4189320683527046,0.931745983667539,1
0.6180692587389203,0.740928977081147,0.39594011304528415,0.4634411373477542,0.1425158344885171,0.9663697265718661,0.17424518571148237,0.28762606150100933,0.1611574897836252,0.6366534089007742,3
0.4688861314574987,0.6795737545907495,0.7456167163941024,0.5155088756681941,0.2215109411029445,0.5208754416886546,0.14765590639896556,0.7218984842296791,0.5218479058083401,0.10757782335440258,0
0.7040548764312105,0.12233489736122685,0.2689595189568916,0.8038271536662323,0.7820233178802303,0.8744850559568916,0.7680757901814826,1.0244662030473677,0.2056903372341942,0.6844051149735662,1
0.7668434447321609,0.4304179592439436,0.8380242933597057,0.42897821072368375,0.7579880531966742,0.628339636203889,0.5087419883914076,0.3763851272571482,-0.03872053671251982,0.20896417396458455,2
0.3855784293394241,0.7387947471480012,0.80860182688316,0.6338316980583947,0.38652035415922936,0.430021552989835,0.09196064484528983,0.6253654213785751,0.47221238303763424,0.28338135345464754,0
0.061291059476028385,0.09239722296900485,0.7853399141441838,0.3117598751140631,0.040349796586865716,0.2942509048958486,0.6559088445351382,0.3841162908819813,0.31920730218817994,0.46930638110873724,1
-0.07296048669270724,0.10513318889253204,0.3153929151630583,0.8504128544107907,0.33758833065204585,0.7491191891505888,0.8703817931335927,0.3335016378752919,0.5521990177426289,0.557265345784135,1
0.9988703968960222,0.17005210586947495,0.525073870854548,0.6508685312629922,0.3730003631704836,0.37762410700904475,0.696609604152249,0.49284346929671835,-0.08166585352426092,0.7990797700433405,2
0.33492562049990837,0.9314754269251397,0.5755519205513464,0.1628748431571257,1.1200481083102085,0.7000630733037184,0.4291935539314614,0.6603476093745488,0.23200815582264972,0.35565109545591744,3
0.1354150807754123,0.4236540798535947,0.24711514882876323,0.16095902013739935,0.4168150976032409,0.39745531051529026,0.053254137930510204,0.37779292142412124,0.88622189561471,0.8137040193412252,2
0.7528537437035498,0.7431990316669518,0.1848675721785022,0.21963630047666002,0.7221657998626233,0.2780057408111395,-0.012324986595429854,0.44339523783852514,-0.010292009707704566,0.2495139361039948,2
0.1887789480790483,0.35937622692445964,-0.008295810863437867,0.8239755517243075,-0.047021139222705746,0.6212419766933296,0.5794497858738954,0.7691389209979838,0.6854617196377546,-0.015624928008292509,0
0.4188272529706159,0.32077018545376257,0.2912179320686331,0.5741958832016065,0.2032379675671223,0.06862601372275537,0.1914450831336472,-0.024319393290915065,0.877604644369449,0.7315321308891416,2
0.836917477421238,0.27376014145625105,0.5305121601163854,0.530407592541589,0.37369979020756366,0.21367218912881913,0.08475458460933408,0.4004626447538175,0.3710099860284852,0.6075299267454237,2
0.15924546175965582,0.9655556201665547,0.3528437235453187,0.6391159421564332,0.5863576359332048,0.5563988109437435,0.7774256630194744,0.6540287597006964,0.4290830422587375,0.9558254214048436,1
0.9535459187220473,0.5786113297243878,0.3532924927535151,0.6818443775698679,0.7171659390199775,0.8037694032642575,0.6360232698064499,0.038281383819132,0.8349684437661079,0.9402844319950404,3
0.980141330383073,0.5082494540967496,0.20470227113687361,0.8656713991296479,0.3453439916623323,0.7856041862014257,0.88939031182612,0.4043955372303985,0.8777512842196824,0.25432893037058596,2
-0.35723132839524463,0.01039544200800508,-0.018783122887441828,0.718549405421639,1.229971046306809,0.9089766121113069,0.15303058769853922,0.26461708828994135,0.18405045784119048,0.8834073534117058,2
0.8666542504583734,0.4070768119675099,0.47221451359149585,0.6657308392300659,0.46610185421120753,0.36645308646804514,0.17455895927195114,0.4824623634951231,0.25713457554893004,0.6964932223554482,2
0.4166219513689823,0.4397990569869872,0.7988805054886404,0.7664312703961753,0.8864091582618319,0.3919567489101065,0.9186326895402006,0.858071641456783,0.4365648189103758,0.34120133001498787,0
0.7965037960708394,1.0568964710781459,0.856153175812423,0.21995527221232727,0.10918240440960986,0.5282725190157386,0.48452590905565623,0.5236143699793646,0.6531814991348178,0.3291248651958365,1
0.013914901144385206,0.46206073943993947,1.2450639143357922,0.39197389736036137,0.20264637594157014,1.0275266405538537,0.16244371159966953,0.6481871506680704,0.6460017547205531,0.06108762833195201,0
0.20999922709334468,0.4276340748702574,0.22259406806712945,0.21154635967931018,0.5042075843980524,0.22697148528087202,0.14875413760896325,0.39533338668671464,0.9725340855914992,0.7459977849751142,2
0.2910672663117302,-0.49052612022280073,0.3854633776820594,0.9666557857176974,0.2147446810577008,-0.20763379094258416,0.41193612376100247,0.2942798994374134,-0.6094462220775806,-0.13423326755803744,2
0.9561470861330923,-0.1455275435451372,1.3249681884144247,-0.036145594394726976,1.0300447888957622,-0.1729313036566722,-0.014203860067299123,0.9998708235862944,0.3396769173044273,0.21622468768478756,2
0.32438802365956215,0.488110623159144,0.392545713514353,0.641740370087669,0.2786912170575409,0.4966817136696987,0.5243619304480246,-0.02848915689168756,1.0420506154002274,0.07655306111539426,2
0.2815989691445073,0.8710369117931516,1.0030176656112106,0.649278121071038,0.06034188123573658,0.2033485137919604,0.16916243378944648,0.8019107533703266,0.0564428327928945,0.24832482510764906,2
-0.24480887013441854,-0.11559640594851783,0.5098891301304007,0.29991460110704854,0.5714889776737446,0.8437722447022448,0.9836931010877905,-0.00025309398750222867,1.2024034342782524,0.6722131257878473,0
0.6072171436155823,0.9159241674694606,-0.012699416900590836,0.08419673004395459,0.3773870663200881,0.32187083511704745,0.11781311719812891,0.4737128531299568,0.1474447813380087,0.9280531581903935,1
0.9699565579397408,0.5616053886913008,0.7738668611210406,0.09334526249850476,0.5218032870263752,0.6224401839075342,0.380798584951667,0.20572439625591807,0.8467731658600437,0.9746229366638703,3
0.7224804536286433,0.9243280045538099,0.10408732728709284,0.15829832566607394,0.6481355348493436,-0.11422446900967562,0.2705350681578485,0.2963944474642418,0.6053294029061793,-0.005023529261415204,2
0.9084006813314791,0.5582864945205751,0.3309330009659735,0.7037145270659617,0.7491020700077323,0.756278773842445,0.6925081538371152,0.10160823790225511,0.8132334379354575,0.9152842128453953,3
0.6453227439628901,0.07956500293523054,0.24534231243748833,0.9175171454887596,0.6073811111857852,0.7445689735005916,0.9930304037810234,1.160984699735804,0.4615039896561838,0.8371063771664422,1
0.654301385558986,0.8770231304859389,-0.08786773208806148,-0.08935375094763587,1.051259425544999,-0.0193343938880971,1.2585898176675405,0.8314251282396777,-0.12092717419181132,-0.10139079735119683,1
0.570697219685951,0.8332864754391823,0.0875436450887788,0.2168366685238455,0.6974505717893394,-0.07676576357193965,0.3537502129948279,0.2790405983273271,0.4714948300037548,0.1597501738596237,2
1.1805258235699325,-0.1568308746059212,0.6796935413002123,0.48447505745388697,0.08807199267909982,-0.19750451001244873,-0.05339141165512745,0.4118689897257174,0.7790497393825582,0.5089033288445168,2
0.028978159130770835,0.7735087924776012,0.3002245934290164,0.5051771940386998,0.8656327680988576,0.5675198410362478,0.9355958650001607,0.6884716110134749,0.5914715108324852,0.10431448828192494,3
1.0093851117412689,0.11029414438918414,0.41826022660892376,0.009437098737790639,-0.25471228330717466,0.72717815638593,0.24804560850422305,0.9914113557218756,0.5016082276280012,0.8152496047575666,2
0.041424186499237486,0.12575709979628893,0.7734336161505282,0.32200295793131756,0.05147397983340243,0.2505220184320936,0.6528839735187424,0.42651747733803913,0.29032388264579084,0.463908350311557,1
-0.35927604147667014,0.3329679546203233,0.3708947633360174,-0.2674082756105537,0.7754918965871197,0.5955239040317735,1.2086146741286488,0.7186187354354512,0.39187743309370326,-0.7195745383502377,2
0.3124830695874591,0.4206345667643895,0.9818643301724771,0.6205714883533079,0.38925965364670123,0.7264941169633874,0.16449461663814705,0.6681700683990127,0.9350670013832469,0.41907790892176594,1
1.074275354855503,0.9329781509568147,0.44056975682598193,0.47628738768426226,-0.21304840669828734,0.8510938819164189,0.8872332587141266,0.3702148128068059,-0.015701040786514076,0.6981808768811397,1
0.1627522738296172,0.831668254778892,0.3672441997701897,0.4815638610769676,0.5872800434433766,0.6999999261492519,0.9753713685348454,0.47873979295402225,0.4826108945835357,0.9332730127308589,1
0.9660962971264017,0.4619768093514949,0.24444940807057633,0.8576475468846971,0.2641370080372359,0.7970509052931309,0.8817636969683204,0.4747995889647264,0.9603124782648269,0.3034497933174398,2
0.7173693053576006,0.4411345163358208,0.27660142938767934,0.5045465070490289,-0.0650393216376331,0.7910493277346966,0.755008797933024,1.0747129777712694,0.6893688120842684,1.0776413792745032,1
0.8406494625485,0.6398060461832277,0.8013739333634521,0.16441314112343064,0.6489252881419574,0.5292942318674322,0.42858028708654283,0.16054686208398747,0.8125736779610484,0.9279925669869973,3
0.09089647088939688,0.11912588961129209,0.26190378699843686,0.6493160001433538,0.4812425459170394,0.7998813337997436,0.820539273811669,0.29700800429651264,0.6041344732385656,0.4777305363513562,1
0.9230932903574787,0.5544618574462518,0.7457045703988711,0.09595922431322693,0.5629438722083054,0.6192526322756465,0.35351663904693975,0.1833935625402094,0.8083420129267193,0.9467260418993396,3
1.0169270788084812,0.1636835208884726,0.48156158991360376,0.13487516228547494,-0.09985909273398771,-0.06383002678361442,0.4277572607126467,0.6536055721819508,-0.03969129553570673,0.5688431035862288,1
0.6630863513341485,0.802775713823461,0.26839166140347753,0.23639100576959787,0.7548998204400309,0.4088387249156645,0.12403238658671763,0.4301835767407938,0.03845938116729441,0.28219060649568417,2
0.5904892623095205,0.343383343962656,0.248093432601043,0.8395615742966145,0.3780053136674627,0.8803127082774251,0.8387995802657487,0.15913392011524302,1.3939961251160515,0.3514073977470168,2
0.58241884204109,0.28780647477870236,0.3868251219509154,1.0319668562976674,0.31512819817853666,0.4460704495739064,0.3675846746040217,0.777411366367537,0.5834309939119512,0.29874543422019306,2
1.1435701121495256,0.830775407359651,0.48944340528013763,0.1370101050211422,0.5099840355086531,0.6667313222736517,0.6632714427725325,0.18125606259302718,0.8511609622887975,0.8846460792740086,1
0.670682509108586,0.798723595236344,0.2762139154899277,0.23231256296973535,0.7597605480590804,0.41290618195293544,0.12655359205171082,0.42788999353229185,0.04182909673398305,0.2903442284305709,2
1.065907631054272,0.7685587315075529,0.8755630817332328,0.5243427471536481,-0.115295214474117,1.1671120661038548,1.3308953626353592,0.686876327722455,0.4267015048901482,0.962433024748355,1
0.6507720310477015,0.8302464589584667,0.3133778931418091,0.06975493764205085,0.9096607265362746,-0.00997916147566602,0.33908967994713907,0.5250542672073153,0.6157271460599193,0.09257621899065124,2
0.028359308133177975,0.1435949644194482,0.3265932441075401,0.7418799871200131,0.46490419268579286,0.8218269959111273,0.8646463724136751,0.373949471123596,0.708127599435112,0.45871012736793015,1
0.5781839259160758,0.7661382315031898,0.8150578165891178,0.5124794579000477,0.09792321740504593,0.37840129724243715,0.10214506878871919,0.8222810028053938,0.6869045523414481,0.19877095234160053,0
0.04886200020324676,0.18308253299192373,0.3444824011947899,0.7044044989674462,0.4684820703817214,0.8337120989889477,0.8468653659656761,0.3568461851076403,0.6671661696182231,0.48781516273278774,1
0.7266745880945348,0.4497045612619893,0.8168849298617991,0.8846407655237565,-0.14436307431731238,1.3233871725492574,0.3018543289077001,-0.04857813192201771,0.07592549351653669,1.0213980916826217,3
0.13128208599224667,0.8114060109853274,0.2906832812458295,0.4468356655898359,0.5515669230113593,0.6609464558565398,0.9315036360342905,0.492130181349155,0.3627028947930508,0.9531519647047172,1
0.394860111593906,0.2224666510100209,0.6333149043619839,0.8304789619329348,0.8911077712408326,0.47600358519666286,0.995351818546818,0.6928766780474143,0.7346487182183941,0.48477857404423186,0
0.5265293932893189,-0.15329073952975922,0.5184104025103885,0.18527698953380023,0.2108956611939235,-0.19741220530596737,0.8511238511676007,0.24760556033621367,0.13558844726583114,0.5248646843556947,2
0.24538569577268038,0.3363335196146341,0.46363404947562503,0.7306879905541979,0.335123985491771,0.2886714284103957,0.4459089414637905,-0.05539694664844644,1.047399936646398,0.11851787545532631,2
0.19854762119365948,0.4995788465664446,0.015476587273464681,0.46394558430365285,1.0387894178380686,0.28510241139493786,0.5172876055660486,1.1269100852514478,0.3814805916057331,0.8742202353559089,1
0.7358415879738109,0.9407422459627313,0.11665356371763694,0.8601976593186632,0.6336437739389917,0.9651881411249182,0.6275800847128643,0.49855524703944626,0.013153535106097118,0.2659503151123157,1
0.7747492531997139,0.9019786429412858,0.6472096411954325,0.6488003613623912,0.23578244586195413,0.4497286088409658,0.5305104766566404,1.4293637172565357,0.436841227273384,1.0368401512128538,0
0.5238361469265667,0.40331604441375324,1.0055673819234252,0.43600286758992557,0.5682524761660057,0.4556871045852441,0.1692163603660764,0.4243085553407354,0.8987449504725366,0.546978120984278,1
-0.15561073574926612,-0.1232566760167981,0.1943510860767218,0.7394751965410594,0.3556969341488253,0.5185212627498549,0.42407741786633146,0.16999250805580204,1.0809816593165906,0.7259415966694897,0
0.37720565389255906,0.10823146346797544,1.2855801719978692,1.5345028400760037,0.11973398600751706,0.7446916030994423,-0.31246925229274547,0.24177246506044012,-0.14718009848342617,0.6006511034830186,2
0.3802308627794442,0.21212418798721885,0.015200233326839563,0.005453433839665723,0.8978504204371482,0.3979157570657974,0.6372097422858988,0.3968375805494673,0.27113498183060425,0.08032539639438831,2
0.9272942034840486,0.5458177037547922,0.8175472962153965,0.06543826792198167,0.5634796310249812,0.6763228877054778,0.3839758743833664,0.1404230299622787,0.7774600892542992,0.9314841033293776,3
0.9975951249660342,0.19025479627897393,0.5538451046253481,0.7939097774453672,0.5458681267300888,0.5542397294564099,0.5943395317128236,0.23292570970286924,0.15109028163645954,0.5867800961570396,2
0.21580609290671446,0.3656463321025848,0.5707673547271769,0.5902386448560154,0.6265043971968995,1.1178130789098015,0.6729937222054567,0.19594095426765784,0.531085839664136,0.2962673359925582,1
0.05426532290198606,0.6236775961411336,0.5007844601454616,0.05242852744474098,0.8993958148986986,0.8160800427196901,0.5843255491399592,0.6016248863602007,0.33697383302377887,0.11835179244661631,3
0.027850586686249765,0.7783002238327497,0.26742481453129285,0.4984198758219326,0.9056080208183355,0.5735829234446495,0.9083268267568025,0.6787978961604778,0.6472762615348836,0.06898896737575477,3
0.8067746315093443,0.3946703089103713,0.9295776131593846,0.7405520024853072,0.4759261752548619,0.6817392130444746,0.1462556580705223,0.7062706348340065,0.93993816944473,0.3281998079167965,3
0.6928514238481097,0.3367213987491687,0.8717190550198126,0.6991488057574035,0.43070575047248394,0.6570714465601287,0.004684053479439801,0.6099235155761147,0.8479260092956464,0.3723175056160975,3
0.5399833708134837,0.7224472948610908,0.8218389206593886,0.4411669078452097,0.2993585269941398,0.5392429659768756,0.09690218529844243,0.6973112823605736,0.5749145145363012,0.10391698960139682,0
0.17673176791584122,0.5031102433178031,0.8193586351689423,0.7549520009070936,0.4968934632235444,0.8363451455194233,0.2735418011342702,0.7844900581884929,0.8805776828939014,0.37720217007555146,1
0.34957219521164523,0.26712583872653306,0.18209306722813598,0.9593435551687086,0.7015027585710943,0.6104477812552268,0.39849114878563696,0.5799001451703332,1.1900274142588954,0.5697498833610811,0
0.9006638332805454,0.6124029484847282,0.7886811384817318,0.10773995585357415,0.5778663190985933,0.6204065120020514,0.3635503999659852,0.17321516046600222,0.8103333999738166,0.9741010294078103,3
0.34720508164934794,0.4169148760309733,0.20251729191447945,0.9242552252797429,0.19735459650581744,0.5102078550983556,0.6673198239322604,0.541123795986586,0.6668955416409144,0.0636436687951484,2
0.1320264036335997,0.16330081993595158,1.119328987963227,0.7976345928419972,0.09939289174780425,0.40990097905878636,0.26198838709863703,0.44844238572336104,0.9561857242270813,0.12406422243927927,0
0.24311395127347074,0.4689580099464047,1.005686220655014,0.6710537132576316,0.3512074083792373,0.6976939375985551,0.19740243300939395,0.6064327819086788,0.9390724600535975,0.35726904148537597,1
0.539895962828175,0.8234956612051327,0.31831381860999164,0.5054574141020445,0.7997201448139013,0.14319774006730157,0.041923368075031595,0.1990975426217591,0.5513531915735083,0.9006914768632127,1
-0.24584337151853097,0.2837193515893316,-0.2224190270245986,0.5878622916677034,0.6404094982107872,0.8741476232519465,1.2446419035600904,-0.5361372045652505,1.2740236655208865,1.213273473193147,1
0.9351798108340648,0.5678532220723664,0.7870215149803022,0.08034868971497895,0.5399192055566399,0.636915028728632,0.3709308528789553,0.18881948424500114,0.7937156927989204,0.9822813964133724,3
1.1043162607658235,0.48789647368581646,0.8767695028491532,-0.011760719346934345,0.04774377391370968,1.069191769317298,1.0739964352213804,0.5018987818585172,0.43599459630036497,0.865762805095864,1
0.30781364922728416,0.33792094544536894,0.44221278631142436,0.7506395821144511,0.19364427859216382,0.44868533778097486,0.45197691803372236,0.0634415252325108,0.961234001267529,0.12458087609818846,2
0.18363030710942188,0.7903031259249191,0.3153978732920128,0.5167284779420276,0.5591115807184873,0.7549179606897444,0.9806108357081034,0.45966814735727235,0.5405487864232353,0.9854601353796347,1
-0.43668997831448286,0.18074922011322592,0.40126855305180625,-0.08333202645733973,1.3213320054135749,0.9114259472019052,0.5846793037907589,0.6822137741808817,0.4484514109509686,-0.15976387073530218,3
0.10605391857949911,0.13997534464516204,-0.4483463144953945,0.41083966709330516,0.015612923833878023,1.2819085282770428,0.25170504487242384,0.17513327584537947,1.52383871318633,1.066027733558648,3
0.49000073416124107,0.06259172516334835,0.14079287203498078,0.8844031017034374,0.536904236961925,0.7122183788803569,0.8816782012603599,0.9885474747239972,0.34707523461067613,0.8823555307258105,1
0.31919806105320103,0.904906475872943,0.9446144725747023,0.6217562771946329,0.07731367794740507,0.19151853562088916,0.18487828222012212,0.7451215171620454,0.10570198939089018,0.24663279525964077,2
0.4549522425004717,0.3163681518183622,0.8682473036422539,0.5678771700550043,0.4193942192030846,0.7523169571985582,0.35698701062191196,0.3363116908244998,0.5188042816395791,0.08790527760417222,1
0.38966959506994814,0.9528845463091815,0.03622049039117298,0.3686499037727678,0.18506956971211208,0.9249865521584131,0.15858581988870774,-0.08857126222294695,1.2836890584588692,0.2625552947269163,2
0.09859061172940264,0.3584572983377309,0.7160749455113152,0.07506815863272398,1.287999425205124,0.4977798505617651,0.1722240827529401,0.22440599208289935,0.1656861264909769,-0.1971919189672453,3
0.6081418697935795,0.2646154437105153,0.5829861452717437,0.5044295644258389,0.7115464076613474,0.6050893951238167,0.585783766010313,0.22971105958625718,0.23642958062603917,0.34383805017728625,2
0.13479049366410176,0.7259327053549575,0.32388965114400026,0.6060322476600501,0.9127210111952063,0.6806064791353416,0.9116432954484976,0.7470523837984779,0.5753419519447643,0.06896052694763548,3
0.6019066080347889,0.8959144444344269,0.02599983984232916,0.08149982887028795,0.40831174044035146,0.33017014815238366,0.1372647545342216,0.5007167076070252,0.13096629312468516,0.9172930488408005,1
0.8330000797252047,0.47595350727380265,0.9297389217796994,0.7368737524128142,0.5047046630366305,0.5993896471220059,0.12571847706911732,0.7334070651378296,0.9202828959568353,0.38653291509647486,3
0.6643390905772901,0.18543119896328308,0.572365405916674,1.020627719928268,0.46099279778450086,0.5728252083745913,0.8068582555114169,0.08111576056075648,0.24224122542522472,0.6857982267650998,2
0.6539814945247184,0.8045784199054591,0.3147960761636477,0.2621828487165312,0.649902191211748,-0.035556769375522296,0.3448613540041474,0.31065689022520815,0.5639594966271518,0.13362088004062922,2
0.30766540812343274,0.3503270489809535,0.9862621727216588,0.5609587401342931,0.3916810425779429,0.7182228375669064,0.1384258570981038,0.7229450052102432,0.9596088009694856,0.4485614001914171,1
0.7226727729660057,-0.07849042102336004,0.4019302352631793,0.5999155969114979,0.3590841204727633,-0.04122109706005764,0.6077793957713867,0.4222950080533512,0.02398886045679045,0.6065324648698601,2
0.7672486140885901,0.40466589132946573,0.8742147853075306,0.7223564565327024,0.5251833166851895,0.5976110332646674,0.0810458942508789,0.6971405086931923,0.8560871818890651,0.39701058889466706,3
0.7497755912872714,0.9112042309357562,0.04423305781618324,0.8640477045869742,0.7052592623215873,0.9921416516066838,0.6207535325766531,0.5295028342248553,0.02016767972261975,0.30443271913532455,1
0.5731273590212125,0.3011402625177517,0.6973146432592947,0.3485769967548796,0.9228445435595267,-0.4004685321225186,0.42404669402990397,1.0144684430660438,0.3529198156776682,1.1544776301447162,1
-0.3039414366735244,0.45335742078695773,0.369418772617507,0.02855991889498308,0.9750899007631775,0.35633360434249345,0.31674509706878284,0.3177143615396762,0.2443468800556711,-0.2888357459371842,3
1.0703827556411942,0.9182364698968759,0.27049781073691864,0.5997379079305121,0.4704154280717148,0.7920456517270351,0.5653572042696611,0.17040528767219904,0.7868107955607097,0.540759899858978,1
0.36558864155876614,0.3902265337162801,0.5471316491798726,0.13076841670806724,1.0992461230356063,0.7372713918048561,0.6697906177226245,0.0924694248083085,-0.2023750430350718,0.15381552528909537,2
0.20382617263833733,0.660410132197877,0.4084611749690097,0.007233220831418856,0.9166919067891213,0.7175423647448177,0.4668862269583638,0.48286208656128593,0.47242353126142195,0.15212891610674872,3
0.37536636709742116,0.16805116400948106,0.4785041630078897,0.08980526228234265,0.4746829720043656,-0.21095473882142585,0.556465536005952,0.2837364270680389,1.019588191483352,0.5300925115651244,2
0.06480154533697183,0.14113501303901121,0.3254121516446608,0.6955789308878695,0.438628876703658,0.8491407650737546,0.8455711368738617,0.3770570858097841,0.6938407581224237,0.44348557833294056,1
0.24437452414133937,0.010651103152283284,0.11494274120295989,0.048435728858721654,0.7388171783723915,0.282976319082463,0.4061375544085684,0.42564968236777745,0.1907495940207975,0.1334814044894997,2
0.6779361704736473,0.49375324180518615,0.19505102235824046,0.4511143250924825,0.35163909027136997,-0.1654159918996791,0.3156541582218103,0.7189148361449087,0.4103685325721754,0.5962673514134561,1
0.053805247078752706,0.7690242641293625,0.3261978786160549,0.5740010122482562,0.9544629522729444,0.6387150184666073,0.9510576522196508,0.706005999028387,0.6423953182598641,0.029772802877096445,3
0.28575176898592086,0.9195516976159915,1.0222410146879448,0.6384179494526216,0.04953536874557009,0.19339926547614356,0.22007108659421534,0.793810929407807,0.0998574459846114,0.2491502964099515,2
0.7292671007051107,0.7790142821901264,0.25534935540836645,0.20318213493612308,0.7223758053451774,0.35668462998648737,0.1540033943461903,0.3281616680844814,0.13946825240264316,0.13349671767127808,2
0.8751558171444087,0.6961848363374479,0.13053044434125605,0.7931698736604458,0.375782941767788,0.9643359056297226,0.7157994559436645,0.1665921081504351,0.8170270642933191,0.3145330488345459,1
0.32434818075968247,0.26610230134466917,1.098362613588656,0.6266856297294932,0.4114858275420669,0.6614874994821348,0.12230025419144884,0.7509258643394086,0.95073417263807,0.566342305698524,1
0.5731439857825279,0.8953842478884164,0.5072455515668908,0.4592656147333825,0.6273398584883876,0.47189384281517693,-0.18209078828631892,0.390238689286726,-0.051300563553754355,0.23728701162866422,2
0.9314847234606042,0.0966163666261114,0.45114480209640284,0.17152015706490617,-0.06145662236373489,0.048312110761744714,0.6010593129225295,0.700557804267827,0.03293641480310309,0.47051501127838585,1
1.1915838158284526,-0.14129746329475962,1.038084901171473,-0.526671776444043,0.27320228513289213,-0.4355328244917711,-0.22618663049374543,1.6471012976744408,-0.018569382856008156,0.7814534426609603,1
0.7089684541816739,0.03430634557487722,0.23831457137167783,-0.19776496584232328,-0.005527068338043728,-0.5849332190601754,0.8642219011752492,0.5039897166578029,0.507718926195599,0.11724583787616316,1
0.2921484415802786,0.20932345588248288,0.3671129978127269,1.0646521476022974,0.4211613530013337,0.5778985558597537,1.1273562637076613,1.2102306071700368,0.38037602532885006,1.116379617274311,1
-0.10253942535811539,0.032412651711127255,0.3443379742454789,0.8351204076487968,0.37319961364871174,0.7593898215840135,0.8147428615126664,0.5141143562494928,0.7863678228289532,0.36490953010335925,1
0.6396072839724791,0.19289959600482237,0.2036214903450147,0.7433706008055715,1.367930644097676,0.8177973246560457,0.8887720449139871,0.5096080907844758,-0.16504988657954556,0.5404536448533175,2
0.05698171106551222,0.17128239456789432,0.3329079504756085,0.7144953426116281,0.4660867711418365,0.839700299541616,0.8513461546142931,0.36330048077495924,0.677112589540961,0.4817867138234343,1
0.2160491391934259,-0.15454799135825115,0.13015778555762675,0.4986638400406746,0.3668603630463132,-0.045757237508292525,0.9986929928212307,0.3536527911092968,0.6082326292591945,0.1256410508550235,2
0.006180056381445753,0.15403574070060083,0.3053046288686774,0.6816441614487361,0.440474356630202,0.8286467354855808,0.9049405758093032,0.3995003991903971,0.6403591830663028,0.5360079081438887,1
0.1517232994965057,-0.007145608376438212,0.09220912881771567,0.5754884933932789,0.20946438617125057,1.069288253500409,0.8029653574781913,0.07768525884666155,0.9155766087405561,0.667925491563149,1
-0.4601427481967104,0.21787607581124085,0.3584518863444305,0.5057846662309664,-0.6725983472513568,1.5536020511810205,1.3219265833934477,-0.21537919257250987,0.809486748590235,1.1141079465941335,3
0.3100767126588213,0.48201455805144866,0.19317238010269983,-0.034556105537465936,0.11815170029721248,0.6519828635888602,0.6761172241439883,0.0964410583968526,1.171553199615932,0.7648199533315415,3
0.6168159450916146,0.6813028321272534,0.7035123540028417,0.4571848546375051,0.6553232858029502,0.7090556727442411,0.899490406193836,0.13458270348014956,0.1270857471166687,0.2842893166978337,3
0.3727852140717294,0.5732656518842953,0.39659132400408736,-0.10015504439263562,0.5970666085029455,0.4096941402236828,-0.1983804159176128,0.6892062197386095,1.001963597984581,0.6372819085048835,1
-0.05931109086047057,0.6880049765539172,0.685906336555274,0.24387993481598827,0.7681364094523555,0.5834173569662995,0.4881738714023829,0.6075289817510346,0.341012006785865,-0.08628653518756105,3
0.6721792597189095,0.15654468182252312,0.2644532658758242,0.32690217218869577,0.5460566914670166,0.10050392271445686,0.6023091236212085,0.8247707793410215,0.6459822052582819,0.6068035237343973,1
0.956346547222123,0.8818745509475402,0.2870491448395638,0.22443149269099005,0.5793914100053921,0.9003882346744962,0.7849308669780272,0.052280306817034786,0.2595688294505103,0.8229920674954923,3
0.5399469856559338,1.1679629029594212,0.21839230138498114,-0.08154537102035875,0.5120651932154517,0.18672441020780717,0.3629337045060535,0.5403350703337313,0.43735503247143137,0.17177867336431546,2
0.2927196280202926,0.36327742645904665,0.694309037957891,0.5848336220019247,0.36351453951859214,0.5457145870635459,0.1267268349765372,0.5624258680888494,0.6340185391900449,-0.12977214763945327,0
0.7625555518578495,0.21096488646237474,0.570948732418691,0.6343555117784065,0.36644847000802216,0.2735129362821617,0.04174219268642483,0.4784971188454832,0.24996757274123527,0.6350491638344532,2
-0.040334959715285876,0.10466176926185262,0.4663297390694008,0.5271990701874297,0.5791718974544507,0.9543759941952483,0.8467015540728495,0.34525517387639,0.7764827334546579,0.4433691580035739,1
0.019145712927381653,0.24809661053068147,0.6897677440369918,0.03070712225133153,0.032809879376169186,0.2924194545182336,0.11396828895749278,0.8513356484100104,0.45071067121011055,0.27635413368074463,1
0.9570316747788032,0.5285159834036499,0.28406547172901825,0.8818817064657027,0.31851211253019374,0.7176299679019713,0.8277176424608621,0.46435821319261306,0.9865369465083964,0.28031383143632704,2
0.3754431548248802,0.84990924923383,0.6484241280097708,0.4168329942213438,-0.004530192951711393,0.39681454524404985,0.2689142380582318,0.6042391178034172,0.4387536049295569,-0.00711419951824574,0
0.16452281517909229,0.9009980184367684,0.36189457567607464,0.42215968457545455,0.45809896714867504,0.8606735790247367,0.9550174524494149,0.5205267853550017,0.3359998392309562,0.7963961561942197,1
0.602367670016114,0.8226554718395028,0.20940976399279748,0.3019061938352675,0.7809483554865361,0.4832368586323635,0.1385161736427364,0.4021037315422877,-0.0041724015639978615,0.21956942948748817,2
0.13118246630182628,0.8990964338838985,0.4636037429781158,0.9701744569272069,0.26957467528312157,0.0631214857691948,0.9114708345959951,0.8391637208893448,0.05321854111014085,0.763239196892588,3
0.5743464256489932,0.8621580944654744,0.15582107963117814,0.11892199778028502,0.7676013481919872,0.047540838527702314,0.25228026176439367,0.3747259044347116,0.5837974364467259,0.002787894534727833,2
0.04701123339337229,0.7931877097954838,0.29454559582549206,0.5245593422540303,0.9301088908109965,0.5656272756377059,0.927173995969421,0.6518988444258276,0.6188725325417732,0.07063386059729906,3
0.20111858455151305,0.23388611325506586,0.4785029175472165,0.7929847693661612,0.03893154676324084,0.5190867307000948,0.5306743494211761,-0.1337975297580089,0.7334180413972174,0.17724184158064651,2
0.1893229115614651,0.6995113221767012,-0.6276357644170009,0.28506763290903064,0.668678406463497,0.14551896126695063,0.1075294225783281,-0.12483092045675664,1.1800078062618575,1.3999173961540554,3
0.3108884694421299,0.4168808252507031,0.9779061602309252,0.6359477679184997,0.3795659423104263,0.7315302530700917,0.16065886128862705,0.6572305351806611,0.9314667941497267,0.42654639810214146,1
0.22088319549853586,0.32437411324615845,0.17148151690021698,0.8313214682004625,0.0063592626244380335,0.5187827104402073,0.6235628375459594,0.12738064575008412,0.8530959708745127,0.04207667424097375,2
0.14203431175513262,0.6835049610330411,0.4152846926964357,0.6269539103291759,0.46185374152603814,0.6252020464010968,0.825235812190463,0.6660005833183804,0.5300381199142011,0.8595598195746623,1
0.054399036806907886,0.3738266739578801,0.5200438841792199,0.21983184256008595,0.9427063745747172,0.9881598640026634,0.45650131874201827,0.3230946601420399,0.6098610571910196,-0.07472359301948792,3
1.0175989225728306,0.5416239176016138,0.24968085345856486,0.5232828434118055,0.46940575712750543,0.9316449058643907,0.9437283809550371,0.21232427034767692,0.5507555257007641,0.4100215163634644,1
0.48626566412886746,0.7646661598558332,0.3764109667470315,0.4960570330861466,0.7913880434628124,0.23295168068800362,0.07237611673673822,0.24065768996181908,0.48239245959597665,0.9479255544898469,1
0.04259744664462267,0.11209952647567747,0.7783322356860432,0.3287985342432755,0.05492016443280877,0.2634278478207021,0.6175270474430424,0.39743632962245606,0.29242667735826944,0.4555523006799738,1
0.2912225354276645,0.6372030045722973,0.5648351745008889,0.10377774435781112,1.1746479109516894,0.6099700664013995,0.5803890921099619,0.6851871171133862,0.6406824027723022,-0.08196784420670666,3
0.8666484620968927,0.5609876530590331,0.31689230803821256,0.7175572452356437,0.7420058225634643,0.7351266297653833,0.6496479460912936,0.0913806268782805,0.8135128451261192,0.9362335367779495,3
0.6064242683312702,0.8956170051803389,-0.0014383844860895827,0.056244084386885426,0.398171755265663,0.3192953991871203,0.13031686460178254,0.49138584598144824,0.13052811165693964,0.9157146156259193,1
0.47330043589512755,0.7519800823909791,0.43778662098303706,0.35482327536611585,-0.015298640775783884,1.0053989636654554,0.16708603413265016,0.17010675097770228,0.012951932863946691,0.6704349507318728,3
0.8807897511088634,0.519608209118652,0.3441213056126515,0.6514172614263763,0.8150006621209354,0.7489570506600939,0.5885897363758976,0.09469957919173694,0.7198124367045916,0.8238193316150967,3
0.9629842877727691,0.5698138371236146,0.7798595801619519,0.08470233373923387,0.5613110255361194,0.6553581403370804,0.3383196368560305,0.2254693973948511,0.848729746301061,0.9666114126248624,3
0.8123744810497529,0.4561216966990469,0.8700053645791821,0.14625048244211414,0.6327138868280493,0.6815953309062484,0.43451805643497554,0.07731973771836437,0.7977299988713257,0.8172341611050811,3
0.04822543553928741,0.7960574288147916,0.40910274505706123,0.5018482404217626,0.4695243870488134,0.6859102076794298,0.8769258438379964,0.6417556118625344,0.49676212052176033,0.9093849121689789,1
0.21336451742466703,0.28600018896214086,-0.0544612768304424,0.8257328934587436,0.05917540751423264,0.729309417461991,0.5026703925823958,0.7342721589812753,0.715921624751226,-0.02406131316698768,0
0.9451053773062005,-0.14300990915874362,0.17475171803777984,0.7997230558660315,0.47217796613205015,-0.20289229843300355,0.2733436343672659,0.6742294373744041,-0.21286832307335946,0.09814753060320924,2
0.5742552149623867,0.32298735942508505,0.2647683671398243,0.9889216363214899,0.19034933383784258,0.41641881632666833,0.4854215695609375,0.6686461404161701,0.6927485283645282,0.2020825439794678,2
0.899020673904351,0.9072722564352397,-0.003829025545200093,0.43083757355349517,0.7354346585237957,0.4946202234475377,-0.23515595434783615,0.4701036241146162,0.3249494040562349,0.5231722222329821,2
0.8420068149131109,0.5416748638478908,0.7541485085451041,0.49464926439304485,0.8846960650691882,0.7961866564045537,0.8575948803187713,0.03470070295975646,0.40007207678498724,0.4974311170023515,3
1.0453020342585413,1.4562188925380675,0.1740292797450358,1.2688419288790933,0.20091986525515615,1.774304503249211,0.28146590600140975,0.353955269660818,-0.362730277690122,0.6681800885369262,0
0.8714156239310764,0.5722139995688893,0.032097725414755286,0.7698093912389623,0.6433523945001788,0.0100077946166105,0.3361783277649029,0.8857988501796517,0.003947165037792716,0.5117344520350642,0
0.8981238621320881,0.573139490906905,0.8048400248464226,0.1327099908216483,0.5833664095547222,0.5524928997617877,0.35799157929613523,0.17318673260007614,0.8568099875475537,1.048112484238783,3
0.3422036187202006,0.8764130548783337,0.9921148390191864,0.5948007211411208,0.04656587672484415,0.22939249754540753,0.21294248384246245,0.7642268285476207,0.07872137647222778,0.27955132140156075,2
0.3759073428717479,0.2214725144285069,0.2783332296095482,0.7436980259351127,0.3872900345040147,0.8132502543013063,0.7313488577698126,1.00370420716266,0.37427764396602053,0.7511201011526556,1
1.475014178756079,-0.3273035472209138,0.685708556274629,-0.036329886184110705,0.43081993190509893,-0.4730825660306128,0.02950374322360897,0.310774357255264,0.7496301221439633,0.4075005058990111,2
1.1327858286538075,-0.07219626673931284,0.7915047188661843,0.6075321456854428,0.2429253333331063,-0.04429519035078944,-0.17218452262734646,0.3492187898444936,0.5701551342880128,0.3510350684650646,2
0.8057581195769665,0.2317562330990147,-0.3362404958382469,0.9181452410183997,-0.07277939970572972,-0.26677202606052886,-0.25540658697790986,0.4299964680096124,1.0343858748787986,0.42406223220139416,2
0.7203701567059451,0.8239611745660229,-0.09574209963923944,0.744876242067038,0.5144542104967917,0.7653247191207686,0.6446385780456206,0.19312654307641597,0.7909948583599001,0.496868781027627,1
0.3933627920397202,0.22875313577503825,1.0504519393253657,0.47573952972850353,0.5130390382721547,0.5384926777500121,0.33977117649178945,0.5556207978511644,0.6331847477215766,0.3134581131031295,1
0.8883627011143435,0.4438543497583465,0.22655202134808272,0.6858194138984969,0.23934217108552025,0.5785490437582839,0.8707857529812006,0.6204633077639627,0.7909047183248232,0.35223073226473967,2
0.89242722517004,0.612813341918891,0.4279905242158727,0.7866280663728104,0.06052581358026837,0.2650104071473015,0.5170178923841193,0.892703619632541,1.0094279354861935,0.2203900997280994,2
0.6081000142262845,0.8681751295724939,0.30724259899836004,0.19548581607388898,0.7951392845206315,0.4879987665188654,0.14487323174212435,0.4554848711551284,0.0005718663946919569,0.2113593708466785,2
-0.24339915315568467,-0.9699918550310579,1.2379456067052,0.8703525695778415,1.93974507435296,0.6747559766302238,1.015556132220972,0.5056993539379964,0.4636605791623055,0.6395829495657774,2
0.7135340806394951,0.9345679506114513,-0.044697967404504074,0.007024360040006075,0.3322142566591191,0.4418770026853174,0.20245423072722257,0.5160795845352244,0.23617961751486,0.9439166443427915,1
0.8582480605295371,0.7520369501239123,0.11663848244783764,0.8103823225548097,0.4339429521396876,1.203006666803753,0.5051222945416411,-0.028012502932973915,0.7273815167742368,0.3081628120566508,1
0.9911308941617459,0.21301633273052178,0.07594033139532583,0.8985361831963865,0.623382036413808,0.27620442799803,0.06355834846147942,0.8797780943670825,0.18057834424547373,0.2536145647661963,0
0.21406135700941797,0.42289225309555045,0.8827763520810046,0.7932640812478373,0.34999257915465465,0.5796358752318179,0.019174611175859446,0.7175104086394701,0.9799680939444546,0.2664942831189516,1
0.06129295862415466,0.8627796442471289,0.43883165544649794,0.45303711658839874,0.5482127271314785,0.7248198938589312,0.9605285530037279,0.5339451340156771,0.485968341152737,0.9104443259377136,1
0.5345884698152285,0.03380167272307877,0.9948102473568107,0.6736910822501491,0.601772976124079,0.8539532182099541,0.5706637445502525,0.14891494427313726,-0.20083944512443586,0.24006652412082985,2
0.5296055310694814,0.6923235522099621,0.8680326359490516,0.4871066441974683,0.7024525810508936,0.8528307881824041,0.79066297346669,-0.07342432193585485,0.3320427917504927,0.49853870137614203,3
0.7329456838178261,0.2863911213011481,0.17048588049231517,0.9683845655598384,0.2826370809593605,0.9755319669874418,0.7147790808998751,0.5920350336288328,1.223717752176629,0.5605789069876842,2
0.4179063573229556,0.2596748075489216,0.04456103284623958,1.0788094776078374,0.3086761055466084,0.14531648367353944,0.1509873011280956,1.085850089187179,0.7016114635138759,-0.16536515243361982,0
1.5059834068510976,0.6526972641510814,0.5024212154969309,0.7229548489705406,-0.5318131668568927,-0.6378707474233882,0.9467120324521894,1.0228474135968004,-0.0902079564378369,-0.006271705665994665,1
0.31905398554425196,0.4245228617364602,0.34575170398269894,0.7841504774425072,0.10109199632968138,0.3330686618595954,0.4578601467127621,0.1009377569927809,0.9011553560487616,0.1630347936656172,2
-0.000961710739635302,-0.2076584707110144,1.1916662126241846,-0.024642700688263935,1.320624632689832,1.5555808360852623,0.9744561705652308,1.003258350306629,1.4319508578470528,1.0174027400184553,3
-0.023030717750904026,0.4209368423939499,0.5361022414138168,0.9386174435199872,0.4356698841717697,0.6998379714047471,0.41795948386372106,0.6974732650279527,0.2810223320500266,-0.0021755804855685956,0
0.0854826528498824,0.6714672684755392,-0.12915749006608082,0.4788111861898483,0.5164134830810692,0.9347949472077081,0.8752417574723443,0.056935403927320466,0.9634165748523219,0.5198571486391534,2
1.2711303361059172,0.5069961938911032,0.6430102763326366,-0.2840291223060596,0.18950933104196913,0.3941034917251784,0.5786286592873064,0.3397823543991915,-0.3022509949401528,0.8012084620809867,1
0.8816350474407156,0.701079617243148,0.13975101760578035,0.7999044269011003,0.37531889954527814,0.9559380480988767,0.7231326010454068,0.16103519452870318,0.825039140211911,0.3247003933779914,1
1.1000063647778926,0.28020199959793723,0.4709001063257236,0.9111571250793468,0.679842739154087,0.45412929397825824,0.5792567903499094,0.3851546373606313,0.3028149470734316,0.4232610445316447,2
0.91006178735062,0.6898977496135692,0.1582160338855336,0.7996593498739074,0.35687882236273,0.946784943959497,0.7281283330350731,0.12848992449498894,0.8334956632018236,0.279939442525559,1
1.17861198139124,0.14166557693821147,0.09264124801592627,0.8996411400348692,0.6019182166372877,0.33636815209047405,0.17527761593047422,0.015092894712818161,0.46000619947937826,0.6050115094670286,2
0.7567748732737403,0.3542896193570077,0.6184267378978643,0.5081976924175461,0.4118038559380325,0.17717234504499899,0.05414544442939521,0.3340003626108223,0.4224689023294415,0.7030166436907449,2
0.4917898393636885,0.3696778185351016,0.7414655407714561,0.5506009892151706,0.5954547820284286,0.7516797962979511,0.49479415312882535,0.30770419837704804,0.7459406844221886,0.11663894490104659,1
0.8694809876563168,0.6973230768198317,0.13228038966064737,0.7951875034613571,0.3776175418424804,0.967831943409025,0.713115944017619,0.1661556289805939,0.8210561094979503,0.3178715652359109,1
0.2703178690106507,0.4439199239043331,0.2586898941009461,0.03322559191065867,0.3027854728693728,0.2761601241039776,0.12010321939769342,0.4177944984974099,1.1269268866265556,0.9213308104617693,2
1.2594135658195296,0.25887878246539353,0.31336820646694813,0.9335800077722355,0.8923250556090562,0.48969800432083926,0.25612892196119585,0.014630314184953863,0.35159279040640584,0.3570458723508402,2
0.9766638325719263,0.34119448353510595,0.26110628712210016,0.9902464359823355,0.19602184399575084,0.8599916111851775,1.0383690910092052,0.4833593061172481,0.7877103650171932,0.43557943796941145,2
0.554960455856697,0.3944001422918947,0.10546773409354745,0.9673721391454302,0.1620592383819172,0.12956416022291695,0.3915852868442955,0.42311649112413063,0.7308367390837075,0.12359532469048326,2
0.5881435214855759,-0.04524647828682962,0.25728267638233754,0.42144038246448895,0.23099590577010923,0.638864697013369,1.0173595265199018,0.4071743997307571,0.6367756357921656,0.7446807591547657,2
0.40258936623747554,0.19695159210089605,-0.26377567737294044,0.055819858667828834,-0.012579375268161552,-0.4178887915263071,0.8244452315757156,-0.10296892044283301,0.5553289074657732,0.6353783216712812,2
0.6026156129758571,0.9016639688351478,0.0035283810356120564,0.059753125001239,0.3871686276448336,0.3302868414581962,0.1466073167939811,0.4868059002932394,0.14181613912755411,0.9280218371328713,1
0.8294652217372918,0.5871951911935391,0.7075263239994087,0.24290531777580374,0.148433044360049,0.800647757048658,0.9774920217764822,0.6795847855614405,0.3905559224164794,0.770950235140203,1
0.28936073158314846,0.9008119480964496,0.6987863777516213,0.414059261973181,0.21428577956555755,0.573829013461709,0.34861098022091214,1.0195403396788463,0.5836257256043215,0.2488910086699444,0
0.5113170160316332,0.6797245961294193,0.3510482172088723,0.2549990345374281,0.5349187026387638,0.7448648883407537,1.1782111757150286,0.18686917696802863,0.7773785922138955,0.44297398443235114,2
0.5986150400317667,0.0441430338895219,0.8906157670910329,1.3002476878444464,0.6676643181979345,0.1347244217873369,0.8301568725449482,0.5370642982510159,0.49994494119078753,-0.18554017017706503,0
0.30697648087219126,0.790490702953895,0.8881361286604379,-0.16586674566573467,1.4767241226852699,0.9043771098688016,0.2930564673457185,0.90397233451919,0.4358223907046906,-0.44105832279813917,2
0.023389388540514908,0.24606679918755203,0.7032090631703917,0.006982854754392883,0.05840818196907625,0.2848746583498038,0.1198623350175125,0.8747263646878954,0.4743307067658359,0.28066879664649863,1
0.12989427548167456,0.5741949266555566,0.4868810318225205,0.06572751420804686,0.9590350546915403,0.7132386555239736,0.49349331001412094,0.5310134644137732,0.4153399926192784,0.0745175542273891,3
0.17737200503303457,-0.010906108762175497,0.11748671761975814,0.0020274393122702086,0.7329018778050634,0.3076661248670187,0.40798089676065386,0.4971087080388759,0.27213526746463557,0.16998001171082072,2
0.7153756405026989,0.8489757820179877,0.3078757973126419,0.2958981239273255,0.7829091765533881,0.4190635551808279,0.05534409710456216,0.44575734691904034,0.05988734321434934,0.3336382849586364,2
1.1839198111989255,0.24390708073780035,0.6550671035493193,0.9347678622812955,0.6080469197311276,0.39755545539391746,0.4201420709239872,0.24378861075611863,0.034439434518476544,0.7904254119115368,2
0.5542315557386994,0.7856532790081573,-0.1112841998470484,0.23512858219336136,0.7588898535941156,0.19937298122677935,0.4963527658551954,0.14769767560072639,0.5283425197189683,0.1176531218872379,2
0.4735759674788512,-0.0002797079289195842,0.13032381943087465,0.8300467952704434,0.5929190795655789,0.6543136624750574,0.8000426558009334,1.0323828938968003,0.434240657611775,0.8981952228500584,1
0.4723864971371989,0.053120574640993734,0.15674592244355845,0.9180589256194376,0.5262364530777054,0.6952769354377781,0.9230246699517233,1.0138157195404527,0.37262803230027924,0.8810195065092201,1
1.0156978999849666,0.5911161634890035,0.3611325273214761,0.6794271673394349,0.33194630869502423,0.7297134558116773,0.9796767884875703,0.30087793468272483,0.8389743017488306,0.055422896206309274,2
0.6643546462036414,0.820222386689996,0.24979001782496005,0.23154295707614178,0.7797426282129992,0.3985387605430624,0.11555379422634536,0.44174034250302174,0.02273429036591989,0.31691049795167736,2
0.15073050892457523,0.6862761910957387,0.31062115903370147,0.41418595542300796,0.8553230030711064,0.6245816507674133,0.9129748682605414,0.6233472238818987,0.6719351968019679,0.01625817438211654,3
0.826459777877063,0.26384908977985516,0.08594045148747334,0.44466011842979053,0.1401372150543776,0.7167223887880868,0.5224336411285595,0.4522314027451143,1.3878801266882634,-0.01880694867673638,2
-0.1403188219421671,0.5097821319410527,0.3524600029681458,-0.013097254082508145,0.07759409845856383,0.36659582837987825,0.9520215956711804,-0.10965575296552038,1.0485369637870414,0.7552412362104068,3
0.5223896502928773,0.28406773647783534,0.9846143350603291,0.1281264284964535,0.14018244736544233,1.0358568716621916,0.052721369994108924,0.5183723283227226,0.645828696795402,-0.2317819125718163,0
0.8221093674210588,0.48393366209933364,-0.005915468033442173,-0.3005457181606353,1.1443328397730694,-0.029854321559755773,0.47722581727608226,0.028212076393479668,0.3412480653280948,-0.0035798995347597166,2
0.37090331317076247,0.6974925682325827,-0.3172032791081844,0.3544474181759571,0.48257818395405494,1.0947823608760803,0.3306391954550688,0.3288766677854943,1.01530092111569,0.6529817567917399,3
0.39292980354384477,0.4199517014288183,1.0446491939245253,0.7068662209618489,0.4310702458137432,0.6337824482685773,0.29265087054462463,0.6544747387032812,1.0024940862950218,0.41613325278363184,1
-0.19485821619125573,0.1531878408802127,0.9877936688604048,0.8381908453420728,0.7804296499024019,1.0771420114739363,0.4002851710573677,0.3658112394579045,-0.11903436690480079,0.3526024184421104,0
1.2913767136580765,0.05679061954823733,0.2174819302445338,1.033722609760198,0.4478657543393866,0.9196176680007124,1.3543588538428406,0.8773255699514331,1.3275799004841904,-0.16797833673751578,2
0.3146620830801763,-0.26883737599355406,0.3257252359511079,0.7173724503998471,0.39513506632129003,0.5422644961000511,0.6903849323785062,1.0100151800753703,0.3711005442098025,0.9051700604861701,1
0.93844082515551,0.5780242686317909,0.762383877352286,0.07393700552805925,0.5426712824333022,0.6263930604718806,0.37496282092297833,0.19378722930494788,0.8170805097779968,0.9710784613276058,3
0.09114055652839483,0.09648260653451204,0.31045058951602533,0.6928415860975438,0.5077965598926222,0.5938268268294428,0.6097950728085421,0.4001820202777158,0.9265820988457559,0.7980500580452183,0
0.982600351220344,0.5168961683634777,0.19798348291522094,0.8370152031149992,0.6921709660921633,0.8171207242714527,0.6960022271430264,0.20131935963064962,0.8667115009409669,0.9035655284781662,3
-0.25257877090875364,0.5312943470679539,0.6999151329102983,0.9572973506606083,0.6274271216648821,0.5173423252067255,0.2734422536337058,0.5313554270164357,0.6840257971829473,0.43641355226076395,0
0.35971027243909337,-0.12161914672846214,0.12273659629846811,-0.054252564562720706,0.6141645491965443,0.34774234414287775,0.5612806178365792,0.4462131215420055,0.3956470121117336,0.16454478073089657,2
0.847347506391567,0.8064821182077299,0.2634815676373494,0.8246560794225126,0.7881774791450169,0.8104673923901837,0.6643796857242419,0.7536418585631119,0.11459308270853368,0.07999290730389108,1
0.8163154461407927,0.962983170128644,0.09759788080678684,0.7865658377850028,0.6890462536951685,1.0291420487127216,0.5535824786673218,0.4987503220198986,0.008929778769317956,0.22734897823394173,1
1.096594575786332,0.4917412614251024,0.10897105187652695,0.8233253595676204,0.1528377894911434,0.883514979254577,0.603638872574233,0.4641118797753907,1.095515543771029,0.30063331927008313,2
0.23680319722879314,0.9141524005040876,0.05672010892971183,0.45141423600205666,0.6344490524779494,0.749408893196919,0.9494976610302379,0.22460030656782567,0.7324271481426109,0.7545760917801683,2
1.0512281805708583,-0.5703050776608093,0.9987665636077749,1.5144398244134176,0.7276707467795006,-0.7625907877530517,0.3930219317899074,1.4209627995769227,1.170004989513589,0.8643097351179587,2
0.23752264531413383,0.29214549908859394,0.3431790575584082,0.6360575648500931,0.09953217334085682,0.2428215137782862,0.4110836488489268,0.045218087073482655,0.9773056836048365,0.3040662426589463,2
0.8541631084704612,0.6312660040349337,0.3551209688426757,0.6654857538005905,0.7768920407847674,0.8122144436063284,0.6033339030121163,0.17494987318262667,0.7364593951251562,0.8503708006365902,3
0.5895251248319822,0.8839846497132087,0.18886709484679343,0.11978345231806914,0.7609349906281622,0.05335094129914813,0.24455460213923597,0.3491241672328282,0.5723075552131657,-0.010035602845948573,2
0.6513156024677036,0.3903080532155198,0.49325919558029274,0.5474128257337579,0.6797922217167841,0.49594487226987594,0.5934744178599117,0.12959895336402155,-0.033561188117478685,0.25378675669180395,2
0.4354412666378611,0.6292950074804183,0.7251729352091295,0.5855268293832557,0.20217439082108463,0.6086663615715187,0.14058118959421653,0.8011558047440548,0.5302561758688552,0.15784575958082822,0
0.4150655818859381,0.6114770465568641,0.9491270676369178,0.4248841179242964,0.21907125366054134,0.4815320685719079,-0.003037028205361725,0.792443423712936,0.5682324546258087,0.14353483204479384,0
0.30177347878581967,0.633727849440563,-0.007878125971116933,-0.023429274442786238,0.03107046270253612,0.8121753662636843,0.7334916561568523,0.19488366639008126,0.9513129319633621,0.8206909453036361,3
0.6141866922953025,0.9129782783017084,-0.016264097099324377,0.06890658271500376,0.42407843087016417,0.3574339377337759,0.10740156528740538,0.515313223225189,0.15184893682852313,0.9577000276371145,1
0.44027926994461103,0.04081766157634455,0.2973629551153344,0.5150663954558088,0.6855630126835801,0.4082285943726954,0.500894871338483,1.4443274943116942,-0.025276013992935886,0.933147931735618,1
0.042299405010406736,0.801680450776427,0.2594756256534382,0.546343147910345,0.9116098098589069,0.5615268144551075,0.9368735169586256,0.6195264258995521,0.6061543834863289,0.10013760741977618,3
0.8308206145250088,0.6687094256585253,0.4838408624098937,1.127233509532688,0.44832911176027124,0.8859498720506711,0.6160216825640064,0.6816494474860462,1.0490379388954152,0.3612749120624065,2
0.6982166972733159,0.6660817447806682,0.31796261530835146,0.4335770894507768,0.28087633443940163,0.9934002164160399,0.07862044393454531,0.16575274425035372,0.14275159049347974,0.5406296952612731,3
0.8557350479603092,0.6001582217156659,0.26505944484210986,0.7555677820167316,0.8208162100573156,0.6575303983813988,0.75056981976402,0.028145514433833882,0.7191133960307444,0.9728984307627001,3
0.8138269803628739,0.6673655382226517,0.15279368717967984,0.8459624788969642,0.38710248698007,0.9712698511800016,0.6460321041422628,0.2551184720790343,0.7400162458256603,0.38108968566073886,1
0.562521763511379,1.0372064669515255,0.3368039251277365,0.3558345388514273,0.7706693578230802,0.5891293114934566,-0.047877425873798174,0.429159795349554,0.21130751344976517,0.3469415699512527,2
0.6227334786984557,0.24108153252833914,0.2276187541309391,0.29203118424679947,0.5819691551903948,0.062199709797918626,0.5059277293903874,0.7146724108571616,0.6974677788081091,0.5794164067245426,1
0.7787806772664045,0.18414856085725478,0.29888372431336596,0.27109210488697383,0.6309799418742275,0.16695124853159662,0.482354869673892,0.7534873166055831,0.6939235620887285,0.5620210956652535,1
0.02970910166733149,0.23428113821032806,0.7000115539570455,0.016368943085990167,0.044830306763488,0.2787665805811808,0.13094407289612292,0.8669121662450763,0.4635959749253215,0.2947587726841239,1
0.31161900821306265,0.8789984562499638,1.003299266502751,0.5693831502721309,0.0331080022775995,0.22216193697533934,0.2011213470375267,0.7703055175006784,0.06629196124669416,0.280546809979409,2
0.5330141845044992,-0.007793828665154698,0.10323464740722595,0.7951804083015217,0.6189624181882978,0.6326178491906743,0.9553336052446404,1.0906072783702314,0.2958421867332162,0.7674637699138426,1
0.17509010226222754,-0.11159164195708371,0.5944501280511578,-0.009423117082826504,0.7855740126266642,1.2874353699504015,0.7488867950869036,0.20026603132992518,0.3716857303185237,-0.7118599955035008,2
0.2971962792048859,0.820561407898094,0.8364677774192418,0.1259228847455709,0.9794664293924262,0.44051768713097383,0.7192793535423255,0.7375027555194562,0.47935631576424725,0.7870464974682059,1
0.7029862760122266,0.6185122630626823,0.7659419078332417,0.38957444064372554,0.6201254377428684,0.7502511241838443,0.8550986216454135,0.16738274729517297,0.23254403882422464,0.39822430150678445,3
0.5082799216853414,0.37963421257713914,0.9409681102390289,0.6984115497704914,0.45037956783590594,0.8435842103252352,0.45643923927647084,0.39718082172354674,0.6933357270609559,0.24808764500743127,1
0.5884660737324339,0.6710630042773632,0.6686371082390099,0.4115425365019778,0.7371666606042357,0.7327092778766002,0.9270902613425335,-0.03059657370740032,0.16547863373394933,0.35701174443252687,3
0.9486868787032305,0.08908289532620053,0.6413147287350677,0.888738777221528,0.5340863236129711,0.4301972733232666,0.5751558551390968,0.3345090588115298,0.1357798207420298,0.6024327699354198,2
0.563365805244765,0.46447569100713687,0.8674447887666129,0.2591020226140512,0.8191268159380148,0.7189553755341034,0.4957264801142235,0.2345305075022499,0.09426018715891968,0.21603098247685465,2
0.8463949138808887,0.7312270675040872,0.11517256275898506,0.8192046122539893,0.3616578512648771,1.0078409331486309,0.6657843431835321,0.10011705191831985,0.8801012468797849,0.3222179770751748,1
0.03136947139826098,0.8723738239478096,0.31098722012986957,0.5116326411461561,0.4432439117074308,0.6870818754554874,0.9067493105906129,0.6072816952268804,0.44008359948588105,0.9115210363168852,1
0.5487394350005587,0.08167890947970996,1.168775985235994,0.6415930071783857,0.0181130239505366,1.1764420936732942,0.29089375757061353,0.6676975151540235,0.5440990368978366,0.2062820262781645,1
0.9332996024595364,0.4968982501826879,0.2503018939337749,0.6833986693481933,0.7974767860843414,0.706264830023828,0.67095293690929,0.10863915194462047,0.8240279576532802,0.9750090798460986,3
0.5096627929153399,0.8264831271093154,0.8553695808680598,0.4364723716325088,0.7762540385513,0.6632128597985681,0.910784972081212,-0.011266178523715642,0.2436658178555791,0.3843716150122176,3
0.9947813130614429,0.13780704025524743,0.6727941913847176,0.8108771809782309,0.5665355595260231,0.4453580380190335,0.5149464080050793,0.3584786966542931,0.08720532171481345,0.573067843624478,2
-0.40108140000948017,0.6589791959395868,0.884746776270691,0.10167532417849368,0.8016437905274015,0.7456070760681089,0.649464542237114,0.7610025904396432,1.2657660536274586,1.3012222335126262,0
0.15962909158818456,0.7612593344128978,0.30605663648445386,0.5476246539967823,0.6317791020720968,0.6694587925633545,0.9927471994961528,0.6611332941490086,0.5583400575286737,0.9837120301472838,1
0.023869816178077485,-0.019516890376542917,0.4656331806701141,0.6759894872790176,0.35102025480893134,0.23782415855334374,1.0758155805909217,1.3101924025085427,0.7349407555079949,0.6150178149143065,1
0.5091845589741617,0.976192434875047,0.13392672553192855,0.09524865001918258,0.8625509589481614,0.14112549894490273,0.17595660657805506,0.40885240561162295,0.5327608779206947,-0.13816420096282714,2
0.9498417355786021,0.5440038300227406,0.627593222184325,1.205806187692927,0.7047318457670115,0.6514935693503483,0.7393343066192736,0.28617563728772827,-0.1583345530056976,0.5087763093226196,2
0.5775833898279142,0.45288787141294556,0.9000279247287445,0.7503024928519633,0.49802323946442734,0.857858775300166,0.45633799353277,0.3755360546453186,0.6731085804895476,0.2566398396759033,1
0.9602557465621365,0.1851825387083655,0.7035904059788588,0.7202057611004561,0.6786522693014019,0.32604701811303133,0.4642790303181825,0.44380243697652755,0.22577613118579976,0.7194371726603777,2
0.9049606047737557,0.6929040146109128,0.07600504474227704,0.778582274210256,0.42150385408130026,0.914873067253224,0.744670483641123,0.12865614717506232,0.8791890720889562,0.3694853604118473,1
0.2608913021547983,0.5848828315695939,0.8388489807772898,0.02774239728609916,0.7028058027397821,0.4025109811490041,0.4029145202717045,0.8111609668323444,0.25377670346832687,0.9704091597218033,0
0.1189200902469621,0.4720827142445131,0.5729708731449611,0.15296549329416295,0.8907546244436473,0.7411360142940391,0.47875512370055495,0.495218160984709,0.3283016874985423,0.07970890912744708,3
0.6721750635803944,0.9631330445462467,0.08766457228373253,0.18245494136198795,0.8630034255237763,0.1414358671213729,0.22382139171294552,0.44461373306940993,0.5877947103393436,0.08767339841870736,2
0.948509588950707,0.588245947607529,0.7649500871407002,0.0746585870191057,0.5533799499225383,0.6356221668644444,0.3875093876455715,0.19361330469470295,0.8148690556039044,0.970710365078774,3
1.0438706858671398,0.6415903690684821,0.7881420729937673,0.11014875631294763,0.5891318251693696,0.6245721733574268,0.33475741703161455,0.22266821078115537,0.9142076582216125,1.0135059683077465,3
0.8713166618926129,0.32309105194118115,-0.033386109347534165,0.24783671460770668,1.102743234868162,0.20662207033144778,0.7163450338692074,0.6686439043054239,0.4382861442576398,0.9574249155895378,1
0.7656626788605931,0.4607151531231361,0.7448762408706887,0.29939529692649247,0.68858948705748,0.5980080154750318,0.7318846306466261,0.3492852287746244,0.0897293655476559,0.2665191357973966,2
0.6194934316160392,0.8885896315834034,0.009499980546042721,0.019663775845959013,0.3452066581101289,0.29454927759371763,0.12703885495613407,0.5030780109554581,0.1833369790792697,0.8960548701801374,1
0.12561923037515882,0.2032312215504053,0.2877316154478922,0.8402933130817534,0.34739221002689497,0.7365305823799378,0.5547149904705839,0.2515866030605406,0.8255484389460609,0.689083311383328,0
1.156359841614923,0.28979633877921485,-0.1283953092923692,0.9027154075934507,-0.23083798356411023,0.950933638311759,0.3112075826126216,0.04545896227535501,0.3361888685489075,1.87812667345786,2
-0.07893730506463653,0.9056553222672729,0.5814344038141883,0.3367333404976008,0.6265003671104116,0.54865178723911,0.9034295940321243,0.7076684085841931,0.48393816497435954,0.9350076896066377,1
0.7929045966434526,0.075266827657053,0.3514308071029904,0.37890092167024714,0.29154603507672405,0.17655309361518284,-0.0450386477465444,0.17531312705867055,0.12834739409005635,0.7789390080801881,2
0.8710778614572537,0.6703426138053565,0.14102972061397762,0.7681763976959053,0.3560469033493787,0.9713873246978177,0.7095970665360894,0.13981457407920844,0.8361496687634302,0.3390936889026373,1
0.5759177751334714,0.8719829820085717,0.01754216735185135,0.08592159408827744,0.39285811672699866,0.35777908745890447,0.10974159936859854,0.4875519915404659,0.11957412343359689,0.9081485327735536,1
0.20711668832282115,-0.012418521348997194,0.45151444456740397,0.5585878144723435,0.5280116999271884,0.6959070517562362,0.539748040726083,0.6057401126104958,0.8791658075042484,0.9620202303052285,0
1.0516037292544222,0.7950906002630422,-0.013779565350488021,1.1191754368464053,0.4943508835719257,0.8303015805563249,1.2545657716778609,0.6385139420424321,0.713406397646471,0.6518452226546139,2
0.07036288908197122,0.13597018659646423,0.7490857121227679,0.31160366909995946,0.03123745332462232,0.2795017364343181,0.6560002721097805,0.446480320459871,0.34842777548779474,0.4269469024364607,1
0.28337107066159045,0.6789658740131002,0.891950671832329,0.028099928478736227,0.6357812411093567,0.4004118007515682,0.42874664692227454,0.8288136405900792,0.2771302465541194,1.018303753350756,0
0.21948000114363533,0.7337776394237941,1.102784316550727,-0.03396597929889031,0.7713756397311426,0.3469000035774521,0.6519343445793706,1.0839395762652504,0.13029757720108567,1.1643503286615406,0
0.5100483444036306,0.3566813868513295,0.8265475797485065,0.6002948617532814,0.7895030895537454,0.40809811534955415,0.7893267086568955,0.8650817836309013,0.4426992147203473,0.4375766358436418,0
0.2921300498685556,0.4210308022509396,0.963588499245563,0.5973745129378666,0.3928485590689545,0.7039381780214642,0.19361273917886476,0.6483367809986169,0.9130582285014585,0.39360969774004,1
0.6536882346305535,0.8105237939780094,0.2484233548592875,0.19502227751761808,0.7828382890029763,0.4377176678970955,0.14872198098968187,0.448970964654092,0.045591163120015564,0.30305313097781184,2
0.7946772854832319,0.5006334476682943,0.7876787376590597,0.27057254083778864,0.04400546710772685,0.727529985844201,1.0299480242689842,0.5714126211311936,0.48981898065931473,0.8587956425669928,1
-0.025535701727561602,0.5733689453504384,0.6014672075209776,0.5968036549193948,0.28913952405415105,0.6877202595670403,0.4585176653951764,0.7785702608421892,0.20953681963508794,0.36223933159711297,0
0.546801832771931,0.1340990977775548,0.09956693263654866,0.8298770954787235,0.46629277819099213,0.7516025507515123,0.9373957005889479,0.9400677359156625,0.406020220845045,0.9229313505596826,1
0.8076054318328406,0.05593238261409193,0.23224348725552962,0.4685550560132604,0.4210981209919799,0.6713045958609138,0.7272235070662071,0.30018230377904054,0.6275791059301561,0.7654550916993645,2
0.14811169509845457,0.10704878758180039,0.32357132692852425,0.6958299342933971,0.463370462938056,0.6480888499539879,0.6115327643537908,0.3582498993802953,0.8560432684402095,0.8380633866213232,0
0.028885894643183335,0.04511854607626463,0.7668543225188267,0.3034440095912608,0.1002236668009336,0.28783769129604697,0.5867551276371967,0.4023392558952788,0.35231705822731774,0.4774332911681737,1
0.3650754272900859,0.8384966844501816,0.9593549502795254,0.5983443464617617,0.035484337007732375,0.22076370092959913,0.2012573638603506,0.742787582466123,0.086794577338499,0.29607998648457917,2
0.2919789394752127,0.8599886946598168,-0.08917309547154226,0.45358701628964854,0.4530650355325068,0.6295486776813725,0.8396870121661824,0.41297019059510814,0.8339787616405658,0.6813807748095974,2
0.22786861163833275,0.5418767273991406,0.14979349048864543,0.08521004769548654,0.14759965163013739,0.9186026958052919,0.807352644158214,0.13835609739502536,1.1075737790598275,0.7529694642551331,3
0.8019807281335186,0.39190883521460523,0.3355536845143483,0.09073309195214502,0.16510786006307884,-0.14501988441495373,0.2676556752832315,0.8693402481497077,-0.13458328829016333,0.37769134434346235,1
0.158519794713894,0.16748868666450775,0.31663642675400033,0.7604498282714792,0.5077207925815127,0.6208958004340291,0.5270591198400726,0.4673870117920207,0.8506878112644146,0.8488113780397902,0
0.419368948849849,0.8814861572166313,0.2771276825165125,-0.06018881232244511,0.8082893196330136,-0.0011459158323922983,0.3587274873078707,0.21287389030622914,0.6790831805392278,0.15220652099201057,2
0.510920008475801,0.5511911063637832,0.314185627265255,-0.1162401999909895,0.4949452226936163,0.6576332686251509,-0.17081013914485843,0.30290521881981247,0.9031737931592809,0.7912578355275497,2
-0.059956360908850814,0.8516161615390688,0.28602170484486766,0.3617357008569005,0.6117919640160598,0.6302419277079645,0.9450581357289508,0.6701186854121415,0.3272094112026026,0.962043736053548,1
0.04823108485142313,0.24240263312059646,0.6915823352904578,0.006829491154171887,0.03233790087990341,0.28294618081978745,0.12706893857726115,0.8822785612764603,0.4581601391773341,0.3072073888667268,1
0.6274898677055424,0.2941038926038515,0.18076356473551197,-0.005836614123279016,0.921188260276621,-0.17451058257769686,0.3756900338875341,0.7780056415764449,0.8293679181959085,0.8331667346068025,1
0.7580028284634349,0.5224865626800466,0.804279144273285,0.04265061442033055,0.27202237268294327,0.8944191001923728,1.097593873453413,0.6931277988996737,0.2893084017513788,0.7192575001433255,1
0.7985805307940539,0.25069564855300813,0.7920922785870345,0.2407229864211257,0.6354919216459837,0.4502858444776833,0.7971482560456471,0.3131024319993413,0.005127475010125393,0.27020905506103743,2
0.7671620601170266,0.6646284090348875,0.6679049700861909,0.4825978725990012,0.19964853839290098,0.7827676836610247,-0.0657578614434364,0.5549577599326698,0.4037895496116641,0.7726910177343186,3
-0.017851131534091874,0.6193552215628421,0.48019959580688565,0.5205254950480003,0.7882984192607321,0.7903648607754004,0.7591093440252844,0.528854785143585,0.471449972774438,0.06289118000677762,3
0.3075197664154956,0.4171519558272068,0.9854689389850501,0.6286420180573994,0.38034316254825484,0.7350115146388122,0.17139732612939762,0.6655804387622465,0.9361040322153472,0.42855284609674793,1
0.8920154732098542,0.5721488812457448,0.3148266117676907,0.7489863443770464,0.7729949093836901,0.7439083007771322,0.6647669248512247,0.11564717971872901,0.7837596058011028,0.9395807564193489,3
0.5826753367191945,0.9084834989372832,0.19974572437543092,0.15191522983356026,0.7944042389040955,0.1216187882636408,0.3080852040945359,0.3619302236918498,0.5876413970618302,0.03356176942392331,2
0.946585051910393,0.5763689672066574,0.7650051922377703,0.07035967825302004,0.5367569062536384,0.6237717866110252,0.38187304143843975,0.18776379311147356,0.8129092697405431,0.9708238487254749,3
0.36383846371689865,0.9043893046110766,0.9217732135392824,0.1499248905667261,0.8796898703480406,0.38756314492758864,0.7123425897746601,0.7807499858132987,0.46625876247062703,0.7330959253614349,1
0.34909474500112636,0.7753387687235912,0.4655505129456185,0.04676037505896169,0.8246474243118542,0.3894604998952077,1.0208317533514217,0.36261897286584727,0.4086236248335641,0.14063473699679957,2
0.12044647674283954,0.33225064259033654,0.32991308121596463,0.7491852647606542,0.5095137614956463,0.711001993148935,0.9309974768431294,0.1969519438222902,0.8334807196617816,0.37434154240662204,1
-0.02948914234321158,0.11286370449798629,0.24647385461422977,0.7953644474535682,0.6573849465621615,0.5929882482652377,0.6831484347580591,0.31084113653250056,0.9115902154356835,0.94327910208356,0
0.7199396829249983,0.10647903869474684,0.10219540420589594,0.9928918836643899,0.5965874398542516,0.6671999666090095,1.188867767407476,1.1779110736951115,0.38405651476522357,0.6313771350695423,1
0.919037832701513,0.5839957224480866,0.7687617268473059,0.07152657250408904,0.5280579058257145,0.6367478460899163,0.37075296793393914,0.21864028559122,0.7992824024262948,0.9979381039191687,3
0.625120019535409,0.42058948465866525,0.32612653141866615,0.8070082099919968,-0.23459745664804615,0.1822223019797168,0.33857781885283394,-0.19714174835354947,0.634691881842653,1.27491275543536,2
0.034389669624680375,0.6986540679788567,-0.032372483149637754,0.683861714991542,-0.05885310196421967,0.054459696967059545,0.7820131581689337,1.26483941403816,0.6736369140467102,-0.13447942241621652,2
0.6974669319876445,0.19650942484082515,0.6101649505269746,0.45462508069481744,0.3004493017157213,0.2484369550978987,0.07757480373161312,0.46045829336845423,0.44086165974682257,0.5723295798860093,2
0.2729323136735633,0.7079144642994599,0.8663974806007528,0.12499435816437418,0.653701796479194,0.4012818062574097,0.4780712762619061,0.8466615349586393,0.21007702360447753,0.9709742795098492,0
0.9829609804233816,0.20887176681768546,0.120173666671517,0.9006826757233005,0.6205998409730413,0.31206003098290963,0.045483130761553046,0.8521530252994856,0.16199399728141173,0.231838022874311,0
1.1099145678746876,1.4271316586793108,0.5136944811062424,0.6098225259734368,-0.10794029906832314,1.0860566770571982,-0.5970826875006178,0.6993953421533575,0.012754056324161156,-0.053033132918792386,0
0.45526327295662616,0.6757763435111244,0.8628223974757695,0.20952137136706178,0.4322083011751866,0.47063363319675455,0.3184712988511864,0.7239773241693588,0.13156731038613803,1.1277373286972932,0
0.8776982105057005,0.3222845546285519,0.16772741181445922,0.8341358113150898,0.6438913830815646,0.20213727034084886,0.10208896926322364,0.7658902166272227,0.23812582255416923,0.35547339007458517,0
0.006745631551691722,0.11789523364601584,0.7580433889268926,0.26815857843265156,0.026618417258047304,0.3131377372460865,0.6612957670420869,0.40155119154005653,0.30557820192921215,0.4581805377851373,1
0.738354998498032,0.3906218925435925,0.11855461115717127,-0.008727116928104073,0.6980851515398432,-0.014222975477967532,0.7218704973292287,0.5034424554830881,0.46120037047491,0.4997712189877227,1
0.154157640440323,0.6724741645641529,1.0213828045381868,-0.06763050474157506,0.8951054887486807,0.4830527275971981,0.23902730363009134,1.2952054089807512,0.10587220146802029,1.2666181830352132,0
0.5736226113277981,0.7640292168928583,0.33321727531248446,0.4709034012979731,0.8531911940093668,0.09873772078903564,0.0193660931284722,0.22055393685548783,0.49652659709391783,0.9227646924889376,1
0.8520466071882151,0.6772139375397146,0.1320584821641504,0.7650634466286004,0.34247767563826215,0.9588206157597199,0.734531597999668,0.17003168061545026,0.8464175545449553,0.34691948690390695,1
0.4981667557819239,0.754636495365314,1.198429985256458,0.14967681538935487,0.5833253500323166,0.30216157776391694,0.18822596636608765,0.7578693158005739,0.41923226369722966,1.2282639773061357,0
0.6720021123609834,0.8007900854016722,-0.04640101407510697,0.29150956679406065,0.7337952348412706,0.2533090777747419,0.276612872331381,0.12239670781759698,0.520378310325185,0.062225213614787354,2
0.3385065156818229,0.5516720636723567,0.3003634695964784,0.17775155572226709,1.037362911218529,0.029178778810067363,0.4807690585829867,1.5349745291919417,0.16342851525447125,0.5910615964025578,0
0.8542456014443396,0.557382755242693,0.7371837075336086,0.18913768271180356,0.2530099015576682,0.8266880442571802,0.9595171360285628,0.6796684399946078,0.5474777451453904,0.8026892977682453,1
0.6374338647888689,-0.39826537432758047,0.7023892712237536,0.35728281704678555,0.5496611722140743,0.4122109458935158,0.030672711943851683,0.40452614975488055,0.4405803481974043,0.5090943635961802,2
0.0992983399777071,0.8903519266006555,0.5327055819851423,0.7968485711257491,0.17473503739082408,1.1091234799378933,1.363282418982815,0.7587661591744634,-0.32012250595650543,0.8322436250748376,2
0.8160997360041906,0.07756813357762601,0.49244649970271803,0.406887556650742,0.1755419528784774,0.36357875052078265,0.24977481322407402,0.29886563392187987,0.5409879250683743,0.4804831931888054,2
0.7384377566975415,0.1343666065138319,0.521580720522486,0.4628333075793332,0.4180971267279263,0.12276292472679028,0.6708726197673491,0.661481621228838,-0.041100975025517184,0.633692094615728,2
0.024485554333888947,0.2376264382043102,0.6975801583272949,0.041019105134694686,0.06022691890163179,0.2657078617216919,0.11806498545176998,0.8905081867914015,0.459526893965426,0.2905357079801178,1
0.32609951658905156,0.5787416432260692,0.37846183136495753,0.10632849040612376,0.7247932282014073,0.06188181818091474,0.3778620599915401,0.33352265714430135,0.35001895769347513,-0.12047136792046231,2
0.7540050332713077,0.8755439664975564,0.08929153362478662,0.8783736203513135,0.7155493454371282,0.9624578999956402,0.6159767723096171,0.5432560442640083,0.056637649556195005,0.2780516865889956,1
0.8334041246720354,0.5087380025201882,0.40874973781063273,0.90919191714966,0.42536765478292304,0.7346391677092823,0.5321750463213814,0.7896078593374873,0.8081728494965414,0.15667644872526737,2
0.9338707723725697,0.5804353831606348,0.7576817993817497,0.08605007909868814,0.5424911231944739,0.6118021289167308,0.38777586901022093,0.18502016231896262,0.796342411417181,0.9528293429003013,3
-0.0615572710399685,0.01838220565227759,0.06680958411292282,0.706989160839061,0.8858798457620156,0.26638329843885766,0.44085696657615536,0.7354079823293176,1.2938453587902945,0.42612556217542236,0
0.5462100588110972,0.44157319419625624,0.8489653115604754,0.2943701422106265,0.49420162211456253,0.7649925459819307,0.4612247425856266,0.44857974833812275,-0.05663292520038851,0.09776929650868513,2
0.6893317886389414,-0.020803730662510067,0.13290416547373168,0.507617459020798,0.7491219125829676,-0.02041030183712319,0.3803227544736868,0.4769599080646306,0.7930845176907644,0.5043670446371346,1
0.3538206316649576,0.6948837891499493,-0.14887349886849222,0.15863762178600294,0.5625593927966634,0.21785633510067284,0.3330719107289518,0.1250343189167971,0.7958693382002833,0.271696848599188,2
0.6440173117931638,0.7377041285448391,0.4062756068020592,0.46589829343789496,0.19038963500027273,0.950274644547435,0.20338903396857844,0.22695965070475171,0.13987039220279884,0.6068293868884361,3
0.858348040548158,0.1573292828807613,0.6596886593232908,0.9542460803986772,0.5955627181229484,0.4864634969962812,0.5582602502529624,0.4117382710687155,0.02523051484061438,0.6729682658270454,2
0.5889458318101337,0.7383790784701778,0.4566326960110278,0.4503639807853713,0.17744501414025524,0.9972053964559323,0.16591296764584554,0.2477085583981524,0.10957106303465997,0.6930896519615276,3
0.5403228697874097,0.712375871177642,0.8836468327160245,0.46864816396083964,0.6189032601675348,0.57148162471748,0.9045638502067085,0.09276755571488873,0.3279887515516613,0.21491663296199004,3
0.8292432681834195,0.45182726085569835,0.3750070983910193,0.7005791669024759,0.7089453506914353,0.7623870607815114,0.779040695623707,0.1804195522561538,0.8285201111772302,1.0104489333034739,3
0.6933636634039676,0.40865218512580803,0.3968701484767393,0.671084584530732,0.969201604150949,0.9080667372426143,0.6296265718645606,0.08314141856780931,0.6743758835535408,1.0034047811431959,3
0.7612827186767189,0.8913996836329172,-0.05519310351778406,0.14292391196181697,0.6537539177615793,0.0194299119501632,0.12320799497187337,0.524286993102349,0.8635486322302048,0.3022252459171679,2
0.4018969421480915,0.6454824386075428,0.2539242002586023,0.9754394879756023,-0.026457692640413255,0.6092746164402433,0.7588787634990497,-0.10495922626132165,1.2646135788825912,0.02108459094424886,2
0.14092733760905046,0.534943291681532,0.4470223391704344,0.10254971355256348,1.014413114133991,0.687661678242694,0.5034436144978741,0.5721491410426316,0.418323823942371,0.11313144469678636,3
0.7184589799496737,0.38967284111848133,0.7024572232447283,0.33643824744313966,0.7052326935429682,0.5529360578129029,0.6497298210208386,0.35513833214690915,0.10917418314613932,0.21694564493201263,2
0.8395174811817002,0.41799890816112906,0.8767287107824853,0.2883035255502546,0.6849691521029727,0.4439075234520009,0.8816138207972135,0.44947147027396667,0.09425641897183037,0.12660787647470825,2
0.5909400606257399,0.3367448850140287,0.22657422655012888,0.9860557028475722,0.1892533474896113,0.3239488248792938,0.43368053260927175,0.7172183302556339,0.6665248036353029,0.15618804441440437,2
0.3699689606614432,0.4674322390377756,0.9235547064294302,0.7300039081704501,0.30317617776748795,0.5771379381354282,0.08432482532274838,0.7236518440667764,0.9526851566794448,0.3427125516023579,1
0.11097984776250105,0.25487565450500094,0.25934120351101336,0.4786042652113827,0.6582932116770439,0.6268420480967744,0.7224845385311777,0.4629684023940157,0.5961847368663439,0.5936816130069946,1
0.7126445768829344,0.43029270194891955,-0.04753003551452811,0.6048047156615928,0.34222124997010284,0.5481270310901817,0.6119047402042781,0.7241464093146208,1.2773894552195055,0.42564218015618305,2
1.1456302167368972,0.16057796340451408,0.5146151095796655,0.8714132237445038,0.6239135415492201,0.6046257073644346,0.8150735405483784,0.48547823327359446,0.23001935730834833,0.7393260486473678,2
0.8733072285297989,0.7121630499198595,0.11420886194866771,0.7748873666218613,0.3922354805969959,0.9495554792734997,0.721870612260206,0.16045944031269166,0.8054318027149695,0.30165187445844505,1
0.9437425560926933,0.7962755949511081,0.3105432468805178,0.9183143088522174,0.4973406246101163,1.1771240615131349,0.5738394775847995,0.5262739614140325,0.1184089616395161,0.17695305249981547,1
0.5263953090689513,0.8195479006595006,0.3043106262782008,0.5128161469300252,0.7843794438706428,0.17202315962307776,0.014891734269944003,0.2188490037578535,0.545648179154525,0.9128958547550439,1
0.680674980899738,0.16925569917028238,-0.1881204659325636,1.1737757349531268,0.3351010798683306,0.45995534401978294,0.9565394855945174,0.9079585783649451,0.1840578615214034,1.1175720128366107,1
0.45285615806414736,0.8277462194074509,0.3180659692416118,0.6467936282184028,0.6926748653493323,0.07478327726591727,0.04601255394520261,0.1387826279126707,0.6815354645329288,0.9389616470368893,1
0.4190282569459306,0.4066575936298351,1.3383831956925927,0.7362016600804089,0.974671719631523,0.1789017187751184,-0.025976155201108797,0.9278228549313419,1.1213880597052361,0.5332645037358841,1
0.455359074834196,0.7603429460064849,0.28635102660789347,0.5389171826335696,0.7725489549844586,0.18167163756795018,0.06348149344081827,0.29089701573927623,0.5357611847543954,0.8298277796123948,1
-0.09663913692299719,1.0860846138145002,0.7987713283275532,1.2547687192361132,-0.009307252850609044,1.2225473241390747,0.5219536431952793,0.18620300207468565,0.7716193860257897,-0.34025182296072837,0
0.19918463202681888,0.9104267054127307,0.7969214362534028,0.6539463069265551,0.15819691050612938,0.7809665174637772,0.7442348711651118,0.6211745454833196,0.7723074512044842,0.42774693249072104,3
0.8553093008816142,0.1165807746099713,0.6881451893158607,0.4055004645824585,0.6853249823068907,0.46751887388154123,0.8959667501911158,0.5227889330851638,0.39185654510811413,0.43106524703840443,2
0.15204111185566577,0.009712365629743742,-0.28468683049094196,-0.23801884171296417,0.8366487140437618,0.6321710702995669,0.42446267596721743,0.19177870062722996,0.36071101163678143,-0.015242068262714265,2
0.5609527922623833,0.6473103775985906,0.67976597693696,0.5681312433488184,0.5743613241434672,0.7226490144210388,0.7144008815668182,0.11265648262479042,0.3554756058921898,0.4920845058341468,3
0.06947692750844846,0.8519051620035029,0.38977576781114043,0.4849322959204289,0.5319524985986993,0.743168589585706,0.9550319494992662,0.5484758532643352,0.4570025610447006,0.9183160622268471,1
0.6526704020845726,0.7570890556014118,0.31034286787000936,0.28098986882592203,0.733635719615356,0.4423265207039234,0.20843012534686217,0.5034140311234627,0.015596283669639634,0.35530228632670424,2
0.5945132397562112,0.4009466698737191,0.0383374222495213,0.681609306657821,0.5530823274599816,0.33240856885804526,0.5468398398127631,0.21234400728884095,0.3436108648306917,0.7918514760167399,0
0.3623772887401949,0.40940472276376344,0.969405048156326,0.6778765276157377,0.404052199206162,0.7044267829685082,0.21003827620981907,0.6065471564934127,0.9858908407099741,0.3651242331100065,1
-0.04193833272487185,0.8148361953415171,0.08595328215796076,0.23028525229688737,0.356215079721562,0.8001468492681544,1.016842379444426,0.5157730684045139,0.987126252230265,1.0128477966028402,3
0.4973286457133862,0.23597616392115728,0.20352327396642603,0.08563976082835736,0.7575831700173064,0.16079267887693124,0.6655767994960817,0.8600778823967296,0.5785239391969751,0.5349238133820466,1
0.5280102452449118,0.047530445651724894,0.14354580459869562,0.8414043326751135,0.5579256791038374,0.7597792521033065,0.8399466883095522,0.9851715801419607,0.353981644360394,0.8318021025933974,1
0.6086453200179888,0.7045675309834738,0.8090257327662712,0.4749461434533229,0.6146988984287404,0.6918666265708573,0.8503267239634642,0.055867217437625044,0.18282096166514686,0.30133962301333334,3
0.511840272105033,0.25628932813004746,0.13163079030844368,0.9591509444915827,0.21585360491197117,0.2927515572875039,0.5721027837418469,0.7259580214431847,0.7634519006636519,0.17712774275767562,2
0.7636219094622707,0.7292341629620158,1.102989129494142,0.39959807565844807,0.2862294939760618,0.8231786191405639,1.3350142118158794,0.7706238751339796,0.7810521529412254,0.4512993410997517,1
0.7275529528068352,-0.026108306755361174,0.34703701959081523,0.6567998106554579,0.8789712816365292,0.6025190761147738,0.6204200363654389,0.7870711215324627,0.6487864751570813,1.2736588965367486,1
0.5681345247807134,0.637091094855547,1.0409746681974215,0.0799880400402358,0.6458388609313181,0.8010543428675764,0.5459088748345633,0.35516411578985946,0.23481895101053263,-0.2523978344033845,3
0.6573971228615723,0.7157050610543395,0.7775586991539003,0.4346082073205988,0.6385585273853418,0.6400974345660774,0.8540583813331113,0.07687347201498117,0.20603923334892926,0.33475375094323656,3
0.17195988703246248,0.6364899073722768,0.44624297099168986,0.011817591125012045,0.9957451695887988,0.6648419324282538,0.4892409680483195,0.5446292141655642,0.38621410461828964,0.03146693391545334,3
0.9487032562688532,0.7234295844618983,0.3316837885113766,0.18786611699318218,0.5944399917393747,1.1184991376868736,0.5529554301850661,0.005061113576463827,0.21722767797807305,0.7730351170333979,3
0.32438592290835644,0.9166503394485093,0.2595708447137837,1.1362353868978765,0.03624542988129392,0.07765741244629698,0.04412255320265024,0.4417204959032262,1.5548460263114938,-0.27292544921984385,2
0.5884039748331414,0.7393127298275437,0.4181147256242796,0.49919572229733716,0.13554724034625407,0.9792634253027769,0.17394810149839807,0.2573511664869141,0.132963421765867,0.6635803888034445,3
0.7694276184316989,0.25009521022283543,0.6068145063940977,0.5798646349066512,0.4155190697309822,0.18324331457275433,0.04840594648286047,0.3657692667052403,0.3159647815738219,0.5570309645320883,2
0.88690458086137,0.585622422327745,0.8067655814295654,0.0027619452810405676,0.6037082060319442,0.6341266400662992,0.40685557603394124,0.2662736402001893,0.8271800317059497,1.0211765583818013,3
0.04684427962178771,0.14987068837715514,0.7740554354548607,0.3292670796041365,0.06262968706984265,0.26805395230711987,0.6316423475808678,0.437851395998324,0.276997130634672,0.4804311368428521,1
0.5859872851454343,0.33673520858135825,0.08244724993758654,0.9953027756632743,0.11194349324615079,0.41264742776430724,0.5935424942722441,0.8047386779412788,0.5717426858768547,0.3583293604426247,2
0.23310950764301291,0.18703863053241016,0.339797373028543,-0.21918535811347095,0.41567144206855144,0.38685860775310243,0.6323218192488986,0.6045526598675675,0.49670039379109343,0.018193885076073946,2
0.4313811243888006,0.49753148537408076,0.05123131499761453,0.0810633443654812,-0.06588873987361454,0.9612991967227731,0.9342861009126345,0.410516728002688,1.051778909329696,0.8645311669339717,3
0.42271371717729256,0.5029858112349432,0.8158054826871051,0.6317882551268359,0.877905189885577,0.4137212938228505,0.8213663312711145,0.8799173909151006,0.6494501440948337,0.39828149361556253,0
-0.039061864605731716,0.1606372685387386,0.3753549309273832,0.6495314637957331,0.48429434665784243,0.8458015445390501,0.9334197824202204,0.4617997974557185,0.703437100513433,0.4114820118369524,1
0.7726369515874411,0.1985929751129355,0.8319152915064267,0.2170715152483736,0.8816259724956028,0.588418798497484,0.932613864175116,0.5722539143008674,0.24202269706529853,0.2570058356568024,2
0.7842730036401067,0.7640088927748357,0.39771797838612855,0.3529196567328127,0.635764191173639,0.44910988070104035,0.09244757234290982,0.38859816625123045,0.02576747380945623,0.33133209520076223,2
0.13409901376351757,0.448831921333985,-0.0874980449234922,0.9096691499696625,-0.1083484094135778,0.6220405796740873,0.5658600517586618,0.8334866389336401,0.5916892676020553,-0.09190524802028681,0
1.094089706804527,-0.034790577195358635,0.7453594840492526,1.0719191912409198,0.5018164813741124,0.32212808923083136,0.6190025558866039,0.33884871645244435,-0.15597793795458748,0.5258599937650985,2
0.8009884797354806,0.6628760167436604,0.3290629846084811,0.8479861244940469,0.2945229903219657,0.8659845278786994,0.49587219247106307,0.05771679966620427,0.7276110305874645,0.26763523847438847,1
0.7392526797476945,0.3511099628354846,0.8379124233629409,0.7499689414421282,0.5228102004721883,0.5409984721430235,0.08954818193400779,0.6715542619000991,0.8615357995884554,0.37813227311256115,3
0.22274594736178,-0.0705544085971169,0.15822339136960029,0.07807640013940671,0.8023444422156223,0.17839862980370194,0.49896261003014686,0.45543219217224573,0.2212519549446297,0.10613719515177539,2
0.486213700150643,0.8170822397578704,0.31815214523149915,0.5232897418603897,0.7346832703310506,0.1756522389327078,0.05419954208502718,0.21887354116679775,0.5156207048806848,0.9403768635482618,1
0.8890315806910881,0.5726313067422713,1.3299778785258838,1.2984307615439772,0.664358519492382,-0.4125267479329957,0.11097657536386202,0.4777882328666218,0.07266560664824034,0.15136211898940202,0
0.5953036249156844,0.8753664829894762,0.1752894586679149,0.10133837859385077,0.7194171004943325,0.11310933877398438,0.23316839502626652,0.3379211984436577,0.6466770360805029,0.044637232924316046,2
0.336435138597384,0.41012595369815824,0.3516229826108109,0.7049906804880288,0.16720265413544452,0.3899864583953155,0.5075524015654849,0.07580508939048924,0.9480069724507898,0.18179858627059803,2
1.2971151326480974,0.2303109698861346,0.42578099918957724,0.8492606367765863,0.23963991623765912,0.6097537644948501,0.04109408220888114,0.8761357965496732,0.7687733434109407,0.5921310142025474,2
0.9576366981640938,0.6585858579182463,0.2947943731618232,0.6771347855724034,0.7167649012943793,0.755646094221173,0.6817762497954366,0.03838747354732441,0.8867139438781677,0.865264813461836,3
0.08301354081783552,0.24886227128929173,0.799754382617234,0.28482004569733477,0.18326209504838745,0.1379273773345196,0.5620423897364771,0.3502314870457913,0.3855577635474796,0.5613737843093648,1
1.006171424794335,0.5643108342341577,0.2525114607899506,0.7984316778606937,0.3855600000567326,0.698551125344827,0.8264631441570547,0.45248543518379164,1.0273315128172498,0.2746387830620367,2
0.12702160849371535,0.5397525511839916,0.5111067130369504,0.7085107365538946,1.314291308248623,0.6799283172211548,0.9208780587049664,0.9958158131270255,0.7640137852225805,0.7708289468927041,0
0.4686549695168868,0.2692201289358742,0.8237379499706529,0.7481789873175295,0.42416663269946614,0.7552168205628864,0.35693400048947166,0.7320173031735329,0.9342047429814547,0.5231699924822766,1
0.6011679283761902,0.9000271955531494,0.007955719433520124,0.057883029176146655,0.38365701972439503,0.31903824406256115,0.14309294482086052,0.4835040562248351,0.13869871896228012,0.9254271889580402,1
0.8975303501171431,0.6543517265691661,0.5806791670635264,0.3230135525950841,0.05940405660492322,0.7100526350081987,0.8800968816079127,0.6190704191449837,0.4001879696602593,0.8863653038556578,1
0.17707212103314296,0.7149412885306079,0.4360792532928725,0.5708928482150664,1.0107497058387538,0.6636631566366797,0.8987323396873094,0.47594377611126093,0.6885591940924469,0.22396602104953178,3
0.43867744986913887,0.2709134046987809,0.8880607636570654,0.5403672070027981,0.46225390898345925,0.7047329668142037,0.1592525584321376,0.5647423312559652,1.075273705868934,0.47182773563106134,1
0.41877271069815086,0.6326564937462336,0.7507721552832688,0.5463370249827312,0.20100324926418203,0.570066247475777,0.1837364206900177,0.7923138064788816,0.5182367759636773,0.12380462248481655,0
0.9446023055812285,0.5701986664658314,0.022642974825804116,0.7805772434565584,0.3655565093794178,1.0759128652106809,0.6834508041211536,0.20008173511604405,0.7831556595652084,0.26922176892006583,1
0.9481630045165075,0.5746950125031808,0.8078576368522682,0.10930854760849072,0.5065144587023968,0.5929542431533823,0.3999645121368129,0.20045376743922436,0.8667870869967628,0.913447286015442,3
0.2997988053825203,0.6867190327325063,0.8815479241736695,0.13455917483477361,0.6431785998900601,0.4179188292565937,0.467904793858944,0.874642961088268,0.2852898148720878,1.012967425010895,0
0.8764677257957305,0.5966633067457461,0.38411887529511374,0.7831849087477191,0.3632280260202081,0.7582454492244051,0.9010624736368701,0.3794647900760414,0.870698561891591,0.28567681879303847,2
0.15814281207218267,0.5817204759332787,0.49556265103485486,0.05267784725110993,0.9799886304664135,0.7028341322495896,0.5341559865360711,0.5494045084598753,0.4484551231739402,0.0542761528345842,3
0.32730666665578545,0.8736591389253857,0.9765695496724385,0.5967881042371554,0.05593734256459769,0.23608673238994957,0.23022750498615024,0.7766625551484007,0.08562202099441651,0.29086497958831664,2
0.5056686590355103,0.80225139673629,0.18753332740639928,0.20323122436658142,0.7741322126144466,-0.0014899830684707988,0.19319960870121422,0.3648954469288837,0.6455025712706368,-0.009216911242845831,2
0.4062758594979753,0.49403644335486574,0.038572152886711994,0.9134153637658827,0.2856412255390581,0.1483846835182079,0.026750884905438643,-0.12354326830544682,0.900320774001018,1.0554946546641146,2
0.5768190261232953,0.6034816517708579,0.7121946441982046,0.5180329934163553,0.6168678087488221,0.7652936422442467,0.40301495532101544,0.11455969045933698,0.6329429851592119,0.2972585586670445,1
-0.022368909113764518,0.17558269901549817,0.26516346506385324,0.6369628444996068,0.42078412051631586,0.797309743358985,0.8962722942260454,0.43479055498887287,0.6648066959726373,0.5080225845330737,1
0.29679210855660654,0.5186595234994668,0.5757072886030462,0.45175128523282526,-0.044905937954433595,-0.09466140883150304,0.594046193393712,0.19163345526237938,0.04948807236498304,0.7226655428001776,2
0.07393776895214099,0.19427372752072758,0.39751215588034494,0.8704722535327603,0.566120389736839,0.8164106175238863,0.04097033729700561,1.1716602455430085,0.8944616983814275,-0.316647464463774,0
0.012312024809671009,0.15103581810507744,0.7108470201102177,0.2938214132494529,-0.00019770041347896838,0.3197610314399826,0.6911075301266858,0.4706167257894516,0.23764764932280158,0.47623061184941073,1
0.5719246137857302,0.8466616037644656,0.24311588429337,0.16166755069829428,0.7642276076933215,0.03868266990701062,0.3037143820776928,0.291944882481237,0.643380915238982,0.05146040522544353,2
0.3979732327400164,0.75637825220117,0.8090717975488708,0.4122090787482983,0.5438300706063488,0.8111198376517846,-0.016351014975122563,0.7075497379772192,0.44529240352277966,0.21449843690052156,0
0.28462057968446336,0.11180982808418292,0.0020645129923272942,-0.0470735117946299,0.6920835637810429,0.3259599918982932,0.4991953681659617,0.506551134682259,0.39584693866303194,0.27057099943962243,2
0.4636027066444233,0.2455785698373324,0.10290697463505252,0.28747836559760226,0.6332100406540065,-0.10874143215884488,0.7468394644443247,0.815868486568915,0.5182279689885838,0.8268369422754881,1
0.028166945726084195,0.24440873003349103,0.6977197752390295,0.01583801472855145,0.042612968613349865,0.278336465578207,0.12525225877801105,0.864737437590279,0.4664959495595757,0.2944945891594726,1
0.028833811526377883,0.05726742243196116,0.8061991705333325,0.3642357799446162,0.019801730836512182,0.2716646973471032,0.6298236677228024,0.44243022116189457,0.29845491893523285,0.4290125831541735,1
0.5538258937005627,-0.054643556713810604,0.4942441385982525,0.8249319877684343,0.17836281470702142,0.35485969233256137,-0.06472046845504548,0.19827257495207323,0.6223641458944158,0.6501196898793851,2
0.8937855341141234,0.28526694684276555,0.5414206173940476,0.5553714404812617,0.3165766691911108,0.23669455728802505,0.02667627339651342,0.4499661954209119,0.37388915306769693,0.655948310630195,2
0.8020171691999248,1.0142720480749339,0.3056806208294207,0.0522367114409118,0.8624564253187648,0.018379318018124396,0.11358653539034966,0.31779019593392893,0.7683783967372081,-0.009055125124553528,2
0.44329378564593724,0.21899930478686153,0.3591820864274767,0.4007197696225114,0.6208083191742516,-0.04877188534665114,0.5154274614924825,0.8860971671982222,0.5578575490121883,0.644684591352913,1
0.5145548533414068,0.3399903752859276,0.10755827058990242,0.4003512432843995,0.16996245740640573,0.19391573058993183,0.3398894958880846,0.15864184672331255,0.8245733426146704,0.9624011178283782,2
0.15257364419772854,0.212715809188657,0.37084613014757,0.7553969014807816,0.6000646352227381,0.47271656769576287,0.6067332125183107,0.4037619661322922,0.9651729930238732,0.7293587279971333,0
0.5262438130926879,0.9767385558270707,0.01218549779225855,-0.02251804384444968,0.39877024170076225,0.356352068147903,0.06396232568344382,0.45310597714742573,0.18302879854755438,0.9588545338467587,1
0.08114461724187319,0.12819636641192333,0.7783728445106957,0.28674697449069203,0.05404011534261931,0.2981889943212712,0.6081094778723555,0.38517962657504956,0.28654176648823476,0.4861550458465894,1
0.8921978265808681,0.5539027050249818,0.2909774806748446,0.7317893469199355,0.7892410123524634,0.7251502240254494,0.6879366230504502,0.10555123536759327,0.7800473044953988,0.9451262027206169,3
0.7424621812829015,0.39888531476473105,-0.1898785958450518,0.5060065618563478,0.34092293970270615,0.32970430556333946,0.5550838520196526,0.7367315009023607,0.7190973772526335,-0.18428674815379847,2
0.6067891813124817,0.8681395486848277,0.20711319927673041,0.2223871692412257,0.733920793120155,0.004563792561661721,0.350186467492499,0.4815839331206384,0.6639134035187223,-0.10981685258292581,2
0.47537608850900254,0.8222296658363775,0.3384606444750825,0.18342331071331242,0.6696841272905569,0.008998979477965949,0.4063331653647181,0.24971014393399799,0.7148731296463733,-0.09549632816284565,2
0.9442435422910002,0.5678407687060345,0.7671213932251293,0.09199163373453934,0.553681413610291,0.6479708856157982,0.3585963074933707,0.18476521671616086,0.8195662387863786,0.9641962595322021,3
0.9603458136672798,0.5471880484249815,0.28295817876089613,0.6324734162040428,0.678481931950664,0.8428214908553613,0.6813609480019582,0.1676762146424725,0.8363678882873002,1.0127094588640975,3
0.4271483768500668,0.8187263861005571,0.245060915585864,0.4452323006545361,0.7796017642093197,0.11039686519630537,0.10324155593505437,0.22132009985915177,0.6041445387935144,0.8885526468568651,1
0.6784458723794177,0.8203849890537889,0.06065049921548399,0.18782431426473248,0.737603818525295,0.1589751919025632,0.25975645317231477,0.2844163350936858,0.6203589456943547,-0.018926271180314605,2
0.6083703351412053,0.6564080382566061,0.7326262588178232,0.39408514599465894,0.6251925864736482,0.6408313896991503,0.832366163723208,0.06325427840647631,0.20178519603350073,0.2746928453752441,3
0.7536638409438954,0.41096049117849287,0.8772531661152191,0.7403522844319979,0.5182646390714639,0.5835584367429543,0.08114503223214077,0.6732950610512396,0.8484433708652381,0.3957382297236404,3
0.9066982031691306,0.6045205192948492,0.4193401562038166,0.8440077209194977,0.7974420885514584,0.7635271211342948,0.7103490369850542,0.0947113971727782,0.7501115487390412,1.0318356339263706,3
0.5862038519096872,0.8031968317442454,0.4988656000753098,0.5295627610474448,0.15702683784045926,0.9365651534952273,0.13299275308658715,0.3240577980514701,0.1519184213790496,0.5829415059659978,3
0.10417783985973417,0.25688048323729207,0.27656767052647974,0.6712990917726491,0.531109791748879,0.7606438635656234,0.8415346604082328,0.42828860143201153,0.6006901304080449,0.48627391387659025,1
0.04148653630331241,0.7957128195092394,0.293445193040714,0.5251386879905233,0.908116641031507,0.5884662639456444,0.9170372336205519,0.6639418769449624,0.6371126937540299,0.07909849970303967,3
0.07415079515441238,0.85208557448801,0.4171663798981319,0.4622557823742539,0.5097764066586983,0.706159150471769,0.9635656775181668,0.5849243616575375,0.47639026734207485,0.9209987124754886,1
1.0297641448438684,-0.2713074721094615,-0.08025943304094674,0.782812803670635,0.5867807624936865,-0.5278273547393894,0.21993298214099954,0.9327190957182402,0.6514333299296104,0.695567473583058,1
0.2573103054597966,-0.17820740957181697,0.4201036535104875,0.5372508864304391,0.3872473234731,0.32279072672112435,0.2485730461189467,0.10177272396643261,0.9912019535078233,0.6162898608887593,0
0.44769067331980616,0.46450355187636805,0.6391134603667923,0.5374937457363762,0.9039428763371793,0.40925441039454497,0.2039403613526598,0.3956179385718634,0.9829746452851438,-0.012291656722224494,2
0.8924342783619101,0.7512758942646026,0.1574478732041183,0.7567050962391328,0.42213812568678366,0.9057963968754397,0.722374647169066,0.10062055545299692,0.8771667997197647,0.3231837168514001,1
0.3353858644141913,0.40494804135240997,0.34973163566544013,0.7038256518941614,0.17142793968456196,0.39010608946965286,0.5046245154164986,0.07471409948258483,0.9420266278149013,0.1872406857807082,2
0.5209114683881898,0.8221094875313921,0.3089814625177017,0.5228087748898178,0.7824912250780129,0.15932318266261267,0.03446929424011191,0.20625708734158285,0.5284815602886819,0.9241559329841295,1
0.7687318655438745,0.774636472781369,0.07087071287474977,0.4467359985649465,0.6996464516431963,0.49681125095552964,0.33869313536697765,0.4267272084004447,0.044319348713448455,0.22695185690632586,2
0.13924851945045735,-0.023114208750416698,0.3496859880872232,0.5596853557341649,0.5602705089825396,0.6571481424548031,0.6566846003871639,0.4046510062853484,1.0541577505414605,0.6801410212795326,0
0.3683828820115325,0.33170919259518633,0.3622403642410881,0.6990965912720004,0.2369698033114167,0.4021848513393265,0.44157169435893073,0.12133403204967873,1.0140979812619004,0.22948552321304005,2
0.017866627856919406,0.4079323669972523,0.4467746811032555,-0.022629968309191048,0.8833537429055914,0.8808541706036356,0.7687083398428798,0.8232304726483921,0.14874210425740714,-0.21859021029435444,3
0.8702144058665207,0.2881380156822557,0.8069651985276106,0.6254693549744795,0.6290773310223834,0.3544485234290775,0.8477065846111598,0.48033727205619,-0.01217478008877601,0.38670017657743005,2
0.22904148358478485,0.2192039030098449,0.29046699838889967,0.823853043350061,0.40922780121988417,1.0925645095016976,0.9113693584304229,0.3282170981709949,0.7258350597919799,0.39215799688634373,1
0.4705274735808721,0.5168664622248382,0.5970625129639633,0.4872329328898166,-0.06355936472843937,0.6269001794352516,0.5247238917908001,0.15019489194434293,1.0263883142520038,0.3032353407559575,2
0.03682946652863088,0.23292591842401053,0.6861119903786993,0.006723887307686867,0.04256174058541661,0.27316804726584193,0.13931781480971125,0.8786070888702925,0.45595627505791825,0.30755497206609594,1
-0.10672800761945556,0.5938910330121188,0.4975752956866411,-0.3118750929031714,0.8584299680246875,0.5651967496131556,0.02533082710727963,0.23960258411367602,0.2857347274625503,-0.17128697373083476,3
0.02131745270340231,0.8044402880602413,0.26995658011543133,0.5180291412210093,0.9359636284993019,0.558568807861603,0.8963196707779149,0.6188899385620287,0.6452263703544778,0.1075669490140607,3
0.08892073317471785,0.8588777798691416,0.22944176309685144,0.3899014782095367,1.0378802886876546,0.49464110469347244,0.9199702347619949,0.7280694165035717,0.7301982291236637,0.21211914496028797,3
0.7218015373172267,0.7727191605337334,0.5991413265525125,0.4309993118552474,-0.03283460095930882,0.39040269449244974,0.17931750322954249,-0.003913425712685062,0.8912132099522952,0.6580028863056964,2
0.9490161749809362,0.5798621019869065,0.7743073004319135,0.10287480141016248,0.5378580650985734,0.6602953593477784,0.3895701490577122,0.17740477846337716,0.8162223225783825,1.001525920714257,3
0.16586095712860596,0.9358889869863884,0.1148005985732738,0.3078630805154142,0.822374654456307,0.5626145709419519,1.0708000660245172,0.21191666117634203,0.5587214801188795,0.8088701951173882,2
0.7213862314669515,0.3869634748650798,0.7016031929226061,0.3389123967685532,0.70340752217946,0.5472996081977972,0.6472361962146054,0.3514787705818083,0.11081282594666989,0.21998267699287802,2
0.5000096409500359,0.078383575999814,0.12520907553989616,0.8968434071228714,0.5266057263799613,0.7064557700441301,0.8778115797562286,0.9772808830374671,0.3472706667748615,0.882483564500254,1
0.8995679516227464,0.5900635459859629,1.003339715635617,0.37629130109960096,0.31871023214275607,0.6535386340601343,0.6782716904683966,0.6929363077997217,0.08775021017352191,1.0622380131649314,1
0.8055952727820118,0.5237820952878718,0.6806865122331246,0.30498747697241446,0.09090130973110877,0.7961126151572865,0.9188978219694611,0.708517531687537,0.3656021304874139,0.7212549206450167,1
0.4828016220247604,0.8715199828703425,0.33529722118807676,0.5671556638306018,0.8415392529278339,0.13739146908292993,0.07680248703490675,0.22544960457466934,0.5304186528040781,0.8995851807979316,1
0.3273918674068512,0.8710524785309597,0.9787710626986911,0.5936199054218799,0.05446294315811203,0.23464669132513458,0.22823673500672415,0.7778451876217753,0.09026392536355128,0.2862181811486096,2
0.4365799469863094,0.5442525059712862,0.030448912895317648,0.7488494435227335,-0.1252513952470115,0.6718346265810208,0.3347379562275442,-0.23644332988455363,0.980829607529221,0.4179330394358531,2
0.6019971733744717,0.8953390862396067,0.012950559808540076,0.06168871298207312,0.3841155248509319,0.3209659415212524,0.1444289024740997,0.4858458461422862,0.13917990686070628,0.9191359446531322,1
0.4056201091166588,0.4225347242927632,0.027051983262321055,0.8665139007350655,0.35023708316352586,0.6022191709584412,0.5277340613541137,0.41150777024193297,0.8093121018349742,0.3556985015366261,2
0.5871889356537876,0.2950497385702567,0.026926648331319053,1.0257790390973525,0.10116409251394201,0.5246833823611088,0.5254490674592461,0.8650095496638472,0.8697425768569754,0.24268304841621705,2
0.8935620598537313,0.5458979874521286,0.27649161716409915,0.7367744308866753,0.7941607864797376,0.7246330263725093,0.644328926657884,0.1047836862401133,0.774062092076004,0.9209358673040671,3
0.707623593593945,0.6918234667092834,0.8014546492856155,0.4292037038617289,0.7141186179637191,0.5796588351942431,0.8163767618812872,0.13261659662711,0.26309095484349165,0.342582006689498,3
1.183603067871176,0.15409836084113201,-0.16752791409884704,1.1285800484237696,0.7083867751250146,0.19271135770614203,0.858476545700175,0.7789277829486936,1.1923583885293811,-0.2352588683537995,2
0.8817871215616513,0.7187685883072478,0.1463867968735498,0.7815151360959991,0.39950866002852603,0.9697840146249427,0.7356710527257496,0.1716578431595004,0.8365168104666417,0.3303553467830626,1
0.5060599142926093,0.8683720344418828,0.5103909908565984,0.43466327944067323,0.1689138192108922,0.934034409570021,0.01394973063663571,0.25879304595564606,0.3010566246303955,0.7460702613698523,3
0.4953727019309375,0.3886699267742397,0.24827988728131362,1.0072209956002858,0.2318420574803831,0.4869404185793622,0.38130044649795,0.6817653975707042,0.7712546732290573,0.2606202542452597,2
-0.22614311424688383,1.0489855283439837,-0.510893219869661,-0.19241380114430687,0.5336293212454539,0.9521256168283578,0.9402311227529547,0.8581051678182352,1.1909159863073813,0.49549829326064293,3
0.15879256941331182,0.41871171740232277,-0.23040143330985416,0.2393402634464584,-0.10492637443495761,0.5797234615190487,0.5836120059944596,0.27504535531260604,1.0801405933470287,0.7458307378609796,3
0.16910293086248657,-0.22276556290049637,0.030160831251095116,0.6799171527871645,0.37096838988406355,0.45852411995809855,0.8788945765509145,1.0078763407511668,-0.14011383370087177,1.34005213714102,1
0.4249810151142851,-0.019086112846342124,0.42247721321565773,0.9257364637987624,0.46487815370789876,0.9041417247724097,1.1785981936562226,1.188178136319793,0.011343777248065179,0.9235808454305321,1
-0.028217227647919507,0.5297106937456231,0.2424722564225769,0.3995587808190453,0.6323474903117378,0.4633962284442087,0.2082596609348209,0.4805835592848867,0.6891517889047551,0.52068772691,2
0.547468552652229,0.47678036231414245,1.2061682678853063,-0.008478671862567275,0.26174410097938366,0.11655310395106339,0.32207427241292375,0.5592308795226978,0.57339598766966,0.7753212950402707,0
0.3281561026350502,0.8633770736816756,0.9735917797800745,0.603958503496502,0.055456868293857826,0.24180619060672834,0.22912402990750821,0.775516331264542,0.08783767218240468,0.2786338262797308,2
0.026247771485388947,0.23582879713254182,0.7041997468606147,0.012407731763727173,0.04360275315690065,0.2751898525958952,0.13874957918818911,0.8695640613374025,0.47188488732386846,0.29425153268793697,1
0.6829824840103395,0.8130052477637919,0.24674453908943977,0.2554889286310503,0.7731674736966103,0.414328363858161,0.17184872357096695,0.38213071729295733,0.024631395346009114,0.32997233743808935,2
0.7828516319987153,0.8052812170065641,0.2036935744992377,0.7980213188059437,0.4519659185361496,0.9361688105089117,0.8645495189369842,0.195488267967068,0.9623004465519798,0.3652184748421496,1
0.14523737422552632,0.13249985617190654,0.7496173954533051,0.2696513752524079,-0.01783652370892644,0.3612973938820104,0.7114389784601726,0.5340286105148349,0.2629869510739648,0.4981746618620082,1
0.3242586192778129,0.8681602378484049,0.9832569605935695,0.5917901116244839,0.05133950133141604,0.23028976326169295,0.22920181317917113,0.7793520166504063,0.08790066302144131,0.28839015359121983,2
0.5993371936724426,0.37911058036482914,0.7138462795667675,0.21781225566667378,-0.17767060281488584,0.9572898929363293,0.08837458287537307,0.031164811022815375,0.47821630873765175,0.6557719282101612,3
0.24378695519811025,0.24235249276196386,0.3272463008629737,1.031733974684313,0.29139386899949726,0.5567254538524371,0.5069372242983153,0.6090935579026284,0.17619036987610934,1.0861980178007868,0
0.36975023869601154,0.8777895151377237,1.0108487069965877,0.6093658344245219,0.05401188559268328,0.23872349839102422,0.2123188966868314,0.8177957226915991,0.04313320216207216,0.31686320017650244,2
0.3310303074577921,0.4468431641181704,0.21328365407053507,0.533962896920729,0.10621228403376254,0.2702044398352212,0.3292783125248081,-0.012633220203699225,1.167139786243586,-0.012816488571867596,2
0.10147270992810314,0.8323707398926312,0.37178726600156287,0.4872751639287945,0.9323091650661742,0.6023090215624255,0.8893633965207536,0.596012651300212,0.5885189180945972,0.05235370608785264,3
0.6189929409023447,0.8308227109756892,0.3870670162778318,0.4603105599605177,0.18461969398532288,1.065531426662768,0.18837947110417902,0.20895242005638187,0.04628693141883579,0.7753690431534328,3
0.32642789634846686,0.39629469371095294,0.3491034501516911,0.6911989020039515,0.16263878906368587,0.40581503663554813,0.504724287292659,0.07194430761964013,0.9329072936869051,0.16952831644373992,2
0.8440202433602284,0.6870709155559233,0.7536034640901756,0.5849529654495236,-0.6546763704657076,0.6591862640783746,0.45082958530015926,1.2221045128548151,0.006871631830954517,1.1845285450840637,3
0.14731438829753762,0.5627198971848641,0.4638006641101007,0.09437411129616845,0.9254721473668027,0.7304722062298259,0.48761386919231503,0.5489843606472539,0.4343022156336439,0.03387344830784497,3
-0.07400464133977322,0.35968851253047524,0.6133720570200314,0.8032830304862656,0.5767573185953412,0.5950517787828996,0.6821260533629332,0.9248628360138182,0.41267976087167935,0.1685996448480056,0
0.49866755058289647,0.9281621492022922,0.20492805607883047,0.4583437861106041,0.6818905083528993,0.14520341630126016,-0.09666589155033353,0.30653711183391924,0.49797249141430794,1.065437020552467,1
0.7617272865503683,0.17793972720813547,0.4371445687292393,0.58622641033122,0.9059765725351453,0.4780636353240991,0.8760653306832988,0.19023989362634527,-0.0491259760650809,0.11869174282581613,2
0.09461986981546783,0.8437978224592377,0.39486030114673654,0.47405200757987825,0.5236105001774757,0.7135530140096379,0.9546962111355728,0.5714254940014655,0.47183614489988634,0.9173284242199584,1
0.5940290941060995,0.8910106557483932,0.00632203609288394,0.06856468580688643,0.4032686230229911,0.31166315614721596,0.1325100346714183,0.48393016179886517,0.12533785744437262,0.9207012736686225,1
0.7838695144345134,0.7101075594775985,0.3455621092572006,0.7035026625533574,0.35375786364469397,0.8162582860327356,0.8477410839171736,0.2903853999400443,0.7833349903585182,0.4487151729936262,2
0.019128698170132463,0.6229524705129067,-0.3949136199973938,0.3625967597071719,-0.7071942850966022,0.9960519387347218,0.6551926910874926,0.691743623276803,0.7226817460424009,1.3265066971392572,3
0.6853382228242164,0.6012391045601868,0.22965609405194584,0.9797651276715467,0.5782551603715146,0.8472689781093761,0.6384529307958835,0.07379961086188676,0.7386568995774889,0.29007754649825973,1
0.027859239060280105,0.21978059101074654,0.7181557352484988,0.010095249042647681,0.04333240686723225,0.298831050890459,0.1311957620906996,0.8720246202526876,0.4801320781662583,0.2839248578256747,1
0.7073202156970336,0.9628595356683957,0.13408951396951263,0.9713798617203064,0.8586617044120257,1.032854167948928,0.6865801488618549,0.3858152822891533,0.20447358072569263,0.4003462518778388,1
0.6467034748219531,0.16644217176998455,0.8524107758776331,0.4743336077236038,0.7093033189233207,0.6635575141471391,0.48787969241492074,0.3524882720089364,0.16969679439540544,0.27727394537753347,2
0.025524543101874075,0.6023501945603533,0.4706825248832669,0.10628963978837071,1.0504222921674566,0.746907356968808,0.5838068810322645,0.4127880582898933,0.4000951955738225,0.1781750641244509,3
0.6784541994832038,0.7973659726586186,0.2705806672806759,0.2257822604789376,0.7625568414927257,0.4066623208005419,0.125025966778665,0.4298607587852699,0.0408475038958824,0.29369507954943813,2
0.9160054828363293,0.5463539722241276,0.8085763261512072,0.08538556023633492,0.5652036238470143,0.6705518726808674,0.3415195580878474,0.19320247186686634,0.7888784165895434,0.9606323724465056,3
0.1548062412358786,-0.09097961979392799,0.3947375883819153,0.850631589868575,0.6395131382083304,0.6583920416723497,0.5233471334698134,0.5988780723112588,0.41827299360604553,0.29611867625100335,1
0.8410807987140991,0.559010938332515,0.2778756640531015,0.7247763432421125,0.8214644727893876,0.7390694845480088,0.6993027039293577,0.10213932269804961,0.7537611644691801,0.9521936176114466,3
0.3421875553224565,0.38481583873750824,0.9214077353255304,0.6959261205309021,0.44541219642634594,0.8029561530181535,0.21866717839746183,0.6348013464482951,0.8943199490567157,0.39182632377891446,1
0.5710215924544897,0.6162598916234668,0.7243671101226357,0.42942744885444584,0.7042324344394205,0.7472901195688489,0.8681092783990026,0.16380876319907417,0.259494487907518,0.34901377640084835,3
0.6058208108779383,0.8999632693607711,0.0044799026341987205,0.06258116316776294,0.3859742132138675,0.3282324090685101,0.1377386791704448,0.4824053728950624,0.13862408250019878,0.9254557251608329,1
0.6790048829094254,0.11147971605704993,0.39254274893799435,0.18115507778467474,0.7118378804603278,0.12841007552671266,0.6665921390500619,0.8984232812246195,0.45461184026626456,0.5137419085850495,1
0.9622665911542827,0.7625541558503928,0.17648378332805295,0.6871445684528377,0.30914557708452384,1.0574089444004442,0.711142373830662,0.20003921733068014,0.8020459000957975,0.2828972873941924,1
-0.19350853676400903,-0.04828201212623248,0.27232838970731865,0.518202789572794,0.39801473749250055,0.4516609580907486,0.331519501111223,0.052890415355643594,1.0174044775225402,1.1210635044012844,0
0.5784146963767065,0.7555743808418224,0.4600452069307345,0.45632007176936806,0.14753703919967207,1.0239374520092912,0.14847972140398374,0.24946929609129403,0.11993428618538908,0.6457488290596802,3
0.2817014451790138,0.06189465832285362,0.02113501373063676,0.03483331944700359,0.8143077981794374,0.25668426917170034,0.44343405678961145,0.4913255036292452,0.1486491040113096,0.21457717399633566,2
0.574336602891904,0.6448670909927208,0.979920467489814,0.6023200691812138,0.6820080064897636,-0.1733395247691037,0.3242124623867211,0.43619864584273754,0.4365764205122301,0.6106238846656886,2
0.33122531071420913,0.46286738761595736,0.9987777340883757,0.6433330440780027,0.37052034838769876,0.7428099162979954,0.1440466630748977,0.6423971404293534,0.933020522686962,0.46460184727174364,1
0.62399775499315,0.7557113144404257,0.19185326826357654,0.3537994037860993,0.8430723536780089,0.06601919896691948,0.6034397398100575,0.3383620842005249,0.8908524227760857,-0.04258687093602136,2
-0.032804780748143456,-0.21464601174281878,0.09528221510230889,0.9575053325737517,0.4604995833098341,0.3963743677118793,0.7097205880187847,0.23691613170725784,1.0825458276722266,0.9117429639361141,0
0.5904153313938344,0.86643029993875,0.18782890709784844,0.10724787696291624,0.776889329333094,0.04807013228514877,0.26055699550921785,0.3966686061626122,0.6043995634776793,0.006531054083155321,2
0.4666217696023395,0.6244118600985402,0.7604139097489305,0.4948549989843817,0.25325576291941077,0.5651561852321326,0.19454092508144424,0.7310437205568894,0.5540346905011088,0.11972745354430314,0
0.18663795445842424,0.20544322575674664,0.41428239285249835,0.6965776384750889,0.4437210644960079,0.8052497487383078,0.7612316711917206,0.41477593268579116,0.6824621707160747,0.5324886049897918,1
0.7901308369137029,0.1358222169488715,0.3374222224870532,0.5557758512083625,0.32845335585866425,0.7490044254062309,0.8462172850727389,0.27976497771022424,0.5900963222510209,0.8445409622598419,2
0.11953022814109743,0.8850584327264254,0.43618426943832983,0.4420184866068215,0.49281034379104877,0.7386476855619042,0.9406838416884192,0.5449393435615386,0.44323367597089275,0.8869103540479195,1
0.45661035525481974,0.8169258082826585,0.993614265118701,0.1121679905552021,1.0414667316136805,0.27273513092178836,0.6672639738237922,0.8349104787186264,0.46210104879337804,0.853244545285802,1
0.6906914493878196,0.08391732326809731,0.23622926242308873,1.2201794774635755,-0.04210999974208915,0.43309661878842837,0.5865374277809197,0.6063157746602326,0.41950974559924387,0.1393547350415202,2
0.06552633478893848,0.22100477069394686,0.3956537648011647,0.7034943886642899,0.4943692113706175,0.8642163768396774,0.8003354703410949,0.3914875100752898,0.6415247996221556,0.5167441907001002,1
0.6506905992064147,0.9368631663048449,0.0022902161331321367,0.11300506832858487,0.3647639051518118,0.35741909988828346,0.20868537337445978,0.5192364793591865,0.049454722744641744,0.978331248077341,1
0.9321030170023507,-0.20262129016065278,0.8117874954779989,1.20930729437299,0.4104938456425409,0.608241328406304,0.28268912257931855,0.5616710910549156,-0.31556852992176043,0.7607545060215589,2
0.41654922094912533,0.3659017119928003,0.3987683648866287,0.45393747862220957,-0.000796284764944144,0.07650104776968569,0.4576141632138285,0.3039360362124208,1.1860443864985972,-0.02197863048476817,2
0.6021836834643204,0.5120218208048913,0.7064672401693273,0.5465314324144502,0.5507074098983568,0.2667169844928322,0.05301905280550175,0.41742295750088765,0.5500706647930936,0.4499909128320656,2
0.7702411598159505,0.3777803668331061,0.8696394096044301,0.6910637025799209,0.5734138253100434,0.5759746899239473,0.04235450712537024,0.714409423078871,0.8312914107119849,0.415608506640468,3
0.6865213624951346,0.7241206223328016,0.39096207964658497,0.6055646325686423,0.19332654917126774,1.1831939324619314,0.2126379113543859,0.4269763636253696,0.2221942431035558,0.8278682831011726,3
0.6531173064081292,0.7887913294964304,0.2687467456658982,-0.033192217298240956,0.678587831546926,0.0028040875010448066,0.33945222328810576,0.44211567288851616,0.7353780392039895,0.1450648171355117,2
0.2123814091274176,0.4984687660703953,0.3648048275076752,-0.01502798589935761,0.3585593245042731,0.18241423775564153,0.17499731004062352,0.19544947207155383,1.0056490722120552,0.7797145382204596,2
0.41340087645624457,0.7247803777566528,-0.01572802238980532,0.1573109752067641,0.17041751421763973,0.8936279795420191,0.8742935194154368,0.10718594081490862,0.9785662515765106,0.8395076035827955,3
0.4306475503432894,1.1706532725793468,-0.18376283496243567,0.405331030097882,0.710995466064007,0.3857094557652511,-0.15478678382910488,0.5865583839730591,0.5696412460954755,-0.2799346375770755,2
0.02646190006736162,0.24698747184154965,0.7016897252857164,0.02311864934785035,0.034391717216184114,0.28228133948037076,0.13154778462339164,0.8701082107195321,0.47198613543448076,0.3065022044103093,1
0.5573425811570902,0.6785557287086671,0.18001388517968375,0.26801021334495845,0.8302678654013043,0.4991691640361707,0.13338707493131163,0.3021043307284864,0.019862961895697036,0.23276769813215287,2
0.6969195877239824,0.8553927170414429,0.1632132363120063,0.1135902176094688,0.8376647041647449,0.4974076238159528,0.1432854583812995,0.5486113197955045,0.14012823222760246,0.30018473455214634,2
0.7082217125042315,0.11017422035319704,0.5742376214876257,0.3955038530418369,0.3412346864036456,0.3023664710358693,0.07360092667840384,0.28047387227260157,0.344146185624889,0.5921352475558839,2
0.5657431285773761,0.4274259502121111,0.8981357697375548,0.7140214293303948,0.48022741278194786,0.8252140551147232,0.44086210617442123,0.31619715462333037,0.6832523960286776,0.2617279838867407,1
0.04611147995982438,0.12875783929375947,0.8048694882415852,0.3369003474001558,0.09591045285592203,0.22815855318222356,0.6399064444841086,0.41830363091459216,0.31311646965224726,0.419027803401828,1
0.6520136968733253,0.6789577382077573,0.8581789365135423,0.451337912429508,0.48151232421687284,0.7244024340241625,1.0148823378080423,0.15632661658695135,-0.001404942581683194,0.1792955098057178,3
0.37327165441635374,0.0984095909619548,0.6446702751707367,0.774468227289577,0.5015687664269456,0.5394702055545689,0.3842273271076654,0.477207321568752,0.28398035697903484,0.6850301850410307,2
0.0872350731258204,0.141077868040289,0.29866578372115477,0.7441746640594802,0.4664805514262679,0.8036832766046322,0.8258629077588124,0.3326967632764255,0.6771799369021239,0.4530237116873613,1
0.3262265674316247,0.8696513375961675,0.9797392064849201,0.5947632162595856,0.05369482374551187,0.23321537614323887,0.22739493645388503,0.7780855838613022,0.08954614327877898,0.2873861192391548,2
0.2760800151597555,-0.23119267396090928,-0.001331071781427856,-0.1255664881643721,0.6687636414700412,0.33529764520913646,0.7081454415419857,0.20889636228453884,0.37508549468486707,0.41896844825730994,2
0.3082863196225989,0.8921804066271396,0.9733687435829267,0.5849511515365957,0.10852963308735825,0.20272952517420942,0.18413440719929214,0.7564234427576003,0.10502900789509062,0.28768988424069347,2
-0.2925009814394317,0.795661505087014,-0.8679432333777383,-0.07319948700333105,0.2352698464324393,0.531863896942802,0.451643341921895,1.3194833158479042,0.17952864162127588,0.4135751688415573,2
0.40484764309707866,0.15201307679315434,0.6901519840739663,0.9176582174490917,0.6019396166022343,0.7385803774630928,0.23599383620515096,0.30334752853437563,0.6271500834122432,0.35989052013623224,1
0.36914651337952764,0.6530014170358109,0.9115597209612564,0.3403687096556155,0.18273299710600993,0.4150818865609034,0.1627127780119088,0.6428991467245746,0.539446116474816,0.12106559964347653,0
0.9962070545605938,0.3321719253839893,0.41323039757639213,0.36062426632829425,0.17134688680181553,0.2573996494099374,-0.09876983626256691,0.6027911264480245,0.07928177635950745,0.5540182507103636,2
0.2167014660659778,0.8012528473579521,0.8379815986938579,1.0699959166103585,0.17254984957608077,-0.22882231478640402,0.7714888624794028,0.8061118808734018,-0.25905366659472645,0.6018630936505336,3
0.03470152416238063,0.8033324651834132,0.292098820781229,0.5175269840942379,0.9523947191804065,0.6206952370788352,0.8656271243630046,0.6061255992500072,0.6252387495870314,0.07281779765112911,3
0.6848023390812763,1.3953650658176189,0.286449902313894,0.17270280342137245,0.39141288901974636,-0.25801509451603516,0.49519617610258715,0.3055640896388413,0.569717863685933,0.13205647036322088,2
0.06689547426707092,0.3178675807782452,0.21075252807294598,0.12001004643784319,0.47891834904610575,0.2584586779388074,0.08357127886201297,0.3135387795966884,0.8812837217455707,0.7106060702581415,2
0.5696523721084015,0.8676033428342563,0.368578467031886,0.4850954047370964,0.7942587050209188,0.15407233025754719,-0.0016653395566836524,0.1762656777471508,0.5523033920126609,0.9008847178811599,1
0.6272066731977771,0.5818711017363761,0.22258290485797427,0.3008240288328127,0.28086315306811516,1.0261078234926504,0.3755764094104831,0.05055167795432303,0.27248991939000694,0.8874213869690049,3
0.7507290184729996,0.280362538099891,0.23159891340785355,0.31148040828191687,0.47133293246066926,-0.1487479354210585,0.3455715502571852,1.0275961902621844,0.3741487220134657,0.5866209740532752,1
0.4125536943793272,0.1026658044008686,0.2221041969429589,0.8187126762801791,0.5068074272934777,0.7988620536733048,0.9047009863595592,1.0757070288242723,0.24624285571926485,0.9576200113601214,1
0.5709989577924822,0.8956321614123479,0.04710257163020727,0.019599759050425977,0.39398380550687856,0.337397117362829,0.17094969325911125,0.45402473167084134,0.11158026517605671,0.9226857205776596,1
0.6045468551130981,0.9024331555500831,0.009716642794944582,0.06492917791360722,0.3878087792205806,0.3239298799315382,0.1362075668130982,0.4847290392371755,0.13677672037887548,0.9225994112948418,1
0.14643504844701521,0.2878616383983786,0.4100626402728833,-0.326778292226653,0.6797850845018141,-0.031775001710340804,0.15241029344342322,0.8614557349496108,0.4045275186787558,0.8652093622818274,1
-0.03862397070840905,0.19960619304933352,0.7806513232653075,0.382559523822618,-0.02927678014258059,0.3036619983112534,0.7478091844076175,0.37515388361555924,0.3189060914902348,0.43780072130553355,1
-0.038821344438538824,0.034010476728839875,0.7810846155212957,0.3013561196058095,-0.04879475270820184,0.2833151499120679,0.6056704108163198,0.3871701255364865,0.3088301314852844,0.48878891799989427,1
0.49135381823786906,0.03945565705418459,0.16733093758970874,0.904693189567608,0.545403014133242,0.6701165378472497,0.9029558133015099,0.9799728985555809,0.3890740857020833,0.9265485610688248,1
1.205412511052097,0.32177144221449383,0.28769016793762076,0.1416547484607957,0.10388747663324036,-0.045899547330940954,0.5797362143456973,0.9118998641440108,-0.1850904286657296,0.6949311358766274,1
0.4076898507706962,0.6328481262574941,-0.0483768251949781,0.06776848279649178,0.44044963520254443,-0.3951288361749372,-0.3984752152809609,-0.07265197894489184,1.041677198294122,0.3322684104124462,2
0.9188692868647308,0.5883622945387783,0.7774008668227961,0.08043874043108962,0.5430827683831907,0.6532173031540512,0.3959044862016392,0.21277021904946966,0.8439890444005195,0.962113779747872,3
0.20512145731345816,0.5547944616269037,0.5453120550148294,0.4575032409236707,0.013180499281571223,0.4510507618990961,0.2524813848162053,1.0032984038686037,0.6916978036102382,0.357164850924529,0
0.4410467880699128,0.7157595702934045,0.7264727631790056,0.6816901789258262,0.09502552919255644,0.4081261871556999,0.17475980536693297,0.8034305613346074,0.6721224812595534,0.20029558245983684,0
1.301624725557036,0.20945029433331974,0.29436664744020585,0.6780703573255471,0.3425316593283336,0.8943564749717051,1.1014877617617418,0.55764416860545,0.06214117427519955,0.6200014601306392,1
0.5478535447687296,0.5160632770738549,0.4129417831099432,0.8722232534916954,-0.05117314762794864,0.2743403829943295,0.3696996785057828,0.28018764425728315,1.1377520630920341,-0.022710755787930664,2
0.07880555382716975,0.5214537295865027,0.6325002510888984,0.8588843766366092,0.44663886914777023,0.4253062371558831,0.4396382742072087,0.9709893081956344,0.5054670028889149,0.292257494532452,0
0.8654161911218488,0.23278306088288991,0.5396987315050287,0.4910148441066755,0.4019407490877066,0.24994824376236097,0.12147633913946945,0.3595069301740565,0.38210939461658666,0.6175487473282537,2
0.17808440743789256,-0.03976643780595468,0.42619332533108656,0.8443972740585204,0.32897708698146366,0.8008763092708642,0.4320394215745468,0.30981148647497186,0.9004677440908991,0.8198824587493475,0
0.4968966153307852,0.08266183817228452,0.13691509662308907,0.9073040698814736,0.5387554019159113,0.7252468709180717,0.9120295180354446,1.0058616805893728,0.3630902860187162,0.9184198672105706,1
0.9692021848819882,0.22561565407294984,0.07897962438532968,0.9622259210180992,0.5797084025966248,0.34145149019322246,0.12426728222884675,0.7861402344682604,0.13973131471423514,0.30942669512152227,0
0.9183409555951946,0.5751464475474358,0.7396489308416778,0.09872866242488343,0.5386663457804269,0.606550199346829,0.3798303661614217,0.17000663294231863,0.8211040738485277,0.9829363255595143,3
0.30144149416020855,1.1607709100224184,1.9466887778046087,0.20237347480996387,-0.5362387369353383,0.7533032932883943,-0.5492408423953825,1.3347078216762096,-0.16033630499050988,1.4200371670172494,0
0.11475060763944944,0.22407127991708933,0.3229613719792511,0.7056860504506204,0.5168958541990114,0.8996031047244459,0.7899749396091289,0.4062915552883291,0.7523272095419483,0.5286926187009823,1
0.6647224614271905,0.4390759839580959,0.768623892537903,0.7742950244511929,-0.004481709958543467,0.36603457243019133,0.3112875740216132,0.769057870693618,0.8010823652166501,0.4745107402165017,1
0.2920333737812978,0.9285454290393433,0.0919654637497542,0.6243182758644117,0.7708858660142587,0.8204511306357019,0.7926195555761509,0.27756181743675584,0.6823933933581537,0.6184693995579074,2
0.326760392121441,0.15799357580421142,1.2063376358169469,0.5161714065186079,0.5748766091272589,0.6424259018198534,0.40759002876436606,0.9202476945627823,1.100521410020393,0.33338667366522684,1
0.11705089107589117,0.5650721652326596,0.47169172478753507,0.046394735884060026,0.9761615084110308,0.7188935031336505,0.4838085376518206,0.5186386822407395,0.41336567732327795,0.0725618129677914,3
0.781268589126392,0.9467467277489203,1.0999805349593132,-0.035128867416875265,0.5022996109625195,0.8471188125728828,-0.48543945742215,0.955862107235716,0.8901878082046777,0.6942301435178806,0
0.10801509787324078,0.6099930876310875,0.48784010961357466,0.003367755103202523,0.9994735901050598,0.7864641248193828,0.4225553041998438,0.4840997556033917,0.37417704578055455,0.14376305347299,3
0.8059410731777668,0.8063659980017684,0.1287129476606063,0.8883122116712591,0.35485657014872674,1.0510900196737196,0.687381959206227,0.34853145501418903,0.7414832569068929,0.21549532886050488,1
1.2025167024114114,0.017441175950730137,1.2192767143297358,0.13108046571666288,-0.0009559359972957648,0.7023438580883072,0.49115872326050264,0.3512943598821546,0.5408964811551028,0.7601033835351688,1
1.0612811360644747,0.7407152292421219,0.7179777321961377,0.17202137863922898,0.006652073998824254,0.8094803462621473,1.3048800502940012,0.6438351433288871,0.19430907017429522,0.8424202483133318,1
0.0409146794767155,0.20540376637388896,0.29810392089935,0.6701963692690389,0.46013904690617075,0.8528124614435887,0.8762934530052922,0.37123966257656915,0.6724663655229107,0.48778346713467696,1
1.067467689267222,1.9029340464507292,0.4229971241946453,0.09300963283952612,0.3786054437064568,-0.14210726005919272,0.3013635014556878,0.7182227549443159,0.17756080524739534,0.349580934712482,3
0.5839401142174994,0.93242425560038,-0.008584670257944273,0.04450299320763611,0.42301296475869454,0.316147051273125,0.1634175784287701,0.506780110653167,0.14053597067155912,0.9192362380101556,1
1.027643071392658,-0.18262543884179883,-0.045800796808644795,0.6251891870846009,0.6532951175673379,0.31444644252717885,0.8061881594351273,1.2349419371422123,0.9748679275404124,0.4366317074485582,1
0.3455334273024135,0.5274796411461034,0.3949570718554465,0.6078762291445573,0.27450733936391686,0.38249776175879907,0.5271361104217699,0.0279541848139234,0.9833569118370848,0.06639895630772512,2
0.05825554408575655,0.8367278477969676,0.42650459930574114,0.44234679834807966,0.5097567747271092,0.720125711652493,0.9664561518411425,0.5787294389044254,0.46968480321410777,0.9401398762044523,1
0.6483012604717341,0.22718516287570278,0.04652589726649348,0.17417535196473388,0.43233524237472065,0.12843409086061433,0.44513641185122294,0.6064649694947633,0.7235052359994423,0.5600881803176865,1
0.0552514542080491,0.6411086474482297,0.5943656600665183,1.10735055145059,0.6080411264976742,0.2276926272094964,0.6798567823324916,0.5452948629264729,0.09977619045701241,-0.014447443973133939,0
0.940389942336106,0.28292800488380265,0.03158863438964293,1.249745266454728,0.2560383330574778,0.5196218586458498,0.4520774291962044,0.04342517343374652,0.6479934729306693,0.6860399328409406,2
0.6529285518227537,0.3547784785102075,0.501492606539129,0.526554905709822,0.578841409114554,0.051793054074566636,-0.13136076622828688,0.40341569882380973,0.5552670857531024,0.4345813028854473,2
0.8125642746765822,-0.18479374280858907,0.6243727899632809,0.728151784448247,1.009467675338124,0.32362524159360767,0.9953877572489088,0.6627414170911146,0.873639400665291,0.25208487252373474,1
0.3135852888340504,0.8620980569904583,0.9695354194318727,0.6274911798191318,0.03042683233760319,0.22287764793381987,0.2077571207689593,0.7884035098942864,0.06783052384018476,0.2748136978164741,2
0.6411315616277605,0.1706065786267301,0.18829058714713703,0.22443949341447347,0.6481118868550259,0.030648042959750633,0.6524174003381062,0.8248630440611984,0.5968026011313906,0.6952065461813657,1
0.1512009449348763,0.9426305893991457,0.3900605499303218,0.48461060084040175,0.4659887315353376,0.7127586581274021,0.9823898373012105,0.5981324207406716,0.3994334809691048,0.9809760673012109,1
0.022951210987516672,-0.2160094691442747,0.4716559952700267,0.3544847412940857,0.9413497257070806,0.6229262159007524,0.3038517214766619,0.628129279424133,1.1631299812649663,0.3645937570351327,0
1.013955954487187,0.01941366565794364,0.6055768984202756,-0.1357704164778039,-0.23144522493730155,0.24564503255073003,0.29238238904641795,0.805627525177191,0.19886127935286801,0.6486776085901521,1
0.39066140985287395,0.18122051195453245,0.6399191505739029,0.6548602434565501,0.40633851375607194,0.8377497130101177,0.5051921399017061,0.4886775467215932,0.7044607182639043,0.3767151237945484,1
-0.3877800317718043,-0.4566620147170095,-0.17593765518287507,-0.43409880587218935,0.26385887621282045,-0.08103828574846877,-0.09252135299064335,0.17198808078484024,-0.20917116703004512,0.30802910072134937,2
0.059651354891073004,0.8724342390343597,0.35767233473660937,0.3667903925933979,0.44662414149390184,0.6572917742448121,0.8742902026443036,0.6874289989200425,0.5484438134173296,0.8570281531664083,1
1.0023861931729032,0.14562338737341748,0.39158442764334,0.14204173168305362,0.007072139402631527,0.043653133470801866,0.5363256411451549,0.7525181141354603,0.014082923429728179,0.5323863512125475,1
0.4802189188185491,0.05119163321545084,0.13246499670302592,0.8999979853950999,0.5495532986018564,0.7167651722166795,0.8864187690786758,0.9897169059994517,0.3370774132095028,0.8951233837869351,1
1.3258278613344636,0.6284613824269616,1.1776095388440493,0.5007991823868562,-0.06970568416978756,0.20702037486677685,0.018834264960457675,0.9752013686350126,0.6624057130699702,1.0441209305642598,2
0.3960943178263314,0.4089259098266084,0.362581204665329,0.6233805995528714,-0.022882154021273304,0.1806509671705921,0.5889276808225207,-0.047034712817780516,0.8193390243980909,0.45784899799809675,2
0.5152238934909353,0.9020693621904861,0.35985119967480794,0.4579305129205891,0.7327439553278772,0.11298710440688048,0.0872132212402699,0.2703386748769935,0.5705586267287379,0.8868053402699794,1
0.5504550234332584,-0.15440181254529098,0.35069028917388917,0.9949243256814798,0.5289350323859503,0.5359683405376768,1.0635333864227627,0.8566552946450506,0.5473764807402957,0.9981650550509683,1
0.19189042212690455,0.021580742538512894,0.08678558046243406,0.044688797233169375,0.7123889364177978,0.2571583779666982,0.4684774396103742,0.4477217648213298,0.24573895523833122,0.15815950490353542,2
0.6968101358664013,0.7288430140295177,0.4371023888083667,0.5776966833286078,0.07886165208481523,1.0090062044885846,0.07925594511695891,0.2272968693452845,0.23023663020293061,0.6679531228392761,3
-0.3048619086410249,0.5418483696650379,-0.33599213993412924,0.43270221132970355,0.4014809941374806,0.5965520178390364,0.30079308582089914,0.3198905424293139,0.4895522964639144,0.053644547390695976,2
0.4590204296490683,0.8161511664959615,0.32790433294718935,0.5851125609429357,0.7552307885946696,0.20539695810165565,0.08323801999790235,0.18693673189058482,0.6050985760793759,0.8770547805407218,1
0.5247020537042568,0.15777092847697,0.6108810444162664,0.3074012467914309,0.8532390256152966,0.34096907673708476,0.4576775773110753,0.7448206756953877,0.3766307661577576,0.8368045169275447,1
1.1349546146871552,0.4740186208570514,0.04944283645160728,0.9247415112189061,0.5142676693112074,1.0963413178580501,0.5035193739153143,0.05513758232821016,0.6693765444608962,0.43204478119193246,1
0.9629075466921925,0.5556661427178368,0.29983502211319196,0.9441952779455786,0.4182038662454185,0.6515337322034321,0.8027843946612827,0.38259501745350627,0.8779622413035792,0.30929312346216037,2
0.3593125030455306,0.4883245520439614,0.9558138796474764,0.5261944567064776,0.3242492005576139,0.5945366161726882,0.08883638440274262,0.5232611718115222,1.041606991897113,0.4161358739846774,1
0.3761836353636653,0.5531310636382399,1.1125016030460517,0.7891781686848967,0.33957654245357033,0.8536092728399228,0.2017872778868189,0.8335597346685654,0.9489760651389055,0.39685813419717025,1
0.7888009932203871,0.1279848986020432,1.0706857335902644,1.1790071378764067,0.5777962626348985,1.201652284304073,-0.3837808554665346,0.404457365173497,-0.10405530508565575,0.06543848295038662,0
0.9152431152035603,0.5811731939024767,0.7287514903793513,0.08499792738342432,0.5411313927533752,0.6410616832778766,0.3468579246904758,0.21710601500624743,0.7925255340868192,0.96481218374786,3
1.3006912613869646,0.9014440120226241,-0.03854912388370729,0.9879346543724593,0.03585598955778707,0.7430105590842123,0.9393284203363155,0.5713341301811259,0.9133556455026551,0.32389977495934597,2
0.5913750827055868,0.25440103724516194,0.06357024296785552,0.3273132962322437,0.25192899737265306,0.16693464516486306,0.2491964042890346,0.21202046177130704,0.9187459272031485,0.9248301200209763,2
0.9384452565903248,0.6717204399113587,0.14118978189407758,0.7299720799111932,0.41453656818628914,0.9730562528948046,0.7681079894085061,0.16833508150180068,0.8742579653117897,0.33632585232018564,1
0.7791656016210432,0.39810596180381375,0.884866216205707,0.7260432186299435,0.5344341755565294,0.596129873676221,0.08118465517792281,0.703242168792478,0.8573363365972588,0.41248943293230356,3
0.16709502664968665,0.22744508216921772,0.828743518303628,0.3635266803249547,0.37680683617909894,0.8315198399762113,0.4388879990992453,0.50593760321616,1.1222210078217603,0.5995477413022847,1
-0.907544989508224,-0.22754459432479496,0.4516904040291721,1.2431937926632788,-0.5011096512667261,1.1791029151068213,0.8729329179752032,1.0958614374731432,0.39017717201307234,0.6167786199214328,0
0.6839704041755685,0.7620924818877118,0.15283068445094977,0.3263189434771693,0.7919476001714632,0.3201362635399859,0.15814694603470944,0.45952736724379223,-0.10401685685059364,0.4253760774483739,2
0.551688090504285,0.5889840268982979,1.2548821971138875,0.30013949555713026,0.38177841684327385,0.7003742818452389,0.2778681488739345,1.1338569372787959,0.5342727601211777,1.1033738471499368,0
0.714395727330625,0.787961820380979,0.8788512193998315,0.30076312378629316,-0.06508436760188607,0.694370362161138,0.9684939166915087,0.8442108890542646,0.5738068933216265,0.8228812593338944,1
0.7403987137988406,0.2735700569451618,0.5388278371090438,0.036612418859072626,0.6698704395485967,0.2927925690117372,0.8382569594964226,0.5402748859359502,-0.06536785934880235,0.15140022022717275,2
0.4404726922739463,0.6409734592104097,1.0299285337318946,-0.10310707315313844,1.3207531453390176,0.8241913020804967,1.2012050982052551,0.8500185322998532,0.8737105978969002,-0.42887739700022676,1
0.5302315715047206,0.650287552245802,0.761076434996366,0.42092588751938403,0.33967251302991575,0.4980652374771874,0.00460336316822732,0.9457406627276516,0.4417397809818781,-0.07131067603870292,0
0.3412606892133273,0.4088338811093005,0.9963617900880228,0.6573600063822727,0.3634335732801489,0.7599617549391389,0.2027713513477275,0.6618700760433981,0.9725252012507308,0.4083126839183958,1
0.6208407666434427,0.829935476402673,0.13729963490277802,0.07415875525537563,0.6874690291265585,0.2605334467210314,0.1699557345210145,0.5572202287104036,0.16503051861726237,0.4555716686112625,2
0.6707089073910183,0.7922507045939726,0.7339181317835716,0.5248863611834006,0.7242924683164152,0.5903717845138469,0.7797054581552817,0.09891330318082034,0.18415259524385594,0.2914613724856109,3
0.9995459580623614,0.01290548086507165,0.25480900229985504,0.938321877618134,0.46148172277632205,-0.5720040973185835,1.293603553176975,0.6257702892445063,0.7261020875038653,-0.013551965705983382,1
0.18270034464022436,0.02409269232952238,-0.22725011390932304,-0.11044704782714423,0.3937160365279615,0.39213850317860266,0.2586580887672525,0.6726006606760331,0.37351402443889725,-0.06537044951117571,2
0.2898254071096827,-0.1632453982080075,0.023519349715834068,0.013771100057773543,0.552697485235204,0.4620898529270603,0.656751531792361,0.49684002098385727,0.2061783627506508,-0.13014893857975202,2
0.7010033276867063,0.8205200770439567,0.8369480925920033,0.42950970371324293,0.7037093248722573,0.6084999053780212,0.8228937785198867,0.16079024077421217,0.08251042431699737,0.2845028723154482,3
0.48774388388956336,0.36287638021625834,0.9428152278619922,0.7049400126096392,0.4536218761781288,0.8330116924727535,0.4571883814311628,0.3090138598233548,0.6425949025642348,0.2348046187657405,1
0.535967102354857,0.6178531555415402,0.8507957970647597,0.645445084068219,0.10771506895246695,0.5846250358202658,0.006577995216775212,0.8995342248961276,0.38971882202401664,0.11208890764903447,0
0.5881690082373812,0.31180920046682487,0.15710507935359863,0.8775883243073916,0.0791251117112464,0.49640353651219554,0.3725496358322742,0.6141116328472803,0.6450787287932507,0.20859125444704504,2
0.7519780147983315,0.3864329095426863,0.8886163072185054,0.7355032094557176,0.5409321316014905,0.5945987604952097,0.05839039223246281,0.6763546178547292,0.8537253242148518,0.41220205925231324,3
0.4557593483631127,0.8425309063528476,0.07702243030949935,0.4163133934621081,1.008954748861586,0.6091138021496181,0.26741509839119143,0.6776936516325828,0.029823033543177287,0.5029771804558145,2
0.7454278844747328,-0.028278730350180192,0.5013934897426375,0.8583069845951691,0.28996245781118957,0.43103657697601333,0.147651547940645,0.14074489950092672,0.1234839258467777,0.7206676768374848,2
0.2780069328795391,0.9252833037069955,0.11446650513679432,0.4935501764237548,0.6236210748062226,0.7598986036361164,0.931698954176226,0.2800465417812137,0.7221386212683094,0.7196212221870498,2
0.31004742661021356,0.884066110667022,0.9821792478939412,0.5515245508691736,0.08866581273165956,0.19455587817951242,0.2503427257971275,0.7220286479222673,0.11708411886583397,0.27396257224794673,2
0.09277056499894477,0.8456759552201302,0.40550327202313785,0.48648805422484903,0.5067669326633748,0.6893626255999498,0.9316560953536391,0.5372044071211021,0.44153364693755015,0.9505414176303074,1
0.20971933217394997,0.020539772947483038,0.07073608004859948,0.012253568483109264,0.7134583711678633,0.256791982006914,0.45870249996934076,0.45082680868957997,0.23756600553578494,0.17419573308705938,2
0.03618522667461786,0.587828391525827,0.41529186561505665,-0.05224488200272655,0.8450259621947641,0.7981836798051095,0.40962845129573533,0.6404527003750675,0.4509368852258041,0.08466700662174939,3
0.11991353541263339,0.8228849458852132,0.41006181481959614,0.4776317658475348,0.4831147152715166,0.801320528330681,0.9714143907975008,0.6653798011814994,0.5296837216908371,0.9685136401046204,1
0.09038539293429232,0.7892197625027931,0.3580323669791811,0.4853415928640668,0.9692155801273403,0.5488945861738451,0.9172448009287726,0.630719293216925,0.6169043570995775,-0.002067885786272247,3
0.48262570200525723,0.06023320798799964,0.13849094497464523,0.8876287596846386,0.5413526793076284,0.7087695610271718,0.8875728197241834,0.984706594919339,0.3486086291024554,0.8860676375506309,1
0.8821687756156642,0.49937603994525803,0.7607729583426226,0.13244030075132515,0.5227413328690143,0.6915720371137315,0.31774426539804856,0.15195971689494936,0.8906192481750657,0.9296899873676167,3
0.6680410805671021,0.8488164701330027,0.03508928209603217,0.0366601905471297,0.3371450115559121,0.3944205012044145,0.14256827708887107,0.5177586904503807,0.13287353332964055,0.9764006317701507,1
0.09253516877011636,0.2859106957845943,1.39203181069524,0.29586326921468314,0.32982047849740104,2.0526398926605767,1.052988200523694,-0.8409403199558477,0.1684190073547748,0.32934259488581347,3
0.9512816816967444,0.6948937277066833,0.09446038663072401,0.8466741587660815,0.3326006785691216,0.8975364431053187,0.9539754857289275,0.12728793812078407,0.8500531194006431,0.10763234711547198,1
0.3578250709507114,1.0483424531981416,1.0246773548767356,0.32707234519887496,0.27078183743196055,0.5855965515736009,0.5610190969313738,0.7822574629354913,0.6303109318900868,0.8113888078042863,0
0.041505852467183864,0.2257727024199013,0.699573515266289,0.02925189070543699,0.05105636124178638,0.26915883369787297,0.12463168402493309,0.8708826995290173,0.47153468361189305,0.28676496494863674,1
0.3159691089838511,1.2111467829823197,-0.5650177749066284,0.009041419063429037,0.4197152200259232,0.8319649986427599,0.5232811524643345,-0.133103183793792,0.8177553618153153,1.0050325441814607,3
0.07376627614339823,0.8634052180827434,0.4125771494313908,0.47013404397809516,0.5572310306191469,0.733105710231526,0.9634090224254425,0.5422316869457543,0.4523400354138561,0.9130100229727156,1
0.35438048045108567,0.3211734170202927,0.3626196139526623,0.6171502857254799,0.13472663546697933,0.4689713196358532,0.4201248644427166,0.09238599605961215,1.010041168971028,0.2342470972166865,2
0.6611759212943881,0.6644214700890152,0.8166576103851914,0.4095195785223728,0.6845731091861986,0.7312066348951403,0.8147316731851257,0.10903211306452973,0.11315637249245289,0.3921023254169352,3
0.513234738710573,0.6748952793833964,0.950957211835509,0.5272030849138024,0.828284931966282,0.6693099247973475,0.06452426736508426,1.2130719168249455,0.3284648375174689,0.2888495650970967,0
0.7400232119204948,0.37506788981915606,0.7299744703895426,0.33679358506630064,0.6736844385540733,0.5241617900076233,0.6349457309483757,0.3540726656640541,0.07941863451235685,0.250612144534621,2
0.7724708359970076,0.7315100848870605,0.33095029691560296,0.19908956120477384,0.8135646788627688,0.42519745928396285,0.10597235068356174,0.4440357634693499,0.005029245558295564,0.33707285742177917,2
0.6172244538166012,0.9108985250783589,-0.016003714840884614,0.35544969555483996,0.9921509640678734,0.14527207450731855,0.07972176714002713,0.5463507171784799,0.8289385602704238,-0.14154652003984136,2
0.4959780782417851,0.586234524483852,0.5590287294305507,0.1272934794470163,0.1138012619337673,0.6303018124085191,0.8144516713717892,0.3335853957822571,0.05659107245374223,0.43323584840476254,1
0.5824294303996351,0.7898413147249906,0.05976775032395021,0.19395750639912207,0.6986315527502768,-0.018500910240475787,0.35833434592348024,0.3738369122630838,0.47268656700865974,0.027626531936188952,2
0.7161703907992142,0.8642362707428821,0.11161692674337816,0.8676553021583625,0.7399359491173099,0.9905051407502832,0.6442410939927614,0.5238795149597689,0.022349641359974613,0.32349201044381315,1
0.37170439862623467,0.5967941396545078,0.7124075614147152,0.8590165428691303,0.4643619695353937,0.8826301112948368,0.06095560911651279,0.6050157671445107,1.1091258413982303,0.2273289143125359,1
0.5017100434893709,0.8284138586829032,0.32114338039744483,0.516940104905694,0.8066693420725227,0.18041367592942026,0.009610411769390847,0.19804746935468343,0.5408856712667833,0.9239773207784893,1
0.11113523068059157,0.11826218505467717,0.390385711749467,0.4165442935085854,0.22394383604915422,0.3362945748100906,0.9524132236032138,0.43276427057581046,0.5335057121969995,0.16825185462509257,0
0.8049007406701416,1.0233541880665584,0.4185890497459024,0.6020648030021221,0.4736823478483511,1.2700894509049814,-0.0408706329627643,0.4983287815812225,-0.030657205104639595,0.42624775716004715,3
0.09053433515263817,0.16451127371193616,0.7772648103746892,0.3732325429722074,0.01894305197781044,0.2552329145397243,0.6111968418838795,0.45370316563871316,0.37026119468443336,0.39796645649745743,1
0.8528333389009075,1.152904663243583,-0.052052568661961424,0.045085494466867715,0.830635068684045,-0.04946483513367268,0.4405862902279754,0.4832069039434333,0.4019860080191754,-0.05977156399681756,2
1.044439758901733,0.9195865339079722,0.40728064447152235,0.06932450340335944,0.6510361085696813,1.0034743359586644,0.7764753246793104,0.11467527795801728,0.27204621842037824,0.9028504606546143,3
0.044410619529715326,0.11613293473417861,0.774741563648739,0.30596006191035197,0.05714327992348234,0.2728685429695931,0.6322017089329015,0.4019505603636689,0.3086861072480809,0.45649577998893565,1
0.5933879228398296,0.39878885747308157,0.616841248293287,0.2140709921703349,0.7841397399289263,0.4248571977019976,0.6760787202041572,0.38756334760196776,0.009743326803888577,0.2225118607974206,2
0.3150692008624952,0.6769923652127883,-0.047367931770608177,0.019536251287936637,0.11301662040769414,0.8453907613251552,0.6523263139851629,0.3314927029553009,0.9150796302436414,0.8489610251164171,3
0.7581126787092617,0.3981653138069499,0.32199085962258667,0.015926373123113235,0.5522744092686961,0.09528347568451181,0.6508749085245321,0.8112020275434962,0.8524819629402598,0.7133153239399252,1
0.8513485197177493,0.29416557284401845,0.542977809898181,0.5309450056978149,0.34420588931571217,0.23086060478794063,0.07194349062721932,0.38223279810038835,0.37633712527543456,0.6026506773032929,2
0.9115284930753003,0.5791357885073087,0.7074275829204009,0.05355364485760877,0.610066418713833,0.6121888630465977,0.38352939933460845,0.20108993070969078,0.795229704465206,0.946069281137768,3
-0.0582016398325258,0.4595589390136619,0.5770463489165565,0.05457188833692993,0.5296292645790593,0.1426144509247801,0.32577760053530064,0.4479455217973338,0.3165442967171209,1.1345989003769414,0
0.47316681468693245,0.5833557543636191,0.7322022924703108,0.5980604606529399,0.13489870643895638,0.49689597306699695,0.08882502179496597,0.7683538577142044,0.6251245397549459,0.09342735882573683,0
0.7159001858582952,0.5418041820165632,0.1961033534129855,0.7302087200644053,0.07189480917990261,0.8311033348187403,0.05781845259759871,0.4858609523237595,-0.014645617912355136,0.7410291169302947,3
0.39393635388110826,0.41060229180072283,0.2887962087994771,0.574721901462234,0.04365950474350139,-0.00407676211032354,0.14919038964369943,0.002680354190955886,0.9241576896957948,0.9717846604884247,2
1.069032652001813,0.46385523237973775,0.48347711077033606,0.7568955479117883,0.2533447669645605,0.7660062123517962,0.7153575650615067,0.4581762596728454,0.9713493249941585,0.18029637704311768,2
0.32119812958927185,0.8481365575568164,0.040475683787758954,0.46942865388701066,0.7365209711994573,0.66566805849261,1.0397792064796074,0.21774756615219648,0.8165112738766589,0.848151648820471,2
0.20109064654881367,0.5914703055538042,0.8246348265054435,-0.019241881649570275,0.5014096239042557,0.35624406699854616,0.5419146159306616,0.7041534319036421,0.1837305289201377,0.8716281132689272,0
0.6150679735427108,0.5169047625556688,0.22705873888057848,0.41146795660124796,1.0649050624045322,0.258872685777466,-0.024404179004075932,0.6842391225958586,0.14075934437079785,0.44282839061485035,2
0.04998804986745303,0.7972943014049801,0.34084122182796206,0.49119497842999393,0.4174689794545341,0.7921302079817814,0.9428619065490995,0.710758289840782,0.586656608886657,1.0583584869835008,1
0.5327641475584228,0.8018145836696222,0.2757279058075769,0.5417822472498537,0.7905066495835182,0.12468302058708651,0.048875947495380434,0.23129008037208823,0.5505925746579159,0.9075662498517285,1
0.1919421237666277,0.937918070691121,0.34799352095702446,0.5282412111268453,0.643762502127245,0.7990792792714281,0.9918429483985219,0.6433991037324227,0.4808955000238518,1.028324634739478,1
0.015286377342483393,0.15920208577390577,0.3369665050811214,0.7615467259484757,0.49379192341934325,0.5685571053250892,0.6423793231649584,0.45426202695115003,0.939901890548131,0.8670634143397985,0
0.9273860415190674,0.5447151569198574,0.2715880829297928,0.8335518905690916,0.3480260747133254,0.7080779121211891,0.826598905665026,0.4564066546986813,0.9345094862914894,0.2615732627979485,2
0.8432349535665438,0.543570807498332,0.34923848592264134,0.7240266182006673,0.7555948218961162,0.7053460704992879,0.719763908599668,0.1642491517708458,0.7701717910292335,0.9358542467537883,3
0.9982267174159798,0.16140857800782507,0.7047271745103602,-0.05343801504900625,0.27810854386217737,0.9360921516044489,0.5093723888477601,0.024740427342844373,-0.29176518430805576,0.2962447748323403,2
0.06351179571338622,0.1296626066478515,0.7212361952394112,0.2721952606932288,0.06698080584424487,0.22944463224666264,0.6050375535464142,0.41178317715047047,0.31533750501071295,0.46980709063123527,1
0.023910697557156357,0.6368473222771919,0.7541341705776482,-0.688631616531485,-0.3922245169839879,0.4442053271250257,0.676732082069466,-0.6202169859731684,0.09181133643772954,0.9405893384419446,3
0.6088914643430866,0.8994329752712418,0.006172217151564373,0.06292697924490843,0.39152847523077505,0.3229518405505118,0.1385728984002816,0.4871541959486151,0.1376899583439006,0.9249138135089998,1
0.5502466517015906,0.6235134308555599,0.6413554902532675,0.5452593082314168,0.2489586278392886,0.5004668166630503,0.1811068329963515,0.6481412690329825,0.4841566362831903,0.20389177197624886,0
0.3869243240249446,0.40772841604804805,0.43868588079345755,0.7955553947767471,0.24010247233510779,0.45530166149963347,0.5246612785625966,0.05163610388503001,1.043258607942735,0.18576867635978436,2
0.24347745962018374,0.8764693296559221,-0.08737440991337186,0.3965304607009584,0.8087885286690324,0.9144142840973793,0.7747350712964408,0.26082519297345214,0.6588933606583821,0.644820032505315,2
0.7887670311510089,0.163585986245826,1.4497206521391894,0.702855386971259,0.5426626087701392,0.9461730653794842,0.023592280415324712,0.6926603990894149,0.4989142579974446,1.4277099537311084,3
0.8904784437230826,0.7522462642810841,-0.0821794861491481,-0.2282502970200067,0.8141852612781572,0.3954978257922841,0.5282402539094921,0.42813398147196646,0.6585502822628013,0.12633496735296582,2
0.763698767620202,1.2368435209418656,1.3213895591052618,-0.2532203410349595,0.2729663980167017,0.5270244649143685,1.643085753851917,0.4007471758867855,0.9698412902446872,0.5090917749643129,1
0.4703653376069328,0.9344364841768271,1.0524541902287938,0.589490676947945,0.7575600005047147,0.3244933238562992,0.6758196148744052,-0.22690240469831918,0.13284793005415324,0.3924197158534106,3
0.7378877118175396,0.3776506096449535,0.8620875346122655,0.7218917533425028,0.5021105463380884,0.5890549723039407,0.1060715420583185,0.6689840668029196,0.8649131618097885,0.43630145439232415,3
0.16862187305206122,0.9192634136348962,0.038515477029552936,0.37052592745561064,0.6925691143675157,0.8229350699930525,0.9063665670253008,0.21432282439102449,0.8170467425449781,0.7608753714092495,2
0.0509778185436702,0.13095991896940673,0.3795852907085542,0.7265791279315631,0.5100576720991631,0.8396377239600373,0.7868868921272072,0.45507346249727954,0.7110334239525227,0.41027307991501977,1
0.5854021480030545,0.8692837983555386,0.17164684899882665,0.10478340898836351,0.7807576201775405,0.05976485086114536,0.24867601629684655,0.3809607598613582,0.5885338103688773,0.004238024716894746,2
0.5159956849180963,0.3465395644893966,0.24917382492199616,1.2132178478739941,0.2625609963567444,0.49068191656444216,0.32314031703508983,0.6024250721326141,0.418310785168563,-0.04253698979182907,2
0.5507438407296731,0.40434365479669143,0.16116481628630672,0.9769613692995265,0.11881321525195854,0.4210187505705292,0.3605941016903454,0.511044486247306,0.6227384400341982,0.10946131129544828,2
-0.08351650379633879,0.2406162768857632,-0.2428243371574148,0.18305317370076246,0.441597360722261,-0.03303367006636215,0.4774297242602364,0.18090419598407448,-0.10090987268930329,0.2626777013265045,2
0.221481229744532,-0.20338418867003472,0.550917678818757,0.3535516773051538,0.44973627472305666,-0.21423608884307738,0.6647287624124066,1.1635853786831818,0.8015052543681866,0.6162387340760903,1
0.044925928794227264,0.09689024500839126,0.7451916217501461,0.290248791762384,0.0888107775230254,0.292279718695519,0.6463117227658237,0.4198379607139053,0.3180626322723742,0.4293925230011787,1
0.7680198996718444,0.7955411604950106,0.8022898633185996,0.38264370503253314,0.5460961009563615,0.7755101932908017,0.6932395749783363,-0.11010589900330309,0.34954613976819837,0.4072414915456999,3
0.5464574891852969,0.3861403374585734,0.9438944669418712,0.7483640396921437,0.45785261804627686,0.8289045494058386,0.4786748048139273,0.360332604524766,0.6698956813885922,0.24191182089891702,1
0.3316742836178662,0.7281004530101571,0.37369945528408477,-0.018409642032349016,1.0406251063972032,0.6731951831612897,0.37415966693896247,0.6097423336278677,0.5087751664238668,0.053438986280608655,3
0.27323522649159054,0.9083254303202896,0.9228475609219856,0.16724762583204747,0.7529173204275279,0.41114285960340086,0.3047173020839013,0.8469969636301303,0.0211177417029301,1.1370992666438926,0
0.32104369218836043,0.4036245377658984,1.0231227301870272,0.6340575544211595,0.3662752788730982,0.7217447657708909,0.1751992540321817,0.6871294265089192,0.9772787988302661,0.38005702969700206,1
0.5608035080166807,0.6828720995566668,0.661099995850436,0.48819021336853174,0.5902187708648291,0.5514380035767036,0.9781770148628861,-0.05401208630352125,0.11828307911902315,0.46190032780200696,3
0.32752967791493204,0.010090808587828848,0.5977052704401848,0.3274040994966199,-0.4933047720154906,1.0544343707771684,1.328763041381836,0.8600942646822259,0.3887215409789917,0.4286083511187726,1
0.3763274963071475,0.4018156704543609,0.2796698211304258,0.7283791158185527,0.13657625191505623,0.44790407087733997,0.4359847523606591,0.08569663833625649,1.0051241171511531,0.1781406345064954,2
0.6345284430189667,-0.2674581835045811,-0.07158180599784167,1.068735845176493,0.7882046791791899,0.7163201652873422,1.2578969157466915,0.9400473061789029,0.24225701885835915,0.7262359943689363,1
-0.27300096038843613,-0.3487470349334097,0.14155216475630766,-0.37307304326042706,0.9247686598908088,0.06339463321422523,0.6119893847049265,0.6427018278763978,0.291071554607706,0.12794776723526805,2
0.43670281816620865,0.28752346724888284,0.2240564743221105,1.0690425682457678,0.2797890790824027,0.4738230977793175,0.6535839550886882,0.5944079279956095,0.8528633212958849,0.052046171977803424,2
0.5754284457614934,0.9686074457773709,0.0858975785709431,0.07015499155228377,0.3345603784221155,0.3321940358347345,0.19951315542166778,0.5858424612404488,0.12239088865952265,0.8345378837728368,1
0.1511904889279084,0.5422442154218218,0.46698361787786774,0.07354843340030816,0.9384069664662431,0.7229298136041192,0.4909185150149254,0.4917264556531259,0.41989657386393575,0.04284232910627879,3
0.08439766905151154,0.09113731649923107,0.7705979006544791,0.2718309707590628,0.09844711571309299,0.2676457028695424,0.6336234074562351,0.43450715408587537,0.3633724814217573,0.5211122436137564,1
0.39339767870933123,0.2514096233410337,0.34818629675928114,0.39519970230134793,-0.10246775615300963,0.16761491618060242,0.3118795826980285,-0.0932962046858487,0.9159983628295987,0.04462695084109902,2
0.7054259300567117,0.38720391295268114,0.7156070984549897,0.32659213988105273,0.7104375474610446,0.5593553647072808,0.6592511828406893,0.35833408866087757,0.1205428461698543,0.23070640829007902,2
-0.0017367211937995494,0.05995407248715253,0.8234333032860323,0.34058510578801277,0.08064114686376397,0.28276849547850036,0.6876935659862958,0.4875870950247413,0.3634430026996613,0.4448616753235775,1
0.32547906848232144,0.9475031893234056,0.8044429044807637,0.05253790277836343,1.055503744881823,0.31981859061099854,0.8320930171415277,0.6827782723781819,0.5438508507460454,0.8253614466913997,1
0.865324579059044,0.5364505998322521,0.2862980891366562,0.7320995042125584,0.7963627772192028,0.7723549403368544,0.6984817514907344,0.1297046019218393,0.7722468928296768,0.8903302170222811,3
0.533387805730968,0.22007873215517565,0.40846812310538283,0.47465914851043356,0.14842441905770118,0.4956389381845725,0.26760414072356986,-0.12731297201365016,0.6254684727410995,-0.1519821241489721,2
0.8779074186734152,0.5274865629486205,0.26340907318576046,0.7639554656665658,0.8221193813471246,0.7140473387328169,0.7114649240283074,0.05004426474924668,0.7736044115892992,0.8793665432014444,3
0.6643757304030341,0.6515201824155249,0.7129417196595412,0.386266605805667,0.6761183013817466,0.661907523465729,0.9352843725680804,0.10194403951829993,0.22063567462866313,0.3798405376668862,3
0.04336473503248415,0.11615939448866633,0.7798646351547711,0.30637262589044306,0.06800627257959355,0.26959461621110475,0.644927201164693,0.4051801997081134,0.31407565891382705,0.455076467692987,1
0.6930832697069914,-0.1510336584500481,0.07874238030391785,0.9352915989085209,0.5844698273237402,0.9540090143481789,0.92929453750511,0.8824878597299064,0.42848114762620393,0.669557146110995,1
0.5186688027278463,0.8199825957073007,0.3107602917940131,0.517900606173044,0.7895970580035188,0.15878891469500128,0.023998534877300033,0.2187371702428183,0.539716614969344,0.9189729755213779,1
0.4348551947031848,0.6680897892225534,0.7204735381099621,0.5051829276416782,0.190442822233035,0.5418756235012876,0.18765424136197975,0.7457549132371417,0.546731251733104,0.10482168095777802,0
0.6146202256681048,0.9037646823109378,-0.000852837609874286,0.07001009304346874,0.3802464532442388,0.331028423675387,0.13017639116962443,0.47949028967688967,0.1414074283867632,0.9354583893835163,1
0.7830298292863844,0.2764148763190011,0.7206609343795065,0.9682219987394421,0.24337284514709728,0.4664178911582018,0.4731829190889284,0.4382574312526083,0.1557112255919395,0.2950788005325233,2
0.7599108395738475,0.6762128551676196,0.6238729185949383,0.45772427935534643,0.19721524728417192,0.8052877153063305,1.1648925445432032,0.7869756079763708,0.585519723164786,0.5587818526364504,1
0.7399609744311396,-0.22474918193042914,0.20944663524764912,0.8562927133693308,0.5996566945545241,0.5647620035570029,0.11557283413510594,-0.3675590889439815,0.3727417454111641,-0.11559091285100909,2
0.5518986183393242,0.6248871148512909,0.7466676910167052,0.2961927534807295,0.5116497657680015,0.1605227133523246,0.46112530501058335,0.18714378471365145,1.2211535831242644,-0.10406502502901332,2
0.29510562882937086,0.3118470791613729,0.05383661065817641,0.6087257942415545,0.38612586617157246,0.6642866046775627,0.3896093192664759,0.28459311979630686,0.7839600494683846,0.5545660401241411,0
0.8426858656735261,0.6711852789245539,1.1741750474918646,0.4372351736143007,0.7730007220254733,0.031122602035204838,0.6425521466418647,0.8210704774106993,0.6476157161662608,1.2095724988993002,0
0.6977979395114888,0.38433549618055546,0.5847480771293913,-0.16573948894327262,-0.26234776517144104,0.9564805408171249,1.2151485025754112,0.6258917541003464,0.5513407076188258,0.8296634617685227,1
0.07364872800934524,0.16933374411447272,0.7661060239658948,0.30940195402084103,0.09798396786314553,0.31977586324399154,0.628268201244122,0.42161367090059354,0.3453375491007139,0.3931530582880316,1
0.3580341648368356,0.5008210890515264,0.6679589556253733,0.45374768912595353,0.2855859257091394,0.6206184268806071,0.19793142719620022,0.7585254172617149,0.7019010249563276,-0.0025791062012248955,0
0.5257825965980121,0.047418171270193064,0.12538058596330678,0.8415705951374239,0.5493684987213728,0.6727890297830331,0.8115937960826789,0.9472058785184281,0.31921956355235287,0.8118276022337536,1
0.6227695863371371,0.7313319778231134,0.40664527338351575,0.5013177529968271,0.1522280187233683,1.0203964261159508,0.13696730268711424,0.2539033162776889,0.17075682016353497,0.6866427835588332,3
1.117302401943735,0.29795153639214134,0.1540340095672228,1.0982734361105886,0.3620668441387383,0.6028275816887536,1.0626737104000434,0.6326233380051176,0.8568304483714188,0.34452220715729254,2
0.5756500618026548,0.8606708644669656,0.06655020855443633,0.011998247629680138,0.38929583635366966,0.23674376984464554,0.11242348997009201,0.4602758931437088,0.2274363634444458,0.9686620054529003,1
0.5171399783875437,0.15902041914373793,0.19163357007031592,0.7507328873187309,0.7003179289533159,0.8709308760090475,0.8552661704521751,0.9308149020914644,0.24110781989338187,0.8113414708293775,1
0.5525162648603177,0.155915867223657,0.22588382228556647,0.32993549068720673,0.614173036317546,0.013809860974737811,0.6652895185105945,0.7421450191237492,0.6798409851692226,0.5582897842901121,1
0.979601895824952,0.20889284487475804,0.09684585890743,0.9063032193435059,0.5963763873887281,0.2896039349565819,0.04443062966582014,0.8550602245705152,0.1966645554193772,0.2559519487162223,0
0.2962618170476686,0.4519325550151858,0.9899659569841676,0.5835393402974116,0.43722593027406403,0.7785236370623972,0.12446487056626357,0.695564333169862,0.9913748633220654,0.3798518208802465,1
0.6847763542877934,0.5101351016918756,0.43095827162987077,0.4965503918939481,1.2110532288472569,-0.04850027379194122,0.20892860922043,0.5396224636790063,0.6814992714527028,0.1679540814170487,2
0.6356044154345775,0.7758059828851882,0.9382357852139609,0.386377989765671,0.48280664015884417,0.7243002216433178,0.930310125994609,0.21814140153996142,0.11103988428838237,0.3439733585701913,3
0.0032879302951858147,0.4773274973500496,0.5325483331152538,0.5309487526004067,0.407475378362057,0.3162547271222589,-0.28754706911695455,0.7511110909161669,0.39548571684160805,0.2831771822444304,0
0.8451904106367069,0.7534235955031988,0.20714740823014066,0.8453537696627083,0.39813776890179703,0.9746517032554722,0.719734826911153,0.1936506671033758,0.8041273423263333,0.2639898538043612,1
0.3759285711359486,0.7364514767583814,0.2789474890818281,0.20510620989689998,0.8248794887371508,-0.11183897866832465,0.35441172468460413,0.2898658474773643,0.7866355826088175,-0.16714520840689626,2
0.0979785804750323,0.1828531276368599,0.31953760340110415,0.7703852340433515,0.5206069075615894,0.8352204950484615,0.8726552126416844,0.3897720369468955,0.6349808544546378,0.4973281170207998,1
0.5514317816762008,0.647707216322581,0.44189224947037814,0.8992756092207308,0.025055431461516675,0.6232137152004725,0.8930295377892812,0.4134656582143928,0.6557112079334864,-0.10273135478021345,2
0.5539916352042518,0.16352620537656593,0.03801330126102427,1.0993555777509538,0.6130011350402736,0.8230555310297106,0.8548822362403767,1.167907430318043,0.5766224280118899,1.0591300590084765,1
0.5318912135744838,0.26074242926031244,0.38732905606598156,0.7231608447774319,0.5052398694797298,0.7668648134896323,0.8552543458013742,0.9813047096135312,0.4533034240359197,0.9770679707200645,1
0.041906029000992676,0.3216999763580463,0.5105093241699398,0.6537508129860361,0.3747649590220415,0.6615644796508876,0.6629474429108136,0.9409916571006323,0.39192872085151975,0.1584399811496511,0
0.5921781314941649,0.8935027155288617,0.3951634277656936,0.5087974866416969,0.7860107940305837,0.13550175155221605,0.019820227085348825,0.16570586407203017,0.5191768916975787,0.8865665674609989,1
0.12228599305364012,-0.012621059028818504,0.7352416339350619,0.6359060719440804,0.24894987507021044,0.23278779416067244,0.723029872200643,0.20051820857530156,-0.16510292884145145,0.6607567188235748,2
0.6022314119288268,0.14897810254741758,0.04002095268723062,1.0564211963062835,0.6933481771382081,0.914414689373301,0.9066725146214597,1.1222184581780585,0.20257537570610198,1.0630577146588385,1
0.38010357314793386,0.870848232067208,0.967042846633349,0.543187821662687,0.044915280920618014,0.20392303644292953,0.1684867866690427,0.7322360051906278,0.09431968517391552,0.3031512999991034,2
0.8146133936744614,0.6256447106485812,0.18435530645494272,0.804551157421186,0.43897940739354485,1.0186128192615338,0.6285787472446962,0.21933722993788474,0.7556913424945384,0.3135831809903055,1
0.8847290480708987,0.9938761032931422,1.2330627702807595,0.7128933468101475,-0.3091435108702786,-0.10170899681783563,0.6063099870334375,1.4568925357592208,0.3643364164615017,-0.6785826686572732,0
0.28152307898450885,0.906237816820882,0.07963489076061114,0.47829858619806614,0.5958020957662858,0.7556968201276463,0.9717122461012045,0.2569225772682048,0.769660618956153,0.7322528708838391,2
0.05605491193310861,0.47112262057740895,0.49268437295377643,0.7949268853799023,0.3809368808401121,0.5265132517077962,0.5630810213268016,0.8565376227042327,0.36605875939288657,0.1573240263361836,0
0.8222808362486347,0.33245064926294554,0.638031584178493,0.25070466378334333,0.8632975111495118,0.5198416246639722,0.6351643748014044,0.32994966942572,0.1950133517222014,0.3538938183192341,2
0.8516794592851037,0.6427455953127996,0.7071756647370668,0.1243725254655058,0.5288814997506773,0.557006924926264,0.3780876173846688,0.11724484065064004,0.7786760416753437,0.9731106311860109,3
0.47861216489569247,0.07463110569284678,0.15082277534476776,0.8871665654732845,0.5401571157896451,0.7059540149380447,0.8956330833509377,0.9925855881685113,0.3310506934171035,0.8868751351825782,1
0.5103566558984892,0.0876459859990168,0.05748607554782577,0.8076618843380863,0.6298533453798767,0.6819783112494279,0.9965219720045455,0.9778463295056317,0.36748443196913616,1.004747051791064,1
0.5507821572336329,0.7558584812141848,0.7522102111627148,0.48053512019989414,0.7646613302029428,0.5749004607539256,0.7886125667171142,-0.01468851360157146,0.2492130184282433,0.30506467537737153,3
0.03639422892425781,0.22738586415426343,0.7088082739598164,0.025526468094288202,0.05394474400912545,0.2835301728263129,0.13432431938015668,0.8634678561738184,0.47297469369313433,0.3028322516470224,1
0.2822414241230428,0.8032270130353907,-0.1110673263212151,0.3612459060444069,0.7222967893211507,0.8834895823845309,1.0227337540772015,0.15620318518446902,0.7987518722908523,0.9873036787223762,2
0.06024087559766649,0.1763570146713223,0.32668464990081764,0.7143095974804228,0.46854152249549,0.8439149656395931,0.8575406687795315,0.36171918816326837,0.670273806075229,0.4899914188605649,1
0.5297574104700342,0.6539152272954746,-0.45474611692871036,0.12773667039335915,-0.13163838937357908,0.5523888501885884,0.8916051747472351,0.4328996720958782,0.2587053368029216,1.3533186151458363,1
0.7633333090505174,0.7457321168365979,0.6058520649010297,0.45437663448335724,0.17801900027582365,0.6721264984269116,0.19708365237729547,0.2539331026070537,0.6751484088189289,0.39450180606511775,1
0.7708622803894029,0.41192822983975047,0.8842117312830138,0.7086815842331596,0.5304542201021789,0.5805772603275837,0.0760838239400634,0.6924816604666172,0.8602671821560077,0.39907365123106847,3
0.8162467303687264,0.6653425103598899,0.07828660174781837,0.8102681805110442,0.3142153090890968,0.9638392219712769,0.7359229806524624,0.12781854787002436,0.8396576463105611,0.33966127926167755,1
0.5271264354791536,0.023805079569148346,1.050904929116995,0.9564425000354307,0.255094203356721,0.8055806909989853,0.677363787421026,-0.22772872845814196,0.9840075346790396,0.8465896868761947,1
0.027271422846295797,0.23724072873620305,0.7041615119666176,0.011195949506393955,0.03839461845773608,0.278258697937755,0.13299567693726042,0.8640899337864293,0.46129450397119826,0.2967496945849102,1
0.873291796382903,0.5576786875525941,0.3092096989391136,0.7341932592428388,0.7851843815866779,0.7503706138686215,0.6857723598603286,0.10762187869510399,0.7761608836795469,0.9282886677827595,3
1.133861353170643,0.17617353327405344,0.11349568372131513,-0.04728514049992427,-0.14892125591214256,0.18575299351580835,0.7981495929253551,0.7639755848383623,-0.2021815706312352,0.7087654869313862,1
0.2541737969329167,0.5140517802153608,0.25119036826929647,0.8088420843604162,0.24981145927968182,0.5131937802006207,0.4330294086155214,-0.04910108035575911,1.0217716169475126,0.05337768133275389,2
1.177962949826463,0.8204802750340715,0.9110220451677132,0.24727858375043452,0.17914370804241708,0.9084809623529255,1.0439426389187265,0.9858004292081528,0.6627649192138297,1.0613756056117052,1
0.08839994754565159,0.2658171713704218,0.2045943148391019,0.8451199744004995,0.6071939164047663,0.49289128272741745,0.6628256414468718,0.31406154612631865,1.085163555189858,0.725838326849385,0
0.9304631534741609,0.5126801943485142,0.28919002887003464,0.7002627353972735,0.8364061632631612,0.7224606375189748,0.5887431022532209,0.026247399548246217,0.8485022855626303,1.017271912180981,3
0.06455942733486061,0.3006537553315351,-0.10068031038992412,0.15190396614145593,0.7531492409570596,0.46622608496398976,0.6223897059590273,0.22892735390355462,0.501776972147748,0.24950717896165292,2
0.831034403711049,0.8783701049559827,0.34620595939714593,-0.06564588029977955,1.032059274344608,-0.10387917638088895,0.44873864167882416,0.1475448822382952,0.5407965601311415,-0.13219456369781843,2
0.8001782915894398,0.6491335657567078,0.08372924136250733,0.7650051839093069,0.3043150122928329,0.9336278526391706,0.6830531873078928,0.18948777528815935,0.7808332023905917,0.2262739335825339,1
0.9533270346616682,0.5687948434171003,0.7567525294185218,0.08122470481386107,0.5437092239223937,0.6250446823818474,0.3698830874973787,0.1899946500997629,0.8077533453496535,0.9818007384342439,3
0.0614340554203905,0.7661680755071589,0.30429453516666966,0.5083257322742138,0.8971116654686194,0.6018782716299961,0.911471773129666,0.6779144963114427,0.6328184027384003,0.06719942263137868,3
0.5566203813696348,0.3835390778704274,0.8925323921056979,0.74395922757213,0.4978514685048574,0.8661451371182173,0.48462260604911583,0.3437379658259131,0.6668144088806879,0.23530040910800734,1
0.8448179423048445,0.26269144244252973,0.23966833988621733,0.14925153615585357,-0.032109018259754346,0.33708733496168414,0.2733110279695415,0.6973029683030111,-0.3176675696007433,0.45109774050593476,1
0.44562019042349843,0.2296260256666974,0.07475634717810573,0.8577409875476479,0.6118293461681543,0.6440434831865661,0.7180144875602594,1.0171791777621486,0.41095258993276795,0.840175602376849,1
0.849415461533633,0.7106077181862297,0.10977985922077757,0.8161898023545645,0.3661422047202266,0.9675419954702918,0.6829089307264907,0.13664756599554317,0.807491891566799,0.3456064869121425,1
0.615464617322478,0.332854741501325,0.41777078863605627,0.4339450008830869,0.5582907679966471,0.034592760364403286,-0.0382804900637463,0.3501122763123507,0.330998708524387,0.8360229029327836,2
0.7810761505912267,0.7516342188575478,0.6961468788521912,0.5336225324011816,0.43516525915952337,0.41311385684128155,1.0657462264647146,0.13714686954714947,0.4448509973724926,0.15367121720086516,3
0.5716980103052282,0.06626106364113422,0.2691408291573936,1.0055174616247378,0.4698263772795411,0.7162224671297419,1.0125569342954024,1.0433699838580466,0.4529254502560215,0.7540932645080708,1
0.5127381840173542,0.2637428799804517,0.9580962726868301,0.5253339744767959,0.3572226805812288,0.5912466519427471,0.1869147169373444,0.6420305457986942,1.0924518036815338,0.6082710862545577,1
0.31789407964530425,0.7174201087947124,0.16805554161529285,0.03409438110863082,0.26297042149297556,0.7621791241487325,0.7734429993420328,0.11266553575572669,0.8132068768436742,0.9284755991438447,3
0.0605572045314578,0.20476555381169093,0.36233611489749024,0.7703956590831906,0.4812134827527387,0.8026403983628743,0.8853715376780716,0.35415290517260306,0.6591808563354676,0.4718110475464507,1
0.21554472886326992,0.4095211895034078,1.0512586070740488,0.6073924825461923,0.5000211887679004,0.6047151212910723,0.10498219889354596,0.6979565547639371,0.9982023257334456,0.534488379293606,1
0.6086900636459842,0.8422371594498591,0.18960209367427622,0.06970853857678408,0.7583410818899151,0.09784432412256974,0.2866870822296345,0.4000198116960371,0.5718291148388807,-0.011969607247147233,2
0.04991078841179964,0.9239416326468826,0.3696881114882573,0.36999516535646015,0.43797916688597116,0.6030785508550028,0.9658553474441425,0.4508705338784776,0.5643102935624371,0.815150172052984,1
0.2013130499947282,0.02715923850172905,0.3347126365194007,0.8267987942134976,0.5365045604809844,0.6052377009737328,0.5614107109780289,0.36916810608491457,1.0228231825650818,0.8265927980665208,0
0.047280247840408705,0.8738767595266411,0.45081130763999055,0.4986820091046993,0.5674992721888467,0.6928703744649434,0.9053973272423282,0.5978264293894744,0.4487017920973809,0.9211431737576876,1
0.3349824668409172,0.34863025797684444,0.9700377007244512,0.5978988623058356,0.4567102828808044,0.6849568749912373,0.12109153297817463,0.6699687396294848,0.9156526775712703,0.4485655099190304,1
0.08678818598724594,0.06126265071437931,0.3655176040212929,0.9733886128296908,0.2985903621623678,0.6722527307105177,0.36589599980554544,0.30160721471742447,0.9351047212496856,0.4962641759748156,2
0.48990217960814814,0.06294307579121494,0.13774448208757425,0.8880110403685622,0.5364295831445862,0.7127835155063503,0.8809250913209473,0.9864432228006699,0.34497747463545686,0.8804543021679179,1
0.9736254964088552,-0.1952297433196829,0.23215513700515056,0.8305998459789514,0.3066264660705535,0.4674371795795042,0.7887199656262294,0.8289098780429396,0.4445947566901079,0.5169995955322629,2
0.3179741690279354,0.40060849690420075,0.35034391157337785,0.6961643897642924,0.1614836524802574,0.3982564714828876,0.5257510663196046,0.09382920539208828,0.9354051122662641,0.16130663842222237,2
0.7866616289077173,0.05029730371898773,0.5846814312632894,-0.0076115112408984276,-0.14450322820907255,0.34853678267927213,0.29947899517722576,0.7387611216428148,0.3475000186218611,0.7098955431798433,1
0.3270466208882987,0.4318833291213119,0.9807389300305094,0.6063089226737671,0.3910889004049836,0.7438439837016594,0.14008431826908263,0.6787704201192771,0.9330032285366421,0.4453027162757785,1
0.6581634286487028,1.4857405405984623,-0.03720923530187151,0.6860128188400714,0.3422635168146141,0.33961512392842663,-0.36623608186454226,0.8673413338475296,1.011056787378584,-0.3965166828131501,2
0.6102073661032971,0.9001378235046021,0.0014442727223679657,0.06895584438444086,0.3848760270450525,0.31886587202188565,0.1451987704742303,0.4854707938714047,0.13255899098423654,0.9230585478419441,1
0.780102526493078,0.41160632651321827,0.8589198850120413,0.7379531270251001,0.5223997039918252,0.5987336483575987,0.06514077401566062,0.7063986263049855,0.861058330386784,0.4034714262588536,3
0.575478154030393,-0.03520813649692925,0.139704255937574,0.9446204891413654,0.5050160467232729,0.745848403761368,0.9194515307300049,1.020410255730325,0.42243219251029274,0.9616997564730757,1
0.944785287028907,0.5898306592879574,0.7675355875084701,0.0738126131184356,0.5445316534791372,0.6291359676914654,0.382017181346701,0.1865858216101905,0.8102782620776805,0.9640540568608276,3
0.899567360190402,0.5657167154010221,0.3484398729594378,0.6857522831048426,0.8472511573860682,0.7311762250004633,0.6328205328880523,0.10698411796062267,0.7763532921691033,0.8529497030119526,3
0.39913854615190836,0.3620653519998458,0.4164757143106097,0.652157912853664,0.24381925863295326,0.3895413137575772,0.4271602176127273,0.10304126967673609,0.9426105965829618,0.12668382191132005,2
1.1018125252632816,0.17511892033957557,0.08200414782215495,0.7943240378672947,0.5233342911708807,0.3368388881198346,-0.15331358515038232,0.6529332239325149,0.18105930552844288,0.12314847213228416,0
0.8102295080946429,0.5681321133294489,1.0669364763379352,0.44125130816803976,0.2561757384239056,0.5078773051461059,0.7520414717295777,0.17098651014435168,0.5467343133753979,0.2180983042070876,1
0.9213114123625583,0.11325132192247,0.4310318590464039,0.5040293101324835,0.23234845753074462,0.31783256413128685,0.22675953606763616,0.2812539865763646,0.3470118436020512,0.6422588752226623,2
0.6066901647654239,0.9027040738959924,0.0067950731014165665,0.0642164019070947,0.38916958885164815,0.32359991533359567,0.13743645535718532,0.4835930166147012,0.13603420606271538,0.9246461164636179,1
0.1669407427323144,0.36970196944700984,0.9023415329066572,0.5401914284104018,0.35855863402272337,0.7188961441486761,0.1356134999536434,0.7800682542581144,0.9747987097973828,0.5495591237837637,1
0.6328271959940176,0.8339543809566772,-0.037961953320005674,-0.005764487450324193,0.40554194753696554,0.2733203676526215,0.06306286995312378,0.5101272055455449,0.08212337259579289,0.9825243612069643,1
0.044833767155217585,0.8851207604612022,0.40163186328650485,0.43437340569325167,0.5080577972074307,0.5782641047776996,1.0063607836793385,0.49145035214616384,0.4999267680818757,0.9147893482598839,1
0.9548719426293086,0.6412703587828298,0.3160224086491829,0.8087289633778956,0.7415544248890954,0.8263896360127236,0.7262643989618578,0.19063467397735134,0.7406559793284061,0.9465080664693303,3
0.6434837237718025,0.5628449979007515,0.7460221009801427,0.9644820862098274,0.8577133006578959,1.156148940718538,0.6381238859159761,0.18843077342123332,0.4230626894400239,1.2293372062534365,2
-0.14785312644299836,0.7634867314525707,0.2783040350536175,0.4090785663759571,1.0452610237456506,0.7014625846386646,1.1113724961097056,0.6169229351326877,0.45537914820810516,0.047746617215479056,3
-0.30827487673045717,0.07688612168283834,0.5656160388670863,-0.03356276210753873,0.4581699273725029,0.24961207685955605,1.205379566645798,0.8240492529358827,0.9269131977359114,0.23273692831013681,2
0.34414981907130476,1.0315917077617005,0.3063205144033746,0.36338361009712383,-0.013728143516398145,0.8721964480855776,0.15619364227089733,0.5465982441823328,0.1645061751857995,0.38027932145853083,3
0.014811945245589243,0.25214205944237966,0.7119733020256901,0.005727162849314477,0.034144405103278284,0.2772194941390201,0.12111220149489516,0.8801762156012631,0.4643203577543642,0.3124255572509755,1
0.4277033727054196,0.6719601566543258,0.3550957788978708,0.5244987754380775,0.23647297075935228,1.116443315831408,0.15230890673822772,0.14526710624924774,0.2770066362869234,0.5730402549150417,3
0.02759975223143683,0.23220380996664083,0.6978996603234687,0.015144854880787439,0.04911385161945367,0.2815373845315727,0.12328061697060547,0.8621760026987311,0.4672752156548568,0.29119791829674185,1
0.060228679104373975,0.2085197864225917,0.7495965358649213,0.038895654424909026,0.06275129719930417,0.27390527309077034,0.12961100939795653,0.8868052493777494,0.4429369072965939,0.311962688471987,1
0.00242979142584146,0.21338313029778783,0.42889274165567415,0.8397634733578718,0.36298015765680197,0.811889585866824,0.9875249301704739,0.38241047928757915,0.6750467447124058,0.5388439049511017,1
0.5639098389257958,0.3540613595538671,1.2419539901910146,1.1660807740708323,0.8981741556933328,0.8243148263067201,0.43141213962544817,0.42463233073608264,0.7418046877886261,-0.29197898947820733,1
-0.024122969975834116,0.2668464319021796,0.3079874340646036,0.7965867911461212,0.5280114613490162,0.7199789285215495,0.9244502525890974,0.4042368933791731,0.7243975353750854,0.37466261788198385,1
0.012641171039722364,0.36633962475933624,0.4098424801663745,0.43790897204162027,0.6540606179999207,0.7269687765797352,0.9169180962555996,0.7768177145526902,0.23552739523134392,-0.2733460873734993,0
0.7074211667110608,0.7348281799246852,0.5619857533252046,0.9935890197305941,0.8977973311768815,0.56797834203039,0.9972817968116917,0.6810976109690833,0.9127932253148102,0.6177767420137545,0
0.3446110343493736,0.8869276556814907,0.956947894560593,0.560076944262247,0.06579032275145769,0.23420604866644915,0.14116583472288663,0.7274099284138081,0.1593126936515162,0.35569369001410944,2
0.6063966305492926,0.026265686569009242,0.5897464896459554,0.5731979692806499,0.5730160662426671,0.13927668771577412,0.6962384812920175,0.6778134804145067,-0.020046234878967152,0.6179001732599027,2
0.5842730146737943,0.22220918268580797,0.9812085587140523,0.8791556455606301,0.7031181995810094,0.9497697399398136,0.6420490425256364,0.4814272741670675,0.6291620650448599,0.3542013962553776,1
0.8410836424569799,0.5176651584459478,0.2726560104992137,0.7643608564817136,0.758301894956871,0.7485930320245715,0.6685350665721893,0.12631541097465634,0.7413754236003367,0.9187425394425605,3
0.4789866290480621,0.4352095100926796,0.3034497472775033,0.37559266431128274,0.4292451839019032,-0.19336097948410538,0.5392711086661485,0.5192947888144515,0.434686855080098,0.3907822331137449,1
0.5499812085411351,1.0028210099114527,0.1489770309491711,0.6520980033812455,0.8556906710860229,0.1314445711097899,-0.058878628869136515,0.1306717525118137,0.4183448694901182,1.013230390334482,1
-0.15698508932356042,-0.05657697097047673,0.17103179806909524,0.8150539837961558,0.6481471258058769,0.6919688872060624,0.6980488837934019,0.32290325665818925,0.7146446055262312,0.7030947385578552,1
0.07895188121690166,0.38068717456868084,0.27833002612391117,0.13073901754197703,0.4774899033537058,0.25447281011168654,0.15424302121044794,0.2726254795552562,1.0022218438381196,0.7855392266540383,2
0.7147979661357247,0.9548733938541657,0.16190522143239988,0.27782393479685064,0.5711260533787057,-0.06575887043345335,0.21325798640908578,0.3611517026286045,0.662951491809131,-0.12983619873644736,2
0.8761315985498639,0.2135772838843098,0.2001662231345444,-0.0269883013863558,0.00610578670782555,-0.09204240571885103,0.6312414492011851,0.7375678081831457,0.05269151970435614,0.4907893814836312,1
0.2447189197787769,0.2901434454007421,0.5351271329072063,0.8877062716032053,-0.263099529466068,0.7250686573104232,0.20281970410496364,0.5003542928703661,0.2174207460356255,0.9457843810304746,3
0.8104840049048985,0.932644507734792,0.7982009635177245,0.07781167505209924,0.22701386153849198,0.48970427140207434,0.6389912721817002,0.7702727204918539,0.49777767320372857,1.0966711541061072,1
0.8982844530315633,0.49601952593502074,0.24533250236685722,0.870114613384884,0.20492720281304388,0.8162740687284153,0.7554158207958483,0.6382913760142359,1.0744128781051412,0.1653345186288573,2
0.5097790794393976,0.021870640473962005,0.12136010874345528,0.8687454541571439,0.5529009855556705,0.7337456770886674,0.8980195876115971,0.9582383307973457,0.35777017720374726,0.8833575518612138,1
0.0841187572681367,0.8560224102175771,0.39782941695003365,0.4470266155548804,0.5424150288714199,0.7146121534218769,0.9307564536038302,0.5524058140444164,0.46716029294655637,0.940914091742368,1
0.4319919798470832,0.35068514445097554,1.048074819511923,-0.13953763835288607,0.6660905619661563,0.4237448252961297,0.4948410224580274,1.1971110011934387,0.08088698146110371,0.9513205605887275,0
0.8779209078041598,0.6995247825762976,0.13804158795162738,0.787215716399548,0.3800842218109623,0.9607382562739266,0.7120363052742649,0.16805061273307476,0.8170556784070271,0.31252846653638755,1
0.7509691535359048,0.8870740112489757,0.5995602935213297,0.6908112407112459,0.12640534260891598,0.9072850953059809,0.06732116684596882,0.3357125239038911,0.0035256932266511387,0.8290284876297396,3
0.48080758765708975,0.3384508609435599,1.180149013915215,0.494047171220833,0.18192498977056526,0.857714728932398,0.4013384607607924,0.7120617069455647,1.0877358756985351,0.6331147984263944,1
0.32681119718680746,0.8914316490901731,0.957723962312133,0.6137476531117275,0.09245631401409832,0.20239817307947827,0.25410812914201475,0.8106080964197016,0.12059114297590218,0.2649413818180094,2
0.5049101693935899,0.5249101159642577,0.5119425413277311,0.5550859950610278,0.9288558711419646,0.7094945797123537,0.9220345739848417,0.23227512185368332,0.3491009012334245,0.3146181763536105,2
0.6236940387747026,0.5002589416927387,0.30057182247916236,0.9308733652437629,0.21378746129751203,0.24669184224996102,0.4758339697756482,0.6833939809307016,0.48274147820841656,0.023348615602535122,2
0.7820809484340746,0.15973817549966046,0.1577539029373455,0.4409861445448404,0.4807192616805291,0.1983711249417415,0.7454292978347555,0.9552426843818019,0.6955582664225369,0.7934861102411934,1
0.9993529618882033,0.04325153436051307,0.7827670600374118,0.57651483314934,-0.18819994332207068,-0.5083206361457663,-0.5042522533337719,0.6875171202411914,0.7345672019303954,0.42020295672638935,2
0.04297136370821435,0.1059825290041409,0.7639838882849789,0.28691862985938754,0.06295962086380488,0.27233610256397717,0.6395408972224779,0.414420334180099,0.33217228687664074,0.4714099786497199,1
-0.08175419189492328,0.22652638513868367,0.3509703632018123,0.7822070576751764,0.7006427491826847,0.7480649143815791,0.7501296428744467,0.30597521045982956,0.6856651975766859,0.6880571241575171,1
0.04530753154038469,0.9891837738199957,0.03447175661265394,0.2855000804710072,0.45586554311551303,0.8715206038200708,0.8545079856075636,0.3781169754044774,0.7928065961506938,0.9200861687242217,2
0.951987656648892,0.2577646651439158,0.4555109266389028,0.5868339953468099,0.441175485728952,0.8928368979809569,0.8276458879313249,0.5601921182256613,1.1184114107154268,0.3025953133263801,2
0.04374909841795438,0.11603565040024094,0.7714424242165668,0.31042623949315795,0.06186425336748767,0.27215486534847527,0.6396288535753478,0.4054307969046997,0.30697193041236753,0.45243407707156796,1
0.47309005389182723,0.08665101550293566,0.1906640057598284,0.8665959834606248,0.5051395337489181,0.7492513472244031,0.8570152438411827,0.9320619233058093,0.2666360997163277,0.932777747957373,1
0.12456975585544497,0.3469638824334476,0.2355599403354022,0.1185248964636375,0.45528002025570424,0.30251415852171076,0.11218301097579934,0.3184523025957163,0.9568669685161643,0.7541575756834964,2
0.40347104824223545,0.26611322493454614,0.958007324540294,0.8427687439930597,0.5432648851649075,0.7667127604113253,0.4211311317623668,0.34175739260882493,0.5588582385777418,0.412399703147856,1
0.8792358422799114,0.5705176394529874,0.32202909639754723,0.7318825031941449,0.7661275681116787,0.757356036814307,0.6596769318182301,0.07586875082304151,0.7453286517260029,0.903865967608539,3
0.07613542186818398,0.8378112792038159,0.3891643908244343,0.4584238681434014,0.528715270286627,0.7054232447287517,0.9401990581904376,0.5554563119361401,0.4494703301619033,0.9336974321391232,1
0.6201658517624281,0.30719364177447067,0.37011174587041323,0.9786067666539278,0.2634810982741834,0.34604440343867143,0.5506545134723458,0.7412217876958922,0.6216272336137723,0.21577948493431337,2
0.9012892333746261,0.4262157018708411,0.26938796723652453,0.7822443494525457,0.25395105016885944,0.8128865040784545,0.8956266081808988,0.3598517127877788,0.8511280286231977,0.2002646305248773,2
0.9083907661250636,0.5056576947098307,0.3617618873595068,0.7031066926753374,0.820092365665221,0.7645915137968132,0.7211401347999894,0.04958007064586892,0.7824344279403035,0.8642231309510253,3
0.3270895271450816,0.8623899895127133,0.8834227024181199,0.1419573961885492,0.9392263919282219,0.3759547775972819,0.750028026379892,0.7116670865637162,0.43456284334845025,0.7392733089684431,1
0.08603887346733524,0.2581505836164893,0.744585609530592,0.8907385746943082,0.31562015476116595,0.2257186335160674,0.6472877942682236,0.6480211986402562,0.4984126037363218,0.11545505013241206,0
0.4656634105843639,0.20065018241561858,0.3445156066035197,0.10615573331839631,0.831808710115751,0.1371090189514051,0.7312159610499427,0.59379880480445,0.45293680841472195,0.5890919394374167,1
-0.21668239267317685,0.9493566403278728,1.3734651026668403,-0.01622867569308685,1.1291802376972122,-0.21733086139454794,0.7233018225084982,0.5864044792046265,0.5893921514098213,1.36615436487837,0
0.3511945456664067,0.6457538802305869,-0.10636359080954426,-0.08144571995396888,0.0259231779996728,0.7807267426898229,0.7906172245527595,0.23358120273856917,0.9955041367054641,0.87831162918018,3
0.025637627326714804,0.24982034475636294,0.7095259065672772,0.03879240644724808,0.03787438242905296,0.26017263700941273,0.1362338441662953,0.8862684350452095,0.44737834140607863,0.30007091043670564,1
0.012216957757815533,0.8656433946299263,0.41365740111706134,0.46182402365060804,0.47170639854891244,0.801584766442507,0.9873967751420647,0.497654670826449,0.3849301055344775,0.9756141091799188,1
0.23291130641721675,0.7870973013065532,0.10666875777472097,0.5959978308416665,0.650937456113668,0.661022926081673,0.9988831618882856,0.3524799371439974,0.7890954751464998,0.879904245900266,2
0.9281123512935641,0.09741053047876828,0.6437523429480089,0.8568126633543551,0.5303756140199354,0.42841884526312946,0.5777587580786235,0.3361126098041129,0.11588624708005629,0.6003971288459462,2
0.17043021630584937,0.9392063715112805,0.09603420694043154,0.5063798292865139,0.698250178783903,0.7207142335924107,0.9787033391102281,0.18053229573000862,0.7168114430463173,0.7339744897085428,2
0.19517541689470647,0.008772831897641092,0.0807084919043808,0.032982933607531184,0.7191945000956037,0.2579103060978895,0.449158191453227,0.46691960497122265,0.2309280292865372,0.1758703981618755,2
1.1362506570123045,0.9317927231558343,-0.20152044778075806,-0.16278941655371093,0.4660688794274363,0.8536447321485029,0.3589279456154563,-0.014559438840356431,0.6088284701089308,0.09474825528174469,3
-0.01521741398818234,0.18085606732583742,0.44039545234587607,0.5949023411729139,0.44550797303188844,0.6297705210294691,0.5318688788878438,0.39312605894808184,0.8926233914533392,0.9187794600424368,0
0.0844472710882767,-0.0006488858833244571,0.8921825666112855,0.2964880607596595,-0.022766806151569438,0.112535920964281,0.7697240743020834,0.5051649561466576,0.15780826553780947,0.5360499250683999,1
0.923933215247408,0.29073885025735063,0.7525237264428644,0.7375976599114936,0.5733793886753566,0.0731794537166974,0.20359057033419953,0.5940351622874618,0.5120988238188972,0.46099057750520195,2
0.7650429923923887,0.7062364271599384,0.6978928423989673,0.46960268576566827,0.5232951121399605,0.6205320110942604,0.9106293319397323,0.08380931707014248,0.2428080613631537,0.18503610813284985,3
-0.13539313176261975,0.8275828573784422,-0.04609836039507541,-0.0020687939312491847,0.29069112649581563,1.049235902269763,0.8076610615905689,0.5286695006267546,0.615106178550284,0.7313920766496115,3
0.1710040586841682,0.025733321026633598,-0.0013601380325132112,0.0696065090611073,0.7080951469957898,0.2094533087053915,0.5232839225780117,0.5356326795307459,0.2108516882275493,0.11120294342434135,2
0.28715988970953465,0.43375794120067557,0.9696568971312044,0.6492102452951066,0.40421629573770085,0.7426532199289895,0.1912613559896776,0.6469828337188491,0.917440126684099,0.4067704190669747,1
0.28917545971970476,0.6367871553299373,0.00308648469279534,0.03990008731797924,0.08871411318668049,0.789046622960531,0.7343318645603945,0.2348113960918097,0.9898117966482508,0.9022509141097367,3
0.4794411809163942,0.06652209201928118,0.12083494467050339,0.8593652554142358,0.5456787142617179,0.712944841139816,0.907321677734076,0.9818929474594699,0.36692430872911175,0.8938155494584156,1
0.18849065975084897,0.04385616835695069,0.034162757634998944,-0.059959436437005215,0.6943538813544959,0.30199940655575724,0.4098917551406635,0.47828990061815374,0.1571672560582102,0.15079624189261293,2
-0.06833448775620381,0.3810879470103852,0.39437386098980315,0.6594113765689058,0.5653153170248695,0.4624514182243382,0.3977920468812063,0.9103363840878725,0.3900215423939043,0.18760082479510248,0
1.0156369508202243,0.1630261767676805,0.2463280223847704,0.3071001099265187,0.1575675605014191,0.19925956056307928,0.5852121358850598,0.6033382482175688,0.12967171441763237,0.4823176053469636,1
0.4417506440672966,0.19775839181756122,0.38141718304892025,0.9822428377445559,0.2542002879492724,0.29122425880809566,0.330266672210064,0.6338026042694476,0.7674657064688624,0.17670484836332706,2
0.3594533740901105,0.3232886652474257,0.5418934634195416,0.7939077530136772,0.8434532239237806,0.42914475919649536,1.0538656206718706,0.9319402584674112,0.5350105533725178,0.20985174778437402,0
0.9414150066054869,0.5886643331234789,0.2540595562714618,0.7929834031898751,0.7906187184488478,0.7061570693300101,0.6732776300914867,0.11281836632333475,0.7804588325954109,0.9246332399637128,3
0.229100742108411,0.8957169895775836,0.0612144988620207,0.45220151568744865,0.620426894814707,0.7527163685423832,0.947541105612532,0.21397945843532917,0.7198659426849267,0.7668408970289231,2
0.10489766294581257,0.5790271956599321,0.5036216364072356,0.057783641496647914,0.9734447310527775,0.7066517834312371,0.5130290723888071,0.5445496118372762,0.4135231943919916,0.04945968254894749,3
0.6483653297813602,0.253117073099212,0.24905588507355172,0.2631300544932731,0.6314095016957053,0.059131811968417575,0.6442225568634901,0.8014445329201192,0.6516480684706237,0.633956968366609,1
0.6123510169872834,0.8301657579032504,0.12105584332308506,0.14674467444579042,0.7691639501668095,0.06512325405725512,0.2895268674023924,0.4141091824081023,0.5839991565836969,0.04347833010396379,2
0.8058574281755079,-0.037622347908822185,0.24360052447185113,0.31153125902920653,0.37244808313887423,0.05732966441139045,0.3992221653316525,0.7283761617518366,0.5807529795741995,0.5618375083106879,1
0.5865652963583042,0.8716629108817601,0.16416565660458907,0.11545197709357286,0.7760514373006959,0.05690159344163823,0.2540634616480636,0.37381966854866766,0.5878576435588657,0.003234991409671083,2
0.5811151111660433,0.880772489846156,0.17205518542242731,0.1198471243941411,0.7703923662311746,0.044701749079953654,0.2648483226113546,0.3786736711937018,0.5737132833701594,-0.003978080406500238,2
0.2380621214897898,0.2885920200712231,0.1058828264778166,0.6837322334747559,0.31357282149762455,0.9822242450127682,0.6701809283708489,0.9008055218482133,-0.09012720137187841,0.41468572316017005,0
0.9605493822043798,0.11146797150943205,0.2770470429785019,-0.10543246486120861,-0.2931688725808634,0.864391596609213,0.386306177377438,0.888238576852356,0.5720945263050283,0.9382617729964355,1
0.8130984652377341,0.3828081988487195,0.49394960636181756,0.941282915415056,0.6099970094376093,1.2173130496204991,0.34991649214496645,0.5978057802337382,1.0806912102984758,-0.32083023992570797,0
0.6151971613750572,0.3563655484610546,0.1965599887459492,0.9033885238047281,0.1215627099709596,0.36996057235170293,0.3869595001141321,0.7042704775278008,0.6120112668481851,0.2739417866428584,2
0.2394641222706567,0.781986509978781,-0.11877298744741083,0.9408838350648747,0.023704086359502413,0.3501590310159251,0.22338977414059047,-0.05127658679327224,0.668019306660202,0.34395132034782094,2
0.058437345261924026,0.44645340612232753,0.5131551831701212,0.7753126761962007,0.4083943504608286,0.5507982644019158,0.5501798459056231,0.828312603240392,0.36854600171608776,0.1427953837918486,0
0.5966652736438343,0.6850999630747661,0.7546013957166997,0.4260098549761627,0.5264259743286672,0.7759476058690885,0.899058234089186,-0.038223616410253264,0.21883962457864226,0.41300499316790235,3
0.7430710970419463,0.3536265696143496,0.8262937445181626,0.7291947142078451,0.5112864835828549,0.6536451101672465,0.05051378338924914,0.7482012345161889,0.8804497588825316,0.4591696299968868,3
0.9541280786147774,0.6785002879914727,0.6916759279849806,0.2884132323351425,0.10786586786371699,0.8364440613399325,0.8833642833584539,0.7178539758917445,0.35224090698086974,0.8154205123222191,1
0.00971421482791604,0.8001624807067149,0.2201863512563951,0.541083245878097,0.9104115175325056,0.5164069647007853,0.9093298610001517,0.653028404323176,0.5818825640095757,0.1361668158949837,3
0.05586487491885245,0.22449679037124254,0.351128462845837,0.6065206389756916,0.5479348955100735,0.8928996000450309,0.83950095778299,0.24331690185446392,0.5699568556061099,0.4900151068491059,1
0.8085038204025209,0.8473262263985908,0.198440314382134,0.21000008945630116,0.6922729691544874,0.4076664504196855,0.0012158560076873104,0.3662438534048622,0.17916839896040065,0.1908788416571809,2
0.10787086011018773,0.10201925647603635,0.29610305084953664,0.7089127081911872,0.5227744206371909,0.5705649197029282,0.6008572066896101,0.42564883225677164,0.9515014765939063,0.7703027873548416,0
1.0385506870495065,-0.34450530380321565,0.8070215636202551,0.7972564399596056,-0.024399035117564583,0.5887215981137746,0.43251083303012894,-0.1632855752524104,0.5570238334504396,0.845242170978187,2
0.5287144569017268,0.10117970468413295,0.5845153810913832,0.5194690616579649,0.520127819612981,-0.029852260132363112,0.5575041546531252,0.6767914307666767,-0.04322961044156401,0.7407485931754968,2
0.1814162800654044,-0.043007837373019296,-0.01654336715148433,0.09556243376201308,0.6815887490369115,0.26758703333355854,0.459316664932961,0.3913771399859257,0.2138603573672737,0.10778919280122712,2
0.15972958490026096,0.31871849694718246,0.20664522633404364,0.8838945839663488,0.19299923787095136,0.759149927880772,0.6070298667404563,0.587293844155905,0.058076916083896764,0.9449295739659669,0
0.9211101336994602,0.30712586187870045,0.5663316056694393,0.527211556790258,0.7278598632706653,0.2713161455128748,0.6236928917402931,0.43194133574106675,0.09218590680829702,0.3322220568182841,2
0.011041646817780679,0.07042801455056134,0.2997797930742909,0.5801998509339849,0.5258768785782993,0.8665454090824356,0.9637943430804519,0.3650877122606863,0.7897929309607477,0.38231115285687667,1
0.32095525212719567,0.8772790294989213,0.7795723760333888,-0.2640022773939565,0.807133691166034,0.515904621707957,0.6012330671506007,0.6107617723642295,-0.04585416313337076,0.6477790694790573,0
0.6562056301230538,0.30280904717177304,0.5733975752227103,0.26767777710426416,0.721093779733229,0.5261348184106301,0.6514225484979611,0.4637452400123171,0.2124555364668873,0.17705394013824283,2
0.9431978684860487,0.5829009615391713,0.774370659524498,0.07640964971626789,0.5542378779778774,0.6281415356136224,0.3803285604458684,0.18873726290785528,0.8133584847867736,0.9712839324509752,3
0.6625040194921153,-0.061713154572181794,0.5673569578892532,0.7314356858087626,-0.17254911833332737,0.06390277024231589,0.12307919873489592,0.34642181066068134,0.3807127983660043,0.4496918929953076,2
0.8894569712138781,0.5525704522909318,0.31694319819582534,0.7214579198891786,0.7885885472003361,0.7606395161461614,0.6664654407038412,0.12382257689918975,0.7865895957408844,0.9226906878746982,3
0.5011331314693015,0.8289267059167336,0.09312825660909654,0.19475603449178497,0.885326583980864,0.29482264415834475,0.20424618133037004,0.37519157868049713,0.2968991849260746,0.38471595244726237,2
0.29004955886232964,0.417060691273019,0.9660863753662989,0.6098233347432377,0.4000407223897096,0.7469960686091693,0.1770788405339989,0.6694083789335069,0.9424694669382226,0.42715073739618803,1
1.36256672612614,1.1490170503979602,0.8484915271771162,0.07399861838431848,0.08145583024274465,0.22296202003437315,0.8771135795230799,0.4218758075006821,0.09114725669970619,0.31199931440991024,1
0.2810201963259179,0.2754186270857677,0.024993796439468308,-0.013807357899371653,0.8247202914706203,0.3128873482794766,0.5772352241842349,0.30776800436691176,1.131153278645451,0.2855940252485796,1
0.4120885271779099,0.7051250910871026,-0.15507240688632745,0.1905152005911021,0.04335217478190957,0.6096030959700802,0.7372508332040358,0.17952435878267925,1.105114824248865,0.9060786711148342,3
0.8597404440976085,0.5551677618307032,0.28809724041241497,0.7429598333368458,0.8047939754197642,0.7043817538880766,0.7044587876750158,0.11483772264398492,0.7821963101157765,0.9204400214283215,3
0.0973358351130278,0.7500497803857342,0.28333862234916196,0.5421767779833191,0.3869001326493534,0.6809085937540819,0.963015345688678,0.42196600023690434,0.3613559176853976,0.8585855837773824,1
0.5170509918780438,0.8209548836045026,0.3177604502807019,0.5209372413222301,0.7913751249207422,0.16242444678751022,0.02009756872120471,0.21426207605936684,0.5394641321394841,0.9202716002268234,1
0.8658307715186929,0.7016054604640721,0.12677408980441943,0.7890546360419937,0.38183800966435255,0.9573678152503106,0.7198123719167356,0.16802500103543808,0.8254485622398124,0.31948955121354883,1
0.16705203153963422,0.781498721828734,0.3313484630668024,0.4406015180217088,0.5420166823594237,0.7928751765970272,0.9331264476789785,0.5844265975213763,0.4509427859717322,0.9392310962823166,1
0.9077400958247752,0.6035259504819589,0.6531723406999314,0.3152503113399015,0.04941987254379264,0.8361502746986804,0.9750540157487394,0.7963521513784129,0.4106215493869332,0.8651179463005859,1
0.5667525380071663,1.2861685198913364,0.7007154962544615,0.6127304979391909,-0.08813993040737458,1.131349722651292,-0.0814749255029798,0.3789400773015501,0.6598575483195682,0.39102850945651796,3
0.06658703788443887,0.6314705211693649,-0.3305292701519436,-0.1963495633979764,0.40777363496117,1.0512118753119082,1.1321285693815994,-0.03346278395960611,1.4756802142853507,1.061927117561933,3
-0.04274435881705517,0.797714451296096,0.3734498626153359,0.5212314841452981,0.9953955338524851,0.5521591380881677,0.8446699712510785,0.6836251223959043,0.5562564434454781,0.06597836627182907,3
0.22939989671535402,0.42108200226527276,0.3883795006524565,-0.0833305520856219,1.0873529449486623,0.7157471759481717,0.8046761576562556,0.3573860037061111,0.26152336018195466,0.3549126720891213,3
0.6471077919947584,0.2913908249053328,1.052723877560948,0.573650421945793,0.5031240802448256,0.7600967987893811,0.5266828000734283,0.3372331073464899,0.513972237997521,0.13853328511867624,1
0.5893358932844255,0.06069515112342696,0.06339617483107879,0.7968034196627494,0.49922519369768364,0.7127264784527875,0.8286772634429227,0.9403419642221743,0.29675640010769666,0.93988419189178,1
0.5940155526189965,0.8592088471852328,0.17405123617461699,0.12310567869550806,0.7984987632718675,0.08038647149962988,0.2810830321687662,0.39512658931971323,0.5994966141203548,0.003264197211162506,2
0.5211481959447584,0.07007141020433638,0.10441572562348644,1.0095349786321148,0.29508891222359535,0.47613424740053945,0.45385458495097286,0.6513688025991905,0.9242744634877835,0.012104610407819016,2
-0.020768915551809708,0.14615741410346184,0.2635342086261895,0.6429372671230607,0.38586515146708367,0.8705725013808313,0.8772998392208294,0.4426188001932752,0.6724774869392108,0.4399329724494719,1
0.4970014770471376,0.0751377847083829,0.9905584613271232,0.6062198457538575,1.1674820263408596,0.9901081979280617,0.23610286315740592,-0.1946898101924398,-0.2981512385784266,-0.33171654589837185,2
0.8085943681100074,0.27965339352553187,0.4959200160012328,1.1287808798274388,0.09115473603323664,0.13644492826677998,0.3123054850056658,0.6630402460765014,0.44869888745513764,0.15178178875621257,2
0.6348246007325952,0.7083052872014074,0.7705604809909865,0.4690391275350346,0.6092714950742635,0.6461987686703239,0.8531547566183317,0.045601420348785573,0.16686747644675526,0.32240295051182893,3
0.6488805584513215,0.5768545745659597,0.7174614876955128,0.361099876949755,0.7109662425620715,0.7692213509624202,0.9412040162957888,0.06413660069349668,0.08320151650561426,0.22148375065000336,3
0.1561139149727383,0.8886415190641028,1.0408522797668711,0.8243212319178777,0.3071663846352576,0.8522399523636457,-0.22339374858080552,1.0046445331715232,0.4750519520476042,0.18072455091222783,0
1.4572861488189068,0.4610728362228226,1.5203221562261917,1.2191556029279098,0.14590638644758525,0.3113131985285851,1.2130716403965802,0.5807632320934817,-0.19689415744665173,1.0728242400442545,2
0.27797729025100093,0.46930596676282127,1.109356515261763,0.6870101082329592,0.4652756046440669,0.6123249608736907,0.06581924809014461,0.5827707412596326,0.9770765585358153,0.41130287607760224,1
0.3138782875196819,-0.5134165206564477,0.9418665364764659,-0.5100300547255822,0.9463269533861131,0.7692644146079469,0.6084192075152935,1.5232185195390195,0.4781536985986004,1.3315896361761697,1
0.664767160849273,0.17007056598235643,0.3287223024128786,0.20710151540829008,0.601556980290736,0.032195616002714006,0.5218229125248753,0.8457364004783838,0.6670586417791496,0.6110608758326027,1
0.004065301123733905,0.615909935177289,0.08332303507734905,0.9267674637062693,0.0874723198173656,0.6017186284005313,0.36747534000499504,0.1904186178428986,-0.19504579614051942,1.082159046793372,0
0.5019002646410556,0.5121016137602262,0.049647332994399634,1.1322242485358638,0.047659392040509924,0.2980751456992006,0.5970685354941265,0.5447573976078297,0.8601271772301682,0.31455214691374755,2
0.03477033597811056,0.1542468190672844,0.322469079521434,0.6948471414330573,0.4450175332951837,0.8289920606201437,0.8370169957712804,0.3646358573998626,0.6777531039708552,0.5079847443030651,1
0.3357657138646124,-0.014234481617110523,0.32920066468061304,0.4870243241660792,0.295171353944099,0.7530898030448807,0.6316959267558971,0.6146283692279175,0.8880825440334038,0.9952778571699429,0
1.6477965474776273,-0.1882268164736245,0.1948075520558501,0.7939384957927424,-0.23952407412495302,0.5805110891111963,-0.42325279795541415,-0.3205719356525991,-0.5718866072411707,0.3741235662326657,2
0.8233255313578622,0.7926856949188248,0.05712642949310989,0.8137787969385442,0.7033670445404618,1.0019839621006963,0.5733068142388441,0.6321685494815756,-0.008511008763702532,0.1875367035679996,1
0.6337800496378672,0.23688086854637694,0.23195913425788214,0.2619370730319237,0.6154020495473357,0.029455271856864133,0.5868711536614106,0.7643080067318216,0.5972863876345459,0.635507056940869,1
0.5972353307301509,0.45302745883216655,0.92966997579576,0.6350840373577794,0.4455878587166652,0.7625486911914017,0.528992924788172,0.2516454854479094,0.6094821617079709,0.30361126965113144,1
0.8813737800030755,0.555799007757789,0.7172866974548723,0.10013904235853087,0.5070352889470943,0.5682994938341328,0.41099911775196424,0.17075484629089643,0.7440144640901705,0.9812098536877798,3
0.8108661605837009,-0.0721319701392458,-0.6359044271740596,0.6508337799965366,-0.41613883559931963,0.8816309610681774,0.9576121661141621,-0.09731289354936912,0.40361343456698995,0.29619401900954523,0
0.18801676031613118,0.007093561046470798,-0.4767707876736661,0.20360555273991388,0.7711669403953847,0.42850397515792354,1.473859998452424,0.9433589460472407,0.09958542606309939,0.6837253525117761,1
0.029962629291902215,0.6004161291454118,0.3782659619849231,0.9989617412088544,0.3537354684608808,0.519826869647466,0.38961097143037376,1.0706391851241956,0.1311842685892578,0.301631044639339,0
0.15612387708009154,-0.9030052351480438,-0.0757699797666668,-0.9701225151498244,0.6965077703342998,-0.551917068594522,0.3755784584001914,-0.11591779638664568,0.2200676784117259,-0.8445826862110132,2
0.6478188349111698,0.8385953283261782,0.26114302797519917,0.3947149041903896,0.7959626324796336,0.023404967727778087,-0.02056277218790028,0.22135135514277537,0.7226724305571346,0.8860064912944086,1
0.5716581452307783,1.0758106641071077,0.33063757137612093,-0.007730350719795331,0.7378212474626678,0.11536908539759193,0.3781055692508843,0.5267413896073231,0.7935441143193406,0.16018496387912715,2
0.36985855325846423,0.43069622551516845,1.0270335740434422,0.664604345771679,0.3552985276303515,0.7802707548179585,0.22651981980651525,0.7055484798076886,0.9048072659411078,0.452067046251015,1
0.9612785444533116,0.612547554170597,0.3775131673574792,0.6551877877351743,0.7620691052697313,0.8075338593339012,0.7701592922870621,0.07517591215935143,0.8563446869151816,0.8636246565107522,3
0.4656664961972548,0.770474452911218,0.20354157475437962,0.5440360344090683,0.7749841734613319,0.10968927018608265,0.0035813789318103403,0.2346580598896039,0.5026883516187518,0.8554337971734713,1
0.6495414553198292,0.979151434401353,0.06572234319387285,0.13593458153651117,0.39376320379109847,0.32636825906349143,0.21323423358099622,0.4302369534638767,0.1857327032191068,0.9445051691487028,1
0.615560287808082,0.7595107500440337,0.2482653273932479,0.2786921338738655,0.9622165195840844,0.11133501099071554,0.3466538523359898,0.4745973490778298,0.5411659635377841,-0.0858905129899753,2
0.5704876993918384,0.008285299997045026,0.11103269562601552,0.9338692292617339,0.6153381628259493,0.7829206416059767,0.8066425597064761,1.0066729860461952,0.3727530990650493,0.8488652460738513,1
0.025489460601704976,0.2414414792542592,0.6947863288185918,0.01888504142391371,0.050248749247821634,0.2760400073096815,0.12736974693554648,0.8606059874809587,0.47470181856274934,0.28651782638843415,1
0.04111850514352173,0.8981176947117201,0.4737586380618392,0.5357224187580826,0.5091983743269214,0.7768953510137523,1.01354565058944,0.54178825461959,0.4638461409143541,0.8937153811911676,1
0.5624130941842572,0.27899364964448947,0.15742534590714916,0.9361448282423532,0.35548943415311757,0.23952921408835606,0.4048002127532524,0.6483271493926778,0.7644532231455232,0.026051944336164395,2
0.6554086729988344,0.4480283723524299,0.7233153308353961,0.42928978950656627,0.741705848345074,0.5852086814642511,0.7138282791786994,0.44839917472656654,0.029150336867105886,0.23187042708141123,2
0.6562665281194523,0.6580315647410625,0.693345915852928,-0.139353813034636,0.6754643997165622,0.8280750250477815,0.29051618375360766,0.7275573765724479,-0.01570505596272631,1.0498766418147536,3
0.815985453172387,0.26613989904057805,0.5421410905734079,0.5288565849683524,0.3648597654845995,0.23623004760757219,0.0728227226435296,0.3932151956896972,0.3808164877574955,0.6237318826068217,2
0.6929272951158348,0.9216709448456438,0.057079257331387266,0.8239064854562722,0.6626954678411802,0.9811364593433741,0.5560494386167931,0.5400687690307906,0.12407787478549477,0.2790310140596012,1
1.0261789040834013,0.8900822768235288,0.34177019220741167,0.509846998604836,0.5124402852541696,0.4226828665832692,0.37420344871657757,0.8224847249481617,0.8986205009287754,0.27543173082201555,2
0.7111621744446093,0.3903478567979018,0.8966051052278244,0.6535333893997962,0.5303331632528202,0.25337885060964804,-0.34039383880205104,0.8405979707329286,0.23399920693640702,0.21810722365053054,2
0.09714641505633699,0.7988744966630621,0.24904872320724217,0.5114237911834699,0.8814686807397661,0.5642820626493581,0.8700883310241515,0.615306746949694,0.6684535066135272,0.0680660377842615,3
0.4650876530255167,0.5848671188191192,-0.24005753137950536,0.8106122138327632,-0.2701165485294125,0.9994462597310199,-0.3518585761955074,0.3452163207277616,0.7124387034785612,0.5549380251965336,3
0.4471088036058031,0.7785556216107331,-0.04769793090569749,-0.05493194314699085,0.9316552324987359,0.03125256740032578,0.11188433728620434,0.5152819127432304,0.8673660270315957,0.30681940354205206,2
0.7715345944935005,0.28610683904839995,0.5891358642972199,0.6090113415410378,0.31505280429301363,0.12445051487206062,0.1765944872202514,0.4262767013712059,0.3188857324504372,0.5294109619079191,2
0.29353547089263743,0.11961342907027493,0.07484081840797463,-0.008676573420277424,0.7192185856884075,0.167254367513696,0.3604625900964089,0.4759880448676616,0.14282536422776532,0.03952428326317747,2
0.5031052990935061,0.043557346754089676,0.16160806092917235,0.8790966205905045,0.5215197498332074,0.7118971502368917,0.8633524660324706,1.0119508646553121,0.34074076415792093,0.8702231249881855,1
0.6817606805644408,0.7780848832363051,0.3334943368987204,0.21724221501680976,0.7445615936994545,0.37545470408868076,0.0054466745300744,0.4621050956374248,-0.037178007933281645,0.3290723209052552,2
0.5456890372018872,-0.05981722778623609,0.42449010857114167,0.39792598898882975,0.5443262954470198,0.19146267310515347,0.6193582079461256,0.5990434258885964,-0.0806348399528237,0.6605342521820668,2
0.7036873184783439,0.3679146618748477,0.1274721179710369,0.07628386698837591,-0.2190233195504938,1.2457035228212097,1.3666962924163015,0.8673667369790108,0.7181365961009787,1.3053490466503592,3
0.2987366056484181,0.6978732088059328,0.2627093831164773,0.29398170689761693,0.19312414504798886,1.0316790030213185,0.8154668220758453,-0.0303935758108963,1.2275280167608205,1.1289135191760187,3
0.649711427772917,0.7441445308539337,0.2973340211802671,0.2665077225738789,0.7258240718620722,0.43538836605946474,0.14987416969360481,0.4202128867949741,0.031396004986831934,0.33555696071830576,2
0.9599416089435001,0.5224730777874153,0.2689476822429968,0.8126862596084734,0.3443508257397401,0.7190713324216498,0.8980066087274392,0.5018961399350286,1.0101411682256882,0.30072403616077886,2
0.35415248061194254,0.2572620719360321,1.210533785859989,0.3492030243316372,0.34964644270303585,0.536333284300951,0.11200125142699238,0.4311169049228431,0.941604417291914,0.7115518411181997,1
0.8234204355755009,0.3056385936001559,0.5798161238976481,0.044454683128523104,-0.03036999287000105,-0.08561058564079951,0.3899045195040457,0.7878065890385402,-0.11694673521256141,0.650000886076277,1
0.4012467077883033,0.22228629776460374,0.17161112346677743,0.9053117686559395,0.253953547566767,0.22468103412640197,0.5033948082653599,0.7272236229597041,0.7086147101106655,0.14582867800342056,2
0.7079434460710796,0.8749193907228071,0.2394300312053542,0.22057494488957588,0.8231192137832724,0.39091532932414136,0.12591005952720086,0.3540357399868568,0.005626815552289312,0.36442711660666227,2
0.6491493594900074,0.7387644621450388,0.7527685003745226,0.4296312584892908,0.682584225310241,0.5511823475185417,0.9331380428293844,0.057076542616617015,0.2523493692848623,0.39099708671068617,3
0.5238323250737,0.48322303762447066,0.9868430235560885,0.8064402289010197,0.5230780312328395,0.7070277544123725,0.3962883677639066,0.4552628190038501,0.6686353409698311,0.3145105268525024,1
0.06449425302810524,0.17649555571203832,0.33936679628100747,0.7152369060634455,0.46049636702071717,0.8285407727859457,0.863448353631667,0.36336268732992066,0.6832993858806599,0.49184397660073725,1
0.9071918717515949,-0.4964436685480256,-0.2930199262553633,-0.15347484365246233,-0.01565609547157167,0.04558631439652976,1.1131336713295563,0.7757417419904633,0.43208159334513274,0.28223497136382975,1
0.5620994459407528,0.6192668910043219,0.5899381139226082,0.37720945444668275,0.45933182750113033,0.6749436157412544,0.6865805320596094,0.09106888376049994,0.012403455414153414,0.18230736729322916,3
0.48223536383303267,0.7779723358344371,0.27367112729568466,0.5301214322385783,0.7808147361874886,0.16256655540748674,0.016777267626578163,0.2537437081050992,0.5356080100265129,0.9188220622530273,1
0.11643306626269657,0.8223691398473811,0.4162571090481307,0.43529766234884526,0.5319377109169421,0.7155661948154292,0.9598995631607863,0.5607420160507074,0.4560714436712934,0.9482477907252388,1
0.6381078714793298,0.7596563033974103,0.26588528973357445,0.23987066072923913,0.7956465923313789,0.43154012555645554,0.11807905420214461,0.4485475918770987,0.0537195003162781,0.32250334571830913,2
0.6136915964044588,0.34282413018857244,-0.027963074096622492,0.428223152005982,0.12515953472220265,0.06156655159264146,0.2767952725830445,0.15662385116829738,0.8818498548974487,1.0589682101975746,2
0.6292005790920844,0.24160513874462536,0.2351149408038848,0.26355113182336787,0.6105242776641776,0.028520698597659815,0.5824427748301544,0.7671169433325772,0.6005817063653798,0.6326146853756717,1
0.6408973888874394,0.7966892478318173,0.8757142706497808,0.5202514824141287,0.7052845974923174,0.6094216037605442,0.7428548950538746,0.2291648053422237,0.2801660350544565,0.2944230341282011,3
0.5209124813790945,0.9039192963954941,0.5332936112802187,0.5856058017938908,-0.07759906959627505,0.4313335274519869,-0.03850770384781932,0.7180251766969314,0.7036848785538772,0.2744773343277287,0
0.07944689359723234,0.9929717889308186,0.6360845954023333,0.26925231743291306,0.26600632517350586,0.4740024521182542,0.33831253805905426,0.5350963646910585,0.15204489251443024,1.0384788833897185,0
0.1510934373208203,0.8327246253696143,-0.11762597995138158,0.44580086185199713,0.8501214937216127,0.6966883720586443,1.1472931653232832,0.42879302408909753,0.5302604826342331,0.8791115079617188,2
0.963439628613463,0.5965309106202817,0.7772386396700178,0.06931362712173231,0.5179285577677013,0.6465401710416181,0.3959544819053937,0.19867499612134418,0.7977203017258028,0.9516661127446074,3
0.10493707292245068,0.19873321901262728,0.17636171447380425,-0.20404025646433738,0.5054320864359432,0.26773153015671286,0.5253384384006657,0.7502679112619604,0.027446062548036804,-0.029200109863332546,2
0.5190170534300719,0.8174665848434514,0.02590701960232833,0.3721323811404403,0.5773055235496509,0.37426952705069394,0.34495558257961645,0.1795607273167492,0.1896973127269608,0.20489830455213107,2
-0.024065926260690068,0.11776988931620677,0.22692844787299538,0.8145667112419515,0.4702907802062849,0.8397363796210697,0.9424726000071572,0.3803160523695363,0.7390093287688273,0.5925389261971774,1
0.7259514398103374,-0.011773428580114292,0.16953582756053256,0.02186677015072115,-0.014555612979129218,0.29779223536699,0.8508517866968126,1.1247420039488492,0.24569677358386532,0.6413679704049123,1
1.2757404453458379,0.4898090274497161,0.1105905542852469,0.7855572161136601,0.5764199521301339,0.04242042746984809,-0.24915050518403636,0.9380500813876419,-0.027716361579984472,0.41594807434295406,0
0.33679189108527924,0.8917069996073456,0.9879766231460404,0.5953667207732555,0.047779812241557085,0.2570209708780248,0.24928982513537856,0.7807286460834441,0.10778535110572533,0.29572836226781546,2
0.24260104728810372,0.369508836892707,0.41480631254169636,-0.05009269863430027,0.6261777990511004,0.21711464272012332,-0.03279278211791678,0.3879374821317959,0.9770049410084853,0.7129022578828599,2
-0.09973966698804126,0.9198121839307225,0.8476661702152593,-0.023755361578202683,-0.41920237330150656,0.5901953917590778,0.1322251105878422,0.496443339079082,0.27719384320399165,0.5569660630163944,3
0.07417668289925579,0.34550619494551504,0.22418412614934624,0.09634881550771004,0.42799650202680434,0.2531800007110291,0.10068324251071922,0.3046939469072726,0.9046806388868956,0.7092769339685437,2
0.9584861170545158,0.5855925045231575,0.7733188369930263,0.09609057535287154,0.522606033020976,0.5973465548248144,0.4028186440614273,0.18652951253561134,0.8364475101890028,0.9552965599488482,3
-0.31725008850691633,0.4825036959809703,0.325924302908146,-0.4408134609800209,1.0232150355948222,0.5920236797810485,0.42711730777033496,1.0146702616508636,0.22528605970955004,-0.17125952426955893,3
0.11910362743683445,-0.21179969006432608,0.2920771695721265,0.47934999136605705,1.086842456494548,0.07949476327732685,0.656665191163638,1.1840259874192698,-0.08564732302593092,-0.0001593674824917901,1
0.8300071843420308,0.6763863822174571,0.18791616066468242,0.7710154757029917,0.8843099116900668,0.7416827948071084,0.5568148312036161,0.12252510641766186,0.787654993041195,1.067527260271718,3
0.8413088119853194,0.5882556251100117,0.3401722420588376,0.705136769863706,0.7954332205589888,0.7601582854154623,0.6456369303852054,0.10057845789164474,0.7628381341149651,0.8957858275008134,3
0.03291301473630997,0.1381677400440846,0.7630258742123863,0.28779380395137805,0.07806649216241554,0.27978703092828394,0.6507817362223484,0.41678682047301907,0.3219718468921395,0.45707834767328986,1
0.9542317341107577,0.5808862869252718,0.7579499197830959,0.08415091376629814,0.5580804109753589,0.6432301237085556,0.3695459690699463,0.17639944137191854,0.799344613694902,0.9845104211876801,3
0.4341687905397501,0.5695506173528266,1.043430452576472,0.6073357017890201,0.3488750134116652,0.8234651873230376,0.1768367876709101,0.5494278914155533,0.9924325233967788,0.49008191628764297,1
0.23427382963442686,0.9095136307921142,0.06880702542148505,0.4688542369276547,0.6341743385092733,0.7685409452574998,0.9695221667773356,0.2101158846607905,0.722616792242627,0.7528937458824851,2
1.0812249898065804,0.1678322015096105,0.15399452479923578,0.13670947294083446,-0.30977509278701004,0.31733343288680876,0.3700259956422276,0.7247999254121519,-0.06172338490490954,0.5741932466143437,1
-0.008770943323675222,0.7359576296403221,0.44040533668052095,0.3450586724374185,0.9901727301949559,0.7802336912981616,1.0902605688949014,0.6358257118048184,0.696346698981225,0.19621842267420053,3
0.6364243012920002,0.8304521993036953,0.49495630130547447,0.601186742489193,0.8546342149520271,0.7671850642322113,0.47853496094407283,-0.02920990052607031,0.18637887791969326,0.006985013589039593,3
0.2359731425188549,0.31420486727331076,0.032162053613624834,0.8792553823982435,-0.01825422694085124,0.6134214797175236,0.5965165704386224,0.8114461596646239,0.6987513645891881,-0.03440973572326832,0
0.0002534170568951888,0.24565732901536078,0.22090445865331707,0.5539982928641164,0.5927611790978765,0.4564098057472815,0.7371225401055641,0.4702214488612524,1.0084345389193228,0.7553884396940388,0
0.5797968111390003,0.2850532118290805,0.2888102546855538,0.9399711111238047,0.18142446210936028,0.42140215916247814,0.4604896061087539,0.6559786258234487,0.7156459105785362,0.19297917343562526,2
1.487583228982106,0.7087780414509846,0.14983749064986174,0.6173964401326222,0.7934360175478797,1.218342747842521,1.3113912558640606,1.0464995601981726,0.7453068182525092,0.5373911903088895,2
0.4433503538640437,0.6061297150243384,0.8192755840199436,0.4932992083296756,0.277966133262887,0.5491597265236056,0.10852009817119349,0.814741685923105,0.6066022945399131,0.13290890903279423,0
0.5680748741510746,0.39598892540453584,0.0009341439864876816,0.3840097447459836,0.07764548124133036,0.34363724059133255,0.4104131180725022,0.3003770762059056,0.9563080735521032,0.9438497952761186,2
0.286572910962302,0.7293431531425357,0.1919047328831947,0.12975897026590283,0.08776710073621133,0.7137323984172377,0.8743985340324637,0.07560119192020603,0.8938139587123966,0.9752021947465352,3
0.6220677676979529,-0.06161460497508886,-0.3292284055760818,0.7272332668051925,-0.19128380122898841,0.8080086888687686,-0.19299584183507157,0.13899218836124766,1.3312391513226993,0.8393673846049907,2
0.8757130546573375,0.44253992346206966,0.2901655517509082,0.8342305825384806,0.23572506187645928,0.6796238289054768,0.9276753334560209,0.4363354288424554,1.0074518493152318,0.2800905219393089,2
0.814061171158582,0.530910112869654,0.29093530695442715,0.7442834421446385,0.8444267151130842,0.7358748779785625,0.6609209285703874,0.16851338928279005,0.7919603377004604,0.9542746241358464,3
0.03400095432961034,0.5668394175140573,0.9027458956180607,0.2835392293921103,0.3246302850296138,0.3533597355171551,0.15910674713868278,0.8890660853815431,0.35187470285503963,1.250616389677717,0
0.03019217716299757,0.23130909015451379,0.7043118629006018,0.020567782242878717,0.03538252825156684,0.2746760449273214,0.12671618953184316,0.8602594514269505,0.4691744118063959,0.30073726363995273,1
0.037427102400163524,0.10817471642424378,0.7768311389536092,0.29982188859074593,0.06509984392379006,0.2757279033006618,0.6273383643867158,0.40973617942131624,0.3130215811617316,0.45249822617664537,1
0.7689877425948047,0.4028538896739329,0.8721858050985795,0.7263499684281438,0.5250830360377469,0.6013593262293997,0.07363963629861126,0.6926187548435939,0.8616639669467532,0.402786381774206,3
0.7352935127651907,0.6107315271419769,0.7495757284408888,0.12270201277201576,0.9591029951300745,0.6796404563464054,0.6216558654240397,0.1621327459134737,0.28952047063233743,0.300652560096557,2
0.22985279738593506,1.437144323126422,1.0001740400319148,-0.03442104264100998,-0.0026689125364285637,0.7173642537588972,0.4341642316911376,-0.20894122668245274,0.16469505711191845,0.604900693052013,3
0.08819186618590309,0.20358215546069167,0.21644964287510765,0.6156969020597787,0.3460859917557401,0.7381557040582529,0.5496204746431432,0.31269782818427494,1.0933948503322863,0.7836776041143754,0
0.5756229139314585,0.2973775893989556,0.29437732245533565,0.9946241489440997,0.17783135868579994,0.3786840170053559,0.43479911224035633,0.6259127478130994,0.6855817366616972,0.19986183325806367,2
0.518724275297032,0.8164524129938523,0.3185350698353713,0.34176684513959477,0.08256712237043626,1.204357939554236,0.18850531262644132,0.37378057118520025,0.18981174375622908,0.47561798114233655,3
0.9164959441039429,0.5762842248772839,0.7408109282060126,0.04888198311453594,0.5660222588364774,0.6009724016296031,0.4013226532433933,0.18508505605787365,0.7921116387139001,0.9814676005141475,3
0.9098077953021662,0.2700547532373021,0.05714911993050251,0.9810272900482786,0.5614688312564989,0.3125439113718585,0.06964455887190399,0.8823312725277198,0.20826874045838112,0.23350244236723303,0
1.16328429525065,0.8518112377299755,0.6822596157444039,0.2512622535693411,-0.309544931281017,-0.34785672812780355,-0.2907098169186261,-0.350923405149134,0.8073766628826691,0.4479149182287583,2
-0.12510063310503622,0.7290166116269755,0.321461104832798,0.7149306606929364,0.04173368084720569,-0.31213663426710675,0.49541222863808826,0.9299808795909877,0.45139981419209974,0.4589610955189272,3
0.6109254672184412,0.6367643339228324,0.4304523167949046,0.6287640241636028,0.24762250272200598,0.7918194656152159,0.6227645302660157,0.2213004263776996,1.230472290972704,0.5325919954652677,2
0.9166548474955557,0.12506772392076845,0.7270377828284914,0.4904817709314476,0.5396760546736077,0.15447333251503348,0.15260141260015636,0.3722590573855636,0.527216358528936,0.8699129280046475,2
0.881007923609531,0.4335782683745634,0.24415816395675471,0.8160279932160128,0.3628345484203788,0.6578496510738147,0.7647088299847661,0.5387720906487157,1.0489904371659178,0.33128428639328145,2
0.6234121775976935,0.8513491393836619,0.39264417012451014,0.5896948825455787,0.7145004230966671,0.01762712281565218,0.07546139483073519,0.12122876710460652,0.489767158860363,0.9499949850146947,1
0.24015565841661107,0.9151966001923275,0.05647683927472886,0.4593873557082322,0.6384777716945157,0.7514487921969799,0.9533379417075228,0.22743811319497648,0.7268477194449382,0.7461484607518543,2
0.48078815163534694,0.7699770277201667,-0.02796556696983323,0.00542838308780472,0.13225904204135058,0.8163469327345761,0.5353827233811396,0.215869590448284,1.0198128612840387,0.7722130905386176,3
1.0099992271392213,0.8674198458928164,0.9190618551101951,-0.05374052402729407,0.009601502814334362,0.5299265029281643,0.9067373313654901,0.6606990603014651,0.6213867143997228,0.6183909105185703,1
0.5062991969559243,0.6694010403292456,0.8987230212995927,0.575837043443551,0.7300534491051143,0.7119970725408094,0.699243658128033,0.10750735873152986,0.14779196331390482,0.4408929820673195,3
0.8201568361845929,0.5110784462326624,0.28568437993205265,0.7538669421751317,0.8043145612322201,0.6859502072361618,0.6774269564282137,0.09847094105443788,0.7549883756044813,0.9586327916255297,3
0.8405576686721816,-0.36775515798400227,-0.5901318483136692,-0.27654603447440174,-0.5055712920794687,1.7353193316731117,-0.9287770324171728,1.443358684836141,-0.6848146610274554,-0.26831631602928974,3
0.7460661843465345,0.7112635812071689,0.5885132947799129,0.562207631079026,0.5617293641824671,0.7539933927143212,0.7555793472905743,-0.0950701132463393,0.30117075863187365,0.3525304269192224,3
0.8726644985012345,0.086049598976559,0.35440619985448096,0.5785815965262582,0.19649035268831944,0.0928463111389558,-0.08690272431005652,0.43117068960036037,0.44765796590624723,0.4038033866861464,2
0.01485345940453825,0.9241690862089387,0.3297875885688695,0.5050046999480251,0.506245610903942,0.7935576472902339,0.9235250905814418,0.6294315085870223,0.39653892564450843,0.958795428740432,1
0.5602124932771079,0.25111766364320764,0.2625334477699408,1.0116911785699114,0.23752462665214702,0.3643016400577265,0.4739111271897064,0.6441347657845239,0.6441050634054459,0.21002273477058864,2
0.7273582330867969,0.2445047729730893,0.8101642817117397,0.6561524166571083,0.6392241022470899,0.49580688095833864,0.4095995473558063,0.4342442314868802,0.09653401402012848,0.5615758488653263,2
0.07267529468599207,0.14614861994062864,0.3127815616931033,0.6861945767514381,0.49575944381581166,0.8522155572983539,0.8363052123704566,0.3520767575594543,0.6995561264348317,0.45060980887571955,1
0.9676787828614661,0.5420125839047936,0.7691994414585646,0.11267359853184118,0.5024190061045105,0.5831053886795515,0.41609219168770445,0.16977312852265714,0.842614661928824,0.9663190974552371,3
0.6247240184035191,0.4814682378837988,-0.6090386561023515,0.6960171498500186,0.2708388427903978,0.34115454184822147,0.7308631858179164,0.6155844552576986,-0.5391664540144719,-0.1287947278799496,2
0.05779348211008595,0.352829667239165,-0.13457207210711725,0.1560730590273803,0.4757205647012006,0.6354866722450072,0.27592681454129014,0.11918071182013923,0.2182957961671137,0.510517054838298,2
1.0125754875507915,0.39515653198552714,0.09498408968553601,0.872576339610353,0.2931802545606587,0.7624246790074967,0.8826438628327491,0.4378250301906839,1.1200155564798733,0.17330383146640932,2
-0.2015044523430401,0.203787527760626,0.11440550655938231,1.011259716820708,0.7125747733223102,0.8017159041453779,0.8297227692645486,0.6330125538091422,0.4220358816227882,0.36576855711494655,1
0.7818412955456951,-0.27086305179483006,0.8919488337811847,0.30894371616119753,0.4324618844309366,-0.4530956111679206,0.1582173229090602,0.5184328217542953,0.4323536287543463,0.3797792353981995,1
0.4516364034410001,0.3127383970730854,-0.02527431147127096,0.9958926949020219,0.7527634931819619,1.028332586209933,0.9998768849211565,0.6909923225089005,0.48103341749653694,0.5783853965045411,1
0.24281861605433083,-0.017489663804710183,0.15543784858829182,0.1888447092676944,0.6924121770074587,0.426882735129339,0.4512793490418057,0.39634449611778966,0.40367625706331234,0.09866414365227955,2
0.7903498239462995,0.3748654526708811,0.35836817675513083,0.9134436275633927,0.2776056450571772,0.7005809996484458,0.7403475976580536,0.3476307121025595,0.9238467634801475,0.4074102550826367,2
-0.05477721993094964,-0.1450150696443524,0.17216589172950925,0.7472570042864993,0.49849665287582595,0.5049676509064003,1.147217916171908,1.7490429112904773,0.9788779264990655,-0.4534383173599428,0
0.0831769271047281,0.8541933846861403,0.26272684100465743,0.5958409163868233,0.8914542624969668,0.6064543482427449,0.9116113285077073,0.6649750586542108,0.6117671202857513,0.10429399320280422,3
0.0945622701933269,0.8445782130509885,0.3925072044336033,0.4666171256977367,0.509659424821898,0.7300512150991146,0.9535569508331815,0.5651996540288111,0.45924239745148315,0.9417268560619376,1
1.1743196220371004,0.7682600427804338,-0.06417162072524657,0.6308175863447122,0.6293533945242046,0.7494466838630451,1.1623445469307638,0.5306790566076232,0.904084314004484,0.23058725504534958,2
1.0781353769811377,0.33889307007034736,0.9955498738769192,-0.008345113421275085,0.03726623887905792,0.7900755438252819,1.1464344541823157,0.6439845485802683,0.7548704364619876,1.0721682379654711,1
0.07455991861979827,0.9597554736310897,0.09820416683671773,0.15439150490251619,-0.11078238134005214,1.1785555007456763,1.1090216475340453,0.46353483534977086,0.5927920238159101,0.3952156440227158,2
0.58840238705662,0.27869519113333074,0.7080808008365169,0.7837321559637813,-0.04635103941479768,0.34298856647830966,0.8816130924953439,0.29896578469078855,0.36404909251904133,0.6144262248199558,2
0.3105072924763638,0.7281608991953057,0.09984443111206194,0.4303745557407867,0.7494375510170904,0.6594676787922118,0.7311165834297947,0.39352820971451397,0.8352200361445614,0.851230763913934,2
0.5002037517110465,0.4666273636800882,0.7708734916421721,0.6469743022759522,0.4115991074588274,0.8950047966088244,0.5239513726568611,0.4706471869054262,0.518046391378533,0.2600276777545943,1
0.5268001023275695,0.6903412036344466,0.4125044579229272,0.24675644505668134,0.7465238543750298,0.4427898089427711,-0.005447661122672198,0.5676908818739501,-0.030692922856921365,0.4139139455729783,2
0.2830771175112108,0.9555381716719669,0.08262855672384678,0.48920913219920875,0.6339231514622332,0.7157120204587677,0.9314781106800902,0.24684989433998666,0.7319895009209351,0.765438462978007,2
0.6808798196204061,0.7049947378501413,0.814900966321182,0.41934479069736974,0.680427307662713,0.6084181704595969,0.8333334866891324,0.10577006365889609,0.2116747064132274,0.2888687618482278,3
0.478732851058003,-0.11114048469992942,0.16486831956944598,-0.1300099106831632,0.5615490010256867,-0.11660127980231816,0.19570878383947915,0.8343264412479259,-0.10273769991239706,0.6306602304055138,2
0.5159274964164065,0.8149232105992177,0.3113400626184364,0.5154366722564242,0.8044893133855745,0.16709854688151576,0.03425306551595841,0.21879803578207976,0.5362515516334693,0.9268193070445062,1
0.3598545648852285,0.69828990304147,0.025838868846906213,-0.011705181888385641,0.142460236414512,0.8508089162263658,0.6469163906086811,0.3035559140498674,1.0199557434645274,0.8355100125916591,3
0.6161253350761686,0.3212157235019572,0.27275779886591245,0.9328326414262635,0.15310437006704558,0.3392870011137339,0.4210603534605771,0.602270354008169,0.6262689639165232,0.21839341137330473,2
0.38919743158492187,0.49555982803790155,1.0299946776842202,0.6737817928072513,0.42839294635017766,0.7654278407430675,0.1539317933322896,0.6723559976768927,0.9709769313588106,0.4872472869252293,1
0.8102241587737404,0.724267266315709,0.08413389161226205,0.7042551846365253,0.3002365049794586,0.8847235030447678,0.7980047992265382,0.23128912439233387,0.8425964337405047,0.2669695310557148,1
0.6854665602940438,-0.0069981600837285,0.6071521132459685,0.12685480619028466,0.7296821174351334,0.4818460516346966,0.663275321400713,0.45625467616029425,-0.10984626917120899,0.3987833866990844,2
0.5294056280728259,0.10654655632194367,-0.005306006723950929,0.9843770787456474,0.48014566197574554,0.7489598526307424,0.7589990519316805,0.9214139753791916,0.4535270329314953,1.0437650993429397,1
-0.09854649986324412,0.356560452457326,0.9186177018402597,0.7886901551087176,0.4905962504152782,0.3014280554455372,0.6046061203004726,0.5526560557171639,-0.09087667830702906,0.3912831129084463,0
1.040684454767041,0.8395336322262424,0.32654480735066144,0.062126525651820245,0.6215719130922579,0.9253229755960207,0.7212857237327421,0.12168123868004807,0.2803379824319088,0.8049400551406013,3
0.8253505004704011,0.5847823996177332,0.7330951910075684,0.2636040417504044,0.1576904631294577,0.7947358246848234,0.9878684424333493,0.6649019334262842,0.39859000276443973,0.757453460771113,1
0.7868277311558223,0.6407316997698052,0.8270755162993337,0.4364372891064695,0.2783943153252454,0.9629806543936038,1.1054234894606176,0.7325685216620544,0.35443515017534016,0.5912101047540476,1
0.4202101883953299,0.4347421738001306,0.8176412338145201,0.6686108715392186,0.9111416990714021,0.35797486982837723,0.8810253555703875,0.7850645577720974,0.5362818625054447,0.43584451038981864,0
0.22785432187973786,0.5718470317686002,0.5520070677169576,0.6331021585710844,-0.1574852769608744,0.8345277477908908,0.15296784552419945,0.7493698325638539,0.8824754271470481,-0.08393159721497484,0
0.2630576160168569,0.9400550718383369,0.32449097619902434,0.27193120548167626,0.49581770702862177,1.1216529092688436,0.172132022309139,0.5140639776440084,0.8527666279704829,-0.349010093115751,3
0.8176807621885265,-0.045203499051669316,0.6685577525351721,0.6701814937601049,0.39898474883354956,-0.007263778238367019,0.6773257220849402,0.4781266464829769,0.025719861304696497,0.44822514480286585,2
-0.06299382312408508,0.39956069166594715,0.20164839679967156,0.20921478994934556,0.400200765381865,0.3654155693179454,-0.0351954379352222,0.17146995789727612,0.9600046836680379,0.6371162969384219,2
0.4122487737601189,0.11972343612490985,0.2206489460346922,0.912464533532888,0.5215064833980726,0.7368895614999809,0.920769227686766,0.9520624218664046,0.4272778256778981,0.9804861795012875,1
0.08874210244675848,0.537541935827193,0.1936401999108703,0.0686865338639612,0.10736994743692618,0.8515570468445837,0.5882166894851513,0.37554759619909245,0.7256371276757478,0.8310409999377464,3
0.553991390791664,0.19959560801667042,0.14072820884632034,0.27476508739915395,0.5707777577109637,0.07595409244408545,0.635622286481235,0.6967965306801237,0.510240533367938,0.5529697912302061,1
0.8041413568440566,0.6062015175808855,0.769117587216438,0.26564002280325427,0.09917069031300743,0.7867441685318582,0.9579163937203224,0.7153885830547565,0.36407094349180635,0.747219223289846,1
0.15011568309905376,0.08836599732049999,1.173236260052958,0.9229218058524509,0.20487835503601626,1.092704897696341,0.6013100838760588,0.1356281691926007,0.1656296000124306,0.7478552061743367,1
0.08879224338543883,0.05378030516076913,0.43737205219644815,0.7274379718881226,0.32023968376231055,0.6120246957357026,0.6119638752666091,0.3551530765206973,0.9740597220410836,0.7123798591386131,0
0.9511953941446469,0.7804703229494971,-0.06985613401072505,1.0928892372774022,-0.011975218674052546,0.5216887730455066,0.9925513598239767,0.5804093238398997,0.6711732224086857,0.41095649064845086,2
0.027023004134789225,0.03807045310386442,0.5226191532067167,0.6695376629782736,0.358923519460155,0.774055034040237,1.0755207644583933,0.4938371797001305,0.6699442877208084,0.5172653034159237,1
0.48574107332107086,0.9189837464489057,0.22138944359683174,0.14564611342516065,0.836989185254609,-0.0599068071149748,0.2646691589863967,0.48150137091071005,0.5315454944983052,0.048706795181749724,2
1.4175171549016194,0.1455192309725283,1.1558486571102873,1.519522436842475,0.3399726561492158,-0.3252949275347474,1.2314117610093858,0.45992600823956453,-0.28726021012089925,0.040855632182983714,2
0.14781276570662114,0.19317003742606847,0.20416816737240293,-0.07470327683845177,0.2262662585503245,0.3498234796399532,0.09331857108519664,0.15550061028762,0.8136093070813494,0.7943656567942358,2
0.0025625433676561282,0.3788348784225956,0.36978453230044134,0.6766079418510891,0.4642122009499734,0.611511721946905,0.5694868987490106,0.9179216215759074,0.49113904881509496,0.07651164308294907,0
0.02859863984577224,-0.1707410193419203,0.026611603672193472,0.05731804615393437,0.8141231910642533,0.07690039871088333,0.3906550570188338,0.4098556476069526,0.14690476657498014,0.3638715389535414,2
0.9615744882334962,0.5685235290314998,0.30500584623418675,0.8519067853805766,0.3231753332494166,0.649148652935684,0.8427290051328401,0.3941550828713824,0.9235651695403809,0.2933404966790833,2
0.3127995257137837,0.49325308392354317,0.9108668606730415,0.585740160860324,0.35342543735926174,0.8039411979677883,0.19596400853700519,0.7144561824692828,0.9734003344867627,0.3848344650316293,1
0.5441026690054981,0.5696734036237581,0.6777065903571676,0.335276670282067,0.6666184283647972,0.7536831708846797,0.8767157156749408,0.22615966110644725,0.22386314003358543,0.41252831527461004,3
0.11643063689616046,0.27418899016229076,0.18984543787413052,0.6963539311880504,0.3441274593530416,0.7566767161640263,0.760191730923202,0.4402715126935324,0.8067102063630565,0.4638752149191733,1
0.35407719995321785,0.31964754632728176,0.3515287482349595,0.5751903305804575,0.13331494131825383,0.1383511896037738,0.6846080192015621,-0.30944469123790463,0.6446435860701349,0.43148621149023647,2
0.0022272990399613835,0.2327594668538132,1.1382419813138198,0.32260491239002786,0.26937952903954454,0.504246051734504,-0.0271971839809102,0.45357952247794586,0.8277339533495041,0.7455456494567021,1
0.4179152168069677,0.4064898593397465,0.8667085378630234,0.7593328628741955,0.532801715740695,0.6661338082287075,0.20367838572906888,0.7381601287710976,1.0202159599094172,0.33565926887798153,1
0.1583183155965177,0.6517042114446564,0.03057158145466187,0.19679849673351274,-0.07881657237792064,0.7663950310893343,0.9059642848936985,0.39245559515336803,1.0966618610100696,0.9685197415259839,3
0.14692284303934616,0.8174220416107959,0.36038620132911847,0.4048112977256761,0.4606272934798292,0.6529054601529192,0.9618691928731044,0.5185698683913222,0.4674636894580754,0.902534135055185,1
0.06473523806814663,0.8095982003255674,0.2658169171372695,0.5880309724620353,0.8758285511329894,0.5713361092057859,1.0017608738607326,0.6350847666485117,0.7350608713676074,0.11292864227385946,3
0.6202215544992965,0.8295769893987421,0.8717220168780205,0.48641146930247936,0.325359883872925,0.5940864561745767,0.24806447732254053,0.7254966077140611,0.5388048805314535,0.21002945216373106,0
0.0659617771978099,0.6266763808755746,0.26700283542010234,0.024737868750322925,1.2316554533308048,0.6192796665991581,0.34202843093338925,0.7211804146287022,0.6009634647651698,0.2121591448745068,3
0.6763717900919693,0.21898191847133078,0.1744967241202945,0.22412158204825,0.6838001770385235,0.0743060483798064,0.6314313757023858,0.8052299822052654,0.562114399932084,0.6119051937555865,1
0.9238056819426135,1.1371459056422761,0.3597980045676843,0.6381688105425761,0.0746086358748984,0.8437982398358361,0.4592565775182652,-0.2290597498729724,0.42116051349715683,1.1845701217538975,3
1.0095145749785637,0.06375210914415003,0.7054384340524676,0.875708238012155,0.4490396632052408,0.5073479408340779,0.6520216970803013,0.2760538006909278,0.13750069215581118,0.5662347370582256,2
0.9780335145907084,0.7313910552039646,0.1922198020247941,0.7763134277667332,0.42807269587883745,1.0530509910608852,0.7889594524692446,0.20704796273077114,0.8339229058832411,0.27455109020937596,1
0.9642846898335666,0.8727478605089227,0.3445118524081009,0.12288627374327397,0.6803625929033008,0.9291287412395526,0.7257607018831226,0.14232744160661923,0.23605032978467058,0.8294148422209956,3
1.1120449155357162,0.8252666879875721,0.7348850088686806,0.0944476796399791,0.72505284000858,0.35866579538479687,0.4812306094532046,0.5651867211803783,0.23378595306873956,-0.18924221015451992,2
0.5047421464465751,0.4916063884360725,0.3220762929537169,0.3490846423692846,0.320776072808976,0.5973971876912592,1.3211302265813472,0.8875380161810729,0.4467218261954283,0.6374860825876344,1
0.6257388416920652,0.5998967604245843,0.3870028904745626,0.4321877508577706,0.2559986018482292,0.9499404178663725,0.37973471836257455,0.19144051039181292,0.22903179274387814,0.813492927321894,3
0.6606087970962266,0.771414760088417,-0.015447969141201681,-0.0012680503990597641,0.4919087100136203,0.34219882748652974,0.19988465839899427,0.4941324658471503,0.0617924749772755,1.034384283453395,1
0.94985075487671,0.6026081714774922,0.2985024044262452,0.7118628451147186,0.7793181215833186,0.7781901458770494,0.7811329543527172,0.04306386063670427,0.7226114232975059,0.938735994947001,3
0.046738587062664864,0.10681046244494444,0.7665193967637339,0.29713557196895646,0.06630062912885369,0.26431448903664784,0.6261981140317149,0.4164302263602995,0.3205979182351265,0.46236695221329294,1
0.03930353092862676,0.24746759504817534,0.7048130919165215,0.011151199146510554,0.04874882434383171,0.2872625776202227,0.13933523196912465,0.865459043042387,0.45581964056375335,0.292820803454737,1
0.6011793220242132,0.09441602940927682,0.5091654360451978,0.6395054626576476,0.5607138934549738,0.021061129467599055,0.1429480590207876,0.21706795302510748,0.5814382038271683,0.4627774585432449,2
1.1628261045235977,0.026841914292332764,0.008259469342518033,0.7330204040946772,0.6047385406807,0.19876079184726758,-0.021572841024911277,1.0077510271567893,0.30817383415317345,0.15214432139925121,0
0.442103376399036,0.5343371403009507,0.9723695589900998,0.8182691158618092,0.5681658437685947,0.8998728537308341,0.5100353169947992,0.2021800691573901,0.7334222190495847,0.30629248886153443,1
1.0038930512547901,0.28046794046577217,0.475141421529832,0.37525749742929687,0.3668084087375712,0.1631202996594825,-0.077752410293911,0.5602893829446071,0.5524714826727886,0.5246000757613897,2
0.4021550920761493,0.7389876801378409,0.7578358656663757,0.6058642685964328,0.2137711828424285,0.5144081295059842,0.2577957707061334,0.7461689572281576,0.5610761939492314,0.18034384185260802,0
0.8130857605670888,0.47489196150312896,0.42563722376880286,0.8329597404986462,0.2409137598558031,0.7412991025444386,0.7331211001154582,0.6039632660468244,1.031642043597845,0.43082301384991284,2
0.9408581727146421,0.5911824998108405,0.7409889597657627,0.079460215639662,0.5227295113580508,0.6103527951806009,0.37761379840230674,0.19447377670532667,0.8232095747000944,0.9500492673073294,3
1.0428502651979707,0.205015407947462,0.11777954628532263,0.9142333168995092,0.6047386203966043,0.3238098204985909,-0.014502730899077554,0.8732509728187425,0.19541896234750356,0.2088867066000016,0
0.5661177842978954,0.30730038144554084,0.2744627387743026,1.0363591179055431,0.7439347151707187,0.9049735549527987,1.0602046851012334,1.2096451001074635,0.5362169381548052,0.9254533336724566,1
0.030806057614749263,0.14240131272109896,0.7835223490750575,0.32889610024494614,0.07061791597540858,0.28731949598723017,0.6627825785820697,0.3841995946241089,0.3218495507410695,0.4162752868119983,1
0.4017202315137677,0.5734746461765242,0.8200404791389717,1.097158414611811,0.50933625869062,0.6498521225407834,0.7177294375133143,0.03674014281841875,0.3720922312893892,0.406325179593898,1
0.5197452276749144,0.8668921375067149,-0.3169665769547208,0.5683355740215147,0.05395926460120616,0.17721054274045922,0.6899437040220915,0.5851783888372248,0.40182783365536867,0.8554347312808634,3
0.33958830671613355,0.8631443737793659,0.9933140674352381,0.604980217485529,0.06397743791168355,0.23008041422116435,0.22256559804415368,0.7646915211986552,0.10501562733891417,0.2840854616563216,2
0.8780300549824632,0.5804038779015046,0.36035512307283196,0.7423293623973466,0.7557808754601147,0.7819938632760564,0.7035426761449451,0.08960083862077822,0.817560742977725,0.9254165059870444,3
-0.020864589570882233,0.21237970459792943,0.7203727824410282,0.3934672013575561,0.13080521864146105,0.20126987442456484,0.552998436613601,0.37551304218345605,0.39348716606645406,0.4698444854217048,1
0.12155039369540299,0.7603632511846079,0.37652165730414555,0.5157930192649245,0.5658835123840592,0.7772219511203596,0.9291455966321119,0.6129469834093759,0.5569127651504909,0.8847582139160972,1
-0.015224066919505064,-0.10925419464990935,0.2610946667776469,0.488012790691537,0.3476832174113153,0.6573295751938829,0.5834603838541957,0.4342213403568136,0.8363751434244535,0.6083466850348863,0
0.3419529097803915,0.3536803016883493,0.8584995036866596,0.42835951686116647,0.4999476676943257,0.6634010079411652,-0.03238275585022346,0.45906454219540915,0.7535599304667047,0.5989609440972935,1
0.48490378179673665,0.49232416016593644,0.0801323301095431,0.010808462282132225,0.5286240557806972,0.602417429904185,-0.030350974768287797,0.13442183686211862,0.10045700850152446,0.06383976109652037,2
0.6218837683332215,0.6777564170510548,0.7577240938247086,0.4562038408062847,0.6716945636834349,0.6263636033981357,0.8627713765139661,0.03815009123018463,0.1989551310004415,0.3437679942552699,3
0.737033665362474,0.8881866283983483,0.09766728103161137,0.8868650169834255,0.7397198588488774,0.9282230726238517,0.6123000418974963,0.584716413050109,0.0960116312294666,0.24637030838490293,1
0.3605339760953784,0.6298335414943204,0.02513921267896524,0.4538252084189334,0.4248679861402072,0.2510179313219497,1.257750476304929,0.33498720884779376,-0.20845533653130988,-0.012999432894041596,1
0.6061078523347204,0.9017525926769819,0.00995097362041042,0.0679106637297927,0.3864970770899468,0.33036977081797086,0.13543614954372518,0.4914753483999198,0.14423159089412219,0.9223139969151707,1
0.5970164534247995,0.272718521651366,0.681976120501971,0.21234088401788706,0.843991768103878,0.4481089144127025,0.6157152870947635,0.21099716280451508,-0.018233694416630086,0.3149015008902972,2
0.04867842174214893,0.8764843694815065,0.41595268537186786,0.5022735644017836,0.558905627318578,0.7693121480676312,0.9175668261790337,0.5347270104576041,0.4530229677242701,0.982582760227688,1
0.9088799870874663,0.5097236681581878,0.23193822934414707,0.24038171110183992,-0.1404620946443162,0.1634959898537032,0.04563669329860104,0.9306716619887517,-0.3093914614688045,0.9764304880373749,1
0.33194824618600377,0.8683177764993453,0.872007855379997,0.19013947962667935,0.9134881963685882,0.38409479737339813,0.6965319990031619,0.7411390654662625,0.4803876197112477,0.7671211170050581,1
0.42102440333597246,0.6533023479678258,0.7598590577001124,0.5659887256846056,0.21877771231034238,0.5646884478329038,0.23010379405599268,0.6541792741136241,0.5158001918340129,0.21614213702912743,0
0.11036882127288486,0.8572026933187091,0.7361533436980789,0.036465078513941644,0.4975581580544881,0.18448505358482092,0.23211462198634042,1.1159776979285991,0.3643781519933511,0.6954617895813133,0
0.03693190817490579,0.24548980739287085,0.3167591281769013,0.7549669881875088,0.5202440966739207,0.8410725088280612,0.9106367236602941,0.44421256026003886,0.7009827340635741,0.5636145914397912,1
0.9867810811504382,0.25757916821646887,0.7204476449742709,0.45166100314057317,0.1954896940275316,0.19870493387933108,-0.016990208120557418,0.44165875332183085,0.3744868539379832,0.5032104381070243,2
0.6617236805945674,0.6815724882028604,0.3861209502045363,0.47170633960844943,0.18462654467092904,1.0851139960194456,0.24263757186312096,0.3525755836989202,0.08831935432640697,0.669008382651179,3
0.3158693322754163,0.8792018558302306,0.9531008474680179,0.5766092721806163,0.05973669033449545,0.24022991126506008,0.20843292047409132,0.7901499802431534,0.1193187382752517,0.26724756702993296,2
0.2892551875856381,0.6802321262786558,0.8441876386158761,0.0009299272567074301,0.32764919156753197,-0.5026445987403229,1.1656287392910096,1.4503261826920673,0.25085809259308367,1.101323083312551,1
1.0078324627523818,0.2092325619232846,0.3634402470791851,0.047633782536926086,0.01579443047420778,0.10706501840234765,0.6141385916471758,0.6574146619842423,0.03827756245249105,0.5166517699410926,1
0.3275534409320354,0.2964441940511997,0.9540411802042021,0.4094745563479715,0.053467405588281836,0.3422126098108602,0.39225473196415994,0.7411160668742736,0.8522905942861024,0.16343694691666483,1
1.072882601537933,0.37803645438324984,0.5033782300162007,0.2706863387578774,-0.05002726516498798,0.925193591350319,1.20732902301029,0.8301940583825367,0.5452962292533612,0.9467910157800319,1
0.02550972773136822,0.33492478687188254,0.08122723176240326,0.35810096030392896,0.42899797366220216,0.6711472247747969,0.35239287347298454,0.4403077677743079,1.143599002678598,0.997494017519059,0
0.6303051547177115,0.861431002769828,0.028875334242989995,0.08992171779420871,0.3759309571684046,0.35791744146023885,0.10741267953113658,0.4519910005100649,0.1115369360432685,0.9403385162873044,1
0.9781348094755398,0.5235016869223047,0.7323634250143752,0.05742615335722094,0.5355604525295342,0.6002552720815668,0.4435453628554026,0.17400800158950247,0.801422255584784,0.9931320716731509,3
0.7916555747608351,0.6611521932051337,0.1365154369787816,0.3854542803789723,0.589626788905415,0.3286539608877712,0.5800606809615142,0.5086941954679395,0.958447621004578,1.1526973134229572,2
0.44169684669284526,-0.17061008201903033,0.06000380866298502,0.39676081488181014,0.6500070530115081,0.22411912936129966,0.17775890431996755,0.7489812181081934,0.6273156940593937,0.39562710347405655,1
0.30785584289970036,0.9126768589527303,0.9928577258384526,1.0635041709769069,0.1294261624182476,0.4500618545771399,-0.37560218876333773,0.22190101923339478,0.9231723514254024,0.1609959875114562,0
0.24182487889373777,0.9141129048228291,0.058814428271606455,0.4591988033585679,0.6366851027803425,0.7508959501078573,0.9541053524484591,0.2277356147364762,0.7272897040347693,0.7453668101117654,2
0.5578022199161717,0.3047136738198168,0.278477338324677,0.9786996261375408,0.19087581213400218,0.3733994393137776,0.46176221922685795,0.6396069405022883,0.6655134700921458,0.19830908587093624,2
0.8942173708268601,0.5516576357631854,0.2888582568368274,0.7482300604635156,0.774291364507727,0.7614529990658563,0.6959605128621524,0.09883867690497766,0.7581767176307038,0.9444135979023711,3
0.6073460976472258,0.7605818548904396,0.41846341266684206,0.4907684495872298,0.1437982652272352,1.015954392910209,0.16416736926285416,0.278521617266983,0.13664079502343646,0.6751277496892066,3
0.730058569603077,0.5345925776986775,1.082556702712005,0.7635798850378237,0.6036549744402276,0.7806274833127983,0.29498442172897543,0.19740453745242373,0.6835565890783978,0.42272497264915876,1
0.7792919200944242,0.42498494082328014,0.8965023665430745,0.7657147690293516,0.531297146492043,0.5848767389779567,0.04804937429424799,0.679031067581195,0.8580950428592923,0.41962377384881383,3
0.06835327880574871,0.21687402867897226,0.3253236086172296,0.6865346402927224,0.48131187001807135,0.8567785313095085,0.8497173766720348,0.40154005588698,0.6584885670907927,0.5114745381006649,1
0.1765394470367854,0.8506824812610337,0.46390482229776364,0.5709645277457941,0.434933944314705,0.7743112137020173,0.8506188096640047,0.653175631042552,0.5517825195261536,0.9696394493563711,1
0.8588995470590566,0.5682700058035524,0.4533369968455925,0.33249666671769385,0.5269122406104261,1.0199370037155917,0.032043297887110384,0.5675334708098716,-0.17771037262290784,0.5311661823522541,3
0.04719296313851551,0.7901650917835149,0.29475008201739517,0.5180776767049772,0.9081748729500596,0.5865335091375409,0.9189019652300615,0.654550846404474,0.6370970739650021,0.07197242326833296,3
0.5183894643187568,0.8225998965167478,0.31346534433240714,0.5173059123558503,0.7923789781602525,0.1636961683064256,0.02259875270521695,0.2159091754348897,0.5370075832142158,0.9192747073262242,1
1.1953051243355473,0.5495970204531702,0.22806690217244122,0.30879322344810956,-0.4804116727600548,0.7351010322550626,-0.31973786018248335,0.9396213023812281,-0.1782890876600558,0.8159532697053299,3
0.3229405899963709,0.37853787010619466,1.0852873954218951,0.7141884561832705,0.38603321978113125,0.783071718229566,0.24023838743068443,0.6079605104664937,0.9812016940306957,0.4250575569862357,1
0.37339072858845324,0.4597426523337571,0.9765563039070181,0.5627102150730521,0.45107390009888454,0.8001206933874577,0.10519998453419248,0.6872802244247426,0.9752286777131641,0.42558104420440523,1
0.6518338608634635,0.6980684022606053,0.755673711143821,0.4310489751005531,0.622618790647763,0.6379953094800864,0.8856862836149959,0.08338961143351066,0.20295524414426935,0.3461012143252463,3
0.06204352941309879,1.0895142713272956,-0.2682762251895696,0.4882610038399878,0.5267619237765706,1.0823234483517272,1.2108555578284261,0.5217622175726997,0.5138374629898251,0.6798155447851851,2
0.22355116557179977,0.8866201744905832,0.03409491641785285,0.48071680094405617,0.6704780168131087,0.7316315682146248,0.9290021027333384,0.19770445188410782,0.7121024665456809,0.74968614450493,2
0.421865776289256,0.22967775757768397,0.3818476650143193,0.9050665924513581,0.10374397064317886,0.3693295002784077,0.6268733346627001,-0.1398859423440298,0.9126726699044754,0.14151677222385733,2
0.3766139347989128,0.5079159681273111,0.39599424605709743,0.748219913335466,0.06943728533586388,0.34911090683080553,0.5345828158170682,0.05800130519043839,0.9011114798204743,0.05663669625618056,2
1.1245698281476388,0.44708085544295056,0.7337064790690183,0.04783716489747203,1.1036545848739099,0.6102083230978396,0.8960040294840526,0.018341248296922685,-0.12529709817709136,0.4788629266499886,2
0.9089243394670938,0.2551312333230876,0.037685021118885983,0.8562053554798065,0.6020485230669262,0.19804493215895025,-0.04609856029249236,0.9500444210970374,0.18609300943398346,0.21973690449578037,0
-0.3345898711107205,0.1330551501772511,0.23545325963210612,0.6009409520197209,0.18161005229615076,0.8938078535135763,0.5057297837477152,0.48256568508190484,0.08929126109188318,0.24758657936885636,0
0.6697715788426463,0.6568046762733878,0.597239199175208,0.7835829883025721,0.2599740137095131,0.3433745554398481,0.22755034651088155,1.0749852575464909,0.2537072097153184,0.31826489973622796,0
0.4792405086281582,0.06840670834804695,0.1297818663845903,0.8988092159347205,0.5363926774897797,0.716761665293617,0.8865337011262312,0.9748407267758283,0.3452234509844722,0.8784387861757603,1
0.040889287216300224,-0.09422188984021278,0.1451517232722518,0.1068512968400537,0.6212299963179302,0.22768072143382992,0.4366616628860899,0.5296530872263218,0.3620275411725079,0.23499418761921564,2
0.9474011322764881,0.6063956215364421,0.28172817696679286,0.8193616103320673,0.8227464151355337,0.8130706390336712,0.6293623096095644,0.1435111140018028,0.802040285810146,0.9203712071794418,3
0.43172981135449007,0.7035320970704191,0.7649647068790552,0.4908351273295668,0.6735173972477854,0.9234620614549109,0.7324804712102981,-0.1130846317322714,0.20904262755421504,0.11643155771046854,3
0.3554613322919261,0.41554663000796527,0.9646987497235014,0.6947437086799277,0.3691473920645678,0.6700296693535361,0.22008169074476627,0.626930945764265,0.9703727786384032,0.4734511904773555,1
0.8764484453491561,0.5457511760336639,0.3043407921452092,0.7447215766379094,0.7870453645471778,0.7578181943526847,0.6918884199353448,0.11507428991982224,0.7799373780716573,0.9342616946157936,3
0.5096706306281904,0.13648418400583812,0.5575695963439399,0.5335494617193961,1.050154418145182,0.17849717990752897,1.1211975164858101,0.6209102306514956,0.6353140042521151,0.724432147989873,0
0.38463801370042616,0.167100164513952,1.0529785852545566,0.616805685354054,0.1519418399457164,0.8025529218274563,0.23855396266448498,0.8542859169077426,0.7981838493283026,0.16351170344501287,1
0.6224657119547689,0.8878894938832989,0.18925819022427315,0.1165655024705757,0.817168240587681,0.05828649807582052,0.2803782885798677,0.34424857333555214,0.6328942081660749,0.03712307781421306,2
-0.025912627156535334,0.20252335740816685,0.8305325875904902,0.26568407413664175,0.035233115247168253,0.3636907392621898,0.6167642750303289,0.3660943054315153,0.3243689996369143,0.4030553490559101,1
0.1955728089682447,0.36991233808995355,-0.05753939181717238,0.18207677128884753,0.8939119722639104,0.7941250676996072,-0.32451591004741814,0.6604650439750568,0.8778858123899268,0.7378362289907237,2
0.3260796187255963,0.6860491346953274,-0.007858445782444032,0.05540161208493217,0.08299896359917866,0.7699764741762753,0.7839357791601436,0.24775457473963725,1.0022905097826817,0.8882481085474146,3
0.8450808939979139,0.5469218368587356,0.2868761650495092,0.7760837073869343,0.7025622275985733,0.7968707296428168,0.49933325921196636,-0.09799185863455528,0.6745891566981733,0.9588133764795483,3
0.5714277178305028,0.3034828626098002,0.25898733933915824,0.9665005746152171,0.18541265103554627,0.3795581661754726,0.4688134995446378,0.6315513098090715,0.6860568262644238,0.20039496381210808,2
-0.1376502235603205,0.7660968876303136,0.4167687391121808,0.34617447490467085,1.0922939746421556,0.6935393780803624,0.9321602071820926,0.6244175852301826,0.5660879919630232,0.20207255065001486,3
0.07105102638467439,0.8215325789306065,0.40062906710703816,0.47454317560767867,0.5666255935211785,0.7831535128062368,0.8932753544087159,0.5833576622323835,0.45791021542728794,0.937533231104812,1
0.18064653588155055,0.864351302251867,0.0928617658190678,0.5158340496124726,0.7071479306426716,0.7864376502798035,0.901513943224181,0.14667635270636084,0.7594115282502688,0.6933669968127877,2
0.5052473712668761,0.015032803307142073,0.1739567377225368,0.9384092242464959,0.5422209947269186,0.6609162175298883,0.9240503273342046,1.0176881395372563,0.38249126456326377,0.9201568458022314,1
0.467011206738733,0.8332043883339971,-0.2509561176094972,0.2609853592574696,0.7035594714844836,1.0950591903309315,1.0258330842514327,-0.07739943432677227,0.5277921760595511,0.9758302377611092,2
0.3036229042099006,0.43937380354394356,0.9664728167202257,0.6212532611813901,0.38877692278862064,0.7533529901017042,0.15207812587976877,0.6555865284984687,0.9388214552599025,0.3988845170242968,1
0.6758460245805338,0.05979264986787732,0.5607274509528866,0.5466950106993205,0.4838627995847148,0.12443637101553236,0.7124008957541447,0.5849194206722743,0.03530460526524988,0.5757373357817074,2
0.8801146691656072,0.5925336190321457,0.31002710665816474,0.7435715110581997,0.743839771947826,0.6950912627249016,0.733050996745708,0.08281017758040699,0.805409302866587,0.8950515141425608,3
0.2716437365760568,0.4565513472286448,1.039144358584307,0.49073109599499254,0.35868894557705355,0.7696825875702111,0.07854118824169799,0.48164439650071655,0.7762359590157814,0.26707635425562004,1
0.9791482372916357,0.5223122180139177,0.7791168216135534,-0.050294680602986405,0.4520309252421374,0.4989247921578535,0.36500161061935316,0.30135573127100806,0.8516343005314375,0.9459660166661625,3
0.674970555878652,0.6981784451835671,0.7514038605509945,0.442226674115626,0.6749532201372195,0.6780945181120647,0.8992983187334335,0.06857137332825086,0.18436127632558857,0.2983358408043225,3
0.1410116616614847,0.3742511033694951,0.016964945795112412,0.8783471763447028,-0.10609362366551103,0.7574443107745163,0.6182170548435387,0.8434906431698839,0.7533486652859601,-0.031724573043362785,0
0.7843109315541046,0.3779617270275087,0.6270002189046826,0.42713672379129863,0.29699852590533754,0.21067235245718208,0.012603581912007597,0.4544974594726859,0.28645257425339443,0.4791924480296348,2
0.6121052079275158,0.7216963224259898,0.737141244943229,0.45477747829253906,0.6247043637432361,0.664989589103377,0.8952608940486937,0.04574829675814719,0.1579891261098098,0.29125080464519293,3
0.6776320842772342,0.4844703693202247,0.5322264720126026,0.43962776364650435,0.6646066724790602,1.0067832628166262,1.198704103030208,0.04790414676678467,0.8705129523881606,-0.05605324242072357,2
0.6019858028861157,0.37687605043063716,0.13317801593252093,-0.09314677684472338,0.9602388445483476,0.41873726860538485,0.4319262192560352,0.7465316156084799,0.0963451835527066,0.32287174214804015,2
0.6972726538615217,0.13712958717703022,-0.21425614468050524,1.1903481658236679,0.6991846557590343,0.4526542109598371,0.9641185227281869,1.1963788377029865,0.22358632409093254,0.934707889198818,1
0.4667493152348887,0.2781330930183316,0.5663467587227211,0.32802958263600807,0.34684896122650455,0.3484951616734221,0.3466475270714741,0.4831582784611436,0.2930400444932677,0.4382532866424652,0
0.007655743561434336,0.25141753278634527,0.2887513387726559,0.7263326314195271,0.40243250949782694,0.8430933251543081,0.8169960985191971,0.41534236354131876,0.6660834462896535,0.5278340218200921,1
0.10490755463292657,0.3203577590394063,0.14774813566762407,0.29097267965360774,0.32731892378651173,0.10488210318257762,0.17339456053648916,0.49823147251801936,1.053630279806716,0.7028538607697825,2
0.9414913507237678,0.4790321789606117,0.7240847910046193,0.11948140244243023,0.6553446903301847,0.5469983736776994,0.4448721400122774,0.2989564099581714,0.8237970803242031,1.006087746974888,3
0.3851813308520699,0.21566944198819404,0.5239614237904322,0.8152492924778404,0.5055794593010661,0.6723752565564296,0.29619520063813054,0.30729295771626164,0.4298716619568056,0.8514924382926014,2
0.36635687891267776,0.21953575108746004,0.034504873336136166,0.18279561536601066,0.9176472903690156,0.5726265659775951,0.8592676737500716,0.591341975692301,0.43379045521013526,0.5122786893286339,3
0.11180906568600146,0.29629669708148215,0.3830072406136202,-0.02531530695534203,0.47572986858935806,0.017739048022464288,0.47570219600885355,0.1617483014146312,-0.0632820543274698,0.22023923836189072,2
0.10521959430397204,0.5649749380288358,0.4405983153832227,0.0901102378357718,0.91692051159296,0.7368846723257039,0.45976820593211537,0.500494443030082,0.4365878639434181,0.02071954325111898,3
0.8941308750415617,0.5685834909927441,0.29927613228085037,0.7346592641189286,0.7692228306235802,0.7318671050876934,0.6794723337492119,0.09827119654893461,0.7742981489768523,0.9268871611102844,3
1.36803655995425,0.597341384952113,0.5469387317371599,0.26505280502046247,-0.2236103356715785,1.2553086298817249,0.5475214561034095,1.083786997405005,-0.5299492668745343,0.3691736702418511,1
0.4403507266593729,0.7932755466495004,0.11967289755223781,-0.026936809939154455,0.8008227411037204,0.14114334467744286,0.16348345882406962,0.3950276164293146,0.6651039380432208,-0.06393685691784083,2
0.09896949586094303,0.6254423667272854,0.13297005741174525,0.9426066448021942,-0.0322964651233566,0.5571555506485899,0.46727521932632493,0.3343172055630459,0.7601012257940333,0.3306295759089055,2
0.352733191404618,0.4272079838264782,0.3362123380207421,0.7204532977157986,0.1701694693105638,0.3799619042557079,0.5105378948940271,0.08804388989799278,0.9463881915927379,0.166094013244791,2
0.8913231684553501,0.7030334900894509,-0.015678578281436456,0.7286984543232319,0.4522893345490885,0.9932157361723677,0.6646770966366624,0.21150408473383103,0.85876317048381,0.3109500943781153,1
0.12394536515144386,0.10008426770018862,0.29227270412353773,0.6171562365467826,0.4906008571738549,0.7342423265747655,0.8704789296015935,0.35140010995267,0.7016380541993069,0.586298056754533,1
0.7668792691702189,0.6464986278846169,1.0697529558223335,1.1201689889628048,1.2301265877773377,0.7950811610625681,0.4846192893265062,0.5394249427113531,0.5633745862795131,0.012239855698210289,0
0.21935351416075277,0.9306004308569882,0.08842334095142046,0.45563324804338473,0.6494007195838253,0.7529812320791157,0.9732770416683499,0.25824600757158667,0.7423506924224925,0.7495903747384771,2
0.06519513349234198,0.15883264755425036,0.2719627618603005,0.7036664087880433,0.4641624550190103,0.8887533158536705,0.8536745209922569,0.413448004093438,0.7148301140312227,0.4955123142025705,1
1.179384670955486,0.43073577431193255,0.40782235453343724,1.017434691083613,0.5133764939412931,0.4602890902857374,0.8535102182571835,0.6508844503643717,0.9648059379222697,0.3882124880767873,2
0.7234753030623832,0.45738359462158823,0.6483839457169885,0.2884042327853187,0.6005729323522401,0.45733057950215933,0.5528879959769045,0.38908039485210716,0.20023229654410207,0.23803089100036043,2
0.880026684035137,0.6195577718907189,0.7821236304902242,0.020297464824097743,0.511340245559158,0.6784767915138612,0.3614335546835029,0.24572441190907865,0.8070439992761865,1.0076623158337612,3
-0.3241258731268446,0.2635648597089644,0.5725864246445855,-0.7022239696432563,0.7142317540672317,0.6992994291563204,0.3711543250094432,-0.5699043150167286,-0.7789007400499647,-0.8564281597520403,2
0.5989021712176495,0.8088176121649544,0.3250872423784767,0.6017458601328232,0.19576828071069102,1.0479614117835612,0.14707751298704988,0.38906123630380607,0.01748321958103541,0.5109352281697871,3
0.7912431904866908,-0.03140606666468143,0.7338600675220939,0.048835131592142395,-0.19767829178739404,-0.06020823003383921,0.18351490888818645,0.7558834015418979,-0.06775338282228525,0.6708478539286977,1
0.6539533438562466,0.5220832819211021,0.6308965621591528,0.26824185715052073,0.0011687253084162463,0.8575347953534342,0.4157563804768955,0.2882222560953168,0.2739487654297945,0.412464183406871,3
0.7694089628216401,0.6945359598198817,0.2442653367138267,0.2848581350707534,0.8513269795729405,0.4041765531202992,0.07991827966816833,0.4407940892605584,0.1160739596261451,0.2634207617044491,2
0.3728335098138972,0.7376333495290598,0.2108940032419568,0.32869403671876496,-0.0002877447413863754,1.051510239355779,0.13796088121177533,0.2910288869880178,-0.08161763869314431,0.7105784869972704,3
0.8925268822149305,0.5956169540620535,0.7702076568746443,0.24689989990937017,0.1972518422310283,0.8067706147709618,0.9272960751208444,0.6208931273069351,0.4006497134899022,0.7647410971812642,1
0.5288700431343132,0.849042942185103,0.2858613586365475,0.08019232081585882,1.2543396170777819,0.1711113756610054,-0.09876691709915553,0.3193729469962181,0.8374674553446202,0.007156965278628779,2
0.4387533242158001,0.7659970644478185,0.7023375511117134,0.48157494559655195,0.21275766303976315,1.0728838127733713,0.05984949108636828,0.7087357505065721,0.8788702533374692,0.5699768834497664,1
1.4846609560053152,0.5966597068904551,0.722098537504035,-0.279907381139806,0.5714039867875655,0.2622170841149992,0.03964609502532823,0.7302475371087391,0.08317914107494229,0.40862408468602146,1
0.369930893560719,0.04334309961581312,0.3168394958881955,1.0439096867832023,0.7295007098613252,0.6136502032263224,0.7678308301941278,0.8320016627439835,0.17676582783905878,0.800533656910532,1
0.473976588500148,0.8605825392345476,0.2683051387782709,-0.008994461738584938,0.8373369311687615,0.01567785840214808,0.3505815934569709,0.29355691994197375,0.453583888661859,0.09317434338109493,2
0.5975239055797834,0.8988395101400248,0.013150526547439709,0.058423199684479996,0.3809370600730678,0.3154379886201653,0.1378408049998815,0.4941032754383547,0.12688258387397178,0.9265121582110132,1
-0.0025823049620399136,0.933802023789376,0.3116921191848787,0.42386554173680824,0.5107069308185774,0.8294907718747971,0.9316168874772737,0.4617784293391852,0.444432106461159,0.9552754705875857,1
0.4403554423980833,0.3546784433574313,0.27209393228148004,1.130018977720595,0.28294207128782334,0.5445245892930926,0.36385219701928984,0.7431539886390246,0.23923626455358682,0.9809539251653263,0
0.21373542812588098,0.2765342453631456,0.22069216565449853,0.5605826218916281,0.7465093100464992,-0.395609903414247,0.5319246123451306,0.3586167579208908,0.6655448691117489,1.0833934005276116,1
0.28738386529578575,0.0603109615768979,0.23009515858950969,0.08185348826191852,1.0456723477474825,0.1776545091526179,0.23170359994430254,0.41903665782562066,-0.051402462496456636,0.49870230659919496,2
0.45023551610259,0.7428089209257274,1.281864129735052,1.0497724342182393,0.64395043727289,1.240566176898512,0.7250316816549757,0.8291201126958083,0.39736113459765887,-0.00549361042801938,1
0.717834370993659,0.954297662501528,0.320628864208298,0.2796221470538123,-0.026720522227291238,0.8045344019376728,0.05912471915124137,0.4009594920887926,0.23794394529952717,0.744225475842544,3
0.3567758427243887,0.2907211237239385,0.7185436559125953,0.5239816747198508,0.6486690581941021,0.9797966908144891,0.42148753613630907,0.5446621219640465,1.1318031720108377,1.1549434400097345,0
0.9977677837674583,0.10099297334448759,0.5927416622041661,0.6974553784240077,0.5413653769367385,0.23812274491609053,0.25190478784364717,0.47368263860059795,0.5323727205912456,0.5817780738126849,2
0.9694085468471141,0.4584159095226522,0.2082992810496579,0.9157669351786172,0.4446857460578382,0.6976934088214226,0.8902588319890518,0.5127865795242047,0.9139796488694863,0.16295867985187093,2
0.16380102314198028,0.5737218617678871,0.4429502500783616,0.9123627999903028,0.3660938981417182,0.6905433321829768,0.2555627017550452,0.23463888297169366,0.8850490982951751,-0.08041783086176069,2
0.13592457851207634,0.5866128082426676,0.46229757193428084,0.05872145053683766,0.9746863065195102,0.7115854789520352,0.5030077291158934,0.5223952390617652,0.4042338401356665,0.06615142110739075,3
0.2313022090386304,0.5314828543259178,1.0534229750090365,0.39155005633337575,0.8542779123857385,0.6881839014813697,0.6349851802835891,0.7402499234504749,-0.11016559375783824,0.858685548325314,0
0.583531811313853,0.7536392046156395,0.6401926323914419,0.4407943389769004,0.14825231273628153,0.4851513279198693,-0.0005949717986071801,0.6138092981140217,0.6149585660550408,0.1347979061625786,0
1.224308726013239,0.16365951107068216,1.0867718244449427,0.6225798325499261,0.5733261854341359,0.7694990049272485,-0.13129295407881028,0.15336989202333345,0.046740523530637956,0.8478710531212283,2
-0.7567558590948639,1.3937375177854188,1.2186564072076604,0.016506759393064327,0.3964401527259712,1.3296824898511788,0.8755555569429339,1.105215586886935,0.27997931812437304,0.8362434550761616,3
0.8644386719928051,0.566102980877881,0.7919438196803744,0.022531890471189107,0.5710415190806504,0.6053921904380986,0.3337742916851061,0.16494995801439294,0.8877970459554871,0.9028582686115495,3
0.5841209980795391,0.28153578892226255,0.6823050261246998,0.5166135553728743,0.8317849152090117,0.39510260675269593,0.712599299812539,0.5230545015968089,0.1653600626203528,0.11314862594463819,2
0.5064558836936847,0.283959317155946,0.1126109101255757,0.38447365432498704,0.21509356435845417,0.2056889464818735,0.36516574231163684,0.16771470077529885,0.879626742263585,0.9482396330099858,2
0.6095641646488431,0.6391979566096353,0.09703486358003019,0.38965570066274025,0.887736874833355,0.38027782850004654,0.3173332267678421,0.2531877000789877,-0.04169516532272513,0.22567111858628244,2
1.4749362432676836,0.9691832786993471,-0.35455972235927025,-0.09569584578053536,-0.0433490019811221,0.27873982675604514,0.6529818780867842,0.7418681008431252,-0.021736468412271392,-0.13722181335371297,3
0.09365614313536842,0.8361740494736352,0.3568708780255841,0.5260935909386867,0.5302764702136168,0.6840355930495132,0.9280765802498967,0.5324986178477162,0.4832486093198033,0.9184540938187947,1
0.8164180601765422,0.8186418753902303,0.15332383339469113,0.823691686084838,0.8243145380771458,1.0108678303857594,0.6023250006616674,0.5293622599828018,0.09917251144776787,0.39615306401667394,1
0.6797445887200092,0.33313968043924136,-0.12292731677259433,0.8383698368851873,0.8025911682626212,0.8024236377412528,1.0558886634902191,1.176355862575472,0.5392022079131753,1.0359887919392805,1
0.39265060982249356,-0.13721192461593035,0.060086628286157365,1.0377902619891923,0.503182576022299,0.8953033053751815,0.8693183895762006,1.1345541844746723,0.24636319801146422,0.8081342258472659,1
0.870578917263379,0.24851485149166638,0.5282695645596042,0.5596589130015274,0.6514471456301535,0.9648291649118439,0.16896121470063685,0.166156627217461,0.27051271889437534,0.25398419368782466,2
0.9405728463590857,0.5767947996411624,0.7649890766662382,0.07774495679442636,0.5434049850939854,0.6288616671449547,0.37969121308396636,0.19006404270246793,0.8119213144854116,0.9673055497263481,3
1.2222932536138775,0.1989636556606908,1.0202531349979465,0.40561117253465734,0.27645560825026416,0.8577828980773194,0.8860928097450164,0.4552087032655114,0.0028866779285742217,0.6746271287984387,1
0.7990621790700128,0.49394466907452356,0.324416372981462,0.684957985850832,0.6906273607488869,0.8058216697502814,0.7944454062878171,0.20169670699403525,0.8284519268851402,1.033928281596019,3
0.6861789791516819,0.8993364107556402,-0.027591928467245404,0.1136562478745406,0.2958147233577625,0.3058261664321109,0.12201653094493539,0.40640395086790926,0.18273734207527204,0.8795151705036408,1
0.16561370591154495,-0.03664313234385594,0.38562062087015564,0.5273694630353634,0.13616619368617527,1.1520662155570762,0.8966442773001561,0.41651283537025374,0.45409068966708166,0.36756622450172616,1
0.23826158779336337,0.1950780727286339,0.7791553444677778,0.5732389121149564,0.24219318677972093,0.845123930824396,0.19534775791049164,0.2764803454680128,0.8055617822655937,0.5298207533197118,1
0.031229608882835647,0.23430389412074884,0.6980200735961546,0.017095334644916926,0.04388994077581458,0.27920114590669237,0.13083251729285386,0.8675241572095763,0.4638848339108268,0.29522446460036955,1
0.048724333957336705,0.10435530376015861,0.7966646490411172,0.31853944426754416,0.08238483884998114,0.2795058456889132,0.6420880339539253,0.3815573482455065,0.31322283228574377,0.44940256460054073,1
1.0293443899132153,0.8409412457388894,0.43464504409283755,0.08086119128438068,0.2923967566530058,0.6831498550820074,0.894642788367414,-0.0029402228236188876,-0.04184886779770755,0.5660593565576433,2
0.7912548136236864,0.3173930900864308,0.7548786835927374,0.036322948250293724,0.27003693798963285,0.5682717251535355,0.9020345905591887,0.31699873905813153,0.3607415074619334,0.3652380693867501,1
0.8740683826274033,0.41974551369143287,0.0965422125488799,-0.019635004342290888,0.5047385720993016,0.2974598824583527,0.27990244159671906,-0.18055394151163445,1.6442466447269264,1.0784988766823425,3
0.7990282438171941,1.0290566861891068,-0.2741097261738338,0.6485845192016276,0.32686867141751397,0.36949003547430326,0.18122196719571843,0.08835134031730538,1.4991026597579757,-0.06574139152295957,2
0.3472084543720583,0.4270288436380727,0.9417375185930129,0.671626165873886,0.3534259433166292,0.7183563015041498,0.1314712399554644,0.648354697792573,0.9175326217845046,0.39088371650322506,1
0.03996505443482556,0.12218495188558694,0.7843874273298753,0.29873799090167513,0.07849038656973452,0.2775252665984327,0.6323531567578164,0.40585779928198573,0.29278756160810937,0.43896315167557737,1
0.6072196352029223,0.001261435313190673,0.03986779380894062,0.5858677648764106,0.1489574376889126,0.18401115610831562,0.07487843381922565,0.7688369393206103,-0.015726313119907333,0.4578984710446277,1
0.5946686387413317,0.7427728414176806,0.7463042297552804,0.43720653613472554,0.5982435664819624,0.6613797250732444,0.9213166328685893,0.06747851054721926,0.18101033711648992,0.37996523869988585,3
0.7700985918946115,0.20202911118332195,0.22823711348669407,0.840680167153866,0.5993022674372138,0.23791528208698887,0.014636028809282733,0.840811000386282,0.21047186811030935,0.02456667188861647,0
0.7155586759095125,0.5496641629553418,-0.07871759403336259,0.28786791710117327,0.6938238058107776,0.36129415690579625,0.506918773970459,1.0582197126892303,0.27245935156269663,0.5621086574361226,1
0.2167439292050873,0.441633982382734,0.8950652965329345,0.6797290956808226,0.417138132978296,0.6778027201930754,0.04697644052027197,0.7751979626267005,0.8930500647756114,0.43225115695569094,1
0.1271532511708638,0.9360671867182428,0.534964082011973,-0.40475263565108893,1.43300658022768,-0.2981179246772203,-0.06331166700959734,0.6112371830191766,0.6362761121139652,0.7419254437228064,2
0.7032592541400202,0.37596633983843175,0.781651364247294,0.35234111979529104,0.5932644423153168,0.6554794942717225,0.33223369239445194,0.7666133840038328,0.30152482209437503,0.35880715399097585,2
-0.1935874065284317,0.3110427749478106,0.3719994071967926,-0.15638059996194206,1.0991386574460087,0.005288638569860504,0.031131747287597822,0.11180068053128461,0.6200592456543471,0.560339815386224,2
0.11522900226234997,1.0380438630139515,0.12481981538267171,0.587096963623442,0.6213751737496903,0.802454432816531,0.8198838744860106,0.12005980848738165,0.8066049985723306,0.8937566451640004,2
-0.24278967383764105,-0.21831444264501415,0.27104970514088833,0.7759618431355909,0.49354707541855053,0.9331544496273474,1.0591393445809798,0.6044787117276859,0.6011406243278766,0.7309904523926893,1
0.31467622949602736,0.8930337185615025,0.9706978467811435,0.6587333076401262,0.1063439552565919,0.2560934654744209,0.27096606288355274,0.7794870496167539,0.15092729472595617,0.3026659266360026,2
0.6314281554524813,0.9225643795814642,0.3439375335757766,0.496716774695982,0.7589866863037227,0.10621027426907423,0.06701793304785611,0.31964416077098756,0.5548242785179136,0.8451864900387223,1
0.12825704458033,0.3836868484213447,0.60946524347378,0.7332197276061533,0.4726441484703291,0.6031041060817185,0.43837276509684187,0.9536808653538709,0.36923761059732996,0.1569690318419297,0
0.2615374452402328,0.901771982711602,0.06764551811760693,0.4518475878942883,0.654570721518016,0.7613222967415949,0.9652449491025284,0.25009756585881154,0.7164792681127259,0.7297192699443267,2
0.5057767227007723,0.07979567330155098,0.16531643045129416,0.8545730051491668,0.5553115779602533,0.6960759714090634,0.895992277944125,0.9740147649455064,0.3132682995781533,0.8899348677360998,1
0.7321876788371817,0.8832226538796649,0.12133143283941869,0.7850665905635744,0.3631300364838783,1.1570651938873735,0.8745598736286031,0.11958353866306506,0.671803502104052,0.38160295232603225,1
0.5063459405256568,0.657141925585975,0.45624295705634343,0.4700694930150547,0.15865614258330862,0.9370369056562362,0.16282342248530587,0.16273261489540997,0.08264101025538398,0.6306994690585124,3
0.766238858707393,1.1176348222779704,0.3226815752395306,0.5722954462734956,0.7950340010801552,0.043721133822379854,0.2183241552740476,0.3453033102333371,0.3964514113038865,0.9930272795936111,1
0.23298098743058637,0.2752874653116397,0.2887300212850702,0.4001875160620483,1.481418807022664,0.9546544345892152,0.5885709964004644,0.22656682928318117,0.4947431818084655,0.07266965669662141,3
0.49149021262920145,0.8403830073382098,0.2989161928598017,0.5590186130189265,0.8510485691324379,0.10744396693835336,0.001844775219507249,0.2162896771575633,0.5845067586899558,0.920799137649672,1
0.32569011092163286,0.8712095082456612,0.9812267632741474,0.5958614725180506,0.05242449801127261,0.2335014971641299,0.22885563186872826,0.7770874828674966,0.08788266926058867,0.2893881431043921,2
0.3273883187090748,0.7365773452595585,-0.10661048019211569,0.0013829488995552967,0.20320521744792486,0.45448445445881486,0.5353567464177522,0.5695505559636318,1.1745395595099377,0.9811221890259721,3
0.055623146140713176,0.8273216471166436,1.1062741576467294,0.9916909899934676,-0.031929782551009644,0.40307524926155536,0.23862289159289593,1.2656734632075493,0.9106533973395692,-0.1805785450638861,0
0.9881790534171203,0.931607548690835,0.4759219215413323,0.09288818699966175,0.5823613964945886,0.9130097493454443,0.7300709955525109,0.20691887323811947,0.34709483454667966,0.7714708565060293,3
0.30419102503473366,0.8602762242442696,0.9984013782667094,0.6086160186981162,0.05855986334465729,0.23805186390191166,0.24218565889306587,0.7544389254182617,0.07972430487051071,0.3128474868192255,2
0.23157487485849892,0.4093456990001221,1.00125032644294,0.6987878818890827,0.30748776656832516,0.7494779757063089,0.20121103102117477,0.7376424553500309,0.9247542152153796,0.3603288989898518,1
0.4075397222930005,0.523827014917478,1.0109199292318296,-0.21756370226558092,0.4047577439756075,0.4910295898367319,0.11268603410870337,1.0628987792653624,0.05573533333974032,1.0179347072526022,0
0.8858120808281718,0.6481197573979197,0.399060234905005,0.8730022886990108,0.8068637962498473,0.6180198284077805,0.773440660924015,-0.006538477951840552,0.833096854091186,0.9031436510817584,3
0.3376531861076606,0.14947865625638806,1.1663164498272571,0.39204766062040786,0.3374390221097335,0.9329825648136321,0.34534814041699885,0.8577024915102455,0.7897623864448606,0.5110557022124917,1
0.8764462815601995,0.5529822591067152,0.3101641035036907,0.7287053077691775,0.7779089996110767,0.7520010734650903,0.6797440152839185,0.10889055573516755,0.7706788936290293,0.9254796608225196,3
-0.21237890403484916,0.76921925145193,0.1876210468947696,0.9878572828193053,0.3434138562142544,0.2406907605815013,0.5569234571646664,0.7073579619524286,0.7364634168773383,0.37099977161859254,0
0.9403783206652053,0.5273355281834418,0.35133225481698155,0.6975905597822638,0.7624812577738072,0.8032280907898489,0.6734012398896463,0.143353437212291,0.7825711201671985,0.9554996124831505,3
0.8660003816651458,0.5432824730687792,0.3116438375891964,0.7291174841005028,0.7919183778812263,0.7474909548768842,0.6787301474751025,0.1104171987015371,0.7792268254354262,0.9282936808564081,3
0.40853959490237857,0.6623200443875756,0.6222740021615094,0.6535570572560481,0.28271147133696845,1.0159150166755724,0.11189879847089368,0.36490203622121387,-0.053945802116103225,0.651043492166891,3
0.8326125295529738,0.3582126177434565,0.5627523160064949,0.364478035247311,0.9773764948190257,0.4003918832064751,0.5335642641826263,0.6483995928733473,0.39272757870467095,0.3815363549067473,2
0.2439359296476809,1.0289922786287191,0.5094575667907196,0.39043782950748007,0.4079130200054201,0.5347016690704645,1.011451948789686,0.5600536606215096,0.4573387713989199,1.0904731396305298,1
1.0735888769309294,0.44940169483635684,0.19735288912285748,0.7450579415577119,0.4726150573369696,0.8356444729154244,0.7646461633668374,0.3901479744957318,0.8821054219729384,0.3906480656605002,2
-0.40893088286199264,0.6379674101122176,0.134820062709571,-0.39751839085372387,0.21272967587773486,0.8987385523872569,1.3988194480255838,-0.02237836050843245,0.7492940695263995,0.6619060028696045,3
0.5819795823466712,0.8892681460739906,0.028137080108055587,0.0605568556426705,0.38542618719766436,0.30326869104365234,0.16723520947768888,0.4794860987637864,0.13088752218700944,0.927606398503866,1
0.5011466323390252,0.8381079460725217,0.28208726992516364,0.5203324522770757,0.7621733094975708,0.12730769987081889,0.013555706625995189,0.19210766053524136,0.5676827835999769,0.9026153574432597,1
0.506697606897647,0.32792342503244626,0.6913443183552752,0.5297429110585906,0.22320889886529088,0.6751726866644056,0.3876864605351829,-0.0037600640495720067,1.2503725848209177,0.47306681212039514,2
0.7187626722931119,0.3557300726799084,0.6613539651287935,0.3930048422149889,0.7404350229939026,0.6042093244325722,0.5975736388574057,0.34469573189011316,0.09363502047754915,0.2556094592906091,2
0.10671718494034318,0.08040656137538368,0.39882156421839365,0.6705139838922886,0.5828078181621963,0.8191696684798867,0.9549051587011071,0.47863511980054535,0.6372781932416344,0.3897746095252357,1
0.5904869310129797,0.2821457904767405,0.27594119078776724,0.30304326416449423,0.6509404317679721,0.06923922092946712,0.5735274216466395,0.763380855471069,0.5882871516016551,0.6371074369263502,1
0.6285330356478472,0.8564112342259483,0.236699004316905,0.2882452402744651,0.5818967668550643,0.17729449886457818,0.3260355803666238,0.492141305960227,0.10892093282501167,0.2786962627927008,2
0.036135790758011266,-0.013010678185114255,0.223981013110329,0.9511125966036396,0.36328269133301516,0.8943892633391299,0.9428478944605715,0.49869517247858075,0.7844833064148853,0.6095436446575255,1
0.13435977715915653,0.7292580225622416,-0.06810225705879203,0.41318161314816393,0.5948906315010947,0.863358173507794,1.373824265675797,0.16802540839402613,0.9843587833616576,0.8988449663312483,2
0.6459306297961414,0.7051690745171836,0.7687879673517009,0.4373383230487302,0.6388224626489847,0.6522999268206999,0.863869949567719,0.07563656071176918,0.19871972547967517,0.32968979714861124,3
-0.017348025571474357,0.113426364810056,0.06819412546766257,-0.04266235205370866,0.5902840856609569,0.4264650421848439,0.2851178457636143,0.5481164556428442,0.38745950221661357,0.36861506244533204,2
1.0200461581081586,0.24423770323897717,0.5400583972634074,0.7933248887176958,0.47016609634953854,0.4507429109287748,0.6570384583538303,0.37822686723585547,0.1670240286277132,0.5045703490312844,2
1.505724185202068,0.31201208921834694,0.5254249592077046,0.9390694181481208,1.0509949436670711,1.3216081472634642,0.37546099252865583,1.2349821526383344,-0.27697795589696983,1.2811513298988815,3
0.6505788684944569,0.7236519722355148,0.753884918153179,0.4570179834452694,0.6288891323718878,0.6777194976529829,0.8829506472283256,0.0875368075489507,0.18078718521594295,0.318531828509902,3
0.8908739388135235,0.5698191201650057,0.2952906347456817,0.7317848463820786,0.7988492732457031,0.752323150321894,0.6713821255673269,0.10840546555247013,0.7655393233709721,0.9091225063696361,3
-0.09271457858753604,-0.0015496926803743316,0.33150424979148185,0.7610820606270511,0.5791691787703094,0.4108149526164006,0.3965747022628917,0.07047429311921477,0.7605109741983194,0.9092499158914873,0
0.34806829377792314,0.5504128827193349,0.6239213881808057,0.5005271300548535,1.1074621749226947,0.4953851953169531,0.953151560808094,0.5957358696787476,0.3380632677387753,0.24187540831528387,0
0.8175721702657871,0.5982437674509455,0.36040130707475587,0.6475028609941458,0.7864118203933897,0.8266105244429115,0.5994782192077746,0.03168588629854381,0.7390366409705714,0.920573105842195,3
-0.5265442868971727,0.5454206537651931,-0.2047008210150572,-0.5068337097305897,1.5181292934143298,0.31333727101497255,1.1529700761997725,0.3194065950709377,-0.586639182141189,0.05996458201687632,2
0.7401746495650988,0.40994462258470277,0.9173784644846764,0.6912916548806229,0.5134921760886482,0.5520436631332372,0.07097405815753573,0.7196586352907914,0.8207081209761145,0.4427867164502503,3
0.6122571948857259,0.8024666000520879,0.20291203590312523,0.11236810578150484,0.7946217291157116,-0.023287298900580317,0.22750458151076053,0.44533960542646506,0.6442975135181862,0.052247381700778764,2
0.8782387446394277,0.6026884174192735,0.7678219755254364,0.10608960955086706,0.4529825584501372,0.5757672163664316,0.45509406824496484,0.25840567332714615,0.7486285716745325,0.9767010361077928,3
0.16892565370651635,0.37240303833779353,0.34964032290698044,0.6948727854274044,0.4873320013657736,0.6695530566398161,0.5535262348261906,0.7435741135610484,0.45182236663485986,0.007916683725544382,0
0.33923199614326294,0.4060563526298563,0.36268728430021663,0.6979092971391223,0.168823278691926,0.3942139662164238,0.4982216217909401,0.07226136909422202,0.9468044680583957,0.17929183338051763,2
0.22269352994001623,0.5003686876611306,0.8171538996344663,0.14987100168181833,0.7603203878377077,0.1622336738361982,0.4654856898967612,0.682647535138335,0.3470554237389598,1.1532235608965191,0
0.1408598385556753,0.6778371299027381,1.2957969044540238,0.44804525565607534,-0.06458560330896324,-0.5373759984257658,0.7885299891221843,0.4514970825604839,1.5893408270156222,0.5979157562506308,2
0.47749384675769657,0.43407669977248664,0.2414479213196998,0.8211130639894985,0.01621433197304528,0.40303702776611566,0.3958426270835176,0.25943323773053384,0.9348261056447063,0.35644037310380894,2
0.3143026550958984,0.48710429664605953,1.1143913064172613,0.9232307096768186,0.2459299019695192,1.0590493475561507,0.6065194915213121,0.4220677754377805,0.42581141164516506,0.14491716278809766,1
0.3243976786195071,0.6297218819046468,-0.014653261867363364,0.08705194090972375,0.11286398925650609,0.7004262992628011,0.6507952444900076,0.1742362300174895,0.9619735930986488,0.8293277665447922,3
0.31503242489780986,0.5390707333395717,-0.12720766316704885,0.14901877234355093,0.08487847750656827,0.7181990617275055,0.6669516377439162,0.13291775035965525,1.126908593496997,0.9066916283860571,3
0.9367830154075035,0.6034037220955333,0.3066757355792122,0.7109470881200777,0.7769719482899637,0.7215555870966268,0.7178560629669206,0.15315660804702713,0.7481753957165027,0.8889614985744658,3
0.170561684023191,0.8790075613222358,0.408503242819556,0.5420137348801148,0.6185632019084374,0.7988663366292063,0.8853242460736467,0.47882008690890815,0.5611263892411665,0.9959170621498131,1
0.15916675627725851,-0.21127303143228285,-0.07450413348351478,0.26766894837537447,0.9707608627274709,-0.014901802760564742,0.28153506648218907,0.568981209439755,0.0248581865094257,-0.11281095859894608,2
0.4758600499391989,0.8242232505370901,0.2898398991653513,0.5382256035355949,0.7977081364042209,0.1604143485441248,-0.000652019586914656,0.22968849334954844,0.5512900548852656,0.920731456242834,1
0.8371543847358438,0.5207427953537214,0.31065938034654544,0.7309790522515646,0.713364444036549,0.8002640739675319,0.6566168147424843,0.05506598490070031,0.836366003811674,0.9607126003801321,3
0.6229341283470656,0.33499153820032235,0.28401455752531457,0.33869770460423865,0.5220169744601632,0.03949333454323488,0.5946627446959657,0.8462804565452973,0.6654544923316923,0.7079736303191679,1
0.42299728946635884,0.8269677788901897,0.09522547840656712,-0.15934730274405823,0.08928466126250784,0.9574067406210294,0.8227935207844382,0.3675539698705552,0.88198720507391,0.7702840614412381,3
0.6020028004553942,0.8869098904137214,0.1223029086628471,0.6730859278013978,0.12934812364621953,0.9533896978120323,0.50294847960123,0.0988193371640601,1.329850574532045,0.5496935269654073,2
0.9010375775953874,0.5243719061945558,0.18846196723380004,-0.04415240652165808,0.5067360501516646,0.45234909142437385,-0.13074059383410652,0.0807357075904227,0.5506550871792232,-0.27605904721080404,2
0.9073653298026924,0.25691659380575177,0.468743144387733,0.5883463962416329,0.2191735068331133,0.33065737085254415,0.04728541762276189,0.24396589745556946,0.44342809929222715,0.6551296765034733,2
0.23908697356184938,0.7220807952726457,0.7524203604464077,0.30293865670030695,0.5236588276179883,0.05154904580649983,0.2229604339040916,0.6583350158310824,-0.026744970285490832,0.9051717955434141,0
0.6009477501190186,0.8766736109096405,0.0490940351613617,0.0816441012958585,0.33408204317784307,0.3766977943421004,0.1620124577629224,0.538055456665597,0.09500818016379009,0.8892184986284097,1
1.0022170746788692,0.426523206653384,0.2947631160677845,0.7307514452165189,0.16152264885038098,0.8150616568240991,0.7717660187658939,0.4966319065401561,0.8358181636340891,0.22795882114776905,2
1.3412203688163506,0.9917630375044504,0.652598023716175,1.192821262260644,0.683650756985269,0.4563147003232052,1.1510453175588828,0.023793413413218556,0.7682101029495916,0.5172679202690036,2
0.9456141966979288,0.5909858593758966,0.7537343015707166,0.06168599535835431,0.5532751354595951,0.6290619073241714,0.36961001465622023,0.17950272440558812,0.8062401468397079,0.95835628669907,3
0.5482022744818529,0.44244734457836615,0.9422518511946361,0.7779188090123683,0.46675341395163616,0.8180209521016791,0.48327303004078614,0.3776620707624657,0.613540870652552,0.2048113110477101,1
0.10132895892557087,0.07384109440700914,0.6316433562475117,1.1180761346411896,0.5990650815667684,0.5049958370366167,0.31954065574871826,0.6010052394691758,0.008260356088314214,-0.26322092716597734,0
0.4246348478193026,0.025213793209855118,0.1906192373273709,0.3789041688500966,0.864849994659119,0.055515970579696095,0.5074674068326153,1.0549393199344455,0.3634206639338341,0.6445910736682637,1
0.15986217126441843,0.38814625912866946,0.9539308255918055,0.4667610456452915,0.5675096101638409,0.5846832097643746,0.029776609319487363,0.596614561946662,0.6617937330202017,0.29868096774887815,1
0.5043721456780488,0.05392240631281959,0.16811655692278465,0.9101172213096349,0.508432745560728,0.6857554279146636,0.9063106203194058,0.9664772569889135,0.3322597966217453,0.9087915830465502,1
0.7417123343102499,0.28749774734295824,0.5095029495498609,0.6826899959460236,0.4314620805109267,0.2851516807149509,0.21879240322416157,0.22294073643300813,0.45832072049061245,0.5066557693910329,2
0.5662830688381437,0.5806517457682208,-0.07053613383711094,1.06219769712866,0.6201766779194149,0.791788405183884,0.08634208832383694,0.7804498959198432,0.8283589270767711,1.5491060946952693,0
0.4736218686384347,0.6998607184959841,0.65770047940406,0.5044091514884673,0.6076248797072917,0.5220605877178237,0.9923330007113873,0.07703447538623455,0.018943704652574583,0.2905527438928897,3
0.34387532929706305,0.35766104333408677,0.5329671172417656,1.2129325020065727,0.6130125456643216,0.4510140766544734,1.1548585375238183,1.0904184348120811,0.13614716106823058,0.5387403010414035,1
0.7094638182555166,0.9532249044816005,0.42592899403008655,0.1247769948802947,0.9428723239651249,0.518006234991998,0.16963299849923127,0.3042843908937657,0.17051986137896644,0.18647819535005616,2
0.7908763793749856,0.20390664790586208,0.1325838337220017,0.880139346199444,0.009544494757658145,0.3669101495066301,0.21844936337850385,0.7505583206984159,0.5733806259494465,0.3029249861226261,2
-0.01569419250475801,0.16011144564992447,0.33711324569928786,0.6792656025137633,0.5398679434618154,0.5346359206986551,0.5889703664660091,0.48894986860546974,0.8429889235810768,0.7723521436236938,0
-0.012180615905518055,0.4503559953698565,0.4107447486588808,-0.10886881244206228,0.6257424702477042,0.255642812016102,0.30173763999020836,0.5440806374753209,1.1213567652595562,0.8569584410987301,2
0.40607842046440407,0.3629894617182977,0.34900985650423144,0.717262116456385,0.2891716430162959,0.5068841080671157,0.46201823006475834,0.15268849857986255,0.9569485089774677,0.08423197806104052,2
-0.17478162073928938,0.15852541461258934,0.1379160106150231,0.8149829403542849,0.5974249290025626,0.12004900094763166,0.6752616040065675,-0.09894748667380274,0.5254847741686363,0.6692646074901916,2
1.1568894070781535,1.0350130597336955,1.1377358260338895,0.5749345668825727,-0.34472405456108673,1.1206569154723227,0.625216084675891,1.1440111696508812,0.08959349725434124,0.23271186545075695,1
0.9326900466746746,0.09124181205202216,0.6464465992910091,0.856526876691862,0.5332734584894331,0.42727697626350264,0.57814815107,0.3359953660502221,0.11485060595611558,0.6029820849612332,2
0.9364200506376409,0.5787707070024076,0.7638860468468702,0.07673284247623438,0.5424982705659773,0.6227549949958553,0.3759609329123283,0.19502294635148898,0.8151813160994464,0.971250842390388,3
-0.010810165666096369,0.8926278634181405,0.4841723309886026,0.4538660839709705,0.6392373491542551,0.7508886104681868,0.9672317010439914,0.666005193235818,0.32639704635956646,0.7919203410732265,1
0.5245229250568139,0.6801660208169794,0.6099477177906598,0.30781561486293213,0.7098807103085105,0.6859103232022675,0.9964027082818439,0.1555026982329693,0.25848636229623856,0.38484370045364535,3
0.9370520072986374,0.5217795763539392,0.2784690166077394,0.835500624633044,0.3034093429024668,0.7093216050282115,0.832149609140141,0.4633427487214047,0.939762343803783,0.2911235720624379,2
0.6087366635535073,0.018168822191482442,0.32846873751109984,0.3449045878200091,0.4467141906188532,0.06506176146612219,0.20122528522263636,0.5653315047070636,0.30128059739472246,0.5799070564845961,2
0.7658058304099435,0.33454150227141627,0.24618929089702593,0.546620918348931,0.8584593805324146,0.18477582321831906,0.5937497451580958,1.0102927113104887,0.8309642684309638,0.9247522139080104,1
0.7248797263295137,0.9259217402028307,0.18248692854810467,0.16111126789093616,0.878356221271537,0.11909366752463939,0.3415704961981451,0.18948296499293268,0.6895443504966307,0.01201776047549728,2
1.0239817126835584,0.12982990227282812,0.4155997688524818,0.1572671206667669,0.003206228290754176,0.05267548548632516,0.506433627850637,0.7554367781790806,0.006988072944454308,0.5156696903682759,1
0.4748076269056718,0.7816231716364249,0.34803588706858957,0.5053689523567654,0.7533097280842919,0.17707568289534537,-0.008113288879280513,0.27434244905558236,0.5693705965030758,0.9268443329630269,1
0.6716746899105992,0.7966596743200552,0.2799650554095333,0.23218272204326734,0.7559566865093221,0.4077009370129722,0.1279701934539152,0.4254527553934169,0.03877567517980713,0.2958700043258141,2
0.48158602449151783,0.12119439032603582,0.12169460449602762,0.8460190957726769,0.5504638636773331,0.7628872460502893,0.868667579651822,0.9815578122335076,0.33167345510023666,0.9075207413716913,1
0.30173608243791955,0.9106777938530085,1.0006147450692966,0.5652033535929236,0.08596258706903648,0.23416825411813605,0.22460363502664532,0.7742673271040785,0.08047958018886944,0.25028319771793556,2
0.018069820456811117,0.18979881436141774,0.37192223129274954,0.6715640809198715,0.405235024972586,0.823861489041271,0.9011058705656213,0.32733205493302225,0.6663496906687969,0.5157039862268264,1
0.49025813347094105,0.06394774488703675,0.1416452784624814,0.8893357614021328,0.5346172068013398,0.7103589520505452,0.8797268038110887,0.9889586805216216,0.33964257068234044,0.8824878971720661,1
0.8430756144608456,0.5854110366813826,0.3544464827362554,0.664786103705691,0.8126366658008239,0.6790856436179021,0.760226931193875,0.053339479327630536,0.7525792694093275,0.9211258097970862,3
0.8607051511130004,0.6977645833877627,0.14964904433309115,0.8097556677359582,0.38593903874682245,0.9920581389511609,0.7330493015214968,0.16749290932066024,0.8033629647252686,0.31582780190794535,1
1.011471145960302,0.47258163598240543,0.29011270144770107,0.8806001285373868,0.29759141591282623,0.7737372674882472,0.899237852598662,0.43247362654633564,0.9346715279791941,0.21849072569699077,2
0.4625974480374958,-0.18988386585046768,0.4388356118668034,0.4137736965446264,1.0625906181506606,0.4225572558631606,0.34980448725152047,0.840215810184145,0.3663656498087525,1.0274117407422914,1
0.6663156065271391,0.3687084898508108,0.28090628967254944,1.116695669825837,0.07375967643081399,0.3749310943228952,0.4345069212288421,0.7361258779125381,0.5288208582513808,0.08283899456975102,2
0.6051532030667757,0.893123690950862,0.018850017803962546,0.05552056861669468,0.4031642547770314,0.3113054712177737,0.13329539906007476,0.47515852275703724,0.13269862189874113,0.9220075840903652,1
1.203378672852311,0.30831572314231653,0.566963032692495,0.8603733535387554,0.5182511409282295,0.48674636613580335,0.6735523653082027,0.581868889920046,-0.05040391612662548,0.7377943257814572,2
0.4380681785671081,0.1570534332422336,0.05364322773059946,0.20806062695625166,0.7253263854791945,0.2670392048572071,0.5914362466255416,0.8596939488381274,0.694398004969865,0.4311868914118002,1
0.44021163938433616,0.8658234654379665,0.34380201694503154,0.5516481921788498,0.8035012354877941,0.18144980764510915,0.014774740775321525,0.29447340827441437,0.49656057435089646,0.947367081772618,1
0.362971325806037,0.3798411380842203,0.9459528459958934,0.5792529210210318,0.3216241262783934,0.7774320970057089,0.16102161676394383,0.6399102432958373,0.9478364378291702,0.46968459785721595,1
0.22998231051681625,0.4074435841623073,0.733095449722479,0.7500167873944829,0.32591320205620156,1.0296570480916054,0.3109870668996322,0.8819770160365341,0.9343590005429249,0.6919756866194395,1
0.6207008847379609,0.4345329196125265,0.5836956657166921,0.9613363414210759,0.7089271921038821,-0.1377721182926629,0.34488331873979927,-0.274421573690099,0.6985332316852593,0.538385424334181,2
0.3411367585634079,0.8228636223108338,-0.012847347636147116,-0.055453549975656935,0.8937233134063292,0.3042536892243963,0.2576471518267815,0.39759399966209114,0.6431456994149554,-0.06215902067084031,2
0.9029134640408395,0.5991406428832489,0.2931840121437383,0.9150261233198812,0.38878528383339855,0.7538882974307196,0.8701661402215093,0.5172101873952155,1.0197057526119273,0.33946665955981126,2
0.556853078724371,0.16386663512327185,-0.19094985996483405,-0.00446559590962585,0.6258199395551027,-0.0662167514444898,0.5562517240635902,0.14626466671701416,0.43836503058603865,0.34104983094133934,2
0.10363067106858151,0.08359691492991113,-0.01721538055320336,0.41941001653945537,0.3613127237863825,0.18478185314240503,0.20934183557101363,0.4420029046085884,0.30321567300223273,-0.07358540227304067,2
1.091423791249038,0.3984403876739344,0.49498662190065823,0.7924541027491258,0.18463416169071495,0.5101452840962558,1.0556664614059537,0.5759042846601894,1.0910812353099362,0.5266547816713796,2
0.13227047407808312,0.18581795227751416,0.2071358461326876,0.7689407732250274,0.4202701818141711,0.5814035574616612,0.6531601626269117,0.3848054571496802,1.0006357530733048,0.857454490864248,0
0.5829774916058637,0.8107891090503155,0.33707835539103936,0.3548212847622225,0.7576905051117839,0.6294651626831667,-0.05851174583133256,0.2734469755091007,0.07680705439458282,0.46428901013634194,2
0.655383168518127,1.0391252792808618,0.10493380523312164,0.11533155395757427,0.640191581098043,0.23303549825263062,0.06996119400289885,0.24227958078246611,0.659686449469378,-0.0047120304385696275,2
0.7860336741350771,0.2395229614751859,0.7340996043049265,1.014376301796646,0.4277632769687306,0.38035438369624963,0.6295666904095768,0.4534318134431009,-0.011760860576335685,0.6898039024699784,2
0.8581747478268015,0.6928306012831322,0.6038082143668472,0.23027369790368712,0.14602221703554003,0.8316033992104553,0.8819918157799772,0.648013752648017,0.36348899528273004,0.6990883510357123,1
0.644543069496072,1.0011694442050252,0.0113013052886545,0.038619153742339984,0.979798358866491,0.002354557656883728,0.26992599439680154,0.352433586764022,0.7552047699063202,0.22794968692047093,2
0.29768451705167154,0.8268215284222905,1.002895576234612,0.6083921889911905,0.08509640120289211,0.2325355830715334,0.26909992375727265,0.734416817456981,0.06527120922086818,0.3421700041900959,2
0.7241857735504692,0.359605829116967,0.7342785015612217,0.3210344492410271,0.7191017180345075,0.5722331795638438,0.6529485664886646,0.33490778021616896,0.09533147682484336,0.2236570128780481,2
0.02774512346041217,0.23583067239148578,0.6953659484821987,0.014440585444289396,0.04432982522847974,0.27807830174776993,0.13168420835334127,0.8720482180584889,0.46320418071898767,0.2918041454906811,1
0.5751449169451411,0.7527076146340418,0.28300605085869324,0.45210893228388066,0.8599726302209947,0.1277441248712478,-0.011663372160348205,0.3006906002528109,0.5873433065479036,0.992777091167972,1
0.7838208950121319,0.3948848143355656,0.8784879851526021,0.7267278152406343,0.5180975534161737,0.586733665636237,0.07486281504244559,0.678128456329953,0.8693061364759019,0.41795803802826,3
0.7104586259216854,0.670157582150889,0.6702233167080385,0.24656725792101986,0.4198526278131054,0.8802767887352085,0.6658542115360421,0.2550681317499654,0.18495179361828093,0.4849750427299382,3
0.828543652515689,0.2198172159758939,0.8053407029108248,0.2827686281840661,0.7097164475389838,0.8097796337238029,0.9902498420897246,0.47173454432377143,-0.14260099506368706,-0.12474000169224869,2
0.055910824500472044,0.6928979771528256,0.5322547762006729,0.3694409020387044,0.6887131240388069,0.642522981119899,0.7919378633502278,0.5615995333272011,0.44869196255698496,1.10726496101287,1
0.07246019952021454,1.0113184174542151,0.8715031858362803,-0.4080491090961891,0.434619431672048,0.5455994379658392,0.5543624728389748,0.9837772948752039,-0.44898943189952323,0.13856381391071848,3
0.6372528410114926,0.8818312036180003,0.851847150106102,0.20864378591935617,0.49508497752252323,0.736771019720641,0.9441270029673752,-0.09456565047173601,0.0044877858251076985,0.19545544973753995,3
0.08036519229690149,0.7625697185685171,0.29322870279163277,0.4912578205953383,0.937292929338308,0.6154736058722344,0.9032127680372696,0.6891235290649954,0.6183385487209899,0.10390879882931409,3
0.08472934215583028,1.6799160060819651,0.6291469613261123,0.4460881831102679,-0.18339249234271016,1.719462284737129,-0.47804985711128467,1.0372743592782108,-0.5019153970473637,1.5665619525995962,3
-0.025353468234558085,0.19046027071508373,0.37239507437003755,0.8246965575873999,0.4397860222339404,0.8865914486588656,0.9601840580511134,0.2593276260464248,0.7351928584933244,0.5266670187998307,1
0.3630699687414362,1.148506487531911,0.30688448718316763,0.8795958128202874,0.2751636973531961,0.5919857231215899,1.0369543902475078,0.3239115510819428,0.5269740950573413,0.9615878439541138,2
0.36612551147182015,0.22657455713783167,0.5957962419994861,0.871158124032659,0.4698429660009229,0.6385679447002144,0.28574995333856695,0.256720830583216,0.41461079388287425,0.8270738027764077,2
0.2832258682036847,0.5263807609191425,0.9282099391829586,0.5241147315338408,0.3745246540438864,0.5900870001132057,0.18209924956421566,0.7431574806058368,0.9638931647597704,0.4762863678509673,1
0.6328225522567106,0.7562426027137855,1.039822120705305,0.6202637103758024,0.3897782567123521,0.8038545139965504,0.3680300253863853,0.6353402366359514,0.3597570234127653,-0.002457562370713262,0
0.6754208083469686,0.798758078394375,0.27911723260760635,0.23488867762569632,0.7681675450060039,0.4107007063861028,0.12165633501143377,0.4200796855643574,0.0379626921642719,0.2928684191749338,2
0.27830782049936076,0.6412484198684997,0.5636757947691173,-0.12117657551764169,0.43417158825285773,0.37338605073014886,0.4474039871348057,1.003586034080164,0.07996189531116313,0.6357995407061576,0
0.26687277852232827,0.5674435664417644,0.20110694466380463,0.006940268933400703,-0.0949008533399987,0.6986198674392995,0.7636745610021375,0.1274437423079166,0.9711447816191233,0.914366900321616,3
0.516749679002513,0.22098035427929194,0.13990361199735873,0.15400736472360949,0.5174395259045488,0.1802157001444528,0.48739520137508047,0.8761802942956133,0.4332617273546066,0.5498086351028506,1
0.8282573332943587,0.6051301882719056,0.3429605025056637,0.8132124633797017,0.05273894275536162,0.9126342205365378,0.6422231169778108,0.12370800655895986,0.894030644508005,0.4290552998185532,1
0.6365623032693357,0.9173694216483013,0.3616948942069604,0.09631589125558623,0.8181477274687606,0.2668065918591369,0.11271471667944657,0.45712003271812407,0.007195573042785078,0.23105789519665645,2
0.7533665892895801,0.32156852330800856,0.7358238925325099,0.4198912239302821,0.7235927868278819,0.5423359363716344,0.6483927927624316,0.39603674812861805,0.06766393551160163,0.25752687541083275,2
0.7103140072483999,0.19967981710161695,0.07237373324689053,0.9332123063655148,0.2654679918428721,0.43105400278761086,0.5974423773891888,0.6445556444836965,0.8961812346106645,0.30138841957079343,2
0.7260458788801131,0.09728361055057105,0.6001195701286623,0.9253927770554066,0.6405615235241617,-0.061178940300984475,0.09334897935285913,0.42780166362635447,1.4277529047191386,0.292780294321863,2
0.022844247233606563,1.4096037898718339,0.06949859612696263,1.0037924496588582,0.510500794188713,1.2607963920169816,1.0278085930198047,0.7773170311148828,-0.5379789291055139,0.9862458363310332,3
0.14946054492073957,0.8041898755000243,0.014169721646905817,0.3603965669005784,0.636358002589557,0.8856044220258545,0.9409653409805875,0.13730540868175728,0.7806541541241094,0.6863888297261274,2
0.0861555243877056,0.08809212583257525,0.7853659862979889,0.2489412662664845,-0.028127471486397077,0.3549651214063792,0.546708704952822,0.38054863429855285,0.25549306128042715,0.527624930242119,1
0.13285880096936897,0.19527153933016972,0.42354633857160096,0.7268299122709276,0.4849271164426261,0.8928696300174546,0.774542571097887,0.3612681686867289,0.7050302505600724,0.4473845361056353,1
-0.7627071480130336,-0.06137839103131115,0.6842324661970153,0.9166950472572777,0.4832583563382074,0.4859779059241694,0.9564143401727099,0.7363108973013432,0.653929482476423,0.19616979939863616,0
0.783719695468564,0.4887625010682653,0.6328645512644582,0.3458241200067411,0.17048225947460252,0.7255237302237849,0.9934007410924619,0.6168058797473687,0.4063787773805392,0.8438794801522678,1
0.0857712176765864,0.2791591618426642,0.8056454026268159,0.4617484227951164,0.08663102140796447,0.1328139754627678,0.6610801326308963,0.3237205152986247,0.39895054605603586,0.40994352046408244,1
0.7451215681455695,0.6133358563223386,0.15103721936894515,0.7222377820360439,0.015090872117422993,0.9881004234259319,0.1418231082452719,0.27412383267292656,0.279783314611675,0.39210755619598975,3
0.5877093552060155,0.8473067177607826,0.18866761348601424,0.10401491371147324,0.798032680858979,0.05493018209061317,0.2812614188762271,0.3595117495297999,0.5971955447517638,-0.014162586250839434,2
0.11863150285961335,0.8400369569201884,0.7099582785781147,0.6897801261094744,0.06121658278196957,0.7188219562379154,0.8212863139451259,0.5725376364412444,0.8050315439920315,0.5411095714582105,3
0.5726239579395046,0.8052641624776896,0.10380951804368316,0.08333245420109081,0.6655521290160586,0.4752974880197962,0.3350945585014935,0.45680124351786056,0.23913178405156602,0.10794337554372713,2
0.6302466642143231,0.4651891505760476,0.8583007415425684,0.25225276505624145,0.856836588607673,0.516695977490946,0.8050704770516397,0.3884660956693131,0.06067163241170827,0.38182490649657513,2
0.21072604408566975,0.8113040555295152,-0.0506125205451535,0.30529091157304095,0.6706407152976325,-0.2675324407669575,0.06465818338804413,0.50866425497312,1.0404289931667965,-0.069407758332254,2
0.8080884067213163,0.44712402307529814,0.4016446964512502,0.770576502095717,0.7570782802675851,0.7890806397724002,0.6940690044698384,0.11057387802870793,0.8508986053480557,0.9371201331146012,3
0.983593210309594,0.9171931657181966,0.844251606673416,0.9108982661288653,0.3138214668246946,0.8593351776214182,0.13095799446882128,0.252183771452854,0.422741102688468,-0.3437564352371083,1
0.0336402286957344,0.2185684571945371,0.6985506206231384,0.03191921559416651,0.014630603916134514,0.2509742685396205,0.13191586167928995,0.8782972407293429,0.463156294401344,0.31499186707865917,1
0.9116899070890145,0.1864736848169156,0.776453766264565,0.36412934081500775,0.5821704033527105,0.7712915838362979,0.4609885506264369,0.14221684297860954,0.18297333544287744,-0.009425155085023423,2
0.33592237132185593,0.39354536984450905,0.382571476139419,0.7406771608418671,0.14826964772494766,0.3634697856309919,0.4799190408915533,0.07929143719598984,0.9196849230544872,0.2217526754542408,2
0.7848830073196159,0.6047675443967824,0.7355468184735674,0.30257307496511054,0.08031257149041489,0.831483973789642,0.9963701617100602,0.7400688053323456,0.378879608781956,0.7972253949813645,1
0.036136863134249846,0.8072613869272334,0.4150261874325134,0.4284138687359374,0.631840255313464,0.6780262010324167,0.8807167730934504,0.645069015480181,0.41761096474474535,0.9205021509909757,1
0.8553106948143677,0.6860822506068913,0.358913967353551,0.8325451901691958,0.3839523675670695,0.6865840234336883,0.959313150856232,0.552553312482952,0.8526014298733414,0.3273795044453031,2
0.5603774592025548,0.6671702643147277,0.8978359195145543,0.47368640852951427,0.771266804702981,0.6297294299563696,1.0090023699992787,0.12804971237352952,0.3402917264554193,0.3768427002947941,3
0.2449034372289262,0.3995713332540389,0.03517581596419789,0.8461978828213863,0.010582049923568055,0.7263254988078203,0.45134095240053673,0.8125621937251766,0.562291379017093,0.00438188850821402,0
0.29979104865768574,0.438492470103803,0.9758027330003672,0.6436560736484381,0.37174094706025357,0.7224145282049914,0.1676790540756409,0.663929263764908,0.9240384549125482,0.4292806567867313,1
0.4647409085192849,-0.07031125468588081,0.03358090837220275,0.8335043128140993,0.3533595363202069,0.8258840948504381,0.8529459353518565,0.9201813457849751,0.4977978861538452,0.9009005066428429,1
0.4968824911513701,0.034121765225030326,0.032418321287055366,0.8165366587745945,0.46209148851108206,0.7830946730693978,0.9450831408769342,1.0048211461509238,0.3992776995812117,0.8501764225501286,1
0.6521762255683081,0.9027660035140532,-0.016768518552954186,0.11777353106571464,0.4021384497690194,0.3109355672681398,0.12300894159662125,0.4419192995062085,0.09644682907593893,0.9748429392130633,1
1.1301139347694142,0.348512718148152,0.44653794495645877,1.0252532350579322,0.13181131745478908,0.7614826477312334,0.8011772456023962,0.6158481587835476,0.9863425447506616,0.38330587599846294,2
0.3612096241838275,0.711751036124995,0.6091293057049709,0.6861427149208917,0.8810344861540618,0.4324052995829025,0.0007947509110147744,0.20178744175259933,1.0955812222310384,-0.11494909084301447,1
0.38157878102739196,0.12022952614621354,0.4633266490160099,0.38353750844993995,0.5125567331597476,0.054726981729001783,0.186054339742138,-0.23883638512786182,1.0915968977877588,0.690799925049119,2
0.6740650786392521,1.0183575188638467,0.06487529165656075,0.20890694747236294,0.9388287551628438,-0.033088561727036184,0.05003567310846882,0.39463986807977663,0.34403853383727356,-0.12791580673332287,2
0.053245499807734416,0.15090752922940892,0.3622857543220583,0.6808521283775367,0.48031263115910844,0.8173781223084666,0.8082439003795565,0.3574539530525246,0.6413446160062386,0.4563764388026232,1
0.2300450746176339,0.30699795146005565,0.37988806384009205,0.956411265961322,0.7238380218701441,0.5790177872378299,0.9117413800599184,0.2552633758038047,0.7577701915764327,0.48683752587599843,1
0.5366145942254401,1.1129685646264034,0.15397616361118138,0.014619707472487517,1.0162007802448116,-0.10032753521916449,-0.03695503309362902,0.08808690854915685,0.5694723263903742,0.10934064062901293,2
0.7949306722324195,0.8615967629158012,0.17181021429606536,0.8894947417104168,0.6519301333455131,1.0245996266430015,0.581179902712765,0.4945891393162709,-0.0030631576851129147,0.2458823615217687,1
0.16070592495924108,0.643184827846693,0.8835172574936626,0.13541923120777086,0.48243672646698543,0.5026247096816474,0.35297549388224236,0.888351724215819,0.3819677147732493,0.8918966738189555,0
0.1525111087951259,0.03746041172167709,0.3472794896504038,0.7594225468898872,0.4651462915738861,0.5883018884862189,0.5601623015052605,0.42706141761236105,0.9089105687934297,0.8103210031746139,0
0.660043618031973,0.38684475758516246,0.7297924977545234,0.2726301772659592,0.7135984133917732,0.6045272773414979,0.6125473228355846,0.3783056150800457,0.07107639763245216,0.22793530112974136,2
0.8094923271833049,0.27214418023265247,0.5204987703784811,0.5479084742525822,0.3399199543063422,0.20020134506967907,0.09213438252627222,0.4175949512419193,0.36664034623997693,0.6323402132001897,2
0.3248391549977732,0.8874022608712206,0.887247951500601,0.18964272163703177,0.9172231703321191,0.392858514014028,0.6849024418382056,0.7734530181496512,0.5110902914056452,0.7820090068653932,1
0.5091599948019186,0.27791478745064,0.1147039805980269,0.38370743158827536,0.21287461900100352,0.20952639521118413,0.36947363261222144,0.17296993482142972,0.8774324813303565,0.9520911532728543,2
0.8924621094803139,0.4189495645714876,0.418416745091924,0.8901726099978352,0.32317349987211974,0.8437059847446553,0.7455796789728536,0.46877511600394095,0.8830408338547445,0.41834503912054954,2
0.497177731784936,0.02448485983950871,0.03410966867213361,0.6359465274445643,0.38288916973120213,-0.05790760833091685,0.409064116255759,1.0538238245526566,0.8756417160527888,0.38728629401518333,1
0.9251543105403282,0.5300008319573545,0.8479926742668592,0.13565070462106443,0.28255148841096167,0.79674070202266,1.0955699312280065,0.705345935202956,0.5201457070886577,0.813807844846989,1
0.9315940307760652,0.5811052215871233,0.7682441809837803,0.04826107672657952,0.5545397358128267,0.6440186085804172,0.35080495808750534,0.18893986483802358,0.8170796529791827,0.9936087466955118,3
0.6360887841616237,0.29083671193808003,0.3963165332328108,0.3656497731158302,0.6320016518307399,0.08257039770616251,0.615069689442295,0.8858248810105313,0.6963569567447783,0.6739031782314459,1
0.32507273979497026,0.8641157196923317,0.9719777345510464,0.5709371648056951,0.03828295198923351,0.24852323740841134,0.23277404491734716,0.758215344640139,0.07097347151483865,0.291647645364565,2
0.48462752941822546,0.6311233979224178,0.3440972173216792,0.42081203630745595,0.7657100452203265,0.36240274427204683,0.169397909902122,0.5769300620646002,0.0470345653103933,0.320610967503642,2
1.0956237655800938,0.3194672094015233,0.93510572304739,0.09485316949332012,-0.13807981245985684,0.7754515624214547,0.9987990731733182,0.7986886612563149,0.12160168599083959,0.84110076005407,1
0.601243787754791,0.7933083074056615,0.2882478610087092,0.1907751120284153,0.7631833213602657,0.44023502459101616,0.09268112426595732,0.4721565721715512,0.11244477788672413,0.35698845212971625,2
0.6097009140757499,0.9041941296638576,-0.002894356178611647,0.06775361541233724,0.3949775664098212,0.3368546057892009,0.12999355648059188,0.4846960431830694,0.1256503781537366,0.9128605322208267,1
0.5439432115031103,0.33209529526284576,0.09578889414094494,0.3699203339660681,0.23089262773268285,0.22878033429756425,0.3281441285758167,0.13596290323497615,0.8759250594479335,0.9728450234251247,2
1.366656564314884,1.106167519289524,0.2184575191637533,0.2622159694742187,0.08753573547585883,0.6692473195072326,-0.6920363190004193,0.4323560714094984,-0.40885503549359814,0.5005191271312643,3
0.8382867759924385,0.6336583763293144,0.061900764557967045,0.8548588187556294,0.4105004230066077,0.9489760710820608,0.724577108490298,0.10876152177194713,0.8389719687528595,0.3825613485915206,1
0.617571287548906,0.9857655642175368,0.06882542147724544,0.10864061777627518,0.32761356181819423,0.2360074242240494,0.20299528922266907,0.5554090465782242,0.2147734338821689,1.0155177950270056,1
0.7624718770392642,0.5286948988045548,0.02267737455089057,0.9206697650469167,0.21098532035378714,0.9262429428095016,0.762399823727658,0.2723849489298773,0.9095182445316025,0.46473389062404724,1
0.9145750745417267,0.5291433950109984,0.29528826631247374,0.738103492123431,0.8115960280306038,0.7039345295287142,0.6385792201347169,0.05373523962926292,0.802768319181334,0.9146528212054541,3
0.6918090973056352,0.8235922145249269,0.10265983206759688,0.9096728214862726,0.6505438176858946,1.0286473939845808,0.6402376486615962,0.4838317323971156,0.06382545589252916,0.35069669329468156,1
0.5506699922274889,0.629046713154002,0.004018357816854334,0.12892573643253602,0.6502305720858731,0.6064691071570667,0.5796030402585649,-0.06756095174460675,0.7119260395554913,1.170730504894723,0
0.5447040982433221,0.8232495528085536,0.3748087904650771,0.13889391969709486,0.7586835709023939,-0.18967747654497943,0.528213673273822,0.608394503369234,0.310489572264803,0.0674186725413381,2
0.48383018633679215,0.6931180162968034,0.5952223830334592,0.18558801266114672,-0.04273183696771926,0.40124648586245015,-0.01144404659338523,-0.10200598191192611,0.8464170958139772,0.9898257217067852,2
0.5457755233331218,0.6831267225903381,1.19664342776719,0.7805330504563378,0.7344037310238491,1.0108423100545205,0.19635704161963397,0.10941763216409098,1.075696421695991,0.06320351021160953,1
0.23948043503496672,0.31480332710299425,0.31367761805763417,0.7553152550651389,0.06922916772692703,0.3897983388371833,0.4855405922322004,0.08322369156335634,1.062888370088445,0.16359225272573355,2
1.2206268754207334,0.11958590096569838,1.3114736825265556,0.835404785159036,0.7420786788607178,0.3956312286536015,0.10237428213903765,0.8472071013881788,0.6872413047140454,-0.4947879116915982,2
0.4928294151360685,-0.0740622048264216,0.31381969217803934,-0.01592353597160688,0.8552819315467519,0.5146617029252369,0.4023976297856626,0.4886446092234203,0.49701225374070046,0.29574572943933874,2
0.9084448044517099,0.2924637850112878,0.5170850997335964,0.45236753485084313,0.2689859069259163,0.34567912038635884,0.17206433269169702,0.3792988798040531,0.3422520708164685,0.6055580157396492,2
0.8886051423508641,0.5230611493831339,0.30850758811263423,0.7304123112274074,0.7609220586690758,0.7493954026264662,0.6875669704444751,0.0878602129719541,0.7995874752785465,0.8916986221415678,3
1.0039913703402519,0.010576531045495177,0.31369973120052724,0.5933980208144286,0.9582823619380665,0.7734097974147887,0.6564543281623927,0.6755126537516555,0.5232727761237899,0.3514153765479444,2
0.49486378716057294,0.0562719842297075,0.13382245882417593,0.8950514056203679,0.5397617240522399,0.7138142149873932,0.8748906885790446,0.9847689137483212,0.3402714698497374,0.8863239650994725,1
0.34853308578057735,0.9616423437259725,0.5752594996826693,0.5315069380800728,0.5049385244497302,0.6412372719648818,-0.12062941890019008,0.673913194356157,0.5118889626718948,0.14786953971661743,0
0.10709839173928709,0.19493946641243215,0.8549472341549239,0.2348769252708251,-0.016742083983437378,0.35149434498893717,0.6265032846239199,0.33330570380855795,0.23833322942199675,0.5342441323321372,1
0.8797346909175129,0.5576347884204752,0.3082433449715208,0.7300709745600991,0.7849018771751136,0.7476005751382139,0.6823809430170105,0.1068675249662879,0.7720446428515494,0.9236512191712708,3
0.9582363673714576,0.8489544678069777,0.2921247251062207,-0.010686211258700645,0.7483872839711142,1.0899170035768329,0.6505787391579448,0.12476453157776922,0.39260100421343663,0.9745254114819648,3
0.19043098098415603,0.7077476385435537,0.05638136891067281,0.2444137103585366,0.6119410606289123,0.9787157242932001,1.0905518973570778,0.07513284415693489,0.6804090293459768,0.9128311099515514,2
0.9957701492919947,0.3950817454751857,0.646201162822477,0.4537895347173731,0.2921308750407128,0.21641469681359343,0.1882986805562715,0.6160473656829916,0.23500015794477486,0.43882527303743496,2
-0.3979801508741211,1.1289697202408484,0.022389356860491372,0.7131490929830733,0.032903321343952074,0.7121303143927482,0.451785267707046,1.4176595224856534,0.2362760986511266,0.29934931257984004,0
0.8092450874269391,0.886235434156295,0.03678110105175639,0.9087256167567364,0.6549604641749152,0.9614084375389892,0.5947790832565727,0.5661164794265455,0.04029873476314474,0.3117872207572543,1
0.8886790826572328,0.058501830435221475,0.17463949231298503,0.176526765366258,-0.26404736226041325,-0.4780043828097641,1.0441529805621463,0.4029665869914201,0.6340477962108884,0.5900015773578535,1
0.7409329328699797,0.3452930090649313,0.9098561763996835,0.6924111873677854,0.5616802224547401,0.6262283050452432,0.10390560042194896,0.7115810985934057,0.8079418957119137,0.3444536640270358,3
0.001567005256611409,-0.20827877569502978,0.015427583235889969,0.159764270029802,0.7587770933198799,0.3853236092218286,0.417258700423339,0.143909200496381,0.1511619504166038,0.10192472266246404,2
0.09404680896165224,0.5155098336294135,0.365018663634223,0.480918443489186,0.18305108172184623,0.5685083801498745,0.6628432269603005,-0.16520869723666698,1.101056743919815,0.3365116782663993,2
0.030533617158604587,0.9344408510517183,0.3615165612483462,0.37458886952165626,0.5157752203792748,0.6447024125868899,0.8583686995811768,0.5152303153326022,0.45440168269119735,0.8551292972997908,1
0.7774912579552752,0.06172661116119088,0.13146256962124603,0.20031844094156157,0.8067945759183174,-0.018589522753964506,0.5338183694013265,0.8368218936598678,0.6515141892745736,0.48296908702632646,1
0.5972841973550074,0.8216070423501499,0.1997743089766464,0.8210610531152441,-0.25599875551759055,-0.12620373590530531,0.3716275218562495,-0.19647523029807135,0.6274119678062231,0.7374254694364865,2
0.89705988372787,0.33772724087572353,1.0518833633373497,0.5608203785526774,0.5362987417849958,0.6746195168177247,0.709537461853154,0.11527219479364276,-0.024559858746407925,0.6112161379831289,2
0.6830396638706085,0.414115805009604,0.28650598832639085,0.8309166105024854,0.2660357122727592,0.4140143984894383,0.4798017292195061,0.4474004039950885,0.8036692771764464,0.2204114887849864,2
0.2059952581009985,0.031933688796594,0.443516483099952,0.9116150379558308,0.3775082089226405,0.28870555153373667,0.47524970011530643,0.4987416748288739,0.9318258534216256,1.0665398800226868,0
0.680912171834049,0.8487059560957799,0.23862288413144414,0.2843187639947839,0.7879510739129644,0.3988382333736216,0.17606222653786768,0.36860218170401077,0.055405808870809585,0.3189456057003891,2
0.316531109170896,1.060128647960083,0.006932893316847155,0.5596585666901268,0.7982488168672469,0.6806347347084107,1.0861613021850491,0.07092989423248261,0.7424617463235799,0.9283688185361529,2
0.16426799362691177,-0.021735867138938797,0.11228694058269825,0.04969722211234047,0.7160612392132325,0.23889037903755225,0.4738436817743771,0.4905931329554507,0.2020471348986556,0.2073139956260851,2
0.1965192377092927,-0.03705649351292808,-0.3229014369446296,0.2590269145768679,0.8250894519628134,0.34324485753584744,0.47090992622116407,0.4955927767492132,-0.18021044744322468,-0.0055036537445089795,2
0.6169110088143797,0.214230857961381,0.24753628917390186,0.2336943624724003,0.6593301576174257,0.07813995037404875,0.591125306026006,0.76122168120167,0.6394243643225425,0.6165037496420601,1
1.1251504129974583,0.306597403107856,0.4992101424646881,1.0815169374017286,0.24132783165899396,0.2655127490390421,0.7270011638500766,0.6421960542902933,0.10313123883093106,0.8222315891494169,2
0.03837714460690929,0.8517292709010617,0.30632756468031946,0.5490149723598545,0.42727102822167534,0.773357336941754,1.0261063460890398,0.4698479513469885,0.551798866710175,0.8335550627925048,1
0.47773443942299715,1.1512999479315331,1.1085564439282958,0.541992337308056,-0.1640902467365657,1.0309162602279736,0.2283380981307976,0.2587757127584594,0.7119993169920421,-0.12825246731085327,0
0.438141465491672,0.476669030710925,1.1894590007048527,0.3056731540689342,0.1284911477592217,0.49127121115109473,-0.11653991389923829,0.740947083401202,0.6661306868003666,0.3551833609524928,1
0.3866114767793698,0.15162432829067252,0.45441640741021666,0.9177936569638246,0.8467391423597304,0.5251193138118184,0.9340126637246382,1.0205419490388812,0.47330580648266307,0.9247996319664865,1
0.9500107227395634,0.2052706322585262,0.012275706471605918,0.9946755357909577,0.6729780493948994,0.38848526736536665,0.016853575045876604,0.772029982414892,0.2515672406679591,0.17200931209725662,0
0.053880733233333346,0.10056234543776436,0.7943777263808856,0.2899756537861772,0.040290479547483896,0.2514393471362538,0.659533930169281,0.41051761499137795,0.32343169858132403,0.4288918710003441,1
0.03149300239321133,0.23171202132565072,0.695824608278573,0.016015918781412737,0.04110241590450256,0.2820108882435301,0.13003327947563062,0.8650601228692696,0.4689624483609319,0.2939242421387489,1
0.03810139456036354,0.23393149967449317,0.7020229163519369,0.014185234738904099,0.04168238633178536,0.2755284048776922,0.13401472762351455,0.8721818303311107,0.46076189513795407,0.3032833441122008,1
0.13647577807379035,0.4174584605290792,0.28610367794517466,0.09988565457607701,0.5086273820591095,0.30750741817514055,0.13714879493297688,0.31985471690188855,0.994395139635629,0.7659814195942677,2
0.028234647254705952,0.5513454733423285,0.5748717591914196,0.09582097787436175,0.9896758186214123,0.8248398340008134,0.5997248907662276,0.4948038714426956,0.37168798887042204,0.1670193433871477,3
0.9080586298056564,0.6092974801218858,0.4538581991062889,0.8339589993995533,0.23944033446478397,0.7508681823576349,0.761492075373479,0.4942785033093938,0.9191426549364862,0.43054012492438565,2
0.9274774243690863,0.5917888459103147,0.3483560310856806,0.7123736716499905,0.8032405495026608,0.7949571036764168,0.6362220791081906,0.14139154311296567,0.7599688033556181,0.8876391666372301,3
0.8813594662070103,0.5579136085263523,0.34692248568925343,0.7155834560071793,0.7510225435383981,0.8019484163181655,0.7038369717227771,0.05248270348054935,0.8101568265380859,0.8708677299194345,3
0.16207070247801048,0.16833314765369628,0.39699924696423505,0.6186760596931219,0.49805962493454287,0.6277996938047041,0.5479931054933422,0.45794287918592425,0.8488708835601653,0.7451614021063175,0
1.010514296890345,0.45462458092620206,0.34377889321846794,0.5791661087569187,0.3303479954775214,1.1859141458747327,0.6733436936096461,0.3896774748704256,0.8592143738063823,0.46433585534685057,1
0.6605975040540446,0.7209974577008282,0.7686832347612631,0.4450077594301386,0.6612856387624415,0.6527473897142827,0.8770005175626615,0.09573003025441086,0.2168685501726959,0.32648352210766785,3
0.1401899486510725,0.27332143253328917,0.2930961864070263,0.6470622024204511,0.020607205610834928,0.1488854500929735,0.1988234728611628,0.01598807420247745,1.199139454109229,0.05159896799286151,2
0.2900973533454795,0.5235060694677476,0.5435665703771267,0.32583743849277436,0.1633940619762687,1.5744864657462214,0.5378970496669194,-0.1082213502690299,0.3286282928711166,0.1613097619277606,3
0.3221877920492413,0.3699938526530545,0.31915955593413553,0.7485685730277677,0.09622909670464655,0.42147974058343474,0.5703589073095325,0.11803798683290835,0.905767581259696,0.14223525209367932,2
0.829897341899475,0.2880558315022142,0.537492223611526,0.4927177184913126,0.38535189048502266,0.20229898538819574,0.09007792639685366,0.4323545543055252,0.3446041261386761,0.5754783149299173,2
0.912357169944432,0.5693713142414655,0.03931600858754197,1.2158336115832655,-0.18993459255002942,0.6826914656293133,0.7719009045038202,0.9892858994557195,0.32279043354058495,-0.05636656334481466,2
0.91445687697483,0.5517356946356164,0.8124587890466686,-0.019887694017562324,0.6047055323221898,0.6127904982118179,0.4191845603575895,0.23480898216208118,0.8282824682730153,1.0262704740661948,3
0.9587804811696095,0.5496715593416008,0.030345695810878287,0.6171400010203175,0.6933278646194302,-0.16931218331457448,0.2158863685123763,0.6774770945383521,0.6575943584358215,0.7123916773190558,1
0.5291180027775154,0.8603806747496142,0.23853201309252742,0.14877425714714018,0.7384490603982077,0.028035117116321104,0.2740176943434336,0.3735558455123176,0.5667710089707862,0.06613215119898169,2
0.07188745431227331,0.8138401650535161,0.4398502561074561,0.42842927530148023,0.5572844071254341,0.7583686141526673,0.8984585803043177,0.519422489562761,0.47825504087713516,0.9191488910739466,1
0.6377109769729259,0.8166496797433042,-0.05048609917734517,0.849861416936843,0.6782861808654332,1.0809290229314237,0.7164457207794918,0.6023905296137102,-0.023569706401776344,0.1470117437063682,1
0.6797972303468699,0.3753675116879135,0.07281045058908625,0.8393553752902799,0.7418514489165817,0.9577210105109953,0.6150777656731242,0.030691355149458865,0.662566218809221,0.0312951255569493,2
0.901832861703853,0.8338897364348871,0.41032665375175886,0.19476856901717227,0.709197126311178,0.8825954582873367,0.6835651706899245,0.1969519999998114,0.2731625029395788,0.9262346438930404,3
0.182584849244743,0.36147487371077536,0.27912853511477714,0.09329277112625725,0.5017352399404975,0.3822454473802284,0.012531400815381302,0.2201798235889306,1.0401629842656204,0.8116423310554962,2
0.9418917145496466,0.5815718476278564,0.7596590484513729,0.07090628851089698,0.542212316020612,0.6283557124753905,0.37201815310964603,0.18747301012487463,0.8194173875545485,0.9678238204446538,3
1.1271920928410974,-0.48854453703293066,0.7080657588439386,1.0617196153864263,-0.05195000355374002,-0.20972213223420894,0.7750129587865952,0.077101704953429,0.9922834890424013,1.1590214714203642,2
0.10979576869520961,0.46220688232377316,0.6977744039717511,-0.1849992088362775,0.9953956531321535,0.5162535812926254,0.5395338021673793,0.28916310136004564,0.38762277548086693,0.28928083363144835,3
0.30722875054063753,1.1456472619119178,0.9765350350074928,0.15349560337557072,0.734421721182039,0.6979587550157348,0.7954285185949445,0.7787151114668891,0.5729555595104228,0.7242560047465688,1
-0.15146589160906976,1.0967227666391925,0.21327142091704973,0.5719214140787017,0.7675746032107672,0.5861242910301326,0.8234577148840854,0.651218441051197,0.37448336226270335,0.9216860265073962,1
0.6795472424356922,0.791536708870733,0.2812029895615586,0.2385402402803819,0.7715898525017107,0.41844671481490925,0.1360452518853662,0.4373832806077783,0.04354314476103295,0.3014259188006304,2
0.6773178498367682,0.8805570989027952,0.6113010849686268,0.39931665567229174,-0.10469231259576445,0.5453301816521744,1.1274403214144941,0.520130261179275,0.20718678436906787,0.4957178016006556,1
0.025376376178755006,0.235889638117645,0.7061051172476254,0.03950722734685676,0.05500209201043387,0.29323634536659954,0.14016795933468235,0.8463201905561043,0.48237613062733153,0.31459913097462744,1
0.2031918715939491,0.3814381247293092,0.45394101194659253,0.8333544637749964,0.3783784211736506,0.819413950086084,0.800499849896022,0.4603864929495437,0.5057985202819362,0.5539573187853986,1
0.9620077141505633,0.0837257605519369,0.462397451773185,0.12770910535928134,-0.024259128085501014,0.06984446804630559,0.48457671933211194,0.8012844428211404,0.03694414022454242,0.5098521483125953,1
0.3647563093690577,0.8873173629644908,0.9669636209010604,0.5716986663606953,0.11286110094528404,0.3022589895344796,0.2558523800926297,0.8256276640843677,0.02103920385157483,0.3608971024843751,2
1.2615577246710648,0.9905011765016858,0.5506574181221813,1.2522422014153571,-0.11911828075117287,0.8926625452909519,0.671447047796247,0.562241888865455,0.5550530240147595,0.6392830900792904,2
0.7368848226799191,0.26087841554364316,0.46058365091010584,0.4636224527451045,0.25582911507123507,0.21133371018064204,0.23027328158249535,0.38026349525775227,0.23013591956690352,0.7222423655147018,2
0.9218236623027488,0.5383438037207954,0.7704230462329151,0.01752296803950531,0.604272966357185,0.6769813873253522,0.3336756147331814,0.181815392661675,0.8370514460960307,0.9196649604893021,3
0.8333316389057698,0.4459829629936649,0.3524508546249073,0.8003997251282116,0.8445546914165079,0.631964384221584,0.705801288979572,0.03836103776313492,0.8805576536502947,1.034268134894653,3
0.7774186693335822,1.0587088924211434,0.4198600590354475,-0.1567422918107757,0.8153410070076774,0.12933642440645898,0.09249630002705655,0.19804618211333677,0.637686994725669,0.17960610595142645,2
0.6348129066446899,0.8715275418485677,0.021407776774843366,0.08732991728047716,0.38815816819149135,0.2990942206116689,0.15150786869880228,0.5205855681426511,0.17762404808240523,0.8840488770413641,1
0.6230773157655864,0.9350444770646185,0.010960014098512237,0.0676733192386036,0.4224405935459656,0.34212909937517505,0.182888721637444,0.5215398466923128,0.1146110209929411,0.9083864973797955,1
0.16499546285927152,0.4357095444469309,1.0812487534753554,0.19847869251878553,0.6544864821073105,0.16004377607926848,0.6606531503358615,0.8521316412947693,0.10948901760602181,1.0915429066401459,0
0.5073156664144675,0.7111447909551507,0.4516377754154094,0.4015419933403782,0.05580929965789719,0.9978006902431161,0.09005768748142035,0.20979338620406857,0.08393066105847222,0.7161676898195568,3
0.14570160253434264,0.24827141179172474,0.3771203809024441,0.8188581427273963,0.5629423890163328,0.9046306455320805,0.7890725105385437,0.32199440440119204,0.607380352769267,0.4600079129350675,1
0.3390036257333624,0.8521490590863423,0.9599833394229217,0.609256945082873,0.06941495529900246,0.2201735065452832,0.22592945845861093,0.7626120708228676,0.10154589892175626,0.3042174014031539,2
1.0495511352648716,0.7505324751154463,0.5571657695996831,0.2721194487876012,0.8972406955099661,1.2402146740413054,0.5554492104985859,0.1397843785633375,0.246440785539104,0.610632505184539,3
0.38495453375029,0.2509683353328923,0.2881388405613763,0.9883166648982,0.3448487856344351,0.49365667040518035,0.6831751528511965,0.24278506540808786,0.2800103014374825,1.1630328828392424,0
1.0592620317721997,0.012451405554126369,0.8098717687774,0.6784203571470526,0.6836371962880853,0.5187160139606432,0.6914211499262278,0.34251052454210107,0.021738361720024496,0.7525823287755959,2
0.5736295489277006,0.7802683461265598,0.14913077205707195,0.1765704111025738,0.8092512104606117,0.28896726857622773,0.17733325856506002,0.523725165705935,-0.049258573966566854,0.3787982173508093,2
0.18774075353986877,0.23991615933760255,1.0674772623699487,0.715505295608407,0.3706064351590089,0.9751826596993782,0.28684560694010053,0.8509648033623664,0.8052736630447312,0.19691478190689685,1
0.8964025111259928,0.4557125614736597,0.2903829545118322,0.6880698319529871,0.6985024689451245,0.7605670603443817,0.7192467745034087,0.14078886559322573,0.8036899126730354,0.8216779769186482,3
0.8901926681164423,0.7420277353036713,0.17719369231059814,0.8514657968053503,0.43468163718806524,0.9319075211204514,0.7508005471364143,0.19649013749594207,0.8250507800990915,0.28024587250935434,1
0.6773416200598744,0.37949674165977076,0.6307416915309376,0.1704041018397847,0.8879918997503503,0.5309130211059594,0.7101754534705227,0.49653737623578725,0.12186370751651995,0.045014225377754485,2
0.5984680364168684,0.9586340085607392,-0.05017652814420558,-0.011717913374099123,0.46324602890646177,0.2546020205053353,0.17914627367840616,0.536786677826083,0.13047120038739546,0.9911856491815341,1
0.3841812155558058,1.2567255638404342,0.4326078713057192,0.46541071192478345,0.623810104986653,1.0358066673689736,1.3015806276234285,0.056106826334448134,1.0672920653493254,0.8558171991626252,2
1.05644148440819,0.21044474528759832,0.48124865327864513,0.08488028335419656,0.10301746077680836,0.08863374556630606,0.46520509820263173,0.8104874734107668,-0.04706849945261583,0.4202486215838651,1
-0.02629306549240784,0.12491522389555676,0.20074178421089878,0.7509272208583029,-0.051843022747468576,-0.2062894099842928,0.34697731058106857,1.1578024126897626,0.34357836919523005,0.12024340001940129,2
0.057573650181483,-0.008527816242428297,0.12183580604095437,-0.08384030757317426,0.6659125577437306,0.06992397179743867,0.35385140339413274,0.748015254426446,0.06680510830818581,-0.1020845310210649,2
0.03782598857679989,0.8148699151186656,0.272428260253395,0.49198345844870145,0.9035711155047094,0.5912825413510833,0.9170154033619917,0.6776161134376033,0.6546746938415746,0.06402187158855766,3
0.6122610665240246,0.3613961753519692,0.46118477460413293,0.13132284178498926,0.44337009841547675,0.14148307479052247,-0.20530917916593544,0.8351721215692235,0.4099712890158558,-0.29067282190345245,0
0.2633195781697286,-0.05228684166848439,0.10279623396199747,0.044443595479587324,0.7269518268882409,0.1893263637467451,0.5117285556720971,0.4854968414886416,0.3240597775692411,0.19965220071424972,2
0.9303182829372701,-0.22148127789462296,0.38624768219426464,0.7276433041751578,0.5900945977515665,0.3387103369083101,0.36561593647480095,0.3907271742167734,0.4356108292236786,0.312666383540382,2
0.15584694151767386,0.7367263425637531,0.26445805493544183,0.4677399479290841,0.6368646775981874,0.7960247896302514,0.8459268609702304,0.6864965375712122,0.45029867811295116,1.0468645990600063,1
0.5296270695167822,0.4779612758348156,0.32546736611282306,1.1180103654028288,0.03912430829481295,0.19800838963098455,0.31907268782973064,0.7529076486238985,0.535496173757606,0.13341149314991885,2
0.9744305799156139,0.5935330543524804,0.7579195220484484,0.08362076458830531,0.5291426493826973,0.6172952171445463,0.37770118775215566,0.21987757478308054,0.7978678319331021,0.9768936496249232,3
0.6517453786997973,0.7955776265535301,0.2741262269916151,0.21548278499836981,0.7662723605501006,0.4117727422838361,0.14290909348326586,0.4085223231709403,0.034856921022271344,0.27197940440862794,2
1.0085820890989672,0.22805759747870147,0.12019668060651795,0.9358253556549077,0.6308397953525767,0.2722759459601733,0.016279448002364354,0.8895475472467582,0.18360891075161462,0.25794176801556096,0
0.7655201740673475,0.8249297808649119,0.04939515284108868,0.8714022881913918,0.7639418721470246,1.0115663634584835,0.6087712027273275,0.604337749351984,0.07659725492650944,0.3368802007666848,1
0.6461324144589194,0.00616446019622513,0.20971039582567697,0.35824205661329217,0.7003992253879575,-0.2910308202275814,0.36939944642469497,0.7716738079354845,0.30189830542899204,0.9379508898867137,1
0.8386507777603528,0.5843341308752222,0.7104418836609974,0.2541340710565507,0.14625721714919876,0.8166831849091468,0.9602224548875149,0.6650432546310875,0.4113128309167236,0.7459438474381229,1
0.6754317130875389,1.0242814407461083,0.4921908507774041,0.5863302400615308,0.683532126065542,0.08835782247037793,0.4502256644010732,0.8483933295887424,0.7678908621606679,0.5012743295884459,0
0.10092047886581548,0.8489747566837317,0.09969789484462842,0.391644435298142,0.7034583638484934,0.859063699034174,1.0392285451206928,0.19101208192436533,0.8554625890130927,0.7661863022300247,2
0.43220443260369823,0.20093763518071878,0.13664963659003088,0.47495027078894453,0.3004554406493787,0.6054630159431806,1.025715035091379,-0.20618406724282856,0.726372159188935,1.3066926908629322,0
0.23524703150401108,0.6137258166609716,1.1145203221833941,0.2286310390455933,0.6735557584601555,0.3993417525364216,0.6531346517957335,0.6253765641916269,0.6345926257798261,0.3555807482223992,0
0.724852505825325,0.3903505434670123,0.708627907119912,0.3356889040985438,0.7048074458194887,0.5540407169215907,0.6509173354502512,0.348696521317789,0.10327819512571344,0.2209185213654588,2
0.03903649842718709,0.24134104078530183,0.7035274699112462,0.02350902403855997,0.05055607942743673,0.2832530232137022,0.11725729471800073,0.8607913163001295,0.47821546154374484,0.2869399651380542,1
0.7488584528462261,-0.024922400606652864,0.5023964597081063,0.4752254781712371,0.472097625796341,0.1390490234530609,0.7506086122277522,0.5866090213371854,0.042513374927550786,0.5026869865396201,2
0.03146898534685826,0.24198752952985836,0.6919157674735772,0.025258111572680743,0.041353414559505995,0.28987346770854233,0.12163133912656006,0.8587704560923889,0.4555862634039778,0.2898819116709489,1
0.6657777555028765,0.17560599594021853,0.6700636475529278,0.24257340226614077,0.9233684670597606,0.6809016263542558,0.5830809102801026,0.42154738868874253,0.2169446324570255,0.4528743227144413,2
0.7015599158999319,0.37273131511645013,0.7104945543313108,0.34829508669834164,0.695040261186146,0.5549082414845634,0.6323028734954439,0.3684372925314737,0.09796150621036373,0.21082901605560828,2
0.5389881791820907,0.8447069520363452,0.31237524731674576,0.5018263511120219,0.7818483022505913,0.1629948627458602,0.01936222276128946,0.22363281482063094,0.5183977128398032,0.9057326420833227,1
0.6857024504369942,0.3717350135997768,0.7321064642004099,0.6238687222076147,0.2708700031522609,0.42980351627136903,0.2355068085336729,0.5876901052857997,0.5210885072389773,0.48746551565560975,2
0.4180158743157989,1.034384207558435,0.09758772469488888,0.4794417838169843,0.5134766477828359,-0.08593296011565615,-0.1265567463088979,-0.011458915004930736,0.8273332192305712,0.40394767227696643,2
1.0413493775661045,0.7006508923656952,0.4117284188848399,-0.009832258507678437,0.14365261804295618,1.5589519599102117,-0.22945172352495463,0.9235919727295718,-0.2972085525294716,0.7998728202166994,3
0.6267209977427599,0.8295876444265178,0.33258098149017135,0.27512501851510773,0.8165890227146836,0.4217744764911674,0.11439592099659465,0.37682711177813843,0.058051542882318743,0.30289371746043375,2
0.2058066785854193,0.3882984664648815,0.20503083003065395,0.09455204917340623,0.42788359659713643,0.3109346570721441,0.02366607337611315,0.21392008084001726,0.8911673127281302,0.7072277050937893,2
0.764593337344168,0.46694287015415625,0.7925248585647566,0.3582419057605768,0.6742035279815228,0.5230354977169156,0.7113955477686907,0.3199645368416729,0.09978420010561818,0.2469997774560179,2
0.020420899864981225,0.14915710144418293,0.8259854967812029,0.2799680911971604,0.007271536881437002,0.23202172427643913,0.6026279835550917,0.46713649573920635,0.2964628337961991,0.40068867236821837,1
-0.16245394831168375,-0.19703565728267503,0.48968929724659604,0.8408016439527195,0.792377240467894,0.45848898394597676,0.4769066488796878,0.07395327119391526,0.9248171325962626,0.7359910554514673,0
0.6254518176859032,0.9771329581220775,-0.03206978510603406,0.056874966549403626,0.3458044162669587,0.2722553695349793,0.09294697894185544,0.49933940488285905,0.2097439914411369,0.8491231125593888,1
0.23976427955679355,0.9151060662437925,0.05793344417572201,0.46169631570001,0.6465744063304065,0.7532761291896242,0.9474176725943984,0.23618349143382011,0.7198224197005028,0.7372318840828082,2
0.03982695656904493,0.18720592058148192,0.32757231520060215,0.7393413618476155,0.4712115587149029,0.8210104049533802,0.8664641226019734,0.3725649297121457,0.6831284592007257,0.4712796842886493,1
0.6872164896517238,0.5885753342260616,0.23425251825617233,0.23343957455592373,0.7533841121827523,-0.01726229548501844,0.5523471719436643,0.41479508841658086,0.7335538152340344,-0.25511769972875914,2
0.030900238185293603,0.23542041441167189,0.6976902726184309,0.017070266954133682,0.04335116260627464,0.28001981351908434,0.1304448981290363,0.8689501382132554,0.46360784852502873,0.29659553705839176,1
0.9470418776691716,0.5706652788303429,0.7697994091900794,0.08384606646356582,0.5461172457104245,0.615367376921838,0.3854753055275325,0.1809913227857648,0.8246641812614309,0.9601427708905553,3
0.378592258179211,0.7920613449729939,0.15431307190847082,0.40213305575026903,0.8082206127740065,0.005074304501741456,0.1004517852819551,0.1789213717510245,0.6671568686346769,0.8970126252406118,1
-0.054655262602162163,0.07311218597980335,0.3783053326182666,0.895001908422443,0.15511725941156518,0.22023211664600606,0.7994178215236153,0.7469270023861565,0.46349462822589993,0.9409062982977302,0
0.3366242661780007,0.9031778055265475,0.9391103061490238,0.5916828118706691,0.04028827637351287,0.2574010039569824,0.22145824463460387,0.8103170332041688,0.1318421770356506,0.32599112671651387,2
0.5537515048362317,0.8862688386135918,0.2068431512004934,0.07164462979563152,0.7740239237902089,0.019106910413449252,0.20616820650857726,0.42178784696178917,0.6298210488767007,0.047702325639087106,2
0.03119181097934144,0.23278831339939582,0.6986673568451575,0.01241196397649112,0.037348153490447095,0.2781711378027002,0.13310367064556544,0.8629386688427321,0.46535968976113556,0.3005222367366136,1
0.5818355341974182,0.8591667472210097,0.16292349686722218,0.13565963174707762,0.7828769931953805,0.0673930961843323,0.2739861943439364,0.37470622813069593,0.5748664432601985,-0.006507072171693771,2
0.5065731511452688,0.3890953021697293,0.2717848724961717,1.345660471113761,-0.22413822771904413,0.12300296885094297,0.7966071891768103,0.87346909098969,0.8368974348864016,0.30483761689839406,2
0.38666518584126347,1.1562989118321947,-0.1825414968214948,1.2832533001429858,0.07349117710775879,-0.25887269093342996,1.081886201519703,0.6460038251335275,0.32754102540956953,0.4342942602471625,3
0.6053897062572594,0.9082881786651316,-0.0007282744858031296,0.06600274322702296,0.38409394169374256,0.32883672878650155,0.14568096587563603,0.4815273338590357,0.13759016940690652,0.9191504880749416,1
-0.17618818871259423,0.20055849922880212,0.25164686427512695,0.9600834695078795,0.5430900536927512,0.8589802258395942,0.27345755186347837,0.3341811926126683,1.101445834632754,0.4363388645717544,0
0.9833560153730175,0.5688662512442495,0.8022640031739512,0.13111124998744533,0.4815747955656058,0.629545351759434,0.3731956544125887,0.13424746262304404,0.8657858386837114,0.981117030206746,3
0.9309429812973131,0.5812935855425069,0.754433373683572,0.09177048585569157,0.5582035270429812,0.6063626300724205,0.3803846703326073,0.20216151682331407,0.7988117037923433,0.9544288784589341,3
0.32635221291821337,0.869756728134345,0.9794505232106108,0.594599011388733,0.05295000130249505,0.23341923934583753,0.22797715186406906,0.7778699410480937,0.08927585505295876,0.2868619094127995,2
0.4858692576171134,-0.07892902754002018,-0.03635789443503104,0.967619389481786,0.6136295415664711,0.8056747423956654,0.8603366175169823,1.0145797541793042,0.5353538168635874,0.817121800083124,1
-0.03177855585855757,0.9851747571269482,0.41217490994135364,0.5544623100737992,0.5561445680714863,0.8835164381953979,0.8455586528286276,0.5881686567939023,0.3571332909528693,0.8429208406235613,1
0.5101970888283337,0.8448044574477072,0.3214458160170836,0.5275250703557509,0.7956899083281923,0.18642621940651663,0.021507339028202326,0.19444556918461692,0.5380877154983309,0.9341384545680647,1
0.3369018584649458,0.4072828275843533,0.204144747920912,0.8922362959885047,0.26972940147745594,0.5541335429287195,0.4545534184835114,0.41124145950792534,-0.07138050627188922,1.0332718182251952,0
0.051554758176124094,0.19136159841886746,0.22762043008807067,0.9313460059752723,0.42752525365693167,0.4072572089897579,-0.10701969806580869,0.49022872129070855,0.5094694741695643,0.13466609882063585,3
0.12082353714697329,0.4166957395992681,0.0051915692406797175,0.8335283980254606,0.08455103836204884,0.6575738959704098,0.5444745205193233,0.8526485602453381,0.7456919773052282,0.054575872258631225,0
0.22295720132603936,0.4486903369960433,1.1059333414084713,0.7460651353003991,0.29566281936905553,0.8293757137548957,0.2020997098063971,0.6502343808970396,1.0154793150932662,0.31779712728946885,1
0.8730306319157218,0.5404043246228156,0.34032821203782465,0.7276198539515455,0.7878421532865285,0.7224621097713533,0.6563857660729739,0.08300806045200872,0.7707942147151684,0.9401816966925075,3
0.5322408266192195,0.7608846145287025,-0.0332270452857934,1.312175624945609,-0.10628831516258158,0.04665943997732691,0.6811010408915801,0.8240370668584547,0.5828940157587633,1.462147819181192e-05,2
0.49790625441538705,0.8180882996719644,0.2614109230644798,0.44792953438481914,0.7452006621999349,0.10541319329746308,-0.04226708953171629,0.14102596552305444,0.5092807655797492,0.985257501560483,1
0.07083390918609492,0.16684433389919884,0.28216257424204605,0.6983218272102762,0.42491264173537485,0.799599233944892,0.8135721750105442,0.33809559068646144,0.6653503262422193,0.4946309944817721,1
0.8802958222366538,0.20311522530356052,0.466269466454614,0.17280389648184963,0.6842751901222032,-0.13481318804908976,0.48298427253618076,0.7555226586548618,0.32440280835173113,0.5883895453304812,1
0.9069741753016827,0.6838743522878674,0.1552473801908256,0.7920434866050398,0.3414084266501035,0.9352222813541546,0.6798204294411538,0.19836696159229636,0.7926284461664709,0.35097598345113284,1
0.7761949432173776,0.5963532242768709,0.45466813584684385,0.3120683938663235,0.7175740657178342,0.7498373159104218,0.6189011703974326,0.4275043460391795,0.1907894242645437,0.04784612341565686,2
0.117319804913789,0.8550246469305212,0.2838061198913689,0.4488787631268629,0.9789969018543521,0.5623825848716569,0.9474815166154951,0.6958719958667098,0.6484086413340031,0.07566309804308974,3
0.8584342868612792,0.5790273407886272,0.2979999780481306,0.7537090090167028,0.7941516289607777,0.7330733547824103,0.71626096367772,0.09557046934248395,0.7734971823943098,0.9520448582578244,3
0.48933791162857465,0.12937242649709702,0.28483722775129977,0.9642696468549505,0.3803434801922812,0.7274410233869719,0.7558064693245234,0.8812344629983283,0.22261010835135064,1.0308550514083528,1
0.49643913313781296,0.07531457633285711,0.12765265660039005,0.8982169925997204,0.548582191421848,0.7035469839362265,0.89280901656914,0.977539372077917,0.3430479508853219,0.8934376018498378,1
0.5012332670375348,1.275504488772706,0.18538570494393197,0.2932890757952267,0.7257576946997212,0.740323022765699,-0.2952899267718079,0.417167988531695,0.21198350108128394,0.08982418292431418,2
0.825611765193502,0.3235298935903921,-0.04623740054443076,1.2217196212501138,0.5833775067884464,0.9682736757181497,0.4368553048080619,0.49578835346118716,0.5398104461786937,0.24073736383314281,2
0.4104691920219733,0.28513355865550083,0.8387421104195684,0.6580244119487647,0.4178671419787296,0.7300176083616665,0.5607636767624391,0.3625150875487089,0.6099499263916517,0.15355619022465106,1
0.4133921107962195,0.41681001716599625,0.8297584589218634,0.6782550795138973,0.9067304370186515,0.35507708050457887,0.9006902957732039,0.7633683056099682,0.5434493105923719,0.44689681360016753,0
0.5722974438282278,0.05342341446867433,0.46325491570778604,0.34550366334154237,1.0029167577453681,0.5162178939457072,0.6658355201660371,0.18399742604425226,-0.4096991049662052,0.8108108127150286,2
0.9441025573749414,0.5337630791354507,0.2775634089073312,0.8535417531375398,0.32862411014214776,0.7221284531967143,0.8505136866746801,0.4627191475429563,0.9556007956259814,0.28079401044779584,2
0.38013232808153935,0.8256549133773414,0.2919291911337053,0.543224903188198,0.8956766395197581,0.1219017356728791,0.01980258911369817,0.32995858377578346,0.35704569138447617,0.9708179778055458,1
0.5450039503200259,0.904214215576151,0.20318578426969838,0.092562971765226,0.7420036791127874,0.06121127810865948,0.2938192271433067,0.36758155665685294,0.5835533979480425,-0.0021734736897811267,2
0.5975841953560729,0.7184352080458798,0.7372311484133685,0.4262812390920353,0.6984054329904583,0.6971705821870655,0.9133595939806267,0.05095070871251442,0.20940462757429518,0.35192264029223147,3
0.6065399095849204,0.9032201727916562,0.0043969398822964354,0.06331126717078396,0.3895579789606157,0.3242751854495933,0.13968635918388042,0.48549091452327886,0.136285423973229,0.9251408156391027,1
0.6847010917672036,0.4828527057871276,0.5585875546397197,0.1032655562795074,0.19951146431613428,0.6777437693875317,1.1345955637932494,0.592047324660716,0.5636304395526812,0.5582918466318649,1
0.07750814667964219,0.11680982473324254,0.7621720991343558,0.3432117548338023,0.07778317338263366,0.32351112069610727,0.5872368356076233,0.46233921106271736,0.31593264594164355,0.4316398655348356,1
0.7291273802596547,0.8476128282920856,0.5501916650357352,0.35320748890160325,0.891092009551097,0.6884513639097427,0.9506898457802663,0.040764775309625176,0.1583803388675633,0.37848636738818214,3
0.31870296304277373,0.4484488895726206,0.39299784035091967,0.7708789457431784,0.2087601979402646,0.34673977936119227,0.4844848409684983,0.133675736178253,0.9892273911198103,0.2414639113105252,2
-0.0169593482567392,1.3041110951149437,0.6123705910690357,1.0942742611785474,0.40905152929066696,0.29300868681153813,0.6678543785416448,0.29270310797831,0.05050517772909721,1.1801126257178667,3
0.07006404623960527,0.7988241536493268,0.2619599426473473,0.812388926564521,0.5160759402015004,0.2990335543243666,0.3091843336596445,-0.1580529357426352,0.4126695806307831,-0.4230028719715361,2
0.04343665557676919,0.6540821857435338,0.5322899343866964,0.13992627765404841,0.9137620583889869,0.638468363879873,0.5804583995020564,0.5504416858373109,0.4330022234711565,0.0578484236620586,3
-0.13038013313156327,1.4481110438196323,0.9577225822919666,0.663165174689346,-0.5533394360042665,1.0483594743710427,0.6697303721957154,1.3060408219581339,0.33498575904913086,-0.3613361657083174,3
0.31692533464616524,0.41064196506941075,0.9827250949188356,0.6143170171866004,0.38309559239680424,0.7250607198817623,0.15965267791807403,0.6658282441235158,0.9336628046577815,0.4233317497104547,1
1.0382580497526042,0.4183475119406137,0.6257307333623404,0.46379820062758775,0.3104643408283838,0.4588920525326078,0.275836820978267,0.48616583170040856,0.5614935975602339,0.508880077166219,2
0.570321400170468,0.9204444857673617,0.014501998522747967,0.05255552921585145,0.3711003279359074,0.36133134126053534,0.12460335981571706,0.47176287710935805,0.12836332224806085,0.9781195792810673,1
0.5952910367408992,0.28470336475869357,-0.17193454780080547,0.17031796303531063,0.6143550439798683,-0.36444427585904177,0.8097770978643574,1.1221144419003712,0.3177929661298191,0.6350102377434691,1
0.04622909549362276,0.12056565192126188,0.7772669694716146,0.2949400427927677,0.07382522198761511,0.2626582561395635,0.6368710902710263,0.4159220604305185,0.30179130310254193,0.4413821239893345,1
0.47664812849631366,0.9470030873172509,0.321809666205159,0.15341486223974252,1.0120219710456522,0.0688039017992439,-0.028002876435589408,0.27788467652284043,0.3233475732102903,-0.12657143649598396,2
0.6344336873206835,0.23573242314331758,0.2342141286105238,0.2627190926886801,0.6173323421481001,0.028208458590164288,0.5861991065607919,0.7615615267801449,0.5968288712295351,0.6337686733704418,1
0.2296327269127046,0.2538039934793317,0.1864202296279869,0.5295206491272523,0.1856444092825619,0.3701950731543796,0.5819372627475248,-0.041204525093245,1.0646604589268585,0.21421907995919146,2
-0.144322745169348,-0.3106661580606038,-0.2438423150620227,0.3261586144088878,0.8972913318520762,-0.014596526938205678,0.3787711440737714,0.3204159001924357,0.19456240259584662,-0.09599390827968424,2
0.32289311253751785,0.8780104244999579,0.982203001553753,0.6082960949818171,0.04145476414492977,0.22780369504401815,0.23684623973404414,0.771220095080382,0.10298247448856634,0.29554171902207305,2
0.8128008273340808,0.67347416155822,0.03518524940532851,0.8948218727221487,0.40446386565094755,0.953598344321975,0.6691672189873824,0.14888108178757106,0.8122644305228229,0.23070972702969728,1
0.4360645168814854,0.22472040090427542,0.5025372649117218,0.8353140788617113,0.5481600228470805,0.6858694844599533,0.30571134180501663,0.3010989076307878,0.42710163012910896,0.8860038305851199,2
0.20417394211822165,0.41212258941397795,0.35143846303726917,0.08425095982095411,0.633811388345765,0.4874994704397391,0.2709805875574668,0.24576449282136886,0.9452542299460066,0.6949376701021035,2
0.3069500024749616,0.44515503835125114,0.3080648209904763,0.6597496233477416,0.23453901048621295,0.3864121165464889,0.4388951308081689,0.14430055492244193,0.8817403571127876,0.19260713305182617,2
-0.016141984261940127,0.3003406262043185,0.7415980426743118,1.3639271725751443,-0.1504692580641913,0.011137795227066372,0.9677700664430127,0.723420349243324,-0.3713595061219296,0.5505061547052296,0
1.0288222627630894,0.06703667594763144,0.2583373575821778,0.996640455568252,0.5192310459118792,0.2824731334630409,0.5612064237419572,0.3077078148461489,0.4305831410107592,0.44258393876434526,2
0.15522014003325432,0.3204542213100813,0.2090095040700511,0.1415860099564949,0.5003876419463238,0.2920548456560194,0.13022211008127943,0.2939499581679111,0.9451247592354324,0.7357584979069611,2
0.07584910799977018,0.7855631568045331,0.31038899030138745,0.4690013464139777,0.9829105585497467,0.5090689145392495,0.9684091400053205,0.6957410939521184,0.5500566366218724,0.02952327587898637,3
0.9061742184751406,-0.012142762202832141,0.7403758462539326,0.8721471185128626,0.48369440888469156,0.543413935407231,0.6368892170407855,0.34957800115622595,0.04591681256719127,0.6370443175120225,2
0.18527438837670052,-0.004973687489915293,0.17742586088617643,0.5850552369507325,0.36560330597962953,0.6787540735427097,0.7236863681599706,0.2724008772985723,1.0015250622828824,0.7054283800073967,0
0.9492429950064333,0.9092047678000934,0.35135239021599957,0.04498137544957338,0.6419322773075892,0.9545522855866982,0.6807733832754332,0.13280299026092146,0.2365878223626562,0.7995740846888267,3
0.10446353853300314,0.10364855796074102,0.2856224942479294,0.6576481273579468,0.4941819833614692,0.5952371853679399,0.626525273607551,0.3736376334056651,0.9440952646836704,0.8256630655270285,0
0.5612472955575358,0.22557865352888584,0.9755959000108414,0.0725204580759666,0.34293270191450376,0.505765875152861,0.751698135318391,0.4862502493100158,0.5698558507562745,1.0111608872787174,1
0.6414064248964835,0.3936985940519259,-0.08191145972917457,0.9140291668211279,0.15285068414662284,0.07916021605544582,0.1408326962975689,0.413945463932922,0.9202866489634705,-0.18387626575689964,2
0.12691621810623155,0.8379454699868198,0.7797359616660324,0.4329336982769435,-0.0012897237806293593,0.07883103566360805,0.6251346701884217,-0.30891743840271124,1.3197001749314607,-0.013525047350881197,2
0.8865921222107561,0.5222703949274599,0.35057634417681255,0.8771272113402775,0.2795632016881554,0.7730263598548487,0.8282312391509716,0.5318558999655284,0.9496829680739081,0.30405189889697454,2
0.31535724421724437,1.3490577675577566,0.5053588461327743,0.09147964927343766,0.49826244793008606,1.6628279194620184,-0.4912627813540742,0.7723635992442914,-0.29155878185721346,0.04938854630674283,3
0.90342589488222,0.6722917694459797,0.11047894910486035,0.7925789848870554,0.38932685500397335,0.9659068900894913,0.6993053937538509,0.17018885661302893,0.8203523119997612,0.29224502007194914,1
0.5714969042414225,0.0504879543066965,0.29935643015267366,0.483362648210344,0.3020970985967247,0.058616243151166536,0.8803499440662377,0.6332409163003123,0.34272146795965835,0.4631218615253915,1
0.7978445082848348,0.3933230263490372,0.8330396374664296,0.7107503537567414,0.5009668760035192,0.5729746093961338,0.08315687022358542,0.6496968971456919,0.8893389124487637,0.361536748483792,3
0.9326927230322403,0.16998489122175742,0.4490016618218965,0.5795173857924284,0.31761275383653814,0.050997519794274665,-0.21809931933637272,0.6284642216014654,0.5368833353951964,0.3380284685149132,0
0.919066038946487,0.5059192686774467,0.3077600097157793,0.9687601063476986,0.4030754402380331,0.7627491905278272,0.7663874700064155,0.4774792798611413,1.0814979244255836,0.462697676501332,2
0.9217764518124221,0.6312736690450842,0.8474003609871219,0.4101643794750173,0.3421681832083825,0.04367526793864934,0.04497645089921401,0.10747777639532763,0.6427261384824987,0.4590604921502368,2
0.937728169540651,0.5781821470555615,0.7754550166208455,0.09223286273126494,0.5458601889743252,0.6325779111495207,0.38148787516063,0.2062691159437694,0.8286652917018246,0.9835877196274401,3
-0.14771295539014523,0.04109483411519635,-0.28613211626136115,-0.4518085446914235,0.4348879971545023,0.015562552533700702,0.1257707070826894,0.6582494047150833,0.5248753100696424,-0.2256590579091246,2
0.45948671339696684,0.06458966621207801,0.10044360384597578,0.9272610330821836,0.517878049625078,0.6760331637742385,0.9103327104179707,1.0248858110892638,0.3035589915951299,0.913050607418806,1
0.42484875395884414,0.896415634483412,-0.07743325123908507,0.41033664985312024,0.8212990618522975,0.6160830489999009,1.156291099516913,0.43649826829923943,0.7720881872859928,0.7380446949894718,2
0.304907156645152,0.23369173175133628,0.5972669476789433,0.7898264850025525,0.00589463608503879,0.4977787747653848,0.6161393913992627,-0.13667621615035025,1.1420584099265647,-0.07792787523316635,2
0.4339851142051039,1.091681613424869,0.23206214362977218,0.5386243991002305,0.6979234869264376,0.7594917003462732,0.8628995201761429,0.04883720845620221,0.6412628578006243,0.601088903877253,2
-0.014891493178216433,0.8115978678454551,0.43876941095266875,0.5017186465553015,0.5103748643314628,0.8023362962690831,0.8657781367583633,0.46228203124967776,0.5187093309535309,0.906837041505975,1
0.02029676281717791,0.24405884426879026,0.6924851518771571,0.019258849501927133,0.054548784864246865,0.27635050702948827,0.12955725871181376,0.8699519672850647,0.46654029820456094,0.2923341519537936,1
0.6065498185584739,0.22937303504816686,0.5738682250938348,0.27106666599321405,0.5130817768064988,0.4459874462240584,0.7702658361884086,0.19391399613838195,0.2997715345218575,0.4173650733415899,2
0.6382792056227585,0.8080907735486993,0.15645731620069098,0.14465284575401216,0.8406696377484828,0.2620072067104088,0.027204134038398886,0.34678440991641984,0.18716920863051323,0.353501316388896,2
0.3868694765335746,1.0850219566555774,0.01550729681209368,0.6357269208152369,0.7084215831322774,0.786166076951608,0.9213679571755335,0.14362016155916352,0.8555592145238915,0.74945552368517,2
0.6647685090095438,0.7319459268273635,0.8736990347621504,0.4833530504732749,0.6471216100708338,0.7474497379458789,0.8411228878991827,-0.0020289754862066883,0.113748200886402,0.38048063077573196,3
0.8789474042784486,0.5462897492301881,0.2038486298214191,0.753622560249106,0.34635580871841815,0.6628888981317875,0.3301472319834047,0.7496663989824823,0.7445278552253769,0.2948931636076524,2
0.8280281318209013,0.2313682063877327,0.5729770569933474,0.5012524954054034,0.34056937256927705,0.1825861750493229,0.08505294701019998,0.3781374296784624,0.3363967737446492,0.5980736918977729,2
0.01808876167672918,0.038881445019352666,0.3111457043570659,0.6623581341992398,0.551553009749898,0.556099437005227,0.6810281715483908,0.342047365934995,0.8457378128705612,0.7836702034106842,0
0.9426239926261707,0.10768019001872003,0.3308534484554441,0.7352386380397831,0.24391074237457253,0.3753666604835499,0.07105367344854145,0.36375767069425596,0.5935910682478092,0.5636108111783411,2
0.10649204867677375,0.1006922340371156,0.3047790859780876,0.7093954370291014,0.526649676531289,0.5887042513329178,0.6297150335700608,0.39544234807330714,0.9189757079624629,0.7952148676383083,0
0.11790618963141139,0.11325061527904451,0.34903741362185176,0.6897598626519772,0.5255973827805678,0.6193786804879806,0.572658532533412,0.36299606112266697,0.9445153390712545,0.8099875610565519,0
0.24333075472146684,0.036612829361682066,-0.2649204931990555,-0.1945900235871098,0.5504653994363382,0.4542863453775082,0.14371299415081623,0.5182842713564508,0.09392758546398339,0.11551753306673006,2
0.5334153783239364,0.8366497902245946,0.21079202514347017,0.06163626120798524,0.7649350331830055,0.049316826406522865,0.3021894752875501,0.39909650544056846,0.639619584581159,0.003855208224581675,2
0.8293696529443714,0.9729172924011702,0.36473521812409215,0.1756166075417504,0.6960201922942382,0.2766513218379852,0.26431000523051007,0.20757963035795082,-0.06887254019726452,0.4066165562623208,2
0.5428120031869601,0.2399854863540245,0.3004850263109533,0.24804407266266168,0.5838831006679973,0.09199253946265698,0.5636035990553173,0.8217854951501339,0.5577748714568813,0.6010395301230741,1
0.2189726413272954,0.3299500175396962,0.3219637058844975,0.5860244383815802,-0.03775087481610784,0.18470233646844983,0.576989549875784,-0.1161425195179765,1.1455091297989526,0.1348739823466281,2
0.9122403797402793,0.5468771920403476,0.259517767092373,0.7444256616959382,0.8059720897056477,0.7074647349875408,0.7136227495491163,0.1269024927849338,0.7483530053484989,0.91985184338567,3
0.32779035785911703,0.9140121372264702,0.39041932859616885,-0.1515685401869636,-0.22076975490865758,1.01946895893972,0.3178747700900672,0.43281194358527,1.2957615590843479,0.8846635880956873,3
0.3626395084482835,0.7341718146419459,0.885547473625739,0.641590564302293,0.6940463713092916,0.8895768410049633,0.08643021228552224,0.34377772390015965,-0.5060369771934875,0.6464123003790964,2
0.47036562914581864,-0.11564261596045128,0.45759355394122636,0.9800658843825003,0.7524985475184959,0.8095523577523651,0.8710954891782161,1.1851861834903585,0.07134548516490474,0.843429069271198,1
0.9055067282238415,0.5489282765098549,0.6605684957839839,0.22186007381617126,0.09688823669130374,0.7279899251107016,0.9931522243362821,0.6545846753278135,0.44962122188979464,0.8014019116881332,1
0.8939025684754833,0.31934362651479276,0.6314598734142354,0.7145926824482817,0.7598011069987833,0.4686170829337677,-0.11220090103255231,-0.3410401462070598,0.48963386663322556,0.8369751769160597,2
0.9950837283850223,0.5458785689172679,0.7499611156244401,0.027577642847622888,0.6954215506534382,0.577113082279919,0.3237781216167799,0.203940810799107,0.7972890006441782,0.8695409583244141,3
0.0349755714840969,0.23522205715598088,0.7003333777703208,0.010891784625358381,0.04928442121768353,0.28003935129455,0.11899656809109113,0.8743898389241159,0.47878060703353525,0.29982277263549284,1
0.9342645461159319,0.5712703031578756,0.7621942031101372,0.0815816649993212,0.5518885039244018,0.6335743995116797,0.3694844892104492,0.2006027900608672,0.8145651374595085,0.9742482443508468,3
0.6219896516138926,0.7025628853114453,0.7779425010600898,0.448359848761996,0.645399924627239,0.6439122412713525,0.8519024098114305,0.0901573326507748,0.20582711333581152,0.3396347991061405,3
0.1792873200497302,0.8503798789507595,0.4969716476721404,0.4479828030171478,0.6305830027032837,0.7294214979428799,1.0713667678441352,0.6924509744550501,0.3540358835040227,0.8848548655479418,1
0.49753417346336776,0.4502794028876273,0.9726124077671313,0.7882095593418661,0.4139187079981859,0.8176335266362824,0.459792052639491,0.3143516834848854,0.6203219691849079,0.19060802875153296,1
0.6081353652667503,0.7435606964809021,0.7946245342871285,0.4203429131582513,0.6025386977374244,0.6668057734640376,0.912245030444109,0.09760154725929548,0.14702941847345075,0.34815910513570886,3
0.6752163999657274,0.7662072757414121,0.11605343415527043,-0.016951777373762827,0.9185631991362845,0.050289776587279865,0.3714067172327795,0.26596727923772234,0.6148317755492626,0.14703796932599777,2
0.6669841663712718,0.16376544506806137,0.2649863829438746,0.492753588119644,0.43413719026023634,0.03144851611345778,0.37377454451795966,0.7374612013187328,0.543329034665404,0.5176166442308323,1
0.9210693790142306,0.37253362863996375,0.669769850754584,0.4497490809052099,0.46365362722604697,0.06685779268720116,0.039564577160863805,0.35045742992572143,0.27776569230675024,0.6815148048345068,2
0.16734146674440648,0.8644598903509939,0.7298981092281198,0.9486446664608554,0.33413020410768796,0.6773294201678661,0.2841548598597101,0.4450419380828155,0.06665240600524308,0.2986183075995431,0
0.2785619376659773,0.5201306910514216,0.015798298984205053,0.13885603808045965,0.14693361964167823,0.28064777562545024,0.4667112675659334,0.39774257305488,0.8216164194977359,0.779634389860812,2
0.053532072366369164,0.24847370345282394,0.6817474701070655,0.03726057096410322,0.022216160928243283,0.27037387632162696,0.11047191288934866,0.8742964755646975,0.48351779654082466,0.3141262134058016,1
0.22935929657665133,0.5271164767848306,0.5431823452339182,0.6812704156146488,0.6012580618879522,0.18739816824760047,-0.019851045565365655,0.4167541166243286,0.22622783287310366,-0.09980121825366389,0
0.10973421768494293,0.32014839752729574,0.26580182966827637,0.6991608281838991,0.3591099842176244,0.6744103558112878,0.8905443077177407,0.4489638562969175,0.6152258388755983,0.5350562492256286,1
0.08967218646873423,0.11205838761868685,0.7947811558814981,0.3451747571317035,0.018049078145902522,0.26334208650955626,0.5959135885830313,0.36658903582517915,0.3142108280303476,0.4135644448650902,1
0.054608615255672115,0.8892703840568654,0.3957468461240655,0.5548229364465814,0.5322440079778237,0.6807534740835066,1.0117363341346233,0.5352911020450495,0.41878497975279444,0.8369913600992976,1
0.9199295108359102,0.24087400174113294,0.4355492249176003,0.2540878730293067,0.023369588795597303,0.11193455918259163,0.5661221748304592,0.702047564412765,-0.05007886280569934,0.6171098066601369,1
0.8672973183008683,0.545079013254458,0.3048807424868323,0.737625055034876,0.7909628768373542,0.7433344717344135,0.6754859759444009,0.09524261780084094,0.7624037026943681,0.9355758248983986,3
0.09046277192701441,0.8595746084457764,0.4119813316011826,0.4618024526301395,0.5165066834574945,0.6973005373410733,0.9779133955146783,0.5819650735510122,0.4715748663942674,0.9433113787328803,1
0.035347963236138,0.11412485540905631,0.7891941639755222,0.3083728859917949,0.08349971344325227,0.2726729586947334,0.6557869602722532,0.3852240920728276,0.29129555081720665,0.42538479719503164,1
0.9863453176608464,0.270390703939355,0.44259156173278036,0.06932201201738708,0.10848137527552891,0.1811609741357805,0.4370185630934913,0.8173812947618403,-0.04829767813668237,0.5397321176379837,1
0.5873686842272845,0.5413040722632273,0.06736567282003213,0.9364065509286319,0.6519831061417823,0.6882390335805088,0.696682887067841,0.20250217170869741,0.7802506033670614,0.5928773354085128,1
0.6356971975609986,0.7194250221320044,0.26193022986334275,0.4502898677178885,0.720989931128533,0.08419307547189984,0.08240715048881628,0.2593530134509725,0.4690013454948638,0.8685773720440952,1
0.9411815482179706,0.23109767069357345,0.3721786279879152,0.04209221661812307,0.18559478124490508,0.1919094494743045,0.45009815485117377,0.8057465749105676,0.05893503936605808,0.6124402488224892,1
0.3315308567428331,-0.0678240855716317,0.19715000788483275,0.18287733643560253,0.7510955169952747,0.10288773543533761,0.37306238470678216,0.2993694702817098,0.0630920556223741,-0.00636276644877834,2
0.02784065392078565,0.04290193389540553,0.22820673756185103,-0.10779298367968462,0.8433259531684537,0.567710671404473,-0.2668697591365125,0.2914440581106648,0.8345378150065866,0.7126133142631319,2
0.12124764946666167,0.8632224880027052,1.095154432812753,0.4560270891934899,0.037481278509563704,0.6632069844161241,-0.1477519873690698,0.6146244500098528,0.941488157011759,-0.2166126367572982,0
0.013772941522676801,0.7861697142793216,0.4750834226917454,0.43393886441215057,0.5139705154094936,0.6577247854909768,0.9661822602244226,0.566287633378016,0.4798172051559101,0.9695435295992626,1
0.4996485095180704,0.8241586755518275,0.09667282309902359,0.16275747485962044,0.7096775673434957,0.1295555988451927,0.23245266317128452,0.3590677723707756,0.5522076216157186,0.08889980570744493,2
0.8953446648266938,0.21316099436140637,0.5598241456390318,-0.357501942201763,0.7639087372009197,0.649057974623423,0.8063972151833279,0.5399866742443716,1.0588261545766655,0.5981383460583154,1
0.5304577749381241,-0.07761254459737446,0.18652215977168443,0.8530328451940544,0.6194194391476909,0.6526725595657054,0.9805651684503638,1.0010430818357494,0.28889612646677665,0.9499251573592481,1
0.057329202200925654,0.17438700336842422,0.33132052823544855,0.7182792426761261,0.47013012174872887,0.8377858424144438,0.8540545298707402,0.3592722557578749,0.675476482558169,0.48398493886645516,1
0.8246877165289023,0.16570760018669445,0.7076319077173009,1.011306840768686,0.5234423904940725,0.46581033335342986,0.6539487723015046,0.3704836303218665,0.11584032421721692,0.6719939215199185,2
0.43695358907481247,0.08527557418654497,0.5086930758157449,0.024619415827158986,0.8223942409887197,-0.20512047048973145,0.6783356524326101,1.0319804787078468,0.5798651317518249,0.7852914862668762,1
0.084938466883489,0.8484174404152612,0.4041143303487127,0.4665372078809691,0.5217495411600562,0.720752969411366,0.9481943915762702,0.5676937779143271,0.4704015377459355,0.9285122307152843,1
0.6135793675111894,0.2856770583678977,0.681660334765164,0.390626283612106,0.8077115078902297,0.5500978063916487,0.5611658612737154,0.25766811519621396,0.10611804487885276,0.2525142332282001,2
0.6816536212641503,0.7999959785640313,0.2639016520345648,0.24420334394139473,0.7453556781639318,0.3988449243520948,0.12796826228329686,0.4201052026510798,0.03328966933455377,0.2789277681994866,2
0.6529705194694349,0.5861200419902646,0.8563207069127068,0.7139055296632025,0.47127262282994425,-0.06342029072605865,0.1542495723718812,0.4572231522556193,0.3187940066988946,0.282780053318124,2
1.2056122213346478,1.05799558157789,1.2449630616400666,0.9216637361315126,0.9964188117082693,-0.6898363897971331,-0.5989993289911164,1.1318082974653394,-0.09572434083939502,0.4829007177488499,2
1.1727860562895107,0.4666084062129914,0.36422759182719733,0.16889061700430208,0.03914810492634217,0.6606736250355904,1.0869652880772682,0.8417738382210899,0.621438595665706,0.5890152691161988,1
0.047532870044425524,0.27722231598540287,0.37975569601201037,0.691568308250738,0.4564165959016074,0.854942730553071,0.948114353933257,0.26898712452650075,0.5923379288196067,0.43878868978732616,1
0.3772174573515316,0.530508485655384,0.7355157032687656,1.032078343710718,0.07783756713707157,0.7996892667123309,0.3157993571088662,-0.004081691910322094,0.7812531748663532,0.5774520383364693,1
0.8670831036952502,0.6587989152266647,0.5723613943973592,0.2931284791609058,-0.20673969434409883,0.9974850797742274,0.020834761814238267,0.3250847054326813,0.18785923235856156,-0.2386720308684352,0
1.0388726156413435,0.22718460605491914,0.1915129936556325,0.7872599974069823,0.5139366646563885,0.20518967503942978,0.027777982705376594,0.8333181277282888,0.28025179845391296,0.38310246690557914,0
0.5072629996696004,0.2919452803316558,0.12206634474010525,0.38713063619087745,0.22338491381569014,0.2074581788895878,0.37225165955358336,0.15969883790102393,0.8779848977000227,0.9406513374787588,2
1.0529948198207184,0.10929387633848045,0.5104066189217036,0.22597247838146922,0.16558243103940173,0.1415618162640449,0.5407687146443904,0.9014714431813124,-0.07444331937147658,0.6351917442270377,1
0.3473876455433623,0.5339577710688479,0.6797797420805032,0.5719900086238419,0.09915622368964495,0.6258809347854483,0.008554404642047958,0.6864010249619857,0.6676717053042625,0.04845180200361751,0
0.9419922557699026,0.22559762333738972,0.2643852511173406,0.028034380030010478,-0.07209364082330334,-0.14482330893290954,0.6898441870289875,0.6046849339482787,0.04273704989060961,0.5542565294233209,1
-0.09251427630133635,-0.3087178163469703,0.13179899695092606,0.31467004530004045,1.247154286481282,0.7433022381969978,-0.08892675301626685,1.023218611917597,-0.14892933010153808,0.4703720364429156,2
0.0749430878303052,0.18011067529985622,0.3326070719281796,0.7269722064897821,0.4604016608696721,0.8360864808560894,0.8651827634061644,0.3533852201168342,0.6664897752396061,0.48469642732778523,1
-0.015433972039176028,-0.0044416953520948765,0.345339898902011,0.8341286163737078,0.7008046859963215,0.7514402795394682,0.998456833536074,0.5845940890186304,0.4914302778050881,0.6314361155732569,1
0.24186744526198112,0.6319916788160537,-0.038791545133703205,0.020047564692088595,0.05776644029000051,0.8007806740770737,0.7663176421281105,0.2720578564761582,0.9693748707087445,0.8792106838882359,3
0.10821876221785598,0.21292850985569461,0.30794433198835497,0.6756391393638677,0.5213313954290071,0.845396810764899,0.7993346767167749,0.29817506124900106,0.7226617749225758,0.5062304584156245,1
0.5179686814857182,0.8171777265970357,0.4948773063625097,0.47885538073397094,0.05737422145796896,1.0906719937142477,0.08912329157401941,0.27223173234270837,0.04978664829473488,0.5975181503461604,3
0.03249891631270049,-0.1976744794291811,0.2903892796989549,-0.06050603751667716,0.6155980341048675,0.21721214865494015,0.3313742116721963,0.6913735238047897,0.2238993716877804,0.23467276261170628,2
1.064624264945131,0.13360270961528398,0.39444296389199407,0.5137641792034255,0.7053210281839888,0.45428812132662744,0.5780809498749754,0.016479293965382447,0.1924343948208554,0.8869993819635009,2
0.18248103301882473,0.8599413306478092,0.2942734960138083,0.005961461372318474,0.4238724304855692,0.4477126404819008,0.6451987738943549,0.01831749089771667,0.6275033240081253,0.7829497589920534,3
0.4318118811584,-0.036045507185302236,0.195436131520968,0.8592251799872044,0.5235976216983658,0.6184195210001514,0.9023325365977798,1.064608377461464,0.4126305342323358,0.9239804686223059,1
0.5959501347023086,0.9046658869281214,0.019433664856879366,0.05353181437421381,0.4009335729100376,0.3106463242267117,0.14742623945649486,0.4962264218667049,0.1271260525543001,0.9094447836400683,1
1.2615952111447775,0.7562989778308988,0.01453103170371467,0.46390974648016753,0.06048298278603392,0.7336601398076578,0.5967174664747736,0.26310403607362587,0.9809646270081493,0.5656374534906861,2
0.03306072024061425,0.23207707722579313,0.7008131402525595,0.017959588311434856,0.04159157730648725,0.276829450225039,0.1329582161229164,0.8653564838743883,0.4622510455298683,0.29933168906669333,1
-0.16762823910618357,0.7705948912454094,0.2469308864578383,0.20361752066312327,0.7863669387626058,0.3845380138078242,1.1633224296211688,0.6602539031448614,0.4141624432594357,0.9293579121382343,1
0.6928712671674242,0.46775653437314935,0.08081311824464388,0.33377622115739775,0.7314691887048873,0.25690749759797227,0.4928754441369855,0.5807072180902888,0.6369758980108058,0.846100635789271,1
0.409138178101331,-0.04820234818557767,0.5147537813014083,0.6724047140693704,-0.14496056680481226,-0.19414137539024653,0.9272211480910548,1.5576648724329365,-0.42655942130658153,0.6577846510290302,1
0.22671539294302376,0.3044372736316381,0.3234546485475629,0.7995640489318414,0.2815223212849626,0.36111901444909317,0.587691894694173,0.017909313109472386,0.9804508593514846,0.1695586779943753,2
0.17858674385627332,0.1498398185687152,0.5137230204727727,0.6387477893590485,0.5117097149029615,0.7292372007470305,1.0377639037043462,0.1880495127981729,0.718179355585584,0.5327778203287288,1
0.6991600814718489,0.6072659144845965,0.6705999776707845,0.04392964774280597,0.6762855594001081,-0.207013378429487,1.0105233852621798,0.6844321650646812,0.9760272551937157,0.8709292704785834,1
0.49461308075415317,0.8819526871130631,0.0575169949752716,-0.002462419438948607,0.8381785914220947,-0.0028465069246182417,0.1281215926723744,0.32825117802740816,0.47107783808248616,-0.060987057693930674,2
0.536286439093397,0.7335585562675337,0.727600279305385,0.7452309770588339,0.18379768004591776,0.49838937692333185,0.1782824819878292,0.5152666867692037,0.4694700932185732,0.29347355569163647,0
0.9393781297452233,0.6275116744241331,0.6092277102469131,0.20248689871320968,0.14698889896831824,0.7171397430199122,-0.10922433183482871,0.13603507167169362,0.06472301920607322,0.15757319719421337,3
0.3679990501454493,0.8531360553975397,1.035279467987436,0.5794557036955583,0.039305100124422336,0.30173326918208515,0.1691209529064056,0.7494929546501227,0.0690927883731113,0.2635506718128773,2
0.3000472066095105,-0.08691936470107632,0.24539172386271815,-0.15134343789172375,0.7916594982771009,0.01173902999717752,0.2959255950813606,0.6245144063641455,0.2821135392844896,0.23506422528171372,2
0.29001264929205894,0.14742454340727257,0.48142288530439076,0.8801836121078445,0.41136642219037384,0.7884095891395231,0.39662906746683263,0.7682259303945013,0.2321213090490643,0.9266654881869704,0
0.2798847052089499,0.6535455469445437,-0.002007918036694778,0.01865278055780142,0.08884516777050917,0.773227834394518,0.735060151651307,0.2569456785819129,0.9969856443474607,0.882146284827299,3
0.8158793457893168,0.4425033298349092,0.9247439301257152,0.6886637134212192,0.5496242610810965,0.5567574810725335,0.08414132248742888,0.7678124363339343,0.8606571964066555,0.33062490285276663,3
0.5552539810514826,0.2339444031129996,0.5296390730220002,0.6234098462233099,0.26570170807350135,0.32220261995703203,0.786965763345226,0.5229041850927584,-0.20400625348183937,0.3355911880885134,2
0.0047373385661006115,0.15729746278080692,0.7928577724969367,0.2949133233773004,0.09540234341689759,0.2967743227264768,0.6628042602857647,0.3936728842454814,0.32955670129640563,0.46440329981049067,1
0.881959104826116,0.9993073136103277,0.3537942940895188,0.665639672616405,-0.45033404526074416,0.40242058786005375,0.43441192381421223,-0.1962737431168835,1.3406228887938707,-0.3738570270422171,2
0.49960162281695547,0.8405276324903624,0.3475648991638952,0.5256101457898981,0.7656786231987107,0.13797231304916266,0.04258927003247782,0.20572984819986675,0.4929567776848104,0.8892513329909221,1
0.5032504869619627,0.7202608506503615,0.8481809095211246,0.46581802816843043,0.14470780494228483,0.48472002998820074,0.10076925460896277,0.7911935913525869,0.5691714018644329,0.08238548366041194,0
0.5860049266263403,0.6565477977920359,0.7513443330533046,0.3630629026626424,0.5851460351912973,0.6891805338811635,0.9045734469818617,0.06676387538686653,0.1270361936754355,0.3008111247403472,3
0.24342772191464312,-0.06116523760932509,-0.049640245751782386,0.03205745901876962,0.7900379687207368,0.30790511295899825,0.5753153617350246,0.46939216463308225,0.19967744990261585,0.20351497414162223,2
0.5705660634436454,0.3432628591382343,0.8366250639847845,0.6534587527750529,0.5477779556065636,0.764755369657884,0.48071716708555257,0.3105116751915982,0.6596544487571063,0.1851039173883578,1
0.8505170449165935,0.5668982736432628,0.28649032396628754,0.7543261208380603,0.7844941946309302,0.7411531303482413,0.658938186729191,0.09474379066277906,0.7655850893946525,0.9507733963626879,3
0.6007263496501186,0.7850854439795472,0.2948252800272884,0.24984840469725061,0.6989778950436368,0.3498048191982104,0.07561262196243433,0.5004784217988788,0.06417001013497967,0.3233992995808595,2
-0.010253173785199986,0.1650998343600682,0.7381352223996123,0.2957984140750936,0.025569318801672278,0.2134839947950563,0.6092653525556397,0.4026105702930662,0.2997001934746085,0.453026612790109,1
0.8273327590936848,0.8500305150091773,0.49718637549727296,-0.09387553224777989,0.506073060300656,0.27227648803075233,0.7588469993533212,0.6895769756993104,0.10804918722903649,0.016655913801097932,2
0.017353879414157003,0.31796352296903546,0.11142838599867175,0.7532077010536747,0.09327313179743915,0.0102349494537185,0.5443450426092269,-0.19383026998651387,1.3413000777985338,0.5451479127734515,2
0.694827323553621,0.7767546587285212,0.2572079462250018,0.26418483269139714,0.7578612814214494,0.4022231578492358,0.12538695240555575,0.4314652716478266,0.06728443773105472,0.2691226051118383,2
0.15459205583515248,0.917304452005445,-0.0030747652845835582,0.4202556420176986,-0.18814426515338223,0.7720460553921866,0.399398375026523,-0.23956554170840966,1.0164035653960388,-0.25231312639742803,2
0.7154779225819576,0.3883763830737,0.7335071478259212,0.2510595197293596,0.7034166045312411,0.6109356335148045,0.5307757986771184,0.3289775514325197,0.0502668230732511,0.19856804687149407,2
0.9010863069367275,0.6365628353377786,0.1450451206582288,0.7689877223632954,0.3086846207730435,0.7168539451015316,0.866152035698144,0.32697286280233295,1.0445181634805591,0.26954992322214866,2
0.4008776006302516,0.1724689776768902,0.21389889660647093,1.0381806397751527,0.5015515891491368,0.6705911540625682,0.6750112690057952,0.9617158219326957,0.4315962312161055,0.6630378071905267,1
0.8790136991024872,0.7854107834838151,0.3220162392946991,0.7686323764760069,0.253530694561131,0.8837748950920455,0.5302666770572475,0.42296546826569986,-0.2135520895665341,1.1870021193436757,0
0.7540441088868255,0.786961457166278,0.7956801014658332,1.3147488972439436,0.3855457382970621,1.2217946514812805,1.0495629589374726,0.6278188223518142,1.3025301649570111,0.38609414275461573,2
0.620472049432252,0.3171530308720594,0.6829486606089923,0.3350577830293638,0.3863177324902368,0.3502592389907132,0.2026356547802915,0.386677255725929,0.5137228624659529,0.3805897514438654,2
0.6849869613235632,1.0738245539047462,0.5838873424720413,0.23457825349940187,1.147118442162315,0.21289748374230075,0.30981709968790755,0.8534943871550248,0.5223834248550946,0.26365635835087786,2
0.3844357174128973,0.1652783473647909,-0.2405965890977957,0.9510311160452143,0.5804519273296147,1.0245000852653412,0.8746596113185859,1.0337185536779447,0.04378623661100062,0.5476554727255778,1
0.2276115982210428,0.5522041675684616,0.9186316350352421,0.652132358882989,0.4323832845821046,0.5925605459069314,0.2629326676762411,0.6378114067839586,0.9154982878115838,0.55867447580458,1
0.9369874562394855,0.5438203425330804,0.2834067633872047,0.8926364495406616,0.3176951321700603,0.7498452761224805,0.8259336314089485,0.48451545195897644,0.9922838240236509,0.3083076265579686,2
0.5151466517878458,0.8099557997395459,0.3411660271841026,0.5317377318283477,0.77072529707063,0.1499739844366946,0.04935425743838043,0.23186496173524668,0.5153866781186801,0.932948558712696,1
0.6131912371737829,0.8817544594464642,0.1492764672781388,0.08784613329752183,0.7969184128955012,0.04046234892130423,0.24963454083128636,0.3809540968279676,0.565083726177174,0.006201841070155135,2
0.5607746094056697,0.37568331179273623,0.8700539676813899,0.7403920550648778,0.44507640988545316,0.7870804817824153,0.48344227259860706,0.4136344950688134,0.6413280129140825,0.3462740729051857,1
-0.19588984931237147,0.15247125145246676,0.6605047843276955,0.8122961292353869,0.8773300253049175,0.7757260063354298,0.37182520035502253,0.6092891251034326,0.5984262951123911,0.7921661493907048,0
0.1539151033388333,0.20906708046209146,0.2985410971555781,0.5715030000159339,0.44333747906541027,0.5415802897253427,0.5422606878042997,0.4551459843918908,0.9506159739077062,0.7760405743008225,0
0.5732984737651488,0.8766270904891252,-0.021618946864505866,0.0893150632784078,0.4175635104420685,0.34564764817875215,0.1609612791075777,0.4595333554088502,0.1525075482107134,0.9060272700670895,1
0.7388266396533545,0.835587911884604,0.34918391556926104,0.6550629130484935,0.05368580552668384,0.8717233324032163,0.29023961872610166,0.37202538803865387,0.01575993098454259,0.5586671713486973,3
0.6338843088356882,0.5206938423362921,0.2942837061908646,0.5414522960804506,0.8849867455140121,0.2704215448899435,0.4496927077312174,0.22478086831912536,0.4138512315967838,0.2607801444715501,2
0.5630330091352824,-0.17161692533074813,0.3653889834481153,0.5467088289926967,0.16548764689347123,0.3828161912099431,0.2753842312240325,0.4171535485187089,-0.1371452932153691,0.36577352561755705,2
0.03564955152278088,0.7891252429742728,0.27946959566628105,0.5251133478866541,0.9165104691147635,0.5763273436658407,0.9201453695783582,0.645345340915155,0.6344199787787617,0.07326618863890857,3
0.44887102903314857,0.3823027603585098,0.21347076333502457,0.5978482625326916,0.2858444300159351,0.278948487566864,0.4072175375080309,0.09337119957836318,0.8316009374959339,0.17116164937372957,2
0.6858400827503297,0.9175145961136488,0.03843977916309046,-0.014480938420653039,0.4180744470006197,0.2614765570692186,0.18934975934559084,0.5556464579606082,0.09586559261258965,0.9158725607593273,1
0.00938237930876528,-0.07859997532945345,0.2308153765032216,0.9013577755472992,0.28079913422802455,0.8152890920173725,0.6813765335264581,0.279672785439836,0.599031792354681,0.3320058345229128,1
0.7321237768950779,0.7604565561057534,-0.10735364990898605,0.8979112689797293,-0.12723270133020181,0.1662963397184847,0.9013261138666222,-0.19303442515298552,0.5742298962891464,0.22392560466855777,2
0.3715049761863362,0.4286425937314755,0.15025948958276153,0.8278964769855536,0.27862656072559455,0.574674780993164,0.3784156952921932,0.2404951522845864,1.043581947620991,0.30041990109664063,2
0.45800282566135436,0.3760813887538197,0.7166633477082807,0.8173070992880926,0.8869917593598798,0.34518113202965106,0.9007752465542225,0.7530077623078378,0.5953367920520521,0.4979236589835878,0
0.4848683886116778,-0.09688877570848786,0.46068111695929304,0.2588307809344665,1.025913465926194,-0.5197031116368221,0.8740097245782024,0.11800394378547752,0.8389633083372965,1.2031840045076554,1
0.012483259091634481,0.8472361671315828,0.32422296676739204,0.5735175283885294,0.8618315615718641,0.5376341992763055,0.9702266708367666,0.6383191266315398,0.6011403027430907,0.05967398056478499,3
1.3543960727445403,0.7617854017548814,0.2628123537913086,0.06553398090166444,-0.2460224296410905,0.5836518076412399,-0.16689954708221888,1.143492512812169,0.06832897306758048,1.0965472138089698,1
0.31306579520972677,0.4271025997114007,-0.0710087242613631,0.5860520464667096,0.2687250681228096,0.36876011255718444,0.5733665070422754,0.11071847989386696,0.9680862113704715,0.9247946431729691,2
1.0036149321017407,0.2100396458806793,0.7061984356561402,0.8979574562171508,0.49181920644424293,0.5221431463688945,0.6523498596474938,0.29743707113141343,-0.027833700475474454,0.6846169056978088,2
0.6358203051215707,0.34329923771200116,0.0017763260593931518,0.3828563483389328,0.5526891770667027,0.08291407668606246,0.6587420086944952,0.9331897396228488,0.4545552288704797,0.7925212091044599,1
0.14410084257641967,0.6246974478928305,0.6007693829260468,-0.16553002115624255,1.1362991266060871,1.0422234205659735,0.34825597978534995,0.8420157049614845,0.6729838429192088,-0.15583440514953686,3
0.8431182236145397,0.682649716882147,0.11612994556748049,0.8168351488803564,0.39809036741123127,0.9399928526732186,0.711970017206343,0.18904787174963802,0.7942402704795993,0.29170379749747744,1
0.12761383933396608,0.7681897779235252,0.6584397819968439,0.7204511398460596,0.30667908776137887,0.022788416856941995,0.2499347741710622,0.473501685311543,-0.2433875570284773,0.7481226770337077,2
0.6676011988745937,0.9645387967519862,0.07521377638164913,0.030156775407970578,0.3937485533503433,0.260091196547275,0.18920074726396602,0.4991512101669734,0.08779528832314618,0.898771968801753,1
0.8261927576016587,0.9496535505011754,0.11423397805854608,0.9046373451715138,0.6673327775009898,1.0306215619480932,0.5623960943324819,0.5764539610839269,0.09393957429190966,0.24715421741985238,1
0.6162934509194229,0.2880872623608034,0.2598017286873826,0.994349202471772,0.10906329866835139,0.4181516706363515,0.5436760280259154,0.7987600325809646,0.60434965857786,0.3732720233891619,2
0.27331187567625786,0.5865427543481285,-0.024284910958316336,0.948286888183322,-0.1890593047047024,0.41639347080096906,0.5303466676454287,0.7183319281130685,0.22213717160944035,1.1255257191810197,0
0.5661075138539614,0.8743905569735905,0.16286210748171687,0.0850033169268028,0.7915648923664121,0.05618654316347527,0.26412085533334,0.3898494360609436,0.5598097644247015,0.011968136639740869,2
0.33986683731871503,0.9227279637562082,0.15444386247685488,0.5568827695251652,0.649811078538611,0.7022128660421264,0.9279903629074502,0.26650475696663267,0.6353488718441628,0.8540893449555966,2
0.04706935754117914,0.1219322111174129,0.7656189789652948,0.30457077978990754,0.07046652223411179,0.27592505834038045,0.6452897447443678,0.40253425544151605,0.31534237044577135,0.4490435797646382,1
0.47675780426203085,0.025773254459611067,0.12399020841842763,0.18542614609949898,0.6993898061320185,-0.22606810824562112,0.6460290787057217,0.7827023921810159,0.360395870784462,0.49620708964375226,1
0.4030369174434807,0.9299771139862419,0.21178148694486842,0.5986201214609853,0.784853106677215,0.059230119127158115,0.1034611197709311,0.2329010009623243,0.4447828967390163,0.9030025913140864,1
0.6602044365981459,0.3181318349352915,0.3358839059787425,0.18762924652042914,0.7176941091526295,-0.111231916755862,0.6659807065878639,0.7290150828645281,0.6283698323632498,0.7129113783662234,1
0.2658742369220427,0.5093869280279212,0.6993311301644272,1.1052341098504077,0.5028118637575203,0.9837372198121778,0.17570915255967798,1.0189919216802563,0.005086622208052838,0.01802954128229961,2
0.28806963202396924,0.5437459486604608,0.3146636171263091,0.4999037229555037,0.45865638415324106,0.21503392928072618,0.3902630330296314,0.5593349071424192,0.2641423510829548,0.9131376585140409,1
0.609760194055028,0.9065078019622316,0.014950543394065978,0.06241961412320901,0.3890386147140417,0.3204879424258162,0.143121695284862,0.4882292302134555,0.13573620015196125,0.918280906142644,1
0.8693603979791616,0.5288964447250385,0.7234505423964599,0.050008027117698244,0.504737461942247,0.6003835259268376,0.3739974417158265,0.18966075438416455,0.75416497225188,1.0310500821394992,3
0.46478108800384044,0.08878040046308754,0.20314187267476594,0.8622984799019324,0.49451234059729215,0.7175218264102725,0.8373200566748005,1.0420230352944155,0.26815244138560534,0.8000479370996647,1
0.6421398065551405,0.9039415930966793,0.16922102900800864,0.08273995152112548,0.7393657125557167,0.1030940057122576,0.3004796555266467,0.3499541698678342,0.6474016033200215,0.03239499660254872,2
0.5821504311657553,0.1800504654168458,0.26054643499294317,0.5534188640165318,0.9459574947107169,-0.2630100274330841,0.48870711768996267,0.7839576782335665,0.4094701775596461,0.6825968847067915,1
0.5441097220930357,0.5994023457921431,0.43865688655165425,0.01538626039967761,0.47848416888193174,-0.09139701277684764,0.36699740694466987,-0.2207353143989758,1.3934270403122309,-0.024581267624356806,2
0.6868823742059423,0.7387375928238105,0.6895509631098514,-0.11539085104625829,0.5277896441997212,0.7131415416417866,1.4123952685399055,0.2669603412198242,0.5438848541903799,0.8720135367253953,1
0.7146570678689308,0.3926022621084222,0.7061854969211562,0.3345667246174144,0.7075780509932169,0.5529846481353058,0.6455702426397856,0.352882776620245,0.11293113797858742,0.22013899859552888,2
0.9206508333429609,0.7079313747113393,0.12282585062377713,0.8123369874418265,0.3985207566145858,0.9158808165031872,0.7079051382217642,0.20992020651834592,0.8544261449858932,0.26640328116552503,1
1.020960014551789,0.32824185180896265,0.9893395805887373,0.6335461183432467,0.73833522454265,0.8355896840154566,0.40445862884748157,0.6081859271423751,0.44122386686358805,0.4339015467272095,2
0.5935116662315975,-0.0462486880100204,0.5605574667658514,0.5426414099544329,0.44834000809793756,0.15142400311475632,0.8321030057741065,0.49015655295984656,0.1119868917976211,0.6750927876670048,2
-0.11688970556961015,0.3890759918620004,0.28111710246212596,0.9739365377043306,0.5390062127161874,0.3729432795495069,0.7097787357666486,0.13625274348304744,1.2007068642402778,0.8085322027143577,0
0.15719564387130092,0.8792631100317401,-0.06820348439069127,0.5752536501087435,0.5650944444861831,0.6069180215288584,1.0316008540463177,0.23602364838950088,0.8588030606906626,0.9362626542671337,2
-0.2715837044603586,1.389224184013203,-0.01900663178160906,0.20288862298563543,0.9166013706818198,0.1273679193122369,0.4751733699115713,-0.09821747439776968,0.7517374614598253,0.6949287773213397,3
0.44230175394877375,0.8811118428241973,0.35420023138969037,0.5887355025669732,0.868145581860996,0.11180785392444831,-0.024138274518691417,0.15666766030631374,0.6435378295880835,0.8257163294288481,1
0.02295197818909915,0.24033370458958359,0.710030797282791,0.010122858260820402,0.040545315941246655,0.282907065012526,0.13532739318165332,0.8736383953395842,0.476130609478258,0.3061302379596128,1
0.8978262974639246,0.5443797192489139,0.9863548258198017,0.6097572866268784,0.9208371094356957,0.24523533049053642,0.42394337173369523,0.6946135502338022,-0.09842927845400237,-0.05093979981049812,2
0.8637646899520608,1.0158903503983487,0.13540148842677321,0.816653477303951,0.8151509618384593,1.0371662197244618,0.6057055669723784,0.6253445476259272,-0.06401768612977135,0.33832832682178304,1
0.0927050670764574,0.1687853757284488,0.7234367894897568,0.4028890549687777,-0.04093957820231797,0.36355044091304034,0.6419383057122401,0.4413343157565057,0.220353067787978,0.3970698650139408,1
0.0022657253725355334,0.06071002599127994,0.7447834648391155,0.34692491677999326,0.06116102259655053,0.2771792882826533,0.6766840774577753,0.364537636490089,0.3536274026056402,0.4098472283849054,1
0.297956621139655,0.6768488702757587,0.9296721871971466,0.06721583584182443,0.6148965550405338,0.3943874330131077,0.41315938921676476,0.8157462257346103,0.26117761291425007,0.9517984649891513,0
0.5622071992373499,0.30471123548108514,0.2648231333025981,0.9669520095090833,0.19928162817300216,0.3827425811427466,0.4592484164436695,0.6369969726755563,0.6759414304088092,0.19526276853713098,2
-0.40668325974953795,0.09732580076054353,0.11276753834303743,1.0933091984043422,0.48477403274596664,0.8374363248079375,0.552198545033006,0.48881514978772905,0.8441850401922086,-0.015292090353066917,0
-0.17931281348430317,0.4612426566000422,0.3090067594806164,1.0260549912258632,0.18601545652600346,0.602327859819606,0.34243252678456215,0.9195471975032625,0.5661503557647671,0.3272138143353178,0
0.32592587808159634,0.44683190371345355,0.9746282755799422,0.6226120316129052,0.34663765987667455,0.7550622919691742,0.18503204567573278,0.6797415822075996,0.9517861650038322,0.40271078352195405,1
1.1123271065200828,0.8533256710998296,0.584952816887071,0.1768484669180161,0.43971862982168786,1.0100433053158857,0.5700230941807629,1.1186602621345152,0.2658289751496351,0.5775713904391541,1
0.6851834543049115,0.807690072627785,0.16058048520410145,0.8903998423379929,0.5811639921555996,1.0407028373346559,0.6086197020426963,0.669518010394384,0.16333035485494013,0.39363896194941367,1
0.7617994014467495,0.8680622947862661,0.24049959078928865,0.2741206274083236,0.6995562253979045,0.44087306556851996,0.010772623365307585,0.2864050816742575,0.15795675939718978,0.4320629782552004,2
0.3631464091321929,0.9671682292889514,0.5091410891097137,0.6895506756297067,0.8358478221111559,0.2262044265967978,0.0731372159423835,0.251415377464754,0.5485169092346185,0.9103292854085833,1
0.947066981245546,0.5871580420425148,0.7777132205569957,0.05920113969976359,0.5556035496990587,0.6356636836754009,0.39064002987572705,0.1889204423111918,0.8080720565693634,0.958892369777434,3
0.1499730355289593,0.301963629308726,0.7220666436945551,0.6083700068412956,0.4930858246279513,0.9585309610155925,0.6976476775176623,0.26911596326694176,0.707292593055587,0.7542337613658798,0
0.24466908232858336,0.6833898041875596,0.9932302719507577,0.06895591298830155,0.6694419784468272,0.38825306620520533,0.5186171662398436,0.8938386150884436,0.3149223826728041,1.0281442510226737,0
0.2994903010854247,0.43123058901474975,0.925021103496203,0.5946533551609058,0.4148686036684073,0.7418375282026431,0.2037593886962888,0.6878260857024243,0.8804056790099974,0.49335243571600385,1
0.23849824990221558,0.8010802609684413,-0.034001731260072596,0.47526067316227383,0.7551314844125935,0.6214427926341151,1.0363816420955116,0.20006000047201486,0.7771909557880687,0.7274762309029201,2
0.3503364171184226,0.8831788128708009,0.9604339079320752,0.5788404409224819,0.035518039166801005,0.2707370302165896,0.22517988067853692,0.8058566633115058,0.08431801350518915,0.2723149553676682,2
0.9359178229101265,0.5583791672956278,0.7404410178268394,0.0631612956759927,0.5319100953089299,0.6379460729302143,0.38748554694331355,0.18506758110408922,0.8287124463065838,0.9940358086486207,3
0.13869240496562588,0.5522423066986168,0.49891815345840174,0.06531004404721441,0.9537404229151005,0.7367753778996299,0.5009538448207272,0.5520871353744863,0.40277688624834873,0.05643346342510516,3
0.718064080655355,0.389194741787686,0.7044414298807965,0.335213382689526,0.7041485664181888,0.5486089298074327,0.647761686866969,0.35195869485861553,0.10788190773633667,0.21882328265592432,2
0.9123505893007197,0.16871996833392905,0.29059970354049347,0.2652841153989228,0.17941777752531043,-0.0325615074419906,0.0230670689842168,0.3089347520727815,0.55672445471112,0.7752509958419757,2
0.5911487129236528,0.01746858919873233,0.01957533185856139,0.9642315463192965,0.5102422734818919,0.7793555643294048,0.9414603184064085,1.1118688700505366,0.36107380834236147,0.9451314261343443,1
1.145692716964725,-0.08191940340226547,0.5897971585644505,0.8335709264347981,0.34453896829261166,0.5772748463510761,0.7465208823594203,0.5028264162575188,0.24148670347147466,0.5792521907770135,2
0.5958583618731643,0.9314119706630739,0.02790767830649788,0.06723279745949101,0.40454186074283077,0.3201415129835846,0.16870706653202966,0.4602565644601566,0.1403362320560845,0.9354741837908116,1
0.9357029919514869,0.2392126319054875,1.01700823303345,0.3717226900933125,0.8629406771221626,0.2857443958177544,0.5232983629773732,0.672436144523497,0.37639135323243234,0.36704310331959095,2
0.6937027502621476,0.7482463719060213,0.27849892489506306,0.6768999635608393,-0.11722669288492282,0.8438414831168677,0.05689361959469526,0.3793139283932634,0.01644556681563014,0.7220608934410394,3
0.8736296303411988,0.9664234383387678,0.4502695156220028,0.03206199832814027,0.6013353172694708,1.0098845020502405,0.6306005787517436,0.19380425780314256,0.18545954272654225,0.7085327258155012,3
0.7593075476684532,0.24918907607499763,0.48886514529126524,1.0141428905277043,0.45390039331909743,0.5064155375584314,0.7349372740195536,0.3164878758719418,0.2479485286827793,0.5488506631842753,2
0.609578322234989,0.4157352171757366,0.5284101729890331,0.7898272348408114,0.372610231311833,0.2132589489762959,0.19603947029658214,0.8354006621141646,0.929218130416825,0.3323071598093658,2
0.17828497756679595,0.775248496120918,0.675610847380145,0.5894844623650469,0.14767661770870827,0.7973016297813167,0.8401187145172027,0.578981072658266,0.7256123541377697,0.6530790477834445,3
0.7557655528740201,0.38597091307612086,0.7254645947607659,0.32001676633292,0.6827617516325051,0.559597044559589,0.6172490918713442,0.3669086219395087,0.12558077732696704,0.21155633189273812,2
0.03890958192536799,0.22789676254778182,0.7057604730073821,0.016016174768015874,0.04888171434825014,0.27825348243172676,0.12259305422272807,0.8617277502327567,0.4724654684476127,0.29996697888437207,1
0.4450071986046093,0.6578946744469945,0.7483982444455364,0.5318078415119126,0.2154099994200913,0.5635823980926936,0.16964574613781064,0.7526158703927687,0.5463195563357773,0.12656235680313252,0
0.15240475312795365,0.8711511093970784,0.452881155785129,0.4284980607637973,0.5048143725361636,0.75780116410789,0.911898775414548,0.5842060856139979,0.48258125607622543,0.8644934349740238,1
0.7375509251147832,0.5782053814793602,0.884385262513369,-0.1287074795994319,0.08124562478381002,0.19609712292946635,0.9683315885851604,-0.05460300752142011,0.5700715282393611,0.9061256765991863,1
0.6222298485317557,-0.058498073225320635,0.318428930314572,0.10104262719073642,0.08958933313807677,0.47898066735460365,0.4605885397929904,0.2559607802369342,0.49266802629974626,0.94705414351768,2
0.3395459721887585,0.4932582386992141,1.0489135580844353,0.6864249402272995,0.3287685541405766,0.8005839642664969,0.21887039717421788,0.7230752000359031,1.0030824262298108,0.47749202705253324,1
0.20713616710187355,0.802884055098292,0.31955751012378175,0.33491436264174257,0.49677901000864877,0.8662341131880144,0.9817932705231673,0.6152083575117302,0.3928104544401996,1.0290045890022093,1
0.07856287472660779,0.1098867764036795,0.25366033365438884,0.5887077291396792,0.5839765268644243,0.5861665094385781,0.6980013754382949,0.4728233417845323,0.9637135140335232,0.8586703744894342,0
0.014176567436696957,0.46114470544940767,0.48844762203380815,0.03767130609335851,0.8419604324016694,0.6743949216699193,0.5018558317093962,0.5500724144013668,0.4562926091273785,-0.07137231696038185,3
0.3970307730697513,0.34951600430387636,0.34292911066229914,0.6475895148926566,0.15269662854748461,0.3981218906344364,0.47084025416654807,0.10066329433844959,1.0137145396868184,0.21773438001696485,2
0.6554600183293506,0.5579726033498383,0.4956779676908009,0.21061052541615027,0.01917477026647421,0.5389603625299231,1.1738885063327278,0.8652332153951952,0.34185185208828983,0.6862676897778098,1
0.09533200338362852,0.5774185233139606,0.5119736752912588,0.046395422590025354,0.949365236882615,0.7240023246583105,0.5119146043963453,0.552894654962298,0.37384349908192493,0.0862773773441109,3
0.753308889877637,0.4667177380980774,0.7626503888042526,0.11361824159519723,1.080218192917303,0.8911134240341398,0.9543742199025365,0.7382023124674314,0.3821908202687387,0.4393906803874357,2
0.16999232041373252,0.14740243918120888,0.3275611253385232,0.6574874863203564,0.5850564531865731,0.625136828366155,0.59596181560658,0.3549153708917257,0.9814889387807643,0.7759733882411057,0
-0.37164427567276426,0.07530602101595066,-0.5076050748900165,-0.5793798318777761,1.3349617315341704,0.9582726381521047,0.7976630510790484,0.1965959499367309,-0.6095314093022144,0.5651812105928002,2
0.5391487690835651,0.27973466030200034,0.3103253611054846,1.0058349249065104,0.18283468220049662,0.37445652055814754,0.5006318876097485,0.6277824706987436,0.6541503912426069,0.20210012701659982,2
0.7779357943729699,0.07732733967039698,0.12742341652213757,0.2113905993160708,0.7264243502576626,0.08498626440968506,0.729723405976257,0.6143070425767327,0.7198399013430087,0.7061301779951689,1
0.5844754396153812,0.8625236294014502,0.1742763915137487,0.09650394682478122,0.7863468228307392,0.052692757457911056,0.27524254800387016,0.38085777993864484,0.59058944155739,-0.009205243085491477,2
0.661696327069953,0.7105473458529536,0.7266254798475732,0.42854461095465407,0.617674223817073,0.6924916801590851,0.9013140219945092,0.020945423037497725,0.1808429068061706,0.2914753999023779,3
0.5683299627803251,0.029815139272564184,0.19545142035626445,0.3075833758007762,0.7229890778357396,-0.1137177567980279,0.7011436166291667,0.8958911660352904,0.7532319869282545,0.7108495075963301,1
1.3423950270871965,0.38337252053011706,0.4130430977901932,1.0197545320177475,0.21332968730476082,1.0952520257897937,0.7966532050587765,0.7424772673776051,1.1889174232035307,0.5236270731253911,2
0.8423112096543665,0.5259652363225443,0.33902653927917875,0.698583593620294,0.7673954845994007,0.7238313876631776,0.685191831216547,0.13332539324800874,0.7862687175640936,0.9243029274415279,3
0.6161337440903166,0.6532531872437324,0.8247811629257679,0.3789211350280625,0.6942652779660782,0.5930654282712791,0.89864287316145,0.12736391625259466,0.11661198467465217,0.3813305453064177,3
0.5478211978182183,-0.007813638575601696,0.8217861891955893,0.6981805811145569,0.491716147754099,0.2500737239147691,0.8863416222184295,0.38848145094989384,0.07770252988645,0.38257251482954735,2
0.2334791772578284,0.2875967950166061,1.1012504762193582,0.677127830183133,0.3205864354351847,0.7916188261611157,0.14572947131979727,0.7760741139401623,1.0754848731339024,0.48588199476017824,1
0.08844893222300931,0.15088636846449224,0.3943891969002641,0.7839581869699989,0.49550734103663374,0.8593713801528275,0.9238412034463004,0.3350089039317213,0.659498093336439,0.558244386734859,1
0.6045543888863223,0.9022006673616323,0.009248548238106457,0.06529988831656057,0.39168446562699083,0.32662889841454207,0.1388107813626565,0.4829269191127842,0.1387958690325321,0.9234224508734947,1
0.5488195661983085,0.8689556268046406,0.06148668055642313,0.04461233061422884,0.4293208760990466,0.3647971350825294,0.18815149439460935,0.4820128199690041,0.1878524096914277,0.8817081968324697,1
0.11800969969528557,-0.28552048756648574,0.39111841789087387,-0.08515380203560867,0.7611912635878981,0.6020292384827053,0.38582556751053054,0.2199294338198758,0.5296573680337371,0.42408943890284123,2
0.08359715242256965,0.0958445975970581,0.3150851523330122,0.6894964303754963,0.5117032241178612,0.594755593077105,0.6089847052675867,0.3980698204980526,0.9191302738182408,0.8037130543113399,0
0.9266928083789743,0.1671656802170137,0.5848491181930853,0.019393406291527332,-0.04666362851277936,-0.19527826727147637,0.7672834884829549,1.0566851626653757,0.23072421752976394,0.5145920558272068,1
0.18342947905945406,0.32112111684868816,0.3504442632148128,0.739623994869605,0.03185765141000976,0.5742676132697967,0.44255598153492826,0.28323323526303124,0.955585140134427,0.2774941863417297,2
0.9696780848072057,-0.011118231526668187,0.5461274715158589,0.17071780924956595,0.6616838594126577,0.6589447776076328,1.097425361177938,0.23322902479614277,0.47957850904419774,-0.09223491270054629,2
0.14414989064025224,0.42571477508220923,0.03545786368648353,-0.17399840994470325,-0.34464157172496995,0.9298053375814471,0.2331063117986702,0.8600538994320072,1.7644070816612585,0.9664362489638723,3
0.0863802040717257,0.6461022105908312,0.5133865078294705,-0.014878835225103942,0.8664711181920107,0.652999293253735,0.5809406807258956,0.47545456028027755,0.3588761192669413,0.009449732718359583,3
0.4188468751223182,0.613057993585122,0.7002556590985269,0.30464144550581096,0.4190850886059766,1.1474985070626558,0.21715459763239517,0.6208186682576297,0.013642448974568705,0.924733184318068,3
0.6680550833796952,-0.04094430472987923,0.434792057472881,0.6133643032268897,0.41208487018277623,0.08263205106122563,0.8200449529938405,0.7324006689274069,0.16572172003249985,0.5988911539567331,2
0.16756183948647246,0.9308722066998275,0.05028727266320005,0.4867765771456089,0.700694963347493,0.7648146039720892,1.029558683944754,0.3169783889069001,0.7273599292661377,0.779261973220949,2
0.23295498443245635,0.459914276029464,-0.21345794339991367,0.16895099604139258,0.0296749544753711,0.7930692309351931,1.1798429214636166,0.3411370368015978,1.4761403516668363,0.6182551947829472,3
-0.107159860606795,0.32706938747974523,0.4149678082647316,0.947707096360129,0.43487629477679457,0.25975031434889345,0.7694514333976676,0.8019884891715787,0.8039409574207184,0.8859631129831795,0
0.05920188548660449,0.16642117713455892,0.337333580931628,0.7238929421903938,0.4624215547806112,0.8349194426149417,0.8529630136640783,0.35244051714056507,0.6725559017398894,0.4791478692004014,1
0.7126184736670335,0.4068890440390393,0.7032812833687471,0.31340596125587245,0.6810081675235602,0.5465980730530723,0.6248289230269952,0.3782889565289329,0.09801048297379746,0.23984459704358857,2
0.02437738549186146,0.24353926214231303,0.7051415125539598,0.008704061122580004,0.04800381241617824,0.2853090292449558,0.12613464089000767,0.869529164082398,0.45951962813687874,0.29234698112703744,1
0.5628903510021773,0.9381407824804924,-0.018484907247618577,0.08245537762534476,0.38552671060450167,0.3081261076773181,0.1375708724579837,0.4964863672295339,0.12510907262259405,0.9453602707316774,1
0.0954012094844647,0.12105009944687815,0.3191026723408887,0.7228958367539483,0.4974292919061445,0.8864992180683847,0.7954893785546631,0.37500442871510165,0.7137917950536374,0.5247875386140894,1
0.8444343633023194,0.5685718253443482,0.7528663506570589,0.2428919234261269,0.1588026846163693,0.7847788473577054,0.9383304349456328,0.6815905285155963,0.4241704710984725,0.7651195690437378,1
0.551924389144946,0.7778405101365614,0.316255089706642,0.515414783946678,0.7552926192638139,0.13999179801459788,-0.031592061053554756,0.24103154223830842,0.6030007353154467,0.9319896241975407,1
0.8594138420233153,0.679718934268732,0.13048351401082256,0.7739079143993944,0.3869099075444663,0.9770462875626494,0.731207087509388,0.14962221778428347,0.8065747370413069,0.3366193382863994,1
0.11150124983088786,0.49849892517417527,0.3652557188351703,-0.05077843300538329,0.9720622604481379,0.67438655895315,0.4219348060864554,0.5527305813897512,0.479021791616472,0.089582882182766,3
0.23366777911737768,0.645016529893323,0.24714313645362734,0.3710681775569695,0.17010438829358698,-0.4020320667353871,0.6926773421512413,1.0948265019013477,0.3282209664723988,0.3815193269500009,1
0.02273577582468752,0.036848812777190224,0.3234793394876081,0.6676466401909503,0.5096825743262853,0.6088819212502707,0.5703281316029952,0.3551024986629624,0.8610649965583773,0.8563762760276279,0
0.13757525830492773,0.9138865405025445,0.46862896504405505,0.45076451380099,0.5328832286631756,0.755202229523455,0.9335812728022423,0.5833229755704883,0.445022651900518,0.934935743916164,1
0.9664995986746804,0.7596041385976025,0.3168587563136398,0.978915894558302,0.350930781201083,0.5967259592016615,0.325144755278444,0.37421209834151115,0.4099958824618359,0.3615213689821761,3
0.3014682775652939,0.855576122303031,0.9991899287071785,0.6205516181896685,0.02043909029400786,0.2658201029998186,0.24473029300481236,0.782170247005421,0.06402930867902352,0.31484891962588135,2
0.4464350279892837,0.39992155200317714,0.821481699500289,0.636546485652686,0.8818862069350862,0.3343826366697122,0.8831272766830264,0.7933370724380535,0.5276965302777865,0.43490265236999753,0
0.2705667114059484,0.2887679821773462,0.8687649647871292,0.6338573417053294,0.5159042634290849,0.6705038520900154,0.22794553211059265,0.8031720487011388,0.9319448421606703,0.3617097652292084,1
0.38281943554256437,0.7181103740812527,0.4858705503035649,0.3127580511087654,1.0699865416927206,-0.07074430499553136,0.3726162629287788,0.41798308228664166,0.5393150921602491,-0.02894749651834492,2
0.06214651405619118,0.17584884622544456,0.3333162188698403,0.7113346147132693,0.4802699610055102,0.8473159868877747,0.8470551911504007,0.36863599659633645,0.6745326196969127,0.4803755135188835,1
0.6035980344929541,1.0179264952807747,0.010561126539513856,-0.2702206750189242,0.4362316988255854,0.3787074035800707,1.0609213318660895,0.6868301655153699,1.1761848489141284,1.4560916372614585,3
0.4343020361232204,0.7404932215786226,-0.034778091787285914,1.2657448896568764,0.784848242699014,0.49257850459736513,0.36407980923028305,0.6769102401585311,0.27986833319485493,0.7319240798585254,2
0.4505491914011169,0.8064790641839444,-0.10581724624195998,-0.1367968632424982,0.7998764802846993,0.20998602239703762,0.20843028324481694,0.3882185989439045,0.3912888110498828,0.3065636366253416,2
0.5670370339885191,0.33721924288400523,0.42618464111857857,1.013873813322419,0.13344217563041577,0.6203301987188209,0.4835389439076193,0.717264218836136,-0.04964943560186383,0.8481633660208601,2
0.7236644493700501,0.5878821897503437,0.7545919249577553,0.22300100982162543,0.8709283875312556,0.7085776207055945,1.1761759622868162,0.11755409217380935,0.11481640271078568,0.3136776909097092,3
0.8160536694169409,0.005991635769479531,1.040554110530239,0.04453815927282778,0.536886065153732,0.8031487144345824,1.0390663589954836,0.3310847924206131,0.5163796822558835,0.142034778630084,2
0.08784925726819932,0.847137863096546,0.40916869513776327,0.46755515460682207,0.5257834136865759,0.718487449272972,0.947035525002918,0.5667359041644189,0.47273611156290624,0.9293081213514851,1
0.13170266029987607,0.7640826536185796,0.31297930743911745,0.5274042811935722,0.49992758977301655,0.6227313753827131,1.069443726936134,0.6229958993991638,0.4962484018778533,0.95177477383433,1
0.08392166623688092,0.19650857871697752,0.16591771608593534,0.684689249129029,0.5253526239166882,0.6478397355087492,0.5452049937999786,0.3656661651391398,0.7720763652098033,0.6706114879843118,0
0.6789288578033457,0.8019878931652937,0.022146159663141263,0.32225616853524763,0.4964472289892392,0.7063020994097222,0.07143446717919656,0.40707137099065427,0.1060310052845856,0.06482393634453709,2
0.931899072821298,0.5496157631312972,0.23165129541814536,0.794480066332147,0.2603588575035387,0.6496677761435761,0.8096979162475684,0.5220680232543695,0.9639261318202867,0.30167146967634995,2
0.5710692704982986,0.2761831368834795,0.3864977463270872,1.056017909107302,0.10382331394404465,0.5018551068302378,0.6228953958884671,0.8358831376913691,0.6648730427878415,0.38841004036992377,2
0.39332099750875915,-0.08580932809969732,0.36928822868056366,0.9231714074669797,0.7158033429046946,0.6393248500028527,0.6860924126529082,0.7852030894875395,0.5387083378947692,0.777825495080186,1
0.7024641710148302,0.36965654130767606,0.3922887566120872,0.9677780935654416,0.09920907779368948,0.5898350107626095,0.16149061104150175,0.4626437641412646,0.65645644728841,0.547753927641123,2
0.2820511424927141,0.655784033105427,-0.0008207009826415794,0.01866046843584046,0.08553455310196414,0.7755969971656473,0.7337606097382692,0.2582671788597445,0.9965125934318145,0.884329882130143,3
-0.2165477439095117,0.017045704772482316,-0.26862599925115804,-0.40632603955634344,-0.039332355446848766,0.9424727935009044,1.0515121772243976,1.0117637051858193,0.09062124874773525,-0.718071586021562,2
-0.24110484752317768,0.48604227938090044,-0.1395825905193716,0.5130369514725279,0.8677145863496887,0.8127406904796685,0.19601438465087956,-0.02080935043580806,0.8749468053483302,0.7652510773001617,0
0.91469167906982,0.08690627401931494,0.6584815949759626,0.8593990850291111,0.5297491656639751,0.4475361928008378,0.5699186102931546,0.33274264042415,0.11333268221193345,0.6022849954618796,2
0.9455856342536363,0.5812164767314106,0.7417451732231293,0.05476114942672489,0.5375369193606532,0.6183455373706391,0.37705101053278817,0.207204559364996,0.8006648046100494,0.9831863550009249,3
0.27625110961906907,-0.21446153606442003,0.42972369474117,0.298996428935239,-0.16775462918422313,-0.15243861828004135,0.5039776354712289,0.08901623626360738,-0.17873389023234199,0.7811276455313355,2
0.598852564032132,0.827860037281013,0.31147570250865547,0.7893694594227205,0.4745530070852265,0.662085585574913,1.1132361215236348,0.40824364507672206,0.7581232879142152,0.3388383512146849,2
0.46726377064778135,0.5307991470184751,0.3196998156913551,0.9191626082283539,-0.06741105419384713,0.007883158771445964,0.6578573536415693,0.4521492458581279,0.5458278287685197,-0.07220807547833163,2
0.9568809618817834,0.5240177850973525,0.31158184555420537,0.828826656673513,0.28574118580145963,0.7016372437757684,0.8798704902467611,0.4299859063943993,0.9626446096504014,0.24543961582218105,2
0.006905122560206936,0.15113803306423845,0.3834117852378219,0.7565080397942789,0.479211018423101,0.8094733237170542,0.8293484433907495,0.3342087908896496,0.6860134609255147,0.5383929896536972,1
0.34419306331676314,0.4431202174350362,0.9854032513082198,0.548135512456665,0.3191572452186622,0.7160399076077218,0.1995661446544,0.5952072540020534,0.9179515934313986,0.4408275115750188,1
0.053462098239786454,0.13045352351055312,0.768734034640642,0.28994991353508326,0.06327586987527631,0.24797534872316704,0.6309855743174142,0.42279075772699815,0.30974750128677564,0.4370508405190511,1
0.14692642909691694,0.18199061265816452,0.3417578954801765,0.8253179292937028,0.10957970523701549,0.18420979892608183,0.7083405169001045,0.24431068468377232,0.8962378942295229,0.4184886976138784,2
0.3754154551220585,0.8353190319251528,0.7409626834234312,0.9008926856801416,0.6875153669283218,0.515407519671091,0.36764610279578086,0.3019207314190684,0.4610499922171698,0.44612805129448496,1
0.06601463130698401,0.8300111964546165,0.3937140204256582,0.462709694770663,0.5041796895241974,0.7288156042527245,0.9773242774766192,0.5816836997019531,0.4858563914614443,0.9033863164111241,1
0.08564811696181784,0.13177190450713738,0.3566350295126821,0.7566275804839571,0.3748554860785478,0.729070353769408,0.9909218162097462,0.23172896543326574,0.6185030658930376,0.508090904988336,1
0.16394887159772703,0.8353506042207958,0.4977685686813443,0.40479741663144003,0.5149321297340376,0.636291206712151,0.8340433477660916,0.6639061573824846,0.37688567632324427,0.906924047467146,1
0.6508220490338098,0.7804154655962622,0.2814974599538707,0.23652697593501976,0.7672424785713314,0.4119300201585762,0.12898621816437997,0.43360960117480174,0.054303934237840246,0.28930619108764083,2
0.613740691163808,0.4992204769487701,0.9224014256412083,0.5134554203046722,0.6528391639497801,0.7773131479673957,0.7014660861331825,0.10579563263865283,1.007842413908922,0.10109580696759443,1
0.49226836816198605,0.3425957004562007,0.4764731001278954,0.18503410696389572,0.42124687565367763,0.3592585509041487,0.7833230944604547,0.9523969057325457,0.3984463432201456,0.4875631289581209,1
0.5487977378244246,-0.3794359561731788,0.14108162747976472,0.8947434369721059,-0.10671156286806166,0.32289233058581834,-0.03000184934709707,0.9622977731681711,0.8154186107889012,0.6575972237015402,2
0.7685938432176647,0.7878987857404111,0.8706826349759658,0.7690487651257245,-0.6425418606962215,0.5774419164638613,0.8654925068149639,1.0620312126347908,0.13661742865667514,1.127609233192956,1
0.4853999521977696,0.7853214448591597,0.20766445845260498,0.23609867933349407,0.7168046037582275,-0.022198115727753945,0.29744130701224447,0.3033622818429269,0.5996561492473882,-0.01993880236897294,2
0.0693280204115677,0.13254782414955593,0.3411312742064727,0.749459204755663,0.4649916312733311,0.8216906529547967,0.8411467818215334,0.33101526347999954,0.7110040148152551,0.5212952950486041,1
0.6917766790133857,0.4397063049976418,0.5898445634840113,0.32355711069971677,0.6422265704992192,0.4666421377034559,0.598357913594779,0.3259884825081384,-0.01303531633153203,0.16431935009156434,2
1.084164413315985,-0.8158222063674018,1.599578776853414,0.9858655953516368,0.5210255362569741,-0.5178662961058902,-0.47839040582926584,0.041177832124948965,-0.7042621309245791,1.1332696186278408,0
0.8059226086507263,0.4139976920167595,0.8256821870559979,0.6675482345980894,0.4590201700930531,0.5769634124581532,0.09556827361957242,0.6306820726878027,0.8382971874983712,0.4481293219677152,3
0.5936420908377434,0.4168357628914352,0.5603177057288078,0.1074081480232712,1.0495423218694657,0.9196918144759758,0.470400210047797,0.3048484925750056,-0.014301962673566482,-0.1221075691080114,2
0.7146296023545088,0.38190592117298966,0.8543907219670881,0.7537213505652577,0.5987668145365732,0.6126954254822353,0.03994087254293258,0.7457098955058551,0.9329597509059512,0.4381793354851398,3
0.9436089254088245,0.5759110237154472,0.76153904936631,0.07295749494860425,0.5467342751838833,0.6214412066128723,0.3708521840190048,0.19096223526837489,0.8115171022004578,0.9718489290873145,3
0.3803901645949872,0.8628644224891079,0.9311548145848267,0.23300154921324534,0.8416049519920972,0.3715897097488447,0.691385804712256,0.678058267724733,0.47788402976598887,0.7914742655973256,1
0.47918130267429837,0.07214456469143687,0.9664707039538731,0.46110959336059537,0.8925577333233367,0.026326325720315458,0.5893479187540722,1.164773078881153,0.28942601225093256,-0.08265558681493243,0
0.44390319381670723,0.09365339117053252,0.09064768630734568,0.8410477347306433,0.5193540502708394,0.7206307257662702,0.9364841094933544,0.9409635313622917,0.3879845753590018,0.8934026740717361,1
0.6885903882339837,-0.3815590219269444,-0.49637569933839165,-0.39286003077091175,0.3212623296995179,0.758556827872364,1.2280996618658313,1.0160133753996492,0.33454211305514125,0.15389059766934177,2
0.5005813700775569,0.6831632894627779,0.8057372331634035,0.41500646030763233,0.1146404104763765,0.6035136594780458,0.2580728938215012,0.844284453899117,0.4225448910325289,0.12160166619367184,0
0.1722406284930076,0.638424354745859,0.09387329785224853,-0.1687520675034858,0.08774286667170797,0.6330117174811251,0.5994896277510837,0.357966072554463,0.8808474725787798,0.7563503281734426,3
1.0924998336159861,0.5711522922363451,0.575409302168767,0.36845681815656955,0.07394879722063091,0.9869465243377996,0.7424190992470086,0.802077714909609,0.609474826775785,0.8639757048271479,1
0.09852583987954226,0.2982036421030507,0.24186265677720253,0.03861191878455213,0.4828487289146247,0.31324818459347836,0.10986432064039789,0.2925032261441408,1.0233581006754024,0.6607907063219376,2
0.027781498357724352,0.7920985193017973,0.4418683120727684,0.5557215339167422,0.4730853190969197,0.7616536141890683,0.9476364133093353,0.5314519006992634,0.5516331153138225,0.9053699120097733,1
0.11864030572902551,0.2891386025458715,0.6345626857978728,0.7317989992387773,0.20435855546092496,1.0251872723101079,0.44227611292734675,0.4453902327943169,-0.06223902142748483,0.73305454221961,3
0.4043084792992693,0.4709404574178854,0.42881269846692344,0.6282814339865891,0.07114864852866952,0.3129356698286555,0.6004324022509782,0.15655084866022695,0.8903508661051868,0.221661555739477,2
0.26326295121120136,0.8997627521380859,0.03918400693590844,0.4560065063917757,0.656578029965308,0.7734689491622114,0.9601203898819202,0.20511529757768948,0.7327829187994612,0.7693758346680243,2
0.3334225557206723,0.8625334013589641,0.9846953005962823,0.5964914093335701,0.058542366131289304,0.23815325954152228,0.22203554701201994,0.7710376592751114,0.08560730254948601,0.2867712910925119,2
0.15660935611393834,0.060163282856145986,0.26860395040831503,0.7956435425207024,0.4414271178930636,0.8896656123380564,0.9650572004099351,0.3741906224370891,0.6602838880829432,0.5098226276130291,1
0.6783326425035381,0.2466023452614775,-0.03131387504349112,0.7342935070307891,0.4925656141839574,0.7352556427561325,1.0237055336059775,1.0697279815409677,0.25394139656431935,0.7552271947916588,1
0.9480823483062458,0.589414399455464,0.7598791274106234,0.07420895998818708,0.539927908698796,0.6257500158484764,0.36748697873895236,0.19700125830779613,0.8220797231809552,0.9649768563798572,3
0.5577550592112267,0.6959427902520481,0.3622213844147798,0.44018205488620926,0.20041504572694652,0.9158212397231738,0.1846537529268938,0.3215409464212629,0.23813701937251214,0.5768995066679184,3
0.8330731564039199,0.5635041459146001,0.8323790108263143,0.1226653900621617,0.18266617700477233,0.684361326760872,1.0568565571782076,0.5234400694253263,0.4388530776060241,0.7104388978366459,1
0.7409871788520409,0.9780298659353747,0.13038574023471544,0.3812170295443508,0.9014702065632236,0.45685069517339283,0.2956572247719166,0.50020087244835,0.10460808980657113,0.13873282185597535,2
0.6762714866360708,0.8581160243888092,0.03869521518300773,0.07813705935796302,0.41067869172160576,0.3818452817756086,0.15698562894322232,0.4144383351012625,0.14475608251689023,0.8419805967850684,1
0.001591657110586439,0.14535265773371228,0.5041592413257943,0.7553066379346305,0.49606066958100015,0.7561135145743918,0.5037951538181512,0.4232948737260684,0.844197750866946,0.6474996919706169,0
0.8685321294258319,0.5504009800808181,0.31082436647426825,0.7343540193670655,0.7917652837931832,0.7400971631090592,0.680430379362357,0.09704910678328307,0.7784841316655478,0.9250681873435546,3
0.3190296903000809,0.8380823602220513,0.9862437364543855,0.33330693836120645,0.5572489678438032,0.5430715074327831,0.7762263909268473,0.4329029584118176,0.621333468534945,0.7588015117837392,3
0.39138225506488017,-0.018448488313390535,0.23625084807652708,0.8567362272971888,0.5552412020445849,0.7130807672257244,0.8852157600769763,1.029788730046662,0.3793654117645942,0.8077779462027747,1
0.38983113680090825,0.3560257328961153,0.2680516829421997,0.7372293644613045,0.19024160839386836,0.41711440599042576,0.4792148071111596,0.12864786979992288,1.011397017711787,0.151442150366224,2
0.36793175739017536,0.44003875992445274,0.5837069497677909,0.7577408576258565,-0.10448063064519136,0.5314149702543368,0.9975980396319146,-0.22705130927855327,0.6451920177564352,-0.08535538735139181,2
0.6998230798880463,0.7438270466283554,-0.009318267063007923,0.8833782073370091,0.3455827712079224,0.9081799249317325,0.5962944813949748,-0.0036125504175498757,0.8866710092788187,0.5017250214701791,1
0.03745170579498678,0.22567813111239282,0.6882668139799543,0.027341162833464293,0.03412755983327876,0.2698320246551305,0.13460943845300627,0.8675011044677081,0.46083323881610755,0.29974144040226147,1
0.5461762535911553,0.38820533199779084,0.15995330199447305,0.5605108577978586,0.5249832783451356,1.1902899056091842,0.8141729325980576,0.21517128962671123,0.8809797068611159,0.6269645738143256,1
0.6814979163626608,0.7344839199067403,0.34779434059167835,0.15765849119605443,0.8217381832485693,0.3894368454590477,0.15176375500049652,0.4749692479868876,0.03791090246361624,0.36119967100046524,2
0.39665918167737557,0.2688900021487078,0.5424690614961284,0.7779516268899888,0.5550369626853491,0.7092588852355655,0.35582343751358947,0.2558900513738343,0.47260119892125374,0.8848201652478934,2
0.5568169627167359,0.6183420297755216,0.21241974115189405,0.029911396129949225,0.679504351499192,0.4714712458476745,-0.0702294212305965,0.34262982547331755,0.18592430216904404,0.4545870241096206,2
0.7224122878206355,0.48898567463663806,1.017021893354836,0.29952490756150185,0.6896578238670316,0.8035288880364119,0.4662446348605877,0.54866364103263,0.5935073489621536,0.17200350658145785,3
0.5742390227018543,-0.07318283834716327,0.886969965047367,0.356575140456268,0.14574325677655214,0.36262745295242876,0.11645327393030483,0.1635761006476318,0.6519934588460043,0.39146892057994787,2
0.16678359461078068,0.3894349959608617,0.3125860389471127,0.09355602896801501,0.5612055374496842,0.29621597896698676,0.1461133446851814,0.27690578742327443,1.0236966492295945,0.6887921556667186,2
0.06294611709253274,0.17198809875494167,0.32395693884480803,0.723319042190491,0.47059946931100866,0.8409890048830618,0.8546221893023602,0.3584245277169906,0.671934072308469,0.47641541566076057,1
0.9484482712957423,0.5434978419895139,0.750622693034899,0.12215976698780014,0.5691161870867878,0.5588454887986479,0.4081984080043374,0.19869117418521173,0.8601783516808791,0.9900776132490605,3
0.5592909202921854,0.873202837793734,0.24345762650696626,-0.049553924312023656,0.697775479190562,0.11064313101674975,0.09561892502354913,0.4333084400855937,0.6212824847175816,0.13179740092552333,2
0.6339323958805966,0.6147766035496287,0.1425410154167537,0.25366057670851194,1.0381429541567522,-0.08701785356497996,0.20576466930353943,0.13066645490611628,0.7191251191918294,0.22039469753032429,2
0.7340633779869276,0.6217786393234875,0.9655283283219545,0.8126382797293321,0.2695068879085937,0.7215729512602579,0.5201258253938985,0.1262005980056567,0.7699301207628465,0.14864752009070176,1
0.945779872705921,0.5851411105113711,0.7579277914781344,0.06543136384842736,0.5422142119103746,0.6192571577078475,0.37690321040449504,0.1861525958851854,0.812842555838378,0.9775101084116214,3
1.0723540441202535,0.21285731274317643,0.2064523283861618,0.19881278228678712,-0.001565675039285265,0.10548717098217783,0.47566706528744307,0.7839380999818424,0.13799296176447012,0.42082571108643235,1
0.08176345455238794,0.3094815884737934,0.18433061382292237,0.8215204337570239,0.5515735735899933,0.8152087630887671,1.0082634716697334,0.49054398014905143,0.7772713744298311,0.3544346663516096,1
0.3419677292432545,0.39855821937393665,0.8979287533096413,-0.22453575316930824,0.604406435286266,0.7052852259372205,0.31466303262523004,0.9405400886838783,0.2696687788709065,1.0152816313550883,0
0.3079151293636132,0.8864685751323086,0.9665855461272851,0.5986630886987739,0.055733676510550674,0.24497349744111685,0.24195091987110615,0.7590231280061653,0.0894824246115759,0.27392336269203177,2
1.3041668598099503,0.08664724737004846,0.5246139538027025,0.9873432064854025,0.14063708540383013,0.5091367542237996,0.32062568671567937,0.47446129410365906,0.0643195211353223,0.3653034821850857,2
0.5376612961352238,0.20852026401249762,0.13746477963399314,1.0384256401036098,0.2764385323917729,0.5209543764136064,0.5637794283859777,0.5019341843695478,0.640056400176252,0.27077999524979546,2
0.8578537286078309,0.2329240487896517,0.5520070402663398,0.6033790252624307,0.45349405010667515,0.15671113936315742,0.03799254398244797,0.3084707149060645,0.2933741803161101,0.6040007066837239,2
0.6736092951966984,0.7979537329929721,0.2745963771001958,0.23289081958548286,0.7586651044404618,0.41014423157625945,0.12470794242687103,0.427258662689991,0.043855172918358075,0.28845972759328714,2
0.6880313475279158,0.7199557975434172,0.16554385256086715,-0.03989891484278571,1.007216631541736,0.017513515576684333,0.15381772324363974,0.17357246108293553,0.5994262285263278,-0.0329988816656366,2
0.8545716443007422,0.5361384147244287,0.6697888710266767,0.03800490651668399,0.5293574739556585,0.6873815871392178,0.40648555503934797,0.16492750598965386,0.7440551716052926,0.9904509622639479,3
0.5831884746966653,0.6314003789715421,0.6486600205276744,0.36265088778467097,0.46134345228112905,0.5270920975009399,0.8714101529999021,0.02648716587520926,0.0718084582609945,0.298534104303046,3
0.9598584053593714,0.5307070268916217,0.7811825063461191,0.10648367268816006,0.5370600085338809,0.6028997698260339,0.3340384959436122,0.1878961352366293,0.8045762128163232,0.9801036658609869,3
0.501017648385528,0.3098203008722333,0.5998060158312807,0.2910447152853566,0.9034691944522222,0.4622603949222761,0.6144356309430202,0.8427566893008283,0.3441744183029805,0.9397958771052412,0
0.7186267794845688,0.3511239999514777,0.6090253753276538,0.7692821753622224,0.021823327796745395,0.12163230421827187,0.7845963761921694,0.20664862542048779,0.3116582108015865,-0.3404650860902597,2
0.35569897207322965,-0.0013403398123123245,0.21601920419591353,0.7222241121892765,0.4830478801856803,0.8558452344571303,0.7527790009799833,0.8503907995357993,0.2609108023966404,0.9314472697457377,1
0.32796816509349563,0.8674439403168319,0.9903883147208821,0.6071675445330488,0.06406639993594052,0.2206180140095373,0.2412377258154533,0.7680900882915609,0.07512273514384256,0.3017767762095174,2
0.7946237423756184,0.6749322960005946,0.28611031155239836,0.7856939294579168,0.8201302325295321,0.6438859230565738,0.636671063452386,0.21856481276768985,0.8353665611931452,0.9096013635840188,3
-0.6902551714561342,-0.5175224966505593,0.2804566987961269,1.423338527978689,-0.0023300904889522744,0.08053544159724263,0.5417402083356138,0.3938211678580961,0.032047189523545294,1.0086812438857147,0
0.932590676665754,0.6507496700003055,0.2035371723861379,0.7461320877043683,0.3172230353807041,0.911285326095699,0.769765689024279,0.21848240556070375,0.8777712248106847,0.29859125291839705,1
0.5018320500508173,-0.015190715279430306,0.11092487364960354,0.13576029999631417,0.6456011992910015,1.1330295896047538,0.6857896390318488,0.3011262186557132,0.4147416677597806,1.228205544280765,2
0.17747991971277982,0.31133221024959457,1.0920045287485614,0.6070908111886174,0.24911572533277496,0.7811024066722578,0.06696857893902154,0.6141933058834765,0.8201187929889437,0.47137746555872473,1
0.6461433283824097,0.18894517334734715,0.1628502581337241,0.3280114136763511,0.5955125830611698,0.0779250959924461,0.5832026303566553,0.7125249418696544,0.6282915433693904,0.5572876947795949,1
0.24205072619525805,0.9135652863504673,0.05724736850397895,0.4632887805636675,0.6421957634558587,0.7541959557869968,0.9512420902560179,0.22417630095036237,0.7236490811096107,0.7497110908485088,2
0.7547914094550755,0.42325962196104916,0.8484713001501019,0.7101825588276194,0.5144513878114262,0.6216633604205797,0.08766413970118102,0.7092541896797163,0.8799276933012985,0.4258804602337945,3
0.9374313770856534,0.5757866448367429,0.7652749287088789,0.07517032244945443,0.5402672609247159,0.6277088928996791,0.37360054430610684,0.19026459074193827,0.8135175355110748,0.9683382614227699,3
-0.02538462349703187,0.10827442156275963,0.3096616711343111,0.7053602014698537,0.5117073449037399,0.8628208572645392,0.7695614264319544,0.4239728493863743,0.6515251351771267,0.5196346609181133,1
0.04997189965446851,0.5143042323443149,0.5252512518911067,0.8116871030083809,0.44913702282847334,0.5126171225746415,0.552763296805177,0.8447362878585237,0.4007293618386098,0.11072787340915852,0
0.5658172615596747,0.2953630570352664,0.26134909538673246,0.9683655638730814,0.19428747913335387,0.3909492840827322,0.4647289564327358,0.6375307851636711,0.6793653017891803,0.20148798674169094,2
0.8820404968662511,0.22312798446153986,0.08148529979686181,0.6766494789202295,-0.18558880786866888,0.21533977980760033,0.21665734586183563,0.9557519231963166,0.3752827603470064,-0.027244664507296318,2
0.14083077603615787,0.02002545046472022,0.1704415161558667,0.5925235154667128,0.6384159307908192,0.4516764657916378,0.48978305801523403,0.2501410123249521,0.8404068776691842,0.8411108955847785,0
0.05944539696898865,0.5853384694625091,-0.45342883858998295,-0.43908585440916315,0.1303454360591774,1.0289819069338013,-0.1876564611266956,0.8011994211751033,0.12173238725142078,1.1653871908578837,3
0.6687713055925337,0.77337817743758,0.7107904078880014,0.4652095445384931,0.6303060468331135,0.6528876497034576,0.9272232269732498,0.04938599112267067,0.10087203131795165,0.40530600285860763,3
0.9809896508559656,0.5311722874296207,0.38413675598791897,0.7599394425539459,0.2503936332403684,0.6354559429039,0.9888335062948662,0.3994282525257307,0.9502680781648225,0.3031389583173133,2
1.130834996177918,0.7823104955472145,0.7513195125521686,-0.0520599243076349,0.8724622374866368,0.2565436400625462,0.5540896903432927,0.06382515468781691,0.10106440931090226,0.40206503060807114,2
0.6292125883838788,0.4150133082592061,0.04508755194883518,-0.10919404654641823,0.182158422760055,0.48620753726857685,0.21464123849008487,0.8491463664211205,-0.11087496264738969,0.1088959411917505,1
0.706986936791095,0.44281148461868247,0.7461228067544401,0.7612405657330255,0.23823019257590416,0.20884150724924935,-0.06444980714769116,0.7770666240887076,0.4851549576822728,0.4018204608943833,2
0.13271028896348558,0.18206921114560987,0.661148626830849,0.2583001836024378,0.014441989564225398,0.21567655146898662,0.7193836779658124,0.45363116118675084,0.18422005982885425,0.5184098338677396,1
1.0519632637143448,1.2116199349618229,-0.5585490020872619,-0.5980505229916798,0.888496833828195,0.11421417605899858,1.2063850534971832,0.05527543814145941,0.8275314280321,0.8568317758815289,1
0.22553965880217983,0.43075251801552605,0.9513971511114913,0.5601750746856743,0.35424044939086996,0.7245790259545959,0.14874793832631703,0.737370260038111,0.9915891630801862,0.46645751590839996,1
0.5376324119946347,0.261281051105222,0.2144600718053173,1.043492594942433,0.24821905840926933,0.4230147679460697,0.3780127499348816,0.5897672247293854,0.6489992517639767,0.28121925810754317,2
0.8760839129188448,0.5459969517716186,0.3419127161021399,0.7576814031593796,0.7650305025071703,0.7360042041939837,0.6547355330354926,0.07226390906317703,0.7602736526871855,0.9567713558860432,3
-0.20324850713638798,0.4516648219842816,0.13949155924748288,0.7674847689470536,0.7517045242634527,0.25033388271779156,0.9711471217029762,0.7215987147929228,0.7795858689482582,1.1147641384085687,0
0.03208151345793084,0.23542297687308042,0.6989783557469403,0.017271976944500365,0.04329854419973094,0.27924114084982693,0.13027670542925338,0.8680487065555327,0.4648892306256346,0.2956084965363793,1
0.7167393994591607,-0.15408545814918373,0.8294549197771469,0.9145239244250711,0.870608702737891,-0.14753050284014838,0.2510183106696039,0.44277699690961425,1.0297868734784519,0.8526130708361207,1
0.7713007094499762,-0.4753681949771915,0.31782777490076797,1.3792575788625063,0.3732950378685218,0.597848237392421,1.2036273391825234,0.4745657596397629,-0.34103631610883545,1.009185423035912,2
0.6189970828456542,0.9173494740063121,0.012432650139434483,0.055641648726836426,0.416313681479362,0.35363909919721925,0.12145836434068508,0.4682786365083641,0.13796723846340256,0.9477019485435958,1
1.1883784415307597,0.12792955755285473,0.06016205945784675,-0.16788817312012483,0.12114885806820028,0.3603144826075285,0.9070199710016065,0.5022590440629204,0.19622241126930212,0.586896805213884,1
1.0200901665044284,0.1905137121510546,0.39578896958212817,-0.10886422002348345,0.09061158295305362,0.3077126368198686,0.4898228833586119,1.010147067558476,-0.0017030717831666535,0.7406943775959167,1
0.6409418759288296,0.9133338276553746,0.05926507287039585,0.05164992690866589,0.48485681507486716,0.3133275235805596,0.20330168772182655,0.439549891217821,0.19598788135850245,1.0413706722847702,1
0.5359046946899781,0.42200407711552884,0.3310617816746191,0.49104399455566666,0.05720030294455301,-0.4163575416790488,0.09858594056712439,1.2195226391416447,-0.15878549463853114,0.6579159297592635,1
0.5517909560837418,0.3216205427773335,0.1382182181438231,0.8499013331874129,0.2572682228355339,0.2999579181515853,0.592240937964158,0.769176896957889,0.7713705844985417,0.2902233876527678,2
0.8892582900113971,0.10493133982917298,0.6278015855952256,0.841302053045141,0.502973241173169,0.41120098298505725,0.5324521938141126,0.34055478444502013,0.14197942036143296,0.6164269678466838,2
0.5865696213946712,0.25901394108497605,0.18952977501543972,0.30544231190984417,0.15455457193349093,0.12651439107326076,0.3045801696080782,0.13433822574293378,0.8460100797974587,0.9068871166262941,2
0.21899646956314514,0.2957540255911173,0.9943370764488049,0.6364708496312728,0.43128431412283247,0.8505619328784231,0.06917830997089519,0.7401721323943239,0.8642190663983101,0.31396289358277535,1
1.1540679691295839,0.3331433227325864,0.23432639462390442,0.46083011114301387,0.35680068774456936,0.9762962533273449,1.2553001541365238,0.38170568294860197,-0.1106286416334823,0.5953703043249604,1
0.2570217223027579,0.8906559110585446,0.05485784992935495,0.4462215496758031,0.6489166175456048,0.7349677688397419,0.9757221709494478,0.2067194940423662,0.7432045675307383,0.7541418971037559,2
-0.015397783023382156,0.323557305413709,0.23982120191141215,0.6253020500984969,0.46181465885763134,0.7075845013963138,0.6038792503754782,0.006205262960660873,1.0549347919841028,0.40890139041697476,0
0.4533582611934437,0.19621186322906864,0.021261768390816352,0.924801495113399,0.44293661636911863,0.6338446835489827,0.9492459668873409,1.109670754530619,0.4195333350188049,0.7294388842890094,1
0.5374566011638274,0.798579757073448,0.6859893920985981,0.36015695422237365,0.5732422942593818,0.5026270938473623,0.8158587020249687,-0.059605999093286594,0.34524882172709875,0.2987523943565363,3
0.7552107961719466,0.5289118355595517,0.6820720118676344,0.24193487450747372,0.12081387390441022,0.8441443279844985,0.9008881616738164,0.5591619200276746,0.2964911733300891,0.8214860764245141,1
0.1897155249764948,0.7292006559292008,0.8292115746484192,0.888298246642049,0.4776307662508903,0.7462993996089233,0.2729337949578781,1.012923239670473,0.724177824247778,0.12162934741847498,1
0.02641751987144253,0.39073536616356547,0.3807194646630954,0.8763638429542095,-0.19122939756850005,0.36552542971447965,0.12888955935172108,0.9106892915284192,0.38482660086390685,-0.0001823089240929332,0
0.936446040036508,0.528207265696274,-0.1266326656845994,0.896120745019009,0.5546636552694402,1.4853953796878878,0.2994972524637677,-0.40335537833128443,0.04009571436642188,1.2848716381931984,3
0.17205255145667733,0.49996200730896456,0.8338838693728748,0.20936402244355484,0.8344302145922556,0.41157816923286206,0.46238741918175214,0.9050625984488776,0.2558497938502361,0.8439412679064594,0
0.2501244950145546,0.40365440769845906,0.5285987571420526,-0.032598210820313306,1.0825759775995811,0.6193916631916498,0.5298605720547228,0.5527814232496024,0.2840911798758563,0.16136069967980932,3
0.036497921828053545,0.2489466174962987,0.6846241404155023,0.02835061792089927,0.05643630949319881,0.27277683845593614,0.11580343331736347,0.8734584279101373,0.46171812978760696,0.28661817643437415,1
1.0986311141667797,0.5840830270707817,0.3134963221421706,0.9463996117125566,0.35369896426199876,1.0835985568195514,0.5688246391646026,-0.04210784845987975,0.680798068490081,0.4873047186255598,1
0.11450708133485046,0.11757287051951042,0.28923821292055313,0.7007249669073425,0.522207752774585,0.5656566242091696,0.5873059439820539,0.4234916368256707,0.9106860971861992,0.829449962796741,0
0.11582069087240397,0.009500889551747438,0.207288429315452,0.7825288854736532,0.5577927878943203,0.9858097115841222,0.8076536277467606,0.3357462360251453,0.8573074334079581,0.5923722638119836,1
0.8872866142612245,0.6939490024224676,0.12171818521474384,0.7964478479305657,0.37453553364097986,0.9516578884251881,0.7290667390011875,0.15032668439010383,0.8135267178441141,0.32900823713573757,1
0.7433149745245571,0.09219074105911573,0.9252534512351038,0.31472267401830495,0.47063265045059416,0.991298950888359,0.5411332335143355,-0.2693262657960592,0.7808457261163279,1.1110460108922546,3
0.7251600936226216,0.7708509271925797,0.36452481655179403,0.2004268362516866,0.8115856390278757,0.47288264066469904,0.19142986033299844,0.4365299934925893,0.02529500537438135,0.4161863300624894,2
0.35389023996258795,0.8270593272393638,0.18648878195586724,0.10614549187370313,0.643898849445641,-0.15902926711651783,0.25202641718360036,0.01973087387481781,0.8060787584630572,-0.15048624058090812,2
0.11510353276422562,0.33773461259690657,0.21536841142823712,0.10760020096534637,0.44206234550640044,0.31802542093744224,0.08174998703042982,0.27458086139825466,0.9933598489371293,0.7598951181400491,2
0.7817891003482046,0.38157774497319163,0.8791334166066583,0.7545222592514627,0.5513419811443785,0.6103841235611017,0.09949462863906469,0.6727762763603303,0.8364300968325553,0.3742388618273131,3
0.4386397652398634,0.0917509127209967,0.18148158958806043,0.8355558878742202,0.5770989390620488,0.6845469616257414,0.9355527373485482,0.9641560720501745,0.36295670554154763,0.8762404658456524,1
0.9700086977893186,-0.2991702015444588,-0.3752133288150934,-0.5841873150108432,0.7040083402327566,0.43407461699107786,1.0026646923454092,1.3683549390491958,-0.45039602210423957,0.12350407033144706,1
0.9458074961146835,0.0649300158401186,0.5978547454410561,0.8977506692481177,0.5758107075528258,0.5115282439257796,0.6368586603853192,0.33313604823501597,0.19723592825248487,0.6611320674793824,2
0.7755521319628534,-0.14042461241604864,0.185163632316005,0.20830644977420368,0.9780408434378981,-0.15492195333723197,0.4695839292318107,0.4778652293839498,0.6411550400623836,0.7854199078869577,1
0.8749968643515516,0.6890037586775586,0.1548992756767585,0.7220769891997876,0.30663138042742866,1.0270771871120195,0.7290632280404925,0.1752860125576047,0.869208620944143,0.2583568396104433,1
0.4732111764482837,0.3225378421188783,0.0885776911796224,0.4330366590088544,0.2046835072970426,0.17302300594839032,0.4296880399534741,0.22756335590129448,0.8264669999992091,1.0016419611691179,2
0.6765555929844773,1.1830311570015764,-0.269131931446,0.362962437716161,-0.44979817049320003,0.9219980616034507,0.19533485021120123,0.9224710821641551,0.46584752155558534,0.655127040849186,2
0.1827090699132451,0.9770919344405998,0.7208049606473345,0.4788110019272067,0.49304218209479284,0.499920052117745,0.11859929527941943,1.0085539243143293,0.7082091074683179,0.22285406007112307,1
0.04235993065789562,0.24801587489426155,0.6947453573299899,0.026467775215265117,0.05449161944791782,0.28688577471329463,0.129631373232443,0.8573138680196418,0.4582319186974185,0.2866086546969215,1
0.1518995233483845,0.4743667797636375,0.21379951982806164,-0.17852612103020996,-0.0482219139969394,0.7669126043129516,0.8290293197631673,0.2066247279967977,0.89116238371885,1.0774030915114106,3
1.1132759114594732,0.2402412479040251,0.32772824480619783,0.03511270306781129,0.21661513326383147,0.004491084653002478,0.6415971256036744,0.5838920131359455,0.10625147246455902,0.5948731646517577,1
0.7573188828924104,0.32163001028861027,0.0645423774279189,0.44758741852766826,0.0028850609758463153,0.1641853270180167,0.5939447220923971,-0.0049206993671188914,0.9675347419279093,0.7210693853595536,2
0.7015268528135121,1.549819967845309,0.4927611323998767,1.0356825125405527,0.8854718056975591,0.3823361751676288,0.8463518869166381,0.4477121726690571,0.960268804414775,0.36393337069588616,0
0.28487758724366713,0.5039891093519571,0.9628098060612246,0.6054555038799079,0.41901506042147774,0.8320743291776463,0.19946399677841917,0.7043690368964224,0.8867335489980649,0.3638926622159968,1
0.21458057158952837,2.2794439615255104,2.224981287235512,0.34808142499681155,1.0830019760816605,-0.4408598820595717,0.5924107916201993,0.03380032208198758,1.3688540404124407,1.6321080112881203,1
0.16401221098252738,0.8573306465582244,0.4585515133826724,0.424810339441155,0.46421010419118025,0.6919459266012811,0.8776697605567232,0.6171717333567799,0.39809884101435655,0.8505143585588737,1
0.6447811322734625,0.7608026934703127,0.8220214424940676,0.5290249943547893,0.5814759820541257,0.7739917615462588,0.7175347850379492,0.19473757541456135,0.2668446795239908,0.4393332893176758,3
0.5911653913658566,0.02991438547438039,0.4724265498974361,0.721551633586827,0.7422700436290024,0.4605923435718754,0.9897901243625581,0.6889492769379921,0.6863551103144216,0.6620342744632325,1
1.0383124758560605,0.1360008162938,0.4209420768651344,0.8450053119596185,0.14735455179425527,0.11735941590469953,0.2401604566237266,0.5244327980472856,0.4876041088262736,0.5329776606004614,2
0.8857885308245442,-0.031817367696348964,0.1759927134887929,1.235267472552775,0.3364363190972599,-0.03677359947888381,-0.0677540882914599,0.3785060464325094,1.068397174734999,0.15178458040495987,2
0.4137203751073708,0.46963356390854166,0.7959139348199016,0.6762061717063494,0.4165730001618141,0.3469951509745648,0.14636969307277153,0.5637532648849957,0.30650429906647,0.7351406125180666,2
0.9212048257572648,0.5413001464374667,0.8023034383647705,0.05908923487274764,0.5142432255736081,0.6506830257911133,0.39138497349541146,0.20438410078914157,0.8659422299296643,1.0200780469398356,3
-0.7468126545681285,-0.4101316926273991,-0.08826994729554494,0.8220123973284873,-0.12943687971342965,1.3210827766109543,1.4529987122473744,-0.12499580235925245,-0.6179746609534199,0.41205867277538005,0
0.2337192121548139,0.201775973446621,0.2592027461397827,0.6065601600490268,0.1740312587180006,0.287257108520939,0.49739260713639766,-0.0009622755789368137,0.8740944412978761,0.14783988371329954,2
0.7425000191607668,0.49798552290175363,1.0558255657273958,0.8005269609046923,0.6826670741033231,0.973286056899834,0.5791384893812364,0.19803249409480747,0.815405701314708,0.3595016936753132,1
0.01610265446320201,0.14829442906872833,0.8112067338313711,0.2816125881028307,0.08771484213894316,0.2704577744026006,0.6662253879852539,0.42083879264609697,0.30030803956305646,0.43364268630411745,1
0.4381414356425159,0.7702695348958617,0.26332111275892184,0.521900492458646,0.7610257233382426,0.09128185492181648,0.016552654487820864,0.18657001249169153,0.45160973890773276,0.9430874257027563,1
-0.005666932939032629,0.8793284016808461,0.3614031052072227,0.48486849985196767,0.5597725133125525,0.6972841042610144,1.0228994277514547,0.6709610820826107,0.5234791496778132,0.9722092162397501,1
0.45032743655163576,0.1629973559695322,1.1574153954089557,0.6258698197078533,0.3066932445740698,0.9630613783214983,0.08944693672653288,0.5430936102951364,1.1165137953683844,0.36581463710972173,1
0.31837024384928364,0.1834066236562985,0.05813219662534064,0.8987026140889218,0.4832006786787586,0.6427310047198713,0.833818392604328,0.8997363795484296,0.2229277923786827,0.7826452006211911,1
-0.027020205824775934,0.8880057805983432,1.1455046811851486,0.7573272493621982,-0.3851128199361247,1.0902547654010568,0.28372658693389174,-0.12053577184417819,-0.5920518402604714,-0.05042005649016257,3
0.6581868541528898,0.3602554689632915,0.6323774312383931,0.2919764176803619,-0.01114921765803839,0.6859071185695855,0.9961016380584236,0.8103975567550568,0.5871673190511475,0.69655906055065,1
0.5064804927677489,0.7690614147826241,0.08601235716611014,0.2203983485974041,0.75958102378794,0.09548913715216484,0.3390175224260285,0.43812681308026225,0.5453568139925994,0.12818987619515143,2
0.4015457703541363,0.34711164912433773,0.8474784751219717,0.7838344051815885,0.43742786038542203,0.9633299259750285,0.4829331408266751,0.329954695949115,0.6743857002243753,0.1151046903941752,1
0.8686375808675358,0.7179535772347053,0.9180279109328646,-0.0035493572129605133,0.38087956237918796,0.6122105829594673,0.2907789799851264,0.226361240858709,0.7156242031743123,1.1233059308430733,3
0.059065670986622354,0.17101432576654607,0.33122458897667184,0.7132598001444002,0.46558612798970134,0.8346544491298291,0.8565071674764113,0.36318524601534213,0.6756459722168608,0.4845300018026447,1
0.5493560034420878,0.7688890724483453,0.3743628264801777,0.5403939426447455,0.17977933266775664,0.9656631355962774,0.1237417596310238,0.28386657689882994,0.14064642078552722,0.6952989813050082,3
0.6267060701527297,0.815887650702559,0.14406453802965596,0.8828901064567191,0.5903810158052528,0.8876632740787774,0.541101695269214,0.44615999180056487,0.1573626775616057,0.2532193553706163,1
0.12459213080399766,0.30642107888495573,0.2290411436783148,0.0727418294876797,0.43788971894805967,0.25069122640987357,0.097896622922718,0.32630013196294005,0.9657173310780925,0.7553143468914603,2
0.2570368989324287,0.8482307357811489,0.10746253545367829,0.5137361854342941,0.6726172117221252,0.8033882524226887,0.9877242170376879,0.17678511606628755,0.7932963381167659,0.6893216316205645,2
0.0611633415348108,0.5269732652989183,0.3011228942624912,0.21297671523655254,1.1943080000359754,0.8470793432069613,0.2708130817793002,0.5389560091042471,0.2575430678691484,-0.19239040533499724,3
0.7686419131226804,0.6727222661662946,0.8089681914480011,0.2626214681703095,0.11323766383584416,0.8518590244216163,1.0731054048520692,0.762237536615027,0.41699870356635454,0.7051135254807335,1
0.5796512756214637,0.4048869420069132,0.8791465156629764,0.7739499255720388,0.4745131266392708,0.7995475678843499,0.42334267442241436,0.4120908055764938,0.6544656032795693,0.2986135143634051,1
0.07312828385165965,0.06641021041523523,0.28930945024411187,0.7165398443519285,0.5458685556145838,0.616908593210354,0.6445127648758032,0.3595350319796764,0.9454847829216821,0.8342760638118495,0
0.8517143785319717,0.6016092832062,0.2514401916658682,0.7459026442528907,0.8584329528748198,0.7005160860065611,0.6998384277449865,0.057895176879362006,0.856703927027129,0.893634611830881,3
0.3928058363007289,0.3186882637020432,0.4113124736255872,0.7779659426246943,0.47558745873874475,0.6888445226460025,0.3805459844025788,0.2034521680451548,0.34899717422820403,0.9284948486207683,2
0.36463451150264126,0.4059090854974367,0.9939424200550813,0.6084811763731086,0.34560942488658997,0.7285317614824816,0.2295140690159381,0.618758261484925,0.8589678998892379,0.47338462682320975,1
0.9011331501066544,0.029542158241250782,-0.23007982678627908,0.05786846163148235,1.1308598328261608,0.20777874985025624,0.6594055978929995,0.8940477664012219,0.5582571646933147,0.1381285246231871,1
0.7615085874975493,0.4005862696809702,0.8759851085865417,0.7129909324504407,0.5256483674682803,0.6033519388968733,0.06589672251521647,0.7077389263252841,0.8698294561622089,0.38589355154707833,3
0.5633493048031993,0.3133024979106111,0.271040327035056,0.9742271846917937,0.19655880023659644,0.3695111787039332,0.4489541866140459,0.6234119980361666,0.6578449898003843,0.21145296258023233,2
0.5586249816870782,0.8665773326433981,-0.04449410986299297,0.03316843614157039,0.43603244612429676,0.3512222162850148,0.12320421875406767,0.49061697964639167,0.16001741276598833,0.8985725878983825,1
0.6168057960522648,0.14924948834418847,-0.36456481716329775,0.09471233786912928,1.1665934829858717,0.15482842883716672,0.7538153209258693,0.6190504582867451,-0.14725553612007253,-0.2270094855611276,2
0.3608179886335674,0.9084309020000751,0.9995521374729639,0.5978275993830082,0.06022263017861505,0.19850483464143073,0.2307347381160924,0.7859206902600016,0.12818531922340923,0.31624718629482884,2
0.9121666134514965,0.303054935446871,0.2036250076866174,0.49793940432404926,0.20094873393761892,1.373269890244797,-0.07992661670966622,0.013175928274408888,-0.3165119588130081,1.189420005206812,3
-0.057224174664850525,-0.14670770178482784,-0.506626032183635,0.18620308416240455,0.674777307773337,0.4915544521378525,-0.021700965886326307,0.14410121643516183,0.5174237098892083,0.9350335715955866,1
0.39583064287266545,0.3867557056776768,-0.2349526515226421,0.43510273316611275,0.2730159914141506,0.09862014670906454,0.8430856631503669,0.7331841870975297,1.246331176209563,1.2290414775480518,1
0.5556489438840662,0.036056466424714384,0.47591379645680404,0.5893283183366649,0.3292845790280889,0.24468407832979533,0.8946071240703231,0.6991073918074856,-0.1283894262183508,0.3912014965004843,2
0.06116344076950396,0.8216834138666983,0.36057675083571095,0.4971960330561428,0.5471941963986727,0.7085651909429874,0.9977768750119669,0.5149226991006307,0.4799897683367208,0.9403562151863225,1
0.0068096883100429995,0.23989819303157434,0.42130331874434046,0.3864481510445414,0.5460559664480921,0.5135644872979663,0.7069346291538424,0.48874599940158986,0.7436944018640105,0.7057618521706364,0
0.6365446137007582,0.7436026754923915,0.20346458826925046,1.003026245703504,0.3799766015995245,0.5661507539157036,0.5084245898160153,-0.07161024900735391,0.7580034499286951,0.977841525261851,2
0.8566600218084237,0.7329598542575775,0.2179333935290041,0.0008921284405795371,0.9717017391724032,0.04554673212916097,0.2233944623036986,0.3930412713205726,0.5663271088137128,0.2989868514027944,2
0.42226034514514615,0.7522733045518368,0.39965467485378786,0.48390544566873944,0.762369483269372,0.15620167181473604,0.027103265156613186,0.19705978246134398,0.42782970806188264,0.8896799175705543,1
0.42481375269148647,0.2600687491834832,0.6145845357009699,0.38069682347911993,0.3641341430905523,0.1538593164619818,0.7430561129392135,0.693580382893331,0.3452381707671992,0.2977067486046252,1
-0.15425207142030845,0.6208582037126544,0.4542364247513554,0.3878327928776076,0.6243983308037366,0.18875013172196364,1.0316787004058094,0.2962889807152498,1.0490883317794373,0.09887482473352018,2
1.0101721737759894,0.11788025432247973,0.7936850976000065,0.6464546915945203,0.6866947699554895,0.6044561712024339,0.6987962245600907,0.34633520621677677,0.25037238014493096,0.3794696334285341,2
0.4920730859752092,0.06919732636413513,0.14524336713136582,0.8852190013774761,0.5402124970682085,0.7049167689317246,0.8816508635570703,0.9902281765739415,0.3440938020516715,0.8803984682615542,1
0.4131139604181157,0.6830018717033179,-0.137335789199413,-0.1382284133716781,-0.031263186291341005,0.8556936375141503,0.7612338503479872,0.34255130308941345,0.8971442723652796,0.778670128787233,3
0.5846391903367251,0.2793170053820579,0.2767479406544254,0.27304177710008903,0.6706562449383838,-0.03148909630680997,0.6124051649090809,0.7328804675526237,0.6150205557935969,0.641134297863012,1
0.08429978748132408,0.018495534558864213,0.9304487163018854,0.3391014289592457,0.3757053534997094,0.8184650798353239,0.1292039201002119,0.6702212538210114,0.6727211325548121,0.5405894473619469,1
0.7381449758277633,0.37760139873888526,0.718350449269646,0.35276799440263706,0.6993207214649989,0.5674977652929766,0.6294783757719915,0.3365166196724537,0.10245365990145906,0.233654435953202,2
0.31216089339742076,0.6287606811642656,0.010231679606207975,0.004094289122498009,0.09473539495692739,0.7544785313317299,0.7101793318966138,0.27141186184500254,1.0045527595264925,0.8866987004425085,3
0.7280635475917666,1.0228100285114858,-0.047841461978773175,0.956007711436588,0.5626887806838993,1.1125211645993487,0.5928088834491273,0.45029411018676085,0.07540781708639097,0.12396520920223267,1
0.6653468981420299,0.3408498712681078,0.11494364808435928,0.48619698906121994,0.5295856038692658,0.6103985360977093,1.1614335533113507,-0.14220589876205386,0.9714319608886473,1.1641084130611814,2
0.3743660070917059,0.3558632418967005,1.0318006259314043,0.620716806103556,0.4659932671311578,0.6590617429112419,0.02088537416987446,0.7813875089608018,1.082442066130393,0.4090971177472556,1
0.7621446991013121,0.7610278306692598,0.36901154951050896,0.2755127509245263,0.8291707302200573,0.3183510243791673,0.03990271551279148,0.33638903698686673,0.01615957695875596,0.32003139769248595,2
0.581311674003699,0.7426223130320928,0.7303209423989834,0.3652434531275218,0.19809013458979194,0.18382897196690934,0.46384010112527124,0.3851840042542037,1.1715973955780647,0.5292789236939164,2
0.5532957132362203,0.6334704716251476,0.47986689765906676,0.08051963331395745,0.4779634882800232,-0.02210437113050087,0.08987479183302433,-0.024111176229302006,0.6579655487881079,0.8061824621041984,2
0.8237429642253637,0.4870306966353839,0.4024416828215945,0.6449965449450867,0.8860451691254132,0.7460642506483456,0.8698436714394862,0.5969709481859233,0.9452304020652791,0.7219897075198759,0
0.03905454601246938,0.1644749738266679,0.3360866073288683,0.7305335867233771,0.4607902855604128,0.852762377430924,0.8695636998379915,0.3810603517859045,0.6753614032640083,0.5050982219284538,1
0.7540552873099915,0.19155982088186757,0.23538347372959506,0.9175716342421846,0.5153380899799893,0.14899469223197456,0.13476609330838363,0.9306559437885844,0.10379369755908928,0.2583259487226358,0
0.5611022672640674,0.2891808582596927,0.27880252074049994,0.9507530980349592,0.1721017783825106,0.3683723524993973,0.43846008191582775,0.6195896131934185,0.6537075745485859,0.2023811977169251,2
0.011807752316434002,0.14256050025335212,0.8044092026141205,0.28493770863742224,0.06353676348708857,0.2736361801590497,0.6542672196838151,0.3828320253509551,0.30880315328730273,0.4353128740398367,1
0.2715866422354744,0.9076289918793565,0.033469954718577624,0.518223408575822,0.7163437782986787,0.7314348732394287,0.9625691354036985,0.2159505618961453,0.7260459769701211,0.7998464376602126,2
0.24840484501798812,0.2623991586968945,0.021595057926708988,0.20525557522132076,0.2048595096271318,0.19084722305400242,0.312012433211405,0.47029778678788947,0.8614764355511548,0.45346112791957666,2
0.348961139484795,0.183753710224619,0.03458848339880935,0.08647957532689418,0.41150916711057156,0.18946728678074337,0.14280384352470332,0.31526546605066247,0.8424051961296946,0.5355630353909326,2
0.18305567038077308,0.62911002479745,0.4724628692278012,0.009350602080818282,0.9483876199357884,0.7638117881202022,0.4580687634896081,0.5651147442331524,0.3510036790989426,0.06381715820496213,3
-0.030119477138739206,0.22391458085821742,0.8385117049740431,0.4006667793985418,0.028078511454719318,0.3539436493734611,0.671286499659393,0.3288728894059254,0.3313632909007932,0.34615044403406553,1
0.8611679632287473,0.552987409902181,0.687870997488426,0.2578077277413446,0.16603749370645,0.8040805251900128,0.9918608702179272,0.6494115344461571,0.3951438746067439,0.747268179716693,1
0.6394848638259296,-0.06317579986591598,-0.07999099758909861,0.6654107355441021,0.6355851709002631,0.426234779098106,0.6518879042760752,1.1085687753001126,0.5902740047421814,0.8519288461257014,1
0.6368664973952383,0.7007466256912449,0.7745027325879689,0.4371250712371255,0.6490975283833507,0.6624442119391096,0.8569349312100227,0.0671173730735522,0.18850071896492576,0.3255969965345987,3
0.9378534754733887,0.5751421569076237,0.7646120736206687,0.07269469751516672,0.5394615119209923,0.6253923961268161,0.37832313114444166,0.18961849221682128,0.8121642842917454,0.9715286481366937,3
0.8810853234027458,0.266251432266746,0.8236040589362638,0.1357326144015984,0.4895007598526582,0.43590878982740217,0.8072419391839759,0.44937699209560505,-0.13530578321185688,0.14096815358247966,2
0.1354542851447017,0.8468182241732379,0.34926868046934756,0.5304052572418344,0.5353770046685509,0.7731469539964856,0.969174902177685,0.5212008236614282,0.5282797382081944,0.8635171603859289,1
1.0181159107669757,0.5226121592313485,0.8309253828569715,0.09498042309877913,0.47435466959363753,0.6604627859326384,0.30049691229349906,0.12215572213961676,0.836484427430197,0.9737648097615331,3
0.04879844715851679,0.5496895711563444,0.4226412791453726,0.12319632997512522,0.8868706475201363,0.7338612660897658,0.47877198802248017,0.4665457831924149,0.41341471863521434,0.08755619047668674,3
0.7222147794116366,0.5185057463215772,0.5187489763533494,0.417495970907476,0.5668157314435252,0.5911745889815527,0.24210595949261676,0.22336868024253603,1.0470765886263578,0.42437004766153863,2
0.5740182688417208,0.3173656083403979,0.28017289969567344,0.9962091249734122,0.21268658358739426,0.3925093802307378,0.49250485182729925,0.6775656829414891,0.6464161289108772,0.20571005681867707,2
0.5557078944815707,0.777810071003616,0.46069323591713535,0.5130824741420873,0.13470887143513863,0.9557158549320922,0.1283697774741187,0.2491578000619491,0.17881598768533963,0.624369849392715,3
0.07143695680957259,0.9315880704209376,0.39872567805512404,0.47609115402560515,0.4938155011058993,0.7376525140868109,0.951580005184086,0.6532215045936635,0.4734330698000737,0.8569587523607449,1
0.43322678818031646,0.07978633649910445,0.08533691318516656,0.9469648655597281,0.5625813719493538,0.6736676819011322,0.8582053133148416,1.0210137926731988,0.34956845125320407,0.8831602457659642,1
0.6489956149788249,0.7162949932405741,0.18724176008733684,0.3649319140644274,0.8799418452438115,0.43809329935027946,0.07396416330970275,0.29370939878318264,-0.04453411888565299,0.19112553056413828,2
0.31481832875755367,0.4827551455069904,0.5559072547387236,0.70689159395575,0.036973139288435625,0.4082802945481506,-0.028376853053922985,0.580308140104124,0.7294808206102544,-0.04448798867719972,0
0.10086221301475118,0.7747325707012037,0.32096502170286506,0.4684410154075716,0.9042969491982464,0.5230446306420086,0.9827328790584184,0.6174387961653166,0.570406622232073,0.044435026274062664,3
0.9344145851595834,0.9095973294063489,0.271890291462393,0.07294730786866879,0.7315975144594766,0.9472067293060641,0.8143248731562924,0.13642652107911885,0.27585300525047046,0.8441840753513717,3
1.489730112683234,0.8081464971038095,0.16367989717024967,0.5129773905396791,0.21953366270357447,0.8068706752724631,1.6646666268893884,0.5402759005342961,-0.49355899136551795,1.007316873839098,1
0.13555229939031155,0.19529122519515874,0.23801063386143173,0.6830781103177012,0.5356463975159595,0.8504982510249791,0.7426900507584364,0.3148732494896958,0.6567744012063007,0.5207997025230267,1
0.5496747485243944,0.7894337417898218,0.8865283986385261,0.6765366623079873,0.4065285884588844,0.6895504065205733,0.03134424500513333,0.9325164889507214,0.4923726725295034,-0.3593468924633684,0
0.8197894802697916,0.5933673569094534,0.637316497712733,0.13251736368284833,0.03545148237261582,0.7566141356822296,0.8559806429341511,0.5344088628180631,0.5304651937850898,0.7835745014803628,1
0.6155408490444367,0.9315025721309006,-0.027149484947263505,-0.012105325305783662,0.4318729110152437,0.366464007156131,0.19379602762240974,0.41633522504732745,0.23180775776151147,0.8548337219949226,1
0.6306541016675548,0.7299354620353391,0.2751231074408048,0.22008333911771033,0.7809822387349179,0.4499158217870013,0.10671016013387558,0.37231066403342955,0.04233875070327657,0.2423976708262017,2
0.04828935886784844,0.1157313151226275,0.7685296778500642,0.30760107322298125,0.06908391659813272,0.2777598405504397,0.6341377873344212,0.40411635053347417,0.31306583448463815,0.4476837220127714,1
0.5868572346402774,0.7885709235369952,0.37400017680697933,0.42629903223435983,0.8696340027239334,0.07712833389226888,-0.0017846864529373133,0.13790719000265222,0.457035290562231,0.9258375467779978,1
0.6492103904883766,-0.11875913232019791,-0.06454224507146822,0.8324792439655501,0.20396476359551563,0.6071946088629783,0.06685215768095217,1.035850263931007,0.3512776319644517,0.21167436905377157,0
0.06724526604380165,0.4505555294431207,0.15065101608679493,0.1270940683482943,0.3929536680203696,0.2512162348787579,0.10451674369312602,0.4050553634653938,0.9123943285166628,0.7103201728284912,2
0.7969314513436223,0.3585324649804916,0.8804608653386206,0.7240674399318396,0.4785200598185103,0.5712109819168313,0.12164189630896124,0.7042679989056637,0.9014230244432422,0.41640201115651393,3
0.34957174345978853,0.8881161195663764,0.9731025283640332,0.6208454464571169,0.034824283600759676,0.2204360090790403,0.21070348523040025,0.7660843106914075,0.07174554379256001,0.3065673061233628,2
1.3269267592188931,0.9435110266540367,0.42241802995783995,1.2382292606196523,-0.08704280524173597,0.7855751191290259,1.3098981859988896,0.6202684661266135,1.120493079828247,-0.0072874342924018065,2
0.47886234464214494,0.378529447169805,0.9729039372664338,1.0124894000341356,0.4315410913455311,1.1253003275664768,0.21557832031609914,0.9395026727965785,1.1467208754057947,0.7144967840427603,1
0.06961082236443206,0.9090126357380031,0.12484680251573604,0.5214851969507805,0.49683808514067807,-0.0246556549465497,0.6576811227117916,-0.05798248089780181,1.1099560752945783,0.15550033446516381,2
0.7025603163858564,0.7913545055810751,0.31183177136655615,0.26978526978138195,0.7841590894532254,0.4728638305478534,0.11355119250186543,0.36135004456388786,0.012140794714538793,0.26749280549567994,2
0.5105297596482787,0.8236446060754481,0.9372682696512069,1.0012904794205557,-0.42100992205748833,-0.015009919111032,0.6262883354071749,-0.32220200325485654,0.6763542400312661,-0.22834903903945547,2
0.5098803665609583,0.3141430354500851,0.23746338430277125,0.4582562106983064,-0.005721949657078534,0.21101631691703934,0.2651181527826162,0.01456195317175709,0.7459978813584203,0.2663035964971021,2
0.590511189792909,0.7842487127986931,0.4455520575803686,0.5224032771974403,0.09009305260331031,0.9903637567291367,0.20058945337095158,0.28643674060943036,0.09786900277273261,0.6473225709234554,3
0.5219770638810879,0.16152622058408916,0.19082445403411666,0.834678198798907,0.6550773138233698,0.6758862387731189,0.8058976437309477,0.9251504039264805,0.35744203069318903,0.7266383557044689,1
-0.03628663332758446,0.0575906361014028,0.3145346969361773,0.7732536173450835,0.5346015733048711,0.7577765934551188,0.9232667933476322,0.23143364090532245,0.5751749194193407,0.39056736214427057,1
0.8770742013417365,0.5354383121745545,0.2858411632424096,0.7149755742406274,0.7742890363126325,0.7726765087391257,0.6965875004838308,0.1183259468113224,0.7580202763545847,0.9376805612192789,3
1.0348360093849815,0.6194859349288839,0.5456527695572971,0.7044768400049156,0.7462414928755938,0.6506708353302877,-0.0891922915582889,0.18396961753091498,0.26270826980704204,0.7506540958748138,2
0.41603193669986815,0.7742173931015951,0.2296611374166737,0.18432408366561276,0.8620714007623275,0.06298437632183641,0.15816466651470532,0.4894367110240187,0.41446223329327825,-0.13892017288971767,2
0.08372617499731665,0.8430288714729206,0.358057093348309,0.5656250386045301,0.5546684144133073,0.7280211348677358,0.9032027040180939,0.587811822027569,0.3922015235188988,1.016125811060035,1
0.26786992151591493,0.17362909823193848,0.5737057285311398,0.5938692214065321,0.3823056377774965,0.7768737109428865,0.65949370773528,0.5704195247247033,0.6548133429987186,0.45765810492318865,1
0.7142105146174408,0.712818947012001,0.01478881716808686,0.20113800438118293,0.7394533205001365,0.20750580099595503,0.26316070492740495,0.22486889509505195,0.6463921503850795,0.03463599319489642,2
0.1325750279311795,0.5800966578014566,0.4772701360544055,0.058063887630956997,0.9614458235252803,0.725597460802455,0.49421403037961376,0.5209706369126736,0.407721553676525,0.06847838191466236,3
0.8322714196659275,-0.20194305755071373,0.7937231969144085,0.39236698548075716,0.9464670480460187,0.42379014315659475,1.163308398858083,0.2442769199029275,-0.4352633806376367,-0.15120488473961574,2
0.4676878501578803,0.6376670099103893,0.827712187476652,0.1992136822830231,0.6897249056664648,0.6072438551409842,0.4253064460165457,0.8403884736152465,0.2002512578439298,0.8423113356043843,0
-0.17188785562316228,0.9820816689718725,-0.4820013342257447,-0.0004119929345286766,0.0065284617059769845,0.5028134551361744,0.5828506774317508,-0.14360458666352427,1.3845027074001028,0.8649495176577319,3
1.0795138297496645,0.9079900122467947,0.23179983262331094,0.03197033799575215,0.46887176076138204,1.1502898595789286,0.852973046318067,-0.030049371678702363,0.06554659637960486,0.789030746445211,3
1.2972550403791008,0.31690974423160434,0.6228950793424712,0.6477752975563962,0.4839254425780225,0.4940493435756683,0.966792463797064,0.4401649211060649,1.1685646614430671,0.12572891444574796,2
0.18547328355657558,0.20099231475813226,0.4052530794533955,0.5576565347684771,0.352667127049193,0.7125210916547838,0.7756363517701459,0.48378619783262483,0.704748610682102,0.47281905961941545,1
0.09116431653201809,0.7975902518812661,0.12228419942077563,-0.24333858615035114,-0.3426933933454944,0.7965629355468602,1.0675443172717336,0.5706628674576973,1.1656443437106707,1.1774311446891548,3
0.029261650894892192,0.16205436498507655,0.3198539019282924,0.6987070293555253,0.4977945468527751,0.8196567857179343,0.819224173193032,0.35345703202296613,0.7005400695370023,0.5139320546388794,1
0.059457466777264684,0.24477634142872962,0.7242370848996225,0.015911243390842513,0.039963042091584265,0.2790604492180492,0.14261088397072008,0.8521723891485784,0.4748596845822664,0.27296701650785815,1
0.5504459543763557,0.25482045096907013,0.2604821443259329,1.0136541629189801,0.17665985910731827,0.3921337985161386,0.5135879998247068,0.6652801484211189,0.6614324553531125,0.1433031850247679,2
0.1662892710846204,-0.3688604246161354,0.5728256830525249,-0.18025454794260717,1.241419396148007,0.8301669657020303,0.4302147594047181,0.4494339930799805,-0.14693728036868886,0.3261315980125705,2
0.9068792445300153,0.1535266238386099,0.28044823057122764,0.027692824510978778,-0.03346410755626254,0.04554716316088654,0.503544123551704,0.7847080879751327,0.0632652440573329,0.6464761550728562,1
0.06125501602648159,0.7934237143592119,0.3224089564759775,0.5282760430562564,0.9030419681628741,0.6014494758811112,0.9016960209242489,0.6430912465755905,0.6403377868669132,0.05512487999625691,3
0.4995284871820541,0.06529679296089187,0.14252946397971072,0.8982779361642493,0.5404620456244967,0.6983882376158154,0.8926794340868878,0.9991054796953844,0.3582382087235278,0.8966797696334081,1
0.19336647380027813,0.23511107348255453,0.08652465279146404,0.8881586210415657,-0.3159183821883337,0.3332373593179564,0.5869145383922454,0.3602514359485334,0.7272635768305193,-0.12434387627935456,2
0.8691584884348628,0.514105555154948,0.3394757290310524,0.7629363474209399,0.763105434626494,0.7335842968366713,0.7464031627445288,0.10356431763075055,0.7810248211134959,0.8982846437222973,3
0.012039187061235627,0.2905730676698387,0.2008465878238202,0.7733234419734719,0.5548673462442835,0.9167140381935555,0.8733178902633237,0.4184215121550379,0.7318597048015971,0.4936102549560965,1
0.6583302105656574,0.21177150960719174,0.2412659849680521,0.20215349420245804,0.6770069259519941,0.0016035589303056083,0.5709284609678256,0.7860735113580237,0.5786698232015681,0.6399426496258576,1
0.8950198935239885,0.1518454135093969,0.19837487948117813,1.0647151953698215,0.6409268336084947,0.40415333493574185,-0.15560058537465896,0.8754680967550442,0.17250511849573277,0.2611942707999096,0
0.42347671416258603,0.21215195560850406,0.11269628082640967,0.49126023645998906,0.04930910845115777,0.16016890086098978,0.7023258825964404,0.2967554942368097,0.9061253427082054,0.11754643407519175,2
0.5451446607116559,0.8331762140579743,0.35183718996673247,0.48388175124019017,0.7738162404447563,0.13854149851466863,0.04112424529421653,0.24850658406371667,0.539989234571058,0.966882109562585,1
0.9051583247043579,0.45273640868826276,0.7016758186391668,0.24593974233081775,0.3421581446389381,0.6319317008979614,0.9277864131571812,0.6293046708568591,0.5583528116580725,0.8285736097703446,1
0.4057094868838381,0.4246941286456345,0.3424636797468978,0.8199190068579506,0.16621610665622386,0.3431444303417626,0.5840411849741433,0.19314991772665568,0.972524761018855,0.06362114487217875,2
0.48124254857504145,0.817159011755976,0.36340833460919636,0.5003477343604293,0.8403078872820268,0.16369681283388854,0.0012378953844295881,0.16611700568269394,0.5167888673025425,0.9623036846072026,1
0.30825111512596715,0.2642767090174782,0.00985435821652672,0.8592378542716672,0.44494072745432617,0.7339403472682442,0.680536655392881,0.9767294740912288,0.3207353097945684,0.802936774674757,1
0.6752403404754652,0.44908011812408405,0.040115524547506776,0.7396211992213926,0.22534806398103857,0.6401208243827963,0.6881519254184654,0.3646251775681218,1.1925042060461697,0.27261902974108176,2
0.21345329682322597,0.9004278971164149,0.09148988923203506,0.46655300876802924,0.6654611896044546,0.7902751253432675,0.9055425187168248,0.2754888686035728,0.6869341264484485,0.6977529814624868,2
0.3015704488519755,0.4677045581708509,0.9370984960916299,0.6750415590144903,0.3721593799958101,0.7580565623379645,0.12817669715514118,0.640592282491563,0.9527948836021725,0.463815168207931,1
0.502576702557621,0.4280017417118883,-0.26124375951452294,0.179716531242135,0.013942037889775466,0.7624557854760965,0.9214392924602658,0.07944326187160289,1.1651176115128044,0.642211827540418,3
0.6626462600603009,0.7251408446896391,0.7651473155023072,0.4575533848172606,0.6407295132732349,0.6645449523963547,0.8527061181909709,0.09485714334752332,0.18914993399234764,0.36189176226886366,3
0.5887412220075021,-0.26728312474922766,0.2604254345015686,0.27865833529081085,-0.35093476122399675,0.15654790588533662,0.8982228401327609,1.1227985252907535,0.20776836816319227,0.6217998322215323,1
0.16080907495246932,1.0126720937420925,-0.0679044372633814,0.5926816630650525,0.6620960744355956,0.7000185153616747,1.030262890721313,0.2677731854388251,0.712243239720123,0.6972935933399902,2
0.9216146992989735,0.5715649301313632,0.20649360709178916,0.7803688968898195,0.8426492992559347,0.764655033840072,0.5836108361322903,0.06177506576128916,0.795482724640777,0.8447698851334272,3
0.7711487926192144,0.39895290076271517,0.775391742719437,0.6820285569471694,0.5300996412354699,0.5904386462173319,0.00200557619826712,0.7818576634217271,0.792430501216651,0.3074620852832224,3
0.6200593783652194,0.4757517541258844,0.030373852036509743,-0.03529787951670416,0.3412700497092882,0.43799885633965324,0.5228039253155367,-0.08811480967818042,0.8908426281545638,1.1270457645082506,3
0.7222800441525354,0.672947119005636,0.28412777489877244,0.0021060759548986313,0.856779781343396,0.09511933378878756,0.30904710072235836,0.3049405107108109,0.38499346792859235,0.0814932774104597,2
0.41190324614776597,0.5329495238162201,0.9406474296194072,0.7134467357272166,0.22871360337668856,0.9115886674085217,0.05060942072093198,0.7616866884973991,1.1227613406378765,0.2652773646589017,1
0.1823884582563023,0.7570119243451788,0.36755490392295087,0.39100056224773694,0.4914804635554524,0.5877605151359075,1.0958175139621216,0.6225657323082059,0.4235332774290814,1.0863525205718554,1
0.5100537953453045,0.8324478560443078,0.2988127957321825,0.5018316434305198,0.7804453418665507,0.15156503663972892,0.0012840547546849705,0.22688263059111208,0.5489269493434766,0.9347559517024228,1
0.1724448736550743,0.01669585229983322,0.09054354290022347,0.019532760777222,0.7058377236009354,0.242437372619597,0.4363113845341456,0.44469453506348017,0.2436691433968176,0.1882476937835329,2
0.3106587212780223,0.40190076854224654,0.9942953151983736,0.6260477787705514,0.39175544267984336,0.7343426156877844,0.16026507842258136,0.6756628957320346,0.9297625808987147,0.43161917584664533,1
0.8478581343682461,0.24663650169462398,0.5397894867179726,0.5239249442691278,0.3838795168398628,0.21043621949181326,0.08401421511586447,0.3891550808191519,0.362025104883378,0.6015371956088246,2
-0.05202563657119755,0.7905232518221602,0.4004302658865081,0.6265267414948799,0.6668624801147927,0.6119195443691852,0.7989071438359594,0.691851746979372,0.3507204078831652,0.7767464799866893,1
0.5843699525840649,0.4903245673378599,0.9806580084516582,0.640961274782256,0.5667049700340194,0.7808287783359621,0.568193185943735,0.33477998763132844,0.6873619703153659,0.2724337586259145,1
0.46729646305873374,0.8477320997953971,0.04538430856623725,-0.1447057273277596,0.6663511666013539,0.10247423597921515,-0.0031300781998859772,0.3184485408909976,0.799817987617677,-0.32431130219748944,2
1.0629805501536387,0.01979027642887457,0.22773937084406567,0.03991596673545242,0.6160753967529646,-0.2000025903998663,0.2393334877061158,1.02048859375674,0.6136722994077825,0.711622996130197,1
0.7149451599679287,0.7555998064627252,0.33268571945564157,0.222218067214807,0.8332189791399216,0.47343104482330767,0.057516382756267345,0.4106594558336421,0.09882149438016216,0.34786041204920315,2
-0.18693250038375742,-0.35926992932878915,-0.33396254513401613,1.0351024751153473,0.025021594165549277,0.48154820950875876,-0.17035528819652057,0.17771187812810907,0.44682186058698625,0.7164642565496465,2
0.5340567944877477,0.5350265665384184,0.509604426606412,0.866428319433526,1.2274184309862983,0.15663506270462585,0.2661125013811631,0.5356787162379676,-0.14666145979931566,0.16836058474574472,2
0.8663500382282103,0.6090083583663259,0.7116363156479888,0.30472955345233854,0.12561424691610687,0.8265057927865124,0.9541523833299731,0.7225605371832454,0.3915207094231431,0.743362419817215,1
0.5623728839483519,0.13091312897593782,0.116038771636865,-0.06795500434589,0.6882379166600076,0.5647473576898763,0.38721159414346185,0.7108673656715127,0.4670704327741801,0.42635543925634445,2
0.8902854742792533,0.5409294285165047,0.6790467199551333,0.3071086933541631,0.21977918730489623,0.8224016270898448,0.9118996321436982,0.6143973959423332,0.4547749567396462,0.6915044974413784,1
0.13608733341394286,0.7903718574768168,0.40417327648043555,0.4203785683103626,0.542450643765431,0.7276504035638625,1.0054333429333788,0.6237049600813992,0.5309691006714028,0.9910080525478399,1
0.30209831269335297,0.21851494906860533,0.4698853866047277,0.7471676835602147,0.5895364771790522,0.6961746948962472,0.29796579004317897,0.31420650899976194,0.3725143857369682,0.7745514704243471,2
0.42250485213007255,0.07090976003414994,0.13360954504199907,0.9204590051298148,0.5688720730127863,0.6577938650589845,0.9611439675121916,0.9782076827936507,0.3931437282728413,0.804737532126911,1
0.062252017381934616,0.7559314046001231,1.1694927009419218,0.8635095525033267,0.34545031006483773,0.7555607376006506,0.027027915994195767,0.8978570810683169,0.6115854367569122,0.09465123110638024,1
0.9808530481810255,0.15055819178422442,0.38057193797211536,0.16671114691155683,0.011823479514932397,0.018067464038244725,0.5361065057690901,0.7701224127873935,0.02994559501523266,0.5251285475892157,1
0.23613890869326265,0.41909473539309783,0.18316610387232896,0.9425067390249682,0.18466867030796166,0.6782331353957287,0.5381609750550425,0.48796212992623067,0.06538667126600986,0.9438995829047329,0
0.8941916059339515,0.5707347263203474,0.2779911444113363,0.6819675070010991,0.8207764574054776,0.7257038659262336,0.6782891329871754,0.14159426655239907,0.7902907932776352,0.8620877438256982,3
0.5217235686426906,0.19880365851976048,0.023112970658210608,1.0856432203562203,0.40207065770806927,0.8489004434607268,0.6794235816509847,0.858015327720689,0.18310119304731878,0.7529618493359366,1
0.06117433049159245,0.22227076670254206,0.7183084262498299,0.041240154810496504,0.03431769181783676,0.2690256133619887,0.12095644862750798,0.8943251685861433,0.4880510572592352,0.32181654005519267,1
0.24123963294114345,0.9170663061420152,0.05619246726278217,0.4577917519607679,0.6367828169148539,0.7507276472894708,0.9549318311749707,0.22640765729913423,0.7262300244347472,0.7480877309311156,2
0.6222966804366334,0.6667892919719334,0.8642262958902182,-0.0030823934122971575,0.6099722473035507,0.6143517320519827,0.6860034248285698,0.8150479485937105,0.009452662019387256,0.3661070408787729,2
-0.03206433164430311,1.1831026722548947,0.5098582397417911,0.10973543193961088,0.9560138962950088,1.2623937431133951,0.16497065709523515,0.9755332601960053,0.8506596613997532,0.45650171103221876,0
0.6402522088522928,0.30154086414222825,0.8174766339084916,0.7146800561409886,0.4191480774137156,0.9369506794288922,0.4960329224224517,0.2419981063640167,0.5699109189365763,0.15850988947132527,1
0.22357276263357312,0.923168985940991,0.039826645848951264,0.4585741836439589,0.6532552338611078,0.7502731063947413,0.9698338399537734,0.2212714215992206,0.7304764473730199,0.758759050076257,2
0.8782853821551813,0.6277412839696792,0.24576068249546174,0.7166597658314768,0.7649132702584989,0.8268000617455552,0.6085327636876078,0.06693833386206534,0.8091868772023847,0.9081779646186123,3
0.5282117027326637,0.8688120207649649,0.15307678991625473,0.13271986146113127,0.9153341715093404,0.2700849504071259,0.141263343048109,0.22209095371033177,0.2873750934542928,0.44792660211421576,2
0.807535857369348,0.02426736185893913,0.49425009764219235,0.16813178787305638,0.38048263197496324,0.1561057175445803,0.26648612723543297,1.0107637340677829,0.8141867616363883,0.43070646876648955,1
1.396242386038888,0.057586225504558386,0.7231236727650067,1.3392229365984385,0.14810715167736088,0.4771999111087738,0.37631948251005876,0.3131548043081305,0.6244435065958273,0.3016911120577701,2
0.04277092620667979,0.8936714762604033,0.3435847746810897,0.49547717824620724,0.5210418563607498,0.6997477625940447,0.8817322958362876,0.5387356008933373,0.5233885419439767,0.848238799419593,1
0.9173802040825761,0.6011476547293516,0.8003492754598069,0.10402054167335213,0.5625028320510385,0.6186991414011691,0.4083937541269423,0.22279611647226288,0.7870741710049651,0.9843674951567084,3
0.611020572533621,0.6667924939485211,0.7692698163575747,0.395498174945434,0.5953618033340174,0.6133400395246559,0.8474193326830468,0.06780571507133829,0.17260252116014344,0.32438936653730993,3
0.30614976278359696,0.8535917982036596,0.9683173664069177,0.5883244437294369,0.043242282852959876,0.2186474427451146,0.25105938993584526,0.7875724028873905,0.11970670319266341,0.27631041266251666,2
0.3909382342600499,0.6076531749031157,0.8178216773667787,0.6164003473458896,0.19461750891025906,0.5464262264812574,0.12222148866383015,0.6955447402629746,0.5621992862650002,0.057074989864530745,0
0.5628536734340523,0.7599151106365082,0.2650970282844479,0.6092941933931464,-0.08670221921774479,0.20397360204680215,0.32358495188660724,0.08979670577603265,0.8478944885791952,0.16010750043843994,2
0.6327032020205772,0.7139223946619694,0.7974840441762773,0.4533007478454722,0.657248792846336,0.6474318391703373,0.8425817077496347,0.09918556429970658,0.18686522149615858,0.3589594331435156,3
0.5920035038133837,0.4191397195635994,0.601232623518029,0.6382637454866491,-0.27108050559149144,0.3905819767938848,1.2615165388870142,0.27073362499014936,0.505184628547982,1.0964823579810044,1
0.9323735355045584,0.4662773088616552,0.3490532956887371,0.7222241460920298,0.5016718689882457,1.0148936682982286,0.8378202846074527,0.22310692435719887,0.635544644694611,0.5246063858568418,1
0.43027821276545697,0.6236294286246169,0.08375828841614844,0.16615545298823103,-0.09635477396882738,0.8969077551995797,0.9072656687461124,0.3264260259871835,1.1317739925186678,1.0638013104538817,3
0.8106399110121705,0.5391393924523201,0.6648628164486664,0.2835436893019896,0.13528184188596065,0.7736401875306245,0.9685615373979037,0.7310217051250607,0.4067778440487154,0.7216277695360416,1
0.6054332424022475,0.9181298701216967,0.011332039291607737,0.06860440504509582,0.39648764615198484,0.3066276908566763,0.1411316905775053,0.4722716181640519,0.11314246038671874,0.9415740879677851,1
0.3391317675055962,0.6390942518668581,0.9487816876318127,0.039715969098569164,0.6616230802139578,0.4017725933666897,0.48692017601504706,0.8026121367917568,0.2596832478593172,0.9084865646590121,0
0.2604365472016043,0.6243154783293463,0.8739408586895605,-0.01663211757379862,0.6021198332546593,0.37062080613311543,0.3888491413751116,0.9718038876327479,0.23976314916682764,1.020967464419212,0
0.06756673617161299,0.060166927750212665,-0.2560474504870883,0.10141210270977932,1.180674243762466,0.6069696485791933,0.3455506428394302,0.21606918710580772,-0.19537331350951959,0.3096037464329461,2
0.18346644196960352,0.19429055160533826,0.7389491621025702,0.5331290162589787,0.3988726131211687,0.9733367889709348,0.3075544173266581,0.7529705640643733,1.0931963785366365,0.17999659846159138,1
0.07226686674109269,0.0205223650936356,0.309912305352902,0.6753407205816045,0.5723800393791044,0.6599622035605894,0.6159936280954629,0.46180697649767044,0.9389108965078438,0.7282176816671384,0
0.8887053244779513,0.740708215029204,0.18508859611716144,0.7848512549877057,0.314939700483345,0.9274943477392487,0.7103260814808428,0.20328602962030423,0.8340297019273056,0.3098589832425367,1
0.2968113283834549,0.8826040882144697,0.9670834499231756,0.5931848601131454,0.07440099552037155,0.21505015164531904,0.2310993062503094,0.7541302775098401,0.0728484897599235,0.2964318466041117,2
0.5605237321804499,0.9811574537467843,1.1956600147540994,0.007516805394919168,0.3756322580239587,0.6759525568855773,0.3613352914835377,0.6933808900023316,0.1956790473903569,0.7330999196969052,0
0.6636129499619287,0.7013158526700813,0.7506668348795675,0.4886237297158766,0.6135194159625501,0.6732305781364576,0.834736655997433,0.0887716139045544,0.230031179490237,0.3338543793055207,3
0.6098721787531702,0.8045872880095671,0.7972444686213079,0.429519152327646,0.6394830830442148,0.6110822598547716,0.8505794149401038,0.03514712768694383,0.11666493820816723,0.32053954483064234,3
0.5583450557992724,0.7917356994585673,0.33633900189418975,0.5314891092709744,0.7799182566573443,0.15052389270040736,0.048394077501361925,0.2036652700422299,0.4994434746745414,0.8810232515592044,1
1.1226569643398885,0.26799917706924714,0.5477428880744722,0.7517473495817328,-0.14845102967261325,0.8072381986899109,0.2893997529617154,0.5337157012334557,0.19597856216522277,0.3410190981929898,3
0.342464271148405,0.5971471098618826,0.16061114663443096,0.32074084703493355,0.5689912510332289,0.5352551660310407,1.247533915686197,0.6883583738072592,0.15060172799705607,0.797926375224724,1
0.0719388416838373,0.48407286590409204,0.5183940808840296,0.8150734442745597,0.3923841181298048,0.5612419284529526,0.5297698670113787,0.8746210163541738,0.3897022585503026,0.12856585222983527,0
0.15262536984368597,0.6849056534600809,0.39082780013659196,1.150756457639059,-0.2191833270296531,0.05743410653165287,0.12314577828724405,0.0625526359725715,0.5261868637654754,0.5076516977116825,2
0.8111168988823917,0.21718645265356318,0.0588965241517051,0.8748101633296244,0.33535014897609394,0.985129368399423,-0.3818936116554058,0.04637462251118599,-0.4082692701078917,0.33560903795525343,3
0.08219659293277605,0.4606686879097385,0.37761948550045954,0.7027515691997726,0.25646909574936594,0.470536246457244,0.6470490080351873,0.8715083739761283,0.5031278742006942,0.16545793108998472,0
1.054468353804431,0.6973818166684229,0.5685551330281127,0.4513541819357201,0.3684665423142246,0.6947683418548276,0.8562626838414215,0.5427423737843308,0.49992852282946143,0.8297085395564707,1
0.13780340002154784,0.2771123149447595,0.06291029308942296,1.1512262583737356,0.667155865613716,0.35340890374244155,0.6558572313865041,1.1801672778396455,0.3153079658978938,1.2511754561176065,1
0.3914486316108414,0.24448361357901294,0.5486917339042032,0.7682178255488287,0.46065234764722734,0.6425850784844152,0.2879757555780485,0.34872706931122865,0.47553237336721665,0.88757196595186,2
0.42705567795473104,0.4740468181829923,0.9219787614825896,0.4413866518846,0.5049601771324058,0.619146538717473,0.3466842876614895,0.5330184735349595,0.827661955316678,0.46071793067925404,1
0.6811780674132786,-0.7623832779754188,0.04032398694530595,-0.7382030197948948,0.6171998991876846,-0.9009197950788091,0.20843881105785267,0.941276936590897,0.7340707853027031,1.080999568942554,1
0.35718005385581253,0.500557731256127,0.2071409409462695,0.7630709098803352,0.20839847525747066,0.5459905194517947,0.5499497682579015,-0.050875050528663146,0.868084220191654,0.21359228938318606,2
0.6353026590034981,0.8564424872268022,-0.03925074875177223,0.10697857957154822,0.45891242396638815,0.36241282170350686,0.1200912363133144,0.49353049408514865,0.17321138024021893,0.997426637597179,1
0.07015690017723361,0.0850258234405879,0.775049524839482,0.34106042117742663,0.05852834109941115,0.2944404182990611,0.6540841263719811,0.3724871898944331,0.30425639973886326,0.4435816099908455,1
0.9737621855290315,0.6909858156834777,0.06483896529012911,0.6279537342914581,0.22365597778061613,1.0254750207435588,0.9625473884264266,0.6642706644153694,0.7690972721739131,0.40914054640627806,2
0.37322060999208484,0.4838075982032378,0.17416813584868354,0.8771930994360523,0.2946541984580958,0.817664457839216,0.46103546667808826,0.43861750028340535,0.1302558762349128,0.8376277853096485,0
-0.16174824807392932,0.049266707948580506,0.3392638532926914,0.6103709005956905,0.6091885053484739,0.5109176677699142,0.5344935589933063,0.6501543621747008,0.6887551153242122,0.7824564446527573,0
0.8990361746649839,0.6367570328866308,0.8088105269878739,0.12580534770908988,0.5554244038462645,0.6638052076285108,0.34117261730749565,0.20025665110724944,0.841818131910021,1.004738573527127,3
0.555573643086034,0.8477396459347624,0.14782505448974922,0.12294607296180722,0.8102860670823636,0.027895850837445307,0.26996512153672875,0.3523155089416074,0.5629927040103782,-0.016953383713406288,2
0.6003059726019476,0.8548610306268933,0.05210048322905251,0.10656190774479384,0.3892614751928863,0.3331813634937777,0.15382285405541318,0.46484967627950696,0.09885802437245839,0.9057415946337456,1
0.8708423712060147,0.6066345245238512,0.7875650001534968,0.06169619984551122,0.4866836398854838,0.6578087240539271,0.3069328740132076,0.1899815904355376,0.8277149110523055,1.0190306859409166,3
0.5939998833034791,0.6245176326221957,0.904716992021431,0.46974007726689765,0.5473972368550645,0.5822278708180764,0.8201609084311817,0.02239626004083084,0.22652967836481172,0.1942941538961328,3
0.20124987443005216,0.04286557988620304,1.1844596982539577,0.5406245815418744,0.23000242340408797,0.889807176539268,0.8183241341268126,-0.08318572518280343,0.9888023960517112,0.076915304101355,1
1.043057402606423,1.187701891546482,0.4451152900990735,0.9542704694218218,0.6550612374993945,0.6336643499980907,0.057443003464558884,0.5417439135224196,0.3337793495333292,1.0887102130347344,3
0.9456052702653297,0.5912446312685422,0.7135877624871391,0.031461246209459635,0.574429173592935,0.6502347965374089,0.42025552545195605,0.14394348048298308,0.8031102280963794,0.9853233214533434,3
0.846477004524965,0.5439226967440051,0.2494429504605942,0.8176727042109977,0.7570196186519149,0.6279566980449757,0.7156739881723212,0.023006820938719086,0.7224618858386671,0.924143202987797,3
0.894439972214453,0.5846661207132571,0.7513044438991723,0.0499835286257999,0.5844381635996219,0.6081849364626355,0.33533044166463405,0.18533281911381905,0.7872102643944531,0.9580952992772143,3
0.1386177776739541,0.5291380002673863,0.48346117095959956,0.11108494942643315,1.0432403538293011,0.745627963896899,0.5440068544986041,0.5999267729714596,0.4634431135697004,0.07174085842910077,3
0.5324649990056196,0.9810347015633555,0.00711180913795636,0.08205427402418525,0.3575817423494227,0.41741849947794524,0.18345269189668514,0.43422996155607274,0.10476168757148416,0.9705831014556779,1
0.7022907173322925,0.6497879098236107,0.8145583360203658,0.43178795080482624,0.647938117773156,0.6087943297621236,0.8860450593607273,0.09414278620213286,0.2501105742837486,0.3107647682203091,3
0.22919833711344184,0.7069849728277837,0.7983796684262988,0.8482440172449002,-0.12295434190144489,0.56240748869171,0.29287959434592015,0.6127195006813334,0.33517683737208553,0.3319138745948952,0
0.2985318024060684,0.4451510777286325,1.0367103854859714,0.685663414339558,0.30435246348816963,0.81299704391833,0.12424040069439632,0.6169797316601959,0.9785387713161657,0.35250677540358166,1
0.43369282756454386,0.4381890497046848,0.201718686970681,-0.0626488236845455,-0.18602251786957918,-0.6123259718399878,0.7270685260716625,0.8254337420378703,-0.4852901001731764,0.0768012910067099,1
0.2369719417130121,0.6282365952647342,0.5093003655060798,0.4909259048914858,0.2878183139490869,0.6048227356425037,0.579732188049305,0.21190192505275504,0.9801418994496106,0.37786179267235565,2
0.03198420584090241,0.37663051934218744,0.4414046244882637,0.8043425419882917,0.3744221307035403,0.6172991298400703,0.49977335888619234,0.9145980625634683,0.45297616389362144,0.08982208754547763,0
0.6599427964290835,0.2464718556159609,0.17195869809911446,0.3280210345742613,0.5550462472030135,0.0003885475399149803,0.5989418254283815,0.7394900311435065,0.5341946477043736,0.5908102413362831,1
0.1835957239847992,0.857500751986033,0.39275251703407493,0.4984627045132769,0.5879277249011743,0.6446905035278085,0.8348650595380178,0.5886856442760828,0.4190203503784327,0.9833384213131096,1
0.8677535514551801,0.5885514263524569,0.32336616094011333,0.733987830705311,0.8199735585503609,0.727661231737796,0.6937081237046153,0.1183001128717021,0.7554034500299567,0.9439515672123929,3
0.9128333877972161,0.4553537139025934,0.7320081081268368,0.021930625009508646,0.6320809690498101,0.6899886934659227,0.32988411656461303,0.05165079563901284,0.9509672094246018,0.9936025902759447,3
0.052312150671601304,1.0017534717292214,0.5653115107374516,-0.04389190268467985,0.8348918150749762,0.9042948490865421,0.3087319523502431,0.5016917115742615,0.22478783823982867,1.119397932816617,0
0.34865536195503904,0.854924084671356,1.0046790446272622,0.5714867656444379,0.042409898351207544,0.2522649508672046,0.24938695763487204,0.7928971238991827,0.10499140347549164,0.29473367635817926,2
0.4519757795654503,0.07331041952012934,0.0497338317754354,0.862920807024781,0.5856112850791061,0.7243983936089542,0.889772501990483,0.9480489310463409,0.37255953094775734,0.9158632365123889,1
0.9271391386900474,0.08903801829814016,0.40683536801641296,0.1166370245244881,-0.02776652734686707,-0.01880120457731678,0.5641334638140991,0.7865851821345952,-0.05009636380974679,0.5446258784820269,1
0.49108297609626983,0.6426877934082911,0.3247672217928683,0.5921435570742285,0.03870541618220995,0.9381540518923626,0.06823471709005288,0.17623479713540402,0.2337996547013244,0.770510274448837,3
0.807234890057755,0.6636049658807535,0.3916903052228575,0.9675356308337444,0.2813989145183789,0.549275331970835,0.9840516680295526,0.2748460042483869,1.24322871454729,0.385573254013184,2
0.1671048690877059,0.527220181681487,0.48418505340487866,0.11352167154496745,0.9317335073074118,0.7771380856725099,0.5528559478196222,0.5502403409666679,0.37347677809472724,0.0719000831044756,3
0.11130501393419992,-0.0025372972869208005,0.2830142580422688,0.7526008434036752,0.4504139776656535,0.8437957621341049,0.7044750022688777,0.22549761220406286,0.7562313532783431,0.5828573368632264,0
0.3838246056686071,0.010879646935317455,0.06998200667284354,0.8717153950062027,0.0735340569452575,0.36357061417697867,0.6339777183075106,0.7121794985277186,0.3826575135863035,0.33653784370549233,0
1.0476215169887007,0.07374996003175253,0.3643723545381489,0.12863947017397712,0.027698622964780525,0.01550155306796629,0.5580445686776978,0.8035991918047828,0.04277439712844791,0.4419769596677786,1
0.1486525733997335,0.5157946085661849,0.3648011463642905,0.16806932152433557,0.8610068525845581,0.7923045439550721,0.5132207814861125,0.5567612289485225,0.3971126790919237,0.15847370926815357,3
0.7045559890030579,0.5696108930993706,0.008962753716619865,0.9222117515584484,0.024550221842548625,0.48717115657449195,0.8394294259449702,0.2982274057924619,0.764955949639159,0.11494510511618508,2
0.23537686638883268,0.4359948864570764,0.19160888153345745,0.9684346552094633,0.17906909693180814,0.6756609446401148,0.541067333961252,0.4870015877299332,0.09147079248041334,0.9545074375920947,0
0.8458824794051191,0.5988580491894888,0.30493037423638314,0.7437764880080961,0.8045327285798429,0.7680937628463583,0.7179990822865305,0.15237299264356832,0.7824962601246976,0.9026158780111296,3
0.7824239816316891,0.6562621039211518,0.6453110061570818,0.31858126466005676,0.03537536240888761,0.8038682920484488,0.9160124769915721,0.578140334984173,0.34907546671979295,0.7057155610479405,1
0.8800868144676864,0.7601666408176513,0.0406526163682281,0.7143473826687889,0.35934594640868944,1.022339588348961,0.7512094561684621,0.10161154477775766,0.7970989069057074,0.39997597834212023,1
0.5488086352109846,0.2653424105512798,0.18776273849594605,0.36763685812059543,0.22984895271047973,0.2229651414260052,0.38797726428527457,0.2318966369398421,0.816901068845496,0.9654297427200491,2
0.13151484536162156,0.24957754227875162,0.45220756398788936,0.6548847835011272,0.571240343321464,0.8290994449790017,0.9563833784833593,0.48496250565565097,0.6982354154573169,0.4383003200041232,1
0.09128687326182285,0.863869774294066,0.38670901823688464,0.4546364740039766,0.5135141527399554,0.7323792479465147,0.9537665244446546,0.5878633886259864,0.45789076684822977,0.948825816705713,1
0.619605227664585,0.29656522634848387,0.2012108539773927,0.907836144968529,0.15068118584006102,0.4415719299120253,0.49021694271149274,0.6661605086690762,0.6806968505110628,0.1325491425320111,2
0.034784665237929224,0.7615959831687527,-0.07180677752135076,0.20469188644781205,0.4964398901134509,0.8886866611618932,0.7089332873001377,0.006573937503624949,0.6311101675299091,0.685664246764285,2
0.14280865037100532,0.8824714626519138,-0.32173194600036104,0.6606455384288634,-0.1036354230290818,1.3142017213127668,0.9347282764491593,0.23968023387296952,-0.28900442641698487,-0.0403161478390458,3
0.5375234897092539,0.4056407825296741,0.9098184323365243,0.7348285958554078,0.4669152499897122,0.8400193979204225,0.46717863643051716,0.32808432935119924,0.6624934567003837,0.24954825640426728,1
0.5131255878649551,-0.10476662638984707,0.2153452491786122,0.6542610763750645,0.6913137494300886,0.6666138220905417,1.0690816736207673,0.927941036801422,0.3011149475995457,1.0978827188608231,1
1.226013454543694,1.5372738316809507,0.6431674155250453,-0.23463507923661198,0.40175697727652715,1.2401990240320515,-0.4084530277859526,0.6292685240010322,0.6156699062631792,0.8293144234500516,3
0.43419471611871713,0.18366620052242605,0.11870686452290631,0.8378628447053393,0.4885644355665682,0.6509710777069225,0.8850998874608397,1.0408063788673219,0.44664786255625333,0.8446814477545649,1
0.9144651212808769,0.5222291900532201,0.7011696162959141,0.2323629809137216,0.14368839498350872,0.741640222540879,0.9716865563793471,0.6712590738636878,0.351344561700596,0.7839533966499724,1
0.6481876522975761,-0.11164529042739396,0.15238472787778795,0.2089888055540235,0.6915660972136155,0.2293552836670066,-0.20345236164526886,0.1248290504228115,0.8816841832725086,0.5846263476586969,2
0.020123373080419626,0.24564559577711778,0.6935804800390787,0.012174861198606012,0.03408256021349905,0.2810325074700044,0.1213439028536807,0.8545040435418683,0.4585176011396848,0.3060100294909711,1
0.7598410018282066,0.8234677162610033,0.13285363975802986,0.8335867288660492,0.7566589048049955,0.9827228568580632,0.6829501389355167,0.5623356326830312,0.0771959715154694,0.32624392292889626,1
0.6155002583783533,0.7916693273345777,0.41654405882971424,0.5953535115503648,0.7227673319149064,0.24890477385546453,0.11443415828244216,0.11078990206040681,0.61446285032184,0.9117080024929183,1
0.867373260169674,0.5168018543001995,0.31158747670921144,0.6912858745350743,0.818474441195432,0.7706749799280469,0.7009746218458075,0.10584729094389941,0.7713197488370662,0.9088830048153553,3
0.7670971868652302,0.4038832469305564,0.8666868581538529,0.7248621723773453,0.5180451503000973,0.596505244345979,0.06851374338892603,0.691958534803927,0.8583545654173951,0.4072989284465776,3
0.05770089172808235,-0.11279250946175487,-0.0013564108670038877,-0.0904482947093189,0.8813205316458813,0.26584593525565325,0.46324231000935645,0.34343008920708235,0.13730967280216333,0.3257342184859576,2
0.6341489146061842,0.6531686473621523,0.7056232152198931,0.5513260617826578,0.004152238797629937,0.9070380804896082,1.0108412050059292,0.6964704939109887,0.6782146434690879,0.5571486011730957,1
0.8580932508581236,0.5517897849478341,0.764575546688512,0.28012619776502923,0.1309596025725103,0.7600972738239372,0.9605450712931997,0.7083895555230976,0.39029204740838075,0.7407307958188141,1
0.6126869297004468,0.924191194564057,0.02095379614631935,0.08102112093147054,0.37286947532316783,0.3385262531749684,0.12267344211992956,0.4763771912752979,0.1295762633952711,0.934356350077014,1
0.531368480599166,0.8474639918705367,0.323836138177977,0.5410319462009092,0.8129035073809993,0.18657097437013614,0.011962081040596895,0.21049619070061165,0.5457330602798329,0.905614445403415,1
-0.04253869871386909,0.6132551975825029,0.4712561162294644,0.7612313114047894,0.5533075502796216,0.6370391467359552,0.4588346430999479,0.8452076762034714,0.48712338185233695,0.05379691364122806,0
0.23391077016966638,0.47486665319685206,0.928245121091056,0.6421824019690878,0.3951207806926301,0.6832136147268522,0.13171635457203337,0.7101852087675982,0.9388361539728407,0.4290791621287684,1
0.23210441528300862,0.6690121489223524,0.36295380820745,0.6928601492366634,0.37241435747302404,0.5793948342199204,0.4368970298076923,-0.0914586341787339,1.0824561998824926,0.1290130031618872,2
0.8632428034150365,0.6649579721217609,0.044446861360577544,0.7429496911848331,0.4804391081343322,0.9111377904640277,0.8152409044585427,0.2528193067174256,0.8386281276095678,0.3288504955319388,1
0.5837432282989683,0.8587107131565326,0.15717520870812002,0.04748734918445841,0.7830923343832517,0.0853076572571474,0.2406474122848576,0.4305148601297803,0.6398201483115897,-0.06563037798173325,2
0.8113538483604542,0.5635389545513962,0.29085550969622176,0.06790433123151063,0.37760954431170196,0.28731981002079476,0.43780279975696157,0.6863306339082255,0.48671501842346654,0.3631597109593688,1
0.9027039654050841,0.02091594910229741,0.11341803043130678,0.13818815698051645,0.9268845934030117,0.23897228962456912,0.6663931698453667,0.4459802403157072,0.42477098599320484,0.3922518492905007,1
0.3813912284921924,0.09463608899029871,0.13520049076872737,0.8479867633589938,0.6638302802280452,0.7775355273918548,0.9927103742133596,0.9450056388834451,0.30979540904016295,0.8253627809277212,1
0.061782854845095186,0.16986268666626408,0.3364108214910561,0.7110821793828894,0.4682381897101003,0.8309901606212275,0.8485118330946646,0.3577189774143911,0.6701140179044598,0.4844396745472672,1
0.8775080789331156,0.30214623546983976,0.485846967967118,-0.29694281560403774,0.9891265644925467,0.22583354580453088,-0.1792239085617528,0.19228392432923033,0.0022349149419014225,0.23641242765952372,2
0.04204067525774447,0.1172030898491405,0.33589409265502485,0.6751522426164401,0.5014846530197563,0.565130556536588,0.6131334975224307,0.39374218330083377,0.9181312425711627,0.8154039135550432,0
0.9348430589654049,0.10774101651165868,0.10079987991715894,0.4784627242393579,0.33299254709730963,0.3564792239640979,0.12315537513080865,0.4986438406927373,-0.3618630131473758,0.42192412537148893,3
0.6002167880661557,0.8287311526129159,0.2667936663414444,0.5986184970659523,0.7549140951179297,0.24991131173652847,-0.04081526852753929,0.11916820234354387,0.5175504429449691,1.013568848616278,1
0.8240128334062791,0.6620994362908014,0.858133678751042,0.6406002510708473,0.8306518474790119,0.6066034177432731,0.7728888056299148,0.013304659975000466,0.0764587106615215,0.3883980447835288,3
0.9532032166031819,0.18319025709884507,0.6731639357416896,0.4628679089545426,0.3656664871769863,0.35695227775931593,0.18870537207061652,0.3080189639007282,0.5308010821684682,0.780583037984684,2
0.39450311442904956,0.3952883621843842,0.12941592094240364,0.45504672394977047,-0.062458832120338204,0.08368246497091036,0.7371796854021968,0.7029918127825591,1.1121843702457415,0.09748746336854189,2
0.061350474830389724,0.8387742841939234,0.3921397403348767,0.4692551830038109,0.5278664075046177,0.7316113553410696,0.9673847833108424,0.5573752628112557,0.47457435113138746,0.9088438920067565,1
0.35856422133973387,0.3978660533787506,0.34630615233769885,0.6826870278998258,0.1798544579844912,0.38813489418792707,0.5172007434031846,0.08855357108505497,0.9437660725422211,0.1901242290707013,2
1.1169992363889452,0.9170863323484271,0.25428725676246106,0.2941986897260327,-0.862052306697071,0.7797931722609749,0.4490091635180409,1.5320281048713662,0.40585889234730627,0.11497794836750552,1
0.9099465546145251,0.7295401059418564,0.19021027418005998,0.7328002491056392,0.4364408391903618,0.9114451029955478,0.7014350187632391,0.2083144787349962,0.776094841628922,0.35802031871544976,1
0.517678640964479,0.4399977825989225,0.8923285015206819,0.6930118301725624,0.49575516210823667,0.8123292798501149,0.4720598782198838,0.35593240520046593,0.6861006603014611,0.21762881896639258,1
0.8266756819867553,0.5751051024231137,0.5926251870091548,0.7899474148765128,0.10335496623754656,0.24504033311749096,0.6284222009171141,0.3400699290751864,0.8723271726872758,0.029908115800483054,2
0.6012543273201748,0.9100376380046157,0.0012615155406398059,0.0681456090858563,0.3866781451875626,0.3266124587612198,0.13250676956974725,0.4776076255269725,0.13336210224599782,0.930040125622161,1
0.8220774235634812,0.4742434225155272,0.7946972006833231,0.3706788203794197,0.5775150861060316,0.6684484202717395,0.7801324284230434,0.2972362112016333,0.03835621689567145,0.44740878748848234,2
0.366284775894417,0.8695815743045727,0.16493670480991351,0.12087938556356896,0.5745627623318554,0.07013993387424503,0.13722804303272537,0.4496852568546702,0.8030854335830828,-0.1027296177657034,2
0.5840814124021477,0.8720367750509335,0.1637212127516671,0.10938942751699446,0.7780035610414976,0.05558952626039168,0.2570197706235059,0.3723001346826115,0.583662606569939,0.008092351988798296,2
0.01815919725984332,0.12809388387478085,0.7421077696778721,0.3009463958328811,0.03517897907899817,0.24847177087998268,0.6302286026502694,0.36899384303896987,0.3029900956327418,0.45105187367717325,1
0.5206938545778819,0.9839295005048712,0.3449622609818628,0.6416798899099129,0.7977476610383348,0.33897514652893146,0.09825308751854503,0.1622243974962449,0.455293987202558,0.9361166940519248,1
0.38042378941428356,0.7982166755286391,0.1480335585193036,0.5041407060380909,0.7469039890380059,0.6906491044551825,1.0240429745473212,0.31544209630997694,0.7596087309123916,0.7147312437732797,2
0.905758780875973,-0.13352938894296623,0.12132067435163899,-0.2989416309279692,0.8825062094596244,0.05117933216961699,1.1522137705164435,0.9722061946279483,0.5996944481879898,0.8207560102730102,1
0.3726821651572723,0.16117330977858468,0.27913911770651756,0.9515722147192716,0.5412566476791358,0.6740679930061152,0.8145179141686424,0.9430579074047549,0.2514509221199645,0.9911377589499433,1
0.11915688713044653,0.3688812321494738,0.25099116542888616,0.11284991034065715,0.4741347490000593,0.32069309575684396,0.12064537869365621,0.328031509646651,0.9511734736511671,0.7225275385535669,2
0.6459763168247344,0.7499704820411497,0.4585673229224471,0.5238438250240537,0.13210378463567374,0.9770609686287599,0.13233017061406746,0.32501881129113613,0.16636307091440272,0.6548057898131833,3
0.2687493580121101,0.6742523145491164,0.9056766537895974,0.08536267735108853,0.611932859248299,0.3991948273292964,0.4224711809199462,0.8358465935169456,0.272936829338864,0.962842204555733,0
0.10723670874114846,0.8275333505656164,0.46020821104590215,0.3932992031928419,0.5208180993249076,0.7930655182110439,0.9978409026908377,0.5607478876567481,0.512512297053598,0.9280083517738082,1
0.974925314939122,0.10662088021870289,0.6015517721247906,0.5004250447750174,0.42583172332574404,0.16148861675007584,0.17225464553176006,0.27196165499098446,0.5399838977134128,0.48666124942335554,2
0.36474738516797556,0.43332945552482083,0.36606278102424666,0.9930799000224583,0.12292104400612733,0.40627027572919133,0.7230042584007321,0.6850444969405585,0.6999517966525318,-0.014081404440960288,2
0.051878513555638855,0.13892552185840698,0.737502397299753,0.3419461558477699,0.08340893928326332,0.27334848032106157,0.6181389362711524,0.4165840806286719,0.3321703541601582,0.3997475984783559,1
0.4923174751346676,0.04795811550587824,0.12523907155780756,0.9023101541970878,0.5274941791647502,0.7069389269490024,0.8983239322857023,0.9960850968435744,0.3395540004535738,0.8705067259094719,1
0.4026913241816684,0.7314491476456789,0.3371039873052231,0.36434862655247974,0.16008946190180276,0.95282024154757,0.335018692204168,0.1619057481376017,0.290483219203825,0.7476653096387679,3
0.652863522093422,0.16048964935834642,-0.1211480326609376,0.9386400420582435,1.0300522608843874,0.7162757207569483,0.560222852817032,0.8311021645385072,0.7244341002019017,0.5917039168622069,1
0.613712593874947,0.902606615272744,0.014344464293853856,0.06681392358496198,0.3873717852984323,0.32782036218746585,0.13998867770570686,0.4928207655625144,0.13844027166849274,0.9277817419870328,1
0.22103947674499447,0.48821467009418407,0.6079246771960102,-0.09113927731690272,0.7841862407864197,0.8257221147299313,0.517460658146142,0.41432573375365345,0.2397445527248622,-0.03554137122684735,3
0.5459310724742378,0.8259173826399758,0.37713111328930127,0.60176433481542,0.9032099867055301,0.17766469962969905,-0.056378343872444156,0.2675456612440635,0.4408597750006934,0.8528039594692716,1
0.5299304303486903,0.4914018974896384,0.9948903564331966,0.5334955787542515,0.5440223501258512,0.9070966366834164,0.16777924796396038,0.8873618906386516,0.7987308797179485,0.6462724481398046,1
0.5346368813727636,0.8143960810040051,0.13868172932936726,0.039393207298191096,0.790778418170172,0.11380747437846958,0.2521344965890575,0.3949446609145338,0.5675429752064541,0.07231700602589425,2
0.00016650230645526287,0.7026536186074208,0.3462684477991994,0.09717115429797367,0.9478260071256035,0.876547276936131,0.5939515348824281,0.6338620992841815,0.27119770639832125,-0.0669677164792388,3
0.07230670145842197,0.12934669696256923,0.764459687845732,0.38714369110932606,0.0060567472153251825,0.2520542125281704,0.5895952614104063,0.411798138291653,0.24765911146920633,0.46592413742013816,1
0.1987073119739867,0.1561895294234803,0.6381854367469908,0.9028361890547938,0.6417358705007624,0.6550497362862425,0.9661354320407867,0.5028509093965361,0.5394183909442313,0.6998775846916392,1
0.5922499573521011,0.2894323307527383,0.2444067692738368,0.9547078480229401,0.20052987786603801,0.4011495347846303,0.4534922988303753,0.6349667513478812,0.6531518843644666,0.1782940090341531,2
1.3010539521415398,0.8657616159501602,0.395942033806208,0.7896338753331346,0.18012211157197516,1.1472097922743196,0.6000319946052189,0.3792988620717516,0.995132675849767,0.5879323466525742,1
0.5982376308978895,0.6821381539481665,0.7537823628107302,0.4191747239471005,0.5960172375709241,0.6469972785241378,0.8516752597338877,0.03357904246729625,0.20000547658795848,0.3173499016775678,3
0.4716332758863,0.05758061372947976,0.3094483482868109,0.5743390637397563,0.5635592550955374,1.1553935588975213,-0.15197288972860779,0.5576545037565296,0.5932513497430284,0.3836678281409847,0
0.28846122874524166,0.37670528081360477,0.983834944520536,0.644492367572384,0.37432661101857395,0.7001673558711273,0.13874553728267164,0.6839272368330293,0.9533079597055126,0.4565353448380629,1
0.20549734240409112,0.7190212919473041,0.7917629120373785,0.22257486735280343,0.7461365324218082,0.3981385960721917,0.16505307800138752,1.109446092545143,0.42153163379301506,0.9446365998938603,0
0.02752550346008671,0.23235574558952513,0.7000143510802245,0.01527823517901063,0.04683822355790285,0.2778402016512597,0.13311837676671043,0.870628556626491,0.46545028082875467,0.29549521465674533,1
0.5856868274685105,0.2530984299675923,0.13415328760616585,0.2646121157669652,0.6892796883833264,-0.07944806371475359,0.6919103342104682,0.8641654296455669,0.546517301254384,0.6408668716116458,1
0.16144366291849682,0.4445278411740598,1.0422386288192973,0.7542146195401327,0.27397755914097366,0.8746853192188188,0.10199044297917174,0.5925291170090123,1.050602810144182,0.5699110114384298,1
0.8667102561551271,0.16381242858299758,0.5434857077714738,0.4056379724655713,0.256117833551147,0.2981599039897861,0.2085130107084615,0.2523354697939376,0.2332590049853662,0.5563863258251104,2
0.6178720326959632,0.8860984727798348,-0.03344483365252153,0.08911636854452065,0.43771534854478455,0.3244670861934147,0.12718126557315157,0.48013301823091903,0.21073540947959554,0.8726396766656148,1
0.6782946631060263,0.5941135804295888,0.0287531241788418,0.7648624769084331,0.20959714676930175,0.3721555817351814,0.1960047880976414,0.9306805854650888,-0.2164702340419556,0.6319365223617961,0
0.15381743219230476,0.37543598001115497,0.19543418109596736,0.115896476075814,0.4580969621011759,0.27807446175621764,0.10864618772273976,0.2976840174918226,0.9685098940132867,0.6969177685277481,2
0.343186618547572,-0.24235651951409087,0.3901200815849584,0.996984540310143,0.05864339374284064,-0.038817570635390874,0.37747920031369697,0.12449945517081173,0.5166956525837874,0.6403777647667732,2
0.031539148906557166,0.2351773500355867,0.6989503318133063,0.01726723968453054,0.04378504661280048,0.28011375159319835,0.1287421741604346,0.8686068096283961,0.4638281635315322,0.2967208650018827,1
1.0209739658828894,0.20861744459598214,0.3442578332570296,0.20414208818393503,0.10538518138436567,0.044126140404681505,0.5548613787854361,0.7770109728187696,-0.04407934417214481,0.6307284450884899,1
0.033249293538210115,0.2429832460994502,0.7041021232441846,0.013651070515401606,0.03767987350249583,0.2740966671220389,0.1354567584219808,0.8691790935019028,0.46545957741886634,0.3012032464641019,1
0.6034411790789201,0.13265195039889818,0.18701476840257675,0.1866070275958772,0.6755152697358026,0.13312768724798482,0.5212849058646066,0.7059137791907386,0.6535551340304233,0.6507884207015626,1
0.060057676458585806,0.8596018529107291,0.3947972035786757,0.4528544996468765,0.5071673458048511,0.712637497067617,0.9516113066080347,0.5546752389073897,0.4810242105577073,0.945813219538813,1
0.06513268401899497,0.8748282068310379,0.2574350276030344,0.4451571838029781,0.8262666905378241,0.4842267028312349,0.7998720980741051,0.559279834226744,0.5816538644714984,0.18180318900494602,3
0.09995030856960893,0.7384102274715575,0.24032723154816277,0.4581373248798023,0.8543137355644856,0.5835391727023478,0.8820033302894648,0.6981616583171255,0.6493095697366909,0.11921928194199957,3
0.3589518834204964,0.7209674696470695,0.7233140087761604,0.46026213521438303,0.10186523440981943,0.7620584307530712,0.1777497753071468,0.454739686120802,0.5616497589747783,0.32465304312892695,0
0.042175753681953705,1.001407926759531,0.3794214535224782,0.45129688878067736,0.3539606201873089,0.6691366478579579,0.8548611999390684,0.5456529073310182,0.4377972525319955,1.0423682591302197,1
-0.1709826694979596,0.31059222732094116,0.2825097707359832,0.6877942853447289,0.43009905985561586,0.7678914314365843,0.5683320568861979,0.23669046095318363,0.9988986669999962,0.9798903861465055,0
0.10693139895822998,0.3402263516320817,0.5980075519817867,1.054661636564094,0.17312828842836686,0.1732497344297355,0.3554690725814254,0.39294609456693036,0.724175662744959,0.7551279375388568,0
0.7899180845370907,0.465991585561163,0.2949495621032002,0.024794389415476223,1.1294569738296871,0.43337815932924556,0.7197541047251343,0.1356215875215894,0.11748145986146352,0.1527429039356758,2
0.6009676651850944,0.8480676037619309,0.3473705544598127,0.26079493783663665,0.82364960470093,0.4957870038523056,0.20065449133350977,0.370692821558932,-0.04836198971293043,0.24573281483138723,2
1.3367100797947555,0.9846309839670756,1.0663164070396274,0.6710737737059984,0.5770036142801986,0.6326382431802912,1.088945255947123,0.5551764971680222,0.17660128370220637,0.5050355376772732,1
0.09401174774292162,0.18717535339221236,0.7596844433575743,0.2469677199979016,0.033861372194817656,0.27545855619390497,0.6005072595800061,0.47269628183217477,0.3476770595521367,0.345809945716263,1
0.23224497358859286,0.374722959315125,0.25584269758863276,0.7229980747374563,0.2921151241037777,0.2679135684504823,0.5586487509675401,0.030394299009323403,0.9781177350706125,0.17084710070686848,2
0.8832279106502399,0.7464219207391183,0.2659929217185999,0.6389451716886871,0.451070967375611,1.4495436022712864,0.8506306630723293,0.1934992820623901,-0.4174268316895544,0.7702267256134887,3
0.8556537981250159,0.14955121396982568,0.7110918803180056,0.8651787824245843,0.5235940194694071,0.4147689602907776,0.5564954385176629,0.2888025556282429,0.08379521123994436,0.5305338038983499,2
0.7922512937514476,0.8144070685121404,0.2301375781110233,0.291872939208924,0.8399877535768764,0.35133006802052497,0.15503287101958205,0.5584417180399802,0.026203940713132347,0.28681249078039683,2
0.04856575411411188,0.298420300251487,0.4487958825959159,0.6120824897816968,0.42689068470723596,0.916950228271181,0.9563397700880435,0.2354167011336118,0.6693845306865683,0.4596843894538684,1
0.14093223861993712,1.126697171415063,0.2823250584500424,0.4799014887336235,0.7692913579771617,0.7992797841423267,0.9952864930624298,0.11180014060965089,0.6910370403813618,0.5026107853057017,2
0.5273935209792081,0.8381291074516185,0.32473316149527126,0.5046907440249981,0.789155955561756,0.1696141978306945,0.03816776968413757,0.2117961687161936,0.5477001986264924,0.9120875286450482,1
0.4863704025183976,0.9824352406203427,0.9270290124392991,0.13792117544292762,0.7800878366305828,0.4221170179049853,0.8192832295761163,0.9067369351652386,0.41092463407547286,0.6627546849862517,1
0.8220394732736611,0.5873217766342115,0.3164016230749748,0.7281671210878219,0.8626817507063359,0.832674135023578,0.5648556038590401,0.07119178347400179,0.7923055757716859,0.904655693887538,3
0.6098035316817644,0.7763851466055331,0.8360200613350754,0.4893784375968132,0.707618973749123,0.7306558464473872,0.9105350455782183,0.15319799368126133,0.14436243695238182,0.32023622601198654,3
0.47819117965004854,0.7869589330424822,0.2928586021060642,0.5003190833013044,0.8222258057715749,0.17287993139110885,0.05838999621970356,0.2504172441002189,0.5462873793160168,0.9005980572892502,1
0.5412934768266576,0.09804074286639086,0.21336513999771178,0.9526694885276101,0.6094110689386544,0.6353218117425296,0.8759028861047813,0.9208677948418307,0.42548944606754324,0.9011075373133293,1
0.4889904832442911,0.06464530691932371,0.1389717949132129,0.8867480937508065,0.5375858812215277,0.7124632708061717,0.8830734016722519,0.9874979771345818,0.34284754240606186,0.8820443860902368,1
0.3157720666139452,0.39105358040165333,1.018559163263057,0.668773550604191,0.32702152874250934,0.703431825957957,0.18878992263282698,0.6557257631267491,0.916355300244846,0.44979146407200576,1
1.107805645679721,0.25885346450860114,0.8654159309002973,0.12003534107375582,0.1229967275082618,1.0262823441396125,0.60401065823828,0.3178662046324629,0.4884139353967095,0.6929183011288527,1
0.5212805641937317,0.8459151614959896,0.031373233996102944,-0.0729650941227056,0.37244128096924217,0.29731696627499116,0.19243362242643128,0.4492898974248147,0.03272836992208722,0.99625362462842,1
0.16444500314181776,0.5259985782005593,0.35093497303666277,0.8550007371798735,0.12007433731486009,0.7467896803093439,0.44943879102720663,0.3570957507760155,0.22899976401135938,0.8191018653082787,0
0.9111971938110125,0.843644563363751,-0.005805284474232994,0.8075285786953936,0.8501237033302551,0.8158747329800028,0.4635651292832777,0.6149058548530499,0.13813451466735743,0.26310873000111007,1
0.16489457899921062,0.5547464893275282,0.5984611718496429,0.056844505868651134,1.021165379911157,0.5927788311429993,0.6283705675146148,0.40254073090202036,0.3453347041546762,0.1107559224789321,3
0.17350543115034803,0.22051317722361055,0.515795909272742,0.5145959660700805,0.44637669920795686,0.23217433107998323,0.20238343835467776,0.07124560939447591,0.7681350698610241,-0.022727926283593908,2
0.29247820937989183,0.01419877638186623,0.23715203880524352,0.6192522801322249,0.643840931124858,0.6756677779329175,0.7892291636837842,0.3345170849498502,0.8755521630087849,0.6558053025941775,0
0.5186742288241224,0.23944546868862088,0.2799613136483434,0.028767686809280324,0.7460507773935604,0.05100107026784975,0.8444969238473778,0.47565307302126136,0.33975332750066967,0.8079426778925236,1
0.030824780451484728,0.13439970861157555,0.7709558294936915,0.2829263630556997,0.014511901579774132,0.27312634344642445,0.6362299562219973,0.40078389907391127,0.33615523801247144,0.49675213536685375,1
0.577252528015509,0.35208845964370944,0.3705611591796488,0.6989214681672251,0.2129740651786331,0.24396872040582956,-0.10098084026852597,0.2323882351701049,0.33845464599712854,0.2754076868068961,2
0.9526034573309194,0.6354232419567578,0.49418108418080825,0.9536851196078467,0.22644530853512548,0.6389857880229584,0.650148445694553,0.6775310032228526,0.7985593689814404,0.19154447718707346,2
1.3971156083635732,0.7671519100877778,0.8250704927896435,0.5742465350765049,0.20637172543611668,0.4163897781233366,1.396983151288675,0.8679111476494918,0.09714096641146397,0.5946650762188659,1
0.022514735168331974,0.32579946292549467,0.4077306320721174,0.7172992773907351,0.47544213110617034,0.8154102778288165,0.8570379010915428,0.49813270779427365,0.8132630155178963,0.5625140884223135,1
0.052156129051565074,0.18912219448467543,0.7478317111135601,0.37644576457312817,0.04262096541518503,0.25846487576027377,0.6104678657320177,0.3524475206872125,0.3359186183935443,0.5199984978992551,1
0.05209066790864808,1.054521328027003,0.8952665707740166,0.20413696127748676,0.6008364873262863,0.6926255906225327,0.06368397855381469,1.0831117935260712,0.8116371424961439,0.22915537087838767,0
0.38288872476932756,0.14353647113885498,0.18696786620812936,1.0239839683681962,-0.24424439106980883,0.7857174236626037,0.8849609825593743,0.015503847921690517,0.7814391158643774,-0.09823993992141117,2
0.07858362581858047,1.0877720108072473,0.2342873998483233,0.2371477175948031,0.6605949823020284,0.660344540309354,1.0353820247317773,0.23039898224800154,0.6628280294006924,0.6917795220960862,2
0.09000238031019561,0.05516287473018124,0.8365993210328315,0.3021899170010977,0.06807365020407755,0.25890453874991454,0.5664084698346983,0.4340656742716483,0.31462705870495716,0.5205610610199548,1
0.48758796125737136,-0.407769052735608,0.4325011375342212,0.1142257891411449,0.28171181432745146,0.3669635477634695,0.4681019156193677,0.8477448777651994,0.245110959448411,-0.07107887679043956,2
0.5124533497663868,0.6447957808057911,0.6975256314935928,0.03391127495819385,0.7319105384824767,0.445681670423895,0.7755204237933897,0.7522111317721828,0.6160800592476554,0.7809303194879214,1
0.6453026426676979,0.6638409758397691,0.760451285914253,0.45251901801593036,0.612643793083718,0.66531255417752,0.8695417797358632,0.0382337546242222,0.15432176009511245,0.3559747124278785,3
0.925881798238593,0.42886009906485956,0.06295003417309092,0.07199351724059713,0.8695100455358258,-0.2315429363082797,0.3339374754234789,0.9670499912150528,0.8275118788411191,0.5845612584389576,1
0.7107096732095066,0.72151440562961,0.742918965166533,0.16604526948670112,0.06765675000836684,0.7312804193582221,1.0715225943326752,0.5647014565653097,0.3248431828521788,0.8522133928718304,1
0.32458736031311936,0.8681245363813156,0.9808937881134422,0.5936863733513263,0.052329281695077265,0.23439914287062957,0.2270642750179705,0.7789592729923743,0.08884198339951371,0.28706279664254636,2
0.06971910025995619,0.06932597771116716,0.7404954121509261,0.27931932126198594,0.11058360789868157,0.317847501287443,0.6851466751896255,0.4593097448159165,0.36357351120003545,0.5069914297977273,1
0.005928072754627367,0.7621156796559766,0.31742100353087604,0.4945717276428582,0.8447346842798201,0.6147564360218369,0.9478237419368926,0.6148369051405227,0.6421402694243388,0.11947782175613467,3
0.3829608581055961,0.6552384031873284,0.8099185150927731,0.09004612789875087,0.5408649116670422,0.4366847041394475,0.3545962266453435,0.8244447904204125,0.27985805670703623,0.85934675952293,0
0.32664378247379494,1.1275414513775932,-0.19104411289005052,0.3167735163213251,0.6282997478213647,0.6425308386428866,1.0749869528189717,0.2607043640792429,0.5274734380778866,0.9895200998471623,2
1.0410482207816298,0.39436893508750825,0.9544615870979135,0.013786446269807073,0.4753728080196674,0.8397750177280818,0.9347872104984271,0.7171751913272779,0.16012001356520503,0.11211224627571606,2
0.7261193116918445,0.5784752149369327,0.11122406465957174,0.8212724041454753,0.47794795339449425,1.0381398698603648,0.6301000067469905,0.2729954945716484,0.7550034011178357,0.3317084466577596,1
-0.048527361201439606,0.6510551479989496,0.7159036599623471,0.29336815520260395,0.6807266625357251,1.074442720449026,1.139689132364147,0.83481752282951,0.3402262188340959,1.1919311974580218,1
0.5990575056083155,0.8336196633850969,0.25935097043673494,0.2699444166529474,0.8329234093871838,0.3717000429645163,0.1784751428753978,0.431057780720616,0.03403503611605361,0.3403466932173012,2
0.424097726523322,0.6913612455953961,0.4051399683585544,0.3177209448547535,0.1384306424044878,0.9328236075301093,0.47064217088343957,0.15765368603152513,0.06488825437904605,0.7295058897670992,3
0.14502076598571437,0.013085058821030043,0.10189786744454826,0.07496738171758821,0.6771800128751861,0.3022051325169889,0.4244215464974914,0.47851427241101013,0.19831609638093387,0.18867925816204104,2
1.7732526718996118,-0.09723429534305,0.5523450649523687,0.07099583676762038,-0.41471271285859046,0.26417410106149886,0.6941738478039982,0.9821173559913656,-0.18081643349964535,1.1323326380230445,1
0.034723020039777744,0.24159874184443864,0.6961407637650033,0.015172499152458926,0.04785857245342863,0.2798132765088541,0.1280555564374703,0.8672326007624408,0.4579317956664896,0.2934156233985706,1
0.5022290137209895,0.07277482465854207,0.1690824198916812,0.9096121397530751,0.5461471815998796,0.7360602827215341,0.9125925499953988,0.9613864001765055,0.32943892973998723,0.8914971542663236,1
0.8328565276832391,0.8303293988664434,0.15822141809975088,0.8925405396059386,0.7160563277335036,1.0001400669480167,0.5933846803088372,0.5138475812444487,0.043841754555909794,0.24943557076191128,1
0.5746551911350202,0.4481376953509002,0.030870808642229075,0.02650018956455319,0.4080011228963214,-0.1751244212234062,0.5146407286846598,0.9915340889318797,0.7173064166607404,0.3673964332699554,1
0.5939128141556659,0.9137131154228428,0.013934595804427609,0.06763036335241121,0.4027068252306237,0.3313950939685999,0.12549911014919238,0.49438634392015524,0.14035583037081675,0.9255975578298081,1
0.32335610092621264,0.869967831821344,0.9845720125812248,0.5931049173325158,0.050947022131466416,0.23044310449454652,0.2315946489835327,0.7755827804619184,0.09031069290625514,0.29098202919763727,2
0.5906981556620337,0.128600570632111,0.18669003224984643,0.7443175149984198,0.6958837436281313,0.46209899901794593,-0.3415814888082587,0.3679398501499906,0.47872191676026055,0.6300604278960757,2
0.7877293147928468,0.6077641232184587,0.18010031299603005,0.7066996563004947,0.33053987905408067,0.8875935630723254,0.8033651120307673,0.23783555041292542,0.8924718494235175,0.38446561429194825,1
0.7765848536842495,0.406787335910154,0.8563111113521212,0.7124827030652869,0.5068718146655549,0.5970598222412863,0.08790369854747804,0.6933066729770453,0.8600082524862038,0.39917257822610336,3
0.0249883334408448,0.24311438588548429,0.701791514456178,0.01577800828852449,0.03540665415696283,0.2752462245320275,0.13605862545663824,0.8643770616080741,0.4674287582031409,0.2936124240774936,1
0.6521752361324764,0.15533966163616342,0.5884387990374704,0.6699454198055381,0.9047522963895878,0.02214918270959651,0.07922993884412975,0.42822204642415024,0.46894676530320356,0.18826069154405783,2
0.9328269476256786,0.4690900633407447,0.21464377402029164,0.10746191838720051,1.2101220187943542,0.578691859623763,0.18658511864555957,0.7943191128436607,-0.09912935160864272,-0.04408176136935871,2
0.040961203286935394,0.24140835307569483,0.7023273631142509,0.022351015136230244,0.03668358546191669,0.28429280346396285,0.13165643489965922,0.8683076584736878,0.47477675710554784,0.2934671023536571,1
0.08414738221628013,0.41029189956887374,0.6088115811293815,0.7377423345260036,0.27774808240770416,0.5285093761836327,0.4272204065058248,0.806484390263295,0.4214463742004721,0.2505464864748998,0
0.5097153048056458,0.38576071180750937,0.4569465916290507,0.486721223232782,0.4220004092196549,0.5281108839538137,0.8254620428286766,-0.019830863928210762,-0.16517026986738204,0.17011101241758347,2
0.9350763535996375,0.6991504051133397,0.056128966702392924,0.8069035336775562,0.5066674377045757,0.9220473318056411,0.7084900842915348,0.09148430443462119,0.7319625973187582,0.19901527441823608,1
0.40579769541871946,0.41299803041294825,0.18608079498763447,-0.03614884736288704,0.8742153525466737,-0.46175498684908606,0.07262471806044146,0.7443905159056604,0.5187716287762056,0.9194274246353458,1
0.8599379022378904,0.6265974974646376,0.7306150987419314,0.21842103978626595,0.13525796518204017,0.6794081568005248,1.0947166083092268,0.6482298948666448,0.34595098626632614,0.6552812426191246,1
0.16765910906111772,0.6171925674383081,0.16117194254180262,1.049737892747971,0.38862770992375323,0.8194188871218886,0.7431526269617055,0.9123443752426718,0.41979432218933826,0.06849677285116887,0
0.02582285892756571,0.6255270779482145,0.3370092291293911,0.0122036649110552,1.0214680360252502,0.6438371760063127,0.4752187076515259,0.5402844127735997,0.3788331625568783,0.037776368534864796,3
0.3351603686488098,0.6289330068232404,1.029420692755937,0.10509670347091392,0.5207012407087851,0.20304749181868784,0.3496058609854463,0.9294625408088913,0.15864115439872978,1.1547950782135321,0
-0.06639196250790727,0.1613446608062405,0.6455568881088407,0.31842055906732136,0.19595108750516732,0.37204376601068273,0.6820176760283506,0.2806513094779106,0.25577123561296594,0.3640771819832015,1
0.6083720526352804,0.8915628527674733,0.01666356920944292,0.07399246798068855,0.3920271132844132,0.3303099525223147,0.12719864176831197,0.5002050574907951,0.15093718927331803,0.9184817398324371,1
0.11880441218868683,0.4882390880892952,0.48340680871297936,0.7478019297235964,0.01902604977132788,0.5932840634758073,0.7318618196330385,0.09235637655482964,0.32309358370381414,0.7049806618032861,0
0.9435022599158722,0.5320616313829972,0.27402341389767176,0.8560356905291149,0.33113187037964514,0.7181395931534982,0.8492433152201089,0.46309407080116743,0.9546329975865809,0.28449019370920814,2
0.17489194689178988,0.30518737715411126,0.2119134921752563,0.694880143708251,0.6189631175457703,0.7967614815001868,0.9935912380535016,0.22435780443621808,0.7140349990019088,0.5802670105829459,1
0.012169780441887323,0.7408790286435653,0.44440070038916163,0.5749543867117497,0.4842445084046737,0.6239092541580805,1.028667346752219,0.6020542197109992,0.5606046589791104,0.9575952631867277,1
0.1257406766976642,0.8741337149852757,0.20911917618726278,0.406518740234843,0.8130014233172179,0.5232037915701104,0.9661622914385742,0.610235773882705,0.6695821236366085,0.16268341932545077,3
0.41794429693408186,0.7553185694736821,0.9157670320383878,0.2157977526591066,0.31455584629905814,0.7094783086948151,0.403449348668644,0.7755717074229159,0.5086976398523907,0.5055680837944477,0
0.41877459998029004,0.8728151312324923,-0.1278982226520082,0.469545808548288,0.7065657380342062,0.7386816086029628,0.8104874087436327,0.4160622518145824,0.8403647168255889,0.9438695603596132,2
0.8746933229175184,-0.04339581905082365,0.7364463535531238,0.8388198071842701,0.6122439348754365,0.500359976562606,0.764102514789177,0.5221164490933266,0.07142721547107643,0.4174327073232472,2
0.12634142649554686,0.2566155685016293,0.3730651838321394,0.7906005152698591,0.4897963680810835,0.9176874661448774,0.8720703856445232,0.4090335801268776,0.6052349781225436,0.4108594751036238,1
0.4593101021348267,0.4455552256003382,0.10907289942192255,0.4072751449272259,0.5712232931513663,0.6463216888745131,0.31453683676750777,0.3051525760749534,0.490874182576123,-0.2968058024259105,3
0.6626579260455188,1.0204534238690524,-0.2358997486558053,0.17412491395349167,-0.31893473138759604,0.8177649470140688,0.5761902291402148,0.2931805188310805,1.2162332545357846,0.8664069904831933,3
0.4589500783772127,0.08578879173955856,0.1466179037366732,0.922564880276046,0.5457407805089302,0.6881865753895257,0.9058952477506826,1.0003667595706756,0.37266917968138047,0.8691395321205898,1
0.6276732948726865,0.9015106150696884,-0.0025194121394221773,0.05054499059809208,0.3677583964268462,0.3113928166603938,0.14760956265450606,0.4915096155464482,0.1412938874885716,0.9043888009053059,1
0.2216384003133028,1.0635544425340366,-0.40751146294064755,-0.21260399294713322,0.007359180063572321,0.410754350498597,0.6205761284208201,0.6854826334822035,0.7929439068363885,1.1772139171132088,3
0.15204153262570064,0.3893612758527557,0.30885171781824605,0.8691288653290412,0.2177152280462133,0.5273496473795707,0.5541813270055544,0.9669542270424758,0.32178148745995266,0.04458794427165458,0
0.15456730665159624,0.9306936359814181,0.5109887782940284,0.4524643724393129,0.5021804468993757,0.824750043198201,0.9056844690222835,0.5739785593955669,0.3967644968894659,0.8438608845884273,1
0.021461840781412354,0.23122511259565273,0.7299044744642526,0.03238223224962947,0.034723289569753735,0.29789012211547794,0.11273674452116646,0.8926746524489823,0.4759495604530339,0.32849831424498155,1
1.045972797331654,0.027722258179444,0.4938853896954045,1.050234915404267,0.4071549191292392,0.6744238747123182,0.44591854630274874,0.12573708451669102,0.3434381450221634,0.7121343617132325,2
0.09582189858317783,0.1716781168066197,0.2795477056119873,0.6296127777091832,0.5738973865347733,0.533252875619298,0.5889806288338364,0.33218254360152266,1.006346175329593,0.8175771606851824,0
-0.4088078219851997,-0.660325320442144,0.48936810163854516,0.5158537370796352,0.748465576755348,0.05690468176729291,0.5855866349101788,0.24908792906551053,-0.25958827420152264,0.04299004271962226,2
0.12192417580256765,0.15276406195916942,0.1441493140418658,0.584811188054662,0.49949227890147985,0.43480980165886907,0.4916014853944861,0.45553664157358487,0.8140743724453319,0.7599303547270542,0
0.02543377735504257,0.1355834297986101,0.7794626549246639,0.24554716776342927,0.09784661774200269,0.20451582022837606,0.585764917708276,0.4423230465552147,0.2909678485398761,0.5120841617244332,1
0.16497266943251704,0.554681783893893,0.3896368589328167,0.3970679536348336,0.5279389044103546,0.2783814999937834,0.10160031881436113,1.0177482993839269,0.7968171548704901,-0.17869376614832772,0
0.8854163782887974,0.6064938533274916,0.1971279477398823,0.7543099864427771,0.774037920321672,0.7655107380240015,0.7639184453262791,0.08175919922990456,0.826035403332334,1.024343143795735,3
0.1913567168880813,0.47283466047782013,1.0906713940174675,0.7276575826922481,0.47996275460964316,0.7326328126260513,0.24814803455427314,0.7656065270460579,0.8268342474499637,0.3938158100101593,1
0.5929948763328933,0.878739203071906,-0.0006903996249443762,0.03800015155508601,0.38084823061708517,0.3430906376851054,0.13528366653892035,0.4738271546492806,0.21245734480522827,0.8634021213153616,1
0.062129258495852276,0.7986481866872567,0.33151770142849973,0.5110581640283188,0.9099515525660212,0.6240623094996186,0.8987108294398644,0.5942575432874858,0.6211904302043182,0.06148053879059221,3
0.66012137395992,0.1368572523823291,0.06553402232121722,0.5447140571154373,0.1365003579722681,0.25260103373201503,0.42521606677404805,0.05926540305881603,0.9003719032381846,0.8208571038865544,2
1.3868023451079443,0.44659856126538766,-0.0795719667873333,0.28226869224414386,-0.08845340092589582,-0.4118125938248926,0.416963165504473,0.3768056152674366,0.12131212020516113,0.17038499268926877,1
0.9644601396938237,0.6047977411985246,0.7179137256040333,0.015919627394089836,0.49598872356748014,0.5770410803039865,0.4274118929186172,0.10530444007843133,0.707454852563445,1.059049717101445,3
-0.035586889162373014,0.3483724054809125,-0.07659841823870117,0.2642530057721233,-0.28307907634435087,1.025035246004392,0.6904536851812337,0.3464092693022171,0.8382275550612863,0.8842884438053893,3
0.08672239969854662,0.11785449017999078,0.32219696924133473,0.6522353926076813,0.4137284437447203,0.8646288371390554,0.8761607691514752,0.32842746991872307,0.7513409589399649,0.46661191262353674,1
0.9614831049221773,0.5649938203229377,0.7433755378356288,0.06628354612937104,0.5220700030796542,0.6045208093512792,0.3658666083193553,0.20845251364940748,0.8251567871112595,0.9683052767277123,3
0.295406573422433,0.15435670040771493,0.27096229251914195,0.013946523347720494,0.31163352755712187,0.16014253266753897,0.13161115018641223,0.3137482385132822,0.8394296501533716,0.9048938728185192,2
0.05913746992112811,0.14109790326885027,0.32217824406030515,0.7418296265770171,0.4510281993197131,0.8191062863677862,0.8312875560885608,0.3449876194597314,0.6592224807613668,0.48574997421520405,1
0.8624854409299177,0.5576129626692296,0.2690445904573288,0.7033576753992216,0.7526606063332176,0.7509671994062772,0.6735587258318171,0.091555639951944,0.7586003888196976,0.9105852887620383,3
0.8122322877516222,0.921710992519199,0.3830828131856993,0.6544486957213879,0.5646241190043042,1.0924534816921048,0.6730236688793304,0.16925961666032913,0.6116603033277526,0.12044406699988636,1
0.1969792178932607,0.34109438304495643,1.0533948525284949,0.8888398133440517,0.9849701112451787,0.30385511162501216,0.9816699938030434,0.555340823499379,0.48456882335263674,0.6097161338543471,0
0.51347650865631,0.7591947426242109,0.32392488508781325,0.4965217721302297,0.7428244541035859,0.25016019933867106,0.11320543431083253,0.18114387078689076,0.5607848246670404,0.9031572026204334,1
0.16323955419853436,0.11989363138737552,0.24054935033635622,0.8211939936420092,0.40344888259642403,0.7956169914796696,0.938177193900917,0.2659928401461272,0.656296154670197,0.5436754752240448,1
0.10448709191926506,0.12663609806833442,0.3532256663311367,0.6592049692551526,0.5507935308049801,0.5762857239985558,0.6243462994643539,0.40390246121126805,0.9307395775457589,0.7759107507095887,0
0.3695663939634778,0.7230890441743107,0.7539307817377829,0.4337108735450561,0.16132547381198628,0.43974016680307054,0.22499527561032656,0.7620861475287756,0.595537331719479,0.0053928953076333025,0
0.5944142513377814,0.8942962011358526,0.0063380893203330135,0.05712448351417924,0.38117886338047496,0.3123913710876225,0.15390247106104182,0.49359824365824684,0.13933789387813697,0.9381233138633093,1
0.9684473419379106,0.283194132724955,0.4355919182115904,0.4880163516020706,0.9530128320163904,0.597439858092787,0.8531522071546052,0.28175891646763507,0.16331277475567801,-0.007338871705341782,2
0.9727666452302135,0.6065700476430588,0.7446757272669479,0.02862338321943996,0.5983045522318978,0.6722597794615076,0.4078409329408119,0.22087040461899243,0.7908433704651345,0.9654883569449095,3
0.7892212869688127,0.8311684852592883,0.003345919047466797,0.9503825798534961,0.7521956444242182,0.9119253892133262,0.7206549315628439,0.5553138398507877,0.14188595340059995,0.39625923276047603,1
0.9430250945357679,0.5240564249890792,0.2736425709564371,0.8655807926739638,0.32301910241153725,0.7139461199849678,0.841906501012445,0.4735932186050187,0.9592250290266982,0.28668278855931695,2
0.5307114780680686,0.34054269546616067,0.2146308680055148,0.9629661195198758,0.1744954041691193,0.35671341465876805,0.4910917339933095,0.6178694905806806,0.6647230297311851,0.15841136470996603,2
0.03866641545943576,0.40365538192974676,0.1421944075916459,0.045641446900592034,0.42382050398179694,0.3956687501482786,0.23851037271328238,0.32414515341532807,0.9630143362587211,0.655215005122028,2
0.5853815384633312,0.8927437242695506,0.003012248499687032,0.050144639330280814,0.41068923583168115,0.302464365538438,0.1493522407262765,0.4996049960178909,0.1495378106938278,0.9302658610875696,1
0.9589300417679334,0.5517946343332618,0.10917987138608923,1.0240422235502284,0.5991151993932392,0.47046342922821943,1.1568069231577318,0.7633679076422597,1.3300514171920392,0.04375714730991129,2
0.8808986478349349,0.5571994253287232,0.31043950435007756,0.7338334134964846,0.7800053126634551,0.7444982472568639,0.6793699855964167,0.10058611997367324,0.7752517431469219,0.92519760062013,3
0.8802699951270555,0.5502151775750884,0.29521387482608913,0.7304622994929607,0.7664018761944724,0.7327227577184532,0.6784698554212829,0.11071137098040773,0.758399548572582,0.9252907789686461,3
0.337964414784608,0.8938908914128433,0.9633748728612733,0.5336870500953051,0.003545135286768114,0.2814623071636582,0.19416425474067076,0.8274285556591368,0.0532590871126201,0.279179129282328,2
0.5865682887528569,0.8256766182251924,0.7341230029766161,0.5335509927227283,0.34979952925302643,0.699352560196261,0.13710099595392153,0.9165267272381489,0.40261666350863234,0.12583928859446292,0
0.025842518101332757,-0.12032434328433173,1.178622859288145,0.17610089393631262,0.9967114056712384,0.8815140731403218,0.9123737685554372,0.31146448344997646,0.7162362004115053,0.9597728630520748,0
0.6772149763995429,0.7829479168907396,0.1571532026325999,0.046042828036381184,0.8611400270444799,-0.0436521803658427,0.3499966466951234,0.3003709720532032,0.5590043775315805,-0.019014149841923664,2
0.9608435626164469,0.5977323658397811,0.29641183724181225,0.8685596269857019,0.29479702412986325,0.6875169430741404,0.7974636495358494,0.5301638680279909,0.9684730663985204,0.24540224417497317,2
0.33178572959661096,0.8403468838258535,0.9355064967248927,0.6029838836962315,0.015370303252061887,0.19827395309655022,0.2031449290684461,0.7706832397433561,0.08725832646948678,0.26500776304650525,2
0.7795410451254912,0.8109534042669099,0.4363197787813048,0.0514703979934009,0.8310364604747551,0.9487441655142125,0.7611632480793544,0.2713375955771712,0.12370306373632509,0.9249519661795332,3
0.5142616220382579,0.850839131806092,0.3795629113738534,0.03188284169270536,0.5279633409434921,0.5688484539857273,0.13704932001532966,0.4194884854142463,0.017334948653559366,0.4468428245859457,2
0.36162696013297774,0.9022778959329556,0.9925985705741537,0.5550046813684059,0.07159769931061474,0.20118288644300109,0.2523766749098932,0.7953022236980187,0.11015228843657038,0.32376154346113833,2
0.37277733936283064,0.704545008268888,0.7632115783294723,0.5898413949604421,0.27741834060380677,0.6398391951077697,0.2487448544973796,0.7825933269803923,0.5883725339516481,0.05875039952966295,0
0.9444715247353589,0.5600018549775944,0.7658299642542105,0.07420424428480114,0.5597854512009844,0.6373109061277799,0.3888220507065123,0.2118017553612965,0.8275929523659045,0.9629425950657348,3
-0.002087444190667531,0.14776936785154623,0.7257912420818164,0.31247787314214437,0.027944033042180093,0.28810628916052083,0.5899524495415862,0.3925040497151784,0.2577139776612668,0.49282937005997474,1
0.45013871279137835,0.0954351440285666,-0.011336031749231576,-0.1580115221033105,0.4648785707873539,0.5035133929047573,0.4324193414011469,0.3557914162840482,0.4544137087036537,0.1642642166184117,2
0.4381118546582565,0.019402520003803173,0.08532327172526992,0.924502011484518,0.5787792093034329,0.6768414657397248,0.8619451629847905,1.0405280527951783,0.3326613476057998,0.8381117542767696,1
0.6293108757679757,0.6943723825077952,0.7671107926441011,0.4464064460964432,0.6269178260601086,0.640419988605337,0.8808934433702457,0.08121866014641246,0.20253330522821886,0.3471898851148855,3
0.961776931614567,0.9053885965939429,0.17417667053922448,0.5385539665298487,0.4918265612057373,0.7229586797550444,0.6496392219822349,0.6186374611451294,1.175618245750815,0.6388103717414783,2
0.5059280772271579,0.6536033444600724,0.8993422802660803,0.456684640678605,0.12100686005624339,0.4260329843843018,0.5886950219063719,0.4457825876143198,0.9401259502603818,0.577288762487467,0
0.44479155634667816,0.9068572688294975,0.884783074487234,0.7629382082145695,-0.023376663378396195,0.32379055101838805,0.38500915734511865,0.6435122656105181,0.28095363639890253,0.011333222715521035,0
0.6157963688221936,0.9221740327255086,-0.019318400136067206,0.10157919351108494,0.41119595236122836,0.37009097894600346,0.13054067802611113,0.5668183241617702,0.20886429110899535,0.9958751400689193,1
0.5325945079815745,0.42460198449668257,0.8794951859894279,0.7803135714706139,0.4353342683695418,0.8944184034362334,0.4410177615080028,0.2996731302671408,0.6339076520156128,0.23741938497378695,1
0.42698589570393175,0.39480330998981694,0.8507971595697111,0.6117613462118587,0.9535644035943189,0.2893890563526109,0.9004417132755402,0.7701663245268181,0.6283664559725339,0.34498361757741697,0
0.3904807392952021,0.5092183994334517,1.0806886639169049,0.5981788437340001,0.20969182485905552,0.8180837869706326,-0.14794326095733423,0.6195358235551027,0.9669959849355266,0.10977954117549332,1
0.38085340990773553,0.9597912034206469,0.7499712956010132,0.3240241795611024,1.0459929541938207,0.47825673205967034,0.7036011885700458,0.8900422018541962,0.40031765560614146,0.795885350687488,1
0.6532973350626534,0.30196445156945,0.7247106362924429,0.3729988455756925,0.8099577467652013,0.3946820493355614,0.6481111335334594,0.3333708271761223,0.11439820902550635,0.3421010236778723,2
0.2106469240427601,0.9387776898086229,0.5623667510222468,0.946410764927876,0.142468989808147,0.017489911390179247,0.7537564393628818,0.6606011340866286,0.09590193937713568,0.6310447951321474,3
0.10173757137629166,0.2844587366504101,0.3163185329032653,0.6703333668303939,0.5561000600764288,0.8046641035353181,0.7695154425196875,0.424804247388285,0.6109694016632514,0.44276228183521754,1
1.02924559023746,0.6551784757067529,1.0676535136130934,0.35747163200956494,-0.16309943021379059,0.8923835492359684,0.6588937223720572,0.592276317581515,0.07043540164786277,0.7157323875825358,1
-0.16897271788759216,1.5221156093651178,-0.2719177179822748,1.051284345236155,-0.19765359081420286,0.4931690331936268,0.9264138213353987,-0.0897444826096902,0.7773873144052253,1.3200601706428952,3
0.03296323757686646,0.13601877010914173,0.7592810178368077,0.2828649694200155,0.049569145136251824,0.29915449581321196,0.6608411719703934,0.3828905901551449,0.2904522392446807,0.457015013518249,1
0.7042934310314986,0.8309000457215145,0.136576121210697,0.9123516392913572,0.7175762447315858,0.956781069513304,0.6305339761380171,0.6584600336200106,0.07963256489183661,0.32958839441339505,1
0.5147178547527638,0.7215150214618798,0.6854277112081861,0.5220493259257067,0.2659758504305062,0.5079352712790228,0.23371569014028049,0.8080498682423906,0.4648198970451738,0.13088031601595418,0
0.32346270540029237,0.636110890410679,0.7614516690189883,0.08220784957323324,1.146738792584806,0.4771140130080017,0.9098559976584208,0.32588664954944446,-0.15569095795902,0.3820365474097962,2
0.05771940360831955,0.737931763227097,0.5182473794432918,0.12629483188545015,1.1093206596995002,0.5730451845529478,0.4099898795973118,0.6356589350393923,0.5783100286746936,-0.01532096043360924,3
0.33563032788218805,0.8734912389036188,0.9710101154816865,0.5859918546330994,0.0481401341768238,0.24377785385913228,0.23226960870586572,0.7828859048993351,0.07821968766269836,0.27707529424170385,2
0.5051481008619526,-0.042254811429472516,0.005953693213709227,0.8557894124273411,0.5777193818086693,0.7571205919103595,0.8292050322613664,0.9907064920129218,0.20923558636662876,0.7700835508288326,1
-0.03506828015656932,0.1610196037618039,0.7334437003855571,0.21916142137691497,-0.004848439028138321,0.30300288357615957,0.6715690160479648,0.37344015860394636,0.34937529522139393,0.3662690716971173,1
0.615632145298824,0.2535646003517944,0.004273746733786166,1.0779934794653407,0.6830166670236231,0.8184517055640342,0.8006764353914878,0.8673287796397937,0.5409905043288845,0.9449360421617574,1
1.0081648202350864,0.9113013057367935,0.7368397284001901,0.8118805043310182,0.17392208536347228,0.7472064306219646,0.24023663820168006,0.1839153250448094,0.25773524841911644,0.6716017833277232,3
0.491695597721153,0.275936829501635,0.10300033315533336,0.40018750374852186,0.20322894130066113,0.21796808855703842,0.37957952874289036,0.18699406293873586,0.8781234558190806,0.9670344930643183,2
0.15169037533614999,0.06958855767412067,0.13638895624109842,0.08303671353962104,0.7919094024524066,0.32464970226529083,0.377156486247303,0.40416894902959866,0.21935223584722197,0.2498645488194945,2
1.1384028663089047,-0.08106481183200212,0.34242374898595623,0.30388847630145865,0.039794932847868336,0.5617519110990103,0.9899582852497669,0.333159925146995,0.7721001826005501,0.7496209471885851,2
0.903407591468205,0.4891799381510237,0.26294617265756537,0.7295497855106032,0.853533359675298,0.7357613617195805,0.6726813274911279,0.03879204432808643,0.7636169733554854,0.9480087647679006,3
0.45347306022141703,0.1727236559807633,0.1987734669368837,0.7653545767898321,0.6332446902961142,0.6052062095663981,0.7234515738384705,1.051096784619055,0.19234815669008748,0.9473795446134721,1
0.4176562658805447,0.36437880465279493,0.1130630981387748,0.8823230634823539,0.7644931850985961,-0.3742983334017401,0.5862226941161722,0.431168689568974,0.9993195865150284,-0.08633037407216193,1
0.25555851039948696,0.6433342453813556,0.013560911019929546,0.0014832638519568751,0.10324471198451676,0.7870370000861543,0.7583771514922535,0.24769553412380893,1.010710756894967,0.897952049272187,3
0.8835864864814862,0.5522190783839602,0.29802239768943145,0.742781710946326,0.7792042904143094,0.7361664798244569,0.684723440595234,0.09433458544228354,0.7766718920615481,0.9048386436922244,3
0.43382503324104904,0.24059786001392225,0.09972847083227311,0.4959728674096071,0.23296885149121363,0.0862651401861271,0.3713114663977376,0.17097891254346556,0.8785984175799942,0.9821575699180052,2
0.9216188278602941,0.5959547940660299,0.7725685319717094,0.05326886449615814,0.5387203026595588,0.6392260419280905,0.37653784965163195,0.21658903595184545,0.8321539310423731,0.9502092824827514,3
-0.2741499002597891,0.29001571678773674,1.0285404817339177,0.5853433257117966,1.438192359801186,0.8787475750228293,0.7376266383778931,0.7268386830142868,0.06773304143128134,0.08333418536083174,3
0.4577350722182347,-0.2320345834570918,-0.1581251693338561,-0.2388702475127411,0.5160887053365519,0.11922343969937901,0.542913389697167,0.45698669086437305,0.5012547037132754,0.2644100790330899,2
0.30612825138054345,0.6891910136526124,0.2605493287528305,-0.011605928577965777,0.2680449417255877,0.9402919047750646,0.8091130450130067,0.5252555896297169,0.9968770398756163,0.6493546293053067,3
0.03343021640206234,0.8235503128406891,0.42609208773544716,0.46505559846310746,0.54984925956537,0.7312936063470167,0.9702728281031502,0.6024949224399726,0.44683636857207665,1.0143486647136446,1
0.5750647265637299,0.8401239711786369,0.03081714770107541,0.05728701838178724,0.8454084143347204,0.11559246101304715,0.11025886543351743,0.3704088471919166,0.43568288198462213,-0.002830827425063513,2
0.5510578093799275,0.41695819078536606,0.9184816811186468,0.7345350694231133,0.46729075339670745,0.8489579761796471,0.4705501831471293,0.33818265785291335,0.660405285934397,0.25055207618774833,1
0.09304983157916435,0.7552396478744058,-0.6877394998291434,0.2519662446171982,0.10735587768962218,0.8915936784515186,1.0846997840161392,0.23242576275631827,0.6484699235143834,0.15313515391912536,2
-0.06028064943424627,0.05286122172300234,0.15221556468687958,0.8717676183329689,0.5816026416576158,0.9289220722335532,0.753938011034358,0.43421168339256133,0.825620428382531,0.31943107377859176,1
-0.011610048767358966,-0.2722349015228408,-0.23792020954602783,0.26507433340660436,0.6322303476163731,0.10557359370059569,0.542861289539871,0.7774112961753648,0.5045659603168848,-0.1580106878154266,2
0.7211250978099124,0.33989905226790507,0.5435795332075624,0.09796296594639509,0.017041254363446483,0.2061003623680441,0.4367582939013491,0.606654230732031,-0.22520733818053254,0.20076796079644882,1
-0.024568447860690096,0.05469445931649446,-0.051560607172914774,-0.3621577875870194,0.6819449769556719,0.25009964795848433,0.16989850638774068,0.5480800550895962,0.5214296949072468,0.3596252282213621,2
0.6060315566856971,0.9012762273601038,0.00818743071909344,0.06521853965445193,0.38460903046530914,0.3206699703156865,0.1355977426683818,0.4847265985986215,0.1331933608181809,0.9204463528881859,1
0.23560314041484126,0.00278896888462464,0.0969028799188421,0.972566925246969,0.7433295465066708,0.9520132705028252,1.047075515434743,1.1831506710591235,0.43775908020840537,0.6450103621765926,1
0.8337665957526798,0.5824581076670925,0.3105956377882575,0.7260481634891633,0.788385288146012,0.7334074916537843,0.7112868569646731,0.13283776659346438,0.763220118107022,0.9166030207354277,3
0.6659112529492506,0.7342125145317872,0.7869871061384636,0.471379939645907,0.6288887197004049,0.6932822049909679,0.8721518330564921,0.05001959079500143,0.22660805333941916,0.31074684526018387,3
0.8312058283499317,0.572723361593648,0.6475403914360683,0.21866227327694626,0.08327361707280422,0.7729266337488763,0.9165040769866286,0.679122130028644,0.3389561489286785,0.769439017142587,1
0.7518705589929496,0.6976914634354607,0.23679921689164446,0.8436470773028912,0.21458894646613344,0.8069340096020882,0.9968718734066837,0.6208495075029017,1.014273419757897,0.2882302222586246,2
0.8523418365745954,0.1351227369315505,0.725840656205816,0.854068270071676,0.6020283213937763,0.42082719339536684,0.6550348371589114,0.27993575389747927,0.1450336457108176,0.5037481770947759,2
0.8983050634014335,0.8587482688601797,0.21518195640907836,0.7687827778841266,0.2307971002677168,1.0028713666375861,0.8668151265127166,0.045955831937019895,0.8142927463192026,0.3336088079901369,1
0.08070448821759144,0.0625344857064668,0.7207841238574186,0.2532968941181384,0.12321123492226249,0.20287182078382116,0.6237420961895979,0.43523698185782395,0.37124655521354977,0.4391089580428734,1
-0.13541839377580933,1.0071483368978202,0.9134573252654136,0.7187633714803919,-0.010625315757256781,0.46447038524222667,-0.3238282124958017,1.3619340234330213,0.9574320671695564,-0.19734705707700445,0
-0.0014177412010250925,0.5009922094325218,0.43997816853087035,0.7167565769571154,0.4174173214590155,0.5946836821283654,0.5413664146383584,0.8517553135523596,0.44487577003118645,0.2003522520598255,0
0.568023636083412,0.5064473150086743,0.10856979240158038,-0.4324861963520694,-0.5583866864569683,0.8610004898279182,0.3455011305534976,1.134025200359648,0.18107273287142733,1.2357671792746918,1
0.461919081077655,0.6423009575105001,0.7832835434984788,0.5934137763421541,0.2515026291102989,0.5219996386446222,0.19099058902218766,0.7697251900439659,0.5601669411797882,0.18485913695026962,0
0.8507691044196843,0.6780896805742279,0.12722252000421558,0.7891113359060675,0.38117557183629147,0.9656326155849349,0.7373572547821035,0.15246900862499949,0.8359671607899458,0.29605344316662774,1
0.5989553943855935,0.5776510064651588,0.6715262866280203,0.5178309614075491,0.7379203355932076,0.47610583980072696,1.1468647033795527,0.10165416364950672,0.15451450569493969,0.28096542417289844,3
0.30888782509975904,0.8684730640481788,0.9893829038384695,0.5704960301906076,0.04899315332569072,0.19450246787114667,0.24380034938413458,0.7589651397324341,0.12413804499702727,0.24992656840117794,2
0.24065032491701444,0.0865555878681043,0.3348242476874964,0.33829709516583517,-0.2318954875475337,0.19652272746378313,0.2748501537391969,-0.16877476605279262,0.5350268394758094,-0.06983253854919269,2
0.604930377545932,0.9349805283852803,-0.01457551899978338,0.07445462620953722,0.38264433114560636,0.3514601689732725,0.1377230409513613,0.48214684356854126,0.09277504133928642,0.8741777410274398,1
0.5230621062199299,0.3012671562378548,0.06692461689140417,0.22337195045739353,0.7255479856645749,-0.04237293766351859,0.5234824604472917,0.6491745309849233,0.7665182623384834,0.6700907723995466,1
0.9619109009481078,0.28387173261286225,0.3856625114650198,-0.02071079472833659,-0.1866272085767604,0.16011308367719337,0.36155326746370087,0.7075760689767784,0.006333893588340949,0.6659401758483356,1
0.44317151246922504,0.010803456454451882,0.07200749023320804,0.904480335551405,0.5768059451544827,0.6553024680410962,0.9531038234263316,1.0263363043818003,0.38255235154518047,0.9292663667303164,1
0.855114526313402,0.5661593514606389,0.28956143525746936,0.6450392868393503,0.6794719084325328,0.8724736539908685,0.6316907741597572,0.14152974889101985,0.7951031866505187,0.8136618303927224,3
0.7131042953605167,0.6189844109272337,0.39014999531307704,0.34390448307233396,0.16432477873883455,1.0368311519976545,0.31654288852430734,0.10742993472822338,0.14097436529698798,0.5547320151182666,3
0.9274783718753037,0.5690123603952326,0.7616899160572423,0.07586786728048997,0.5564883448796154,0.6063569332312344,0.3581679154950106,0.2070037966890858,0.8043521232682624,0.9753781760567393,3
0.5244757195446064,0.7779377239291747,0.3056866574353727,0.5348203556591136,0.8031406138145707,0.2225542207937855,-0.0026051712006375898,0.12437919450067009,0.461865428225532,0.9159604349678319,1
0.12986507600300756,-0.0882714169581294,0.7607810444933059,0.39485289138906887,0.6439570232638552,-0.14746815367345795,-0.25536229420620554,0.5774151030907664,-0.15532907028888476,0.04618265968192736,2
0.5604901305094351,1.1557147462666673,0.39064768612049217,0.27701851230793995,0.7044582273047155,0.29178356948072653,0.3511583053741024,0.2385756270811145,0.3906982190123435,0.3136279855934026,2
0.5943062029985198,0.8794826244381008,0.33194183629413865,0.5833027661688807,0.713873764523048,0.12319435613299651,-0.039683967993419,0.2825912558743642,0.5539680494981785,0.8784261788998969,1
-0.027435097695709856,0.8311829283313187,0.20550461872888054,0.515286104932757,1.024791040424372,0.5401086127611032,0.9122783056063268,0.5720741371024618,0.7715784785177107,-0.0027163147604275517,3
0.5382733228472564,0.48552930510880055,0.9119712620423714,0.7634422653056107,0.14729238267662537,0.4255993888723366,0.12680615024974282,0.8222860907181571,0.6462629984455117,0.29588778444739217,0
0.8521842461000735,0.6076651273063138,0.7045409527172627,0.22543008061268144,0.17626372126856968,0.788771364368247,0.9709450238648187,0.6958958521840191,0.40268063071585,0.7622420523225275,1
0.24867645706635927,0.8263079468793846,0.5476121877361184,0.3211961062380556,0.4980667030765541,0.38952046242390687,0.5072911270095315,0.7130136503720472,0.38323524538914255,0.6927482387753082,0
1.0897280061494174,0.06036642150124841,0.24645104680788543,0.8357330239099079,0.583683602878709,0.6638450047977171,1.1613815331763206,0.30146442723496203,0.7470032389033617,0.8070761210604993,2
0.4557965347235439,0.10674664382636609,0.1533317706584287,0.8535125653751731,0.5926779051773007,0.7311829837675808,0.8377166880554632,1.020131483072125,0.3858276593603954,0.867601367082986,1
0.4989349614288861,0.832495241695446,0.31338126485633544,0.5119357499717195,0.7834767163011404,0.15669975585751736,0.014539666504939389,0.2348231074586892,0.5230166078185419,0.9334412458408654,1
0.6484074203015784,0.11346459266254694,0.0361870844443728,0.898398466424137,0.6930514538667611,0.847640605415205,0.8170872748426682,0.966487915548441,0.5175934492010095,1.0316867426895626,1
0.13665145103469772,0.29802604740262234,0.3644963893757816,0.6128476649192874,0.5126299524813709,0.8542065251916301,0.8640702862920018,0.3362882782806312,0.7166169550710246,0.5045973503705483,1
0.16985842739510143,0.7403535832280688,-0.03815150760068333,-0.03628463115554576,0.14720257355925087,0.6675931947179597,0.6473486802724585,0.35306362826445653,0.9073374076126051,0.8131083702475987,3
1.002184973862977,0.5823342695419574,0.22267690297898965,0.8100338086921753,0.357767532713051,0.7222070328130541,0.7997981732353432,0.425702319031752,0.9785467493456017,0.2861649844628079,2
-0.009874994790600153,0.07354890709386472,0.387709954985091,0.7783914830137393,0.4567664039312744,0.5953897128656606,0.6150221585839484,0.33408532921788736,0.8542550732544132,0.7276619901933764,0
0.7639717523705308,0.40296862724181043,0.7887665284930477,0.1784488415162167,0.8108585780596207,0.6027950441363954,0.7529788009681746,0.253472088653119,0.2205066179156375,0.25368826732810595,2
0.6890841758136899,0.6520807678126599,0.753591517902511,0.5471228742784208,0.7191209886740635,0.6897627407124453,0.9281269516874429,0.021805397399257867,0.2517560925385428,0.29255010680781823,3
0.4547541719497976,0.3860815333560922,0.1381176747244763,0.40589311515517723,0.28388661055248504,0.20786531240999376,0.47009138626511365,0.10593874549335777,0.872668404586727,0.9028584493163206,2
-0.004647679460816734,0.18550032590757398,-0.48191607283043075,0.2494056999222414,0.2822541198903813,1.2424753177349066,0.8955306022912424,0.30172241541482503,0.5402277370835207,1.1710323755404588,3
0.6336273110003952,-0.03132724220451477,0.13603711561320342,0.4324884140543272,0.554708234646582,-0.26652952793163887,0.3410281551662422,0.8762393874498392,0.3743120496078315,0.44460688145645166,1
0.027623854595055387,0.23170653540098674,0.7035108929207553,0.012793942967143685,0.041932259573395726,0.2808885350305557,0.13409470685177982,0.8724717348495359,0.459940545236604,0.2897998976020195,1
0.03160786207801222,0.039028312765687495,0.4416907755922028,0.8270526592161157,0.47983264934313086,0.42825374412890516,0.5216164543918895,0.3315253072017406,1.0664489964425237,0.7998351830818962,0
0.4600172756289805,0.11205226112898156,0.1533291347171274,0.8353817690428047,0.4653479583413437,0.616118824060081,0.8504431121128535,1.0182942689841412,0.24654678815232794,0.9232999967978059,1
-0.22339890624393305,0.14299127515851578,0.21675088161897627,0.8156517210045112,0.36618945941357073,0.4556483594141026,0.6146819299292355,0.6597074235631961,0.20018889165720588,0.11690108897898294,0
0.5271109515815879,0.8510523749366655,0.29034188762922886,0.530144783191845,0.7722209729612339,0.15861078009290677,0.028753694679450447,0.232725113819071,0.5231845097927622,0.90623150832136,1
0.26207612148818354,-0.07060832009062319,0.16429453898355906,-0.05434756265337774,0.7677991978914128,0.2571345306617532,0.5308014926009026,0.5483996999991896,0.1972034009846526,0.18462829709778472,2
0.5107316127187745,0.8690456091596792,0.27576311188928376,0.5138116096658849,0.7719228998767745,0.17845246517440147,0.08703071556938329,0.26538770583883703,0.4762473953520588,0.8842572103232801,1
0.8603494883206011,0.21494440598892994,0.8488167888162774,0.20425179312350134,0.4972042628039911,0.8957269666451066,0.4243556244489985,0.45147764646999095,0.4890702820141174,-0.11255221505432358,0
0.15989031928283326,1.3192465205122095,0.042218200738445844,0.2866326179519001,0.48590659679477893,0.7592341031895462,0.5717753517312653,0.6882456069859559,0.4111239876690402,1.1633930813308102,3
0.7151005977673969,0.7965239871747386,0.8300462293519768,0.4874922932859446,0.6051684084298147,0.6169792496941069,0.8512003551582473,0.07359510420772944,0.11534016534611757,0.42133906289482875,3
1.2505279757915315,-0.3675606115046577,0.11163642995433543,0.5434855135354599,0.5391705071679531,0.9719679681510861,1.0133968235551354,0.7755250069981598,0.5769233256041126,0.16124255975862617,2
0.3185129887778949,0.43577403524869446,1.0022418773981996,0.6309282527658738,0.3755915380167074,0.7008558805701124,0.1661457602919047,0.6407976597970967,0.9383505083924851,0.3909918134871843,1
0.3191117869611577,0.9017438153040129,0.9489758754239557,0.5754918282016709,0.08939083010696323,0.20213410336429252,0.18776989852724407,0.7976948623690351,0.09276757800796111,0.25942447923437767,2
0.19020660150240531,0.1911599726437025,0.8469183347244772,-0.2532571735600929,1.051350392294575,0.06504830234101648,0.8680001247982142,0.9040397705663796,0.3867672137440282,1.1321381476812362,1
0.7700629066820306,0.3974741299452697,0.8634807978991691,0.7313340167948951,0.5287985647881356,0.6043810428921266,0.07799829764863903,0.6984220489709286,0.8683084069040411,0.39453266403838516,3
0.6057134215255187,0.8419478043087345,0.2738371256127701,0.14435388536587634,0.7280057310584276,0.5051408678242365,0.17109356250694932,0.4550052554482834,0.09611087355221405,0.3409644241837921,2
0.5334659869435088,0.35857091177497047,0.10914815887411977,0.2130278497821469,0.7496921283800493,-0.10177321519004343,0.5842248152308803,0.6466106802187496,0.5537796638567167,0.6810785240342555,1
0.0508339814552941,0.12281124278356301,0.7805179945227444,0.3098870888261301,0.07285112191428017,0.2752027831440068,0.6472333856055009,0.41655291129606553,0.30926655141711146,0.45097533877133233,1
-0.035863215720617334,0.07063159905681131,0.366164066210005,0.7590805869642099,0.5156528940835468,0.8860565766797236,0.8737426188176055,0.4185579693564719,0.6916565862903475,0.5840589450585144,1
0.7270298832311844,-0.03767617815630436,0.8408435913756978,0.11348303782481264,0.21400662774014573,0.1029146687188891,0.8721480447421726,0.8443364422743291,-0.16258684216845976,0.2879137928414269,2
1.0591268372231728,-0.4582173581200667,0.21007982006088977,-1.2922262303252603,1.3452245338027828,-0.994035963460322,1.3953415352107292,1.2584978224268741,1.2174186296761502,0.9837202306183654,1
1.0004294691604914,0.8674147824498384,0.37144183989560525,0.1052070698614403,0.6355086036191915,0.9580340597749241,0.7485504323871877,0.1111517182944176,0.23666283693812523,0.8560604411817193,3
1.0082615561481427,-0.1881120862743959,0.25950578404918534,0.8773697350257179,1.1769636771359648,-0.5771631305282671,1.0844004746035951,0.8059888195373852,-0.10151124106704129,0.4349552973888185,2
0.6606356320068857,0.7249182615871654,0.7614630727809409,0.4601036179248728,0.6702049170862209,0.6740256329711571,0.8456185377148611,0.05396237610954345,0.17372850549019925,0.36122703364556574,3
0.21836514758041242,0.002428107232711015,0.09815153523217796,0.02070711977719016,0.6325270211341159,0.17546062235764537,0.4711287307077926,0.451565747346043,0.2979235691813854,0.26371685240181075,2
0.3500316055576321,0.41460814316926564,0.34114362288709044,0.6969402489354121,0.16754119748387583,0.39937714810306046,0.4982904567634294,0.07013959007517198,0.9484502224269071,0.17833949194170248,2
0.4931464818593019,0.8119812299170881,-0.027806181196185942,0.5851524525274876,-0.2676299204729714,-0.02217051882433413,0.9770389913431667,0.44314819407681455,0.7931829196146872,0.3329184960699406,2
0.14674098597433596,0.5949517999939278,0.3609631815312995,0.8501792177564073,0.07152566309872745,0.2255976496107838,0.6240160600108567,0.27935578717899723,1.0631819745492026,0.2855929061655975,2
0.8272797105097166,0.27427185845441887,0.5270059553450553,0.5205215339721212,0.3728253400017071,0.21169107186337993,0.07860688161021101,0.40713128476645577,0.378593061080362,0.6072043328284603,2
0.22919197342555067,0.13367327839459114,0.7374407392385312,0.4821656776705363,0.23464337080216313,0.4959685755306806,0.049261315300389255,0.28240737740976857,1.2532910482856878,0.7564740628364953,1
0.7075593837248623,-0.008603808589686818,0.487385168833018,0.6254779896088615,0.5833633686627122,0.11295802231908147,0.769960272436356,0.6348917700753751,0.03143582983244611,0.47027613218201236,2
0.058945131492758526,0.7854617693574357,0.27759104258147616,0.5195476542698284,0.8943519526117045,0.5705567714891671,0.9122123666199903,0.6432198985813744,0.6284482260864311,0.08636869667318084,3
0.7218445549554932,0.3790766060761278,0.7004694396638509,0.33139653767163807,0.7047678477720742,0.5531276120459443,0.6562609771373582,0.3518038400475768,0.0992580189382391,0.21598162675450472,2
0.12702322364773944,0.6512633735029505,0.4452257431761981,0.056356796499833994,1.0799132175054371,0.7233466583898791,0.5270458268192396,0.5307792113503392,0.33721181458323124,-0.04212777426874868,3
0.7225562249824864,0.786612629823031,0.30932799893721125,0.338470305367099,0.7758108036739609,0.5626925889630565,0.13321063190982294,0.49735409602421105,-0.19312897857495995,0.08819328103840468,2
0.48688873873947486,0.6719147911946551,0.7912026344969876,0.5364646443939994,0.26528970759894294,0.5414376846092855,0.1793536008003339,0.7854020188345949,0.5509152473520788,0.07865528836196062,0
0.2709043097797825,0.6528050303600148,-0.08299065806297447,0.041330140453650625,0.07158507930542155,0.8147671421081486,0.6652551795573108,0.219855178518725,0.9661980348416409,0.8619470795162941,3
0.7511340281164449,0.9545594538195346,0.11540690851574745,-0.09903358587779798,0.8570861176451444,0.16532703148205258,0.05682853846868954,0.16878788601844918,0.6638363037440331,-0.09708216230054358,2
0.6341589685747973,0.2863262118633062,0.1850661018230393,0.8618153199203811,0.24441195982486968,0.46304285988038457,0.490989763829273,0.6149397763548912,0.559447571501186,0.13906501478064034,2
0.3079260669185851,0.42013387897662213,0.9905544749917233,0.6289485899961607,0.38569194842014715,0.7285266224267202,0.16704732251300192,0.6607073996817125,0.9401194783564768,0.42660452894361484,1
0.15686626515229335,0.6162763627762119,0.44385311925899174,0.07577429020912006,0.9334265648446869,0.7100445482482256,0.46380023234137996,0.48392217863554865,0.3827441552101563,0.0469426473742023,3
0.35633280491927066,0.7578351406109191,0.21952655532374046,-0.058591583715415396,-0.3939101511776159,0.6579235425906997,1.2227697198787497,0.19296969121506974,0.6389888091576656,0.47517474900265444,3
0.6832479348541424,0.8195522747242068,0.24457567084646553,0.21325242473680106,0.7586154425205235,0.39977528136019125,0.0985851258357925,0.4076334727754863,0.045272815448920235,0.2820669340376058,2
0.28161660618154705,0.5306657426886789,0.10223880426676814,0.05935368337465191,0.12466777055440055,0.8284015005795594,0.6165746189415735,0.09819211295494193,0.9014575429481617,0.9527698737511946,3
1.0653069694356971,0.09704556184085786,0.3686793031001617,0.1927210480409628,0.0919713787102926,0.01574296713796527,0.5813471871106691,0.8287133186677347,-0.003581011507015043,0.5749010132501633,1
0.09453257798174422,-0.03806945106247101,-0.008037208299797025,0.10168720593266167,0.7243571543025393,0.3492206728089971,0.46129046205295005,0.3971709940336163,0.2495704023976579,0.10220961039676288,2
0.040598267217496625,0.09859679127666234,0.2954050282627496,0.11570341339515407,0.8145359504423273,0.42078381816849525,0.5143585456450165,0.33287352533029096,0.49176386738265593,0.1542119019087881,2
0.02827286777828643,0.7681928068723809,0.8424573114244615,0.021975630178090358,1.210349321785277,0.6181473968392112,0.5100113448883339,0.6756274880381792,0.36088183519146044,0.39417555682444216,3
0.6616429586336856,0.931295226105506,0.04072471645524872,0.11241307294551028,0.38751639261414467,0.3639016703709525,0.15794480002751915,0.42968692837249267,0.1905964499897816,0.9229744991444512,1
0.058787469006666815,-0.07131537041360644,0.5280711096387347,-0.16532765373728509,1.172406273700065,0.4920391808548421,0.465229441238242,1.0571943668901824,-0.14808284496929297,0.5535685463069335,2
0.5916874902736352,0.27274507525173075,0.2917111910864098,0.9235065729516324,0.15455767218129132,0.32402391314307877,0.40863797065211543,0.6108606309446196,0.7270410418253191,0.2128422152822243,2
0.2262249793431798,0.8554036911527086,0.8587478906519979,0.27454817422828837,0.8426329512161929,0.38767131256598736,0.7609497273045762,0.6485481385335155,0.38764507377861174,0.6968820886148835,1
0.06378713318984555,0.1927947349027556,0.32436313090828295,0.7240921079457338,0.43833147446630316,0.8472236443395311,0.8596348072506583,0.3958925930078194,0.6508728510103791,0.46305902939905585,1
0.12824905963699906,0.5194807377787847,-0.2649082111883969,-0.14309958954781718,0.30096597035654127,0.8781099390370422,0.7801977585384611,0.19981773506969147,1.0156517252238884,0.9698459304839704,3
0.49206173390108565,0.07038592765628325,0.13897138817719892,0.8944643783450394,0.533033884258954,0.7133142936109955,0.8753161223965651,0.9805105182329262,0.3481577184098314,0.873861326455231,1
0.33222893840521933,0.4760934490647339,0.8523725873294206,0.70880243126043,0.47881577021590793,0.5969295517930681,0.061906399063733755,0.6966855330807324,0.8644964740044001,0.45568058245639304,1
0.612167516647088,0.8074630782711231,0.21652746956077182,0.6031117691970485,0.864625760184876,0.2552942931021698,-0.09557909117732133,0.32906144273280113,0.5103372259759349,0.8469874569783071,1
0.5417430626703655,0.7643698369308393,0.7916699816648939,0.38681293742965966,0.5158362904787912,0.5384548507582281,0.9211778646499528,-0.02115186061876373,0.19709397787405597,0.3379955914541444,3
0.08165246388755554,-0.09441040624201302,0.4384637169295542,0.4774013420294815,0.41463130875242166,0.7338137236781634,0.48401674498251074,0.21199268508240218,0.7859805245219726,0.8247348155028869,0
0.9768467694103576,0.2911142844583563,0.8699578298832631,0.5093352107777669,0.585637915315562,0.6775337480315886,0.4619209371215687,0.1771129454198225,0.1614832581028149,0.06736186560984686,2
0.5444551486869992,0.6774243963841305,0.4603466621710569,0.5513277094689073,0.18507702585865854,0.9793386655161211,0.22093539380893507,0.32759495991625553,0.18636666851098407,0.6617595779313068,3
-0.3191674783501017,0.8157288998835728,0.8582498667978516,1.7726544748115245,1.310024054664431,-0.13908188970174484,1.0585012814567183,1.383632295655116,0.21507277155148416,-0.5247321158352054,0
1.0439452878343483,0.4227237703609653,0.23851138896362012,0.6223828675621581,0.6006879075205952,0.4224570737470044,-0.09782044491355538,0.6267530130917595,0.12749895196957436,0.6951843466002565,2
0.9035897346321569,0.5847860889352314,0.2745336177442548,0.7259124551780041,0.7622572969313431,0.7523404134322053,0.6771959404565833,0.1053154639206118,0.7988595911225951,0.9304546354870529,3
0.036745346093478744,0.06963062693292568,0.76791191732861,0.32535474258415126,0.030675317154064026,0.2987719856899387,0.6325153770777187,0.4164008417114171,0.35243504203708875,0.4707626242909845,1
0.4899553481670658,0.05709644316170612,0.1331254326562215,0.8950479462969565,0.5346334743464244,0.7060122068816382,0.8893593703896396,0.9942794805101184,0.3351834997431732,0.8902774924507162,1
0.8762251237322521,0.6561127707432002,0.5486449786784678,0.9906580700048102,0.0963605112621343,0.8596225657386827,0.756894036606991,0.5017308564599073,0.6810751649839721,0.5990952111722274,2
0.940496999693834,0.5768986856061264,0.7647321926664392,0.07582694128224243,0.5443484728983238,0.6258358316010599,0.37771677417090216,0.19179489464228755,0.8160070502552957,0.9714800282200803,3
0.8149468230943124,0.5775771545243165,0.7218605226469691,0.2687266161176095,0.11850444027058452,0.8479111140113208,0.9972177426884173,0.698528391808801,0.4403559949147765,0.7880361073752291,1
0.12539942465785414,0.16063430435447576,0.45008882127590594,0.6305754123628351,0.4330903039385705,0.8178926530930468,0.9428851651836372,0.31411569301568876,0.8021559922042524,0.5866370768063887,1
0.7570707912347365,0.333158287410095,0.020881166901394743,1.0633560886809788,0.5442501654294161,0.01147494884258582,-0.017196803213351652,1.2768783211161887,0.405270167903046,0.1869182822192801,0
0.45942155660208,0.5216253473182125,0.8496596657834151,0.623241409558823,0.11091598133171421,0.47209063749509106,0.12592706978357993,0.6174060328926019,0.5643111055296006,0.013057901002079916,0
0.3421580054546631,0.35630708507334136,1.0797059589624496,0.5304137592224865,0.4810968271265687,0.7225542218969636,0.17945861709944366,0.6942837473323505,0.9348557794881989,0.31852653632157085,1
0.6323567879432446,0.9070768930562062,0.01770569745725025,0.055971266463460546,0.42472833829290874,0.3048517607675734,0.14561349512008043,0.501909226996605,0.13120279288320105,0.9726876191343921,1
0.6903932740721415,0.7187385635156627,0.739570043457918,0.4892788341161477,0.629746645195205,0.7188232390847415,0.8748788939030486,0.10975249145371321,0.1574523902500379,0.28502611213665546,3
0.5510645286550272,0.417280707130281,0.9299900542510355,0.7429016990299675,0.4850458763061104,0.8483594836536501,0.4765816287453502,0.3209553398569338,0.6656973783378802,0.24799426849630046,1
0.9351555615230815,0.5575164817639386,-0.11937974284484182,0.0974168509581661,0.9654027532646063,-0.49106852716808824,0.4366700779543818,0.5924707374112659,0.5194502085677455,0.7193145300778554,1
0.46230618753413033,0.8044200797486732,0.2900372001257674,-0.030043057888568286,0.8813703985688592,-0.04298115664111063,0.13010619997760556,0.4203328752917336,0.48746327096888953,-0.10553844841391068,2
0.4566743025197373,0.10107502094811689,0.13855509176150105,0.8662784729017092,0.4897686955002797,0.7557541715694398,0.9202941920760037,0.9753039339622912,0.3909365262214387,0.8359128799132438,1
0.03528705475481453,0.10716886907170395,0.7647803573430396,0.2992168187526061,0.05047311602827248,0.27429004237026333,0.6312983934836152,0.40401031912553237,0.318738435025604,0.46165790688511626,1
0.20546676760106966,0.36358125911539463,0.24300990525352528,0.6317082464560545,0.3350834940592907,0.913000545552366,0.8681336971095279,0.14965751111230363,0.8762549733280498,1.053681482689134,0
0.41939958988493903,0.05465403032138219,0.19729825008028914,0.9351142745541501,0.6204803967665969,0.7771698740311116,0.8839401626453843,1.0608840505880475,0.37535040699316474,0.9179448722917382,1
0.9565914270563624,0.0771163506985067,0.6287328714990748,0.8218382109182518,0.5697050973759218,0.4346343657286112,0.5669467368433226,0.32601440494900086,0.1530966809257298,0.63979926980046,2
0.6974971119248942,0.9956891704699582,0.3084929980672082,-0.03246791460290141,0.9068446018608383,0.05082564817398973,0.1474597083723701,0.338975505511186,0.5803094742444358,-0.00639307842542639,2
-0.052291821879986766,-0.1392900225714021,-0.08267033050593198,0.3553537222086174,0.7517704104901322,0.5710010174207478,0.5655795721595703,0.665603273838091,0.29847009227268595,0.33897925393927203,2
0.9533958284262123,0.33593533013855337,0.39637499463062464,0.653969009142755,0.13842299361605914,0.7422006876331062,0.7000804794905069,0.4143107306084228,0.8280000195534704,0.21253390751941298,2
0.09549818663700427,-0.5281675040218595,-0.3708574107284316,0.074569206755424,1.3780593959594705,-0.19664290182375171,0.9390060411120509,0.3976746206219279,0.5135537452285318,0.028444648618182966,1
0.3666378483907813,-0.2477909711017079,0.5214082831317932,0.5776120070057402,0.7278016442010686,0.7072297179699019,0.6419333459411042,0.8473051483993854,1.178694381900853,0.6859249749342262,0
0.09943360799387208,0.07515868068999826,0.18023440963190318,0.10231596113415983,0.6600557354542885,0.13669667505981117,0.5423673007318766,0.5621515946845188,0.1214215115752442,0.05996121085573439,2
1.172094904589665,0.6365407340169216,0.34876265935230066,-0.0989620229285112,1.2424801002289894,0.61958013060766,0.7229337463357174,0.3291276162042909,0.23044106211959156,0.7465065415166242,2
-0.021184831281232525,0.5492377316203655,0.3429758681297089,-0.027409007180987446,1.0497272382808402,0.5818646826433573,0.4403051012240588,0.602074177053553,0.25977391690661555,0.1870631717459475,3
0.13864590326299286,0.21960075794438538,0.3844840071845964,0.636546041974248,0.42434083396942157,0.8153061892152268,0.8334226183652245,0.41007742130850366,0.6189723853818148,0.4823468731413791,1
0.1712475010059334,0.6364512406300393,0.3600252136705428,0.8116336682148357,0.6588653314796243,0.09597446052565667,-0.018550566182048367,0.7627224282297819,0.5777712907201525,0.5372238886526585,2
0.631949608372003,0.8696048537487413,-0.02018343781126125,0.1005409547484209,0.36708430780121004,0.326190374755205,0.12664406809153184,0.45790410888201727,0.10735527498496264,0.9303120379927445,1
0.2576816924163563,0.40277879476931105,0.9392718369095008,0.4966814168247518,0.4549878797525163,0.8006291319713591,0.07675897202737847,0.6405652991269072,0.9260381323909922,0.3880486469970181,1
0.6735426253919813,0.7992223005250261,0.2792366025461647,0.23375115230762405,0.7661696560915056,0.41746423840515184,0.13137877278338553,0.4293303107151064,0.041900784338616985,0.2912395459590678,2
0.3601634184769058,1.289470385059649,-0.8513922859179303,-0.0008972818298066398,-0.18099427385107175,1.0903082285475467,0.3670199262453053,0.8389331526098043,-0.3807779644476207,1.8141159638836664,3
0.9535636985352394,0.7604124427388517,1.2520290101165337,0.6146919710238377,0.03741051439317006,0.8305991908245899,0.11685773298433696,0.7984067832008868,-0.08232389622436764,-0.08384511548279303,0
0.5162663213995805,0.17008168227215872,0.10247221877019566,0.9736778461068208,0.49830524695621636,0.6087835479544561,0.7898519970455302,1.0911425543299447,0.4003754338677124,0.9613163719184692,1
0.31323737724173173,0.3636672626205181,1.0379967655801363,0.6485623370280704,0.3816489129177516,0.6792983031120989,0.23555672520430126,0.628792026340715,0.9171567221535355,0.47832790165165107,1
0.8275654163937852,0.5085236977536176,0.3383954426560781,0.7109206756441622,0.8146890196172786,0.7254363517686021,0.7248981648367218,0.1613240580559178,0.7307712448184954,0.935283254262255,3
0.5626023376520373,0.7540042933630186,0.2664067649338725,0.5438679913847615,0.8624414807807121,0.10739983793788001,0.06171185890766429,0.28460740504113596,0.5815347069264254,0.9453138481788833,1
0.7045721668506416,0.40497463544500933,0.7127252211902864,0.3082071988333229,0.669810235448757,0.5010646207701381,0.6820301825237322,0.38613591152178434,0.08428881981593767,0.2284153867391071,2
0.9454927826717696,0.1397514112754248,-0.08339306603035129,0.9024521240387133,0.402955273302399,0.39239269063898163,-0.1092889921645665,0.984526513454679,0.35942564533525323,0.23449212593192192,0
0.030761088768804026,0.10516015548210758,0.7637925726439478,0.27983981077668296,0.09367916058429358,0.2722680888541128,0.6630948300221169,0.41982212744911684,0.2829577077143236,0.4780646727980573,1
0.17479278494457734,0.8321318932567687,0.04042031126543726,0.5334424990670594,0.7253318175357027,0.8101821130106962,0.8461507096209314,0.27059818182786183,0.7411694229723639,0.7109765363274458,2
0.8610266244143767,0.5010657937870104,0.24052789210141162,0.632252528596978,0.6829198710304935,0.7078428749057726,0.5606784981039736,0.006283870623524007,0.8779842050473943,0.9439285254659313,3
1.0577745615420504,0.43876012578235096,1.0720535518476337,1.297674038644731,1.0129203026962035,0.5443594683230037,0.9167649880072983,0.21852155398235332,-0.02356690994746108,1.0732194387012561,2
0.4939291872042018,0.3473756261000416,0.41757311879793724,0.07650888115799101,0.48511178529390686,-0.07089491003290549,0.4521994001078957,0.7124843957800611,0.2539728021185491,0.49716310839271405,2
0.020877019174562333,0.7261467014568033,0.17893776060917724,0.441963400691513,0.2787033228801985,0.699366629033262,0.7547022185541493,0.6130827225191341,0.23315953249267513,0.7831365294336843,1
0.6726107494503053,0.7505410969176776,0.0857829140293834,0.16278903028989727,0.6348770137607911,0.5003456749036956,1.1148212800327315,0.27040305558522487,0.7091242214414468,0.49994860645841366,2
0.8657768378861608,0.7385023203645745,0.14212818527376056,0.7687024757615558,0.49586622180605794,0.9601155677660004,0.618038022678606,0.3114955119260837,0.6962057642874637,0.29865881026783725,1
0.5451326763212919,0.4205470738999199,0.9251586971348779,0.7141902831181394,0.46423302993724525,0.8412451321297726,0.47756248958152914,0.34650873620174744,0.6706965540640206,0.2496115666876816,1
1.0180701220754576,0.3605235982331359,0.6887958303587656,0.43211228021352793,0.23346407274384848,0.9637917030914208,0.7597819692251019,0.8009048408058423,0.19344925860533285,0.7877844403420112,1
0.7344269964777455,0.3982512569877652,0.6908006212715142,0.3291338591430502,0.6972429922971634,0.5387035008576239,0.6581056417901714,0.34663613610694033,0.12607901683603562,0.20257551933672663,2
0.6442138178412612,0.7093621634721776,0.7673153099154651,0.43356107832275964,0.641000694605667,0.6548762023727186,0.8608388149865984,0.07380529143093209,0.20206849441459415,0.3370696854255559,3
0.05324201624738325,0.77707300367658,0.2974951665229,0.5033765954488287,0.9125179916383139,0.5812023065502039,0.9035358908424892,0.6756897694015893,0.6286219175642465,0.08852932472850543,3
0.23721937289817202,0.4015780362099013,1.2645606406573278,0.4289487186381314,0.3001374769301246,0.7251465013596791,-0.021368372258191715,0.4660787368820482,0.9917650919671401,0.5221312498694117,1
-0.0029475714163837083,0.228471683868641,0.3522828202524482,0.6606811460396096,0.5776500325623638,0.8834939295514991,0.7747910241052244,0.4652908073853521,0.5808952116434138,0.39332379516957844,1
0.8915180696736321,0.5013982208988225,0.3312766395051728,0.775094783973197,0.7974001976299626,0.7478693630192459,0.6809498979960565,0.17607638377960588,0.7106233564017099,0.974565479223396,3
0.23288351838106916,0.7315810752111389,0.9118017001355114,0.1596060229746235,0.5700536543183259,0.46379763435331417,0.4946717485483758,0.7751587370673279,0.22813792767850286,0.9376858974004871,0
0.6718386158876261,0.46718915183492143,0.7767468313409991,0.03844806980085114,-0.16156935597960786,1.2902379529457295,1.0950339464636478,0.15746517024334003,1.1069426339065322,0.6090853618612642,1
0.13953131135863434,0.46196115266596843,0.15063636434434094,0.7766646499153874,-0.004103627977631334,0.6257312020201465,0.7443523085825622,0.5366012841460671,0.8821935017452218,0.11652283906100437,0
0.5547295921408764,0.868171982150514,0.06422723166952451,0.024480928942913253,0.43313276217773333,0.27927758362140287,0.223964926745851,0.5704260935732456,0.1923958653739672,0.9076396246824472,1
0.11774896064018528,0.5781595902344034,0.46869286462746557,0.05138965886096081,0.9627500842232107,0.7360494436057939,0.5056682044728729,0.5273659058189124,0.41615819485961647,0.06261229279808084,3
0.3844960278909942,0.17098262959532828,0.607492718707332,-0.04433378255210352,0.12061917410988904,0.5413799351963872,-0.5109100641178058,0.3106998129291931,0.1224757736262359,-0.062050969512573106,0
0.621034406997471,0.23283134168981925,-0.014717981583818845,0.41096188631300146,0.08675639718234787,0.32085770458113283,0.38951298448964,0.07136984267655445,0.8246570843155927,0.9566112712204948,2
0.051188295828725555,0.2516599073712299,0.35476519878324425,0.7181324399364684,0.41757599719870214,0.8962704579771013,0.9272973097607738,0.3503871885552444,0.7286184003006484,0.4324435076007719,1
0.12847556554016487,0.7019644360853617,0.684727955031833,0.9076610320327649,0.15569975914013018,-0.11527299244628281,0.6291183299982053,0.2675396549205032,1.1004154551664467,0.11358277104514448,2
0.8526457141315146,0.5493564181213686,0.3012875183162343,0.706146609060262,0.7882301695235986,0.7473354534608576,0.677023498536763,0.09897313292808393,0.7526977046349075,0.8988763938607678,3
0.42967683535981027,0.578808240529825,0.7132690533607092,0.48126392295265996,0.20931961570356256,0.6317430951338121,0.10628712730818093,0.7450736062240705,0.5023403107429506,0.2012957055088308,0
0.8742819161361866,0.5511623495781225,0.3345431149324326,0.7046722106386919,0.754313281859868,0.7168457240033761,0.6679171468872368,0.07655520766607574,0.7589535205536487,0.9551035478467829,3
0.8641055054820254,0.27175610511079296,0.5601508530786827,0.5436480325290337,0.39793580249988914,0.23919710908903452,0.07369897671827984,0.38795744496317125,0.3729389643712528,0.6045194066809959,2
0.1148538773784761,0.7919450349560634,0.4009805183512454,0.44547984833480175,0.44171269883068437,0.7170400731145565,0.9274861553905658,0.4889457609233774,0.4173283948324803,0.8379680031427097,1
0.5887748590703065,0.9422254376564021,0.05409737021372482,0.05307307105204993,0.436029101963354,0.3326434363607809,0.1637435518619419,0.44573497548131946,0.15060621394875584,0.9192441743349763,1
0.5035949648114744,0.20665188765401069,0.08078351619005547,0.422507646509584,0.259407816076232,0.1722893123167406,0.3356585497961557,0.07024298014188671,0.8679572862593603,0.9260650252635777,2
0.512985148976904,-0.045225693709606704,0.04548487080773257,0.598220853465858,0.3280422675147202,0.44088696552572354,0.9614155990985728,1.2704149672502076,0.20960149331593914,0.954404198350451,1
-0.08072649297825052,0.8612667288976021,0.3152978608567497,0.7998570925775461,-0.13812101255930698,1.2081658130264663,0.11488253524793829,0.5952957687181326,0.8797849657160992,0.9754643590991728,1
0.0293706945490915,0.7892305954433071,0.2871457113411122,0.5213130004086107,0.9286433137985934,0.568432228865428,0.9329305186502789,0.6727810809554817,0.6146119666681954,0.08170431999837105,3
0.7961993253997838,0.11348050145695518,0.35776366854569347,0.5579237473536546,0.3356460492443146,0.7702358484010349,0.8614421053128352,0.2670052511015844,0.5976318145725318,0.8589336517046462,2
0.4370049373556143,0.8863263254914836,0.32921761918221004,0.593279804377206,0.06290213785215593,1.1386693769323166,0.2598605239270604,0.4188790954843294,0.22215152641024388,0.6500901548848781,3
0.3794671364092142,0.9865671988152118,0.08009428656582701,0.37090675063875067,0.8063336812088012,0.849668899286724,0.8505112978824084,0.32490834652676304,0.5532205670978378,0.7011893841127095,2
0.4070712321176453,0.4258036504730909,0.32889274594191237,0.7629281431568898,0.24484283149628888,0.20026462565847536,0.42325340140872136,-0.10278556540366524,0.717817417193953,0.04915299103592832,2
0.7560628935771786,0.05894800588903942,0.6176722015851961,0.7331670203472682,0.7451193104878518,0.162168292605317,0.7712442698904335,1.0577947152196696,0.2641318438496669,0.7048345202934445,0
0.7607373239755603,0.2590315827678349,1.0722919977027128,-0.05837009509094193,0.38039558038993937,0.4215216627668764,1.3009692584035955,1.0677041958488929,0.6590570439474832,0.4191237659465766,1
0.6887838824105593,0.7595748793547077,0.7417780167303415,0.495427956572419,0.6313812875533735,0.5820343895581661,0.8239418082135368,0.13889761221866104,0.24690236688825887,0.3998879476401493,3
0.6409658511720687,0.9724604484805496,0.06638550684441374,0.029667139067329172,0.40331759230156394,0.25620345959493895,0.12368567849677646,0.554814212183184,0.07897820416132051,0.9410837756042651,1
0.7444563354520823,0.1694603992844821,0.09058094219304151,-0.462455419955693,0.5253249614351507,0.21421255291294103,0.1349515502993655,0.5905478322468185,-0.006363788125672815,0.7644014427076375,2
0.298007848148502,0.8583405884550201,0.9872792040490546,0.6023047247518502,0.03145714123454068,0.20753889325182173,0.24692203740879312,0.7726655416692465,0.07577675272623755,0.28845415120925266,2
0.1340559849453907,0.6012363956892529,0.47055197194614906,0.026287269025455022,0.9336196972383326,0.7534462016565359,0.48327711211994806,0.5438429700464633,0.3852319980952854,0.10192590867403296,3
0.6491746507985351,0.7009486973722787,0.7679940225327289,0.44869221082739835,0.6500868470507408,0.6513016042991326,0.856085181231494,0.08425798725472579,0.19406821728161797,0.34008971770551555,3
0.49781965735422407,0.06979452946027837,0.14316362962864312,0.8688302124145594,0.5475336218686488,0.7017433510250761,0.8927192026609445,0.9925876631582509,0.34838122478214284,0.8778738526395953,1
0.8385179242847771,0.5018077534737879,0.2766859307979087,0.7150647206234362,0.7769373067497374,0.786151221745545,0.7331850293675597,0.0477705313102441,0.8541976343687455,0.8830726096526161,3
1.0099873700370168,0.624269360005449,0.6042489595609937,0.36123026503486066,0.20983505073246578,0.6733924561021291,0.9587284392790729,0.7203377468492538,0.3095457316691106,0.7459415109360636,1
0.8388186305497398,0.5501799968421591,0.3457749773812404,0.69519596132324,0.7611019489201443,0.7685430343705917,0.6974491860792138,0.08676744354168447,0.7882908671826857,0.9163487664288367,3
0.7606008695523275,0.8562308595001099,0.10579477019791833,0.81033743577593,0.7914883710903345,0.997412668899603,0.5357507853072343,0.6262874407592885,0.10892278815586805,0.3677572770848981,1
0.33285665786193724,0.33515262400528,0.2610900780615256,0.6342899508824671,0.23804967964531176,0.3337582537673948,0.5747499752849704,0.021665563861520964,0.8592824501238383,0.24867243457378554,2
0.543652479693583,0.6395765872185515,0.33865846058531696,0.45253402859489694,0.10257208317213205,0.8692044795324452,0.1483785697110092,0.36117856992416103,0.08423093632712025,0.6392877490099396,3
0.7004113203574265,0.4799269432945604,0.4759511727415806,0.08925044766608622,0.7039845416665509,0.07005928915849585,0.3316511985898221,0.7658166576032097,0.8232283614529071,0.8766037226050338,1
0.7242714014823243,0.6309000909516854,0.8403977198875716,0.38664791514321717,0.563941572704613,0.5671989532038864,0.9303977358637846,0.16899455711160616,0.2812768287379198,0.31821241305494447,3
1.0460118933939369,0.17573471696538934,0.6919812877299185,0.8066303303299158,0.6113921362174811,0.4105638129761447,0.5572191770646697,0.48216889098892074,0.13299430889618089,0.5160905542571985,2
0.5418247803628159,0.8991549746023564,0.15902365697752874,0.08917949867928562,0.7766221848389842,0.0862139945941698,0.24741849443915645,0.3856119308053349,0.604826519835287,0.01453556960743705,2
0.25045369797176154,0.3138914229292118,0.23847894266855366,1.0400863598001415,0.3109602705112708,0.7418833187166526,0.5532202101095056,0.643105798471122,0.1679081882027192,0.9446101965951923,0
0.6560431257788097,0.8725976261627021,0.014174994657427772,0.07701296475984658,0.3436054722656728,0.2786499109221131,0.13074080213161682,0.5247001409536525,0.142430720061167,0.9083761208076658,1
0.5632111835313035,0.8413263740057314,0.13671416683471627,0.08063437931255875,0.8041372808388789,0.037425868563193035,0.27886611927139154,0.40224441229859553,0.5901309888587379,0.021453934895340886,2
0.7640743020016466,1.034798843287404,0.5271546819619051,0.3165237293820455,1.010647063183045,0.051319362822304926,-0.09978064197197334,0.07729956548367634,0.7394620577722586,-0.2104717119891416,2
0.5580962685843963,0.3365593204658616,0.41582959561187033,-0.2687991122450826,0.1807226572201776,0.5157850221816407,1.095051421276016,0.0863521959524686,1.4634648948550881,0.7156962887695771,3
0.0316199259564989,0.23820557057905,0.28585058848475203,0.6822999013466171,0.5092216218664258,0.7580730370392733,0.7818154989871928,0.4674352574446772,0.5995530988705655,0.39282651907054517,1
0.8777739695168678,0.06435660582389621,0.920007522156854,0.7031341689442034,-0.03226845018259378,0.22458893826583792,-0.08230481158767197,0.06579208536092468,0.4343810859554787,0.28191047458335783,2
0.23575654777620753,0.4137955331595735,0.5689678878459667,0.199852969927934,0.8450591886283004,0.8153629912737909,0.45214722716080247,0.6753697098243425,0.2931810226105937,0.08567861462868165,3
0.8740144312092601,0.1580241704532965,0.5559395683420015,0.09778894257509343,0.7474434845449349,0.096599182206556,0.08936801542873335,1.0038106566739533,0.3670016136365555,0.16337888465932782,1
1.1045715475269686,0.5848892897905186,0.2870219933264949,0.6537905066191045,0.5214492927525831,0.7718066440219923,0.6649935320198594,0.4492375045713067,0.7512793769855233,0.1651563567681424,2
0.948121978751981,0.593310805031723,0.7215052694571884,0.0833625597412124,0.49893532007534597,0.6580659110061642,0.42341439124222396,0.22304417917066444,0.8544705333671829,1.000111301106102,3
0.05065059405875554,0.12205302375027655,0.7782382926894553,0.31429959362381954,0.06275328579825012,0.27461961504209054,0.6513514103406657,0.41375799334708807,0.3166696021430137,0.4582835717976135,1
0.5913567410462299,-0.05644643886038764,0.4206284167913933,0.9351111458503305,0.5423398851088462,0.8632214969628293,0.10193346532911368,0.3072523717624111,0.8730097414858331,-0.09365097157757257,2
0.033241378155440114,0.23781868816854052,0.7097335584296136,0.0009062444742172007,0.04703991056123723,0.2828211119442575,0.13733527985705293,0.8676806778140629,0.47848273085956833,0.3056955201386949,1
0.11579455141882872,-0.10042419805784619,0.6031221270958735,0.45551205759282415,0.3154123324903728,0.8292894491832199,0.9001441472519446,0.3803279094773029,0.9350184510286736,0.753444429141328,1
0.5125931789935316,0.5378670593173434,0.08219940158345973,0.7723989869047623,0.33198002017053635,0.3487382703628933,0.40640128362366434,0.3755510310770284,1.2484256669712934,0.006896718207008212,2
0.21170403530197396,-0.23578628527332446,0.7216752008811615,0.14177202871426253,0.32660506221773156,0.4033881012126727,0.2603836855784939,0.5897680125814544,0.04857117517594689,0.9048658113819493,1
0.45348997267623287,0.037691294015022,0.23016241745264288,0.804140405531357,0.5211262340987836,0.7020664052474114,0.9643133992884323,1.0545136780691302,0.31507960686151404,0.9753501084690142,1
0.48405715373656866,0.33838071241879725,0.46829111514527955,0.15217137626328503,0.6559517128428425,0.021306245183021245,0.7662131780368168,0.5349860299022628,0.46401666795424334,0.5421021846676995,1
0.7253902320625699,0.6016538787163618,0.5645797446577807,0.23376867224314912,0.39977856902374104,0.051705752138918,0.19876607241718758,1.1472596515234121,0.0630535110208165,0.17855310315108097,1
0.14156567383997837,0.2855430811479876,1.0161423256912667,-0.270330736420724,0.031816845383649595,-0.15970007573000905,0.2865487066264092,1.2186642172516535,0.027463176421980373,1.0027843772546752,1
0.4961722605422624,0.29128558538971117,-0.46198809318187994,-0.44045401209695223,0.34426056181281994,0.4964010545490728,-0.17177483134673532,0.8441822428330719,0.2677662416577722,0.4105696813815959,2
0.2909404902511127,0.43604134361513286,1.0007778852153697,0.6209975337516714,0.3686085915200932,0.7340114542789223,0.16139228564331515,0.6664059860628754,0.9422328853143398,0.40909670948022175,1
0.12782779234191444,0.21043800197102822,0.27021965376638235,0.8028242836197165,0.4995356003673155,0.8498729078767276,0.8184438605497801,0.27246064704893336,0.6246156538347674,0.4104419204923442,1
0.20705405627440215,0.5532657860212823,0.7709332962050736,0.8310260269133223,-0.1439629214833295,-0.11042217531794374,-0.5583347925281132,0.3380002190698042,0.4327515601798796,0.23420899203037504,0
0.7604784924607655,0.8865308830041351,0.027742347141193863,0.2338501736169093,0.9856454238394958,-0.10455859574343487,0.38604933823443033,0.44223975239394825,0.3986262170920275,0.17836094810640574,2
0.2193916918852908,0.07197926823149758,0.13296773550415036,0.4838746314055908,0.4949580907768713,0.4220619976800816,0.28632344303367635,0.2981437889088193,0.7497467306012418,-0.16593453975345374,2
0.11639610359314731,0.7154850877832455,0.24386853977814898,0.5700168426538496,0.9500800914771843,0.5658036155966364,0.8790922465801161,0.6124336765218676,0.6527638440130874,0.00690948938567805,3
0.8138911804599163,0.5029267074160584,0.3052523497584078,0.9903699913905595,0.39240288925400585,0.7777983001987157,0.9858489701109769,0.5714635346160302,1.080331777261127,0.16420090059574383,2
0.6025488405366671,1.0305039372894533,-0.19527396638000727,-0.24767143180488577,1.1334374836166667,0.15801912192478101,0.002431525875464191,0.37315224968344135,0.6242961496616674,-0.2833094555290305,2
0.5780239216119107,-0.052282342613934746,0.23285125590624312,0.9025943258945575,0.6712268990017662,0.8209753915198741,0.7229519303313421,0.9612066628406365,0.42872129882432025,0.8161230847238929,1
0.9473355266031024,0.42348274124544244,0.6306972878955994,0.6626702647829771,0.37029245842355496,0.44198188066107846,-0.07983021691603578,0.15189764216779153,0.33621298215592277,0.5248850372053143,2
0.29825547039050027,0.5742313807636196,0.7245344785540899,0.5776172270284317,1.0139815574414701,0.3775493238350182,0.9157115570403749,0.7172560101797291,0.6152860030223336,0.3340920777479495,0
0.7751041210848836,0.2966840932265181,0.6485177636791789,0.4880520244903541,0.5225958180325463,0.31002353941089045,0.8140117754480776,0.4750762770007798,0.179627957749465,0.4531702795310645,2
-0.12457698494087172,0.16281131405613686,0.33982380349073404,0.8248998996041219,0.7905989429610492,0.40666901987445625,0.9770623665448861,0.39689447039588804,0.7749048959613889,0.4972928099001302,0
0.3738149308789076,0.5852658154016649,0.9453283539087151,0.22495865650547844,0.6227723135746477,0.2685606950398929,0.44196412722764067,0.8422455876594241,0.1590481943031538,1.0686623741049717,0
0.6472803453659991,0.18317491565967703,0.19444579838644707,0.22366882940739308,0.6506411781110251,0.0034577877323408723,0.6097117709591738,0.7590613476946575,0.5561535805992651,0.6173384080091179,1
0.42374993205707234,0.8060095363629411,0.932939430846639,0.12013005794038979,0.8492596408232523,0.38942000939985566,0.6162243162024341,0.6233203439875692,0.5782435712894425,0.6550465054282608,1
0.944426230222535,0.5899925568881237,0.7861165595548669,0.09632931435329925,0.5238127000846605,0.6026773466065064,0.3514462221069987,0.20863692226122207,0.7946339678047909,0.9811935940308641,3
0.30632262059996457,0.8573904380252572,0.9641597173370333,0.6048814292208337,0.055759720762869364,0.23125665780051888,0.22296505977168168,0.7920912117831086,0.08573940256552412,0.2805097074182523,2
0.1850210829585619,0.9147240182917168,0.4269193065010286,1.0017767424950985,0.13641402895175858,0.07073008406635808,0.8787390693286126,0.6555826968993697,0.08494391933432996,0.7579374468244574,3
0.993425278063591,0.4748035873787964,0.800404791143475,0.3524902455975248,0.27064169644844616,0.7020648955168178,1.1059176343501713,0.7786552282303422,0.4557919040989812,0.8155307274113907,1
0.9418446678318209,0.4022472340665312,0.1826517471329313,0.8910648756807626,0.46287547189302003,0.8794625349312769,0.6553149468165866,0.5455624551115756,1.2707157048205204,0.6182655141785274,2
0.5557887026615667,0.9992992733709305,0.6486816374636624,0.4954394764858841,0.6170963986189841,0.5134602534319574,0.09156677102225547,0.27626622843007914,0.6407786985053927,0.3926985389108856,3
0.06322339900473291,0.23360981099251066,0.2071913684918076,0.5971417104604496,0.42143953100688397,0.9471038752037634,0.7675324361651642,0.47372070602294303,0.6580558368615469,0.5568554933155379,1
0.650338168103708,0.7759787090052822,-0.23304464125862992,-0.03939284947470977,-0.054931132972653895,0.8413796380760763,1.0938824386868866,0.10510042294741526,1.0734493964108505,0.7554199362031062,3
0.48016016254774874,0.14971153701025042,0.10593004026433052,0.8296344713993682,0.589736058428144,0.6740463242214357,0.905573584637932,1.023656875067004,0.4310360905046712,0.8394388453675133,1
0.24422369364403196,0.8878145948053627,0.045740562564155963,0.4445728649531366,0.6326149999272698,0.7562784452095185,0.9537159223312054,0.1924125404430051,0.766228294196418,0.7233374801031405,2
0.06653299692690837,0.7505771792993663,0.3029071838579422,0.5026078163123802,0.9093540111291318,0.5767206864127642,0.9246920377883937,0.6711389831181778,0.6165839208699375,0.10444064390435126,3
0.37552375726819376,0.9380295331468308,0.054809658710027125,0.41107883030113906,0.4630326312381504,0.9061312329515995,1.066523642095684,0.37570136103814233,0.6353502997298108,0.7538607972529853,2
1.3980134620388096,0.6824451032112908,-0.09794300674464884,0.4317417984052001,-0.0029846244106172537,1.1643011224230961,0.9410200434681398,0.8901410114674416,0.7553107948262788,0.3804043932006544,2
0.5081018515557278,-0.09827595961335903,0.44559471735932354,0.5217509651004869,0.6749897649802843,0.28042857565012774,0.7850910735499397,0.7610208810595296,-0.12516896419528123,0.46394683868577663,2
0.7490325830639243,0.6790916987323478,0.26887852242159493,0.8811559894756708,0.8810098463000982,0.8045514429360859,0.5238454460256556,0.0030583294103108116,0.6688005179941809,0.9122216126472581,3
0.4250010848657279,0.6680952915592246,0.7392106129305218,0.5306598863635901,0.26042226707520916,0.6239219570895013,0.1519395352739595,0.7511433147714912,0.5250869749421948,0.13924934934279676,0
0.8369752859368297,0.29453029339743764,0.18843919165805922,1.0251473826664883,0.5672341509616556,0.20715814992144688,-0.017670053106132802,0.7309809032461028,0.16221006913069178,0.228791366006711,0
0.31721601422746915,0.4397156377283117,0.3443120094554766,0.7356877693800433,0.13688533982371665,0.4128763486670458,0.4684384029619598,0.05503593793961844,0.9563739949039607,0.20586752318369847,2
0.7898698808518402,0.6202819269373177,0.3433904560417883,0.748706169385197,0.7004775405985397,0.687025979638968,0.6740853509879574,0.15479543071123433,0.8249428290242723,0.9503120154959039,3
0.9201295546005075,0.551412388872187,0.7543446990861601,0.06970301967006143,0.5557106394865541,0.653560010398077,0.3702119147235526,0.19820975236604502,0.8417988466795483,0.9724179463806255,3
0.6697650535792703,-0.003535216638775096,0.1551362886924014,0.713514490852495,-0.28034029250526277,0.8999675348285092,0.9440677752865007,0.8952103867961849,0.9139850443049438,1.397882781154145,3
0.1518390241518492,0.8922649604731269,0.3874144255056998,0.5082852809073359,0.4579304051207079,0.7290091980898509,0.9549051097899625,0.5876846908662154,0.5315501451499819,0.880066305521674,1
0.3444080879163198,0.24718659945768448,0.868048636866799,0.4319975711423939,0.4410214248129771,0.7161671117209175,0.09128242301172033,0.8598383068537047,0.8366664373490186,0.3111852212615304,1
0.03620248092457515,0.12049754802963963,0.7792395780712549,0.3129737389790787,0.06351193495132852,0.2757135054927539,0.6433040072304704,0.39708322814154606,0.31797007756716505,0.4481729529943216,1
0.06340595949859405,0.8470037376323216,0.29463152410813503,0.5497160298239995,0.9358635163477599,0.6034489440606638,0.9718714758705308,0.6801747616279457,0.6477658883156655,0.10490553113389958,3
0.17126589339793408,0.5859318373879074,0.45315051094675673,0.11201520971751766,1.0040255388338053,0.7644523555664102,0.4655007327772784,0.480901739380808,0.44929143786027964,0.07041317586900094,3
0.5276233789821111,0.8348613031511509,0.3393265234720373,0.500965088705587,0.8179217171012376,0.1872026941619483,0.0299961317418091,0.22286183958937514,0.5319841560468727,0.8988448215757652,1
0.689173425423541,0.6563550409248241,0.7479408905873233,0.45643141728066206,0.6700041118514004,0.6924697124191851,0.9050599409004614,0.10213149707139325,0.22378281561090035,0.3544600975349701,3
0.5271047456532407,0.7264976035633244,0.8425286798970684,0.5561238660874808,0.20214506453064932,0.5460723408140534,0.16458373951729302,0.6613023119603081,0.518760469685415,0.09265942150900452,0
0.0898469047281862,0.8163262152521319,0.437433458440567,0.4956644294365935,0.5343369408432217,0.6433478291250324,0.9744416458084704,0.4906403587869956,0.4120157374892085,1.0037480923860982,1
0.3548053231979914,0.09975615943421101,0.25864854749449157,0.3849900655846667,0.007399916950738328,0.26316658713550123,0.4432723296387055,0.08952934325346566,0.7121090042928593,0.8164584208774164,2
0.00401437266498475,0.622302878097533,0.3630046535821373,0.24938050767287667,0.882329769738705,0.9213602344669931,0.6353010341455478,0.5029031593895164,0.2796551261942442,0.19437877515011026,3
0.7229497497280717,0.8370404078806466,0.2780861148111937,0.7912681270032882,0.4108399686952741,0.8372589708719531,0.5791546000262131,0.28780195423183846,0.8325512020942991,0.3637838111084967,1
0.7794207514263803,0.4266239987029952,0.8915437988917837,0.7193494173341527,0.5208232096120323,0.6048655024919837,0.032423002823739853,0.6577173126294608,0.8125682034687192,0.37334230533390417,3
0.8807407924616412,0.11660637324764271,0.44042676187554486,1.1263872028853097,0.5822520290786509,0.3215065447005511,0.5899812012519824,0.18195277430336093,-0.16682380829671772,0.8372873969090588,2
0.5514238476144914,0.3755300638044435,0.7477984401260915,0.7270864411049842,0.05164805889590733,1.2871117543089814,0.07803861891035906,0.17589597620541925,0.4112305846152584,0.8388064624950062,3
0.27224400677371585,0.654995925856232,0.718508225298686,0.06877775651381066,0.5032621816951225,0.34195267910006955,0.4835706596471945,1.1255319127510293,0.35285423181966735,0.669970082833016,0
0.11465247931692893,0.019938450030502756,0.6975585696232812,0.5803065048806051,0.09939701658292877,0.5799462013786045,0.9550104250875352,0.672799973307411,0.22909545779264784,0.3823848165403251,2
0.0590455343463427,0.09829243903143123,0.19193507445319422,0.5354501181452596,0.3881276930902432,0.7677753609726065,0.7888553417249689,0.5026155168007674,0.8473103994274153,0.8291410912294785,0
0.8924449200588589,0.6429444626642496,0.0641037455318122,0.9169467054404028,0.08262696810357004,0.5902010989732088,0.9972814728247104,0.22987520998132008,0.9734499623689522,0.29074916345002194,2
1.0177650692217508,0.6079765681214544,0.8632930064101241,0.08944458242875375,0.12951325287431212,0.7279977112224617,1.0151891467238177,0.8059832101634776,0.2504807338107542,0.6102584750499895,1
0.014527645069459146,0.17496625408573868,0.3887010833659999,0.5396555117470425,0.28017690650705823,0.7632450557792818,0.9362615170105745,0.18855841084373043,0.747201889878673,0.5472368146759082,1
0.7721669917899872,0.44257586596777165,0.7524818803251649,0.2905234090306448,0.7243285106730861,0.6182454604359127,0.6162220680754925,0.32239806895292833,0.06510506573412242,0.19928766204608936,2
0.2751487320986512,0.8777023968378328,0.7368361320496781,0.659633806304536,-0.1836651514270558,0.7542172051878692,-0.20025650549186103,-0.14012977728668013,0.1909957094543041,1.1929182664530136,3
0.5939172302117648,0.8802170710579286,0.08414083424596443,0.2156014299153397,0.6602795739071498,-0.06662068561946297,0.28424086344107874,0.39986616651328727,0.5014016391510598,0.12293673616576906,2
0.4056878310770396,0.7038513424424234,0.6916222548509965,0.4544138884239236,0.3013736585828293,0.5489595906946164,0.22797192606294134,0.7599190506831207,0.5488384039538787,0.2208829282322524,0
0.317416070604688,0.28480642905850917,0.4810071967556418,0.8307627391442639,-0.01845253706807648,0.2294292755811549,0.5005412268141125,-0.025147145051228836,0.7767692134975427,0.1933325757612016,2
0.6260167585554929,0.7936893280491671,0.01657571240800486,0.8081287931583383,0.49123571497012963,0.7684532761149121,0.5913238490298466,0.37189512469217917,0.0258723103410766,0.27070387418207714,1
0.37501537500787496,0.23046675408743894,0.4023441524139578,0.7891629136730836,0.5223264439976423,0.5625803312714326,0.9182767558519129,0.7447795871341423,0.5821013776718608,0.6182065406116608,1
0.38091008621675737,0.9574624355490242,-0.28590088547640796,-0.15347645280139177,0.29141665077779466,1.1218753141359943,0.5798413608613859,0.04433188031961602,1.158003189310944,0.5868094325897444,3
0.7363637396834305,0.42237401217313086,1.0258360472808232,-0.3731133619234611,0.39520120286851834,0.4950248545134915,1.3746445762965567,1.1268761052937655,0.5763281407747832,0.7576791958200891,1
0.74861118426717,0.15311918880171338,-0.048343221257241,0.09834193155642301,0.9030822590891114,0.2991609235488682,0.41675560864567346,0.5973935152031894,0.3109511627500866,0.7924671409130423,1
0.26265168171544573,0.169518188298164,1.0039036831039931,0.6388990998015115,0.44389004155278444,0.6052814755333387,0.2612524626612348,0.5841803370312312,0.8475946220306162,0.24558522491013743,1
0.43716161048958624,0.03220734449774937,0.043506469328083386,0.8467165221709068,0.6418830249648947,0.6097970721721819,0.9068164429784972,0.9150142852871468,0.3353843057861036,0.8183076578730127,1
1.2361456138459415,-0.032834906154903754,0.22193956454136038,0.6370244081587039,0.9135900805797994,-0.7544398641417854,-0.14710226432739484,0.5452242300127867,0.3029797067804168,1.7448124000927552,2
-0.09258933594165722,-0.1220120641791976,0.10708835161023886,0.757847821102269,0.6276686210388136,0.3065847213622891,0.6080435724252566,0.03488408389385461,0.702739027663885,1.0680623027464313,0
0.7456524953153341,0.8583022132093848,0.10718907342665124,0.860643340189017,0.762362571153845,0.9151540460352046,0.6578096024073852,0.5624732527552685,0.08219382339406313,0.3045242005211233,1
0.047610413054681715,0.11849686984541745,0.7701204602426912,0.3045488222057402,0.062304690489381705,0.2676520190351575,0.638044337617161,0.4104914463748583,0.31173426668538745,0.45187845122583337,1
0.7987879037279897,0.5233744840127491,0.6427347719636627,0.2805185609191864,0.18324937206593223,0.8447357308378195,0.9017298004542349,0.5834215747887146,0.22557058111454145,0.7110341125347558,1
0.5495881066837758,0.7862508988032167,0.29171963806239565,0.5425198805575798,0.8338674503114009,0.18553330307612195,0.0352665314022347,0.24320163591999247,0.540781528163708,0.8956071534181124,1
0.5713298433814294,0.891835020781212,0.15780619195433293,0.11103306842478418,0.7802911963188173,0.051097503199939505,0.2702719545634891,0.3924096479973896,0.5686675307907993,-0.010096549761147641,2
0.6471647257892214,0.3370179121017505,0.2925222046056115,0.9226871786292945,0.15744792824018672,0.4665304640829541,0.5434855806446264,0.5142110536256348,0.6872107801375658,0.19248031286507847,2
0.03421674309665103,0.2335261146739446,0.7183592092255366,0.04428867050196191,0.04766097332456827,0.28452584481881016,0.14448785594488797,0.8842029119991729,0.4698896297172062,0.32150056438021324,1
0.47833392255526586,0.41583066297924026,0.7868530872885375,0.868946815683274,0.5351707123740908,0.9849900316978923,0.5557667653012984,0.2643407373875144,0.7935089925286173,0.14136742007958442,1
0.5383752658544957,0.4351038390586512,0.8781455776024628,0.24051574621810656,0.8379770492987841,0.585031230537398,0.6506491302108991,0.430209355397641,0.15318735578906853,-0.04849788974101904,2
-0.1281787369233407,0.792011157729521,0.34046116015091876,0.3332839076264238,0.8429349827693218,0.3402137330468522,0.9779295971721907,0.615154548941114,0.771904706643951,0.20558625654820067,3
0.2524544503929743,-0.10331306958717068,1.0530064234523162,0.2641827298007693,0.9395952280587785,0.7019227007633435,0.5906785623582715,-0.03021455027837372,1.5046318063688666,1.4076014414244025,0
0.5259182541994186,0.6145657467480262,0.8177213883201578,0.6025290118124612,0.012376784314057393,0.39763019159171886,0.17859829369215147,0.5373961080410062,0.5824270031144445,0.1883630833834704,0
0.8575495065679131,0.5505172664774047,0.24870052392622877,0.7339646469840196,0.7630405611610861,0.7943167477741242,0.6455611747796944,0.023324165922812223,0.8654308571471506,0.8539355406062235,3
0.023523088008667037,0.1040751304573248,0.3837085065452316,0.6718829027657359,0.599445065482109,0.6057714199136044,0.5158889151303611,0.38425302795647337,0.8847190217657037,0.8076850480334128,0
0.7251861593413121,0.19414297298928124,0.670533779982408,0.21574869417700765,0.43018390233931625,0.46798888994416243,0.1591612320894199,0.2553674666498461,0.2807641025896509,0.4019607404376595,2
0.9009158710645302,0.3517385575085231,0.5689573894368195,0.6088023126064543,0.30540114067027224,0.15815015096945287,0.1699432935152918,0.3335285623346861,0.31921318169882706,0.6542814303212336,2
0.8817850289056983,0.3015032286755413,0.5501053524020175,0.706990259252273,0.12388850540181362,0.36763417276714366,0.3348897478607465,0.621859344074131,0.5581198072820901,0.7177095950085863,2
0.7655809904043948,0.8951379188496227,0.07774484831145158,0.8739083804608399,0.7105776928931471,0.9731506171244956,0.6307348910943741,0.5417475175369412,0.04301781126768557,0.27638741099671194,1
0.30291360084521346,0.31454460556047614,0.8919257262027993,0.7539508894366637,0.416352233001046,0.8557657437280204,0.2067995657773104,0.7766472020825136,0.9470109716595401,0.3244985948065652,1
0.9620751743518945,0.6008751756425309,0.7796993845773528,0.09230866374161185,0.5318896300691388,0.6366616079815774,0.4034651471013435,0.19994107626608795,0.83714806398823,0.9534530572845974,3
0.852451313428481,0.11583896828302416,0.4935235509058028,0.18870510481378966,-0.027527393596633143,-0.04116041106163071,0.39807365657839944,0.8964673229318638,0.05943434581418936,0.6330642487617478,1
0.31067364753438836,0.8644853013584303,0.9688096914950631,0.609056185063133,0.06683074665751372,0.21719434327779277,0.23035850941153752,0.7646269427671049,0.0859376270517909,0.29525804206296313,2
0.32834445623219266,0.5044868252603695,0.2868439423504972,0.33207493268622734,0.4944806062409224,0.07678113649119897,0.35180781046432613,0.8657621551022302,1.1604084198117373,0.6186570834453294,1
0.6920669613669926,0.5067226790029757,0.39777427674027155,0.38422792829636454,0.01104230192253941,1.1954173642820523,0.3698852563578769,0.39705947288397714,-0.14128031977811434,0.5752200096818807,3
0.3081623692572977,0.4258650165789947,0.3780319243420264,0.738415596809475,0.17434526590113897,0.42274700500584556,0.4824901224365099,0.057447925073272954,0.9586938920939628,0.1740466344373829,2
0.43532462596849075,0.8815898360063603,-0.07621860935837577,-0.0997283069778806,0.8077687032344957,-0.06322170708888411,0.42776160507031724,0.40640233664057634,0.7234212566853157,-0.05659950948881318,2
1.14298946336657,0.4695857132849452,0.5010073317391273,0.8323755863021005,0.5292275235996737,0.6888314547579181,0.8943226609540698,0.2713789396768145,0.7589085757505794,0.24506976625183655,2
0.17850724477207885,0.3855739905401948,0.3715662128385736,0.6286160020042407,0.6210961410562712,0.9631510428817618,1.016325111034903,0.28089934161591334,0.8065491100806281,0.600106040904339,1
0.12111404818506447,0.7708631292906181,1.0881444315307272,0.5549525923366404,0.2534908910950868,0.38835530252254513,0.3925200936689915,0.95780193260592,0.7643868010013564,0.34384720996003443,1
0.5702273712944568,0.4267055408817637,0.17386825187261545,-0.01620580354324247,1.2748764957594454,-0.12633644995800913,0.9773677936830933,0.8723142312851749,0.7493037584192004,0.07909347934470179,1
0.29511958204387256,0.41531890069718946,0.5337457849767784,0.5943316522981423,0.3725199153816119,0.7180429690301543,0.7107432205045046,0.38408346595407417,0.6435530143728273,0.7287670873267399,1
1.0497264053401139,0.1469038820986733,0.452691388049719,0.2956780523789847,0.10114670576491792,0.12787067981216155,0.4063054336978553,0.8665996054737761,-0.0998049546396756,0.44895241103729117,1
0.8773436414151384,0.6984952481683672,0.15064069982655937,0.8412526652959051,0.31053254847574635,0.9503592365121419,0.6991716013747381,0.16315399571680117,0.8505390540772663,0.36470342705231684,1
0.96119954906867,0.5937983057616001,0.7804101029985382,0.05643007952488355,0.5475801728414054,0.6279125271831921,0.3920156711635466,0.20611260473318274,0.8215144632149449,0.9895959229579918,3
0.6734232058900481,0.6154638932571606,0.1351367912104578,0.9069708770652006,0.12013984399217452,0.5663613592165989,0.7268938058085507,-0.04090076667370486,0.7540907414611753,0.17892581447807177,2
1.0735387693485365,0.4562767669562978,0.8507322013401362,0.056636673482494126,0.9060096946224272,0.25828770502942167,0.8075278601563965,0.07193001731738063,0.08096964125351175,0.29822970059032206,2
0.9319250599307596,0.5353934813062708,-0.10884391814044181,1.1874686144231403,0.11082890311246482,0.7575859211145168,0.11842637758469443,0.9900506419291146,0.8896273534262016,0.03904246101484693,2
0.033720003655989865,0.23598335201316645,0.7034021490648554,0.01718290352373583,0.0469305385308299,0.28411868017266617,0.13092197477740875,0.8738441741851759,0.469421864571491,0.29487294645977247,1
0.8674678254649869,0.700086001277535,0.14120673536693643,0.7852460954268929,0.3682378430876166,0.9673082085613396,0.7094187003567077,0.16256093283943837,0.8193869577651184,0.31261641949844243,1
0.17323482413186653,0.40472439689535905,0.2575801478620729,0.15001302757473248,0.398037039631648,0.30494227952863184,0.04513780275510505,0.25598849514308164,0.9116599621347372,0.7478590976703579,2
0.6267047253748326,-0.04640013317061217,0.6138925003708726,0.603666719256467,0.5846680172434405,0.147117766847235,0.6301754043369454,0.5465342480302486,0.10566156941904575,0.6741745795144286,2
1.4424368933034795,0.555621441151064,0.9468000086491658,1.2179701453332372,0.6024895651705946,0.48763560830117186,0.3266259813380901,1.109851617695552,-0.23973087823146622,1.5466275422926206,2
0.909994708198148,0.5728121849438363,0.7777825649152169,0.09813426144060694,0.5809390440739001,0.6731747291484007,0.3951877603250454,0.2018263509554336,0.7709729362509228,1.0073568110029925,3
0.017333265456436653,-0.21393339424629615,0.5954545565160437,0.5720927832286471,0.2006572114348515,0.6458340317630685,0.9792755821273891,0.4833688976502274,0.8238709723939383,0.4582514980535207,0
0.6697844816739799,-0.32145198557720617,0.6993287690483752,0.48410199061355275,0.5773593254076707,-0.17702926512064632,0.47242919854321724,0.7826390300729911,0.22681929403977444,0.9633873770376133,2
0.33328216492377344,0.8749019574752057,0.9215793389316448,0.28883039372699676,0.4521710848341031,0.5619868932082768,0.1551920082840402,0.7033268702521549,0.7069630218926568,0.09801426173940553,0
-0.05438367309257047,0.24868404658877402,0.05758322618282769,0.03237998177379204,-0.27299284547062275,1.057172161415155,1.050031314863006,0.36574641556895393,0.8570716663599358,0.6387984311304977,3
0.5897110048408336,0.9399630674505205,0.02572593704109853,0.11076209226468449,0.4204307697051633,0.37295589853975414,0.1081596340182083,0.4816992393605582,0.17155751179691078,0.9575203904992875,1
0.5285009668104286,0.3031471486760474,0.7039447608625845,0.7301977040546201,0.16439709620193696,-0.16020444711754017,0.5013204807968883,0.6766592139476082,0.4192246133510233,0.6118170829276625,2
0.7608322348364078,-0.04222771228715003,0.30596238198471026,0.0007810548002587236,0.08815412075288195,0.2744178106134111,0.6639217809004663,0.8825722193307362,-0.14910933235580498,0.39826876816335205,1
0.46153173571576755,1.025673922535677,-0.05782764572422744,0.1307176967995533,1.0006349397583754,0.18348570273588205,-0.08462017715403511,0.7202196153408014,-0.09335363997273805,0.5959849177908227,2
0.7898422028818785,0.26402697697575944,0.6496898358518989,0.12461956801686283,0.8414268677564845,0.34453656320782566,0.41615321029677643,0.12619207286832665,-0.09465812693265843,0.2831925009569446,2
0.031544422635707135,0.2356092968525663,0.6986061561364818,0.016793973815912504,0.04268002072789094,0.2790563902824982,0.12932758050806492,0.8689664922859377,0.46383642541434456,0.29585737561126285,1
0.5897737634346071,1.1143833821110452,0.8326828192305624,0.7437435793614242,-0.3062336722490464,1.1851507794145744,0.2405626139477266,0.48916140030022565,0.4350026416641763,1.1293506289573414,3
0.5733186300457775,0.8352756103792175,0.19222866265604593,0.07103235129805388,0.7720219733403283,0.06171392153857063,0.26270093513031867,0.3409032029121385,0.5493252388361409,-0.02718164059049983,2
0.01064485829844422,0.11541449350547356,0.7523611232477257,0.33432738893222924,0.08588825784262086,0.26642752914209916,0.6333062982093468,0.4325976816000117,0.32581421939546285,0.4469536091200107,1
0.23790431270323628,0.0683502534916342,0.08244916212657441,0.5152332295908304,0.4215549906070928,0.5856548178711669,0.7169568414130326,0.2942369676203578,1.1096298815199495,1.007239220926325,0
0.9498501710320836,0.5888229207600104,0.76825906375093,0.08476726322250072,0.5323514916906532,0.6102436627024107,0.38456511257611115,0.18188787642723434,0.8242906509000447,0.9950426040321466,3
0.06519929442658733,-0.11487622078662704,0.5175666849115312,0.6574433347944612,0.219536407199746,0.3763877242348599,0.3368928758061803,0.6312470990919957,0.9315858745191223,0.8611311065216334,0
0.8369749322525163,0.5961572280944094,0.26726234124660186,0.6146702385859735,0.710281150857653,0.8604063509032964,0.624690243433886,0.18133064864765047,0.8604070553180998,1.0381557367774725,3
0.3631776330260473,0.44892688120849944,1.003371537833262,0.652734086655803,0.4166602043683053,0.7073950564210797,0.17247238001332987,0.6653636843303902,0.9524159474144132,0.44208906173773815,1
0.13997278353560086,-0.033664275711400404,0.4641057194663239,0.6817215192739836,0.6590917966408938,0.7325986625921792,0.539325410304288,0.3397625474941751,0.8331247119281339,0.8076523056816176,0
0.839174808951263,0.5076776757479452,0.8685468412894228,0.47877731568373477,0.22310522557665527,0.6775292462318103,0.11314626617434165,0.050356160580139864,0.44114902704096337,0.5397432674913116,1
0.3383407822667786,1.0667544457334983,0.9458828210259016,0.166332695267989,-0.08951164261519892,0.5275150069649003,-0.23502537916477007,0.5742654194601802,0.3138875877273203,0.2937678218752475,3
0.3786944281780121,-0.04611243498523099,1.4340228501761878,0.5939028057738714,0.25034307610348483,0.43943995433660205,0.8795195728048368,1.362617469187493,-0.34796142730476365,0.6598477338479163,0
0.11802329393059416,0.5548413564084382,0.696113089461387,0.9365667387266827,0.28341982506158026,0.49128259840170085,0.7058511975845303,0.4702417668184925,1.0109907575157608,0.46816299586718507,1
0.29333726024866436,0.17449668032852975,0.2819776797435704,0.9077344740218772,-0.24992052922812225,-0.22760742807880296,-0.5087504995696364,0.49441279189288245,-0.006218888264121369,0.7578354558371054,2
0.7665080701084358,0.06995255980930867,0.1312453435951629,1.1816705348450458,0.4290497223978067,0.3659439565175699,0.4476968469413572,0.5558771509615505,0.469827465139938,0.05147802282120792,2
0.10547040163290018,0.10657458868718196,0.8451647548501463,0.2757538510746869,0.045731047062635755,0.3550500423489552,0.6234972932345074,0.40798808046122187,0.34067939751832493,0.4974334605964096,1
0.4606734375828332,-0.1330688434774888,0.2218788284782603,0.3342565710657773,0.47255925416602756,0.1619347376840253,0.05893048787095978,0.7151475821383637,0.7135261536950356,0.039713155070936895,2
0.5316940988015865,-0.36312597839504623,0.2775389487342789,0.3846309943295011,1.3963947293140724,0.44648110243361794,0.5701436876765043,1.0273658240384373,0.8445709882226395,0.15354053914724022,2
1.182228779372825,0.9325217635910803,1.1949082651577032,0.9246701597323572,1.5660574302795482,-0.03000115485404714,-1.0508090539202053,0.13192249790864102,1.1266257342704868,0.8501836828328773,2
0.062496487128493886,0.0796284008162109,0.7223722836878991,0.27208183676286996,0.0921279132412669,0.2651094420496176,0.625145762645935,0.4051159407848937,0.35072081157960694,0.4574180865961849,1
0.8241627140437764,-0.08092593584692634,0.12603101612828616,-0.05947769210890841,-0.23576958634199116,0.20633244947818413,0.7705069626975504,0.6739183186805693,-0.032960553262912196,0.7260931493459127,1
0.35492175769317413,0.7300928343017931,0.6801561177444819,0.5882752345625352,-0.06511897341967737,0.8166946415146117,0.33724778738472305,0.8163327422156841,0.8182141090122277,0.5931660359387085,1
0.48471075634170524,0.8991652864412155,-0.07866781985449856,0.48343029416345684,-0.4418938853121861,0.6939964913531206,0.16474137742743256,0.3700439039023566,-0.4348532722167511,0.6650747472749629,3
0.6965489166666559,0.994167691484499,0.6067494701769858,0.8185555391992421,0.2803654753918823,0.3198376776599519,0.70447882404332,0.22199964351732054,1.2494670461156274,0.5137833888448737,2
0.14929319249723966,0.138671961782576,0.42704748238813456,0.9496877993557549,0.7822827460789199,0.29956534224487374,0.8141579106032664,0.6650859141458785,1.0041986982930449,0.8112018010852484,0
-0.14186643839137078,0.6475278612599371,0.22207539368658605,0.43535613025600356,0.6018782421296741,0.797290660522156,0.848687188727818,0.5259395118717278,0.5822655303755939,0.9900519345146661,1
0.08183786319875416,0.10014764658385265,0.31550754041419576,0.6851557993744003,0.52024564256463,0.5850180742859707,0.6007331289509248,0.393035114869937,0.9253557251841782,0.8005890460916127,0
0.4338179593615952,0.09000995585496785,0.09422610874578081,0.8312228216779862,0.5918585508390632,0.6632307230821042,0.8251075006605937,0.9723128754375915,0.4090760795445302,0.9373360770066993,1
0.38359743921836253,0.4088802770602709,0.3751306545388467,0.6237526497491477,0.09122593156998936,0.4208474893518768,0.4973600460131663,0.0835044867741986,0.936412591526998,0.24904302764499414,2
-0.003422690278271523,0.15139653827094254,0.7492601716246006,0.353004714335927,0.08887686515492002,0.2518105543953375,0.5790201860872962,0.3766967204599966,0.20559127957498918,0.42821668860720036,1
0.3409787907623875,0.5966935100576265,0.8467228559699325,0.643842500952988,0.13200870070329934,0.5857621831849791,0.1771618864870582,0.8148961517945965,0.4236415508186192,0.1736004167332825,0
0.777941567217278,0.39886931333006964,0.8770717449352242,0.730951871389679,0.5218825371950393,0.5973541925888193,0.06825793569866073,0.689796747541225,0.8672629284761865,0.40697719677458777,3
0.947453981382446,0.5679477446179402,0.23181259576471974,0.8291916846481843,0.33982706157033243,0.6843393472056077,0.8535075629317987,0.4020797496301918,0.9525593941785697,0.3094453461178497,2
0.6347095577172549,0.20479581744970543,0.22911185660330613,0.20039564657553294,0.6187427480562253,-0.046143582935856506,0.6273432375918971,0.8139533284586249,0.6691358135989209,0.566002149837925,1
0.6597393530478461,0.7157015491924161,0.06718710535843518,0.28917616213543834,0.782374013086469,0.0766896046783667,0.40332907080682934,0.29617863086693474,0.3974189788147966,-0.12810491383168163,2
0.5035797677735546,0.8804241808192871,0.47197072787373506,-0.05049083426021231,0.9950093055656538,-0.00424679380043394,0.39734518320999485,0.647487185666789,0.8057930347229114,-0.25504311404828733,2
0.7209848414952156,0.8978692070390403,0.23381851255998992,0.9289977311830668,0.14658697919064367,0.7348100699873822,0.6569941954759111,0.29428236658241724,0.6234939879669565,0.5491377777249324,1
0.608943015267391,0.9077083926402942,0.00045496535822325476,0.06990647054817291,0.390320307285195,0.3348214902754169,0.15080559224837145,0.5019968786230599,0.14744483190240612,0.9397847572870414,1
0.06894864787370411,0.8671725801308889,-0.22208852455605443,-0.22664779724516965,0.17011313603599099,0.635169055832893,0.7187629264044378,0.2862354393304062,1.0690397777201615,0.6876426969827889,3
0.03277879695607694,0.8350626266334772,0.4367319786263457,0.483016686597407,0.526688448714406,0.7270551034678737,0.9708826974152237,0.6110102971875275,0.5041833032848791,0.9603036651920586,1
-0.019029445813984525,-0.03776917620462239,0.5056695207651491,0.39669346619142953,1.1731617164509185,0.29736130524307564,0.31504561192105157,0.26237748891515206,-0.11626930734430385,0.44308053475546116,2
0.6279201389379707,0.9039510477769125,0.20409075902135107,0.045327625547820216,0.7577564697625853,0.045114571244170315,0.3347339070302726,0.3986202653907653,0.5820823468733809,-0.027952952130752343,2
0.1654131127645906,0.3620929521140005,0.31605944519837204,0.6370614075169099,0.26458616967904985,0.4637721999221995,0.5229960471225179,0.24588569085459536,0.8594008949225025,0.3531234099917053,2
0.23026490263881938,0.34388145829485,1.0447851684665617,-0.1539908088404643,-0.025773856256015637,1.5609624320466824,0.8178705095356807,1.6108165964575485,0.5971510611209043,1.0664120266477868,1
0.2176842722784474,0.3592062292940401,-0.03272789140446153,0.7779295431488487,0.03954338045660576,0.6795129327970785,0.5472002739705174,0.75400934806491,0.6618329526948775,0.009331614370717261,0
0.513440603256302,1.1143918643372261,0.05182233238477492,0.3155863212735398,0.9830674575026639,-0.05618710314815438,0.3215558789008891,0.19904700771844455,0.8177834154554263,-0.24091054866228906,2
0.32866985571045626,0.8664857169488771,0.9800363730325522,0.5966632593525238,0.056224151154365146,0.2383853697450991,0.23238575740769257,0.7772839564525515,0.09345873800011614,0.2860672075366958,2
0.33516446917674103,0.44087691035639853,0.9941338603641268,0.6004297288581542,0.4104675879319696,0.7229733936856719,0.1924952654162465,0.6349934637607301,0.9100294743917986,0.44246490559676654,1
0.23165952951514185,0.41243721335438954,0.9222752292093347,0.18714637506034731,0.4135141089515077,0.6664377362308229,0.551868923701473,0.8118551691851333,0.5731101954741865,0.5923649207214717,0
1.0293964562314826,0.21062971943838296,0.11374914107384383,0.9566307606610057,0.6345653721621696,0.30679489269128896,0.11333805857520546,0.9190784853285884,0.1753906127544085,0.2515480826182051,0
-0.08095920488131625,0.8607959961201788,0.5534365457138342,0.13867494848034684,0.6983609292481097,0.10934424624529426,0.10690446520081825,0.7662214017080936,-0.05143178483102184,-0.25843824268094506,3
1.1969032645384867,-0.14823945318157244,0.6430469708427047,0.38687439742229446,0.048511776491555025,0.5859646787838009,1.3076434325983857,0.1696115647192242,0.34616712275743516,1.1757046322980313,2
0.06280245544970355,0.16828654471854157,0.3365726026759233,0.7220079302689294,0.470203763157799,0.8369139716141062,0.8588945220854604,0.35754518093193227,0.6743211243905802,0.4896795037242313,1
0.3895609585739932,0.9462318273516974,0.753677298864134,0.8105949896023844,0.4078056368836328,0.3030181728390537,0.4078736328244038,0.9929905697131023,0.4320413930985207,0.0936730035153483,0
0.0406150592570451,0.19035567130440345,0.7233406414206832,0.3509922518702256,0.11507264795564723,0.33437241139144097,0.5809021381402284,0.3327030936424041,0.37780243239759337,0.3729330775349683,1
0.09773322982849603,0.13400754073597493,0.2611426575440041,0.6757982250446416,0.5199572674301318,0.5877203714650601,0.6286362978267935,0.4260637134556576,0.9555920092515512,0.7871242262961322,0
-0.20300813105861537,-0.42061978270821765,-0.4067110431546285,-0.10266718999775201,1.1213363665972649,0.8439908864053874,0.605234153449214,0.5421151278294674,-0.04643141150825342,-0.13159819330714195,2
0.5134800784811969,0.8673525546349129,0.4059247959513378,0.5513913013462947,0.7247551109342089,0.20300829160447284,0.07321600621029908,0.22983331502675466,0.48812841331741835,0.8939433349802751,1
0.9235335876182649,0.2985046468552116,0.5875657696770527,0.43547787655769943,0.8143468066290468,0.4652263512464314,0.7374368089201636,0.43521538922516495,0.0309808991346507,0.3230641807463207,2
0.8768083224274626,0.5540750756371232,0.3096419959113236,0.7321504868988691,0.7825406545907819,0.7480988511554661,0.6823862216961963,0.10526604356598704,0.7746262658580095,0.9241942736202995,3
0.8503879993170415,0.9949154061961076,0.20970785649742338,0.8351420149325247,0.8674313956703086,0.922126962669643,0.7596865802715809,0.41754541215753227,-0.09123762253975093,0.12813595304536707,1
0.7647847100798282,0.3303642880293325,0.37167617205039294,0.8008204455403662,0.04956219813634316,0.5156602076063036,0.6725715962742598,0.45239133022564015,0.6681476632982545,0.021950287521492445,2
0.603899010742201,0.679764464397571,0.27890927108477814,1.087929813871063,0.5931808802197687,0.9372374138233828,1.0400157876053544,-0.13921775236793438,0.9397707422922535,0.052381079998013946,1
0.8920453503575544,0.47062593167507,0.19147225653509914,0.6419813653023049,0.18950897624476937,0.7154025809975236,0.6070146219893897,0.4768692002213967,1.3041212953767312,0.003961333579282855,2
0.42955708609481497,0.0622660633067454,0.16246733230096236,0.8920372328356678,0.39964151878131965,0.595185746351031,0.9852065304931497,0.9885360782444919,0.5428421997684022,0.6970608217684584,1
0.40593948256257895,0.6958326599987997,0.7164750660063403,0.665246579019162,0.10904051744893184,0.7899010341762427,0.21530683322863678,0.6745050543840779,0.8007757434428799,-0.14216779511996352,0
0.9825286714251606,0.6141938383289125,0.7820459073351859,0.06315959022466094,0.5502825205004802,0.6027332518981768,0.3888395428243572,0.167732443591641,0.7784172095690957,0.948346778281745,3
0.8950777237357181,0.4690862582601208,0.8078988747208722,0.14021608627457474,0.6344926933030373,0.5101334331469018,0.3003070270765643,0.09673889603819437,0.828930408675216,1.0194536111239056,3
0.18160309444449924,0.2816776681397528,0.2569275443374272,0.035304595338287864,0.514511299252009,0.3237240883529803,0.12496323547958854,0.37102898179116306,0.9090886037071231,0.8026686592919623,2
0.7096270883116501,0.3768205671605036,0.6976306819817892,0.3437199161494334,0.7170321270725717,0.5599240512661774,0.6455032877975874,0.36348518528096063,0.11779783115743396,0.21533819874831658,2
0.7310294724850479,0.3892644207509511,0.7115837039798354,0.33931392644027003,0.7190419540433101,0.5642810744095338,0.665475887411003,0.35821630719651554,0.11755619624535607,0.20271947576505128,2
0.7220261250940657,0.4789255457858086,0.5830902621285728,0.2947688327356853,0.6516479635095215,0.6998820953391245,0.6493371960577761,0.2447670035024196,0.13280897558564492,0.2214023515121646,2
0.937293671269623,0.5736220634435736,0.7669949660795059,0.0666623341040368,0.5405226390466109,0.6255194630248162,0.3750633006686446,0.19008631204610277,0.8093276528977836,0.971901027774185,3
0.3563650208797005,0.5836204767484094,0.6212915448251517,0.682788537986529,0.7712499672235001,0.7959166799766833,0.28010193939705735,0.6471610958887181,-0.24896773836491176,0.22789024826511378,2
0.7750587035790234,1.0564281483557525,0.4998097154287853,0.05014346248887386,0.997078534848605,0.3511022935990553,0.5463038248670246,0.26249953023854383,0.469428356256383,-0.39230303374437225,2
0.1664849844110705,-0.017301896617990115,0.20224063292700062,0.6048926190312457,0.5720919720012044,0.6971438299410873,0.4641381012840335,0.43716295363281615,0.8701756646900273,0.6916671340300531,0
0.4399850615461096,0.7682255449864894,0.11633790820197068,0.3722827802922497,0.5491694510346387,0.6863400355546659,0.8023067261025445,0.3667663491113988,0.9026665444264026,0.5548761803134432,2
0.3582142830856813,0.846415740856084,1.0018664424352695,0.5685127343947773,0.07451959996561522,0.24176916447111468,0.22001049080444077,0.7933876263286078,0.09996933111052665,0.3041396493659149,2
0.789905184294284,0.845083201609792,0.15151008910787406,-0.017533262263739663,0.8167012179742675,0.18222653683254852,0.09616347149962545,0.6897047171567696,0.7966972526468986,0.30410977851756904,2
0.9602414622684889,0.5571396171934386,0.7686941337216959,0.0758947806519675,0.5473911339762023,0.6138238955686621,0.3848938350325528,0.19487378565664884,0.8067833996685694,0.9801500820908363,3
0.2603593324660094,0.47004994817822754,0.44836535635847174,0.8168595740340167,0.046592333582456916,0.331479720388913,0.5904635405019326,-0.027464460433970744,1.0302859267295679,0.05587387168267649,2
1.5161018963689834,-0.14396922057502876,-0.6698418628227181,0.6680194223164517,-0.2252212358756257,-0.22516403372595606,0.044313503425913114,0.4419409593297842,0.39405895600050755,0.8537837009293435,1
0.8681640919268533,0.5710780713676901,0.7894156181965079,0.04687580129661343,0.504537956917443,0.5549874974226902,0.42720194671744616,0.22522370517165582,0.7472164847048598,0.9829946200246814,3
0.02740338334389622,0.5197591441206858,0.5003755553443088,0.011289000818620443,0.8990995853531097,0.6214399885533366,0.3805383724566394,0.6481978432887854,0.2740469016643293,0.01769878390520893,3
0.9977747731341059,0.6280201178143869,0.7192907457990406,0.03545688394494026,0.5861764587577915,0.6672810512527141,0.35607750774891805,0.25114790928768227,0.7577388188680619,0.9678107182006578,3
1.1658491816220589,0.7383143886378162,0.32735096780209827,0.6837132835809965,-0.003813785166117245,0.8543138150224622,0.6890116075000456,0.6175555610830707,1.0461589843534491,0.31361723593531127,2
0.12037765362788458,0.04509858213438721,0.7691276819012993,0.3781657700572294,-0.0027329781914729595,0.2549853140472406,0.6104520867806665,0.5010979128524401,0.2990765528510271,0.43549715060756466,1
0.3077977783703387,0.8427781551164665,1.0082530692253278,0.6595444885176172,0.12608179442987372,0.26792414448363816,0.1964058541714658,0.8256634893392,0.09566526677647574,0.33665705261145934,2
0.702085888938265,0.8390584235293623,0.24135000502572834,0.23576305733765454,0.8148242515217671,0.39629249733205574,0.18684182113866077,0.48129989397168804,-0.007237914520805869,0.24133790010323222,2
0.3601335454056923,0.8090307774627943,0.4442587015246965,0.6960782816308881,0.05970796216623331,1.028741132359628,0.1983357095074311,0.2770377895280537,-0.0975860656127763,0.6647303401553573,3
0.5055351005361537,0.2501646469179147,0.473298610710971,0.9300880492512128,0.016236099211318272,0.40536214812138915,0.5611287972065908,0.5350401309760356,0.5956065380637219,0.2315319858295072,2
0.44999526738760065,-0.004870030155176397,0.0799837727398642,0.8512280912732829,0.4262100526529249,0.7030973242864118,0.9574068414503788,0.9628649349713682,0.423323125046173,0.8648803200847553,1
0.28473558342220784,-0.164504168451995,0.2748383634680847,1.0909065650156267,-0.08590173338040319,0.7877091848443225,0.48556825137756077,0.24133838968844945,0.9168185505808645,0.424016995895938,0
0.3308889851692707,0.8702426151553817,0.9717615754107721,0.5902125425776011,0.048069673059183304,0.2346316071054729,0.2145654967497224,0.7649355848127629,0.08716511684691065,0.2964675482122076,2
0.16541696947965023,0.3126286089929889,0.8198922804598283,-0.11357076593568854,0.28707891068067193,0.09539838738432899,0.6121558226318289,0.6026623469537362,0.3843106807635364,1.2018307348060977,0
1.0110631091786932,0.5490014398978809,0.6460114273241562,1.336424220346583,0.9016687300323678,0.33097953424906956,0.35278747656858633,0.9753712597792266,1.036855660491418,-0.23453440923826763,2
0.02987525382006939,0.23343384710540296,0.701178206497645,-0.001473946814115737,0.05036121620691798,0.2665253616785432,0.1382386984775804,0.8828128715231386,0.46858090831862004,0.30674007568844763,1
0.015760457363625482,0.9070512265492291,0.469938028373732,0.4104633637200843,0.5837566455846879,0.751211849969641,1.0245991699959507,0.5432120456431079,0.46709458653896535,0.9316670070543553,1
0.4069761400089166,0.4239347082919399,0.8083012654287977,0.6897024333759688,0.3430363290600489,0.9534061793297699,0.6010085608422788,0.26512066404874524,0.5278116521763566,0.10808847152454931,1
1.377510979147176,0.13479293974414797,-0.1385885088552946,0.9071887082331638,0.7259654032548472,1.0222384749770286,0.6808367763660568,0.7269296470105568,1.0053119827913384,0.2752900351479553,2
0.5493657374561777,0.44486255375531875,0.10910269354040855,0.8549859799890999,0.2557948861882884,0.4679587783796453,0.6316201993252093,0.7181889865243412,0.5280374619095248,0.17885979733294377,2
0.4376291132389215,0.5194264682104077,0.7650372056102178,0.5998118586110758,0.5667074563757166,0.5592941242212282,0.4272368435250561,0.16266137855177693,0.5518664025861653,0.42789878969762096,1
0.7724032711756895,0.6257294476559707,0.6965154250698716,0.576127691070018,0.42794312397228024,0.6474866150254766,0.2548887405302486,0.34763430376598276,0.8544491821233664,0.39214267321486007,1
0.519213354737933,0.5331205186248886,0.8910251993193261,0.8496564174733643,0.5163414792556342,0.9573379198399139,0.6864488338194364,0.2062466822922634,0.3563299299525195,0.29745188355345836,1
0.019404438321679318,0.9224322172141097,0.38899727848104304,0.5050748517985799,0.563238166606721,0.8042403244645541,0.8335080982650012,0.4645735278380091,0.4965536559274113,0.8903674450420654,1
0.28768772173192547,0.4245598510739345,0.9973159201428695,0.6379517846756867,0.40786570008610135,0.7076515802673469,0.1909938643699621,0.6519268473654064,0.919059198951559,0.40140699985483036,1
0.3437054905026131,-0.11800687430093929,0.04705128264289714,0.8397512164045073,0.5617197614646859,0.7892857861079945,0.931704307781686,1.160178410965558,0.5221156704758401,0.9136820249842609,1
0.24138235892682458,0.8116715680216132,0.9148355010456573,0.20790562529032547,0.6015101439308449,0.5486267719297822,0.4773208017600045,0.8446834432380942,0.2744947760676906,1.1483064778883108,0
0.7897582650341108,0.9714468747475317,-0.4427317491741438,-0.34896696172803476,0.6834985221068981,0.20655790727630308,0.1142788928492342,0.37581065010720194,0.05786357957223955,-0.014686579753812157,2
0.030938861923283364,0.23590787870889343,0.6983759885153871,0.017694013602992647,0.04246810412067905,0.2794153486680629,0.13036385598942088,0.8689627421284581,0.4638799908449819,0.29580112851565565,1
0.776530346385814,0.8777615872901074,0.10159958955211916,0.8548578681394382,0.7230307364991436,0.9697791953133462,0.6210796020881872,0.5677957851312049,0.06705281101901261,0.28089769094053935,1
1.0150198847653962,0.5947157436248804,0.16220543438164353,0.7903848220781262,0.2460924899286296,0.7280092130021115,0.9154667501074861,0.5220467288120306,0.8664882941566014,0.2510395814817289,2
0.36634811063874995,0.7090745513299066,0.9935205054418086,0.3330187740943896,0.4240995902302215,0.6516196398451751,0.10181644160232303,0.8289328695082325,0.5425054210543097,0.017394828036917137,0
0.05523908010503675,0.21519199313443926,0.7153395533304848,0.012247071010299738,0.0246059488709489,0.2977909214323277,0.14083870562325945,0.8872040112662096,0.45569953271585234,0.2744339965007907,1
-0.04834563566856531,0.9596042632159143,0.3046912481534188,0.3563829541233793,0.4626483848876185,1.0372870251317472,-0.10783749487363448,0.47712838681469233,-0.00021791290192840762,0.3076668527299117,0
0.5567473454133927,0.9498831595678514,0.024949170721547898,0.012092426039602852,0.35424711366132955,0.38029787516701835,0.166942972593506,0.4844842221644509,0.0840112654263123,0.8711172606286852,1
0.20212231407961112,0.8861342431031802,0.40939250148521533,0.3795102627461969,0.602852195263959,0.8140526933478711,1.0151548986805046,0.5242002444147664,0.5830806320791541,1.0329830091125363,1
0.14656074730001828,0.6401978166820382,0.5735712254795796,0.05373739856936845,1.049359022588876,0.8189981414647232,0.5292480294736311,0.4473539598303138,0.4430120199847603,-0.022198607605160722,3
0.9199617166189067,0.7808600179438707,1.7637144015842745,-0.08133104728800522,0.47004149900404657,0.5907261962678645,-0.3276653267945953,0.2988708651360961,0.985331625981511,0.2581873978209225,0
0.5794241926748934,0.0019590991813491845,0.7016680640628228,0.5029708312323011,0.4437157916861731,0.008609655668804908,0.6991229988499659,0.5441470742253582,0.0016171731626391725,0.5930674203561079,2
0.44184762354118334,0.7213336527088307,0.8193151339708813,0.4982265613622811,0.1474717570672951,0.5492022959499293,0.24284886813122125,0.8475792367853489,0.594157373091265,0.21469559903132324,0
0.942058190284323,0.5771121044655118,0.7649462089199184,0.07292927162544445,0.5425551127436734,0.6246216434561941,0.37590144190334873,0.18886340987045486,0.8159235483046378,0.9697617591808446,3
1.3127349947512452,0.8058384115442897,0.5143083247641544,-0.15372080523376747,0.5685329466151687,0.3108113046677721,1.2641796693195875,1.1034440091426487,0.4106718143992757,0.2353798879726796,1
0.9089648295939005,0.048779260083800444,0.4802782761175065,0.0865536357253314,-0.023354390534980857,-0.006289607299931145,0.5353464069108324,0.7055910817164199,0.0157717519652663,0.44305781589454724,1
0.3131994977414165,0.8935301286875037,0.9920415652477108,0.6046036512477581,0.08108971336176428,0.21107384436401969,0.20177536515470917,0.7775694048740762,0.07596958634613872,0.3154018843326287,2
0.2213337028582788,0.39291163109079374,0.25445102203997927,0.8407805964464777,0.3110859384019965,0.2701510683924877,0.33011765674999216,0.1618685530667659,1.0732933848345645,0.09104335187287932,2
0.03239781967659822,0.2889293092282119,0.25831431045945624,0.6511942269789535,0.6487360000030507,0.6620039018954671,0.7146706283601099,0.5220036236911767,0.6435972807520507,0.2846399995341996,1
1.1202751542690026,0.9754520524294236,0.34971296183357886,0.08300696478779801,0.6105886305965145,0.9767102166195226,0.8390971668581514,0.0967432640354374,0.19357146947943055,0.7352660390375616,3
0.7667778135753471,0.6863138635621977,0.13246012406194516,0.6885195623166961,0.35347489686742933,0.9863116197844349,0.7221531452835832,0.08090017802971179,0.7499957875074479,0.2564166761454242,1
0.3677407112023918,0.9227599730384659,0.08782291399750954,0.35387130805315176,0.7429365274550732,0.688695013531129,1.0074014258150126,0.36286079258418613,0.6811339010977685,0.6608776266529041,2
-0.38689469745317273,1.0365638905748447,0.26278496892732783,1.3164490909218323,0.6648210640612349,0.08431472648698539,1.2723795969615095,0.979607963514887,0.3323385018806374,0.8179172719139516,3
0.1417204863018824,0.8414411152627269,0.11888592261487166,0.3121122453452232,0.4878994170781168,0.6615417339317649,0.8278345341292199,0.23092425374456352,0.7216443004211948,0.9101711873581864,2
0.9935389561800978,0.06612018523228683,0.5276138479333046,0.9443713102977849,0.5413434575454911,0.586600680189123,0.6846488231798931,0.3671752043410045,0.10157231912071255,0.46458854963634877,2
0.631359762369932,0.9092158248941211,-0.010927395246091424,0.10940636399595773,0.43615529468296965,0.3513970952481519,0.15870056320855003,0.5477386700721667,0.1149216745946553,0.919974158023551,1
0.7645617988474576,0.27136163597104945,0.6271138756976884,0.4048562146627033,1.1102045560070104,0.3762652795970387,0.4528108532827584,0.6793223865618809,-0.24634542514516589,0.7845291614479607,2
0.9123263107694353,0.5855950489465118,0.30331589808295656,0.7260369631285103,0.8289497135876595,0.7293955545225157,0.6413104694080225,0.06403944303611722,0.7639493892621835,0.8716190087725486,3
-0.05963845265128942,0.8269370287397602,0.14827734078393542,0.5683183683754583,0.3368662656715828,0.8347781338665388,1.1215318375686785,-0.09449677292904574,0.5108569624440211,0.9274495115952385,2
0.11022140822720614,0.4674058249106117,0.537830322227467,0.9177784524082192,0.3040469531877703,0.6644663908461969,0.5281982239103173,0.7760846657458238,0.3112333128699031,0.10346167181412563,0
0.08205560076641316,0.918484949449189,0.105612350342874,0.57030302294683,0.5873579638841837,0.7369204818876749,0.8943794889650536,0.17565758677954085,0.8154017074066359,0.7686160147539567,2
0.8849130526852125,0.6057824136778752,0.29288792484918486,0.6894537420888809,0.805031135764301,0.7482991942534226,0.6333047537212987,0.13291933156427477,0.7429695547334425,0.9693391022163365,3
0.6389767247080691,0.8279861906826932,0.2901922224181441,0.23684880457681334,0.7375397432777736,0.4604006240175874,0.1551922788166432,0.43674293371233375,0.00762566711231482,0.32849808090498633,2
0.3263228098906015,0.4884805201246272,0.10602531915901511,0.9364978508624795,0.4278379148892161,0.9218575387646991,0.6610160873037432,0.5256026309505129,0.8293057487899932,0.30588214797194296,1
0.97401309064147,-0.29110559755067505,0.4454144773131886,-0.012844324731741269,-0.02542237902168948,0.26995274134942276,0.98876322037652,1.1471984094135383,0.17254090803559838,0.8056913052101524,1
1.3254634372776368,0.8271584889428656,0.8864600357878235,-0.38894935892085225,0.31219485057839247,-0.02599736649874007,1.3180867704474093,1.12099781926482,0.9276904925553169,1.4699385552079698,1
0.012010304184128316,0.23663887300060613,0.7151791886346229,0.01351136796916334,0.031939845552166155,0.2787464794744346,0.1422212960407247,0.8617305264454515,0.4616546780467427,0.27645213174653793,1
0.42922209352679996,0.8603220905234765,0.33014205818257014,0.6068103562718572,0.7992684009620412,0.17936261724306474,-0.02403306074068566,0.15648329932456956,0.5288219639675313,0.9283620536730006,1
0.38986627259668843,0.8621841349973074,0.9850696120729798,0.538773094564209,0.328394999517929,0.4044312955135683,0.24392407330834598,0.5780457545725772,0.7974985213738078,0.1672962918000265,0
0.3686816061585946,0.8061647555858549,0.7692080014184695,0.04267520628538558,0.48877048196196154,0.3686717822318288,0.5814942196296299,0.9138353117199638,0.23361376297776074,0.8834916189973336,0
0.9440705355417657,0.5825452215928004,0.7554104566028863,0.07473961529727129,0.5383216753840949,0.6292111263620543,0.38060369328117444,0.19424699428869566,0.8089472369851303,0.9745992795023578,3
0.5900327181732428,0.3780311861617367,0.22984574395131507,0.9895638083913786,0.1553907338556798,0.41864030519314177,0.49388689310767553,0.7121892541249691,0.7197297612537272,0.20224702361065436,2
0.5128784350147026,0.46662411548279065,1.105995622148269,0.7644068950210691,0.5069863161311455,0.7487849898116008,0.3009119141094002,0.5241318446933297,0.8522396099648514,0.42846296776853593,1
0.7517154719958652,0.8589979812048016,0.24683231312644005,0.21580642414833753,0.7734143798509687,0.3105533673612989,0.10976736652617057,0.43633342965518007,0.055345401362472006,0.2642459854389574,2
0.9468780461516177,0.5814562482126788,0.24327886387833575,0.6833970137298481,0.7781735566777115,0.8170023009974725,0.6621769763835437,0.07269423424921552,0.7062138226034631,0.9539090400008623,3
0.7747723824701752,0.15580813909067256,0.3206069119364282,0.5268920557750617,0.29744988616824974,0.757442693240258,0.8846736548788,0.25255981030044333,0.5713836856934641,0.8337177953075282,2
0.20340230599810352,0.2004877217528953,0.00903339305002386,-0.1051871656463925,0.5952358289049873,0.2263653419483086,0.51175176920088,0.452074488482979,0.3268457534383956,0.2967303873450577,2
0.7485067122267559,0.7539312201678987,0.025478240370447935,-0.01186080927793741,0.8217536492206623,0.06945244433995944,0.24200795709737927,0.47076458421102196,0.44754622458773596,-0.12257676892519145,2
-0.1068287342178787,0.6207542548354945,0.033870269415128995,0.8552780044675065,0.4338088457744683,1.0677998286078705,0.31775766064743516,0.7099613063817177,0.4099727440284946,0.9303463507904898,0
0.2767806117714001,0.29554734934862104,1.0452221638612016,0.6464588009696457,0.8773631671785904,0.5817431882373723,0.7987218084125389,0.8740847387963185,0.4728370069145415,0.6602444598254985,0
0.732622300629395,0.1434789436719148,0.35858528002337353,0.3318610063163578,-0.043625305800459,-0.15340858477309438,0.21256162268571838,0.9958536803894389,0.20579666028349,0.27393310239854834,1
0.20984269037486553,0.36443400516254176,1.0404004715048525,0.5929034828078795,0.367415172506901,0.8168198669719078,0.1469261370203925,0.8044088800390106,0.9283872437253472,0.5828088478588211,1
0.10159244935997283,1.2764634265258494,0.6050215516480115,-0.7419972195241228,1.423094961207569,-0.2704304572508772,0.8102438858773351,0.1757889451878366,0.4832945465489763,1.7015439785025746,0
0.3469180859374468,0.6678055437183159,0.6963896152085276,0.4485519431995715,0.8812821313844726,0.6026299386112584,0.6426112194029645,0.817324157320582,0.28912262852018283,1.0034862036264192,1
0.5808942518309878,0.4594147869057583,1.0342241988980176,0.7815725906286195,0.2591945350479754,0.6158481921807957,0.5030283932220886,0.15585142680214117,0.5484084624083746,0.10435469924247301,1
0.7176338046791357,0.895452598400458,0.36478747012015955,0.3956011630463142,0.24427719664105657,1.0124022580591832,0.37428997282476895,0.16138616285653257,0.2036793569719403,0.6572061153141143,3
0.09425725006544756,0.8515156844647732,0.47120136488443154,0.525700738723926,0.523236632611755,0.7091425700298873,0.9943505998864345,0.5921648134568881,0.48637319220470954,0.971393208746332,1
0.3098439994171571,0.8457212030816169,0.4493601990440053,0.18112848770447487,-0.0380493569014938,0.827143204140159,0.5015344693611006,0.48402201730472905,0.17091638716362373,0.7402405284368905,3
0.6114268641918129,0.8922097944432359,-0.03542682228721616,0.12108517897285978,0.38467193540230277,0.31851044141496454,0.1623056256929325,0.5114744306814485,0.10790616438775844,0.9337235175244029,1
0.3325152947468365,0.8669288730516993,0.3675221082883008,0.3878892404774985,0.5563095648723757,0.5896928339332044,1.1343996149893079,0.39182543267415537,0.3904522520261279,0.7435317848559684,1
0.839031249806326,0.5049786881262941,0.3361069019250991,0.6451460777000838,0.8210157036453675,0.7900370933966316,0.7002117847923617,0.16972376136279443,0.7812642492225145,0.9138799664071141,3
0.975899947811281,0.8711016303769005,0.385302314421388,0.12266468861158718,0.687358764221301,0.9790361984078139,0.7494754526458102,0.1322498980602956,0.24399662069686562,0.8839434317355627,3
0.45887945042178097,0.8844338573641861,0.32927911346851035,0.5271931091549603,0.8691265143791495,0.09034835816910262,0.06943013584468022,0.29027124890369094,0.537773345485894,0.9050588932836091,1
0.17488329190411867,0.9660862807557307,0.07412055786022534,0.4495459934629136,0.6430925138654503,0.7995155353427758,0.9738553334500264,0.26019072695758255,0.6921518065663559,0.68144780616399,2
0.3001279263505515,0.9076302544408259,0.8995825615459723,0.20607731401842846,0.9683048851817182,0.3694538044158996,0.6408918784581512,0.797341005676573,0.44716507891933405,0.7034038405795934,1
0.892110710355765,0.5256608812077883,0.7290219641224175,0.1116633897549755,0.46239313724770514,0.5390541360355623,0.3896927265369427,0.23643448746719156,0.7324723971106784,0.9717874672861196,3
0.2780822886388862,0.356639084510771,1.2797229341617307,0.49976013811579456,0.46836707725971033,0.7839153350095767,0.30985510032264674,0.7340918957649902,1.127892074321408,0.5865615511563199,1
-0.4967291562155093,0.5088421594155341,0.5081579475760227,0.6808768181271978,1.2970322119968687,0.0812124821414622,0.02266315879909997,0.4402436540787871,-0.07276673219455004,0.17752295256963316,2
0.9295488572654372,0.5864705873467435,0.7718856394594652,0.08189120148070987,0.5539758157495154,0.6227106016346936,0.3725771106732645,0.20078273827425355,0.8193052309004792,0.9667411844979731,3
0.4384575809481303,0.14874415114666395,0.199307281658951,0.8473192251383979,0.6207307413597352,0.7209163911763279,0.8001151812512666,1.0355680000887924,0.34912760405680227,0.9308389304957888,1
0.8742275540147905,0.6934345925600577,0.1310030137840909,0.7920338919946581,0.38478724785072305,0.9742997200801067,0.7195014204711081,0.16224200934851546,0.8107607857064486,0.3090956887537784,1
0.4091329372319359,0.26325483712895337,1.0267113216070183,0.7532795084122075,0.5563308242559387,0.9855107824174052,0.6242850740697818,0.2985183323975308,0.6457106220073419,0.2983383116799865,1
0.2924109331156564,0.6682556959514446,0.008130886830066021,0.04125998382266918,0.09329429660032817,0.791655888685119,0.7387169328548016,0.28259066535449096,0.9850460117185642,0.8841650419432939,3
0.09078174972161504,-0.03946183695005079,0.22273352099202043,0.8539818147573023,0.5698839919985085,0.5360019712032066,0.6507013344290178,0.6658145966450352,0.8020399714312152,0.8139720509044297,0
0.14898275922650056,0.7640242200287262,0.98304638230977,0.2565393979867978,0.6701917585150556,0.416295434282429,0.32261659129677,0.7405411922854377,0.3315661362790663,0.8394004214792867,0
0.3507861612067136,0.6931282711317316,0.6991278377112267,0.4705041044024804,0.3669225232924784,0.2736243885403014,0.20080995620815073,0.659179308916088,0.5593734002203374,0.36100736363756364,0
0.5922796532839323,0.8326901931999883,0.005440694119635228,0.09609654575136375,0.37488663112713305,0.34542635438542263,0.1503917567863793,0.5334781714760821,0.13367067855718398,0.8671950450258343,1
0.32268150010873614,0.8738439040401912,0.9833719745452045,0.580118129351541,0.05684503541356057,0.21843473130488555,0.24568199225537785,0.7737831171059715,0.09007720143965406,0.29760912695974995,2
0.32719177663209514,0.8571880365428799,0.9662929304966685,0.5906220569455161,0.04651566886365504,0.23866563367528995,0.24475544109132882,0.7877733676717517,0.09009181093033442,0.26843544860972063,2
1.0490104758497674,0.2468188501740814,0.951408708311001,0.6630882103888676,-0.051399274948441154,0.09669540847870894,0.45725108022791777,0.4262092916713231,1.5538162172106844,0.4617035424050625,2
0.41206667791684043,0.6940828632127647,0.34770306978800714,0.7880003033634344,-0.1145895019542788,0.31358829946256106,0.48258378021235343,-0.02860488993982198,0.6654327710146752,-0.07780833723569308,2
0.6502653616110938,0.6811206253458121,0.3073704864686767,-0.11832834586063035,1.023280546493571,0.2731026876407081,0.28813156013469166,0.5080224961635004,0.31317012486955614,0.14091917968987933,2
0.5134810457896599,0.35619200481294755,0.7644008661729205,0.4278399860158303,0.48127623429286553,0.8948610333095222,0.34719368270714146,0.3868695664559415,-0.38756550167093495,0.17658318431358744,3
0.8517458426663442,0.5824175422023051,0.28909774688869955,0.743395327639985,0.7803124019638138,0.7198590544707032,0.7200349355942386,0.10745154570742013,0.7642567592732887,0.9138891257122304,3
0.06624523398355528,0.09212043045888119,0.7539857582819068,0.3119301687859252,0.06978590070097632,0.29285338016143575,0.6563774863651698,0.415304858499135,0.27852299224576893,0.42471205502120657,1
0.4229585594153828,0.8774455658011941,0.8121972713811182,-0.10869398485233972,0.5345956477581101,0.2449872269628099,0.6062496936078267,0.9797020113048427,0.48400753942964986,0.8744620428493506,0
0.9948827072696858,0.5846588454538024,0.6666224682660894,1.2424542644091066,0.3229608457272773,0.7975290521030045,1.0494188471562529,0.3258497236376234,1.252643932430478,0.5273962918009384,2
0.6056363449512143,0.5970343825798037,0.5557925948329335,0.3602588873144461,0.1365343318343721,0.8492342814294972,0.28650714161838925,0.3853566898959287,0.1705781013487292,0.6411723811243373,3
0.9367312459284135,0.586109840691481,0.7734322980735531,0.08094671851806924,0.5528378107537509,0.6321988612394023,0.3790467192444975,0.18275224977700735,0.8158012257238351,0.9771693094888096,3
0.2882491145886354,0.8955562706536887,0.9527751260593026,0.6449134039880211,0.07069768977704523,0.19347579921909963,0.2886277740332672,0.8516786245937203,0.05157295687205633,0.24831789208530816,2
0.195459230321976,0.1972706805180947,0.2944879558448197,0.6467514861961622,0.6292249267122104,0.7330824231464064,0.5976638031619795,0.3115120726831112,0.9781672815993233,0.7842008432833514,0
0.6318380268642594,0.7056112731090503,0.7641434728894014,0.4355113356370889,0.6273104369742912,0.6601303879877337,0.8766031530765417,0.06464376143361059,0.1869889883660805,0.33884595236219645,3
0.5511372941425026,0.880171731917222,0.2769705943840657,0.5321005662085341,0.7570934052250896,0.1504260869498653,0.07825714245696852,0.22497166250345343,0.5527911347500788,0.8728703075743744,1
0.31616166121871425,0.39928251192368924,1.0038495910616467,0.6275099826644125,0.3905856212499888,0.7222506409375204,0.1858890103401942,0.6621528855695823,0.9465468305904021,0.42473939518045034,1
0.728800466193062,0.859944598030828,0.28488997827774765,0.3054987529493547,0.7052022917163313,0.3494034774009417,0.23753344482093783,0.5032500699485372,-0.06640398657408733,0.22994440198674604,2
0.9865555287380721,0.8262035023832733,-0.006424822721877735,0.6819690873479304,0.7591466320944116,1.1405739940997022,0.838453671061059,0.6606722604351452,0.3195899826609362,0.21397946485176592,1
0.16252678719486324,0.08207170027976987,0.06152668539377676,0.9410557949975363,0.2704255158980724,0.3697421972138742,0.7659331986359466,0.34262829123005284,0.8456343189187673,0.5187373554543291,2
0.3217720293213234,0.1380951282435684,0.24958438895437396,0.3227950375793336,0.5555961613790261,0.4835100849916897,0.12315287469808163,0.3927955199794318,0.9946350654821068,0.47544189503331397,2
0.6407919457661042,0.7289991844819032,0.8028105161931433,0.4390858912174957,0.6381651933592847,0.6700025394550256,0.8866673610672893,0.09803272457973392,0.22030200800604985,0.3564676076187352,3
0.11787838217732713,0.27736100767633015,0.49914669085163915,0.449899374646418,-0.06754675398674154,0.39758075865537557,0.5141132593120561,-0.19945966529703102,0.8808907650410812,0.36897903016912714,2
0.8243965017939946,0.3904240375274898,0.7900622395697918,1.4222243470669929,0.8854327886561678,0.7277761934597279,1.3889438116086854,0.26982475814554907,1.4933889938965328,0.3332538931388403,2
0.8460015767155954,0.49800228285100956,0.4249050017102182,0.61334946118564,0.7917537483743868,0.6312235703390844,0.727530913107743,0.029679947985247992,0.8663882399781574,0.945905271160581,3
0.12374638319294307,0.9200026788433482,0.04065095613818639,0.5340921577283009,0.601581399230475,0.6805511279036541,0.9467399854673146,0.1064575805143963,0.579825041385523,0.8045497547953195,2
0.5573105979506674,0.05560667620497302,0.13772775696968292,1.1167768397639073,0.588983756805868,0.6984059670753155,0.9350644360733027,0.7543700312992125,0.3585296686633318,1.0102141493026175,1
0.6950539494617427,0.7475067396160515,0.7059779194434629,0.46745744782706844,0.6494973542256371,0.6709342394310986,0.8021887319796362,0.1076877099863695,0.17850523826878373,0.3224745856917191,3
0.6276810620117975,0.0576769715337881,0.21090462478699729,0.7849113052008877,0.675269890484186,0.577371711850955,0.9239699918607555,1.0545994658571156,0.46676828493168504,0.9894003596008097,1
0.6583262862964098,0.8023563038823589,0.04476530006386646,0.9740937635554506,0.6960737659374051,0.9782465510526029,0.6750780952552737,0.5205242704791281,0.02606283177058222,0.33178550625853465,1
0.5587472896944479,0.08448010666468397,-0.04766241788308287,1.0608386177614033,0.5105772184555792,0.5891158005855939,0.9782672154147751,1.1819737662765772,0.13746870699005814,0.9494687247622318,1
0.5775633369152506,0.6417968473012667,0.6986528338895767,0.4589371654761878,0.6764832913154211,0.692982972226125,0.9086598494663239,0.06426211186175716,0.12900895445580368,0.34646210792540477,3
0.660724522349618,0.26559259566980453,0.2669831235290784,1.0574057714919525,0.2772322367203246,0.34396972852595803,0.5630499507715728,0.6003129770354535,0.6459009374134105,0.14320379340984463,2
0.35867035717175705,0.4090707009654572,0.3462342143636656,0.6861822213265755,0.154185775463733,0.3780925956294206,0.48774075589541577,0.05458181456168644,0.9427418665541244,0.17238649316363291,2
0.567307192660914,0.06688023380538177,0.08715118067784472,0.9467585495737197,0.5094033541854748,0.6103366964925045,0.8300981412851439,1.064573574508328,0.44317323067925873,1.0082326826715131,1
0.8694505075679745,0.4984262093406992,0.1724775702467842,0.5486769908393123,0.908163477239885,0.4716434104706887,1.0159858445519814,-0.09082706918313932,0.2921064475449448,0.8093549112082886,2
0.6586686933862473,0.2933820501244099,0.5793819244810119,0.22416364017227447,0.10139544223897728,0.2568444135365398,-0.04263521310249582,0.8369613956494544,0.3055829695199161,0.7109532815538161,2
0.7944795292342021,0.5088976581983843,0.35934641632586767,0.8327259512922838,0.7658631330647353,0.8140132890086129,0.6693871054703829,0.14050853053036963,0.6764657549706506,0.7910992592590094,3
0.08396424306259045,0.203549378830238,0.31885949786988504,0.7393442339454185,0.4563394277080404,0.8393065213899491,0.8380650248275641,0.3542092031419336,0.6870221965785668,0.4744158426621167,1
0.4187737003488973,0.16316206950097834,0.12485484495619861,0.5459467576708533,0.1789946886948281,0.0389467194174512,0.5635740968357698,0.12017090343451378,0.8231451106294158,1.1354711714167727,2
0.050430953782009486,0.1355228062191744,0.759870071921853,0.3248123036079147,0.06381863782487557,0.252225769182954,0.654253226030505,0.422490383045067,0.29569760921308363,0.4314339635352717,1
0.5749124535085759,0.29789128681067223,0.25558188049299013,0.9677841531217806,0.21057158956086486,0.39710155794388036,0.4520125982981787,0.6478939516686159,0.6796508736464563,0.18120035020612618,2
0.5345018795187768,0.8162040667452015,0.33221453137808765,0.47881498145450313,0.1915313024663986,1.0929735017362072,0.08779218117658129,0.2379970927499053,0.21820728390443964,0.569938820679403,3
0.5728760869935529,0.4483813363567254,0.5174002848157854,0.3708874451490226,0.34649098343733997,0.659140437779758,0.22435373023460198,0.3971986303802467,0.25243893452007526,0.5124769597115636,3
1.24761377448425,0.521989791302415,0.5317265692355104,0.521059690374885,-0.04278063282331106,0.2614209862074991,0.8753086973736948,0.5708397224409549,-0.11564526475878767,0.15661254845821965,1
0.5114398734862345,0.11313642971746207,0.08009895024256289,0.9422644768116708,0.41087144921406615,0.7480175518265127,0.8609344355707995,0.9333083011469869,0.4277866699876063,0.8478635103432647,1
0.9179707100289475,0.5784120677035932,0.7544978147098965,0.06526669318305775,0.5359941002681575,0.6164945406817249,0.3864253992135156,0.20763298132456395,0.8153773480998672,0.9495702201379865,3
0.40680982023678447,0.08844567210596321,0.6261003588919138,0.9773482886767415,0.3348506509441922,0.7325159940569761,0.9680743256251924,0.26573723655927256,0.5266034069186016,0.6261430627462545,0
0.24689160473813115,0.9534718619858356,0.051320534949157205,0.4497215276340799,0.5903116572498639,0.7390923179435066,0.8882511840041805,0.24599420834770508,0.7535440858995923,0.7393511473618094,2
0.5310289393145071,1.1698724570688404,-0.15367903948702993,0.10456894541991314,1.0267213543915643,0.31474365362974926,0.2569050789021828,0.6390458750154744,0.49015154800126776,0.015663379319499803,2
0.4682330858846987,0.019224302818884757,0.134839589722998,0.92598258371579,0.5168392050372885,0.7080808016150167,0.8903580035842648,0.9243674634786849,0.4048641534898694,0.8945971735786555,1
0.36556583948009386,0.29890323561094645,0.22840652954609963,0.6488316971069673,0.23269721380828434,0.43139760223662993,0.5572067249422317,0.2134745231623817,0.7903799608407539,0.3000162121512363,2
0.13795583464584338,0.8269544941519541,-0.027414740600066555,0.08204174289167364,0.29995355254768263,0.5076702047137546,0.7619515765042514,0.1511719838120398,1.165913463688312,0.6774693286203448,3
0.3776731811448911,-0.07635076830448773,0.22774725677004978,1.012203783565018,0.3436784275084902,0.5337983993135645,0.9397106559226079,1.2111197808836538,0.1796529863058796,0.9446489122077416,1
0.8262116598832253,0.6133804199919565,0.3302974612970254,0.6859802416877226,0.7786474835380752,0.7773390710260512,0.7010708383654622,0.056474803871455134,0.7441655504189588,0.906612415941072,3
0.8735375911598805,0.6968329777106912,0.1321050293825756,0.7918053189370602,0.37698021859955944,0.9651116760443182,0.7151943884962011,0.16406782567200945,0.8180325734425864,0.3152918535295634,1
0.2706690377701536,0.5435890762777247,0.44533604070623084,1.0220705270447492,0.534499670981101,0.675614006505628,0.45529686615125814,0.7517200009403836,0.6183848723147698,0.36881504973322377,2
0.6604464039113943,0.2176162249709909,0.3030422551198535,-0.007723839488502693,0.4510103316920818,0.27816304837827316,0.2664643194096728,0.853369071052355,0.8488409700490471,0.40437991211255186,1
0.6312407897534035,0.2535394636808016,0.8594387557770924,0.5467395390772701,0.5986761888850153,1.042378178853057,0.5926954406983242,0.47853040665763613,0.8489376315249375,0.2848060398701188,1
0.8529192041867844,0.5668132516098312,0.2882696887225958,0.7066507953148667,0.7575099260705961,0.7685241489654204,0.7034464224689042,0.10714888823865279,0.7804480536101028,0.9435943838361319,3
0.9231800381679807,0.09338259879206565,0.6458324864888207,0.8627179402506859,0.5309121509811744,0.43393536847374153,0.5701232336197001,0.3431575127228795,0.11716128653048277,0.5946930888645472,2
0.5490656121355513,0.6803122296664952,0.9583936203130569,1.150954385661518,0.0961698407081259,1.0084255694003468,0.5882005251693659,-0.07315007753566738,0.9367840410219703,-0.1117791777315128,1
0.5799346412929476,0.8865377199505698,0.23123068992592632,0.48430862139396763,0.7686108640474403,0.23151942982530108,-0.023406809345519662,0.18158413082659217,0.539303267707106,0.8729263963243447,1
0.4323196911965918,-0.032589124955553495,0.7233516582060425,0.23030919551388584,0.04036628083977112,0.6985989611759724,1.1052066604665918,0.6069627147262819,0.5916275820112478,0.051246007030015084,2
0.2071050405337706,0.6245613284727393,0.42257699161369866,0.7738201706601445,0.31144019506435106,0.4448540275584338,0.25389603328966037,-0.16895460186373473,0.9038588049235694,-0.044693691221320525,2
0.03095798467349038,0.23599969150130093,0.697694968249743,0.01814796376305474,0.04143077181797868,0.27997288285989036,0.12801481248114774,0.8663083876115533,0.46482116454295036,0.29483720199659624,1
0.6317867415278241,0.02810716909889238,0.3332990123969297,0.4661460605218974,0.8065553119468283,-0.16321323357719286,0.6370243016928225,0.7603160917348372,0.5322055133959033,0.779920988881221,1
0.5816252025441604,0.8982530094765669,0.18372708350278694,0.10717322490834696,0.7699046956856044,0.04530986451606277,0.2395143474105321,0.38545266149717067,0.6134444330849929,-0.004802868895151824,2
0.729371781771804,0.7694684335598344,-0.020569150749132542,0.11642323582813073,0.5886592437984811,0.07456114196714456,0.22115452534058824,0.5101479183567509,0.7282857961344109,-0.03258562654612104,2
0.173347323761766,0.35391804461432025,0.020689466930866256,0.7281088791249433,-0.03460766114465414,0.7199644057330721,0.5485009336085716,0.7440570169960922,0.6431873785488471,-0.031831531364838225,0
0.08108313269183479,0.2826477950953884,0.2399655142971521,0.03143452381248742,0.4092748530631399,0.356678831131389,0.10123564779774036,0.23008227372883114,0.908254707450144,0.7851096968190031,2
0.599107745623389,0.13950082364493258,0.08603734475255026,1.2444960170200967,-0.0362635309581566,0.7207083535737048,1.012820570811285,-0.11631431559271022,1.2453462578310988,0.6885261865356618,0
0.7563262566744653,0.08929099140517405,-0.2453372228214007,0.40740415363279253,0.49023417737935904,1.0246960138085486,1.3085736740614373,0.4865932312303722,0.5933539693383807,0.7037008813047121,2
-0.6049499436153792,-0.7618109403102359,0.06098837099336152,-0.4816259461499445,0.30552347683135384,0.9091677296848784,0.3390147777988628,-1.1946014988486766,0.7113509469504142,-0.7830017223922163,3
0.08137030714500149,0.22625470449911006,0.40025004139418235,0.6711151480284848,0.5006678395640128,0.7885464472580124,0.9064398251027227,0.3580849212437011,0.6543222921059378,0.5269160183697883,1
0.28170815644408476,0.9104664843891457,0.9186663919756637,0.6334787419021913,0.08759958275884364,0.2515367763205919,0.2673966147924033,0.7851760909215888,0.06031831578049134,0.36167885792697707,2
0.03300376424317628,0.23395786528018594,0.7027689454592047,0.01668791874680353,0.04139305532869689,0.27877113249812174,0.13340183160822383,0.869405796320878,0.46078452803148967,0.29371322764105723,1
0.24006613931716092,0.34228811229257766,0.03293913463132425,0.30644422011650585,-0.17190679314100038,0.5107168569487625,0.4562501211604792,-0.22484903773883336,1.0530418778325994,-0.10961307349319344,2
0.233629059791023,0.1324746406850974,0.06567374920061235,-0.08897826085177112,0.8587728617134945,0.39729629182757054,0.24861454720241255,0.29817680393377405,0.46661236570877074,0.04654818704338129,2
0.6159540692295153,0.8662821153064341,-0.0011763729056783537,0.0746555770702802,0.3963967315532583,0.3424676876403489,0.10519881530292645,0.46435735213271045,0.15696670344743713,0.8851305274626347,1
0.08425715602368013,0.8539831355963502,0.39902671288772434,0.4693574702256799,0.5157483258645197,0.7275743385390288,0.9556082673468151,0.5629743646412282,0.47604761224738223,0.9373852250491029,1
0.5953865480705817,0.2176553078041646,0.12853080399399444,0.8217934641092364,0.4599292238590823,0.5340258042630873,0.7227140640657155,0.855433465450951,0.25049740928813496,0.9688292590904177,1
0.9558284132213587,0.5595897736139857,0.30031441287240507,0.8403314673034996,0.28957816010410065,0.6705900179093228,0.7922922844825958,0.5068998518310568,0.989805140262278,0.23698482992335484,2
-0.13842740515008406,0.3053731759496813,0.8150954063529517,0.8486990829359762,0.5013549661933805,0.1355162736208984,0.7277797880982768,1.2605246259644698,0.44344132562487676,-0.0372392550761802,0
0.38617020077723724,0.13529400817681309,0.06888922481336113,0.46232426150189565,1.4646047385984944,0.11319443180573457,1.3192499202243884,0.12712455282183596,0.4172767812451678,-0.31556542808349597,2
0.8654780767332435,0.5699711420381058,0.31921118254268654,0.7354229258541677,0.8032087704142488,0.7316180284420915,0.6774817662001128,0.11818106465193719,0.7903727167550787,0.9282380997478972,3
0.9622948039077914,0.037923809027653174,0.5224790648509872,0.9919897766251585,0.6030019904882408,0.4881299665485412,0.5478943802075896,0.4962011411518402,-0.024665330169324345,0.5839512929383233,2
0.6110810517906464,0.8624098900239456,0.4832641894912786,0.4995931254621855,0.13280559212099025,0.9706819034912912,0.20403144811897445,0.3717848379687862,0.2079483894306313,0.6627554679214038,3
0.21801407340946372,0.9709430166636268,0.23386435905448513,0.4087938569962819,0.7995818919373443,0.6873159149575483,0.992242693998687,0.23890697934051877,0.6377666052227476,0.6826219707481865,2
0.15300729788865,0.7716558538950569,0.4054211668834967,0.5274719230416303,0.3874173367479593,0.7125757866723621,0.847809517318739,0.5929040883456779,0.6069605802025472,0.883502196580769,1
0.96239551913716,0.5036132747017628,0.11607558036899439,1.0166389044360977,0.4267179152281601,1.0419152743709674,0.7765042484537881,0.4044137059644262,1.008901063993363,0.10045070086730065,1
1.1149883260756408,-0.3335648383045323,0.2909273474388902,0.6461770839758241,1.2011950664563087,0.18468945393898184,1.148756191632333,0.29922134656523375,-0.13349128487432688,-0.6004928873514387,2
0.22261883278603592,0.3051258854163802,1.007334099475857,0.7522845180219366,0.3901816126686902,0.7707334297094672,0.15315131764670895,0.6340086671165284,1.055396475084804,0.3339460546823305,1
0.8529886019063109,0.7142166877227997,0.11049168501371316,0.9345871616335683,0.659735766127535,0.8041520037952662,0.76657790750569,0.47626588933625486,0.11989121862315742,0.4287025430591165,1
0.6135596402664318,0.9117453111087623,0.0050623681267526225,0.05926697113702138,0.3946044028090612,0.32266539825641977,0.13593258518970378,0.49405500370344346,0.12664420826345885,0.9335396741851821,1
0.48284464656783,0.7575427634504339,0.2443982591624847,0.5514855876674327,0.7967525718519108,0.19777047461396907,-0.030925653767743935,0.17930266161909755,0.47381556718775014,0.936584664143966,1
0.024094292443610568,0.41486488930551046,0.5646949228423874,0.7445473083035942,0.46136263948480727,0.5505046218455864,0.6014944542243439,0.8854375365705364,0.4154383141490308,0.1745353946677859,0
0.3517298250754521,0.6430515636631848,0.3485415951959949,0.13772304239093605,0.9171436432858644,0.6542901449442917,0.5697314385636445,0.4947026797255825,0.48462861060339,0.23868064113045498,3
-0.06945090096487358,0.9414573512996431,0.49979785627182877,0.5231889474498521,0.44603187123765525,0.8519580609306031,1.0984255945683454,0.4618767897811434,0.5611936233402517,1.0799254177490822,1
0.6698490735871009,0.8095008180934015,0.28358531745537624,0.24025022237536134,0.7483316886729542,0.4161078343489166,0.1376189146743876,0.4261277385430823,0.03769451079875697,0.27720654649985577,2
0.7034436263755994,0.6846726262493879,0.0998839315095248,0.9908907702798329,0.42387462203770315,0.8186424937349498,0.6789651469871363,0.06614548682777395,0.6529676967105413,0.1543237592507298,1
0.6324485001483225,0.2844655656865148,0.2666293760174586,0.2814404280396007,0.6549047634494733,0.14843415012146782,0.6290447885080259,0.8963152152226825,0.5059188697381863,0.5323628129759054,1
0.08129211785559215,0.7332965663137307,0.8262618716594242,0.5867433688691683,-0.005737171217882975,0.789354479646067,0.30854180654940155,0.47242135286890957,0.685376823721285,0.6619177212769245,1
0.7134624329677584,0.6015066268873012,1.0415389529209027,0.49297874197479596,0.49472633002231675,0.9250920395002684,0.5396009609522078,0.36644885964084456,0.56719413426409,-0.2106725972359903,0
0.6198770115818135,0.853069881494445,0.1437273653456066,0.09067134369732432,0.7749784329991066,0.010182386221873292,0.30105383349945924,0.35898229189744774,0.558671274843324,-0.0034158836507975753,2
0.7387121644362236,0.18347078542495276,0.253701156149341,0.3606471273760819,0.0646082693248777,-0.07346604959965031,0.7450287242302012,0.7937179458343221,-0.0841392454485538,0.793255379100586,1
0.8807271842957344,0.5741219934131924,0.32797265392293085,0.7152563729554837,0.7980098538433166,0.7418313186598362,0.6744081126785505,0.1030934324541401,0.7856074547077171,0.926002467731955,3
0.9204880376280543,0.5405365930098013,0.7975551320706467,0.092111785060372,0.5351654761815898,0.5994161745544977,0.33206929542771096,0.15551101728388145,0.787262714440402,0.9470371540602873,3
0.5967286815637759,0.25528608213297604,0.5921777238238517,0.2078042740000295,0.28004507538731127,0.9051647340237263,0.5119307633050414,0.7826970797397724,0.5218103350466634,0.053767149324661645,0
0.4023679140659172,0.4171663430585063,0.3234015653534864,0.6579189635348488,0.23426819806048982,0.33303216411975484,0.354678421670408,0.265198111479205,0.9069667563065591,0.06225994507688559,2
0.4589626786745988,0.3874366628634709,0.04379105158446627,0.07463909583978257,-0.002237829541844899,0.5938873589877176,0.5503650181677634,-0.043359575395497896,0.5472414782366728,0.7361942073112425,3
0.9647413682981176,0.220479235939855,0.19158676153182905,0.09109669908370627,0.2684960382667688,0.09228963650998616,0.7192712649567649,0.4850330001063467,-0.17029849407290912,0.7522462088483355,1
0.6073217233340398,0.899511427935853,0.004022123501971049,0.062060134977705,0.3914711600025945,0.32481064144788135,0.13932477533041965,0.4816683419025417,0.13720910344261902,0.9200270955489042,1
0.21085358458390824,0.9396867504064055,0.09166647029963046,0.3927862150923128,0.6082872148307963,0.6880176177834071,0.8583053868574482,0.15517256143638064,0.7892241631332219,0.794697973218298,2
1.100102484841665,-0.0017600915826365832,0.7450762789737183,0.9836137426915943,0.7167778956885605,0.49345437630084926,0.7044999853177516,0.2066306577438962,0.07531090733354093,0.5409952627649681,2
0.7898396426331649,0.6873339808928352,0.7509111844477692,0.3773986497336212,0.5526522733465256,0.5727366332749186,0.7295465201382043,0.22164233900513555,0.1790322221681675,0.004625060927457847,2
0.9368382633509854,0.5790268355179108,0.7639172695055356,0.0775656406336369,0.5424957025588742,0.6234889249534864,0.3730485248359227,0.1876142805301331,0.814816371598898,0.9738467852121221,3
0.9567770602474536,0.7028904884058838,0.21469962296272777,0.8071036210472274,0.4221380636391713,1.0244783372189894,0.6669565208331012,0.22532306737239477,0.8128833557334515,0.2838059552528329,1
0.8517904516417393,-0.417616299386636,0.4406955319950848,-0.2487628737870306,0.028300824477534754,0.42365004771451553,1.0429414610493932,0.9648698649890554,0.22347498740952174,0.056798824483446086,1
0.6361871230902779,0.9078128096463265,1.078008335281634,1.1168787587412987,-0.13394995838549295,0.15407618980309679,0.6872113770707414,0.5931767850711469,0.7584994815509554,-0.0765105503791888,1
-0.18162803488629314,1.0808169551802824,1.0384659756856218,-0.07382769518192048,0.9739841309463066,0.3556211291371936,0.5644749983741656,0.13566667921549302,0.1680739877198258,-0.2828388586856922,3
0.7568072550939767,0.955731963876258,0.138987142097462,0.7719604061214593,0.7772122000919502,0.8378668124386244,0.7762488801175044,0.6099087707655457,-0.05961073951773424,0.28409578036043676,1
0.7060688835054492,0.16247208372992256,0.5205218582024406,1.0566461420754287,0.8899506433990615,1.020810241122551,0.3602395626323951,0.26095564172656643,0.627339172726832,0.7390893524993065,1
0.6917382913340047,0.6937291951357419,0.342033344291567,0.8132526793030014,0.16679925895500833,0.848805539285832,0.5901494399278099,0.029507891647497314,0.8068238534223914,0.4805147233036009,1
0.10224929398170018,0.15652898431060783,0.7255585667354373,0.26560554158736316,0.01002455020002787,0.3295321537994892,0.6619864321786992,0.45147237844518684,0.2728425446980967,0.4482077699210369,1
0.018181640833617882,0.10344052020913717,0.3340068641666719,0.7476834296892424,0.4962643525737416,0.8457839964209056,0.9431484359308675,0.2922039317384308,0.751076933137456,0.5698640244303844,1
0.5715732579223951,0.7796785731429867,0.33373147917433404,0.46428254711245165,0.8536499460103316,0.15288420105794195,0.08001356844598981,0.1606167815804287,0.5332151964725568,0.9531024992983503,1
0.9618077078786003,0.7713243928823716,0.3879038630497277,-0.05918073842225019,0.33622987273536875,0.18619899576740367,0.7077081771066144,0.7162237258983641,0.4898551490223565,0.259486371850633,2
0.7288750858613153,1.1255478767034812,0.41638180844837597,0.06359338242868716,0.5501037078339026,-0.1309787974926342,0.2517756456903854,0.23078771729071051,1.0107952038390253,-0.011184916728420601,2
0.8231669687497473,0.49842377495664464,0.2365886801079662,0.772878748088763,0.7510598136539978,0.7121618618732627,0.5937605858870765,0.10454419175838155,0.7381983683725992,0.837879733476609,3
0.03079722423144185,0.13039376183890936,0.7705853690033679,0.32254432260777993,0.0832813097550444,0.2697555842371783,0.6161114392432852,0.40430908293302714,0.3102985702454798,0.4598388757476421,1
0.14112635040028745,0.8936601729274407,0.41609195356805984,0.4832927862905675,0.8769578279953265,0.5719401813392081,0.806515332750505,0.7694005707859968,0.6209353006917636,0.11335797581691781,3
0.6038199928254504,0.8965524556605607,-0.0035528274909388535,0.07557846431522351,0.39616285856459227,0.3169301461436292,0.1412552297404793,0.48304222910130173,0.1359751295203303,0.9248189135472265,1
-0.16504108296201178,0.18841879228894282,0.1278981614979459,0.8126393979569132,0.6543137090293777,0.3197184773255791,0.7969383479685184,0.6037767739855303,0.8301909275711492,0.6446884283729379,0
0.5888391649577684,0.15076908483378115,0.43843083358850476,0.3077163854821092,0.7594365251061879,-0.21406381431334073,0.5322388310992155,0.6875537542070482,0.5683736001023489,0.843878533990372,1
0.5755054751402584,0.31857428065506066,0.3723731523460835,0.2929573781387306,0.6995838851346048,0.11886616515175662,0.42171333945164147,0.5797671151643427,0.5895967007686514,0.4805551609289692,1
-0.006133574340662654,0.1232591090130946,0.38110253594095567,0.7607256846310283,0.5389172200836302,0.7409675630046284,0.9016870753548039,0.43893393214224763,0.5703561133525343,0.5201926637943579,1
0.7785817980115963,0.3575471471851573,0.9073511942311299,0.7502764599873412,0.5381649019185235,0.6007961724815766,0.09721396933377249,0.6761084985487661,0.8516764307705593,0.44981220297725594,3
0.010031229337550157,-0.19831563981025022,-0.08769121214042941,0.06662878160099851,0.5216543272044624,0.08564753204622175,0.2820480819631106,0.26651003115716543,0.01741990965765039,0.08878774645019165,2
0.5684700470249695,0.9235949489561703,0.3578828461490142,0.4407121178991609,0.8488304456386916,0.22208880662633035,0.13514378635964733,0.23355763603186092,0.6185024654632978,1.0169238801784422,1
-0.1020299501584277,0.4744836812171431,0.9098481567317264,0.7759640973384845,0.8985550869964778,0.8886282940450024,0.7703423158543301,0.7766663019396765,0.6486336203726227,1.362050449225531,2
0.06902123234912343,0.08936937432281161,0.7739131040913042,0.3137201404618819,0.058625583266869966,0.2451753166204158,0.6205653193733514,0.3784036891075673,0.31190025810771077,0.459555891000072,1
0.8580387297413895,0.27781330197986437,0.4310206442857033,0.7399831575472253,0.5876496416627779,1.0274276156084525,0.48210427721441146,0.4471327511605412,0.5826599000134848,0.6213971791621096,1
0.045063722400797125,0.11723526540837087,0.772537491733332,0.3084365814859832,0.06289481992526186,0.2713471694834495,0.6376892124878186,0.40755558032136874,0.30909928196301933,0.4514380457666736,1
0.8840913692281278,0.5643545218947464,0.32108863842463686,0.7217108980642881,0.8120913794799206,0.7776928275555978,0.6529367130501272,0.121928396554909,0.792341496114328,0.9337873211297055,3
0.06559641679627577,0.00028023837950807984,0.5358205329615794,0.4473555613013805,0.27373017366531993,0.8574390008998651,0.9395475543781661,0.5745268576463394,0.9111844100654177,0.5432309208375848,1
0.8485176248344063,0.36717487612606264,0.4358641011374867,0.4294669067231423,0.24193675149338723,0.2969551282162544,0.21806796346111013,0.27494373530082533,0.4233994715754454,0.49670832304229023,2
0.26456714818753363,0.4741332587110207,1.0317778037609378,0.6150282639099788,0.37598486199595516,0.7958621860024371,0.1217591053186938,0.7452999834356533,0.9661797849906387,0.36315466709779304,1
-0.014108714520963662,0.06272950740766223,0.723294936185281,0.3118232024556063,0.11076793202659332,0.29808387000049064,0.5776833784623032,0.3843368544044078,0.28914989627432375,0.45836119665716457,1
0.452784488127643,0.5045423149697994,0.25741729538276137,0.511846250074166,0.7966153002453101,0.35828647539433267,1.1261094874588817,0.26397259656691563,0.5923969384754783,0.7278339422664204,1
0.0860892351231344,0.8587340289655876,0.5458553809166425,0.34316835053874045,0.17371077967459692,0.5554399818811238,1.240183318129651,0.22333699704833546,1.5166614844634605,0.2717569704068632,3
0.07144987586892106,-0.1355541651458299,0.4572480228273118,1.2501258761104213,0.589892417897514,0.5738247478826564,0.25404361204496034,-0.15020622299704856,0.8036506317930582,0.4841690706645719,0
0.7277783146166656,-0.006108125498216155,0.4727407262762577,1.3579563510137722,0.5754877043773203,-0.16215634605806573,0.44349727678249207,0.8139527686546845,1.2265611504253462,0.359784779648948,2
1.1788836180029922,0.48684698848169217,0.7170712806152016,0.29006758444578484,0.05745198678201546,-0.23191806071292698,0.6305017349363856,0.9370504914300011,-0.3056889782754176,0.35057127819084666,1
0.3122199297234566,0.8522229895999476,0.9892968096547521,0.5748501466975531,0.06759953365901684,0.21762166830008497,0.24765951951833887,0.7732440461446606,0.09466505777394127,0.3044869029763879,2
0.309314426457285,0.4209193101806336,0.9892272804506751,0.6258088674476495,0.3864657209230229,0.731620915761633,0.16781079018795314,0.6608073504548537,0.9385682358538149,0.42223638890971776,1
0.2154956620234092,0.9650576157861855,0.002946906212084044,0.44609984101999656,0.6101000788532426,0.7347866951744608,1.006900706244338,0.2108407044932924,0.7144997287709073,0.7696178984062241,2
0.3793009135926153,0.22989416004128171,-0.06468434446071689,0.8187080886837469,0.625654384066022,0.5507921181560783,0.8125759973911205,1.0659885770071293,0.3514110400583809,0.7080100138777073,1
0.42501905621845715,0.2648622044945662,0.1511508829598945,1.0475403058402257,0.4584307332154537,0.5990175457475395,0.7934252629006033,0.9098683404021674,0.2248304270228586,0.9793953004728477,1
0.7393185435639258,0.1419722252447927,0.2802385825418826,0.2505632759955845,0.6053218682896764,0.03223615285932918,0.5834612096643869,0.8408969816625478,0.69587837973277,0.6220931384986302,1
0.5138622989486205,0.15965320069518157,0.24712488859491644,0.14818861552574739,0.5420473870085932,0.13676544906589833,0.5991139573499402,0.7849429590961607,0.6649750510412601,0.6085571852476122,1
0.0027622083771694506,0.8123415572747037,0.05304677285918244,0.5933298803724185,0.7469962698376593,-0.06389896117188344,0.3393051660901034,0.38683781205422935,0.21658619126553874,1.1728509037512094,1
0.5203551085094708,0.8397829505555876,0.3072651394532294,0.5122811022958078,0.8114961595420952,0.15031675840599992,0.02450457644225372,0.21717126938367992,0.5754418001765081,0.9215687074497099,1
0.8864808381032023,0.4154849161282323,0.25347612476042203,1.0032677232811045,0.4223682332218396,0.6890526675370033,0.8964478088964304,0.32030265237876243,1.0402253035303022,0.138293913303732,2
0.6146189174241888,0.8874808902340292,0.019663089894648735,0.059918406288055205,0.385513618210793,0.30482984487569526,0.12238124889465773,0.48084541323247704,0.1450131548155974,0.9389349119810178,1
0.46546317324009445,0.8479293408157582,0.3691875488760253,0.4919044896859818,0.7777985291962713,0.15141903709861554,0.01878907752792075,0.20914607334514373,0.5602536812293311,0.8370476657497756,1
0.6200749407146257,0.8913501335999228,0.033860910772136904,0.026683734758850275,0.3789861639455752,0.310801048902821,0.1545398704619769,0.5254377131329105,0.10259255120870553,0.9231889049359683,1
0.2422275484739786,0.912777396004868,0.05779276365415742,0.45866926116006324,0.6389311518060861,0.7507919406016688,0.9549765084721127,0.22838729689914514,0.7272555517880751,0.7477897748435365,2
0.5862764995979913,0.7390740615937839,0.30774292040943874,0.4036026276091355,0.12255195547092446,0.9718478378359998,0.26002522942820566,0.3451739718250656,0.03825305455651337,0.6428285616008301,3
0.31352375714490777,0.41156833678307286,0.31762250996071173,0.6705707663821417,0.147590631776413,0.37607241458995616,0.49543386167217374,0.08321470115814189,0.9477079166895137,0.20091114069982463,2
0.7671397598019672,0.8442278832482468,-0.05368055843391206,0.9568831810213467,0.7278224363889306,1.0473378749961046,0.5159463641328421,0.6534791626613152,-0.027913809986441815,0.17511972351479127,1
0.015705436868992628,0.04850938683394872,0.7165617913466897,0.316710231997516,0.09652839965012736,0.24030259284857142,0.632709445819899,0.455061172448551,0.329458543157826,0.5200872302207691,1
0.7571513991186354,0.8909906524726905,0.09570691286974631,0.9104088197093267,0.711974733556357,0.9814927133888275,0.5862503921767307,0.5791083734558484,0.020313914652149857,0.2904856214953827,1
0.27975960138381806,0.6858967224184049,0.40755332604675754,0.990103801767445,-0.2812161869112882,0.7553331037031399,-0.14474475639352352,0.561273129255789,1.0648348700762154,0.6100587966645684,0
0.2277643408175076,0.9011550804522318,0.4756945208108735,0.6090018580409113,0.3879872548805783,0.6500032932406659,0.8127552185291121,0.499796169133945,0.4434168955526631,0.8079602162465126,1
0.02093175858183559,0.1080726742270857,0.8023009526364346,0.27538020467085206,0.042727859064639474,0.29543541910795834,0.6525049772298863,0.40929183291507604,0.2996742429343032,0.42370867443556254,1
0.8244933454071933,0.24298848333734527,0.386962116029388,0.07928178718239381,0.7860106395908811,-0.1090141697797411,0.483407192316783,0.9071363440446807,0.650805641880774,0.7221868990787575,1
0.5436748656413914,0.9653113212330653,0.23313751369625263,0.21081417540023376,0.8570738759264112,0.0533594586641241,0.24537148160046626,0.4859329462760613,0.5924030706783877,-0.022458360939280133,2
0.3615360930183794,0.08602650556012864,0.5790617432780448,1.3581174216591705,-0.006949241625050506,0.6237127456316803,1.165845934756164,0.3921379409414243,0.3785590493052894,-0.1089358806022207,2
1.0043032364591968,0.2892365497124891,-0.04624209360721118,0.9671031223403211,0.508950383332369,0.2339238799603146,-0.02741425610828424,0.8584404224833805,0.10661471761535543,0.38936215824287257,0
0.5128266832522813,0.8231965665643287,0.3092596824501321,0.5242178404498342,0.7885273930687615,0.16420322427351483,0.028278137811929276,0.21548404037550709,0.5415568220935837,0.9228568772054997,1
1.0086455859251113,0.5510788398543934,0.7878369190192798,0.04224435506007329,0.5990218311331215,0.6235832979742723,0.4492674387436377,0.1736915724934769,0.8123946050971679,0.9509651709960028,3
0.4860184973697577,0.13142491173552887,-0.20439375077039157,-0.1044527704612015,0.7329041451819619,-0.051914576753872455,0.3797422958710757,0.5481742969671851,0.45789937210921905,-0.10852677083888301,2
0.010586846332630642,0.26494157984361605,0.41867218247166893,0.6563803880274823,0.3955036036703896,0.8628831175357395,0.8548600718473017,0.2613488209484951,0.6456913736268761,0.5533568272027175,1
0.8816235091266174,0.5370132660749168,0.3075030220725234,0.723216031034787,0.8007883883364034,0.7457668970068774,0.6986177870605483,0.11023559212305027,0.7591352038810418,0.9231362357683797,3
0.6003369184066953,0.7991980112391082,0.5514695197925801,0.5503666287299301,0.13356076389069912,0.9926871320710687,0.2911519166708121,0.2240814352891718,0.26219696734361253,0.6700513027004075,3
0.07680381460535432,0.36171105475313625,0.24172744040757363,0.16387616170491207,0.5100728143150296,0.23911148795362933,0.07775922886902593,0.35237034946074736,0.8737759339235279,0.6802734002722778,2
0.05827146307218781,0.11044742659334551,0.7588279727216287,0.310350027050541,0.0532668761413044,0.25750002745033573,0.6270242265962016,0.404893544039057,0.2925709558074521,0.45246536722017455,1
0.2826326260190881,0.429692441413425,-0.0034097692245300543,0.8265842367084913,0.030934269944976542,0.6965705762969565,0.514254314404101,0.7437881030841441,0.6871880986727101,0.0888788083383727,0
0.4189016411648276,-0.08574426612199532,0.6758357488847475,0.9902022483034003,0.003510711540089889,0.7898575887217427,0.531172502893821,-0.14211699005812264,0.4080365138124382,-0.16323430445248693,2
1.2742941923465316,0.37868501805330124,0.2626433231865582,0.7538929672735704,0.5944289247048761,-0.12351042839804482,-0.36118055449748226,0.3558874914781636,0.4184942013823876,0.8811450781811988,2
0.6373944000708226,0.900991170209766,0.017416566287859054,0.03947700271213072,0.3711960686344046,0.3613247765826418,0.15380933987884093,0.46884805467134344,0.14895177411266908,0.9597652871159291,1
0.6218740695381622,0.02373874952455439,-0.04771731418614883,0.7644961566681003,0.684041033691922,0.8636376143057911,0.9616930668473642,0.8582069475466192,0.2960644663811128,0.9041223500667918,1
0.3451252466562149,0.47379830029912484,0.4966770164527744,0.6530020730789828,0.19290080316719713,0.35805443998859654,0.4455192773146567,0.04407086363946046,1.0141879833647882,0.25490675945668206,2
0.7856482885978607,0.44490223804887147,0.08166482788958129,0.3202623730499238,-0.10252462564214324,0.5715838729585944,-0.18035414203939515,0.7491565351237603,0.4863215733062482,1.159335107629929,3
0.707264241431074,0.5883895934228519,0.08801875170218049,0.8222737578748405,0.21148658495804476,0.8215039399902629,0.5440299789177852,0.25505909720015196,0.7913857340075673,0.4261070451637554,1
0.1666026606018337,0.05910937183480196,0.5337363645559613,0.48848154016117024,0.4237886535278562,0.6515572479152669,0.886043921794172,0.3401039620550842,0.5918719437423481,0.5403125727532044,1
0.5257065913446075,0.33690681017861707,0.26500416520267284,0.35988160673603026,0.7532903714893731,-0.021196330002014728,0.80608325224145,0.6381359410467162,0.5122944326874619,0.7044695125016498,1
0.7916849230387676,-0.22298543137025417,0.32106122331414366,0.5317599024960962,0.3701941337113283,0.26841323853622046,0.3269162107603004,0.051823525848826324,-0.07482175346597592,0.8921925696070536,2
0.5207796179130241,0.837243289154897,0.2848967117959891,0.48705115241032926,0.7665215726845399,0.1714262256876866,0.024844139891156657,0.2004764724380874,0.5118715201890154,0.9490392114681635,1
0.8174004851633248,0.41877512983016796,0.1771051556588173,0.9263827187086942,0.1978611589289998,0.6230543771049114,0.9736534057613215,0.5304531782529182,0.9951565838677879,0.23089477705371297,2
0.039414239578801136,0.02605889105004271,-0.17134330407899073,-0.2539486191597939,0.3813457153998963,0.004538746522596282,0.763157940495188,0.696049490817813,0.3887657105486704,0.10005697675552454,2
0.6130998386847888,0.900396226123978,0.22563398100554,0.0867179091735622,0.8322557630792422,0.08208038254413033,0.3058094882475312,0.3480427086610233,0.5712075906107409,0.05996928173549398,2
-0.017133180560897174,0.15921676829358433,0.237208415260596,0.7724096606511959,0.5173906967473552,0.9477312209293468,0.8147252370425464,0.45105382225048773,0.7829078251769502,0.4226098586112175,1
0.7630548462072271,0.412377845328147,0.8816113246322368,0.7188242485289967,0.5161441831809638,0.6030429433924069,0.06407949387790626,0.6830767793835255,0.8587556605543287,0.4055692119920918,3
0.14048140448183238,0.05289247088179749,0.7992770612295275,0.963956375274779,0.3956540705531987,0.9677713064818448,0.36946454708995213,0.6878384704637799,1.0356003878324223,0.39204668856188646,1
0.9434260897914996,0.586899248961467,0.7544199588808501,0.08103071927782728,0.553541909566376,0.635964804329006,0.3671003375990036,0.189498715646086,0.8074645826276502,0.9659414621349243,3
0.10885098811380808,0.7961996123409405,0.4116575670034922,0.44155071496350584,0.6221105340166472,0.8160704685614454,0.9891273031270441,0.47865234243643384,0.4379692712142667,0.8589942362568912,1
0.6235223876747521,0.39865852632867294,1.01064468842718,0.41313681970601335,0.5596369968170501,0.5320636367715006,0.38269646526932366,0.615334810937712,1.186190389442077,0.5295100297927613,1
0.6052687973818244,0.8265829325925256,0.7457261059354948,0.4473265177720083,0.5588503811790698,0.7566983220726538,0.9289778042047959,-0.004022190534062484,0.21611898422720804,0.3273348733545136,3
0.10675322134208796,0.9333979865752946,0.44042831735307186,0.96022909484351,0.21675135713020222,0.02737902571368043,0.8404040138273622,0.7696610759152022,0.13209245237562778,0.7064382640191224,3
0.12820249974508627,0.7213734243890115,-0.08287131053799834,0.7176354940113455,0.5799369402221861,0.24239533781953662,0.7704981256528336,-0.0925693129672755,0.702789566202488,0.17580309253157866,2
0.07483016620093529,0.2165269214546371,0.23957479421819242,0.7215926840419946,0.5342450026878036,0.8606631415717839,0.9291765510731881,0.3782312921008062,0.6779523497961605,0.45234621275945097,1
0.7999979788332198,0.5248427367140335,0.4892408084700257,0.5770567433794338,0.8042422017443069,0.25108556123912773,0.3897843707336187,1.0759278993817116,0.5546560922151273,0.46605793467808104,1
0.6101103546517126,0.6902001529059499,0.6868579062861803,0.4142529963504974,0.6212215942621178,0.6619980984006459,0.8434017956191836,0.01245510569398682,0.2595317352164203,0.4110120215848637,3
0.2177152565156203,0.38168801722346424,0.2189397094890548,0.10284883037085585,0.5786837445808067,0.30375392951086316,0.150937529005452,0.2854302291380269,1.0428988448824836,0.8300854168903669,2
0.5442422130283634,0.38769000145601945,0.8068106892156567,0.5927467412179267,0.619386356663078,0.7591109685994007,-0.06006649949637327,0.8518295639635332,1.090957900552915,0.4142336665734344,1
0.6694119403316806,0.7439509321466358,-0.043109295014768095,0.106604160639196,0.7893811086860371,0.27919337939680816,0.3085021640139061,0.4617318987010194,0.5271378086168776,-0.22594531831833617,2
0.4530627741842604,0.12108955928594436,0.08562484552121405,0.8374079782843121,0.5300029933519077,0.7207131698445068,0.9075002322792209,1.0262740165994957,0.37444003402109194,0.9175283884586651,1
0.49787212524414076,0.014872001634826826,-0.46656107705749383,0.7033050688976474,0.5950866135854471,1.0157489832697162,0.5484444839487653,-0.19683560381414045,1.3416647862340294,0.4315347697013573,2
0.516860644661105,1.1812030053554534,0.22583376052634835,0.41614596893713784,0.36425898614588315,0.8440454519837042,0.8628169046422414,-0.0014224846679997127,0.9345712918375817,0.9786896969439652,2
-0.0072141495782342135,0.1284932347836454,0.0382142780331089,-0.2487513764674199,0.9533056949492829,0.14412674356164124,0.4222647906740127,0.3793179962675792,0.40355576420508943,-0.13776964870413855,2
0.8720384201520324,0.5606627258473486,0.3121679792137701,0.7169736621281833,0.767464512742791,0.7389729197834266,0.6911839882353216,0.11794078292474801,0.7772625959550584,0.909357169725953,3
0.4043732781824133,0.15485531605132463,0.09731248806421929,0.8453139806743236,0.38179868080451107,0.5450869703367266,0.9335983709667299,0.8858220945513813,0.41421114897463324,0.9705125392605001,1
0.8427031551366697,0.12344901015467535,-0.18386417117863574,0.7300231418813425,0.4024611413614631,0.17727947619303275,0.5306111582817203,0.5540510795690662,-0.09723825529312768,0.7487678800157114,3
1.2943205259944195,-0.02434528749675141,0.10508562926945891,0.5035572133294819,0.06504800604936396,-0.28786047969288625,0.2692354173576712,0.9542771916094539,0.2833441296175887,0.7358952608622169,1
0.8631087371821144,0.46046916310296704,0.8545631999483454,0.2804062416865677,0.56571371745049,0.48708803606175544,0.48042566502390127,0.4605315565942386,0.1541428270874653,0.3311229281977263,2
0.19548287337011314,0.9896572256611956,1.013713850517138,0.2132092332093417,0.8521633476711608,0.44930725459528503,0.8009110002038166,0.7472296607336391,0.5348690082513263,0.8714756626015397,1
-0.027760072043883435,0.03302819806179598,0.8346488162912206,0.3367187890992002,0.11431037226937785,0.19285447303737702,0.6477926904020953,0.5021086495116444,0.3048303894359663,0.39993613933374406,1
0.7393595649022074,0.3520831743419211,0.5818203098268652,0.398991662278866,0.20178223049962316,0.2237476930695367,0.14085189976552698,0.2469081624722037,0.35887570219023035,0.7626518894444789,2
0.4714570529785609,0.6626177041816128,0.7176055095417408,0.4901070193742699,0.2208056993101774,0.5833513871469742,0.10598805508254588,0.7934082103236122,0.5705626245765604,0.038976052760710214,0
0.8158815560113115,0.27473794096506143,0.047379161765932126,0.34706757974933267,0.6807627050290067,0.11110049705131882,0.6548325426356267,0.6523970916796681,0.7087370357140008,0.6681537810976504,1
0.4007915064728991,0.7071801353682409,0.7154814018108384,0.46347158027970026,0.20997309333944728,0.5242827354592161,0.193569999911581,0.7207895842230406,0.6081254429371653,0.10899168136432072,0
0.11328384312431425,0.18321792687819838,0.7157114962409431,0.3750241993196276,0.12932566566870304,0.2859200350226728,0.7134333912382134,0.3628313063334988,0.2939243683533826,0.39239891251292125,1
0.05116053505332641,0.900561320949895,0.54991802544197,1.2175731444841382,0.017221912453053767,-0.054033028547369924,0.9728749714747915,1.0393431616613753,0.1570064504684628,0.6580330193784854,3
0.18513662701681757,0.15154629951665755,0.5882906086720471,0.4304163557808619,-0.082471057941919,0.5771174834306068,0.782435753485424,-0.17058641356965465,1.1273546230481548,0.3198371847088836,2
0.33530403857024954,0.5178822345004659,0.7177671028007795,0.506801488518626,0.18555636960746705,0.5218047299641737,0.37316586637891086,1.0522408206324876,1.1864943790417015,0.25238317015634143,1
0.2518556913170082,0.9112062598600383,0.07985776980659987,0.5091511057623596,0.619529584204326,0.8120397083669055,0.9391009681368605,0.17659645924931383,0.6713171246716818,0.7928307377945109,2
0.47376036982774733,0.9624713342549508,0.14211017517462537,0.38791231933438697,0.7437289639639891,0.3610986560990638,0.029010320425238406,0.39966379039277605,0.3521820822889463,0.7831742141143118,1
0.9913474629529426,0.7829551930947746,0.8026656950688722,0.26151278852126664,0.1218054828517435,0.41390160955023986,1.264700209972665,0.2678210005938809,0.05864339472057667,1.0490687858858798,1
0.8963559999243608,0.5392093369335741,0.2968681934054706,0.9568262804336918,0.27082419035125516,0.7380366822813097,0.8919134286399018,0.366899067033898,1.0406260406969847,0.22871543721837526,2
0.5714829953801934,1.0145740298161565,-0.059876022272230295,-0.07775648117227796,0.8963738146479766,-0.12034724145212702,0.20327624973961134,0.2472497022173295,0.3780689780730632,-0.1587846683932819,2
0.002530996800385779,0.857404625245394,0.24879907929790393,0.5614916018534395,0.9037923724405541,0.6409441054028889,0.9601600446604129,0.6441786090540501,0.6033759161203149,0.02590217318497482,3
0.12708601167929545,0.5770100800823155,0.47881904853845564,0.05773464944269752,0.9617300454024315,0.7271635413406584,0.4961818575842325,0.5245680307372574,0.41043622145488384,0.07108933312504352,3
0.3254658593921505,0.8874621939308068,1.0002745219199076,0.6082340711645446,0.06894854999681627,0.23323705405426937,0.24926275524437425,0.7966140453276945,0.09380270600377497,0.26704354828770965,2
0.061143168054004854,0.19856113845572854,0.381198008653049,0.6465386585278535,0.4712273185618858,0.7585211348173616,0.9116101373743223,0.34407238834120973,0.6245396807720317,0.4305497562879897,1
0.5894459678028463,0.8814842070204557,0.1729667848991238,0.10192050616377707,0.7946937138499612,0.04481844177597788,0.238543055448379,0.35739263025741114,0.5699590362295817,-0.002054359167141223,2
0.17375090224716805,0.8244745343672668,-0.00870014222051163,0.7179907991607886,-0.31018736605489683,1.118178054165063,0.25837643220478923,0.14489847495211786,0.46421453649954014,0.8942848810827727,3
0.25643028662094447,0.9226217338994935,0.030230577731959557,0.46881478498152535,0.6380607320039897,0.7343596177872465,0.9817898115353907,0.21995367863076573,0.7445684031392735,0.741088878081428,2
1.2277589989990763,0.4203140139265898,0.24284636732212866,0.1845928306618422,-0.3343920039573206,-0.009169022550897188,0.19686966093178726,0.5144968176207116,0.29881970867852475,0.5155806449886318,1
0.26067205542762084,1.0228430441917233,0.01642236312647565,0.5092896368989478,0.6857319390954285,1.0331477527865478,1.1428831087592823,-0.07454351011082411,0.5802199806194599,0.7066005729841343,2
0.8073315282506957,0.5296006097678381,0.24729834471063641,0.6661421082801573,0.7559431642034492,0.68579600234369,0.6746873986531949,0.1018267632419403,0.7544722171829692,0.9174867276206213,3
0.5607130162480158,0.877210160862409,0.4291769505787996,0.3683774237102573,0.13398439041012905,1.097722260278596,0.20594797152395905,0.19116803055007822,0.24948370382191773,0.761220427651432,3
0.7277543244574292,0.5794397175976278,1.2099713954221603,0.9803629026105047,0.6278688406262474,0.39583788640312934,0.00928114405809849,0.8141017721329875,0.7130163641260584,0.5884870388190826,1
0.6692186577679234,0.7479988435403355,0.2726527631395963,0.46511785286317914,-0.03008663366106057,0.9530938164528547,0.37205186735984935,0.13475898182990464,0.18118792780853055,0.6991752257491353,3
0.8313308677829556,0.8171452610580673,0.0893063629862683,0.7961373413748969,0.7781901994801022,0.9830241601506008,0.5421155814172216,0.47501682463276995,0.037430848910880624,0.3315145167231961,1
0.5579929400929111,0.1308648039322725,0.11677237134294505,0.9053330469876896,0.49301083500635784,0.7397799682280971,0.8934677100384381,0.9214863137652869,0.28826943247274367,0.8959470456886431,1
0.1365109226575651,0.8251705912975782,0.7592915167422957,0.6211522194380402,0.04894180412592335,0.7157635001969017,0.8179088203684785,0.5622691969344602,0.7160481821320281,0.5127637668958441,3
0.06445134353609955,0.19521655677578015,0.3800120617535858,0.7919191188797571,0.6232636810060048,0.5202826553703435,0.6176682779236581,0.4205123743726439,0.9683116640181328,0.6983595130786079,0
0.8194965383946043,0.2669427144121836,0.5525547238282691,0.5022235860103673,0.38536742086189335,0.24390556700220783,0.11416453326339307,0.3970292505848137,0.3592958701201159,0.6166138991910813,2
0.28916092674023014,0.8744287863714635,0.9848536175682524,0.6068834453070622,0.020562975241659898,0.2587677538065011,0.2432774641473196,0.8072910318806407,0.09594338760385299,0.30266875157769185,2
0.04864509019748982,0.1343868596156255,0.8109889771814974,0.27202414077722037,0.053155075708115604,0.24761545863166426,0.6408135156474352,0.4287074102243664,0.281425878669452,0.4309699155053316,1
0.6015114149447742,0.4651728999594953,0.893311343774014,0.6652833532832154,0.5401268991116362,0.7895062038431571,0.497016371741443,0.2638408306754485,0.6771745336474064,0.32760092436948396,1
0.6139159422845615,0.3911727000416767,0.2647257776407098,0.3761974047672552,-0.24489147101074793,1.257745677480195,0.04223092371599807,0.32280531872026835,0.42564706484668335,0.6398314931172372,3
0.5526693481924831,0.3731277693398267,0.18624265775047028,1.1000334342613534,0.8629975843703996,0.531421725830242,0.7086732253601791,0.6447908320079014,0.7081452623569966,0.4118872198181294,2
0.6648415291905168,1.3707539864660048,0.45783786433805906,-0.508821979924761,1.2415686277682014,-0.08132064088845853,1.1643949392501614,-0.13156714477095988,0.7417328958393017,1.3811763710526297,0
0.5939189951305245,0.9342312810602406,0.0025227215238640428,0.053254320363875216,0.42282899496653137,0.3347504604964016,0.15855348336201927,0.48528085932543796,0.16618296247747355,0.9035893504927427,1
0.2956398447303377,0.5373722834930803,0.4210932480704999,0.7738889783176335,0.2046352821924253,0.48697437462084214,0.4729887002427986,0.12852195653504195,0.8040853911100475,0.23425300168836577,2
0.26364686069407134,0.287466037349152,0.5765001686407016,0.9605581833081344,0.5855643641831517,0.36889298350092,0.5758567563453029,0.20840886525681124,0.7020564383775936,0.9004892907027023,0
0.5376874432683976,0.40824638449720385,0.8986030118764157,0.7083341271562765,0.46662225653436223,0.8688816532851171,0.46970035595566556,0.34615808037343127,0.6383418043493502,0.23139657098373,1
0.6534474488150713,0.1964614854867953,0.1866071015051739,0.20129259932472132,0.6783619227728388,0.0632045317702506,0.5884692486241105,0.759390364243167,0.6390070029290831,0.5812059830609184,1
0.5344867079071292,0.6088217079169539,0.7143143766004746,0.453170899732579,0.3014743848676281,0.5793464151773563,0.09491489962200098,0.794084931781252,0.7486540757834035,0.14066347672611387,0
0.7249838599964163,0.6060468872506376,0.850332732115906,1.0544800636774454,0.7488155446546436,1.025884092400478,0.06111437196955849,-0.011193419339840416,1.1073286625876588,0.5991378258628823,1
0.43156828386831886,0.3859939323323158,0.9128287208798376,0.34485518902173495,0.2055198317354198,0.7048995293933515,0.3693650460195045,0.5589502054467894,0.9882359441903612,0.5861464814556065,1
0.692598046201004,0.7673715840472679,0.7821930815640369,0.3956242647111199,0.6639309149432124,0.6955758270487835,0.8817199914321899,0.11545274118376259,0.2884906157552058,0.31220779335309423,3
0.8546581631681913,0.5578306840426287,0.7508345672260655,0.22927625434307886,0.1638408415612233,0.8099915382784874,0.9498447055836245,0.7066871711090237,0.43723556458257884,0.7743538725098308,1
0.03795596679412698,0.22366830337824892,0.7046121388877628,0.011941961711467873,0.03438756728823329,0.27739240140622673,0.12768995059118543,0.8764046831284342,0.4593383002536991,0.2918775759529643,1
0.6100464982109326,0.9118789873001029,0.01794090732853902,0.06522718461778712,0.3847393624195504,0.33570830008567615,0.14229643863440464,0.47787523179090524,0.13834939512145414,0.9133815285903513,1
0.6713106664230712,1.0055232687369475,-0.0931464367870222,1.0987939725808358,0.5463810514624448,0.783291580899207,0.699456044013097,0.5498683983989724,-0.09055217289395834,0.39312340620503733,1
0.15057318617840287,0.34058208409826185,0.40671622046256306,0.9695278287411508,0.5065043796050241,0.35995689421902144,0.9285739213641748,0.43034352722872005,0.8866362537452954,0.5083163900712484,0
0.9723248219856068,0.5416608775465978,0.7995433335811474,0.05104903534931721,0.5167930322278244,0.6342294117726652,0.38523424616304136,0.16118558504886907,0.8617021621064312,0.9660260319437453,3
1.0415222110015183,0.24337214666254103,0.3433357023640503,0.039594105872851296,-0.08650306056937516,0.06123726435060543,0.6049780807551121,0.7778581971948062,0.10424351420688227,0.44447056225974657,1
0.3155098019904375,0.3651318573495514,0.35595432617814926,0.7829053032435938,0.2400271374625211,0.3266050556971693,0.44154784705722017,0.01376166996348107,0.9789174793573859,0.20445651500801765,2
0.16527783243527222,0.14556537856565152,0.24692759714363038,0.6663898409913067,0.5363988682143342,0.9989593679544666,0.985619914378731,0.30019655686543306,0.5863827409344744,0.38013286729518125,1
-0.005062933621322693,0.19639224171217148,0.20234544463979567,0.09313194897605861,0.6563159489694748,0.4177304657114511,0.3602774203664311,0.4764191075425184,0.8372525562060126,0.7345064246097622,2
0.9947357905901526,0.13847512168927376,0.38319036750480834,0.14647581707094615,0.00528723608589083,0.04676329335943703,0.537326717320797,0.7613470610297282,0.017334596652618987,0.5302925369300461,1
0.2710417528817317,0.11499011655446897,0.0946154316920213,1.0353057371773065,0.45542412848811825,0.6995327088479943,1.066495279918426,1.1117004653355713,0.25710219076163837,0.8632073257823081,1
0.8692372015072977,-0.06595554584251051,0.7604601326094753,1.0607295718278946,0.3979592085666799,0.24620811466678408,0.3858959771296857,0.2536002400745017,0.23516558218900702,0.43346442212817826,2
0.9844122711858865,0.08976751496568318,0.5049167937844538,0.1704250517995099,0.18585655809261262,0.02849372772797369,0.5708160880321255,0.5077388757296808,-0.13548840144185248,0.5047208982667397,1
0.603027071587894,0.8481426017409206,0.1704219963626733,0.09209298391559378,0.7928314005331742,0.045902667007976045,0.25409691480981783,0.3698558401434755,0.5808220217638873,0.01805549252899523,2
0.5904304128245209,1.003647878625786,0.2212562972459335,0.03800691278909432,0.8499840380733499,0.04038674647031578,0.3382362610094137,0.2857418584885346,0.4883976682904964,0.058123027080081026,2
0.09155470267505064,0.8423450676259808,0.39940306819700433,0.46335490260806284,0.5350614774138744,0.7227581629277242,0.9478056610391961,0.562441961305335,0.47728671045663906,0.9231843273174161,1
0.8641570584821163,0.4525551734650003,0.5652692180770418,0.182031865605695,0.3503307805408811,0.017013416077080373,0.09332584303303337,0.4413424142597875,0.8190381178142533,0.7552920313558915,2
0.908421150242913,0.5888223758662126,0.7556267471006329,0.08346802584294263,0.5539783702709806,0.5896222412766918,0.34068181020065963,0.15565880645503016,0.8424657491434537,0.9899718966287664,3
0.6466371185135015,0.3240619259267817,0.3456018022599936,0.968869132501683,0.27013073946895017,0.32428370206056134,0.44610120041762996,0.6566143769445391,0.6466792320957812,0.22841425963698042,2
0.9128301203785426,0.6080278335821913,-0.03729551249853588,0.9652234602123094,0.5064996806095762,1.0232503604418923,0.43296292893379396,0.18726162186610945,0.9612662278083877,0.3541980400401689,1
0.9345656022675375,0.5188487028007904,0.2603563600444579,0.8249817514588202,0.3641690462286289,0.70919033231904,0.8399840691218871,0.4693549455950261,1.0007627816872673,0.2666207740604909,2
0.8337236720766379,0.5730642197193205,0.694727125295682,0.20908897206779584,0.23359741742815737,0.8671527789514836,0.8870488646204672,0.7135007614533464,0.34089520425030334,0.6587170099072017,1
0.09496938454279341,0.1738980890076973,0.30635760893548625,0.7241817136767649,0.44926440010418145,0.8770446459471196,0.8066129440308514,0.3806177104736918,0.7073113582342299,0.477054871217249,1
0.42515369159033867,0.7831158326998116,0.9716909758695271,0.6103842377648634,0.42611825237364065,0.46124781356732447,0.8827363518690489,-0.11602305851871522,0.44605604429080237,0.21086711121274607,3
0.4618870855066924,0.34010073303710864,0.18570483148766817,0.5998845544777579,-0.059919695180150584,0.2494228212010427,0.4520462388940971,-0.08562540194572632,0.7839552230234959,0.04251445252245789,2
1.3662247380701154,-0.16165986020714201,0.7445430979316298,0.48927574376119304,0.6809809626640089,0.5037743760907596,0.7326771192876189,0.14627044239074827,-0.2223647781975162,1.0452832351588683,2
0.854349687491421,-0.3630881870542313,-0.6410829562692113,1.5672378720647093,0.611742547437944,1.3914703245795508,-0.5024685533308354,-0.5489319664542073,0.03255247939989331,0.1567471812290222,2
0.32448780406706984,0.26954252670483764,0.163314650146801,0.28224809951765606,1.0805539493056378,0.07116470485915163,0.8225225198196215,0.9793110463877721,0.2283297879523747,0.5463952806805459,2
0.9842179787700166,0.8067095277596809,0.31517409979330024,0.07753011839660355,0.691925591305596,0.9326439275462932,0.686460532625649,0.05940791491439455,0.23524643718753874,0.7620453895571958,3
0.4958408273122907,0.15659946308054973,0.28722388173516034,0.7261835484467768,0.6955726825849319,0.7745318604134648,0.7675093552508125,0.9061769420952126,0.40448894225847076,0.922106628583207,1
0.43917311848445884,0.7090645606789049,0.3471958800303932,0.5553076273140949,0.8076005386372084,0.04384522617404654,0.03854985464747168,0.2647219917272925,0.5820104755794183,0.8313032401928017,1
0.9032481656932783,0.4591215393133972,0.23637914895499146,0.8130615460170695,0.2927023110621547,0.6480269405625957,0.926599615536142,0.43917564513959845,0.956367493129732,0.25050086282953865,2
0.6216252394106775,0.8458228443095864,0.1623039878847775,0.11617023577608059,0.7783839404034141,0.045666545099430134,0.2297552048231552,0.3713781007694356,0.5576152822207145,0.04238868557658817,2
0.32390332181102455,0.7396313788586769,1.175746639475797,0.38570248298838483,0.7013624443053577,0.5004494509863252,0.7123458994236782,0.7257056726894899,0.5106015652269739,1.2486533604738528,0
0.8607145786536068,0.5880365173413313,0.31649829171497723,0.7005060339300796,0.778960674219218,0.7244109634762956,0.6533655027354748,0.10496118839917996,0.7493564436156952,0.9265586569264692,3
0.7011552028689719,0.20950622062029947,0.36396490782460666,-0.24378593368969786,0.28381417459493746,-0.24604121366346327,0.591977160783379,0.9666584807416145,0.28976079249469455,0.5864846585075292,1
0.6801189332277457,0.7199472666041004,-0.1601285064071396,0.28104242592078854,-0.3902724172398985,1.060737634397638,0.5989052105484672,0.4689843767362929,-0.34717770214838156,0.27571133315505747,3
0.46703301737883424,0.659001870367444,0.7622818175008085,0.5444058673412269,0.19550227431568695,0.5833886270147749,0.182068916134542,0.785849629808123,0.5128340993723552,0.1560647388422514,0
0.9730181147229483,0.6084130874350826,0.8005810366136862,0.08637390184640237,0.5344002699708649,0.5902822734450502,0.39493960150593466,0.1802959584039028,0.7808837428297356,0.9834632661416649,3
0.5844103422284098,0.8816312306506481,0.20866295907789495,0.12460105864365827,0.7785634715716389,0.07119255723975115,0.22496012038666777,0.36957375637975426,0.5432338758138606,0.012121546440193764,2
0.8731197000856644,0.6745279501312937,0.15150076002748664,0.7931613106822873,0.3677836525596532,0.9585146123027826,0.7220306094305535,0.12975128846998266,0.8296037747793181,0.284610710701491,1
0.39062689015039664,0.29401114400538186,0.5909020936567746,0.5267300144115634,-0.14949683064382174,0.6962304514969246,1.1434093190836707,-0.10368950903862251,0.4430009124061133,-0.35344426706451704,2
0.3176210275783578,0.43318125517369355,1.003118548803399,0.6125458499507085,0.3756232141171663,0.7592114371937315,0.14719503576068707,0.6291312389500531,0.90991742702429,0.41175949017356694,1
0.3322560804258631,0.8648850008682051,0.9840716478212215,0.602129074944357,0.05010374019578751,0.23765925203109226,0.22760161069073712,0.7775141134495396,0.08494500016638235,0.2860269574126412,2
0.8625077186884716,0.7507593213381639,0.8797732832621243,-0.19648605493467186,0.388756659720495,0.9506803242574544,0.6412884579842377,1.1459903944728653,0.5920770568255775,1.2573701377011999,1
0.6690446734405004,0.2560200446675059,0.3839786063650377,0.9497149711232677,0.13290813860709033,0.4817197028626062,1.092671265320674,0.614588226400401,0.9292369317570452,0.22126473306643557,2
0.37760547182441817,0.5404660830490348,0.1221178087166552,-0.3344328823338416,-0.19259436439875766,0.43700503865701673,0.6553780735487925,0.8941778000924002,1.461761770387,0.5335306793686178,3
0.9970128179973634,0.42244936862529314,0.9315281677375208,0.17493213834966465,0.39183944599968046,0.7692446193271599,0.8510120682155472,0.6849128441864111,0.5166854127378065,0.6393608283647789,1
0.7873495381701706,0.8887785324351869,0.07706273676997931,0.8660945155557663,0.6817965642813838,0.9955274490971481,0.5942787642912706,0.5799796607728152,0.06681563319245634,0.28704776602760124,1
0.10526381035903759,0.8358629341761993,0.36410785625652686,0.4765734326661872,0.5381751120749078,0.7562717774580776,0.9410036805844892,0.5952393698620079,0.4311304091347716,0.9582547810823191,1
0.6887070091330588,0.6312438639575251,-0.058528490121942445,0.6126156364113571,0.3094263869044599,0.8542971629110269,0.8753311129137088,0.2536977741278986,0.6949173491236663,0.30929417276853577,1
0.6428258512692268,0.11539392012142745,0.10442885710745733,0.6234294817865433,0.9037018593090558,-0.11850988713860744,0.9868634622858448,1.1582241131178648,0.5422673282292654,0.28144591891537313,1
0.8532042554190299,0.3769295497020676,0.6765081212475942,0.45189806416836537,0.7521381402664216,0.6795029446009444,0.5782159126927535,0.3238396156996,0.15502641795721647,0.2895971873834526,2
0.6304683676568855,0.8418574066586291,-0.015997492031888272,0.9552993207562476,0.2952663348217569,0.7579880956656189,0.5649050568082268,0.269542222363255,0.8707932559235905,0.3726966915779616,1
0.8206127152045659,0.1472212110301651,0.3297060305360723,0.5757332371278459,0.3637389081086876,0.7610965803945227,0.8535340383887442,0.25816986099571787,0.5608695244647315,0.8969397785387507,2
0.27416793471568307,0.5837242549507083,0.3273791525882951,1.0807449119589365,0.2608048739211156,0.6895097083484549,0.42544278999095614,0.681062201663645,0.18799953597234823,0.9222042126788551,0
0.9350985285986814,0.5994794595007789,0.7588371301698953,0.05320740626244708,0.5270350059561372,0.6076375661787212,0.3919486704360344,0.2130926096922418,0.8168551659688221,0.9590012677876986,3
0.9177884791366029,0.5882348510596715,0.7673871258869147,0.07313899439914698,0.5306839695255623,0.612129914903222,0.3750424296144873,0.17883560093032713,0.8272665245852461,0.9916074759412454,3
0.23792777926643086,0.14094476760057228,0.28997486775506787,0.560637243652111,0.3590202396982529,0.42364909523430794,0.6404975751719892,0.26165704564122827,0.7683418045042149,0.8193909729285812,0
0.3031947503910365,0.9033809386107198,-0.04399974442030019,0.2165478461340002,0.8556121097439126,-0.012432111124958053,0.34205006010174765,0.30300774124509866,0.5570034861908182,-0.01939106144869332,2
0.02947964825331012,0.23564372005280437,0.6976604595595585,0.01504412526252634,0.031383244138658103,0.270641840399479,0.1246013658302408,0.8653348161393175,0.4540309725491702,0.28330511872785663,1
0.5915949956056917,0.8049670724654612,0.6330094275032483,1.096541504209227,0.1798646235930035,0.40208187274850893,0.5778514551547349,0.29302610727479295,0.7136504841871205,0.19858289421122133,2
0.6006980881055728,0.596168123609228,0.5734308205181213,0.5893358031345811,0.24588541708853429,1.1392643492427283,0.127248602360774,0.28718655724234193,0.17847039176993268,0.580979514307247,3
1.0045011884693116,0.11687040512710148,0.442546177351836,0.2434309557359941,-0.030466495934217817,0.12836241802642687,0.5175710031805475,0.7963100572108327,0.0914795200930802,0.5882773306898829,1
0.27134890095621067,0.8603720697837667,0.23322834700246986,0.22550229405797706,1.081054245872934,0.7004459475148986,0.2542676253059115,0.6213540995642698,0.6592643656784097,0.02819765196312777,3
1.0575154717383004,0.5962951231614907,0.83528194599914,0.251633354037346,-0.08625915713844731,0.953584728158454,1.0465587160068588,0.6307548635717001,0.32022077803567944,0.5493665575412153,1
0.3909250589629301,0.3495156975994447,0.47323237488682046,-0.3716956686868093,0.8964845163028162,0.18434521470131304,1.1562556666375294,0.9081080750947659,0.6535265445179275,0.5349886069480257,3
0.7297296518585892,-0.27528666959062875,-0.03715075394081818,0.5049559782264839,0.3015064520362381,-0.0014878446070899567,1.1551291375259658,0.7759309554834347,1.0341741397191475,0.17675925028679307,1
0.8076503168908005,0.5090408072166754,0.3598140733563735,0.6952496957346039,0.7651186579931498,0.7577795801197548,0.6777989960119065,0.0514964000430381,0.6985473389254842,0.9456930981340198,3
0.22182046533046942,0.9632952703240509,0.13272878032268975,0.4101263046673331,0.6934161969142091,0.7015533911858324,0.8863158248777402,0.20706978409079435,0.6722517458733654,0.8327019443561533,2
-0.08100494151271354,0.6052517723060631,0.40492048213154347,0.2555668334269803,-0.3300129719742721,1.2468527668045861,0.7024648239536817,0.2853230685528307,1.1219954505335084,1.329462078437793,3
0.8857341498843387,0.5662136722064308,0.5425512781070424,0.833267644929564,0.5880424064583779,0.18063716452220105,0.40544083614641846,0.5074165610247039,0.10995981557649337,0.5805992393529158,2
-0.08969540829004241,0.8410471631465806,1.0308665484530122,0.5436916615126552,-0.31501467807557393,0.5132777015556583,0.6538523026200109,0.4547954619697243,1.0688763620484263,0.42057728033209524,0
-0.04002434858087578,0.8587348978228788,0.21318970083559968,1.1534943152747426,0.49691450651737706,-0.15464439328784185,0.1018564251616898,0.16030859444707407,1.4176770627054174,-0.15865046062724125,2
0.04206020095634938,0.459642105241207,0.5043457072419587,0.78504154639786,0.40516581374527527,0.5478720257684536,0.5487502996339911,0.8405086170723852,0.36904903457251975,0.15336156219754907,0
0.626275084618005,0.37311798294022386,0.14764096039415556,1.0049449711796519,0.10372588774560969,0.11707572597112115,0.3438011406098018,0.8693224603318774,0.9734066284830243,-0.14721240509006328,2
0.002276232784728452,0.07110265117892449,0.7270252271719777,0.2552754925517313,0.049389148454193524,0.317975404260125,0.5782831707552517,0.35373566914213234,0.30004926653254094,0.46081977759402776,1
-0.13081684369389313,-0.3126828215678711,0.45009768195550737,0.47214325903837884,0.521986284329731,-0.26076974754367566,0.16686512644237772,-0.052252027844518656,0.49768984318696885,0.20284922669355526,2
0.4213661244130714,0.6130044022288689,0.7927364063151685,0.5195091754602019,0.18629876116275265,0.5929745681456808,0.11921614798732036,0.7601873316447592,0.5035065931757738,0.14710032333774886,0
0.6929028777544485,0.3460108901520935,0.6794360669637227,0.3248217491363847,0.7515157296794188,0.5644410434769914,0.6305674922945008,0.3185019491230888,0.11598102275862486,0.22393134266220385,2
1.3174863981798417,0.2721582671696053,0.8076443244562679,0.8016998158250805,-0.6195747615837065,-0.5623367436937596,0.1591345788653487,0.9836811553724502,0.39518509870017404,0.3308997982915532,1
0.17112586187205003,0.2767171420770037,0.23833578240236225,0.85627688755278,0.328520981261195,0.2587838411536365,0.33076246404024384,0.24805366274502758,1.0451027791932004,0.1292525480247794,2
0.3358222972665516,0.5381230836655146,0.6369182613332243,0.9277107557736909,0.7623855909343156,0.6976253561700165,0.5174569666594634,0.1260409225676932,0.7061876525665532,0.3585571306772731,1
0.7136555110146138,0.3916184084654291,0.7072524163426192,0.3324930209959154,0.7097272288302593,0.5518953930183198,0.6487281483975083,0.35313886366084396,0.10788144296697887,0.22183948404205064,2
0.7241906728647245,0.8960545302375648,0.08725510644155705,0.9050397825034575,0.6853134836444232,0.9993194567505135,0.6338394617351806,0.577202928232535,0.05569866885894687,0.2590971666514591,1
0.40616194654931503,0.06871694655246352,-0.04190371961406708,0.9862727707997884,0.032860912606558046,0.31832638714368783,0.784171675628508,0.3094846003104577,1.0104075103012045,0.1256245240664688,2
0.30553683618989097,0.8916934072070865,0.9859465374349832,0.5748104106066095,0.06463767770632882,0.22068850121273365,0.2212107497344353,0.7835358142178998,0.10737039907755619,0.2787279781405794,2
0.8882094918947723,0.5289376582140876,0.7361530864211911,0.12219217173021843,0.4972375004705316,0.6416572565580841,0.42494915855724824,0.13902743773163817,0.7944298293440477,0.9832386193237119,3
0.3880084833688747,0.04502801058796589,0.08737228936241526,0.9765922288648676,0.5519386594147184,0.6327393412626735,0.7934623887758236,0.9070505454520896,0.322961751227428,0.983414194827097,1
-0.0663964015111016,0.8007555553776693,0.29408363019121225,0.6341389580556951,0.9159254609079265,0.7096500352772753,0.9225835085151715,0.6598201055896231,0.6642160304277654,0.11280212938114277,3
0.462352223753356,0.9309932895187927,0.23504044303032529,0.5191946040321359,0.9002078998936898,0.15402308555188912,0.0035171274384722465,0.1890862949045537,0.4421008714085799,0.8446527376747166,1
0.9461568056509969,0.7525394326169003,0.1536972213183767,0.7648629294386321,0.35508459011138743,1.0402908941731608,0.674807979294346,0.22639977256953828,0.8359489250103466,0.25037047726321204,1
0.42702738088269565,0.9946107441845624,0.9390835135382347,0.16117126452734415,0.6449390661842682,0.7603570857162016,0.15918163500313834,0.36506490128819524,0.6069323415771277,0.9066005785385887,3
0.7472386757898366,0.4353292498138985,0.6800778765124024,0.37586384729830885,0.6876238436043833,0.5307419811938139,0.6294783567192915,0.30028190921136766,0.12815960516626948,0.24149455586681312,2
0.730707084714239,0.89287091199409,0.3494755560044582,0.35805386652138443,0.8958631140096905,0.27998807895236677,0.12208000307571218,0.3567631275063556,0.05000412432025913,0.20395500398956376,2
0.7048246653724811,0.13818170424669132,0.5614705310279178,0.8718861614525348,0.3389536215023393,0.07098806641964145,0.5660765958691688,0.7226519073322012,0.7529861551730543,0.04770224314085686,2
0.09787506460209264,0.4023491011889315,0.4209977348023468,0.1084572910439738,0.5306852258126572,0.7558734017343172,0.5012996020834374,-0.05685462288004217,0.4075641665066345,0.5473128107253998,2
0.8761431235657972,0.5590492472475125,0.32259257323319884,0.7188258098148033,0.7840950937478167,0.7452154993550366,0.6706085926464334,0.11582784242221841,0.7880286738779626,0.9173451221588177,3
0.4992616602069541,0.06375329385876644,0.6609912062899292,0.9711213715382404,0.5355515077090063,0.10550665890023608,0.7748942842077389,0.12994206293206761,0.48819240843197304,-0.2728929296940065,2
-0.020018905967543854,0.8351015241848871,0.4667589766715839,1.2408530357393202,0.43984326769027726,0.11981917071098741,0.4130077194114218,0.9264569743148056,0.10293851874193238,0.3975688540922736,0
0.571462796691459,0.31132307256561154,0.3175459260756499,0.9651818690854512,0.23088189906424636,0.32230400622584215,0.5092644926061158,0.6140569463166904,0.6047850036589385,0.1335472407872046,2
0.1947453070371381,0.2669290132299665,0.5957818988433675,0.6056489951368969,0.4282933182568245,0.36784281012215936,0.5391606255200424,-0.06832052214250803,0.8666367340331527,0.26319765809248447,2
0.8893849556555122,-0.06699938487360742,0.42609699795921285,0.4817309326836314,0.6575630173415873,-0.059818706269471,0.8796485662781157,0.6472495100565216,-0.03977875598123938,0.6837252907398044,2
0.07678711643316977,0.3796725414774793,0.2999135907553221,0.11347366634167706,0.5035175609240413,0.34041612536602306,0.19787571258758382,0.2875745215742264,0.9295059806184706,0.8030845000491492,2
0.6811208281216384,0.8294254523620239,0.261484692519394,0.13476605864708735,0.9492066416480539,0.10243464697041782,0.31525024028445414,0.3817698225629376,0.6042486374150359,0.08324173849777412,2
0.8747656889994606,0.8639947352740738,0.6509981685827444,-0.027635413507462958,1.0832555259663947,0.5538303822951735,0.47045205700482334,0.2688627352419035,-0.1193654040443547,0.3940052411595264,2
0.7202573312479191,0.3970687695622405,0.7277343637223578,0.35300337956581507,0.693561705633741,0.5626347038871363,0.6575490877390977,0.37589706782836546,0.08707983291067434,0.2413098727109816,2
0.6436068092652873,0.7056284639058492,0.7673563469679698,0.4378408179705471,0.6415601844537087,0.651484457798866,0.8655509603302752,0.07585146360394061,0.19638079509646086,0.3299449065195501,3
0.6854931392750363,0.25031047318358024,0.18605400616403484,0.3114049297029175,0.6419313936933988,0.0872373557217494,0.5593388077420728,0.7199262090560737,0.5640562155821286,0.671234450805943,1
0.44387484499361785,0.24844814892301192,-0.07336446042397302,0.9887160780621994,0.4159801562234489,0.579037979157392,0.684448340405378,0.921898481691765,0.29154845132606105,0.7426928229318162,1
0.14661653232854943,0.057222385439099396,0.5885538057061646,0.8092805518086174,0.656879238956861,0.48363812119593946,0.5170187230426462,0.39106850785695746,0.828250275952796,0.6778311401685755,0
0.20136125009192724,0.6857747879575485,-0.09050933836182472,-0.11865786394622707,0.20763748127893566,0.5881824429119429,1.0757119207823593,0.4104209635361932,0.7177782546958031,0.9549787756978905,3
0.09128257607327858,0.8326792188380296,0.39127980227701853,0.4466496912027035,0.4942777716993697,0.7088814083242273,0.9641823418921859,0.5645903340656898,0.457293468805161,0.948064702659499,1
0.6494796990687157,0.37851737810479635,0.12742257449038774,0.37752720490484104,0.3255331951316189,0.10144988461576432,0.2012597187494126,0.06435814113523107,1.033131463959512,0.9887497791971657,2
-0.4856134044271714,0.2602651594985432,0.9657583271706176,0.16788442674908058,1.3636226211513538,0.9472179023242995,0.43280991531973106,0.946529071864946,0.48761515551149925,0.09755560827012733,3
0.8199509761733579,0.47776425167635816,0.44039113973504446,0.07971585501475956,0.367471826466422,0.24856483549653346,0.47366615160953346,0.8490926673198238,0.31891543269592815,0.6226132513920877,1
0.5610079850937657,0.3592614166989705,0.3919047195297372,0.8760710222409599,0.16180881899588379,0.35150646864555163,0.509166782124177,0.7402852942251339,0.8158079719714562,0.3022239077923488,2
-0.3679178703491509,-0.5277744085506679,0.08925245774522389,-0.06517983889368129,0.20718669789163424,0.9980244198889315,0.20673440508698948,-0.24537035727747225,0.6010902620459996,-0.057140321058034294,2
-0.13306286311222978,0.4768434123521166,-0.049676941858042556,0.8773535224826662,0.6932081512947312,0.8841654347223118,1.1146835694836899,0.8523288172636052,1.160906845898321,1.1501820718825841,0
0.4181709120310328,0.05241277861603083,0.1563870159212739,0.9365714720985405,0.5491846936957949,0.6600906450188102,0.93073720417901,1.0528307200656548,0.41492188255860474,0.9574659085182193,1
0.7294032582262662,0.8345310853244271,0.07937121399341804,0.9235764431735439,0.657271653674876,0.925336367672858,0.5885432809916822,0.6003061166382452,0.07501333834493902,0.2311899332447763,1
0.9415843856523142,0.5678987688337921,0.7696605035509484,0.06273067995593277,0.5518582448614265,0.6203844218958194,0.3722022962835433,0.1820047452751151,0.8259866571588668,0.979745281825087,3
0.8342112426196537,0.7357774387015452,0.15483310986320695,0.787049965638614,0.38153783124585144,0.9389536598445992,0.6872957640053041,0.18418191071291962,0.8039965207270301,0.33766978047945967,1
0.8770182458209133,0.5621718430219139,0.31029189881342073,0.7281983922325981,0.7903968308771845,0.7390717107761565,0.6825172979194547,0.10061309668959866,0.7799396486339686,0.9326268785390267,3
0.39983931936672823,0.29344115452024433,0.6927792889997777,0.41653843283095504,0.6206597176355761,0.344504182155555,0.6003535184074233,0.20897142057435875,0.45370665465132787,0.5521717412071367,2
0.8501854813542234,0.2604880604967028,0.5160693803906978,0.5304755777785218,0.3598550965826494,0.2186017658868488,0.10035250777990895,0.39177431927884987,0.3582644983283384,0.6063168132488894,2
-0.5431952242304812,0.9730822103434567,0.33361158467494945,0.43546174536467247,-0.09836396652483848,0.1663607027211489,0.2476635729458901,0.48301258250728324,0.7131479752890217,-0.5224345188216483,0
0.5718618002641471,-0.3721794306959158,0.44404363736856867,0.32218035110251486,0.857774144680633,0.1550487301812382,0.867556644978359,0.8725318181543782,0.3949467014828715,0.0002025185095173021,2
0.36257756290175625,0.519857509258107,0.8864515071359,0.4964282975594114,0.3010637439536272,0.7926394050021455,0.2712366366908112,0.5623885809030087,1.0051739481277473,0.6057196404487715,1
0.24059414263639908,0.3952663661948284,0.3810604501327561,0.8107640212470205,0.22333551132944834,0.45169390500442735,0.4479249389191803,0.15041184695110815,0.9216824059302192,0.26520961649885644,2
0.4495040343966402,0.011172632527215134,0.6935251474540871,0.4823112043637147,0.3650280311344729,0.16435275489150333,0.4712950732876826,0.4108301181580843,0.364772057993657,0.35623629971911897,2
0.8099692207236311,0.6276670942823263,0.07355286243926461,0.8116362028424451,0.44027661767563414,0.9331542634934445,0.7242902282137377,0.17241905950142683,0.7779491747624931,0.29376736178210733,1
0.1673008472373481,0.30982676741725623,0.4549259876398152,0.46719659580725914,0.4514173021369567,0.7486182129800372,0.7496395981823663,0.2012221641755984,1.1343980320643798,1.0111170543409589,0
0.5420824540163088,0.8146994851151057,-0.17277117654487567,0.040303327810717535,0.8823107756915818,0.3679819883839786,0.5109146729103311,0.5981162194039377,0.5239769634235386,-0.16606302923983182,2
0.4796346395997751,0.9818384129270004,0.1758062544982615,0.21179514455139337,0.7522370001376895,0.05042458086048619,0.2793045781423683,0.28633488367704857,0.6958749052789206,0.08297385891980737,2
0.6086182848725659,0.8833843083647425,0.024741836368029704,0.04534247899813859,0.40607513548290997,0.31678277595334964,0.12527265006041943,0.5007108347001515,0.1364753712238245,0.9120736295314428,1
0.41931939736255675,0.2963883348549532,0.572350015496364,-0.06158117573602659,1.220348347040704,0.7394497839385221,0.44543603194809855,0.5937593193244003,0.34232565980331947,-0.0361278180058907,3
0.04015012057156726,0.2499801484957208,0.6953955418827048,0.02372169664516125,0.047516794718789016,0.29120969360895754,0.12273000703702568,0.8779713072626855,0.4492746940594506,0.2971309481092941,1
0.757733802507838,0.26972677436287246,0.5808115503280785,0.5375885933824877,0.4233135318378703,0.20839856231506268,0.03713462704167469,0.42860300804729534,0.3528656144924717,0.5720365641314268,2
0.5870306703558895,0.7172724441584861,0.8283558300307604,0.450419676404684,0.635183452879195,0.6609152202448044,0.827500973325795,0.08954993190343027,0.22080684687783275,0.2816609710740575,3
0.2033521824806142,0.257618422504192,0.47884713171113313,0.8614636232445857,0.7127085561084173,0.3721356679956218,0.8043122060405199,0.47860044165425414,0.8730953343095996,0.7875120263062887,0
0.0029103071997766614,0.7651497186942703,0.24381261225002795,0.4662929579787044,0.876882427758765,0.586458192270375,0.8904200540766137,0.6674885442547306,0.6120089990848552,0.01799840680944454,3
0.638402757934975,0.48053625830261115,0.2860587215602025,0.35881022319234995,0.6351915670849898,0.44713558198279924,0.15093058084406522,0.1785542196593428,0.6506935194968668,0.623459332844963,2
0.6022286364363307,0.5727366829491325,0.456597114686177,0.6416413703385928,-0.026575655839405937,0.2981962208422023,0.8693702066662335,-0.3005227388564945,0.9954258247608877,0.20364673477805986,2
0.9652346112921326,0.25107735482351834,0.4699059844373105,0.47213853882219387,0.5718457208296455,0.8546079072968154,0.19751790599481406,0.6368722319343161,0.8468238175583187,0.16906914724287186,1
0.6134076866348779,-0.0855206906019973,0.5442503617636476,0.5035732160812054,0.6761221286254658,-0.056941301629603314,0.434223772101694,0.45422411176376243,0.9837461393956087,-0.1896781421741386,2
0.2862565209798429,0.8456530161064841,0.9829451065346688,0.6066818553299004,0.0034251471612142467,0.2073005546190661,0.20060884597292544,0.8432587321122034,0.09307142505284607,0.2604125997229368,2
0.6264633718927298,0.7324245091849169,0.7976369480235014,0.4725092965545973,0.6411627481132778,0.6389537508045882,0.8598075097958688,0.05542756151662744,0.1990117706962637,0.334872954337222,3
0.609987993422979,0.42683638713890626,0.7725051228048821,0.30098750492791815,0.5462204328806343,0.5089936890933462,0.8054912310197702,0.41750967600710437,-0.14024464691275634,0.3887051251913839,2
0.5120113613154418,0.19485458284997895,0.2852611619403257,0.7115443452048961,0.626863269884607,0.6879736133633491,0.9523598477135751,0.937400904862729,0.3460614665440092,0.9693399018184912,1
0.062403410358811216,0.03290024708577634,0.7621926100449125,0.34172000933277613,0.12768641375943302,0.29328548338589516,0.6302879394469162,0.46273435824051407,0.25331328382697965,0.4903606407275157,1
0.16078508616686127,0.6973580407295918,0.42855809628355446,1.0720019235572342,0.25482485055713705,0.2309280043291892,0.6762364254638398,0.7023822042455341,0.05290305492976227,0.06586101333082847,0
0.614184511728325,0.025310484184858373,0.7978259481491997,0.8148472827510291,0.7792812205620866,0.42833843636113683,1.0375493068568218,0.6137972864038805,1.0160354370482105,0.9980539677278899,1
1.0288199310152686,0.8998555178966294,0.35963336167060106,0.08459964009218268,0.6780105293065315,0.9574728802477632,0.6938960940148691,0.1495676402934703,0.29343634252023515,0.8734291494089941,3
0.2767544174403474,0.8784284104389268,0.9595541204028613,0.6325605986880263,0.0472381773056356,0.2632491204463312,0.26584231474771536,0.7280171368520215,0.08244568762182297,0.2912110961631061,2
0.29543519726809464,0.578945120260816,0.3419343397902832,1.116857142166856,0.06675938122272704,0.658310203985728,0.4788741450042854,0.5882791241102326,0.17958990138945694,1.0048274796532073,0
0.09570075780810813,0.7815362233834271,-0.11459819633774634,0.4217037644133048,0.8105908848770345,0.8715302412640589,0.8791924073375833,0.24269712302405644,0.7447063217232758,0.6942007431967359,2
0.5638667518092515,0.005506533012578203,0.10173033531592732,0.5121923479883932,0.27225878361309797,0.7914459165472991,1.241636287360161,0.6026055378763266,0.248941235996114,1.1518489350873202,1
0.9874605963707066,0.6233897685464522,0.2166247259648411,0.9365224503686598,0.27640252875582344,0.8149123746164,0.7852033354968914,0.5730608677667335,1.002372661251799,0.2931752835931359,2
-0.01364532694587222,0.7608202838781386,0.31979302351446853,0.4955232557656082,0.9074487619820151,0.5071258802219837,0.9745859708568338,0.6196360213200816,0.6171371639279892,0.019242963069142048,3
0.600731015505939,0.17061710074705627,1.001448210671694,1.068768541770729,0.9732144805181797,0.8753212458829234,-0.001983300071410954,0.66520049967254,0.12251152651173414,0.2603040534203051,1
0.13570148785508926,0.010888216292885495,0.037341250508249796,0.03565772436637103,0.6248125351304116,0.3625773681517887,0.40823073916683167,0.36869548437520516,0.24559126104378737,0.19063674826822938,2
0.05098800706175164,0.1410446092297617,0.6989873348678355,0.30860937234403524,0.008761353225260164,0.3114099887305758,0.6124244683736281,0.35637578365181005,0.3641990482048022,0.49359047153121705,1
0.40438689791085414,0.7976310083335683,0.2865202925223627,0.34143276777744014,0.7449024059852841,-0.0968298912785302,-0.08447994731451865,0.35966410693854634,0.7488638280335941,0.7824810674404981,1
0.44757285532138846,0.36632383314948663,0.4272462821251861,0.6559060926720822,0.24940825666956734,0.41743309081044017,0.4644168060301034,0.11448001028462362,0.8292246481504154,0.1135435775186989,2
0.45084546050245367,0.8395383649817046,0.36109564919323034,0.5705378406634181,0.7320265338414528,0.12108235970782391,0.03323613645256959,0.2365076412820368,0.5155016243478185,0.9548480462445903,1
-0.1357965806291882,0.3449931801637446,0.7211145236069395,-0.11741266386536789,0.739937728300668,0.6985124537577996,0.8042541750876563,0.6539056584677423,0.3118229376399261,0.035910280663812806,3
0.42122355015439866,0.6670484289462695,0.8265133732503853,0.49255919528349457,0.15391888677985233,0.47458545886827946,0.22020026267775666,0.7907437225804426,0.48657536022782055,0.03626554137089845,0
0.21819453060609245,0.8773835503373185,0.6563300810072914,0.3312414551180806,0.8986583610078296,0.6558148459557527,0.22413977736168905,0.5708306362475413,0.24026254762091112,-0.1686454887732413,3
-0.6197056466489,-0.7846699902389093,-0.22871729775777616,0.538448968503786,-0.3770469199099854,1.2188089279665033,0.5236861755530228,0.6398193272448071,-0.08855970914095862,-0.03491871131416835,2
0.23853329985615043,0.6126759192157644,-0.057417145548541125,-0.030398194724618556,0.1482585284291248,0.8366066551468399,0.7092714892366007,0.20191472146357825,0.9341323964473452,0.881775942520973,3
0.4115297194216332,0.8035343961656058,0.47585377877890095,-0.31079758912250965,0.9499656222791106,-0.06616606241393534,0.4852545659406068,0.6458079910411868,0.6840399404597212,0.38846689511001725,2
0.6674705019084416,0.8114005158375597,0.02963500002612357,0.8812868147722153,0.639745188057188,0.988342158062699,0.5379823850618833,0.48465312046065756,-0.00643745947507203,0.36093573568130105,1
0.32444633454086297,0.21366547036517686,0.2854817607288352,0.886835288726445,0.269895888540137,0.6165049806415479,0.3483181478257926,0.8290815104509963,0.07381069000520618,0.149127018799063,0
0.6752840646032182,0.7949033970555737,0.2760605136994444,0.20139823796400044,0.7116171864580536,0.3410645932145595,0.17597599466976901,0.4104527575488255,0.06924780592199761,0.21747125360504005,2
0.4815823220280954,0.07159318694755203,0.13348838768149923,0.8795119761278664,0.5499654360533659,0.7231780566336456,0.8850355321348459,0.9822051157996324,0.33699057657335796,0.885152700011346,1
0.10532385554018911,0.6138153317764053,0.46288235029503405,0.06545020832342141,1.0362238802629575,0.7706715571976168,0.5562176281267203,0.46808546718721045,0.37156375878812825,0.12225747882313107,3
0.08540359950985554,0.05645914082826821,0.7320928609918426,0.30032723372872927,0.12212880540893815,0.20869700207496805,0.6462994789607924,0.45497017384249205,0.2610863896929463,0.41547409416653147,1
0.9925306421359514,0.6694687845846881,0.05026704568780095,0.7122283382690157,0.277918502749713,1.0143406729960744,0.62011024299857,0.14329532689213292,0.8535680139160148,0.26019020505441337,1
0.4759759021118196,0.5846236888600677,0.28450907022346794,0.6026954627846085,0.33197819787854976,0.4463566074141019,0.51695872177436,-0.16020099172098387,1.0795595870471095,0.3111034056522545,2
0.013392521871027137,0.2389109290380016,0.22684595440228203,0.7321558888738907,0.5722306750999178,1.0161281636674284,1.033676414391993,0.19835808262625934,0.5674849598749689,0.4297877423099229,1
-0.04516299413401753,0.7546245420368433,0.3846911339506864,0.5993982243691338,0.6639885223797044,0.7267768049093407,1.0061111031921777,0.6894144718400947,0.5958564412757857,0.9372221274173358,1
0.39856419864959225,0.35914388885182674,0.4473815707873864,0.6889612568061716,0.1817418192148899,0.3111956762247261,0.502945230296476,0.015887765471999875,0.9228416390616182,0.15599508461804185,2
0.9613619714070661,0.23107674962929214,0.4131931505679304,0.4525226969104561,0.28588790733680136,0.3279044005540009,0.12721285622606107,0.49324534129966635,0.4261369440470957,0.5452625096488076,2
0.4950277647227411,0.0037776176464883694,0.04425549021748013,0.09353376011094501,0.9446189073717655,0.3925188210353619,0.8151668686621101,0.1876431065993231,0.1462686136152535,0.5476508988558757,2
0.7714727599424325,0.8878198969136128,0.09287372302882689,0.8744436990528933,0.7044712566671636,0.9579835447011517,0.6274214261304386,0.5433256506993627,0.042970788903072155,0.2701157987057471,1
0.44033933926688884,0.4473677235014041,0.570622569266838,0.53271697224354,0.41031018057680524,0.254849320461882,0.7153462495337807,0.04438052524002256,0.39133036562175366,0.008512413672475183,2
0.6358977722740166,0.7402416415734069,0.8028384763763969,0.47108328403272115,0.6454250252519703,0.6180743049598401,0.8648630793444206,0.05120151527191416,0.1675911703273807,0.3391198520346813,3
0.4867176704456191,0.7842208916443445,0.25954472037635906,0.5343386922979383,0.8469995315386109,0.17414232420639003,0.07884003127670115,0.18195735600697796,0.4890695945282386,0.8666520398184205,1
0.7565150977672256,0.9073111955633866,0.29749661572718383,0.3627456897609537,0.023204230244686375,0.9563350426215964,0.5623926870170434,0.6009258713593739,1.0280842637451437,0.34874602884659645,2
0.33721078084346,0.3923293616200346,1.2641129161356957,0.15216442205360753,0.3951910579300525,0.10488395390638555,0.20253376180287513,0.6378369001831833,0.26523840517271285,0.9301406120131349,0
0.8986639802659391,0.5755394922634008,0.718952504115719,0.08245987060303278,0.5502306452432315,0.6688924952422379,0.33177365825445426,0.14544279919862,0.8027786621248265,1.0091619983037379,3
0.8703164299662304,0.5574511806884492,0.3140700368413074,0.7383223118173468,0.7783138651418214,0.7533419756777768,0.6887242306177345,0.10058040607174817,0.7783757820370338,0.923979347638265,3
-0.012450663958317176,0.0830199618717592,0.18336314823162572,0.5614101672716252,0.5747457720302872,0.5498800772909758,0.7331970275173118,0.468617848287355,0.9059520947970375,0.8924505951612157,0
0.4361631242717167,0.873267419160853,0.5599682531944943,0.47671801795983715,1.0059413331341784,0.28336258386666585,0.018095934614840967,0.1871566066356076,0.4500435988733746,1.0655053226797673,1
0.1812919266465456,-0.722499041239005,0.43835566733858905,0.15619333445967182,0.15186540584569463,0.22214221075382345,1.0829271108422875,0.4611228688498751,-0.21747947154525255,0.3901035586385717,2
0.8905720405284278,0.5889712555775961,-0.05642942039330079,1.242004680198885,0.3852727898362609,0.5649720996075688,0.7685180229016348,0.7520812209437533,0.6001902380319343,0.7666950024925303,2
0.03724883346174731,0.11423021322979471,0.7800281835273442,0.2999445678036963,0.05599220849479051,0.2654186528846454,0.6371113965799972,0.40387171934413146,0.30049902100989656,0.45651678472722157,1
0.615203659216036,0.7188887866737801,0.6685882968657746,0.4219218736982486,0.4107752799755011,0.22227107149808292,0.8146656313359496,0.1703037243618007,1.0126167383129923,0.29184973955636007,2
0.012798158618008593,0.875024729030598,0.4165543825241275,0.40986852176973065,0.42326977181436815,0.5695000953070595,1.1031675540867982,0.5015712378176148,0.6219679742247914,0.8286100783462725,1
0.7207883135484724,0.7406982832581905,0.5281700178809343,-0.06534423336484291,0.9950185636453006,0.09850881864500399,0.39610714937885555,0.2967380928013277,-0.07142767786375223,0.42829662338620156,2
0.524252219920257,0.4407931727093666,0.1778383056812279,0.8371161273271853,0.2992188570211188,0.4023091054224751,0.6019707213275669,0.5924627507098738,0.5186186891780313,0.2320886292155231,2
0.9458597715001904,-0.20440152122327415,0.46383694427732514,0.6643810018228526,1.0484080922564396,0.43825134815928785,0.5969574558045757,0.5402818885314062,0.17756168367054184,0.2941950045777936,2
0.09236112367459444,0.21003533134258437,0.38428956309854756,0.2059236390237474,0.7328081735388978,0.8388366236110081,-0.05146681930495489,0.6974993360912212,0.541091578202539,0.5477233627612275,2
0.7898148176378781,0.26578971651082517,0.5845551839043661,0.615708407764528,0.46226632382972127,0.10218836683861536,-0.0018962375363262146,0.5041317926794966,0.4080699130621679,0.671538596418897,2
-0.2724917585019191,0.6172537120595758,0.1430068805814762,0.87844605496012,0.4662348602837758,0.34387236646542385,0.7006072048537727,0.5365191472783593,0.24259979219624808,0.4033475837752409,0
0.7216591744191148,0.6323100956528057,0.803829611206324,0.3731236816685819,0.6214672262937824,0.5804537122779841,0.7892215781232758,0.06607979561363683,0.24263559067625384,0.3459556877077362,3
0.570421350159027,-0.053645559672391166,-0.009948366532234909,0.8483847327156092,0.31784118901751557,0.7578713482008907,0.767528074984033,0.8920675625270242,0.11727431088552437,1.0549257681335287,1
0.9439364789411612,0.6458217143807772,0.2181873963749888,0.8794505873742751,0.49914828224739155,0.9521363712261147,0.7117742343495163,0.07053084389171431,0.8076819840937415,0.3083699991541878,1
0.47915984147422425,0.07238587329945623,0.12073495772745471,0.8709662936302698,0.539714984998224,0.738978310502639,0.9102110475592539,1.005241651383273,0.3649787759906607,0.8803304686680978,1
-0.4268556378085254,0.5348437162373227,0.016543792243505884,1.1343207543918497,1.030869904898479,0.7358216052193879,0.2801378867121956,0.21063055791067534,1.4741897430852529,1.1283912658071658,0
0.8925087402240891,0.5251846618935407,0.18958156230044365,0.6304249958395631,0.5297348181477826,0.8805487228357827,0.7247860625005055,0.07199823673161972,0.8222591308893398,0.2284038552439206,1
0.9002972399866196,0.10976253935627946,0.6508837505145183,0.8391249014897115,0.5208162937732952,0.4259744973793081,0.5588344734063513,0.3259303981367845,0.11119793538235177,0.6201611595722153,2
0.7686108764735085,0.4668059947530252,0.9120983246484895,0.6818706538526744,0.5366968278335786,0.5283186458807327,0.0491348291929317,0.6180915537285716,0.9066089059590065,0.32797034408501674,3
0.2500167351190763,0.9318052868164454,0.0359042412496874,0.4550160638911023,0.6276223717126255,0.7407100340829739,0.9610332905213701,0.2332197034529104,0.7077711849658304,0.749144938680816,2
0.10046523819550195,0.08467996550766237,0.3428186984698381,0.6759731470442168,0.4798943795151013,0.6228511399673431,0.6528133978745734,0.3973904533575572,0.903486882655061,0.8426009666142436,0
0.5557037023552935,0.7770961762164933,0.6076016070387011,0.45625653789581433,0.32540804767448406,0.46621356038769324,0.18897441095065307,0.7603967912576916,0.5188313159512585,-0.0018030600225812932,0
0.36092338297883864,0.407158983177971,0.33450433137318875,0.7072039765644573,0.15497448465948627,0.37110545841907544,0.4893592784550174,0.06512443091105993,0.9513259061165029,0.16712286509285854,2
-0.10012292076378754,-0.1848976134967375,0.2204941333056178,0.502828075924189,0.3291953513743966,0.4250727651270141,0.9521649665329616,0.46325264346318246,1.0965530634342757,1.0077609562489833,0
1.1155693193732084,0.6197568159505282,0.8470057624786543,0.8117576677323963,0.4245202148682739,0.6512425350709382,0.3590432188421928,0.01971868258066034,-0.06880252989556562,0.814913164628345,2
0.668984056704291,0.912929108806053,0.1306810776714291,0.4995115721578797,-0.09202820786932489,1.1569917956990758,0.026062312098716345,0.03811935521437526,0.2794802576572525,0.5049305385943101,3
-0.0014436618848419763,0.07109472212140247,0.8159376642649924,0.27478821834534556,0.0909047654101671,0.3032146967583109,0.6858775973062631,0.4369234699853355,0.273521627308719,0.45039291246729607,1
0.9711404681829476,0.40975907188956545,0.8994222082327665,0.40012613848039646,0.24547958323571445,0.9762450507961926,1.0694448319198324,0.5655575038027739,0.21327189961100804,0.9024689080959498,1
0.9773665152753905,0.08984807761286541,0.6076361566967489,0.9042235281776024,0.4778665363335196,0.5153298002561448,0.5047047129843623,0.2560317305784121,0.22914484260990373,0.6007779194347104,2
1.5794328064979757,0.04732214222632056,-0.5675355952256763,-0.030762235554139705,0.445316590017363,0.10143274528234479,0.16021392593576367,1.2996826582348096,0.24444828622932063,0.47115387731733993,1
1.0117663074330312,0.31814206026913183,0.6439451350534655,1.0120024912873702,0.19560963439426393,0.5442312756462208,0.5190746409288086,0.5000805831530649,1.237616998009613,0.27767204457156164,2
0.5460371096027794,0.8202991076539909,0.3313569803351371,0.48485861996878127,0.8110854776184769,0.1896075652281548,-0.020714614117303527,0.25426328883542326,0.5611227789488786,0.9591294655519271,1
0.7333552673560388,0.18334648960312966,0.30122367906640496,0.13129967601477588,0.6095067568423291,0.079666041101559,0.5384661004363593,0.8136806470659125,0.6933582721644302,0.6209473344424374,1
0.9431165654518658,0.4346916417913834,0.09366780598540142,-0.0323754685214912,-0.30705247270802943,1.3819507829273485,-0.0024459900979454108,-0.09669779508849624,0.37217099600724973,0.6689893182825425,3
0.797036562247368,0.7520365151045689,0.19284260740660547,0.7907812196368808,0.31101967190838975,0.9100392937163898,0.7801269410915156,0.22062743829458267,0.871793910400585,0.24006137489060175,1
0.801256327038331,0.4328017274616219,0.1478484158873858,0.6467304687601152,0.2892064566289725,1.1925860728191917,0.47160768345431514,0.21644549257607776,0.8816500740429235,0.48713719252416177,1
0.8869973716802921,0.8386023554003436,0.15484178686449293,0.8502948276686859,0.3005042031297708,1.0473508228688628,0.8248327491467087,0.2666749853756401,0.8741735290071708,0.4145192559660983,1
0.9332496393641965,0.5736521231659444,0.7729132879206233,0.08289142618375205,0.5421526775613996,0.6162184004255467,0.3746329851241048,0.19850417014725827,0.8119076319347587,0.9776352277779408,3
0.1067794234756683,0.6750139675144521,-0.0027316373293652992,0.22479731986012608,-0.056801548973713506,0.7733520998074341,0.613348953422449,0.11974622627334663,1.0551141579611523,0.6817438036655877,3
0.19377652983772037,-0.19630274829035838,0.03703092980135653,0.8022514693561351,0.6281051090803489,0.23662987134322408,0.15370694549500008,0.224223761958962,0.5266189248285724,0.18618935295281958,1
1.6047040911109103,0.6175895701970793,0.5150831508268431,0.2635611217181164,-0.33818883131168437,0.03980680592048518,0.3327732450211186,1.1388501581841817,-0.735483044152835,0.7943476147923215,1
0.35079429901883363,0.09863351981119353,-0.003046479099268154,0.5414842062441152,0.2702668721758127,0.25826009065813926,0.27146249452726984,0.04641439032396959,0.9517757362549468,1.0350174024712164,2
0.5709172167089913,0.4678275955302726,0.9040541027547572,0.7472164114485229,0.5025932657485772,0.8433844990721662,0.47914890285608436,0.3470995421888532,0.6955065489495986,0.22610253219071064,1
0.45935567001441485,0.3930350405378658,0.7027826683806904,0.7603084977737855,0.5415765340032281,0.5248318017744704,0.5950252276798372,0.03464630858353626,-0.3018264002058692,0.46211240061478687,3
0.5125154772936695,0.19125665166114636,0.3981058103957755,0.8536798651714423,0.1232208995408374,0.4450792468197281,0.5849780759824417,0.5300704940836941,0.736556145128308,0.030978041663079547,2
0.34220052763817355,-0.006165148992589742,0.3065997624856844,0.8352741952460904,0.17129959116717058,0.12018434866542343,0.3052996520419282,0.49256719872851845,0.38248863561206753,0.39133268666085763,2
0.47457654166761953,-0.08651289913512061,-0.12874934126907517,0.5421658416045534,0.6051143108481637,0.8028369988652965,0.8984211524373806,0.7360043714415858,0.2711931253310774,0.7863199249170236,1
1.075017715348455,0.31765544150207803,1.1074511981041288,1.0816179309817873,0.43130002854680616,0.5412396287878152,-0.3947892829562571,1.0145297296714437,0.3824708979261537,0.5475038655137343,2
0.9696791366436291,0.06269215344388407,0.6730514618191732,0.8941831175121695,0.5004350012858321,0.45363359215527244,0.5716298944579503,0.384040721102889,0.10853591715680112,0.5995934553018296,2
0.5458551761587745,-0.23586013135056227,0.3064889609635193,0.9311774262214569,0.8835771654311152,0.6451480923041639,-0.3479978518318643,0.48020583235555014,0.029804458989191318,0.5264408125099289,2
0.19681742123434215,0.3617986634116605,0.3145019143728674,0.10592182932904304,0.5490593191747718,0.37974229130305565,0.08436828845188356,0.22711968532350202,1.0159475659509025,0.6817519439270313,2
0.1492498596001327,0.5791667804377953,0.46601630134735467,0.03235252370379757,0.9524851974242504,0.7173589777890159,0.5125362519532687,0.5323437555742258,0.43225583753740093,0.059152146445879634,3
0.2660708609477034,0.3669189110990718,0.2903833105510591,0.20532569175707038,0.5425413721695099,0.14293485835901373,0.14170224377418514,0.42689048084766223,1.064694814295253,0.8136668077337907,2
0.9899314308924727,0.595533127312429,0.7262692488089059,0.10364368635291804,0.5434392474740779,0.5326848844934433,0.2830450791195012,0.174276965745874,0.7597068469034219,1.0321901853134225,3
0.6997830518865644,0.7530210159080759,0.31859892425778535,0.23220680063613347,0.7427602744148877,0.3683880221265736,0.17351553287980453,0.4476704766338764,0.070530327298815,0.24458152123794086,2
0.6349022573320187,0.42360416629186287,0.908497034182194,0.7803461897852758,0.6396009581166165,0.8637113783046179,0.4538883140375674,0.25743949300088,0.5748977210165995,0.4048309822229167,1
0.5986898310603725,0.9300680786822835,0.3967850963582043,0.10888867745179816,0.6812830224916178,0.501058235901694,0.15762545356276855,0.46127512071007737,-0.12167214421917188,0.4593302637262674,2
0.5025296377299167,0.5372942361656593,1.0575579549720417,0.5990600156382635,0.4100809321269869,0.7718500734301724,0.2954069321015476,0.2755631652414319,0.5530392212135098,0.4208338863683496,1
0.8500095926101932,0.2589783588976479,0.515790088932443,0.509257854636694,0.3432183523408913,0.23469384339558444,0.0765451749940585,0.3825476841087391,0.3650242869045952,0.5870472760467741,2
1.0748659399782867,0.9615903265095731,0.21625023715352704,0.7136247083934704,0.5587062620077998,0.8014129870618318,0.7113963565560627,0.23303088850985093,1.0423966961529536,0.2732015114186747,1
0.12084546407665336,0.2824741966867842,0.20098213999863102,0.7107187641371757,1.4764993645668512,0.7615543084573395,0.6705666887304933,0.8685021461447336,0.6375487314482813,0.025311693582804273,0
0.6162373424597244,0.582647283646179,-0.1568369489159624,0.923544107371689,0.005014800421795085,0.27483764367998054,0.5191413013134527,0.3725656461349266,0.7435925743585594,0.12512262870089771,2
0.8613639799644861,0.5428298490676865,0.2906434259117842,0.7671407541830338,0.7587149726775153,0.7611715257838202,0.7163603326792116,0.10309052822109531,0.7620302722787982,0.9329263286558629,3
0.14560795937295598,0.5901613642724414,0.49254029864602006,0.044119176256607016,0.9457005623380499,0.7487672342206818,0.5177249140739278,0.5235252924331443,0.4137226098691454,0.059185745297004634,3
0.1729542088959344,0.20109847596093106,0.7269364702055556,0.4815511882597311,0.008085323735186528,0.33627073412771685,0.7296780218948385,0.33910373388538906,0.3447903736620429,0.5517107476207623,1
0.12935579829701507,0.266554780951722,0.3206411450391422,0.014807002999732644,0.5303130366235008,0.280116285672145,0.09939831537777032,0.22597163786091845,0.9106145102667262,0.6720578216048115,2
-0.015326107219624935,0.02553945412033848,0.5254927709193071,0.895863845562721,0.5055120085752242,0.7900547557235867,0.8890062631569645,0.3963311806277733,0.7320736461116364,0.6913855224813535,1
0.49201833104016135,0.07043283121477677,0.14542456071982765,0.8803188141542807,0.5475474616193617,0.7218699101320379,0.8791274795512536,0.9784232592885339,0.34779551962538025,0.8756056740333975,1
0.528241152301155,0.633996925490941,0.06317701619113321,0.7585791496358518,-0.12177284349867551,0.8663669569457532,0.4249852113702246,0.40301601717102187,0.43026695282178434,0.9392859914714162,0
0.5532348618433863,0.6867818524157405,0.19328731214852965,0.6430862456635279,0.6526736446671689,0.061116293543400035,0.014294182615504941,0.348259659311852,0.4857649294613928,0.7911539157774504,1
0.4693649873364814,0.5145871694202467,0.03632006454677746,0.1621727034308493,-0.03028042817387537,0.5885669111588907,0.6045429080833322,0.35308289392454445,1.1519137592072652,0.8341144937927413,3
0.9657808370004098,0.07074922536895979,0.6594463925476891,0.8643452115254153,0.5518148178642917,0.44587406062074164,0.5837208320574063,0.36023821921299654,0.1416405767380101,0.5789199267889253,2
0.3847433244777024,-0.029403939030164326,0.04687913480652061,0.1931443858334275,0.6716128578317928,0.44026820824772184,0.5490883422553191,0.45055574974427326,0.08585014513676048,0.021592077393396525,2
0.8453328844702507,0.7475132925805531,0.07730734943118159,0.8889422508661124,0.41501150445308854,1.0426312377514868,0.6580555937825425,0.13288452895855052,0.8542926776127159,0.3605266285854257,1
0.12553482764998575,0.40435269794477746,0.44213414116503286,0.430738019045176,0.2158008585088086,1.1293976399510575,0.41046582298401707,0.6482196641916138,0.406310583452091,0.5851600273342684,1
0.608596534346977,0.21459241966221343,0.9599581985711825,0.44813335815902416,0.48389603591879254,0.99478570079437,0.3360482997999489,0.16710889880044583,0.4235836372477174,-0.04737592365511889,1
0.8840954034636144,0.5453893854780282,0.7000317357220819,0.4362081761951927,0.2117879584992256,0.7517308263504943,0.7565073269451591,0.6334664318544724,0.67771416050869,0.8980919758478261,1
0.8421891994252376,0.578788499565042,0.7168687827122111,0.2468936095801898,0.14522565352675693,0.812770698965891,0.9731180473456638,0.6735044275084631,0.3981212051964699,0.7572996594073633,1
0.4913417495482171,0.3827561807079667,0.059439395970107445,0.06048989552338263,0.5679854126849766,0.0415826287973829,0.5446447241920929,0.907111618739858,0.45120491218618297,0.8500509850337199,1
0.5416497499426641,0.32486842335720584,0.18960726158232288,0.12855482748435093,0.6251639015847736,0.021890702047726616,0.683850216660324,0.853182356388194,0.6511341807773586,0.5533351729412992,1
0.8498931354685894,-0.04080370690475815,0.47896527081724183,-0.051689224503006115,0.021399730482423635,-0.06500632148577468,0.7034296391424559,0.5557536237079772,0.0028652447593490015,0.6154609966097648,1
0.5674553980819684,0.30319904871381015,0.2745367845963257,0.9648736863200341,0.19845589285527246,0.39224969278141625,0.46021691779031115,0.6334436747760961,0.6799576533616535,0.19311113566258278,2
0.8695909224578718,0.7983748393739103,0.6443660056023459,0.9439753855064551,-0.16886266856617826,-0.3324057720077811,0.40321742468061356,-0.13946654705922323,0.05946736435773914,0.5968563327017391,2
0.9709020668452051,0.5422823869530446,0.41434694817638473,0.8671354614558886,0.2306701465480733,0.6255221385004371,0.9324441085141038,0.5518969454081127,1.0578666243069925,0.26698863429563896,2
0.5625110372275033,0.9270303668728932,0.015477447861158782,0.07397270828931292,0.37345501582459417,0.3390009395834155,0.1635035334685782,0.5165894417087047,0.12484711530398143,0.9172980428882904,1
0.4914110477758669,0.05004501361452717,0.12029752052728987,0.8892039172436343,0.5454753020911421,0.7332437048303142,0.872506737778895,0.9776412831556978,0.3646884552436957,0.867276803732402,1
0.5076115399564095,0.39738425563509516,0.1886893198376794,1.025118628256426,0.30306909429426326,0.2824396275911427,0.42286307159656794,0.6842683974229211,0.5460830295019556,0.20878277757596236,2
0.2713108959149015,0.5462820327438898,0.8993418770682633,0.07980313489895088,0.7164554735574341,0.2935617262223656,0.5405026808206327,0.9912925440050433,0.32554733109295236,1.047017761169225,0
0.0213170070543776,0.18908610998959594,0.3350239830509947,0.7707471907984407,0.5192238618406497,0.8606523869415528,0.8088436816308447,0.3907402936132331,0.6078925995803582,0.44152149852088274,1
0.36520624479648667,0.2091671546153949,0.9880770460303867,0.671490661002908,0.48950159611124755,0.9570618257022812,0.35169771412785983,0.2599740205534212,0.5182063500232603,0.03555801960674168,1
0.3407260552884501,0.8763759385458452,0.9933427170050623,0.5913613923363166,0.04460955043905373,0.23656312901595547,0.21979813710397184,0.7689373726514103,0.08594044908550746,0.278345510335013,2
0.09666540394477979,0.8370614304197311,0.4051978350564696,0.46799524305550333,0.5296741399584762,0.7050204852088923,0.9318809253547862,0.5686675257104783,0.46415209236159055,0.9152822039284741,1
0.5253890402239172,0.8326177975488309,0.6711739899519933,0.5559283762785756,0.5374876823010498,0.6280526696938857,0.8536304289403549,0.18721950152692732,0.11655330019316071,0.4347432213843911,3
0.5089383668751182,0.3046360141277369,0.2760402808234559,0.7273458152935321,0.2992508463908802,0.8699625303565515,0.8418600509974172,1.1225925175500637,0.3502303539322603,0.646861928941421,1
0.8228485626412421,0.3100121247760065,0.09429556718516865,0.29926448518414256,0.6013643796644438,-0.011407826418178786,0.37386936281262695,0.8645356545580579,0.5417306073016239,0.4982767514718792,1
0.7367651753870361,0.4253719242796651,0.22119829746954833,0.7278826894673066,0.9053271779775428,0.840123989258794,0.7998887155846515,0.020327492562874028,0.7756388340099835,0.950142174656826,3
0.4071458878190711,0.6167982090660702,0.7120504296863643,-0.2532164428299593,1.3106348167638133,1.019130485073977,0.3893065855523453,0.8163621079550752,0.2216808350612341,-0.12116003834500377,3
0.8767214090834172,0.5545072112266338,0.30865321910176763,0.7336072796759662,0.782062238939182,0.7480253156205688,0.6828041364952054,0.10622111536205256,0.7743399184212236,0.9247418100897709,3
-0.019509610677639094,-0.04992629897006179,0.02370940517171244,0.47125303485555053,0.44139228618436016,0.794973889497707,0.4693733237465084,0.3594881312137924,0.674800171187603,0.7763601011794177,0
0.7336352241316904,0.6736749879147023,0.8810854444597022,0.48017979813172174,0.6457605746157135,0.5545934642299793,0.8853125123713366,0.07508112684932283,0.20657579646885807,0.32525099726171547,3
0.5547491448620275,0.010644335918974554,0.27536597494223486,0.7181850195561115,0.6026726506870235,0.8090212568758193,0.9037079577807681,0.8304290218638056,0.4655211720279203,0.8817720596394298,1
0.6956853308727955,0.4257214293481535,0.7854764385982155,0.8921730822010652,0.40846763841854594,0.8053194132576499,0.5027097788292741,0.2915961146850832,0.6218309998185818,0.05117749417159442,1
0.23898347278072996,0.9129860140971406,0.05533149423469432,0.4558870016016226,0.6336973595640436,0.7558805897888711,0.9488635218978456,0.22351872117129842,0.7290064818388701,0.7483915117428441,2
1.1552011619881561,0.7621752432090592,0.8735524894358899,-0.14743251379512295,-0.20593121521176,0.4339765258116411,0.6881831331044166,0.6982185119154535,0.5050544054101401,0.7506501030015259,1
0.8549873593402402,0.5765864197314171,0.3230375471949599,0.7255018228758512,0.7935570733975411,0.7346447958444003,0.6888110726073958,0.08707529336809317,0.760697803728245,0.9134387415813306,3
0.4443408429713897,0.7348458198567867,0.4012160198849026,0.6208306747849148,0.8801971464711171,0.08660321373115558,0.07889566785211968,0.31716157047675536,0.5800087257312958,0.9519460929951363,1
0.8167175818755439,0.4337164951182144,0.2376328688155711,0.18040208927310789,0.21023263899735317,1.0077125130219322,0.1679969688065,0.6896915686733689,-0.3101935356493378,0.23910610550055558,2
0.6201198120860878,0.1812659602977506,-0.06092120098360104,0.9718248031274006,0.5826038558216579,0.7560968318076764,0.8596341807962485,1.2024247442885807,0.1883182433754893,1.03469076752027,1
0.10564130077132106,0.36051267021678196,0.22679654394492596,0.09129555732199233,0.49449518263952547,0.3005423682864908,0.1023765948652967,0.33876601098065673,0.9241983175825685,0.723945301535586,2
-0.013500216187815411,0.8859939242589554,0.432492730622094,-0.21050940720765676,1.0265010285639677,1.0288843504624305,0.225138856174821,0.7102180878075693,0.4835988435341698,-0.23856680660497864,3
0.023443638556435747,0.11412028398669861,0.779158559616656,0.2855800520886302,0.04740887603035847,0.30106831062292355,0.6417804196182846,0.4153056749311984,0.2892332118425484,0.46051666841204314,1
0.32586828702936044,0.08347902083348642,0.058173338358712606,-0.260515680370795,0.648033407059927,0.009477841406706045,0.0984726988187768,0.2440530579578942,0.12836199635014936,0.3245741395448402,2
0.20911301756058034,-0.048447767318237384,0.07259025857209805,0.7716280469461763,0.2833548921318343,0.7791618770309494,0.752869483237361,0.18421099060892443,0.589947610226758,0.8338777425766668,0
0.0254638501527389,0.22558235198080612,0.2311387866990598,0.7294649300364361,0.5510844618055004,0.8017107457499619,0.8599572079352205,0.2786886913254,0.6486842046938216,0.5052063366651767,1
0.5613190762787226,0.42997776971798385,0.7490938169148961,0.21841243656736048,0.24056976232592353,-0.04143191428029808,0.11551316795434965,0.27655329157414255,0.07843784097736739,0.7332173066814907,2
0.10400663254697154,0.19955300598363615,0.8627517636731107,0.24307699121436344,-0.011106741063965364,0.32631118118300084,0.6467733130703348,0.3569483709144889,0.22310599763008088,0.4883112359856765,1
0.8133103210320266,0.21375545179131386,0.7978546903943077,0.8484264258674585,0.26356871600877935,0.7569222848233479,0.5615485195910177,0.1849501536754969,0.04516999471550691,0.5811877673559832,2
0.6236564160551111,0.9067786515500402,0.011837010308760543,0.0571686362013858,0.3743603161027804,0.3420277198906505,0.14063080090308797,0.46994956100926,0.13972727134845317,0.9155312938194345,1
0.4872438373057712,0.828172569238507,0.26328030316086914,0.46540994206948133,0.7250493512931726,0.17419580449393998,0.06700512517675436,0.26176167896078195,0.5701987887225225,0.9830151233381543,1
0.8474951533347227,0.5812011296364581,0.3401155622105391,0.7233119115534346,0.8151365411322136,0.7398693228604912,0.6963933308124856,0.12592187831665308,0.8136242161322362,0.9289819783317038,3
0.04018457108296509,0.1272017273810392,0.7720890573287618,0.31622587635460614,0.05370910587679048,0.27564143069936464,0.6488901218343625,0.40818510898540544,0.31496271393165254,0.4390151829153445,1
1.1451951592098266,0.1665263974034772,0.4475650452269663,0.2818118693248809,-0.005700676066923337,-0.11692627122418514,0.308648363669486,0.6487685694684775,0.14229637805120499,0.7992078251076473,1
1.0170259486020952,0.8466678855547679,0.3444504782497599,0.09081830580258209,0.6582463232991139,0.9467770200059386,0.7353913509086922,0.1627851088217882,0.26396350650637385,0.8196469723584595,3
0.3837233499399014,0.8972406486318543,0.9916718589121192,0.5934538063881905,0.06092778458592628,0.297415499149034,0.21260275708569254,0.7918254254917307,0.13412218824390626,0.29519826034527663,2
0.8184885848436825,0.6182169084559064,0.7796846475818661,0.40597370227798885,0.46462876046052604,0.6356089892842469,0.6727368808245289,0.4041910856791691,-0.06527762876662324,0.42418778109297556,2
0.9719695007283928,0.8090417465608535,0.3327110477340322,0.005428145342522436,0.5410333287209543,1.0177272782883127,0.7896936428644664,0.08894727655824439,0.36153254322264616,0.9186003398666618,3
0.08693995268172029,0.8292216779684032,0.38854147549618284,0.44461393386973613,0.5390080034818594,0.7431896814563426,0.9438550617548457,0.5530058586148203,0.4775356658220012,0.9376142644993524,1
0.8795267728656972,0.5502369077874014,0.31436339620822856,0.7355388034594099,0.7834937657079757,0.7430734613696334,0.680557944254398,0.10039504069705796,0.7762072715856406,0.9232865329201715,3
0.2136277459574447,0.09546452002598677,0.33344664361856835,1.134015030769071,0.5663879543936786,1.047512715786388,1.0078199066699813,0.39128432436311383,0.4599388686532448,1.1240700363217218,0
0.8684608919342276,0.7146391217084438,0.1925711921271718,0.7967631139708646,0.38110270685306075,0.9111475176866097,0.7355829979482386,0.14256920075781493,0.7537189731484367,0.3585795310721058,1
0.03895418793433319,0.2516369452993295,0.7051842914331315,0.031397775554660834,0.028836888488410876,0.27862277925452117,0.13746230851218338,0.8680890494703729,0.4712468690872021,0.27847485530895183,1
0.14660107777911002,0.0406135822294547,0.8526162950378069,0.35040115644348013,0.010780320079479884,0.2771769467277504,0.7102734216930744,0.3599061281019216,0.28930383974171014,0.37889112453763923,1
0.10637224568198816,0.841489547382707,0.3851007635469991,0.43013775677030375,0.8588865499545688,0.48533272173282643,1.0136889493108492,0.6462419341673619,0.6836417705973478,0.13497235170277352,3
0.017737311413926565,0.16138374022784402,0.8058559749445471,0.24359308749438813,0.11729585744421497,0.2536652237414641,0.6595898179040497,0.36175854151887715,0.30812423947998907,0.47355002754557296,1
0.7695380681995182,0.4024702662934724,0.871301356783799,0.726312263083021,0.5242606971771977,0.5998578206501082,0.07329329376069992,0.6927822955153407,0.8626932197460574,0.40228260845550906,3
0.05353624941110402,0.520634384954278,0.6024420000106173,0.22379527444192301,0.7881016472921532,0.6501631711253483,0.6217405531448577,0.6112124406593581,0.31170974468889373,-0.0440169754939959,3
1.2321889428148334,0.4685316111340655,0.021665630405087677,1.2094797590224533,-0.019241181040547006,0.6890495921590553,0.9036270492702101,1.10563024228956,0.9855218879823795,0.8970040143670666,2
0.21493187868933344,0.9578607172522504,0.0874360101440133,0.4355285771924631,0.6095187154047309,0.7249612734513254,0.9475899474873848,0.27641845514256896,0.6712533419306944,0.7195317347474913,2
0.60297957555977,0.7341962212877177,0.37315269337329376,0.30404002203939995,0.8284802414532677,0.3527381324048522,0.1352025403158892,0.4189903199674552,-0.036487573918669663,0.26991402680997356,2
0.6374345376838834,0.543431101188033,0.7696633777903388,0.21136848222329574,0.8725394524794053,0.8432670445106134,0.07034129757548163,0.9880510352025845,0.24980468634896785,0.7301413511879798,0
0.5963699980346224,0.38900297022612795,0.1720599856062025,0.14518983390575074,0.8543216024021052,0.16219021064871023,0.21542357398740036,0.652060105329931,0.3461841164476952,0.4940467935300022,1
0.4506788261856479,0.3188505533136743,0.3309113086381132,0.5929243828505729,0.23194045928879878,0.5703823247601454,0.6036135374141013,0.3813215608888097,0.5725826992978968,0.5467468488472553,1
0.07796890132088401,0.07837242947608719,0.764409408260248,0.33493637422533445,0.1874735234995462,0.4733951554707727,0.5761810303766121,0.27847939648774955,0.2542949514298649,0.5332182954720767,1
0.058405117926058375,0.14399694780446917,0.7861788743132992,0.3173521931153828,0.03189485156879841,0.26067784850840015,0.6155530776665659,0.401081237556984,0.30905947160605746,0.428853408713933,1
0.08461092651507718,0.18620017754408763,0.7413738519223056,0.8961719825535318,0.20658626794867382,0.6964821600024174,0.46590865257488967,0.9929827625033792,0.33072654147507063,0.4132667329838715,0
0.7460928174559702,0.5828287395669068,0.08439690690663323,0.842788518415744,0.5614491154138022,0.6206982255382925,0.9451375120605541,0.6964864241931001,1.199458087221531,0.215997432136479,2
0.04356021601800618,0.28429140560868604,0.1886041455558033,0.04584999269712686,0.4083029294493987,0.2808121917469226,0.16223086960711766,0.3748918203236,1.0203428941902417,0.7967025242761795,2
0.6619854936559864,0.3376067283321739,0.6779095458911042,0.42340301806381997,0.7679992681524271,0.5330717915895635,0.5900502424765752,0.4341405411252798,0.041883606009256766,0.1339684864604721,2
0.6110832339744157,0.7381855664532578,0.4166412081679815,0.479351591970831,0.13223403598014377,0.9798389783423715,0.1708529574872767,0.28601567274495315,0.1365086467560485,0.642418265511378,3
0.39211767645141893,0.5803918816935619,0.9380750029446472,0.9577108222345302,0.0965107563490418,1.2991010703622967,0.5589503628102946,0.08153644551789224,0.5654810806886058,1.0469375105513217,3
0.08164539309121766,0.2064324177254273,0.34606499815079855,0.7388539470686999,0.4288335321757034,0.8694028959592013,0.8570636551141926,0.3417578723838435,0.6519184551773027,0.4678118425842042,1
0.035494505055958074,0.2345649163031004,0.6971431950373417,0.014163877680530314,0.04340311757339157,0.28301908682716814,0.1334472164895054,0.8677389016344125,0.46656829628140395,0.2952833840556892,1
0.498211430974729,0.005762034393512361,1.000776672199186,0.7019238099283109,0.7227923232247994,0.984102606986766,-0.0020666578560613047,0.12816270120273646,0.5908670048205088,0.7174909259572393,1
0.6642699240319994,0.7246956284633969,0.8096167740212622,0.4791338442423744,0.6374348014524549,0.6541917600836211,0.8281479035283578,0.11298187699298767,0.18930636682796703,0.28227150034063486,3
0.3038906771623272,-0.07125902122926192,0.19705431874267698,-0.07619823107351499,0.6832831338037438,0.2205103172844048,0.5479843661257112,0.47649049425120965,0.15107373937075408,0.21122507552405317,2
0.664834460522598,0.45921914456920604,0.6537755975406015,0.3241302038236226,0.6520033428986223,0.4784092146377803,0.7387049768354419,0.4029136473413445,0.1718600321169778,0.13647252927648354,2
0.2799544267658334,0.6182979913349965,0.04576393162417785,0.0002072367592580171,0.1609034847066776,0.7086131257525048,0.731497677561341,0.30914779713624996,1.0803521784265884,0.8737886912004145,3
0.9861590325096091,1.0381767800509036,0.03788160422659167,0.8679393309333608,0.5019283484664498,1.1317201290204728,0.39600405590475896,0.6891358154669198,0.08389900101319757,0.1923617054151694,1
0.3960360019606324,0.8930813677722609,0.07452016704762693,-0.10444841933356053,0.7125425807108463,1.1020752368828342,0.4553775976073305,0.3778561254604249,0.6832935145069837,0.027883733903413394,3
0.48196265540312466,0.19219615765486125,0.31061153112683015,0.9397064353042156,0.34715345287124333,0.649671910084457,0.9650452005003,0.9243584940327032,0.437056329472532,0.8128846280767211,1
0.4097402940537939,0.4494522876769995,0.8244732434844019,0.6877752913387764,0.9077049269732239,0.37956445174301523,0.8663660626980618,0.780730581762515,0.5494723212247834,0.4546724863165913,0
0.048867353363655906,0.7759465614598774,0.29468448918487394,0.4991640569858695,0.9071535547793919,0.5873332688314783,0.9131389181176386,0.6670629759590319,0.649168782502107,0.06501500507172502,3
0.457367856399491,0.8217076406513486,0.24270295208712342,0.5867396019253793,0.8336890350919232,0.21824330003012501,-0.027630658937532013,0.2243353926536618,0.4678778675858693,0.999593375094294,1
0.3888185520037053,0.6855873204055469,0.7908516420712006,0.5584297354273291,0.1853932252763541,0.557615787378708,0.22736008189186654,0.6969378983733913,0.512756766484823,0.1005648878554976,0
0.9912937123643961,0.6260628258297333,0.699955350082776,0.11659175289532565,0.577847311751756,0.5909354844317033,0.39673784194810374,0.11811328933912782,0.784965938844767,0.8928681778070987,3
0.5066417839368088,0.3416624012557036,0.06578671569725725,0.3688669220127025,0.22983538176980356,0.2708875130285541,0.39483310569339347,0.09256827972140734,0.8701446209983555,1.0221752074731503,2
0.48469867826339724,0.1253461716570399,0.1718932416711364,0.8151224546169823,0.5736435877904887,0.6962554330746183,0.8521350917648047,1.0613764381816932,0.35706006002001767,0.889928504987948,1
0.2896448271378181,0.7987403325621445,1.07644611364206,0.864637416228264,0.7690600545475288,1.2016984557211614,0.3340265762458675,0.0845932945490053,0.9998732475507205,0.4023565056981908,1
0.3472325725964384,0.4426728451685374,1.013720369782549,0.6393601616362089,0.36200487395303516,0.7586705827228928,0.16736610440059232,0.6662670213074658,0.929293128160924,0.452809892794262,1
0.7089432289747286,0.03547614179441279,0.5266500466437374,0.5531105228053949,0.5070908113779392,0.15125051750326057,0.7164472931979485,0.5847813665901804,0.031780003186817646,0.6015871419370287,2
0.2636700082956648,0.7812843193556336,0.31660223867931825,0.4879314549091986,0.3471154641480313,0.8191878929678447,1.0691829167123041,0.4201829851093789,0.4804697533353418,0.9353125021908306,1
-0.10643951530377938,0.8162244711384233,0.29603958104820394,0.32276058016761455,0.42922651924993205,0.7529496165693066,0.9544822587535283,0.6178246971776292,0.48081625888803936,1.0638794661215667,1
0.9156389381536865,0.6639995810746285,0.10744121012720002,0.7495397701572908,0.37468987226563993,0.9718369168539884,0.7645979014223417,0.16221711868117883,0.7802539654401701,0.2953457556726534,1
0.6012677087366817,0.6979235150792896,0.3612096841790635,0.4626307320927132,0.1210498705407392,0.9896029149570117,0.13073107172929962,0.2804108873417372,0.09412255221945445,0.6250641307072382,3
0.17657283213799996,-0.4476507015910089,0.5382662394987596,-0.08815048379726992,1.003370818595708,-0.08809643008342499,0.4689880638155224,0.7317922337490352,0.09434728513881141,-0.17903285112000855,2
0.43757458157544077,0.28554747684243686,0.6064720133175128,0.41791487717949793,0.9341505455600541,0.7168890198097305,0.4878605205721814,0.21926215671124877,0.25749371541219257,-0.17937413717921874,2
0.30418095888806224,0.2659695867023874,1.0877074489506466,0.6654519371574482,0.4209994346997249,0.7828678008278478,0.3801587938795624,0.8463018207839521,1.144511516223936,0.42868366065955144,1
0.8674021995052897,0.5637683946105413,0.3151415864847602,0.7399273683120489,0.773188680946433,0.7490958886060963,0.681774190189335,0.11361524208787852,0.7824894170378071,0.9297326788531903,3
0.36548984078619207,0.7932039603709157,0.3960634182737808,0.028958670362849465,1.0254719370664453,0.9132956326570754,0.25799949649500575,0.26689710551494733,0.39709113556152886,0.3640919277841455,3
-0.009065746946785885,0.8474771603503388,0.5067348734799537,0.5514462210510046,0.44501132724094233,0.668790442007132,0.9060957219534826,0.46422765137941524,0.45901708514143996,0.9927690977915511,1
0.5934486746005481,0.8124043706323725,0.2782623327788213,0.4202236287610523,0.9752178855100939,0.5543111468549105,0.23585306172870252,0.25077844042811115,-0.0938661204854537,0.48777016463821005,2
0.5532569268030347,0.8582626873112884,0.14879753365181603,0.13169191342960113,0.7504128902128399,0.08910268916583138,0.26747999966090646,0.33899368354108966,0.6053940337407532,-0.0015236118368493964,2
0.3622011213133355,0.5011538763550611,0.33389394551139984,0.7732081910068702,0.24447672471454418,0.4979164318207714,0.44125092149050577,0.08519363653688568,0.855575515522196,0.2945775825213971,2
0.608766623083135,0.7200486256647725,0.42559708133497753,0.5293036027810893,0.15155235874674636,0.9737263651021486,0.16645449477496865,0.2832171067309503,0.16530486067521988,0.6401118414739846,3
0.38962429880252136,0.41338347079983845,0.5727040633482168,0.5738524104605696,0.32172109252417697,0.5981556711004059,0.8440195226757857,-0.18370319356043913,1.0813053458650292,-0.08185957352130907,2
0.33210089079076294,0.8981359005079367,0.9143201605816283,0.5894957714530014,0.09441358132681668,0.22868069282385445,0.22205202628459264,0.7963235017263809,0.14044519239616218,0.3053000644190121,2
0.6320237198303976,0.7171408999272443,0.7142783539681211,0.46620133084838367,0.6048164142004427,0.6543383340673259,0.8710718119408369,0.10933985492115221,0.21710739962956638,0.276908004394743,3
-0.7692289709118539,1.0138136703663547,1.3564249444549419,0.5986599619582202,-0.19611981317495264,1.264673298820476,0.1638304546046262,0.11918379747706043,1.0071338389617428,-0.4020996184250959,0
0.9780675177399288,0.11837359838793013,0.3828872316789763,0.16528207152301894,-0.012934870222287547,0.06612615296069636,0.5473564407508736,0.7307295976711078,0.0353796822654804,0.5485038557091574,1
0.03879991660648061,0.7066384261872365,0.5041953471923319,0.35131869151185424,0.414578417420915,0.7473401656657005,1.121062242531083,0.5157627528817286,0.5662762322438252,0.9593105071959769,1
0.8683925701296449,0.7025904292311441,0.13326982641067858,0.7918632369108219,0.37992335142522543,0.9717475467753082,0.7180600013433412,0.15896102766268067,0.8134715635813078,0.3116951372083982,1
0.26300581235609544,0.768701448288864,0.4719582674859735,0.3008860178988796,0.42654188951829664,0.8431419656404326,0.7881217523261714,0.642859420500473,0.515661718244373,0.8771955444161706,1
0.5975112896745038,0.9097595308304083,0.007792673028385093,0.07222923324095708,0.3844977290546455,0.32284173903348884,0.1318344222901569,0.4825871915353579,0.12773035091600698,0.9252904505282221,1
0.1036554251421585,0.8463601081838422,0.2639919726138691,0.4364079321245967,0.6004634270066225,0.8670796477128152,1.0212554917603918,0.6343103652312787,0.5517400766290477,0.9127391771593211,1
0.028809320049679326,0.6906333022612923,0.3559219653569949,0.5885503602511284,0.9845970123307718,0.6179496764851227,1.0013952514267488,0.7573902710064554,0.6510027530260765,0.19813810100691356,3
0.4353185812223519,0.321510627211358,1.079789656232146,0.7866453308634743,0.4698379326013336,0.8775256127821834,0.10925557999797755,0.7142358273975913,1.0807557355946644,0.3871701653717803,1
1.00624213797063,0.5750458657780041,0.7325263601726596,0.04335562011659274,0.5342826684707896,0.6308811628711917,0.4376422023342522,0.2170609162520561,0.8237265444311113,1.0044763443542015,3
0.9579763211852336,0.5847364938705168,0.7329082224865697,0.09295246998888068,0.535136699563208,0.6327552620907912,0.403316683603294,0.21359493123753895,0.8057484428212568,0.9401975064512909,3
0.5485916270715506,0.02780982277061783,0.7450139177364989,0.2128697523458771,0.6499368957498417,0.01594115730170409,0.8364395712880683,0.32913255037645467,0.3798401336928133,0.342866615510326,2
0.8025848776560202,0.1483554702905717,0.3058945845004507,0.5546280692294634,0.3203066350357564,0.7257440954542131,0.8305383060008598,0.29883354574984167,0.5718807697903369,0.8572286135415323,2
0.7435813791451753,0.20562510586234853,0.17751916468764778,0.3069881899771236,0.5136423078604508,0.036527966667641305,0.6747821065965096,0.669115915335605,0.6523653759480696,0.6494259312917305,1
0.6265938749551203,0.9045719339595828,0.1687502873237694,0.07173257979338679,0.7612777410527045,0.07686933589285179,0.27963401009438626,0.332590314978203,0.6034742063381922,0.04305167589808251,2
0.2839056083400599,1.0904486199254027,0.03542210152260669,0.33402953188242324,0.9466557522545385,0.028065899877541517,0.5175385881279041,0.14962311083728755,0.9044216162593042,-0.051403832141172515,2
0.6536107667042969,0.9037480330471169,0.27418758765432916,0.019201384171112418,0.6680239279313074,-0.06176904029033173,0.23705642204845662,0.27476826748319494,0.4479658356854307,-0.08462027213768268,2
0.9687382572078831,0.5078187763380575,0.3260523112298207,0.821739274314594,0.35951380911175235,0.7463167381496785,0.8073433175285806,0.4549931093745241,0.9931588074232522,0.26277946598857754,2
0.13781946702869796,0.7186562494508029,-0.1251078793343219,-0.334296390390107,0.5616910816541908,0.9863892247862387,1.088319053876512,0.24981450543757205,0.8742109654546346,0.9622834525742284,3
0.9349887170739207,0.7496858206235446,-0.21389330249814653,0.6052250390654216,-0.5183449482010869,0.2694720367044192,-0.13083947547237018,-0.07646904849124689,0.8286188789053215,0.42721556125236027,2
0.6110910696006472,0.33812115437338264,0.22410673732608866,0.9454870681239035,0.22820063489877446,0.3307268937220494,0.5119527092232798,0.6314580673973419,0.708673381350329,0.22895907320044598,2
0.3242416533989425,0.8659127558695481,0.9821822685604014,0.5920560695623576,0.05278619838269597,0.236118801603869,0.2235987366302329,0.7786265997172424,0.08926248382097686,0.28565604235940306,2
0.463875564571621,0.06213609325170377,0.06357921181203473,0.8828354669724854,0.5412667308522406,0.7824418408666591,0.9510370728511012,1.0109818704575835,0.4331020216253059,0.9001911363653845,1
0.648778528955244,0.7351306076370612,0.7682643210638975,0.4935599476005551,0.6529533730101881,0.5986862113902862,0.8382164756234037,0.029567445129387783,0.21536654363149604,0.3005358996449598,3
0.7876151372933526,0.5461857605321011,0.6462370601104284,0.26584856609054686,0.16978415239003697,0.8162196095411685,1.0112151103119513,0.6993350928998078,0.3497488724269199,0.8042835890357862,1
0.9792447614911133,0.27142667477784665,0.7946805239662169,0.6984959882322788,0.08235035134687446,0.28682932665629846,-0.19300336418896513,0.5679401443720739,0.4931248791281651,0.7575038522751428,2
0.4876994586827614,0.09648995320072037,0.1549050224807307,0.9159356797927315,0.5548772440510598,0.739821140993402,0.8834301436424403,1.005104057212211,0.35267722589014444,0.876756311162849,1
0.5816199544902992,0.6946245129655706,0.759877449404354,0.5074322914354727,0.6303335568661853,0.6895067024394097,0.9272750134057455,0.1190137863819053,0.2521022075181788,0.2732200082976937,3
0.7326290799271996,0.8840069047680438,0.2979387784455152,-0.03818732875706041,0.8070248278492635,0.12832071142584062,0.2011969058424627,0.35758976260073755,0.7544085417448446,0.09880570420520521,2
0.5678279414721774,0.9415374878674354,0.03484638737880426,0.009064125089389898,0.3935603142600164,0.3338368782131761,0.0852169008100844,0.5111850885163877,0.16592958748071884,0.9481877070516624,1
0.23390215678649487,0.5355902018544658,0.18169185168963942,-0.043684915460477175,0.40575738737274764,1.0038451028520698,0.6610770246615174,0.6209659698141916,0.996123509411026,0.8657456626538553,3
0.6222264956577245,0.9096379061450232,-0.035464772800105356,0.06840671504997087,0.3789092531765241,0.3585765374201356,0.10726705950928969,0.4613557734622463,0.13946221804890543,0.9009696088463611,1
1.006247568200705,-0.01480470347038916,0.8853304511888919,0.7676903385435478,0.6441220929330034,0.514792954654293,0.611460363900446,0.5258771239596856,-0.1402323460024144,0.3878544709775198,2
0.18961921654109143,0.34519151535855913,0.2549465651422168,0.8104708698468858,0.5576696782858671,0.37992645799828084,0.495519703526362,0.3784092250531017,1.15383653162223,0.5394589694295835,0
0.48748506575825734,0.46440779793031206,0.30134365068151947,0.438676280105492,0.585122766862896,0.10918806444530701,0.7488787802338852,0.9121378251287734,0.4726471817148274,0.29895208045364063,1
-0.6694840377817961,0.49080398372457623,0.659219893853856,0.25802936320122705,0.5690023672867415,0.4446644925461572,0.3862534142642957,0.025132356382105092,-0.06649695035686543,0.7212326144925845,0
1.0914727090420648,0.06905874298183001,0.5364603451731785,0.11575123589820577,0.08531981446617104,-0.08574189948553201,0.5798595374689562,0.7735607341498728,0.055145387774585025,0.40210879865631893,1
0.7197030737405449,0.015814204057355286,0.8988075860982271,0.08506569715207807,0.204225790558635,0.14202815798749158,0.8722076454362708,0.4307783485109897,0.5062697285543892,0.030568190955152064,1
0.02023351326438494,0.6558274742645929,0.08024456457903689,-0.0818271824207562,0.49724423727601963,0.41144743084910274,1.1264153024575476,0.9960287884446345,0.6249824466977111,0.6414002998407228,1
0.7252223012372059,0.5137695511568541,0.4069253490889202,0.8946149276334676,0.28919272770932647,0.47647208992665924,0.8858204940129555,0.2648419269492004,1.1773082990316481,0.058899548294814474,2
0.27417227147150897,0.36693688081396497,0.33839471705072127,0.6450879048111602,0.18670411595289615,0.4531220134719377,0.5649828261626846,0.1288622752395593,0.9178341610478674,0.16282589738147585,2
0.7660348792483235,0.5750994640317367,0.34422291779427994,0.6998304374618248,0.8226849367261221,0.863167028342746,0.7766027110020978,0.11005980232409751,0.7833005929638621,0.8903274152761589,3
-0.022821500258939573,0.2318806933202247,0.3271808407020637,0.727521903267513,0.5091696047647839,0.9023364513115669,0.9985584960789928,0.4980552664959133,0.8113203312768282,0.450266516807043,1
-0.26387105348691753,0.16903182973470715,0.39917853643162304,-0.4662248643020831,0.22828688880860531,0.9625468279509637,-0.16262874962188,1.2504544666047788,0.9148745859821736,-0.08280831344677636,2
0.26624628452426014,0.3084773196617974,0.2937323290938897,0.6162359891718331,0.14291696233383802,0.4170401093081063,0.49591306424258813,0.07249395412901079,1.0283523074948717,0.10408787197274619,2
0.9024877648248002,0.14284023346698416,-0.07638874800890194,0.6864554647005734,0.1282345023423765,0.10342439543615267,0.7468910608791978,0.6739788043258278,0.6886132730000284,-0.034040800991920334,2
0.832204669086295,0.20288083761561004,0.479765918196738,0.8673906384059819,6.08420368459206e-05,0.4683218945083244,0.5033620769153553,0.1478537242285615,0.9214534643063119,1.295015968271798,2
-0.11291710216066764,0.6840036857028027,0.2654441660162608,0.41499351397413153,0.5259567428454148,0.7301550933639397,0.933566796651395,0.36410307186921176,0.6394658364932044,0.6966136505589554,1
0.1282242201015814,0.1424884599775668,0.7616128041608077,0.22555261999552506,0.01457455084004898,0.34958185682164,0.5422860017714379,0.37810058078539366,0.2629924706356206,0.5460207525565709,1
0.7610824102371959,-0.13707269477588385,0.07080518142496517,0.44023994540533684,0.948682126671385,0.6087367602401764,0.10277354153313678,0.5526051322551685,0.5522669353344554,1.1848206531753689,2
0.6807991982521666,0.8537801473694009,0.29905377530814753,0.20103669505748054,0.7176358328617303,0.3932936684803221,0.12654164405329815,0.37624294967029337,0.03817879249214099,0.31058216910433145,2
0.10852530354730545,0.29923847682404425,0.13850374880734617,0.0994205454591009,0.37067331365374656,0.22839215900627105,0.23419554363507367,0.22824079413311277,0.9535469789977568,0.7860906503616323,2
0.06440135419819722,0.42450949387206166,0.5266629122180921,0.08268289730964876,0.7903017677067892,0.8676532560971649,0.45082854024528435,0.5133956814282614,0.48138108474584584,0.13301854526954093,3
0.9204269399528495,0.6034781223026234,0.7660897773852555,0.05158292429527146,0.5688237680299211,0.6428214222550482,0.3758589862425889,0.19244185804069783,0.7896273362567041,0.9740708252867224,3
0.15171729480643825,0.4041155655582175,0.24382891524673822,0.10364888321108331,0.43297438392333987,0.3687001571324614,0.07630975647444438,0.32061854428795084,0.9202789906191413,0.7084505734038031,2
0.9028577955725905,0.5506144298659277,0.23779746050072295,0.801366850909639,0.3336490836381486,0.7477690329709727,0.9024734777018263,0.5215191023283797,0.9079278253920418,0.3372146853504655,2
0.24543895103964042,-0.0765274481923579,0.3619281542222052,0.6192182975183593,0.6138005382019058,0.7048534999176539,-0.5214043332061898,-0.12839009460771367,-0.15259898547004902,0.4396913146205472,2
0.615814334540698,0.9083262869466778,0.006584605301217875,0.06391280281577483,0.38569081570091096,0.3209022774648141,0.13394607079241888,0.4790506711470012,0.14259966769076823,0.9302631245865988,1
0.595474169910039,0.132199826485988,0.13997694700310656,0.7678356899583578,0.6155721176679383,0.698672610820914,0.6732904480408975,0.9604732278810492,0.38578511368531204,0.8828090725051515,1
0.5290744824745774,0.564273725656147,0.35850037934102813,0.5233292700163841,0.43875766465288973,0.3308975969092182,0.4230433583058669,0.2810851634140177,-0.07286761770965315,0.1952306773956778,2
0.8951513144928462,0.6191071819429885,1.110849530699651,0.8320257717540891,0.3180946689559251,0.6932202179809288,0.16835474776608206,-0.02167190043293271,0.7915502751104861,0.11852069374462781,1
0.7893677904254324,0.5847050569940413,0.5360759926624425,0.23570670477866718,0.14212126928615015,0.9310633806097887,1.0300998910912345,0.8172184252508342,0.3534726349703111,0.7705804999853227,1
0.03233650332721294,0.23857199407871993,0.7031600919036418,0.014976131078841264,0.04362268241097904,0.2845073144080373,0.12909788912834838,0.8643301113925019,0.46769227962938364,0.3000633984966831,1
0.8986245538806151,0.7329591079157506,0.15071560931022676,0.7640131824505623,0.4150330051362671,0.962344576396085,0.6717778573625848,0.20737181091840373,0.851759240300644,0.3357264779722916,1
0.2811255283274568,0.9073415875376009,0.8309620879338822,0.40420413035599,-0.05872849633098248,0.7318750034109904,0.688052461302782,0.6594945849398506,-0.2560519495275036,0.6966606488519014,3
0.25608059963296137,0.4668419895701349,0.7595405141495479,0.29841113638298156,0.41976845284662123,0.4321743567562682,0.4740225109006593,0.9443544527083729,0.34685346245865056,0.7899974719209074,0
0.29241273497229275,0.1856852326409082,0.25202475873069524,0.826506361395315,0.5886798679221193,0.40939496862015995,0.7918203513550054,0.6672912937007122,0.11111464162976775,1.0717976977617465,1
0.3405319027974153,0.8990130256039869,0.9530876929216676,0.617257113477864,0.07690715401342414,0.22327455950107103,0.24509704378564137,0.7695977193281115,0.07155960686518176,0.2957623473207043,2
0.7599424626153314,0.08395429966523096,0.18200515288181113,0.06751234955250482,0.4171193838799768,0.2769569842043389,0.6507622517425364,0.5792066152976725,0.7349056312731728,0.6799705773767112,1
0.23719489260300594,0.29790276692407935,0.7257093584002585,1.2022047320294176,0.8066410658056167,0.3225899591594477,0.5576303034872241,0.6038768294833704,0.5320616202208543,0.7803108023813332,2
0.7783627820870093,0.5449585506168246,0.4364010700004225,0.6768177316617239,0.756141631195299,0.5592601927355242,0.6985682542611765,0.29710322128586475,0.7184072288019825,0.8469176772719147,3
0.3418738384392336,0.8788135791262992,0.9654104152661465,0.5760315320289765,0.031618487017055524,0.2399876581940824,0.20873236071115986,0.7732400125642578,0.08075654399966402,0.30567785705205625,2
0.2478323819200617,0.9144588502324861,0.05627896668154687,0.4540679805612805,0.6367570512589629,0.7528288088589397,0.9502291850097853,0.2283691785307067,0.729802793506491,0.7545974386994465,2
0.3248689375039491,0.33514837410205056,1.032641187801036,0.6412297754804849,0.4785033107103649,0.8184677805186588,0.23109925009940174,0.7523551919755886,1.0258493289405237,0.3200107288787868,1
0.8835592542253886,0.5255484866582343,0.5797838421679914,0.5160792971034869,0.823906774016211,1.022580178950423,0.47476536453201307,0.6165355807343439,0.030360509369550093,0.3894032392756457,2
0.14587119188647465,0.9135933829770068,0.4786706681144467,0.8874293312757034,0.20877363060627377,0.04560526694232947,0.8196199755277135,0.7082222995933155,0.10568145895492893,0.7561284402587456,3
0.88201048031081,0.5289746302993342,0.32240825981670246,0.6666174625883479,0.7054124786380417,0.8013102072198146,0.7203124937246376,0.11745162678232317,0.7308216282380212,0.8961027336230404,3
0.12115410106210887,0.17289826209943,0.25537557294646046,0.746637807296602,0.3809882062962988,0.8157547909464339,0.8598704383098219,0.21445963214289165,0.7942450124845201,0.41472642056784176,1
0.8815743273778371,0.6847991287516091,0.13716139051610396,0.7910264703945314,0.36043285117548807,0.9882345888280961,0.7135113731288016,0.1578335008640415,0.8133497925773029,0.3303965434647615,1
0.344242399490838,0.4030365552220066,0.3452720120977836,0.6989047977473734,0.1702022098431326,0.39662845896542914,0.5030232677154279,0.07920243400505278,0.9547801662942721,0.19037940017082688,2
0.15148559056369326,0.0882213810945075,0.24018715750974573,0.782134024246215,0.5352452066711793,0.7451285817028608,0.7961999448959699,0.4500834887710492,0.7101694768550407,0.5630038671297098,1
0.8387794704030863,0.9161890710952654,1.1324392262353893,0.656048641160654,0.023696059787570847,0.5566748639378511,0.9734113207915919,0.33132112368838734,0.3994335851269333,0.9428808729822824,1
0.6305208566369235,0.23604161186744235,0.22830794129805618,0.25399710859611013,0.6032755367095198,0.03283672837313722,0.5985075755627846,0.7604662913909909,0.5955097988518289,0.6416208497929086,1
0.3731866420299865,0.8213162107721327,0.9251234215695429,0.5771886521429096,0.038042091379508425,0.2501083173958434,0.21842394120951114,0.7903451407646115,0.037878226713788744,0.27167093393183456,2
0.12650114635107695,-0.10985375829667708,0.11654711290357694,-0.12970053195105466,0.7303209483749449,0.37475807701725333,0.613337779710112,0.3879019670770785,0.28523656299134686,0.04728888342365181,2
0.6766729693798449,0.4178480788826077,0.6869119210277884,0.3026443976606953,0.7221531590287454,0.533288348128886,0.6910845593678789,0.40117468796417954,0.08283490403186045,0.1963237722499272,2
0.9019936008572331,0.5983964170653892,0.3376010847407546,0.6920799054262952,0.7410776603914727,0.7129967083975046,0.7024832942127777,0.08090448642975213,0.7364933319617324,0.915374005051393,3
0.36867809929614626,0.7026201057773903,0.864818986835281,0.661440038616949,0.5120862445346577,0.2403382795075945,-0.1357305235469542,0.7391931418672197,0.3467549702005409,0.4294590988983861,0
1.4552026951021235,-0.575161276068907,1.5530265541102768,0.5694264455846194,0.1961112940660116,-0.08296864849536245,0.39525267562471744,0.9467968789656489,0.08620831850244987,0.5524077659683405,2
0.17364711124701404,0.36648231500562195,0.04816809967010183,0.8521988113034151,0.08116926552883381,0.6656986945350187,0.545515252856713,0.7755628626666102,0.7016024837674086,-0.013085768286969272,0
0.5578642416092717,0.011006023336295745,0.09495634850407507,1.002894349883224,0.4554500714670595,0.6036022907000481,0.8824073578067737,0.8841298111971163,0.4211632026581442,0.9881517949777497,1
0.05932372012882013,0.17581700477608864,0.3278897753028451,0.7143178629715558,0.4658306057624529,0.8394204103954016,0.8542533670624096,0.3578728884742604,0.6777421634861339,0.4842285574960383,1
0.308886394411588,0.41154328701424553,0.3261701741038644,0.7208653916668445,0.1679565061928321,0.41070479035961777,0.5006500681371506,0.05664447873331013,0.9543763540037996,0.16954668311898802,2
0.583309890893825,0.4059152101529561,0.9063833915076261,0.212803584790836,0.5658984954706849,0.5211502647718923,0.7194302440362172,0.3259333229137001,0.021599975782411213,0.1195141443560031,2
0.7348474302696589,0.387331751122425,0.841681033761087,0.7287778706221076,0.5185960718406553,0.56765513598808,0.04182816614656608,0.7111480396450282,0.8835221922462131,0.39332507623566615,3
0.8348887457332189,0.11478112404755547,0.3134291158913234,0.5183447080836184,0.2803320183315949,0.7539273692955096,0.8537525586214366,0.2712935641059665,0.5684230611831366,0.8335402427991467,2
0.8404261850505974,0.509805917413844,0.29231033858035516,0.7705955859334156,0.837456747968975,0.7059477543338127,0.642033187503665,0.07558663702409887,0.7384470621088515,0.9499175561108314,3
0.27134416193920796,0.3396558755757071,0.5645604194264575,0.5578960299458458,0.6183727937320408,0.7274210818626723,0.39041515673395866,0.7286127122324516,0.233766216116691,0.16680666666722332,0
0.8850260290399212,0.10551061286531259,0.6022896923643988,0.7996515015057521,0.5490487007154373,0.4633818292990999,0.5056662247871511,0.3839062609812381,0.15154656920861653,0.6476008069603449,2
1.0079015182165987,0.25785053830059623,0.08444686383941323,0.7042224799482829,0.7787045065137335,0.15635536725064886,0.2690630530839506,0.8962500090136053,0.1121334356858883,0.06793240102655224,0
0.11057592405422743,0.17056082622585356,0.3017181677240709,0.7421196584352291,0.49584759289347485,0.5720600922347678,0.534781913402256,0.35916592824521926,0.8382505484405985,0.8809171582452877,0
0.6196170014484029,0.9124846463268146,0.19355871127067742,0.10082678063076182,0.7980588922000075,0.11676945133296122,0.29204802006448716,0.3414574917149657,0.6177231187029137,0.06815311658172335,2
0.6155489241562138,0.725635268339761,0.7736321152452773,0.4472598032616543,0.6672702766533236,0.6700649699975096,0.8563738155665683,0.09014359020336082,0.20422040047493942,0.29618311314989315,3
0.5554115858646429,0.8554605520510166,0.1814856652635633,0.16568405224634358,0.7211242754503743,0.05881116980748724,0.19762623201461096,0.3575928982309368,0.5707936677715543,-0.051511149212436935,2
0.47270435200605787,-0.04030784909383389,1.2510142695645452,0.3368880783731992,0.6522923637056104,0.7762857760440978,0.5074228262356228,0.23821237166068093,1.19024243438793,0.2950730874344773,1
0.8044850405201674,0.3695204979064418,0.4773987383734666,0.48308189273946733,0.2412382812155796,0.1520177549124134,-0.0595737062266663,0.33412304398990134,0.5027541446191338,0.5886246666697031,2
0.2756290474170361,0.4326519737724981,0.9615100004306554,0.6460610829057137,0.40871614227816616,0.7322967965890947,0.16897900833843826,0.6654077189084038,0.9519610961362125,0.40210880813125494,1
1.2049816509081062,0.7104125893154118,-0.054008444794923394,-0.32039643078485125,0.8947524630181893,0.04868992652144794,1.1076930906369797,1.0352037946856276,0.5989590812820154,1.072535438962844,1
0.7689696651718517,0.4018491932590466,0.8706149283820367,0.7271161283560196,0.525035000151366,0.6000184222152105,0.07467061231757059,0.6925424206664393,0.8624171861264931,0.40123056520984457,3
0.8091695568779514,0.6657900750780145,0.12692585612369017,0.11062675905651304,0.3234115825934473,-0.2062230901573993,0.6682847574049083,-0.16578791380656877,0.005306110120641028,-0.03119400490929622,2
0.11073556456745914,0.4460148265831878,0.22032885236619656,0.14283275532921225,0.4436866824162082,0.30054363163502784,0.10940658735938197,0.3360492432541986,1.0126128846399456,0.7712848658985124,2
0.6678013817415505,0.37192076307591143,0.7386025044935947,0.3913103595199331,0.669491852386036,0.6068224815348429,0.6267812205204442,0.3367160222905368,0.052788121739853804,0.2028898361537416,2
1.0702251673098722,0.6139237294997681,0.32258523273000383,0.8306527967725753,0.19888821627041744,0.8970812871036266,0.8920778960122577,0.09802761351455648,0.8779640076390961,0.18706009830121564,1
0.6416672443784353,0.6068311040012528,0.448509353721214,0.3197801783551971,0.8605430661577441,0.5253594582812556,0.04753445389542868,0.2425603532909967,-0.06923645498475177,0.30153958260271796,2
0.06675415961827229,0.08918586635553087,0.3009852177792931,0.6808177557992744,0.5199519234250799,0.6026309869762331,0.6074630033831316,0.4149635586849718,0.9020960150285562,0.7904889878388743,0
0.73788909808315,0.8018859843949312,-0.0018108902516738856,0.6819203542657162,0.3783839481055308,1.1399318617970713,0.7722586042025718,0.26011316761459646,0.6752472396899281,0.43978796456339864,1
0.8744574256985496,0.541533577652985,0.30931695113502605,0.7116548741560862,0.8047112462804841,0.7664938340721763,0.6610161238190031,0.11279957611454375,0.7969639442294121,0.9128345628766436,3
0.08795672767948363,0.4156915981770318,0.18196316807033058,0.05394101384024246,0.5111743866081397,0.21985646893870395,0.20147373309239672,0.2799477890996841,0.967562033149459,0.8310875214804572,2
0.6465544240548712,0.6891127043779702,0.7587910725493653,0.4074851929210546,0.639881055136629,0.6598540888016994,0.8351606201597492,0.10512362625054024,0.181421476998302,0.3184096271098786,3
0.24330393478341153,0.9127766875360627,0.04617903820923596,0.48023651440004117,0.6526078769493971,0.7576060221292931,0.9483289427280903,0.21339798325526912,0.7189943720892318,0.7423569468314553,2
0.5416001218624124,0.8526157463657074,0.16985467467079404,0.13769194696534726,0.741866971284633,0.08669217967244217,0.2159245737007735,0.32695034419952684,0.606817291103306,-0.03320917800675048,2
0.8942979455246921,0.6131310579504116,0.24827368890926862,0.7105323519887667,0.7859524347816652,0.6601413673022042,0.7324836690117934,0.20149761503769897,0.8145307045300013,0.8553920471495893,3
0.15033856554901603,0.9385829089795962,0.4290132913062133,0.5465354018493537,0.5662922680998238,0.6146126001168151,0.8851839150977255,0.5440018782589083,0.4489271410977438,1.046706535371535,1
0.6801402057020295,0.7823013731995853,0.2795997393441887,0.2283579650160595,0.7452082670671977,0.4034055896789289,0.12763815650498642,0.41354077414954543,0.01959576142702741,0.3106623102807465,2
0.589749507217896,0.19676703174704052,0.17774120068296215,0.8495271070638424,0.0961059178960472,0.16661180911599427,0.6265523213428996,-0.14541027126798975,1.2084078017485254,0.46871333665277626,2
0.7306767947983983,0.38255507874319405,0.6951704516171487,0.33624967642607706,0.7097147984278218,0.5418701201329433,0.6585857378245092,0.3479699244999729,0.11923422299285945,0.21295026661776584,2
0.517138508404112,0.6284099446030361,0.8071118845423719,0.5989791950909826,0.6240925741268343,0.6725815791658755,0.8611949524966188,0.209211800436946,0.25095936781173694,0.22337784776580433,3
0.5726348950732799,0.7490773079540118,0.3136253286135871,0.44865458431412314,0.7266981903720326,0.20823872585128764,-0.0005193566679353376,0.13584680632638968,0.6002489413463633,0.9917832044982824,1
0.1536387435502916,0.1303009916310539,1.0537695138952827,0.7174307159345636,0.43911022059253924,0.5913861766983998,0.03530176807008287,0.7179157471702147,0.8646668567651845,0.5624605492492648,1
0.8853985091258961,0.2245242039461037,0.9394002071058938,0.2357955753883283,0.7483393863183561,0.3383474333316408,0.5515620673635587,0.5404983267710202,0.24758655565992913,-0.06288873193332623,2
0.6722283386294547,0.6379580922476719,0.5194176035592225,0.7071120808777206,0.10775620411328746,0.7567250312937979,0.2423168134002627,0.3985234810263608,-0.10375625797139504,0.7362184783504464,3
0.7190952058652552,0.38853654657808134,0.7038137860128991,0.3365077448418805,0.7056258527518154,0.5498303154681633,0.6471400219348898,0.3527594870728057,0.10874918891921398,0.21832890453159995,2
0.7960348607321299,-0.4463984204021364,0.8694384055124592,-0.15443638104575663,0.7464283920731171,-0.7977990152901199,0.7993156780570746,0.3004024713908659,-0.4559229448978383,0.39933546678220233,1
0.7747929272106334,0.3950352189399078,0.8734416487022103,0.7197655667565679,0.5217373975817388,0.5997464738776762,0.07700262658274011,0.6988141801290589,0.8689421876186445,0.3997847460317557,3
0.7233990699412404,0.30144524667970307,-0.1690509422225287,-0.2748888397966234,-0.3349078980633878,1.1947784508013581,1.0284345051275627,0.7033076823618567,0.6638098176142953,0.7736171654701152,3
-0.030204995740989518,0.7972561601698652,0.47628879585998585,0.604839016502179,0.672078274907574,0.582217928164165,0.849874799976248,0.4367709085792463,0.43116726118644483,0.954491975186041,1
0.6398604011857811,0.8542486141555415,-0.04574438050556912,0.041469419877294716,0.4130322360160552,0.3642290785009875,0.15534211928367161,0.5106457632775557,0.12375381194584514,0.904843856069526,1
0.8957778482230545,0.20930537386868414,0.2278571975178369,0.7202094054307133,0.34616946285043615,0.6514860102545813,0.9445110846049566,0.2957478282957421,0.528055370768103,0.8920671368171184,2
-0.16560858050395783,0.3579519897265707,0.6418444857877144,0.7951903068408469,0.5091745646273456,0.40373101095952457,0.4591943570039023,1.0043960058045729,0.43331560399286695,0.3609910185089897,0
0.5858854893360095,0.5724399934587697,0.5085701298926074,0.08163402829491126,0.2814363450531838,1.046373942477825,0.9460098003327628,0.9375014778989373,0.22581433134667925,0.7856343068734439,1
0.06582363488596132,0.12658088187045677,0.7633504149890113,0.33375601738191796,0.08996884558714248,0.2617785285873875,0.6661583089380485,0.38666530248794856,0.30875607702877494,0.4466584307290215,1
0.23641897013856875,0.025697924037486317,-0.004375961795231004,0.05669005338365254,0.8318406410676562,0.2728574857724581,0.5303269224560527,0.3439717509865527,0.2694241987748315,0.12589480234137282,2
0.8797691052037845,0.5218867732123004,0.28962870234352306,0.7704635393504752,0.7873126481096469,0.73151222864903,0.7204696739785182,0.08093582753319908,0.7820929259339481,0.9490968598548336,3
0.7659034141405612,0.8592119347818787,0.9188873746707668,0.7590570183925144,0.09254009400527305,0.12660423997623044,0.4971270161267008,0.5004034992544928,0.4869536567901513,-0.23058667755347678,0
0.724350926550869,0.36639285011465805,0.888400928517117,0.6761283886286766,0.47191977607525615,0.6072932366074811,0.08738825703796824,0.7360311477511956,0.9113202235714486,0.40327508477427243,3
-0.7885018607850839,-0.21540914962776697,-0.6258927396768702,0.3935569648837827,1.1524067871089279,1.0608437401903603,-0.10526243028393889,-0.16368466828340045,-0.8349221114772997,0.9554171135502585,2
-0.04792670140648972,0.24522361442767504,0.4067026752583278,0.20174589303002355,0.3900909349239131,0.32256260489437955,0.10533258967774149,0.3516767163399411,0.8267236717516158,0.869035519500638,2
0.7884984398617063,0.48467858351783494,0.8263412903542942,0.15420723701712113,0.11634607366868409,0.7353952106832257,0.8592264604315734,0.6302633245457794,0.2722757241248648,0.6557891193315369,1
0.6740189673462882,0.31089663079904717,1.0477694937794977,0.6601656628987409,0.21444921831385177,0.80154361102844,0.478834912996823,0.3661139833056261,0.870786201710638,0.4048584072229683,1
0.38423365352850924,0.7080500387313436,0.49085421756367315,0.5978150991110358,0.11853390896984821,0.5043622889159873,0.23717473185880872,0.6519792102395519,0.49874020594131974,-0.14409399444702592,0
0.6779455900648078,-0.533944248361415,0.7090580654918359,0.8902056596762824,0.18500309633923068,0.6180620456745293,-0.00938781775952513,1.1301358927930605,0.11958478138095219,0.3576523865971707,1
0.823871471890919,0.6381610309863541,0.6910662350688923,0.19603828108014357,0.15269378848183415,0.7830491453491123,0.9255497794143661,0.7147314829366911,0.40036710596817227,0.8082078520625449,1
0.40186477601403514,0.25959512054270795,0.6802089475503988,0.7643023177010967,0.43785964815376976,0.6724852626841684,0.1556224633325559,0.1737576714191808,0.4764035233536083,0.7181830395838292,2
0.42757226234765444,0.4370075868932918,0.360656310178486,0.7962941232736782,0.1867017953985389,0.3314148919857075,0.5444747372716487,0.1201434628905391,1.0371296602983817,0.15237919975410616,2
0.5377068964829025,0.37383062655621363,0.24309692650756703,0.9883671688741965,0.13833719040708636,0.4396382185884546,0.49651072993832346,0.6243775687873157,0.661061120776995,0.14626866581637482,2
0.1028244701345988,0.2061795666119557,1.115014921958307,0.3835473571726753,0.30079273004949303,0.5231516009439533,-0.06824916681957541,0.648812423802941,0.9178883591499708,0.2440614267048108,1
0.5501470635322834,0.8426775049265984,0.2952117448665953,0.5051587114504993,0.7381638762033723,0.17845025565084113,0.010034599266519277,0.2575901033015816,0.48256746247085675,0.970886068142925,1
0.8847647055763899,0.31958198007270866,0.4713456360344519,0.5362442845189972,0.41271862628600764,0.26687045404596305,0.05101943117148504,0.4704627417510804,0.44385966044405567,0.6516256370993647,2
0.42585953022684186,0.6977688389439797,0.03955799611296165,0.2767606130924313,0.4915233894029462,0.6829772894538887,-0.18389649721878498,0.5151779939462111,1.153700556433358,0.6434292489129101,2
0.12199144967324274,0.14000051064064653,0.2346715231827008,0.7267812686477142,0.5402723358009606,0.927745228640678,0.8952133089543094,0.38946209008418364,0.6912310204427781,0.4718154146303735,1
0.1294444104456693,0.8666474634730348,0.37891913540969424,0.40488666344838153,0.4960542367949813,0.7514105047421737,0.867830359116585,0.5326209598565604,0.5275162499609098,0.8808698947155307,1
0.7195848075005651,0.8256891180922601,0.28595737436970287,0.23423883905112675,0.752070523808773,0.45526726479675594,0.1565543256855624,0.3776911495005259,0.08609562314578366,0.3273886022498052,2
0.04540211331218015,0.7902148608424439,0.2931424778063431,0.511927291052987,0.9151641858272709,0.5828758655866557,0.9154348499780756,0.6579398229394121,0.6402470799834963,0.07152773252350539,3
0.635789547818567,0.685346973622795,0.7606010012270851,0.42538567915673386,0.7074522981114049,0.6583153896587782,0.9298587940088867,0.012020666314410455,0.18858952391467812,0.32020422987212066,3
0.9317869293012668,1.185338602611552,1.2998688347409633,0.2619507498270945,0.7508938027128417,0.1276804567198095,0.5979894388408156,0.19715485240489128,0.18799410408059902,-0.1797162554458711,0
0.8450527555502755,0.581577241638614,0.28334748041620145,0.7174799336485287,0.7831240131272476,0.7199095748443465,0.7000565020215691,0.08824022647188842,0.7249641715036429,0.8883659648747992,3
-0.04213726382152984,0.15038418518575128,0.7665851592263289,0.39450469391726006,0.1414111033231143,0.1760815719602328,0.6890641115138703,0.4957006134300763,0.3109617855104346,0.43709727775994617,1
0.826590189965843,0.05037994370233314,0.49441651832214173,0.6585258971799135,0.4935643445545032,0.37059975403886286,0.8166882028961121,0.600609975099738,0.08146052644783999,0.5658324519090808,2
0.4796629697624595,0.4919304365375177,0.423807085268869,0.7042626467358477,-0.005400155284670194,0.4654680919318542,0.668868424063014,0.15113605127445245,0.8684257891778249,0.33887632833596754,2
0.5760972098837471,0.2967421839739593,-0.31844723513105117,0.42515844936152497,0.09315498376592081,0.7287598704824596,1.087216514435943,0.620328273241315,0.6434315149201484,0.7881229427952506,3
0.3275770543242759,0.8705833676739843,0.9815230369533833,0.5977598293440995,0.05307907752884879,0.23127498281535994,0.22899742931195616,0.7773468866847277,0.08982857040460653,0.289970677584944,2
1.0488992726647024,0.16778847158453997,0.8534540853632283,0.17294569550107594,0.8858543587592159,0.22995188873196937,0.7944384816854924,0.18420251008095062,-0.06961117812203535,0.29847352641626995,2
0.36666823303935026,0.46821346209683545,0.8602354812385762,0.6943214129241013,0.9039982700202185,0.41684393376095275,0.9097757270100727,0.7405688159008514,0.5371156386176542,0.46064619209222446,0
-0.13160054420581366,1.110651195583602,0.5326484215851593,0.6781791709111467,0.4028498130767258,0.9509566831861967,0.743348395276776,0.8274275392211172,0.3877281419223095,0.7582111440976835,1
0.539436214436835,0.7435267768662818,1.128903948827378,0.21420337528553107,0.7577424253596143,0.15131288849517097,0.6476827966922726,0.7034851729104254,0.2212039088381879,1.0199187575664381,1
0.45062022493159704,0.5977838422816613,-0.10697112004625248,0.5183305830124847,0.5197986786738181,0.2301203593436728,0.8739659155657031,0.8748891182752958,1.5733519039147936,0.9206254232857037,2
0.03456760945166904,0.848254552276615,0.4275561622648362,0.44430290559000135,0.5131170324280622,0.7138335760011232,0.9082218215916221,0.5506992825656668,0.49623760993975197,0.9145804606159613,1
0.7281782108766772,0.39025902883151475,0.3702356098106453,0.9615442958931367,0.061468800992537875,0.21514214884140342,0.369354772127276,0.7778821402310148,0.5498961981341018,0.2074396752170852,2
-0.02130733930049343,0.9347949206503203,0.5572267807812397,0.2861447645449091,0.5981179914483651,0.6747008944366462,1.0532244834357887,0.3912900206468136,0.40161527328558294,0.8631599021744458,1
0.34350634172760014,0.8581794607018346,0.9922243057216397,0.6096614860820414,0.05586375511068717,0.2462539281023245,0.23997858252882362,0.7943230316597568,0.06763541008185428,0.3093945728155265,2
0.47496551542978405,0.2854123124525751,0.340875211801896,0.8472077934850432,0.3114193433032575,0.46341052633766355,0.4370459314879669,0.517247093517948,0.5585820384145821,0.31059276604573033,2
0.062204613154256745,0.20490934842666944,0.740070295267338,0.16270742939998187,-0.08767646890617475,0.11324152194962106,0.5740316775918436,0.508023665966578,0.15340001669296102,0.31264175276761347,1
0.6047496977813115,0.3088553968936396,0.2553602984664337,1.186501120569578,0.019460568656845534,0.557748739162168,0.3840046383095104,0.8156018065719493,0.8829208958681188,0.1913973671474277,2
0.971223537177796,0.2104347258384102,0.3574132898538769,0.42839545248302763,-0.4618162925208116,-0.026655066180568426,0.5512587288567523,0.6154634606922864,0.4585161614322463,0.47088368712924694,1
0.09622163344822719,-0.045275174233394645,0.0064691932824339216,0.09919596550904132,0.7169022564682206,0.26210049857133705,0.5223613235992212,0.5430580398717995,0.3138842078371593,0.24917867580922126,2
0.20992384253444726,0.9213997895125153,0.023924181208932346,0.4603789013822768,0.6071121574899506,0.7185599172153322,0.9865757680849839,0.2522354919717317,0.6937270269751445,0.7651542804808875,2
0.08474229021220483,0.11618283197012538,0.31188034321271285,0.7015019222584323,0.5206594069555458,0.584519575453343,0.5949234085999129,0.38343229741215346,0.9274095688765699,0.8059957119054039,0
0.5114750699850198,0.3101982516821573,0.19259292161692182,0.39752426181912953,0.14920866967401514,0.2563283860480465,0.3159171964300538,0.12279497629785859,0.8707612600465882,0.9903990438779189,2
0.9434202850129373,0.5626268799122845,0.7632329751386747,0.09002134665157119,0.5322779907802412,0.619616114595977,0.3624199289650049,0.17658757293353017,0.8031380610369016,0.9822097349865356,3
0.37191991013983877,0.3774583719554512,0.32998773589736363,0.7229203103449843,0.21056357130960698,0.33298295714774445,0.5199451061342532,0.12924601119491638,0.96422397703161,0.19145681753254734,2
0.908757393298939,0.7273411125463862,0.6295519926282065,0.22807577842365723,0.7451455113333227,0.4181207998767423,1.050904384584745,0.5170162274105704,0.14377486582816684,0.4901948873770242,2
0.8521561262321469,0.6964653884677141,0.1515134301549545,0.8149351253727438,0.37328215207577997,0.9496529952203199,0.6913427562995141,0.1480264497383652,0.8494281085358298,0.31934461539875936,1
0.4557271841880526,0.7360951585478819,0.3882107391990504,-0.10746105665039929,0.43801164472051207,-0.1435335298879147,0.21975970832724334,0.1295018979081306,0.4807343190273719,-0.014074707896736718,2
-0.009083254735843385,0.003954745965810955,0.4368127203254714,0.5073515092667524,0.6442241269358717,0.6095636373402293,0.7765001612661762,0.16346213360082476,0.7148970855327971,0.5664891970080891,0
0.7926100924715506,0.978099043913683,0.07534021488684917,-0.11782715647200084,0.7456541389138005,-0.06565020808505512,0.13787547905613506,0.5240158094532504,0.6638546516981308,-0.2091365135549479,2
0.9917809264550641,0.3131304486069566,0.21846608157578407,0.37624528319569117,0.7098930651222994,0.43189779712890675,1.0184532839292932,0.11734117689853338,0.6438172928991661,0.9392993930578564,2
0.4388044123816116,0.5613447905242066,0.6899610369579936,0.29365543742142314,0.3372910352209524,0.9005057329202988,0.4612330152492554,0.16002771467331459,0.1491106655760084,0.9602299167826707,3
0.5821473127922947,-0.05447707105017838,0.15577071623181804,0.7534970051856655,0.3665016793270341,0.8256333770788167,0.7190337247681307,0.8048756756563418,0.5010978143884987,0.9592020621425011,1
0.12256495668262622,0.3590925420603012,0.24007539320185636,0.11249626351033759,0.47600159709909245,0.3054020946720636,0.12350840760931026,0.32070603517158913,0.9473065999787831,0.736669977661863,2
0.34716035401208983,0.5929752859805888,0.5702193105359323,0.8516564682896267,-0.11678425128829784,0.42670675237088873,0.754795913237348,0.16508497124753527,1.2145127227216936,0.10482296722588243,2
0.15942347186975192,0.42886238941695237,0.2853756920353104,0.059649825117119665,0.5266340043474204,0.31035100279577665,0.13195631799888263,0.4224119744174587,0.9095107159159026,0.6392451883719849,2
0.18997671898047758,0.23118454900444796,0.8527194310942433,0.19647260631755792,-0.015623805764944765,0.14560851732569036,0.6556816973852434,0.3145356118297974,0.2934129187269624,0.5229817608629898,1
0.8583009340470203,0.9880784187007532,0.10990398321559441,0.2543042637249639,0.4858206875273735,0.6998899765270342,0.36910774812681,0.5355810364365776,0.47767683659473453,0.5004979696754353,3
0.02465907437314528,0.2467313400358674,0.6958793715694078,0.011862558104350147,0.03175322674292505,0.2734905153659861,0.1358520371286442,0.871409237519324,0.46401596152792085,0.2842321945959855,1
0.7331626700307041,0.3214168827627889,0.46010298604737376,0.987342827247746,0.28553833340299006,0.6834490680792142,0.39907596462447004,0.560011252389053,-0.17596029155604231,0.8832600553485027,2
0.8554655270278463,0.8253619333068317,0.1577171751092074,0.5129316004859644,0.9401836971651981,0.03776121804735473,0.2192976709266475,0.5357507303626687,0.8290339420694137,0.0454795644606471,2
-0.21064285928500565,1.1008125165005749,0.4260239556878403,0.663963138891386,1.032276601684754,0.6846430926009119,0.521430790985818,0.5548536403295552,0.8369164880740884,0.6711337691567135,2
0.5146350016580912,0.716618897228014,0.20102140567789503,0.0962026900677436,0.8604966225332688,-0.11006429328667477,0.5482227814318262,0.11482749495808064,0.36845380679620254,-0.3108920516426922,2
0.6464352562046739,0.7937124339429042,0.2869937627049883,0.2123178362439756,0.7685637967952733,0.43936959072013076,0.12095291888094814,0.43363128770863196,0.014948390457954566,0.3107321348158037,2
0.4038349070017349,0.6724284354347436,0.7259008105640037,0.5567155069962956,0.23658741429055766,0.5681892929710847,0.15337937801421014,0.7514705612273056,0.5867644435230609,0.1549799853495042,0
0.07105481474043365,0.1262070691379765,0.8213015674262599,0.3744323769586616,0.09850428420410573,0.24433227062687257,0.6669848400665486,0.39861126093838384,0.31446557034732936,0.47244436876587614,1
0.5932608709575993,0.9023176434116004,-0.006066531038815838,0.06861504539975097,0.404864228095475,0.3362521294904256,0.14602189216145076,0.4774703817501783,0.1531766693940165,0.9390194176019193,1
-0.005378233217739087,0.49130894346786325,0.028090514788375875,0.2845878587876701,0.3895211501095421,0.27994550647253136,0.2952994069958207,0.48297105776013227,0.9192269000006138,0.5865038271223075,2
0.2644006016905816,0.9176635319233841,0.05933548964327842,0.4800556365420183,0.6707609325895574,0.7299483706847605,0.9586269187230231,0.23733992150600258,0.7307147142028426,0.7255688518115178,2
0.6853265600280427,0.4145656676770594,0.5118248941539688,0.6073483662137552,0.31444203604499144,0.05427719932738456,0.059096961443830365,0.375716023468544,0.3690975938593789,0.7804376920105794,2
0.8798800661743297,-0.19613748507070833,0.31746236485831736,0.958353487880516,0.7994876809325883,-0.11471672631106372,0.14979083652099917,-0.021132207782127876,0.20463595115501124,0.21165870288561828,2
0.6327770699809219,0.5872307950643806,0.007963739937790981,0.3998944082734112,0.11286796775756616,0.2595422374395081,0.5753661724458504,0.3548014243227156,0.6584873665889077,0.039574926282919726,2
-0.003501548248426495,0.1246892208867604,0.8495712480034674,0.36265105031134665,0.04199662497889503,0.3251413267166292,0.6071414111688004,0.3470375709783691,0.24647757420727198,0.5001826791716305,1
0.7650849785547083,0.21474583444846188,0.6407006444016906,0.5028532090244884,0.4230861298415782,0.1807889476717969,0.13843661017591602,0.48649473866098336,0.449664914009394,0.541224017085319,2
0.4303074439274416,0.6545975996459027,0.748810436112588,0.5174336000308655,0.2249320210955879,0.5590453734717634,0.15742911873920407,0.7460837237455888,0.5512784975431405,0.13456845438067802,0
0.3819315593838529,-0.12486126503462466,0.30376154054309534,0.7153535601173903,0.5946477413702967,0.7603718611759754,0.7064837552886427,0.8114910275738029,0.4478774744384124,0.7823697206969695,1
0.24936064694121607,0.45112623008619435,0.6282993660898553,0.649799315740328,0.5306433283984131,0.8420872573962923,0.05372053732107869,0.49881834043808676,0.20644752236024022,0.48985770767603176,0
0.08936381692761197,0.8238497144455368,0.4300779917076518,0.4395212132065884,0.5523655026919118,0.7419653267790954,0.9262631576704764,0.5954014448496489,0.46236627843996647,0.9005569059732558,1
0.5420047893820658,0.28745682223673175,0.15402914896534686,0.36886960424861237,0.17574138731763128,0.22600660335980233,0.40732759502074223,0.152016145870042,0.8856253165968997,0.9934933902209049,2
0.334544748462568,0.2614156346826967,1.1469623951784627,0.6291774017882136,0.598360120028353,0.9435871873793548,0.37156254224841767,0.8998620111144633,0.9926697528199613,0.5111312781872689,1
0.8217541709057089,0.270214222374776,0.5228756261517177,0.5335538449029593,0.35876925201989396,0.21686633709313538,0.08923850731878308,0.4075372215685112,0.3689093021150256,0.6206842009332236,2
1.266877222369751,0.7858184339138358,0.20468733671022823,0.4029543231623262,0.44859155196129274,1.4690584397909034,0.055958822919609255,0.12284187903999558,0.4227345886942291,1.2501312903294233,3
0.0654023941387401,0.11409135168877009,0.2323518486347257,0.9219831395031072,0.7669311645047348,0.4325542678900539,0.9166869130184128,0.5970407112700519,0.699626318085018,1.1014009200973154,0
0.2942674837263699,0.4163742491376239,1.005155010933353,0.6441936706060458,0.40205673218217375,0.7383685371751153,0.15664200662786978,0.6438059862899888,0.9531779450278031,0.4368205402705934,1
0.2537667766245753,0.4497844660850015,0.34110169881121183,0.636448563362305,0.10792427494577526,0.44601721198534344,0.4404878277114945,0.11693931756427486,0.9274377376097612,0.15151146263669638,2
0.39650525729966524,1.0705716851056013,0.18098514046131942,0.07034615147220735,0.6647018292808035,0.26318178182250757,0.4661682581859955,0.3243898540303399,0.6217728349158882,0.11495778548263161,2
0.31788217295674037,0.8891239659489404,0.9945423021272725,0.6056825439692818,0.05253772165365637,0.226626132466088,0.2122885937424719,0.7903205668865545,0.10178405260788784,0.28504279178629155,2
0.5627220121191929,0.30426305716169894,0.257787231013526,0.974849547325884,0.206184524903604,0.3903256317485227,0.46644570510338695,0.6317410217867753,0.6776300571445928,0.19308636241511767,2
0.6555954388615379,0.16868404876046011,0.47428383406952884,0.475350012438146,0.5193111331955864,0.261101534036313,0.8402656306430816,0.4386808472581153,0.08896969593671027,0.6726965143296648,2
0.8308034778214012,0.2670733988085066,0.5416353930772749,0.5256882159889682,0.36637040717594443,0.21205706393703389,0.08708499798387768,0.404787307334733,0.3821548885419126,0.6049661677327616,2
0.6095793684868256,0.9087505431111745,0.01580713926758623,0.05468319519367178,0.3808892792834214,0.3191804325396277,0.13152013467581072,0.48758823862008543,0.1273675053405659,0.932599051888034,1
1.2078887741227113,0.520469836350473,0.37884260014762555,0.38844501696770417,0.1633377677974394,0.8761139968000996,1.3099816484015032,0.9890947784716293,0.6038877929939233,0.4424147168688276,1
0.02752787299590189,0.24210455357374314,0.6951065202695309,0.02448385286060217,0.04459451250964287,0.2765489483151717,0.1334581917502359,0.8667614972104896,0.46101175189672583,0.29870530190243366,1
0.7761025485104556,0.29409325774900497,0.47050641774189106,1.0392553787433774,0.43219288552481105,0.28947274095741427,0.44316812389566174,0.736184178242479,0.4425215105900967,0.0038142663481356698,2
0.032599928420507254,0.2448357843857175,0.6712377591648,0.03009552558487027,0.02636217801108777,0.3005613351489354,0.12291238149511267,0.8564100172998172,0.4870632266907755,0.2950504157684546,1
0.7520376390236195,0.9011162639651384,0.11012532189764795,0.8904985111297381,0.6938297686102335,0.9873124303321212,0.6493974172146086,0.5239163681598344,0.05671816452973835,0.2841691519604467,1
0.5710809891893113,0.8903925574292185,0.15460943896457008,0.12818131639733746,0.7704342375627925,0.05808980004185064,0.2611938899949378,0.35641969743527074,0.6007430727860548,0.0035815702495199343,2
0.028015853333258678,0.49864526712838353,0.3929442352304598,1.112383409679518,0.7078336309232907,-0.08292336759061936,0.32443390138180317,1.1538290179609665,0.785805820636508,0.4307279288089605,0
0.9312008809192909,0.5455046921877373,-0.04280628464429212,0.6727856267511872,0.22530703181638162,0.7950077428869684,0.5431574608588952,0.1908390793913607,0.8552488039461817,0.5382585712172325,1
0.3792721178462864,0.6659937676527226,1.1998207332218678,0.774482446661882,0.4821622737877139,0.5400721684899479,0.9826858746179857,0.5806412743181735,1.1852348046448258,0.6818585809573425,1
0.811346328659415,0.6094056057667433,0.20762867691929793,0.725100819297353,0.38753623991559316,0.6563539110296313,0.8898628942620639,0.5409072744926862,0.8808182730184126,0.4142153033481756,2
0.03209065783823617,0.5730231051769419,0.522168547133004,-0.07246031697340205,0.7544983699785447,0.5282924157363744,0.2780873769304303,0.5295981602833958,0.4840808714354944,0.0761948186503386,3
-0.200788469806102,0.506466418514332,0.05425909680029589,0.5015549069243728,0.21272030694970473,1.2042216983572431,0.8862687243535198,0.07071858061887021,0.901902159913082,0.7707776903129542,1
-0.03859611759026445,0.040576063065348,0.2297388032645865,0.6265002229138851,0.4653714420986265,0.775202702475734,0.978889518377671,0.2928304108151676,0.646200292470048,0.42401324099632925,1
1.0147050641625,0.8353170769339942,0.33896542123560525,0.10165568594195151,0.6541429192165031,0.9909016986700585,0.7399886590494783,0.09685307642078443,0.24137106994654065,0.8818423656243605,3
0.5234854106326449,0.04115595724042628,0.08624716370241262,0.9514578627450561,0.6016276639561938,0.7037127010370335,0.8992295046230564,0.9656291779825359,0.4188478849990207,0.8237883676814223,1
0.060952055112955573,0.17332491568304567,0.32744407651922464,0.7053145197504608,0.46729741497363153,0.8330002862250013,0.8534257091227399,0.3533410908627507,0.6704842228286526,0.47376165792864294,1
0.6122612275252588,0.5147153184862274,0.327830890335908,1.0996431071230417,-0.004628242352425788,0.17077982891203172,0.24526219929267146,0.5834789876700315,0.8393566415103263,0.296050229287298,2
0.03906397304611055,0.2286502959835412,0.6894557541965199,0.017290527035041445,0.032754094070855354,0.28518666253586084,0.12425001237268961,0.8737663371933097,0.4720180206847453,0.3001263546570681,1
0.30628607030584865,0.8793441272985305,0.9796682703833354,0.5876381550961323,0.03341957956754874,0.21056918610403563,0.20774316600689438,0.7896750731574905,0.12610456510489604,0.26030140025092485,2
-0.038688718912575526,0.9717965221134841,0.5537637166943045,0.5877038225049125,0.6637591946716522,0.7935934983055853,0.8920623892364916,0.4711679365761373,0.43168604348883216,0.8341023339638379,1
0.7186484257335993,0.3735171891761881,0.8493687376878567,0.42262021068363725,0.5961040476433156,0.43748642865474163,0.4597691306202455,0.4807600434365498,0.19103236813229696,0.10194504868933545,2
0.7555583002143929,0.4566983083842882,0.2967291428861976,0.6586821399277456,0.793592010888001,0.8299736370104124,0.6275229159409534,0.02176872584825547,0.7539275784550479,0.8651471971653414,3
0.19780080738574365,0.359199631850754,0.04565035313949333,0.8524112714675627,-0.0422818834794638,0.5843566964844025,0.5846619762339813,0.783646280831321,0.65943807605151,0.07171394659427442,0
0.18106054457523918,0.18364217974777147,0.37270587693210894,0.5511885150977198,0.582899139865466,0.7193049505446978,0.4404969372692227,0.5448253189572126,1.0487520681412539,0.7193730401133616,0
0.026649370464831148,0.23591272904152574,0.6996676221522321,0.012652121030804988,0.04269111051638682,0.27906882051102855,0.12991829657019538,0.8654950243369298,0.4650943638311117,0.2923392408325211,1
0.522172885639877,0.5433616387160725,-0.03893532345736178,0.06003443608430886,0.984343571091173,0.12023648267576344,0.18195762871295218,0.673147525897801,0.9374570376355924,0.7335341581743788,1
1.021647109734642,0.09766510627651351,0.2886236413353936,0.44109820758933416,0.8355904413817355,-0.17848898969744573,0.8752588902933135,0.44108335345946736,0.6850101377768265,0.33404196260668073,1
0.7140058747426826,0.7335240625727197,0.2623917942673763,0.3193378406790722,0.8446684862752571,0.37811199909470183,0.08615988961693742,0.4616423328360645,0.014952594494482978,0.24880849718065698,2
0.4783923862331363,0.8600788664484729,0.11937679476856394,0.05340190788189698,0.6968043630739633,0.15223749895032312,0.2639240683229438,0.3167092834005928,0.646852499405317,-0.04158466984025375,2
0.364572103261044,0.5253336947221746,0.26064668854131245,0.7388045340695357,0.22012083514236486,0.423879967861887,0.4004048098208968,0.11931658380427035,0.9702376371197674,0.16028327175168636,2
0.7713751277293481,0.05170522278375929,0.5808914354703175,-0.08978857351246913,0.1259203993242386,0.18748512600150685,0.5120711206041696,0.6495184396767311,0.3266361341079552,0.4429585503655793,1
0.6826910255130383,0.1605619689040065,-0.2230604755523471,0.30190023274291056,0.9918229873792693,0.19160372106076515,0.2583795870048202,0.9573995852292794,0.4296377429691457,1.1025548556356517,1
1.1588892017793646,0.3786161045645328,0.10038747700950351,0.5654567743552839,0.11595431746413823,0.8155021194393313,0.9881691698638612,0.4619242405589917,1.2598627840693464,0.08025058522837572,2
0.671700458612736,0.7989841160847111,0.27666285991637035,0.23258222152256278,0.7596071578183033,0.4128885627608006,0.126313126104745,0.4276161149738725,0.04188695279382619,0.2908668355497241,2
0.7607804076425106,0.6742390655736258,0.3512791343849117,0.4389672836971217,0.5511331177803352,0.46743671284733856,0.3026298899293448,0.19854243425216775,0.11392578804991983,0.22228769216088162,2
0.8702748233869266,0.5558014657868874,0.3058599321995157,0.7324282196958746,0.7841444660550675,0.7405000732674066,0.6820776258321841,0.10942454268030569,0.7837432477267445,0.9310795355174859,3
0.30787987588157933,0.426968773399867,0.2431862688728442,0.23111912946357133,0.46173867191420215,0.2029380064469345,0.15394109019173804,0.19560327173558267,0.8465704209670039,0.7714800787275065,2
0.149874406203853,0.3842010449730958,0.14540359066398967,-0.024904803832142886,1.1053879415998011,1.0358463137461567,0.2906523707524309,0.5462491952473733,0.32639046649787806,0.24077833881642566,3
0.4531933398424003,0.9566267107291115,0.30127900252000156,0.47449640179402874,0.35306004336676444,0.7239146327737624,-0.17708321669783267,0.5495172295974435,0.21575783070561297,0.6828654228285128,3
0.19287421981218758,0.011288661963015515,0.0783593226189854,0.026167052660011122,0.7237015491173814,0.264042052523801,0.4499263037890393,0.46051237958153035,0.23501276912639107,0.17680585953774708,2
0.7123948091163749,-0.5133752980236505,0.2738898744184058,-0.6564355683932916,0.2307688882629106,-0.010047318862490107,1.1699230081180627,0.38472626954031636,-0.2944995124669254,0.5783946515536893,2
0.161005729665133,0.658686099029903,0.5930994290724197,-0.08245291282906597,0.9584808383424831,0.8665240629774489,0.6408300039493928,0.59620875078484,0.3184404670917671,-0.023690074628816254,3
0.8668277317101591,0.6174679732732364,0.7407249795130112,0.09260387798668901,0.49159208305775626,0.561207702727964,0.3775645317252331,0.1333863586453041,0.726283353832636,0.9949519262321097,3
0.47845938203296307,0.13034216330515802,0.05084270868928065,0.8436453184582662,0.5760339766606064,0.6765133137520407,0.8050212853811761,0.9062945754056304,0.369672047372064,0.9720946550432344,1
0.389003086705235,0.3855534745129384,0.10441147128220792,0.3810595997545797,0.31851401491019943,0.13664494725046158,0.43602636250054694,0.15742636660275725,0.7681249177924425,0.8795054198060488,2
1.6291877618519153,0.07813004637906949,0.6548412152066634,0.2615569514149855,0.3967448557456584,-0.36812009157628317,1.306620272029115,1.2538406363154428,-0.267156350338138,1.1439038753703143,1
0.04211120600599443,0.13003209291696585,0.7951219690432477,0.33004201257012195,0.0700133722453946,0.26429752121298483,0.6324086042949444,0.40560399520271473,0.33263272831442287,0.4330344221253545,1
0.8707631629133449,0.28026300791415903,0.629523876696884,0.4931206711708258,0.33810211463479445,0.2958963855023104,0.016808566682795095,0.4901330651800161,0.44639785266601123,0.7000610742098263,2
0.040283780643378286,0.16501889598665848,0.3514212783284664,0.6791484656020779,0.41346802667472227,0.7989454567758333,0.8814317027434891,0.3966018042163336,0.644815982309048,0.5160828266812487,1
0.4194191516172987,0.17196718542796002,0.024099458546175047,-0.11153694211700671,0.5046668709437636,0.630131107168899,1.349916029928806,0.7523842549018952,1.4259053790038836,0.12161821112446403,3
0.6166883986190126,0.5386918408812307,0.913980504541722,0.1581811249067691,0.8513442479968872,0.6446066555357525,0.47785710832801165,0.6351789769468319,-0.04977878180575346,-0.06158253192380797,2
0.5082714251059245,0.3349539353100618,0.5913270588794218,0.3325343514806536,1.1339696296825486,0.5056210177182642,0.6324588346320532,0.4564999986755751,0.26800922931500015,0.6566128344815862,2
0.22324281413784855,0.4230283188671643,1.0626532150075723,0.5502414165058076,0.31105546685489616,0.5633320010670593,-0.05177537647932115,0.6735633289889659,0.9027955990610951,0.5137497759410252,1
0.9546429768052039,0.3619590690458316,0.5586189304515738,0.1315680657247942,0.606858639583131,0.431928415026093,0.5536907463872967,0.1720659651139918,0.035141091385502865,0.2920301807567236,2
0.8746386882551449,0.5613886610706367,0.31072564073877884,0.7374677770715617,0.7800076845965179,0.7505995783027519,0.6876043157593095,0.10056979052920392,0.7684313482467038,0.9179045174934019,3
0.5016745577098624,0.8289021619220863,0.32461050970297106,0.5415233537250878,0.7783858091973639,0.184761799249533,0.014323042499167682,0.23110922341240353,0.5392359557925827,0.9387878006845279,1
0.6647486332991689,0.26240542949713364,0.9345809488915666,0.6189803242674331,0.7655050647924257,0.21171417986336677,1.0337804853418002,0.8689190118223843,0.771337628389374,0.5947694545742657,0
0.41576594054815286,0.7675706849237012,0.032747571930122114,0.002960250951126009,0.1563551304131933,0.8278538653511811,0.7776983376818837,0.38264543384834354,1.1050508452605168,1.0316476270365458,3
0.08263308550580359,0.29829637297630796,1.066446506286074,0.48756404423983624,0.14876004712824029,0.7562084793003874,0.1748789047648069,0.49325831634768735,0.8004153071503959,0.27280035858824647,1
0.4336364712918781,0.2773684465113026,0.9893205754723123,0.5273097545480929,0.21415536536397536,0.9520389664823692,0.05284229955883245,0.5917317942940727,1.1212086288830085,0.21081104897653163,1
0.8512602317244627,0.621467584546709,0.41803544930356196,0.7208095453197734,0.6878971882330825,0.6749630550637168,0.6854359208133292,-0.003004540596693195,0.7297512654581924,0.8031454916636636,3
1.1209250603285317,0.5332370040961898,0.1591156422957008,0.09045232145702117,0.25507488266691714,0.3321811483680603,0.7853648383510854,0.37927354567548693,0.4110944628166976,0.35524540431778817,1
-0.04038767403254284,0.25961500675823385,0.28666670351828544,0.7822820220858204,0.4781680211019337,0.8016679380359084,0.8543482241743591,0.4597366515560462,0.5775946193508472,0.5196650609972024,1
0.20762645476413127,0.9204271767601648,0.6201572935504346,0.9336840413109355,0.01651708695394749,0.4393890382724302,0.7289250906370011,0.3669841087376917,1.211267068186689,-0.5393616737085594,0
1.1513924285760087,0.666516971761169,0.8364943920057755,1.0845649400460102,0.7941452425283424,0.12947014975988597,-0.49306420525187633,0.256852555606768,0.0031017141294952255,0.5409477338212968,2
0.4535433647243461,0.29144541462514895,0.44233806193122505,0.5894909209879073,0.8851629836353478,0.641169816569624,0.19925108207862913,0.38074025917116505,0.877850177800131,0.6581216457302577,0
-0.3729494202804411,0.29992299106228504,0.04679692244048355,-0.17695904520882333,-0.17581042232635374,0.33668465005595305,0.31073769004540197,0.061495160158993756,0.3389299167996961,0.7649622144591015,3
0.7468609802762566,0.6056084517579537,0.738514128419879,0.17392585531981108,0.2786462551106404,0.9175169014308425,0.9258367701885553,0.7355967889747415,0.26721610858917366,0.7340054484887978,1
0.4964392755465317,0.9393474087068143,0.16600378654674966,0.18549559705104307,0.7355623381471869,0.08530010047526394,0.22415405325366847,0.399783454512354,0.528558266900241,-0.05330641173794836,2
0.5766391346911074,0.6349928620515806,1.1297283594580527,0.5692285016212784,0.35923270742627894,0.7260507870531069,0.1480791024752967,0.6024402877893116,0.8475759084528711,0.48367533722701883,1
1.0027787057560025,0.6665088381318166,0.9978791246365933,0.6519177234122825,0.7167473730632269,0.7628843476609379,0.3902807570477908,0.5793392529641891,0.12152609664482672,0.44204547394702215,2
0.3137496177375665,0.8580103433526155,0.9813749664543447,0.6047324081203148,0.05183219035120664,0.2464713700445963,0.21793014847673375,0.7702234686922085,0.1034937538147596,0.2774919529389458,2
0.4189509166882868,0.15469046182388735,0.34446543794030393,1.1656154950578492,0.37312325136230173,0.1910639286652171,0.6715985799411741,0.4870009136540514,0.8066375368762871,0.22165177301662348,2
0.07097736374922148,0.21731913101015882,0.22554636186953658,0.6011883093414756,0.4061281538229169,0.16770865222058473,0.5784776865511799,0.25751495247064177,0.9819263169306576,-0.07715582846416752,2
0.8716153799445147,0.7005253062637612,0.1338967377773481,0.7885929252029823,0.37299006342206964,0.9601807300156125,0.7128608629550554,0.16197513883972073,0.8201201625255704,0.31985062013331655,1
0.503791437773969,0.32168957723501623,0.26936439762842945,0.8280919482113129,0.1071645180397709,0.39532992584269533,0.39327438635104967,0.7758863442996549,0.6845764469248452,0.2043948407081083,2
0.8666503440966543,0.1942445184065253,0.38686466562151234,0.19069450780992578,-0.11786606318459172,-0.08933678634209308,0.6399953874739941,0.7983145537745837,0.015560649734130889,0.5023899811820038,1
0.5453076736453824,0.4162026445079443,0.9034054971579883,0.7146767701146398,0.4818002690550926,0.8598883174558304,0.4683329598524409,0.3521177781049973,0.6521346044254535,0.24809772408855635,1
0.8990440316996589,0.5816226253044443,0.33202338997355996,0.7286513331262936,0.7730807094122777,0.7567919933932824,0.6940483905835574,0.12932163442511593,0.7506466332269714,0.9080411768291283,3
0.48746287634010643,0.14207710547979135,1.0562910591124475,0.5772343824601907,0.5096945985377722,0.6120024944268584,-0.05771356135658043,0.3375504272433392,1.0761361194030867,0.5455144100697726,1
0.2602789059680282,0.21056200042390583,0.29579677089768275,0.7915259251268184,-0.023522102970514325,0.2651967244911846,0.7135346277943916,0.12630680409626088,0.9259647271158784,-0.03019470424170398,2
1.1576913536198057,0.18062535436087676,0.39521234725933957,-0.0965586764276041,-0.05707131675890072,0.08564474066014839,0.6410946944010248,0.9084131966048317,-0.1636475371651156,0.5371354058141485,1
0.2677881002456481,0.39033559396454554,1.0575312991385872,0.5582241191394631,0.34273812668096026,0.7991765510151977,0.13276890879058872,0.6822307194901412,0.9493147573300702,0.4505750930977719,1
0.5761275915557524,-0.028753795418282657,0.1803322053558447,0.44651496192048934,0.3690332560847108,-0.32155902049685564,0.48567932665956876,0.35800647758591614,0.3184828559217803,0.9708692857808383,1
0.6562696323890578,0.422412817248911,0.9071426257744717,0.0640165062752095,0.7687470948025535,0.4169707730743104,0.8589687462781534,0.4744057372512638,0.5323369036645816,0.6681695965769718,2
-0.06633582909859763,0.6723190584639469,0.3918968753232936,0.541472592284466,0.8217415630569118,0.654670999645893,0.9558792115916941,0.6810707513442456,0.6600322627267691,0.09325100805879738,3
0.4084931703921525,0.7820411322775415,0.7638225422499789,0.04842655901551224,0.7907684458179066,0.2833356712328528,0.3202068295549674,0.9244531673140058,0.09849749925123866,0.8411219599365446,0
-0.026878420350336482,1.052461275426972,0.4463742689528228,0.6558651256584901,0.6190591062966888,0.9120841691937229,0.811807035894338,0.6531576501032819,0.7073882571321117,0.9839892300626067,1
1.0400199760997357,0.5386323089441927,0.2022136979489366,0.7121135158266606,0.20370876604950117,0.5466715884591274,0.7433353263429838,0.4290067328851894,0.9400425565962026,0.1320708298724923,2
0.5830240637494413,0.876028663979109,0.15682162625878507,0.11009653316523951,0.7813689665614008,0.05110995580677126,0.25572372439761126,0.37641744841098507,0.584394406380503,0.0025666610304318485,2
0.742480485653735,0.5999889787658323,0.5625722657870122,0.5052143993053801,0.7664895681557287,0.7114873483336284,0.30492985771559533,0.28955232043292345,0.5503274981963289,0.4911887232720077,1
0.6868587100671649,0.885984980197024,-0.025718792929143176,0.11004624884502717,0.3572620226461419,0.24873740265509026,0.1370829680064705,0.5240426029193399,0.2120620942524547,0.9639862698462643,1
0.917925221766902,0.3886722909506453,0.1255605408999112,0.254848277472637,0.44575567985246317,-0.030949278793462917,0.6738708935102635,1.073752832934993,0.4867074485591002,0.6996349563376338,1
0.6061860081560432,0.8512505938797791,0.06207745948616978,0.07488606396633293,0.44938103572644,0.3731873990455623,0.19150073672744644,0.4946521240112897,0.08831257646983072,0.8675152695734217,1
0.04101972299553042,0.24800625795338962,0.7075831064122385,0.015428337301715746,0.04155359487388756,0.2760950090323259,0.1170703879581885,0.8714388557051203,0.46653246200485204,0.2828187999052573,1
0.9722995103833479,0.5310822816415849,0.7217824968424048,0.06815720570391849,0.5173691983193657,0.5898931290522144,0.390743124503524,0.13268000716289075,0.7652099962745491,1.019738181816526,3
0.7757216426340766,0.9818233510548279,0.24608201101153987,0.2039529503742313,0.9342632733804387,0.22371703911226426,0.05971149270902981,0.2556098789610545,0.4027134948236919,0.17201534258273796,2
0.3185368445436285,0.4040532649834285,0.3584978205471257,0.7296389823782794,0.18000062501306222,0.3795764325753982,0.5264586751441264,0.06794602916676128,0.9184213709789735,0.16616869843854792,2
0.368638725104144,0.9927742219175507,0.10228996712382915,-0.06677964200481262,0.6553365666573641,0.2762032037601192,0.46363203413046883,0.44856483273371184,0.569448622475608,0.017022309894392025,2
0.2133119934518689,0.6986626101116038,0.9484799634047947,0.01633195753873852,0.5713938395268786,0.46057719159200217,0.48003619046268775,0.8875848902480883,0.27601412573622713,1.0233470354270429,0
-0.1984877877653668,0.5741499786282106,-0.3053544421827912,-0.5597714633739975,0.46448944185430746,1.1370073604398276,1.256234034919288,0.5356720759003182,1.4934358448389704,0.6877480927085352,3
0.2335411270600333,0.9554179006111921,-0.01565197642120636,0.5479029566640558,0.6831600750739121,0.7965767189254354,0.996010873693006,0.2474733247017893,0.7156682424767041,0.7892817465576103,2
0.6232738873903446,0.2952623640484247,0.2685958279074575,0.22345868285342108,0.6655082769634741,0.05815486586261692,0.567899239865686,0.6891438382964241,0.5784903813140457,0.6663236861595698,1
0.4929332717918685,0.1603210219588891,0.21442635600542262,0.4626151024087344,0.018054497414825774,0.632620311345304,0.41723097607428544,0.7125836124352904,1.425249181028637,1.3933304205303583,3
0.8657312914055588,0.6987408473374553,0.13639666419552637,0.7850408470378933,0.3859083043338093,0.9555116798532415,0.7173316530822761,0.15398322211709384,0.819584088967147,0.31489352887294625,1
-0.14713774255733714,-0.0698673617528156,0.020346736189082504,0.8076552729831913,0.6465873849635242,0.44073667432403507,0.7338421858076584,0.33143733276087234,1.0215107084377621,0.8460626400621041,0
0.017108604347692027,0.09784999120869135,0.336556237014229,0.704599823110562,0.5724120931286124,0.8659422079980226,0.9519057175217582,0.435198979078319,0.6251255289285156,0.4083972820907607,1
0.03017506272170211,0.7671770355445044,0.3773630438931679,0.5887227339902118,0.9653690268674928,0.5549113624585037,0.9746826141416309,0.5920692574684912,0.5809135645358119,0.12301277273785055,3
0.4867117101127012,0.8348566013398176,0.06439302723777153,0.077908095760405,0.8119017418871827,0.09091246120118102,0.14467479531983093,0.4316489078402478,0.6943921022851628,-0.04515865660678091,2
1.0992078262214817,-0.2340916902596914,0.18092194883712215,-0.10526587829615167,-0.43537850028780994,-0.147587782443428,0.6024619484161886,0.819976792256943,-0.4092507647641317,0.8982224317418768,1
0.6555019262116317,0.5638443623862528,0.054227030306367385,1.1724300283383573,0.4363587700092101,0.599682662736813,0.765297107014901,0.6391268831691126,1.1909461039135127,0.546418087745497,2
0.7786727482623791,0.3278861447667802,0.14526406552487425,0.15470017644190215,0.734517730129716,0.09885648351921567,0.45022934663045966,0.7378035111964913,0.6303280201759092,0.6535812972238743,1
0.9426270245539705,0.5478980959685773,0.2726591913869346,0.847527675718734,0.31564027487782215,0.7263374120649073,0.8812964162294629,0.46196459250169436,0.9290498824818485,0.2716368671393683,2
0.6155523099831968,0.9017365161154869,0.01315998111952874,0.05555791242215206,0.38281254779855545,0.3330045494089225,0.13710950961112348,0.48522831046582177,0.1351567445433575,0.9338279131779288,1
0.49193563197515233,0.5282433824504926,0.22744837243812743,0.7445231760390549,0.06870969670873406,0.5531541725482495,0.427193669950678,-0.062423650049939466,0.8408902195381481,0.30506805698749434,2
0.8097267661137423,0.5445420127240149,0.681358873266063,0.22917239798228248,0.1351711535310374,0.812404057697628,0.9439403848490616,0.7087134691302507,0.395936698526105,0.7570628694697942,1
1.0657419080979258,0.12898998444941814,-0.031782569460790736,0.9188664322945156,0.7119866083980254,0.3499563296026632,0.1599378956295412,0.8326250322619331,0.1737964191120247,0.1818640396577299,0
0.6544710557018076,1.0175968848824681,0.08286595106377952,0.2505286314078181,0.6829949778311402,0.10151796550572555,0.38603510899300353,0.22028305548799587,0.704333837441619,-0.09892988959790505,2
0.9539470617382686,0.7346627264983414,0.15533201903332844,0.8324198041355523,0.3633153372563997,0.9554856247920708,0.6923586031443746,0.0917480180115511,0.8978561724152612,0.37885371193563777,1
-0.056687838960886416,-0.009830532417230208,0.15748180215984087,0.36235820078788866,0.6728076526165576,0.39978034587571465,0.21374130641923633,0.33761209219886384,0.26544958987106426,-0.0196485378216886,2
0.4771273853292794,0.08407174665009741,0.1286515130438365,0.9295370991236982,0.5363867493887647,0.7595417807707003,0.8822461326481214,0.9391899354831375,0.3900755126923751,0.9131156408517047,1
0.3789430340153332,-0.07919315599442162,-0.21225791768362134,1.2085733382566675,0.26791018511957143,0.9528528032335787,-0.12017726830772901,0.13032743007950753,1.454048218689143,0.4624479856599552,0
0.02024160660950665,0.5669191574611715,0.44110732307220046,0.08358841416454843,0.40338896756576603,0.51702498018935,-0.0791058230874134,0.09091834574171787,1.1235409639668228,0.660255043593345,2
0.5818768736432448,0.8749851281766636,0.1590217442677301,0.10533403938231983,0.7806004141685358,0.05690984716073304,0.25510894725930855,0.3689819455189029,0.5802523148623279,0.003835468601956519,2
0.804123660289104,0.674287087506843,1.1578937968986527,0.8573740401964297,0.6045698787236937,1.218714793032956,0.46177472096832717,0.4807842772503452,0.778209387071935,0.5098934864469418,1
0.23126126812707737,-0.22243341378622922,0.48442837512934767,0.7284447568438672,0.8130959332471519,0.10198379677462308,1.0606997751199083,0.9497053335803556,0.1359579164797456,0.29375706540730107,1
0.9815233249120945,0.3818685321961471,-0.022788712765484553,0.3023438169278956,-0.3294570221127604,-0.19245336275260339,1.3333089956368154,0.23807317025292757,1.2424873249123625,-0.13421026340707187,2
1.2649779602464508,0.8694422036118236,0.598769399687245,0.7926560509190966,0.6752296886021422,1.0072482939363963,1.5451467852878233,0.6302949413710563,0.2035138277629307,-0.36293196975171904,2
0.09426917672733082,0.8737092400654837,0.40639614436784677,0.4837010632429998,0.5310328539955945,0.7340474173059612,0.9391535784175786,0.5497609525269356,0.46934615956519754,0.9181800217988428,1
1.1321423219662703,0.7133932128787137,-0.2249900573760083,1.1938333573246123,0.37069994645202975,0.49399247567814397,1.2997363924694725,0.341912080160121,0.4895302502304014,0.49610435781779655,2
0.541059196119544,0.06715295479371153,0.14563570476923604,0.8707984145387936,0.5632765309918895,0.7623185571747374,0.8894044572982236,0.944588648556894,0.334302008136257,0.8440205638839677,1
0.3889453404067883,0.5566494731528612,0.3529736499046651,0.6147153286566401,0.2905968833379432,0.5133447305153725,0.5255255682813875,0.12936102298812996,0.8330514579758856,0.24855476428929862,2
0.27134065222322823,0.6766950936871741,-0.01119178071768608,0.02477429587806056,0.0900948669295635,0.7600389886473325,0.7500567812503528,0.2550684042342233,0.9763816396881774,0.8659573550986771,3
-0.10178006032517173,0.05330664175065708,1.4261391542034783,0.6128344085948151,-0.042707789219380954,0.46782301392862935,-0.2084483939829722,1.0304071696732293,0.8910768121383346,0.8682516996906872,1
0.8654792056572728,0.5728114777988546,0.32508448180772853,0.7452019545589087,0.8150901653382974,0.7703166011009887,0.6716155783889729,0.14691847449121404,0.7890122305665465,0.8961902271273273,3
0.15443364848376134,0.15621040294253488,-0.13528363398762028,-0.019084023591795493,0.7495803266563336,0.3287766194135018,0.629895925905018,0.3201594215819329,0.19687718620439054,0.03600301586129173,2
0.9180244449739039,0.5744453720259272,0.6795935140804469,0.3459632440974689,0.262027444840929,0.8011434300298674,1.0534906944873221,0.7344243594297004,0.3372057374318973,0.7107831086186664,1
0.7027520542714583,-0.03404983664478839,0.2645826181865362,0.35749910275281405,0.25613953682379825,0.5085939766990266,-0.13662322743575106,0.4266358356141708,0.1405224657817805,0.5839371922419058,2
0.9049728539526543,0.45641580448327185,0.8840697903417911,0.9825760211392104,1.2840474281072,0.4344034090193202,0.9112789296979165,-0.1829519812754673,0.4433968556598419,-0.23882954898354547,2
0.3696803241305937,0.8749108947009416,0.9352017009740968,0.6106923060935057,0.03363692773030384,0.252514486637567,0.27806971972072303,0.7547881059802641,0.03935991794332024,0.283833664539136,2
0.8295077436132073,0.7896184389554317,0.16829569284011464,0.9795598012033523,0.6374834561368138,1.08828959496752,0.5281491582012651,0.5719811196283693,0.037710534141925746,0.3577662418451937,1
0.31955265278450984,0.8866485335145734,0.9679733248960324,0.5788803442878364,0.07091551307528914,0.24080141163750596,0.22514041056392467,0.7613099471878993,0.09818591268691354,0.3039624037373811,2
0.345069593710164,0.40835277407514564,0.35298601301578186,0.7162804290980532,0.15681391111493448,0.39779494281687056,0.5068816769555891,0.0652828793086303,0.9366422093969171,0.18981852785009026,2
-0.02277109173542491,0.13537099685214599,0.7254585671286381,0.28357294664933086,0.04667000356068576,0.32035796997255694,0.5686240369394738,0.4172420332859381,0.3067368660165093,0.44768859232793123,1
0.3742837735326236,0.7129960666850941,0.8436222851112221,0.5653397844699308,0.09203904985442683,0.5302298716527603,0.059952864062847,0.8878928086503937,0.6098403317115078,0.06808091700058899,0
0.05728896668011201,0.10048572692911825,0.7872671555896394,0.3213527310813473,0.07674113301853286,0.2680130317688443,0.6360681296003218,0.4196734821671771,0.3139821802457817,0.4700062697467861,1
0.9273557591172339,0.5343203417436984,0.12437873487820658,1.0056377663066747,0.23402349318093196,0.8071080499307871,0.6639119943304758,0.4477965001616857,0.8971076984149513,0.3473922184149091,2
0.036683912618968834,0.12257519298762609,0.832752584527816,0.14551697953101528,0.6685388746452213,0.9594009761162808,0.24196778898028448,0.8092625559078079,1.3961790573056536,0.8481407200322986,0
0.602766691594488,1.0586280282514478,0.09370573079344832,0.45570450849489097,0.9655119912003848,0.3714325792739582,0.021136543781477043,0.31844386512259193,0.044998262128340884,0.38201140001802464,2
-0.005151304447727545,0.40509221280870966,-0.2267788263495465,1.0246150118749013,0.6583548984784307,0.9756519325196604,0.061390484075727225,-0.5641643844097997,0.9249390303521926,0.1578627958369332,2
0.2804228912015863,0.8270409561175418,1.0082049981299848,0.616984733969183,0.10697395675082391,0.20490711868616035,0.2734932688110308,0.7813183998090294,0.050349236894315294,0.3121828654438206,2
0.0294613850050367,0.4018691644381644,-0.057542655266770104,0.3888902390869085,-0.07138152345403526,0.4021616321072333,0.6375199617898013,0.6298669705375666,0.6521148849588244,0.8319468490023925,3
0.16010415742886003,1.1216820828503802,-0.5331789677739831,-0.25460283702769015,-0.21571369677365843,0.48647953649814213,0.8213353698259739,-0.0015689894954313832,0.6540853571154303,1.0817558872134843,3
0.3431875589169087,0.647994940102779,0.6625150366096862,0.3182578665863319,0.40768988159148944,-0.42500242446783565,0.7923733429551962,0.860017100681026,0.21266654824747416,0.49810885956391193,1
0.3661059731355285,0.48953677516387667,-0.13871132792353502,0.5506992220481968,0.4152121666929009,-0.3321814115632983,0.7487074218964935,0.5276272508522467,0.7772616086761435,0.74282724130825,1
0.04659202312286738,0.8077737482942379,0.2947356381670667,0.5019254054918856,0.888268160745882,0.6086838990818904,0.9144580740469315,0.6888654324280461,0.637014099319285,0.08795186598141785,3
0.6698887981589445,0.14342284954682594,0.5074695562733946,0.2665743537866867,0.14690584271989982,0.14917674480168014,0.30281551418310143,0.4613733716390822,0.2879540839606351,0.8565773220595301,2
0.1829612832268504,0.906102003270978,0.030414082069903405,0.46173452599376635,0.5003001187013669,0.6622299935982612,0.8176084591352587,0.12427355020786679,0.718149729164725,0.790445224418189,2
-0.3211857659442442,0.9914366491210698,0.609484960828937,0.6209324466945174,1.0697922991729332,0.6039279147897582,0.6331413381402603,1.0432192645141765,0.3321142868703133,0.7773136260560479,0
0.610325930833053,0.9054913246995606,0.22121686539680013,0.03420500066709849,0.8739495240768586,0.05981635742578455,0.29146305691156715,0.3263555303587536,0.4992362561927841,0.0611897323264797,2
0.7024934585272775,0.7767361314877528,-0.06547039249865469,0.7724835471991511,0.3607004948290723,1.0135635899030662,0.688082444048531,0.2158840024685604,0.6788783072638379,0.4438802507743542,1
0.08585037057412098,0.8469714675598342,0.4068984962160526,0.4672846218950023,0.5204873631597622,0.7218649652655484,0.951219999437937,0.5649784790324792,0.46642195664863734,0.9330237659900258,1
0.9076973194792618,0.5694335796560555,0.29988450560173774,0.7034139238217089,0.7691518795140054,0.7173529599049894,0.6703736533887225,0.11518524637455248,0.7489122852077761,0.9149863798838803,3
0.2395135710828652,0.9112197005821027,0.0535850694231027,0.464472948072846,0.6389805485025997,0.7504301835724478,0.9466805226986719,0.2270198539652006,0.7281584443936991,0.7515509894833081,2
-0.3133896769723178,-0.22004773250571036,-0.47544057377016125,0.4904175818078491,-0.1457747035722471,-0.12550212107683112,-0.5308138051787872,1.0627778354204507,-0.8417502952161259,0.4549327769179705,2
1.2004667640959916,0.3709334775305487,0.4975868484721464,0.24646469337489213,-0.00655161995529817,0.05459520538167839,0.38299523888037607,0.4943243548502485,-0.1320502646349066,0.5989179268137792,1
0.5550982261018091,0.38714444879411736,0.019201900102451097,0.3644645278779766,0.2698981781687963,0.3183561250225663,0.2691289025803403,0.2389181476003674,0.747362418407014,0.8145838530243467,2
0.23220721568879077,0.36659089181468,0.9992515391246873,0.48261206882486374,0.3043932613285951,0.7218107505090241,0.30795383791549014,0.8032491981920102,1.0076021714650252,0.2838336702962111,1
0.49331102663012455,0.05278774951245038,0.12533475322406185,0.8709693649277916,0.545760829567172,0.7091405749963727,0.8647982467561611,0.9709805367324904,0.327484788607871,0.8984092206398077,1
0.020502880929791273,0.11302473077223343,0.21993856556361668,0.6261439111163994,0.5589567607969019,0.4944333750182706,0.544429441255038,0.3303459343465639,0.9259605180937808,0.704406139539357,0
1.242439819031913,1.1818446714727227,0.2733118931969998,0.13214669453109684,0.47317962948543646,1.0749553962114118,0.633632879537786,0.08441996187398251,0.24011353054633516,0.8596300934744288,3
0.8996663408693552,1.060351375037024,0.4831941862634115,-0.16331150451448428,0.614161417038407,1.0638651252498859,0.6254936525842603,0.3968100613834343,0.2576473881085574,0.8461065479252763,3
-0.4697742924561287,-0.48072625883413966,-0.23915770984690754,0.9464968419604113,1.0313317363164347,0.5618732052333436,0.8416806582817808,0.723907100032378,0.8389297572633554,1.0898507794156789,0
0.5137647858260598,0.8258085974261634,0.3152405425270053,0.525109805198494,0.7872831343059912,0.16812253511080635,0.030200002752128474,0.21992488531701057,0.5309072304213971,0.9197249427771078,1
0.6198683664305338,0.7036612353502357,0.9356527259954048,0.47045425177950584,0.8160478757632297,0.8294482093964416,0.8663724922195585,0.15689211726460944,0.30278083645664566,0.38456168422982245,3
0.794241805707179,0.36456843800524336,0.8935323092561164,0.6797175554809346,0.5673867736210918,0.5508078560566994,0.05201048134207035,0.6691340888601849,0.8679738586063552,0.4405848541478371,3
0.9291348130237362,0.814784699289362,0.5132056747534568,0.06066555793023007,-0.01992816276998885,0.579820551957041,0.7278705415435291,0.4308061832827552,0.3156733668283265,0.5228298996394424,1
0.3163819157250058,0.4106016990270409,1.0127478102752974,0.5738483086838801,0.4192151720956246,0.6921775630146226,0.20783688178263843,0.7047597077558954,0.9405246012522991,0.36143330443747373,1
0.5828549111758424,0.3952091861696548,0.6077511526797,0.15837662239682404,0.5655276429092551,0.4471514680727857,0.49883377579928745,0.4747825343113613,0.17416434642761,0.058636748963878216,2
0.44738987014930537,0.039423051613376975,0.005293872404474681,0.7950386619874151,0.7014026326993268,0.776245732054424,0.9720224431840768,1.032197505232847,0.26189707030652964,0.7369924037714192,1
0.022694695203498195,0.9024697450543968,0.3805927154099295,0.4807039457610202,0.9781144931760875,0.7267481286713027,0.8979892673168449,0.6465691324855739,0.6224186105345367,-0.014231925486507951,3
-0.0501282116468606,-0.6727868933946759,0.14308209510763636,-0.4773939057496862,0.07221873914517163,0.2013128426879498,-0.11041007251564816,0.5071795192191981,0.624761280401575,-0.31615776995504336,2
0.507405972774044,0.2837576255954193,0.11208690770758384,0.3855888297723935,0.214053207588686,0.20581421687633894,0.3647831449696613,0.16865270597187657,0.8792785940936049,0.9494554196811152,2
0.18537191033629835,-0.0019800890545081037,0.08717218215373332,0.040304444351875766,0.7145826170352458,0.2728200842232018,0.4653742554312187,0.44980215428134657,0.23670437664194396,0.17543717404603595,2
0.7378712513317143,0.3017964330409749,-0.0023207682279224595,0.07189380250480426,0.7490294105210297,-0.10678223682202481,0.5717236269531895,0.5370840203365274,0.4165877710536674,0.6805905544777092,1
0.2278478737687275,0.7306017006741647,0.607782820655165,0.14707937387803505,1.1019308648917612,0.8031784650789404,0.5660699922608681,0.35310662660607284,0.3031985546720577,0.1369878799829174,3
0.7703252279791544,0.36173832962274693,0.6282241243649295,0.4099845349093751,0.809347845100935,0.6295800744915341,0.5805743669276825,0.25569892069668626,0.06924149378753577,0.21150445524381736,2
0.3793620972720495,-0.06255039870980705,0.16241882544516273,0.9460008562375919,0.3820034103169998,0.8526364358880761,0.8430766761233304,1.0048937889824667,0.38444035822320355,0.9846887901473492,1
0.5960752291250395,0.7522958535326963,0.43237727752110217,0.4892839138018407,0.1353759073692415,0.9967375458157244,0.1725222226974006,0.27533904445671636,0.1438818541343377,0.6575198708632258,3
0.6920085445864252,0.9560605554051611,0.00953985797319594,0.9715637290187132,0.6892601907091706,0.8862666074967269,0.6828802897056923,0.5935603670049209,0.13687522745588068,0.21836442300394304,1
0.014190422544566567,0.09962579798415996,0.2366338190739709,0.7100689133983042,0.48673171484004524,0.6780103819710762,0.5653331565385413,0.4275807540969074,0.9642840397670264,0.8344726850337624,0
0.503367036489539,0.06381571035251755,0.11097177608496048,0.8531664932477541,0.5652510379774914,0.6919664007519313,0.9039745686780968,1.0220744127481654,0.35740299745516674,0.8448141915083119,1
0.4879575841451107,0.7918800569860647,0.23049347026458145,0.457114970181367,0.8722906123059276,0.26667240629508643,-0.023973819816987,0.1313324285328063,0.4637083235416022,0.838994519298769,1
0.21842184594772435,0.26978166478547083,0.24736896311836545,0.820967020251487,0.06162407098831281,0.5313512822095989,0.44404466252336594,0.17876379606075635,1.0533823194503398,0.28630232392629185,2
0.60662135479085,0.6467123037059098,0.6248595058063242,0.5101283101553157,0.8675927778036604,0.45468946992081416,0.48160848017073526,0.4197545959196425,0.27280064517623426,0.11489254196939208,2
0.9109945302074889,0.8346155219737721,0.3273632622452063,0.7446108096418991,1.1880742778240845,0.8732953464592224,1.0800113804580767,0.34093175552448235,0.4515541351034248,0.46139602849901434,2
0.5152787049293229,1.4569498803414525,0.7612826537849191,0.7878434307558984,0.4384827117657716,1.400620302566992,0.0207811967223705,0.8140456796039255,0.5251735894024454,1.2949229412524113,3
0.8063266958209239,0.6206800312859925,0.6831287354706156,0.22471720400009243,0.18970259261532696,0.8216012071713042,0.9799981969526018,0.6502621825685447,0.40742521825714245,0.7280695768380958,1
0.6934801826673557,0.7196606963764272,0.8384298579521268,0.4694939461244463,0.6074847881622806,0.6670645421431547,0.8035668552815541,0.13968498330492338,0.1789123450392789,0.39836798257497297,3
0.935554668831267,0.10523459769150632,0.07059890642143482,0.9452584414777525,0.5962862537048468,0.2565892206195785,-0.03489968303963566,0.9161313756010708,0.2713437163063083,0.19568731394474884,0
0.6315996970607939,0.9137189447504136,-0.0035062720759055192,0.03680829339492714,0.40788211765896476,0.30333628549091257,0.12183223100004992,0.47767467437492417,0.15270910367963017,0.9457898552103954,1
0.2611655927985302,0.38420933611072183,0.955569628482862,0.6017847534822465,0.3923625181102076,0.7394003946015331,0.18904677291372646,0.6503222948496152,0.9158856212832334,0.4075615170709843,1
0.03286278051823488,0.23426405254726634,0.7016918835322629,0.019196544433906473,0.04166795326242226,0.28054295924538664,0.12817288863800333,0.8689141744674657,0.4626781098082052,0.29841985033697654,1
-0.0028983538765565142,1.0333697772611903,0.81414966132553,0.419804285968303,0.9018832272765711,0.015644445060310708,0.3526726078067732,1.0788405097725415,0.15121755346377158,0.9039221162259535,0
0.21273938650152185,0.3618053880883004,0.06768841910933987,0.8096233224631827,0.022417719700907314,0.610706662857819,0.5528122950248335,0.7150341820432229,0.618441839955737,0.06620209510117146,0
0.4901494347008458,0.057135497070003115,0.14447249666581974,0.8893653545407098,0.5411723884036682,0.7043936447138918,0.8834925063155996,0.9812522337144354,0.3472357444319364,0.878687253879308,1
0.5206899452836813,0.261844348013464,0.3141446731022277,1.0084002179291907,0.23724443564635384,0.38491213934985363,0.46132449859998653,0.6642327960992018,0.6484763557137386,0.24504982851694795,2
-0.11110071891189321,1.0528511912738563,0.29771107884086223,0.5724581232594668,0.7055155181470083,0.735231282730967,1.0383112722459469,0.5570209633926614,0.3484107675276279,0.8044193920623851,1
0.05633858357079413,-3.052667493536575e-05,0.14750001668471746,-0.0057437935787741125,0.6918012037393192,0.15416305118836188,0.43249725901893915,0.40018576371662173,0.25403394697874493,0.08907339677987713,2
-0.06263336926180169,-0.17893136023887912,0.48200160419450705,0.404402618899008,0.5763314245530186,0.5438979030596494,0.6140188445959444,0.04119067685125499,0.4043073355416119,0.45337828266325836,2
0.26316359405956785,0.41841893617519366,0.2801371444485823,0.6296028072179243,0.05576235104556891,0.24858370732088458,0.6268234953838604,0.2513948776830488,0.9564777619672845,0.05276314134451876,2
-0.014245949221945026,0.42860649846246823,0.44739282345670056,-0.17032172190625244,0.8325459408675642,0.6510637871930237,0.5542444534161453,0.4341254731627062,0.5344291197359969,-0.07864192110438889,3
0.4249388563354432,0.605540893380668,0.043544948914871484,-0.07280776757143817,0.9564351286400181,0.05398799580253462,0.3062697561030577,0.2316172264366246,0.7295063723901192,0.29665854518752116,2
0.25462628470420823,0.9065682261907934,0.03818268721620034,0.46677316505832733,0.6594619712089154,0.7587569454419204,0.9583337017501391,0.2252823993468277,0.733276642495958,0.7583971746491772,2
1.0304515426446612,0.8348091291339863,0.37974497878514224,0.10879036614906676,0.69024704438586,0.9598905315942381,0.6778700533615931,0.12423472082684389,0.24234710064956755,0.908204390604913,3
0.3547578731321199,0.22909703424341757,1.1160292539993268,0.77905042359637,0.6451548371188925,0.9236318305012325,0.43831727595270703,0.4330164646291845,0.629326294761983,0.36709270854941434,1
0.18061516124833363,0.7711046378318646,0.41107723859170764,0.41994758449684677,1.034935052213353,0.5736585202564486,1.0170213086381608,0.7892725442019041,0.6261221754652494,0.05079488429700074,3
0.5527738461842278,0.6178043035358834,0.7920351658762823,0.4854627902573696,0.2781870582397503,0.4775239339377506,0.19978063541754945,0.7536328018887873,0.6441587639091881,0.07958455596917045,0
0.02586014722409063,0.7588601011858535,0.27065195676560727,0.514230139493912,0.9056669071884939,0.5953678826601532,0.8956097709004983,0.6547689379916206,0.6702697370764168,0.0723261868959465,3
0.5517637311089019,0.23032979365045558,0.7108839128879776,0.6769539203861336,0.5192324666951951,0.5813322482142728,0.3339341194159269,0.34733648324958555,0.544608136241124,0.6077564846664897,2
1.0589441086623606,0.0855303954119288,0.6913945308965023,0.546789125083128,0.5259757557639861,0.3674642836184152,0.6774583241673288,0.00521053946690303,0.015021374295804302,-0.09417553454262462,2
1.0011092749486794,0.1529011957922556,0.39677647769061963,0.13457906433457037,0.010993413432440825,0.04626477087566573,0.5357134726530679,0.75489678273873,0.01935300384421187,0.5249826364426367,1
0.6308397727613478,0.24475309908060358,0.23625472860533875,0.27338904286880805,0.6178591508839352,0.034951128632994606,0.5756440610327392,0.7646611256211344,0.5824676923050364,0.6336533706790166,1
0.2012169296650236,0.004481831303903789,0.06209527907312096,0.03757881680819002,0.7202704870506762,0.2913928846374171,0.45260803799513266,0.48716567833255076,0.23020968433490463,0.1760091868328335,2
1.1381075697413667,-0.09460077898581831,1.17888796709631,0.46312609309352093,0.9609592459935726,0.7841806396998885,0.4328400002954068,0.35396554740180713,-0.22112896996471887,-0.003771109977050463,2
0.8049843802487953,0.42184416132005126,0.8907451416369618,0.17322158811348717,1.113019071099183,0.6490644369689653,1.0563512349694761,0.8186602599351112,-0.3805146746605791,0.3832100195183475,2
0.5999909571239325,0.22520664078670824,0.21126469304240716,0.900334914273758,0.1826258260731499,0.4247966483328428,0.42571203288188464,0.694735217599907,0.778102785224243,0.15946018983847993,2
0.7360345190228101,-0.14206057614150439,-0.35904216104084774,0.29212756568357207,0.027685809383511173,0.30446340860104104,0.14288585194478676,0.413992146883973,0.5188182112452285,0.07397467452730155,2
0.22049188360778946,0.0439941723291845,0.16049522615831763,0.04327326509136159,0.744200665631663,0.33077059152577215,0.5339212660922323,0.4845392312075247,0.22794618872555872,0.12567665240100964,2
0.6050380312045105,0.901446045508467,0.0035161530974621743,0.058520791644564495,0.39317433618216363,0.32664570438459595,0.13814989044201859,0.4876925930378503,0.13314856981552878,0.9249878036856317,1
0.1841022670405899,-0.03049871638695406,0.6338218597026686,0.8422584902935137,0.8103973779458505,-0.10751283680754356,1.0216136643782094,0.9720892886295278,0.520571571089293,0.9055726855366664,1
0.033353480242208154,0.23969352808290442,0.6885247527127919,0.011356541410348385,0.045992547942839884,0.27328251277425014,0.13765627136730607,0.8587519259872032,0.4692046619329314,0.30011137692287226,1
0.30255666038816076,0.12403577454326861,0.2884014946905122,0.5635641528730073,0.5329161230358582,0.9299606873483232,1.0506363443072575,0.28299952647324356,0.6731915297513169,0.6634431952323672,1
0.9567811182971956,0.19399446072576243,0.47579461954723884,0.04429322095410987,0.042760593433181913,0.08847575198928656,0.4719371529759116,0.7659491020729704,0.1087458254050936,0.48370301549413014,1
0.7291643206130348,0.20938079398233234,0.39665025019761635,0.45774657178742706,0.2354804556228433,0.32978886881935887,0.14166328752281776,0.48572899958343624,0.24711310861927194,0.5174415689761376,2
0.11824174422085815,-0.09401507797364628,-0.009499695263332053,0.5247588854967389,0.7865127500813827,0.8447521018770447,0.5563020837236841,0.08536800975131986,0.9488818457129333,0.5410416122710765,0
0.5196154395299887,0.10238618473510089,0.19078731774268204,0.36806514792072337,0.6518684645313334,-0.01658382928225311,0.6188980405390817,0.7366151654278993,0.5086854954991317,0.653934507252614,1
-0.022062971901369147,0.8200613196206755,0.3464636513068136,0.6107786764199314,0.9285765477651378,0.5854358309355552,0.973443289447745,0.7588998738562395,0.5881284701508821,0.15906667698524685,3
0.9239354801287523,0.5843571016829521,0.7734781280776301,0.08952228147589891,0.5626878762725884,0.6299234805211656,0.39665958685427,0.1740530222038433,0.808107551793427,0.9657315980342904,3
0.8032517558968704,0.5248995264833161,0.2883846664413352,0.665499548235315,0.8304712467276533,0.8020863399707151,0.6198890618402589,0.11569743939621037,0.7304785311225233,0.9883793280387133,3
0.700188273696175,0.42468060441798094,0.26971240576869787,0.8589269331465995,0.27420640738750696,0.48481653868992314,0.5918976977798829,0.49964833221490956,0.6502576143615634,0.3065936081894382,2
0.004743930283121547,0.7782917052511772,0.2903293014928645,0.5057954642467621,0.8993830053108419,0.6299094943277131,0.9582679902671563,0.6505623975334194,0.6817059992271542,0.05214676523574292,3
0.2907630896876516,0.37355967751181457,0.589094989529932,0.8669892760721984,0.2188964727772295,0.21929614106668366,0.31732495746061945,0.16679639990213552,1.1107830820891262,0.1620322489995841,2
0.3093109326639747,0.5079921151849326,1.0594755243529133,0.359538415681614,0.5551629310048534,0.7585321041897981,0.10203384144481713,0.7314590912286345,0.9461148074163007,0.26471325236727006,1
0.594574290507231,0.8850658285907321,0.025512873719436953,0.03434512336085186,0.36964950300120664,0.33056873135444004,0.14666171600451944,0.4861418541175344,0.12772019629920284,0.8944508700899645,1
0.6364849105983422,0.7276780040132663,0.7900289704405812,0.43171044316749557,0.6540251180164809,0.6417336799777302,0.8759434632981102,0.07719214432830498,0.2009839276283657,0.3122290868648878,3
0.8749374186405173,0.5537818476557196,0.30662250717766326,0.7293261393673033,0.7799821044743381,0.7498836503962757,0.6840548588181667,0.10421713475920073,0.7783501878085584,0.9273737326349835,3
0.1512744555814744,0.8792683343632369,1.0738793234492816,0.8579774293588123,0.3107978361946113,0.15187444346515055,-0.22184645650776175,0.41449161601532336,0.5286807335054352,0.3816809207525979,0
0.25513776386155373,0.9931623913191601,0.35644600541515314,0.42009350437088394,0.5070676436317084,0.919997031549517,1.0929400054576563,0.6700802891289299,0.321235275739742,0.9854946573242291,1
0.09347613896635806,0.09762460588161576,0.7956782421051006,0.34975368703079796,0.03708327761249669,0.23881570278436814,0.6019268804548583,0.4065981295610479,0.30106016235534444,0.4121466510427491,1
0.9077617178062986,0.5997092657604748,0.7672548385925718,0.05222151278960924,0.5610338931623261,0.6116918115375204,0.40707167351159756,0.16826340478868101,0.8266128421349227,0.995007169496015,3
0.642395859850686,0.9353544827958015,0.6546211530239875,0.3568090993611316,0.6367624524803827,0.5227638008900832,0.9094142801953055,0.3024274605235312,0.23518170485944245,0.19890950257057605,3
0.1453452178705382,0.7940594838867401,0.41550200585267943,0.410180660626718,0.4611702160418487,0.764024455583076,0.9313434852927847,0.5188288233742597,0.43274626234529434,0.866399218605776,1
0.7774173828681264,0.7184302508322596,0.14921888032930314,0.843982646642996,0.3123345021177915,0.9765462470472186,0.767476991200072,0.19027088899757466,0.8241964572997753,0.22736325694105727,1
0.44494333582093093,0.2737846742297878,0.29305012973618993,0.26033001763693303,-0.27717496802284863,0.4995971560230142,0.5882510233636615,-0.04627275057468938,1.2494122767586735,0.804117053901117,3
0.13019210361685862,0.5810061897199452,0.19056786267986633,-0.15750811299283096,-0.21868552736902264,0.9588676072477428,0.5951126571723542,0.3806412272766412,0.872332357273355,1.131418055035074,3
0.3410397583983684,0.8878951992194082,0.3838916497771007,0.5792204786464821,0.841264720269371,0.08834226316983766,0.07722221517173213,0.11454930989312634,0.5647784143759412,1.064154858707576,1
0.6350547861115156,0.9287834419310023,0.015583472007724896,0.16928424113487417,0.2826265108965586,0.23027813808556877,0.14729550384353232,0.4980651713188089,0.16987670280828204,0.9808157883255071,1
0.31487901987396016,0.8778881785161138,0.9791933119483263,0.581082133477381,0.058500335168321406,0.23994397549203458,0.24058480896617687,0.7755586423853666,0.07909891757816886,0.30597736205477644,2
0.18733521154428395,0.5672960637022298,0.5153690950838579,-0.09037331589778447,0.7499752102719218,0.7688260788225199,0.39406889061807393,0.7861305064525436,0.45048304440939807,0.14033772075406126,3
0.23980159639440246,0.5903793864629666,0.7974322911195667,0.6408359414573102,0.48120354191214537,0.8557112262558857,0.21498158691430147,0.7081981546934589,0.9213164602898714,0.3418681789217072,1
0.03827657894698674,0.22965152535586508,0.7077532144662505,0.018232688579269202,0.04901845765916944,0.27597369219088097,0.12728531582031638,0.8763012419284578,0.47204588147251647,0.2878751483494558,1
0.826427934711059,0.5562067315573901,0.2540746426154765,0.7431294301036874,0.8028994577287563,0.8032696608735386,0.6477866387955669,0.13730417293370628,0.7258341293008299,0.9263222300882477,3
0.5851208484539709,0.371667346783588,0.20728807440750568,0.3532489923272402,0.6337822514147895,0.14221476006389888,0.5900267918473477,0.6617409898677571,0.4694424666969371,0.5772484604183209,1
1.0547374653294765,0.6200368124636799,0.14833366190000266,0.9070201738424238,0.3431243011584876,1.0211691985624187,0.6173557015450051,0.07271643606303557,0.8482437593107656,0.2844749453308686,1
1.2250488239391324,0.47644086606603797,0.7143432742690459,0.10512132439369082,-0.16776561884380015,0.9961046588076695,0.5502322907062478,0.8949711764492954,0.8580469167121532,0.34242644444230985,1
-0.09374032478748337,0.00035313982296591995,0.3967490888945461,0.6207384791351203,0.35490314417805796,0.8937877484516664,0.8264878899839876,0.3040381273383963,0.677424691051395,0.3448087554990471,1
0.5313470824170832,1.0242842828828471,0.008641861572201759,0.5310839181759552,0.18255990569891145,-0.2104462823809216,0.7831332846577252,0.5349395139781273,0.691579626034823,-0.3535322400222052,2
0.4247712130888288,0.4515580247293139,0.23833384748018996,0.4932645340952143,0.21199159925678027,0.3424702071909482,0.5942543385848714,0.3605497368580681,1.0877384490863369,0.3867484740586189,2
0.27242967204607466,-0.09039736119116687,0.1578553204055886,0.5100318801843948,0.3978256128246206,0.985087638975179,0.917188798122518,0.6306562035436437,0.8646964985030152,0.34110467252668064,1
0.4936412383269693,0.2833806983604073,0.10402009375491351,0.3343132080852384,0.26838562982193287,0.19107801526865692,0.390678251149491,0.1536766911622428,0.8735644186363161,0.9398760240160748,2
0.5493703181434197,0.6583629154448,0.12578650522266252,0.8562024229333691,0.06470892493252843,0.3962995189715994,0.5027730044729688,-0.01445130203859818,0.7381945415050778,-0.01261120063357063,2
0.7515829935222229,0.37902728658809925,0.8479387738228487,0.7460844313202116,0.5318273652229424,0.6000178915412204,0.051649634382386594,0.6911856180414924,0.8570524783817738,0.3818108343868941,3
0.5040951513381337,0.9464121978114353,0.31173605814132915,0.0160460038947699,0.9121380455841253,-0.16787419820004637,0.03409075377501941,0.5248790130600441,0.6829469994675016,-0.1843746147733491,2
-0.12075952072183127,1.079959735752638,0.04738186456135457,0.13463697190392288,0.9673091540059979,0.7733045095958415,0.7964606797936609,1.029077612465149,0.920415566843668,-0.19181000114988656,0
0.4417501629445347,0.10022550648838843,0.21384891879520043,0.9391480393848564,0.5621089645239861,0.8265712028973293,0.8467582670300535,0.8934282998969357,0.3000354984800711,0.9847638575626603,1
0.31609959870426296,0.38932347168922843,0.3331700765216508,0.715927501011893,0.1673153587324301,0.38973901698733465,0.49832394624432796,0.09003727437171001,0.9461091898724048,0.20111527203235627,2
0.04426537340608756,0.23408670498787415,0.684033428187351,0.02430069728322486,0.05363006932875576,0.28421125877666975,0.12565490521973258,0.8728766156993708,0.4679147442138684,0.28898611015030645,1
0.27765912813688154,0.6493197481965838,-0.008773844627421146,0.025905191644355514,0.09226136053085629,0.7626992960396675,0.747240538968295,0.24999591293259188,1.012701360419046,0.8969602108517638,3
0.37264546453544867,0.3917012070741511,0.31831429397166405,0.8295235915946955,0.29500499418635434,0.3221505823002185,0.5835872844585149,0.0011242345233752893,0.9728645889158999,0.22318199484388015,2
0.23846708656696128,0.9165034290035264,0.0580742921942246,0.4636551133066382,0.6404968712401269,0.7486768098170058,0.9580344078673786,0.2275943557071016,0.7303921512882602,0.7486151327132718,2
0.7382139612013721,0.35010817850759746,0.7751422077635256,0.3964460952161496,0.6235649031111156,0.5587791093697422,0.5308985511644038,0.45943093131820434,0.03358030375161836,0.33272252200956975,2
0.8188850748954009,1.094274221007473,-0.1997103606992403,-0.3257334324221105,0.76559585981976,0.6947429116002127,0.19036518156269208,-0.020990640025269347,0.6823657629002955,0.40430774701829975,3
0.6325891018003027,0.9478563380120146,0.16236145280837616,0.044476613055638575,0.7873950474379321,0.09129253698915304,0.3218161372508721,0.43477028533084516,0.5623045619613444,0.08444167739023081,2
0.9972815707491438,0.20136107138887138,0.5652318868812265,1.2342027497803376,-0.16774214840898366,0.37768049923077124,0.26776126032449626,1.0017980559083743,0.6885167928211561,0.5834105707463216,2
0.6732251875411789,0.03309823985638788,0.42442140342979595,0.28879420339166867,0.506194962829857,0.06999369574695458,0.40892530914396064,0.9945990681717043,0.5510955622461906,0.7630203793362337,1
0.32836083347613804,0.5393387598035138,0.1148147428720282,0.8152989721307426,0.3358212585219825,0.17312011533044783,0.633344073722774,0.017604608870999218,1.1626965463474623,0.31555023002885785,2
0.6995069912003676,0.7988820375631464,0.7277791564845573,0.9306178617183292,0.4725972305991165,0.2340206058650835,0.9065678726502211,0.32374076928777706,1.2603574575156853,0.222013530360261,2
0.5157143934921702,0.2792745594073415,0.16765367919608917,0.9840564725259937,0.2633587264178032,0.4174848148809401,0.42630489778064007,0.701740920754597,0.7456911434681888,0.12288811274588626,2
0.4672739196513005,0.979091032589899,-0.48026641596749653,0.7820741165053277,0.2998237818293021,0.3269618975317278,1.3646781594338107,0.5126050672980369,0.9577317411155587,-0.11421564238414927,2
1.043395336946402,0.8179991907491586,0.381200663805154,0.033352886092519046,0.7089376772108068,0.9503807820124178,0.6598991646444973,0.1791536614872182,0.25716095091755303,0.868477844949601,3
0.5824411400525968,0.8903131821416711,-0.003916976181143186,0.08173931059274317,0.41861108190758745,0.3311157619668691,0.17080505255883086,0.4507605686742024,0.14143391159851487,0.9057448530924429,1
-0.10014764123388564,0.15124765076946625,0.4533176253069561,0.6400080814635407,0.34628217769429603,0.9082294704814974,0.9363073836740944,0.20438776465315955,0.667363094429126,0.4866233174047196,1
0.7050808101639097,0.6912426850291034,0.24757491371864215,0.4130759383607183,0.024702717471332777,1.1554794476209271,0.09593445883313946,0.12966914658404374,0.0007827261493841831,0.4664850698529706,3
-0.05906916843779994,0.8482634304163381,0.337785210585828,0.4376253968266089,0.6463118908750612,0.7253170689386919,1.1070766112485877,0.6301619558765859,0.5198893535037304,0.8551251322520435,1
0.7239443899769676,0.6028828633630086,-0.09328913166405378,0.44360857432606715,0.4374899812807416,0.23287168523063026,0.5117210377991577,0.39393823840169023,0.3497802265256038,0.6031594137495037,1
0.0349316429595494,0.23868590951819554,0.6971493499443511,0.016987810625290842,0.0458271028773404,0.28334040907761976,0.1284370138070834,0.8672846536283135,0.46183854315910544,0.29236226553483474,1
0.5902516622799504,0.7099138964227227,0.5214710531201636,0.4177406026166343,0.10028265529657399,0.9684555916274326,0.26159099807081193,0.2897527611800173,0.10343304411900345,0.7076587521225457,3
0.3292351045385213,0.8684144319782019,0.9764025142136755,0.5981883232993176,0.050920569476973,0.23680296340410192,0.22734752095417388,0.7764341956815701,0.09203768906393436,0.28370643186444044,2
0.9039905357600343,0.11225299640118691,0.6224364054258891,0.8350725274334357,0.5196519230885812,0.4048536482635863,0.5955572943874463,0.36761080290700565,0.0802487566482326,0.5840053833902392,2
0.48423373419208304,0.8828156481389272,0.5912630038077965,0.595429289029924,0.8049351810317055,0.8109330530907077,0.8284299941549494,0.026382920104770606,0.1431451027925631,0.16230038218850973,3
0.1826761228512542,0.5832559740164155,0.532476442421243,0.057887339525434955,1.0206798762841855,0.7840960974224329,0.49895980021488445,0.571340733967734,0.41737316957040443,0.12874313134939477,3
0.8892755719816736,0.6304605674318221,0.7346378312371824,0.10364874954421603,0.5351774198283736,0.6467856550559269,0.379826309471204,0.17455281807235468,0.8849180483388476,0.9399531957945669,3
-0.00203241776101816,0.046724171893535615,0.2510971137758013,0.643731282869817,0.5191252468317777,0.6321302426565172,0.6464433302759259,0.3677542022853987,0.9415949585495798,0.7175543858030554,0
0.31782797252147466,0.37476637632090115,0.23696657849508043,1.0435414434530985,0.770051287276297,0.6011897217981215,0.09365534008452803,0.3396893851405346,1.021727124061738,0.6641127299270498,0
0.566589807398,0.8421494662764906,0.3299227875795966,0.478439461426884,0.7370170240419199,0.1805241043263102,0.018839595317014693,0.2505504430868191,0.5572261303256718,0.9106954542422452,1
0.2784619734627047,0.6606333832828128,-0.027061063279157013,0.016441843347210258,0.058654442828177555,0.7607001161132476,0.7570699889817157,0.27201691801209826,0.9716442417044572,0.888470434257052,3
-0.23183063521189068,-0.12208757061516001,0.7878376455186232,0.09407055188187714,1.4953526197522773,-0.06309653369524465,0.5716398278889483,0.665589964427097,-0.2895537277038228,0.7560747514292937,2
0.9510971914632973,0.5962124018320785,0.7713126055704838,0.07812504557698045,0.5526703466294831,0.6092312304507095,0.40675189418491003,0.20483034074774437,0.8069133247479904,1.0099048402348465,3
0.5675494146777758,0.526704953357577,0.9417694176335204,0.3648699017488358,0.6317433962265617,0.9595774119672661,0.27140907126267577,0.9712410267579508,0.2636315532937671,-0.22896297689834527,0
0.747105022493592,0.5231980238553207,0.7994042000543449,0.7062078510754439,0.4480526803376294,0.035537134688189254,0.31907316961859006,0.2145754126914642,0.590494444704885,0.44249786989515894,2
0.5970815835829356,0.9528173133040068,0.15030658058252594,0.037588702855256534,0.7886526410751211,0.00465271201184634,0.29466468344967245,0.43429725805092423,0.6599495077164864,-0.06917496074046306,2
-0.0380350095385697,-0.004231119214280016,0.8815945731498401,0.30254547446916324,0.021889311095722716,0.32197081536937944,0.514287848549571,0.44918421383695717,0.26179151173979087,0.3555095526814914,1
0.28869618339950875,0.8502187966596955,0.8493713978008743,0.23107165411864716,0.8875919731558584,0.4323394205070124,0.6591019845778877,0.7037255426420225,0.5247669251472298,0.806821709944515,1
0.17344503890136342,0.07322031398930741,0.1912407391697302,-0.0372408740261324,0.8175993711947167,0.22202666725565834,0.33877196642221225,0.4606856603271173,0.24257694299651944,0.15919851617288988,2
-0.05627847273537093,1.0162178005620386,0.5583182897148443,0.45742304172918424,0.5104017407897818,0.6873128002255628,0.9304171975434358,0.5479174664909199,0.399442837427506,0.9785810824476452,1
0.867707489655508,0.5318355149850527,0.8786365652773602,0.35030103350180763,-0.04791283901446092,0.520201177933467,0.9432577332738467,0.803623006447699,0.287720210324285,0.8970191102507618,1
0.33158840751809265,0.3791419997422225,0.9757790648584856,0.6122833394239685,0.40663249880705016,0.6881191844626612,0.18757636277915665,0.7034340426226874,0.9101945354058785,0.4147022515219272,1
0.3433625030481083,0.4317417185904846,0.4090573971724415,0.6415400139654932,0.13397804738152871,0.45375562607363545,0.5550542181387267,0.09681541168570783,1.0133394564512945,0.15899032089442303,2
-0.02217679864582578,0.511511478202125,-0.030534061029463433,0.533417923196619,-0.14291566055831734,0.7378818799908706,0.6046441753105003,-0.18181702005818168,1.1214958443480327,0.551067185904522,2
-0.06126947813241468,1.369675024288055,1.2865723136826699,1.2291380991008114,0.675744512930528,1.3626180406268622,0.49641307420167397,-0.07397016890269659,0.27294877033112425,1.7950504343296294,1
0.016019808248384743,0.08839716373676774,0.7480331164999283,0.2932328959211755,0.05083638918640422,0.2470944088065904,0.6311470565101965,0.3919205278644489,0.29862779080047464,0.43356704545104424,1
0.8932881720914426,0.5715285398951416,0.2881677585620538,0.7361630431987047,0.7556917293609958,0.718670876295817,0.6783147027186093,0.07170806255727155,0.8193965412213501,0.906928853254982,3
0.5461844634961006,0.7721378817752518,0.32783385895469536,0.41236184912639195,0.15141381842678747,1.0608690473600764,0.2428361781653562,0.26636232880277305,0.10597772116729429,0.4943100683526186,3
0.0018319954619698334,0.05629560899147464,0.7753798878228964,0.23027814759358933,0.14499538974319676,0.19667213203597173,0.6007465395593605,0.36358857568457414,0.2986379523303472,0.43240345535314906,1
0.9754140339028375,0.5968985627915748,0.6816745456286016,0.16625824551235824,0.5549589497616624,0.6507160659244788,0.3444361387784769,0.11612631354549159,0.8332131189393078,0.9000880666357869,3
0.8727080928584798,0.19067974392444464,0.49629051956061254,0.42540874681762336,0.29815640563932405,0.2180625519188956,0.16891401685772423,0.3956263231344727,0.4588248770844236,0.6086557266141801,2
0.4537721426500821,0.3838614927458161,0.9613336108755131,0.7104563153288124,0.39438482146338955,0.8489657471613261,0.45654651212807484,0.2547986676302386,0.6028466429136105,0.17227420937378657,1
0.3695025561925163,0.18850257910744025,-0.32372885689193215,-0.7174910597909895,0.9790902180924121,0.8534728110817301,0.42035326783405486,-0.09257141761900078,0.7243008716968875,-0.5360115500995688,2
-0.06422379115490029,0.5555612473686753,0.3624795245152934,1.047401172595801,0.34346715776570885,-0.06587628166491005,0.3974742697361186,1.0971248968472247,0.73998965718444,0.4109991418200574,2
-0.1518001686140953,0.21323486710088635,0.26926372622675343,0.7395841054449657,0.30836731270308876,0.2930872072942333,0.4071947407017639,0.6299619486865442,0.48648713072460154,0.08917778519659957,0
0.5911552570073502,0.7954538887911724,0.26068345832739703,0.1878717412743247,0.6665400212258124,0.5073490957927941,0.21318513115295062,0.4613200368583308,-2.3624708789665716e-06,0.29164447617328365,2
0.9367987504790748,0.5400559224602209,0.26905841677958997,0.8600426180363775,0.3205893504544348,0.7149957085737527,0.8498857442430806,0.46259153428988475,0.9586456113784774,0.28239550876488073,2
0.8281120538983991,0.7434562697486145,0.40611494370793383,-0.09638069874083954,0.9885060262852698,-0.05965153543080044,0.31454527711489355,0.4511669001221491,0.6161854899314487,-0.07983794147840481,2
0.15225772515301977,0.7598310995342148,0.5566776138918967,0.7507011813224052,0.2163956328939019,0.8935460841925191,-0.02579079051760433,0.7985536142574021,0.46705620298834266,0.36452205057175663,0
0.09022922259044973,0.8961302642747352,0.30982146980495595,0.38784645801654605,0.4491095824480331,0.6121053763034504,0.9851842980870761,0.49960458281211095,0.44030400377926165,0.9881989310753428,1
0.07817496582693764,0.17439323677566548,0.8029367925140402,0.2732191625305725,0.06676652342915343,0.31110701040011524,0.7256261593320065,0.43536413185545025,0.370832979602317,0.3331800002864053,1
0.1490309035674311,0.5874516228584757,0.4502693085768667,0.064255822191147,0.992739948556887,0.6934649097475442,0.5158501196857213,0.5609589783636809,0.4177796820543891,0.03810862257573877,3
1.1998860470846386,0.271614976744876,0.7628206928965181,0.5446412504442191,0.49645897406481077,0.036888654365104606,0.14322305296610144,0.6324738905463803,0.06698105974655477,0.31339927894633074,2
0.41994056596895735,0.6785814925049283,0.8016047887767139,0.05249565753584855,0.5669438673064355,0.24585278871744268,0.43621490467624735,0.7653659145838427,0.3862026343885593,1.024006471891472,0
0.5633666355161736,0.30179481051324225,0.2658786398917234,0.9673243961248406,0.19845237237522184,0.3847796329261096,0.45963352391058376,0.6381886005644158,0.6749143875227103,0.19590076735138942,2
0.21890474046805203,0.06904510237081628,0.9104902753356802,0.4951462693653822,0.1256977657664786,0.26600106543140256,0.7027721595466478,0.43020653126901925,0.3322533465319631,0.41068551012941534,1
0.6100655365553218,0.897817612795364,0.007299829961920628,0.05902211630009812,0.3882901063091133,0.32728602899140113,0.13365154124365367,0.4854772697215409,0.1342051824236187,0.9249603956050677,1
0.09254137417071437,0.20085795540423387,0.30056956524514283,0.687980009429607,0.4841096388130631,0.8342702564354908,0.8335711446334187,0.3375739100282913,0.6782518600615902,0.4676599123865314,1
0.9175132486105892,-0.07838140794788387,0.4467052644253504,-0.00034468991697744755,0.20605784202639602,0.13562841136577022,0.4565387839853008,0.6882211793018118,-0.12880141167891473,0.39243369562551833,1
0.09312912937974448,0.16569735218718068,0.32066546167099674,0.7523827985362711,0.510052178313333,0.8664228954244287,0.84925816752444,0.39666569634528726,0.6550395639749055,0.5208887195838929,1
0.3835154964971955,0.4331168989131616,1.0741798919546433,0.5246726004373966,0.3260982104621186,0.7989931962592488,0.28446411002740846,0.6280613881174084,1.0108402199407278,0.5294532495320575,1
1.2172236429518566,-0.20086535517730397,0.2003534463112665,0.5086624769754476,0.3183384262388528,0.35177898125470153,0.6097194905137979,0.28039057438795645,0.7927983765460742,0.8318102078101349,2
-0.2245920912178574,1.0151991844173596,-0.14428223126397444,0.832719042196016,0.5193088908708156,1.027352710909851,0.8410264809991562,-0.04556111006477054,0.675822132513506,0.5297342908695856,2
0.731475988262266,0.24910710250471899,0.15343958833158786,0.9279064789826555,0.14308881131437612,0.41190315014459333,0.41534478962612476,0.7470794877521542,0.6569077225834261,0.34777499621045926,2
0.4744562643158583,0.1596002913377786,0.23412967838429732,0.8440448804857792,0.018302931385905163,0.3055156610089339,0.34373722435635445,0.5552253102657787,0.08102271367794284,0.2462513202509597,2
0.8725010735916655,0.6979424374536685,0.1334624756361645,0.7886655472827344,0.3757087254826037,0.961641807237709,0.7172093815314762,0.16422854908010284,0.8146591958045379,0.31858096144843184,1
0.4556175211550225,0.28834539354453553,0.4523868955695148,0.003713653193748334,0.7853330855835179,0.1263566605153624,0.7980714954838823,0.5137049366367319,0.8234172600677231,0.4332830023539793,1
0.8325929070447339,0.014129683899731127,0.6455583467347705,0.7689611872161348,0.5765704501605337,0.46650461399810156,0.5168111108779472,0.2572234000055933,0.05536710697340022,0.6612605953097108,2
0.09827046157321762,0.8253032957741876,0.4297801006775923,0.439380366933924,0.5075857134644429,0.7148456530679277,0.946053467722383,0.5452263018844078,0.49465120745119534,0.9478873933090957,1
0.49561448320218915,0.074115916716551,0.14345135780496251,0.8785202083339467,0.5389476871208483,0.7227829532021917,0.8903044650002488,0.9932346089081816,0.35141319181970554,0.8772925604176576,1
0.48224120761967415,0.4091294047232809,0.5834984928361484,0.27212983065033686,0.08862263020540938,-0.017096967599103827,0.5750432283845907,0.13262535808822162,0.5625500592860434,-0.003378716600668019,1
0.03677065038886817,0.08008063248904351,0.6541201960830773,0.4180355034458001,0.07066463673832027,0.2231200148235372,0.5019011121239381,0.32687134473403845,0.21580992317241288,0.454204417070271,1
0.45787930657576525,0.2042462008438943,0.295605318622734,0.8805035777774733,0.1897736906208346,0.3463438526323054,0.5782358193996666,0.6937586024748987,0.7088037714004297,0.20361661635154463,2
0.581494476659984,0.8989670249302445,0.05120885671740441,0.07106785375676303,0.7299573763459225,0.17352269859924607,0.3202058285705998,0.2505093939181412,0.552554096525923,0.15378584183638694,2
0.7705193645041897,0.12110062572841856,0.363116181574185,0.5379394562217583,0.3673490845164387,0.7474717891171156,0.8744463516236268,0.3087022007533363,0.5375747310541377,0.8436587197326093,2
0.4105623338911122,0.4324655933994451,0.43651847167155594,0.6165229801914393,0.22978326536312726,0.3138805612847697,0.5615849600926646,0.16262025240697148,0.8728332082261792,0.11156551881378544,2
0.9369000026033857,0.8640292293215671,0.3806596829714584,0.13480149691541324,0.6157501946907505,0.9381726047389616,0.6720442283155187,0.15176592031857036,0.2966458136019611,0.9151396213444607,3
0.43592113965294027,-0.1361191387624031,0.3483537903491399,1.0630209615896553,0.28468971258664233,0.5339365235320136,0.8791939206843625,0.8634959948960506,0.20612131327364014,1.0563886309838935,1
0.7790003379603404,0.8088759399102543,0.12198079172889863,0.0989493868746116,1.0095151393451083,-0.009437151392912194,0.16641806541192566,0.5655470827119319,0.34618602239251484,-0.3386412808819966,2
0.037668991988650403,0.23563724287692847,0.6860862645252017,0.0044449403213841065,0.022569972372734195,0.30111243356847245,0.11854694333905982,0.8708109957868212,0.4863386768093135,0.30064945727028103,1
0.34057139206042647,0.42061705680183337,0.9483416924119056,0.5933609576872424,0.4026942671554615,0.7198737107365522,0.20118847365431258,0.684250946367304,0.8939640804095775,0.39268203572926064,1
0.7703358787231727,0.6172191779964844,0.0687152575745975,0.7426515795671453,0.3297971925293578,0.8467388859304149,0.7704365825726832,0.0810898996122566,0.8337857819407142,0.16002385564263844,1
-0.01387237138265121,0.8345582673704316,0.37253722950993684,0.39445164591925397,0.504410757117867,0.7133164844967156,0.8739889157104946,0.48097674880961633,0.523967726468865,0.8914668289851321,1
0.5403189176243833,0.5687286299049391,0.7040426974573285,0.5099343551708451,0.5744355921209046,0.591884041006012,0.7711441200970757,0.1044941667812621,0.30450140072780285,0.21858112291746867,3
0.29623367871356865,0.3688284242393995,1.1504785407016462,0.26956373109803317,0.4390771564133039,0.9860752474053615,0.8429060226660364,0.05592259651749276,0.7840095147721251,0.9652910102486281,1
0.5177878778850299,0.3119498244270444,0.3252414315757771,1.0151575273512012,0.23405067680595107,0.34134403144426556,0.45141430193078025,0.6992827358004347,0.7380568271326072,0.23647022035049622,2
0.965700931601705,0.1897683397428881,0.07541810580170934,0.913610351475425,0.6216431899767859,0.2940217915531422,0.0573100431976309,0.8447982451633332,0.19488185418124515,0.2399388807480013,0
0.7130974255643889,0.9041740763396695,0.07204617859122389,0.9222365836797791,0.6439597398139065,0.9780664349733551,0.6298126348732971,0.6096378673735509,0.12247402008409214,0.34439363662125305,1
0.6801074401114302,0.29583870285875435,0.4010891821215692,0.543548537078451,0.009541431646342358,0.21928475865047395,0.28857390735672184,0.4059561407597915,1.1583490870141677,0.45756370890835035,2
0.5770514087195094,0.9121992233793429,0.18201676753267115,0.21852338495084678,0.8168564547806652,0.06812844533775027,0.36009770822275833,0.2714685307715397,0.5481639364801614,0.0341059070917171,2
0.9416391106182,0.5808693476235238,0.7684360497093722,0.07392828647977503,0.5381311389202716,0.6209920867849382,0.37983730268860105,0.18905226413637732,0.8194434211472185,0.9746175160533804,3
0.9418936776078849,0.06295024816273284,0.6911037579847542,0.9082031948788265,0.5020299293963416,0.4563638096515048,0.5562647119258489,0.3531041564122363,0.1062387652274646,0.5499747840022828,2
0.2773644652492533,0.6612621748283444,0.9140635513467528,0.08649655973354756,0.6041002923384211,0.39430404449836837,0.4280035202826036,0.8271259042993436,0.265184146424246,0.9660449624923689,0
1.0443709008635074,0.1412498452027908,0.13117541828071108,0.9671186475825044,0.5480728598873559,0.29545369517594944,0.004656407416586836,0.8532814500305597,0.23386785260180112,0.2634426550284759,0
0.9979773651306066,0.871911523411364,0.35103991174817417,0.10674477643843759,0.6540477552033974,0.9465845587264502,0.7345267222123889,0.1371500952640363,0.2489234548701134,0.8566963022890456,3
0.4889325959248867,0.1161853543566545,0.1658168268947201,0.9270183738234281,0.5131716025427167,0.6623210014758082,0.8927207204446569,0.9854206505580047,0.39913196803970935,0.8536794514812053,1
0.6239078471860413,0.011676371431177605,0.504286391569171,0.5589288640141896,0.520055330236357,0.1632438256924485,0.683887098056393,0.6213904965000017,0.07462435593164629,0.5083097134668046,2
0.5839418431690333,0.3162195160832927,0.5631788079739304,0.5751582867432528,0.8488973231897343,0.6726247717798581,0.43735746992065583,0.4342837146226749,-0.10064917397285378,0.45301301143981487,2
0.24206259124459673,1.0525532906250645,0.7832098128713556,0.24248416858834848,0.9299114916768659,0.3417689064153871,0.7042813194513525,0.6564503946160821,0.6024039734636653,0.6819976453498703,1
0.9325515413457738,0.5482710675562513,0.3007647149834745,0.8478594750313033,0.3081269739465459,0.7030949602359042,0.8164789858618089,0.4320099581133223,0.992606097910829,0.24409338541112324,2
0.5904581121657173,0.8893254183428151,0.18526400603974608,0.13541188780407676,0.7606950659133905,0.08287142316213705,0.25515852253697874,0.37481249933092725,0.6086212328323503,-0.020429857072837822,2
0.07134137889168786,0.15908982448688885,0.34814426926976383,0.7316539743751637,0.4756933426805601,0.8275357189550712,0.8449451540483278,0.34911758423490513,0.6863294650749361,0.499618613769773,1
0.895562896286734,0.5387656843833944,0.6911384971272642,0.02702406932611784,0.5784025917620271,0.6327663631818021,0.2932318764841281,0.13368220172304487,0.7479992283947631,0.9991921391955677,3
0.7519477130258773,0.37538759642503716,0.6499619834474417,0.3080281125716895,0.6809549790514106,0.43671869020071363,0.764328620751392,0.45975821823174434,0.007950427878080299,0.2838839719049773,2
0.05683722041733469,0.8037747046531467,0.4369195878966888,0.3798166610075147,0.564425678004722,0.6934060133787132,0.981097774885708,0.53922225616186,0.3843578494077189,0.9554282646478197,1
0.12645617658198682,0.78152463626668,0.8558823247802186,0.6055402156374512,0.15319268768339647,0.8217603758973222,0.8718833798317005,0.5347701843786162,0.8255143422763196,0.5838316303042889,3
0.34936961948835316,0.32228658302147284,0.9723739127610532,0.45039164666015663,0.9995362045645371,0.2342778900259522,0.9873458303599864,0.6814869149791626,0.5660542401406151,0.4227511056653597,0
-0.012702815213308405,0.6431114947136548,1.0952361538307234,0.7011785184005999,0.44752490069412515,0.7482289613628107,0.23490837957247385,0.8450979940667305,0.8452969876664895,0.5176716663892134,1
0.7674660217961052,0.40269703383940986,0.8523999358054622,0.7485540747636131,0.5260947120828977,0.6011643964968677,0.05630609825753262,0.6690317855777334,0.8773244825141016,0.41266995178024357,3
0.03481687801107674,0.1561520731395936,0.8107820092336485,0.3380496245707286,0.062194653653737865,0.2869043041098331,0.6598530526527402,0.368835060861383,0.2951202642732643,0.45779162422508257,1
0.0011125592771464993,0.4000288590214977,0.04442142306246172,0.11128091127637156,0.4757276249394469,0.26963771084614724,0.19190069207160657,0.2610168024520374,1.0250893902113876,0.7763163856528785,2
0.35337815283999924,0.08555390516725436,0.9693966558765149,0.16856333138754434,0.39229564438737446,0.9809253538280703,0.40308082297637066,0.3159047749201684,0.5214539535950589,0.6497430934744753,2
0.6672638660173069,0.6544802054724075,0.8242435621452692,0.38822084323187844,0.706813023160992,0.7073122919832693,0.8274706023940676,0.09551376523117192,0.23132271159692125,0.377628034187748,3
0.24362260786774487,0.941297602501812,0.2522835707522749,0.36756313046095,0.5686572601324419,0.7339510829908097,1.0249373718345007,0.15776018568480407,0.6034076225310667,0.9418378490953616,2
0.6753065468772916,0.8488153165250318,0.17487054517726586,-0.1287308736991606,0.6771383807904385,-0.15564456152556697,0.027425394037531636,0.21239333678751363,0.7102825040225302,0.24109547301692882,2
0.644385117966535,0.7567723159913884,0.28227989086118493,0.1951722604067897,0.7675374899542007,0.38464441295858565,0.06875162921074254,0.40690501639161136,0.10654677205023803,0.2168752410436661,2
0.47097802773193387,0.8111710298261748,0.3245646040098112,0.47209540849310794,0.8273743250959555,0.14131933991854895,0.030673558055138307,0.21671213040578474,0.5172924898232515,0.8851011631321453,1
0.980311176543309,0.6014873797305819,0.23831987336941565,0.8163834924189463,0.24882203751379806,0.7202675078727204,0.8931680550397545,0.5221857730181801,1.0384331107412885,0.22275711553111183,2
0.2759196879796006,0.8277178234159337,-0.06992114548153497,0.0889210044752439,1.1083852846117384,-0.22850730011878556,0.31783311701131484,0.6002213549017217,0.8611784460479097,0.13042393279811057,2
0.8713627472462867,0.5548907103391665,0.3036243578914659,0.7341856895327713,0.7901956700507066,0.7523053362652411,0.6899830374597729,0.10850804909513433,0.7804793052479255,0.9338513258004707,3
0.4755167331147284,0.6605795169167734,0.9962438932675464,0.9585940316705699,0.5125521086832091,0.6057020235249925,0.6040384595668942,0.23696682972794242,0.833154812403788,0.24677078952261872,1
0.8004918684518864,0.2736497180391761,0.33552201169093937,0.8266459690631972,0.5415708923108724,0.6031801460563924,0.6544511145103886,0.5117310081391024,1.2387823653619225,0.5113075333630203,2
0.033719056015276624,0.472752447791445,0.508994362690388,0.7760937847022794,0.49215001221349974,0.4350340255726757,0.49667321824691485,0.7586609423132016,0.4450604781527533,0.12246957137910357,0
0.6950816765561981,0.9180535843743666,0.34784674838231444,0.034932725637164486,0.941266548811587,0.3715602527463194,-0.130919562347524,0.5273981967411736,0.047905612672933084,0.1043391271780518,2
0.5087775404642493,0.6467291950493261,0.3713027820961239,0.3744679849527753,0.7474494605347562,0.5590269751069283,0.23444235183975454,0.4019166971671073,0.02729571347596845,0.23834038524095008,2
0.5534434810563025,0.416713454287526,0.5174979669902483,0.524834294204019,0.6438732034602969,0.7535308175678771,0.8301173736328008,0.3173198846458841,-0.09762883507488837,0.6422401350317226,2
0.9377470087015086,0.5825320349642558,0.768136076103299,0.08107318271429342,0.5375615449565635,0.6187227830987151,0.36937399914648145,0.19524532226408534,0.8139434015526991,0.9673759741670487,3
0.48137858611252793,0.2827660171015798,0.8699122444990682,0.7615789776213585,0.4309763450115225,0.7490738145379515,0.25654630628749714,0.5077968168295915,1.0576672726057093,0.31757346077751625,1
0.3094195002279579,0.7322443794291867,-0.2998492398837276,-0.1626862714177415,1.4313082005738902,0.6061403929005597,0.14350256622076574,1.3271267219584297,1.2170656794842103,1.3784896034457161,1
0.37049495255463516,0.03273804355079146,0.040287168517427085,0.45237939910824115,-0.22558099637588502,-0.21886183305439502,-0.07835745255820359,0.13132495731697114,0.5121496406162525,0.6575828124390074,1
1.0348542597741273,0.3919841233167559,0.3709339416120443,0.8479624859515487,0.24424062595015092,0.8751943716519861,0.811166344967272,0.37619504322509295,0.9308441801520867,0.4453794973488855,2
0.2964491278722138,0.3450523135661242,0.4181690698125694,0.7506920445104966,0.21232263874503865,0.34891761668865645,0.5628782173257946,0.05468365833043053,1.008878050249189,0.2274711113858653,2
0.5279345606590587,0.8406193602472202,0.286881498958158,0.5471990772768427,0.7945034335638416,0.1530157937278498,0.01983642604618727,0.22488085439600086,0.5179597114710953,0.8923243640086972,1
0.10672557368447838,0.4950844398261023,0.5050104322385329,0.05542298562993076,0.9761123248381179,0.8329460084107432,0.5546854631156497,0.7420382279052289,0.6258386320341789,-0.04063139344269766,3
1.0489170568126875,0.749967710036201,0.7971556180440548,-0.009561957892817219,-0.0025896606507510855,0.5239560537586154,0.8433438520509737,0.48708776687828215,0.13444204708603347,0.5687719026885328,1
0.27290956607886435,-0.09801358857419365,0.31605196392744067,0.2382597372520955,0.5342930045461909,0.34298650676268594,0.6962674714720227,0.19682237903935634,0.5223478691657886,0.12565210936612106,2
0.8168374169217896,0.09779012176876473,0.3303389368773011,1.0167840808215731,0.18960090962260107,0.4560269665004545,0.4500558740510539,0.43204083725917963,0.39120479456981866,0.41963781268615263,2
0.3562448031940917,0.3307641989959872,0.9341266414150949,0.6502502340035011,0.48057183466830716,0.6425890550677903,0.08558116651971298,0.7115931204912749,0.8357229628678084,0.4299157239113776,1
0.8653435706546513,0.5584881107017198,0.3183834921527105,0.723112088485084,0.7705790005472215,0.7533241172464803,0.678953139774536,0.10138107599699712,0.7796652348033817,0.9282863182476471,3
0.03153259422540571,0.2367751733990579,0.7009470522255941,0.016778120208247132,0.042700249724688145,0.28050875261512564,0.13037241266153057,0.8672799872472318,0.4642364208779298,0.29785884210361574,1
0.8349225888077486,0.3423219583515934,0.4885302141850613,0.4623532548556744,0.58087982434415,0.525878816346382,0.5593632999832698,0.5199766330711972,0.059636332989560246,0.2607833923477954,2
0.4406519196622042,-0.06222962924780326,0.008319823458281805,0.7814966119795961,0.3536639860594494,0.7458314592555053,0.7084255011072034,1.0535597836739585,0.14011043073849833,0.7088360648479013,1
0.5691017635216229,0.36478280819920267,0.32298683907005604,1.0349759885833008,0.17060594966211073,0.3347937481573096,0.4008237292208783,0.6636098548438555,0.6562981276182689,0.20214198121622584,2
0.6079130769068276,0.9033313513397249,0.012850928133797096,0.06132812685312744,0.3847326727239636,0.3198268351079529,0.14541491820782323,0.48930675895838005,0.13042746033407795,0.9228864054029924,1
0.39452061182598763,0.5935737381435175,0.7524196463918239,0.6270906757739504,0.09290292234527156,0.6681144198737825,0.2680909775285722,0.8765085953658573,0.6006294164698436,0.03325991002059005,0
0.5677905658115183,0.30062206971523703,0.8097276541898092,0.1901600429771666,0.1474580267320449,0.6956259291231319,-0.3501207284297919,1.2064482308434847,0.8909548595554304,-0.289157649520857,0
0.4639905675014915,0.08256135047649993,0.204051760889941,0.9388332520428491,0.20175142497695572,0.33580540323154545,0.7342018138154538,0.5378618155866486,0.8833213921374761,0.20434939603871569,2
0.8113103874916225,0.8457937770767041,-0.2265914885276727,0.7262004388105333,0.831269513349547,1.0276859567533485,0.3826721645620572,0.5950230047446611,0.04848107224073838,0.26297684845163183,1
0.14430906330543372,0.6476391387698435,0.8384844098542669,0.15224558209178027,0.513933015801564,0.49128221627686175,0.416180491514949,0.7836801718602773,0.369057451285884,0.8371100537666161,0
0.6425595397734241,0.7022302339479497,0.7735859043720984,0.4349797819568679,0.6404887383841195,0.6511356381504319,0.8581070501352999,0.06982263626682839,0.1943166257715317,0.33490100663149025,3
0.6368723841079561,0.6286835539811504,0.7138546144790193,0.31145186987042295,0.5646577350955866,0.7816665598363617,0.7621184661158995,-0.052725123163837206,0.3218929727053904,0.3958585235974382,3
1.240991056539198,0.0665433802285178,0.45889004044841175,0.5950756902202405,0.5480352567692564,0.5803390953166381,0.8080925066104854,-0.03851962057348218,0.994596405066951,1.1820794455005261,2
1.090384771422663,0.6680533507507043,0.7076817405448614,0.00323011877136134,-0.04468020563402403,0.7354170299444815,1.2159827785772754,0.5003013039504722,0.3918258851114577,0.5694488247611756,1
0.5850850533052714,0.8725864562862291,0.16357631540576595,0.10952118494362348,0.779137241122503,0.05546058210125467,0.2567564874101038,0.3736767753321555,0.5831167972017649,0.0074198459195018345,2
0.0791149946331284,0.08282107113783868,0.7725735178693371,0.27594498246080545,0.008316200460713685,0.3506826134917268,0.6007830381213006,0.3473542227210564,0.23805985893015533,0.5130118392514649,1
0.9502065087005694,0.5716380212508234,0.7756028265109846,0.08309089281626168,0.5451964035081523,0.6265958464362879,0.37100873446391114,0.19010999643356524,0.8264067110162521,0.9746324816010267,3
0.3712576190163618,0.8843700458008578,0.7706116309310829,0.7790994736129742,0.7719061432065375,0.7864983325182897,-0.1614506031571601,1.2068564557870864,-0.02757498668313474,-0.1871480164387006,0
0.4649734103367281,0.5619625618563963,0.3388176447990248,0.8260929619898594,0.19155569781913775,0.2802393978881934,0.43380381922439226,0.20272077163607344,0.8833280479546115,0.24192578754161814,2
0.28242223905651503,0.3692142908060239,-0.04350315927696506,0.23234716320811852,-0.08717561384733036,0.4313036503592108,0.8561420830426596,0.19468151869065123,1.1757306940811598,0.6060082576096916,3
1.0110875436138378,0.5870201965307187,0.31258572467210805,0.9008053409378116,0.27750214621195424,0.7298954341995734,0.783244118793282,0.5359234519775602,1.0105397176528534,0.2211935316728349,2
0.9016560735205872,0.4781718937690367,-0.18631498226937693,0.5168148953875492,0.4518995122815983,1.7836814362068973,-0.21376504418252817,0.5739535102699289,0.007385145018893452,1.294897121845612,3
0.6003491781125246,0.8957740074333698,0.0067963115744318755,0.07472536082321429,0.3908810099241877,0.33003641194891953,0.1397457306218447,0.48014410640689864,0.12597571360598292,0.9136824946136115,1
0.1271087897542068,0.06125550895736703,0.2979912238873065,0.6725488733884752,0.4912768873734713,0.5669502503967704,0.5981538318776879,0.40752121095289995,0.9293720254173157,0.7641883918896862,0
0.28211951307820565,-0.07154935071830465,-0.12783192903933266,-0.1649552563851266,0.9618312906782457,0.4503980359113564,0.6476907783160526,0.6067949916893973,0.12760907142062594,0.1292608457097584,2
0.7959958708532786,0.5045769484694812,-0.032416546572589494,0.6086543182925115,0.20289439233151776,0.8940248345243813,0.7088686098439884,0.1505663678913763,0.6403729156610414,0.5076796542062443,1
0.2845549930749835,0.6553711104008818,-0.000543667953232543,0.0189259383068768,0.09068679638943188,0.7732373694591843,0.737073859987705,0.25265091917994337,0.9917361549292572,0.881660096711554,3
0.21084216268234654,-0.19075236964553188,0.5985604959167675,0.3239729720592565,1.1664178104362366,0.12475290709188866,0.7585141245041549,0.8105881727549409,0.1993534631243127,0.49341438537905263,2
0.7478861094347223,0.45803970818298045,0.9224480962113346,0.6664615458502156,0.45590645561646526,0.6539441292503515,0.07714370526372917,0.6719928342065343,0.8725005988361555,0.47263074968263863,3
0.07753883833523112,0.10915010574100428,0.29594762302160343,0.6944629855891119,0.5060975921848434,0.6121115793562675,0.6187624713119951,0.3899336206476995,0.914438897671742,0.8141806392253722,0
1.031866546430548,1.0714089482600853,-0.07222743495156647,0.6918207198668107,-0.3934551721225389,0.4502548425835121,0.4728011367299101,0.5502731546082622,0.4301300592433714,0.9270549369131671,3
0.7530380307565641,0.8879178382143278,0.07842342038736233,0.8656892726968166,0.715530305851463,0.9707869661262607,0.6294422426323975,0.5539715457184576,0.046659376187215565,0.27185004571710525,1
0.09886447981845047,0.952917196551309,0.5005131090818118,0.515856039879975,0.5527978781101672,0.6261383486210801,0.9405525979595205,0.6047932172461743,0.5611387857487469,0.9751547355056698,1
0.32373573113780374,0.3910958305965282,0.9705521213061343,0.5965801599764942,0.35417902414648034,0.7655744822924437,0.15952319428044606,0.6730318574218087,0.9149420556730486,0.42846540858242815,1
0.7136865159888099,0.27472566598143006,0.21403056697849465,0.9860242474630712,0.5071396542561318,0.5444999065879901,0.8137609308016674,1.0556873947664425,0.12113955924328601,1.0436478505994697,1
0.7712282288282426,0.28062348341996896,0.9005515924397003,0.06800770859894395,0.6179166600419324,0.27810288744916234,0.3794105398446052,0.4530936273912908,-0.11707602457371658,0.43175081349543143,2
0.6068910119958147,0.4163493393357972,0.5481301992513472,0.22797147094305698,0.5689383672662287,0.6901166328543613,0.575054722234698,0.29023036544937647,0.1920940117739804,0.32924357254211345,2
0.905946912488507,0.8792992989297077,0.4245411522384281,0.14377361244000697,0.58051928923657,0.9085679985479995,0.7928382072037886,0.14032461688000453,0.2199972924917622,0.8649721035008533,3
0.04418444404575349,0.10949145464296406,0.7282639763016762,0.2681420580378892,0.034281714681421355,0.24030943650855885,0.6225095670466102,0.41431652785267803,0.34833855983866957,0.41802513593409035,1
0.6220369750049866,0.838260501521836,0.20108215536502888,0.13043231273456557,0.7689927792798327,0.10376182925200635,0.2656413209669925,0.3416699817085544,0.5398418142296483,-0.02486860695677421,2
0.8934819041368308,0.4754568090299121,0.6720112005494958,0.17685386167567707,0.27400163716450765,0.8762114715229045,0.8712101272571934,0.7887070388917711,0.399104753898131,0.8104926632877117,1
0.7057364966486273,-0.050092211420145805,0.18612772825702142,1.1463485753173936,0.4990761978195938,0.3194192782654959,0.29921061877424837,0.9303884031965768,0.3410676589934252,0.3552163083437988,0
0.6895049164476723,0.8178153365650901,0.01775469646535384,0.07016306513392064,0.39548694936419954,0.3937294120342114,0.06945642156396618,0.5197561231226909,0.21036566526107608,0.9799168529534283,1
0.7295388808768717,0.744650710120571,0.31513962878339546,0.35044192777926797,0.6708292030213006,0.36475815969326614,0.19364758575058288,0.6000834464214944,0.1384528181720882,0.3065949818397502,2
0.5797022900302793,0.14556504768359793,-0.32199933864541863,-0.1345066566429718,0.6878570090217869,0.6653219623295218,0.3119533799759181,0.7689799603136832,0.1300009333088734,0.5390442685863621,2
-0.5834859313657679,0.018288206573106314,0.8878316181505437,0.6083121339626286,0.5741510372899594,0.3434823844400523,-0.05074716065743168,0.7849028898100847,0.3384218323677537,0.31558615183504635,0
0.8306959832044007,0.5972985307834466,0.03705127195199977,0.8243591712352987,0.2575806004326101,0.8802916715423137,0.7226561409484269,0.31575043180940304,0.9459002719203737,0.321600149032979,1
0.6469228186380673,0.8364422103495016,0.2721979617519823,0.23036382518802348,0.7598595678598781,0.3762055694985965,0.16487779490132448,0.4354744066762197,0.07697439317435541,0.304109551829734,2
0.09843017841416309,0.03752510657572233,0.7989411305033437,0.3098930274629744,-0.0697561394588215,0.15685674830599108,0.5827419832684206,0.4263903058710968,0.2625257188012958,0.39264127162079243,1
0.6648262313464739,0.06399618345877103,0.6206546708265335,0.5494465846244875,0.4760792841300358,0.06727366591714834,0.6800426108341954,0.621234114374398,0.08267434413642424,0.5104425873315384,2
0.7191380578372772,0.49311183301199285,0.7364055575133132,0.6124346966129316,0.37491273361935357,1.1027255672882166,1.301218633827518,0.5211407575678324,0.4494418182483062,0.43515683978968317,1
0.8396583841607747,0.4181996604793595,0.691002600113594,0.3862453402516887,0.5090024196617219,0.13093584056601476,-0.05537884599112375,0.2896759752602184,0.24215670159680744,0.4794133315899858,2
1.0616342620683228,0.21567753265265868,0.1693540797180998,0.4161145943441459,0.36857989564381055,1.0238340327585487,0.9252991474248178,0.36032618223976365,0.6514179341202508,0.6948743612294515,2
0.9673362512450235,0.7537807195636098,0.9428903118163292,0.46357002117193025,0.11749551861671026,-0.7882062455712578,1.0673364271556085,0.9458919274341594,1.4924828033625723,-0.30051269656714286,1
0.7210194624026064,0.11481393360960494,0.22487677777338363,0.5221085894331194,0.20763751930684454,0.6708150702743354,0.7208490871254523,0.1890050834832409,0.4572356393005177,0.7269784847589986,2
0.06872464295779437,0.11691878328520529,0.7519457541972621,0.3002262272682885,0.06253141533858085,0.2395103402470914,0.636729925034755,0.38212184290157736,0.320525075868227,0.4322016170950476,1
0.5088122679184579,0.8363299381513847,0.2879727377153356,0.4958357111781746,0.7737424538190179,0.18991252828192884,0.008414131011473496,0.23879586113003948,0.5252758866925595,0.9114538076223879,1
0.2153852656817365,0.5541992971352451,0.9508832221447067,0.18039009304520107,0.718723148507819,0.21163167705941144,0.4995158591083526,0.805761318975101,0.11136565574804394,0.8708255175714545,0
-0.006591757486700184,-0.007896775882190087,-0.17469983516361576,-0.6016694326707556,0.6745384965473201,0.15334950669488062,-0.1656082912357434,0.5529974041734582,0.6114997036697386,0.6244285872040711,2
0.1844697427225351,0.5672756873053059,0.4085169431355449,0.008600182136846019,1.0208219361473365,0.735638052439088,0.4428134144376995,0.5300471444448516,0.3624607671341391,0.05034692847359759,3
0.5931236181174403,0.7554815284158631,0.8306555882994073,0.3205373080118038,0.5168464571705156,0.6877069539781077,0.8819588601267594,-0.008164475776888946,0.302129314592902,0.31361969702471376,3
0.4101870058427372,-0.18662834377402132,-0.03523643314312476,-0.2915817562655663,0.8128298502423974,0.2881926803771382,0.7731789554652805,0.8037762264325596,-0.060445132199064056,-0.09159945740337538,2
0.6184481165055734,0.9122755340489187,-0.002663910098574347,0.07929241517433652,0.37057388922055673,0.34270990889615205,0.1443037609698534,0.4801253109446807,0.1422103881803963,0.9489140441249423,1
0.12590794487478751,0.4936290033889218,-0.002453361972876711,0.5013554560946618,-0.07558157131037269,0.34885417438624,0.2580240567340574,0.843543461374743,0.7404113901677947,0.0656547081807338,0
0.5645551356946723,0.3064063899242807,0.2745811812737471,0.9632062549569103,0.20134462020689856,0.39278540865117023,0.4580164274206699,0.6351487302697038,0.6619046437167387,0.19009184243560412,2
0.5114299935702319,0.020311064376665175,0.15563816488542798,0.859784541970765,0.4960781204748301,0.7199180395659411,0.8569340889914839,0.9710634532747636,0.35439074844105,0.8516419816787411,1
0.19637364255240702,-0.10428423240833581,-0.18545766462879687,0.8847871058754108,0.7916412887028673,1.0531099644952562,0.8340655340613577,0.8009629831895774,0.3261756426495695,1.1075386297539198,1
0.5280353980206146,0.735119858061907,0.3792949748967534,0.3512718034243284,0.7460963165872847,0.6975990026137204,0.29010496302127897,0.5880225777940432,-0.24915544633949088,0.4934242865222027,2
0.00950466957631739,0.27963589456451465,0.1031158809512557,0.776530352024803,0.7449745677946837,0.20105846286955337,0.6069242319027145,0.036571013065379354,0.90184352295155,0.6593202030484955,0
1.1301607373762008,0.010900943982364741,1.5276316155120622,0.14134100537684466,0.06338427849170054,0.33977681189640285,0.578133443920839,0.5513140176518406,-0.5079459030803394,0.7421896905159849,1
0.1725361623363204,0.7879325611382874,0.3716818774279892,0.3022847742255278,0.6499447069573867,0.8187655469456342,0.9357851272514995,0.8832631594506561,0.6990752617461062,1.0092507580916377,1
1.2367012631527647,0.5381931485824196,0.3506924433977724,0.8386498172561015,0.12807143851148503,1.0349088909795607,0.8787327877122133,0.25970941894727284,1.1287792815008435,0.12176918690520164,2
0.6407095337659195,0.8908983471403545,0.04207854659652162,0.04541804721236215,0.41572175309677273,0.34857342787047674,0.10537407775935068,0.4747542257963138,0.12442200275019638,0.8905157590872264,1
0.2230168449168479,0.9244546661259939,0.04396811420771986,0.4773780296576036,0.620755703497944,0.7399814209332702,0.9351254145771213,0.24450237685039655,0.7170609926748595,0.7359294880685003,2
0.0752976153725873,0.3818029661891039,-0.009130921945926962,-0.3921545822052906,0.3886594885733478,0.7490713816573777,0.6176777080013465,0.6448230045867882,0.1251938064495665,0.0007584940076584834,2
0.9846384832193602,0.5571214401052411,0.46160432083108516,0.07241840463940472,0.3026813411863512,-0.2935436035130566,0.7611851766209838,0.5424121251857217,0.7413801057704266,0.34307907131945686,1
0.2598171797369351,0.7843738425336876,1.0137102394593052,0.5226679827457009,-0.05935162094242408,0.37084148907595615,-0.07981179759634388,0.709198943748116,0.801954209197387,0.35940063853040083,0
0.2242155857167541,0.671222957604675,0.38883591881582436,0.1769722715735667,0.9871777007912055,0.6170026163846393,0.4128134309789998,0.48283160309341655,0.375690122960211,-0.0018294389995903715,3
0.32111915740462155,0.8717793980325452,0.9868910057252386,0.5997457344268764,0.046136894677586054,0.23097179900204837,0.2215957178377469,0.7825470080073905,0.08937813463441713,0.28303959938925405,2
0.4300404245649198,0.4983562968958892,0.7050843710229147,0.754382398025451,0.4347976589615441,0.2188613062495512,0.7503967189032651,1.0593400912054833,0.441624828309933,0.24387030727055353,2
0.3547731327159589,1.1367197176125645,0.38053152449674843,0.48000473173292435,0.7229165654216448,1.013260202154837,1.2617862502167894,0.1424906594964107,0.6510020578100835,1.0389796927125898,2
0.35524497306422936,0.3619154264298791,0.7908210104783769,0.4531539952840433,0.4287663222659551,0.49214410547531334,0.06823453558183878,0.7246008029546253,-0.12423853908795568,1.2355365677083832,0
0.34296271080207585,0.977660678858036,-0.17608279095315088,-0.13695203120554003,0.6627507715820845,0.3317117089906663,0.28908990047607913,0.604695875496235,0.4530810929245713,0.025856406676009695,2
0.7722650555360654,0.43499610831936564,0.7839759497294251,0.2673490212885297,0.7192375845016324,0.531251820865314,0.5960876171128725,0.3203480972927893,0.18625973730108505,0.1547253517613953,2
0.524579172881693,0.8306790936604035,0.3035853159141822,0.530059095941673,0.7868036543576061,0.1397076386388936,0.05256357209633743,0.26294311765982215,0.5826815389131551,0.8860156253428673,1
0.7054797397937083,0.27786246186794594,0.07062509475125628,0.7839054324460537,0.3312455386530511,0.8542874910918621,1.0108122597661284,0.4040917358258079,0.7449737815678623,0.9073245682747,2
0.38921738305018994,0.6932534496874274,-0.10858900139004314,0.21056312190543078,0.07415593993520211,0.9116579286919312,0.6384563887629784,0.3861949274014755,1.1175261095200064,0.8812496207780501,3
0.24410794586324128,0.8934994009980005,0.05288263176881692,0.4470605835762082,0.6515896388886449,0.7481294668633891,0.9702012183691402,0.2492027476726743,0.7081202366628624,0.769538430143632,2
0.6932955927455621,0.7566220611669436,0.3176952509917613,0.20233339610775658,0.8012791561553587,0.43000833402272737,0.08696848257709286,0.46837595788198016,0.07239523356066552,0.2624114951239776,2
0.9910798918103257,0.4721977466182762,0.47099836468152595,0.9199078551368355,0.6538703577886384,0.598495307775755,0.7223871852950264,1.158717519494765,0.5464702361919194,0.1701838705587504,0
0.7726237098851529,0.9739906015203409,0.07939077235911388,0.9188744114515218,0.6559636224933935,0.8444731954226932,0.7299830914315707,0.6834399223759156,0.13038264836765703,0.2646088069341242,1
1.0755011335669566,0.11854254304158314,0.33247819191405037,0.15427621949866738,-0.09728123973015317,-0.039756496782304515,0.6698522845715753,0.7411590902866122,-0.13628736982919393,0.5843283721396888,1
0.6188651834481467,0.9089339942477594,0.7259298287937813,0.5003333584840475,-0.04681915812425205,1.2930786229816023,0.06845285028782921,0.49113728226106546,0.23614103826324412,0.8838524556436786,3
1.0004604818445504,-0.06246006926819636,-0.15324579918729975,0.6211508322086352,0.2847362884844807,0.10438029377964905,0.3796278555474921,0.8733608785655061,0.24981160019002863,0.27453361782578417,1
0.6462764856352097,0.4137535963121798,0.3456362894228856,0.5179001887261597,0.6863651656585961,0.14041569286843908,0.20397280877822882,0.9334830058098487,0.7544928952868697,1.099748105030684,2
0.9993072358424588,0.6291905991702201,0.3064054553906721,0.7741044354490355,0.6395025635823445,0.7894270210459627,0.6154661162458493,0.22787705775299683,0.7137031120495361,0.8822576887963636,3
-0.044489478004769434,-0.05468743496885453,0.7520664425692627,0.6794025929332336,0.0065515366587055035,0.2953840805805143,0.30323888915618125,0.6984635443872649,1.3350003928392884,-0.029595381601247417,1
0.5423509921254492,-0.30243519447297423,-0.4931700015369954,0.5432341390630427,0.1496633527648058,0.4374768758126093,0.22405711199262812,0.6344882163079627,0.009832138684942426,-0.3399192009169544,2
0.3666505174750292,1.026420638497837,0.0210748642688195,0.3016336987017114,0.8877386749581497,0.6611015804529901,1.0639450843094338,0.13647262552627287,0.7488803798801843,0.577720625595354,2
0.5858414125743434,0.8809705662236311,0.13476649392372592,0.1316364532631555,0.7756460198365758,0.03848552943496197,0.23259341451722582,0.3532435999277876,0.5901320215453073,0.02116793097129251,2
0.5270027149570404,0.1650258290051882,0.3123112211101592,0.18834969109157718,0.665545653977112,-0.0668600674851548,0.4663745685055549,0.8196730458272726,0.668651579019768,0.5619388759012041,1
0.6284852582096812,0.2639903135056554,0.27814547334804257,0.29677178648376856,0.5906718557799944,0.07978950866338202,0.5734563343449885,0.8119673410929739,0.571705603963107,0.6792317741388466,1
0.7432330170007413,0.47053673921429245,0.9637874086603858,0.0833403547092379,0.5039100635448067,0.9099781520857566,0.7230977523617883,0.48678394657611956,0.24842156992293218,0.17092149338269672,2
0.6475240360015139,0.2550357854291536,0.203899678048402,0.35979790261335354,0.517213494196397,0.09508276611484606,0.6536326900984848,0.7295566169157365,0.66303421105574,0.551906094258344,1
1.0083015102270843,0.25850715923428635,0.16429190203084715,1.0052110789090993,0.6762924228690493,0.31392145584176984,-0.018899008211646792,0.9303657554169945,0.1552571147846999,0.19587515210291145,0
0.5350177171337641,0.842652011445036,0.31338963217700744,0.5349193987126697,0.7719581372446579,0.17481259823787068,0.016353363314674373,0.22476472142612297,0.5521479541476344,0.9251218631753142,1
0.8683650958524788,0.5500384040940438,0.2812334566184776,0.7513180470272388,0.8151385775854132,0.7061482151349984,0.6563638530124081,0.13570913179924116,0.7850421290392259,0.9371785032710328,3
0.9255917942912417,0.5528571894103383,0.7681303904181687,0.10253496297983195,0.5478505727326578,0.6487556163949718,0.3561813665158935,0.17553732719421097,0.8169760896099958,0.9747318768672742,3
0.007853044768232523,0.3801732819223952,0.2807327925009499,0.2523909377841592,0.6063096776359378,0.31105477611086585,0.27328596078997563,0.36054537972410033,1.062701897657204,0.8177851442395946,2
0.418490726724781,0.6446536070545446,0.7737023957099507,0.030708540921946234,1.1268918031163886,0.6516697324288505,0.3539367003169761,0.7515779502765672,0.6994398258715963,0.3020409562748218,3
0.08248658435188132,0.09606122467849461,0.31392528780562307,0.6904975233461861,0.5117177430256876,0.5952668188533468,0.608038974691828,0.3966306141817122,0.9175818021134748,0.8030517126635665,0
0.7867686550143232,0.44920300662478785,0.7701264145648916,0.25859251021320856,0.6850028936381667,0.47060868418790547,0.6927198697806309,0.2608773868505109,0.11819435430195377,0.26712357513715396,2
0.4993649349301276,0.06555477311220002,0.16959931619794627,0.8102637951952167,0.5012713848389906,0.7805186198689361,0.9319639726686982,1.01145907171959,0.3619203876588143,0.93330097952431,1
0.46903110779048873,0.23335049903388133,0.5153071957743356,0.62240501759204,0.15240511069011106,0.3309508524795919,0.5036431630927164,0.1546464260717466,1.0611404979177816,0.308056332921573,2
0.9387809019354998,0.5491022825906655,0.6923757207301715,0.08331435982149828,0.5432710553735863,0.5664458280852182,0.33859858375703056,0.13008574804750586,0.7488409485200909,0.9080410123113041,3
1.1742675921103736,0.31704726089033475,0.5915033107451124,0.3037396251481047,0.10232686350884723,0.17690087744260807,0.3319753324195961,0.625503354545178,0.8549960028377195,0.4135534374770691,1
0.5991216228094272,0.06309447698688256,-0.42045985391228324,-0.13050903561885963,0.5330604848436487,0.6933560761765094,0.8893579590585704,0.6740187395083863,-0.1893604225745285,0.010667303765533043,2
0.7566238659127794,0.855126092085768,0.16393017181168928,0.839735212501296,0.5433222170752415,0.9093121200735851,0.4782485811975306,0.7215566534116901,0.10625667786488427,0.2978416727094362,1
0.3432864492147572,0.4966673487031399,0.9789986914024463,0.5628753347952336,0.49275478930715466,0.7134445737980056,0.15955105682043277,0.6682062701366944,0.9200784313133283,0.3470837011107831,1
0.6728047889051302,0.4668069387026669,0.6165956838580722,0.39372951338126533,0.7264260496744,0.6050572535888108,0.6728020059062096,0.4385819896386032,0.13373029676785303,0.17314775242971245,2
0.5934704792832868,0.12144720309849583,0.006073000915978982,0.9912261769355567,0.5418883974216874,0.6576464310297931,0.9217519112623664,0.8674378755858357,0.34607536374837516,0.938504664708314,1
0.5180590378174762,0.8246759706732558,0.31409222653703117,0.5189417171966055,0.793843882601966,0.1622746375032298,0.02255568203494495,0.21575553446604864,0.5373595445227431,0.920273836022676,1
0.7182904242350636,0.022015563813124125,0.600848780093066,0.22438674220181598,0.7694914180115036,-0.0754244769595151,1.0318390120693146,0.7093956979194241,-0.22650928119308267,0.28045460337870304,2
0.7767133410550763,0.6966640695860923,0.3829745404657126,0.735966943369792,0.5308652037635114,1.0287389551006587,0.436421366123086,0.24634520053971146,0.6883781326574429,0.22841797078191012,1
0.03299884926774477,0.6841131766404674,0.18349353181507322,0.48946242967628234,0.0027826739910169207,1.3813038300429425,-0.3610563459099104,0.3821650044962407,0.4818446583979514,0.6473747045406487,3
0.9050422984424018,0.5863981613452554,0.32931084040131353,0.8519015982133054,0.28269114456850053,0.7259008912500131,0.8403431628849266,0.47543266340367774,0.9565519096319008,0.22262803512673096,2
0.10658053392810374,0.9087638583471345,0.23800005106697514,0.42132114523668995,1.0153443461640421,0.5655997048067801,0.8480627768522565,0.5454519136917533,0.5746653050106774,0.15859242131371007,3
0.053239736812200955,0.1850049811781194,0.6244519311009225,0.7241929794076227,0.30751539922092985,0.6728337801035589,0.8016360570020207,0.32801303985400554,0.9344403655591184,0.28206459170193554,2
0.4371108260649176,0.16988834724057844,-0.0068383414283337,0.8158877738617641,0.41909378791777585,0.6745906231226053,1.0187970416555674,0.8884000126405143,0.3815791887859971,0.8307558793971651,1
0.7288432433638926,0.48460553296835995,0.8006162671170834,0.4482593628097792,0.8603117960244435,0.43326881348244106,0.707943130189953,0.49574666043320414,0.05680367592690434,0.35416647151902864,2
0.5138087116111142,0.5444146352909294,1.2733949276351275,1.0230823774033095,-0.2510831715517488,0.6283995282796767,-0.016306679078244013,0.666048692260835,0.4171270634008395,-0.023741046443259223,0
0.2757416884293627,0.4249424990488823,0.9928794587173249,0.5515326563096925,0.3550868892115707,0.7432339122175108,0.1027034855851505,0.6597384289010821,1.0033065946639028,0.4243183661727217,1
0.09246981150511388,-0.05721704348311657,0.34848956880936727,1.1036338379380275,-0.2244417857562951,0.5949706283998013,0.8844551083347494,0.5956284486120131,1.1590596724290902,0.03455268518755028,2
0.6584758145525217,0.1735702602246876,0.8166151506574129,0.09871866669533327,0.5386796952498994,0.556444551353493,0.5954847440963894,0.4357530980156594,0.3237446342175281,0.025264334037396557,2
0.1478814838747744,0.49131105164711625,0.006701476602466894,0.7597759754684161,-0.17690084994845806,0.044682023130748705,0.3165024665136711,-0.09840748113874376,1.2964750472516093,-0.23167044481987226,2
0.35526664922901674,0.44295510038381414,0.3298199468725713,0.7399498754393778,0.1561778498736961,0.38565572752387905,0.5282166526299018,0.10342119529808053,0.9692641847551993,0.1961922316320369,2
0.8589881751858666,0.6107661219963423,0.259581433723865,0.6693255178205727,0.8253899467424606,0.6847578467270936,0.6115784028919737,0.1689659196202789,0.7364976722162943,0.9231809553923355,3
0.9739054084159028,0.16247565599378738,0.6085323434591576,0.8800656489739463,0.5822665651943523,0.49502916206313813,0.5492158193791357,0.2925401505682137,0.07952801874423743,0.5847116688360018,2
0.6082861432589296,0.9058818063619062,0.00828810633884301,0.059760198581690537,0.39117496750127184,0.32288098168891005,0.13561327346572236,0.48766447630124776,0.1320853428993092,0.9258565211037956,1
0.7108071621154024,-0.2314588465518267,0.36990227835043216,-0.2844746649182473,-0.2105667469894073,0.49452067446488845,0.9902925369871522,0.7652239099626118,0.28770708830962943,1.0147743647909726,1
0.47407442806940386,0.6487375875026263,0.7651204667893885,0.5885065218120087,0.19307171930904019,0.5781095034603243,0.23554576296912727,0.727561156539396,0.6189312770107793,0.03979133103880465,0
0.08107536736833043,0.8460086430542795,0.40899229247001984,0.4575515578039875,0.5142177710837232,0.7276519994720342,0.9432960002567963,0.561825744341034,0.4678715240895739,0.9317055116922963,1
0.036628648894162535,0.10883366816228798,0.7614089001693924,0.3189353066296828,0.07325781503617737,0.27594082727428526,0.6361132957110499,0.42431168454673873,0.32239397696765926,0.4600165670049445,1
0.8672777288749627,0.6213577976358808,0.34380613334911725,0.7960655370479778,0.644967308403591,0.7170830612819746,0.6401508464814879,-0.015108174127705473,0.6913539458161757,0.7602031817206842,3
0.2880375567033386,0.9008790786677776,0.9853857812881777,0.20360480064823297,0.9994170149315723,0.46842363864518044,0.7410204863892361,0.8391110062788643,0.5632959373515216,0.8446221431322076,1
0.872497870042966,0.533204010728361,0.32153761044498114,0.7098994957371538,0.7835155972750197,0.7810016240611758,0.7036249724221013,0.13231357157159623,0.7952332303848492,0.9164858525907474,3
0.8439016248713841,0.5777642114659867,0.7865422997287005,0.2989326006375203,0.18712380436007223,0.7448341552783506,0.996211271256611,0.6080183456012506,0.38330467453566786,0.7244321871919327,1
0.5956119922285581,0.748929805496407,0.42195996253061063,0.4910789119728699,0.14216486990090774,0.9977676704692385,0.1677477452824009,0.274122880783999,0.1431832804838996,0.6538349071399158,3
0.3309091983413859,0.45517137206908403,0.8229772913855813,0.7522525308473551,0.4528849590768475,0.7271968018878615,0.17713831597545962,0.8238398364891293,1.0988945801544432,0.4508363852070493,1
0.03731546583958616,0.12109544956955652,0.27494944025805307,0.7371226798233461,0.518007158584017,0.8408409721412338,0.8986307694961985,0.3418726656380274,0.6798476318712149,0.449056537737193,1
0.7500465868186033,0.10258912035689088,0.7118584422803502,0.701882662364937,0.3496655673815878,0.12422971309983658,0.10744311551909044,0.4806646085962953,0.4043624501450197,0.7534793868949039,2
0.05962925629241009,0.21985971890638537,0.2992054996580461,0.764400046374395,0.4314819054914126,0.7937741287624269,0.9281723208903192,0.3231713923991007,0.7645964686898257,0.479644376395922,1
0.677834760363081,0.4261279542355981,0.05282840153237364,0.23240870858276652,0.35399523794410864,0.26323362961021224,0.7098791336774499,0.8029937076686399,0.7551852935521259,0.7875662355080228,1
1.1105743897533835,0.7770895449743614,0.4812074630770278,0.015571250004405707,0.5143330435169573,0.4259606709974554,1.2604851021388588,0.8990210467321444,0.7053321843246196,0.5973855423584646,1
1.0124030703025264,0.3411556530685845,0.045137035788738844,0.5714160089035929,0.054375125108592604,0.9647090762443721,0.38358402180519247,-0.09779115079402623,0.8000256740234719,0.3180752059945471,1
0.07115672717062829,0.16250278731482054,0.3440569062301514,0.7253515932944434,0.48160575284536494,0.848082852625742,0.8426706844737316,0.35089695087463496,0.6836317074388253,0.4835616936895936,1
0.09153755303328191,0.8570253032161124,0.4082405176155563,0.4770696851898557,0.5259079979408116,0.7219535610564687,0.9402527600729214,0.5599734419144429,0.4761581200675122,0.9155060529963182,1
0.1784127354021297,-0.005834095134064656,0.08592448372037112,0.005985225066559567,0.7134879398101455,0.28454102383840013,0.4485241696519277,0.44914912090475756,0.2534998776217746,0.18835758070868347,2
0.4722229000990737,0.2239774300652454,-0.06836224401691088,0.9727020556108706,-0.002717920376768962,0.29272434591079466,0.9350468511337002,0.7064511826684443,0.5458766291000077,-0.0631414005234987,2
0.06358205876334547,0.341844205721419,0.2902291971518641,0.06947780495032849,0.5135468043015541,0.2901667914457906,0.1345477700705594,0.36493531567872306,1.0069427597259624,0.7458585028425743,2
0.9693230075334045,0.4798376045851112,0.7693185293813475,0.10564726005585667,0.6755111628957552,0.525116946335931,0.3678313248050856,0.20649916121184478,0.9361775663002976,1.0583045204541974,3
-0.023972138268560428,0.899036997220073,0.3811641879667875,0.3557261777544137,0.5084765659182195,0.8170461661678474,1.013518703485823,0.6266708514572203,0.5520171643266316,0.9000664675521604,1
0.3371108462492146,0.5647384951691882,0.3240804964499444,0.3045080348918926,0.19613738971993436,-0.10459487863456501,0.25109431481852407,0.053880098052715,0.8265137580863,1.1204438047337355,2
0.3421631338390491,-0.11110013568232037,0.24630361003757345,0.09683538123222156,0.61409087013402,0.3243485539820046,0.397731895033375,0.5149006158003673,0.4027291912760386,0.20283951825911925,2
0.5509499355340538,-0.24282156042824937,0.28704616056465193,0.30786169442781564,0.43837806836825066,0.24481896480603293,0.684026283505301,0.7256167371104105,0.3272050834660532,0.43037913008733597,2
0.21497709736253934,1.0677195402495654,-0.12155491719548941,0.4728547258042124,0.494686223041617,0.786547936068783,1.0833238498275142,0.4013962995492788,0.7682002225666109,0.919219668449028,2
0.8536761958202551,0.36713736623215654,0.5582693477157852,0.7211564765017403,0.9844821791552358,0.7227967376941005,0.47099193940909995,-0.007303810702497818,0.8988170494072267,0.8513599674168092,3
0.0435756969120712,0.24735415530285196,0.6960016574299354,0.006736067909171041,0.030722572735014247,0.286164795721041,0.12422417738602852,0.8570484132059423,0.46228303546040694,0.28375009556512,1
0.5673700481088142,0.2490030528515672,0.2941952364613142,1.3423267480559788,1.101517267829724,0.9490966582176763,1.1641638948214243,1.0767556446456208,0.20391908139725556,-0.22332345390290465,2
0.5824409156334324,0.7999418480423902,0.6937701168974265,0.15137670391676059,0.49501018502375305,0.2700754146122678,0.14611008614833904,1.0736929698857502,-0.1101326645298748,1.2129095678138968,0
0.6345994098928676,0.9228644473084815,0.04343807447377302,0.038533758161476854,0.36061953291657145,0.2778656788650142,0.18485551956276683,0.47549645978018595,0.15265103038006458,0.9734402906914665,1
0.6755709308088641,0.15128774487602636,0.36628367134784223,0.8580016479267569,0.025190195159318113,0.33498627887947835,0.015821856139594442,0.5630763414447627,0.039460842155595865,0.6194558841573379,0
0.7011603568674227,0.08874547160487053,0.6251557534818633,0.632738320759789,0.4435750419823773,0.16612183011825857,0.6904966117648621,0.5625958536764039,0.07613734304983881,0.5577774137561736,2
0.3729211231219731,0.3218459215968266,1.088933925835096,0.5977555338404074,0.389993885260268,0.6888867064044031,0.25232299602520025,0.6374468484386878,0.9702853002354652,0.4339041322506662,1
0.4750818045909988,0.07115691780563643,0.19410671233699706,0.9266888172300155,0.5033305302485305,0.6834764115687206,0.9338926672515994,0.9912477693071707,0.3520250090739651,0.9239693067649303,1
-0.012427770059268643,0.5762458914006274,0.666577581183048,0.8057225763658193,0.3534695104949971,0.5783563110313125,0.41595187099444847,0.8566767660681126,0.2928168889926298,0.15578715311802543,0
1.109501467002608,0.11471131962107212,0.20398727151839677,-0.06145099306102825,-0.11729547006154588,0.07227483148654007,0.6666489713182023,0.7168224335480113,-0.010224049268891915,0.40810137414109565,1
0.6499867860161633,0.6679124552313722,0.7350866092061569,0.4840228365717208,0.6389723222587602,0.6505662754171574,0.8352604482654391,0.03963811808626222,0.16762731953079976,0.3520833680792769,3
-0.6565503347762,0.47250179817153276,1.2189065675565316,0.2942262413088009,0.0970663956879122,1.182176804843467,0.5936912598190847,0.6778530100872335,0.601724698224261,0.6883049401578385,0
0.48718644280940826,0.059957007201614294,0.1536492755314301,0.8593449876152214,0.539434492398782,0.7026760127156881,0.9770017882423003,0.9981782889507178,0.3170842280315807,0.7690189852112626,1
0.2430817144657759,-0.014831597163681376,0.08690678337804644,0.9504147971086492,0.25465210700048807,0.8712824442735072,0.5432468839833227,0.5907838503991645,0.9382457672981288,1.0130081137087525,0
0.5603006544822043,0.9053359643299053,-0.0009761520228445042,0.02824873719972637,0.41192562604403493,0.30846305248298034,0.10101373058091376,0.502221421271654,0.09897420944405431,0.8793256455567335,1
0.9343228595307426,0.4373099871268812,-0.19984612707275984,-0.09116828096021001,0.17046090019171095,0.2677560283560101,0.48847743322794285,0.5117987420013527,1.0949672041560978,0.2738662163056394,1
0.9166298722945133,0.529287926937024,0.38800969840001237,0.7950911297374428,0.7998289575787181,0.807758733226348,0.7242382001206783,0.14101262546908816,0.7475998069423587,0.8464129064327612,3
0.9482994720059049,0.4409273956961831,0.11873207121323301,0.8755234677397873,0.6458125527815441,0.6209937284899366,0.5973850961548821,-0.031327891281622,0.560079270299313,1.0115036640787007,3
0.7403271500405666,0.6682297186196529,0.06555003730159603,1.0790639098012296,0.5775971315150519,0.7464650315024258,0.73844828376445,0.3664035581174071,1.0146293033377192,0.31311352765072253,1
0.26756570331946183,-0.08185315394294929,0.39489020741845227,0.9621428994172887,0.5259268203986012,0.6005459866267313,0.9472495021884016,0.5740145688894651,0.8128998521660125,0.6731705072676399,1
0.7656074582778768,0.17628208620075442,0.36979789600595314,0.5419581106710594,0.36406386910253485,0.7879248575897695,0.8362068145416208,0.3009650813018433,0.5529302951300165,0.8663237287563228,2
0.28558286606193134,0.35749723347023543,0.4825186891415242,0.8823604748770415,0.18675528703071048,0.16817519126903607,0.30486199636808076,-0.1414547810787147,1.117016103185037,0.3099068810876372,2
0.2825837203003605,0.5482450549095232,0.6852049017820878,-0.19746204335247447,0.5182704572152795,-0.683279539647096,0.6441184199059384,0.6764579028219881,0.3111305583951029,-0.10060904261807568,1
0.33611659447909426,0.8779208378273217,1.0089304819220957,0.612644781529116,0.02500934484047152,0.21622580329849067,0.23964519700941125,0.7713040726882815,0.07169677261944218,0.2660731768383994,2
0.4699847455235724,0.7348210451874762,0.39618605549762936,-0.07072154056086438,0.4351571205891234,0.9014157978565323,1.124678166980141,1.1037319845862643,0.27400475859019924,0.6319967391797693,1
-0.46728298113135847,0.48642033300237486,0.31789503414966047,1.7324151863601993,-0.12289905188786798,-0.06878989776831057,0.9026178248407724,0.5246797029575967,0.40836941167445207,-0.3885217736847386,2
0.4340832976204444,0.41476141934034944,0.32091285157126975,0.7614415601240039,-0.020545672222381905,0.5323024176092178,0.6382103027461384,0.2556428797933745,1.0002979618589112,0.16278227721481614,2
0.9345582184848955,0.5903485322000245,0.7602614998935525,0.07747455754627731,0.5402116763407097,0.6272652811228298,0.3726499461147937,0.1916514495882872,0.808483889927208,0.9790782963685523,3
1.09143880383621,-0.12219438571478247,0.21173279764984626,0.43907546391464075,0.3270204384557113,-0.4233565350416,0.637209859127242,1.3838045609888672,0.6395368442859666,0.6034096210079147,1
0.5510096205145121,0.9108711376707805,0.1932360989586744,0.08452665489351471,0.8222837445644346,0.07083848568324053,0.2643636647280284,0.3997801461347397,0.5569377670938914,0.006409110058979808,2
0.8851036793031682,0.5892597715041433,0.2704751006279465,0.7797277366190638,0.7440634593764566,0.7038744879763845,0.660491760699216,0.13497675447728882,0.7622014001802971,0.8962163092090283,3
0.6482669804994879,0.2534230702805295,0.2925900405994837,0.552796877072313,0.2369898946505439,0.2994264144571525,0.09539344716392816,0.18803379648945476,0.43759278733913665,0.5298082388643206,2
0.7029318798490481,0.9838065263709156,0.6979914988053412,0.03753684895075898,0.7430325541151094,0.09917041832047135,0.7707958242238949,0.4745961821967441,-0.05265586233024383,0.7911755976744137,2
0.3032287097109198,0.6680601612580453,0.025268316736852696,0.0017645684901597992,0.0702479670679668,0.7763915687787358,0.7382673411810379,0.24960427644901506,0.9983834459006248,0.8774560737519634,3
0.07780114510981034,0.8090699444268392,0.01484333012066416,-0.3891144298258278,-0.392943421089048,0.751548795088222,1.1380058454706465,0.3411784751600573,1.2649097682032076,1.0189761011301446,3
0.5200988443639487,-0.400116840368744,0.8146902016832308,0.3999645506517095,1.1187542485337978,0.7776060562619446,-0.017079460431941806,0.43995353395498893,0.2353120490302333,-0.4510775438446212,2
0.4933428977861215,0.27570116046266835,0.4686262292409827,0.04277501269742823,0.7520677763096817,0.7573407200837657,0.6565263309261404,0.2944714041171437,0.05659421924098985,0.49643972238616835,2
0.2268842192161473,0.8497204640682935,-0.06532533965175039,0.3944097747650092,0.701537303344717,0.7542137000986356,1.0051833784580972,0.3737454558807345,0.6243125889777225,0.6495595539250539,2
0.05981327704368264,0.2198029530424918,0.7105261542131124,0.041920263481945885,0.01288600071414028,0.30395004321580776,0.15508180555844622,0.871964551099994,0.4572691148688868,0.3125626476974218,1
0.623636899538577,-0.10656300146613606,0.4392112253181805,-0.06476681095121922,0.22140929420525163,0.3968286732365186,0.6435503935567927,0.5770800610335878,0.18905626057518723,0.5584507452635287,1
0.06429617041838397,0.8791061572847186,0.3894113727910062,0.6033518070385937,0.935073758493741,0.5657515661414664,0.8491523894808524,0.659632433475957,0.5845181936616314,0.04782575103834533,3
0.17024313362365348,0.6049507852766649,0.06927228460554917,0.48898589220901906,0.7861998667770249,0.5482013670827206,0.8040109656847992,0.5882974918661605,0.4880288848103561,0.6630835468357656,2
0.042738873787258824,0.527143350947074,0.8652765423920789,0.2277879362658674,0.3238416357050942,0.8137428119334257,-0.26070080725766176,1.224206146757771,0.5443876352268251,0.27128967041807234,0
1.2254036880436883,0.6077537898361018,0.28787074955262804,0.4138650622490222,0.11812943426885109,-0.20335136592843012,-0.22750450052268462,-0.0004978679617921311,0.6279157646983791,0.9721263085191076,2
0.6593136811629223,0.2322310800993655,0.5688183719158137,0.43766058677043496,0.1760339041898999,0.056190792926520794,-0.07472080658976057,0.23927004172218086,0.47076372238521336,0.516093900691176,2
0.6769220916176455,0.9596403653756769,0.1500688618603344,0.9123692852597795,0.664218517768378,1.036543861992976,0.6323327804175324,0.4521964720819075,0.024113763855951008,0.18438692355686714,1
0.2312271114609962,0.41210564926801946,0.14724181044317441,0.9298952081449309,0.2222984631048951,0.7011454667359809,0.5787563687216074,0.44385327854755197,0.12912104513923742,0.9144352845555231,0
0.6028816188796275,0.5390059701921107,0.16367028985963314,0.7565096326712031,0.08295246657513317,0.44329426944435,0.23269628904241715,0.6844710818186618,0.5958698530794058,0.44092385518895233,2
0.7494764436960112,0.6266649340984606,0.12443972894528621,0.6468590842570959,0.8285599206632934,0.5871262904451648,0.5301492445867438,0.09414561855869626,0.7607489706001351,1.1073799436905012,3
0.811340880890219,0.6163761812161197,0.27287482937761987,0.6620978094534714,0.77486833486884,0.7112108160152011,0.6573789452046398,0.12148518656196418,0.8107877898751434,0.9842918763903876,3
1.1216116076518914,0.07513472099570379,0.5192851625340091,-0.0049682184182690825,0.024323150033613766,0.1734262979067097,0.515003565476029,0.716104292174482,0.048410512771829395,0.6355778120858723,1
0.5658535687211181,0.3527377352977599,0.18752387597274398,0.09413470510477828,0.6667390666507504,-0.1521543561701802,0.39157962510803057,0.7942376528617303,0.3923399477062899,0.44703870903992005,1
0.31893071828698805,0.85758116809055,0.9847841630606506,0.5830331464740612,0.056899095684020726,0.22791393472827315,0.24034216222863578,0.7648514720882047,0.08548341693316845,0.2891436529258425,2
0.6757150414738329,0.8630160350182468,0.2860342444541165,1.483636464747407,0.37898689775725214,0.424501041499509,0.8492067034992035,0.8936246229023441,0.368088316142078,0.1948111945133512,0
0.2857154506054745,0.6374496682061388,-0.0029323813852016388,-0.047993605025949515,0.06173332082436324,0.7391709112888069,0.7967660870969827,0.26340415280556656,0.9332190041775997,0.8897256266138174,3
0.17765587215477793,0.4156613449283998,0.42322104547601314,-0.1313349965212196,0.9616222821152013,0.9111062458339839,0.5547953832192729,0.48786151914370207,0.47097401649078596,-0.11304194207244761,3
1.0438760463942072,0.05449644806622933,0.6590993675435031,0.4611893977366887,0.734771713298619,0.48273167692516755,0.23643452090479652,0.05395620589982714,0.3081096350659658,0.29339509108128786,2
0.017735932174437193,0.2175775822412237,0.6863862240580858,-0.0013565144746936972,0.06434464397863358,0.3044919376488265,0.1358222434403734,0.8652962572535129,0.4394568008901293,0.2871780545063738,1
1.121193962950031,0.10780120503283613,0.25587276028586015,0.27056779170807155,0.7048432671683821,0.5209869750997833,0.41996183750636135,0.6458681378909528,0.36439520773203155,0.7630196220858492,2
0.1829598243632048,0.3580637708793781,-0.2546006922738039,0.1472339057392163,0.07192800258214177,0.33831851220687803,-0.16876847053749583,0.06655885545036339,-0.5419422368040677,0.20521476596266486,3
0.5060323237846144,0.28393473456166524,0.1137805233857514,0.38430113383728587,0.2142867396083369,0.20708287315077248,0.3648261501731271,0.1674199090171618,0.8790522763738634,0.9480336478376084,2
0.8128993799909914,0.12919074492365434,0.16706671370828596,0.8246116310267737,0.6916376419239393,0.48513711446862606,-0.0502710828201868,0.754305413504756,-0.1868208884546707,0.5810142276689221,0
0.8438599468263764,0.5803146156129331,0.7182457987039518,0.24833834325551424,0.1469501954070371,0.8112499590393604,0.97394994234165,0.6733469139261042,0.3986039726308067,0.758888437194163,1
0.5827398693778987,0.8412127548398354,-0.020497640847521485,0.11123639022487482,0.38156418455310187,0.3758509557609835,0.1878711442796239,0.5073631245918268,0.13788359989608856,0.9141641841174082,1
-0.04489681519393186,0.35571809434285667,0.5438395265774911,0.681934192260151,0.48279355334973106,0.46966842603139736,0.6243045024819495,0.8586390726651536,0.3094752105835305,0.13133188822159989,0
0.5796231893222086,0.7425467906183142,0.3979207297447368,0.47214345998974544,0.8649692814557219,0.08706295039185938,0.039625766480082064,0.1591051478288669,0.5052570341509184,0.8753202532932988,1
0.862060170614005,0.6485137984332511,0.7135876125126311,-0.011706950418768541,0.49584143921124607,0.6507435573044035,0.441987413998575,0.17806564492770638,0.7279986330456695,1.0452374237952757,3
0.85538548553695,0.45546323361001934,0.1433126661268322,0.7244537794008854,0.23146676223782164,0.7644450738123522,0.8408881767339564,0.40467378502255796,1.017432554578715,0.40592829294177946,2
0.8786847135096534,-0.07304651877180751,0.41643642760956134,0.4892990702807022,-0.20946916907869545,0.28647324879602765,0.6188519133749342,0.04593491983901565,0.36169211723281863,0.5242624600804646,2
0.31930549368115957,0.28536649579680295,0.8718263043519251,0.5757671125949918,0.2592406275242247,0.7551862916665965,0.18701195534654347,0.6405260660433157,0.8035221653531269,0.41096636375845613,1
-0.029092021621864556,0.5735578733095086,0.5978354575732387,0.7128715398105434,0.24725509039422636,0.32243892033491856,0.7300991281969326,1.0223054178179474,0.27875437797730673,0.24187541320253453,0
0.5104361372249282,0.5260956026246386,0.9502576544657361,0.6451716960954723,0.43268819052402185,0.9452836115138893,0.41537597932514075,0.2345434651840944,0.6989131641488557,0.3361083409367698,1
0.9767936720163254,0.5443301831780594,0.7856957858538598,0.08997982704170225,0.570762929391341,0.605697067652166,0.41076374838360197,0.17350777955825203,0.8189756736996708,0.9525829924114081,3
0.8459549508937105,0.7129087639590005,0.007226931649792101,0.36831085987445733,1.006143592417499,0.4172680124787466,0.20431803707604668,0.4327242324463211,-0.2208393501199441,0.09393158227117876,2
0.5125187707040654,-0.09313623327815224,0.2797195331387794,0.8225847356295454,0.6446097670861054,0.5942933039080663,0.7282463180132487,0.8644036264403439,0.42543290195691646,0.786407633965434,1
1.0244824784573374,0.6245274100811434,0.8570996681612976,0.5849379988390161,0.13494552091810935,0.44257014422473767,1.015307085485562,0.39703423751830985,0.6544991027353739,0.5753495638526083,1
0.6747007671799702,0.4065937830651635,0.11576482760381461,0.44772223028267266,0.802742856536578,-0.0711213457102115,0.6105002467736491,0.7041291880860796,0.5106686562959264,0.4104876897803448,1
0.9548491791679298,0.3978871324659292,0.5237133474507206,0.5995248960833701,0.3148038976042449,0.032490819352120226,0.13854172652639749,0.36415026778031345,0.3258422252922871,0.4405234248883326,2
0.17544214951592846,0.7671667850271914,0.3450979745964327,0.9119510714623063,0.24450877387663422,0.07193378378699071,0.6495757070733678,0.747252399384441,-0.03379873090667024,0.771731837821698,3
0.6696085147945867,0.19845743538098434,0.17078957220750238,0.31130964397357597,0.6693995244946046,0.12136401469996975,0.6544499973256154,0.6496015747261308,0.7032942889372721,0.5338546854635567,1
1.0117447397419896,-0.03062684628747589,0.1386030323768233,-0.039843145551951925,-0.14999383188282672,0.17490903317809517,0.8920235777347415,0.9937654126585723,0.31378645411162676,0.4054365118798395,1
0.9189838213221828,0.5483824204046298,0.7729584007061225,0.07577365540538675,0.5137089042915861,0.5976205677982912,0.391524562051899,0.19267874890108028,0.8307045944334442,0.9651862149232935,3
0.4191624479440797,0.3864524518128855,0.3939512050045339,0.6692108241518355,0.149725645411863,0.456972967336374,0.48195802556863304,0.16501173390503748,0.8551041075979746,0.2502401460105587,2
0.0650284961131686,0.5870268186731529,0.3026982359555793,0.9472916256824815,0.16540030964009939,0.7486111409354095,0.4357865664039186,0.5988735710178874,0.0724049662779093,0.9338323953912467,0
0.8685776364763799,0.874993821428243,-0.02261468680504866,0.7219484768630898,0.3347751266375454,1.0611453823521733,0.5391482343267645,0.3644003161896312,1.0845044313894947,0.054550959875463934,1
0.7310371889549396,0.8040873888704498,0.27285030161532653,0.23275499674289749,0.8004814959920996,0.4116479845421965,0.038440702149101905,0.47833850006092343,0.12010814752767031,0.29057553274267967,2
0.6054611990728204,0.9010098283362341,0.011157050779708955,0.06220065331030972,0.38540724005139243,0.32390754770109714,0.1367506021461821,0.48636971655542616,0.13650103869124988,0.9288996098360233,1
0.5766973811383181,0.8843249570432515,-0.048190000746332534,0.06257504863376205,0.3580694127810917,0.2865572318834963,0.13475025060378348,0.48651635782704583,0.161081919302406,0.9192030432442692,1
0.6955542209803403,-0.29549570079359333,0.6216013413937449,0.257158976361519,0.13456554452104352,0.556602707579156,-0.019331395430193576,0.2390790695486877,0.3931332108656306,0.20495474253877843,2
1.0143357495005407,0.21086637256772173,0.05614696431541222,0.9203167199906059,0.6094262279160895,0.33058692150567615,0.01758476518985353,0.8299803643489149,0.21938268879333286,0.19823473409122566,0
0.6907244193420885,0.7746370333188838,0.26163253819427484,0.2471744733421265,0.7838722710820938,0.4653424712756167,0.15814731122257797,0.4614410989301419,0.06647418676883257,0.3344733017214725,2
0.25918179089893056,-0.0969513206001624,0.27663026389267487,0.6972375409576214,0.43302715394909597,0.47375013249780346,1.0247777868053813,1.2261414405923485,0.5365424661609108,1.079009105464427,1
0.6062089350114674,0.3053879227008433,0.27590760756461585,0.9175468350926931,0.23370825914548024,0.38767795351772244,0.41263521901314326,0.6705181984509737,0.6448679728634075,0.20391082632691526,2
0.3019999021040315,0.9808850727019368,0.09024008757166282,0.4703983156076916,0.657473628027799,0.7744043525421235,0.9693019279389231,0.2995845768348843,0.6630632617618469,0.6862009855289462,2
0.7777514224937251,0.36902188722855805,0.6636698157966877,0.4292742604260696,0.772509243571878,0.4257682626997971,0.7574561422727194,0.6600578960801925,0.6387449877953552,0.29197334997098706,1
0.38565890375628753,0.180366500547263,0.8216998083728044,-0.19746508485980857,-0.13422791956123092,1.1830182135897587,1.3107948353000136,0.22743384173427705,0.4333389870383384,1.1575198752820275,1
0.42882049578896586,0.23517092728614364,0.41758608145201176,0.59549356965911,0.19618476154639694,0.5259731539098068,0.5373605599186995,-0.0032160604855820674,1.0448617672381137,0.199388124766415,2
0.6265698679741667,0.2439452684409697,0.2238600611935523,0.25521349117326236,0.6159853243335497,0.03467094952019046,0.5749075208919954,0.7682731243290445,0.6059616419902348,0.6390388573966853,1
0.05579920002175761,0.1722277853120501,0.33087274034602315,0.7124417071379102,0.47231070960788313,0.8371426343497227,0.8535902603461452,0.36047505060266716,0.6726117292345927,0.47913107640904407,1
0.85368805498625,0.5348182590651765,0.28835888671456256,0.7134086163595763,0.7756552584545596,0.7575382420283742,0.6821248185921869,0.09282020858113271,0.7562910838591955,0.9246755372219657,3
0.331620224833481,0.6254159143037952,0.3162646024898163,0.607793993080003,0.24192272648443702,0.24838396761016532,0.5491668399170214,0.1879759994300283,1.052812187249237,0.39114038201648005,2
0.5212401240662679,0.2189868988867205,0.9000632830306032,0.31470487096840544,0.7433310162993961,0.7066760984376484,0.6658143880337954,0.2906708231136741,-0.0725973305143861,0.16237822207155356,2
0.23489929430503173,0.7206354734311566,0.09486554262442111,0.08854771695513168,0.04014300975241386,0.8112132214658152,0.8870370723786833,0.2390995278563296,1.1212822077489168,0.9671940512722129,3
0.8848865115931301,0.658274681168743,0.6493689915497289,0.28835524308842964,-0.08369411043593158,0.6891899799240833,0.7745585209993122,0.6349914764922121,0.2896748990863884,0.9551626843533988,1
0.1537409893133153,0.07629101868766117,0.8623511249295996,0.36576638679935397,0.0017422942021041027,0.23527951571649586,0.6275074419569944,0.3614309538294108,0.27074061562985374,0.4460205905102843,1
0.7078085486673298,0.6371252775513485,0.9119000133581903,0.6004247655533128,0.755045104474219,0.7782094322737504,0.8950800769814833,0.4304968167638062,0.10318608393384085,0.2658323340990782,2
0.521858644044159,0.8233583704528311,0.3667024861538806,0.3963634480081369,0.025186328651539927,0.9976752132568342,0.1712670383232767,0.2807609917261289,0.06544607278631734,0.5510918387949546,3
0.2366616861996137,0.07601898765818328,0.01456444864884364,0.06760077960167993,0.6530184223525994,0.29017818033976867,0.38700850576518875,0.43538652982365944,0.19176483364706523,0.14365103516930994,2
0.7875956178510729,0.969175600110497,0.3914918060033205,0.23202470423238147,0.6938830016088683,0.2999479327867812,0.15429556647722018,0.35443120713183107,-0.06755620910472904,0.29825466084504715,2
0.6266006793796774,1.0811522841237011,-0.04747652149357895,0.20564071221235197,0.8345222841297295,0.34688836630877007,0.01260621170027712,0.37129666583592447,0.15530458815587894,0.0876067915362422,2
0.33111043284789266,0.8623524704582428,0.9726012830239755,0.5995963968238875,0.04719942770018539,0.23697143575818821,0.22669148118310292,0.7788674781484919,0.09490579990200221,0.28618540038461404,2
-0.022822652970017593,0.007463728243287407,0.32820798219627983,0.593019839751578,0.3077427736665418,0.6466986678379195,0.4878849870507693,0.25661739567804787,0.6640872509689866,0.8952685724065071,0
0.93632040214071,0.45285513717544446,0.5519440729480334,1.1563594064849518,0.10622056731882637,1.0269916787690732,1.1167637194231317,0.49568117673772427,1.2713859129951375,0.2534475306457383,2
0.9343916320249953,0.823246550912547,1.4465018581354312,0.37264989399161885,0.5609372282700775,0.648923309827016,0.49671307383912133,0.5306753169884749,0.36276496573560957,0.6134741569147206,1
0.3977968580367272,0.7488209972159765,0.1338836366478924,0.14764393847562954,-0.011589966061097912,0.8642642909492023,0.8393225422158757,0.20926625171316823,0.8687029087784213,0.8628068957729254,3
0.6146053999623886,0.25873451846722423,0.1837890842641756,0.2634232816356007,0.614956834490811,-0.0065628248797734295,0.5783298854324196,0.7161627405400626,0.5328547326053058,0.7088833395907997,1
0.13797114351973813,0.46988709526209355,0.5263344704247702,0.17185801363814612,-0.22231360532957045,0.38792507315228797,0.6903416594564001,0.5989961974522943,1.305316277177073,0.023545494722697985,2
1.1372966552801,1.0126963142344962,-0.055110290805391926,1.082428285119776,0.2825239949919697,0.7963060581675014,1.1197717752176797,-0.10084090749892216,1.1446963967763408,0.41031975919488584,1
0.6515944273199441,0.7222663597058594,0.8016807103857923,0.28783221562236294,0.5997806377668474,0.9575235783465607,0.4665717836798513,0.5765881370658614,0.6057389738662475,0.4310592928968819,1
1.2026300226590763,0.4196762215494646,0.28930091847852807,0.7086124266316303,0.43259348777348605,1.0059303146399352,0.8536852928787332,0.5630757487178759,0.6727739021705643,0.3683079677915577,2
0.684431253439406,0.26308385135315626,0.022985338475478123,0.9917797003627087,0.04094911101801965,0.29235892993271334,0.6492509373553752,0.4301291375314647,0.45190676336022517,0.30427149856691554,2
0.6042986060186185,0.9087313317399641,0.011980304777485342,0.06708146385237822,0.3837473640009197,0.3246452825173682,0.13622139573828948,0.4890611844402482,0.13297804424100562,0.919377121995041,1
0.13598374395987906,0.17088262928625605,0.29245355257612693,-0.27147813472319987,0.9975179447694553,0.4792444476704916,0.4713388735916157,0.5531558843011161,-0.04815773594306233,0.1293838662995698,2
0.8112901664733296,0.13786004833521787,0.5816695594555623,0.04096029733160497,0.11542007251556517,0.11354823481275428,0.5271000770048591,0.7353566977746814,0.24162607779873707,0.43148027258202004,1
0.09261702998513069,0.245181458944344,0.7749915128826594,0.8591835440155451,0.4021588147021054,0.948621861612445,0.48865834166724326,0.9687975558397579,0.9434600152742891,0.2502208749898862,1
0.3914205327096651,0.882782302255503,0.9528297900237646,0.588798766477232,0.04307566391624383,0.21569628067387345,0.273268301758477,0.7456377342454834,0.1253804003587904,0.2108335084500408,2
0.357613459345333,0.290832218917915,0.6389436715310495,0.7452769488062185,0.40212957876714456,0.6059658152656647,0.3336831990846423,0.4350551529857615,0.4296225021285272,0.9285492675283845,2
0.5019554263790433,0.8091911969779675,0.31277715603219713,0.5251584289965996,0.8086743477135137,0.15861787919490572,0.028234528362183195,0.2215356291055047,0.5428201422219152,0.909571416688341,1
0.32639704914530215,0.8695875959977819,0.9801864776486158,0.5954244995467698,0.05301285292766706,0.23322012328753736,0.22772411599451575,0.7781482156818473,0.08923439329725165,0.28725530061775517,2
0.819085188222057,0.3923308589337222,0.2874392912883901,0.5969220238408978,0.1977142762521732,0.5433763541617069,0.44778409970853766,0.5735501277273578,0.24777359776385963,0.748909526325955,1
0.10350945122528535,0.374018961211385,0.21065173528196587,0.12426490922503941,0.4514815787200311,0.2947388736971299,0.15965100899235002,0.3306097621696764,0.9300239412728271,0.7560254001851661,2
0.6043592026704221,0.17113055094837365,0.6086644275097326,0.4853154892132228,0.5372923225006486,0.22870851518551966,0.7189228468633498,0.4536756169768792,0.1186852408397398,0.6300141328993453,2
0.9072276274488177,0.602800887850424,0.2914581713555004,0.776358014622268,0.7761060308644588,0.7098322483796822,0.6862017415967261,0.16162269548720742,0.7476751339712762,0.8742448983260727,3
0.46402620712034126,0.4791062912431901,0.857142731092544,0.6580922031052243,0.4651666078177701,0.9001283110938086,0.001026790376322223,0.6211166641623624,1.1045296762734524,0.4989898878008258,1
-0.00931423972716177,0.8507790497887487,0.372753256583627,0.5797357154584637,0.8663274264881521,0.6120671420063475,0.820880963849523,0.7466073103537222,0.7212284913857988,0.03759410722775782,3
0.936812801959252,0.48093599960086963,0.6820693684406153,0.6244562297698796,0.7863177627955906,0.5803591303290625,0.5473212960968465,0.8230649449433315,0.029983593204077674,0.8399795906048484,2
0.2212433096516415,0.4829077682191122,0.8697063311554991,0.5699588525905289,0.0822334420493612,0.38998874700235486,0.016040500408040947,0.8826636133863404,0.4035821581787388,-0.08264653179500783,0
0.5993590617453316,0.3176619683430767,0.23424782369685768,0.9511651907882627,0.21807612236438714,0.3894867964472269,0.48696928156875946,0.6601448897672741,0.6438076012097574,0.19337622877616994,2
1.072748566286929,0.6001077240713045,-0.04639692455537453,0.9543306185195933,0.5014202694509603,1.1444812833361961,0.5964428423777177,0.06870106641324897,0.6083019360307955,0.32843284683445884,1
0.42145216017303627,0.9479009315195887,0.6655293828079041,0.5805974155568728,0.35456838291230974,0.8729244696612615,-0.04140872500220116,0.5219923060346185,-0.08430656004111989,0.444020205647938,3
0.16271144397975246,0.5261573719790973,0.9530606082809906,0.4000836812269246,0.742994903921806,0.36061017193544276,1.2236347891068344,0.5659370061729341,0.6391612537115179,0.2642990930867145,0
0.5884364864508664,0.8975914262406713,-0.009777954743118832,0.07036958158537683,0.4068470761864999,0.3351692824376753,0.16079266596707587,0.4811496394670874,0.11812445715744442,0.9256557319639995,1
-0.07701995071363893,-0.27794169191793966,-0.27267726813376425,0.32253062420579726,0.34528476990921925,0.048251101907103994,0.16917813270965976,0.4881363436827322,-0.05220675941204739,0.001379297077440722,2
0.09885903954770628,0.6992459019403688,0.5828138424834637,-0.08744576193434686,0.9409056690385589,0.8177240866136624,0.3275400022497673,0.3793476594650755,0.22960689483099414,0.21469350048471597,3
0.2140748638695923,0.6334813712073346,0.6147220513711064,0.9787462162018015,0.4755199994586635,0.6775019774142799,0.7585598069471076,0.7789624695304025,0.21186397164690896,0.024247449881039024,0
0.44720480386781297,0.06690339339614133,0.18690399658711176,0.9462593899777506,0.5988584831301934,0.6627527217759517,0.8579482745641012,0.9605357168507562,0.35881537394481194,0.9223345992236103,1
0.4128302734362633,-0.0649723143022711,0.12485692818533929,0.8361380935700813,0.35602228854532536,0.7556164466201577,0.9057052568755108,0.7949294682627687,0.19914308137384495,0.8442553615920014,1
0.03307593540981997,0.2429393866655465,0.6894776310618959,0.009056006144245865,0.042628367272861706,0.2708536083541322,0.13352147090034977,0.8674817185342737,0.4559846952043177,0.30279788907162425,1
0.033219217107356314,0.3752581512651666,0.5197749101333962,0.8000922490093164,0.5445939792044313,0.7920453649265965,0.8022997240249403,0.16499979861877198,0.8669628761162258,0.3647894079323605,1
0.9938565357635346,0.8691183814810254,0.3581070205223422,0.10083823861607212,0.6533315739800802,0.9528596389852269,0.729175553693448,0.13023887568111395,0.25185027613947425,0.8541737238722997,3
1.014761740421868,0.5781405850622199,0.3035031649560514,0.8422109315277005,0.3478279398949178,0.7920943645884376,0.824063047606901,0.39701704494413476,0.9350440633017857,0.20103731553277207,2
0.10087913139903251,0.1296948701591802,0.7884076863638405,0.35858335741768227,0.1777412363985862,0.2732190919173411,0.5303568324518165,0.4628496976470667,0.19994986122399377,0.3434045650755347,1
0.10387816504224906,0.5757575759026013,0.46444578426767724,0.040548014908614524,0.9667385587451075,0.7277654272968611,0.526715086657966,0.5336236982251336,0.41685264420361523,0.0841355490755231,3
0.6662488523119837,0.032803649215638164,0.9508375403360133,1.263370384671183,-0.17009059678058208,1.232131916766188,0.27364889138545795,1.128175548226836,0.45132663082493674,0.08446484040523161,3
1.0021099388685195,0.14723988575110022,0.38799329519386233,0.14348938476770204,0.008120040869611881,0.039969450914722156,0.5336305056627604,0.7548164787735517,0.014457199942411318,0.5335649671481106,1
0.33763878242781864,0.9600933358411388,0.0440329587518579,0.40721031118862694,0.5968634009862755,0.7750596319866832,0.9309919380813755,0.22562789070883082,0.799281984402531,0.7845679889594385,2
1.0658540145120172,0.7382741968121727,0.7762442890219907,0.3255034783457181,0.4543687193764893,0.5479737850223355,0.4404342703935591,0.7081306835595207,0.10216998814003737,-0.11822007561563563,2
0.4667689223623199,0.09639374513148952,0.1555244076384358,0.7867485709859496,0.5878777682348981,0.7625177349093339,0.9618892983007321,1.043071293780921,0.310661500664366,0.8905741913318767,1
0.36585874034158133,0.5568680877750476,0.5101821032584613,0.4638983597810026,0.19205803896242038,0.9074180734253562,0.16819486145019147,0.4658038218811822,-0.05181556748040564,0.4264866513570448,3
0.33057406165466396,0.8728052885750329,0.9821826679608656,0.601504918298287,0.060273131709017595,0.24188081264562145,0.22746279433985184,0.770581447988727,0.09246353321891818,0.28957907890763207,2
0.4049096268694231,-0.07991497669460493,0.22900097830389363,1.0471798018972187,0.5197674858720973,0.5596368267162604,0.9639823698947567,0.8249715475337365,0.5426997711990037,1.0494092363418042,1
0.49716543665835705,0.8120674080935326,0.3003757033942091,0.509977549762279,0.8130434268634422,0.10079827627580432,-0.055683929164281595,0.2396339533161191,0.5043509698409558,0.8726013664568908,1
0.47196681600172147,0.8993695854686862,0.7737383494703713,0.19260668963456654,0.9439495146209792,0.34662895683966854,0.5587722997234098,0.8396201943163043,0.45720876232499574,0.7170529127930629,1
0.4211190622107689,0.7705841893018687,0.0170925327301934,0.005268797175202802,0.8718311320352672,0.17819822261931484,0.3064645483922447,0.3224348347394888,0.7122983189465246,0.09660904782476039,2
0.8384465888302074,0.44481745681620644,0.6401680137359196,0.41571857132776335,0.8514020833726994,0.41090282831307934,0.7583673314886911,0.4494857741695179,0.09627586897244295,0.19195171841367734,2
0.9892226681313364,0.5330170203949127,0.22807254849050745,0.5595651010535228,-0.007054080783631456,1.3105655147157689,0.7520288302277639,0.1406918678384794,0.41991131437270973,0.4032624953262916,1
0.33676137467922596,0.5347551417478559,-0.033527111043998886,-0.012935448300704935,0.9924369570062126,0.29085061556563513,0.5630147938332355,0.5470464152949797,0.7922138757763824,-0.38333706629013453,2
0.7957766784319269,0.7437821833729504,0.23614933286247639,0.756198456964467,0.45692801180307463,0.8549439334782993,0.7270055464283776,0.19537479073195027,0.9206292730007518,0.3408815368392021,1
0.1187689770487477,0.10254918815135498,0.3105196646962423,0.6366497212041722,0.4578307386421627,0.6095331807448637,0.6297148687694117,0.4110672047572625,0.8719676405845073,0.8092919859034426,0
0.907723084025678,0.5647186295506867,0.8855016848432244,0.1611179141913715,0.5941047023799897,0.5217768441703856,0.4136608555954578,0.07315997314641005,0.8167794651655431,0.9479397680176255,3
0.35807897812493966,0.8568267246887656,1.0465082976959452,0.5501673028292131,-0.02934866637673872,0.29488287103646976,0.30221384654244204,0.8528738419880185,0.2048793383678918,0.22074996246564282,2
0.6618410790236053,1.1962930876105784,1.2475630990553954,-0.36378273667215044,0.9679159694217204,0.0652239530920471,1.319148191908598,0.9456581051746209,0.7414030881692163,0.7082592682969442,1
0.3343933197776229,0.43820620485539397,0.06622896506695863,0.14372805380366716,0.1862093911248453,1.0061766887435606,0.5083267862327513,0.23174939330607694,0.3564083627638571,0.6118359489414564,3
0.7043149152982993,0.28019723152230314,0.9569568515032957,0.7609693654923098,0.4687456062017361,0.7025042911103319,0.4704298090145337,0.161245259920656,0.6492819555639602,0.24615910470853256,1
0.6061003716144309,0.7257389581236929,0.7600945130149113,0.47423348414591465,0.5977384896975438,0.650941893994052,0.8709181690542417,0.10444510104114033,0.1972413952073525,0.32476129202722537,3
0.5854414820396313,0.9087182583080428,-0.010295701973744222,0.049561782720102976,0.3784030885096006,0.3305634775062237,0.1396155587790133,0.4622906840383827,0.13969307507194756,0.9235461838714367,1
0.5779385320284375,0.44173173565171897,0.9013436556718417,0.7234967247086944,0.4938480658477974,0.8390810923275365,0.4973124391681845,0.3215124519040772,0.6398601318260625,0.27119795403010016,1
0.19305091957604475,0.32565361371985313,0.2973390931088956,0.6943776348993204,0.4594341114133273,0.8978826229659242,0.9628707513382071,0.23426533959057858,0.8326216620214069,0.5244824968057137,1
0.030698567251822125,0.235504332780201,0.6994238733648618,0.016668909844608434,0.04418926882817682,0.28361901246221455,0.12507615622848126,0.8695301630428395,0.46234609256742926,0.2918299746893932,1
0.7638072801088143,0.3734031880095691,0.2944646169854121,0.8763243768720235,0.9504710244335277,0.6429426253899607,0.5091347452662762,0.26561496282785546,0.7449409802623082,0.9549942664711654,3
0.7469481081415357,0.1687407619772456,0.3447577963619347,0.42830876690345093,0.064922912440537,-0.03266619693280731,0.08842135534139331,0.7123163737795937,0.09696334601147943,0.5528575448418345,2
0.20056036819181872,0.5659440011802198,0.4501448921964977,0.09679707752639355,0.9125430696328471,0.7058210370683591,0.44928221840305926,0.4741331105353094,0.3648813077815111,0.15024901610781466,3
0.21067202686544956,1.0053869429597837,-0.0833892418673671,0.19039091016071502,0.26360177880412444,0.7608484392045924,0.5262363351054024,0.22795044426047778,0.6419980068649173,1.109166691552062,3
0.10678929325243036,0.9540567068129764,-0.002813849645456293,0.5893551426316143,0.57427665223925,0.7267840308396099,1.0372219397520162,0.3136154419658015,0.7232803150286331,0.8589301449818938,2
0.9820279507957387,0.5765568643602451,0.761713690858055,0.0752941360963045,0.5557566728074949,0.5977968352252176,0.4302931676624262,0.16318364407748215,0.7638316511610722,1.008455599630978,3
0.3997729952041328,0.5968615535868469,1.1620438976681466,0.09300222462469221,0.36042201072545743,0.08553229943779328,0.17185554002817782,1.0663012613017457,-0.5869156292237757,1.3565774265646042,2
0.5656128727386469,0.8984382612423323,0.10338943836390449,0.14819720914050633,0.9834952590765728,0.06795748398239604,0.2761413537935599,0.35749313650594644,0.48496878350756845,-0.09388393269600243,2
0.8776619495910952,0.5558996658243992,0.3080724241531524,0.7344492422892521,0.7817549538652265,0.7485484468802366,0.6821507554727917,0.10440826163806302,0.7740317129892385,0.9248002871019443,3
0.7027707897939599,0.3022886600924761,0.27011551825315394,0.22287994501477545,0.6449784631496862,0.0019454550928993536,0.5606530871636269,0.7203189112720297,0.5744732772291691,0.6526116319312878,1
0.04037051257421125,0.16202228993712914,0.7563464890864665,0.3137708056995513,-0.005895813612074821,0.21368362180802658,0.592533015847,0.3747317205227049,0.3740667750111557,0.5090191359985762,1
0.9078043899186201,0.9005591493938563,0.1429408970824306,0.7970127022688398,0.6459471215351451,0.9056068187307869,0.677244184888718,0.6413044554632932,0.15679029067145664,0.1588006943417431,1
0.7522505736390201,0.8279581079515652,0.4245740649534909,1.0325044561967895,0.4866182175166657,0.5546697314626172,0.673972578820348,0.4554063145807041,1.1696256678275732,0.2864217148090262,2
0.0863712000694907,0.8288527343111111,0.3922490216211748,0.4392576486503118,0.47853657783660697,0.7218888493963247,0.914247959501464,0.5924474189680952,0.5011549340724095,0.970080874728008,1
0.5102891185635605,0.8549296627904257,0.3600546915493649,0.47344063864308555,0.13032840092289083,1.0010730854871006,0.06984101033293674,0.24580658746922876,0.14303955963646117,0.5539006074927125,3
0.07095567896994547,0.1898626103860259,0.2538123435753399,0.5921330114641292,0.537884724148524,0.5587250371302452,0.5168044430555834,0.25300595047571417,0.7881715891908109,0.8511991950275375,0
0.5419301582143121,-0.11300427589193107,0.3880286829171876,0.4472259427138632,0.24628911322136154,0.593415225047507,0.3058852194367135,0.4954021193925859,1.0761925655055253,0.7608124564509616,0
0.6353256779481413,0.15341466392048425,1.158775155576362,0.6349871853563545,0.7028637183739909,0.6191752681732443,0.21116740537962275,0.10119728460385857,0.8100394380011093,0.2157900792938236,1
1.0607172452125746,0.28603289716612607,1.0810772791380763,0.11489619895463493,-0.2526109774014246,1.1002307429319673,0.5971525004679066,0.5846703459829496,0.09125885890204782,0.22751242849870784,0
0.1916691594608797,0.959881322044583,0.4562338564811338,0.27694231283711834,0.328562735183366,0.8245308628428869,0.9252667584001445,0.4911996206852265,0.6247742363822567,0.7619060721385925,1
0.2517041697420578,0.4844153726296794,0.19677778721422653,0.5900750177293161,0.3432882799286118,0.2507655142893046,0.46212524756656126,-0.033176696549651594,0.8163743663328963,0.14442835352438996,2
0.13167357673514196,0.8847299402671817,0.3938018023334347,0.4602821185446558,0.576556430296766,0.6622516445188618,0.9125164147241243,0.6443195579666658,0.4634879111793058,0.9297735975619212,1
0.29648998193182086,0.6632234781170118,0.32001256580934784,0.6988382554631832,0.5701010769113125,0.8671468679940101,0.7940162657306302,0.7476418630919367,0.8226818396857232,1.1018817907361809,1
0.7403984737500703,0.8818902331543023,0.07854044670288768,0.8616399663620607,0.6952329705171902,0.9478877600635808,0.6264104413105156,0.53803057434034,0.03584068386853468,0.2841452351562084,1
0.8774160287352689,0.5047763344858168,0.331567787015138,0.7564732861042885,0.7826618254703828,0.7897711837864336,0.7113637554057991,0.12526088564722535,0.80882379908217,0.9354181472449449,3
1.0542475888087812,-0.11580968773439398,0.575086654290824,0.4737994438961996,-0.33662911152392955,0.2013990980586386,0.8367321720559194,0.8458319139002346,-0.07084212008370115,0.8805812234274786,1
0.009373825616035246,0.06475050768533724,0.8057200856696648,0.2750839327055821,0.10034289165560908,0.2859693236793768,0.6511919576404036,0.3628220286456587,0.352475086488046,0.4419228841580375,1
0.8825741006193527,0.763975705263227,0.1510820316127359,0.837094337513074,0.4339774543472374,0.9888210922341933,0.7043322213129523,0.21015360696312532,0.863382538027338,0.3460911397716413,1
0.5768475317665703,0.16377691627089563,0.573230605617014,0.6813709564274475,0.45827635651413656,0.18950513591987034,0.5793348250920832,0.4221544778565164,-0.07003824986901577,0.4470646166927385,2
0.9334473302973001,0.7027916301542624,0.17454276354648465,0.7820506562178704,0.3309282123201007,0.9705294486287733,0.7785313757511418,0.22189305035809553,0.8644457948366564,0.3191538179524315,1
0.6861923036298373,0.7853603173854509,0.3815720350076184,0.20154878333479417,0.876941145063882,-0.15234521354984204,0.19867691354009825,0.46692669796705344,0.5835564906300685,0.2777997638908647,2
0.7062274238723044,0.834825491142141,0.035268709779047,0.2007393536644973,0.8382674651622262,0.03766042782662486,0.16358080275157813,0.2517346278651533,0.4995116155333248,-0.013165854590511016,2
0.09969891190108185,0.12334869829264304,0.7263605175642529,0.2571631936193561,0.030183253892914638,0.2313175143469768,0.6354516192183146,0.463443805269235,0.36602585596279275,0.4848480759934844,1
0.009721404942265005,0.2419955259058071,0.7018919195716552,0.017758231692750672,0.05201523820425471,0.28831955245710483,0.1271732197355864,0.868041174820359,0.47847410658122463,0.28755821436027107,1
0.6429045315250458,0.7013198840780436,0.7684921172248472,0.43813453771223937,0.640294338761473,0.6509875681453203,0.8659703299095948,0.0763853506050613,0.20153061672025258,0.33369202365419265,3
0.08882635754616786,0.9226908159345272,0.10529711478842975,0.4378499060277206,0.5538052789906242,0.6416044516338318,0.7127141868494449,0.1548567464213036,0.7561465712668828,0.8673257619293059,2
0.33379494001486215,0.4120843430590672,0.3498202976420239,0.7060682158291168,0.16444001633225142,0.387474262576428,0.5088787826082061,0.07420270060590914,0.9482150945177333,0.18373867225057616,2
0.4421951557612183,0.8519725576932332,0.7475090221214826,0.14417249179261807,0.7673640483653481,0.5066678377197052,0.8270079650995676,0.7959017808481914,0.5309136226826703,0.8111223580354594,1
0.6351129564279204,0.7216044597736546,0.7623430131700968,0.45470854926487436,0.646600230397656,0.6659612382120177,0.9006577381971298,0.09520551801782656,0.23392345868516917,0.36605856521667735,3
0.2700295048782125,0.3877875038035764,1.1290594801511018,0.4082163140983589,0.41189515166177987,0.9703046687633009,0.09356160850653548,0.7370147431782097,0.6946092234213489,0.5062583147596066,1
0.9081136418366674,0.3016516327536036,0.6952497577377206,0.8509187806612816,0.46964460682677667,0.2627865539602905,0.43982081650745053,0.4004545388333792,0.36443977523189686,0.6080995813961722,2
0.9796974633566266,0.3236349205295431,0.3799501610403166,0.7190453943183482,0.38668563841239545,0.767975703152143,0.748974887887079,0.6646495139313846,0.7515680951940912,0.22462397270828877,2
0.3063859966443769,0.26062140116725696,0.21414556645524638,0.8389050299977024,0.031231836915351058,0.5426441838691387,0.6496335203210366,0.08687566281446665,0.8877794442904529,0.16069695803675588,2
0.18793598398798908,0.0741920274856143,0.43778858068284277,0.6602536987527389,0.4702939017965998,0.7702950864405808,0.9474976863910026,0.4643441440993037,0.6717633278843388,0.5224648014511541,1
0.8024042551565624,0.05623231616979929,0.49918275490187697,0.6794735938807333,0.1591763249316735,0.01633474517408398,0.132228705484521,0.4774215163586841,0.36035010813100704,0.44250300214741073,2
0.769177304905817,0.8592701690906169,0.062090500001164575,0.8793416462288113,0.688007482131755,0.9554171652637303,0.6134976333051605,0.5568428891857737,0.031656672694984594,0.27544179707069627,1
0.5026610566607291,0.8372260243861801,0.3218198749790224,0.5637703143995528,0.8276473704481819,0.19217326131744875,0.013744336504827944,0.25196273882962317,0.4897210304243804,0.946984940834365,1
0.049652989865939495,0.15796623898659312,0.7411396661658328,0.3385602770537457,0.09305486493223111,0.31320123276781925,0.6047202893246866,0.37444852379304805,0.3543452304069302,0.42822630536475487,1
0.6821324519433656,0.052961847257121275,0.558001627373184,0.5402900490807396,0.4906180391346927,0.12933290665118344,0.7144679274169415,0.578963118756145,0.02743120067086776,0.5683629358537232,2
0.77735034954516,0.42898771135552705,-0.17053215193707472,-0.1004130147248995,1.3403939620176208,-0.5839755395001339,-0.10797679977944022,0.17337856769370108,-0.08548244576754122,1.2124352597322055,2
0.6648865498464377,0.8000534719070171,0.1880601567061403,0.1872823355640603,0.7762224337719336,0.4447282018590064,0.20246381120626028,0.500995103090514,-0.04289636166488464,0.30329268528209763,2
0.894369377338928,1.1202804310260241,0.13641298435808324,0.21435318717244012,-0.1357253567344715,0.7268107140597948,-0.2366815801824102,0.04425318438306092,-0.10451668050463431,0.5638308703221151,3
0.8522471492684084,0.2377540900330273,0.009836760268234518,0.8908716957337539,0.30749607827195924,0.5424944150806985,0.23151659679243383,0.6118560640753304,0.19349993855422293,0.42648821676159254,0
0.3636239950037904,0.3758657587304548,1.010032739689554,0.6413015707613321,0.41497895978816013,0.7857715719724649,0.14707904570090177,0.6396893836273438,0.9004949032037004,0.41362309301944156,1
0.7834654127560613,0.8158871838782852,0.1594243415858465,0.8343165029212223,0.719479591076056,0.9401708424266276,0.678531596484845,0.4869249441062419,0.04977409702844586,0.3458099186884195,1
0.507885928681599,0.23642060870790865,0.2301484594615716,1.0048723607658232,0.29345758993169996,0.28091936537071965,0.3424422622883828,0.6696077547430658,0.636369994328733,0.06014521418478053,2
0.834688787017614,0.030919570818709205,0.4236860230484299,0.7287898136890558,0.5405556033549684,0.4259673504438031,0.4674862871635442,0.345589241206898,0.19682947215264823,0.34904418737158716,2
-0.08677247579466071,0.5127679940816787,0.3024571488803361,0.27090530300468096,1.148841987962659,0.8464428900186503,0.1583152902457065,0.692692101041891,0.2482743658996965,-0.19994046907768387,3
0.6683592019627194,-0.2525810070509614,0.2512656648408785,1.1278855089763633,0.794777470289491,0.44679584570538183,1.1169739626110777,0.9843119912640429,0.5747536634298793,0.9971461337769106,1
0.0844833494931374,0.5224062586941709,0.5291919767415211,0.09901356021250245,1.017478518062966,0.7449281139775785,0.4545818591346102,0.5200338064697805,0.4728182770894401,0.025766953970121957,3
0.34595217494551345,0.49307191465892675,0.565183139431492,-0.4942503946730793,0.12651984647878933,0.3906064698505677,1.034027565129374,0.3435204817818208,-0.41891272631399235,0.9451807885309707,0
0.5111592906568655,0.4578518274096014,0.5971531480174754,0.26349069656620755,0.450958526670391,-0.2291471885534615,0.5140621826212474,0.6024104963893314,0.9800729875128567,0.6512900371390882,1
0.7113280934538648,0.3788689390769557,0.7117442483607693,0.3479115181270931,0.6892203534690085,0.5570717041261738,0.6346760600856565,0.3463407652947272,0.10611486188195127,0.20566572004806177,2
0.07818958330142411,0.19063350374329083,0.28674489042370876,0.7367134508057286,0.44348095817025374,0.8259866167297104,0.8008409385398116,0.3119055511639842,0.694232397754746,0.5391557650988371,1
0.06496586010042175,0.190095039887653,0.3398994801850506,0.7385915352511572,0.4598389800084722,0.8473304660429052,0.8330259773821284,0.39098007629201015,0.6506322410918364,0.5076639186321585,1
0.4730726784976268,0.16488246371711768,0.8978732782313753,0.6155636365081201,0.11605656948896098,0.08694165169593329,-0.0880946297198342,0.26727006935768394,0.057018942408451456,0.8885711342818334,2
0.7624003067942422,0.3998351951155686,0.8653167216858904,0.7352349378126737,0.5316468563405035,0.6073507117854469,0.06870019795438197,0.6873013886057073,0.8576787207507485,0.40687893413231824,3
0.5896898062072592,0.2734996347631356,0.4568521150159864,1.0111514836588373,-0.22158354693518234,0.3441739504828429,0.36766916363469054,0.8263326472188713,0.4188772971326413,0.36518185903289624,2
0.1102677986280965,0.41257704112173155,0.21840044307395923,0.11576375559875415,0.4336242458590612,0.32782792292774043,0.09275975275003487,0.3642404396761505,0.8990978177147007,0.694045894861018,2
0.8754779589180234,0.5534308011680599,0.3095662068138372,0.7360140581563007,0.7824469212136318,0.7502240802208652,0.6906656753685997,0.10183045905352575,0.7695840852388094,0.9298303831957914,3
0.3013377666812008,0.42179871682200853,0.34122990245577706,0.45389900799637095,0.2022786739315918,0.3532712099952233,0.531702972583551,0.046101289970768275,0.9167793708019351,-0.027902649240047317,2
0.11764186656965082,0.5899928320818695,0.47135086259514497,0.06532696444912335,0.9615131310699687,0.7374537256204087,0.49895265553847296,0.5193645286289765,0.40572800733363745,0.06527189980351561,3
0.4511808198119675,-0.015037454388612745,0.12469555943376807,0.9198385286651568,0.4690410054424543,0.5487370067627395,0.8753705003378983,1.0649403631199312,0.2963601418946211,0.8816166794703081,1
0.04110106020290065,0.23678442541484038,0.6864631869320124,0.010734615434654848,0.04578421707589833,0.2860201517067256,0.13582022400792304,0.8620969779921364,0.45151993345765296,0.2949085224726382,1
0.780537097236456,0.9277120331819897,0.06864314646635634,0.8315608280882302,0.7250101202312039,0.9228991599479813,0.5970212846396606,0.5375779239876519,0.0189998167748317,0.2659269150073717,1
1.1199165587553326,0.3951997918419332,0.06579258135396013,1.0688983151989158,0.24102933012037264,0.4888077598109162,0.9776206760599113,0.45471835505293723,1.1770350496812911,0.1406889020006158,2
0.21581254480402215,0.6241224414004214,0.9096339302771765,-0.010722924632318068,0.5966858416889746,0.35281633261512524,0.43417451558718084,0.8303738471949151,0.19167701019868874,0.9942485031581361,0
0.7887239617242127,0.30729967083093096,0.17484646899864426,0.38922840792691715,0.6500197447628505,0.06472192122031606,0.6758123496345626,0.6220688915769943,0.5250473245382963,0.7956380671845869,1
0.6237247682403082,0.8973318920554944,0.02347592247302909,0.047758692127794,0.38579852191605285,0.3043666656161354,0.13673125132944586,0.488143583946944,0.16765777681496075,0.8948026412569976,1
0.42914734952293726,1.2119977791945078,0.21738338064699086,0.795009390164438,0.33166366733432184,0.2287351193677377,1.1117171387074487,0.5687629047526147,0.40040288183941486,0.5773272374202048,3
0.9719258675029657,0.6839411468579631,0.060048129455146496,0.7226325861485415,0.23929604690707457,1.1183526990822674,0.7739976155269503,0.2680673371173743,0.5274858070219789,0.43218135876515174,1
0.39479872451607567,0.16050734917643494,-0.21586185822265208,0.3163599993987951,0.6866495927160706,0.5944265739907497,0.9092651976028847,0.07245600709666217,0.6764185254959596,0.15255768833793937,2
0.3907727625014004,0.5325856492405532,0.9168265682256427,0.7975271496502052,0.3262572522229828,0.9935085423203427,-0.021030957231573583,0.8061812270797947,0.9722254954434857,0.4717559696402893,1
1.7854149111860074,-0.47807208746649976,-0.1720427794591427,0.023396336322641487,0.7615838404880753,0.8774696409760363,-0.7494221621166995,1.1380264733316459,0.24153523023805556,-0.35575876590903255,2
0.6505440850038794,0.6939478761203886,0.43400209564376196,0.5385470797727456,0.14295679232868164,1.0094772635127143,0.11412452835662354,0.23421109594956968,0.14293735300396168,0.6210620692492563,3
0.431734974930391,0.09426403477205268,0.55341185043011,0.8652783431661233,0.38876349134564986,0.6028357424054,0.384231002018791,0.12591561060712597,0.341946644008558,1.0341380500959045,2
0.6515132325326279,0.6956831000899127,0.7881858284010617,0.42536189258803864,0.6281936513728722,0.6356594694121074,0.884036077715196,0.07713479182879268,0.17954458514624505,0.3433916272057911,3
0.019703294752651403,0.241733257778821,0.6987232889839405,0.031056408446433162,0.05853197618998561,0.2580650299436187,0.12743314546964915,0.8644354307883249,0.4497240816499579,0.2995724491584724,1
0.7438895270075356,0.14018571651294448,0.3633969625140815,0.5414544245317172,0.297076393364176,0.18647430197714032,-0.03677802355675816,0.5490924414364373,0.4900748273731105,0.5704957151244299,2
0.5546231327855621,0.8514903318356376,0.11051260172944452,0.1408637934465125,0.8232306200983472,0.0516477567356117,0.26143655158808554,0.4075049774976983,0.5310094192989605,-0.006750199414373794,2
0.8780843339964005,0.6954570088543601,0.1357996006662421,0.7954236276425616,0.37186153151882617,0.9662690742226396,0.7121914867764076,0.16613008329293016,0.8146622486117934,0.3117930266605542,1
0.14356124911150134,0.5382308362605355,0.35727322367606207,0.045446130666345896,1.001958462408159,0.8455599203470294,0.4475787297117861,0.5160589384503121,0.41673329967405826,0.04529399123277811,3
0.3096024012060584,0.5422385591994187,1.3428040144670845,0.7157838610488874,0.5842411734325953,0.8621379013162944,0.38045745681428367,0.6522429950146933,0.40177513122755804,0.5519834245082706,1
0.447082084556318,0.5671148045231139,0.8077109477008588,0.5117521873188424,0.5517531701877715,0.5835993256516984,0.8112263323086198,-0.02372095659889646,0.18906393972163302,0.5384532982261089,3
0.2645372771938798,0.8064181137359318,1.022893594554721,0.5045208283814056,-0.010732575928837654,0.24691725810028986,0.1851027658051308,0.7891830010698535,0.03133110378664722,0.35181753064391097,2
0.8075934202558438,0.3867537373317187,0.34713465480320976,0.799635730072564,0.3764334444918003,0.5792121216247244,0.9124995076936838,0.5797623087800708,0.8621560159614027,0.25500792924076104,2
0.759047853192174,0.8771585118899627,0.07733814490464845,0.8767862392690959,0.7139330676057006,0.9630490626738685,0.6178506404183567,0.5508443861057125,0.05785212649838809,0.2797652151582728,1
0.029250316751550993,0.7934748131208247,0.3888530596544084,0.5280678296887467,0.5178483363186827,0.748032814523979,0.9470977511002265,0.5500251736388773,0.4794993838375178,0.943702968470042,1
0.09440100187735262,0.12256352439615718,0.2617471450821225,0.7368305614330467,0.5373507976930674,0.5929924101088172,0.5861522519712107,0.42315741701431786,0.9520850982775467,0.8428996949258563,0
0.46460814522080074,0.455686776988619,0.5581619825933826,0.6800017977170713,0.34687574633888507,0.15857825497737707,0.6652146976033394,0.3723405683059113,0.8096966518178181,0.18871534846406762,2
0.6991328767859895,0.15756857857023587,0.21574488594391725,0.288618783471569,0.6360034291421921,-0.043496097469555434,0.5119692934486944,0.7959603554756204,0.6395118986828325,0.6627865089308974,1
0.7651609202043185,0.7339708715996386,0.7680408401304123,0.4589698752339518,0.7358946298618609,0.8275241141846827,0.9399442927785122,0.16893194456994076,0.303344186347393,0.1440140673997687,3
0.6834972584628239,0.8632426531049648,0.7410744884268546,-0.32720864316827714,0.8580817699629275,0.6371510269202348,-0.03948407171799678,0.4653463894864023,-0.23290216230349797,0.7066740898708707,0
0.17111170078799215,0.23989018450649496,-0.2450184641112627,0.34322322650785553,-0.03453538012556351,0.5082223692398258,0.31986317568264816,-0.10362509072969023,1.2519566599572143,0.92032826896347,3
0.6292732570406109,0.06617696668095736,0.4156414407153962,0.5885773800829175,0.3474924741859595,-0.019096534524150943,0.8047635701281655,0.42875194703892516,0.09911520593453667,0.7214477595037865,2
0.5512079541243137,1.0939590714351084,0.17920106594429258,0.000637559614813904,0.9247322320914433,0.12374218513865648,0.33279671813567585,0.7075361927214462,-0.04726196499722567,0.22227822868398883,2
0.6794233168150348,0.41473668703043576,0.778266201232764,0.26132323787484807,0.7243890505175633,0.47376322429082013,0.6707546656264439,0.2791799194011556,0.10515948457549333,0.17846020991845582,2
0.057313097318934615,0.1992141766862943,0.3636321934191217,0.7117156146615452,0.4453136252529317,0.8052903560715232,0.8518634096883849,0.3923095842263062,0.7092503949137233,0.4501665081709516,1
0.31119538902158,0.4674346664964015,0.6443272582295004,1.1192069550582855,0.5207362274278218,0.6967862976767047,0.19406212352861596,0.34203595290642874,0.3709130338581194,0.9721323546981746,2
0.9121838893779375,0.5662183924543887,0.3352546894065334,0.6796633921513204,0.8242099404346087,0.6980151732389712,0.6719923111864312,0.056034845095312265,0.7773082385201777,0.9055319185048165,3
0.06795908711618887,0.8048032043980289,0.2772047172576413,0.51208916801495,0.9065335968869571,0.6190571803517082,0.9204904262241757,0.6875189714436556,0.6312694149230949,0.08449964968380304,3
0.14180219943909922,0.8179426020503245,0.3012365628769309,0.5547050204707672,0.5119899388851723,0.6582066703016255,1.0482681473280722,0.5787263377856633,0.5735497131215086,0.8587273808780926,1
1.0169359362442332,0.6385768076485379,0.7626150406197801,0.1269611814069908,0.5318729795933473,0.6879836451639701,0.33088499983769093,0.15872692472756708,0.8515512014116617,0.9519507696429763,3
0.970792240512009,0.5954951698736431,0.36933286897432277,0.8004447498937839,0.2681847178040577,0.7311073350016539,0.7743590364339513,0.4989493244114228,1.0155897280177173,0.3708249104867984,2
0.235594188012911,0.2859107857617183,-0.042419495366327054,0.8657430014229707,0.5412708455270528,0.8782749855402933,0.6274879355714773,0.07708247760835535,0.6790437851758262,0.6113091306018373,1
0.9542455715184607,0.31743620441665976,0.38114358536323845,0.12592708427694832,0.13455447680531732,-0.008416016245895365,0.5155416439329928,0.642456345074165,0.11400269510006696,0.55617864981879,1
0.19162368137444832,-0.03763519645085294,0.17852849608634772,-0.007999800267435284,0.6177413653619814,0.26160058818662535,0.43424971185666494,0.4300175124435759,0.14928494642778573,0.10693977089446106,2
1.1527593880825724,0.7170006741299302,0.022386721370470097,1.195581839623433,0.4628136849477634,0.4662808414202483,0.6707557813975854,0.15616579864431823,0.7052803872779978,0.6039418897729019,2
0.26853561122380615,0.682530564157618,0.44091884683595906,0.34898322291122874,-0.04970706521657059,0.8238836591138881,0.19609782890506702,0.8119123201719368,0.662558479466947,0.4267046676532779,0
0.5009983883592061,0.8069737771232761,0.3225044569477833,0.5071673918044306,0.7842721121618491,0.13142461621669796,0.022129012440864456,0.2019032738441126,0.5571384961096646,0.917556673082293,1
0.8427558828077187,0.6084998134928485,0.3302161357583253,0.7864175132156935,0.7392913121380889,0.808231792425973,0.6109610647693646,0.03764520476136361,0.7597969909213401,0.9595690666059021,3
0.1918726756600645,0.03848593614904161,0.30224576965738204,0.7363098436523181,0.6203532853529027,0.9992350634146141,0.7259877724640833,0.3848188775514824,0.6352051838565876,0.47571025760122243,1
1.084319470907845,0.2084976916256847,0.5667756695767272,0.20746866142201797,0.16341730330694076,0.6161359782653724,-0.04987512000969513,0.5269344133579341,0.7919325340034575,1.0252981211796448,2
0.01420419976467853,0.9463218330529143,0.5092014177230264,0.456179594490611,0.3501859808333233,0.8717019071775163,1.0368101990748064,0.6351503167600083,0.6091857213179428,0.7740788084773169,1
0.20930526932658036,0.36598972703133353,0.349759156628081,0.7221225151308569,0.14289484685781428,0.24255278932536847,0.6373690705853496,0.06954335491590813,0.887433842359449,0.2528848827419131,2
0.33954180179855875,0.5515756817846577,0.9093818552784899,0.5622144260365304,0.4661724234829777,0.6271332587801524,0.2612156036700733,0.5515764426077744,0.9788610448175354,0.5209875419528849,1
0.9814323705208349,0.49851679204524807,0.22732429570328655,0.7998954552228814,0.8091791673918516,0.8303460978665441,0.6991099602211894,0.19488888714417674,0.874988581710354,0.964958591770585,3
0.3564732097937175,0.901614125773034,-0.23517031796158624,-0.17726415468406115,-0.2373441887222147,0.7280410131454185,0.8888265110400371,0.2635162598701686,0.984865450643867,0.6491744921506735,3
0.10906261256897334,-0.04073156584529772,0.533426155244412,0.6360110707895981,0.5475514795908775,1.0765582956429423,1.0282113264353367,0.42842002356793896,0.8497489589968839,0.4690112000547124,1
0.04741148661813068,0.799498569841113,0.30168783827869167,0.5172765566497298,0.9013608435490437,0.5820888119916217,0.9309142885319743,0.6519598828263548,0.6501785549903293,0.0673516249776933,3
0.24517592312270312,0.6507227459772185,0.04000636169296121,0.005015818321913841,0.08054286885426354,0.7585595545665733,0.6963627483349416,0.2352744406552296,1.0436724571151517,0.9123008840622259,3
0.935906845033667,0.08721253765172032,0.6536389983289972,0.875995720862438,0.5334689785147457,0.43216935335875506,0.5841492681092048,0.31899080938510543,0.12005722889229856,0.6057298326693634,2
0.543104818444226,0.07592324302193063,0.21732992135198564,0.7727002712600864,0.619029221873494,0.8177948616006572,0.84449685308235,1.015233737119055,0.18983443629857316,0.8194708893744782,1
0.7359047395021736,0.24693951445491577,0.5746554651937157,0.5439625597719382,0.2955277929742529,0.2739251985138497,0.050314687605289746,0.4335786807639439,0.29417066232787514,0.615966025162608,2
0.06322866818225095,0.1707272511890706,0.3322723913239385,0.7199860907434015,0.4643013954964955,0.8322304034145516,0.8601344289098745,0.359341205380111,0.669747978330271,0.4776180210116206,1
0.06026693467985555,0.7973137352453019,0.242761055436307,0.5131007689410328,0.8639088373994147,0.6565441309457258,0.8674337255932082,0.6719471223411908,0.6476884857328218,0.048980291517908996,3
0.3631822693868999,0.4128109645100969,0.32536181295874617,0.09797927686890165,-0.18594735756644942,1.3625979153429517,1.2025663792934864,1.1666733634779716,-0.051623128114644146,0.10344355495916757,1
0.8843390787460695,0.5243055879633122,0.30188192057713253,0.6578202422464889,0.8032988978445925,0.8121484757979319,0.7212269341227745,0.04823782584576361,0.8234141592045298,0.8938161742723675,3
0.3218878886916472,0.5587056190993356,0.5130943531696963,0.8067199125362875,0.29666248373263915,0.5290415913178372,0.6235761111239865,0.1127111242105642,0.7885686585233136,0.0717126162284167,2
0.8614048611543907,0.47049777223026645,0.2563244993533977,0.8311239002029223,0.32288162421689054,0.592015942720943,0.6880049044508512,0.4231851517417116,1.113922872435149,0.39991463044083153,2
0.39882650194755326,0.46919758669679207,1.0610225445531487,0.6444236575976124,0.3516324432701448,0.777225188087688,0.059809812094982304,0.7819036573901567,1.006997240822617,0.4757510424402086,1
0.6146238080916541,0.9086908884472186,0.99468206782737,0.4426133380622697,0.2948860230112556,0.4773406495631678,0.09063983126352215,0.8336295664035447,0.3402013864535889,0.09928072923209244,0
0.6435456079886531,0.2480114618662677,1.9472461738777511,-0.06503117102437486,-0.3213798533466905,1.4525193516549346,0.41341104405258666,0.6206236742603239,-0.07116497924425041,0.6652942454580162,0
0.4822446769425304,0.4025322783911748,0.9109858888753396,0.42313216640410234,0.48830341784514864,0.5888205649597588,0.06483531358279243,0.5168714586351821,0.8091707245824995,0.3567831825596318,1
0.012628904953748132,0.2517357185605847,0.7091354592903458,0.02779338349576574,0.06055124305290665,0.266033803268886,0.14833598294728334,0.8654111876162012,0.46190023972327116,0.3087036769198404,1
0.14382860481248502,0.9758017765160836,0.14029726580425972,0.3979958739697853,0.6898154229172012,0.6782006986538662,0.9707161047339672,0.15598526539595836,0.6821038546026391,0.7419125216581873,2
1.221256203379272,0.19553223495255,0.28359900071347943,0.8460445565926754,0.49614801012582194,0.6314896924401571,0.8367145859777527,0.22628596454082878,-0.13213002783217354,0.37861975795732083,2
0.4593884443993082,1.1347531598553788,0.9886654034943922,-0.00309832288781281,0.7590492854962552,0.38676775190363916,1.0376096099229986,1.126940317717778,0.7815337659697019,0.39521811249272626,1
0.2262337618646103,0.8885194361893545,0.09156547922261908,0.4427760400416487,0.6515043306925493,0.707456250619862,0.9146800135122091,0.2470210924655948,0.7463460664263479,0.705223750174786,2
0.32199109163693507,0.8687185475894017,0.999057470874302,0.589686426197384,0.07414386218731099,0.2336096710456886,0.23124369452744709,0.7625586824442994,0.08529198452523236,0.28746456289850614,2
-0.23655107901867461,0.11928034051373446,0.366148213449638,0.9545835862314713,0.43497764299710523,0.5818326302203501,0.9369122900165827,0.504941741478446,1.166124902805267,0.8625148370659923,0
-0.18075123384552663,0.3865141700834205,0.5124577620016548,0.6871421983644438,-0.04490031823185586,0.35771078491026903,0.20274207541637151,0.3910745626292193,0.39642482554341435,-0.1375561115366628,0
0.9293661575524689,0.5862759387676492,0.7565286155749095,0.06911771814231334,0.5451285309345462,0.6256587486911818,0.3692943162104211,0.1829079701008953,0.8071609516249889,0.9692673484772475,3
-0.32682761263700333,0.39924244324122027,0.8131252627542624,-0.4188164916343655,0.9850373993359002,1.2763786322001027,0.21303160826885897,0.24809898113103485,-0.29924762011354566,-0.26349585225923916,3
0.04107668523391657,0.3575653585395418,0.5140797548804008,0.7156419794470336,0.6601633233354034,0.5940568435873994,0.7248582773671592,0.6591733865976277,0.6046945553670189,0.8205854337308082,1
0.4625054229696195,0.41625355295522903,1.177884125714613,0.20468612653115553,0.0983399810502994,0.6042920911269384,0.947731117094009,0.5682240951439326,0.8747694435148087,0.30944349591971576,0
0.1097117268670726,0.6762063806127798,0.3850200602765272,0.3363651480748694,0.1709796437076765,0.6225823645104454,0.6515178968732669,0.79666613722245,0.2635733870509903,0.9988889469034995,1
0.27250334542624616,0.4237943440898753,0.9614625240817884,0.6046778912641867,0.4152254413398307,0.7167636437699438,0.15306651562858456,0.6507016794342562,0.937676887272116,0.4301162929087026,1
0.7344455068996303,1.1420099603424163,0.30203414838080644,1.0733185142309325,0.567069709058337,0.8663743829797298,0.37064437874281975,0.43439681042532247,0.1552468063251362,0.22894684644947383,1
0.5887554769442441,0.881768777258947,0.24915514619005946,0.6367609375295379,0.8401180433685389,0.24422340810458015,0.061926651025327996,0.14576717296069988,0.5775376163449856,0.9739685802188736,1
0.18747971524033935,0.7223071944898986,0.6440790913869584,0.5180489870046311,-0.08106516720615572,0.9305301430675155,1.0004350013530958,0.5930031393740083,0.7875193525807073,0.6288613583705902,3
-0.02124151004005037,0.864239143820833,0.03658810849630437,0.29696016295392713,0.4560442937201565,0.7597460430476456,0.9894255413786214,0.32716525191579243,0.8301972284701732,0.5935785836945275,2
0.33047427162075615,0.444196370325902,0.9236824175967647,0.5634811623075793,0.44969566849742776,0.6972098240042544,0.21649143011956418,0.6757979125789452,0.9415609917009872,0.402941207801025,1
0.9107801120603412,0.7390340008939962,0.44287005228474097,0.1929353965908762,0.6425983277087939,0.9549106789967127,0.7137728759998173,0.1359205704228103,0.3800330061465253,0.7787915807680582,3
0.7561344212133391,0.4648763022255685,0.6897169013280761,0.4372518839049171,0.735703466133991,0.4318855439178256,0.7682595451131538,0.45044257282332845,0.000202585758885529,0.3042040066739513,2
0.29876828880498757,0.3686636721056573,0.3131016069170082,0.7477849267170713,0.1867097240659441,0.3635149447323137,0.42299660425335933,-0.0021089757350199606,0.868460274067604,0.1723985613474342,2
0.09155840977538461,0.8545977505561638,0.397599891229696,0.4717581946623006,0.5275044933213202,0.7213035883610673,0.9441731007579186,0.5670260056812821,0.46939587509552827,0.9344622909469711,1
0.3022175503394134,0.3694137379121795,0.42945216025632255,0.8200083093426433,0.14839256671225026,0.8123078808656811,0.36149694456531245,0.8207234669461471,0.6599970666445589,0.153659047908637,0
0.1973298945969585,0.5907959104301372,0.9903058778060829,0.13244434110516637,0.5855668201422904,0.3107292766849006,0.44144481994140544,0.7704193537650343,0.34692930561542396,1.0125880024532996,0
0.688702189999398,0.4416842308611586,0.7174857357255,0.28140576164267594,0.6769428639825368,0.4786670475707408,0.5901762835190965,0.40383018405483817,0.10261059354398282,0.13848873178503607,2
0.21080624569490578,0.9789516664208366,0.04438559785636922,0.4451666565071336,0.6759302054469261,0.6933546468589178,0.9519368690677735,0.17159524279993904,0.7666965038586706,0.8080041489230417,2
0.4926648684446972,0.06598023581955449,0.13443202798709006,0.892405004685587,0.543311868034684,0.7080229517415122,0.879197746883246,0.9924508092205568,0.3398021966784519,0.8772367718252855,1
0.5776238772948323,-0.4414597915830273,-0.2627524560132807,0.5183975695908772,1.0247240913503834,-0.40610250016184163,-0.07610378457577494,1.0698150225781682,0.44895962534896994,0.6774302415132631,1
1.0114202562777777,0.34223317856244206,0.3246168252706827,1.0218069887338117,0.4305517582080447,0.7595445884901048,0.709817223111561,0.6622952180267894,0.9606557753759246,0.25578252780511274,2
0.9096524203515969,0.5613904990886908,0.749507713654097,0.11853756531368348,0.5797420441666032,0.678651752141404,0.42126183692493957,0.22631651480388598,0.8592074950341059,1.0160755376605017,3
0.3807602271998966,0.26718980020133754,0.06685359680419842,0.9368600610857025,0.0962822006405978,0.488769174822385,0.2812148107712731,0.462536849026568,0.6983928365099332,0.31795836234618774,2
0.6246792609510785,0.706045634753993,0.7516748099693498,0.4447185207211602,0.618212350775501,0.6327846927241599,0.884443950310735,0.10243581854617853,0.2178899308045361,0.32800589215750287,3
0.8906743621324869,0.567080651107793,0.24206236870584807,0.9001833623044347,0.33071683365624843,0.7570204177365765,0.8775762332813812,0.43421884420337287,0.9810330685222431,0.29811211236367435,2
1.4115057924349297,0.7539469792854189,0.741564228345673,0.527493378590661,-0.6129404541357384,1.067581591047402,1.5093934635055466,-0.2569256237522788,-0.33051708486899445,1.6751156620210528,1
0.8016663962956929,0.6017449114476211,0.365746452888545,0.9945910258136065,0.9521374844779456,1.306505949133713,0.9022440839181216,0.370368894133965,1.2023154822573632,0.425301868001789,2
0.7200582168477767,0.37580103783465835,0.6987526543733463,0.3585020209358143,0.7109779032262992,0.5450944181510716,0.6596462878024715,0.36779596607443765,0.12681264469300088,0.23446380195105326,2
0.10548067451948245,0.7889432069381822,0.41742492961339933,0.41359006038837565,0.4165954733525488,0.783587096439222,1.0537921249671638,0.5572947039817581,0.4615347323234943,0.8817758045741547,1
0.5948989661141483,0.1487620654482688,0.6823139797284109,0.09970000435498583,0.9705677136034757,0.7799423115010804,0.6261339643427143,0.39023519459656314,0.11143998498771816,-0.025664522972669246,2
1.0295177121298904,-0.24321516766663642,0.18658961781458494,-0.7005697319556153,-0.39775800743545076,-0.5119398644645612,0.963381246953357,-0.22417274130775822,1.0830839380799488,1.1522561009343613,0
0.7724828372568026,0.711122938119054,0.31661027434553113,0.6278139460829807,-0.011537124516131342,0.9994473292398642,-0.04511527801288212,0.15583308798247072,0.12926899161711372,0.47896879164700323,3
0.8670605913084097,0.5436405598831857,0.29167694588396786,0.7598206796073624,0.785438741660705,0.7710351003498421,0.6630926259345676,0.07688876347259944,0.8013199006159747,0.9115415269015217,3
0.6105008290574536,0.30694221798266763,-0.1111558373439798,0.23662655630405557,0.10713628771737134,0.158581742117649,0.48161488911358197,0.10769051540622293,0.6704817265721004,1.0146838375004044,2
0.8308259930814321,0.6376836677104423,0.3423024020612948,0.7854105308395193,0.7469122841438037,0.7358437323644264,0.7245682637362599,0.174754508921923,0.7143776114921783,0.9729387663740672,3
0.12980770903010933,0.7702432923939968,0.36211350396224185,0.3101271395810208,0.5815739092561869,0.6085637514866127,0.902639471126961,0.7093542048081647,0.3508580714196395,0.965853780884276,1
0.3614192910505444,0.8392942293152349,0.9625124540427203,0.6405315629535976,0.06427737877327044,0.2812551756493882,0.24910124244996878,0.732457169249662,0.13800818934236847,0.34189325072978133,2
0.44008154515867826,0.4098619239171361,1.0014912865410057,0.7338209565844707,0.24666978268056988,0.6085558535092019,0.02348525714519345,0.4929109979209265,0.8198743051745849,0.4087423770512909,1
0.96744668576086,0.9074648431043666,0.37263617283464046,0.0964875764146233,0.6748078582630075,0.9909960490764246,0.6970189654411323,0.12165489086763244,0.2127189997369831,0.877406696928903,3
0.05961571408833247,0.09364688993543778,0.3135041707132626,0.7000684487602336,0.5343285905494641,0.5948781951825702,0.6035240174021584,0.4014400817723386,0.9359162130330327,0.8078910347622096,0
0.5272883649665306,0.3096687198379861,0.2167207807346023,0.9810631489328461,0.20115030398678996,0.39955230556119914,0.4751516106246445,0.6373272737139013,0.6322858573182353,0.1886074542896729,2
0.17468026131294187,0.46189468739034767,0.2662082872399012,0.6532341886934372,0.30211164375826494,0.5873697891738011,0.596696520532371,-0.1307032475697477,1.0745501256203667,0.1406594970457939,2
0.39735133366684383,0.5524261027717252,0.8599527876052123,0.4654191931725969,0.16806533446931277,0.7187418162209792,0.08552259444871038,0.742939860933911,0.4437768259591736,0.2728685948713442,0
0.35293168767630034,0.8517207723272651,0.9352361367523034,0.597897503489763,0.0624593121891461,0.2248002274428646,0.1945412850150528,0.8238049833874652,0.08320755421650487,0.33130429777206705,2
0.9380619730316135,0.5827481904776535,0.7542714135683725,0.07036395763795442,0.5410000360638033,0.6312593110793805,0.3896966268581367,0.19058773617670563,0.818002467517947,0.9688671781297562,3
0.2403045155054457,0.9162862853378656,0.05791604518253214,0.45857607069733686,0.6390173724405939,0.7506703346116035,0.9528300535530284,0.22768386939889854,0.7268419677226541,0.7460282536139217,2
0.7288849420947388,0.4847916910946303,0.5651843731096714,0.10455167508216784,0.8771651790633117,0.48335070252760753,0.44243899388632607,0.2670135961472809,0.4070650671881461,-0.19140310375087222,2
0.31772253744114604,0.38694950526795563,0.9753847126594919,0.5627595589271771,0.3115511450799415,0.8076344665917325,0.09899292842334556,0.6807584449007401,0.8776917261313836,0.4680130484259064,1
0.7315954215705466,0.6362432898796866,-0.12688116977264,0.3405248727789245,0.3112680698785619,0.39098164133989066,0.29795270761334536,0.10451907400572236,1.0059929271405195,0.7495635452778511,2
0.32159992229237866,-0.11283285882965455,-0.02918922883904529,0.9936105320465345,-0.1960623434825034,0.8554791337158633,0.2331675963563311,-0.09869758722220168,0.5756716124220576,0.5424234476155899,2
0.32646487547586545,0.869710632140682,0.9798007000522069,0.5919743055441229,0.05452621783531922,0.2342305241746082,0.22615532276503872,0.7813096706060519,0.08974489212523085,0.285515309316601,2
0.6660585606276868,0.6800040567975817,0.7968240623121593,0.4246473064589956,0.6599937534868978,0.665896744012055,0.8955313249479151,0.03828914847361661,0.22313989387249047,0.3181442067816746,3
0.0865440512625486,0.7553994071515645,0.1298167088401151,0.27293541679209105,0.624114655660753,0.8529748300167505,0.8751896036695911,0.012093541432698834,0.8933239278944571,0.7235687389397673,2
0.6544707696411811,0.7067960667865075,0.7628735960569837,0.44033526256960936,0.6475750247479785,0.6587655113796561,0.8718445886557382,0.07905118825985476,0.19994102391438148,0.33963350356253313,3
0.15696647381823198,-0.3027666401851684,0.09736824362474461,0.7123514713585751,0.6619181305606318,0.5029601140784764,0.21049499116081327,0.4165176748194222,0.8525135125423365,1.139770537730059,0
0.04177159704161203,0.11367576874334304,0.7738478680397829,0.3075919279325924,0.06025280738963321,0.27350806031058356,0.6372228760695564,0.40745534773527536,0.3057186574078657,0.4493973774959978,1
0.5617037552840562,0.8808782145293587,0.2151365193915349,0.05102752913736111,0.842585643499697,0.003584319722269254,0.19675016453832417,0.443612059871348,0.5718844821589789,0.023517472232568525,2
0.4912334099210153,0.6854824575801707,0.7220138821922458,0.5759251653386334,0.21595936254693227,0.5597066750239456,0.2141328999106446,0.7281578035040766,0.4329768940620213,0.19347483721161599,0
0.034506869710173756,0.1080568775821262,0.7617540982706095,0.31554577804706646,0.05338138447161373,0.2699572424393926,0.6287054919266076,0.409873716548889,0.3144848593267631,0.455662889983311,1
0.6159881353489095,0.7150011496413874,0.7633481407989531,0.46743033616036905,0.6640271718970242,0.6612545266682281,0.8444730932240301,0.059578049596927515,0.20038207110326053,0.3110181237981041,3
0.15042208564310172,0.1612931010434978,0.802722043184732,0.33059615140680537,0.021883439351373615,0.2572236693159771,0.7309456360701134,0.4261905083846123,0.324975717394577,0.3896029689297835,1
0.33471149255994326,0.8684105736920821,0.9621258612811812,0.5778673144601758,0.06060390471787172,0.25470345112659765,0.2509007988091413,0.803397234906776,0.112630483607516,0.3078099820023296,2
0.5907698638301357,0.5612732109764127,-0.045242124131491646,0.07849359314600715,0.618939678205261,-0.34879116038218405,1.0123182201717649,1.0588079797142949,0.3627027480601317,0.41282267439904624,1
0.3035430021568763,0.4399322734300516,0.47817128779617146,0.8377511918633063,0.3019061096819713,0.23925200332468619,0.5546383354915668,-0.06076857263431143,1.108476931742266,0.21569967607812462,2
1.0319384331989538,0.9171395966102094,0.4051501132202579,0.13646716828309932,0.6309936701868891,0.9104335072089969,0.7209709927314182,0.08494443679066722,0.26262695133048825,0.8568706940755945,3
0.4013364826800814,0.7546946120735282,-0.06974156168711082,0.4774653170511168,0.8413949047064915,0.9909792582826482,1.0024245797792133,0.05055652509748659,0.6607836756800197,0.8730958334846185,2
0.8834767580669359,0.558506388064151,0.3065015017070596,0.7192027046808135,0.771077784571445,0.757690372793774,0.6929114205837885,0.06426138777098793,0.8065179591145173,0.9111306572705505,3
0.8546253319649558,0.2901235681044967,-0.06580817323106963,1.0030200858878995,0.7266698551960451,0.1299292965166863,0.22946585172363654,0.9366683376200173,0.17961629480287036,0.3534626035602937,0
0.22084924853975396,0.9935494989956741,-0.21283384697749486,0.20595826453484506,0.8124090081868194,0.8077288570487847,0.8882350611226074,0.3846614497455728,1.0474434015729044,0.682515937345149,2
0.4682405455133621,0.7987285372905971,0.3428766458834396,0.48024281221133086,0.8360284081023358,0.20977223843860351,0.06364659041532116,0.174659297869721,0.5202280428076625,0.8992013917012252,1
-0.06630910275958565,0.6959424947747389,0.07605423516066834,0.8142603830207129,0.217258070368317,0.09627394509526865,0.7589059700928855,1.0578547629886448,0.5735834504308324,0.23633043418977073,0
1.0697572892910499,0.4912408936375753,0.22021757598373995,0.8489085388112092,0.054281350576928344,0.9685771626444495,0.8523364078041935,0.41363106716223863,0.698487914403928,0.07198444404036947,2
0.7328160065186792,0.39377010355121245,0.3900105275516551,0.6525010614352175,0.5902121616646632,-0.07215589651733506,-0.04766778491627263,0.21308906214689324,0.6211580604881246,0.8842149305551033,2
0.29896544219254206,0.41356825905138356,0.9956579750746487,0.6334887086803771,0.38560644347359824,0.7371201765065045,0.1646896528877374,0.6552009323577169,0.9336597913754398,0.42647011953255376,1
0.6365556568148875,0.9464669758453912,0.009718772157359605,0.07543012262002001,0.44776697268835636,0.32570003535085085,0.18616809831031023,0.502529977423712,0.1971600757628976,0.8962457572452867,1
0.7572769965788182,0.7809829034070686,0.2321310772452274,1.0645188168343545,0.44179422622048864,0.7214652053584607,0.8315397436821796,0.3608792528916389,0.7445019160141181,0.33089278940391087,1
0.9198543487124372,0.5791203513140537,0.7622730758534426,0.04581692990931212,0.5607936757476429,0.6705625777839602,0.3521372180753465,0.20953667661569517,0.83213269910385,0.9887692480046961,3
0.9419280531014855,0.5009134215797929,0.36029978378551303,0.8014345026841906,0.838684876753085,0.6959878371752225,0.6439493200605326,0.1324082682034795,0.8172237247855065,0.9942329836387112,3
0.767648968235654,0.2579028168754281,0.49529618726888025,0.5979437791169229,0.34468790856254294,0.09898200413729574,0.02628000740551434,0.36234800246778276,0.4039100588175384,0.4897010499385659,2
0.8954085399043865,0.6690702174203699,0.7522790767287999,0.05090739560506241,0.6160752422210454,1.2923591359126216,1.2601635193444598,0.8930821309475039,-0.022709095921941702,0.5919778717006132,1
0.04720933225039702,0.11328785417513583,0.7764550375979273,0.31128294698497316,0.06667769097496465,0.2681297420997433,0.6382268199558688,0.40981251508668426,0.30423631858131167,0.4506470789961417,1
0.6253956260065866,0.9059381050490758,-0.009914975198489957,0.052460855568074775,0.4164931790211217,0.3119863260250575,0.1431694833227293,0.5183231690115584,0.10071988426534016,0.9038748059538322,1
0.5740762500115855,0.8770971632124291,0.1645943152004889,0.1149415126571464,0.7725374483574167,0.038798376635572306,0.2562312908313813,0.37548443486830113,0.5635803060827997,-0.010568793100151113,2
0.45688989350376785,0.48719192183755805,0.7649247008359759,0.6451794692838,0.8423379912678889,0.2874079185812624,0.9436840105708433,0.9090416541746871,0.5180005916007819,0.3752124081560155,0
0.626114379567376,0.7154345937713252,0.7254266839250741,0.440900828735113,0.6915279593838218,0.6199876320657551,0.8283163159586907,0.07474618852714046,0.15172498530460443,0.3226260172607194,3
-0.18761765973890443,-0.1788856602301227,0.21929951814635884,0.6446236720237238,0.5183832235675975,0.34998273248095657,0.8735302151006061,0.6408418249025141,0.8306480818291907,0.7290513488325747,0
0.07726112875007728,0.8532011411922849,0.4350046963347781,0.48754732697747327,0.5447757835299818,0.7331050178801961,0.967750006940566,0.5990331311075314,0.49443053824128425,0.9357572764195294,1
0.5931589221671675,0.7764114511682102,0.08883367333038032,0.06419123888550698,0.6816454852105814,0.14582366224653528,0.2061585751207498,0.47574247278291815,0.5167580959261635,0.10105854635436252,2
0.3623229892474213,0.37218741929254623,0.9596833923973732,0.5687444363904005,0.3870934441699059,0.6705353535823182,0.11589523714642767,0.6747244907804744,0.9351122942307047,0.43231314144907074,1
0.8998483773981436,0.5605706925391537,0.7497187520290468,0.0724648442647256,0.49673375726285146,0.6189073715219995,0.3950520638200158,0.1451929066630866,0.8182867881624668,0.9365580625989143,3
0.8735861541791315,0.5529200843439639,0.3189827682412753,0.7574663725555761,0.8002276184538014,0.7262075079600258,0.6964424355304846,0.11486749999445338,0.7545551119485608,0.9214962698530831,3
0.37844262230666603,0.030370729782287387,-0.010906105636899033,0.8767480459866881,0.6173105110757103,0.5685019780949694,0.43740155634114514,0.7417867485830643,1.0470013463040895,0.7707599271116379,2
0.672756283686389,0.32117411251899647,0.56081441806452,-0.08134020220446353,0.288376397333446,0.42957071560202725,1.1536695013254912,0.7035333050034558,0.4274890438647715,0.45688444947960916,1
0.32608912511613475,0.8706861313222544,0.9792538393013881,0.5962517225903966,0.05367848501931088,0.2331970607868178,0.2282246342239557,0.7786549796106866,0.09067056713309621,0.2887932947854582,2
0.14858781970405607,0.17257487013830036,0.3394383145793264,0.8036499360444526,0.5749130717334008,0.8602105417126549,0.9293805039777565,0.3575469838263663,0.7629950548313652,0.4500420361799041,1
0.1221240087328045,0.4563324307243353,0.23009437616550382,0.15822904225556797,0.4348658783208711,0.3983833307061124,0.2299149306469153,0.21981186333777775,1.0215582221495898,0.6660054402259141,2
0.09669746410493846,0.44336325396899134,0.0852111967004261,-0.17553425999709832,0.09917278876650992,0.6850912086543598,0.6342619893230278,0.41903918663998335,1.2187194001785873,0.8180166462364228,3
-0.44246032829000703,0.20525424075153054,0.6272473822652708,1.0065984237466252,1.0843010030805718,0.9747689819988207,0.704842272271797,0.21529488009749354,-0.6914062949629703,-0.015221513031606126,0
0.8040117231931211,0.5415997682595844,0.7473112990503163,0.27840636970822763,0.11090795488909896,0.8389625489898869,0.926639147996007,0.7117275347251084,0.3461269696998683,0.7500368391418779,1
0.8616067746479075,0.5493022897391902,0.32057423271767,0.7193353206898934,0.7776709224806423,0.7649337113510098,0.679953767152419,0.09731372672484218,0.7698733419732117,0.921826143316413,3
0.756549499306405,0.222050926803402,0.23172223117502244,0.5345758851590136,0.2795014761700695,0.7020587469721425,0.8443718775973098,0.29149253984487516,0.6305319046073274,0.7614534036522915,2
0.32747901765337306,0.8692606713011656,0.9943463949116581,0.5831303826083643,0.032975282250626625,0.2227950520031059,0.2172572805890317,0.7814196756360717,0.09354099773083613,0.28139326254314184,2
0.36247689260570404,0.743872794242656,0.9498771939331072,0.048936161330871066,0.5049648161815866,0.45009628110726346,0.4549297770946245,0.8201154963658092,0.2930408835649976,1.056525361455779,0
0.8704640657368298,0.26715510983502316,0.5080581016466571,0.5057755668644736,0.3343714368677827,0.25567359088408065,0.026439151038405974,0.40489840938763744,0.37150434634350793,0.6404428952441512,2
0.7528910422928579,0.9223840713142721,-0.04277951677564612,-0.015971983495695175,0.5616755347618968,-0.13979819421852935,0.3713947047013584,0.19384061712961514,0.5906301116396627,0.26016920474597804,2
1.101992157773758,0.22792453173444444,0.37909707672649734,0.07535482322057216,0.08325884376551161,0.1440327625774548,0.5819110474952601,0.6614906293193892,-0.062142137236791295,0.5957794854339014,1
0.5361545765230037,0.7626900503543708,0.6225818278776996,0.3791485035772887,0.31513919891030234,0.7325311455932748,-0.029960628616212154,0.4242067334019737,-0.002465799247752004,0.6082413751487836,3
0.6131520994327484,0.9077310361366385,0.004319602643254546,0.05858784471799636,0.3914906707117849,0.3248337402682595,0.13975901183817882,0.48376665984860406,0.13167010162785492,0.9299144427731304,1
0.9089692995145915,-0.016731676102800047,0.1833045260432487,0.7255226259881102,0.7764365066965448,0.034268816427662885,0.016576185788975004,0.8471388663570754,0.31318843899958243,0.19584096899847336,0
0.33467453813098746,0.08765489213618041,0.12818427912816607,0.8610846281659876,0.47491642288358493,0.6812198357715104,0.7476629638681562,0.8021265873155512,0.2599681979294325,0.9422684972169989,1
0.4045531149076346,0.2689384807384219,0.45930333779070215,0.418828283367727,0.3570470996918276,0.8054098480649804,0.04530102515041132,0.9460301713914787,0.6279037188230713,-0.09343102044357893,0
0.5386975820554181,0.9474262824906123,0.10568569293505332,0.0649661568900621,0.7345454642552781,0.10224108248891858,0.27815765563207223,0.32428571785277055,0.5107259803477626,0.034343826301496815,2
0.7977345868687099,0.8932853232070396,0.2836497555540699,0.5894749169299487,0.1444783732123616,1.2548557233947029,0.8606219657816929,0.24722512698223237,0.6539132560091319,0.42406348004822114,1
0.3175615294752653,0.8256543659247115,1.1327049719975852,0.9282633757569954,0.659516109656104,0.9289063065612458,0.07823248744713873,0.3705327775052897,0.7211842316747921,0.4587976264808269,1
0.10892705538912392,0.7664220423877107,0.3345515787651968,0.27721761340659595,-0.07388107461684215,0.4736039449539537,0.558411365172781,0.18989759206157947,0.8286137168053211,0.7310289857942966,3
0.907760535165238,0.7228467853972209,0.1167219113676031,0.7759931631304499,0.3432736915781043,0.9735820470425383,0.7102879645108261,0.16383837380281274,0.7883185641080164,0.2811608276599389,1
0.9559130691798813,0.533477823278567,0.27253858630644384,0.8492793791929503,0.3156440323325338,0.7300004101256754,0.8608949576513795,0.4770663447218168,0.9566227131268605,0.29249481615106243,2
0.895192649676091,0.49424347848463096,0.3637334749244515,0.7381547745320322,0.7208779492661256,0.7713828753538349,0.7269121469897352,0.02434314161828731,0.7734555343988497,0.8473098471577168,3
0.3230196369105262,0.8820527141555731,0.9905031263631524,0.59740156035109,0.09196627796630885,0.2740729745579473,0.2712378374942971,0.7751216521216114,0.10405725010889089,0.32508765713842386,2
0.16410118118048658,0.8970224191471512,-0.0104641969388386,0.44570059613894003,0.6830903266288207,0.8250568908385976,1.0212481385652492,0.27700734928844395,0.7489274592487203,0.8306089481540644,2
0.35179521859576085,0.27583362029490227,0.2213084342735781,0.6206188748017516,0.15587011943843196,0.36914517040529915,0.41445815940781594,0.29772678529722585,1.0120157124390035,0.020362828536390737,2
-0.47996772966542633,0.10155417223112106,0.3871162954680193,0.3846931724346136,0.5393493848668268,0.6944035748647969,0.7938456264279822,1.0803486788506855,0.5880236351373707,0.5688574520524037,0
1.0540870509991802,0.8478398315567127,0.4257841317184805,1.2437607397695423,0.46134146369845763,0.9358607029579544,0.4003316409476842,0.7392389667008161,0.5706791303946307,0.4013715130806164,2
0.008540341001294381,0.20553380972234497,0.3863649412984624,0.6971343935736128,0.39217222411343494,0.8491725197050191,0.8759007879019459,0.32161910601925975,0.7368446846322273,0.4122545646254869,1
0.7796072603727027,0.8435130372106937,0.22253646685072842,0.4504572059650937,0.007630921883851449,1.0740471830703717,0.8356040259388609,0.2255994261607077,0.894610285008588,0.2681244807831966,2
0.2225720074338186,0.7595248131295234,-0.08770913438858416,0.4504155091796836,0.7145160581244512,0.6778684393419242,0.8956164509932175,0.0986709522519996,0.8364001049377017,0.8000484855236213,2
1.6304862801335767,-0.11081800671945735,1.3007095131026674,0.44176680122426637,0.9483563070530303,0.36800093974055315,0.27794241382885876,-0.37679497080492075,-0.22927084791357133,0.15870580923059324,2
0.09405277029362641,0.0787950230703738,0.753099413701571,0.37969454096606603,0.08962556923671919,0.24290934636991635,0.6773179330736385,0.38390413868000356,0.3221134021175492,0.4192424721615471,1
0.5273369342893779,0.43302048463549714,0.7875740057314553,0.1852905676249322,0.5695803002494899,0.6804139547124645,0.46501525353962636,0.26078542940376004,0.16459083273224098,0.28078869755965585,2
0.9134593934675858,0.5852837946369512,0.8237386241852718,0.056960048217472393,0.5536164641826323,0.6470309205184748,0.3396196050178518,0.21115061388313341,0.8283272673332472,0.9753561538918155,3
1.1050508216786064,-0.06505183429501704,0.7849288812435081,0.2013859367041807,0.26142740491294536,0.19990158856470472,-0.300487984070047,0.12702221297032762,0.6897973754093868,0.5061582899675507,2
0.04333161878292353,0.11343273417291065,0.7749265529624098,0.3021169033805847,0.06739852234381068,0.26527004850672514,0.6328090752688726,0.40742546606764435,0.3044104923129916,0.4569360802454989,1
0.45655539612817836,0.2803972930356065,-0.17481350466704387,1.041148062607741,0.2594958320999615,0.4376528905496251,1.138883072716867,0.1319892712612048,0.6921909721765875,0.4258390139714705,2
0.9363282561033097,0.6050135101961269,0.3030237186521086,0.7806562437412028,0.33775357642492154,0.8452494048218357,0.7707758112003331,0.18479452336107516,0.8996996721086051,0.2746765711298855,1
0.9760777598285996,0.549734779505984,0.2912306753727089,0.8232963207140873,0.34942640245472817,0.7493977090110859,0.8489000966382253,0.4594697988786648,0.931180794844083,0.2569624302654525,2
-0.03761137514694474,0.15353355481430053,0.3833736800982323,0.6979448219963473,0.43078976106172207,0.9815765001260228,0.8114392018015205,0.5119541701676759,0.7408193792331595,0.6076557531089588,1
0.9362945217258227,0.09145298051177649,0.6384756292731675,0.8645461703703635,0.5294624091875979,0.4197234141441252,0.5956817275125618,0.342167819660098,0.13744077781615993,0.6112843078259393,2
0.799592060902567,0.34027337384744816,0.6656112723340989,0.587286425296082,1.075635292986477,0.8658081443742212,0.9059101656780619,0.6622683837296071,0.18245507680976464,0.25444162355886685,2
-0.3106906571408058,-0.5180115832425046,0.6071284353767075,0.28899506006198133,1.2561543200244025,-0.2771191339434468,0.049401746598937646,0.49200510084935134,0.7327625460854561,-0.4602672481972756,2
0.02102484076862252,0.16444702571923295,0.754471900352204,0.3107376071328851,0.04877244283965049,0.28054486824948194,0.6093770300020188,0.37859332918798483,0.22800133421242047,0.39368889016896746,1
1.0802969946038896,0.618204565568558,0.023088038078411033,0.7202502322171391,0.40530205867773583,0.4324301144710445,1.0298184483767723,0.23092572087436933,0.7985009707900013,0.13827881773947115,2
0.018978595661628538,0.24892654228692218,0.7159085288076031,0.019883647515778584,0.03947137546435113,0.29008958350461456,0.14666632576507066,0.8787941601463677,0.4653833691817783,0.30856348493023256,1
0.2531832940073388,0.9279293304309761,0.8264834556313011,-0.18041920131756772,0.44931362862047564,0.3108781014515572,0.7282220761329851,0.8850907832600144,0.060224528586747844,0.8033661384627182,0
0.7656899003198043,0.8318846239468314,0.14665977755246457,0.6197552954049178,0.15738121735926364,0.6257951900422645,0.4634945329925524,-0.03953370171981868,-0.12855806037463563,1.0588896470472962,3
0.5838730508343318,0.8818595172909053,0.3405275061098505,0.7998304928797451,0.8061164638490481,-0.5030324626669025,-0.19173443416755026,1.0070357713784928,0.6120917438395783,1.2153590401403185,2
0.5089942639669683,0.33910424588118226,0.08796159743596879,0.3715299057031859,0.23473643506465072,0.1602317801555956,0.4158857591363551,0.20456796676422379,0.8165518045193386,1.0097940066341484,2
0.03545021514622219,0.23881706811920675,0.6968131544820293,0.021268936672361773,0.04235402599058411,0.2766949807182154,0.12466623174226266,0.8637834666242948,0.46296801086595657,0.2999730367506554,1
0.8967332214461323,0.557230232493014,0.7212293588935291,-0.02392137233231821,0.5644081910521378,0.5006084353541437,0.45699219433857546,0.14757645736582742,0.7511354546540604,0.9696906493661281,3
0.7999324200623426,0.8296348466040928,0.23758501087275255,0.17425698821776134,0.7346757637741076,-0.028123031501897502,0.4443719239530669,0.48892713928901066,0.6944784729004505,-0.024197509963161397,2
0.47020632280937424,0.023099350779697034,-0.040589511750809215,0.6655965502582116,0.3986807420301005,0.5067557605644228,0.8735214378763998,0.7745024242655207,0.2496893088951252,0.897304096810959,1
0.3922374150688645,0.4437982687886127,0.196829583276566,-0.2055743638380928,0.04691390409150568,0.7148476685696066,0.5891478728201918,0.3138148646647375,1.1392275014544635,0.7998497214813174,3
0.867664881959526,0.5469358511259583,0.29767715114549964,0.737111873427461,0.7816561018161501,0.7487098456602868,0.6817849612631721,0.11175617635788504,0.7874025043426145,0.9119741082268853,3
0.08563125352228025,0.9336021348112509,0.4210985556579432,1.3375133591624326,0.3121502708890667,0.12670613599789482,0.5036018766966079,1.146341776694924,0.24194064169182708,-0.08199611024911485,0
0.9601296112861109,0.5378179296746729,0.7741914621813107,0.021525834819125005,0.5582023370219941,0.5661654285943699,0.43437405757484254,0.23123496843388042,0.8149790325189064,0.9198820614494208,3
0.6050601093622506,0.9386897015732866,-0.08252724613609602,0.13996730630116344,0.31786040147285627,0.2874643646681382,0.18256294152727054,0.5089629641328552,0.09191153056098052,0.8358669347712782,1
0.4282219924628091,0.4740621149849337,0.2697877402775638,0.8117443195857622,0.28528271862560695,0.3984093145320861,0.4021889819577759,-0.041789272940510866,0.9284607972756643,0.21037195624592683,2
0.07638261355713519,0.7047103099818283,0.527344591434635,-0.01464608218542568,0.9813122595469478,0.7957509548110974,0.38651377379070384,0.5300917224083593,0.3822353970560907,0.058156889182902426,3
0.08970509365474191,0.19313353224601998,0.29922728228815587,0.6986340974885639,0.47749246887148755,0.8498435293042721,0.8540721336405227,0.3923293919758143,0.6756460001421595,0.5161570043112559,1
0.5156793209030289,0.23286123827382008,0.031960467646441185,0.763374530832049,0.5509183235642087,0.7166210984099323,0.776272738194505,1.0754784824006831,0.25900587891304516,0.8403568718777349,1
0.8779406270640175,0.6875327627200861,0.1362828531900083,0.8040409111684915,0.38791775647728244,0.9782124071897794,0.7221094649821976,0.1728192536526793,0.8049662376531426,0.3092660672689052,1
0.5229055389194645,0.20815900155661168,0.47965662830466593,0.8085291609937225,0.3022868999638245,0.17122246002283079,0.6395116785498605,-0.0770219126093285,1.1063522973518196,-0.013929768343303006,2
0.37344615461227443,0.41281479243539376,0.3086913824489025,0.2436515139828256,0.3911412179053274,-0.016429522615317715,0.1606804773905421,0.29184595524630574,1.0593781935778563,0.7150648979271305,2
0.005345489039077757,0.1491790413734056,0.21199292242128978,0.6587105061078458,0.5083813892839218,0.7681422402421033,0.7078171553941731,0.4411235389502003,0.8456998310805789,0.34665949489716075,1
0.8906990570123894,0.29693828885111784,0.2450644692958081,0.6630034987485186,0.16163432908832615,0.6539366854547992,0.6527590048218752,0.5768011034157516,0.4897583267705702,0.5115930030321074,2
0.03281359971940037,0.23445211934440768,0.6961861261615202,0.016500102042297772,0.04509111051213863,0.27825799421647435,0.12776789719680204,0.8660265374108944,0.46161508753239155,0.29708083521983575,1
0.42797544062633464,0.34677309452881716,0.3953683833287327,0.7875647282338704,0.10836717432576487,0.4055156318857882,0.5285533261958575,0.1263937283242456,1.034254165817096,0.23644539083260563,2
0.08431339330212878,0.4697396136742247,0.5331047819156194,0.7476654475720449,0.39676466429544655,0.5798139932281628,0.5069306180641511,0.8342549570135704,0.40571314460557584,0.12473195759930487,0
0.29836578090697263,0.8671834755836111,0.942013152121364,0.6040430654756174,0.014698157468237195,0.26277284216706115,0.19784931207970974,0.8237827925445299,0.055587339958539254,0.32365190780288056,2
0.4544044685185372,0.3074967990352365,0.45815683556927866,0.6595939595596886,0.2580689892286731,0.4482318265659694,0.4653953461417626,-0.07397024268595312,0.7569735945548338,0.35618032617367096,2
0.7145679877806046,-0.3394773340008808,-0.44381679827135434,0.10333893265573715,0.3198434659737382,0.1425943102205826,0.046064656459306186,-0.04987367699529466,0.2515927193630068,0.7102141128309086,2
0.6458476265937965,0.7291974638683735,0.8018736411661401,0.4700098608236672,0.6185505503299912,0.6248323346788809,0.8352242014537711,0.06885222229999544,0.22278615968985144,0.35453632927733997,3
0.5166684277559048,0.9752572788873732,0.007086780186696358,0.09797869566983577,0.3716338584236362,0.2708263333719213,0.13337263257635212,0.5347477008179684,0.21862961670130518,0.9686060693987881,1
1.0544139408621278,0.5571310098402544,0.662451789836785,0.09039084440648087,0.46415513634870115,0.5707289681346647,0.47984216239425975,0.2636043314790284,0.7481870213340276,0.8883659714377868,3
0.9428482489710872,0.57417308794247,0.7626506260374231,0.07093088593628853,0.5378615336658737,0.6209870946399247,0.3784592215410422,0.1907775511024011,0.817000812927964,0.9752033792006427,3
0.5620480569510008,0.402896762021366,0.03518983565646744,0.9972088464994895,-0.13669084727133074,0.09681371109203818,0.8608011230210075,0.3950825567760537,1.0164451466916282,0.22083469625360078,2
0.9621062254879061,0.48490948186529165,0.26305457416965145,0.9222266333018715,0.3130068676142385,0.6920618956088953,0.7814664193354357,0.3942325122301821,0.9306428752145717,0.25815052588340187,2
0.9893935748854824,0.8744784685318633,0.35746187417196856,0.08612450866416244,0.631714812019761,0.9682025759935268,0.7519227374282799,0.1153600458913983,0.24187243784976717,0.8362551041864641,3
1.0851162707852333,0.19172225643316448,0.5029274848859038,-0.07994220665721807,0.8463122628234145,0.37101000555876207,0.847620704046693,0.5210367855798618,0.18454097144077647,0.5516005924727829,2
0.445395292182512,0.21723208981802491,0.028413301189300216,1.0127868381670224,0.5087697895563807,0.26960805352304823,0.3388872489529647,0.5592230231948865,0.10983106879641208,0.7768106977757799,0
0.5817488374679454,0.12027145620985773,0.19316402893546147,0.9555372606104457,0.5867676746827796,0.6833935644821643,0.9497673267263329,0.9544034070050561,0.4081779260816447,0.8133337105262377,1
-0.1064453979566298,0.897127910821375,-0.06553380208915571,0.660300053622118,0.8816415069854494,-0.07201917269885205,1.1267487661163211,0.8080805446943935,0.8498531536009962,-0.3412211054702868,0
0.11763357312793678,0.6467735665333412,0.4511664899195203,0.07222857148329499,0.9910601388136184,0.6844852530465206,0.4194776123509327,0.5441577110205634,0.43217612248509363,0.13910221656142174,3
0.028615608336844695,0.2280607463279041,0.7048242178367266,0.026977647288595648,0.03970770215933177,0.2880279273687665,0.12965299795101326,0.8701391872974858,0.46408580054639675,0.29746952280731753,1
1.0820991998146887,0.14168744600671537,0.47023190397938575,0.09094122050588126,0.02191656334255876,0.03821225019980916,0.46476417401322756,0.8205583488654083,-0.08026304223218046,0.6343361333640063,1
0.05529072978073709,0.17493363307778348,0.22624186669123608,0.6865600614862419,0.5652071778876159,0.5076970813728118,0.5749267679983847,0.34259252016205693,0.9426463753089634,0.813958463318306,0
0.694791610423969,-0.13029238519364653,0.033682323264521585,0.6953386237831644,0.4181735299995898,0.477302471546161,0.7001377361935865,0.7332079134583174,0.06148206673716827,0.6703686179297288,1
0.9566996413081817,0.65292886712074,0.7192922890138349,0.08795458096182568,0.5158613708752202,0.583405262331896,0.4185264629178165,0.2392588630924749,0.8178482803168277,1.0373624957472964,3
0.0317357612744195,0.2525252554309538,0.706420678981509,0.0226285051646729,0.055297667270298646,0.2644354735351818,0.1354755001429644,0.858036935572939,0.4662641557121846,0.30843240218519685,1
0.2954348023473302,0.4248718926277265,1.025287394467013,0.588966518309763,0.403026057050254,0.735664531801545,0.16618275551259568,0.6661955846136071,0.9455888155831802,0.43524043039926463,1
0.3710653345124314,0.7785746415857178,0.3279539540920181,0.15222006869197577,0.7971335434037611,0.7214932482936833,0.42122422141009547,0.38042076067202707,0.31874002606421337,0.1890215123859977,3
0.36786718005186353,0.2223242178987148,0.5365345026644114,0.8374053810141899,0.5053564017136164,0.6556952218131465,0.2803794157754713,0.2891498236989399,0.43406269289079286,0.8168512738684192,2
1.0206329976558848,-0.05851167124431195,0.5251113846508626,0.525571183326874,0.7806963181125387,0.15945145927865945,-0.024741526687477644,0.4064085858514484,0.22572784588967423,0.8928405793154477,2
0.4043072979123625,0.5066862206406955,1.1335694132855814,0.5208460049179361,0.1938664476358218,0.8010794266962388,0.1772639674654946,0.4552475359531899,0.8489212550320698,0.59528395702575,1
0.6650453046538168,0.8186930365186417,0.7629429312969545,0.3801818837338493,0.5949856832915164,0.6961579596380034,0.8069447504255937,0.11381470976287844,0.10937157366914188,0.28929263177888537,3
1.0454893474288367,0.4830156972087388,-0.28892419523434365,1.4671251978713689,0.13726749225810098,-0.6727546094842085,-0.10844171722645779,0.9163361199788433,-1.3113790150055893,0.22238874613434279,1
0.03907504708412464,0.23953877671248033,0.7036976684308891,0.013487305335673463,0.05186742975131533,0.2747119345774111,0.12887458210126165,0.8703548496304924,0.47014503629821675,0.3019094718743358,1
0.6253745826234416,0.7225795949686887,0.7311725092570045,0.4646654622452334,0.7255346779236066,0.5769036297487631,0.9368461665151848,0.11024005810669062,0.17245574375774664,0.2531965414843612,3
0.5521874581495813,0.08007427137828493,0.0701626798546996,1.1268131769778789,-0.09432312545419919,1.0013567467441125,0.8983076112918715,0.06471736076495221,0.8958494281503354,0.6929785960425103,2
0.040039869200038075,0.7924007176910459,0.2046739382382152,0.520320837987217,0.5853138475986458,0.9191354828582589,1.0008156134131894,-0.004196505703149694,0.7461377436907645,0.60307513392395,2
0.09647004808254667,0.4886270329056869,0.6047164687864891,1.146602383450396,-0.3090956962864798,-0.07423178628423938,0.829314355416692,0.5535110004654609,0.8248128116709853,-0.2823679674555924,2
0.03597581652875485,0.1490607075202592,0.37699309108706364,0.7086434946017139,0.43745158284792196,0.8220497445359637,0.8015869071303382,0.40028370615180536,0.6682486919467624,0.4482918319486331,1
0.024518111012801033,0.31946889310363824,0.4295966082356876,0.5723742719424235,0.356200887215131,0.7898731586154911,0.9275236889396753,0.3363108226320723,0.6001672933095386,0.5455596442903008,1
0.8348320889816658,0.6056280831629439,0.6860700901778182,0.23907209811967703,0.1314351601821818,0.7804291101017399,0.9761569753760163,0.6610792158919767,0.387374103798017,0.738325135041155,1
1.388769163277288,-0.23277097397323337,0.38758861344536,0.9164103799347372,0.8098673448932665,0.3252481229041271,0.3802019837768122,-0.03340717851236574,0.3172653715603682,0.6122836008269371,2
0.6515827475073981,0.7615936529945629,0.4080019399664587,0.4875486125174673,0.18372201210388972,0.978861095209225,0.29666931428305915,0.17757236309541988,0.062544461192817,0.7656298280951709,3
0.6721427542700646,0.8804904781538734,-0.3365029970699769,0.5517987612605226,0.1441936877981412,0.2893583561571759,1.250321328042665,0.44881296577203483,1.2540098729710576,0.17315719438826346,2
0.45509751572048107,0.6606908147682684,0.6090211689855376,0.6313765678768619,0.16607664712850762,1.1319717523438297,0.22710849960881851,0.4492607392493005,0.06917601528877321,0.5062840435622848,3
0.5267237781454185,0.3414129477943015,0.6901326845168608,0.8171271324689279,0.7773163048278127,1.071077244310048,0.3647452773569673,0.5764802738558832,0.6235676751340201,0.22793739257654866,1
0.13697016014450722,1.1226214556996674,0.2844548959376585,0.4908309160943842,0.5781201484647776,0.8526241636752727,0.9712118499724213,0.3532838084822285,0.7799629659970873,0.7656315033201161,1
0.6845421608010431,0.7459924169952294,0.8208798191225068,0.4157486682901301,0.7229983886442534,0.6903929855706832,0.8234817820315598,0.10204815751768442,0.25624662575637747,0.38897327611700294,3
0.4148593078292996,0.6339538652768163,0.7652034167838415,0.5206274028966551,0.5621366869560667,0.7155144688308808,0.3721446298714549,0.17330756064906055,0.7936357535284125,0.2291446322994238,1
0.49168321871269177,0.04307830390880874,0.12088044827377739,0.8623513275107744,0.5480453031227362,0.7052875845758304,0.9048324657074407,0.9885984645325187,0.33451071241142033,0.8549987054188771,1
0.4928469388862133,0.06986181645243912,0.1924858607259145,0.8284525214611632,0.5980797659839735,0.6539147240023411,0.9054781430434552,0.9853588651791789,0.4092497157609821,0.8116916113809708,1
0.30136188992987356,0.6510448882135406,0.9012497428014478,0.05890075467007041,0.5976141645776417,0.3728441211240858,0.41711852746476313,0.8537922569493707,0.2435050642010546,0.9408179321139828,0
0.941677167104039,0.5347723272538086,0.2860157090772998,0.8534961308282007,0.3295730523613984,0.7277010834560688,0.857461556929491,0.473426358389681,0.9500031798610985,0.29120838152390816,2
0.8082369961899992,0.8111016192824975,0.6975048104554605,0.14841455917629548,0.4268073646533807,1.0861813146795267,1.1398614636040736,0.37113660951386307,0.13882733643806872,1.1360890700818334,1
0.9560278854698567,0.5361014285172205,0.2697888882852069,0.8699925517002995,0.3276847252626754,0.7180851185072465,0.861739550338077,0.4535916152910614,0.953418219388321,0.28034031763986106,2
0.3838982024255105,0.3450732074040052,0.24792943087744188,1.0611163014089187,0.004312543526077434,0.6134688084243267,0.404115070919579,0.5376874596639915,0.7829142484781274,0.19278086681537535,2
0.5038115880710589,0.8274400339403675,0.29900890691113174,0.5181238934020487,0.8069519325477539,0.17369446926196813,0.026438803341102837,0.21536221562572866,0.5272957204526588,0.9214968107623758,1
0.5738776410854873,1.0074253383717107,0.20849107376714998,0.04072072060414576,0.7936063620986925,0.2057705978642488,0.16713299408586463,0.41566541790056216,0.5510040771808011,0.10504735339765735,2
0.45080363005111235,0.6395843919434833,-0.028296399994328286,-0.07673235398545825,1.129408766867859,-0.3366578245053717,0.3948824221837496,0.3649891430234666,0.5399271294624418,-0.1390081294319092,2
0.46764156881049934,0.9580845404840486,0.28180241741916945,0.2471553776449977,0.7299322450499327,0.029928703823580264,0.10946197565198063,0.33756449083697176,0.7325028184168222,-0.1197463224497331,2
-0.22666375309569808,0.1502336111021814,0.10946791529334635,-0.1129343151232916,0.2708679064953748,0.5236778782810946,0.4783663816278285,0.4433268120307641,1.0561149819229734,0.8604954246853601,2
0.3293996226575866,0.8622656395258008,0.974396802435795,0.6217383184163292,0.07201650864813203,0.23522280277434493,0.24587969447177355,0.813939644348041,0.09341099439029016,0.3181309274551258,2
0.7632219626917323,0.19215799616583315,0.3637145374758679,0.39155481787322105,0.7341757773313892,-0.05503803547753243,0.498176433225882,0.8671026716411965,0.5718264571976545,0.7006462412586516,1
0.8990039146142728,0.4842918390525496,0.17819972521093147,0.8217293805142442,0.21853257985181346,0.8062899592609096,0.8739061390078653,0.38074293159163813,0.9828539280170191,0.3473771292030379,2
0.7921650549110327,0.1368681610301674,0.3578867708058848,0.5386944223966618,0.3303891902217834,0.7640160444386308,0.8562136116244675,0.27335969533118626,0.5868254544587547,0.8425189417632934,2
0.17591767956184495,0.39985360969277645,0.0842000557982065,0.9169651398900627,0.01630554483391347,0.5293291896149973,0.2514882495967125,0.034669790879806976,1.1867458947412148,-0.03246892561248438,2
0.8983227270306714,0.5317366238661092,0.294551436866877,0.7229539386903979,0.7819986705790912,0.7251140146997301,0.6883831139110481,0.11852201480470295,0.7820077348911415,0.9407977903867323,3
0.5128966233374672,0.7176566351927389,0.21999366483994184,0.3150563945322449,1.3001020519940703,0.5876676915831689,0.3877180076001181,1.4457159140814968,0.8775797968581611,1.2918637661504204,1
0.05185352658345345,0.7610251142644858,0.29502028463390334,0.4991117974006997,0.9226216013407218,0.5772517174546509,0.9484249515140755,0.6871152402623779,0.6663749622992649,0.039149531275399614,3
0.5770097275714865,0.18855459877187555,0.29537166968790995,0.2793658631886981,0.576010102514008,0.05563704164585184,0.6504402536588713,0.8442355015030858,0.6162518983256349,0.5790203483011854,1
0.9106727558561707,0.4668827289206356,0.4331228244374869,0.5059939906660645,0.44293058200875457,0.2049483379680312,0.40768951107757173,0.5941211882547119,0.5512814668693418,0.6861714829429593,1
0.12985372260879174,0.5992548514608398,0.515748239133966,0.10243293057422787,0.9665106614076894,0.6781854222479484,0.4964267772122131,0.5580437991658664,0.4003934862226373,0.1016649646603501,3
0.7352965499463453,0.3216275662049155,0.24502935165837492,0.38959050456587263,0.758897064578632,0.1111801208380458,0.5475309119180923,0.7890600423950683,0.5281049489010947,0.7474809580688943,1
0.6374389951384758,0.43078516541622464,0.18037433538500647,0.75505939106072,0.9351384028320558,0.7829844475656401,0.1343820226489757,0.7338641847313061,0.7331504319826354,0.28724350373151036,2
0.9474365169603203,0.5319040579536434,0.27490848673606244,0.8571868135083263,0.32739746624673854,0.7195269549339208,0.8515864203132516,0.4666809351948635,0.9602864869503533,0.28357424764258643,2
0.02097831709844764,0.2330538441210638,0.6852619078681028,0.0047754637442195946,0.040150741907764145,0.27768295190608616,0.1369346011838774,0.8535961797356281,0.47205978316738423,0.2924465737532107,1
0.5643377788413435,0.32586729500341494,0.26733119170984787,0.9801295973907003,0.2059179102633121,0.3804493964673912,0.45390489592819955,0.6516513907580261,0.6962232287628562,0.1887081976074073,2
0.8957942557968972,0.5249431289894925,0.2831181270484028,0.7482457489596132,0.7558486796148104,0.7746539280569871,0.7197406225315455,0.11248463983512037,0.7796590094599145,0.9607530944182935,3
0.5126206293467706,0.7637161604116885,0.2888624072870684,-0.10592171940476203,0.8249335992531801,0.029209942933341622,0.5801399680973762,0.6932682517638667,0.2727212416299142,-0.10195910598465216,2
0.5295218574373645,0.7863989758003788,0.36781814857391903,0.3107743856881137,0.6426620827265913,0.34017943431826797,0.08182489116100142,0.46448654457901156,-0.01950961625333874,0.2319317496905172,2
0.061561411178374,0.38669116448251895,0.4666386368424815,0.9393528529085848,0.33517160122245127,0.4814785259453924,0.6861286903672311,0.3297331355395907,0.5795629406924316,0.3402539979024181,1
-0.040449714097559555,0.2760754349371617,0.26836675021612255,0.6354974966141844,0.45409808388216455,0.7751264990903041,0.7464058619907139,0.47339610999956516,0.7625953371312443,0.5057122304710857,1
0.953364778629344,0.5829885116863244,0.7635262304111873,0.06265153184801597,0.5605989336084869,0.6124075345222406,0.3606420919874581,0.19916105352750116,0.8031868070936026,0.9715846567001124,3
0.22374758542267176,-0.18932295530852455,-0.3328506586471357,0.044251863028047456,1.141480276905243,0.5963579339381478,0.16290621944619144,0.7461092123139094,0.2784942821381658,0.8942421239986227,1
0.6313902193527293,0.9521202275810344,0.06423763073242236,0.05444128860651555,0.32664950110617264,0.2990764077564787,0.19616454075127293,0.44692223501462347,0.1437322758379391,0.9891573593407348,1
0.725503701360784,0.13402287802482873,0.3793420648690676,0.35632871550126477,0.34027106708003696,0.23272931020334509,0.13323863489092794,0.44905954164342,0.37069239287431427,0.6033528233823111,2
0.8273692364406895,0.6744676051667059,0.1918019218788938,0.8293371197874077,0.4487677756147779,0.9927813160683681,0.6526458533830242,0.0838327485858388,0.8168326813094912,0.23931195532591626,1
0.5337172308779105,0.8057958055705097,0.34145000378692814,0.5200415146604505,0.8093351183146178,0.14512731259188655,0.010984629461255542,0.24478670692075818,0.5120935610611719,0.9350351494398262,1
0.3605260631691492,0.8821473783462733,1.0160136567697382,0.6045683490604319,0.08953948155513208,0.22569068067364317,0.22602123781570846,0.7784007523524797,0.08557528084472099,0.33048571799466525,2
0.49536199793008595,0.591427982033649,0.34792847971015817,0.8187962018744596,-0.06965926589441826,0.45599131172890933,0.6782191434328098,0.08614770440692966,1.3844984647711653,0.5989913133831921,2
0.3268803981022545,0.8484543871108678,0.9843278444090982,0.5777406995330152,0.05848381166728741,0.256872210088113,0.24262116486667323,0.7598499573361787,0.11183555876288082,0.30032825356385334,2
0.707134646998519,1.0085970599997853,0.1915040516547897,0.665983766908741,0.800840454685408,0.28058551755012184,0.1214835581962864,0.04205641059409998,0.49333954754438014,0.7306520417783697,1
0.9600198183705931,0.5643889716467897,0.7988298980394557,0.2870650740563333,0.25780886720705104,1.0047234127873632,1.170759433387884,0.4963726157785725,0.4824502909547987,0.8900115979964868,1
0.6276198491439247,0.8104288445415578,0.2881721762950148,0.2663737153347265,0.7271832697176634,0.40058223663924364,0.09145049882962326,0.45490740310253297,0.0004310169070504341,0.2588273109572705,2
0.14753081015326958,0.9375401405821089,-0.9990687631130368,0.94070916507775,1.043808389613972,-0.30503670667641203,0.045754026602363496,-0.19048071990022664,-0.6137586668610734,0.5664290282912706,2
0.5749744382080884,0.8949392379311664,-0.07148192807363801,-0.009867492340476083,0.33512483974488805,0.33152064119900093,0.12250414521801137,0.5366739773838788,0.11498176867879653,0.9745570182308908,1
0.4563575635009401,0.6697126117385538,0.7327069916471223,0.5158966791524082,0.23682507670266345,0.580673326598202,0.18422157259007732,0.7450691489941821,0.5551360491032407,0.12317042028287312,0
0.2718852782770183,0.9651089356148661,0.1039141183030706,0.48246088680651983,0.6970980342502501,0.8182764934058708,0.8612019362855656,0.3016503878399019,0.7540582402742033,0.6665225155027235,2
0.09199018236389414,0.1408058724608214,0.3163960173885168,0.6049457963451319,0.5423850508240331,0.493591635436039,0.7014973067643977,0.4003424862812846,1.0163825941315776,0.740389746740858,0
0.003155901183232619,0.1639109323626923,0.3983337590163012,0.7649415844153397,0.5112735546875734,0.8744917762978212,0.8223546057504665,0.27797726622072094,0.6777165675240997,0.41767018798690936,1
0.5706770781845384,0.8588367584734818,0.1810864281020027,0.11463819107424351,0.7690381684329222,0.07593314603462717,0.256183134519882,0.4084590914557075,0.6090334077916766,0.002406237754470496,2
0.27935543844859506,0.3853001250405001,0.3451437309789964,-0.33067671725472625,0.8583550728253444,1.3103137601544035,0.668696417180493,1.1666150421161396,1.1337954524431209,0.7059733231399062,3
0.21445609566087528,0.9484381100660156,0.03507625169560864,0.4707827521765208,0.6389689614200712,0.7250973186465391,0.9622478993746928,0.2120662929419038,0.7111191881137676,0.74576970485667,2
0.0393000750772745,0.7331330983709172,0.3024173884298298,0.4081032130560643,0.5629074983055404,0.6891629018101032,0.927348849223958,0.6857995571886757,0.5837698933566429,0.9472995977979425,1
0.5173800911823051,0.45737649953683496,0.9580608440657516,0.7699712589114966,0.4927038608033322,0.82902167036216,0.4857132381183877,0.33113752214530723,0.6851775117371491,0.2794266353903832,1
0.9314828426953573,0.5595957537779799,0.7359931352940897,0.013635242556114487,0.6173138117919392,0.6348929886932938,0.34531283709599214,0.11965868192086204,0.8021496253611548,0.9556566263321048,3
0.07972539259167424,0.8451824955544677,0.4778863623426973,0.4977484037890727,0.556536252931423,0.63995235463725,0.9268400296421618,0.6390064002305522,0.385717635954951,0.8652652196391438,1
0.9563062393245172,0.5637537125971416,0.7702402558705135,0.07373524613660276,0.534832963789718,0.642679780232437,0.35718834458025356,0.20994913479253985,0.8310222434335507,0.9876014184734199,3
0.786402583964449,0.3015405576960006,0.6759777414656898,0.1857357351280488,0.7749557704720057,0.3039168220763923,0.28321103981567153,0.18763394337453826,0.07737524298956694,1.0224382549093156,2
0.38501855133892604,0.014206044765109782,0.6695553637998851,0.5006949510885804,0.5111199117755862,0.5567617724464954,0.8392200777657518,0.014354111293713265,1.2625682311578599,0.08798730033793117,2
-0.09332239188566552,0.32025856050500734,-0.06513931397932099,1.02941205103744,0.4064156172376285,0.47020520343636807,0.768356761144388,0.5951729827483823,0.5145868025752445,0.37623660954567073,0
0.5122458029190582,0.9816146091642655,-0.10525022567116521,-0.0047914098671495015,0.3533132044434118,0.2617051645931349,0.1171768738816108,0.38224567740522536,0.13558421051278774,0.879804873988408,1
0.0637172310605224,0.5107656983172808,0.4530613155085418,0.825318518684437,0.31359928502701956,0.13487540765815798,0.30675180829041615,-0.07231810713982462,1.1396103397373212,0.030078817111238942,2
0.9401315416453438,0.5788054738920498,0.7646102578650027,0.07339988855049319,0.5426133483790797,0.6253640232484192,0.37597720724726336,0.19118271861524594,0.8152137615527661,0.9703751333123117,3
0.056117926539318075,0.17711646395844027,0.3276856033651776,0.7188979017903115,0.47222337773486295,0.8393932297634691,0.8579938395848138,0.3600489960312133,0.6770837322900582,0.4793069468784304,1
0.10339165800618633,0.6422546895392498,0.12828989320075668,0.055253037375125894,0.22809809170897818,0.7987667538825656,0.733119936017,0.39238233211796586,1.177624670644806,0.7162151190941534,3
0.6788233672289302,0.47544012534223346,0.8479046963225884,0.6156448176403879,-0.05137046189284922,0.5065574429141539,0.09698609964098888,0.4780633887304394,0.24399172353666976,-0.4387877822099506,0
0.3360422346898378,-0.14595332122343946,0.4008529544332897,0.5794772523266507,0.5914594583862449,-0.18751028707478892,0.33873701482770274,0.8205773087443072,0.5153282161331261,0.9518617544895462,1
0.6098440331396383,0.3403922884654786,0.19452942150467856,0.19476680509068153,0.563050234599582,0.006918594109080894,0.6773073036068367,0.7299080728829167,0.5978169358873165,0.6907316007542039,1
0.9479809432235562,0.589043545367985,0.12484494999037532,0.7088890986998317,0.5804690180170979,0.8320315170451444,0.562260122432479,0.14324245713673023,0.9572032670195161,0.8801991191291091,3
0.8783411710769549,0.5560720838904659,0.1996662199380088,0.6951431852190167,0.35786302766178757,0.6379319840575394,0.8049247698229047,0.39309314900146397,0.8188594641551037,0.44635717607738634,2
0.8819547447207121,0.9337997369325972,0.28593542768086544,0.014996887414731014,0.7283052996269754,0.9661553680366776,0.7635831603902551,0.19844183844338173,0.156960685638471,0.9469463496327574,3
0.06631556808065747,0.12082478032303769,0.28622838024886327,0.6475645150687285,0.5366761181442903,0.6267374310767709,0.6702214129944289,0.36677244575848833,0.8900771846075881,0.7589277241271416,0
0.24430295070161556,1.083212296233912,0.08463118001288428,0.3505052521725981,0.5137287421177255,0.617761876906178,0.9880596020821947,0.37861664386133875,0.6307888036504073,0.8109564245354779,2
0.5647967835868487,0.9599316686744789,0.23847555840663398,0.17427531238550117,0.6416225614876058,0.06656150603496735,0.34814112190487145,0.41920386635663565,0.3871804464908282,-0.18249597645701957,2
0.4382036994543908,-0.2399091229964407,-0.3441824280139287,-0.3804457657287559,0.6929808097814065,0.2335699355855275,-0.0088674168702505,0.5795601578805157,-0.24345868099451523,-0.2976879824460628,2
0.8796977589930485,0.6866652315912587,0.12620990993695924,0.8015656749119081,0.38360834210964223,0.9624194953896998,0.7045163647175262,0.1707000035641903,0.8139483727727205,0.30822953917863,1
0.07532335271620076,0.8585765122184333,0.40235636427937144,0.4747901293794264,0.5342379059060919,0.7199367320434882,0.9384386376777922,0.573298609534059,0.4768555183826464,0.9362102682299722,1
0.5796589985388598,0.4505180835071963,0.3176171217550607,0.4380318300791275,0.8724723426928059,0.41136912716620244,0.6635191668743586,0.7883618299483336,0.37506244970933617,0.02816514329771073,2
-0.04549580612461317,0.06648515136609512,0.42583402777987783,0.6165330616830611,0.6268171416392139,1.03531821883766,0.9407565119423019,0.3791532960503603,0.503311486436788,0.39588724142848053,1
-0.023792598316279445,0.7478102230046807,0.9036024589497343,0.15645313236423952,0.5034431936064268,0.5600537679344517,0.29353154382119084,1.004736613086083,0.6742861836910864,0.7619039650710812,0
0.3611631164210272,0.1146439113916577,-0.0987172440001487,0.7325396837968385,0.29978044459068576,0.9105759393811785,0.4657986644781743,0.5315686219615896,-0.20510364465610065,1.1953471254140449,0
0.5675807381198752,0.9225867959384012,-0.012346033942988256,0.028928694217008465,0.42674481713996915,0.3187962003249652,0.1371803807025066,0.4489122540692936,0.1349165243170185,0.9169626531843322,1
0.9401933396248066,0.5843075939228511,0.7739696768814754,0.06706368629770405,0.5404869869112418,0.6262109429077626,0.37547137175664225,0.18606340827442255,0.8247663053288694,0.9779315429442045,3
0.740940206235913,0.10599584005373566,0.5197234840202842,0.4122413264371121,0.6482886332563885,-0.10593709771958132,0.42154646792269423,0.9071758609543203,0.5713364366368641,0.9160245091061907,1
0.3242167720872662,0.669437601957169,0.16704569109527545,-0.06982435701210539,0.1355243541326165,0.9080560270677263,0.7642616675619548,0.31419106927585033,1.0538710753798426,0.7414800682943966,3
0.9967095716339783,0.6064543458889439,0.31885050102568707,0.8933336449111776,0.4357165960102842,0.8102238791004507,0.7970469860032043,0.401056028299077,1.0121190183971989,0.19151848644799246,2
0.24042099823328134,0.8232307530288449,0.8344313047941736,0.10664859173880788,0.9321091155561587,0.3545966835711951,0.7007848318720605,0.7237500092248135,0.46241732710594363,0.7785554124045333,1
0.11675840276138895,0.12906446075119193,0.29693278651311245,0.7149801992758766,0.5122974499167556,0.5869336297420902,0.5748557319488985,0.44113531766687214,0.8866748127376591,0.7579875455775914,0
0.6086481606521796,0.35795355020927033,0.8451999339866322,0.47165741225847235,0.8165135242719015,0.6613147465848528,0.7263151122581006,0.4852815091241471,0.23129577831363118,0.11090555234802388,2
0.6060273065710496,0.9134457099255114,0.01064727918076758,0.0473355120842949,0.3853015855340287,0.3277834723748913,0.1284572387521064,0.4985182214845973,0.150764369156754,0.9317890817759131,1
0.5723640211900357,0.5117399332769693,1.0554620094228773,0.6783350578976788,0.26708887668003944,0.8077801529197376,0.6346462626419848,0.3860635430976416,0.8060633375711059,0.5032623206945215,1
0.9467178071233229,0.5870332919677653,0.7634636638986989,0.07358892216109919,0.5427013053105798,0.6201837212725207,0.38827095679363005,0.19169587067311916,0.8234999699772397,0.9760378756474646,3
0.13574123205858588,0.5050281806181548,0.27255659249539654,0.39308248425342374,-0.10215052834751415,0.13460208223457,0.6545580151378222,-0.12414736094769296,1.1268089671536268,0.45805414090257324,2
0.8795047628815116,0.5578696834800901,0.3084893768009461,0.7321968106152964,0.7831180267543107,0.7451507641576514,0.6815613149066162,0.105988227118751,0.7773130541528203,0.9231526489692172,3
0.3397163378571017,0.889989954461492,0.9859327942628501,0.5742495418497634,0.07059108158075311,0.22033487711703165,0.24278651229564419,0.7853646118739411,0.08804311567736985,0.2799767995294352,2
0.04068813005351873,0.10683713363266178,0.7836336776331513,0.2979014945121306,0.06890954335391859,0.26497276459403435,0.6275114199426807,0.41505814242051625,0.30790833725942407,0.4627310226874251,1
-0.5221967356527147,-0.9066654520360213,0.32372912969192624,0.3622270254738203,0.42721689425304754,1.0586850370450138,-0.3509024709242181,0.19806415110745051,0.26509837814888837,0.255857721674029,2
0.35885860631056266,0.3756506633851266,0.2889616992954304,1.0337348714477286,0.42322805853608525,0.5962102871413841,0.3779912944148115,0.42120533922504755,0.4521266011195875,0.04020499948036185,2
0.04690794496478476,0.7910705460952296,0.2930296456330715,0.5170627447655469,0.9099556918895787,0.5866324312132458,0.9192447556574496,0.6560179223779391,0.6357823186102248,0.07337028627143904,3
0.6006260998210196,0.19428357058832338,0.3101242825758395,0.4630641585970497,0.8229753883044191,-0.1728778889757522,0.7200705515994004,0.9390473160603969,0.6520293927778315,0.4191886047736854,1
0.6885293508288012,0.7541746479974455,0.12407074797591139,0.09247256448961809,0.8386829652032105,0.14422712599250848,0.37123153526030084,0.4048172900084414,0.5763573749733638,0.06725126438361045,2
0.642249638737762,0.8366490261233597,0.7457793728835691,0.7208538216479761,0.33728800941199016,0.4483953450153879,0.42362069324296897,0.4732997862537389,0.5288333526102729,0.13582352966427746,0
0.6673827354986132,0.8069080951380878,0.6832960062887082,0.6496080176981169,0.3155211582566824,1.1855513343946895,1.2766915767578837,0.7035850832987972,0.5991870380939368,0.8442545610559972,1
0.334115878544118,0.8803011926903997,0.9731565573917108,0.5983391318549517,0.06202451822370363,0.2264084710636978,0.2365991760965542,0.7694844787920907,0.09509259334374692,0.27863000095205964,2
0.789281524738018,0.41590380166391316,0.8816588008045938,0.7586190245861977,0.5395419711802638,0.6410244134039715,0.05789628336526354,0.6783711624931528,0.8869957702519088,0.3920061975923224,3
0.7498207736653395,0.8934652369846869,0.3056289314281925,0.09392835806771863,0.6645482229720847,0.4861036061916264,0.2200205244147281,0.3259133805624537,0.04845708054367423,0.3168841733132341,2
0.7729388162108559,1.0006358013964012,-0.4250602432764137,-0.026410943379576522,0.35580354934304004,0.34146449266708456,0.837659195214252,0.35680179907589665,1.30157858408019,1.2956215937072117,3
0.34096465788429675,0.9211187532032115,0.9602213931576185,0.6001966196284466,0.055967213471536145,0.21308697646235578,0.2532384992141538,0.7361247147754698,0.059455840407517904,0.29632108055845935,2
0.23212816979284043,-0.01781447527187977,0.08534057051965879,-0.04045743279871966,0.7965438399218703,0.3102848234746972,0.4509285894689449,0.48466656545681175,0.25137618291698643,0.20701643799197833,2
0.03097004499451693,0.23462406837718777,0.7002681843557196,0.016512326590825542,0.04324278590102028,0.2791938207927218,0.12996749588321319,0.867946291003546,0.4642204204614998,0.29517007385623584,1
0.1738811430072822,0.11854336529179182,-0.20952503469708406,0.34259061311841826,0.6412543396214038,-0.21436558375857104,1.195400231084824,0.7670788453285843,0.9352184154125994,1.0823554852572461,1
1.0204527644226056,0.595293647680989,0.7088756133852353,0.034992030410957393,0.5653003614709354,0.553247246574427,0.42995341375967955,0.11038077635562062,0.8142358285490335,0.920737121957314,3
0.48927650321136956,0.2724905697902467,0.696355471002396,0.8106482858470191,0.19771487159323653,0.4264460203401956,0.6110219000590937,0.1063255699348307,0.6587305159498238,0.37563870024518464,2
0.3290870593121033,-0.050605739279032474,0.1286916114970045,0.9577688227254808,0.559888626578585,0.7059677704780144,0.8136749950994784,0.8808052339407166,0.44848025932181157,0.9617046332448891,1
0.8493976472596132,0.7233096792836772,0.7789039251042841,0.09593878797898253,0.09152983575268468,0.7089745965998786,-0.19989743662786302,-0.1188092741987053,0.39092935714020083,0.36331806653000087,3
-0.0004574648856883745,1.0090018911285052,0.4776905313254176,0.5689685140164563,0.5340555743717912,0.7406179440359327,0.9683909554426405,0.5696538919686455,0.4211583641489358,1.0465060125005858,1
-0.7679763305510044,-1.0011989717927798,-0.014961345306657658,-0.4140255864171483,-0.3135135582476787,1.0360141122013422,0.14017141083371648,1.5456010947624912,0.38818284159445354,0.4520187960917378,2
0.7173088485114253,0.14687732505665949,0.8168487304638933,0.13297727236226609,0.44068095976600236,0.3810903712465926,0.7815874792335993,0.5437056362167907,-0.1978377425736711,0.31511447401469994,2
0.5987895708443663,0.8577915794770918,0.15630775574685501,0.10961275936552758,0.7751569022283349,0.07071182901551427,0.26155724107409367,0.3846012582854459,0.5870695341143153,-0.008098488518156845,2
-0.04851494722349903,0.9897798767351722,0.6035124342745463,0.573009166173045,0.5263842316505289,0.9131457647556034,1.060008204517013,0.4904406162702587,0.3759620017428098,0.8826484269799564,1
0.9605352988796796,0.8121036716841455,0.020455873411443323,0.732200207804563,0.27762333682592355,0.9234609771551582,0.7021847283754951,0.2731288532841856,0.7063053104455824,0.21397558762238436,1
0.08100419807153626,0.7800120576865556,0.45643545124449214,0.38697501678965623,0.5657865492754572,0.8104341475857052,0.9922674651057085,0.6057225120880405,0.5569088975645489,0.9196325470359967,1
0.6156040822821408,0.6458676035630684,0.7310122037936885,0.38798254443724184,0.6215299423065025,0.6723375203486924,0.857530475831045,0.11833813305637939,0.14131915786874688,0.2902944931019625,3
0.6704277655836316,-0.19275363191919537,0.7731387423768604,0.3924378897699109,0.195330100159255,0.22826110342004025,0.46227849404852767,0.373043065012528,0.26333569978246235,0.6627158023403372,2
0.0501068212814835,0.23361611518677128,0.7200180496437093,0.025531843060031256,0.05348331491985766,0.26345730038573956,0.1333745204082987,0.8638429639559979,0.47347784637806895,0.2933493269728757,1
0.7363298783094747,0.9365278064863002,-0.03191039821446368,0.15588868010082368,0.31772656724930215,0.36004630168412965,0.2263032572541101,0.6073511315632565,0.16390697575208693,1.02617484826216,1
0.650899292008061,0.2084086999912793,0.22167939892694138,0.1985060535612897,0.6358829337350892,-0.00014408754264140164,0.6051413489893649,0.8167761656234512,0.6342149320341237,0.6558111036558818,1
-0.30175871877579746,-0.5749546918689931,-0.4604909661372384,-0.04343649649231221,0.6847283597775314,0.8311993123680652,0.2901636076974984,0.9949662163205356,-0.09559666000753586,0.3359916610580458,2
0.7450856437140423,0.5876159518759203,1.1729119815065143,-0.07004639412810154,0.22019564276140718,1.1018956689211497,0.4074227640202437,0.8664241711053217,0.7978719665030736,1.069350893976462,3
0.5251085282861716,0.8816122761013048,0.15810326477035974,0.08522336023397534,0.8819809745699788,-0.02079573496220717,0.15434157493458667,0.48958716752721027,0.48101647204818215,-0.018018071060675874,2
-0.7492010305043497,0.1291235923263196,0.3232893864309865,-0.1542125924955717,0.035584338691046935,-0.5412180682176277,0.642875728104606,-0.19917732851327252,0.6450723707763497,-0.6762576560150112,2
0.7985570834371547,0.6098357214525301,0.2736618436432987,0.7689933192889707,0.7831653872830132,0.7181429522611564,0.6725009350795416,0.11569992374429879,0.8152762009032304,0.9062626120156972,3
0.02590363779178051,0.7005979204928547,0.12372381275545463,0.30947057555425483,1.0947282962798959,-0.3743742178304177,0.8359679540636338,0.8089512152393254,-0.5047992825572012,0.9320699918507329,0
0.7407316076435988,0.2329571281124024,0.20605510147683093,0.3575889181435842,0.5455650456529215,0.000141827488573585,0.56718971454114,0.7340810586261668,0.5666581335431091,0.5472097550657924,1
0.30019407982084023,0.6404139860048976,1.1333322711915075,0.06657565419416107,0.6140909023811564,0.2119705330630182,0.20134671296146886,1.0751833849899262,0.3143214503269612,1.0745994156013794,0
0.6770698599491689,0.9588210119725104,0.006168232816901,0.12644131128786845,0.4338538340369865,0.21106395316926835,0.026580339979041176,0.40392856662731796,0.147281083852011,0.82067526670651,1
0.7672793709519518,0.33005985621463574,0.6719026316292079,0.6628786841707435,0.5334325959658537,0.24172194159755017,0.2064875671977004,0.5558717841959925,0.233141282094621,0.5010051671622016,2
0.879735391219558,0.5447632183600467,0.312731615727161,0.7229431010657703,0.7798848904363817,0.7444753416492274,0.6818625275586858,0.11496093916159311,0.7859789410099126,0.9354349327408834,3
0.8587239513051405,0.6314285423462509,0.15193418212824178,0.4488578104512342,0.2589889219564337,0.5411351219112545,-0.0047357963256189906,0.43719142184197973,0.17693245356004594,0.2651826423967958,2
0.5414588158072834,0.27670132644871137,0.2936126189609946,0.9741393211204012,0.17273625374781187,0.35718213625411555,0.4725132226037946,0.6138330434632536,0.70115803343901,0.21008183536441163,2
0.02332061385746243,0.2349768110737025,0.7035642102466821,0.021748560772431695,0.03246937195782777,0.27401712694700825,0.12911894302279517,0.8700670365513915,0.47347127851517434,0.29885598045200246,1
0.24312243458276955,0.07910724422640013,0.03799330965213161,0.07857441002574231,0.599874205067272,0.3307542471319224,0.4407676762720417,0.36235005218942157,0.13710807788848067,0.10135195007967274,2
0.9241460592939408,0.5991052387160425,0.3472085297836589,0.7342346536918388,0.8093153368651392,0.6962183546136023,0.6619615576591293,0.07503576770180875,0.7294004601473895,0.8908612242887437,3
0.9421208277422043,0.582807140326351,0.7599443597896457,0.07511796501337455,0.5400911764788896,0.6218295059686071,0.37497188960700256,0.1867297216400808,0.8171985392713565,0.9750107916756103,3
0.6112504813889059,0.7594344003528949,0.24411471386106023,0.19096265135691026,0.7624421039656245,0.37338098963400607,0.11170036007084945,0.37605776798045926,0.10755250752228801,0.3026486823752674,2
0.19334233666107042,0.4396742729370706,0.8989041930326908,0.5094780225256721,0.2757216448973615,0.6584286479945957,0.1934660955444724,0.5265852688018424,0.8206778055467963,0.3255771566425155,1
0.33053468233722627,0.8554057340624807,0.9940589469521786,0.6187609932530778,0.018303647524530182,0.22263146971426812,0.2170035034016318,0.766075081852441,0.10270205319583954,0.28523286924444763,2
0.17069628620798927,0.7393370819759068,0.7574881911006499,0.5773372107293684,-0.015228446084352254,0.404975191839528,0.06764408889138418,0.5149734088394672,0.7352208419434914,-0.14846892408374152,0
0.5563982364674875,0.02636871525498559,0.09797229161242504,0.756607320241186,0.565216220229093,0.8521432854148001,0.9207564352779551,0.959062300012008,0.3030885190653497,1.0011718216448633,1
0.29014102292529587,0.28589794145088554,0.07059488161712585,0.8227612128324641,-0.0009853290782982325,0.6130489155071498,0.5945353565391777,0.832545313268366,0.5796320198917913,-0.07571886031998702,0
0.5725898179745638,0.6806706342193177,0.35563473209168583,0.5676240155253571,0.07128420997837459,0.9312254469241444,0.21202253282312225,0.3605896978306229,0.08304761000553797,0.7371359352666537,3
0.5628783354835272,0.25675585396693695,0.301076443993861,0.9589711945457321,0.07923009481371378,0.4372334218873313,0.4457021705664923,0.5512163544480033,0.6271585590744558,0.09492858970996605,2
0.01263755153926096,0.25023715576118305,0.3382300204496526,0.636603004928307,0.48102544007597314,0.7113806924884896,0.9946942058047106,0.23855203640512168,0.8084255930052893,0.5808711037130627,1
0.7035242733448257,0.33250639390913195,0.8328463732819903,0.7330074922502198,0.5589025446212635,0.5461147071103585,0.130628131530444,0.6735935437097534,0.8948295719980883,0.40499935872228693,3
0.8295276160474749,0.12596475619282996,0.6421831750183871,1.0422014775628068,0.5922335576151522,0.4254490308987499,0.6213365836576632,0.5148340648431569,-0.07614737375320324,0.5613294418814202,2
0.1134430509118495,0.8152105452368197,0.3508026410775473,0.4465226308225322,0.9889462881098758,0.6081410079216716,0.9531347124736845,0.7138282846377717,0.5726554568645001,0.044930606894489314,3
0.8976213440563369,0.5720337481071107,0.3208209636105245,0.7349809743256277,0.7735536751112156,0.749699109991361,0.6810457063348424,0.09392551015144784,0.7993192959242889,0.9077940398742256,3
0.7755490248340903,0.8368544309895893,0.7895009006671884,0.32525262143195094,0.616293575403581,0.6157787194361489,0.9823871703894452,-0.06135117639521992,0.16398752782771514,0.36408933641543395,3
0.7745268418950493,0.8922050814124634,0.09660427629207571,0.8849367272163972,0.7007298324750362,0.9722786663260145,0.6198046967174051,0.5350422270270995,0.03635597187586011,0.288731597074332,1
0.4057707047208926,-0.004985493773625116,0.2817115709014429,0.48689369982666464,0.3619203902474569,0.28054150581684417,0.7429617784033216,0.8038770157940858,0.6754555555890164,0.5933426267038778,1
0.46631899779999353,0.2614418547146419,0.1379004533867888,0.34219037842276095,0.17806016193723445,0.24765465322768332,0.3808319264597958,0.1550123219966043,0.9247252442738584,0.9847118953762397,2
0.9502528775798313,0.5550095056611598,0.751553471071584,0.0770627127277612,0.5649310318567247,0.6199675772676775,0.3578161521854844,0.1950269242352221,0.8273025979704561,0.9803112423049877,3
-0.08534379336208742,0.12723104671113727,0.4051771164395232,0.5205260967909617,0.4920898097798634,0.6546680022552854,0.4766407886137468,0.3714207662301273,0.8724507946687214,0.7031866919610945,0
0.7811403986444909,0.2821809022666419,0.5478266648631889,0.443939081186108,0.43896210101166894,0.29764585566108104,-0.06037088435555227,0.26564934925281936,0.32454548540489025,0.6399587783192832,2
0.5990402168338074,0.7941243348379615,0.29265078737068007,0.10072850942967099,0.9007381797165589,0.03303509036442501,0.3518733050894984,0.2405820015873903,0.4420812016895925,0.0628733193241427,2
0.252398697836674,0.4939633824147665,0.9730352962270619,0.7398956607072247,0.5527397592743745,0.5623962074273287,0.194226121839732,0.5106215895981008,0.8017954532967089,0.41816236332659046,1
-0.1614810078428191,0.5678429049936133,0.4720872538378039,0.6989544346443674,0.7730440887533327,0.5043182079311946,1.2607503521437904,0.4269911575026377,0.27807983745713294,1.0219178239591706,1
0.5636406427549427,0.1459431069831525,0.9872981012593157,0.5200639167295668,1.1880430668105355,0.5912694803796728,1.0601255921672725,1.0326044120273736,0.482591275435175,0.43636613010179814,0
0.038688370671540954,0.06133914686575174,0.6641527321875229,0.21891918715570735,0.12049090464431732,0.2119722908058741,0.6324856127329241,0.4088000021284336,0.3948392880402257,0.46086429336338763,1
0.5989050507797794,0.36848865836870315,0.668039707358929,0.2272559804936125,0.6500335264492119,0.5718222460143546,0.7530597736378741,0.30643025978165056,0.09057872003424355,0.25219216327111943,2
0.6709910738865785,0.5531904787436648,0.8092607932975895,0.3116734929823627,0.21925299706959692,0.74746254047936,1.1520295040381985,0.7976702349856423,0.44992006849628985,0.9263335328320517,1
-0.049785368717165296,0.09429829663163794,0.8824024372847983,0.3813836621744262,0.13719368880878968,0.34535414160376426,0.5446306051741899,0.39711386660662507,0.2871718436750901,0.40962016359860487,1
0.12641421375922762,0.7011575284042753,0.06172768037324209,0.06791053411738546,0.08115887922685162,0.7506067445727094,0.6986709457443856,0.1561975806640309,0.972388875887302,0.9357532675297896,3
0.5897179362740045,0.8851587396543829,0.1740498579094244,0.10069905817887229,0.7622252110252715,0.04489862815597173,0.23536250205988027,0.3587632078453938,0.5594931247620686,0.031779087790874606,2
0.5203302521637031,0.9153401684533242,0.07548937893034818,0.1561716388021135,0.8926284627775041,0.17131126103707728,0.22469028401553975,0.26920355784389943,0.6844686865208565,-0.1515947570054552,2
1.0291767022559684,0.16413591724428409,0.3608671376222493,0.09269852302131769,0.0056280330714623536,-0.025878159985107285,0.5253846538512903,0.7632418506214239,-0.005497730152784725,0.6016191574578391,1
0.9337388296404437,0.5638676144151417,0.7990237315147075,0.1172579166587393,0.5120964166620363,0.5978336301698565,0.3312370154921052,0.2022094645065688,0.7832269992572455,1.02007736415414,3
0.06653161517423392,0.11672882124099336,0.7538567878374779,0.30479502211541215,0.101032675183231,0.2517876338656166,0.6720336773115729,0.36752792041289006,0.34683655178964506,0.4641196544675833,1
0.5747757343833587,0.8582504857535372,0.16669879888646733,0.1233417707233762,0.7749128860309706,0.039267079080800585,0.24817691666876082,0.36383296521425956,0.5982715422902207,0.007307577309586628,2
0.3415151405840529,0.3980286390655658,0.3539312887796342,0.7110801534894075,0.18308452993220328,0.3839972202257203,0.5024417500428824,0.09327345681207212,0.9489553842388107,0.17748033688452233,2
0.5411706300325168,0.37691044600951507,0.8909886569561247,0.7154056770959233,0.5053900021957054,0.8312609704968502,0.48449609846340475,0.30597323652395086,0.697413882799808,0.25232036687467496,1
0.8041850855339128,0.26633192565251396,0.5168700551246873,0.7804234706260644,0.6253344950335521,0.5381002438589036,0.6762303353896194,0.2770324178120902,-0.047131945372926365,0.6258690729969952,2
0.7411123200745798,1.0663053942594254,0.15337574792402256,0.08408504349518756,0.9779060014174817,-0.017158722627011014,0.04710382111282144,0.4208497582588,0.46774839546265345,0.11026653445714242,2
0.12472223639280862,0.08166625826035256,0.8034637828543851,0.38540992260834045,0.13462656057829495,0.2535722740307368,0.5930985443894302,0.4072887970353086,0.3562002554356686,0.4507872232219375,1
0.8782512938596241,0.5218941725700623,0.28518746425026115,0.7314580715105293,0.8132053790911322,0.7229014997029211,0.6928302602808607,0.10984615538501571,0.807970342654628,0.9058855331836431,3
0.6466718081558648,0.860761911633629,0.028370025927734636,0.10224729404115875,0.3730119588722594,0.337107160721997,0.17104917225171812,0.5374945468381407,0.16554294516001358,0.9263871856056676,1
0.4211589378346577,0.10329222605653532,0.41015337095037135,1.006062033027269,0.7692242108023034,0.9778663079379755,0.6240615329445252,0.9533460322423286,0.05812372742936783,1.0470634030890689,1
0.388010265008373,0.4619191776129177,1.0465106428373008,0.6311652368935341,0.46563092554828883,0.7501876359617279,0.24952705375095655,0.7361218339127733,0.9064001405606686,0.433481564093678,1
-0.019331216074901625,0.1288264520789012,0.3327640175400237,0.7109478690176374,0.5151423745710977,0.9057852863355751,0.9185229406471074,0.35264950687392244,0.6424871561722647,0.5450878689605289,1
1.1421169155516449,0.8035503699601251,0.12109736865017123,1.1446161928608893,-0.1404800629548555,0.13284272846711725,0.7577947074697639,0.48290793579854263,0.6932491560621256,0.5324836791113639,2
0.14657589104969437,0.6440614741298492,0.9161748189454025,0.42550399374812603,0.32133317924862476,0.06204235524194612,-0.4990967712845328,0.6772832117230134,1.2128174200555675,-0.096328647283981,0
0.3134344339545858,0.8049793165364607,-0.06196980206955127,0.6332502575897102,0.6107560093131351,0.6421540817530496,1.1262877372655158,0.3943193622034883,0.8089336777734981,0.5431190245748386,2
0.05975232397973207,0.9022101706400003,-0.21547313014394298,0.25116201405282657,0.7282647452105312,0.8024700203722985,0.8967589497140589,-0.007230988187383575,0.4613172665092275,0.9169732541926716,2
0.808503423974282,0.36946457916245035,0.978445020688572,0.6881125536902877,0.4850856568346084,0.4975917192009037,-0.05600847025617811,0.7305475707812281,0.8554933431281478,0.3604082296726939,3
0.20671875106485885,0.4392193946953613,0.15567805703505888,0.9426132116267086,0.2036463374088582,0.6820840699925781,0.5161193013578708,0.48009964658057075,0.0971533714895178,0.9267219544694816,0
0.5193296668961803,0.8238870663607482,0.31574099357205215,0.5259263547235622,0.8012632725171471,0.15760090793529644,0.021500011991917718,0.22026550102502124,0.5349836968108397,0.9217896921922201,1
0.37711224339714966,0.7184537140271273,0.09464706191436806,0.008351714970976651,-0.02332083617926327,0.8697797648361139,0.6424367435289025,0.3155712554651162,0.8990011032800868,0.8611143571552857,3
0.8785717099884772,0.5519379652859915,0.3079431595971696,0.732842341419719,0.7814782253432335,0.745845603990406,0.6803349415448251,0.1076849705189166,0.771755854059602,0.9258458658499673,3
0.5709019220089047,0.2082908199117096,0.22307536218861057,0.3033904853313588,0.6538615179038203,0.09040167320668434,0.5621460432071702,0.8112067406275757,0.5959041151148288,0.6112615539324383,1
0.6463242990395133,0.1328087157548542,-0.15918523716957594,1.0329513200076366,0.22242995646961666,0.764479864080879,0.6304201277579536,0.5136415827429212,1.1274154935560268,0.2887069083415931,2
0.6389468680150061,0.7348482822550714,0.38125705363072343,0.48378070144849794,0.10533733376686993,1.0478399974228378,0.15104669204481447,0.31196015225824025,0.1025216686581954,0.6839363548919231,3
0.12986940383105333,0.8282810123560785,0.5018054427324763,0.48255512203539097,0.41804016519632214,0.762161865933709,0.8583612785738264,0.587273827414303,0.37249070943555423,0.8779490085053915,1
0.3172056988511368,0.8513677598729298,0.9599933958527843,0.6098041977024053,0.06434860373039976,0.23222545481537757,0.2292380176823019,0.7663564207518799,0.08337820756900914,0.2986092306805484,2
-0.07465037837927285,-0.09504179974414212,0.1593190633728428,0.5859733796899685,0.439364810766816,0.9019322044946471,0.8983269139976204,0.27735406793948014,0.9070536066068942,0.7312467339265655,1
0.5753310846005423,0.8926289053933262,0.025280978720372025,0.08809638575170049,0.36707867576212855,0.34296960383328434,0.14717607391795964,0.46798256698933016,0.12765891972446264,0.919640431943809,1
0.6237895933828287,0.39154535192396206,1.0393381514348659,0.9070055662012516,0.5835373565329712,1.0268735681958285,0.4970207231286917,0.36761506481146083,0.7875506020471081,0.2548938269606051,1
0.39918236643816535,0.878186261588244,-0.12457022776601326,0.2795988248866183,0.6612710651226852,0.875434780294303,0.8726134600806238,0.3817993527692297,0.9210567777832387,0.7822825185121177,2
0.34285431226828306,0.8496745433180686,0.9945157348919494,0.575580435938313,0.049629662971523436,0.24743260348378993,0.25190344030279227,0.7624789682213049,0.09115668673070004,0.2914970730318917,2
0.20011055952978174,0.4027745573565626,0.4663916612004895,0.9864215247224775,0.4769377782660144,0.33537366282316394,0.5077603938533259,0.7187655721754289,0.48999537231472307,0.037286147571243405,0
0.5832234712174069,0.867917676972826,0.00484014506647365,0.41222586838268477,0.9061952657330774,-0.06852306750708322,0.2894430016364102,0.26609657374818774,0.3514811511412706,-0.28122249604556016,2
0.5969582969327507,0.474450911759495,0.9024312713082889,0.42673836438681606,0.5348737140822672,0.7808230129502831,0.8418369768388811,0.2567068064348853,-0.08492341224368544,0.45170847941123904,2
0.047450995340682145,0.40520080663264674,0.2875486805885445,0.07488947842365082,0.422801975955932,0.29695693742157664,0.1145189654510125,0.2655276492897288,0.9113282823944309,0.7514907328229913,2
0.18643102267693615,0.9133142900435238,0.07092020431058149,0.3975231682576485,0.6305518502175139,0.7139963685190576,0.9418693359733962,0.29152397733283497,0.6673450629646477,0.7100199436294116,2
0.02505433615857807,0.866424595618059,0.4999975156892697,0.31791763485875196,0.6463584103587982,0.8094788872737346,1.12019509092683,0.6367034647528083,0.5577324035270937,1.0738077102423342,1
0.23715802366680006,0.9132242399012286,0.054567395006953096,0.46226177516458467,0.641146771783691,0.7478897675118974,0.9546717963594982,0.22664121232971612,0.7304090526965764,0.7474979645713213,2
0.6555854648291092,0.6919302810577821,0.758228720873847,0.45091421250484326,0.6246266620799311,0.663139251690108,0.8551096603496896,0.08019225586812949,0.19718150561354553,0.32326205833506744,3
0.9528667918703739,0.3588655248126585,0.1942617224115889,0.5411531656865433,0.17862291435784755,0.5053252301593407,0.4701875897042309,0.9217498969170244,0.9560672754816661,0.5223127147083391,2
0.5126607022649351,0.2600693839355075,0.46983923870909416,0.8796345391557894,0.34989077425667614,0.3983231317674757,0.38249929084720097,0.06974128739308477,0.8944135411349993,-0.023531277997074662,2
-0.03996219438793869,0.3895908956639207,0.5625924559685416,-0.13500301982449545,1.1938295822465377,0.8056065708878896,0.40122398297558026,0.6146997561396056,0.1817906827074423,-0.09658081060446846,3
0.9220355853643235,0.6666222581811357,0.1563498222197037,0.779754543229894,0.41174986571253674,0.9828760523827249,0.7588319316698886,0.1885186587924937,0.8535028497354703,0.37503494526350195,1
0.04794616908178989,0.21655931542878806,0.6961424985538548,0.02769397744388582,0.044456576311385956,0.27461827467076105,0.14105610845158345,0.8887733399386037,0.45230479353815295,0.2903995386199722,1
0.2840088345103444,0.6452044466479335,0.899917432456641,0.09168594071810464,0.605647786641971,0.38339871283517823,0.4393972448759619,0.8240285864507982,0.2559185460776003,0.9584640163163107,0
0.6683659949107363,0.3359258278787525,0.20605734496632405,0.8884824629543608,0.474017301969062,0.9785980493225737,0.6583066021720043,1.2159644123159876,0.22596054690040782,0.8537146789397825,1
0.8601600884721605,0.7457081652044006,0.615548570223883,0.6004299847147514,0.6352574131692681,0.9499418440569676,0.6252481309256175,0.24294977163604028,0.3248367296246085,0.6001235930188984,3
1.3908799700827266,-0.2736483453012458,0.8634591185333147,0.5459864129409251,-0.15299110533571406,-0.36697750405281787,0.04771525908027985,0.30318590553404373,-0.13443806383541074,0.5019739872531437,1
0.4858977573507476,0.2280268766106353,0.12268430484879884,0.2008750268846136,0.7479249880013961,0.1177313462410285,0.5365398532308445,0.8022062985939435,0.5774295090074903,0.5668089448186161,1
0.12029280967642375,0.3550865324658924,0.5717603658114864,0.42430062943317276,-0.11038766166775937,0.5008224901251412,0.5279187378037813,0.07915899496080407,1.2265579485080504,0.2853333346154174,2
-0.04912985069674636,0.3115933479524609,0.7713127740069676,1.093182196559737,0.5977490736188231,-0.010035428307032301,0.6419266226321456,0.5380737263073352,1.143689992207003,0.10945837364397548,2
0.2345130757452925,0.3657937278776857,0.9467904003339929,0.5944569892790417,0.38004422774468716,0.6717019170886265,0.2533637250461478,0.7157390937447201,0.889986074435752,0.34501565302195936,1
0.58662199292143,0.874877583440552,0.16170210119643913,0.1125058221192908,0.7802376795201312,0.054488714899834506,0.2562694059199042,0.3702367284975231,0.5827347711805905,0.007597853569201589,2
0.2233917332462252,0.9136860211431866,-0.024731328065383834,0.4127822272542226,0.6840033595592431,0.6704835143240567,1.0253346467801578,0.18793936809207817,0.7488907398088144,0.758615392915522,2
0.32084421288052495,1.0155936510715555,0.27526602460806815,-0.11347526299581143,0.9750868859939316,0.16157556265402898,0.06693774891721538,0.6629184125116704,0.8039264092492378,-0.0858169605147804,2
0.9456590360041969,0.5706180094326551,0.7538358473432839,0.07865460178961797,0.5343859424862275,0.6216133434875114,0.3777724628350342,0.1840670750168324,0.8244167096685154,0.9662211298162835,3
0.14461252271830977,0.12446274044852976,-0.10253984757848589,1.056039647160883,0.20294510442244587,0.42785042990394856,0.707512584517682,0.0790303196507508,0.6341938723308932,-0.011391444210478774,2
0.6958610364160144,0.19460085074416777,0.16899539833901306,0.28046198266459127,0.616039511763426,0.05599165219378461,0.5203926230664203,0.7016459916844254,0.6502298736737959,0.6197533478234761,1
0.6713783007449956,0.9120570530641148,-0.08304795347575683,0.9777137935779439,0.9022074863146812,1.0457430466337567,0.5252134208844704,0.51823461673152,-0.09306508230606217,0.37667327296313613,1
0.9356730666938363,0.5809308616021033,0.7650262566277884,0.08116637295252614,0.5461961102987299,0.6509333459180696,0.35143959812669573,0.20778793946970195,0.8406779285123327,0.9619938214873983,3
0.34450980747377424,0.8058648280522455,0.8461739953620506,0.19576754819998252,0.8269883736880486,0.5062721913418375,0.2193827417920945,0.8459487150465304,0.09956123111199217,0.754138269163348,0
0.3053353603714668,0.4442602980842447,0.9384022237353998,0.6555910506425994,0.40901749130662796,0.7708701612076181,0.18343658358352818,0.6568121529132651,0.9778541730532766,0.49235665550195534,1
0.2560161983840396,0.4753073892705693,0.9334208216530079,0.5370626799005558,0.3227178128665323,0.7367847557030344,0.09326034447076584,0.6780625675814027,0.9199589421825856,0.5114944215297843,1
0.7565326323397463,0.34971118691675984,0.4015560041740014,0.4064439134392666,0.26876064726534205,0.22463652035788412,0.012730603824627651,0.4438564655215027,0.3187015571987777,0.7507413891109956,2
-0.0009706650591474117,0.46512745578246834,0.45857331767981213,0.8166786009501694,0.37091234863280054,0.6142506144045762,0.4983224721407956,0.8902692349569371,0.2789539636247149,0.03559925203908912,0
0.3250537459413874,0.36452155194665187,1.0535360074363642,0.6099668993621647,0.38341735430763435,0.7679787195688453,0.13815932022962096,0.653974511450806,1.0076261772253645,0.37646979153594656,1
0.4966013068521326,0.04901447878040387,0.12372436533433216,0.9015478311785233,0.5431951989016387,0.7209686131320188,0.8676172553230376,0.97469745605096,0.3517287304423525,0.877443570039202,1
-0.9664116553397367,0.10171116218789736,0.5394747800960241,0.16001551344683884,0.27128923203403704,0.07934020680951137,-0.7381713935891779,1.5328500581883864,0.26332478244223084,0.8467554025169337,2
0.08622486794559281,0.8930454710444606,0.4231915201802072,0.5004623872474931,0.537547801822717,0.7374770675595416,0.9322496828169625,0.5435405348343705,0.5061144775961997,0.9093430028410512,1
0.08250755872342141,0.9031870945323495,0.052321095939979745,-0.0017140832596209132,0.44304531865029384,1.3581748080797507,0.6955289713153047,0.07200775954592586,-0.22036245747261757,0.8190492033260095,3
0.5388580790800948,0.3445316042050201,0.28467905162464163,0.2922856217758187,0.20951489054076405,0.539053306529322,0.040795900527418556,0.12366090562825238,0.3584371429306916,0.5914564120189046,2
0.17566869891369105,0.0011867344372173839,0.10257324537442943,0.03175009556351138,0.7187080923359984,0.26857874696525813,0.47743292479642707,0.45179961920467737,0.22021678928154795,0.18004191699041827,2
0.9724337452799526,0.10572111920680768,-0.20730148706167817,0.8620770546097946,1.0157425604360155,0.2878889576545214,1.0138818871428168,-0.2938951020212286,0.6792895967841499,0.328802651520706,0
-0.12812100349966105,1.061244416770996,-0.08114070272868901,0.865694297780904,0.49818552389628984,0.8152413315483948,-0.3164767743664732,-0.18554207025112285,0.4492921532372517,1.2549502359833329,3
0.08654286501458978,0.05037581490815497,0.7941203134466491,0.256832218446365,0.015788969024248874,0.2157833368295857,0.5761702128599417,0.4656253880741729,0.24608047989817824,0.4712883499834811,1
0.5079285300291269,0.864696250778471,1.1923227677703752,1.023215255627914,0.4337236610561468,0.13779721150271623,-0.29247374421877326,0.6122941418495773,0.08018345873667654,0.20058246019385298,0
0.8104058137241407,0.06553619918184311,0.22755377836281646,0.20508944165568563,0.4754800425603424,0.2169278491900317,0.5829105056715534,0.7854964667684868,0.544687981000568,0.7251854183292494,1
0.7864816715921472,0.3495076102356586,0.8692127548978297,0.7617202848006774,0.5012380932766869,0.6711420832265259,0.12217910015845755,0.6475931148471319,0.8047059578849246,0.4152011501149264,3
0.5891464196168934,0.8610503270850036,0.15497075217358466,0.12602425996241762,0.7574366986303401,0.08809234329475099,0.2545299644772338,0.3489912657621378,0.5675093956929165,-0.009530763012824742,2
0.6484406182084993,0.3533281588494292,0.7399766833554214,0.3787858629973625,0.6569215763283572,0.47858061201409186,0.6167687162498376,0.2758163272461629,0.04217166612805989,0.2951080447688313,2
0.2829828687840935,0.7718419826622693,0.4972864030673718,0.14083281889810095,0.966493844914635,0.5660116384515076,0.5261868577941089,0.3705872620293169,0.29201482832975223,0.3606356530899583,3
0.7344128236975762,-0.14344754983972652,-0.046932638997948375,0.0067012764792404155,-0.2120478836263095,0.08693779380676914,0.24529295099942833,0.3011410017911016,0.9530708122983409,0.11904773602601892,3
0.17949217452618804,0.5319902119191223,0.14797049447903823,-0.040870137032997286,-0.061314252721394735,0.9128550530422028,0.9071739625521884,0.22202253429973456,1.1880970225115353,0.9723960465329764,3
-0.11796417641763007,0.23597363763935386,0.06275231260450298,0.9887933994581527,0.2843283422928029,0.5882348778973192,0.8799940242739686,0.36787619471516014,0.854857700344694,0.6523058732901937,1
0.04688663496420947,0.031285879073556885,0.34602147464760924,0.723400327891658,0.45684738785106893,0.5670927983780782,0.5986898969677388,0.37179861031099737,0.8896091278690904,0.764067918998125,0
0.5175346361556787,0.8258628599570411,0.319714041118411,0.5209948434999596,0.7940639796980467,0.15796755372007112,0.026825066397358176,0.2129052069401037,0.5447507721468653,0.9132384226863391,1
0.35530958073898844,0.658388282944208,0.02989416704787278,0.35739256434722294,0.4821673830291903,0.7730843614899946,1.1766019864880561,-0.0734618214010293,0.8884488810220088,0.8916951377456657,2
0.2582598691144419,0.30724773284464335,0.3834313103742575,0.6733288282262914,0.7450961830335227,0.7029774329838424,1.0210028577264803,0.9801796003108546,0.3466956617346064,0.7464573591052489,1
0.9379966868962659,0.24092104921724805,0.4931643941426763,1.0828769059825647,0.4470639852447463,0.5763008963266115,1.1802643808720092,0.5007366903133502,1.0380201478898206,0.46090816672521046,2
0.7034026276079349,1.0493413780911713,0.2549515258170069,-0.1417160627996925,0.9189822597139521,0.12484608556226717,0.2167639987769657,0.07215334452106137,0.35179169621036843,-0.22580442809451903,2
0.7247019973732879,0.41220437960226514,0.707788231149694,0.3479561142790883,0.6886805708171385,0.5649762462175032,0.6612928898004982,0.32767387862688613,0.07708654554607502,0.18920377302681363,2
0.7812367373259413,0.42241528010630613,0.6246021176522091,0.45779033520775364,0.39544214137218175,0.06553993438872668,0.11500308233871673,0.49528791302157016,0.3779181858689001,0.5555267746247976,2
0.34386927202568723,0.40263637967555493,0.950553800185283,0.5840838697075555,0.4051441917694152,0.7002841995025779,0.17739036901971794,0.6763557952289427,0.9683008374047203,0.45264338179030433,1
0.4028288652284651,0.7116886234831826,0.47238396353146483,0.3605518858873542,0.364743895224373,0.8412549854542226,0.007241656894820453,0.7476908561801998,0.4478663894968148,0.11920921486768163,0
0.6933059479547097,0.06938540769029021,0.5312412793611543,0.5322411360007505,0.4865465686325505,0.15062717482586563,0.725699275903479,0.5540522675078394,0.0038233184343860575,0.5655204982826101,2
0.6250492276184354,0.7137779415592358,0.45414689674782127,0.5169927693370302,0.10995613943125866,0.9724973320890916,0.172251128570861,0.28551480014141034,0.18691933740330657,0.6347930102912636,3
1.2369621071939698,1.872706346886701,-0.16182693266574077,0.6577888171892925,-0.4797092359207873,0.583237122033461,-0.12128316084726404,1.6283537561751968,0.6145837420948495,-0.20676060061273688,0
0.30599082596517735,0.4454370803422348,0.9998683195561155,0.660407663091945,0.34687507039989646,0.7658988312616777,0.13163797177019787,0.6394806359810439,0.9547339064619744,0.43807881377802493,1
0.8563252158402229,0.5596234086005091,0.3445608790598502,0.7231982256074113,0.7955487029984347,0.7937822205373282,0.6464389494775058,0.0935186131372002,0.7800620566168098,0.9438880411316812,3
0.5887442821934354,0.526313234414662,0.672279964367042,0.23065900581352633,0.8467592744372602,0.43687992451854873,0.9038843560499956,-0.08594450350096106,0.21387260339793573,0.4549660796181415,3
0.4457242270577018,0.701196634474178,0.7527310789209033,0.5947389363831703,0.19978291918440122,0.5019109438126113,0.23715662384411254,0.7050644454900676,0.47160270085613604,0.06726100585955506,0
0.31828799780811057,0.9042299431179405,0.03427724525461211,0.4636816876810448,0.6195597937811428,0.7423875815026557,0.9115101872193546,0.20511504147965964,0.6952468949400459,0.8074274153382264,2
1.001615564220294,0.16428082287972373,0.40166882843883844,0.1454595935270429,0.004696273561828617,0.06066104873469948,0.5210201608469125,0.7407409386065265,-0.003425391675806737,0.5171376858006789,1
0.10358219182637277,0.8478698561245005,0.4147674049917807,0.4671985116966214,0.5024253922070523,0.7444825693133438,0.9651004161057742,0.5736265833375782,0.4734345354255163,0.9049326172987351,1
0.3015588795295785,0.2762271319877842,0.10478380658650904,1.1068407219629661,0.3046427545842448,0.6071397427677547,0.5316076082295774,0.3353226978020206,0.19027325301992742,0.7753918177133865,0
-0.0026112023341874693,0.15823734931585615,0.31950901463630593,0.7571738314445997,0.4692238417661579,0.8970723293243595,0.885782185975446,0.4036660487240062,0.7126773663417104,0.4652811948442173,1
0.5591942714366,0.42333843613983774,0.1819704825342226,0.5839067416025953,1.040685946825212,0.09775916250325031,0.8602059415492889,0.3724832841437722,0.7906850407065558,0.7389777242369961,2
0.2565230911004538,-0.09768049562109937,0.34645464034561513,0.8058623099862596,0.3226409122753139,0.3532854197330997,-0.03710263039729783,0.36440765718733115,0.066825757719706,0.5378968894739071,2
0.792601535613695,0.8376841348152844,0.8821319937807042,0.9533795048686822,0.6279278577944669,1.004796717887793,0.2993017092321464,0.6378187580182727,0.25574514119624475,0.039433914633222905,0
0.7680724062507757,0.4428937074948071,0.8353126374823183,0.6953076945535742,0.540434502255601,0.6476694458622345,0.11119230221307841,0.67520078915963,0.8810305509882528,0.38140074600252477,3
0.789697943039256,0.754041103918731,0.22006215176033406,0.6625789759159201,0.4187644348800308,1.086854440864058,0.7276238625640606,0.2516529816423906,0.9630318692061689,0.445419005891521,1
0.5417602919264821,0.799290589492416,0.2936727223088177,0.5283893639641561,0.7699363109917684,0.15018545184196064,0.0005151369779473926,0.19931650736198564,0.5515679730229512,0.9211076543408387,1
0.1144993494292107,0.35290336168560993,0.36686581184018957,0.5148479293049553,0.36673345970302185,0.7294822151463163,0.8083491545961771,0.39769645483418137,0.8458716402336424,0.5984561391850415,1
0.5754758086766818,0.7445898051882631,0.42704006581240417,0.4903029526861131,0.12959728443710444,0.9722959357266293,0.19343965231208135,0.2920873123004539,0.1325360552966369,0.6720595857508002,3
0.6572630921618274,0.7131790674440109,0.7599911852304835,0.448180659805172,0.6587134397554915,0.6406180674806906,0.8685592983889115,0.0626278115660138,0.2112273124316888,0.3202215746542648,3
0.05231578099751788,0.45202254591927593,0.20826141606258916,0.21770427356268915,-0.39066137543247603,0.7398753683838872,0.09775040227842902,0.531708401405439,0.7961024472466862,0.24104248628469505,3
0.9246569579565084,0.8266953418319207,0.9057355083839639,0.3313838114148553,-0.16121680097486563,0.663472674006146,0.7680209035442325,1.4818133742704276,-0.21785196255115352,0.1799808758364897,1
0.13128220254762463,0.8252896893918069,0.28045078239610205,0.3613352527722785,0.3593606331261676,0.7635681375678104,1.0374083864242531,0.40130272194788996,0.44459325912206793,0.835937100349377,1
0.8476471330584752,0.11037633584245066,0.4471828238690635,0.523891198713009,0.22576557038743003,0.03151468024724191,-0.06716554971826794,0.5520143080011627,0.42031092780127005,0.7084688237894318,2
0.3647129186172152,0.41528141715945427,0.34992017587479907,0.701483448943613,0.18285125478590863,0.39778713967437057,0.4958236603974886,0.09673110991370314,0.9139072809596205,0.15326747076543223,2
0.020697824913371438,0.22784240899613328,0.7118865465784517,0.02978478732545571,0.048465373623798165,0.26716545322803453,0.14426689948662946,0.8567782686099457,0.463114030657336,0.31176001581259255,1
-0.04129160542611142,0.6745511373592173,0.35278114866945404,0.4546052924184023,0.8066136597819439,0.660957443682782,0.9796744054891807,0.6924463398819556,0.5661984166604546,0.07235786703287513,3
0.5549957323198711,0.42366844819328103,0.9516691014196461,0.6895058123887762,0.4923795758367791,0.8423929074076639,0.418002434216815,0.3110001481492418,0.6598235583743751,0.22474153452756893,1
0.3370466112912981,-0.24094497316186242,-0.27966375472483823,0.09194878064307992,1.317834518959184,0.7561272856911105,0.8135095862909684,0.2462111179976054,-0.2578265459887559,0.6194143103785797,2
0.247944046323993,0.31378496388642574,0.930284239964838,0.41168687595205744,-0.030899245414705262,0.44023876099556275,0.41307653773271064,0.6301284626008664,0.2959352311832752,-0.1856480849979919,0
0.5094907329695637,0.857811789353683,-0.05561741583635632,0.16660477794904782,0.4329665571947071,0.3054017897014268,0.16967453602036586,0.355906917141427,0.017331987542823404,0.8950875137228583,1
0.6537755114303652,0.2249331487497363,0.22997908288625632,0.25858501453041527,0.6119853256612502,0.03817206873410345,0.5894012465030428,0.7458102641786429,0.6134655511176129,0.6259764924722129,1
0.9221073976631096,-0.018687753825074288,0.459989163629269,0.5010642111447134,0.38135024484885927,0.7418206356977252,0.8484087947546952,0.23514038864934275,0.6673907926612759,1.0233006840158283,2
0.584148531127239,0.7307990501970075,0.4123755214214209,0.5121477692712626,0.11981374346274826,0.996108046001269,0.1870953335150405,0.28826395073578853,0.12344644982990795,0.6713777971477833,3
0.16157052138816164,0.7511652381812747,0.9972956972776165,0.259827664265452,0.7725337803961163,0.310236100371497,0.2983816185600896,0.7407339367626274,0.3065821703724144,0.9357475692645334,0
0.5813688733856813,0.6948675770446856,0.7435933880700112,0.3405392011689552,0.5853232172293652,0.5314462967143053,0.964311571960218,-0.04680401894972615,0.2665218586746075,0.35759334325514197,3
0.6347341575663857,0.9231378631334111,0.1466259530435645,0.14294610594941182,0.7883317963915671,0.09280039101961521,0.2362931447281062,0.41130638588532803,0.6219373288223884,0.026871339957623155,2
0.023160208645646507,0.82884754883644,0.34158428974366395,0.49351229642734895,0.9482334949863364,0.6515629687995488,0.9039767179839657,0.7153642415623795,0.682457771069407,0.09345615383000383,3
0.4291064713513213,0.14362138232231592,0.07600282643859295,0.7781652237154166,0.6446107971553539,0.7626674241640565,0.9255267481343702,1.0698700054738015,0.30841530983652765,0.9551778122817729,1
0.5311446576963237,0.07702202310665869,0.1409343087011234,0.7746367233784194,0.4580727266618605,0.8173114231490155,0.943816955527931,1.0146069910609323,0.2791727284185934,0.9316069995000882,1
0.9405897839202233,0.5499545205964538,0.7698409238196731,0.10221485385251713,0.5708451502360021,0.6210946280323658,0.36807149872518313,0.1942855030715972,0.7976093258787547,0.9925279011653798,3
-0.022646659538324454,0.675287734228359,0.38836420836761865,0.4878000416959947,0.982954250558964,0.6998690269699799,0.8938808808207294,0.6318546917264825,0.5576246433637239,-0.025459296009908886,3
0.9759282417120122,0.05549473518396139,0.41720828633449336,0.0726287158150821,0.08380168395864561,0.0540952510291531,0.5975891953361059,0.8887155078894549,-0.0690102875900419,0.583904242607771,1
0.5944697677264202,0.8767878974361824,0.2880265669541142,0.3289117576204156,0.7512552646447088,0.4906885041263902,0.10427364298868877,0.5208691300183339,0.12772339528504414,0.3463950687641703,2
0.3246898742259016,0.5751149405998669,0.6467798820810546,0.9084163706422144,0.1977952261759275,0.10369303528243812,0.7873772793191518,0.3565053153900629,1.0182518299155165,0.41283704791479736,2
0.8839272566236667,1.0230621772558355,0.17758891093488757,-0.18081842018606525,0.572911222707415,-0.18424895711743916,0.23710394463963927,0.32413084572795137,0.8054351374999481,-0.23041550313969633,2
1.0737419781288413,0.47655198873224824,0.751399712797318,0.7618000178093177,0.7184707237814225,0.23713606713330748,1.0776342868983988,0.7786138475982551,1.1050913356603,0.6289004326779918,2
0.042460718443879976,0.888970205569191,0.3734957902715609,0.4955733669280448,0.5464274991081551,0.6860086431804252,0.9640517566644146,0.6038662513116624,0.4432850307944245,0.9500521690964399,1
0.12638958862219743,-0.1548382735575523,0.5523856504877749,0.762200489621106,0.36160118010007736,0.2540104212288248,0.745293731058418,0.7938951525072233,1.0309342203383727,0.9378703292817431,0
0.054806799948071507,0.18896579576975422,0.2842681874140549,0.7004418602174498,0.4413441887925572,0.8446584961413282,0.8054368553034814,0.4018545215998915,0.6507525274281972,0.5166017219723839,1
0.8272283504756783,0.5310762345532898,1.0137681827446883,0.7566465710875193,0.5120683044342317,0.6682230516045116,-0.06101902729835526,0.755557294527283,0.7744450933721864,0.3415344156564449,3
-0.006054404591800497,0.17137449368017707,0.8096199416311564,0.2776355339669515,0.09253700391947652,0.2573547928924337,0.6834201229100808,0.35193048751111344,0.29277219820795086,0.4473113456375665,1
0.46350240673553644,-0.006875489884713565,0.2098006272492836,0.8696682350862571,0.48414069617571936,0.7292934043073913,0.877282697224015,0.9318628576910548,0.3475711747646608,0.9481947710340222,1
-0.3426704058910256,0.8111175866838108,0.7875920868176212,-0.02236167471827928,1.0509831009711887,1.0858103892842226,0.3187566914331541,0.5884169082818673,0.4838632010854528,0.1456964236340881,3
0.14790419247175596,-0.06350498158773954,0.12419184194620567,0.09491996367952792,0.6378072626712937,0.24048563594919864,0.4201916061437095,0.48603664056633883,0.16802056836842139,0.25891736108817176,2
0.010896452914778518,0.06322468041682616,0.32050895972680277,0.6745350599949897,0.519715259579439,0.6464017180434134,0.5994620847965376,0.4716209285682096,0.9730217496322775,0.8804478734174633,0
0.5527632579403312,0.8227778569907652,0.17510959687311958,0.13803566735962455,0.8347962857680727,0.06908920030698887,0.28368757730832206,0.4169872227027402,0.5587592820716454,-0.04610990300662819,2
0.7165064530936655,0.5878493723615086,0.5249606158879965,0.42645061259073574,-0.05204278737090534,1.0670867421745955,0.13928065328660888,0.09604514328149474,0.3436444414697869,0.7436135233867346,3
0.0637839621112678,0.2704158770245913,0.1623549332315582,0.12274145661863303,0.38333211369389886,0.4078085968698035,0.13267704295430455,0.3452258723489536,0.8427531440109509,0.6860725559329174,2
0.48152782024670787,0.7122630459672357,0.7578950643466513,0.4549104387194711,0.13088333093104823,0.5703737350780641,0.21562620797265075,0.7529935267032897,0.6147366599791303,0.13291954076065596,0
1.2767421799925456,0.4104673622897594,0.4179796126891915,0.9695524749556812,0.06337612924740182,0.5868405134563371,0.48540720399272286,0.5738061394088497,1.0444169427584324,0.21629510338213848,2
-0.14601745610740854,0.1943058073023321,0.21114199166405284,0.834509714940934,0.46919144516136496,0.43275635018325753,0.4954374217852813,0.20831590473626135,0.6932224809306449,0.9928136586650292,0
0.8052321174919563,0.6143466953566888,0.3537788776009371,0.6997932109169809,0.795564353230853,0.7044101468769924,0.6792593306838212,0.08785910757068102,0.7671209326313687,0.9561315011387705,3
0.606005659124715,0.8703240887650538,0.042699617335873165,0.015377429153818963,0.3745916540660837,0.36177940755980614,0.1128532763371001,0.5190502399214068,0.13995525326725694,0.9356109426702356,1
0.3267916678746399,0.8715456055147031,0.9763134897230751,0.5914340078976313,0.05265291274173859,0.23240406584060855,0.22727812524284743,0.7812536390045847,0.0863802292002858,0.2919804669395215,2
0.06802663137830332,0.09643017179872873,0.3964600954687979,0.6817333980211865,0.46625544534221613,0.595038042300385,0.6005041467041522,0.49260973237092576,0.9996417043325174,0.8860263411628806,0
0.8184426999562308,0.6555824379514874,0.6701570977138616,0.3339279755639864,0.21962118234399136,0.882152521976451,0.8422794968989937,0.7052279950339169,0.4808365961102017,0.8862407957849339,1
0.015131123952392134,0.09488719179938278,0.2939606386966745,-0.10504272684782695,0.5219204434451101,0.42625303576240026,0.586750359262476,0.28965119560554653,0.43365588028753144,0.31531244488951227,2
0.22679708352701106,0.8660171532483044,0.030206183245283305,0.5089675034279334,0.5500905291712966,0.7964606834648766,0.9350619654578768,0.23166424351333706,0.6994575386589986,0.7578071955567955,2
0.02244780362715405,0.7451576470972932,0.30207510124397174,0.5331447078568483,0.9106588947008012,0.6328359659734974,0.8879735592958515,0.6791609285812523,0.6507406169213861,0.07850879593597833,3
0.6165323911735161,0.5727316932337937,0.2252829505362307,0.5437674298644761,0.6506768382349072,0.12919247512687523,0.758508098325899,0.7672895055557118,0.8346032575358053,0.8870047243112384,1
1.3146431215194565,0.47439728686657723,0.10003444130207495,0.6045087749323932,-0.27440078459931383,1.5908703129716626,0.7403520926146142,0.1158201622264522,1.1675496320467897,0.9216401277494458,1
0.636170510955389,0.7011214494228769,0.7733492111762169,0.44660302187539214,0.6463345274495432,0.6617003513971141,0.8548764096425213,0.09028757094985523,0.21305220120053311,0.32276357848117354,3
0.8755245244689878,0.5378642346210242,0.7799493627663983,0.046669633998856416,0.5579745848968943,0.7035802176430741,0.4222619413340698,0.20644135008359882,0.9047254202744807,1.0198360841361584,3
0.8733362076412527,0.6788730322033963,0.02347696176308682,0.9077697113349271,0.359719532106245,0.8953429148667649,0.8066593537687895,0.019760304573850085,0.8560811561436769,0.45156001079117525,1
0.6051794461607725,0.20683126709354047,0.9751814617914933,0.5690946718744117,1.0833783362376304,0.44003588663307736,0.8759984961512052,0.6893680778618565,0.6617588828071969,0.4370458304161074,0
0.4404540033095553,0.660227011485875,0.7443873746090436,0.5298220257303253,0.21518558421029294,0.5648123012287307,0.16839182805594294,0.7610650882050309,0.5537806556241593,0.13939147187108727,0
0.7689369418577897,0.1985558047136517,0.5990014969837532,0.5572805708686556,0.42317200522360554,0.28152486371307844,0.0684280305620397,0.4083671457379797,0.33738103779966233,0.6169618120233678,2
0.2789701983677206,0.4150588910547167,0.9179929265694892,0.6633930123385435,0.4513203921903428,0.6721600284941969,0.29966336432390095,0.6692932905334645,1.0529535423874448,0.4309088972304792,1
0.012090680100557,0.8573766847181024,0.3513929228761587,0.879857262916512,0.1622435028031724,0.13817190716873973,0.793692952909147,0.761367549196106,0.11732545734655313,0.6133802956781733,3
0.004958022136297216,0.1235350373717218,0.7590747555758043,0.26816272087278326,0.048041771468717215,0.24570716685605387,0.6273110796600812,0.3919941914805668,0.29298531400847916,0.4916284231880339,1
0.4791982555948326,0.39221322180869495,0.8701168494647329,0.4473558011065788,0.4345987878673392,0.7141637261070627,0.42188827669733453,0.4219855202702549,0.7526629592116051,0.37442647697361897,1
-0.05604941763348119,0.8819470854853427,0.4122669726783388,0.41562014690089755,0.9269023984948954,0.5905058938720666,0.9163945011205793,0.6741925698833823,0.6116807540076142,0.07391780291376276,3
-0.22713679926649766,0.2992460193376065,0.09793801545223249,-0.3838936987847061,-0.42254360857493545,1.2558330041748555,0.5331056391212674,-0.04150439769110814,1.2139557580322347,1.4086540471743398,3
0.8449652813836199,0.6130047154119884,0.7095906087939174,0.22826763377410592,0.18665001005594634,0.8088797495739132,0.9905700868763235,0.6984778635369083,0.3750148260429656,0.7686761353912692,1
0.13174502359774676,0.29879410717456184,0.601787224788456,0.8593430464388565,0.42682489292738485,0.693091015321597,0.3093319952750957,0.0010487960490759285,0.09288136039386516,0.30578207697032134,3
0.652877439317909,0.26768118625216003,0.2408483833568335,0.31980917693007943,0.5588062647009978,-0.036944828948447486,0.6328956137364834,0.7944875456902556,0.561800857342182,0.5627132330948931,1
1.1192956968602423,0.7891680058229873,0.3724194993835877,0.00453963617608108,0.3047874695960256,0.25705137374206266,0.4858907847388705,0.7772842594970099,0.3645188840068598,0.7774040455027331,1
1.2257879047723055,0.45800505054923807,1.0516659832747122,0.8517829436902147,0.7864336933383278,0.4279586523503651,-0.3555105467628378,-0.06026637832255477,0.28961529136504194,0.9808910456402047,2
0.877397790751653,0.5539327927499783,0.308233204146104,0.7344633119656165,0.7818078418655977,0.7480768509606803,0.6830607683156523,0.10642713161680897,0.7737544112547763,0.9238311964287017,3
0.9050271814377635,0.5860572612869648,0.752430577651098,0.1023236162805528,0.5214952874667366,0.6522310267388668,0.3597499585697642,0.19446959755861137,0.8456210765989369,1.0061739219443502,3
0.09412417863264921,0.7405310818056345,0.0017434195302683878,0.4958920398258851,0.7264537134800411,0.5527883052288629,0.9370396130733625,0.34029082649322184,0.9326826193668866,0.6941493609982068,2
0.5992587170479676,-0.1433846366888537,0.1650967695333751,0.7667476466641582,0.4573309082199428,0.674901267178046,0.936574403537168,1.204994853436314,0.26527714699794214,1.0755775371197525,1
0.021678329328108377,0.14069205271092786,0.3479372353059498,0.7384261011391547,0.5134625030053732,0.8790535378442985,0.8949682297068335,0.35254284564328753,0.7019204494608674,0.48215627893752433,1
0.934782252435522,0.821894818448144,0.018929339607860543,0.6454941016611502,0.3486027474986711,1.053325908347067,0.911607732260408,-0.027518460148920926,0.6220415342893859,0.16188428346742292,1
0.7996370225482625,0.4929852024425588,0.3397865482350711,0.7739927045192128,0.8251759110926156,0.6929261037458485,0.654583619361245,0.07041918328796067,0.6811731174977625,1.01757422764616,3
0.8218268524766925,0.3585021598393606,0.41257799566823905,0.5634971558236793,0.4064819213964909,0.25103854959625704,0.13438533719228024,0.5180795797738539,0.45726509499152285,0.5740967621241985,2
0.3411472183047177,0.8878282388888863,0.9623670082965203,0.5824333382440715,0.02765694215592045,0.20437462212080626,0.24996717446771058,0.7978579105893774,0.06112838217196514,0.29801375684524495,2
0.404880927495409,0.5777689275694099,0.774489249643587,0.511702259582959,0.14883082634290445,0.5984314779750716,0.11410959185521471,0.7798555024470167,0.47564065065230043,0.19884562844158027,0
0.7902395153982598,0.39625512911617794,0.6325823189719928,0.31230168997554597,0.644430914679576,0.6127204342214662,0.7132798251520865,0.4234263129927758,0.10530286373031743,0.27038083209081126,2
0.012675554302268632,-0.036989437668305036,0.20790285933807423,0.14007912757321972,0.5064110356188042,1.0445360877685634,1.1328895197388726,0.7970064332237233,0.14456430398085202,0.792848253546267,2
0.8664257622556585,0.6891952695655085,0.7050748839436296,0.5076649496512009,0.38738643458172506,1.1052127574060777,0.18586068379511683,0.6117828337313942,0.9875845714075386,0.4163115994360382,1
0.12262813060392365,0.7748751811763109,0.30807253949878954,0.49091760234568665,0.816842417753721,0.5359004725237115,0.935894915889821,0.7322647886742163,0.5439314012930828,0.07003696791350827,3
0.19280956516308284,0.9384834977176884,0.006143657564039132,0.5174453186927408,0.672282548875018,0.765677384966815,0.9480213246500734,0.18619220467740846,0.720084349488457,0.763662117099833,2
0.4546854248112854,0.18224917977541397,0.25544175701433225,0.7599351601082375,0.39228233851385874,0.5285893134777642,0.6408074499822389,0.5560882729392467,0.4607337802091306,0.1944145413469271,2
0.3342913609431372,0.4035997297500234,0.31722094151306324,0.7335113348118801,0.18919870084549653,0.4360337563387271,0.45920521803003383,0.029243875789808492,0.9155291233109942,0.13752970647452295,2
0.8394244954144351,0.7529080183644485,0.20830685521884096,0.7266727357462928,0.16597495698312226,1.178279962825751,0.6460870518494958,0.24093108994175028,0.6888593677140424,0.24080282015187954,1
0.7735205491392496,0.8523291887143175,0.12229846413270201,0.8835495760755074,0.7587444285407993,0.9100008117146302,0.562255350611178,0.5880540416459934,0.06186935145946694,0.2626961848560531,1
0.09346424499070191,0.9251189301263354,0.3806534652765314,0.42487430583477603,0.5601564265192229,0.7908847768321666,0.873108655949835,0.5436978219171276,0.3940102950173386,0.9085479479339369,1
0.3148360366755486,0.8738418518944999,0.972783556274653,0.6014800857499703,0.06338481700110551,0.24632912034841467,0.22505640990273598,0.7766381022405734,0.0898470020057032,0.27501345412705164,2
0.6088934415621632,-0.15813820346999802,0.101477909964588,0.5319005794680226,-0.3315163364565203,0.09384976641283868,0.13267339463715466,1.0050551894351174,0.23695612799006266,0.5959883869425455,1
-0.09211542547644827,0.7200833247644591,0.6436387556318182,0.4906711701198555,0.4469902191646585,0.963018266497918,1.103621117918709,0.8171686803498305,0.23957892236680306,1.1194125985690526,1
-0.011187157842070097,0.7901359505366207,0.3453799297409432,0.5095723689532768,0.5358439707687483,0.805672828086014,0.9031578008068412,0.46416182477023393,0.43030362021296764,0.9492249004416241,1
0.7139576890544967,0.6927918168901197,0.6634020869941694,0.5113169329098882,0.7032239989351292,0.7265810413863972,0.7971933409475349,0.05752341514223022,0.2854993079804962,0.26932232180728494,3
0.6046666576516257,0.9008407135873765,0.004148726274008098,0.06430169440551495,0.3890319177331588,0.3247593599533874,0.1408743246663637,0.48476301799088944,0.1337412043666884,0.925279763310729,1
0.9025069469063857,0.26656533281685624,1.1673245314818532,0.5882757597885562,0.3585015023842152,0.8905702098078877,1.2436060301178378,0.24269118924143251,-0.06893292293968478,0.3639903623150748,1
0.9561273420373554,0.5443588477821381,0.7764485914237423,0.11078779943340097,0.5258847717890152,0.6093496313019219,0.42104887176520706,0.13013878956000513,0.8855309142386326,1.0209696660207959,3
0.36567017923861744,0.26377792512662557,0.20918986560228867,0.7824357676346807,0.2560429868467784,0.5435219248148624,0.5514242874652524,-0.011511739466396165,0.9912034771232221,0.3240004399170541,2
0.7546622676849601,0.776606067145319,0.3420111474790239,0.28300730056043666,0.7059263090785544,0.48007162413997406,0.17843551467079302,0.44797398281601947,-0.04142966806374568,0.31203780620637167,2
0.6426757595132137,0.42930793312340915,0.72990781139274,0.695223177481176,0.2820948580008761,0.871501238106519,0.41650917812224136,0.21214499157660516,0.49192008249022223,0.414047014928312,1
0.23238893653569132,0.9691195878509611,0.2950727962826841,0.11578132494809548,1.1688403700742176,0.6810454090847313,0.9122812069710298,0.26214318235288164,0.05580535655827629,-0.13483379647330096,3
0.3030078955421528,0.25187795000280533,0.34714277188183484,0.7597250907013764,0.31910232645274567,0.23520576449156264,0.44307975913777164,0.06383981094117204,0.9752523336767064,0.03973648160829213,2
0.9954923639844795,0.15704149296722184,0.4776123247906706,0.19419032028475247,-0.041358763092146165,-0.04366244314844819,0.46558369639614533,0.8045895373243926,-0.03956673067503336,0.5319266694677781,1
0.5010394321496242,0.7996178678386969,0.22903455559317262,0.14126776273401456,0.7294965690104465,0.04571544323244755,0.1856229348708634,0.3613710447054451,0.7300249366089839,0.021412275327555318,2
0.8845404164678188,0.5905588420300383,0.7932268523191186,0.07339934598312049,0.604629064057634,0.5398779317984609,0.40877774987144316,0.13179319624774602,0.7304495911573108,0.9889146435320646,3
0.6395673777334612,0.4156881966678625,0.9763772273018796,0.8376783124803081,0.43696395919541586,0.946559264495045,0.4382892830215794,0.3391597266404096,0.5521035745125811,0.3370904410502452,1
0.7767364393081184,0.39448071629251336,0.8825648247659305,0.719189014890241,0.5364221366955291,0.6127565072812897,0.07147832358187055,0.7038000979363769,0.8745166545147093,0.39553149280775585,3
0.9532474182077628,0.05276930807804667,0.3260746695557506,0.5429565344517289,0.6071028742773632,0.22373264981147667,0.3168481552673688,1.1439607099109348,0.5214307877366258,0.5185775393323325,1
-0.17477765040621418,0.2872373742247563,0.0048514950482067,1.1705845009676104,0.5198945572507332,0.4062249685801038,1.0544025290569903,0.2592987589833824,1.2864592428742934,-0.2876504005164223,2
0.6901650261390143,0.9599456612481547,-0.17961530799765585,0.5550769936584075,0.5133556362629736,0.5911688986904062,0.7127329678954192,0.07013352734759518,0.9644766597644311,0.26619239102729536,1
0.3034576737855812,0.3441145437135077,0.4676186754003647,0.62061012684141,0.49345564210883314,0.5742590048579284,0.6106809459599505,0.3662756724269618,0.8283162168157453,0.3261516434387751,1
0.09266736562062652,0.3158030468394712,0.7000672505870483,-0.17864362262651368,1.1363765992405677,0.6483698077886132,0.44693812982115355,0.5745042893809201,0.5797697686515675,0.20769640370814652,3
0.23079116290398866,0.41493964750591633,0.38335535943458243,0.6419627972591417,0.13686369265835463,0.291871314581517,0.6189781936522816,0.1935552597571119,1.0448411671727444,0.28434797629712316,2
0.06652679526484663,0.1689600035059383,0.33577215562933005,0.7081596893641321,0.464040673730609,0.8444937292862957,0.8590376155566538,0.362580043922338,0.6791766543582256,0.49229496200183814,1
0.766502802163658,0.5952416630630509,0.3149256269284946,0.7628899501381636,0.8628160068900148,0.8328115056656635,0.7834523444407828,-0.00033687217554249915,0.7754240084055015,0.8836810667716063,3
0.08948986770630893,0.8443111952870269,0.3188672447811681,0.38728431831652643,0.41235787788114864,0.8227965311063383,0.9512545569114759,0.5702966205938514,0.5383687243535216,0.9846125762696607,1
0.9479319347524413,0.5754539797383699,0.7782906828925037,0.06685685823578733,0.5483370890228084,0.6456641896003513,0.381309524059017,0.19946930541587177,0.8191474906430596,0.945744608440342,3
1.6598164868051386,-0.6110404115625572,0.3306037433151709,-0.8770702037622198,-0.959302687712812,0.5605791254106345,0.494097031727624,0.036852729928784966,-0.6611872348216687,1.2396624194871388,1
0.8159267967265247,0.949080751800483,0.19838369864043026,-0.022594612162091826,0.6751187861119791,0.3161380988759799,0.23998634371712008,0.4726778267580611,0.33642235723600245,-0.008197166993042994,2
0.9523677360947008,0.5711324434567473,0.7801564817137878,0.07271414248378517,0.5656312404080908,0.6469760363045884,0.3880713286617709,0.20646056302685625,0.791206288403453,0.9520254933345859,3
0.27911456647367616,0.660595209868061,-0.006112734373973706,0.012151690698756473,0.09150695091208919,0.7665298325603301,0.7310740128435579,0.2546304515836669,0.984934778909492,0.8905269671463645,3
0.07471599669265304,0.7656436050916943,0.20414832595031418,0.5161843286688225,0.8934276005585585,0.6698432661229218,0.9897656515224157,0.652461710923303,0.6360226600608576,0.0775444986616173,3
0.7972045988707851,0.5467159649402179,0.1906924633492038,0.9187292650055924,0.5065862806531267,0.8175223768504977,0.927407528294667,0.3532920522650745,1.096343023503055,0.43836469321315175,2
0.948357515305993,0.5821553315711709,0.762783412156286,0.0683027446868591,0.542559687995747,0.6243231231629344,0.3747902182372509,0.1930079862266048,0.8138059299997423,0.9659912858247969,3
0.06375238492066646,0.1686513263672713,0.3382447610516847,0.7132634945208689,0.469728236138449,0.8425358192487554,0.85997521228671,0.35618245857130754,0.6683834206622724,0.48388651838880836,1
0.5505484634534064,0.8351130301308816,0.20318873679033947,0.1393065435337567,0.7355285985085499,0.005135483264765428,0.23733930268654166,0.3960437726574979,0.5495770140409696,0.059121005248724046,2
0.7830888365179923,0.36598930175109157,0.6362539391286887,0.26908446481003045,0.7064498439632328,0.6422208448022584,0.7306306060874748,0.2728241312519901,0.10938051125240231,0.2885608875219357,2
0.06859769954842525,0.25441188852440794,0.2170361279599971,0.21915452879198594,0.4522315093481275,0.3362262405208241,0.2455846124460605,0.28208980457017135,0.9274677918471642,0.772167384927091,2
0.10879881672006161,0.11610714303670727,0.4126495867974684,0.7633559602300176,0.5194997646774266,0.5948164102984703,0.7135273846746134,0.30944615276257903,0.9442797722274475,0.7358892559307607,0
0.9786730709369784,0.09112034787908196,0.6605127213922355,1.0448327115979121,0.46790811730781856,0.8018845122989908,0.16898970573865352,1.403974611250712,0.8035100972529594,0.8244629200843295,2
0.0715663704430096,0.1558557373803404,0.3370268870574355,0.7236805257855263,0.45549553698482464,0.8342931083244335,0.8375686096006382,0.3611430053498633,0.6940434902234109,0.49978430716306677,1
0.11367926837239507,0.377018833757292,0.2252304120857166,0.09391893319075663,0.47362249763103653,0.31395174653462976,0.14641876944549853,0.3382307384501397,0.9177950470411406,0.7491585563445265,2
0.597169849159585,0.8022192267005748,0.08637371697240558,0.06814208472427896,0.8670972802916533,0.0452625450917353,0.30978210264861933,0.41892678710967757,0.5982535591695078,0.04051892532068946,2
0.6284078892814506,0.8732564965606078,0.27093759401388695,0.14592294489011545,0.6777861886663713,0.03483282011296228,0.15190879087200457,0.4452599551896277,0.5973283397956496,0.11513614171016213,2
0.41575506501893933,0.7667174773586006,0.8214355970279922,0.2672231714145627,0.9209256686503385,0.4350802310701003,0.7108655429186276,0.8431691844169852,0.47043363588150233,0.6623189258051324,1
0.7958397112890487,0.33727296041289456,0.7173558697963653,0.4107460965329641,0.6798872837385722,0.5728474752760505,0.6923809518931656,0.3770322523647163,0.18968746563281558,0.17783671291164746,2
0.09765917600355307,0.11336413354823814,0.3154669737961925,0.7046838061344737,0.5071223285852372,0.5756662612705649,0.6169343251104954,0.3977200401792729,0.9360426862066649,0.7851869007670965,0
0.7684140807770962,0.12574309654192656,0.30775956186282144,0.20639026295328455,0.7023190239591838,-0.048967571684168085,0.5104846062793995,0.6718625974145999,0.6198790005954037,0.5892250154253479,1
0.5949005389123967,0.8498063438628823,0.16181882320290103,0.14054906946657594,0.7431563363922719,0.08669312738912097,0.23768648291539748,0.35277463266041864,0.6292360554580447,0.024380030899718855,2
0.7522233051517847,0.5003147469475308,0.7223560054465722,0.3050856417292146,0.6830187198633012,0.4782835678228115,0.5399752795492758,0.4418390028461675,0.19934370673809426,0.1625468502739452,2
0.3857160618999822,0.3122835819847504,0.45999960930439676,0.5329666557455472,0.3441217080061466,0.7761629922900176,1.0395655296410005,0.26373546545499316,0.5800393554774925,0.8082219956246441,2
0.3072069523944472,0.4204323431784228,0.9882793642988829,0.6261997279289032,0.38472931547231565,0.7299029777463356,0.169472496730252,0.6622915023167623,0.9386324645525942,0.4243973341661115,1
0.4919169002033076,0.9752424102645854,-0.16740175483659547,0.5887078307428871,0.7839413431680942,0.7999124624246224,0.6896113642101811,0.4157880132306862,0.9411704524647352,1.0339199319432764,2
0.05635580052031143,0.1139627608139209,0.6308835364232689,0.3598919842168176,0.1721555559986983,0.3124963048914154,0.6457033098453897,0.3439753925844582,0.17049396568292635,0.4039114240672557,1
0.9095927958752312,0.5776181727436128,0.7365195491410524,0.04967131128694911,0.5796868877625085,0.6139393280579325,0.38235666052738615,0.22223819820238258,0.8075448836762015,0.9452522644426713,3
0.36608491235076,1.0220947675567946,-0.06157197165329842,0.09220665362630595,0.7418889536265324,0.24798687068570657,0.0590824857840693,0.5607898492559286,0.6117316958646826,-0.22155633730424673,2
0.13175052020872427,0.17295804556690358,0.5627838353582427,0.5174361357668964,0.19903535177669832,0.24286639756427567,0.6116774056564905,0.24082586620631471,1.167367093937524,0.23151373306500583,2
0.8273966692029922,0.628097059150015,0.7332853179249041,0.6298488297756174,0.34023383919447414,1.0295317959106736,0.341079771233436,0.366772153585849,-0.03653953150105721,0.8421590303043182,3
0.49914626783120836,0.7409857848970758,0.11386059724417084,-0.05285556398519378,0.7523697652942943,-0.18128049538613172,0.04357819886992301,0.19207786036539115,0.4010296682457025,0.21789728452981383,2
0.019125422295140224,0.07165288889865401,0.8387437174936793,0.23184607981783784,-0.013454092469510154,0.3606161206347005,0.6871803374526659,0.45251819093347123,0.3883200406594022,0.4310411253783469,1
0.3777934654645707,0.18146175159001315,0.34212015643537586,0.9932811065223599,0.5214682396730537,0.1250680832256386,-0.2769052131475367,1.0219501216451707,0.6138165423414952,0.4876658179316818,1
0.3086111648723877,0.6860632965854627,0.7991656205930335,0.18337867743742925,0.5015948839996766,0.4484672866083773,0.3104596892258273,0.9425617304637156,0.17682716410569232,0.828260411467195,0
0.5557664014147746,0.2233134175088152,0.8483068098684766,0.08587688102950114,0.6647888951988998,0.14059808549683972,0.7360254254584824,-0.01556293441737533,0.03333246249906199,-0.00918530177811927,2
0.23950052775074301,0.9162426100224397,0.05821188400281832,0.461440423961068,0.6383872169885522,0.7492870786327123,0.9522270517004578,0.22908095185088617,0.7274756421613897,0.7434633381112447,2
0.27186044935566034,0.9344116728240706,0.8784554900113455,0.26505082352390064,0.8993548398585764,0.3421505912603409,0.5983737570292085,0.9657944685843955,0.536910835202941,0.689092841113324,0
0.3501834148814021,0.4037022180360468,0.35250575850107124,0.6977205374400505,0.15079498355095816,0.39140038988780784,0.5227254153897715,0.08660216298565228,0.9770334135796108,0.1557970995962462,2
0.658987577619294,0.830547648023257,0.28425509161272056,0.27073486254804235,0.6469348878713268,-0.10467918369261425,0.35993137496598887,0.24753594593337172,0.551749932117686,-0.01892896671749772,2
0.9176214819634021,0.6724194593498909,0.1763322968419923,0.8441342050214515,0.35111317339895914,0.9360330082115838,0.7202370330677612,0.12496100795457875,0.8721839256148649,0.34221203686035606,1
0.977153299989784,0.6559739750272511,0.20431854612274652,0.6708692864807408,0.8100533390581144,0.8469156490209875,0.7805205690796815,0.05409635887435208,0.7559698839797697,1.0279464179216231,3
0.335211404340301,0.4092249950187104,0.3503518266374694,0.7082458797242877,0.16412647994440593,0.38817350632421926,0.5089343027317239,0.07881583115257998,0.9463139985451751,0.18203502986000797,2
0.47677434117207407,0.8091275669682878,0.33339328967682597,0.5101140139092989,0.7926801709175907,0.15057291340843598,-0.004748856963425183,0.21171969405222496,0.4994630495471819,0.9401827025376597,1
0.6419066046135078,0.9235182906416238,0.013320281750283085,0.02663419454997866,0.3756071399905193,0.34079904709170245,0.17262723129642246,0.47582019898378947,0.16649655155145376,0.9587126324312012,1
0.8526560099309979,0.5515225546156545,0.30412928810143286,0.7720630496552588,0.7526750341267398,0.7905039066906632,0.656752627084502,0.12353082119778813,0.7607760022599539,0.9741290470089914,3
1.1593920513060214,0.21785131140243846,0.4479755340916935,0.7637296873775758,0.15608727963388616,-0.06529516942927338,0.021494012410108038,0.16076310390436133,0.14949125388116044,0.8757650592680468,2
0.14316883295592994,0.08229029571122921,0.28104251680681874,0.7307750726323716,0.539450836204884,0.9606175359554381,0.9954770596836098,0.28787516668707236,0.8113581329295187,0.4580016101836778,1
0.9265239444342852,0.22244056695107417,0.12259579228969059,0.9505471889413907,0.6604900710429757,0.29047875058693273,0.013091659105699004,0.8463056615171415,0.250430372450811,0.2118463363001454,0
0.044540530695480904,0.7732999943342543,0.2807337780308991,0.5337114021221256,0.9332244836542384,0.5793240797438722,0.9379543871346382,0.6705200923655673,0.6566473815494691,0.09251954718003874,3
0.9969368268088136,0.9009412585759419,0.09062911462309564,0.7953677254207369,0.523547527866965,0.9912632227783261,0.5860112223431267,-0.010679555488640496,0.7651271959733639,0.2788671009030346,1
0.4470434380527938,0.7348098586902231,0.7116777714901392,0.19155940458512177,0.6471286322780788,0.3182922679442245,0.6325482066307468,0.6492198406343778,0.2708501835071995,1.0259051928657024,0
0.11768618658144686,0.13952523415532542,0.36415612040697265,0.7015026146617919,0.44820289555515386,0.9050986779911716,0.8538889979279074,0.3935221681737991,0.6308098066154666,0.41880322305559337,1
0.29982717810989395,0.6875421751853747,0.9984376956360215,0.07284377153269074,0.6829672823935344,0.33009019067404,0.3913027900086464,0.7639317901309622,0.24167437698829478,0.969257592316873,0
1.1593045765720873,0.1600452776125452,0.248526812705184,0.10056691926432994,0.09907702354007387,0.010418363124889904,0.41567196659858785,0.7844105489471621,0.12807590879609146,0.4168626745011762,1
-0.3291673640067304,0.8481195761812564,0.5041255358466541,0.8501302220684666,0.39627217407878795,0.5476110619828994,0.7596409246747186,1.1589835487732,0.25074457438634407,0.1315040655143452,0
0.09839480845944834,0.20686032029959578,0.37318642566186233,0.6993492022170977,0.45058802521377145,0.8603866437438062,0.8921095592967369,0.39168684428712147,0.6439086638625686,0.4713164209017135,1
0.6731712763551754,0.22213227043643444,0.30040816589529273,0.5400266975525841,0.4217100996396191,0.7710991652421133,0.8184229909184095,0.15961297178641548,0.6904453435351503,0.9473544682090563,2
0.4479581375728858,0.13926974533509817,0.08204161549838752,0.941903209420098,0.45261570687761943,0.746368633221786,0.8050992226342045,0.9573727952687389,0.28159631391483947,0.8260827076223385,1
0.03524337969716365,0.07002742310384014,0.7835409627871379,0.2940896198078403,0.05356125950455006,0.3236820204381457,0.679445327710478,0.3659107305692771,0.30068874111737376,0.4676158980269839,1
0.9733613348410941,0.5376282025841492,0.25608875509102175,0.8449764912788416,0.3247023042706654,0.7266346202192483,0.8142140642169758,0.44036002503252375,0.9507051570706833,0.29397307220889685,2
0.1731106765243173,0.7135234923374372,0.9929832759047369,0.6421997857904379,0.5653463698709773,0.8523714822639096,0.459033334374677,0.4751970828134822,0.6531172135102512,0.7021064404485768,1
1.1912366605308513,0.27272803698500525,0.6295122759692785,1.0789451142588486,0.42250363203776403,0.20975653260881663,0.8874071792897851,0.06222351940676624,0.3745517539054183,0.5699800854511045,2
0.1544850352454153,0.6063576529059379,0.6372063091119666,0.7100331619490735,0.12865603655012287,0.403293184891534,0.23746857101682867,0.23773999006233473,0.976650861142132,-0.14996720219663817,2
0.09798736870762939,-0.003827396678598676,0.0016507605861103974,-0.010092382371632735,0.7498649007581861,0.3266317091162815,0.3969097632450645,0.4271492061469154,0.16890402812204874,0.1917406164267971,2
0.6457810650068776,0.9091829588280329,-0.0073545601338433336,0.03146382506039181,0.408336982956578,0.28099368573351907,0.1535889094382991,0.5015236027555477,0.17886758413199896,0.9208272300338078,1
0.31441063404517633,-0.016050357925769854,0.7499116857774595,-0.297890112085613,0.6999624406712334,0.42727319806458053,0.49040964979504803,0.763537123813991,0.02081695492048488,-0.4640748340857066,2
0.004930144949419405,0.21876629117872,0.7099667271801362,0.018968972246075664,0.048872688200527724,0.24663089290905793,0.10471513685182582,0.8685725848908338,0.4698166281237909,0.2996226672895429,1
0.3099212323934713,0.883694187038547,0.9731799000045261,0.6066756020189187,0.06841111498159401,0.2138789625796576,0.2314357937164996,0.7774466183348789,0.1081161302336496,0.2930948608653569,2
0.09563553208509745,0.4503165800927562,0.6682697615278528,0.3458365917615127,0.16642195801387377,0.7123266589531462,-0.07534415691234098,0.6881923762678049,0.9026079718662239,0.7184351870952689,1
0.32005319547927497,0.8891343056518867,0.9531974265738297,0.596820313689985,0.06484085477694412,0.20774558437443874,0.2403950124237707,0.7892822461567244,0.061556016265756366,0.3026654533800905,2
0.35836652374428324,1.0595526140237013,0.20562763897675065,0.528251808917148,0.5076915289714737,0.4700027933656019,1.2449786008131554,-0.022090638175857963,0.49914088006528357,0.575375259172041,2
-0.0003136071746040539,0.18657486489910227,0.27915531167866603,0.7260760839766522,0.5196586053646637,0.8932810634263686,0.8304688553966405,0.41005502069835564,0.6563326448222784,0.5366937692689403,1
0.6063784322187735,0.858196520556649,0.14308726306007633,0.12682602159168896,0.7430763595987474,0.028543046717455556,0.2323263470174596,0.40636777743409813,0.6122394499578265,0.020175722410013253,2
0.8365219066756949,0.5521418324360559,0.31231320378773814,0.8250931870734605,0.8345782750065109,0.7956147863103454,0.7665476638630163,0.07933209113297784,0.8317536002919295,0.8955371794810756,3
-0.0917150195569621,0.7766214830973766,0.4081107366574851,0.5697933737827284,0.8148144044680935,0.5528180707780724,0.8717843239670767,0.7782971821403731,0.7210958426648681,0.07751258199395127,3
0.3706389985526193,1.02959841192376,0.09839339320283638,0.32485533219060736,0.6831565243915839,-0.1043685264797738,0.5050923344496598,0.30133398922240884,0.6682162457951261,-0.14665841585956793,2
0.6893145793645834,0.7375537758125811,-0.05006907842877639,-0.1614996222170083,0.4330265387515883,0.3228784077937818,-0.30621960023090317,0.042127120076679625,0.02547885823906366,0.3388110070738113,2
0.09081874440796622,0.9477181899424628,0.5251104111346411,1.1971981823799736,0.8114581650299465,1.240760012480496,0.38302446992259376,-0.04013207490393733,0.018289869761452304,0.25619738210929377,3
0.8203666555548855,0.5956505614153524,0.7371245750891421,0.2532740396409971,0.20685488909072428,0.855140597497218,1.018051178811044,0.6826579958541285,0.37953948453318276,0.698248077770996,1
0.31317590221992475,0.8322780391165262,0.9108659663959313,0.204869666106316,0.9021772418325973,0.39268528585623513,0.7378469740220949,0.7787797279011925,0.46826308107250114,0.7482033449991754,1
-0.11909445851001821,1.156163482261063,0.8908168384620703,0.851872236894512,0.06976478076599277,1.244018713999361,-0.24989972770647317,0.835506926348562,0.012490429001020098,1.269569177117612,3
0.3777589818933981,0.3740146769382972,0.3728245747034835,0.6839800086582933,0.12171043357998215,0.42137257903648967,0.46540446984714967,0.0674994843575858,0.9697158693738368,0.20971977711335907,2
-0.7151097248257071,0.7372293026405407,0.1849356791209139,1.108777136013864,0.34180944354037135,1.1675113368564736,0.9033099982847277,0.6598703749327608,0.40879957796856836,0.39581678180516217,0
0.4717529561516794,0.10013684206020934,0.03617905016726851,0.7977465639893122,0.5023855792179044,0.6955451348723797,0.7932521074218178,1.0118678091361113,0.38579268166949626,0.8771902596664073,1
0.5757637761220359,0.7942471145608179,0.12024195109148539,0.0307713682903554,0.6863786617365852,0.13168545117090175,0.18681599043099162,0.38640458580591924,0.5754450439666429,-0.06796605206096135,2
0.3066556210290258,0.4510927378780433,1.01679004315281,0.5776391453506047,0.3352600831847004,0.7564084053601715,0.1711245024277276,0.6241827147224884,0.977477943619626,0.4472619767717217,1
0.0938098154383899,0.825545145541145,0.26852528635542483,0.5534830122335604,0.9396945686099782,0.5634792788469843,0.9040119536830444,0.7054443173356718,0.5881439665865714,0.0833595432930603,3
0.7445939295841801,0.8355987993354378,0.4525100386332156,0.6580125353104178,-0.003145644765305461,1.0310795326915545,0.0439793015422712,0.2919631927536557,0.1828099159738337,0.7603050882678998,3
0.3667081190281128,0.2518494900417581,0.5323860243262754,0.7832863282908068,0.5249446177898756,0.6968616530112757,0.3310070222620272,0.2742965270251642,0.4082278056340361,0.8395075062823224,2
0.6634824207636494,0.790721497447146,0.2089969940415309,-0.019210859564098792,0.9471331830546103,0.17670987823820594,0.354521285251659,0.5310728766435913,0.5496933501002393,0.157545494077062,2
0.7602423026311254,0.8727805286285595,0.11151871845398846,0.8640535857810314,0.6787022913343587,0.9366682093225057,0.605724300096148,0.521064197486349,0.06002930242059237,0.2926279163424006,1
0.8491462484479926,0.625437954106802,0.10661616730521375,0.9346565523161185,0.4076098225401332,0.6617717136282718,0.9242794746575346,0.3914409795763363,1.033292285177712,0.44807144328788373,2
0.2785182686676054,0.8393547620455367,-0.09054792308275295,0.6442242481129172,0.03754720520222331,1.2769095933361754,0.1704663140670511,0.6274792443032029,0.31879199089726495,0.33553363388809015,3
0.041564598154842314,0.22869680245400198,0.6951381421310642,0.014520250070860167,0.04919844810502491,0.28782853727025964,0.1362518175498529,0.8700399109906005,0.45729401066658065,0.28823354252773653,1
0.7646199055894544,0.7941834503919669,0.07217410115547555,0.25010648728332896,0.6320137815944503,0.18494948525175173,0.1657790520906725,0.3819458705023327,0.5644501379502938,0.18503081772964075,2
0.8593390344132787,0.5322556470921935,0.312218732709418,0.6781634473429207,0.7357853836113384,0.7246351393588643,0.727673859508427,0.05910080830908376,0.7217401125902232,0.957448375171373,3
0.370288752299081,0.31482737044416154,0.412194248209385,0.7421392139630908,0.20026824085300082,0.3955607135977315,0.5643233480794587,-0.015941546843069657,0.967552683281718,0.11182772289602816,2
0.3954143613541492,0.242880361147269,0.8772473847679527,0.5702832034656671,0.10197902179380293,0.7847783340212773,0.48818411055490624,0.49888930422678335,1.1833391689197796,0.313011596451769,2
1.4578602701841772,0.07304484175596346,1.1239374861346243,1.463420746320783,1.0735435286215351,0.6514214675582837,1.1380291662411228,0.4124392708632488,0.3790698801657005,0.9034710101370012,2
0.8404286680507815,0.5443912567213596,0.27928393894011866,0.7001816474918314,0.7736975241708757,0.7136076196305566,0.6513765384863813,0.11628967281502736,0.7421624945632483,0.9524011964202469,3
0.3779315174369073,0.22687663661927032,0.5197916757483309,0.8204524079064894,0.510841254876223,0.6641491522155175,0.28777450078648176,0.29645795465995567,0.4354637461007863,0.859677383363603,2
0.9806159937432417,0.632810820696807,0.8044935280591706,0.08989185418064229,0.571466724439002,0.6568986424435687,0.3443890337323431,0.1582821305396092,0.8435556395600651,0.9417684215502377,3
0.792978216424947,0.9339916194281724,0.24768898734794087,1.0046046303670166,0.7628492199766319,1.1260612294745915,0.48787313783509845,0.37929610956768794,0.06401522458196243,0.44909226192423,1
0.2455818057235425,0.38183840915204575,0.7215566834956938,0.20521953042072213,0.3466369965960028,0.13295801148065112,0.46116373218545226,0.13742444714627428,0.3601588521121471,0.22967188562317364,2
0.6276625856504625,0.6913136610590019,0.7394038945642127,0.4336046248876452,0.6122414285040695,0.6790488577558651,0.8996945534991164,0.1113861425624221,0.1791920711437549,0.3146926364130158,3
0.9492504949734518,0.4851896710783355,0.335018829681554,0.7626918468377517,0.7970581034422647,0.7306463097263939,0.6985763588172509,0.17363929461610306,0.7234972293468328,1.0064355954772612,3
0.10901655329675343,0.33672276132485424,0.2319646748131777,0.11064386328600781,0.4447430038423121,0.29673800055509164,0.13943468699992084,0.31424851423021677,0.972178861407529,0.7288968363713559,2
0.13076967255198826,0.5737699559731255,0.4825952460070643,0.0480009062163458,0.9621805463059553,0.7298765393036284,0.4850677110750352,0.5285842153662258,0.41986297633192543,0.06928884052908724,3
0.607394074630161,0.9018886689854434,0.006752043834322789,0.06276792956469367,0.3899971810196186,0.32516018320362444,0.1387129612564951,0.4844807146384842,0.13646995460586106,0.9246953362376535,1
-0.020003343595606876,0.02668260158976253,0.7441708231874208,0.34101115943060845,0.030904099850587487,0.27508111014815145,0.5464008246691885,0.3989805161554424,0.35176085297324927,0.4760034620786895,1
0.23903132500755786,0.9128508776734563,0.05247676459332357,0.46636905217929686,0.6440256573049608,0.7420527485877724,0.9468931028714637,0.21855578172105586,0.7238871792112962,0.7334774322183528,2
0.8977066717422764,0.7182032588588964,0.06762506018316784,0.7695886553771114,0.4687629972299619,0.9275388689322408,0.6529858308779364,0.1439783413833597,0.8817948692511492,0.3840933144741794,1
0.5386750013407977,0.7911100384043992,0.09932272717216117,0.07913897108081326,0.40518135659772386,0.33802561897902395,0.1451835622815747,0.4382065069107968,0.14869110835539792,1.036712232663083,1
1.0703381922775932,-0.42073359740068395,1.0529968246170234,0.48134510852281953,0.6366316403663397,0.6094706931820602,0.38067853127200457,0.6776505154702672,-0.06733107475516964,0.9050042116987042,1
0.05382599246188338,1.1215145339355699,-0.17592753889715773,0.584894802614864,0.5104041566682723,0.7871338787886424,0.7609573620174552,0.06067915552498521,0.5915982797061108,0.6957781103790422,2
0.7135093308007561,-0.17333183911187505,0.821490335769927,0.5856664854992151,0.46288122750682426,0.8066865451552723,0.4285728091406082,0.002305488808836298,0.723056802623095,1.4816484947797437,2
0.23585363955655433,0.7875351192595206,0.5944185781779499,0.13979589374483242,1.266925442451209,0.7874841987608473,0.4114535475568435,0.724335891518739,0.5576055115146388,-0.10996733405327916,3
0.9278979294629326,0.8282360428277925,0.05453903207451359,0.8495404913815149,0.2788626232456961,0.8520152854739571,0.8013676171079451,0.2436520787732191,0.7247569756808561,0.17629468021700276,1
0.5713132674676384,0.314635169371441,0.2740879941158106,0.9733062665132132,0.20489074577611374,0.369700574124523,0.46914459637486694,0.6291109894184764,0.6610700768459855,0.20044567510291325,2
0.4121694630326422,-0.09057700224972962,0.1569559055354557,0.8330484862840494,0.5168066827547955,0.6246356823346487,0.6657108815950203,0.898520261309964,0.5595316144459161,0.9055137938783145,1
0.6340883836260786,0.8855388574249526,-0.04255278836903441,0.07321910180678155,0.31656235401008004,0.4030194206226925,0.19448940869454523,0.39268208082338285,0.14164048721871825,0.981250864339302,1
0.7725814808414831,0.897559031708503,0.035126935010390395,0.825870556619001,0.6666018311913022,1.0297268210871253,0.606865851954785,0.5276598887896171,0.011521601961558103,0.33706377143638677,1
0.9878495450110236,0.2782867262354785,0.5815107698636506,1.0085378396302533,0.5628320964334558,0.9006166466054408,0.92619038638382,0.3771768181979056,0.8241261111191172,0.3260609660539106,2
0.5226875724109749,0.05628218693226012,0.146523362968433,0.9511008924837056,0.5673622407027691,0.7835390144743156,0.9481252690808852,1.045751999468918,0.33233380593966827,0.8345619111768815,1
0.6075613322029448,0.9199636839179771,-0.006597213795426181,0.04064237953452046,0.38281270550411833,0.3067138739578223,0.1235065818692738,0.4976148908835356,0.12202059034456203,0.9107316027323971,1
0.4942991354205631,0.08895434059797022,0.12631722901371686,0.8753764049899729,0.5289061706381188,0.7147325638686268,0.8581160276279018,0.9941227198650294,0.35749021712212825,0.8685587819335532,1
0.6179359733706449,0.6348801411441998,0.7258717609689712,1.025414250128541,0.09906135406476349,1.302905947896615,-0.38025204469762697,0.7606776958029778,0.16293500449304865,0.4610770067545311,3
0.7407783189120251,0.58714070492184,0.19037628803822843,0.4098640660963482,0.7030375797764046,0.5380834976594784,0.08386124960253138,0.2681062814479432,0.009940748108211078,0.36610269735043977,2
0.13285718614883418,-0.12993336060349342,0.3395306423749487,0.19812161031005918,0.3940698544639391,0.3366939907854604,0.41392309409686706,0.6214825779503614,0.1619314980333323,0.3091790592631003,2
0.020168340810701048,0.22444170424896534,0.6864603740011191,0.03224137939023341,0.02228219942521355,0.25860596860677104,0.1512618904699609,0.8513349506313407,0.47115016370540896,0.2985662336137628,1
0.8961516737263254,0.5463269852272904,0.11337920878345939,0.7390184771806749,0.2983111354584619,1.162065707093749,0.7052572037907411,-0.022333601135661046,0.7405260530565103,0.17881859120919455,1
0.1956633328438399,0.5636945770451496,1.057299397223423,-0.0787390374009965,0.5982100581361425,0.3484446627479784,0.30281211835853217,0.9475652143796002,0.3477008261458645,0.9997140635836683,0
0.9438923289351568,0.5246917778361351,0.2887107661714435,0.8860419043115263,0.32038357104548915,0.7986472212970601,0.9153211472732312,0.4846470453695869,0.8908152774836549,0.19998795373382652,2
0.5990159285120906,0.9380723860323237,0.4133878405480582,0.901310976958173,0.4725777850939008,0.6659572569593895,0.45134307016031616,0.3490009248962578,1.2593220950307535,0.30369773595483107,2
0.5776411158497977,0.09525266180350273,0.8041498562769882,0.4284249845478379,0.44004555654568567,0.4713045044559837,0.855916812449138,0.6331536756835208,0.01768901267319252,0.191946081004787,2
0.7095082340601702,0.18698306033337064,0.7500295663348407,0.3861822292029396,0.8181252380145977,0.6730491265607429,0.8140611275230966,0.22520499138768071,0.23768906111718496,0.4036454917928437,2
0.5598190742533156,0.7784163970071194,0.25259051821506034,0.443760818285901,0.7614351209746829,0.29957403221820655,0.0838337172477867,0.24413158991330058,0.41598406466369986,1.0364273598293219,1
0.6007580604667502,0.916557909588593,0.001022265107656654,0.08113876051323303,0.37158906553713617,0.3386552057303731,0.13938840927769786,0.49040663104995974,0.15533983112483324,0.9058197102330253,1
0.8769103163792891,0.55553234715007,0.3089464044011841,0.7357453210442145,0.7851973965899677,0.7446793315045435,0.6807384672401555,0.10417702944108492,0.7760068451394763,0.9228997063650505,3
0.7687323401298564,0.7931800114228391,0.4253722015113357,0.4406872711964817,0.577530420847,0.6354486402444259,0.12678761399637556,0.15060084457073858,0.3190499215636813,0.24167659002861613,2
0.7569280744345492,0.6557611783666585,0.18785300399687183,0.6430389711100569,0.7820534110457587,0.8152551842072491,0.6506862808039195,0.13727099121883884,0.7069387140002158,0.8577855733891648,3
0.23259265261866188,0.037206461493417664,0.08690036130462292,0.04811613376447513,0.7566950740331959,0.2978838068148046,0.5075116695397802,0.4661502355603171,0.24574957587648535,0.22067660651258797,2
0.32265069840263866,0.4815189271650223,0.47895299386852963,0.7924507132184079,0.310622505579461,0.5451752445962914,0.588308105898289,0.17788147614512284,1.113205217580386,0.3383312001773323,2
0.05870278734074952,0.9961950211356053,0.24784275202935688,0.25607663505367895,0.7071971361252182,0.656779089244115,0.9334969259861927,0.17771952119102885,0.724515423416138,0.6799916939883853,2
0.7590131286369396,0.8693841859993505,0.24612240614789974,0.09258813945957434,0.8490431311774137,0.3435686724613684,-0.00799374428969013,0.45355634615358936,-0.08038097204252571,0.34782544744071164,2
0.1476103904781506,0.34656091292512575,0.2988291666224093,0.08969397909904156,0.5308441457132456,0.36237970164139854,0.14617428944459673,0.360342008968308,0.9888022828655998,0.7010104872020482,2
0.42008513529561897,0.24009228903281213,0.3866412854832623,0.5995291363613262,0.20509833082918075,0.1823015773809489,0.5607543524670389,0.26188509065494037,0.9745594656054726,0.012510003139751952,2
0.553265755310502,0.3925770215117075,0.8960044572654647,0.7343991907941851,0.495218292664971,0.8524359164784936,0.48919114674988207,0.29072774287339126,0.6251747484389755,0.2555831233750582,1
0.5971872321033493,0.1890701458980355,0.5565952587836316,0.6849432206292421,0.27111852045678214,0.6284630038197909,0.6229692771005223,0.3352945692642908,0.6610509156434433,0.8805126125238042,2
0.805362591058657,0.629394837546706,0.10870397413988699,0.8144449495590308,0.445368676636405,0.9130161991953025,0.8009973565854153,0.1988358521470164,0.8329791900826856,0.29956338978352826,1
0.2854128959961024,-0.2043118504747094,0.558822800056057,0.45742545244087796,0.42098506104515254,0.7781850970909998,0.6970707360384848,0.45513403800865704,0.7713842517956361,0.5671416502349483,0
0.7101195709764628,0.48983980468326727,0.804172903247883,0.6900306401919376,0.6580483421226898,0.9279601554815644,1.0702991665248274,0.007434572531960157,0.06451887757503158,0.5279960237521263,3
0.8232112437335594,0.8542293882477294,0.0654136724182937,0.8816938124575265,0.6447380748135029,0.9730930454134054,0.6700377139912971,0.46980809615837366,0.03880725920739296,0.24866812715213465,1
0.5397357161982819,0.3294580630242432,0.26073829061010045,0.9796862143372533,0.19285180215324751,0.3703087737709019,0.4394372726335187,0.6154324697516929,0.6710448404377556,0.19633757839953994,2
-0.06680805367009113,-0.5545813197401365,0.3402915400862235,0.06585092833043373,1.0509950484094506,0.21989718676607123,0.38916296611980383,0.324931542553655,0.0733065796496303,0.6313780579664815,2
0.009522207228860907,0.5619482176760663,0.43585174281678113,0.14014018147913168,0.6863124851545224,0.3563197784966201,0.049207400709491936,0.17387520760323738,0.9829553956579916,0.936343860415121,2
0.5580252310562356,0.3056371812634461,0.26310380798858585,0.9714963571360168,0.19716755505609887,0.38693261164632325,0.4632933757644156,0.642609842466445,0.6755029338823556,0.20021559077427167,2
0.05730497814813525,0.06281126668609849,0.8643291322630451,0.23653391600225987,-0.004788127741755188,0.2159304985182054,0.7282848883615807,0.3167910866413827,0.3556716556205969,0.42371253987343693,1
1.0377452977462451,0.24004303471225735,0.3994874528504282,1.09203164596163,-0.11839639709742711,0.841726336236944,0.13192078364192894,0.8993167359932227,0.3060513590238368,0.35660960369360395,2
-0.0995322173347159,0.6144303395673557,0.09861306374264014,-0.050748276873561204,0.26345652744337134,0.32874494930124487,1.225021499087278,0.7183082307719331,0.8670641383837311,0.5446206093049473,3
0.7678536076050048,0.676828813868693,0.36165486245239503,0.14928056563485959,0.6525154089572281,0.32472527191943834,0.21118034281805187,0.44881206220974423,0.06962759640179654,0.31339571339511674,2
0.4712401553065815,0.5456411020296652,0.6030246347701341,0.22757813835008983,0.8544115875079679,-0.0973608397650082,0.8127864132695823,1.0887221707859203,0.9473765353961939,0.46406592997734664,1
0.38873782497702114,0.8019984377194108,0.32290238666055093,0.07965526768759895,-0.011615295740308895,0.9936247157506475,0.31548341999101037,-0.05418189864474854,0.11012113911194783,0.7400867069463836,3
0.021389891039328174,0.23019153487253183,0.6953287033074803,0.0161159197411837,0.0366268481523576,0.2871358403610849,0.13723677511402174,0.8736506684631622,0.4618209455293968,0.28526374284167366,1
0.6060587645789117,0.20063442515333363,0.256325854058645,0.24597954251046447,0.575706461638112,-0.016663650346782105,0.5622065119918385,0.7315087833745502,0.6168871202160204,0.6596988297882798,1
0.9726043876703958,0.591730174074573,0.7866151799067828,0.12008247868952729,0.49553633600208447,0.6681411978906939,0.3479757585789687,0.18598057342012217,0.863293924591795,1.0175417594106801,3
0.03152986497892654,0.23619290462643555,0.6990318120992381,0.01680588814973929,0.04321352288601528,0.279364045155458,0.12958810827467343,0.8688768160835115,0.4643250246380597,0.29599746075453004,1
0.2740645360356499,0.43907989380145307,0.421996500256529,0.676960402698599,0.09967337574120916,0.4479077947524453,0.44724476364335475,0.031191837445728073,0.8946243559851472,0.13618825760201494,2
0.7375946160165907,0.903996266169201,0.06332849556457724,0.8631611575918438,0.7181997815596172,0.978103761265954,0.6012535047460092,0.5674667744249478,0.05606011122698669,0.26200446061558397,1
0.5100436185400937,0.8119164796770507,-0.04839377779352017,0.02377032397721309,0.3158497837879107,0.3341494054077665,0.16892393281206103,0.5356182193039193,0.18016382923325047,1.0141285652870162,1
0.7718049457821029,0.0025642325348383954,0.02054246088182743,0.4531626113458076,-0.17357029142728464,-0.1087840889689296,0.09434587718693749,-0.23653692636398588,1.2803856561946316,0.879358335437792,2
0.42409430363050354,0.36474230929963125,0.8817186586490491,0.4623122926677431,0.34872331212646424,0.8841721593256682,0.30963178493568794,0.6958039000993579,1.0676566021284373,0.36202967045678947,1
1.1726514699078883,0.744649943697929,0.825261823369888,-0.009291193119858043,0.06328416386022062,0.6955443782775318,1.0207192766778441,0.5598976450774248,0.4500348057664965,0.9117295788725815,1
0.12374959417467757,0.8783997098957941,0.4522930335184269,0.4301196437654173,0.489253035281136,0.748621312581773,0.914728271988111,0.6341832217928767,0.4412233820419146,0.8947831383735227,1
0.61659813971289,0.8692597415072596,0.19001230428556037,0.051748013518894236,0.7273798471835833,0.05595427647091927,0.3017044400458096,0.38578810913345607,0.533605570517351,-0.00515984059709698,2
0.8439565694107838,0.2670516108817017,0.5535618967219762,0.5210825626424234,0.3702779823248011,0.22592275319502753,0.1082770296002368,0.3856492188644576,0.3957130400100855,0.6131136980625145,2
0.19265084163099455,0.7678478542019911,0.3779749670353398,0.40344761866396256,0.4124940135534581,0.6863803688657514,1.026613282492379,0.5790641155032532,0.4838519123207293,0.8331109139242785,1
0.5137265824636245,0.5571384255567275,0.18914285990628432,0.7984914237923055,0.2019681082900934,1.0982988081486993,0.16435239829085715,0.2872651897643616,0.21174605325459728,0.9601163678054878,3
1.0041308095912191,0.4917164487154273,0.7257020533804036,0.027694705674412234,0.5042519001734403,0.7579584210064019,0.38837493993231254,0.3028510458150929,0.7993139426802004,0.9962442640892836,3
0.12118413709427477,0.5856874964927471,0.4761047187841244,0.056053707199639556,0.9675066387293785,0.7291711347408116,0.48070428967623835,0.5304757223749027,0.41208830057924023,0.0762020937490891,3
0.9294898709128632,0.6896110613011449,0.15045636257514347,0.13170168631734777,0.9539247645579194,0.6399246588668784,0.3020881946970311,0.2838171880508905,-0.035044526568656115,0.49345344071547986,2
0.7652993251525464,0.5236340026773486,0.20607782657946244,0.45517683659548286,0.3011819594024581,1.1645402357460302,0.27944659717392495,0.2004566274081655,0.3081634177570907,0.7012580714232456,3
0.030693152735826835,0.12182386022985804,0.7526463361595833,0.30921883614379414,0.07207807625149694,0.26293106974192204,0.6084419930796575,0.431961717343354,0.29546661117142914,0.4559304649095039,1
0.9647579547796378,0.9585079552200749,0.036045569263136554,0.9504244315060947,0.7613551659053477,0.8854464486354623,0.6285713881658713,0.682400329692567,0.14347753490019727,0.3426505387498607,1
0.9879036436960135,0.5693107956649055,0.802076409126556,0.12043527359040083,0.5440203663320102,0.6231865201847159,0.3721489669445046,0.1458547433469666,0.7700514377824451,0.9823708054201917,3
0.572791402143675,0.9179483332294359,0.009329708168769473,0.0648384295422287,0.3762452549944732,0.3603624483727456,0.1503423650909282,0.48475000301867144,0.15717018947381967,0.899782483202049,1
0.12599669969750318,0.576872098937893,0.4776593842945626,0.059057692074992084,0.9651834071959383,0.7209076749586312,0.4990147640267285,0.5252331626038919,0.41580516573081194,0.07395231254820339,3
0.860236232682142,0.6792186113332681,0.157216757008385,0.8197118054513622,0.35979064736664923,0.9643576504523463,0.6860421789828609,0.19282556400584921,0.7886285791701013,0.3188161590513147,1
0.7332278547007451,0.2803788871751695,0.1507853104702671,0.5399198086992422,0.01815345750278391,-0.05715090977352677,0.6327947099941298,0.7323280198509827,0.4376701919862893,0.14490578084303513,2
0.05519626066655052,0.22613276571032814,0.2856066164654214,0.6561411227411812,0.5260042409120413,0.8693150592816058,0.8033895596607082,0.3049560835894697,0.7261513374045103,0.40251121175775995,1
1.1236545172230765,0.6262527837064358,0.07909406360899324,0.7286514092172485,0.1505327714177002,0.98391826042221,0.7732379493140462,-0.15752099386426532,0.8974089882395132,0.4004696651015305,1
-0.017111941054794022,0.6718320273499562,0.27557516702059204,-0.5076656722334303,0.799378121263947,0.2350194666611937,-0.009533018924943681,1.5356751234149288,-0.3948139011664463,1.2461400017486994,0
0.144369115458285,0.19285337680257186,0.02247484361106942,0.11269921504843572,0.5522497030397354,0.46374556566536335,0.6968890386064546,0.34148545713889034,0.10249528468584651,0.11043058414295039,2
0.7190578989675841,0.6696201343361097,0.7319702032757799,0.38124213117534556,0.7367466893045046,0.6466893706168801,0.7528205584095164,-0.003780784529396744,0.2446528683939773,0.40357755384300686,3
0.6280211227625486,0.9021982298944854,0.019884350108294292,0.07800596931534673,0.4028989237196528,0.30768574650950403,0.11564240940598713,0.46422057901621905,0.12809396675235699,0.929705106158025,1
1.0033416399314443,0.5449922711021532,0.4139498052617873,0.34814299299617313,1.1835592119924576,0.2663574313809776,0.752909110011133,0.029158164494080152,0.31275238170523584,0.3401998480882205,2
0.24309525248676161,0.5296622970952515,0.2432912937008145,0.6974320090125713,0.26264629123105254,0.8924393029689737,-0.10910825028093546,0.16424006158086554,0.14784838044582838,0.6589184514579379,3
0.9137317816670258,0.8394833293726388,-0.11473757224653008,0.16014629469987995,0.2695537746694071,-0.41558723997345254,0.6158255577011558,0.5685057944878749,0.1538083126422855,-0.3684877199570903,2
0.07005325622509755,0.3111953435624327,0.5551010007678198,0.6504146854653831,0.25541270066383365,0.646952693332864,0.7203984491818589,0.7830258590581618,0.3205004790298456,0.26869852944016714,0
1.1664687767381519,0.0837486103071435,0.822983202098857,0.9172714821787947,0.9588052110144742,0.7188452909934334,0.9320068798232967,0.7061855601402107,-0.19601298378725246,0.5133539819019246,2
0.4010581067097393,0.0647481074285766,0.21921769592268497,0.8338469090287971,0.6553204972505337,0.5918414192958361,0.8683892592207547,0.9682814109698046,0.4458364330497584,0.945837050631491,1
0.3984575202607868,0.8576117166969737,0.03780075182680515,0.600225652204848,0.7030045274297951,0.8510305377624562,1.0122206126300162,0.22667571632623948,0.8898116671649023,0.6286807387714511,2
1.1324041901772908,0.5502275549627614,0.7620148635618256,0.1027345765636076,-0.03797205278986149,0.6202464341267145,0.6971518102704182,0.7870646346024407,0.1615015686834886,0.6513211420912568,1
0.017804936897574543,0.24131848273863554,0.6817971321023952,0.00015299024751618678,0.020247411558500364,0.2771962415326875,0.11973517359148754,0.8657669967645677,0.4716217778976769,0.28160730555574065,1
-0.05110649102408242,0.6221937866009759,0.7873515561015088,1.2031002914490316,0.6268426969114278,1.1314370953800639,0.4999102528510879,1.2776428492555076,0.12203031447222071,0.23703063006614208,0
0.039279929921210835,0.481335389782642,0.508887610835412,0.7728730896588069,0.4262003803596929,0.5720644072510135,0.5216208539610442,0.846121088253701,0.37256271291364573,0.17609577784006838,0
0.745461875436286,0.8729809216157188,0.5833404690580095,0.7361743260646798,0.44275618649780646,1.12882726845767,0.3141709928238648,0.45727762575467196,0.23129608899818077,0.8877883418354198,3
0.014427292594517527,0.8814868541784564,0.8850206646336214,-0.0635500232428289,0.6947623027572463,0.48540075042444863,0.7449015181622755,1.1711305079475003,0.5540794631677004,0.5615724855357316,0
0.11145706847075411,0.9022218161291251,0.3967243984753643,0.9902534119665602,0.2458508739634243,0.061988364802586016,0.8499020894493561,0.7302600984910348,0.12350725249495605,0.7050504052394222,3
1.0135977322410714,0.5384302821567319,0.22625737616721447,0.887264435877236,0.32463452943272314,0.6722156557229366,0.8931854731988456,0.5225155913587471,1.0014580314621744,0.33054996835920103,2
0.7752134799699613,0.2167702696310076,0.5545115818736026,0.8135024042362774,0.5451425447262732,0.5332653419332255,0.4400398157142714,0.26599324783446876,0.1130851609782968,0.6235425408309454,2
1.1695330375997037,0.9988789416919363,-0.4607158392412154,0.6569520627698047,-0.019904293329980505,0.35146979439122217,0.8752922281136101,-0.21594079917832648,0.029468431529569267,1.1125205523246136,3
0.6291788586248259,0.13591225466788687,0.3084956197501187,0.3111971631560316,0.677243875733634,0.06866854158228997,0.48485981762951463,0.7128475945059809,0.6785494591930142,0.6941996494355357,1
0.2432593603167106,0.3457173262619513,0.1700499603326198,0.828010972392575,0.6429989642015761,0.751923118051315,0.9997715364849965,0.1662772917087217,0.5440595424103382,0.3332151218939011,1
0.7649270159640831,0.10885820294887918,0.23709836440239906,0.49330237118736336,0.28518068718736916,0.6069145406076045,0.850898410833238,0.16238583594534226,0.6378678592188969,0.7094053428368374,2
1.043671825477221,0.23831428515593367,0.18644984142481735,0.3985717815859617,-0.043980103377427415,0.9580567085632865,0.6352012610947291,0.16425415260062554,1.2382313497283282,0.8280789666409111,2
0.405942432180462,0.9123722326237929,-0.45653329545327137,0.8808994255741343,-0.8642440288212083,1.652862821524081,0.2928395028601401,0.924473628892902,0.24635069165586249,0.03555581403528629,3
0.019737213312408346,0.24721842556109916,0.6935605889207351,0.014130605566340776,0.05014187555881064,0.2824285275460555,0.14008100999048606,0.8626438351139423,0.4705079897075284,0.2876211742375554,1
0.5812310527444531,0.6915360637018112,0.40577961710915517,0.49575288297037656,0.11079139333471591,0.993735205125722,0.12693745171327142,0.2762322706021114,0.10276013449135114,0.7305009849035086,3
0.5033110769067051,0.08913722921782644,0.5752021998361454,0.6740757593180083,0.7559400662332818,0.6168224873291857,0.2657288134166385,0.32830070177377046,0.3353543787257095,0.7810973768381927,2
0.5718187287687533,0.9311296567966493,0.06678513972227818,0.09720195004905538,0.37098096677130665,0.2707195967198149,0.11801103987927511,0.4226984320111656,0.17778746019829852,0.8745871635681189,1
0.304414922379228,0.27550679042862664,0.5352811976256637,-0.3084513418779019,0.8003446969634851,0.3316275970226143,0.7534993213446913,0.5623038356191177,0.4727454218788286,-0.14078016422584616,3
0.03241674306562675,0.8552975280579955,0.7763498032517067,0.47449960979207184,0.3678773543027661,0.13263944170926034,0.42269779093336446,-0.1881424059310045,1.3277302754114602,0.5304016064985364,2
0.7080512510944633,0.788740297341194,1.032084944242157,0.19522481095035743,0.4434791251172645,0.5998086745802687,0.9391135708705315,0.366968290979921,0.19897206176914162,0.7257188751686581,1
0.32918382359577925,0.8866061806598395,0.9692151109706002,0.6145429767322236,0.05481743982595069,0.21510439889803257,0.20519854946572602,0.7582731833326241,0.07132699833025716,0.27463576436283754,2
1.0690140441803009,-0.007959392831699275,0.3907526959909175,-0.0218805570059267,0.05807932536738047,0.1984679886182181,0.6742351398458558,0.8091361650762618,-0.04839027495943535,0.40454995772487534,1
0.5783766055413122,-0.8588442439148475,-0.14864194323239693,-0.4946198528036233,0.42111650843230153,0.4348625309235168,-0.15828003166666438,0.7402935639210182,-0.35633350517005136,1.0365877400308234,2
0.879578855075868,0.5541493674344534,0.3128533218428232,0.7343701138138922,0.7785607882763923,0.7475028128537586,0.6845226827724051,0.10434872387440754,0.7752103721516496,0.9275711501561335,3
0.33060262313949634,0.8604320825716167,0.997398197641067,0.6031384662268763,0.0635633557341729,0.23863200972319445,0.23912949265114683,0.7694035665459955,0.093844342133241,0.3005276182792307,2
0.16732201405820799,0.8160279680756091,0.931142314748957,0.6025597799937835,0.3379886080145643,0.620767368247013,0.914710762837743,0.6006272490047052,1.0253155962892633,0.4348886083126616,3
0.5872156503641043,0.24668638150075436,0.32434119410430395,0.6116934455035341,0.39875488910670054,0.0685490091886152,-0.06711160853246481,0.36019823658610967,0.39382215511898916,0.7070155171666401,2
0.07613353052693955,0.12892178978716665,0.7897688430378886,0.2928579575599713,0.07940169178738776,0.2615608468179517,0.6131451043720821,0.3952545960768839,0.33863321313643213,0.45960958844029803,1
0.5857651931697759,0.8710890889222338,0.16210136950891854,0.11172653196114213,0.7771354747304643,0.05424573380079698,0.25598206493884856,0.37113086341519624,0.5837628593972839,0.006547243294550735,2
1.0241085693260374,0.49788427938984714,0.27297517538964,0.8613157717066834,0.35164099153051115,0.7574760201019275,0.8898482639353471,0.5415014186757936,0.9116725731478055,0.36020620033040596,2
0.24401955087212704,0.6903766300651633,0.9462036581385358,0.07760758264034451,0.6058910031382794,0.3740765431582933,0.44358631053822994,0.8478645300269655,0.24892003556184575,0.9763160917110751,0
-0.10862643212994794,-0.08799550070277075,0.002236239133489526,-0.20726290188138743,0.39426676698857643,0.7144498409556043,0.4845869580628693,0.24490889229908056,-0.10007868553879828,0.3432246801776835,2
0.8474361435279547,0.2758247304329199,-0.10041298178602304,0.46098168977363885,0.621916296045071,0.32254619859715905,0.7644736504453877,0.537319978642466,0.37059300519648575,0.5805601881181144,1
0.00016294074218504984,0.8845143639047508,0.46256541275308694,0.5667268659625706,0.6439545923705794,0.889777945962083,0.90870668031481,0.5268155409541652,0.3769912784208991,0.8276049708015768,1
0.03269684570808338,0.10744540681065153,0.7874118628921122,0.3075815607821529,0.051837384455255556,0.2696887695795862,0.6254644968046508,0.41472501307645476,0.32344928388060007,0.4411679992129631,1
0.5495058838083197,0.7468886502823741,0.7666524833521162,0.6584555271441493,0.30685173332276494,0.6994914847848169,0.12876054655814403,0.784330738591116,0.6524431179701944,0.010834576717027616,0
-0.052237224256441284,0.9488835610592758,0.12974127809918928,0.7210819343387471,0.9355533186523266,0.9005439723003816,1.1649283542147668,0.15571700201675165,0.6501895160275958,0.6488979331956962,2
0.8632302359268478,0.7430285062217971,0.5947894470104163,0.1915798347800562,0.6315341554932987,0.8378624625102984,0.3897900467515718,0.981068300744772,0.6788758486056594,0.13543024826046288,0
-0.423051355893875,-0.35965179803163844,-0.029202550250346113,-0.5718904014457546,0.4207541274923904,0.633986068650745,0.987335460145209,0.2735742815754316,0.5423458691016183,-0.3761999636725788,2
0.035844801187222296,0.1319245033702772,0.2834125082640074,0.6073390679161464,0.5720766360180012,0.49784721255323816,0.5652795772414462,0.4950405566220093,0.9223328252168536,0.8299090381330695,0
0.5842752945339543,1.0079936947772943,0.3264145186668289,0.16165376868472464,0.9834632928863482,-0.01865086355063282,0.09509969386455977,0.35002542558844324,0.37363169051657646,-0.13697765319844502,2
0.561337077589965,0.7945849278212672,0.398540713393001,0.29069820854531647,0.7757973406919507,0.5509542085418544,0.2326608974072042,0.3369263153998441,0.07893617894694738,0.17320414585201,2
0.2689821867069648,0.5101292454713392,0.9462955372456893,0.576683737164055,0.2711593201491154,0.7225947693910315,0.24516827051083134,0.7980777885395101,1.0278555337496023,0.5616585462126247,1
0.8154267638906512,0.06942908088230741,0.7421477538615375,0.7657109975339476,0.7625944951989465,0.6710518455900017,0.7939746425137382,0.08425701907500083,0.07633244193430397,0.7143308324553918,2
0.1789209564751131,0.09641404357387023,0.38070576575851417,0.5723730920744476,0.4990814834386785,0.8847348305663012,0.07793979255444536,0.5830997194868408,0.3197671391042465,1.111070806007645,2
0.295180371074386,0.8848998363524967,0.9472055998579173,0.6138323653550118,0.06924099645736415,0.23737971593703988,0.2152450459186588,0.7971027528184513,0.09946242580408339,0.2667594100055996,2
0.4590912860218241,0.2610095291559814,-0.0828589097210673,1.1941579561299291,0.1987938056933354,0.7312957853843989,0.6226386934824198,0.40562947854013043,0.07528791472577735,1.2336809435314846,0
0.37065307199471864,0.6590666418190619,0.9072579632555836,0.18170917084767024,0.7012326766968753,0.37186105396732017,0.34654633982379,0.7521854538949007,0.19028540550518963,0.8772752849063855,0
0.7857278093509885,0.714287570277046,0.04889800415387169,0.7491564199235631,0.28361220266304893,1.0575122729603366,0.6415318119198978,0.18842734155965352,0.7476646525659547,0.24601462751457492,1
0.9030345692489097,0.5471013590896836,0.3653084835572823,0.7112118648440964,0.7344755667259496,0.7309315964210946,0.7239528474117143,0.0734032966878814,0.7471287574874275,0.8853865262219345,3
0.6616898485080991,0.8993163213845887,0.006410767026309334,-0.0018128773658965258,0.44778135846113304,0.27053514483923624,0.12550453686197635,0.5059708461365829,0.13286876976439274,0.9683683508221492,1
0.47017659465761485,0.05455335442147802,0.12994051796386022,0.8656179680997995,0.553512846298587,0.6827194652728685,0.9015092319459626,1.0103796367503624,0.3486172282412914,0.9100293103196859,1
0.8589495128727105,0.5671079287429917,0.286016516802276,0.7152993226054257,0.7520246696512777,0.7759944698630353,0.6460584670215814,0.09503026051943364,0.7663001939117478,0.9506925156330529,3
0.03568502719370681,0.10890502649152542,0.7812058658217674,0.30339772460955333,0.05910333142811337,0.26899615695572465,0.6405482658609134,0.4075075889155021,0.31813769397494174,0.45519033675801684,1
0.10808965128007035,0.4119303157925827,0.44579341697569586,0.7184717669118367,0.421007730741576,0.6165105987151649,0.5592562182759581,0.805355950575393,0.4004619344137312,0.16724954274950837,0
-0.027307476267175376,0.8231443840119501,0.5415535533494241,0.5062537358262118,0.6177661477502456,0.6717358307847048,1.056079994773598,0.7302897320358792,0.6280564035834343,1.0887669569548357,1
0.8665188461588235,0.3731353781317778,0.19490781902616294,0.9050964626015796,0.23819546464108954,0.4478372842967305,0.7493240205035403,0.1975101928607147,0.6948783136168231,0.512114985971772,2
0.46411353191307897,0.28900998492002355,0.42331883475463605,0.544903040973058,0.01774171224083801,0.4052321378245063,0.4524965949667687,0.21234120246416055,0.9283873436510269,0.26599200003718737,2
0.5990700099274496,0.9118335395985974,0.0008939032533304804,0.07718804880286684,0.41658886430056696,0.3434288905783889,0.13186421936405637,0.47511693844181974,0.13392689792411558,0.9496301890749563,1
0.5134807777789265,0.7750152041519605,0.31403805240302424,0.43116574027015525,0.5428621162874266,0.6033450750765407,1.081326672996289,0.3160099775787965,1.0030549013670482,0.8377605356781662,2
0.979204900196724,0.8128501681440744,0.33959553979620594,0.12840145818012408,0.6105318758647786,0.8994488186553588,0.6819306455042851,0.18712029642734615,0.21267342279311036,0.8920496657197188,3
0.032609971568341244,0.23038159004279096,0.704860981164127,0.025315707870772246,0.03548520791336859,0.2717892445291138,0.1387667821617387,0.8758705199002088,0.45936396145075237,0.30193054736256847,1
0.44796138710240313,0.9308280474854717,0.4342730386552998,0.6855624217609367,0.760006049563291,0.025865723312447464,-0.1530924184847059,0.1767271040039317,0.35906954230224997,0.9898704108279166,1
0.03136829260365576,0.23700919216436983,0.6988351845430902,0.017740260860558837,0.04213528180270949,0.27859320974033314,0.13011600721260255,0.8688731368862055,0.4635889143341821,0.2959433259258789,1
1.0554977328260422,0.6342540910834998,0.34102892660583095,0.8589640560900309,0.3356809319591235,0.7298019932458751,0.8629081026116171,0.3667144716467776,0.9557482608106987,0.25635148109848993,2
0.9096153160122451,0.028050947683211674,0.7228128344516208,0.7407270880034759,0.7505519996893242,0.34837136478476055,0.8496681565325314,0.36484306327863664,0.34396360162998263,0.8842549449268898,2
0.3655064406111886,0.4825942466253338,0.49482543965960124,0.8922908110943426,0.4034502677497896,0.18139973504792495,0.28788713476965033,0.6841133842390635,0.7717172319083614,0.46407655249403823,2
0.2459961690360777,0.9226430409855099,0.05267481047757452,0.45204938484838464,0.6464149371568956,0.7552380517570663,0.9575486171260883,0.22163831493862907,0.7263972695802607,0.7518021524741858,2
0.8614443323999377,0.9639536218077517,0.41546093593306965,0.8580483545151822,0.37570590504267487,1.0182380714283987,0.6879694308100898,-0.1500127027847497,0.18852050745609888,0.983559535159597,3
1.238267805949615,0.431118981961273,0.5457840126507889,1.0880002549776981,0.7634384862664636,0.60741704953778,0.8271774828213166,0.27717981009907156,0.2628511631636171,0.436646356654678,2
0.6167448170941692,0.2904139551158609,0.41715727188428253,0.223300208751504,0.3153977820307494,0.6900854844071815,1.2546312642094488,0.8894845923601848,0.3058597620979638,0.4126320929778795,1
0.930144772347497,0.6216831059088586,0.8157522498731565,0.10607899317832947,0.5664646213773301,0.651907508595847,0.3412704006398368,0.1834661277924155,0.775253348789684,0.9374129405212617,3
0.5873873621705571,0.8873504223711227,0.02113069864442827,0.10458076293152041,0.3479383149901657,0.3107867749060363,0.13637784467463807,0.47960836070090784,0.1665913136022481,0.9310935299721407,1
0.3140225085447748,-0.07742275780365943,0.08248478533130056,0.03632130908034639,0.8233557162463402,0.3153810067464436,0.5345721831474501,0.4650630184853294,0.24512696007680118,0.1707697828196081,2
0.6571080503645061,0.454062856502921,0.4445106833977816,0.7456137161902474,0.48133752263217844,1.0344059171595221,0.6245316482890195,0.5816228058361513,0.5246913495502422,0.9358585112717566,2
0.06994485097564908,0.790261832018233,0.25552211179764056,0.5100399418532992,0.8810973188545953,0.5479365260791607,0.8937749322647899,0.6829613099186963,0.6615624319089385,0.04475091196838606,3
-0.08080474275470528,0.3062764530743301,0.17713878353140833,0.8389612968260819,0.3817764528716483,0.922082577331571,1.077451904418558,0.543340044449732,0.789950998082816,0.7443323296966542,1
0.04831892342718046,0.43851764178734415,0.28841706432858394,0.026519599072489505,0.5373885351619551,0.42615651919499875,-0.02140806973410042,0.2015897671783458,0.9142954506498194,0.8375394201212563,2
0.2632591175456224,0.39418585105546494,0.8327915110551996,0.6752353210553524,0.4882086571151205,0.7653800967271067,0.09303313234700647,0.7480430375329084,0.9782579498505511,0.35713723410807496,1
0.8622094418703599,0.6511259921420908,0.13389679628046114,0.8175964419541074,0.4507770457298351,1.0477932202610558,0.6539629729093023,0.22835769531288014,0.8964225444248776,0.3077370878859942,1
0.9799915478056167,0.3191301092482147,0.4128406824778445,0.4666027419574629,0.8114107284142597,0.7191897270114103,0.4808424901178704,0.3130399937770935,0.14395751919470287,0.48868127798090066,2
0.6021478025372172,-0.05408286940824754,0.7961769248278197,0.44178680822118843,0.7841566769997643,0.41886627819606936,0.38630751937629154,0.7219095974843417,-0.3213332481574612,0.7525960623594169,2
0.7566397983045402,0.6138059334321098,0.6429037873413983,0.4988267212502446,0.5511933625891964,0.7418323902751,0.9457971709441327,-0.0007216473892451142,0.16208265810217426,0.31391759572118355,3
-0.031434191826110416,0.16019570345256398,0.36307968701346277,0.8051081220002734,0.5444309710322698,0.9127832148250032,0.9267354378907471,0.3814882249230736,0.7158331890089183,0.48068367763486014,1
0.3833621493391455,0.8717684148496329,0.9235028852485361,0.6092767408481329,0.08833387922796683,0.26057665390414303,0.20578602927238007,0.8100592079711628,0.03570675822965361,0.34351334262476896,2
0.7396216459144688,0.5632301152490382,0.634781469704103,0.605696043160687,0.5935356641823709,1.1591582163985663,0.39630179610616467,0.49780060188885167,0.953232956910627,0.4280917597341497,1
1.14089507851962,0.46823094548076544,0.0865867346479659,1.089112287439117,0.5481739594293042,0.8368813534701198,0.7579274644839965,0.33990296462626296,0.6876178831451771,0.49128907375287817,2
-0.14698385319847418,-0.12028007152390319,0.315439494548691,1.3197777247547249,0.17246660839291658,0.9279454806364822,0.5568428047071174,1.1169293549267196,0.6302014014529602,0.8787982551131778,3
0.42041498729801874,0.2943481397469154,0.5473934559483585,-0.173002687433437,0.9570941108609066,0.10828903798793266,0.43610131829751664,0.40923823441916624,0.5317716201823128,1.3419672337092112,0
0.034403428138661755,0.2327923435720696,0.7013089105258469,0.015769913130229535,0.044892189591126744,0.2822205437877418,0.12687885875462657,0.8674080285488404,0.46394571156790515,0.29923456709937424,1
0.07583567268677509,0.08463390499459558,0.7621507032941911,0.3121898647889924,0.038250736239690594,0.2656176985615677,0.6577331962615477,0.40760592745379076,0.2829928501836307,0.42925219148304083,1
0.7626535829574198,0.3966495389495762,0.8824342222098484,0.7342602017660846,0.5345237628617452,0.6057332697903087,0.06291276710749708,0.7032074869579097,0.8495753088479631,0.3902778832149754,3
-0.023327425601404536,0.8253813002892322,0.27688756972514306,0.5730813411351758,0.49817752305840857,0.6628279864744433,0.9172474161439405,0.49332971412428794,0.5197263137566219,1.0385859141247944,1
0.049312971646472636,0.7858453949204345,0.16426317655154166,0.7542693860382957,0.5394669442499462,0.859636772579718,1.0743269791998429,-0.5327712546680288,1.577613577277414,-0.2049911969539181,2
0.7882171424856834,0.48095422400523674,0.8755225090744936,0.1648824248185818,0.7196417174144837,0.6879092787189484,0.7099108613524485,0.501250002495182,0.2002845758369789,0.10608801796769869,2
0.09202706898031512,0.19649276412890082,-0.2578330674695328,-0.09874695629581962,0.5002264329637256,1.0631164394339039,0.6730572537435949,0.6092637311776172,1.1259683471891224,1.3527956305741697,3
0.8701643575738076,0.69569389533473,0.13603959373685764,0.7937889089723732,0.37368354174054885,0.9648136814419248,0.7133933283869102,0.16510714689771575,0.8175916763407768,0.31240465157449904,1
0.5612232400953457,0.30181837232004205,0.2661717125641188,0.9688042123486873,0.19811399720679024,0.38353177063067734,0.4583691709317581,0.6393468411848191,0.6753346432915663,0.19468624545746457,2
0.27056178702240397,0.9556961031358062,0.17957301859720856,0.5666943596650686,0.6143260305512387,0.6302883877552667,1.054276010397096,0.15291281293465114,0.696156784157508,0.8293907246825486,2
0.9054582935361813,0.7335053098778173,0.15714493621994644,0.8146065823196579,0.3801316874012036,0.994428614133565,0.6999685709435574,0.14848468315931204,0.8212456067241857,0.29828161590194835,1
0.10613506525045693,0.16656466811583037,0.8111827417569443,0.2755243458128737,0.06135377651009649,0.2180941297783785,0.6049263196351741,0.3414534240201672,0.22868749356038204,0.4253005654242932,1
0.22442976957471641,0.3104631393815489,-0.2827392992301583,0.3473687741109109,0.7184428690240797,0.5039736546517734,0.4800263245563735,0.30520670249213644,0.522454232693076,0.36949525870314226,2
1.449002219306068,0.37268838127421233,0.19988715306138613,1.3026724261763039,0.583543913349281,1.1833435866633395,0.8112826247220395,-0.44573337888821074,0.12645563252940742,0.6885535261341359,3
0.017109183361886125,0.23856855979752215,0.6841741704829087,0.02166400874944638,0.0422667529464587,0.28958291315225326,0.13247502937245714,0.8732583467184366,0.4787354005526131,0.2920972977536125,1
-0.01228879063374258,0.12305934870581844,-0.018223485586444876,-0.049677588156880614,0.3147530601934183,0.10561937911940128,0.33684815144919394,0.6162552001006283,1.0072759183326396,0.5557985082502499,2
0.14605080438822293,0.7431143659437793,0.10804301541323108,0.6011334813227845,0.4949163856823058,0.6283229468444695,1.155203971418528,-0.027483085718120748,0.6559809874025672,0.6709335865872667,2
0.6128177361270886,0.9131386060918993,-0.006252622168427905,0.05744303619619866,0.38905585319303465,0.3413128742969117,0.129135197207683,0.5018089391492843,0.12720862809372965,0.9424662408441844,1
0.5453807901336821,0.2648097511859606,0.7579713477707436,0.2692927160461143,0.5956300816920683,1.0145821985701562,0.6755102374282157,0.3927714208723614,1.315079105032198,0.6061860009453846,2
0.6070891241514413,0.912050101325592,0.041052240776198186,0.02729334138104235,0.40295799297963214,0.3285365425384317,0.1506691255474913,0.47926288390663097,0.1275902904722761,0.9455365695342847,1
-0.04337207754712505,0.1330552168598891,0.2541395576235434,0.719071912091859,0.4412982467500828,0.8537009111721592,0.9770027446018767,0.2540341372559085,0.6026779238496689,0.36339956714211813,1
0.7040034280323427,0.7956504424299796,0.33675776115896006,0.24032173728984121,0.7994908295265338,0.3643000778953884,0.16721450952649075,0.37102640370858964,0.07798855859170173,0.2709953804917376,2
0.12192913236916908,0.0996442670471972,0.4202928295310726,0.637479978311523,0.42577963664723195,0.5430906397128908,0.5776288564196977,0.4492905745598265,0.94352776727949,0.8772703210881148,0
0.6820332908156058,0.32266488067040144,0.4659583274656894,0.4233774363822292,-0.12391323019678713,0.701207153085045,0.9876562731553885,0.7978521288000481,0.645025354758186,0.6504387715178627,1
0.3739774752004871,0.668357819853308,0.2518407080438152,0.1561986674478104,0.7824065191168975,0.6153035056619873,0.7541914098137443,0.3277592930945814,0.17368427716836665,-0.11303765132008514,3
0.21610304990526039,0.7411428220167909,0.3402270746254553,0.3906621649216735,0.46383833834313615,0.6069103405467049,0.8148406601483397,0.5986977413006429,0.5262566324338871,1.0492198668923325,1
0.8791154606553006,0.563643694577358,0.29993055927570916,0.74057508226378,0.7757418196841505,0.7556174308858312,0.6765794373029379,0.10277858561644215,0.7630155642352912,0.9246542450897385,3
0.1749190152116668,0.8959101434846332,0.089757390073821,0.8212335996265134,-0.32695898791560885,0.047243914940344856,1.0381867110985155,0.4715026059691868,1.0979895023998039,0.44133504888979447,2
0.24729020246671274,0.35304385629422325,0.9150029853902125,0.7071712174679492,0.4346727495225553,0.7152833537160583,0.14173521439373404,0.5915538654516562,0.8936239507752771,0.37725016308059484,1
-0.11217250749891919,0.6395247116504081,0.3868252886974692,0.43377174420466436,0.9944731092016112,0.5924792836874554,0.8550894661937267,0.49928803237430325,0.7372940533520459,0.23163510925291592,3
0.13352991841611922,0.11562268141653315,0.37869157378770757,0.6399225059596835,0.5573574402599512,0.6265305462273965,0.5953282383912734,0.3796617968726916,0.85056160923053,0.8645335773543208,0
0.28285033021830025,0.7023412565656456,0.04044514928855241,0.10469544237383882,0.16471867567559118,0.8671017249495225,0.7615378745888677,0.20628792168736892,1.0074189792801673,0.8457965533741606,3
0.3935634825232035,0.206260879158433,-0.23888528458146074,1.4267250518429606,0.0798467215298248,-0.36759824085163273,0.7721564101494013,-0.13703300301145982,0.9988886089110091,-0.30251687161656793,2
0.7304534166126704,0.15459280500831032,0.26743041224356645,0.2863122218553429,0.6849860486574437,-0.0494761071628301,0.6311132871938168,0.8350095878060757,0.6548388415365018,0.607838973304693,1
0.43691216844261116,0.19429576535218085,0.22159526934151297,0.40701371021709903,0.09225782577008168,0.3453883980529383,0.42831730752811287,0.06297492543642189,0.773388504650793,1.0224457438140966,2
0.695538195382659,0.3637599741495166,0.6807481250690204,0.4030853481890019,0.6377131030902929,0.5691778548802863,0.5838329415598759,0.359487606449834,0.09241397434406458,0.1622190445500037,2
0.5036481031914443,0.772156991706964,0.27831830840649013,0.5086727478033537,0.746050625348241,0.1891259434109761,0.04157148940670419,0.16247236823484912,0.5004277266035128,0.895316848858353,1
1.0151209536055885,-0.009569160451762926,0.5456720834705173,0.5451376727417715,0.22582977094310358,0.39445225718126,0.24895902252015667,0.35597779681039804,0.28033424072748336,0.847630744199813,2
0.14593786617007892,0.6289752869262277,0.906763385498266,0.41932079473195427,0.2567443997487852,0.5634520573401148,-0.04813698380654696,0.435428924169489,1.0043672874988403,0.57488699305307,1
0.030309061707851283,0.23665629114951356,0.7228659492166959,0.01408050935851601,0.0507548611075468,0.253643432327489,0.13765953267126319,0.8883652050505423,0.47283285038247036,0.29214699961599994,1
0.6284436691747249,0.6884349286178056,0.7116331653782979,0.4331742762739151,0.6981023346010844,0.5748977747818097,0.8731711631285778,0.039778142759773545,0.19352969160536065,0.3100867352842532,3
0.5694279287278848,0.8616591037810385,0.3164777267479895,0.29162189392079924,0.7887337765691902,0.48516338420375055,0.2358287111319586,0.3726754469200426,0.031581212328529104,0.18214619299191376,2
0.585648484547642,0.8602093391508999,-0.02685872607889049,0.04269705929914523,0.39807712535270434,0.3306861357768506,0.169221272848664,0.4326214795736817,0.15220135459759665,0.943119243183983,1
0.1736885397455295,0.6286780150744931,0.8567303934403633,0.7779334434147269,0.315435292235223,0.394040737018011,0.0330519324715437,0.5334446751973267,-0.11686533306648256,-0.09817571235917363,0
1.231805737852008,0.5394425994037909,0.9595802945964343,0.18160759575842098,0.451869389452784,0.503856627746383,1.0012231830738796,0.4047704565015158,0.7887105505054495,0.9986800045104078,1
0.8784505867123883,0.7143829116861825,0.11451322658775771,0.8113381750408821,0.3501432771908013,0.9589837752194367,0.69306757340895,0.13906015523736323,0.8200862802337677,0.3374892159342703,1
0.6935277666775657,0.71889518294277,0.4991546443498631,0.5982689517506434,0.24202664628670226,0.9629700233749673,0.4336510871980541,0.8409663342396116,0.1657637021065595,0.420708752350928,1
0.770480516039154,0.4038993097294672,0.8711186460897153,0.7260107398220432,0.5263687726182362,0.602410470760869,0.0722213604720374,0.6923003544178865,0.8621514199853838,0.401628793247791,3
0.3296449343056242,0.8727471853435059,0.9810114084423567,0.591567021667118,0.049023062231447485,0.23590624298146826,0.23051927894122962,0.7751841328939486,0.09292021253639636,0.2834214106027551,2
0.7280062373891593,1.0751928137883662,0.2403499552115603,0.13112930464233205,0.6675057166620434,0.10177062403101847,0.21727774003663086,0.3548243632320369,0.5343725990538352,0.0755105458930344,2
0.46356527133890013,0.8114466117628032,0.14955090242344754,0.1304445849939857,-0.030254926866607412,0.9534674372346903,0.74741703097605,0.4143375475863168,0.9267120034993026,0.9702330124144957,3
0.6475910432206493,0.9583624816225973,0.2054931219223003,0.176440712190781,0.7698656073785851,0.08450807384942953,0.18181238662857283,0.3693480808887829,0.529091686812105,0.033536770408928364,2
0.7928801476791918,0.42942424106514415,0.8457370926307233,0.7462418228536271,0.5136271538909342,0.5903630441121773,0.07268316434985658,0.6698616304658326,0.8742935296805292,0.3757731582689789,3
0.3476395772162913,0.2680463516307343,1.0120108535902779,0.42323124585922944,0.6239664990130166,0.9108733555225247,0.3488658259711568,0.8841800914941633,1.0702547079903038,0.32704905179036436,1
0.042371484809516476,0.05585987569133271,0.42390675708606773,0.7023503917619544,0.4327695424816236,0.6243410170395309,0.5794308250179468,0.4261103731990213,0.9311079084309507,0.9114470314618152,0
0.7792258436762025,0.48986502211590993,0.7388313648193,0.12649902848222175,0.04510013538743894,0.8758640471852359,0.906315722681265,0.6828708895960754,0.4671256339848078,0.714824723707876,1
0.10008265114861686,0.4232262015322724,-0.03854475482965039,1.236557964358998,0.25892240946702416,0.8782921104402744,1.182514527310882,0.8658606119318344,0.4852256001265833,0.5672890588348598,1
0.8803350625294122,0.5653499349769677,0.29913654753887253,0.7343635241325229,0.7876722418910923,0.7549772473150833,0.6871494730257292,0.10063958338617046,0.77085077149091,0.9175272255098559,3
0.6352910212010106,0.8407969172946737,0.24118825356035906,0.6986738976726435,0.2884835032212123,0.8987668392555984,0.6895559512997307,0.2504893571208917,0.6844180119713376,0.5764642136796403,1
0.09812253995635145,0.13848060422403816,0.762547461298709,0.31999865608367317,0.11208005478316649,0.23975766922052444,0.6863633602219706,0.43577881657803663,0.35828333520091843,0.4036659861434986,1
0.7240097554172386,0.3073140539414055,0.0019599940010303074,0.5844945588559132,0.2258371089946454,0.7853230060435468,0.6675649478009105,0.8897374699529221,0.594922191471411,0.11866061713261804,2
0.8722242693800014,0.5829237291300153,0.30026408914542907,0.7736271560892795,0.7636742491963795,0.7189292306509184,0.7016117830229672,0.10815780980407995,0.7790266410870363,0.8924545017544122,3
1.0493989538660762,0.16274878551013994,0.434629602810031,0.25427248043259315,-0.05948531441637531,-0.035786295646816194,0.3996031401606529,0.765570250760129,-0.024217509992806682,0.4894934468529554,1
0.22191779342351112,0.9056154832179493,0.07083341058959483,0.43946364977512425,0.6533956065268451,0.7328149808447746,0.9687583497263274,0.24683789776998885,0.7286058750367131,0.7454085490521025,2
0.4390730257150383,0.6473022615510841,0.7511415407541657,0.5462130544469688,0.23763094282404823,0.5875419157912591,0.18572324945632562,0.7315949177460315,0.5318777001694361,0.14334033945123495,0
0.8101136216503857,0.602837677579006,0.2781590843269374,0.6327629266068637,0.7772254492533294,0.7766597653676398,0.8180907741323435,0.1558030965126884,0.6755424404823565,0.9473035430431849,3
1.0779293348039307,0.8425264163284638,-0.0782733940981098,1.292441617048316,0.006427275592022164,1.004947721510909,0.6614148219098903,0.08658622630103385,1.403301310882241,0.05583676065195245,2
-0.014638508860537969,0.4655754067229362,0.8464174821078145,0.16653598673709363,0.7098329836403086,0.02513145078840251,0.2939224663175257,0.9792894636980823,0.052035792621100196,0.8955996074949584,0
0.08234234420796782,0.7917646100718093,0.35833989172713393,0.4771843800170929,0.9190309016614276,0.5125013721377829,0.9051483219802685,0.6891928146212013,0.672609529527473,-0.0008124210196122778,3
0.5644439971550177,0.3044146890217029,0.17522541145304163,0.31384907294508113,0.5684905835961644,0.0060082691333583245,0.530813024917564,0.7224716243969295,0.599056834093976,0.5974269054941944,1
0.052645241066363244,0.2898024373257414,0.15773068829777032,0.3661552164049717,1.3803281335767577,1.0095490083337317,0.3665066687188884,0.34510075231246934,0.6802377441248706,-0.276252863281773,3
0.3322401422126547,-0.13976788959854444,0.36876816125260414,0.4927850397241478,0.6040130270022681,0.6560169662227783,0.6747786725514894,0.6577144089930078,1.0807466106252706,0.8862053021422018,0
0.5161024297194587,1.2491896886448175,0.2595960793597943,-0.26514702402935875,0.10082535691047154,0.3904808229989634,0.17289833665106313,0.5116783662793994,1.2350400940085213,0.8870074626748532,3
0.21083292268623371,0.35280136554248454,0.9217111184572508,0.5545758114725516,0.49787300337717777,0.6399428536738307,0.11448143782068715,0.594865727448471,0.9244871071926626,0.4277185809116774,1
0.7505183855159142,0.13369111511371093,0.3054844448727122,0.40138847115248893,0.3800138759606339,0.12862690015007477,-0.1835301063724168,0.27453181763056067,0.7009926800398671,0.3857660433904898,2
0.3117017676236691,1.137495446130864,0.34414328611099704,0.048027033004236594,0.7098235640485526,0.21297806190430582,0.21487372952256678,0.2550239928961841,0.44233502541117653,0.19670729987131322,2
0.06019902725270771,0.18387254700086988,0.37499944634118587,0.7550893288429549,0.4919346214566546,0.7959007352247287,0.8253299303373414,0.3429669268707195,0.7059176012235614,0.45618136132114717,1
1.0295159859892289,0.2170774708762926,0.3746741624856742,0.21468799356806945,0.47718415190828034,0.7507286534446076,0.7550761875669352,0.13744666520230664,0.1975658906172106,0.1366554065431524,2
0.5570956480561305,0.645776282150149,0.8006477840977628,0.5000799511268086,0.6400555329664053,0.6740312189500568,0.7706078949132632,0.053602454433905836,0.2196787251947116,0.43282806762025217,3
0.8277515673666687,-0.2160795437373904,0.2873722937892473,1.3048668121001743,1.0202930605163731,1.2153726158675875,0.7246719207781713,0.06293108059731872,0.7536521150268571,1.3235812532237965,2
0.8949280924706488,0.5456351970105059,0.2963641030792076,0.7497968423015738,0.7916060537803324,0.7634298244712111,0.6794054976117485,0.11878649194900678,0.7851463415124955,0.9174015319636438,3
0.8647229264834242,0.6196938851545121,0.6530952287874165,0.5264722361311162,-0.14084587074831517,0.5789815234135345,-0.15396744305070037,0.37168554911331236,0.1566700947759958,1.0136025044510077,3
1.1560480542767952,0.2875865479696278,0.5255622510616149,0.0778505939357268,0.175473784335727,0.11257398624573571,0.6584821719121586,0.7150241507213323,-0.045647326452985235,0.5557478570944495,1
1.0875262090343238,0.8516887658844606,0.3690228885794319,0.09620179627841383,0.7324786404961852,0.8750958394394055,0.7187931746160007,0.05089855942780659,0.28098914156947236,0.9282648911643764,3
0.1567315101260201,0.20007348761006907,0.2373271520502378,0.6103256534583539,0.7357662829731757,0.3676474453302725,0.5661309962513398,0.5554087522767253,0.7791005793516192,0.6808237740493251,0
0.2613454847716813,0.1580981321253489,0.18054897808570192,0.1362963905715007,0.7068456306528582,0.2661016135514425,0.47576290092893275,0.32629049435874197,0.18460472232553338,0.12242290272619766,2
1.0832389842412808,0.4945860811536878,0.4766199734892093,0.7446960228325501,0.173054952442482,0.6512454006872075,0.6803418036487607,0.5658477067177045,1.038621373224547,0.3361224404820572,2
0.0941802126632047,0.8194032055268096,0.4644142817825777,0.4317103568948562,0.4965844810415059,0.7492676230774047,0.8977996096063938,0.5404649475163734,0.46389686877051156,0.9628971984983318,1
0.5342146703485718,0.2843722599594032,0.2939951590634493,1.010126305235409,0.15894353442338863,0.3522792469572412,0.42061171805981784,0.6256405904205491,0.726751290662653,0.14602928843304802,2
0.8954239437397744,1.057342609901891,0.7445627343965984,0.027052708013943355,0.07465218835702227,1.0648564492207613,1.2208705896708738,0.21152222848231844,0.25821514550817115,1.2963046654742745,1
1.0339907407186815,0.8857237781233815,0.3187455819796597,0.08954866450506845,0.69009839978582,0.9454118666133878,0.7616567939900152,0.16354409969266598,0.29528724441402865,0.8927435622446346,3
0.11549028925920313,0.3569929725460373,0.2276077844571187,0.09509720670905697,0.46016383487374213,0.3025828146574287,0.12780497874072844,0.3139907679107063,0.9630610999521079,0.7517528681064705,2
0.18609782299490651,0.5297127162521346,0.43231097819985614,0.013769355445279921,0.9481906960608357,0.716595321787368,0.5159783915900593,0.5678515495496264,0.4618645155935021,0.10519973803069214,3
0.765997202673111,1.1089535170163165,1.0429875289682915,0.07724803231026584,0.6853824745412307,0.33857961587203045,0.1378823935174538,0.6219110263610311,0.7948436974743907,0.7442376628844589,1
0.3261762148242266,0.8822803665679295,0.9764199094967544,0.5906174332393527,0.06728728200943511,0.22123924555574878,0.22894573062440973,0.7814110546834642,0.09173497464696746,0.30233251209578976,2
0.7120047755553542,0.2277089540064748,0.6314215682720099,0.4691961214409801,0.6023320059079473,0.4795127401888949,0.48067887286484623,0.5254415762287055,0.17746352454983044,0.10573159958277846,2
0.8757589255181571,0.2646254416995361,0.5462592135913484,0.5236205851699456,0.39425522187193296,0.22519075387065693,0.0587249982370063,0.40456988210098954,0.3862298989790132,0.6075889573491491,2
0.6738914741383314,1.2338507299716253,0.8738143519579025,0.9659634451162619,0.4370854543373735,0.7860313120080151,0.15265362989082812,1.0837855142786204,-0.16857809150869674,0.8883195079739445,3
0.6288812402139885,0.8636668628062438,-0.022775132371921622,0.08195574897090938,0.35944999119489407,0.28964262703818633,0.14542828761088364,0.5115103812299164,0.10678441392294631,0.9226097728717714,1
0.19836821966735732,0.5381254474264989,0.18219881708722016,0.9125337558283783,0.2520595392335059,0.3522143446208444,0.34541654426740154,-0.05294733528883938,0.7967776411333568,0.2963691618715507,2
0.6102162220391812,0.00011486918332748175,0.32185083089218036,1.1092996612669337,0.14007084654700563,0.061990185875905435,0.437497871660131,0.003176832934267848,0.2581292288553506,1.1914622001813417,2
0.9275785654719373,0.41951766419347397,0.15138144666320855,0.8446839336007178,0.8698330015258253,0.6010140929227606,0.6528888105714732,0.16334216271195037,0.617400485776398,1.064128800912147,3
0.4296006887733195,-0.008571904907515443,-0.024910161432459055,0.4530094623529348,0.3930610742951635,-0.06221667965633468,0.7769284375639932,0.5177760891638409,0.3578384278629788,0.764142550318637,1
0.5932571685661173,0.8879675746967005,0.027147152477704797,0.0803117009715604,0.40623423756021043,0.3471718329523861,0.12401005913521013,0.49344423773186435,0.11801395173466975,0.9284293886624403,1
0.06182409967283061,0.11146778867444604,0.2523834209272049,0.759330126864612,0.5282213013925803,0.7623495276632866,0.9327458034828318,0.28353078403076387,0.6010591237578897,0.484145328854549,1
0.48113718528145377,0.7909265894405043,0.31887215264343827,0.5464581914163655,0.7560072611815919,0.20455813991460006,-0.00614535814620551,0.1804850854497721,0.5427247864610133,0.8997776061658467,1
0.7279322182614207,0.39604781691152613,0.8319319417928099,0.7035141668487012,0.5110038631914571,0.6547009245465587,0.0566388745262382,0.7426187317093838,0.888066718501069,0.34666864268410597,3
1.000577687885913,0.6680072278289153,-0.1425156417747382,0.5998778386335709,0.42522542188566015,0.9355664343847911,0.6665450402002034,0.3239460586875935,1.0188983757167647,0.5274122552084757,1
0.8618598297273573,0.6966183803675519,0.12472594815832129,0.8041844988337926,0.39636127014087297,0.9457152418451528,0.6940519612938629,0.14660233913022053,0.8236350039295411,0.3295989607084927,1
0.30175050207009835,0.40381016872712416,0.5855034904383516,1.101188837682673,0.6195806812727165,0.710146464763425,0.5620214107314102,0.16340609082231383,0.931252317226771,0.4429408601808356,1
0.8259441905234327,0.6999104403605483,0.07816134472193537,0.7517231670403705,0.43139907040697745,0.9468389591078646,0.7018784529228399,0.11546696013593288,0.7911135153970734,0.3416741030903709,1
0.6557226083321263,0.8537142933773975,0.21148164929680363,0.1888148775608105,0.6281036276120247,-0.0027015114146772753,0.2007750772182772,0.36447961867352646,0.5859592067127466,-0.08778518459274572,2
0.4570533244500775,0.19970739110439004,0.6959508527282829,0.7812992329221033,0.14547952219659205,0.7976090524092807,0.0041075447252316155,0.4834032070495129,0.7794123077325591,0.22257950617898825,1
1.1770064451911595,1.0856635286521128,-0.16357545169497512,0.4556791609857716,0.2519129919283537,0.7479144825613259,0.5768744419868608,0.05171533043348135,1.102531775460398,0.5178112905535956,1
0.7524153701077227,0.12283945645988201,0.5749578456679694,0.6025103770171075,0.4838433959232886,0.2230831778656959,0.12882593369183964,0.4659317209001456,0.3801811899996933,0.609105005806248,2
0.9333342560333802,0.8661647272629378,0.503197124135306,0.22297765290206376,0.6868165422138035,1.7291118121305469,1.0631375797544307,0.5620510396619478,1.4655217900361286,1.7574160088234998,1
-0.027104114025733733,0.25754011555308975,0.244700701452143,0.7678334298658986,0.5004064434908844,0.7882085590555756,0.8876118556225305,0.2843639329076523,0.7027716072584362,0.5652435572889103,1
0.4601871724071245,0.035710942758689954,0.1306722978128867,0.898722314378672,0.5361947522422736,0.6844921248146383,0.9015635525225004,0.9977675092637924,0.36293008441158026,0.8775805995444518,1
0.7548943870456551,0.5942951606873359,0.21407924559329344,0.7901664275552701,0.7442649148942755,0.6548127036895044,0.5728358722219564,-0.004241043753074561,0.6874872261323925,0.8144474721273837,3
0.9483794270974623,0.524780901268566,0.2821496211570479,0.8528643697215346,0.3226003980289006,0.7279784900731836,0.8468783757365913,0.46360571900329506,0.9653579478683785,0.29236358822342395,2
-0.12984645363129932,0.4962435024621378,1.1370757683022834,0.004634167977327394,1.404790701100135,-0.1993595046612181,1.3015737009262272,0.3047744105949036,0.7295160212308195,0.1407301845675487,0
0.8171615128171766,0.5410468663624863,0.36346227309481494,0.994806975559757,-0.042728825901931694,0.5753367571368175,0.6843630572556008,0.43420904173018765,0.7960567029442757,0.03705421595470185,2
0.048359514868145256,0.8083223057295233,0.31697507385905993,0.5248134792491612,0.9374755482853548,0.5956120812961393,0.947591164600811,0.6547823216401153,0.6423495140883089,0.07051785197773502,3
1.1523467547090194,0.4743355581862754,0.46870426270710086,-0.08925804268742366,1.228070626395934,0.19861570838895853,1.1302492661094572,1.0255194779510837,0.6378661349058633,0.6740995369416486,2
0.46846361803352393,0.06352048434282666,0.11365984957825057,0.8953749170514962,0.5112853761655582,0.7343914430652585,0.88874587455571,0.9682882458331921,0.3619085088556665,0.8631833749705201,1
0.12922051338113616,1.0683183335753161,0.008862109778612438,0.27808908562967394,0.7699716696300378,0.5644223031686179,1.2185427218593892,0.07947752605989672,0.650854528067476,0.5937036430856244,2
-0.007806103891160682,0.5767289023706061,0.2976261295551438,0.2873536461010142,0.3162731949825046,0.9547854637674866,1.1073387287291032,0.4693421979042947,0.23521547853023272,1.1061166897948602,1
0.6934227921289241,0.8072320820657801,0.00741997550647247,0.879382766688549,0.6312565086794308,1.010477833887052,0.5553657472755604,0.4770210615913338,0.017159234440596714,0.2608266421739469,1
0.03241798946954653,0.2308062197260582,0.6995912284393953,0.007358854198945669,0.04854026106052406,0.29392240525042884,0.12445073726933653,0.8589644891160824,0.4744949160088903,0.29945172186681995,1
0.1086095959817441,0.9187510743905889,0.4064020305909212,0.4858029274683918,0.5105984886893757,0.7408091976817498,0.8863958430169999,0.5260192943241702,0.49020305494053623,0.8943149588194018,1
-0.33355164997327647,0.3108727239685933,0.5641547675601448,0.394518584071505,-0.44606217676228177,0.8374730532475363,0.22057447798649965,0.72115278222346,0.8596232568376851,1.450343733886543,3
0.3061614120344285,0.9752640350127542,-0.04705070279840311,0.36158660784462854,0.6257855986273702,0.8705925048885627,0.9247515816936075,0.20623510146294982,0.6898344818033828,0.6559140213009944,2
1.0489353321579415,0.8007966467527922,0.17729955147241594,1.0690705719546734,0.37686406124041566,1.0024587820955522,0.7990331944935531,0.15820715643893515,0.8678219868526926,0.43238291875413576,1
0.6712751803300318,0.6770062746710939,0.7598666391935509,0.4412618786295778,0.6586573890943058,0.6343805151062846,0.8794553864331955,0.06074433857988482,0.1976138996507653,0.3027317108250103,3
0.5885112951212129,1.11944370892065,0.36524275085805447,0.2764846741863527,0.6178435397274853,-0.16684962526052277,0.45880933114365996,0.2768163757187476,0.54321600791059,-0.04625134060442877,2
0.9716525537364485,0.5450329733260304,0.7175250264044181,0.044028790224291,0.5298800288455747,0.6359251536819588,0.3970880187042628,0.160880140766649,0.8266793631731448,0.9239012900159425,3
0.6275154610303152,0.9427068925492603,0.32538551311846237,0.0803246926284151,0.6988944807644321,-0.08267925995031314,0.29031087321164306,0.5468181448502866,0.5376307918499259,0.1857233161388477,2
0.04714917809202137,0.11535486415323677,0.7671106740258613,0.2992286905678698,0.07463211120311478,0.2739130786637105,0.6459076087753992,0.40326623655029614,0.30479159842802217,0.4552629531633192,1
0.13413258771409112,-0.09845561804674569,0.2894984631484422,0.7137124299776808,0.4410037210957349,0.7443853578011494,0.47720580819641206,0.314689292545371,0.7042225449336555,0.9743336141124651,0
0.2685427761018825,0.42681927328759,1.0142544844380161,0.6689289126550788,0.3711048644151163,0.7133519255690983,0.13807946323401227,0.6564565672095086,0.9426727795377876,0.3960570331362833,1
0.21536254925083398,0.48542874301990674,0.21495165641311192,-0.019157361785076515,0.3852522736537878,0.1892326506809311,0.1264869871560923,0.4047472385044609,0.9812217365245473,0.7902922556197854,2
0.8326489731687234,0.024665647250172118,0.19565140554393803,0.014694459538251436,0.14672973369427988,-0.14319326688985773,0.3367627259785935,0.5880000079172879,-0.11741669004563207,0.32980138433227957,1
0.08120140998758653,0.9028165775645824,0.45866001848121424,0.5265058774603172,0.5056142224726888,0.7551365702575679,0.890554664257596,0.5576311437027255,0.43457252262964713,0.8702652220835648,1
0.7792118811105824,0.49728314252363315,0.7906364601906453,0.10391172693693948,0.37105393377299767,0.9135167694420295,1.1320556022713189,0.6327758507085495,0.4407028482464347,0.8170227602222698,1
0.06957377799507664,0.32427315282187985,0.38456136437157995,0.367194528342639,0.22275443071863824,0.20417197015230348,0.08891099208962797,1.0873035440989895,0.7164077172152208,0.1403729932117736,0
0.06654366158962927,0.22919759196703032,0.25524833663243557,0.1410993913741993,0.2830438268899768,0.36138906574079677,0.017244489913469954,0.22729698263192696,0.7548363820966182,0.7358115126383288,2
0.3577443768238515,0.8804642413491882,0.8974611705654952,0.18249206866435216,0.8856741467415056,0.4035501718782545,0.707248051056279,0.7618780459783546,0.49901720694403495,0.7829393871033509,1
0.5645330476857803,0.8701221392673999,0.15679408065438952,0.10173035963009881,0.7853458022165881,0.006029875628333382,0.23190343446643125,0.34415741969382946,0.5371248443176193,-0.028256080068308993,2
0.07958135457278459,0.46642956366770505,0.5481913076117145,-0.019931855211749172,0.9612935926960201,0.7997964892780057,0.5826827238563932,0.4403097496608768,0.4204554480286879,-0.030848105526990813,3
0.08358583435650016,1.1838414105015334,-0.07337759882247671,0.3073017995887104,0.6715384880920362,0.6111200991826083,0.762672595896394,0.27138094884526026,0.842959278077078,0.5574840287090352,2
0.619437280411475,0.697543004735218,0.6848763054206443,0.5261283389213043,0.6736388160726234,0.5890201310358882,0.932234110034703,-0.006652123533536475,0.12016252168656409,0.4048612082737738,3
0.5700879363440889,0.544956992484556,0.3607294039307483,0.6208882141004172,0.5359727975766504,0.33218370060000335,0.9249464789320716,1.1040964427861117,0.45983995132995387,0.35479801795076255,1
0.9926776429128706,0.4654002246473376,0.3043292622196718,0.8748445282099627,0.3768862482559852,0.771705518715462,0.9221949292275858,0.507805682909366,0.9456479639922599,0.2276443256752695,2
0.6399786451020846,0.9036793533048538,0.5070194716459103,0.4365080851552269,0.3861029894930402,1.2335784990573562,0.3397523717207745,0.4334824074651568,0.35549596002278616,0.9249100768943098,3
0.6121899575031422,0.8982177657272519,0.01170638791905667,0.05479194016460451,0.37797057319317307,0.3192510847278916,0.13288994465519413,0.48777004585170564,0.1403071076846316,0.911809532042426,1
0.6344004330443819,0.44479950720593475,0.10768642820461774,0.20885485938338408,0.48142297558707425,-0.17347078663517426,0.8056807425204116,0.940475032661135,0.3987836058220372,0.6008995466307595,1
0.14559896228681965,0.7375657010489473,0.8151403048125176,0.6638363692076262,0.0813213239085543,0.6892822510157599,0.8298014715548272,0.6272957351332331,0.807944089405079,0.5621011716633482,3
0.4856855138908296,0.5951915318316227,1.1839954673875097,0.026891146307621183,0.8922497485158868,1.3363582803083611,0.5704834825587115,0.46038935066913267,0.6344699435451778,-0.22487304810770214,2
0.7539315094897406,0.41330237909539463,0.878735066107636,0.7242505492486102,0.5232145412226881,0.5884322857978369,0.08871007780564957,0.6777167905108978,0.8693728432753376,0.4147136962254696,3
0.06917287274903151,0.2273767657659389,0.3844138628401594,0.7236455033032119,0.4315767522370806,0.9160382213560121,0.9210821370264164,0.4341340289221139,0.7117247638955572,0.5316249766149319,1
0.17043851707865929,0.01833506117697007,0.07175098700658708,0.034066627150942434,0.7062589034060782,0.28915050419227567,0.4575536478413331,0.44255404647347457,0.21932639345532357,0.1910274982519792,2
0.6136034701472368,0.6241100029765125,0.5733454475550521,0.4411847365240821,0.043962507755259284,0.7951583541139917,0.20370269299288635,0.08596237289860906,0.28958062041923927,0.8211825294495373,3
0.4659017895019399,0.49757265176917015,0.9454334850253108,0.446842353913871,0.37074112708088514,0.3358797077744833,0.37588015676727415,0.5257562649079776,0.7077029523412393,0.3173080801938092,0
0.8981994128277072,0.5773082375969179,0.3506211178526369,0.7699892816491238,0.7734464667464329,0.7390093854098283,0.6725796449055131,0.0913117739928977,0.7451804066712889,0.9282897104089748,3
0.8686522612649694,0.6048341562303607,0.05843199870448337,0.011573311004966308,0.5483956559464854,0.18608867342690877,-0.03371569069375996,0.5341578762766181,-0.16754027092414017,0.2677882176634573,2
0.8247391589081594,0.5037245504724566,0.1662947478480262,1.015038398852903,0.45523906664949443,0.5971193081505685,0.7974089680001905,0.51642413640134,0.9550105144254853,0.43702499645863047,2
0.10110887056245299,0.10361856805879749,0.3063319839852015,0.7069704890052153,0.4884009399235084,0.5804921951773058,0.5921175677616064,0.39717263537565,0.9247244434020182,0.8167207177027206,0
0.3259174276455053,0.9567142769620867,0.035730573156048884,0.4531579344750359,0.6804780213709023,0.803172129387372,0.8646027886156071,0.26895241298759115,0.7363733927872735,0.7945270501968881,2
0.47326758532302193,0.11010764198828724,0.6629547521799438,0.34217939321566,0.4873377502548909,0.6638333977437965,0.8089458632289368,0.48027855595125846,0.9050054582809944,0.9093607171529301,0
0.437859722466017,0.42880060285169436,0.24084544928683935,0.3407933085293079,0.5573401291758022,0.04370387930337743,0.7302467097125249,0.8678421754448472,0.7657039331127685,0.4921176566857725,1
0.4648313387091131,0.24628401405422043,-0.1345902241085314,1.0414396812602855,-0.08764318831125617,0.720573787814536,-0.08922614259110828,-0.014505979511126518,0.7486921907044101,0.44334519513385157,2
0.8561317512011393,0.08033761935232214,0.4274250414049447,0.5050803361783709,0.5361153600081543,0.6607004171854456,1.0249096738392218,0.19543133271537108,0.5965206254489572,0.6506303063274221,2
1.0309274433246354,1.1927235248301082,0.439893016614943,0.9296632191423625,0.2804091972698609,0.9338876300740366,0.09068852395751649,0.6053446566932437,0.2113294563737026,0.48279130345657306,3
0.06124301908507612,-0.13396141990334626,0.4163919496284933,0.5335172769629974,0.9494700845166308,-0.14871803330100825,0.9977784615564015,0.9465774098560162,0.3715803141595365,0.2443155319965704,2
1.372848362075088,0.7876779647503506,-0.05875875688267329,-0.19708810068182997,0.08100879303357213,0.4420926315518727,0.6636688263094892,0.61711851352194,1.0755149159495752,1.1810825793948796,1
0.8728417091777462,0.4162543748070004,0.9809383854166442,0.5432169680489037,-0.05058439892494193,0.3529290588362844,0.5770750375194672,0.11611386171548521,0.660985313632442,0.17052290419489058,2
-0.1209554509939405,-0.1597919090922288,-0.11496213399748803,0.029058853431701906,0.942064272108871,0.47338875564525784,0.6823291388501286,0.8145895208587441,-0.031804035853549684,-0.15889217539215533,2
0.067115366622341,0.11084733346583284,0.7880279693325446,0.27679777811625683,0.013040988845376078,0.2962941371600708,0.5881713917275172,0.4303013082838424,0.25546217992517467,0.47168762219713767,1
0.8491965935841965,0.553596530427483,0.3346976775407004,0.7067219077371596,0.7934097463546191,0.7177094588352702,0.7250968249242943,0.09640945950085368,0.8131742556221904,0.939515165446305,3
0.711723882667884,0.17598421573532452,0.7444425917157536,1.0346839896066,-0.3414860230486068,1.5779013309359615,0.8721736869755671,0.11773614953831493,-0.17450006035147886,0.012731693646484965,3
0.6729021274057078,0.4688604688103838,0.21175514657002864,0.7755351793540121,0.019515725614442925,-0.0626274422935083,1.560719636753245,0.7718652768226251,0.8216104592086262,0.2978302388628755,1
0.4808773199126386,0.9851674619810145,0.015524276560740125,0.29871022380082785,-0.1412459575553478,0.8353957772588636,0.5114541307902234,-0.09113557013866525,0.12728555896596055,0.27207631487074474,3
0.843489642793696,0.5798481509072835,0.7181545313645391,0.24800682219028578,0.14668337186621824,0.8113955128954885,0.9734711589667111,0.6733170778410266,0.39866110562830226,0.758671766486999,1
0.5819439933383891,0.2272798237472121,0.44976464265987276,0.887960736033241,0.3867873945272421,0.226045573649095,0.5851277775287763,0.4928226354448354,0.7283078431974614,0.369442449009612,2
0.9996246705525418,0.026474542166479986,0.1791305195759738,0.2762827664769866,0.9048206920226165,0.5889900268882322,-0.3671350726370251,0.5237987066713871,0.1875168503969462,0.5093917031622178,2
0.44595793818394147,0.74102110798811,0.3447298652065179,0.6088443208753739,0.7596014953366521,0.08369030830147287,0.033278020183033684,0.31418829011105787,0.550236567155885,0.9123800218848963,1
0.6461256709398262,0.8940892244414311,-0.021145786660647932,0.10058327659857168,0.35906149750274857,0.2946795470032164,0.15348788832143537,0.5124123226995967,0.16323890388794354,0.9048321611631033,1
0.8094328058739472,0.7799969335377348,0.014872898686339564,1.3718669061305024,0.39099612918179627,0.07628606408164024,0.8807146847528984,0.8988900309182702,1.2041678808661458,0.6328485707529665,2
0.04974436130556735,0.17072015832039458,0.3257309844853052,0.7218715887279983,0.4468606964216104,0.8660365303289856,0.8845472133089453,0.37725603306126637,0.6491964682574022,0.4670773939785134,1
0.6272007683461573,0.8971668447645376,0.0256234028011902,0.07308368629250869,0.38919051969184915,0.3082443234115638,0.15767840803398916,0.4756756340639072,0.11790481505985073,0.9172026953298903,1
0.5205949379872588,0.5816055938948425,0.4101140322068368,0.655084173754816,0.3980521127589507,0.6241032672920018,0.6016868840801567,0.21230737723610832,0.9581557529633279,0.42975123690374156,2
0.9457428817347704,0.6668137719511118,0.8368362388369596,0.07012099491840534,0.46315848891402095,0.6109765992503454,0.35657709244819263,0.1970555442832229,0.7766992910292292,1.055491903534126,3
-0.025836006650646656,-0.12815109251660814,0.1035154728078505,0.8456656470597843,0.6492548451091379,0.5745169589416126,0.4861778619602283,0.3025732195218538,0.7476082496876393,0.8032229052524426,0
0.9431601784181944,0.7372093980169532,0.0677018046581232,0.7772101366615534,0.35775010574870064,0.9511063948263403,0.6758980036738517,0.21900354967945926,0.7496635942409366,0.2763317108682493,1
0.6900091225852519,0.6887118206092202,0.829632181801136,0.6451386213014325,0.6054666007629258,0.7669022075005792,0.9369102076773769,0.2811569784323828,0.33152996052521677,0.4446404953986389,3
1.0387517353098805,0.6147521802538791,0.6500180729206965,0.30785082353443577,0.50859891232466,0.2771230482230489,0.5175674315296942,0.2831524521039447,-0.14433346907484634,0.5169668251199828,2
0.0727706033000726,0.20336606670510388,0.2943675605725922,0.6809153209879416,0.47262192026996747,0.7596109682175104,0.9144418817711941,0.28369681879750974,0.6873109216327378,0.49286686076516184,1
0.34847683113681593,0.7418254457988567,0.8400561562657015,0.603433580021443,0.16974556060055365,0.4889502215960607,0.09254393677570702,0.6898835132718405,0.48353134068670195,0.15963032059079596,0
0.6047114750548551,0.876762034355883,-0.013162191424873553,0.08685572414657129,0.3983586700981799,0.33927810501679834,0.16496709856757885,0.46805781008901165,0.13071524846772767,0.9160222686148347,1
0.4700260169452831,0.7088107342954633,0.7056436056093298,0.3681929875902323,0.15535959556475556,0.3860535679768681,0.015898658052736298,0.6166908493905111,0.6300209023415115,0.2742968082707905,0
0.562976644057775,1.1967317315768262,0.20737359070924,0.15540301539605128,0.8598668830480067,-0.10563225968639167,0.19072285930642596,0.5162814944750842,0.4459479821776894,0.718381095190629,1
0.08346487835064234,0.11417509537620334,0.7854866675525861,0.3099283336351106,0.053997866253297944,0.23490927136936207,0.6415204085667571,0.4082166582876161,0.3194983851037845,0.48155698737627145,1
0.4382173423879534,0.14691712194135476,0.4397607691330064,0.21840962639658812,0.8778829247286579,0.08856251559506631,0.8538714756099846,0.5321049944260398,0.35541437836621936,0.7459802169316866,1
0.4907352897387359,0.13238814073459307,0.4996373157279928,1.105492281286001,0.12699271117528077,0.4452327418399956,0.5570752366480379,0.6528521558534992,0.8549453420480776,0.13766175011765608,2
0.030114062932069283,0.2375359698928925,0.6983225893959581,0.01639438804727086,0.04415962633205135,0.2802937823345391,0.1308800372947758,0.8692406368430238,0.4647460015141994,0.2951150111207889,1
0.1585888978601229,0.8758887070935264,0.34190106421675837,0.455269426308696,0.5518973880002334,0.7604020243802921,0.9031650740092524,0.5962521451653293,0.46557694315846904,1.0022069754726919,1
0.5265911724015441,0.2670787520883021,0.5227238814515947,0.7214722772646974,0.21951134887235643,0.5408843180845988,0.6307338927218343,0.2604886435712324,1.0989853690911482,0.04868787560665061,2
0.7379217255103248,0.49867557122703715,0.6362963728606658,0.10416532815896007,0.30841528438002597,0.7048071911206574,0.8608285619003717,0.8092327328464763,0.335832948384537,0.7937477006042405,1
0.36985543215526673,0.367384557924446,1.0751451766702262,0.718111602986496,0.33027940165955544,0.6892450990782935,0.20447696163799775,0.6574627821569476,0.8687616360857098,0.44073351415814144,1
1.0523015288574684,0.05775699300602504,0.5684885930516387,0.7574727513538664,0.40686348107722786,0.536031212134292,0.3973916918110033,0.19082575980449354,-0.05524578229945776,0.509682080246834,2
0.5796561101448078,-0.03221127631307803,0.1477382681063658,0.8980937619711996,0.6893050606398606,0.8507447490070194,0.7816062714333222,0.8452561431892855,0.28231146348289304,0.7965706986906537,1
0.34409908466473427,0.31782949522890425,0.35352066449999336,0.518846626248826,0.984360404338507,-0.059065003801596405,0.5373340051572687,0.6268243938676983,-0.30320956752911965,-0.10055816984579363,2
0.6878205834119056,0.7292155783558225,0.7361807800664465,0.41603436087080625,0.6647531825454075,0.6234523325008039,0.941404366987534,0.14210065814953232,0.1095353283558441,0.39176503995958617,3
0.9040942638989214,0.534793581579746,0.34482364268198396,0.8622913598295984,0.33776254480702306,0.581740545596367,0.6895317724068628,0.552656291239003,0.8083388094494257,0.13704927857430413,2
1.413544454219171,0.39183509803125793,-0.059699257021964325,0.24966488500793074,0.1212318872634447,0.6899073844626065,1.1106274965280905,0.5266771780868595,0.30465158727150066,0.39481111237663297,1
0.7564173023934151,0.5562507269976495,0.1302397748374419,0.9052435693299542,0.22788960193922414,0.6699108486221498,0.9242306670797883,0.35579568510134624,1.179367453416994,0.4113323041150828,2
0.002116961062196325,0.09900510305196863,0.31582135508451303,0.6664857515531443,0.5215173331385716,0.8928447302965187,0.9058792088327317,0.45070618431342513,0.6528710792327799,0.4712078823287247,1
0.6139590374568589,0.9508656490075524,0.07290131845096104,0.025746246158184466,0.3136233775681756,0.33057251526209874,0.12188186098690572,0.47420366660098956,0.11178877631982906,0.9179170638813835,1
0.26321569017058377,0.40658962121311637,0.1633367997190724,0.922264932309719,0.16821237988079746,0.6537378706378089,0.5311850767009786,0.47457472529538597,0.08655346453164729,0.9246904937558905,0
0.03241721637756273,0.24964045086558817,0.7101066195775725,0.024139790069531677,0.04263463168442299,0.29112360201188947,0.13159595468310567,0.8705729694081293,0.46841745958709524,0.30312132863729335,1
0.0288331346299782,0.10831523953116626,0.7620272105621773,0.3009222381618418,0.0641889648630231,0.26178712756556705,0.6239570350558326,0.4075619514530003,0.2941523486790283,0.44618141568447617,1
0.6903321380444727,0.655095722149417,0.2773537044366393,0.38608400442755786,0.6149767850080372,0.607550363914973,0.13909234045184396,0.3950104044516935,-0.05518647352312314,0.12832351119003432,2
1.5094216672211909,-0.23077423291028432,0.4061066712001699,0.4295511159788562,-0.009024380571291131,0.0344593322590532,0.5770028469008915,-0.015854626641994884,0.5942688837683205,-0.0896829715826587,1
0.1576070996030049,-0.004189347693735357,0.7720823162771095,0.21764805524825354,1.004560061270272,-0.010698708714745542,1.0155367433829505,0.5398305711069914,-0.08806966127922486,0.28859141507036934,2
0.5973682788165745,0.895907857778967,0.010098421892528029,0.056747357703196534,0.3818861833221478,0.32590294805548237,0.133292474814256,0.4766541657651112,0.140110715494989,0.9256210591360824,1
0.7926356278267487,0.22446676301488933,0.18492125581779278,0.6375617243515368,0.8696182135977498,1.0524646150870647,0.6032220765571604,0.8739657553023993,0.638997627319495,0.6149115934506227,1
0.7772793900713394,0.4531594424648362,0.7972087611301584,0.3457847853293533,0.020380110541587143,0.8390671217444023,1.0354491256934109,0.7589658968589698,0.3875737275639532,0.790537623251327,1
0.6320066446686612,0.6291648812698644,0.8710182545867053,0.4144618808145485,1.2315904756137113,0.6336109151448354,0.8049967433582618,-0.09326059945519527,0.23098429178152344,0.1623434342318794,2
0.043763198445326626,0.08158911872007227,0.784856296626508,0.3361418677389031,0.03389013954485892,0.3044050164710111,0.6566530423371805,0.42297576343276466,0.2755552924698085,0.463815267200895,1
0.8598419576886994,0.5605146837352881,0.2871964858713345,0.7329643548930281,0.7964185219901558,0.742687621120747,0.6905187103793491,0.09656919938098377,0.7573939395186675,0.9465042286062573,3
0.5683721984057929,0.7470013613086073,0.15619665551238843,0.1268925191897664,0.6086741069299064,0.2568010800213555,0.0852472163130279,0.4828801694767001,0.14223561731912515,0.3177113623915987,2
0.7221367670387363,0.6292893400248978,0.37300857009361055,0.34146635904322875,0.7086719017555541,0.33950578794521974,0.12337160450404551,0.6405302917755178,0.12539266155040651,0.3432696521189948,2
0.24645084085441774,0.3446946450216196,0.07706569878314526,0.8566334283179033,0.010032464252616804,0.6455869949669326,0.5924336062923748,0.77129474208566,0.6035289945438007,-0.027558889070335095,0
0.9590286082566315,0.15034379894974464,-0.06392787488323337,1.0065343988074416,0.5526933370866997,0.24295156974339338,0.021350573811450335,0.722326736905846,0.12133724032290993,0.2546433252008691,0
0.36019777874275105,1.088611410231645,0.16715098887948468,0.49490416782385915,0.39817866855711465,0.07135926343495996,-0.05965009606228219,0.6370855688361537,0.22854813265633916,0.3214304335913309,2
0.6724234704725829,0.26474598628428037,0.2701226071325309,0.32919809797468935,0.6083438338195153,0.004417920387075735,0.5156072726284908,0.6985261006893277,0.514643796499292,0.5753418988022726,1
0.9230080044953939,0.6156991941020256,0.7793294687485715,0.0742511376209107,0.5516604381735897,0.6602986445440183,0.350947379254398,0.21288917767346294,0.8419815421417842,0.9743192684172318,3
0.8271484256401992,0.5926236758629956,0.2196064538090396,0.7795385076169811,0.8085302274486219,0.7708651539429889,0.6929213338150644,0.20387918570280972,0.8607659653329748,0.8445339767637178,3
0.31857876779459326,0.21235410602249263,-0.07159058451704037,0.3920441458887744,0.0680588744348897,0.3294698787385499,0.37230020785801,0.10612169345575956,0.8772509151771405,0.6608987723846533,2
0.5970593511811348,0.3974592172344869,0.8653906270129286,0.7353397057228169,0.45553507443659036,0.8991018415381511,0.469120396003995,0.36205240983651366,0.6811242701525725,0.24894043464666027,1
0.6990914989497516,0.10363907301528694,0.3325498771063657,0.45429484586695523,0.7536021459802675,0.03645193153774816,0.41268147045427145,0.8165232433169155,0.7493290241105832,0.6868056302813691,1
-0.09789753403558835,0.40760524455882036,0.3367477265067554,0.9506020621895892,0.397517191964448,0.23894634009972715,0.6878028814027418,0.3525625024366753,0.9155017931420162,0.8968762780939763,0
0.8584503258280882,0.5552032248840639,0.3262535910468699,0.7359120702316317,0.7894577745188428,0.7660793956956095,0.6793946766122911,0.09278516596504267,0.7719029993110642,0.92884250988857,3
1.1270627720604562,0.5087516180179306,0.3567446335573199,0.8648859540347053,0.39647036683931713,1.1328142285032894,0.5576959044859446,0.09246079410761786,0.8279125176249584,0.567366044270266,1
0.2122583331449376,0.39136346957321483,0.006335109701904351,0.788211410383936,-0.005806445672249879,0.6128791859467728,0.5900668416377055,0.7755263674184454,0.6507528424174592,0.05495372095713251,0
0.17031271204975854,-0.06271869082023979,0.1070670858395488,0.09017424673861514,0.6609956436373092,0.3174168943316323,0.4118847782616004,0.42245814347104144,0.15794186126286638,0.20552746184295745,2
0.04619077235585043,0.1212379306830152,0.444908548825045,0.7510644631414886,0.5427254234249198,0.7945724374046093,1.0309992378316226,0.25311253528858996,0.6118020808761262,0.5169084083712585,1
0.9179236519477059,0.9629626125215192,0.08805757006007113,1.0421293028589564,0.5572513080944894,1.2226996110737096,0.721805147617824,0.5087540359580653,-0.10286445483756432,0.48360222292027877,1
0.03678483558141424,0.24257141101612031,0.6944375157333783,0.02451847804851926,0.04712237563984951,0.28758147269736173,0.12371063501491052,0.8732705037710016,0.46029370256475466,0.28754072596366237,1
-0.05451398759155926,0.1764280411538815,0.32017502873596304,0.8201498460200995,0.4063671070332567,0.8097970335403104,0.9479710384056615,0.32547701175305155,0.7036640366433077,0.526017487712333,1
0.43766918003731414,0.5477854099425874,0.7212606410315204,0.45571322041150875,0.13335252514970947,0.5546616820174585,0.29633521652489525,0.803469181846007,0.548555836051313,0.16319128608733013,0
1.074867007412009,0.6580642558637677,0.9386608498010146,0.14946276512881668,0.28647402096683927,1.2085947215532313,1.3609725778382449,0.2889771394428254,0.6616228101730655,0.6996171850810018,1
0.021713106010668476,0.35898398899640444,0.3462334121031466,0.06540281965387043,0.4183501609233349,0.18246899279719794,0.017169969451657482,0.3461631857898804,0.7931846632257994,0.6770211635262112,2
0.26413016958758534,0.40488754579995095,0.42108954153805256,0.7405664553784014,0.17722554676767682,0.5097542804401032,0.5417167151941323,0.04179723840949886,1.0651333548970559,0.10933413710807105,2
-0.16092879011490835,-0.19494006441862474,0.04266907265717404,-0.07537752208060017,-0.08605410495064703,-0.2783760172459504,0.7114601823211263,-0.10613609932365364,0.29907224248558895,-0.02498489567545273,2
0.6101691495492108,0.3943312901371254,-0.24327476897216782,1.1193589049514578,0.8842569034367228,1.1483895692528734,0.8848624459023082,0.8225055221149502,1.4461135634076736,-0.1221090506041067,2
-0.42727998401166944,0.13090688857062,-0.19982831989928673,0.8896277296437284,1.089635364817329,0.2866192653152056,0.6994914512903225,1.4070872684291402,-0.9525279029056305,-1.0247406179862568,2
0.41975541867452926,0.7756840831336673,0.5292319979626511,-0.2038294632858592,0.4926577530745279,0.3056337807616868,0.22944292221810048,0.9608135115957397,0.11994329977809096,1.2224657299233272,0
0.5813939820118768,0.9019169074318525,0.23531604775642476,0.6230435070734288,0.8108670596540705,0.18274670395091847,-0.006659919931043503,0.2580810690366303,0.6517953839643568,1.0004070647857608,1
0.6904477181305141,0.746220078557738,0.804894066044748,0.4795243933591861,0.5933772902379952,0.6094475755079494,0.8967838816322008,0.020536458088547017,0.1725443647076332,0.3243443566773461,3
0.9873660265321034,1.0499764181583253,0.26844449985213636,0.719302600833422,0.7020465880518805,0.8610572614215576,0.4371328659029356,0.3757153865307914,0.20777550242685694,0.4519330579888109,1
0.00024463352672642047,0.8461970573545735,0.43583847815222354,0.6126101321911048,0.6484864840593498,0.6828793778448888,0.8235648114537558,0.612843676263271,0.3619230753191173,0.936315667666978,1
-0.032933161945028044,0.2319881765671744,0.8080469247673859,0.3181859052317551,0.12991683761406292,0.34164783391700615,0.5425764870093371,0.3946567556350944,0.13543699872588427,0.5048468482043923,1
0.6069450490672367,0.9016522417663618,0.008605114531420953,0.06470072492103211,0.3885646879878567,0.32440446261180467,0.13822255592326893,0.48572052001688093,0.1348726074291794,0.9252016664030901,1
0.5562642955955803,0.7575642395288288,0.5501209512566035,-0.1437456965735628,0.6774414722804308,0.5431435601714429,0.053738514013806915,0.62954169526163,-0.0548391503668319,0.6940400350566117,0
0.24825765754797618,-0.09082623735694897,0.20053772258513577,-0.04590169117050191,0.5858029010647341,0.1282023773295283,0.2971482335682295,0.5322707730372802,0.14919910938695674,0.38543134007937013,2
0.8931127553202552,0.5521351484114334,0.30323678938547904,0.7539689460784127,0.7673170172078336,0.7706714255182243,0.6583547114935208,0.10898399285684748,0.7926050634919938,0.9093338670173293,3
0.28592743791992214,0.46538192338701667,0.3749905325688266,0.7695969643513642,0.23720670412536482,0.423527779991667,0.5643363448573931,0.003113923130595525,0.9409242592758756,0.22109690011936867,2
1.064797119622043,0.2645231849072942,0.8157489950066349,0.42272954451959793,-0.16250586902960173,1.194896374894053,0.7840325363303693,0.3786586610513997,0.1933703748071374,1.0838819432978517,1
0.941310024551612,0.5771804186977164,0.31680160353062636,0.7841044014877316,0.8438807180186537,0.7637187350269075,0.6665439671710256,0.10146931356999521,0.8181964877516336,0.8849437026781836,3
0.3210925921556791,0.8405709315451182,0.9547974109583119,0.6205420946274169,0.06321423546517553,0.22844979153616296,0.2177193070161081,0.7829123785335059,0.08229453401045156,0.30126019313109703,2
0.10761702919035301,0.022834919620645128,0.26821935330196667,0.775722729263772,0.4535209547114786,0.9701764328921348,0.8385166330150688,0.18787695834644869,0.5833397842346311,0.47512668568536265,1
0.07041730287513025,0.1956241651601231,0.34774421101030123,0.7106025149501882,0.4770990207675126,0.8129731519109759,0.8772192859311684,0.3632160566286624,0.6919265702398549,0.49504705078169065,1
0.5830036733359283,0.376269567542805,0.5775172727075137,0.1874126489215464,0.6002124678720722,0.5304123285277529,0.762815535245267,0.3964024948931467,0.020130396650799784,0.12646808954873795,2
0.9900984979259257,0.29826595671146633,0.48919521960359125,0.7352783914532183,0.5564959425086666,0.1318594436722169,0.29259017737893,0.32831211195858456,0.2965775345559972,0.338600242431552,2
0.7154673766223335,0.18164667162256923,0.29477165771513675,0.3384806049064405,0.5746010262882959,-0.034338743965259336,0.6033797114970655,0.7446864332049091,0.5438922599113261,0.6280758612133854,1
0.5501599098386241,0.9123860096262606,0.1311663021650817,0.004716147736879367,0.5891045901251121,-0.13489736737138136,0.4192336586987317,0.1759760383970741,0.6105239516563175,0.21974548261583865,2
0.013655670927872426,0.4192451643901295,0.4055951999191774,0.860809772877035,0.5263198937315859,0.5120184123351228,0.5931980079223105,0.7849655712630721,0.2384498556104298,0.28398033644166853,0
-0.07184616502962318,1.0170195993899742,0.5275706601709529,0.3523348886320463,0.35853226839147834,0.5684105941909572,1.1266214855596814,0.4953654216746236,0.4812128857602188,0.9813493994487287,1
0.25884412087445313,0.9539665614757461,0.4930740302241353,1.2488229452402975,0.49521226634504856,0.7499966227713789,0.996101409062631,-0.29337675791158246,0.4197664738297726,0.007141646249860301,2
0.02993949051033931,0.21487184837806445,0.18039533176300726,0.5541997948811122,0.6823591262898666,0.2981256886950646,1.0263836835617042,0.2753863436327197,0.7420261358909984,0.7358589176574307,0
0.6008250852137078,0.87576514406782,0.13951067269746362,0.12712217478287183,0.7533590720550124,0.05914440861845374,0.26901388561104544,0.36274817092278316,0.5688009410424872,0.0004214701182524627,2
0.3743765728590329,0.8984063540349648,0.9323522707265383,0.6004533129690747,0.028554930266049834,0.2736824426807108,0.2206508743729706,0.7584218854407953,0.13614950973156295,0.2550908153722462,2
0.08908743593714055,0.46574782635883455,0.17136997206966428,1.006941190193665,0.033509214575914714,0.5606834496244004,0.44680263870636594,0.35406517737371923,0.11406167300827935,1.0465611654230114,0
0.8847274156485275,0.5811718147129775,0.3261875998369138,0.7283030752445226,0.7886025688506968,0.7641228119801664,0.6959997112501285,0.11360156909784158,0.7891549851099618,0.9394605054442148,3
0.21345987926972515,0.9579076940814627,0.45997612472722155,0.4800827583045276,0.5167962857452046,0.5738269072070287,1.2014021556841885,0.39373188688102556,0.21811240459773473,0.7418529706806418,1
0.023253100511153542,0.24382355038640258,0.7001837234860041,0.01193240757768223,0.0508216595268288,0.2716923166992774,0.1390686649812227,0.8595168464504325,0.4608591270550294,0.30276373597106404,1
0.4061653328434248,-0.19995270964836828,0.048779859291437015,-0.20535605506310903,0.3259221462042276,-0.18073442024191838,0.3229132976229929,0.31844138439879355,0.1544065937740149,-0.09248691710219764,2
0.825349167352765,0.6235462739131896,0.07918787952407223,0.8982432655303899,0.31724817513640013,1.0205180129130813,0.6187390399091648,0.26918635024650817,0.7600143792322511,0.35125292104119366,1
0.29680170149777363,-0.07419329539913522,0.6920814759445187,0.3341494699099745,0.0517661490315402,1.0967886214613114,1.5081391508322743,0.7106592503185358,0.6696088540402048,0.3072870199514144,2
0.5403572968354985,0.8986232291321233,0.17724309041573838,0.07899057915681831,0.7365706674195792,0.0820343097878436,0.21867551903237697,0.407424707958612,0.5608957562224967,0.006360304101116983,2
0.7317802532504749,0.7973602400250808,0.8816961057907855,0.3762143329649692,0.7770574402050743,0.7421418438249029,1.0211658622911968,0.19576125755847917,0.006633973897139989,0.2948364981682392,3
0.48729927687813424,0.06459248472989869,0.13680630568726962,0.8869703605202323,0.5377640929673179,0.7141540820557629,0.8828699609942928,0.9873171626798751,0.34489090405887596,0.883581263685297,1
0.32242135364520336,0.8635312401009846,0.9859969962302363,0.5974344725161145,0.0436145997937968,0.22435822863220706,0.21656951653985446,0.7799748942150865,0.08195280423089545,0.27543401105638454,2
0.5956119305988393,0.03708960905237384,0.04680015858682221,0.9471095994986306,0.620766975447283,0.588343346914685,0.7854500549983117,0.907643877974259,0.21763625919673274,0.8229858864206158,1
0.6854948406333045,0.39982773569443464,0.24154999292387552,0.6314338170342285,0.071572675031046,0.382578994104559,0.5585314405912187,0.4811546819906919,0.8771784323907494,0.40449851736095793,2
0.8518228562938641,0.5488841889062328,0.34191480268299984,0.6585771083337171,0.8333431872622775,0.7155607648455706,0.6433277279816094,0.08051018448528352,0.8596104278763237,0.9464353253918136,3
0.7865134560419449,0.41677748478892485,0.5019580840106046,0.655612441351309,0.5114443790352302,0.3045432660766526,0.0470508671354859,0.4465256545266115,0.5083127340306172,0.6757657861969056,2
0.8065479597955291,0.14376171109179936,0.2396254219175152,0.6849715512723765,0.4618181621770822,0.8917771526261029,0.768882264437928,0.1644025320550895,0.6343319037016593,0.7484750389569457,2
0.6170900634872439,0.27062276678095154,0.733639659432142,0.17185904811598082,0.7293807162360983,0.780794594304205,0.6992634075847259,0.6255658319350746,0.27523908537271624,0.3692705348236026,2
0.34624179653923304,0.2693262516151231,0.8479274020755274,0.5758896900616632,0.30873741518809716,0.8335943421210149,0.055644602031679036,0.6683361942096984,0.9618375227991461,0.5683225329322885,1
0.06100697217578188,0.8134214720222016,0.3928803222894575,0.46453390967294284,0.4756813786055051,0.6617609073966797,1.0077107997130346,0.5286875083275583,0.43297157038425105,0.945498156785852,1
0.2268754628880507,0.32045519288214963,0.25152231314938134,0.8199800391047055,0.04397525488337087,0.39409746257929573,0.38043450330618067,0.04136407426011319,0.8322960858231956,0.209832957060036,2
0.3045549368547609,0.8272694590303934,0.8270430587218599,0.24308101228406953,0.8398462105501322,0.40563551471691955,0.7440606884817498,0.8352073626909952,0.5255075485556625,0.7529143982442172,1
0.8454026261703608,-0.4943997370027544,1.34663907271079,0.13326986857245932,0.054000753408117455,-0.1889389501364418,0.9139569359173734,1.4117170376546972,-0.0017400783225710592,0.440214970137241,1
0.3069648585272675,0.40107628478914714,0.9891679388995506,0.636655513203841,0.38375049977857184,0.7416907242913111,0.1534944417941865,0.6509234897774393,0.9308976435619242,0.4080259512245271,1
1.1507121104814093,0.977449067389886,0.3474556751750137,0.540335391105619,1.1077010173934734,0.7524376412292877,0.9900251375970058,0.44065638109186883,0.1972888226422014,0.04680324807983552,2
0.5462617887222563,0.8380934184579307,0.37791141667725897,0.7167885081834606,0.9459910791225005,0.2436192414478009,-0.027612315622225242,0.05921800745793851,0.6596369104932112,0.8931909053714534,1
0.6559272905878358,0.6955305046482609,0.7821744443485887,0.4438638260078811,0.6539003139854264,0.6719702671050762,0.8619526922950418,0.06933022169398914,0.202710648987298,0.3263628784742316,3
0.10986640296076614,0.7910559540919101,0.4783346744015603,0.43988160284921607,0.5251791440598921,0.6535482816793381,0.9265705569922014,0.5345430243859414,0.494439499118082,0.9697689500656297,1
1.106775732880926,0.19433675462648975,0.45038105265753947,0.03455513466505454,-0.0005393899906349859,-0.049244032245281705,0.5694631559762252,0.812594032020557,0.00398720694728876,0.5861923385908098,1
0.41516851460667836,0.6602033032618043,0.7425855086053514,0.6254377781322704,0.24482145788145246,0.5301878391342919,0.10867856959774105,0.8260871467102244,0.4287539828074072,0.10646320208995724,0
0.34621907132263346,0.6969630607388668,0.8370396218339632,-0.10848472304015061,0.5373869353428194,0.5479501876532887,0.27889873444282454,0.6676783714989857,0.4183835738871038,0.9521865759070045,0
0.30163022831052555,0.48501154888439163,0.9965246928484905,0.720725173408329,0.37303053109341167,0.642169431679882,0.0980216842187617,0.6932340323598088,1.0206286034633771,0.35066117506692795,1
0.2827065812333111,0.8776791916938983,0.924590433389083,0.24222762014407512,0.9098122341356667,0.4023843954026993,0.6427518869559603,0.8005475331382705,0.512586163252629,0.7414445928070407,1
0.6482582622461226,0.3969329897724313,0.7719581497598005,0.6481683823412431,0.20183419143442646,0.3619436030524915,-0.13671571389748105,0.654904133915194,0.40027984473876976,0.3131875509992791,2
1.0179836425495352,0.48461686595657877,0.8053703647578886,0.04128350624840035,0.5639810134252847,0.6465679597469858,0.4112625946608904,0.11450270564243699,0.6873872164724318,0.9431761711926566,3
0.6577267555500386,0.5055591191789797,0.4832440461084465,0.1816144807978101,0.27735357784776316,0.919179607406297,0.7690021254509364,0.6134710720645268,0.29735039099474037,0.8923658298293811,1
0.603601488948133,0.1580898755214832,0.3021939575065514,0.8311256026407016,0.4679986250835308,0.7798601667411587,0.7218097093470242,1.053982035850321,0.4951878346575973,0.9311998448167307,1
0.809408232412497,-0.34383924561809354,0.6281181234459857,0.0948431843443332,0.8109840826427055,-0.08816124630128341,-0.681489931012991,0.7320628856928844,0.5012645205866723,0.14522805808516892,2
0.2754005358110307,0.43974297194832157,-0.06092563942747414,0.8723883419412637,-0.0169766563167483,0.633675771164996,0.5255920037396343,0.7880215788558248,0.6341306870746336,0.09759301270213369,0
0.3787273344574806,0.7819759267110257,0.5072083760429302,0.7827329595497808,0.47104805590827725,-0.024057072832122654,0.7899182962800461,0.9150352609184541,0.3202238934328976,0.7017080666295266,3
0.600532967826686,0.9315236072276322,-0.027421547452595396,0.024890636336347215,0.39383455073725376,0.2890127022770024,0.12162087674215116,0.5167157172337579,0.13801437805423894,0.9249864399684463,1
0.0460709772903312,0.129582368241221,0.3366134788164234,0.6654436530993761,0.5131092487988428,0.8058114144698355,0.8683781198650347,0.3108610486428928,0.6332149805335207,0.5101660345808816,1
0.3841880107455764,0.4572236857244559,0.5536332257323138,0.41816158521158725,0.581758847285036,0.7418275363774347,0.9021063464508083,-0.08295178066527786,0.4536137111354763,0.11819390167420818,3
0.5242679792651117,-0.13664431708599173,0.14076019110119128,1.0130343248472404,0.4828365214861302,0.9309437298410165,0.5357708116554971,0.9988431566235575,0.44506450295043426,0.5924796483294918,1
0.9809993669958023,-0.01898748497051994,0.5849004420193553,0.8806216457988328,0.594837266818393,0.4228685749365236,0.5536793673829041,0.28683370057023094,0.08289602417112663,0.6642427072918672,2
0.30105538727831466,0.9494228299736791,0.08415066170950036,0.4401929057379744,0.692614709851098,0.7738147331655757,1.0057529533570382,0.17428129348368276,0.7105661014315938,0.8061890713754681,2
0.48884321761608246,0.9936074040341256,0.7806854235650553,-0.14233789644409642,0.7527575594551542,0.3633074151219901,0.23442024962995145,0.4945406729763894,0.04866939600024811,0.975983251487513,0
0.05385793054214947,0.1795359232475869,0.33613339873916415,0.7193516514802534,0.4708981917951707,0.8307625093235509,0.8573257888641495,0.3629967058799192,0.6774550133815566,0.47540337583036574,1
0.4756924365425679,0.054564480689465206,0.12682496691195685,0.8800314935970248,0.53958991903642,0.7269104962791332,0.8656806266017075,0.9989713454683097,0.3499007538694163,0.8901768299953962,1
0.15030569510856,0.9707879561685665,0.012271599339272403,0.5185897633024735,0.6858024112347623,0.7676267109725203,0.9060489963417766,0.14132540022715118,0.7835302873919096,0.770534658411635,2
0.4905374791112353,0.36536047374798586,0.12421705935860115,0.49288454770780743,0.10135199774514661,0.12866156481298446,0.46968280512026694,0.10657399249483986,0.9772514390481507,0.875352315179615,2
0.3337479920084023,0.9745854722242455,0.18554255815488457,0.5997712347708892,0.6398924338972606,0.7281261961779166,0.9076412830835499,0.3132185445293247,0.6897721195674714,0.7966899019156939,2
0.862851199225028,-0.46820802274151085,1.1162850353405087,0.8088894646510958,0.3838315308999164,0.19056895466049656,1.1627727629091074,0.18275355803328602,1.4025311174654223,1.4427508542561607,0
0.04639444688490917,0.5535253556127154,0.4058750466846732,0.6209512908248201,0.5179968548360592,0.5604471637309333,0.6769238349243283,0.7675658778294369,0.3425191256664693,0.18824324747119403,0
1.4919725855162398,0.6137906243643672,0.9755739397711412,0.7879791194865307,0.5392476928419991,0.2044250143263245,0.5457361898414896,0.5484460468021194,-0.4807938262934872,1.1306425341330628,2
0.8821837220870665,0.5493130316203461,0.31357081528638314,0.7327182207318139,0.777396931378069,0.7446293479825242,0.684996334530534,0.10305892547728182,0.777052367227613,0.9258689068351674,3
0.19978667822472113,0.002578361561337939,0.06848687519480363,0.030690588398429385,0.7298672281557627,0.2644044233915439,0.46156041694849803,0.4687409110211546,0.23915138713659387,0.17072752316243317,2
0.022220842448937968,0.09796218522758289,0.4453631092612325,0.8017325311073564,0.48283063818537264,0.8111787831750744,1.0264728726019812,0.303052949972208,0.5356444574836051,0.3932219503797517,1
0.7657622562959359,0.693040588234638,0.8574783340840907,0.35192586929475367,0.06434854158119897,1.009211062780778,0.75588992196726,0.6883815935800041,0.6021004473088758,0.5585190050157633,1
0.8977041079882192,0.21046264313730362,1.0875441379782878,0.33734279593160066,0.5424489618741617,0.5311893547217756,0.8990045528450381,0.4651896256478029,-0.23468354202361214,0.0923233107917747,2
0.43529274636558596,0.2712276093147559,0.8912977245397371,0.5535907854873022,0.892320979753702,0.2871201013571343,0.8108759017487286,0.5414668022870947,0.20333734588223518,0.3447174523651589,2
1.0038246041062737,0.07888049335057544,0.28167166795372844,0.2673223796231679,-0.0245130543546993,-0.01556007240505123,0.5708172384526516,0.8231389500969756,0.10481085263466054,0.5282319325154737,1
0.21595938166332454,-0.019581567285825968,0.08799713639079565,0.8867554943487578,0.2059051651845667,0.9299086698079148,0.7168500988346657,0.511348332808683,0.8590524530702721,0.9641144501648841,0
0.5391270524034362,0.795142952219897,0.2840203741076142,0.5544686902560295,0.8352813651072736,0.1991694972091916,0.011666708216623368,0.2397100011930066,0.5260226391967484,0.9161525086030244,1
0.11809515337841495,0.5249953700983901,0.4967911789292838,0.10726414523425717,0.9789631716180228,0.7226526422027348,0.4486585141863315,0.4869185553380518,0.3631561390489786,0.11877114981456471,3
0.959273617649912,0.60445619987926,0.7146492634873066,0.10080766388708545,-0.06068947710912481,0.7551351454749616,0.8735028321448686,0.3984090130751685,0.6690158597681923,0.6525619303966889,1
0.8640927879026098,0.31758782725371304,0.6063823182936822,0.5919692603966777,0.3670838383366966,0.19739475182574487,0.16021635681762936,0.3359934814519291,0.3007683024639882,0.5469589390580532,2
0.22389476164985592,0.23511851841204048,0.22140562747309367,0.349896127577156,0.3334241669525253,0.403002426498797,0.31121299368157407,0.9475333826605391,0.7942500077464472,-0.2859956879353112,0
0.771836434889057,0.4001495281674937,0.8672654993635528,0.7175340589043371,0.5185125224886719,0.5942553023239568,0.06535249413444247,0.681461362194984,0.8648125960499284,0.40423884646056363,3
0.8227035090462539,0.7374075160358955,0.02928174576056994,0.6713577606183665,0.3347789698912666,0.8695714077304701,0.5605466956179236,0.1406406287499228,0.8541882581663821,0.2096213189010877,1
0.2941091149114978,0.6394901407749373,0.2402213493383615,-0.03628762708221362,-0.1381648528710953,0.8205987703707812,0.7039200416830594,0.4805438658655784,0.9484686547170325,0.9105188817515709,3
0.297556349959455,0.6881486802044741,0.8900113459560811,0.06970031464224094,0.6211351503136302,0.3825573805883157,0.4334693481668662,0.8049372208053779,0.22760041014983548,1.0072829373748604,0
0.02041456515307964,0.24275154312134956,0.7066504352608587,0.00968376886150481,0.04871910324535998,0.28654424336165124,0.12541888048028663,0.8791163086854747,0.4697342000180169,0.29888583064365676,1
0.7668263503477689,0.5593580978409458,0.5866752778103688,0.09604776590227329,0.23401190531824384,0.7681230910378286,1.0511501869814681,0.5789214154958024,0.5138919170487158,0.7386272431324089,1
0.6492668259532215,0.6838127928677655,0.40515891868486864,0.22255766415012654,0.8925813445491881,0.29412403757892935,-0.05350820002629861,0.317831922398281,0.00880705811504539,0.1393162567358318,2
0.0650141077892203,0.11845014271561177,0.35833996354322456,0.7024928386070197,0.44997962240025785,0.8769096649786664,0.805301584253332,0.3757878667725879,0.6974376187798876,0.5044395740096189,1
0.05013948372997035,0.953055120642563,0.5254305349888992,0.5165632831487631,0.5962375180430597,0.7091528034279088,1.000584442644076,0.4854185820977086,0.37905278120868624,1.0305148747493993,1
0.43666600052382765,1.6050299914045434,0.3695751806228691,1.6706364319402114,-0.17507171991695797,1.4662870204364886,0.2107104289299605,0.09096899915268708,1.0035383523977175,0.05575914175708263,3
0.474870695291618,0.17140853032179432,0.9208944673829986,0.9019508957538294,0.40663363015275117,0.7861181080208611,0.265376712097284,0.3646141111308511,0.7065996394098891,0.48350275099209616,1
1.0079909432439493,0.5200203527522811,0.8320765277403034,0.38576405263499325,0.1346828837122151,0.6375192825274336,1.0655557978085435,0.781235369743349,0.5180840857328882,0.9495916595230114,1
0.8968491596837009,0.5581498472255623,0.3360977876864218,0.7632106341784256,0.7722483432619534,0.7595843109347274,0.7060581528532957,0.08718829334862496,0.7501861796315314,0.9196080900355662,3
0.24708336927239166,0.4442535932869762,0.3237262917430438,-0.02373373216991688,0.8379209630031454,0.7869723630669454,0.6585373009410703,0.35064428438762546,0.44175199206818083,-0.05741968580473389,3
0.11838554811647672,-0.12616663891027452,0.3298267987393285,0.3102947377605335,0.6975853955887361,0.057811086642558275,0.7451003733592919,1.0596377829199617,0.5502517938866038,0.756559695818893,1
0.662377855724094,0.8130582169201848,0.02228633667815466,0.19326127385592684,0.6955746191595196,0.01506542904212084,0.35924616530221465,0.5870577196035661,0.4785974515929498,0.15081906751353924,2
0.30242994011883945,0.4548976096790438,0.33664144764385356,0.7328840100978651,0.13400442655967942,0.3578794338944013,0.5493592859131592,0.03213904899979389,0.9916746935392481,0.20723838020274488,2
0.4987611879596018,0.05391798572254775,0.10683755137267358,0.8846707931028638,0.5126707234508889,0.7475127848016184,0.879419481618407,0.9769182298874166,0.3441912356465085,0.9038709205488362,1
0.9903169865825834,0.9751295010651189,0.3107769971192134,1.0984590017337823,-0.08645250090316906,1.1985384456219497,0.16757517081667866,0.7422131620992398,0.5337769336370857,1.2905593086209866,3
0.9270440448519348,0.5691507410233713,0.7398441201680037,0.06884651292983404,0.5357241099764354,0.6310250173351686,0.37818497061870215,0.21478695376497006,0.8138025879302802,0.9747286705086955,3
0.6034740611831392,0.9385967471676306,0.019203845963695627,0.055054693314288174,0.42089972197903475,0.27900579886413046,0.17702172643523165,0.495530198537822,0.20032546346815594,0.8494660269768777,1
0.32809958828310215,0.8670793612925755,0.9835605771366993,0.5944264048488247,0.04970086360133048,0.23598341731703693,0.22419257639927145,0.7794541298439259,0.08777657520459019,0.2908260317370428,2
0.5725303923984276,0.18734006679427032,0.026276452983113416,0.7408266140382176,0.4114892151959373,0.8145316313381682,1.0155135751609314,1.0881869093339964,0.316991122688747,0.7200804795723955,1
0.7510478432416633,0.5545227003903536,0.6178342366274538,0.3847087404967334,0.5574063562366396,0.6177660565843176,0.5573082578394101,0.1989419077515881,0.1481106096339106,0.1909091073074426,2
0.47588593740660884,0.38746447706395526,-0.34875401474657336,0.33680029748920826,0.18963342937405459,0.39413175815049123,0.8071626971375332,-0.13049686788407727,0.6046592327565518,0.8354400107538754,3
0.022406358398680985,0.24542045594095488,0.7011463123276305,0.005692187681076023,0.03126335384405554,0.2785256238011163,0.1259279878167965,0.8696764899808112,0.4458182104773746,0.28848300343634165,1
0.6361087917333907,0.7190137484807191,0.03313092506268434,0.22123049138916104,0.3417287467800923,0.5337211753545554,0.9008790900574863,0.3781922239694339,0.7973159703169141,1.3506889534573874,3
0.8025938241794045,0.7224315648397163,0.210025555349368,0.7200337112203097,0.4068337030807386,1.0191260250916154,0.7196493070398351,0.21866382557534905,0.722966285693422,0.4082289447748989,1
0.041640019512144355,0.17766017251061225,0.33887784358683803,0.7459399806029886,0.5055283972541794,0.8535156303552536,0.8412521301295312,0.3887034532407476,0.6596823014251288,0.5234516070919955,1
0.6000577539472576,0.13535978744100446,0.12907507255408956,0.14438234768884184,0.438689100726506,0.04491566302328869,0.21274510362605753,0.3708024825389253,-0.3229581839786278,0.42815974056201034,1
0.8795883640908051,0.655428110888002,0.8200378909561987,0.04871320983563927,0.5802802556190068,0.6220762950420168,0.31127592222053857,0.20442067873150252,0.8233743082791317,0.9486019314783257,3
0.5814178650223955,0.8927899963582026,-0.0204584701784884,0.03303411265009906,0.39066393684646566,0.27086606294419846,0.09930936357106279,0.4879663975052104,0.17738226541882665,0.9247033240928149,1
0.6242704868532464,0.5816310217445184,0.3693167202426606,0.37904529270608917,0.7145531394868438,1.265758149961999,0.5997324813226802,0.6813691538950077,0.8295679738143152,0.5149202741622341,1
0.20389729937222342,0.49891266387302197,0.8932806559030693,0.46828612965467403,0.5037260931447454,0.6808360299650711,0.1305768181440794,0.5927521110216658,0.9616697850437906,0.43474044188455263,1
0.4745464245983784,0.36803286592618367,0.1809435018876146,0.9417332814526173,0.14273306568143557,0.3952485646982145,0.3678016052405205,0.5941370174710503,0.7615677521837034,0.1773758786877843,2
1.1225442226283424,0.8602036799779956,0.38051143762307993,0.021112248483797377,0.6013050775170213,1.0045747158153926,0.8060130411854771,0.12254994755535015,0.24289433915412373,0.810695241550729,3
0.639793659741198,0.24018790709040644,0.23248787293533568,0.26614493008793044,0.609610824680213,0.03713696436650261,0.5791911348397676,0.7534801541708751,0.5910728144035969,0.6404575057560694,1
0.02095497850345801,0.21982324599232467,0.7021055340316997,0.022170018776805706,0.03710655858752913,0.29552484170390364,0.11879459406552065,0.8697819534850775,0.47272045452741007,0.30754792575287204,1
0.7194985807423084,0.3889002421347424,0.7059254810823082,0.3388210418393129,0.7072072271072224,0.5492606550108186,0.6467773593406752,0.35086794747948785,0.1091909141625892,0.21674664364572496,2
0.34366895343302273,0.9121215489061154,1.0834258651581876,0.04486227298984041,0.6432385927814791,0.016838000141133458,0.7990614871888176,0.9556178941293141,0.3728071468761515,0.7619427857358756,0
0.6374467210967673,0.9626273865417283,0.22740419164314374,0.09765201232176642,0.7262850782157207,0.010252437274564416,0.30170076410470514,0.25269538793228763,0.5324288700803707,0.00463257864773601,2
-0.03989596143942739,0.8055776278040292,0.3450290660320917,0.4846228551472379,0.9266403700245812,0.5293264329209463,0.9591222470093302,0.6288174761194661,0.6281172993085768,-0.02238870910052433,3
0.3118116202828914,0.883693865825682,0.9660130815062077,0.5855397631754553,0.03926234836079955,0.24193826248732925,0.226105570056772,0.772975351081793,0.0776475913322905,0.2820368011569404,2
0.3716283493459495,0.8671758808789479,1.004603133285591,0.5858931254649331,0.02812498345982039,0.18712653014810984,0.24703365682979656,0.795271836872152,0.130177684273349,0.2418720032656651,2
0.3373346291714365,0.8982654473566768,0.9619014203896878,0.5918490762388635,0.0795844545629921,0.20607221807787435,0.22119718135164607,0.7726135085497374,0.11024905641275397,0.2645796046271682,2
0.23565043886552298,0.2992754994275834,0.5403917047832439,0.16894270222034746,0.9422222476262263,0.4718540945910005,0.5806907326689489,0.41382133410951427,0.6130636565973411,-0.16115353562385298,3
0.7103058695760582,0.37783274117540516,0.7178115366222441,0.3498278217674371,0.7055478944867868,0.5392450384053792,0.6553833710321038,0.352107986517545,0.11799831017992911,0.20876583186232156,2
0.56452642325471,0.8013834289283653,0.3605053271202668,0.5043743415771955,0.7707976443694208,0.17541853040140137,-0.0018104219511096385,0.20932948991596873,0.5117804991441002,0.9438824726115893,1
0.0914339074858516,0.07699947497189946,0.2909526845694272,0.6719496767491948,0.5300469170074683,0.5792220106627666,0.6168056746610865,0.4144207671327021,0.8951715231123347,0.8058542796663628,0
0.609530960805086,1.0762276275022553,1.420096578141029,0.6730228304298207,0.13995034652216098,0.706635803755217,0.5709390950310916,0.2531114606477733,-0.6492771776508479,0.9713591626443252,2
0.6497059455751815,0.3656556587389491,-0.04773757884412638,0.6674277794574824,-0.49800504694296865,0.32227058397573216,0.6968090392387792,0.9597530537197939,-0.3568574052763078,0.6014949658057261,3
0.17905792724707925,0.9309290915771605,0.06233499465040119,0.4086737253627463,0.5904596909296017,0.802552184571606,0.9504522583619605,0.1668655697984791,0.747460619241202,0.7359180547347638,2
0.5161240530309887,0.4411465897601285,0.9112453575553741,0.6341847414580404,0.9103272402502831,0.2562859389613963,0.8092462300049091,0.8939033381212133,0.6307413653594306,0.4333485888837619,0
0.8859566226860242,0.5364103144515081,0.29829935589591017,0.7503132538663049,0.7829186371633056,0.7600118257616898,0.7056649891528295,0.09639181637723956,0.7747026846158458,0.9365912242673896,3
-0.010015439116282748,0.7450537754941082,0.2970019955965316,0.6036279801244726,0.8801043711714864,0.4915799218465551,0.9998993284090082,0.695572107779594,0.7018283495331049,0.08058311107199638,3
0.8220477365915311,0.6224139331246772,0.3747570544087595,0.7769463306677477,0.8416410300229623,0.7852640054328792,0.7135833665620794,0.11445264206647415,0.7293409140142998,0.9541053601731244,3
0.5242831758939913,0.1323193659642512,0.27610548593248935,0.08831708572670868,0.7185346300847426,-0.040963182106826035,0.44167831184076234,0.8532147051788641,0.6055881728980195,0.7900842027817405,1
0.053598946846736495,0.4737168108129489,0.44973290836521895,0.05011355520862406,1.0128507806541767,0.6959528807749518,0.4116037571423186,0.4244015307451243,0.5236282637079965,0.17149279148278418,3
1.0348280800476508,-0.048031754994264514,0.7124383261293559,0.7663984982619322,0.5329259339468414,0.5051930153031647,0.48115187504995194,0.16728736598702665,0.19011055537827867,0.7719731105194212,2
0.3521669224528542,0.10899670701782434,0.12565968240658051,-0.1332723068457669,0.7302960445267443,0.27097326058430243,0.36831845674291885,0.5800870681299103,0.11207853297167615,0.16054387274624726,2
1.0744092409727317,-0.1696488246840438,0.6798696709818156,1.260189895844792,-0.3182520871208918,0.5789926048529435,1.0197937114762539,1.101748168970075,0.0750956064571755,-0.16251067348399933,2
0.529127405072695,0.41451166935858996,0.9256227651699156,0.7223315786298267,0.45891946396218014,0.8477444380506552,0.4685934923422031,0.3213513190363909,0.6571262100051879,0.26621870776897216,1
0.819865774548708,0.6507926527736856,0.16239262007835237,0.8256377652260891,0.4209950376085449,1.0055025497630383,0.7536559955896052,0.21467119703765594,0.8076123898115016,0.27382137154643604,1
0.5162549046814965,0.2831594627000197,0.12486866501699885,0.3863945972591468,0.2249128939296871,0.19282494167251732,0.3701656154216154,0.17606625611460403,0.8931154034744476,0.9504454901513795,2
0.8659208100067598,0.30161974750230597,0.6511455912720037,0.6887134186767025,0.2855639245957493,0.05784528308498116,0.19090807747556865,0.5147903565420646,0.4122702995859273,0.44908129903955984,2
1.2662558464003446,0.7634760650983223,0.5041370241298672,0.2561369727648179,-0.4342859556274511,1.3233062739909636,0.8168235508662768,0.9019028257709769,-0.12505503747951274,1.3476375487470595,1
0.6373470510184125,0.6942808759291946,0.7626970825923619,0.44898863158111474,0.6297169230261301,0.6575578046035523,0.8691854156090637,0.0677031375412305,0.1948255582828572,0.33124472674712657,3
0.03037718148400627,0.21887826972105043,0.6849974358510653,0.031553080700165353,0.014037915701388608,0.2818366661250772,0.11291506312309826,0.8379166622865795,0.4859830442409914,0.31248121235324056,1
0.35644522418422725,0.7905402182712568,0.011976510185930066,0.6367221701218106,0.4588905376805132,0.6677243912679196,0.7867788278419927,0.14451600442090484,0.9061844996106302,0.6040076906889214,2
0.2995002975715555,-0.14439968388984395,0.3289852469444145,1.0305896332659457,0.5772915718825332,0.6394694343294776,0.9622254088129307,1.0814396032630171,0.14103415367674005,0.8084242577023582,1
0.5746423648225627,0.7827419284941933,0.9446924096017715,0.46773066018170606,0.30616808689143316,0.3878129913920615,0.1768242166419259,0.8181314118305894,0.707601345774932,0.07133345893617357,0
0.6875288238316238,0.42814414588089605,0.22641045278838395,1.1465108055201187,-0.07062595922650533,0.295914358193867,0.5309790080211082,0.3650284169281228,0.8039171363271561,0.1674291229832312,2
0.05413502967330417,0.12718709609085424,0.8362765456298786,0.3089747715543527,0.09943871948044361,0.30011345754874474,0.6245149282571677,0.3729111753962366,0.3588329080758592,0.3804807299636101,1
0.278679126555361,0.8828068779121798,0.07486963949771247,0.5136989669460452,0.6188547939086705,0.7064301842134343,0.989067542814131,0.25088487008651433,0.674162780431444,0.7623393044045895,2
0.5254279238116754,0.8434789200301025,0.17273387440273064,0.12019332783893269,0.7651104616640537,0.10242737443524062,0.20890277891092357,0.44740920664890416,0.5750524418769574,-0.004894390274446528,2
0.3254425034684981,0.8700808019636187,0.9812527176863123,0.5944077874166231,0.05411162787118071,0.23406784716171014,0.22597385371448492,0.7782364960563669,0.08801538227779629,0.28732491634427093,2
0.6929439232495038,-0.03968914410948336,-0.006000675878450934,1.000317928519016,0.7637931767749099,0.6813717070834386,1.0916017493164845,1.0992521976874352,0.23087517878995906,0.6941013536201016,1
0.7968484826318556,0.9106856632523542,0.44581701895648723,0.3694308141456128,0.9563756368327352,0.19399756354132316,0.041345894015626605,0.06436481181262499,0.1938820760325196,0.016455168191737424,2
0.4362813511154052,-0.1884138481496071,-0.308508948531886,-0.39235691308764736,1.305703703389122,-0.1852728101227209,0.4291509233231217,0.9643836905572732,0.4575876293476896,0.559800407018167,2
0.5800023424716865,0.9617772709267043,-0.056270502988559803,-0.00846978176635893,0.35407632950055573,0.28405254697469845,0.13412060392906922,0.4371913693157066,0.16623318819681632,0.937326420414705,1
0.5738743959513654,0.060666319887057424,0.5039245405434669,0.6391452520696922,0.5657773488535656,0.4833599703480752,0.39076441140354223,0.47065167920306017,0.43172180098975566,0.992225699257781,2
0.3789445220223659,0.6790761644542999,1.1474672027602912,0.884671870536834,0.0919471808357305,0.8783342490410101,0.27472113741381915,0.5930097869832246,1.2389852598699027,0.5441357869880997,1
0.5198415933790064,0.231769046760063,0.9041584046289292,0.9245068608502696,0.6400984851084441,0.8950687556883259,0.2127776920731148,0.2700742769996654,0.6198871396507466,0.0035426565840660507,1
0.13025279846599236,0.14488890048041322,0.2880536068369319,0.7580826792049277,0.449168731040624,0.8901990643875698,0.8136873973190718,0.3323924921392807,0.745592350810826,0.4112799285925863,1
1.04284884801231,0.6407937465702594,1.086912688833122,0.37027968461128674,0.4425177958824622,0.654200438780346,0.6945661697735472,0.49836733994084875,0.5912882829406717,0.49490004600278265,1
0.6338868823292704,0.926400354186358,0.10277214794905239,0.1611426522004848,0.40251796954213215,0.39028608623744565,0.03811012000024168,0.4725977840349064,0.04962786974046589,0.9484435736303921,1
0.8204574068606317,0.5921390697044894,0.752190896784723,0.21523707399680897,0.11510326539864613,0.8433133625069091,1.0148042904124277,0.7128717047153097,0.38232190577093655,0.7730358594342294,1
0.4166565521058317,0.1569234539952057,0.02186079460585067,-0.20184490106083047,0.4606022097733071,0.3353837737494475,0.47625633077852125,0.686528831510773,0.3709175832969371,0.15902164999449755,2
0.601095815802082,0.9115577514399354,0.20077758124176165,0.14700301878408503,0.795461668875077,0.09587056886955361,0.2625300032068602,0.41478952308631795,0.5610907922633321,0.0328601481152096,2
0.770534214569651,-0.07677350477251135,0.6320604424671413,0.14848269613841214,0.18960596977450825,0.16268955455957113,0.35978206873569574,0.6242956333380001,-0.08317905049632641,0.39620761890726497,1
0.03689860813831601,0.05786320773432315,0.25937070359481823,0.7166992286849181,0.5331436450415189,0.6499274043002815,0.5942321384777571,0.41141267465518383,0.9017021236487319,0.8161392778806319,0
0.6069532602964925,0.8762579044945595,0.02355500112758906,0.08237806771517031,0.39483478634283,0.3244503136003106,0.1668792405454327,0.46182976170013396,0.11447219552495529,0.9330885217277871,1
0.7581277780730389,0.2950049328898876,0.6726585866964465,0.4558077251518641,0.6445231464086408,0.4930956208195864,0.5525125251931838,0.4174602743710363,-0.01191235075879174,0.14807933866655604,2
0.4362386971151633,0.11241765788170537,-0.1325862321836439,-0.459956840111319,0.08594372775987824,-0.332572478266996,-0.10083236596292167,-0.2282657329519322,-0.3227046905837102,0.09542904438874761,2
0.24892932466047818,-0.014191185991879282,0.16873001440497037,0.629841853047649,0.42219860512715074,0.41788262587150427,0.5100520688244411,0.58962251119001,1.0762635387456685,0.7017884486084174,0
0.02457148083017632,0.21846953096519983,0.24055309157791466,0.9150894353495498,0.6312945178421191,0.3576673360550662,0.6331127090317688,0.8954079273312364,0.20674231029766268,-0.014216231916937577,0
0.717561624168431,0.7292977571989675,0.3929687540707998,0.3988231564291542,0.06756728442988282,1.0304995214500459,0.03202546835512038,0.24034663438002815,0.23496174766895342,0.5155781237464166,3
0.5823462561353441,0.8664508915914411,-0.024440396840201377,0.10542303703383815,0.4038916037512947,0.35912879770052303,0.17157331300970616,0.48559693543968785,0.15368725969325112,0.9151885639644044,1
0.9283138830631179,0.10849735331801519,0.6837234504977643,0.824642895735462,0.5117365380032308,0.3699312389397644,0.5682286996639383,0.3101575464811165,-0.005156516131401612,0.5837273470988239,2
0.16731272448246182,0.7805240881324695,0.7666450565345988,0.6739521737478936,0.08998593115251961,0.8097106005942372,0.8098860371919709,0.5026718116316204,0.7310634494050566,0.6124842327932778,3
1.1612116771701408,0.522500897312055,0.4091557960843789,0.28879928630263085,-0.09728821665606255,1.125027209250915,0.9139310103006909,0.9506181143663899,0.3534295079561113,0.9274606797108276,1
0.02427427177446152,0.23486158672522892,0.699485230317419,0.0320849688841169,0.03813367581889771,0.26855581214159907,0.10970941136107251,0.881662951650804,0.45457047371954323,0.2880446294752126,1
0.0813033349480643,0.7775843155957494,0.28476865760791675,0.6109641868392662,0.9669994847891722,0.5131481992499024,0.9897576770975047,0.6347804967844829,0.5884171222200216,0.14178231580603362,3
0.07811476522810387,0.48704598937014604,0.530439341114755,0.8900996800681644,0.3149466355102445,0.6601667316959761,0.48602245826768686,0.7685544827614307,0.4125521147849667,0.09338272545410173,0
0.5166832706142606,0.8255454268539077,0.3188865112571738,0.5182068088132199,0.7893385266869877,0.16176220135545358,0.023691745020397215,0.21805217829712054,0.5376609422433557,0.9207460806992877,1
0.3528479895924802,0.7731860640624391,0.23872064293239464,0.4301436933509958,0.8294810410554192,0.7437066075030112,0.27024535354552226,0.05804289117818229,0.02166505244220014,0.07211689777639091,2
-0.26968496452149526,0.6282440133602737,0.32608584332902657,1.1197875463471612,0.2352433096005002,0.7313864981820133,0.5020750584386233,1.2387174853298957,0.3820361912392723,-0.11308947069029435,0
0.8803488050132139,0.3290612111324803,0.5479006448486007,0.5624682717140909,0.32009350150479765,0.2768186185130952,0.10238153112374984,0.42954173661313666,0.3965079202659763,0.6685589570687416,2
0.5123084149591545,0.03692688073594424,0.12225167722251769,0.8757070369529131,0.6366401442919697,0.8043900092540327,0.8223437227443743,1.081410190751333,0.29382697120408185,0.7803030082091175,1
0.7616815553466705,0.8844880102078818,0.07834595473036893,0.8709503868871931,0.706476974540136,0.9679528680309661,0.6224170110941434,0.5506868664258294,0.0537352009290293,0.2812898481117534,1
0.09347654430328997,0.8368052016965175,0.4025878122786909,0.4761733475474148,0.5321524030674543,0.7240362130150559,0.9451013545683221,0.5687470793309714,0.4572123369504003,0.9286434450095548,1
0.46869501905263516,0.7180617461275497,0.6982659547702657,0.5490277463676133,0.24564776576789207,0.4787837428236513,0.1743583976002037,0.7667273674950553,0.6187768057660591,0.1678116262155733,0
0.45126903050642664,0.7066796130474078,0.8056281876347728,0.5530404654511567,0.20193169212667414,0.6297422307719918,0.1643944471682913,0.7558780154633694,0.4898178568186631,0.07951573554669847,0
0.010636459611628513,0.2317661067574161,0.3824666834275974,0.7094058150218338,0.3930437280737711,0.843068039615969,0.9318272906582044,0.3733648424474718,0.5745121637363788,0.3802482592899933,1
0.9802590747678446,0.4626925472661737,0.2092568879973727,0.7757475357677523,0.8570075949060294,0.828744040767638,0.6885662950737014,0.023297905696483587,0.7874833647342051,0.8287417769495244,3
0.08547389888972065,0.18778620812938868,0.8755907903473439,0.6111079610831301,0.583545678788875,0.5909719341853433,0.09787373612587302,0.5951233008183732,1.0191029544492431,0.3083566947641585,1
0.07693331207557141,0.5097614382566713,0.08035117720652651,0.09771862800020281,0.504719872845926,0.44286366044991343,-0.03911881735553571,0.47438650420655604,0.945893187272563,0.590284273241719,2
0.09087200845396325,0.08681915169345392,0.30647668287123636,0.7004983068406813,0.5159885787271381,0.5966017632573318,0.6172724314318505,0.40844724872482974,0.9293792276294548,0.8155829287907763,0
0.5836527716277434,0.03110617006904999,0.13046879242312445,1.0368245296007543,0.7705647851864961,0.6031833294501076,0.753863325585777,1.0070899781541836,0.14937267755800593,1.064992133222517,1
0.045950427415250905,0.4783609038958193,1.2076257108909954,0.6283978622429387,0.17806355450657382,0.9638580400733424,0.2381338819339483,0.523084448430896,1.1627829206210005,0.18236657348526644,1
0.7270814473030287,0.3752541323062737,0.6944839163341525,0.3391538971106392,0.7000160800757945,0.5409105707810767,0.6371207491130106,0.3378383553681208,0.09670920105194501,0.2208945915632561,2
0.07680113596981149,0.07021280784793113,0.21299093879154973,0.7150547844388557,0.48264149748614593,0.5136026476044137,0.5391530277131296,0.4976031084297371,0.8598001165457438,0.8569203195150116,0
0.06560400389264828,0.011111402613060081,0.3741189098380693,0.7120239341616105,0.5461387631105294,0.6786198125258357,0.6543201707079379,0.3948967294700802,0.9885966250023613,0.7378284847924782,0
0.624325248696098,0.8531269450549005,0.06525226725422671,0.08968756461664298,0.30153694360395034,0.32239514153727616,0.15308314232921413,0.5310659912604871,0.10031410712492789,0.9193769663336607,1
0.8792060785871246,0.7041934143817109,0.13573227206594113,0.7953794557474952,0.3778367368952399,0.9720723602470134,0.7160969075156866,0.15778973805124388,0.8168467711292324,0.30896505907391425,1
1.4717593268211002,-0.3218407364323665,0.6769681977300686,0.43483270122123047,0.25559871394416456,-0.29508223439891135,0.04738381804955066,1.1230733810602067,-0.0961770355329834,0.7288724967598751,1
0.39235037600623257,0.9504381805354567,0.7916500585641538,0.33893079987266733,0.5716388892042977,0.518936114010732,0.6184629784813795,0.04596382453294033,0.02801625753819656,0.2833925403130302,3
0.6167509123710614,0.8336770989669606,-0.02166569609953545,0.07380779059489548,0.35476731474633816,0.2791406871488786,0.2036799048011921,0.4442277543298973,0.15935409525295818,0.8689716460889764,1
1.0078645771729033,0.5823588065040333,0.7986306028316541,0.0994006285529095,0.43374199050047035,0.6308732890806702,0.33008415086760695,0.10911902340857528,0.8625229356014417,0.9472314533016659,3
0.3095588135264269,0.4301748312303193,0.9919786070614531,0.6421266672091419,0.40467324730371973,0.7259638966497948,0.14533933779223687,0.6411358896789086,0.9433036119390266,0.39745075276337954,1
0.6838099907594754,0.6524423306397109,0.6405816942908888,0.48501070449919,0.5261992486446763,0.5279827591466941,0.943127997093252,0.023085191674160836,0.32703508217222865,0.3698103280556523,3
0.7181928124041952,0.4881615599045107,1.2064896388686046,0.8863378995489284,0.34972772652746603,0.878341504173023,-0.16242624665587718,0.4820757638322285,1.1380544117490439,0.41935514255414647,1
0.44997479150568076,1.0558290918529625,1.065742882615755,0.31639146425789344,0.8282686668046254,0.29061471323410293,0.855935395969011,0.7731807434892353,0.6405871670942003,0.5912204796600627,1
0.031226685036043568,0.2510736172994684,0.7094465914783369,0.011636530917855551,0.029706644304483172,0.2718710840773603,0.12702043924113798,0.878400247325224,0.4681810830478545,0.3002480233366177,1
0.4424683296672602,0.9443681959345822,0.5236803122856002,0.44488681008388953,-0.04170424763511035,1.1691197037302725,-0.0015212345061560717,0.3460523723094746,0.14658381492799394,0.43489257853777286,3
0.237834177693733,0.23830572378357887,0.30436373967511143,-0.20514272714097007,0.5647108993888679,0.32307158625451815,0.7286488368740935,0.3116044209496366,0.28141737861705063,0.20428504986603063,2
0.10790578075068058,0.9434251669802303,0.8297908874735314,0.05560089796009804,0.3959617084544954,-0.0255434701086108,0.9053117297048667,1.627166545041843,1.155662934673356,-0.6801963816981546,0
0.10553105605414848,0.12365298773527447,0.7033254461668155,0.3931400196790501,0.11983761135646612,0.2957282367303465,0.6899150530104077,0.386232071528272,0.3789532730666602,0.5191683958419067,1
0.09035913778908541,0.7737579320572505,0.24186008801690823,0.5424559379143717,0.8813353270194784,0.5130018526765167,0.891230858139567,0.6353242345680851,0.6190199508981892,0.04529139350198805,3
0.5793743670684647,0.09478509705744646,0.055991686100314644,0.8237598211233461,0.6349224428800558,0.8044580124345543,0.8501302690930108,1.0818383909371507,0.3889234127576014,0.921351967662158,1
0.7794017325409104,0.4095835158369812,0.8633698243440201,0.702309258983865,0.5183930744021386,0.5741944802894914,0.08999422958743843,0.6727183350336648,0.8370050021372242,0.3740812877060521,3
0.31032228067757767,0.5382633624253476,0.9866099802588639,0.4832936052334844,0.4971949611927343,0.8178796211737522,-0.05834145344857314,0.4751686310755061,0.8038194680449697,0.5771670622936806,1
0.8382758544645055,0.3237201421353812,0.1478752526839161,1.1184373425236585,0.4331299158515316,0.317687248008823,0.4684685964980097,0.4266870572006597,0.7364203944770268,0.48952682819826254,2
0.43188721327320356,0.7452659567479765,0.24751453596034723,0.023063756758180304,0.05609831468490161,0.5181372666036738,0.5131706250241075,0.49169347911603944,1.1770602160629098,0.6445296615969754,3
-0.003698115440035392,0.28546880555603704,0.4487628559696819,0.7749668922210758,0.36262919138799465,0.6039530196657112,0.7285382884307512,0.4500109614797398,0.7169091569077081,0.49958663400968323,1
0.5532158322817247,0.31139385920440127,0.26660208549965164,0.9691040632679682,0.21819074291186835,0.38122059599311087,0.45552859386484273,0.6755531211068834,0.6387912745061352,0.1983307155828916,2
0.564405880960951,0.4237173403665811,1.1127978605928097,0.0329542940223915,0.6456350176431933,0.22048748734838583,0.2927879996754126,1.0822856458236327,0.4398552776689063,1.2276861561832342,0
0.47572332191312655,0.8997964115773915,0.1902895643571639,0.617452142538258,0.826425130359491,0.19552179545637235,0.1767589262299095,0.34512154183101407,0.4532164605935534,0.7971787569506452,1
0.34562091513946047,0.37423075343846024,1.397056539397552,0.4544601451161573,0.9045579239066874,0.8167596781006089,0.4893879841957287,0.25402034060362794,1.022959149759431,0.634649872773962,1
0.5572658845193091,0.19746242150724302,0.9154031536220546,0.39487410535053863,0.8157975288918553,0.33753836424782246,0.8453182890854664,0.2642576332993473,0.1107549705908738,0.38609984281554965,2
0.8794223462428081,0.5568821366508941,0.3033403096980478,0.738705553488132,0.7876050210638603,0.7456189802358807,0.6783941813939967,0.10854436629960025,0.7740439266689542,0.9264713131024666,3
0.6517789900694549,0.658703646078821,0.8341265191282535,0.4734061014762897,0.8188997533487162,0.5327669659010859,0.8178637566834566,0.12751086370475562,0.3544406300660161,0.24129349572373293,3
0.6139132639469018,0.883424842903372,0.04516644325496931,0.05776051174419301,0.37175710461662553,0.3048583350703126,0.11368229346467648,0.4635820327314337,0.10362927854477841,0.8894727244158022,1
-0.08021092367706384,0.26289641212833076,0.4157328015376257,0.748383982649141,0.48599875838242595,0.5904673512914346,0.6608376479117297,0.4981761979166779,0.8616853148908997,0.8174949007876264,0
0.04637182917769657,0.11577314490180814,0.7743935278981601,0.3055749384222175,0.06399761825160782,0.27250453596858026,0.6393847004434978,0.4106232238126865,0.3106761540568983,0.45338961009826906,1
0.401057699375693,0.9466851422983977,-0.1997301585067162,0.026348754362031754,0.2008437492148054,0.7118602870478714,0.9443882920980117,0.4244878572053324,0.7325298546915276,0.6880338233059372,3
0.12928238399039704,0.33870400069911233,0.2333487465650016,0.10649359799249596,0.5037612632415628,0.2857494472822511,0.1308001676838413,0.3260013037867383,0.9622704664824127,0.708512934530315,2
0.9598322117290226,1.4787057526195204,0.7261333931575007,0.3330763145320123,0.565663392547614,-0.3501391359833571,-0.33718226748725855,0.29384823970259427,0.1793912506486819,-0.002032049060559529,2
0.10206117166672352,0.07420368667329168,0.7056628335523296,0.2873826019755714,0.11879128154176816,0.32303824275135296,0.6975840364924664,0.4194140352053126,0.3882075455800135,0.5273302532889919,1
0.3401805188319809,0.2826120449097507,0.5156326044754465,0.8305587970869329,0.5441146099644134,0.6722853921316266,0.23627497498078792,0.2839587658469445,0.3811574567986906,0.8747431408586944,2
0.6740636084966273,0.7882634739270252,0.2775771397175792,0.23009389384504722,0.7640205386370762,0.41509524141403925,0.13219532512257856,0.4361694645616667,0.03228936416908783,0.2905447745812926,2
0.6108246926282253,0.36908946999831044,0.25003009230568285,0.6896335023668632,0.5282050770486215,0.5373678592309246,0.10996758004634552,-0.06157834555237435,-0.3122548191140364,0.30469662026749406,3
0.34028537023319516,0.5300339434958875,1.079290882846764,0.6191560931793176,0.4681064216974695,0.6906761970674288,0.10205147769515391,0.7407878920025451,0.905240364169214,0.4346067959172929,1
0.45526360466931654,0.8501907337000425,0.19835136740790613,0.33564094678275336,0.2899501460736019,0.9848579428234923,0.30213027544957993,0.19731898820190497,-0.04189681763263556,0.5721213281958919,3
0.49915050683790796,0.6940798438855328,0.43794115044726534,0.3410230910186842,0.37912003798242944,0.2997486350583093,0.4461329338203337,0.8146397095264015,0.6376621797271587,0.4244080029233034,0
0.5347795069960909,1.1031554251042446,-0.037247654974323086,0.229685445126828,0.6840688424750883,0.39543537353521335,0.8410236837693006,0.41818252034568026,0.9334896965084831,0.7235820331065389,2
0.4322651006434858,0.6777337738705456,-0.17572609496882874,0.6148706555205483,0.44372762482006206,1.4395313247562018,-0.02093664262969308,0.36983731456411206,-0.41894737742252774,0.6627326114044957,3
0.13779611933459182,0.22215979578875286,0.3304838295042056,0.38830720488212506,-0.13476945111359923,-0.07631531324322349,0.6312268843670845,0.09980644045155874,0.39779646853280926,0.08874084571410225,2
0.31970599916391385,0.959659816751175,-0.010825508509730325,0.4676249521644584,0.6813801723629916,0.7407145596140914,0.927039695393624,0.23555047718777455,0.6581154825695196,0.7241637914580364,2
0.07612614459605575,0.09485512999809549,0.8096950572666972,0.2239567990786338,0.024050985228639958,0.2889354801882207,0.5556178265758502,0.38797146447145736,0.27817028263765026,0.51138239982618,1
0.587540521543353,0.3310950273868122,0.33937174429858524,0.32371419133502605,0.7551052517314523,0.10703983537236512,0.4818587494154883,0.792995473806883,0.6770887957819757,0.5301413219185278,1
0.29857797423650595,0.3179732078984943,0.11288486756465416,1.1860496377248293,0.4318502000997331,0.643338590804009,0.4000850916180339,0.7312992914297538,0.4382166581480337,0.2788110274893806,2
0.6887230048050178,0.5893732400047864,0.626798984080107,0.4928656424545369,0.7841672564648006,0.5702508012469812,0.8041645199186246,0.022194695302061675,0.2144006317264694,0.371705772073475,3
0.08586076559741401,0.09759993730023124,0.31173879850397035,0.6887498902241111,0.5086842856868502,0.5967082254443908,0.6079212836010401,0.4005047636849147,0.916137616520047,0.8048237357609965,0
0.7187752539432892,0.545299953253086,-0.1918922651834835,0.6761016167465718,0.7772576257955122,0.1758269165201771,0.819965296556584,0.6664657704956521,0.725330645390108,0.5327300980435921,1
0.4659619103254442,0.3920577048077897,0.43000412817206646,0.06865959216803569,0.22181648916492916,0.7956063637173897,0.8972458914224535,0.3546020234213949,0.7911589592860695,0.961994908023187,1
0.3396112760182002,0.3782829651683115,1.03613487303939,0.5843835554161558,0.3929624700671996,0.6977037832022217,0.17384075829814813,0.6606917352273012,0.9253170276367202,0.43878023973377567,1
0.8101514025854231,0.4056736842415968,0.7292428820222909,0.5625057216638534,0.5901411153536992,0.14264615910558293,0.28517794831285287,-0.0006606884059476847,0.20858097167953643,0.8194580737375905,2
0.7051222764260894,0.7627335739001679,0.2892639564561627,0.19759910478624304,0.7690531680262833,0.3723189616437898,0.1118167095206469,0.45563482876983863,0.002030731444157885,0.32564962120164964,2
0.9056440346728434,0.21334242028997105,0.4057349477975586,0.7204779585078612,0.14641963264688812,1.1899236620894382,0.704408361855956,-0.016479617559269355,0.7182523441136199,0.022374099577514378,1
0.8695645533161729,0.024606987923772278,0.4137760150938039,0.1257572512297165,-0.18375610328733072,-0.09982732607453193,0.5756930398370546,0.6116466449407256,0.2181194708943099,0.556497276504103,1
0.09397047728006062,0.508475141736622,0.40219314170206805,0.1224950988247835,0.9471492954978498,0.6471201556232058,0.4979457460870958,0.5521772967881983,0.4344264433137709,0.07414890258353143,3
0.9585137854230195,0.5037909697684821,0.2941192682523339,0.7091246508276107,0.7470135604167781,0.6925605155675412,0.7405244625882783,0.18898515580804187,0.7722804459229602,0.9340445640508318,3
0.6903643049912083,-0.03052541795233593,0.5595303845189556,0.6316916752866986,0.5607385992574845,0.7451094392173836,-0.08094393407710099,-0.5957583274603505,-0.06101500560497139,-0.23518495661379712,2
0.3960050528023565,0.2822780668668853,0.8147316051280937,0.8129043705968789,0.3318392354907136,0.6094314898161224,0.01056314600541669,0.5272178701483097,0.8817664308437104,0.6428725045160208,1
0.7634001441245098,0.7881543020099786,0.535307224976897,0.19484374468961882,0.31815997503692284,0.9042446113395364,0.9489660348316469,0.8495655015182025,0.21926934653325056,0.8956832825218144,1
0.6151625367028091,0.9038068144555611,0.1690345332473349,0.12740443644459123,0.768169470098216,0.020497597526967233,0.2645219762484353,0.3683199593589138,0.5565965481352714,0.05039949699692698,2
0.7464246907862212,0.18915790385515516,0.5582067706463487,0.5169627935662546,0.5357270904545843,0.26720311016214277,0.6524564017187066,0.7030256848928099,0.02597681611301676,0.4517514339122497,2
0.8732134786192048,0.7554247442816292,1.0863821761285553,0.6289490689781405,0.8396253976418586,0.5181881298894537,0.6599934272421687,-0.023437725687337596,0.17658391127887452,0.33964909957388423,2
0.6284592193440843,0.8909981153250959,0.16505028167550517,0.2907066909156779,0.763856271720747,0.6916754889028393,-0.07727570559184385,0.39819278295649646,0.010583999141069535,0.031205973615757776,2
0.31659890108511907,0.39315625286779216,0.2571604926566322,0.9400647108426725,0.2629340273875531,0.753410842847535,0.48052701892113664,0.4574771009508317,0.001291436384756539,0.9346963940651676,0
0.6086817081599759,0.8879595435106598,0.02317381716611681,0.08315526516528493,0.3738133959081967,0.28791091891308357,0.161563846736242,0.5072573513596852,0.15099441746003692,0.8868540401954078,1
0.4586848908011896,0.01746921604064694,0.10380742150347358,0.033324277218918286,0.6871647110510477,0.4410152181610336,0.14769655163379902,0.470600974550085,1.0350736889674046,0.6851533943910088,2
0.6236199419488271,0.6029743565870039,0.21933232494691396,0.8928701501639975,0.2806110337567071,0.7656191676684182,0.9021319015899334,0.2266004685758988,0.6562946116258652,0.3750601781091633,1
0.6036955738513979,-0.05665636983590326,0.5488784120208934,0.46273558302102125,0.5606606987750058,0.0417638140035055,0.8043626953564412,0.5997253287204571,0.11563894756693924,0.4812295425325718,2
0.5902564114178191,0.7355031453731419,0.4124622356155067,0.4929377547258058,0.14174644931554764,0.9937229718222605,0.15856931199201002,0.2650613770109825,0.1318862545432959,0.6486350653835472,3
0.20430965435187368,0.40239725464715476,0.21744239784780856,1.3961632565816795,-0.20138910909458435,0.7666850797122908,1.248030131777683,0.6576718718492034,0.978731476150884,0.6134662495750327,2
0.6905025303277947,-0.030702104013221,0.4921213764600738,0.5372860836183276,0.40885425753580634,0.2152245810284661,0.6161775927145019,0.6422803890654083,-0.069014499912077,0.5468942671061847,2
0.07896208298426144,0.370846745356496,-0.1881325475169694,-0.2459650036785579,0.8303450767845022,-0.6741427156391521,0.5773119837162073,0.41883579354372863,0.6819738232675259,1.0833488693953557,1
0.5920339754072171,0.8830561742670608,0.22456272464585397,0.0010923412851785025,0.7934400399423125,-0.013988585809774925,0.24002775846162372,0.3593481040190918,0.6298768695773377,-0.05633785758577657,2
0.4144057709941109,0.26133779268272106,0.27293368575520616,0.9811364489678335,0.5215020911910283,0.5742924760506325,0.8074102963737454,1.1171956234614,0.13036949648318918,0.9580268366994882,1
0.5673341026698921,0.7299675063306014,0.7084581045999866,0.40443376999250397,0.6922452287428981,0.6804969567513169,0.8490394583488863,0.11538087258013961,0.11609029388917894,0.39216419174175965,3
0.5768825693603296,0.3441002000528655,0.16075290621576907,0.34469513299477705,0.5791322365153311,0.07115680569219804,0.6475073362470319,0.6865482292432584,0.5793771335756782,0.5264710851013158,1
0.03817705680668643,0.22518366235723217,0.6899968972499473,0.014588715918227663,0.03516725593645916,0.27215914650577494,0.13359378963715152,0.8670480179885861,0.4570328210261975,0.28900288469453467,1
0.14714052246496445,0.44575853024819323,0.35530240023201626,0.2681380730722924,0.32098386914130106,0.328833764785024,0.19625138457901245,0.3683019098017047,0.858599425363066,0.8442158037886973,2
0.9896395118923251,0.19169326704087983,0.06244632141314234,0.9686079848936647,0.5796315263791801,0.2978315672777433,0.09606906742182408,0.82011092954329,0.1464704003942835,0.2879922889220668,0
0.392297161743425,0.05898247469152885,0.06133093126052387,0.19205560187798645,0.8653630674416783,0.4089442633056052,0.44043162946413994,0.3871612597354476,0.1017073864258172,0.36712647328124265,2
0.5768883244055814,0.9327890300933567,-0.04557520955400388,0.08966742637920513,0.3699316840820127,0.3546080145241774,0.17708476355802144,0.4977234611634723,0.08009696249924458,0.8826721854584879,1
0.9438371249698035,0.5937607604888695,0.7580580494497259,0.06422054075102895,0.5489994833631064,0.6080695955949119,0.37385022451414834,0.1864285114921238,0.8325343767873197,0.9792638769820918,3
0.7869687928726341,0.3325511927457772,0.12212658097684138,0.20650343704475677,0.3955892836487405,-0.08461067855327833,0.47738192942023905,0.9477280188084187,0.507523445319508,0.5211252804518709,1
0.3033030058035512,0.33553831234338344,0.257840421628957,0.8272893966039223,0.17158767305326023,0.4260613712179783,0.5194045442441528,0.13031091649317803,0.9028830570809802,0.07756620994853293,2
0.5650856697605106,1.0553114275305524,-0.2906489151180151,0.24837519311313827,1.117029579180228,0.25208779070748294,0.20675197713409296,0.19345258999621717,0.47569101784566004,0.3008735016619649,2
0.8501940130783265,0.2486353760047263,-0.07091772425488857,0.5499294112790689,0.4275519748755801,0.27779124108614084,0.388728690388388,0.7825810865396922,0.33045286548469105,0.7626293514661442,1
0.6424410247034179,0.7208073156314855,0.7553739208688028,0.4284010368440426,0.6557546994663433,0.6677295081272806,0.8739699753264362,0.08719257117259155,0.19338334242387503,0.34567278246635397,3
0.8476241380886717,0.06754310550426364,0.6894089009777242,1.0360692158194704,0.7223971732262915,0.6348042846065644,0.41842316603384994,0.40236361628542733,-0.0032725580521391906,0.718205010917772,2
0.02315153847464655,0.23332076823750997,0.6927245995158989,0.00838939153578731,0.04043819600029329,0.2710123449789703,0.12429759035675611,0.8628623203061264,0.4576638608209605,0.2872129578427215,1
0.42536756440487977,0.48046161133828635,0.3507528456186898,0.6667825556972891,0.100643274029133,0.303482154751338,0.5816523564294659,0.17886230855499546,1.0231621107967368,0.21664631422413044,2
0.12464171614752172,0.2421492462926792,0.20029919933915802,0.6264788080729297,0.38355846631645596,0.45155716025446846,0.49990653540253777,0.3520917451176786,1.0627536326037486,0.7431462684974608,0
0.06935199545957677,0.40846282328741446,-0.019555830535960037,0.39429602701812755,0.9566031681636121,0.24435788955637652,0.5407927205853419,0.7726537446678674,0.042080158768317416,0.49204995004617774,2
0.08405079983292231,0.8148273787065267,0.5069030165512806,0.47604542582389386,0.5978232058846462,0.8241473306871421,0.9600633382245057,0.5979540150863709,0.5643124283129075,0.8788633884570066,1
0.3153870649955292,0.8599546360756718,0.9842731806227605,0.5860018070263842,0.040406694591027185,0.22833138442203793,0.21761539430601984,0.7673790698347428,0.08345277140086668,0.3002564923560193,2
0.8846517936932305,0.5987974189631581,0.5913179225048473,0.13468643522427182,0.8477917170310951,0.6736431386309143,0.6546703168467111,0.3084877507641102,-0.07468757745545243,0.033317602905965776,2
0.46368024314030243,0.034413722944402786,0.28241494409490603,1.0330539316967284,0.5630764172299433,0.7689348218343114,1.036246930845204,1.0641801620131235,0.3854344885021871,0.8569637921026364,1
0.6764878094451658,-0.18469905360935474,0.3551035546664273,0.46356944028618824,0.5745283807677408,1.0061023845216206,0.8848016745573308,0.2994397550986044,0.2984318382099516,1.1026066108067718,2
0.13350178011166042,0.14337243413113746,0.34880985483022603,0.7493666880439064,0.5629598299829515,0.5562895227504414,0.5501080106420239,0.3473589784839885,0.8960968201527089,0.835041092514107,0
0.05598291145309018,0.2566399154172958,0.4901004648010754,0.559600969541148,0.5760870300700981,0.7787092254333794,0.70608892533032,0.4692774849558347,0.5328859403183597,0.43725666622463194,1
0.08018948408837392,0.43982363308775074,0.22859713170988824,0.04095072233726148,0.5603810460862206,0.292805749479801,0.09885246769552147,0.3109307872390857,1.0457544518242305,0.7483130777229039,2
0.37239073474997586,0.6783876443338546,0.9461180504385488,0.4983817981390339,0.2145493732799889,1.0867088792811945,0.5497601418061743,0.42399600101408796,0.4871541231702431,0.05598648530525349,1
0.5513028531714753,0.7983836385378043,0.4509655703803287,0.48510013586950784,0.10516411532784611,0.964952508651705,0.11441927716787789,0.24220417449465192,0.14173843840062472,0.6181995267818671,3
0.09926449585514993,0.024253436426675795,0.3504172729321833,0.7681039033005468,0.4569742483902643,0.5609346181163665,0.628903588848888,0.3388489423597564,0.9840863565177722,0.724794601584142,0
0.24534323115715712,0.6422493942170447,0.9053428119461833,0.06685042785573331,0.642132089672536,0.39496611725805664,0.4034829066889086,0.8129855229147231,0.24809657816609965,0.9772486473171295,0
0.0668323808963925,0.4412770145413891,0.5105720962218943,0.766419098709488,0.3999923410905516,0.5720246468716268,0.5387131847194758,0.8557490627082451,0.391473377918086,0.1460850785724843,0
0.3398439726930987,0.4732361419751875,0.27547408078837343,0.7058880862997532,0.18931807403719653,0.6989096629763831,0.5423665648344326,0.6991240840606507,0.1538669356591535,1.2367697425273292,0
0.3948977514917653,0.6172036567826302,0.7663700790486312,0.5850580249490152,0.1411625639669518,0.8751735528629949,0.11118476125231956,0.02604327709742632,-0.18241831183330875,0.9713575175602731,3
0.6148324371819289,0.8308619291645604,0.2160035603203911,0.21431137193331545,0.8021341844813004,0.35403718433198705,0.1845349971425224,0.426981520142166,-0.011067434834462347,0.227412475566505,2
0.7446098097747438,0.862964190903398,0.7600624020021736,1.0716208251002677,0.21296103438502184,0.1459034917413321,-0.1487913703499847,1.4854064994899288,1.0331612566269053,0.40967546950709116,0
0.5955810610783685,0.9088423074078785,-0.02846015897267519,0.0755275613565626,0.4233552973624772,0.3312018880453692,0.12829218054329192,0.46197105942279115,0.15018862614693712,0.9193953941982489,1
-0.17151853496624414,0.3327404449924327,0.41308062761243425,0.7251368526230983,0.477460703810615,0.7354256252753748,0.6075842298915591,0.731024199102531,0.31196847482533907,0.1291205273873769,0
0.1574043116891899,0.01052239085697328,0.09489887911110147,-0.018549297338407683,0.7581559921549202,0.21551260578365944,0.483238360711438,0.5029335760772508,0.2775546569293376,0.2003918095403819,2
0.1318833684794215,0.04770214732499878,0.7625330076255294,0.3870317640180091,-0.01438524728401408,0.3129900644568582,0.6611492959687271,0.40654905627033044,0.2545335940268375,0.4100509544393703,1
-0.07255932349618632,0.8179883202899523,0.8591845588785183,1.1576807822415849,0.45905094389198536,0.20280092098568925,0.7735739418974964,1.1206424943390183,0.5628905999336964,0.5278018518983352,0
-0.1461237986155329,0.7828684931632485,0.4627101303360035,0.6370034031926934,1.0964716937283305,0.5521459918658097,0.8284041466041152,0.6816339845929376,0.522001621770947,-0.003948086972793599,3
0.5857505244944049,0.1283734414142762,0.4652166348574843,0.5478944849259423,0.5879791212935195,0.1878602647693104,0.8011836919499579,0.6834624958713634,-0.0028359249980904437,0.6402932575758764,2
0.18547977460966084,0.3574738566337239,0.04417543529235019,0.8340609423307059,0.03706238896441528,0.6589380209659484,0.5546817708091497,0.7761106174487137,0.6776513460259611,0.05033200539458942,0
0.8917409244156502,0.5445716427277713,0.7795526012267083,0.05487778414092564,0.5894899352069631,0.5660549305065907,0.34426926524573087,0.12329187369850124,0.8178056572828277,0.9207633034637925,3
0.028394983050903197,0.044929095762109156,0.27796167261706717,0.6004522056126103,0.4054960817171403,0.7726050720730562,0.8895227845600775,0.45815015879546156,0.6247133135758249,0.4300659320715546,1
0.6643927746428212,0.8455611713374247,0.1025716602914725,0.14758018189402533,0.8619428577182083,-0.023553424303905723,0.303703473165839,0.42215185654542897,0.5864649290181956,-0.044762485718993425,2
0.18340464947262425,0.39455299244207,0.29928994447039087,0.08351161056670596,0.3961424935810577,0.28084926432479346,0.13557763356747424,0.32439051909898237,1.000714616156527,0.7013086775915145,2
0.35252610945504503,0.7285610810158009,0.8005603769937379,0.26455062017462605,0.4670331005903993,0.2669619459652127,0.5837292542596751,0.6880418596914515,0.4473090778963715,0.789741024158812,0
0.9582584659373762,0.510932911673671,0.2915934342180792,0.8648428836610347,0.35723949370595853,0.7059371352390047,0.877206916562631,0.48170820520284574,0.9712315253263936,0.2947376131141208,2
0.242346326875222,0.2436728422753083,0.9542273458379501,0.8023850522176073,0.4370900265452913,0.8061444788651768,0.015624535941242607,0.7466194671429491,0.7746989334933847,0.42546042715210347,1
0.0501950189028851,0.187226094604065,0.3153245836603068,0.7203374922922201,0.4710384748539859,0.84739059335476,0.8736552611426898,0.36052387009401593,0.6867925095213901,0.46758703135829466,1
0.5840367173641736,0.2881444237412785,0.16809148289105463,0.5839494765421314,0.11963770688664256,0.39993260780779316,0.24042060331546944,-0.03434545857621646,0.8589177097943373,1.1199147488926453,2
0.09619890944771678,0.8772730105075922,0.5132087338473434,0.9617554551391483,0.23201746013951033,0.08085551924761251,0.8637125997863861,0.7689468157304264,0.06796151122619615,0.6561388046872287,3
1.0041808488420845,0.4370553837738418,0.3812742455863678,0.9698640309538854,0.25175712116435006,0.6883626800419589,0.8225492932505822,0.5515148701550457,1.1199679429324658,0.21960106187944148,2
0.3829271377102378,0.15427910801392802,0.35736517330730844,0.16934092158383598,0.8435747009006328,0.6432991692326735,0.5219155881813439,0.20155186541796838,0.44654124504394976,0.07815942398589416,2
0.0332699207645633,0.25227576261116397,0.7002977166506765,-0.0012214202124777931,0.046491611632006075,0.2852449368292817,0.11105478955683201,0.8578298088931676,0.4459642828404928,0.28905607769628083,1
0.823214006606221,0.06208021460393459,0.9115358046982762,-0.006512244233882858,0.6074444794049094,0.7737936729429515,0.39149665100474323,0.13343854230703078,-0.01171967516636059,-0.05617604210480964,2
0.0335585400904146,0.24392843098062628,0.6921836785252433,0.014508574076248682,0.04936413132049623,0.2707451239117898,0.13574178399831507,0.8763914560210422,0.46324431833651936,0.2870892075676739,1
0.11090511000276526,0.32595932372911074,0.21849144573036683,0.06781249065484243,0.5221821792973487,0.33394069623962463,0.13716728856996976,0.2965209231804769,0.969393477694804,0.7422098272313653,2
0.12036884433199505,0.13196816723028248,0.2913807265814142,0.7364619203470251,0.5335644871767536,0.6292528507905764,0.622726761901373,0.41144487485914755,0.887323200152382,0.8639405765689323,0
0.07383523669943567,0.07757196628164255,0.3336306420286593,0.6840834087823369,0.4865797815255051,0.5785285897695556,0.5960927596147942,0.41791222317673393,0.8918838969618521,0.8083709422023763,0
0.8439351929805021,0.5739011890787843,0.7181864527510368,0.2489251393159775,0.14850434609138163,0.817178060136196,0.9683117574898974,0.6676672046064588,0.3954041044606447,0.7651186464129707,1
-0.03467329429401925,0.5034273475471305,0.6457525358934117,0.8788143035061096,0.21183217432924442,0.3568089113807388,0.6178342490256576,0.942842729684559,0.48240250947031527,0.3054516491644518,0
0.5399833216358796,0.4311998763537822,-0.08254333363102054,0.12020550116693265,0.6292688609370667,-0.14723219987387187,0.25780882352529677,0.24128434715720048,0.4802226600207696,0.011472355406178414,2
-0.21400586433487973,-0.2887441074461914,0.2977822710878653,-0.1966267351364024,1.0104133050830544,-0.03819729381407677,0.7388690483668022,0.8607541347164378,0.5295043040650166,0.6077709572717942,2
-0.09642860695860273,0.7232470097467515,0.6221481092781477,0.7768288793321462,0.3664423253869221,0.10598741509955875,0.9047953344386693,0.6547148196072873,0.34347581539566907,0.5528173332578304,3
0.8257824510908894,0.036594539545531685,0.31073623440290526,0.5271147801632436,0.5648233964798026,0.03719841169312576,0.4735605773336081,0.5264078192816619,0.8486613037526533,0.5670238146251837,1
0.9902675533070345,0.7070739685573627,-0.46730633557575585,0.5949682369648696,0.689027355327535,1.2137032901814178,1.1806587258828647,-0.2313599906023186,0.5626683036832061,0.6747598789437113,3
0.3825571270844309,0.42431922058012955,1.0208459471627283,0.6779685377474624,0.45892060129957885,0.6551406475954437,0.21975999846307093,0.5981445933417211,0.9025830621692429,0.49517824636372426,1
0.6344047487213469,0.23273516920646248,0.2364236492647922,0.26043317693248935,0.6124978419951588,0.03265679339987604,0.5928548412121164,0.7554426237634626,0.5897913757698441,0.6274697603521281,1
0.8264423734958248,1.041704309923732,-0.05904732061102225,0.5310042660617625,0.48744068310630945,-0.023850482036042293,0.4756661703340164,0.3359434294356715,0.4210914090748664,0.05652068964570345,3
0.06613138354846965,0.44644208382056816,0.31707633066844354,0.007496903583251946,0.48006732947138825,0.3774945392398965,-0.012823585637578627,0.38477905394568246,0.8844241181627146,0.854537540991234,2
0.13110651287280245,0.09105157311500083,0.28670308109048764,0.7256986887613885,0.4598198728110064,0.5590668540351935,0.6234265480811682,0.44987693957812286,0.9050908312772368,0.8218743811986007,0
1.0343449361182298,0.6558940693244795,0.7259895950958192,0.04342939385926014,0.7201045253642768,0.560402729861316,0.353912771580439,0.1568169661270205,0.8542982132707089,0.9886197959998662,3
0.6735797855964989,0.7442475090525907,0.7459982446667853,0.4488970014770717,0.6394934675685164,0.6894297665907676,0.8821676047264291,0.0374431671695326,0.16262755325196093,0.37017631170191473,3
0.2951250159680366,0.1951500967663537,0.48516430681202294,0.6686244888995094,0.20613702138497725,0.7976036356490093,0.8272055481737017,1.3598492511408438,0.12013188218635809,0.7839564669361891,1
0.1988402437455507,0.7005701445367445,0.7063988057709994,0.6112811462617591,0.060745802403023644,0.814357686501602,0.8501886223684549,0.5794171242009685,0.8030371866233117,0.5135656362179257,3
0.5458358500391084,0.41771170804480384,0.9095776599647509,0.724857271625975,0.46928546958047196,0.8517545173571034,0.45490213706905547,0.34070801873058,0.6598873339540593,0.24342568417300314,1
0.8551398974372802,0.5841031799466855,0.39071057953337734,0.6798371018488935,0.7607060291462507,0.7823103780609656,0.7317427947843016,0.12863442135996678,0.8214230050189648,0.8441135683316319,3
0.6190732482010186,0.6756371730077161,0.7622712553259122,0.41028146609280747,0.6236423671457391,0.6731340545280585,0.8590374413304165,0.08803524399205222,0.1773921799626236,0.3162250556218718,3
0.6259739496495477,0.7480071578732169,0.7212483944154873,0.4118148089449716,0.6803192624079624,0.6843059082218336,0.8711961220277906,0.10772315249429332,0.20657784667546486,0.34406410261224846,3
0.4198317659495129,0.6852318796051908,0.7937565168068378,0.5958891632730742,0.20614775318438042,0.5557461537394524,0.17516043292486363,0.7499105089991192,0.5283433825239963,0.1235068234386589,0
-0.05994957700887665,0.722011611077477,0.27238745482097215,0.4701689820053594,0.5568695651548167,0.7252841431583611,1.064416569445428,0.701533317604934,0.43567284478557544,0.8758546535976971,1
0.2699673761320056,0.5322424060144751,0.639460294725796,-0.2628349997084709,1.1879221501363644,0.6232789293149706,0.16875517441115717,0.22613649776889067,0.08864859656748625,-0.06055619864326403,3
0.0648082626234287,0.43621520571802536,0.43536885799678016,0.5061032444569503,0.09433630113562969,0.29356383021475674,0.8534532727716118,0.36795362165438394,0.6671383523903834,0.15453575016594062,2
0.059713686125270886,0.3641661639549064,0.296835262127466,0.5447607121285164,0.36448668486173885,0.6363971092294562,0.7062372411501396,0.8124420753777278,0.08843256236325708,0.08215272190406278,0
0.4687668709499865,0.28042143931234165,0.07826983205001248,0.11792532527251515,0.6863433865221374,0.12016846755897805,0.5496941080856534,0.7234690352452662,0.4559337873362373,0.6165882312661519,1
0.9489750537426723,0.6016419560705482,0.804211876974951,0.07595085457748445,0.5715039901533475,0.6261340162167279,0.3370883917588644,0.23354275722275178,0.8278280518774174,0.9959641522454254,3
0.38870407989930555,0.23245234929515807,0.5406672828160424,0.8343852033300715,0.5175812955287757,0.6772034260731987,0.2905305541986295,0.28976100790067033,0.4342605920956233,0.8604924226884666,2
0.6236063717054923,0.24172813242684046,0.23663024252241796,0.3287540724374674,0.6853485840062478,0.09782946113046317,0.6274227939469963,0.7489712346312608,0.5229145427025712,0.6739083368309258,1
0.884839125795053,0.5956737817854317,0.3580486121516758,0.6965578717365022,0.8186870823583822,0.7522065706675147,0.694969964852663,0.0910577756888846,0.7723376557495996,0.8840287747724241,3
0.046358995107112624,0.22693816901619124,0.2644817779377492,0.6918335029811569,0.5505060210606508,0.764435323628045,0.8914833481238744,0.3346410436372005,0.6985651156355264,0.48240397144601105,1
0.8726508692935283,0.5495506850777798,0.3217313076850266,0.7482118875019442,0.7718803417164045,0.7317723213758129,0.6872126113985735,0.11303980126010571,0.7645958074889161,0.9347269799429859,3
0.780363715487781,0.835271654290213,0.5906163326654086,0.47241024094631173,0.31491909136844276,0.9851029184937117,0.2524298303117779,0.19948476297997453,0.33614332289958426,0.8353857049568495,3
0.556854267517185,1.0274759905874575,0.08026360807555005,-0.24099016362941078,1.228067069113117,-0.35467935978984716,0.6830830068824827,0.23662696038443098,0.31425609884726374,0.05718386447080536,2
0.5443794050476162,0.8116366651490243,0.8960368468734216,0.43535826680937406,0.5375296864932771,0.6444730026880388,0.8408541752084318,0.12852157493973831,0.23455241434784016,0.38417967726997826,3
0.27826081698488586,0.5412017420795245,0.3033050960284893,0.8531381552276529,0.31598424830213023,0.5285875896412369,0.5513450794848641,0.19519671422749085,0.904317738565519,0.2922453387843478,2
0.6993404586592482,0.6692129631171528,0.016482924805800284,0.9448235189876908,0.2643033717587596,0.9165837867648601,0.5752954060696676,-0.05289515868014519,0.7211958035347535,0.18272296468470803,1
0.8043323679264152,0.065856945001432,0.579715302326546,1.1334983739612816,0.6725509804550552,0.447370075540123,0.06441362311323803,-0.09445131271334689,0.39573574674535206,0.725648441747875,2
0.3895029136894109,0.6276920558179443,0.526568094231148,0.5447262138499454,0.3344970668967496,-0.26934632600172786,1.2065558164527652,0.3272928437068792,-0.29622340625318255,1.02969771283124,3
0.9193746503038273,0.5694865662510517,0.7798460009210463,0.07644429104708975,0.5641896741708328,0.6437698229690885,0.3700188335354377,0.21444046301774686,0.8272730768671746,0.9666526464161901,3
0.6406930164689266,0.7279516336128231,0.43538407039028326,0.28776390259746326,0.9851175801827536,0.2366093750088013,0.29346806178774015,0.5275572153504805,-0.018515382244861565,0.23147542070901905,2
0.34129942135274677,0.5612396724175914,0.68751788563311,0.46992896539858764,0.1580065115408254,0.5348831295673827,0.141585907333352,0.772933891554408,0.4534554816690145,0.1698826530737984,0
0.5508240286863416,0.6506406758079295,0.6194894292467101,-0.0919958619857481,1.0158321604343856,-0.3401505140515635,0.27949626884920115,0.4449868531948833,0.7129404181833006,0.3207452983338242,1
0.11564361983618213,0.499758393628403,0.510367901791939,0.8308572315977596,0.46594312587957243,0.5473963719473313,0.5380310731682346,0.847655667293227,0.4017179546629458,0.1723492135400511,0
0.7146756999810417,0.3106395697153513,0.4793539728110865,1.061986226756458,0.32407609468579324,0.40039205865321026,0.5633093911933416,0.7422485191871239,0.6609668768707974,0.3617385654458958,2
-0.03954410084839685,-0.15258718091562368,0.2566967919025883,-0.2676375886849597,0.8375458135369217,0.46143524365840866,0.7996739742910517,0.559398024758536,0.4772190416936941,0.46009822945366335,2
0.14953236260223435,0.646479872856521,0.2712863094852845,0.5649360582749825,0.5106918703299675,0.7705655070608305,1.0604318130242176,0.5116068211184465,0.49476553851130334,0.8227864634561998,1
0.5305178835913018,0.8789489746482623,0.5210982105028733,0.644597692521232,0.1747347752459472,1.2170391773640885,0.3880550408994909,0.23317732523596552,0.38356894149555953,0.7150518454889669,3
0.759023126523087,0.8835479474611571,0.08006300908523124,0.8720537525933256,0.7093925301036654,0.9675153969835479,0.6229505604052827,0.5499218380418205,0.05179702826487775,0.27866714401616016,1
1.1498111493305478,0.8563725888199464,0.5442985598795108,0.7917245648937923,-0.1355226992981336,0.6417359126379815,0.7065894972844873,0.5676685083713755,0.6885120277661084,0.2410953894223351,1
0.5927188689957147,0.683495103635295,0.18411052709475756,0.8969553137061891,-0.04989058425878026,1.1113656401668537,0.49628960813616496,0.25251509141211453,0.1864472566922707,1.0007711836554603,3
0.10500486137922119,0.797422937098544,0.29415473296289807,0.5052717510804985,0.8931671799845675,0.5762522684594656,0.9183573961439536,0.5848362949895047,0.6997560122996292,0.1350150314356383,3
0.5659767226416312,0.6923686215065242,0.5170448415377198,0.6534383194154034,0.9333732241052454,0.6045974232372955,0.864535513906089,0.8097160213899316,0.6413712514100648,0.22869988717226986,0
0.6782177220197141,0.820754706525348,0.18689283761676462,0.9179136494319697,0.3279021955268484,0.8212107329756763,0.5574945067492555,0.21125838361463034,0.8303178996757713,0.3452160410053204,1
0.5057971751390778,-0.5335688345102285,-0.042457900359852974,0.7805033128775342,0.07577601238012366,0.34434267537820556,0.18796343808290433,-0.04428774411823905,0.7912371180871576,0.6533529909774879,0
0.11355062758802487,0.8879913806188491,0.4511853829413285,0.5358706219818014,0.4879745152314271,0.6984704712768981,1.0136183355274677,0.4983205961041282,0.5068224681348942,0.8904882519288515,1
0.8383608591835993,0.5881584180933574,0.2738570971727291,0.7285967182016514,0.7761765992310722,0.7109138631857197,0.6489848472492745,0.13913922322747882,0.7883750813729961,0.9061795522613517,3
0.547475330981254,0.7135316586915961,0.3698725789437851,0.7595247215367337,0.6225938474539161,0.26401216033871466,-0.23388798976230496,0.9714510238887812,0.14988146952021147,0.1752599729262793,0
0.3301375829677598,0.8669791053381422,0.9842837781791819,0.5922333969505416,0.05022477077184523,0.23366201859704105,0.22713421874747577,0.7799457668341445,0.08903021058019779,0.28780846770247265,2
0.34890481561699643,0.43559471877924977,0.36451862364942256,0.7272936693067239,0.16407570846323183,0.417020976961852,0.5313537325162224,0.04807243558406818,0.9732895814876787,0.1826226990867234,2
0.7043653009445063,0.03669509755975314,0.28765980789943324,1.1127024807235881,0.32172565093742433,0.14847275580385813,0.32878032320495065,0.5634327735616831,0.6735202986481473,0.3079913595126755,2
0.030584417361521413,0.2333735960747886,0.7022431648729774,0.007951910081077668,0.04050506615091522,0.28483152253564314,0.12344486401100178,0.8588882181904275,0.4578460508930876,0.2979721849793863,1
1.0131919524955224,0.036176227937363026,0.2659182150693685,0.9550735471448756,0.5654290793308254,0.11282770995081465,0.057003448753827,1.0757338638884357,0.36875798267529025,0.08382792925836319,0
1.0982229941978368,0.3633135951910139,0.8524264180137189,0.38836353282753966,0.13992008535015626,0.48697948040917904,1.1585364931719937,0.16083277607876012,0.3652688376639276,0.7262729345545045,2
0.3963763868578113,-0.11240420212780564,-0.11342083982107484,0.06883701996781585,0.646555220579419,0.27870852210522234,0.45897289540928604,0.4494801643621118,0.06514778452450778,0.1256377231765105,2
0.09291801259815613,0.25076583434637,0.15204633582671542,0.8064978264310702,0.345913446934664,0.7905317153486255,0.6278671306774505,0.3700839085644395,0.3971814022395746,0.23183880827291437,1
0.7490940334365579,0.55825336808904,-0.10517458150753611,0.4429949560685533,0.5104618690942113,0.7141460679936409,0.42835733006349486,0.7581194374087993,-0.3252256325639025,0.4131294159144791,2
0.5065178162283684,0.2857101435162039,-0.07550847430323407,0.5255675444714785,0.1990179837498114,0.45690048922413995,0.5344944938946828,-0.1295736540903139,0.7663788685720921,1.056458776435576,2
0.8251594795907248,0.4883276707819672,0.8582899593675517,0.1546744286880201,0.6277005431276803,0.577228963288407,0.45030964681894653,0.23421799057996384,0.8988761323211727,0.9869546364853161,3
0.873362660620774,0.5574640691729651,0.3094181944228414,0.732880624896566,0.7824158722069318,0.7480208289360596,0.6824224748277071,0.10940573694235493,0.7772887374388148,0.9233612045898419,3
0.7440164228427683,0.25513479103909764,0.1524922866548487,0.2511363291585358,0.5505878944021607,-0.021100534697713877,0.6465616137921937,0.8637177419841748,0.5113741204283819,0.7378229650065109,1
-0.4090051113386495,0.8738954528993657,0.09002966685107194,0.9220152541997366,-0.21067332249815157,-0.3267288668292628,0.6183369368782976,1.2982518219673262,-0.22536601343555202,0.8510905370458123,3
0.5973341220722058,0.8774318709694137,-0.00719897735067178,0.08532733842718584,0.3241347320635577,0.2782401433767417,0.12234196012857959,0.4684718281144564,0.09777181868571862,0.9811974894868909,1
1.1209499419166544,0.5774051800741088,0.28868371281895183,0.8182631928962725,0.4054526909725348,0.6384348872756923,0.9013029812523119,0.34292192419818834,1.1166849502284624,0.21330460156340697,2
0.8359423145565436,0.7363741573077417,0.19930623065676845,0.8734904147397131,0.45173391387595674,0.8578173097763288,0.6627144963368261,0.22516284396872097,0.8933540347626345,0.4120539109248622,1
0.8044857451782593,0.4229172253047975,0.7630353099567859,0.32425124490018853,0.7220536023816169,0.5779287732411544,0.5862014042355946,0.28307156508491316,0.12123763209438905,0.2196674903388322,2
1.2321019600697563,0.3799367687098019,0.2140667528346183,1.0016424013898144,0.1846540192666678,0.5745780464470396,0.6836082151061151,0.3447859855005148,1.0385425304634186,0.336896840220883,2
0.32617925955843796,0.7349223042364137,0.24345089425552136,0.5002116218827796,0.562618674490393,0.8609468925294528,1.1099134788580116,0.7870741605203205,0.45745995354227403,0.9106688323910781,1
0.3093658632784202,-0.027129535656948714,0.17390015099984873,0.9967978340239563,0.5323320042528691,0.5107302706771686,0.9518557153127938,0.852756355270657,0.5434750574323213,0.859916326388663,1
0.8171634571889881,0.5363206993862825,0.21811081502030757,0.6676100142206589,0.7212320667614257,0.7079632525395895,0.7082174450687956,0.1824991390963735,0.8574663006433507,0.9808194324868286,3
0.5947419204733412,0.6456556081084841,0.3143161284585384,0.5360641468757334,0.07028840388775537,0.8850580209079543,0.27510451794316837,0.3372013644208707,0.061841341229040184,0.5390752986789271,3
0.8910376250171331,0.5539719722003278,0.23342553474690364,0.8139266501207936,0.2950661863899373,0.8370799678068951,0.9063560510150345,0.3137074228360932,1.0603498307536152,0.10897011216639035,2
0.023348703703522322,0.2371365642183553,0.7164920834639519,0.009510616989528192,0.06178364329804746,0.2929277109036248,0.1323004393781455,0.8872929203299144,0.4769825090090206,0.28186993188267806,1
0.3274871449408091,0.40568893793317196,0.4587822446402963,0.6735268657970754,0.15689088565949774,0.43695979728541967,0.6036524512647042,0.14131233796410936,1.0295409524764239,0.29314084945705227,2
0.646565376290409,0.7318694786681621,0.1516034996840086,0.6284657203747652,0.7604872290287765,0.2129281686788073,0.10499800538542292,0.4176272740792727,0.6855393061358135,1.047600335051087,1
0.5298763683610652,0.29194899639466737,0.17123042946733438,0.7950119299377437,0.061037962882300095,0.4023440246972667,0.5186340107029703,0.5128220626318409,0.575023167085317,0.3744354161365588,2
-0.0006728711024488049,0.8240903167212896,0.49436660074194055,0.554583215365336,0.43883875374099224,0.6780346147090223,1.0016274878167897,0.5474184350855428,0.4158692766189657,0.8980662717803084,1
0.23168033457908532,0.2667989320738542,0.3849062621993289,0.6229704183872795,0.7365611700533881,0.993324246015496,1.1813730307302854,0.9155852168987635,0.19295564187787417,0.6971407666494714,1
0.5925146565021515,0.7634565569971437,0.27178571781104666,0.8739372785950259,-0.05424463036592203,0.05539835741284599,0.43252891412451694,0.023841375321138898,1.0655353533144383,-0.03189459597623001,2
0.10132091468696006,0.39824215567845256,0.23754364409052434,0.12107285013630277,0.48051521386236473,0.29685500721698804,0.09412245486609466,0.3020654659153784,0.950094642651327,0.701184653410081,2
-0.13537394752231946,-0.11653244397726187,0.07340318838242815,0.5814422703280416,0.3504683113605821,0.6693371556264642,0.7251879403655472,0.39109205602093655,0.9206080176218352,0.6702541668397598,0
0.915484981921014,0.5622142079318138,0.7326641954606211,0.04444737742195261,0.5440900943524534,0.5909788618646639,0.34378037332371925,0.17718782072129632,0.8163929629498157,0.9485449354082125,3
0.5747522286776998,0.767798391044067,0.41349126001012815,0.48452786138669,0.1752171617122834,1.0310099362982574,0.17308173472386293,0.26585149674523006,0.1662598688020496,0.6265748750039664,3
0.04134452168618126,0.1663865527813529,-0.02416525093296462,0.5104633630037942,0.7227999036850713,0.9140417619787717,0.33218167300033774,0.680054267501774,0.6830219791364318,0.7230358150499425,1
0.9977457278332106,0.31256891255954433,0.4670934451425248,0.6947166760616347,0.5714399720352318,0.36226009715691954,0.06486418929014102,0.3173787031085469,0.5608706486577685,0.43869311063399674,2
0.12881007899954341,0.8580213849308392,-0.07349949185324126,0.29789481030903286,0.5275694482532742,0.6459936127368494,0.8267405514670562,0.07665445095573795,0.6421066956448027,0.6621837831154209,2
0.11296105277681415,0.9084725043367132,0.0982852926755362,0.5541936231915774,0.6909469356224758,0.8333447644696312,0.9718099307711711,0.22970945388197772,0.7991044207481802,0.6404363316040511,2
1.0156781894052456,0.8741666714017344,0.33447881097271814,0.11280188558059005,0.6580048851628282,0.9704050026067371,0.7252423240620033,0.15400694526950282,0.2689325562525027,0.877279863321963,3
0.09444885832204271,0.025553124961425755,0.17742777023871045,0.9928363934764222,0.4766214418663615,0.9376518692760551,0.6538588614734747,0.3763652450960574,0.4348644516557941,0.45087574422397847,1
0.6212583687845282,0.9976003294460094,0.1252860974534629,0.2416552593909701,0.8962512002545552,0.0679980536162617,0.15617707730835878,0.45719063185394326,0.4661167324597253,0.08032482981374661,2
-0.05869867970575765,0.18478489138863055,0.2705515170476688,0.5725928333885532,0.4060112784911415,0.8733686921395285,0.9335648749893211,0.2763894487531145,0.7711734236251331,0.6004190621920267,1
0.6104965701529574,0.9197994838817993,-0.00337564897050871,0.29285708504531693,0.671678509177954,0.044360473543021944,0.5392328337708057,0.14997464920100817,0.8637642577913072,-0.24146774202696764,2
0.9445852640629817,0.5927553516288607,0.24666946520063301,0.7958088347438342,0.30249834185511265,0.6711168653211724,0.8905823280694024,0.5148091675956793,1.0196923848366506,0.25213887072263624,2
1.3578896988720546,0.6642308071368289,0.16492338504710996,0.7682705076400858,1.0954897017750043,0.6956010801062078,0.8151364070699849,-0.3455985838610399,1.0497701378178657,1.653646523404675,2
0.013495379473495231,0.0954712187189768,0.11967525739447346,0.6635441204358772,0.8123515997742511,0.6214356380215853,0.9148612781808582,0.6433866232663691,0.8309521256559911,0.8176718977653946,0
0.038520157031762405,0.14106792912394167,0.753763154152775,0.2688592892203938,0.10185131582547129,0.24911660196221275,0.578681930703556,0.41002157321515675,0.2563181789227832,0.4280530857344017,1
0.9991376432343749,0.5178923220221151,0.7349885447125559,0.7182140694118408,-0.043493358292582274,0.591393383747095,0.554464260187074,0.6057417054403533,-0.08208706293239393,0.06041582635216092,2
0.6928075425252908,0.2732342847356138,0.8283469221362136,0.6965106977000917,0.3186186768891458,0.3879325063538249,-0.02165635122077411,0.12580033332779955,0.22992282887256668,0.9204653476365402,2
0.6181510051843863,0.6604294923607711,0.5410920889003774,0.23015567725474464,0.09237059877504773,0.41242557380356853,1.2308347537731619,0.2604908119348356,0.819928114558077,1.162209583649034,1
-0.17087859354017176,0.2720877473964396,0.15438119949505522,0.5168376849524114,0.7953168005581646,0.4391556727259996,0.6468940877176004,0.400145707044252,0.9336954512384497,0.713199933568452,0
0.7081343973063997,0.4057375602712886,0.760231508477284,0.3661024801611351,0.7591766954393707,0.5725859725716054,0.6462263537163022,0.40594990664440705,0.08116611404452667,0.1904600245512272,2
0.5828436166120479,-0.08781437128058986,0.2507853745273003,1.0286317504015778,0.47897499499441043,0.6234150885076335,0.66102169388895,0.9062993408562914,0.5942483880508775,0.8790769163669968,1
0.6322679082115329,0.30628245049813296,0.5590553347016233,0.6923785052250969,0.05038488038804048,0.11011542022880977,0.373542610358513,0.053747204932512546,0.9175768273663647,0.2622015114504437,2
0.41712212647906055,-0.42002285541647755,1.3020186815106942,1.0114543911153515,0.0064409701325559565,0.9808166993391713,1.1084962697023317,0.04967730093846301,-0.03701054951326957,-0.29733673864062227,2
0.4181966714310387,0.39439203883101354,1.053976775730896,0.5275215871891702,0.3029449956107043,0.6759788088668978,0.2317842195075641,0.7784578633295532,0.9621770566288907,0.5097714371380269,1
0.3705349283916292,0.22465833308663608,0.5183129374301163,0.8364837011927007,0.5234575281569794,0.6518241668222432,0.3010331539694758,0.29199781437881184,0.4206939687869589,0.849456974734324,2
0.6297721209034772,0.8886128738153962,0.33109529874427396,0.20104797979375966,0.8782110003153776,0.0532504043720009,0.22492804364563249,0.1550063380193555,0.6707047200520521,0.21242918011167863,2
0.9309550418650632,0.6234470182938449,0.7688599856784576,0.1384697883283739,0.10841039270246229,0.7092835235635232,0.8983894689502431,0.6121724891647283,0.4559430996051386,0.76402885451685,1
0.9053246596890101,0.18832575165681603,0.8587145315476259,0.6141577819919345,0.5660066237973614,0.5659388757084507,0.7086015569307416,0.0861187324818492,0.0972448909497244,0.7748254256238991,2
0.31249439969174286,0.8590415119766148,0.987663183369279,0.6247981089972253,0.02509512991901578,0.25784335822712023,0.2124492530322364,0.7554801315053565,0.08937897298622055,0.3150035303912317,2
1.1757882335777685,-0.12288608001061274,0.07212456945518231,0.5771822432064603,-0.23557359925572086,-0.33562549318645285,-0.7239973657368575,0.663507768735995,0.8265336276646452,-0.46681828490871524,0
1.1881758808254348,0.8006768804211604,-0.005630112867415216,1.0221393218971433,0.5029653962564786,0.7878655470376341,0.6625116807582254,0.3316120529130907,1.1978135214313206,0.4574845584381143,2
-0.14207636958644354,0.3221420478092383,0.2899608463340646,0.7379752078743276,0.6461825700979422,0.5287918433878638,0.5686370480937284,0.44539190408956925,0.8527136977826133,0.61941212864364,0
0.30599288267273894,0.42171164650560317,0.9856461268601849,0.6315553006134371,0.3788480689404834,0.7274016953654239,0.17622628145486588,0.6586075298070562,0.9373143302700994,0.4178459953246582,1
0.23817366180933447,0.31716453139363393,-0.2045272042966777,0.43760875417965495,0.20529044969429466,0.699628000965232,0.3465932325813038,0.6916362940134873,0.5834893372073413,0.05558450837684062,2
0.4603615650214081,0.18166773913189227,1.052887585646275,0.7241508443165058,0.8126633981790176,1.1012711234832646,0.2553663232278203,0.17820569173696502,0.3460625551960939,-0.11255214982365724,1
0.5937200220193921,0.8670516713778099,0.0022442133377290965,0.08709971572929162,0.4222460715916004,0.2670020233863005,0.13102819527737275,0.5396928823721076,0.13512546581253976,0.960484067471433,1
0.9568834978300581,-0.0037304575635930537,0.6071052479839699,0.7633690121371346,0.5345573009371689,0.3904227648850544,0.4984634523330782,0.3815505918695838,0.07746797556031672,0.6318191955267604,2
0.8814906252336115,0.5402526966373153,0.36717416459634,0.6765236844526126,0.7633630344843043,0.7093996417466842,0.7436272488061078,0.060128752305652594,0.7573348124299236,0.8818120162496007,3
0.37486328523004975,0.8547088802918588,0.3804293448999216,0.48118956102567084,0.053756030186147566,0.7683606408507242,0.2075832588074369,0.4239499198139338,0.17001113203140286,0.683714730212737,3
0.6769012800445977,0.6943261906598599,0.7742593082010047,0.43917086487231355,0.6128679530681928,0.635948566379602,0.8804406147181245,0.044461566536261425,0.1729594727891776,0.299051986869786,3
0.9285645387512537,0.26428831116835255,0.8719617237033876,0.36425439779206215,-0.17645783664403025,-0.24299488108228984,0.48109716784498224,0.7488287449711775,0.4819066981496133,0.31569073981428275,2
0.12557820259809865,0.44050044010973927,0.45652746992990595,0.5037830935949015,0.013777160532261412,0.3547561616643322,0.3762239519951212,0.28615268955948336,0.8912163704085735,0.278484211473791,2
0.7849329905374012,0.7333558319603689,0.7259919884760785,0.17431618611872002,0.052922040102177104,0.769298455506023,0.8929203651915055,0.530989621925546,0.32984293308810364,0.7945135726834802,1
0.9906286670188252,0.22085919000162796,0.08479680410164855,0.8926482220190518,0.6294159397661049,0.27626456994021126,0.06166353707533469,0.8447401345457834,0.1698433900008458,0.25376501323197476,0
1.1840397694432911,0.03343417663727538,0.19924862745697042,0.8459872054089903,0.3409148562013036,0.8875201941590387,0.7360190945420559,0.35947658166216373,0.9327488454303472,1.0625504326009436,2
0.8351746216889222,0.5652489187501467,0.2999885998106518,0.8115167102965946,0.7709950264358783,0.6835384265195806,0.6290179090251485,0.07622987213591538,0.8425402652001572,0.978510837033411,3
0.6642478567632728,0.6825069283017196,0.7343790748174183,0.3994061554951264,0.6827494690914697,0.65337051717216,0.8417682378919039,0.04009194413307424,0.24307339925232688,0.37686519922372824,3
0.5222203866861439,0.9198547228580626,0.1329517878565454,0.1138083375610234,0.7342785498523267,0.03314201216364862,0.24171788841157693,0.4493988628162018,0.6237591735252831,0.02785884751455239,2
0.18327466592372615,0.2770621396738934,0.17621594752512582,0.17198906612265247,0.4610024789165694,0.20032216220996338,0.16829909318212805,0.20118266365542656,1.061590325758586,0.7566150191455071,2
0.6238652543750428,0.3970946432807071,0.7168385465838197,0.3236552024467767,0.5822124478438485,0.4290508397957476,0.7527343099042568,0.2296595703452755,0.1136084392430596,0.15310576823363461,2
1.0518798169643202,0.6310614007229665,0.3435269614860541,0.8294662371672018,0.22282931070300194,0.703903710211742,0.8774003337230277,0.4682912469449312,0.9406355744346506,0.23624142760609523,2
0.5426462079542282,0.17514786737991833,0.0580074382675171,0.9893353772439007,0.4785647461140618,0.708886888502582,0.762023747217041,0.8850167956968857,0.23222502143728949,0.9906607855688156,1
0.8784869083150088,0.4761203931021153,0.06714042241966506,0.2965854423917211,0.7860655268442358,-0.15294891656365908,0.6140681180033252,0.953426533572119,0.4654927757308869,0.7933234713033777,1
0.8265500337564904,0.623195087758508,0.7175888792236627,0.24469300003778138,0.10963388851577982,0.7702449075706767,0.9694897204261401,0.6717816425715497,0.38534803816220387,0.7403408448324056,1
5.024354095383571e-05,0.744133905176452,0.24698983481017092,0.5332809907014667,0.9248931172441981,0.5824275856348816,0.8830538931488572,0.6361118433050071,0.6550764503639493,0.1346694239965203,3
0.8115674932912322,0.9227725575423249,0.11449391210430722,0.9586469097551654,0.7843381035360637,0.9130530079323147,0.6313950749030943,0.6240075099995191,0.13888800965986875,0.34340459388697214,1
0.6700400690680954,0.7919500803580486,0.27906173422795144,0.23901296001473785,0.7588154887525761,0.4095173362856219,0.13300468185565906,0.429271500667138,0.03722805071029832,0.2897014134798833,2
0.04128955586208795,0.7850871548216974,0.28509874113046807,0.512866722226553,0.910614308383806,0.583845245100622,0.9175812991553799,0.6595816123046203,0.6389616195190753,0.07695479681693568,3
0.8144037645520966,0.6161446502469803,0.760914063497856,0.21037444172593356,0.09834866590878434,0.8594476584114512,0.938910140076982,0.6242609443514446,0.45086274573668084,0.7423375453574067,1
0.41608322540063203,0.0977324309586517,0.8897590867806084,0.3616587726058343,0.2796077477746365,-0.12795851353983845,1.1232803987536526,1.0210113644273902,0.5579704018490913,0.20623713461226573,2
0.45396832461236575,0.5394831034631731,0.9467784589132081,0.6155304924853465,0.4969371619787688,0.8391576556490431,0.37179079841477314,0.2697831868365701,0.6778330083096801,0.279678636375045,1
0.24141241094284233,-0.06388789843236496,-0.15995753577318397,0.15137924584073806,0.8323323176543431,0.022945526674667954,0.499796396236653,0.3484688998750147,0.45748530660967024,-0.04104837922711849,2
0.03948190088564908,0.24900957094663934,0.6844652037529927,0.010261994059024185,0.03975084082085897,0.2753398580412498,0.11642990228008454,0.8529417474922707,0.4624026254939563,0.2825926619082872,1
0.4196543713053743,0.6407738666340339,0.7265058539892155,0.5316709355912465,0.1949323998414206,0.5736422064326002,0.13414697650582888,0.7228338874231727,0.5787299265059092,0.10635552200330912,0
0.4860581971779994,0.06353944139725828,0.13456349049920927,0.887861102144049,0.5377044892220363,0.7153876670592108,0.8815947945162359,0.9873843455413904,0.33985078453855694,0.8804103333226705,1
0.9840724582574732,0.8922331090470104,0.5137400097897296,0.17118781074788547,0.4348090750434868,0.5490800230269324,0.2651773797873781,0.32192650372138515,0.3060332278460583,0.40650389099414636,2
0.48885968111761624,0.04098940589984194,0.11189117476356475,0.8607958642064467,0.5392148932178736,0.7097065458623151,0.8581577915240348,0.9671094684427562,0.306796892150901,0.8746954142579036,1
0.7538690032040354,0.17899953012774922,0.7208658268303014,0.40608133942138724,0.6827287308182192,0.27065534019933846,0.6071800793137302,0.23607108440234617,-0.028257715885163015,0.3872455549888122,2
0.5018554923839824,0.8067215052995225,0.33281583815296784,0.5482155585790268,0.7737534407159326,0.1408545379225698,0.023329553394369304,0.24459839954060364,0.5396531816199256,0.92139207756159,1
0.8153048254363962,0.299740098252598,0.6684480563446642,0.6344091519051389,0.20895819912480376,0.21234602507257216,-0.002465309977536592,0.5243858933595625,0.1950647678789904,0.5086411800913759,2
0.8955585954450402,0.21707914318195548,-0.06845081649852086,1.0820690325724944,0.6200208060633441,0.13873219438375325,-0.0644227358286726,0.864290596069072,0.11520295573648733,0.23351124959177685,0
0.6756653696645419,0.8668343190425981,0.752609058649522,0.535893655646543,0.6605922347645352,0.7174254568671173,0.702621211598343,-0.050128584088684786,0.14323751309549151,0.2491418087923049,3
0.8729447810407662,0.6866449998898241,0.13142492222320545,0.7920188962867395,0.38672982090168706,0.9539736436964026,0.7080184225486019,0.15830934954266404,0.8296016446108317,0.32160846491791284,1
0.12305931750809188,0.8505573687932091,0.4289686724134611,0.47651083877297784,0.4857090314864215,0.682224227133865,0.9819129057467776,0.533417636433701,0.4455783937404111,0.8947647438453351,1
0.6230123392720887,0.9955596605482835,-0.06133345406646214,0.058634849868041905,0.3132231019796604,0.41831612405319685,0.1869646119336289,0.5300247885372584,0.04621518086797158,0.9738284686029425,1
-0.3940643436833773,0.24900521396067282,0.4037891602387841,0.7922519688696192,0.07966121981929147,0.12243711035092053,0.2122100204450032,1.160434405375342,-0.11671472213853923,0.4247525298613627,0
0.18341664419661652,0.9977611117317968,0.1340341666166953,0.4894572031673229,0.553211670398544,0.7657694186832336,0.9188129527103089,0.27920077154087425,0.7570937781234194,0.712761429867152,2
0.565315115714876,0.22400609878231154,0.2390756286511873,0.3536648140339411,0.5359705861956711,-0.0381377155222558,0.5767912579466696,0.677529405514843,0.5373513633456815,0.6687613406836818,1
0.5744627540364429,0.7236063952629176,0.8899276115910282,0.38407627838292413,0.04003176488551281,0.7206483122918083,0.985057163407216,0.5255748413940161,0.3316680967492216,0.6632809005278008,1
0.60254233554995,0.8518026336483644,0.08737633948246012,-0.035946165354529214,0.46009764466808756,0.31828466601555955,0.127330357452245,0.597114439997363,0.11432368101955795,0.8278864907971388,1
0.831269203923994,0.8442262189155846,0.1385247675152097,0.9389195143412283,0.6691871003753939,1.011021767478587,0.5760931457743388,0.5967495153572254,0.04696791644824594,0.32613926633676965,1
0.8213884278146861,1.2755951627482611,1.213025611623456,1.0964195635181098,0.02378359011251266,0.021523183008333335,1.0450183482279751,1.3083794964286013,1.0810284319121428,1.4625548523587806,1
0.6126276034114371,0.7165230135834992,-0.20587771686090078,0.4720262058809175,0.4592815752846313,-0.1877927653713916,0.2031762406397729,0.5551603019225382,0.3805020669140112,-0.10715061343163458,2
0.57377984898104,0.37178469667522873,0.9300805324592971,0.7858617003124607,0.41933803296379546,0.8215670271660742,0.40498463556775455,0.3799076581740859,0.715905866414744,0.27136220093437957,1
1.004719288632368,0.16233739038419215,0.24457340177628284,0.915721513252537,0.0880237227395837,1.4324243305818727,0.3501660685530775,0.39524899522619494,0.31533245435269175,0.10035668089247562,1
0.7880213569852523,0.06122893972205917,-0.21611143908476,0.7084624001799342,0.6173453600385217,0.33481278837989953,-0.12342236862142739,0.7887245208176645,0.011703201001781849,0.030301178009333046,0
0.5410979371668736,0.026565239449834105,0.2405906270888562,0.28664671287906257,0.2976723809137193,0.43390111245646945,0.30098131102519077,0.24122881041197552,0.15658204425678712,0.9255270415490683,2
0.44838470534597025,0.6760176290076708,0.6639682826631715,0.034522531024858416,0.5789062651623758,0.24462807286322125,0.325330917062169,0.05687411291624578,0.5631406663017298,-0.3291422455469736,2
0.009859518696769556,0.96173796260172,0.11710959446142066,0.3474156720641709,0.4947939967910258,0.9834614894266257,0.927490409469617,0.5346747341704049,0.38172832770336973,1.0606460931124264,1
0.640333713303792,0.715294894768546,0.7587183674823083,0.46060267622715445,0.6303881634178208,0.6412480918292762,0.8507861490033788,0.09852181086013939,0.1764981915028625,0.35027714930328396,3
0.9399431746381008,0.5798155336154446,0.7647378276320663,0.0750884154337403,0.5421013566723585,0.6235697223636866,0.37695027780429247,0.19276307198835607,0.8171464401925652,0.9724229156889753,3
0.09118461764236577,0.877114412487926,0.361112363102613,0.4921588302474768,0.4665529989135875,0.7901020682438153,0.9824858392470579,0.555926717693679,0.3947257608287641,0.9841561363859638,1
0.07971779960335126,0.10828590498225166,0.7369242661712039,0.26073859174870384,0.040476607513039026,0.2723056220905006,0.5921390727720526,0.4077641945156743,0.2785407592148284,0.41180819172819005,1
0.4109897893787588,0.8336525536347464,0.583537135866478,0.4305917664666214,0.3041973978872065,0.7419317451015628,0.2672128646791668,0.7166815024818557,0.39248202301401036,-0.05444273946537334,0
0.3277861481989742,0.5229310481776357,0.06798526796068377,0.44873351383385834,0.43676796609610347,0.33199256993550685,0.49927532499645555,0.3733917486064775,0.9932096793010972,1.1219760375300254,2
0.48202029266633584,0.862552036724937,0.2193568736944117,0.19492869174134947,0.7613995370187285,0.17768507463216188,0.27772398365279277,0.3492759380311762,0.641741063954108,-0.0067254665076944935,2
0.5932263530340409,0.39749447222234824,0.21935474285845008,0.24216123762633293,0.800365774753187,0.10722864796145123,0.5136057258682116,0.8030424378363036,0.6387484437854835,0.7236719454238753,1
0.15274491993508238,0.8934454719879155,0.25583116973051645,0.38644472532632834,0.5844085611140017,0.7520627111259239,1.0909049697842244,0.40540214035303224,0.6058211261299868,1.0157516161186393,1
0.5538065741411407,0.8403026308746921,0.1154049434176285,0.06651202506760595,0.5306987291598518,0.2787751086469269,0.29602297621518026,0.4957628524162516,-0.01701187096136618,0.2961202933834409,2
-0.4372039337409586,0.43642568519937214,0.7691745890780912,0.9547306284518032,0.34772866631925414,0.18779376905313944,1.0971393301113674,0.5527595573736533,-0.1100076923637659,-0.39132757465898205,0
0.08380506421274225,0.10196285596184246,0.2532204764944409,0.6045701358386351,0.5723369844621641,0.5142631203928779,0.6694745736618114,0.3448790357269914,0.783244818961,0.8541449713801914,0
0.7937825621368886,0.7141226080652996,0.5603110608876765,1.0324457461706555,0.2962432893862338,0.49855607048569817,1.087448756027218,0.37263434452113636,0.7804891153914401,0.15383833148326376,2
1.3309438415135797,1.0446331976833265,0.7223980976610817,-0.00013346948383283208,-0.011144986721438543,1.102018767237064,0.49572943634308947,0.7543932629855772,0.48188078671849705,0.336004144454514,1
0.598075049198056,-0.16965436547967044,-0.07292673970468921,0.7385213358667757,0.4745847629902508,0.5279273631373435,1.0704075414688214,0.7482901594178963,0.32701005687491835,0.7809073347273062,1
0.44146407334295157,0.7851364361800964,0.08251787589604032,0.37585017577010943,0.6280613784946518,0.8424563395971768,1.0480211103889634,0.20504596815606707,0.5366489526065855,0.5431098599016881,2
0.7858970368277647,0.4165612698803047,0.8534683508554871,0.717421758233075,0.5435047649588391,0.6173573330885967,0.08690394947026528,0.688562190247902,0.8615772120270042,0.42316362706428157,3
0.9388424711478238,0.5649734311763671,0.7578005097975565,0.06657393928075427,0.5348543939393069,0.6323500715338765,0.36607248389207975,0.19960272801632803,0.8195521021966153,0.9764362058036182,3
0.6383517407390382,0.9138809489965128,0.6072424870154013,1.1628396083562405,0.5989622160281665,0.7239550046610836,0.8505791872025615,0.16619016183656832,0.0518943633931378,1.0978688907664713,2
1.2086017735763692,0.4871609236465697,0.9171072247316308,0.47689986496676406,0.5656318282491675,0.6473678113082899,0.9820974939456152,0.31504154934057454,0.08706056176526145,0.7776145121299287,1
0.4878770128598397,0.6997028948148558,0.8254520783340435,-0.0029752376924895296,0.7430149641089117,0.32423593486998936,0.5535858350959983,0.715159500180339,0.613191348772834,0.7576907292320001,1
0.4460965640151316,0.6914644662723235,0.8866765746305865,-0.27461320534105005,0.02894864089170951,0.890552751604988,1.3013783011672932,1.245129940053092,0.3637428354355624,0.514279192072468,1
0.6477170122048181,0.7948999526716554,0.8213954576501769,0.528827631022942,0.7233579193283688,0.6388767963823967,0.9460695496090612,-0.00033676166905353966,0.22743398380103486,0.3157176568167747,3
0.3239291359317147,0.26576863261008393,1.0246852051499271,-0.0015057383254806211,0.458636785811592,0.1069276173350917,0.8067424624838972,0.07051371017715413,0.794071475549739,0.09551778195863148,2
0.23461789523566873,0.7810685007792221,0.2522442918264561,0.020408855647616443,0.9128452103452802,0.7273725910928563,0.37797634309788297,0.6524137344175679,0.3789972912477437,0.07199935291007022,3
0.05087222644828365,0.3361583059927915,0.4059951040657307,0.861817730012947,0.027318602583169482,0.5908079726315724,0.39220959753926693,-0.16894177923351925,0.7197543758909747,0.32656995891996393,2
0.4379123727467966,0.28207770176408514,0.976711809728376,0.5076921740310674,0.27367108124551853,0.7546106134503847,0.02884683097838639,0.743491132699497,0.9665700791201441,0.4699304007684374,1
0.7155796545780284,0.19089978556454407,0.04422111198315948,1.2855378264961024,-0.11473379359713509,0.2519354420351879,0.06952055421600406,0.598889245161766,0.37093966547146956,0.101621636521429,2
0.8942871563050725,0.25380605080182267,-0.0020426439801345397,0.4216550187534084,0.22452452842133847,0.9899882427686851,0.4279717274598987,0.250664807421614,0.489762156396638,-0.03170000784203736,2
0.12249465865140978,0.23490987928419288,0.41212875225140916,0.752691753569534,0.5460737542859319,0.8918304426050309,0.7780998241099797,0.43580578452026486,0.6726879421677073,0.4133411595440528,1
0.74857259698583,0.44462614225925057,0.6403042013101016,0.34271042736105417,0.667589438554016,0.525012793112087,0.709636181165264,0.419353810991244,0.13086286895749863,0.28369004292178623,2
0.24682695168721697,1.0492505184247907,0.2092722625932124,0.5524373236531559,0.7984224031092724,0.5000059910207675,0.8382550053775446,-0.011541637866389842,0.5271229743960558,0.7118284691481364,2
0.50070905457435,0.7920088369928145,0.3355962805497964,0.5077818973197733,0.8178837918331446,0.185114203092783,0.04445124879964277,0.24829550488090524,0.5639637001233316,0.9141608108699967,1
0.008882152768870222,-0.7531532668492648,0.34060345839548817,-0.7193887893309102,0.8778637893023755,-0.12090751448890863,-0.07064541799040192,0.27080528643554014,-0.08276758079243263,1.1434261203063789e-05,2
0.05007645480902184,0.1511192718016048,0.36316795871822133,0.7582239942806032,0.41531370217634117,0.8992832192337302,0.9110596895592353,0.2835809859991779,0.5968052128494049,0.4897809579174525,1
1.0671275034870513,0.6658687925206449,0.38161605768912776,0.8262249286048904,0.2736474267461593,0.5905324555657265,0.9291097825484634,0.5291546299616031,0.9979144400957041,0.1514264850192375,2
0.25466713329766133,0.46639619387831877,0.9719891542595219,0.72486120043155,0.3403574411745426,0.7288875434671176,0.12241260813392472,0.7359479146707675,0.9925753530862536,0.33402052905728163,1
0.18744669063797031,0.018179428610952383,0.08814648502233881,0.025205277994058334,0.7159984377563544,0.25859279508242117,0.44602518721985085,0.4545148659854811,0.23240560377041616,0.18544958460023384,2
0.5022569952141147,0.7392374844211869,0.45197338754400607,0.5928533457205534,0.903647621946193,0.02211600245179718,0.1427770009783489,0.21969968988609284,0.4839317172357907,0.8248555172946428,1
0.7683942973838043,0.40767829376616443,0.8668716734471731,0.7290068842098854,0.523361304129984,0.6068098833143147,0.07675123621542018,0.6920453715141828,0.8657452979349127,0.3998712481908499,3
-0.05183644940146641,0.3769442698183406,0.3378546413664687,0.7956682035468375,0.4393405485865205,0.3783432072100158,0.5523787179672317,0.8584582768245625,0.46831021757787206,0.09940776454461026,0
1.5131738983883178,0.22297059154111876,0.12371635710839196,0.6996420124818822,0.28413877739988613,0.5989559903049735,-0.41182673678152154,0.49419576186545955,0.060727796541797385,1.2904566249853593,2
0.06002945751406662,0.19283374232309408,0.5195627098975689,0.6625202152353239,0.652745463827888,0.5302509376008009,0.40533002967577164,0.6278141077278756,0.810518126848315,0.9736124740694353,0
0.7830983313489663,0.6046336611878239,0.6846787803352646,0.5056939452770783,-0.02360903070568779,0.8011011354803073,-0.03133678437953766,0.1842870484293737,0.11802531984172482,0.6305809116122709,3
0.02625448415382283,0.24025618897536336,0.707685492502448,0.015583545964939566,0.03325031569268514,0.2772598998705541,0.12235940926630659,0.8636937646585352,0.46479602957923427,0.2936748036888985,1
0.44388250650381633,0.26982365674948705,0.40760346356382104,0.6676547385773374,0.09358963246445026,0.38770288868809283,0.5526109090430322,0.10305252761531378,1.0183501874178944,0.12671284098892596,2
0.8045753890506794,0.5055241990361278,0.7538367938829694,0.3913806183397842,0.6974539711247604,0.5449642697405808,0.5533255575581412,0.4643442840265836,0.26108272813964245,0.2703762070984066,2
0.6103635382844886,0.15332777522795513,0.14304274877421308,0.2319106811265187,0.31529173869247545,0.3141897151405102,0.9023862976399095,0.7080355982764124,0.375030563474644,0.8669886375373823,1
0.24599086128824915,0.9139128843669828,0.06700071138346661,0.45187890185239016,0.6424146463629555,0.755843566022769,0.956500055355062,0.21735606767886897,0.7357400417287551,0.7382242069904132,2
0.8739084376059227,0.7496233933887797,0.19747337203754078,0.18959479195600537,-0.17889573868111952,0.5063038425563933,0.23143717032185956,0.39610579079717,0.906001289412767,0.7044705872637169,2
0.8828949012918271,-0.7130116136185493,0.2912865814547944,1.2110028335931615,-0.4062711291280917,0.018106682680871122,0.7789100845904527,-0.38647351102798355,-0.6690053129017345,0.5459935894697177,3
0.055696953077405756,0.11287280194950798,0.7793820180418931,0.3148077832904497,0.06898170655193502,0.27330882322743527,0.647171488651483,0.42098408145759125,0.29268101564749155,0.442750766684995,1
1.2836142590894144,0.4203231382410287,0.5055076878104803,0.539946399885523,0.9030257857396654,1.0707956698888121,-0.29544905618025097,1.125285813135334,0.4347123469321992,1.2042560619876292,3
0.6544054484823305,0.8871498884487437,-0.08822352087905225,0.8326718429313977,0.7450023904462807,0.8127784128207095,0.4716288843661022,0.46156561922509143,-0.02421463105113611,0.26613950089346616,1
1.3515085989578717,0.5696433340968988,0.9756558053604247,1.0494388521561546,0.37967890482149774,0.39193848647584295,-0.20911527647495642,1.0578528951680322,0.931507627385604,1.1364474159743403,3
0.8277024400949202,0.6420946627689728,0.21153093643964094,0.2884572971551764,0.7842545416768983,0.3545645221610917,0.20757560149962756,0.5923788575321022,0.003570427086706039,0.13482252085774568,2
0.5785920859568419,0.9665000909220582,0.5159073543588938,0.6608152817906323,0.33455119491395935,0.2559538771460174,-0.09430922091451427,1.046558128457562,0.28370355241561424,0.26462207880359945,0
0.7410087339670366,-0.05893610947543301,0.5920515374936342,0.4889077619654267,0.41211209890613065,0.2525317437051858,0.597830968325762,0.6423532063829344,0.0017956575850290903,0.7015280147905988,2
0.5522303412925887,0.8706560123115173,0.27263204259407503,0.48692328089240966,0.7578902488788865,0.1776754169657909,0.016346974292019117,0.21703021335930048,0.5148554551519601,0.9230965601823281,1
0.21982826444415227,-0.37274416083857465,-0.2800649247704431,0.24911871769585017,1.0436751413737395,0.49441835987588345,1.115748553128044,1.1558788089882277,0.019198153399161644,0.3519065858369393,1
0.595437651044928,0.7482423701918542,0.42677889017767345,0.48942800640046763,0.14561625889044472,0.9909942959454126,0.1658484723015037,0.2714950801231019,0.14997997277928096,0.658147209359083,3
0.38442491419116953,0.4525690321512569,0.2570369559988154,0.9534203558837099,0.1738701291840637,0.823838616203254,0.613204132039508,0.5980021638934435,-0.12417956668722219,0.9642686425342528,0
0.8960256202704907,0.45452744226526953,0.2715937762251749,0.8269201768009422,0.32954203373757623,0.6372564925993814,0.8469109285167278,0.4909605527548379,0.893129526302181,0.17742747978994705,2
0.9206592947625244,0.5588086308365614,0.358285481299278,0.6260158915527404,0.8042392453828865,0.6778918804865172,0.5968295359359554,0.09237534111145673,0.7292806544076661,0.9333761299298541,3
0.5576289180764592,0.8846042208270135,0.15234182740760943,0.11185820707144568,0.8041535406845581,0.020422614951318897,0.2883370438528391,0.4098790264728523,0.616571131357949,-0.020060842859515912,2
0.33444073191478674,0.13749959557742011,0.3448083434460066,0.29813778991887796,0.8806047499597803,0.18860539665432277,0.8100709212914939,1.05106246209232,0.4508821614585149,0.9098211528182603,1
-0.011571512820499293,0.2690292351396414,0.7080846157736346,0.015113129853433367,0.04623276669790268,0.24044381553464003,0.1346880166710745,0.851709854047645,0.4325192456213704,0.2785398664225472,1
0.5683256075379866,0.04071379580232036,0.12112660204364692,0.8983816080758948,0.48386528362162173,0.6865050463128024,0.935152381844691,0.9845394158954314,0.35240008729916006,0.831916776359578,1
-0.016877954777319557,0.9224435079599334,0.1684424679799139,0.6548365152582892,0.5571966348102413,0.8177816061750325,0.8411650241882012,0.5685591359335679,0.3022491796863734,0.6928888078775985,1
0.4434844724175446,0.45882196712457846,0.032973349894616866,1.2302494052569681,0.3185624759333662,0.1105766685501226,0.49923083226689857,0.45618891288521846,0.5267100870834168,0.4701944799967539,2
0.9294696772358256,1.010228952195777,0.15147194990917368,0.8054740793654134,0.630269136615765,0.8178755517017487,0.6524625934217367,0.7287068962433964,-0.15888617092416535,0.3499448327588491,1
0.327126369806439,0.8700262555274046,0.9806464068363089,0.5955857803852548,0.05249968589803319,0.23296916200515858,0.22815951698573733,0.7790690507842905,0.0902154004090576,0.2874474197094324,2
0.6996785039064979,0.46347650860264344,0.7956039608238168,0.33356462922815505,0.17658789904276584,0.8613824311629552,0.9529018026197903,0.7750499620573568,0.39039863488577814,0.7095459979723734,1
0.3337295803326572,1.0373194809330537,0.10476321103860516,0.44899218639383287,0.5102082523429192,0.6240916531490222,0.9800150623525281,0.09496297351604396,0.8746118815440206,0.5784053653909224,2
0.5645667737504596,0.3211171894783162,0.2497698814113245,0.9869398714636504,0.24037285255705143,0.4275312632813474,0.45837640884055647,0.6851097366828391,0.7141851112718269,0.1918188647630352,2
0.8751332834520059,0.5183098775498755,0.26849815685776024,0.7035119160147191,0.8371743383948498,0.8196798161172525,0.7294591063499862,0.09427801181338809,0.8706390604546882,1.009600946810735,3
0.4719936257942794,0.06503808252025224,0.12348585951807903,0.8926795210391156,0.5613952107565306,0.72838062777367,0.853116246527929,1.015714845746403,0.37647603371499677,0.883889083519653,1
0.9614256591288105,0.5765679209489408,0.7515404394683628,0.07157696491466742,0.5250525723745304,0.6275106245202189,0.36966495192044,0.2103464585514038,0.8028807046585296,0.9549697642738929,3
0.8928048745578572,0.7560903075533012,0.1338281617395266,-0.05317354466978208,-0.14712036638310777,0.04487627688307172,1.3683981300215537,1.51457990673559,0.14437973629133255,-0.03274180912559979,0
1.3163752398156663,-0.20210268336102716,0.07975286193728742,0.44060898484358224,0.2840122639178969,-0.09821475833287505,0.386740765620126,0.5676092673419693,-0.01263083869832659,0.48181132703747936,1
0.40740145339051714,0.6672105314212651,0.37021732608243035,0.07054521376640244,0.6460119169098009,0.23601042304583428,0.0636325125138621,0.1773063227007399,0.6703299203008088,-0.15821116023999587,2
0.4372790484066854,0.5013123532138067,0.3495062132707074,0.6055676822999417,0.2457366251108931,0.5066545441539083,0.53831516992723,0.038530750320875766,0.9448141495683114,0.06378450870249426,2
0.08605895158723789,0.04508817587064911,0.20120067431451594,0.8723758746221244,0.2805692845778246,0.5636437672369112,0.7249124064572546,0.5147869962791345,0.9622679068802829,0.7187089310968344,0
0.6232841939700745,0.7429296549631383,0.30463052016440445,0.2950571974105598,0.8220422065963338,0.4655254240853408,0.1473274150989456,0.40741165962828263,0.009280502694730929,0.22159394442956548,2
0.010610627932373148,0.19103934318469828,0.36313691324463077,0.7101037934475068,0.46294352067915834,0.5001629217468071,0.4835149908721308,0.2909987133910387,0.979878372925889,0.7507341820090041,0
0.875020150061602,0.04157696432658642,0.6444836682653943,0.19461229668947372,0.2022214007939568,-0.18703566890381546,0.858463233181257,0.6518571023927192,0.03393714528421528,0.2607987040652128,1
-0.01853381958254069,0.21276965629009464,0.7250043989620412,0.5740342462875703,0.2637910542322668,0.13399961258426885,0.20061824071903234,-0.189000372567541,1.3109486656464273,-0.05439008966940842,2
0.9918462088714579,0.8737551897177552,0.3587269806779188,0.09604519621709001,0.6542760941484815,0.948569147198338,0.7310909384487703,0.1403878045890779,0.25871227902244803,0.84550957278321,3
0.6802126097783763,0.36417942872529835,0.6858977853951099,0.3494678727686749,0.5103560588915548,0.5159949792899913,0.8622147484957082,0.5097404921625266,0.29427813948123765,0.30856400069501644,2
0.33148228580087585,0.8796610092001872,0.9877449337705528,0.5958302984624562,0.06154135727583891,0.2331351933357504,0.22551294843268305,0.7767891874257968,0.09132852821944056,0.29451118928578757,2
0.5891464513151968,0.8263255929991373,0.4430958068079362,0.5333371738411571,0.04891145768537877,0.9915890803337957,0.10014050008152316,0.30910654418766154,0.1198338836424997,0.6850454264680579,3
0.05118566024538085,0.08896170945781467,0.7995972940525015,0.3084933909227348,0.06776571983503123,0.284946495189868,0.6129723976740171,0.4085109238238658,0.2799394709090344,0.4538045676584663,1
0.2347012681963508,-0.03880879782082468,0.043839269987992695,0.010174390282504634,0.7361036612295406,0.2742050743436411,0.44791766885383305,0.4496112533844391,0.21956972597093016,0.17421131171353568,2
0.6901311234964315,0.2443968994438062,0.24204481118135523,-0.47585114733212563,0.5301437303421157,0.3273031397354145,0.6803247071889309,0.838780230907373,1.1453419315907607,0.5211373684709723,1
0.11799937954170628,0.07992416683762833,0.29618871295706556,0.7017744069527507,0.42284028260423756,0.8090929491951538,0.9339506092604889,0.34412664524834835,0.756913083155085,0.5583493321138016,1
0.4798669891978127,0.5146708062785798,0.7150641673880804,0.6709248218953923,0.056734459562319914,1.177385809997867,0.3048485247751931,0.3277747625045953,-0.1346952624310323,0.6263504896764495,3
0.26490149879762404,0.3798387724256593,0.6881853915635379,0.5494400218729845,0.570124850367149,0.43477688486825944,0.6532574378249155,1.0047158467260302,0.2714526195338269,0.13363245890965034,0
0.24229732569369408,0.7969795009629664,-0.11777405300260849,0.5265720191585828,0.8045647990527997,0.6451145419015843,0.985419442160307,0.22453229039649114,0.6391293711133484,0.8956351555935491,2
0.28274864396155786,-0.15169389795400628,0.12312505821857463,0.9872216410950921,0.4322158359761721,0.560623954867558,0.7460145673070575,0.8829468974325874,0.37325935152995293,1.0968530435958415,1
1.0712365328056408,0.0760424462438668,-0.1273627679546374,0.37763837533438166,0.5628737893685796,0.9420724187320682,1.162898327603097,0.13441752584470917,1.052913289155071,0.7916789839675498,2
0.03746692308660649,0.45039086969521613,0.5024935915819303,0.7792759241368714,0.39728911693699315,0.5465329283310071,0.5416950625528546,0.8423480001237126,0.3679760418482711,0.1448764088126118,0
0.47774906756115026,0.41515632182263035,0.8454072033895386,0.5028560568891219,0.30333037562647647,0.6094696225500666,0.15935272615512716,0.5177843577273394,1.1072652913470609,0.27533703293266326,1
0.21091999767385355,0.6657431396644604,0.9254089712243871,0.05708163187225187,0.5374536979208908,0.4168988795340767,0.4746817968599581,0.824527155662923,0.2530072306062372,0.9391511563602749,0
0.7605962763093107,0.04898457908199885,0.35126329051235927,0.29205115133832155,0.4854810628931302,0.01740980134106565,0.2662783661461609,0.265458162864483,0.5967357709449442,0.5446405869339289,2
0.9380121561903236,0.5862616722286769,0.7528533375478805,0.06816163055734302,0.5528852791027464,0.6204727141962527,0.388260337645064,0.19833916690132603,0.8321624677692502,0.9797140831336859,3
-0.04099875793398211,0.5406666893039013,0.3613662224948388,0.1536819621030725,0.9416596516634326,0.40845213795895224,0.24840229694654567,0.5676278360132807,0.20702336206154745,-0.18138540435993422,3
0.8793521329432238,0.55098393627223,0.31921714038110327,0.718929786531194,0.760278668566708,0.7296723913460156,0.7036499472585409,0.10524584637250084,0.7552518562891407,0.9377124110252164,3
0.9237006054240632,0.5666289954830005,0.7765270147568454,0.0804280764348771,0.5254197990035313,0.641184978079775,0.39018903004412137,0.180748097355291,0.8261688927668388,0.9842893386945799,3
0.5323085586661971,0.5542794366875816,0.6271990155156624,-0.2278109392155735,0.8157760976025044,0.22846190266696495,1.1677156296523172,1.0133240433460822,1.2060138727181462,0.18795337468681844,1
0.4979971909345522,0.41164219542042774,0.8000469510660948,0.6641291094912556,0.5119871534873166,0.7447919613806634,0.05265215764598652,0.7127754666330907,0.8688819863708023,0.336811938957316,1
0.9911719453328337,0.5457166964853268,0.3146437735808357,0.8455392738692875,0.39572924091784784,0.6776898099817151,0.5932409982748592,0.31345492590527324,0.8792528408395557,0.3569114150835885,2
1.0022389140582977,0.18125905127300562,0.5411537126439181,0.9590526629109583,0.5746771509180554,0.360691636867191,0.5301998799525641,0.2394928116685454,0.2280691403633446,0.5487710060534421,2
0.6834181678204315,0.7893622912901281,0.3929396434729554,0.5790183804848883,0.045425583105450335,1.0117884167400815,0.05915522811718037,0.2564898450484503,0.15880337566042532,0.6001219297486805,3
0.3786577228643423,0.7514958191582578,0.4019153382089408,0.33481368102353487,0.9267995037078917,0.08758376207618296,0.38393788173422755,0.5014913928644534,0.05968451883869449,0.20804345984219308,2
0.5879702839001304,0.29971319770664656,1.0125513157702133,0.6113142374090372,0.4151433399878631,0.7101616323572157,0.49747735030850176,0.5798985617199968,0.5692283269386321,0.4242833819742755,1
1.153149610314744,0.771478951095687,0.1099286955402419,0.5038601150866113,0.5373253705902015,0.8949355383254055,0.9832399088785728,0.36974042944807345,1.294407149743392,0.41199858180731025,2
0.943457907978167,0.5399635606316713,0.27323794420901654,0.8566369188279707,0.33232305741930074,0.7269337829745172,0.85169100121112,0.4712799166859191,0.9508383235990768,0.2799574997963255,2
0.5611752588818985,0.6147237458656556,0.9076509987488781,0.254302955920689,0.3634736830453057,0.41182488289363994,-0.2109080818491137,1.0613365537483144,0.9425486854140916,0.4111818267784324,0
0.49126138262376307,0.09145110572183186,0.11120448228447119,0.9238077338905676,0.5464901817267183,0.7294460512513284,0.8918878706445559,1.0048848065003846,0.3012841581595803,0.8477774990286613,1
0.9255415470431863,0.8568324131763163,0.4815161461920259,-0.0358562524558132,1.0194711740811142,0.5782822975213112,0.2666152598917161,0.2737852213615803,-0.21092132202128372,0.2475361255464505,2
0.44667290365150497,-0.11874613734444048,0.6229566710691112,0.22186040741346613,0.985236337999195,0.57410618370335,0.44281997895347447,0.16188193745819057,1.2656693927538454,0.40977763325962485,0
0.9596961710134149,0.539112547300166,0.7586348066619597,0.03810363193263252,0.5557200518500127,0.6086638005708882,0.39874890268157415,0.15720633005319065,0.8325880477227905,0.9375587073268976,3
0.46411410868989245,0.7605974127856177,0.9622815075410345,0.015514939150917187,0.6939270487508675,0.26466590699281906,0.3362490112224213,0.9144687183699928,0.3059610862096666,0.714898509909432,0
0.9006260443943116,0.6855104247214222,0.22446504418156887,0.5775380450675967,0.8454579584167445,0.6279945531684092,0.6910378441532208,0.15052428789446493,0.6707087903527766,0.8634780014750969,3
0.11878423097191243,0.7908676711436051,0.01484142407021296,0.535312100241437,0.7280799039130598,0.7592375532824359,0.9064097538216913,0.1483200775906477,0.6832289757859702,0.7331246150488664,2
0.8628264828275293,0.4371401278064556,-0.06703201806026876,0.40698032687896735,0.721542793477317,-0.05305127220672479,0.5082989606137446,0.6436510402366045,0.7428455321564263,0.7513223530477906,1
0.3246978010767088,0.5760092586492364,0.9108468880754607,0.004090743221884005,0.5796142425251312,0.45919039476603685,0.37771388859058525,0.9220796014416454,0.34862424873728065,0.99924845306056,0
0.6609774191546417,0.3315041878191082,0.6631839278524531,0.8530582091185462,0.5900635850760514,0.5283490195241939,0.03684855344741711,0.49119700213456946,0.6048454195243552,0.8999952783599354,2
1.244979524058938,0.5916791091859989,0.5721939902146224,0.4382811629769018,0.09205018494403322,0.5227960739329274,1.2519150852105363,0.5993889434659742,0.49632525265405625,0.9657593934362176,1
0.8183927510390547,0.5913139299272179,0.4698004764802158,0.38679247933644073,0.6388694354398768,0.32534338847968247,0.9656370552688389,0.20335933625932504,0.28588753924932,0.025729320885848117,2
0.7241073625058129,0.5793614828508685,1.015621379103989,0.9473637931604123,0.21891392449530683,0.39654056787981085,0.28706303971644354,0.40804617498468526,0.11365790195266579,0.36398052047845963,0
0.1354748629894285,0.896956021341217,0.4130429780262112,0.4338668676974092,0.31517822941889756,0.5263697851215506,0.800895382799838,0.5750988051946783,0.5559512619342487,0.7838250793408605,1
0.8746451469098896,0.46068841348401535,0.21326919369364541,0.8449255793758249,0.3951159212239309,0.7666976335292558,0.8179405181327034,0.47297798651853423,0.8970687038210498,0.36482326144602417,2
0.16238408489088008,0.13278732832476772,0.38526577049689015,0.7275830160133017,0.5831632524640723,0.8666926714101133,0.9137716363977519,0.46071813953762936,0.6002725462054241,0.3869365552976519,1
0.25578189592079353,0.6695341428778593,0.017063162268496974,0.008621801582255265,0.10866016400499041,0.7983155705667468,0.7071954731670637,0.2345651518898961,0.98024334326389,0.877927820765624,3
0.6785611949229519,0.5584087765012462,0.6481519947122377,0.5223925044226059,0.7392412800083517,0.5079944934895135,1.014215897550303,0.2115095443554405,0.27173281384909165,0.20569039056491772,3
0.8776494536883905,0.4698468528919508,0.2900208904032341,0.7932259512268629,-0.17501523141835718,0.5378053149083153,-0.27561525795135855,-0.0979582746892666,0.41131200833533577,0.7919208877744967,3
0.0008218041399981335,0.07339586932004102,0.7726219298218568,0.34565908381918914,0.02996711633715192,0.22983017022738758,0.6679221501820127,0.38212769335185387,0.261227649853632,0.4869377520781443,1
0.23916300713768718,0.715962982569152,0.23795899555491176,0.47227363275738043,0.4623421400805753,0.8004356231271856,0.7769239634058285,0.6738334166097459,0.45985370377324575,0.7419127767059521,1
0.5977263822967985,0.164158475500218,0.2332412347211873,0.9240510159913733,0.5526099836041982,0.6155838182727689,0.9733075476043479,1.0873716040855266,0.27419506042971165,0.8246558970026974,1
0.03188819600268514,0.23542214208619466,0.6994876925958103,0.01688555212639077,0.04378391167187709,0.27993201731267714,0.1298352400483437,0.8680330358658643,0.4648565077898331,0.29539518066245224,1
0.7650239831471703,-0.12531871585863247,0.3506498229429013,0.4839496079986046,0.8260947460976678,-0.22449676269019014,0.958583305390171,0.46320323709507516,0.5157371653843631,0.4133125085258175,1
0.8990021321161102,0.35382595595793487,0.6071622764931679,0.6023657134090556,0.4443665251576576,0.2952258040510244,0.06250629921970301,0.48217679566646066,0.40826784248211334,0.6121997934292585,2
0.5689704354137889,0.7530975918559581,0.40876417086721795,0.4635612843740091,0.12105248875285854,0.9885820807590917,0.1505898121163696,0.27518071248747344,0.1620183522370044,0.6250430698757885,3
1.012121162492182,0.6146554415703316,0.8471369756973072,0.1104614014388548,0.6232177576411273,0.6831316916195478,0.44257862985075586,0.24444369409199446,0.8128043709876569,0.9036817404608208,3
0.14825975880981535,0.738424125623584,0.683837097548464,-0.12077653149440323,1.0261976117142835,0.6606679704075024,0.43659547677872224,0.6473099530842253,0.5307763739966204,0.06187584319555198,3
0.12387793179373902,0.8437269030553736,0.7804172502091093,0.6576757329169706,0.13140285524217082,0.6715770319432791,0.7897288131425794,0.5852555738687585,0.8074877416532534,0.5091301182602571,3
0.81801183734259,0.7535407944825271,0.22491478619355346,0.8805351658105436,0.7345403452560502,0.8956073731290646,0.533586030764126,0.584337424224172,-0.08349321534645418,0.42324870564291306,1
0.2276531166360525,0.8883841968371219,0.03416492808574617,0.46404413859675386,0.6606206838449078,0.7427977366282678,0.9283117255367993,0.20772439111868657,0.7250588049484386,0.7315083473756685,2
0.15889434800519367,0.9703863396530343,0.21891513025292444,-0.36211719736168074,0.057091336254084545,1.8615086544693553,1.1398908107189794,0.4477378776989726,1.5224459928628202,1.5770501854032162,3
-0.04013447141643743,0.32342767218278123,0.254475300260153,0.7870869832142012,0.5986447640622432,0.9426459680980149,1.0055145737050413,0.44666462359857284,0.7458989607129035,0.4616933094141355,1
-0.06099560690514086,0.18123770438211828,0.20731616799538438,1.0049712002205748,0.06916576499008714,0.2681469384830008,0.849476851609958,0.5508570116920487,1.1409494393444173,0.8075363807090781,0
0.9978820161369747,0.4805455074279873,0.2298196365568481,1.1589699414448953,0.6856422207384243,1.051507660343273,0.8198845983183436,0.7126904669477923,1.093031695499799,0.020666551106282904,2
0.7707636566157676,0.47390082759292945,0.36650905646375226,0.714237720855239,0.44417745232300004,0.09339315816378965,0.29639044352199023,0.5322586691134323,0.5053919192157356,0.5731531118347666,2
0.17093455280032144,0.44243438480787534,-0.10737210032319651,-0.16814495442557292,-0.12936747419255729,0.42936992707054433,0.9974306693594635,-0.22740655421415923,1.3951424277763977,1.144986049550684,3
0.21015719605319985,0.09982720408412642,0.3609843751018518,0.879339467493696,0.5855209722841064,0.8338208539020239,1.0157533612060359,0.31645868061776117,0.6726721334672965,0.4637703153628095,1
0.6345546330121072,0.5444519226035134,0.9813943322467125,0.31868597342381466,0.07291940203909777,0.9540496157733649,0.23994888053284075,1.0659319380371026,0.12435870705034674,-0.09661176362064441,0
0.11355752925162499,0.5859567546906465,0.4124336698148603,0.7465441015313049,0.27714179536551087,0.5953770670957862,0.6097048888037963,0.7831166599071718,0.48253875931149687,0.18478330804696058,0
0.4380947070730552,0.6415015303309435,1.0346117153036163,0.049879139350979367,0.5272264596438627,0.3709195114793882,0.5500829619154007,0.6952872240285445,0.18507547949682723,0.944580652195113,0
0.6627182860339209,0.44883779369017796,0.7544472364581376,0.6739480107823247,0.42373879962331873,0.6045725352064825,0.7202444316988225,0.05858023260122231,-0.01130639314054982,0.29812206922775303,3
0.9094081761922739,0.5165186219151435,0.4602865163674431,0.6831924539183167,0.1863054171500468,0.8386302617485131,0.9353673803044928,0.4895514849661406,1.1439304197180005,0.2807078951030046,2
0.13557491028045196,0.2911696470083163,0.3015408419185738,0.11890233576843269,0.5206237840486704,0.32300275496117087,0.1474751768948753,0.3793880380706317,0.9039080629765455,0.716932228780701,2
0.241840535846628,0.9229484044564166,0.0626773816747278,0.4990588291584559,0.66821836153502,0.7631606608080718,0.9313492324693701,0.1862601681112175,0.7272651138068891,0.7392018604594573,2
0.7757771619614608,0.39459269374456907,0.8503209310421034,0.7207876448280056,0.5051546979536303,0.5738341087095667,0.052162284013910314,0.6851573807508603,0.8594742781180177,0.374248145525058,3
0.624035244984767,1.0396581597187535,0.009252243929698784,-0.07519365875194989,0.9920399176260724,-0.07475795692375409,-0.125287393502641,0.4967650788664027,0.8415112108443483,-0.3196079698631938,2
0.13706663368187927,0.4437323193093298,0.18595610843448648,0.06506404308382385,-0.051490179426503774,0.6179435472793684,0.5895163759472963,0.3145759647701821,1.1775708242480376,1.0727474665530758,3
1.5500677010072308,-0.16915085785036033,1.0787616763169225,0.09448171135571204,0.5603180122408156,1.0666761415164043,1.032294835840512,1.0681953050085085,0.846253916586257,0.414621800384624,1
0.994435695603675,0.5831650363047436,0.4309827545839186,0.6665429489887509,0.8774086167477847,0.7206140242291059,0.6128867975767341,0.11652669473575433,0.8306630602697519,0.8883135305685029,3
0.6097857927531961,0.6654330199757286,0.7841889026680137,0.40716509025207465,0.6102889524392193,0.6890792643982617,0.8958118770076816,0.07479860394399067,0.18948753731804935,0.37165464310173885,3
0.4348249920096472,-0.07723708184924855,0.3033403129028131,0.9657953653919936,0.6597658500431123,0.7382189212641765,0.8031167825024415,0.8832202101361305,0.5048301168882707,0.995536342143185,1
0.5575057795154099,0.37832038470205226,0.19071630601741876,0.9023248399053176,0.2569877812979354,0.33492580636008684,0.5162843804514465,0.5667072617252608,0.7421378670644059,0.24483770454011847,2
0.05535930615814478,0.09937021834863316,0.7559473704093255,0.312169718924553,0.08598596757880252,0.2780171595054135,0.628919718041085,0.39712389124570596,0.3059116755683028,0.45320761053870917,1
0.7434993944898483,0.3241100239212071,0.4680779160638983,0.5114378075227408,0.39051250360135586,0.18374049741927437,0.1109613582158431,0.4673813459003754,0.331068983758067,0.6173386826072145,2
0.06268898674112736,0.8017787963193405,0.2807917026945359,0.49871762734081104,0.8878005296073174,0.571262190729048,0.9182585836900851,0.653732062403146,0.6307391573208034,0.08379099842481953,3
0.9388976041400617,0.5772603298785742,0.7553195667775163,0.07904090534042636,0.5531054028927271,0.6161229827135668,0.3786512237783244,0.1953120482666233,0.8066151830754232,0.959862650399857,3
0.9412629937240296,0.8636445485156565,0.3297063524262452,0.17415270053298432,0.5892975491911401,0.8971431065937673,0.7925967659248583,0.11394074662389103,0.20796132471680928,0.7751039820126617,3
0.5441022151990181,0.6109315550919706,0.3534845114993057,0.5803948236789216,0.15519555920606823,0.8806797563297695,0.14544595351851158,0.2601410587240228,-0.035463852028748105,0.525904504094391,3
0.4277987657048049,1.2678904491814567,0.05222453111503365,0.1800861508306114,0.8026390121851691,0.9230395946559775,0.8077302616392252,0.49170258277098955,0.4037080031145945,0.773765853665053,2
0.8237715907215366,0.7260024232313076,0.2404960458173994,0.7302068201455448,0.2705826369169051,1.0550722711930738,0.631937793731695,0.0996324325162173,0.8150376851826409,0.23403306118238057,1
1.098920930302335,-0.11736145642307344,0.39129518479139586,0.7559882445196411,0.41266731388165234,0.1735801131978144,0.8235819701283739,0.5817334737643018,-0.028930817439400125,0.5034275141165316,2
1.0510938940646017,0.20440207311116326,-0.06454526344717046,0.7888325560418237,0.6534039456373537,0.45839171832213466,0.13778571772826192,0.8186646927969274,0.28455310112231813,0.18912534838106818,0
0.7516195151283622,0.02856660133923712,-0.10900770572448312,0.9472938750000983,0.2213672909462046,0.8419642400702524,1.0248092274935554,1.1027201696254756,0.430678134522191,1.0724233430826693,1
0.22145355873416012,0.19450250029921784,0.5165649401979013,0.7825393633727904,0.3979034053266306,0.8113670909445495,0.8391338576212485,0.5960561693755109,0.7789489623959368,0.7375178134313305,0
0.2907134547922499,0.6773887737379664,0.15222948812475062,0.7474793035174017,0.07478948155982301,0.9390491314121984,0.22518526247949947,-0.12419582614300223,0.5188246412137016,0.6594582853150156,3
0.06495446912596632,0.6214634771757781,0.4650359114988137,-0.026171837055523187,0.9987984237374679,0.7182199693841275,0.4395578433626786,0.5216882561423838,0.4100828326871533,0.1075978185050877,3
0.07927533492840429,0.15092201719087103,0.752473573656323,0.3451224933612985,0.04179926429543265,0.22888901912861298,0.6722844280344479,0.37824786804102045,0.3476226954751214,0.46513601533270255,1
0.07714766929085268,0.8425752672465933,0.39365680726267416,0.4660741540361874,0.515994833108609,0.7214905419364536,0.9410352899655634,0.5852448690498903,0.46950111791852717,0.943416600459348,1
0.05508329042103721,0.08294425455405527,0.012231516302010914,0.18259774140538393,0.16848278447475196,-0.5365330104398253,-0.4533945713887485,0.28976691205754546,0.1380512867757957,0.028695714319496135,2
-0.12091654869136917,0.25130715996564174,0.17268818061937116,1.0959440159151055,0.05029665298322483,0.31589553941379334,0.9427606268884297,0.6176938472340368,0.862279378439155,0.4305490689741257,0
0.6884338675532105,0.8605744548669538,0.2865795745582457,0.1643423549013331,0.7773705207316124,0.4510885743258231,0.15188014433091607,0.3533627896941641,0.0009935966230308346,0.3051860711189234,2
0.029681458590390356,0.23609290389403043,0.6933349262979321,0.017757566479308283,0.0448065818232894,0.274050268763713,0.13581751049867583,0.8737098573401066,0.46723853456090125,0.3023093102686386,1
0.9464490556112943,0.5838944222534479,0.7581330912187706,0.07566533412197912,0.5471320169343157,0.6258332665971836,0.3798503834517589,0.1928484301950703,0.8089500556836502,0.9700117400803393,3
0.14572070505208679,0.9693643787883693,0.3836509123707828,0.35106226974209614,0.6165017923279863,0.7902927359074144,0.9664428323109181,0.5514801709643664,0.47035824043296476,0.8132585898355156,1
0.6558223314396445,0.8754922809289907,0.35410888133807916,0.20310479985564403,0.7565530609274561,0.5029591888529333,0.11911379641469447,0.43705170148048045,0.0006314781289990662,0.19053394050712577,2
0.26297128245745593,1.0758620917223545,0.12919988350478806,0.3292391783930986,0.5890074484508163,0.6419526524669181,0.9094854053433841,0.08767460374785516,0.8587193848466514,0.6918524946598702,2
0.2497178647629063,0.7870003193697102,1.0396871154430214,0.05797990828049587,0.6335473683991333,0.42285135761541204,0.4145808691613548,0.9252178801572074,0.263029349951122,0.8753399487021043,0
0.7702961542124582,0.8738292329070467,0.08252967219873673,0.8722382207245252,0.7260819921057227,0.949814135337043,0.6214709423603192,0.5347696804150335,0.06417997819601934,0.2617249836799902,1
0.8575596907888517,0.014424712599535726,0.6693215827077832,0.4210584638218937,0.2389179920753779,0.9023721074637612,1.015194351339662,1.0237268086268356,0.8629343021333881,0.29891881730707875,2
0.6331581026393563,0.8998593460279168,0.3593792305358179,0.33978460299026836,0.7929526350021874,0.3804583834148513,0.03265500824529877,0.3207003230028035,0.10565377473976605,0.33244853764150156,2
0.8074629552606262,0.8852898166193263,0.06019313619194802,0.8284631825332773,0.7041424700942013,0.97375426394445,0.6298326583180559,0.49984550940551953,0.017462112338383122,0.29016955301542513,1
0.9213505117312395,0.3893217642942117,1.0301637790393445,0.8522691211811934,-0.10015699903704259,0.983022332605706,0.5070304356459893,0.9542931840596607,0.08701545107512726,0.8887466247689249,1
0.09689635226863724,0.8717370367884094,0.4248938955504839,0.4876386757485338,0.51761147415447,0.7421891651474846,0.9277098046951364,0.5620398576056395,0.4481415145612936,0.9110343415667919,1
0.7784790623039625,0.7835611495467578,0.1316434946597341,0.9052229812373997,0.3877156758142193,0.9035912550902956,0.7154925968119061,0.13766798332567712,0.8255265832666792,0.2534339509396095,1
0.9354448057870217,0.8423796502464481,0.3862547651647494,0.15460283559009963,0.6800455414111652,0.9233584661894456,0.7122933566961374,0.18156716867666725,0.2085792859199357,0.8898869950342639,3
0.6940469374992528,0.09223144460721477,0.5450426945888439,-0.061060194413744856,-0.20460312985009516,0.11419526385743788,0.34213643184975034,0.7680927780710624,0.4577480377775958,0.1515789648997401,1
0.6222586769820285,-0.037904577159390274,0.37840903685223004,0.1426886086663101,0.1366075744480432,0.14033702632240158,0.5566414717625036,0.26062943722519905,0.15468715334884456,1.0301366535788432,2
0.552119456883095,0.30179256184507347,0.28403399717225447,0.9666894955671422,0.22707432163500305,0.40896234036044093,0.46828015935783174,0.616951435052122,0.6518765011478149,0.16636662396138197,2
0.3418665485123599,0.881347167130591,0.9795670629459706,0.6085916041484243,0.05394705774157315,0.23324234959545925,0.21595761659211155,0.7811581009330026,0.08046892171142342,0.3001976461281265,2
0.16694784897367668,0.5451448591716705,0.7239020571251451,0.4819769090109314,0.6419079202429527,0.8272574951550784,0.7874628800947092,0.5687516428188112,0.21215569129148404,0.8342010804013519,1
0.5911957328762552,0.19762740854706115,0.3173980864750468,0.3477011113440532,0.6867352993732526,0.09337633559789389,0.5058869969748507,0.8056967209747585,0.5174061876746434,0.7403336085140156,1
0.6788429152220581,0.26311585802286563,0.1836187414908955,0.29324598283074665,0.617398881440819,-0.034231329331990995,0.5342022980782689,0.8218233130053127,0.6189686885655702,0.5898215681113298,1
0.3265708881770657,0.9901998301282847,0.05514640430342868,0.4883759983205495,0.7290418893868713,0.8412689556813236,0.9441104118413337,0.30358326921058043,0.7219723185327585,0.7531599290246581,2
0.5948822332880791,-0.03129509372056598,0.1943581187280393,0.7375781025173603,0.4269477685391148,0.629452440145785,0.8530415066187984,0.9520921363061003,0.2115533126310848,1.0351575644159938,1
0.32696877292531756,0.8297464300177536,0.955825645045547,0.5617188347260879,0.04501105939711744,0.2458490113131821,0.24229720312648254,0.7672382469320654,0.06134796805799006,0.27715940279490625,2
-0.19450554549231902,0.45425347365793706,0.27891659727038987,0.6116404255805894,0.23785921431209178,0.5878046966052275,0.584027691436353,1.0119964877879044,0.3330167567388803,0.4495958247266017,0
0.9702347428813889,0.45360630631855603,0.23391434325040128,0.34947599160622345,-0.2654917392353125,0.9420405985353432,-0.22325422660479727,0.023895553024559618,0.15739296606608508,0.2640521391441256,3
0.6768002767160821,0.7450564652508809,0.7713343784097284,0.4736806542814768,0.6545939456315526,0.6333298999574652,0.8861638807235954,0.11780544879590699,0.2225832663369666,0.3466397038343802,3
0.23606102429002757,-0.01079047656295581,0.024116428015669107,0.07767345816948686,0.6730386328927224,0.2658466627626537,0.48911742583976137,0.4257872467813168,0.19756516476988933,0.15320470898620545,2
0.0503490415260545,0.12418461545027971,0.767536108493933,0.30194873358721835,0.06312490038876495,0.2774796382242409,0.6448432560383436,0.40047815559512706,0.30237613703724786,0.45602719455622664,1
0.5902533343555814,0.7868870204859589,0.5299470163540079,0.5179113362831909,0.23812995640781268,0.9707153801945014,0.27315888267516375,0.3253546951078886,0.17617139520895445,0.610682196471193,3
0.40382715055615825,-0.01405543815960561,0.055740871719236015,0.7383532618540962,0.6592187113602836,0.6841888792965684,0.8562433940422218,1.0168914129618218,0.2876342015798339,0.7573060282945226,1
0.29582520985889543,0.8261812835668381,1.0221112909615095,0.5742043373861878,0.1035931546759711,0.2082265613252234,0.2544130574192291,0.7754445702328947,0.046117119471102946,0.2666432518456087,2
0.02629573507043193,0.2460779126623673,0.6954765052230177,0.024746123990736408,0.06019859072355657,0.2647988417804177,0.11377853569301778,0.8544972175552119,0.4714428523958352,0.2913357050447949,1
0.12347930557062993,0.31448102809644896,0.39767218058050346,0.7382300340714966,0.5360736802887903,0.9545700264245717,0.9406909409078169,0.4102352910762356,0.5877924809551449,0.48692636377297194,1
0.3887070234659207,0.9278761452370177,0.5102417903677026,0.8757528169095562,0.5395829411200992,0.23217160466964587,-0.0537430528097223,0.6215985850823303,0.8376850327122423,0.5097488050467702,0
0.5278231413088649,0.7780610412591732,0.6549045532559545,0.5419001238066935,0.527512646353025,0.8453952351065994,1.094289777601149,0.2846683732119092,0.10365592436172776,0.3389982398670281,3
0.23310089775345288,0.9283189723320322,0.07449098353191336,0.461947885613799,0.6470781411046809,0.7492653217378292,0.9629108544399264,0.20349695431473044,0.7473689441496619,0.7333252100570238,2
0.6434049318820926,0.18121011087812025,0.21168382847376568,0.27414275924164255,0.6085770077568006,0.023599922320458034,0.6454774886864026,0.8078447466474861,0.6573886384912915,0.6151276873615847,1
0.6517510081914599,0.7170999203486065,0.7616936020839049,0.4391332615965888,0.6351033907793454,0.6409912250890104,0.8724777088431072,0.08299209480767573,0.19719529158916715,0.3339742582890808,3
0.8298137341297068,0.27114943374707956,0.5360070452407516,0.521460964007139,0.3691597408802721,0.21653846687562042,0.08390824734853874,0.3990794129256527,0.37932634419267636,0.6112144250067254,2
0.5106482899704771,0.19586772488716864,-0.13483059745111847,0.9521189569079497,-0.01837490820638865,0.555258561614651,0.4000104118847286,0.5070308811263246,-0.19181947944208672,0.728574368512549,3
0.45498633240787534,0.7169593031610301,0.40620235281720446,0.5329301054188604,0.6744169464164691,0.1467453353003853,0.08069656753862328,0.2376788905888523,0.4290074830257853,1.0482818547458597,1
0.8428207868997308,0.5001169913735529,0.6563746026106487,0.8417827288732556,0.5222001880596754,0.1603853372444657,0.13335674453952806,0.1978283570461882,0.7078874562650576,0.7204854242350865,2
0.612726666252929,1.0570686320519125,-0.10436950424766825,0.20056107533047723,0.4528414851415639,0.3361927686854131,0.28752700737255865,0.4016355384102517,0.019855445354231893,0.9617089958502307,1
0.12278938420943665,0.2737122267096555,0.47003438733739955,0.9372360137240364,0.2901736265555158,0.7894851668399973,0.8810764188576747,0.13961511342638436,0.699931184722014,0.46243977386564705,1
0.5519738714119213,0.0759857992511822,0.03399301646028799,0.4634982788969542,0.7102254701914175,0.12699105920100787,0.4891625812929207,0.8575099501591515,0.5959691748991233,0.6127602217123522,1
0.9928598900933825,0.8694029512489676,0.35553942531021704,0.0998144456181455,0.6518222121633314,0.9543056093900463,0.7306959033350987,0.1318810340945767,0.2507347796732778,0.8524581493107929,3
0.8574330641110691,0.5802301437802018,0.1219742712075881,0.7722169845305902,0.32949265912138326,0.9039100889325071,0.7424276479284104,0.07935986615485204,0.8873029991622525,0.3318559350216219,1
0.698782221366603,1.0251306380263174,0.14545596757645865,0.03784836015068005,0.717431983709766,0.04870732953584491,0.21593431899967255,0.2534283380761788,0.7494622359865135,-0.06085494208502104,2
0.45553178486726525,0.13629854916959278,0.10680428082531539,0.43622192499506734,0.21431001463266922,0.33357401790153585,0.310760761973429,0.2398675339069259,0.9125785380008371,0.8539317307883826,2
0.8003521605600765,0.5291724967324374,0.6710341500738821,0.33397254556441563,0.201574571549045,0.8219321343271001,1.09724798718968,0.5718455713888735,0.458692281059397,0.7429600529503756,1
0.26495348665978247,0.9530257444760258,0.019076486977951848,0.5055932392315694,0.6351898790931448,0.7893467867358058,0.9931211650065853,0.2765818882077862,0.7516332298858599,0.7554349864461337,2
-0.1241985192399645,0.5871031363024377,0.36340783001131793,0.5911816221529675,0.11470425096923897,0.8194697283585268,0.8325900438091827,0.9354575894237273,0.2868393512381403,0.8020295239821777,0
0.9471930728210677,0.5768147635994162,0.7519807282109324,0.061790196203539274,0.5543032785126585,0.6196782030824242,0.37540677204282424,0.19935995274595272,0.8265588373858404,0.9603865326479197,3
0.31239586275794445,0.8022987645039654,0.07311353348546719,0.14862647272261045,0.11064746415016051,0.7424684155470326,0.5607568450734061,0.06511448069940587,1.0910068214569824,1.046805803938273,3
0.1983458328099469,0.45312477677345897,-0.06133060512909,0.0447971659271572,0.2480529362739247,0.7559361186505036,0.8111633150110622,0.1992768496483116,0.8522116193543869,0.8418651396429323,3
0.36160480563768727,0.4836249736212407,0.29228855367355544,0.8346930499216898,0.14257320076708305,0.5092776931063496,0.6386098093315905,0.6709736837699594,0.17647346057905255,1.0599131234785923,0
0.4958031360069406,0.849399411314165,0.2552898379348972,0.2031123357466385,0.8453905660037468,-0.02547820266362613,0.27831692574662886,0.42654790853176483,0.658363449357008,0.09951496543981528,2
0.6678887439976785,0.8337313224485158,0.04584814438259148,0.05074565081088639,0.7577397917236416,0.09280107980675005,0.36597465515971167,0.3616002171494832,0.6215908538587563,0.04943354238902045,2
0.1498559544007487,0.3391782369703508,0.19049150864117884,0.6179108810584116,-0.03561895293691736,0.5325774490070703,0.41449645353691306,-0.011783076408815249,0.9054760673863663,0.10801674458174397,2
0.731422563804821,0.8947530627288571,0.10987328049365583,0.8786240248140703,0.6913995192081585,0.9606326887409785,0.645233498928559,0.5762266043657424,0.014680548470435345,0.2583623566110937,1
0.031155752372279966,1.130498983995798,0.31501199107152345,0.36750310541822917,0.6323772546978772,0.8284650031112819,1.1131322562699777,0.1336710094136641,0.7646554999119336,1.0093700390690332,2
0.3009761467044271,0.9092999614532836,0.9850892755874957,0.5555281124569851,0.026550088467004105,0.2500129873532197,0.18710083716442846,0.7600107676243156,0.08457504360445672,0.32047658618504865,2
0.090137616522278,0.873164305629013,0.428840779938373,0.46905882796085097,0.5142249181529259,0.7406504902421401,0.9735210243320925,0.5750244714058903,0.4757713100239395,0.9071903054901752,1
0.7416499447766409,0.7999235203129725,0.2042336519810795,-0.10785582919596226,0.9692587230462923,0.09007236036182462,0.16023134758560703,0.5255191110863233,0.38463349146279024,-0.20273505663628577,2
0.22165295350909914,0.5060346020300224,0.6337734294553528,0.5807506536708246,0.21714788040927654,0.4614583990322159,0.4327139946544376,0.8462922332236877,0.07746475643168399,0.42712172099636025,0
0.609123545262299,0.15327524710954527,0.15158921339405504,0.8021838992719339,0.4786783591778761,0.579674958889285,0.9324884271802718,0.9881447431743505,0.3983294548857034,0.8172815230835402,1
0.6251286767860592,0.9226249171688478,0.37881350651783774,0.22148408446334011,0.7148181830541256,0.2435759383751744,0.013298658138734265,0.24998089039470803,-0.14238500452557762,0.43527519159189654,2
0.9584338054205742,0.26137797461652473,0.04714422972678754,0.8752841998241293,0.6118081788788253,0.30592909577964855,0.07780875170575992,0.8774112786076247,0.13480184056115463,0.22386502813111084,0
1.1743079486367263,0.36061736394646127,0.6447609273474793,0.07177872873488766,0.07684068902450787,1.1151648352845507,1.3164853773441163,0.7609677175617698,0.4095961191146504,0.6289383024612818,1
0.06437293284017354,0.8624814770990615,-0.2254132034132701,0.5576002880561575,0.9132664267663091,0.4543378898510866,1.0269746152924613,-0.07955098011047806,0.8480006281319402,0.6787475818395696,2
0.5611054316460213,0.13893054143132932,0.20065819958121156,0.22363270868762428,0.7078433015247919,0.0857032915844845,0.532652829020682,0.7332435694736799,0.4911942563798962,0.5376979194342539,1
0.43453695654427,0.030166376335138086,0.08081963505641296,0.8990108761218971,0.5971997369383775,0.6598253136419415,0.9105206657795664,0.953034452487694,0.38160475529102084,0.8898077828689813,1
1.127108390621149,0.7009238024397864,0.5741480296402754,0.4482618385202429,0.3817075298041477,0.8846617412462804,1.2191924583270906,0.6584663763422555,1.4850615203621271,0.14776570216460352,2
0.015609195730809648,0.24629453422920458,0.7288160507542458,0.024675034815458678,0.05443726552436762,0.2989052855951988,0.10763702218076167,0.897813276683053,0.448595634915663,0.3297706901324024,1
0.9346822194692468,0.5173057048757679,0.26319002696121574,0.8614083729306798,0.31999057390323193,0.7213750365232802,0.8614353351135692,0.47911729262389524,0.9501398351380465,0.26992320779615553,2
0.9237870244653034,0.6983984135534803,0.7592887840951702,0.0855748440953828,0.4482877367252671,0.6294443170630019,0.2991210932496283,0.2240075075388038,0.8492927538009519,1.0402727778130068,3
0.2678198913015608,1.0347836228647604,-0.1360265562384207,0.6002532489808505,0.7393429187580679,0.8803156484701625,0.9740907345397263,0.417404901008979,0.8627938312802955,0.44139609374225447,2
0.954470750824797,-0.019243306669270793,0.3177606579842968,0.2101284706160994,0.08908698318693141,0.04203538504669925,0.6322338501422226,0.730035370162034,-0.03486640656719613,0.44434520716187165,1
0.30274559623913244,0.3984929511233,0.9450178723094678,0.539041009322896,0.17394302213871618,0.7955920276309126,0.0050444415830783185,0.8259194936859222,0.7609608179677192,0.5655930223288008,1
0.9249421789199492,0.5056641850630793,0.25355893095497495,0.7297288162845434,0.8048455264622503,0.7320777070980937,0.7278726841686473,0.14370973704953907,0.7734619588543726,0.9651804457711775,3
0.0021351536544709226,0.03079162276840251,0.38005439054116263,0.20082611071504972,1.0152040324056761,0.17195103042068483,0.4644390797024977,0.7579632582408764,0.5555724108752568,-0.011518210611510982,2
0.4274426632415414,0.047866150697308416,0.09587578973325925,0.8695761249311184,0.5071198632486789,0.7269818563459225,0.8329151157419918,0.9455571001855163,0.3819382477649051,0.8900151679811578,1
0.8212670626667518,0.508865095433075,0.7352901376466819,0.2537707239135087,0.5975905025529127,0.4618359141622976,0.6627713175024192,0.46618927094770224,0.17203864752491216,0.11438878698976002,2
0.8888224919081792,0.30586091727994225,0.5153619427349178,0.4475361004805878,0.4074306634358962,0.2972489983281654,0.15162698694317184,0.4130568738097648,0.40045487304059774,0.5565592788383222,2
0.8489319370912249,0.5476511205115699,0.2182734682574582,0.6473101194590177,0.8303938199606503,0.8403572091156344,0.7097738383812887,0.008436474064335564,0.8723358393026709,0.9422653396774214,3
0.5743553185814223,0.8381909278122759,0.18402707682684127,0.12404692773282314,0.7722688310005955,0.05284978619360669,0.2224423636547838,0.3895743048534075,0.5991138788478333,0.020288270410084745,2
0.2993946936355098,0.428588473728337,1.0007885076015108,0.5853420305397244,0.42106022581851266,0.6811461261054922,0.11443698788621998,0.7000880602931617,0.9815653065262911,0.4379442080574858,1
0.08926792150444629,-0.1572495333234088,-0.9756463183716493,0.29729447638354056,0.495887240296125,0.7718850577162941,0.2293328371371107,0.7630686782543541,-0.7736966721786848,0.7872523044004558,2
0.28612121149691855,0.8180233756160924,-0.08715202707208355,0.3103057571529544,0.6263976041365242,0.7602236624466167,1.067658855821689,0.13056280307052304,0.8016500105368258,0.6964672298790053,2
0.8330519401444431,0.771215551509905,0.26676647526184094,0.814995997572365,0.9283280035083366,0.1335087513043375,0.4075325369182208,0.5645092963649474,0.9723107089542322,0.9248603184339069,1
0.04685553940147154,0.47828287211936193,0.47261734114542175,0.7934494031445422,0.3770957581544924,0.5462344448962742,0.5573556975728688,0.8649476576756426,0.39906429139376015,0.12684977749821816,0
1.3825497029319045,-0.23977442028524187,0.26531351389233504,0.49838886892875595,0.5532522925588214,0.9108568897048404,0.7050088609506415,-0.020696116069585657,0.5195791983168361,0.5254498245744256,2
0.10648519588464521,0.9819211922437246,0.2948629541816656,0.37598440511866676,0.4620387177130882,0.919707697459138,1.1148254208211859,0.36728387012877295,0.41951414280261,1.0803644079785475,1
1.0239217898158643,0.5637621836092561,0.7675583933408692,0.14574258933313355,-0.15926683455864676,1.1838507968658392,-0.0027129858876307478,0.301605856496818,0.26918535115951236,0.6364147698205083,3
0.8752514969504374,0.9788622487383216,-0.1259440400162033,0.8370462119647621,-0.598981301399991,1.55187261228577,1.5824050919755486,0.823719105396901,0.9058404507475791,0.3228286434291113,1
0.4289885428394584,0.023315364757110768,0.31143084719632597,0.7209801041967367,0.5011369541575562,0.18216460778453353,0.44722395464557335,0.27568102563733987,1.2405338361887648,0.8556068732540794,2
0.8483375396650038,0.22577325826401096,0.08387486401183572,1.2684671802938166,0.4568383544644944,0.4289817277810634,0.26267827261779997,0.7649532636420575,0.5062262276322269,-0.027551962902617133,2
0.033639588962423035,0.2344144596200452,0.6968862762126586,0.01451899933509947,0.04966676183489267,0.2763856906724731,0.12539755776353945,0.8644915820623581,0.4624908419891013,0.2912328423200065,1
0.07790961368317628,0.9088572728163458,0.7467552291747287,0.40464354972055966,0.5520504012106399,1.1329072323098446,0.9537712953499453,0.39937437167742046,0.6287627454907725,-0.034509450469189074,1
0.3838992316232719,0.46830704118116484,0.958552872139983,0.5448904709470004,0.34939474590339425,0.6601933805593058,0.13409591532302642,0.73281240736927,0.9240413232794276,0.3877669244211744,1
0.6284499289706134,0.703831569481,0.747440219679586,0.47177920193696543,0.6345616248460496,0.6281519756230766,0.8274717975372632,0.044135898748819936,0.19799508700785998,0.3669979874506627,3
0.6860430999002253,1.0214709941501297,0.936829165532604,0.47001026212692854,0.7955090683981672,0.7990903929437719,1.1431419554243403,0.10973507085153875,0.03814455569195435,0.14408365045805463,3
0.9140260462581905,0.5244067479916025,0.3118326905432812,0.7183860089415552,0.7566261945736822,0.7078347049998088,0.671894267031464,0.07495550856298432,0.7892590124796456,0.9017142653109117,3
0.4292184075626121,0.8407971510660966,0.6802912765728975,0.13207145745518845,0.3736169110541982,0.26164790705955165,0.46175921702253786,0.9415862851954186,0.26864958815148693,1.178909608936135,0
0.575614238214961,0.8616848873782437,0.15595318539377448,0.1217007274621091,0.7830418450719563,0.04782222208760198,0.26110148109814224,0.3768516132292519,0.5966662270766409,0.018389708817613676,2
0.9116263954892264,0.11258961352827804,0.6374142708504364,0.8566296837073252,0.5305595159857593,0.44012349909536586,0.5641432126618366,0.34980342566530703,0.13294086024800547,0.6088353912565707,2
0.6281119359934613,0.34173991697177064,0.1016617581016665,0.3043045614986311,0.698540036176481,0.05538939462238346,0.6745557006617844,0.8632194122148318,0.6228532701168226,0.7061692019516181,1
0.32622057322097553,0.8490419144699235,0.9708569327550097,0.5814674151406031,0.031218523725908498,0.24965532638484172,0.207550811587013,0.7795129003966187,0.10303900001385698,0.30114084166969796,2
1.0210574714048675,0.17825083640790762,0.3518206073632299,0.2082099784319179,0.038740871517101996,-0.011239789725219475,0.46308907306109803,0.6831105444937242,0.09770625768039547,0.47821248431102437,1
0.602971991706113,0.9573944296252143,0.06723441619191349,0.1361985281870461,0.7969373289681042,0.044083021046127255,0.17393041605260218,0.3098172146827213,0.5343022117921598,-0.09784730969797782,2
0.35905472938280747,1.0655062430787305,0.8970065357104576,0.7950839167861768,0.9543435992086583,0.838730559719072,1.0344806068408405,0.41856782323520625,0.5012265059219531,0.15282040554034612,2
0.7175374532515069,0.3262929332209534,1.0699940453206347,0.6563257527379868,0.36633176965756514,0.9827251723617997,0.5776776043401788,0.33220879326805863,0.4876129058469854,0.4547558882627503,1
0.2596095703985753,0.9351873878724284,0.06851025406642476,0.44286924035225755,0.665373623719593,0.7281773883486485,0.9348437295980081,0.20382468675223633,0.7539221990323101,0.7089042241251247,2
0.2535759518836959,0.8047907155823497,0.8590260066018611,0.1669224607019062,0.7940776645597734,0.2516740761807239,0.5266528326417796,0.9596111363069161,0.2772063117803804,1.0751738578402905,0
0.811926207356797,0.7055436962057431,0.22071293850401644,0.6408959185138404,0.06377322926144985,0.8304449446407002,0.13721779644345797,0.21176209810863827,0.09706381457631591,0.8257256746483662,3
0.8170913145904031,1.296036148125295,-0.07077704703187565,0.28203846234464175,1.3077099126013665,-0.24991306878577635,0.06672872525544454,-0.060567880943536156,0.5885698138589447,-0.09279179834991404,2
0.2770394502669792,0.7531581943940313,0.08313609455803346,0.5384289648824022,0.5492943272695878,0.884673319422726,1.067294660690751,0.283442451739941,0.721219410704694,0.8505321131662436,2
0.7256840370391493,0.23803205659212734,0.9791259368779632,0.8034983471107857,0.4491955533437729,0.8317623710848882,0.2882781873450342,0.27655354999051174,0.5295882940325521,0.1974615171787355,1
0.7343498748720341,0.7012393463118892,0.9398416223271074,0.4132586837099884,0.4467651080177442,0.6703642454005942,0.9323060187834402,0.09538923153835618,0.1996396613950932,0.4205886935495877,3
0.29080513345522097,0.8258378524364699,0.1035437491113042,0.48574405062640014,0.49357505972294957,0.6681667667433703,0.8801750867233378,0.36990173200627846,0.8698416887784752,0.7503003922086234,2
0.912098178612696,0.46528869448862664,0.6812574481500486,0.6608738695173366,0.385451848418749,0.35957725314941724,0.2220024737348154,0.31195840615413206,0.2585886351144302,0.6810991038854943,2
0.6019732313381583,0.2961500303778152,0.2408743960165183,0.32022576310422535,0.6704244723679217,0.010415580243135495,0.6420130956184379,0.7676498485277568,0.627181427251164,0.7106489027751967,1
0.8863330390636301,0.4990311712625377,0.37155294645524345,0.6073270967378132,0.7300362296042944,0.8204088575443416,0.6428982132774542,0.062469831207188284,0.7855686828087897,0.99019103850873,3
0.019712477963070088,0.11380785583631259,0.7537052969938902,0.3239902734176536,0.07538358182829194,0.28599481332727866,0.6506324306665788,0.410675690250285,0.33332604394821047,0.44141858616027796,1
0.5712260379720477,0.5758934471609077,-0.15235680074058885,-0.2945769551897681,0.304703309689006,0.4378311451455216,0.5671784027305599,0.35820485320082407,1.030492534195477,1.0124030472577696,3
0.708008552338903,0.452546164552021,0.827109561395267,0.6751891478026109,0.4526323976827811,0.6146261171906351,-0.014219601975842266,0.7002176971223347,0.8389603312680302,0.42224857184887377,3
0.24372696186195716,0.5603191898746602,0.8791990283912372,0.8200412328631451,0.8378992885395441,0.2631502216056153,1.05340839282727,0.9416707206513507,0.60187679360824,0.5977947365669661,0
0.1956804814788726,0.7414812923953189,0.7379668466378738,0.6729059802829108,0.12636490381886875,0.8143909299027525,0.02643529642459516,0.9292193743143105,0.7639577330838521,0.14780416330859866,0
0.8529879774547414,0.5950689242634478,0.69016831080529,0.14417992009035668,0.4794653239740605,0.6138450159130044,0.32724870142406315,0.14145016910323063,0.8281494747517918,0.9386934600505165,3
0.41227813558334103,0.4595815722073921,0.3130674626375018,0.09758086447595682,0.27744994551351787,-0.1459941066555448,0.5370904879652929,-0.02830613298012441,0.48672022100714946,1.107404161991251,2
0.38739624764794245,0.19960566729584428,0.9917861513113448,0.592738128694263,0.5038554882582418,0.861359469187396,0.49519451534693626,0.7403019427293072,0.33509811648537335,1.130321529399436,3
0.8942773107751271,0.15254502808966514,0.3448963843309933,0.4532438040846618,0.3791418806372653,0.42674350270180716,0.3464645728227343,0.6286487007509219,0.6541332901875923,0.4557573948221855,2
0.13661592535163106,0.7919344919002524,0.6623742803569689,0.2606614676830935,-0.01718552832714551,0.36058112973819423,-0.08297239123770817,0.9109568567516969,1.152992374279624,0.00780575408892642,2
0.7664079043165511,0.40944117939329205,0.8650457955739176,0.7178693778636585,0.5352562242190676,0.606016131145602,0.07963757614678303,0.6812463095559553,0.857276332122836,0.39263500062623924,3
0.7347636804939865,0.7097149304283172,0.5615962467575155,-0.2411634951260238,0.5480018026379483,1.298219137230576,0.658947175206015,0.5428664755751959,0.67594488074819,1.06259851897323,1
0.26968671575753034,0.9996546802572375,0.36682315079303823,0.1052977809255872,0.5193623429445683,1.2229554188164498,0.05489956828229292,0.1549089717150191,0.06964354609394724,-0.11103131606794703,3
-0.011250401164938528,0.2400866031552557,0.38332146138261913,0.4399516308216677,-0.1725796611285984,0.45669276382698665,1.0429068636196415,0.45986372086437044,0.64138278122501,0.4580958534858288,3
0.5874260169991081,0.07306578968768203,0.7919858843439884,0.2528976466960591,-0.45295166785487423,0.20807154960337648,0.9298939216784019,0.4701080373173686,0.12597498669453305,0.23173370116276715,1
1.716897545325976,0.07978682504071005,0.47894107196069746,0.48807042113006904,-0.37471213563583117,1.4959432784290378,0.616915188954591,0.42863123857180013,1.1385531950380263,0.02228568874409953,2
0.30777694770680475,0.41279596383227873,0.9947325026272027,0.6217923618200595,0.38107185800934246,0.7383186455066567,0.17279350275338093,0.6634364746731645,0.9428642661203829,0.42700785502108596,1
0.8121950710009314,0.19561379269709808,0.6173044632327076,0.3839844137379691,0.5684639956986147,0.8922079300636611,1.061083114263065,0.46895612736748293,0.3223277496764358,0.29176560284148145,2
0.8871342100449398,0.8437337841686311,0.3070009989302236,0.8811550907273116,0.5848857491740557,1.0299652767990033,0.7089406661408559,0.04462179169408821,1.0480144346980564,0.47693482625250827,1
0.5963940350686364,0.25844846252195475,0.029928639801767132,0.19893343014032103,0.847887429075566,-0.10205970090759037,0.6333291993971174,0.7957999813594595,0.4227284971629777,0.5738785587789172,1
0.07297058381932797,0.1592954692945374,0.32385987202694416,0.7142889661508462,0.47512953755436443,0.851491057432429,0.8463678598376767,0.35185353875037517,0.687724885241284,0.4972391770701608,1
0.07717368509211481,0.11728686938879615,0.7621218000335543,0.2974851108064935,0.016514087568867256,0.320011870926507,0.6187314284217215,0.37874908723597467,0.27929308813772885,0.4621142414995196,1
0.03717104368873037,0.22778263376719024,0.6931374024726698,0.012536194340732196,0.03472426558060903,0.2742827002141873,0.12323519396938226,0.8698314985174768,0.4707947912684695,0.3044547169640551,1
0.7978421424545971,0.7190848703723722,0.48604727601018727,0.8931857238172458,0.1514055300338756,0.9834165098169293,0.9041189081415258,0.5058164637797015,1.1833207048804495,0.26373911855720056,2
0.7054043660728782,0.3251146000344981,0.1659521157552915,0.18759834222313815,0.6585046008879274,-0.051142976695963016,0.6183602023358121,0.7126034279225696,0.5627505055144953,0.6827356782267807,1
0.28138892559106543,0.9151000806105495,0.08915862411404223,0.4576363297234738,0.6711239916332057,0.7794921945049662,0.9703238803981163,0.18518882589012628,0.7247929720903381,0.7526651876854851,2
0.03565576119465928,0.12428530206208918,0.7698059700672483,0.3153319288481661,0.062326222839979614,0.27251498318250256,0.6315532433440493,0.39832559009334356,0.3190538703978194,0.44870531783144413,1
0.04373788072756171,0.17413120394991166,0.35367296361768163,0.7049611351330576,0.4613824135992216,0.814451950159524,0.8418237214580416,0.38442930228188227,0.6691652319580482,0.4819390551990988,1
0.1261938945939275,0.1878993209870257,0.4234168184674042,0.7424602872056209,0.4217613384002691,0.8495877261000124,0.8560392733969077,0.3474803915805521,0.6197274782175102,0.5410497367898573,1
0.5885255304999853,0.4512088205946373,0.0474439286051678,0.163682044955627,0.8278375781432112,0.19956567431275476,0.5270512773447698,0.8107677527576186,0.41348411690483106,0.736245365105687,1
0.4183283849400354,0.0030667090796034913,0.014370634439963281,0.8202820027435502,0.35708075506160786,0.6827439928802868,0.23864836752866017,0.8886613433985158,0.6634395327156197,0.43056545729914575,2
0.8501960762475776,0.7752418177867364,-0.019445242292416842,0.8333543234826627,0.3903755584974859,0.9991700947280553,0.673947417220324,0.0642827672856018,0.6736885326589948,0.271182442977235,1
0.31298463907812657,0.2771321365443692,0.46938695753108456,0.5317963817796749,0.3377727065936826,0.06926583668239315,0.9768817505007901,0.9140738484224453,0.7827170504293769,1.019479270850003,1
0.5746442506337696,0.8383752524292196,0.12882011529161985,0.12301833593194081,0.7606208901599791,0.02666117623040492,0.27930921720891855,0.38695799750558063,0.585692388410918,-0.0272750288707488,2
0.10370919520689911,0.8781941965513359,0.38858395726466854,0.4484053344791423,0.5319368741264038,0.7239613116602358,0.9467964007553774,0.5375639898461361,0.448305644373685,0.9602835083590691,1
0.7229210253659927,0.3946924423420736,0.6974172131893825,0.3426804846463548,0.6950031299139919,0.5634834243699288,0.6372079205117809,0.3376679903738098,0.10328329336549283,0.2316000934950642,2
0.82913894569174,0.23953625513757593,0.5217972232941719,0.5370894563053623,0.35661703594985356,0.22393212103077967,0.0713016438637867,0.4115868634436825,0.3509451462425349,0.6325333717563307,2
-0.22303685522160716,0.29940146490228503,0.24140112125587596,-0.17023864665670527,0.8149321150662607,0.30466285464572446,0.6185549190921122,0.7548531196328393,0.4838938948650995,-0.2638405569836689,3
0.30083120248211054,0.4131232497033416,0.9993133427586881,0.6284762730990914,0.3822770124954969,0.7338218983822188,0.17295876283990988,0.6619528221777545,0.9394125778736242,0.41861648648876504,1
0.6136125713460785,0.899489761392642,0.0035830463708115333,0.05551562999828104,0.38930221273809684,0.33187955818681786,0.13651874721330665,0.4890436105905359,0.1379914524310583,0.9204540972325138,1
0.9688432539609662,0.5575461462495414,0.28411469811162643,0.8587672132987614,0.3004531535376018,0.751019491450174,0.8411966223561403,0.473510870017118,0.9315568253345072,0.2772228579960333,2
0.040669808533557616,0.15324505577735348,0.31564808391819243,0.6602064676217388,0.48026374346221967,0.589174277331095,0.6289582608065961,0.44363873477923216,0.8642645651308172,0.7924264729253098,0
1.2325854217969374,0.6225193435382028,0.8374158525076405,0.6554623312634418,0.7117877607119324,0.048006746708421255,0.648503346605082,0.010380746428831855,0.26014967816880397,0.2967525326559919,2
0.5388885648044484,0.2761959428421983,1.114010635978404,0.22186083986283883,-0.14154159512684406,0.868308776596448,0.48131340787356436,0.6908619758042145,0.3805694041779424,1.0022172068032433,1
-0.11094856435422618,0.37365070227310243,0.539002536016104,1.0351988740158906,0.7971238198881372,0.4769403413444072,0.34806822466697734,0.41449077507475096,0.6131121942491715,0.7642843932381193,0
0.6105494473828973,0.834677153782522,0.3227854752245639,0.18390780233328402,0.7081975787752683,0.44338370017593953,0.14284862341789667,0.41198386240732954,0.029207871903704885,0.329849754926619,2
0.750220285718835,0.2841731301411641,-0.1951273174000352,0.8604484986562868,0.29479589312089327,0.20368017110199665,0.6812545327097177,0.5159360069447625,0.7799294251657414,0.24537801261306172,2
0.39017823692843256,0.4020388502448977,0.38896016829711155,0.6385977667004075,0.11473715446829515,0.3284542404853206,0.5380054084457246,0.0850938507596854,0.8886077879909332,0.11109409875495785,2
0.032815909201827184,0.10875827925339063,0.7913379442903056,0.30039027112380534,0.04757560502323558,0.2790363124425084,0.6217896233475515,0.4256693213887527,0.3027205507389683,0.43929365631518347,1
-0.13658946238390457,0.12515815034526845,0.5396537443550246,1.0083624130315028,-0.14454900728047593,0.7988805505294546,0.5934811544700855,0.639363564599241,-0.18573678461145693,-0.23083467572308136,1
0.8097701208264398,0.2844429088660904,0.522998901294093,0.5416583157020493,0.40805186766369256,0.24323941123481324,0.11512573710829387,0.3803921426117135,0.376717576766396,0.5984774154964746,2
0.6183145173973614,0.11146028486389517,0.19108521316258475,0.7999782328487812,0.6747077348307313,0.5718499772075415,0.9526460920055368,1.057469162086349,0.23514463564583177,0.7939662688249163,1
0.017111470351378062,0.2402418493361588,0.709052853138491,0.022376936901228855,0.052890078608512164,0.28660588544177784,0.13936009240707012,0.8719911327597637,0.4584212262321003,0.2889517731641621,1
0.03106940026427457,0.23354513648399722,0.6979404354711043,0.013134528965850633,0.039838568652171454,0.28132808518943997,0.12669013510244898,0.8677411933532554,0.46079041694387507,0.29815683977824586,1
0.4681173517574943,0.9459275957666856,0.40139355682733124,0.5531185229503142,0.8400698959238029,0.1704696741148087,0.040467951166701724,0.365340274799008,0.5902903395285134,0.896829474897225,1
0.5268453561714558,0.31789121585810537,0.9366529654050951,0.8015274585234696,0.37509986142589313,0.7678873724112527,0.4412079448936784,0.33884641199519766,0.6116219218610824,0.19136810155463826,1
0.9410011079707467,0.5796360197294977,0.7646194485547358,0.07418440350446082,0.5421151023045166,0.6248938594688008,0.3757659655429967,0.19180086482280725,0.8152457096693536,0.9706903007498944,3
0.08798028650823358,0.23344384938864216,0.541039118995304,-0.29777258214870633,1.3970813202757713,0.9618622815958217,0.7970205523281648,0.4750543118440922,0.7855429845347449,0.4371690881562814,3
0.036648677745140225,0.8691387694931125,0.3538066657944324,0.4812251219817199,0.5380039373338992,0.6551289065286955,0.9604945049429705,0.5518472824991748,0.413337245501657,0.9377323119355128,1
0.5755062624271989,0.8066425399317216,0.8276783084026491,0.2748273263965254,0.6851638424469753,0.924230812286095,0.7641089296140038,0.06665605167243527,1.0860966909020113,-0.08586200423486406,2
0.3012639136174019,0.8648312804849676,0.09432242104961049,0.5262222458210446,0.6499448057993042,0.8081909795875123,0.985265938385707,0.286388022786455,0.7528760009303654,0.7527945731143407,2
0.8103272949730904,0.933701935681906,0.14397362544127082,0.8902720363120871,0.7690150486845875,0.9869047047173095,0.5669290109587328,0.5163170359577512,0.005135077234885106,0.3450045455498113,1
0.7208647781584495,0.9190614519303419,0.06702840979155228,0.026311112839715198,0.7303483023910985,-0.1231109749390431,0.4055422712106641,0.1793914556185994,0.7233206520612228,-0.05943479191978257,2
0.6398333737878031,0.4907592459130561,0.5267317721914068,0.3125054484376547,0.14840389256153103,0.835074583612927,0.2947896621915195,0.24527284139691252,0.2996677396514362,0.6804423553513134,1
0.6542042077592896,0.6353194061470089,0.5450732676098671,0.4224863252096685,0.08515050473987601,1.0474562696158138,0.055985334613027946,0.31013035821438706,0.21742105615037538,0.6021275676330854,3
0.8061326114694871,0.7287348213105456,1.0140258003736484,0.9971983252041867,-0.09596328745219257,-0.3950190820740831,0.7782746410282455,0.9288971637802009,0.7437564184386913,0.5508905389827538,2
0.800387769148599,0.7398959595307637,0.30149549264274605,0.2337828330142452,1.055511904409974,0.46425886407220207,-0.18434772053511805,0.28534014450661854,-0.22692969477823138,0.10440039108336019,2
-0.009823473419778461,0.24757549213703034,0.2739316137724026,0.5900679462721318,0.5513413249862975,0.8507128456725549,0.8542361381001488,0.4454286091104838,0.7306149753605327,0.6100922033888969,1
0.13042878525673643,-0.07605519302523513,-0.24598647177579264,0.37017069916118334,0.37934712427300127,0.288476638361965,0.5916387306326801,0.8129825617396703,0.19870232554668998,-0.19974833330618003,2
0.28362645782042495,0.42175792489022706,1.0004005795632254,0.617244808215151,0.37419987929378906,0.739859350609635,0.14372785150266787,0.6507776782745126,0.9103872352119861,0.41650920779979805,1
0.5217493400202837,0.3536865738519273,0.9046583434245868,0.7437725541878124,0.43112022278921935,0.8266755533217319,0.4853689275009564,0.3079386773463075,0.6789366430518006,0.32059113427860525,1
0.45110325535606977,0.6369201262388028,0.13652831083704767,0.6442089382711602,0.8307257914555818,-0.018263410874740454,-0.08792633763279527,0.29808558519725814,0.48686568795658514,0.8591950299155489,1
0.2058179198444089,0.8103965432052253,0.9305870854917719,0.5408448882047444,0.2794272801369707,0.36222389136610145,0.4274692865270141,0.769660281358796,0.3367546075854221,0.40223134544093103,0
0.5179103986291212,0.8267679155740734,0.3113461843655002,0.519759957931016,0.7930557653269567,0.16148169303047205,0.020284560568383146,0.21625304280550858,0.5365201916125457,0.9184406590899177,1
0.10477024066938542,0.27921429078491267,0.141684351853206,0.5402673502580102,0.5320837916246051,0.612720050305315,0.4409382854981398,0.4649582525519016,0.8903845180294487,0.8372389246768451,0
0.6029019919287607,0.8903618614890022,0.026230951832927382,0.05702145094175427,0.4121929022708651,0.3235204483815728,0.14973186329333016,0.4896451987415823,0.15094341785299567,0.9179891994482934,1
0.9433986361636475,0.5783942522639401,0.7691313298278873,0.07470813672940048,0.5561044918394897,0.6263618598824465,0.38332180055680193,0.1841001474770172,0.8311494933333291,0.9622684273668615,3
0.5595415622730893,0.0777009046494917,0.5180860317083589,-0.1754940157060032,0.8256779034915983,0.4590426751558856,0.7066506473054324,0.24667872736699598,0.06583091857682255,-0.15702520286505123,2
0.21481061876298968,0.41928020252894005,-0.06421848019040521,0.3290423083043279,-0.20403360139550208,0.5129738706981538,-0.41093409464461444,1.0458842820183352,0.3824529919180157,0.42759922748217505,2
0.598739865596852,0.7902221360993874,0.015380879779637757,0.03321297792846252,0.8626487357025319,0.006025854758583936,0.45864966940668095,0.41877077451637423,0.7901820076503779,0.008034393855825748,2
-0.387421166908563,-0.5656755736791187,-0.013230246436888957,0.5328118895191565,0.1815967699858818,0.7464277647410216,1.25133751628774,0.36885239818933013,-0.009888409443349455,-0.32275521189431555,2
0.2801313611424351,0.4060099554894714,-0.06774884692259563,0.7448596780370366,-0.07206022204707094,0.5451004535558117,0.6235690833644203,0.7015699078065758,0.7121578860802369,0.04724688991958946,0
0.8886194219001055,0.5581120353622183,0.320544085417949,0.7364379087573674,0.7781401536591722,0.7459563476245582,0.7013388254448669,0.08532082757933014,0.7584825765647615,0.9073188114050684,3
0.5364432154438332,0.6210916262750733,0.7274701970256247,0.48675405234333924,0.5434815084825942,0.6568823661891667,0.8430067986371397,0.12970368007355854,0.07078952825361742,0.40267436733313455,3
0.49334474539808126,0.017577940163249407,0.1477307282979277,0.8043765948896209,0.5459066366904414,0.7563994986881747,0.8241111280690767,0.9348478516738908,0.2539225782611052,0.8988772096426002,1
0.057022689859002565,0.7831615870623566,0.24990511824509964,0.5738946089125735,0.9727962133763868,0.6491477927688193,0.9347592332220669,0.6432383903110974,0.5690084034116323,0.008531290426986637,3
0.34530609162860887,0.31439669986329105,0.7594870145387661,0.6176173643112589,0.5338470865657864,0.7999383433051653,0.1401927880794456,0.5059416179136166,0.7503419131865788,0.5325537091811553,1
0.03839882483036443,0.16041978630990206,0.35829234909540586,0.6796616911636496,0.4678909580644461,0.877172590971737,0.8461270111418157,0.34971973677930435,0.6437729764088493,0.5207138541739017,1
0.9110540244146023,0.5685831964964776,0.35644390620010014,0.7157890432020808,0.7932642556204863,0.6966116412595725,0.7315235263297939,0.027595671161949387,0.8113638389718822,0.9041272408033654,3
0.28914272136382774,0.6514275468449079,0.9303309520015829,0.07666534342395298,0.6143785713830583,0.3861182213289267,0.41781529247925453,0.8255328119523375,0.2585660520830194,0.9577138070002553,0
0.4315265450704281,0.37029967967950556,0.33491392967475786,0.7457895839030265,0.020130931732879748,0.2593311682065593,0.44358711333766443,0.08630993798580522,0.9797274222565824,0.2644277105695488,2
0.010694647860598698,0.18448324742221886,0.2976949140645196,0.7761075432944073,0.43677601377112557,0.8133321508561607,0.8507184024146268,0.31024409923501906,0.7045923720645861,0.45622803848742016,1
1.1992949393064822,0.158425871411711,-0.19542067884210756,-0.31037194958848613,1.0719601248365362,0.13541674922449592,0.24477797586361122,0.9671836042692606,0.7452090761637267,0.4151219772962592,1
0.13189868863772103,0.6215748061893216,0.6399948477461381,0.6030269730113701,0.12438902487894582,0.7288545208986054,0.7533709456110775,0.6363699422087987,0.26493842073949014,-0.07139010752370661,0
-0.008756353200674416,0.7320783049135136,0.21240274043363203,-0.688306831541468,1.3009436579306084,-0.36163549448788956,0.12333033836037038,0.7918967627065387,0.5031035465466492,0.02331383263407749,2
0.8235439359846841,0.3510013786556803,0.28823590645107455,0.19933257282176536,0.6585904686047919,0.7397376304778667,-0.20914395490603727,0.45369386126614053,0.09365510759655449,0.027804615705351338,0
0.5025809431157131,0.9827110224903268,0.029271685594889185,0.25345910379829,0.8986712509134601,0.139324038201535,0.10402909768842647,0.35994253811906013,0.5366447172997143,0.04054585900319882,2
0.18570759173169427,-0.006393834501589424,0.03276951248996097,-0.007969734263723147,0.7717792639540575,0.22787281227530418,0.5131828293707414,0.5194665461951968,0.29179150853229163,0.19116106752855283,2
1.1763154174857862,0.3881374553810365,0.43234677343117367,0.8914689783027673,0.539685202933098,0.5144004030593604,0.658222194446176,0.6718884960406974,0.9080996340778525,0.3902183821980875,2
0.7357446155898162,0.5273629246373298,0.29993029749860983,0.6181432247747551,0.8976460241679635,0.6440415994010077,0.8376369444219477,0.06066416039584434,0.7013907768424171,0.823568760806916,3
0.9628377649168997,1.0302237557223017,0.24161404048490548,-0.34233749284728315,1.0019517324372316,0.4146163046637009,0.07796684270319335,0.4145605765024276,0.3999916504551588,-0.13397648973469417,2
0.852414581722588,0.47255620810296867,0.9430390029679131,0.7528040612461272,0.5313267716473445,0.6600318735999998,0.011765925517341687,0.7311904104223894,0.8505145747749492,0.45416565890582344,3
0.2277728703115705,0.44380982410563513,0.6984772979801787,0.7979887728441215,0.45882123013861664,-0.007898964201174918,0.42532632749032573,0.5123155319584614,0.3820853290131209,0.34773479085654924,2
0.048802042001143506,0.8163466402400463,0.26699778200275126,0.4896702700731033,0.9069047800006013,0.5763871623382922,0.9097431780979306,0.6373226135879745,0.6512639295799688,0.04629436546083228,3
0.5003927241911628,0.9494381787910964,-0.2193972332409705,1.020028916809667,0.31916527670062844,0.42204266061592943,0.44675050781478576,0.24833218450992034,1.1980621107488671,-0.2517611217329314,2
0.025151704400275504,0.22757109200294762,0.7054158809822765,0.007832256750924178,0.04410161583264605,0.26936565608831536,0.12742165274120967,0.861454053475123,0.45609463033932895,0.3023871195397159,1
-0.026042447202454355,0.48888732179494593,0.2267823219598656,-0.06288898021100403,0.3982074841531923,0.2708714316198683,-0.038416003175437,0.4526334779267115,0.9842380791454215,0.5723430555030391,2
1.0373908694489198,0.24618238606350779,0.04466862140781952,0.9010876603780722,0.5603650135345768,0.26601144786746106,-0.025596451233773437,0.8091924288855096,0.16792958303192337,0.27720394746475135,0
0.6045145022787066,0.061625045018410596,0.10841307679679274,0.5887318878805161,0.44442351054674833,0.977503193822479,0.7817582211048123,0.23892698916223815,0.3769141129289595,0.8960509984893955,0
0.794892988143534,0.1400991811133335,0.3605733656943921,0.5443697770738474,0.357490840616265,0.7412125017408467,0.8248122624799116,0.3000711684860608,0.6136071098412201,0.8537652753692067,2
0.3026184712755355,0.4074093213564016,0.9909279692429597,0.6346454912300893,0.3834172888491209,0.7413644013380418,0.18128658477073467,0.6758675423302403,0.9489489020905696,0.4224665683944239,1
0.9082787614457845,0.01395411615568981,0.25021742793887836,1.3813535062043945,0.3677891247446745,0.28906319272413705,0.5265471978979089,0.326980269276512,0.44776478257925306,0.2607456117760053,2
0.9180125939061147,0.5437562462853629,0.21980842158423075,0.6636767171682597,0.5127590163443732,0.9696338835809472,0.8023059426397571,0.25601201355404296,0.7160815852269523,0.17735368786186637,1
0.07993962191236197,0.8027067019272693,0.29044688009226216,0.5241548373247721,0.9104743595753242,0.6155595781848902,0.8645771536443803,0.6134617588783673,0.6729659170799986,0.12109637843785157,3
0.5513528287478799,0.7029812221007921,0.465928298850288,0.47527061853304764,0.1390977020493622,0.9648307192864617,0.22855255794958262,0.26664820996589683,0.19837471648541533,0.6928091421026352,3
0.9433295599113052,0.5764132721386606,0.7668430687573086,0.07359253291393872,0.5445417719926462,0.624598231837963,0.3765870779315468,0.19251500980104888,0.8148224826941722,0.9675016833619277,3
-0.02776400427597281,0.4489101689196331,1.027877712285315,0.1867907931312349,0.33063140243116884,0.37282987013164537,0.13234701062459636,0.9106541900073353,0.6898868675623366,1.1887928003136563,0
0.5796589184791846,1.0381581392891972,0.5957711308970723,0.4957728816168058,-0.07867133302843818,0.7637145558574265,0.039597466865607306,0.511385623615415,0.4093221844939726,0.9163551333688704,3
0.8515117946247616,0.8842294709677049,0.14538557315575923,0.7465630144394013,0.7849606680847003,0.9191470752125348,0.6424169649548753,0.4546028485535646,-0.017136718720425576,0.2802061716125067,1
0.827645187541911,0.46956307929916663,0.7668843540409301,0.12818571039057022,0.5258161870228844,0.5467059926826774,0.3379156402100374,0.09901491258560273,0.8580359070453718,0.8639882081703454,3
-0.00328556644738931,-0.22352978609906982,0.1262079597575374,0.10042052896576867,1.3310380982200911,-0.26308352746571295,-0.4230098140179106,-0.5713849688806124,-0.2203955751993933,0.8774293419842278,2
0.219540871100614,0.8071776172290753,0.2822083485733562,0.4953527722254724,0.6374717837802882,0.7963618939635109,0.9577723437869942,0.6757815373833564,0.3762796392146173,1.042453982898741,1
0.5357536069294371,0.8028994393546482,0.13492444275565407,0.13755843539448695,0.8542413801889064,-0.011128997098250396,0.21009250600263885,0.4434564535661464,0.6611211218514128,0.002628970791225758,2
0.03203503489271799,0.24056578028041967,0.7036958048805454,0.02018816304061736,0.046595889930813233,0.28031974420346406,0.12690209155853774,0.8653336980548046,0.4629844758743811,0.29693301414371576,1
0.1643158584688184,0.32758442570002566,0.19072148670532435,0.35468619196010354,1.2316527998465225,0.7069987370708148,0.26122860068630116,0.44778457515529746,0.4641387015157219,-0.10911422128321752,3
0.9245272732762124,0.6009517977143978,0.36206793312745983,0.8001958352004619,0.7833876422294133,0.7017335363356361,0.6918683659144338,0.084729575815848,0.7224842647545536,1.017540267805735,3
1.2999720969802189,0.18649708684570812,0.5585340692187881,0.7633597200303432,0.19884520952267365,-0.2041181121839961,0.5089825537572175,0.930200557066992,0.17409270953988826,0.048912791986167825,1
0.14261949647943542,0.7720280145073398,0.37652893268550675,0.5000359589283112,0.46457807551600006,0.6390960995678746,1.029110715503365,0.4899842824702178,0.5639224699480254,0.9725262990433146,1
-0.016908644396078698,0.543763921042151,0.47137880667715637,0.8977234419781779,0.3675698625802192,0.5533179598571687,0.4477180404357996,0.8678741673373797,0.4138949097569902,0.06340981568104274,0
0.6937979906456845,0.99255347613665,0.07612369342404818,0.11645183282482027,0.8109983539712272,-0.097978898541603,0.15197551715650523,0.5304799142857242,0.7361112108175406,0.14365972566691648,2
0.6030414382649079,0.9063558677793683,-0.0012125525827301146,0.0716967298525875,0.38233279234932394,0.3242454128437419,0.13819143637690476,0.4775393562801241,0.1444787687247644,0.9235791750760501,1
0.3931345510110562,0.7963580982487265,-0.04317313603259931,-0.09213542705467873,0.6838836573414713,0.31713975474181416,0.4932035617871323,0.4664265159828124,0.30788692964509545,-0.015853497144804305,2
0.8522340210374495,0.564583994867161,0.30261240549724333,0.7257455527723787,0.8002707228560749,0.7377716228092873,0.7060939229481967,0.1239492716725616,0.7651655727421587,0.944807643101557,3
1.20754891182835,0.3785729478967276,-0.011267329106992435,-0.20700358731258994,0.7427027568723115,-0.2838478346637733,1.0814722635829646,1.2830304834660144,0.6109516298303151,0.11834934434976874,1
0.5729914856000575,0.7757581220037341,0.23117449227352005,-0.08827338705499416,0.6059188863294391,0.1908014723691467,0.19691601846664183,0.2508178235243286,0.7182486180534209,0.058682183244956276,2
0.9331843695128788,0.23341860390314284,0.34971704036588197,0.21577664924828455,0.08214054722063756,0.0847550285338966,0.6002219628585307,0.7461618057690408,0.08741595869893064,0.6184131567699839,1
1.0819253594709095,0.12267724473011243,0.38687808407217456,-0.004695772735042791,0.3964867994367366,0.5384618355381814,0.3093258062473922,0.8582276163779289,-0.29019599233812393,0.6181831564862206,2
0.19876198435347042,0.7676442534583536,-0.10426277462447975,0.6092224783521624,0.630348963739177,0.9387716811035536,0.8975528952248507,0.15048432251021943,0.8659996538282034,0.9029653614092257,2
0.8392725686791433,0.3985489028276484,1.0709454323423717,-0.10063577417936581,0.4142706913547104,1.1934880730444544,1.2391994947634415,1.0608131974939872,0.3450085629869195,0.5248184122550347,1
0.12320761946706435,0.5589385865166521,0.4628383273306332,0.06407159500803748,0.9722337122035574,0.7335035229393502,0.49748616283430264,0.5477280541902345,0.3912396423136318,0.057342268395677604,3
1.0610365672444553,0.3567283074946688,0.33202364165917364,1.0247685172673446,0.30759607326543476,0.5312578373599767,0.8678194371699992,0.3070117630056857,1.0196126720222864,0.3861297378557913,2
0.5748367526987408,0.8608177454584184,0.04607762519811952,-0.10420768377054576,0.778063308123491,-0.22643634744641777,0.11371892498768435,0.30929870760343053,0.4248698846139018,0.14797418996715417,2
0.6492242545042912,0.3186079957491461,-0.05772856477589225,0.6618453850429854,0.5082878338049217,0.4946209471659321,0.9524326161922323,1.3095142502231196,0.307030709420193,0.8909137097353478,1
0.002434766649571124,0.10672099888941496,0.7401339346696767,0.3076026062380946,0.07638984519409062,0.26812486230155286,0.6005701072796021,0.42971976921473587,0.3181894885130069,0.4730378265575065,1
0.47066967089995293,0.1673383771241156,0.3548253885075224,0.30100717103805696,0.7890587569769584,0.19258645454888973,0.626162880105738,0.725544582060439,0.6817311958166558,0.5356401383485228,1
0.5162839491496595,0.8261659951259671,0.30421269170175075,0.5172458099016034,0.7876476734859229,0.16744095442538007,0.012980966823573482,0.21986531780896224,0.5320511628700433,0.912457147673066,1
1.0012946236791642,0.14381450980759836,0.3873259025644705,0.1452551646233331,0.008170250097108315,0.04330598024862292,0.5342992646419003,0.7526077813485076,0.015765835576888595,0.5318209318482611,1
0.2586630996341068,0.781936578870474,0.9140881710365769,0.09848448805287242,0.9399260460753459,0.3807844586234168,0.7929885589041011,0.7620969848920813,0.5360003270180711,0.8473952079904303,1
0.15327441282061743,0.04661389925022855,0.16262837775301828,0.002339456551904949,0.7803551333995212,0.3377715094487474,0.4746523670267381,0.3934748103868455,0.13560413674467986,0.11108390689062296,2
0.8676112527537023,0.19887879069381503,0.514716904001847,0.4808827194241961,0.3076338710279174,0.21125185975738056,0.09109587637203417,0.32773888839970944,0.42081194253694987,0.6431835182455894,2
0.2713477332236092,0.009571455343107743,0.21376224641944203,0.6708311128803097,0.4810163349700213,0.6664732923648135,0.7833481995099298,0.47023211800600906,0.6355736480642252,0.6779277790625083,1
0.3195608531117179,0.847189096422269,1.0059156510654172,0.6245813035090313,0.07731380332758311,0.21123379842394902,0.20789945634618673,0.7504169608401349,0.09102272468690506,0.2913915397056851,2
0.5791798679298238,0.30794268380763545,0.2507315400498816,0.9773249778452989,0.19048612175599916,0.37006442453493194,0.449189187638213,0.6420047301315864,0.6849215135685919,0.18525713033116287,2
-0.05162981573566559,0.18781620515590866,0.27316559973183274,0.9542271606316773,0.304730414981615,0.9946184420668377,0.7589290083193265,0.5861189968597829,0.3868221393838316,0.3116268824088878,1
0.030215686392940554,0.23579158603915495,0.6992962995368124,0.016836800873686043,0.04414557999632239,0.27892797018393956,0.13052048568470523,0.8686274848089517,0.46535172956864757,0.29557696657461185,1
-0.02610738649086397,0.27396874099090396,0.43808683554712735,0.753314804857543,0.402765507381174,0.8585500202170973,0.7883656811109161,0.43089696983041775,0.5973967149638066,0.49030285904548687,1
0.30104541296183907,0.4967573884186818,0.18421478012528786,0.0008698257622151949,0.03071963438086181,0.5751985239594293,0.6677629813065631,0.26315553588116514,1.1525061846526836,0.9969213555670053,3
0.036372408433965255,0.8029458084089762,0.30492521826345204,0.5133501550036627,0.920580405002833,0.5988290994177119,0.9127820829733816,0.6440768725085569,0.637708236964073,0.06656155295641313,3
0.7226625735882833,0.23234604238622575,0.2888858223818576,0.8613055884833676,0.35727006720309384,0.5003746880460651,0.5274197015109379,0.7309592049385982,0.7943538550115031,0.26191958323090836,2
0.2611412154310657,0.7252661351666472,0.06269183576568058,0.48226911246794485,0.38840305234286077,0.8238875325829382,1.1647370185354493,0.21089045044443863,0.4288225095766506,0.643165743137904,2
0.29715244116679396,-0.1454272615511746,-0.0411726417905581,0.14298425349155652,0.6950005276243941,0.24568495704650106,0.41600895028828055,0.3052720212777701,0.3143579975908239,0.08361660849656437,2
-0.357795533618684,0.4843484795680836,0.7713439987319896,0.20692000455370885,0.2688845414725283,0.09921177084666305,0.8686671020929209,0.5973042032067919,0.7408026624616262,-0.06660705718112134,0
0.00941460239185618,0.10220229112761861,0.25740894830115335,0.7336164576717249,0.4836435235355757,0.6772504256919827,0.6063012653114302,0.34373557087589135,0.9503481955975275,0.7655965742636045,0
1.5943888542618068,0.33577094530003143,0.8863223157032831,-0.6461342121917334,0.4627717459062395,0.19721082057646785,0.22503496320525607,-0.6215617363191731,1.2678963672502954,0.3560991596108175,2
0.09399927624854186,0.8547266420458955,0.42350207606425183,0.45792402634695106,0.5188532116600998,0.735442621898778,0.9378722971882121,0.5585851911047374,0.4514274169444923,0.9459785965691397,1
1.0419522999571171,1.2987375322080843,0.0763996530860096,1.005985189697811,0.01067932299268684,1.2190211956671848,0.8044665507536358,0.7479172170292553,0.29987138917143136,0.7615156213182518,3
0.4866865167883484,-0.045051722914405234,0.13720051552150422,0.9610627018139621,0.5410529000142147,0.6536447991057346,0.8585872376822518,0.9104531313878291,0.3709987750870901,0.9231264488885725,1
0.06898433549912357,0.16189941234632838,0.21004261060572743,0.6834820321832396,0.5755769717292591,0.6398012088857628,0.6887465095735088,0.4104609697231177,0.8982624327328071,0.9139547741926694,0
0.16650085171688822,0.9592417343581248,0.3729151025334667,0.24300860042282713,-0.17664558412305242,0.7398855719396658,-0.08815704693814536,0.7717289301737196,-0.4004345998550143,0.5639117103128211,3
0.15609436132464782,-0.029736153845708185,0.05796212886836797,0.04196861586212361,0.7024013081233524,0.24685348325011194,0.43678809578106725,0.5075474211314511,0.19937701402985458,0.1512618307603404,2
0.5245721102742797,0.8546854513160014,0.29519300411711624,0.5018053302635138,0.8310586116581942,0.13172431662329007,0.018534042189780612,0.2251812706718353,0.5011728221494972,0.9026023279538211,1
0.1859440347882667,0.8464432850812106,0.13097324413318628,0.5043526966376346,0.6509521625801051,0.7993937031353947,0.9393115604372673,0.2690337273859438,0.6695443794110036,0.7504746470913759,2
0.15099514791349694,0.25719085491053306,0.3585346925364853,0.14522672741474307,0.4361356956394957,0.40076372352568906,0.1240859719399631,0.3522989736756423,0.8494162076104934,0.694460448002965,2
0.10624565193970803,0.24480230249074658,0.32945122699387086,0.6667274628656602,0.43580976715219033,0.7967202255046891,0.840643924351652,0.36561920663718794,0.6514945620430712,0.506107606455648,1
0.5150421107068819,0.8552011592204464,0.14622734629665599,0.08084367534454433,0.7076637817932029,0.1263444285502195,0.28108059577182126,0.39054305641086506,0.6405936156774662,0.00324178756675698,2
0.33914327992699966,0.23690513660239626,0.2790487808792212,0.9436906729645638,0.611987011171123,0.771514554328124,1.0681055618986057,1.159242360541008,0.2778611871147197,0.6725997527367321,1
0.3300660330811989,0.5571180276277657,0.9694331931794006,0.7470859472372139,0.272357007368564,0.8034681691590742,0.2957959569442241,0.5252617469741482,0.757895787253229,0.48964346216245014,1
0.777916545590216,0.3195636048131032,0.5164160613434216,0.4758665262225785,0.359970401492351,0.16861333944551593,0.09607149762316021,0.42869525958311805,0.3362827484090361,0.662422888453973,2
0.38253552483367675,0.6908338742029604,0.4845416500588197,0.2651735303307283,0.3754815567314395,0.505852962901819,0.6908442355664602,-0.1692311710626243,0.17761998041121685,0.11670620158314943,3
0.5083427024253031,0.7210739355759873,0.8322537496140379,0.529746517010313,0.6296702811529709,0.13464209091314067,0.2563791335408989,0.5873118179276887,0.3484174735612049,0.17775244996040185,0
-0.039042212897148154,0.22043197305732948,0.42046568305188586,0.5611856899877578,0.29777186986508675,1.0003682069715087,0.6889822914901172,0.34480994807947957,0.573476493643966,0.4765674557900061,1
1.058213358817996,0.549514583630455,0.38143748600733435,0.948134879823267,0.4243224455728619,0.7098195727628062,0.8492707042829015,0.35679114414716107,1.0272078090397712,0.38746948126282055,2
0.670522073217865,0.6973691834564131,0.8195053462078199,0.4436475415057877,0.7485948815104936,0.6452837894886285,0.9125094538886579,0.08096787795594099,0.19154961910596005,0.2263519312215303,3
0.0053618490398796015,0.09009259598988195,0.74193840146679,0.2631133801713743,0.08913832763752269,0.19775543952243765,0.6356776357511998,0.4059079276607112,0.27183629498945283,0.5269902759042796,1
0.4086388922302582,0.3683995730721586,0.14225681359877648,0.5186179749031811,0.14335189229770612,0.4897791351026958,0.3844319877061832,-0.012910585537891872,0.9342682778871964,0.4209206203693287,2
0.2711183837271476,-0.21909638836184217,0.5679201746069618,-0.18832734799630457,0.4470249955747522,0.49131542999734246,0.3596087014533486,0.5299652317422399,0.621373027274361,0.03782492286269029,2
0.48050091330317907,0.048585340404608095,0.14471052146061605,0.8917928451180726,0.550802348691196,0.7301745134987961,0.8673859479738204,0.9802037313209029,0.33123603420456404,0.8980755983163102,1
0.3275375548179407,0.14928398394935763,0.32936125812016137,0.08218273733143922,0.6796786220294838,0.27310352383620645,0.2334177212682091,0.30618367018629644,1.1407932557479454,0.5592603210155831,2
0.1031605971796554,0.5370072888888028,0.5888362697817953,0.7164031061422658,0.34152006295773885,0.5080814215379817,0.47755386406110495,0.9250884044948067,0.3291855116869048,0.2620468185941081,0
0.04160775110268834,0.11492136641661005,0.768559000863164,0.3030736863966558,0.06233258968068592,0.27018048066712214,0.6323260446378727,0.41260656712099286,0.3119957180059427,0.4490011561040034,1
0.06517616537136472,0.8739607412616852,0.4166948787816952,0.48097793163069147,0.5443133854081965,0.7399179861879148,0.9619646118054307,0.5692456901486538,0.4756079335537105,0.9194708826345087,1
0.13147545498505853,0.3718435781056443,0.23179563287136473,0.11074409486328572,0.4736414747269776,0.3212466915380175,0.14479236600920256,0.3246774646694038,0.952180607083516,0.7306210094967317,2
0.6005163066620544,0.6707274775158097,0.8360961226471146,0.4085497565239885,0.521932669254055,0.6914186627329711,0.8844054490890869,0.16412001465754633,0.31197242322811863,0.3401498485472325,3
0.7328689825375009,0.12808957297052392,1.0233445577763618,1.0509544289603503,0.6511272251157242,1.097387854596094,0.8585508200352636,-0.040500585128550315,0.5536384320338577,0.14440284989107838,1
0.8615552191872508,0.3966401596150902,0.7445954544150692,0.21638489664508753,0.27428431441896384,0.9813884291850261,0.9022337564293567,0.4876341910746175,0.22038289920907986,0.5010197068421107,1
0.7688837431769904,0.3824611575405576,0.713164123450737,0.3756917716281122,0.7356309340837265,0.5652929636454205,0.657676306360029,0.355832495210757,0.12979539891655806,0.19816109840128393,2
0.8658197654278713,0.38546032841277245,0.03951289435391592,1.186541102511771,0.5686452821006155,0.5082331897865249,1.0833125855727739,0.7328242304511129,1.1152443958833727,0.12241142038197231,2
-0.05808971681395453,0.13990471763006618,0.2010916146484489,0.23001147066504624,0.4716990753928475,0.41198713424843214,-0.027691319314992385,0.11393939928430621,1.1370719047271134,0.6413141301084612,2
0.9223019394990736,0.5801592182066349,0.2583155424209346,0.7933395777933124,0.7479465012407793,0.7932349129015974,0.6508082223583326,0.050815705679696614,0.8034464176780769,0.8738427622683695,3
0.9202512481434442,0.6032518594465685,0.8481861774053444,0.14059228837001744,0.5277660730269254,0.7080088932001454,0.33203307748673494,0.15568408734583988,0.7373972507553714,1.011165403321914,3
0.6699049295839788,0.8232618171829338,0.5038801708446417,0.2046059773286503,0.89313329782243,0.3328180023863543,0.1367358822149533,0.5063361673664111,0.09477204931822134,0.2776163396058043,2
0.28809027092070294,0.8788243350933711,0.9345059213098004,0.5574633938297987,0.08484908659346119,0.2887624381973159,0.211458983577456,0.7544387727669774,0.04856717517383414,0.2420246402093634,2
1.1420165205936381,0.463662040226205,1.0913375979739892,0.5038350009483722,0.9005446297171844,0.9119191235467173,1.10411486346172,0.5648515994429649,-0.09018515652226056,-0.2852949063561706,2
0.19468538526945633,0.16925674852249678,0.5399255532566579,0.8044337521947749,0.26305044179788234,0.5249692383099444,0.24964734064761018,0.610686852736567,0.601990304375182,0.42595473147858764,0
0.39924529886735827,0.46819266369624507,0.9794169897641367,0.7019688925130639,0.3810610424797589,0.8231094526470579,0.40091836049180074,0.17844335945138834,0.8371264633974742,0.18121686714837704,1
0.6112806669247475,0.6487197615063367,0.39718544389825144,0.345670065996737,0.8247148564607277,0.34455128736519014,0.0857236148033933,0.5167554139941274,0.1855210819075556,0.24705962490696462,2
0.9120291513162373,0.5463889640908575,0.764929944692085,0.05276648812704789,0.541745303607448,0.6428294368532145,0.4033753842594555,0.16168999154503905,0.8073511271963778,0.9768633820095314,3
0.6438336595928356,0.8231570349528644,0.26162446749219426,0.2129682283461236,0.7445255731115752,0.5082510412447238,0.00208506328364981,0.454316086383557,0.025222711929975487,0.2399507007681467,2
0.049746936746328886,-0.0017776717785341067,0.2918727710316599,0.5947353187139958,0.46965437639586183,0.5865570352747207,0.552284187049824,0.4655905762815899,0.8843461831196888,0.7173342453344866,0
1.0274317141709575,-0.4810249720340738,0.1630438522201756,0.9681972798089685,0.853244518906175,0.5512530712984804,0.8405383780470375,0.734340163994304,0.05658156442994322,0.017336915663596297,1
0.039188189963481314,0.23694068211051753,0.7059989402297534,0.017615673711039587,0.046328263682260826,0.2887037742970165,0.12361348053571299,0.8649249677538883,0.4758444737399103,0.3054017310251165,1
0.0048970740831039625,0.09133620448614069,0.7674471556536878,0.3089925002309149,0.03254196796487424,0.2288122113059247,0.603676534920823,0.37677004471253434,0.3428524876774287,0.4548695467264925,1
0.6158729491581918,0.8540195238047338,0.14674332876055193,0.09579985384937534,0.7641964803813415,0.049335009632622814,0.24959779073078264,0.4275427519404992,0.5947117137523263,0.06231038714470696,2
0.876078006129015,0.7107461856414706,0.14535200480933816,0.7800306422244795,0.3677452482306715,0.9724559550782372,0.7275433361700304,0.1447790661379866,0.8311493307907784,0.3161042242343614,1
0.9177612978092962,0.599866697626401,0.368874328745075,0.7846237226030963,0.733621110832138,0.7995900688266799,0.6563097860356395,0.07772009758104022,0.788586931935462,0.9865769371854202,3
0.8267719618179994,0.6755044077735963,0.2977104480929552,0.8640124292117988,0.6604520720795064,0.6747407971256465,0.6389396335962667,0.20564121395290297,0.8538276337794777,0.8976012071510885,3
0.06386819589789694,0.7869848470740691,0.3403510376710781,0.39498106266625105,0.3789707207577311,0.6164467295279856,1.0497470015194552,0.6757250133439974,0.5354327108184306,1.074037570757358,1
0.7446158428724869,0.38907050954867567,0.15547517468058425,0.11958170660702269,0.5311460749474523,0.08513599756881848,0.440547244800429,0.7254321312229949,0.5817723532094303,0.760359935993753,1
0.5668957263091707,0.7309209842002012,0.2425453530790867,0.13027224658213524,0.7784438893279964,0.20801317801729052,0.19245363786518885,0.46732505041686456,0.5976803415145858,0.08875854525977181,2
0.9290749671707269,0.514092230111408,0.17386800076612197,0.8767966508553395,0.3610142346796297,0.7581871349865236,0.9466400955852017,0.40655458646189097,1.0106098103192511,0.20256309531766017,2
0.05508413954412626,0.20225164299588771,0.7705203773419256,0.7651884364104512,0.2357682807235652,0.6745272165090572,0.3277383295594205,0.644804096586881,0.15663997375557495,0.25644870134603037,0
0.043582002503203876,0.8643847397232781,0.3714564495587211,0.41155644140161923,0.5537883448358516,0.7070346835804954,0.8360819243591204,0.6552385229416826,0.5004501165211868,1.047653031677236,1
0.8077796982666994,0.2802296718248322,0.5402675324049286,0.200279370532072,0.08055212916849891,0.14131727998762494,0.3892904079380169,0.848450445894877,0.23423242768885164,0.6543166835779703,1
0.7565069272143096,0.21361071546697813,0.19477763364492434,0.36334139497894796,0.6185089766693419,0.024860816452654436,0.48636302700588907,0.6735556067209388,0.6270627574767218,0.6216546826435752,1
0.6037743276586669,0.8987613100075307,0.019161130121525066,0.1311019487935583,0.4198401087017935,0.39665123582232964,0.17364829380229954,0.5488693936961175,0.12542699109520825,0.8592147844694923,1
0.03729596818891852,0.5074907322185769,0.4456268901809157,0.10391458615660584,1.050442061243438,0.6218909400020415,0.5109660314326826,0.4924197378076645,0.42263466588844323,0.1574683596389354,3
0.7847290168336267,0.3386136692152839,0.3438450843291677,0.4755112588328022,0.35821814621769255,0.06408233202827712,0.13113778383016964,0.954985184999735,0.8294707363006344,0.15046929967110195,0
0.05849527189539451,0.04897509686527243,0.3367353380097867,0.6775947484369058,0.48302886384112276,0.5309875711408651,0.5307307485825163,0.3416935923597014,0.968300640287747,0.8888726071129402,0
0.9219922649882439,0.31579247415647194,0.5991617424783191,0.8265169051126633,0.7403337404763255,0.6536838508066154,0.5579017424873843,0.22970522786156267,0.3347074653808553,0.6579847730561778,2
0.6473769966061051,0.3039203481348452,0.3398450682994947,0.9785491765356923,0.2146827118072102,0.313958885467226,0.4740574464264683,0.6109105838993705,0.6891614725687459,0.18673823950752913,2
0.02820366840326783,0.25999653979080073,0.6755914938866306,0.017363888439570537,0.06199976596312762,0.27782303408963427,0.15277635580186993,0.8909932866722861,0.44212667515688175,0.29958959634472193,1
1.2012257185080553,-0.029480002518844167,0.3676964702267041,0.3290820183105033,0.19663596701412897,0.019283030879059797,0.6965009227372851,0.6165685578124117,0.033838489038439,0.4426940509520921,1
0.39809397926166573,0.8547295457509023,0.6660519546913908,0.9608350641824194,0.4516653832110449,0.05125492525292198,1.0626020704352208,0.9042548492157017,0.3059736002744783,0.7681816327502334,3
0.5710010560234497,0.2066842819249993,0.9303960707187582,0.37552468262428546,0.7093329488439736,0.6100432410701261,0.6959936556072956,0.46281367613789137,0.12414034386963149,0.2855011977790568,2
0.1596181700689605,0.5718417459678207,0.752243190558231,0.08673071724701319,0.6060073104373,0.45617148758743187,0.35576470480809963,0.8322316333764518,0.1660192343436261,1.0038737095880856,0
0.5164891153012339,0.825714728074596,0.3118686462019635,0.5225739981692072,0.7882674740832303,0.16451668030917668,0.023199182710088202,0.21973790722235206,0.5332724628333712,0.9212760827888288,1
0.6281001097070847,0.46522275835928273,0.939401570242062,0.3350075891875785,0.029394149904923103,0.9950068692570562,1.1132785564737464,0.8881887982800171,0.516541222047481,0.5443984331575231,1
0.5651436770919235,0.2982764068551018,0.2691224577408931,0.9667657593097192,0.201524135341488,0.3783859053921854,0.4595111417022927,0.6439218456404646,0.6759328791659976,0.19862360745227362,2
0.44546447616693463,0.32533221192004547,0.3132876069099038,0.7243276948364705,0.1723679121678364,0.306103243400447,0.395900178771012,0.05047872408770618,0.8301349585429141,0.2331821883593211,2
0.9513388921096816,0.6670935381277507,0.54707556162039,0.6938624469181515,0.1637560957279247,0.6632439455961787,0.7457999529406752,0.29398854588983414,0.8959102759300109,0.24594476492873432,2
1.0380835979983862,0.10369538505055564,0.5735850880019224,0.5119810523181766,0.5286819168693199,0.5713508340527913,0.571910502225758,0.5233420710264994,0.3982355996654367,0.5329219187841578,1
0.07798061798199402,0.07801838329997268,0.31698534639424053,0.6805913532159135,0.5184231442254252,0.627768606894505,0.6591087548068747,0.3260055559142828,1.0036759072345496,0.8481897022985481,0
0.08591158653449742,0.09760972257269643,0.39919392359309575,0.7734301554981411,0.431844639482523,0.9163740636324675,0.8138015179405136,0.4069478933266478,0.7559610719801748,0.5522829964884935,1
0.7278686512173129,0.3879606120447959,1.0671513160415096,0.2884697220118972,-0.0751143297451412,0.0369239070217528,-0.014447877753348673,0.04395906453862558,0.06601737509614808,0.418803534490075,2
0.48875028642694124,0.06992331125313206,0.14271177838070404,0.8067171227122524,0.5235622962842034,0.6934605338292538,0.9639505828573487,0.989332173819962,0.36512874921661664,0.8206368963371989,1
0.5024410353024484,0.6851318713384792,0.20994198417962442,0.4778479736230197,0.2238562168981532,1.1867319991534004,0.2409160982442037,0.04737176396437756,0.2118698129259248,0.5180253489966864,3
0.6637910974434936,0.4702229923470854,0.48039568678017036,0.3128238285028748,0.40848674704184207,0.37472930722010084,-0.020392769022547677,0.23379049242382025,0.4651692335429729,0.5922895773472285,2
0.5444865438278402,0.11083478510655823,0.14896963353185588,0.9214161802051261,0.49482051703179475,0.6950044059366246,0.8915746926275643,0.9147398885960054,0.28508935757837844,0.9171537298196943,1
0.5643420674820268,0.39523920972609594,0.891724239372643,0.5427325081009914,0.9089139578403774,0.2257433960316716,0.7765300224434498,0.6974652824023421,0.5865043790052229,0.5067346332078089,0
-0.10936036163877219,0.6789145127430684,0.5339779895858918,0.3123935913634289,0.569426741459786,0.7319160565377828,0.8910315984640763,0.38851643896319377,0.27080085285724464,0.8706759453609887,1
0.4069373104208202,-0.027238399168726002,0.12187958688398659,0.33685895581227976,0.3808418107498991,0.23876319697613818,-0.07719560032611511,0.7356156320262026,0.5351020749515623,0.6361383005912769,2
0.5678823686387596,0.8141416362198851,0.9850722724509673,0.21548751889328197,0.43069166378276347,0.8350141633836192,0.8462291662968523,0.1291966523339464,0.3658346443662195,0.21494502409844007,3
0.45144442983022093,0.46310662124170754,1.000419966021931,0.017621284636693144,0.5219625928885806,0.32274841516899266,0.5073990740024216,0.6549048816329872,0.3352721621336154,0.8926720847581462,0
0.7877419844697019,0.6476432925891094,0.09874965911581524,0.2945370073226019,0.9244503510243213,0.25492213903861904,0.21319051035689496,0.6147513946002334,0.23720464871312885,0.3438686800080762,2
0.9558315901739833,0.5679436941703103,0.7515399054484231,0.09381784941226866,0.5656379703599225,0.602151172675452,0.37409359675736,0.1715655825325029,0.7964807004454862,0.9562286717154769,3
0.36536320960015667,0.7855889971703767,0.3993745509174351,0.22621035872675987,1.6463836202453805,-0.050431885228731835,0.19339723670064782,0.11067500944144726,-0.13789169180599103,-0.5894310913503115,2
0.47767895258080617,0.7783101729243278,0.42894285849731006,0.7771418456708176,0.5535873906893645,0.5913773337185929,0.15710851773503343,0.7854404793633275,0.2897226106763574,0.41853584478305117,0
0.13865766912419913,0.11417595732143801,0.7739061651262531,0.2450887603980071,0.11735800727361509,0.25920378200867333,0.6487412296999993,0.3551028519118713,0.3638572528753141,0.38840448552136453,1
0.09980224000097901,0.8052003008381892,0.970739765598702,-0.03552953610185042,0.8223435496403975,0.23665564042849818,0.7061341725638464,0.8257681088407,0.6036845082939362,0.9504008355799737,0
0.38216581491032126,-0.021806916405731736,0.12929508902513587,1.0682929088247277,0.7476080222895579,0.9980920994458098,1.0932159474039738,0.8005825541627684,0.5545935310208263,0.7245796828492528,1
0.9400727683449208,0.6833868486577321,0.1102649286765956,0.7686722644269985,0.30814302128457527,1.0497691789045709,0.787953796692953,0.15877030894674804,0.8947194066032513,0.34173926669232113,1
0.7497633709705587,0.7402430374378972,0.41781180930914374,0.24903020276277904,0.8782797749083352,0.3084412141878873,0.040140113838316824,0.4924043150552464,-0.014938857682726112,0.2929922091132347,2
0.6018391049475016,0.20195982351481626,0.5372125313091497,0.6195516924515649,0.10071484003690379,-0.040701481909607776,0.06741276588875644,0.6276144267680472,0.5646010057895439,0.3446654438054268,1
0.030113431926554444,0.23634749517683362,0.6991967920403188,0.017132589271909898,0.04412620710553123,0.2803065823672281,0.1287935588862568,0.8680934854394807,0.4640304981194789,0.2941877437862951,1
-0.041029213666092315,0.6523282957271923,0.41460220468552567,0.581666006139612,0.8069907955930934,0.538740085808126,0.8898532627104637,0.7777611323988803,0.692786906968577,0.1346210294546878,3
0.43019773728871286,0.6664574194250944,1.1394552151534416,0.22456258457051548,1.0761071422895288,0.9728513040464133,0.107754949773334,0.015639100090348745,0.6589966279097018,-0.518853015829508,3
0.4300844792237568,0.11908662688183436,0.6190728609662223,0.9520951555679433,0.776099782787534,0.739043740049811,0.3299269556826959,0.17308751470890327,0.562757207475217,0.1041590400456256,1
0.6243267205481194,0.9351093474179,0.009330399605338666,0.061311796108438295,0.3804845077925554,0.3378238979898014,0.09414392595562018,0.45399522597990516,0.1812381940070062,0.9151504465262135,1
0.6009544906538817,0.9132989032289147,0.0004240354719670823,0.0527690335327687,0.40372508501659776,0.3133653262155242,0.14207044163237573,0.489643048176962,0.13375497373751155,0.9175550856522283,1
0.9367651770608425,0.5762763659814875,0.7651081126434643,0.07266172918932703,0.5437579843089028,0.6240437978839176,0.37592429531104493,0.18860711471434508,0.8183647650311571,0.9703978813214416,3
0.5663255305707695,-0.14856414370619803,-0.020684503204384974,0.35695069532214474,0.7453978611583336,0.42864064689712583,1.0728904742688268,0.673960293272081,0.9933579983419343,0.5609659878460105,0
0.07434719058821188,0.39681533238734407,0.2763949964461491,0.054349084282975815,0.4662653948545434,0.2722465627296625,0.06906721294459621,0.283481083295059,0.9913269892389532,0.7794304819563279,2
-0.006275926892090555,0.7673101417143494,0.25416210321143734,0.5127313766008831,0.8803230815039138,0.6361712147814356,0.9245951513199278,0.6305182870921027,0.678552968945053,0.042648202709638386,3
0.9550411697703549,0.3746365142576643,0.4780055901361151,0.6019095312091227,0.2900269524967667,0.4798274080728759,0.7654848796465523,0.467392683309805,0.8497127569856172,0.2376970181711668,2
0.24811744493213503,0.7600666042227563,0.5208571450322532,0.4430322942984561,0.6782760489202164,0.5375801723758846,0.7507694505375299,0.506969267033312,0.5380901795338926,0.7553784634081144,1
0.6911784067824126,0.8247615099445014,0.15492068866519243,0.6453109016861047,0.8297155765083624,0.09322351803328607,0.12544497565915363,0.9185408392340055,-0.02058170274871468,0.951137169785947,2
0.8578550583403204,-0.07880839676680707,-0.22023280240759657,1.1244147767202457,-0.304966091093107,0.29760919748217396,0.21013174360255765,1.150967125376965,0.14314897239558577,-0.041017261430869756,2
0.8024615380835595,0.8597458731382478,0.12488909365010738,0.370388163880646,0.9421348408492269,-0.17767908701038027,0.3964499739427589,0.3786405745260134,0.5610046184042672,0.01891586494604731,2
0.9078458982125099,0.8136610971729186,0.25347566822879153,0.13312408384277258,0.9015257221099182,0.21762877940793388,-0.04626437616561219,0.3130541647134448,0.12460521296326067,0.15920238349162888,2
0.9576038277782449,0.22318786393403195,0.09385716948488981,0.9238283811745787,0.6205270486022512,0.2829236498709967,0.06831659691944471,0.8751133580390408,0.15829241316618722,0.2575126834368285,0
0.23220041835803584,0.6682006233598176,0.8900778265230554,0.13865052233611236,0.6374628049873559,0.3925342057520744,0.5097902314819942,0.8107340477091807,0.3480548054156641,0.9570698117484387,0
0.5133134653188434,0.4644059343995756,1.031049997508224,0.6693829596476133,1.2942849569378483,0.23328869957424017,0.4335531555305854,1.0119233795217482,0.6107339691252138,0.830915981104632,0
0.09689829871867689,0.28477994120130856,0.4751515128545356,0.6879646008771773,0.5029131740167334,1.0022024611728853,0.6973229448730012,0.23352074638352907,0.5875964049339272,0.460892113205208,1
0.8769066479377219,1.069064045264589,-0.01897659334136409,-0.07241386170025671,0.7503150900005351,0.205767454415358,0.09446669296514357,0.720087296743762,-0.14147367879261422,0.44263723753521544,2
0.03354341700215413,0.45855821954183895,0.0255364504646092,-0.49388083852761233,-0.10435629610079211,-0.33361518470057205,0.6669818213509975,1.3541789238925124,-0.08890802385405983,0.7951568785922528,1
0.7090967706274033,0.33769272730308936,0.923177947274767,0.41961894649735454,0.33629071092334406,0.9567149911878381,0.7858249347710966,0.39001715044859153,0.6078719416244132,0.5653811148962391,1
-0.12765351172460604,0.978559834402672,0.6291670279785049,-0.46635913341616453,1.6555811574796149,0.18768281534244868,0.07951945277360317,1.05341198017141,-0.21522340307957422,0.5824151022163299,3
-0.011604975155324812,0.45687328339797895,0.5368761438662116,0.7092685075916031,0.3781750839230338,0.5284147121695832,0.5229933573514512,0.7799510456464124,0.28765449028601353,0.12515894336757138,0
0.549138000094816,0.1230500435813176,0.052660326990179696,1.0045742448032924,0.6210961781010298,0.6182422935973741,0.87529910842803,1.042417041474879,0.2598905248292667,0.9530200920504784,1
0.5600351599145497,0.30682015445810146,0.2743718665792013,0.97876516389252,0.1889537147639448,0.3861323759251856,0.45000924255969743,0.6282582001201658,0.6816043359868517,0.18637791232216042,2
0.8953791255443224,0.5512650832328525,0.7400578239744394,0.1382548499353936,0.5239690785046104,0.6467454267832334,0.4257121405133502,0.12391082875910209,0.8079705132956627,0.9381050954566275,3
0.6235639097840115,0.13685703327498397,0.1343819653575455,0.7325060340673624,0.5544124298913491,0.7197504281021799,1.2210270220573125,0.8276407940848547,0.20607618770734848,0.5061200814012122,1
0.6643429924886068,0.24928930663573626,0.3208026352634913,0.8103712730714729,0.5660036943710057,0.5232747170726888,0.891751525626003,1.0141155710889014,0.5241079080928587,1.0751821401277377,1
-0.363608090603716,0.7481625483649749,0.658052372692109,-0.4465841080607586,0.47290463909521485,0.7775649914523455,1.5441037311512877,0.8387246602171599,1.1404932158204408,0.5500064540110161,3
0.8801756005276162,0.32739903234456835,-0.07393638638059674,1.0439437637806108,0.034403677976587776,0.6155005180168799,0.22157483047495535,0.5873190381119,0.7113641340072608,-0.14685032066731124,2
0.588642882409478,0.9702374990364961,0.3073297712611504,0.09244941420592742,0.626198216232906,0.10879086375365679,0.2466737230592994,0.5156037431980225,0.473578696965733,0.02601973363532614,2
0.700662967171932,0.4064084595316611,0.8419963937080729,-0.12777999065107498,0.2445728120332794,0.18987298647567097,0.7905056547716177,1.3117500291009268,0.7962589056891345,0.35500708489706,1
0.3161104971999228,0.8713721729002336,0.9761541776787104,0.5745568914225926,0.07189253209147263,0.20801446472595353,0.25633341429651674,0.800744438132064,0.09586843737645831,0.29636864661542767,2
0.04667333963083873,0.11157874480640025,0.7667271203398581,0.3072724675867321,0.055948554213710526,0.26747880373664595,0.6422685226691249,0.40747831510095517,0.29967329805105536,0.455575693353753,1
0.8310849848979444,0.31151448195162956,0.7055969522855031,0.7789819359381162,0.2135684559561209,0.3920398003219656,-0.031397284423576394,0.6160692509983143,0.290215454313657,0.6060131572642531,2
0.5898459732993784,0.7807531921502272,0.4229496571721429,0.4945274663608682,0.10658684350700603,1.0336551345658263,0.16655904888882092,0.30847746602935655,0.1528392519714322,0.685403169663892,3
0.7041169259642572,0.4088499207608456,0.708834345066537,0.3299694278904097,0.6916352388981792,0.5638624937199754,0.6434179512928123,0.3626225147584206,0.1209741349921334,0.23111096702003125,2
0.7503595167016226,0.6782341196003386,1.0797247382116288,0.5726257402229451,0.420700920099824,0.2794488037361578,0.041666152901073845,0.13912834963334864,0.04271914986914788,0.4220517474993313,2
0.04706866428690238,0.16661804048787382,0.32274211947982434,0.729330338362165,0.4687470704714004,0.8273767921000302,0.8537384284201861,0.3523415720543872,0.6714523004164561,0.47058688370393953,1
0.8737311114613713,0.531515892735552,0.2729515506457258,0.709645218266266,0.7820702937788857,0.739858199040733,0.6880578330948471,0.09125501802917177,0.8038549295906868,0.8850184837603453,3
1.0264299498996483,0.7068478068209518,0.1816309243749522,0.7420631297085026,0.2885055780954866,1.1247160423066456,0.8065823171572144,0.042996866306398415,0.9085348915756868,0.4473274464726601,1
0.5643178515724552,0.5623514420821198,0.5045994120622839,0.7434795860726693,0.15289233703646443,0.1817957597552844,0.3064646227542378,0.21120115717094798,0.7054780463385015,-0.04523582442071289,2
0.174583277186905,1.0373387701200112,0.3385882719518234,0.35390546022794384,0.6583489894262707,0.6623916347607691,0.9936251340004333,0.5563602615622916,0.4612278321044424,1.0161072370324933,1
0.7640583225094124,0.4361324949975928,0.7344136845604408,0.3864712759784057,0.7496134504711306,0.5487620033036679,0.6288593753911689,0.3763480559360864,0.10122888119532397,0.21777307116673952,2
0.006044094568904097,0.4341249675691837,0.5500860429334823,0.7316988420015275,0.5167663908562842,0.4811233181196778,0.460260132622423,0.7821542782225658,0.3786580817927012,0.10320508518428081,0
-0.16589244112597112,0.41158667441533997,-0.40838316082627013,0.4784447915187186,-0.4172853870621078,0.2805405728810528,0.7563328508260018,0.7854492385851091,0.6500058436387868,1.065155362689192,3
0.5468648562245183,0.07240305511492953,0.08997050022942654,0.37659004441267374,0.496451778386658,-0.07326449147312081,0.3654357878426309,0.8781216271444797,0.3650611950810939,0.6878285663777542,1
0.2728620384554765,0.17031488472286743,0.6138750365202941,0.8712602217030943,0.5712352127606339,0.7452547890182878,0.31341166058009284,0.4451848379057013,0.1888771995127141,0.681180611017572,2
0.8909246063807693,0.567812871859054,0.2814367195071788,0.7077385343348582,0.7488640850502214,0.7343812992759737,0.7140567648516244,0.0744869195202044,0.8031722019079109,0.9058824497205632,3
0.2591909427435618,0.05805168412845379,0.024282332415268157,-0.007939017825114664,0.7516301253604244,0.3171632933982447,0.38954189946380635,0.4958946885110368,0.2312617772727349,0.13845886594535523,2
0.3341634468435633,0.4143373046104519,0.35537429298255446,0.7105616934581661,0.17106832786491402,0.39001244307442134,0.5120366147331248,0.06812948168561958,0.9532283011339937,0.17187869181850898,2
-0.48698402347487735,0.05047989329758243,-1.1271535960991914,-0.9976093253490025,1.2446018522923648,0.28743444445092486,0.45768365067300437,0.26822620737162084,-0.18509089743057067,0.4097043643643288,2
0.4331371243130635,0.6926718208397634,0.15690687431987826,0.45173741055526473,-0.19443035043554135,1.2299445578458315,0.8362554884831693,1.092004361664015,1.324048951647453,0.687880300553557,2
0.758996176925359,1.6753025624250495,-0.29215423412932295,-0.2061314202593354,-0.4473866049053674,1.4461573337192974,-0.16744858173058935,-0.15716014563423614,0.00751653906072558,1.503429673384869,3
0.20850580061041682,0.5192545615375824,0.40435294779271097,0.8283258196017258,0.3079865721089854,0.2929921237129844,0.5360026012770593,0.15958201550781537,0.8763133753716221,0.30164615644060255,2
0.045261054624803676,0.24322810878923035,0.7004216864714049,0.023886638210212655,0.02929807377076856,0.26819648495388143,0.12079032172487074,0.8744408562952052,0.44944736884663716,0.30288733842900556,1
1.1173631578837382,0.28345209689885303,0.6019089052161649,0.9900798841896112,0.9977682754253518,-0.031385504741169745,0.9825633360661674,0.9656355931788866,-0.2551128750144576,0.27805555523927605,2
0.5000492355176593,-0.1128227086687896,0.599281856168332,0.546672244683345,0.31960821178010074,0.043370765943795464,0.5693047662511617,0.24441692332227782,0.366132845311701,0.2582148009691996,2
-0.23230102742179448,-0.08446868439841448,0.7732637651434584,0.8283261677933917,0.8882100156425723,0.7220564593987414,0.9137897764612175,0.03132091699518125,0.8956033830555272,-0.4814570887704902,0
0.6772195719820462,-0.013456917777844496,0.43853527823734384,0.3541798951578788,0.5844490915916621,0.12541667705415113,1.0167641527112623,0.40976884504604394,0.22833936290850787,0.22691289677436222,1
0.8741278486876874,0.554021662252281,0.31134334514562667,0.7350800333838866,0.7839831021125726,0.7455503640419405,0.6809442216935011,0.10897361338284478,0.7739320895624028,0.9236323374870223,3
0.6331613806614206,0.19966570638099213,0.36525695203086317,0.3069907779358423,0.6467218524859915,0.08989424851140974,0.4955851221544325,0.673560643659279,0.5722521043751823,0.7548233444512522,1
0.8606521278443593,0.5185043111407768,0.6604005830903268,0.05527264027075218,0.6519841106811919,0.7709538845558456,0.7408595451051158,0.2488237266937426,0.0299103316759171,0.35646975267289277,2
0.9205527306263518,0.5799586032457145,0.7937313724114977,0.058374617340528914,0.56450923097793,0.6196425987362056,0.4029867706853156,0.19358656321058415,0.793295791191461,0.9456998046317088,3
0.6474512440055485,0.44187653234102,0.6735001822426759,0.4024351528258337,0.6864031249871984,0.560713689630867,0.5941500076048859,0.30720581511899553,0.04022868514470372,0.26074120056383604,2
0.023486946766360706,0.2292958397293435,0.7022400764321568,0.014670256637028017,0.03723047210072732,0.27843454581225763,0.12596711609956784,0.8764586103758565,0.4687819799669718,0.29632393416138697,1
0.6863982303390351,0.1763455093347531,0.45173303436687784,1.3597755181228015,-0.039187472481431174,-0.038575213801623875,0.1638583655035929,0.6488049590857392,1.0679302852879804,0.4569778050030337,2
0.5868815054788591,0.855290098250557,0.36176771531309354,0.5109810255660336,0.6987155601355743,0.17669980155955023,0.0634316984524598,0.13704769349649165,0.6429265332051535,1.0038027295561747,1
-0.07030190708659034,0.27170452090735575,0.9510891675677569,0.27042108968481476,0.6443126147566745,0.6542954060220221,0.259585563837765,0.9025491879615755,1.0549339529324964,-0.17649254561606104,0
0.9526515995401684,0.5911405624131449,0.7177865204504756,0.08313230836083009,0.5270489653413656,0.5695219289008759,0.4040239064930705,0.12757493322217084,0.8161312816764269,0.9735876979498651,3
0.0030499058895565867,0.11445960476529762,0.2855332997015797,0.7118698877918762,0.5114443641992863,0.8851186820905869,0.796055422446851,0.3458118805998619,0.68270955765526,0.4530899720323173,1
0.08772117170782878,1.0078229281527062,0.5763133214007088,0.48875800704823985,1.2248401945007816,0.4509051275832048,0.11941306888980081,0.5892204433338547,0.7417154683941456,0.977217404627645,2
0.17965090333864508,0.41373865759093864,0.2854073694245819,0.034934519227345334,0.5007535532386754,0.38196151944024714,0.19145760607180587,0.2346753057845842,0.9900514004906311,0.7799054229990078,2
0.030403640002997844,0.23514394080632714,0.700672151310715,0.015816938654640494,0.044701528158649785,0.2814387029282078,0.13077218013319258,0.8680362633125402,0.46383612813848535,0.2941031353660012,1
-0.14759362230018427,0.33962980101114465,0.32349773504167795,0.5488232582674155,0.6167878658708316,0.9952259458260578,0.8498836425573875,0.41946467004841376,0.7994793212754735,0.5483114003724348,1
0.4341765338666104,0.4122691398979288,0.8178937555643919,0.6259168348127334,0.8781605083054155,0.3458414487696668,0.8981523972543753,0.8127616029666589,0.5646658531645506,0.4845894486505437,0
0.5185061387014704,0.2939268698973595,0.34472569108132156,1.067727620393504,-0.0771249004811484,0.17800809936675796,0.5606863754696874,0.6511053597349427,0.8270884671956952,0.1239007948184682,2
0.3737339689407422,-0.00962921269661804,0.3698047166800328,1.2045512994908047,0.010112421070531508,0.5119905943344548,0.4597801530062401,0.7801874388392269,0.3936117312319828,0.44089127588697685,2
0.04520541839786148,0.11733693468387711,0.7724478122681192,0.3083489620854787,0.06271412474980721,0.27150848620204293,0.6376078570692042,0.407465909755402,0.30913447385696036,0.45158400149968847,1
0.8249735665842443,0.738953361332407,0.16267731208040934,0.895454964657896,0.40974216745282244,0.9342596635259439,0.6306147485141154,0.24577610718449158,0.8045677390498931,0.3972399185363543,1
0.9546589637047371,0.5945743003150242,0.7464168076301471,0.08845553346972101,0.5596569987431136,0.6399805941204274,0.35975144809767257,0.17872429800631337,0.8226928465692058,0.9533476264712484,3
0.17388032334855835,0.798299975088651,0.46512259355102037,-0.2861349978526238,0.7439491657599225,0.10409632961086895,0.3755730419439447,0.37519134325221654,0.5429620862784683,0.20231873516185528,2
0.558735537141496,0.8115813521561718,0.3094716624265559,0.4911392225837276,0.8104247472826462,0.13247739271108414,0.005618686465667221,0.16027689297052278,0.5683694012642919,0.9506112261180525,1
0.8642598065740379,1.106789644037419,-0.2736217818308173,1.0465376349503481,-0.28916288876080426,-0.0740423725046166,1.1705433257058524,-0.3906860357722572,0.6205599365588708,0.03997360005300818,2
1.0086371476363962,0.5466133168019428,0.8260717413223796,0.1361068480940184,0.47774746439960614,0.5201307068775678,0.4676783416519487,0.23549949892917676,0.9310317186721762,0.8666991058152393,3
0.6694838667458984,0.9740146501578802,0.2853690877401535,0.1999956206798505,0.7087281237338798,0.14574258452016214,0.16718520496902,0.31078221987503973,0.5313133022703282,0.13584901403204244,2
0.5870681935422155,0.891573026276459,-0.07368975426803917,-0.010017994414250692,0.47918409221568353,0.27662995348921354,0.038488918149347046,0.3680321498312449,0.07407621033321779,0.8278215077226556,1
0.9324920048686688,0.5516083882953853,0.7505807187819075,0.11274730046287026,0.5045955620936592,0.6506744670305425,0.4065235800619003,0.1504158320881932,0.8357528857963701,0.9900700691929948,3
0.7477592635819333,0.8972628210003907,0.06110790630984217,0.8764537783958795,0.7251947481661863,0.9670032097590504,0.6116683302345222,0.5399508821514458,0.06269172921964053,0.2638475469266521,1
1.0130014155926916,0.8882647673839366,0.30464228898680534,0.16102685117041665,0.6113855039475522,0.9739473196236543,0.6644449700985201,0.13090762342923803,0.1557817261250382,0.8862748074961326,3
0.6538260453564058,0.48323878087027583,0.4336654470147288,1.0793209992337016,0.0033023981513906064,-0.028949595284667562,0.10094901100698249,0.6020025564731013,0.25338793207042254,0.6743978945210787,2
0.38844032534594686,0.30655548192569554,-0.08778647021114022,1.3805045541713734,0.6932666137895691,0.6572675644175869,1.3157752394462205,0.16103595129079679,0.4266321650190237,0.20740681260551844,2
0.06196223661859264,0.5179384736908527,0.6194829922598935,-0.11639820048356872,0.8614247551219932,0.5810120091675737,0.500557765863202,0.6824589383004027,0.580816165055502,0.25246323969795803,3
0.38438693399241897,0.3305415755262005,0.10348517812051933,0.09311367367339664,0.878555873907277,0.505874804167834,0.7045301951648738,0.5007765243200153,0.3199486253344823,-0.02073010764263372,2
0.610934465747657,0.8393750745937112,0.10288558030379318,0.10100077527446145,0.3568197132157045,0.22215878655829216,0.18413774216805867,0.5149059693558526,0.17917652635802234,0.9722045994287273,1
0.8792274985310216,0.6918269724238629,0.13536030771613097,0.789141792919927,0.3742823085903003,0.9618118639382304,0.7148977525234864,0.16428706297928042,0.8232671569914632,0.3123125709479331,1
0.8181762534134684,0.3586125615650237,0.6110231175647566,0.3355947703477396,0.5971495725371786,0.6265708632505698,0.6055211201721926,0.4723712079479658,0.10715038218268431,0.2207313334438135,2
0.5153451241517871,0.8253849672257048,0.3130690532509118,0.5176435287171194,0.7866647083048086,0.15861475165390618,0.027062307722173395,0.21784031222414804,0.544078797290316,0.921334514319795,1
0.6317531056072085,0.21746493217532986,0.4802391585783458,0.3993612291075779,0.30983412288297063,0.29851238874025043,0.6823132135416315,0.4016757253359796,-0.014982545008022624,0.6841742116876917,2
0.42869227857449776,0.6454513880746273,0.7374709560707117,0.5321475272464239,0.23184291377595437,0.5673893013553795,0.1615223912293389,0.7423798146341389,0.54991309999649,0.14167336707505523,0
0.9488833352298308,0.5843499261245695,0.7692982049450574,0.07857715134785988,0.533022614072253,0.635310654785113,0.3704825674189211,0.20001633715089756,0.8146695902487393,0.9677218239087166,3
0.4933357097279451,-0.1482271753396079,0.35855286888568194,0.1686251546459855,0.647000709227471,-0.04621109148786534,0.8289548508838701,0.43061494990244703,0.5836912194628273,0.5075987644688618,2
0.6375812907316973,-0.09243901285646183,0.13786678677221909,0.6539401724434657,-0.35618363692236865,0.43177771457446584,0.24918663093195104,0.46629049242839893,1.1515190375804039,0.4304728785944201,2
0.9416621055496464,0.5871853532107174,0.7520176094053984,0.0798412225225923,0.5431277577770113,0.6385929617269589,0.3780139518799702,0.20114678485151746,0.8089646282338053,0.9771749935518971,3
0.8889621706512999,0.3010938610650963,0.16352925955279854,0.2264867127534098,-0.2565039724839805,0.23321003818182767,0.34560455704028387,0.6607112779376084,-0.06341616895437209,0.33103845643233676,1
0.9321512968753606,0.5590808018302265,0.7202581494599928,0.07462590792550292,0.5631221416632115,0.5777146039289499,0.39114827782997724,0.20300478413724216,0.785728083079255,0.9848635690342089,3
0.4007436774800492,0.44600837639110447,0.7784467893598827,0.7208249750904472,0.3610603520418874,0.9245916973985688,0.4816088124374794,0.3393840341189883,0.5815616999680082,0.20412692664571164,1
1.1586644773263701,-0.05822107760783962,0.17950333440059293,0.1140617262058231,0.14427197265974262,0.09653540230678505,0.5560694648841505,0.9105404470204352,-0.030081428221680813,0.45831129950940974,1
0.7439702765849591,0.842457418191502,0.24432936215692855,0.265665700747535,0.6860104485775356,0.3234557346682167,0.04406180521636005,0.3473857811645593,-0.04310717468877456,0.18629899948720288,2
0.8867493963073465,0.7249337150027416,0.13245220841514793,0.7934314421801529,0.4055899206827855,1.0052117058670942,0.7223039909697627,0.12331144228234439,0.8218353581652709,0.2832928410806235,1
0.648849374794462,0.7033897335841778,0.7690036701994863,0.4332338080888045,0.6473307777392481,0.6497843660291887,0.8652358015801214,0.08119066345687592,0.20177745750118,0.33363041888486455,3
0.31988856610208943,0.5081946229370947,1.0711379489725372,0.6119720745037904,0.42960560831254113,0.783245039353005,0.21158093547672394,0.5788539717005352,1.0241913926752104,0.4205475366234387,1
1.4482315854064185,0.24083652927448324,0.6970325178272238,0.5271196750665588,0.9048419681846045,1.1687467061512964,1.2780171636440658,0.32751847386083094,-0.1684472619927052,1.5735011497189864,1
-0.15731700765034684,-0.019243086338164073,1.3282968033866136,0.8796115633899995,-0.370454871696381,-0.3150501096215307,-0.1961444886373082,0.854715907777041,1.049599825944083,-0.39396168524224495,0
0.11155864640251445,0.8063082909085142,-0.23692280118104958,0.41001449029322734,0.8394351601563409,0.4751578514793252,0.399147965148297,0.06272553628213068,0.34898602408388385,0.19264011259327476,2
0.06594757323359521,0.8911199256538989,0.42765523567767516,0.44129340404297746,0.5330092852630571,0.7344621613340248,0.9319908754574627,0.5607305917335171,0.42562879299077644,0.9438825278468437,1
0.22108583125045528,0.3912638927574592,1.0702202168431267,0.5006561846801605,0.49218227855070906,0.7027313889182566,0.2956966473715593,0.66680602299564,0.9101445844923615,0.3492116130120235,1
-0.08298643640370115,0.18344857216299332,0.17606600037065864,0.8915150071059095,0.7148874304226283,0.7116799533405559,0.39198954038617306,0.24916219364884998,0.9465711463607221,0.7612334934347025,0
0.6110019286005004,0.6009600144429492,0.7021911456862381,0.5406270900741416,0.5688665254730478,0.7536516385869085,0.7939979529062453,-0.003057709442889203,0.28228081013166517,0.3075995158153368,3
0.3269385440755898,0.8696527662164952,0.9792453151479736,0.5946227702511949,0.052865967747468934,0.23351134587607167,0.2276815606519996,0.7784208275210569,0.08972799650922783,0.28792717817393265,2
1.0562344000170611,0.6153806217002393,0.2800431067537561,0.5891072969108226,0.2581246544120347,1.0694196805881868,0.8462445492398817,0.03277200884728726,0.9230269633093127,0.27489418471964655,1
0.9949211215337971,0.8481212484742157,0.33961631908897344,0.07561706439502373,0.684680036996935,0.9608094010104632,0.7104844206410863,0.0855312148518752,0.2285392182792279,0.8780943105143062,3
0.20082441448545219,0.8651728964435776,0.13982500572108092,0.6534472566505916,0.7947510054991349,0.7363427921620409,0.9306247764037792,0.09054445114563422,0.5798873658485145,0.8520238250770946,2
0.4472754022671426,0.7393699670236524,0.03794685203930198,0.08814653761420482,0.7640163747150577,-0.08744095285763501,0.2414361834713905,0.2999140773070318,0.5676596849348906,-0.12036604082713001,2
0.00829176426358863,0.9517337834496784,0.21135177726099916,0.23937025337389464,0.779903115982378,0.726884987810442,0.9221106052501548,0.20633646407612832,0.7207862189334999,0.9627203195854408,2
0.9472721235859808,0.5679532549058787,0.7613084852037614,0.0616586099855609,0.5678108407223785,0.6278965480450576,0.39733785043251146,0.2128093411938997,0.8318415258520199,0.9895477525605885,3
0.3984022845933961,0.349453957179348,1.0662192888254416,0.7771183968222689,0.44214887137084646,0.8809654014564182,0.23057973202521725,0.6801661576204906,0.8221411825371807,0.526081355793144,1
0.20596229875989228,0.5519382956459468,0.5686201435270594,0.07064871740986167,0.9774095985582223,0.7667825900280946,0.4888523940975883,0.5951736510462391,0.4068834072687058,0.07842509318001094,3
0.517394613136646,0.6610864621321588,-0.20040290136976036,-0.16158713157848748,0.0665563252880523,0.9246518919315597,0.9283222128149577,0.2861850048199864,1.1122203680964744,0.798396490760938,3
0.6047698544361864,0.03992575312789739,0.5408093471066032,0.6377227974820351,0.346848643728749,0.20211745460020114,0.9111930558254081,0.8129986192515573,-0.04335919154353082,0.7961170142928514,2
0.24170169050879026,0.9156999784289677,0.05422373392537747,0.4592477859318429,0.6384525108403024,0.7531269612814114,0.9545064898579119,0.23000569735848267,0.7276842516868487,0.7479436534945775,2
0.7727308519652956,0.3172509164119872,0.1535222723264008,0.14030413377028234,0.5402214164298985,0.05738437024982077,0.702923673754022,0.6464797447893397,0.7184203768247178,0.727288042511704,1
0.7551555251530244,0.2542207239452064,0.5549469800351087,0.4729432721822368,0.44162022572606313,0.26072342913629865,0.027022108093043166,0.34828216540587287,0.488399282619799,0.6219870174821321,2
0.5051630726871758,0.08213594631855471,0.1145249550080403,0.8857779777542503,0.5671350922977729,0.7161522524261246,0.8645526919156766,1.0116413490493257,0.35572965103632803,0.8975133677572058,1
0.9193744067690514,0.42665069852362303,0.22446410140915435,0.7935961423761605,0.3635284569477187,0.7070999349342666,0.7645431168024743,0.5361104556137514,0.9521104697230606,0.3642972345329345,2
0.5258549709403242,0.16824528571667224,0.22724502411702768,0.8104181051314655,0.3592568614413275,0.6785536287269155,1.0155673448081672,1.0922633930925492,0.45262498706460774,0.9718356977270582,1
0.24214875985743875,0.9123105461958806,0.058683472751486436,0.46213548592716336,0.6370718589783687,0.7509504543099337,0.9538430782825718,0.22856554083121247,0.7300556283109715,0.7430518314049495,2
0.03720620587780251,0.1382558974665938,0.24690483611936592,0.7948122791123742,0.5845786962623469,0.4186457161641369,0.4097908028140695,0.3690056882133679,1.1121218766880596,0.6661967594171068,0
0.9030998828786214,0.5772390300531078,0.858487068763181,0.2711719985112374,0.03745108114866948,0.9476711318573541,0.9760592902600103,0.5636120434216962,0.2860651811273578,0.6565264468124833,1
0.3078032220124314,0.41977675984255375,0.9874821813068115,0.626543870474598,0.3850765984349511,0.728756884620925,0.16927235199550678,0.6598449116968768,0.9360611702430575,0.420786918140153,1
0.07643042980598859,0.8427811811460245,0.3811716814050157,0.44735000684486703,0.542850505565755,0.7013059290407395,0.9279064030490756,0.5764266361401882,0.4784699946457703,0.9059883100829424,1
0.3529270525800501,0.341060964285043,0.414016257678169,0.7248031366944776,0.06837065024573727,0.31056982953310924,0.4891867158363525,-0.037760097229001796,0.8383999622337159,0.14083812631450907,2
0.06863695463787868,0.1444289153306088,0.7784872205017163,0.2820517572363545,0.08135306033796139,0.2649598762702109,0.6267248564608754,0.41945521703159105,0.29375744221142036,0.42407870984924484,1
0.32107588562745565,0.8574649990694938,-0.15388076658364638,0.6462981906345552,0.4796138937189872,0.8245321255212585,0.9428271976246083,0.17017244762476616,0.562249277581198,0.9263261113983773,2
0.564923318704227,0.2984496664392732,0.26679792874710917,0.9688048676155819,0.19472862341609082,0.38045612248229926,0.4631971693061241,0.6352361345702983,0.6722596220021483,0.19824240631651224,2
0.5397538312487026,0.4185916693693328,0.9464448210551043,0.676814310905752,0.43535407042192686,0.7795054037429497,0.44438555147433995,0.43272814919545616,0.7143691738332327,0.18781847551305503,1
0.3002791340160142,0.4099378677143676,0.9898183313955223,0.6445715297342329,0.3880690885799607,0.7294654475904376,0.17076361992055666,0.678618291114395,0.932431095897756,0.44025348941497533,1
0.28664749429871755,0.7187945096338393,-0.3820119468422657,0.27183774778170294,0.11270941620345783,1.0266052292995735,1.213132293835565,0.6296245059204106,0.7638166771305199,0.8919845069792948,3
0.8599858802940177,0.5523969974320757,0.22922166729184368,0.7438493692810757,0.7200239971389407,0.7359960004113573,0.7701966294025475,0.01955331597683746,0.820831584762587,0.9021518563858151,3
0.5011586839478893,0.8505228413451954,0.2959093436377211,0.5317039424265569,0.7834296947750535,0.1548362116212416,0.029034587507365518,0.2084101229595934,0.5647419634403299,0.9269856563182575,1
0.23987419801336426,0.91196964750622,0.02005601628572099,0.4697637114867242,0.6702346665063398,0.777434176826084,0.9389718316358978,0.22301112802555784,0.7580889754888797,0.7547516808038037,2
0.756692699835344,0.6177418010160395,0.6330481978516159,0.4683527650067518,0.5993612283167581,0.5510039615744776,0.8719132043600882,0.0479218383304292,0.2707261677518357,0.35053556772553546,3
0.5010916449876337,0.8564915083423521,0.25090068724901693,0.6070342169918747,0.28145949646472296,0.8737185506147824,0.22934233891091926,0.37998387249405,0.2737609513851048,0.7235203783616128,3
0.9469955749926761,0.12204235171260669,0.577400593080095,0.9192771792557003,0.49294387337861845,0.38982571871155064,0.5204885476398211,0.3727549422204737,0.16903559955033023,0.6546323720458915,2
0.6269111491702934,0.909663414125217,-0.04083170945069582,0.06617012385059609,0.38777359161049496,0.2829446837146774,0.10501992796386227,0.48942686706976524,0.17682281475830575,0.9752264861401714,1
0.24396419712088624,0.28445822263484005,0.3362223571521049,0.8111314831207656,0.5508813330445113,0.9754306832345787,0.945494246108453,0.3706243183232483,0.6646407442981174,0.6630637969112992,1
0.2767930661489779,0.3604754111390281,0.9604691516437863,0.6693528950422489,0.3965318104765694,0.6426527715939888,0.14766751430220862,0.6300881277653942,0.8582184240815854,0.4336157131368948,1
0.058835092480668795,0.1659935576283619,0.3404667642673429,0.7059738121485212,0.47782977774511437,0.8281529918659846,0.8461776802166275,0.3505532782620282,0.6686056481600282,0.47387551980939796,1
0.29961658877091946,0.4038476445398309,1.0018062442276041,0.6218329025849513,0.37416127990718623,0.7325307742518088,0.1607409289152163,0.6697796042713602,0.933803675372682,0.43438877782655727,1
0.6024987407802944,0.7864901833324188,0.2735571870258846,0.25112333665338826,0.7090873777072828,0.45937962477211985,0.07806973676636994,0.37289010103848524,-0.034044911819645196,0.29868177350367264,2
1.9947694827995566,-0.5466776660902859,1.3555334239002763,0.14720492746127606,1.1090180137864867,0.6639840597127166,1.4408029647145129,0.8529083436308124,-0.424307294779797,1.1089855709882426,2
0.6300890378307206,0.6705341583326659,0.1863850609617304,0.2944638695956989,0.871311147179568,0.21883207981827396,-0.07780894667975302,0.44614894154360024,-0.15400784834929152,0.39252013805614006,2
0.9542194779596298,0.5200365500977993,0.2628789612930637,0.8388249908786766,0.3072291705321981,0.7099675931770255,0.8525319865699494,0.45136797232082637,0.9686265220076052,0.2717464812452375,2
0.33277091214649773,0.44264090382858945,0.5592903022555711,0.4829453051446076,0.8092193535269181,0.4266584402682019,0.48246240825751896,0.6088375293217478,-0.05953163266196709,0.41403437503751483,2
0.8783307502339321,0.5518578480657156,0.319807394823968,0.7148768861198095,0.7947481992808791,0.7661187198791939,0.6801859601203148,0.08932361003645517,0.7738354313774908,0.9301876957786563,3
0.15478565858559415,0.49218276919019144,0.4609250371175484,0.11225214346072816,0.9320725790369169,0.6942245319504913,0.4896491672633988,0.557546348940793,0.37518303263644237,0.139555569935438,3
0.044146754507972785,0.45818533166652725,0.5016671886790198,0.7789728116392957,0.40532845246771826,0.5487897384371045,0.5456631150636504,0.8423746191757634,0.3739041227623636,0.1555348307269025,0
0.16284384146479985,0.27501888888226367,-0.07513982163145724,-0.20667743696796972,0.33629398309143615,0.5113175867676658,0.8386126133564491,0.5466439616433102,0.3810156033255776,-0.12000150169035384,2
0.7980143521019869,0.12175043949594211,0.36379513393206064,0.49443083725180115,0.1504649613445901,0.6433115496212135,1.0263707521390362,0.19894235918081946,0.6946742352961579,1.0469844627770386,2
0.41128470510448967,0.26647697929617437,0.9199806443072377,-0.8612969278756857,0.21000194871753874,-0.598318740698216,0.5729878959198811,0.6444743666758533,-0.08979281436132569,0.20681609215578667,2
0.4538467281370383,0.6967261106893456,0.37542147873665116,0.687219637929147,0.8194824176458807,0.012952181620171005,0.11427719917047674,0.19516661012914482,0.4009195607455727,0.9055368195817115,1
0.2655304354655867,0.9181808078851943,0.13470780701314486,0.35525907870247425,0.6248901198530387,0.642838792998289,0.8616460023883616,0.15933620874820287,0.7450612706719835,0.8220125924696808,2
0.13227980592647048,0.3831870195575031,0.33137145071980695,-0.022576347121405993,0.39244654473974805,0.8366034869981037,0.07784224011530279,0.2938835886548034,1.0034079828111646,0.4744377689803223,2
0.3263729621502395,0.1803202893703464,0.28169931893975475,0.6832963561414525,0.48504265346789427,0.6922779163379411,0.7254004409884978,0.2861563157302861,0.8292528503759554,0.6250498395147216,0
0.935682076535378,0.6658180303690654,0.21042223489421832,0.5651560323118977,0.5493940809745074,0.897565918033497,0.839623122877205,-0.004757664616477891,0.5619057380183383,0.49647315349202104,1
0.4952823987282299,0.3647646396188791,0.8242550100533891,0.65152390904093,0.925608770591652,0.3887063516256269,0.8841599872233571,0.7271736655048702,0.4711984769744854,0.3681236009019143,0
0.05821484267578517,0.14767677165489157,0.7549279613179106,0.3174676744568387,0.014771613652356429,0.24616476069902143,0.6360348966981246,0.3881492169119384,0.3243324207002744,0.47484078951550523,1
0.3429160729020051,0.4063687678306143,0.35096131378246975,0.6989712671708987,0.17049636177819147,0.3863878531873601,0.503681519910659,0.08019597443785594,0.9510162491631848,0.18408139868630277,2
0.3568450048740738,-0.1972633198540557,-0.3190839354531895,-0.49361864547283807,0.523802462753433,0.5481234750549666,0.6037066345369322,0.4059785378741767,0.18167566030752444,0.15061160272320823,2
0.8858084440865517,0.7321317093903628,0.5042253778600663,0.16263499939816567,0.8340655565638533,0.849840716369999,0.6688526525004922,-0.019692366076580703,0.3217413563158254,1.0037489963899249,3
0.7987332301993959,0.7033407122764074,0.320759281041261,1.1201065599859703,0.45652249471379247,0.7331371428764939,0.8536714294377958,0.3256207268774316,0.7844186923852826,0.12065445584122722,2
0.4802516912519802,0.011158796304922142,0.1963492147446279,0.9677691715800827,0.6490127709866177,0.745229923363473,0.9908825610749517,0.8714709667359075,0.28213927775587866,0.7856276111537045,1
0.49664964121680955,0.7600521087088215,0.9170716611340424,0.26225511599074325,0.9446856415651311,0.3835651717386462,0.7511002892039784,0.7511201537443466,0.5149974136888789,0.6956618134872018,1
0.8508600900955181,0.5843545004970686,0.7249695760914123,0.2586177064194225,0.14102110674702603,0.8056465917214245,0.9647690569571794,0.6666785158354568,0.3873275755634902,0.7681452305894128,1
0.012642397873001764,0.24709769898374306,0.7118119089103052,0.006724527066083914,0.05405218285346943,0.2751163953204844,0.11855978607554309,0.8810923081471504,0.47085722201869457,0.30954616894143167,1
0.020091471671013703,0.14062059889405423,0.7395322330780301,0.32356471583258484,0.05120006323668126,0.26920648633915206,0.6270491280677893,0.422211469034057,0.2912352477475304,0.4725876340429803,1
1.750575532152213,-0.10559407614493688,-0.553794186496979,1.1845833531387757,1.3022228626642263,1.057023401372511,-0.026305580524016214,0.3925809310396553,0.5782119506888254,0.10677416197988113,2
0.3075136407734637,0.8702866402590395,0.9792000859053845,0.5784143499049756,0.02912728426392404,0.217032755894647,0.21249855896699635,0.7970205893851273,0.07884393849192152,0.28592585065528053,2
1.0139322489271718,0.523812555493525,0.3415675111966206,0.7003657191822401,0.49682714950637186,0.7802577751820822,0.7757533754269508,0.322271998328845,1.0561570366097406,0.4491616575278429,2
-0.11456591353419043,0.7512658620675554,0.6966960673358451,0.797221242454571,0.39655061028496685,0.32669468523806916,0.5698230583648516,0.5732299336538016,0.42626563773108667,0.033774609762386776,0
0.6027096697187996,0.6483042908903396,0.8694765439989103,0.3989196818424125,0.6270295779026837,0.7510490101956012,0.9398179028447685,0.14698544029239746,0.20651613246482442,0.33649602582058186,3
0.6204999719500033,0.2476556462644807,0.16037186481834312,0.7711037494827553,0.21446697437455817,0.5152537337917171,0.5632175765222,0.7579420243066761,0.7683095589568073,0.2185155913261983,2
0.9714446189622102,0.2686088392787575,0.5136532300899191,1.1392588208510688,0.3200185479868563,0.5493403736374586,0.5194114593317309,0.7048073522037664,0.603338207499871,0.5551236816013183,2
0.6475817787228894,0.8719175077337795,0.2211380776340489,0.15998034417969126,0.7206448663242312,0.47225150085678913,0.11157605780767339,0.46518204785589284,0.05442785177362522,0.23335541411846641,2
0.3791300522833009,0.41552386271044606,0.9080221413007039,0.6847223517221843,0.4579073171909551,0.7406748143035037,0.1953979974488355,0.7018805056215148,0.8419515481268622,0.381194304067002,1
0.3729724475693849,0.3657867749705278,0.7567788221943115,0.6955181753737996,0.9708209152544776,0.41345038464393363,0.8816683684275306,0.8243282825650371,0.5079956948731388,0.399990311429383,0
0.6110038591066315,0.26121179356082747,0.8079778044832262,0.6540442136772967,0.5621386745928618,0.547847110884424,-0.06770534130773492,0.4339936258499803,0.3443884966425982,0.8567047353252231,2
-0.029703823556564257,0.555317890738586,0.6463627646067603,0.18430216650052667,0.4467965940330616,0.7706585003123104,0.51598163949062,0.5888333622380505,0.5374925176942891,-0.22743983960002362,0
0.8343205721112453,0.36350668779230355,0.08145875574198713,0.753112165613776,-0.14143475763000557,1.317795943393244,-0.10773192094895484,0.330368515245905,0.13349102481355396,0.42507262112540634,3
0.4660064789918681,-0.046778712943761416,0.23637240396779619,0.7480646436245396,0.44503300415263647,0.6499262666418517,0.9463516644444154,1.0033595460511775,0.42998524682145234,0.9385512992858371,1
0.36038628753536117,0.7156128685448517,0.4026561245442287,0.6964887857788876,0.6122128896968119,0.14714839217289166,0.4474214479656896,1.047631172168524,1.0615907292135491,0.36417920317036784,1
0.36928176569020565,0.8403968327620902,0.8863021775247377,0.14388082362137888,1.0043454057219399,0.33102004750872965,0.6220876016796726,0.786471087408881,0.5469704745862088,0.7850251938401508,1
0.1818892823119369,0.07372085663966275,0.03930409649277119,0.07036624266467315,0.6553453418202374,0.15485587399026918,0.5211357535724019,0.4892587729520132,0.21105904787105484,0.19627219890465836,2
0.4822904408381824,1.0902219998261764,0.23600210874741656,0.7067203656030844,0.6858788446165511,0.6015567633008274,1.0428326901554337,0.12808173171074497,0.7576735777354474,1.0567027090008052,2
1.002185467915375,-0.170667618790445,-0.04946986983439644,-0.33275700776829253,0.20417685424554666,0.9281567067006705,1.2976643384116795,0.13390284371608052,-0.2590681881749888,0.9428764073966023,1
0.07891271418099488,0.6011158683305938,0.4456994064673566,0.001133713506306866,0.9401794655829641,0.7459993639912937,0.5095603436753616,0.5837470012661273,0.3756036819520181,0.049679933611307056,3
0.9235548483913286,0.5886973815256378,0.2202419218002239,0.7612125529954412,0.8624030066866328,0.6841201931052922,0.7555621082570654,0.17558572396897115,0.7171160782681172,0.905830409788726,3
0.09898644860454822,0.14982179733717912,0.800289806074579,0.31045351689205786,-0.030896437119569048,0.36641387194232916,0.6245572055433862,0.34699266491548575,0.21436243827724596,0.40838376590492925,1
0.9034410960611909,1.1209549684001154,0.2849472414202863,-0.10513399252915187,0.803240707540201,-0.04547844350791884,0.4176186371902282,0.6697283392569581,0.4805255070020827,0.2500514832834312,2
0.7044751864423241,0.267949492497789,0.10048209849787755,0.7943407360360369,0.4245454660824384,0.90633819797417,0.9737146733835575,1.0754502953294929,0.40957177183713206,0.6757676583732533,1
0.12677474882162282,0.5654628675144935,0.4819259789551761,0.05058903797808125,0.9756067883479849,0.721659694840927,0.48238624419303494,0.5204791118605471,0.41304847143419265,0.061917916554489034,3
0.05863063430373067,0.17766558189394224,0.32786099546135355,0.7100967032915981,0.4678033938646912,0.8303728337655603,0.8501006844945374,0.35809165062845844,0.6764899896293263,0.4893173692217794,1
0.8650140283874288,0.6909359513888085,0.8559346102865858,0.5508684382624942,0.7759870191323524,0.535856147285382,0.48515687674192737,0.022892133726271913,0.4877321939273227,0.3924638737713917,1
-0.238531144613837,0.3658014820287097,0.7674137770534302,0.8536368191557938,0.3706556143059899,0.7609862899238516,0.7356112806134725,0.9769922532603674,0.3348687196604512,0.19532798439343904,0
0.08919317191403156,0.6305919874956326,0.417891693776138,-0.32593643281633283,0.10010170316152002,1.1655150942726542,0.23977520736673918,0.29760949623010974,0.9543403790730307,0.8156119620320528,3
0.5712206022733799,0.23745549734742136,0.48567097724271996,0.5237099521984346,0.8860211274197987,0.6649082678963408,0.6294100557546285,0.6155673337442408,0.3475105466219335,-0.07401148853756828,2
-0.200177866386831,0.24242286634460306,0.20248057368219216,0.6519002716645201,0.3301894139320912,0.6432134947184613,0.23651259955023118,0.24846500643544836,0.6835434476173681,-0.1315550481706893,2
0.20504613986075843,0.37115443353584354,0.36068576690829,-0.148133415421157,1.0780225535234111,0.6816005933537562,0.6128054468527995,0.5324635138730834,0.5901025550683505,0.14082497951365563,3
0.9267177956775742,0.5913305530314856,0.7714196752445248,0.0917033588477611,0.5166449680547616,0.5987750796722965,0.39255833356330805,0.1735590240858628,0.8500849438629425,0.9926310836644469,3
0.6167145556527662,-0.01734345597316339,0.47164073371812176,0.10391613332770047,0.5404600232087804,0.2831194781072847,0.6722338794690182,0.8309182671593855,0.45163840260115956,0.44461778379050254,1
0.9504518030871223,0.5384752415674648,0.2297476500547798,0.36203106643571364,1.000954036667958,0.3617072831141408,0.11191128508584255,0.1401720360537541,-0.030945410089139924,0.17727597204063802,2
0.3311505350536179,0.4204220489120682,0.34321526246012746,0.6958432550332515,0.16984315146370155,0.3962269660215881,0.5059409985231591,0.081489047241252,0.9573960817349164,0.18246920696164695,2
0.35085658190116176,0.07699819142094685,0.18767990871528897,1.0889931523148604,0.5571015037090111,0.6200348309513635,1.0830130702802527,1.0870648082049712,0.2275255283768297,0.6539586544080724,1
0.8681186396808902,0.7066867316356582,0.10872204375625759,0.8753046320771922,0.43049311940355933,0.8845805732377894,0.6747343889671166,0.12741292324380982,0.8061694188931969,0.3604113005248837,1
0.04673750758709783,0.08160337598480985,0.7428601245781177,0.29354115266192254,0.09901509173917764,0.25567390274719864,0.6210384800498837,0.42811743522202683,0.2950573028848242,0.4684236528690027,1
0.35363503354541537,0.2641111115135753,0.19507585319777965,-0.021821278037950836,0.39194048540889775,0.4544442697463918,0.2726816722668899,0.1534104553865949,1.0090077252899996,0.9804998631401243,2
0.1079308635272388,0.35496961452514325,0.23598104699124692,0.12107009450792605,0.4704274056949954,0.3052474669614846,0.12040909081768858,0.3005040368171708,0.9419099727783999,0.7450940738981586,2
0.4596129208385581,0.6344770197249895,0.3857192181932925,0.1902919266019943,0.5520158255099022,0.29570113842454293,0.19872975685374134,0.48255438859255945,0.8269235890695531,-0.025487097895472252,2
0.3809667384598449,0.48148263257838564,0.34178780655452423,0.4765431581249418,0.7613199156312341,0.12661726496567538,0.6238851698127071,0.4586278287961676,0.8061320015117793,0.7034005558316098,1
0.8895854557134998,0.6065772994250771,0.5933243102468079,0.40851387272532913,0.2538773438667938,0.6189884113100601,1.1382166898027564,0.8275984159567715,0.2511184599774574,0.6882089497718876,1
1.0080742037809596,0.6595801602760013,0.17458434237699894,0.8171321787353658,0.31310261415131335,1.1910124238751443,0.5250678611794506,0.3437873875061017,0.6267518437714901,0.22003222551420634,1
0.8615823267259319,0.4663264413711091,0.7022857272512301,0.08470195462799762,0.5982583793731134,0.5806206665024007,0.33108314352518503,0.13996185326236485,0.823893406408279,1.0904955229932813,3
0.5082296723352568,0.8281319763534587,0.32807232535858344,0.5067052391010971,0.7881134234972874,0.1551631238926083,0.02906352430349078,0.22144388138011162,0.5450085908392354,0.91147829792057,1
0.5549335569543541,0.8585780363741273,0.32547635589011,0.1709261024243916,0.7485039307529031,0.4623698972829971,0.009120327525828115,0.38494737683516933,0.13012685478793723,0.3409598108046169,2
0.9380263414130843,0.5321354479232364,0.729090024126682,0.0469114291669014,0.5822679708058444,0.6621202113203872,0.41234832406148675,0.15810451739807196,0.841304833923819,0.9340780757436026,3
0.6609297405804426,0.7034347915634909,0.7899487235396654,0.4232818000486162,0.6475087619133145,0.6396679630042074,0.8595121755835977,0.09358158027546853,0.20876679976807044,0.31915033512311874,3
1.0882138714886063,0.5944632729768043,0.3362073159227353,0.9949382388706717,0.1872677742375071,0.6859920211675612,0.9702861020071533,0.6435069524499273,1.0751973494005145,0.3597650405295028,2
0.9706928989593205,0.12716656293855008,0.5922185008323221,0.6346195981717953,0.5646739689544981,-0.046678835430684684,-0.12795135913681127,0.3656586532024122,0.4230344428579114,0.6337416596301492,2
0.7233597460673725,0.34152444795407655,0.23521273387627617,0.01200024740734662,0.456242250261668,0.15865088860757037,0.49489923262660424,0.9370000206921661,0.33322246576123077,0.45424485773401735,1
0.4574443250006448,1.0466345871151626,0.08261941994055463,-0.0005253423246160821,0.9234081133763271,0.0484141337884903,0.10465814661442441,0.2140875358716289,0.47403430198607543,0.12421645335599522,2
0.34458625316552,0.546027810631659,0.2018615083785253,0.7399594826938145,0.644465299492401,0.6051615695457842,0.5416630672505053,0.4667219311950117,0.5528819843061941,1.1369256022649994,0
0.18891857389715105,0.9255538857175296,0.708188586273315,0.25297679479559887,0.4329915429565463,1.1683340068462646,0.9492105265193272,0.8475831783274408,0.49643698257289137,0.1427074117403686,1
0.5903409641943332,0.7746723023664285,0.06779086154942317,0.1517298280718315,0.8546406846120425,0.33112128376328176,0.08238744581446175,0.2172601089843334,0.6330104835282913,0.21808542322798616,2
0.9411237484109511,0.5795608793861471,0.7643097115166881,0.0735970961646682,0.5436028052455874,0.6254868796421725,0.3764686219054815,0.1926829032349369,0.8138845812346406,0.9715137780395183,3
0.04344100813804539,0.1267852551006293,0.7712504840197282,0.3105157429532231,0.06889721087674253,0.27927630928961783,0.6486219839470904,0.4115493134492619,0.31977195982837836,0.4518180837218182,1
0.6082971303695542,0.8499289730824227,0.039242960300598144,0.12650560076602846,0.3792436569270293,0.32232979636818176,0.1822325761757237,0.44573354988680236,0.08878741193581441,0.9669477494852101,1
1.2873127451583006,0.6778370113644885,0.5688411858613269,0.5056588134369121,1.251918958055021,0.265838219203466,0.7761727616783562,0.9951831975229696,0.9332913644623568,-0.03802162112914276,1
0.6662687687861566,0.8341757664148943,0.2595485848032116,0.20953043256386417,0.7298936255362195,0.4445863067682123,0.06904945178044197,0.3831670118151329,0.03990163112249912,0.23300028040156132,2
0.38703161797155816,1.0733144029613209,0.3020893640587622,0.21831037856925783,0.7746535164840676,0.09568580253721778,0.06270133621275523,0.2695813874056052,0.784904931663371,-0.058329343353202695,2
-0.00029461333922845695,0.1339701657049178,0.8112917408417482,0.2755915776103632,0.09221409714767076,0.22705291466807678,0.669666569012559,0.4099082483093991,0.35846825085237005,0.4593823460565654,1
0.7293819176858282,0.5024562508369923,0.05240078553437713,0.03782552016644375,0.3472806690775248,-0.10333228831698021,0.7275069411487358,0.705388171612837,0.4206272782831152,0.585464154340178,1
0.3542301104474883,1.0249459312362361,0.07861662066335606,0.45739452746699055,0.5336220695602183,0.7969072072028262,1.0498601062532085,0.37747367894601824,0.6293237143880146,0.6890530558447986,2
0.875740906230153,-0.044358157304487444,0.4054325126448599,0.650718908175202,0.34371679777863084,0.361554673074632,0.5845193323463646,0.5753123291288613,-0.014284821200229114,0.6773877959890006,2
0.5442768935707758,0.3103297711802814,0.8027280399306805,1.104172559437663,0.9552687101128765,1.3283306051515484,0.4230159472405277,0.4363872870055293,0.7607017905619698,-0.19592707030383122,1
0.5863528155955191,0.04759551647388251,0.22608983495143006,0.7142623167676573,0.2859752556996116,0.4395297022250837,0.7255833343091834,0.9558183719952389,0.089963114332404,0.6670572619672022,1
0.06565448037888164,0.17350786596212497,0.32433381132044736,0.7097959156243555,0.47505452526638625,0.8379819387733805,0.8477995109150801,0.365212619604173,0.6774322936870985,0.47546333284732645,1
0.28757483401001144,0.39908507085536954,0.9842878712935182,0.6817856977090382,0.43240873651531225,0.71180889939526,0.22267525222403933,0.6768194665438125,0.9950612722245277,0.4706848391166402,1
0.39851283700750667,0.09912441249681218,0.3917219148188878,0.6443802487989383,0.5185307892351849,0.6990795346883111,0.2848028238190833,0.31620368806231214,0.25515791186717385,0.7255915816624309,2
-0.018655899414503352,0.12593286885018398,0.7840811162029584,0.28184627859516986,0.11565869118796715,0.29329181374526486,0.7172261162886713,0.361744558757344,0.2994022524467801,0.4019579551851484,1
0.9234559985124172,0.09366574557116085,0.6392188355370483,0.8597084238509294,0.5301937479414487,0.436067187919248,0.5720235870871231,0.3387047278748412,0.1120864663584292,0.6014706080049399,2
0.6540175995799526,-0.2172394517970822,-0.12945824320084548,0.795398636359848,0.6245087985360579,0.568581811872304,1.1330900240308934,1.092979070055082,0.18735635939187703,0.8880007211790368,1
0.08050761667398702,0.1777543267134504,0.3592236539893948,0.7259610081233719,0.4850985122558506,0.8584708098143197,0.8640148308535388,0.3371948278567582,0.658775720255944,0.4585125245363259,1
0.3569645755899905,0.8383145525236809,0.927364506978048,0.177484862550591,0.9223264439844097,0.44591229839176133,0.697606246494513,0.7073870578423551,0.48624689860235326,0.7213628507756049,1
0.4729698327836114,0.0815670276585179,0.13296328005380967,0.8968034384343102,0.5475964923928545,0.714598221261919,0.8855589488441469,0.9855383059619657,0.3395163857057122,0.8766696092731562,1
0.029205327734712447,0.24849724949099533,0.6949123195438714,0.02249409210940794,0.041822651920367965,0.2725971473456928,0.14096172837328957,0.8737152957886619,0.4674152786107076,0.28841063977773573,1
0.6549511742044969,0.2570095008941368,0.2416686053301837,0.24328488463994824,0.6319992911523872,0.018953941424514432,0.5689505070537836,0.7421615162429677,0.6106758190560231,0.6328580812533438,1
1.2371140100392668,0.24951325596809953,0.23781908487192538,-0.0061985177286938975,0.32524380451049634,0.6967938017325869,1.2686660709474937,0.9111082489140279,-0.19161990448820693,0.794347994790147,2
0.03096099748549131,0.38608296673412545,0.421777561908919,0.7164503613972532,0.3958738513596786,0.5433820841719676,0.5953375579471673,0.9250378001614046,0.42413904740981756,0.21889547144402277,0
0.23040233947854538,-0.027145533725089814,0.022341022480638115,0.019316641432735815,0.6989446804684945,0.23951449210462075,0.4962517499903566,0.40660413891940356,0.1876001367846593,0.18872812075621015,2
0.167270527261145,0.2553870127939269,0.3185482002903739,0.11352260643877535,0.570933203824554,0.4189362644706361,0.181964549658973,0.21761086667923593,0.9080389826323376,0.7443831248798147,2
0.450085572228753,0.2707803076048435,0.49057358378648175,2.028254373855303,0.6243892303462706,1.6926514471520215,1.6693963217938248,0.30087200091222027,0.9109142598299937,1.2755265003720548,2
0.6968400751673943,0.44079982724901945,0.7280657538723057,0.3532942747271416,0.7182556432820981,0.4978536833026643,0.6208619370378945,0.4328455306814319,0.1490072243499837,0.29912316812311707,2
0.363015840753884,0.8182408815105662,1.0071138173502965,0.6282222499450871,0.06762901846578512,0.2141148890148708,0.2766655156790324,0.8205368953263692,0.09155916382782593,0.29930988768635386,2
0.4488347460003702,0.09436395775415218,0.1267446472597598,0.9263294416465513,0.5534230985843023,0.7207211746699153,0.8482841118667396,0.9372123305074123,0.3922549596081748,0.8430671659983108,1
0.5061362799875402,0.16076403539547787,0.48882983157914367,0.8312655593305783,0.39283042883785974,0.6673251512192552,0.2826573525690421,0.16332875963583493,0.40657353907890015,0.8785698154265941,2
-0.03852520439242568,1.1127970717762226,-0.09771610609848236,0.2564637812274329,0.7848386626350405,0.854747161792418,0.956590966990688,0.0971757906169711,0.8949329020048862,1.0009892228167154,2
0.93406608670113,0.5852210351511666,0.7750579581563197,0.08722230464986346,0.5631650151431743,0.6380906033228516,0.38444393714599506,0.16931772382298693,0.8212869501551778,0.950770433951325,3
0.9764321465777767,0.5633759784233211,0.7351434641682489,0.08264463092051806,0.5113731287069212,0.619026504636947,0.36212574856447016,0.23591194292708428,0.8567789027165463,0.9994667688494941,3
0.3858474692701594,0.4382255365931268,0.11878509598271794,0.11093283593942144,0.3784795810936469,0.3165222148587489,0.718504538840318,1.0039055774845795,0.6895208101170593,0.4115785544520195,1
0.4776395790501958,0.8784033056914011,0.6124925623083836,0.48815694810166377,0.9627827298956506,0.35175813238113257,0.7772038796997592,1.0455010515260872,0.6614771091738186,0.9369176756856261,1
0.04984943640061742,0.1706104022556654,0.31835371715473715,0.7273390121901203,0.3673242026399136,0.8408434767709398,0.8260362330840862,0.4366084798378772,0.778112990407331,0.5161202916029933,1
0.014773540805731233,0.7282428505829619,0.06068716607152108,0.8038294190743911,0.016799021060288022,0.38983182111860754,0.6336873518302786,0.032694945368391876,0.9740013708293864,0.4620070984396963,2
0.27423262094555817,0.5936001643472537,0.01774241953833346,-0.005092549117932225,0.05478660673294184,0.7456881603298959,0.7332788860517694,0.17864740725021738,1.0294074040023415,0.8231241556884102,3
0.9320464242189961,0.36082574849812254,0.1315486035260811,0.5099481318477445,0.46180244519745184,-0.043434320669620136,0.4993820101320001,0.41784450121988215,0.3760779569300774,0.6848662251334692,1
0.0849161058790182,0.793565591794183,0.28581562566149993,0.4859325427818217,0.9451015282370933,0.5860645209203584,0.9432472007059596,0.6177753159738909,0.6181909390944776,0.07589477362421944,3
0.7208577234723945,0.6840752292563601,0.5782159122252329,0.3485871740304383,0.04988774567551883,0.873618151347529,0.07836876212600448,0.20938645884962132,0.2376009350897793,0.6466750314177503,3
0.9354674423184053,-0.03382868929980655,0.8660817506361407,0.5983450504003482,0.6776146199042004,0.09535539121317305,0.8549967724668117,0.6152530821886617,0.03244200618640976,0.6636164429040664,2
0.07520354281950499,0.09164012792090157,0.3175799104915453,0.6878843913323331,0.5141221307137873,0.5951891384166578,0.601397200551236,0.4039919180002719,0.9259710100114882,0.7990657826405172,0
0.35903914633301387,0.9136527649183287,0.985700864159897,0.6230207262295152,0.08731541210398926,0.22531658581825645,0.2729720008718009,0.774613152125818,0.1452480335892328,0.23409911371285322,2
1.0683376227945722,0.905889271579642,0.4762036060456967,0.805697432686284,0.5210379254434969,0.7456707927496635,0.9994959344118195,0.9152736685719629,0.22775844286256586,0.2468891254003432,1
-0.12201565680132712,0.666136430634409,0.2434837511770695,0.48582443317153384,0.5770115293699981,0.682477203449638,1.057808319327512,0.901625077885555,0.676417434540824,1.0355274424645584,1
0.1606366078404362,0.2032410968000823,0.0039709316862147626,0.41066631625322897,0.8062457063406816,0.8925455389232945,0.6446421533888441,0.21481372763024867,0.807998103160235,0.8722171177454465,0
0.47854148588058615,0.7557002866267732,0.2421938989584902,0.5186017438781169,0.807997558859318,0.2561682653431377,-0.007113732285838972,0.22681923501934834,0.5688018749222249,0.8551205102637365,1
0.16682652305869997,0.6237336121408492,0.41872089069845625,0.6365068770016507,-0.24432123448025517,0.6908371683790498,0.8042693807630101,-0.11712989504781626,0.7082661988894772,0.422077867253082,2
1.163707898937218,0.2798745148196019,0.5568948011448234,0.28601790673741656,-0.20139189484369774,0.09407816138624873,0.4365363434769406,0.7845481042287262,-0.20079554087116616,0.6197452123412783,1
-0.07069335860854403,-0.2644693159401873,-0.18298839578209464,0.18939022226094304,0.9855770123554294,0.0921007025770973,0.4568183526295725,0.07886816448307077,0.3536783850136967,-0.14111904344031523,2
0.2685771442460064,1.0575144295946415,1.3588678010374802,-0.09519391035220129,0.653208395198274,0.012876831407755585,0.19993438078409306,0.5530883355367844,-0.004510370204429515,0.7785247879863874,0
0.08904749710491115,0.8502803086461443,0.40555271288172706,0.4634307448461279,0.5224088233354293,0.7225041589419781,0.9503763824796009,0.5707479566832974,0.4662621273577892,0.9306127066400852,1
0.4980550378323575,0.7495213791161804,0.1091295723422733,0.610293163232924,0.5777206132323915,0.585878640342879,0.7373682838937259,0.061255655242108215,0.5755969759255873,0.5955303266001629,2
0.28084970268841813,1.3149872756473884,0.672140674042713,1.952794702914939,-0.8896038985003161,-0.4913879830028244,-0.11871123536876294,1.8154930463903916,0.5194500268393777,-0.10770560717483191,2
0.7536452158119884,0.3344943233494728,0.7009786856438271,0.3327887096769552,0.7268649422498519,0.6026905118225939,0.6535517744119997,0.3519767672494521,0.13509159519998276,0.24331207406990685,2
0.3176583923150138,0.8616580273677212,0.9464744575074105,0.6254070904363849,0.10545272842022169,0.2099705093239373,0.21501572096650026,0.7757006271821587,0.1270500594063533,0.29675084624241155,2
0.8780293830630543,0.5597606808709313,0.31491123737733984,0.7309678865968653,0.7765505378173297,0.7507560069495874,0.6871260505876527,0.11244026859848241,0.7789422697676324,0.9197662159420528,3
1.1141786730177676,0.33762646318120315,0.9900978782228542,0.6224399194055827,0.406219519023026,0.3629339245106129,1.4159345891560677,0.6795345253371905,0.5390297773727383,0.9288767616927819,1
0.7288173966474063,0.2738408454407616,0.2989104962807991,0.006151408993516239,0.2215960808698138,0.8555022553738076,1.077343676816151,0.01603919109190055,1.294150543576715,1.2144438897312642,3
0.453837541777812,0.08548392165253851,0.10525328792488736,0.8629800687503792,0.5363133478926331,0.7003983650599578,0.8548232804483323,0.9782912219412659,0.386381722081054,0.8566039266399739,1
0.17690309377049196,0.8882312224074657,0.5098198736429529,0.432608657668684,0.5513820980815951,0.6846615915320534,1.0499619369337374,0.502703185543952,0.567876181024532,1.008356282826318,1
0.30606440911509064,0.2457262544410439,0.8937586983503699,0.7217124779499755,0.35415592798393425,0.9069865965108169,0.024173927827443292,0.6834920711449854,0.9436852797214553,0.5836311909474179,1
0.47072097389691664,0.2699776805092571,0.07076180781397429,0.668071420731777,0.44265715201914635,0.9116134920412967,1.1564876480077,1.2714424761655305,0.6511836323582807,1.1845451754409335,1
0.7626982176674901,0.8824787720567102,0.08284967536365147,0.8743811279064747,0.7077613793815891,0.9654937834591468,0.6197192876155105,0.5491224496649753,0.05496015311503047,0.2787080321934897,1
0.7258960615038037,1.0266206305688537,0.05665687570898954,0.11985564461955424,0.7334407370926261,-0.09054303393553667,0.22244773357134318,0.21941404021132005,0.6584016938700817,0.10776939618800921,2
0.0842298754012294,0.7805319348770337,0.3322233254356768,0.41295744958593344,0.4978620525313462,0.67328085163414,1.035050574707109,0.6418997989707972,0.45418783487070535,0.9786600602527237,1
0.6709127151825034,0.6383567106964523,0.35514257207881916,0.6183020204755154,0.03571541299824878,1.0974959695360305,0.3011677368253407,0.41477494449644325,0.05210227883235846,0.739978991416889,3
0.4556397912902147,1.0365076585479231,0.047301734577661854,0.58558152559401,0.8144939029371139,0.69851683468823,1.3595954504176218,0.046063860962948344,1.1013117971544617,0.7634531469693213,2
0.5002860656583159,0.9368566680144333,0.04018155577320269,0.0017888444922749963,0.7353283387833304,0.06835501059334756,0.24484560145278447,0.5074659510055808,0.6796719927277899,-0.08056932817834997,2
0.879032341819797,0.9713481153170279,-0.16769803942798056,0.2909078753732044,0.9736548750826812,-0.29377397886314377,0.6562586451601737,0.17655049277912985,0.6720193809829932,-0.3736778923313031,2
0.6374911923597102,0.6176231178533556,0.09668859335857177,0.6506717132033581,0.10702808668908087,0.5199548366223221,0.34088817192244264,0.576222152335367,0.2883702304732648,1.054216974137292,2
0.23335293116133035,0.4997684672149677,-0.32460930080851913,0.004488369124014006,0.7091683727601648,0.4251318998851006,0.7535973612491639,-0.10724988033134353,0.014296653532304193,-0.39156651925508357,2
0.7112287439688727,0.6662877770115453,0.7486936854709872,0.4221145948163596,0.6481404994733492,0.7009738926296986,0.7616178977824994,0.14404865096340327,0.2507818030458211,0.22432018742907717,3
0.5829830667036429,0.8704621146337472,0.16910101217077372,0.10863603226949646,0.773026049528821,0.059746243079578966,0.25293804349671584,0.3747677584405668,0.5798887709525201,0.01249971027246585,2
0.8034201159078378,-0.06052071046424279,0.1515817538856043,0.5472970758285529,0.2694140540449925,0.3081065253391448,0.5831678497673263,1.151817420048861,0.37488344472628676,0.8746420256453749,1
0.5390781640154476,0.5817236903563217,-0.03308878890040767,1.3645505032741032,0.640838037491991,0.5503229879973748,0.6967796493533246,0.21618025406611246,0.7643492461720789,0.28486662013882263,2
0.6395515467059676,0.8957000645542066,1.0480509246200884,0.017130431481074376,0.6784523320434684,0.03961527980277213,0.6645124735752349,0.004019055614425282,0.4385424944712943,0.6455296446173275,1
-0.07576934254174186,0.9253412950868116,0.2491512599328846,0.3934682813672831,0.5601076775137546,0.8903215289020621,1.0180984934038422,0.5277378939507825,0.30271988856626875,0.8365452339100234,1
0.8717269061100535,0.541051988296007,0.3213624925141752,0.7337496616774573,0.7960644801951713,0.741313340079723,0.6705977473874173,0.1042981100573515,0.7802591511950777,0.9197141349022199,3
0.9278912218859389,0.5819918219856252,0.6921820341064161,0.29297758562008586,0.16411664524983477,0.7662820550027825,1.0536313872617897,0.7074798722185165,0.4635119203638179,0.7313576460800693,1
0.6988217184697177,0.20643775467262615,0.3284867647446774,1.1570160733057762,0.25882406403576474,0.25119878678528845,0.6483913792708392,0.5458954748188307,0.7281712854621095,0.22102283207121343,2
0.908945293344859,0.17036742869821803,0.5037729834429814,0.5543626004921893,0.5226811716702743,0.04898239045623068,0.02157403572303135,0.27499891205990606,0.4380726407461889,0.6264278830763464,2
0.3100399924318148,0.275365682111173,-0.10993954514615703,-0.06766229770051767,0.8155480092352099,0.5732894875361297,0.5085263976642974,0.5011720994489801,0.1761795662810806,0.42901974787918895,2
0.45576459993558494,0.37948261535625566,0.03933855415549259,0.535607207419348,0.41081762380512565,0.46850843087001154,0.5536944138452679,-0.2569972880206027,1.164307301504797,0.20449706307809304,2
0.5159206290590558,0.3315586546894454,0.26169216471733586,0.9644970247015446,0.25015163462229506,0.38880381270160747,0.4048328544530541,0.5770166670582035,0.6887023859632196,0.20365410870946668,2
0.0873082457654429,0.8377750504524047,0.39531556884061014,0.45904833613280804,0.5024565349925862,0.7348834448155008,0.9611911447360955,0.5430459117521187,0.4684507673388906,0.9070637781432601,1
0.060062633261328345,0.17841721613338352,0.33279760752765314,0.7089177982287692,0.45742873999564326,0.8364269825597387,0.8597688108927106,0.34860757874286885,0.6678830242331582,0.4780775292556971,1
0.7417009695489485,0.38390059222614237,0.47033869440364473,0.639810889306506,0.1148273299226022,0.8739602344591758,1.0451916764648337,0.6783422903214836,1.2265138443527888,0.42462559327714283,2
0.001434659845404078,0.8060842639128526,0.2559722302418216,0.504231768089424,0.8852333621729398,0.6100889843438371,0.963449676179103,0.6641566981811828,0.5873240104813553,0.07251876565504778,3
0.5268477649385779,0.954283552456613,-0.04266294547974753,0.0906643081112802,0.25970240160948654,0.19003644162038938,0.010336169680390112,0.4361755476531026,0.02878295819507018,0.8938486428471653,1
0.6373445316823358,0.3860285025224307,0.6811404360148984,0.4264239625967655,0.3651795098711736,0.2272162334372006,-0.047388762897451725,0.3800586320819741,0.529760150394072,0.46949121847678554,2
0.6531215190649914,0.9019351131819712,0.294309148818979,0.4118029868860498,0.2850775103463421,1.1409455275454223,0.22351303073667453,0.11352835325364544,0.2518948495671065,0.7288725883383653,3
0.1410603248755577,0.10311713720752493,0.13671551577036523,0.03493413175585559,0.882901551573959,0.24299760716868446,0.5862457287465832,0.5685703921242364,0.26618900377270194,0.04322530232121913,2
0.6185581957061969,0.7233186719189456,0.20900255591424904,0.34186593858949665,0.849016160083819,0.19578404116351653,0.1479137720944162,0.3925407193641198,0.5825840919645938,0.12431528190049049,2
0.4373719088036218,0.10224713960899648,0.1406840845068671,0.8461768415095862,0.5103605363525611,0.6796618507107176,0.8264392295535177,0.965035292671397,0.2848322604340997,0.9193165739681697,1
0.3831912964979184,0.43374894883721976,0.43006261694197645,1.26759853284685,-0.058130192040367346,0.7959623017651948,0.30631336473188864,0.6233664052235004,0.1665138469458186,1.1533923116359237,0
0.2923090062481892,0.4056136076715107,0.9900157129258286,0.6398918221946522,0.39371425060321724,0.7331250722415589,0.16558119716263367,0.6423305728651068,0.9438486292563794,0.4017341883969295,1
1.1184822177239764,0.557162179411689,0.9204727061912849,0.3178182941556709,0.04750677036307274,0.849144452577077,0.7520503263269962,0.7749819843952694,0.5366022628422108,0.9400966395077839,1
0.46991116224528956,0.2010169665131904,0.327061951995237,1.0096143679288994,0.08256432897816947,0.3839419780610617,0.4030954745848412,0.6309950164890061,0.6543008972346522,0.17275706525479886,2
0.07338628959775861,0.08063853904377241,0.7245135936290403,0.31877454406644684,0.021689057916674914,0.21466721513931472,0.590830012641877,0.35153374592389247,0.2953037936598715,0.48895299056244684,1
0.48209725426314426,0.6587147117259564,0.6892296361293556,0.5719222144970146,0.2235821701022029,0.594372729102384,0.131413250383859,0.685792502041434,0.5652789318285988,0.1419991174051275,0
0.5577300612328573,-0.0016100154090840924,0.10624147888420754,0.8358925055396532,0.623551749706863,0.7450135395367554,0.9565553243143868,0.9490924910364492,0.2823178370477998,0.9400412729320612,1
0.1765483128906602,0.8149870510554899,0.23700176842722437,0.5886394380791071,0.8949848402204869,0.6894252305188103,1.0351818631783969,0.662720531014099,0.5641482091390091,0.11947466408038701,3
0.9322930650982038,0.8811564360281429,0.5840653602699679,0.45696950297176797,1.0842752381175766,0.3086604537917275,-0.0015670484347044267,0.36743890873544516,-0.13252424545729966,0.23918959653253652,2
0.7189220689317452,0.20601884549997182,0.3108986107446209,0.2194970979327694,0.5515507281396425,0.12654207897734543,0.5778360656132967,0.8570832572475509,0.534478913403904,0.5489910907194824,1
0.32107357546203813,0.8821148341640798,0.9734643894512215,0.5897934170391884,0.05882695223236857,0.24764662914642122,0.2369045980820059,0.78001969759812,0.10649461258819445,0.2699910336785505,2
0.8598200945614205,0.10427545390199651,0.585486845850196,0.7342092258392567,0.4727374934314275,0.3962814614539922,0.6712804186160145,0.5261921544461434,0.10246276177503524,0.634566904436753,2
0.228127648950715,0.9216369242211299,0.04363410840954084,0.4921899281292833,0.6546448843156581,0.7468837423663011,0.9403074443805314,0.2405812923285413,0.7035691668688326,0.7621205730932017,2
0.7844949078842972,0.4667189657693318,0.414473221282033,0.670560073369451,0.8142047215012175,0.8675873070758595,0.7936335314116726,0.19936164471722678,0.7132795457992567,0.8244060534835672,3
0.46235498385144824,0.10811320844947375,0.2635946504142397,0.253698452317763,0.4688552533348489,0.428574690526743,0.9236686364221699,0.4512748692107159,0.446326657280579,1.2099552595691203,2
0.07048180241989782,0.1708184316681754,0.3287743398821011,0.7078091256023931,0.477576711942918,0.826748505775329,0.8484092644970894,0.35867399722039633,0.6659491433907533,0.48500291704335347,1
1.0052148694043743,0.6646185080039938,-0.3095914779545209,0.7627476241028269,-0.04793689408841626,-0.5567389660786839,0.44345885636444415,0.5243942649014837,-0.6272097996612009,0.31919696077001014,1
0.2725062818896607,0.35859723123883236,0.9127612035890178,0.5490672451280363,0.4333302927366992,0.7856708219511658,0.08592287966937322,0.7301103392868622,1.0259255661140747,0.3219849208800051,1
0.6433506936898287,0.9344050690220503,0.18999095415283246,0.052450751325158855,0.8091895558879402,0.007489227287170823,0.29206092453391613,0.4307321537117809,0.6389649554709164,0.06549969025156288,2
0.8768300238801003,1.7944353221765401,0.3771657224740177,-0.16402275711207304,-0.3925284359224954,0.2571356563586974,1.1403119024256227,1.3542957364961188,-0.6381948658033023,0.26104846721289593,3
0.3195790186130237,0.31916787476873415,0.5407814819982147,0.8712807283039604,0.5440084731333527,0.7278621786030526,0.2607656291516911,0.28784326012198813,0.3957778215807846,0.9729266547699047,2
0.053531087439133374,0.7000028587426437,0.5871934873148182,0.5353674863931255,0.6308137175618779,0.5697189667823026,0.8434362910945239,0.5338420684563042,0.6469415838093967,1.0846407022801143,1
0.5064695655888625,0.7195285197788768,0.9033476483143332,0.3826286437079806,0.5092502205794488,0.6411408916810818,0.7747613757612936,0.09886348324054972,0.14347620906961625,0.2604978774286518,3
0.05808487955256117,0.5664114846189026,0.8248456082261845,0.6509828244624974,0.4066917632957495,0.9403395075457454,0.030157701666202436,0.8410978035145891,0.7079223389588485,0.5463801679398577,1
0.27118489613994023,0.9093362198717798,0.9963226938176113,0.6218731049993884,0.003006451198328569,0.19800557825240123,0.26730012075751075,0.7476105975480076,0.14209345606919707,0.3309780237535321,2
0.6989118741083113,0.30316973797798213,0.295848924924159,0.7555978035585555,0.8689182145015437,-0.2731824903741999,0.57328522389504,0.7781780125163732,0.7451269539575384,1.2328059210220381,1
1.091445386625045,0.46503162934898673,0.5386380086893313,0.7800046855306386,0.38655170235231673,0.8578409524562125,0.5274681129917612,0.1987968953181628,0.26023263983507455,0.3207997271052101,3
0.9187943441311235,0.7324051461787626,0.043664697141717904,0.7289300092706167,0.38033493972725163,0.935877535786889,0.7092028268380207,0.07581095317968994,0.7638133283951297,0.37292558193326114,1
0.5958064901021143,0.31246997633396884,0.2076937895422068,0.7750754074713762,0.8470621587373971,0.07908051278273909,0.3938754311613104,0.46384187071501376,0.7008965988980926,0.8551566604163151,2
0.5844508809964419,0.8793983209064933,0.17243712242271506,0.11764288043153756,0.7804576273740186,0.055388209288664156,0.2578421975918464,0.3666839086788213,0.5839951546298565,0.005246931884886901,2
-0.009626312080487587,0.5234686357238366,0.28378904192839516,0.004477245168940797,1.0365766477468443,0.4863026821604426,0.3771431183331463,0.6488453597096439,0.4511145104409919,-0.11089871297255832,3
0.09217209756417451,0.8622559422726708,0.31864779863471787,0.4746331924347762,0.5148448036165799,0.7822268218611556,1.0032482804462455,0.5985415206108524,0.37934031291604753,0.9713197895254624,1
0.5872439938845351,0.8924271076365,-0.005696758887614211,0.04341033700946821,0.3729226454568244,0.3127701562340272,0.1280635656644605,0.4929463282553003,0.16534960239550614,0.9048383381097805,1
0.3268368459266169,0.3971932774556811,0.3913541991771341,0.6733375977214913,0.2195463461823824,0.40545946159316376,0.49274647254196013,0.08322878369971476,0.9337219317584449,0.16058997292380017,2
0.6410301739744597,0.9205843026665596,-0.009601867991295823,0.07822998843787117,0.339344226812942,0.3313509405641665,0.14005564220237574,0.43015251366236446,0.10337422524014239,0.881098533013796,1
0.8878076582398784,0.6078048882315343,0.7988087302845456,0.04533475429341699,0.5695319466485863,0.6735145547258936,0.4277361958677254,0.1394213160048526,0.8440301769186924,0.9498631941870909,3
0.20417149197175194,0.245838014596778,0.3338469338867516,0.7502352061688349,0.4507875780016379,0.8903592676806829,0.9425088868462967,0.44579831325715996,0.5969078692914052,0.6017988297006363,1
0.9848076422266807,0.855714706150688,0.37819326373698353,0.10555305568533951,0.6735978536265906,0.9550683758722781,0.7212252014099253,0.13623962692502584,0.25794130743916904,0.8565894812148742,3
0.5125075172723923,0.46459036318142444,0.7373045774521341,0.9359524948453828,0.3735115266541145,1.03750165751995,0.6666289266056857,0.54068823238966,0.6412027943320331,0.1172827952831634,1
0.6201645889381897,0.34337816943088856,0.7897349432952455,1.016474021925694,0.5148402568596612,0.7580757517846637,0.4633359285487034,0.30899530875134373,0.710690479939895,-0.07287812375689506,1
0.8781856643621909,0.3531531539269806,0.2228969223328837,0.4178513069217984,0.5327347467785285,0.22249712824351162,0.21009296730579713,0.5808788151270122,1.0349216152792229,0.8103758794123508,1
0.12065794362606061,0.7320550490727189,1.2175771536647588,-0.23552251736316243,0.7263728899901232,0.3638627516668199,0.7280875407618479,1.2041752712923555,0.11024337653052219,0.6775063137639845,0
0.7149731159324134,0.4305427050973769,0.75711317595733,0.2763303775262464,0.7301529029756582,0.6013003468466194,0.61191098899771,0.363653023398253,0.16292113205637637,0.25422439330924423,2
0.4985449644343962,0.8247228219948832,0.21876974960908058,0.05594039101974425,0.8489159218892921,0.008615828247988684,0.2637359371526022,0.43374497155316366,0.5179068063107604,-0.08343975968396465,2
0.8043168967493669,1.0843920591108351,1.4279619586279266,0.32283693652006457,0.46410256660016114,1.5593064241962349,1.2642020023348288,1.3480707382233095,0.4880740587861697,0.8126308225044424,1
0.9507480357365211,0.5723419744806604,0.7600940059979854,0.06387142867151852,0.5453987827754377,0.6155280304155906,0.38701448001149047,0.20068250045256533,0.8139548155186966,0.9665901940759747,3
0.04450327589593541,0.11923614718547444,0.7697024557232618,0.30672351435412654,0.06386034462487482,0.26898248564624444,0.640418752634884,0.4092917235177578,0.3113783868284329,0.44954203255977254,1
0.8423143453312456,-0.003534345480901091,0.4169912055147012,0.12550254931654636,-0.12324847158336563,-0.10430678023080081,0.5285384919038838,0.8795221633622078,0.09282196677970786,0.6436291574141646,1
0.11890084660947312,0.8201789269637724,-0.06641027352955386,0.4811188967636101,0.5374210672746133,0.84581465794143,0.9913511040344882,0.1664901613688351,0.7466244022850752,0.6296664517228047,2
0.10408912444181342,0.9577543252753592,-0.06076113254028759,0.5448980377630646,0.776003399950744,0.8922454678913072,1.100164487385846,0.29159752070090617,0.820307712967574,0.7196183817762899,2
-0.026077377170564284,0.09974084346841817,0.14088790553863767,0.5788708177257156,0.6285649670554019,1.012580988068068,0.9440507977703254,0.4406630731356522,0.8202525273290899,0.31470993245914936,1
0.6696303133470215,0.6838132141896571,0.7814757761717532,0.4669542003426058,0.6658708527643933,0.6652167126065556,0.8489176524545036,0.053589876525763185,0.17713419445362588,0.3567267403648656,3
0.12128737752261527,0.052685212178893916,0.3081969569578043,0.7294820885073047,0.5176984351759103,0.5308306391279081,0.8953965780495665,0.5016775988546947,0.7246470245237588,0.7593368117293858,0
0.33055629246834994,0.41688389119792935,0.34746540443502816,0.7228163758319037,0.13829585598415117,0.41936347536898644,0.4899181521292214,0.0969553335359067,0.9189900813036496,0.15252527542961347,2
0.9239702414747838,0.5604391943204635,0.2487123254193627,0.909164839374773,0.28313186181783445,0.6834023349269921,0.6176007966185305,0.31354393552184534,1.0940140270033312,0.46599660544310295,2
0.31342437520564964,0.8739255143305866,0.95432922964863,0.5883976250967435,0.03664625864325534,0.2362073742413101,0.2450376283479741,0.7599045304965281,0.07586026174099302,0.31038224708035633,2
0.8520339257730648,0.9348708636634455,0.05522450801290744,0.799150512206875,0.7347111801823291,0.9564325161082128,0.5343727190157737,0.6442033194387266,0.12080950227743552,0.27421377383928264,1
0.2900540770038003,0.16247608498009575,0.42848349369545824,0.9078323374652731,0.3493763610167359,0.14546315142916488,0.382215482255261,0.5929558299311765,0.4236988581238196,0.2908149606086972,2
0.2280839442941177,1.0001065425858415,0.05888342891958297,0.5505227795406944,0.6553388582410774,0.7532343837998038,0.8523962950906201,0.0011768127243395043,0.8459345853051196,0.5687620848035103,2
0.5670817443919721,0.7942653941330898,0.26410197985212547,0.5435401249955968,0.7834485007923027,0.16683949115932112,0.07207466526907808,0.2116035560945938,0.5013969837034413,0.9088299997080437,1
0.827247298235998,-0.06274383600890257,0.08756167103318983,0.9651729716428864,0.8349437412820376,1.0232122763632023,1.1782353974017359,1.0890873179794505,0.430230585850308,0.6659003984617855,1
0.09443045764853308,0.5782255510130883,0.8545015459944945,0.7262295426189869,0.36531147406333714,0.6815510249402771,0.2666474294329186,0.48565556732942433,0.9415753319760685,0.43669741221422814,1
0.5242510571165476,1.073615573653911,0.2158258897787004,0.396073748649872,1.0817434189728805,0.595757847495961,-0.20799761314932252,0.7617029027285669,0.2996032411947711,0.6270894142529626,2
0.09214746348029332,0.6726474098295371,0.03048502877116972,0.37222276797233966,0.6361781963919882,1.046379249113158,0.8584817515604316,0.27858703272810315,0.7438853771357182,0.8749306266387131,2
0.6976553637905168,1.2764155580113776,0.18912833371380575,0.14110056014796313,1.325217493893206,0.34702550268179666,-0.16097968724555306,0.7175341321536337,0.26770386945274466,0.16547294086730577,2
0.7522344294280685,0.27130609081668167,0.5384216705583064,0.5233878266705168,0.336798613515619,0.20733027845466329,0.16349242114043655,0.32684834634948934,0.4129109222009801,0.669839235369409,2
0.47980825347717404,0.9982034598428086,0.1332034416024777,0.7022824173794789,0.7744702681347436,0.8354585940316613,0.7707219429717981,0.8291654963945858,0.11415204296700468,0.33187653305521236,1
0.23519823811034377,1.0594984867656263,0.07392088146252626,0.5701444360700951,0.5541295041703419,0.757053511129667,1.0204511989087464,0.12450463315773444,0.8298625105431707,0.7111384873417352,2
0.04981138674708223,0.7712214730571506,0.32592088280911197,0.5312863856060367,0.9211955484210529,0.5904960214202915,0.8881093171337185,0.635468393584116,0.6075180989091294,0.042928724738116986,3
0.11133634205512397,0.7292430540639582,-0.1595978827511441,0.4623248924713378,0.7822121987760153,0.7218306399743981,1.1053760762708407,0.12504165332604403,0.7369396620022799,0.7414054912472688,2
0.9732477548759377,0.8515528190615852,0.307642105068187,0.08689305503740422,0.7048487742080427,0.9026917030680993,0.778151649724585,0.08818606840021401,0.23024932548392038,0.8223595606516299,3
0.5317246503669578,0.1447636352643594,-0.3370481678384904,0.03342422134998986,0.5707075775684597,0.3903792986205782,0.7406275706114692,0.3875932672556109,-0.028705270978597597,0.1565965897872436,2
0.01017092960515531,0.15837717780542812,0.16333474371620094,0.8722498728293421,0.388839220515109,0.9561919579292549,0.7654444263954743,0.349234292707788,0.7684318830334383,0.5798403699907749,1
0.38540138350848985,0.3889906662815832,0.3574805457913563,0.7456805633076962,0.2098844175048663,0.37289891839380757,0.47125533511543416,0.10111790950725506,0.9887782406697307,0.19376572202458706,2
0.5208977060863696,0.8256819090111639,0.31644950715910364,0.5147890315557161,0.7956457865136207,0.15994516433718273,0.028732412123080822,0.2109601150320782,0.533580916548974,0.9177215678475538,1
0.6337812787828196,0.6982942133122054,0.5888834091583133,0.4688969689978717,-0.108617444664179,0.3326612000734316,0.5472310958325675,-0.07047549176782741,0.7196078829680538,0.16664257163472912,2
0.9368451122911969,0.6840306390431825,0.7855549242518153,0.17792901580103365,0.14274383696622908,0.8012385698192085,0.9588966569129252,0.7835943163396999,0.37761506727971295,0.7814410796742425,1
0.5063628686679869,0.2588343348033351,0.4391375364121747,1.1875415276287833,0.1545010537537855,0.43349309607810405,0.2853880542778988,0.5128285311911751,0.4613689626831716,0.027905490847488695,2
0.6506915556437467,0.646726497636662,0.2562721351365923,0.2312055340006656,0.6306677793567621,0.25677473972234305,-0.01528671321962688,0.5465012931837929,0.07508431059521167,0.16902563922383146,2
1.1069434937361755,0.3042752896454682,0.9019278063469454,0.46142830210081853,0.47731350061627165,1.107619464799365,0.7138414460533848,0.46217780575269096,0.6459127319367022,1.0628937006193355,1
0.6111131467980608,0.9131104798348858,-0.0059732418504263775,0.07939923022202047,0.3965643736043211,0.31820373968228793,0.1380079915426051,0.46716857645040666,0.15013655681440993,0.9266611089191137,1
-0.29966234111662043,0.5579167933336215,0.5125426357676477,0.984317930846351,0.17382461775050095,0.6046819060333845,0.5732773129345423,0.4322387383347943,0.27097846245909507,0.245349295979454,1
0.5971473758092106,0.4886799574533086,1.000771754778974,0.6613428170938279,0.5601758006810167,0.7942405963950668,0.4765961415063259,0.28114766952138814,0.5883354310792895,0.17688976956129,1
0.8831361707636767,0.5506392774271341,0.3156182311081754,0.7363983030573199,0.7866876462828394,0.7403155219728426,0.6778157252669833,0.11278386739133245,0.7689403011826926,0.9289144695023769,3
0.05645257670072204,0.14625402825231287,0.30618325139638464,0.6943849634993237,0.4441826843661943,0.8636795368816093,0.8480113453896894,0.34550405541023177,0.6557101096720073,0.4848325585430794,1
0.6451226575383197,0.19275251753608474,0.19605382386986378,0.2646738051160515,0.6631593501359656,0.032349424747581255,0.6222362707555446,0.8029156404107648,0.5647256671247092,0.6351529919145636,1
0.5863492021601371,0.9053504514802657,0.028744409095453023,0.05495701354602624,0.40112624134116925,0.3385411930244429,0.18191528498383172,0.4792806894175933,0.10170364636961404,0.9046534770282353,1
0.7431384097565281,0.8909355593957456,0.052446425331626835,0.8626091119184383,0.7380762218110563,0.9432100279864664,0.620497688668282,0.5577250525375114,0.03719299745488838,0.28426757861515634,1
0.6368860169990311,0.7076052106603885,0.7675823907529951,0.44560468511928863,0.640344307612084,0.6535233242543713,0.8598611226738063,0.0695362071134226,0.1899921167839441,0.32831214278170273,3
0.5103676590967825,1.0353916501213378,-0.144603007036741,1.3795625180818347,0.3228483351384074,0.7613024598117358,0.7346252380740123,1.079832472777581,0.9853246829338995,0.1247619832307039,0
0.8349254682440796,0.5959487103810341,0.724153760280365,0.23853268561990965,0.15734190405176574,0.7912814891204434,0.9760506928752574,0.680167496325247,0.4123706334029621,0.7599701776948459,1
0.558670653554605,0.699688789322693,0.444283465359577,0.5001468649986084,0.16635704560553205,0.9990322478221252,0.1400624645448817,0.26118510759648,0.09854325225660077,0.6558222738760779,3
0.4663753516240702,0.6560100163617626,0.7537389465635654,0.5223106676512789,0.21458333169243876,0.5374993550858693,0.1622619790044032,0.7771781373225153,0.5603268060741745,0.1379491839317053,0
0.957086830346057,0.557758420731262,0.32105055866784593,0.8704634498498974,0.31107447461647036,0.7104936551389145,0.8274304519868503,0.4250950646832882,0.9297609565555286,0.2720258341326511,2
0.10260932870242608,0.020741007353480126,0.15269616341069467,0.6021387695056997,0.4759930612087988,0.6880275957351581,0.5305224664790456,0.42242080453771447,1.0078242608571852,0.8403293911821957,0
0.77996199907613,0.32909568829220487,0.2959561873299794,0.1983692381884874,0.5462172233493401,0.14797022379052316,0.7430411789881176,0.6960027368054525,0.5182167210164862,0.6159932444921676,1
0.5843040490293576,0.5947872559112661,0.22973262956883886,0.9509998815656093,0.5395409911575797,0.7127234672571692,0.30042561082328634,0.4251223146944094,0.33698713926078505,0.7493324514130211,3
0.6499036915585819,0.22218827452611048,0.32559872709464294,0.10093933174063766,0.718821001671987,-0.19947146951916117,0.5119686937077177,0.5712398353789329,0.4007047169752976,0.7146834716947322,1
0.5900912975887024,0.7563369409445017,0.4268800588968337,0.4959407462779175,0.1349691165257344,0.988737508684981,0.17603671008386937,0.2772281952521384,0.14434445766912574,0.6497845470793615,3
-0.12134596532562933,0.2685368166841482,0.3731088807988285,0.7283153214112584,0.29440115646008813,0.6734600107685722,0.4632808290849565,0.48986185768826945,0.8827094512384357,0.9909229935357586,0
1.0539680012224455,0.648693287798831,-0.11790994971577745,0.17919299659789908,0.6938490928067612,-0.11414775026863724,0.18374161214459794,0.7841035032062978,0.9877010848811081,0.23132886362645022,1
0.7329249879463898,0.5076080737432201,0.752460028790308,0.393666976846021,0.8104213561734736,0.7467246754956731,1.0350527923257855,-0.03208383618712142,0.1145790054070879,0.4937990270559478,3
1.020352974022223,0.5462665371894828,0.35367902595621126,0.7799282878384414,0.3212871073937356,0.8075465479966015,0.8749714764770194,0.5037526897710779,0.9990147996878278,0.36740811793057643,2
1.1603425197863249,0.19125731511571525,0.3331307999457945,0.8643441952666907,0.22110061766450267,0.7197020656726717,1.1528155325553153,0.3011556195372196,1.3140752275526044,0.42215227136790023,2
0.22854375391358153,0.9273440708692817,0.0684520634332814,0.47343595815277145,0.65139884940423,0.762302253409093,0.9535907870309003,0.21470373616713437,0.7303163452845969,0.7501522374932658,2
0.599755783618221,0.9450688087416976,0.05349725913437023,0.05168035093420968,0.3810304906617607,0.3345802974602049,0.19222225579547458,0.4230788892474949,0.07633412208192655,0.9080667651571394,1
1.2207307346999516,1.2701386828263055,1.2065210650342757,0.915485632149084,-0.5216898265444782,1.645556974442071,-0.06922479185532818,-0.010310771049968193,0.46821443011756747,0.18498182000905183,3
-0.048738576511127285,-0.3089070561579833,0.6401747099748727,1.4585420406741676,0.8272685561490325,0.3154160393663824,-0.12327950527234682,0.8498881095726784,-0.14606226409555478,1.1393216058784736,2
0.7003357035007445,0.4592349180576759,1.0671820961203229,-0.22465646382783255,0.7596141715561067,0.22866281187903442,0.16798164023742723,1.2135710476290782,0.7217181157826134,1.522981696652261,0
0.9093648242639777,0.6021225902126723,0.7245625466098072,0.06991375554329839,0.5425641478083305,0.601798343966336,0.35179422854591663,0.16049299906783454,0.7824478486358157,0.9506420653509233,3
0.8746630665609577,0.5679613736807657,0.29930406444521135,0.7160672502829806,0.7769269072833264,0.7642042381104703,0.6928156148346899,0.11441181991751923,0.7775627668497527,0.9159041853036288,3
-0.05016748911996738,0.3596586131429954,0.4451069120965059,0.03008075669860548,0.28687261305129286,0.21314899367102935,0.33201539435124106,0.24720771705331124,0.7145578638574284,0.8140256988797592,2
0.5777775503520752,0.9225047832000677,-0.014123265024147322,0.05930789894105526,0.36325404294335945,0.32035328791222195,0.15716759749049086,0.5059005014859523,0.10818626476902422,0.9263019463550386,1
0.7548264136933424,0.8898836632938201,0.068363839667643,0.8653159439972646,0.6970535556136924,0.9747043209820355,0.635651724937756,0.5458336439915632,0.06435539367363274,0.29049662258600406,1
-0.003283729322669675,0.1971258656041395,0.24409895484088895,0.674446345712202,0.47479208218999275,0.8621193782949348,0.8587260964493177,0.3328009712930137,0.7008415555104378,0.40730236575032813,1
0.2243650954116321,0.9186788555142741,-0.2092714299065599,0.34113063679500966,0.5113367220692879,0.9420371075796957,0.9470445866807068,0.27839723483877166,0.8178922837761539,0.8972928600591802,2
1.6002722793908206,0.46235988278746887,1.4441165247313843,0.3130356181419649,0.7887881533556329,1.7437136159191324,1.959521555271028,0.002748893970437205,0.49891009585892654,0.22095398313789627,1
0.9592468287017841,1.0324505603600318,0.15893654502612137,0.8827690436226908,0.523343392659618,1.1646400542388988,0.5004943639756013,0.7046165941797521,-0.003166046494890877,0.2591824494407744,1
0.6930517343620471,0.24948714048677983,0.21301189272309629,0.12060589540714325,0.6296463085490807,0.02700321207821184,0.7426099374364233,0.8491595617680779,0.4515744524125098,0.618402720314046,1
0.07905956443750697,0.07699231074287485,0.7101406097149456,0.3627954523660847,0.12349105565255722,0.2094372860238461,0.7103207029637195,0.46602000316752196,0.3344582132620012,0.40442281407020947,1
0.46309977723361667,0.8275734852575117,0.2379312323168789,0.5620540709982947,0.7634167272637628,0.21981870721256902,0.004637622737037068,0.21064153291497004,0.4563124787084117,0.8898292407952084,1
0.2695480772387346,0.3346351686128992,-0.08606265703785781,0.6120280635380584,0.46990720195301117,0.8316725668918605,0.09179892578242504,0.18494038904977644,1.094315793253628,0.46223626410181506,2
0.11309968805185819,0.2022913075075914,0.8686124345789857,0.40014185439928485,0.15616873339758505,0.2807043851252497,0.5444775798513148,0.3151342596498353,0.21934240309952208,0.4881510239055525,1
0.1629795825737064,0.6525935780393639,0.15442792529943655,-0.03221971678347339,-0.015831919127905214,0.5722165175044376,0.6881568495164243,0.48953017659799647,1.1781876114173406,0.6477283583954935,3
-0.11824346662535781,-0.0444899448198984,0.711531559252031,0.19641871260452368,0.03194510055348747,0.4143106797120696,0.7431767348953424,0.5310163419629166,0.3683311910756541,0.5486622467887705,1
0.11242700730358147,0.7427487948947756,0.33759045391882453,0.5249043179332411,0.8641670309444103,0.586522956160628,0.8901913268610404,0.585219990039586,0.61027707387511,0.1360351436993511,3
0.023801930649328007,0.7627872107148921,0.13054074696933532,1.2684127787117718,-0.06294110493518323,0.24584087472750044,-0.45556158620696685,-0.19050762344541883,0.5225519970147965,1.1930231241751246,2
0.7153787948476187,1.3151904674337118,0.8101017474967607,0.31000684713239884,0.16943220898486083,0.39816007215353366,-0.12072473375066711,-0.3286638859116522,-0.364556772166011,1.2097498679540117,3
0.672448721026361,0.03219585146389479,0.7151699700719437,0.7931695938252872,0.31484636693606227,0.5443296543346143,0.7363538799522528,0.43702699080603497,0.3652426425121439,0.32895938718747747,2
0.9341664977262335,0.5732731415527496,0.749006435341739,0.07515603631945815,0.533635890924444,0.6349927061837544,0.3712896920789484,0.1976808666334944,0.828812230905426,0.9798446270242106,3
1.0991909521749965,0.23717565002766952,0.4026761993907296,0.034140529315194915,-0.05886062463282567,0.1392500368073601,0.6116484473222759,0.767371890763191,-0.07540065793015292,0.5934064494972996,1
0.45622379229629695,0.06950856533316853,0.11237396107896494,0.7022110136672954,0.5672216035968498,0.7781434244119481,0.9703380619934538,0.8493643079959334,0.5234126495736098,0.7867804927944733,1
0.496627718885539,0.06113489048449547,0.11946409410039488,0.8678536689894566,0.5228373135792891,0.7145187328150548,0.8775578603792968,1.0000057104004476,0.3273964939521466,0.8711586257293864,1
-0.04199347001120396,0.4897706912875247,0.5757787666872032,0.8592573559045349,0.43289678815499777,0.4457926449371591,0.4981907270245027,0.7967103675170585,0.480523874854026,0.16199913889856887,0
0.5671438778692024,0.019269017636845492,0.1304469200823119,0.93019909853869,0.49016096597432524,0.751688284201987,0.9607364480424543,1.0547524694940564,0.38020176759658014,0.8097375960371377,1
0.20712849884464746,0.48514332845852676,0.21004202603550373,0.7852959390122923,-0.16182210593089957,0.5289309702103525,0.8064187138447535,-0.22879246541154574,0.9283056436715342,0.25382253554639056,2
0.3266407469568978,0.12050556184982861,0.1713425182360624,0.9084065289046444,0.635403579581001,0.8490059645089785,0.7285746364636205,0.9373685516784827,0.256678345118795,1.0501483905516587,1
0.2684002408585356,0.8584875918568945,0.03973207897379011,0.4066905089424024,0.5713716845736734,0.6811825704944385,0.9445512792662394,0.2639932991930598,0.7942716499751541,0.8141948678871472,2
0.3737065957479512,0.009064090198380365,0.20806425179715773,0.7453775640404021,0.30587150452045236,0.6900684943015856,0.5982866167241181,1.1471990255628286,0.5268426480622374,0.7219080479652566,1
0.026623733506712204,0.23264605722572673,0.6935881230802069,0.019188345490573137,0.039082844586116654,0.2816290937656642,0.1297483762712219,0.8738930947864813,0.46281845231543345,0.3003059501082861,1
0.1795410902992377,1.2093908527424881,1.1318785041237123,0.4242813958305319,0.40925502908598776,0.3064732292097143,0.5978682478526627,0.9750146433084671,0.5024250766799514,0.09299730194412319,0
0.6763594427948545,1.0012184434489304,-0.39361309689793966,-0.380100160897607,0.024568109691595202,1.1537094005571569,0.7468508837764135,0.5740116506670213,1.2253568533362373,1.21904870226205,3
0.7010328071691043,0.7314554183859644,0.7372475626218816,0.3548741054066728,0.6568140953376316,0.7372659345675124,0.8101464568542661,0.1409798391119884,0.22373073062128263,0.31063502076457783,3
-0.06559788424798482,0.06440002487012678,0.26965915936344603,0.8213734665302785,0.19862458088127383,0.8551281174089713,0.21525786522412615,0.4697473007569382,0.835809191555562,0.9758415640909358,0
0.9221874029281444,0.5912673135589208,0.3032947577464858,0.7705537840216552,0.812008190312447,0.7646567104735433,0.6347399902073959,0.13664174824896214,0.721217772021718,0.8759197069438985,3
0.8213500779620158,0.7536546436146869,0.3797218006623582,0.6251994993219743,0.4099766553999966,0.6943536938017629,1.115672743252897,0.23435697313867287,1.175392607565559,0.03339767878572636,2
0.372071139883619,0.7843708881233322,0.01713939416528315,0.32917989298504685,0.8009488449202087,0.6818935711553912,0.9821144631810692,0.24345150137857724,0.6001556530639522,0.8464063942952206,2
0.6638726904424457,0.5112280892723098,1.0849688497683427,0.7413605431047995,0.4870218338402551,0.7248665918637424,0.5834037146275479,0.3164643836145429,0.5254268216435967,0.3571378301646826,1
0.3246934300248381,0.6771324459459188,0.9194595596050584,0.027486336382634168,0.5704841401219561,0.3792510683571854,0.3797352008364697,0.7907358567546052,0.20774288677478772,1.0001496351158226,0
0.04913997174206779,0.7890132281258485,0.2960379800506781,0.5139856728492744,0.9088283476504391,0.5877892750090137,0.9163197507768073,0.6528294330678137,0.6342148214810681,0.07217953280678926,3
0.39572787626409683,0.6672141659030781,0.7870417564543889,0.6205792776922936,0.20007628154412646,0.559306217099772,0.11436764523434181,0.7053427887353138,0.5101526508570632,0.20259355936106846,0
0.30904501966641096,0.42038228952008005,0.987657001138147,0.6216010717095298,0.3769723131236885,0.7317224735145422,0.16574269493660515,0.6569258073030377,0.9445872992200451,0.42979377538947955,1
0.44489449871148196,0.4503297298118366,0.7740917352531484,0.8053021607678028,0.5688801237955784,0.6565157522253589,0.28536416759765776,0.32751217182526327,0.8869987569331274,0.7086503861635411,1
0.7369875456174477,0.58916833306954,0.7228043465063803,0.12054408223008392,0.7566663990245834,0.32170885199656385,0.6723064688483281,0.5505797110436899,0.3181161777260708,0.4132504631716738,2
0.23259130831979372,0.854095932069551,0.9635436823900367,0.15647003759371672,0.8058926729612719,0.31364928421507254,0.6685285162734318,0.7240894473385249,0.5772711905958032,0.7767524936004766,1
0.892064500796522,0.5351928049452569,0.6916479504134779,0.17591130341857686,0.5160220042123598,0.5903575647052098,0.3688442250415348,0.23223926886900967,0.7670268881879636,0.9870594325072479,3
0.8742425504905567,0.6140743328337298,0.2952730503620911,0.9070937419235074,0.23531238155784595,0.7016432724936349,0.8048483051989942,0.4489241185521714,1.0739021905273725,0.3984561426301141,2
-0.02109622214839843,0.3942369117674502,0.5316562773638575,0.17054085675112812,1.0743720174208347,0.6969487142468501,0.5691432270460303,0.4360187842995101,0.4344219586729275,0.14321445068585967,3
-0.014870662103677296,0.843031034259538,0.34882358023152094,0.5432456354115808,0.9503172795784819,0.6268363138448387,0.8601023466717043,0.7071148375576922,0.6125615806346554,0.03517234502761435,3
0.2134695767655159,0.36621295596065767,0.24778018555586961,0.8581182279864106,0.3584007013690819,0.9350083699531497,0.917758585038219,0.2463373027281937,0.5723552133359548,0.588625488260023,1
0.7172991060719333,0.8745211537362712,0.05477131080753198,0.07826618385905232,0.44437927934848087,0.35992803175245425,0.17412309765383538,0.4655419708380412,0.23687575102106445,1.1128196278257994,1
0.777112825314593,0.6377464699564449,0.4179445599246881,0.7643408088031403,0.7640846287552328,0.679598715395947,0.6299421327507622,0.10161423719221627,0.7749100973690018,0.9427646599352486,3
0.9760877664005575,0.6566369498047845,0.7644824654475003,0.04502043557535047,0.5328054948370137,0.637288734280121,0.36483584726641494,0.1891336848033383,0.8872062985877085,0.964084115261124,3
0.5128768925317312,0.9029827279440839,0.23512098952997623,0.11328709810154583,0.8351529545236955,0.12100912493365605,0.23729958565708856,0.4152434229000065,0.6269987888550534,-0.04909219366523318,2
0.029213989127408906,0.23297784983437558,0.6817584750966925,0.02329125886170961,0.03501718909038074,0.26494158358141817,0.13079818950321526,0.8814522397564697,0.4777540932860146,0.3115594721068608,1
0.8722207781754016,0.6740377566651955,0.126262099299655,0.8110416233527256,0.3643853207395958,0.9875712673015032,0.69119001666649,0.14996920182105902,0.8107178328022793,0.3366897916557753,1
0.4929364512789113,0.7852746025258027,0.5735755362933177,0.1602806306146121,0.48356128161272977,-0.01259264187771407,0.42540551355199535,0.2890387641482388,1.0105124947007003,0.35277343050799703,2
0.40121820744947284,0.918436324551473,0.968859333334355,0.6723122347337875,0.09325369004735423,0.16199267161146597,0.2232399862568774,0.6999526159418868,0.05410670115614499,0.20955266834516365,2
0.92368119863608,0.11490112053287538,-0.5584299284022499,0.891140178686874,0.01530333982553364,0.504377369106182,0.09380223913963465,0.12336167387505256,-0.555153970402702,-0.054160736294421086,3
0.06426604944732384,0.49427050182146537,0.7183771530130632,0.8793529344963273,0.6070096720982132,0.6406414091069914,0.05684448047806055,0.5997671702052974,0.8338082491624852,0.47133302163105073,1
0.6222785899316432,0.729371071546276,0.7707562797856771,0.4251950866346731,0.6377381231328364,0.6456626269162636,0.8887302033446731,0.059007984780345385,0.219698025338506,0.3081839049930992,3
0.9051013752728889,-0.16843942506296078,0.14570997842391822,0.09138378340838907,-0.1528871727796858,0.15753170651739173,0.5474169355828914,1.0228847322121535,0.013607360436924967,0.5887719204068049,1
0.34539047613025764,0.43491612184719064,0.3634787219130298,0.7117818478473683,0.1331761873767654,0.43731944603258777,0.48961702409561314,0.12053602893986434,0.9442205391761463,0.21605857707606965,2
0.2364182404736782,0.2665369376739585,0.6402272076547781,0.6645674565660107,0.14313820380446868,0.3868734945940061,0.8726062884073991,0.1289977737600311,1.1679151104207253,0.014257661495665125,2
0.5965638654171145,0.9208617707531274,0.23231793910767723,0.19264746536825067,0.746035832464236,0.1365274244280032,0.33763795378677075,0.44291599701913575,0.6347460549416388,-0.033592735427566627,2
0.7432238652359945,0.8168023935285926,0.08721003132041392,-0.05708143443853095,0.9157700492588062,-0.1145921166627758,0.350405604607945,0.4209186429906693,0.6255403091616216,-0.03971020285302972,2
0.7570875283365451,0.39045567040543866,0.9001981371206288,0.7294533844656415,0.5097526318755127,0.556556049831173,0.10889061605254813,0.7436442763213021,0.845798814388999,0.39776999480241587,3
0.761209586918602,1.21080194449589,-0.05258658968532277,-0.6122339819764164,0.7424293667589066,1.2378761734241779,0.6385560944755957,0.7048535195818484,0.794815647904735,1.5578396430916142,3
0.050652073445176055,0.2250246406382711,0.21693933566790347,0.8067971748993483,0.3551216310881565,0.8494851636590569,0.8763916657009376,0.23695628794625923,0.7104379374985001,0.4854527053587783,1
0.8673304708442955,0.6993605496260101,0.6623745367934245,0.15757924289455355,-0.28793053107819466,1.1535891044172735,0.361025777776023,0.15389433081488402,0.4263381716593037,0.2417696955789801,3
0.6634961663227974,0.899781426678517,0.22255381291409912,0.26706940802786483,0.7881053605576681,0.497283595692981,0.05470482896697322,0.4448553265744793,0.14984724723433626,0.36048068489379925,2
0.306980922755541,0.6868224658802651,0.8954482581163581,0.8381847633025953,0.49573748025667236,0.6798163083919595,0.5184085217634792,0.529616929890466,0.4316204216325089,0.15810322871652965,1
0.22063215030860098,0.9131841413376555,0.17488879106198504,0.19987403677800797,0.1093111150073251,0.885982320918997,0.9029651385178811,0.20705527189514733,1.3031578972282272,0.725703893569031,3
0.2521161910939475,0.3364051261784614,0.9842533721215964,0.7957350148370339,0.5236394419992015,0.6345876391053167,0.19226567307109305,0.6680354910359448,0.7737779184876573,0.5083340873416738,1
0.09676316319447306,-0.0017994961409245024,-0.49956878387606884,0.7646917171077982,1.2959826236750867,0.4458487906084784,0.7731054021975639,0.33782665932856315,0.9359535278914529,0.06278831421355631,2
-0.02357310439126528,0.9791988233701268,0.5893356424224299,0.5323517153568895,0.45056465365650444,0.5260783591683722,0.8865928534528557,0.7317671956756432,0.4376390773510897,1.0437091608222053,1
0.29874581888303564,0.35854618942116845,0.9309391466520243,0.6582001084539995,0.3112451908489874,0.644159368304944,0.0741708321400454,0.7317154412473784,0.891448425618652,0.3610527097026957,1
0.36403665066033775,0.142726405203275,1.248576395765209,0.5799906323971173,0.49202191760901004,0.8546799236482195,-0.08982032565073322,0.6019572784864506,1.2309804123389434,0.6314258879211173,1
0.5368279113029671,0.3908716128955752,0.23627463972832796,0.9925090304562307,0.2366950757732005,0.2956545092790953,0.4346694939963961,0.5453203039562197,0.5910116107601954,0.24568427724263778,2
0.5656268265342983,0.6157063587837821,0.4896822697394644,0.10170523269994669,0.800505116557229,0.49535787011347654,0.3434343771530459,0.34566452616034693,-0.07470196253735976,0.10308112867752048,2
0.4812070626888989,0.04188662050077245,0.21226262979666985,0.8057536283890243,0.6116099395552653,0.6546692232237543,0.7954315697685921,0.9882849628372139,0.36448345594510784,0.8923351952912746,1
0.9651321326064446,0.6096886617393424,0.1206194373230258,0.677585114085909,0.373216999888541,1.0208233086623695,0.6719207536977979,0.018800801316911586,0.9717948918768413,0.4276318802016402,1
0.13292974373504565,0.8662910191915503,0.363276069907424,0.5552005685141039,0.5597758677623824,0.5762062972826438,1.0131027043794696,0.5115598666058919,0.35900283735738997,0.7951200132883616,1
0.6252101910914607,0.7091146369094138,-0.05286267108087872,0.7524700712082928,0.511434781885434,1.0767219445222795,0.9703643000430822,0.20518452167539714,0.9024727555501216,0.2541276989452006,1
0.6785569543412415,0.604221727204416,0.7341854404756358,0.4998637294638558,0.4703386254742328,0.6204588595036996,0.40553399782462063,0.17089004644510106,0.2781662060769151,0.28032936646546114,2
0.8071868188487643,-0.02497674422208311,0.31013015796832455,0.8017646023772292,0.7833795365031226,0.8304561750040398,0.5438004432779725,1.1109229093679747,0.5381861649820272,0.7788631514235664,1
-0.14576982119081655,0.6175583432391971,-0.18277343196409457,0.5544953094202872,0.25858851934026983,0.7617776620267613,1.2355546113335323,0.3184352042232049,0.6539347149329865,0.8446153130959677,2
0.5521435903371856,0.9111936789307282,0.13529345068357934,0.0806362461327911,0.7893713915459492,0.07661463485556691,0.2579285241703564,0.384529722187777,0.5565568303971984,0.02554262349788836,2
0.5189244805752063,0.06580369128445274,0.9526434571462897,0.5335800403283376,0.6685775094961109,0.4823098659045049,0.5334389974268254,0.37361317708994596,1.1318112646714589,0.18061273900225394,1
0.8276711646904144,0.767950139672133,0.48061778515233144,1.0054581295813199,-0.004288515271611781,0.6789419938491397,1.1175054378279015,0.3967846791904608,0.7396187700194075,0.6079576710025429,2
0.5091893902759559,-0.9862730345476922,-0.8791919296548668,0.3117274633495081,0.693754096088589,-0.1749991714477387,1.2248264332346372,0.6136390969953571,-0.5270358313324695,-0.22430040162591058,2
0.28860364046798803,0.8851038552443347,0.9717328987924595,0.6309141362307046,0.022852916629463167,0.22691551175484342,0.2744842945481787,0.8268081966730483,0.0786353310780874,0.25928053840319093,2
0.47878062725541526,0.5942868234653543,0.374152320458809,0.6994594414252242,0.2951238691549918,0.5158222901479896,0.34516902461103216,0.1244929027605225,1.1079595645779303,0.2990002627790245,2
0.5981522782726638,0.17712284661156452,0.12461567137418514,1.0303064161243425,0.12612382032075994,0.15641064316098047,0.4704728676997748,0.37282487326189545,0.9711649322178078,0.21410149720098454,2
0.9545872445360197,0.6551703632580462,0.7641265233997457,0.36900002477927873,0.1381563118499652,0.617806068889592,1.1676067214548016,0.8985086255653041,0.39024737424866335,0.7951589822821306,1
0.531186986117661,0.03445554406042611,0.16274008502700332,0.9597486068267194,0.632724698927573,0.6803261445878287,0.9686017595861548,1.004950828796728,0.4357388029471163,0.8885576315576201,1
0.1827062464487647,0.289973107258846,0.9023526056845922,0.7230586227111241,0.26574196779118503,0.6744807897538191,0.08408686324363777,0.5533994173594771,0.8672995177510969,0.3909207760621727,1
0.4908796979613805,0.33649543073400173,0.18098616126154007,0.168404674633956,0.12079904846336628,0.3975614051125248,0.1509899898431684,0.11627281575920961,1.0537229388102354,0.7447147992251913,2
0.27213615735362756,0.8016348552607779,0.8295826875037918,-0.16397382103193614,0.4487554968883274,0.3425185380816886,0.10475804917844883,0.7714491172314332,0.08100239171338391,0.7366422401926525,0
-0.10687803144398977,0.7103927759984316,0.48505921836087973,0.44497927511207314,0.3742807233210863,0.571396994933235,1.0650787949451554,0.4445664361362806,0.4614413528502391,0.9391448648423306,1
0.7460268631632346,0.37408351649985955,0.2729988672036736,1.0961450998153097,0.34945526968918483,0.16642854814806385,0.17547004086210738,0.4466032172469825,0.5268836888557542,0.42294122267385775,2
0.23768818705747197,0.057229171328148094,0.04059416630920279,0.03924273405508634,0.6963912342754295,0.23311859366644538,0.521583575797119,0.4748659020219715,0.26957034041874295,0.09955749604595289,2
0.8671947575014016,-0.13719437370451026,0.07246911519173332,-0.2569740921217411,0.5296455691358581,0.11230645108563153,0.5111228558184548,-0.5547570580460471,1.659297997838826,1.1194987526949696,3
0.476967794367285,0.4050211057992858,0.9802357954954027,0.7494273685362741,0.4871511250517467,0.9097276740407343,0.3672539824665032,0.30428441524781535,0.7658097984925358,0.18662828608355056,1
0.7892865702428724,0.16872090266659245,0.4651177574805623,0.6870650400238232,0.6192844821118659,0.4449137996823323,1.0345284734759805,1.0451050736032907,0.6831405450778572,0.6369674832507988,1
0.1938894318654722,0.6057082573985648,-0.06462927456547239,0.11169409269789217,0.013666626835002749,0.694528335702652,0.7498144320290239,0.18630510085151203,0.9334012937371031,0.8891147003190744,3
0.7586173355824466,0.7798092697462625,0.9033339529925558,0.4498646031991118,0.3229397842421044,0.8903817664391165,0.9964048748483081,0.8375715717931282,0.3139818661992338,0.8786020486197101,1
0.553402497339214,0.25354789523440335,0.19506269707549836,0.2867871645119454,0.6320574867190426,-0.0979256959102563,0.4584863036771404,0.8621708251498501,0.7132958305743682,0.6834779687732311,1
0.2918533346048775,0.8428561373010176,1.0246916819461116,0.5656113800662047,0.05734644032794014,0.20777977414003035,0.26351774326492167,0.7405724692297024,0.07825855923877087,0.33893951743024264,2
0.7069458923167884,0.8197091629532716,0.2610948063348866,0.16321288455409977,0.7454589013269153,0.38316362542196053,0.0821411236421509,0.4314895651031842,0.019116861251421226,0.30222568765202623,2
0.41047360218022444,0.8482419960054789,0.9962275041451899,0.6619684399308186,0.015952683707455083,0.25604328740795135,0.2040784143394914,0.8194082022278503,0.010654930549414715,0.23059131217780982,2
0.10611735741176193,0.9211929836054987,0.22207789497508468,0.47854045507111886,0.6219340922887298,0.8034732311445268,0.7986228713698691,0.7162394956067554,0.38106836283706164,0.8385934575525924,1
0.707243350404718,0.24020606095092958,0.3806020295156933,1.0640680986208118,0.046431896336748685,0.6021901221825391,0.5379418799668183,0.4380371457213158,0.6990160202244992,0.24003700615929022,2
0.5337466392431716,0.7088561151625492,0.8550718984340377,0.6306527640757189,0.6138580763629157,0.7175417026095019,0.968739799131856,0.042463340053292,0.030662414612629252,0.22346243209463224,3
0.18301679931795042,0.11472313330958933,0.6260230324091971,0.9624344467710728,0.30617061806210555,0.7848467311118985,0.2650914445697484,0.5381128480072479,0.6505329433396818,0.925497240069143,2
0.9917860721956776,0.8666928319111009,0.3554651496580663,0.09760423411543982,0.651061811147911,0.9513327381139818,0.7306651113632681,0.12931984451297743,0.2495680502298052,0.8559229707718192,3
0.8299350582533208,0.5485720388882634,0.24352418066849446,0.8190523121396563,0.5935274692508639,0.8708566228617456,0.5788260646438148,0.17681217886039424,1.1457700088924248,0.21698953656613262,2
0.6106048227882366,0.9130456204243272,0.007519954810985381,0.050778666877971876,0.38044366324625895,0.3233386065105104,0.13424721805392653,0.4934196312870437,0.13826756204167276,0.9151903011087231,1
0.6385104820297206,0.7481480945352355,0.48193902059041266,0.5073597742706752,0.18558055067225632,0.9661236231153831,0.11283319617386131,0.26168400652526885,0.11722262665910782,0.6302137101590347,3
0.5042127489922802,0.4755149699450854,0.17377173095096027,0.1452558461557341,0.11831340001186512,0.9388842301767178,0.7942785913679773,0.40430570038425506,0.9636781612009643,0.7438266369810427,3
0.10045164672334742,0.08743359371374237,0.32219211468834136,0.6963935129022957,0.4977699178717526,0.6044403503304606,0.6227262793544908,0.41162244243158264,0.8975107935191484,0.7846958514160878,0
0.05985310678258889,0.5958730951860101,0.665538254674599,0.7638022942979349,0.36576844283118987,1.038204481480783,0.6116483497554177,0.1602933071619077,0.8727750689168223,-0.2552907478454426,0
0.6017202369363521,0.23259675031000387,0.2935848580883421,0.3154876072968608,0.6515494356376863,0.06594738117963722,0.5447537545995095,0.8386591142044365,0.630078828222753,0.6637568837722199,1
0.6641611838376167,0.9240526903017001,0.06167084828996066,0.9066824262803111,0.6904904689410092,1.047060681241133,0.7180703170987482,0.6287291608885643,-0.013735083616244273,0.3202649254760062,1
0.5619596756917953,0.1517966478682109,0.7877351180073113,0.483525228243547,0.24000363975026395,0.7264631292480573,0.6350853837621364,0.790719723731649,0.5120118810739385,0.1526340635132587,1
0.47874667598618414,0.08860834301670886,0.13208248724627566,0.8965337735990635,0.5411611021448436,0.7320713333884354,0.8428504139787952,1.0041929428002887,0.3510836484431892,0.8469232936974255,1
0.08569830138292107,0.30653310521755106,0.3091089173842587,0.652636070848545,0.33751642177156516,0.8507643366613751,0.8536898209484189,0.28253417733153835,0.8406528871218554,0.6673219052659062,1
0.2805405346025171,0.5058578920987173,0.29997671159691836,0.681959351021361,0.1634621007890692,0.48899016225272735,0.34387395891425193,0.0014620690795304758,1.1200875297535404,0.18780311827565374,2
0.8180044597144981,0.27579501707317294,-0.05492252456958724,1.1230834775856668,0.6757526077972646,0.8017616457584231,0.2881439942990591,1.0384641520702114,-0.3098781278424776,1.4500723261937296,3
0.1422494944994919,0.10862748690927014,0.2912955404282167,0.7617630306312163,0.4750161748029354,0.5745083707138474,0.6011669363964003,0.45522514997678754,0.9380515719350685,0.764289051763187,0
0.3074086062361315,0.4318849045968044,1.0072244028612511,0.6191639457609368,0.3824236210147545,0.7422284496879499,0.18501741799612512,0.6429370675550498,0.9471000475586828,0.4058966628079119,1
0.3025867437070595,0.8444755960573928,0.04301082204747685,0.47579719742385135,0.7137305912980285,0.7623515325194387,1.003281469799104,0.29812315092491753,0.6556210292738132,0.6941876298255372,2
0.8957138823662287,0.5778989254795708,0.32494073411628666,0.7284199721540824,0.7728347794171629,0.7559391118582341,0.6518176663598708,0.07895013869715191,0.8030474386248804,0.9399678025822632,3
0.03145564469664134,0.23679206194583674,0.6997046007576265,0.017839359566723664,0.04277194693172983,0.28032239791088126,0.12969121332043532,0.8689711501038745,0.465245436276769,0.29628558960341983,1
0.06287307988564264,0.17386375700941273,0.3202775613177686,0.7217156842032909,0.47826806717466613,0.8426066791246904,0.857618225468098,0.3666624775853127,0.6772895521537842,0.4740472861152877,1
0.6209171566662586,0.7289235726501266,0.08320205807171663,0.35132496334100277,0.9285589591450423,0.26744190471646423,0.1571097933819645,0.5538718708181456,-0.10547618474748988,0.209407804399369,2
0.5385004465070697,0.8132458606493841,0.21759242186789696,0.09479679522077208,0.7259518661188689,0.09982777264628166,0.16352290425735388,0.31902062502776835,0.606423106608441,-0.043806841036794414,2
0.25016768606378265,0.3904662747234999,1.210351088037175,0.5967800794092897,0.3083225654581069,0.8001126175810932,0.3668041699652284,0.12903052384104008,0.9020562923702585,0.2750507672107719,1
0.00956367628022474,0.2461161653669897,0.25978883604366576,0.6833106347721459,0.46746555504398474,0.8524674211962193,0.9523891384369844,0.42215136775390294,0.6944757704833167,0.4820472337008924,1
0.7511362091094202,0.9494935920375102,0.42938646967649907,0.03325411358151445,0.8786291690761474,0.31266844978050123,0.3281965858895004,0.44752409785323766,0.14509944287097465,0.32320871719787037,2
0.9431254917195572,0.5728721482915443,0.7599645472697877,0.061564934015901476,0.542333493834281,0.624500662076826,0.38579257382907717,0.19299771033501392,0.8063430304965628,0.9629341657925843,3
0.7096817495805681,0.6297522213205103,0.3589873672264419,0.39822618588860453,0.23677263779302096,1.0895082789453028,0.19951718737264518,0.3155292512228829,0.2843340920605062,0.6837833569113605,3
0.2083119078541314,0.08630699465970368,0.36745187552928893,0.9017992255896491,0.3859818437121469,0.6753695176332932,0.7878653077754236,0.40413340433149264,0.8058831514991066,0.5422115947146361,1
0.5846142368928269,0.8917133311526153,0.0179871329925162,0.06356549911920537,0.4083436836016403,0.3067043204680406,0.13220166788011464,0.47855336380075075,0.12034185843928352,0.948594830684003,1
0.7837249164159332,0.4277046414313891,0.8859065344618711,0.7353862904677199,0.4902891859539557,0.5966567704001591,0.07736132311487834,0.7067240330172536,0.8528053405838573,0.3704987560499219,3
0.9486640590017476,0.563501478269672,0.7795308276918068,0.07239313642261887,0.551236175169204,0.6548226491663847,0.41013127337742744,0.17378472933379682,0.8440004924913351,0.944923934842173,3
0.0809977503118336,0.08989329710718479,0.8034055265302258,0.2731089425497019,0.026900118937881537,0.24330033928207695,0.6049146228741518,0.3844566636024633,0.3273618628326853,0.46926820249026385,1
0.13039490084973782,0.9051412046274753,0.4194248159412605,0.5251295766346256,0.5673644239775238,0.7100845051684008,0.9118558681316307,0.6253762845216115,0.47278226915590527,0.9298529004565194,1
0.5799683828004062,0.8852770609744918,0.1594926063509736,0.12581554526698963,0.7930368994529515,0.04422669956434497,0.24118596132985665,0.37886439100485264,0.5980644926177877,0.0023414674634270874,2
0.5891855827712478,0.8794786858314676,0.49927523989601363,1.2065565171619002,0.2475683321826534,0.46267557434396556,1.1012683709633944,0.5096331624916886,0.9641604730913179,0.12504971278671687,2
0.5143645527532797,0.815625908864591,0.24059723185728288,0.1007977234014668,0.8309928469325468,0.09822324392820428,0.18735095080301012,0.3357338762028088,0.6582120852438602,0.019364886221175777,2
0.6118636893929215,0.22041578366392506,0.29880285447728067,0.7571035318016941,0.4720723490875555,0.5030733547029038,0.8154686722926274,1.0522942965672315,0.502427015538475,0.7701234248086022,1
0.7337134705711352,0.6546007430722898,0.8035074226738691,0.39958325796800287,0.6945486836294366,0.6143360178244238,0.9320612476520433,0.11580554859575587,0.23812420349194846,0.42744863100325725,3
0.9298332203778934,0.756139427754737,0.6276330384550535,1.3208262714558614,0.5159102724353252,0.7355921906805782,0.04480635107363712,0.1221864067752867,1.1752718472914605,-0.17174645440446257,2
0.5140723221520256,0.8275814187940148,0.3088750134787061,0.5117140100590645,0.7919424412336321,0.16244732503854822,0.01633668018801524,0.21011782502195855,0.530086222009114,0.9254327486092059,1
0.20933185911835078,0.9756322967411852,0.04879234411315947,0.7656085602844667,0.48129934554153014,0.5673277310762938,0.04574508599691353,0.7404068475782457,-0.2845902840010858,1.0398180575233775,3
0.616185696546389,0.6822253804935182,0.7469359762366087,0.4154113175641545,0.6109871048261877,0.6342030598414756,0.860109581903126,0.08061967577353137,0.2002924609630742,0.33046990076274035,3
0.543393858093837,0.8629437675038716,0.2778210180282235,0.5378817082468098,0.773398720616216,0.14978181883154842,0.011355318931102254,0.1759546069342832,0.5734890735488072,0.9129891467816699,1
0.7603632821097398,0.46214014177981955,0.3250787519729411,-0.08812718108946752,0.24558303367721493,-0.36117653018689383,0.8148465984863438,0.44228979727642803,0.24090087231369994,0.23417342402071262,1
0.5553330473356052,0.09241226153163441,0.09142093314779623,0.8093607853457614,0.5740119760394599,0.7623861776808312,0.8472858908555384,0.9294880079027835,0.32142758982576486,0.899097581136576,1
0.46338131717729836,0.7099900105671401,0.6819224974129886,0.5559257837546403,0.2845925734717224,0.5045574282289714,0.030719987956389166,0.938443855593394,0.41885475039939357,0.16816258242948143,0
0.9579871816333099,0.13180178176110074,0.829057632785904,0.31284162362546136,0.5401363171841485,0.7566426213508153,0.9312742393018574,0.39294819013894133,-0.027183652210683362,-0.027351487708318967,2
-0.026139755483164426,0.08716157170668554,0.31439209060077433,0.6333167938660662,0.5700089058379876,0.7886021317716502,0.8086154678385317,0.44484940836097736,0.7404637696224529,0.38721440150943165,1
0.9693261837104454,0.4876196606028079,0.39177157732478957,0.9755927778445534,0.39910258968692575,0.6798767457468174,0.7727744297543829,0.43704259200654155,0.9466002573117096,0.2778900710312978,2
0.34787536372533473,0.8349719230378897,0.9641559761475726,0.6236794231970315,0.03743959333304192,0.21077679567433294,0.196121605425056,0.7952687478517595,0.07152278496390287,0.2764495001948242,2
0.8016407028166328,0.18668983725099256,0.5971433464544531,0.5436881458928242,0.43111430631568554,0.15924148847510095,0.6898667400284492,0.6674641217113106,-0.07980128499286537,0.4295291653096197,2
0.5440196301991082,0.7713245181944776,-0.027665754520868863,0.10412131127796556,0.6863526786495231,0.21812842550906641,-0.010555555257494853,0.6203413350747278,0.789582582494089,-0.23180187950039496,2
0.6549357326978933,0.006456802045749582,0.13595810004908407,0.9318212333351016,0.5303171446675582,0.7117868707412025,0.9158615866656871,0.9289130124052055,0.1969843645946993,0.9529137267508295,1
0.774540094456258,0.8964891934833932,0.10396752549551566,0.8970710829919948,0.7142240076196077,0.9663853147210572,0.6068586890683373,0.5345081310999593,0.06797630509226466,0.3081429349117256,1
0.6650671882542895,0.8379446500188105,0.24665518894771293,0.33746506757261263,0.5239959349541631,0.25058434843362404,0.5066253556699472,0.5065400914607057,0.4587750563236467,0.044719056404615674,2
0.7285135464142439,0.7599373906051907,0.19629394569033543,0.7979530596859153,0.5195718114701544,0.8064849653525917,0.4553912120103126,0.5792200802718307,0.2401527071467585,0.3589507536739918,1
0.6064296346884648,0.9000607795164517,0.006153361741080372,0.06629997626059715,0.3914365038348277,0.32328530106779874,0.14002487107188913,0.48840684000513407,0.13792473582828743,0.9272601321712897,1
0.0876501132747146,0.0926902917513035,0.30842809895961765,0.6863892951538836,0.5139556842136149,0.6015826784395711,0.6037854572116521,0.3931481151821702,0.9214087986591727,0.8036031785992022,0
0.5907381157222826,0.8815231473243436,-0.004459418967783782,0.0407187595706313,0.39169723130685236,0.305609558008891,0.1171137339966632,0.5238065055674693,0.10955733717013337,0.9611627290608955,1
0.8166415858907794,0.05670485972792878,0.7158527115853729,0.9681832784996961,0.5846086619114773,0.42185206217636617,0.5564949581489371,0.3497595311710444,0.11357858232324347,0.6631725477766587,2
0.5909407570491368,0.7732409898730525,0.38771214198651704,0.5407619129081898,0.19060130750187207,0.9849186060082299,0.1554566187147206,0.2988340173314618,0.1143370414010507,0.674960292662757,3
0.2408320564624845,0.6185230076874062,0.0860070089212003,-0.09714092549576617,0.008333849510153923,0.6294366746611393,0.9027806115904353,0.20700622587772716,0.8349121213234776,0.6692436843235954,3
0.7887045256308682,0.4050837565526196,0.6840834008685414,0.11970872413837946,0.07244466078455108,0.6939635433178543,0.7062962664402572,0.5018051580448218,0.22976352674170483,0.8335414662785838,1
0.5950251278797185,0.9570437878804363,-0.05321568751931588,0.0668902855936909,0.34264598910958577,0.34618490844444405,0.1449172385615915,0.4170637542790374,0.11526678830590008,0.9761224866485342,1
0.5103811465598116,0.5290404955399179,0.34304445804850053,0.8443546860885872,-0.0035412363122016843,0.5464251738789718,0.2887172156027451,-0.09213078806945155,1.042855612021259,0.14231524038329652,2
0.6050437049768626,0.8950914539643872,0.007703893873241038,0.06918925002895954,0.3955456942359223,0.3283289998350548,0.14237121266412647,0.4796003659311089,0.13222099647618957,0.9183355866151235,1
1.2456178707546,0.1086766525332602,0.564280472582191,0.011412058473870251,0.05784618705636853,0.07055130880634529,0.5219800172740472,0.7436069075317133,0.18048459976788936,0.559469150517294,1
0.5200728573616503,0.0822699431318002,0.9468421147243716,0.2072472707695318,0.6237190677427829,0.5073277633195505,0.8689773483570469,0.15471897210947283,0.2132507564390646,0.03228124699697904,2
0.7331615979221215,0.7460426068486709,0.6897303681517193,0.5445109994161925,0.6182618159849554,0.5766007180153917,0.7674831325810051,0.16833820347365364,0.19178032713285645,0.44732521416112747,3
0.11348849780519205,0.3417979494582441,0.22949021484915427,0.024605441772016026,0.45223669626844215,0.2611160889058257,0.14900898810890867,0.30737621348221983,0.8708884182189425,0.832269987844108,2
0.1381150308374648,0.7348730801353048,0.8947269302805251,-0.015450334131052124,0.22438318787418648,0.7756034687966109,0.28166214367631215,0.09348252505760643,-0.0571803247199526,1.0966375807864455,3
0.44531278406471964,0.6307631799280752,0.44829288458175054,0.049720540869061636,0.867723878408793,0.452126162366916,0.07691936805218214,0.5375747782630977,-0.24954047116442785,0.4909210302829926,2
0.33592010751775314,0.3946265999297745,0.9819246413088406,0.6658787697729244,0.4376968132679785,0.7051356890614653,0.14421484972279697,0.7158599430043371,0.9189701535725306,0.4280300263679624,1
0.8513695449620008,0.595108690237381,0.2370836532311269,0.6801776094263562,0.7740842493738586,0.6792537264632422,0.6278217546898133,0.16126143686679312,0.7048942541000851,0.9169125469826551,3
0.8757688501252276,0.38138523461818363,0.5186548621743522,0.4599298542989334,0.29982330614333214,0.1936808679100378,0.15810372199858677,0.3527962489188683,0.3032569191617613,0.5702293591385598,2
0.09056405223558514,0.07702296257396657,0.5329767721917303,0.5839897743305229,0.25091673847856366,0.7555686060405736,0.6863851519086226,0.25184189575149424,0.8867592401233144,0.6124088590826049,1
0.2773110780572843,0.9388072704753699,0.05166069696961017,0.4443944159255782,0.6565633648250755,0.7167308624974902,0.9604741161263494,0.24667907405545975,0.7506929510660458,0.7640933934101881,2
0.616373691744383,0.6285593258620462,0.8441994397888815,0.9691187829099384,0.1901746177931849,0.9772799450595436,0.4588309275362012,0.6023608841314695,0.5451957398369504,0.16440735366768924,1
0.10803375731588646,0.8633942711594567,0.40999671708471036,0.49315666709118666,0.5505227314098177,0.6905834173541533,0.9679350301586122,0.5502803553774102,0.48590392066712573,0.9165207634138844,1
1.0772421399230248,0.33288279779307384,0.7867479533008943,0.6623572810748026,0.41613634226412943,0.6728811575291157,0.7039087685530404,0.593424073196653,-0.029955590785505554,0.3335928388899455,2
0.32552635460160284,0.34775511088214583,0.34264091920270057,0.7348519245741394,0.5782533508491825,0.5366642119016181,0.20139474384335843,0.16732546520023672,0.5375551110889755,0.7777789161203469,2
0.6222558685448999,0.7469288286454593,0.2995000446927194,0.38454467341813414,0.05237368026210651,1.0621091464723058,0.052178082601307046,0.20906414642233,0.2318549894781644,0.6453322998684732,3
0.11085775315403257,0.8365876904000221,0.3724450168461873,0.4350066178894524,0.5091414855487472,0.7319431567955382,0.9315463735258913,0.5551623647886077,0.4587242751920956,0.9247735531796649,1
0.11562722094180278,0.0397018667117861,0.24522157135531078,0.7221836808828621,0.4740950997716973,0.66707918450639,0.5913373145697598,0.4670507516769951,0.8519751454800458,0.7552854352783765,0
0.994510272307007,-0.013976253578706493,-0.07981367007600843,0.8343511584647061,1.1469879747647693,0.18230664818851994,1.0930665059730604,1.2115918138855104,1.229456020604021,0.34114682019782055,1
0.28826355436843265,0.5303389752269738,0.2017697126874641,0.2824220114196433,0.3416118931697365,0.412059720750219,0.006517043665920388,0.16293514048940946,0.8835085388919106,0.8688814712446958,2
0.4695461438313671,0.20103259348834207,0.12722430647164415,1.099735561905317,0.3798239884835366,0.8977896281712328,0.8264099287895947,0.8862528034824949,0.15134725312832212,1.0048195641095343,1
0.6308719553565885,0.08976050260937193,0.5121967402568592,0.7351863376561261,0.25922843355460456,0.5847140820562309,0.9763994491580229,0.28232688463210476,0.7677750008136098,0.8827406060795547,2
0.47903749629307674,0.0750516191699564,0.12751474061937432,0.9014896149631823,0.5267951129895613,0.6990759166513637,0.8988010046781217,0.9810744404647287,0.35013153332822416,0.8934858109159265,1
0.03865333854411632,0.63377890180582,0.36957722455164227,0.04665797180939002,0.6969735172415475,0.09698374794526374,0.33852450086873714,0.33642494115300947,1.0249252267885232,0.9496491144718668,2
0.8518035593627495,0.6680390563877551,0.16535247896236527,0.661361679776328,0.9410132338127176,0.2966317919697645,0.5225050820825596,0.1066539115651477,1.1032061978956322,-0.19229904584624102,0
0.9604042469123618,0.6565432324106005,0.6846716401424787,-0.013133242458079272,0.47007781181798614,0.6173895440919883,0.3938816773373493,0.2765560341020433,0.8885687027822042,0.8959145405849088,3
0.1876119508162587,-0.012246516137599844,0.07843309563237638,0.012880977257194325,0.7295293778085783,0.2684891779630337,0.4506990839739088,0.47441288688552413,0.2464975750522375,0.15382229578884937,2
0.04994394068026718,0.3210515534114532,0.3123826633377793,0.14761650416468647,0.4100152658091464,0.36833231554601686,0.19968034007174706,0.26490803509133215,0.9632330560195129,0.8163117416262378,2
0.5944123533797212,0.5318478384077819,0.9449414759012973,0.43926321955295955,0.3042535896286539,0.5842566001850736,0.3770345274872687,0.7920069846147989,0.6843642792482632,0.07099536178798527,0
0.8705851335227026,0.6224160894029265,0.20813513983086468,0.373597376716139,0.031877761696953,0.338976263267987,-0.06300524907538588,0.2647385920047628,0.03126613698906372,0.9306870067497366,2
0.09675574305431717,0.34495635785850465,0.2685554995323716,0.11195826218686757,0.43638268225470217,0.27912109540116464,0.08540805351675194,0.27496091852169285,0.9807357156530749,0.7066273137403082,2
0.8552551346321482,0.7074206805979592,0.5762799377708987,0.2474084734526804,0.2751216282641397,0.75197739532451,0.888668897698474,0.5864956264885957,0.49574217308809604,0.8801444919677714,1
0.7261734709529021,-0.12797682472572802,0.34506419694846274,0.48748009427374595,0.3110795385601208,1.0613140512968573,0.36542061452680424,0.023678298210678794,0.01304996889216982,0.8317080152042002,2
1.044379223538399,0.6826883073942545,0.660297320927675,0.01669867318196728,0.6149880963523102,0.5164474724425004,0.4042631403704119,0.16193129391937355,0.8804001034450184,1.0351797382255954,3
0.14552905303600955,0.35682051101696616,0.4470736940323672,0.7877185218719065,0.30137846651139377,0.581530436995654,0.4446288505007801,0.7636970763939258,0.3863917146988574,0.23072255464340094,0
-0.05978955793098491,0.14111665113923771,0.3468003183689861,0.7260362334593092,0.5334751868217146,0.821075191763782,0.7530579626942754,0.4167512324346872,0.6815580917439218,0.4116182680638997,1
0.8995315343303394,0.07520272035029762,0.6137774841220448,0.8625771719647095,0.5642450099073744,0.452168478992885,0.5563849508116989,0.309631167660846,0.11576796396693483,0.5804686375174118,2
0.6175197937575939,0.20350276517070826,0.20519437071974278,0.22709028115480798,0.6819588268311884,0.11430447558923147,0.5594503669278348,0.6679382011687195,0.6311668097039841,0.653105976749406,1
0.3066195710978038,0.4034303808441552,1.0296298526664536,0.6004176358482415,0.4068730998742529,0.7842318893208344,0.12756617566056588,0.6005828214306207,0.8710318961724599,0.4384356434234445,1
0.09348034461632182,0.8233199217931604,0.008340854013249743,0.24417789817347652,0.30426698212065867,-0.330752645392665,0.7909731441342457,0.7563381546839301,0.6154241049910577,1.1272140847407954,1
0.3961001733828493,0.9176231379732808,0.2324905940532217,0.3295689983510245,0.599563038931125,0.7226124954583609,0.9744170620989071,0.3778835340832813,0.5698756077918573,0.8916841409209997,2
0.4729711713611438,0.8430394255473908,0.05909670222661981,0.06223383722477478,0.6321207098282844,-0.08176360144901498,0.3290367037312637,0.5364251336803342,0.7758509445752836,-0.16239508248611417,2
0.331982915461399,0.866598084288538,0.8791598256339842,0.19212429996155786,0.9152839292360166,0.3941453816235825,0.70190070086563,0.750352485846331,0.4806288725935316,0.770588782925864,1
0.32565383819242294,0.8696113011983071,0.983204491609499,0.5965997287707059,0.05656595169499475,0.2319741485559662,0.22659784850210976,0.7767787344514147,0.09006816503343178,0.2874381027997877,2
0.8756103157167512,0.4700501725789247,0.7182667123290882,0.7687178910358493,0.2743589877495771,0.5342713610811503,0.3637870837164073,0.38931415935089364,0.46010213383819903,0.627459261976757,2
-0.19420637557361042,-0.19417342877993288,0.8333746548881412,1.1493356761599989,0.8130075924762517,0.5493392033895016,0.4591209229450668,0.034695230597144744,1.5372730366870435,1.1448622040364624,0
0.1038586143094178,-0.11805982089593459,0.004656276995486708,0.1363545391322588,0.6991204058481999,0.1218137634887218,0.3518460662918328,0.46450488523133937,0.33990593461028984,0.2968219700456914,2
0.7733063605470379,0.33771387995276186,0.6322691597053227,0.3287860841695111,0.6801546232889115,0.4400686061627287,0.621766871845898,0.40715117557054714,0.2956216850495149,0.007095496872190299,2
1.2090490692991198,0.4647841384090087,-0.04479548286779056,0.7310052249443817,0.4991835731172487,0.8104480289574042,0.9730412080505053,0.762760925778075,1.0774294441926737,0.11376528200423972,2
0.057184075895810475,0.11253051366963425,0.37391613832380927,0.6822132333330889,0.42419188507569167,0.9067408914953357,0.9055356900754764,0.36886194386719273,0.6329881002082545,0.4498376500428744,1
0.8739419204482118,0.5515571732380026,0.2915119142039615,0.7366731569199227,0.8015305829049905,0.7201751720666046,0.6566421313524247,0.07968276902771089,0.7795433539440991,0.9525644629657944,3
0.9498224930503203,-0.6548863219722083,-0.6087996259063129,-0.23244565142514517,0.30026212058214624,0.8531419036387888,0.3628905245789205,-0.2381457039075361,0.01469674306877558,-0.6118808814518948,2
0.022084098803930977,0.22789983403788186,0.6961809275227437,0.02629164616569752,0.040275912384272694,0.284064984989976,0.1233899969055816,0.8691382971086032,0.46256033054880014,0.3043673051788021,1
0.7993009461564259,0.32246732796277194,0.6075651038239877,0.251642543546858,0.7825630936696047,0.5219766420842626,0.5424876987335149,0.3085525294223907,0.06089637494065876,0.11837159958578855,2
1.0926297403838283,0.48886534545482296,0.2376190033066698,0.9217743287503741,0.2339349322598622,0.829562010924107,1.0272580222107293,0.5817979845507062,1.0692447921748904,0.3615452174456225,2
0.8462877292044673,0.044580105925800625,0.6163800704525397,0.8534274130921784,0.4995100807569751,0.3456723297441989,0.4804175567221515,0.3263308413902557,0.19040834770474238,0.6007835391242432,2
0.21418574635826404,0.771935605759784,0.2869915380236727,0.0646220713810516,0.6498259505180997,0.559350905695199,0.23577250406220046,0.5221230879986595,0.24191151182260945,0.024040813554016438,3
0.07346610915688712,0.13824798376885522,0.5516537445616764,0.7477084934280749,0.0794070292496179,0.2749807581805395,0.03072951835329757,-0.13697952419762566,0.251363382160129,0.4615522219385496,2
0.6980734362085941,0.47740774486590554,0.29256608250841,0.810221702267239,0.28674225188608565,0.7879414633253797,0.8914698567168078,0.06315190576337393,1.0099093633866696,0.34394525862089004,1
0.959290115834595,0.7873834563488189,0.21652504867860947,0.7129858974079574,0.3225638444473119,0.9767819389410312,0.6267543318776918,0.23077032295287278,0.8428876631392737,0.207894794116606,1
0.500314918151567,0.13001506683145259,0.15541171300297613,0.9207763095009442,0.4943898991656535,0.6525759318937506,0.9394927029183578,0.9170844419580313,0.41412491283278063,0.8199882873254645,1
0.366281338549523,0.9221387560747576,0.9523383740771985,0.5707376222877677,0.1430991631985432,0.33655762369039055,-0.03828280703434539,0.7085254842326745,0.4578452677513324,-0.1515996275177353,0
0.9271352794504875,0.46759051369644167,0.7005188106246827,0.3693675115921561,0.6640351534829416,0.6061104571903162,0.2375295228410964,-0.20771821850147254,-0.22938258925335214,0.5478037068639676,2
0.05633634279688794,0.8993934979382681,0.4703655615057923,0.5413783968687345,0.4663553248820511,0.709473627797116,1.0216990528220518,0.5065340951938748,0.4122364720966924,0.8705437755797057,1
0.35582553664249994,0.7271559839195344,0.19229856237555976,0.44809872135870343,-0.33057144037996494,1.2651292455910874,0.5170748694612004,1.0098256238945233,0.4629515944552559,0.6215288056421528,1
0.09860824287375108,0.8235248105773542,0.750939924653978,0.5973597245904647,0.05894173735745523,0.7569598537422655,0.8669710381754402,0.5211683328522646,0.7072337790446164,0.5120213430365222,3
-0.08667949712201123,1.0521102316874713,0.23729778868710594,0.4828809745312682,0.6294539799732279,0.8012990425162314,0.857435786824001,0.5439936888690668,0.32286268484245384,0.8165209478520066,1
0.509914426118641,0.7696209269219082,0.37377014294415456,0.4931440479991079,0.8511215178451698,0.2149233894630426,0.07592541928111485,0.2246982096394708,0.5441522786172198,0.9257882740827759,1
0.937711253958381,0.5804672303497613,0.7636860028168199,0.06694501935843225,0.5487750327937838,0.6236913425411896,0.3700520680508039,0.1901787432018217,0.8134188974167288,0.97002835983512,3
0.01727032115440788,0.24871082193069155,0.7021498740737506,0.021751214726043886,0.04920613547715724,0.27133490472454747,0.1419341505052733,0.8632422273762982,0.4690610268414719,0.29675731806227557,1
0.267218939991318,0.9127447131521056,0.6876597673713882,0.5225476619943361,0.862682394448331,0.8089510442474892,0.18525920194458573,0.43361486674746585,0.17532782205295122,0.520324131641452,2
0.9017322431628865,0.5637534406700891,0.3054080544842486,0.7125915754118433,0.7583050613037242,0.7531383267269268,0.6604441069958336,0.08780620501486491,0.7932212411717047,0.9261768186039299,3
0.7477865000759961,0.22534804619901666,1.050636138429471,0.6799385403146216,0.8092724784655952,0.7771293548865699,0.13001699989136623,1.0846041263273185,0.4803715001122778,1.1317362632686665,0
0.19081526791097503,0.028327692592271757,0.0898490113270411,0.03297094717033662,0.7168073430245295,0.2818757807470792,0.4707963625620732,0.45407688853912764,0.22689573886560369,0.18014138517912284,2
0.5747198763366692,0.0685315849529441,0.296622026098352,0.8222166833567053,0.5849303606571333,0.6334331861114368,0.8920672429698078,1.1178909973234759,0.27280295252188874,0.7220059608234443,1
0.47405022707436745,0.2232983533354353,0.8051370961603157,0.20184879790811824,0.8777921068888294,1.1059434507218704,0.10502180595061128,0.6964501203506552,0.0004787012037284488,0.07920125191882699,3
-0.000648499231170413,0.8289543257776216,0.39319719550390736,0.43095250460080564,0.5132885178440587,0.7282505099858352,0.8717353368449875,0.4864506919983661,0.5096704340714137,0.8494296067761343,1
1.2315066070631797,0.6680521192405229,0.3957509466593672,1.3350954372365917,0.4637148128875704,0.3737603920480739,0.1964615309992382,-0.21810604793080535,0.23980539008721502,0.9058891935108742,3
0.6148387339156504,0.9884284216403181,0.654964115628346,0.2851275874903571,0.21877478913259674,0.9822271798673734,0.09142599762406049,0.23454239521403214,-0.07711493510425554,0.7526375329333828,3
0.827947049437599,0.5812951655901789,0.2850630343205039,0.6716699910827676,0.7823124253114838,0.731902333896847,0.7124682448637648,0.17654053177424686,0.7327083194273688,0.9774173719332196,3
0.3127526760177506,0.8659664481066099,0.967734555913009,0.5808160195211475,0.06451774324261418,0.21792081509187997,0.23149775903018993,0.7772267196150142,0.10690647218871364,0.28435106566257257,2
0.2521318227042012,0.6270896689496177,0.008217174064388775,-0.002568763030841026,0.09717061369576704,0.7906982399970951,0.750524535755807,0.26636702303372817,1.0112277838022223,0.8583896548010472,3
0.6037817112761291,0.8036532514855972,0.10174152966460152,0.9380704321286931,0.6990651214142605,0.962591841677378,0.6595268773843315,0.4070657207816454,0.023395699929536894,0.35207920575700524,1
0.7505322938719717,-0.03841076007896696,0.47345951584992124,0.5619220314071111,0.40204002021051455,0.21065817668116105,0.6175862167426938,0.5412298621182898,0.024602354731102755,0.5057395204467813,2
0.3335074303009887,0.38511592977906417,0.9671619492572274,0.5992969303533634,0.36940686755588764,0.7310734569189007,0.12659345958383572,0.6679430188326314,0.9221592987836061,0.42993938947222904,1
0.031296948987194796,0.23595647187939703,0.6989004303296255,0.016844277175128437,0.043284686043323146,0.27951384811349217,0.12965029704403866,0.8685914526893371,0.4644791443793789,0.2958409140954823,1
0.10776721941487628,0.19616269576284429,0.6658202666072688,0.3235079322219629,0.12551399575568106,0.3108990875896245,0.6815000968920797,0.4862593320364645,0.40717343687086505,0.4306487321299128,1
0.678620733571551,0.793229432846254,0.24298041295777562,0.23454157826624059,0.751705224738848,0.3822467651223726,0.11777153010264196,0.4183728797278125,0.02838871766660697,0.24031945725978643,2
0.9006574950507449,0.2830446316447508,0.7032793503203345,0.4644905892845917,0.42182024425901177,0.3964926421326559,-0.09178472732084686,0.5156397158823393,0.2810785599056005,0.7820152223641181,2
0.16871429254834092,1.0582286120323947,0.9241865874115971,0.2230611385716353,-0.04136198120295875,0.2103530198486384,0.023486069642225993,0.8126966660900742,0.25892101112430327,-0.26831845106602803,0
0.7819455204549915,0.8844443371664718,0.062127885146629355,0.8604961510863042,0.7050139372589691,0.9810483399603901,0.6378279315753581,0.5572110491797274,0.037089852474069984,0.29843300215717455,1
0.21811652539278387,0.9997299568446044,-0.0758151170698198,1.032734625969282,-0.42501306963238183,0.00966564464481845,0.10970936769041328,0.45483288484506523,1.0263866749139674,0.7744357294239665,2
0.44213591622161647,-0.048587028907808846,0.11792680540020023,0.7815289392502185,0.5501503498071059,0.6098358088525528,0.9992809872262572,0.9806813610299281,0.3974842072822302,0.9263975801599817,1
0.3895184473758422,0.33445825273882224,0.2894509506239574,0.35989879192601104,0.42166594009712555,0.1175065379642172,0.17025383864257823,0.32817865854906214,1.0627894572653385,0.5003504183014397,2
0.6892347704127725,0.5296078687690076,0.1619208754621966,1.1544630998114982,0.4430898492234628,0.47114137796304806,0.7073152672138112,0.018177541146321467,0.5952247759923212,0.35005159336864167,2
0.692558379352597,0.11919562473834905,0.012429968910829897,0.695063346987405,0.5651105984194115,0.7536184695606508,0.9730428548584504,1.0995080896018417,0.5279644855901917,0.8375740707533116,1
0.015315468919623328,0.7760785618532147,0.2901913284560328,0.5095289186896773,0.8795361375013905,0.5574790024443408,0.9031321283229282,0.6391535592824467,0.6197020164259975,0.05067530702981454,3
0.2703584717369263,0.43326567271900046,0.17509307165868931,0.5028669631286018,0.30417768535140965,0.5988399623583296,0.7089591338920087,0.8436519198645065,0.1973039788766733,0.9555077036326867,2
0.4561800672965354,0.7013595334389867,0.7424587761468499,0.5640191390618108,0.20595505733966482,0.5309179555606537,0.1861598816659512,0.7494652444588695,0.546536917908721,0.1350102561284574,0
0.6365329989011971,0.07463651669535079,0.6226209077214051,0.5727903670939721,0.5380054044488929,0.10100692703695843,0.6431459781452913,0.5320901661966859,-0.026633587167936283,0.5695037481661411,2
0.6327401065287294,0.5262744867312932,0.4686830100707786,0.6470859606330237,0.45796354346122065,0.9920726686109425,-0.18424145416155074,0.3673277234559519,0.03926383227784283,0.81157316290554,3
0.13454382556319167,0.09003190189666084,0.14164811266087876,0.6162972186366268,0.5641710938629421,0.9255819860547871,0.8502941725634044,0.49600772815293664,0.5708619648260992,0.38229224907842946,1
0.8391435159181271,0.3054663214401893,0.4868119917144835,0.35933767415646334,0.10771020097030459,0.11087931416647936,-0.1664152036055126,0.2649907733098107,0.633666843485194,0.4574911182661311,2
0.8241744537285641,0.5391848688460289,0.30283578741716377,0.5726425199694485,0.48819795951179,0.5002205163769846,1.095063518848278,0.23379532377719434,1.1595911042187093,0.3640399581817997,2
0.5933425791740974,0.813953629113425,0.24946593953687723,0.500825292451018,0.8700619595749266,0.1625160283214657,-0.02288388503588156,0.23617041105198336,0.5072933625822671,0.9358567307825063,1
0.2085225415321351,0.03887185732699568,0.04261664240024169,0.06785839334983045,0.6704876314748106,0.30050900372563316,0.4497405954042192,0.4316299529360577,0.28747986177349355,0.1693374755256513,2
0.05304383729555054,0.12940758527207094,0.7632804593989249,0.2952992117134507,0.060402806245825676,0.2659613204191884,0.6372352738036478,0.4044163035265272,0.31287357926749465,0.43192598427803586,1
-0.3786799636667253,0.49474929141881946,0.861680797441025,-0.29250083737068294,0.6571670764531287,0.43303619549965655,0.3979064223445356,1.024794700408624,0.9690552969877425,0.9018289232500962,2
0.6705982134478706,0.542589788602729,0.3417606800243669,0.2628535219087534,-0.11115333041339559,0.7984684275617447,0.15722009097667372,0.49247229474771514,0.16092193373796235,0.7138681203033721,3
-0.0797056845140948,0.26978563066217504,0.3623676461779038,0.6022796651942149,0.6825657706141358,0.47410499637696785,0.7541232764385402,0.2721902935732522,1.032761784504845,0.9384977415328377,0
0.5966278822298742,0.8970670269260569,0.012665599920175123,0.05443934279491632,0.38401738024144616,0.31016820644724813,0.12423469861741396,0.4902213858217398,0.12732700255568674,0.9252055313062454,1
0.2558340140713855,0.2044900353698497,0.3841287444320352,0.6140627636731831,0.5702987133997289,0.6204915830519308,0.39264100852241457,0.6110673124434218,0.9226276422932951,0.7266823616486648,0
0.43491009730480595,0.5097994349057182,0.5222894208342206,0.30209021186573104,0.479691189510592,1.2066564441485865,0.8173597735320585,1.0039637287535883,0.48840128095836377,0.5075884797045453,1
0.013007816132729791,0.08366307392654034,0.269248159728192,0.7094055147771751,0.4284971243966656,0.8561612300022596,0.7883549870046197,0.4456168040454253,0.7101447267386538,0.3979940775418756,1
0.7011057319507916,0.8833859428287654,0.26845767205661153,0.2777855025221918,0.626744289873106,0.4704992796299271,0.23468870012181892,0.3204790802833236,-0.03142731718441727,0.391429547288156,2
1.1496970741666335,0.6941289661981411,0.48390938281093243,0.36382221766417605,0.5998633236756286,0.09636433567278857,0.3069928390722789,0.8893683206229961,0.4559557551745407,-0.11977136710434322,2
0.48330478044517805,0.4980614698846136,0.896227940435966,0.4762916489635761,0.565143133943285,0.8476536274981927,0.031243784059044155,0.659078711569507,1.0425677670598927,0.38205707189989385,1
-0.011485111486610466,0.28332988460723973,0.32488003714657665,1.0110467378375807,0.32860716996194217,0.700917318382973,0.5763654114340132,0.22795310210454073,0.01820973525033641,1.1222498889790435,0
-0.07239457891079887,0.09295289004969302,0.4095457475599586,0.9786476792656811,0.8761410818960063,0.45308834291568323,0.832239853777841,0.10345225630530952,0.9276008939961079,0.6330259116524526,0
0.5431122202928695,0.1827044047411402,0.3800908845330414,0.7040747403195824,0.5884455450081618,0.3799506048132148,0.24987698542910713,0.20337434624280115,0.3048219785024736,0.5178924385352578,2
0.743813276484686,0.3007890603473964,0.5763786794953537,0.18584787632761574,0.6836717055890861,0.6545806369633097,0.5659735244820475,0.2047231093421017,0.15316239311583885,0.09365260097378705,2
0.6473592871164318,0.9110361477367988,0.7218985352477748,1.1840248161982987,0.0798602276598365,1.0837876307427736,1.2986010448946164,0.13004644266930954,1.0469151614174848,-0.11952526946947672,2
0.7867755107277866,0.34534983180371776,0.8006100383587886,0.2831652377247652,0.7006116390144784,0.6016201091184556,0.7277729835548381,0.34644785294874525,0.15474521460175078,0.1786747730415601,2
0.9178325871067102,0.5800847295581341,0.7399337938871446,0.07100915840499353,0.5421311805065426,0.6446458048719287,0.36613238073342413,0.17398225147801238,0.8144046693777377,0.9716752968333494,3
0.5045635307519889,0.792547956470819,0.6123216025997487,0.39920403701535523,0.620056255995053,0.4942481500383419,0.7530788036690017,0.1456237732297756,0.2858470249519459,0.44556114928125434,3
0.08057485189015146,0.3722028972139852,0.23225639112973331,0.15600132993424848,0.4502570137240952,0.43853946799632815,0.11292343865988022,0.2825946108304859,1.1371997600272472,0.8087955550683681,2
0.5368432669018873,0.2377264242586339,1.2849356094334103,0.6924159401840663,0.7899990869542107,0.2410223309559678,1.3020726608747224,0.6031879216148958,0.70314937360885,-0.059330994403928916,0
0.521206720479956,0.28031609023961784,0.10873292666307573,0.37235209519278667,0.21619408861499959,0.19886833850583274,0.3396566169873167,0.1955696656660937,0.8605647780726522,0.9267242309578522,2
0.7475147302365637,0.7200801396685907,0.05307500311594962,0.7273748261848727,0.5299265349789093,0.9538320521785745,0.6952643201979413,0.20806060099777646,1.0362623272418106,0.03341399683587182,2
0.6266413817241603,-0.11872051787109039,0.3254309788498774,0.10403042124791717,-0.418202539045023,0.08720252202968787,0.6832055116862782,-0.25020188561132245,0.7939519525841191,-0.5080984170231071,2
0.6208963867366166,0.9407287720047364,-0.07676080870604081,0.05511261524860339,0.3857302609411557,0.27316533325476694,0.24405661014835617,0.547547578884795,0.20107868319822442,0.8977647127397295,1
0.3256319700800145,0.8640456356019462,0.9737021733415351,0.5972778158750549,0.04873267379618599,0.22935973127506346,0.22532246903984643,0.7794916721900855,0.09157189190261299,0.2910894252802922,2
0.045299250485843046,0.13074242877759687,0.7782628624191437,0.29956878313520097,0.07568813125260004,0.2852981718186423,0.6428060183793471,0.42392771537189067,0.29585885982936144,0.42825454048677314,1
0.635889312756981,0.38821836963466483,0.22811932211378078,0.7388283705270039,0.33575657125599917,-0.2647199807741797,1.0609382928226159,1.1977676592375102,0.8175609812425741,0.658083153649744,1
0.5472460092205621,0.2843046839593064,0.056877439736548574,0.3964976119395985,0.22253096014783055,0.1580784934497871,0.342913998873137,0.17500056397391217,0.8201615054559148,0.8936550928199299,2
0.9357029981963498,0.5759632005764646,0.7652307865785165,0.07170221098000064,0.536115259126187,0.6251348319593418,0.37775648738848444,0.1835548860232285,0.8162884701540326,0.978374695535093,3
0.32498959068676747,0.8677872940229817,0.9700483387180301,0.5862022338137158,0.049822186927139966,0.22821723282324505,0.22252695976003337,0.7784231403621863,0.09459970438060868,0.2969584432250317,2
0.48907585393761255,0.6670679876952725,0.745230688785403,0.6129125295294706,0.5020822666719981,0.62086286588889,0.25724798966833845,0.2962910598854137,0.38866995547224115,0.23363640342283273,1
0.19026728925055814,0.0023940628889278504,0.3834808218782431,0.9469728988269851,0.40977002400926793,0.5983066779769926,0.5151391376206437,0.40486979579568605,1.1109216390506427,0.71682021618383,0
0.6049196275583756,0.19091361465973566,0.04351952449131399,0.7141964366787008,0.6429349028382758,-0.0891199918136193,0.5664646576654854,0.35452065083218165,0.06703324823187296,0.9837323066009397,1
0.6840211346626887,-0.01887023291959533,0.2006268131558595,0.7320947766241134,0.34624120294725613,0.7027251358331255,1.1350880784475543,1.0290199866087717,0.39966986914469865,1.1303132996887582,1
0.10883385937435511,0.1393798759313308,0.3477546217822944,0.6701814030415463,0.39673717351451826,0.8468162317111262,0.8345337525337629,0.3491462603477125,0.6533107614277129,0.5526880445001375,1
0.7079517604383423,0.645196419415166,0.7668044237173356,0.379280570229258,0.6594483788034111,0.5943268641723831,0.8946223350159216,0.11376325580184843,0.25413861207545785,0.35831401523746104,3
0.5188281275470448,0.004612958893033689,0.16076152398455823,0.9925374181322515,0.513431570349754,0.8240021143570804,0.8191751977987497,0.8975217235177246,0.3598637391302346,0.8351310123870601,1
0.8572726368729013,0.5829283453645487,0.22673754021513037,0.7506172711074738,0.7363805931663803,0.8356190204365042,0.672961588535124,0.08112860810682324,0.7068872287624746,1.0120124079420127,3
0.8191878842727246,0.4378266389151616,0.2220124121084322,0.7298912361026929,0.8012868491759144,0.7623808165954056,0.6424679942397635,-0.011567715692244934,0.850380580929348,0.9272886620657368,3
0.7352656830729263,0.6538029619999518,0.43576830660780846,0.0847835486569796,0.8688688491017756,0.23991467128416538,0.055511175946325195,0.38384454094225845,0.0009255353680542242,0.12688326459450144,2
0.04954101983527358,0.46120585351312493,0.5002042096255526,0.7826479919454729,0.40032440632002037,0.5476691012303568,0.5458714419493731,0.8429470385098417,0.3731331726796709,0.15258957805374337,0
0.654823320628912,0.3108607126297398,-0.38195447681216255,-0.11963518608327764,-0.2586632143122374,0.7573859611020314,0.31301139303165787,0.5060353892564114,0.8440082811468246,0.7675684529899903,3
0.18815505159822793,0.924802406881382,0.69168376529481,0.1295828863989913,0.7773858917966354,0.14963138465906042,0.5315538794795611,0.7748633847695168,0.19355951814885763,1.1728182124461137,0
0.6581332212794457,1.008893192695646,0.25235695599356645,0.24104419474777608,0.9641166194617773,0.2501519636009995,0.2726168177547207,0.33209717596806365,0.46288912872320787,0.10745167559756189,2
0.026912309706298487,0.14248318401151427,0.8022356692127754,0.3437469916844665,0.0527762155903485,0.26601518767142046,0.5961524872332591,0.4118889794367974,0.3113689671119003,0.4904187833693603,1
0.6864692045501501,0.8717596612900119,0.25172434890608286,0.32915374010259807,0.8495190778318419,0.47979727392167903,0.13794725755189588,0.35855135053894893,0.02217312729851492,0.3524883966518663,2
-0.021303641778309762,0.967120587282585,0.44615670702214244,0.8614567868142415,0.29456326923806264,-0.04839521086254234,0.9421868572522186,0.8641622114490451,0.16939421322715553,0.6066693369695052,3
0.3952211702568384,0.8302460478635125,0.8265085108070384,-0.08538074200108903,0.7009203953369753,0.5071981572141158,0.26790389108704105,0.8585912505187645,0.10552628429356928,0.8647453751885208,0
0.9625032100688851,0.5349445156736307,0.7276696241716718,0.07421288461529517,0.5326892161607037,0.6586892402980162,0.3697133905660754,0.1403896336032708,0.8264961900387844,0.9995898213359241,3
0.11598884070386067,0.7555966723830897,0.2874326180952703,0.5409738334991627,0.9560375088650267,0.6218205840163524,0.8348744117618544,0.6985686864846186,0.5511832116078001,0.0791048290452796,3
0.7260939416734772,0.8103012578110693,0.3185614389857707,0.2001436809601307,0.7066617906331455,0.4465398026297538,0.142836373028231,0.44335356848295754,0.019617303531031388,0.33275575703116134,2
0.521566096468253,0.22924313536182406,0.423959567344688,0.9611113058515915,-0.004986676179747629,0.22948220686075277,0.31232360638977735,0.35247994682257994,0.4544177494247007,0.04468765792917398,2
0.6414945677497923,0.2795627343013838,0.26942899202447224,0.21630113022163133,0.6334801456338283,0.07675672979840936,0.5367900226845188,0.745996316231156,0.5624519266664162,0.6802778602149443,1
0.07536146085333426,0.13451377428794115,0.2941929209386127,0.6844730227069803,0.46684195983486204,0.8060911907663719,0.8268577759640796,0.36037752622629926,0.6886276316584216,0.4385563178987885,1
0.8412155770818956,0.748237182705584,0.8621613630398953,0.6041683589475146,0.7987557085825456,0.47489925255599696,0.9732842076275636,0.16583130617155184,0.2907420504074265,0.16602722371816642,3
0.6101917572995104,0.07637305406994521,0.604873026200666,0.4432499752487755,0.5900502222024648,0.197673574026144,0.7238421164576484,0.5334211673646788,0.13192052833441428,0.542396330653801,2
0.2863095363247911,0.5310875827980426,0.4095569751229009,-0.12754791178061212,0.7486021929815128,0.732104273338221,0.4521391049411866,0.3703807890886971,0.6283387528152188,-0.08305025412494346,3
0.4938661005154597,0.7577983134650266,0.269569020900024,0.582927939850777,0.8885260621277996,0.10595547543086253,-0.016539809469994164,0.14183337946683228,0.4993920621092968,1.004463278309741,1
0.15555938841363032,0.4453493707911525,0.26363527028836165,0.4526501223586923,0.2571241267239964,0.7159774348166497,0.5598959837873757,0.6342833173980496,0.002066098777380121,0.32104214661394526,0
0.10109245032642283,0.799723006439267,0.38788142401633147,0.48316140630935295,0.4844435180774032,0.691756403783837,0.9914468003673269,0.6324242793397454,0.4189320683527046,0.931745983667539,1
0.6180692587389203,0.740928977081147,0.39594011304528415,0.4634411373477542,0.1425158344885171,0.9663697265718661,0.17424518571148237,0.28762606150100933,0.1611574897836252,0.6366534089007742,3
0.4688861314574987,0.6795737545907495,0.7456167163941024,0.5155088756681941,0.2215109411029445,0.5208754416886546,0.14765590639896556,0.7218984842296791,0.5218479058083401,0.10757782335440258,0
0.7040548764312105,0.12233489736122685,0.2689595189568916,0.8038271536662323,0.7820233178802303,0.8744850559568916,0.7680757901814826,1.0244662030473677,0.2056903372341942,0.6844051149735662,1
0.7668434447321609,0.4304179592439436,0.8380242933597057,0.42897821072368375,0.7579880531966742,0.628339636203889,0.5087419883914076,0.3763851272571482,-0.03872053671251982,0.20896417396458455,2
0.3855784293394241,0.7387947471480012,0.80860182688316,0.6338316980583947,0.38652035415922936,0.430021552989835,0.09196064484528983,0.6253654213785751,0.47221238303763424,0.28338135345464754,0
0.061291059476028385,0.09239722296900485,0.7853399141441838,0.3117598751140631,0.040349796586865716,0.2942509048958486,0.6559088445351382,0.3841162908819813,0.31920730218817994,0.46930638110873724,1
-0.07296048669270724,0.10513318889253204,0.3153929151630583,0.8504128544107907,0.33758833065204585,0.7491191891505888,0.8703817931335927,0.3335016378752919,0.5521990177426289,0.557265345784135,1
0.9988703968960222,0.17005210586947495,0.525073870854548,0.6508685312629922,0.3730003631704836,0.37762410700904475,0.696609604152249,0.49284346929671835,-0.08166585352426092,0.7990797700433405,2
0.33492562049990837,0.9314754269251397,0.5755519205513464,0.1628748431571257,1.1200481083102085,0.7000630733037184,0.4291935539314614,0.6603476093745488,0.23200815582264972,0.35565109545591744,3
0.1354150807754123,0.4236540798535947,0.24711514882876323,0.16095902013739935,0.4168150976032409,0.39745531051529026,0.053254137930510204,0.37779292142412124,0.88622189561471,0.8137040193412252,2
0.7528537437035498,0.7431990316669518,0.1848675721785022,0.21963630047666002,0.7221657998626233,0.2780057408111395,-0.012324986595429854,0.44339523783852514,-0.010292009707704566,0.2495139361039948,2
0.1887789480790483,0.35937622692445964,-0.008295810863437867,0.8239755517243075,-0.047021139222705746,0.6212419766933296,0.5794497858738954,0.7691389209979838,0.6854617196377546,-0.015624928008292509,0
0.4188272529706159,0.32077018545376257,0.2912179320686331,0.5741958832016065,0.2032379675671223,0.06862601372275537,0.1914450831336472,-0.024319393290915065,0.877604644369449,0.7315321308891416,2
0.836917477421238,0.27376014145625105,0.5305121601163854,0.530407592541589,0.37369979020756366,0.21367218912881913,0.08475458460933408,0.4004626447538175,0.3710099860284852,0.6075299267454237,2
0.15924546175965582,0.9655556201665547,0.3528437235453187,0.6391159421564332,0.5863576359332048,0.5563988109437435,0.7774256630194744,0.6540287597006964,0.4290830422587375,0.9558254214048436,1
0.9535459187220473,0.5786113297243878,0.3532924927535151,0.6818443775698679,0.7171659390199775,0.8037694032642575,0.6360232698064499,0.038281383819132,0.8349684437661079,0.9402844319950404,3
0.980141330383073,0.5082494540967496,0.20470227113687361,0.8656713991296479,0.3453439916623323,0.7856041862014257,0.88939031182612,0.4043955372303985,0.8777512842196824,0.25432893037058596,2
-0.35723132839524463,0.01039544200800508,-0.018783122887441828,0.718549405421639,1.229971046306809,0.9089766121113069,0.15303058769853922,0.26461708828994135,0.18405045784119048,0.8834073534117058,2
0.8666542504583734,0.4070768119675099,0.47221451359149585,0.6657308392300659,0.46610185421120753,0.36645308646804514,0.17455895927195114,0.4824623634951231,0.25713457554893004,0.6964932223554482,2
0.4166219513689823,0.4397990569869872,0.7988805054886404,0.7664312703961753,0.8864091582618319,0.3919567489101065,0.9186326895402006,0.858071641456783,0.4365648189103758,0.34120133001498787,0
0.7965037960708394,1.0568964710781459,0.856153175812423,0.21995527221232727,0.10918240440960986,0.5282725190157386,0.48452590905565623,0.5236143699793646,0.6531814991348178,0.3291248651958365,1
0.013914901144385206,0.46206073943993947,1.2450639143357922,0.39197389736036137,0.20264637594157014,1.0275266405538537,0.16244371159966953,0.6481871506680704,0.6460017547205531,0.06108762833195201,0
0.20999922709334468,0.4276340748702574,0.22259406806712945,0.21154635967931018,0.5042075843980524,0.22697148528087202,0.14875413760896325,0.39533338668671464,0.9725340855914992,0.7459977849751142,2
0.2910672663117302,-0.49052612022280073,0.3854633776820594,0.9666557857176974,0.2147446810577008,-0.20763379094258416,0.41193612376100247,0.2942798994374134,-0.6094462220775806,-0.13423326755803744,2
0.9561470861330923,-0.1455275435451372,1.3249681884144247,-0.036145594394726976,1.0300447888957622,-0.1729313036566722,-0.014203860067299123,0.9998708235862944,0.3396769173044273,0.21622468768478756,2
0.32438802365956215,0.488110623159144,0.392545713514353,0.641740370087669,0.2786912170575409,0.4966817136696987,0.5243619304480246,-0.02848915689168756,1.0420506154002274,0.07655306111539426,2
0.2815989691445073,0.8710369117931516,1.0030176656112106,0.649278121071038,0.06034188123573658,0.2033485137919604,0.16916243378944648,0.8019107533703266,0.0564428327928945,0.24832482510764906,2
-0.24480887013441854,-0.11559640594851783,0.5098891301304007,0.29991460110704854,0.5714889776737446,0.8437722447022448,0.9836931010877905,-0.00025309398750222867,1.2024034342782524,0.6722131257878473,0
0.6072171436155823,0.9159241674694606,-0.012699416900590836,0.08419673004395459,0.3773870663200881,0.32187083511704745,0.11781311719812891,0.4737128531299568,0.1474447813380087,0.9280531581903935,1
0.9699565579397408,0.5616053886913008,0.7738668611210406,0.09334526249850476,0.5218032870263752,0.6224401839075342,0.380798584951667,0.20572439625591807,0.8467731658600437,0.9746229366638703,3
0.7224804536286433,0.9243280045538099,0.10408732728709284,0.15829832566607394,0.6481355348493436,-0.11422446900967562,0.2705350681578485,0.2963944474642418,0.6053294029061793,-0.005023529261415204,2
0.9084006813314791,0.5582864945205751,0.3309330009659735,0.7037145270659617,0.7491020700077323,0.756278773842445,0.6925081538371152,0.10160823790225511,0.8132334379354575,0.9152842128453953,3
0.6453227439628901,0.07956500293523054,0.24534231243748833,0.9175171454887596,0.6073811111857852,0.7445689735005916,0.9930304037810234,1.160984699735804,0.4615039896561838,0.8371063771664422,1
0.654301385558986,0.8770231304859389,-0.08786773208806148,-0.08935375094763587,1.051259425544999,-0.0193343938880971,1.2585898176675405,0.8314251282396777,-0.12092717419181132,-0.10139079735119683,1
0.570697219685951,0.8332864754391823,0.0875436450887788,0.2168366685238455,0.6974505717893394,-0.07676576357193965,0.3537502129948279,0.2790405983273271,0.4714948300037548,0.1597501738596237,2
1.1805258235699325,-0.1568308746059212,0.6796935413002123,0.48447505745388697,0.08807199267909982,-0.19750451001244873,-0.05339141165512745,0.4118689897257174,0.7790497393825582,0.5089033288445168,2
0.028978159130770835,0.7735087924776012,0.3002245934290164,0.5051771940386998,0.8656327680988576,0.5675198410362478,0.9355958650001607,0.6884716110134749,0.5914715108324852,0.10431448828192494,3
1.0093851117412689,0.11029414438918414,0.41826022660892376,0.009437098737790639,-0.25471228330717466,0.72717815638593,0.24804560850422305,0.9914113557218756,0.5016082276280012,0.8152496047575666,2
0.041424186499237486,0.12575709979628893,0.7734336161505282,0.32200295793131756,0.05147397983340243,0.2505220184320936,0.6528839735187424,0.42651747733803913,0.29032388264579084,0.463908350311557,1
-0.35927604147667014,0.3329679546203233,0.3708947633360174,-0.2674082756105537,0.7754918965871197,0.5955239040317735,1.2086146741286488,0.7186187354354512,0.39187743309370326,-0.7195745383502377,2
0.3124830695874591,0.4206345667643895,0.9818643301724771,0.6205714883533079,0.38925965364670123,0.7264941169633874,0.16449461663814705,0.6681700683990127,0.9350670013832469,0.41907790892176594,1
1.074275354855503,0.9329781509568147,0.44056975682598193,0.47628738768426226,-0.21304840669828734,0.8510938819164189,0.8872332587141266,0.3702148128068059,-0.015701040786514076,0.6981808768811397,1
0.1627522738296172,0.831668254778892,0.3672441997701897,0.4815638610769676,0.5872800434433766,0.6999999261492519,0.9753713685348454,0.47873979295402225,0.4826108945835357,0.9332730127308589,1
0.9660962971264017,0.4619768093514949,0.24444940807057633,0.8576475468846971,0.2641370080372359,0.7970509052931309,0.8817636969683204,0.4747995889647264,0.9603124782648269,0.3034497933174398,2
0.7173693053576006,0.4411345163358208,0.27660142938767934,0.5045465070490289,-0.0650393216376331,0.7910493277346966,0.755008797933024,1.0747129777712694,0.6893688120842684,1.0776413792745032,1
0.8406494625485,0.6398060461832277,0.8013739333634521,0.16441314112343064,0.6489252881419574,0.5292942318674322,0.42858028708654283,0.16054686208398747,0.8125736779610484,0.9279925669869973,3
0.09089647088939688,0.11912588961129209,0.26190378699843686,0.6493160001433538,0.4812425459170394,0.7998813337997436,0.820539273811669,0.29700800429651264,0.6041344732385656,0.4777305363513562,1
0.9230932903574787,0.5544618574462518,0.7457045703988711,0.09595922431322693,0.5629438722083054,0.6192526322756465,0.35351663904693975,0.1833935625402094,0.8083420129267193,0.9467260418993396,3
1.0169270788084812,0.1636835208884726,0.48156158991360376,0.13487516228547494,-0.09985909273398771,-0.06383002678361442,0.4277572607126467,0.6536055721819508,-0.03969129553570673,0.5688431035862288,1
0.6630863513341485,0.802775713823461,0.26839166140347753,0.23639100576959787,0.7548998204400309,0.4088387249156645,0.12403238658671763,0.4301835767407938,0.03845938116729441,0.28219060649568417,2
0.5904892623095205,0.343383343962656,0.248093432601043,0.8395615742966145,0.3780053136674627,0.8803127082774251,0.8387995802657487,0.15913392011524302,1.3939961251160515,0.3514073977470168,2
0.58241884204109,0.28780647477870236,0.3868251219509154,1.0319668562976674,0.31512819817853666,0.4460704495739064,0.3675846746040217,0.777411366367537,0.5834309939119512,0.29874543422019306,2
1.1435701121495256,0.830775407359651,0.48944340528013763,0.1370101050211422,0.5099840355086531,0.6667313222736517,0.6632714427725325,0.18125606259302718,0.8511609622887975,0.8846460792740086,1
0.670682509108586,0.798723595236344,0.2762139154899277,0.23231256296973535,0.7597605480590804,0.41290618195293544,0.12655359205171082,0.42788999353229185,0.04182909673398305,0.2903442284305709,2
1.065907631054272,0.7685587315075529,0.8755630817332328,0.5243427471536481,-0.115295214474117,1.1671120661038548,1.3308953626353592,0.686876327722455,0.4267015048901482,0.962433024748355,1
0.6507720310477015,0.8302464589584667,0.3133778931418091,0.06975493764205085,0.9096607265362746,-0.00997916147566602,0.33908967994713907,0.5250542672073153,0.6157271460599193,0.09257621899065124,2
0.028359308133177975,0.1435949644194482,0.3265932441075401,0.7418799871200131,0.46490419268579286,0.8218269959111273,0.8646463724136751,0.373949471123596,0.708127599435112,0.45871012736793015,1
0.5781839259160758,0.7661382315031898,0.8150578165891178,0.5124794579000477,0.09792321740504593,0.37840129724243715,0.10214506878871919,0.8222810028053938,0.6869045523414481,0.19877095234160053,0
0.04886200020324676,0.18308253299192373,0.3444824011947899,0.7044044989674462,0.4684820703817214,0.8337120989889477,0.8468653659656761,0.3568461851076403,0.6671661696182231,0.48781516273278774,1
0.7266745880945348,0.4497045612619893,0.8168849298617991,0.8846407655237565,-0.14436307431731238,1.3233871725492574,0.3018543289077001,-0.04857813192201771,0.07592549351653669,1.0213980916826217,3
0.13128208599224667,0.8114060109853274,0.2906832812458295,0.4468356655898359,0.5515669230113593,0.6609464558565398,0.9315036360342905,0.492130181349155,0.3627028947930508,0.9531519647047172,1
0.394860111593906,0.2224666510100209,0.6333149043619839,0.8304789619329348,0.8911077712408326,0.47600358519666286,0.995351818546818,0.6928766780474143,0.7346487182183941,0.48477857404423186,0
0.5265293932893189,-0.15329073952975922,0.5184104025103885,0.18527698953380023,0.2108956611939235,-0.19741220530596737,0.8511238511676007,0.24760556033621367,0.13558844726583114,0.5248646843556947,2
0.24538569577268038,0.3363335196146341,0.46363404947562503,0.7306879905541979,0.335123985491771,0.2886714284103957,0.4459089414637905,-0.05539694664844644,1.047399936646398,0.11851787545532631,2
0.19854762119365948,0.4995788465664446,0.015476587273464681,0.46394558430365285,1.0387894178380686,0.28510241139493786,0.5172876055660486,1.1269100852514478,0.3814805916057331,0.8742202353559089,1
0.7358415879738109,0.9407422459627313,0.11665356371763694,0.8601976593186632,0.6336437739389917,0.9651881411249182,0.6275800847128643,0.49855524703944626,0.013153535106097118,0.2659503151123157,1
0.7747492531997139,0.9019786429412858,0.6472096411954325,0.6488003613623912,0.23578244586195413,0.4497286088409658,0.5305104766566404,1.4293637172565357,0.436841227273384,1.0368401512128538,0
0.5238361469265667,0.40331604441375324,1.0055673819234252,0.43600286758992557,0.5682524761660057,0.4556871045852441,0.1692163603660764,0.4243085553407354,0.8987449504725366,0.546978120984278,1
-0.15561073574926612,-0.1232566760167981,0.1943510860767218,0.7394751965410594,0.3556969341488253,0.5185212627498549,0.42407741786633146,0.16999250805580204,1.0809816593165906,0.7259415966694897,0
0.37720565389255906,0.10823146346797544,1.2855801719978692,1.5345028400760037,0.11973398600751706,0.7446916030994423,-0.31246925229274547,0.24177246506044012,-0.14718009848342617,0.6006511034830186,2
0.3802308627794442,0.21212418798721885,0.015200233326839563,0.005453433839665723,0.8978504204371482,0.3979157570657974,0.6372097422858988,0.3968375805494673,0.27113498183060425,0.08032539639438831,2
0.9272942034840486,0.5458177037547922,0.8175472962153965,0.06543826792198167,0.5634796310249812,0.6763228877054778,0.3839758743833664,0.1404230299622787,0.7774600892542992,0.9314841033293776,3
0.9975951249660342,0.19025479627897393,0.5538451046253481,0.7939097774453672,0.5458681267300888,0.5542397294564099,0.5943395317128236,0.23292570970286924,0.15109028163645954,0.5867800961570396,2
0.21580609290671446,0.3656463321025848,0.5707673547271769,0.5902386448560154,0.6265043971968995,1.1178130789098015,0.6729937222054567,0.19594095426765784,0.531085839664136,0.2962673359925582,1
0.05426532290198606,0.6236775961411336,0.5007844601454616,0.05242852744474098,0.8993958148986986,0.8160800427196901,0.5843255491399592,0.6016248863602007,0.33697383302377887,0.11835179244661631,3
0.027850586686249765,0.7783002238327497,0.26742481453129285,0.4984198758219326,0.9056080208183355,0.5735829234446495,0.9083268267568025,0.6787978961604778,0.6472762615348836,0.06898896737575477,3
0.8067746315093443,0.3946703089103713,0.9295776131593846,0.7405520024853072,0.4759261752548619,0.6817392130444746,0.1462556580705223,0.7062706348340065,0.93993816944473,0.3281998079167965,3
0.6928514238481097,0.3367213987491687,0.8717190550198126,0.6991488057574035,0.43070575047248394,0.6570714465601287,0.004684053479439801,0.6099235155761147,0.8479260092956464,0.3723175056160975,3
0.5399833708134837,0.7224472948610908,0.8218389206593886,0.4411669078452097,0.2993585269941398,0.5392429659768756,0.09690218529844243,0.6973112823605736,0.5749145145363012,0.10391698960139682,0
0.17673176791584122,0.5031102433178031,0.8193586351689423,0.7549520009070936,0.4968934632235444,0.8363451455194233,0.2735418011342702,0.7844900581884929,0.8805776828939014,0.37720217007555146,1
0.34957219521164523,0.26712583872653306,0.18209306722813598,0.9593435551687086,0.7015027585710943,0.6104477812552268,0.39849114878563696,0.5799001451703332,1.1900274142588954,0.5697498833610811,0
0.9006638332805454,0.6124029484847282,0.7886811384817318,0.10773995585357415,0.5778663190985933,0.6204065120020514,0.3635503999659852,0.17321516046600222,0.8103333999738166,0.9741010294078103,3
0.34720508164934794,0.4169148760309733,0.20251729191447945,0.9242552252797429,0.19735459650581744,0.5102078550983556,0.6673198239322604,0.541123795986586,0.6668955416409144,0.0636436687951484,2
0.1320264036335997,0.16330081993595158,1.119328987963227,0.7976345928419972,0.09939289174780425,0.40990097905878636,0.26198838709863703,0.44844238572336104,0.9561857242270813,0.12406422243927927,0
0.24311395127347074,0.4689580099464047,1.005686220655014,0.6710537132576316,0.3512074083792373,0.6976939375985551,0.19740243300939395,0.6064327819086788,0.9390724600535975,0.35726904148537597,1
0.539895962828175,0.8234956612051327,0.31831381860999164,0.5054574141020445,0.7997201448139013,0.14319774006730157,0.041923368075031595,0.1990975426217591,0.5513531915735083,0.9006914768632127,1
-0.24584337151853097,0.2837193515893316,-0.2224190270245986,0.5878622916677034,0.6404094982107872,0.8741476232519465,1.2446419035600904,-0.5361372045652505,1.2740236655208865,1.213273473193147,1
0.9351798108340648,0.5678532220723664,0.7870215149803022,0.08034868971497895,0.5399192055566399,0.636915028728632,0.3709308528789553,0.18881948424500114,0.7937156927989204,0.9822813964133724,3
1.1043162607658235,0.48789647368581646,0.8767695028491532,-0.011760719346934345,0.04774377391370968,1.069191769317298,1.0739964352213804,0.5018987818585172,0.43599459630036497,0.865762805095864,1
0.30781364922728416,0.33792094544536894,0.44221278631142436,0.7506395821144511,0.19364427859216382,0.44868533778097486,0.45197691803372236,0.0634415252325108,0.961234001267529,0.12458087609818846,2
0.18363030710942188,0.7903031259249191,0.3153978732920128,0.5167284779420276,0.5591115807184873,0.7549179606897444,0.9806108357081034,0.45966814735727235,0.5405487864232353,0.9854601353796347,1
-0.43668997831448286,0.18074922011322592,0.40126855305180625,-0.08333202645733973,1.3213320054135749,0.9114259472019052,0.5846793037907589,0.6822137741808817,0.4484514109509686,-0.15976387073530218,3
0.10605391857949911,0.13997534464516204,-0.4483463144953945,0.41083966709330516,0.015612923833878023,1.2819085282770428,0.25170504487242384,0.17513327584537947,1.52383871318633,1.066027733558648,3
0.49000073416124107,0.06259172516334835,0.14079287203498078,0.8844031017034374,0.536904236961925,0.7122183788803569,0.8816782012603599,0.9885474747239972,0.34707523461067613,0.8823555307258105,1
0.31919806105320103,0.904906475872943,0.9446144725747023,0.6217562771946329,0.07731367794740507,0.19151853562088916,0.18487828222012212,0.7451215171620454,0.10570198939089018,0.24663279525964077,2
0.4549522425004717,0.3163681518183622,0.8682473036422539,0.5678771700550043,0.4193942192030846,0.7523169571985582,0.35698701062191196,0.3363116908244998,0.5188042816395791,0.08790527760417222,1
0.38966959506994814,0.9528845463091815,0.03622049039117298,0.3686499037727678,0.18506956971211208,0.9249865521584131,0.15858581988870774,-0.08857126222294695,1.2836890584588692,0.2625552947269163,2
0.09859061172940264,0.3584572983377309,0.7160749455113152,0.07506815863272398,1.287999425205124,0.4977798505617651,0.1722240827529401,0.22440599208289935,0.1656861264909769,-0.1971919189672453,3
0.6081418697935795,0.2646154437105153,0.5829861452717437,0.5044295644258389,0.7115464076613474,0.6050893951238167,0.585783766010313,0.22971105958625718,0.23642958062603917,0.34383805017728625,2
0.13479049366410176,0.7259327053549575,0.32388965114400026,0.6060322476600501,0.9127210111952063,0.6806064791353416,0.9116432954484976,0.7470523837984779,0.5753419519447643,0.06896052694763548,3
0.6019066080347889,0.8959144444344269,0.02599983984232916,0.08149982887028795,0.40831174044035146,0.33017014815238366,0.1372647545342216,0.5007167076070252,0.13096629312468516,0.9172930488408005,1
0.8330000797252047,0.47595350727380265,0.9297389217796994,0.7368737524128142,0.5047046630366305,0.5993896471220059,0.12571847706911732,0.7334070651378296,0.9202828959568353,0.38653291509647486,3
0.6643390905772901,0.18543119896328308,0.572365405916674,1.020627719928268,0.46099279778450086,0.5728252083745913,0.8068582555114169,0.08111576056075648,0.24224122542522472,0.6857982267650998,2
0.6539814945247184,0.8045784199054591,0.3147960761636477,0.2621828487165312,0.649902191211748,-0.035556769375522296,0.3448613540041474,0.31065689022520815,0.5639594966271518,0.13362088004062922,2
0.30766540812343274,0.3503270489809535,0.9862621727216588,0.5609587401342931,0.3916810425779429,0.7182228375669064,0.1384258570981038,0.7229450052102432,0.9596088009694856,0.4485614001914171,1
0.7226727729660057,-0.07849042102336004,0.4019302352631793,0.5999155969114979,0.3590841204727633,-0.04122109706005764,0.6077793957713867,0.4222950080533512,0.02398886045679045,0.6065324648698601,2
0.7672486140885901,0.40466589132946573,0.8742147853075306,0.7223564565327024,0.5251833166851895,0.5976110332646674,0.0810458942508789,0.6971405086931923,0.8560871818890651,0.39701058889466706,3
0.7497755912872714,0.9112042309357562,0.04423305781618324,0.8640477045869742,0.7052592623215873,0.9921416516066838,0.6207535325766531,0.5295028342248553,0.02016767972261975,0.30443271913532455,1
0.5731273590212125,0.3011402625177517,0.6973146432592947,0.3485769967548796,0.9228445435595267,-0.4004685321225186,0.42404669402990397,1.0144684430660438,0.3529198156776682,1.1544776301447162,1
-0.3039414366735244,0.45335742078695773,0.369418772617507,0.02855991889498308,0.9750899007631775,0.35633360434249345,0.31674509706878284,0.3177143615396762,0.2443468800556711,-0.2888357459371842,3
1.0703827556411942,0.9182364698968759,0.27049781073691864,0.5997379079305121,0.4704154280717148,0.7920456517270351,0.5653572042696611,0.17040528767219904,0.7868107955607097,0.540759899858978,1
0.36558864155876614,0.3902265337162801,0.5471316491798726,0.13076841670806724,1.0992461230356063,0.7372713918048561,0.6697906177226245,0.0924694248083085,-0.2023750430350718,0.15381552528909537,2
0.20382617263833733,0.660410132197877,0.4084611749690097,0.007233220831418856,0.9166919067891213,0.7175423647448177,0.4668862269583638,0.48286208656128593,0.47242353126142195,0.15212891610674872,3
0.37536636709742116,0.16805116400948106,0.4785041630078897,0.08980526228234265,0.4746829720043656,-0.21095473882142585,0.556465536005952,0.2837364270680389,1.019588191483352,0.5300925115651244,2
0.06480154533697183,0.14113501303901121,0.3254121516446608,0.6955789308878695,0.438628876703658,0.8491407650737546,0.8455711368738617,0.3770570858097841,0.6938407581224237,0.44348557833294056,1
0.24437452414133937,0.010651103152283284,0.11494274120295989,0.048435728858721654,0.7388171783723915,0.282976319082463,0.4061375544085684,0.42564968236777745,0.1907495940207975,0.1334814044894997,2
0.6779361704736473,0.49375324180518615,0.19505102235824046,0.4511143250924825,0.35163909027136997,-0.1654159918996791,0.3156541582218103,0.7189148361449087,0.4103685325721754,0.5962673514134561,1
0.053805247078752706,0.7690242641293625,0.3261978786160549,0.5740010122482562,0.9544629522729444,0.6387150184666073,0.9510576522196508,0.706005999028387,0.6423953182598641,0.029772802877096445,3
0.28575176898592086,0.9195516976159915,1.0222410146879448,0.6384179494526216,0.04953536874557009,0.19339926547614356,0.22007108659421534,0.793810929407807,0.0998574459846114,0.2491502964099515,2
0.7292671007051107,0.7790142821901264,0.25534935540836645,0.20318213493612308,0.7223758053451774,0.35668462998648737,0.1540033943461903,0.3281616680844814,0.13946825240264316,0.13349671767127808,2
0.8751558171444087,0.6961848363374479,0.13053044434125605,0.7931698736604458,0.375782941767788,0.9643359056297226,0.7157994559436645,0.1665921081504351,0.8170270642933191,0.3145330488345459,1
0.32434818075968247,0.26610230134466917,1.098362613588656,0.6266856297294932,0.4114858275420669,0.6614874994821348,0.12230025419144884,0.7509258643394086,0.95073417263807,0.566342305698524,1
0.5731439857825279,0.8953842478884164,0.5072455515668908,0.4592656147333825,0.6273398584883876,0.47189384281517693,-0.18209078828631892,0.390238689286726,-0.051300563553754355,0.23728701162866422,2
0.9314847234606042,0.0966163666261114,0.45114480209640284,0.17152015706490617,-0.06145662236373489,0.048312110761744714,0.6010593129225295,0.700557804267827,0.03293641480310309,0.47051501127838585,1
1.1915838158284526,-0.14129746329475962,1.038084901171473,-0.526671776444043,0.27320228513289213,-0.4355328244917711,-0.22618663049374543,1.6471012976744408,-0.018569382856008156,0.7814534426609603,1
0.7089684541816739,0.03430634557487722,0.23831457137167783,-0.19776496584232328,-0.005527068338043728,-0.5849332190601754,0.8642219011752492,0.5039897166578029,0.507718926195599,0.11724583787616316,1
0.2921484415802786,0.20932345588248288,0.3671129978127269,1.0646521476022974,0.4211613530013337,0.5778985558597537,1.1273562637076613,1.2102306071700368,0.38037602532885006,1.116379617274311,1
-0.10253942535811539,0.032412651711127255,0.3443379742454789,0.8351204076487968,0.37319961364871174,0.7593898215840135,0.8147428615126664,0.5141143562494928,0.7863678228289532,0.36490953010335925,1
0.6396072839724791,0.19289959600482237,0.2036214903450147,0.7433706008055715,1.367930644097676,0.8177973246560457,0.8887720449139871,0.5096080907844758,-0.16504988657954556,0.5404536448533175,2
0.05698171106551222,0.17128239456789432,0.3329079504756085,0.7144953426116281,0.4660867711418365,0.839700299541616,0.8513461546142931,0.36330048077495924,0.677112589540961,0.4817867138234343,1
0.2160491391934259,-0.15454799135825115,0.13015778555762675,0.4986638400406746,0.3668603630463132,-0.045757237508292525,0.9986929928212307,0.3536527911092968,0.6082326292591945,0.1256410508550235,2
0.006180056381445753,0.15403574070060083,0.3053046288686774,0.6816441614487361,0.440474356630202,0.8286467354855808,0.9049405758093032,0.3995003991903971,0.6403591830663028,0.5360079081438887,1
0.1517232994965057,-0.007145608376438212,0.09220912881771567,0.5754884933932789,0.20946438617125057,1.069288253500409,0.8029653574781913,0.07768525884666155,0.9155766087405561,0.667925491563149,1
-0.4601427481967104,0.21787607581124085,0.3584518863444305,0.5057846662309664,-0.6725983472513568,1.5536020511810205,1.3219265833934477,-0.21537919257250987,0.809486748590235,1.1141079465941335,3
0.3100767126588213,0.48201455805144866,0.19317238010269983,-0.034556105537465936,0.11815170029721248,0.6519828635888602,0.6761172241439883,0.0964410583968526,1.171553199615932,0.7648199533315415,3
0.6168159450916146,0.6813028321272534,0.7035123540028417,0.4571848546375051,0.6553232858029502,0.7090556727442411,0.899490406193836,0.13458270348014956,0.1270857471166687,0.2842893166978337,3
0.3727852140717294,0.5732656518842953,0.39659132400408736,-0.10015504439263562,0.5970666085029455,0.4096941402236828,-0.1983804159176128,0.6892062197386095,1.001963597984581,0.6372819085048835,1
-0.05931109086047057,0.6880049765539172,0.685906336555274,0.24387993481598827,0.7681364094523555,0.5834173569662995,0.4881738714023829,0.6075289817510346,0.341012006785865,-0.08628653518756105,3
0.6721792597189095,0.15654468182252312,0.2644532658758242,0.32690217218869577,0.5460566914670166,0.10050392271445686,0.6023091236212085,0.8247707793410215,0.6459822052582819,0.6068035237343973,1
0.956346547222123,0.8818745509475402,0.2870491448395638,0.22443149269099005,0.5793914100053921,0.9003882346744962,0.7849308669780272,0.052280306817034786,0.2595688294505103,0.8229920674954923,3
0.5399469856559338,1.1679629029594212,0.21839230138498114,-0.08154537102035875,0.5120651932154517,0.18672441020780717,0.3629337045060535,0.5403350703337313,0.43735503247143137,0.17177867336431546,2
0.2927196280202926,0.36327742645904665,0.694309037957891,0.5848336220019247,0.36351453951859214,0.5457145870635459,0.1267268349765372,0.5624258680888494,0.6340185391900449,-0.12977214763945327,0
0.7625555518578495,0.21096488646237474,0.570948732418691,0.6343555117784065,0.36644847000802216,0.2735129362821617,0.04174219268642483,0.4784971188454832,0.24996757274123527,0.6350491638344532,2
-0.040334959715285876,0.10466176926185262,0.4663297390694008,0.5271990701874297,0.5791718974544507,0.9543759941952483,0.8467015540728495,0.34525517387639,0.7764827334546579,0.4433691580035739,1
0.019145712927381653,0.24809661053068147,0.6897677440369918,0.03070712225133153,0.032809879376169186,0.2924194545182336,0.11396828895749278,0.8513356484100104,0.45071067121011055,0.27635413368074463,1
0.9570316747788032,0.5285159834036499,0.28406547172901825,0.8818817064657027,0.31851211253019374,0.7176299679019713,0.8277176424608621,0.46435821319261306,0.9865369465083964,0.28031383143632704,2
0.3754431548248802,0.84990924923383,0.6484241280097708,0.4168329942213438,-0.004530192951711393,0.39681454524404985,0.2689142380582318,0.6042391178034172,0.4387536049295569,-0.00711419951824574,0
0.16452281517909229,0.9009980184367684,0.36189457567607464,0.42215968457545455,0.45809896714867504,0.8606735790247367,0.9550174524494149,0.5205267853550017,0.3359998392309562,0.7963961561942197,1
0.602367670016114,0.8226554718395028,0.20940976399279748,0.3019061938352675,0.7809483554865361,0.4832368586323635,0.1385161736427364,0.4021037315422877,-0.0041724015639978615,0.21956942948748817,2
0.13118246630182628,0.8990964338838985,0.4636037429781158,0.9701744569272069,0.26957467528312157,0.0631214857691948,0.9114708345959951,0.8391637208893448,0.05321854111014085,0.763239196892588,3
0.5743464256489932,0.8621580944654744,0.15582107963117814,0.11892199778028502,0.7676013481919872,0.047540838527702314,0.25228026176439367,0.3747259044347116,0.5837974364467259,0.002787894534727833,2
0.04701123339337229,0.7931877097954838,0.29454559582549206,0.5245593422540303,0.9301088908109965,0.5656272756377059,0.927173995969421,0.6518988444258276,0.6188725325417732,0.07063386059729906,3
0.20111858455151305,0.23388611325506586,0.4785029175472165,0.7929847693661612,0.03893154676324084,0.5190867307000948,0.5306743494211761,-0.1337975297580089,0.7334180413972174,0.17724184158064651,2
0.1893229115614651,0.6995113221767012,-0.6276357644170009,0.28506763290903064,0.668678406463497,0.14551896126695063,0.1075294225783281,-0.12483092045675664,1.1800078062618575,1.3999173961540554,3
0.3108884694421299,0.4168808252507031,0.9779061602309252,0.6359477679184997,0.3795659423104263,0.7315302530700917,0.16065886128862705,0.6572305351806611,0.9314667941497267,0.42654639810214146,1
0.22088319549853586,0.32437411324615845,0.17148151690021698,0.8313214682004625,0.0063592626244380335,0.5187827104402073,0.6235628375459594,0.12738064575008412,0.8530959708745127,0.04207667424097375,2
0.14203431175513262,0.6835049610330411,0.4152846926964357,0.6269539103291759,0.46185374152603814,0.6252020464010968,0.825235812190463,0.6660005833183804,0.5300381199142011,0.8595598195746623,1
0.054399036806907886,0.3738266739578801,0.5200438841792199,0.21983184256008595,0.9427063745747172,0.9881598640026634,0.45650131874201827,0.3230946601420399,0.6098610571910196,-0.07472359301948792,3
1.0175989225728306,0.5416239176016138,0.24968085345856486,0.5232828434118055,0.46940575712750543,0.9316449058643907,0.9437283809550371,0.21232427034767692,0.5507555257007641,0.4100215163634644,1
0.48626566412886746,0.7646661598558332,0.3764109667470315,0.4960570330861466,0.7913880434628124,0.23295168068800362,0.07237611673673822,0.24065768996181908,0.48239245959597665,0.9479255544898469,1
0.04259744664462267,0.11209952647567747,0.7783322356860432,0.3287985342432755,0.05492016443280877,0.2634278478207021,0.6175270474430424,0.39743632962245606,0.29242667735826944,0.4555523006799738,1
0.2912225354276645,0.6372030045722973,0.5648351745008889,0.10377774435781112,1.1746479109516894,0.6099700664013995,0.5803890921099619,0.6851871171133862,0.6406824027723022,-0.08196784420670666,3
0.8666484620968927,0.5609876530590331,0.31689230803821256,0.7175572452356437,0.7420058225634643,0.7351266297653833,0.6496479460912936,0.0913806268782805,0.8135128451261192,0.9362335367779495,3
0.6064242683312702,0.8956170051803389,-0.0014383844860895827,0.056244084386885426,0.398171755265663,0.3192953991871203,0.13031686460178254,0.49138584598144824,0.13052811165693964,0.9157146156259193,1
0.47330043589512755,0.7519800823909791,0.43778662098303706,0.35482327536611585,-0.015298640775783884,1.0053989636654554,0.16708603413265016,0.17010675097770228,0.012951932863946691,0.6704349507318728,3
0.8807897511088634,0.519608209118652,0.3441213056126515,0.6514172614263763,0.8150006621209354,0.7489570506600939,0.5885897363758976,0.09469957919173694,0.7198124367045916,0.8238193316150967,3
0.9629842877727691,0.5698138371236146,0.7798595801619519,0.08470233373923387,0.5613110255361194,0.6553581403370804,0.3383196368560305,0.2254693973948511,0.848729746301061,0.9666114126248624,3
0.8123744810497529,0.4561216966990469,0.8700053645791821,0.14625048244211414,0.6327138868280493,0.6815953309062484,0.43451805643497554,0.07731973771836437,0.7977299988713257,0.8172341611050811,3
0.04822543553928741,0.7960574288147916,0.40910274505706123,0.5018482404217626,0.4695243870488134,0.6859102076794298,0.8769258438379964,0.6417556118625344,0.49676212052176033,0.9093849121689789,1
0.21336451742466703,0.28600018896214086,-0.0544612768304424,0.8257328934587436,0.05917540751423264,0.729309417461991,0.5026703925823958,0.7342721589812753,0.715921624751226,-0.02406131316698768,0
0.9451053773062005,-0.14300990915874362,0.17475171803777984,0.7997230558660315,0.47217796613205015,-0.20289229843300355,0.2733436343672659,0.6742294373744041,-0.21286832307335946,0.09814753060320924,2
0.5742552149623867,0.32298735942508505,0.2647683671398243,0.9889216363214899,0.19034933383784258,0.41641881632666833,0.4854215695609375,0.6686461404161701,0.6927485283645282,0.2020825439794678,2
0.899020673904351,0.9072722564352397,-0.003829025545200093,0.43083757355349517,0.7354346585237957,0.4946202234475377,-0.23515595434783615,0.4701036241146162,0.3249494040562349,0.5231722222329821,2
0.8420068149131109,0.5416748638478908,0.7541485085451041,0.49464926439304485,0.8846960650691882,0.7961866564045537,0.8575948803187713,0.03470070295975646,0.40007207678498724,0.4974311170023515,3
1.0453020342585413,1.4562188925380675,0.1740292797450358,1.2688419288790933,0.20091986525515615,1.774304503249211,0.28146590600140975,0.353955269660818,-0.362730277690122,0.6681800885369262,0
0.8714156239310764,0.5722139995688893,0.032097725414755286,0.7698093912389623,0.6433523945001788,0.0100077946166105,0.3361783277649029,0.8857988501796517,0.003947165037792716,0.5117344520350642,0
0.8981238621320881,0.573139490906905,0.8048400248464226,0.1327099908216483,0.5833664095547222,0.5524928997617877,0.35799157929613523,0.17318673260007614,0.8568099875475537,1.048112484238783,3
0.3422036187202006,0.8764130548783337,0.9921148390191864,0.5948007211411208,0.04656587672484415,0.22939249754540753,0.21294248384246245,0.7642268285476207,0.07872137647222778,0.27955132140156075,2
0.3759073428717479,0.2214725144285069,0.2783332296095482,0.7436980259351127,0.3872900345040147,0.8132502543013063,0.7313488577698126,1.00370420716266,0.37427764396602053,0.7511201011526556,1
1.475014178756079,-0.3273035472209138,0.685708556274629,-0.036329886184110705,0.43081993190509893,-0.4730825660306128,0.02950374322360897,0.310774357255264,0.7496301221439633,0.4075005058990111,2
1.1327858286538075,-0.07219626673931284,0.7915047188661843,0.6075321456854428,0.2429253333331063,-0.04429519035078944,-0.17218452262734646,0.3492187898444936,0.5701551342880128,0.3510350684650646,2
0.8057581195769665,0.2317562330990147,-0.3362404958382469,0.9181452410183997,-0.07277939970572972,-0.26677202606052886,-0.25540658697790986,0.4299964680096124,1.0343858748787986,0.42406223220139416,2
0.7203701567059451,0.8239611745660229,-0.09574209963923944,0.744876242067038,0.5144542104967917,0.7653247191207686,0.6446385780456206,0.19312654307641597,0.7909948583599001,0.496868781027627,1
0.3933627920397202,0.22875313577503825,1.0504519393253657,0.47573952972850353,0.5130390382721547,0.5384926777500121,0.33977117649178945,0.5556207978511644,0.6331847477215766,0.3134581131031295,1
0.8883627011143435,0.4438543497583465,0.22655202134808272,0.6858194138984969,0.23934217108552025,0.5785490437582839,0.8707857529812006,0.6204633077639627,0.7909047183248232,0.35223073226473967,2
0.89242722517004,0.612813341918891,0.4279905242158727,0.7866280663728104,0.06052581358026837,0.2650104071473015,0.5170178923841193,0.892703619632541,1.0094279354861935,0.2203900997280994,2
0.6081000142262845,0.8681751295724939,0.30724259899836004,0.19548581607388898,0.7951392845206315,0.4879987665188654,0.14487323174212435,0.4554848711551284,0.0005718663946919569,0.2113593708466785,2
-0.24339915315568467,-0.9699918550310579,1.2379456067052,0.8703525695778415,1.93974507435296,0.6747559766302238,1.015556132220972,0.5056993539379964,0.4636605791623055,0.6395829495657774,2
0.7135340806394951,0.9345679506114513,-0.044697967404504074,0.007024360040006075,0.3322142566591191,0.4418770026853174,0.20245423072722257,0.5160795845352244,0.23617961751486,0.9439166443427915,1
0.8582480605295371,0.7520369501239123,0.11663848244783764,0.8103823225548097,0.4339429521396876,1.203006666803753,0.5051222945416411,-0.028012502932973915,0.7273815167742368,0.3081628120566508,1
0.9911308941617459,0.21301633273052178,0.07594033139532583,0.8985361831963865,0.623382036413808,0.27620442799803,0.06355834846147942,0.8797780943670825,0.18057834424547373,0.2536145647661963,0
0.21406135700941797,0.42289225309555045,0.8827763520810046,0.7932640812478373,0.34999257915465465,0.5796358752318179,0.019174611175859446,0.7175104086394701,0.9799680939444546,0.2664942831189516,1
0.06129295862415466,0.8627796442471289,0.43883165544649794,0.45303711658839874,0.5482127271314785,0.7248198938589312,0.9605285530037279,0.5339451340156771,0.485968341152737,0.9104443259377136,1
0.5345884698152285,0.03380167272307877,0.9948102473568107,0.6736910822501491,0.601772976124079,0.8539532182099541,0.5706637445502525,0.14891494427313726,-0.20083944512443586,0.24006652412082985,2
0.5296055310694814,0.6923235522099621,0.8680326359490516,0.4871066441974683,0.7024525810508936,0.8528307881824041,0.79066297346669,-0.07342432193585485,0.3320427917504927,0.49853870137614203,3
0.7329456838178261,0.2863911213011481,0.17048588049231517,0.9683845655598384,0.2826370809593605,0.9755319669874418,0.7147790808998751,0.5920350336288328,1.223717752176629,0.5605789069876842,2
0.4179063573229556,0.2596748075489216,0.04456103284623958,1.0788094776078374,0.3086761055466084,0.14531648367353944,0.1509873011280956,1.085850089187179,0.7016114635138759,-0.16536515243361982,0
1.5059834068510976,0.6526972641510814,0.5024212154969309,0.7229548489705406,-0.5318131668568927,-0.6378707474233882,0.9467120324521894,1.0228474135968004,-0.0902079564378369,-0.006271705665994665,1
0.31905398554425196,0.4245228617364602,0.34575170398269894,0.7841504774425072,0.10109199632968138,0.3330686618595954,0.4578601467127621,0.1009377569927809,0.9011553560487616,0.1630347936656172,2
-0.000961710739635302,-0.2076584707110144,1.1916662126241846,-0.024642700688263935,1.320624632689832,1.5555808360852623,0.9744561705652308,1.003258350306629,1.4319508578470528,1.0174027400184553,3
-0.023030717750904026,0.4209368423939499,0.5361022414138168,0.9386174435199872,0.4356698841717697,0.6998379714047471,0.41795948386372106,0.6974732650279527,0.2810223320500266,-0.0021755804855685956,0
0.0854826528498824,0.6714672684755392,-0.12915749006608082,0.4788111861898483,0.5164134830810692,0.9347949472077081,0.8752417574723443,0.056935403927320466,0.9634165748523219,0.5198571486391534,2
1.2711303361059172,0.5069961938911032,0.6430102763326366,-0.2840291223060596,0.18950933104196913,0.3941034917251784,0.5786286592873064,0.3397823543991915,-0.3022509949401528,0.8012084620809867,1
0.8816350474407156,0.701079617243148,0.13975101760578035,0.7999044269011003,0.37531889954527814,0.9559380480988767,0.7231326010454068,0.16103519452870318,0.825039140211911,0.3247003933779914,1
1.1000063647778926,0.28020199959793723,0.4709001063257236,0.9111571250793468,0.679842739154087,0.45412929397825824,0.5792567903499094,0.3851546373606313,0.3028149470734316,0.4232610445316447,2
0.91006178735062,0.6898977496135692,0.1582160338855336,0.7996593498739074,0.35687882236273,0.946784943959497,0.7281283330350731,0.12848992449498894,0.8334956632018236,0.279939442525559,1
1.17861198139124,0.14166557693821147,0.09264124801592627,0.8996411400348692,0.6019182166372877,0.33636815209047405,0.17527761593047422,0.015092894712818161,0.46000619947937826,0.6050115094670286,2
0.7567748732737403,0.3542896193570077,0.6184267378978643,0.5081976924175461,0.4118038559380325,0.17717234504499899,0.05414544442939521,0.3340003626108223,0.4224689023294415,0.7030166436907449,2
0.4917898393636885,0.3696778185351016,0.7414655407714561,0.5506009892151706,0.5954547820284286,0.7516797962979511,0.49479415312882535,0.30770419837704804,0.7459406844221886,0.11663894490104659,1
0.8694809876563168,0.6973230768198317,0.13228038966064737,0.7951875034613571,0.3776175418424804,0.967831943409025,0.713115944017619,0.1661556289805939,0.8210561094979503,0.3178715652359109,1
0.2703178690106507,0.4439199239043331,0.2586898941009461,0.03322559191065867,0.3027854728693728,0.2761601241039776,0.12010321939769342,0.4177944984974099,1.1269268866265556,0.9213308104617693,2
1.2594135658195296,0.25887878246539353,0.31336820646694813,0.9335800077722355,0.8923250556090562,0.48969800432083926,0.25612892196119585,0.014630314184953863,0.35159279040640584,0.3570458723508402,2
0.9766638325719263,0.34119448353510595,0.26110628712210016,0.9902464359823355,0.19602184399575084,0.8599916111851775,1.0383690910092052,0.4833593061172481,0.7877103650171932,0.43557943796941145,2
0.554960455856697,0.3944001422918947,0.10546773409354745,0.9673721391454302,0.1620592383819172,0.12956416022291695,0.3915852868442955,0.42311649112413063,0.7308367390837075,0.12359532469048326,2
0.5881435214855759,-0.04524647828682962,0.25728267638233754,0.42144038246448895,0.23099590577010923,0.638864697013369,1.0173595265199018,0.4071743997307571,0.6367756357921656,0.7446807591547657,2
0.40258936623747554,0.19695159210089605,-0.26377567737294044,0.055819858667828834,-0.012579375268161552,-0.4178887915263071,0.8244452315757156,-0.10296892044283301,0.5553289074657732,0.6353783216712812,2
0.6026156129758571,0.9016639688351478,0.0035283810356120564,0.059753125001239,0.3871686276448336,0.3302868414581962,0.1466073167939811,0.4868059002932394,0.14181613912755411,0.9280218371328713,1
0.8294652217372918,0.5871951911935391,0.7075263239994087,0.24290531777580374,0.148433044360049,0.800647757048658,0.9774920217764822,0.6795847855614405,0.3905559224164794,0.770950235140203,1
0.28936073158314846,0.9008119480964496,0.6987863777516213,0.414059261973181,0.21428577956555755,0.573829013461709,0.34861098022091214,1.0195403396788463,0.5836257256043215,0.2488910086699444,0
0.5113170160316332,0.6797245961294193,0.3510482172088723,0.2549990345374281,0.5349187026387638,0.7448648883407537,1.1782111757150286,0.18686917696802863,0.7773785922138955,0.44297398443235114,2
0.5986150400317667,0.0441430338895219,0.8906157670910329,1.3002476878444464,0.6676643181979345,0.1347244217873369,0.8301568725449482,0.5370642982510159,0.49994494119078753,-0.18554017017706503,0
0.30697648087219126,0.790490702953895,0.8881361286604379,-0.16586674566573467,1.4767241226852699,0.9043771098688016,0.2930564673457185,0.90397233451919,0.4358223907046906,-0.44105832279813917,2
0.023389388540514908,0.24606679918755203,0.7032090631703917,0.006982854754392883,0.05840818196907625,0.2848746583498038,0.1198623350175125,0.8747263646878954,0.4743307067658359,0.28066879664649863,1
0.12989427548167456,0.5741949266555566,0.4868810318225205,0.06572751420804686,0.9590350546915403,0.7132386555239736,0.49349331001412094,0.5310134644137732,0.4153399926192784,0.0745175542273891,3
0.17737200503303457,-0.010906108762175497,0.11748671761975814,0.0020274393122702086,0.7329018778050634,0.3076661248670187,0.40798089676065386,0.4971087080388759,0.27213526746463557,0.16998001171082072,2
0.7153756405026989,0.8489757820179877,0.3078757973126419,0.2958981239273255,0.7829091765533881,0.4190635551808279,0.05534409710456216,0.44575734691904034,0.05988734321434934,0.3336382849586364,2
1.1839198111989255,0.24390708073780035,0.6550671035493193,0.9347678622812955,0.6080469197311276,0.39755545539391746,0.4201420709239872,0.24378861075611863,0.034439434518476544,0.7904254119115368,2
0.5542315557386994,0.7856532790081573,-0.1112841998470484,0.23512858219336136,0.7588898535941156,0.19937298122677935,0.4963527658551954,0.14769767560072639,0.5283425197189683,0.1176531218872379,2
0.4735759674788512,-0.0002797079289195842,0.13032381943087465,0.8300467952704434,0.5929190795655789,0.6543136624750574,0.8000426558009334,1.0323828938968003,0.434240657611775,0.8981952228500584,1
0.4723864971371989,0.053120574640993734,0.15674592244355845,0.9180589256194376,0.5262364530777054,0.6952769354377781,0.9230246699517233,1.0138157195404527,0.37262803230027924,0.8810195065092201,1
1.0156978999849666,0.5911161634890035,0.3611325273214761,0.6794271673394349,0.33194630869502423,0.7297134558116773,0.9796767884875703,0.30087793468272483,0.8389743017488306,0.055422896206309274,2
0.6643546462036414,0.820222386689996,0.24979001782496005,0.23154295707614178,0.7797426282129992,0.3985387605430624,0.11555379422634536,0.44174034250302174,0.02273429036591989,0.31691049795167736,2
0.15073050892457523,0.6862761910957387,0.31062115903370147,0.41418595542300796,0.8553230030711064,0.6245816507674133,0.9129748682605414,0.6233472238818987,0.6719351968019679,0.01625817438211654,3
0.826459777877063,0.26384908977985516,0.08594045148747334,0.44466011842979053,0.1401372150543776,0.7167223887880868,0.5224336411285595,0.4522314027451143,1.3878801266882634,-0.01880694867673638,2
-0.1403188219421671,0.5097821319410527,0.3524600029681458,-0.013097254082508145,0.07759409845856383,0.36659582837987825,0.9520215956711804,-0.10965575296552038,1.0485369637870414,0.7552412362104068,3
0.5223896502928773,0.28406773647783534,0.9846143350603291,0.1281264284964535,0.14018244736544233,1.0358568716621916,0.052721369994108924,0.5183723283227226,0.645828696795402,-0.2317819125718163,0
0.8221093674210588,0.48393366209933364,-0.005915468033442173,-0.3005457181606353,1.1443328397730694,-0.029854321559755773,0.47722581727608226,0.028212076393479668,0.3412480653280948,-0.0035798995347597166,2
0.37090331317076247,0.6974925682325827,-0.3172032791081844,0.3544474181759571,0.48257818395405494,1.0947823608760803,0.3306391954550688,0.3288766677854943,1.01530092111569,0.6529817567917399,3
0.39292980354384477,0.4199517014288183,1.0446491939245253,0.7068662209618489,0.4310702458137432,0.6337824482685773,0.29265087054462463,0.6544747387032812,1.0024940862950218,0.41613325278363184,1
-0.19485821619125573,0.1531878408802127,0.9877936688604048,0.8381908453420728,0.7804296499024019,1.0771420114739363,0.4002851710573677,0.3658112394579045,-0.11903436690480079,0.3526024184421104,0
1.2913767136580765,0.05679061954823733,0.2174819302445338,1.033722609760198,0.4478657543393866,0.9196176680007124,1.3543588538428406,0.8773255699514331,1.3275799004841904,-0.16797833673751578,2
0.3146620830801763,-0.26883737599355406,0.3257252359511079,0.7173724503998471,0.39513506632129003,0.5422644961000511,0.6903849323785062,1.0100151800753703,0.3711005442098025,0.9051700604861701,1
0.93844082515551,0.5780242686317909,0.762383877352286,0.07393700552805925,0.5426712824333022,0.6263930604718806,0.37496282092297833,0.19378722930494788,0.8170805097779968,0.9710784613276058,3
0.09114055652839483,0.09648260653451204,0.31045058951602533,0.6928415860975438,0.5077965598926222,0.5938268268294428,0.6097950728085421,0.4001820202777158,0.9265820988457559,0.7980500580452183,0
0.982600351220344,0.5168961683634777,0.19798348291522094,0.8370152031149992,0.6921709660921633,0.8171207242714527,0.6960022271430264,0.20131935963064962,0.8667115009409669,0.9035655284781662,3
-0.25257877090875364,0.5312943470679539,0.6999151329102983,0.9572973506606083,0.6274271216648821,0.5173423252067255,0.2734422536337058,0.5313554270164357,0.6840257971829473,0.43641355226076395,0
0.35971027243909337,-0.12161914672846214,0.12273659629846811,-0.054252564562720706,0.6141645491965443,0.34774234414287775,0.5612806178365792,0.4462131215420055,0.3956470121117336,0.16454478073089657,2
0.847347506391567,0.8064821182077299,0.2634815676373494,0.8246560794225126,0.7881774791450169,0.8104673923901837,0.6643796857242419,0.7536418585631119,0.11459308270853368,0.07999290730389108,1
0.8163154461407927,0.962983170128644,0.09759788080678684,0.7865658377850028,0.6890462536951685,1.0291420487127216,0.5535824786673218,0.4987503220198986,0.008929778769317956,0.22734897823394173,1
1.096594575786332,0.4917412614251024,0.10897105187652695,0.8233253595676204,0.1528377894911434,0.883514979254577,0.603638872574233,0.4641118797753907,1.095515543771029,0.30063331927008313,2
0.23680319722879314,0.9141524005040876,0.05672010892971183,0.45141423600205666,0.6344490524779494,0.749408893196919,0.9494976610302379,0.22460030656782567,0.7324271481426109,0.7545760917801683,2
1.0512281805708583,-0.5703050776608093,0.9987665636077749,1.5144398244134176,0.7276707467795006,-0.7625907877530517,0.3930219317899074,1.4209627995769227,1.170004989513589,0.8643097351179587,2
0.23752264531413383,0.29214549908859394,0.3431790575584082,0.6360575648500931,0.09953217334085682,0.2428215137782862,0.4110836488489268,0.045218087073482655,0.9773056836048365,0.3040662426589463,2
0.8541631084704612,0.6312660040349337,0.3551209688426757,0.6654857538005905,0.7768920407847674,0.8122144436063284,0.6033339030121163,0.17494987318262667,0.7364593951251562,0.8503708006365902,3
0.5895251248319822,0.8839846497132087,0.18886709484679343,0.11978345231806914,0.7609349906281622,0.05335094129914813,0.24455460213923597,0.3491241672328282,0.5723075552131657,-0.010035602845948573,2
0.6513156024677036,0.3903080532155198,0.49325919558029274,0.5474128257337579,0.6797922217167841,0.49594487226987594,0.5934744178599117,0.12959895336402155,-0.033561188117478685,0.25378675669180395,2
0.4354412666378611,0.6292950074804183,0.7251729352091295,0.5855268293832557,0.20217439082108463,0.6086663615715187,0.14058118959421653,0.8011558047440548,0.5302561758688552,0.15784575958082822,0
0.4150655818859381,0.6114770465568641,0.9491270676369178,0.4248841179242964,0.21907125366054134,0.4815320685719079,-0.003037028205361725,0.792443423712936,0.5682324546258087,0.14353483204479384,0
0.30177347878581967,0.633727849440563,-0.007878125971116933,-0.023429274442786238,0.03107046270253612,0.8121753662636843,0.7334916561568523,0.19488366639008126,0.9513129319633621,0.8206909453036361,3
0.6141866922953025,0.9129782783017084,-0.016264097099324377,0.06890658271500376,0.42407843087016417,0.3574339377337759,0.10740156528740538,0.515313223225189,0.15184893682852313,0.9577000276371145,1
0.44027926994461103,0.04081766157634455,0.2973629551153344,0.5150663954558088,0.6855630126835801,0.4082285943726954,0.500894871338483,1.4443274943116942,-0.025276013992935886,0.933147931735618,1
0.042299405010406736,0.801680450776427,0.2594756256534382,0.546343147910345,0.9116098098589069,0.5615268144551075,0.9368735169586256,0.6195264258995521,0.6061543834863289,0.10013760741977618,3
0.8308206145250088,0.6687094256585253,0.4838408624098937,1.127233509532688,0.44832911176027124,0.8859498720506711,0.6160216825640064,0.6816494474860462,1.0490379388954152,0.3612749120624065,2
0.6982166972733159,0.6660817447806682,0.31796261530835146,0.4335770894507768,0.28087633443940163,0.9934002164160399,0.07862044393454531,0.16575274425035372,0.14275159049347974,0.5406296952612731,3
0.8557350479603092,0.6001582217156659,0.26505944484210986,0.7555677820167316,0.8208162100573156,0.6575303983813988,0.75056981976402,0.028145514433833882,0.7191133960307444,0.9728984307627001,3
0.8138269803628739,0.6673655382226517,0.15279368717967984,0.8459624788969642,0.38710248698007,0.9712698511800016,0.6460321041422628,0.2551184720790343,0.7400162458256603,0.38108968566073886,1
0.562521763511379,1.0372064669515255,0.3368039251277365,0.3558345388514273,0.7706693578230802,0.5891293114934566,-0.047877425873798174,0.429159795349554,0.21130751344976517,0.3469415699512527,2
0.6227334786984557,0.24108153252833914,0.2276187541309391,0.29203118424679947,0.5819691551903948,0.062199709797918626,0.5059277293903874,0.7146724108571616,0.6974677788081091,0.5794164067245426,1
0.7787806772664045,0.18414856085725478,0.29888372431336596,0.27109210488697383,0.6309799418742275,0.16695124853159662,0.482354869673892,0.7534873166055831,0.6939235620887285,0.5620210956652535,1
0.02970910166733149,0.23428113821032806,0.7000115539570455,0.016368943085990167,0.044830306763488,0.2787665805811808,0.13094407289612292,0.8669121662450763,0.4635959749253215,0.2947587726841239,1
0.31161900821306265,0.8789984562499638,1.003299266502751,0.5693831502721309,0.0331080022775995,0.22216193697533934,0.2011213470375267,0.7703055175006784,0.06629196124669416,0.280546809979409,2
0.5330141845044992,-0.007793828665154698,0.10323464740722595,0.7951804083015217,0.6189624181882978,0.6326178491906743,0.9553336052446404,1.0906072783702314,0.2958421867332162,0.7674637699138426,1
0.17509010226222754,-0.11159164195708371,0.5944501280511578,-0.009423117082826504,0.7855740126266642,1.2874353699504015,0.7488867950869036,0.20026603132992518,0.3716857303185237,-0.7118599955035008,2
0.2971962792048859,0.820561407898094,0.8364677774192418,0.1259228847455709,0.9794664293924262,0.44051768713097383,0.7192793535423255,0.7375027555194562,0.47935631576424725,0.7870464974682059,1
0.7029862760122266,0.6185122630626823,0.7659419078332417,0.38957444064372554,0.6201254377428684,0.7502511241838443,0.8550986216454135,0.16738274729517297,0.23254403882422464,0.39822430150678445,3
0.5082799216853414,0.37963421257713914,0.9409681102390289,0.6984115497704914,0.45037956783590594,0.8435842103252352,0.45643923927647084,0.39718082172354674,0.6933357270609559,0.24808764500743127,1
0.5884660737324339,0.6710630042773632,0.6686371082390099,0.4115425365019778,0.7371666606042357,0.7327092778766002,0.9270902613425335,-0.03059657370740032,0.16547863373394933,0.35701174443252687,3
0.9486868787032305,0.08908289532620053,0.6413147287350677,0.888738777221528,0.5340863236129711,0.4301972733232666,0.5751558551390968,0.3345090588115298,0.1357798207420298,0.6024327699354198,2
0.563365805244765,0.46447569100713687,0.8674447887666129,0.2591020226140512,0.8191268159380148,0.7189553755341034,0.4957264801142235,0.2345305075022499,0.09426018715891968,0.21603098247685465,2
0.8463949138808887,0.7312270675040872,0.11517256275898506,0.8192046122539893,0.3616578512648771,1.0078409331486309,0.6657843431835321,0.10011705191831985,0.8801012468797849,0.3222179770751748,1
0.03136947139826098,0.8723738239478096,0.31098722012986957,0.5116326411461561,0.4432439117074308,0.6870818754554874,0.9067493105906129,0.6072816952268804,0.44008359948588105,0.9115210363168852,1
0.5487394350005587,0.08167890947970996,1.168775985235994,0.6415930071783857,0.0181130239505366,1.1764420936732942,0.29089375757061353,0.6676975151540235,0.5440990368978366,0.2062820262781645,1
0.9332996024595364,0.4968982501826879,0.2503018939337749,0.6833986693481933,0.7974767860843414,0.706264830023828,0.67095293690929,0.10863915194462047,0.8240279576532802,0.9750090798460986,3
0.5096627929153399,0.8264831271093154,0.8553695808680598,0.4364723716325088,0.7762540385513,0.6632128597985681,0.910784972081212,-0.011266178523715642,0.2436658178555791,0.3843716150122176,3
0.9947813130614429,0.13780704025524743,0.6727941913847176,0.8108771809782309,0.5665355595260231,0.4453580380190335,0.5149464080050793,0.3584786966542931,0.08720532171481345,0.573067843624478,2
-0.40108140000948017,0.6589791959395868,0.884746776270691,0.10167532417849368,0.8016437905274015,0.7456070760681089,0.649464542237114,0.7610025904396432,1.2657660536274586,1.3012222335126262,0
0.15962909158818456,0.7612593344128978,0.30605663648445386,0.5476246539967823,0.6317791020720968,0.6694587925633545,0.9927471994961528,0.6611332941490086,0.5583400575286737,0.9837120301472838,1
0.023869816178077485,-0.019516890376542917,0.4656331806701141,0.6759894872790176,0.35102025480893134,0.23782415855334374,1.0758155805909217,1.3101924025085427,0.7349407555079949,0.6150178149143065,1
0.5091845589741617,0.976192434875047,0.13392672553192855,0.09524865001918258,0.8625509589481614,0.14112549894490273,0.17595660657805506,0.40885240561162295,0.5327608779206947,-0.13816420096282714,2
0.9498417355786021,0.5440038300227406,0.627593222184325,1.205806187692927,0.7047318457670115,0.6514935693503483,0.7393343066192736,0.28617563728772827,-0.1583345530056976,0.5087763093226196,2
0.5775833898279142,0.45288787141294556,0.9000279247287445,0.7503024928519633,0.49802323946442734,0.857858775300166,0.45633799353277,0.3755360546453186,0.6731085804895476,0.2566398396759033,1
0.9602557465621365,0.1851825387083655,0.7035904059788588,0.7202057611004561,0.6786522693014019,0.32604701811303133,0.4642790303181825,0.44380243697652755,0.22577613118579976,0.7194371726603777,2
0.9049606047737557,0.6929040146109128,0.07600504474227704,0.778582274210256,0.42150385408130026,0.914873067253224,0.744670483641123,0.12865614717506232,0.8791890720889562,0.3694853604118473,1
0.2608913021547983,0.5848828315695939,0.8388489807772898,0.02774239728609916,0.7028058027397821,0.4025109811490041,0.4029145202717045,0.8111609668323444,0.25377670346832687,0.9704091597218033,0
0.1189200902469621,0.4720827142445131,0.5729708731449611,0.15296549329416295,0.8907546244436473,0.7411360142940391,0.47875512370055495,0.495218160984709,0.3283016874985423,0.07970890912744708,3
0.6721750635803944,0.9631330445462467,0.08766457228373253,0.18245494136198795,0.8630034255237763,0.1414358671213729,0.22382139171294552,0.44461373306940993,0.5877947103393436,0.08767339841870736,2
0.948509588950707,0.588245947607529,0.7649500871407002,0.0746585870191057,0.5533799499225383,0.6356221668644444,0.3875093876455715,0.19361330469470295,0.8148690556039044,0.970710365078774,3
1.0438706858671398,0.6415903690684821,0.7881420729937673,0.11014875631294763,0.5891318251693696,0.6245721733574268,0.33475741703161455,0.22266821078115537,0.9142076582216125,1.0135059683077465,3
0.8713166618926129,0.32309105194118115,-0.033386109347534165,0.24783671460770668,1.102743234868162,0.20662207033144778,0.7163450338692074,0.6686439043054239,0.4382861442576398,0.9574249155895378,1
0.7656626788605931,0.4607151531231361,0.7448762408706887,0.29939529692649247,0.68858948705748,0.5980080154750318,0.7318846306466261,0.3492852287746244,0.0897293655476559,0.2665191357973966,2
0.6194934316160392,0.8885896315834034,0.009499980546042721,0.019663775845959013,0.3452066581101289,0.29454927759371763,0.12703885495613407,0.5030780109554581,0.1833369790792697,0.8960548701801374,1
0.12561923037515882,0.2032312215504053,0.2877316154478922,0.8402933130817534,0.34739221002689497,0.7365305823799378,0.5547149904705839,0.2515866030605406,0.8255484389460609,0.689083311383328,0
1.156359841614923,0.28979633877921485,-0.1283953092923692,0.9027154075934507,-0.23083798356411023,0.950933638311759,0.3112075826126216,0.04545896227535501,0.3361888685489075,1.87812667345786,2
-0.07893730506463653,0.9056553222672729,0.5814344038141883,0.3367333404976008,0.6265003671104116,0.54865178723911,0.9034295940321243,0.7076684085841931,0.48393816497435954,0.9350076896066377,1
0.7929045966434526,0.075266827657053,0.3514308071029904,0.37890092167024714,0.29154603507672405,0.17655309361518284,-0.0450386477465444,0.17531312705867055,0.12834739409005635,0.7789390080801881,2
0.8710778614572537,0.6703426138053565,0.14102972061397762,0.7681763976959053,0.3560469033493787,0.9713873246978177,0.7095970665360894,0.13981457407920844,0.8361496687634302,0.3390936889026373,1
0.5759177751334714,0.8719829820085717,0.01754216735185135,0.08592159408827744,0.39285811672699866,0.35777908745890447,0.10974159936859854,0.4875519915404659,0.11957412343359689,0.9081485327735536,1
0.20711668832282115,-0.012418521348997194,0.45151444456740397,0.5585878144723435,0.5280116999271884,0.6959070517562362,0.539748040726083,0.6057401126104958,0.8791658075042484,0.9620202303052285,0
1.0516037292544222,0.7950906002630422,-0.013779565350488021,1.1191754368464053,0.4943508835719257,0.8303015805563249,1.2545657716778609,0.6385139420424321,0.713406397646471,0.6518452226546139,2
0.07036288908197122,0.13597018659646423,0.7490857121227679,0.31160366909995946,0.03123745332462232,0.2795017364343181,0.6560002721097805,0.446480320459871,0.34842777548779474,0.4269469024364607,1
0.28337107066159045,0.6789658740131002,0.891950671832329,0.028099928478736227,0.6357812411093567,0.4004118007515682,0.42874664692227454,0.8288136405900792,0.2771302465541194,1.018303753350756,0
0.21948000114363533,0.7337776394237941,1.102784316550727,-0.03396597929889031,0.7713756397311426,0.3469000035774521,0.6519343445793706,1.0839395762652504,0.13029757720108567,1.1643503286615406,0
0.5100483444036306,0.3566813868513295,0.8265475797485065,0.6002948617532814,0.7895030895537454,0.40809811534955415,0.7893267086568955,0.8650817836309013,0.4426992147203473,0.4375766358436418,0
0.2921300498685556,0.4210308022509396,0.963588499245563,0.5973745129378666,0.3928485590689545,0.7039381780214642,0.19361273917886476,0.6483367809986169,0.9130582285014585,0.39360969774004,1
0.6536882346305535,0.8105237939780094,0.2484233548592875,0.19502227751761808,0.7828382890029763,0.4377176678970955,0.14872198098968187,0.448970964654092,0.045591163120015564,0.30305313097781184,2
0.7946772854832319,0.5006334476682943,0.7876787376590597,0.27057254083778864,0.04400546710772685,0.727529985844201,1.0299480242689842,0.5714126211311936,0.48981898065931473,0.8587956425669928,1
-0.025535701727561602,0.5733689453504384,0.6014672075209776,0.5968036549193948,0.28913952405415105,0.6877202595670403,0.4585176653951764,0.7785702608421892,0.20953681963508794,0.36223933159711297,0
0.546801832771931,0.1340990977775548,0.09956693263654866,0.8298770954787235,0.46629277819099213,0.7516025507515123,0.9373957005889479,0.9400677359156625,0.406020220845045,0.9229313505596826,1
0.8076054318328406,0.05593238261409193,0.23224348725552962,0.4685550560132604,0.4210981209919799,0.6713045958609138,0.7272235070662071,0.30018230377904054,0.6275791059301561,0.7654550916993645,2
0.14811169509845457,0.10704878758180039,0.32357132692852425,0.6958299342933971,0.463370462938056,0.6480888499539879,0.6115327643537908,0.3582498993802953,0.8560432684402095,0.8380633866213232,0
0.028885894643183335,0.04511854607626463,0.7668543225188267,0.3034440095912608,0.1002236668009336,0.28783769129604697,0.5867551276371967,0.4023392558952788,0.35231705822731774,0.4774332911681737,1
0.3650754272900859,0.8384966844501816,0.9593549502795254,0.5983443464617617,0.035484337007732375,0.22076370092959913,0.2012573638603506,0.742787582466123,0.086794577338499,0.29607998648457917,2
0.2919789394752127,0.8599886946598168,-0.08917309547154226,0.45358701628964854,0.4530650355325068,0.6295486776813725,0.8396870121661824,0.41297019059510814,0.8339787616405658,0.6813807748095974,2
0.22786861163833275,0.5418767273991406,0.14979349048864543,0.08521004769548654,0.14759965163013739,0.9186026958052919,0.807352644158214,0.13835609739502536,1.1075737790598275,0.7529694642551331,3
0.8019807281335186,0.39190883521460523,0.3355536845143483,0.09073309195214502,0.16510786006307884,-0.14501988441495373,0.2676556752832315,0.8693402481497077,-0.13458328829016333,0.37769134434346235,1
0.158519794713894,0.16748868666450775,0.31663642675400033,0.7604498282714792,0.5077207925815127,0.6208958004340291,0.5270591198400726,0.4673870117920207,0.8506878112644146,0.8488113780397902,0
0.419368948849849,0.8814861572166313,0.2771276825165125,-0.06018881232244511,0.8082893196330136,-0.0011459158323922983,0.3587274873078707,0.21287389030622914,0.6790831805392278,0.15220652099201057,2
0.510920008475801,0.5511911063637832,0.314185627265255,-0.1162401999909895,0.4949452226936163,0.6576332686251509,-0.17081013914485843,0.30290521881981247,0.9031737931592809,0.7912578355275497,2
-0.059956360908850814,0.8516161615390688,0.28602170484486766,0.3617357008569005,0.6117919640160598,0.6302419277079645,0.9450581357289508,0.6701186854121415,0.3272094112026026,0.962043736053548,1
0.04823108485142313,0.24240263312059646,0.6915823352904578,0.006829491154171887,0.03233790087990341,0.28294618081978745,0.12706893857726115,0.8822785612764603,0.4581601391773341,0.3072073888667268,1
0.6274898677055424,0.2941038926038515,0.18076356473551197,-0.005836614123279016,0.921188260276621,-0.17451058257769686,0.3756900338875341,0.7780056415764449,0.8293679181959085,0.8331667346068025,1
0.7580028284634349,0.5224865626800466,0.804279144273285,0.04265061442033055,0.27202237268294327,0.8944191001923728,1.097593873453413,0.6931277988996737,0.2893084017513788,0.7192575001433255,1
0.7985805307940539,0.25069564855300813,0.7920922785870345,0.2407229864211257,0.6354919216459837,0.4502858444776833,0.7971482560456471,0.3131024319993413,0.005127475010125393,0.27020905506103743,2
0.7671620601170266,0.6646284090348875,0.6679049700861909,0.4825978725990012,0.19964853839290098,0.7827676836610247,-0.0657578614434364,0.5549577599326698,0.4037895496116641,0.7726910177343186,3
-0.017851131534091874,0.6193552215628421,0.48019959580688565,0.5205254950480003,0.7882984192607321,0.7903648607754004,0.7591093440252844,0.528854785143585,0.471449972774438,0.06289118000677762,3
0.3075197664154956,0.4171519558272068,0.9854689389850501,0.6286420180573994,0.38034316254825484,0.7350115146388122,0.17139732612939762,0.6655804387622465,0.9361040322153472,0.42855284609674793,1
0.8920154732098542,0.5721488812457448,0.3148266117676907,0.7489863443770464,0.7729949093836901,0.7439083007771322,0.6647669248512247,0.11564717971872901,0.7837596058011028,0.9395807564193489,3
0.5826753367191945,0.9084834989372832,0.19974572437543092,0.15191522983356026,0.7944042389040955,0.1216187882636408,0.3080852040945359,0.3619302236918498,0.5876413970618302,0.03356176942392331,2
0.946585051910393,0.5763689672066574,0.7650051922377703,0.07035967825302004,0.5367569062536384,0.6237717866110252,0.38187304143843975,0.18776379311147356,0.8129092697405431,0.9708238487254749,3
0.36383846371689865,0.9043893046110766,0.9217732135392824,0.1499248905667261,0.8796898703480406,0.38756314492758864,0.7123425897746601,0.7807499858132987,0.46625876247062703,0.7330959253614349,1
0.34909474500112636,0.7753387687235912,0.4655505129456185,0.04676037505896169,0.8246474243118542,0.3894604998952077,1.0208317533514217,0.36261897286584727,0.4086236248335641,0.14063473699679957,2
0.12044647674283954,0.33225064259033654,0.32991308121596463,0.7491852647606542,0.5095137614956463,0.711001993148935,0.9309974768431294,0.1969519438222902,0.8334807196617816,0.37434154240662204,1
-0.02948914234321158,0.11286370449798629,0.24647385461422977,0.7953644474535682,0.6573849465621615,0.5929882482652377,0.6831484347580591,0.31084113653250056,0.9115902154356835,0.94327910208356,0
0.7199396829249983,0.10647903869474684,0.10219540420589594,0.9928918836643899,0.5965874398542516,0.6671999666090095,1.188867767407476,1.1779110736951115,0.38405651476522357,0.6313771350695423,1
0.919037832701513,0.5839957224480866,0.7687617268473059,0.07152657250408904,0.5280579058257145,0.6367478460899163,0.37075296793393914,0.21864028559122,0.7992824024262948,0.9979381039191687,3
0.625120019535409,0.42058948465866525,0.32612653141866615,0.8070082099919968,-0.23459745664804615,0.1822223019797168,0.33857781885283394,-0.19714174835354947,0.634691881842653,1.27491275543536,2
0.034389669624680375,0.6986540679788567,-0.032372483149637754,0.683861714991542,-0.05885310196421967,0.054459696967059545,0.7820131581689337,1.26483941403816,0.6736369140467102,-0.13447942241621652,2
0.6974669319876445,0.19650942484082515,0.6101649505269746,0.45462508069481744,0.3004493017157213,0.2484369550978987,0.07757480373161312,0.46045829336845423,0.44086165974682257,0.5723295798860093,2
0.2729323136735633,0.7079144642994599,0.8663974806007528,0.12499435816437418,0.653701796479194,0.4012818062574097,0.4780712762619061,0.8466615349586393,0.21007702360447753,0.9709742795098492,0
0.9829609804233816,0.20887176681768546,0.120173666671517,0.9006826757233005,0.6205998409730413,0.31206003098290963,0.045483130761553046,0.8521530252994856,0.16199399728141173,0.231838022874311,0
1.1099145678746876,1.4271316586793108,0.5136944811062424,0.6098225259734368,-0.10794029906832314,1.0860566770571982,-0.5970826875006178,0.6993953421533575,0.012754056324161156,-0.053033132918792386,0
0.45526327295662616,0.6757763435111244,0.8628223974757695,0.20952137136706178,0.4322083011751866,0.47063363319675455,0.3184712988511864,0.7239773241693588,0.13156731038613803,1.1277373286972932,0
0.8776982105057005,0.3222845546285519,0.16772741181445922,0.8341358113150898,0.6438913830815646,0.20213727034084886,0.10208896926322364,0.7658902166272227,0.23812582255416923,0.35547339007458517,0
0.006745631551691722,0.11789523364601584,0.7580433889268926,0.26815857843265156,0.026618417258047304,0.3131377372460865,0.6612957670420869,0.40155119154005653,0.30557820192921215,0.4581805377851373,1
0.738354998498032,0.3906218925435925,0.11855461115717127,-0.008727116928104073,0.6980851515398432,-0.014222975477967532,0.7218704973292287,0.5034424554830881,0.46120037047491,0.4997712189877227,1
0.154157640440323,0.6724741645641529,1.0213828045381868,-0.06763050474157506,0.8951054887486807,0.4830527275971981,0.23902730363009134,1.2952054089807512,0.10587220146802029,1.2666181830352132,0
0.5736226113277981,0.7640292168928583,0.33321727531248446,0.4709034012979731,0.8531911940093668,0.09873772078903564,0.0193660931284722,0.22055393685548783,0.49652659709391783,0.9227646924889376,1
0.8520466071882151,0.6772139375397146,0.1320584821641504,0.7650634466286004,0.34247767563826215,0.9588206157597199,0.734531597999668,0.17003168061545026,0.8464175545449553,0.34691948690390695,1
0.4981667557819239,0.754636495365314,1.198429985256458,0.14967681538935487,0.5833253500323166,0.30216157776391694,0.18822596636608765,0.7578693158005739,0.41923226369722966,1.2282639773061357,0
0.6720021123609834,0.8007900854016722,-0.04640101407510697,0.29150956679406065,0.7337952348412706,0.2533090777747419,0.276612872331381,0.12239670781759698,0.520378310325185,0.062225213614787354,2
0.3385065156818229,0.5516720636723567,0.3003634695964784,0.17775155572226709,1.037362911218529,0.029178778810067363,0.4807690585829867,1.5349745291919417,0.16342851525447125,0.5910615964025578,0
0.8542456014443396,0.557382755242693,0.7371837075336086,0.18913768271180356,0.2530099015576682,0.8266880442571802,0.9595171360285628,0.6796684399946078,0.5474777451453904,0.8026892977682453,1
0.6374338647888689,-0.39826537432758047,0.7023892712237536,0.35728281704678555,0.5496611722140743,0.4122109458935158,0.030672711943851683,0.40452614975488055,0.4405803481974043,0.5090943635961802,2
0.0992983399777071,0.8903519266006555,0.5327055819851423,0.7968485711257491,0.17473503739082408,1.1091234799378933,1.363282418982815,0.7587661591744634,-0.32012250595650543,0.8322436250748376,2
0.8160997360041906,0.07756813357762601,0.49244649970271803,0.406887556650742,0.1755419528784774,0.36357875052078265,0.24977481322407402,0.29886563392187987,0.5409879250683743,0.4804831931888054,2
0.7384377566975415,0.1343666065138319,0.521580720522486,0.4628333075793332,0.4180971267279263,0.12276292472679028,0.6708726197673491,0.661481621228838,-0.041100975025517184,0.633692094615728,2
0.024485554333888947,0.2376264382043102,0.6975801583272949,0.041019105134694686,0.06022691890163179,0.2657078617216919,0.11806498545176998,0.8905081867914015,0.459526893965426,0.2905357079801178,1
0.32609951658905156,0.5787416432260692,0.37846183136495753,0.10632849040612376,0.7247932282014073,0.06188181818091474,0.3778620599915401,0.33352265714430135,0.35001895769347513,-0.12047136792046231,2
0.7540050332713077,0.8755439664975564,0.08929153362478662,0.8783736203513135,0.7155493454371282,0.9624578999956402,0.6159767723096171,0.5432560442640083,0.056637649556195005,0.2780516865889956,1
0.8334041246720354,0.5087380025201882,0.40874973781063273,0.90919191714966,0.42536765478292304,0.7346391677092823,0.5321750463213814,0.7896078593374873,0.8081728494965414,0.15667644872526737,2
0.9338707723725697,0.5804353831606348,0.7576817993817497,0.08605007909868814,0.5424911231944739,0.6118021289167308,0.38777586901022093,0.18502016231896262,0.796342411417181,0.9528293429003013,3
-0.0615572710399685,0.01838220565227759,0.06680958411292282,0.706989160839061,0.8858798457620156,0.26638329843885766,0.44085696657615536,0.7354079823293176,1.2938453587902945,0.42612556217542236,0
0.5462100588110972,0.44157319419625624,0.8489653115604754,0.2943701422106265,0.49420162211456253,0.7649925459819307,0.4612247425856266,0.44857974833812275,-0.05663292520038851,0.09776929650868513,2
0.6893317886389414,-0.020803730662510067,0.13290416547373168,0.507617459020798,0.7491219125829676,-0.02041030183712319,0.3803227544736868,0.4769599080646306,0.7930845176907644,0.5043670446371346,1
0.3538206316649576,0.6948837891499493,-0.14887349886849222,0.15863762178600294,0.5625593927966634,0.21785633510067284,0.3330719107289518,0.1250343189167971,0.7958693382002833,0.271696848599188,2
0.6440173117931638,0.7377041285448391,0.4062756068020592,0.46589829343789496,0.19038963500027273,0.950274644547435,0.20338903396857844,0.22695965070475171,0.13987039220279884,0.6068293868884361,3
0.858348040548158,0.1573292828807613,0.6596886593232908,0.9542460803986772,0.5955627181229484,0.4864634969962812,0.5582602502529624,0.4117382710687155,0.02523051484061438,0.6729682658270454,2
0.5889458318101337,0.7383790784701778,0.4566326960110278,0.4503639807853713,0.17744501414025524,0.9972053964559323,0.16591296764584554,0.2477085583981524,0.10957106303465997,0.6930896519615276,3
0.5403228697874097,0.712375871177642,0.8836468327160245,0.46864816396083964,0.6189032601675348,0.57148162471748,0.9045638502067085,0.09276755571488873,0.3279887515516613,0.21491663296199004,3
0.8292432681834195,0.45182726085569835,0.3750070983910193,0.7005791669024759,0.7089453506914353,0.7623870607815114,0.779040695623707,0.1804195522561538,0.8285201111772302,1.0104489333034739,3
0.6933636634039676,0.40865218512580803,0.3968701484767393,0.671084584530732,0.969201604150949,0.9080667372426143,0.6296265718645606,0.08314141856780931,0.6743758835535408,1.0034047811431959,3
0.7612827186767189,0.8913996836329172,-0.05519310351778406,0.14292391196181697,0.6537539177615793,0.0194299119501632,0.12320799497187337,0.524286993102349,0.8635486322302048,0.3022252459171679,2
0.4018969421480915,0.6454824386075428,0.2539242002586023,0.9754394879756023,-0.026457692640413255,0.6092746164402433,0.7588787634990497,-0.10495922626132165,1.2646135788825912,0.02108459094424886,2
0.14092733760905046,0.534943291681532,0.4470223391704344,0.10254971355256348,1.014413114133991,0.687661678242694,0.5034436144978741,0.5721491410426316,0.418323823942371,0.11313144469678636,3
0.7184589799496737,0.38967284111848133,0.7024572232447283,0.33643824744313966,0.7052326935429682,0.5529360578129029,0.6497298210208386,0.35513833214690915,0.10917418314613932,0.21694564493201263,2
0.8395174811817002,0.41799890816112906,0.8767287107824853,0.2883035255502546,0.6849691521029727,0.4439075234520009,0.8816138207972135,0.44947147027396667,0.09425641897183037,0.12660787647470825,2
0.5909400606257399,0.3367448850140287,0.22657422655012888,0.9860557028475722,0.1892533474896113,0.3239488248792938,0.43368053260927175,0.7172183302556339,0.6665248036353029,0.15618804441440437,2
0.3699689606614432,0.4674322390377756,0.9235547064294302,0.7300039081704501,0.30317617776748795,0.5771379381354282,0.08432482532274838,0.7236518440667764,0.9526851566794448,0.3427125516023579,1
0.11097984776250105,0.25487565450500094,0.25934120351101336,0.4786042652113827,0.6582932116770439,0.6268420480967744,0.7224845385311777,0.4629684023940157,0.5961847368663439,0.5936816130069946,1
0.7126445768829344,0.43029270194891955,-0.04753003551452811,0.6048047156615928,0.34222124997010284,0.5481270310901817,0.6119047402042781,0.7241464093146208,1.2773894552195055,0.42564218015618305,2
1.1456302167368972,0.16057796340451408,0.5146151095796655,0.8714132237445038,0.6239135415492201,0.6046257073644346,0.8150735405483784,0.48547823327359446,0.23001935730834833,0.7393260486473678,2
0.8733072285297989,0.7121630499198595,0.11420886194866771,0.7748873666218613,0.3922354805969959,0.9495554792734997,0.721870612260206,0.16045944031269166,0.8054318027149695,0.30165187445844505,1
0.9437425560926933,0.7962755949511081,0.3105432468805178,0.9183143088522174,0.4973406246101163,1.1771240615131349,0.5738394775847995,0.5262739614140325,0.1184089616395161,0.17695305249981547,1
0.5263953090689513,0.8195479006595006,0.3043106262782008,0.5128161469300252,0.7843794438706428,0.17202315962307776,0.014891734269944003,0.2188490037578535,0.545648179154525,0.9128958547550439,1
0.680674980899738,0.16925569917028238,-0.1881204659325636,1.1737757349531268,0.3351010798683306,0.45995534401978294,0.9565394855945174,0.9079585783649451,0.1840578615214034,1.1175720128366107,1
0.45285615806414736,0.8277462194074509,0.3180659692416118,0.6467936282184028,0.6926748653493323,0.07478327726591727,0.04601255394520261,0.1387826279126707,0.6815354645329288,0.9389616470368893,1
0.4190282569459306,0.4066575936298351,1.3383831956925927,0.7362016600804089,0.974671719631523,0.1789017187751184,-0.025976155201108797,0.9278228549313419,1.1213880597052361,0.5332645037358841,1
0.455359074834196,0.7603429460064849,0.28635102660789347,0.5389171826335696,0.7725489549844586,0.18167163756795018,0.06348149344081827,0.29089701573927623,0.5357611847543954,0.8298277796123948,1
-0.09663913692299719,1.0860846138145002,0.7987713283275532,1.2547687192361132,-0.009307252850609044,1.2225473241390747,0.5219536431952793,0.18620300207468565,0.7716193860257897,-0.34025182296072837,0
0.19918463202681888,0.9104267054127307,0.7969214362534028,0.6539463069265551,0.15819691050612938,0.7809665174637772,0.7442348711651118,0.6211745454833196,0.7723074512044842,0.42774693249072104,3
0.8553093008816142,0.1165807746099713,0.6881451893158607,0.4055004645824585,0.6853249823068907,0.46751887388154123,0.8959667501911158,0.5227889330851638,0.39185654510811413,0.43106524703840443,2
0.15204111185566577,0.009712365629743742,-0.28468683049094196,-0.23801884171296417,0.8366487140437618,0.6321710702995669,0.42446267596721743,0.19177870062722996,0.36071101163678143,-0.015242068262714265,2
0.5609527922623833,0.6473103775985906,0.67976597693696,0.5681312433488184,0.5743613241434672,0.7226490144210388,0.7144008815668182,0.11265648262479042,0.3554756058921898,0.4920845058341468,3
0.06947692750844846,0.8519051620035029,0.38977576781114043,0.4849322959204289,0.5319524985986993,0.743168589585706,0.9550319494992662,0.5484758532643352,0.4570025610447006,0.9183160622268471,1
0.6526704020845726,0.7570890556014118,0.31034286787000936,0.28098986882592203,0.733635719615356,0.4423265207039234,0.20843012534686217,0.5034140311234627,0.015596283669639634,0.35530228632670424,2
0.5945132397562112,0.4009466698737191,0.0383374222495213,0.681609306657821,0.5530823274599816,0.33240856885804526,0.5468398398127631,0.21234400728884095,0.3436108648306917,0.7918514760167399,0
0.3623772887401949,0.40940472276376344,0.969405048156326,0.6778765276157377,0.404052199206162,0.7044267829685082,0.21003827620981907,0.6065471564934127,0.9858908407099741,0.3651242331100065,1
-0.04193833272487185,0.8148361953415171,0.08595328215796076,0.23028525229688737,0.356215079721562,0.8001468492681544,1.016842379444426,0.5157730684045139,0.987126252230265,1.0128477966028402,3
0.4973286457133862,0.23597616392115728,0.20352327396642603,0.08563976082835736,0.7575831700173064,0.16079267887693124,0.6655767994960817,0.8600778823967296,0.5785239391969751,0.5349238133820466,1
0.5280102452449118,0.047530445651724894,0.14354580459869562,0.8414043326751135,0.5579256791038374,0.7597792521033065,0.8399466883095522,0.9851715801419607,0.353981644360394,0.8318021025933974,1
0.6086453200179888,0.7045675309834738,0.8090257327662712,0.4749461434533229,0.6146988984287404,0.6918666265708573,0.8503267239634642,0.055867217437625044,0.18282096166514686,0.30133962301333334,3
0.511840272105033,0.25628932813004746,0.13163079030844368,0.9591509444915827,0.21585360491197117,0.2927515572875039,0.5721027837418469,0.7259580214431847,0.7634519006636519,0.17712774275767562,2
0.7636219094622707,0.7292341629620158,1.102989129494142,0.39959807565844807,0.2862294939760618,0.8231786191405639,1.3350142118158794,0.7706238751339796,0.7810521529412254,0.4512993410997517,1
0.7275529528068352,-0.026108306755361174,0.34703701959081523,0.6567998106554579,0.8789712816365292,0.6025190761147738,0.6204200363654389,0.7870711215324627,0.6487864751570813,1.2736588965367486,1
0.5681345247807134,0.637091094855547,1.0409746681974215,0.0799880400402358,0.6458388609313181,0.8010543428675764,0.5459088748345633,0.35516411578985946,0.23481895101053263,-0.2523978344033845,3
0.6573971228615723,0.7157050610543395,0.7775586991539003,0.4346082073205988,0.6385585273853418,0.6400974345660774,0.8540583813331113,0.07687347201498117,0.20603923334892926,0.33475375094323656,3
0.17195988703246248,0.6364899073722768,0.44624297099168986,0.011817591125012045,0.9957451695887988,0.6648419324282538,0.4892409680483195,0.5446292141655642,0.38621410461828964,0.03146693391545334,3
0.9487032562688532,0.7234295844618983,0.3316837885113766,0.18786611699318218,0.5944399917393747,1.1184991376868736,0.5529554301850661,0.005061113576463827,0.21722767797807305,0.7730351170333979,3
0.32438592290835644,0.9166503394485093,0.2595708447137837,1.1362353868978765,0.03624542988129392,0.07765741244629698,0.04412255320265024,0.4417204959032262,1.5548460263114938,-0.27292544921984385,2
0.5884039748331414,0.7393127298275437,0.4181147256242796,0.49919572229733716,0.13554724034625407,0.9792634253027769,0.17394810149839807,0.2573511664869141,0.132963421765867,0.6635803888034445,3
0.7694276184316989,0.25009521022283543,0.6068145063940977,0.5798646349066512,0.4155190697309822,0.18324331457275433,0.04840594648286047,0.3657692667052403,0.3159647815738219,0.5570309645320883,2
0.88690458086137,0.585622422327745,0.8067655814295654,0.0027619452810405676,0.6037082060319442,0.6341266400662992,0.40685557603394124,0.2662736402001893,0.8271800317059497,1.0211765583818013,3
0.04684427962178771,0.14987068837715514,0.7740554354548607,0.3292670796041365,0.06262968706984265,0.26805395230711987,0.6316423475808678,0.437851395998324,0.276997130634672,0.4804311368428521,1
0.5859872851454343,0.33673520858135825,0.08244724993758654,0.9953027756632743,0.11194349324615079,0.41264742776430724,0.5935424942722441,0.8047386779412788,0.5717426858768547,0.3583293604426247,2
0.23310950764301291,0.18703863053241016,0.339797373028543,-0.21918535811347095,0.41567144206855144,0.38685860775310243,0.6323218192488986,0.6045526598675675,0.49670039379109343,0.018193885076073946,2
0.4313811243888006,0.49753148537408076,0.05123131499761453,0.0810633443654812,-0.06588873987361454,0.9612991967227731,0.9342861009126345,0.410516728002688,1.051778909329696,0.8645311669339717,3
0.42271371717729256,0.5029858112349432,0.8158054826871051,0.6317882551268359,0.877905189885577,0.4137212938228505,0.8213663312711145,0.8799173909151006,0.6494501440948337,0.39828149361556253,0
-0.039061864605731716,0.1606372685387386,0.3753549309273832,0.6495314637957331,0.48429434665784243,0.8458015445390501,0.9334197824202204,0.4617997974557185,0.703437100513433,0.4114820118369524,1
0.7726369515874411,0.1985929751129355,0.8319152915064267,0.2170715152483736,0.8816259724956028,0.588418798497484,0.932613864175116,0.5722539143008674,0.24202269706529853,0.2570058356568024,2
0.7842730036401067,0.7640088927748357,0.39771797838612855,0.3529196567328127,0.635764191173639,0.44910988070104035,0.09244757234290982,0.38859816625123045,0.02576747380945623,0.33133209520076223,2
0.13409901376351757,0.448831921333985,-0.0874980449234922,0.9096691499696625,-0.1083484094135778,0.6220405796740873,0.5658600517586618,0.8334866389336401,0.5916892676020553,-0.09190524802028681,0
1.094089706804527,-0.034790577195358635,0.7453594840492526,1.0719191912409198,0.5018164813741124,0.32212808923083136,0.6190025558866039,0.33884871645244435,-0.15597793795458748,0.5258599937650985,2
0.8009884797354806,0.6628760167436604,0.3290629846084811,0.8479861244940469,0.2945229903219657,0.8659845278786994,0.49587219247106307,0.05771679966620427,0.7276110305874645,0.26763523847438847,1
0.7392526797476945,0.3511099628354846,0.8379124233629409,0.7499689414421282,0.5228102004721883,0.5409984721430235,0.08954818193400779,0.6715542619000991,0.8615357995884554,0.37813227311256115,3
0.22274594736178,-0.0705544085971169,0.15822339136960029,0.07807640013940671,0.8023444422156223,0.17839862980370194,0.49896261003014686,0.45543219217224573,0.2212519549446297,0.10613719515177539,2
0.486213700150643,0.8170822397578704,0.31815214523149915,0.5232897418603897,0.7346832703310506,0.1756522389327078,0.05419954208502718,0.21887354116679775,0.5156207048806848,0.9403768635482618,1
0.8890315806910881,0.5726313067422713,1.3299778785258838,1.2984307615439772,0.664358519492382,-0.4125267479329957,0.11097657536386202,0.4777882328666218,0.07266560664824034,0.15136211898940202,0
0.5953036249156844,0.8753664829894762,0.1752894586679149,0.10133837859385077,0.7194171004943325,0.11310933877398438,0.23316839502626652,0.3379211984436577,0.6466770360805029,0.044637232924316046,2
0.336435138597384,0.41012595369815824,0.3516229826108109,0.7049906804880288,0.16720265413544452,0.3899864583953155,0.5075524015654849,0.07580508939048924,0.9480069724507898,0.18179858627059803,2
1.2971151326480974,0.2303109698861346,0.42578099918957724,0.8492606367765863,0.23963991623765912,0.6097537644948501,0.04109408220888114,0.8761357965496732,0.7687733434109407,0.5921310142025474,2
0.9576366981640938,0.6585858579182463,0.2947943731618232,0.6771347855724034,0.7167649012943793,0.755646094221173,0.6817762497954366,0.03838747354732441,0.8867139438781677,0.865264813461836,3
0.08301354081783552,0.24886227128929173,0.799754382617234,0.28482004569733477,0.18326209504838745,0.1379273773345196,0.5620423897364771,0.3502314870457913,0.3855577635474796,0.5613737843093648,1
1.006171424794335,0.5643108342341577,0.2525114607899506,0.7984316778606937,0.3855600000567326,0.698551125344827,0.8264631441570547,0.45248543518379164,1.0273315128172498,0.2746387830620367,2
0.12702160849371535,0.5397525511839916,0.5111067130369504,0.7085107365538946,1.314291308248623,0.6799283172211548,0.9208780587049664,0.9958158131270255,0.7640137852225805,0.7708289468927041,0
0.4686549695168868,0.2692201289358742,0.8237379499706529,0.7481789873175295,0.42416663269946614,0.7552168205628864,0.35693400048947166,0.7320173031735329,0.9342047429814547,0.5231699924822766,1
0.6011679283761902,0.9000271955531494,0.007955719433520124,0.057883029176146655,0.38365701972439503,0.31903824406256115,0.14309294482086052,0.4835040562248351,0.13869871896228012,0.9254271889580402,1
0.8975303501171431,0.6543517265691661,0.5806791670635264,0.3230135525950841,0.05940405660492322,0.7100526350081987,0.8800968816079127,0.6190704191449837,0.4001879696602593,0.8863653038556578,1
0.17707212103314296,0.7149412885306079,0.4360792532928725,0.5708928482150664,1.0107497058387538,0.6636631566366797,0.8987323396873094,0.47594377611126093,0.6885591940924469,0.22396602104953178,3
0.43867744986913887,0.2709134046987809,0.8880607636570654,0.5403672070027981,0.46225390898345925,0.7047329668142037,0.1592525584321376,0.5647423312559652,1.075273705868934,0.47182773563106134,1
0.41877271069815086,0.6326564937462336,0.7507721552832688,0.5463370249827312,0.20100324926418203,0.570066247475777,0.1837364206900177,0.7923138064788816,0.5182367759636773,0.12380462248481655,0
0.9446023055812285,0.5701986664658314,0.022642974825804116,0.7805772434565584,0.3655565093794178,1.0759128652106809,0.6834508041211536,0.20008173511604405,0.7831556595652084,0.26922176892006583,1
0.9481630045165075,0.5746950125031808,0.8078576368522682,0.10930854760849072,0.5065144587023968,0.5929542431533823,0.3999645121368129,0.20045376743922436,0.8667870869967628,0.913447286015442,3
0.2997988053825203,0.6867190327325063,0.8815479241736695,0.13455917483477361,0.6431785998900601,0.4179188292565937,0.467904793858944,0.874642961088268,0.2852898148720878,1.012967425010895,0
0.8764677257957305,0.5966633067457461,0.38411887529511374,0.7831849087477191,0.3632280260202081,0.7582454492244051,0.9010624736368701,0.3794647900760414,0.870698561891591,0.28567681879303847,2
0.15814281207218267,0.5817204759332787,0.49556265103485486,0.05267784725110993,0.9799886304664135,0.7028341322495896,0.5341559865360711,0.5494045084598753,0.4484551231739402,0.0542761528345842,3
0.32730666665578545,0.8736591389253857,0.9765695496724385,0.5967881042371554,0.05593734256459769,0.23608673238994957,0.23022750498615024,0.7766625551484007,0.08562202099441651,0.29086497958831664,2
0.5056686590355103,0.80225139673629,0.18753332740639928,0.20323122436658142,0.7741322126144466,-0.0014899830684707988,0.19319960870121422,0.3648954469288837,0.6455025712706368,-0.009216911242845831,2
0.4062758594979753,0.49403644335486574,0.038572152886711994,0.9134153637658827,0.2856412255390581,0.1483846835182079,0.026750884905438643,-0.12354326830544682,0.900320774001018,1.0554946546641146,2
0.5768190261232953,0.6034816517708579,0.7121946441982046,0.5180329934163553,0.6168678087488221,0.7652936422442467,0.40301495532101544,0.11455969045933698,0.6329429851592119,0.2972585586670445,1
-0.022368909113764518,0.17558269901549817,0.26516346506385324,0.6369628444996068,0.42078412051631586,0.797309743358985,0.8962722942260454,0.43479055498887287,0.6648066959726373,0.5080225845330737,1
0.29679210855660654,0.5186595234994668,0.5757072886030462,0.45175128523282526,-0.044905937954433595,-0.09466140883150304,0.594046193393712,0.19163345526237938,0.04948807236498304,0.7226655428001776,2
0.07393776895214099,0.19427372752072758,0.39751215588034494,0.8704722535327603,0.566120389736839,0.8164106175238863,0.04097033729700561,1.1716602455430085,0.8944616983814275,-0.316647464463774,0
0.012312024809671009,0.15103581810507744,0.7108470201102177,0.2938214132494529,-0.00019770041347896838,0.3197610314399826,0.6911075301266858,0.4706167257894516,0.23764764932280158,0.47623061184941073,1
0.5719246137857302,0.8466616037644656,0.24311588429337,0.16166755069829428,0.7642276076933215,0.03868266990701062,0.3037143820776928,0.291944882481237,0.643380915238982,0.05146040522544353,2
0.3979732327400164,0.75637825220117,0.8090717975488708,0.4122090787482983,0.5438300706063488,0.8111198376517846,-0.016351014975122563,0.7075497379772192,0.44529240352277966,0.21449843690052156,0
0.28462057968446336,0.11180982808418292,0.0020645129923272942,-0.0470735117946299,0.6920835637810429,0.3259599918982932,0.4991953681659617,0.506551134682259,0.39584693866303194,0.27057099943962243,2
0.4636027066444233,0.2455785698373324,0.10290697463505252,0.28747836559760226,0.6332100406540065,-0.10874143215884488,0.7468394644443247,0.815868486568915,0.5182279689885838,0.8268369422754881,1
0.028166945726084195,0.24440873003349103,0.6977197752390295,0.01583801472855145,0.042612968613349865,0.278336465578207,0.12525225877801105,0.864737437590279,0.4664959495595757,0.2944945891594726,1
0.028833811526377883,0.05726742243196116,0.8061991705333325,0.3642357799446162,0.019801730836512182,0.2716646973471032,0.6298236677228024,0.44243022116189457,0.29845491893523285,0.4290125831541735,1
0.5538258937005627,-0.054643556713810604,0.4942441385982525,0.8249319877684343,0.17836281470702142,0.35485969233256137,-0.06472046845504548,0.19827257495207323,0.6223641458944158,0.6501196898793851,2
0.8937855341141234,0.28526694684276555,0.5414206173940476,0.5553714404812617,0.3165766691911108,0.23669455728802505,0.02667627339651342,0.4499661954209119,0.37388915306769693,0.655948310630195,2
0.8020171691999248,1.0142720480749339,0.3056806208294207,0.0522367114409118,0.8624564253187648,0.018379318018124396,0.11358653539034966,0.31779019593392893,0.7683783967372081,-0.009055125124553528,2
0.44329378564593724,0.21899930478686153,0.3591820864274767,0.4007197696225114,0.6208083191742516,-0.04877188534665114,0.5154274614924825,0.8860971671982222,0.5578575490121883,0.644684591352913,1
0.5145548533414068,0.3399903752859276,0.10755827058990242,0.4003512432843995,0.16996245740640573,0.19391573058993183,0.3398894958880846,0.15864184672331255,0.8245733426146704,0.9624011178283782,2
0.15257364419772854,0.212715809188657,0.37084613014757,0.7553969014807816,0.6000646352227381,0.47271656769576287,0.6067332125183107,0.4037619661322922,0.9651729930238732,0.7293587279971333,0
0.5262438130926879,0.9767385558270707,0.01218549779225855,-0.02251804384444968,0.39877024170076225,0.356352068147903,0.06396232568344382,0.45310597714742573,0.18302879854755438,0.9588545338467587,1
0.08114461724187319,0.12819636641192333,0.7783728445106957,0.28674697449069203,0.05404011534261931,0.2981889943212712,0.6081094778723555,0.38517962657504956,0.28654176648823476,0.4861550458465894,1
0.8921978265808681,0.5539027050249818,0.2909774806748446,0.7317893469199355,0.7892410123524634,0.7251502240254494,0.6879366230504502,0.10555123536759327,0.7800473044953988,0.9451262027206169,3
0.7424621812829015,0.39888531476473105,-0.1898785958450518,0.5060065618563478,0.34092293970270615,0.32970430556333946,0.5550838520196526,0.7367315009023607,0.7190973772526335,-0.18428674815379847,2
0.6067891813124817,0.8681395486848277,0.20711319927673041,0.2223871692412257,0.733920793120155,0.004563792561661721,0.350186467492499,0.4815839331206384,0.6639134035187223,-0.10981685258292581,2
0.47537608850900254,0.8222296658363775,0.3384606444750825,0.18342331071331242,0.6696841272905569,0.008998979477965949,0.4063331653647181,0.24971014393399799,0.7148731296463733,-0.09549632816284565,2
0.9442435422910002,0.5678407687060345,0.7671213932251293,0.09199163373453934,0.553681413610291,0.6479708856157982,0.3585963074933707,0.18476521671616086,0.8195662387863786,0.9641962595322021,3
0.9603458136672798,0.5471880484249815,0.28295817876089613,0.6324734162040428,0.678481931950664,0.8428214908553613,0.6813609480019582,0.1676762146424725,0.8363678882873002,1.0127094588640975,3
0.4271483768500668,0.8187263861005571,0.245060915585864,0.4452323006545361,0.7796017642093197,0.11039686519630537,0.10324155593505437,0.22132009985915177,0.6041445387935144,0.8885526468568651,1
0.6784458723794177,0.8203849890537889,0.06065049921548399,0.18782431426473248,0.737603818525295,0.1589751919025632,0.25975645317231477,0.2844163350936858,0.6203589456943547,-0.018926271180314605,2
0.6083703351412053,0.6564080382566061,0.7326262588178232,0.39408514599465894,0.6251925864736482,0.6408313896991503,0.832366163723208,0.06325427840647631,0.20178519603350073,0.2746928453752441,3
0.7536638409438954,0.41096049117849287,0.8772531661152191,0.7403522844319979,0.5182646390714639,0.5835584367429543,0.08114503223214077,0.6732950610512396,0.8484433708652381,0.3957382297236404,3
0.9066982031691306,0.6045205192948492,0.4193401562038166,0.8440077209194977,0.7974420885514584,0.7635271211342948,0.7103490369850542,0.0947113971727782,0.7501115487390412,1.0318356339263706,3
0.5862038519096872,0.8031968317442454,0.4988656000753098,0.5295627610474448,0.15702683784045926,0.9365651534952273,0.13299275308658715,0.3240577980514701,0.1519184213790496,0.5829415059659978,3
0.10417783985973417,0.25688048323729207,0.27656767052647974,0.6712990917726491,0.531109791748879,0.7606438635656234,0.8415346604082328,0.42828860143201153,0.6006901304080449,0.48627391387659025,1
0.04148653630331241,0.7957128195092394,0.293445193040714,0.5251386879905233,0.908116641031507,0.5884662639456444,0.9170372336205519,0.6639418769449624,0.6371126937540299,0.07909849970303967,3
0.07415079515441238,0.85208557448801,0.4171663798981319,0.4622557823742539,0.5097764066586983,0.706159150471769,0.9635656775181668,0.5849243616575375,0.47639026734207485,0.9209987124754886,1
1.0297641448438684,-0.2713074721094615,-0.08025943304094674,0.782812803670635,0.5867807624936865,-0.5278273547393894,0.21993298214099954,0.9327190957182402,0.6514333299296104,0.695567473583058,1
0.2573103054597966,-0.17820740957181697,0.4201036535104875,0.5372508864304391,0.3872473234731,0.32279072672112435,0.2485730461189467,0.10177272396643261,0.9912019535078233,0.6162898608887593,0
0.44769067331980616,0.46450355187636805,0.6391134603667923,0.5374937457363762,0.9039428763371793,0.40925441039454497,0.2039403613526598,0.3956179385718634,0.9829746452851438,-0.012291656722224494,2
0.8924342783619101,0.7512758942646026,0.1574478732041183,0.7567050962391328,0.42213812568678366,0.9057963968754397,0.722374647169066,0.10062055545299692,0.8771667997197647,0.3231837168514001,1
0.3353858644141913,0.40494804135240997,0.34973163566544013,0.7038256518941614,0.17142793968456196,0.39010608946965286,0.5046245154164986,0.07471409948258483,0.9420266278149013,0.1872406857807082,2
0.5209114683881898,0.8221094875313921,0.3089814625177017,0.5228087748898178,0.7824912250780129,0.15932318266261267,0.03446929424011191,0.20625708734158285,0.5284815602886819,0.9241559329841295,1
0.7687318655438745,0.774636472781369,0.07087071287474977,0.4467359985649465,0.6996464516431963,0.49681125095552964,0.33869313536697765,0.4267272084004447,0.044319348713448455,0.22695185690632586,2
0.13924851945045735,-0.023114208750416698,0.3496859880872232,0.5596853557341649,0.5602705089825396,0.6571481424548031,0.6566846003871639,0.4046510062853484,1.0541577505414605,0.6801410212795326,0
0.3683828820115325,0.33170919259518633,0.3622403642410881,0.6990965912720004,0.2369698033114167,0.4021848513393265,0.44157169435893073,0.12133403204967873,1.0140979812619004,0.22948552321304005,2
0.017866627856919406,0.4079323669972523,0.4467746811032555,-0.022629968309191048,0.8833537429055914,0.8808541706036356,0.7687083398428798,0.8232304726483921,0.14874210425740714,-0.21859021029435444,3
0.8702144058665207,0.2881380156822557,0.8069651985276106,0.6254693549744795,0.6290773310223834,0.3544485234290775,0.8477065846111598,0.48033727205619,-0.01217478008877601,0.38670017657743005,2
0.22904148358478485,0.2192039030098449,0.29046699838889967,0.823853043350061,0.40922780121988417,1.0925645095016976,0.9113693584304229,0.3282170981709949,0.7258350597919799,0.39215799688634373,1
0.4705274735808721,0.5168664622248382,0.5970625129639633,0.4872329328898166,-0.06355936472843937,0.6269001794352516,0.5247238917908001,0.15019489194434293,1.0263883142520038,0.3032353407559575,2
0.03682946652863088,0.23292591842401053,0.6861119903786993,0.006723887307686867,0.04256174058541661,0.27316804726584193,0.13931781480971125,0.8786070888702925,0.45595627505791825,0.30755497206609594,1
-0.10672800761945556,0.5938910330121188,0.4975752956866411,-0.3118750929031714,0.8584299680246875,0.5651967496131556,0.02533082710727963,0.23960258411367602,0.2857347274625503,-0.17128697373083476,3
0.02131745270340231,0.8044402880602413,0.26995658011543133,0.5180291412210093,0.9359636284993019,0.558568807861603,0.8963196707779149,0.6188899385620287,0.6452263703544778,0.1075669490140607,3
0.08892073317471785,0.8588777798691416,0.22944176309685144,0.3899014782095367,1.0378802886876546,0.49464110469347244,0.9199702347619949,0.7280694165035717,0.7301982291236637,0.21211914496028797,3
0.7218015373172267,0.7727191605337334,0.5991413265525125,0.4309993118552474,-0.03283460095930882,0.39040269449244974,0.17931750322954249,-0.003913425712685062,0.8912132099522952,0.6580028863056964,2
0.9490161749809362,0.5798621019869065,0.7743073004319135,0.10287480141016248,0.5378580650985734,0.6602953593477784,0.3895701490577122,0.17740477846337716,0.8162223225783825,1.001525920714257,3
0.16586095712860596,0.9358889869863884,0.1148005985732738,0.3078630805154142,0.822374654456307,0.5626145709419519,1.0708000660245172,0.21191666117634203,0.5587214801188795,0.8088701951173882,2
0.7213862314669515,0.3869634748650798,0.7016031929226061,0.3389123967685532,0.70340752217946,0.5472996081977972,0.6472361962146054,0.3514787705818083,0.11081282594666989,0.21998267699287802,2
0.5000096409500359,0.078383575999814,0.12520907553989616,0.8968434071228714,0.5266057263799613,0.7064557700441301,0.8778115797562286,0.9772808830374671,0.3472706667748615,0.882483564500254,1
0.8995679516227464,0.5900635459859629,1.003339715635617,0.37629130109960096,0.31871023214275607,0.6535386340601343,0.6782716904683966,0.6929363077997217,0.08775021017352191,1.0622380131649314,1
0.8055952727820118,0.5237820952878718,0.6806865122331246,0.30498747697241446,0.09090130973110877,0.7961126151572865,0.9188978219694611,0.708517531687537,0.3656021304874139,0.7212549206450167,1
0.4828016220247604,0.8715199828703425,0.33529722118807676,0.5671556638306018,0.8415392529278339,0.13739146908292993,0.07680248703490675,0.22544960457466934,0.5304186528040781,0.8995851807979316,1
0.3273918674068512,0.8710524785309597,0.9787710626986911,0.5936199054218799,0.05446294315811203,0.23464669132513458,0.22823673500672415,0.7778451876217753,0.09026392536355128,0.2862181811486096,2
0.4365799469863094,0.5442525059712862,0.030448912895317648,0.7488494435227335,-0.1252513952470115,0.6718346265810208,0.3347379562275442,-0.23644332988455363,0.980829607529221,0.4179330394358531,2
0.6019971733744717,0.8953390862396067,0.012950559808540076,0.06168871298207312,0.3841155248509319,0.3209659415212524,0.1444289024740997,0.4858458461422862,0.13917990686070628,0.9191359446531322,1
0.4056201091166588,0.4225347242927632,0.027051983262321055,0.8665139007350655,0.35023708316352586,0.6022191709584412,0.5277340613541137,0.41150777024193297,0.8093121018349742,0.3556985015366261,2
0.5871889356537876,0.2950497385702567,0.026926648331319053,1.0257790390973525,0.10116409251394201,0.5246833823611088,0.5254490674592461,0.8650095496638472,0.8697425768569754,0.24268304841621705,2
0.8935620598537313,0.5458979874521286,0.27649161716409915,0.7367744308866753,0.7941607864797376,0.7246330263725093,0.644328926657884,0.1047836862401133,0.774062092076004,0.9209358673040671,3
0.707623593593945,0.6918234667092834,0.8014546492856155,0.4292037038617289,0.7141186179637191,0.5796588351942431,0.8163767618812872,0.13261659662711,0.26309095484349165,0.342582006689498,3
1.183603067871176,0.15409836084113201,-0.16752791409884704,1.1285800484237696,0.7083867751250146,0.19271135770614203,0.858476545700175,0.7789277829486936,1.1923583885293811,-0.2352588683537995,2
0.8817871215616513,0.7187685883072478,0.1463867968735498,0.7815151360959991,0.39950866002852603,0.9697840146249427,0.7356710527257496,0.1716578431595004,0.8365168104666417,0.3303553467830626,1
0.5060599142926093,0.8683720344418828,0.5103909908565984,0.43466327944067323,0.1689138192108922,0.934034409570021,0.01394973063663571,0.25879304595564606,0.3010566246303955,0.7460702613698523,3
0.4953727019309375,0.3886699267742397,0.24827988728131362,1.0072209956002858,0.2318420574803831,0.4869404185793622,0.38130044649795,0.6817653975707042,0.7712546732290573,0.2606202542452597,2
-0.22614311424688383,1.0489855283439837,-0.510893219869661,-0.19241380114430687,0.5336293212454539,0.9521256168283578,0.9402311227529547,0.8581051678182352,1.1909159863073813,0.49549829326064293,3
0.15879256941331182,0.41871171740232277,-0.23040143330985416,0.2393402634464584,-0.10492637443495761,0.5797234615190487,0.5836120059944596,0.27504535531260604,1.0801405933470287,0.7458307378609796,3
0.16910293086248657,-0.22276556290049637,0.030160831251095116,0.6799171527871645,0.37096838988406355,0.45852411995809855,0.8788945765509145,1.0078763407511668,-0.14011383370087177,1.34005213714102,1
0.4249810151142851,-0.019086112846342124,0.42247721321565773,0.9257364637987624,0.46487815370789876,0.9041417247724097,1.1785981936562226,1.188178136319793,0.011343777248065179,0.9235808454305321,1
-0.028217227647919507,0.5297106937456231,0.2424722564225769,0.3995587808190453,0.6323474903117378,0.4633962284442087,0.2082596609348209,0.4805835592848867,0.6891517889047551,0.52068772691,2
0.547468552652229,0.47678036231414245,1.2061682678853063,-0.008478671862567275,0.26174410097938366,0.11655310395106339,0.32207427241292375,0.5592308795226978,0.57339598766966,0.7753212950402707,0
0.3281561026350502,0.8633770736816756,0.9735917797800745,0.603958503496502,0.055456868293857826,0.24180619060672834,0.22912402990750821,0.775516331264542,0.08783767218240468,0.2786338262797308,2
0.026247771485388947,0.23582879713254182,0.7041997468606147,0.012407731763727173,0.04360275315690065,0.2751898525958952,0.13874957918818911,0.8695640613374025,0.47188488732386846,0.29425153268793697,1
0.6829824840103395,0.8130052477637919,0.24674453908943977,0.2554889286310503,0.7731674736966103,0.414328363858161,0.17184872357096695,0.38213071729295733,0.024631395346009114,0.32997233743808935,2
0.7828516319987153,0.8052812170065641,0.2036935744992377,0.7980213188059437,0.4519659185361496,0.9361688105089117,0.8645495189369842,0.195488267967068,0.9623004465519798,0.3652184748421496,1
0.14523737422552632,0.13249985617190654,0.7496173954533051,0.2696513752524079,-0.01783652370892644,0.3612973938820104,0.7114389784601726,0.5340286105148349,0.2629869510739648,0.4981746618620082,1
0.3242586192778129,0.8681602378484049,0.9832569605935695,0.5917901116244839,0.05133950133141604,0.23028976326169295,0.22920181317917113,0.7793520166504063,0.08790066302144131,0.28839015359121983,2
0.5993371936724426,0.37911058036482914,0.7138462795667675,0.21781225566667378,-0.17767060281488584,0.9572898929363293,0.08837458287537307,0.031164811022815375,0.47821630873765175,0.6557719282101612,3
0.24378695519811025,0.24235249276196386,0.3272463008629737,1.031733974684313,0.29139386899949726,0.5567254538524371,0.5069372242983153,0.6090935579026284,0.17619036987610934,1.0861980178007868,0
0.36975023869601154,0.8777895151377237,1.0108487069965877,0.6093658344245219,0.05401188559268328,0.23872349839102422,0.2123188966868314,0.8177957226915991,0.04313320216207216,0.31686320017650244,2
0.3310303074577921,0.4468431641181704,0.21328365407053507,0.533962896920729,0.10621228403376254,0.2702044398352212,0.3292783125248081,-0.012633220203699225,1.167139786243586,-0.012816488571867596,2
0.10147270992810314,0.8323707398926312,0.37178726600156287,0.4872751639287945,0.9323091650661742,0.6023090215624255,0.8893633965207536,0.596012651300212,0.5885189180945972,0.05235370608785264,3
0.6189929409023447,0.8308227109756892,0.3870670162778318,0.4603105599605177,0.18461969398532288,1.065531426662768,0.18837947110417902,0.20895242005638187,0.04628693141883579,0.7753690431534328,3
0.32642789634846686,0.39629469371095294,0.3491034501516911,0.6911989020039515,0.16263878906368587,0.40581503663554813,0.504724287292659,0.07194430761964013,0.9329072936869051,0.16952831644373992,2
0.8440202433602284,0.6870709155559233,0.7536034640901756,0.5849529654495236,-0.6546763704657076,0.6591862640783746,0.45082958530015926,1.2221045128548151,0.006871631830954517,1.1845285450840637,3
0.14731438829753762,0.5627198971848641,0.4638006641101007,0.09437411129616845,0.9254721473668027,0.7304722062298259,0.48761386919231503,0.5489843606472539,0.4343022156336439,0.03387344830784497,3
-0.07400464133977322,0.35968851253047524,0.6133720570200314,0.8032830304862656,0.5767573185953412,0.5950517787828996,0.6821260533629332,0.9248628360138182,0.41267976087167935,0.1685996448480056,0
0.49866755058289647,0.9281621492022922,0.20492805607883047,0.4583437861106041,0.6818905083528993,0.14520341630126016,-0.09666589155033353,0.30653711183391924,0.49797249141430794,1.065437020552467,1
0.7617272865503683,0.17793972720813547,0.4371445687292393,0.58622641033122,0.9059765725351453,0.4780636353240991,0.8760653306832988,0.19023989362634527,-0.0491259760650809,0.11869174282581613,2
0.09461986981546783,0.8437978224592377,0.39486030114673654,0.47405200757987825,0.5236105001774757,0.7135530140096379,0.9546962111355728,0.5714254940014655,0.47183614489988634,0.9173284242199584,1
0.5940290941060995,0.8910106557483932,0.00632203609288394,0.06856468580688643,0.4032686230229911,0.31166315614721596,0.1325100346714183,0.48393016179886517,0.12533785744437262,0.9207012736686225,1
0.7838695144345134,0.7101075594775985,0.3455621092572006,0.7035026625533574,0.35375786364469397,0.8162582860327356,0.8477410839171736,0.2903853999400443,0.7833349903585182,0.4487151729936262,2
0.019128698170132463,0.6229524705129067,-0.3949136199973938,0.3625967597071719,-0.7071942850966022,0.9960519387347218,0.6551926910874926,0.691743623276803,0.7226817460424009,1.3265066971392572,3
0.6853382228242164,0.6012391045601868,0.22965609405194584,0.9797651276715467,0.5782551603715146,0.8472689781093761,0.6384529307958835,0.07379961086188676,0.7386568995774889,0.29007754649825973,1
0.027859239060280105,0.21978059101074654,0.7181557352484988,0.010095249042647681,0.04333240686723225,0.298831050890459,0.1311957620906996,0.8720246202526876,0.4801320781662583,0.2839248578256747,1
0.7073202156970336,0.9628595356683957,0.13408951396951263,0.9713798617203064,0.8586617044120257,1.032854167948928,0.6865801488618549,0.3858152822891533,0.20447358072569263,0.4003462518778388,1
0.6467034748219531,0.16644217176998455,0.8524107758776331,0.4743336077236038,0.7093033189233207,0.6635575141471391,0.48787969241492074,0.3524882720089364,0.16969679439540544,0.27727394537753347,2
0.025524543101874075,0.6023501945603533,0.4706825248832669,0.10628963978837071,1.0504222921674566,0.746907356968808,0.5838068810322645,0.4127880582898933,0.4000951955738225,0.1781750641244509,3
0.6784541994832038,0.7973659726586186,0.2705806672806759,0.2257822604789376,0.7625568414927257,0.4066623208005419,0.125025966778665,0.4298607587852699,0.0408475038958824,0.29369507954943813,2
0.9160054828363293,0.5463539722241276,0.8085763261512072,0.08538556023633492,0.5652036238470143,0.6705518726808674,0.3415195580878474,0.19320247186686634,0.7888784165895434,0.9606323724465056,3
0.1548062412358786,-0.09097961979392799,0.3947375883819153,0.850631589868575,0.6395131382083304,0.6583920416723497,0.5233471334698134,0.5988780723112588,0.41827299360604553,0.29611867625100335,1
0.8410807987140991,0.559010938332515,0.2778756640531015,0.7247763432421125,0.8214644727893876,0.7390694845480088,0.6993027039293577,0.10213932269804961,0.7537611644691801,0.9521936176114466,3
0.3421875553224565,0.38481583873750824,0.9214077353255304,0.6959261205309021,0.44541219642634594,0.8029561530181535,0.21866717839746183,0.6348013464482951,0.8943199490567157,0.39182632377891446,1
0.5710215924544897,0.6162598916234668,0.7243671101226357,0.42942744885444584,0.7042324344394205,0.7472901195688489,0.8681092783990026,0.16380876319907417,0.259494487907518,0.34901377640084835,3
0.6058208108779383,0.8999632693607711,0.0044799026341987205,0.06258116316776294,0.3859742132138675,0.3282324090685101,0.1377386791704448,0.4824053728950624,0.13862408250019878,0.9254557251608329,1
0.6790048829094254,0.11147971605704993,0.39254274893799435,0.18115507778467474,0.7118378804603278,0.12841007552671266,0.6665921390500619,0.8984232812246195,0.45461184026626456,0.5137419085850495,1
0.9622665911542827,0.7625541558503928,0.17648378332805295,0.6871445684528377,0.30914557708452384,1.0574089444004442,0.711142373830662,0.20003921733068014,0.8020459000957975,0.2828972873941924,1
-0.19350853676400903,-0.04828201212623248,0.27232838970731865,0.518202789572794,0.39801473749250055,0.4516609580907486,0.331519501111223,0.052890415355643594,1.0174044775225402,1.1210635044012844,0
0.5784146963767065,0.7555743808418224,0.4600452069307345,0.45632007176936806,0.14753703919967207,1.0239374520092912,0.14847972140398374,0.24946929609129403,0.11993428618538908,0.6457488290596802,3
0.2817014451790138,0.06189465832285362,0.02113501373063676,0.03483331944700359,0.8143077981794374,0.25668426917170034,0.44343405678961145,0.4913255036292452,0.1486491040113096,0.21457717399633566,2
0.574336602891904,0.6448670909927208,0.979920467489814,0.6023200691812138,0.6820080064897636,-0.1733395247691037,0.3242124623867211,0.43619864584273754,0.4365764205122301,0.6106238846656886,2
0.33122531071420913,0.46286738761595736,0.9987777340883757,0.6433330440780027,0.37052034838769876,0.7428099162979954,0.1440466630748977,0.6423971404293534,0.933020522686962,0.46460184727174364,1
0.62399775499315,0.7557113144404257,0.19185326826357654,0.3537994037860993,0.8430723536780089,0.06601919896691948,0.6034397398100575,0.3383620842005249,0.8908524227760857,-0.04258687093602136,2
-0.032804780748143456,-0.21464601174281878,0.09528221510230889,0.9575053325737517,0.4604995833098341,0.3963743677118793,0.7097205880187847,0.23691613170725784,1.0825458276722266,0.9117429639361141,0
0.5904153313938344,0.86643029993875,0.18782890709784844,0.10724787696291624,0.776889329333094,0.04807013228514877,0.26055699550921785,0.3966686061626122,0.6043995634776793,0.006531054083155321,2
0.4666217696023395,0.6244118600985402,0.7604139097489305,0.4948549989843817,0.25325576291941077,0.5651561852321326,0.19454092508144424,0.7310437205568894,0.5540346905011088,0.11972745354430314,0
0.18663795445842424,0.20544322575674664,0.41428239285249835,0.6965776384750889,0.4437210644960079,0.8052497487383078,0.7612316711917206,0.41477593268579116,0.6824621707160747,0.5324886049897918,1
0.7901308369137029,0.1358222169488715,0.3374222224870532,0.5557758512083625,0.32845335585866425,0.7490044254062309,0.8462172850727389,0.27976497771022424,0.5900963222510209,0.8445409622598419,2
0.11953022814109743,0.8850584327264254,0.43618426943832983,0.4420184866068215,0.49281034379104877,0.7386476855619042,0.9406838416884192,0.5449393435615386,0.44323367597089275,0.8869103540479195,1
0.45661035525481974,0.8169258082826585,0.993614265118701,0.1121679905552021,1.0414667316136805,0.27273513092178836,0.6672639738237922,0.8349104787186264,0.46210104879337804,0.853244545285802,1
0.6906914493878196,0.08391732326809731,0.23622926242308873,1.2201794774635755,-0.04210999974208915,0.43309661878842837,0.5865374277809197,0.6063157746602326,0.41950974559924387,0.1393547350415202,2
0.06552633478893848,0.22100477069394686,0.3956537648011647,0.7034943886642899,0.4943692113706175,0.8642163768396774,0.8003354703410949,0.3914875100752898,0.6415247996221556,0.5167441907001002,1
0.6506905992064147,0.9368631663048449,0.0022902161331321367,0.11300506832858487,0.3647639051518118,0.35741909988828346,0.20868537337445978,0.5192364793591865,0.049454722744641744,0.978331248077341,1
0.9321030170023507,-0.20262129016065278,0.8117874954779989,1.20930729437299,0.4104938456425409,0.608241328406304,0.28268912257931855,0.5616710910549156,-0.31556852992176043,0.7607545060215589,2
0.41654922094912533,0.3659017119928003,0.3987683648866287,0.45393747862220957,-0.000796284764944144,0.07650104776968569,0.4576141632138285,0.3039360362124208,1.1860443864985972,-0.02197863048476817,2
0.6021836834643204,0.5120218208048913,0.7064672401693273,0.5465314324144502,0.5507074098983568,0.2667169844928322,0.05301905280550175,0.41742295750088765,0.5500706647930936,0.4499909128320656,2
0.7702411598159505,0.3777803668331061,0.8696394096044301,0.6910637025799209,0.5734138253100434,0.5759746899239473,0.04235450712537024,0.714409423078871,0.8312914107119849,0.415608506640468,3
0.6865213624951346,0.7241206223328016,0.39096207964658497,0.6055646325686423,0.19332654917126774,1.1831939324619314,0.2126379113543859,0.4269763636253696,0.2221942431035558,0.8278682831011726,3
0.6531173064081292,0.7887913294964304,0.2687467456658982,-0.033192217298240956,0.678587831546926,0.0028040875010448066,0.33945222328810576,0.44211567288851616,0.7353780392039895,0.1450648171355117,2
0.2123814091274176,0.4984687660703953,0.3648048275076752,-0.01502798589935761,0.3585593245042731,0.18241423775564153,0.17499731004062352,0.19544947207155383,1.0056490722120552,0.7797145382204596,2
0.41340087645624457,0.7247803777566528,-0.01572802238980532,0.1573109752067641,0.17041751421763973,0.8936279795420191,0.8742935194154368,0.10718594081490862,0.9785662515765106,0.8395076035827955,3
0.4306475503432894,1.1706532725793468,-0.18376283496243567,0.405331030097882,0.710995466064007,0.3857094557652511,-0.15478678382910488,0.5865583839730591,0.5696412460954755,-0.2799346375770755,2
0.02646190006736162,0.24698747184154965,0.7016897252857164,0.02311864934785035,0.034391717216184114,0.28228133948037076,0.13154778462339164,0.8701082107195321,0.47198613543448076,0.3065022044103093,1
0.5573425811570902,0.6785557287086671,0.18001388517968375,0.26801021334495845,0.8302678654013043,0.4991691640361707,0.13338707493131163,0.3021043307284864,0.019862961895697036,0.23276769813215287,2
0.6969195877239824,0.8553927170414429,0.1632132363120063,0.1135902176094688,0.8376647041647449,0.4974076238159528,0.1432854583812995,0.5486113197955045,0.14012823222760246,0.30018473455214634,2
0.7082217125042315,0.11017422035319704,0.5742376214876257,0.3955038530418369,0.3412346864036456,0.3023664710358693,0.07360092667840384,0.28047387227260157,0.344146185624889,0.5921352475558839,2
0.5657431285773761,0.4274259502121111,0.8981357697375548,0.7140214293303948,0.48022741278194786,0.8252140551147232,0.44086210617442123,0.31619715462333037,0.6832523960286776,0.2617279838867407,1
0.04611147995982438,0.12875783929375947,0.8048694882415852,0.3369003474001558,0.09591045285592203,0.22815855318222356,0.6399064444841086,0.41830363091459216,0.31311646965224726,0.419027803401828,1
0.6520136968733253,0.6789577382077573,0.8581789365135423,0.451337912429508,0.48151232421687284,0.7244024340241625,1.0148823378080423,0.15632661658695135,-0.001404942581683194,0.1792955098057178,3
0.37327165441635374,0.0984095909619548,0.6446702751707367,0.774468227289577,0.5015687664269456,0.5394702055545689,0.3842273271076654,0.477207321568752,0.28398035697903484,0.6850301850410307,2
0.0872350731258204,0.141077868040289,0.29866578372115477,0.7441746640594802,0.4664805514262679,0.8036832766046322,0.8258629077588124,0.3326967632764255,0.6771799369021239,0.4530237116873613,1
0.3262265674316247,0.8696513375961675,0.9797392064849201,0.5947632162595856,0.05369482374551187,0.23321537614323887,0.22739493645388503,0.7780855838613022,0.08954614327877898,0.2873861192391548,2
0.2760800151597555,-0.23119267396090928,-0.001331071781427856,-0.1255664881643721,0.6687636414700412,0.33529764520913646,0.7081454415419857,0.20889636228453884,0.37508549468486707,0.41896844825730994,2
0.3082863196225989,0.8921804066271396,0.9733687435829267,0.5849511515365957,0.10852963308735825,0.20272952517420942,0.18413440719929214,0.7564234427576003,0.10502900789509062,0.28768988424069347,2
-0.2925009814394317,0.795661505087014,-0.8679432333777383,-0.07319948700333105,0.2352698464324393,0.531863896942802,0.451643341921895,1.3194833158479042,0.17952864162127588,0.4135751688415573,2
0.40484764309707866,0.15201307679315434,0.6901519840739663,0.9176582174490917,0.6019396166022343,0.7385803774630928,0.23599383620515096,0.30334752853437563,0.6271500834122432,0.35989052013623224,1
0.36914651337952764,0.6530014170358109,0.9115597209612564,0.3403687096556155,0.18273299710600993,0.4150818865609034,0.1627127780119088,0.6428991467245746,0.539446116474816,0.12106559964347653,0
0.9962070545605938,0.3321719253839893,0.41323039757639213,0.36062426632829425,0.17134688680181553,0.2573996494099374,-0.09876983626256691,0.6027911264480245,0.07928177635950745,0.5540182507103636,2
0.2167014660659778,0.8012528473579521,0.8379815986938579,1.0699959166103585,0.17254984957608077,-0.22882231478640402,0.7714888624794028,0.8061118808734018,-0.25905366659472645,0.6018630936505336,3
0.03470152416238063,0.8033324651834132,0.292098820781229,0.5175269840942379,0.9523947191804065,0.6206952370788352,0.8656271243630046,0.6061255992500072,0.6252387495870314,0.07281779765112911,3
0.6848023390812763,1.3953650658176189,0.286449902313894,0.17270280342137245,0.39141288901974636,-0.25801509451603516,0.49519617610258715,0.3055640896388413,0.569717863685933,0.13205647036322088,2
0.06689547426707092,0.3178675807782452,0.21075252807294598,0.12001004643784319,0.47891834904610575,0.2584586779388074,0.08357127886201297,0.3135387795966884,0.8812837217455707,0.7106060702581415,2
0.5696523721084015,0.8676033428342563,0.368578467031886,0.4850954047370964,0.7942587050209188,0.15407233025754719,-0.0016653395566836524,0.1762656777471508,0.5523033920126609,0.9008847178811599,1
0.6272066731977771,0.5818711017363761,0.22258290485797427,0.3008240288328127,0.28086315306811516,1.0261078234926504,0.3755764094104831,0.05055167795432303,0.27248991939000694,0.8874213869690049,3
0.7507290184729996,0.280362538099891,0.23159891340785355,0.31148040828191687,0.47133293246066926,-0.1487479354210585,0.3455715502571852,1.0275961902621844,0.3741487220134657,0.5866209740532752,1
0.4125536943793272,0.1026658044008686,0.2221041969429589,0.8187126762801791,0.5068074272934777,0.7988620536733048,0.9047009863595592,1.0757070288242723,0.24624285571926485,0.9576200113601214,1
0.5709989577924822,0.8956321614123479,0.04710257163020727,0.019599759050425977,0.39398380550687856,0.337397117362829,0.17094969325911125,0.45402473167084134,0.11158026517605671,0.9226857205776596,1
0.6045468551130981,0.9024331555500831,0.009716642794944582,0.06492917791360722,0.3878087792205806,0.3239298799315382,0.1362075668130982,0.4847290392371755,0.13677672037887548,0.9225994112948418,1
0.14643504844701521,0.2878616383983786,0.4100626402728833,-0.326778292226653,0.6797850845018141,-0.031775001710340804,0.15241029344342322,0.8614557349496108,0.4045275186787558,0.8652093622818274,1
-0.03862397070840905,0.19960619304933352,0.7806513232653075,0.382559523822618,-0.02927678014258059,0.3036619983112534,0.7478091844076175,0.37515388361555924,0.3189060914902348,0.43780072130553355,1
-0.038821344438538824,0.034010476728839875,0.7810846155212957,0.3013561196058095,-0.04879475270820184,0.2833151499120679,0.6056704108163198,0.3871701255364865,0.3088301314852844,0.48878891799989427,1
0.49135381823786906,0.03945565705418459,0.16733093758970874,0.904693189567608,0.545403014133242,0.6701165378472497,0.9029558133015099,0.9799728985555809,0.3890740857020833,0.9265485610688248,1
1.205412511052097,0.32177144221449383,0.28769016793762076,0.1416547484607957,0.10388747663324036,-0.045899547330940954,0.5797362143456973,0.9118998641440108,-0.1850904286657296,0.6949311358766274,1
0.4076898507706962,0.6328481262574941,-0.0483768251949781,0.06776848279649178,0.44044963520254443,-0.3951288361749372,-0.3984752152809609,-0.07265197894489184,1.041677198294122,0.3322684104124462,2
0.9188692868647308,0.5883622945387783,0.7774008668227961,0.08043874043108962,0.5430827683831907,0.6532173031540512,0.3959044862016392,0.21277021904946966,0.8439890444005195,0.962113779747872,3
0.20512145731345816,0.5547944616269037,0.5453120550148294,0.4575032409236707,0.013180499281571223,0.4510507618990961,0.2524813848162053,1.0032984038686037,0.6916978036102382,0.357164850924529,0
0.4410467880699128,0.7157595702934045,0.7264727631790056,0.6816901789258262,0.09502552919255644,0.4081261871556999,0.17475980536693297,0.8034305613346074,0.6721224812595534,0.20029558245983684,0
1.301624725557036,0.20945029433331974,0.29436664744020585,0.6780703573255471,0.3425316593283336,0.8943564749717051,1.1014877617617418,0.55764416860545,0.06214117427519955,0.6200014601306392,1
0.5478535447687296,0.5160632770738549,0.4129417831099432,0.8722232534916954,-0.05117314762794864,0.2743403829943295,0.3696996785057828,0.28018764425728315,1.1377520630920341,-0.022710755787930664,2
0.07880555382716975,0.5214537295865027,0.6325002510888984,0.8588843766366092,0.44663886914777023,0.4253062371558831,0.4396382742072087,0.9709893081956344,0.5054670028889149,0.292257494532452,0
0.8654161911218488,0.23278306088288991,0.5396987315050287,0.4910148441066755,0.4019407490877066,0.24994824376236097,0.12147633913946945,0.3595069301740565,0.38210939461658666,0.6175487473282537,2
0.17808440743789256,-0.03976643780595468,0.42619332533108656,0.8443972740585204,0.32897708698146366,0.8008763092708642,0.4320394215745468,0.30981148647497186,0.9004677440908991,0.8198824587493475,0
0.4968966153307852,0.08266183817228452,0.13691509662308907,0.9073040698814736,0.5387554019159113,0.7252468709180717,0.9120295180354446,1.0058616805893728,0.3630902860187162,0.9184198672105706,1
0.9692021848819882,0.22561565407294984,0.07897962438532968,0.9622259210180992,0.5797084025966248,0.34145149019322246,0.12426728222884675,0.7861402344682604,0.13973131471423514,0.30942669512152227,0
0.9183409555951946,0.5751464475474358,0.7396489308416778,0.09872866242488343,0.5386663457804269,0.606550199346829,0.3798303661614217,0.17000663294231863,0.8211040738485277,0.9829363255595143,3
0.30144149416020855,1.1607709100224184,1.9466887778046087,0.20237347480996387,-0.5362387369353383,0.7533032932883943,-0.5492408423953825,1.3347078216762096,-0.16033630499050988,1.4200371670172494,0
0.11475060763944944,0.22407127991708933,0.3229613719792511,0.7056860504506204,0.5168958541990114,0.8996031047244459,0.7899749396091289,0.4062915552883291,0.7523272095419483,0.5286926187009823,1
0.6647224614271905,0.4390759839580959,0.768623892537903,0.7742950244511929,-0.004481709958543467,0.36603457243019133,0.3112875740216132,0.769057870693618,0.8010823652166501,0.4745107402165017,1
0.2920333737812978,0.9285454290393433,0.0919654637497542,0.6243182758644117,0.7708858660142587,0.8204511306357019,0.7926195555761509,0.27756181743675584,0.6823933933581537,0.6184693995579074,2
0.326760392121441,0.15799357580421142,1.2063376358169469,0.5161714065186079,0.5748766091272589,0.6424259018198534,0.40759002876436606,0.9202476945627823,1.100521410020393,0.33338667366522684,1
0.11705089107589117,0.5650721652326596,0.47169172478753507,0.046394735884060026,0.9761615084110308,0.7188935031336505,0.4838085376518206,0.5186386822407395,0.41336567732327795,0.0725618129677914,3
0.781268589126392,0.9467467277489203,1.0999805349593132,-0.035128867416875265,0.5022996109625195,0.8471188125728828,-0.48543945742215,0.955862107235716,0.8901878082046777,0.6942301435178806,0
0.10801509787324078,0.6099930876310875,0.48784010961357466,0.003367755103202523,0.9994735901050598,0.7864641248193828,0.4225553041998438,0.4840997556033917,0.37417704578055455,0.14376305347299,3
0.8059410731777668,0.8063659980017684,0.1287129476606063,0.8883122116712591,0.35485657014872674,1.0510900196737196,0.687381959206227,0.34853145501418903,0.7414832569068929,0.21549532886050488,1
1.2025167024114114,0.017441175950730137,1.2192767143297358,0.13108046571666288,-0.0009559359972957648,0.7023438580883072,0.49115872326050264,0.3512943598821546,0.5408964811551028,0.7601033835351688,1
1.0612811360644747,0.7407152292421219,0.7179777321961377,0.17202137863922898,0.006652073998824254,0.8094803462621473,1.3048800502940012,0.6438351433288871,0.19430907017429522,0.8424202483133318,1
0.0409146794767155,0.20540376637388896,0.29810392089935,0.6701963692690389,0.46013904690617075,0.8528124614435887,0.8762934530052922,0.37123966257656915,0.6724663655229107,0.48778346713467696,1
1.067467689267222,1.9029340464507292,0.4229971241946453,0.09300963283952612,0.3786054437064568,-0.14210726005919272,0.3013635014556878,0.7182227549443159,0.17756080524739534,0.349580934712482,3
0.5839401142174994,0.93242425560038,-0.008584670257944273,0.04450299320763611,0.42301296475869454,0.316147051273125,0.1634175784287701,0.506780110653167,0.14053597067155912,0.9192362380101556,1
1.027643071392658,-0.18262543884179883,-0.045800796808644795,0.6251891870846009,0.6532951175673379,0.31444644252717885,0.8061881594351273,1.2349419371422123,0.9748679275404124,0.4366317074485582,1
0.3455334273024135,0.5274796411461034,0.3949570718554465,0.6078762291445573,0.27450733936391686,0.38249776175879907,0.5271361104217699,0.0279541848139234,0.9833569118370848,0.06639895630772512,2
0.05825554408575655,0.8367278477969676,0.42650459930574114,0.44234679834807966,0.5097567747271092,0.720125711652493,0.9664561518411425,0.5787294389044254,0.46968480321410777,0.9401398762044523,1
0.6483012604717341,0.22718516287570278,0.04652589726649348,0.17417535196473388,0.43233524237472065,0.12843409086061433,0.44513641185122294,0.6064649694947633,0.7235052359994423,0.5600881803176865,1
0.0552514542080491,0.6411086474482297,0.5943656600665183,1.10735055145059,0.6080411264976742,0.2276926272094964,0.6798567823324916,0.5452948629264729,0.09977619045701241,-0.014447443973133939,0
0.940389942336106,0.28292800488380265,0.03158863438964293,1.249745266454728,0.2560383330574778,0.5196218586458498,0.4520774291962044,0.04342517343374652,0.6479934729306693,0.6860399328409406,2
0.6529285518227537,0.3547784785102075,0.501492606539129,0.526554905709822,0.578841409114554,0.051793054074566636,-0.13136076622828688,0.40341569882380973,0.5552670857531024,0.4345813028854473,2
0.8125642746765822,-0.18479374280858907,0.6243727899632809,0.728151784448247,1.009467675338124,0.32362524159360767,0.9953877572489088,0.6627414170911146,0.873639400665291,0.25208487252373474,1
0.3135852888340504,0.8620980569904583,0.9695354194318727,0.6274911798191318,0.03042683233760319,0.22287764793381987,0.2077571207689593,0.7884035098942864,0.06783052384018476,0.2748136978164741,2
0.6411315616277605,0.1706065786267301,0.18829058714713703,0.22443949341447347,0.6481118868550259,0.030648042959750633,0.6524174003381062,0.8248630440611984,0.5968026011313906,0.6952065461813657,1
0.1512009449348763,0.9426305893991457,0.3900605499303218,0.48461060084040175,0.4659887315353376,0.7127586581274021,0.9823898373012105,0.5981324207406716,0.3994334809691048,0.9809760673012109,1
0.022951210987516672,-0.2160094691442747,0.4716559952700267,0.3544847412940857,0.9413497257070806,0.6229262159007524,0.3038517214766619,0.628129279424133,1.1631299812649663,0.3645937570351327,0
1.013955954487187,0.01941366565794364,0.6055768984202756,-0.1357704164778039,-0.23144522493730155,0.24564503255073003,0.29238238904641795,0.805627525177191,0.19886127935286801,0.6486776085901521,1
0.39066140985287395,0.18122051195453245,0.6399191505739029,0.6548602434565501,0.40633851375607194,0.8377497130101177,0.5051921399017061,0.4886775467215932,0.7044607182639043,0.3767151237945484,1
-0.3877800317718043,-0.4566620147170095,-0.17593765518287507,-0.43409880587218935,0.26385887621282045,-0.08103828574846877,-0.09252135299064335,0.17198808078484024,-0.20917116703004512,0.30802910072134937,2
0.059651354891073004,0.8724342390343597,0.35767233473660937,0.3667903925933979,0.44662414149390184,0.6572917742448121,0.8742902026443036,0.6874289989200425,0.5484438134173296,0.8570281531664083,1
1.0023861931729032,0.14562338737341748,0.39158442764334,0.14204173168305362,0.007072139402631527,0.043653133470801866,0.5363256411451549,0.7525181141354603,0.014082923429728179,0.5323863512125475,1
0.4802189188185491,0.05119163321545084,0.13246499670302592,0.8999979853950999,0.5495532986018564,0.7167651722166795,0.8864187690786758,0.9897169059994517,0.3370774132095028,0.8951233837869351,1
1.3258278613344636,0.6284613824269616,1.1776095388440493,0.5007991823868562,-0.06970568416978756,0.20702037486677685,0.018834264960457675,0.9752013686350126,0.6624057130699702,1.0441209305642598,2
0.3960943178263314,0.4089259098266084,0.362581204665329,0.6233805995528714,-0.022882154021273304,0.1806509671705921,0.5889276808225207,-0.047034712817780516,0.8193390243980909,0.45784899799809675,2
0.5152238934909353,0.9020693621904861,0.35985119967480794,0.4579305129205891,0.7327439553278772,0.11298710440688048,0.0872132212402699,0.2703386748769935,0.5705586267287379,0.8868053402699794,1
0.5504550234332584,-0.15440181254529098,0.35069028917388917,0.9949243256814798,0.5289350323859503,0.5359683405376768,1.0635333864227627,0.8566552946450506,0.5473764807402957,0.9981650550509683,1
0.19189042212690455,0.021580742538512894,0.08678558046243406,0.044688797233169375,0.7123889364177978,0.2571583779666982,0.4684774396103742,0.4477217648213298,0.24573895523833122,0.15815950490353542,2
0.6968101358664013,0.7288430140295177,0.4371023888083667,0.5776966833286078,0.07886165208481523,1.0090062044885846,0.07925594511695891,0.2272968693452845,0.23023663020293061,0.6679531228392761,3
-0.3048619086410249,0.5418483696650379,-0.33599213993412924,0.43270221132970355,0.4014809941374806,0.5965520178390364,0.30079308582089914,0.3198905424293139,0.4895522964639144,0.053644547390695976,2
0.4590204296490683,0.8161511664959615,0.32790433294718935,0.5851125609429357,0.7552307885946696,0.20539695810165565,0.08323801999790235,0.18693673189058482,0.6050985760793759,0.8770547805407218,1
0.5247020537042568,0.15777092847697,0.6108810444162664,0.3074012467914309,0.8532390256152966,0.34096907673708476,0.4576775773110753,0.7448206756953877,0.3766307661577576,0.8368045169275447,1
1.1349546146871552,0.4740186208570514,0.04944283645160728,0.9247415112189061,0.5142676693112074,1.0963413178580501,0.5035193739153143,0.05513758232821016,0.6693765444608962,0.43204478119193246,1
0.9629075466921925,0.5556661427178368,0.29983502211319196,0.9441952779455786,0.4182038662454185,0.6515337322034321,0.8027843946612827,0.38259501745350627,0.8779622413035792,0.30929312346216037,2
0.3593125030455306,0.4883245520439614,0.9558138796474764,0.5261944567064776,0.3242492005576139,0.5945366161726882,0.08883638440274262,0.5232611718115222,1.041606991897113,0.4161358739846774,1
0.3761836353636653,0.5531310636382399,1.1125016030460517,0.7891781686848967,0.33957654245357033,0.8536092728399228,0.2017872778868189,0.8335597346685654,0.9489760651389055,0.39685813419717025,1
0.7888009932203871,0.1279848986020432,1.0706857335902644,1.1790071378764067,0.5777962626348985,1.201652284304073,-0.3837808554665346,0.404457365173497,-0.10405530508565575,0.06543848295038662,0
0.9152431152035603,0.5811731939024767,0.7287514903793513,0.08499792738342432,0.5411313927533752,0.6410616832778766,0.3468579246904758,0.21710601500624743,0.7925255340868192,0.96481218374786,3
1.3006912613869646,0.9014440120226241,-0.03854912388370729,0.9879346543724593,0.03585598955778707,0.7430105590842123,0.9393284203363155,0.5713341301811259,0.9133556455026551,0.32389977495934597,2
0.5913750827055868,0.25440103724516194,0.06357024296785552,0.3273132962322437,0.25192899737265306,0.16693464516486306,0.2491964042890346,0.21202046177130704,0.9187459272031485,0.9248301200209763,2
0.9384452565903248,0.6717204399113587,0.14118978189407758,0.7299720799111932,0.41453656818628914,0.9730562528948046,0.7681079894085061,0.16833508150180068,0.8742579653117897,0.33632585232018564,1
0.7791656016210432,0.39810596180381375,0.884866216205707,0.7260432186299435,0.5344341755565294,0.596129873676221,0.08118465517792281,0.703242168792478,0.8573363365972588,0.41248943293230356,3
0.16709502664968665,0.22744508216921772,0.828743518303628,0.3635266803249547,0.37680683617909894,0.8315198399762113,0.4388879990992453,0.50593760321616,1.1222210078217603,0.5995477413022847,1
-0.907544989508224,-0.22754459432479496,0.4516904040291721,1.2431937926632788,-0.5011096512667261,1.1791029151068213,0.8729329179752032,1.0958614374731432,0.39017717201307234,0.6167786199214328,0
0.6839704041755685,0.7620924818877118,0.15283068445094977,0.3263189434771693,0.7919476001714632,0.3201362635399859,0.15814694603470944,0.45952736724379223,-0.10401685685059364,0.4253760774483739,2
0.551688090504285,0.5889840268982979,1.2548821971138875,0.30013949555713026,0.38177841684327385,0.7003742818452389,0.2778681488739345,1.1338569372787959,0.5342727601211777,1.1033738471499368,0
0.714395727330625,0.787961820380979,0.8788512193998315,0.30076312378629316,-0.06508436760188607,0.694370362161138,0.9684939166915087,0.8442108890542646,0.5738068933216265,0.8228812593338944,1
0.7403987137988406,0.2735700569451618,0.5388278371090438,0.036612418859072626,0.6698704395485967,0.2927925690117372,0.8382569594964226,0.5402748859359502,-0.06536785934880235,0.15140022022717275,2
0.4404726922739463,0.6409734592104097,1.0299285337318946,-0.10310707315313844,1.3207531453390176,0.8241913020804967,1.2012050982052551,0.8500185322998532,0.8737105978969002,-0.42887739700022676,1
0.5302315715047206,0.650287552245802,0.761076434996366,0.42092588751938403,0.33967251302991575,0.4980652374771874,0.00460336316822732,0.9457406627276516,0.4417397809818781,-0.07131067603870292,0
0.3412606892133273,0.4088338811093005,0.9963617900880228,0.6573600063822727,0.3634335732801489,0.7599617549391389,0.2027713513477275,0.6618700760433981,0.9725252012507308,0.4083126839183958,1
0.6208407666434427,0.829935476402673,0.13729963490277802,0.07415875525537563,0.6874690291265585,0.2605334467210314,0.1699557345210145,0.5572202287104036,0.16503051861726237,0.4555716686112625,2
0.6707089073910183,0.7922507045939726,0.7339181317835716,0.5248863611834006,0.7242924683164152,0.5903717845138469,0.7797054581552817,0.09891330318082034,0.18415259524385594,0.2914613724856109,3
0.9995459580623614,0.01290548086507165,0.25480900229985504,0.938321877618134,0.46148172277632205,-0.5720040973185835,1.293603553176975,0.6257702892445063,0.7261020875038653,-0.013551965705983382,1
0.18270034464022436,0.02409269232952238,-0.22725011390932304,-0.11044704782714423,0.3937160365279615,0.39213850317860266,0.2586580887672525,0.6726006606760331,0.37351402443889725,-0.06537044951117571,2
0.2898254071096827,-0.1632453982080075,0.023519349715834068,0.013771100057773543,0.552697485235204,0.4620898529270603,0.656751531792361,0.49684002098385727,0.2061783627506508,-0.13014893857975202,2
0.7010033276867063,0.8205200770439567,0.8369480925920033,0.42950970371324293,0.7037093248722573,0.6084999053780212,0.8228937785198867,0.16079024077421217,0.08251042431699737,0.2845028723154482,3
0.48774388388956336,0.36287638021625834,0.9428152278619922,0.7049400126096392,0.4536218761781288,0.8330116924727535,0.4571883814311628,0.3090138598233548,0.6425949025642348,0.2348046187657405,1
0.535967102354857,0.6178531555415402,0.8507957970647597,0.645445084068219,0.10771506895246695,0.5846250358202658,0.006577995216775212,0.8995342248961276,0.38971882202401664,0.11208890764903447,0
0.5881690082373812,0.31180920046682487,0.15710507935359863,0.8775883243073916,0.0791251117112464,0.49640353651219554,0.3725496358322742,0.6141116328472803,0.6450787287932507,0.20859125444704504,2
0.7519780147983315,0.3864329095426863,0.8886163072185054,0.7355032094557176,0.5409321316014905,0.5945987604952097,0.05839039223246281,0.6763546178547292,0.8537253242148518,0.41220205925231324,3
0.4557593483631127,0.8425309063528476,0.07702243030949935,0.4163133934621081,1.008954748861586,0.6091138021496181,0.26741509839119143,0.6776936516325828,0.029823033543177287,0.5029771804558145,2
0.7454278844747328,-0.028278730350180192,0.5013934897426375,0.8583069845951691,0.28996245781118957,0.43103657697601333,0.147651547940645,0.14074489950092672,0.1234839258467777,0.7206676768374848,2
0.2780069328795391,0.9252833037069955,0.11446650513679432,0.4935501764237548,0.6236210748062226,0.7598986036361164,0.931698954176226,0.2800465417812137,0.7221386212683094,0.7196212221870498,2
0.31004742661021356,0.884066110667022,0.9821792478939412,0.5515245508691736,0.08866581273165956,0.19455587817951242,0.2503427257971275,0.7220286479222673,0.11708411886583397,0.27396257224794673,2
0.09277056499894477,0.8456759552201302,0.40550327202313785,0.48648805422484903,0.5067669326633748,0.6893626255999498,0.9316560953536391,0.5372044071211021,0.44153364693755015,0.9505414176303074,1
0.20971933217394997,0.020539772947483038,0.07073608004859948,0.012253568483109264,0.7134583711678633,0.256791982006914,0.45870249996934076,0.45082680868957997,0.23756600553578494,0.17419573308705938,2
0.03618522667461786,0.587828391525827,0.41529186561505665,-0.05224488200272655,0.8450259621947641,0.7981836798051095,0.40962845129573533,0.6404527003750675,0.4509368852258041,0.08466700662174939,3
0.11991353541263339,0.8228849458852132,0.41006181481959614,0.4776317658475348,0.4831147152715166,0.801320528330681,0.9714143907975008,0.6653798011814994,0.5296837216908371,0.9685136401046204,1
0.09038539293429232,0.7892197625027931,0.3580323669791811,0.4853415928640668,0.9692155801273403,0.5488945861738451,0.9172448009287726,0.630719293216925,0.6169043570995775,-0.002067885786272247,3
0.48262570200525723,0.06023320798799964,0.13849094497464523,0.8876287596846386,0.5413526793076284,0.7087695610271718,0.8875728197241834,0.984706594919339,0.3486086291024554,0.8860676375506309,1
0.8821687756156642,0.49937603994525803,0.7607729583426226,0.13244030075132515,0.5227413328690143,0.6915720371137315,0.31774426539804856,0.15195971689494936,0.8906192481750657,0.9296899873676167,3
0.6680410805671021,0.8488164701330027,0.03508928209603217,0.0366601905471297,0.3371450115559121,0.3944205012044145,0.14256827708887107,0.5177586904503807,0.13287353332964055,0.9764006317701507,1
0.09253516877011636,0.2859106957845943,1.39203181069524,0.29586326921468314,0.32982047849740104,2.0526398926605767,1.052988200523694,-0.8409403199558477,0.1684190073547748,0.32934259488581347,3
0.9512816816967444,0.6948937277066833,0.09446038663072401,0.8466741587660815,0.3326006785691216,0.8975364431053187,0.9539754857289275,0.12728793812078407,0.8500531194006431,0.10763234711547198,1
0.3578250709507114,1.0483424531981416,1.0246773548767356,0.32707234519887496,0.27078183743196055,0.5855965515736009,0.5610190969313738,0.7822574629354913,0.6303109318900868,0.8113888078042863,0
0.041505852467183864,0.2257727024199013,0.699573515266289,0.02925189070543699,0.05105636124178638,0.26915883369787297,0.12463168402493309,0.8708826995290173,0.47153468361189305,0.28676496494863674,1
0.3159691089838511,1.2111467829823197,-0.5650177749066284,0.009041419063429037,0.4197152200259232,0.8319649986427599,0.5232811524643345,-0.133103183793792,0.8177553618153153,1.0050325441814607,3
0.07376627614339823,0.8634052180827434,0.4125771494313908,0.47013404397809516,0.5572310306191469,0.733105710231526,0.9634090224254425,0.5422316869457543,0.4523400354138561,0.9130100229727156,1
0.35438048045108567,0.3211734170202927,0.3626196139526623,0.6171502857254799,0.13472663546697933,0.4689713196358532,0.4201248644427166,0.09238599605961215,1.010041168971028,0.2342470972166865,2
0.6611759212943881,0.6644214700890152,0.8166576103851914,0.4095195785223728,0.6845731091861986,0.7312066348951403,0.8147316731851257,0.10903211306452973,0.11315637249245289,0.3921023254169352,3
0.513234738710573,0.6748952793833964,0.950957211835509,0.5272030849138024,0.828284931966282,0.6693099247973475,0.06452426736508426,1.2130719168249455,0.3284648375174689,0.2888495650970967,0
0.7400232119204948,0.37506788981915606,0.7299744703895426,0.33679358506630064,0.6736844385540733,0.5241617900076233,0.6349457309483757,0.3540726656640541,0.07941863451235685,0.250612144534621,2
0.7724708359970076,0.7315100848870605,0.33095029691560296,0.19908956120477384,0.8135646788627688,0.42519745928396285,0.10597235068356174,0.4440357634693499,0.005029245558295564,0.33707285742177917,2
0.6172244538166012,0.9108985250783589,-0.016003714840884614,0.35544969555483996,0.9921509640678734,0.14527207450731855,0.07972176714002713,0.5463507171784799,0.8289385602704238,-0.14154652003984136,2
0.4959780782417851,0.586234524483852,0.5590287294305507,0.1272934794470163,0.1138012619337673,0.6303018124085191,0.8144516713717892,0.3335853957822571,0.05659107245374223,0.43323584840476254,1
0.5824294303996351,0.7898413147249906,0.05976775032395021,0.19395750639912207,0.6986315527502768,-0.018500910240475787,0.35833434592348024,0.3738369122630838,0.47268656700865974,0.027626531936188952,2
0.7161703907992142,0.8642362707428821,0.11161692674337816,0.8676553021583625,0.7399359491173099,0.9905051407502832,0.6442410939927614,0.5238795149597689,0.022349641359974613,0.32349201044381315,1
0.37170439862623467,0.5967941396545078,0.7124075614147152,0.8590165428691303,0.4643619695353937,0.8826301112948368,0.06095560911651279,0.6050157671445107,1.1091258413982303,0.2273289143125359,1
0.5017100434893709,0.8284138586829032,0.32114338039744483,0.516940104905694,0.8066693420725227,0.18041367592942026,0.009610411769390847,0.19804746935468343,0.5408856712667833,0.9239773207784893,1
0.11113523068059157,0.11826218505467717,0.390385711749467,0.4165442935085854,0.22394383604915422,0.3362945748100906,0.9524132236032138,0.43276427057581046,0.5335057121969995,0.16825185462509257,0
0.8049007406701416,1.0233541880665584,0.4185890497459024,0.6020648030021221,0.4736823478483511,1.2700894509049814,-0.0408706329627643,0.4983287815812225,-0.030657205104639595,0.42624775716004715,3
0.09053433515263817,0.16451127371193616,0.7772648103746892,0.3732325429722074,0.01894305197781044,0.2552329145397243,0.6111968418838795,0.45370316563871316,0.37026119468443336,0.39796645649745743,1
0.8528333389009075,1.152904663243583,-0.052052568661961424,0.045085494466867715,0.830635068684045,-0.04946483513367268,0.4405862902279754,0.4832069039434333,0.4019860080191754,-0.05977156399681756,2
1.044439758901733,0.9195865339079722,0.40728064447152235,0.06932450340335944,0.6510361085696813,1.0034743359586644,0.7764753246793104,0.11467527795801728,0.27204621842037824,0.9028504606546143,3
0.044410619529715326,0.11613293473417861,0.774741563648739,0.30596006191035197,0.05714327992348234,0.2728685429695931,0.6322017089329015,0.4019505603636689,0.3086861072480809,0.45649577998893565,1
0.5933879228398296,0.39878885747308157,0.616841248293287,0.2140709921703349,0.7841397399289263,0.4248571977019976,0.6760787202041572,0.38756334760196776,0.009743326803888577,0.2225118607974206,2
0.3150692008624952,0.6769923652127883,-0.047367931770608177,0.019536251287936637,0.11301662040769414,0.8453907613251552,0.6523263139851629,0.3314927029553009,0.9150796302436414,0.8489610251164171,3
0.7581126787092617,0.3981653138069499,0.32199085962258667,0.015926373123113235,0.5522744092686961,0.09528347568451181,0.6508749085245321,0.8112020275434962,0.8524819629402598,0.7133153239399252,1
0.8513485197177493,0.29416557284401845,0.542977809898181,0.5309450056978149,0.34420588931571217,0.23086060478794063,0.07194349062721932,0.38223279810038835,0.37633712527543456,0.6026506773032929,2
0.9115284930753003,0.5791357885073087,0.7074275829204009,0.05355364485760877,0.610066418713833,0.6121888630465977,0.38352939933460845,0.20108993070969078,0.795229704465206,0.946069281137768,3
-0.0582016398325258,0.4595589390136619,0.5770463489165565,0.05457188833692993,0.5296292645790593,0.1426144509247801,0.32577760053530064,0.4479455217973338,0.3165442967171209,1.1345989003769414,0
0.47316681468693245,0.5833557543636191,0.7322022924703108,0.5980604606529399,0.13489870643895638,0.49689597306699695,0.08882502179496597,0.7683538577142044,0.6251245397549459,0.09342735882573683,0
0.7159001858582952,0.5418041820165632,0.1961033534129855,0.7302087200644053,0.07189480917990261,0.8311033348187403,0.05781845259759871,0.4858609523237595,-0.014645617912355136,0.7410291169302947,3
0.39393635388110826,0.41060229180072283,0.2887962087994771,0.574721901462234,0.04365950474350139,-0.00407676211032354,0.14919038964369943,0.002680354190955886,0.9241576896957948,0.9717846604884247,2
1.069032652001813,0.46385523237973775,0.48347711077033606,0.7568955479117883,0.2533447669645605,0.7660062123517962,0.7153575650615067,0.4581762596728454,0.9713493249941585,0.18029637704311768,2
0.32119812958927185,0.8481365575568164,0.040475683787758954,0.46942865388701066,0.7365209711994573,0.66566805849261,1.0397792064796074,0.21774756615219648,0.8165112738766589,0.848151648820471,2
0.20109064654881367,0.5914703055538042,0.8246348265054435,-0.019241881649570275,0.5014096239042557,0.35624406699854616,0.5419146159306616,0.7041534319036421,0.1837305289201377,0.8716281132689272,0
0.6150679735427108,0.5169047625556688,0.22705873888057848,0.41146795660124796,1.0649050624045322,0.258872685777466,-0.024404179004075932,0.6842391225958586,0.14075934437079785,0.44282839061485035,2
0.04998804986745303,0.7972943014049801,0.34084122182796206,0.49119497842999393,0.4174689794545341,0.7921302079817814,0.9428619065490995,0.710758289840782,0.586656608886657,1.0583584869835008,1
0.5327641475584228,0.8018145836696222,0.2757279058075769,0.5417822472498537,0.7905066495835182,0.12468302058708651,0.048875947495380434,0.23129008037208823,0.5505925746579159,0.9075662498517285,1
0.1919421237666277,0.937918070691121,0.34799352095702446,0.5282412111268453,0.643762502127245,0.7990792792714281,0.9918429483985219,0.6433991037324227,0.4808955000238518,1.028324634739478,1
0.015286377342483393,0.15920208577390577,0.3369665050811214,0.7615467259484757,0.49379192341934325,0.5685571053250892,0.6423793231649584,0.45426202695115003,0.939901890548131,0.8670634143397985,0
0.9273860415190674,0.5447151569198574,0.2715880829297928,0.8335518905690916,0.3480260747133254,0.7080779121211891,0.826598905665026,0.4564066546986813,0.9345094862914894,0.2615732627979485,2
0.8432349535665438,0.543570807498332,0.34923848592264134,0.7240266182006673,0.7555948218961162,0.7053460704992879,0.719763908599668,0.1642491517708458,0.7701717910292335,0.9358542467537883,3
0.9982267174159798,0.16140857800782507,0.7047271745103602,-0.05343801504900625,0.27810854386217737,0.9360921516044489,0.5093723888477601,0.024740427342844373,-0.29176518430805576,0.2962447748323403,2
0.06351179571338622,0.1296626066478515,0.7212361952394112,0.2721952606932288,0.06698080584424487,0.22944463224666264,0.6050375535464142,0.41178317715047047,0.31533750501071295,0.46980709063123527,1
0.023910697557156357,0.6368473222771919,0.7541341705776482,-0.688631616531485,-0.3922245169839879,0.4442053271250257,0.676732082069466,-0.6202169859731684,0.09181133643772954,0.9405893384419446,3
0.6088914643430866,0.8994329752712418,0.006172217151564373,0.06292697924490843,0.39152847523077505,0.3229518405505118,0.1385728984002816,0.4871541959486151,0.1376899583439006,0.9249138135089998,1
0.5502466517015906,0.6235134308555599,0.6413554902532675,0.5452593082314168,0.2489586278392886,0.5004668166630503,0.1811068329963515,0.6481412690329825,0.4841566362831903,0.20389177197624886,0
0.3869243240249446,0.40772841604804805,0.43868588079345755,0.7955553947767471,0.24010247233510779,0.45530166149963347,0.5246612785625966,0.05163610388503001,1.043258607942735,0.18576867635978436,2
0.24347745962018374,0.8764693296559221,-0.08737440991337186,0.3965304607009584,0.8087885286690324,0.9144142840973793,0.7747350712964408,0.26082519297345214,0.6588933606583821,0.644820032505315,2
0.7887670311510089,0.163585986245826,1.4497206521391894,0.702855386971259,0.5426626087701392,0.9461730653794842,0.023592280415324712,0.6926603990894149,0.4989142579974446,1.4277099537311084,3
0.8904784437230826,0.7522462642810841,-0.0821794861491481,-0.2282502970200067,0.8141852612781572,0.3954978257922841,0.5282402539094921,0.42813398147196646,0.6585502822628013,0.12633496735296582,2
0.763698767620202,1.2368435209418656,1.3213895591052618,-0.2532203410349595,0.2729663980167017,0.5270244649143685,1.643085753851917,0.4007471758867855,0.9698412902446872,0.5090917749643129,1
0.4703653376069328,0.9344364841768271,1.0524541902287938,0.589490676947945,0.7575600005047147,0.3244933238562992,0.6758196148744052,-0.22690240469831918,0.13284793005415324,0.3924197158534106,3
0.7378877118175396,0.3776506096449535,0.8620875346122655,0.7218917533425028,0.5021105463380884,0.5890549723039407,0.1060715420583185,0.6689840668029196,0.8649131618097885,0.43630145439232415,3
0.16862187305206122,0.9192634136348962,0.038515477029552936,0.37052592745561064,0.6925691143675157,0.8229350699930525,0.9063665670253008,0.21432282439102449,0.8170467425449781,0.7608753714092495,2
0.0509778185436702,0.13095991896940673,0.3795852907085542,0.7265791279315631,0.5100576720991631,0.8396377239600373,0.7868868921272072,0.45507346249727954,0.7110334239525227,0.41027307991501977,1
0.5854021480030545,0.8692837983555386,0.17164684899882665,0.10478340898836351,0.7807576201775405,0.05976485086114536,0.24867601629684655,0.3809607598613582,0.5885338103688773,0.004238024716894746,2
0.5159956849180963,0.3465395644893966,0.24917382492199616,1.2132178478739941,0.2625609963567444,0.49068191656444216,0.32314031703508983,0.6024250721326141,0.418310785168563,-0.04253698979182907,2
0.5507438407296731,0.40434365479669143,0.16116481628630672,0.9769613692995265,0.11881321525195854,0.4210187505705292,0.3605941016903454,0.511044486247306,0.6227384400341982,0.10946131129544828,2
-0.08351650379633879,0.2406162768857632,-0.2428243371574148,0.18305317370076246,0.441597360722261,-0.03303367006636215,0.4774297242602364,0.18090419598407448,-0.10090987268930329,0.2626777013265045,2
0.221481229744532,-0.20338418867003472,0.550917678818757,0.3535516773051538,0.44973627472305666,-0.21423608884307738,0.6647287624124066,1.1635853786831818,0.8015052543681866,0.6162387340760903,1
0.044925928794227264,0.09689024500839126,0.7451916217501461,0.290248791762384,0.0888107775230254,0.292279718695519,0.6463117227658237,0.4198379607139053,0.3180626322723742,0.4293925230011787,1
0.7680198996718444,0.7955411604950106,0.8022898633185996,0.38264370503253314,0.5460961009563615,0.7755101932908017,0.6932395749783363,-0.11010589900330309,0.34954613976819837,0.4072414915456999,3
0.5464574891852969,0.3861403374585734,0.9438944669418712,0.7483640396921437,0.45785261804627686,0.8289045494058386,0.4786748048139273,0.360332604524766,0.6698956813885922,0.24191182089891702,1
0.3316742836178662,0.7281004530101571,0.37369945528408477,-0.018409642032349016,1.0406251063972032,0.6731951831612897,0.37415966693896247,0.6097423336278677,0.5087751664238668,0.053438986280608655,3
0.27323522649159054,0.9083254303202896,0.9228475609219856,0.16724762583204747,0.7529173204275279,0.41114285960340086,0.3047173020839013,0.8469969636301303,0.0211177417029301,1.1370992666438926,0
0.32104369218836043,0.4036245377658984,1.0231227301870272,0.6340575544211595,0.3662752788730982,0.7217447657708909,0.1751992540321817,0.6871294265089192,0.9772787988302661,0.38005702969700206,1
0.5608035080166807,0.6828720995566668,0.661099995850436,0.48819021336853174,0.5902187708648291,0.5514380035767036,0.9781770148628861,-0.05401208630352125,0.11828307911902315,0.46190032780200696,3
0.32752967791493204,0.010090808587828848,0.5977052704401848,0.3274040994966199,-0.4933047720154906,1.0544343707771684,1.328763041381836,0.8600942646822259,0.3887215409789917,0.4286083511187726,1
0.3763274963071475,0.4018156704543609,0.2796698211304258,0.7283791158185527,0.13657625191505623,0.44790407087733997,0.4359847523606591,0.08569663833625649,1.0051241171511531,0.1781406345064954,2
0.6345284430189667,-0.2674581835045811,-0.07158180599784167,1.068735845176493,0.7882046791791899,0.7163201652873422,1.2578969157466915,0.9400473061789029,0.24225701885835915,0.7262359943689363,1
-0.27300096038843613,-0.3487470349334097,0.14155216475630766,-0.37307304326042706,0.9247686598908088,0.06339463321422523,0.6119893847049265,0.6427018278763978,0.291071554607706,0.12794776723526805,2
0.43670281816620865,0.28752346724888284,0.2240564743221105,1.0690425682457678,0.2797890790824027,0.4738230977793175,0.6535839550886882,0.5944079279956095,0.8528633212958849,0.052046171977803424,2
0.5754284457614934,0.9686074457773709,0.0858975785709431,0.07015499155228377,0.3345603784221155,0.3321940358347345,0.19951315542166778,0.5858424612404488,0.12239088865952265,0.8345378837728368,1
0.1511904889279084,0.5422442154218218,0.46698361787786774,0.07354843340030816,0.9384069664662431,0.7229298136041192,0.4909185150149254,0.4917264556531259,0.41989657386393575,0.04284232910627879,3
0.08439766905151154,0.09113731649923107,0.7705979006544791,0.2718309707590628,0.09844711571309299,0.2676457028695424,0.6336234074562351,0.43450715408587537,0.3633724814217573,0.5211122436137564,1
0.39339767870933123,0.2514096233410337,0.34818629675928114,0.39519970230134793,-0.10246775615300963,0.16761491618060242,0.3118795826980285,-0.0932962046858487,0.9159983628295987,0.04462695084109902,2
0.7054259300567117,0.38720391295268114,0.7156070984549897,0.32659213988105273,0.7104375474610446,0.5593553647072808,0.6592511828406893,0.35833408866087757,0.1205428461698543,0.23070640829007902,2
-0.0017367211937995494,0.05995407248715253,0.8234333032860323,0.34058510578801277,0.08064114686376397,0.28276849547850036,0.6876935659862958,0.4875870950247413,0.3634430026996613,0.4448616753235775,1
0.32547906848232144,0.9475031893234056,0.8044429044807637,0.05253790277836343,1.055503744881823,0.31981859061099854,0.8320930171415277,0.6827782723781819,0.5438508507460454,0.8253614466913997,1
0.865324579059044,0.5364505998322521,0.2862980891366562,0.7320995042125584,0.7963627772192028,0.7723549403368544,0.6984817514907344,0.1297046019218393,0.7722468928296768,0.8903302170222811,3
0.533387805730968,0.22007873215517565,0.40846812310538283,0.47465914851043356,0.14842441905770118,0.4956389381845725,0.26760414072356986,-0.12731297201365016,0.6254684727410995,-0.1519821241489721,2
0.8779074186734152,0.5274865629486205,0.26340907318576046,0.7639554656665658,0.8221193813471246,0.7140473387328169,0.7114649240283074,0.05004426474924668,0.7736044115892992,0.8793665432014444,3
0.6643757304030341,0.6515201824155249,0.7129417196595412,0.386266605805667,0.6761183013817466,0.661907523465729,0.9352843725680804,0.10194403951829993,0.22063567462866313,0.3798405376668862,3
0.04336473503248415,0.11615939448866633,0.7798646351547711,0.30637262589044306,0.06800627257959355,0.26959461621110475,0.644927201164693,0.4051801997081134,0.31407565891382705,0.455076467692987,1
0.6930832697069914,-0.1510336584500481,0.07874238030391785,0.9352915989085209,0.5844698273237402,0.9540090143481789,0.92929453750511,0.8824878597299064,0.42848114762620393,0.669557146110995,1
0.5186688027278463,0.8199825957073007,0.3107602917940131,0.517900606173044,0.7895970580035188,0.15878891469500128,0.023998534877300033,0.2187371702428183,0.539716614969344,0.9189729755213779,1
0.4348551947031848,0.6680897892225534,0.7204735381099621,0.5051829276416782,0.190442822233035,0.5418756235012876,0.18765424136197975,0.7457549132371417,0.546731251733104,0.10482168095777802,0
0.6146202256681048,0.9037646823109378,-0.000852837609874286,0.07001009304346874,0.3802464532442388,0.331028423675387,0.13017639116962443,0.47949028967688967,0.1414074283867632,0.9354583893835163,1
0.7830298292863844,0.2764148763190011,0.7206609343795065,0.9682219987394421,0.24337284514709728,0.4664178911582018,0.4731829190889284,0.4382574312526083,0.1557112255919395,0.2950788005325233,2
0.7599108395738475,0.6762128551676196,0.6238729185949383,0.45772427935534643,0.19721524728417192,0.8052877153063305,1.1648925445432032,0.7869756079763708,0.585519723164786,0.5587818526364504,1
0.7399609744311396,-0.22474918193042914,0.20944663524764912,0.8562927133693308,0.5996566945545241,0.5647620035570029,0.11557283413510594,-0.3675590889439815,0.3727417454111641,-0.11559091285100909,2
0.5518986183393242,0.6248871148512909,0.7466676910167052,0.2961927534807295,0.5116497657680015,0.1605227133523246,0.46112530501058335,0.18714378471365145,1.2211535831242644,-0.10406502502901332,2
0.29510562882937086,0.3118470791613729,0.05383661065817641,0.6087257942415545,0.38612586617157246,0.6642866046775627,0.3896093192664759,0.28459311979630686,0.7839600494683846,0.5545660401241411,0
0.8426858656735261,0.6711852789245539,1.1741750474918646,0.4372351736143007,0.7730007220254733,0.031122602035204838,0.6425521466418647,0.8210704774106993,0.6476157161662608,1.2095724988993002,0
0.6977979395114888,0.38433549618055546,0.5847480771293913,-0.16573948894327262,-0.26234776517144104,0.9564805408171249,1.2151485025754112,0.6258917541003464,0.5513407076188258,0.8296634617685227,1
0.07364872800934524,0.16933374411447272,0.7661060239658948,0.30940195402084103,0.09798396786314553,0.31977586324399154,0.628268201244122,0.42161367090059354,0.3453375491007139,0.3931530582880316,1
0.3580341648368356,0.5008210890515264,0.6679589556253733,0.45374768912595353,0.2855859257091394,0.6206184268806071,0.19793142719620022,0.7585254172617149,0.7019010249563276,-0.0025791062012248955,0
0.5257825965980121,0.047418171270193064,0.12538058596330678,0.8415705951374239,0.5493684987213728,0.6727890297830331,0.8115937960826789,0.9472058785184281,0.31921956355235287,0.8118276022337536,1
0.6227695863371371,0.7313319778231134,0.40664527338351575,0.5013177529968271,0.1522280187233683,1.0203964261159508,0.13696730268711424,0.2539033162776889,0.17075682016353497,0.6866427835588332,3
1.117302401943735,0.29795153639214134,0.1540340095672228,1.0982734361105886,0.3620668441387383,0.6028275816887536,1.0626737104000434,0.6326233380051176,0.8568304483714188,0.34452220715729254,2
0.5756500618026548,0.8606708644669656,0.06655020855443633,0.011998247629680138,0.38929583635366966,0.23674376984464554,0.11242348997009201,0.4602758931437088,0.2274363634444458,0.9686620054529003,1
0.5171399783875437,0.15902041914373793,0.19163357007031592,0.7507328873187309,0.7003179289533159,0.8709308760090475,0.8552661704521751,0.9308149020914644,0.24110781989338187,0.8113414708293775,1
0.5525162648603177,0.155915867223657,0.22588382228556647,0.32993549068720673,0.614173036317546,0.013809860974737811,0.6652895185105945,0.7421450191237492,0.6798409851692226,0.5582897842901121,1
0.979601895824952,0.20889284487475804,0.09684585890743,0.9063032193435059,0.5963763873887281,0.2896039349565819,0.04443062966582014,0.8550602245705152,0.1966645554193772,0.2559519487162223,0
0.2962618170476686,0.4519325550151858,0.9899659569841676,0.5835393402974116,0.43722593027406403,0.7785236370623972,0.12446487056626357,0.695564333169862,0.9913748633220654,0.3798518208802465,1
0.6847763542877934,0.5101351016918756,0.43095827162987077,0.4965503918939481,1.2110532288472569,-0.04850027379194122,0.20892860922043,0.5396224636790063,0.6814992714527028,0.1679540814170487,2
0.6356044154345775,0.7758059828851882,0.9382357852139609,0.386377989765671,0.48280664015884417,0.7243002216433178,0.930310125994609,0.21814140153996142,0.11103988428838237,0.3439733585701913,3
0.0032879302951858147,0.4773274973500496,0.5325483331152538,0.5309487526004067,0.407475378362057,0.3162547271222589,-0.28754706911695455,0.7511110909161669,0.39548571684160805,0.2831771822444304,0
0.8451904106367069,0.7534235955031988,0.20714740823014066,0.8453537696627083,0.39813776890179703,0.9746517032554722,0.719734826911153,0.1936506671033758,0.8041273423263333,0.2639898538043612,1
0.3759285711359486,0.7364514767583814,0.2789474890818281,0.20510620989689998,0.8248794887371508,-0.11183897866832465,0.35441172468460413,0.2898658474773643,0.7866355826088175,-0.16714520840689626,2
0.0979785804750323,0.1828531276368599,0.31953760340110415,0.7703852340433515,0.5206069075615894,0.8352204950484615,0.8726552126416844,0.3897720369468955,0.6349808544546378,0.4973281170207998,1
0.5514317816762008,0.647707216322581,0.44189224947037814,0.8992756092207308,0.025055431461516675,0.6232137152004725,0.8930295377892812,0.4134656582143928,0.6557112079334864,-0.10273135478021345,2
0.5539916352042518,0.16352620537656593,0.03801330126102427,1.0993555777509538,0.6130011350402736,0.8230555310297106,0.8548822362403767,1.167907430318043,0.5766224280118899,1.0591300590084765,1
0.5318912135744838,0.26074242926031244,0.38732905606598156,0.7231608447774319,0.5052398694797298,0.7668648134896323,0.8552543458013742,0.9813047096135312,0.4533034240359197,0.9770679707200645,1
0.041906029000992676,0.3216999763580463,0.5105093241699398,0.6537508129860361,0.3747649590220415,0.6615644796508876,0.6629474429108136,0.9409916571006323,0.39192872085151975,0.1584399811496511,0
0.5921781314941649,0.8935027155288617,0.3951634277656936,0.5087974866416969,0.7860107940305837,0.13550175155221605,0.019820227085348825,0.16570586407203017,0.5191768916975787,0.8865665674609989,1
0.12228599305364012,-0.012621059028818504,0.7352416339350619,0.6359060719440804,0.24894987507021044,0.23278779416067244,0.723029872200643,0.20051820857530156,-0.16510292884145145,0.6607567188235748,2
0.6022314119288268,0.14897810254741758,0.04002095268723062,1.0564211963062835,0.6933481771382081,0.914414689373301,0.9066725146214597,1.1222184581780585,0.20257537570610198,1.0630577146588385,1
0.38010357314793386,0.870848232067208,0.967042846633349,0.543187821662687,0.044915280920618014,0.20392303644292953,0.1684867866690427,0.7322360051906278,0.09431968517391552,0.3031512999991034,2
0.8146133936744614,0.6256447106485812,0.18435530645494272,0.804551157421186,0.43897940739354485,1.0186128192615338,0.6285787472446962,0.21933722993788474,0.7556913424945384,0.3135831809903055,1
0.8847290480708987,0.9938761032931422,1.2330627702807595,0.7128933468101475,-0.3091435108702786,-0.10170899681783563,0.6063099870334375,1.4568925357592208,0.3643364164615017,-0.6785826686572732,0
0.28152307898450885,0.906237816820882,0.07963489076061114,0.47829858619806614,0.5958020957662858,0.7556968201276463,0.9717122461012045,0.2569225772682048,0.769660618956153,0.7322528708838391,2
0.05605491193310861,0.47112262057740895,0.49268437295377643,0.7949268853799023,0.3809368808401121,0.5265132517077962,0.5630810213268016,0.8565376227042327,0.36605875939288657,0.1573240263361836,0
0.8222808362486347,0.33245064926294554,0.638031584178493,0.25070466378334333,0.8632975111495118,0.5198416246639722,0.6351643748014044,0.32994966942572,0.1950133517222014,0.3538938183192341,2
0.8516794592851037,0.6427455953127996,0.7071756647370668,0.1243725254655058,0.5288814997506773,0.557006924926264,0.3780876173846688,0.11724484065064004,0.7786760416753437,0.9731106311860109,3
0.47861216489569247,0.07463110569284678,0.15082277534476776,0.8871665654732845,0.5401571157896451,0.7059540149380447,0.8956330833509377,0.9925855881685113,0.3310506934171035,0.8868751351825782,1
0.5103566558984892,0.0876459859990168,0.05748607554782577,0.8076618843380863,0.6298533453798767,0.6819783112494279,0.9965219720045455,0.9778463295056317,0.36748443196913616,1.004747051791064,1
0.5507821572336329,0.7558584812141848,0.7522102111627148,0.48053512019989414,0.7646613302029428,0.5749004607539256,0.7886125667171142,-0.01468851360157146,0.2492130184282433,0.30506467537737153,3
0.03639422892425781,0.22738586415426343,0.7088082739598164,0.025526468094288202,0.05394474400912545,0.2835301728263129,0.13432431938015668,0.8634678561738184,0.47297469369313433,0.3028322516470224,1
0.2822414241230428,0.8032270130353907,-0.1110673263212151,0.3612459060444069,0.7222967893211507,0.8834895823845309,1.0227337540772015,0.15620318518446902,0.7987518722908523,0.9873036787223762,2
0.06024087559766649,0.1763570146713223,0.32668464990081764,0.7143095974804228,0.46854152249549,0.8439149656395931,0.8575406687795315,0.36171918816326837,0.670273806075229,0.4899914188605649,1
0.5297574104700342,0.6539152272954746,-0.45474611692871036,0.12773667039335915,-0.13163838937357908,0.5523888501885884,0.8916051747472351,0.4328996720958782,0.2587053368029216,1.3533186151458363,1
0.7633333090505174,0.7457321168365979,0.6058520649010297,0.45437663448335724,0.17801900027582365,0.6721264984269116,0.19708365237729547,0.2539331026070537,0.6751484088189289,0.39450180606511775,1
0.7708622803894029,0.41192822983975047,0.8842117312830138,0.7086815842331596,0.5304542201021789,0.5805772603275837,0.0760838239400634,0.6924816604666172,0.8602671821560077,0.39907365123106847,3
0.8162467303687264,0.6653425103598899,0.07828660174781837,0.8102681805110442,0.3142153090890968,0.9638392219712769,0.7359229806524624,0.12781854787002436,0.8396576463105611,0.33966127926167755,1
0.5271264354791536,0.023805079569148346,1.050904929116995,0.9564425000354307,0.255094203356721,0.8055806909989853,0.677363787421026,-0.22772872845814196,0.9840075346790396,0.8465896868761947,1
0.027271422846295797,0.23724072873620305,0.7041615119666176,0.011195949506393955,0.03839461845773608,0.278258697937755,0.13299567693726042,0.8640899337864293,0.46129450397119826,0.2967496945849102,1
0.873291796382903,0.5576786875525941,0.3092096989391136,0.7341932592428388,0.7851843815866779,0.7503706138686215,0.6857723598603286,0.10762187869510399,0.7761608836795469,0.9282886677827595,3
1.133861353170643,0.17617353327405344,0.11349568372131513,-0.04728514049992427,-0.14892125591214256,0.18575299351580835,0.7981495929253551,0.7639755848383623,-0.2021815706312352,0.7087654869313862,1
0.2541737969329167,0.5140517802153608,0.25119036826929647,0.8088420843604162,0.24981145927968182,0.5131937802006207,0.4330294086155214,-0.04910108035575911,1.0217716169475126,0.05337768133275389,2
1.177962949826463,0.8204802750340715,0.9110220451677132,0.24727858375043452,0.17914370804241708,0.9084809623529255,1.0439426389187265,0.9858004292081528,0.6627649192138297,1.0613756056117052,1
0.08839994754565159,0.2658171713704218,0.2045943148391019,0.8451199744004995,0.6071939164047663,0.49289128272741745,0.6628256414468718,0.31406154612631865,1.085163555189858,0.725838326849385,0
0.9304631534741609,0.5126801943485142,0.28919002887003464,0.7002627353972735,0.8364061632631612,0.7224606375189748,0.5887431022532209,0.026247399548246217,0.8485022855626303,1.017271912180981,3
0.06455942733486061,0.3006537553315351,-0.10068031038992412,0.15190396614145593,0.7531492409570596,0.46622608496398976,0.6223897059590273,0.22892735390355462,0.501776972147748,0.24950717896165292,2
0.831034403711049,0.8783701049559827,0.34620595939714593,-0.06564588029977955,1.032059274344608,-0.10387917638088895,0.44873864167882416,0.1475448822382952,0.5407965601311415,-0.13219456369781843,2
0.8001782915894398,0.6491335657567078,0.08372924136250733,0.7650051839093069,0.3043150122928329,0.9336278526391706,0.6830531873078928,0.18948777528815935,0.7808332023905917,0.2262739335825339,1
0.9533270346616682,0.5687948434171003,0.7567525294185218,0.08122470481386107,0.5437092239223937,0.6250446823818474,0.3698830874973787,0.1899946500997629,0.8077533453496535,0.9818007384342439,3
0.0614340554203905,0.7661680755071589,0.30429453516666966,0.5083257322742138,0.8971116654686194,0.6018782716299961,0.911471773129666,0.6779144963114427,0.6328184027384003,0.06719942263137868,3
0.5566203813696348,0.3835390778704274,0.8925323921056979,0.74395922757213,0.4978514685048574,0.8661451371182173,0.48462260604911583,0.3437379658259131,0.6668144088806879,0.23530040910800734,1
0.8448179423048445,0.26269144244252973,0.23966833988621733,0.14925153615585357,-0.032109018259754346,0.33708733496168414,0.2733110279695415,0.6973029683030111,-0.3176675696007433,0.45109774050593476,1
0.44562019042349843,0.2296260256666974,0.07475634717810573,0.8577409875476479,0.6118293461681543,0.6440434831865661,0.7180144875602594,1.0171791777621486,0.41095258993276795,0.840175602376849,1
0.849415461533633,0.7106077181862297,0.10977985922077757,0.8161898023545645,0.3661422047202266,0.9675419954702918,0.6829089307264907,0.13664756599554317,0.807491891566799,0.3456064869121425,1
0.615464617322478,0.332854741501325,0.41777078863605627,0.4339450008830869,0.5582907679966471,0.034592760364403286,-0.0382804900637463,0.3501122763123507,0.330998708524387,0.8360229029327836,2
0.7810761505912267,0.7516342188575478,0.6961468788521912,0.5336225324011816,0.43516525915952337,0.41311385684128155,1.0657462264647146,0.13714686954714947,0.4448509973724926,0.15367121720086516,3
0.5716980103052282,0.06626106364113422,0.2691408291573936,1.0055174616247378,0.4698263772795411,0.7162224671297419,1.0125569342954024,1.0433699838580466,0.4529254502560215,0.7540932645080708,1
0.5127381840173542,0.2637428799804517,0.9580962726868301,0.5253339744767959,0.3572226805812288,0.5912466519427471,0.1869147169373444,0.6420305457986942,1.0924518036815338,0.6082710862545577,1
0.31789407964530425,0.7174201087947124,0.16805554161529285,0.03409438110863082,0.26297042149297556,0.7621791241487325,0.7734429993420328,0.11266553575572669,0.8132068768436742,0.9284755991438447,3
0.0605572045314578,0.20476555381169093,0.36233611489749024,0.7703956590831906,0.4812134827527387,0.8026403983628743,0.8853715376780716,0.35415290517260306,0.6591808563354676,0.4718110475464507,1
0.21554472886326992,0.4095211895034078,1.0512586070740488,0.6073924825461923,0.5000211887679004,0.6047151212910723,0.10498219889354596,0.6979565547639371,0.9982023257334456,0.534488379293606,1
0.6086900636459842,0.8422371594498591,0.18960209367427622,0.06970853857678408,0.7583410818899151,0.09784432412256974,0.2866870822296345,0.4000198116960371,0.5718291148388807,-0.011969607247147233,2
0.04991078841179964,0.9239416326468826,0.3696881114882573,0.36999516535646015,0.43797916688597116,0.6030785508550028,0.9658553474441425,0.4508705338784776,0.5643102935624371,0.815150172052984,1
0.2013130499947282,0.02715923850172905,0.3347126365194007,0.8267987942134976,0.5365045604809844,0.6052377009737328,0.5614107109780289,0.36916810608491457,1.0228231825650818,0.8265927980665208,0
0.047280247840408705,0.8738767595266411,0.45081130763999055,0.4986820091046993,0.5674992721888467,0.6928703744649434,0.9053973272423282,0.5978264293894744,0.4487017920973809,0.9211431737576876,1
0.3349824668409172,0.34863025797684444,0.9700377007244512,0.5978988623058356,0.4567102828808044,0.6849568749912373,0.12109153297817463,0.6699687396294848,0.9156526775712703,0.4485655099190304,1
0.08678818598724594,0.06126265071437931,0.3655176040212929,0.9733886128296908,0.2985903621623678,0.6722527307105177,0.36589599980554544,0.30160721471742447,0.9351047212496856,0.4962641759748156,2
0.48990217960814814,0.06294307579121494,0.13774448208757425,0.8880110403685622,0.5364295831445862,0.7127835155063503,0.8809250913209473,0.9864432228006699,0.34497747463545686,0.8804543021679179,1
0.9736254964088552,-0.1952297433196829,0.23215513700515056,0.8305998459789514,0.3066264660705535,0.4674371795795042,0.7887199656262294,0.8289098780429396,0.4445947566901079,0.5169995955322629,2
0.3179741690279354,0.40060849690420075,0.35034391157337785,0.6961643897642924,0.1614836524802574,0.3982564714828876,0.5257510663196046,0.09382920539208828,0.9354051122662641,0.16130663842222237,2
0.7866616289077173,0.05029730371898773,0.5846814312632894,-0.0076115112408984276,-0.14450322820907255,0.34853678267927213,0.29947899517722576,0.7387611216428148,0.3475000186218611,0.7098955431798433,1
0.3270466208882987,0.4318833291213119,0.9807389300305094,0.6063089226737671,0.3910889004049836,0.7438439837016594,0.14008431826908263,0.6787704201192771,0.9330032285366421,0.4453027162757785,1
0.6581634286487028,1.4857405405984623,-0.03720923530187151,0.6860128188400714,0.3422635168146141,0.33961512392842663,-0.36623608186454226,0.8673413338475296,1.011056787378584,-0.3965166828131501,2
0.6102073661032971,0.9001378235046021,0.0014442727223679657,0.06895584438444086,0.3848760270450525,0.31886587202188565,0.1451987704742303,0.4854707938714047,0.13255899098423654,0.9230585478419441,1
0.780102526493078,0.41160632651321827,0.8589198850120413,0.7379531270251001,0.5223997039918252,0.5987336483575987,0.06514077401566062,0.7063986263049855,0.861058330386784,0.4034714262588536,3
0.575478154030393,-0.03520813649692925,0.139704255937574,0.9446204891413654,0.5050160467232729,0.745848403761368,0.9194515307300049,1.020410255730325,0.42243219251029274,0.9616997564730757,1
0.944785287028907,0.5898306592879574,0.7675355875084701,0.0738126131184356,0.5445316534791372,0.6291359676914654,0.382017181346701,0.1865858216101905,0.8102782620776805,0.9640540568608276,3
0.899567360190402,0.5657167154010221,0.3484398729594378,0.6857522831048426,0.8472511573860682,0.7311762250004633,0.6328205328880523,0.10698411796062267,0.7763532921691033,0.8529497030119526,3
0.39913854615190836,0.3620653519998458,0.4164757143106097,0.652157912853664,0.24381925863295326,0.3895413137575772,0.4271602176127273,0.10304126967673609,0.9426105965829618,0.12668382191132005,2
1.1018125252632816,0.17511892033957557,0.08200414782215495,0.7943240378672947,0.5233342911708807,0.3368388881198346,-0.15331358515038232,0.6529332239325149,0.18105930552844288,0.12314847213228416,0
0.8102295080946429,0.5681321133294489,1.0669364763379352,0.44125130816803976,0.2561757384239056,0.5078773051461059,0.7520414717295777,0.17098651014435168,0.5467343133753979,0.2180983042070876,1
0.9213114123625583,0.11325132192247,0.4310318590464039,0.5040293101324835,0.23234845753074462,0.31783256413128685,0.22675953606763616,0.2812539865763646,0.3470118436020512,0.6422588752226623,2
0.6066901647654239,0.9027040738959924,0.0067950731014165665,0.0642164019070947,0.38916958885164815,0.32359991533359567,0.13743645535718532,0.4835930166147012,0.13603420606271538,0.9246461164636179,1
0.1669407427323144,0.36970196944700984,0.9023415329066572,0.5401914284104018,0.35855863402272337,0.7188961441486761,0.1356134999536434,0.7800682542581144,0.9747987097973828,0.5495591237837637,1
0.6328271959940176,0.8339543809566772,-0.037961953320005674,-0.005764487450324193,0.40554194753696554,0.2733203676526215,0.06306286995312378,0.5101272055455449,0.08212337259579289,0.9825243612069643,1
0.044833767155217585,0.8851207604612022,0.40163186328650485,0.43437340569325167,0.5080577972074307,0.5782641047776996,1.0063607836793385,0.49145035214616384,0.4999267680818757,0.9147893482598839,1
0.9548719426293086,0.6412703587828298,0.3160224086491829,0.8087289633778956,0.7415544248890954,0.8263896360127236,0.7262643989618578,0.19063467397735134,0.7406559793284061,0.9465080664693303,3
0.6434837237718025,0.5628449979007515,0.7460221009801427,0.9644820862098274,0.8577133006578959,1.156148940718538,0.6381238859159761,0.18843077342123332,0.4230626894400239,1.2293372062534365,2
-0.14785312644299836,0.7634867314525707,0.2783040350536175,0.4090785663759571,1.0452610237456506,0.7014625846386646,1.1113724961097056,0.6169229351326877,0.45537914820810516,0.047746617215479056,3
-0.30827487673045717,0.07688612168283834,0.5656160388670863,-0.03356276210753873,0.4581699273725029,0.24961207685955605,1.205379566645798,0.8240492529358827,0.9269131977359114,0.23273692831013681,2
0.34414981907130476,1.0315917077617005,0.3063205144033746,0.36338361009712383,-0.013728143516398145,0.8721964480855776,0.15619364227089733,0.5465982441823328,0.1645061751857995,0.38027932145853083,3
0.014811945245589243,0.25214205944237966,0.7119733020256901,0.005727162849314477,0.034144405103278284,0.2772194941390201,0.12111220149489516,0.8801762156012631,0.4643203577543642,0.3124255572509755,1
0.4277033727054196,0.6719601566543258,0.3550957788978708,0.5244987754380775,0.23647297075935228,1.116443315831408,0.15230890673822772,0.14526710624924774,0.2770066362869234,0.5730402549150417,3
0.02759975223143683,0.23220380996664083,0.6978996603234687,0.015144854880787439,0.04911385161945367,0.2815373845315727,0.12328061697060547,0.8621760026987311,0.4672752156548568,0.29119791829674185,1
0.060228679104373975,0.2085197864225917,0.7495965358649213,0.038895654424909026,0.06275129719930417,0.27390527309077034,0.12961100939795653,0.8868052493777494,0.4429369072965939,0.311962688471987,1
0.00242979142584146,0.21338313029778783,0.42889274165567415,0.8397634733578718,0.36298015765680197,0.811889585866824,0.9875249301704739,0.38241047928757915,0.6750467447124058,0.5388439049511017,1
0.5639098389257958,0.3540613595538671,1.2419539901910146,1.1660807740708323,0.8981741556933328,0.8243148263067201,0.43141213962544817,0.42463233073608264,0.7418046877886261,-0.29197898947820733,1
-0.024122969975834116,0.2668464319021796,0.3079874340646036,0.7965867911461212,0.5280114613490162,0.7199789285215495,0.9244502525890974,0.4042368933791731,0.7243975353750854,0.37466261788198385,1
0.012641171039722364,0.36633962475933624,0.4098424801663745,0.43790897204162027,0.6540606179999207,0.7269687765797352,0.9169180962555996,0.7768177145526902,0.23552739523134392,-0.2733460873734993,0
0.7074211667110608,0.7348281799246852,0.5619857533252046,0.9935890197305941,0.8977973311768815,0.56797834203039,0.9972817968116917,0.6810976109690833,0.9127932253148102,0.6177767420137545,0
0.3446110343493736,0.8869276556814907,0.956947894560593,0.560076944262247,0.06579032275145769,0.23420604866644915,0.14116583472288663,0.7274099284138081,0.1593126936515162,0.35569369001410944,2
0.6063966305492926,0.026265686569009242,0.5897464896459554,0.5731979692806499,0.5730160662426671,0.13927668771577412,0.6962384812920175,0.6778134804145067,-0.020046234878967152,0.6179001732599027,2
0.5842730146737943,0.22220918268580797,0.9812085587140523,0.8791556455606301,0.7031181995810094,0.9497697399398136,0.6420490425256364,0.4814272741670675,0.6291620650448599,0.3542013962553776,1
0.8410836424569799,0.5176651584459478,0.2726560104992137,0.7643608564817136,0.758301894956871,0.7485930320245715,0.6685350665721893,0.12631541097465634,0.7413754236003367,0.9187425394425605,3
0.4789866290480621,0.4352095100926796,0.3034497472775033,0.37559266431128274,0.4292451839019032,-0.19336097948410538,0.5392711086661485,0.5192947888144515,0.434686855080098,0.3907822331137449,1
0.5499812085411351,1.0028210099114527,0.1489770309491711,0.6520980033812455,0.8556906710860229,0.1314445711097899,-0.058878628869136515,0.1306717525118137,0.4183448694901182,1.013230390334482,1
-0.15698508932356042,-0.05657697097047673,0.17103179806909524,0.8150539837961558,0.6481471258058769,0.6919688872060624,0.6980488837934019,0.32290325665818925,0.7146446055262312,0.7030947385578552,1
0.07895188121690166,0.38068717456868084,0.27833002612391117,0.13073901754197703,0.4774899033537058,0.25447281011168654,0.15424302121044794,0.2726254795552562,1.0022218438381196,0.7855392266540383,2
0.7147979661357247,0.9548733938541657,0.16190522143239988,0.27782393479685064,0.5711260533787057,-0.06575887043345335,0.21325798640908578,0.3611517026286045,0.662951491809131,-0.12983619873644736,2
0.8761315985498639,0.2135772838843098,0.2001662231345444,-0.0269883013863558,0.00610578670782555,-0.09204240571885103,0.6312414492011851,0.7375678081831457,0.05269151970435614,0.4907893814836312,1
0.2447189197787769,0.2901434454007421,0.5351271329072063,0.8877062716032053,-0.263099529466068,0.7250686573104232,0.20281970410496364,0.5003542928703661,0.2174207460356255,0.9457843810304746,3
0.8104840049048985,0.932644507734792,0.7982009635177245,0.07781167505209924,0.22701386153849198,0.48970427140207434,0.6389912721817002,0.7702727204918539,0.49777767320372857,1.0966711541061072,1
0.8982844530315633,0.49601952593502074,0.24533250236685722,0.870114613384884,0.20492720281304388,0.8162740687284153,0.7554158207958483,0.6382913760142359,1.0744128781051412,0.1653345186288573,2
0.5097790794393976,0.021870640473962005,0.12136010874345528,0.8687454541571439,0.5529009855556705,0.7337456770886674,0.8980195876115971,0.9582383307973457,0.35777017720374726,0.8833575518612138,1
0.0841187572681367,0.8560224102175771,0.39782941695003365,0.4470266155548804,0.5424150288714199,0.7146121534218769,0.9307564536038302,0.5524058140444164,0.46716029294655637,0.940914091742368,1
0.4319919798470832,0.35068514445097554,1.048074819511923,-0.13953763835288607,0.6660905619661563,0.4237448252961297,0.4948410224580274,1.1971110011934387,0.08088698146110371,0.9513205605887275,0
0.8779209078041598,0.6995247825762976,0.13804158795162738,0.787215716399548,0.3800842218109623,0.9607382562739266,0.7120363052742649,0.16805061273307476,0.8170556784070271,0.31252846653638755,1
0.7509691535359048,0.8870740112489757,0.5995602935213297,0.6908112407112459,0.12640534260891598,0.9072850953059809,0.06732116684596882,0.3357125239038911,0.0035256932266511387,0.8290284876297396,3
0.48080758765708975,0.3384508609435599,1.180149013915215,0.494047171220833,0.18192498977056526,0.857714728932398,0.4013384607607924,0.7120617069455647,1.0877358756985351,0.6331147984263944,1
0.32681119718680746,0.8914316490901731,0.957723962312133,0.6137476531117275,0.09245631401409832,0.20239817307947827,0.25410812914201475,0.8106080964197016,0.12059114297590218,0.2649413818180094,2
0.5049101693935899,0.5249101159642577,0.5119425413277311,0.5550859950610278,0.9288558711419646,0.7094945797123537,0.9220345739848417,0.23227512185368332,0.3491009012334245,0.3146181763536105,2
0.6236940387747026,0.5002589416927387,0.30057182247916236,0.9308733652437629,0.21378746129751203,0.24669184224996102,0.4758339697756482,0.6833939809307016,0.48274147820841656,0.023348615602535122,2
0.7820809484340746,0.15973817549966046,0.1577539029373455,0.4409861445448404,0.4807192616805291,0.1983711249417415,0.7454292978347555,0.9552426843818019,0.6955582664225369,0.7934861102411934,1
0.9993529618882033,0.04325153436051307,0.7827670600374118,0.57651483314934,-0.18819994332207068,-0.5083206361457663,-0.5042522533337719,0.6875171202411914,0.7345672019303954,0.42020295672638935,2
0.04297136370821435,0.1059825290041409,0.7639838882849789,0.28691862985938754,0.06295962086380488,0.27233610256397717,0.6395408972224779,0.414420334180099,0.33217228687664074,0.4714099786497199,1
-0.08175419189492328,0.22652638513868367,0.3509703632018123,0.7822070576751764,0.7006427491826847,0.7480649143815791,0.7501296428744467,0.30597521045982956,0.6856651975766859,0.6880571241575171,1
0.04530753154038469,0.9891837738199957,0.03447175661265394,0.2855000804710072,0.45586554311551303,0.8715206038200708,0.8545079856075636,0.3781169754044774,0.7928065961506938,0.9200861687242217,2
0.951987656648892,0.2577646651439158,0.4555109266389028,0.5868339953468099,0.441175485728952,0.8928368979809569,0.8276458879313249,0.5601921182256613,1.1184114107154268,0.3025953133263801,2
0.04374909841795438,0.11603565040024094,0.7714424242165668,0.31042623949315795,0.06186425336748767,0.27215486534847527,0.6396288535753478,0.4054307969046997,0.30697193041236753,0.45243407707156796,1
0.47309005389182723,0.08665101550293566,0.1906640057598284,0.8665959834606248,0.5051395337489181,0.7492513472244031,0.8570152438411827,0.9320619233058093,0.2666360997163277,0.932777747957373,1
0.12456975585544497,0.3469638824334476,0.2355599403354022,0.1185248964636375,0.45528002025570424,0.30251415852171076,0.11218301097579934,0.3184523025957163,0.9568669685161643,0.7541575756834964,2
0.40347104824223545,0.26611322493454614,0.958007324540294,0.8427687439930597,0.5432648851649075,0.7667127604113253,0.4211311317623668,0.34175739260882493,0.5588582385777418,0.412399703147856,1
0.8792358422799114,0.5705176394529874,0.32202909639754723,0.7318825031941449,0.7661275681116787,0.757356036814307,0.6596769318182301,0.07586875082304151,0.7453286517260029,0.903865967608539,3
0.07613542186818398,0.8378112792038159,0.3891643908244343,0.4584238681434014,0.528715270286627,0.7054232447287517,0.9401990581904376,0.5554563119361401,0.4494703301619033,0.9336974321391232,1
0.6201658517624281,0.30719364177447067,0.37011174587041323,0.9786067666539278,0.2634810982741834,0.34604440343867143,0.5506545134723458,0.7412217876958922,0.6216272336137723,0.21577948493431337,2
0.9012892333746261,0.4262157018708411,0.26938796723652453,0.7822443494525457,0.25395105016885944,0.8128865040784545,0.8956266081808988,0.3598517127877788,0.8511280286231977,0.2002646305248773,2
0.9083907661250636,0.5056576947098307,0.3617618873595068,0.7031066926753374,0.820092365665221,0.7645915137968132,0.7211401347999894,0.04958007064586892,0.7824344279403035,0.8642231309510253,3
0.3270895271450816,0.8623899895127133,0.8834227024181199,0.1419573961885492,0.9392263919282219,0.3759547775972819,0.750028026379892,0.7116670865637162,0.43456284334845025,0.7392733089684431,1
0.08603887346733524,0.2581505836164893,0.744585609530592,0.8907385746943082,0.31562015476116595,0.2257186335160674,0.6472877942682236,0.6480211986402562,0.4984126037363218,0.11545505013241206,0
0.4656634105843639,0.20065018241561858,0.3445156066035197,0.10615573331839631,0.831808710115751,0.1371090189514051,0.7312159610499427,0.59379880480445,0.45293680841472195,0.5890919394374167,1
-0.21668239267317685,0.9493566403278728,1.3734651026668403,-0.01622867569308685,1.1291802376972122,-0.21733086139454794,0.7233018225084982,0.5864044792046265,0.5893921514098213,1.36615436487837,0
0.3511945456664067,0.6457538802305869,-0.10636359080954426,-0.08144571995396888,0.0259231779996728,0.7807267426898229,0.7906172245527595,0.23358120273856917,0.9955041367054641,0.87831162918018,3
0.025637627326714804,0.24982034475636294,0.7095259065672772,0.03879240644724808,0.03787438242905296,0.26017263700941273,0.1362338441662953,0.8862684350452095,0.44737834140607863,0.30007091043670564,1
0.012216957757815533,0.8656433946299263,0.41365740111706134,0.46182402365060804,0.47170639854891244,0.801584766442507,0.9873967751420647,0.497654670826449,0.3849301055344775,0.9756141091799188,1
0.23291130641721675,0.7870973013065532,0.10666875777472097,0.5959978308416665,0.650937456113668,0.661022926081673,0.9988831618882856,0.3524799371439974,0.7890954751464998,0.879904245900266,2
0.9281123512935641,0.09741053047876828,0.6437523429480089,0.8568126633543551,0.5303756140199354,0.42841884526312946,0.5777587580786235,0.3361126098041129,0.11588624708005629,0.6003971288459462,2
0.17043021630584937,0.9392063715112805,0.09603420694043154,0.5063798292865139,0.698250178783903,0.7207142335924107,0.9787033391102281,0.18053229573000862,0.7168114430463173,0.7339744897085428,2
0.19517541689470647,0.008772831897641092,0.0807084919043808,0.032982933607531184,0.7191945000956037,0.2579103060978895,0.449158191453227,0.46691960497122265,0.2309280292865372,0.1758703981618755,2
1.1362506570123045,0.9317927231558343,-0.20152044778075806,-0.16278941655371093,0.4660688794274363,0.8536447321485029,0.3589279456154563,-0.014559438840356431,0.6088284701089308,0.09474825528174469,3
-0.01521741398818234,0.18085606732583742,0.44039545234587607,0.5949023411729139,0.44550797303188844,0.6297705210294691,0.5318688788878438,0.39312605894808184,0.8926233914533392,0.9187794600424368,0
0.0844472710882767,-0.0006488858833244571,0.8921825666112855,0.2964880607596595,-0.022766806151569438,0.112535920964281,0.7697240743020834,0.5051649561466576,0.15780826553780947,0.5360499250683999,1
0.923933215247408,0.29073885025735063,0.7525237264428644,0.7375976599114936,0.5733793886753566,0.0731794537166974,0.20359057033419953,0.5940351622874618,0.5120988238188972,0.46099057750520195,2
0.7650429923923887,0.7062364271599384,0.6978928423989673,0.46960268576566827,0.5232951121399605,0.6205320110942604,0.9106293319397323,0.08380931707014248,0.2428080613631537,0.18503610813284985,3
-0.13539313176261975,0.8275828573784422,-0.04609836039507541,-0.0020687939312491847,0.29069112649581563,1.049235902269763,0.8076610615905689,0.5286695006267546,0.615106178550284,0.7313920766496115,3
0.1710040586841682,0.025733321026633598,-0.0013601380325132112,0.0696065090611073,0.7080951469957898,0.2094533087053915,0.5232839225780117,0.5356326795307459,0.2108516882275493,0.11120294342434135,2
0.28715988970953465,0.43375794120067557,0.9696568971312044,0.6492102452951066,0.40421629573770085,0.7426532199289895,0.1912613559896776,0.6469828337188491,0.917440126684099,0.4067704190669747,1
0.28917545971970476,0.6367871553299373,0.00308648469279534,0.03990008731797924,0.08871411318668049,0.789046622960531,0.7343318645603945,0.2348113960918097,0.9898117966482508,0.9022509141097367,3
0.4794411809163942,0.06652209201928118,0.12083494467050339,0.8593652554142358,0.5456787142617179,0.712944841139816,0.907321677734076,0.9818929474594699,0.36692430872911175,0.8938155494584156,1
0.18849065975084897,0.04385616835695069,0.034162757634998944,-0.059959436437005215,0.6943538813544959,0.30199940655575724,0.4098917551406635,0.47828990061815374,0.1571672560582102,0.15079624189261293,2
-0.06833448775620381,0.3810879470103852,0.39437386098980315,0.6594113765689058,0.5653153170248695,0.4624514182243382,0.3977920468812063,0.9103363840878725,0.3900215423939043,0.18760082479510248,0
1.0156369508202243,0.1630261767676805,0.2463280223847704,0.3071001099265187,0.1575675605014191,0.19925956056307928,0.5852121358850598,0.6033382482175688,0.12967171441763237,0.4823176053469636,1
0.4417506440672966,0.19775839181756122,0.38141718304892025,0.9822428377445559,0.2542002879492724,0.29122425880809566,0.330266672210064,0.6338026042694476,0.7674657064688624,0.17670484836332706,2
0.3594533740901105,0.3232886652474257,0.5418934634195416,0.7939077530136772,0.8434532239237806,0.42914475919649536,1.0538656206718706,0.9319402584674112,0.5350105533725178,0.20985174778437402,0
0.9414150066054869,0.5886643331234789,0.2540595562714618,0.7929834031898751,0.7906187184488478,0.7061570693300101,0.6732776300914867,0.11281836632333475,0.7804588325954109,0.9246332399637128,3
0.229100742108411,0.8957169895775836,0.0612144988620207,0.45220151568744865,0.620426894814707,0.7527163685423832,0.947541105612532,0.21397945843532917,0.7198659426849267,0.7668408970289231,2
0.10489766294581257,0.5790271956599321,0.5036216364072356,0.057783641496647914,0.9734447310527775,0.7066517834312371,0.5130290723888071,0.5445496118372762,0.4135231943919916,0.04945968254894749,3
0.6483653297813602,0.253117073099212,0.24905588507355172,0.2631300544932731,0.6314095016957053,0.059131811968417575,0.6442225568634901,0.8014445329201192,0.6516480684706237,0.633956968366609,1
0.6123510169872834,0.8301657579032504,0.12105584332308506,0.14674467444579042,0.7691639501668095,0.06512325405725512,0.2895268674023924,0.4141091824081023,0.5839991565836969,0.04347833010396379,2
0.8058574281755079,-0.037622347908822185,0.24360052447185113,0.31153125902920653,0.37244808313887423,0.05732966441139045,0.3992221653316525,0.7283761617518366,0.5807529795741995,0.5618375083106879,1
0.5865652963583042,0.8716629108817601,0.16416565660458907,0.11545197709357286,0.7760514373006959,0.05690159344163823,0.2540634616480636,0.37381966854866766,0.5878576435588657,0.003234991409671083,2
0.5811151111660433,0.880772489846156,0.17205518542242731,0.1198471243941411,0.7703923662311746,0.044701749079953654,0.2648483226113546,0.3786736711937018,0.5737132833701594,-0.003978080406500238,2
0.2380621214897898,0.2885920200712231,0.1058828264778166,0.6837322334747559,0.31357282149762455,0.9822242450127682,0.6701809283708489,0.9008055218482133,-0.09012720137187841,0.41468572316017005,0
0.9605493822043798,0.11146797150943205,0.2770470429785019,-0.10543246486120861,-0.2931688725808634,0.864391596609213,0.386306177377438,0.888238576852356,0.5720945263050283,0.9382617729964355,1
0.8130984652377341,0.3828081988487195,0.49394960636181756,0.941282915415056,0.6099970094376093,1.2173130496204991,0.34991649214496645,0.5978057802337382,1.0806912102984758,-0.32083023992570797,0
0.6151971613750572,0.3563655484610546,0.1965599887459492,0.9033885238047281,0.1215627099709596,0.36996057235170293,0.3869595001141321,0.7042704775278008,0.6120112668481851,0.2739417866428584,2
0.2394641222706567,0.781986509978781,-0.11877298744741083,0.9408838350648747,0.023704086359502413,0.3501590310159251,0.22338977414059047,-0.05127658679327224,0.668019306660202,0.34395132034782094,2
0.058437345261924026,0.44645340612232753,0.5131551831701212,0.7753126761962007,0.4083943504608286,0.5507982644019158,0.5501798459056231,0.828312603240392,0.36854600171608776,0.1427953837918486,0
0.5966652736438343,0.6850999630747661,0.7546013957166997,0.4260098549761627,0.5264259743286672,0.7759476058690885,0.899058234089186,-0.038223616410253264,0.21883962457864226,0.41300499316790235,3
0.7430710970419463,0.3536265696143496,0.8262937445181626,0.7291947142078451,0.5112864835828549,0.6536451101672465,0.05051378338924914,0.7482012345161889,0.8804497588825316,0.4591696299968868,3
0.9541280786147774,0.6785002879914727,0.6916759279849806,0.2884132323351425,0.10786586786371699,0.8364440613399325,0.8833642833584539,0.7178539758917445,0.35224090698086974,0.8154205123222191,1
0.00971421482791604,0.8001624807067149,0.2201863512563951,0.541083245878097,0.9104115175325056,0.5164069647007853,0.9093298610001517,0.653028404323176,0.5818825640095757,0.1361668158949837,3
0.05586487491885245,0.22449679037124254,0.351128462845837,0.6065206389756916,0.5479348955100735,0.8928996000450309,0.83950095778299,0.24331690185446392,0.5699568556061099,0.4900151068491059,1
0.8085038204025209,0.8473262263985908,0.198440314382134,0.21000008945630116,0.6922729691544874,0.4076664504196855,0.0012158560076873104,0.3662438534048622,0.17916839896040065,0.1908788416571809,2
0.10787086011018773,0.10201925647603635,0.29610305084953664,0.7089127081911872,0.5227744206371909,0.5705649197029282,0.6008572066896101,0.42564883225677164,0.9515014765939063,0.7703027873548416,0
1.0385506870495065,-0.34450530380321565,0.8070215636202551,0.7972564399596056,-0.024399035117564583,0.5887215981137746,0.43251083303012894,-0.1632855752524104,0.5570238334504396,0.845242170978187,2
0.5287144569017268,0.10117970468413295,0.5845153810913832,0.5194690616579649,0.520127819612981,-0.029852260132363112,0.5575041546531252,0.6767914307666767,-0.04322961044156401,0.7407485931754968,2
0.1814162800654044,-0.043007837373019296,-0.01654336715148433,0.09556243376201308,0.6815887490369115,0.26758703333355854,0.459316664932961,0.3913771399859257,0.2138603573672737,0.10778919280122712,2
0.15972958490026096,0.31871849694718246,0.20664522633404364,0.8838945839663488,0.19299923787095136,0.759149927880772,0.6070298667404563,0.587293844155905,0.058076916083896764,0.9449295739659669,0
0.9211101336994602,0.30712586187870045,0.5663316056694393,0.527211556790258,0.7278598632706653,0.2713161455128748,0.6236928917402931,0.43194133574106675,0.09218590680829702,0.3322220568182841,2
0.011041646817780679,0.07042801455056134,0.2997797930742909,0.5801998509339849,0.5258768785782993,0.8665454090824356,0.9637943430804519,0.3650877122606863,0.7897929309607477,0.38231115285687667,1
0.32095525212719567,0.8772790294989213,0.7795723760333888,-0.2640022773939565,0.807133691166034,0.515904621707957,0.6012330671506007,0.6107617723642295,-0.04585416313337076,0.6477790694790573,0
0.6562056301230538,0.30280904717177304,0.5733975752227103,0.26767777710426416,0.721093779733229,0.5261348184106301,0.6514225484979611,0.4637452400123171,0.2124555364668873,0.17705394013824283,2
0.9431978684860487,0.5829009615391713,0.774370659524498,0.07640964971626789,0.5542378779778774,0.6281415356136224,0.3803285604458684,0.18873726290785528,0.8133584847867736,0.9712839324509752,3
0.6625040194921153,-0.061713154572181794,0.5673569578892532,0.7314356858087626,-0.17254911833332737,0.06390277024231589,0.12307919873489592,0.34642181066068134,0.3807127983660043,0.4496918929953076,2
0.8894569712138781,0.5525704522909318,0.31694319819582534,0.7214579198891786,0.7885885472003361,0.7606395161461614,0.6664654407038412,0.12382257689918975,0.7865895957408844,0.9226906878746982,3
0.5011331314693015,0.8289267059167336,0.09312825660909654,0.19475603449178497,0.885326583980864,0.29482264415834475,0.20424618133037004,0.37519157868049713,0.2968991849260746,0.38471595244726237,2
0.29004955886232964,0.417060691273019,0.9660863753662989,0.6098233347432377,0.4000407223897096,0.7469960686091693,0.1770788405339989,0.6694083789335069,0.9424694669382226,0.42715073739618803,1
1.36256672612614,1.1490170503979602,0.8484915271771162,0.07399861838431848,0.08145583024274465,0.22296202003437315,0.8771135795230799,0.4218758075006821,0.09114725669970619,0.31199931440991024,1
0.2810201963259179,0.2754186270857677,0.024993796439468308,-0.013807357899371653,0.8247202914706203,0.3128873482794766,0.5772352241842349,0.30776800436691176,1.131153278645451,0.2855940252485796,1
0.4120885271779099,0.7051250910871026,-0.15507240688632745,0.1905152005911021,0.04335217478190957,0.6096030959700802,0.7372508332040358,0.17952435878267925,1.105114824248865,0.9060786711148342,3
0.8597404440976085,0.5551677618307032,0.28809724041241497,0.7429598333368458,0.8047939754197642,0.7043817538880766,0.7044587876750158,0.11483772264398492,0.7821963101157765,0.9204400214283215,3
0.0973358351130278,0.7500497803857342,0.28333862234916196,0.5421767779833191,0.3869001326493534,0.6809085937540819,0.963015345688678,0.42196600023690434,0.3613559176853976,0.8585855837773824,1
0.5170509918780438,0.8209548836045026,0.3177604502807019,0.5209372413222301,0.7913751249207422,0.16242444678751022,0.02009756872120471,0.21426207605936684,0.5394641321394841,0.9202716002268234,1
0.8658307715186929,0.7016054604640721,0.12677408980441943,0.7890546360419937,0.38183800966435255,0.9573678152503106,0.7198123719167356,0.16802500103543808,0.8254485622398124,0.31948955121354883,1
0.16705203153963422,0.781498721828734,0.3313484630668024,0.4406015180217088,0.5420166823594237,0.7928751765970272,0.9331264476789785,0.5844265975213763,0.4509427859717322,0.9392310962823166,1
0.9077400958247752,0.6035259504819589,0.6531723406999314,0.3152503113399015,0.04941987254379264,0.8361502746986804,0.9750540157487394,0.7963521513784129,0.4106215493869332,0.8651179463005859,1
0.5667525380071663,1.2861685198913364,0.7007154962544615,0.6127304979391909,-0.08813993040737458,1.131349722651292,-0.0814749255029798,0.3789400773015501,0.6598575483195682,0.39102850945651796,3
0.06658703788443887,0.6314705211693649,-0.3305292701519436,-0.1963495633979764,0.40777363496117,1.0512118753119082,1.1321285693815994,-0.03346278395960611,1.4756802142853507,1.061927117561933,3
-0.04274435881705517,0.797714451296096,0.3734498626153359,0.5212314841452981,0.9953955338524851,0.5521591380881677,0.8446699712510785,0.6836251223959043,0.5562564434454781,0.06597836627182907,3
0.22939989671535402,0.42108200226527276,0.3883795006524565,-0.0833305520856219,1.0873529449486623,0.7157471759481717,0.8046761576562556,0.3573860037061111,0.26152336018195466,0.3549126720891213,3
0.6471077919947584,0.2913908249053328,1.052723877560948,0.573650421945793,0.5031240802448256,0.7600967987893811,0.5266828000734283,0.3372331073464899,0.513972237997521,0.13853328511867624,1
0.5893358932844255,0.06069515112342696,0.06339617483107879,0.7968034196627494,0.49922519369768364,0.7127264784527875,0.8286772634429227,0.9403419642221743,0.29675640010769666,0.93988419189178,1
0.5940155526189965,0.8592088471852328,0.17405123617461699,0.12310567869550806,0.7984987632718675,0.08038647149962988,0.2810830321687662,0.39512658931971323,0.5994966141203548,0.003264197211162506,2
0.5211481959447584,0.07007141020433638,0.10441572562348644,1.0095349786321148,0.29508891222359535,0.47613424740053945,0.45385458495097286,0.6513688025991905,0.9242744634877835,0.012104610407819016,2
-0.020768915551809708,0.14615741410346184,0.2635342086261895,0.6429372671230607,0.38586515146708367,0.8705725013808313,0.8772998392208294,0.4426188001932752,0.6724774869392108,0.4399329724494719,1
0.4970014770471376,0.0751377847083829,0.9905584613271232,0.6062198457538575,1.1674820263408596,0.9901081979280617,0.23610286315740592,-0.1946898101924398,-0.2981512385784266,-0.33171654589837185,2
0.8085943681100074,0.27965339352553187,0.4959200160012328,1.1287808798274388,0.09115473603323664,0.13644492826677998,0.3123054850056658,0.6630402460765014,0.44869888745513764,0.15178178875621257,2
0.6348246007325952,0.7083052872014074,0.7705604809909865,0.4690391275350346,0.6092714950742635,0.6461987686703239,0.8531547566183317,0.045601420348785573,0.16686747644675526,0.32240295051182893,3
0.6488805584513215,0.5768545745659597,0.7174614876955128,0.361099876949755,0.7109662425620715,0.7692213509624202,0.9412040162957888,0.06413660069349668,0.08320151650561426,0.22148375065000336,3
0.1561139149727383,0.8886415190641028,1.0408522797668711,0.8243212319178777,0.3071663846352576,0.8522399523636457,-0.22339374858080552,1.0046445331715232,0.4750519520476042,0.18072455091222783,0
1.4572861488189068,0.4610728362228226,1.5203221562261917,1.2191556029279098,0.14590638644758525,0.3113131985285851,1.2130716403965802,0.5807632320934817,-0.19689415744665173,1.0728242400442545,2
0.27797729025100093,0.46930596676282127,1.109356515261763,0.6870101082329592,0.4652756046440669,0.6123249608736907,0.06581924809014461,0.5827707412596326,0.9770765585358153,0.41130287607760224,1
0.3138782875196819,-0.5134165206564477,0.9418665364764659,-0.5100300547255822,0.9463269533861131,0.7692644146079469,0.6084192075152935,1.5232185195390195,0.4781536985986004,1.3315896361761697,1
0.664767160849273,0.17007056598235643,0.3287223024128786,0.20710151540829008,0.601556980290736,0.032195616002714006,0.5218229125248753,0.8457364004783838,0.6670586417791496,0.6110608758326027,1
0.004065301123733905,0.615909935177289,0.08332303507734905,0.9267674637062693,0.0874723198173656,0.6017186284005313,0.36747534000499504,0.1904186178428986,-0.19504579614051942,1.082159046793372,0
0.5019002646410556,0.5121016137602262,0.049647332994399634,1.1322242485358638,0.047659392040509924,0.2980751456992006,0.5970685354941265,0.5447573976078297,0.8601271772301682,0.31455214691374755,2
0.03477033597811056,0.1542468190672844,0.322469079521434,0.6948471414330573,0.4450175332951837,0.8289920606201437,0.8370169957712804,0.3646358573998626,0.6777531039708552,0.5079847443030651,1
0.3357657138646124,-0.014234481617110523,0.32920066468061304,0.4870243241660792,0.295171353944099,0.7530898030448807,0.6316959267558971,0.6146283692279175,0.8880825440334038,0.9952778571699429,0
1.6477965474776273,-0.1882268164736245,0.1948075520558501,0.7939384957927424,-0.23952407412495302,0.5805110891111963,-0.42325279795541415,-0.3205719356525991,-0.5718866072411707,0.3741235662326657,2
0.8233255313578622,0.7926856949188248,0.05712642949310989,0.8137787969385442,0.7033670445404618,1.0019839621006963,0.5733068142388441,0.6321685494815756,-0.008511008763702532,0.1875367035679996,1
0.6337800496378672,0.23688086854637694,0.23195913425788214,0.2619370730319237,0.6154020495473357,0.029455271856864133,0.5868711536614106,0.7643080067318216,0.5972863876345459,0.635507056940869,1
0.5972353307301509,0.45302745883216655,0.92966997579576,0.6350840373577794,0.4455878587166652,0.7625486911914017,0.528992924788172,0.2516454854479094,0.6094821617079709,0.30361126965113144,1
0.8813737800030755,0.555799007757789,0.7172866974548723,0.10013904235853087,0.5070352889470943,0.5682994938341328,0.41099911775196424,0.17075484629089643,0.7440144640901705,0.9812098536877798,3
0.8108661605837009,-0.0721319701392458,-0.6359044271740596,0.6508337799965366,-0.41613883559931963,0.8816309610681774,0.9576121661141621,-0.09731289354936912,0.40361343456698995,0.29619401900954523,0
0.18801676031613118,0.007093561046470798,-0.4767707876736661,0.20360555273991388,0.7711669403953847,0.42850397515792354,1.473859998452424,0.9433589460472407,0.09958542606309939,0.6837253525117761,1
0.029962629291902215,0.6004161291454118,0.3782659619849231,0.9989617412088544,0.3537354684608808,0.519826869647466,0.38961097143037376,1.0706391851241956,0.1311842685892578,0.301631044639339,0
0.15612387708009154,-0.9030052351480438,-0.0757699797666668,-0.9701225151498244,0.6965077703342998,-0.551917068594522,0.3755784584001914,-0.11591779638664568,0.2200676784117259,-0.8445826862110132,2
0.6478188349111698,0.8385953283261782,0.26114302797519917,0.3947149041903896,0.7959626324796336,0.023404967727778087,-0.02056277218790028,0.22135135514277537,0.7226724305571346,0.8860064912944086,1
0.5716581452307783,1.0758106641071077,0.33063757137612093,-0.007730350719795331,0.7378212474626678,0.11536908539759193,0.3781055692508843,0.5267413896073231,0.7935441143193406,0.16018496387912715,2
0.36985855325846423,0.43069622551516845,1.0270335740434422,0.664604345771679,0.3552985276303515,0.7802707548179585,0.22651981980651525,0.7055484798076886,0.9048072659411078,0.452067046251015,1
0.9612785444533116,0.612547554170597,0.3775131673574792,0.6551877877351743,0.7620691052697313,0.8075338593339012,0.7701592922870621,0.07517591215935143,0.8563446869151816,0.8636246565107522,3
0.4656664961972548,0.770474452911218,0.20354157475437962,0.5440360344090683,0.7749841734613319,0.10968927018608265,0.0035813789318103403,0.2346580598896039,0.5026883516187518,0.8554337971734713,1
0.6495414553198292,0.979151434401353,0.06572234319387285,0.13593458153651117,0.39376320379109847,0.32636825906349143,0.21323423358099622,0.4302369534638767,0.1857327032191068,0.9445051691487028,1
0.615560287808082,0.7595107500440337,0.2482653273932479,0.2786921338738655,0.9622165195840844,0.11133501099071554,0.3466538523359898,0.4745973490778298,0.5411659635377841,-0.0858905129899753,2
0.5704876993918384,0.008285299997045026,0.11103269562601552,0.9338692292617339,0.6153381628259493,0.7829206416059767,0.8066425597064761,1.0066729860461952,0.3727530990650493,0.8488652460738513,1
0.025489460601704976,0.2414414792542592,0.6947863288185918,0.01888504142391371,0.050248749247821634,0.2760400073096815,0.12736974693554648,0.8606059874809587,0.47470181856274934,0.28651782638843415,1
0.04111850514352173,0.8981176947117201,0.4737586380618392,0.5357224187580826,0.5091983743269214,0.7768953510137523,1.01354565058944,0.54178825461959,0.4638461409143541,0.8937153811911676,1
0.5624130941842572,0.27899364964448947,0.15742534590714916,0.9361448282423532,0.35548943415311757,0.23952921408835606,0.4048002127532524,0.6483271493926778,0.7644532231455232,0.026051944336164395,2
0.6554086729988344,0.4480283723524299,0.7233153308353961,0.42928978950656627,0.741705848345074,0.5852086814642511,0.7138282791786994,0.44839917472656654,0.029150336867105886,0.23187042708141123,2
0.6562665281194523,0.6580315647410625,0.693345915852928,-0.139353813034636,0.6754643997165622,0.8280750250477815,0.29051618375360766,0.7275573765724479,-0.01570505596272631,1.0498766418147536,3
0.815985453172387,0.26613989904057805,0.5421410905734079,0.5288565849683524,0.3648597654845995,0.23623004760757219,0.0728227226435296,0.3932151956896972,0.3808164877574955,0.6237318826068217,2
0.6929272951158348,0.9216709448456438,0.057079257331387266,0.8239064854562722,0.6626954678411802,0.9811364593433741,0.5560494386167931,0.5400687690307906,0.12407787478549477,0.2790310140596012,1
1.0261789040834013,0.8900822768235288,0.34177019220741167,0.509846998604836,0.5124402852541696,0.4226828665832692,0.37420344871657757,0.8224847249481617,0.8986205009287754,0.27543173082201555,2
0.7111621744446093,0.3903478567979018,0.8966051052278244,0.6535333893997962,0.5303331632528202,0.25337885060964804,-0.34039383880205104,0.8405979707329286,0.23399920693640702,0.21810722365053054,2
0.09714641505633699,0.7988744966630621,0.24904872320724217,0.5114237911834699,0.8814686807397661,0.5642820626493581,0.8700883310241515,0.615306746949694,0.6684535066135272,0.0680660377842615,3
0.4650876530255167,0.5848671188191192,-0.24005753137950536,0.8106122138327632,-0.2701165485294125,0.9994462597310199,-0.3518585761955074,0.3452163207277616,0.7124387034785612,0.5549380251965336,3
0.4471088036058031,0.7785556216107331,-0.04769793090569749,-0.05493194314699085,0.9316552324987359,0.03125256740032578,0.11188433728620434,0.5152819127432304,0.8673660270315957,0.30681940354205206,2
0.7715345944935005,0.28610683904839995,0.5891358642972199,0.6090113415410378,0.31505280429301363,0.12445051487206062,0.1765944872202514,0.4262767013712059,0.3188857324504372,0.5294109619079191,2
0.29353547089263743,0.11961342907027493,0.07484081840797463,-0.008676573420277424,0.7192185856884075,0.167254367513696,0.3604625900964089,0.4759880448676616,0.14282536422776532,0.03952428326317747,2
0.5031052990935061,0.043557346754089676,0.16160806092917235,0.8790966205905045,0.5215197498332074,0.7118971502368917,0.8633524660324706,1.0119508646553121,0.34074076415792093,0.8702231249881855,1
0.6817606805644408,0.7780848832363051,0.3334943368987204,0.21724221501680976,0.7445615936994545,0.37545470408868076,0.0054466745300744,0.4621050956374248,-0.037178007933281645,0.3290723209052552,2
0.5456890372018872,-0.05981722778623609,0.42449010857114167,0.39792598898882975,0.5443262954470198,0.19146267310515347,0.6193582079461256,0.5990434258885964,-0.0806348399528237,0.6605342521820668,2
0.7036873184783439,0.3679146618748477,0.1274721179710369,0.07628386698837591,-0.2190233195504938,1.2457035228212097,1.3666962924163015,0.8673667369790108,0.7181365961009787,1.3053490466503592,3
0.2987366056484181,0.6978732088059328,0.2627093831164773,0.29398170689761693,0.19312414504798886,1.0316790030213185,0.8154668220758453,-0.0303935758108963,1.2275280167608205,1.1289135191760187,3
0.649711427772917,0.7441445308539337,0.2973340211802671,0.2665077225738789,0.7258240718620722,0.43538836605946474,0.14987416969360481,0.4202128867949741,0.031396004986831934,0.33555696071830576,2
0.9599416089435001,0.5224730777874153,0.2689476822429968,0.8126862596084734,0.3443508257397401,0.7190713324216498,0.8980066087274392,0.5018961399350286,1.0101411682256882,0.30072403616077886,2
0.35415248061194254,0.2572620719360321,1.210533785859989,0.3492030243316372,0.34964644270303585,0.536333284300951,0.11200125142699238,0.4311169049228431,0.941604417291914,0.7115518411181997,1
0.8234204355755009,0.3056385936001559,0.5798161238976481,0.044454683128523104,-0.03036999287000105,-0.08561058564079951,0.3899045195040457,0.7878065890385402,-0.11694673521256141,0.650000886076277,1
0.4012467077883033,0.22228629776460374,0.17161112346677743,0.9053117686559395,0.253953547566767,0.22468103412640197,0.5033948082653599,0.7272236229597041,0.7086147101106655,0.14582867800342056,2
0.7079434460710796,0.8749193907228071,0.2394300312053542,0.22057494488957588,0.8231192137832724,0.39091532932414136,0.12591005952720086,0.3540357399868568,0.005626815552289312,0.36442711660666227,2
0.6491493594900074,0.7387644621450388,0.7527685003745226,0.4296312584892908,0.682584225310241,0.5511823475185417,0.9331380428293844,0.057076542616617015,0.2523493692848623,0.39099708671068617,3
0.5238323250737,0.48322303762447066,0.9868430235560885,0.8064402289010197,0.5230780312328395,0.7070277544123725,0.3962883677639066,0.4552628190038501,0.6686353409698311,0.3145105268525024,1
0.06449425302810524,0.17649555571203832,0.33936679628100747,0.7152369060634455,0.46049636702071717,0.8285407727859457,0.863448353631667,0.36336268732992066,0.6832993858806599,0.49184397660073725,1
0.9071918717515949,-0.4964436685480256,-0.2930199262553633,-0.15347484365246233,-0.01565609547157167,0.04558631439652976,1.1131336713295563,0.7757417419904633,0.43208159334513274,0.28223497136382975,1
0.5620994459407528,0.6192668910043219,0.5899381139226082,0.37720945444668275,0.45933182750113033,0.6749436157412544,0.6865805320596094,0.09106888376049994,0.012403455414153414,0.18230736729322916,3
0.48223536383303267,0.7779723358344371,0.27367112729568466,0.5301214322385783,0.7808147361874886,0.16256655540748674,0.016777267626578163,0.2537437081050992,0.5356080100265129,0.9188220622530273,1
0.11643306626269657,0.8223691398473811,0.4162571090481307,0.43529766234884526,0.5319377109169421,0.7155661948154292,0.9598995631607863,0.5607420160507074,0.4560714436712934,0.9482477907252388,1
0.6381078714793298,0.7596563033974103,0.26588528973357445,0.23987066072923913,0.7956465923313789,0.43154012555645554,0.11807905420214461,0.4485475918770987,0.0537195003162781,0.32250334571830913,2
0.6136915964044588,0.34282413018857244,-0.027963074096622492,0.428223152005982,0.12515953472220265,0.06156655159264146,0.2767952725830445,0.15662385116829738,0.8818498548974487,1.0589682101975746,2
0.6292005790920844,0.24160513874462536,0.2351149408038848,0.26355113182336787,0.6105242776641776,0.028520698597659815,0.5824427748301544,0.7671169433325772,0.6005817063653798,0.6326146853756717,1
0.6408973888874394,0.7966892478318173,0.8757142706497808,0.5202514824141287,0.7052845974923174,0.6094216037605442,0.7428548950538746,0.2291648053422237,0.2801660350544565,0.2944230341282011,3
0.5209124813790945,0.9039192963954941,0.5332936112802187,0.5856058017938908,-0.07759906959627505,0.4313335274519869,-0.03850770384781932,0.7180251766969314,0.7036848785538772,0.2744773343277287,0
0.07944689359723234,0.9929717889308186,0.6360845954023333,0.26925231743291306,0.26600632517350586,0.4740024521182542,0.33831253805905426,0.5350963646910585,0.15204489251443024,1.0384788833897185,0
0.1510934373208203,0.8327246253696143,-0.11762597995138158,0.44580086185199713,0.8501214937216127,0.6966883720586443,1.1472931653232832,0.42879302408909753,0.5302604826342331,0.8791115079617188,2
0.963439628613463,0.5965309106202817,0.7772386396700178,0.06931362712173231,0.5179285577677013,0.6465401710416181,0.3959544819053937,0.19867499612134418,0.7977203017258028,0.9516661127446074,3
0.10493707292245068,0.19873321901262728,0.17636171447380425,-0.20404025646433738,0.5054320864359432,0.26773153015671286,0.5253384384006657,0.7502679112619604,0.027446062548036804,-0.029200109863332546,2
0.5190170534300719,0.8174665848434514,0.02590701960232833,0.3721323811404403,0.5773055235496509,0.37426952705069394,0.34495558257961645,0.1795607273167492,0.1896973127269608,0.20489830455213107,2
-0.024065926260690068,0.11776988931620677,0.22692844787299538,0.8145667112419515,0.4702907802062849,0.8397363796210697,0.9424726000071572,0.3803160523695363,0.7390093287688273,0.5925389261971774,1
0.7259514398103374,-0.011773428580114292,0.16953582756053256,0.02186677015072115,-0.014555612979129218,0.29779223536699,0.8508517866968126,1.1247420039488492,0.24569677358386532,0.6413679704049123,1
1.2757404453458379,0.4898090274497161,0.1105905542852469,0.7855572161136601,0.5764199521301339,0.04242042746984809,-0.24915050518403636,0.9380500813876419,-0.027716361579984472,0.41594807434295406,0
0.33679189108527924,0.8917069996073456,0.9879766231460404,0.5953667207732555,0.047779812241557085,0.2570209708780248,0.24928982513537856,0.7807286460834441,0.10778535110572533,0.29572836226781546,2
0.24260104728810372,0.369508836892707,0.41480631254169636,-0.05009269863430027,0.6261777990511004,0.21711464272012332,-0.03279278211791678,0.3879374821317959,0.9770049410084853,0.7129022578828599,2
-0.09973966698804126,0.9198121839307225,0.8476661702152593,-0.023755361578202683,-0.41920237330150656,0.5901953917590778,0.1322251105878422,0.496443339079082,0.27719384320399165,0.5569660630163944,3
0.07417668289925579,0.34550619494551504,0.22418412614934624,0.09634881550771004,0.42799650202680434,0.2531800007110291,0.10068324251071922,0.3046939469072726,0.9046806388868956,0.7092769339685437,2
0.9584861170545158,0.5855925045231575,0.7733188369930263,0.09609057535287154,0.522606033020976,0.5973465548248144,0.4028186440614273,0.18652951253561134,0.8364475101890028,0.9552965599488482,3
-0.31725008850691633,0.4825036959809703,0.325924302908146,-0.4408134609800209,1.0232150355948222,0.5920236797810485,0.42711730777033496,1.0146702616508636,0.22528605970955004,-0.17125952426955893,3
0.11910362743683445,-0.21179969006432608,0.2920771695721265,0.47934999136605705,1.086842456494548,0.07949476327732685,0.656665191163638,1.1840259874192698,-0.08564732302593092,-0.0001593674824917901,1
0.8300071843420308,0.6763863822174571,0.18791616066468242,0.7710154757029917,0.8843099116900668,0.7416827948071084,0.5568148312036161,0.12252510641766186,0.787654993041195,1.067527260271718,3
0.8413088119853194,0.5882556251100117,0.3401722420588376,0.705136769863706,0.7954332205589888,0.7601582854154623,0.6456369303852054,0.10057845789164474,0.7628381341149651,0.8957858275008134,3
0.03291301473630997,0.1381677400440846,0.7630258742123863,0.28779380395137805,0.07806649216241554,0.27978703092828394,0.6507817362223484,0.41678682047301907,0.3219718468921395,0.45707834767328986,1
0.9542317341107577,0.5808862869252718,0.7579499197830959,0.08415091376629814,0.5580804109753589,0.6432301237085556,0.3695459690699463,0.17639944137191854,0.799344613694902,0.9845104211876801,3
0.4341687905397501,0.5695506173528266,1.043430452576472,0.6073357017890201,0.3488750134116652,0.8234651873230376,0.1768367876709101,0.5494278914155533,0.9924325233967788,0.49008191628764297,1
0.23427382963442686,0.9095136307921142,0.06880702542148505,0.4688542369276547,0.6341743385092733,0.7685409452574998,0.9695221667773356,0.2101158846607905,0.722616792242627,0.7528937458824851,2
1.0812249898065804,0.1678322015096105,0.15399452479923578,0.13670947294083446,-0.30977509278701004,0.31733343288680876,0.3700259956422276,0.7247999254121519,-0.06172338490490954,0.5741932466143437,1
-0.008770943323675222,0.7359576296403221,0.44040533668052095,0.3450586724374185,0.9901727301949559,0.7802336912981616,1.0902605688949014,0.6358257118048184,0.696346698981225,0.19621842267420053,3
0.6364243012920002,0.8304521993036953,0.49495630130547447,0.601186742489193,0.8546342149520271,0.7671850642322113,0.47853496094407283,-0.02920990052607031,0.18637887791969326,0.006985013589039593,3
0.2359731425188549,0.31420486727331076,0.032162053613624834,0.8792553823982435,-0.01825422694085124,0.6134214797175236,0.5965165704386224,0.8114461596646239,0.6987513645891881,-0.03440973572326832,0
0.0002534170568951888,0.24565732901536078,0.22090445865331707,0.5539982928641164,0.5927611790978765,0.4564098057472815,0.7371225401055641,0.4702214488612524,1.0084345389193228,0.7553884396940388,0
0.5797968111390003,0.2850532118290805,0.2888102546855538,0.9399711111238047,0.18142446210936028,0.42140215916247814,0.4604896061087539,0.6559786258234487,0.7156459105785362,0.19297917343562526,2
1.487583228982106,0.7087780414509846,0.14983749064986174,0.6173964401326222,0.7934360175478797,1.218342747842521,1.3113912558640606,1.0464995601981726,0.7453068182525092,0.5373911903088895,2
0.4433503538640437,0.6061297150243384,0.8192755840199436,0.4932992083296756,0.277966133262887,0.5491597265236056,0.10852009817119349,0.814741685923105,0.6066022945399131,0.13290890903279423,0
0.5680748741510746,0.39598892540453584,0.0009341439864876816,0.3840097447459836,0.07764548124133036,0.34363724059133255,0.4104131180725022,0.3003770762059056,0.9563080735521032,0.9438497952761186,2
0.286572910962302,0.7293431531425357,0.1919047328831947,0.12975897026590283,0.08776710073621133,0.7137323984172377,0.8743985340324637,0.07560119192020603,0.8938139587123966,0.9752021947465352,3
0.6220677676979529,-0.06161460497508886,-0.3292284055760818,0.7272332668051925,-0.19128380122898841,0.8080086888687686,-0.19299584183507157,0.13899218836124766,1.3312391513226993,0.8393673846049907,2
0.8757130546573375,0.44253992346206966,0.2901655517509082,0.8342305825384806,0.23572506187645928,0.6796238289054768,0.9276753334560209,0.4363354288424554,1.0074518493152318,0.2800905219393089,2
0.814061171158582,0.530910112869654,0.29093530695442715,0.7442834421446385,0.8444267151130842,0.7358748779785625,0.6609209285703874,0.16851338928279005,0.7919603377004604,0.9542746241358464,3
0.03400095432961034,0.5668394175140573,0.9027458956180607,0.2835392293921103,0.3246302850296138,0.3533597355171551,0.15910674713868278,0.8890660853815431,0.35187470285503963,1.250616389677717,0
0.03019217716299757,0.23130909015451379,0.7043118629006018,0.020567782242878717,0.03538252825156684,0.2746760449273214,0.12671618953184316,0.8602594514269505,0.4691744118063959,0.30073726363995273,1
0.037427102400163524,0.10817471642424378,0.7768311389536092,0.29982188859074593,0.06509984392379006,0.2757279033006618,0.6273383643867158,0.40973617942131624,0.3130215811617316,0.45249822617664537,1
0.7689877425948047,0.4028538896739329,0.8721858050985795,0.7263499684281438,0.5250830360377469,0.6013593262293997,0.07363963629861126,0.6926187548435939,0.8616639669467532,0.402786381774206,3
0.7352935127651907,0.6107315271419769,0.7495757284408888,0.12270201277201576,0.9591029951300745,0.6796404563464054,0.6216558654240397,0.1621327459134737,0.28952047063233743,0.300652560096557,2
0.22985279738593506,1.437144323126422,1.0001740400319148,-0.03442104264100998,-0.0026689125364285637,0.7173642537588972,0.4341642316911376,-0.20894122668245274,0.16469505711191845,0.604900693052013,3
0.08819186618590309,0.20358215546069167,0.21644964287510765,0.6156969020597787,0.3460859917557401,0.7381557040582529,0.5496204746431432,0.31269782818427494,1.0933948503322863,0.7836776041143754,0
0.5756229139314585,0.2973775893989556,0.29437732245533565,0.9946241489440997,0.17783135868579994,0.3786840170053559,0.43479911224035633,0.6259127478130994,0.6855817366616972,0.19986183325806367,2
0.518724275297032,0.8164524129938523,0.3185350698353713,0.34176684513959477,0.08256712237043626,1.204357939554236,0.18850531262644132,0.37378057118520025,0.18981174375622908,0.47561798114233655,3
0.9164959441039429,0.5762842248772839,0.7408109282060126,0.04888198311453594,0.5660222588364774,0.6009724016296031,0.4013226532433933,0.18508505605787365,0.7921116387139001,0.9814676005141475,3
0.9098077953021662,0.2700547532373021,0.05714911993050251,0.9810272900482786,0.5614688312564989,0.3125439113718585,0.06964455887190399,0.8823312725277198,0.20826874045838112,0.23350244236723303,0
1.16328429525065,0.8518112377299755,0.6822596157444039,0.2512622535693411,-0.309544931281017,-0.34785672812780355,-0.2907098169186261,-0.350923405149134,0.8073766628826691,0.4479149182287583,2
-0.12510063310503622,0.7290166116269755,0.321461104832798,0.7149306606929364,0.04173368084720569,-0.31213663426710675,0.49541222863808826,0.9299808795909877,0.45139981419209974,0.4589610955189272,3
0.6109254672184412,0.6367643339228324,0.4304523167949046,0.6287640241636028,0.24762250272200598,0.7918194656152159,0.6227645302660157,0.2213004263776996,1.230472290972704,0.5325919954652677,2
0.9166548474955557,0.12506772392076845,0.7270377828284914,0.4904817709314476,0.5396760546736077,0.15447333251503348,0.15260141260015636,0.3722590573855636,0.527216358528936,0.8699129280046475,2
0.881007923609531,0.4335782683745634,0.24415816395675471,0.8160279932160128,0.3628345484203788,0.6578496510738147,0.7647088299847661,0.5387720906487157,1.0489904371659178,0.33128428639328145,2
0.6234121775976935,0.8513491393836619,0.39264417012451014,0.5896948825455787,0.7145004230966671,0.01762712281565218,0.07546139483073519,0.12122876710460652,0.489767158860363,0.9499949850146947,1
0.24015565841661107,0.9151966001923275,0.05647683927472886,0.4593873557082322,0.6384777716945157,0.7514487921969799,0.9533379417075228,0.22743811319497648,0.7268477194449382,0.7461484607518543,2
0.48078815163534694,0.7699770277201667,-0.02796556696983323,0.00542838308780472,0.13225904204135058,0.8163469327345761,0.5353827233811396,0.215869590448284,1.0198128612840387,0.7722130905386176,3
1.0099992271392213,0.8674198458928164,0.9190618551101951,-0.05374052402729407,0.009601502814334362,0.5299265029281643,0.9067373313654901,0.6606990603014651,0.6213867143997228,0.6183909105185703,1
0.5062991969559243,0.6694010403292456,0.8987230212995927,0.575837043443551,0.7300534491051143,0.7119970725408094,0.699243658128033,0.10750735873152986,0.14779196331390482,0.4408929820673195,3
0.8201568361845929,0.5110784462326624,0.28568437993205265,0.7538669421751317,0.8043145612322201,0.6859502072361618,0.6774269564282137,0.09847094105443788,0.7549883756044813,0.9586327916255297,3
0.8405576686721816,-0.36775515798400227,-0.5901318483136692,-0.27654603447440174,-0.5055712920794687,1.7353193316731117,-0.9287770324171728,1.443358684836141,-0.6848146610274554,-0.26831631602928974,3
0.7460661843465345,0.7112635812071689,0.5885132947799129,0.562207631079026,0.5617293641824671,0.7539933927143212,0.7555793472905743,-0.0950701132463393,0.30117075863187365,0.3525304269192224,3
0.8726644985012345,0.086049598976559,0.35440619985448096,0.5785815965262582,0.19649035268831944,0.0928463111389558,-0.08690272431005652,0.43117068960036037,0.44765796590624723,0.4038033866861464,2
0.01485345940453825,0.9241690862089387,0.3297875885688695,0.5050046999480251,0.506245610903942,0.7935576472902339,0.9235250905814418,0.6294315085870223,0.39653892564450843,0.958795428740432,1
0.5602124932771079,0.25111766364320764,0.2625334477699408,1.0116911785699114,0.23752462665214702,0.3643016400577265,0.4739111271897064,0.6441347657845239,0.6441050634054459,0.21002273477058864,2
0.7273582330867969,0.2445047729730893,0.8101642817117397,0.6561524166571083,0.6392241022470899,0.49580688095833864,0.4095995473558063,0.4342442314868802,0.09653401402012848,0.5615758488653263,2
0.07267529468599207,0.14614861994062864,0.3127815616931033,0.6861945767514381,0.49575944381581166,0.8522155572983539,0.8363052123704566,0.3520767575594543,0.6995561264348317,0.45060980887571955,1
0.9676787828614661,0.5420125839047936,0.7691994414585646,0.11267359853184118,0.5024190061045105,0.5831053886795515,0.41609219168770445,0.16977312852265714,0.842614661928824,0.9663190974552371,3
0.6247240184035191,0.4814682378837988,-0.6090386561023515,0.6960171498500186,0.2708388427903978,0.34115454184822147,0.7308631858179164,0.6155844552576986,-0.5391664540144719,-0.1287947278799496,2
0.05779348211008595,0.352829667239165,-0.13457207210711725,0.1560730590273803,0.4757205647012006,0.6354866722450072,0.27592681454129014,0.11918071182013923,0.2182957961671137,0.510517054838298,2
1.0125754875507915,0.39515653198552714,0.09498408968553601,0.872576339610353,0.2931802545606587,0.7624246790074967,0.8826438628327491,0.4378250301906839,1.1200155564798733,0.17330383146640932,2
-0.2015044523430401,0.203787527760626,0.11440550655938231,1.011259716820708,0.7125747733223102,0.8017159041453779,0.8297227692645486,0.6330125538091422,0.4220358816227882,0.36576855711494655,1
0.7818412955456951,-0.27086305179483006,0.8919488337811847,0.30894371616119753,0.4324618844309366,-0.4530956111679206,0.1582173229090602,0.5184328217542953,0.4323536287543463,0.3797792353981995,1
0.4516364034410001,0.3127383970730854,-0.02527431147127096,0.9958926949020219,0.7527634931819619,1.028332586209933,0.9998768849211565,0.6909923225089005,0.48103341749653694,0.5783853965045411,1
0.24281861605433083,-0.017489663804710183,0.15543784858829182,0.1888447092676944,0.6924121770074587,0.426882735129339,0.4512793490418057,0.39634449611778966,0.40367625706331234,0.09866414365227955,2
0.7903498239462995,0.3748654526708811,0.35836817675513083,0.9134436275633927,0.2776056450571772,0.7005809996484458,0.7403475976580536,0.3476307121025595,0.9238467634801475,0.4074102550826367,2
-0.05477721993094964,-0.1450150696443524,0.17216589172950925,0.7472570042864993,0.49849665287582595,0.5049676509064003,1.147217916171908,1.7490429112904773,0.9788779264990655,-0.4534383173599428,0
0.0831769271047281,0.8541933846861403,0.26272684100465743,0.5958409163868233,0.8914542624969668,0.6064543482427449,0.9116113285077073,0.6649750586542108,0.6117671202857513,0.10429399320280422,3
0.0945622701933269,0.8445782130509885,0.3925072044336033,0.4666171256977367,0.509659424821898,0.7300512150991146,0.9535569508331815,0.5651996540288111,0.45924239745148315,0.9417268560619376,1
1.1743196220371004,0.7682600427804338,-0.06417162072524657,0.6308175863447122,0.6293533945242046,0.7494466838630451,1.1623445469307638,0.5306790566076232,0.904084314004484,0.23058725504534958,2
1.0781353769811377,0.33889307007034736,0.9955498738769192,-0.008345113421275085,0.03726623887905792,0.7900755438252819,1.1464344541823157,0.6439845485802683,0.7548704364619876,1.0721682379654711,1
0.07455991861979827,0.9597554736310897,0.09820416683671773,0.15439150490251619,-0.11078238134005214,1.1785555007456763,1.1090216475340453,0.46353483534977086,0.5927920238159101,0.3952156440227158,2
0.58840238705662,0.27869519113333074,0.7080808008365169,0.7837321559637813,-0.04635103941479768,0.34298856647830966,0.8816130924953439,0.29896578469078855,0.36404909251904133,0.6144262248199558,2
0.3105072924763638,0.7281608991953057,0.09984443111206194,0.4303745557407867,0.7494375510170904,0.6594676787922118,0.7311165834297947,0.39352820971451397,0.8352200361445614,0.851230763913934,2
0.5002037517110465,0.4666273636800882,0.7708734916421721,0.6469743022759522,0.4115991074588274,0.8950047966088244,0.5239513726568611,0.4706471869054262,0.518046391378533,0.2600276777545943,1
0.5268001023275695,0.6903412036344466,0.4125044579229272,0.24675644505668134,0.7465238543750298,0.4427898089427711,-0.005447661122672198,0.5676908818739501,-0.030692922856921365,0.4139139455729783,2
0.2830771175112108,0.9555381716719669,0.08262855672384678,0.48920913219920875,0.6339231514622332,0.7157120204587677,0.9314781106800902,0.24684989433998666,0.7319895009209351,0.765438462978007,2
0.6808798196204061,0.7049947378501413,0.814900966321182,0.41934479069736974,0.680427307662713,0.6084181704595969,0.8333334866891324,0.10577006365889609,0.2116747064132274,0.2888687618482278,3
0.478732851058003,-0.11114048469992942,0.16486831956944598,-0.1300099106831632,0.5615490010256867,-0.11660127980231816,0.19570878383947915,0.8343264412479259,-0.10273769991239706,0.6306602304055138,2
0.5159274964164065,0.8149232105992177,0.3113400626184364,0.5154366722564242,0.8044893133855745,0.16709854688151576,0.03425306551595841,0.21879803578207976,0.5362515516334693,0.9268193070445062,1
0.3598545648852285,0.69828990304147,0.025838868846906213,-0.011705181888385641,0.142460236414512,0.8508089162263658,0.6469163906086811,0.3035559140498674,1.0199557434645274,0.8355100125916591,3
0.6161253350761686,0.3212157235019572,0.27275779886591245,0.9328326414262635,0.15310437006704558,0.3392870011137339,0.4210603534605771,0.602270354008169,0.6262689639165232,0.21839341137330473,2
0.38919743158492187,0.49555982803790155,1.0299946776842202,0.6737817928072513,0.42839294635017766,0.7654278407430675,0.1539317933322896,0.6723559976768927,0.9709769313588106,0.4872472869252293,1
0.8102241587737404,0.724267266315709,0.08413389161226205,0.7042551846365253,0.3002365049794586,0.8847235030447678,0.7980047992265382,0.23128912439233387,0.8425964337405047,0.2669695310557148,1
0.6854665602940438,-0.0069981600837285,0.6071521132459685,0.12685480619028466,0.7296821174351334,0.4818460516346966,0.663275321400713,0.45625467616029425,-0.10984626917120899,0.3987833866990844,2
0.5294056280728259,0.10654655632194367,-0.005306006723950929,0.9843770787456474,0.48014566197574554,0.7489598526307424,0.7589990519316805,0.9214139753791916,0.4535270329314953,1.0437650993429397,1
-0.09854649986324412,0.356560452457326,0.9186177018402597,0.7886901551087176,0.4905962504152782,0.3014280554455372,0.6046061203004726,0.5526560557171639,-0.09087667830702906,0.3912831129084463,0
1.040684454767041,0.8395336322262424,0.32654480735066144,0.062126525651820245,0.6215719130922579,0.9253229755960207,0.7212857237327421,0.12168123868004807,0.2803379824319088,0.8049400551406013,3
0.8253505004704011,0.5847823996177332,0.7330951910075684,0.2636040417504044,0.1576904631294577,0.7947358246848234,0.9878684424333493,0.6649019334262842,0.39859000276443973,0.757453460771113,1
0.7868277311558223,0.6407316997698052,0.8270755162993337,0.4364372891064695,0.2783943153252454,0.9629806543936038,1.1054234894606176,0.7325685216620544,0.35443515017534016,0.5912101047540476,1
0.4202101883953299,0.4347421738001306,0.8176412338145201,0.6686108715392186,0.9111416990714021,0.35797486982837723,0.8810253555703875,0.7850645577720974,0.5362818625054447,0.43584451038981864,0
0.22785432187973786,0.5718470317686002,0.5520070677169576,0.6331021585710844,-0.1574852769608744,0.8345277477908908,0.15296784552419945,0.7493698325638539,0.8824754271470481,-0.08393159721497484,0
0.2630576160168569,0.9400550718383369,0.32449097619902434,0.27193120548167626,0.49581770702862177,1.1216529092688436,0.172132022309139,0.5140639776440084,0.8527666279704829,-0.349010093115751,3
0.8176807621885265,-0.045203499051669316,0.6685577525351721,0.6701814937601049,0.39898474883354956,-0.007263778238367019,0.6773257220849402,0.4781266464829769,0.025719861304696497,0.44822514480286585,2
-0.06299382312408508,0.39956069166594715,0.20164839679967156,0.20921478994934556,0.400200765381865,0.3654155693179454,-0.0351954379352222,0.17146995789727612,0.9600046836680379,0.6371162969384219,2
0.4122487737601189,0.11972343612490985,0.2206489460346922,0.912464533532888,0.5215064833980726,0.7368895614999809,0.920769227686766,0.9520624218664046,0.4272778256778981,0.9804861795012875,1
0.08874210244675848,0.537541935827193,0.1936401999108703,0.0686865338639612,0.10736994743692618,0.8515570468445837,0.5882166894851513,0.37554759619909245,0.7256371276757478,0.8310409999377464,3
0.553991390791664,0.19959560801667042,0.14072820884632034,0.27476508739915395,0.5707777577109637,0.07595409244408545,0.635622286481235,0.6967965306801237,0.510240533367938,0.5529697912302061,1
0.8041413568440566,0.6062015175808855,0.769117587216438,0.26564002280325427,0.09917069031300743,0.7867441685318582,0.9579163937203224,0.7153885830547565,0.36407094349180635,0.747219223289846,1
0.15011568309905376,0.08836599732049999,1.173236260052958,0.9229218058524509,0.20487835503601626,1.092704897696341,0.6013100838760588,0.1356281691926007,0.1656296000124306,0.7478552061743367,1
0.08879224338543883,0.05378030516076913,0.43737205219644815,0.7274379718881226,0.32023968376231055,0.6120246957357026,0.6119638752666091,0.3551530765206973,0.9740597220410836,0.7123798591386131,0
0.9511953941446469,0.7804703229494971,-0.06985613401072505,1.0928892372774022,-0.011975218674052546,0.5216887730455066,0.9925513598239767,0.5804093238398997,0.6711732224086857,0.41095649064845086,2
0.027023004134789225,0.03807045310386442,0.5226191532067167,0.6695376629782736,0.358923519460155,0.774055034040237,1.0755207644583933,0.4938371797001305,0.6699442877208084,0.5172653034159237,1
0.48574107332107086,0.9189837464489057,0.22138944359683174,0.14564611342516065,0.836989185254609,-0.0599068071149748,0.2646691589863967,0.48150137091071005,0.5315454944983052,0.048706795181749724,2
1.4175171549016194,0.1455192309725283,1.1558486571102873,1.519522436842475,0.3399726561492158,-0.3252949275347474,1.2314117610093858,0.45992600823956453,-0.28726021012089925,0.040855632182983714,2
0.14781276570662114,0.19317003742606847,0.20416816737240293,-0.07470327683845177,0.2262662585503245,0.3498234796399532,0.09331857108519664,0.15550061028762,0.8136093070813494,0.7943656567942358,2
0.0025625433676561282,0.3788348784225956,0.36978453230044134,0.6766079418510891,0.4642122009499734,0.611511721946905,0.5694868987490106,0.9179216215759074,0.49113904881509496,0.07651164308294907,0
0.02859863984577224,-0.1707410193419203,0.026611603672193472,0.05731804615393437,0.8141231910642533,0.07690039871088333,0.3906550570188338,0.4098556476069526,0.14690476657498014,0.3638715389535414,2
0.9615744882334962,0.5685235290314998,0.30500584623418675,0.8519067853805766,0.3231753332494166,0.649148652935684,0.8427290051328401,0.3941550828713824,0.9235651695403809,0.2933404966790833,2
0.3127995257137837,0.49325308392354317,0.9108668606730415,0.585740160860324,0.35342543735926174,0.8039411979677883,0.19596400853700519,0.7144561824692828,0.9734003344867627,0.3848344650316293,1
0.5441026690054981,0.5696734036237581,0.6777065903571676,0.335276670282067,0.6666184283647972,0.7536831708846797,0.8767157156749408,0.22615966110644725,0.22386314003358543,0.41252831527461004,3
0.11643063689616046,0.27418899016229076,0.18984543787413052,0.6963539311880504,0.3441274593530416,0.7566767161640263,0.760191730923202,0.4402715126935324,0.8067102063630565,0.4638752149191733,1
0.35407719995321785,0.31964754632728176,0.3515287482349595,0.5751903305804575,0.13331494131825383,0.1383511896037738,0.6846080192015621,-0.30944469123790463,0.6446435860701349,0.43148621149023647,2
0.0022272990399613835,0.2327594668538132,1.1382419813138198,0.32260491239002786,0.26937952903954454,0.504246051734504,-0.0271971839809102,0.45357952247794586,0.8277339533495041,0.7455456494567021,1
0.4179152168069677,0.4064898593397465,0.8667085378630234,0.7593328628741955,0.532801715740695,0.6661338082287075,0.20367838572906888,0.7381601287710976,1.0202159599094172,0.33565926887798153,1
0.1583183155965177,0.6517042114446564,0.03057158145466187,0.19679849673351274,-0.07881657237792064,0.7663950310893343,0.9059642848936985,0.39245559515336803,1.0966618610100696,0.9685197415259839,3
0.14692284303934616,0.8174220416107959,0.36038620132911847,0.4048112977256761,0.4606272934798292,0.6529054601529192,0.9618691928731044,0.5185698683913222,0.4674636894580754,0.902534135055185,1
0.06473523806814663,0.8095982003255674,0.2658169171372695,0.5880309724620353,0.8758285511329894,0.5713361092057859,1.0017608738607326,0.6350847666485117,0.7350608713676074,0.11292864227385946,3
0.6202215544992965,0.8295769893987421,0.8717220168780205,0.48641146930247936,0.325359883872925,0.5940864561745767,0.24806447732254053,0.7254966077140611,0.5388048805314535,0.21002945216373106,0
0.0659617771978099,0.6266763808755746,0.26700283542010234,0.024737868750322925,1.2316554533308048,0.6192796665991581,0.34202843093338925,0.7211804146287022,0.6009634647651698,0.2121591448745068,3
0.6763717900919693,0.21898191847133078,0.1744967241202945,0.22412158204825,0.6838001770385235,0.0743060483798064,0.6314313757023858,0.8052299822052654,0.562114399932084,0.6119051937555865,1
0.9238056819426135,1.1371459056422761,0.3597980045676843,0.6381688105425761,0.0746086358748984,0.8437982398358361,0.4592565775182652,-0.2290597498729724,0.42116051349715683,1.1845701217538975,3
1.0095145749785637,0.06375210914415003,0.7054384340524676,0.875708238012155,0.4490396632052408,0.5073479408340779,0.6520216970803013,0.2760538006909278,0.13750069215581118,0.5662347370582256,2
0.9780335145907084,0.7313910552039646,0.1922198020247941,0.7763134277667332,0.42807269587883745,1.0530509910608852,0.7889594524692446,0.20704796273077114,0.8339229058832411,0.27455109020937596,1
0.9642846898335666,0.8727478605089227,0.3445118524081009,0.12288627374327397,0.6803625929033008,0.9291287412395526,0.7257607018831226,0.14232744160661923,0.23605032978467058,0.8294148422209956,3
1.1120449155357162,0.8252666879875721,0.7348850088686806,0.0944476796399791,0.72505284000858,0.35866579538479687,0.4812306094532046,0.5651867211803783,0.23378595306873956,-0.18924221015451992,2
0.5047421464465751,0.4916063884360725,0.3220762929537169,0.3490846423692846,0.320776072808976,0.5973971876912592,1.3211302265813472,0.8875380161810729,0.4467218261954283,0.6374860825876344,1
0.6257388416920652,0.5998967604245843,0.3870028904745626,0.4321877508577706,0.2559986018482292,0.9499404178663725,0.37973471836257455,0.19144051039181292,0.22903179274387814,0.813492927321894,3
0.6606087970962266,0.771414760088417,-0.015447969141201681,-0.0012680503990597641,0.4919087100136203,0.34219882748652974,0.19988465839899427,0.4941324658471503,0.0617924749772755,1.034384283453395,1
0.94985075487671,0.6026081714774922,0.2985024044262452,0.7118628451147186,0.7793181215833186,0.7781901458770494,0.7811329543527172,0.04306386063670427,0.7226114232975059,0.938735994947001,3
0.046738587062664864,0.10681046244494444,0.7665193967637339,0.29713557196895646,0.06630062912885369,0.26431448903664784,0.6261981140317149,0.4164302263602995,0.3205979182351265,0.46236695221329294,1
0.03930353092862676,0.24746759504817534,0.7048130919165215,0.011151199146510554,0.04874882434383171,0.2872625776202227,0.13933523196912465,0.865459043042387,0.45581964056375335,0.292820803454737,1
0.6011793220242132,0.09441602940927682,0.5091654360451978,0.6395054626576476,0.5607138934549738,0.021061129467599055,0.1429480590207876,0.21706795302510748,0.5814382038271683,0.4627774585432449,2
1.1628261045235977,0.026841914292332764,0.008259469342518033,0.7330204040946772,0.6047385406807,0.19876079184726758,-0.021572841024911277,1.0077510271567893,0.30817383415317345,0.15214432139925121,0
0.442103376399036,0.5343371403009507,0.9723695589900998,0.8182691158618092,0.5681658437685947,0.8998728537308341,0.5100353169947992,0.2021800691573901,0.7334222190495847,0.30629248886153443,1
1.0038930512547901,0.28046794046577217,0.475141421529832,0.37525749742929687,0.3668084087375712,0.1631202996594825,-0.077752410293911,0.5602893829446071,0.5524714826727886,0.5246000757613897,2
0.4021550920761493,0.7389876801378409,0.7578358656663757,0.6058642685964328,0.2137711828424285,0.5144081295059842,0.2577957707061334,0.7461689572281576,0.5610761939492314,0.18034384185260802,0
0.8130857605670888,0.47489196150312896,0.42563722376880286,0.8329597404986462,0.2409137598558031,0.7412991025444386,0.7331211001154582,0.6039632660468244,1.031642043597845,0.43082301384991284,2
0.9408581727146421,0.5911824998108405,0.7409889597657627,0.079460215639662,0.5227295113580508,0.6103527951806009,0.37761379840230674,0.19447377670532667,0.8232095747000944,0.9500492673073294,3
1.0428502651979707,0.205015407947462,0.11777954628532263,0.9142333168995092,0.6047386203966043,0.3238098204985909,-0.014502730899077554,0.8732509728187425,0.19541896234750356,0.2088867066000016,0
0.5661177842978954,0.30730038144554084,0.2744627387743026,1.0363591179055431,0.7439347151707187,0.9049735549527987,1.0602046851012334,1.2096451001074635,0.5362169381548052,0.9254533336724566,1
0.030806057614749263,0.14240131272109896,0.7835223490750575,0.32889610024494614,0.07061791597540858,0.28731949598723017,0.6627825785820697,0.3841995946241089,0.3218495507410695,0.4162752868119983,1
0.4017202315137677,0.5734746461765242,0.8200404791389717,1.097158414611811,0.50933625869062,0.6498521225407834,0.7177294375133143,0.03674014281841875,0.3720922312893892,0.406325179593898,1
0.5197452276749144,0.8668921375067149,-0.3169665769547208,0.5683355740215147,0.05395926460120616,0.17721054274045922,0.6899437040220915,0.5851783888372248,0.40182783365536867,0.8554347312808634,3
0.33958830671613355,0.8631443737793659,0.9933140674352381,0.604980217485529,0.06397743791168355,0.23008041422116435,0.22256559804415368,0.7646915211986552,0.10501562733891417,0.2840854616563216,2
0.8780300549824632,0.5804038779015046,0.36035512307283196,0.7423293623973466,0.7557808754601147,0.7819938632760564,0.7035426761449451,0.08960083862077822,0.817560742977725,0.9254165059870444,3
-0.020864589570882233,0.21237970459792943,0.7203727824410282,0.3934672013575561,0.13080521864146105,0.20126987442456484,0.552998436613601,0.37551304218345605,0.39348716606645406,0.4698444854217048,1
0.12155039369540299,0.7603632511846079,0.37652165730414555,0.5157930192649245,0.5658835123840592,0.7772219511203596,0.9291455966321119,0.6129469834093759,0.5569127651504909,0.8847582139160972,1
-0.015224066919505064,-0.10925419464990935,0.2610946667776469,0.488012790691537,0.3476832174113153,0.6573295751938829,0.5834603838541957,0.4342213403568136,0.8363751434244535,0.6083466850348863,0
0.3419529097803915,0.3536803016883493,0.8584995036866596,0.42835951686116647,0.4999476676943257,0.6634010079411652,-0.03238275585022346,0.45906454219540915,0.7535599304667047,0.5989609440972935,1
0.48490378179673665,0.49232416016593644,0.0801323301095431,0.010808462282132225,0.5286240557806972,0.602417429904185,-0.030350974768287797,0.13442183686211862,0.10045700850152446,0.06383976109652037,2
0.6218837683332215,0.6777564170510548,0.7577240938247086,0.4562038408062847,0.6716945636834349,0.6263636033981357,0.8627713765139661,0.03815009123018463,0.1989551310004415,0.3437679942552699,3
0.737033665362474,0.8881866283983483,0.09766728103161137,0.8868650169834255,0.7397198588488774,0.9282230726238517,0.6123000418974963,0.584716413050109,0.0960116312294666,0.24637030838490293,1
0.3605339760953784,0.6298335414943204,0.02513921267896524,0.4538252084189334,0.4248679861402072,0.2510179313219497,1.257750476304929,0.33498720884779376,-0.20845533653130988,-0.012999432894041596,1
0.6061078523347204,0.9017525926769819,0.00995097362041042,0.0679106637297927,0.3864970770899468,0.33036977081797086,0.13543614954372518,0.4914753483999198,0.14423159089412219,0.9223139969151707,1
0.5970164534247995,0.272718521651366,0.681976120501971,0.21234088401788706,0.843991768103878,0.4481089144127025,0.6157152870947635,0.21099716280451508,-0.018233694416630086,0.3149015008902972,2
0.04867842174214893,0.8764843694815065,0.41595268537186786,0.5022735644017836,0.558905627318578,0.7693121480676312,0.9175668261790337,0.5347270104576041,0.4530229677242701,0.982582760227688,1
0.9088799870874663,0.5097236681581878,0.23193822934414707,0.24038171110183992,-0.1404620946443162,0.1634959898537032,0.04563669329860104,0.9306716619887517,-0.3093914614688045,0.9764304880373749,1
0.33194824618600377,0.8683177764993453,0.872007855379997,0.19013947962667935,0.9134881963685882,0.38409479737339813,0.6965319990031619,0.7411390654662625,0.4803876197112477,0.7671211170050581,1
0.42102440333597246,0.6533023479678258,0.7598590577001124,0.5659887256846056,0.21877771231034238,0.5646884478329038,0.23010379405599268,0.6541792741136241,0.5158001918340129,0.21614213702912743,0
0.11036882127288486,0.8572026933187091,0.7361533436980789,0.036465078513941644,0.4975581580544881,0.18448505358482092,0.23211462198634042,1.1159776979285991,0.3643781519933511,0.6954617895813133,0
0.03693190817490579,0.24548980739287085,0.3167591281769013,0.7549669881875088,0.5202440966739207,0.8410725088280612,0.9106367236602941,0.44421256026003886,0.7009827340635741,0.5636145914397912,1
0.9867810811504382,0.25757916821646887,0.7204476449742709,0.45166100314057317,0.1954896940275316,0.19870493387933108,-0.016990208120557418,0.44165875332183085,0.3744868539379832,0.5032104381070243,2
0.6617236805945674,0.6815724882028604,0.3861209502045363,0.47170633960844943,0.18462654467092904,1.0851139960194456,0.24263757186312096,0.3525755836989202,0.08831935432640697,0.669008382651179,3
0.3158693322754163,0.8792018558302306,0.9531008474680179,0.5766092721806163,0.05973669033449545,0.24022991126506008,0.20843292047409132,0.7901499802431534,0.1193187382752517,0.26724756702993296,2
0.2892551875856381,0.6802321262786558,0.8441876386158761,0.0009299272567074301,0.32764919156753197,-0.5026445987403229,1.1656287392910096,1.4503261826920673,0.25085809259308367,1.101323083312551,1
1.0078324627523818,0.2092325619232846,0.3634402470791851,0.047633782536926086,0.01579443047420778,0.10706501840234765,0.6141385916471758,0.6574146619842423,0.03827756245249105,0.5166517699410926,1
0.3275534409320354,0.2964441940511997,0.9540411802042021,0.4094745563479715,0.053467405588281836,0.3422126098108602,0.39225473196415994,0.7411160668742736,0.8522905942861024,0.16343694691666483,1
1.072882601537933,0.37803645438324984,0.5033782300162007,0.2706863387578774,-0.05002726516498798,0.925193591350319,1.20732902301029,0.8301940583825367,0.5452962292533612,0.9467910157800319,1
0.02550972773136822,0.33492478687188254,0.08122723176240326,0.35810096030392896,0.42899797366220216,0.6711472247747969,0.35239287347298454,0.4403077677743079,1.143599002678598,0.997494017519059,0
0.6303051547177115,0.861431002769828,0.028875334242989995,0.08992171779420871,0.3759309571684046,0.35791744146023885,0.10741267953113658,0.4519910005100649,0.1115369360432685,0.9403385162873044,1
0.9781348094755398,0.5235016869223047,0.7323634250143752,0.05742615335722094,0.5355604525295342,0.6002552720815668,0.4435453628554026,0.17400800158950247,0.801422255584784,0.9931320716731509,3
0.7916555747608351,0.6611521932051337,0.1365154369787816,0.3854542803789723,0.589626788905415,0.3286539608877712,0.5800606809615142,0.5086941954679395,0.958447621004578,1.1526973134229572,2
0.44169684669284526,-0.17061008201903033,0.06000380866298502,0.39676081488181014,0.6500070530115081,0.22411912936129966,0.17775890431996755,0.7489812181081934,0.6273156940593937,0.39562710347405655,1
0.30785584289970036,0.9126768589527303,0.9928577258384526,1.0635041709769069,0.1294261624182476,0.4500618545771399,-0.37560218876333773,0.22190101923339478,0.9231723514254024,0.1609959875114562,0
0.24182487889373777,0.9141129048228291,0.058814428271606455,0.4591988033585679,0.6366851027803425,0.7508959501078573,0.9541053524484591,0.2277356147364762,0.7272897040347693,0.7453668101117654,2
0.5578022199161717,0.3047136738198168,0.278477338324677,0.9786996261375408,0.19087581213400218,0.3733994393137776,0.46176221922685795,0.6396069405022883,0.6655134700921458,0.19830908587093624,2
0.8942173708268601,0.5516576357631854,0.2888582568368274,0.7482300604635156,0.774291364507727,0.7614529990658563,0.6959605128621524,0.09883867690497766,0.7581767176307038,0.9444135979023711,3
0.6073460976472258,0.7605818548904396,0.41846341266684206,0.4907684495872298,0.1437982652272352,1.015954392910209,0.16416736926285416,0.278521617266983,0.13664079502343646,0.6751277496892066,3
0.730058569603077,0.5345925776986775,1.082556702712005,0.7635798850378237,0.6036549744402276,0.7806274833127983,0.29498442172897543,0.19740453745242373,0.6835565890783978,0.42272497264915876,1
0.7792919200944242,0.42498494082328014,0.8965023665430745,0.7657147690293516,0.531297146492043,0.5848767389779567,0.04804937429424799,0.679031067581195,0.8580950428592923,0.41962377384881383,3
0.06835327880574871,0.21687402867897226,0.3253236086172296,0.6865346402927224,0.48131187001807135,0.8567785313095085,0.8497173766720348,0.40154005588698,0.6584885670907927,0.5114745381006649,1
0.1765394470367854,0.8506824812610337,0.46390482229776364,0.5709645277457941,0.434933944314705,0.7743112137020173,0.8506188096640047,0.653175631042552,0.5517825195261536,0.9696394493563711,1
0.8588995470590566,0.5682700058035524,0.4533369968455925,0.33249666671769385,0.5269122406104261,1.0199370037155917,0.032043297887110384,0.5675334708098716,-0.17771037262290784,0.5311661823522541,3
0.04719296313851551,0.7901650917835149,0.29475008201739517,0.5180776767049772,0.9081748729500596,0.5865335091375409,0.9189019652300615,0.654550846404474,0.6370970739650021,0.07197242326833296,3
0.5183894643187568,0.8225998965167478,0.31346534433240714,0.5173059123558503,0.7923789781602525,0.1636961683064256,0.02259875270521695,0.2159091754348897,0.5370075832142158,0.9192747073262242,1
1.1953051243355473,0.5495970204531702,0.22806690217244122,0.30879322344810956,-0.4804116727600548,0.7351010322550626,-0.31973786018248335,0.9396213023812281,-0.1782890876600558,0.8159532697053299,3
0.3229405899963709,0.37853787010619466,1.0852873954218951,0.7141884561832705,0.38603321978113125,0.783071718229566,0.24023838743068443,0.6079605104664937,0.9812016940306957,0.4250575569862357,1
0.37339072858845324,0.4597426523337571,0.9765563039070181,0.5627102150730521,0.45107390009888454,0.8001206933874577,0.10519998453419248,0.6872802244247426,0.9752286777131641,0.42558104420440523,1
0.6518338608634635,0.6980684022606053,0.755673711143821,0.4310489751005531,0.622618790647763,0.6379953094800864,0.8856862836149959,0.08338961143351066,0.20295524414426935,0.3461012143252463,3
0.06204352941309879,1.0895142713272956,-0.2682762251895696,0.4882610038399878,0.5267619237765706,1.0823234483517272,1.2108555578284261,0.5217622175726997,0.5138374629898251,0.6798155447851851,2
0.22355116557179977,0.8866201744905832,0.03409491641785285,0.48071680094405617,0.6704780168131087,0.7316315682146248,0.9290021027333384,0.19770445188410782,0.7121024665456809,0.74968614450493,2
0.421865776289256,0.22967775757768397,0.3818476650143193,0.9050665924513581,0.10374397064317886,0.3693295002784077,0.6268733346627001,-0.1398859423440298,0.9126726699044754,0.14151677222385733,2
0.3766139347989128,0.5079159681273111,0.39599424605709743,0.748219913335466,0.06943728533586388,0.34911090683080553,0.5345828158170682,0.05800130519043839,0.9011114798204743,0.05663669625618056,2
1.1245698281476388,0.44708085544295056,0.7337064790690183,0.04783716489747203,1.1036545848739099,0.6102083230978396,0.8960040294840526,0.018341248296922685,-0.12529709817709136,0.4788629266499886,2
0.9089243394670938,0.2551312333230876,0.037685021118885983,0.8562053554798065,0.6020485230669262,0.19804493215895025,-0.04609856029249236,0.9500444210970374,0.18609300943398346,0.21973690449578037,0
-0.3345898711107205,0.1330551501772511,0.23545325963210612,0.6009409520197209,0.18161005229615076,0.8938078535135763,0.5057297837477152,0.48256568508190484,0.08929126109188318,0.24758657936885636,0
0.6697715788426463,0.6568046762733878,0.597239199175208,0.7835829883025721,0.2599740137095131,0.3433745554398481,0.22755034651088155,1.0749852575464909,0.2537072097153184,0.31826489973622796,0
0.4792405086281582,0.06840670834804695,0.1297818663845903,0.8988092159347205,0.5363926774897797,0.716761665293617,0.8865337011262312,0.9748407267758283,0.3452234509844722,0.8784387861757603,1
0.040889287216300224,-0.09422188984021278,0.1451517232722518,0.1068512968400537,0.6212299963179302,0.22768072143382992,0.4366616628860899,0.5296530872263218,0.3620275411725079,0.23499418761921564,2
0.9474011322764881,0.6063956215364421,0.28172817696679286,0.8193616103320673,0.8227464151355337,0.8130706390336712,0.6293623096095644,0.1435111140018028,0.802040285810146,0.9203712071794418,3
0.43172981135449007,0.7035320970704191,0.7649647068790552,0.4908351273295668,0.6735173972477854,0.9234620614549109,0.7324804712102981,-0.1130846317322714,0.20904262755421504,0.11643155771046854,3
0.3554613322919261,0.41554663000796527,0.9646987497235014,0.6947437086799277,0.3691473920645678,0.6700296693535361,0.22008169074476627,0.626930945764265,0.9703727786384032,0.4734511904773555,1
0.8764484453491561,0.5457511760336639,0.3043407921452092,0.7447215766379094,0.7870453645471778,0.7578181943526847,0.6918884199353448,0.11507428991982224,0.7799373780716573,0.9342616946157936,3
0.5096706306281904,0.13648418400583812,0.5575695963439399,0.5335494617193961,1.050154418145182,0.17849717990752897,1.1211975164858101,0.6209102306514956,0.6353140042521151,0.724432147989873,0
0.38463801370042616,0.167100164513952,1.0529785852545566,0.616805685354054,0.1519418399457164,0.8025529218274563,0.23855396266448498,0.8542859169077426,0.7981838493283026,0.16351170344501287,1
0.6224657119547689,0.8878894938832989,0.18925819022427315,0.1165655024705757,0.817168240587681,0.05828649807582052,0.2803782885798677,0.34424857333555214,0.6328942081660749,0.03712307781421306,2
-0.025912627156535334,0.20252335740816685,0.8305325875904902,0.26568407413664175,0.035233115247168253,0.3636907392621898,0.6167642750303289,0.3660943054315153,0.3243689996369143,0.4030553490559101,1
0.1955728089682447,0.36991233808995355,-0.05753939181717238,0.18207677128884753,0.8939119722639104,0.7941250676996072,-0.32451591004741814,0.6604650439750568,0.8778858123899268,0.7378362289907237,2
0.3260796187255963,0.6860491346953274,-0.007858445782444032,0.05540161208493217,0.08299896359917866,0.7699764741762753,0.7839357791601436,0.24775457473963725,1.0022905097826817,0.8882481085474146,3
0.8450808939979139,0.5469218368587356,0.2868761650495092,0.7760837073869343,0.7025622275985733,0.7968707296428168,0.49933325921196636,-0.09799185863455528,0.6745891566981733,0.9588133764795483,3
0.5714277178305028,0.3034828626098002,0.25898733933915824,0.9665005746152171,0.18541265103554627,0.3795581661754726,0.4688134995446378,0.6315513098090715,0.6860568262644238,0.20039496381210808,2
-0.1376502235603205,0.7660968876303136,0.4167687391121808,0.34617447490467085,1.0922939746421556,0.6935393780803624,0.9321602071820926,0.6244175852301826,0.5660879919630232,0.20207255065001486,3
0.07105102638467439,0.8215325789306065,0.40062906710703816,0.47454317560767867,0.5666255935211785,0.7831535128062368,0.8932753544087159,0.5833576622323835,0.45791021542728794,0.937533231104812,1
0.18064653588155055,0.864351302251867,0.0928617658190678,0.5158340496124726,0.7071479306426716,0.7864376502798035,0.901513943224181,0.14667635270636084,0.7594115282502688,0.6933669968127877,2
0.5052473712668761,0.015032803307142073,0.1739567377225368,0.9384092242464959,0.5422209947269186,0.6609162175298883,0.9240503273342046,1.0176881395372563,0.38249126456326377,0.9201568458022314,1
0.467011206738733,0.8332043883339971,-0.2509561176094972,0.2609853592574696,0.7035594714844836,1.0950591903309315,1.0258330842514327,-0.07739943432677227,0.5277921760595511,0.9758302377611092,2
0.3036229042099006,0.43937380354394356,0.9664728167202257,0.6212532611813901,0.38877692278862064,0.7533529901017042,0.15207812587976877,0.6555865284984687,0.9388214552599025,0.3988845170242968,1
0.6758460245805338,0.05979264986787732,0.5607274509528866,0.5466950106993205,0.4838627995847148,0.12443637101553236,0.7124008957541447,0.5849194206722743,0.03530460526524988,0.5757373357817074,2
0.8801146691656072,0.5925336190321457,0.31002710665816474,0.7435715110581997,0.743839771947826,0.6950912627249016,0.733050996745708,0.08281017758040699,0.805409302866587,0.8950515141425608,3
0.2716437365760568,0.4565513472286448,1.039144358584307,0.49073109599499254,0.35868894557705355,0.7696825875702111,0.07854118824169799,0.48164439650071655,0.7762359590157814,0.26707635425562004,1
0.9791482372916357,0.5223122180139177,0.7791168216135534,-0.050294680602986405,0.4520309252421374,0.4989247921578535,0.36500161061935316,0.30135573127100806,0.8516343005314375,0.9459660166661625,3
0.674970555878652,0.6981784451835671,0.7514038605509945,0.442226674115626,0.6749532201372195,0.6780945181120647,0.8992983187334335,0.06857137332825086,0.18436127632558857,0.2983358408043225,3
0.1410116616614847,0.3742511033694951,0.016964945795112412,0.8783471763447028,-0.10609362366551103,0.7574443107745163,0.6182170548435387,0.8434906431698839,0.7533486652859601,-0.031724573043362785,0
0.7843109315541046,0.3779617270275087,0.6270002189046826,0.42713672379129863,0.29699852590533754,0.21067235245718208,0.012603581912007597,0.4544974594726859,0.28645257425339443,0.4791924480296348,2
0.6121052079275158,0.7216963224259898,0.737141244943229,0.45477747829253906,0.6247043637432361,0.664989589103377,0.8952608940486937,0.04574829675814719,0.1579891261098098,0.29125080464519293,3
0.6776320842772342,0.4844703693202247,0.5322264720126026,0.43962776364650435,0.6646066724790602,1.0067832628166262,1.198704103030208,0.04790414676678467,0.8705129523881606,-0.05605324242072357,2
0.6019858028861157,0.37687605043063716,0.13317801593252093,-0.09314677684472338,0.9602388445483476,0.41873726860538485,0.4319262192560352,0.7465316156084799,0.0963451835527066,0.32287174214804015,2
0.6972726538615217,0.13712958717703022,-0.21425614468050524,1.1903481658236679,0.6991846557590343,0.4526542109598371,0.9641185227281869,1.1963788377029865,0.22358632409093254,0.934707889198818,1
0.4667493152348887,0.2781330930183316,0.5663467587227211,0.32802958263600807,0.34684896122650455,0.3484951616734221,0.3466475270714741,0.4831582784611436,0.2930400444932677,0.4382532866424652,0
0.007655743561434336,0.25141753278634527,0.2887513387726559,0.7263326314195271,0.40243250949782694,0.8430933251543081,0.8169960985191971,0.41534236354131876,0.6660834462896535,0.5278340218200921,1
0.10490755463292657,0.3203577590394063,0.14774813566762407,0.29097267965360774,0.32731892378651173,0.10488210318257762,0.17339456053648916,0.49823147251801936,1.053630279806716,0.7028538607697825,2
0.9414913507237678,0.4790321789606117,0.7240847910046193,0.11948140244243023,0.6553446903301847,0.5469983736776994,0.4448721400122774,0.2989564099581714,0.8237970803242031,1.006087746974888,3
0.3851813308520699,0.21566944198819404,0.5239614237904322,0.8152492924778404,0.5055794593010661,0.6723752565564296,0.29619520063813054,0.30729295771626164,0.4298716619568056,0.8514924382926014,2
0.36635687891267776,0.21953575108746004,0.034504873336136166,0.18279561536601066,0.9176472903690156,0.5726265659775951,0.8592676737500716,0.591341975692301,0.43379045521013526,0.5122786893286339,3
0.11180906568600146,0.29629669708148215,0.3830072406136202,-0.02531530695534203,0.47572986858935806,0.017739048022464288,0.47570219600885355,0.1617483014146312,-0.0632820543274698,0.22023923836189072,2
0.10521959430397204,0.5649749380288358,0.4405983153832227,0.0901102378357718,0.91692051159296,0.7368846723257039,0.45976820593211537,0.500494443030082,0.4365878639434181,0.02071954325111898,3
0.8941308750415617,0.5685834909927441,0.29927613228085037,0.7346592641189286,0.7692228306235802,0.7318671050876934,0.6794723337492119,0.09827119654893461,0.7742981489768523,0.9268871611102844,3
1.36803655995425,0.597341384952113,0.5469387317371599,0.26505280502046247,-0.2236103356715785,1.2553086298817249,0.5475214561034095,1.083786997405005,-0.5299492668745343,0.3691736702418511,1
0.4403507266593729,0.7932755466495004,0.11967289755223781,-0.026936809939154455,0.8008227411037204,0.14114334467744286,0.16348345882406962,0.3950276164293146,0.6651039380432208,-0.06393685691784083,2
0.09896949586094303,0.6254423667272854,0.13297005741174525,0.9426066448021942,-0.0322964651233566,0.5571555506485899,0.46727521932632493,0.3343172055630459,0.7601012257940333,0.3306295759089055,2
0.352733191404618,0.4272079838264782,0.3362123380207421,0.7204532977157986,0.1701694693105638,0.3799619042557079,0.5105378948940271,0.08804388989799278,0.9463881915927379,0.166094013244791,2
0.8913231684553501,0.7030334900894509,-0.015678578281436456,0.7286984543232319,0.4522893345490885,0.9932157361723677,0.6646770966366624,0.21150408473383103,0.85876317048381,0.3109500943781153,1
0.12394536515144386,0.10008426770018862,0.29227270412353773,0.6171562365467826,0.4906008571738549,0.7342423265747655,0.8704789296015935,0.35140010995267,0.7016380541993069,0.586298056754533,1
0.7668792691702189,0.6464986278846169,1.0697529558223335,1.1201689889628048,1.2301265877773377,0.7950811610625681,0.4846192893265062,0.5394249427113531,0.5633745862795131,0.012239855698210289,0
0.21935351416075277,0.9306004308569882,0.08842334095142046,0.45563324804338473,0.6494007195838253,0.7529812320791157,0.9732770416683499,0.25824600757158667,0.7423506924224925,0.7495903747384771,2
0.06519513349234198,0.15883264755425036,0.2719627618603005,0.7036664087880433,0.4641624550190103,0.8887533158536705,0.8536745209922569,0.413448004093438,0.7148301140312227,0.4955123142025705,1
1.179384670955486,0.43073577431193255,0.40782235453343724,1.017434691083613,0.5133764939412931,0.4602890902857374,0.8535102182571835,0.6508844503643717,0.9648059379222697,0.3882124880767873,2
0.7234753030623832,0.45738359462158823,0.6483839457169885,0.2884042327853187,0.6005729323522401,0.45733057950215933,0.5528879959769045,0.38908039485210716,0.20023229654410207,0.23803089100036043,2
0.880026684035137,0.6195577718907189,0.7821236304902242,0.020297464824097743,0.511340245559158,0.6784767915138612,0.3614335546835029,0.24572441190907865,0.8070439992761865,1.0076623158337612,3
-0.3241258731268446,0.2635648597089644,0.5725864246445855,-0.7022239696432563,0.7142317540672317,0.6992994291563204,0.3711543250094432,-0.5699043150167286,-0.7789007400499647,-0.8564281597520403,2
0.5989021712176495,0.8088176121649544,0.3250872423784767,0.6017458601328232,0.19576828071069102,1.0479614117835612,0.14707751298704988,0.38906123630380607,0.01748321958103541,0.5109352281697871,3
0.7912431904866908,-0.03140606666468143,0.7338600675220939,0.048835131592142395,-0.19767829178739404,-0.06020823003383921,0.18351490888818645,0.7558834015418979,-0.06775338282228525,0.6708478539286977,1
0.6539533438562466,0.5220832819211021,0.6308965621591528,0.26824185715052073,0.0011687253084162463,0.8575347953534342,0.4157563804768955,0.2882222560953168,0.2739487654297945,0.412464183406871,3
0.7694089628216401,0.6945359598198817,0.2442653367138267,0.2848581350707534,0.8513269795729405,0.4041765531202992,0.07991827966816833,0.4407940892605584,0.1160739596261451,0.2634207617044491,2
0.3728335098138972,0.7376333495290598,0.2108940032419568,0.32869403671876496,-0.0002877447413863754,1.051510239355779,0.13796088121177533,0.2910288869880178,-0.08161763869314431,0.7105784869972704,3
0.8925268822149305,0.5956169540620535,0.7702076568746443,0.24689989990937017,0.1972518422310283,0.8067706147709618,0.9272960751208444,0.6208931273069351,0.4006497134899022,0.7647410971812642,1
0.5288700431343132,0.849042942185103,0.2858613586365475,0.08019232081585882,1.2543396170777819,0.1711113756610054,-0.09876691709915553,0.3193729469962181,0.8374674553446202,0.007156965278628779,2
0.4387533242158001,0.7659970644478185,0.7023375511117134,0.48157494559655195,0.21275766303976315,1.0728838127733713,0.05984949108636828,0.7087357505065721,0.8788702533374692,0.5699768834497664,1
1.4846609560053152,0.5966597068904551,0.722098537504035,-0.279907381139806,0.5714039867875655,0.2622170841149992,0.03964609502532823,0.7302475371087391,0.08317914107494229,0.40862408468602146,1
0.369930893560719,0.04334309961581312,0.3168394958881955,1.0439096867832023,0.7295007098613252,0.6136502032263224,0.7678308301941278,0.8320016627439835,0.17676582783905878,0.800533656910532,1
0.473976588500148,0.8605825392345476,0.2683051387782709,-0.008994461738584938,0.8373369311687615,0.01567785840214808,0.3505815934569709,0.29355691994197375,0.453583888661859,0.09317434338109493,2
0.5975239055797834,0.8988395101400248,0.013150526547439709,0.058423199684479996,0.3809370600730678,0.3154379886201653,0.1378408049998815,0.4941032754383547,0.12688258387397178,0.9265121582110132,1
-0.0025823049620399136,0.933802023789376,0.3116921191848787,0.42386554173680824,0.5107069308185774,0.8294907718747971,0.9316168874772737,0.4617784293391852,0.444432106461159,0.9552754705875857,1
0.4403554423980833,0.3546784433574313,0.27209393228148004,1.130018977720595,0.28294207128782334,0.5445245892930926,0.36385219701928984,0.7431539886390246,0.23923626455358682,0.9809539251653263,0
0.21373542812588098,0.2765342453631456,0.22069216565449853,0.5605826218916281,0.7465093100464992,-0.395609903414247,0.5319246123451306,0.3586167579208908,0.6655448691117489,1.0833934005276116,1
0.28738386529578575,0.0603109615768979,0.23009515858950969,0.08185348826191852,1.0456723477474825,0.1776545091526179,0.23170359994430254,0.41903665782562066,-0.051402462496456636,0.49870230659919496,2
0.45023551610259,0.7428089209257274,1.281864129735052,1.0497724342182393,0.64395043727289,1.240566176898512,0.7250316816549757,0.8291201126958083,0.39736113459765887,-0.00549361042801938,1
0.717834370993659,0.954297662501528,0.320628864208298,0.2796221470538123,-0.026720522227291238,0.8045344019376728,0.05912471915124137,0.4009594920887926,0.23794394529952717,0.744225475842544,3
0.3567758427243887,0.2907211237239385,0.7185436559125953,0.5239816747198508,0.6486690581941021,0.9797966908144891,0.42148753613630907,0.5446621219640465,1.1318031720108377,1.1549434400097345,0
0.9977677837674583,0.10099297334448759,0.5927416622041661,0.6974553784240077,0.5413653769367385,0.23812274491609053,0.25190478784364717,0.47368263860059795,0.5323727205912456,0.5817780738126849,2
0.9694085468471141,0.4584159095226522,0.2082992810496579,0.9157669351786172,0.4446857460578382,0.6976934088214226,0.8902588319890518,0.5127865795242047,0.9139796488694863,0.16295867985187093,2
0.16380102314198028,0.5737218617678871,0.4429502500783616,0.9123627999903028,0.3660938981417182,0.6905433321829768,0.2555627017550452,0.23463888297169366,0.8850490982951751,-0.08041783086176069,2
0.13592457851207634,0.5866128082426676,0.46229757193428084,0.05872145053683766,0.9746863065195102,0.7115854789520352,0.5030077291158934,0.5223952390617652,0.4042338401356665,0.06615142110739075,3
0.2313022090386304,0.5314828543259178,1.0534229750090365,0.39155005633337575,0.8542779123857385,0.6881839014813697,0.6349851802835891,0.7402499234504749,-0.11016559375783824,0.858685548325314,0
0.583531811313853,0.7536392046156395,0.6401926323914419,0.4407943389769004,0.14825231273628153,0.4851513279198693,-0.0005949717986071801,0.6138092981140217,0.6149585660550408,0.1347979061625786,0
1.224308726013239,0.16365951107068216,1.0867718244449427,0.6225798325499261,0.5733261854341359,0.7694990049272485,-0.13129295407881028,0.15336989202333345,0.046740523530637956,0.8478710531212283,2
-0.7567558590948639,1.3937375177854188,1.2186564072076604,0.016506759393064327,0.3964401527259712,1.3296824898511788,0.8755555569429339,1.105215586886935,0.27997931812437304,0.8362434550761616,3
0.8644386719928051,0.566102980877881,0.7919438196803744,0.022531890471189107,0.5710415190806504,0.6053921904380986,0.3337742916851061,0.16494995801439294,0.8877970459554871,0.9028582686115495,3
0.5841209980795391,0.28153578892226255,0.6823050261246998,0.5166135553728743,0.8317849152090117,0.39510260675269593,0.712599299812539,0.5230545015968089,0.1653600626203528,0.11314862594463819,2
0.5064558836936847,0.283959317155946,0.1126109101255757,0.38447365432498704,0.21509356435845417,0.2056889464818735,0.36516574231163684,0.16771470077529885,0.879626742263585,0.9482396330099858,2
0.6095641646488431,0.6391979566096353,0.09703486358003019,0.38965570066274025,0.887736874833355,0.38027782850004654,0.3173332267678421,0.2531877000789877,-0.04169516532272513,0.22567111858628244,2
1.4749362432676836,0.9691832786993471,-0.35455972235927025,-0.09569584578053536,-0.0433490019811221,0.27873982675604514,0.6529818780867842,0.7418681008431252,-0.021736468412271392,-0.13722181335371297,3
0.09365614313536842,0.8361740494736352,0.3568708780255841,0.5260935909386867,0.5302764702136168,0.6840355930495132,0.9280765802498967,0.5324986178477162,0.4832486093198033,0.9184540938187947,1
0.8164180601765422,0.8186418753902303,0.15332383339469113,0.823691686084838,0.8243145380771458,1.0108678303857594,0.6023250006616674,0.5293622599828018,0.09917251144776787,0.39615306401667394,1
0.6797445887200092,0.33313968043924136,-0.12292731677259433,0.8383698368851873,0.8025911682626212,0.8024236377412528,1.0558886634902191,1.176355862575472,0.5392022079131753,1.0359887919392805,1
0.39265060982249356,-0.13721192461593035,0.060086628286157365,1.0377902619891923,0.503182576022299,0.8953033053751815,0.8693183895762006,1.1345541844746723,0.24636319801146422,0.8081342258472659,1
0.870578917263379,0.24851485149166638,0.5282695645596042,0.5596589130015274,0.6514471456301535,0.9648291649118439,0.16896121470063685,0.166156627217461,0.27051271889437534,0.25398419368782466,2
0.9405728463590857,0.5767947996411624,0.7649890766662382,0.07774495679442636,0.5434049850939854,0.6288616671449547,0.37969121308396636,0.19006404270246793,0.8119213144854116,0.9673055497263481,3
1.2222932536138775,0.1989636556606908,1.0202531349979465,0.40561117253465734,0.27645560825026416,0.8577828980773194,0.8860928097450164,0.4552087032655114,0.0028866779285742217,0.6746271287984387,1
0.7990621790700128,0.49394466907452356,0.324416372981462,0.684957985850832,0.6906273607488869,0.8058216697502814,0.7944454062878171,0.20169670699403525,0.8284519268851402,1.033928281596019,3
0.6861789791516819,0.8993364107556402,-0.027591928467245404,0.1136562478745406,0.2958147233577625,0.3058261664321109,0.12201653094493539,0.40640395086790926,0.18273734207527204,0.8795151705036408,1
0.16561370591154495,-0.03664313234385594,0.38562062087015564,0.5273694630353634,0.13616619368617527,1.1520662155570762,0.8966442773001561,0.41651283537025374,0.45409068966708166,0.36756622450172616,1
0.23826158779336337,0.1950780727286339,0.7791553444677778,0.5732389121149564,0.24219318677972093,0.845123930824396,0.19534775791049164,0.2764803454680128,0.8055617822655937,0.5298207533197118,1
0.031229608882835647,0.23430389412074884,0.6980200735961546,0.017095334644916926,0.04388994077581458,0.27920114590669237,0.13083251729285386,0.8675241572095763,0.4638848339108268,0.29522446460036955,1
0.048724333957336705,0.10435530376015861,0.7966646490411172,0.31853944426754416,0.08238483884998114,0.2795058456889132,0.6420880339539253,0.3815573482455065,0.31322283228574377,0.44940256460054073,1
1.0293443899132153,0.8409412457388894,0.43464504409283755,0.08086119128438068,0.2923967566530058,0.6831498550820074,0.894642788367414,-0.0029402228236188876,-0.04184886779770755,0.5660593565576433,2
0.7912548136236864,0.3173930900864308,0.7548786835927374,0.036322948250293724,0.27003693798963285,0.5682717251535355,0.9020345905591887,0.31699873905813153,0.3607415074619334,0.3652380693867501,1
0.8740683826274033,0.41974551369143287,0.0965422125488799,-0.019635004342290888,0.5047385720993016,0.2974598824583527,0.27990244159671906,-0.18055394151163445,1.6442466447269264,1.0784988766823425,3
0.7990282438171941,1.0290566861891068,-0.2741097261738338,0.6485845192016276,0.32686867141751397,0.36949003547430326,0.18122196719571843,0.08835134031730538,1.4991026597579757,-0.06574139152295957,2
0.3472084543720583,0.4270288436380727,0.9417375185930129,0.671626165873886,0.3534259433166292,0.7183563015041498,0.1314712399554644,0.648354697792573,0.9175326217845046,0.39088371650322506,1
0.03996505443482556,0.12218495188558694,0.7843874273298753,0.29873799090167513,0.07849038656973452,0.2775252665984327,0.6323531567578164,0.40585779928198573,0.29278756160810937,0.43896315167557737,1
0.6072196352029223,0.001261435313190673,0.03986779380894062,0.5858677648764106,0.1489574376889126,0.18401115610831562,0.07487843381922565,0.7688369393206103,-0.015726313119907333,0.4578984710446277,1
0.5946686387413317,0.7427728414176806,0.7463042297552804,0.43720653613472554,0.5982435664819624,0.6613797250732444,0.9213166328685893,0.06747851054721926,0.18101033711648992,0.37996523869988585,3
0.7700985918946115,0.20202911118332195,0.22823711348669407,0.840680167153866,0.5993022674372138,0.23791528208698887,0.014636028809282733,0.840811000386282,0.21047186811030935,0.02456667188861647,0
0.7155586759095125,0.5496641629553418,-0.07871759403336259,0.28786791710117327,0.6938238058107776,0.36129415690579625,0.506918773970459,1.0582197126892303,0.27245935156269663,0.5621086574361226,1
0.2167439292050873,0.441633982382734,0.8950652965329345,0.6797290956808226,0.417138132978296,0.6778027201930754,0.04697644052027197,0.7751979626267005,0.8930500647756114,0.43225115695569094,1
0.1271532511708638,0.9360671867182428,0.534964082011973,-0.40475263565108893,1.43300658022768,-0.2981179246772203,-0.06331166700959734,0.6112371830191766,0.6362761121139652,0.7419254437228064,2
0.7032592541400202,0.37596633983843175,0.781651364247294,0.35234111979529104,0.5932644423153168,0.6554794942717225,0.33223369239445194,0.7666133840038328,0.30152482209437503,0.35880715399097585,2
-0.1935874065284317,0.3110427749478106,0.3719994071967926,-0.15638059996194206,1.0991386574460087,0.005288638569860504,0.031131747287597822,0.11180068053128461,0.6200592456543471,0.560339815386224,2
0.11522900226234997,1.0380438630139515,0.12481981538267171,0.587096963623442,0.6213751737496903,0.802454432816531,0.8198838744860106,0.12005980848738165,0.8066049985723306,0.8937566451640004,2
-0.24278967383764105,-0.21831444264501415,0.27104970514088833,0.7759618431355909,0.49354707541855053,0.9331544496273474,1.0591393445809798,0.6044787117276859,0.6011406243278766,0.7309904523926893,1
0.31467622949602736,0.8930337185615025,0.9706978467811435,0.6587333076401262,0.1063439552565919,0.2560934654744209,0.27096606288355274,0.7794870496167539,0.15092729472595617,0.3026659266360026,2
0.6314281554524813,0.9225643795814642,0.3439375335757766,0.496716774695982,0.7589866863037227,0.10621027426907423,0.06701793304785611,0.31964416077098756,0.5548242785179136,0.8451864900387223,1
0.12825704458033,0.3836868484213447,0.60946524347378,0.7332197276061533,0.4726441484703291,0.6031041060817185,0.43837276509684187,0.9536808653538709,0.36923761059732996,0.1569690318419297,0
0.2615374452402328,0.901771982711602,0.06764551811760693,0.4518475878942883,0.654570721518016,0.7613222967415949,0.9652449491025284,0.25009756585881154,0.7164792681127259,0.7297192699443267,2
0.5057767227007723,0.07979567330155098,0.16531643045129416,0.8545730051491668,0.5553115779602533,0.6960759714090634,0.895992277944125,0.9740147649455064,0.3132682995781533,0.8899348677360998,1
0.7321876788371817,0.8832226538796649,0.12133143283941869,0.7850665905635744,0.3631300364838783,1.1570651938873735,0.8745598736286031,0.11958353866306506,0.671803502104052,0.38160295232603225,1
0.5063459405256568,0.657141925585975,0.45624295705634343,0.4700694930150547,0.15865614258330862,0.9370369056562362,0.16282342248530587,0.16273261489540997,0.08264101025538398,0.6306994690585124,3
0.766238858707393,1.1176348222779704,0.3226815752395306,0.5722954462734956,0.7950340010801552,0.043721133822379854,0.2183241552740476,0.3453033102333371,0.3964514113038865,0.9930272795936111,1
0.23298098743058637,0.2752874653116397,0.2887300212850702,0.4001875160620483,1.481418807022664,0.9546544345892152,0.5885709964004644,0.22656682928318117,0.4947431818084655,0.07266965669662141,3
0.49149021262920145,0.8403830073382098,0.2989161928598017,0.5590186130189265,0.8510485691324379,0.10744396693835336,0.001844775219507249,0.2162896771575633,0.5845067586899558,0.920799137649672,1
0.32569011092163286,0.8712095082456612,0.9812267632741474,0.5958614725180506,0.05242449801127261,0.2335014971641299,0.22885563186872826,0.7770874828674966,0.08788266926058867,0.2893881431043921,2
0.3273883187090748,0.7365773452595585,-0.10661048019211569,0.0013829488995552967,0.20320521744792486,0.45448445445881486,0.5353567464177522,0.5695505559636318,1.1745395595099377,0.9811221890259721,3
0.055623146140713176,0.8273216471166436,1.1062741576467294,0.9916909899934676,-0.031929782551009644,0.40307524926155536,0.23862289159289593,1.2656734632075493,0.9106533973395692,-0.1805785450638861,0
0.9881790534171203,0.931607548690835,0.4759219215413323,0.09288818699966175,0.5823613964945886,0.9130097493454443,0.7300709955525109,0.20691887323811947,0.34709483454667966,0.7714708565060293,3
0.30419102503473366,0.8602762242442696,0.9984013782667094,0.6086160186981162,0.05855986334465729,0.23805186390191166,0.24218565889306587,0.7544389254182617,0.07972430487051071,0.3128474868192255,2
0.23157487485849892,0.4093456990001221,1.00125032644294,0.6987878818890827,0.30748776656832516,0.7494779757063089,0.20121103102117477,0.7376424553500309,0.9247542152153796,0.3603288989898518,1
0.4075397222930005,0.523827014917478,1.0109199292318296,-0.21756370226558092,0.4047577439756075,0.4910295898367319,0.11268603410870337,1.0628987792653624,0.05573533333974032,1.0179347072526022,0
0.8858120808281718,0.6481197573979197,0.399060234905005,0.8730022886990108,0.8068637962498473,0.6180198284077805,0.773440660924015,-0.006538477951840552,0.833096854091186,0.9031436510817584,3
0.3376531861076606,0.14947865625638806,1.1663164498272571,0.39204766062040786,0.3374390221097335,0.9329825648136321,0.34534814041699885,0.8577024915102455,0.7897623864448606,0.5110557022124917,1
0.8764462815601995,0.5529822591067152,0.3101641035036907,0.7287053077691775,0.7779089996110767,0.7520010734650903,0.6797440152839185,0.10889055573516755,0.7706788936290293,0.9254796608225196,3
-0.21237890403484916,0.76921925145193,0.1876210468947696,0.9878572828193053,0.3434138562142544,0.2406907605815013,0.5569234571646664,0.7073579619524286,0.7364634168773383,0.37099977161859254,0
0.9403783206652053,0.5273355281834418,0.35133225481698155,0.6975905597822638,0.7624812577738072,0.8032280907898489,0.6734012398896463,0.143353437212291,0.7825711201671985,0.9554996124831505,3
0.8660003816651458,0.5432824730687792,0.3116438375891964,0.7291174841005028,0.7919183778812263,0.7474909548768842,0.6787301474751025,0.1104171987015371,0.7792268254354262,0.9282936808564081,3
0.40853959490237857,0.6623200443875756,0.6222740021615094,0.6535570572560481,0.28271147133696845,1.0159150166755724,0.11189879847089368,0.36490203622121387,-0.053945802116103225,0.651043492166891,3
0.8326125295529738,0.3582126177434565,0.5627523160064949,0.364478035247311,0.9773764948190257,0.4003918832064751,0.5335642641826263,0.6483995928733473,0.39272757870467095,0.3815363549067473,2
0.2439359296476809,1.0289922786287191,0.5094575667907196,0.39043782950748007,0.4079130200054201,0.5347016690704645,1.011451948789686,0.5600536606215096,0.4573387713989199,1.0904731396305298,1
1.0735888769309294,0.44940169483635684,0.19735288912285748,0.7450579415577119,0.4726150573369696,0.8356444729154244,0.7646461633668374,0.3901479744957318,0.8821054219729384,0.3906480656605002,2
-0.40893088286199264,0.6379674101122176,0.134820062709571,-0.39751839085372387,0.21272967587773486,0.8987385523872569,1.3988194480255838,-0.02237836050843245,0.7492940695263995,0.6619060028696045,3
0.5819795823466712,0.8892681460739906,0.028137080108055587,0.0605568556426705,0.38542618719766436,0.30326869104365234,0.16723520947768888,0.4794860987637864,0.13088752218700944,0.927606398503866,1
0.5011466323390252,0.8381079460725217,0.28208726992516364,0.5203324522770757,0.7621733094975708,0.12730769987081889,0.013555706625995189,0.19210766053524136,0.5676827835999769,0.9026153574432597,1
0.506697606897647,0.32792342503244626,0.6913443183552752,0.5297429110585906,0.22320889886529088,0.6751726866644056,0.3876864605351829,-0.0037600640495720067,1.2503725848209177,0.47306681212039514,2
0.7187626722931119,0.3557300726799084,0.6613539651287935,0.3930048422149889,0.7404350229939026,0.6042093244325722,0.5975736388574057,0.34469573189011316,0.09363502047754915,0.2556094592906091,2
0.10671718494034318,0.08040656137538368,0.39882156421839365,0.6705139838922886,0.5828078181621963,0.8191696684798867,0.9549051587011071,0.47863511980054535,0.6372781932416344,0.3897746095252357,1
0.5904869310129797,0.2821457904767405,0.27594119078776724,0.30304326416449423,0.6509404317679721,0.06923922092946712,0.5735274216466395,0.763380855471069,0.5882871516016551,0.6371074369263502,1
0.6285330356478472,0.8564112342259483,0.236699004316905,0.2882452402744651,0.5818967668550643,0.17729449886457818,0.3260355803666238,0.492141305960227,0.10892093282501167,0.2786962627927008,2
0.036135790758011266,-0.013010678185114255,0.223981013110329,0.9511125966036396,0.36328269133301516,0.8943892633391299,0.9428478944605715,0.49869517247858075,0.7844833064148853,0.6095436446575255,1
0.13435977715915653,0.7292580225622416,-0.06810225705879203,0.41318161314816393,0.5948906315010947,0.863358173507794,1.373824265675797,0.16802540839402613,0.9843587833616576,0.8988449663312483,2
0.6459306297961414,0.7051690745171836,0.7687879673517009,0.4373383230487302,0.6388224626489847,0.6522999268206999,0.863869949567719,0.07563656071176918,0.19871972547967517,0.32968979714861124,3
-0.017348025571474357,0.113426364810056,0.06819412546766257,-0.04266235205370866,0.5902840856609569,0.4264650421848439,0.2851178457636143,0.5481164556428442,0.38745950221661357,0.36861506244533204,2
1.0200461581081586,0.24423770323897717,0.5400583972634074,0.7933248887176958,0.47016609634953854,0.4507429109287748,0.6570384583538303,0.37822686723585547,0.1670240286277132,0.5045703490312844,2
1.505724185202068,0.31201208921834694,0.5254249592077046,0.9390694181481208,1.0509949436670711,1.3216081472634642,0.37546099252865583,1.2349821526383344,-0.27697795589696983,1.2811513298988815,3
0.6505788684944569,0.7236519722355148,0.753884918153179,0.4570179834452694,0.6288891323718878,0.6777194976529829,0.8829506472283256,0.0875368075489507,0.18078718521594295,0.318531828509902,3
0.8908739388135235,0.5698191201650057,0.2952906347456817,0.7317848463820786,0.7988492732457031,0.752323150321894,0.6713821255673269,0.10840546555247013,0.7655393233709721,0.9091225063696361,3
-0.09271457858753604,-0.0015496926803743316,0.33150424979148185,0.7610820606270511,0.5791691787703094,0.4108149526164006,0.3965747022628917,0.07047429311921477,0.7605109741983194,0.9092499158914873,0
0.34806829377792314,0.5504128827193349,0.6239213881808057,0.5005271300548535,1.1074621749226947,0.4953851953169531,0.953151560808094,0.5957358696787476,0.3380632677387753,0.24187540831528387,0
0.8175721702657871,0.5982437674509455,0.36040130707475587,0.6475028609941458,0.7864118203933897,0.8266105244429115,0.5994782192077746,0.03168588629854381,0.7390366409705714,0.920573105842195,3
-0.5265442868971727,0.5454206537651931,-0.2047008210150572,-0.5068337097305897,1.5181292934143298,0.31333727101497255,1.1529700761997725,0.3194065950709377,-0.586639182141189,0.05996458201687632,2
0.7401746495650988,0.40994462258470277,0.9173784644846764,0.6912916548806229,0.5134921760886482,0.5520436631332372,0.07097405815753573,0.7196586352907914,0.8207081209761145,0.4427867164502503,3
0.6122571948857259,0.8024666000520879,0.20291203590312523,0.11236810578150484,0.7946217291157116,-0.023287298900580317,0.22750458151076053,0.44533960542646506,0.6442975135181862,0.052247381700778764,2
0.8782387446394277,0.6026884174192735,0.7678219755254364,0.10608960955086706,0.4529825584501372,0.5757672163664316,0.45509406824496484,0.25840567332714615,0.7486285716745325,0.9767010361077928,3
0.16892565370651635,0.37240303833779353,0.34964032290698044,0.6948727854274044,0.4873320013657736,0.6695530566398161,0.5535262348261906,0.7435741135610484,0.45182236663485986,0.007916683725544382,0
0.33923199614326294,0.4060563526298563,0.36268728430021663,0.6979092971391223,0.168823278691926,0.3942139662164238,0.4982216217909401,0.07226136909422202,0.9468044680583957,0.17929183338051763,2
0.22269352994001623,0.5003686876611306,0.8171538996344663,0.14987100168181833,0.7603203878377077,0.1622336738361982,0.4654856898967612,0.682647535138335,0.3470554237389598,1.1532235608965191,0
0.1408598385556753,0.6778371299027381,1.2957969044540238,0.44804525565607534,-0.06458560330896324,-0.5373759984257658,0.7885299891221843,0.4514970825604839,1.5893408270156222,0.5979157562506308,2
0.47749384675769657,0.43407669977248664,0.2414479213196998,0.8211130639894985,0.01621433197304528,0.40303702776611566,0.3958426270835176,0.25943323773053384,0.9348261056447063,0.35644037310380894,2
0.3143026550958984,0.48710429664605953,1.1143913064172613,0.9232307096768186,0.2459299019695192,1.0590493475561507,0.6065194915213121,0.4220677754377805,0.42581141164516506,0.14491716278809766,1
0.3243976786195071,0.6297218819046468,-0.014653261867363364,0.08705194090972375,0.11286398925650609,0.7004262992628011,0.6507952444900076,0.1742362300174895,0.9619735930986488,0.8293277665447922,3
0.31503242489780986,0.5390707333395717,-0.12720766316704885,0.14901877234355093,0.08487847750656827,0.7181990617275055,0.6669516377439162,0.13291775035965525,1.126908593496997,0.9066916283860571,3
0.9367830154075035,0.6034037220955333,0.3066757355792122,0.7109470881200777,0.7769719482899637,0.7215555870966268,0.7178560629669206,0.15315660804702713,0.7481753957165027,0.8889614985744658,3
0.170561684023191,0.8790075613222358,0.408503242819556,0.5420137348801148,0.6185632019084374,0.7988663366292063,0.8853242460736467,0.47882008690890815,0.5611263892411665,0.9959170621498131,1
0.15916675627725851,-0.21127303143228285,-0.07450413348351478,0.26766894837537447,0.9707608627274709,-0.014901802760564742,0.28153506648218907,0.568981209439755,0.0248581865094257,-0.11281095859894608,2
0.4758600499391989,0.8242232505370901,0.2898398991653513,0.5382256035355949,0.7977081364042209,0.1604143485441248,-0.000652019586914656,0.22968849334954844,0.5512900548852656,0.920731456242834,1
0.8371543847358438,0.5207427953537214,0.31065938034654544,0.7309790522515646,0.713364444036549,0.8002640739675319,0.6566168147424843,0.05506598490070031,0.836366003811674,0.9607126003801321,3
0.6229341283470656,0.33499153820032235,0.28401455752531457,0.33869770460423865,0.5220169744601632,0.03949333454323488,0.5946627446959657,0.8462804565452973,0.6654544923316923,0.7079736303191679,1
0.42299728946635884,0.8269677788901897,0.09522547840656712,-0.15934730274405823,0.08928466126250784,0.9574067406210294,0.8227935207844382,0.3675539698705552,0.88198720507391,0.7702840614412381,3
0.6020028004553942,0.8869098904137214,0.1223029086628471,0.6730859278013978,0.12934812364621953,0.9533896978120323,0.50294847960123,0.0988193371640601,1.329850574532045,0.5496935269654073,2
0.9010375775953874,0.5243719061945558,0.18846196723380004,-0.04415240652165808,0.5067360501516646,0.45234909142437385,-0.13074059383410652,0.0807357075904227,0.5506550871792232,-0.27605904721080404,2
0.9073653298026924,0.25691659380575177,0.468743144387733,0.5883463962416329,0.2191735068331133,0.33065737085254415,0.04728541762276189,0.24396589745556946,0.44342809929222715,0.6551296765034733,2
0.23908697356184938,0.7220807952726457,0.7524203604464077,0.30293865670030695,0.5236588276179883,0.05154904580649983,0.2229604339040916,0.6583350158310824,-0.026744970285490832,0.9051717955434141,0
0.6009477501190186,0.8766736109096405,0.0490940351613617,0.0816441012958585,0.33408204317784307,0.3766977943421004,0.1620124577629224,0.538055456665597,0.09500818016379009,0.8892184986284097,1
1.0022170746788692,0.426523206653384,0.2947631160677845,0.7307514452165189,0.16152264885038098,0.8150616568240991,0.7717660187658939,0.4966319065401561,0.8358181636340891,0.22795882114776905,2
1.3412203688163506,0.9917630375044504,0.652598023716175,1.192821262260644,0.683650756985269,0.4563147003232052,1.1510453175588828,0.023793413413218556,0.7682101029495916,0.5172679202690036,2
0.9456141966979288,0.5909858593758966,0.7537343015707166,0.06168599535835431,0.5532751354595951,0.6290619073241714,0.36961001465622023,0.17950272440558812,0.8062401468397079,0.95835628669907,3
0.5482022744818529,0.44244734457836615,0.9422518511946361,0.7779188090123683,0.46675341395163616,0.8180209521016791,0.48327303004078614,0.3776620707624657,0.613540870652552,0.2048113110477101,1
0.10132895892557087,0.07384109440700914,0.6316433562475117,1.1180761346411896,0.5990650815667684,0.5049958370366167,0.31954065574871826,0.6010052394691758,0.008260356088314214,-0.26322092716597734,0
0.4246348478193026,0.025213793209855118,0.1906192373273709,0.3789041688500966,0.864849994659119,0.055515970579696095,0.5074674068326153,1.0549393199344455,0.3634206639338341,0.6445910736682637,1
0.15986217126441843,0.38814625912866946,0.9539308255918055,0.4667610456452915,0.5675096101638409,0.5846832097643746,0.029776609319487363,0.596614561946662,0.6617937330202017,0.29868096774887815,1
0.5043721456780488,0.05392240631281959,0.16811655692278465,0.9101172213096349,0.508432745560728,0.6857554279146636,0.9063106203194058,0.9664772569889135,0.3322597966217453,0.9087915830465502,1
0.7417123343102499,0.28749774734295824,0.5095029495498609,0.6826899959460236,0.4314620805109267,0.2851516807149509,0.21879240322416157,0.22294073643300813,0.45832072049061245,0.5066557693910329,2
0.5662830688381437,0.5806517457682208,-0.07053613383711094,1.06219769712866,0.6201766779194149,0.791788405183884,0.08634208832383694,0.7804498959198432,0.8283589270767711,1.5491060946952693,0
0.4736218686384347,0.6998607184959841,0.65770047940406,0.5044091514884673,0.6076248797072917,0.5220605877178237,0.9923330007113873,0.07703447538623455,0.018943704652574583,0.2905527438928897,3
0.34387532929706305,0.35766104333408677,0.5329671172417656,1.2129325020065727,0.6130125456643216,0.4510140766544734,1.1548585375238183,1.0904184348120811,0.13614716106823058,0.5387403010414035,1
0.7094638182555166,0.9532249044816005,0.42592899403008655,0.1247769948802947,0.9428723239651249,0.518006234991998,0.16963299849923127,0.3042843908937657,0.17051986137896644,0.18647819535005616,2
0.7908763793749856,0.20390664790586208,0.1325838337220017,0.880139346199444,0.009544494757658145,0.3669101495066301,0.21844936337850385,0.7505583206984159,0.5733806259494465,0.3029249861226261,2
-0.01569419250475801,0.16011144564992447,0.33711324569928786,0.6792656025137633,0.5398679434618154,0.5346359206986551,0.5889703664660091,0.48894986860546974,0.8429889235810768,0.7723521436236938,0
-0.012180615905518055,0.4503559953698565,0.4107447486588808,-0.10886881244206228,0.6257424702477042,0.255642812016102,0.30173763999020836,0.5440806374753209,1.1213567652595562,0.8569584410987301,2
0.40607842046440407,0.3629894617182977,0.34900985650423144,0.717262116456385,0.2891716430162959,0.5068841080671157,0.46201823006475834,0.15268849857986255,0.9569485089774677,0.08423197806104052,2
-0.17478162073928938,0.15852541461258934,0.1379160106150231,0.8149829403542849,0.5974249290025626,0.12004900094763166,0.6752616040065675,-0.09894748667380274,0.5254847741686363,0.6692646074901916,2
1.1568894070781535,1.0350130597336955,1.1377358260338895,0.5749345668825727,-0.34472405456108673,1.1206569154723227,0.625216084675891,1.1440111696508812,0.08959349725434124,0.23271186545075695,1
0.9326900466746746,0.09124181205202216,0.6464465992910091,0.856526876691862,0.5332734584894331,0.42727697626350264,0.57814815107,0.3359953660502221,0.11485060595611558,0.6029820849612332,2
0.9364200506376409,0.5787707070024076,0.7638860468468702,0.07673284247623438,0.5424982705659773,0.6227549949958553,0.3759609329123283,0.19502294635148898,0.8151813160994464,0.971250842390388,3
-0.010810165666096369,0.8926278634181405,0.4841723309886026,0.4538660839709705,0.6392373491542551,0.7508886104681868,0.9672317010439914,0.666005193235818,0.32639704635956646,0.7919203410732265,1
0.5245229250568139,0.6801660208169794,0.6099477177906598,0.30781561486293213,0.7098807103085105,0.6859103232022675,0.9964027082818439,0.1555026982329693,0.25848636229623856,0.38484370045364535,3
0.9370520072986374,0.5217795763539392,0.2784690166077394,0.835500624633044,0.3034093429024668,0.7093216050282115,0.832149609140141,0.4633427487214047,0.939762343803783,0.2911235720624379,2
0.6087366635535073,0.018168822191482442,0.32846873751109984,0.3449045878200091,0.4467141906188532,0.06506176146612219,0.20122528522263636,0.5653315047070636,0.30128059739472246,0.5799070564845961,2
0.7658058304099435,0.33454150227141627,0.24618929089702593,0.546620918348931,0.8584593805324146,0.18477582321831906,0.5937497451580958,1.0102927113104887,0.8309642684309638,0.9247522139080104,1
0.7248797263295137,0.9259217402028307,0.18248692854810467,0.16111126789093616,0.878356221271537,0.11909366752463939,0.3415704961981451,0.18948296499293268,0.6895443504966307,0.01201776047549728,2
1.0239817126835584,0.12982990227282812,0.4155997688524818,0.1572671206667669,0.003206228290754176,0.05267548548632516,0.506433627850637,0.7554367781790806,0.006988072944454308,0.5156696903682759,1
0.4748076269056718,0.7816231716364249,0.34803588706858957,0.5053689523567654,0.7533097280842919,0.17707568289534537,-0.008113288879280513,0.27434244905558236,0.5693705965030758,0.9268443329630269,1
0.6716746899105992,0.7966596743200552,0.2799650554095333,0.23218272204326734,0.7559566865093221,0.4077009370129722,0.1279701934539152,0.4254527553934169,0.03877567517980713,0.2958700043258141,2
0.48158602449151783,0.12119439032603582,0.12169460449602762,0.8460190957726769,0.5504638636773331,0.7628872460502893,0.868667579651822,0.9815578122335076,0.33167345510023666,0.9075207413716913,1
0.30173608243791955,0.9106777938530085,1.0006147450692966,0.5652033535929236,0.08596258706903648,0.23416825411813605,0.22460363502664532,0.7742673271040785,0.08047958018886944,0.25028319771793556,2
0.018069820456811117,0.18979881436141774,0.37192223129274954,0.6715640809198715,0.405235024972586,0.823861489041271,0.9011058705656213,0.32733205493302225,0.6663496906687969,0.5157039862268264,1
0.49025813347094105,0.06394774488703675,0.1416452784624814,0.8893357614021328,0.5346172068013398,0.7103589520505452,0.8797268038110887,0.9889586805216216,0.33964257068234044,0.8824878971720661,1
0.8430756144608456,0.5854110366813826,0.3544464827362554,0.664786103705691,0.8126366658008239,0.6790856436179021,0.760226931193875,0.053339479327630536,0.7525792694093275,0.9211258097970862,3
0.8607051511130004,0.6977645833877627,0.14964904433309115,0.8097556677359582,0.38593903874682245,0.9920581389511609,0.7330493015214968,0.16749290932066024,0.8033629647252686,0.31582780190794535,1
1.011471145960302,0.47258163598240543,0.29011270144770107,0.8806001285373868,0.29759141591282623,0.7737372674882472,0.899237852598662,0.43247362654633564,0.9346715279791941,0.21849072569699077,2
0.4625974480374958,-0.18988386585046768,0.4388356118668034,0.4137736965446264,1.0625906181506606,0.4225572558631606,0.34980448725152047,0.840215810184145,0.3663656498087525,1.0274117407422914,1
0.6663156065271391,0.3687084898508108,0.28090628967254944,1.116695669825837,0.07375967643081399,0.3749310943228952,0.4345069212288421,0.7361258779125381,0.5288208582513808,0.08283899456975102,2
0.6051532030667757,0.893123690950862,0.018850017803962546,0.05552056861669468,0.4031642547770314,0.3113054712177737,0.13329539906007476,0.47515852275703724,0.13269862189874113,0.9220075840903652,1
1.203378672852311,0.30831572314231653,0.566963032692495,0.8603733535387554,0.5182511409282295,0.48674636613580335,0.6735523653082027,0.581868889920046,-0.05040391612662548,0.7377943257814572,2
0.4380681785671081,0.1570534332422336,0.05364322773059946,0.20806062695625166,0.7253263854791945,0.2670392048572071,0.5914362466255416,0.8596939488381274,0.694398004969865,0.4311868914118002,1
0.44021163938433616,0.8658234654379665,0.34380201694503154,0.5516481921788498,0.8035012354877941,0.18144980764510915,0.014774740775321525,0.29447340827441437,0.49656057435089646,0.947367081772618,1
0.362971325806037,0.3798411380842203,0.9459528459958934,0.5792529210210318,0.3216241262783934,0.7774320970057089,0.16102161676394383,0.6399102432958373,0.9478364378291702,0.46968459785721595,1
0.22998231051681625,0.4074435841623073,0.733095449722479,0.7500167873944829,0.32591320205620156,1.0296570480916054,0.3109870668996322,0.8819770160365341,0.9343590005429249,0.6919756866194395,1
0.6207008847379609,0.4345329196125265,0.5836956657166921,0.9613363414210759,0.7089271921038821,-0.1377721182926629,0.34488331873979927,-0.274421573690099,0.6985332316852593,0.538385424334181,2
0.3411367585634079,0.8228636223108338,-0.012847347636147116,-0.055453549975656935,0.8937233134063292,0.3042536892243963,0.2576471518267815,0.39759399966209114,0.6431456994149554,-0.06215902067084031,2
0.9029134640408395,0.5991406428832489,0.2931840121437383,0.9150261233198812,0.38878528383339855,0.7538882974307196,0.8701661402215093,0.5172101873952155,1.0197057526119273,0.33946665955981126,2
0.556853078724371,0.16386663512327185,-0.19094985996483405,-0.00446559590962585,0.6258199395551027,-0.0662167514444898,0.5562517240635902,0.14626466671701416,0.43836503058603865,0.34104983094133934,2
0.10363067106858151,0.08359691492991113,-0.01721538055320336,0.41941001653945537,0.3613127237863825,0.18478185314240503,0.20934183557101363,0.4420029046085884,0.30321567300223273,-0.07358540227304067,2
1.091423791249038,0.3984403876739344,0.49498662190065823,0.7924541027491258,0.18463416169071495,0.5101452840962558,1.0556664614059537,0.5759042846601894,1.0910812353099362,0.5266547816713796,2
0.13227047407808312,0.18581795227751416,0.2071358461326876,0.7689407732250274,0.4202701818141711,0.5814035574616612,0.6531601626269117,0.3848054571496802,1.0006357530733048,0.857454490864248,0
0.5829774916058637,0.8107891090503155,0.33707835539103936,0.3548212847622225,0.7576905051117839,0.6294651626831667,-0.05851174583133256,0.2734469755091007,0.07680705439458282,0.46428901013634194,2
0.655383168518127,1.0391252792808618,0.10493380523312164,0.11533155395757427,0.640191581098043,0.23303549825263062,0.06996119400289885,0.24227958078246611,0.659686449469378,-0.0047120304385696275,2
0.7860336741350771,0.2395229614751859,0.7340996043049265,1.014376301796646,0.4277632769687306,0.38035438369624963,0.6295666904095768,0.4534318134431009,-0.011760860576335685,0.6898039024699784,2
0.8581747478268015,0.6928306012831322,0.6038082143668472,0.23027369790368712,0.14602221703554003,0.8316033992104553,0.8819918157799772,0.648013752648017,0.36348899528273004,0.6990883510357123,1
0.644543069496072,1.0011694442050252,0.0113013052886545,0.038619153742339984,0.979798358866491,0.002354557656883728,0.26992599439680154,0.352433586764022,0.7552047699063202,0.22794968692047093,2
0.29768451705167154,0.8268215284222905,1.002895576234612,0.6083921889911905,0.08509640120289211,0.2325355830715334,0.26909992375727265,0.734416817456981,0.06527120922086818,0.3421700041900959,2
0.7241857735504692,0.359605829116967,0.7342785015612217,0.3210344492410271,0.7191017180345075,0.5722331795638438,0.6529485664886646,0.33490778021616896,0.09533147682484336,0.2236570128780481,2
0.02774512346041217,0.23583067239148578,0.6953659484821987,0.014440585444289396,0.04432982522847974,0.27807830174776993,0.13168420835334127,0.8720482180584889,0.46320418071898767,0.2918041454906811,1
0.5751449169451411,0.7527076146340418,0.28300605085869324,0.45210893228388066,0.8599726302209947,0.1277441248712478,-0.011663372160348205,0.3006906002528109,0.5873433065479036,0.992777091167972,1
0.7838208950121319,0.3948848143355656,0.8784879851526021,0.7267278152406343,0.5180975534161737,0.586733665636237,0.07486281504244559,0.678128456329953,0.8693061364759019,0.41795803802826,3
0.7104586259216854,0.670157582150889,0.6702233167080385,0.24656725792101986,0.4198526278131054,0.8802767887352085,0.6658542115360421,0.2550681317499654,0.18495179361828093,0.4849750427299382,3
0.828543652515689,0.2198172159758939,0.8053407029108248,0.2827686281840661,0.7097164475389838,0.8097796337238029,0.9902498420897246,0.47173454432377143,-0.14260099506368706,-0.12474000169224869,2
0.055910824500472044,0.6928979771528256,0.5322547762006729,0.3694409020387044,0.6887131240388069,0.642522981119899,0.7919378633502278,0.5615995333272011,0.44869196255698496,1.10726496101287,1
0.07246019952021454,1.0113184174542151,0.8715031858362803,-0.4080491090961891,0.434619431672048,0.5455994379658392,0.5543624728389748,0.9837772948752039,-0.44898943189952323,0.13856381391071848,3
0.6372528410114926,0.8818312036180003,0.851847150106102,0.20864378591935617,0.49508497752252323,0.736771019720641,0.9441270029673752,-0.09456565047173601,0.0044877858251076985,0.19545544973753995,3
0.08036519229690149,0.7625697185685171,0.29322870279163277,0.4912578205953383,0.937292929338308,0.6154736058722344,0.9032127680372696,0.6891235290649954,0.6183385487209899,0.10390879882931409,3
0.08472934215583028,1.6799160060819651,0.6291469613261123,0.4460881831102679,-0.18339249234271016,1.719462284737129,-0.47804985711128467,1.0372743592782108,-0.5019153970473637,1.5665619525995962,3
-0.025353468234558085,0.19046027071508373,0.37239507437003755,0.8246965575873999,0.4397860222339404,0.8865914486588656,0.9601840580511134,0.2593276260464248,0.7351928584933244,0.5266670187998307,1
0.3630699687414362,1.148506487531911,0.30688448718316763,0.8795958128202874,0.2751636973531961,0.5919857231215899,1.0369543902475078,0.3239115510819428,0.5269740950573413,0.9615878439541138,2
0.36612551147182015,0.22657455713783167,0.5957962419994861,0.871158124032659,0.4698429660009229,0.6385679447002144,0.28574995333856695,0.256720830583216,0.41461079388287425,0.8270738027764077,2
0.2832258682036847,0.5263807609191425,0.9282099391829586,0.5241147315338408,0.3745246540438864,0.5900870001132057,0.18209924956421566,0.7431574806058368,0.9638931647597704,0.4762863678509673,1
0.6328225522567106,0.7562426027137855,1.039822120705305,0.6202637103758024,0.3897782567123521,0.8038545139965504,0.3680300253863853,0.6353402366359514,0.3597570234127653,-0.002457562370713262,0
0.6754208083469686,0.798758078394375,0.27911723260760635,0.23488867762569632,0.7681675450060039,0.4107007063861028,0.12165633501143377,0.4200796855643574,0.0379626921642719,0.2928684191749338,2
0.27830782049936076,0.6412484198684997,0.5636757947691173,-0.12117657551764169,0.43417158825285773,0.37338605073014886,0.4474039871348057,1.003586034080164,0.07996189531116313,0.6357995407061576,0
0.26687277852232827,0.5674435664417644,0.20110694466380463,0.006940268933400703,-0.0949008533399987,0.6986198674392995,0.7636745610021375,0.1274437423079166,0.9711447816191233,0.914366900321616,3
0.516749679002513,0.22098035427929194,0.13990361199735873,0.15400736472360949,0.5174395259045488,0.1802157001444528,0.48739520137508047,0.8761802942956133,0.4332617273546066,0.5498086351028506,1
0.8282573332943587,0.6051301882719056,0.3429605025056637,0.8132124633797017,0.05273894275536162,0.9126342205365378,0.6422231169778108,0.12370800655895986,0.894030644508005,0.4290552998185532,1
0.6365623032693357,0.9173694216483013,0.3616948942069604,0.09631589125558623,0.8181477274687606,0.2668065918591369,0.11271471667944657,0.45712003271812407,0.007195573042785078,0.23105789519665645,2
0.7533665892895801,0.32156852330800856,0.7358238925325099,0.4198912239302821,0.7235927868278819,0.5423359363716344,0.6483927927624316,0.39603674812861805,0.06766393551160163,0.25752687541083275,2
0.7103140072483999,0.19967981710161695,0.07237373324689053,0.9332123063655148,0.2654679918428721,0.43105400278761086,0.5974423773891888,0.6445556444836965,0.8961812346106645,0.30138841957079343,2
0.7260458788801131,0.09728361055057105,0.6001195701286623,0.9253927770554066,0.6405615235241617,-0.061178940300984475,0.09334897935285913,0.42780166362635447,1.4277529047191386,0.292780294321863,2
0.022844247233606563,1.4096037898718339,0.06949859612696263,1.0037924496588582,0.510500794188713,1.2607963920169816,1.0278085930198047,0.7773170311148828,-0.5379789291055139,0.9862458363310332,3
0.14946054492073957,0.8041898755000243,0.014169721646905817,0.3603965669005784,0.636358002589557,0.8856044220258545,0.9409653409805875,0.13730540868175728,0.7806541541241094,0.6863888297261274,2
0.0861555243877056,0.08809212583257525,0.7853659862979889,0.2489412662664845,-0.028127471486397077,0.3549651214063792,0.546708704952822,0.38054863429855285,0.25549306128042715,0.527624930242119,1
0.13285880096936897,0.19527153933016972,0.42354633857160096,0.7268299122709276,0.4849271164426261,0.8928696300174546,0.774542571097887,0.3612681686867289,0.7050302505600724,0.4473845361056353,1
-0.7627071480130336,-0.06137839103131115,0.6842324661970153,0.9166950472572777,0.4832583563382074,0.4859779059241694,0.9564143401727099,0.7363108973013432,0.653929482476423,0.19616979939863616,0
0.783719695468564,0.4887625010682653,0.6328645512644582,0.3458241200067411,0.17048225947460252,0.7255237302237849,0.9934007410924619,0.6168058797473687,0.4063787773805392,0.8438794801522678,1
0.0857712176765864,0.2791591618426642,0.8056454026268159,0.4617484227951164,0.08663102140796447,0.1328139754627678,0.6610801326308963,0.3237205152986247,0.39895054605603586,0.40994352046408244,1
0.7451215681455695,0.6133358563223386,0.15103721936894515,0.7222377820360439,0.015090872117422993,0.9881004234259319,0.1418231082452719,0.27412383267292656,0.279783314611675,0.39210755619598975,3
0.5877093552060155,0.8473067177607826,0.18866761348601424,0.10401491371147324,0.798032680858979,0.05493018209061317,0.2812614188762271,0.3595117495297999,0.5971955447517638,-0.014162586250839434,2
0.11863150285961335,0.8400369569201884,0.7099582785781147,0.6897801261094744,0.06121658278196957,0.7188219562379154,0.8212863139451259,0.5725376364412444,0.8050315439920315,0.5411095714582105,3
0.5726239579395046,0.8052641624776896,0.10380951804368316,0.08333245420109081,0.6655521290160586,0.4752974880197962,0.3350945585014935,0.45680124351786056,0.23913178405156602,0.10794337554372713,2
0.6302466642143231,0.4651891505760476,0.8583007415425684,0.25225276505624145,0.856836588607673,0.516695977490946,0.8050704770516397,0.3884660956693131,0.06067163241170827,0.38182490649657513,2
0.21072604408566975,0.8113040555295152,-0.0506125205451535,0.30529091157304095,0.6706407152976325,-0.2675324407669575,0.06465818338804413,0.50866425497312,1.0404289931667965,-0.069407758332254,2
0.8080884067213163,0.44712402307529814,0.4016446964512502,0.770576502095717,0.7570782802675851,0.7890806397724002,0.6940690044698384,0.11057387802870793,0.8508986053480557,0.9371201331146012,3
0.983593210309594,0.9171931657181966,0.844251606673416,0.9108982661288653,0.3138214668246946,0.8593351776214182,0.13095799446882128,0.252183771452854,0.422741102688468,-0.3437564352371083,1
0.0336402286957344,0.2185684571945371,0.6985506206231384,0.03191921559416651,0.014630603916134514,0.2509742685396205,0.13191586167928995,0.8782972407293429,0.463156294401344,0.31499186707865917,1
0.9116899070890145,0.1864736848169156,0.776453766264565,0.36412934081500775,0.5821704033527105,0.7712915838362979,0.4609885506264369,0.14221684297860954,0.18297333544287744,-0.009425155085023423,2
0.33592237132185593,0.39354536984450905,0.382571476139419,0.7406771608418671,0.14826964772494766,0.3634697856309919,0.4799190408915533,0.07929143719598984,0.9196849230544872,0.2217526754542408,2
0.7848830073196159,0.6047675443967824,0.7355468184735674,0.30257307496511054,0.08031257149041489,0.831483973789642,0.9963701617100602,0.7400688053323456,0.378879608781956,0.7972253949813645,1
0.036136863134249846,0.8072613869272334,0.4150261874325134,0.4284138687359374,0.631840255313464,0.6780262010324167,0.8807167730934504,0.645069015480181,0.41761096474474535,0.9205021509909757,1
0.8553106948143677,0.6860822506068913,0.358913967353551,0.8325451901691958,0.3839523675670695,0.6865840234336883,0.959313150856232,0.552553312482952,0.8526014298733414,0.3273795044453031,2
0.5603774592025548,0.6671702643147277,0.8978359195145543,0.47368640852951427,0.771266804702981,0.6297294299563696,1.0090023699992787,0.12804971237352952,0.3402917264554193,0.3768427002947941,3
0.2449034372289262,0.3995713332540389,0.03517581596419789,0.8461978828213863,0.010582049923568055,0.7263254988078203,0.45134095240053673,0.8125621937251766,0.562291379017093,0.00438188850821402,0
0.29979104865768574,0.438492470103803,0.9758027330003672,0.6436560736484381,0.37174094706025357,0.7224145282049914,0.1676790540756409,0.663929263764908,0.9240384549125482,0.4292806567867313,1
0.4647409085192849,-0.07031125468588081,0.03358090837220275,0.8335043128140993,0.3533595363202069,0.8258840948504381,0.8529459353518565,0.9201813457849751,0.4977978861538452,0.9009005066428429,1
0.4968824911513701,0.034121765225030326,0.032418321287055366,0.8165366587745945,0.46209148851108206,0.7830946730693978,0.9450831408769342,1.0048211461509238,0.3992776995812117,0.8501764225501286,1
0.6521762255683081,0.9027660035140532,-0.016768518552954186,0.11777353106571464,0.4021384497690194,0.3109355672681398,0.12300894159662125,0.4419192995062085,0.09644682907593893,0.9748429392130633,1
1.1301139347694142,0.348512718148152,0.44653794495645877,1.0252532350579322,0.13181131745478908,0.7614826477312334,0.8011772456023962,0.6158481587835476,0.9863425447506616,0.38330587599846294,2
0.3612096241838275,0.711751036124995,0.6091293057049709,0.6861427149208917,0.8810344861540618,0.4324052995829025,0.0007947509110147744,0.20178744175259933,1.0955812222310384,-0.11494909084301447,1
0.38157878102739196,0.12022952614621354,0.4633266490160099,0.38353750844993995,0.5125567331597476,0.054726981729001783,0.186054339742138,-0.23883638512786182,1.0915968977877588,0.690799925049119,2
0.6740650786392521,1.0183575188638467,0.06487529165656075,0.20890694747236294,0.9388287551628438,-0.033088561727036184,0.05003567310846882,0.39463986807977663,0.34403853383727356,-0.12791580673332287,2
0.053245499807734416,0.15090752922940892,0.3622857543220583,0.6808521283775367,0.48031263115910844,0.8173781223084666,0.8082439003795565,0.3574539530525246,0.6413446160062386,0.4563764388026232,1
0.2300450746176339,0.30699795146005565,0.37988806384009205,0.956411265961322,0.7238380218701441,0.5790177872378299,0.9117413800599184,0.2552633758038047,0.7577701915764327,0.48683752587599843,1
0.5366145942254401,1.1129685646264034,0.15397616361118138,0.014619707472487517,1.0162007802448116,-0.10032753521916449,-0.03695503309362902,0.08808690854915685,0.5694723263903742,0.10934064062901293,2
0.7949306722324195,0.8615967629158012,0.17181021429606536,0.8894947417104168,0.6519301333455131,1.0245996266430015,0.581179902712765,0.4945891393162709,-0.0030631576851129147,0.2458823615217687,1
0.16070592495924108,0.643184827846693,0.8835172574936626,0.13541923120777086,0.48243672646698543,0.5026247096816474,0.35297549388224236,0.888351724215819,0.3819677147732493,0.8918966738189555,0
0.1525111087951259,0.03746041172167709,0.3472794896504038,0.7594225468898872,0.4651462915738861,0.5883018884862189,0.5601623015052605,0.42706141761236105,0.9089105687934297,0.8103210031746139,0
0.660043618031973,0.38684475758516246,0.7297924977545234,0.2726301772659592,0.7135984133917732,0.6045272773414979,0.6125473228355846,0.3783056150800457,0.07107639763245216,0.22793530112974136,2
0.8094923271833049,0.27214418023265247,0.5204987703784811,0.5479084742525822,0.3399199543063422,0.20020134506967907,0.09213438252627222,0.4175949512419193,0.36664034623997693,0.6323402132001897,2
0.3248391549977732,0.8874022608712206,0.887247951500601,0.18964272163703177,0.9172231703321191,0.392858514014028,0.6849024418382056,0.7734530181496512,0.5110902914056452,0.7820090068653932,1
0.5091599948019186,0.27791478745064,0.1147039805980269,0.38370743158827536,0.21287461900100352,0.20952639521118413,0.36947363261222144,0.17296993482142972,0.8774324813303565,0.9520911532728543,2
0.8924621094803139,0.4189495645714876,0.418416745091924,0.8901726099978352,0.32317349987211974,0.8437059847446553,0.7455796789728536,0.46877511600394095,0.8830408338547445,0.41834503912054954,2
0.497177731784936,0.02448485983950871,0.03410966867213361,0.6359465274445643,0.38288916973120213,-0.05790760833091685,0.409064116255759,1.0538238245526566,0.8756417160527888,0.38728629401518333,1
0.9251543105403282,0.5300008319573545,0.8479926742668592,0.13565070462106443,0.28255148841096167,0.79674070202266,1.0955699312280065,0.705345935202956,0.5201457070886577,0.813807844846989,1
0.9315940307760652,0.5811052215871233,0.7682441809837803,0.04826107672657952,0.5545397358128267,0.6440186085804172,0.35080495808750534,0.18893986483802358,0.8170796529791827,0.9936087466955118,3
0.6360887841616237,0.29083671193808003,0.3963165332328108,0.3656497731158302,0.6320016518307399,0.08257039770616251,0.615069689442295,0.8858248810105313,0.6963569567447783,0.6739031782314459,1
0.32507273979497026,0.8641157196923317,0.9719777345510464,0.5709371648056951,0.03828295198923351,0.24852323740841134,0.23277404491734716,0.758215344640139,0.07097347151483865,0.291647645364565,2
0.48462752941822546,0.6311233979224178,0.3440972173216792,0.42081203630745595,0.7657100452203265,0.36240274427204683,0.169397909902122,0.5769300620646002,0.0470345653103933,0.320610967503642,2
1.0956237655800938,0.3194672094015233,0.93510572304739,0.09485316949332012,-0.13807981245985684,0.7754515624214547,0.9987990731733182,0.7986886612563149,0.12160168599083959,0.84110076005407,1
0.601243787754791,0.7933083074056615,0.2882478610087092,0.1907751120284153,0.7631833213602657,0.44023502459101616,0.09268112426595732,0.4721565721715512,0.11244477788672413,0.35698845212971625,2
0.6097009140757499,0.9041941296638576,-0.002894356178611647,0.06775361541233724,0.3949775664098212,0.3368546057892009,0.12999355648059188,0.4846960431830694,0.1256503781537366,0.9128605322208267,1
0.5439432115031103,0.33209529526284576,0.09578889414094494,0.3699203339660681,0.23089262773268285,0.22878033429756425,0.3281441285758167,0.13596290323497615,0.8759250594479335,0.9728450234251247,2
1.366656564314884,1.106167519289524,0.2184575191637533,0.2622159694742187,0.08753573547585883,0.6692473195072326,-0.6920363190004193,0.4323560714094984,-0.40885503549359814,0.5005191271312643,3
0.8382867759924385,0.6336583763293144,0.061900764557967045,0.8548588187556294,0.4105004230066077,0.9489760710820608,0.724577108490298,0.10876152177194713,0.8389719687528595,0.3825613485915206,1
0.617571287548906,0.9857655642175368,0.06882542147724544,0.10864061777627518,0.32761356181819423,0.2360074242240494,0.20299528922266907,0.5554090465782242,0.2147734338821689,1.0155177950270056,1
0.7624718770392642,0.5286948988045548,0.02267737455089057,0.9206697650469167,0.21098532035378714,0.9262429428095016,0.762399823727658,0.2723849489298773,0.9095182445316025,0.46473389062404724,1
0.9145750745417267,0.5291433950109984,0.29528826631247374,0.738103492123431,0.8115960280306038,0.7039345295287142,0.6385792201347169,0.05373523962926292,0.802768319181334,0.9146528212054541,3
0.6918090973056352,0.8235922145249269,0.10265983206759688,0.9096728214862726,0.6505438176858946,1.0286473939845808,0.6402376486615962,0.4838317323971156,0.06382545589252916,0.35069669329468156,1
0.5506699922274889,0.629046713154002,0.004018357816854334,0.12892573643253602,0.6502305720858731,0.6064691071570667,0.5796030402585649,-0.06756095174460675,0.7119260395554913,1.170730504894723,0
0.5447040982433221,0.8232495528085536,0.3748087904650771,0.13889391969709486,0.7586835709023939,-0.18967747654497943,0.528213673273822,0.608394503369234,0.310489572264803,0.0674186725413381,2
0.48383018633679215,0.6931180162968034,0.5952223830334592,0.18558801266114672,-0.04273183696771926,0.40124648586245015,-0.01144404659338523,-0.10200598191192611,0.8464170958139772,0.9898257217067852,2
0.5457755233331218,0.6831267225903381,1.19664342776719,0.7805330504563378,0.7344037310238491,1.0108423100545205,0.19635704161963397,0.10941763216409098,1.075696421695991,0.06320351021160953,1
0.23948043503496672,0.31480332710299425,0.31367761805763417,0.7553152550651389,0.06922916772692703,0.3897983388371833,0.4855405922322004,0.08322369156335634,1.062888370088445,0.16359225272573355,2
1.2206268754207334,0.11958590096569838,1.3114736825265556,0.835404785159036,0.7420786788607178,0.3956312286536015,0.10237428213903765,0.8472071013881788,0.6872413047140454,-0.4947879116915982,2
0.4928294151360685,-0.0740622048264216,0.31381969217803934,-0.01592353597160688,0.8552819315467519,0.5146617029252369,0.4023976297856626,0.4886446092234203,0.49701225374070046,0.29574572943933874,2
0.9084448044517099,0.2924637850112878,0.5170850997335964,0.45236753485084313,0.2689859069259163,0.34567912038635884,0.17206433269169702,0.3792988798040531,0.3422520708164685,0.6055580157396492,2
0.8886051423508641,0.5230611493831339,0.30850758811263423,0.7304123112274074,0.7609220586690758,0.7493954026264662,0.6875669704444751,0.0878602129719541,0.7995874752785465,0.8916986221415678,3
1.0039913703402519,0.010576531045495177,0.31369973120052724,0.5933980208144286,0.9582823619380665,0.7734097974147887,0.6564543281623927,0.6755126537516555,0.5232727761237899,0.3514153765479444,2
0.49486378716057294,0.0562719842297075,0.13382245882417593,0.8950514056203679,0.5397617240522399,0.7138142149873932,0.8748906885790446,0.9847689137483212,0.3402714698497374,0.8863239650994725,1
0.34853308578057735,0.9616423437259725,0.5752594996826693,0.5315069380800728,0.5049385244497302,0.6412372719648818,-0.12062941890019008,0.673913194356157,0.5118889626718948,0.14786953971661743,0
0.10709839173928709,0.19493946641243215,0.8549472341549239,0.2348769252708251,-0.016742083983437378,0.35149434498893717,0.6265032846239199,0.33330570380855795,0.23833322942199675,0.5342441323321372,1
0.8797346909175129,0.5576347884204752,0.3082433449715208,0.7300709745600991,0.7849018771751136,0.7476005751382139,0.6823809430170105,0.1068675249662879,0.7720446428515494,0.9236512191712708,3
0.9582363673714576,0.8489544678069777,0.2921247251062207,-0.010686211258700645,0.7483872839711142,1.0899170035768329,0.6505787391579448,0.12476453157776922,0.39260100421343663,0.9745254114819648,3
0.19043098098415603,0.7077476385435537,0.05638136891067281,0.2444137103585366,0.6119410606289123,0.9787157242932001,1.0905518973570778,0.07513284415693489,0.6804090293459768,0.9128311099515514,2
0.9957701492919947,0.3950817454751857,0.646201162822477,0.4537895347173731,0.2921308750407128,0.21641469681359343,0.1882986805562715,0.6160473656829916,0.23500015794477486,0.43882527303743496,2
-0.3979801508741211,1.1289697202408484,0.022389356860491372,0.7131490929830733,0.032903321343952074,0.7121303143927482,0.451785267707046,1.4176595224856534,0.2362760986511266,0.29934931257984004,0
0.8092450874269391,0.886235434156295,0.03678110105175639,0.9087256167567364,0.6549604641749152,0.9614084375389892,0.5947790832565727,0.5661164794265455,0.04029873476314474,0.3117872207572543,1
0.8886790826572328,0.058501830435221475,0.17463949231298503,0.176526765366258,-0.26404736226041325,-0.4780043828097641,1.0441529805621463,0.4029665869914201,0.6340477962108884,0.5900015773578535,1
0.7409329328699797,0.3452930090649313,0.9098561763996835,0.6924111873677854,0.5616802224547401,0.6262283050452432,0.10390560042194896,0.7115810985934057,0.8079418957119137,0.3444536640270358,3
0.001567005256611409,-0.20827877569502978,0.015427583235889969,0.159764270029802,0.7587770933198799,0.3853236092218286,0.417258700423339,0.143909200496381,0.1511619504166038,0.10192472266246404,2
0.09404680896165224,0.5155098336294135,0.365018663634223,0.480918443489186,0.18305108172184623,0.5685083801498745,0.6628432269603005,-0.16520869723666698,1.101056743919815,0.3365116782663993,2
0.030533617158604587,0.9344408510517183,0.3615165612483462,0.37458886952165626,0.5157752203792748,0.6447024125868899,0.8583686995811768,0.5152303153326022,0.45440168269119735,0.8551292972997908,1
0.7774912579552752,0.06172661116119088,0.13146256962124603,0.20031844094156157,0.8067945759183174,-0.018589522753964506,0.5338183694013265,0.8368218936598678,0.6515141892745736,0.48296908702632646,1
0.5972841973550074,0.8216070423501499,0.1997743089766464,0.8210610531152441,-0.25599875551759055,-0.12620373590530531,0.3716275218562495,-0.19647523029807135,0.6274119678062231,0.7374254694364865,2
0.89705988372787,0.33772724087572353,1.0518833633373497,0.5608203785526774,0.5362987417849958,0.6746195168177247,0.709537461853154,0.11527219479364276,-0.024559858746407925,0.6112161379831289,2
0.6830396638706085,0.414115805009604,0.28650598832639085,0.8309166105024854,0.2660357122727592,0.4140143984894383,0.4798017292195061,0.4474004039950885,0.8036692771764464,0.2204114887849864,2
0.2059952581009985,0.031933688796594,0.443516483099952,0.9116150379558308,0.3775082089226405,0.28870555153373667,0.47524970011530643,0.4987416748288739,0.9318258534216256,1.0665398800226868,0
0.680912171834049,0.8487059560957799,0.23862288413144414,0.2843187639947839,0.7879510739129644,0.3988382333736216,0.17606222653786768,0.36860218170401077,0.055405808870809585,0.3189456057003891,2
0.316531109170896,1.060128647960083,0.006932893316847155,0.5596585666901268,0.7982488168672469,0.6806347347084107,1.0861613021850491,0.07092989423248261,0.7424617463235799,0.9283688185361529,2
0.16426799362691177,-0.021735867138938797,0.11228694058269825,0.04969722211234047,0.7160612392132325,0.23889037903755225,0.4738436817743771,0.4905931329554507,0.2020471348986556,0.2073139956260851,2
0.1965192377092927,-0.03705649351292808,-0.3229014369446296,0.2590269145768679,0.8250894519628134,0.34324485753584744,0.47090992622116407,0.4955927767492132,-0.18021044744322468,-0.0055036537445089795,2
0.6169110088143797,0.214230857961381,0.24753628917390186,0.2336943624724003,0.6593301576174257,0.07813995037404875,0.591125306026006,0.76122168120167,0.6394243643225425,0.6165037496420601,1
1.1251504129974583,0.306597403107856,0.4992101424646881,1.0815169374017286,0.24132783165899396,0.2655127490390421,0.7270011638500766,0.6421960542902933,0.10313123883093106,0.8222315891494169,2
0.03837714460690929,0.8517292709010617,0.30632756468031946,0.5490149723598545,0.42727102822167534,0.773357336941754,1.0261063460890398,0.4698479513469885,0.551798866710175,0.8335550627925048,1
0.47773443942299715,1.1512999479315331,1.1085564439282958,0.541992337308056,-0.1640902467365657,1.0309162602279736,0.2283380981307976,0.2587757127584594,0.7119993169920421,-0.12825246731085327,0
0.438141465491672,0.476669030710925,1.1894590007048527,0.3056731540689342,0.1284911477592217,0.49127121115109473,-0.11653991389923829,0.740947083401202,0.6661306868003666,0.3551833609524928,1
0.3866114767793698,0.15162432829067252,0.45441640741021666,0.9177936569638246,0.8467391423597304,0.5251193138118184,0.9340126637246382,1.0205419490388812,0.47330580648266307,0.9247996319664865,1
0.9500107227395634,0.2052706322585262,0.012275706471605918,0.9946755357909577,0.6729780493948994,0.38848526736536665,0.016853575045876604,0.772029982414892,0.2515672406679591,0.17200931209725662,0
0.053880733233333346,0.10056234543776436,0.7943777263808856,0.2899756537861772,0.040290479547483896,0.2514393471362538,0.659533930169281,0.41051761499137795,0.32343169858132403,0.4288918710003441,1
0.03149300239321133,0.23171202132565072,0.695824608278573,0.016015918781412737,0.04110241590450256,0.2820108882435301,0.13003327947563062,0.8650601228692696,0.4689624483609319,0.2939242421387489,1
0.03810139456036354,0.23393149967449317,0.7020229163519369,0.014185234738904099,0.04168238633178536,0.2755284048776922,0.13401472762351455,0.8721818303311107,0.46076189513795407,0.3032833441122008,1
0.13647577807379035,0.4174584605290792,0.28610367794517466,0.09988565457607701,0.5086273820591095,0.30750741817514055,0.13714879493297688,0.31985471690188855,0.994395139635629,0.7659814195942677,2
0.028234647254705952,0.5513454733423285,0.5748717591914196,0.09582097787436175,0.9896758186214123,0.8248398340008134,0.5997248907662276,0.4948038714426956,0.37168798887042204,0.1670193433871477,3
0.9080586298056564,0.6092974801218858,0.4538581991062889,0.8339589993995533,0.23944033446478397,0.7508681823576349,0.761492075373479,0.4942785033093938,0.9191426549364862,0.43054012492438565,2
0.9274774243690863,0.5917888459103147,0.3483560310856806,0.7123736716499905,0.8032405495026608,0.7949571036764168,0.6362220791081906,0.14139154311296567,0.7599688033556181,0.8876391666372301,3
0.8813594662070103,0.5579136085263523,0.34692248568925343,0.7155834560071793,0.7510225435383981,0.8019484163181655,0.7038369717227771,0.05248270348054935,0.8101568265380859,0.8708677299194345,3
0.16207070247801048,0.16833314765369628,0.39699924696423505,0.6186760596931219,0.49805962493454287,0.6277996938047041,0.5479931054933422,0.45794287918592425,0.8488708835601653,0.7451614021063175,0
1.010514296890345,0.45462458092620206,0.34377889321846794,0.5791661087569187,0.3303479954775214,1.1859141458747327,0.6733436936096461,0.3896774748704256,0.8592143738063823,0.46433585534685057,1
0.6605975040540446,0.7209974577008282,0.7686832347612631,0.4450077594301386,0.6612856387624415,0.6527473897142827,0.8770005175626615,0.09573003025441086,0.2168685501726959,0.32648352210766785,3
0.1401899486510725,0.27332143253328917,0.2930961864070263,0.6470622024204511,0.020607205610834928,0.1488854500929735,0.1988234728611628,0.01598807420247745,1.199139454109229,0.05159896799286151,2
0.2900973533454795,0.5235060694677476,0.5435665703771267,0.32583743849277436,0.1633940619762687,1.5744864657462214,0.5378970496669194,-0.1082213502690299,0.3286282928711166,0.1613097619277606,3
0.3221877920492413,0.3699938526530545,0.31915955593413553,0.7485685730277677,0.09622909670464655,0.42147974058343474,0.5703589073095325,0.11803798683290835,0.905767581259696,0.14223525209367932,2
0.829897341899475,0.2880558315022142,0.537492223611526,0.4927177184913126,0.38535189048502266,0.20229898538819574,0.09007792639685366,0.4323545543055252,0.3446041261386761,0.5754783149299173,2
0.912357169944432,0.5693713142414655,0.03931600858754197,1.2158336115832655,-0.18993459255002942,0.6826914656293133,0.7719009045038202,0.9892858994557195,0.32279043354058495,-0.05636656334481466,2
0.91445687697483,0.5517356946356164,0.8124587890466686,-0.019887694017562324,0.6047055323221898,0.6127904982118179,0.4191845603575895,0.23480898216208118,0.8282824682730153,1.0262704740661948,3
0.9587804811696095,0.5496715593416008,0.030345695810878287,0.6171400010203175,0.6933278646194302,-0.16931218331457448,0.2158863685123763,0.6774770945383521,0.6575943584358215,0.7123916773190558,1
0.5291180027775154,0.8603806747496142,0.23853201309252742,0.14877425714714018,0.7384490603982077,0.028035117116321104,0.2740176943434336,0.3735558455123176,0.5667710089707862,0.06613215119898169,2
0.07188745431227331,0.8138401650535161,0.4398502561074561,0.42842927530148023,0.5572844071254341,0.7583686141526673,0.8984585803043177,0.519422489562761,0.47825504087713516,0.9191488910739466,1
0.6377109769729259,0.8166496797433042,-0.05048609917734517,0.849861416936843,0.6782861808654332,1.0809290229314237,0.7164457207794918,0.6023905296137102,-0.023569706401776344,0.1470117437063682,1
0.6797972303468699,0.3753675116879135,0.07281045058908625,0.8393553752902799,0.7418514489165817,0.9577210105109953,0.6150777656731242,0.030691355149458865,0.662566218809221,0.0312951255569493,2
0.901832861703853,0.8338897364348871,0.41032665375175886,0.19476856901717227,0.709197126311178,0.8825954582873367,0.6835651706899245,0.1969519999998114,0.2731625029395788,0.9262346438930404,3
0.182584849244743,0.36147487371077536,0.27912853511477714,0.09329277112625725,0.5017352399404975,0.3822454473802284,0.012531400815381302,0.2201798235889306,1.0401629842656204,0.8116423310554962,2
0.9418917145496466,0.5815718476278564,0.7596590484513729,0.07090628851089698,0.542212316020612,0.6283557124753905,0.37201815310964603,0.18747301012487463,0.8194173875545485,0.9678238204446538,3
1.1271920928410974,-0.48854453703293066,0.7080657588439386,1.0617196153864263,-0.05195000355374002,-0.20972213223420894,0.7750129587865952,0.077101704953429,0.9922834890424013,1.1590214714203642,2
0.10979576869520961,0.46220688232377316,0.6977744039717511,-0.1849992088362775,0.9953956531321535,0.5162535812926254,0.5395338021673793,0.28916310136004564,0.38762277548086693,0.28928083363144835,3
0.30722875054063753,1.1456472619119178,0.9765350350074928,0.15349560337557072,0.734421721182039,0.6979587550157348,0.7954285185949445,0.7787151114668891,0.5729555595104228,0.7242560047465688,1
-0.15146589160906976,1.0967227666391925,0.21327142091704973,0.5719214140787017,0.7675746032107672,0.5861242910301326,0.8234577148840854,0.651218441051197,0.37448336226270335,0.9216860265073962,1
0.6795472424356922,0.791536708870733,0.2812029895615586,0.2385402402803819,0.7715898525017107,0.41844671481490925,0.1360452518853662,0.4373832806077783,0.04354314476103295,0.3014259188006304,2
0.6773178498367682,0.8805570989027952,0.6113010849686268,0.39931665567229174,-0.10469231259576445,0.5453301816521744,1.1274403214144941,0.520130261179275,0.20718678436906787,0.4957178016006556,1
0.025376376178755006,0.235889638117645,0.7061051172476254,0.03950722734685676,0.05500209201043387,0.29323634536659954,0.14016795933468235,0.8463201905561043,0.48237613062733153,0.31459913097462744,1
0.2031918715939491,0.3814381247293092,0.45394101194659253,0.8333544637749964,0.3783784211736506,0.819413950086084,0.800499849896022,0.4603864929495437,0.5057985202819362,0.5539573187853986,1
0.9620077141505633,0.0837257605519369,0.462397451773185,0.12770910535928134,-0.024259128085501014,0.06984446804630559,0.48457671933211194,0.8012844428211404,0.03694414022454242,0.5098521483125953,1
0.3647563093690577,0.8873173629644908,0.9669636209010604,0.5716986663606953,0.11286110094528404,0.3022589895344796,0.2558523800926297,0.8256276640843677,0.02103920385157483,0.3608971024843751,2
1.2615577246710648,0.9905011765016858,0.5506574181221813,1.2522422014153571,-0.11911828075117287,0.8926625452909519,0.671447047796247,0.562241888865455,0.5550530240147595,0.6392830900792904,2
0.7368848226799191,0.26087841554364316,0.46058365091010584,0.4636224527451045,0.25582911507123507,0.21133371018064204,0.23027328158249535,0.38026349525775227,0.23013591956690352,0.7222423655147018,2
0.9218236623027488,0.5383438037207954,0.7704230462329151,0.01752296803950531,0.604272966357185,0.6769813873253522,0.3336756147331814,0.181815392661675,0.8370514460960307,0.9196649604893021,3
0.8333316389057698,0.4459829629936649,0.3524508546249073,0.8003997251282116,0.8445546914165079,0.631964384221584,0.705801288979572,0.03836103776313492,0.8805576536502947,1.034268134894653,3
0.7774186693335822,1.0587088924211434,0.4198600590354475,-0.1567422918107757,0.8153410070076774,0.12933642440645898,0.09249630002705655,0.19804618211333677,0.637686994725669,0.17960610595142645,2
0.6348129066446899,0.8715275418485677,0.021407776774843366,0.08732991728047716,0.38815816819149135,0.2990942206116689,0.15150786869880228,0.5205855681426511,0.17762404808240523,0.8840488770413641,1
0.6230773157655864,0.9350444770646185,0.010960014098512237,0.0676733192386036,0.4224405935459656,0.34212909937517505,0.182888721637444,0.5215398466923128,0.1146110209929411,0.9083864973797955,1
0.16499546285927152,0.4357095444469309,1.0812487534753554,0.19847869251878553,0.6544864821073105,0.16004377607926848,0.6606531503358615,0.8521316412947693,0.10948901760602181,1.0915429066401459,0
0.5073156664144675,0.7111447909551507,0.4516377754154094,0.4015419933403782,0.05580929965789719,0.9978006902431161,0.09005768748142035,0.20979338620406857,0.08393066105847222,0.7161676898195568,3
0.14570160253434264,0.24827141179172474,0.3771203809024441,0.8188581427273963,0.5629423890163328,0.9046306455320805,0.7890725105385437,0.32199440440119204,0.607380352769267,0.4600079129350675,1
0.3390036257333624,0.8521490590863423,0.9599833394229217,0.609256945082873,0.06941495529900246,0.2201735065452832,0.22592945845861093,0.7626120708228676,0.10154589892175626,0.3042174014031539,2
1.0495511352648716,0.7505324751154463,0.5571657695996831,0.2721194487876012,0.8972406955099661,1.2402146740413054,0.5554492104985859,0.1397843785633375,0.246440785539104,0.610632505184539,3
0.38495453375029,0.2509683353328923,0.2881388405613763,0.9883166648982,0.3448487856344351,0.49365667040518035,0.6831751528511965,0.24278506540808786,0.2800103014374825,1.1630328828392424,0
1.0592620317721997,0.012451405554126369,0.8098717687774,0.6784203571470526,0.6836371962880853,0.5187160139606432,0.6914211499262278,0.34251052454210107,0.021738361720024496,0.7525823287755959,2
0.5736295489277006,0.7802683461265598,0.14913077205707195,0.1765704111025738,0.8092512104606117,0.28896726857622773,0.17733325856506002,0.523725165705935,-0.049258573966566854,0.3787982173508093,2
0.18774075353986877,0.23991615933760255,1.0674772623699487,0.715505295608407,0.3706064351590089,0.9751826596993782,0.28684560694010053,0.8509648033623664,0.8052736630447312,0.19691478190689685,1
0.8964025111259928,0.4557125614736597,0.2903829545118322,0.6880698319529871,0.6985024689451245,0.7605670603443817,0.7192467745034087,0.14078886559322573,0.8036899126730354,0.8216779769186482,3
0.8901926681164423,0.7420277353036713,0.17719369231059814,0.8514657968053503,0.43468163718806524,0.9319075211204514,0.7508005471364143,0.19649013749594207,0.8250507800990915,0.28024587250935434,1
0.6773416200598744,0.37949674165977076,0.6307416915309376,0.1704041018397847,0.8879918997503503,0.5309130211059594,0.7101754534705227,0.49653737623578725,0.12186370751651995,0.045014225377754485,2
0.5984680364168684,0.9586340085607392,-0.05017652814420558,-0.011717913374099123,0.46324602890646177,0.2546020205053353,0.17914627367840616,0.536786677826083,0.13047120038739546,0.9911856491815341,1
0.3841812155558058,1.2567255638404342,0.4326078713057192,0.46541071192478345,0.623810104986653,1.0358066673689736,1.3015806276234285,0.056106826334448134,1.0672920653493254,0.8558171991626252,2
1.05644148440819,0.21044474528759832,0.48124865327864513,0.08488028335419656,0.10301746077680836,0.08863374556630606,0.46520509820263173,0.8104874734107668,-0.04706849945261583,0.4202486215838651,1
-0.02629306549240784,0.12491522389555676,0.20074178421089878,0.7509272208583029,-0.051843022747468576,-0.2062894099842928,0.34697731058106857,1.1578024126897626,0.34357836919523005,0.12024340001940129,2
0.057573650181483,-0.008527816242428297,0.12183580604095437,-0.08384030757317426,0.6659125577437306,0.06992397179743867,0.35385140339413274,0.748015254426446,0.06680510830818581,-0.1020845310210649,2
0.03782598857679989,0.8148699151186656,0.272428260253395,0.49198345844870145,0.9035711155047094,0.5912825413510833,0.9170154033619917,0.6776161134376033,0.6546746938415746,0.06402187158855766,3
0.6122610665240246,0.3613961753519692,0.46118477460413293,0.13132284178498926,0.44337009841547675,0.14148307479052247,-0.20530917916593544,0.8351721215692235,0.4099712890158558,-0.29067282190345245,0
0.2633195781697286,-0.05228684166848439,0.10279623396199747,0.044443595479587324,0.7269518268882409,0.1893263637467451,0.5117285556720971,0.4854968414886416,0.3240597775692411,0.19965220071424972,2
0.9303182829372701,-0.22148127789462296,0.38624768219426464,0.7276433041751578,0.5900945977515665,0.3387103369083101,0.36561593647480095,0.3907271742167734,0.4356108292236786,0.312666383540382,2
0.15584694151767386,0.7367263425637531,0.26445805493544183,0.4677399479290841,0.6368646775981874,0.7960247896302514,0.8459268609702304,0.6864965375712122,0.45029867811295116,1.0468645990600063,1
0.5296270695167822,0.4779612758348156,0.32546736611282306,1.1180103654028288,0.03912430829481295,0.19800838963098455,0.31907268782973064,0.7529076486238985,0.535496173757606,0.13341149314991885,2
0.9744305799156139,0.5935330543524804,0.7579195220484484,0.08362076458830531,0.5291426493826973,0.6172952171445463,0.37770118775215566,0.21987757478308054,0.7978678319331021,0.9768936496249232,3
0.6517453786997973,0.7955776265535301,0.2741262269916151,0.21548278499836981,0.7662723605501006,0.4117727422838361,0.14290909348326586,0.4085223231709403,0.034856921022271344,0.27197940440862794,2
1.0085820890989672,0.22805759747870147,0.12019668060651795,0.9358253556549077,0.6308397953525767,0.2722759459601733,0.016279448002364354,0.8895475472467582,0.18360891075161462,0.25794176801556096,0
0.7655201740673475,0.8249297808649119,0.04939515284108868,0.8714022881913918,0.7639418721470246,1.0115663634584835,0.6087712027273275,0.604337749351984,0.07659725492650944,0.3368802007666848,1
0.6461324144589194,0.00616446019622513,0.20971039582567697,0.35824205661329217,0.7003992253879575,-0.2910308202275814,0.36939944642469497,0.7716738079354845,0.30189830542899204,0.9379508898867137,1
0.8386507777603528,0.5843341308752222,0.7104418836609974,0.2541340710565507,0.14625721714919876,0.8166831849091468,0.9602224548875149,0.6650432546310875,0.4113128309167236,0.7459438474381229,1
0.6754317130875389,1.0242814407461083,0.4921908507774041,0.5863302400615308,0.683532126065542,0.08835782247037793,0.4502256644010732,0.8483933295887424,0.7678908621606679,0.5012743295884459,0
0.10092047886581548,0.8489747566837317,0.09969789484462842,0.391644435298142,0.7034583638484934,0.859063699034174,1.0392285451206928,0.19101208192436533,0.8554625890130927,0.7661863022300247,2
0.43220443260369823,0.20093763518071878,0.13664963659003088,0.47495027078894453,0.3004554406493787,0.6054630159431806,1.025715035091379,-0.20618406724282856,0.726372159188935,1.3066926908629322,0
0.23524703150401108,0.6137258166609716,1.1145203221833941,0.2286310390455933,0.6735557584601555,0.3993417525364216,0.6531346517957335,0.6253765641916269,0.6345926257798261,0.3555807482223992,0
0.724852505825325,0.3903505434670123,0.708627907119912,0.3356889040985438,0.7048074458194887,0.5540407169215907,0.6509173354502512,0.348696521317789,0.10327819512571344,0.2209185213654588,2
0.03903649842718709,0.24134104078530183,0.7035274699112462,0.02350902403855997,0.05055607942743673,0.2832530232137022,0.11725729471800073,0.8607913163001295,0.47821546154374484,0.2869399651380542,1
0.7488584528462261,-0.024922400606652864,0.5023964597081063,0.4752254781712371,0.472097625796341,0.1390490234530609,0.7506086122277522,0.5866090213371854,0.042513374927550786,0.5026869865396201,2
0.03146898534685826,0.24198752952985836,0.6919157674735772,0.025258111572680743,0.041353414559505995,0.28987346770854233,0.12163133912656006,0.8587704560923889,0.4555862634039778,0.2898819116709489,1
0.6657777555028765,0.17560599594021853,0.6700636475529278,0.24257340226614077,0.9233684670597606,0.6809016263542558,0.5830809102801026,0.42154738868874253,0.2169446324570255,0.4528743227144413,2
0.7015599158999319,0.37273131511645013,0.7104945543313108,0.34829508669834164,0.695040261186146,0.5549082414845634,0.6323028734954439,0.3684372925314737,0.09796150621036373,0.21082901605560828,2
0.5389881791820907,0.8447069520363452,0.31237524731674576,0.5018263511120219,0.7818483022505913,0.1629948627458602,0.01936222276128946,0.22363281482063094,0.5183977128398032,0.9057326420833227,1
0.6857024504369942,0.3717350135997768,0.7321064642004099,0.6238687222076147,0.2708700031522609,0.42980351627136903,0.2355068085336729,0.5876901052857997,0.5210885072389773,0.48746551565560975,2
0.4180158743157989,1.034384207558435,0.09758772469488888,0.4794417838169843,0.5134766477828359,-0.08593296011565615,-0.1265567463088979,-0.011458915004930736,0.8273332192305712,0.40394767227696643,2
1.0413493775661045,0.7006508923656952,0.4117284188848399,-0.009832258507678437,0.14365261804295618,1.5589519599102117,-0.22945172352495463,0.9235919727295718,-0.2972085525294716,0.7998728202166994,3
0.6267209977427599,0.8295876444265178,0.33258098149017135,0.27512501851510773,0.8165890227146836,0.4217744764911674,0.11439592099659465,0.37682711177813843,0.058051542882318743,0.30289371746043375,2
0.2058066785854193,0.3882984664648815,0.20503083003065395,0.09455204917340623,0.42788359659713643,0.3109346570721441,0.02366607337611315,0.21392008084001726,0.8911673127281302,0.7072277050937893,2
0.764593337344168,0.46694287015415625,0.7925248585647566,0.3582419057605768,0.6742035279815228,0.5230354977169156,0.7113955477686907,0.3199645368416729,0.09978420010561818,0.2469997774560179,2
0.020420899864981225,0.14915710144418293,0.8259854967812029,0.2799680911971604,0.007271536881437002,0.23202172427643913,0.6026279835550917,0.46713649573920635,0.2964628337961991,0.40068867236821837,1
-0.16245394831168375,-0.19703565728267503,0.48968929724659604,0.8408016439527195,0.792377240467894,0.45848898394597676,0.4769066488796878,0.07395327119391526,0.9248171325962626,0.7359910554514673,0
0.6254518176859032,0.9771329581220775,-0.03206978510603406,0.056874966549403626,0.3458044162669587,0.2722553695349793,0.09294697894185544,0.49933940488285905,0.2097439914411369,0.8491231125593888,1
0.23976427955679355,0.9151060662437925,0.05793344417572201,0.46169631570001,0.6465744063304065,0.7532761291896242,0.9474176725943984,0.23618349143382011,0.7198224197005028,0.7372318840828082,2
0.03982695656904493,0.18720592058148192,0.32757231520060215,0.7393413618476155,0.4712115587149029,0.8210104049533802,0.8664641226019734,0.3725649297121457,0.6831284592007257,0.4712796842886493,1
0.6872164896517238,0.5885753342260616,0.23425251825617233,0.23343957455592373,0.7533841121827523,-0.01726229548501844,0.5523471719436643,0.41479508841658086,0.7335538152340344,-0.25511769972875914,2
0.030900238185293603,0.23542041441167189,0.6976902726184309,0.017070266954133682,0.04335116260627464,0.28001981351908434,0.1304448981290363,0.8689501382132554,0.46360784852502873,0.29659553705839176,1
0.9470418776691716,0.5706652788303429,0.7697994091900794,0.08384606646356582,0.5461172457104245,0.615367376921838,0.3854753055275325,0.1809913227857648,0.8246641812614309,0.9601427708905553,3
0.378592258179211,0.7920613449729939,0.15431307190847082,0.40213305575026903,0.8082206127740065,0.005074304501741456,0.1004517852819551,0.1789213717510245,0.6671568686346769,0.8970126252406118,1
-0.054655262602162163,0.07311218597980335,0.3783053326182666,0.895001908422443,0.15511725941156518,0.22023211664600606,0.7994178215236153,0.7469270023861565,0.46349462822589993,0.9409062982977302,0
0.3366242661780007,0.9031778055265475,0.9391103061490238,0.5916828118706691,0.04028827637351287,0.2574010039569824,0.22145824463460387,0.8103170332041688,0.1318421770356506,0.32599112671651387,2
0.5537515048362317,0.8862688386135918,0.2068431512004934,0.07164462979563152,0.7740239237902089,0.019106910413449252,0.20616820650857726,0.42178784696178917,0.6298210488767007,0.047702325639087106,2
0.03119181097934144,0.23278831339939582,0.6986673568451575,0.01241196397649112,0.037348153490447095,0.2781711378027002,0.13310367064556544,0.8629386688427321,0.46535968976113556,0.3005222367366136,1
0.5818355341974182,0.8591667472210097,0.16292349686722218,0.13565963174707762,0.7828769931953805,0.0673930961843323,0.2739861943439364,0.37470622813069593,0.5748664432601985,-0.006507072171693771,2
0.5065731511452688,0.3890953021697293,0.2717848724961717,1.345660471113761,-0.22413822771904413,0.12300296885094297,0.7966071891768103,0.87346909098969,0.8368974348864016,0.30483761689839406,2
0.38666518584126347,1.1562989118321947,-0.1825414968214948,1.2832533001429858,0.07349117710775879,-0.25887269093342996,1.081886201519703,0.6460038251335275,0.32754102540956953,0.4342942602471625,3
0.6053897062572594,0.9082881786651316,-0.0007282744858031296,0.06600274322702296,0.38409394169374256,0.32883672878650155,0.14568096587563603,0.4815273338590357,0.13759016940690652,0.9191504880749416,1
-0.17618818871259423,0.20055849922880212,0.25164686427512695,0.9600834695078795,0.5430900536927512,0.8589802258395942,0.27345755186347837,0.3341811926126683,1.101445834632754,0.4363388645717544,0
0.9833560153730175,0.5688662512442495,0.8022640031739512,0.13111124998744533,0.4815747955656058,0.629545351759434,0.3731956544125887,0.13424746262304404,0.8657858386837114,0.981117030206746,3
0.9309429812973131,0.5812935855425069,0.754433373683572,0.09177048585569157,0.5582035270429812,0.6063626300724205,0.3803846703326073,0.20216151682331407,0.7988117037923433,0.9544288784589341,3
0.32635221291821337,0.869756728134345,0.9794505232106108,0.594599011388733,0.05295000130249505,0.23341923934583753,0.22797715186406906,0.7778699410480937,0.08927585505295876,0.2868619094127995,2
0.4858692576171134,-0.07892902754002018,-0.03635789443503104,0.967619389481786,0.6136295415664711,0.8056747423956654,0.8603366175169823,1.0145797541793042,0.5353538168635874,0.817121800083124,1
-0.03177855585855757,0.9851747571269482,0.41217490994135364,0.5544623100737992,0.5561445680714863,0.8835164381953979,0.8455586528286276,0.5881686567939023,0.3571332909528693,0.8429208406235613,1
0.5101970888283337,0.8448044574477072,0.3214458160170836,0.5275250703557509,0.7956899083281923,0.18642621940651663,0.021507339028202326,0.19444556918461692,0.5380877154983309,0.9341384545680647,1
0.3369018584649458,0.4072828275843533,0.204144747920912,0.8922362959885047,0.26972940147745594,0.5541335429287195,0.4545534184835114,0.41124145950792534,-0.07138050627188922,1.0332718182251952,0
0.051554758176124094,0.19136159841886746,0.22762043008807067,0.9313460059752723,0.42752525365693167,0.4072572089897579,-0.10701969806580869,0.49022872129070855,0.5094694741695643,0.13466609882063585,3
0.12082353714697329,0.4166957395992681,0.0051915692406797175,0.8335283980254606,0.08455103836204884,0.6575738959704098,0.5444745205193233,0.8526485602453381,0.7456919773052282,0.054575872258631225,0
0.22295720132603936,0.4486903369960433,1.1059333414084713,0.7460651353003991,0.29566281936905553,0.8293757137548957,0.2020997098063971,0.6502343808970396,1.0154793150932662,0.31779712728946885,1
0.8730306319157218,0.5404043246228156,0.34032821203782465,0.7276198539515455,0.7878421532865285,0.7224621097713533,0.6563857660729739,0.08300806045200872,0.7707942147151684,0.9401816966925075,3
0.5322408266192195,0.7608846145287025,-0.0332270452857934,1.312175624945609,-0.10628831516258158,0.04665943997732691,0.6811010408915801,0.8240370668584547,0.5828940157587633,1.462147819181192e-05,2
0.49790625441538705,0.8180882996719644,0.2614109230644798,0.44792953438481914,0.7452006621999349,0.10541319329746308,-0.04226708953171629,0.14102596552305444,0.5092807655797492,0.985257501560483,1
0.07083390918609492,0.16684433389919884,0.28216257424204605,0.6983218272102762,0.42491264173537485,0.799599233944892,0.8135721750105442,0.33809559068646144,0.6653503262422193,0.4946309944817721,1
0.8802958222366538,0.20311522530356052,0.466269466454614,0.17280389648184963,0.6842751901222032,-0.13481318804908976,0.48298427253618076,0.7555226586548618,0.32440280835173113,0.5883895453304812,1
0.9069741753016827,0.6838743522878674,0.1552473801908256,0.7920434866050398,0.3414084266501035,0.9352222813541546,0.6798204294411538,0.19836696159229636,0.7926284461664709,0.35097598345113284,1
0.7761949432173776,0.5963532242768709,0.45466813584684385,0.3120683938663235,0.7175740657178342,0.7498373159104218,0.6189011703974326,0.4275043460391795,0.1907894242645437,0.04784612341565686,2
0.117319804913789,0.8550246469305212,0.2838061198913689,0.4488787631268629,0.9789969018543521,0.5623825848716569,0.9474815166154951,0.6958719958667098,0.6484086413340031,0.07566309804308974,3
0.8584342868612792,0.5790273407886272,0.2979999780481306,0.7537090090167028,0.7941516289607777,0.7330733547824103,0.71626096367772,0.09557046934248395,0.7734971823943098,0.9520448582578244,3
0.48933791162857465,0.12937242649709702,0.28483722775129977,0.9642696468549505,0.3803434801922812,0.7274410233869719,0.7558064693245234,0.8812344629983283,0.22261010835135064,1.0308550514083528,1
0.49643913313781296,0.07531457633285711,0.12765265660039005,0.8982169925997204,0.548582191421848,0.7035469839362265,0.89280901656914,0.977539372077917,0.3430479508853219,0.8934376018498378,1
0.5012332670375348,1.275504488772706,0.18538570494393197,0.2932890757952267,0.7257576946997212,0.740323022765699,-0.2952899267718079,0.417167988531695,0.21198350108128394,0.08982418292431418,2
0.825611765193502,0.3235298935903921,-0.04623740054443076,1.2217196212501138,0.5833775067884464,0.9682736757181497,0.4368553048080619,0.49578835346118716,0.5398104461786937,0.24073736383314281,2
0.4104691920219733,0.28513355865550083,0.8387421104195684,0.6580244119487647,0.4178671419787296,0.7300176083616665,0.5607636767624391,0.3625150875487089,0.6099499263916517,0.15355619022465106,1
0.4133921107962195,0.41681001716599625,0.8297584589218634,0.6782550795138973,0.9067304370186515,0.35507708050457887,0.9006902957732039,0.7633683056099682,0.5434493105923719,0.44689681360016753,0
0.5722974438282278,0.05342341446867433,0.46325491570778604,0.34550366334154237,1.0029167577453681,0.5162178939457072,0.6658355201660371,0.18399742604425226,-0.4096991049662052,0.8108108127150286,2
0.9441025573749414,0.5337630791354507,0.2775634089073312,0.8535417531375398,0.32862411014214776,0.7221284531967143,0.8505136866746801,0.4627191475429563,0.9556007956259814,0.28079401044779584,2
0.38013232808153935,0.8256549133773414,0.2919291911337053,0.543224903188198,0.8956766395197581,0.1219017356728791,0.01980258911369817,0.32995858377578346,0.35704569138447617,0.9708179778055458,1
0.5450039503200259,0.904214215576151,0.20318578426969838,0.092562971765226,0.7420036791127874,0.06121127810865948,0.2938192271433067,0.36758155665685294,0.5835533979480425,-0.0021734736897811267,2
0.5975841953560729,0.7184352080458798,0.7372311484133685,0.4262812390920353,0.6984054329904583,0.6971705821870655,0.9133595939806267,0.05095070871251442,0.20940462757429518,0.35192264029223147,3
0.6065399095849204,0.9032201727916562,0.0043969398822964354,0.06331126717078396,0.3895579789606157,0.3242751854495933,0.13968635918388042,0.48549091452327886,0.136285423973229,0.9251408156391027,1
0.6847010917672036,0.4828527057871276,0.5585875546397197,0.1032655562795074,0.19951146431613428,0.6777437693875317,1.1345955637932494,0.592047324660716,0.5636304395526812,0.5582918466318649,1
0.07750814667964219,0.11680982473324254,0.7621720991343558,0.3432117548338023,0.07778317338263366,0.32351112069610727,0.5872368356076233,0.46233921106271736,0.31593264594164355,0.4316398655348356,1
0.7291273802596547,0.8476128282920856,0.5501916650357352,0.35320748890160325,0.891092009551097,0.6884513639097427,0.9506898457802663,0.040764775309625176,0.1583803388675633,0.37848636738818214,3
0.31870296304277373,0.4484488895726206,0.39299784035091967,0.7708789457431784,0.2087601979402646,0.34673977936119227,0.4844848409684983,0.133675736178253,0.9892273911198103,0.2414639113105252,2
-0.0169593482567392,1.3041110951149437,0.6123705910690357,1.0942742611785474,0.40905152929066696,0.29300868681153813,0.6678543785416448,0.29270310797831,0.05050517772909721,1.1801126257178667,3
0.07006404623960527,0.7988241536493268,0.2619599426473473,0.812388926564521,0.5160759402015004,0.2990335543243666,0.3091843336596445,-0.1580529357426352,0.4126695806307831,-0.4230028719715361,2
0.04343665557676919,0.6540821857435338,0.5322899343866964,0.13992627765404841,0.9137620583889869,0.638468363879873,0.5804583995020564,0.5504416858373109,0.4330022234711565,0.0578484236620586,3
-0.13038013313156327,1.4481110438196323,0.9577225822919666,0.663165174689346,-0.5533394360042665,1.0483594743710427,0.6697303721957154,1.3060408219581339,0.33498575904913086,-0.3613361657083174,3
0.31692533464616524,0.41064196506941075,0.9827250949188356,0.6143170171866004,0.38309559239680424,0.7250607198817623,0.15965267791807403,0.6658282441235158,0.9336628046577815,0.4233317497104547,1
1.0382580497526042,0.4183475119406137,0.6257307333623404,0.46379820062758775,0.3104643408283838,0.4588920525326078,0.275836820978267,0.48616583170040856,0.5614935975602339,0.508880077166219,2
0.570321400170468,0.9204444857673617,0.014501998522747967,0.05255552921585145,0.3711003279359074,0.36133134126053534,0.12460335981571706,0.47176287710935805,0.12836332224806085,0.9781195792810673,1
0.5952910367408992,0.28470336475869357,-0.17193454780080547,0.17031796303531063,0.6143550439798683,-0.36444427585904177,0.8097770978643574,1.1221144419003712,0.3177929661298191,0.6350102377434691,1
0.04622909549362276,0.12056565192126188,0.7772669694716146,0.2949400427927677,0.07382522198761511,0.2626582561395635,0.6368710902710263,0.4159220604305185,0.30179130310254193,0.4413821239893345,1
0.47664812849631366,0.9470030873172509,0.321809666205159,0.15341486223974252,1.0120219710456522,0.0688039017992439,-0.028002876435589408,0.27788467652284043,0.3233475732102903,-0.12657143649598396,2
0.6344336873206835,0.23573242314331758,0.2342141286105238,0.2627190926886801,0.6173323421481001,0.028208458590164288,0.5861991065607919,0.7615615267801449,0.5968288712295351,0.6337686733704418,1
0.2296327269127046,0.2538039934793317,0.1864202296279869,0.5295206491272523,0.1856444092825619,0.3701950731543796,0.5819372627475248,-0.041204525093245,1.0646604589268585,0.21421907995919146,2
-0.144322745169348,-0.3106661580606038,-0.2438423150620227,0.3261586144088878,0.8972913318520762,-0.014596526938205678,0.3787711440737714,0.3204159001924357,0.19456240259584662,-0.09599390827968424,2
0.32289311253751785,0.8780104244999579,0.982203001553753,0.6082960949818171,0.04145476414492977,0.22780369504401815,0.23684623973404414,0.771220095080382,0.10298247448856634,0.29554171902207305,2
0.8128008273340808,0.67347416155822,0.03518524940532851,0.8948218727221487,0.40446386565094755,0.953598344321975,0.6691672189873824,0.14888108178757106,0.8122644305228229,0.23070972702969728,1
0.4360645168814854,0.22472040090427542,0.5025372649117218,0.8353140788617113,0.5481600228470805,0.6858694844599533,0.30571134180501663,0.3010989076307878,0.42710163012910896,0.8860038305851199,2
0.20417394211822165,0.41212258941397795,0.35143846303726917,0.08425095982095411,0.633811388345765,0.4874994704397391,0.2709805875574668,0.24576449282136886,0.9452542299460066,0.6949376701021035,2
0.3069500024749616,0.44515503835125114,0.3080648209904763,0.6597496233477416,0.23453901048621295,0.3864121165464889,0.4388951308081689,0.14430055492244193,0.8817403571127876,0.19260713305182617,2
-0.016141984261940127,0.3003406262043185,0.7415980426743118,1.3639271725751443,-0.1504692580641913,0.011137795227066372,0.9677700664430127,0.723420349243324,-0.3713595061219296,0.5505061547052296,0
1.0288222627630894,0.06703667594763144,0.2583373575821778,0.996640455568252,0.5192310459118792,0.2824731334630409,0.5612064237419572,0.3077078148461489,0.4305831410107592,0.44258393876434526,2
0.15522014003325432,0.3204542213100813,0.2090095040700511,0.1415860099564949,0.5003876419463238,0.2920548456560194,0.13022211008127943,0.2939499581679111,0.9451247592354324,0.7357584979069611,2
0.07584910799977018,0.7855631568045331,0.31038899030138745,0.4690013464139777,0.9829105585497467,0.5090689145392495,0.9684091400053205,0.6957410939521184,0.5500566366218724,0.02952327587898637,3
0.9061742184751406,-0.012142762202832141,0.7403758462539326,0.8721471185128626,0.48369440888469156,0.543413935407231,0.6368892170407855,0.34957800115622595,0.04591681256719127,0.6370443175120225,2
0.18527438837670052,-0.004973687489915293,0.17742586088617643,0.5850552369507325,0.36560330597962953,0.6787540735427097,0.7236863681599706,0.2724008772985723,1.0015250622828824,0.7054283800073967,0
0.9492429950064333,0.9092047678000934,0.35135239021599957,0.04498137544957338,0.6419322773075892,0.9545522855866982,0.6807733832754332,0.13280299026092146,0.2365878223626562,0.7995740846888267,3
0.10446353853300314,0.10364855796074102,0.2856224942479294,0.6576481273579468,0.4941819833614692,0.5952371853679399,0.626525273607551,0.3736376334056651,0.9440952646836704,0.8256630655270285,0
0.5612472955575358,0.22557865352888584,0.9755959000108414,0.0725204580759666,0.34293270191450376,0.505765875152861,0.751698135318391,0.4862502493100158,0.5698558507562745,1.0111608872787174,1
0.6414064248964835,0.3936985940519259,-0.08191145972917457,0.9140291668211279,0.15285068414662284,0.07916021605544582,0.1408326962975689,0.413945463932922,0.9202866489634705,-0.18387626575689964,2
0.12691621810623155,0.8379454699868198,0.7797359616660324,0.4329336982769435,-0.0012897237806293593,0.07883103566360805,0.6251346701884217,-0.30891743840271124,1.3197001749314607,-0.013525047350881197,2
0.8865921222107561,0.5222703949274599,0.35057634417681255,0.8771272113402775,0.2795632016881554,0.7730263598548487,0.8282312391509716,0.5318558999655284,0.9496829680739081,0.30405189889697454,2
0.31535724421724437,1.3490577675577566,0.5053588461327743,0.09147964927343766,0.49826244793008606,1.6628279194620184,-0.4912627813540742,0.7723635992442914,-0.29155878185721346,0.04938854630674283,3
0.90342589488222,0.6722917694459797,0.11047894910486035,0.7925789848870554,0.38932685500397335,0.9659068900894913,0.6993053937538509,0.17018885661302893,0.8203523119997612,0.29224502007194914,1
0.5714969042414225,0.0504879543066965,0.29935643015267366,0.483362648210344,0.3020970985967247,0.058616243151166536,0.8803499440662377,0.6332409163003123,0.34272146795965835,0.4631218615253915,1
0.7978445082848348,0.3933230263490372,0.8330396374664296,0.7107503537567414,0.5009668760035192,0.5729746093961338,0.08315687022358542,0.6496968971456919,0.8893389124487637,0.361536748483792,3
0.9326927230322403,0.16998489122175742,0.4490016618218965,0.5795173857924284,0.31761275383653814,0.050997519794274665,-0.21809931933637272,0.6284642216014654,0.5368833353951964,0.3380284685149132,0
0.919066038946487,0.5059192686774467,0.3077600097157793,0.9687601063476986,0.4030754402380331,0.7627491905278272,0.7663874700064155,0.4774792798611413,1.0814979244255836,0.462697676501332,2
0.9217764518124221,0.6312736690450842,0.8474003609871219,0.4101643794750173,0.3421681832083825,0.04367526793864934,0.04497645089921401,0.10747777639532763,0.6427261384824987,0.4590604921502368,2
0.937728169540651,0.5781821470555615,0.7754550166208455,0.09223286273126494,0.5458601889743252,0.6325779111495207,0.38148787516063,0.2062691159437694,0.8286652917018246,0.9835877196274401,3
-0.14771295539014523,0.04109483411519635,-0.28613211626136115,-0.4518085446914235,0.4348879971545023,0.015562552533700702,0.1257707070826894,0.6582494047150833,0.5248753100696424,-0.2256590579091246,2
0.45948671339696684,0.06458966621207801,0.10044360384597578,0.9272610330821836,0.517878049625078,0.6760331637742385,0.9103327104179707,1.0248858110892638,0.3035589915951299,0.913050607418806,1
0.42484875395884414,0.896415634483412,-0.07743325123908507,0.41033664985312024,0.8212990618522975,0.6160830489999009,1.156291099516913,0.43649826829923943,0.7720881872859928,0.7380446949894718,2
0.304907156645152,0.23369173175133628,0.5972669476789433,0.7898264850025525,0.00589463608503879,0.4977787747653848,0.6161393913992627,-0.13667621615035025,1.1420584099265647,-0.07792787523316635,2
0.4339851142051039,1.091681613424869,0.23206214362977218,0.5386243991002305,0.6979234869264376,0.7594917003462732,0.8628995201761429,0.04883720845620221,0.6412628578006243,0.601088903877253,2
-0.014891493178216433,0.8115978678454551,0.43876941095266875,0.5017186465553015,0.5103748643314628,0.8023362962690831,0.8657781367583633,0.46228203124967776,0.5187093309535309,0.906837041505975,1
0.02029676281717791,0.24405884426879026,0.6924851518771571,0.019258849501927133,0.054548784864246865,0.27635050702948827,0.12955725871181376,0.8699519672850647,0.46654029820456094,0.2923341519537936,1
0.6065498185584739,0.22937303504816686,0.5738682250938348,0.27106666599321405,0.5130817768064988,0.4459874462240584,0.7702658361884086,0.19391399613838195,0.2997715345218575,0.4173650733415899,2
0.6382792056227585,0.8080907735486993,0.15645731620069098,0.14465284575401216,0.8406696377484828,0.2620072067104088,0.027204134038398886,0.34678440991641984,0.18716920863051323,0.353501316388896,2
0.3868694765335746,1.0850219566555774,0.01550729681209368,0.6357269208152369,0.7084215831322774,0.786166076951608,0.9213679571755335,0.14362016155916352,0.8555592145238915,0.74945552368517,2
0.6647685090095438,0.7319459268273635,0.8736990347621504,0.4833530504732749,0.6471216100708338,0.7474497379458789,0.8411228878991827,-0.0020289754862066883,0.113748200886402,0.38048063077573196,3
0.8789474042784486,0.5462897492301881,0.2038486298214191,0.753622560249106,0.34635580871841815,0.6628888981317875,0.3301472319834047,0.7496663989824823,0.7445278552253769,0.2948931636076524,2
0.8280281318209013,0.2313682063877327,0.5729770569933474,0.5012524954054034,0.34056937256927705,0.1825861750493229,0.08505294701019998,0.3781374296784624,0.3363967737446492,0.5980736918977729,2
0.01808876167672918,0.038881445019352666,0.3111457043570659,0.6623581341992398,0.551553009749898,0.556099437005227,0.6810281715483908,0.342047365934995,0.8457378128705612,0.7836702034106842,0
0.9426239926261707,0.10768019001872003,0.3308534484554441,0.7352386380397831,0.24391074237457253,0.3753666604835499,0.07105367344854145,0.36375767069425596,0.5935910682478092,0.5636108111783411,2
0.10649204867677375,0.1006922340371156,0.3047790859780876,0.7093954370291014,0.526649676531289,0.5887042513329178,0.6297150335700608,0.39544234807330714,0.9189757079624629,0.7952148676383083,0
0.11790618963141139,0.11325061527904451,0.34903741362185176,0.6897598626519772,0.5255973827805678,0.6193786804879806,0.572658532533412,0.36299606112266697,0.9445153390712545,0.8099875610565519,0
0.24333075472146684,0.036612829361682066,-0.2649204931990555,-0.1945900235871098,0.5504653994363382,0.4542863453775082,0.14371299415081623,0.5182842713564508,0.09392758546398339,0.11551753306673006,2
0.5334153783239364,0.8366497902245946,0.21079202514347017,0.06163626120798524,0.7649350331830055,0.049316826406522865,0.3021894752875501,0.39909650544056846,0.639619584581159,0.003855208224581675,2
0.8293696529443714,0.9729172924011702,0.36473521812409215,0.1756166075417504,0.6960201922942382,0.2766513218379852,0.26431000523051007,0.20757963035795082,-0.06887254019726452,0.4066165562623208,2
0.5428120031869601,0.2399854863540245,0.3004850263109533,0.24804407266266168,0.5838831006679973,0.09199253946265698,0.5636035990553173,0.8217854951501339,0.5577748714568813,0.6010395301230741,1
0.2189726413272954,0.3299500175396962,0.3219637058844975,0.5860244383815802,-0.03775087481610784,0.18470233646844983,0.576989549875784,-0.1161425195179765,1.1455091297989526,0.1348739823466281,2
0.9122403797402793,0.5468771920403476,0.259517767092373,0.7444256616959382,0.8059720897056477,0.7074647349875408,0.7136227495491163,0.1269024927849338,0.7483530053484989,0.91985184338567,3
0.32779035785911703,0.9140121372264702,0.39041932859616885,-0.1515685401869636,-0.22076975490865758,1.01946895893972,0.3178747700900672,0.43281194358527,1.2957615590843479,0.8846635880956873,3
0.3626395084482835,0.7341718146419459,0.885547473625739,0.641590564302293,0.6940463713092916,0.8895768410049633,0.08643021228552224,0.34377772390015965,-0.5060369771934875,0.6464123003790964,2
0.47036562914581864,-0.11564261596045128,0.45759355394122636,0.9800658843825003,0.7524985475184959,0.8095523577523651,0.8710954891782161,1.1851861834903585,0.07134548516490474,0.843429069271198,1
0.9055067282238415,0.5489282765098549,0.6605684957839839,0.22186007381617126,0.09688823669130374,0.7279899251107016,0.9931522243362821,0.6545846753278135,0.44962122188979464,0.8014019116881332,1
0.8939025684754833,0.31934362651479276,0.6314598734142354,0.7145926824482817,0.7598011069987833,0.4686170829337677,-0.11220090103255231,-0.3410401462070598,0.48963386663322556,0.8369751769160597,2
0.9950837283850223,0.5458785689172679,0.7499611156244401,0.027577642847622888,0.6954215506534382,0.577113082279919,0.3237781216167799,0.203940810799107,0.7972890006441782,0.8695409583244141,3
0.0349755714840969,0.23522205715598088,0.7003333777703208,0.010891784625358381,0.04928442121768353,0.28003935129455,0.11899656809109113,0.8743898389241159,0.47878060703353525,0.29982277263549284,1
0.9342645461159319,0.5712703031578756,0.7621942031101372,0.0815816649993212,0.5518885039244018,0.6335743995116797,0.3694844892104492,0.2006027900608672,0.8145651374595085,0.9742482443508468,3
0.6219896516138926,0.7025628853114453,0.7779425010600898,0.448359848761996,0.645399924627239,0.6439122412713525,0.8519024098114305,0.0901573326507748,0.20582711333581152,0.3396347991061405,3
0.1792873200497302,0.8503798789507595,0.4969716476721404,0.4479828030171478,0.6305830027032837,0.7294214979428799,1.0713667678441352,0.6924509744550501,0.3540358835040227,0.8848548655479418,1
0.49753417346336776,0.4502794028876273,0.9726124077671313,0.7882095593418661,0.4139187079981859,0.8176335266362824,0.459792052639491,0.3143516834848854,0.6203219691849079,0.19060802875153296,1
0.6081353652667503,0.7435606964809021,0.7946245342871285,0.4203429131582513,0.6025386977374244,0.6668057734640376,0.912245030444109,0.09760154725929548,0.14702941847345075,0.34815910513570886,3
0.6752163999657274,0.7662072757414121,0.11605343415527043,-0.016951777373762827,0.9185631991362845,0.050289776587279865,0.3714067172327795,0.26596727923772234,0.6148317755492626,0.14703796932599777,2
0.6669841663712718,0.16376544506806137,0.2649863829438746,0.492753588119644,0.43413719026023634,0.03144851611345778,0.37377454451795966,0.7374612013187328,0.543329034665404,0.5176166442308323,1
0.9210693790142306,0.37253362863996375,0.669769850754584,0.4497490809052099,0.46365362722604697,0.06685779268720116,0.039564577160863805,0.35045742992572143,0.27776569230675024,0.6815148048345068,2
0.16734146674440648,0.8644598903509939,0.7298981092281198,0.9486446664608554,0.33413020410768796,0.6773294201678661,0.2841548598597101,0.4450419380828155,0.06665240600524308,0.2986183075995431,0
0.2785619376659773,0.5201306910514216,0.015798298984205053,0.13885603808045965,0.14693361964167823,0.28064777562545024,0.4667112675659334,0.39774257305488,0.8216164194977359,0.779634389860812,2
0.053532072366369164,0.24847370345282394,0.6817474701070655,0.03726057096410322,0.022216160928243283,0.27037387632162696,0.11047191288934866,0.8742964755646975,0.48351779654082466,0.3141262134058016,1
0.22935929657665133,0.5271164767848306,0.5431823452339182,0.6812704156146488,0.6012580618879522,0.18739816824760047,-0.019851045565365655,0.4167541166243286,0.22622783287310366,-0.09980121825366389,0
0.10973421768494293,0.32014839752729574,0.26580182966827637,0.6991608281838991,0.3591099842176244,0.6744103558112878,0.8905443077177407,0.4489638562969175,0.6152258388755983,0.5350562492256286,1
0.08967218646873423,0.11205838761868685,0.7947811558814981,0.3451747571317035,0.018049078145902522,0.26334208650955626,0.5959135885830313,0.36658903582517915,0.3142108280303476,0.4135644448650902,1
0.054608615255672115,0.8892703840568654,0.3957468461240655,0.5548229364465814,0.5322440079778237,0.6807534740835066,1.0117363341346233,0.5352911020450495,0.41878497975279444,0.8369913600992976,1
0.9199295108359102,0.24087400174113294,0.4355492249176003,0.2540878730293067,0.023369588795597303,0.11193455918259163,0.5661221748304592,0.702047564412765,-0.05007886280569934,0.6171098066601369,1
0.8672973183008683,0.545079013254458,0.3048807424868323,0.737625055034876,0.7909628768373542,0.7433344717344135,0.6754859759444009,0.09524261780084094,0.7624037026943681,0.9355758248983986,3
0.09046277192701441,0.8595746084457764,0.4119813316011826,0.4618024526301395,0.5165066834574945,0.6973005373410733,0.9779133955146783,0.5819650735510122,0.4715748663942674,0.9433113787328803,1
0.035347963236138,0.11412485540905631,0.7891941639755222,0.3083728859917949,0.08349971344325227,0.2726729586947334,0.6557869602722532,0.3852240920728276,0.29129555081720665,0.42538479719503164,1
0.9863453176608464,0.270390703939355,0.44259156173278036,0.06932201201738708,0.10848137527552891,0.1811609741357805,0.4370185630934913,0.8173812947618403,-0.04829767813668237,0.5397321176379837,1
0.5873686842272845,0.5413040722632273,0.06736567282003213,0.9364065509286319,0.6519831061417823,0.6882390335805088,0.696682887067841,0.20250217170869741,0.7802506033670614,0.5928773354085128,1
0.6356971975609986,0.7194250221320044,0.26193022986334275,0.4502898677178885,0.720989931128533,0.08419307547189984,0.08240715048881628,0.2593530134509725,0.4690013454948638,0.8685773720440952,1
0.9411815482179706,0.23109767069357345,0.3721786279879152,0.04209221661812307,0.18559478124490508,0.1919094494743045,0.45009815485117377,0.8057465749105676,0.05893503936605808,0.6124402488224892,1
0.3315308567428331,-0.0678240855716317,0.19715000788483275,0.18287733643560253,0.7510955169952747,0.10288773543533761,0.37306238470678216,0.2993694702817098,0.0630920556223741,-0.00636276644877834,2
0.02784065392078565,0.04290193389540553,0.22820673756185103,-0.10779298367968462,0.8433259531684537,0.567710671404473,-0.2668697591365125,0.2914440581106648,0.8345378150065866,0.7126133142631319,2
0.12124764946666167,0.8632224880027052,1.095154432812753,0.4560270891934899,0.037481278509563704,0.6632069844161241,-0.1477519873690698,0.6146244500098528,0.941488157011759,-0.2166126367572982,0
0.013772941522676801,0.7861697142793216,0.4750834226917454,0.43393886441215057,0.5139705154094936,0.6577247854909768,0.9661822602244226,0.566287633378016,0.4798172051559101,0.9695435295992626,1
0.4996485095180704,0.8241586755518275,0.09667282309902359,0.16275747485962044,0.7096775673434957,0.1295555988451927,0.23245266317128452,0.3590677723707756,0.5522076216157186,0.08889980570744493,2
0.8953446648266938,0.21316099436140637,0.5598241456390318,-0.357501942201763,0.7639087372009197,0.649057974623423,0.8063972151833279,0.5399866742443716,1.0588261545766655,0.5981383460583154,1
0.5304577749381241,-0.07761254459737446,0.18652215977168443,0.8530328451940544,0.6194194391476909,0.6526725595657054,0.9805651684503638,1.0010430818357494,0.28889612646677665,0.9499251573592481,1
0.057329202200925654,0.17438700336842422,0.33132052823544855,0.7182792426761261,0.47013012174872887,0.8377858424144438,0.8540545298707402,0.3592722557578749,0.675476482558169,0.48398493886645516,1
0.8246877165289023,0.16570760018669445,0.7076319077173009,1.011306840768686,0.5234423904940725,0.46581033335342986,0.6539487723015046,0.3704836303218665,0.11584032421721692,0.6719939215199185,2
0.43695358907481247,0.08527557418654497,0.5086930758157449,0.024619415827158986,0.8223942409887197,-0.20512047048973145,0.6783356524326101,1.0319804787078468,0.5798651317518249,0.7852914862668762,1
0.084938466883489,0.8484174404152612,0.4041143303487127,0.4665372078809691,0.5217495411600562,0.720752969411366,0.9481943915762702,0.5676937779143271,0.4704015377459355,0.9285122307152843,1
0.6135793675111894,0.2856770583678977,0.681660334765164,0.390626283612106,0.8077115078902297,0.5500978063916487,0.5611658612737154,0.25766811519621396,0.10611804487885276,0.2525142332282001,2
0.6816536212641503,0.7999959785640313,0.2639016520345648,0.24420334394139473,0.7453556781639318,0.3988449243520948,0.12796826228329686,0.4201052026510798,0.03328966933455377,0.2789277681994866,2
0.6529705194694349,0.5861200419902646,0.8563207069127068,0.7139055296632025,0.47127262282994425,-0.06342029072605865,0.1542495723718812,0.4572231522556193,0.3187940066988946,0.282780053318124,2
1.2056122213346478,1.05799558157789,1.2449630616400666,0.9216637361315126,0.9964188117082693,-0.6898363897971331,-0.5989993289911164,1.1318082974653394,-0.09572434083939502,0.4829007177488499,2
1.1727860562895107,0.4666084062129914,0.36422759182719733,0.16889061700430208,0.03914810492634217,0.6606736250355904,1.0869652880772682,0.8417738382210899,0.621438595665706,0.5890152691161988,1
0.047532870044425524,0.27722231598540287,0.37975569601201037,0.691568308250738,0.4564165959016074,0.854942730553071,0.948114353933257,0.26898712452650075,0.5923379288196067,0.43878868978732616,1
0.3772174573515316,0.530508485655384,0.7355157032687656,1.032078343710718,0.07783756713707157,0.7996892667123309,0.3157993571088662,-0.004081691910322094,0.7812531748663532,0.5774520383364693,1
0.8670831036952502,0.6587989152266647,0.5723613943973592,0.2931284791609058,-0.20673969434409883,0.9974850797742274,0.020834761814238267,0.3250847054326813,0.18785923235856156,-0.2386720308684352,0
1.0388726156413435,0.22718460605491914,0.1915129936556325,0.7872599974069823,0.5139366646563885,0.20518967503942978,0.027777982705376594,0.8333181277282888,0.28025179845391296,0.38310246690557914,0
0.5072629996696004,0.2919452803316558,0.12206634474010525,0.38713063619087745,0.22338491381569014,0.2074581788895878,0.37225165955358336,0.15969883790102393,0.8779848977000227,0.9406513374787588,2
1.0529948198207184,0.10929387633848045,0.5104066189217036,0.22597247838146922,0.16558243103940173,0.1415618162640449,0.5407687146443904,0.9014714431813124,-0.07444331937147658,0.6351917442270377,1
0.3473876455433623,0.5339577710688479,0.6797797420805032,0.5719900086238419,0.09915622368964495,0.6258809347854483,0.008554404642047958,0.6864010249619857,0.6676717053042625,0.04845180200361751,0
0.9419922557699026,0.22559762333738972,0.2643852511173406,0.028034380030010478,-0.07209364082330334,-0.14482330893290954,0.6898441870289875,0.6046849339482787,0.04273704989060961,0.5542565294233209,1
-0.09251427630133635,-0.3087178163469703,0.13179899695092606,0.31467004530004045,1.247154286481282,0.7433022381969978,-0.08892675301626685,1.023218611917597,-0.14892933010153808,0.4703720364429156,2
0.0749430878303052,0.18011067529985622,0.3326070719281796,0.7269722064897821,0.4604016608696721,0.8360864808560894,0.8651827634061644,0.3533852201168342,0.6664897752396061,0.48469642732778523,1
-0.015433972039176028,-0.0044416953520948765,0.345339898902011,0.8341286163737078,0.7008046859963215,0.7514402795394682,0.998456833536074,0.5845940890186304,0.4914302778050881,0.6314361155732569,1
0.24186744526198112,0.6319916788160537,-0.038791545133703205,0.020047564692088595,0.05776644029000051,0.8007806740770737,0.7663176421281105,0.2720578564761582,0.9693748707087445,0.8792106838882359,3
0.10821876221785598,0.21292850985569461,0.30794433198835497,0.6756391393638677,0.5213313954290071,0.845396810764899,0.7993346767167749,0.29817506124900106,0.7226617749225758,0.5062304584156245,1
0.5179686814857182,0.8171777265970357,0.4948773063625097,0.47885538073397094,0.05737422145796896,1.0906719937142477,0.08912329157401941,0.27223173234270837,0.04978664829473488,0.5975181503461604,3
0.03249891631270049,-0.1976744794291811,0.2903892796989549,-0.06050603751667716,0.6155980341048675,0.21721214865494015,0.3313742116721963,0.6913735238047897,0.2238993716877804,0.23467276261170628,2
1.064624264945131,0.13360270961528398,0.39444296389199407,0.5137641792034255,0.7053210281839888,0.45428812132662744,0.5780809498749754,0.016479293965382447,0.1924343948208554,0.8869993819635009,2
0.18248103301882473,0.8599413306478092,0.2942734960138083,0.005961461372318474,0.4238724304855692,0.4477126404819008,0.6451987738943549,0.01831749089771667,0.6275033240081253,0.7829497589920534,3
0.4318118811584,-0.036045507185302236,0.195436131520968,0.8592251799872044,0.5235976216983658,0.6184195210001514,0.9023325365977798,1.064608377461464,0.4126305342323358,0.9239804686223059,1
0.5959501347023086,0.9046658869281214,0.019433664856879366,0.05353181437421381,0.4009335729100376,0.3106463242267117,0.14742623945649486,0.4962264218667049,0.1271260525543001,0.9094447836400683,1
1.2615952111447775,0.7562989778308988,0.01453103170371467,0.46390974648016753,0.06048298278603392,0.7336601398076578,0.5967174664747736,0.26310403607362587,0.9809646270081493,0.5656374534906861,2
0.03306072024061425,0.23207707722579313,0.7008131402525595,0.017959588311434856,0.04159157730648725,0.276829450225039,0.1329582161229164,0.8653564838743883,0.4622510455298683,0.29933168906669333,1
-0.16762823910618357,0.7705948912454094,0.2469308864578383,0.20361752066312327,0.7863669387626058,0.3845380138078242,1.1633224296211688,0.6602539031448614,0.4141624432594357,0.9293579121382343,1
0.6928712671674242,0.46775653437314935,0.08081311824464388,0.33377622115739775,0.7314691887048873,0.25690749759797227,0.4928754441369855,0.5807072180902888,0.6369758980108058,0.846100635789271,1
0.409138178101331,-0.04820234818557767,0.5147537813014083,0.6724047140693704,-0.14496056680481226,-0.19414137539024653,0.9272211480910548,1.5576648724329365,-0.42655942130658153,0.6577846510290302,1
0.22671539294302376,0.3044372736316381,0.3234546485475629,0.7995640489318414,0.2815223212849626,0.36111901444909317,0.587691894694173,0.017909313109472386,0.9804508593514846,0.1695586779943753,2
0.17858674385627332,0.1498398185687152,0.5137230204727727,0.6387477893590485,0.5117097149029615,0.7292372007470305,1.0377639037043462,0.1880495127981729,0.718179355585584,0.5327778203287288,1
0.6991600814718489,0.6072659144845965,0.6705999776707845,0.04392964774280597,0.6762855594001081,-0.207013378429487,1.0105233852621798,0.6844321650646812,0.9760272551937157,0.8709292704785834,1
0.49461308075415317,0.8819526871130631,0.0575169949752716,-0.002462419438948607,0.8381785914220947,-0.0028465069246182417,0.1281215926723744,0.32825117802740816,0.47107783808248616,-0.060987057693930674,2
0.536286439093397,0.7335585562675337,0.727600279305385,0.7452309770588339,0.18379768004591776,0.49838937692333185,0.1782824819878292,0.5152666867692037,0.4694700932185732,0.29347355569163647,0
0.9393781297452233,0.6275116744241331,0.6092277102469131,0.20248689871320968,0.14698889896831824,0.7171397430199122,-0.10922433183482871,0.13603507167169362,0.06472301920607322,0.15757319719421337,3
0.3679990501454493,0.8531360553975397,1.035279467987436,0.5794557036955583,0.039305100124422336,0.30173326918208515,0.1691209529064056,0.7494929546501227,0.0690927883731113,0.2635506718128773,2
0.3000472066095105,-0.08691936470107632,0.24539172386271815,-0.15134343789172375,0.7916594982771009,0.01173902999717752,0.2959255950813606,0.6245144063641455,0.2821135392844896,0.23506422528171372,2
0.29001264929205894,0.14742454340727257,0.48142288530439076,0.8801836121078445,0.41136642219037384,0.7884095891395231,0.39662906746683263,0.7682259303945013,0.2321213090490643,0.9266654881869704,0
0.2798847052089499,0.6535455469445437,-0.002007918036694778,0.01865278055780142,0.08884516777050917,0.773227834394518,0.735060151651307,0.2569456785819129,0.9969856443474607,0.882146284827299,3
0.8158793457893168,0.4425033298349092,0.9247439301257152,0.6886637134212192,0.5496242610810965,0.5567574810725335,0.08414132248742888,0.7678124363339343,0.8606571964066555,0.33062490285276663,3
0.5552539810514826,0.2339444031129996,0.5296390730220002,0.6234098462233099,0.26570170807350135,0.32220261995703203,0.786965763345226,0.5229041850927584,-0.20400625348183937,0.3355911880885134,2
0.0047373385661006115,0.15729746278080692,0.7928577724969367,0.2949133233773004,0.09540234341689759,0.2967743227264768,0.6628042602857647,0.3936728842454814,0.32955670129640563,0.46440329981049067,1
0.881959104826116,0.9993073136103277,0.3537942940895188,0.665639672616405,-0.45033404526074416,0.40242058786005375,0.43441192381421223,-0.1962737431168835,1.3406228887938707,-0.3738570270422171,2
0.49960162281695547,0.8405276324903624,0.3475648991638952,0.5256101457898981,0.7656786231987107,0.13797231304916266,0.04258927003247782,0.20572984819986675,0.4929567776848104,0.8892513329909221,1
0.5032504869619627,0.7202608506503615,0.8481809095211246,0.46581802816843043,0.14470780494228483,0.48472002998820074,0.10076925460896277,0.7911935913525869,0.5691714018644329,0.08238548366041194,0
0.5860049266263403,0.6565477977920359,0.7513443330533046,0.3630629026626424,0.5851460351912973,0.6891805338811635,0.9045734469818617,0.06676387538686653,0.1270361936754355,0.3008111247403472,3
0.24342772191464312,-0.06116523760932509,-0.049640245751782386,0.03205745901876962,0.7900379687207368,0.30790511295899825,0.5753153617350246,0.46939216463308225,0.19967744990261585,0.20351497414162223,2
0.5705660634436454,0.3432628591382343,0.8366250639847845,0.6534587527750529,0.5477779556065636,0.764755369657884,0.48071716708555257,0.3105116751915982,0.6596544487571063,0.1851039173883578,1
0.8505170449165935,0.5668982736432628,0.28649032396628754,0.7543261208380603,0.7844941946309302,0.7411531303482413,0.658938186729191,0.09474379066277906,0.7655850893946525,0.9507733963626879,3
0.6007263496501186,0.7850854439795472,0.2948252800272884,0.24984840469725061,0.6989778950436368,0.3498048191982104,0.07561262196243433,0.5004784217988788,0.06417001013497967,0.3233992995808595,2
-0.010253173785199986,0.1650998343600682,0.7381352223996123,0.2957984140750936,0.025569318801672278,0.2134839947950563,0.6092653525556397,0.4026105702930662,0.2997001934746085,0.453026612790109,1
0.8273327590936848,0.8500305150091773,0.49718637549727296,-0.09387553224777989,0.506073060300656,0.27227648803075233,0.7588469993533212,0.6895769756993104,0.10804918722903649,0.016655913801097932,2
0.017353879414157003,0.31796352296903546,0.11142838599867175,0.7532077010536747,0.09327313179743915,0.0102349494537185,0.5443450426092269,-0.19383026998651387,1.3413000777985338,0.5451479127734515,2
0.694827323553621,0.7767546587285212,0.2572079462250018,0.26418483269139714,0.7578612814214494,0.4022231578492358,0.12538695240555575,0.4314652716478266,0.06728443773105472,0.2691226051118383,2
0.15459205583515248,0.917304452005445,-0.0030747652845835582,0.4202556420176986,-0.18814426515338223,0.7720460553921866,0.399398375026523,-0.23956554170840966,1.0164035653960388,-0.25231312639742803,2
0.7154779225819576,0.3883763830737,0.7335071478259212,0.2510595197293596,0.7034166045312411,0.6109356335148045,0.5307757986771184,0.3289775514325197,0.0502668230732511,0.19856804687149407,2
0.9010863069367275,0.6365628353377786,0.1450451206582288,0.7689877223632954,0.3086846207730435,0.7168539451015316,0.866152035698144,0.32697286280233295,1.0445181634805591,0.26954992322214866,2
0.4008776006302516,0.1724689776768902,0.21389889660647093,1.0381806397751527,0.5015515891491368,0.6705911540625682,0.6750112690057952,0.9617158219326957,0.4315962312161055,0.6630378071905267,1
0.8790136991024872,0.7854107834838151,0.3220162392946991,0.7686323764760069,0.253530694561131,0.8837748950920455,0.5302666770572475,0.42296546826569986,-0.2135520895665341,1.1870021193436757,0
0.7540441088868255,0.786961457166278,0.7956801014658332,1.3147488972439436,0.3855457382970621,1.2217946514812805,1.0495629589374726,0.6278188223518142,1.3025301649570111,0.38609414275461573,2
0.620472049432252,0.3171530308720594,0.6829486606089923,0.3350577830293638,0.3863177324902368,0.3502592389907132,0.2026356547802915,0.386677255725929,0.5137228624659529,0.3805897514438654,2
0.6849869613235632,1.0738245539047462,0.5838873424720413,0.23457825349940187,1.147118442162315,0.21289748374230075,0.30981709968790755,0.8534943871550248,0.5223834248550946,0.26365635835087786,2
0.3844357174128973,0.1652783473647909,-0.2405965890977957,0.9510311160452143,0.5804519273296147,1.0245000852653412,0.8746596113185859,1.0337185536779447,0.04378623661100062,0.5476554727255778,1
0.2276115982210428,0.5522041675684616,0.9186316350352421,0.652132358882989,0.4323832845821046,0.5925605459069314,0.2629326676762411,0.6378114067839586,0.9154982878115838,0.55867447580458,1
0.9369874562394855,0.5438203425330804,0.2834067633872047,0.8926364495406616,0.3176951321700603,0.7498452761224805,0.8259336314089485,0.48451545195897644,0.9922838240236509,0.3083076265579686,2
0.5151466517878458,0.8099557997395459,0.3411660271841026,0.5317377318283477,0.77072529707063,0.1499739844366946,0.04935425743838043,0.23186496173524668,0.5153866781186801,0.932948558712696,1
0.6131912371737829,0.8817544594464642,0.1492764672781388,0.08784613329752183,0.7969184128955012,0.04046234892130423,0.24963454083128636,0.3809540968279676,0.565083726177174,0.006201841070155135,2
0.5607746094056697,0.37568331179273623,0.8700539676813899,0.7403920550648778,0.44507640988545316,0.7870804817824153,0.48344227259860706,0.4136344950688134,0.6413280129140825,0.3462740729051857,1
-0.19588984931237147,0.15247125145246676,0.6605047843276955,0.8122961292353869,0.8773300253049175,0.7757260063354298,0.37182520035502253,0.6092891251034326,0.5984262951123911,0.7921661493907048,0
0.1539151033388333,0.20906708046209146,0.2985410971555781,0.5715030000159339,0.44333747906541027,0.5415802897253427,0.5422606878042997,0.4551459843918908,0.9506159739077062,0.7760405743008225,0
0.5732984737651488,0.8766270904891252,-0.021618946864505866,0.0893150632784078,0.4175635104420685,0.34564764817875215,0.1609612791075777,0.4595333554088502,0.1525075482107134,0.9060272700670895,1
0.7388266396533545,0.835587911884604,0.34918391556926104,0.6550629130484935,0.05368580552668384,0.8717233324032163,0.29023961872610166,0.37202538803865387,0.01575993098454259,0.5586671713486973,3
0.6338843088356882,0.5206938423362921,0.2942837061908646,0.5414522960804506,0.8849867455140121,0.2704215448899435,0.4496927077312174,0.22478086831912536,0.4138512315967838,0.2607801444715501,2
0.5630330091352824,-0.17161692533074813,0.3653889834481153,0.5467088289926967,0.16548764689347123,0.3828161912099431,0.2753842312240325,0.4171535485187089,-0.1371452932153691,0.36577352561755705,2
0.03564955152278088,0.7891252429742728,0.27946959566628105,0.5251133478866541,0.9165104691147635,0.5763273436658407,0.9201453695783582,0.645345340915155,0.6344199787787617,0.07326618863890857,3
0.44887102903314857,0.3823027603585098,0.21347076333502457,0.5978482625326916,0.2858444300159351,0.278948487566864,0.4072175375080309,0.09337119957836318,0.8316009374959339,0.17116164937372957,2
0.6858400827503297,0.9175145961136488,0.03843977916309046,-0.014480938420653039,0.4180744470006197,0.2614765570692186,0.18934975934559084,0.5556464579606082,0.09586559261258965,0.9158725607593273,1
0.00938237930876528,-0.07859997532945345,0.2308153765032216,0.9013577755472992,0.28079913422802455,0.8152890920173725,0.6813765335264581,0.279672785439836,0.599031792354681,0.3320058345229128,1
0.7321237768950779,0.7604565561057534,-0.10735364990898605,0.8979112689797293,-0.12723270133020181,0.1662963397184847,0.9013261138666222,-0.19303442515298552,0.5742298962891464,0.22392560466855777,2
0.3715049761863362,0.4286425937314755,0.15025948958276153,0.8278964769855536,0.27862656072559455,0.574674780993164,0.3784156952921932,0.2404951522845864,1.043581947620991,0.30041990109664063,2
0.45800282566135436,0.3760813887538197,0.7166633477082807,0.8173070992880926,0.8869917593598798,0.34518113202965106,0.9007752465542225,0.7530077623078378,0.5953367920520521,0.4979236589835878,0
0.4848683886116778,-0.09688877570848786,0.46068111695929304,0.2588307809344665,1.025913465926194,-0.5197031116368221,0.8740097245782024,0.11800394378547752,0.8389633083372965,1.2031840045076554,1
0.012483259091634481,0.8472361671315828,0.32422296676739204,0.5735175283885294,0.8618315615718641,0.5376341992763055,0.9702266708367666,0.6383191266315398,0.6011403027430907,0.05967398056478499,3
1.3543960727445403,0.7617854017548814,0.2628123537913086,0.06553398090166444,-0.2460224296410905,0.5836518076412399,-0.16689954708221888,1.143492512812169,0.06832897306758048,1.0965472138089698,1
0.31306579520972677,0.4271025997114007,-0.0710087242613631,0.5860520464667096,0.2687250681228096,0.36876011255718444,0.5733665070422754,0.11071847989386696,0.9680862113704715,0.9247946431729691,2
1.0036149321017407,0.2100396458806793,0.7061984356561402,0.8979574562171508,0.49181920644424293,0.5221431463688945,0.6523498596474938,0.29743707113141343,-0.027833700475474454,0.6846169056978088,2
0.6358203051215707,0.34329923771200116,0.0017763260593931518,0.3828563483389328,0.5526891770667027,0.08291407668606246,0.6587420086944952,0.9331897396228488,0.4545552288704797,0.7925212091044599,1
0.14410084257641967,0.6246974478928305,0.6007693829260468,-0.16553002115624255,1.1362991266060871,1.0422234205659735,0.34825597978534995,0.8420157049614845,0.6729838429192088,-0.15583440514953686,3
0.8431182236145397,0.682649716882147,0.11612994556748049,0.8168351488803564,0.39809036741123127,0.9399928526732186,0.711970017206343,0.18904787174963802,0.7942402704795993,0.29170379749747744,1
0.12761383933396608,0.7681897779235252,0.6584397819968439,0.7204511398460596,0.30667908776137887,0.022788416856941995,0.2499347741710622,0.473501685311543,-0.2433875570284773,0.7481226770337077,2
0.6676011988745937,0.9645387967519862,0.07521377638164913,0.030156775407970578,0.3937485533503433,0.260091196547275,0.18920074726396602,0.4991512101669734,0.08779528832314618,0.898771968801753,1
0.8261927576016587,0.9496535505011754,0.11423397805854608,0.9046373451715138,0.6673327775009898,1.0306215619480932,0.5623960943324819,0.5764539610839269,0.09393957429190966,0.24715421741985238,1
0.6162934509194229,0.2880872623608034,0.2598017286873826,0.994349202471772,0.10906329866835139,0.4181516706363515,0.5436760280259154,0.7987600325809646,0.60434965857786,0.3732720233891619,2
0.27331187567625786,0.5865427543481285,-0.024284910958316336,0.948286888183322,-0.1890593047047024,0.41639347080096906,0.5303466676454287,0.7183319281130685,0.22213717160944035,1.1255257191810197,0
0.5661075138539614,0.8743905569735905,0.16286210748171687,0.0850033169268028,0.7915648923664121,0.05618654316347527,0.26412085533334,0.3898494360609436,0.5598097644247015,0.011968136639740869,2
0.33986683731871503,0.9227279637562082,0.15444386247685488,0.5568827695251652,0.649811078538611,0.7022128660421264,0.9279903629074502,0.26650475696663267,0.6353488718441628,0.8540893449555966,2
0.04706935754117914,0.1219322111174129,0.7656189789652948,0.30457077978990754,0.07046652223411179,0.27592505834038045,0.6452897447443678,0.40253425544151605,0.31534237044577135,0.4490435797646382,1
0.47675780426203085,0.025773254459611067,0.12399020841842763,0.18542614609949898,0.6993898061320185,-0.22606810824562112,0.6460290787057217,0.7827023921810159,0.360395870784462,0.49620708964375226,1
0.4030369174434807,0.9299771139862419,0.21178148694486842,0.5986201214609853,0.784853106677215,0.059230119127158115,0.1034611197709311,0.2329010009623243,0.4447828967390163,0.9030025913140864,1
0.6602044365981459,0.3181318349352915,0.3358839059787425,0.18762924652042914,0.7176941091526295,-0.111231916755862,0.6659807065878639,0.7290150828645281,0.6283698323632498,0.7129113783662234,1
0.2658742369220427,0.5093869280279212,0.6993311301644272,1.1052341098504077,0.5028118637575203,0.9837372198121778,0.17570915255967798,1.0189919216802563,0.005086622208052838,0.01802954128229961,2
0.28806963202396924,0.5437459486604608,0.3146636171263091,0.4999037229555037,0.45865638415324106,0.21503392928072618,0.3902630330296314,0.5593349071424192,0.2641423510829548,0.9131376585140409,1
0.609760194055028,0.9065078019622316,0.014950543394065978,0.06241961412320901,0.3890386147140417,0.3204879424258162,0.143121695284862,0.4882292302134555,0.13573620015196125,0.918280906142644,1
0.8693603979791616,0.5288964447250385,0.7234505423964599,0.050008027117698244,0.504737461942247,0.6003835259268376,0.3739974417158265,0.18966075438416455,0.75416497225188,1.0310500821394992,3
0.46478108800384044,0.08878040046308754,0.20314187267476594,0.8622984799019324,0.49451234059729215,0.7175218264102725,0.8373200566748005,1.0420230352944155,0.26815244138560534,0.8000479370996647,1
0.6421398065551405,0.9039415930966793,0.16922102900800864,0.08273995152112548,0.7393657125557167,0.1030940057122576,0.3004796555266467,0.3499541698678342,0.6474016033200215,0.03239499660254872,2
0.5821504311657553,0.1800504654168458,0.26054643499294317,0.5534188640165318,0.9459574947107169,-0.2630100274330841,0.48870711768996267,0.7839576782335665,0.4094701775596461,0.6825968847067915,1
0.5441097220930357,0.5994023457921431,0.43865688655165425,0.01538626039967761,0.47848416888193174,-0.09139701277684764,0.36699740694466987,-0.2207353143989758,1.3934270403122309,-0.024581267624356806,2
0.6868823742059423,0.7387375928238105,0.6895509631098514,-0.11539085104625829,0.5277896441997212,0.7131415416417866,1.4123952685399055,0.2669603412198242,0.5438848541903799,0.8720135367253953,1
0.7146570678689308,0.3926022621084222,0.7061854969211562,0.3345667246174144,0.7075780509932169,0.5529846481353058,0.6455702426397856,0.352882776620245,0.11293113797858742,0.22013899859552888,2
0.9206508333429609,0.7079313747113393,0.12282585062377713,0.8123369874418265,0.3985207566145858,0.9158808165031872,0.7079051382217642,0.20992020651834592,0.8544261449858932,0.26640328116552503,1
1.020960014551789,0.32824185180896265,0.9893395805887373,0.6335461183432467,0.73833522454265,0.8355896840154566,0.40445862884748157,0.6081859271423751,0.44122386686358805,0.4339015467272095,2
0.5935116662315975,-0.0462486880100204,0.5605574667658514,0.5426414099544329,0.44834000809793756,0.15142400311475632,0.8321030057741065,0.49015655295984656,0.1119868917976211,0.6750927876670048,2
-0.11688970556961015,0.3890759918620004,0.28111710246212596,0.9739365377043306,0.5390062127161874,0.3729432795495069,0.7097787357666486,0.13625274348304744,1.2007068642402778,0.8085322027143577,0
0.15719564387130092,0.8792631100317401,-0.06820348439069127,0.5752536501087435,0.5650944444861831,0.6069180215288584,1.0316008540463177,0.23602364838950088,0.8588030606906626,0.9362626542671337,2
-0.2715837044603586,1.389224184013203,-0.01900663178160906,0.20288862298563543,0.9166013706818198,0.1273679193122369,0.4751733699115713,-0.09821747439776968,0.7517374614598253,0.6949287773213397,3
0.44230175394877375,0.8811118428241973,0.35420023138969037,0.5887355025669732,0.868145581860996,0.11180785392444831,-0.024138274518691417,0.15666766030631374,0.6435378295880835,0.8257163294288481,1
0.02295197818909915,0.24033370458958359,0.710030797282791,0.010122858260820402,0.040545315941246655,0.282907065012526,0.13532739318165332,0.8736383953395842,0.476130609478258,0.3061302379596128,1
0.8978262974639246,0.5443797192489139,0.9863548258198017,0.6097572866268784,0.9208371094356957,0.24523533049053642,0.42394337173369523,0.6946135502338022,-0.09842927845400237,-0.05093979981049812,2
0.8637646899520608,1.0158903503983487,0.13540148842677321,0.816653477303951,0.8151509618384593,1.0371662197244618,0.6057055669723784,0.6253445476259272,-0.06401768612977135,0.33832832682178304,1
0.0927050670764574,0.1687853757284488,0.7234367894897568,0.4028890549687777,-0.04093957820231797,0.36355044091304034,0.6419383057122401,0.4413343157565057,0.220353067787978,0.3970698650139408,1
0.0022657253725355334,0.06071002599127994,0.7447834648391155,0.34692491677999326,0.06116102259655053,0.2771792882826533,0.6766840774577753,0.364537636490089,0.3536274026056402,0.4098472283849054,1
0.297956621139655,0.6768488702757587,0.9296721871971466,0.06721583584182443,0.6148965550405338,0.3943874330131077,0.41315938921676476,0.8157462257346103,0.26117761291425007,0.9517984649891513,0
0.5622071992373499,0.30471123548108514,0.2648231333025981,0.9669520095090833,0.19928162817300216,0.3827425811427466,0.4592484164436695,0.6369969726755563,0.6759414304088092,0.19526276853713098,2
-0.40668325974953795,0.09732580076054353,0.11276753834303743,1.0933091984043422,0.48477403274596664,0.8374363248079375,0.552198545033006,0.48881514978772905,0.8441850401922086,-0.015292090353066917,0
-0.17931281348430317,0.4612426566000422,0.3090067594806164,1.0260549912258632,0.18601545652600346,0.602327859819606,0.34243252678456215,0.9195471975032625,0.5661503557647671,0.3272138143353178,0
0.32592587808159634,0.44683190371345355,0.9746282755799422,0.6226120316129052,0.34663765987667455,0.7550622919691742,0.18503204567573278,0.6797415822075996,0.9517861650038322,0.40271078352195405,1
1.1123271065200828,0.8533256710998296,0.584952816887071,0.1768484669180161,0.43971862982168786,1.0100433053158857,0.5700230941807629,1.1186602621345152,0.2658289751496351,0.5775713904391541,1
0.6851834543049115,0.807690072627785,0.16058048520410145,0.8903998423379929,0.5811639921555996,1.0407028373346559,0.6086197020426963,0.669518010394384,0.16333035485494013,0.39363896194941367,1
0.7617994014467495,0.8680622947862661,0.24049959078928865,0.2741206274083236,0.6995562253979045,0.44087306556851996,0.010772623365307585,0.2864050816742575,0.15795675939718978,0.4320629782552004,2
0.3631464091321929,0.9671682292889514,0.5091410891097137,0.6895506756297067,0.8358478221111559,0.2262044265967978,0.0731372159423835,0.251415377464754,0.5485169092346185,0.9103292854085833,1
0.947066981245546,0.5871580420425148,0.7777132205569957,0.05920113969976359,0.5556035496990587,0.6356636836754009,0.39064002987572705,0.1889204423111918,0.8080720565693634,0.958892369777434,3
0.1499730355289593,0.301963629308726,0.7220666436945551,0.6083700068412956,0.4930858246279513,0.9585309610155925,0.6976476775176623,0.26911596326694176,0.707292593055587,0.7542337613658798,0
0.24466908232858336,0.6833898041875596,0.9932302719507577,0.06895591298830155,0.6694419784468272,0.38825306620520533,0.5186171662398436,0.8938386150884436,0.3149223826728041,1.0281442510226737,0
0.2994903010854247,0.43123058901474975,0.925021103496203,0.5946533551609058,0.4148686036684073,0.7418375282026431,0.2037593886962888,0.6878260857024243,0.8804056790099974,0.49335243571600385,1
0.23849824990221558,0.8010802609684413,-0.034001731260072596,0.47526067316227383,0.7551314844125935,0.6214427926341151,1.0363816420955116,0.20006000047201486,0.7771909557880687,0.7274762309029201,2
0.3503364171184226,0.8831788128708009,0.9604339079320752,0.5788404409224819,0.035518039166801005,0.2707370302165896,0.22517988067853692,0.8058566633115058,0.08431801350518915,0.2723149553676682,2
0.9359178229101265,0.5583791672956278,0.7404410178268394,0.0631612956759927,0.5319100953089299,0.6379460729302143,0.38748554694331355,0.18506758110408922,0.8287124463065838,0.9940358086486207,3
0.13869240496562588,0.5522423066986168,0.49891815345840174,0.06531004404721441,0.9537404229151005,0.7367753778996299,0.5009538448207272,0.5520871353744863,0.40277688624834873,0.05643346342510516,3
0.718064080655355,0.389194741787686,0.7044414298807965,0.335213382689526,0.7041485664181888,0.5486089298074327,0.647761686866969,0.35195869485861553,0.10788190773633667,0.21882328265592432,2
0.9123505893007197,0.16871996833392905,0.29059970354049347,0.2652841153989228,0.17941777752531043,-0.0325615074419906,0.0230670689842168,0.3089347520727815,0.55672445471112,0.7752509958419757,2
0.5911487129236528,0.01746858919873233,0.01957533185856139,0.9642315463192965,0.5102422734818919,0.7793555643294048,0.9414603184064085,1.1118688700505366,0.36107380834236147,0.9451314261343443,1
1.145692716964725,-0.08191940340226547,0.5897971585644505,0.8335709264347981,0.34453896829261166,0.5772748463510761,0.7465208823594203,0.5028264162575188,0.24148670347147466,0.5792521907770135,2
0.5958583618731643,0.9314119706630739,0.02790767830649788,0.06723279745949101,0.40454186074283077,0.3201415129835846,0.16870706653202966,0.4602565644601566,0.1403362320560845,0.9354741837908116,1
0.9357029919514869,0.2392126319054875,1.01700823303345,0.3717226900933125,0.8629406771221626,0.2857443958177544,0.5232983629773732,0.672436144523497,0.37639135323243234,0.36704310331959095,2
0.6937027502621476,0.7482463719060213,0.27849892489506306,0.6768999635608393,-0.11722669288492282,0.8438414831168677,0.05689361959469526,0.3793139283932634,0.01644556681563014,0.7220608934410394,3
0.8736296303411988,0.9664234383387678,0.4502695156220028,0.03206199832814027,0.6013353172694708,1.0098845020502405,0.6306005787517436,0.19380425780314256,0.18545954272654225,0.7085327258155012,3
0.7593075476684532,0.24918907607499763,0.48886514529126524,1.0141428905277043,0.45390039331909743,0.5064155375584314,0.7349372740195536,0.3164878758719418,0.2479485286827793,0.5488506631842753,2
0.609578322234989,0.4157352171757366,0.5284101729890331,0.7898272348408114,0.372610231311833,0.2132589489762959,0.19603947029658214,0.8354006621141646,0.929218130416825,0.3323071598093658,2
0.17828497756679595,0.775248496120918,0.675610847380145,0.5894844623650469,0.14767661770870827,0.7973016297813167,0.8401187145172027,0.578981072658266,0.7256123541377697,0.6530790477834445,3
0.7557655528740201,0.38597091307612086,0.7254645947607659,0.32001676633292,0.6827617516325051,0.559597044559589,0.6172490918713442,0.3669086219395087,0.12558077732696704,0.21155633189273812,2
0.03890958192536799,0.22789676254778182,0.7057604730073821,0.016016174768015874,0.04888171434825014,0.27825348243172676,0.12259305422272807,0.8617277502327567,0.4724654684476127,0.29996697888437207,1
0.4450071986046093,0.6578946744469945,0.7483982444455364,0.5318078415119126,0.2154099994200913,0.5635823980926936,0.16964574613781064,0.7526158703927687,0.5463195563357773,0.12656235680313252,0
0.15240475312795365,0.8711511093970784,0.452881155785129,0.4284980607637973,0.5048143725361636,0.75780116410789,0.911898775414548,0.5842060856139979,0.48258125607622543,0.8644934349740238,1
0.7375509251147832,0.5782053814793602,0.884385262513369,-0.1287074795994319,0.08124562478381002,0.19609712292946635,0.9683315885851604,-0.05460300752142011,0.5700715282393611,0.9061256765991863,1
0.6222298485317557,-0.058498073225320635,0.318428930314572,0.10104262719073642,0.08958933313807677,0.47898066735460365,0.4605885397929904,0.2559607802369342,0.49266802629974626,0.94705414351768,2
0.3395459721887585,0.4932582386992141,1.0489135580844353,0.6864249402272995,0.3287685541405766,0.8005839642664969,0.21887039717421788,0.7230752000359031,1.0030824262298108,0.47749202705253324,1
0.20713616710187355,0.802884055098292,0.31955751012378175,0.33491436264174257,0.49677901000864877,0.8662341131880144,0.9817932705231673,0.6152083575117302,0.3928104544401996,1.0290045890022093,1
0.07856287472660779,0.1098867764036795,0.25366033365438884,0.5887077291396792,0.5839765268644243,0.5861665094385781,0.6980013754382949,0.4728233417845323,0.9637135140335232,0.8586703744894342,0
0.014176567436696957,0.46114470544940767,0.48844762203380815,0.03767130609335851,0.8419604324016694,0.6743949216699193,0.5018558317093962,0.5500724144013668,0.4562926091273785,-0.07137231696038185,3
0.3970307730697513,0.34951600430387636,0.34292911066229914,0.6475895148926566,0.15269662854748461,0.3981218906344364,0.47084025416654807,0.10066329433844959,1.0137145396868184,0.21773438001696485,2
0.6554600183293506,0.5579726033498383,0.4956779676908009,0.21061052541615027,0.01917477026647421,0.5389603625299231,1.1738885063327278,0.8652332153951952,0.34185185208828983,0.6862676897778098,1
0.09533200338362852,0.5774185233139606,0.5119736752912588,0.046395422590025354,0.949365236882615,0.7240023246583105,0.5119146043963453,0.552894654962298,0.37384349908192493,0.0862773773441109,3
0.753308889877637,0.4667177380980774,0.7626503888042526,0.11361824159519723,1.080218192917303,0.8911134240341398,0.9543742199025365,0.7382023124674314,0.3821908202687387,0.4393906803874357,2
0.16999232041373252,0.14740243918120888,0.3275611253385232,0.6574874863203564,0.5850564531865731,0.625136828366155,0.59596181560658,0.3549153708917257,0.9814889387807643,0.7759733882411057,0
-0.37164427567276426,0.07530602101595066,-0.5076050748900165,-0.5793798318777761,1.3349617315341704,0.9582726381521047,0.7976630510790484,0.1965959499367309,-0.6095314093022144,0.5651812105928002,2
0.5391487690835651,0.27973466030200034,0.3103253611054846,1.0058349249065104,0.18283468220049662,0.37445652055814754,0.5006318876097485,0.6277824706987436,0.6541503912426069,0.20210012701659982,2
0.7779357943729699,0.07732733967039698,0.12742341652213757,0.2113905993160708,0.7264243502576626,0.08498626440968506,0.729723405976257,0.6143070425767327,0.7198399013430087,0.7061301779951689,1
0.5844754396153812,0.8625236294014502,0.1742763915137487,0.09650394682478122,0.7863468228307392,0.052692757457911056,0.27524254800387016,0.38085777993864484,0.59058944155739,-0.009205243085491477,2
0.661696327069953,0.7105473458529536,0.7266254798475732,0.42854461095465407,0.617674223817073,0.6924916801590851,0.9013140219945092,0.020945423037497725,0.1808429068061706,0.2914753999023779,3
0.5683299627803251,0.029815139272564184,0.19545142035626445,0.3075833758007762,0.7229890778357396,-0.1137177567980279,0.7011436166291667,0.8958911660352904,0.7532319869282545,0.7108495075963301,1
1.3423950270871965,0.38337252053011706,0.4130430977901932,1.0197545320177475,0.21332968730476082,1.0952520257897937,0.7966532050587765,0.7424772673776051,1.1889174232035307,0.5236270731253911,2
0.8423112096543665,0.5259652363225443,0.33902653927917875,0.698583593620294,0.7673954845994007,0.7238313876631776,0.685191831216547,0.13332539324800874,0.7862687175640936,0.9243029274415279,3
0.6161337440903166,0.6532531872437324,0.8247811629257679,0.3789211350280625,0.6942652779660782,0.5930654282712791,0.89864287316145,0.12736391625259466,0.11661198467465217,0.3813305453064177,3
0.5478211978182183,-0.007813638575601696,0.8217861891955893,0.6981805811145569,0.491716147754099,0.2500737239147691,0.8863416222184295,0.38848145094989384,0.07770252988645,0.38257251482954735,2
0.2334791772578284,0.2875967950166061,1.1012504762193582,0.677127830183133,0.3205864354351847,0.7916188261611157,0.14572947131979727,0.7760741139401623,1.0754848731339024,0.48588199476017824,1
0.08844893222300931,0.15088636846449224,0.3943891969002641,0.7839581869699989,0.49550734103663374,0.8593713801528275,0.9238412034463004,0.3350089039317213,0.659498093336439,0.558244386734859,1
0.6045543888863223,0.9022006673616323,0.009248548238106457,0.06529988831656057,0.39168446562699083,0.32662889841454207,0.1388107813626565,0.4829269191127842,0.1387958690325321,0.9234224508734947,1
0.5488195661983085,0.8689556268046406,0.06148668055642313,0.04461233061422884,0.4293208760990466,0.3647971350825294,0.18815149439460935,0.4820128199690041,0.1878524096914277,0.8817081968324697,1
0.11800969969528557,-0.28552048756648574,0.39111841789087387,-0.08515380203560867,0.7611912635878981,0.6020292384827053,0.38582556751053054,0.2199294338198758,0.5296573680337371,0.42408943890284123,2
0.08359715242256965,0.0958445975970581,0.3150851523330122,0.6894964303754963,0.5117032241178612,0.594755593077105,0.6089847052675867,0.3980698204980526,0.9191302738182408,0.8037130543113399,0
0.9266928083789743,0.1671656802170137,0.5848491181930853,0.019393406291527332,-0.04666362851277936,-0.19527826727147637,0.7672834884829549,1.0566851626653757,0.23072421752976394,0.5145920558272068,1
0.18342947905945406,0.32112111684868816,0.3504442632148128,0.739623994869605,0.03185765141000976,0.5742676132697967,0.44255598153492826,0.28323323526303124,0.955585140134427,0.2774941863417297,2
0.9696780848072057,-0.011118231526668187,0.5461274715158589,0.17071780924956595,0.6616838594126577,0.6589447776076328,1.097425361177938,0.23322902479614277,0.47957850904419774,-0.09223491270054629,2
0.14414989064025224,0.42571477508220923,0.03545786368648353,-0.17399840994470325,-0.34464157172496995,0.9298053375814471,0.2331063117986702,0.8600538994320072,1.7644070816612585,0.9664362489638723,3
0.0863802040717257,0.6461022105908312,0.5133865078294705,-0.014878835225103942,0.8664711181920107,0.652999293253735,0.5809406807258956,0.47545456028027755,0.3588761192669413,0.009449732718359583,3
0.4188468751223182,0.613057993585122,0.7002556590985269,0.30464144550581096,0.4190850886059766,1.1474985070626558,0.21715459763239517,0.6208186682576297,0.013642448974568705,0.924733184318068,3
0.6680550833796952,-0.04094430472987923,0.434792057472881,0.6133643032268897,0.41208487018277623,0.08263205106122563,0.8200449529938405,0.7324006689274069,0.16572172003249985,0.5988911539567331,2
0.16756183948647246,0.9308722066998275,0.05028727266320005,0.4867765771456089,0.700694963347493,0.7648146039720892,1.029558683944754,0.3169783889069001,0.7273599292661377,0.779261973220949,2
0.23295498443245635,0.459914276029464,-0.21345794339991367,0.16895099604139258,0.0296749544753711,0.7930692309351931,1.1798429214636166,0.3411370368015978,1.4761403516668363,0.6182551947829472,3
-0.107159860606795,0.32706938747974523,0.4149678082647316,0.947707096360129,0.43487629477679457,0.25975031434889345,0.7694514333976676,0.8019884891715787,0.8039409574207184,0.8859631129831795,0
0.05920188548660449,0.16642117713455892,0.337333580931628,0.7238929421903938,0.4624215547806112,0.8349194426149417,0.8529630136640783,0.35244051714056507,0.6725559017398894,0.4791478692004014,1
0.7126184736670335,0.4068890440390393,0.7032812833687471,0.31340596125587245,0.6810081675235602,0.5465980730530723,0.6248289230269952,0.3782889565289329,0.09801048297379746,0.23984459704358857,2
0.02437738549186146,0.24353926214231303,0.7051415125539598,0.008704061122580004,0.04800381241617824,0.2853090292449558,0.12613464089000767,0.869529164082398,0.45951962813687874,0.29234698112703744,1
0.5628903510021773,0.9381407824804924,-0.018484907247618577,0.08245537762534476,0.38552671060450167,0.3081261076773181,0.1375708724579837,0.4964863672295339,0.12510907262259405,0.9453602707316774,1
0.0954012094844647,0.12105009944687815,0.3191026723408887,0.7228958367539483,0.4974292919061445,0.8864992180683847,0.7954893785546631,0.37500442871510165,0.7137917950536374,0.5247875386140894,1
0.8444343633023194,0.5685718253443482,0.7528663506570589,0.2428919234261269,0.1588026846163693,0.7847788473577054,0.9383304349456328,0.6815905285155963,0.4241704710984725,0.7651195690437378,1
0.551924389144946,0.7778405101365614,0.316255089706642,0.515414783946678,0.7552926192638139,0.13999179801459788,-0.031592061053554756,0.24103154223830842,0.6030007353154467,0.9319896241975407,1
0.8594138420233153,0.679718934268732,0.13048351401082256,0.7739079143993944,0.3869099075444663,0.9770462875626494,0.731207087509388,0.14962221778428347,0.8065747370413069,0.3366193382863994,1
0.11150124983088786,0.49849892517417527,0.3652557188351703,-0.05077843300538329,0.9720622604481379,0.67438655895315,0.4219348060864554,0.5527305813897512,0.479021791616472,0.089582882182766,3
0.23366777911737768,0.645016529893323,0.24714313645362734,0.3710681775569695,0.17010438829358698,-0.4020320667353871,0.6926773421512413,1.0948265019013477,0.3282209664723988,0.3815193269500009,1
0.02273577582468752,0.036848812777190224,0.3234793394876081,0.6676466401909503,0.5096825743262853,0.6088819212502707,0.5703281316029952,0.3551024986629624,0.8610649965583773,0.8563762760276279,0
0.13757525830492773,0.9138865405025445,0.46862896504405505,0.45076451380099,0.5328832286631756,0.755202229523455,0.9335812728022423,0.5833229755704883,0.445022651900518,0.934935743916164,1
0.9664995986746804,0.7596041385976025,0.3168587563136398,0.978915894558302,0.350930781201083,0.5967259592016615,0.325144755278444,0.37421209834151115,0.4099958824618359,0.3615213689821761,3
0.3014682775652939,0.855576122303031,0.9991899287071785,0.6205516181896685,0.02043909029400786,0.2658201029998186,0.24473029300481236,0.782170247005421,0.06402930867902352,0.31484891962588135,2
0.4464350279892837,0.39992155200317714,0.821481699500289,0.636546485652686,0.8818862069350862,0.3343826366697122,0.8831272766830264,0.7933370724380535,0.5276965302777865,0.43490265236999753,0
0.2705667114059484,0.2887679821773462,0.8687649647871292,0.6338573417053294,0.5159042634290849,0.6705038520900154,0.22794553211059265,0.8031720487011388,0.9319448421606703,0.3617097652292084,1
0.38281943554256437,0.7181103740812527,0.4858705503035649,0.3127580511087654,1.0699865416927206,-0.07074430499553136,0.3726162629287788,0.41798308228664166,0.5393150921602491,-0.02894749651834492,2
0.06214651405619118,0.17584884622544456,0.3333162188698403,0.7113346147132693,0.4802699610055102,0.8473159868877747,0.8470551911504007,0.36863599659633645,0.6745326196969127,0.4803755135188835,1
0.6035980344929541,1.0179264952807747,0.010561126539513856,-0.2702206750189242,0.4362316988255854,0.3787074035800707,1.0609213318660895,0.6868301655153699,1.1761848489141284,1.4560916372614585,3
0.4343020361232204,0.7404932215786226,-0.034778091787285914,1.2657448896568764,0.784848242699014,0.49257850459736513,0.36407980923028305,0.6769102401585311,0.27986833319485493,0.7319240798585254,2
0.4505491914011169,0.8064790641839444,-0.10581724624195998,-0.1367968632424982,0.7998764802846993,0.20998602239703762,0.20843028324481694,0.3882185989439045,0.3912888110498828,0.3065636366253416,2
0.5670370339885191,0.33721924288400523,0.42618464111857857,1.013873813322419,0.13344217563041577,0.6203301987188209,0.4835389439076193,0.717264218836136,-0.04964943560186383,0.8481633660208601,2
0.7236644493700501,0.5878821897503437,0.7545919249577553,0.22300100982162543,0.8709283875312556,0.7085776207055945,1.1761759622868162,0.11755409217380935,0.11481640271078568,0.3136776909097092,3
0.8160536694169409,0.005991635769479531,1.040554110530239,0.04453815927282778,0.536886065153732,0.8031487144345824,1.0390663589954836,0.3310847924206131,0.5163796822558835,0.142034778630084,2
0.08784925726819932,0.847137863096546,0.40916869513776327,0.46755515460682207,0.5257834136865759,0.718487449272972,0.947035525002918,0.5667359041644189,0.47273611156290624,0.9293081213514851,1
0.13170266029987607,0.7640826536185796,0.31297930743911745,0.5274042811935722,0.49992758977301655,0.6227313753827131,1.069443726936134,0.6229958993991638,0.4962484018778533,0.95177477383433,1
0.08392166623688092,0.19650857871697752,0.16591771608593534,0.684689249129029,0.5253526239166882,0.6478397355087492,0.5452049937999786,0.3656661651391398,0.7720763652098033,0.6706114879843118,0
0.6789288578033457,0.8019878931652937,0.022146159663141263,0.32225616853524763,0.4964472289892392,0.7063020994097222,0.07143446717919656,0.40707137099065427,0.1060310052845856,0.06482393634453709,2
0.931899072821298,0.5496157631312972,0.23165129541814536,0.794480066332147,0.2603588575035387,0.6496677761435761,0.8096979162475684,0.5220680232543695,0.9639261318202867,0.30167146967634995,2
0.5710692704982986,0.2761831368834795,0.3864977463270872,1.056017909107302,0.10382331394404465,0.5018551068302378,0.6228953958884671,0.8358831376913691,0.6648730427878415,0.38841004036992377,2
0.39332099750875915,-0.08580932809969732,0.36928822868056366,0.9231714074669797,0.7158033429046946,0.6393248500028527,0.6860924126529082,0.7852030894875395,0.5387083378947692,0.777825495080186,1
0.7024641710148302,0.36965654130767606,0.3922887566120872,0.9677780935654416,0.09920907779368948,0.5898350107626095,0.16149061104150175,0.4626437641412646,0.65645644728841,0.547753927641123,2
0.2820511424927141,0.655784033105427,-0.0008207009826415794,0.01866046843584046,0.08553455310196414,0.7755969971656473,0.7337606097382692,0.2582671788597445,0.9965125934318145,0.884329882130143,3
-0.2165477439095117,0.017045704772482316,-0.26862599925115804,-0.40632603955634344,-0.039332355446848766,0.9424727935009044,1.0515121772243976,1.0117637051858193,0.09062124874773525,-0.718071586021562,2
-0.24110484752317768,0.48604227938090044,-0.1395825905193716,0.5130369514725279,0.8677145863496887,0.8127406904796685,0.19601438465087956,-0.02080935043580806,0.8749468053483302,0.7652510773001617,0
0.91469167906982,0.08690627401931494,0.6584815949759626,0.8593990850291111,0.5297491656639751,0.4475361928008378,0.5699186102931546,0.33274264042415,0.11333268221193345,0.6022849954618796,2
0.9455856342536363,0.5812164767314106,0.7417451732231293,0.05476114942672489,0.5375369193606532,0.6183455373706391,0.37705101053278817,0.207204559364996,0.8006648046100494,0.9831863550009249,3
0.27625110961906907,-0.21446153606442003,0.42972369474117,0.298996428935239,-0.16775462918422313,-0.15243861828004135,0.5039776354712289,0.08901623626360738,-0.17873389023234199,0.7811276455313355,2
0.598852564032132,0.827860037281013,0.31147570250865547,0.7893694594227205,0.4745530070852265,0.662085585574913,1.1132361215236348,0.40824364507672206,0.7581232879142152,0.3388383512146849,2
0.46726377064778135,0.5307991470184751,0.3196998156913551,0.9191626082283539,-0.06741105419384713,0.007883158771445964,0.6578573536415693,0.4521492458581279,0.5458278287685197,-0.07220807547833163,2
0.9568809618817834,0.5240177850973525,0.31158184555420537,0.828826656673513,0.28574118580145963,0.7016372437757684,0.8798704902467611,0.4299859063943993,0.9626446096504014,0.24543961582218105,2
0.006905122560206936,0.15113803306423845,0.3834117852378219,0.7565080397942789,0.479211018423101,0.8094733237170542,0.8293484433907495,0.3342087908896496,0.6860134609255147,0.5383929896536972,1
0.34419306331676314,0.4431202174350362,0.9854032513082198,0.548135512456665,0.3191572452186622,0.7160399076077218,0.1995661446544,0.5952072540020534,0.9179515934313986,0.4408275115750188,1
0.053462098239786454,0.13045352351055312,0.768734034640642,0.28994991353508326,0.06327586987527631,0.24797534872316704,0.6309855743174142,0.42279075772699815,0.30974750128677564,0.4370508405190511,1
0.14692642909691694,0.18199061265816452,0.3417578954801765,0.8253179292937028,0.10957970523701549,0.18420979892608183,0.7083405169001045,0.24431068468377232,0.8962378942295229,0.4184886976138784,2
0.3754154551220585,0.8353190319251528,0.7409626834234312,0.9008926856801416,0.6875153669283218,0.515407519671091,0.36764610279578086,0.3019207314190684,0.4610499922171698,0.44612805129448496,1
0.06601463130698401,0.8300111964546165,0.3937140204256582,0.462709694770663,0.5041796895241974,0.7288156042527245,0.9773242774766192,0.5816836997019531,0.4858563914614443,0.9033863164111241,1
0.08564811696181784,0.13177190450713738,0.3566350295126821,0.7566275804839571,0.3748554860785478,0.729070353769408,0.9909218162097462,0.23172896543326574,0.6185030658930376,0.508090904988336,1
0.16394887159772703,0.8353506042207958,0.4977685686813443,0.40479741663144003,0.5149321297340376,0.636291206712151,0.8340433477660916,0.6639061573824846,0.37688567632324427,0.906924047467146,1
0.6508220490338098,0.7804154655962622,0.2814974599538707,0.23652697593501976,0.7672424785713314,0.4119300201585762,0.12898621816437997,0.43360960117480174,0.054303934237840246,0.28930619108764083,2
0.613740691163808,0.4992204769487701,0.9224014256412083,0.5134554203046722,0.6528391639497801,0.7773131479673957,0.7014660861331825,0.10579563263865283,1.007842413908922,0.10109580696759443,1
0.49226836816198605,0.3425957004562007,0.4764731001278954,0.18503410696389572,0.42124687565367763,0.3592585509041487,0.7833230944604547,0.9523969057325457,0.3984463432201456,0.4875631289581209,1
0.5487977378244246,-0.3794359561731788,0.14108162747976472,0.8947434369721059,-0.10671156286806166,0.32289233058581834,-0.03000184934709707,0.9622977731681711,0.8154186107889012,0.6575972237015402,2
0.7685938432176647,0.7878987857404111,0.8706826349759658,0.7690487651257245,-0.6425418606962215,0.5774419164638613,0.8654925068149639,1.0620312126347908,0.13661742865667514,1.127609233192956,1
0.4853999521977696,0.7853214448591597,0.20766445845260498,0.23609867933349407,0.7168046037582275,-0.022198115727753945,0.29744130701224447,0.3033622818429269,0.5996561492473882,-0.01993880236897294,2
0.0693280204115677,0.13254782414955593,0.3411312742064727,0.749459204755663,0.4649916312733311,0.8216906529547967,0.8411467818215334,0.33101526347999954,0.7110040148152551,0.5212952950486041,1
0.6917766790133857,0.4397063049976418,0.5898445634840113,0.32355711069971677,0.6422265704992192,0.4666421377034559,0.598357913594779,0.3259884825081384,-0.01303531633153203,0.16431935009156434,2
1.084164413315985,-0.8158222063674018,1.599578776853414,0.9858655953516368,0.5210255362569741,-0.5178662961058902,-0.47839040582926584,0.041177832124948965,-0.7042621309245791,1.1332696186278408,0
0.8059226086507263,0.4139976920167595,0.8256821870559979,0.6675482345980894,0.4590201700930531,0.5769634124581532,0.09556827361957242,0.6306820726878027,0.8382971874983712,0.4481293219677152,3
0.5936420908377434,0.4168357628914352,0.5603177057288078,0.1074081480232712,1.0495423218694657,0.9196918144759758,0.470400210047797,0.3048484925750056,-0.014301962673566482,-0.1221075691080114,2
0.7146296023545088,0.38190592117298966,0.8543907219670881,0.7537213505652577,0.5987668145365732,0.6126954254822353,0.03994087254293258,0.7457098955058551,0.9329597509059512,0.4381793354851398,3
0.9436089254088245,0.5759110237154472,0.76153904936631,0.07295749494860425,0.5467342751838833,0.6214412066128723,0.3708521840190048,0.19096223526837489,0.8115171022004578,0.9718489290873145,3
0.3803901645949872,0.8628644224891079,0.9311548145848267,0.23300154921324534,0.8416049519920972,0.3715897097488447,0.691385804712256,0.678058267724733,0.47788402976598887,0.7914742655973256,1
0.47918130267429837,0.07214456469143687,0.9664707039538731,0.46110959336059537,0.8925577333233367,0.026326325720315458,0.5893479187540722,1.164773078881153,0.28942601225093256,-0.08265558681493243,0
0.44390319381670723,0.09365339117053252,0.09064768630734568,0.8410477347306433,0.5193540502708394,0.7206307257662702,0.9364841094933544,0.9409635313622917,0.3879845753590018,0.8934026740717361,1
0.6885903882339837,-0.3815590219269444,-0.49637569933839165,-0.39286003077091175,0.3212623296995179,0.758556827872364,1.2280996618658313,1.0160133753996492,0.33454211305514125,0.15389059766934177,2
0.5005813700775569,0.6831632894627779,0.8057372331634035,0.41500646030763233,0.1146404104763765,0.6035136594780458,0.2580728938215012,0.844284453899117,0.4225448910325289,0.12160166619367184,0
0.1722406284930076,0.638424354745859,0.09387329785224853,-0.1687520675034858,0.08774286667170797,0.6330117174811251,0.5994896277510837,0.357966072554463,0.8808474725787798,0.7563503281734426,3
1.0924998336159861,0.5711522922363451,0.575409302168767,0.36845681815656955,0.07394879722063091,0.9869465243377996,0.7424190992470086,0.802077714909609,0.609474826775785,0.8639757048271479,1
0.09852583987954226,0.2982036421030507,0.24186265677720253,0.03861191878455213,0.4828487289146247,0.31324818459347836,0.10986432064039789,0.2925032261441408,1.0233581006754024,0.6607907063219376,2
0.027781498357724352,0.7920985193017973,0.4418683120727684,0.5557215339167422,0.4730853190969197,0.7616536141890683,0.9476364133093353,0.5314519006992634,0.5516331153138225,0.9053699120097733,1
0.11864030572902551,0.2891386025458715,0.6345626857978728,0.7317989992387773,0.20435855546092496,1.0251872723101079,0.44227611292734675,0.4453902327943169,-0.06223902142748483,0.73305454221961,3
0.4043084792992693,0.4709404574178854,0.42881269846692344,0.6282814339865891,0.07114864852866952,0.3129356698286555,0.6004324022509782,0.15655084866022695,0.8903508661051868,0.221661555739477,2
0.26326295121120136,0.8997627521380859,0.03918400693590844,0.4560065063917757,0.656578029965308,0.7734689491622114,0.9601203898819202,0.20511529757768948,0.7327829187994612,0.7693758346680243,2
0.3334225557206723,0.8625334013589641,0.9846953005962823,0.5964914093335701,0.058542366131289304,0.23815325954152228,0.22203554701201994,0.7710376592751114,0.08560730254948601,0.2867712910925119,2
0.15660935611393834,0.060163282856145986,0.26860395040831503,0.7956435425207024,0.4414271178930636,0.8896656123380564,0.9650572004099351,0.3741906224370891,0.6602838880829432,0.5098226276130291,1
0.6783326425035381,0.2466023452614775,-0.03131387504349112,0.7342935070307891,0.4925656141839574,0.7352556427561325,1.0237055336059775,1.0697279815409677,0.25394139656431935,0.7552271947916588,1
0.9480823483062458,0.589414399455464,0.7598791274106234,0.07420895998818708,0.539927908698796,0.6257500158484764,0.36748697873895236,0.19700125830779613,0.8220797231809552,0.9649768563798572,3
0.5577550592112267,0.6959427902520481,0.3622213844147798,0.44018205488620926,0.20041504572694652,0.9158212397231738,0.1846537529268938,0.3215409464212629,0.23813701937251214,0.5768995066679184,3
0.8330731564039199,0.5635041459146001,0.8323790108263143,0.1226653900621617,0.18266617700477233,0.684361326760872,1.0568565571782076,0.5234400694253263,0.4388530776060241,0.7104388978366459,1
0.7409871788520409,0.9780298659353747,0.13038574023471544,0.3812170295443508,0.9014702065632236,0.45685069517339283,0.2956572247719166,0.50020087244835,0.10460808980657113,0.13873282185597535,2
0.6762714866360708,0.8581160243888092,0.03869521518300773,0.07813705935796302,0.41067869172160576,0.3818452817756086,0.15698562894322232,0.4144383351012625,0.14475608251689023,0.8419805967850684,1
0.001591657110586439,0.14535265773371228,0.5041592413257943,0.7553066379346305,0.49606066958100015,0.7561135145743918,0.5037951538181512,0.4232948737260684,0.844197750866946,0.6474996919706169,0
0.8685321294258319,0.5504009800808181,0.31082436647426825,0.7343540193670655,0.7917652837931832,0.7400971631090592,0.680430379362357,0.09704910678328307,0.7784841316655478,0.9250681873435546,3
0.3190296903000809,0.8380823602220513,0.9862437364543855,0.33330693836120645,0.5572489678438032,0.5430715074327831,0.7762263909268473,0.4329029584118176,0.621333468534945,0.7588015117837392,3
0.39138225506488017,-0.018448488313390535,0.23625084807652708,0.8567362272971888,0.5552412020445849,0.7130807672257244,0.8852157600769763,1.029788730046662,0.3793654117645942,0.8077779462027747,1
0.38983113680090825,0.3560257328961153,0.2680516829421997,0.7372293644613045,0.19024160839386836,0.41711440599042576,0.4792148071111596,0.12864786979992288,1.011397017711787,0.151442150366224,2
0.36793175739017536,0.44003875992445274,0.5837069497677909,0.7577408576258565,-0.10448063064519136,0.5314149702543368,0.9975980396319146,-0.22705130927855327,0.6451920177564352,-0.08535538735139181,2
0.6998230798880463,0.7438270466283554,-0.009318267063007923,0.8833782073370091,0.3455827712079224,0.9081799249317325,0.5962944813949748,-0.0036125504175498757,0.8866710092788187,0.5017250214701791,1
0.03745170579498678,0.22567813111239282,0.6882668139799543,0.027341162833464293,0.03412755983327876,0.2698320246551305,0.13460943845300627,0.8675011044677081,0.46083323881610755,0.29974144040226147,1
0.5461762535911553,0.38820533199779084,0.15995330199447305,0.5605108577978586,0.5249832783451356,1.1902899056091842,0.8141729325980576,0.21517128962671123,0.8809797068611159,0.6269645738143256,1
0.6814979163626608,0.7344839199067403,0.34779434059167835,0.15765849119605443,0.8217381832485693,0.3894368454590477,0.15176375500049652,0.4749692479868876,0.03791090246361624,0.36119967100046524,2
0.39665918167737557,0.2688900021487078,0.5424690614961284,0.7779516268899888,0.5550369626853491,0.7092588852355655,0.35582343751358947,0.2558900513738343,0.47260119892125374,0.8848201652478934,2
0.5568169627167359,0.6183420297755216,0.21241974115189405,0.029911396129949225,0.679504351499192,0.4714712458476745,-0.0702294212305965,0.34262982547331755,0.18592430216904404,0.4545870241096206,2
0.7224122878206355,0.48898567463663806,1.017021893354836,0.29952490756150185,0.6896578238670316,0.8035288880364119,0.4662446348605877,0.54866364103263,0.5935073489621536,0.17200350658145785,3
0.5742390227018543,-0.07318283834716327,0.886969965047367,0.356575140456268,0.14574325677655214,0.36262745295242876,0.11645327393030483,0.1635761006476318,0.6519934588460043,0.39146892057994787,2
0.16678359461078068,0.3894349959608617,0.3125860389471127,0.09355602896801501,0.5612055374496842,0.29621597896698676,0.1461133446851814,0.27690578742327443,1.0236966492295945,0.6887921556667186,2
0.06294611709253274,0.17198809875494167,0.32395693884480803,0.723319042190491,0.47059946931100866,0.8409890048830618,0.8546221893023602,0.3584245277169906,0.671934072308469,0.47641541566076057,1
0.9484482712957423,0.5434978419895139,0.750622693034899,0.12215976698780014,0.5691161870867878,0.5588454887986479,0.4081984080043374,0.19869117418521173,0.8601783516808791,0.9900776132490605,3
0.5592909202921854,0.873202837793734,0.24345762650696626,-0.049553924312023656,0.697775479190562,0.11064313101674975,0.09561892502354913,0.4333084400855937,0.6212824847175816,0.13179740092552333,2
0.6339323958805966,0.6147766035496287,0.1425410154167537,0.25366057670851194,1.0381429541567522,-0.08701785356497996,0.20576466930353943,0.13066645490611628,0.7191251191918294,0.22039469753032429,2
0.7340633779869276,0.6217786393234875,0.9655283283219545,0.8126382797293321,0.2695068879085937,0.7215729512602579,0.5201258253938985,0.1262005980056567,0.7699301207628465,0.14864752009070176,1
0.945779872705921,0.5851411105113711,0.7579277914781344,0.06543136384842736,0.5422142119103746,0.6192571577078475,0.37690321040449504,0.1861525958851854,0.812842555838378,0.9775101084116214,3
1.0723540441202535,0.21285731274317643,0.2064523283861618,0.19881278228678712,-0.001565675039285265,0.10548717098217783,0.47566706528744307,0.7839380999818424,0.13799296176447012,0.42082571108643235,1
0.08176345455238794,0.3094815884737934,0.18433061382292237,0.8215204337570239,0.5515735735899933,0.8152087630887671,1.0082634716697334,0.49054398014905143,0.7772713744298311,0.3544346663516096,1
0.3419677292432545,0.39855821937393665,0.8979287533096413,-0.22453575316930824,0.604406435286266,0.7052852259372205,0.31466303262523004,0.9405400886838783,0.2696687788709065,1.0152816313550883,0
0.3079151293636132,0.8864685751323086,0.9665855461272851,0.5986630886987739,0.055733676510550674,0.24497349744111685,0.24195091987110615,0.7590231280061653,0.0894824246115759,0.27392336269203177,2
1.3041668598099503,0.08664724737004846,0.5246139538027025,0.9873432064854025,0.14063708540383013,0.5091367542237996,0.32062568671567937,0.47446129410365906,0.0643195211353223,0.3653034821850857,2
0.5376612961352238,0.20852026401249762,0.13746477963399314,1.0384256401036098,0.2764385323917729,0.5209543764136064,0.5637794283859777,0.5019341843695478,0.640056400176252,0.27077999524979546,2
0.8578537286078309,0.2329240487896517,0.5520070402663398,0.6033790252624307,0.45349405010667515,0.15671113936315742,0.03799254398244797,0.3084707149060645,0.2933741803161101,0.6040007066837239,2
0.6736092951966984,0.7979537329929721,0.2745963771001958,0.23289081958548286,0.7586651044404618,0.41014423157625945,0.12470794242687103,0.427258662689991,0.043855172918358075,0.28845972759328714,2
0.6880313475279158,0.7199557975434172,0.16554385256086715,-0.03989891484278571,1.007216631541736,0.017513515576684333,0.15381772324363974,0.17357246108293553,0.5994262285263278,-0.0329988816656366,2
0.8545716443007422,0.5361384147244287,0.6697888710266767,0.03800490651668399,0.5293574739556585,0.6873815871392178,0.40648555503934797,0.16492750598965386,0.7440551716052926,0.9904509622639479,3
0.5831884746966653,0.6314003789715421,0.6486600205276744,0.36265088778467097,0.46134345228112905,0.5270920975009399,0.8714101529999021,0.02648716587520926,0.0718084582609945,0.298534104303046,3
0.9598584053593714,0.5307070268916217,0.7811825063461191,0.10648367268816006,0.5370600085338809,0.6028997698260339,0.3340384959436122,0.1878961352366293,0.8045762128163232,0.9801036658609869,3
0.501017648385528,0.3098203008722333,0.5998060158312807,0.2910447152853566,0.9034691944522222,0.4622603949222761,0.6144356309430202,0.8427566893008283,0.3441744183029805,0.9397958771052412,0
0.7186267794845688,0.3511239999514777,0.6090253753276538,0.7692821753622224,0.021823327796745395,0.12163230421827187,0.7845963761921694,0.20664862542048779,0.3116582108015865,-0.3404650860902597,2
0.35569897207322965,-0.0013403398123123245,0.21601920419591353,0.7222241121892765,0.4830478801856803,0.8558452344571303,0.7527790009799833,0.8503907995357993,0.2609108023966404,0.9314472697457377,1
0.32796816509349563,0.8674439403168319,0.9903883147208821,0.6071675445330488,0.06406639993594052,0.2206180140095373,0.2412377258154533,0.7680900882915609,0.07512273514384256,0.3017767762095174,2
0.7946237423756184,0.6749322960005946,0.28611031155239836,0.7856939294579168,0.8201302325295321,0.6438859230565738,0.636671063452386,0.21856481276768985,0.8353665611931452,0.9096013635840188,3
-0.6902551714561342,-0.5175224966505593,0.2804566987961269,1.423338527978689,-0.0023300904889522744,0.08053544159724263,0.5417402083356138,0.3938211678580961,0.032047189523545294,1.0086812438857147,0
0.932590676665754,0.6507496700003055,0.2035371723861379,0.7461320877043683,0.3172230353807041,0.911285326095699,0.769765689024279,0.21848240556070375,0.8777712248106847,0.29859125291839705,1
0.5018320500508173,-0.015190715279430306,0.11092487364960354,0.13576029999631417,0.6456011992910015,1.1330295896047538,0.6857896390318488,0.3011262186557132,0.4147416677597806,1.228205544280765,2
0.17747991971277982,0.31133221024959457,1.0920045287485614,0.6070908111886174,0.24911572533277496,0.7811024066722578,0.06696857893902154,0.6141933058834765,0.8201187929889437,0.47137746555872473,1
0.6461433283824097,0.18894517334734715,0.1628502581337241,0.3280114136763511,0.5955125830611698,0.0779250959924461,0.5832026303566553,0.7125249418696544,0.6282915433693904,0.5572876947795949,1
0.24205072619525805,0.9135652863504673,0.05724736850397895,0.4632887805636675,0.6421957634558587,0.7541959557869968,0.9512420902560179,0.22417630095036237,0.7236490811096107,0.7497110908485088,2
0.7547914094550755,0.42325962196104916,0.8484713001501019,0.7101825588276194,0.5144513878114262,0.6216633604205797,0.08766413970118102,0.7092541896797163,0.8799276933012985,0.4258804602337945,3
0.9374313770856534,0.5757866448367429,0.7652749287088789,0.07517032244945443,0.5402672609247159,0.6277088928996791,0.37360054430610684,0.19026459074193827,0.8135175355110748,0.9683382614227699,3
-0.02538462349703187,0.10827442156275963,0.3096616711343111,0.7053602014698537,0.5117073449037399,0.8628208572645392,0.7695614264319544,0.4239728493863743,0.6515251351771267,0.5196346609181133,1
0.04997189965446851,0.5143042323443149,0.5252512518911067,0.8116871030083809,0.44913702282847334,0.5126171225746415,0.552763296805177,0.8447362878585237,0.4007293618386098,0.11072787340915852,0
0.5658172615596747,0.2953630570352664,0.26134909538673246,0.9683655638730814,0.19428747913335387,0.3909492840827322,0.4647289564327358,0.6375307851636711,0.6793653017891803,0.20148798674169094,2
0.8820404968662511,0.22312798446153986,0.08148529979686181,0.6766494789202295,-0.18558880786866888,0.21533977980760033,0.21665734586183563,0.9557519231963166,0.3752827603470064,-0.027244664507296318,2
0.14083077603615787,0.02002545046472022,0.1704415161558667,0.5925235154667128,0.6384159307908192,0.4516764657916378,0.48978305801523403,0.2501410123249521,0.8404068776691842,0.8411108955847785,0
0.05944539696898865,0.5853384694625091,-0.45342883858998295,-0.43908585440916315,0.1303454360591774,1.0289819069338013,-0.1876564611266956,0.8011994211751033,0.12173238725142078,1.1653871908578837,3
0.6687713055925337,0.77337817743758,0.7107904078880014,0.4652095445384931,0.6303060468331135,0.6528876497034576,0.9272232269732498,0.04938599112267067,0.10087203131795165,0.40530600285860763,3
0.9809896508559656,0.5311722874296207,0.38413675598791897,0.7599394425539459,0.2503936332403684,0.6354559429039,0.9888335062948662,0.3994282525257307,0.9502680781648225,0.3031389583173133,2
1.130834996177918,0.7823104955472145,0.7513195125521686,-0.0520599243076349,0.8724622374866368,0.2565436400625462,0.5540896903432927,0.06382515468781691,0.10106440931090226,0.40206503060807114,2
0.6292125883838788,0.4150133082592061,0.04508755194883518,-0.10919404654641823,0.182158422760055,0.48620753726857685,0.21464123849008487,0.8491463664211205,-0.11087496264738969,0.1088959411917505,1
0.706986936791095,0.44281148461868247,0.7461228067544401,0.7612405657330255,0.23823019257590416,0.20884150724924935,-0.06444980714769116,0.7770666240887076,0.4851549576822728,0.4018204608943833,2
0.13271028896348558,0.18206921114560987,0.661148626830849,0.2583001836024378,0.014441989564225398,0.21567655146898662,0.7193836779658124,0.45363116118675084,0.18422005982885425,0.5184098338677396,1
1.0519632637143448,1.2116199349618229,-0.5585490020872619,-0.5980505229916798,0.888496833828195,0.11421417605899858,1.2063850534971832,0.05527543814145941,0.8275314280321,0.8568317758815289,1
0.22553965880217983,0.43075251801552605,0.9513971511114913,0.5601750746856743,0.35424044939086996,0.7245790259545959,0.14874793832631703,0.737370260038111,0.9915891630801862,0.46645751590839996,1
0.5376324119946347,0.261281051105222,0.2144600718053173,1.043492594942433,0.24821905840926933,0.4230147679460697,0.3780127499348816,0.5897672247293854,0.6489992517639767,0.28121925810754317,2
0.8760839129188448,0.5459969517716186,0.3419127161021399,0.7576814031593796,0.7650305025071703,0.7360042041939837,0.6547355330354926,0.07226390906317703,0.7602736526871855,0.9567713558860432,3
-0.20324850713638798,0.4516648219842816,0.13949155924748288,0.7674847689470536,0.7517045242634527,0.25033388271779156,0.9711471217029762,0.7215987147929228,0.7795858689482582,1.1147641384085687,0
0.03208151345793084,0.23542297687308042,0.6989783557469403,0.017271976944500365,0.04329854419973094,0.27924114084982693,0.13027670542925338,0.8680487065555327,0.4648892306256346,0.2956084965363793,1
0.7167393994591607,-0.15408545814918373,0.8294549197771469,0.9145239244250711,0.870608702737891,-0.14753050284014838,0.2510183106696039,0.44277699690961425,1.0297868734784519,0.8526130708361207,1
0.7713007094499762,-0.4753681949771915,0.31782777490076797,1.3792575788625063,0.3732950378685218,0.597848237392421,1.2036273391825234,0.4745657596397629,-0.34103631610883545,1.009185423035912,2
0.6189970828456542,0.9173494740063121,0.012432650139434483,0.055641648726836426,0.416313681479362,0.35363909919721925,0.12145836434068508,0.4682786365083641,0.13796723846340256,0.9477019485435958,1
1.1883784415307597,0.12792955755285473,0.06016205945784675,-0.16788817312012483,0.12114885806820028,0.3603144826075285,0.9070199710016065,0.5022590440629204,0.19622241126930212,0.586896805213884,1
1.0200901665044284,0.1905137121510546,0.39578896958212817,-0.10886422002348345,0.09061158295305362,0.3077126368198686,0.4898228833586119,1.010147067558476,-0.0017030717831666535,0.7406943775959167,1
0.6409418759288296,0.9133338276553746,0.05926507287039585,0.05164992690866589,0.48485681507486716,0.3133275235805596,0.20330168772182655,0.439549891217821,0.19598788135850245,1.0413706722847702,1
0.5359046946899781,0.42200407711552884,0.3310617816746191,0.49104399455566666,0.05720030294455301,-0.4163575416790488,0.09858594056712439,1.2195226391416447,-0.15878549463853114,0.6579159297592635,1
0.5517909560837418,0.3216205427773335,0.1382182181438231,0.8499013331874129,0.2572682228355339,0.2999579181515853,0.592240937964158,0.769176896957889,0.7713705844985417,0.2902233876527678,2
0.8892582900113971,0.10493133982917298,0.6278015855952256,0.841302053045141,0.502973241173169,0.41120098298505725,0.5324521938141126,0.34055478444502013,0.14197942036143296,0.6164269678466838,2
0.5865696213946712,0.25901394108497605,0.18952977501543972,0.30544231190984417,0.15455457193349093,0.12651439107326076,0.3045801696080782,0.13433822574293378,0.8460100797974587,0.9068871166262941,2
0.21899646956314514,0.2957540255911173,0.9943370764488049,0.6364708496312728,0.43128431412283247,0.8505619328784231,0.06917830997089519,0.7401721323943239,0.8642190663983101,0.31396289358277535,1
1.1540679691295839,0.3331433227325864,0.23432639462390442,0.46083011114301387,0.35680068774456936,0.9762962533273449,1.2553001541365238,0.38170568294860197,-0.1106286416334823,0.5953703043249604,1
0.2570217223027579,0.8906559110585446,0.05485784992935495,0.4462215496758031,0.6489166175456048,0.7349677688397419,0.9757221709494478,0.2067194940423662,0.7432045675307383,0.7541418971037559,2
-0.015397783023382156,0.323557305413709,0.23982120191141215,0.6253020500984969,0.46181465885763134,0.7075845013963138,0.6038792503754782,0.006205262960660873,1.0549347919841028,0.40890139041697476,0
0.4533582611934437,0.19621186322906864,0.021261768390816352,0.924801495113399,0.44293661636911863,0.6338446835489827,0.9492459668873409,1.109670754530619,0.4195333350188049,0.7294388842890094,1
0.5374566011638274,0.798579757073448,0.6859893920985981,0.36015695422237365,0.5732422942593818,0.5026270938473623,0.8158587020249687,-0.059605999093286594,0.34524882172709875,0.2987523943565363,3
0.7552107961719466,0.5289118355595517,0.6820720118676344,0.24193487450747372,0.12081387390441022,0.8441443279844985,0.9008881616738164,0.5591619200276746,0.2964911733300891,0.8214860764245141,1
0.1897155249764948,0.7292006559292008,0.8292115746484192,0.888298246642049,0.4776307662508903,0.7462993996089233,0.2729337949578781,1.012923239670473,0.724177824247778,0.12162934741847498,1
0.02641751987144253,0.39073536616356547,0.3807194646630954,0.8763638429542095,-0.19122939756850005,0.36552542971447965,0.12888955935172108,0.9106892915284192,0.38482660086390685,-0.0001823089240929332,0
0.936446040036508,0.528207265696274,-0.1266326656845994,0.896120745019009,0.5546636552694402,1.4853953796878878,0.2994972524637677,-0.40335537833128443,0.04009571436642188,1.2848716381931984,3
0.17205255145667733,0.49996200730896456,0.8338838693728748,0.20936402244355484,0.8344302145922556,0.41157816923286206,0.46238741918175214,0.9050625984488776,0.2558497938502361,0.8439412679064594,0
0.2501244950145546,0.40365440769845906,0.5285987571420526,-0.032598210820313306,1.0825759775995811,0.6193916631916498,0.5298605720547228,0.5527814232496024,0.2840911798758563,0.16136069967980932,3
0.036497921828053545,0.2489466174962987,0.6846241404155023,0.02835061792089927,0.05643630949319881,0.27277683845593614,0.11580343331736347,0.8734584279101373,0.46171812978760696,0.28661817643437415,1
1.0986311141667797,0.5840830270707817,0.3134963221421706,0.9463996117125566,0.35369896426199876,1.0835985568195514,0.5688246391646026,-0.04210784845987975,0.680798068490081,0.4873047186255598,1
0.11450708133485046,0.11757287051951042,0.28923821292055313,0.7007249669073425,0.522207752774585,0.5656566242091696,0.5873059439820539,0.4234916368256707,0.9106860971861992,0.829449962796741,0
0.11582069087240397,0.009500889551747438,0.207288429315452,0.7825288854736532,0.5577927878943203,0.9858097115841222,0.8076536277467606,0.3357462360251453,0.8573074334079581,0.5923722638119836,1
0.8872866142612245,0.6939490024224676,0.12171818521474384,0.7964478479305657,0.37453553364097986,0.9516578884251881,0.7290667390011875,0.15032668439010383,0.8135267178441141,0.32900823713573757,1
0.7433149745245571,0.09219074105911573,0.9252534512351038,0.31472267401830495,0.47063265045059416,0.991298950888359,0.5411332335143355,-0.2693262657960592,0.7808457261163279,1.1110460108922546,3
0.7251600936226216,0.7708509271925797,0.36452481655179403,0.2004268362516866,0.8115856390278757,0.47288264066469904,0.19142986033299844,0.4365299934925893,0.02529500537438135,0.4161863300624894,2
0.35389023996258795,0.8270593272393638,0.18648878195586724,0.10614549187370313,0.643898849445641,-0.15902926711651783,0.25202641718360036,0.01973087387481781,0.8060787584630572,-0.15048624058090812,2
0.11510353276422562,0.33773461259690657,0.21536841142823712,0.10760020096534637,0.44206234550640044,0.31802542093744224,0.08174998703042982,0.27458086139825466,0.9933598489371293,0.7598951181400491,2
0.7817891003482046,0.38157774497319163,0.8791334166066583,0.7545222592514627,0.5513419811443785,0.6103841235611017,0.09949462863906469,0.6727762763603303,0.8364300968325553,0.3742388618273131,3
0.4386397652398634,0.0917509127209967,0.18148158958806043,0.8355558878742202,0.5770989390620488,0.6845469616257414,0.9355527373485482,0.9641560720501745,0.36295670554154763,0.8762404658456524,1
0.9700086977893186,-0.2991702015444588,-0.3752133288150934,-0.5841873150108432,0.7040083402327566,0.43407461699107786,1.0026646923454092,1.3683549390491958,-0.45039602210423957,0.12350407033144706,1
0.9458074961146835,0.0649300158401186,0.5978547454410561,0.8977506692481177,0.5758107075528258,0.5115282439257796,0.6368586603853192,0.33313604823501597,0.19723592825248487,0.6611320674793824,2
0.7755521319628534,-0.14042461241604864,0.185163632316005,0.20830644977420368,0.9780408434378981,-0.15492195333723197,0.4695839292318107,0.4778652293839498,0.6411550400623836,0.7854199078869577,1
0.8749968643515516,0.6890037586775586,0.1548992756767585,0.7220769891997876,0.30663138042742866,1.0270771871120195,0.7290632280404925,0.1752860125576047,0.869208620944143,0.2583568396104433,1
0.4732111764482837,0.3225378421188783,0.0885776911796224,0.4330366590088544,0.2046835072970426,0.17302300594839032,0.4296880399534741,0.22756335590129448,0.8264669999992091,1.0016419611691179,2
0.6765555929844773,1.1830311570015764,-0.269131931446,0.362962437716161,-0.44979817049320003,0.9219980616034507,0.19533485021120123,0.9224710821641551,0.46584752155558534,0.655127040849186,2
0.1827090699132451,0.9770919344405998,0.7208049606473345,0.4788110019272067,0.49304218209479284,0.499920052117745,0.11859929527941943,1.0085539243143293,0.7082091074683179,0.22285406007112307,1
0.04235993065789562,0.24801587489426155,0.6947453573299899,0.026467775215265117,0.05449161944791782,0.28688577471329463,0.129631373232443,0.8573138680196418,0.4582319186974185,0.2866086546969215,1
0.1518995233483845,0.4743667797636375,0.21379951982806164,-0.17852612103020996,-0.0482219139969394,0.7669126043129516,0.8290293197631673,0.2066247279967977,0.89116238371885,1.0774030915114106,3
1.1132759114594732,0.2402412479040251,0.32772824480619783,0.03511270306781129,0.21661513326383147,0.004491084653002478,0.6415971256036744,0.5838920131359455,0.10625147246455902,0.5948731646517577,1
0.7573188828924104,0.32163001028861027,0.0645423774279189,0.44758741852766826,0.0028850609758463153,0.1641853270180167,0.5939447220923971,-0.0049206993671188914,0.9675347419279093,0.7210693853595536,2
0.7015268528135121,1.549819967845309,0.4927611323998767,1.0356825125405527,0.8854718056975591,0.3823361751676288,0.8463518869166381,0.4477121726690571,0.960268804414775,0.36393337069588616,0
0.28487758724366713,0.5039891093519571,0.9628098060612246,0.6054555038799079,0.41901506042147774,0.8320743291776463,0.19946399677841917,0.7043690368964224,0.8867335489980649,0.3638926622159968,1
0.21458057158952837,2.2794439615255104,2.224981287235512,0.34808142499681155,1.0830019760816605,-0.4408598820595717,0.5924107916201993,0.03380032208198758,1.3688540404124407,1.6321080112881203,1
0.16401221098252738,0.8573306465582244,0.4585515133826724,0.424810339441155,0.46421010419118025,0.6919459266012811,0.8776697605567232,0.6171717333567799,0.39809884101435655,0.8505143585588737,1
0.6447811322734625,0.7608026934703127,0.8220214424940676,0.5290249943547893,0.5814759820541257,0.7739917615462588,0.7175347850379492,0.19473757541456135,0.2668446795239908,0.4393332893176758,3
0.5911653913658566,0.02991438547438039,0.4724265498974361,0.721551633586827,0.7422700436290024,0.4605923435718754,0.9897901243625581,0.6889492769379921,0.6863551103144216,0.6620342744632325,1
1.0383124758560605,0.1360008162938,0.4209420768651344,0.8450053119596185,0.14735455179425527,0.11735941590469953,0.2401604566237266,0.5244327980472856,0.4876041088262736,0.5329776606004614,2
0.8857885308245442,-0.031817367696348964,0.1759927134887929,1.235267472552775,0.3364363190972599,-0.03677359947888381,-0.0677540882914599,0.3785060464325094,1.068397174734999,0.15178458040495987,2
0.4137203751073708,0.46963356390854166,0.7959139348199016,0.6762061717063494,0.4165730001618141,0.3469951509745648,0.14636969307277153,0.5637532648849957,0.30650429906647,0.7351406125180666,2
0.9212048257572648,0.5413001464374667,0.8023034383647705,0.05908923487274764,0.5142432255736081,0.6506830257911133,0.39138497349541146,0.20438410078914157,0.8659422299296643,1.0200780469398356,3
-0.7468126545681285,-0.4101316926273991,-0.08826994729554494,0.8220123973284873,-0.12943687971342965,1.3210827766109543,1.4529987122473744,-0.12499580235925245,-0.6179746609534199,0.41205867277538005,0
0.2337192121548139,0.201775973446621,0.2592027461397827,0.6065601600490268,0.1740312587180006,0.287257108520939,0.49739260713639766,-0.0009622755789368137,0.8740944412978761,0.14783988371329954,2
0.7425000191607668,0.49798552290175363,1.0558255657273958,0.8005269609046923,0.6826670741033231,0.973286056899834,0.5791384893812364,0.19803249409480747,0.815405701314708,0.3595016936753132,1
0.01610265446320201,0.14829442906872833,0.8112067338313711,0.2816125881028307,0.08771484213894316,0.2704577744026006,0.6662253879852539,0.42083879264609697,0.30030803956305646,0.43364268630411745,1
0.4381414356425159,0.7702695348958617,0.26332111275892184,0.521900492458646,0.7610257233382426,0.09128185492181648,0.016552654487820864,0.18657001249169153,0.45160973890773276,0.9430874257027563,1
-0.005666932939032629,0.8793284016808461,0.3614031052072227,0.48486849985196767,0.5597725133125525,0.6972841042610144,1.0228994277514547,0.6709610820826107,0.5234791496778132,0.9722092162397501,1
0.45032743655163576,0.1629973559695322,1.1574153954089557,0.6258698197078533,0.3066932445740698,0.9630613783214983,0.08944693672653288,0.5430936102951364,1.1165137953683844,0.36581463710972173,1
0.31837024384928364,0.1834066236562985,0.05813219662534064,0.8987026140889218,0.4832006786787586,0.6427310047198713,0.833818392604328,0.8997363795484296,0.2229277923786827,0.7826452006211911,1
-0.027020205824775934,0.8880057805983432,1.1455046811851486,0.7573272493621982,-0.3851128199361247,1.0902547654010568,0.28372658693389174,-0.12053577184417819,-0.5920518402604714,-0.05042005649016257,3
0.6581868541528898,0.3602554689632915,0.6323774312383931,0.2919764176803619,-0.01114921765803839,0.6859071185695855,0.9961016380584236,0.8103975567550568,0.5871673190511475,0.69655906055065,1
0.5064804927677489,0.7690614147826241,0.08601235716611014,0.2203983485974041,0.75958102378794,0.09548913715216484,0.3390175224260285,0.43812681308026225,0.5453568139925994,0.12818987619515143,2
0.4015457703541363,0.34711164912433773,0.8474784751219717,0.7838344051815885,0.43742786038542203,0.9633299259750285,0.4829331408266751,0.329954695949115,0.6743857002243753,0.1151046903941752,1
0.8686375808675358,0.7179535772347053,0.9180279109328646,-0.0035493572129605133,0.38087956237918796,0.6122105829594673,0.2907789799851264,0.226361240858709,0.7156242031743123,1.1233059308430733,3
0.059065670986622354,0.17101432576654607,0.33122458897667184,0.7132598001444002,0.46558612798970134,0.8346544491298291,0.8565071674764113,0.36318524601534213,0.6756459722168608,0.4845300018026447,1
0.5493560034420878,0.7688890724483453,0.3743628264801777,0.5403939426447455,0.17977933266775664,0.9656631355962774,0.1237417596310238,0.28386657689882994,0.14064642078552722,0.6952989813050082,3
0.6267060701527297,0.815887650702559,0.14406453802965596,0.8828901064567191,0.5903810158052528,0.8876632740787774,0.541101695269214,0.44615999180056487,0.1573626775616057,0.2532193553706163,1
0.12459213080399766,0.30642107888495573,0.2290411436783148,0.0727418294876797,0.43788971894805967,0.25069122640987357,0.097896622922718,0.32630013196294005,0.9657173310780925,0.7553143468914603,2
0.2570368989324287,0.8482307357811489,0.10746253545367829,0.5137361854342941,0.6726172117221252,0.8033882524226887,0.9877242170376879,0.17678511606628755,0.7932963381167659,0.6893216316205645,2
0.0611633415348108,0.5269732652989183,0.3011228942624912,0.21297671523655254,1.1943080000359754,0.8470793432069613,0.2708130817793002,0.5389560091042471,0.2575430678691484,-0.19239040533499724,3
0.7686419131226804,0.6727222661662946,0.8089681914480011,0.2626214681703095,0.11323766383584416,0.8518590244216163,1.0731054048520692,0.762237536615027,0.41699870356635454,0.7051135254807335,1
0.5796512756214637,0.4048869420069132,0.8791465156629764,0.7739499255720388,0.4745131266392708,0.7995475678843499,0.42334267442241436,0.4120908055764938,0.6544656032795693,0.2986135143634051,1
0.07312828385165965,0.06641021041523523,0.28930945024411187,0.7165398443519285,0.5458685556145838,0.616908593210354,0.6445127648758032,0.3595350319796764,0.9454847829216821,0.8342760638118495,0
0.8517143785319717,0.6016092832062,0.2514401916658682,0.7459026442528907,0.8584329528748198,0.7005160860065611,0.6998384277449865,0.057895176879362006,0.856703927027129,0.893634611830881,3
0.3928058363007289,0.3186882637020432,0.4113124736255872,0.7779659426246943,0.47558745873874475,0.6888445226460025,0.3805459844025788,0.2034521680451548,0.34899717422820403,0.9284948486207683,2
0.36463451150264126,0.4059090854974367,0.9939424200550813,0.6084811763731086,0.34560942488658997,0.7285317614824816,0.2295140690159381,0.618758261484925,0.8589678998892379,0.47338462682320975,1
0.9011331501066544,0.029542158241250782,-0.23007982678627908,0.05786846163148235,1.1308598328261608,0.20777874985025624,0.6594055978929995,0.8940477664012219,0.5582571646933147,0.1381285246231871,1
0.7615085874975493,0.4005862696809702,0.8759851085865417,0.7129909324504407,0.5256483674682803,0.6033519388968733,0.06589672251521647,0.7077389263252841,0.8698294561622089,0.38589355154707833,3
0.5633493048031993,0.3133024979106111,0.271040327035056,0.9742271846917937,0.19655880023659644,0.3695111787039332,0.4489541866140459,0.6234119980361666,0.6578449898003843,0.21145296258023233,2
0.5586249816870782,0.8665773326433981,-0.04449410986299297,0.03316843614157039,0.43603244612429676,0.3512222162850148,0.12320421875406767,0.49061697964639167,0.16001741276598833,0.8985725878983825,1
0.6168057960522648,0.14924948834418847,-0.36456481716329775,0.09471233786912928,1.1665934829858717,0.15482842883716672,0.7538153209258693,0.6190504582867451,-0.14725553612007253,-0.2270094855611276,2
0.3608179886335674,0.9084309020000751,0.9995521374729639,0.5978275993830082,0.06022263017861505,0.19850483464143073,0.2307347381160924,0.7859206902600016,0.12818531922340923,0.31624718629482884,2
0.9121666134514965,0.303054935446871,0.2036250076866174,0.49793940432404926,0.20094873393761892,1.373269890244797,-0.07992661670966622,0.013175928274408888,-0.3165119588130081,1.189420005206812,3
-0.057224174664850525,-0.14670770178482784,-0.506626032183635,0.18620308416240455,0.674777307773337,0.4915544521378525,-0.021700965886326307,0.14410121643516183,0.5174237098892083,0.9350335715955866,1
0.39583064287266545,0.3867557056776768,-0.2349526515226421,0.43510273316611275,0.2730159914141506,0.09862014670906454,0.8430856631503669,0.7331841870975297,1.246331176209563,1.2290414775480518,1
0.5556489438840662,0.036056466424714384,0.47591379645680404,0.5893283183366649,0.3292845790280889,0.24468407832979533,0.8946071240703231,0.6991073918074856,-0.1283894262183508,0.3912014965004843,2
0.06116344076950396,0.8216834138666983,0.36057675083571095,0.4971960330561428,0.5471941963986727,0.7085651909429874,0.9977768750119669,0.5149226991006307,0.4799897683367208,0.9403562151863225,1
0.0068096883100429995,0.23989819303157434,0.42130331874434046,0.3864481510445414,0.5460559664480921,0.5135644872979663,0.7069346291538424,0.48874599940158986,0.7436944018640105,0.7057618521706364,0
0.6365446137007582,0.7436026754923915,0.20346458826925046,1.003026245703504,0.3799766015995245,0.5661507539157036,0.5084245898160153,-0.07161024900735391,0.7580034499286951,0.977841525261851,2
0.8566600218084237,0.7329598542575775,0.2179333935290041,0.0008921284405795371,0.9717017391724032,0.04554673212916097,0.2233944623036986,0.3930412713205726,0.5663271088137128,0.2989868514027944,2
0.42226034514514615,0.7522733045518368,0.39965467485378786,0.48390544566873944,0.762369483269372,0.15620167181473604,0.027103265156613186,0.19705978246134398,0.42782970806188264,0.8896799175705543,1
0.42481375269148647,0.2600687491834832,0.6145845357009699,0.38069682347911993,0.3641341430905523,0.1538593164619818,0.7430561129392135,0.693580382893331,0.3452381707671992,0.2977067486046252,1
-0.15425207142030845,0.6208582037126544,0.4542364247513554,0.3878327928776076,0.6243983308037366,0.18875013172196364,1.0316787004058094,0.2962889807152498,1.0490883317794373,0.09887482473352018,2
1.0101721737759894,0.11788025432247973,0.7936850976000065,0.6464546915945203,0.6866947699554895,0.6044561712024339,0.6987962245600907,0.34633520621677677,0.25037238014493096,0.3794696334285341,2
0.4920730859752092,0.06919732636413513,0.14524336713136582,0.8852190013774761,0.5402124970682085,0.7049167689317246,0.8816508635570703,0.9902281765739415,0.3440938020516715,0.8803984682615542,1
0.4131139604181157,0.6830018717033179,-0.137335789199413,-0.1382284133716781,-0.031263186291341005,0.8556936375141503,0.7612338503479872,0.34255130308941345,0.8971442723652796,0.778670128787233,3
0.5846391903367251,0.2793170053820579,0.2767479406544254,0.27304177710008903,0.6706562449383838,-0.03148909630680997,0.6124051649090809,0.7328804675526237,0.6150205557935969,0.641134297863012,1
0.08429978748132408,0.018495534558864213,0.9304487163018854,0.3391014289592457,0.3757053534997094,0.8184650798353239,0.1292039201002119,0.6702212538210114,0.6727211325548121,0.5405894473619469,1
0.7381449758277633,0.37760139873888526,0.718350449269646,0.35276799440263706,0.6993207214649989,0.5674977652929766,0.6294783757719915,0.3365166196724537,0.10245365990145906,0.233654435953202,2
0.31216089339742076,0.6287606811642656,0.010231679606207975,0.004094289122498009,0.09473539495692739,0.7544785313317299,0.7101793318966138,0.27141186184500254,1.0045527595264925,0.8866987004425085,3
0.7280635475917666,1.0228100285114858,-0.047841461978773175,0.956007711436588,0.5626887806838993,1.1125211645993487,0.5928088834491273,0.45029411018676085,0.07540781708639097,0.12396520920223267,1
0.6653468981420299,0.3408498712681078,0.11494364808435928,0.48619698906121994,0.5295856038692658,0.6103985360977093,1.1614335533113507,-0.14220589876205386,0.9714319608886473,1.1641084130611814,2
0.3743660070917059,0.3558632418967005,1.0318006259314043,0.620716806103556,0.4659932671311578,0.6590617429112419,0.02088537416987446,0.7813875089608018,1.082442066130393,0.4090971177472556,1
0.7621446991013121,0.7610278306692598,0.36901154951050896,0.2755127509245263,0.8291707302200573,0.3183510243791673,0.03990271551279148,0.33638903698686673,0.01615957695875596,0.32003139769248595,2
0.581311674003699,0.7426223130320928,0.7303209423989834,0.3652434531275218,0.19809013458979194,0.18382897196690934,0.46384010112527124,0.3851840042542037,1.1715973955780647,0.5292789236939164,2
0.5532957132362203,0.6334704716251476,0.47986689765906676,0.08051963331395745,0.4779634882800232,-0.02210437113050087,0.08987479183302433,-0.024111176229302006,0.6579655487881079,0.8061824621041984,2
0.8237429642253637,0.4870306966353839,0.4024416828215945,0.6449965449450867,0.8860451691254132,0.7460642506483456,0.8698436714394862,0.5969709481859233,0.9452304020652791,0.7219897075198759,0
0.03905454601246938,0.1644749738266679,0.3360866073288683,0.7305335867233771,0.4607902855604128,0.852762377430924,0.8695636998379915,0.3810603517859045,0.6753614032640083,0.5050982219284538,1
0.7540552873099915,0.19155982088186757,0.23538347372959506,0.9175716342421846,0.5153380899799893,0.14899469223197456,0.13476609330838363,0.9306559437885844,0.10379369755908928,0.2583259487226358,0
0.5611022672640674,0.2891808582596927,0.27880252074049994,0.9507530980349592,0.1721017783825106,0.3683723524993973,0.43846008191582775,0.6195896131934185,0.6537075745485859,0.2023811977169251,2
0.011807752316434002,0.14256050025335212,0.8044092026141205,0.28493770863742224,0.06353676348708857,0.2736361801590497,0.6542672196838151,0.3828320253509551,0.30880315328730273,0.4353128740398367,1
0.2715866422354744,0.9076289918793565,0.033469954718577624,0.518223408575822,0.7163437782986787,0.7314348732394287,0.9625691354036985,0.2159505618961453,0.7260459769701211,0.7998464376602126,2
0.24840484501798812,0.2623991586968945,0.021595057926708988,0.20525557522132076,0.2048595096271318,0.19084722305400242,0.312012433211405,0.47029778678788947,0.8614764355511548,0.45346112791957666,2
0.348961139484795,0.183753710224619,0.03458848339880935,0.08647957532689418,0.41150916711057156,0.18946728678074337,0.14280384352470332,0.31526546605066247,0.8424051961296946,0.5355630353909326,2
0.18305567038077308,0.62911002479745,0.4724628692278012,0.009350602080818282,0.9483876199357884,0.7638117881202022,0.4580687634896081,0.5651147442331524,0.3510036790989426,0.06381715820496213,3
-0.030119477138739206,0.22391458085821742,0.8385117049740431,0.4006667793985418,0.028078511454719318,0.3539436493734611,0.671286499659393,0.3288728894059254,0.3313632909007932,0.34615044403406553,1
0.8611679632287473,0.552987409902181,0.687870997488426,0.2578077277413446,0.16603749370645,0.8040805251900128,0.9918608702179272,0.6494115344461571,0.3951438746067439,0.747268179716693,1
0.6394848638259296,-0.06317579986591598,-0.07999099758909861,0.6654107355441021,0.6355851709002631,0.426234779098106,0.6518879042760752,1.1085687753001126,0.5902740047421814,0.8519288461257014,1
0.6368664973952383,0.7007466256912449,0.7745027325879689,0.4371250712371255,0.6490975283833507,0.6624442119391096,0.8569349312100227,0.0671173730735522,0.18850071896492576,0.3255969965345987,3
0.9378534754733887,0.5751421569076237,0.7646120736206687,0.07269469751516672,0.5394615119209923,0.6253923961268161,0.37832313114444166,0.18961849221682128,0.8121642842917454,0.9715286481366937,3
0.8810853234027458,0.266251432266746,0.8236040589362638,0.1357326144015984,0.4895007598526582,0.43590878982740217,0.8072419391839759,0.44937699209560505,-0.13530578321185688,0.14096815358247966,2
0.1354542851447017,0.8468182241732379,0.34926868046934756,0.5304052572418344,0.5353770046685509,0.7731469539964856,0.969174902177685,0.5212008236614282,0.5282797382081944,0.8635171603859289,1
1.0181159107669757,0.5226121592313485,0.8309253828569715,0.09498042309877913,0.47435466959363753,0.6604627859326384,0.30049691229349906,0.12215572213961676,0.836484427430197,0.9737648097615331,3
0.04879844715851679,0.5496895711563444,0.4226412791453726,0.12319632997512522,0.8868706475201363,0.7338612660897658,0.47877198802248017,0.4665457831924149,0.41341471863521434,0.08755619047668674,3
0.7222147794116366,0.5185057463215772,0.5187489763533494,0.417495970907476,0.5668157314435252,0.5911745889815527,0.24210595949261676,0.22336868024253603,1.0470765886263578,0.42437004766153863,2
0.5740182688417208,0.3173656083403979,0.28017289969567344,0.9962091249734122,0.21268658358739426,0.3925093802307378,0.49250485182729925,0.6775656829414891,0.6464161289108772,0.20571005681867707,2
0.5557078944815707,0.777810071003616,0.46069323591713535,0.5130824741420873,0.13470887143513863,0.9557158549320922,0.1283697774741187,0.2491578000619491,0.17881598768533963,0.624369849392715,3
0.07143695680957259,0.9315880704209376,0.39872567805512404,0.47609115402560515,0.4938155011058993,0.7376525140868109,0.951580005184086,0.6532215045936635,0.4734330698000737,0.8569587523607449,1
0.43322678818031646,0.07978633649910445,0.08533691318516656,0.9469648655597281,0.5625813719493538,0.6736676819011322,0.8582053133148416,1.0210137926731988,0.34956845125320407,0.8831602457659642,1
0.6489956149788249,0.7162949932405741,0.18724176008733684,0.3649319140644274,0.8799418452438115,0.43809329935027946,0.07396416330970275,0.29370939878318264,-0.04453411888565299,0.19112553056413828,2
0.31481832875755367,0.4827551455069904,0.5559072547387236,0.70689159395575,0.036973139288435625,0.4082802945481506,-0.028376853053922985,0.580308140104124,0.7294808206102544,-0.04448798867719972,0
0.10086221301475118,0.7747325707012037,0.32096502170286506,0.4684410154075716,0.9042969491982464,0.5230446306420086,0.9827328790584184,0.6174387961653166,0.570406622232073,0.044435026274062664,3
0.9344145851595834,0.9095973294063489,0.271890291462393,0.07294730786866879,0.7315975144594766,0.9472067293060641,0.8143248731562924,0.13642652107911885,0.27585300525047046,0.8441840753513717,3
1.489730112683234,0.8081464971038095,0.16367989717024967,0.5129773905396791,0.21953366270357447,0.8068706752724631,1.6646666268893884,0.5402759005342961,-0.49355899136551795,1.007316873839098,1
0.13555229939031155,0.19529122519515874,0.23801063386143173,0.6830781103177012,0.5356463975159595,0.8504982510249791,0.7426900507584364,0.3148732494896958,0.6567744012063007,0.5207997025230267,1
0.5496747485243944,0.7894337417898218,0.8865283986385261,0.6765366623079873,0.4065285884588844,0.6895504065205733,0.03134424500513333,0.9325164889507214,0.4923726725295034,-0.3593468924633684,0
0.8197894802697916,0.5933673569094534,0.637316497712733,0.13251736368284833,0.03545148237261582,0.7566141356822296,0.8559806429341511,0.5344088628180631,0.5304651937850898,0.7835745014803628,1
0.6155408490444367,0.9315025721309006,-0.027149484947263505,-0.012105325305783662,0.4318729110152437,0.366464007156131,0.19379602762240974,0.41633522504732745,0.23180775776151147,0.8548337219949226,1
0.6306541016675548,0.7299354620353391,0.2751231074408048,0.22008333911771033,0.7809822387349179,0.4499158217870013,0.10671016013387558,0.37231066403342955,0.04233875070327657,0.2423976708262017,2
0.04828935886784844,0.1157313151226275,0.7685296778500642,0.30760107322298125,0.06908391659813272,0.2777598405504397,0.6341377873344212,0.40411635053347417,0.31306583448463815,0.4476837220127714,1
0.5868572346402774,0.7885709235369952,0.37400017680697933,0.42629903223435983,0.8696340027239334,0.07712833389226888,-0.0017846864529373133,0.13790719000265222,0.457035290562231,0.9258375467779978,1
0.6492103904883766,-0.11875913232019791,-0.06454224507146822,0.8324792439655501,0.20396476359551563,0.6071946088629783,0.06685215768095217,1.035850263931007,0.3512776319644517,0.21167436905377157,0
0.06724526604380165,0.4505555294431207,0.15065101608679493,0.1270940683482943,0.3929536680203696,0.2512162348787579,0.10451674369312602,0.4050553634653938,0.9123943285166628,0.7103201728284912,2
0.7969314513436223,0.3585324649804916,0.8804608653386206,0.7240674399318396,0.4785200598185103,0.5712109819168313,0.12164189630896124,0.7042679989056637,0.9014230244432422,0.41640201115651393,3
0.34957174345978853,0.8881161195663764,0.9731025283640332,0.6208454464571169,0.034824283600759676,0.2204360090790403,0.21070348523040025,0.7660843106914075,0.07174554379256001,0.3065673061233628,2
1.3269267592188931,0.9435110266540367,0.42241802995783995,1.2382292606196523,-0.08704280524173597,0.7855751191290259,1.3098981859988896,0.6202684661266135,1.120493079828247,-0.0072874342924018065,2
0.47886234464214494,0.378529447169805,0.9729039372664338,1.0124894000341356,0.4315410913455311,1.1253003275664768,0.21557832031609914,0.9395026727965785,1.1467208754057947,0.7144967840427603,1
0.06961082236443206,0.9090126357380031,0.12484680251573604,0.5214851969507805,0.49683808514067807,-0.0246556549465497,0.6576811227117916,-0.05798248089780181,1.1099560752945783,0.15550033446516381,2
0.7025603163858564,0.7913545055810751,0.31183177136655615,0.26978526978138195,0.7841590894532254,0.4728638305478534,0.11355119250186543,0.36135004456388786,0.012140794714538793,0.26749280549567994,2
0.5105297596482787,0.8236446060754481,0.9372682696512069,1.0012904794205557,-0.42100992205748833,-0.015009919111032,0.6262883354071749,-0.32220200325485654,0.6763542400312661,-0.22834903903945547,2
0.5098803665609583,0.3141430354500851,0.23746338430277125,0.4582562106983064,-0.005721949657078534,0.21101631691703934,0.2651181527826162,0.01456195317175709,0.7459978813584203,0.2663035964971021,2
0.590511189792909,0.7842487127986931,0.4455520575803686,0.5224032771974403,0.09009305260331031,0.9903637567291367,0.20058945337095158,0.28643674060943036,0.09786900277273261,0.6473225709234554,3
0.5219770638810879,0.16152622058408916,0.19082445403411666,0.834678198798907,0.6550773138233698,0.6758862387731189,0.8058976437309477,0.9251504039264805,0.35744203069318903,0.7266383557044689,1
-0.03628663332758446,0.0575906361014028,0.3145346969361773,0.7732536173450835,0.5346015733048711,0.7577765934551188,0.9232667933476322,0.23143364090532245,0.5751749194193407,0.39056736214427057,1
0.8770742013417365,0.5354383121745545,0.2858411632424096,0.7149755742406274,0.7742890363126325,0.7726765087391257,0.6965875004838308,0.1183259468113224,0.7580202763545847,0.9376805612192789,3
1.0348360093849815,0.6194859349288839,0.5456527695572971,0.7044768400049156,0.7462414928755938,0.6506708353302877,-0.0891922915582889,0.18396961753091498,0.26270826980704204,0.7506540958748138,2
0.41603193669986815,0.7742173931015951,0.2296611374166737,0.18432408366561276,0.8620714007623275,0.06298437632183641,0.15816466651470532,0.4894367110240187,0.41446223329327825,-0.13892017288971767,2
0.08372617499731665,0.8430288714729206,0.358057093348309,0.5656250386045301,0.5546684144133073,0.7280211348677358,0.9032027040180939,0.587811822027569,0.3922015235188988,1.016125811060035,1
0.26786992151591493,0.17362909823193848,0.5737057285311398,0.5938692214065321,0.3823056377774965,0.7768737109428865,0.65949370773528,0.5704195247247033,0.6548133429987186,0.45765810492318865,1
0.7142105146174408,0.712818947012001,0.01478881716808686,0.20113800438118293,0.7394533205001365,0.20750580099595503,0.26316070492740495,0.22486889509505195,0.6463921503850795,0.03463599319489642,2
0.1325750279311795,0.5800966578014566,0.4772701360544055,0.058063887630956997,0.9614458235252803,0.725597460802455,0.49421403037961376,0.5209706369126736,0.407721553676525,0.06847838191466236,3
0.8322714196659275,-0.20194305755071373,0.7937231969144085,0.39236698548075716,0.9464670480460187,0.42379014315659475,1.163308398858083,0.2442769199029275,-0.4352633806376367,-0.15120488473961574,2
0.4676878501578803,0.6376670099103893,0.827712187476652,0.1992136822830231,0.6897249056664648,0.6072438551409842,0.4253064460165457,0.8403884736152465,0.2002512578439298,0.8423113356043843,0
-0.17188785562316228,0.9820816689718725,-0.4820013342257447,-0.0004119929345286766,0.0065284617059769845,0.5028134551361744,0.5828506774317508,-0.14360458666352427,1.3845027074001028,0.8649495176577319,3
1.0795138297496645,0.9079900122467947,0.23179983262331094,0.03197033799575215,0.46887176076138204,1.1502898595789286,0.852973046318067,-0.030049371678702363,0.06554659637960486,0.789030746445211,3
1.2972550403791008,0.31690974423160434,0.6228950793424712,0.6477752975563962,0.4839254425780225,0.4940493435756683,0.966792463797064,0.4401649211060649,1.1685646614430671,0.12572891444574796,2
0.18547328355657558,0.20099231475813226,0.4052530794533955,0.5576565347684771,0.352667127049193,0.7125210916547838,0.7756363517701459,0.48378619783262483,0.704748610682102,0.47281905961941545,1
0.09116431653201809,0.7975902518812661,0.12228419942077563,-0.24333858615035114,-0.3426933933454944,0.7965629355468602,1.0675443172717336,0.5706628674576973,1.1656443437106707,1.1774311446891548,3
0.029261650894892192,0.16205436498507655,0.3198539019282924,0.6987070293555253,0.4977945468527751,0.8196567857179343,0.819224173193032,0.35345703202296613,0.7005400695370023,0.5139320546388794,1
0.059457466777264684,0.24477634142872962,0.7242370848996225,0.015911243390842513,0.039963042091584265,0.2790604492180492,0.14261088397072008,0.8521723891485784,0.4748596845822664,0.27296701650785815,1
0.5504459543763557,0.25482045096907013,0.2604821443259329,1.0136541629189801,0.17665985910731827,0.3921337985161386,0.5135879998247068,0.6652801484211189,0.6614324553531125,0.1433031850247679,2
0.1662892710846204,-0.3688604246161354,0.5728256830525249,-0.18025454794260717,1.241419396148007,0.8301669657020303,0.4302147594047181,0.4494339930799805,-0.14693728036868886,0.3261315980125705,2
0.9068792445300153,0.1535266238386099,0.28044823057122764,0.027692824510978778,-0.03346410755626254,0.04554716316088654,0.503544123551704,0.7847080879751327,0.0632652440573329,0.6464761550728562,1
0.06125501602648159,0.7934237143592119,0.3224089564759775,0.5282760430562564,0.9030419681628741,0.6014494758811112,0.9016960209242489,0.6430912465755905,0.6403377868669132,0.05512487999625691,3
0.4995284871820541,0.06529679296089187,0.14252946397971072,0.8982779361642493,0.5404620456244967,0.6983882376158154,0.8926794340868878,0.9991054796953844,0.3582382087235278,0.8966797696334081,1
0.19336647380027813,0.23511107348255453,0.08652465279146404,0.8881586210415657,-0.3159183821883337,0.3332373593179564,0.5869145383922454,0.3602514359485334,0.7272635768305193,-0.12434387627935456,2
0.8691584884348628,0.514105555154948,0.3394757290310524,0.7629363474209399,0.763105434626494,0.7335842968366713,0.7464031627445288,0.10356431763075055,0.7810248211134959,0.8982846437222973,3
0.012039187061235627,0.2905730676698387,0.2008465878238202,0.7733234419734719,0.5548673462442835,0.9167140381935555,0.8733178902633237,0.4184215121550379,0.7318597048015971,0.4936102549560965,1
0.6583302105656574,0.21177150960719174,0.2412659849680521,0.20215349420245804,0.6770069259519941,0.0016035589303056083,0.5709284609678256,0.7860735113580237,0.5786698232015681,0.6399426496258576,1
0.8950198935239885,0.1518454135093969,0.19837487948117813,1.0647151953698215,0.6409268336084947,0.40415333493574185,-0.15560058537465896,0.8754680967550442,0.17250511849573277,0.2611942707999096,0
0.42347671416258603,0.21215195560850406,0.11269628082640967,0.49126023645998906,0.04930910845115777,0.16016890086098978,0.7023258825964404,0.2967554942368097,0.9061253427082054,0.11754643407519175,2
0.5451446607116559,0.8331762140579743,0.35183718996673247,0.48388175124019017,0.7738162404447563,0.13854149851466863,0.04112424529421653,0.24850658406371667,0.539989234571058,0.966882109562585,1
0.9051583247043579,0.45273640868826276,0.7016758186391668,0.24593974233081775,0.3421581446389381,0.6319317008979614,0.9277864131571812,0.6293046708568591,0.5583528116580725,0.8285736097703446,1
0.4057094868838381,0.4246941286456345,0.3424636797468978,0.8199190068579506,0.16621610665622386,0.3431444303417626,0.5840411849741433,0.19314991772665568,0.972524761018855,0.06362114487217875,2
0.48124254857504145,0.817159011755976,0.36340833460919636,0.5003477343604293,0.8403078872820268,0.16369681283388854,0.0012378953844295881,0.16611700568269394,0.5167888673025425,0.9623036846072026,1
0.30825111512596715,0.2642767090174782,0.00985435821652672,0.8592378542716672,0.44494072745432617,0.7339403472682442,0.680536655392881,0.9767294740912288,0.3207353097945684,0.802936774674757,1
0.6752403404754652,0.44908011812408405,0.040115524547506776,0.7396211992213926,0.22534806398103857,0.6401208243827963,0.6881519254184654,0.3646251775681218,1.1925042060461697,0.27261902974108176,2
0.21345329682322597,0.9004278971164149,0.09148988923203506,0.46655300876802924,0.6654611896044546,0.7902751253432675,0.9055425187168248,0.2754888686035728,0.6869341264484485,0.6977529814624868,2
0.3015704488519755,0.4677045581708509,0.9370984960916299,0.6750415590144903,0.3721593799958101,0.7580565623379645,0.12817669715514118,0.640592282491563,0.9527948836021725,0.463815168207931,1
0.502576702557621,0.4280017417118883,-0.26124375951452294,0.179716531242135,0.013942037889775466,0.7624557854760965,0.9214392924602658,0.07944326187160289,1.1651176115128044,0.642211827540418,3
0.6626462600603009,0.7251408446896391,0.7651473155023072,0.4575533848172606,0.6407295132732349,0.6645449523963547,0.8527061181909709,0.09485714334752332,0.18914993399234764,0.36189176226886366,3
0.5887412220075021,-0.26728312474922766,0.2604254345015686,0.27865833529081085,-0.35093476122399675,0.15654790588533662,0.8982228401327609,1.1227985252907535,0.20776836816319227,0.6217998322215323,1
0.16080907495246932,1.0126720937420925,-0.0679044372633814,0.5926816630650525,0.6620960744355956,0.7000185153616747,1.030262890721313,0.2677731854388251,0.712243239720123,0.6972935933399902,2
0.9216146992989735,0.5715649301313632,0.20649360709178916,0.7803688968898195,0.8426492992559347,0.764655033840072,0.5836108361322903,0.06177506576128916,0.795482724640777,0.8447698851334272,3
0.7711487926192144,0.39895290076271517,0.775391742719437,0.6820285569471694,0.5300996412354699,0.5904386462173319,0.00200557619826712,0.7818576634217271,0.792430501216651,0.3074620852832224,3
0.6200593783652194,0.4757517541258844,0.030373852036509743,-0.03529787951670416,0.3412700497092882,0.43799885633965324,0.5228039253155367,-0.08811480967818042,0.8908426281545638,1.1270457645082506,3
0.7222800441525354,0.672947119005636,0.28412777489877244,0.0021060759548986313,0.856779781343396,0.09511933378878756,0.30904710072235836,0.3049405107108109,0.38499346792859235,0.0814932774104597,2
0.41190324614776597,0.5329495238162201,0.9406474296194072,0.7134467357272166,0.22871360337668856,0.9115886674085217,0.05060942072093198,0.7616866884973991,1.1227613406378765,0.2652773646589017,1
0.1823884582563023,0.7570119243451788,0.36755490392295087,0.39100056224773694,0.4914804635554524,0.5877605151359075,1.0958175139621216,0.6225657323082059,0.4235332774290814,1.0863525205718554,1
0.5100537953453045,0.8324478560443078,0.2988127957321825,0.5018316434305198,0.7804453418665507,0.15156503663972892,0.0012840547546849705,0.22688263059111208,0.5489269493434766,0.9347559517024228,1
0.1724448736550743,0.01669585229983322,0.09054354290022347,0.019532760777222,0.7058377236009354,0.242437372619597,0.4363113845341456,0.44469453506348017,0.2436691433968176,0.1882476937835329,2
0.3106587212780223,0.40190076854224654,0.9942953151983736,0.6260477787705514,0.39175544267984336,0.7343426156877844,0.16026507842258136,0.6756628957320346,0.9297625808987147,0.43161917584664533,1
0.8478581343682461,0.24663650169462398,0.5397894867179726,0.5239249442691278,0.3838795168398628,0.21043621949181326,0.08401421511586447,0.3891550808191519,0.362025104883378,0.6015371956088246,2
-0.05202563657119755,0.7905232518221602,0.4004302658865081,0.6265267414948799,0.6668624801147927,0.6119195443691852,0.7989071438359594,0.691851746979372,0.3507204078831652,0.7767464799866893,1
0.5843699525840649,0.4903245673378599,0.9806580084516582,0.640961274782256,0.5667049700340194,0.7808287783359621,0.568193185943735,0.33477998763132844,0.6873619703153659,0.2724337586259145,1
0.46729646305873374,0.8477320997953971,0.04538430856623725,-0.1447057273277596,0.6663511666013539,0.10247423597921515,-0.0031300781998859772,0.3184485408909976,0.799817987617677,-0.32431130219748944,2
1.0629805501536387,0.01979027642887457,0.22773937084406567,0.03991596673545242,0.6160753967529646,-0.2000025903998663,0.2393334877061158,1.02048859375674,0.6136722994077825,0.711622996130197,1
0.7149451599679287,0.7555998064627252,0.33268571945564157,0.222218067214807,0.8332189791399216,0.47343104482330767,0.057516382756267345,0.4106594558336421,0.09882149438016216,0.34786041204920315,2
-0.18693250038375742,-0.35926992932878915,-0.33396254513401613,1.0351024751153473,0.025021594165549277,0.48154820950875876,-0.17035528819652057,0.17771187812810907,0.44682186058698625,0.7164642565496465,2
0.5340567944877477,0.5350265665384184,0.509604426606412,0.866428319433526,1.2274184309862983,0.15663506270462585,0.2661125013811631,0.5356787162379676,-0.14666145979931566,0.16836058474574472,2
0.8663500382282103,0.6090083583663259,0.7116363156479888,0.30472955345233854,0.12561424691610687,0.8265057927865124,0.9541523833299731,0.7225605371832454,0.3915207094231431,0.743362419817215,1
0.5623728839483519,0.13091312897593782,0.116038771636865,-0.06795500434589,0.6882379166600076,0.5647473576898763,0.38721159414346185,0.7108673656715127,0.4670704327741801,0.42635543925634445,2
0.8902854742792533,0.5409294285165047,0.6790467199551333,0.3071086933541631,0.21977918730489623,0.8224016270898448,0.9118996321436982,0.6143973959423332,0.4547749567396462,0.6915044974413784,1
0.13608733341394286,0.7903718574768168,0.40417327648043555,0.4203785683103626,0.542450643765431,0.7276504035638625,1.0054333429333788,0.6237049600813992,0.5309691006714028,0.9910080525478399,1
0.30209831269335297,0.21851494906860533,0.4698853866047277,0.7471676835602147,0.5895364771790522,0.6961746948962472,0.29796579004317897,0.31420650899976194,0.3725143857369682,0.7745514704243471,2
0.42250485213007255,0.07090976003414994,0.13360954504199907,0.9204590051298148,0.5688720730127863,0.6577938650589845,0.9611439675121916,0.9782076827936507,0.3931437282728413,0.804737532126911,1
0.062252017381934616,0.7559314046001231,1.1694927009419218,0.8635095525033267,0.34545031006483773,0.7555607376006506,0.027027915994195767,0.8978570810683169,0.6115854367569122,0.09465123110638024,1
0.9808530481810255,0.15055819178422442,0.38057193797211536,0.16671114691155683,0.011823479514932397,0.018067464038244725,0.5361065057690901,0.7701224127873935,0.02994559501523266,0.5251285475892157,1
0.23613890869326265,0.41909473539309783,0.18316610387232896,0.9425067390249682,0.18466867030796166,0.6782331353957287,0.5381609750550425,0.48796212992623067,0.06538667126600986,0.9438995829047329,0
0.8941916059339515,0.5707347263203474,0.2779911444113363,0.6819675070010991,0.8207764574054776,0.7257038659262336,0.6782891329871754,0.14159426655239907,0.7902907932776352,0.8620877438256982,3
0.5217235686426906,0.19880365851976048,0.023112970658210608,1.0856432203562203,0.40207065770806927,0.8489004434607268,0.6794235816509847,0.858015327720689,0.18310119304731878,0.7529618493359366,1
0.06117433049159245,0.22227076670254206,0.7183084262498299,0.041240154810496504,0.03431769181783676,0.2690256133619887,0.12095644862750798,0.8943251685861433,0.4880510572592352,0.32181654005519267,1
0.24123963294114345,0.9170663061420152,0.05619246726278217,0.4577917519607679,0.6367828169148539,0.7507276472894708,0.9549318311749707,0.22640765729913423,0.7262300244347472,0.7480877309311156,2
0.6222966804366334,0.6667892919719334,0.8642262958902182,-0.0030823934122971575,0.6099722473035507,0.6143517320519827,0.6860034248285698,0.8150479485937105,0.009452662019387256,0.3661070408787729,2
-0.03206433164430311,1.1831026722548947,0.5098582397417911,0.10973543193961088,0.9560138962950088,1.2623937431133951,0.16497065709523515,0.9755332601960053,0.8506596613997532,0.45650171103221876,0
0.6402522088522928,0.30154086414222825,0.8174766339084916,0.7146800561409886,0.4191480774137156,0.9369506794288922,0.4960329224224517,0.2419981063640167,0.5699109189365763,0.15850988947132527,1
0.22357276263357312,0.923168985940991,0.039826645848951264,0.4585741836439589,0.6532552338611078,0.7502731063947413,0.9698338399537734,0.2212714215992206,0.7304764473730199,0.758759050076257,2
0.8782853821551813,0.6277412839696792,0.24576068249546174,0.7166597658314768,0.7649132702584989,0.8268000617455552,0.6085327636876078,0.06693833386206534,0.8091868772023847,0.9081779646186123,3
0.5282117027326637,0.8688120207649649,0.15307678991625473,0.13271986146113127,0.9153341715093404,0.2700849504071259,0.141263343048109,0.22209095371033177,0.2873750934542928,0.44792660211421576,2
0.807535857369348,0.02426736185893913,0.49425009764219235,0.16813178787305638,0.38048263197496324,0.1561057175445803,0.26648612723543297,1.0107637340677829,0.8141867616363883,0.43070646876648955,1
1.396242386038888,0.057586225504558386,0.7231236727650067,1.3392229365984385,0.14810715167736088,0.4771999111087738,0.37631948251005876,0.3131548043081305,0.6244435065958273,0.3016911120577701,2
0.04277092620667979,0.8936714762604033,0.3435847746810897,0.49547717824620724,0.5210418563607498,0.6997477625940447,0.8817322958362876,0.5387356008933373,0.5233885419439767,0.848238799419593,1
0.9173802040825761,0.6011476547293516,0.8003492754598069,0.10402054167335213,0.5625028320510385,0.6186991414011691,0.4083937541269423,0.22279611647226288,0.7870741710049651,0.9843674951567084,3
0.611020572533621,0.6667924939485211,0.7692698163575747,0.395498174945434,0.5953618033340174,0.6133400395246559,0.8474193326830468,0.06780571507133829,0.17260252116014344,0.32438936653730993,3
0.30614976278359696,0.8535917982036596,0.9683173664069177,0.5883244437294369,0.043242282852959876,0.2186474427451146,0.25105938993584526,0.7875724028873905,0.11970670319266341,0.27631041266251666,2
0.3909382342600499,0.6076531749031157,0.8178216773667787,0.6164003473458896,0.19461750891025906,0.5464262264812574,0.12222148866383015,0.6955447402629746,0.5621992862650002,0.057074989864530745,0
0.5628536734340523,0.7599151106365082,0.2650970282844479,0.6092941933931464,-0.08670221921774479,0.20397360204680215,0.32358495188660724,0.08979670577603265,0.8478944885791952,0.16010750043843994,2
0.6327032020205772,0.7139223946619694,0.7974840441762773,0.4533007478454722,0.657248792846336,0.6474318391703373,0.8425817077496347,0.09918556429970658,0.18686522149615858,0.3589594331435156,3
0.5920035038133837,0.4191397195635994,0.601232623518029,0.6382637454866491,-0.27108050559149144,0.3905819767938848,1.2615165388870142,0.27073362499014936,0.505184628547982,1.0964823579810044,1
0.9323735355045584,0.4662773088616552,0.3490532956887371,0.7222241460920298,0.5016718689882457,1.0148936682982286,0.8378202846074527,0.22310692435719887,0.635544644694611,0.5246063858568418,1
0.43027821276545697,0.6236294286246169,0.08375828841614844,0.16615545298823103,-0.09635477396882738,0.8969077551995797,0.9072656687461124,0.3264260259871835,1.1317739925186678,1.0638013104538817,3
0.8106399110121705,0.5391393924523201,0.6648628164486664,0.2835436893019896,0.13528184188596065,0.7736401875306245,0.9685615373979037,0.7310217051250607,0.4067778440487154,0.7216277695360416,1
0.6054332424022475,0.9181298701216967,0.011332039291607737,0.06860440504509582,0.39648764615198484,0.3066276908566763,0.1411316905775053,0.4722716181640519,0.11314246038671874,0.9415740879677851,1
0.3391317675055962,0.6390942518668581,0.9487816876318127,0.039715969098569164,0.6616230802139578,0.4017725933666897,0.48692017601504706,0.8026121367917568,0.2596832478593172,0.9084865646590121,0
0.2604365472016043,0.6243154783293463,0.8739408586895605,-0.01663211757379862,0.6021198332546593,0.37062080613311543,0.3888491413751116,0.9718038876327479,0.23976314916682764,1.020967464419212,0
0.06756673617161299,0.060166927750212665,-0.2560474504870883,0.10141210270977932,1.180674243762466,0.6069696485791933,0.3455506428394302,0.21606918710580772,-0.19537331350951959,0.3096037464329461,2
0.18346644196960352,0.19429055160533826,0.7389491621025702,0.5331290162589787,0.3988726131211687,0.9733367889709348,0.3075544173266581,0.7529705640643733,1.0931963785366365,0.17999659846159138,1
0.07226686674109269,0.0205223650936356,0.309912305352902,0.6753407205816045,0.5723800393791044,0.6599622035605894,0.6159936280954629,0.46180697649767044,0.9389108965078438,0.7282176816671384,0
0.8887053244779513,0.740708215029204,0.18508859611716144,0.7848512549877057,0.314939700483345,0.9274943477392487,0.7103260814808428,0.20328602962030423,0.8340297019273056,0.3098589832425367,1
0.2968113283834549,0.8826040882144697,0.9670834499231756,0.5931848601131454,0.07440099552037155,0.21505015164531904,0.2310993062503094,0.7541302775098401,0.0728484897599235,0.2964318466041117,2
0.5605237321804499,0.9811574537467843,1.1956600147540994,0.007516805394919168,0.3756322580239587,0.6759525568855773,0.3613352914835377,0.6933808900023316,0.1956790473903569,0.7330999196969052,0
0.6636129499619287,0.7013158526700813,0.7506668348795675,0.4886237297158766,0.6135194159625501,0.6732305781364576,0.834736655997433,0.0887716139045544,0.230031179490237,0.3338543793055207,3
0.6098721787531702,0.8045872880095671,0.7972444686213079,0.429519152327646,0.6394830830442148,0.6110822598547716,0.8505794149401038,0.03514712768694383,0.11666493820816723,0.32053954483064234,3
0.5583450557992724,0.7917356994585673,0.33633900189418975,0.5314891092709744,0.7799182566573443,0.15052389270040736,0.048394077501361925,0.2036652700422299,0.4994434746745414,0.8810232515592044,1
1.1226569643398885,0.26799917706924714,0.5477428880744722,0.7517473495817328,-0.14845102967261325,0.8072381986899109,0.2893997529617154,0.5337157012334557,0.19597856216522277,0.3410190981929898,3
0.342464271148405,0.5971471098618826,0.16061114663443096,0.32074084703493355,0.5689912510332289,0.5352551660310407,1.247533915686197,0.6883583738072592,0.15060172799705607,0.797926375224724,1
0.0719388416838373,0.48407286590409204,0.5183940808840296,0.8150734442745597,0.3923841181298048,0.5612419284529526,0.5297698670113787,0.8746210163541738,0.3897022585503026,0.12856585222983527,0
0.15262536984368597,0.6849056534600809,0.39082780013659196,1.150756457639059,-0.2191833270296531,0.05743410653165287,0.12314577828724405,0.0625526359725715,0.5261868637654754,0.5076516977116825,2
0.8111168988823917,0.21718645265356318,0.0588965241517051,0.8748101633296244,0.33535014897609394,0.985129368399423,-0.3818936116554058,0.04637462251118599,-0.4082692701078917,0.33560903795525343,3
0.08219659293277605,0.4606686879097385,0.37761948550045954,0.7027515691997726,0.25646909574936594,0.470536246457244,0.6470490080351873,0.8715083739761283,0.5031278742006942,0.16545793108998472,0
1.054468353804431,0.6973818166684229,0.5685551330281127,0.4513541819357201,0.3684665423142246,0.6947683418548276,0.8562626838414215,0.5427423737843308,0.49992852282946143,0.8297085395564707,1
0.13780340002154784,0.2771123149447595,0.06291029308942296,1.1512262583737356,0.667155865613716,0.35340890374244155,0.6558572313865041,1.1801672778396455,0.3153079658978938,1.2511754561176065,1
0.3914486316108414,0.24448361357901294,0.5486917339042032,0.7682178255488287,0.46065234764722734,0.6425850784844152,0.2879757555780485,0.34872706931122865,0.47553237336721665,0.88757196595186,2
0.42705567795473104,0.4740468181829923,0.9219787614825896,0.4413866518846,0.5049601771324058,0.619146538717473,0.3466842876614895,0.5330184735349595,0.827661955316678,0.46071793067925404,1
0.6811780674132786,-0.7623832779754188,0.04032398694530595,-0.7382030197948948,0.6171998991876846,-0.9009197950788091,0.20843881105785267,0.941276936590897,0.7340707853027031,1.080999568942554,1
0.35718005385581253,0.500557731256127,0.2071409409462695,0.7630709098803352,0.20839847525747066,0.5459905194517947,0.5499497682579015,-0.050875050528663146,0.868084220191654,0.21359228938318606,2
0.6353026590034981,0.8564424872268022,-0.03925074875177223,0.10697857957154822,0.45891242396638815,0.36241282170350686,0.1200912363133144,0.49353049408514865,0.17321138024021893,0.997426637597179,1
0.07015690017723361,0.0850258234405879,0.775049524839482,0.34106042117742663,0.05852834109941115,0.2944404182990611,0.6540841263719811,0.3724871898944331,0.30425639973886326,0.4435816099908455,1
0.9737621855290315,0.6909858156834777,0.06483896529012911,0.6279537342914581,0.22365597778061613,1.0254750207435588,0.9625473884264266,0.6642706644153694,0.7690972721739131,0.40914054640627806,2
0.37322060999208484,0.4838075982032378,0.17416813584868354,0.8771930994360523,0.2946541984580958,0.817664457839216,0.46103546667808826,0.43861750028340535,0.1302558762349128,0.8376277853096485,0
-0.16174824807392932,0.049266707948580506,0.3392638532926914,0.6103709005956905,0.6091885053484739,0.5109176677699142,0.5344935589933063,0.6501543621747008,0.6887551153242122,0.7824564446527573,0
0.8990361746649839,0.6367570328866308,0.8088105269878739,0.12580534770908988,0.5554244038462645,0.6638052076285108,0.34117261730749565,0.20025665110724944,0.841818131910021,1.004738573527127,3
0.555573643086034,0.8477396459347624,0.14782505448974922,0.12294607296180722,0.8102860670823636,0.027895850837445307,0.26996512153672875,0.3523155089416074,0.5629927040103782,-0.016953383713406288,2
0.6003059726019476,0.8548610306268933,0.05210048322905251,0.10656190774479384,0.3892614751928863,0.3331813634937777,0.15382285405541318,0.46484967627950696,0.09885802437245839,0.9057415946337456,1
0.8708423712060147,0.6066345245238512,0.7875650001534968,0.06169619984551122,0.4866836398854838,0.6578087240539271,0.3069328740132076,0.1899815904355376,0.8277149110523055,1.0190306859409166,3
0.5939998833034791,0.6245176326221957,0.904716992021431,0.46974007726689765,0.5473972368550645,0.5822278708180764,0.8201609084311817,0.02239626004083084,0.22652967836481172,0.1942941538961328,3
0.20124987443005216,0.04286557988620304,1.1844596982539577,0.5406245815418744,0.23000242340408797,0.889807176539268,0.8183241341268126,-0.08318572518280343,0.9888023960517112,0.076915304101355,1
1.043057402606423,1.187701891546482,0.4451152900990735,0.9542704694218218,0.6550612374993945,0.6336643499980907,0.057443003464558884,0.5417439135224196,0.3337793495333292,1.0887102130347344,3
0.9456052702653297,0.5912446312685422,0.7135877624871391,0.031461246209459635,0.574429173592935,0.6502347965374089,0.42025552545195605,0.14394348048298308,0.8031102280963794,0.9853233214533434,3
0.846477004524965,0.5439226967440051,0.2494429504605942,0.8176727042109977,0.7570196186519149,0.6279566980449757,0.7156739881723212,0.023006820938719086,0.7224618858386671,0.924143202987797,3
0.894439972214453,0.5846661207132571,0.7513044438991723,0.0499835286257999,0.5844381635996219,0.6081849364626355,0.33533044166463405,0.18533281911381905,0.7872102643944531,0.9580952992772143,3
0.1386177776739541,0.5291380002673863,0.48346117095959956,0.11108494942643315,1.0432403538293011,0.745627963896899,0.5440068544986041,0.5999267729714596,0.4634431135697004,0.07174085842910077,3
0.5324649990056196,0.9810347015633555,0.00711180913795636,0.08205427402418525,0.3575817423494227,0.41741849947794524,0.18345269189668514,0.43422996155607274,0.10476168757148416,0.9705831014556779,1
0.7022907173322925,0.6497879098236107,0.8145583360203658,0.43178795080482624,0.647938117773156,0.6087943297621236,0.8860450593607273,0.09414278620213286,0.2501105742837486,0.3107647682203091,3
0.22919833711344184,0.7069849728277837,0.7983796684262988,0.8482440172449002,-0.12295434190144489,0.56240748869171,0.29287959434592015,0.6127195006813334,0.33517683737208553,0.3319138745948952,0
0.2985318024060684,0.4451510777286325,1.0367103854859714,0.685663414339558,0.30435246348816963,0.81299704391833,0.12424040069439632,0.6169797316601959,0.9785387713161657,0.35250677540358166,1
0.43369282756454386,0.4381890497046848,0.201718686970681,-0.0626488236845455,-0.18602251786957918,-0.6123259718399878,0.7270685260716625,0.8254337420378703,-0.4852901001731764,0.0768012910067099,1
0.2369719417130121,0.6282365952647342,0.5093003655060798,0.4909259048914858,0.2878183139490869,0.6048227356425037,0.579732188049305,0.21190192505275504,0.9801418994496106,0.37786179267235565,2
0.03198420584090241,0.37663051934218744,0.4414046244882637,0.8043425419882917,0.3744221307035403,0.6172991298400703,0.49977335888619234,0.9145980625634683,0.45297616389362144,0.08982208754547763,0
0.6599427964290835,0.2464718556159609,0.17195869809911446,0.3280210345742613,0.5550462472030135,0.0003885475399149803,0.5989418254283815,0.7394900311435065,0.5341946477043736,0.5908102413362831,1
0.1835957239847992,0.857500751986033,0.39275251703407493,0.4984627045132769,0.5879277249011743,0.6446905035278085,0.8348650595380178,0.5886856442760828,0.4190203503784327,0.9833384213131096,1
0.8677535514551801,0.5885514263524569,0.32336616094011333,0.733987830705311,0.8199735585503609,0.727661231737796,0.6937081237046153,0.1183001128717021,0.7554034500299567,0.9439515672123929,3
0.9128333877972161,0.4553537139025934,0.7320081081268368,0.021930625009508646,0.6320809690498101,0.6899886934659227,0.32988411656461303,0.05165079563901284,0.9509672094246018,0.9936025902759447,3
0.052312150671601304,1.0017534717292214,0.5653115107374516,-0.04389190268467985,0.8348918150749762,0.9042948490865421,0.3087319523502431,0.5016917115742615,0.22478783823982867,1.119397932816617,0
0.34865536195503904,0.854924084671356,1.0046790446272622,0.5714867656444379,0.042409898351207544,0.2522649508672046,0.24938695763487204,0.7928971238991827,0.10499140347549164,0.29473367635817926,2
0.4519757795654503,0.07331041952012934,0.0497338317754354,0.862920807024781,0.5856112850791061,0.7243983936089542,0.889772501990483,0.9480489310463409,0.37255953094775734,0.9158632365123889,1
0.9271391386900474,0.08903801829814016,0.40683536801641296,0.1166370245244881,-0.02776652734686707,-0.01880120457731678,0.5641334638140991,0.7865851821345952,-0.05009636380974679,0.5446258784820269,1
0.49108297609626983,0.6426877934082911,0.3247672217928683,0.5921435570742285,0.03870541618220995,0.9381540518923626,0.06823471709005288,0.17623479713540402,0.2337996547013244,0.770510274448837,3
0.807234890057755,0.6636049658807535,0.3916903052228575,0.9675356308337444,0.2813989145183789,0.549275331970835,0.9840516680295526,0.2748460042483869,1.24322871454729,0.385573254013184,2
0.1671048690877059,0.527220181681487,0.48418505340487866,0.11352167154496745,0.9317335073074118,0.7771380856725099,0.5528559478196222,0.5502403409666679,0.37347677809472724,0.0719000831044756,3
0.11130501393419992,-0.0025372972869208005,0.2830142580422688,0.7526008434036752,0.4504139776656535,0.8437957621341049,0.7044750022688777,0.22549761220406286,0.7562313532783431,0.5828573368632264,0
0.3838246056686071,0.010879646935317455,0.06998200667284354,0.8717153950062027,0.0735340569452575,0.36357061417697867,0.6339777183075106,0.7121794985277186,0.3826575135863035,0.33653784370549233,0
1.0476215169887007,0.07374996003175253,0.3643723545381489,0.12863947017397712,0.027698622964780525,0.01550155306796629,0.5580445686776978,0.8035991918047828,0.04277439712844791,0.4419769596677786,1
0.1486525733997335,0.5157946085661849,0.3648011463642905,0.16806932152433557,0.8610068525845581,0.7923045439550721,0.5132207814861125,0.5567612289485225,0.3971126790919237,0.15847370926815357,3
0.7045559890030579,0.5696108930993706,0.008962753716619865,0.9222117515584484,0.024550221842548625,0.48717115657449195,0.8394294259449702,0.2982274057924619,0.764955949639159,0.11494510511618508,2
0.23537686638883268,0.4359948864570764,0.19160888153345745,0.9684346552094633,0.17906909693180814,0.6756609446401148,0.541067333961252,0.4870015877299332,0.09147079248041334,0.9545074375920947,0
0.8458824794051191,0.5988580491894888,0.30493037423638314,0.7437764880080961,0.8045327285798429,0.7680937628463583,0.7179990822865305,0.15237299264356832,0.7824962601246976,0.9026158780111296,3
0.7824239816316891,0.6562621039211518,0.6453110061570818,0.31858126466005676,0.03537536240888761,0.8038682920484488,0.9160124769915721,0.578140334984173,0.34907546671979295,0.7057155610479405,1
0.8800868144676864,0.7601666408176513,0.0406526163682281,0.7143473826687889,0.35934594640868944,1.022339588348961,0.7512094561684621,0.10161154477775766,0.7970989069057074,0.39997597834212023,1
0.5488086352109846,0.2653424105512798,0.18776273849594605,0.36763685812059543,0.22984895271047973,0.2229651414260052,0.38797726428527457,0.2318966369398421,0.816901068845496,0.9654297427200491,2
0.13151484536162156,0.24957754227875162,0.45220756398788936,0.6548847835011272,0.571240343321464,0.8290994449790017,0.9563833784833593,0.48496250565565097,0.6982354154573169,0.4383003200041232,1
0.09128687326182285,0.863869774294066,0.38670901823688464,0.4546364740039766,0.5135141527399554,0.7323792479465147,0.9537665244446546,0.5878633886259864,0.45789076684822977,0.948825816705713,1
0.619605227664585,0.29656522634848387,0.2012108539773927,0.907836144968529,0.15068118584006102,0.4415719299120253,0.49021694271149274,0.6661605086690762,0.6806968505110628,0.1325491425320111,2
0.034784665237929224,0.7615959831687527,-0.07180677752135076,0.20469188644781205,0.4964398901134509,0.8886866611618932,0.7089332873001377,0.006573937503624949,0.6311101675299091,0.685664246764285,2
0.14280865037100532,0.8824714626519138,-0.32173194600036104,0.6606455384288634,-0.1036354230290818,1.3142017213127668,0.9347282764491593,0.23968023387296952,-0.28900442641698487,-0.0403161478390458,3
0.5375234897092539,0.4056407825296741,0.9098184323365243,0.7348285958554078,0.4669152499897122,0.8400193979204225,0.46717863643051716,0.32808432935119924,0.6624934567003837,0.24954825640426728,1
0.5131255878649551,-0.10476662638984707,0.2153452491786122,0.6542610763750645,0.6913137494300886,0.6666138220905417,1.0690816736207673,0.927941036801422,0.3011149475995457,1.0978827188608231,1
1.226013454543694,1.5372738316809507,0.6431674155250453,-0.23463507923661198,0.40175697727652715,1.2401990240320515,-0.4084530277859526,0.6292685240010322,0.6156699062631792,0.8293144234500516,3
0.43419471611871713,0.18366620052242605,0.11870686452290631,0.8378628447053393,0.4885644355665682,0.6509710777069225,0.8850998874608397,1.0408063788673219,0.44664786255625333,0.8446814477545649,1
0.9144651212808769,0.5222291900532201,0.7011696162959141,0.2323629809137216,0.14368839498350872,0.741640222540879,0.9716865563793471,0.6712590738636878,0.351344561700596,0.7839533966499724,1
0.6481876522975761,-0.11164529042739396,0.15238472787778795,0.2089888055540235,0.6915660972136155,0.2293552836670066,-0.20345236164526886,0.1248290504228115,0.8816841832725086,0.5846263476586969,2
0.020123373080419626,0.24564559577711778,0.6935804800390787,0.012174861198606012,0.03408256021349905,0.2810325074700044,0.1213439028536807,0.8545040435418683,0.4585176011396848,0.3060100294909711,1
0.7598410018282066,0.8234677162610033,0.13285363975802986,0.8335867288660492,0.7566589048049955,0.9827228568580632,0.6829501389355167,0.5623356326830312,0.0771959715154694,0.32624392292889626,1
0.6155002583783533,0.7916693273345777,0.41654405882971424,0.5953535115503648,0.7227673319149064,0.24890477385546453,0.11443415828244216,0.11078990206040681,0.61446285032184,0.9117080024929183,1
0.867373260169674,0.5168018543001995,0.31158747670921144,0.6912858745350743,0.818474441195432,0.7706749799280469,0.7009746218458075,0.10584729094389941,0.7713197488370662,0.9088830048153553,3
0.7670971868652302,0.4038832469305564,0.8666868581538529,0.7248621723773453,0.5180451503000973,0.596505244345979,0.06851374338892603,0.691958534803927,0.8583545654173951,0.4072989284465776,3
0.05770089172808235,-0.11279250946175487,-0.0013564108670038877,-0.0904482947093189,0.8813205316458813,0.26584593525565325,0.46324231000935645,0.34343008920708235,0.13730967280216333,0.3257342184859576,2
0.6341489146061842,0.6531686473621523,0.7056232152198931,0.5513260617826578,0.004152238797629937,0.9070380804896082,1.0108412050059292,0.6964704939109887,0.6782146434690879,0.5571486011730957,1
0.8580932508581236,0.5517897849478341,0.764575546688512,0.28012619776502923,0.1309596025725103,0.7600972738239372,0.9605450712931997,0.7083895555230976,0.39029204740838075,0.7407307958188141,1
0.6126869297004468,0.924191194564057,0.02095379614631935,0.08102112093147054,0.37286947532316783,0.3385262531749684,0.12267344211992956,0.4763771912752979,0.1295762633952711,0.934356350077014,1
0.531368480599166,0.8474639918705367,0.323836138177977,0.5410319462009092,0.8129035073809993,0.18657097437013614,0.011962081040596895,0.21049619070061165,0.5457330602798329,0.905614445403415,1
-0.04253869871386909,0.6132551975825029,0.4712561162294644,0.7612313114047894,0.5533075502796216,0.6370391467359552,0.4588346430999479,0.8452076762034714,0.48712338185233695,0.05379691364122806,0
0.23391077016966638,0.47486665319685206,0.928245121091056,0.6421824019690878,0.3951207806926301,0.6832136147268522,0.13171635457203337,0.7101852087675982,0.9388361539728407,0.4290791621287684,1
0.23210441528300862,0.6690121489223524,0.36295380820745,0.6928601492366634,0.37241435747302404,0.5793948342199204,0.4368970298076923,-0.0914586341787339,1.0824561998824926,0.1290130031618872,2
0.8632428034150365,0.6649579721217609,0.044446861360577544,0.7429496911848331,0.4804391081343322,0.9111377904640277,0.8152409044585427,0.2528193067174256,0.8386281276095678,0.3288504955319388,1
0.5837432282989683,0.8587107131565326,0.15717520870812002,0.04748734918445841,0.7830923343832517,0.0853076572571474,0.2406474122848576,0.4305148601297803,0.6398201483115897,-0.06563037798173325,2
0.8113538483604542,0.5635389545513962,0.29085550969622176,0.06790433123151063,0.37760954431170196,0.28731981002079476,0.43780279975696157,0.6863306339082255,0.48671501842346654,0.3631597109593688,1
0.9027039654050841,0.02091594910229741,0.11341803043130678,0.13818815698051645,0.9268845934030117,0.23897228962456912,0.6663931698453667,0.4459802403157072,0.42477098599320484,0.3922518492905007,1
0.3813912284921924,0.09463608899029871,0.13520049076872737,0.8479867633589938,0.6638302802280452,0.7775355273918548,0.9927103742133596,0.9450056388834451,0.30979540904016295,0.8253627809277212,1
0.061782854845095186,0.16986268666626408,0.3364108214910561,0.7110821793828894,0.4682381897101003,0.8309901606212275,0.8485118330946646,0.3577189774143911,0.6701140179044598,0.4844396745472672,1
0.8775080789331156,0.30214623546983976,0.485846967967118,-0.29694281560403774,0.9891265644925467,0.22583354580453088,-0.1792239085617528,0.19228392432923033,0.0022349149419014225,0.23641242765952372,2
0.04204067525774447,0.1172030898491405,0.33589409265502485,0.6751522426164401,0.5014846530197563,0.565130556536588,0.6131334975224307,0.39374218330083377,0.9181312425711627,0.8154039135550432,0
0.9348430589654049,0.10774101651165868,0.10079987991715894,0.4784627242393579,0.33299254709730963,0.3564792239640979,0.12315537513080865,0.4986438406927373,-0.3618630131473758,0.42192412537148893,3
0.6002167880661557,0.8287311526129159,0.2667936663414444,0.5986184970659523,0.7549140951179297,0.24991131173652847,-0.04081526852753929,0.11916820234354387,0.5175504429449691,1.013568848616278,1
0.8240128334062791,0.6620994362908014,0.858133678751042,0.6406002510708473,0.8306518474790119,0.6066034177432731,0.7728888056299148,0.013304659975000466,0.0764587106615215,0.3883980447835288,3
0.9532032166031819,0.18319025709884507,0.6731639357416896,0.4628679089545426,0.3656664871769863,0.35695227775931593,0.18870537207061652,0.3080189639007282,0.5308010821684682,0.780583037984684,2
0.39450311442904956,0.3952883621843842,0.12941592094240364,0.45504672394977047,-0.062458832120338204,0.08368246497091036,0.7371796854021968,0.7029918127825591,1.1121843702457415,0.09748746336854189,2
0.061350474830389724,0.8387742841939234,0.3921397403348767,0.4692551830038109,0.5278664075046177,0.7316113553410696,0.9673847833108424,0.5573752628112557,0.47457435113138746,0.9088438920067565,1
0.35856422133973387,0.3978660533787506,0.34630615233769885,0.6826870278998258,0.1798544579844912,0.38813489418792707,0.5172007434031846,0.08855357108505497,0.9437660725422211,0.1901242290707013,2
1.1169992363889452,0.9170863323484271,0.25428725676246106,0.2941986897260327,-0.862052306697071,0.7797931722609749,0.4490091635180409,1.5320281048713662,0.40585889234730627,0.11497794836750552,1
0.9099465546145251,0.7295401059418564,0.19021027418005998,0.7328002491056392,0.4364408391903618,0.9114451029955478,0.7014350187632391,0.2083144787349962,0.776094841628922,0.35802031871544976,1
0.517678640964479,0.4399977825989225,0.8923285015206819,0.6930118301725624,0.49575516210823667,0.8123292798501149,0.4720598782198838,0.35593240520046593,0.6861006603014611,0.21762881896639258,1
0.8266756819867553,0.5751051024231137,0.5926251870091548,0.7899474148765128,0.10335496623754656,0.24504033311749096,0.6284222009171141,0.3400699290751864,0.8723271726872758,0.029908115800483054,2
0.6012543273201748,0.9100376380046157,0.0012615155406398059,0.0681456090858563,0.3866781451875626,0.3266124587612198,0.13250676956974725,0.4776076255269725,0.13336210224599782,0.930040125622161,1
0.8220774235634812,0.4742434225155272,0.7946972006833231,0.3706788203794197,0.5775150861060316,0.6684484202717395,0.7801324284230434,0.2972362112016333,0.03835621689567145,0.44740878748848234,2
0.366284775894417,0.8695815743045727,0.16493670480991351,0.12087938556356896,0.5745627623318554,0.07013993387424503,0.13722804303272537,0.4496852568546702,0.8030854335830828,-0.1027296177657034,2
0.5840814124021477,0.8720367750509335,0.1637212127516671,0.10938942751699446,0.7780035610414976,0.05558952626039168,0.2570197706235059,0.3723001346826115,0.583662606569939,0.008092351988798296,2
0.01815919725984332,0.12809388387478085,0.7421077696778721,0.3009463958328811,0.03517897907899817,0.24847177087998268,0.6302286026502694,0.36899384303896987,0.3029900956327418,0.45105187367717325,1
0.5206938545778819,0.9839295005048712,0.3449622609818628,0.6416798899099129,0.7977476610383348,0.33897514652893146,0.09825308751854503,0.1622243974962449,0.455293987202558,0.9361166940519248,1
0.38042378941428356,0.7982166755286391,0.1480335585193036,0.5041407060380909,0.7469039890380059,0.6906491044551825,1.0240429745473212,0.31544209630997694,0.7596087309123916,0.7147312437732797,2
0.905758780875973,-0.13352938894296623,0.12132067435163899,-0.2989416309279692,0.8825062094596244,0.05117933216961699,1.1522137705164435,0.9722061946279483,0.5996944481879898,0.8207560102730102,1
0.3726821651572723,0.16117330977858468,0.27913911770651756,0.9515722147192716,0.5412566476791358,0.6740679930061152,0.8145179141686424,0.9430579074047549,0.2514509221199645,0.9911377589499433,1
0.11915688713044653,0.3688812321494738,0.25099116542888616,0.11284991034065715,0.4741347490000593,0.32069309575684396,0.12064537869365621,0.328031509646651,0.9511734736511671,0.7225275385535669,2
0.6459763168247344,0.7499704820411497,0.4585673229224471,0.5238438250240537,0.13210378463567374,0.9770609686287599,0.13233017061406746,0.32501881129113613,0.16636307091440272,0.6548057898131833,3
0.2687493580121101,0.6742523145491164,0.9056766537895974,0.08536267735108853,0.611932859248299,0.3991948273292964,0.4224711809199462,0.8358465935169456,0.272936829338864,0.962842204555733,0
0.10723670874114846,0.8275333505656164,0.46020821104590215,0.3932992031928419,0.5208180993249076,0.7930655182110439,0.9978409026908377,0.5607478876567481,0.512512297053598,0.9280083517738082,1
0.974925314939122,0.10662088021870289,0.6015517721247906,0.5004250447750174,0.42583172332574404,0.16148861675007584,0.17225464553176006,0.27196165499098446,0.5399838977134128,0.48666124942335554,2
0.36474738516797556,0.43332945552482083,0.36606278102424666,0.9930799000224583,0.12292104400612733,0.40627027572919133,0.7230042584007321,0.6850444969405585,0.6999517966525318,-0.014081404440960288,2
0.051878513555638855,0.13892552185840698,0.737502397299753,0.3419461558477699,0.08340893928326332,0.27334848032106157,0.6181389362711524,0.4165840806286719,0.3321703541601582,0.3997475984783559,1
0.4923174751346676,0.04795811550587824,0.12523907155780756,0.9023101541970878,0.5274941791647502,0.7069389269490024,0.8983239322857023,0.9960850968435744,0.3395540004535738,0.8705067259094719,1
0.4026913241816684,0.7314491476456789,0.3371039873052231,0.36434862655247974,0.16008946190180276,0.95282024154757,0.335018692204168,0.1619057481376017,0.290483219203825,0.7476653096387679,3
0.652863522093422,0.16048964935834642,-0.1211480326609376,0.9386400420582435,1.0300522608843874,0.7162757207569483,0.560222852817032,0.8311021645385072,0.7244341002019017,0.5917039168622069,1
0.613712593874947,0.902606615272744,0.014344464293853856,0.06681392358496198,0.3873717852984323,0.32782036218746585,0.13998867770570686,0.4928207655625144,0.13844027166849274,0.9277817419870328,1
0.22103947674499447,0.48821467009418407,0.6079246771960102,-0.09113927731690272,0.7841862407864197,0.8257221147299313,0.517460658146142,0.41432573375365345,0.2397445527248622,-0.03554137122684735,3
0.5459310724742378,0.8259173826399758,0.37713111328930127,0.60176433481542,0.9032099867055301,0.17766469962969905,-0.056378343872444156,0.2675456612440635,0.4408597750006934,0.8528039594692716,1
0.5299304303486903,0.4914018974896384,0.9948903564331966,0.5334955787542515,0.5440223501258512,0.9070966366834164,0.16777924796396038,0.8873618906386516,0.7987308797179485,0.6462724481398046,1
0.5346368813727636,0.8143960810040051,0.13868172932936726,0.039393207298191096,0.790778418170172,0.11380747437846958,0.2521344965890575,0.3949446609145338,0.5675429752064541,0.07231700602589425,2
0.00016650230645526287,0.7026536186074208,0.3462684477991994,0.09717115429797367,0.9478260071256035,0.876547276936131,0.5939515348824281,0.6338620992841815,0.27119770639832125,-0.0669677164792388,3
0.07230670145842197,0.12934669696256923,0.764459687845732,0.38714369110932606,0.0060567472153251825,0.2520542125281704,0.5895952614104063,0.411798138291653,0.24765911146920633,0.46592413742013816,1
0.1987073119739867,0.1561895294234803,0.6381854367469908,0.9028361890547938,0.6417358705007624,0.6550497362862425,0.9661354320407867,0.5028509093965361,0.5394183909442313,0.6998775846916392,1
0.5922499573521011,0.2894323307527383,0.2444067692738368,0.9547078480229401,0.20052987786603801,0.4011495347846303,0.4534922988303753,0.6349667513478812,0.6531518843644666,0.1782940090341531,2
1.3010539521415398,0.8657616159501602,0.395942033806208,0.7896338753331346,0.18012211157197516,1.1472097922743196,0.6000319946052189,0.3792988620717516,0.995132675849767,0.5879323466525742,1
0.5982376308978895,0.6821381539481665,0.7537823628107302,0.4191747239471005,0.5960172375709241,0.6469972785241378,0.8516752597338877,0.03357904246729625,0.20000547658795848,0.3173499016775678,3
0.4716332758863,0.05758061372947976,0.3094483482868109,0.5743390637397563,0.5635592550955374,1.1553935588975213,-0.15197288972860779,0.5576545037565296,0.5932513497430284,0.3836678281409847,0
0.28846122874524166,0.37670528081360477,0.983834944520536,0.644492367572384,0.37432661101857395,0.7001673558711273,0.13874553728267164,0.6839272368330293,0.9533079597055126,0.4565353448380629,1
0.20549734240409112,0.7190212919473041,0.7917629120373785,0.22257486735280343,0.7461365324218082,0.3981385960721917,0.16505307800138752,1.109446092545143,0.42153163379301506,0.9446365998938603,0
0.02752550346008671,0.23235574558952513,0.7000143510802245,0.01527823517901063,0.04683822355790285,0.2778402016512597,0.13311837676671043,0.870628556626491,0.46545028082875467,0.29549521465674533,1
0.5856868274685105,0.2530984299675923,0.13415328760616585,0.2646121157669652,0.6892796883833264,-0.07944806371475359,0.6919103342104682,0.8641654296455669,0.546517301254384,0.6408668716116458,1
0.16144366291849682,0.4445278411740598,1.0422386288192973,0.7542146195401327,0.27397755914097366,0.8746853192188188,0.10199044297917174,0.5925291170090123,1.050602810144182,0.5699110114384298,1
0.8667102561551271,0.16381242858299758,0.5434857077714738,0.4056379724655713,0.256117833551147,0.2981599039897861,0.2085130107084615,0.2523354697939376,0.2332590049853662,0.5563863258251104,2
0.6178720326959632,0.8860984727798348,-0.03344483365252153,0.08911636854452065,0.43771534854478455,0.3244670861934147,0.12718126557315157,0.48013301823091903,0.21073540947959554,0.8726396766656148,1
0.6782946631060263,0.5941135804295888,0.0287531241788418,0.7648624769084331,0.20959714676930175,0.3721555817351814,0.1960047880976414,0.9306805854650888,-0.2164702340419556,0.6319365223617961,0
0.15381743219230476,0.37543598001115497,0.19543418109596736,0.115896476075814,0.4580969621011759,0.27807446175621764,0.10864618772273976,0.2976840174918226,0.9685098940132867,0.6969177685277481,2
0.343186618547572,-0.24235651951409087,0.3901200815849584,0.996984540310143,0.05864339374284064,-0.038817570635390874,0.37747920031369697,0.12449945517081173,0.5166956525837874,0.6403777647667732,2
0.031539148906557166,0.2351773500355867,0.6989503318133063,0.01726723968453054,0.04378504661280048,0.28011375159319835,0.1287421741604346,0.8686068096283961,0.4638281635315322,0.2967208650018827,1
1.0209739658828894,0.20861744459598214,0.3442578332570296,0.20414208818393503,0.10538518138436567,0.044126140404681505,0.5548613787854361,0.7770109728187696,-0.04407934417214481,0.6307284450884899,1
0.033249293538210115,0.2429832460994502,0.7041021232441846,0.013651070515401606,0.03767987350249583,0.2740966671220389,0.1354567584219808,0.8691790935019028,0.46545957741886634,0.3012032464641019,1
0.6034411790789201,0.13265195039889818,0.18701476840257675,0.1866070275958772,0.6755152697358026,0.13312768724798482,0.5212849058646066,0.7059137791907386,0.6535551340304233,0.6507884207015626,1
0.060057676458585806,0.8596018529107291,0.3947972035786757,0.4528544996468765,0.5071673458048511,0.712637497067617,0.9516113066080347,0.5546752389073897,0.4810242105577073,0.945813219538813,1
0.06513268401899497,0.8748282068310379,0.2574350276030344,0.4451571838029781,0.8262666905378241,0.4842267028312349,0.7998720980741051,0.559279834226744,0.5816538644714984,0.18180318900494602,3
0.09995030856960893,0.7384102274715575,0.24032723154816277,0.4581373248798023,0.8543137355644856,0.5835391727023478,0.8820033302894648,0.6981616583171255,0.6493095697366909,0.11921928194199957,3
0.3589518834204964,0.7209674696470695,0.7233140087761604,0.46026213521438303,0.10186523440981943,0.7620584307530712,0.1777497753071468,0.454739686120802,0.5616497589747783,0.32465304312892695,0
0.042175753681953705,1.001407926759531,0.3794214535224782,0.45129688878067736,0.3539606201873089,0.6691366478579579,0.8548611999390684,0.5456529073310182,0.4377972525319955,1.0423682591302197,1
-0.1709826694979596,0.31059222732094116,0.2825097707359832,0.6877942853447289,0.43009905985561586,0.7678914314365843,0.5683320568861979,0.23669046095318363,0.9988986669999962,0.9798903861465055,0
0.10693139895822998,0.3402263516320817,0.5980075519817867,1.054661636564094,0.17312828842836686,0.1732497344297355,0.3554690725814254,0.39294609456693036,0.724175662744959,0.7551279375388568,0
0.7899180845370907,0.465991585561163,0.2949495621032002,0.024794389415476223,1.1294569738296871,0.43337815932924556,0.7197541047251343,0.1356215875215894,0.11748145986146352,0.1527429039356758,2
0.6009676651850944,0.8480676037619309,0.3473705544598127,0.26079493783663665,0.82364960470093,0.4957870038523056,0.20065449133350977,0.370692821558932,-0.04836198971293043,0.24573281483138723,2
1.3367100797947555,0.9846309839670756,1.0663164070396274,0.6710737737059984,0.5770036142801986,0.6326382431802912,1.088945255947123,0.5551764971680222,0.17660128370220637,0.5050355376772732,1
0.09401174774292162,0.18717535339221236,0.7596844433575743,0.2469677199979016,0.033861372194817656,0.27545855619390497,0.6005072595800061,0.47269628183217477,0.3476770595521367,0.345809945716263,1
0.23224497358859286,0.374722959315125,0.25584269758863276,0.7229980747374563,0.2921151241037777,0.2679135684504823,0.5586487509675401,0.030394299009323403,0.9781177350706125,0.17084710070686848,2
0.8832279106502399,0.7464219207391183,0.2659929217185999,0.6389451716886871,0.451070967375611,1.4495436022712864,0.8506306630723293,0.1934992820623901,-0.4174268316895544,0.7702267256134887,3
0.8556537981250159,0.14955121396982568,0.7110918803180056,0.8651787824245843,0.5235940194694071,0.4147689602907776,0.5564954385176629,0.2888025556282429,0.08379521123994436,0.5305338038983499,2
0.7922512937514476,0.8144070685121404,0.2301375781110233,0.291872939208924,0.8399877535768764,0.35133006802052497,0.15503287101958205,0.5584417180399802,0.026203940713132347,0.28681249078039683,2
0.04856575411411188,0.298420300251487,0.4487958825959159,0.6120824897816968,0.42689068470723596,0.916950228271181,0.9563397700880435,0.2354167011336118,0.6693845306865683,0.4596843894538684,1
0.14093223861993712,1.126697171415063,0.2823250584500424,0.4799014887336235,0.7692913579771617,0.7992797841423267,0.9952864930624298,0.11180014060965089,0.6910370403813618,0.5026107853057017,2
0.5273935209792081,0.8381291074516185,0.32473316149527126,0.5046907440249981,0.789155955561756,0.1696141978306945,0.03816776968413757,0.2117961687161936,0.5477001986264924,0.9120875286450482,1
0.4863704025183976,0.9824352406203427,0.9270290124392991,0.13792117544292762,0.7800878366305828,0.4221170179049853,0.8192832295761163,0.9067369351652386,0.41092463407547286,0.6627546849862517,1
0.8220394732736611,0.5873217766342115,0.3164016230749748,0.7281671210878219,0.8626817507063359,0.832674135023578,0.5648556038590401,0.07119178347400179,0.7923055757716859,0.904655693887538,3
0.6098035316817644,0.7763851466055331,0.8360200613350754,0.4893784375968132,0.707618973749123,0.7306558464473872,0.9105350455782183,0.15319799368126133,0.14436243695238182,0.32023622601198654,3
0.47819117965004854,0.7869589330424822,0.2928586021060642,0.5003190833013044,0.8222258057715749,0.17287993139110885,0.05838999621970356,0.2504172441002189,0.5462873793160168,0.9005980572892502,1
0.5412934768266576,0.09804074286639086,0.21336513999771178,0.9526694885276101,0.6094110689386544,0.6353218117425296,0.8759028861047813,0.9208677948418307,0.42548944606754324,0.9011075373133293,1
0.4889904832442911,0.06464530691932371,0.1389717949132129,0.8867480937508065,0.5375858812215277,0.7124632708061717,0.8830734016722519,0.9874979771345818,0.34284754240606186,0.8820443860902368,1
0.3157720666139452,0.39105358040165333,1.018559163263057,0.668773550604191,0.32702152874250934,0.703431825957957,0.18878992263282698,0.6557257631267491,0.916355300244846,0.44979146407200576,1
1.107805645679721,0.25885346450860114,0.8654159309002973,0.12003534107375582,0.1229967275082618,1.0262823441396125,0.60401065823828,0.3178662046324629,0.4884139353967095,0.6929183011288527,1
0.5212805641937317,0.8459151614959896,0.031373233996102944,-0.0729650941227056,0.37244128096924217,0.29731696627499116,0.19243362242643128,0.4492898974248147,0.03272836992208722,0.99625362462842,1
0.16444500314181776,0.5259985782005593,0.35093497303666277,0.8550007371798735,0.12007433731486009,0.7467896803093439,0.44943879102720663,0.3570957507760155,0.22899976401135938,0.8191018653082787,0
0.9111971938110125,0.843644563363751,-0.005805284474232994,0.8075285786953936,0.8501237033302551,0.8158747329800028,0.4635651292832777,0.6149058548530499,0.13813451466735743,0.26310873000111007,1
0.16489457899921062,0.5547464893275282,0.5984611718496429,0.056844505868651134,1.021165379911157,0.5927788311429993,0.6283705675146148,0.40254073090202036,0.3453347041546762,0.1107559224789321,3
0.17350543115034803,0.22051317722361055,0.515795909272742,0.5145959660700805,0.44637669920795686,0.23217433107998323,0.20238343835467776,0.07124560939447591,0.7681350698610241,-0.022727926283593908,2
0.29247820937989183,0.01419877638186623,0.23715203880524352,0.6192522801322249,0.643840931124858,0.6756677779329175,0.7892291636837842,0.3345170849498502,0.8755521630087849,0.6558053025941775,0
0.5186742288241224,0.23944546868862088,0.2799613136483434,0.028767686809280324,0.7460507773935604,0.05100107026784975,0.8444969238473778,0.47565307302126136,0.33975332750066967,0.8079426778925236,1
0.030824780451484728,0.13439970861157555,0.7709558294936915,0.2829263630556997,0.014511901579774132,0.27312634344642445,0.6362299562219973,0.40078389907391127,0.33615523801247144,0.49675213536685375,1
0.577252528015509,0.35208845964370944,0.3705611591796488,0.6989214681672251,0.2129740651786331,0.24396872040582956,-0.10098084026852597,0.2323882351701049,0.33845464599712854,0.2754076868068961,2
0.9526034573309194,0.6354232419567578,0.49418108418080825,0.9536851196078467,0.22644530853512548,0.6389857880229584,0.650148445694553,0.6775310032228526,0.7985593689814404,0.19154447718707346,2
1.3971156083635732,0.7671519100877778,0.8250704927896435,0.5742465350765049,0.20637172543611668,0.4163897781233366,1.396983151288675,0.8679111476494918,0.09714096641146397,0.5946650762188659,1
0.022514735168331974,0.32579946292549467,0.4077306320721174,0.7172992773907351,0.47544213110617034,0.8154102778288165,0.8570379010915428,0.49813270779427365,0.8132630155178963,0.5625140884223135,1
0.052156129051565074,0.18912219448467543,0.7478317111135601,0.37644576457312817,0.04262096541518503,0.25846487576027377,0.6104678657320177,0.3524475206872125,0.3359186183935443,0.5199984978992551,1
0.05209066790864808,1.054521328027003,0.8952665707740166,0.20413696127748676,0.6008364873262863,0.6926255906225327,0.06368397855381469,1.0831117935260712,0.8116371424961439,0.22915537087838767,0
0.38288872476932756,0.14353647113885498,0.18696786620812936,1.0239839683681962,-0.24424439106980883,0.7857174236626037,0.8849609825593743,0.015503847921690517,0.7814391158643774,-0.09823993992141117,2
0.07858362581858047,1.0877720108072473,0.2342873998483233,0.2371477175948031,0.6605949823020284,0.660344540309354,1.0353820247317773,0.23039898224800154,0.6628280294006924,0.6917795220960862,2
0.09000238031019561,0.05516287473018124,0.8365993210328315,0.3021899170010977,0.06807365020407755,0.25890453874991454,0.5664084698346983,0.4340656742716483,0.31462705870495716,0.5205610610199548,1
0.48758796125737136,-0.407769052735608,0.4325011375342212,0.1142257891411449,0.28171181432745146,0.3669635477634695,0.4681019156193677,0.8477448777651994,0.245110959448411,-0.07107887679043956,2
0.5124533497663868,0.6447957808057911,0.6975256314935928,0.03391127495819385,0.7319105384824767,0.445681670423895,0.7755204237933897,0.7522111317721828,0.6160800592476554,0.7809303194879214,1
0.6453026426676979,0.6638409758397691,0.760451285914253,0.45251901801593036,0.612643793083718,0.66531255417752,0.8695417797358632,0.0382337546242222,0.15432176009511245,0.3559747124278785,3
0.925881798238593,0.42886009906485956,0.06295003417309092,0.07199351724059713,0.8695100455358258,-0.2315429363082797,0.3339374754234789,0.9670499912150528,0.8275118788411191,0.5845612584389576,1
0.7107096732095066,0.72151440562961,0.742918965166533,0.16604526948670112,0.06765675000836684,0.7312804193582221,1.0715225943326752,0.5647014565653097,0.3248431828521788,0.8522133928718304,1
0.32458736031311936,0.8681245363813156,0.9808937881134422,0.5936863733513263,0.052329281695077265,0.23439914287062957,0.2270642750179705,0.7789592729923743,0.08884198339951371,0.28706279664254636,2
0.06971910025995619,0.06932597771116716,0.7404954121509261,0.27931932126198594,0.11058360789868157,0.317847501287443,0.6851466751896255,0.4593097448159165,0.36357351120003545,0.5069914297977273,1
0.005928072754627367,0.7621156796559766,0.31742100353087604,0.4945717276428582,0.8447346842798201,0.6147564360218369,0.9478237419368926,0.6148369051405227,0.6421402694243388,0.11947782175613467,3
0.3829608581055961,0.6552384031873284,0.8099185150927731,0.09004612789875087,0.5408649116670422,0.4366847041394475,0.3545962266453435,0.8244447904204125,0.27985805670703623,0.85934675952293,0
0.32664378247379494,1.1275414513775932,-0.19104411289005052,0.3167735163213251,0.6282997478213647,0.6425308386428866,1.0749869528189717,0.2607043640792429,0.5274734380778866,0.9895200998471623,2
1.0410482207816298,0.39436893508750825,0.9544615870979135,0.013786446269807073,0.4753728080196674,0.8397750177280818,0.9347872104984271,0.7171751913272779,0.16012001356520503,0.11211224627571606,2
0.7261193116918445,0.5784752149369327,0.11122406465957174,0.8212724041454753,0.47794795339449425,1.0381398698603648,0.6301000067469905,0.2729954945716484,0.7550034011178357,0.3317084466577596,1
-0.048527361201439606,0.6510551479989496,0.7159036599623471,0.29336815520260395,0.6807266625357251,1.074442720449026,1.139689132364147,0.83481752282951,0.3402262188340959,1.1919311974580218,1
0.5990575056083155,0.8336196633850969,0.25935097043673494,0.2699444166529474,0.8329234093871838,0.3717000429645163,0.1784751428753978,0.431057780720616,0.03403503611605361,0.3403466932173012,2
0.424097726523322,0.6913612455953961,0.4051399683585544,0.3177209448547535,0.1384306424044878,0.9328236075301093,0.47064217088343957,0.15765368603152513,0.06488825437904605,0.7295058897670992,3
0.14502076598571437,0.013085058821030043,0.10189786744454826,0.07496738171758821,0.6771800128751861,0.3022051325169889,0.4244215464974914,0.47851427241101013,0.19831609638093387,0.18867925816204104,2
1.7732526718996118,-0.09723429534305,0.5523450649523687,0.07099583676762038,-0.41471271285859046,0.26417410106149886,0.6941738478039982,0.9821173559913656,-0.18081643349964535,1.1323326380230445,1
0.034723020039777744,0.24159874184443864,0.6961407637650033,0.015172499152458926,0.04785857245342863,0.2798132765088541,0.1280555564374703,0.8672326007624408,0.4579317956664896,0.2934156233985706,1
0.5022290137209895,0.07277482465854207,0.1690824198916812,0.9096121397530751,0.5461471815998796,0.7360602827215341,0.9125925499953988,0.9613864001765055,0.32943892973998723,0.8914971542663236,1
0.8328565276832391,0.8303293988664434,0.15822141809975088,0.8925405396059386,0.7160563277335036,1.0001400669480167,0.5933846803088372,0.5138475812444487,0.043841754555909794,0.24943557076191128,1
0.5746551911350202,0.4481376953509002,0.030870808642229075,0.02650018956455319,0.4080011228963214,-0.1751244212234062,0.5146407286846598,0.9915340889318797,0.7173064166607404,0.3673964332699554,1
0.5939128141556659,0.9137131154228428,0.013934595804427609,0.06763036335241121,0.4027068252306237,0.3313950939685999,0.12549911014919238,0.49438634392015524,0.14035583037081675,0.9255975578298081,1
0.32335610092621264,0.869967831821344,0.9845720125812248,0.5931049173325158,0.050947022131466416,0.23044310449454652,0.2315946489835327,0.7755827804619184,0.09031069290625514,0.29098202919763727,2
0.5906981556620337,0.128600570632111,0.18669003224984643,0.7443175149984198,0.6958837436281313,0.46209899901794593,-0.3415814888082587,0.3679398501499906,0.47872191676026055,0.6300604278960757,2
0.7877293147928468,0.6077641232184587,0.18010031299603005,0.7066996563004947,0.33053987905408067,0.8875935630723254,0.8033651120307673,0.23783555041292542,0.8924718494235175,0.38446561429194825,1
0.7765848536842495,0.406787335910154,0.8563111113521212,0.7124827030652869,0.5068718146655549,0.5970598222412863,0.08790369854747804,0.6933066729770453,0.8600082524862038,0.39917257822610336,3
0.0249883334408448,0.24311438588548429,0.701791514456178,0.01577800828852449,0.03540665415696283,0.2752462245320275,0.13605862545663824,0.8643770616080741,0.4674287582031409,0.2936124240774936,1
0.6521752361324764,0.15533966163616342,0.5884387990374704,0.6699454198055381,0.9047522963895878,0.02214918270959651,0.07922993884412975,0.42822204642415024,0.46894676530320356,0.18826069154405783,2
0.9328269476256786,0.4690900633407447,0.21464377402029164,0.10746191838720051,1.2101220187943542,0.578691859623763,0.18658511864555957,0.7943191128436607,-0.09912935160864272,-0.04408176136935871,2
0.040961203286935394,0.24140835307569483,0.7023273631142509,0.022351015136230244,0.03668358546191669,0.28429280346396285,0.13165643489965922,0.8683076584736878,0.47477675710554784,0.2934671023536571,1
0.08414738221628013,0.41029189956887374,0.6088115811293815,0.7377423345260036,0.27774808240770416,0.5285093761836327,0.4272204065058248,0.806484390263295,0.4214463742004721,0.2505464864748998,0
0.5097153048056458,0.38576071180750937,0.4569465916290507,0.486721223232782,0.4220004092196549,0.5281108839538137,0.8254620428286766,-0.019830863928210762,-0.16517026986738204,0.17011101241758347,2
0.9350763535996375,0.6991504051133397,0.056128966702392924,0.8069035336775562,0.5066674377045757,0.9220473318056411,0.7084900842915348,0.09148430443462119,0.7319625973187582,0.19901527441823608,1
0.40579769541871946,0.41299803041294825,0.18608079498763447,-0.03614884736288704,0.8742153525466737,-0.46175498684908606,0.07262471806044146,0.7443905159056604,0.5187716287762056,0.9194274246353458,1
0.8599379022378904,0.6265974974646376,0.7306150987419314,0.21842103978626595,0.13525796518204017,0.6794081568005248,1.0947166083092268,0.6482298948666448,0.34595098626632614,0.6552812426191246,1
0.16765910906111772,0.6171925674383081,0.16117194254180262,1.049737892747971,0.38862770992375323,0.8194188871218886,0.7431526269617055,0.9123443752426718,0.41979432218933826,0.06849677285116887,0
0.02582285892756571,0.6255270779482145,0.3370092291293911,0.0122036649110552,1.0214680360252502,0.6438371760063127,0.4752187076515259,0.5402844127735997,0.3788331625568783,0.037776368534864796,3
0.3351603686488098,0.6289330068232404,1.029420692755937,0.10509670347091392,0.5207012407087851,0.20304749181868784,0.3496058609854463,0.9294625408088913,0.15864115439872978,1.1547950782135321,0
-0.06639196250790727,0.1613446608062405,0.6455568881088407,0.31842055906732136,0.19595108750516732,0.37204376601068273,0.6820176760283506,0.2806513094779106,0.25577123561296594,0.3640771819832015,1
0.6083720526352804,0.8915628527674733,0.01666356920944292,0.07399246798068855,0.3920271132844132,0.3303099525223147,0.12719864176831197,0.5002050574907951,0.15093718927331803,0.9184817398324371,1
0.11880441218868683,0.4882390880892952,0.48340680871297936,0.7478019297235964,0.01902604977132788,0.5932840634758073,0.7318618196330385,0.09235637655482964,0.32309358370381414,0.7049806618032861,0
0.9435022599158722,0.5320616313829972,0.27402341389767176,0.8560356905291149,0.33113187037964514,0.7181395931534982,0.8492433152201089,0.46309407080116743,0.9546329975865809,0.28449019370920814,2
0.17489194689178988,0.30518737715411126,0.2119134921752563,0.694880143708251,0.6189631175457703,0.7967614815001868,0.9935912380535016,0.22435780443621808,0.7140349990019088,0.5802670105829459,1
0.012169780441887323,0.7408790286435653,0.44440070038916163,0.5749543867117497,0.4842445084046737,0.6239092541580805,1.028667346752219,0.6020542197109992,0.5606046589791104,0.9575952631867277,1
0.1257406766976642,0.8741337149852757,0.20911917618726278,0.406518740234843,0.8130014233172179,0.5232037915701104,0.9661622914385742,0.610235773882705,0.6695821236366085,0.16268341932545077,3
0.41794429693408186,0.7553185694736821,0.9157670320383878,0.2157977526591066,0.31455584629905814,0.7094783086948151,0.403449348668644,0.7755717074229159,0.5086976398523907,0.5055680837944477,0
0.41877459998029004,0.8728151312324923,-0.1278982226520082,0.469545808548288,0.7065657380342062,0.7386816086029628,0.8104874087436327,0.4160622518145824,0.8403647168255889,0.9438695603596132,2
0.8746933229175184,-0.04339581905082365,0.7364463535531238,0.8388198071842701,0.6122439348754365,0.500359976562606,0.764102514789177,0.5221164490933266,0.07142721547107643,0.4174327073232472,2
0.12634142649554686,0.2566155685016293,0.3730651838321394,0.7906005152698591,0.4897963680810835,0.9176874661448774,0.8720703856445232,0.4090335801268776,0.6052349781225436,0.4108594751036238,1
0.4593101021348267,0.4455552256003382,0.10907289942192255,0.4072751449272259,0.5712232931513663,0.6463216888745131,0.31453683676750777,0.3051525760749534,0.490874182576123,-0.2968058024259105,3
0.6626579260455188,1.0204534238690524,-0.2358997486558053,0.17412491395349167,-0.31893473138759604,0.8177649470140688,0.5761902291402148,0.2931805188310805,1.2162332545357846,0.8664069904831933,3
0.4589500783772127,0.08578879173955856,0.1466179037366732,0.922564880276046,0.5457407805089302,0.6881865753895257,0.9058952477506826,1.0003667595706756,0.37266917968138047,0.8691395321205898,1
0.6276732948726865,0.9015106150696884,-0.0025194121394221773,0.05054499059809208,0.3677583964268462,0.3113928166603938,0.14760956265450606,0.4915096155464482,0.1412938874885716,0.9043888009053059,1
0.2216384003133028,1.0635544425340366,-0.40751146294064755,-0.21260399294713322,0.007359180063572321,0.410754350498597,0.6205761284208201,0.6854826334822035,0.7929439068363885,1.1772139171132088,3
0.15204153262570064,0.3893612758527557,0.30885171781824605,0.8691288653290412,0.2177152280462133,0.5273496473795707,0.5541813270055544,0.9669542270424758,0.32178148745995266,0.04458794427165458,0
0.15456730665159624,0.9306936359814181,0.5109887782940284,0.4524643724393129,0.5021804468993757,0.824750043198201,0.9056844690222835,0.5739785593955669,0.3967644968894659,0.8438608845884273,1
0.021461840781412354,0.23122511259565273,0.7299044744642526,0.03238223224962947,0.034723289569753735,0.29789012211547794,0.11273674452116646,0.8926746524489823,0.4759495604530339,0.32849831424498155,1
1.045972797331654,0.027722258179444,0.4938853896954045,1.050234915404267,0.4071549191292392,0.6744238747123182,0.44591854630274874,0.12573708451669102,0.3434381450221634,0.7121343617132325,2
0.09582189858317783,0.1716781168066197,0.2795477056119873,0.6296127777091832,0.5738973865347733,0.533252875619298,0.5889806288338364,0.33218254360152266,1.006346175329593,0.8175771606851824,0
-0.4088078219851997,-0.660325320442144,0.48936810163854516,0.5158537370796352,0.748465576755348,0.05690468176729291,0.5855866349101788,0.24908792906551053,-0.25958827420152264,0.04299004271962226,2
0.12192417580256765,0.15276406195916942,0.1441493140418658,0.584811188054662,0.49949227890147985,0.43480980165886907,0.4916014853944861,0.45553664157358487,0.8140743724453319,0.7599303547270542,0
0.02543377735504257,0.1355834297986101,0.7794626549246639,0.24554716776342927,0.09784661774200269,0.20451582022837606,0.585764917708276,0.4423230465552147,0.2909678485398761,0.5120841617244332,1
0.16497266943251704,0.554681783893893,0.3896368589328167,0.3970679536348336,0.5279389044103546,0.2783814999937834,0.10160031881436113,1.0177482993839269,0.7968171548704901,-0.17869376614832772,0
0.8854163782887974,0.6064938533274916,0.1971279477398823,0.7543099864427771,0.774037920321672,0.7655107380240015,0.7639184453262791,0.08175919922990456,0.826035403332334,1.024343143795735,3
0.1913567168880813,0.47283466047782013,1.0906713940174675,0.7276575826922481,0.47996275460964316,0.7326328126260513,0.24814803455427314,0.7656065270460579,0.8268342474499637,0.3938158100101593,1
0.5929948763328933,0.878739203071906,-0.0006903996249443762,0.03800015155508601,0.38084823061708517,0.3430906376851054,0.13528366653892035,0.4738271546492806,0.21245734480522827,0.8634021213153616,1
0.062129258495852276,0.7986481866872567,0.33151770142849973,0.5110581640283188,0.9099515525660212,0.6240623094996186,0.8987108294398644,0.5942575432874858,0.6211904302043182,0.06148053879059221,3
0.66012137395992,0.1368572523823291,0.06553402232121722,0.5447140571154373,0.1365003579722681,0.25260103373201503,0.42521606677404805,0.05926540305881603,0.9003719032381846,0.8208571038865544,2
1.3868023451079443,0.44659856126538766,-0.0795719667873333,0.28226869224414386,-0.08845340092589582,-0.4118125938248926,0.416963165504473,0.3768056152674366,0.12131212020516113,0.17038499268926877,1
0.9644601396938237,0.6047977411985246,0.7179137256040333,0.015919627394089836,0.49598872356748014,0.5770410803039865,0.4274118929186172,0.10530444007843133,0.707454852563445,1.059049717101445,3
-0.035586889162373014,0.3483724054809125,-0.07659841823870117,0.2642530057721233,-0.28307907634435087,1.025035246004392,0.6904536851812337,0.3464092693022171,0.8382275550612863,0.8842884438053893,3
0.08672239969854662,0.11785449017999078,0.32219696924133473,0.6522353926076813,0.4137284437447203,0.8646288371390554,0.8761607691514752,0.32842746991872307,0.7513409589399649,0.46661191262353674,1
0.9614831049221773,0.5649938203229377,0.7433755378356288,0.06628354612937104,0.5220700030796542,0.6045208093512792,0.3658666083193553,0.20845251364940748,0.8251567871112595,0.9683052767277123,3
0.295406573422433,0.15435670040771493,0.27096229251914195,0.013946523347720494,0.31163352755712187,0.16014253266753897,0.13161115018641223,0.3137482385132822,0.8394296501533716,0.9048938728185192,2
0.05913746992112811,0.14109790326885027,0.32217824406030515,0.7418296265770171,0.4510281993197131,0.8191062863677862,0.8312875560885608,0.3449876194597314,0.6592224807613668,0.48574997421520405,1
0.8624854409299177,0.5576129626692296,0.2690445904573288,0.7033576753992216,0.7526606063332176,0.7509671994062772,0.6735587258318171,0.091555639951944,0.7586003888196976,0.9105852887620383,3
0.8122322877516222,0.921710992519199,0.3830828131856993,0.6544486957213879,0.5646241190043042,1.0924534816921048,0.6730236688793304,0.16925961666032913,0.6116603033277526,0.12044406699988636,1
0.1969792178932607,0.34109438304495643,1.0533948525284949,0.8888398133440517,0.9849701112451787,0.30385511162501216,0.9816699938030434,0.555340823499379,0.48456882335263674,0.6097161338543471,0
0.51347650865631,0.7591947426242109,0.32392488508781325,0.4965217721302297,0.7428244541035859,0.25016019933867106,0.11320543431083253,0.18114387078689076,0.5607848246670404,0.9031572026204334,1
0.16323955419853436,0.11989363138737552,0.24054935033635622,0.8211939936420092,0.40344888259642403,0.7956169914796696,0.938177193900917,0.2659928401461272,0.656296154670197,0.5436754752240448,1
0.10448709191926506,0.12663609806833442,0.3532256663311367,0.6592049692551526,0.5507935308049801,0.5762857239985558,0.6243462994643539,0.40390246121126805,0.9307395775457589,0.7759107507095887,0
0.3695663939634778,0.7230890441743107,0.7539307817377829,0.4337108735450561,0.16132547381198628,0.43974016680307054,0.22499527561032656,0.7620861475287756,0.595537331719479,0.0053928953076333025,0
0.5944142513377814,0.8942962011358526,0.0063380893203330135,0.05712448351417924,0.38117886338047496,0.3123913710876225,0.15390247106104182,0.49359824365824684,0.13933789387813697,0.9381233138633093,1
0.9684473419379106,0.283194132724955,0.4355919182115904,0.4880163516020706,0.9530128320163904,0.597439858092787,0.8531522071546052,0.28175891646763507,0.16331277475567801,-0.007338871705341782,2
0.9727666452302135,0.6065700476430588,0.7446757272669479,0.02862338321943996,0.5983045522318978,0.6722597794615076,0.4078409329408119,0.22087040461899243,0.7908433704651345,0.9654883569449095,3
0.7892212869688127,0.8311684852592883,0.003345919047466797,0.9503825798534961,0.7521956444242182,0.9119253892133262,0.7206549315628439,0.5553138398507877,0.14188595340059995,0.39625923276047603,1
0.9430250945357679,0.5240564249890792,0.2736425709564371,0.8655807926739638,0.32301910241153725,0.7139461199849678,0.841906501012445,0.4735932186050187,0.9592250290266982,0.28668278855931695,2
0.5307114780680686,0.34054269546616067,0.2146308680055148,0.9629661195198758,0.1744954041691193,0.35671341465876805,0.4910917339933095,0.6178694905806806,0.6647230297311851,0.15841136470996603,2
0.03866641545943576,0.40365538192974676,0.1421944075916459,0.045641446900592034,0.42382050398179694,0.3956687501482786,0.23851037271328238,0.32414515341532807,0.9630143362587211,0.655215005122028,2
0.5853815384633312,0.8927437242695506,0.003012248499687032,0.050144639330280814,0.41068923583168115,0.302464365538438,0.1493522407262765,0.4996049960178909,0.1495378106938278,0.9302658610875696,1
0.9589300417679334,0.5517946343332618,0.10917987138608923,1.0240422235502284,0.5991151993932392,0.47046342922821943,1.1568069231577318,0.7633679076422597,1.3300514171920392,0.04375714730991129,2
0.8808986478349349,0.5571994253287232,0.31043950435007756,0.7338334134964846,0.7800053126634551,0.7444982472568639,0.6793699855964167,0.10058611997367324,0.7752517431469219,0.92519760062013,3
0.8802699951270555,0.5502151775750884,0.29521387482608913,0.7304622994929607,0.7664018761944724,0.7327227577184532,0.6784698554212829,0.11071137098040773,0.758399548572582,0.9252907789686461,3
0.337964414784608,0.8938908914128433,0.9633748728612733,0.5336870500953051,0.003545135286768114,0.2814623071636582,0.19416425474067076,0.8274285556591368,0.0532590871126201,0.279179129282328,2
0.5865682887528569,0.8256766182251924,0.7341230029766161,0.5335509927227283,0.34979952925302643,0.699352560196261,0.13710099595392153,0.9165267272381489,0.40261666350863234,0.12583928859446292,0
0.025842518101332757,-0.12032434328433173,1.178622859288145,0.17610089393631262,0.9967114056712384,0.8815140731403218,0.9123737685554372,0.31146448344997646,0.7162362004115053,0.9597728630520748,0
0.6772149763995429,0.7829479168907396,0.1571532026325999,0.046042828036381184,0.8611400270444799,-0.0436521803658427,0.3499966466951234,0.3003709720532032,0.5590043775315805,-0.019014149841923664,2
0.9608435626164469,0.5977323658397811,0.29641183724181225,0.8685596269857019,0.29479702412986325,0.6875169430741404,0.7974636495358494,0.5301638680279909,0.9684730663985204,0.24540224417497317,2
0.33178572959661096,0.8403468838258535,0.9355064967248927,0.6029838836962315,0.015370303252061887,0.19827395309655022,0.2031449290684461,0.7706832397433561,0.08725832646948678,0.26500776304650525,2
0.7795410451254912,0.8109534042669099,0.4363197787813048,0.0514703979934009,0.8310364604747551,0.9487441655142125,0.7611632480793544,0.2713375955771712,0.12370306373632509,0.9249519661795332,3
0.5142616220382579,0.850839131806092,0.3795629113738534,0.03188284169270536,0.5279633409434921,0.5688484539857273,0.13704932001532966,0.4194884854142463,0.017334948653559366,0.4468428245859457,2
0.36162696013297774,0.9022778959329556,0.9925985705741537,0.5550046813684059,0.07159769931061474,0.20118288644300109,0.2523766749098932,0.7953022236980187,0.11015228843657038,0.32376154346113833,2
0.37277733936283064,0.704545008268888,0.7632115783294723,0.5898413949604421,0.27741834060380677,0.6398391951077697,0.2487448544973796,0.7825933269803923,0.5883725339516481,0.05875039952966295,0
0.9444715247353589,0.5600018549775944,0.7658299642542105,0.07420424428480114,0.5597854512009844,0.6373109061277799,0.3888220507065123,0.2118017553612965,0.8275929523659045,0.9629425950657348,3
-0.002087444190667531,0.14776936785154623,0.7257912420818164,0.31247787314214437,0.027944033042180093,0.28810628916052083,0.5899524495415862,0.3925040497151784,0.2577139776612668,0.49282937005997474,1
0.45013871279137835,0.0954351440285666,-0.011336031749231576,-0.1580115221033105,0.4648785707873539,0.5035133929047573,0.4324193414011469,0.3557914162840482,0.4544137087036537,0.1642642166184117,2
0.4381118546582565,0.019402520003803173,0.08532327172526992,0.924502011484518,0.5787792093034329,0.6768414657397248,0.8619451629847905,1.0405280527951783,0.3326613476057998,0.8381117542767696,1
0.6293108757679757,0.6943723825077952,0.7671107926441011,0.4464064460964432,0.6269178260601086,0.640419988605337,0.8808934433702457,0.08121866014641246,0.20253330522821886,0.3471898851148855,3
0.961776931614567,0.9053885965939429,0.17417667053922448,0.5385539665298487,0.4918265612057373,0.7229586797550444,0.6496392219822349,0.6186374611451294,1.175618245750815,0.6388103717414783,2
0.5059280772271579,0.6536033444600724,0.8993422802660803,0.456684640678605,0.12100686005624339,0.4260329843843018,0.5886950219063719,0.4457825876143198,0.9401259502603818,0.577288762487467,0
0.44479155634667816,0.9068572688294975,0.884783074487234,0.7629382082145695,-0.023376663378396195,0.32379055101838805,0.38500915734511865,0.6435122656105181,0.28095363639890253,0.011333222715521035,0
0.6157963688221936,0.9221740327255086,-0.019318400136067206,0.10157919351108494,0.41119595236122836,0.37009097894600346,0.13054067802611113,0.5668183241617702,0.20886429110899535,0.9958751400689193,1
0.5325945079815745,0.42460198449668257,0.8794951859894279,0.7803135714706139,0.4353342683695418,0.8944184034362334,0.4410177615080028,0.2996731302671408,0.6339076520156128,0.23741938497378695,1
0.42698589570393175,0.39480330998981694,0.8507971595697111,0.6117613462118587,0.9535644035943189,0.2893890563526109,0.9004417132755402,0.7701663245268181,0.6283664559725339,0.34498361757741697,0
0.3904807392952021,0.5092183994334517,1.0806886639169049,0.5981788437340001,0.20969182485905552,0.8180837869706326,-0.14794326095733423,0.6195358235551027,0.9669959849355266,0.10977954117549332,1
0.38085340990773553,0.9597912034206469,0.7499712956010132,0.3240241795611024,1.0459929541938207,0.47825673205967034,0.7036011885700458,0.8900422018541962,0.40031765560614146,0.795885350687488,1
0.6532973350626534,0.30196445156945,0.7247106362924429,0.3729988455756925,0.8099577467652013,0.3946820493355614,0.6481111335334594,0.3333708271761223,0.11439820902550635,0.3421010236778723,2
0.2106469240427601,0.9387776898086229,0.5623667510222468,0.946410764927876,0.142468989808147,0.017489911390179247,0.7537564393628818,0.6606011340866286,0.09590193937713568,0.6310447951321474,3
0.10173757137629166,0.2844587366504101,0.3163185329032653,0.6703333668303939,0.5561000600764288,0.8046641035353181,0.7695154425196875,0.424804247388285,0.6109694016632514,0.44276228183521754,1
1.02924559023746,0.6551784757067529,1.0676535136130934,0.35747163200956494,-0.16309943021379059,0.8923835492359684,0.6588937223720572,0.592276317581515,0.07043540164786277,0.7157323875825358,1
-0.16897271788759216,1.5221156093651178,-0.2719177179822748,1.051284345236155,-0.19765359081420286,0.4931690331936268,0.9264138213353987,-0.0897444826096902,0.7773873144052253,1.3200601706428952,3
0.03296323757686646,0.13601877010914173,0.7592810178368077,0.2828649694200155,0.049569145136251824,0.29915449581321196,0.6608411719703934,0.3828905901551449,0.2904522392446807,0.457015013518249,1
0.7042934310314986,0.8309000457215145,0.136576121210697,0.9123516392913572,0.7175762447315858,0.956781069513304,0.6305339761380171,0.6584600336200106,0.07963256489183661,0.32958839441339505,1
0.5147178547527638,0.7215150214618798,0.6854277112081861,0.5220493259257067,0.2659758504305062,0.5079352712790228,0.23371569014028049,0.8080498682423906,0.4648198970451738,0.13088031601595418,0
0.32346270540029237,0.636110890410679,0.7614516690189883,0.08220784957323324,1.146738792584806,0.4771140130080017,0.9098559976584208,0.32588664954944446,-0.15569095795902,0.3820365474097962,2
0.05771940360831955,0.737931763227097,0.5182473794432918,0.12629483188545015,1.1093206596995002,0.5730451845529478,0.4099898795973118,0.6356589350393923,0.5783100286746936,-0.01532096043360924,3
0.33563032788218805,0.8734912389036188,0.9710101154816865,0.5859918546330994,0.0481401341768238,0.24377785385913228,0.23226960870586572,0.7828859048993351,0.07821968766269836,0.27707529424170385,2
0.5051481008619526,-0.042254811429472516,0.005953693213709227,0.8557894124273411,0.5777193818086693,0.7571205919103595,0.8292050322613664,0.9907064920129218,0.20923558636662876,0.7700835508288326,1
-0.03506828015656932,0.1610196037618039,0.7334437003855571,0.21916142137691497,-0.004848439028138321,0.30300288357615957,0.6715690160479648,0.37344015860394636,0.34937529522139393,0.3662690716971173,1
0.615632145298824,0.2535646003517944,0.004273746733786166,1.0779934794653407,0.6830166670236231,0.8184517055640342,0.8006764353914878,0.8673287796397937,0.5409905043288845,0.9449360421617574,1
1.0081648202350864,0.9113013057367935,0.7368397284001901,0.8118805043310182,0.17392208536347228,0.7472064306219646,0.24023663820168006,0.1839153250448094,0.25773524841911644,0.6716017833277232,3
0.491695597721153,0.275936829501635,0.10300033315533336,0.40018750374852186,0.20322894130066113,0.21796808855703842,0.37957952874289036,0.18699406293873586,0.8781234558190806,0.9670344930643183,2
0.15169037533614999,0.06958855767412067,0.13638895624109842,0.08303671353962104,0.7919094024524066,0.32464970226529083,0.377156486247303,0.40416894902959866,0.21935223584722197,0.2498645488194945,2
1.1384028663089047,-0.08106481183200212,0.34242374898595623,0.30388847630145865,0.039794932847868336,0.5617519110990103,0.9899582852497669,0.333159925146995,0.7721001826005501,0.7496209471885851,2
0.903407591468205,0.4891799381510237,0.26294617265756537,0.7295497855106032,0.853533359675298,0.7357613617195805,0.6726813274911279,0.03879204432808643,0.7636169733554854,0.9480087647679006,3
0.45347306022141703,0.1727236559807633,0.1987734669368837,0.7653545767898321,0.6332446902961142,0.6052062095663981,0.7234515738384705,1.051096784619055,0.19234815669008748,0.9473795446134721,1
0.4176562658805447,0.36437880465279493,0.1130630981387748,0.8823230634823539,0.7644931850985961,-0.3742983334017401,0.5862226941161722,0.431168689568974,0.9993195865150284,-0.08633037407216193,1
0.25555851039948696,0.6433342453813556,0.013560911019929546,0.0014832638519568751,0.10324471198451676,0.7870370000861543,0.7583771514922535,0.24769553412380893,1.010710756894967,0.897952049272187,3
0.8835864864814862,0.5522190783839602,0.29802239768943145,0.742781710946326,0.7792042904143094,0.7361664798244569,0.684723440595234,0.09433458544228354,0.7766718920615481,0.9048386436922244,3
0.43382503324104904,0.24059786001392225,0.09972847083227311,0.4959728674096071,0.23296885149121363,0.0862651401861271,0.3713114663977376,0.17097891254346556,0.8785984175799942,0.9821575699180052,2
0.9216188278602941,0.5959547940660299,0.7725685319717094,0.05326886449615814,0.5387203026595588,0.6392260419280905,0.37653784965163195,0.21658903595184545,0.8321539310423731,0.9502092824827514,3
-0.2741499002597891,0.29001571678773674,1.0285404817339177,0.5853433257117966,1.438192359801186,0.8787475750228293,0.7376266383778931,0.7268386830142868,0.06773304143128134,0.08333418536083174,3
0.4577350722182347,-0.2320345834570918,-0.1581251693338561,-0.2388702475127411,0.5160887053365519,0.11922343969937901,0.542913389697167,0.45698669086437305,0.5012547037132754,0.2644100790330899,2
0.30612825138054345,0.6891910136526124,0.2605493287528305,-0.011605928577965777,0.2680449417255877,0.9402919047750646,0.8091130450130067,0.5252555896297169,0.9968770398756163,0.6493546293053067,3
0.03343021640206234,0.8235503128406891,0.42609208773544716,0.46505559846310746,0.54984925956537,0.7312936063470167,0.9702728281031502,0.6024949224399726,0.44683636857207665,1.0143486647136446,1
0.5750647265637299,0.8401239711786369,0.03081714770107541,0.05728701838178724,0.8454084143347204,0.11559246101304715,0.11025886543351743,0.3704088471919166,0.43568288198462213,-0.002830827425063513,2
0.5510578093799275,0.41695819078536606,0.9184816811186468,0.7345350694231133,0.46729075339670745,0.8489579761796471,0.4705501831471293,0.33818265785291335,0.660405285934397,0.25055207618774833,1
0.09304983157916435,0.7552396478744058,-0.6877394998291434,0.2519662446171982,0.10735587768962218,0.8915936784515186,1.0846997840161392,0.23242576275631827,0.6484699235143834,0.15313515391912536,2
-0.06028064943424627,0.05286122172300234,0.15221556468687958,0.8717676183329689,0.5816026416576158,0.9289220722335532,0.753938011034358,0.43421168339256133,0.825620428382531,0.31943107377859176,1
-0.011610048767358966,-0.2722349015228408,-0.23792020954602783,0.26507433340660436,0.6322303476163731,0.10557359370059569,0.542861289539871,0.7774112961753648,0.5045659603168848,-0.1580106878154266,2
0.7211250978099124,0.33989905226790507,0.5435795332075624,0.09796296594639509,0.017041254363446483,0.2061003623680441,0.4367582939013491,0.606654230732031,-0.22520733818053254,0.20076796079644882,1
-0.024568447860690096,0.05469445931649446,-0.051560607172914774,-0.3621577875870194,0.6819449769556719,0.25009964795848433,0.16989850638774068,0.5480800550895962,0.5214296949072468,0.3596252282213621,2
0.6060315566856971,0.9012762273601038,0.00818743071909344,0.06521853965445193,0.38460903046530914,0.3206699703156865,0.1355977426683818,0.4847265985986215,0.1331933608181809,0.9204463528881859,1
0.23560314041484126,0.00278896888462464,0.0969028799188421,0.972566925246969,0.7433295465066708,0.9520132705028252,1.047075515434743,1.1831506710591235,0.43775908020840537,0.6450103621765926,1
0.8337665957526798,0.5824581076670925,0.3105956377882575,0.7260481634891633,0.788385288146012,0.7334074916537843,0.7112868569646731,0.13283776659346438,0.763220118107022,0.9166030207354277,3
0.6659112529492506,0.7342125145317872,0.7869871061384636,0.471379939645907,0.6288887197004049,0.6932822049909679,0.8721518330564921,0.05001959079500143,0.22660805333941916,0.31074684526018387,3
0.8312058283499317,0.572723361593648,0.6475403914360683,0.21866227327694626,0.08327361707280422,0.7729266337488763,0.9165040769866286,0.679122130028644,0.3389561489286785,0.769439017142587,1
0.7518705589929496,0.6976914634354607,0.23679921689164446,0.8436470773028912,0.21458894646613344,0.8069340096020882,0.9968718734066837,0.6208495075029017,1.014273419757897,0.2882302222586246,2
0.8523418365745954,0.1351227369315505,0.725840656205816,0.854068270071676,0.6020283213937763,0.42082719339536684,0.6550348371589114,0.27993575389747927,0.1450336457108176,0.5037481770947759,2
0.8983050634014335,0.8587482688601797,0.21518195640907836,0.7687827778841266,0.2307971002677168,1.0028713666375861,0.8668151265127166,0.045955831937019895,0.8142927463192026,0.3336088079901369,1
0.08070448821759144,0.0625344857064668,0.7207841238574186,0.2532968941181384,0.12321123492226249,0.20287182078382116,0.6237420961895979,0.43523698185782395,0.37124655521354977,0.4391089580428734,1
-0.13541839377580933,1.0071483368978202,0.9134573252654136,0.7187633714803919,-0.010625315757256781,0.46447038524222667,-0.3238282124958017,1.3619340234330213,0.9574320671695564,-0.19734705707700445,0
-0.0014177412010250925,0.5009922094325218,0.43997816853087035,0.7167565769571154,0.4174173214590155,0.5946836821283654,0.5413664146383584,0.8517553135523596,0.44487577003118645,0.2003522520598255,0
0.568023636083412,0.5064473150086743,0.10856979240158038,-0.4324861963520694,-0.5583866864569683,0.8610004898279182,0.3455011305534976,1.134025200359648,0.18107273287142733,1.2357671792746918,1
0.461919081077655,0.6423009575105001,0.7832835434984788,0.5934137763421541,0.2515026291102989,0.5219996386446222,0.19099058902218766,0.7697251900439659,0.5601669411797882,0.18485913695026962,0
0.8507691044196843,0.6780896805742279,0.12722252000421558,0.7891113359060675,0.38117557183629147,0.9656326155849349,0.7373572547821035,0.15246900862499949,0.8359671607899458,0.29605344316662774,1
0.5989553943855935,0.5776510064651588,0.6715262866280203,0.5178309614075491,0.7379203355932076,0.47610583980072696,1.1468647033795527,0.10165416364950672,0.15451450569493969,0.28096542417289844,3
0.30888782509975904,0.8684730640481788,0.9893829038384695,0.5704960301906076,0.04899315332569072,0.19450246787114667,0.24380034938413458,0.7589651397324341,0.12413804499702727,0.24992656840117794,2
0.24065032491701444,0.0865555878681043,0.3348242476874964,0.33829709516583517,-0.2318954875475337,0.19652272746378313,0.2748501537391969,-0.16877476605279262,0.5350268394758094,-0.06983253854919269,2
0.604930377545932,0.9349805283852803,-0.01457551899978338,0.07445462620953722,0.38264433114560636,0.3514601689732725,0.1377230409513613,0.48214684356854126,0.09277504133928642,0.8741777410274398,1
0.5230621062199299,0.3012671562378548,0.06692461689140417,0.22337195045739353,0.7255479856645749,-0.04237293766351859,0.5234824604472917,0.6491745309849233,0.7665182623384834,0.6700907723995466,1
0.9619109009481078,0.28387173261286225,0.3856625114650198,-0.02071079472833659,-0.1866272085767604,0.16011308367719337,0.36155326746370087,0.7075760689767784,0.006333893588340949,0.6659401758483356,1
0.44317151246922504,0.010803456454451882,0.07200749023320804,0.904480335551405,0.5768059451544827,0.6553024680410962,0.9531038234263316,1.0263363043818003,0.38255235154518047,0.9292663667303164,1
0.855114526313402,0.5661593514606389,0.28956143525746936,0.6450392868393503,0.6794719084325328,0.8724736539908685,0.6316907741597572,0.14152974889101985,0.7951031866505187,0.8136618303927224,3
0.7131042953605167,0.6189844109272337,0.39014999531307704,0.34390448307233396,0.16432477873883455,1.0368311519976545,0.31654288852430734,0.10742993472822338,0.14097436529698798,0.5547320151182666,3
0.9274783718753037,0.5690123603952326,0.7616899160572423,0.07586786728048997,0.5564883448796154,0.6063569332312344,0.3581679154950106,0.2070037966890858,0.8043521232682624,0.9753781760567393,3
0.5244757195446064,0.7779377239291747,0.3056866574353727,0.5348203556591136,0.8031406138145707,0.2225542207937855,-0.0026051712006375898,0.12437919450067009,0.461865428225532,0.9159604349678319,1
0.12986507600300756,-0.0882714169581294,0.7607810444933059,0.39485289138906887,0.6439570232638552,-0.14746815367345795,-0.25536229420620554,0.5774151030907664,-0.15532907028888476,0.04618265968192736,2
0.5604901305094351,1.1557147462666673,0.39064768612049217,0.27701851230793995,0.7044582273047155,0.29178356948072653,0.3511583053741024,0.2385756270811145,0.3906982190123435,0.3136279855934026,2
0.5943062029985198,0.8794826244381008,0.33194183629413865,0.5833027661688807,0.713873764523048,0.12319435613299651,-0.039683967993419,0.2825912558743642,0.5539680494981785,0.8784261788998969,1
-0.027435097695709856,0.8311829283313187,0.20550461872888054,0.515286104932757,1.024791040424372,0.5401086127611032,0.9122783056063268,0.5720741371024618,0.7715784785177107,-0.0027163147604275517,3
0.5382733228472564,0.48552930510880055,0.9119712620423714,0.7634422653056107,0.14729238267662537,0.4255993888723366,0.12680615024974282,0.8222860907181571,0.6462629984455117,0.29588778444739217,0
0.8521842461000735,0.6076651273063138,0.7045409527172627,0.22543008061268144,0.17626372126856968,0.788771364368247,0.9709450238648187,0.6958958521840191,0.40268063071585,0.7622420523225275,1
0.24867645706635927,0.8263079468793846,0.5476121877361184,0.3211961062380556,0.4980667030765541,0.38952046242390687,0.5072911270095315,0.7130136503720472,0.38323524538914255,0.6927482387753082,0
1.0897280061494174,0.06036642150124841,0.24645104680788543,0.8357330239099079,0.583683602878709,0.6638450047977171,1.1613815331763206,0.30146442723496203,0.7470032389033617,0.8070761210604993,2
0.4557965347235439,0.10674664382636609,0.1533317706584287,0.8535125653751731,0.5926779051773007,0.7311829837675808,0.8377166880554632,1.020131483072125,0.3858276593603954,0.867601367082986,1
0.4989349614288861,0.832495241695446,0.31338126485633544,0.5119357499717195,0.7834767163011404,0.15669975585751736,0.014539666504939389,0.2348231074586892,0.5230166078185419,0.9334412458408654,1
0.6484074203015784,0.11346459266254694,0.0361870844443728,0.898398466424137,0.6930514538667611,0.847640605415205,0.8170872748426682,0.966487915548441,0.5175934492010095,1.0316867426895626,1
0.13665145103469772,0.29802604740262234,0.3644963893757816,0.6128476649192874,0.5126299524813709,0.8542065251916301,0.8640702862920018,0.3362882782806312,0.7166169550710246,0.5045973503705483,1
0.16985842739510143,0.7403535832280688,-0.03815150760068333,-0.03628463115554576,0.14720257355925087,0.6675931947179597,0.6473486802724585,0.35306362826445653,0.9073374076126051,0.8131083702475987,3
1.002184973862977,0.5823342695419574,0.22267690297898965,0.8100338086921753,0.357767532713051,0.7222070328130541,0.7997981732353432,0.425702319031752,0.9785467493456017,0.2861649844628079,2
-0.009874994790600153,0.07354890709386472,0.387709954985091,0.7783914830137393,0.4567664039312744,0.5953897128656606,0.6150221585839484,0.33408532921788736,0.8542550732544132,0.7276619901933764,0
0.7639717523705308,0.40296862724181043,0.7887665284930477,0.1784488415162167,0.8108585780596207,0.6027950441363954,0.7529788009681746,0.253472088653119,0.2205066179156375,0.25368826732810595,2
0.6890841758136899,0.6520807678126599,0.753591517902511,0.5471228742784208,0.7191209886740635,0.6897627407124453,0.9281269516874429,0.021805397399257867,0.2517560925385428,0.29255010680781823,3
0.4547541719497976,0.3860815333560922,0.1381176747244763,0.40589311515517723,0.28388661055248504,0.20786531240999376,0.47009138626511365,0.10593874549335777,0.872668404586727,0.9028584493163206,2
-0.004647679460816734,0.18550032590757398,-0.48191607283043075,0.2494056999222414,0.2822541198903813,1.2424753177349066,0.8955306022912424,0.30172241541482503,0.5402277370835207,1.1710323755404588,3
0.6336273110003952,-0.03132724220451477,0.13603711561320342,0.4324884140543272,0.554708234646582,-0.26652952793163887,0.3410281551662422,0.8762393874498392,0.3743120496078315,0.44460688145645166,1
0.027623854595055387,0.23170653540098674,0.7035108929207553,0.012793942967143685,0.041932259573395726,0.2808885350305557,0.13409470685177982,0.8724717348495359,0.459940545236604,0.2897998976020195,1
0.03160786207801222,0.039028312765687495,0.4416907755922028,0.8270526592161157,0.47983264934313086,0.42825374412890516,0.5216164543918895,0.3315253072017406,1.0664489964425237,0.7998351830818962,0
0.4600172756289805,0.11205226112898156,0.1533291347171274,0.8353817690428047,0.4653479583413437,0.616118824060081,0.8504431121128535,1.0182942689841412,0.24654678815232794,0.9232999967978059,1
-0.22339890624393305,0.14299127515851578,0.21675088161897627,0.8156517210045112,0.36618945941357073,0.4556483594141026,0.6146819299292355,0.6597074235631961,0.20018889165720588,0.11690108897898294,0
0.5271109515815879,0.8510523749366655,0.29034188762922886,0.530144783191845,0.7722209729612339,0.15861078009290677,0.028753694679450447,0.232725113819071,0.5231845097927622,0.90623150832136,1
0.26207612148818354,-0.07060832009062319,0.16429453898355906,-0.05434756265337774,0.7677991978914128,0.2571345306617532,0.5308014926009026,0.5483996999991896,0.1972034009846526,0.18462829709778472,2
0.5107316127187745,0.8690456091596792,0.27576311188928376,0.5138116096658849,0.7719228998767745,0.17845246517440147,0.08703071556938329,0.26538770583883703,0.4762473953520588,0.8842572103232801,1
0.8603494883206011,0.21494440598892994,0.8488167888162774,0.20425179312350134,0.4972042628039911,0.8957269666451066,0.4243556244489985,0.45147764646999095,0.4890702820141174,-0.11255221505432358,0
0.15989031928283326,1.3192465205122095,0.042218200738445844,0.2866326179519001,0.48590659679477893,0.7592341031895462,0.5717753517312653,0.6882456069859559,0.4111239876690402,1.1633930813308102,3
0.7151005977673969,0.7965239871747386,0.8300462293519768,0.4874922932859446,0.6051684084298147,0.6169792496941069,0.8512003551582473,0.07359510420772944,0.11534016534611757,0.42133906289482875,3
1.2505279757915315,-0.3675606115046577,0.11163642995433543,0.5434855135354599,0.5391705071679531,0.9719679681510861,1.0133968235551354,0.7755250069981598,0.5769233256041126,0.16124255975862617,2
0.3185129887778949,0.43577403524869446,1.0022418773981996,0.6309282527658738,0.3755915380167074,0.7008558805701124,0.1661457602919047,0.6407976597970967,0.9383505083924851,0.3909918134871843,1
0.3191117869611577,0.9017438153040129,0.9489758754239557,0.5754918282016709,0.08939083010696323,0.20213410336429252,0.18776989852724407,0.7976948623690351,0.09276757800796111,0.25942447923437767,2
0.19020660150240531,0.1911599726437025,0.8469183347244772,-0.2532571735600929,1.051350392294575,0.06504830234101648,0.8680001247982142,0.9040397705663796,0.3867672137440282,1.1321381476812362,1
0.7700629066820306,0.3974741299452697,0.8634807978991691,0.7313340167948951,0.5287985647881356,0.6043810428921266,0.07799829764863903,0.6984220489709286,0.8683084069040411,0.39453266403838516,3
0.6057134215255187,0.8419478043087345,0.2738371256127701,0.14435388536587634,0.7280057310584276,0.5051408678242365,0.17109356250694932,0.4550052554482834,0.09611087355221405,0.3409644241837921,2
0.5334659869435088,0.35857091177497047,0.10914815887411977,0.2130278497821469,0.7496921283800493,-0.10177321519004343,0.5842248152308803,0.6466106802187496,0.5537796638567167,0.6810785240342555,1
0.0508339814552941,0.12281124278356301,0.7805179945227444,0.3098870888261301,0.07285112191428017,0.2752027831440068,0.6472333856055009,0.41655291129606553,0.30926655141711146,0.45097533877133233,1
-0.035863215720617334,0.07063159905681131,0.366164066210005,0.7590805869642099,0.5156528940835468,0.8860565766797236,0.8737426188176055,0.4185579693564719,0.6916565862903475,0.5840589450585144,1
0.7270298832311844,-0.03767617815630436,0.8408435913756978,0.11348303782481264,0.21400662774014573,0.1029146687188891,0.8721480447421726,0.8443364422743291,-0.16258684216845976,0.2879137928414269,2
1.0591268372231728,-0.4582173581200667,0.21007982006088977,-1.2922262303252603,1.3452245338027828,-0.994035963460322,1.3953415352107292,1.2584978224268741,1.2174186296761502,0.9837202306183654,1
1.0004294691604914,0.8674147824498384,0.37144183989560525,0.1052070698614403,0.6355086036191915,0.9580340597749241,0.7485504323871877,0.1111517182944176,0.23666283693812523,0.8560604411817193,3
1.0082615561481427,-0.1881120862743959,0.25950578404918534,0.8773697350257179,1.1769636771359648,-0.5771631305282671,1.0844004746035951,0.8059888195373852,-0.10151124106704129,0.4349552973888185,2
0.6606356320068857,0.7249182615871654,0.7614630727809409,0.4601036179248728,0.6702049170862209,0.6740256329711571,0.8456185377148611,0.05396237610954345,0.17372850549019925,0.36122703364556574,3
0.21836514758041242,0.002428107232711015,0.09815153523217796,0.02070711977719016,0.6325270211341159,0.17546062235764537,0.4711287307077926,0.451565747346043,0.2979235691813854,0.26371685240181075,2
0.3500316055576321,0.41460814316926564,0.34114362288709044,0.6969402489354121,0.16754119748387583,0.39937714810306046,0.4982904567634294,0.07013959007517198,0.9484502224269071,0.17833949194170248,2
0.4931464818593019,0.8119812299170881,-0.027806181196185942,0.5851524525274876,-0.2676299204729714,-0.02217051882433413,0.9770389913431667,0.44314819407681455,0.7931829196146872,0.3329184960699406,2
0.14674098597433596,0.5949517999939278,0.3609631815312995,0.8501792177564073,0.07152566309872745,0.2255976496107838,0.6240160600108567,0.27935578717899723,1.0631819745492026,0.2855929061655975,2
0.8272797105097166,0.27427185845441887,0.5270059553450553,0.5205215339721212,0.3728253400017071,0.21169107186337993,0.07860688161021101,0.40713128476645577,0.378593061080362,0.6072043328284603,2
0.22919197342555067,0.13367327839459114,0.7374407392385312,0.4821656776705363,0.23464337080216313,0.4959685755306806,0.049261315300389255,0.28240737740976857,1.2532910482856878,0.7564740628364953,1
0.7075593837248623,-0.008603808589686818,0.487385168833018,0.6254779896088615,0.5833633686627122,0.11295802231908147,0.769960272436356,0.6348917700753751,0.03143582983244611,0.47027613218201236,2
0.058945131492758526,0.7854617693574357,0.27759104258147616,0.5195476542698284,0.8943519526117045,0.5705567714891671,0.9122123666199903,0.6432198985813744,0.6284482260864311,0.08636869667318084,3
0.7218445549554932,0.3790766060761278,0.7004694396638509,0.33139653767163807,0.7047678477720742,0.5531276120459443,0.6562609771373582,0.3518038400475768,0.0992580189382391,0.21598162675450472,2
0.12702322364773944,0.6512633735029505,0.4452257431761981,0.056356796499833994,1.0799132175054371,0.7233466583898791,0.5270458268192396,0.5307792113503392,0.33721181458323124,-0.04212777426874868,3
0.7225562249824864,0.786612629823031,0.30932799893721125,0.338470305367099,0.7758108036739609,0.5626925889630565,0.13321063190982294,0.49735409602421105,-0.19312897857495995,0.08819328103840468,2
0.48688873873947486,0.6719147911946551,0.7912026344969876,0.5364646443939994,0.26528970759894294,0.5414376846092855,0.1793536008003339,0.7854020188345949,0.5509152473520788,0.07865528836196062,0
0.2709043097797825,0.6528050303600148,-0.08299065806297447,0.041330140453650625,0.07158507930542155,0.8147671421081486,0.6652551795573108,0.219855178518725,0.9661980348416409,0.8619470795162941,3
0.7511340281164449,0.9545594538195346,0.11540690851574745,-0.09903358587779798,0.8570861176451444,0.16532703148205258,0.05682853846868954,0.16878788601844918,0.6638363037440331,-0.09708216230054358,2
0.6341589685747973,0.2863262118633062,0.1850661018230393,0.8618153199203811,0.24441195982486968,0.46304285988038457,0.490989763829273,0.6149397763548912,0.559447571501186,0.13906501478064034,2
0.3079260669185851,0.42013387897662213,0.9905544749917233,0.6289485899961607,0.38569194842014715,0.7285266224267202,0.16704732251300192,0.6607073996817125,0.9401194783564768,0.42660452894361484,1
0.15686626515229335,0.6162763627762119,0.44385311925899174,0.07577429020912006,0.9334265648446869,0.7100445482482256,0.46380023234137996,0.48392217863554865,0.3827441552101563,0.0469426473742023,3
0.35633280491927066,0.7578351406109191,0.21952655532374046,-0.058591583715415396,-0.3939101511776159,0.6579235425906997,1.2227697198787497,0.19296969121506974,0.6389888091576656,0.47517474900265444,3
0.6832479348541424,0.8195522747242068,0.24457567084646553,0.21325242473680106,0.7586154425205235,0.39977528136019125,0.0985851258357925,0.4076334727754863,0.045272815448920235,0.2820669340376058,2
0.28161660618154705,0.5306657426886789,0.10223880426676814,0.05935368337465191,0.12466777055440055,0.8284015005795594,0.6165746189415735,0.09819211295494193,0.9014575429481617,0.9527698737511946,3
1.0653069694356971,0.09704556184085786,0.3686793031001617,0.1927210480409628,0.0919713787102926,0.01574296713796527,0.5813471871106691,0.8287133186677347,-0.003581011507015043,0.5749010132501633,1
0.09453257798174422,-0.03806945106247101,-0.008037208299797025,0.10168720593266167,0.7243571543025393,0.3492206728089971,0.46129046205295005,0.3971709940336163,0.2495704023976579,0.10220961039676288,2
0.040598267217496625,0.09859679127666234,0.2954050282627496,0.11570341339515407,0.8145359504423273,0.42078381816849525,0.5143585456450165,0.33287352533029096,0.49176386738265593,0.1542119019087881,2
0.02827286777828643,0.7681928068723809,0.8424573114244615,0.021975630178090358,1.210349321785277,0.6181473968392112,0.5100113448883339,0.6756274880381792,0.36088183519146044,0.39417555682444216,3
0.6616429586336856,0.931295226105506,0.04072471645524872,0.11241307294551028,0.38751639261414467,0.3639016703709525,0.15794480002751915,0.42968692837249267,0.1905964499897816,0.9229744991444512,1
0.058787469006666815,-0.07131537041360644,0.5280711096387347,-0.16532765373728509,1.172406273700065,0.4920391808548421,0.465229441238242,1.0571943668901824,-0.14808284496929297,0.5535685463069335,2
0.5916874902736352,0.27274507525173075,0.2917111910864098,0.9235065729516324,0.15455767218129132,0.32402391314307877,0.40863797065211543,0.6108606309446196,0.7270410418253191,0.2128422152822243,2
0.2262249793431798,0.8554036911527086,0.8587478906519979,0.27454817422828837,0.8426329512161929,0.38767131256598736,0.7609497273045762,0.6485481385335155,0.38764507377861174,0.6968820886148835,1
0.06378713318984555,0.1927947349027556,0.32436313090828295,0.7240921079457338,0.43833147446630316,0.8472236443395311,0.8596348072506583,0.3958925930078194,0.6508728510103791,0.46305902939905585,1
0.12824905963699906,0.5194807377787847,-0.2649082111883969,-0.14309958954781718,0.30096597035654127,0.8781099390370422,0.7801977585384611,0.19981773506969147,1.0156517252238884,0.9698459304839704,3
0.49206173390108565,0.07038592765628325,0.13897138817719892,0.8944643783450394,0.533033884258954,0.7133142936109955,0.8753161223965651,0.9805105182329262,0.3481577184098314,0.873861326455231,1
0.33222893840521933,0.4760934490647339,0.8523725873294206,0.70880243126043,0.47881577021590793,0.5969295517930681,0.061906399063733755,0.6966855330807324,0.8644964740044001,0.45568058245639304,1
0.612167516647088,0.8074630782711231,0.21652746956077182,0.6031117691970485,0.864625760184876,0.2552942931021698,-0.09557909117732133,0.32906144273280113,0.5103372259759349,0.8469874569783071,1
0.5417430626703655,0.7643698369308393,0.7916699816648939,0.38681293742965966,0.5158362904787912,0.5384548507582281,0.9211778646499528,-0.02115186061876373,0.19709397787405597,0.3379955914541444,3
0.08165246388755554,-0.09441040624201302,0.4384637169295542,0.4774013420294815,0.41463130875242166,0.7338137236781634,0.48401674498251074,0.21199268508240218,0.7859805245219726,0.8247348155028869,0
0.9768467694103576,0.2911142844583563,0.8699578298832631,0.5093352107777669,0.585637915315562,0.6775337480315886,0.4619209371215687,0.1771129454198225,0.1614832581028149,0.06736186560984686,2
0.5444551486869992,0.6774243963841305,0.4603466621710569,0.5513277094689073,0.18507702585865854,0.9793386655161211,0.22093539380893507,0.32759495991625553,0.18636666851098407,0.6617595779313068,3
-0.3191674783501017,0.8157288998835728,0.8582498667978516,1.7726544748115245,1.310024054664431,-0.13908188970174484,1.0585012814567183,1.383632295655116,0.21507277155148416,-0.5247321158352054,0
1.0439452878343483,0.4227237703609653,0.23851138896362012,0.6223828675621581,0.6006879075205952,0.4224570737470044,-0.09782044491355538,0.6267530130917595,0.12749895196957436,0.6951843466002565,2
0.9035897346321569,0.5847860889352314,0.2745336177442548,0.7259124551780041,0.7622572969313431,0.7523404134322053,0.6771959404565833,0.1053154639206118,0.7988595911225951,0.9304546354870529,3
0.036745346093478744,0.06963062693292568,0.76791191732861,0.32535474258415126,0.030675317154064026,0.2987719856899387,0.6325153770777187,0.4164008417114171,0.35243504203708875,0.4707626242909845,1
0.4899553481670658,0.05709644316170612,0.1331254326562215,0.8950479462969565,0.5346334743464244,0.7060122068816382,0.8893593703896396,0.9942794805101184,0.3351834997431732,0.8902774924507162,1
0.8762251237322521,0.6561127707432002,0.5486449786784678,0.9906580700048102,0.0963605112621343,0.8596225657386827,0.756894036606991,0.5017308564599073,0.6810751649839721,0.5990952111722274,2
0.940496999693834,0.5768986856061264,0.7647321926664392,0.07582694128224243,0.5443484728983238,0.6258358316010599,0.37771677417090216,0.19179489464228755,0.8160070502552957,0.9714800282200803,3
0.8149468230943124,0.5775771545243165,0.7218605226469691,0.2687266161176095,0.11850444027058452,0.8479111140113208,0.9972177426884173,0.698528391808801,0.4403559949147765,0.7880361073752291,1
0.12539942465785414,0.16063430435447576,0.45008882127590594,0.6305754123628351,0.4330903039385705,0.8178926530930468,0.9428851651836372,0.31411569301568876,0.8021559922042524,0.5866370768063887,1
0.7570707912347365,0.333158287410095,0.020881166901394743,1.0633560886809788,0.5442501654294161,0.01147494884258582,-0.017196803213351652,1.2768783211161887,0.405270167903046,0.1869182822192801,0
0.45942155660208,0.5216253473182125,0.8496596657834151,0.623241409558823,0.11091598133171421,0.47209063749509106,0.12592706978357993,0.6174060328926019,0.5643111055296006,0.013057901002079916,0
0.3421580054546631,0.35630708507334136,1.0797059589624496,0.5304137592224865,0.4810968271265687,0.7225542218969636,0.17945861709944366,0.6942837473323505,0.9348557794881989,0.31852653632157085,1
0.6323567879432446,0.9070768930562062,0.01770569745725025,0.055971266463460546,0.42472833829290874,0.3048517607675734,0.14561349512008043,0.501909226996605,0.13120279288320105,0.9726876191343921,1
0.6903932740721415,0.7187385635156627,0.739570043457918,0.4892788341161477,0.629746645195205,0.7188232390847415,0.8748788939030486,0.10975249145371321,0.1574523902500379,0.28502611213665546,3
0.5510645286550272,0.417280707130281,0.9299900542510355,0.7429016990299675,0.4850458763061104,0.8483594836536501,0.4765816287453502,0.3209553398569338,0.6656973783378802,0.24799426849630046,1
0.9351555615230815,0.5575164817639386,-0.11937974284484182,0.0974168509581661,0.9654027532646063,-0.49106852716808824,0.4366700779543818,0.5924707374112659,0.5194502085677455,0.7193145300778554,1
0.46230618753413033,0.8044200797486732,0.2900372001257674,-0.030043057888568286,0.8813703985688592,-0.04298115664111063,0.13010619997760556,0.4203328752917336,0.48746327096888953,-0.10553844841391068,2
0.4566743025197373,0.10107502094811689,0.13855509176150105,0.8662784729017092,0.4897686955002797,0.7557541715694398,0.9202941920760037,0.9753039339622912,0.3909365262214387,0.8359128799132438,1
0.03528705475481453,0.10716886907170395,0.7647803573430396,0.2992168187526061,0.05047311602827248,0.27429004237026333,0.6312983934836152,0.40401031912553237,0.318738435025604,0.46165790688511626,1
0.20546676760106966,0.36358125911539463,0.24300990525352528,0.6317082464560545,0.3350834940592907,0.913000545552366,0.8681336971095279,0.14965751111230363,0.8762549733280498,1.053681482689134,0
0.41939958988493903,0.05465403032138219,0.19729825008028914,0.9351142745541501,0.6204803967665969,0.7771698740311116,0.8839401626453843,1.0608840505880475,0.37535040699316474,0.9179448722917382,1
0.9565914270563624,0.0771163506985067,0.6287328714990748,0.8218382109182518,0.5697050973759218,0.4346343657286112,0.5669467368433226,0.32601440494900086,0.1530966809257298,0.63979926980046,2
0.6974971119248942,0.9956891704699582,0.3084929980672082,-0.03246791460290141,0.9068446018608383,0.05082564817398973,0.1474597083723701,0.338975505511186,0.5803094742444358,-0.00639307842542639,2
-0.052291821879986766,-0.1392900225714021,-0.08267033050593198,0.3553537222086174,0.7517704104901322,0.5710010174207478,0.5655795721595703,0.665603273838091,0.29847009227268595,0.33897925393927203,2
0.9533958284262123,0.33593533013855337,0.39637499463062464,0.653969009142755,0.13842299361605914,0.7422006876331062,0.7000804794905069,0.4143107306084228,0.8280000195534704,0.21253390751941298,2
0.09549818663700427,-0.5281675040218595,-0.3708574107284316,0.074569206755424,1.3780593959594705,-0.19664290182375171,0.9390060411120509,0.3976746206219279,0.5135537452285318,0.028444648618182966,1
0.3666378483907813,-0.2477909711017079,0.5214082831317932,0.5776120070057402,0.7278016442010686,0.7072297179699019,0.6419333459411042,0.8473051483993854,1.178694381900853,0.6859249749342262,0
0.09943360799387208,0.07515868068999826,0.18023440963190318,0.10231596113415983,0.6600557354542885,0.13669667505981117,0.5423673007318766,0.5621515946845188,0.1214215115752442,0.05996121085573439,2
1.172094904589665,0.6365407340169216,0.34876265935230066,-0.0989620229285112,1.2424801002289894,0.61958013060766,0.7229337463357174,0.3291276162042909,0.23044106211959156,0.7465065415166242,2
-0.021184831281232525,0.5492377316203655,0.3429758681297089,-0.027409007180987446,1.0497272382808402,0.5818646826433573,0.4403051012240588,0.602074177053553,0.25977391690661555,0.1870631717459475,3
0.13864590326299286,0.21960075794438538,0.3844840071845964,0.636546041974248,0.42434083396942157,0.8153061892152268,0.8334226183652245,0.41007742130850366,0.6189723853818148,0.4823468731413791,1
0.1712475010059334,0.6364512406300393,0.3600252136705428,0.8116336682148357,0.6588653314796243,0.09597446052565667,-0.018550566182048367,0.7627224282297819,0.5777712907201525,0.5372238886526585,2
0.631949608372003,0.8696048537487413,-0.02018343781126125,0.1005409547484209,0.36708430780121004,0.326190374755205,0.12664406809153184,0.45790410888201727,0.10735527498496264,0.9303120379927445,1
0.2576816924163563,0.40277879476931105,0.9392718369095008,0.4966814168247518,0.4549878797525163,0.8006291319713591,0.07675897202737847,0.6405652991269072,0.9260381323909922,0.3880486469970181,1
0.6735426253919813,0.7992223005250261,0.2792366025461647,0.23375115230762405,0.7661696560915056,0.41746423840515184,0.13137877278338553,0.4293303107151064,0.041900784338616985,0.2912395459590678,2
0.3601634184769058,1.289470385059649,-0.8513922859179303,-0.0008972818298066398,-0.18099427385107175,1.0903082285475467,0.3670199262453053,0.8389331526098043,-0.3807779644476207,1.8141159638836664,3
0.9535636985352394,0.7604124427388517,1.2520290101165337,0.6146919710238377,0.03741051439317006,0.8305991908245899,0.11685773298433696,0.7984067832008868,-0.08232389622436764,-0.08384511548279303,0
0.5162663213995805,0.17008168227215872,0.10247221877019566,0.9736778461068208,0.49830524695621636,0.6087835479544561,0.7898519970455302,1.0911425543299447,0.4003754338677124,0.9613163719184692,1
0.31323737724173173,0.3636672626205181,1.0379967655801363,0.6485623370280704,0.3816489129177516,0.6792983031120989,0.23555672520430126,0.628792026340715,0.9171567221535355,0.47832790165165107,1
0.8275654163937852,0.5085236977536176,0.3383954426560781,0.7109206756441622,0.8146890196172786,0.7254363517686021,0.7248981648367218,0.1613240580559178,0.7307712448184954,0.935283254262255,3
0.5626023376520373,0.7540042933630186,0.2664067649338725,0.5438679913847615,0.8624414807807121,0.10739983793788001,0.06171185890766429,0.28460740504113596,0.5815347069264254,0.9453138481788833,1
0.7045721668506416,0.40497463544500933,0.7127252211902864,0.3082071988333229,0.669810235448757,0.5010646207701381,0.6820301825237322,0.38613591152178434,0.08428881981593767,0.2284153867391071,2
0.9454927826717696,0.1397514112754248,-0.08339306603035129,0.9024521240387133,0.402955273302399,0.39239269063898163,-0.1092889921645665,0.984526513454679,0.35942564533525323,0.23449212593192192,0
0.030761088768804026,0.10516015548210758,0.7637925726439478,0.27983981077668296,0.09367916058429358,0.2722680888541128,0.6630948300221169,0.41982212744911684,0.2829577077143236,0.4780646727980573,1
0.17479278494457734,0.8321318932567687,0.04042031126543726,0.5334424990670594,0.7253318175357027,0.8101821130106962,0.8461507096209314,0.27059818182786183,0.7411694229723639,0.7109765363274458,2
0.8610266244143767,0.5010657937870104,0.24052789210141162,0.632252528596978,0.6829198710304935,0.7078428749057726,0.5606784981039736,0.006283870623524007,0.8779842050473943,0.9439285254659313,3
1.0577745615420504,0.43876012578235096,1.0720535518476337,1.297674038644731,1.0129203026962035,0.5443594683230037,0.9167649880072983,0.21852155398235332,-0.02356690994746108,1.0732194387012561,2
0.4939291872042018,0.3473756261000416,0.41757311879793724,0.07650888115799101,0.48511178529390686,-0.07089491003290549,0.4521994001078957,0.7124843957800611,0.2539728021185491,0.49716310839271405,2
0.020877019174562333,0.7261467014568033,0.17893776060917724,0.441963400691513,0.2787033228801985,0.699366629033262,0.7547022185541493,0.6130827225191341,0.23315953249267513,0.7831365294336843,1
0.6726107494503053,0.7505410969176776,0.0857829140293834,0.16278903028989727,0.6348770137607911,0.5003456749036956,1.1148212800327315,0.27040305558522487,0.7091242214414468,0.49994860645841366,2
0.8657768378861608,0.7385023203645745,0.14212818527376056,0.7687024757615558,0.49586622180605794,0.9601155677660004,0.618038022678606,0.3114955119260837,0.6962057642874637,0.29865881026783725,1
0.5451326763212919,0.4205470738999199,0.9251586971348779,0.7141902831181394,0.46423302993724525,0.8412451321297726,0.47756248958152914,0.34650873620174744,0.6706965540640206,0.2496115666876816,1
1.0180701220754576,0.3605235982331359,0.6887958303587656,0.43211228021352793,0.23346407274384848,0.9637917030914208,0.7597819692251019,0.8009048408058423,0.19344925860533285,0.7877844403420112,1
0.7344269964777455,0.3982512569877652,0.6908006212715142,0.3291338591430502,0.6972429922971634,0.5387035008576239,0.6581056417901714,0.34663613610694033,0.12607901683603562,0.20257551933672663,2
0.6442138178412612,0.7093621634721776,0.7673153099154651,0.43356107832275964,0.641000694605667,0.6548762023727186,0.8608388149865984,0.07380529143093209,0.20206849441459415,0.3370696854255559,3
0.05324201624738325,0.77707300367658,0.2974951665229,0.5033765954488287,0.9125179916383139,0.5812023065502039,0.9035358908424892,0.6756897694015893,0.6286219175642465,0.08852932472850543,3
0.23721937289817202,0.4015780362099013,1.2645606406573278,0.4289487186381314,0.3001374769301246,0.7251465013596791,-0.021368372258191715,0.4660787368820482,0.9917650919671401,0.5221312498694117,1
-0.0029475714163837083,0.228471683868641,0.3522828202524482,0.6606811460396096,0.5776500325623638,0.8834939295514991,0.7747910241052244,0.4652908073853521,0.5808952116434138,0.39332379516957844,1
0.8915180696736321,0.5013982208988225,0.3312766395051728,0.775094783973197,0.7974001976299626,0.7478693630192459,0.6809498979960565,0.17607638377960588,0.7106233564017099,0.974565479223396,3
0.23288351838106916,0.7315810752111389,0.9118017001355114,0.1596060229746235,0.5700536543183259,0.46379763435331417,0.4946717485483758,0.7751587370673279,0.22813792767850286,0.9376858974004871,0
0.6718386158876261,0.46718915183492143,0.7767468313409991,0.03844806980085114,-0.16156935597960786,1.2902379529457295,1.0950339464636478,0.15746517024334003,1.1069426339065322,0.6090853618612642,1
0.13953131135863434,0.46196115266596843,0.15063636434434094,0.7766646499153874,-0.004103627977631334,0.6257312020201465,0.7443523085825622,0.5366012841460671,0.8821935017452218,0.11652283906100437,0
0.5547295921408764,0.868171982150514,0.06422723166952451,0.024480928942913253,0.43313276217773333,0.27927758362140287,0.223964926745851,0.5704260935732456,0.1923958653739672,0.9076396246824472,1
0.11774896064018528,0.5781595902344034,0.46869286462746557,0.05138965886096081,0.9627500842232107,0.7360494436057939,0.5056682044728729,0.5273659058189124,0.41615819485961647,0.06261229279808084,3
0.3844960278909942,0.17098262959532828,0.607492718707332,-0.04433378255210352,0.12061917410988904,0.5413799351963872,-0.5109100641178058,0.3106998129291931,0.1224757736262359,-0.062050969512573106,0
0.621034406997471,0.23283134168981925,-0.014717981583818845,0.41096188631300146,0.08675639718234787,0.32085770458113283,0.38951298448964,0.07136984267655445,0.8246570843155927,0.9566112712204948,2
0.051188295828725555,0.2516599073712299,0.35476519878324425,0.7181324399364684,0.41757599719870214,0.8962704579771013,0.9272973097607738,0.3503871885552444,0.7286184003006484,0.4324435076007719,1
0.12847556554016487,0.7019644360853617,0.684727955031833,0.9076610320327649,0.15569975914013018,-0.11527299244628281,0.6291183299982053,0.2675396549205032,1.1004154551664467,0.11358277104514448,2
0.8526457141315146,0.5493564181213686,0.3012875183162343,0.706146609060262,0.7882301695235986,0.7473354534608576,0.677023498536763,0.09897313292808393,0.7526977046349075,0.8988763938607678,3
0.42967683535981027,0.578808240529825,0.7132690533607092,0.48126392295265996,0.20931961570356256,0.6317430951338121,0.10628712730818093,0.7450736062240705,0.5023403107429506,0.2012957055088308,0
0.8742819161361866,0.5511623495781225,0.3345431149324326,0.7046722106386919,0.754313281859868,0.7168457240033761,0.6679171468872368,0.07655520766607574,0.7589535205536487,0.9551035478467829,3
0.8641055054820254,0.27175610511079296,0.5601508530786827,0.5436480325290337,0.39793580249988914,0.23919710908903452,0.07369897671827984,0.38795744496317125,0.3729389643712528,0.6045194066809959,2
0.1148538773784761,0.7919450349560634,0.4009805183512454,0.44547984833480175,0.44171269883068437,0.7170400731145565,0.9274861553905658,0.4889457609233774,0.4173283948324803,0.8379680031427097,1
0.5887748590703065,0.9422254376564021,0.05409737021372482,0.05307307105204993,0.436029101963354,0.3326434363607809,0.1637435518619419,0.44573497548131946,0.15060621394875584,0.9192441743349763,1
0.5035949648114744,0.20665188765401069,0.08078351619005547,0.422507646509584,0.259407816076232,0.1722893123167406,0.3356585497961557,0.07024298014188671,0.8679572862593603,0.9260650252635777,2
0.512985148976904,-0.045225693709606704,0.04548487080773257,0.598220853465858,0.3280422675147202,0.44088696552572354,0.9614155990985728,1.2704149672502076,0.20960149331593914,0.954404198350451,1
-0.08072649297825052,0.8612667288976021,0.3152978608567497,0.7998570925775461,-0.13812101255930698,1.2081658130264663,0.11488253524793829,0.5952957687181326,0.8797849657160992,0.9754643590991728,1
0.0293706945490915,0.7892305954433071,0.2871457113411122,0.5213130004086107,0.9286433137985934,0.568432228865428,0.9329305186502789,0.6727810809554817,0.6146119666681954,0.08170431999837105,3
0.7961993253997838,0.11348050145695518,0.35776366854569347,0.5579237473536546,0.3356460492443146,0.7702358484010349,0.8614421053128352,0.2670052511015844,0.5976318145725318,0.8589336517046462,2
0.4370049373556143,0.8863263254914836,0.32921761918221004,0.593279804377206,0.06290213785215593,1.1386693769323166,0.2598605239270604,0.4188790954843294,0.22215152641024388,0.6500901548848781,3
0.3794671364092142,0.9865671988152118,0.08009428656582701,0.37090675063875067,0.8063336812088012,0.849668899286724,0.8505112978824084,0.32490834652676304,0.5532205670978378,0.7011893841127095,2
0.4070712321176453,0.4258036504730909,0.32889274594191237,0.7629281431568898,0.24484283149628888,0.20026462565847536,0.42325340140872136,-0.10278556540366524,0.717817417193953,0.04915299103592832,2
0.7560628935771786,0.05894800588903942,0.6176722015851961,0.7331670203472682,0.7451193104878518,0.162168292605317,0.7712442698904335,1.0577947152196696,0.2641318438496669,0.7048345202934445,0
0.7607373239755603,0.2590315827678349,1.0722919977027128,-0.05837009509094193,0.38039558038993937,0.4215216627668764,1.3009692584035955,1.0677041958488929,0.6590570439474832,0.4191237659465766,1
0.6887838824105593,0.7595748793547077,0.7417780167303415,0.495427956572419,0.6313812875533735,0.5820343895581661,0.8239418082135368,0.13889761221866104,0.24690236688825887,0.3998879476401493,3
0.6409658511720687,0.9724604484805496,0.06638550684441374,0.029667139067329172,0.40331759230156394,0.25620345959493895,0.12368567849677646,0.554814212183184,0.07897820416132051,0.9410837756042651,1
0.7444563354520823,0.1694603992844821,0.09058094219304151,-0.462455419955693,0.5253249614351507,0.21421255291294103,0.1349515502993655,0.5905478322468185,-0.006363788125672815,0.7644014427076375,2
0.298007848148502,0.8583405884550201,0.9872792040490546,0.6023047247518502,0.03145714123454068,0.20753889325182173,0.24692203740879312,0.7726655416692465,0.07577675272623755,0.28845415120925266,2
0.1340559849453907,0.6012363956892529,0.47055197194614906,0.026287269025455022,0.9336196972383326,0.7534462016565359,0.48327711211994806,0.5438429700464633,0.3852319980952854,0.10192590867403296,3
0.6491746507985351,0.7009486973722787,0.7679940225327289,0.44869221082739835,0.6500868470507408,0.6513016042991326,0.856085181231494,0.08425798725472579,0.19406821728161797,0.34008971770551555,3
0.49781965735422407,0.06979452946027837,0.14316362962864312,0.8688302124145594,0.5475336218686488,0.7017433510250761,0.8927192026609445,0.9925876631582509,0.34838122478214284,0.8778738526395953,1
0.8385179242847771,0.5018077534737879,0.2766859307979087,0.7150647206234362,0.7769373067497374,0.786151221745545,0.7331850293675597,0.0477705313102441,0.8541976343687455,0.8830726096526161,3
1.0099873700370168,0.624269360005449,0.6042489595609937,0.36123026503486066,0.20983505073246578,0.6733924561021291,0.9587284392790729,0.7203377468492538,0.3095457316691106,0.7459415109360636,1
0.8388186305497398,0.5501799968421591,0.3457749773812404,0.69519596132324,0.7611019489201443,0.7685430343705917,0.6974491860792138,0.08676744354168447,0.7882908671826857,0.9163487664288367,3
0.7606008695523275,0.8562308595001099,0.10579477019791833,0.81033743577593,0.7914883710903345,0.997412668899603,0.5357507853072343,0.6262874407592885,0.10892278815586805,0.3677572770848981,1
0.33285665786193724,0.33515262400528,0.2610900780615256,0.6342899508824671,0.23804967964531176,0.3337582537673948,0.5747499752849704,0.021665563861520964,0.8592824501238383,0.24867243457378554,2
0.543652479693583,0.6395765872185515,0.33865846058531696,0.45253402859489694,0.10257208317213205,0.8692044795324452,0.1483785697110092,0.36117856992416103,0.08423093632712025,0.6392877490099396,3
0.7004113203574265,0.4799269432945604,0.4759511727415806,0.08925044766608622,0.7039845416665509,0.07005928915849585,0.3316511985898221,0.7658166576032097,0.8232283614529071,0.8766037226050338,1
0.7242714014823243,0.6309000909516854,0.8403977198875716,0.38664791514321717,0.563941572704613,0.5671989532038864,0.9303977358637846,0.16899455711160616,0.2812768287379198,0.31821241305494447,3
1.0460118933939369,0.17573471696538934,0.6919812877299185,0.8066303303299158,0.6113921362174811,0.4105638129761447,0.5572191770646697,0.48216889098892074,0.13299430889618089,0.5160905542571985,2
0.5418247803628159,0.8991549746023564,0.15902365697752874,0.08917949867928562,0.7766221848389842,0.0862139945941698,0.24741849443915645,0.3856119308053349,0.604826519835287,0.01453556960743705,2
0.25045369797176154,0.3138914229292118,0.23847894266855366,1.0400863598001415,0.3109602705112708,0.7418833187166526,0.5532202101095056,0.643105798471122,0.1679081882027192,0.9446101965951923,0
0.6560431257788097,0.8725976261627021,0.014174994657427772,0.07701296475984658,0.3436054722656728,0.2786499109221131,0.13074080213161682,0.5247001409536525,0.142430720061167,0.9083761208076658,1
0.5632111835313035,0.8413263740057314,0.13671416683471627,0.08063437931255875,0.8041372808388789,0.037425868563193035,0.27886611927139154,0.40224441229859553,0.5901309888587379,0.021453934895340886,2
0.7640743020016466,1.034798843287404,0.5271546819619051,0.3165237293820455,1.010647063183045,0.051319362822304926,-0.09978064197197334,0.07729956548367634,0.7394620577722586,-0.2104717119891416,2
0.5580962685843963,0.3365593204658616,0.41582959561187033,-0.2687991122450826,0.1807226572201776,0.5157850221816407,1.095051421276016,0.0863521959524686,1.4634648948550881,0.7156962887695771,3
0.0316199259564989,0.23820557057905,0.28585058848475203,0.6822999013466171,0.5092216218664258,0.7580730370392733,0.7818154989871928,0.4674352574446772,0.5995530988705655,0.39282651907054517,1
0.8777739695168678,0.06435660582389621,0.920007522156854,0.7031341689442034,-0.03226845018259378,0.22458893826583792,-0.08230481158767197,0.06579208536092468,0.4343810859554787,0.28191047458335783,2
0.23575654777620753,0.4137955331595735,0.5689678878459667,0.199852969927934,0.8450591886283004,0.8153629912737909,0.45214722716080247,0.6753697098243425,0.2931810226105937,0.08567861462868165,3
0.8740144312092601,0.1580241704532965,0.5559395683420015,0.09778894257509343,0.7474434845449349,0.096599182206556,0.08936801542873335,1.0038106566739533,0.3670016136365555,0.16337888465932782,1
1.1045715475269686,0.5848892897905186,0.2870219933264949,0.6537905066191045,0.5214492927525831,0.7718066440219923,0.6649935320198594,0.4492375045713067,0.7512793769855233,0.1651563567681424,2
0.948121978751981,0.593310805031723,0.7215052694571884,0.0833625597412124,0.49893532007534597,0.6580659110061642,0.42341439124222396,0.22304417917066444,0.8544705333671829,1.000111301106102,3
0.05065059405875554,0.12205302375027655,0.7782382926894553,0.31429959362381954,0.06275328579825012,0.27461961504209054,0.6513514103406657,0.41375799334708807,0.3166696021430137,0.4582835717976135,1
0.5913567410462299,-0.05644643886038764,0.4206284167913933,0.9351111458503305,0.5423398851088462,0.8632214969628293,0.10193346532911368,0.3072523717624111,0.8730097414858331,-0.09365097157757257,2
0.033241378155440114,0.23781868816854052,0.7097335584296136,0.0009062444742172007,0.04703991056123723,0.2828211119442575,0.13733527985705293,0.8676806778140629,0.47848273085956833,0.3056955201386949,1
0.11579455141882872,-0.10042419805784619,0.6031221270958735,0.45551205759282415,0.3154123324903728,0.8292894491832199,0.9001441472519446,0.3803279094773029,0.9350184510286736,0.753444429141328,1
0.5125931789935316,0.5378670593173434,0.08219940158345973,0.7723989869047623,0.33198002017053635,0.3487382703628933,0.40640128362366434,0.3755510310770284,1.2484256669712934,0.006896718207008212,2
0.21170403530197396,-0.23578628527332446,0.7216752008811615,0.14177202871426253,0.32660506221773156,0.4033881012126727,0.2603836855784939,0.5897680125814544,0.04857117517594689,0.9048658113819493,1
0.45348997267623287,0.037691294015022,0.23016241745264288,0.804140405531357,0.5211262340987836,0.7020664052474114,0.9643133992884323,1.0545136780691302,0.31507960686151404,0.9753501084690142,1
0.48405715373656866,0.33838071241879725,0.46829111514527955,0.15217137626328503,0.6559517128428425,0.021306245183021245,0.7662131780368168,0.5349860299022628,0.46401666795424334,0.5421021846676995,1
0.7253902320625699,0.6016538787163618,0.5645797446577807,0.23376867224314912,0.39977856902374104,0.051705752138918,0.19876607241718758,1.1472596515234121,0.0630535110208165,0.17855310315108097,1
0.14156567383997837,0.2855430811479876,1.0161423256912667,-0.270330736420724,0.031816845383649595,-0.15970007573000905,0.2865487066264092,1.2186642172516535,0.027463176421980373,1.0027843772546752,1
0.4961722605422624,0.29128558538971117,-0.46198809318187994,-0.44045401209695223,0.34426056181281994,0.4964010545490728,-0.17177483134673532,0.8441822428330719,0.2677662416577722,0.4105696813815959,2
0.2909404902511127,0.43604134361513286,1.0007778852153697,0.6209975337516714,0.3686085915200932,0.7340114542789223,0.16139228564331515,0.6664059860628754,0.9422328853143398,0.40909670948022175,1
0.12782779234191444,0.21043800197102822,0.27021965376638235,0.8028242836197165,0.4995356003673155,0.8498729078767276,0.8184438605497801,0.27246064704893336,0.6246156538347674,0.4104419204923442,1
0.20705405627440215,0.5532657860212823,0.7709332962050736,0.8310260269133223,-0.1439629214833295,-0.11042217531794374,-0.5583347925281132,0.3380002190698042,0.4327515601798796,0.23420899203037504,0
0.7604784924607655,0.8865308830041351,0.027742347141193863,0.2338501736169093,0.9856454238394958,-0.10455859574343487,0.38604933823443033,0.44223975239394825,0.3986262170920275,0.17836094810640574,2
0.2193916918852908,0.07197926823149758,0.13296773550415036,0.4838746314055908,0.4949580907768713,0.4220619976800816,0.28632344303367635,0.2981437889088193,0.7497467306012418,-0.16593453975345374,2
0.11639610359314731,0.7154850877832455,0.24386853977814898,0.5700168426538496,0.9500800914771843,0.5658036155966364,0.8790922465801161,0.6124336765218676,0.6527638440130874,0.00690948938567805,3
0.8138911804599163,0.5029267074160584,0.3052523497584078,0.9903699913905595,0.39240288925400585,0.7777983001987157,0.9858489701109769,0.5714635346160302,1.080331777261127,0.16420090059574383,2
0.6025488405366671,1.0305039372894533,-0.19527396638000727,-0.24767143180488577,1.1334374836166667,0.15801912192478101,0.002431525875464191,0.37315224968344135,0.6242961496616674,-0.2833094555290305,2
0.5780239216119107,-0.052282342613934746,0.23285125590624312,0.9025943258945575,0.6712268990017662,0.8209753915198741,0.7229519303313421,0.9612066628406365,0.42872129882432025,0.8161230847238929,1
0.9473355266031024,0.42348274124544244,0.6306972878955994,0.6626702647829771,0.37029245842355496,0.44198188066107846,-0.07983021691603578,0.15189764216779153,0.33621298215592277,0.5248850372053143,2
0.29825547039050027,0.5742313807636196,0.7245344785540899,0.5776172270284317,1.0139815574414701,0.3775493238350182,0.9157115570403749,0.7172560101797291,0.6152860030223336,0.3340920777479495,0
0.7751041210848836,0.2966840932265181,0.6485177636791789,0.4880520244903541,0.5225958180325463,0.31002353941089045,0.8140117754480776,0.4750762770007798,0.179627957749465,0.4531702795310645,2
-0.12457698494087172,0.16281131405613686,0.33982380349073404,0.8248998996041219,0.7905989429610492,0.40666901987445625,0.9770623665448861,0.39689447039588804,0.7749048959613889,0.4972928099001302,0
0.3738149308789076,0.5852658154016649,0.9453283539087151,0.22495865650547844,0.6227723135746477,0.2685606950398929,0.44196412722764067,0.8422455876594241,0.1590481943031538,1.0686623741049717,0
0.6472803453659991,0.18317491565967703,0.19444579838644707,0.22366882940739308,0.6506411781110251,0.0034577877323408723,0.6097117709591738,0.7590613476946575,0.5561535805992651,0.6173384080091179,1
0.42374993205707234,0.8060095363629411,0.932939430846639,0.12013005794038979,0.8492596408232523,0.38942000939985566,0.6162243162024341,0.6233203439875692,0.5782435712894425,0.6550465054282608,1
0.944426230222535,0.5899925568881237,0.7861165595548669,0.09632931435329925,0.5238127000846605,0.6026773466065064,0.3514462221069987,0.20863692226122207,0.7946339678047909,0.9811935940308641,3
0.30632262059996457,0.8573904380252572,0.9641597173370333,0.6048814292208337,0.055759720762869364,0.23125665780051888,0.22296505977168168,0.7920912117831086,0.08573940256552412,0.2805097074182523,2
0.1850210829585619,0.9147240182917168,0.4269193065010286,1.0017767424950985,0.13641402895175858,0.07073008406635808,0.8787390693286126,0.6555826968993697,0.08494391933432996,0.7579374468244574,3
0.993425278063591,0.4748035873787964,0.800404791143475,0.3524902455975248,0.27064169644844616,0.7020648955168178,1.1059176343501713,0.7786552282303422,0.4557919040989812,0.8155307274113907,1
0.9418446678318209,0.4022472340665312,0.1826517471329313,0.8910648756807626,0.46287547189302003,0.8794625349312769,0.6553149468165866,0.5455624551115756,1.2707157048205204,0.6182655141785274,2
0.5557887026615667,0.9992992733709305,0.6486816374636624,0.4954394764858841,0.6170963986189841,0.5134602534319574,0.09156677102225547,0.27626622843007914,0.6407786985053927,0.3926985389108856,3
0.06322339900473291,0.23360981099251066,0.2071913684918076,0.5971417104604496,0.42143953100688397,0.9471038752037634,0.7675324361651642,0.47372070602294303,0.6580558368615469,0.5568554933155379,1
0.650338168103708,0.7759787090052822,-0.23304464125862992,-0.03939284947470977,-0.054931132972653895,0.8413796380760763,1.0938824386868866,0.10510042294741526,1.0734493964108505,0.7554199362031062,3
0.48016016254774874,0.14971153701025042,0.10593004026433052,0.8296344713993682,0.589736058428144,0.6740463242214357,0.905573584637932,1.023656875067004,0.4310360905046712,0.8394388453675133,1
0.24422369364403196,0.8878145948053627,0.045740562564155963,0.4445728649531366,0.6326149999272698,0.7562784452095185,0.9537159223312054,0.1924125404430051,0.766228294196418,0.7233374801031405,2
0.06653299692690837,0.7505771792993663,0.3029071838579422,0.5026078163123802,0.9093540111291318,0.5767206864127642,0.9246920377883937,0.6711389831181778,0.6165839208699375,0.10444064390435126,3
0.37552375726819376,0.9380295331468308,0.054809658710027125,0.41107883030113906,0.4630326312381504,0.9061312329515995,1.066523642095684,0.37570136103814233,0.6353502997298108,0.7538607972529853,2
1.3980134620388096,0.6824451032112908,-0.09794300674464884,0.4317417984052001,-0.0029846244106172537,1.1643011224230961,0.9410200434681398,0.8901410114674416,0.7553107948262788,0.3804043932006544,2
0.5081018515557278,-0.09827595961335903,0.44559471735932354,0.5217509651004869,0.6749897649802843,0.28042857565012774,0.7850910735499397,0.7610208810595296,-0.12516896419528123,0.46394683868577663,2
0.7490325830639243,0.6790916987323478,0.26887852242159493,0.8811559894756708,0.8810098463000982,0.8045514429360859,0.5238454460256556,0.0030583294103108116,0.6688005179941809,0.9122216126472581,3
0.4250010848657279,0.6680952915592246,0.7392106129305218,0.5306598863635901,0.26042226707520916,0.6239219570895013,0.1519395352739595,0.7511433147714912,0.5250869749421948,0.13924934934279676,0
0.8369752859368297,0.29453029339743764,0.18843919165805922,1.0251473826664883,0.5672341509616556,0.20715814992144688,-0.017670053106132802,0.7309809032461028,0.16221006913069178,0.228791366006711,0
0.31721601422746915,0.4397156377283117,0.3443120094554766,0.7356877693800433,0.13688533982371665,0.4128763486670458,0.4684384029619598,0.05503593793961844,0.9563739949039607,0.20586752318369847,2
0.7898698808518402,0.6202819269373177,0.3433904560417883,0.748706169385197,0.7004775405985397,0.687025979638968,0.6740853509879574,0.15479543071123433,0.8249428290242723,0.9503120154959039,3
0.9201295546005075,0.551412388872187,0.7543446990861601,0.06970301967006143,0.5557106394865541,0.653560010398077,0.3702119147235526,0.19820975236604502,0.8417988466795483,0.9724179463806255,3
0.6697650535792703,-0.003535216638775096,0.1551362886924014,0.713514490852495,-0.28034029250526277,0.8999675348285092,0.9440677752865007,0.8952103867961849,0.9139850443049438,1.397882781154145,3
0.1518390241518492,0.8922649604731269,0.3874144255056998,0.5082852809073359,0.4579304051207079,0.7290091980898509,0.9549051097899625,0.5876846908662154,0.5315501451499819,0.880066305521674,1
0.3444080879163198,0.24718659945768448,0.868048636866799,0.4319975711423939,0.4410214248129771,0.7161671117209175,0.09128242301172033,0.8598383068537047,0.8366664373490186,0.3111852212615304,1
0.03620248092457515,0.12049754802963963,0.7792395780712549,0.3129737389790787,0.06351193495132852,0.2757135054927539,0.6433040072304704,0.39708322814154606,0.31797007756716505,0.4481729529943216,1
0.06340595949859405,0.8470037376323216,0.29463152410813503,0.5497160298239995,0.9358635163477599,0.6034489440606638,0.9718714758705308,0.6801747616279457,0.6477658883156655,0.10490553113389958,3
0.17126589339793408,0.5859318373879074,0.45315051094675673,0.11201520971751766,1.0040255388338053,0.7644523555664102,0.4655007327772784,0.480901739380808,0.44929143786027964,0.07041317586900094,3
0.5276233789821111,0.8348613031511509,0.3393265234720373,0.500965088705587,0.8179217171012376,0.1872026941619483,0.0299961317418091,0.22286183958937514,0.5319841560468727,0.8988448215757652,1
0.689173425423541,0.6563550409248241,0.7479408905873233,0.45643141728066206,0.6700041118514004,0.6924697124191851,0.9050599409004614,0.10213149707139325,0.22378281561090035,0.3544600975349701,3
0.5271047456532407,0.7264976035633244,0.8425286798970684,0.5561238660874808,0.20214506453064932,0.5460723408140534,0.16458373951729302,0.6613023119603081,0.518760469685415,0.09265942150900452,0
0.0898469047281862,0.8163262152521319,0.437433458440567,0.4956644294365935,0.5343369408432217,0.6433478291250324,0.9744416458084704,0.4906403587869956,0.4120157374892085,1.0037480923860982,1
0.3548053231979914,0.09975615943421101,0.25864854749449157,0.3849900655846667,0.007399916950738328,0.26316658713550123,0.4432723296387055,0.08952934325346566,0.7121090042928593,0.8164584208774164,2
0.00401437266498475,0.622302878097533,0.3630046535821373,0.24938050767287667,0.882329769738705,0.9213602344669931,0.6353010341455478,0.5029031593895164,0.2796551261942442,0.19437877515011026,3
0.7229497497280717,0.8370404078806466,0.2780861148111937,0.7912681270032882,0.4108399686952741,0.8372589708719531,0.5791546000262131,0.28780195423183846,0.8325512020942991,0.3637838111084967,1
0.7794207514263803,0.4266239987029952,0.8915437988917837,0.7193494173341527,0.5208232096120323,0.6048655024919837,0.032423002823739853,0.6577173126294608,0.8125682034687192,0.37334230533390417,3
0.8807407924616412,0.11660637324764271,0.44042676187554486,1.1263872028853097,0.5822520290786509,0.3215065447005511,0.5899812012519824,0.18195277430336093,-0.16682380829671772,0.8372873969090588,2
0.5514238476144914,0.3755300638044435,0.7477984401260915,0.7270864411049842,0.05164805889590733,1.2871117543089814,0.07803861891035906,0.17589597620541925,0.4112305846152584,0.8388064624950062,3
0.27224400677371585,0.654995925856232,0.718508225298686,0.06877775651381066,0.5032621816951225,0.34195267910006955,0.4835706596471945,1.1255319127510293,0.35285423181966735,0.669970082833016,0
0.11465247931692893,0.019938450030502756,0.6975585696232812,0.5803065048806051,0.09939701658292877,0.5799462013786045,0.9550104250875352,0.672799973307411,0.22909545779264784,0.3823848165403251,2
0.0590455343463427,0.09829243903143123,0.19193507445319422,0.5354501181452596,0.3881276930902432,0.7677753609726065,0.7888553417249689,0.5026155168007674,0.8473103994274153,0.8291410912294785,0
0.8924449200588589,0.6429444626642496,0.0641037455318122,0.9169467054404028,0.08262696810357004,0.5902010989732088,0.9972814728247104,0.22987520998132008,0.9734499623689522,0.29074916345002194,2
1.0177650692217508,0.6079765681214544,0.8632930064101241,0.08944458242875375,0.12951325287431212,0.7279977112224617,1.0151891467238177,0.8059832101634776,0.2504807338107542,0.6102584750499895,1
0.014527645069459146,0.17496625408573868,0.3887010833659999,0.5396555117470425,0.28017690650705823,0.7632450557792818,0.9362615170105745,0.18855841084373043,0.747201889878673,0.5472368146759082,1
0.7721669917899872,0.44257586596777165,0.7524818803251649,0.2905234090306448,0.7243285106730861,0.6182454604359127,0.6162220680754925,0.32239806895292833,0.06510506573412242,0.19928766204608936,2
0.2751487320986512,0.8777023968378328,0.7368361320496781,0.659633806304536,-0.1836651514270558,0.7542172051878692,-0.20025650549186103,-0.14012977728668013,0.1909957094543041,1.1929182664530136,3
0.5939172302117648,0.8802170710579286,0.08414083424596443,0.2156014299153397,0.6602795739071498,-0.06662068561946297,0.28424086344107874,0.39986616651328727,0.5014016391510598,0.12293673616576906,2
0.4056878310770396,0.7038513424424234,0.6916222548509965,0.4544138884239236,0.3013736585828293,0.5489595906946164,0.22797192606294134,0.7599190506831207,0.5488384039538787,0.2208829282322524,0
0.317416070604688,0.28480642905850917,0.4810071967556418,0.8307627391442639,-0.01845253706807648,0.2294292755811549,0.5005412268141125,-0.025147145051228836,0.7767692134975427,0.1933325757612016,2
0.6260167585554929,0.7936893280491671,0.01657571240800486,0.8081287931583383,0.49123571497012963,0.7684532761149121,0.5913238490298466,0.37189512469217917,0.0258723103410766,0.27070387418207714,1
0.37501537500787496,0.23046675408743894,0.4023441524139578,0.7891629136730836,0.5223264439976423,0.5625803312714326,0.9182767558519129,0.7447795871341423,0.5821013776718608,0.6182065406116608,1
0.38091008621675737,0.9574624355490242,-0.28590088547640796,-0.15347645280139177,0.29141665077779466,1.1218753141359943,0.5798413608613859,0.04433188031961602,1.158003189310944,0.5868094325897444,3
0.7363637396834305,0.42237401217313086,1.0258360472808232,-0.3731133619234611,0.39520120286851834,0.4950248545134915,1.3746445762965567,1.1268761052937655,0.5763281407747832,0.7576791958200891,1
0.74861118426717,0.15311918880171338,-0.048343221257241,0.09834193155642301,0.9030822590891114,0.2991609235488682,0.41675560864567346,0.5973935152031894,0.3109511627500866,0.7924671409130423,1
0.26265168171544573,0.169518188298164,1.0039036831039931,0.6388990998015115,0.44389004155278444,0.6052814755333387,0.2612524626612348,0.5841803370312312,0.8475946220306162,0.24558522491013743,1
0.43716161048958624,0.03220734449774937,0.043506469328083386,0.8467165221709068,0.6418830249648947,0.6097970721721819,0.9068164429784972,0.9150142852871468,0.3353843057861036,0.8183076578730127,1
1.2361456138459415,-0.032834906154903754,0.22193956454136038,0.6370244081587039,0.9135900805797994,-0.7544398641417854,-0.14710226432739484,0.5452242300127867,0.3029797067804168,1.7448124000927552,2
-0.09258933594165722,-0.1220120641791976,0.10708835161023886,0.757847821102269,0.6276686210388136,0.3065847213622891,0.6080435724252566,0.03488408389385461,0.702739027663885,1.0680623027464313,0
0.7456524953153341,0.8583022132093848,0.10718907342665124,0.860643340189017,0.762362571153845,0.9151540460352046,0.6578096024073852,0.5624732527552685,0.08219382339406313,0.3045242005211233,1
0.047610413054681715,0.11849686984541745,0.7701204602426912,0.3045488222057402,0.062304690489381705,0.2676520190351575,0.638044337617161,0.4104914463748583,0.31173426668538745,0.45187845122583337,1
0.7987879037279897,0.5233744840127491,0.6427347719636627,0.2805185609191864,0.18324937206593223,0.8447357308378195,0.9017298004542349,0.5834215747887146,0.22557058111454145,0.7110341125347558,1
0.5495881066837758,0.7862508988032167,0.29171963806239565,0.5425198805575798,0.8338674503114009,0.18553330307612195,0.0352665314022347,0.24320163591999247,0.540781528163708,0.8956071534181124,1
0.5713298433814294,0.891835020781212,0.15780619195433293,0.11103306842478418,0.7802911963188173,0.051097503199939505,0.2702719545634891,0.3924096479973896,0.5686675307907993,-0.010096549761147641,2
0.6471647257892214,0.3370179121017505,0.2925222046056115,0.9226871786292945,0.15744792824018672,0.4665304640829541,0.5434855806446264,0.5142110536256348,0.6872107801375658,0.19248031286507847,2
0.03421674309665103,0.2335261146739446,0.7183592092255366,0.04428867050196191,0.04766097332456827,0.28452584481881016,0.14448785594488797,0.8842029119991729,0.4698896297172062,0.32150056438021324,1
0.47833392255526586,0.41583066297924026,0.7868530872885375,0.868946815683274,0.5351707123740908,0.9849900316978923,0.5557667653012984,0.2643407373875144,0.7935089925286173,0.14136742007958442,1
0.5383752658544957,0.4351038390586512,0.8781455776024628,0.24051574621810656,0.8379770492987841,0.585031230537398,0.6506491302108991,0.430209355397641,0.15318735578906853,-0.04849788974101904,2
-0.1281787369233407,0.792011157729521,0.34046116015091876,0.3332839076264238,0.8429349827693218,0.3402137330468522,0.9779295971721907,0.615154548941114,0.771904706643951,0.20558625654820067,3
0.2524544503929743,-0.10331306958717068,1.0530064234523162,0.2641827298007693,0.9395952280587785,0.7019227007633435,0.5906785623582715,-0.03021455027837372,1.5046318063688666,1.4076014414244025,0
0.5259182541994186,0.6145657467480262,0.8177213883201578,0.6025290118124612,0.012376784314057393,0.39763019159171886,0.17859829369215147,0.5373961080410062,0.5824270031144445,0.1883630833834704,0
0.8575495065679131,0.5505172664774047,0.24870052392622877,0.7339646469840196,0.7630405611610861,0.7943167477741242,0.6455611747796944,0.023324165922812223,0.8654308571471506,0.8539355406062235,3
0.023523088008667037,0.1040751304573248,0.3837085065452316,0.6718829027657359,0.599445065482109,0.6057714199136044,0.5158889151303611,0.38425302795647337,0.8847190217657037,0.8076850480334128,0
0.7251861593413121,0.19414297298928124,0.670533779982408,0.21574869417700765,0.43018390233931625,0.46798888994416243,0.1591612320894199,0.2553674666498461,0.2807641025896509,0.4019607404376595,2
0.9009158710645302,0.3517385575085231,0.5689573894368195,0.6088023126064543,0.30540114067027224,0.15815015096945287,0.1699432935152918,0.3335285623346861,0.31921318169882706,0.6542814303212336,2
0.8817850289056983,0.3015032286755413,0.5501053524020175,0.706990259252273,0.12388850540181362,0.36763417276714366,0.3348897478607465,0.621859344074131,0.5581198072820901,0.7177095950085863,2
0.7655809904043948,0.8951379188496227,0.07774484831145158,0.8739083804608399,0.7105776928931471,0.9731506171244956,0.6307348910943741,0.5417475175369412,0.04301781126768557,0.27638741099671194,1
0.30291360084521346,0.31454460556047614,0.8919257262027993,0.7539508894366637,0.416352233001046,0.8557657437280204,0.2067995657773104,0.7766472020825136,0.9470109716595401,0.3244985948065652,1
0.9620751743518945,0.6008751756425309,0.7796993845773528,0.09230866374161185,0.5318896300691388,0.6366616079815774,0.4034651471013435,0.19994107626608795,0.83714806398823,0.9534530572845974,3
0.852451313428481,0.11583896828302416,0.4935235509058028,0.18870510481378966,-0.027527393596633143,-0.04116041106163071,0.39807365657839944,0.8964673229318638,0.05943434581418936,0.6330642487617478,1
0.31067364753438836,0.8644853013584303,0.9688096914950631,0.609056185063133,0.06683074665751372,0.21719434327779277,0.23035850941153752,0.7646269427671049,0.0859376270517909,0.29525804206296313,2
0.32834445623219266,0.5044868252603695,0.2868439423504972,0.33207493268622734,0.4944806062409224,0.07678113649119897,0.35180781046432613,0.8657621551022302,1.1604084198117373,0.6186570834453294,1
0.6920669613669926,0.5067226790029757,0.39777427674027155,0.38422792829636454,0.01104230192253941,1.1954173642820523,0.3698852563578769,0.39705947288397714,-0.14128031977811434,0.5752200096818807,3
0.3081623692572977,0.4258650165789947,0.3780319243420264,0.738415596809475,0.17434526590113897,0.42274700500584556,0.4824901224365099,0.057447925073272954,0.9586938920939628,0.1740466344373829,2
0.43532462596849075,0.8815898360063603,-0.07621860935837577,-0.0997283069778806,0.8077687032344957,-0.06322170708888411,0.42776160507031724,0.40640233664057634,0.7234212566853157,-0.05659950948881318,2
1.14298946336657,0.4695857132849452,0.5010073317391273,0.8323755863021005,0.5292275235996737,0.6888314547579181,0.8943226609540698,0.2713789396768145,0.7589085757505794,0.24506976625183655,2
0.17850724477207885,0.3855739905401948,0.3715662128385736,0.6286160020042407,0.6210961410562712,0.9631510428817618,1.016325111034903,0.28089934161591334,0.8065491100806281,0.600106040904339,1
0.12111404818506447,0.7708631292906181,1.0881444315307272,0.5549525923366404,0.2534908910950868,0.38835530252254513,0.3925200936689915,0.95780193260592,0.7643868010013564,0.34384720996003443,1
0.5702273712944568,0.4267055408817637,0.17386825187261545,-0.01620580354324247,1.2748764957594454,-0.12633644995800913,0.9773677936830933,0.8723142312851749,0.7493037584192004,0.07909347934470179,1
0.29511958204387256,0.41531890069718946,0.5337457849767784,0.5943316522981423,0.3725199153816119,0.7180429690301543,0.7107432205045046,0.38408346595407417,0.6435530143728273,0.7287670873267399,1
1.0497264053401139,0.1469038820986733,0.452691388049719,0.2956780523789847,0.10114670576491792,0.12787067981216155,0.4063054336978553,0.8665996054737761,-0.0998049546396756,0.44895241103729117,1
0.8773436414151384,0.6984952481683672,0.15064069982655937,0.8412526652959051,0.31053254847574635,0.9503592365121419,0.6991716013747381,0.16315399571680117,0.8505390540772663,0.36470342705231684,1
0.96119954906867,0.5937983057616001,0.7804101029985382,0.05643007952488355,0.5475801728414054,0.6279125271831921,0.3920156711635466,0.20611260473318274,0.8215144632149449,0.9895959229579918,3
0.6734232058900481,0.6154638932571606,0.1351367912104578,0.9069708770652006,0.12013984399217452,0.5663613592165989,0.7268938058085507,-0.04090076667370486,0.7540907414611753,0.17892581447807177,2
1.0735387693485365,0.4562767669562978,0.8507322013401362,0.056636673482494126,0.9060096946224272,0.25828770502942167,0.8075278601563965,0.07193001731738063,0.08096964125351175,0.29822970059032206,2
0.9319250599307596,0.5353934813062708,-0.10884391814044181,1.1874686144231403,0.11082890311246482,0.7575859211145168,0.11842637758469443,0.9900506419291146,0.8896273534262016,0.03904246101484693,2
0.033720003655989865,0.23598335201316645,0.7034021490648554,0.01718290352373583,0.0469305385308299,0.28411868017266617,0.13092197477740875,0.8738441741851759,0.469421864571491,0.29487294645977247,1
0.8674678254649869,0.700086001277535,0.14120673536693643,0.7852460954268929,0.3682378430876166,0.9673082085613396,0.7094187003567077,0.16256093283943837,0.8193869577651184,0.31261641949844243,1
0.17323482413186653,0.40472439689535905,0.2575801478620729,0.15001302757473248,0.398037039631648,0.30494227952863184,0.04513780275510505,0.25598849514308164,0.9116599621347372,0.7478590976703579,2
0.6267047253748326,-0.04640013317061217,0.6138925003708726,0.603666719256467,0.5846680172434405,0.147117766847235,0.6301754043369454,0.5465342480302486,0.10566156941904575,0.6741745795144286,2
1.4424368933034795,0.555621441151064,0.9468000086491658,1.2179701453332372,0.6024895651705946,0.48763560830117186,0.3266259813380901,1.109851617695552,-0.23973087823146622,1.5466275422926206,2
0.909994708198148,0.5728121849438363,0.7777825649152169,0.09813426144060694,0.5809390440739001,0.6731747291484007,0.3951877603250454,0.2018263509554336,0.7709729362509228,1.0073568110029925,3
0.017333265456436653,-0.21393339424629615,0.5954545565160437,0.5720927832286471,0.2006572114348515,0.6458340317630685,0.9792755821273891,0.4833688976502274,0.8238709723939383,0.4582514980535207,0
0.6697844816739799,-0.32145198557720617,0.6993287690483752,0.48410199061355275,0.5773593254076707,-0.17702926512064632,0.47242919854321724,0.7826390300729911,0.22681929403977444,0.9633873770376133,2
0.33328216492377344,0.8749019574752057,0.9215793389316448,0.28883039372699676,0.4521710848341031,0.5619868932082768,0.1551920082840402,0.7033268702521549,0.7069630218926568,0.09801426173940553,0
-0.05438367309257047,0.24868404658877402,0.05758322618282769,0.03237998177379204,-0.27299284547062275,1.057172161415155,1.050031314863006,0.36574641556895393,0.8570716663599358,0.6387984311304977,3
0.5897110048408336,0.9399630674505205,0.02572593704109853,0.11076209226468449,0.4204307697051633,0.37295589853975414,0.1081596340182083,0.4816992393605582,0.17155751179691078,0.9575203904992875,1
0.5285009668104286,0.3031471486760474,0.7039447608625845,0.7301977040546201,0.16439709620193696,-0.16020444711754017,0.5013204807968883,0.6766592139476082,0.4192246133510233,0.6118170829276625,2
0.7608322348364078,-0.04222771228715003,0.30596238198471026,0.0007810548002587236,0.08815412075288195,0.2744178106134111,0.6639217809004663,0.8825722193307362,-0.14910933235580498,0.39826876816335205,1
0.46153173571576755,1.025673922535677,-0.05782764572422744,0.1307176967995533,1.0006349397583754,0.18348570273588205,-0.08462017715403511,0.7202196153408014,-0.09335363997273805,0.5959849177908227,2
0.7898422028818785,0.26402697697575944,0.6496898358518989,0.12461956801686283,0.8414268677564845,0.34453656320782566,0.41615321029677643,0.12619207286832665,-0.09465812693265843,0.2831925009569446,2
0.031544422635707135,0.2356092968525663,0.6986061561364818,0.016793973815912504,0.04268002072789094,0.2790563902824982,0.12932758050806492,0.8689664922859377,0.46383642541434456,0.29585737561126285,1
0.5897737634346071,1.1143833821110452,0.8326828192305624,0.7437435793614242,-0.3062336722490464,1.1851507794145744,0.2405626139477266,0.48916140030022565,0.4350026416641763,1.1293506289573414,3
0.5733186300457775,0.8352756103792175,0.19222866265604593,0.07103235129805388,0.7720219733403283,0.06171392153857063,0.26270093513031867,0.3409032029121385,0.5493252388361409,-0.02718164059049983,2
0.01064485829844422,0.11541449350547356,0.7523611232477257,0.33432738893222924,0.08588825784262086,0.26642752914209916,0.6333062982093468,0.4325976816000117,0.32581421939546285,0.4469536091200107,1
0.23790431270323628,0.0683502534916342,0.08244916212657441,0.5152332295908304,0.4215549906070928,0.5856548178711669,0.7169568414130326,0.2942369676203578,1.1096298815199495,1.007239220926325,0
0.9498501710320836,0.5888229207600104,0.76825906375093,0.08476726322250072,0.5323514916906532,0.6102436627024107,0.38456511257611115,0.18188787642723434,0.8242906509000447,0.9950426040321466,3
0.06519929442658733,-0.11487622078662704,0.5175666849115312,0.6574433347944612,0.219536407199746,0.3763877242348599,0.3368928758061803,0.6312470990919957,0.9315858745191223,0.8611311065216334,0
0.8369749322525163,0.5961572280944094,0.26726234124660186,0.6146702385859735,0.710281150857653,0.8604063509032964,0.624690243433886,0.18133064864765047,0.8604070553180998,1.0381557367774725,3
0.3631776330260473,0.44892688120849944,1.003371537833262,0.652734086655803,0.4166602043683053,0.7073950564210797,0.17247238001332987,0.6653636843303902,0.9524159474144132,0.44208906173773815,1
0.13997278353560086,-0.033664275711400404,0.4641057194663239,0.6817215192739836,0.6590917966408938,0.7325986625921792,0.539325410304288,0.3397625474941751,0.8331247119281339,0.8076523056816176,0
0.839174808951263,0.5076776757479452,0.8685468412894228,0.47877731568373477,0.22310522557665527,0.6775292462318103,0.11314626617434165,0.050356160580139864,0.44114902704096337,0.5397432674913116,1
0.3383407822667786,1.0667544457334983,0.9458828210259016,0.166332695267989,-0.08951164261519892,0.5275150069649003,-0.23502537916477007,0.5742654194601802,0.3138875877273203,0.2937678218752475,3
0.3786944281780121,-0.04611243498523099,1.4340228501761878,0.5939028057738714,0.25034307610348483,0.43943995433660205,0.8795195728048368,1.362617469187493,-0.34796142730476365,0.6598477338479163,0
0.11802329393059416,0.5548413564084382,0.696113089461387,0.9365667387266827,0.28341982506158026,0.49128259840170085,0.7058511975845303,0.4702417668184925,1.0109907575157608,0.46816299586718507,1
0.29333726024866436,0.17449668032852975,0.2819776797435704,0.9077344740218772,-0.24992052922812225,-0.22760742807880296,-0.5087504995696364,0.49441279189288245,-0.006218888264121369,0.7578354558371054,2
0.7665080701084358,0.06995255980930867,0.1312453435951629,1.1816705348450458,0.4290497223978067,0.3659439565175699,0.4476968469413572,0.5558771509615505,0.469827465139938,0.05147802282120792,2
0.10547040163290018,0.10657458868718196,0.8451647548501463,0.2757538510746869,0.045731047062635755,0.3550500423489552,0.6234972932345074,0.40798808046122187,0.34067939751832493,0.4974334605964096,1
0.4606734375828332,-0.1330688434774888,0.2218788284782603,0.3342565710657773,0.47255925416602756,0.1619347376840253,0.05893048787095978,0.7151475821383637,0.7135261536950356,0.039713155070936895,2
0.5316940988015865,-0.36312597839504623,0.2775389487342789,0.3846309943295011,1.3963947293140724,0.44648110243361794,0.5701436876765043,1.0273658240384373,0.8445709882226395,0.15354053914724022,2
1.182228779372825,0.9325217635910803,1.1949082651577032,0.9246701597323572,1.5660574302795482,-0.03000115485404714,-1.0508090539202053,0.13192249790864102,1.1266257342704868,0.8501836828328773,2
0.062496487128493886,0.0796284008162109,0.7223722836878991,0.27208183676286996,0.0921279132412669,0.2651094420496176,0.625145762645935,0.4051159407848937,0.35072081157960694,0.4574180865961849,1
0.8241627140437764,-0.08092593584692634,0.12603101612828616,-0.05947769210890841,-0.23576958634199116,0.20633244947818413,0.7705069626975504,0.6739183186805693,-0.032960553262912196,0.7260931493459127,1
0.35492175769317413,0.7300928343017931,0.6801561177444819,0.5882752345625352,-0.06511897341967737,0.8166946415146117,0.33724778738472305,0.8163327422156841,0.8182141090122277,0.5931660359387085,1
0.48471075634170524,0.8991652864412155,-0.07866781985449856,0.48343029416345684,-0.4418938853121861,0.6939964913531206,0.16474137742743256,0.3700439039023566,-0.4348532722167511,0.6650747472749629,3
0.6965489166666559,0.994167691484499,0.6067494701769858,0.8185555391992421,0.2803654753918823,0.3198376776599519,0.70447882404332,0.22199964351732054,1.2494670461156274,0.5137833888448737,2
0.14929319249723966,0.138671961782576,0.42704748238813456,0.9496877993557549,0.7822827460789199,0.29956534224487374,0.8141579106032664,0.6650859141458785,1.0041986982930449,0.8112018010852484,0
-0.14186643839137078,0.6475278612599371,0.22207539368658605,0.43535613025600356,0.6018782421296741,0.797290660522156,0.848687188727818,0.5259395118717278,0.5822655303755939,0.9900519345146661,1
0.08183786319875416,0.10014764658385265,0.31550754041419576,0.6851557993744003,0.52024564256463,0.5850180742859707,0.6007331289509248,0.393035114869937,0.9253557251841782,0.8005890460916127,0
0.4338179593615952,0.09000995585496785,0.09422610874578081,0.8312228216779862,0.5918585508390632,0.6632307230821042,0.8251075006605937,0.9723128754375915,0.4090760795445302,0.9373360770066993,1
0.38359743921836253,0.4088802770602709,0.3751306545388467,0.6237526497491477,0.09122593156998936,0.4208474893518768,0.4973600460131663,0.0835044867741986,0.936412591526998,0.24904302764499414,2
-0.003422690278271523,0.15139653827094254,0.7492601716246006,0.353004714335927,0.08887686515492002,0.2518105543953375,0.5790201860872962,0.3766967204599966,0.20559127957498918,0.42821668860720036,1
0.3409787907623875,0.5966935100576265,0.8467228559699325,0.643842500952988,0.13200870070329934,0.5857621831849791,0.1771618864870582,0.8148961517945965,0.4236415508186192,0.1736004167332825,0
0.777941567217278,0.39886931333006964,0.8770717449352242,0.730951871389679,0.5218825371950393,0.5973541925888193,0.06825793569866073,0.689796747541225,0.8672629284761865,0.40697719677458777,3
0.947453981382446,0.5679477446179402,0.23181259576471974,0.8291916846481843,0.33982706157033243,0.6843393472056077,0.8535075629317987,0.4020797496301918,0.9525593941785697,0.3094453461178497,2
0.6347095577172549,0.20479581744970543,0.22911185660330613,0.20039564657553294,0.6187427480562253,-0.046143582935856506,0.6273432375918971,0.8139533284586249,0.6691358135989209,0.566002149837925,1
0.6597393530478461,0.7157015491924161,0.06718710535843518,0.28917616213543834,0.782374013086469,0.0766896046783667,0.40332907080682934,0.29617863086693474,0.3974189788147966,-0.12810491383168163,2
0.5035797677735546,0.8804241808192871,0.47197072787373506,-0.05049083426021231,0.9950093055656538,-0.00424679380043394,0.39734518320999485,0.647487185666789,0.8057930347229114,-0.25504311404828733,2
0.7209848414952156,0.8978692070390403,0.23381851255998992,0.9289977311830668,0.14658697919064367,0.7348100699873822,0.6569941954759111,0.29428236658241724,0.6234939879669565,0.5491377777249324,1
0.608943015267391,0.9077083926402942,0.00045496535822325476,0.06990647054817291,0.390320307285195,0.3348214902754169,0.15080559224837145,0.5019968786230599,0.14744483190240612,0.9397847572870414,1
0.06894864787370411,0.8671725801308889,-0.22208852455605443,-0.22664779724516965,0.17011313603599099,0.635169055832893,0.7187629264044378,0.2862354393304062,1.0690397777201615,0.6876426969827889,3
0.03277879695607694,0.8350626266334772,0.4367319786263457,0.483016686597407,0.526688448714406,0.7270551034678737,0.9708826974152237,0.6110102971875275,0.5041833032848791,0.9603036651920586,1
-0.019029445813984525,-0.03776917620462239,0.5056695207651491,0.39669346619142953,1.1731617164509185,0.29736130524307564,0.31504561192105157,0.26237748891515206,-0.11626930734430385,0.44308053475546116,2
0.6279201389379707,0.9039510477769125,0.20409075902135107,0.045327625547820216,0.7577564697625853,0.045114571244170315,0.3347339070302726,0.3986202653907653,0.5820823468733809,-0.027952952130752343,2
0.1654131127645906,0.3620929521140005,0.31605944519837204,0.6370614075169099,0.26458616967904985,0.4637721999221995,0.5229960471225179,0.24588569085459536,0.8594008949225025,0.3531234099917053,2
0.23026490263881938,0.34388145829485,1.0447851684665617,-0.1539908088404643,-0.025773856256015637,1.5609624320466824,0.8178705095356807,1.6108165964575485,0.5971510611209043,1.0664120266477868,1
0.2176842722784474,0.3592062292940401,-0.03272789140446153,0.7779295431488487,0.03954338045660576,0.6795129327970785,0.5472002739705174,0.75400934806491,0.6618329526948775,0.009331614370717261,0
0.513440603256302,1.1143918643372261,0.05182233238477492,0.3155863212735398,0.9830674575026639,-0.05618710314815438,0.3215558789008891,0.19904700771844455,0.8177834154554263,-0.24091054866228906,2
0.32866985571045626,0.8664857169488771,0.9800363730325522,0.5966632593525238,0.056224151154365146,0.2383853697450991,0.23238575740769257,0.7772839564525515,0.09345873800011614,0.2860672075366958,2
0.33516446917674103,0.44087691035639853,0.9941338603641268,0.6004297288581542,0.4104675879319696,0.7229733936856719,0.1924952654162465,0.6349934637607301,0.9100294743917986,0.44246490559676654,1
0.23165952951514185,0.41243721335438954,0.9222752292093347,0.18714637506034731,0.4135141089515077,0.6664377362308229,0.551868923701473,0.8118551691851333,0.5731101954741865,0.5923649207214717,0
1.0293964562314826,0.21062971943838296,0.11374914107384383,0.9566307606610057,0.6345653721621696,0.30679489269128896,0.11333805857520546,0.9190784853285884,0.1753906127544085,0.2515480826182051,0
-0.08095920488131625,0.8607959961201788,0.5534365457138342,0.13867494848034684,0.6983609292481097,0.10934424624529426,0.10690446520081825,0.7662214017080936,-0.05143178483102184,-0.25843824268094506,3
1.1969032645384867,-0.14823945318157244,0.6430469708427047,0.38687439742229446,0.048511776491555025,0.5859646787838009,1.3076434325983857,0.1696115647192242,0.34616712275743516,1.1757046322980313,2
0.06280245544970355,0.16828654471854157,0.3365726026759233,0.7220079302689294,0.470203763157799,0.8369139716141062,0.8588945220854604,0.35754518093193227,0.6743211243905802,0.4896795037242313,1
0.3895609585739932,0.9462318273516974,0.753677298864134,0.8105949896023844,0.4078056368836328,0.3030181728390537,0.4078736328244038,0.9929905697131023,0.4320413930985207,0.0936730035153483,0
0.0406150592570451,0.19035567130440345,0.7233406414206832,0.3509922518702256,0.11507264795564723,0.33437241139144097,0.5809021381402284,0.3327030936424041,0.37780243239759337,0.3729330775349683,1
0.09773322982849603,0.13400754073597493,0.2611426575440041,0.6757982250446416,0.5199572674301318,0.5877203714650601,0.6286362978267935,0.4260637134556576,0.9555920092515512,0.7871242262961322,0
-0.20300813105861537,-0.42061978270821765,-0.4067110431546285,-0.10266718999775201,1.1213363665972649,0.8439908864053874,0.605234153449214,0.5421151278294674,-0.04643141150825342,-0.13159819330714195,2
0.5134800784811969,0.8673525546349129,0.4059247959513378,0.5513913013462947,0.7247551109342089,0.20300829160447284,0.07321600621029908,0.22983331502675466,0.48812841331741835,0.8939433349802751,1
0.9235335876182649,0.2985046468552116,0.5875657696770527,0.43547787655769943,0.8143468066290468,0.4652263512464314,0.7374368089201636,0.43521538922516495,0.0309808991346507,0.3230641807463207,2
0.8768083224274626,0.5540750756371232,0.3096419959113236,0.7321504868988691,0.7825406545907819,0.7480988511554661,0.6823862216961963,0.10526604356598704,0.7746262658580095,0.9241942736202995,3
0.8503879993170415,0.9949154061961076,0.20970785649742338,0.8351420149325247,0.8674313956703086,0.922126962669643,0.7596865802715809,0.41754541215753227,-0.09123762253975093,0.12813595304536707,1
0.7647847100798282,0.3303642880293325,0.37167617205039294,0.8008204455403662,0.04956219813634316,0.5156602076063036,0.6725715962742598,0.45239133022564015,0.6681476632982545,0.021950287521492445,2
0.603899010742201,0.679764464397571,0.27890927108477814,1.087929813871063,0.5931808802197687,0.9372374138233828,1.0400157876053544,-0.13921775236793438,0.9397707422922535,0.052381079998013946,1
0.8920453503575544,0.47062593167507,0.19147225653509914,0.6419813653023049,0.18950897624476937,0.7154025809975236,0.6070146219893897,0.4768692002213967,1.3041212953767312,0.003961333579282855,2
0.42955708609481497,0.0622660633067454,0.16246733230096236,0.8920372328356678,0.39964151878131965,0.595185746351031,0.9852065304931497,0.9885360782444919,0.5428421997684022,0.6970608217684584,1
0.40593948256257895,0.6958326599987997,0.7164750660063403,0.665246579019162,0.10904051744893184,0.7899010341762427,0.21530683322863678,0.6745050543840779,0.8007757434428799,-0.14216779511996352,0
0.9825286714251606,0.6141938383289125,0.7820459073351859,0.06315959022466094,0.5502825205004802,0.6027332518981768,0.3888395428243572,0.167732443591641,0.7784172095690957,0.948346778281745,3
0.8950777237357181,0.4690862582601208,0.8078988747208722,0.14021608627457474,0.6344926933030373,0.5101334331469018,0.3003070270765643,0.09673889603819437,0.828930408675216,1.0194536111239056,3
0.18160309444449924,0.2816776681397528,0.2569275443374272,0.035304595338287864,0.514511299252009,0.3237240883529803,0.12496323547958854,0.37102898179116306,0.9090886037071231,0.8026686592919623,2
0.7096270883116501,0.3768205671605036,0.6976306819817892,0.3437199161494334,0.7170321270725717,0.5599240512661774,0.6455032877975874,0.36348518528096063,0.11779783115743396,0.21533819874831658,2
0.7310294724850479,0.3892644207509511,0.7115837039798354,0.33931392644027003,0.7190419540433101,0.5642810744095338,0.665475887411003,0.35821630719651554,0.11755619624535607,0.20271947576505128,2
0.7220261250940657,0.4789255457858086,0.5830902621285728,0.2947688327356853,0.6516479635095215,0.6998820953391245,0.6493371960577761,0.2447670035024196,0.13280897558564492,0.2214023515121646,2
0.937293671269623,0.5736220634435736,0.7669949660795059,0.0666623341040368,0.5405226390466109,0.6255194630248162,0.3750633006686446,0.19008631204610277,0.8093276528977836,0.971901027774185,3
0.3563650208797005,0.5836204767484094,0.6212915448251517,0.682788537986529,0.7712499672235001,0.7959166799766833,0.28010193939705735,0.6471610958887181,-0.24896773836491176,0.22789024826511378,2
0.7750587035790234,1.0564281483557525,0.4998097154287853,0.05014346248887386,0.997078534848605,0.3511022935990553,0.5463038248670246,0.26249953023854383,0.469428356256383,-0.39230303374437225,2
0.1664849844110705,-0.017301896617990115,0.20224063292700062,0.6048926190312457,0.5720919720012044,0.6971438299410873,0.4641381012840335,0.43716295363281615,0.8701756646900273,0.6916671340300531,0
0.4399850615461096,0.7682255449864894,0.11633790820197068,0.3722827802922497,0.5491694510346387,0.6863400355546659,0.8023067261025445,0.3667663491113988,0.9026665444264026,0.5548761803134432,2
0.3582142830856813,0.846415740856084,1.0018664424352695,0.5685127343947773,0.07451959996561522,0.24176916447111468,0.22001049080444077,0.7933876263286078,0.09996933111052665,0.3041396493659149,2
0.789905184294284,0.845083201609792,0.15151008910787406,-0.017533262263739663,0.8167012179742675,0.18222653683254852,0.09616347149962545,0.6897047171567696,0.7966972526468986,0.30410977851756904,2
0.9602414622684889,0.5571396171934386,0.7686941337216959,0.0758947806519675,0.5473911339762023,0.6138238955686621,0.3848938350325528,0.19487378565664884,0.8067833996685694,0.9801500820908363,3
0.2603593324660094,0.47004994817822754,0.44836535635847174,0.8168595740340167,0.046592333582456916,0.331479720388913,0.5904635405019326,-0.027464460433970744,1.0302859267295679,0.05587387168267649,2
1.5161018963689834,-0.14396922057502876,-0.6698418628227181,0.6680194223164517,-0.2252212358756257,-0.22516403372595606,0.044313503425913114,0.4419409593297842,0.39405895600050755,0.8537837009293435,1
0.8681640919268533,0.5710780713676901,0.7894156181965079,0.04687580129661343,0.504537956917443,0.5549874974226902,0.42720194671744616,0.22522370517165582,0.7472164847048598,0.9829946200246814,3
0.02740338334389622,0.5197591441206858,0.5003755553443088,0.011289000818620443,0.8990995853531097,0.6214399885533366,0.3805383724566394,0.6481978432887854,0.2740469016643293,0.01769878390520893,3
0.9977747731341059,0.6280201178143869,0.7192907457990406,0.03545688394494026,0.5861764587577915,0.6672810512527141,0.35607750774891805,0.25114790928768227,0.7577388188680619,0.9678107182006578,3
1.1658491816220589,0.7383143886378162,0.32735096780209827,0.6837132835809965,-0.003813785166117245,0.8543138150224622,0.6890116075000456,0.6175555610830707,1.0461589843534491,0.31361723593531127,2
0.12037765362788458,0.04509858213438721,0.7691276819012993,0.3781657700572294,-0.0027329781914729595,0.2549853140472406,0.6104520867806665,0.5010979128524401,0.2990765528510271,0.43549715060756466,1
0.3077977783703387,0.8427781551164665,1.0082530692253278,0.6595444885176172,0.12608179442987372,0.26792414448363816,0.1964058541714658,0.8256634893392,0.09566526677647574,0.33665705261145934,2
0.702085888938265,0.8390584235293623,0.24135000502572834,0.23576305733765454,0.8148242515217671,0.39629249733205574,0.18684182113866077,0.48129989397168804,-0.007237914520805869,0.24133790010323222,2
0.3601335454056923,0.8090307774627943,0.4442587015246965,0.6960782816308881,0.05970796216623331,1.028741132359628,0.1983357095074311,0.2770377895280537,-0.0975860656127763,0.6647303401553573,3
0.5055351005361537,0.2501646469179147,0.473298610710971,0.9300880492512128,0.016236099211318272,0.40536214812138915,0.5611287972065908,0.5350401309760356,0.5956065380637219,0.2315319858295072,2
0.44999526738760065,-0.004870030155176397,0.0799837727398642,0.8512280912732829,0.4262100526529249,0.7030973242864118,0.9574068414503788,0.9628649349713682,0.423323125046173,0.8648803200847553,1
0.28473558342220784,-0.164504168451995,0.2748383634680847,1.0909065650156267,-0.08590173338040319,0.7877091848443225,0.48556825137756077,0.24133838968844945,0.9168185505808645,0.424016995895938,0
0.3308889851692707,0.8702426151553817,0.9717615754107721,0.5902125425776011,0.048069673059183304,0.2346316071054729,0.2145654967497224,0.7649355848127629,0.08716511684691065,0.2964675482122076,2
0.16541696947965023,0.3126286089929889,0.8198922804598283,-0.11357076593568854,0.28707891068067193,0.09539838738432899,0.6121558226318289,0.6026623469537362,0.3843106807635364,1.2018307348060977,0
1.0110631091786932,0.5490014398978809,0.6460114273241562,1.336424220346583,0.9016687300323678,0.33097953424906956,0.35278747656858633,0.9753712597792266,1.036855660491418,-0.23453440923826763,2
0.02987525382006939,0.23343384710540296,0.701178206497645,-0.001473946814115737,0.05036121620691798,0.2665253616785432,0.1382386984775804,0.8828128715231386,0.46858090831862004,0.30674007568844763,1
0.015760457363625482,0.9070512265492291,0.469938028373732,0.4104633637200843,0.5837566455846879,0.751211849969641,1.0245991699959507,0.5432120456431079,0.46709458653896535,0.9316670070543553,1
0.4069761400089166,0.4239347082919399,0.8083012654287977,0.6897024333759688,0.3430363290600489,0.9534061793297699,0.6010085608422788,0.26512066404874524,0.5278116521763566,0.10808847152454931,1
1.377510979147176,0.13479293974414797,-0.1385885088552946,0.9071887082331638,0.7259654032548472,1.0222384749770286,0.6808367763660568,0.7269296470105568,1.0053119827913384,0.2752900351479553,2
0.5493657374561777,0.44486255375531875,0.10910269354040855,0.8549859799890999,0.2557948861882884,0.4679587783796453,0.6316201993252093,0.7181889865243412,0.5280374619095248,0.17885979733294377,2
0.4376291132389215,0.5194264682104077,0.7650372056102178,0.5998118586110758,0.5667074563757166,0.5592941242212282,0.4272368435250561,0.16266137855177693,0.5518664025861653,0.42789878969762096,1
0.7724032711756895,0.6257294476559707,0.6965154250698716,0.576127691070018,0.42794312397228024,0.6474866150254766,0.2548887405302486,0.34763430376598276,0.8544491821233664,0.39214267321486007,1
0.519213354737933,0.5331205186248886,0.8910251993193261,0.8496564174733643,0.5163414792556342,0.9573379198399139,0.6864488338194364,0.2062466822922634,0.3563299299525195,0.29745188355345836,1
0.019404438321679318,0.9224322172141097,0.38899727848104304,0.5050748517985799,0.563238166606721,0.8042403244645541,0.8335080982650012,0.4645735278380091,0.4965536559274113,0.8903674450420654,1
0.28768772173192547,0.4245598510739345,0.9973159201428695,0.6379517846756867,0.40786570008610135,0.7076515802673469,0.1909938643699621,0.6519268473654064,0.919059198951559,0.40140699985483036,1
0.3437054905026131,-0.11800687430093929,0.04705128264289714,0.8397512164045073,0.5617197614646859,0.7892857861079945,0.931704307781686,1.160178410965558,0.5221156704758401,0.9136820249842609,1
0.24138235892682458,0.8116715680216132,0.9148355010456573,0.20790562529032547,0.6015101439308449,0.5486267719297822,0.4773208017600045,0.8446834432380942,0.2744947760676906,1.1483064778883108,0
0.7897582650341108,0.9714468747475317,-0.4427317491741438,-0.34896696172803476,0.6834985221068981,0.20655790727630308,0.1142788928492342,0.37581065010720194,0.05786357957223955,-0.014686579753812157,2
0.030938861923283364,0.23590787870889343,0.6983759885153871,0.017694013602992647,0.04246810412067905,0.2794153486680629,0.13036385598942088,0.8689627421284581,0.4638799908449819,0.29580112851565565,1
0.776530346385814,0.8777615872901074,0.10159958955211916,0.8548578681394382,0.7230307364991436,0.9697791953133462,0.6210796020881872,0.5677957851312049,0.06705281101901261,0.28089769094053935,1
1.0150198847653962,0.5947157436248804,0.16220543438164353,0.7903848220781262,0.2460924899286296,0.7280092130021115,0.9154667501074861,0.5220467288120306,0.8664882941566014,0.2510395814817289,2
0.36634811063874995,0.7090745513299066,0.9935205054418086,0.3330187740943896,0.4240995902302215,0.6516196398451751,0.10181644160232303,0.8289328695082325,0.5425054210543097,0.017394828036917137,0
0.05523908010503675,0.21519199313443926,0.7153395533304848,0.012247071010299738,0.0246059488709489,0.2977909214323277,0.14083870562325945,0.8872040112662096,0.45569953271585234,0.2744339965007907,1
-0.04834563566856531,0.9596042632159143,0.3046912481534188,0.3563829541233793,0.4626483848876185,1.0372870251317472,-0.10783749487363448,0.47712838681469233,-0.00021791290192840762,0.3076668527299117,0
0.5567473454133927,0.9498831595678514,0.024949170721547898,0.012092426039602852,0.35424711366132955,0.38029787516701835,0.166942972593506,0.4844842221644509,0.0840112654263123,0.8711172606286852,1
0.20212231407961112,0.8861342431031802,0.40939250148521533,0.3795102627461969,0.602852195263959,0.8140526933478711,1.0151548986805046,0.5242002444147664,0.5830806320791541,1.0329830091125363,1
0.14656074730001828,0.6401978166820382,0.5735712254795796,0.05373739856936845,1.049359022588876,0.8189981414647232,0.5292480294736311,0.4473539598303138,0.4430120199847603,-0.022198607605160722,3
0.9199617166189067,0.7808600179438707,1.7637144015842745,-0.08133104728800522,0.47004149900404657,0.5907261962678645,-0.3276653267945953,0.2988708651360961,0.985331625981511,0.2581873978209225,0
0.5794241926748934,0.0019590991813491845,0.7016680640628228,0.5029708312323011,0.4437157916861731,0.008609655668804908,0.6991229988499659,0.5441470742253582,0.0016171731626391725,0.5930674203561079,2
0.44184762354118334,0.7213336527088307,0.8193151339708813,0.4982265613622811,0.1474717570672951,0.5492022959499293,0.24284886813122125,0.8475792367853489,0.594157373091265,0.21469559903132324,0
0.942058190284323,0.5771121044655118,0.7649462089199184,0.07292927162544445,0.5425551127436734,0.6246216434561941,0.37590144190334873,0.18886340987045486,0.8159235483046378,0.9697617591808446,3
1.3127349947512452,0.8058384115442897,0.5143083247641544,-0.15372080523376747,0.5685329466151687,0.3108113046677721,1.2641796693195875,1.1034440091426487,0.4106718143992757,0.2353798879726796,1
0.9089648295939005,0.048779260083800444,0.4802782761175065,0.0865536357253314,-0.023354390534980857,-0.006289607299931145,0.5353464069108324,0.7055910817164199,0.0157717519652663,0.44305781589454724,1
0.3131994977414165,0.8935301286875037,0.9920415652477108,0.6046036512477581,0.08108971336176428,0.21107384436401969,0.20177536515470917,0.7775694048740762,0.07596958634613872,0.3154018843326287,2
0.2213337028582788,0.39291163109079374,0.25445102203997927,0.8407805964464777,0.3110859384019965,0.2701510683924877,0.33011765674999216,0.1618685530667659,1.0732933848345645,0.09104335187287932,2
0.03239781967659822,0.2889293092282119,0.25831431045945624,0.6511942269789535,0.6487360000030507,0.6620039018954671,0.7146706283601099,0.5220036236911767,0.6435972807520507,0.2846399995341996,1
1.1202751542690026,0.9754520524294236,0.34971296183357886,0.08300696478779801,0.6105886305965145,0.9767102166195226,0.8390971668581514,0.0967432640354374,0.19357146947943055,0.7352660390375616,3
0.7667778135753471,0.6863138635621977,0.13246012406194516,0.6885195623166961,0.35347489686742933,0.9863116197844349,0.7221531452835832,0.08090017802971179,0.7499957875074479,0.2564166761454242,1
0.3677407112023918,0.9227599730384659,0.08782291399750954,0.35387130805315176,0.7429365274550732,0.688695013531129,1.0074014258150126,0.36286079258418613,0.6811339010977685,0.6608776266529041,2
-0.38689469745317273,1.0365638905748447,0.26278496892732783,1.3164490909218323,0.6648210640612349,0.08431472648698539,1.2723795969615095,0.979607963514887,0.3323385018806374,0.8179172719139516,3
0.1417204863018824,0.8414411152627269,0.11888592261487166,0.3121122453452232,0.4878994170781168,0.6615417339317649,0.8278345341292199,0.23092425374456352,0.7216443004211948,0.9101711873581864,2
0.9935389561800978,0.06612018523228683,0.5276138479333046,0.9443713102977849,0.5413434575454911,0.586600680189123,0.6846488231798931,0.3671752043410045,0.10157231912071255,0.46458854963634877,2
0.631359762369932,0.9092158248941211,-0.010927395246091424,0.10940636399595773,0.43615529468296965,0.3513970952481519,0.15870056320855003,0.5477386700721667,0.1149216745946553,0.919974158023551,1
0.7645617988474576,0.27136163597104945,0.6271138756976884,0.4048562146627033,1.1102045560070104,0.3762652795970387,0.4528108532827584,0.6793223865618809,-0.24634542514516589,0.7845291614479607,2
0.9123263107694353,0.5855950489465118,0.30331589808295656,0.7260369631285103,0.8289497135876595,0.7293955545225157,0.6413104694080225,0.06403944303611722,0.7639493892621835,0.8716190087725486,3
-0.05963845265128942,0.8269370287397602,0.14827734078393542,0.5683183683754583,0.3368662656715828,0.8347781338665388,1.1215318375686785,-0.09449677292904574,0.5108569624440211,0.9274495115952385,2
0.11022140822720614,0.4674058249106117,0.537830322227467,0.9177784524082192,0.3040469531877703,0.6644663908461969,0.5281982239103173,0.7760846657458238,0.3112333128699031,0.10346167181412563,0
0.08205560076641316,0.918484949449189,0.105612350342874,0.57030302294683,0.5873579638841837,0.7369204818876749,0.8943794889650536,0.17565758677954085,0.8154017074066359,0.7686160147539567,2
0.8849130526852125,0.6057824136778752,0.29288792484918486,0.6894537420888809,0.805031135764301,0.7482991942534226,0.6333047537212987,0.13291933156427477,0.7429695547334425,0.9693391022163365,3
0.6389767247080691,0.8279861906826932,0.2901922224181441,0.23684880457681334,0.7375397432777736,0.4604006240175874,0.1551922788166432,0.43674293371233375,0.00762566711231482,0.32849808090498633,2
0.3263228098906015,0.4884805201246272,0.10602531915901511,0.9364978508624795,0.4278379148892161,0.9218575387646991,0.6610160873037432,0.5256026309505129,0.8293057487899932,0.30588214797194296,1
0.97401309064147,-0.29110559755067505,0.4454144773131886,-0.012844324731741269,-0.02542237902168948,0.26995274134942276,0.98876322037652,1.1471984094135383,0.17254090803559838,0.8056913052101524,1
1.3254634372776368,0.8271584889428656,0.8864600357878235,-0.38894935892085225,0.31219485057839247,-0.02599736649874007,1.3180867704474093,1.12099781926482,0.9276904925553169,1.4699385552079698,1
0.012010304184128316,0.23663887300060613,0.7151791886346229,0.01351136796916334,0.031939845552166155,0.2787464794744346,0.1422212960407247,0.8617305264454515,0.4616546780467427,0.27645213174653793,1
0.42922209352679996,0.8603220905234765,0.33014205818257014,0.6068103562718572,0.7992684009620412,0.17936261724306474,-0.02403306074068566,0.15648329932456956,0.5288219639675313,0.9283620536730006,1
0.38986627259668843,0.8621841349973074,0.9850696120729798,0.538773094564209,0.328394999517929,0.4044312955135683,0.24392407330834598,0.5780457545725772,0.7974985213738078,0.1672962918000265,0
0.3686816061585946,0.8061647555858549,0.7692080014184695,0.04267520628538558,0.48877048196196154,0.3686717822318288,0.5814942196296299,0.9138353117199638,0.23361376297776074,0.8834916189973336,0
0.9440705355417657,0.5825452215928004,0.7554104566028863,0.07473961529727129,0.5383216753840949,0.6292111263620543,0.38060369328117444,0.19424699428869566,0.8089472369851303,0.9745992795023578,3
0.5900327181732428,0.3780311861617367,0.22984574395131507,0.9895638083913786,0.1553907338556798,0.41864030519314177,0.49388689310767553,0.7121892541249691,0.7197297612537272,0.20224702361065436,2
0.5128784350147026,0.46662411548279065,1.105995622148269,0.7644068950210691,0.5069863161311455,0.7487849898116008,0.3009119141094002,0.5241318446933297,0.8522396099648514,0.42846296776853593,1
0.7517154719958652,0.8589979812048016,0.24683231312644005,0.21580642414833753,0.7734143798509687,0.3105533673612989,0.10976736652617057,0.43633342965518007,0.055345401362472006,0.2642459854389574,2
0.9468780461516177,0.5814562482126788,0.24327886387833575,0.6833970137298481,0.7781735566777115,0.8170023009974725,0.6621769763835437,0.07269423424921552,0.7062138226034631,0.9539090400008623,3
0.7747723824701752,0.15580813909067256,0.3206069119364282,0.5268920557750617,0.29744988616824974,0.757442693240258,0.8846736548788,0.25255981030044333,0.5713836856934641,0.8337177953075282,2
0.20340230599810352,0.2004877217528953,0.00903339305002386,-0.1051871656463925,0.5952358289049873,0.2263653419483086,0.51175176920088,0.452074488482979,0.3268457534383956,0.2967303873450577,2
0.7485067122267559,0.7539312201678987,0.025478240370447935,-0.01186080927793741,0.8217536492206623,0.06945244433995944,0.24200795709737927,0.47076458421102196,0.44754622458773596,-0.12257676892519145,2
-0.1068287342178787,0.6207542548354945,0.033870269415128995,0.8552780044675065,0.4338088457744683,1.0677998286078705,0.31775766064743516,0.7099613063817177,0.4099727440284946,0.9303463507904898,0
0.2767806117714001,0.29554734934862104,1.0452221638612016,0.6464588009696457,0.8773631671785904,0.5817431882373723,0.7987218084125389,0.8740847387963185,0.4728370069145415,0.6602444598254985,0
0.732622300629395,0.1434789436719148,0.35858528002337353,0.3318610063163578,-0.043625305800459,-0.15340858477309438,0.21256162268571838,0.9958536803894389,0.20579666028349,0.27393310239854834,1
0.20984269037486553,0.36443400516254176,1.0404004715048525,0.5929034828078795,0.367415172506901,0.8168198669719078,0.1469261370203925,0.8044088800390106,0.9283872437253472,0.5828088478588211,1
0.10159244935997283,1.2764634265258494,0.6050215516480115,-0.7419972195241228,1.423094961207569,-0.2704304572508772,0.8102438858773351,0.1757889451878366,0.4832945465489763,1.7015439785025746,0
0.3469180859374468,0.6678055437183159,0.6963896152085276,0.4485519431995715,0.8812821313844726,0.6026299386112584,0.6426112194029645,0.817324157320582,0.28912262852018283,1.0034862036264192,1
0.5808942518309878,0.4594147869057583,1.0342241988980176,0.7815725906286195,0.2591945350479754,0.6158481921807957,0.5030283932220886,0.15585142680214117,0.5484084624083746,0.10435469924247301,1
0.7176338046791357,0.895452598400458,0.36478747012015955,0.3956011630463142,0.24427719664105657,1.0124022580591832,0.37428997282476895,0.16138616285653257,0.2036793569719403,0.6572061153141143,3
0.09425725006544756,0.8515156844647732,0.47120136488443154,0.525700738723926,0.523236632611755,0.7091425700298873,0.9943505998864345,0.5921648134568881,0.48637319220470954,0.971393208746332,1
0.3098439994171571,0.8457212030816169,0.4493601990440053,0.18112848770447487,-0.0380493569014938,0.827143204140159,0.5015344693611006,0.48402201730472905,0.17091638716362373,0.7402405284368905,3
0.6114268641918129,0.8922097944432359,-0.03542682228721616,0.12108517897285978,0.38467193540230277,0.31851044141496454,0.1623056256929325,0.5114744306814485,0.10790616438775844,0.9337235175244029,1
0.3325152947468365,0.8669288730516993,0.3675221082883008,0.3878892404774985,0.5563095648723757,0.5896928339332044,1.1343996149893079,0.39182543267415537,0.3904522520261279,0.7435317848559684,1
0.839031249806326,0.5049786881262941,0.3361069019250991,0.6451460777000838,0.8210157036453675,0.7900370933966316,0.7002117847923617,0.16972376136279443,0.7812642492225145,0.9138799664071141,3
0.975899947811281,0.8711016303769005,0.385302314421388,0.12266468861158718,0.687358764221301,0.9790361984078139,0.7494754526458102,0.1322498980602956,0.24399662069686562,0.8839434317355627,3
0.45887945042178097,0.8844338573641861,0.32927911346851035,0.5271931091549603,0.8691265143791495,0.09034835816910262,0.06943013584468022,0.29027124890369094,0.537773345485894,0.9050588932836091,1
0.17488329190411867,0.9660862807557307,0.07412055786022534,0.4495459934629136,0.6430925138654503,0.7995155353427758,0.9738553334500264,0.26019072695758255,0.6921518065663559,0.68144780616399,2
0.3001279263505515,0.9076302544408259,0.8995825615459723,0.20607731401842846,0.9683048851817182,0.3694538044158996,0.6408918784581512,0.797341005676573,0.44716507891933405,0.7034038405795934,1
0.892110710355765,0.5256608812077883,0.7290219641224175,0.1116633897549755,0.46239313724770514,0.5390541360355623,0.3896927265369427,0.23643448746719156,0.7324723971106784,0.9717874672861196,3
0.2780822886388862,0.356639084510771,1.2797229341617307,0.49976013811579456,0.46836707725971033,0.7839153350095767,0.30985510032264674,0.7340918957649902,1.127892074321408,0.5865615511563199,1
-0.4967291562155093,0.5088421594155341,0.5081579475760227,0.6808768181271978,1.2970322119968687,0.0812124821414622,0.02266315879909997,0.4402436540787871,-0.07276673219455004,0.17752295256963316,2
0.9295488572654372,0.5864705873467435,0.7718856394594652,0.08189120148070987,0.5539758157495154,0.6227106016346936,0.3725771106732645,0.20078273827425355,0.8193052309004792,0.9667411844979731,3
0.4384575809481303,0.14874415114666395,0.199307281658951,0.8473192251383979,0.6207307413597352,0.7209163911763279,0.8001151812512666,1.0355680000887924,0.34912760405680227,0.9308389304957888,1
0.8742275540147905,0.6934345925600577,0.1310030137840909,0.7920338919946581,0.38478724785072305,0.9742997200801067,0.7195014204711081,0.16224200934851546,0.8107607857064486,0.3090956887537784,1
0.4091329372319359,0.26325483712895337,1.0267113216070183,0.7532795084122075,0.5563308242559387,0.9855107824174052,0.6242850740697818,0.2985183323975308,0.6457106220073419,0.2983383116799865,1
0.2924109331156564,0.6682556959514446,0.008130886830066021,0.04125998382266918,0.09329429660032817,0.791655888685119,0.7387169328548016,0.28259066535449096,0.9850460117185642,0.8841650419432939,3
0.09078174972161504,-0.03946183695005079,0.22273352099202043,0.8539818147573023,0.5698839919985085,0.5360019712032066,0.6507013344290178,0.6658145966450352,0.8020399714312152,0.8139720509044297,0
0.14898275922650056,0.7640242200287262,0.98304638230977,0.2565393979867978,0.6701917585150556,0.416295434282429,0.32261659129677,0.7405411922854377,0.3315661362790663,0.8394004214792867,0
0.3507861612067136,0.6931282711317316,0.6991278377112267,0.4705041044024804,0.3669225232924784,0.2736243885403014,0.20080995620815073,0.659179308916088,0.5593734002203374,0.36100736363756364,0
0.5922796532839323,0.8326901931999883,0.005440694119635228,0.09609654575136375,0.37488663112713305,0.34542635438542263,0.1503917567863793,0.5334781714760821,0.13367067855718398,0.8671950450258343,1
0.32268150010873614,0.8738439040401912,0.9833719745452045,0.580118129351541,0.05684503541356057,0.21843473130488555,0.24568199225537785,0.7737831171059715,0.09007720143965406,0.29760912695974995,2
0.32719177663209514,0.8571880365428799,0.9662929304966685,0.5906220569455161,0.04651566886365504,0.23866563367528995,0.24475544109132882,0.7877733676717517,0.09009181093033442,0.26843544860972063,2
1.0490104758497674,0.2468188501740814,0.951408708311001,0.6630882103888676,-0.051399274948441154,0.09669540847870894,0.45725108022791777,0.4262092916713231,1.5538162172106844,0.4617035424050625,2
0.41206667791684043,0.6940828632127647,0.34770306978800714,0.7880003033634344,-0.1145895019542788,0.31358829946256106,0.48258378021235343,-0.02860488993982198,0.6654327710146752,-0.07780833723569308,2
0.6502653616110938,0.6811206253458121,0.3073704864686767,-0.11832834586063035,1.023280546493571,0.2731026876407081,0.28813156013469166,0.5080224961635004,0.31317012486955614,0.14091917968987933,2
0.5134810457896599,0.35619200481294755,0.7644008661729205,0.4278399860158303,0.48127623429286553,0.8948610333095222,0.34719368270714146,0.3868695664559415,-0.38756550167093495,0.17658318431358744,3
0.8517458426663442,0.5824175422023051,0.28909774688869955,0.743395327639985,0.7803124019638138,0.7198590544707032,0.7200349355942386,0.10745154570742013,0.7642567592732887,0.9138891257122304,3
0.06624523398355528,0.09212043045888119,0.7539857582819068,0.3119301687859252,0.06978590070097632,0.29285338016143575,0.6563774863651698,0.415304858499135,0.27852299224576893,0.42471205502120657,1
0.4229585594153828,0.8774455658011941,0.8121972713811182,-0.10869398485233972,0.5345956477581101,0.2449872269628099,0.6062496936078267,0.9797020113048427,0.48400753942964986,0.8744620428493506,0
0.9948827072696858,0.5846588454538024,0.6666224682660894,1.2424542644091066,0.3229608457272773,0.7975290521030045,1.0494188471562529,0.3258497236376234,1.252643932430478,0.5273962918009384,2
0.6056363449512143,0.5970343825798037,0.5557925948329335,0.3602588873144461,0.1365343318343721,0.8492342814294972,0.28650714161838925,0.3853566898959287,0.1705781013487292,0.6411723811243373,3
0.9367312459284135,0.586109840691481,0.7734322980735531,0.08094671851806924,0.5528378107537509,0.6321988612394023,0.3790467192444975,0.18275224977700735,0.8158012257238351,0.9771693094888096,3
0.2882491145886354,0.8955562706536887,0.9527751260593026,0.6449134039880211,0.07069768977704523,0.19347579921909963,0.2886277740332672,0.8516786245937203,0.05157295687205633,0.24831789208530816,2
0.195459230321976,0.1972706805180947,0.2944879558448197,0.6467514861961622,0.6292249267122104,0.7330824231464064,0.5976638031619795,0.3115120726831112,0.9781672815993233,0.7842008432833514,0
0.6318380268642594,0.7056112731090503,0.7641434728894014,0.4355113356370889,0.6273104369742912,0.6601303879877337,0.8766031530765417,0.06464376143361059,0.1869889883660805,0.33884595236219645,3
0.5511372941425026,0.880171731917222,0.2769705943840657,0.5321005662085341,0.7570934052250896,0.1504260869498653,0.07825714245696852,0.22497166250345343,0.5527911347500788,0.8728703075743744,1
0.31616166121871425,0.39928251192368924,1.0038495910616467,0.6275099826644125,0.3905856212499888,0.7222506409375204,0.1858890103401942,0.6621528855695823,0.9465468305904021,0.42473939518045034,1
0.728800466193062,0.859944598030828,0.28488997827774765,0.3054987529493547,0.7052022917163313,0.3494034774009417,0.23753344482093783,0.5032500699485372,-0.06640398657408733,0.22994440198674604,2
0.9865555287380721,0.8262035023832733,-0.006424822721877735,0.6819690873479304,0.7591466320944116,1.1405739940997022,0.838453671061059,0.6606722604351452,0.3195899826609362,0.21397946485176592,1
0.16252678719486324,0.08207170027976987,0.06152668539377676,0.9410557949975363,0.2704255158980724,0.3697421972138742,0.7659331986359466,0.34262829123005284,0.8456343189187673,0.5187373554543291,2
0.3217720293213234,0.1380951282435684,0.24958438895437396,0.3227950375793336,0.5555961613790261,0.4835100849916897,0.12315287469808163,0.3927955199794318,0.9946350654821068,0.47544189503331397,2
0.6407919457661042,0.7289991844819032,0.8028105161931433,0.4390858912174957,0.6381651933592847,0.6700025394550256,0.8866673610672893,0.09803272457973392,0.22030200800604985,0.3564676076187352,3
0.11787838217732713,0.27736100767633015,0.49914669085163915,0.449899374646418,-0.06754675398674154,0.39758075865537557,0.5141132593120561,-0.19945966529703102,0.8808907650410812,0.36897903016912714,2
0.8243965017939946,0.3904240375274898,0.7900622395697918,1.4222243470669929,0.8854327886561678,0.7277761934597279,1.3889438116086854,0.26982475814554907,1.4933889938965328,0.3332538931388403,2
0.8460015767155954,0.49800228285100956,0.4249050017102182,0.61334946118564,0.7917537483743868,0.6312235703390844,0.727530913107743,0.029679947985247992,0.8663882399781574,0.945905271160581,3
0.12374638319294307,0.9200026788433482,0.04065095613818639,0.5340921577283009,0.601581399230475,0.6805511279036541,0.9467399854673146,0.1064575805143963,0.579825041385523,0.8045497547953195,2
0.5573105979506674,0.05560667620497302,0.13772775696968292,1.1167768397639073,0.588983756805868,0.6984059670753155,0.9350644360733027,0.7543700312992125,0.3585296686633318,1.0102141493026175,1
0.6950539494617427,0.7475067396160515,0.7059779194434629,0.46745744782706844,0.6494973542256371,0.6709342394310986,0.8021887319796362,0.1076877099863695,0.17850523826878373,0.3224745856917191,3
0.6276810620117975,0.0576769715337881,0.21090462478699729,0.7849113052008877,0.675269890484186,0.577371711850955,0.9239699918607555,1.0545994658571156,0.46676828493168504,0.9894003596008097,1
0.6583262862964098,0.8023563038823589,0.04476530006386646,0.9740937635554506,0.6960737659374051,0.9782465510526029,0.6750780952552737,0.5205242704791281,0.02606283177058222,0.33178550625853465,1
0.5587472896944479,0.08448010666468397,-0.04766241788308287,1.0608386177614033,0.5105772184555792,0.5891158005855939,0.9782672154147751,1.1819737662765772,0.13746870699005814,0.9494687247622318,1
0.5775633369152506,0.6417968473012667,0.6986528338895767,0.4589371654761878,0.6764832913154211,0.692982972226125,0.9086598494663239,0.06426211186175716,0.12900895445580368,0.34646210792540477,3
0.660724522349618,0.26559259566980453,0.2669831235290784,1.0574057714919525,0.2772322367203246,0.34396972852595803,0.5630499507715728,0.6003129770354535,0.6459009374134105,0.14320379340984463,2
0.35867035717175705,0.4090707009654572,0.3462342143636656,0.6861822213265755,0.154185775463733,0.3780925956294206,0.48774075589541577,0.05458181456168644,0.9427418665541244,0.17238649316363291,2
0.567307192660914,0.06688023380538177,0.08715118067784472,0.9467585495737197,0.5094033541854748,0.6103366964925045,0.8300981412851439,1.064573574508328,0.44317323067925873,1.0082326826715131,1
0.8694505075679745,0.4984262093406992,0.1724775702467842,0.5486769908393123,0.908163477239885,0.4716434104706887,1.0159858445519814,-0.09082706918313932,0.2921064475449448,0.8093549112082886,2
0.6586686933862473,0.2933820501244099,0.5793819244810119,0.22416364017227447,0.10139544223897728,0.2568444135365398,-0.04263521310249582,0.8369613956494544,0.3055829695199161,0.7109532815538161,2
0.7944795292342021,0.5088976581983843,0.35934641632586767,0.8327259512922838,0.7658631330647353,0.8140132890086129,0.6693871054703829,0.14050853053036963,0.6764657549706506,0.7910992592590094,3
0.08396424306259045,0.203549378830238,0.31885949786988504,0.7393442339454185,0.4563394277080404,0.8393065213899491,0.8380650248275641,0.3542092031419336,0.6870221965785668,0.4744158426621167,1
0.4187737003488973,0.16316206950097834,0.12485484495619861,0.5459467576708533,0.1789946886948281,0.0389467194174512,0.5635740968357698,0.12017090343451378,0.8231451106294158,1.1354711714167727,2
0.050430953782009486,0.1355228062191744,0.759870071921853,0.3248123036079147,0.06381863782487557,0.252225769182954,0.654253226030505,0.422490383045067,0.29569760921308363,0.4314339635352717,1
0.5749124535085759,0.29789128681067223,0.25558188049299013,0.9677841531217806,0.21057158956086486,0.39710155794388036,0.4520125982981787,0.6478939516686159,0.6796508736464563,0.18120035020612618,2
0.5345018795187768,0.8162040667452015,0.33221453137808765,0.47881498145450313,0.1915313024663986,1.0929735017362072,0.08779218117658129,0.2379970927499053,0.21820728390443964,0.569938820679403,3
0.5728760869935529,0.4483813363567254,0.5174002848157854,0.3708874451490226,0.34649098343733997,0.659140437779758,0.22435373023460198,0.3971986303802467,0.25243893452007526,0.5124769597115636,3
1.24761377448425,0.521989791302415,0.5317265692355104,0.521059690374885,-0.04278063282331106,0.2614209862074991,0.8753086973736948,0.5708397224409549,-0.11564526475878767,0.15661254845821965,1
0.5114398734862345,0.11313642971746207,0.08009895024256289,0.9422644768116708,0.41087144921406615,0.7480175518265127,0.8609344355707995,0.9333083011469869,0.4277866699876063,0.8478635103432647,1
0.9179707100289475,0.5784120677035932,0.7544978147098965,0.06526669318305775,0.5359941002681575,0.6164945406817249,0.3864253992135156,0.20763298132456395,0.8153773480998672,0.9495702201379865,3
0.40680982023678447,0.08844567210596321,0.6261003588919138,0.9773482886767415,0.3348506509441922,0.7325159940569761,0.9680743256251924,0.26573723655927256,0.5266034069186016,0.6261430627462545,0
0.24689160473813115,0.9534718619858356,0.051320534949157205,0.4497215276340799,0.5903116572498639,0.7390923179435066,0.8882511840041805,0.24599420834770508,0.7535440858995923,0.7393511473618094,2
0.5310289393145071,1.1698724570688404,-0.15367903948702993,0.10456894541991314,1.0267213543915643,0.31474365362974926,0.2569050789021828,0.6390458750154744,0.49015154800126776,0.015663379319499803,2
0.4682330858846987,0.019224302818884757,0.134839589722998,0.92598258371579,0.5168392050372885,0.7080808016150167,0.8903580035842648,0.9243674634786849,0.4048641534898694,0.8945971735786555,1
0.36556583948009386,0.29890323561094645,0.22840652954609963,0.6488316971069673,0.23269721380828434,0.43139760223662993,0.5572067249422317,0.2134745231623817,0.7903799608407539,0.3000162121512363,2
0.13795583464584338,0.8269544941519541,-0.027414740600066555,0.08204174289167364,0.29995355254768263,0.5076702047137546,0.7619515765042514,0.1511719838120398,1.165913463688312,0.6774693286203448,3
0.3776731811448911,-0.07635076830448773,0.22774725677004978,1.012203783565018,0.3436784275084902,0.5337983993135645,0.9397106559226079,1.2111197808836538,0.1796529863058796,0.9446489122077416,1
0.8262116598832253,0.6133804199919565,0.3302974612970254,0.6859802416877226,0.7786474835380752,0.7773390710260512,0.7010708383654622,0.056474803871455134,0.7441655504189588,0.906612415941072,3
0.8735375911598805,0.6968329777106912,0.1321050293825756,0.7918053189370602,0.37698021859955944,0.9651116760443182,0.7151943884962011,0.16406782567200945,0.8180325734425864,0.3152918535295634,1
0.2706690377701536,0.5435890762777247,0.44533604070623084,1.0220705270447492,0.534499670981101,0.675614006505628,0.45529686615125814,0.7517200009403836,0.6183848723147698,0.36881504973322377,2
0.6604464039113943,0.2176162249709909,0.3030422551198535,-0.007723839488502693,0.4510103316920818,0.27816304837827316,0.2664643194096728,0.853369071052355,0.8488409700490471,0.40437991211255186,1
0.6312407897534035,0.2535394636808016,0.8594387557770924,0.5467395390772701,0.5986761888850153,1.042378178853057,0.5926954406983242,0.47853040665763613,0.8489376315249375,0.2848060398701188,1
0.8529192041867844,0.5668132516098312,0.2882696887225958,0.7066507953148667,0.7575099260705961,0.7685241489654204,0.7034464224689042,0.10714888823865279,0.7804480536101028,0.9435943838361319,3
0.9231800381679807,0.09338259879206565,0.6458324864888207,0.8627179402506859,0.5309121509811744,0.43393536847374153,0.5701232336197001,0.3431575127228795,0.11716128653048277,0.5946930888645472,2
0.5490656121355513,0.6803122296664952,0.9583936203130569,1.150954385661518,0.0961698407081259,1.0084255694003468,0.5882005251693659,-0.07315007753566738,0.9367840410219703,-0.1117791777315128,1
0.5799346412929476,0.8865377199505698,0.23123068992592632,0.48430862139396763,0.7686108640474403,0.23151942982530108,-0.023406809345519662,0.18158413082659217,0.539303267707106,0.8729263963243447,1
0.4323196911965918,-0.032589124955553495,0.7233516582060425,0.23030919551388584,0.04036628083977112,0.6985989611759724,1.1052066604665918,0.6069627147262819,0.5916275820112478,0.051246007030015084,2
0.2071050405337706,0.6245613284727393,0.42257699161369866,0.7738201706601445,0.31144019506435106,0.4448540275584338,0.25389603328966037,-0.16895460186373473,0.9038588049235694,-0.044693691221320525,2
0.03095798467349038,0.23599969150130093,0.697694968249743,0.01814796376305474,0.04143077181797868,0.27997288285989036,0.12801481248114774,0.8663083876115533,0.46482116454295036,0.29483720199659624,1
0.6317867415278241,0.02810716909889238,0.3332990123969297,0.4661460605218974,0.8065553119468283,-0.16321323357719286,0.6370243016928225,0.7603160917348372,0.5322055133959033,0.779920988881221,1
0.5816252025441604,0.8982530094765669,0.18372708350278694,0.10717322490834696,0.7699046956856044,0.04530986451606277,0.2395143474105321,0.38545266149717067,0.6134444330849929,-0.004802868895151824,2
0.729371781771804,0.7694684335598344,-0.020569150749132542,0.11642323582813073,0.5886592437984811,0.07456114196714456,0.22115452534058824,0.5101479183567509,0.7282857961344109,-0.03258562654612104,2
0.173347323761766,0.35391804461432025,0.020689466930866256,0.7281088791249433,-0.03460766114465414,0.7199644057330721,0.5485009336085716,0.7440570169960922,0.6431873785488471,-0.031831531364838225,0
0.08108313269183479,0.2826477950953884,0.2399655142971521,0.03143452381248742,0.4092748530631399,0.356678831131389,0.10123564779774036,0.23008227372883114,0.908254707450144,0.7851096968190031,2
0.599107745623389,0.13950082364493258,0.08603734475255026,1.2444960170200967,-0.0362635309581566,0.7207083535737048,1.012820570811285,-0.11631431559271022,1.2453462578310988,0.6885261865356618,0
0.7563262566744653,0.08929099140517405,-0.2453372228214007,0.40740415363279253,0.49023417737935904,1.0246960138085486,1.3085736740614373,0.4865932312303722,0.5933539693383807,0.7037008813047121,2
-0.6049499436153792,-0.7618109403102359,0.06098837099336152,-0.4816259461499445,0.30552347683135384,0.9091677296848784,0.3390147777988628,-1.1946014988486766,0.7113509469504142,-0.7830017223922163,3
0.08137030714500149,0.22625470449911006,0.40025004139418235,0.6711151480284848,0.5006678395640128,0.7885464472580124,0.9064398251027227,0.3580849212437011,0.6543222921059378,0.5269160183697883,1
0.28170815644408476,0.9104664843891457,0.9186663919756637,0.6334787419021913,0.08759958275884364,0.2515367763205919,0.2673966147924033,0.7851760909215888,0.06031831578049134,0.36167885792697707,2
0.03300376424317628,0.23395786528018594,0.7027689454592047,0.01668791874680353,0.04139305532869689,0.27877113249812174,0.13340183160822383,0.869405796320878,0.46078452803148967,0.29371322764105723,1
0.24006613931716092,0.34228811229257766,0.03293913463132425,0.30644422011650585,-0.17190679314100038,0.5107168569487625,0.4562501211604792,-0.22484903773883336,1.0530418778325994,-0.10961307349319344,2
0.233629059791023,0.1324746406850974,0.06567374920061235,-0.08897826085177112,0.8587728617134945,0.39729629182757054,0.24861454720241255,0.29817680393377405,0.46661236570877074,0.04654818704338129,2
0.6159540692295153,0.8662821153064341,-0.0011763729056783537,0.0746555770702802,0.3963967315532583,0.3424676876403489,0.10519881530292645,0.46435735213271045,0.15696670344743713,0.8851305274626347,1
0.08425715602368013,0.8539831355963502,0.39902671288772434,0.4693574702256799,0.5157483258645197,0.7275743385390288,0.9556082673468151,0.5629743646412282,0.47604761224738223,0.9373852250491029,1
0.5953865480705817,0.2176553078041646,0.12853080399399444,0.8217934641092364,0.4599292238590823,0.5340258042630873,0.7227140640657155,0.855433465450951,0.25049740928813496,0.9688292590904177,1
0.9558284132213587,0.5595897736139857,0.30031441287240507,0.8403314673034996,0.28957816010410065,0.6705900179093228,0.7922922844825958,0.5068998518310568,0.989805140262278,0.23698482992335484,2
-0.13842740515008406,0.3053731759496813,0.8150954063529517,0.8486990829359762,0.5013549661933805,0.1355162736208984,0.7277797880982768,1.2605246259644698,0.44344132562487676,-0.0372392550761802,0
0.38617020077723724,0.13529400817681309,0.06888922481336113,0.46232426150189565,1.4646047385984944,0.11319443180573457,1.3192499202243884,0.12712455282183596,0.4172767812451678,-0.31556542808349597,2
0.8654780767332435,0.5699711420381058,0.31921118254268654,0.7354229258541677,0.8032087704142488,0.7316180284420915,0.6774817662001128,0.11818106465193719,0.7903727167550787,0.9282380997478972,3
0.9622948039077914,0.037923809027653174,0.5224790648509872,0.9919897766251585,0.6030019904882408,0.4881299665485412,0.5478943802075896,0.4962011411518402,-0.024665330169324345,0.5839512929383233,2
0.6110810517906464,0.8624098900239456,0.4832641894912786,0.4995931254621855,0.13280559212099025,0.9706819034912912,0.20403144811897445,0.3717848379687862,0.2079483894306313,0.6627554679214038,3
0.21801407340946372,0.9709430166636268,0.23386435905448513,0.4087938569962819,0.7995818919373443,0.6873159149575483,0.992242693998687,0.23890697934051877,0.6377666052227476,0.6826219707481865,2
0.15300729788865,0.7716558538950569,0.4054211668834967,0.5274719230416303,0.3874173367479593,0.7125757866723621,0.847809517318739,0.5929040883456779,0.6069605802025472,0.883502196580769,1
0.96239551913716,0.5036132747017628,0.11607558036899439,1.0166389044360977,0.4267179152281601,1.0419152743709674,0.7765042484537881,0.4044137059644262,1.008901063993363,0.10045070086730065,1
1.1149883260756408,-0.3335648383045323,0.2909273474388902,0.6461770839758241,1.2011950664563087,0.18468945393898184,1.148756191632333,0.29922134656523375,-0.13349128487432688,-0.6004928873514387,2
0.22261883278603592,0.3051258854163802,1.007334099475857,0.7522845180219366,0.3901816126686902,0.7707334297094672,0.15315131764670895,0.6340086671165284,1.055396475084804,0.3339460546823305,1
0.8529886019063109,0.7142166877227997,0.11049168501371316,0.9345871616335683,0.659735766127535,0.8041520037952662,0.76657790750569,0.47626588933625486,0.11989121862315742,0.4287025430591165,1
0.6135596402664318,0.9117453111087623,0.0050623681267526225,0.05926697113702138,0.3946044028090612,0.32266539825641977,0.13593258518970378,0.49405500370344346,0.12664420826345885,0.9335396741851821,1
0.48284464656783,0.7575427634504339,0.2443982591624847,0.5514855876674327,0.7967525718519108,0.19777047461396907,-0.030925653767743935,0.17930266161909755,0.47381556718775014,0.936584664143966,1
0.024094292443610568,0.41486488930551046,0.5646949228423874,0.7445473083035942,0.46136263948480727,0.5505046218455864,0.6014944542243439,0.8854375365705364,0.4154383141490308,0.1745353946677859,0
0.3517298250754521,0.6430515636631848,0.3485415951959949,0.13772304239093605,0.9171436432858644,0.6542901449442917,0.5697314385636445,0.4947026797255825,0.48462861060339,0.23868064113045498,3
-0.06945090096487358,0.9414573512996431,0.49979785627182877,0.5231889474498521,0.44603187123765525,0.8519580609306031,1.0984255945683454,0.4618767897811434,0.5611936233402517,1.0799254177490822,1
0.6698490735871009,0.8095008180934015,0.28358531745537624,0.24025022237536134,0.7483316886729542,0.4161078343489166,0.1376189146743876,0.4261277385430823,0.03769451079875697,0.27720654649985577,2
0.7034436263755994,0.6846726262493879,0.0998839315095248,0.9908907702798329,0.42387462203770315,0.8186424937349498,0.6789651469871363,0.06614548682777395,0.6529676967105413,0.1543237592507298,1
0.6324485001483225,0.2844655656865148,0.2666293760174586,0.2814404280396007,0.6549047634494733,0.14843415012146782,0.6290447885080259,0.8963152152226825,0.5059188697381863,0.5323628129759054,1
0.08129211785559215,0.7332965663137307,0.8262618716594242,0.5867433688691683,-0.005737171217882975,0.789354479646067,0.30854180654940155,0.47242135286890957,0.685376823721285,0.6619177212769245,1
0.7134624329677584,0.6015066268873012,1.0415389529209027,0.49297874197479596,0.49472633002231675,0.9250920395002684,0.5396009609522078,0.36644885964084456,0.56719413426409,-0.2106725972359903,0
0.6198770115818135,0.853069881494445,0.1437273653456066,0.09067134369732432,0.7749784329991066,0.010182386221873292,0.30105383349945924,0.35898229189744774,0.558671274843324,-0.0034158836507975753,2
0.7387121644362236,0.18347078542495276,0.253701156149341,0.3606471273760819,0.0646082693248777,-0.07346604959965031,0.7450287242302012,0.7937179458343221,-0.0841392454485538,0.793255379100586,1
0.8807271842957344,0.5741219934131924,0.32797265392293085,0.7152563729554837,0.7980098538433166,0.7418313186598362,0.6744081126785505,0.1030934324541401,0.7856074547077171,0.926002467731955,3
0.9204880376280543,0.5405365930098013,0.7975551320706467,0.092111785060372,0.5351654761815898,0.5994161745544977,0.33206929542771096,0.15551101728388145,0.787262714440402,0.9470371540602873,3
0.5967286815637759,0.25528608213297604,0.5921777238238517,0.2078042740000295,0.28004507538731127,0.9051647340237263,0.5119307633050414,0.7826970797397724,0.5218103350466634,0.053767149324661645,0
0.4023679140659172,0.4171663430585063,0.3234015653534864,0.6579189635348488,0.23426819806048982,0.33303216411975484,0.354678421670408,0.265198111479205,0.9069667563065591,0.06225994507688559,2
0.4589626786745988,0.3874366628634709,0.04379105158446627,0.07463909583978257,-0.002237829541844899,0.5938873589877176,0.5503650181677634,-0.043359575395497896,0.5472414782366728,0.7361942073112425,3
0.9647413682981176,0.220479235939855,0.19158676153182905,0.09109669908370627,0.2684960382667688,0.09228963650998616,0.7192712649567649,0.4850330001063467,-0.17029849407290912,0.7522462088483355,1
0.6073217233340398,0.899511427935853,0.004022123501971049,0.062060134977705,0.3914711600025945,0.32481064144788135,0.13932477533041965,0.4816683419025417,0.13720910344261902,0.9200270955489042,1
0.21085358458390824,0.9396867504064055,0.09166647029963046,0.3927862150923128,0.6082872148307963,0.6880176177834071,0.8583053868574482,0.15517256143638064,0.7892241631332219,0.794697973218298,2
1.100102484841665,-0.0017600915826365832,0.7450762789737183,0.9836137426915943,0.7167778956885605,0.49345437630084926,0.7044999853177516,0.2066306577438962,0.07531090733354093,0.5409952627649681,2
0.7898396426331649,0.6873339808928352,0.7509111844477692,0.3773986497336212,0.5526522733465256,0.5727366332749186,0.7295465201382043,0.22164233900513555,0.1790322221681675,0.004625060927457847,2
0.9368382633509854,0.5790268355179108,0.7639172695055356,0.0775656406336369,0.5424957025588742,0.6234889249534864,0.3730485248359227,0.1876142805301331,0.814816371598898,0.9738467852121221,3
0.9567770602474536,0.7028904884058838,0.21469962296272777,0.8071036210472274,0.4221380636391713,1.0244783372189894,0.6669565208331012,0.22532306737239477,0.8128833557334515,0.2838059552528329,1
0.8517904516417393,-0.417616299386636,0.4406955319950848,-0.2487628737870306,0.028300824477534754,0.42365004771451553,1.0429414610493932,0.9648698649890554,0.22347498740952174,0.056798824483446086,1
0.6361871230902779,0.9078128096463265,1.078008335281634,1.1168787587412987,-0.13394995838549295,0.15407618980309679,0.6872113770707414,0.5931767850711469,0.7584994815509554,-0.0765105503791888,1
-0.18162803488629314,1.0808169551802824,1.0384659756856218,-0.07382769518192048,0.9739841309463066,0.3556211291371936,0.5644749983741656,0.13566667921549302,0.1680739877198258,-0.2828388586856922,3
0.7568072550939767,0.955731963876258,0.138987142097462,0.7719604061214593,0.7772122000919502,0.8378668124386244,0.7762488801175044,0.6099087707655457,-0.05961073951773424,0.28409578036043676,1
0.7060688835054492,0.16247208372992256,0.5205218582024406,1.0566461420754287,0.8899506433990615,1.020810241122551,0.3602395626323951,0.26095564172656643,0.627339172726832,0.7390893524993065,1
0.6917382913340047,0.6937291951357419,0.342033344291567,0.8132526793030014,0.16679925895500833,0.848805539285832,0.5901494399278099,0.029507891647497314,0.8068238534223914,0.4805147233036009,1
0.10224929398170018,0.15652898431060783,0.7255585667354373,0.26560554158736316,0.01002455020002787,0.3295321537994892,0.6619864321786992,0.45147237844518684,0.2728425446980967,0.4482077699210369,1
0.018181640833617882,0.10344052020913717,0.3340068641666719,0.7476834296892424,0.4962643525737416,0.8457839964209056,0.9431484359308675,0.2922039317384308,0.751076933137456,0.5698640244303844,1
0.5715732579223951,0.7796785731429867,0.33373147917433404,0.46428254711245165,0.8536499460103316,0.15288420105794195,0.08001356844598981,0.1606167815804287,0.5332151964725568,0.9531024992983503,1
0.9618077078786003,0.7713243928823716,0.3879038630497277,-0.05918073842225019,0.33622987273536875,0.18619899576740367,0.7077081771066144,0.7162237258983641,0.4898551490223565,0.259486371850633,2
0.7288750858613153,1.1255478767034812,0.41638180844837597,0.06359338242868716,0.5501037078339026,-0.1309787974926342,0.2517756456903854,0.23078771729071051,1.0107952038390253,-0.011184916728420601,2
0.8231669687497473,0.49842377495664464,0.2365886801079662,0.772878748088763,0.7510598136539978,0.7121618618732627,0.5937605858870765,0.10454419175838155,0.7381983683725992,0.837879733476609,3
0.03079722423144185,0.13039376183890936,0.7705853690033679,0.32254432260777993,0.0832813097550444,0.2697555842371783,0.6161114392432852,0.40430908293302714,0.3102985702454798,0.4598388757476421,1
0.14112635040028745,0.8936601729274407,0.41609195356805984,0.4832927862905675,0.8769578279953265,0.5719401813392081,0.806515332750505,0.7694005707859968,0.6209353006917636,0.11335797581691781,3
0.6038199928254504,0.8965524556605607,-0.0035528274909388535,0.07557846431522351,0.39616285856459227,0.3169301461436292,0.1412552297404793,0.48304222910130173,0.1359751295203303,0.9248189135472265,1
-0.16504108296201178,0.18841879228894282,0.1278981614979459,0.8126393979569132,0.6543137090293777,0.3197184773255791,0.7969383479685184,0.6037767739855303,0.8301909275711492,0.6446884283729379,0
0.5888391649577684,0.15076908483378115,0.43843083358850476,0.3077163854821092,0.7594365251061879,-0.21406381431334073,0.5322388310992155,0.6875537542070482,0.5683736001023489,0.843878533990372,1
0.5755054751402584,0.31857428065506066,0.3723731523460835,0.2929573781387306,0.6995838851346048,0.11886616515175662,0.42171333945164147,0.5797671151643427,0.5895967007686514,0.4805551609289692,1
-0.006133574340662654,0.1232591090130946,0.38110253594095567,0.7607256846310283,0.5389172200836302,0.7409675630046284,0.9016870753548039,0.43893393214224763,0.5703561133525343,0.5201926637943579,1
0.7785817980115963,0.3575471471851573,0.9073511942311299,0.7502764599873412,0.5381649019185235,0.6007961724815766,0.09721396933377249,0.6761084985487661,0.8516764307705593,0.44981220297725594,3
0.010031229337550157,-0.19831563981025022,-0.08769121214042941,0.06662878160099851,0.5216543272044624,0.08564753204622175,0.2820480819631106,0.26651003115716543,0.01741990965765039,0.08878774645019165,2
0.5684700470249695,0.9235949489561703,0.3578828461490142,0.4407121178991609,0.8488304456386916,0.22208880662633035,0.13514378635964733,0.23355763603186092,0.6185024654632978,1.0169238801784422,1
-0.1020299501584277,0.4744836812171431,0.9098481567317264,0.7759640973384845,0.8985550869964778,0.8886282940450024,0.7703423158543301,0.7766663019396765,0.6486336203726227,1.362050449225531,2
0.06902123234912343,0.08936937432281161,0.7739131040913042,0.3137201404618819,0.058625583266869966,0.2451753166204158,0.6205653193733514,0.3784036891075673,0.31190025810771077,0.459555891000072,1
0.8580387297413895,0.27781330197986437,0.4310206442857033,0.7399831575472253,0.5876496416627779,1.0274276156084525,0.48210427721441146,0.4471327511605412,0.5826599000134848,0.6213971791621096,1
0.045063722400797125,0.11723526540837087,0.772537491733332,0.3084365814859832,0.06289481992526186,0.2713471694834495,0.6376892124878186,0.40755558032136874,0.30909928196301933,0.4514380457666736,1
0.8840913692281278,0.5643545218947464,0.32108863842463686,0.7217108980642881,0.8120913794799206,0.7776928275555978,0.6529367130501272,0.121928396554909,0.792341496114328,0.9337873211297055,3
0.06559641679627577,0.00028023837950807984,0.5358205329615794,0.4473555613013805,0.27373017366531993,0.8574390008998651,0.9395475543781661,0.5745268576463394,0.9111844100654177,0.5432309208375848,1
0.8485176248344063,0.36717487612606264,0.4358641011374867,0.4294669067231423,0.24193675149338723,0.2969551282162544,0.21806796346111013,0.27494373530082533,0.4233994715754454,0.49670832304229023,2
0.26456714818753363,0.4741332587110207,1.0317778037609378,0.6150282639099788,0.37598486199595516,0.7958621860024371,0.1217591053186938,0.7452999834356533,0.9661797849906387,0.36315466709779304,1
-0.014108714520963662,0.06272950740766223,0.723294936185281,0.3118232024556063,0.11076793202659332,0.29808387000049064,0.5776833784623032,0.3843368544044078,0.28914989627432375,0.45836119665716457,1
0.452784488127643,0.5045423149697994,0.25741729538276137,0.511846250074166,0.7966153002453101,0.35828647539433267,1.1261094874588817,0.26397259656691563,0.5923969384754783,0.7278339422664204,1
0.0860892351231344,0.8587340289655876,0.5458553809166425,0.34316835053874045,0.17371077967459692,0.5554399818811238,1.240183318129651,0.22333699704833546,1.5166614844634605,0.2717569704068632,3
0.07144987586892106,-0.1355541651458299,0.4572480228273118,1.2501258761104213,0.589892417897514,0.5738247478826564,0.25404361204496034,-0.15020622299704856,0.8036506317930582,0.4841690706645719,0
0.7277783146166656,-0.006108125498216155,0.4727407262762577,1.3579563510137722,0.5754877043773203,-0.16215634605806573,0.44349727678249207,0.8139527686546845,1.2265611504253462,0.359784779648948,2
1.1788836180029922,0.48684698848169217,0.7170712806152016,0.29006758444578484,0.05745198678201546,-0.23191806071292698,0.6305017349363856,0.9370504914300011,-0.3056889782754176,0.35057127819084666,1
0.3122199297234566,0.8522229895999476,0.9892968096547521,0.5748501466975531,0.06759953365901684,0.21762166830008497,0.24765951951833887,0.7732440461446606,0.09466505777394127,0.3044869029763879,2
0.309314426457285,0.4209193101806336,0.9892272804506751,0.6258088674476495,0.3864657209230229,0.731620915761633,0.16781079018795314,0.6608073504548537,0.9385682358538149,0.42223638890971776,1
0.2154956620234092,0.9650576157861855,0.002946906212084044,0.44609984101999656,0.6101000788532426,0.7347866951744608,1.006900706244338,0.2108407044932924,0.7144997287709073,0.7696178984062241,2
0.3793009135926153,0.22989416004128171,-0.06468434446071689,0.8187080886837469,0.625654384066022,0.5507921181560783,0.8125759973911205,1.0659885770071293,0.3514110400583809,0.7080100138777073,1
0.42501905621845715,0.2648622044945662,0.1511508829598945,1.0475403058402257,0.4584307332154537,0.5990175457475395,0.7934252629006033,0.9098683404021674,0.2248304270228586,0.9793953004728477,1
0.7393185435639258,0.1419722252447927,0.2802385825418826,0.2505632759955845,0.6053218682896764,0.03223615285932918,0.5834612096643869,0.8408969816625478,0.69587837973277,0.6220931384986302,1
0.5138622989486205,0.15965320069518157,0.24712488859491644,0.14818861552574739,0.5420473870085932,0.13676544906589833,0.5991139573499402,0.7849429590961607,0.6649750510412601,0.6085571852476122,1
0.0027622083771694506,0.8123415572747037,0.05304677285918244,0.5933298803724185,0.7469962698376593,-0.06389896117188344,0.3393051660901034,0.38683781205422935,0.21658619126553874,1.1728509037512094,1
0.5203551085094708,0.8397829505555876,0.3072651394532294,0.5122811022958078,0.8114961595420952,0.15031675840599992,0.02450457644225372,0.21717126938367992,0.5754418001765081,0.9215687074497099,1
0.8864808381032023,0.4154849161282323,0.25347612476042203,1.0032677232811045,0.4223682332218396,0.6890526675370033,0.8964478088964304,0.32030265237876243,1.0402253035303022,0.138293913303732,2
0.6146189174241888,0.8874808902340292,0.019663089894648735,0.059918406288055205,0.385513618210793,0.30482984487569526,0.12238124889465773,0.48084541323247704,0.1450131548155974,0.9389349119810178,1
0.46546317324009445,0.8479293408157582,0.3691875488760253,0.4919044896859818,0.7777985291962713,0.15141903709861554,0.01878907752792075,0.20914607334514373,0.5602536812293311,0.8370476657497756,1
0.6200749407146257,0.8913501335999228,0.033860910772136904,0.026683734758850275,0.3789861639455752,0.310801048902821,0.1545398704619769,0.5254377131329105,0.10259255120870553,0.9231889049359683,1
0.2422275484739786,0.912777396004868,0.05779276365415742,0.45866926116006324,0.6389311518060861,0.7507919406016688,0.9549765084721127,0.22838729689914514,0.7272555517880751,0.7477897748435365,2
0.5862764995979913,0.7390740615937839,0.30774292040943874,0.4036026276091355,0.12255195547092446,0.9718478378359998,0.26002522942820566,0.3451739718250656,0.03825305455651337,0.6428285616008301,3
0.31352375714490777,0.41156833678307286,0.31762250996071173,0.6705707663821417,0.147590631776413,0.37607241458995616,0.49543386167217374,0.08321470115814189,0.9477079166895137,0.20091114069982463,2
0.7671397598019672,0.8442278832482468,-0.05368055843391206,0.9568831810213467,0.7278224363889306,1.0473378749961046,0.5159463641328421,0.6534791626613152,-0.027913809986441815,0.17511972351479127,1
0.015705436868992628,0.04850938683394872,0.7165617913466897,0.316710231997516,0.09652839965012736,0.24030259284857142,0.632709445819899,0.455061172448551,0.329458543157826,0.5200872302207691,1
0.7571513991186354,0.8909906524726905,0.09570691286974631,0.9104088197093267,0.711974733556357,0.9814927133888275,0.5862503921767307,0.5791083734558484,0.020313914652149857,0.2904856214953827,1
0.27975960138381806,0.6858967224184049,0.40755332604675754,0.990103801767445,-0.2812161869112882,0.7553331037031399,-0.14474475639352352,0.561273129255789,1.0648348700762154,0.6100587966645684,0
0.2277643408175076,0.9011550804522318,0.4756945208108735,0.6090018580409113,0.3879872548805783,0.6500032932406659,0.8127552185291121,0.499796169133945,0.4434168955526631,0.8079602162465126,1
0.02093175858183559,0.1080726742270857,0.8023009526364346,0.27538020467085206,0.042727859064639474,0.29543541910795834,0.6525049772298863,0.40929183291507604,0.2996742429343032,0.42370867443556254,1
0.8244933454071933,0.24298848333734527,0.386962116029388,0.07928178718239381,0.7860106395908811,-0.1090141697797411,0.483407192316783,0.9071363440446807,0.650805641880774,0.7221868990787575,1
0.5436748656413914,0.9653113212330653,0.23313751369625263,0.21081417540023376,0.8570738759264112,0.0533594586641241,0.24537148160046626,0.4859329462760613,0.5924030706783877,-0.022458360939280133,2
0.3615360930183794,0.08602650556012864,0.5790617432780448,1.3581174216591705,-0.006949241625050506,0.6237127456316803,1.165845934756164,0.3921379409414243,0.3785590493052894,-0.1089358806022207,2
1.0043032364591968,0.2892365497124891,-0.04624209360721118,0.9671031223403211,0.508950383332369,0.2339238799603146,-0.02741425610828424,0.8584404224833805,0.10661471761535543,0.38936215824287257,0
0.5128266832522813,0.8231965665643287,0.3092596824501321,0.5242178404498342,0.7885273930687615,0.16420322427351483,0.028278137811929276,0.21548404037550709,0.5415568220935837,0.9228568772054997,1
1.0086455859251113,0.5510788398543934,0.7878369190192798,0.04224435506007329,0.5990218311331215,0.6235832979742723,0.4492674387436377,0.1736915724934769,0.8123946050971679,0.9509651709960028,3
0.4860184973697577,0.13142491173552887,-0.20439375077039157,-0.1044527704612015,0.7329041451819619,-0.051914576753872455,0.3797422958710757,0.5481742969671851,0.45789937210921905,-0.10852677083888301,2
0.010586846332630642,0.26494157984361605,0.41867218247166893,0.6563803880274823,0.3955036036703896,0.8628831175357395,0.8548600718473017,0.2613488209484951,0.6456913736268761,0.5533568272027175,1
0.8816235091266174,0.5370132660749168,0.3075030220725234,0.723216031034787,0.8007883883364034,0.7457668970068774,0.6986177870605483,0.11023559212305027,0.7591352038810418,0.9231362357683797,3
0.6003369184066953,0.7991980112391082,0.5514695197925801,0.5503666287299301,0.13356076389069912,0.9926871320710687,0.2911519166708121,0.2240814352891718,0.26219696734361253,0.6700513027004075,3
0.07680381460535432,0.36171105475313625,0.24172744040757363,0.16387616170491207,0.5100728143150296,0.23911148795362933,0.07775922886902593,0.35237034946074736,0.8737759339235279,0.6802734002722778,2
0.05827146307218781,0.11044742659334551,0.7588279727216287,0.310350027050541,0.0532668761413044,0.25750002745033573,0.6270242265962016,0.404893544039057,0.2925709558074521,0.45246536722017455,1
0.2826326260190881,0.429692441413425,-0.0034097692245300543,0.8265842367084913,0.030934269944976542,0.6965705762969565,0.514254314404101,0.7437881030841441,0.6871880986727101,0.0888788083383727,0
0.4189016411648276,-0.08574426612199532,0.6758357488847475,0.9902022483034003,0.003510711540089889,0.7898575887217427,0.531172502893821,-0.14211699005812264,0.4080365138124382,-0.16323430445248693,2
1.2742941923465316,0.37868501805330124,0.2626433231865582,0.7538929672735704,0.5944289247048761,-0.12351042839804482,-0.36118055449748226,0.3558874914781636,0.4184942013823876,0.8811450781811988,2
0.6373944000708226,0.900991170209766,0.017416566287859054,0.03947700271213072,0.3711960686344046,0.3613247765826418,0.15380933987884093,0.46884805467134344,0.14895177411266908,0.9597652871159291,1
0.6218740695381622,0.02373874952455439,-0.04771731418614883,0.7644961566681003,0.684041033691922,0.8636376143057911,0.9616930668473642,0.8582069475466192,0.2960644663811128,0.9041223500667918,1
0.3451252466562149,0.47379830029912484,0.4966770164527744,0.6530020730789828,0.19290080316719713,0.35805443998859654,0.4455192773146567,0.04407086363946046,1.0141879833647882,0.25490675945668206,2
0.7856482885978607,0.44490223804887147,0.08166482788958129,0.3202623730499238,-0.10252462564214324,0.5715838729585944,-0.18035414203939515,0.7491565351237603,0.4863215733062482,1.159335107629929,3
0.707264241431074,0.5883895934228519,0.08801875170218049,0.8222737578748405,0.21148658495804476,0.8215039399902629,0.5440299789177852,0.25505909720015196,0.7913857340075673,0.4261070451637554,1
0.1666026606018337,0.05910937183480196,0.5337363645559613,0.48848154016117024,0.4237886535278562,0.6515572479152669,0.886043921794172,0.3401039620550842,0.5918719437423481,0.5403125727532044,1
0.5257065913446075,0.33690681017861707,0.26500416520267284,0.35988160673603026,0.7532903714893731,-0.021196330002014728,0.80608325224145,0.6381359410467162,0.5122944326874619,0.7044695125016498,1
0.7916849230387676,-0.22298543137025417,0.32106122331414366,0.5317599024960962,0.3701941337113283,0.26841323853622046,0.3269162107603004,0.051823525848826324,-0.07482175346597592,0.8921925696070536,2
0.5207796179130241,0.837243289154897,0.2848967117959891,0.48705115241032926,0.7665215726845399,0.1714262256876866,0.024844139891156657,0.2004764724380874,0.5118715201890154,0.9490392114681635,1
0.8174004851633248,0.41877512983016796,0.1771051556588173,0.9263827187086942,0.1978611589289998,0.6230543771049114,0.9736534057613215,0.5304531782529182,0.9951565838677879,0.23089477705371297,2
0.039414239578801136,0.02605889105004271,-0.17134330407899073,-0.2539486191597939,0.3813457153998963,0.004538746522596282,0.763157940495188,0.696049490817813,0.3887657105486704,0.10005697675552454,2
0.6130998386847888,0.900396226123978,0.22563398100554,0.0867179091735622,0.8322557630792422,0.08208038254413033,0.3058094882475312,0.3480427086610233,0.5712075906107409,0.05996928173549398,2
-0.017133180560897174,0.15921676829358433,0.237208415260596,0.7724096606511959,0.5173906967473552,0.9477312209293468,0.8147252370425464,0.45105382225048773,0.7829078251769502,0.4226098586112175,1
0.7630548462072271,0.412377845328147,0.8816113246322368,0.7188242485289967,0.5161441831809638,0.6030429433924069,0.06407949387790626,0.6830767793835255,0.8587556605543287,0.4055692119920918,3
0.14048140448183238,0.05289247088179749,0.7992770612295275,0.963956375274779,0.3956540705531987,0.9677713064818448,0.36946454708995213,0.6878384704637799,1.0356003878324223,0.39204668856188646,1
0.9434260897914996,0.586899248961467,0.7544199588808501,0.08103071927782728,0.553541909566376,0.635964804329006,0.3671003375990036,0.189498715646086,0.8074645826276502,0.9659414621349243,3
0.10885098811380808,0.7961996123409405,0.4116575670034922,0.44155071496350584,0.6221105340166472,0.8160704685614454,0.9891273031270441,0.47865234243643384,0.4379692712142667,0.8589942362568912,1
0.6235223876747521,0.39865852632867294,1.01064468842718,0.41313681970601335,0.5596369968170501,0.5320636367715006,0.38269646526932366,0.615334810937712,1.186190389442077,0.5295100297927613,1
0.6052687973818244,0.8265829325925256,0.7457261059354948,0.4473265177720083,0.5588503811790698,0.7566983220726538,0.9289778042047959,-0.004022190534062484,0.21611898422720804,0.3273348733545136,3
0.10675322134208796,0.9333979865752946,0.44042831735307186,0.96022909484351,0.21675135713020222,0.02737902571368043,0.8404040138273622,0.7696610759152022,0.13209245237562778,0.7064382640191224,3
0.12820249974508627,0.7213734243890115,-0.08287131053799834,0.7176354940113455,0.5799369402221861,0.24239533781953662,0.7704981256528336,-0.0925693129672755,0.702789566202488,0.17580309253157866,2
0.07483016620093529,0.2165269214546371,0.23957479421819242,0.7215926840419946,0.5342450026878036,0.8606631415717839,0.9291765510731881,0.3782312921008062,0.6779523497961605,0.45234621275945097,1
0.7999979788332198,0.5248427367140335,0.4892408084700257,0.5770567433794338,0.8042422017443069,0.25108556123912773,0.3897843707336187,1.0759278993817116,0.5546560922151273,0.46605793467808104,1
0.6101103546517126,0.6902001529059499,0.6868579062861803,0.4142529963504974,0.6212215942621178,0.6619980984006459,0.8434017956191836,0.01245510569398682,0.2595317352164203,0.4110120215848637,3
0.2177152565156203,0.38168801722346424,0.2189397094890548,0.10284883037085585,0.5786837445808067,0.30375392951086316,0.150937529005452,0.2854302291380269,1.0428988448824836,0.8300854168903669,2
0.5442422130283634,0.38769000145601945,0.8068106892156567,0.5927467412179267,0.619386356663078,0.7591109685994007,-0.06006649949637327,0.8518295639635332,1.090957900552915,0.4142336665734344,1
0.6694119403316806,0.7439509321466358,-0.043109295014768095,0.106604160639196,0.7893811086860371,0.27919337939680816,0.3085021640139061,0.4617318987010194,0.5271378086168776,-0.22594531831833617,2
0.4530627741842604,0.12108955928594436,0.08562484552121405,0.8374079782843121,0.5300029933519077,0.7207131698445068,0.9075002322792209,1.0262740165994957,0.37444003402109194,0.9175283884586651,1
0.49787212524414076,0.014872001634826826,-0.46656107705749383,0.7033050688976474,0.5950866135854471,1.0157489832697162,0.5484444839487653,-0.19683560381414045,1.3416647862340294,0.4315347697013573,2
0.516860644661105,1.1812030053554534,0.22583376052634835,0.41614596893713784,0.36425898614588315,0.8440454519837042,0.8628169046422414,-0.0014224846679997127,0.9345712918375817,0.9786896969439652,2
-0.0072141495782342135,0.1284932347836454,0.0382142780331089,-0.2487513764674199,0.9533056949492829,0.14412674356164124,0.4222647906740127,0.3793179962675792,0.40355576420508943,-0.13776964870413855,2
0.8720384201520324,0.5606627258473486,0.3121679792137701,0.7169736621281833,0.767464512742791,0.7389729197834266,0.6911839882353216,0.11794078292474801,0.7772625959550584,0.909357169725953,3
0.4043732781824133,0.15485531605132463,0.09731248806421929,0.8453139806743236,0.38179868080451107,0.5450869703367266,0.9335983709667299,0.8858220945513813,0.41421114897463324,0.9705125392605001,1
0.8427031551366697,0.12344901015467535,-0.18386417117863574,0.7300231418813425,0.4024611413614631,0.17727947619303275,0.5306111582817203,0.5540510795690662,-0.09723825529312768,0.7487678800157114,3
1.2943205259944195,-0.02434528749675141,0.10508562926945891,0.5035572133294819,0.06504800604936396,-0.28786047969288625,0.2692354173576712,0.9542771916094539,0.2833441296175887,0.7358952608622169,1
0.8631087371821144,0.46046916310296704,0.8545631999483454,0.2804062416865677,0.56571371745049,0.48708803606175544,0.48042566502390127,0.4605315565942386,0.1541428270874653,0.3311229281977263,2
0.19548287337011314,0.9896572256611956,1.013713850517138,0.2132092332093417,0.8521633476711608,0.44930725459528503,0.8009110002038166,0.7472296607336391,0.5348690082513263,0.8714756626015397,1
-0.027760072043883435,0.03302819806179598,0.8346488162912206,0.3367187890992002,0.11431037226937785,0.19285447303737702,0.6477926904020953,0.5021086495116444,0.3048303894359663,0.39993613933374406,1
0.7393595649022074,0.3520831743419211,0.5818203098268652,0.398991662278866,0.20178223049962316,0.2237476930695367,0.14085189976552698,0.2469081624722037,0.35887570219023035,0.7626518894444789,2
0.4714570529785609,0.6626177041816128,0.7176055095417408,0.4901070193742699,0.2208056993101774,0.5833513871469742,0.10598805508254588,0.7934082103236122,0.5705626245765604,0.038976052760710214,0
0.8158815560113115,0.27473794096506143,0.047379161765932126,0.34706757974933267,0.6807627050290067,0.11110049705131882,0.6548325426356267,0.6523970916796681,0.7087370357140008,0.6681537810976504,1
0.4007915064728991,0.7071801353682409,0.7154814018108384,0.46347158027970026,0.20997309333944728,0.5242827354592161,0.193569999911581,0.7207895842230406,0.6081254429371653,0.10899168136432072,0
0.11328384312431425,0.18321792687819838,0.7157114962409431,0.3750241993196276,0.12932566566870304,0.2859200350226728,0.7134333912382134,0.3628313063334988,0.2939243683533826,0.39239891251292125,1
0.05116053505332641,0.900561320949895,0.54991802544197,1.2175731444841382,0.017221912453053767,-0.054033028547369924,0.9728749714747915,1.0393431616613753,0.1570064504684628,0.6580330193784854,3
0.18513662701681757,0.15154629951665755,0.5882906086720471,0.4304163557808619,-0.082471057941919,0.5771174834306068,0.782435753485424,-0.17058641356965465,1.1273546230481548,0.3198371847088836,2
0.33530403857024954,0.5178822345004659,0.7177671028007795,0.506801488518626,0.18555636960746705,0.5218047299641737,0.37316586637891086,1.0522408206324876,1.1864943790417015,0.25238317015634143,1
0.2518556913170082,0.9112062598600383,0.07985776980659987,0.5091511057623596,0.619529584204326,0.8120397083669055,0.9391009681368605,0.17659645924931383,0.6713171246716818,0.7928307377945109,2
0.47376036982774733,0.9624713342549508,0.14211017517462537,0.38791231933438697,0.7437289639639891,0.3610986560990638,0.029010320425238406,0.39966379039277605,0.3521820822889463,0.7831742141143118,1
0.9913474629529426,0.7829551930947746,0.8026656950688722,0.26151278852126664,0.1218054828517435,0.41390160955023986,1.264700209972665,0.2678210005938809,0.05864339472057667,1.0490687858858798,1
0.8963559999243608,0.5392093369335741,0.2968681934054706,0.9568262804336918,0.27082419035125516,0.7380366822813097,0.8919134286399018,0.366899067033898,1.0406260406969847,0.22871543721837526,2
0.5714829953801934,1.0145740298161565,-0.059876022272230295,-0.07775648117227796,0.8963738146479766,-0.12034724145212702,0.20327624973961134,0.2472497022173295,0.3780689780730632,-0.1587846683932819,2
0.002530996800385779,0.857404625245394,0.24879907929790393,0.5614916018534395,0.9037923724405541,0.6409441054028889,0.9601600446604129,0.6441786090540501,0.6033759161203149,0.02590217318497482,3
0.12708601167929545,0.5770100800823155,0.47881904853845564,0.05773464944269752,0.9617300454024315,0.7271635413406584,0.4961818575842325,0.5245680307372574,0.41043622145488384,0.07108933312504352,3
0.3254658593921505,0.8874621939308068,1.0002745219199076,0.6082340711645446,0.06894854999681627,0.23323705405426937,0.24926275524437425,0.7966140453276945,0.09380270600377497,0.26704354828770965,2
0.061143168054004854,0.19856113845572854,0.381198008653049,0.6465386585278535,0.4712273185618858,0.7585211348173616,0.9116101373743223,0.34407238834120973,0.6245396807720317,0.4305497562879897,1
0.5894459678028463,0.8814842070204557,0.1729667848991238,0.10192050616377707,0.7946937138499612,0.04481844177597788,0.238543055448379,0.35739263025741114,0.5699590362295817,-0.002054359167141223,2
0.17375090224716805,0.8244745343672668,-0.00870014222051163,0.7179907991607886,-0.31018736605489683,1.118178054165063,0.25837643220478923,0.14489847495211786,0.46421453649954014,0.8942848810827727,3
0.25643028662094447,0.9226217338994935,0.030230577731959557,0.46881478498152535,0.6380607320039897,0.7343596177872465,0.9817898115353907,0.21995367863076573,0.7445684031392735,0.741088878081428,2
1.2277589989990763,0.4203140139265898,0.24284636732212866,0.1845928306618422,-0.3343920039573206,-0.009169022550897188,0.19686966093178726,0.5144968176207116,0.29881970867852475,0.5155806449886318,1
0.26067205542762084,1.0228430441917233,0.01642236312647565,0.5092896368989478,0.6857319390954285,1.0331477527865478,1.1428831087592823,-0.07454351011082411,0.5802199806194599,0.7066005729841343,2
0.8073315282506957,0.5296006097678381,0.24729834471063641,0.6661421082801573,0.7559431642034492,0.68579600234369,0.6746873986531949,0.1018267632419403,0.7544722171829692,0.9174867276206213,3
0.5607130162480158,0.877210160862409,0.4291769505787996,0.3683774237102573,0.13398439041012905,1.097722260278596,0.20594797152395905,0.19116803055007822,0.24948370382191773,0.761220427651432,3
0.7277543244574292,0.5794397175976278,1.2099713954221603,0.9803629026105047,0.6278688406262474,0.39583788640312934,0.00928114405809849,0.8141017721329875,0.7130163641260584,0.5884870388190826,1
0.6692186577679234,0.7479988435403355,0.2726527631395963,0.46511785286317914,-0.03008663366106057,0.9530938164528547,0.37205186735984935,0.13475898182990464,0.18118792780853055,0.6991752257491353,3
0.8313308677829556,0.8171452610580673,0.0893063629862683,0.7961373413748969,0.7781901994801022,0.9830241601506008,0.5421155814172216,0.47501682463276995,0.037430848910880624,0.3315145167231961,1
0.5579929400929111,0.1308648039322725,0.11677237134294505,0.9053330469876896,0.49301083500635784,0.7397799682280971,0.8934677100384381,0.9214863137652869,0.28826943247274367,0.8959470456886431,1
0.1365109226575651,0.8251705912975782,0.7592915167422957,0.6211522194380402,0.04894180412592335,0.7157635001969017,0.8179088203684785,0.5622691969344602,0.7160481821320281,0.5127637668958441,3
0.06445134353609955,0.19521655677578015,0.3800120617535858,0.7919191188797571,0.6232636810060048,0.5202826553703435,0.6176682779236581,0.4205123743726439,0.9683116640181328,0.6983595130786079,0
0.8194965383946043,0.2669427144121836,0.5525547238282691,0.5022235860103673,0.38536742086189335,0.24390556700220783,0.11416453326339307,0.3970292505848137,0.3592958701201159,0.6166138991910813,2
0.28916092674023014,0.8744287863714635,0.9848536175682524,0.6068834453070622,0.020562975241659898,0.2587677538065011,0.2432774641473196,0.8072910318806407,0.09594338760385299,0.30266875157769185,2
0.04864509019748982,0.1343868596156255,0.8109889771814974,0.27202414077722037,0.053155075708115604,0.24761545863166426,0.6408135156474352,0.4287074102243664,0.281425878669452,0.4309699155053316,1
0.6015114149447742,0.4651728999594953,0.893311343774014,0.6652833532832154,0.5401268991116362,0.7895062038431571,0.497016371741443,0.2638408306754485,0.6771745336474064,0.32760092436948396,1
0.6139159422845615,0.3911727000416767,0.2647257776407098,0.3761974047672552,-0.24489147101074793,1.257745677480195,0.04223092371599807,0.32280531872026835,0.42564706484668335,0.6398314931172372,3
0.5526693481924831,0.3731277693398267,0.18624265775047028,1.1000334342613534,0.8629975843703996,0.531421725830242,0.7086732253601791,0.6447908320079014,0.7081452623569966,0.4118872198181294,2
0.6648415291905168,1.3707539864660048,0.45783786433805906,-0.508821979924761,1.2415686277682014,-0.08132064088845853,1.1643949392501614,-0.13156714477095988,0.7417328958393017,1.3811763710526297,0
0.5939189951305245,0.9342312810602406,0.0025227215238640428,0.053254320363875216,0.42282899496653137,0.3347504604964016,0.15855348336201927,0.48528085932543796,0.16618296247747355,0.9035893504927427,1
0.2956398447303377,0.5373722834930803,0.4210932480704999,0.7738889783176335,0.2046352821924253,0.48697437462084214,0.4729887002427986,0.12852195653504195,0.8040853911100475,0.23425300168836577,2
0.26364686069407134,0.287466037349152,0.5765001686407016,0.9605581833081344,0.5855643641831517,0.36889298350092,0.5758567563453029,0.20840886525681124,0.7020564383775936,0.9004892907027023,0
0.5376874432683976,0.40824638449720385,0.8986030118764157,0.7083341271562765,0.46662225653436223,0.8688816532851171,0.46970035595566556,0.34615808037343127,0.6383418043493502,0.23139657098373,1
0.6534474488150713,0.1964614854867953,0.1866071015051739,0.20129259932472132,0.6783619227728388,0.0632045317702506,0.5884692486241105,0.759390364243167,0.6390070029290831,0.5812059830609184,1
0.5344867079071292,0.6088217079169539,0.7143143766004746,0.453170899732579,0.3014743848676281,0.5793464151773563,0.09491489962200098,0.794084931781252,0.7486540757834035,0.14066347672611387,0
0.7249838599964163,0.6060468872506376,0.850332732115906,1.0544800636774454,0.7488155446546436,1.025884092400478,0.06111437196955849,-0.011193419339840416,1.1073286625876588,0.5991378258628823,1
0.43156828386831886,0.3859939323323158,0.9128287208798376,0.34485518902173495,0.2055198317354198,0.7048995293933515,0.3693650460195045,0.5589502054467894,0.9882359441903612,0.5861464814556065,1
0.692598046201004,0.7673715840472679,0.7821930815640369,0.3956242647111199,0.6639309149432124,0.6955758270487835,0.8817199914321899,0.11545274118376259,0.2884906157552058,0.31220779335309423,3
0.8546581631681913,0.5578306840426287,0.7508345672260655,0.22927625434307886,0.1638408415612233,0.8099915382784874,0.9498447055836245,0.7066871711090237,0.43723556458257884,0.7743538725098308,1
0.03795596679412698,0.22366830337824892,0.7046121388877628,0.011941961711467873,0.03438756728823329,0.27739240140622673,0.12768995059118543,0.8764046831284342,0.4593383002536991,0.2918775759529643,1
0.6100464982109326,0.9118789873001029,0.01794090732853902,0.06522718461778712,0.3847393624195504,0.33570830008567615,0.14229643863440464,0.47787523179090524,0.13834939512145414,0.9133815285903513,1
0.6713106664230712,1.0055232687369475,-0.0931464367870222,1.0987939725808358,0.5463810514624448,0.783291580899207,0.699456044013097,0.5498683983989724,-0.09055217289395834,0.39312340620503733,1
0.15057318617840287,0.34058208409826185,0.40671622046256306,0.9695278287411508,0.5065043796050241,0.35995689421902144,0.9285739213641748,0.43034352722872005,0.8866362537452954,0.5083163900712484,0
0.9723248219856068,0.5416608775465978,0.7995433335811474,0.05104903534931721,0.5167930322278244,0.6342294117726652,0.38523424616304136,0.16118558504886907,0.8617021621064312,0.9660260319437453,3
1.0415222110015183,0.24337214666254103,0.3433357023640503,0.039594105872851296,-0.08650306056937516,0.06123726435060543,0.6049780807551121,0.7778581971948062,0.10424351420688227,0.44447056225974657,1
0.3155098019904375,0.3651318573495514,0.35595432617814926,0.7829053032435938,0.2400271374625211,0.3266050556971693,0.44154784705722017,0.01376166996348107,0.9789174793573859,0.20445651500801765,2
0.16527783243527222,0.14556537856565152,0.24692759714363038,0.6663898409913067,0.5363988682143342,0.9989593679544666,0.985619914378731,0.30019655686543306,0.5863827409344744,0.38013286729518125,1
-0.005062933621322693,0.19639224171217148,0.20234544463979567,0.09313194897605861,0.6563159489694748,0.4177304657114511,0.3602774203664311,0.4764191075425184,0.8372525562060126,0.7345064246097622,2
0.9947357905901526,0.13847512168927376,0.38319036750480834,0.14647581707094615,0.00528723608589083,0.04676329335943703,0.537326717320797,0.7613470610297282,0.017334596652618987,0.5302925369300461,1
0.2710417528817317,0.11499011655446897,0.0946154316920213,1.0353057371773065,0.45542412848811825,0.6995327088479943,1.066495279918426,1.1117004653355713,0.25710219076163837,0.8632073257823081,1
0.8692372015072977,-0.06595554584251051,0.7604601326094753,1.0607295718278946,0.3979592085666799,0.24620811466678408,0.3858959771296857,0.2536002400745017,0.23516558218900702,0.43346442212817826,2
0.9844122711858865,0.08976751496568318,0.5049167937844538,0.1704250517995099,0.18585655809261262,0.02849372772797369,0.5708160880321255,0.5077388757296808,-0.13548840144185248,0.5047208982667397,1
0.603027071587894,0.8481426017409206,0.1704219963626733,0.09209298391559378,0.7928314005331742,0.045902667007976045,0.25409691480981783,0.3698558401434755,0.5808220217638873,0.01805549252899523,2
0.5904304128245209,1.003647878625786,0.2212562972459335,0.03800691278909432,0.8499840380733499,0.04038674647031578,0.3382362610094137,0.2857418584885346,0.4883976682904964,0.058123027080081026,2
0.09155470267505064,0.8423450676259808,0.39940306819700433,0.46335490260806284,0.5350614774138744,0.7227581629277242,0.9478056610391961,0.562441961305335,0.47728671045663906,0.9231843273174161,1
0.8641570584821163,0.4525551734650003,0.5652692180770418,0.182031865605695,0.3503307805408811,0.017013416077080373,0.09332584303303337,0.4413424142597875,0.8190381178142533,0.7552920313558915,2
0.908421150242913,0.5888223758662126,0.7556267471006329,0.08346802584294263,0.5539783702709806,0.5896222412766918,0.34068181020065963,0.15565880645503016,0.8424657491434537,0.9899718966287664,3
0.6466371185135015,0.3240619259267817,0.3456018022599936,0.968869132501683,0.27013073946895017,0.32428370206056134,0.44610120041762996,0.6566143769445391,0.6466792320957812,0.22841425963698042,2
0.9128301203785426,0.6080278335821913,-0.03729551249853588,0.9652234602123094,0.5064996806095762,1.0232503604418923,0.43296292893379396,0.18726162186610945,0.9612662278083877,0.3541980400401689,1
0.9345656022675375,0.5188487028007904,0.2603563600444579,0.8249817514588202,0.3641690462286289,0.70919033231904,0.8399840691218871,0.4693549455950261,1.0007627816872673,0.2666207740604909,2
0.8337236720766379,0.5730642197193205,0.694727125295682,0.20908897206779584,0.23359741742815737,0.8671527789514836,0.8870488646204672,0.7135007614533464,0.34089520425030334,0.6587170099072017,1
0.09496938454279341,0.1738980890076973,0.30635760893548625,0.7241817136767649,0.44926440010418145,0.8770446459471196,0.8066129440308514,0.3806177104736918,0.7073113582342299,0.477054871217249,1
0.42515369159033867,0.7831158326998116,0.9716909758695271,0.6103842377648634,0.42611825237364065,0.46124781356732447,0.8827363518690489,-0.11602305851871522,0.44605604429080237,0.21086711121274607,3
0.4618870855066924,0.34010073303710864,0.18570483148766817,0.5998845544777579,-0.059919695180150584,0.2494228212010427,0.4520462388940971,-0.08562540194572632,0.7839552230234959,0.04251445252245789,2
1.3662247380701154,-0.16165986020714201,0.7445430979316298,0.48927574376119304,0.6809809626640089,0.5037743760907596,0.7326771192876189,0.14627044239074827,-0.2223647781975162,1.0452832351588683,2
0.854349687491421,-0.3630881870542313,-0.6410829562692113,1.5672378720647093,0.611742547437944,1.3914703245795508,-0.5024685533308354,-0.5489319664542073,0.03255247939989331,0.1567471812290222,2
0.32448780406706984,0.26954252670483764,0.163314650146801,0.28224809951765606,1.0805539493056378,0.07116470485915163,0.8225225198196215,0.9793110463877721,0.2283297879523747,0.5463952806805459,2
0.9842179787700166,0.8067095277596809,0.31517409979330024,0.07753011839660355,0.691925591305596,0.9326439275462932,0.686460532625649,0.05940791491439455,0.23524643718753874,0.7620453895571958,3
0.4958408273122907,0.15659946308054973,0.28722388173516034,0.7261835484467768,0.6955726825849319,0.7745318604134648,0.7675093552508125,0.9061769420952126,0.40448894225847076,0.922106628583207,1
0.43917311848445884,0.7090645606789049,0.3471958800303932,0.5553076273140949,0.8076005386372084,0.04384522617404654,0.03854985464747168,0.2647219917272925,0.5820104755794183,0.8313032401928017,1
0.9032481656932783,0.4591215393133972,0.23637914895499146,0.8130615460170695,0.2927023110621547,0.6480269405625957,0.926599615536142,0.43917564513959845,0.956367493129732,0.25050086282953865,2
0.6216252394106775,0.8458228443095864,0.1623039878847775,0.11617023577608059,0.7783839404034141,0.045666545099430134,0.2297552048231552,0.3713781007694356,0.5576152822207145,0.04238868557658817,2
0.32390332181102455,0.7396313788586769,1.175746639475797,0.38570248298838483,0.7013624443053577,0.5004494509863252,0.7123458994236782,0.7257056726894899,0.5106015652269739,1.2486533604738528,0
0.8607145786536068,0.5880365173413313,0.31649829171497723,0.7005060339300796,0.778960674219218,0.7244109634762956,0.6533655027354748,0.10496118839917996,0.7493564436156952,0.9265586569264692,3
0.7011552028689719,0.20950622062029947,0.36396490782460666,-0.24378593368969786,0.28381417459493746,-0.24604121366346327,0.591977160783379,0.9666584807416145,0.28976079249469455,0.5864846585075292,1
0.6801189332277457,0.7199472666041004,-0.1601285064071396,0.28104242592078854,-0.3902724172398985,1.060737634397638,0.5989052105484672,0.4689843767362929,-0.34717770214838156,0.27571133315505747,3
0.46703301737883424,0.659001870367444,0.7622818175008085,0.5444058673412269,0.19550227431568695,0.5833886270147749,0.182068916134542,0.785849629808123,0.5128340993723552,0.1560647388422514,0
0.9730181147229483,0.6084130874350826,0.8005810366136862,0.08637390184640237,0.5344002699708649,0.5902822734450502,0.39493960150593466,0.1802959584039028,0.7808837428297356,0.9834632661416649,3
0.5844103422284098,0.8816312306506481,0.20866295907789495,0.12460105864365827,0.7785634715716389,0.07119255723975115,0.22496012038666777,0.36957375637975426,0.5432338758138606,0.012121546440193764,2
0.8731197000856644,0.6745279501312937,0.15150076002748664,0.7931613106822873,0.3677836525596532,0.9585146123027826,0.7220306094305535,0.12975128846998266,0.8296037747793181,0.284610710701491,1
0.39062689015039664,0.29401114400538186,0.5909020936567746,0.5267300144115634,-0.14949683064382174,0.6962304514969246,1.1434093190836707,-0.10368950903862251,0.4430009124061133,-0.35344426706451704,2
0.3176210275783578,0.43318125517369355,1.003118548803399,0.6125458499507085,0.3756232141171663,0.7592114371937315,0.14719503576068707,0.6291312389500531,0.90991742702429,0.41175949017356694,1
0.3322560804258631,0.8648850008682051,0.9840716478212215,0.602129074944357,0.05010374019578751,0.23765925203109226,0.22760161069073712,0.7775141134495396,0.08494500016638235,0.2860269574126412,2
0.8625077186884716,0.7507593213381639,0.8797732832621243,-0.19648605493467186,0.388756659720495,0.9506803242574544,0.6412884579842377,1.1459903944728653,0.5920770568255775,1.2573701377011999,1
0.6690446734405004,0.2560200446675059,0.3839786063650377,0.9497149711232677,0.13290813860709033,0.4817197028626062,1.092671265320674,0.614588226400401,0.9292369317570452,0.22126473306643557,2
0.37760547182441817,0.5404660830490348,0.1221178087166552,-0.3344328823338416,-0.19259436439875766,0.43700503865701673,0.6553780735487925,0.8941778000924002,1.461761770387,0.5335306793686178,3
0.9970128179973634,0.42244936862529314,0.9315281677375208,0.17493213834966465,0.39183944599968046,0.7692446193271599,0.8510120682155472,0.6849128441864111,0.5166854127378065,0.6393608283647789,1
0.7873495381701706,0.8887785324351869,0.07706273676997931,0.8660945155557663,0.6817965642813838,0.9955274490971481,0.5942787642912706,0.5799796607728152,0.06681563319245634,0.28704776602760124,1
0.10526381035903759,0.8358629341761993,0.36410785625652686,0.4765734326661872,0.5381751120749078,0.7562717774580776,0.9410036805844892,0.5952393698620079,0.4311304091347716,0.9582547810823191,1
0.6887070091330588,0.6312438639575251,-0.058528490121942445,0.6126156364113571,0.3094263869044599,0.8542971629110269,0.8753311129137088,0.2536977741278986,0.6949173491236663,0.30929417276853577,1
0.6428258512692268,0.11539392012142745,0.10442885710745733,0.6234294817865433,0.9037018593090558,-0.11850988713860744,0.9868634622858448,1.1582241131178648,0.5422673282292654,0.28144591891537313,1
0.8532042554190299,0.3769295497020676,0.6765081212475942,0.45189806416836537,0.7521381402664216,0.6795029446009444,0.5782159126927535,0.3238396156996,0.15502641795721647,0.2895971873834526,2
0.6304683676568855,0.8418574066586291,-0.015997492031888272,0.9552993207562476,0.2952663348217569,0.7579880956656189,0.5649050568082268,0.269542222363255,0.8707932559235905,0.3726966915779616,1
0.8206127152045659,0.1472212110301651,0.3297060305360723,0.5757332371278459,0.3637389081086876,0.7610965803945227,0.8535340383887442,0.25816986099571787,0.5608695244647315,0.8969397785387507,2
0.27416793471568307,0.5837242549507083,0.3273791525882951,1.0807449119589365,0.2608048739211156,0.6895097083484549,0.42544278999095614,0.681062201663645,0.18799953597234823,0.9222042126788551,0
0.9350985285986814,0.5994794595007789,0.7588371301698953,0.05320740626244708,0.5270350059561372,0.6076375661787212,0.3919486704360344,0.2130926096922418,0.8168551659688221,0.9590012677876986,3
0.9177884791366029,0.5882348510596715,0.7673871258869147,0.07313899439914698,0.5306839695255623,0.612129914903222,0.3750424296144873,0.17883560093032713,0.8272665245852461,0.9916074759412454,3
0.23792777926643086,0.14094476760057228,0.28997486775506787,0.560637243652111,0.3590202396982529,0.42364909523430794,0.6404975751719892,0.26165704564122827,0.7683418045042149,0.8193909729285812,0
0.3031947503910365,0.9033809386107198,-0.04399974442030019,0.2165478461340002,0.8556121097439126,-0.012432111124958053,0.34205006010174765,0.30300774124509866,0.5570034861908182,-0.01939106144869332,2
0.02947964825331012,0.23564372005280437,0.6976604595595585,0.01504412526252634,0.031383244138658103,0.270641840399479,0.1246013658302408,0.8653348161393175,0.4540309725491702,0.28330511872785663,1
0.5915949956056917,0.8049670724654612,0.6330094275032483,1.096541504209227,0.1798646235930035,0.40208187274850893,0.5778514551547349,0.29302610727479295,0.7136504841871205,0.19858289421122133,2
0.6006980881055728,0.596168123609228,0.5734308205181213,0.5893358031345811,0.24588541708853429,1.1392643492427283,0.127248602360774,0.28718655724234193,0.17847039176993268,0.580979514307247,3
1.0045011884693116,0.11687040512710148,0.442546177351836,0.2434309557359941,-0.030466495934217817,0.12836241802642687,0.5175710031805475,0.7963100572108327,0.0914795200930802,0.5882773306898829,1
0.27134890095621067,0.8603720697837667,0.23322834700246986,0.22550229405797706,1.081054245872934,0.7004459475148986,0.2542676253059115,0.6213540995642698,0.6592643656784097,0.02819765196312777,3
1.0575154717383004,0.5962951231614907,0.83528194599914,0.251633354037346,-0.08625915713844731,0.953584728158454,1.0465587160068588,0.6307548635717001,0.32022077803567944,0.5493665575412153,1
0.3909250589629301,0.3495156975994447,0.47323237488682046,-0.3716956686868093,0.8964845163028162,0.18434521470131304,1.1562556666375294,0.9081080750947659,0.6535265445179275,0.5349886069480257,3
0.7297296518585892,-0.27528666959062875,-0.03715075394081818,0.5049559782264839,0.3015064520362381,-0.0014878446070899567,1.1551291375259658,0.7759309554834347,1.0341741397191475,0.17675925028679307,1
0.8076503168908005,0.5090408072166754,0.3598140733563735,0.6952496957346039,0.7651186579931498,0.7577795801197548,0.6777989960119065,0.0514964000430381,0.6985473389254842,0.9456930981340198,3
0.22182046533046942,0.9632952703240509,0.13272878032268975,0.4101263046673331,0.6934161969142091,0.7015533911858324,0.8863158248777402,0.20706978409079435,0.6722517458733654,0.8327019443561533,2
-0.08100494151271354,0.6052517723060631,0.40492048213154347,0.2555668334269803,-0.3300129719742721,1.2468527668045861,0.7024648239536817,0.2853230685528307,1.1219954505335084,1.329462078437793,3
0.8857341498843387,0.5662136722064308,0.5425512781070424,0.833267644929564,0.5880424064583779,0.18063716452220105,0.40544083614641846,0.5074165610247039,0.10995981557649337,0.5805992393529158,2
-0.08969540829004241,0.8410471631465806,1.0308665484530122,0.5436916615126552,-0.31501467807557393,0.5132777015556583,0.6538523026200109,0.4547954619697243,1.0688763620484263,0.42057728033209524,0
-0.04002434858087578,0.8587348978228788,0.21318970083559968,1.1534943152747426,0.49691450651737706,-0.15464439328784185,0.1018564251616898,0.16030859444707407,1.4176770627054174,-0.15865046062724125,2
0.04206020095634938,0.459642105241207,0.5043457072419587,0.78504154639786,0.40516581374527527,0.5478720257684536,0.5487502996339911,0.8405086170723852,0.36904903457251975,0.15336156219754907,0
0.626275084618005,0.37311798294022386,0.14764096039415556,1.0049449711796519,0.10372588774560969,0.11707572597112115,0.3438011406098018,0.8693224603318774,0.9734066284830243,-0.14721240509006328,2
0.002276232784728452,0.07110265117892449,0.7270252271719777,0.2552754925517313,0.049389148454193524,0.317975404260125,0.5782831707552517,0.35373566914213234,0.30004926653254094,0.46081977759402776,1
-0.13081684369389313,-0.3126828215678711,0.45009768195550737,0.47214325903837884,0.521986284329731,-0.26076974754367566,0.16686512644237772,-0.052252027844518656,0.49768984318696885,0.20284922669355526,2
0.4213661244130714,0.6130044022288689,0.7927364063151685,0.5195091754602019,0.18629876116275265,0.5929745681456808,0.11921614798732036,0.7601873316447592,0.5035065931757738,0.14710032333774886,0
0.6929028777544485,0.3460108901520935,0.6794360669637227,0.3248217491363847,0.7515157296794188,0.5644410434769914,0.6305674922945008,0.3185019491230888,0.11598102275862486,0.22393134266220385,2
1.3174863981798417,0.2721582671696053,0.8076443244562679,0.8016998158250805,-0.6195747615837065,-0.5623367436937596,0.1591345788653487,0.9836811553724502,0.39518509870017404,0.3308997982915532,1
0.17112586187205003,0.2767171420770037,0.23833578240236225,0.85627688755278,0.328520981261195,0.2587838411536365,0.33076246404024384,0.24805366274502758,1.0451027791932004,0.1292525480247794,2
0.3358222972665516,0.5381230836655146,0.6369182613332243,0.9277107557736909,0.7623855909343156,0.6976253561700165,0.5174569666594634,0.1260409225676932,0.7061876525665532,0.3585571306772731,1
0.7136555110146138,0.3916184084654291,0.7072524163426192,0.3324930209959154,0.7097272288302593,0.5518953930183198,0.6487281483975083,0.35313886366084396,0.10788144296697887,0.22183948404205064,2
0.7241906728647245,0.8960545302375648,0.08725510644155705,0.9050397825034575,0.6853134836444232,0.9993194567505135,0.6338394617351806,0.577202928232535,0.05569866885894687,0.2590971666514591,1
0.40616194654931503,0.06871694655246352,-0.04190371961406708,0.9862727707997884,0.032860912606558046,0.31832638714368783,0.784171675628508,0.3094846003104577,1.0104075103012045,0.1256245240664688,2
0.30553683618989097,0.8916934072070865,0.9859465374349832,0.5748104106066095,0.06463767770632882,0.22068850121273365,0.2212107497344353,0.7835358142178998,0.10737039907755619,0.2787279781405794,2
0.8882094918947723,0.5289376582140876,0.7361530864211911,0.12219217173021843,0.4972375004705316,0.6416572565580841,0.42494915855724824,0.13902743773163817,0.7944298293440477,0.9832386193237119,3
0.3880084833688747,0.04502801058796589,0.08737228936241526,0.9765922288648676,0.5519386594147184,0.6327393412626735,0.7934623887758236,0.9070505454520896,0.322961751227428,0.983414194827097,1
-0.0663964015111016,0.8007555553776693,0.29408363019121225,0.6341389580556951,0.9159254609079265,0.7096500352772753,0.9225835085151715,0.6598201055896231,0.6642160304277654,0.11280212938114277,3
0.462352223753356,0.9309932895187927,0.23504044303032529,0.5191946040321359,0.9002078998936898,0.15402308555188912,0.0035171274384722465,0.1890862949045537,0.4421008714085799,0.8446527376747166,1
0.9461568056509969,0.7525394326169003,0.1536972213183767,0.7648629294386321,0.35508459011138743,1.0402908941731608,0.674807979294346,0.22639977256953828,0.8359489250103466,0.25037047726321204,1
0.42702738088269565,0.9946107441845624,0.9390835135382347,0.16117126452734415,0.6449390661842682,0.7603570857162016,0.15918163500313834,0.36506490128819524,0.6069323415771277,0.9066005785385887,3
0.7472386757898366,0.4353292498138985,0.6800778765124024,0.37586384729830885,0.6876238436043833,0.5307419811938139,0.6294783567192915,0.30028190921136766,0.12815960516626948,0.24149455586681312,2
0.730707084714239,0.89287091199409,0.3494755560044582,0.35805386652138443,0.8958631140096905,0.27998807895236677,0.12208000307571218,0.3567631275063556,0.05000412432025913,0.20395500398956376,2
0.7048246653724811,0.13818170424669132,0.5614705310279178,0.8718861614525348,0.3389536215023393,0.07098806641964145,0.5660765958691688,0.7226519073322012,0.7529861551730543,0.04770224314085686,2
0.09787506460209264,0.4023491011889315,0.4209977348023468,0.1084572910439738,0.5306852258126572,0.7558734017343172,0.5012996020834374,-0.05685462288004217,0.4075641665066345,0.5473128107253998,2
0.8761431235657972,0.5590492472475125,0.32259257323319884,0.7188258098148033,0.7840950937478167,0.7452154993550366,0.6706085926464334,0.11582784242221841,0.7880286738779626,0.9173451221588177,3
0.4992616602069541,0.06375329385876644,0.6609912062899292,0.9711213715382404,0.5355515077090063,0.10550665890023608,0.7748942842077389,0.12994206293206761,0.48819240843197304,-0.2728929296940065,2
-0.020018905967543854,0.8351015241848871,0.4667589766715839,1.2408530357393202,0.43984326769027726,0.11981917071098741,0.4130077194114218,0.9264569743148056,0.10293851874193238,0.3975688540922736,0
0.571462796691459,0.31132307256561154,0.3175459260756499,0.9651818690854512,0.23088189906424636,0.32230400622584215,0.5092644926061158,0.6140569463166904,0.6047850036589385,0.1335472407872046,2
0.1947453070371381,0.2669290132299665,0.5957818988433675,0.6056489951368969,0.4282933182568245,0.36784281012215936,0.5391606255200424,-0.06832052214250803,0.8666367340331527,0.26319765809248447,2
0.8893849556555122,-0.06699938487360742,0.42609699795921285,0.4817309326836314,0.6575630173415873,-0.059818706269471,0.8796485662781157,0.6472495100565216,-0.03977875598123938,0.6837252907398044,2
0.07678711643316977,0.3796725414774793,0.2999135907553221,0.11347366634167706,0.5035175609240413,0.34041612536602306,0.19787571258758382,0.2875745215742264,0.9295059806184706,0.8030845000491492,2
0.6811208281216384,0.8294254523620239,0.261484692519394,0.13476605864708735,0.9492066416480539,0.10243464697041782,0.31525024028445414,0.3817698225629376,0.6042486374150359,0.08324173849777412,2
0.8747656889994606,0.8639947352740738,0.6509981685827444,-0.027635413507462958,1.0832555259663947,0.5538303822951735,0.47045205700482334,0.2688627352419035,-0.1193654040443547,0.3940052411595264,2
0.7202573312479191,0.3970687695622405,0.7277343637223578,0.35300337956581507,0.693561705633741,0.5626347038871363,0.6575490877390977,0.37589706782836546,0.08707983291067434,0.2413098727109816,2
0.6436068092652873,0.7056284639058492,0.7673563469679698,0.4378408179705471,0.6415601844537087,0.651484457798866,0.8655509603302752,0.07585146360394061,0.19638079509646086,0.3299449065195501,3
0.6854931392750363,0.25031047318358024,0.18605400616403484,0.3114049297029175,0.6419313936933988,0.0872373557217494,0.5593388077420728,0.7199262090560737,0.5640562155821286,0.671234450805943,1
0.44387484499361785,0.24844814892301192,-0.07336446042397302,0.9887160780621994,0.4159801562234489,0.579037979157392,0.684448340405378,0.921898481691765,0.29154845132606105,0.7426928229318162,1
0.14661653232854943,0.057222385439099396,0.5885538057061646,0.8092805518086174,0.656879238956861,0.48363812119593946,0.5170187230426462,0.39106850785695746,0.828250275952796,0.6778311401685755,0
0.20136125009192724,0.6857747879575485,-0.09050933836182472,-0.11865786394622707,0.20763748127893566,0.5881824429119429,1.0757119207823593,0.4104209635361932,0.7177782546958031,0.9549787756978905,3
0.09128257607327858,0.8326792188380296,0.39127980227701853,0.4466496912027035,0.4942777716993697,0.7088814083242273,0.9641823418921859,0.5645903340656898,0.457293468805161,0.948064702659499,1
0.6494796990687157,0.37851737810479635,0.12742257449038774,0.37752720490484104,0.3255331951316189,0.10144988461576432,0.2012597187494126,0.06435814113523107,1.033131463959512,0.9887497791971657,2
-0.4856134044271714,0.2602651594985432,0.9657583271706176,0.16788442674908058,1.3636226211513538,0.9472179023242995,0.43280991531973106,0.946529071864946,0.48761515551149925,0.09755560827012733,3
0.8199509761733579,0.47776425167635816,0.44039113973504446,0.07971585501475956,0.367471826466422,0.24856483549653346,0.47366615160953346,0.8490926673198238,0.31891543269592815,0.6226132513920877,1
0.5610079850937657,0.3592614166989705,0.3919047195297372,0.8760710222409599,0.16180881899588379,0.35150646864555163,0.509166782124177,0.7402852942251339,0.8158079719714562,0.3022239077923488,2
-0.3679178703491509,-0.5277744085506679,0.08925245774522389,-0.06517983889368129,0.20718669789163424,0.9980244198889315,0.20673440508698948,-0.24537035727747225,0.6010902620459996,-0.057140321058034294,2
-0.13306286311222978,0.4768434123521166,-0.049676941858042556,0.8773535224826662,0.6932081512947312,0.8841654347223118,1.1146835694836899,0.8523288172636052,1.160906845898321,1.1501820718825841,0
0.4181709120310328,0.05241277861603083,0.1563870159212739,0.9365714720985405,0.5491846936957949,0.6600906450188102,0.93073720417901,1.0528307200656548,0.41492188255860474,0.9574659085182193,1
0.7294032582262662,0.8345310853244271,0.07937121399341804,0.9235764431735439,0.657271653674876,0.925336367672858,0.5885432809916822,0.6003061166382452,0.07501333834493902,0.2311899332447763,1
0.9415843856523142,0.5678987688337921,0.7696605035509484,0.06273067995593277,0.5518582448614265,0.6203844218958194,0.3722022962835433,0.1820047452751151,0.8259866571588668,0.979745281825087,3
0.8342112426196537,0.7357774387015452,0.15483310986320695,0.787049965638614,0.38153783124585144,0.9389536598445992,0.6872957640053041,0.18418191071291962,0.8039965207270301,0.33766978047945967,1
0.8770182458209133,0.5621718430219139,0.31029189881342073,0.7281983922325981,0.7903968308771845,0.7390717107761565,0.6825172979194547,0.10061309668959866,0.7799396486339686,0.9326268785390267,3
0.39983931936672823,0.29344115452024433,0.6927792889997777,0.41653843283095504,0.6206597176355761,0.344504182155555,0.6003535184074233,0.20897142057435875,0.45370665465132787,0.5521717412071367,2
0.8501854813542234,0.2604880604967028,0.5160693803906978,0.5304755777785218,0.3598550965826494,0.2186017658868488,0.10035250777990895,0.39177431927884987,0.3582644983283384,0.6063168132488894,2
-0.5431952242304812,0.9730822103434567,0.33361158467494945,0.43546174536467247,-0.09836396652483848,0.1663607027211489,0.2476635729458901,0.48301258250728324,0.7131479752890217,-0.5224345188216483,0
0.5718618002641471,-0.3721794306959158,0.44404363736856867,0.32218035110251486,0.857774144680633,0.1550487301812382,0.867556644978359,0.8725318181543782,0.3949467014828715,0.0002025185095173021,2
0.36257756290175625,0.519857509258107,0.8864515071359,0.4964282975594114,0.3010637439536272,0.7926394050021455,0.2712366366908112,0.5623885809030087,1.0051739481277473,0.6057196404487715,1
0.24059414263639908,0.3952663661948284,0.3810604501327561,0.8107640212470205,0.22333551132944834,0.45169390500442735,0.4479249389191803,0.15041184695110815,0.9216824059302192,0.26520961649885644,2
0.4495040343966402,0.011172632527215134,0.6935251474540871,0.4823112043637147,0.3650280311344729,0.16435275489150333,0.4712950732876826,0.4108301181580843,0.364772057993657,0.35623629971911897,2
0.8099692207236311,0.6276670942823263,0.07355286243926461,0.8116362028424451,0.44027661767563414,0.9331542634934445,0.7242902282137377,0.17241905950142683,0.7779491747624931,0.29376736178210733,1
0.1673008472373481,0.30982676741725623,0.4549259876398152,0.46719659580725914,0.4514173021369567,0.7486182129800372,0.7496395981823663,0.2012221641755984,1.1343980320643798,1.0111170543409589,0
0.5420824540163088,0.8146994851151057,-0.17277117654487567,0.040303327810717535,0.8823107756915818,0.3679819883839786,0.5109146729103311,0.5981162194039377,0.5239769634235386,-0.16606302923983182,2
0.4796346395997751,0.9818384129270004,0.1758062544982615,0.21179514455139337,0.7522370001376895,0.05042458086048619,0.2793045781423683,0.28633488367704857,0.6958749052789206,0.08297385891980737,2
0.6086182848725659,0.8833843083647425,0.024741836368029704,0.04534247899813859,0.40607513548290997,0.31678277595334964,0.12527265006041943,0.5007108347001515,0.1364753712238245,0.9120736295314428,1
0.41931939736255675,0.2963883348549532,0.572350015496364,-0.06158117573602659,1.220348347040704,0.7394497839385221,0.44543603194809855,0.5937593193244003,0.34232565980331947,-0.0361278180058907,3
0.04015012057156726,0.2499801484957208,0.6953955418827048,0.02372169664516125,0.047516794718789016,0.29120969360895754,0.12273000703702568,0.8779713072626855,0.4492746940594506,0.2971309481092941,1
0.757733802507838,0.26972677436287246,0.5808115503280785,0.5375885933824877,0.4233135318378703,0.20839856231506268,0.03713462704167469,0.42860300804729534,0.3528656144924717,0.5720365641314268,2
0.5870306703558895,0.7172724441584861,0.8283558300307604,0.450419676404684,0.635183452879195,0.6609152202448044,0.827500973325795,0.08954993190343027,0.22080684687783275,0.2816609710740575,3
0.2033521824806142,0.257618422504192,0.47884713171113313,0.8614636232445857,0.7127085561084173,0.3721356679956218,0.8043122060405199,0.47860044165425414,0.8730953343095996,0.7875120263062887,0
0.0029103071997766614,0.7651497186942703,0.24381261225002795,0.4662929579787044,0.876882427758765,0.586458192270375,0.8904200540766137,0.6674885442547306,0.6120089990848552,0.01799840680944454,3
0.638402757934975,0.48053625830261115,0.2860587215602025,0.35881022319234995,0.6351915670849898,0.44713558198279924,0.15093058084406522,0.1785542196593428,0.6506935194968668,0.623459332844963,2
0.6022286364363307,0.5727366829491325,0.456597114686177,0.6416413703385928,-0.026575655839405937,0.2981962208422023,0.8693702066662335,-0.3005227388564945,0.9954258247608877,0.20364673477805986,2
0.9652346112921326,0.25107735482351834,0.4699059844373105,0.47213853882219387,0.5718457208296455,0.8546079072968154,0.19751790599481406,0.6368722319343161,0.8468238175583187,0.16906914724287186,1
0.6134076866348779,-0.0855206906019973,0.5442503617636476,0.5035732160812054,0.6761221286254658,-0.056941301629603314,0.434223772101694,0.45422411176376243,0.9837461393956087,-0.1896781421741386,2
0.2862565209798429,0.8456530161064841,0.9829451065346688,0.6066818553299004,0.0034251471612142467,0.2073005546190661,0.20060884597292544,0.8432587321122034,0.09307142505284607,0.2604125997229368,2
0.6264633718927298,0.7324245091849169,0.7976369480235014,0.4725092965545973,0.6411627481132778,0.6389537508045882,0.8598075097958688,0.05542756151662744,0.1990117706962637,0.334872954337222,3
0.609987993422979,0.42683638713890626,0.7725051228048821,0.30098750492791815,0.5462204328806343,0.5089936890933462,0.8054912310197702,0.41750967600710437,-0.14024464691275634,0.3887051251913839,2
0.5120113613154418,0.19485458284997895,0.2852611619403257,0.7115443452048961,0.626863269884607,0.6879736133633491,0.9523598477135751,0.937400904862729,0.3460614665440092,0.9693399018184912,1
0.062403410358811216,0.03290024708577634,0.7621926100449125,0.34172000933277613,0.12768641375943302,0.29328548338589516,0.6302879394469162,0.46273435824051407,0.25331328382697965,0.4903606407275157,1
0.16078508616686127,0.6973580407295918,0.42855809628355446,1.0720019235572342,0.25482485055713705,0.2309280043291892,0.6762364254638398,0.7023822042455341,0.05290305492976227,0.06586101333082847,0
0.614184511728325,0.025310484184858373,0.7978259481491997,0.8148472827510291,0.7792812205620866,0.42833843636113683,1.0375493068568218,0.6137972864038805,1.0160354370482105,0.9980539677278899,1
1.0288199310152686,0.8998555178966294,0.35963336167060106,0.08459964009218268,0.6780105293065315,0.9574728802477632,0.6938960940148691,0.1495676402934703,0.29343634252023515,0.8734291494089941,3
0.2767544174403474,0.8784284104389268,0.9595541204028613,0.6325605986880263,0.0472381773056356,0.2632491204463312,0.26584231474771536,0.7280171368520215,0.08244568762182297,0.2912110961631061,2
0.29543519726809464,0.578945120260816,0.3419343397902832,1.116857142166856,0.06675938122272704,0.658310203985728,0.4788741450042854,0.5882791241102326,0.17958990138945694,1.0048274796532073,0
0.09570075780810813,0.7815362233834271,-0.11459819633774634,0.4217037644133048,0.8105908848770345,0.8715302412640589,0.8791924073375833,0.24269712302405644,0.7447063217232758,0.6942007431967359,2
0.5638667518092515,0.005506533012578203,0.10173033531592732,0.5121923479883932,0.27225878361309797,0.7914459165472991,1.241636287360161,0.6026055378763266,0.248941235996114,1.1518489350873202,1
0.9874605963707066,0.6233897685464522,0.2166247259648411,0.9365224503686598,0.27640252875582344,0.8149123746164,0.7852033354968914,0.5730608677667335,1.002372661251799,0.2931752835931359,2
-0.01364532694587222,0.7608202838781386,0.31979302351446853,0.4955232557656082,0.9074487619820151,0.5071258802219837,0.9745859708568338,0.6196360213200816,0.6171371639279892,0.019242963069142048,3
0.600731015505939,0.17061710074705627,1.001448210671694,1.068768541770729,0.9732144805181797,0.8753212458829234,-0.001983300071410954,0.66520049967254,0.12251152651173414,0.2603040534203051,1
0.13570148785508926,0.010888216292885495,0.037341250508249796,0.03565772436637103,0.6248125351304116,0.3625773681517887,0.40823073916683167,0.36869548437520516,0.24559126104378737,0.19063674826822938,2
0.05098800706175164,0.1410446092297617,0.6989873348678355,0.30860937234403524,0.008761353225260164,0.3114099887305758,0.6124244683736281,0.35637578365181005,0.3641990482048022,0.49359047153121705,1
0.40438689791085414,0.7976310083335683,0.2865202925223627,0.34143276777744014,0.7449024059852841,-0.0968298912785302,-0.08447994731451865,0.35966410693854634,0.7488638280335941,0.7824810674404981,1
0.44757285532138846,0.36632383314948663,0.4272462821251861,0.6559060926720822,0.24940825666956734,0.41743309081044017,0.4644168060301034,0.11448001028462362,0.8292246481504154,0.1135435775186989,2
0.45084546050245367,0.8395383649817046,0.36109564919323034,0.5705378406634181,0.7320265338414528,0.12108235970782391,0.03323613645256959,0.2365076412820368,0.5155016243478185,0.9548480462445903,1
-0.1357965806291882,0.3449931801637446,0.7211145236069395,-0.11741266386536789,0.739937728300668,0.6985124537577996,0.8042541750876563,0.6539056584677423,0.3118229376399261,0.035910280663812806,3
0.42122355015439866,0.6670484289462695,0.8265133732503853,0.49255919528349457,0.15391888677985233,0.47458545886827946,0.22020026267775666,0.7907437225804426,0.48657536022782055,0.03626554137089845,0
0.21819453060609245,0.8773835503373185,0.6563300810072914,0.3312414551180806,0.8986583610078296,0.6558148459557527,0.22413977736168905,0.5708306362475413,0.24026254762091112,-0.1686454887732413,3
-0.6197056466489,-0.7846699902389093,-0.22871729775777616,0.538448968503786,-0.3770469199099854,1.2188089279665033,0.5236861755530228,0.6398193272448071,-0.08855970914095862,-0.03491871131416835,2
0.23853329985615043,0.6126759192157644,-0.057417145548541125,-0.030398194724618556,0.1482585284291248,0.8366066551468399,0.7092714892366007,0.20191472146357825,0.9341323964473452,0.881775942520973,3
0.4115297194216332,0.8035343961656058,0.47585377877890095,-0.31079758912250965,0.9499656222791106,-0.06616606241393534,0.4852545659406068,0.6458079910411868,0.6840399404597212,0.38846689511001725,2
0.6674705019084416,0.8114005158375597,0.02963500002612357,0.8812868147722153,0.639745188057188,0.988342158062699,0.5379823850618833,0.48465312046065756,-0.00643745947507203,0.36093573568130105,1
0.32444633454086297,0.21366547036517686,0.2854817607288352,0.886835288726445,0.269895888540137,0.6165049806415479,0.3483181478257926,0.8290815104509963,0.07381069000520618,0.149127018799063,0
0.6752840646032182,0.7949033970555737,0.2760605136994444,0.20139823796400044,0.7116171864580536,0.3410645932145595,0.17597599466976901,0.4104527575488255,0.06924780592199761,0.21747125360504005,2
0.4815823220280954,0.07159318694755203,0.13348838768149923,0.8795119761278664,0.5499654360533659,0.7231780566336456,0.8850355321348459,0.9822051157996324,0.33699057657335796,0.885152700011346,1
0.10532385554018911,0.6138153317764053,0.46288235029503405,0.06545020832342141,1.0362238802629575,0.7706715571976168,0.5562176281267203,0.46808546718721045,0.37156375878812825,0.12225747882313107,3
0.08540359950985554,0.05645914082826821,0.7320928609918426,0.30032723372872927,0.12212880540893815,0.20869700207496805,0.6462994789607924,0.45497017384249205,0.2610863896929463,0.41547409416653147,1
0.9925306421359514,0.6694687845846881,0.05026704568780095,0.7122283382690157,0.277918502749713,1.0143406729960744,0.62011024299857,0.14329532689213292,0.8535680139160148,0.26019020505441337,1
0.4759759021118196,0.5846236888600677,0.28450907022346794,0.6026954627846085,0.33197819787854976,0.4463566074141019,0.51695872177436,-0.16020099172098387,1.0795595870471095,0.3111034056522545,2
0.013392521871027137,0.2389109290380016,0.22684595440228203,0.7321558888738907,0.5722306750999178,1.0161281636674284,1.033676414391993,0.19835808262625934,0.5674849598749689,0.4297877423099229,1
-0.04516299413401753,0.7546245420368433,0.3846911339506864,0.5993982243691338,0.6639885223797044,0.7267768049093407,1.0061111031921777,0.6894144718400947,0.5958564412757857,0.9372221274173358,1
0.39856419864959225,0.35914388885182674,0.4473815707873864,0.6889612568061716,0.1817418192148899,0.3111956762247261,0.502945230296476,0.015887765471999875,0.9228416390616182,0.15599508461804185,2
0.9613619714070661,0.23107674962929214,0.4131931505679304,0.4525226969104561,0.28588790733680136,0.3279044005540009,0.12721285622606107,0.49324534129966635,0.4261369440470957,0.5452625096488076,2
0.4950277647227411,0.0037776176464883694,0.04425549021748013,0.09353376011094501,0.9446189073717655,0.3925188210353619,0.8151668686621101,0.1876431065993231,0.1462686136152535,0.5476508988558757,2
0.7714727599424325,0.8878198969136128,0.09287372302882689,0.8744436990528933,0.7044712566671636,0.9579835447011517,0.6274214261304386,0.5433256506993627,0.042970788903072155,0.2701157987057471,1
0.44033933926688884,0.4473677235014041,0.570622569266838,0.53271697224354,0.41031018057680524,0.254849320461882,0.7153462495337807,0.04438052524002256,0.39133036562175366,0.008512413672475183,2
0.6358977722740166,0.7402416415734069,0.8028384763763969,0.47108328403272115,0.6454250252519703,0.6180743049598401,0.8648630793444206,0.05120151527191416,0.1675911703273807,0.3391198520346813,3
0.4867176704456191,0.7842208916443445,0.25954472037635906,0.5343386922979383,0.8469995315386109,0.17414232420639003,0.07884003127670115,0.18195735600697796,0.4890695945282386,0.8666520398184205,1
0.7565150977672256,0.9073111955633866,0.29749661572718383,0.3627456897609537,0.023204230244686375,0.9563350426215964,0.5623926870170434,0.6009258713593739,1.0280842637451437,0.34874602884659645,2
0.33721078084346,0.3923293616200346,1.2641129161356957,0.15216442205360753,0.3951910579300525,0.10488395390638555,0.20253376180287513,0.6378369001831833,0.26523840517271285,0.9301406120131349,0
0.8986639802659391,0.5755394922634008,0.718952504115719,0.08245987060303278,0.5502306452432315,0.6688924952422379,0.33177365825445426,0.14544279919862,0.8027786621248265,1.0091619983037379,3
0.8703164299662304,0.5574511806884492,0.3140700368413074,0.7383223118173468,0.7783138651418214,0.7533419756777768,0.6887242306177345,0.10058040607174817,0.7783757820370338,0.923979347638265,3
-0.012450663958317176,0.0830199618717592,0.18336314823162572,0.5614101672716252,0.5747457720302872,0.5498800772909758,0.7331970275173118,0.468617848287355,0.9059520947970375,0.8924505951612157,0
0.4361631242717167,0.873267419160853,0.5599682531944943,0.47671801795983715,1.0059413331341784,0.28336258386666585,0.018095934614840967,0.1871566066356076,0.4500435988733746,1.0655053226797673,1
0.1812919266465456,-0.722499041239005,0.43835566733858905,0.15619333445967182,0.15186540584569463,0.22214221075382345,1.0829271108422875,0.4611228688498751,-0.21747947154525255,0.3901035586385717,2
0.8905720405284278,0.5889712555775961,-0.05642942039330079,1.242004680198885,0.3852727898362609,0.5649720996075688,0.7685180229016348,0.7520812209437533,0.6001902380319343,0.7666950024925303,2
0.03724883346174731,0.11423021322979471,0.7800281835273442,0.2999445678036963,0.05599220849479051,0.2654186528846454,0.6371113965799972,0.40387171934413146,0.30049902100989656,0.45651678472722157,1
0.615203659216036,0.7188887866737801,0.6685882968657746,0.4219218736982486,0.4107752799755011,0.22227107149808292,0.8146656313359496,0.1703037243618007,1.0126167383129923,0.29184973955636007,2
0.012798158618008593,0.875024729030598,0.4165543825241275,0.40986852176973065,0.42326977181436815,0.5695000953070595,1.1031675540867982,0.5015712378176148,0.6219679742247914,0.8286100783462725,1
0.7207883135484724,0.7406982832581905,0.5281700178809343,-0.06534423336484291,0.9950185636453006,0.09850881864500399,0.39610714937885555,0.2967380928013277,-0.07142767786375223,0.42829662338620156,2
0.524252219920257,0.4407931727093666,0.1778383056812279,0.8371161273271853,0.2992188570211188,0.4023091054224751,0.6019707213275669,0.5924627507098738,0.5186186891780313,0.2320886292155231,2
0.9458597715001904,-0.20440152122327415,0.46383694427732514,0.6643810018228526,1.0484080922564396,0.43825134815928785,0.5969574558045757,0.5402818885314062,0.17756168367054184,0.2941950045777936,2
0.09236112367459444,0.21003533134258437,0.38428956309854756,0.2059236390237474,0.7328081735388978,0.8388366236110081,-0.05146681930495489,0.6974993360912212,0.541091578202539,0.5477233627612275,2
0.7898148176378781,0.26578971651082517,0.5845551839043661,0.615708407764528,0.46226632382972127,0.10218836683861536,-0.0018962375363262146,0.5041317926794966,0.4080699130621679,0.671538596418897,2
-0.2724917585019191,0.6172537120595758,0.1430068805814762,0.87844605496012,0.4662348602837758,0.34387236646542385,0.7006072048537727,0.5365191472783593,0.24259979219624808,0.4033475837752409,0
0.7216591744191148,0.6323100956528057,0.803829611206324,0.3731236816685819,0.6214672262937824,0.5804537122779841,0.7892215781232758,0.06607979561363683,0.24263559067625384,0.3459556877077362,3
0.570421350159027,-0.053645559672391166,-0.009948366532234909,0.8483847327156092,0.31784118901751557,0.7578713482008907,0.767528074984033,0.8920675625270242,0.11727431088552437,1.0549257681335287,1
0.9439364789411612,0.6458217143807772,0.2181873963749888,0.8794505873742751,0.49914828224739155,0.9521363712261147,0.7117742343495163,0.07053084389171431,0.8076819840937415,0.3083699991541878,1
0.47915984147422425,0.07238587329945623,0.12073495772745471,0.8709662936302698,0.539714984998224,0.738978310502639,0.9102110475592539,1.005241651383273,0.3649787759906607,0.8803304686680978,1
-0.4268556378085254,0.5348437162373227,0.016543792243505884,1.1343207543918497,1.030869904898479,0.7358216052193879,0.2801378867121956,0.21063055791067534,1.4741897430852529,1.1283912658071658,0
0.8925087402240891,0.5251846618935407,0.18958156230044365,0.6304249958395631,0.5297348181477826,0.8805487228357827,0.7247860625005055,0.07199823673161972,0.8222591308893398,0.2284038552439206,1
0.9002972399866196,0.10976253935627946,0.6508837505145183,0.8391249014897115,0.5208162937732952,0.4259744973793081,0.5588344734063513,0.3259303981367845,0.11119793538235177,0.6201611595722153,2
0.7686108764735085,0.4668059947530252,0.9120983246484895,0.6818706538526744,0.5366968278335786,0.5283186458807327,0.0491348291929317,0.6180915537285716,0.9066089059590065,0.32797034408501674,3
0.2500167351190763,0.9318052868164454,0.0359042412496874,0.4550160638911023,0.6276223717126255,0.7407100340829739,0.9610332905213701,0.2332197034529104,0.7077711849658304,0.749144938680816,2
0.10046523819550195,0.08467996550766237,0.3428186984698381,0.6759731470442168,0.4798943795151013,0.6228511399673431,0.6528133978745734,0.3973904533575572,0.903486882655061,0.8426009666142436,0
0.5557037023552935,0.7770961762164933,0.6076016070387011,0.45625653789581433,0.32540804767448406,0.46621356038769324,0.18897441095065307,0.7603967912576916,0.5188313159512585,-0.0018030600225812932,0
0.36092338297883864,0.407158983177971,0.33450433137318875,0.7072039765644573,0.15497448465948627,0.37110545841907544,0.4893592784550174,0.06512443091105993,0.9513259061165029,0.16712286509285854,2
-0.10012292076378754,-0.1848976134967375,0.2204941333056178,0.502828075924189,0.3291953513743966,0.4250727651270141,0.9521649665329616,0.46325264346318246,1.0965530634342757,1.0077609562489833,0
1.1155693193732084,0.6197568159505282,0.8470057624786543,0.8117576677323963,0.4245202148682739,0.6512425350709382,0.3590432188421928,0.01971868258066034,-0.06880252989556562,0.814913164628345,2
0.668984056704291,0.912929108806053,0.1306810776714291,0.4995115721578797,-0.09202820786932489,1.1569917956990758,0.026062312098716345,0.03811935521437526,0.2794802576572525,0.5049305385943101,3
-0.0014436618848419763,0.07109472212140247,0.8159376642649924,0.27478821834534556,0.0909047654101671,0.3032146967583109,0.6858775973062631,0.4369234699853355,0.273521627308719,0.45039291246729607,1
0.9711404681829476,0.40975907188956545,0.8994222082327665,0.40012613848039646,0.24547958323571445,0.9762450507961926,1.0694448319198324,0.5655575038027739,0.21327189961100804,0.9024689080959498,1
0.9773665152753905,0.08984807761286541,0.6076361566967489,0.9042235281776024,0.4778665363335196,0.5153298002561448,0.5047047129843623,0.2560317305784121,0.22914484260990373,0.6007779194347104,2
1.5794328064979757,0.04732214222632056,-0.5675355952256763,-0.030762235554139705,0.445316590017363,0.10143274528234479,0.16021392593576367,1.2996826582348096,0.24444828622932063,0.47115387731733993,1
1.0117663074330312,0.31814206026913183,0.6439451350534655,1.0120024912873702,0.19560963439426393,0.5442312756462208,0.5190746409288086,0.5000805831530649,1.237616998009613,0.27767204457156164,2
0.5460371096027794,0.8202991076539909,0.3313569803351371,0.48485861996878127,0.8110854776184769,0.1896075652281548,-0.020714614117303527,0.25426328883542326,0.5611227789488786,0.9591294655519271,1
0.7333552673560388,0.18334648960312966,0.30122367906640496,0.13129967601477588,0.6095067568423291,0.079666041101559,0.5384661004363593,0.8136806470659125,0.6933582721644302,0.6209473344424374,1
0.9431165654518658,0.4346916417913834,0.09366780598540142,-0.0323754685214912,-0.30705247270802943,1.3819507829273485,-0.0024459900979454108,-0.09669779508849624,0.37217099600724973,0.6689893182825425,3
0.797036562247368,0.7520365151045689,0.19284260740660547,0.7907812196368808,0.31101967190838975,0.9100392937163898,0.7801269410915156,0.22062743829458267,0.871793910400585,0.24006137489060175,1
0.801256327038331,0.4328017274616219,0.1478484158873858,0.6467304687601152,0.2892064566289725,1.1925860728191917,0.47160768345431514,0.21644549257607776,0.8816500740429235,0.48713719252416177,1
0.8869973716802921,0.8386023554003436,0.15484178686449293,0.8502948276686859,0.3005042031297708,1.0473508228688628,0.8248327491467087,0.2666749853756401,0.8741735290071708,0.4145192559660983,1
0.9332496393641965,0.5736521231659444,0.7729132879206233,0.08289142618375205,0.5421526775613996,0.6162184004255467,0.3746329851241048,0.19850417014725827,0.8119076319347587,0.9776352277779408,3
0.1067794234756683,0.6750139675144521,-0.0027316373293652992,0.22479731986012608,-0.056801548973713506,0.7733520998074341,0.613348953422449,0.11974622627334663,1.0551141579611523,0.6817438036655877,3
0.19377652983772037,-0.19630274829035838,0.03703092980135653,0.8022514693561351,0.6281051090803489,0.23662987134322408,0.15370694549500008,0.224223761958962,0.5266189248285724,0.18618935295281958,1
1.6047040911109103,0.6175895701970793,0.5150831508268431,0.2635611217181164,-0.33818883131168437,0.03980680592048518,0.3327732450211186,1.1388501581841817,-0.735483044152835,0.7943476147923215,1
0.35079429901883363,0.09863351981119353,-0.003046479099268154,0.5414842062441152,0.2702668721758127,0.25826009065813926,0.27146249452726984,0.04641439032396959,0.9517757362549468,1.0350174024712164,2
0.5709172167089913,0.4678275955302726,0.9040541027547572,0.7472164114485229,0.5025932657485772,0.8433844990721662,0.47914890285608436,0.3470995421888532,0.6955065489495986,0.22610253219071064,1
0.45935567001441485,0.3930350405378658,0.7027826683806904,0.7603084977737855,0.5415765340032281,0.5248318017744704,0.5950252276798372,0.03464630858353626,-0.3018264002058692,0.46211240061478687,3
0.5125154772936695,0.19125665166114636,0.3981058103957755,0.8536798651714423,0.1232208995408374,0.4450792468197281,0.5849780759824417,0.5300704940836941,0.736556145128308,0.030978041663079547,2
0.34220052763817355,-0.006165148992589742,0.3065997624856844,0.8352741952460904,0.17129959116717058,0.12018434866542343,0.3052996520419282,0.49256719872851845,0.38248863561206753,0.39133268666085763,2
0.47457654166761953,-0.08651289913512061,-0.12874934126907517,0.5421658416045534,0.6051143108481637,0.8028369988652965,0.8984211524373806,0.7360043714415858,0.2711931253310774,0.7863199249170236,1
1.075017715348455,0.31765544150207803,1.1074511981041288,1.0816179309817873,0.43130002854680616,0.5412396287878152,-0.3947892829562571,1.0145297296714437,0.3824708979261537,0.5475038655137343,2
0.9696791366436291,0.06269215344388407,0.6730514618191732,0.8941831175121695,0.5004350012858321,0.45363359215527244,0.5716298944579503,0.384040721102889,0.10853591715680112,0.5995934553018296,2
0.5458551761587745,-0.23586013135056227,0.3064889609635193,0.9311774262214569,0.8835771654311152,0.6451480923041639,-0.3479978518318643,0.48020583235555014,0.029804458989191318,0.5264408125099289,2
0.19681742123434215,0.3617986634116605,0.3145019143728674,0.10592182932904304,0.5490593191747718,0.37974229130305565,0.08436828845188356,0.22711968532350202,1.0159475659509025,0.6817519439270313,2
0.1492498596001327,0.5791667804377953,0.46601630134735467,0.03235252370379757,0.9524851974242504,0.7173589777890159,0.5125362519532687,0.5323437555742258,0.43225583753740093,0.059152146445879634,3
0.2660708609477034,0.3669189110990718,0.2903833105510591,0.20532569175707038,0.5425413721695099,0.14293485835901373,0.14170224377418514,0.42689048084766223,1.064694814295253,0.8136668077337907,2
0.9899314308924727,0.595533127312429,0.7262692488089059,0.10364368635291804,0.5434392474740779,0.5326848844934433,0.2830450791195012,0.174276965745874,0.7597068469034219,1.0321901853134225,3
0.6997830518865644,0.7530210159080759,0.31859892425778535,0.23220680063613347,0.7427602744148877,0.3683880221265736,0.17351553287980453,0.4476704766338764,0.070530327298815,0.24458152123794086,2
0.6349022573320187,0.42360416629186287,0.908497034182194,0.7803461897852758,0.6396009581166165,0.8637113783046179,0.4538883140375674,0.25743949300088,0.5748977210165995,0.4048309822229167,1
0.5986898310603725,0.9300680786822835,0.3967850963582043,0.10888867745179816,0.6812830224916178,0.501058235901694,0.15762545356276855,0.46127512071007737,-0.12167214421917188,0.4593302637262674,2
0.5025296377299167,0.5372942361656593,1.0575579549720417,0.5990600156382635,0.4100809321269869,0.7718500734301724,0.2954069321015476,0.2755631652414319,0.5530392212135098,0.4208338863683496,1
0.8500095926101932,0.2589783588976479,0.515790088932443,0.509257854636694,0.3432183523408913,0.23469384339558444,0.0765451749940585,0.3825476841087391,0.3650242869045952,0.5870472760467741,2
1.0748659399782867,0.9615903265095731,0.21625023715352704,0.7136247083934704,0.5587062620077998,0.8014129870618318,0.7113963565560627,0.23303088850985093,1.0423966961529536,0.2732015114186747,1
0.12084546407665336,0.2824741966867842,0.20098213999863102,0.7107187641371757,1.4764993645668512,0.7615543084573395,0.6705666887304933,0.8685021461447336,0.6375487314482813,0.025311693582804273,0
0.6162373424597244,0.582647283646179,-0.1568369489159624,0.923544107371689,0.005014800421795085,0.27483764367998054,0.5191413013134527,0.3725656461349266,0.7435925743585594,0.12512262870089771,2
0.8613639799644861,0.5428298490676865,0.2906434259117842,0.7671407541830338,0.7587149726775153,0.7611715257838202,0.7163603326792116,0.10309052822109531,0.7620302722787982,0.9329263286558629,3
0.14560795937295598,0.5901613642724414,0.49254029864602006,0.044119176256607016,0.9457005623380499,0.7487672342206818,0.5177249140739278,0.5235252924331443,0.4137226098691454,0.059185745297004634,3
0.1729542088959344,0.20109847596093106,0.7269364702055556,0.4815511882597311,0.008085323735186528,0.33627073412771685,0.7296780218948385,0.33910373388538906,0.3447903736620429,0.5517107476207623,1
0.12935579829701507,0.266554780951722,0.3206411450391422,0.014807002999732644,0.5303130366235008,0.280116285672145,0.09939831537777032,0.22597163786091845,0.9106145102667262,0.6720578216048115,2
-0.015326107219624935,0.02553945412033848,0.5254927709193071,0.895863845562721,0.5055120085752242,0.7900547557235867,0.8890062631569645,0.3963311806277733,0.7320736461116364,0.6913855224813535,1
0.49201833104016135,0.07043283121477677,0.14542456071982765,0.8803188141542807,0.5475474616193617,0.7218699101320379,0.8791274795512536,0.9784232592885339,0.34779551962538025,0.8756056740333975,1
0.528241152301155,0.633996925490941,0.06317701619113321,0.7585791496358518,-0.12177284349867551,0.8663669569457532,0.4249852113702246,0.40301601717102187,0.43026695282178434,0.9392859914714162,0
0.5532348618433863,0.6867818524157405,0.19328731214852965,0.6430862456635279,0.6526736446671689,0.061116293543400035,0.014294182615504941,0.348259659311852,0.4857649294613928,0.7911539157774504,1
0.4693649873364814,0.5145871694202467,0.03632006454677746,0.1621727034308493,-0.03028042817387537,0.5885669111588907,0.6045429080833322,0.35308289392454445,1.1519137592072652,0.8341144937927413,3
0.9657808370004098,0.07074922536895979,0.6594463925476891,0.8643452115254153,0.5518148178642917,0.44587406062074164,0.5837208320574063,0.36023821921299654,0.1416405767380101,0.5789199267889253,2
0.3847433244777024,-0.029403939030164326,0.04687913480652061,0.1931443858334275,0.6716128578317928,0.44026820824772184,0.5490883422553191,0.45055574974427326,0.08585014513676048,0.021592077393396525,2
0.8453328844702507,0.7475132925805531,0.07730734943118159,0.8889422508661124,0.41501150445308854,1.0426312377514868,0.6580555937825425,0.13288452895855052,0.8542926776127159,0.3605266285854257,1
0.12553482764998575,0.40435269794477746,0.44213414116503286,0.430738019045176,0.2158008585088086,1.1293976399510575,0.41046582298401707,0.6482196641916138,0.406310583452091,0.5851600273342684,1
0.608596534346977,0.21459241966221343,0.9599581985711825,0.44813335815902416,0.48389603591879254,0.99478570079437,0.3360482997999489,0.16710889880044583,0.4235836372477174,-0.04737592365511889,1
0.8840954034636144,0.5453893854780282,0.7000317357220819,0.4362081761951927,0.2117879584992256,0.7517308263504943,0.7565073269451591,0.6334664318544724,0.67771416050869,0.8980919758478261,1
0.8421891994252376,0.578788499565042,0.7168687827122111,0.2468936095801898,0.14522565352675693,0.812770698965891,0.9731180473456638,0.6735044275084631,0.3981212051964699,0.7572996594073633,1
0.4913417495482171,0.3827561807079667,0.059439395970107445,0.06048989552338263,0.5679854126849766,0.0415826287973829,0.5446447241920929,0.907111618739858,0.45120491218618297,0.8500509850337199,1
0.5416497499426641,0.32486842335720584,0.18960726158232288,0.12855482748435093,0.6251639015847736,0.021890702047726616,0.683850216660324,0.853182356388194,0.6511341807773586,0.5533351729412992,1
0.8498931354685894,-0.04080370690475815,0.47896527081724183,-0.051689224503006115,0.021399730482423635,-0.06500632148577468,0.7034296391424559,0.5557536237079772,0.0028652447593490015,0.6154609966097648,1
0.5674553980819684,0.30319904871381015,0.2745367845963257,0.9648736863200341,0.19845589285527246,0.39224969278141625,0.46021691779031115,0.6334436747760961,0.6799576533616535,0.19311113566258278,2
0.8695909224578718,0.7983748393739103,0.6443660056023459,0.9439753855064551,-0.16886266856617826,-0.3324057720077811,0.40321742468061356,-0.13946654705922323,0.05946736435773914,0.5968563327017391,2
0.9709020668452051,0.5422823869530446,0.41434694817638473,0.8671354614558886,0.2306701465480733,0.6255221385004371,0.9324441085141038,0.5518969454081127,1.0578666243069925,0.26698863429563896,2
0.5625110372275033,0.9270303668728932,0.015477447861158782,0.07397270828931292,0.37345501582459417,0.3390009395834155,0.1635035334685782,0.5165894417087047,0.12484711530398143,0.9172980428882904,1
0.4914110477758669,0.05004501361452717,0.12029752052728987,0.8892039172436343,0.5454753020911421,0.7332437048303142,0.872506737778895,0.9776412831556978,0.3646884552436957,0.867276803732402,1
0.5076115399564095,0.39738425563509516,0.1886893198376794,1.025118628256426,0.30306909429426326,0.2824396275911427,0.42286307159656794,0.6842683974229211,0.5460830295019556,0.20878277757596236,2
0.2713108959149015,0.5462820327438898,0.8993418770682633,0.07980313489895088,0.7164554735574341,0.2935617262223656,0.5405026808206327,0.9912925440050433,0.32554733109295236,1.047017761169225,0
0.0213170070543776,0.18908610998959594,0.3350239830509947,0.7707471907984407,0.5192238618406497,0.8606523869415528,0.8088436816308447,0.3907402936132331,0.6078925995803582,0.44152149852088274,1
0.36520624479648667,0.2091671546153949,0.9880770460303867,0.671490661002908,0.48950159611124755,0.9570618257022812,0.35169771412785983,0.2599740205534212,0.5182063500232603,0.03555801960674168,1
0.3407260552884501,0.8763759385458452,0.9933427170050623,0.5913613923363166,0.04460955043905373,0.23656312901595547,0.21979813710397184,0.7689373726514103,0.08594044908550746,0.278345510335013,2
0.09666540394477979,0.8370614304197311,0.4051978350564696,0.46799524305550333,0.5296741399584762,0.7050204852088923,0.9318809253547862,0.5686675257104783,0.46415209236159055,0.9152822039284741,1
0.5253890402239172,0.8326177975488309,0.6711739899519933,0.5559283762785756,0.5374876823010498,0.6280526696938857,0.8536304289403549,0.18721950152692732,0.11655330019316071,0.4347432213843911,3
0.5089383668751182,0.3046360141277369,0.2760402808234559,0.7273458152935321,0.2992508463908802,0.8699625303565515,0.8418600509974172,1.1225925175500637,0.3502303539322603,0.646861928941421,1
0.8228485626412421,0.3100121247760065,0.09429556718516865,0.29926448518414256,0.6013643796644438,-0.011407826418178786,0.37386936281262695,0.8645356545580579,0.5417306073016239,0.4982767514718792,1
0.7367651753870361,0.4253719242796651,0.22119829746954833,0.7278826894673066,0.9053271779775428,0.840123989258794,0.7998887155846515,0.020327492562874028,0.7756388340099835,0.950142174656826,3
0.4071458878190711,0.6167982090660702,0.7120504296863643,-0.2532164428299593,1.3106348167638133,1.019130485073977,0.3893065855523453,0.8163621079550752,0.2216808350612341,-0.12116003834500377,3
0.8767214090834172,0.5545072112266338,0.30865321910176763,0.7336072796759662,0.782062238939182,0.7480253156205688,0.6828041364952054,0.10622111536205256,0.7743399184212236,0.9247418100897709,3
-0.019509610677639094,-0.04992629897006179,0.02370940517171244,0.47125303485555053,0.44139228618436016,0.794973889497707,0.4693733237465084,0.3594881312137924,0.674800171187603,0.7763601011794177,0
0.7336352241316904,0.6736749879147023,0.8810854444597022,0.48017979813172174,0.6457605746157135,0.5545934642299793,0.8853125123713366,0.07508112684932283,0.20657579646885807,0.32525099726171547,3
0.5547491448620275,0.010644335918974554,0.27536597494223486,0.7181850195561115,0.6026726506870235,0.8090212568758193,0.9037079577807681,0.8304290218638056,0.4655211720279203,0.8817720596394298,1
0.6956853308727955,0.4257214293481535,0.7854764385982155,0.8921730822010652,0.40846763841854594,0.8053194132576499,0.5027097788292741,0.2915961146850832,0.6218309998185818,0.05117749417159442,1
0.23898347278072996,0.9129860140971406,0.05533149423469432,0.4558870016016226,0.6336973595640436,0.7558805897888711,0.9488635218978456,0.22351872117129842,0.7290064818388701,0.7483915117428441,2
1.1552011619881561,0.7621752432090592,0.8735524894358899,-0.14743251379512295,-0.20593121521176,0.4339765258116411,0.6881831331044166,0.6982185119154535,0.5050544054101401,0.7506501030015259,1
0.8549873593402402,0.5765864197314171,0.3230375471949599,0.7255018228758512,0.7935570733975411,0.7346447958444003,0.6888110726073958,0.08707529336809317,0.760697803728245,0.9134387415813306,3
0.4443408429713897,0.7348458198567867,0.4012160198849026,0.6208306747849148,0.8801971464711171,0.08660321373115558,0.07889566785211968,0.31716157047675536,0.5800087257312958,0.9519460929951363,1
0.8167175818755439,0.4337164951182144,0.2376328688155711,0.18040208927310789,0.21023263899735317,1.0077125130219322,0.1679969688065,0.6896915686733689,-0.3101935356493378,0.23910610550055558,2
0.6201198120860878,0.1812659602977506,-0.06092120098360104,0.9718248031274006,0.5826038558216579,0.7560968318076764,0.8596341807962485,1.2024247442885807,0.1883182433754893,1.03469076752027,1
0.10564130077132106,0.36051267021678196,0.22679654394492596,0.09129555732199233,0.49449518263952547,0.3005423682864908,0.1023765948652967,0.33876601098065673,0.9241983175825685,0.723945301535586,2
-0.013500216187815411,0.8859939242589554,0.432492730622094,-0.21050940720765676,1.0265010285639677,1.0288843504624305,0.225138856174821,0.7102180878075693,0.4835988435341698,-0.23856680660497864,3
0.023443638556435747,0.11412028398669861,0.779158559616656,0.2855800520886302,0.04740887603035847,0.30106831062292355,0.6417804196182846,0.4153056749311984,0.2892332118425484,0.46051666841204314,1
0.32586828702936044,0.08347902083348642,0.058173338358712606,-0.260515680370795,0.648033407059927,0.009477841406706045,0.0984726988187768,0.2440530579578942,0.12836199635014936,0.3245741395448402,2
0.20911301756058034,-0.048447767318237384,0.07259025857209805,0.7716280469461763,0.2833548921318343,0.7791618770309494,0.752869483237361,0.18421099060892443,0.589947610226758,0.8338777425766668,0
0.0254638501527389,0.22558235198080612,0.2311387866990598,0.7294649300364361,0.5510844618055004,0.8017107457499619,0.8599572079352205,0.2786886913254,0.6486842046938216,0.5052063366651767,1
0.5613190762787226,0.42997776971798385,0.7490938169148961,0.21841243656736048,0.24056976232592353,-0.04143191428029808,0.11551316795434965,0.27655329157414255,0.07843784097736739,0.7332173066814907,2
0.10400663254697154,0.19955300598363615,0.8627517636731107,0.24307699121436344,-0.011106741063965364,0.32631118118300084,0.6467733130703348,0.3569483709144889,0.22310599763008088,0.4883112359856765,1
0.8133103210320266,0.21375545179131386,0.7978546903943077,0.8484264258674585,0.26356871600877935,0.7569222848233479,0.5615485195910177,0.1849501536754969,0.04516999471550691,0.5811877673559832,2
0.6236564160551111,0.9067786515500402,0.011837010308760543,0.0571686362013858,0.3743603161027804,0.3420277198906505,0.14063080090308797,0.46994956100926,0.13972727134845317,0.9155312938194345,1
0.4872438373057712,0.828172569238507,0.26328030316086914,0.46540994206948133,0.7250493512931726,0.17419580449393998,0.06700512517675436,0.26176167896078195,0.5701987887225225,0.9830151233381543,1
0.8474951533347227,0.5812011296364581,0.3401155622105391,0.7233119115534346,0.8151365411322136,0.7398693228604912,0.6963933308124856,0.12592187831665308,0.8136242161322362,0.9289819783317038,3
0.04018457108296509,0.1272017273810392,0.7720890573287618,0.31622587635460614,0.05370910587679048,0.27564143069936464,0.6488901218343625,0.40818510898540544,0.31496271393165254,0.4390151829153445,1
1.1451951592098266,0.1665263974034772,0.4475650452269663,0.2818118693248809,-0.005700676066923337,-0.11692627122418514,0.308648363669486,0.6487685694684775,0.14229637805120499,0.7992078251076473,1
1.0170259486020952,0.8466678855547679,0.3444504782497599,0.09081830580258209,0.6582463232991139,0.9467770200059386,0.7353913509086922,0.1627851088217882,0.26396350650637385,0.8196469723584595,3
0.3837233499399014,0.8972406486318543,0.9916718589121192,0.5934538063881905,0.06092778458592628,0.297415499149034,0.21260275708569254,0.7918254254917307,0.13412218824390626,0.29519826034527663,2
0.8184885848436825,0.6182169084559064,0.7796846475818661,0.40597370227798885,0.46462876046052604,0.6356089892842469,0.6727368808245289,0.4041910856791691,-0.06527762876662324,0.42418778109297556,2
0.9719695007283928,0.8090417465608535,0.3327110477340322,0.005428145342522436,0.5410333287209543,1.0177272782883127,0.7896936428644664,0.08894727655824439,0.36153254322264616,0.9186003398666618,3
0.08693995268172029,0.8292216779684032,0.38854147549618284,0.44461393386973613,0.5390080034818594,0.7431896814563426,0.9438550617548457,0.5530058586148203,0.4775356658220012,0.9376142644993524,1
0.8795267728656972,0.5502369077874014,0.31436339620822856,0.7355388034594099,0.7834937657079757,0.7430734613696334,0.680557944254398,0.10039504069705796,0.7762072715856406,0.9232865329201715,3
0.2136277459574447,0.09546452002598677,0.33344664361856835,1.134015030769071,0.5663879543936786,1.047512715786388,1.0078199066699813,0.39128432436311383,0.4599388686532448,1.1240700363217218,0
0.8684608919342276,0.7146391217084438,0.1925711921271718,0.7967631139708646,0.38110270685306075,0.9111475176866097,0.7355829979482386,0.14256920075781493,0.7537189731484367,0.3585795310721058,1
0.03895418793433319,0.2516369452993295,0.7051842914331315,0.031397775554660834,0.028836888488410876,0.27862277925452117,0.13746230851218338,0.8680890494703729,0.4712468690872021,0.27847485530895183,1
0.14660107777911002,0.0406135822294547,0.8526162950378069,0.35040115644348013,0.010780320079479884,0.2771769467277504,0.7102734216930744,0.3599061281019216,0.28930383974171014,0.37889112453763923,1
0.10637224568198816,0.841489547382707,0.3851007635469991,0.43013775677030375,0.8588865499545688,0.48533272173282643,1.0136889493108492,0.6462419341673619,0.6836417705973478,0.13497235170277352,3
0.017737311413926565,0.16138374022784402,0.8058559749445471,0.24359308749438813,0.11729585744421497,0.2536652237414641,0.6595898179040497,0.36175854151887715,0.30812423947998907,0.47355002754557296,1
0.7695380681995182,0.4024702662934724,0.871301356783799,0.726312263083021,0.5242606971771977,0.5998578206501082,0.07329329376069992,0.6927822955153407,0.8626932197460574,0.40228260845550906,3
0.05353624941110402,0.520634384954278,0.6024420000106173,0.22379527444192301,0.7881016472921532,0.6501631711253483,0.6217405531448577,0.6112124406593581,0.31170974468889373,-0.0440169754939959,3
1.2321889428148334,0.4685316111340655,0.021665630405087677,1.2094797590224533,-0.019241181040547006,0.6890495921590553,0.9036270492702101,1.10563024228956,0.9855218879823795,0.8970040143670666,2
0.21493187868933344,0.9578607172522504,0.0874360101440133,0.4355285771924631,0.6095187154047309,0.7249612734513254,0.9475899474873848,0.27641845514256896,0.6712533419306944,0.7195317347474913,2
0.60297957555977,0.7341962212877177,0.37315269337329376,0.30404002203939995,0.8284802414532677,0.3527381324048522,0.1352025403158892,0.4189903199674552,-0.036487573918669663,0.26991402680997356,2
0.6374345376838834,0.543431101188033,0.7696633777903388,0.21136848222329574,0.8725394524794053,0.8432670445106134,0.07034129757548163,0.9880510352025845,0.24980468634896785,0.7301413511879798,0
0.5963699980346224,0.38900297022612795,0.1720599856062025,0.14518983390575074,0.8543216024021052,0.16219021064871023,0.21542357398740036,0.652060105329931,0.3461841164476952,0.4940467935300022,1
0.4506788261856479,0.3188505533136743,0.3309113086381132,0.5929243828505729,0.23194045928879878,0.5703823247601454,0.6036135374141013,0.3813215608888097,0.5725826992978968,0.5467468488472553,1
0.07796890132088401,0.07837242947608719,0.764409408260248,0.33493637422533445,0.1874735234995462,0.4733951554707727,0.5761810303766121,0.27847939648774955,0.2542949514298649,0.5332182954720767,1
0.058405117926058375,0.14399694780446917,0.7861788743132992,0.3173521931153828,0.03189485156879841,0.26067784850840015,0.6155530776665659,0.401081237556984,0.30905947160605746,0.428853408713933,1
0.08461092651507718,0.18620017754408763,0.7413738519223056,0.8961719825535318,0.20658626794867382,0.6964821600024174,0.46590865257488967,0.9929827625033792,0.33072654147507063,0.4132667329838715,0
0.7460928174559702,0.5828287395669068,0.08439690690663323,0.842788518415744,0.5614491154138022,0.6206982255382925,0.9451375120605541,0.6964864241931001,1.199458087221531,0.215997432136479,2
0.04356021601800618,0.28429140560868604,0.1886041455558033,0.04584999269712686,0.4083029294493987,0.2808121917469226,0.16223086960711766,0.3748918203236,1.0203428941902417,0.7967025242761795,2
0.6619854936559864,0.3376067283321739,0.6779095458911042,0.42340301806381997,0.7679992681524271,0.5330717915895635,0.5900502424765752,0.4341405411252798,0.041883606009256766,0.1339684864604721,2
0.6110832339744157,0.7381855664532578,0.4166412081679815,0.479351591970831,0.13223403598014377,0.9798389783423715,0.1708529574872767,0.28601567274495315,0.1365086467560485,0.642418265511378,3
0.39211767645141893,0.5803918816935619,0.9380750029446472,0.9577108222345302,0.0965107563490418,1.2991010703622967,0.5589503628102946,0.08153644551789224,0.5654810806886058,1.0469375105513217,3
0.08164539309121766,0.2064324177254273,0.34606499815079855,0.7388539470686999,0.4288335321757034,0.8694028959592013,0.8570636551141926,0.3417578723838435,0.6519184551773027,0.4678118425842042,1
0.035494505055958074,0.2345649163031004,0.6971431950373417,0.014163877680530314,0.04340311757339157,0.28301908682716814,0.1334472164895054,0.8677389016344125,0.46656829628140395,0.2952833840556892,1
0.498211430974729,0.005762034393512361,1.000776672199186,0.7019238099283109,0.7227923232247994,0.984102606986766,-0.0020666578560613047,0.12816270120273646,0.5908670048205088,0.7174909259572393,1
0.6642699240319994,0.7246956284633969,0.8096167740212622,0.4791338442423744,0.6374348014524549,0.6541917600836211,0.8281479035283578,0.11298187699298767,0.18930636682796703,0.28227150034063486,3
0.3038906771623272,-0.07125902122926192,0.19705431874267698,-0.07619823107351499,0.6832831338037438,0.2205103172844048,0.5479843661257112,0.47649049425120965,0.15107373937075408,0.21122507552405317,2
0.664834460522598,0.45921914456920604,0.6537755975406015,0.3241302038236226,0.6520033428986223,0.4784092146377803,0.7387049768354419,0.4029136473413445,0.1718600321169778,0.13647252927648354,2
0.2799544267658334,0.6182979913349965,0.04576393162417785,0.0002072367592580171,0.1609034847066776,0.7086131257525048,0.731497677561341,0.30914779713624996,1.0803521784265884,0.8737886912004145,3
0.9861590325096091,1.0381767800509036,0.03788160422659167,0.8679393309333608,0.5019283484664498,1.1317201290204728,0.39600405590475896,0.6891358154669198,0.08389900101319757,0.1923617054151694,1
0.3960360019606324,0.8930813677722609,0.07452016704762693,-0.10444841933356053,0.7125425807108463,1.1020752368828342,0.4553775976073305,0.3778561254604249,0.6832935145069837,0.027883733903413394,3
0.48196265540312466,0.19219615765486125,0.31061153112683015,0.9397064353042156,0.34715345287124333,0.649671910084457,0.9650452005003,0.9243584940327032,0.437056329472532,0.8128846280767211,1
0.4097402940537939,0.4494522876769995,0.8244732434844019,0.6877752913387764,0.9077049269732239,0.37956445174301523,0.8663660626980618,0.780730581762515,0.5494723212247834,0.4546724863165913,0
0.048867353363655906,0.7759465614598774,0.29468448918487394,0.4991640569858695,0.9071535547793919,0.5873332688314783,0.9131389181176386,0.6670629759590319,0.649168782502107,0.06501500507172502,3
0.457367856399491,0.8217076406513486,0.24270295208712342,0.5867396019253793,0.8336890350919232,0.21824330003012501,-0.027630658937532013,0.2243353926536618,0.4678778675858693,0.999593375094294,1
0.3888185520037053,0.6855873204055469,0.7908516420712006,0.5584297354273291,0.1853932252763541,0.557615787378708,0.22736008189186654,0.6969378983733913,0.512756766484823,0.1005648878554976,0
0.9912937123643961,0.6260628258297333,0.699955350082776,0.11659175289532565,0.577847311751756,0.5909354844317033,0.39673784194810374,0.11811328933912782,0.784965938844767,0.8928681778070987,3
0.5066417839368088,0.3416624012557036,0.06578671569725725,0.3688669220127025,0.22983538176980356,0.2708875130285541,0.39483310569339347,0.09256827972140734,0.8701446209983555,1.0221752074731503,2
0.48469867826339724,0.1253461716570399,0.1718932416711364,0.8151224546169823,0.5736435877904887,0.6962554330746183,0.8521350917648047,1.0613764381816932,0.35706006002001767,0.889928504987948,1
0.2896448271378181,0.7987403325621445,1.07644611364206,0.864637416228264,0.7690600545475288,1.2016984557211614,0.3340265762458675,0.0845932945490053,0.9998732475507205,0.4023565056981908,1
0.3472325725964384,0.4426728451685374,1.013720369782549,0.6393601616362089,0.36200487395303516,0.7586705827228928,0.16736610440059232,0.6662670213074658,0.929293128160924,0.452809892794262,1
0.7089432289747286,0.03547614179441279,0.5266500466437374,0.5531105228053949,0.5070908113779392,0.15125051750326057,0.7164472931979485,0.5847813665901804,0.031780003186817646,0.6015871419370287,2
0.2636700082956648,0.7812843193556336,0.31660223867931825,0.4879314549091986,0.3471154641480313,0.8191878929678447,1.0691829167123041,0.4201829851093789,0.4804697533353418,0.9353125021908306,1
-0.10643951530377938,0.8162244711384233,0.29603958104820394,0.32276058016761455,0.42922651924993205,0.7529496165693066,0.9544822587535283,0.6178246971776292,0.48081625888803936,1.0638794661215667,1
0.9156389381536865,0.6639995810746285,0.10744121012720002,0.7495397701572908,0.37468987226563993,0.9718369168539884,0.7645979014223417,0.16221711868117883,0.7802539654401701,0.2953457556726534,1
0.6012677087366817,0.6979235150792896,0.3612096841790635,0.4626307320927132,0.1210498705407392,0.9896029149570117,0.13073107172929962,0.2804108873417372,0.09412255221945445,0.6250641307072382,3
0.17657283213799996,-0.4476507015910089,0.5382662394987596,-0.08815048379726992,1.003370818595708,-0.08809643008342499,0.4689880638155224,0.7317922337490352,0.09434728513881141,-0.17903285112000855,2
0.43757458157544077,0.28554747684243686,0.6064720133175128,0.41791487717949793,0.9341505455600541,0.7168890198097305,0.4878605205721814,0.21926215671124877,0.25749371541219257,-0.17937413717921874,2
0.30418095888806224,0.2659695867023874,1.0877074489506466,0.6654519371574482,0.4209994346997249,0.7828678008278478,0.3801587938795624,0.8463018207839521,1.144511516223936,0.42868366065955144,1
0.8674021995052897,0.5637683946105413,0.3151415864847602,0.7399273683120489,0.773188680946433,0.7490958886060963,0.681774190189335,0.11361524208787852,0.7824894170378071,0.9297326788531903,3
0.36548984078619207,0.7932039603709157,0.3960634182737808,0.028958670362849465,1.0254719370664453,0.9132956326570754,0.25799949649500575,0.26689710551494733,0.39709113556152886,0.3640919277841455,3
-0.009065746946785885,0.8474771603503388,0.5067348734799537,0.5514462210510046,0.44501132724094233,0.668790442007132,0.9060957219534826,0.46422765137941524,0.45901708514143996,0.9927690977915511,1
0.5934486746005481,0.8124043706323725,0.2782623327788213,0.4202236287610523,0.9752178855100939,0.5543111468549105,0.23585306172870252,0.25077844042811115,-0.0938661204854537,0.48777016463821005,2
0.5532569268030347,0.8582626873112884,0.14879753365181603,0.13169191342960113,0.7504128902128399,0.08910268916583138,0.26747999966090646,0.33899368354108966,0.6053940337407532,-0.0015236118368493964,2
0.3622011213133355,0.5011538763550611,0.33389394551139984,0.7732081910068702,0.24447672471454418,0.4979164318207714,0.44125092149050577,0.08519363653688568,0.855575515522196,0.2945775825213971,2
0.608766623083135,0.7200486256647725,0.42559708133497753,0.5293036027810893,0.15155235874674636,0.9737263651021486,0.16645449477496865,0.2832171067309503,0.16530486067521988,0.6401118414739846,3
0.38962429880252136,0.41338347079983845,0.5727040633482168,0.5738524104605696,0.32172109252417697,0.5981556711004059,0.8440195226757857,-0.18370319356043913,1.0813053458650292,-0.08185957352130907,2
0.33210089079076294,0.8981359005079367,0.9143201605816283,0.5894957714530014,0.09441358132681668,0.22868069282385445,0.22205202628459264,0.7963235017263809,0.14044519239616218,0.3053000644190121,2
0.6320237198303976,0.7171408999272443,0.7142783539681211,0.46620133084838367,0.6048164142004427,0.6543383340673259,0.8710718119408369,0.10933985492115221,0.21710739962956638,0.276908004394743,3
-0.7692289709118539,1.0138136703663547,1.3564249444549419,0.5986599619582202,-0.19611981317495264,1.264673298820476,0.1638304546046262,0.11918379747706043,1.0071338389617428,-0.4020996184250959,0
0.9780675177399288,0.11837359838793013,0.3828872316789763,0.16528207152301894,-0.012934870222287547,0.06612615296069636,0.5473564407508736,0.7307295976711078,0.0353796822654804,0.5485038557091574,1
0.03879991660648061,0.7066384261872365,0.5041953471923319,0.35131869151185424,0.414578417420915,0.7473401656657005,1.121062242531083,0.5157627528817286,0.5662762322438252,0.9593105071959769,1
0.8683925701296449,0.7025904292311441,0.13326982641067858,0.7918632369108219,0.37992335142522543,0.9717475467753082,0.7180600013433412,0.15896102766268067,0.8134715635813078,0.3116951372083982,1
0.26300581235609544,0.768701448288864,0.4719582674859735,0.3008860178988796,0.42654188951829664,0.8431419656404326,0.7881217523261714,0.642859420500473,0.515661718244373,0.8771955444161706,1
0.5975112896745038,0.9097595308304083,0.007792673028385093,0.07222923324095708,0.3844977290546455,0.32284173903348884,0.1318344222901569,0.4825871915353579,0.12773035091600698,0.9252904505282221,1
0.1036554251421585,0.8463601081838422,0.2639919726138691,0.4364079321245967,0.6004634270066225,0.8670796477128152,1.0212554917603918,0.6343103652312787,0.5517400766290477,0.9127391771593211,1
0.028809320049679326,0.6906333022612923,0.3559219653569949,0.5885503602511284,0.9845970123307718,0.6179496764851227,1.0013952514267488,0.7573902710064554,0.6510027530260765,0.19813810100691356,3
0.4353185812223519,0.321510627211358,1.079789656232146,0.7866453308634743,0.4698379326013336,0.8775256127821834,0.10925557999797755,0.7142358273975913,1.0807557355946644,0.3871701653717803,1
1.00624213797063,0.5750458657780041,0.7325263601726596,0.04335562011659274,0.5342826684707896,0.6308811628711917,0.4376422023342522,0.2170609162520561,0.8237265444311113,1.0044763443542015,3
0.9579763211852336,0.5847364938705168,0.7329082224865697,0.09295246998888068,0.535136699563208,0.6327552620907912,0.403316683603294,0.21359493123753895,0.8057484428212568,0.9401975064512909,3
0.5485916270715506,0.02780982277061783,0.7450139177364989,0.2128697523458771,0.6499368957498417,0.01594115730170409,0.8364395712880683,0.32913255037645467,0.3798401336928133,0.342866615510326,2
0.8025848776560202,0.1483554702905717,0.3058945845004507,0.5546280692294634,0.3203066350357564,0.7257440954542131,0.8305383060008598,0.29883354574984167,0.5718807697903369,0.8572286135415323,2
0.7435813791451753,0.20562510586234853,0.17751916468764778,0.3069881899771236,0.5136423078604508,0.036527966667641305,0.6747821065965096,0.669115915335605,0.6523653759480696,0.6494259312917305,1
0.6265938749551203,0.9045719339595828,0.1687502873237694,0.07173257979338679,0.7612777410527045,0.07686933589285179,0.27963401009438626,0.332590314978203,0.6034742063381922,0.04305167589808251,2
0.2839056083400599,1.0904486199254027,0.03542210152260669,0.33402953188242324,0.9466557522545385,0.028065899877541517,0.5175385881279041,0.14962311083728755,0.9044216162593042,-0.051403832141172515,2
0.6536107667042969,0.9037480330471169,0.27418758765432916,0.019201384171112418,0.6680239279313074,-0.06176904029033173,0.23705642204845662,0.27476826748319494,0.4479658356854307,-0.08462027213768268,2
0.9687382572078831,0.5078187763380575,0.3260523112298207,0.821739274314594,0.35951380911175235,0.7463167381496785,0.8073433175285806,0.4549931093745241,0.9931588074232522,0.26277946598857754,2
0.13781946702869796,0.7186562494508029,-0.1251078793343219,-0.334296390390107,0.5616910816541908,0.9863892247862387,1.088319053876512,0.24981450543757205,0.8742109654546346,0.9622834525742284,3
0.9349887170739207,0.7496858206235446,-0.21389330249814653,0.6052250390654216,-0.5183449482010869,0.2694720367044192,-0.13083947547237018,-0.07646904849124689,0.8286188789053215,0.42721556125236027,2
0.6110910696006472,0.33812115437338264,0.22410673732608866,0.9454870681239035,0.22820063489877446,0.3307268937220494,0.5119527092232798,0.6314580673973419,0.708673381350329,0.22895907320044598,2
0.3242416533989425,0.8659127558695481,0.9821822685604014,0.5920560695623576,0.05278619838269597,0.236118801603869,0.2235987366302329,0.7786265997172424,0.08926248382097686,0.28565604235940306,2
0.463875564571621,0.06213609325170377,0.06357921181203473,0.8828354669724854,0.5412667308522406,0.7824418408666591,0.9510370728511012,1.0109818704575835,0.4331020216253059,0.9001911363653845,1
0.648778528955244,0.7351306076370612,0.7682643210638975,0.4935599476005551,0.6529533730101881,0.5986862113902862,0.8382164756234037,0.029567445129387783,0.21536654363149604,0.3005358996449598,3
0.7876151372933526,0.5461857605321011,0.6462370601104284,0.26584856609054686,0.16978415239003697,0.8162196095411685,1.0112151103119513,0.6993350928998078,0.3497488724269199,0.8042835890357862,1
0.9792447614911133,0.27142667477784665,0.7946805239662169,0.6984959882322788,0.08235035134687446,0.28682932665629846,-0.19300336418896513,0.5679401443720739,0.4931248791281651,0.7575038522751428,2
0.4876994586827614,0.09648995320072037,0.1549050224807307,0.9159356797927315,0.5548772440510598,0.739821140993402,0.8834301436424403,1.005104057212211,0.35267722589014444,0.876756311162849,1
0.5816199544902992,0.6946245129655706,0.759877449404354,0.5074322914354727,0.6303335568661853,0.6895067024394097,0.9272750134057455,0.1190137863819053,0.2521022075181788,0.2732200082976937,3
0.7326290799271996,0.8840069047680438,0.2979387784455152,-0.03818732875706041,0.8070248278492635,0.12832071142584062,0.2011969058424627,0.35758976260073755,0.7544085417448446,0.09880570420520521,2
0.5678279414721774,0.9415374878674354,0.03484638737880426,0.009064125089389898,0.3935603142600164,0.3338368782131761,0.0852169008100844,0.5111850885163877,0.16592958748071884,0.9481877070516624,1
0.23390215678649487,0.5355902018544658,0.18169185168963942,-0.043684915460477175,0.40575738737274764,1.0038451028520698,0.6610770246615174,0.6209659698141916,0.996123509411026,0.8657456626538553,3
0.6222264956577245,0.9096379061450232,-0.035464772800105356,0.06840671504997087,0.3789092531765241,0.3585765374201356,0.10726705950928969,0.4613557734622463,0.13946221804890543,0.9009696088463611,1
1.006247568200705,-0.01480470347038916,0.8853304511888919,0.7676903385435478,0.6441220929330034,0.514792954654293,0.611460363900446,0.5258771239596856,-0.1402323460024144,0.3878544709775198,2
0.18961921654109143,0.34519151535855913,0.2549465651422168,0.8104708698468858,0.5576696782858671,0.37992645799828084,0.495519703526362,0.3784092250531017,1.15383653162223,0.5394589694295835,0
0.48748506575825734,0.46440779793031206,0.30134365068151947,0.438676280105492,0.585122766862896,0.10918806444530701,0.7488787802338852,0.9121378251287734,0.4726471817148274,0.29895208045364063,1
-0.6694840377817961,0.49080398372457623,0.659219893853856,0.25802936320122705,0.5690023672867415,0.4446644925461572,0.3862534142642957,0.025132356382105092,-0.06649695035686543,0.7212326144925845,0
1.0914727090420648,0.06905874298183001,0.5364603451731785,0.11575123589820577,0.08531981446617104,-0.08574189948553201,0.5798595374689562,0.7735607341498728,0.055145387774585025,0.40210879865631893,1
0.7197030737405449,0.015814204057355286,0.8988075860982271,0.08506569715207807,0.204225790558635,0.14202815798749158,0.8722076454362708,0.4307783485109897,0.5062697285543892,0.030568190955152064,1
0.02023351326438494,0.6558274742645929,0.08024456457903689,-0.0818271824207562,0.49724423727601963,0.41144743084910274,1.1264153024575476,0.9960287884446345,0.6249824466977111,0.6414002998407228,1
0.7252223012372059,0.5137695511568541,0.4069253490889202,0.8946149276334676,0.28919272770932647,0.47647208992665924,0.8858204940129555,0.2648419269492004,1.1773082990316481,0.058899548294814474,2
0.27417227147150897,0.36693688081396497,0.33839471705072127,0.6450879048111602,0.18670411595289615,0.4531220134719377,0.5649828261626846,0.1288622752395593,0.9178341610478674,0.16282589738147585,2
0.7660348792483235,0.5750994640317367,0.34422291779427994,0.6998304374618248,0.8226849367261221,0.863167028342746,0.7766027110020978,0.11005980232409751,0.7833005929638621,0.8903274152761589,3
-0.022821500258939573,0.2318806933202247,0.3271808407020637,0.727521903267513,0.5091696047647839,0.9023364513115669,0.9985584960789928,0.4980552664959133,0.8113203312768282,0.450266516807043,1
-0.26387105348691753,0.16903182973470715,0.39917853643162304,-0.4662248643020831,0.22828688880860531,0.9625468279509637,-0.16262874962188,1.2504544666047788,0.9148745859821736,-0.08280831344677636,2
0.26624628452426014,0.3084773196617974,0.2937323290938897,0.6162359891718331,0.14291696233383802,0.4170401093081063,0.49591306424258813,0.07249395412901079,1.0283523074948717,0.10408787197274619,2
0.9024877648248002,0.14284023346698416,-0.07638874800890194,0.6864554647005734,0.1282345023423765,0.10342439543615267,0.7468910608791978,0.6739788043258278,0.6886132730000284,-0.034040800991920334,2
0.832204669086295,0.20288083761561004,0.479765918196738,0.8673906384059819,6.08420368459206e-05,0.4683218945083244,0.5033620769153553,0.1478537242285615,0.9214534643063119,1.295015968271798,2
-0.11291710216066764,0.6840036857028027,0.2654441660162608,0.41499351397413153,0.5259567428454148,0.7301550933639397,0.933566796651395,0.36410307186921176,0.6394658364932044,0.6966136505589554,1
0.1282242201015814,0.1424884599775668,0.7616128041608077,0.22555261999552506,0.01457455084004898,0.34958185682164,0.5422860017714379,0.37810058078539366,0.2629924706356206,0.5460207525565709,1
0.7610824102371959,-0.13707269477588385,0.07080518142496517,0.44023994540533684,0.948682126671385,0.6087367602401764,0.10277354153313678,0.5526051322551685,0.5522669353344554,1.1848206531753689,2
0.6807991982521666,0.8537801473694009,0.29905377530814753,0.20103669505748054,0.7176358328617303,0.3932936684803221,0.12654164405329815,0.37624294967029337,0.03817879249214099,0.31058216910433145,2
0.10852530354730545,0.29923847682404425,0.13850374880734617,0.0994205454591009,0.37067331365374656,0.22839215900627105,0.23419554363507367,0.22824079413311277,0.9535469789977568,0.7860906503616323,2
0.06440135419819722,0.42450949387206166,0.5266629122180921,0.08268289730964876,0.7903017677067892,0.8676532560971649,0.45082854024528435,0.5133956814282614,0.48138108474584584,0.13301854526954093,3
0.9204269399528495,0.6034781223026234,0.7660897773852555,0.05158292429527146,0.5688237680299211,0.6428214222550482,0.3758589862425889,0.19244185804069783,0.7896273362567041,0.9740708252867224,3
0.15171729480643825,0.4041155655582175,0.24382891524673822,0.10364888321108331,0.43297438392333987,0.3687001571324614,0.07630975647444438,0.32061854428795084,0.9202789906191413,0.7084505734038031,2
0.9028577955725905,0.5506144298659277,0.23779746050072295,0.801366850909639,0.3336490836381486,0.7477690329709727,0.9024734777018263,0.5215191023283797,0.9079278253920418,0.3372146853504655,2
0.24543895103964042,-0.0765274481923579,0.3619281542222052,0.6192182975183593,0.6138005382019058,0.7048534999176539,-0.5214043332061898,-0.12839009460771367,-0.15259898547004902,0.4396913146205472,2
0.615814334540698,0.9083262869466778,0.006584605301217875,0.06391280281577483,0.38569081570091096,0.3209022774648141,0.13394607079241888,0.4790506711470012,0.14259966769076823,0.9302631245865988,1
0.595474169910039,0.132199826485988,0.13997694700310656,0.7678356899583578,0.6155721176679383,0.698672610820914,0.6732904480408975,0.9604732278810492,0.38578511368531204,0.8828090725051515,1
0.5290744824745774,0.564273725656147,0.35850037934102813,0.5233292700163841,0.43875766465288973,0.3308975969092182,0.4230433583058669,0.2810851634140177,-0.07286761770965315,0.1952306773956778,2
0.8951513144928462,0.6191071819429885,1.110849530699651,0.8320257717540891,0.3180946689559251,0.6932202179809288,0.16835474776608206,-0.02167190043293271,0.7915502751104861,0.11852069374462781,1
0.7893677904254324,0.5847050569940413,0.5360759926624425,0.23570670477866718,0.14212126928615015,0.9310633806097887,1.0300998910912345,0.8172184252508342,0.3534726349703111,0.7705804999853227,1
0.03233650332721294,0.23857199407871993,0.7031600919036418,0.014976131078841264,0.04362268241097904,0.2845073144080373,0.12909788912834838,0.8643301113925019,0.46769227962938364,0.3000633984966831,1
0.8986245538806151,0.7329591079157506,0.15071560931022676,0.7640131824505623,0.4150330051362671,0.962344576396085,0.6717778573625848,0.20737181091840373,0.851759240300644,0.3357264779722916,1
0.2811255283274568,0.9073415875376009,0.8309620879338822,0.40420413035599,-0.05872849633098248,0.7318750034109904,0.688052461302782,0.6594945849398506,-0.2560519495275036,0.6966606488519014,3
0.25608059963296137,0.4668419895701349,0.7595405141495479,0.29841113638298156,0.41976845284662123,0.4321743567562682,0.4740225109006593,0.9443544527083729,0.34685346245865056,0.7899974719209074,0
0.29241273497229275,0.1856852326409082,0.25202475873069524,0.826506361395315,0.5886798679221193,0.40939496862015995,0.7918203513550054,0.6672912937007122,0.11111464162976775,1.0717976977617465,1
0.3405319027974153,0.8990130256039869,0.9530876929216676,0.617257113477864,0.07690715401342414,0.22327455950107103,0.24509704378564137,0.7695977193281115,0.07155960686518176,0.2957623473207043,2
0.7599424626153314,0.08395429966523096,0.18200515288181113,0.06751234955250482,0.4171193838799768,0.2769569842043389,0.6507622517425364,0.5792066152976725,0.7349056312731728,0.6799705773767112,1
0.23719489260300594,0.29790276692407935,0.7257093584002585,1.2022047320294176,0.8066410658056167,0.3225899591594477,0.5576303034872241,0.6038768294833704,0.5320616202208543,0.7803108023813332,2
0.7783627820870093,0.5449585506168246,0.4364010700004225,0.6768177316617239,0.756141631195299,0.5592601927355242,0.6985682542611765,0.29710322128586475,0.7184072288019825,0.8469176772719147,3
0.3418738384392336,0.8788135791262992,0.9654104152661465,0.5760315320289765,0.031618487017055524,0.2399876581940824,0.20873236071115986,0.7732400125642578,0.08075654399966402,0.30567785705205625,2
0.2478323819200617,0.9144588502324861,0.05627896668154687,0.4540679805612805,0.6367570512589629,0.7528288088589397,0.9502291850097853,0.2283691785307067,0.729802793506491,0.7545974386994465,2
0.3248689375039491,0.33514837410205056,1.032641187801036,0.6412297754804849,0.4785033107103649,0.8184677805186588,0.23109925009940174,0.7523551919755886,1.0258493289405237,0.3200107288787868,1
0.8835592542253886,0.5255484866582343,0.5797838421679914,0.5160792971034869,0.823906774016211,1.022580178950423,0.47476536453201307,0.6165355807343439,0.030360509369550093,0.3894032392756457,2
0.14587119188647465,0.9135933829770068,0.4786706681144467,0.8874293312757034,0.20877363060627377,0.04560526694232947,0.8196199755277135,0.7082222995933155,0.10568145895492893,0.7561284402587456,3
0.88201048031081,0.5289746302993342,0.32240825981670246,0.6666174625883479,0.7054124786380417,0.8013102072198146,0.7203124937246376,0.11745162678232317,0.7308216282380212,0.8961027336230404,3
0.12115410106210887,0.17289826209943,0.25537557294646046,0.746637807296602,0.3809882062962988,0.8157547909464339,0.8598704383098219,0.21445963214289165,0.7942450124845201,0.41472642056784176,1
0.8815743273778371,0.6847991287516091,0.13716139051610396,0.7910264703945314,0.36043285117548807,0.9882345888280961,0.7135113731288016,0.1578335008640415,0.8133497925773029,0.3303965434647615,1
0.344242399490838,0.4030365552220066,0.3452720120977836,0.6989047977473734,0.1702022098431326,0.39662845896542914,0.5030232677154279,0.07920243400505278,0.9547801662942721,0.19037940017082688,2
0.15148559056369326,0.0882213810945075,0.24018715750974573,0.782134024246215,0.5352452066711793,0.7451285817028608,0.7961999448959699,0.4500834887710492,0.7101694768550407,0.5630038671297098,1
0.8387794704030863,0.9161890710952654,1.1324392262353893,0.656048641160654,0.023696059787570847,0.5566748639378511,0.9734113207915919,0.33132112368838734,0.3994335851269333,0.9428808729822824,1
0.6305208566369235,0.23604161186744235,0.22830794129805618,0.25399710859611013,0.6032755367095198,0.03283672837313722,0.5985075755627846,0.7604662913909909,0.5955097988518289,0.6416208497929086,1
0.3731866420299865,0.8213162107721327,0.9251234215695429,0.5771886521429096,0.038042091379508425,0.2501083173958434,0.21842394120951114,0.7903451407646115,0.037878226713788744,0.27167093393183456,2
0.12650114635107695,-0.10985375829667708,0.11654711290357694,-0.12970053195105466,0.7303209483749449,0.37475807701725333,0.613337779710112,0.3879019670770785,0.28523656299134686,0.04728888342365181,2
0.6766729693798449,0.4178480788826077,0.6869119210277884,0.3026443976606953,0.7221531590287454,0.533288348128886,0.6910845593678789,0.40117468796417954,0.08283490403186045,0.1963237722499272,2
0.9019936008572331,0.5983964170653892,0.3376010847407546,0.6920799054262952,0.7410776603914727,0.7129967083975046,0.7024832942127777,0.08090448642975213,0.7364933319617324,0.915374005051393,3
0.36867809929614626,0.7026201057773903,0.864818986835281,0.661440038616949,0.5120862445346577,0.2403382795075945,-0.1357305235469542,0.7391931418672197,0.3467549702005409,0.4294590988983861,0
1.4552026951021235,-0.575161276068907,1.5530265541102768,0.5694264455846194,0.1961112940660116,-0.08296864849536245,0.39525267562471744,0.9467968789656489,0.08620831850244987,0.5524077659683405,2
0.17364711124701404,0.36648231500562195,0.04816809967010183,0.8521988113034151,0.08116926552883381,0.6656986945350187,0.545515252856713,0.7755628626666102,0.7016024837674086,-0.013085768286969272,0
0.5578642416092717,0.011006023336295745,0.09495634850407507,1.002894349883224,0.4554500714670595,0.6036022907000481,0.8824073578067737,0.8841298111971163,0.4211632026581442,0.9881517949777497,1
0.05932372012882013,0.17581700477608864,0.3278897753028451,0.7143178629715558,0.4658306057624529,0.8394204103954016,0.8542533670624096,0.3578728884742604,0.6777421634861339,0.4842285574960383,1
0.308886394411588,0.41154328701424553,0.3261701741038644,0.7208653916668445,0.1679565061928321,0.41070479035961777,0.5006500681371506,0.05664447873331013,0.9543763540037996,0.16954668311898802,2
0.583309890893825,0.4059152101529561,0.9063833915076261,0.212803584790836,0.5658984954706849,0.5211502647718923,0.7194302440362172,0.3259333229137001,0.021599975782411213,0.1195141443560031,2
0.7348474302696589,0.387331751122425,0.841681033761087,0.7287778706221076,0.5185960718406553,0.56765513598808,0.04182816614656608,0.7111480396450282,0.8835221922462131,0.39332507623566615,3
0.8348887457332189,0.11478112404755547,0.3134291158913234,0.5183447080836184,0.2803320183315949,0.7539273692955096,0.8537525586214366,0.2712935641059665,0.5684230611831366,0.8335402427991467,2
0.8404261850505974,0.509805917413844,0.29231033858035516,0.7705955859334156,0.837456747968975,0.7059477543338127,0.642033187503665,0.07558663702409887,0.7384470621088515,0.9499175561108314,3
0.27134416193920796,0.3396558755757071,0.5645604194264575,0.5578960299458458,0.6183727937320408,0.7274210818626723,0.39041515673395866,0.7286127122324516,0.233766216116691,0.16680666666722332,0
0.8850260290399212,0.10551061286531259,0.6022896923643988,0.7996515015057521,0.5490487007154373,0.4633818292990999,0.5056662247871511,0.3839062609812381,0.15154656920861653,0.6476008069603449,2
1.0079015182165987,0.25785053830059623,0.08444686383941323,0.7042224799482829,0.7787045065137335,0.15635536725064886,0.2690630530839506,0.8962500090136053,0.1121334356858883,0.06793240102655224,0
0.11057592405422743,0.17056082622585356,0.3017181677240709,0.7421196584352291,0.49584759289347485,0.5720600922347678,0.534781913402256,0.35916592824521926,0.8382505484405985,0.8809171582452877,0
0.6196170014484029,0.9124846463268146,0.19355871127067742,0.10082678063076182,0.7980588922000075,0.11676945133296122,0.29204802006448716,0.3414574917149657,0.6177231187029137,0.06815311658172335,2
0.6155489241562138,0.725635268339761,0.7736321152452773,0.4472598032616543,0.6672702766533236,0.6700649699975096,0.8563738155665683,0.09014359020336082,0.20422040047493942,0.29618311314989315,3
0.5554115858646429,0.8554605520510166,0.1814856652635633,0.16568405224634358,0.7211242754503743,0.05881116980748724,0.19762623201461096,0.3575928982309368,0.5707936677715543,-0.051511149212436935,2
0.47270435200605787,-0.04030784909383389,1.2510142695645452,0.3368880783731992,0.6522923637056104,0.7762857760440978,0.5074228262356228,0.23821237166068093,1.19024243438793,0.2950730874344773,1
0.8044850405201674,0.3695204979064418,0.4773987383734666,0.48308189273946733,0.2412382812155796,0.1520177549124134,-0.0595737062266663,0.33412304398990134,0.5027541446191338,0.5886246666697031,2
0.2756290474170361,0.4326519737724981,0.9615100004306554,0.6460610829057137,0.40871614227816616,0.7322967965890947,0.16897900833843826,0.6654077189084038,0.9519610961362125,0.40210880813125494,1
1.2049816509081062,0.7104125893154118,-0.054008444794923394,-0.32039643078485125,0.8947524630181893,0.04868992652144794,1.1076930906369797,1.0352037946856276,0.5989590812820154,1.072535438962844,1
0.7689696651718517,0.4018491932590466,0.8706149283820367,0.7271161283560196,0.525035000151366,0.6000184222152105,0.07467061231757059,0.6925424206664393,0.8624171861264931,0.40123056520984457,3
0.8091695568779514,0.6657900750780145,0.12692585612369017,0.11062675905651304,0.3234115825934473,-0.2062230901573993,0.6682847574049083,-0.16578791380656877,0.005306110120641028,-0.03119400490929622,2
0.11073556456745914,0.4460148265831878,0.22032885236619656,0.14283275532921225,0.4436866824162082,0.30054363163502784,0.10940658735938197,0.3360492432541986,1.0126128846399456,0.7712848658985124,2
0.6678013817415505,0.37192076307591143,0.7386025044935947,0.3913103595199331,0.669491852386036,0.6068224815348429,0.6267812205204442,0.3367160222905368,0.052788121739853804,0.2028898361537416,2
1.0702251673098722,0.6139237294997681,0.32258523273000383,0.8306527967725753,0.19888821627041744,0.8970812871036266,0.8920778960122577,0.09802761351455648,0.8779640076390961,0.18706009830121564,1
0.6416672443784353,0.6068311040012528,0.448509353721214,0.3197801783551971,0.8605430661577441,0.5253594582812556,0.04753445389542868,0.2425603532909967,-0.06923645498475177,0.30153958260271796,2
0.06675415961827229,0.08918586635553087,0.3009852177792931,0.6808177557992744,0.5199519234250799,0.6026309869762331,0.6074630033831316,0.4149635586849718,0.9020960150285562,0.7904889878388743,0
0.73788909808315,0.8018859843949312,-0.0018108902516738856,0.6819203542657162,0.3783839481055308,1.1399318617970713,0.7722586042025718,0.26011316761459646,0.6752472396899281,0.43978796456339864,1
0.8744574256985496,0.541533577652985,0.30931695113502605,0.7116548741560862,0.8047112462804841,0.7664938340721763,0.6610161238190031,0.11279957611454375,0.7969639442294121,0.9128345628766436,3
0.08795672767948363,0.4156915981770318,0.18196316807033058,0.05394101384024246,0.5111743866081397,0.21985646893870395,0.20147373309239672,0.2799477890996841,0.967562033149459,0.8310875214804572,2
0.6465544240548712,0.6891127043779702,0.7587910725493653,0.4074851929210546,0.639881055136629,0.6598540888016994,0.8351606201597492,0.10512362625054024,0.181421476998302,0.3184096271098786,3
0.24330393478341153,0.9127766875360627,0.04617903820923596,0.48023651440004117,0.6526078769493971,0.7576060221292931,0.9483289427280903,0.21339798325526912,0.7189943720892318,0.7423569468314553,2
0.5416001218624124,0.8526157463657074,0.16985467467079404,0.13769194696534726,0.741866971284633,0.08669217967244217,0.2159245737007735,0.32695034419952684,0.606817291103306,-0.03320917800675048,2
0.8942979455246921,0.6131310579504116,0.24827368890926862,0.7105323519887667,0.7859524347816652,0.6601413673022042,0.7324836690117934,0.20149761503769897,0.8145307045300013,0.8553920471495893,3
0.15033856554901603,0.9385829089795962,0.4290132913062133,0.5465354018493537,0.5662922680998238,0.6146126001168151,0.8851839150977255,0.5440018782589083,0.4489271410977438,1.046706535371535,1
0.6801402057020295,0.7823013731995853,0.2795997393441887,0.2283579650160595,0.7452082670671977,0.4034055896789289,0.12763815650498642,0.41354077414954543,0.01959576142702741,0.3106623102807465,2
0.589749507217896,0.19676703174704052,0.17774120068296215,0.8495271070638424,0.0961059178960472,0.16661180911599427,0.6265523213428996,-0.14541027126798975,1.2084078017485254,0.46871333665277626,2
0.7306767947983983,0.38255507874319405,0.6951704516171487,0.33624967642607706,0.7097147984278218,0.5418701201329433,0.6585857378245092,0.3479699244999729,0.11923422299285945,0.21295026661776584,2
0.517138508404112,0.6284099446030361,0.8071118845423719,0.5989791950909826,0.6240925741268343,0.6725815791658755,0.8611949524966188,0.209211800436946,0.25095936781173694,0.22337784776580433,3
0.5726348950732799,0.7490773079540118,0.3136253286135871,0.44865458431412314,0.7266981903720326,0.20823872585128764,-0.0005193566679353376,0.13584680632638968,0.6002489413463633,0.9917832044982824,1
0.1536387435502916,0.1303009916310539,1.0537695138952827,0.7174307159345636,0.43911022059253924,0.5913861766983998,0.03530176807008287,0.7179157471702147,0.8646668567651845,0.5624605492492648,1
0.8853985091258961,0.2245242039461037,0.9394002071058938,0.2357955753883283,0.7483393863183561,0.3383474333316408,0.5515620673635587,0.5404983267710202,0.24758655565992913,-0.06288873193332623,2
0.6722283386294547,0.6379580922476719,0.5194176035592225,0.7071120808777206,0.10775620411328746,0.7567250312937979,0.2423168134002627,0.3985234810263608,-0.10375625797139504,0.7362184783504464,3
0.7190952058652552,0.38853654657808134,0.7038137860128991,0.3365077448418805,0.7056258527518154,0.5498303154681633,0.6471400219348898,0.3527594870728057,0.10874918891921398,0.21832890453159995,2
0.7960348607321299,-0.4463984204021364,0.8694384055124592,-0.15443638104575663,0.7464283920731171,-0.7977990152901199,0.7993156780570746,0.3004024713908659,-0.4559229448978383,0.39933546678220233,1
0.7747929272106334,0.3950352189399078,0.8734416487022103,0.7197655667565679,0.5217373975817388,0.5997464738776762,0.07700262658274011,0.6988141801290589,0.8689421876186445,0.3997847460317557,3
0.7233990699412404,0.30144524667970307,-0.1690509422225287,-0.2748888397966234,-0.3349078980633878,1.1947784508013581,1.0284345051275627,0.7033076823618567,0.6638098176142953,0.7736171654701152,3
-0.030204995740989518,0.7972561601698652,0.47628879585998585,0.604839016502179,0.672078274907574,0.582217928164165,0.849874799976248,0.4367709085792463,0.43116726118644483,0.954491975186041,1
0.6398604011857811,0.8542486141555415,-0.04574438050556912,0.041469419877294716,0.4130322360160552,0.3642290785009875,0.15534211928367161,0.5106457632775557,0.12375381194584514,0.904843856069526,1
0.8957778482230545,0.20930537386868414,0.2278571975178369,0.7202094054307133,0.34616946285043615,0.6514860102545813,0.9445110846049566,0.2957478282957421,0.528055370768103,0.8920671368171184,2
-0.16560858050395783,0.3579519897265707,0.6418444857877144,0.7951903068408469,0.5091745646273456,0.40373101095952457,0.4591943570039023,1.0043960058045729,0.43331560399286695,0.3609910185089897,0
0.5858854893360095,0.5724399934587697,0.5085701298926074,0.08163402829491126,0.2814363450531838,1.046373942477825,0.9460098003327628,0.9375014778989373,0.22581433134667925,0.7856343068734439,1
0.06582363488596132,0.12658088187045677,0.7633504149890113,0.33375601738191796,0.08996884558714248,0.2617785285873875,0.6661583089380485,0.38666530248794856,0.30875607702877494,0.4466584307290215,1
0.23641897013856875,0.025697924037486317,-0.004375961795231004,0.05669005338365254,0.8318406410676562,0.2728574857724581,0.5303269224560527,0.3439717509865527,0.2694241987748315,0.12589480234137282,2
0.8797691052037845,0.5218867732123004,0.28962870234352306,0.7704635393504752,0.7873126481096469,0.73151222864903,0.7204696739785182,0.08093582753319908,0.7820929259339481,0.9490968598548336,3
0.7659034141405612,0.8592119347818787,0.9188873746707668,0.7590570183925144,0.09254009400527305,0.12660423997623044,0.4971270161267008,0.5004034992544928,0.4869536567901513,-0.23058667755347678,0
0.724350926550869,0.36639285011465805,0.888400928517117,0.6761283886286766,0.47191977607525615,0.6072932366074811,0.08738825703796824,0.7360311477511956,0.9113202235714486,0.40327508477427243,3
-0.7885018607850839,-0.21540914962776697,-0.6258927396768702,0.3935569648837827,1.1524067871089279,1.0608437401903603,-0.10526243028393889,-0.16368466828340045,-0.8349221114772997,0.9554171135502585,2
-0.04792670140648972,0.24522361442767504,0.4067026752583278,0.20174589303002355,0.3900909349239131,0.32256260489437955,0.10533258967774149,0.3516767163399411,0.8267236717516158,0.869035519500638,2
0.7884984398617063,0.48467858351783494,0.8263412903542942,0.15420723701712113,0.11634607366868409,0.7353952106832257,0.8592264604315734,0.6302633245457794,0.2722757241248648,0.6557891193315369,1
0.6740189673462882,0.31089663079904717,1.0477694937794977,0.6601656628987409,0.21444921831385177,0.80154361102844,0.478834912996823,0.3661139833056261,0.870786201710638,0.4048584072229683,1
0.38423365352850924,0.7080500387313436,0.49085421756367315,0.5978150991110358,0.11853390896984821,0.5043622889159873,0.23717473185880872,0.6519792102395519,0.49874020594131974,-0.14409399444702592,0
0.6779455900648078,-0.533944248361415,0.7090580654918359,0.8902056596762824,0.18500309633923068,0.6180620456745293,-0.00938781775952513,1.1301358927930605,0.11958478138095219,0.3576523865971707,1
0.823871471890919,0.6381610309863541,0.6910662350688923,0.19603828108014357,0.15269378848183415,0.7830491453491123,0.9255497794143661,0.7147314829366911,0.40036710596817227,0.8082078520625449,1
0.40186477601403514,0.25959512054270795,0.6802089475503988,0.7643023177010967,0.43785964815376976,0.6724852626841684,0.1556224633325559,0.1737576714191808,0.4764035233536083,0.7181830395838292,2
0.42757226234765444,0.4370075868932918,0.360656310178486,0.7962941232736782,0.1867017953985389,0.3314148919857075,0.5444747372716487,0.1201434628905391,1.0371296602983817,0.15237919975410616,2
0.5377068964829025,0.37383062655621363,0.24309692650756703,0.9883671688741965,0.13833719040708636,0.4396382185884546,0.49651072993832346,0.6243775687873157,0.661061120776995,0.14626866581637482,2
0.1028244701345988,0.2061795666119557,1.115014921958307,0.3835473571726753,0.30079273004949303,0.5231516009439533,-0.06824916681957541,0.648812423802941,0.9178883591499708,0.2440614267048108,1
0.5501470635322834,0.8426775049265984,0.2952117448665953,0.5051587114504993,0.7381638762033723,0.17845025565084113,0.010034599266519277,0.2575901033015816,0.48256746247085675,0.970886068142925,1
0.8847647055763899,0.31958198007270866,0.4713456360344519,0.5362442845189972,0.41271862628600764,0.26687045404596305,0.05101943117148504,0.4704627417510804,0.44385966044405567,0.6516256370993647,2
0.42585953022684186,0.6977688389439797,0.03955799611296165,0.2767606130924313,0.4915233894029462,0.6829772894538887,-0.18389649721878498,0.5151779939462111,1.153700556433358,0.6434292489129101,2
0.12199144967324274,0.14000051064064653,0.2346715231827008,0.7267812686477142,0.5402723358009606,0.927745228640678,0.8952133089543094,0.38946209008418364,0.6912310204427781,0.4718154146303735,1
0.1294444104456693,0.8666474634730348,0.37891913540969424,0.40488666344838153,0.4960542367949813,0.7514105047421737,0.867830359116585,0.5326209598565604,0.5275162499609098,0.8808698947155307,1
0.7195848075005651,0.8256891180922601,0.28595737436970287,0.23423883905112675,0.752070523808773,0.45526726479675594,0.1565543256855624,0.3776911495005259,0.08609562314578366,0.3273886022498052,2
0.04540211331218015,0.7902148608424439,0.2931424778063431,0.511927291052987,0.9151641858272709,0.5828758655866557,0.9154348499780756,0.6579398229394121,0.6402470799834963,0.07152773252350539,3
0.635789547818567,0.685346973622795,0.7606010012270851,0.42538567915673386,0.7074522981114049,0.6583153896587782,0.9298587940088867,0.012020666314410455,0.18858952391467812,0.32020422987212066,3
0.9317869293012668,1.185338602611552,1.2998688347409633,0.2619507498270945,0.7508938027128417,0.1276804567198095,0.5979894388408156,0.19715485240489128,0.18799410408059902,-0.1797162554458711,0
0.8450527555502755,0.581577241638614,0.28334748041620145,0.7174799336485287,0.7831240131272476,0.7199095748443465,0.7000565020215691,0.08824022647188842,0.7249641715036429,0.8883659648747992,3
-0.04213726382152984,0.15038418518575128,0.7665851592263289,0.39450469391726006,0.1414111033231143,0.1760815719602328,0.6890641115138703,0.4957006134300763,0.3109617855104346,0.43709727775994617,1
0.826590189965843,0.05037994370233314,0.49441651832214173,0.6585258971799135,0.4935643445545032,0.37059975403886286,0.8166882028961121,0.600609975099738,0.08146052644783999,0.5658324519090808,2
0.4796629697624595,0.4919304365375177,0.423807085268869,0.7042626467358477,-0.005400155284670194,0.4654680919318542,0.668868424063014,0.15113605127445245,0.8684257891778249,0.33887632833596754,2
0.5760972098837471,0.2967421839739593,-0.31844723513105117,0.42515844936152497,0.09315498376592081,0.7287598704824596,1.087216514435943,0.620328273241315,0.6434315149201484,0.7881229427952506,3
0.3275770543242759,0.8705833676739843,0.9815230369533833,0.5977598293440995,0.05307907752884879,0.23127498281535994,0.22899742931195616,0.7773468866847277,0.08982857040460653,0.289970677584944,2
1.0488992726647024,0.16778847158453997,0.8534540853632283,0.17294569550107594,0.8858543587592159,0.22995188873196937,0.7944384816854924,0.18420251008095062,-0.06961117812203535,0.29847352641626995,2
0.36666823303935026,0.46821346209683545,0.8602354812385762,0.6943214129241013,0.9039982700202185,0.41684393376095275,0.9097757270100727,0.7405688159008514,0.5371156386176542,0.46064619209222446,0
-0.13160054420581366,1.110651195583602,0.5326484215851593,0.6781791709111467,0.4028498130767258,0.9509566831861967,0.743348395276776,0.8274275392211172,0.3877281419223095,0.7582111440976835,1
0.539436214436835,0.7435267768662818,1.128903948827378,0.21420337528553107,0.7577424253596143,0.15131288849517097,0.6476827966922726,0.7034851729104254,0.2212039088381879,1.0199187575664381,1
0.45062022493159704,0.5977838422816613,-0.10697112004625248,0.5183305830124847,0.5197986786738181,0.2301203593436728,0.8739659155657031,0.8748891182752958,1.5733519039147936,0.9206254232857037,2
0.03456760945166904,0.848254552276615,0.4275561622648362,0.44430290559000135,0.5131170324280622,0.7138335760011232,0.9082218215916221,0.5506992825656668,0.49623760993975197,0.9145804606159613,1
0.7281782108766772,0.39025902883151475,0.3702356098106453,0.9615442958931367,0.061468800992537875,0.21514214884140342,0.369354772127276,0.7778821402310148,0.5498961981341018,0.2074396752170852,2
-0.02130733930049343,0.9347949206503203,0.5572267807812397,0.2861447645449091,0.5981179914483651,0.6747008944366462,1.0532244834357887,0.3912900206468136,0.40161527328558294,0.8631599021744458,1
0.34350634172760014,0.8581794607018346,0.9922243057216397,0.6096614860820414,0.05586375511068717,0.2462539281023245,0.23997858252882362,0.7943230316597568,0.06763541008185428,0.3093945728155265,2
0.47496551542978405,0.2854123124525751,0.340875211801896,0.8472077934850432,0.3114193433032575,0.46341052633766355,0.4370459314879669,0.517247093517948,0.5585820384145821,0.31059276604573033,2
0.062204613154256745,0.20490934842666944,0.740070295267338,0.16270742939998187,-0.08767646890617475,0.11324152194962106,0.5740316775918436,0.508023665966578,0.15340001669296102,0.31264175276761347,1
0.6047496977813115,0.3088553968936396,0.2553602984664337,1.186501120569578,0.019460568656845534,0.557748739162168,0.3840046383095104,0.8156018065719493,0.8829208958681188,0.1913973671474277,2
0.971223537177796,0.2104347258384102,0.3574132898538769,0.42839545248302763,-0.4618162925208116,-0.026655066180568426,0.5512587288567523,0.6154634606922864,0.4585161614322463,0.47088368712924694,1
0.09622163344822719,-0.045275174233394645,0.0064691932824339216,0.09919596550904132,0.7169022564682206,0.26210049857133705,0.5223613235992212,0.5430580398717995,0.3138842078371593,0.24917867580922126,2
0.20992384253444726,0.9213997895125153,0.023924181208932346,0.4603789013822768,0.6071121574899506,0.7185599172153322,0.9865757680849839,0.2522354919717317,0.6937270269751445,0.7651542804808875,2
0.08474229021220483,0.11618283197012538,0.31188034321271285,0.7015019222584323,0.5206594069555458,0.584519575453343,0.5949234085999129,0.38343229741215346,0.9274095688765699,0.8059957119054039,0
0.5114750699850198,0.3101982516821573,0.19259292161692182,0.39752426181912953,0.14920866967401514,0.2563283860480465,0.3159171964300538,0.12279497629785859,0.8707612600465882,0.9903990438779189,2
0.9434202850129373,0.5626268799122845,0.7632329751386747,0.09002134665157119,0.5322779907802412,0.619616114595977,0.3624199289650049,0.17658757293353017,0.8031380610369016,0.9822097349865356,3
0.37191991013983877,0.3774583719554512,0.32998773589736363,0.7229203103449843,0.21056357130960698,0.33298295714774445,0.5199451061342532,0.12924601119491638,0.96422397703161,0.19145681753254734,2
0.908757393298939,0.7273411125463862,0.6295519926282065,0.22807577842365723,0.7451455113333227,0.4181207998767423,1.050904384584745,0.5170162274105704,0.14377486582816684,0.4901948873770242,2
0.8521561262321469,0.6964653884677141,0.1515134301549545,0.8149351253727438,0.37328215207577997,0.9496529952203199,0.6913427562995141,0.1480264497383652,0.8494281085358298,0.31934461539875936,1
0.4557271841880526,0.7360951585478819,0.3882107391990504,-0.10746105665039929,0.43801164472051207,-0.1435335298879147,0.21975970832724334,0.1295018979081306,0.4807343190273719,-0.014074707896736718,2
-0.009083254735843385,0.003954745965810955,0.4368127203254714,0.5073515092667524,0.6442241269358717,0.6095636373402293,0.7765001612661762,0.16346213360082476,0.7148970855327971,0.5664891970080891,0
0.7926100924715506,0.978099043913683,0.07534021488684917,-0.11782715647200084,0.7456541389138005,-0.06565020808505512,0.13787547905613506,0.5240158094532504,0.6638546516981308,-0.2091365135549479,2
0.9917809264550641,0.3131304486069566,0.21846608157578407,0.37624528319569117,0.7098930651222994,0.43189779712890675,1.0184532839292932,0.11734117689853338,0.6438172928991661,0.9392993930578564,2
0.4388044123816116,0.5613447905242066,0.6899610369579936,0.29365543742142314,0.3372910352209524,0.9005057329202988,0.4612330152492554,0.16002771467331459,0.1491106655760084,0.9602299167826707,3
0.5821473127922947,-0.05447707105017838,0.15577071623181804,0.7534970051856655,0.3665016793270341,0.8256333770788167,0.7190337247681307,0.8048756756563418,0.5010978143884987,0.9592020621425011,1
0.12256495668262622,0.3590925420603012,0.24007539320185636,0.11249626351033759,0.47600159709909245,0.3054020946720636,0.12350840760931026,0.32070603517158913,0.9473065999787831,0.736669977661863,2
0.34716035401208983,0.5929752859805888,0.5702193105359323,0.8516564682896267,-0.11678425128829784,0.42670675237088873,0.754795913237348,0.16508497124753527,1.2145127227216936,0.10482296722588243,2
0.15942347186975192,0.42886238941695237,0.2853756920353104,0.059649825117119665,0.5266340043474204,0.31035100279577665,0.13195631799888263,0.4224119744174587,0.9095107159159026,0.6392451883719849,2
0.18997671898047758,0.23118454900444796,0.8527194310942433,0.19647260631755792,-0.015623805764944765,0.14560851732569036,0.6556816973852434,0.3145356118297974,0.2934129187269624,0.5229817608629898,1
0.8583009340470203,0.9880784187007532,0.10990398321559441,0.2543042637249639,0.4858206875273735,0.6998899765270342,0.36910774812681,0.5355810364365776,0.47767683659473453,0.5004979696754353,3
0.02465907437314528,0.2467313400358674,0.6958793715694078,0.011862558104350147,0.03175322674292505,0.2734905153659861,0.1358520371286442,0.871409237519324,0.46401596152792085,0.2842321945959855,1
0.7331626700307041,0.3214168827627889,0.46010298604737376,0.987342827247746,0.28553833340299006,0.6834490680792142,0.39907596462447004,0.560011252389053,-0.17596029155604231,0.8832600553485027,2
0.8554655270278463,0.8253619333068317,0.1577171751092074,0.5129316004859644,0.9401836971651981,0.03776121804735473,0.2192976709266475,0.5357507303626687,0.8290339420694137,0.0454795644606471,2
-0.21064285928500565,1.1008125165005749,0.4260239556878403,0.663963138891386,1.032276601684754,0.6846430926009119,0.521430790985818,0.5548536403295552,0.8369164880740884,0.6711337691567135,2
0.5146350016580912,0.716618897228014,0.20102140567789503,0.0962026900677436,0.8604966225332688,-0.11006429328667477,0.5482227814318262,0.11482749495808064,0.36845380679620254,-0.3108920516426922,2
0.6464352562046739,0.7937124339429042,0.2869937627049883,0.2123178362439756,0.7685637967952733,0.43936959072013076,0.12095291888094814,0.43363128770863196,0.014948390457954566,0.3107321348158037,2
0.4038349070017349,0.6724284354347436,0.7259008105640037,0.5567155069962956,0.23658741429055766,0.5681892929710847,0.15337937801421014,0.7514705612273056,0.5867644435230609,0.1549799853495042,0
0.07105481474043365,0.1262070691379765,0.8213015674262599,0.3744323769586616,0.09850428420410573,0.24433227062687257,0.6669848400665486,0.39861126093838384,0.31446557034732936,0.47244436876587614,1
0.5932608709575993,0.9023176434116004,-0.006066531038815838,0.06861504539975097,0.404864228095475,0.3362521294904256,0.14602189216145076,0.4774703817501783,0.1531766693940165,0.9390194176019193,1
-0.005378233217739087,0.49130894346786325,0.028090514788375875,0.2845878587876701,0.3895211501095421,0.27994550647253136,0.2952994069958207,0.48297105776013227,0.9192269000006138,0.5865038271223075,2
0.2644006016905816,0.9176635319233841,0.05933548964327842,0.4800556365420183,0.6707609325895574,0.7299483706847605,0.9586269187230231,0.23733992150600258,0.7307147142028426,0.7255688518115178,2
0.6853265600280427,0.4145656676770594,0.5118248941539688,0.6073483662137552,0.31444203604499144,0.05427719932738456,0.059096961443830365,0.375716023468544,0.3690975938593789,0.7804376920105794,2
0.8798800661743297,-0.19613748507070833,0.31746236485831736,0.958353487880516,0.7994876809325883,-0.11471672631106372,0.14979083652099917,-0.021132207782127876,0.20463595115501124,0.21165870288561828,2
0.6327770699809219,0.5872307950643806,0.007963739937790981,0.3998944082734112,0.11286796775756616,0.2595422374395081,0.5753661724458504,0.3548014243227156,0.6584873665889077,0.039574926282919726,2
-0.003501548248426495,0.1246892208867604,0.8495712480034674,0.36265105031134665,0.04199662497889503,0.3251413267166292,0.6071414111688004,0.3470375709783691,0.24647757420727198,0.5001826791716305,1
0.7650849785547083,0.21474583444846188,0.6407006444016906,0.5028532090244884,0.4230861298415782,0.1807889476717969,0.13843661017591602,0.48649473866098336,0.449664914009394,0.541224017085319,2
0.4303074439274416,0.6545975996459027,0.748810436112588,0.5174336000308655,0.2249320210955879,0.5590453734717634,0.15742911873920407,0.7460837237455888,0.5512784975431405,0.13456845438067802,0
0.3819315593838529,-0.12486126503462466,0.30376154054309534,0.7153535601173903,0.5946477413702967,0.7603718611759754,0.7064837552886427,0.8114910275738029,0.4478774744384124,0.7823697206969695,1
0.24936064694121607,0.45112623008619435,0.6282993660898553,0.649799315740328,0.5306433283984131,0.8420872573962923,0.05372053732107869,0.49881834043808676,0.20644752236024022,0.48985770767603176,0
0.08936381692761197,0.8238497144455368,0.4300779917076518,0.4395212132065884,0.5523655026919118,0.7419653267790954,0.9262631576704764,0.5954014448496489,0.46236627843996647,0.9005569059732558,1
0.5420047893820658,0.28745682223673175,0.15402914896534686,0.36886960424861237,0.17574138731763128,0.22600660335980233,0.40732759502074223,0.152016145870042,0.8856253165968997,0.9934933902209049,2
0.334544748462568,0.2614156346826967,1.1469623951784627,0.6291774017882136,0.598360120028353,0.9435871873793548,0.37156254224841767,0.8998620111144633,0.9926697528199613,0.5111312781872689,1
0.8217541709057089,0.270214222374776,0.5228756261517177,0.5335538449029593,0.35876925201989396,0.21686633709313538,0.08923850731878308,0.4075372215685112,0.3689093021150256,0.6206842009332236,2
1.266877222369751,0.7858184339138358,0.20468733671022823,0.4029543231623262,0.44859155196129274,1.4690584397909034,0.055958822919609255,0.12284187903999558,0.4227345886942291,1.2501312903294233,3
0.0654023941387401,0.11409135168877009,0.2323518486347257,0.9219831395031072,0.7669311645047348,0.4325542678900539,0.9166869130184128,0.5970407112700519,0.699626318085018,1.1014009200973154,0
0.2942674837263699,0.4163742491376239,1.005155010933353,0.6441936706060458,0.40205673218217375,0.7383685371751153,0.15664200662786978,0.6438059862899888,0.9531779450278031,0.4368205402705934,1
0.2537667766245753,0.4497844660850015,0.34110169881121183,0.636448563362305,0.10792427494577526,0.44601721198534344,0.4404878277114945,0.11693931756427486,0.9274377376097612,0.15151146263669638,2
0.39650525729966524,1.0705716851056013,0.18098514046131942,0.07034615147220735,0.6647018292808035,0.26318178182250757,0.4661682581859955,0.3243898540303399,0.6217728349158882,0.11495778548263161,2
0.31788217295674037,0.8891239659489404,0.9945423021272725,0.6056825439692818,0.05253772165365637,0.226626132466088,0.2122885937424719,0.7903205668865545,0.10178405260788784,0.28504279178629155,2
0.5627220121191929,0.30426305716169894,0.257787231013526,0.974849547325884,0.206184524903604,0.3903256317485227,0.46644570510338695,0.6317410217867753,0.6776300571445928,0.19308636241511767,2
0.6555954388615379,0.16868404876046011,0.47428383406952884,0.475350012438146,0.5193111331955864,0.261101534036313,0.8402656306430816,0.4386808472581153,0.08896969593671027,0.6726965143296648,2
0.8308034778214012,0.2670733988085066,0.5416353930772749,0.5256882159889682,0.36637040717594443,0.21205706393703389,0.08708499798387768,0.404787307334733,0.3821548885419126,0.6049661677327616,2
0.6095793684868256,0.9087505431111745,0.01580713926758623,0.05468319519367178,0.3808892792834214,0.3191804325396277,0.13152013467581072,0.48758823862008543,0.1273675053405659,0.932599051888034,1
1.2078887741227113,0.520469836350473,0.37884260014762555,0.38844501696770417,0.1633377677974394,0.8761139968000996,1.3099816484015032,0.9890947784716293,0.6038877929939233,0.4424147168688276,1
0.02752787299590189,0.24210455357374314,0.6951065202695309,0.02448385286060217,0.04459451250964287,0.2765489483151717,0.1334581917502359,0.8667614972104896,0.46101175189672583,0.29870530190243366,1
0.7761025485104556,0.29409325774900497,0.47050641774189106,1.0392553787433774,0.43219288552481105,0.28947274095741427,0.44316812389566174,0.736184178242479,0.4425215105900967,0.0038142663481356698,2
0.032599928420507254,0.2448357843857175,0.6712377591648,0.03009552558487027,0.02636217801108777,0.3005613351489354,0.12291238149511267,0.8564100172998172,0.4870632266907755,0.2950504157684546,1
0.7520376390236195,0.9011162639651384,0.11012532189764795,0.8904985111297381,0.6938297686102335,0.9873124303321212,0.6493974172146086,0.5239163681598344,0.05671816452973835,0.2841691519604467,1
0.5710809891893113,0.8903925574292185,0.15460943896457008,0.12818131639733746,0.7704342375627925,0.05808980004185064,0.2611938899949378,0.35641969743527074,0.6007430727860548,0.0035815702495199343,2
0.028015853333258678,0.49864526712838353,0.3929442352304598,1.112383409679518,0.7078336309232907,-0.08292336759061936,0.32443390138180317,1.1538290179609665,0.785805820636508,0.4307279288089605,0
0.9312008809192909,0.5455046921877373,-0.04280628464429212,0.6727856267511872,0.22530703181638162,0.7950077428869684,0.5431574608588952,0.1908390793913607,0.8552488039461817,0.5382585712172325,1
0.3792721178462864,0.6659937676527226,1.1998207332218678,0.774482446661882,0.4821622737877139,0.5400721684899479,0.9826858746179857,0.5806412743181735,1.1852348046448258,0.6818585809573425,1
0.811346328659415,0.6094056057667433,0.20762867691929793,0.725100819297353,0.38753623991559316,0.6563539110296313,0.8898628942620639,0.5409072744926862,0.8808182730184126,0.4142153033481756,2
0.03209065783823617,0.5730231051769419,0.522168547133004,-0.07246031697340205,0.7544983699785447,0.5282924157363744,0.2780873769304303,0.5295981602833958,0.4840808714354944,0.0761948186503386,3
-0.200788469806102,0.506466418514332,0.05425909680029589,0.5015549069243728,0.21272030694970473,1.2042216983572431,0.8862687243535198,0.07071858061887021,0.901902159913082,0.7707776903129542,1
-0.03859611759026445,0.040576063065348,0.2297388032645865,0.6265002229138851,0.4653714420986265,0.775202702475734,0.978889518377671,0.2928304108151676,0.646200292470048,0.42401324099632925,1
1.0147050641625,0.8353170769339942,0.33896542123560525,0.10165568594195151,0.6541429192165031,0.9909016986700585,0.7399886590494783,0.09685307642078443,0.24137106994654065,0.8818423656243605,3
0.5234854106326449,0.04115595724042628,0.08624716370241262,0.9514578627450561,0.6016276639561938,0.7037127010370335,0.8992295046230564,0.9656291779825359,0.4188478849990207,0.8237883676814223,1
0.060952055112955573,0.17332491568304567,0.32744407651922464,0.7053145197504608,0.46729741497363153,0.8330002862250013,0.8534257091227399,0.3533410908627507,0.6704842228286526,0.47376165792864294,1
0.6122612275252588,0.5147153184862274,0.327830890335908,1.0996431071230417,-0.004628242352425788,0.17077982891203172,0.24526219929267146,0.5834789876700315,0.8393566415103263,0.296050229287298,2
0.03906397304611055,0.2286502959835412,0.6894557541965199,0.017290527035041445,0.032754094070855354,0.28518666253586084,0.12425001237268961,0.8737663371933097,0.4720180206847453,0.3001263546570681,1
0.30628607030584865,0.8793441272985305,0.9796682703833354,0.5876381550961323,0.03341957956754874,0.21056918610403563,0.20774316600689438,0.7896750731574905,0.12610456510489604,0.26030140025092485,2
-0.038688718912575526,0.9717965221134841,0.5537637166943045,0.5877038225049125,0.6637591946716522,0.7935934983055853,0.8920623892364916,0.4711679365761373,0.43168604348883216,0.8341023339638379,1
0.7186484257335993,0.3735171891761881,0.8493687376878567,0.42262021068363725,0.5961040476433156,0.43748642865474163,0.4597691306202455,0.4807600434365498,0.19103236813229696,0.10194504868933545,2
0.7555583002143929,0.4566983083842882,0.2967291428861976,0.6586821399277456,0.793592010888001,0.8299736370104124,0.6275229159409534,0.02176872584825547,0.7539275784550479,0.8651471971653414,3
0.19780080738574365,0.359199631850754,0.04565035313949333,0.8524112714675627,-0.0422818834794638,0.5843566964844025,0.5846619762339813,0.783646280831321,0.65943807605151,0.07171394659427442,0
0.18106054457523918,0.18364217974777147,0.37270587693210894,0.5511885150977198,0.582899139865466,0.7193049505446978,0.4404969372692227,0.5448253189572126,1.0487520681412539,0.7193730401133616,0
0.026649370464831148,0.23591272904152574,0.6996676221522321,0.012652121030804988,0.04269111051638682,0.27906882051102855,0.12991829657019538,0.8654950243369298,0.4650943638311117,0.2923392408325211,1
0.522172885639877,0.5433616387160725,-0.03893532345736178,0.06003443608430886,0.984343571091173,0.12023648267576344,0.18195762871295218,0.673147525897801,0.9374570376355924,0.7335341581743788,1
1.021647109734642,0.09766510627651351,0.2886236413353936,0.44109820758933416,0.8355904413817355,-0.17848898969744573,0.8752588902933135,0.44108335345946736,0.6850101377768265,0.33404196260668073,1
0.7140058747426826,0.7335240625727197,0.2623917942673763,0.3193378406790722,0.8446684862752571,0.37811199909470183,0.08615988961693742,0.4616423328360645,0.014952594494482978,0.24880849718065698,2
0.4783923862331363,0.8600788664484729,0.11937679476856394,0.05340190788189698,0.6968043630739633,0.15223749895032312,0.2639240683229438,0.3167092834005928,0.646852499405317,-0.04158466984025375,2
0.364572103261044,0.5253336947221746,0.26064668854131245,0.7388045340695357,0.22012083514236486,0.423879967861887,0.4004048098208968,0.11931658380427035,0.9702376371197674,0.16028327175168636,2
0.7713751277293481,0.05170522278375929,0.5808914354703175,-0.08978857351246913,0.1259203993242386,0.18748512600150685,0.5120711206041696,0.6495184396767311,0.3266361341079552,0.4429585503655793,1
0.6826910255130383,0.1605619689040065,-0.2230604755523471,0.30190023274291056,0.9918229873792693,0.19160372106076515,0.2583795870048202,0.9573995852292794,0.4296377429691457,1.1025548556356517,1
1.1588892017793646,0.3786161045645328,0.10038747700950351,0.5654567743552839,0.11595431746413823,0.8155021194393313,0.9881691698638612,0.4619242405589917,1.2598627840693464,0.08025058522837572,2
0.671700458612736,0.7989841160847111,0.27666285991637035,0.23258222152256278,0.7596071578183033,0.4128885627608006,0.126313126104745,0.4276161149738725,0.04188695279382619,0.2908668355497241,2
0.7607804076425106,0.6742390655736258,0.3512791343849117,0.4389672836971217,0.5511331177803352,0.46743671284733856,0.3026298899293448,0.19854243425216775,0.11392578804991983,0.22228769216088162,2
0.8702748233869266,0.5558014657868874,0.3058599321995157,0.7324282196958746,0.7841444660550675,0.7405000732674066,0.6820776258321841,0.10942454268030569,0.7837432477267445,0.9310795355174859,3
0.30787987588157933,0.426968773399867,0.2431862688728442,0.23111912946357133,0.46173867191420215,0.2029380064469345,0.15394109019173804,0.19560327173558267,0.8465704209670039,0.7714800787275065,2
0.149874406203853,0.3842010449730958,0.14540359066398967,-0.024904803832142886,1.1053879415998011,1.0358463137461567,0.2906523707524309,0.5462491952473733,0.32639046649787806,0.24077833881642566,3
0.4531933398424003,0.9566267107291115,0.30127900252000156,0.47449640179402874,0.35306004336676444,0.7239146327737624,-0.17708321669783267,0.5495172295974435,0.21575783070561297,0.6828654228285128,3
0.19287421981218758,0.011288661963015515,0.0783593226189854,0.026167052660011122,0.7237015491173814,0.264042052523801,0.4499263037890393,0.46051237958153035,0.23501276912639107,0.17680585953774708,2
0.7123948091163749,-0.5133752980236505,0.2738898744184058,-0.6564355683932916,0.2307688882629106,-0.010047318862490107,1.1699230081180627,0.38472626954031636,-0.2944995124669254,0.5783946515536893,2
0.161005729665133,0.658686099029903,0.5930994290724197,-0.08245291282906597,0.9584808383424831,0.8665240629774489,0.6408300039493928,0.59620875078484,0.3184404670917671,-0.023690074628816254,3
0.8668277317101591,0.6174679732732364,0.7407249795130112,0.09260387798668901,0.49159208305775626,0.561207702727964,0.3775645317252331,0.1333863586453041,0.726283353832636,0.9949519262321097,3
0.47845938203296307,0.13034216330515802,0.05084270868928065,0.8436453184582662,0.5760339766606064,0.6765133137520407,0.8050212853811761,0.9062945754056304,0.369672047372064,0.9720946550432344,1
0.389003086705235,0.3855534745129384,0.10441147128220792,0.3810595997545797,0.31851401491019943,0.13664494725046158,0.43602636250054694,0.15742636660275725,0.7681249177924425,0.8795054198060488,2
1.6291877618519153,0.07813004637906949,0.6548412152066634,0.2615569514149855,0.3967448557456584,-0.36812009157628317,1.306620272029115,1.2538406363154428,-0.267156350338138,1.1439038753703143,1
0.04211120600599443,0.13003209291696585,0.7951219690432477,0.33004201257012195,0.0700133722453946,0.26429752121298483,0.6324086042949444,0.40560399520271473,0.33263272831442287,0.4330344221253545,1
0.8707631629133449,0.28026300791415903,0.629523876696884,0.4931206711708258,0.33810211463479445,0.2958963855023104,0.016808566682795095,0.4901330651800161,0.44639785266601123,0.7000610742098263,2
0.040283780643378286,0.16501889598665848,0.3514212783284664,0.6791484656020779,0.41346802667472227,0.7989454567758333,0.8814317027434891,0.3966018042163336,0.644815982309048,0.5160828266812487,1
0.4194191516172987,0.17196718542796002,0.024099458546175047,-0.11153694211700671,0.5046668709437636,0.630131107168899,1.349916029928806,0.7523842549018952,1.4259053790038836,0.12161821112446403,3
0.6166883986190126,0.5386918408812307,0.913980504541722,0.1581811249067691,0.8513442479968872,0.6446066555357525,0.47785710832801165,0.6351789769468319,-0.04977878180575346,-0.06158253192380797,2
0.5082714251059245,0.3349539353100618,0.5913270588794218,0.3325343514806536,1.1339696296825486,0.5056210177182642,0.6324588346320532,0.4564999986755751,0.26800922931500015,0.6566128344815862,2
0.22324281413784855,0.4230283188671643,1.0626532150075723,0.5502414165058076,0.31105546685489616,0.5633320010670593,-0.05177537647932115,0.6735633289889659,0.9027955990610951,0.5137497759410252,1
0.9546429768052039,0.3619590690458316,0.5586189304515738,0.1315680657247942,0.606858639583131,0.431928415026093,0.5536907463872967,0.1720659651139918,0.035141091385502865,0.2920301807567236,2
0.8746386882551449,0.5613886610706367,0.31072564073877884,0.7374677770715617,0.7800076845965179,0.7505995783027519,0.6876043157593095,0.10056979052920392,0.7684313482467038,0.9179045174934019,3
0.5016745577098624,0.8289021619220863,0.32461050970297106,0.5415233537250878,0.7783858091973639,0.184761799249533,0.014323042499167682,0.23110922341240353,0.5392359557925827,0.9387878006845279,1
0.6647486332991689,0.26240542949713364,0.9345809488915666,0.6189803242674331,0.7655050647924257,0.21171417986336677,1.0337804853418002,0.8689190118223843,0.771337628389374,0.5947694545742657,0
0.41576594054815286,0.7675706849237012,0.032747571930122114,0.002960250951126009,0.1563551304131933,0.8278538653511811,0.7776983376818837,0.38264543384834354,1.1050508452605168,1.0316476270365458,3
0.08263308550580359,0.29829637297630796,1.066446506286074,0.48756404423983624,0.14876004712824029,0.7562084793003874,0.1748789047648069,0.49325831634768735,0.8004153071503959,0.27280035858824647,1
0.4336364712918781,0.2773684465113026,0.9893205754723123,0.5273097545480929,0.21415536536397536,0.9520389664823692,0.05284229955883245,0.5917317942940727,1.1212086288830085,0.21081104897653163,1
0.8512602317244627,0.621467584546709,0.41803544930356196,0.7208095453197734,0.6878971882330825,0.6749630550637168,0.6854359208133292,-0.003004540596693195,0.7297512654581924,0.8031454916636636,3
1.1209250603285317,0.5332370040961898,0.1591156422957008,0.09045232145702117,0.25507488266691714,0.3321811483680603,0.7853648383510854,0.37927354567548693,0.4110944628166976,0.35524540431778817,1
-0.04038767403254284,0.25961500675823385,0.28666670351828544,0.7822820220858204,0.4781680211019337,0.8016679380359084,0.8543482241743591,0.4597366515560462,0.5775946193508472,0.5196650609972024,1
0.20762645476413127,0.9204271767601648,0.6201572935504346,0.9336840413109355,0.01651708695394749,0.4393890382724302,0.7289250906370011,0.3669841087376917,1.211267068186689,-0.5393616737085594,0
1.1513924285760087,0.666516971761169,0.8364943920057755,1.0845649400460102,0.7941452425283424,0.12947014975988597,-0.49306420525187633,0.256852555606768,0.0031017141294952255,0.5409477338212968,2
0.4535433647243461,0.29144541462514895,0.44233806193122505,0.5894909209879073,0.8851629836353478,0.641169816569624,0.19925108207862913,0.38074025917116505,0.877850177800131,0.6581216457302577,0
-0.3729494202804411,0.29992299106228504,0.04679692244048355,-0.17695904520882333,-0.17581042232635374,0.33668465005595305,0.31073769004540197,0.061495160158993756,0.3389299167996961,0.7649622144591015,3
0.7468609802762566,0.6056084517579537,0.738514128419879,0.17392585531981108,0.2786462551106404,0.9175169014308425,0.9258367701885553,0.7355967889747415,0.26721610858917366,0.7340054484887978,1
0.4964392755465317,0.9393474087068143,0.16600378654674966,0.18549559705104307,0.7355623381471869,0.08530010047526394,0.22415405325366847,0.399783454512354,0.528558266900241,-0.05330641173794836,2
0.5766391346911074,0.6349928620515806,1.1297283594580527,0.5692285016212784,0.35923270742627894,0.7260507870531069,0.1480791024752967,0.6024402877893116,0.8475759084528711,0.48367533722701883,1
1.0027787057560025,0.6665088381318166,0.9978791246365933,0.6519177234122825,0.7167473730632269,0.7628843476609379,0.3902807570477908,0.5793392529641891,0.12152609664482672,0.44204547394702215,2
0.3137496177375665,0.8580103433526155,0.9813749664543447,0.6047324081203148,0.05183219035120664,0.2464713700445963,0.21793014847673375,0.7702234686922085,0.1034937538147596,0.2774919529389458,2
0.4189509166882868,0.15469046182388735,0.34446543794030393,1.1656154950578492,0.37312325136230173,0.1910639286652171,0.6715985799411741,0.4870009136540514,0.8066375368762871,0.22165177301662348,2
0.07097736374922148,0.21731913101015882,0.22554636186953658,0.6011883093414756,0.4061281538229169,0.16770865222058473,0.5784776865511799,0.25751495247064177,0.9819263169306576,-0.07715582846416752,2
0.8716153799445147,0.7005253062637612,0.1338967377773481,0.7885929252029823,0.37299006342206964,0.9601807300156125,0.7128608629550554,0.16197513883972073,0.8201201625255704,0.31985062013331655,1
0.503791437773969,0.32168957723501623,0.26936439762842945,0.8280919482113129,0.1071645180397709,0.39532992584269533,0.39327438635104967,0.7758863442996549,0.6845764469248452,0.2043948407081083,2
0.8666503440966543,0.1942445184065253,0.38686466562151234,0.19069450780992578,-0.11786606318459172,-0.08933678634209308,0.6399953874739941,0.7983145537745837,0.015560649734130889,0.5023899811820038,1
0.5453076736453824,0.4162026445079443,0.9034054971579883,0.7146767701146398,0.4818002690550926,0.8598883174558304,0.4683329598524409,0.3521177781049973,0.6521346044254535,0.24809772408855635,1
0.8990440316996589,0.5816226253044443,0.33202338997355996,0.7286513331262936,0.7730807094122777,0.7567919933932824,0.6940483905835574,0.12932163442511593,0.7506466332269714,0.9080411768291283,3
0.48746287634010643,0.14207710547979135,1.0562910591124475,0.5772343824601907,0.5096945985377722,0.6120024944268584,-0.05771356135658043,0.3375504272433392,1.0761361194030867,0.5455144100697726,1
0.2602789059680282,0.21056200042390583,0.29579677089768275,0.7915259251268184,-0.023522102970514325,0.2651967244911846,0.7135346277943916,0.12630680409626088,0.9259647271158784,-0.03019470424170398,2
1.1576913536198057,0.18062535436087676,0.39521234725933957,-0.0965586764276041,-0.05707131675890072,0.08564474066014839,0.6410946944010248,0.9084131966048317,-0.1636475371651156,0.5371354058141485,1
0.2677881002456481,0.39033559396454554,1.0575312991385872,0.5582241191394631,0.34273812668096026,0.7991765510151977,0.13276890879058872,0.6822307194901412,0.9493147573300702,0.4505750930977719,1
0.5761275915557524,-0.028753795418282657,0.1803322053558447,0.44651496192048934,0.3690332560847108,-0.32155902049685564,0.48567932665956876,0.35800647758591614,0.3184828559217803,0.9708692857808383,1
0.6562696323890578,0.422412817248911,0.9071426257744717,0.0640165062752095,0.7687470948025535,0.4169707730743104,0.8589687462781534,0.4744057372512638,0.5323369036645816,0.6681695965769718,2
-0.06633582909859763,0.6723190584639469,0.3918968753232936,0.541472592284466,0.8217415630569118,0.654670999645893,0.9558792115916941,0.6810707513442456,0.6600322627267691,0.09325100805879738,3
0.4084931703921525,0.7820411322775415,0.7638225422499789,0.04842655901551224,0.7907684458179066,0.2833356712328528,0.3202068295549674,0.9244531673140058,0.09849749925123866,0.8411219599365446,0
-0.026878420350336482,1.052461275426972,0.4463742689528228,0.6558651256584901,0.6190591062966888,0.9120841691937229,0.811807035894338,0.6531576501032819,0.7073882571321117,0.9839892300626067,1
1.0400199760997357,0.5386323089441927,0.2022136979489366,0.7121135158266606,0.20370876604950117,0.5466715884591274,0.7433353263429838,0.4290067328851894,0.9400425565962026,0.1320708298724923,2
0.5830240637494413,0.876028663979109,0.15682162625878507,0.11009653316523951,0.7813689665614008,0.05110995580677126,0.25572372439761126,0.37641744841098507,0.584394406380503,0.0025666610304318485,2
0.742480485653735,0.5999889787658323,0.5625722657870122,0.5052143993053801,0.7664895681557287,0.7114873483336284,0.30492985771559533,0.28955232043292345,0.5503274981963289,0.4911887232720077,1
0.6868587100671649,0.885984980197024,-0.025718792929143176,0.11004624884502717,0.3572620226461419,0.24873740265509026,0.1370829680064705,0.5240426029193399,0.2120620942524547,0.9639862698462643,1
0.917925221766902,0.3886722909506453,0.1255605408999112,0.254848277472637,0.44575567985246317,-0.030949278793462917,0.6738708935102635,1.073752832934993,0.4867074485591002,0.6996349563376338,1
0.6061860081560432,0.8512505938797791,0.06207745948616978,0.07488606396633293,0.44938103572644,0.3731873990455623,0.19150073672744644,0.4946521240112897,0.08831257646983072,0.8675152695734217,1
0.04101972299553042,0.24800625795338962,0.7075831064122385,0.015428337301715746,0.04155359487388756,0.2760950090323259,0.1170703879581885,0.8714388557051203,0.46653246200485204,0.2828187999052573,1
0.9722995103833479,0.5310822816415849,0.7217824968424048,0.06815720570391849,0.5173691983193657,0.5898931290522144,0.390743124503524,0.13268000716289075,0.7652099962745491,1.019738181816526,3
0.7757216426340766,0.9818233510548279,0.24608201101153987,0.2039529503742313,0.9342632733804387,0.22371703911226426,0.05971149270902981,0.2556098789610545,0.4027134948236919,0.17201534258273796,2
0.3185368445436285,0.4040532649834285,0.3584978205471257,0.7296389823782794,0.18000062501306222,0.3795764325753982,0.5264586751441264,0.06794602916676128,0.9184213709789735,0.16616869843854792,2
0.368638725104144,0.9927742219175507,0.10228996712382915,-0.06677964200481262,0.6553365666573641,0.2762032037601192,0.46363203413046883,0.44856483273371184,0.569448622475608,0.017022309894392025,2
0.2133119934518689,0.6986626101116038,0.9484799634047947,0.01633195753873852,0.5713938395268786,0.46057719159200217,0.48003619046268775,0.8875848902480883,0.27601412573622713,1.0233470354270429,0
-0.1984877877653668,0.5741499786282106,-0.3053544421827912,-0.5597714633739975,0.46448944185430746,1.1370073604398276,1.256234034919288,0.5356720759003182,1.4934358448389704,0.6877480927085352,3
0.2335411270600333,0.9554179006111921,-0.01565197642120636,0.5479029566640558,0.6831600750739121,0.7965767189254354,0.996010873693006,0.2474733247017893,0.7156682424767041,0.7892817465576103,2
0.6232738873903446,0.2952623640484247,0.2685958279074575,0.22345868285342108,0.6655082769634741,0.05815486586261692,0.567899239865686,0.6891438382964241,0.5784903813140457,0.6663236861595698,1
0.4929332717918685,0.1603210219588891,0.21442635600542262,0.4626151024087344,0.018054497414825774,0.632620311345304,0.41723097607428544,0.7125836124352904,1.425249181028637,1.3933304205303583,3
0.8657312914055588,0.6987408473374553,0.13639666419552637,0.7850408470378933,0.3859083043338093,0.9555116798532415,0.7173316530822761,0.15398322211709384,0.819584088967147,0.31489352887294625,1
-0.14713774255733714,-0.0698673617528156,0.020346736189082504,0.8076552729831913,0.6465873849635242,0.44073667432403507,0.7338421858076584,0.33143733276087234,1.0215107084377621,0.8460626400621041,0
0.017108604347692027,0.09784999120869135,0.336556237014229,0.704599823110562,0.5724120931286124,0.8659422079980226,0.9519057175217582,0.435198979078319,0.6251255289285156,0.4083972820907607,1
0.03017506272170211,0.7671770355445044,0.3773630438931679,0.5887227339902118,0.9653690268674928,0.5549113624585037,0.9746826141416309,0.5920692574684912,0.5809135645358119,0.12301277273785055,3
0.4867117101127012,0.8348566013398176,0.06439302723777153,0.077908095760405,0.8119017418871827,0.09091246120118102,0.14467479531983093,0.4316489078402478,0.6943921022851628,-0.04515865660678091,2
1.0992078262214817,-0.2340916902596914,0.18092194883712215,-0.10526587829615167,-0.43537850028780994,-0.147587782443428,0.6024619484161886,0.819976792256943,-0.4092507647641317,0.8982224317418768,1
0.6555019262116317,0.5638443623862528,0.054227030306367385,1.1724300283383573,0.4363587700092101,0.599682662736813,0.765297107014901,0.6391268831691126,1.1909461039135127,0.546418087745497,2
0.7786727482623791,0.3278861447667802,0.14526406552487425,0.15470017644190215,0.734517730129716,0.09885648351921567,0.45022934663045966,0.7378035111964913,0.6303280201759092,0.6535812972238743,1
0.9426270245539705,0.5478980959685773,0.2726591913869346,0.847527675718734,0.31564027487782215,0.7263374120649073,0.8812964162294629,0.46196459250169436,0.9290498824818485,0.2716368671393683,2
0.6155523099831968,0.9017365161154869,0.01315998111952874,0.05555791242215206,0.38281254779855545,0.3330045494089225,0.13710950961112348,0.48522831046582177,0.1351567445433575,0.9338279131779288,1
0.49193563197515233,0.5282433824504926,0.22744837243812743,0.7445231760390549,0.06870969670873406,0.5531541725482495,0.427193669950678,-0.062423650049939466,0.8408902195381481,0.30506805698749434,2
0.8097267661137423,0.5445420127240149,0.681358873266063,0.22917239798228248,0.1351711535310374,0.812404057697628,0.9439403848490616,0.7087134691302507,0.395936698526105,0.7570628694697942,1
1.0657419080979258,0.12898998444941814,-0.031782569460790736,0.9188664322945156,0.7119866083980254,0.3499563296026632,0.1599378956295412,0.8326250322619331,0.1737964191120247,0.1818640396577299,0
0.6544710557018076,1.0175968848824681,0.08286595106377952,0.2505286314078181,0.6829949778311402,0.10151796550572555,0.38603510899300353,0.22028305548799587,0.704333837441619,-0.09892988959790505,2
0.9539470617382686,0.7346627264983414,0.15533201903332844,0.8324198041355523,0.3633153372563997,0.9554856247920708,0.6923586031443746,0.0917480180115511,0.8978561724152612,0.37885371193563777,1
-0.056687838960886416,-0.009830532417230208,0.15748180215984087,0.36235820078788866,0.6728076526165576,0.39978034587571465,0.21374130641923633,0.33761209219886384,0.26544958987106426,-0.0196485378216886,2
0.4771273853292794,0.08407174665009741,0.1286515130438365,0.9295370991236982,0.5363867493887647,0.7595417807707003,0.8822461326481214,0.9391899354831375,0.3900755126923751,0.9131156408517047,1
0.3789430340153332,-0.07919315599442162,-0.21225791768362134,1.2085733382566675,0.26791018511957143,0.9528528032335787,-0.12017726830772901,0.13032743007950753,1.454048218689143,0.4624479856599552,0
0.02024160660950665,0.5669191574611715,0.44110732307220046,0.08358841416454843,0.40338896756576603,0.51702498018935,-0.0791058230874134,0.09091834574171787,1.1235409639668228,0.660255043593345,2
0.5818768736432448,0.8749851281766636,0.1590217442677301,0.10533403938231983,0.7806004141685358,0.05690984716073304,0.25510894725930855,0.3689819455189029,0.5802523148623279,0.003835468601956519,2
0.804123660289104,0.674287087506843,1.1578937968986527,0.8573740401964297,0.6045698787236937,1.218714793032956,0.46177472096832717,0.4807842772503452,0.778209387071935,0.5098934864469418,1
0.23126126812707737,-0.22243341378622922,0.48442837512934767,0.7284447568438672,0.8130959332471519,0.10198379677462308,1.0606997751199083,0.9497053335803556,0.1359579164797456,0.29375706540730107,1
0.9815233249120945,0.3818685321961471,-0.022788712765484553,0.3023438169278956,-0.3294570221127604,-0.19245336275260339,1.3333089956368154,0.23807317025292757,1.2424873249123625,-0.13421026340707187,2
1.2649779602464508,0.8694422036118236,0.598769399687245,0.7926560509190966,0.6752296886021422,1.0072482939363963,1.5451467852878233,0.6302949413710563,0.2035138277629307,-0.36293196975171904,2
0.09426917672733082,0.8737092400654837,0.40639614436784677,0.4837010632429998,0.5310328539955945,0.7340474173059612,0.9391535784175786,0.5497609525269356,0.46934615956519754,0.9181800217988428,1
1.1321423219662703,0.7133932128787137,-0.2249900573760083,1.1938333573246123,0.37069994645202975,0.49399247567814397,1.2997363924694725,0.341912080160121,0.4895302502304014,0.49610435781779655,2
0.541059196119544,0.06715295479371153,0.14563570476923604,0.8707984145387936,0.5632765309918895,0.7623185571747374,0.8894044572982236,0.944588648556894,0.334302008136257,0.8440205638839677,1
0.3889453404067883,0.5566494731528612,0.3529736499046651,0.6147153286566401,0.2905968833379432,0.5133447305153725,0.5255255682813875,0.12936102298812996,0.8330514579758856,0.24855476428929862,2
0.27134065222322823,0.6766950936871741,-0.01119178071768608,0.02477429587806056,0.0900948669295635,0.7600389886473325,0.7500567812503528,0.2550684042342233,0.9763816396881774,0.8659573550986771,3
-0.10178006032517173,0.05330664175065708,1.4261391542034783,0.6128344085948151,-0.042707789219380954,0.46782301392862935,-0.2084483939829722,1.0304071696732293,0.8910768121383346,0.8682516996906872,1
0.8654792056572728,0.5728114777988546,0.32508448180772853,0.7452019545589087,0.8150901653382974,0.7703166011009887,0.6716155783889729,0.14691847449121404,0.7890122305665465,0.8961902271273273,3
0.15443364848376134,0.15621040294253488,-0.13528363398762028,-0.019084023591795493,0.7495803266563336,0.3287766194135018,0.629895925905018,0.3201594215819329,0.19687718620439054,0.03600301586129173,2
0.9180244449739039,0.5744453720259272,0.6795935140804469,0.3459632440974689,0.262027444840929,0.8011434300298674,1.0534906944873221,0.7344243594297004,0.3372057374318973,0.7107831086186664,1
0.7027520542714583,-0.03404983664478839,0.2645826181865362,0.35749910275281405,0.25613953682379825,0.5085939766990266,-0.13662322743575106,0.4266358356141708,0.1405224657817805,0.5839371922419058,2
0.9049728539526543,0.45641580448327185,0.8840697903417911,0.9825760211392104,1.2840474281072,0.4344034090193202,0.9112789296979165,-0.1829519812754673,0.4433968556598419,-0.23882954898354547,2
0.3696803241305937,0.8749108947009416,0.9352017009740968,0.6106923060935057,0.03363692773030384,0.252514486637567,0.27806971972072303,0.7547881059802641,0.03935991794332024,0.283833664539136,2
0.8295077436132073,0.7896184389554317,0.16829569284011464,0.9795598012033523,0.6374834561368138,1.08828959496752,0.5281491582012651,0.5719811196283693,0.037710534141925746,0.3577662418451937,1
0.31955265278450984,0.8866485335145734,0.9679733248960324,0.5788803442878364,0.07091551307528914,0.24080141163750596,0.22514041056392467,0.7613099471878993,0.09818591268691354,0.3039624037373811,2
0.345069593710164,0.40835277407514564,0.35298601301578186,0.7162804290980532,0.15681391111493448,0.39779494281687056,0.5068816769555891,0.0652828793086303,0.9366422093969171,0.18981852785009026,2
-0.02277109173542491,0.13537099685214599,0.7254585671286381,0.28357294664933086,0.04667000356068576,0.32035796997255694,0.5686240369394738,0.4172420332859381,0.3067368660165093,0.44768859232793123,1
0.3742837735326236,0.7129960666850941,0.8436222851112221,0.5653397844699308,0.09203904985442683,0.5302298716527603,0.059952864062847,0.8878928086503937,0.6098403317115078,0.06808091700058899,0
0.05728896668011201,0.10048572692911825,0.7872671555896394,0.3213527310813473,0.07674113301853286,0.2680130317688443,0.6360681296003218,0.4196734821671771,0.3139821802457817,0.4700062697467861,1
0.9273557591172339,0.5343203417436984,0.12437873487820658,1.0056377663066747,0.23402349318093196,0.8071080499307871,0.6639119943304758,0.4477965001616857,0.8971076984149513,0.3473922184149091,2
0.036683912618968834,0.12257519298762609,0.832752584527816,0.14551697953101528,0.6685388746452213,0.9594009761162808,0.24196778898028448,0.8092625559078079,1.3961790573056536,0.8481407200322986,0
0.602766691594488,1.0586280282514478,0.09370573079344832,0.45570450849489097,0.9655119912003848,0.3714325792739582,0.021136543781477043,0.31844386512259193,0.044998262128340884,0.38201140001802464,2
-0.005151304447727545,0.40509221280870966,-0.2267788263495465,1.0246150118749013,0.6583548984784307,0.9756519325196604,0.061390484075727225,-0.5641643844097997,0.9249390303521926,0.1578627958369332,2
0.2804228912015863,0.8270409561175418,1.0082049981299848,0.616984733969183,0.10697395675082391,0.20490711868616035,0.2734932688110308,0.7813183998090294,0.050349236894315294,0.3121828654438206,2
0.0294613850050367,0.4018691644381644,-0.057542655266770104,0.3888902390869085,-0.07138152345403526,0.4021616321072333,0.6375199617898013,0.6298669705375666,0.6521148849588244,0.8319468490023925,3
0.16010415742886003,1.1216820828503802,-0.5331789677739831,-0.25460283702769015,-0.21571369677365843,0.48647953649814213,0.8213353698259739,-0.0015689894954313832,0.6540853571154303,1.0817558872134843,3
0.3431875589169087,0.647994940102779,0.6625150366096862,0.3182578665863319,0.40768988159148944,-0.42500242446783565,0.7923733429551962,0.860017100681026,0.21266654824747416,0.49810885956391193,1
0.3661059731355285,0.48953677516387667,-0.13871132792353502,0.5506992220481968,0.4152121666929009,-0.3321814115632983,0.7487074218964935,0.5276272508522467,0.7772616086761435,0.74282724130825,1
0.04659202312286738,0.8077737482942379,0.2947356381670667,0.5019254054918856,0.888268160745882,0.6086838990818904,0.9144580740469315,0.6888654324280461,0.637014099319285,0.08795186598141785,3
0.6698887981589445,0.14342284954682594,0.5074695562733946,0.2665743537866867,0.14690584271989982,0.14917674480168014,0.30281551418310143,0.4613733716390822,0.2879540839606351,0.8565773220595301,2
0.1829612832268504,0.906102003270978,0.030414082069903405,0.46173452599376635,0.5003001187013669,0.6622299935982612,0.8176084591352587,0.12427355020786679,0.718149729164725,0.790445224418189,2
-0.3211857659442442,0.9914366491210698,0.609484960828937,0.6209324466945174,1.0697922991729332,0.6039279147897582,0.6331413381402603,1.0432192645141765,0.3321142868703133,0.7773136260560479,0
0.610325930833053,0.9054913246995606,0.22121686539680013,0.03420500066709849,0.8739495240768586,0.05981635742578455,0.29146305691156715,0.3263555303587536,0.4992362561927841,0.0611897323264797,2
0.7024934585272775,0.7767361314877528,-0.06547039249865469,0.7724835471991511,0.3607004948290723,1.0135635899030662,0.688082444048531,0.2158840024685604,0.6788783072638379,0.4438802507743542,1
0.08585037057412098,0.8469714675598342,0.4068984962160526,0.4672846218950023,0.5204873631597622,0.7218649652655484,0.951219999437937,0.5649784790324792,0.46642195664863734,0.9330237659900258,1
0.9076973194792618,0.5694335796560555,0.29988450560173774,0.7034139238217089,0.7691518795140054,0.7173529599049894,0.6703736533887225,0.11518524637455248,0.7489122852077761,0.9149863798838803,3
0.2395135710828652,0.9112197005821027,0.0535850694231027,0.464472948072846,0.6389805485025997,0.7504301835724478,0.9466805226986719,0.2270198539652006,0.7281584443936991,0.7515509894833081,2
-0.3133896769723178,-0.22004773250571036,-0.47544057377016125,0.4904175818078491,-0.1457747035722471,-0.12550212107683112,-0.5308138051787872,1.0627778354204507,-0.8417502952161259,0.4549327769179705,2
1.2004667640959916,0.3709334775305487,0.4975868484721464,0.24646469337489213,-0.00655161995529817,0.05459520538167839,0.38299523888037607,0.4943243548502485,-0.1320502646349066,0.5989179268137792,1
0.5550982261018091,0.38714444879411736,0.019201900102451097,0.3644645278779766,0.2698981781687963,0.3183561250225663,0.2691289025803403,0.2389181476003674,0.747362418407014,0.8145838530243467,2
0.23220721568879077,0.36659089181468,0.9992515391246873,0.48261206882486374,0.3043932613285951,0.7218107505090241,0.30795383791549014,0.8032491981920102,1.0076021714650252,0.2838336702962111,1
0.49331102663012455,0.05278774951245038,0.12533475322406185,0.8709693649277916,0.545760829567172,0.7091405749963727,0.8647982467561611,0.9709805367324904,0.327484788607871,0.8984092206398077,1
0.020502880929791273,0.11302473077223343,0.21993856556361668,0.6261439111163994,0.5589567607969019,0.4944333750182706,0.544429441255038,0.3303459343465639,0.9259605180937808,0.704406139539357,0
1.242439819031913,1.1818446714727227,0.2733118931969998,0.13214669453109684,0.47317962948543646,1.0749553962114118,0.633632879537786,0.08441996187398251,0.24011353054633516,0.8596300934744288,3
0.8996663408693552,1.060351375037024,0.4831941862634115,-0.16331150451448428,0.614161417038407,1.0638651252498859,0.6254936525842603,0.3968100613834343,0.2576473881085574,0.8461065479252763,3
-0.4697742924561287,-0.48072625883413966,-0.23915770984690754,0.9464968419604113,1.0313317363164347,0.5618732052333436,0.8416806582817808,0.723907100032378,0.8389297572633554,1.0898507794156789,0
0.5137647858260598,0.8258085974261634,0.3152405425270053,0.525109805198494,0.7872831343059912,0.16812253511080635,0.030200002752128474,0.21992488531701057,0.5309072304213971,0.9197249427771078,1
0.6198683664305338,0.7036612353502357,0.9356527259954048,0.47045425177950584,0.8160478757632297,0.8294482093964416,0.8663724922195585,0.15689211726460944,0.30278083645664566,0.38456168422982245,3
0.794241805707179,0.36456843800524336,0.8935323092561164,0.6797175554809346,0.5673867736210918,0.5508078560566994,0.05201048134207035,0.6691340888601849,0.8679738586063552,0.4405848541478371,3
0.9291348130237362,0.814784699289362,0.5132056747534568,0.06066555793023007,-0.01992816276998885,0.579820551957041,0.7278705415435291,0.4308061832827552,0.3156733668283265,0.5228298996394424,1
0.3163819157250058,0.4106016990270409,1.0127478102752974,0.5738483086838801,0.4192151720956246,0.6921775630146226,0.20783688178263843,0.7047597077558954,0.9405246012522991,0.36143330443747373,1
0.5828549111758424,0.3952091861696548,0.6077511526797,0.15837662239682404,0.5655276429092551,0.4471514680727857,0.49883377579928745,0.4747825343113613,0.17416434642761,0.058636748963878216,2
0.44738987014930537,0.039423051613376975,0.005293872404474681,0.7950386619874151,0.7014026326993268,0.776245732054424,0.9720224431840768,1.032197505232847,0.26189707030652964,0.7369924037714192,1
0.022694695203498195,0.9024697450543968,0.3805927154099295,0.4807039457610202,0.9781144931760875,0.7267481286713027,0.8979892673168449,0.6465691324855739,0.6224186105345367,-0.014231925486507951,3
-0.0501282116468606,-0.6727868933946759,0.14308209510763636,-0.4773939057496862,0.07221873914517163,0.2013128426879498,-0.11041007251564816,0.5071795192191981,0.624761280401575,-0.31615776995504336,2
0.507405972774044,0.2837576255954193,0.11208690770758384,0.3855888297723935,0.214053207588686,0.20581421687633894,0.3647831449696613,0.16865270597187657,0.8792785940936049,0.9494554196811152,2
0.18537191033629835,-0.0019800890545081037,0.08717218215373332,0.040304444351875766,0.7145826170352458,0.2728200842232018,0.4653742554312187,0.44980215428134657,0.23670437664194396,0.17543717404603595,2
0.7378712513317143,0.3017964330409749,-0.0023207682279224595,0.07189380250480426,0.7490294105210297,-0.10678223682202481,0.5717236269531895,0.5370840203365274,0.4165877710536674,0.6805905544777092,1
0.2278478737687275,0.7306017006741647,0.607782820655165,0.14707937387803505,1.1019308648917612,0.8031784650789404,0.5660699922608681,0.35310662660607284,0.3031985546720577,0.1369878799829174,3
0.7703252279791544,0.36173832962274693,0.6282241243649295,0.4099845349093751,0.809347845100935,0.6295800744915341,0.5805743669276825,0.25569892069668626,0.06924149378753577,0.21150445524381736,2
0.3793620972720495,-0.06255039870980705,0.16241882544516273,0.9460008562375919,0.3820034103169998,0.8526364358880761,0.8430766761233304,1.0048937889824667,0.38444035822320355,0.9846887901473492,1
0.5960752291250395,0.7522958535326963,0.43237727752110217,0.4892839138018407,0.1353759073692415,0.9967375458157244,0.1725222226974006,0.27533904445671636,0.1438818541343377,0.6575198708632258,3
0.6920085445864252,0.9560605554051611,0.00953985797319594,0.9715637290187132,0.6892601907091706,0.8862666074967269,0.6828802897056923,0.5935603670049209,0.13687522745588068,0.21836442300394304,1
0.014190422544566567,0.09962579798415996,0.2366338190739709,0.7100689133983042,0.48673171484004524,0.6780103819710762,0.5653331565385413,0.4275807540969074,0.9642840397670264,0.8344726850337624,0
0.503367036489539,0.06381571035251755,0.11097177608496048,0.8531664932477541,0.5652510379774914,0.6919664007519313,0.9039745686780968,1.0220744127481654,0.35740299745516674,0.8448141915083119,1
0.4879575841451107,0.7918800569860647,0.23049347026458145,0.457114970181367,0.8722906123059276,0.26667240629508643,-0.023973819816987,0.1313324285328063,0.4637083235416022,0.838994519298769,1
0.21842184594772435,0.26978166478547083,0.24736896311836545,0.820967020251487,0.06162407098831281,0.5313512822095989,0.44404466252336594,0.17876379606075635,1.0533823194503398,0.28630232392629185,2
0.60662135479085,0.6467123037059098,0.6248595058063242,0.5101283101553157,0.8675927778036604,0.45468946992081416,0.48160848017073526,0.4197545959196425,0.27280064517623426,0.11489254196939208,2
0.9109945302074889,0.8346155219737721,0.3273632622452063,0.7446108096418991,1.1880742778240845,0.8732953464592224,1.0800113804580767,0.34093175552448235,0.4515541351034248,0.46139602849901434,2
0.5152787049293229,1.4569498803414525,0.7612826537849191,0.7878434307558984,0.4384827117657716,1.400620302566992,0.0207811967223705,0.8140456796039255,0.5251735894024454,1.2949229412524113,3
0.8063266958209239,0.6206800312859925,0.6831287354706156,0.22471720400009243,0.18970259261532696,0.8216012071713042,0.9799981969526018,0.6502621825685447,0.40742521825714245,0.7280695768380958,1
0.6934801826673557,0.7196606963764272,0.8384298579521268,0.4694939461244463,0.6074847881622806,0.6670645421431547,0.8035668552815541,0.13968498330492338,0.1789123450392789,0.39836798257497297,3
0.935554668831267,0.10523459769150632,0.07059890642143482,0.9452584414777525,0.5962862537048468,0.2565892206195785,-0.03489968303963566,0.9161313756010708,0.2713437163063083,0.19568731394474884,0
0.6315996970607939,0.9137189447504136,-0.0035062720759055192,0.03680829339492714,0.40788211765896476,0.30333628549091257,0.12183223100004992,0.47767467437492417,0.15270910367963017,0.9457898552103954,1
0.2611655927985302,0.38420933611072183,0.955569628482862,0.6017847534822465,0.3923625181102076,0.7394003946015331,0.18904677291372646,0.6503222948496152,0.9158856212832334,0.4075615170709843,1
0.03286278051823488,0.23426405254726634,0.7016918835322629,0.019196544433906473,0.04166795326242226,0.28054295924538664,0.12817288863800333,0.8689141744674657,0.4626781098082052,0.29841985033697654,1
-0.0028983538765565142,1.0333697772611903,0.81414966132553,0.419804285968303,0.9018832272765711,0.015644445060310708,0.3526726078067732,1.0788405097725415,0.15121755346377158,0.9039221162259535,0
0.21273938650152185,0.3618053880883004,0.06768841910933987,0.8096233224631827,0.022417719700907314,0.610706662857819,0.5528122950248335,0.7150341820432229,0.618441839955737,0.06620209510117146,0
0.4901494347008458,0.057135497070003115,0.14447249666581974,0.8893653545407098,0.5411723884036682,0.7043936447138918,0.8834925063155996,0.9812522337144354,0.3472357444319364,0.878687253879308,1
0.5206899452836813,0.261844348013464,0.3141446731022277,1.0084002179291907,0.23724443564635384,0.38491213934985363,0.46132449859998653,0.6642327960992018,0.6484763557137386,0.24504982851694795,2
-0.11110071891189321,1.0528511912738563,0.29771107884086223,0.5724581232594668,0.7055155181470083,0.735231282730967,1.0383112722459469,0.5570209633926614,0.3484107675276279,0.8044193920623851,1
0.05633858357079413,-3.052667493536575e-05,0.14750001668471746,-0.0057437935787741125,0.6918012037393192,0.15416305118836188,0.43249725901893915,0.40018576371662173,0.25403394697874493,0.08907339677987713,2
-0.06263336926180169,-0.17893136023887912,0.48200160419450705,0.404402618899008,0.5763314245530186,0.5438979030596494,0.6140188445959444,0.04119067685125499,0.4043073355416119,0.45337828266325836,2
0.26316359405956785,0.41841893617519366,0.2801371444485823,0.6296028072179243,0.05576235104556891,0.24858370732088458,0.6268234953838604,0.2513948776830488,0.9564777619672845,0.05276314134451876,2
-0.014245949221945026,0.42860649846246823,0.44739282345670056,-0.17032172190625244,0.8325459408675642,0.6510637871930237,0.5542444534161453,0.4341254731627062,0.5344291197359969,-0.07864192110438889,3
0.4249388563354432,0.605540893380668,0.043544948914871484,-0.07280776757143817,0.9564351286400181,0.05398799580253462,0.3062697561030577,0.2316172264366246,0.7295063723901192,0.29665854518752116,2
0.25462628470420823,0.9065682261907934,0.03818268721620034,0.46677316505832733,0.6594619712089154,0.7587569454419204,0.9583337017501391,0.2252823993468277,0.733276642495958,0.7583971746491772,2
1.0304515426446612,0.8348091291339863,0.37974497878514224,0.10879036614906676,0.69024704438586,0.9598905315942381,0.6778700533615931,0.12423472082684389,0.24234710064956755,0.908204390604913,3
0.3547578731321199,0.22909703424341757,1.1160292539993268,0.77905042359637,0.6451548371188925,0.9236318305012325,0.43831727595270703,0.4330164646291845,0.629326294761983,0.36709270854941434,1
0.18061516124833363,0.7711046378318646,0.41107723859170764,0.41994758449684677,1.034935052213353,0.5736585202564486,1.0170213086381608,0.7892725442019041,0.6261221754652494,0.05079488429700074,3
0.5527738461842278,0.6178043035358834,0.7920351658762823,0.4854627902573696,0.2781870582397503,0.4775239339377506,0.19978063541754945,0.7536328018887873,0.6441587639091881,0.07958455596917045,0
0.02586014722409063,0.7588601011858535,0.27065195676560727,0.514230139493912,0.9056669071884939,0.5953678826601532,0.8956097709004983,0.6547689379916206,0.6702697370764168,0.0723261868959465,3
0.5517637311089019,0.23032979365045558,0.7108839128879776,0.6769539203861336,0.5192324666951951,0.5813322482142728,0.3339341194159269,0.34733648324958555,0.544608136241124,0.6077564846664897,2
1.0589441086623606,0.0855303954119288,0.6913945308965023,0.546789125083128,0.5259757557639861,0.3674642836184152,0.6774583241673288,0.00521053946690303,0.015021374295804302,-0.09417553454262462,2
1.0011092749486794,0.1529011957922556,0.39677647769061963,0.13457906433457037,0.010993413432440825,0.04626477087566573,0.5357134726530679,0.75489678273873,0.01935300384421187,0.5249826364426367,1
0.6308397727613478,0.24475309908060358,0.23625472860533875,0.27338904286880805,0.6178591508839352,0.034951128632994606,0.5756440610327392,0.7646611256211344,0.5824676923050364,0.6336533706790166,1
0.2012169296650236,0.004481831303903789,0.06209527907312096,0.03757881680819002,0.7202704870506762,0.2913928846374171,0.45260803799513266,0.48716567833255076,0.23020968433490463,0.1760091868328335,2
1.1381075697413667,-0.09460077898581831,1.17888796709631,0.46312609309352093,0.9609592459935726,0.7841806396998885,0.4328400002954068,0.35396554740180713,-0.22112896996471887,-0.003771109977050463,2
0.8049843802487953,0.42184416132005126,0.8907451416369618,0.17322158811348717,1.113019071099183,0.6490644369689653,1.0563512349694761,0.8186602599351112,-0.3805146746605791,0.3832100195183475,2
0.5999909571239325,0.22520664078670824,0.21126469304240716,0.900334914273758,0.1826258260731499,0.4247966483328428,0.42571203288188464,0.694735217599907,0.778102785224243,0.15946018983847993,2
0.7360345190228101,-0.14206057614150439,-0.35904216104084774,0.29212756568357207,0.027685809383511173,0.30446340860104104,0.14288585194478676,0.413992146883973,0.5188182112452285,0.07397467452730155,2
0.22049188360778946,0.0439941723291845,0.16049522615831763,0.04327326509136159,0.744200665631663,0.33077059152577215,0.5339212660922323,0.4845392312075247,0.22794618872555872,0.12567665240100964,2
0.6050380312045105,0.901446045508467,0.0035161530974621743,0.058520791644564495,0.39317433618216363,0.32664570438459595,0.13814989044201859,0.4876925930378503,0.13314856981552878,0.9249878036856317,1
0.1841022670405899,-0.03049871638695406,0.6338218597026686,0.8422584902935137,0.8103973779458505,-0.10751283680754356,1.0216136643782094,0.9720892886295278,0.520571571089293,0.9055726855366664,1
0.033353480242208154,0.23969352808290442,0.6885247527127919,0.011356541410348385,0.045992547942839884,0.27328251277425014,0.13765627136730607,0.8587519259872032,0.4692046619329314,0.30011137692287226,1
0.30255666038816076,0.12403577454326861,0.2884014946905122,0.5635641528730073,0.5329161230358582,0.9299606873483232,1.0506363443072575,0.28299952647324356,0.6731915297513169,0.6634431952323672,1
0.9567811182971956,0.19399446072576243,0.47579461954723884,0.04429322095410987,0.042760593433181913,0.08847575198928656,0.4719371529759116,0.7659491020729704,0.1087458254050936,0.48370301549413014,1
0.7291643206130348,0.20938079398233234,0.39665025019761635,0.45774657178742706,0.2354804556228433,0.32978886881935887,0.14166328752281776,0.48572899958343624,0.24711310861927194,0.5174415689761376,2
0.11824174422085815,-0.09401507797364628,-0.009499695263332053,0.5247588854967389,0.7865127500813827,0.8447521018770447,0.5563020837236841,0.08536800975131986,0.9488818457129333,0.5410416122710765,0
0.5196154395299887,0.10238618473510089,0.19078731774268204,0.36806514792072337,0.6518684645313334,-0.01658382928225311,0.6188980405390817,0.7366151654278993,0.5086854954991317,0.653934507252614,1
-0.022062971901369147,0.8200613196206755,0.3464636513068136,0.6107786764199314,0.9285765477651378,0.5854358309355552,0.973443289447745,0.7588998738562395,0.5881284701508821,0.15906667698524685,3
0.9239354801287523,0.5843571016829521,0.7734781280776301,0.08952228147589891,0.5626878762725884,0.6299234805211656,0.39665958685427,0.1740530222038433,0.808107551793427,0.9657315980342904,3
0.8032517558968704,0.5248995264833161,0.2883846664413352,0.665499548235315,0.8304712467276533,0.8020863399707151,0.6198890618402589,0.11569743939621037,0.7304785311225233,0.9883793280387133,3
0.700188273696175,0.42468060441798094,0.26971240576869787,0.8589269331465995,0.27420640738750696,0.48481653868992314,0.5918976977798829,0.49964833221490956,0.6502576143615634,0.3065936081894382,2
0.004743930283121547,0.7782917052511772,0.2903293014928645,0.5057954642467621,0.8993830053108419,0.6299094943277131,0.9582679902671563,0.6505623975334194,0.6817059992271542,0.05214676523574292,3
0.2907630896876516,0.37355967751181457,0.589094989529932,0.8669892760721984,0.2188964727772295,0.21929614106668366,0.31732495746061945,0.16679639990213552,1.1107830820891262,0.1620322489995841,2
0.3093109326639747,0.5079921151849326,1.0594755243529133,0.359538415681614,0.5551629310048534,0.7585321041897981,0.10203384144481713,0.7314590912286345,0.9461148074163007,0.26471325236727006,1
0.594574290507231,0.8850658285907321,0.025512873719436953,0.03434512336085186,0.36964950300120664,0.33056873135444004,0.14666171600451944,0.4861418541175344,0.12772019629920284,0.8944508700899645,1
0.6364849105983422,0.7276780040132663,0.7900289704405812,0.43171044316749557,0.6540251180164809,0.6417336799777302,0.8759434632981102,0.07719214432830498,0.2009839276283657,0.3122290868648878,3
0.8749374186405173,0.5537818476557196,0.30662250717766326,0.7293261393673033,0.7799821044743381,0.7498836503962757,0.6840548588181667,0.10421713475920073,0.7783501878085584,0.9273737326349835,3
0.1512744555814744,0.8792683343632369,1.0738793234492816,0.8579774293588123,0.3107978361946113,0.15187444346515055,-0.22184645650776175,0.41449161601532336,0.5286807335054352,0.3816809207525979,0
0.25513776386155373,0.9931623913191601,0.35644600541515314,0.42009350437088394,0.5070676436317084,0.919997031549517,1.0929400054576563,0.6700802891289299,0.321235275739742,0.9854946573242291,1
0.09347613896635806,0.09762460588161576,0.7956782421051006,0.34975368703079796,0.03708327761249669,0.23881570278436814,0.6019268804548583,0.4065981295610479,0.30106016235534444,0.4121466510427491,1
0.9077617178062986,0.5997092657604748,0.7672548385925718,0.05222151278960924,0.5610338931623261,0.6116918115375204,0.40707167351159756,0.16826340478868101,0.8266128421349227,0.995007169496015,3
0.642395859850686,0.9353544827958015,0.6546211530239875,0.3568090993611316,0.6367624524803827,0.5227638008900832,0.9094142801953055,0.3024274605235312,0.23518170485944245,0.19890950257057605,3
0.1453452178705382,0.7940594838867401,0.41550200585267943,0.410180660626718,0.4611702160418487,0.764024455583076,0.9313434852927847,0.5188288233742597,0.43274626234529434,0.866399218605776,1
0.7774173828681264,0.7184302508322596,0.14921888032930314,0.843982646642996,0.3123345021177915,0.9765462470472186,0.767476991200072,0.19027088899757466,0.8241964572997753,0.22736325694105727,1
0.44494333582093093,0.2737846742297878,0.29305012973618993,0.26033001763693303,-0.27717496802284863,0.4995971560230142,0.5882510233636615,-0.04627275057468938,1.2494122767586735,0.804117053901117,3
0.13019210361685862,0.5810061897199452,0.19056786267986633,-0.15750811299283096,-0.21868552736902264,0.9588676072477428,0.5951126571723542,0.3806412272766412,0.872332357273355,1.131418055035074,3
0.3410397583983684,0.8878951992194082,0.3838916497771007,0.5792204786464821,0.841264720269371,0.08834226316983766,0.07722221517173213,0.11454930989312634,0.5647784143759412,1.064154858707576,1
0.6350547861115156,0.9287834419310023,0.015583472007724896,0.16928424113487417,0.2826265108965586,0.23027813808556877,0.14729550384353232,0.4980651713188089,0.16987670280828204,0.9808157883255071,1
0.31487901987396016,0.8778881785161138,0.9791933119483263,0.581082133477381,0.058500335168321406,0.23994397549203458,0.24058480896617687,0.7755586423853666,0.07909891757816886,0.30597736205477644,2
0.18733521154428395,0.5672960637022298,0.5153690950838579,-0.09037331589778447,0.7499752102719218,0.7688260788225199,0.39406889061807393,0.7861305064525436,0.45048304440939807,0.14033772075406126,3
0.23980159639440246,0.5903793864629666,0.7974322911195667,0.6408359414573102,0.48120354191214537,0.8557112262558857,0.21498158691430147,0.7081981546934589,0.9213164602898714,0.3418681789217072,1
0.03827657894698674,0.22965152535586508,0.7077532144662505,0.018232688579269202,0.04901845765916944,0.27597369219088097,0.12728531582031638,0.8763012419284578,0.47204588147251647,0.2878751483494558,1
0.826427934711059,0.5562067315573901,0.2540746426154765,0.7431294301036874,0.8028994577287563,0.8032696608735386,0.6477866387955669,0.13730417293370628,0.7258341293008299,0.9263222300882477,3
0.5851208484539709,0.371667346783588,0.20728807440750568,0.3532489923272402,0.6337822514147895,0.14221476006389888,0.5900267918473477,0.6617409898677571,0.4694424666969371,0.5772484604183209,1
1.0547374653294765,0.6200368124636799,0.14833366190000266,0.9070201738424238,0.3431243011584876,1.0211691985624187,0.6173557015450051,0.07271643606303557,0.8482437593107656,0.2844749453308686,1
1.2250488239391324,0.47644086606603797,0.7143432742690459,0.10512132439369082,-0.16776561884380015,0.9961046588076695,0.5502322907062478,0.8949711764492954,0.8580469167121532,0.34242644444230985,1
-0.09374032478748337,0.00035313982296591995,0.3967490888945461,0.6207384791351203,0.35490314417805796,0.8937877484516664,0.8264878899839876,0.3040381273383963,0.677424691051395,0.3448087554990471,1
0.5313470824170832,1.0242842828828471,0.008641861572201759,0.5310839181759552,0.18255990569891145,-0.2104462823809216,0.7831332846577252,0.5349395139781273,0.691579626034823,-0.3535322400222052,2
0.4247712130888288,0.4515580247293139,0.23833384748018996,0.4932645340952143,0.21199159925678027,0.3424702071909482,0.5942543385848714,0.3605497368580681,1.0877384490863369,0.3867484740586189,2
0.27242967204607466,-0.09039736119116687,0.1578553204055886,0.5100318801843948,0.3978256128246206,0.985087638975179,0.917188798122518,0.6306562035436437,0.8646964985030152,0.34110467252668064,1
0.4936412383269693,0.2833806983604073,0.10402009375491351,0.3343132080852384,0.26838562982193287,0.19107801526865692,0.390678251149491,0.1536766911622428,0.8735644186363161,0.9398760240160748,2
0.5493703181434197,0.6583629154448,0.12578650522266252,0.8562024229333691,0.06470892493252843,0.3962995189715994,0.5027730044729688,-0.01445130203859818,0.7381945415050778,-0.01261120063357063,2
0.7515829935222229,0.37902728658809925,0.8479387738228487,0.7460844313202116,0.5318273652229424,0.6000178915412204,0.051649634382386594,0.6911856180414924,0.8570524783817738,0.3818108343868941,3
0.5040951513381337,0.9464121978114353,0.31173605814132915,0.0160460038947699,0.9121380455841253,-0.16787419820004637,0.03409075377501941,0.5248790130600441,0.6829469994675016,-0.1843746147733491,2
-0.12075952072183127,1.079959735752638,0.04738186456135457,0.13463697190392288,0.9673091540059979,0.7733045095958415,0.7964606797936609,1.029077612465149,0.920415566843668,-0.19181000114988656,0
0.4417501629445347,0.10022550648838843,0.21384891879520043,0.9391480393848564,0.5621089645239861,0.8265712028973293,0.8467582670300535,0.8934282998969357,0.3000354984800711,0.9847638575626603,1
0.31609959870426296,0.38932347168922843,0.3331700765216508,0.715927501011893,0.1673153587324301,0.38973901698733465,0.49832394624432796,0.09003727437171001,0.9461091898724048,0.20111527203235627,2
0.04426537340608756,0.23408670498787415,0.684033428187351,0.02430069728322486,0.05363006932875576,0.28421125877666975,0.12565490521973258,0.8728766156993708,0.4679147442138684,0.28898611015030645,1
0.27765912813688154,0.6493197481965838,-0.008773844627421146,0.025905191644355514,0.09226136053085629,0.7626992960396675,0.747240538968295,0.24999591293259188,1.012701360419046,0.8969602108517638,3
0.37264546453544867,0.3917012070741511,0.31831429397166405,0.8295235915946955,0.29500499418635434,0.3221505823002185,0.5835872844585149,0.0011242345233752893,0.9728645889158999,0.22318199484388015,2
0.23846708656696128,0.9165034290035264,0.0580742921942246,0.4636551133066382,0.6404968712401269,0.7486768098170058,0.9580344078673786,0.2275943557071016,0.7303921512882602,0.7486151327132718,2
0.7382139612013721,0.35010817850759746,0.7751422077635256,0.3964460952161496,0.6235649031111156,0.5587791093697422,0.5308985511644038,0.45943093131820434,0.03358030375161836,0.33272252200956975,2
0.8188850748954009,1.094274221007473,-0.1997103606992403,-0.3257334324221105,0.76559585981976,0.6947429116002127,0.19036518156269208,-0.020990640025269347,0.6823657629002955,0.40430774701829975,3
0.6325891018003027,0.9478563380120146,0.16236145280837616,0.044476613055638575,0.7873950474379321,0.09129253698915304,0.3218161372508721,0.43477028533084516,0.5623045619613444,0.08444167739023081,2
0.9972815707491438,0.20136107138887138,0.5652318868812265,1.2342027497803376,-0.16774214840898366,0.37768049923077124,0.26776126032449626,1.0017980559083743,0.6885167928211561,0.5834105707463216,2
0.6732251875411789,0.03309823985638788,0.42442140342979595,0.28879420339166867,0.506194962829857,0.06999369574695458,0.40892530914396064,0.9945990681717043,0.5510955622461906,0.7630203793362337,1
0.32836083347613804,0.5393387598035138,0.1148147428720282,0.8152989721307426,0.3358212585219825,0.17312011533044783,0.633344073722774,0.017604608870999218,1.1626965463474623,0.31555023002885785,2
0.6995069912003676,0.7988820375631464,0.7277791564845573,0.9306178617183292,0.4725972305991165,0.2340206058650835,0.9065678726502211,0.32374076928777706,1.2603574575156853,0.222013530360261,2
0.5157143934921702,0.2792745594073415,0.16765367919608917,0.9840564725259937,0.2633587264178032,0.4174848148809401,0.42630489778064007,0.701740920754597,0.7456911434681888,0.12288811274588626,2
0.4672739196513005,0.979091032589899,-0.48026641596749653,0.7820741165053277,0.2998237818293021,0.3269618975317278,1.3646781594338107,0.5126050672980369,0.9577317411155587,-0.11421564238414927,2
1.043395336946402,0.8179991907491586,0.381200663805154,0.033352886092519046,0.7089376772108068,0.9503807820124178,0.6598991646444973,0.1791536614872182,0.25716095091755303,0.868477844949601,3
0.5824411400525968,0.8903131821416711,-0.003916976181143186,0.08173931059274317,0.41861108190758745,0.3311157619668691,0.17080505255883086,0.4507605686742024,0.14143391159851487,0.9057448530924429,1
-0.10014764123388564,0.15124765076946625,0.4533176253069561,0.6400080814635407,0.34628217769429603,0.9082294704814974,0.9363073836740944,0.20438776465315955,0.667363094429126,0.4866233174047196,1
0.7050808101639097,0.6912426850291034,0.24757491371864215,0.4130759383607183,0.024702717471332777,1.1554794476209271,0.09593445883313946,0.12966914658404374,0.0007827261493841831,0.4664850698529706,3
-0.05906916843779994,0.8482634304163381,0.337785210585828,0.4376253968266089,0.6463118908750612,0.7253170689386919,1.1070766112485877,0.6301619558765859,0.5198893535037304,0.8551251322520435,1
0.7239443899769676,0.6028828633630086,-0.09328913166405378,0.44360857432606715,0.4374899812807416,0.23287168523063026,0.5117210377991577,0.39393823840169023,0.3497802265256038,0.6031594137495037,1
0.0349316429595494,0.23868590951819554,0.6971493499443511,0.016987810625290842,0.0458271028773404,0.28334040907761976,0.1284370138070834,0.8672846536283135,0.46183854315910544,0.29236226553483474,1
0.5902516622799504,0.7099138964227227,0.5214710531201636,0.4177406026166343,0.10028265529657399,0.9684555916274326,0.26159099807081193,0.2897527611800173,0.10343304411900345,0.7076587521225457,3
0.3292351045385213,0.8684144319782019,0.9764025142136755,0.5981883232993176,0.050920569476973,0.23680296340410192,0.22734752095417388,0.7764341956815701,0.09203768906393436,0.28370643186444044,2
0.9039905357600343,0.11225299640118691,0.6224364054258891,0.8350725274334357,0.5196519230885812,0.4048536482635863,0.5955572943874463,0.36761080290700565,0.0802487566482326,0.5840053833902392,2
0.48423373419208304,0.8828156481389272,0.5912630038077965,0.595429289029924,0.8049351810317055,0.8109330530907077,0.8284299941549494,0.026382920104770606,0.1431451027925631,0.16230038218850973,3
0.1826761228512542,0.5832559740164155,0.532476442421243,0.057887339525434955,1.0206798762841855,0.7840960974224329,0.49895980021488445,0.571340733967734,0.41737316957040443,0.12874313134939477,3
0.8892755719816736,0.6304605674318221,0.7346378312371824,0.10364874954421603,0.5351774198283736,0.6467856550559269,0.379826309471204,0.17455281807235468,0.8849180483388476,0.9399531957945669,3
-0.00203241776101816,0.046724171893535615,0.2510971137758013,0.643731282869817,0.5191252468317777,0.6321302426565172,0.6464433302759259,0.3677542022853987,0.9415949585495798,0.7175543858030554,0
0.31782797252147466,0.37476637632090115,0.23696657849508043,1.0435414434530985,0.770051287276297,0.6011897217981215,0.09365534008452803,0.3396893851405346,1.021727124061738,0.6641127299270498,0
0.566589807398,0.8421494662764906,0.3299227875795966,0.478439461426884,0.7370170240419199,0.1805241043263102,0.018839595317014693,0.2505504430868191,0.5572261303256718,0.9106954542422452,1
0.2784619734627047,0.6606333832828128,-0.027061063279157013,0.016441843347210258,0.058654442828177555,0.7607001161132476,0.7570699889817157,0.27201691801209826,0.9716442417044572,0.888470434257052,3
-0.23183063521189068,-0.12208757061516001,0.7878376455186232,0.09407055188187714,1.4953526197522773,-0.06309653369524465,0.5716398278889483,0.665589964427097,-0.2895537277038228,0.7560747514292937,2
0.9510971914632973,0.5962124018320785,0.7713126055704838,0.07812504557698045,0.5526703466294831,0.6092312304507095,0.40675189418491003,0.20483034074774437,0.8069133247479904,1.0099048402348465,3
0.5675494146777758,0.526704953357577,0.9417694176335204,0.3648699017488358,0.6317433962265617,0.9595774119672661,0.27140907126267577,0.9712410267579508,0.2636315532937671,-0.22896297689834527,0
0.747105022493592,0.5231980238553207,0.7994042000543449,0.7062078510754439,0.4480526803376294,0.035537134688189254,0.31907316961859006,0.2145754126914642,0.590494444704885,0.44249786989515894,2
0.5970815835829356,0.9528173133040068,0.15030658058252594,0.037588702855256534,0.7886526410751211,0.00465271201184634,0.29466468344967245,0.43429725805092423,0.6599495077164864,-0.06917496074046306,2
-0.0380350095385697,-0.004231119214280016,0.8815945731498401,0.30254547446916324,0.021889311095722716,0.32197081536937944,0.514287848549571,0.44918421383695717,0.26179151173979087,0.3555095526814914,1
0.28869618339950875,0.8502187966596955,0.8493713978008743,0.23107165411864716,0.8875919731558584,0.4323394205070124,0.6591019845778877,0.7037255426420225,0.5247669251472298,0.806821709944515,1
0.17344503890136342,0.07322031398930741,0.1912407391697302,-0.0372408740261324,0.8175993711947167,0.22202666725565834,0.33877196642221225,0.4606856603271173,0.24257694299651944,0.15919851617288988,2
-0.05627847273537093,1.0162178005620386,0.5583182897148443,0.45742304172918424,0.5104017407897818,0.6873128002255628,0.9304171975434358,0.5479174664909199,0.399442837427506,0.9785810824476452,1
0.867707489655508,0.5318355149850527,0.8786365652773602,0.35030103350180763,-0.04791283901446092,0.520201177933467,0.9432577332738467,0.803623006447699,0.287720210324285,0.8970191102507618,1
0.33158840751809265,0.3791419997422225,0.9757790648584856,0.6122833394239685,0.40663249880705016,0.6881191844626612,0.18757636277915665,0.7034340426226874,0.9101945354058785,0.4147022515219272,1
0.3433625030481083,0.4317417185904846,0.4090573971724415,0.6415400139654932,0.13397804738152871,0.45375562607363545,0.5550542181387267,0.09681541168570783,1.0133394564512945,0.15899032089442303,2
-0.02217679864582578,0.511511478202125,-0.030534061029463433,0.533417923196619,-0.14291566055831734,0.7378818799908706,0.6046441753105003,-0.18181702005818168,1.1214958443480327,0.551067185904522,2
-0.06126947813241468,1.369675024288055,1.2865723136826699,1.2291380991008114,0.675744512930528,1.3626180406268622,0.49641307420167397,-0.07397016890269659,0.27294877033112425,1.7950504343296294,1
0.016019808248384743,0.08839716373676774,0.7480331164999283,0.2932328959211755,0.05083638918640422,0.2470944088065904,0.6311470565101965,0.3919205278644489,0.29862779080047464,0.43356704545104424,1
0.8932881720914426,0.5715285398951416,0.2881677585620538,0.7361630431987047,0.7556917293609958,0.718670876295817,0.6783147027186093,0.07170806255727155,0.8193965412213501,0.906928853254982,3
0.5461844634961006,0.7721378817752518,0.32783385895469536,0.41236184912639195,0.15141381842678747,1.0608690473600764,0.2428361781653562,0.26636232880277305,0.10597772116729429,0.4943100683526186,3
0.0018319954619698334,0.05629560899147464,0.7753798878228964,0.23027814759358933,0.14499538974319676,0.19667213203597173,0.6007465395593605,0.36358857568457414,0.2986379523303472,0.43240345535314906,1
0.9754140339028375,0.5968985627915748,0.6816745456286016,0.16625824551235824,0.5549589497616624,0.6507160659244788,0.3444361387784769,0.11612631354549159,0.8332131189393078,0.9000880666357869,3
0.8727080928584798,0.19067974392444464,0.49629051956061254,0.42540874681762336,0.29815640563932405,0.2180625519188956,0.16891401685772423,0.3956263231344727,0.4588248770844236,0.6086557266141801,2
0.4537721426500821,0.3838614927458161,0.9613336108755131,0.7104563153288124,0.39438482146338955,0.8489657471613261,0.45654651212807484,0.2547986676302386,0.6028466429136105,0.17227420937378657,1
0.3695025561925163,0.18850257910744025,-0.32372885689193215,-0.7174910597909895,0.9790902180924121,0.8534728110817301,0.42035326783405486,-0.09257141761900078,0.7243008716968875,-0.5360115500995688,2
-0.06422379115490029,0.5555612473686753,0.3624795245152934,1.047401172595801,0.34346715776570885,-0.06587628166491005,0.3974742697361186,1.0971248968472247,0.73998965718444,0.4109991418200574,2
-0.1518001686140953,0.21323486710088635,0.26926372622675343,0.7395841054449657,0.30836731270308876,0.2930872072942333,0.4071947407017639,0.6299619486865442,0.48648713072460154,0.08917778519659957,0
0.5911552570073502,0.7954538887911724,0.26068345832739703,0.1878717412743247,0.6665400212258124,0.5073490957927941,0.21318513115295062,0.4613200368583308,-2.3624708789665716e-06,0.29164447617328365,2
0.9367987504790748,0.5400559224602209,0.26905841677958997,0.8600426180363775,0.3205893504544348,0.7149957085737527,0.8498857442430806,0.46259153428988475,0.9586456113784774,0.28239550876488073,2
0.8281120538983991,0.7434562697486145,0.40611494370793383,-0.09638069874083954,0.9885060262852698,-0.05965153543080044,0.31454527711489355,0.4511669001221491,0.6161854899314487,-0.07983794147840481,2
0.15225772515301977,0.7598310995342148,0.5566776138918967,0.7507011813224052,0.2163956328939019,0.8935460841925191,-0.02579079051760433,0.7985536142574021,0.46705620298834266,0.36452205057175663,0
0.09022922259044973,0.8961302642747352,0.30982146980495595,0.38784645801654605,0.4491095824480331,0.6121053763034504,0.9851842980870761,0.49960458281211095,0.44030400377926165,0.9881989310753428,1
0.07817496582693764,0.17439323677566548,0.8029367925140402,0.2732191625305725,0.06676652342915343,0.31110701040011524,0.7256261593320065,0.43536413185545025,0.370832979602317,0.3331800002864053,1
0.1490309035674311,0.5874516228584757,0.4502693085768667,0.064255822191147,0.992739948556887,0.6934649097475442,0.5158501196857213,0.5609589783636809,0.4177796820543891,0.03810862257573877,3
1.1998860470846386,0.271614976744876,0.7628206928965181,0.5446412504442191,0.49645897406481077,0.036888654365104606,0.14322305296610144,0.6324738905463803,0.06698105974655477,0.31339927894633074,2
0.41994056596895735,0.6785814925049283,0.8016047887767139,0.05249565753584855,0.5669438673064355,0.24585278871744268,0.43621490467624735,0.7653659145838427,0.3862026343885593,1.024006471891472,0
0.5633666355161736,0.30179481051324225,0.2658786398917234,0.9673243961248406,0.19845237237522184,0.3847796329261096,0.45963352391058376,0.6381886005644158,0.6749143875227103,0.19590076735138942,2
0.21890474046805203,0.06904510237081628,0.9104902753356802,0.4951462693653822,0.1256977657664786,0.26600106543140256,0.7027721595466478,0.43020653126901925,0.3322533465319631,0.41068551012941534,1
0.6100655365553218,0.897817612795364,0.007299829961920628,0.05902211630009812,0.3882901063091133,0.32728602899140113,0.13365154124365367,0.4854772697215409,0.1342051824236187,0.9249603956050677,1
0.09254137417071437,0.20085795540423387,0.30056956524514283,0.687980009429607,0.4841096388130631,0.8342702564354908,0.8335711446334187,0.3375739100282913,0.6782518600615902,0.4676599123865314,1
0.9175132486105892,-0.07838140794788387,0.4467052644253504,-0.00034468991697744755,0.20605784202639602,0.13562841136577022,0.4565387839853008,0.6882211793018118,-0.12880141167891473,0.39243369562551833,1
0.09312912937974448,0.16569735218718068,0.32066546167099674,0.7523827985362711,0.510052178313333,0.8664228954244287,0.84925816752444,0.39666569634528726,0.6550395639749055,0.5208887195838929,1
0.3835154964971955,0.4331168989131616,1.0741798919546433,0.5246726004373966,0.3260982104621186,0.7989931962592488,0.28446411002740846,0.6280613881174084,1.0108402199407278,0.5294532495320575,1
1.2172236429518566,-0.20086535517730397,0.2003534463112665,0.5086624769754476,0.3183384262388528,0.35177898125470153,0.6097194905137979,0.28039057438795645,0.7927983765460742,0.8318102078101349,2
-0.2245920912178574,1.0151991844173596,-0.14428223126397444,0.832719042196016,0.5193088908708156,1.027352710909851,0.8410264809991562,-0.04556111006477054,0.675822132513506,0.5297342908695856,2
0.731475988262266,0.24910710250471899,0.15343958833158786,0.9279064789826555,0.14308881131437612,0.41190315014459333,0.41534478962612476,0.7470794877521542,0.6569077225834261,0.34777499621045926,2
0.4744562643158583,0.1596002913377786,0.23412967838429732,0.8440448804857792,0.018302931385905163,0.3055156610089339,0.34373722435635445,0.5552253102657787,0.08102271367794284,0.2462513202509597,2
0.8725010735916655,0.6979424374536685,0.1334624756361645,0.7886655472827344,0.3757087254826037,0.961641807237709,0.7172093815314762,0.16422854908010284,0.8146591958045379,0.31858096144843184,1
0.4556175211550225,0.28834539354453553,0.4523868955695148,0.003713653193748334,0.7853330855835179,0.1263566605153624,0.7980714954838823,0.5137049366367319,0.8234172600677231,0.4332830023539793,1
0.8325929070447339,0.014129683899731127,0.6455583467347705,0.7689611872161348,0.5765704501605337,0.46650461399810156,0.5168111108779472,0.2572234000055933,0.05536710697340022,0.6612605953097108,2
0.09827046157321762,0.8253032957741876,0.4297801006775923,0.439380366933924,0.5075857134644429,0.7148456530679277,0.946053467722383,0.5452263018844078,0.49465120745119534,0.9478873933090957,1
0.49561448320218915,0.074115916716551,0.14345135780496251,0.8785202083339467,0.5389476871208483,0.7227829532021917,0.8903044650002488,0.9932346089081816,0.35141319181970554,0.8772925604176576,1
0.48224120761967415,0.4091294047232809,0.5834984928361484,0.27212983065033686,0.08862263020540938,-0.017096967599103827,0.5750432283845907,0.13262535808822162,0.5625500592860434,-0.003378716600668019,1
0.03677065038886817,0.08008063248904351,0.6541201960830773,0.4180355034458001,0.07066463673832027,0.2231200148235372,0.5019011121239381,0.32687134473403845,0.21580992317241288,0.454204417070271,1
0.45787930657576525,0.2042462008438943,0.295605318622734,0.8805035777774733,0.1897736906208346,0.3463438526323054,0.5782358193996666,0.6937586024748987,0.7088037714004297,0.20361661635154463,2
0.581494476659984,0.8989670249302445,0.05120885671740441,0.07106785375676303,0.7299573763459225,0.17352269859924607,0.3202058285705998,0.2505093939181412,0.552554096525923,0.15378584183638694,2
0.7705193645041897,0.12110062572841856,0.363116181574185,0.5379394562217583,0.3673490845164387,0.7474717891171156,0.8744463516236268,0.3087022007533363,0.5375747310541377,0.8436587197326093,2
0.4105623338911122,0.4324655933994451,0.43651847167155594,0.6165229801914393,0.22978326536312726,0.3138805612847697,0.5615849600926646,0.16262025240697148,0.8728332082261792,0.11156551881378544,2
0.9369000026033857,0.8640292293215671,0.3806596829714584,0.13480149691541324,0.6157501946907505,0.9381726047389616,0.6720442283155187,0.15176592031857036,0.2966458136019611,0.9151396213444607,3
0.43592113965294027,-0.1361191387624031,0.3483537903491399,1.0630209615896553,0.28468971258664233,0.5339365235320136,0.8791939206843625,0.8634959948960506,0.20612131327364014,1.0563886309838935,1
0.7790003379603404,0.8088759399102543,0.12198079172889863,0.0989493868746116,1.0095151393451083,-0.009437151392912194,0.16641806541192566,0.5655470827119319,0.34618602239251484,-0.3386412808819966,2
0.037668991988650403,0.23563724287692847,0.6860862645252017,0.0044449403213841065,0.022569972372734195,0.30111243356847245,0.11854694333905982,0.8708109957868212,0.4863386768093135,0.30064945727028103,1
0.34057139206042647,0.42061705680183337,0.9483416924119056,0.5933609576872424,0.4026942671554615,0.7198737107365522,0.20118847365431258,0.684250946367304,0.8939640804095775,0.39268203572926064,1
0.7703358787231727,0.6172191779964844,0.0687152575745975,0.7426515795671453,0.3297971925293578,0.8467388859304149,0.7704365825726832,0.0810898996122566,0.8337857819407142,0.16002385564263844,1
-0.01387237138265121,0.8345582673704316,0.37253722950993684,0.39445164591925397,0.504410757117867,0.7133164844967156,0.8739889157104946,0.48097674880961633,0.523967726468865,0.8914668289851321,1
0.5403189176243833,0.5687286299049391,0.7040426974573285,0.5099343551708451,0.5744355921209046,0.591884041006012,0.7711441200970757,0.1044941667812621,0.30450140072780285,0.21858112291746867,3
0.29623367871356865,0.3688284242393995,1.1504785407016462,0.26956373109803317,0.4390771564133039,0.9860752474053615,0.8429060226660364,0.05592259651749276,0.7840095147721251,0.9652910102486281,1
0.5177878778850299,0.3119498244270444,0.3252414315757771,1.0151575273512012,0.23405067680595107,0.34134403144426556,0.45141430193078025,0.6992827358004347,0.7380568271326072,0.23647022035049622,2
0.965700931601705,0.1897683397428881,0.07541810580170934,0.913610351475425,0.6216431899767859,0.2940217915531422,0.0573100431976309,0.8447982451633332,0.19488185418124515,0.2399388807480013,0
0.7130974255643889,0.9041740763396695,0.07204617859122389,0.9222365836797791,0.6439597398139065,0.9780664349733551,0.6298126348732971,0.6096378673735509,0.12247402008409214,0.34439363662125305,1
0.6801074401114302,0.29583870285875435,0.4010891821215692,0.543548537078451,0.009541431646342358,0.21928475865047395,0.28857390735672184,0.4059561407597915,1.1583490870141677,0.45756370890835035,2
0.5770514087195094,0.9121992233793429,0.18201676753267115,0.21852338495084678,0.8168564547806652,0.06812844533775027,0.36009770822275833,0.2714685307715397,0.5481639364801614,0.0341059070917171,2
0.9416391106182,0.5808693476235238,0.7684360497093722,0.07392828647977503,0.5381311389202716,0.6209920867849382,0.37983730268860105,0.18905226413637732,0.8194434211472185,0.9746175160533804,3
0.9418936776078849,0.06295024816273284,0.6911037579847542,0.9082031948788265,0.5020299293963416,0.4563638096515048,0.5562647119258489,0.3531041564122363,0.1062387652274646,0.5499747840022828,2
0.2773644652492533,0.6612621748283444,0.9140635513467528,0.08649655973354756,0.6041002923384211,0.39430404449836837,0.4280035202826036,0.8271259042993436,0.265184146424246,0.9660449624923689,0
1.0443709008635074,0.1412498452027908,0.13117541828071108,0.9671186475825044,0.5480728598873559,0.29545369517594944,0.004656407416586836,0.8532814500305597,0.23386785260180112,0.2634426550284759,0
0.9979773651306066,0.871911523411364,0.35103991174817417,0.10674477643843759,0.6540477552033974,0.9465845587264502,0.7345267222123889,0.1371500952640363,0.2489234548701134,0.8566963022890456,3
0.4889325959248867,0.1161853543566545,0.1658168268947201,0.9270183738234281,0.5131716025427167,0.6623210014758082,0.8927207204446569,0.9854206505580047,0.39913196803970935,0.8536794514812053,1
0.6239078471860413,0.011676371431177605,0.504286391569171,0.5589288640141896,0.520055330236357,0.1632438256924485,0.683887098056393,0.6213904965000017,0.07462435593164629,0.5083097134668046,2
0.5839418431690333,0.3162195160832927,0.5631788079739304,0.5751582867432528,0.8488973231897343,0.6726247717798581,0.43735746992065583,0.4342837146226749,-0.10064917397285378,0.45301301143981487,2
0.24206259124459673,1.0525532906250645,0.7832098128713556,0.24248416858834848,0.9299114916768659,0.3417689064153871,0.7042813194513525,0.6564503946160821,0.6024039734636653,0.6819976453498703,1
0.9325515413457738,0.5482710675562513,0.3007647149834745,0.8478594750313033,0.3081269739465459,0.7030949602359042,0.8164789858618089,0.4320099581133223,0.992606097910829,0.24409338541112324,2
0.5904581121657173,0.8893254183428151,0.18526400603974608,0.13541188780407676,0.7606950659133905,0.08287142316213705,0.25515852253697874,0.37481249933092725,0.6086212328323503,-0.020429857072837822,2
0.07134137889168786,0.15908982448688885,0.34814426926976383,0.7316539743751637,0.4756933426805601,0.8275357189550712,0.8449451540483278,0.34911758423490513,0.6863294650749361,0.499618613769773,1
0.895562896286734,0.5387656843833944,0.6911384971272642,0.02702406932611784,0.5784025917620271,0.6327663631818021,0.2932318764841281,0.13368220172304487,0.7479992283947631,0.9991921391955677,3
0.7519477130258773,0.37538759642503716,0.6499619834474417,0.3080281125716895,0.6809549790514106,0.43671869020071363,0.764328620751392,0.45975821823174434,0.007950427878080299,0.2838839719049773,2
0.05683722041733469,0.8037747046531467,0.4369195878966888,0.3798166610075147,0.564425678004722,0.6934060133787132,0.981097774885708,0.53922225616186,0.3843578494077189,0.9554282646478197,1
0.12645617658198682,0.78152463626668,0.8558823247802186,0.6055402156374512,0.15319268768339647,0.8217603758973222,0.8718833798317005,0.5347701843786162,0.8255143422763196,0.5838316303042889,3
0.34936961948835316,0.32228658302147284,0.9723739127610532,0.45039164666015663,0.9995362045645371,0.2342778900259522,0.9873458303599864,0.6814869149791626,0.5660542401406151,0.4227511056653597,0
-0.012702815213308405,0.6431114947136548,1.0952361538307234,0.7011785184005999,0.44752490069412515,0.7482289613628107,0.23490837957247385,0.8450979940667305,0.8452969876664895,0.5176716663892134,1
0.7674660217961052,0.40269703383940986,0.8523999358054622,0.7485540747636131,0.5260947120828977,0.6011643964968677,0.05630609825753262,0.6690317855777334,0.8773244825141016,0.41266995178024357,3
0.03481687801107674,0.1561520731395936,0.8107820092336485,0.3380496245707286,0.062194653653737865,0.2869043041098331,0.6598530526527402,0.368835060861383,0.2951202642732643,0.45779162422508257,1
0.0011125592771464993,0.4000288590214977,0.04442142306246172,0.11128091127637156,0.4757276249394469,0.26963771084614724,0.19190069207160657,0.2610168024520374,1.0250893902113876,0.7763163856528785,2
0.35337815283999924,0.08555390516725436,0.9693966558765149,0.16856333138754434,0.39229564438737446,0.9809253538280703,0.40308082297637066,0.3159047749201684,0.5214539535950589,0.6497430934744753,2
0.6672638660173069,0.6544802054724075,0.8242435621452692,0.38822084323187844,0.706813023160992,0.7073122919832693,0.8274706023940676,0.09551376523117192,0.23132271159692125,0.377628034187748,3
0.24362260786774487,0.941297602501812,0.2522835707522749,0.36756313046095,0.5686572601324419,0.7339510829908097,1.0249373718345007,0.15776018568480407,0.6034076225310667,0.9418378490953616,2
0.6753065468772916,0.8488153165250318,0.17487054517726586,-0.1287308736991606,0.6771383807904385,-0.15564456152556697,0.027425394037531636,0.21239333678751363,0.7102825040225302,0.24109547301692882,2
0.644385117966535,0.7567723159913884,0.28227989086118493,0.1951722604067897,0.7675374899542007,0.38464441295858565,0.06875162921074254,0.40690501639161136,0.10654677205023803,0.2168752410436661,2
0.47097802773193387,0.8111710298261748,0.3245646040098112,0.47209540849310794,0.8273743250959555,0.14131933991854895,0.030673558055138307,0.21671213040578474,0.5172924898232515,0.8851011631321453,1
0.980311176543309,0.6014873797305819,0.23831987336941565,0.8163834924189463,0.24882203751379806,0.7202675078727204,0.8931680550397545,0.5221857730181801,1.0384331107412885,0.22275711553111183,2
0.2759196879796006,0.8277178234159337,-0.06992114548153497,0.0889210044752439,1.1083852846117384,-0.22850730011878556,0.31783311701131484,0.6002213549017217,0.8611784460479097,0.13042393279811057,2
0.8713627472462867,0.5548907103391665,0.3036243578914659,0.7341856895327713,0.7901956700507066,0.7523053362652411,0.6899830374597729,0.10850804909513433,0.7804793052479255,0.9338513258004707,3
0.4755167331147284,0.6605795169167734,0.9962438932675464,0.9585940316705699,0.5125521086832091,0.6057020235249925,0.6040384595668942,0.23696682972794242,0.833154812403788,0.24677078952261872,1
0.8004918684518864,0.2736497180391761,0.33552201169093937,0.8266459690631972,0.5415708923108724,0.6031801460563924,0.6544511145103886,0.5117310081391024,1.2387823653619225,0.5113075333630203,2
0.033719056015276624,0.472752447791445,0.508994362690388,0.7760937847022794,0.49215001221349974,0.4350340255726757,0.49667321824691485,0.7586609423132016,0.4450604781527533,0.12246957137910357,0
0.6950816765561981,0.9180535843743666,0.34784674838231444,0.034932725637164486,0.941266548811587,0.3715602527463194,-0.130919562347524,0.5273981967411736,0.047905612672933084,0.1043391271780518,2
0.5087775404642493,0.6467291950493261,0.3713027820961239,0.3744679849527753,0.7474494605347562,0.5590269751069283,0.23444235183975454,0.4019166971671073,0.02729571347596845,0.23834038524095008,2
0.5534434810563025,0.416713454287526,0.5174979669902483,0.524834294204019,0.6438732034602969,0.7535308175678771,0.8301173736328008,0.3173198846458841,-0.09762883507488837,0.6422401350317226,2
0.9377470087015086,0.5825320349642558,0.768136076103299,0.08107318271429342,0.5375615449565635,0.6187227830987151,0.36937399914648145,0.19524532226408534,0.8139434015526991,0.9673759741670487,3
0.48137858611252793,0.2827660171015798,0.8699122444990682,0.7615789776213585,0.4309763450115225,0.7490738145379515,0.25654630628749714,0.5077968168295915,1.0576672726057093,0.31757346077751625,1
0.3094195002279579,0.7322443794291867,-0.2998492398837276,-0.1626862714177415,1.4313082005738902,0.6061403929005597,0.14350256622076574,1.3271267219584297,1.2170656794842103,1.3784896034457161,1
0.37049495255463516,0.03273804355079146,0.040287168517427085,0.45237939910824115,-0.22558099637588502,-0.21886183305439502,-0.07835745255820359,0.13132495731697114,0.5121496406162525,0.6575828124390074,1
1.0348542597741273,0.3919841233167559,0.3709339416120443,0.8479624859515487,0.24424062595015092,0.8751943716519861,0.811166344967272,0.37619504322509295,0.9308441801520867,0.4453794973488855,2
0.2964491278722138,0.3450523135661242,0.4181690698125694,0.7506920445104966,0.21232263874503865,0.34891761668865645,0.5628782173257946,0.05468365833043053,1.008878050249189,0.2274711113858653,2
0.5279345606590587,0.8406193602472202,0.286881498958158,0.5471990772768427,0.7945034335638416,0.1530157937278498,0.01983642604618727,0.22488085439600086,0.5179597114710953,0.8923243640086972,1
0.10672557368447838,0.4950844398261023,0.5050104322385329,0.05542298562993076,0.9761123248381179,0.8329460084107432,0.5546854631156497,0.7420382279052289,0.6258386320341789,-0.04063139344269766,3
1.0489170568126875,0.749967710036201,0.7971556180440548,-0.009561957892817219,-0.0025896606507510855,0.5239560537586154,0.8433438520509737,0.48708776687828215,0.13444204708603347,0.5687719026885328,1
0.27290956607886435,-0.09801358857419365,0.31605196392744067,0.2382597372520955,0.5342930045461909,0.34298650676268594,0.6962674714720227,0.19682237903935634,0.5223478691657886,0.12565210936612106,2
0.8168374169217896,0.09779012176876473,0.3303389368773011,1.0167840808215731,0.18960090962260107,0.4560269665004545,0.4500558740510539,0.43204083725917963,0.39120479456981866,0.41963781268615263,2
0.3562448031940917,0.3307641989959872,0.9341266414150949,0.6502502340035011,0.48057183466830716,0.6425890550677903,0.08558116651971298,0.7115931204912749,0.8357229628678084,0.4299157239113776,1
0.8653435706546513,0.5584881107017198,0.3183834921527105,0.723112088485084,0.7705790005472215,0.7533241172464803,0.678953139774536,0.10138107599699712,0.7796652348033817,0.9282863182476471,3
0.03153259422540571,0.2367751733990579,0.7009470522255941,0.016778120208247132,0.042700249724688145,0.28050875261512564,0.13037241266153057,0.8672799872472318,0.4642364208779298,0.29785884210361574,1
0.8349225888077486,0.3423219583515934,0.4885302141850613,0.4623532548556744,0.58087982434415,0.525878816346382,0.5593632999832698,0.5199766330711972,0.059636332989560246,0.2607833923477954,2
0.4406519196622042,-0.06222962924780326,0.008319823458281805,0.7814966119795961,0.3536639860594494,0.7458314592555053,0.7084255011072034,1.0535597836739585,0.14011043073849833,0.7088360648479013,1
0.5691017635216229,0.36478280819920267,0.32298683907005604,1.0349759885833008,0.17060594966211073,0.3347937481573096,0.4008237292208783,0.6636098548438555,0.6562981276182689,0.20214198121622584,2
0.6079130769068276,0.9033313513397249,0.012850928133797096,0.06132812685312744,0.3847326727239636,0.3198268351079529,0.14541491820782323,0.48930675895838005,0.13042746033407795,0.9228864054029924,1
0.39452061182598763,0.5935737381435175,0.7524196463918239,0.6270906757739504,0.09290292234527156,0.6681144198737825,0.2680909775285722,0.8765085953658573,0.6006294164698436,0.03325991002059005,0
0.5677905658115183,0.30062206971523703,0.8097276541898092,0.1901600429771666,0.1474580267320449,0.6956259291231319,-0.3501207284297919,1.2064482308434847,0.8909548595554304,-0.289157649520857,0
0.4639905675014915,0.08256135047649993,0.204051760889941,0.9388332520428491,0.20175142497695572,0.33580540323154545,0.7342018138154538,0.5378618155866486,0.8833213921374761,0.20434939603871569,2
0.8113103874916225,0.8457937770767041,-0.2265914885276727,0.7262004388105333,0.831269513349547,1.0276859567533485,0.3826721645620572,0.5950230047446611,0.04848107224073838,0.26297684845163183,1
0.14430906330543372,0.6476391387698435,0.8384844098542669,0.15224558209178027,0.513933015801564,0.49128221627686175,0.416180491514949,0.7836801718602773,0.369057451285884,0.8371100537666161,0
0.6425595397734241,0.7022302339479497,0.7735859043720984,0.4349797819568679,0.6404887383841195,0.6511356381504319,0.8581070501352999,0.06982263626682839,0.1943166257715317,0.33490100663149025,3
0.6368723841079561,0.6286835539811504,0.7138546144790193,0.31145186987042295,0.5646577350955866,0.7816665598363617,0.7621184661158995,-0.052725123163837206,0.3218929727053904,0.3958585235974382,3
1.240991056539198,0.0665433802285178,0.45889004044841175,0.5950756902202405,0.5480352567692564,0.5803390953166381,0.8080925066104854,-0.03851962057348218,0.994596405066951,1.1820794455005261,2
1.090384771422663,0.6680533507507043,0.7076817405448614,0.00323011877136134,-0.04468020563402403,0.7354170299444815,1.2159827785772754,0.5003013039504722,0.3918258851114577,0.5694488247611756,1
0.5850850533052714,0.8725864562862291,0.16357631540576595,0.10952118494362348,0.779137241122503,0.05546058210125467,0.2567564874101038,0.3736767753321555,0.5831167972017649,0.0074198459195018345,2
0.0791149946331284,0.08282107113783868,0.7725735178693371,0.27594498246080545,0.008316200460713685,0.3506826134917268,0.6007830381213006,0.3473542227210564,0.23805985893015533,0.5130118392514649,1
0.9502065087005694,0.5716380212508234,0.7756028265109846,0.08309089281626168,0.5451964035081523,0.6265958464362879,0.37100873446391114,0.19010999643356524,0.8264067110162521,0.9746324816010267,3
0.3712576190163618,0.8843700458008578,0.7706116309310829,0.7790994736129742,0.7719061432065375,0.7864983325182897,-0.1614506031571601,1.2068564557870864,-0.02757498668313474,-0.1871480164387006,0
0.4649734103367281,0.5619625618563963,0.3388176447990248,0.8260929619898594,0.19155569781913775,0.2802393978881934,0.43380381922439226,0.20272077163607344,0.8833280479546115,0.24192578754161814,2
0.28242223905651503,0.3692142908060239,-0.04350315927696506,0.23234716320811852,-0.08717561384733036,0.4313036503592108,0.8561420830426596,0.19468151869065123,1.1757306940811598,0.6060082576096916,3
1.0110875436138378,0.5870201965307187,0.31258572467210805,0.9008053409378116,0.27750214621195424,0.7298954341995734,0.783244118793282,0.5359234519775602,1.0105397176528534,0.2211935316728349,2
0.9016560735205872,0.4781718937690367,-0.18631498226937693,0.5168148953875492,0.4518995122815983,1.7836814362068973,-0.21376504418252817,0.5739535102699289,0.007385145018893452,1.294897121845612,3
0.6003491781125246,0.8957740074333698,0.0067963115744318755,0.07472536082321429,0.3908810099241877,0.33003641194891953,0.1397457306218447,0.48014410640689864,0.12597571360598292,0.9136824946136115,1
0.1271087897542068,0.06125550895736703,0.2979912238873065,0.6725488733884752,0.4912768873734713,0.5669502503967704,0.5981538318776879,0.40752121095289995,0.9293720254173157,0.7641883918896862,0
0.28211951307820565,-0.07154935071830465,-0.12783192903933266,-0.1649552563851266,0.9618312906782457,0.4503980359113564,0.6476907783160526,0.6067949916893973,0.12760907142062594,0.1292608457097584,2
0.7959958708532786,0.5045769484694812,-0.032416546572589494,0.6086543182925115,0.20289439233151776,0.8940248345243813,0.7088686098439884,0.1505663678913763,0.6403729156610414,0.5076796542062443,1
0.2845549930749835,0.6553711104008818,-0.000543667953232543,0.0189259383068768,0.09068679638943188,0.7732373694591843,0.737073859987705,0.25265091917994337,0.9917361549292572,0.881660096711554,3
0.21084216268234654,-0.19075236964553188,0.5985604959167675,0.3239729720592565,1.1664178104362366,0.12475290709188866,0.7585141245041549,0.8105881727549409,0.1993534631243127,0.49341438537905263,2
0.7478861094347223,0.45803970818298045,0.9224480962113346,0.6664615458502156,0.45590645561646526,0.6539441292503515,0.07714370526372917,0.6719928342065343,0.8725005988361555,0.47263074968263863,3
0.07753883833523112,0.10915010574100428,0.29594762302160343,0.6944629855891119,0.5060975921848434,0.6121115793562675,0.6187624713119951,0.3899336206476995,0.914438897671742,0.8141806392253722,0
1.031866546430548,1.0714089482600853,-0.07222743495156647,0.6918207198668107,-0.3934551721225389,0.4502548425835121,0.4728011367299101,0.5502731546082622,0.4301300592433714,0.9270549369131671,3
0.7530380307565641,0.8879178382143278,0.07842342038736233,0.8656892726968166,0.715530305851463,0.9707869661262607,0.6294422426323975,0.5539715457184576,0.046659376187215565,0.27185004571710525,1
0.09886447981845047,0.952917196551309,0.5005131090818118,0.515856039879975,0.5527978781101672,0.6261383486210801,0.9405525979595205,0.6047932172461743,0.5611387857487469,0.9751547355056698,1
0.32373573113780374,0.3910958305965282,0.9705521213061343,0.5965801599764942,0.35417902414648034,0.7655744822924437,0.15952319428044606,0.6730318574218087,0.9149420556730486,0.42846540858242815,1
0.7136865159888099,0.27472566598143006,0.21403056697849465,0.9860242474630712,0.5071396542561318,0.5444999065879901,0.8137609308016674,1.0556873947664425,0.12113955924328601,1.0436478505994697,1
0.7712282288282426,0.28062348341996896,0.9005515924397003,0.06800770859894395,0.6179166600419324,0.27810288744916234,0.3794105398446052,0.4530936273912908,-0.11707602457371658,0.43175081349543143,2
0.6068910119958147,0.4163493393357972,0.5481301992513472,0.22797147094305698,0.5689383672662287,0.6901166328543613,0.575054722234698,0.29023036544937647,0.1920940117739804,0.32924357254211345,2
0.905946912488507,0.8792992989297077,0.4245411522384281,0.14377361244000697,0.58051928923657,0.9085679985479995,0.7928382072037886,0.14032461688000453,0.2199972924917622,0.8649721035008533,3
0.04418444404575349,0.10949145464296406,0.7282639763016762,0.2681420580378892,0.034281714681421355,0.24030943650855885,0.6225095670466102,0.41431652785267803,0.34833855983866957,0.41802513593409035,1
0.6220369750049866,0.838260501521836,0.20108215536502888,0.13043231273456557,0.7689927792798327,0.10376182925200635,0.2656413209669925,0.3416699817085544,0.5398418142296483,-0.02486860695677421,2
0.8934819041368308,0.4754568090299121,0.6720112005494958,0.17685386167567707,0.27400163716450765,0.8762114715229045,0.8712101272571934,0.7887070388917711,0.399104753898131,0.8104926632877117,1
0.7057364966486273,-0.050092211420145805,0.18612772825702142,1.1463485753173936,0.4990761978195938,0.3194192782654959,0.29921061877424837,0.9303884031965768,0.3410676589934252,0.3552163083437988,0
0.6895049164476723,0.8178153365650901,0.01775469646535384,0.07016306513392064,0.39548694936419954,0.3937294120342114,0.06945642156396618,0.5197561231226909,0.21036566526107608,0.9799168529534283,1
0.7295388808768717,0.744650710120571,0.31513962878339546,0.35044192777926797,0.6708292030213006,0.36475815969326614,0.19364758575058288,0.6000834464214944,0.1384528181720882,0.3065949818397502,2
0.5797022900302793,0.14556504768359793,-0.32199933864541863,-0.1345066566429718,0.6878570090217869,0.6653219623295218,0.3119533799759181,0.7689799603136832,0.1300009333088734,0.5390442685863621,2
-0.5834859313657679,0.018288206573106314,0.8878316181505437,0.6083121339626286,0.5741510372899594,0.3434823844400523,-0.05074716065743168,0.7849028898100847,0.3384218323677537,0.31558615183504635,0
0.8306959832044007,0.5972985307834466,0.03705127195199977,0.8243591712352987,0.2575806004326101,0.8802916715423137,0.7226561409484269,0.31575043180940304,0.9459002719203737,0.321600149032979,1
0.6469228186380673,0.8364422103495016,0.2721979617519823,0.23036382518802348,0.7598595678598781,0.3762055694985965,0.16487779490132448,0.4354744066762197,0.07697439317435541,0.304109551829734,2
0.09843017841416309,0.03752510657572233,0.7989411305033437,0.3098930274629744,-0.0697561394588215,0.15685674830599108,0.5827419832684206,0.4263903058710968,0.2625257188012958,0.39264127162079243,1
0.6648262313464739,0.06399618345877103,0.6206546708265335,0.5494465846244875,0.4760792841300358,0.06727366591714834,0.6800426108341954,0.621234114374398,0.08267434413642424,0.5104425873315384,2
0.7191380578372772,0.49311183301199285,0.7364055575133132,0.6124346966129316,0.37491273361935357,1.1027255672882166,1.301218633827518,0.5211407575678324,0.4494418182483062,0.43515683978968317,1
0.8396583841607747,0.4181996604793595,0.691002600113594,0.3862453402516887,0.5090024196617219,0.13093584056601476,-0.05537884599112375,0.2896759752602184,0.24215670159680744,0.4794133315899858,2
1.0616342620683228,0.21567753265265868,0.1693540797180998,0.4161145943441459,0.36857989564381055,1.0238340327585487,0.9252991474248178,0.36032618223976365,0.6514179341202508,0.6948743612294515,2
0.9673362512450235,0.7537807195636098,0.9428903118163292,0.46357002117193025,0.11749551861671026,-0.7882062455712578,1.0673364271556085,0.9458919274341594,1.4924828033625723,-0.30051269656714286,1
0.7210194624026064,0.11481393360960494,0.22487677777338363,0.5221085894331194,0.20763751930684454,0.6708150702743354,0.7208490871254523,0.1890050834832409,0.4572356393005177,0.7269784847589986,2
0.06872464295779437,0.11691878328520529,0.7519457541972621,0.3002262272682885,0.06253141533858085,0.2395103402470914,0.636729925034755,0.38212184290157736,0.320525075868227,0.4322016170950476,1
0.5088122679184579,0.8363299381513847,0.2879727377153356,0.4958357111781746,0.7737424538190179,0.18991252828192884,0.008414131011473496,0.23879586113003948,0.5252758866925595,0.9114538076223879,1
0.2153852656817365,0.5541992971352451,0.9508832221447067,0.18039009304520107,0.718723148507819,0.21163167705941144,0.4995158591083526,0.805761318975101,0.11136565574804394,0.8708255175714545,0
-0.006591757486700184,-0.007896775882190087,-0.17469983516361576,-0.6016694326707556,0.6745384965473201,0.15334950669488062,-0.1656082912357434,0.5529974041734582,0.6114997036697386,0.6244285872040711,2
0.1844697427225351,0.5672756873053059,0.4085169431355449,0.008600182136846019,1.0208219361473365,0.735638052439088,0.4428134144376995,0.5300471444448516,0.3624607671341391,0.05034692847359759,3
0.5931236181174403,0.7554815284158631,0.8306555882994073,0.3205373080118038,0.5168464571705156,0.6877069539781077,0.8819588601267594,-0.008164475776888946,0.302129314592902,0.31361969702471376,3
0.4101870058427372,-0.18662834377402132,-0.03523643314312476,-0.2915817562655663,0.8128298502423974,0.2881926803771382,0.7731789554652805,0.8037762264325596,-0.060445132199064056,-0.09159945740337538,2
0.6184481165055734,0.9122755340489187,-0.002663910098574347,0.07929241517433652,0.37057388922055673,0.34270990889615205,0.1443037609698534,0.4801253109446807,0.1422103881803963,0.9489140441249423,1
0.12590794487478751,0.4936290033889218,-0.002453361972876711,0.5013554560946618,-0.07558157131037269,0.34885417438624,0.2580240567340574,0.843543461374743,0.7404113901677947,0.0656547081807338,0
0.5645551356946723,0.3064063899242807,0.2745811812737471,0.9632062549569103,0.20134462020689856,0.39278540865117023,0.4580164274206699,0.6351487302697038,0.6619046437167387,0.19009184243560412,2
0.5114299935702319,0.020311064376665175,0.15563816488542798,0.859784541970765,0.4960781204748301,0.7199180395659411,0.8569340889914839,0.9710634532747636,0.35439074844105,0.8516419816787411,1
0.19637364255240702,-0.10428423240833581,-0.18545766462879687,0.8847871058754108,0.7916412887028673,1.0531099644952562,0.8340655340613577,0.8009629831895774,0.3261756426495695,1.1075386297539198,1
0.5280353980206146,0.735119858061907,0.3792949748967534,0.3512718034243284,0.7460963165872847,0.6975990026137204,0.29010496302127897,0.5880225777940432,-0.24915544633949088,0.4934242865222027,2
0.00950466957631739,0.27963589456451465,0.1031158809512557,0.776530352024803,0.7449745677946837,0.20105846286955337,0.6069242319027145,0.036571013065379354,0.90184352295155,0.6593202030484955,0
1.1301607373762008,0.010900943982364741,1.5276316155120622,0.14134100537684466,0.06338427849170054,0.33977681189640285,0.578133443920839,0.5513140176518406,-0.5079459030803394,0.7421896905159849,1
0.1725361623363204,0.7879325611382874,0.3716818774279892,0.3022847742255278,0.6499447069573867,0.8187655469456342,0.9357851272514995,0.8832631594506561,0.6990752617461062,1.0092507580916377,1
1.2367012631527647,0.5381931485824196,0.3506924433977724,0.8386498172561015,0.12807143851148503,1.0349088909795607,0.8787327877122133,0.25970941894727284,1.1287792815008435,0.12176918690520164,2
0.6407095337659195,0.8908983471403545,0.04207854659652162,0.04541804721236215,0.41572175309677273,0.34857342787047674,0.10537407775935068,0.4747542257963138,0.12442200275019638,0.8905157590872264,1
0.2230168449168479,0.9244546661259939,0.04396811420771986,0.4773780296576036,0.620755703497944,0.7399814209332702,0.9351254145771213,0.24450237685039655,0.7170609926748595,0.7359294880685003,2
0.0752976153725873,0.3818029661891039,-0.009130921945926962,-0.3921545822052906,0.3886594885733478,0.7490713816573777,0.6176777080013465,0.6448230045867882,0.1251938064495665,0.0007584940076584834,2
0.9846384832193602,0.5571214401052411,0.46160432083108516,0.07241840463940472,0.3026813411863512,-0.2935436035130566,0.7611851766209838,0.5424121251857217,0.7413801057704266,0.34307907131945686,1
0.2598171797369351,0.7843738425336876,1.0137102394593052,0.5226679827457009,-0.05935162094242408,0.37084148907595615,-0.07981179759634388,0.709198943748116,0.801954209197387,0.35940063853040083,0
0.2242155857167541,0.671222957604675,0.38883591881582436,0.1769722715735667,0.9871777007912055,0.6170026163846393,0.4128134309789998,0.48283160309341655,0.375690122960211,-0.0018294389995903715,3
0.32111915740462155,0.8717793980325452,0.9868910057252386,0.5997457344268764,0.046136894677586054,0.23097179900204837,0.2215957178377469,0.7825470080073905,0.08937813463441713,0.28303959938925405,2
0.4300404245649198,0.4983562968958892,0.7050843710229147,0.754382398025451,0.4347976589615441,0.2188613062495512,0.7503967189032651,1.0593400912054833,0.441624828309933,0.24387030727055353,2
0.3547731327159589,1.1367197176125645,0.38053152449674843,0.48000473173292435,0.7229165654216448,1.013260202154837,1.2617862502167894,0.1424906594964107,0.6510020578100835,1.0389796927125898,2
0.35524497306422936,0.3619154264298791,0.7908210104783769,0.4531539952840433,0.4287663222659551,0.49214410547531334,0.06823453558183878,0.7246008029546253,-0.12423853908795568,1.2355365677083832,0
0.34296271080207585,0.977660678858036,-0.17608279095315088,-0.13695203120554003,0.6627507715820845,0.3317117089906663,0.28908990047607913,0.604695875496235,0.4530810929245713,0.025856406676009695,2
0.7722650555360654,0.43499610831936564,0.7839759497294251,0.2673490212885297,0.7192375845016324,0.531251820865314,0.5960876171128725,0.3203480972927893,0.18625973730108505,0.1547253517613953,2
0.524579172881693,0.8306790936604035,0.3035853159141822,0.530059095941673,0.7868036543576061,0.1397076386388936,0.05256357209633743,0.26294311765982215,0.5826815389131551,0.8860156253428673,1
0.7054797397937083,0.27786246186794594,0.07062509475125628,0.7839054324460537,0.3312455386530511,0.8542874910918621,1.0108122597661284,0.4040917358258079,0.7449737815678623,0.9073245682747,2
0.38921738305018994,0.6932534496874274,-0.10858900139004314,0.21056312190543078,0.07415593993520211,0.9116579286919312,0.6384563887629784,0.3861949274014755,1.1175261095200064,0.8812496207780501,3
0.24410794586324128,0.8934994009980005,0.05288263176881692,0.4470605835762082,0.6515896388886449,0.7481294668633891,0.9702012183691402,0.2492027476726743,0.7081202366628624,0.769538430143632,2
0.6932955927455621,0.7566220611669436,0.3176952509917613,0.20233339610775658,0.8012791561553587,0.43000833402272737,0.08696848257709286,0.46837595788198016,0.07239523356066552,0.2624114951239776,2
0.9910798918103257,0.4721977466182762,0.47099836468152595,0.9199078551368355,0.6538703577886384,0.598495307775755,0.7223871852950264,1.158717519494765,0.5464702361919194,0.1701838705587504,0
0.7726237098851529,0.9739906015203409,0.07939077235911388,0.9188744114515218,0.6559636224933935,0.8444731954226932,0.7299830914315707,0.6834399223759156,0.13038264836765703,0.2646088069341242,1
1.0755011335669566,0.11854254304158314,0.33247819191405037,0.15427621949866738,-0.09728123973015317,-0.039756496782304515,0.6698522845715753,0.7411590902866122,-0.13628736982919393,0.5843283721396888,1
0.6188651834481467,0.9089339942477594,0.7259298287937813,0.5003333584840475,-0.04681915812425205,1.2930786229816023,0.06845285028782921,0.49113728226106546,0.23614103826324412,0.8838524556436786,3
1.0004604818445504,-0.06246006926819636,-0.15324579918729975,0.6211508322086352,0.2847362884844807,0.10438029377964905,0.3796278555474921,0.8733608785655061,0.24981160019002863,0.27453361782578417,1
0.6462764856352097,0.4137535963121798,0.3456362894228856,0.5179001887261597,0.6863651656585961,0.14041569286843908,0.20397280877822882,0.9334830058098487,0.7544928952868697,1.099748105030684,2
0.9993072358424588,0.6291905991702201,0.3064054553906721,0.7741044354490355,0.6395025635823445,0.7894270210459627,0.6154661162458493,0.22787705775299683,0.7137031120495361,0.8822576887963636,3
-0.044489478004769434,-0.05468743496885453,0.7520664425692627,0.6794025929332336,0.0065515366587055035,0.2953840805805143,0.30323888915618125,0.6984635443872649,1.3350003928392884,-0.029595381601247417,1
0.5423509921254492,-0.30243519447297423,-0.4931700015369954,0.5432341390630427,0.1496633527648058,0.4374768758126093,0.22405711199262812,0.6344882163079627,0.009832138684942426,-0.3399192009169544,2
0.3666505174750292,1.026420638497837,0.0210748642688195,0.3016336987017114,0.8877386749581497,0.6611015804529901,1.0639450843094338,0.13647262552627287,0.7488803798801843,0.577720625595354,2
0.5858414125743434,0.8809705662236311,0.13476649392372592,0.1316364532631555,0.7756460198365758,0.03848552943496197,0.23259341451722582,0.3532435999277876,0.5901320215453073,0.02116793097129251,2
0.5270027149570404,0.1650258290051882,0.3123112211101592,0.18834969109157718,0.665545653977112,-0.0668600674851548,0.4663745685055549,0.8196730458272726,0.668651579019768,0.5619388759012041,1
0.6284852582096812,0.2639903135056554,0.27814547334804257,0.29677178648376856,0.5906718557799944,0.07978950866338202,0.5734563343449885,0.8119673410929739,0.571705603963107,0.6792317741388466,1
0.7432330170007413,0.47053673921429245,0.9637874086603858,0.0833403547092379,0.5039100635448067,0.9099781520857566,0.7230977523617883,0.48678394657611956,0.24842156992293218,0.17092149338269672,2
0.6475240360015139,0.2550357854291536,0.203899678048402,0.35979790261335354,0.517213494196397,0.09508276611484606,0.6536326900984848,0.7295566169157365,0.66303421105574,0.551906094258344,1
1.0083015102270843,0.25850715923428635,0.16429190203084715,1.0052110789090993,0.6762924228690493,0.31392145584176984,-0.018899008211646792,0.9303657554169945,0.1552571147846999,0.19587515210291145,0
0.5350177171337641,0.842652011445036,0.31338963217700744,0.5349193987126697,0.7719581372446579,0.17481259823787068,0.016353363314674373,0.22476472142612297,0.5521479541476344,0.9251218631753142,1
0.8683650958524788,0.5500384040940438,0.2812334566184776,0.7513180470272388,0.8151385775854132,0.7061482151349984,0.6563638530124081,0.13570913179924116,0.7850421290392259,0.9371785032710328,3
0.9255917942912417,0.5528571894103383,0.7681303904181687,0.10253496297983195,0.5478505727326578,0.6487556163949718,0.3561813665158935,0.17553732719421097,0.8169760896099958,0.9747318768672742,3
0.007853044768232523,0.3801732819223952,0.2807327925009499,0.2523909377841592,0.6063096776359378,0.31105477611086585,0.27328596078997563,0.36054537972410033,1.062701897657204,0.8177851442395946,2
0.418490726724781,0.6446536070545446,0.7737023957099507,0.030708540921946234,1.1268918031163886,0.6516697324288505,0.3539367003169761,0.7515779502765672,0.6994398258715963,0.3020409562748218,3
0.08248658435188132,0.09606122467849461,0.31392528780562307,0.6904975233461861,0.5117177430256876,0.5952668188533468,0.608038974691828,0.3966306141817122,0.9175818021134748,0.8030517126635665,0
0.7867686550143232,0.44920300662478785,0.7701264145648916,0.25859251021320856,0.6850028936381667,0.47060868418790547,0.6927198697806309,0.2608773868505109,0.11819435430195377,0.26712357513715396,2
0.4993649349301276,0.06555477311220002,0.16959931619794627,0.8102637951952167,0.5012713848389906,0.7805186198689361,0.9319639726686982,1.01145907171959,0.3619203876588143,0.93330097952431,1
0.46903110779048873,0.23335049903388133,0.5153071957743356,0.62240501759204,0.15240511069011106,0.3309508524795919,0.5036431630927164,0.1546464260717466,1.0611404979177816,0.308056332921573,2
0.9387809019354998,0.5491022825906655,0.6923757207301715,0.08331435982149828,0.5432710553735863,0.5664458280852182,0.33859858375703056,0.13008574804750586,0.7488409485200909,0.9080410123113041,3
1.1742675921103736,0.31704726089033475,0.5915033107451124,0.3037396251481047,0.10232686350884723,0.17690087744260807,0.3319753324195961,0.625503354545178,0.8549960028377195,0.4135534374770691,1
0.5991216228094272,0.06309447698688256,-0.42045985391228324,-0.13050903561885963,0.5330604848436487,0.6933560761765094,0.8893579590585704,0.6740187395083863,-0.1893604225745285,0.010667303765533043,2
0.7566238659127794,0.855126092085768,0.16393017181168928,0.839735212501296,0.5433222170752415,0.9093121200735851,0.4782485811975306,0.7215566534116901,0.10625667786488427,0.2978416727094362,1
0.3432864492147572,0.4966673487031399,0.9789986914024463,0.5628753347952336,0.49275478930715466,0.7134445737980056,0.15955105682043277,0.6682062701366944,0.9200784313133283,0.3470837011107831,1
0.6728047889051302,0.4668069387026669,0.6165956838580722,0.39372951338126533,0.7264260496744,0.6050572535888108,0.6728020059062096,0.4385819896386032,0.13373029676785303,0.17314775242971245,2
0.5934704792832868,0.12144720309849583,0.006073000915978982,0.9912261769355567,0.5418883974216874,0.6576464310297931,0.9217519112623664,0.8674378755858357,0.34607536374837516,0.938504664708314,1
0.5180590378174762,0.8246759706732558,0.31409222653703117,0.5189417171966055,0.793843882601966,0.1622746375032298,0.02255568203494495,0.21575553446604864,0.5373595445227431,0.920273836022676,1
0.7182904242350636,0.022015563813124125,0.600848780093066,0.22438674220181598,0.7694914180115036,-0.0754244769595151,1.0318390120693146,0.7093956979194241,-0.22650928119308267,0.28045460337870304,2
0.7767133410550763,0.6966640695860923,0.3829745404657126,0.735966943369792,0.5308652037635114,1.0287389551006587,0.436421366123086,0.24634520053971146,0.6883781326574429,0.22841797078191012,1
0.03299884926774477,0.6841131766404674,0.18349353181507322,0.48946242967628234,0.0027826739910169207,1.3813038300429425,-0.3610563459099104,0.3821650044962407,0.4818446583979514,0.6473747045406487,3
0.9050422984424018,0.5863981613452554,0.32931084040131353,0.8519015982133054,0.28269114456850053,0.7259008912500131,0.8403431628849266,0.47543266340367774,0.9565519096319008,0.22262803512673096,2
0.10658053392810374,0.9087638583471345,0.23800005106697514,0.42132114523668995,1.0153443461640421,0.5655997048067801,0.8480627768522565,0.5454519136917533,0.5746653050106774,0.15859242131371007,3
0.053239736812200955,0.1850049811781194,0.6244519311009225,0.7241929794076227,0.30751539922092985,0.6728337801035589,0.8016360570020207,0.32801303985400554,0.9344403655591184,0.28206459170193554,2
0.4371108260649176,0.16988834724057844,-0.0068383414283337,0.8158877738617641,0.41909378791777585,0.6745906231226053,1.0187970416555674,0.8884000126405143,0.3815791887859971,0.8307558793971651,1
0.7288432433638926,0.48460553296835995,0.8006162671170834,0.4482593628097792,0.8603117960244435,0.43326881348244106,0.707943130189953,0.49574666043320414,0.05680367592690434,0.35416647151902864,2
0.5138087116111142,0.5444146352909294,1.2733949276351275,1.0230823774033095,-0.2510831715517488,0.6283995282796767,-0.016306679078244013,0.666048692260835,0.4171270634008395,-0.023741046443259223,0
0.2757416884293627,0.4249424990488823,0.9928794587173249,0.5515326563096925,0.3550868892115707,0.7432339122175108,0.1027034855851505,0.6597384289010821,1.0033065946639028,0.4243183661727217,1
0.09246981150511388,-0.05721704348311657,0.34848956880936727,1.1036338379380275,-0.2244417857562951,0.5949706283998013,0.8844551083347494,0.5956284486120131,1.1590596724290902,0.03455268518755028,2
0.6584758145525217,0.1735702602246876,0.8166151506574129,0.09871866669533327,0.5386796952498994,0.556444551353493,0.5954847440963894,0.4357530980156594,0.3237446342175281,0.025264334037396557,2
0.1478814838747744,0.49131105164711625,0.006701476602466894,0.7597759754684161,-0.17690084994845806,0.044682023130748705,0.3165024665136711,-0.09840748113874376,1.2964750472516093,-0.23167044481987226,2
0.35526664922901674,0.44295510038381414,0.3298199468725713,0.7399498754393778,0.1561778498736961,0.38565572752387905,0.5282166526299018,0.10342119529808053,0.9692641847551993,0.1961922316320369,2
0.8589881751858666,0.6107661219963423,0.259581433723865,0.6693255178205727,0.8253899467424606,0.6847578467270936,0.6115784028919737,0.1689659196202789,0.7364976722162943,0.9231809553923355,3
0.9739054084159028,0.16247565599378738,0.6085323434591576,0.8800656489739463,0.5822665651943523,0.49502916206313813,0.5492158193791357,0.2925401505682137,0.07952801874423743,0.5847116688360018,2
0.6082861432589296,0.9058818063619062,0.00828810633884301,0.059760198581690537,0.39117496750127184,0.32288098168891005,0.13561327346572236,0.48766447630124776,0.1320853428993092,0.9258565211037956,1
0.7108071621154024,-0.2314588465518267,0.36990227835043216,-0.2844746649182473,-0.2105667469894073,0.49452067446488845,0.9902925369871522,0.7652239099626118,0.28770708830962943,1.0147743647909726,1
0.47407442806940386,0.6487375875026263,0.7651204667893885,0.5885065218120087,0.19307171930904019,0.5781095034603243,0.23554576296912727,0.727561156539396,0.6189312770107793,0.03979133103880465,0
0.08107536736833043,0.8460086430542795,0.40899229247001984,0.4575515578039875,0.5142177710837232,0.7276519994720342,0.9432960002567963,0.561825744341034,0.4678715240895739,0.9317055116922963,1
0.036628648894162535,0.10883366816228798,0.7614089001693924,0.3189353066296828,0.07325781503617737,0.27594082727428526,0.6361132957110499,0.42431168454673873,0.32239397696765926,0.4600165670049445,1
0.8672777288749627,0.6213577976358808,0.34380613334911725,0.7960655370479778,0.644967308403591,0.7170830612819746,0.6401508464814879,-0.015108174127705473,0.6913539458161757,0.7602031817206842,3
0.2880375567033386,0.9008790786677776,0.9853857812881777,0.20360480064823297,0.9994170149315723,0.46842363864518044,0.7410204863892361,0.8391110062788643,0.5632959373515216,0.8446221431322076,1
0.872497870042966,0.533204010728361,0.32153761044498114,0.7098994957371538,0.7835155972750197,0.7810016240611758,0.7036249724221013,0.13231357157159623,0.7952332303848492,0.9164858525907474,3
0.8439016248713841,0.5777642114659867,0.7865422997287005,0.2989326006375203,0.18712380436007223,0.7448341552783506,0.996211271256611,0.6080183456012506,0.38330467453566786,0.7244321871919327,1
0.5956119922285581,0.748929805496407,0.42195996253061063,0.4910789119728699,0.14216486990090774,0.9977676704692385,0.1677477452824009,0.274122880783999,0.1431832804838996,0.6538349071399158,3
0.3309091983413859,0.45517137206908403,0.8229772913855813,0.7522525308473551,0.4528849590768475,0.7271968018878615,0.17713831597545962,0.8238398364891293,1.0988945801544432,0.4508363852070493,1
0.03731546583958616,0.12109544956955652,0.27494944025805307,0.7371226798233461,0.518007158584017,0.8408409721412338,0.8986307694961985,0.3418726656380274,0.6798476318712149,0.449056537737193,1
0.7500465868186033,0.10258912035689088,0.7118584422803502,0.701882662364937,0.3496655673815878,0.12422971309983658,0.10744311551909044,0.4806646085962953,0.4043624501450197,0.7534793868949039,2
0.05962925629241009,0.21985971890638537,0.2992054996580461,0.764400046374395,0.4314819054914126,0.7937741287624269,0.9281723208903192,0.3231713923991007,0.7645964686898257,0.479644376395922,1
0.677834760363081,0.4261279542355981,0.05282840153237364,0.23240870858276652,0.35399523794410864,0.26323362961021224,0.7098791336774499,0.8029937076686399,0.7551852935521259,0.7875662355080228,1
1.1105743897533835,0.7770895449743614,0.4812074630770278,0.015571250004405707,0.5143330435169573,0.4259606709974554,1.2604851021388588,0.8990210467321444,0.7053321843246196,0.5973855423584646,1
1.0124030703025264,0.3411556530685845,0.045137035788738844,0.5714160089035929,0.054375125108592604,0.9647090762443721,0.38358402180519247,-0.09779115079402623,0.8000256740234719,0.3180752059945471,1
0.07115672717062829,0.16250278731482054,0.3440569062301514,0.7253515932944434,0.48160575284536494,0.848082852625742,0.8426706844737316,0.35089695087463496,0.6836317074388253,0.4835616936895936,1
0.09153755303328191,0.8570253032161124,0.4082405176155563,0.4770696851898557,0.5259079979408116,0.7219535610564687,0.9402527600729214,0.5599734419144429,0.4761581200675122,0.9155060529963182,1
0.1784127354021297,-0.005834095134064656,0.08592448372037112,0.005985225066559567,0.7134879398101455,0.28454102383840013,0.4485241696519277,0.44914912090475756,0.2534998776217746,0.18835758070868347,2
0.4722229000990737,0.2239774300652454,-0.06836224401691088,0.9727020556108706,-0.002717920376768962,0.29272434591079466,0.9350468511337002,0.7064511826684443,0.5458766291000077,-0.0631414005234987,2
0.06358205876334547,0.341844205721419,0.2902291971518641,0.06947780495032849,0.5135468043015541,0.2901667914457906,0.1345477700705594,0.36493531567872306,1.0069427597259624,0.7458585028425743,2
0.9693230075334045,0.4798376045851112,0.7693185293813475,0.10564726005585667,0.6755111628957552,0.525116946335931,0.3678313248050856,0.20649916121184478,0.9361775663002976,1.0583045204541974,3
-0.023972138268560428,0.899036997220073,0.3811641879667875,0.3557261777544137,0.5084765659182195,0.8170461661678474,1.013518703485823,0.6266708514572203,0.5520171643266316,0.9000664675521604,1
0.3371108462492146,0.5647384951691882,0.3240804964499444,0.3045080348918926,0.19613738971993436,-0.10459487863456501,0.25109431481852407,0.053880098052715,0.8265137580863,1.1204438047337355,2
0.3421631338390491,-0.11110013568232037,0.24630361003757345,0.09683538123222156,0.61409087013402,0.3243485539820046,0.397731895033375,0.5149006158003673,0.4027291912760386,0.20283951825911925,2
0.5509499355340538,-0.24282156042824937,0.28704616056465193,0.30786169442781564,0.43837806836825066,0.24481896480603293,0.684026283505301,0.7256167371104105,0.3272050834660532,0.43037913008733597,2
0.21497709736253934,1.0677195402495654,-0.12155491719548941,0.4728547258042124,0.494686223041617,0.786547936068783,1.0833238498275142,0.4013962995492788,0.7682002225666109,0.919219668449028,2
0.8536761958202551,0.36713736623215654,0.5582693477157852,0.7211564765017403,0.9844821791552358,0.7227967376941005,0.47099193940909995,-0.007303810702497818,0.8988170494072267,0.8513599674168092,3
0.0435756969120712,0.24735415530285196,0.6960016574299354,0.006736067909171041,0.030722572735014247,0.286164795721041,0.12422417738602852,0.8570484132059423,0.46228303546040694,0.28375009556512,1
0.5673700481088142,0.2490030528515672,0.2941952364613142,1.3423267480559788,1.101517267829724,0.9490966582176763,1.1641638948214243,1.0767556446456208,0.20391908139725556,-0.22332345390290465,2
0.5824409156334324,0.7999418480423902,0.6937701168974265,0.15137670391676059,0.49501018502375305,0.2700754146122678,0.14611008614833904,1.0736929698857502,-0.1101326645298748,1.2129095678138968,0
0.6345994098928676,0.9228644473084815,0.04343807447377302,0.038533758161476854,0.36061953291657145,0.2778656788650142,0.18485551956276683,0.47549645978018595,0.15265103038006458,0.9734402906914665,1
0.6755709308088641,0.15128774487602636,0.36628367134784223,0.8580016479267569,0.025190195159318113,0.33498627887947835,0.015821856139594442,0.5630763414447627,0.039460842155595865,0.6194558841573379,0
0.7011603568674227,0.08874547160487053,0.6251557534818633,0.632738320759789,0.4435750419823773,0.16612183011825857,0.6904966117648621,0.5625958536764039,0.07613734304983881,0.5577774137561736,2
0.3729211231219731,0.3218459215968266,1.088933925835096,0.5977555338404074,0.389993885260268,0.6888867064044031,0.25232299602520025,0.6374468484386878,0.9702853002354652,0.4339041322506662,1
0.4750818045909988,0.07115691780563643,0.19410671233699706,0.9266888172300155,0.5033305302485305,0.6834764115687206,0.9338926672515994,0.9912477693071707,0.3520250090739651,0.9239693067649303,1
-0.012427770059268643,0.5762458914006274,0.666577581183048,0.8057225763658193,0.3534695104949971,0.5783563110313125,0.41595187099444847,0.8566767660681126,0.2928168889926298,0.15578715311802543,0
1.109501467002608,0.11471131962107212,0.20398727151839677,-0.06145099306102825,-0.11729547006154588,0.07227483148654007,0.6666489713182023,0.7168224335480113,-0.010224049268891915,0.40810137414109565,1
0.6499867860161633,0.6679124552313722,0.7350866092061569,0.4840228365717208,0.6389723222587602,0.6505662754171574,0.8352604482654391,0.03963811808626222,0.16762731953079976,0.3520833680792769,3
-0.6565503347762,0.47250179817153276,1.2189065675565316,0.2942262413088009,0.0970663956879122,1.182176804843467,0.5936912598190847,0.6778530100872335,0.601724698224261,0.6883049401578385,0
0.48718644280940826,0.059957007201614294,0.1536492755314301,0.8593449876152214,0.539434492398782,0.7026760127156881,0.9770017882423003,0.9981782889507178,0.3170842280315807,0.7690189852112626,1
0.2430817144657759,-0.014831597163681376,0.08690678337804644,0.9504147971086492,0.25465210700048807,0.8712824442735072,0.5432468839833227,0.5907838503991645,0.9382457672981288,1.0130081137087525,0
0.5603006544822043,0.9053359643299053,-0.0009761520228445042,0.02824873719972637,0.41192562604403493,0.30846305248298034,0.10101373058091376,0.502221421271654,0.09897420944405431,0.8793256455567335,1
0.9343228595307426,0.4373099871268812,-0.19984612707275984,-0.09116828096021001,0.17046090019171095,0.2677560283560101,0.48847743322794285,0.5117987420013527,1.0949672041560978,0.2738662163056394,1
0.9166298722945133,0.529287926937024,0.38800969840001237,0.7950911297374428,0.7998289575787181,0.807758733226348,0.7242382001206783,0.14101262546908816,0.7475998069423587,0.8464129064327612,3
0.9482994720059049,0.4409273956961831,0.11873207121323301,0.8755234677397873,0.6458125527815441,0.6209937284899366,0.5973850961548821,-0.031327891281622,0.560079270299313,1.0115036640787007,3
0.7403271500405666,0.6682297186196529,0.06555003730159603,1.0790639098012296,0.5775971315150519,0.7464650315024258,0.73844828376445,0.3664035581174071,1.0146293033377192,0.31311352765072253,1
0.26756570331946183,-0.08185315394294929,0.39489020741845227,0.9621428994172887,0.5259268203986012,0.6005459866267313,0.9472495021884016,0.5740145688894651,0.8128998521660125,0.6731705072676399,1
0.7656074582778768,0.17628208620075442,0.36979789600595314,0.5419581106710594,0.36406386910253485,0.7879248575897695,0.8362068145416208,0.3009650813018433,0.5529302951300165,0.8663237287563228,2
0.28558286606193134,0.35749723347023543,0.4825186891415242,0.8823604748770415,0.18675528703071048,0.16817519126903607,0.30486199636808076,-0.1414547810787147,1.117016103185037,0.3099068810876372,2
0.2825837203003605,0.5482450549095232,0.6852049017820878,-0.19746204335247447,0.5182704572152795,-0.683279539647096,0.6441184199059384,0.6764579028219881,0.3111305583951029,-0.10060904261807568,1
0.33611659447909426,0.8779208378273217,1.0089304819220957,0.612644781529116,0.02500934484047152,0.21622580329849067,0.23964519700941125,0.7713040726882815,0.07169677261944218,0.2660731768383994,2
0.4699847455235724,0.7348210451874762,0.39618605549762936,-0.07072154056086438,0.4351571205891234,0.9014157978565323,1.124678166980141,1.1037319845862643,0.27400475859019924,0.6319967391797693,1
-0.46728298113135847,0.48642033300237486,0.31789503414966047,1.7324151863601993,-0.12289905188786798,-0.06878989776831057,0.9026178248407724,0.5246797029575967,0.40836941167445207,-0.3885217736847386,2
0.4340832976204444,0.41476141934034944,0.32091285157126975,0.7614415601240039,-0.020545672222381905,0.5323024176092178,0.6382103027461384,0.2556428797933745,1.0002979618589112,0.16278227721481614,2
0.9345582184848955,0.5903485322000245,0.7602614998935525,0.07747455754627731,0.5402116763407097,0.6272652811228298,0.3726499461147937,0.1916514495882872,0.808483889927208,0.9790782963685523,3
1.09143880383621,-0.12219438571478247,0.21173279764984626,0.43907546391464075,0.3270204384557113,-0.4233565350416,0.637209859127242,1.3838045609888672,0.6395368442859666,0.6034096210079147,1
0.5510096205145121,0.9108711376707805,0.1932360989586744,0.08452665489351471,0.8222837445644346,0.07083848568324053,0.2643636647280284,0.3997801461347397,0.5569377670938914,0.006409110058979808,2
0.8851036793031682,0.5892597715041433,0.2704751006279465,0.7797277366190638,0.7440634593764566,0.7038744879763845,0.660491760699216,0.13497675447728882,0.7622014001802971,0.8962163092090283,3
0.6482669804994879,0.2534230702805295,0.2925900405994837,0.552796877072313,0.2369898946505439,0.2994264144571525,0.09539344716392816,0.18803379648945476,0.43759278733913665,0.5298082388643206,2
0.7029318798490481,0.9838065263709156,0.6979914988053412,0.03753684895075898,0.7430325541151094,0.09917041832047135,0.7707958242238949,0.4745961821967441,-0.05265586233024383,0.7911755976744137,2
0.3032287097109198,0.6680601612580453,0.025268316736852696,0.0017645684901597992,0.0702479670679668,0.7763915687787358,0.7382673411810379,0.24960427644901506,0.9983834459006248,0.8774560737519634,3
0.07780114510981034,0.8090699444268392,0.01484333012066416,-0.3891144298258278,-0.392943421089048,0.751548795088222,1.1380058454706465,0.3411784751600573,1.2649097682032076,1.0189761011301446,3
0.5200988443639487,-0.400116840368744,0.8146902016832308,0.3999645506517095,1.1187542485337978,0.7776060562619446,-0.017079460431941806,0.43995353395498893,0.2353120490302333,-0.4510775438446212,2
0.4933428977861215,0.27570116046266835,0.4686262292409827,0.04277501269742823,0.7520677763096817,0.7573407200837657,0.6565263309261404,0.2944714041171437,0.05659421924098985,0.49643972238616835,2
0.2268842192161473,0.8497204640682935,-0.06532533965175039,0.3944097747650092,0.701537303344717,0.7542137000986356,1.0051833784580972,0.3737454558807345,0.6243125889777225,0.6495595539250539,2
0.05981327704368264,0.2198029530424918,0.7105261542131124,0.041920263481945885,0.01288600071414028,0.30395004321580776,0.15508180555844622,0.871964551099994,0.4572691148688868,0.3125626476974218,1
0.623636899538577,-0.10656300146613606,0.4392112253181805,-0.06476681095121922,0.22140929420525163,0.3968286732365186,0.6435503935567927,0.5770800610335878,0.18905626057518723,0.5584507452635287,1
0.06429617041838397,0.8791061572847186,0.3894113727910062,0.6033518070385937,0.935073758493741,0.5657515661414664,0.8491523894808524,0.659632433475957,0.5845181936616314,0.04782575103834533,3
0.17024313362365348,0.6049507852766649,0.06927228460554917,0.48898589220901906,0.7861998667770249,0.5482013670827206,0.8040109656847992,0.5882974918661605,0.4880288848103561,0.6630835468357656,2
0.042738873787258824,0.527143350947074,0.8652765423920789,0.2277879362658674,0.3238416357050942,0.8137428119334257,-0.26070080725766176,1.224206146757771,0.5443876352268251,0.27128967041807234,0
1.2254036880436883,0.6077537898361018,0.28787074955262804,0.4138650622490222,0.11812943426885109,-0.20335136592843012,-0.22750450052268462,-0.0004978679617921311,0.6279157646983791,0.9721263085191076,2
0.6593136811629223,0.2322310800993655,0.5688183719158137,0.43766058677043496,0.1760339041898999,0.056190792926520794,-0.07472080658976057,0.23927004172218086,0.47076372238521336,0.516093900691176,2
0.6769220916176455,0.9596403653756769,0.1500688618603344,0.9123692852597795,0.664218517768378,1.036543861992976,0.6323327804175324,0.4521964720819075,0.024113763855951008,0.18438692355686714,1
0.2312271114609962,0.41210564926801946,0.14724181044317441,0.9298952081449309,0.2222984631048951,0.7011454667359809,0.5787563687216074,0.44385327854755197,0.12912104513923742,0.9144352845555231,0
0.6028816188796275,0.5390059701921107,0.16367028985963314,0.7565096326712031,0.08295246657513317,0.44329426944435,0.23269628904241715,0.6844710818186618,0.5958698530794058,0.44092385518895233,2
0.7494764436960112,0.6266649340984606,0.12443972894528621,0.6468590842570959,0.8285599206632934,0.5871262904451648,0.5301492445867438,0.09414561855869626,0.7607489706001351,1.1073799436905012,3
0.811340880890219,0.6163761812161197,0.27287482937761987,0.6620978094534714,0.77486833486884,0.7112108160152011,0.6573789452046398,0.12148518656196418,0.8107877898751434,0.9842918763903876,3
1.1216116076518914,0.07513472099570379,0.5192851625340091,-0.0049682184182690825,0.024323150033613766,0.1734262979067097,0.515003565476029,0.716104292174482,0.048410512771829395,0.6355778120858723,1
0.5658535687211181,0.3527377352977599,0.18752387597274398,0.09413470510477828,0.6667390666507504,-0.1521543561701802,0.39157962510803057,0.7942376528617303,0.3923399477062899,0.44703870903992005,1
0.31893071828698805,0.85758116809055,0.9847841630606506,0.5830331464740612,0.056899095684020726,0.22791393472827315,0.24034216222863578,0.7648514720882047,0.08548341693316845,0.2891436529258425,2
0.6757150414738329,0.8630160350182468,0.2860342444541165,1.483636464747407,0.37898689775725214,0.424501041499509,0.8492067034992035,0.8936246229023441,0.368088316142078,0.1948111945133512,0
0.2857154506054745,0.6374496682061388,-0.0029323813852016388,-0.047993605025949515,0.06173332082436324,0.7391709112888069,0.7967660870969827,0.26340415280556656,0.9332190041775997,0.8897256266138174,3
0.17765587215477793,0.4156613449283998,0.42322104547601314,-0.1313349965212196,0.9616222821152013,0.9111062458339839,0.5547953832192729,0.48786151914370207,0.47097401649078596,-0.11304194207244761,3
1.0438760463942072,0.05449644806622933,0.6590993675435031,0.4611893977366887,0.734771713298619,0.48273167692516755,0.23643452090479652,0.05395620589982714,0.3081096350659658,0.29339509108128786,2
0.017735932174437193,0.2175775822412237,0.6863862240580858,-0.0013565144746936972,0.06434464397863358,0.3044919376488265,0.1358222434403734,0.8652962572535129,0.4394568008901293,0.2871780545063738,1
1.121193962950031,0.10780120503283613,0.25587276028586015,0.27056779170807155,0.7048432671683821,0.5209869750997833,0.41996183750636135,0.6458681378909528,0.36439520773203155,0.7630196220858492,2
0.1829598243632048,0.3580637708793781,-0.2546006922738039,0.1472339057392163,0.07192800258214177,0.33831851220687803,-0.16876847053749583,0.06655885545036339,-0.5419422368040677,0.20521476596266486,3
0.5060323237846144,0.28393473456166524,0.1137805233857514,0.38430113383728587,0.2142867396083369,0.20708287315077248,0.3648261501731271,0.1674199090171618,0.8790522763738634,0.9480336478376084,2
0.8128993799909914,0.12919074492365434,0.16706671370828596,0.8246116310267737,0.6916376419239393,0.48513711446862606,-0.0502710828201868,0.754305413504756,-0.1868208884546707,0.5810142276689221,0
0.8438599468263764,0.5803146156129331,0.7182457987039518,0.24833834325551424,0.1469501954070371,0.8112499590393604,0.97394994234165,0.6733469139261042,0.3986039726308067,0.758888437194163,1
0.5827398693778987,0.8412127548398354,-0.020497640847521485,0.11123639022487482,0.38156418455310187,0.3758509557609835,0.1878711442796239,0.5073631245918268,0.13788359989608856,0.9141641841174082,1
-0.04489681519393186,0.35571809434285667,0.5438395265774911,0.681934192260151,0.48279355334973106,0.46966842603139736,0.6243045024819495,0.8586390726651536,0.3094752105835305,0.13133188822159989,0
0.5796231893222086,0.7425467906183142,0.3979207297447368,0.47214345998974544,0.8649692814557219,0.08706295039185938,0.039625766480082064,0.1591051478288669,0.5052570341509184,0.8753202532932988,1
0.862060170614005,0.6485137984332511,0.7135876125126311,-0.011706950418768541,0.49584143921124607,0.6507435573044035,0.441987413998575,0.17806564492770638,0.7279986330456695,1.0452374237952757,3
0.85538548553695,0.45546323361001934,0.1433126661268322,0.7244537794008854,0.23146676223782164,0.7644450738123522,0.8408881767339564,0.40467378502255796,1.017432554578715,0.40592829294177946,2
0.8786847135096534,-0.07304651877180751,0.41643642760956134,0.4892990702807022,-0.20946916907869545,0.28647324879602765,0.6188519133749342,0.04593491983901565,0.36169211723281863,0.5242624600804646,2
0.31930549368115957,0.28536649579680295,0.8718263043519251,0.5757671125949918,0.2592406275242247,0.7551862916665965,0.18701195534654347,0.6405260660433157,0.8035221653531269,0.41096636375845613,1
-0.029092021621864556,0.5735578733095086,0.5978354575732387,0.7128715398105434,0.24725509039422636,0.32243892033491856,0.7300991281969326,1.0223054178179474,0.27875437797730673,0.24187541320253453,0
0.5104361372249282,0.5260956026246386,0.9502576544657361,0.6451716960954723,0.43268819052402185,0.9452836115138893,0.41537597932514075,0.2345434651840944,0.6989131641488557,0.3361083409367698,1
0.9767936720163254,0.5443301831780594,0.7856957858538598,0.08997982704170225,0.570762929391341,0.605697067652166,0.41076374838360197,0.17350777955825203,0.8189756736996708,0.9525829924114081,3
0.8459549508937105,0.7129087639590005,0.007226931649792101,0.36831085987445733,1.006143592417499,0.4172680124787466,0.20431803707604668,0.4327242324463211,-0.2208393501199441,0.09393158227117876,2
0.5125187707040654,-0.09313623327815224,0.2797195331387794,0.8225847356295454,0.6446097670861054,0.5942933039080663,0.7282463180132487,0.8644036264403439,0.42543290195691646,0.786407633965434,1
1.0244824784573374,0.6245274100811434,0.8570996681612976,0.5849379988390161,0.13494552091810935,0.44257014422473767,1.015307085485562,0.39703423751830985,0.6544991027353739,0.5753495638526083,1
0.6747007671799702,0.4065937830651635,0.11576482760381461,0.44772223028267266,0.802742856536578,-0.0711213457102115,0.6105002467736491,0.7041291880860796,0.5106686562959264,0.4104876897803448,1
0.9548491791679298,0.3978871324659292,0.5237133474507206,0.5995248960833701,0.3148038976042449,0.032490819352120226,0.13854172652639749,0.36415026778031345,0.3258422252922871,0.4405234248883326,2
0.17544214951592846,0.7671667850271914,0.3450979745964327,0.9119510714623063,0.24450877387663422,0.07193378378699071,0.6495757070733678,0.747252399384441,-0.03379873090667024,0.771731837821698,3
0.6696085147945867,0.19845743538098434,0.17078957220750238,0.31130964397357597,0.6693995244946046,0.12136401469996975,0.6544499973256154,0.6496015747261308,0.7032942889372721,0.5338546854635567,1
1.0117447397419896,-0.03062684628747589,0.1386030323768233,-0.039843145551951925,-0.14999383188282672,0.17490903317809517,0.8920235777347415,0.9937654126585723,0.31378645411162676,0.4054365118798395,1
0.9189838213221828,0.5483824204046298,0.7729584007061225,0.07577365540538675,0.5137089042915861,0.5976205677982912,0.391524562051899,0.19267874890108028,0.8307045944334442,0.9651862149232935,3
0.4191624479440797,0.3864524518128855,0.3939512050045339,0.6692108241518355,0.149725645411863,0.456972967336374,0.48195802556863304,0.16501173390503748,0.8551041075979746,0.2502401460105587,2
0.0650284961131686,0.5870268186731529,0.3026982359555793,0.9472916256824815,0.16540030964009939,0.7486111409354095,0.4357865664039186,0.5988735710178874,0.0724049662779093,0.9338323953912467,0
0.8685776364763799,0.874993821428243,-0.02261468680504866,0.7219484768630898,0.3347751266375454,1.0611453823521733,0.5391482343267645,0.3644003161896312,1.0845044313894947,0.054550959875463934,1
0.7310371889549396,0.8040873888704498,0.27285030161532653,0.23275499674289749,0.8004814959920996,0.4116479845421965,0.038440702149101905,0.47833850006092343,0.12010814752767031,0.29057553274267967,2
0.6054611990728204,0.9010098283362341,0.011157050779708955,0.06220065331030972,0.38540724005139243,0.32390754770109714,0.1367506021461821,0.48636971655542616,0.13650103869124988,0.9288996098360233,1
0.5766973811383181,0.8843249570432515,-0.048190000746332534,0.06257504863376205,0.3580694127810917,0.2865572318834963,0.13475025060378348,0.48651635782704583,0.161081919302406,0.9192030432442692,1
0.6955542209803403,-0.29549570079359333,0.6216013413937449,0.257158976361519,0.13456554452104352,0.556602707579156,-0.019331395430193576,0.2390790695486877,0.3931332108656306,0.20495474253877843,2
1.0143357495005407,0.21086637256772173,0.05614696431541222,0.9203167199906059,0.6094262279160895,0.33058692150567615,0.01758476518985353,0.8299803643489149,0.21938268879333286,0.19823473409122566,0
0.6907244193420885,0.7746370333188838,0.26163253819427484,0.2471744733421265,0.7838722710820938,0.4653424712756167,0.15814731122257797,0.4614410989301419,0.06647418676883257,0.3344733017214725,2
0.25918179089893056,-0.0969513206001624,0.27663026389267487,0.6972375409576214,0.43302715394909597,0.47375013249780346,1.0247777868053813,1.2261414405923485,0.5365424661609108,1.079009105464427,1
0.6062089350114674,0.3053879227008433,0.27590760756461585,0.9175468350926931,0.23370825914548024,0.38767795351772244,0.41263521901314326,0.6705181984509737,0.6448679728634075,0.20391082632691526,2
0.3019999021040315,0.9808850727019368,0.09024008757166282,0.4703983156076916,0.657473628027799,0.7744043525421235,0.9693019279389231,0.2995845768348843,0.6630632617618469,0.6862009855289462,2
0.7777514224937251,0.36902188722855805,0.6636698157966877,0.4292742604260696,0.772509243571878,0.4257682626997971,0.7574561422727194,0.6600578960801925,0.6387449877953552,0.29197334997098706,1
0.38565890375628753,0.180366500547263,0.8216998083728044,-0.19746508485980857,-0.13422791956123092,1.1830182135897587,1.3107948353000136,0.22743384173427705,0.4333389870383384,1.1575198752820275,1
0.42882049578896586,0.23517092728614364,0.41758608145201176,0.59549356965911,0.19618476154639694,0.5259731539098068,0.5373605599186995,-0.0032160604855820674,1.0448617672381137,0.199388124766415,2
0.6265698679741667,0.2439452684409697,0.2238600611935523,0.25521349117326236,0.6159853243335497,0.03467094952019046,0.5749075208919954,0.7682731243290445,0.6059616419902348,0.6390388573966853,1
0.05579920002175761,0.1722277853120501,0.33087274034602315,0.7124417071379102,0.47231070960788313,0.8371426343497227,0.8535902603461452,0.36047505060266716,0.6726117292345927,0.47913107640904407,1
0.85368805498625,0.5348182590651765,0.28835888671456256,0.7134086163595763,0.7756552584545596,0.7575382420283742,0.6821248185921869,0.09282020858113271,0.7562910838591955,0.9246755372219657,3
0.331620224833481,0.6254159143037952,0.3162646024898163,0.607793993080003,0.24192272648443702,0.24838396761016532,0.5491668399170214,0.1879759994300283,1.052812187249237,0.39114038201648005,2
0.5212401240662679,0.2189868988867205,0.9000632830306032,0.31470487096840544,0.7433310162993961,0.7066760984376484,0.6658143880337954,0.2906708231136741,-0.0725973305143861,0.16237822207155356,2
0.23489929430503173,0.7206354734311566,0.09486554262442111,0.08854771695513168,0.04014300975241386,0.8112132214658152,0.8870370723786833,0.2390995278563296,1.1212822077489168,0.9671940512722129,3
0.8848865115931301,0.658274681168743,0.6493689915497289,0.28835524308842964,-0.08369411043593158,0.6891899799240833,0.7745585209993122,0.6349914764922121,0.2896748990863884,0.9551626843533988,1
0.1537409893133153,0.07629101868766117,0.8623511249295996,0.36576638679935397,0.0017422942021041027,0.23527951571649586,0.6275074419569944,0.3614309538294108,0.27074061562985374,0.4460205905102843,1
0.7078085486673298,0.6371252775513485,0.9119000133581903,0.6004247655533128,0.755045104474219,0.7782094322737504,0.8950800769814833,0.4304968167638062,0.10318608393384085,0.2658323340990782,2
0.521858644044159,0.8233583704528311,0.3667024861538806,0.3963634480081369,0.025186328651539927,0.9976752132568342,0.1712670383232767,0.2807609917261289,0.06544607278631734,0.5510918387949546,3
0.2366616861996137,0.07601898765818328,0.01456444864884364,0.06760077960167993,0.6530184223525994,0.29017818033976867,0.38700850576518875,0.43538652982365944,0.19176483364706523,0.14365103516930994,2
0.7875956178510729,0.969175600110497,0.3914918060033205,0.23202470423238147,0.6938830016088683,0.2999479327867812,0.15429556647722018,0.35443120713183107,-0.06755620910472904,0.29825466084504715,2
0.6266006793796774,1.0811522841237011,-0.04747652149357895,0.20564071221235197,0.8345222841297295,0.34688836630877007,0.01260621170027712,0.37129666583592447,0.15530458815587894,0.0876067915362422,2
0.33111043284789266,0.8623524704582428,0.9726012830239755,0.5995963968238875,0.04719942770018539,0.23697143575818821,0.22669148118310292,0.7788674781484919,0.09490579990200221,0.28618540038461404,2
-0.022822652970017593,0.007463728243287407,0.32820798219627983,0.593019839751578,0.3077427736665418,0.6466986678379195,0.4878849870507693,0.25661739567804787,0.6640872509689866,0.8952685724065071,0
0.93632040214071,0.45285513717544446,0.5519440729480334,1.1563594064849518,0.10622056731882637,1.0269916787690732,1.1167637194231317,0.49568117673772427,1.2713859129951375,0.2534475306457383,2
0.9343916320249953,0.823246550912547,1.4465018581354312,0.37264989399161885,0.5609372282700775,0.648923309827016,0.49671307383912133,0.5306753169884749,0.36276496573560957,0.6134741569147206,1
0.3977968580367272,0.7488209972159765,0.1338836366478924,0.14764393847562954,-0.011589966061097912,0.8642642909492023,0.8393225422158757,0.20926625171316823,0.8687029087784213,0.8628068957729254,3
0.6146053999623886,0.25873451846722423,0.1837890842641756,0.2634232816356007,0.614956834490811,-0.0065628248797734295,0.5783298854324196,0.7161627405400626,0.5328547326053058,0.7088833395907997,1
0.13797114351973813,0.46988709526209355,0.5263344704247702,0.17185801363814612,-0.22231360532957045,0.38792507315228797,0.6903416594564001,0.5989961974522943,1.305316277177073,0.023545494722697985,2
1.1372966552801,1.0126963142344962,-0.055110290805391926,1.082428285119776,0.2825239949919697,0.7963060581675014,1.1197717752176797,-0.10084090749892216,1.1446963967763408,0.41031975919488584,1
0.6515944273199441,0.7222663597058594,0.8016807103857923,0.28783221562236294,0.5997806377668474,0.9575235783465607,0.4665717836798513,0.5765881370658614,0.6057389738662475,0.4310592928968819,1
1.2026300226590763,0.4196762215494646,0.28930091847852807,0.7086124266316303,0.43259348777348605,1.0059303146399352,0.8536852928787332,0.5630757487178759,0.6727739021705643,0.3683079677915577,2
0.684431253439406,0.26308385135315626,0.022985338475478123,0.9917797003627087,0.04094911101801965,0.29235892993271334,0.6492509373553752,0.4301291375314647,0.45190676336022517,0.30427149856691554,2
0.6042986060186185,0.9087313317399641,0.011980304777485342,0.06708146385237822,0.3837473640009197,0.3246452825173682,0.13622139573828948,0.4890611844402482,0.13297804424100562,0.919377121995041,1
0.13598374395987906,0.17088262928625605,0.29245355257612693,-0.27147813472319987,0.9975179447694553,0.4792444476704916,0.4713388735916157,0.5531558843011161,-0.04815773594306233,0.1293838662995698,2
0.8112901664733296,0.13786004833521787,0.5816695594555623,0.04096029733160497,0.11542007251556517,0.11354823481275428,0.5271000770048591,0.7353566977746814,0.24162607779873707,0.43148027258202004,1
0.09261702998513069,0.245181458944344,0.7749915128826594,0.8591835440155451,0.4021588147021054,0.948621861612445,0.48865834166724326,0.9687975558397579,0.9434600152742891,0.2502208749898862,1
0.3914205327096651,0.882782302255503,0.9528297900237646,0.588798766477232,0.04307566391624383,0.21569628067387345,0.273268301758477,0.7456377342454834,0.1253804003587904,0.2108335084500408,2
0.357613459345333,0.290832218917915,0.6389436715310495,0.7452769488062185,0.40212957876714456,0.6059658152656647,0.3336831990846423,0.4350551529857615,0.4296225021285272,0.9285492675283845,2
0.5019554263790433,0.8091911969779675,0.31277715603219713,0.5251584289965996,0.8086743477135137,0.15861787919490572,0.028234528362183195,0.2215356291055047,0.5428201422219152,0.909571416688341,1
0.32639704914530215,0.8695875959977819,0.9801864776486158,0.5954244995467698,0.05301285292766706,0.23322012328753736,0.22772411599451575,0.7781482156818473,0.08923439329725165,0.28725530061775517,2
0.819085188222057,0.3923308589337222,0.2874392912883901,0.5969220238408978,0.1977142762521732,0.5433763541617069,0.44778409970853766,0.5735501277273578,0.24777359776385963,0.748909526325955,1
0.10350945122528535,0.374018961211385,0.21065173528196587,0.12426490922503941,0.4514815787200311,0.2947388736971299,0.15965100899235002,0.3306097621696764,0.9300239412728271,0.7560254001851661,2
0.6043592026704221,0.17113055094837365,0.6086644275097326,0.4853154892132228,0.5372923225006486,0.22870851518551966,0.7189228468633498,0.4536756169768792,0.1186852408397398,0.6300141328993453,2
0.9072276274488177,0.602800887850424,0.2914581713555004,0.776358014622268,0.7761060308644588,0.7098322483796822,0.6862017415967261,0.16162269548720742,0.7476751339712762,0.8742448983260727,3
0.46402620712034126,0.4791062912431901,0.857142731092544,0.6580922031052243,0.4651666078177701,0.9001283110938086,0.001026790376322223,0.6211166641623624,1.1045296762734524,0.4989898878008258,1
-0.00931423972716177,0.8507790497887487,0.372753256583627,0.5797357154584637,0.8663274264881521,0.6120671420063475,0.820880963849523,0.7466073103537222,0.7212284913857988,0.03759410722775782,3
0.936812801959252,0.48093599960086963,0.6820693684406153,0.6244562297698796,0.7863177627955906,0.5803591303290625,0.5473212960968465,0.8230649449433315,0.029983593204077674,0.8399795906048484,2
0.2212433096516415,0.4829077682191122,0.8697063311554991,0.5699588525905289,0.0822334420493612,0.38998874700235486,0.016040500408040947,0.8826636133863404,0.4035821581787388,-0.08264653179500783,0
0.5993590617453316,0.3176619683430767,0.23424782369685768,0.9511651907882627,0.21807612236438714,0.3894867964472269,0.48696928156875946,0.6601448897672741,0.6438076012097574,0.19337622877616994,2
1.072748566286929,0.6001077240713045,-0.04639692455537453,0.9543306185195933,0.5014202694509603,1.1444812833361961,0.5964428423777177,0.06870106641324897,0.6083019360307955,0.32843284683445884,1
0.42145216017303627,0.9479009315195887,0.6655293828079041,0.5805974155568728,0.35456838291230974,0.8729244696612615,-0.04140872500220116,0.5219923060346185,-0.08430656004111989,0.444020205647938,3
0.16271144397975246,0.5261573719790973,0.9530606082809906,0.4000836812269246,0.742994903921806,0.36061017193544276,1.2236347891068344,0.5659370061729341,0.6391612537115179,0.2642990930867145,0
0.5884364864508664,0.8975914262406713,-0.009777954743118832,0.07036958158537683,0.4068470761864999,0.3351692824376753,0.16079266596707587,0.4811496394670874,0.11812445715744442,0.9256557319639995,1
-0.07701995071363893,-0.27794169191793966,-0.27267726813376425,0.32253062420579726,0.34528476990921925,0.048251101907103994,0.16917813270965976,0.4881363436827322,-0.05220675941204739,0.001379297077440722,2
0.09885903954770628,0.6992459019403688,0.5828138424834637,-0.08744576193434686,0.9409056690385589,0.8177240866136624,0.3275400022497673,0.3793476594650755,0.22960689483099414,0.21469350048471597,3
0.2140748638695923,0.6334813712073346,0.6147220513711064,0.9787462162018015,0.4755199994586635,0.6775019774142799,0.7585598069471076,0.7789624695304025,0.21186397164690896,0.024247449881039024,0
0.44720480386781297,0.06690339339614133,0.18690399658711176,0.9462593899777506,0.5988584831301934,0.6627527217759517,0.8579482745641012,0.9605357168507562,0.35881537394481194,0.9223345992236103,1
0.4128302734362633,-0.0649723143022711,0.12485692818533929,0.8361380935700813,0.35602228854532536,0.7556164466201577,0.9057052568755108,0.7949294682627687,0.19914308137384495,0.8442553615920014,1
0.03307593540981997,0.2429393866655465,0.6894776310618959,0.009056006144245865,0.042628367272861706,0.2708536083541322,0.13352147090034977,0.8674817185342737,0.4559846952043177,0.30279788907162425,1
0.033219217107356314,0.3752581512651666,0.5197749101333962,0.8000922490093164,0.5445939792044313,0.7920453649265965,0.8022997240249403,0.16499979861877198,0.8669628761162258,0.3647894079323605,1
0.9938565357635346,0.8691183814810254,0.3581070205223422,0.10083823861607212,0.6533315739800802,0.9528596389852269,0.729175553693448,0.13023887568111395,0.25185027613947425,0.8541737238722997,3
1.014761740421868,0.5781405850622199,0.3035031649560514,0.8422109315277005,0.3478279398949178,0.7920943645884376,0.824063047606901,0.39701704494413476,0.9350440633017857,0.20103731553277207,2
0.10087913139903251,0.1296948701591802,0.7884076863638405,0.35858335741768227,0.1777412363985862,0.2732190919173411,0.5303568324518165,0.4628496976470667,0.19994986122399377,0.3434045650755347,1
0.10387816504224906,0.5757575759026013,0.46444578426767724,0.040548014908614524,0.9667385587451075,0.7277654272968611,0.526715086657966,0.5336236982251336,0.41685264420361523,0.0841355490755231,3
0.6662488523119837,0.032803649215638164,0.9508375403360133,1.263370384671183,-0.17009059678058208,1.232131916766188,0.27364889138545795,1.128175548226836,0.45132663082493674,0.08446484040523161,3
1.0021099388685195,0.14723988575110022,0.38799329519386233,0.14348938476770204,0.008120040869611881,0.039969450914722156,0.5336305056627604,0.7548164787735517,0.014457199942411318,0.5335649671481106,1
0.33763878242781864,0.9600933358411388,0.0440329587518579,0.40721031118862694,0.5968634009862755,0.7750596319866832,0.9309919380813755,0.22562789070883082,0.799281984402531,0.7845679889594385,2
1.0658540145120172,0.7382741968121727,0.7762442890219907,0.3255034783457181,0.4543687193764893,0.5479737850223355,0.4404342703935591,0.7081306835595207,0.10216998814003737,-0.11822007561563563,2
0.4667689223623199,0.09639374513148952,0.1555244076384358,0.7867485709859496,0.5878777682348981,0.7625177349093339,0.9618892983007321,1.043071293780921,0.310661500664366,0.8905741913318767,1
0.36585874034158133,0.5568680877750476,0.5101821032584613,0.4638983597810026,0.19205803896242038,0.9074180734253562,0.16819486145019147,0.4658038218811822,-0.05181556748040564,0.4264866513570448,3
0.33057406165466396,0.8728052885750329,0.9821826679608656,0.601504918298287,0.060273131709017595,0.24188081264562145,0.22746279433985184,0.770581447988727,0.09246353321891818,0.28957907890763207,2
0.4049096268694231,-0.07991497669460493,0.22900097830389363,1.0471798018972187,0.5197674858720973,0.5596368267162604,0.9639823698947567,0.8249715475337365,0.5426997711990037,1.0494092363418042,1
0.49716543665835705,0.8120674080935326,0.3003757033942091,0.509977549762279,0.8130434268634422,0.10079827627580432,-0.055683929164281595,0.2396339533161191,0.5043509698409558,0.8726013664568908,1
0.47196681600172147,0.8993695854686862,0.7737383494703713,0.19260668963456654,0.9439495146209792,0.34662895683966854,0.5587722997234098,0.8396201943163043,0.45720876232499574,0.7170529127930629,1
0.4211190622107689,0.7705841893018687,0.0170925327301934,0.005268797175202802,0.8718311320352672,0.17819822261931484,0.3064645483922447,0.3224348347394888,0.7122983189465246,0.09660904782476039,2
0.8384465888302074,0.44481745681620644,0.6401680137359196,0.41571857132776335,0.8514020833726994,0.41090282831307934,0.7583673314886911,0.4494857741695179,0.09627586897244295,0.19195171841367734,2
0.9892226681313364,0.5330170203949127,0.22807254849050745,0.5595651010535228,-0.007054080783631456,1.3105655147157689,0.7520288302277639,0.1406918678384794,0.41991131437270973,0.4032624953262916,1
0.33676137467922596,0.5347551417478559,-0.033527111043998886,-0.012935448300704935,0.9924369570062126,0.29085061556563513,0.5630147938332355,0.5470464152949797,0.7922138757763824,-0.38333706629013453,2
0.7957766784319269,0.7437821833729504,0.23614933286247639,0.756198456964467,0.45692801180307463,0.8549439334782993,0.7270055464283776,0.19537479073195027,0.9206292730007518,0.3408815368392021,1
0.1187689770487477,0.10254918815135498,0.3105196646962423,0.6366497212041722,0.4578307386421627,0.6095331807448637,0.6297148687694117,0.4110672047572625,0.8719676405845073,0.8092919859034426,0
0.907723084025678,0.5647186295506867,0.8855016848432244,0.1611179141913715,0.5941047023799897,0.5217768441703856,0.4136608555954578,0.07315997314641005,0.8167794651655431,0.9479397680176255,3
0.35807897812493966,0.8568267246887656,1.0465082976959452,0.5501673028292131,-0.02934866637673872,0.29488287103646976,0.30221384654244204,0.8528738419880185,0.2048793383678918,0.22074996246564282,2
0.6618410790236053,1.1962930876105784,1.2475630990553954,-0.36378273667215044,0.9679159694217204,0.0652239530920471,1.319148191908598,0.9456581051746209,0.7414030881692163,0.7082592682969442,1
0.3343933197776229,0.43820620485539397,0.06622896506695863,0.14372805380366716,0.1862093911248453,1.0061766887435606,0.5083267862327513,0.23174939330607694,0.3564083627638571,0.6118359489414564,3
0.7043149152982993,0.28019723152230314,0.9569568515032957,0.7609693654923098,0.4687456062017361,0.7025042911103319,0.4704298090145337,0.161245259920656,0.6492819555639602,0.24615910470853256,1
0.6061003716144309,0.7257389581236929,0.7600945130149113,0.47423348414591465,0.5977384896975438,0.650941893994052,0.8709181690542417,0.10444510104114033,0.1972413952073525,0.32476129202722537,3
0.5854414820396313,0.9087182583080428,-0.010295701973744222,0.049561782720102976,0.3784030885096006,0.3305634775062237,0.1396155587790133,0.4622906840383827,0.13969307507194756,0.9235461838714367,1
0.5779385320284375,0.44173173565171897,0.9013436556718417,0.7234967247086944,0.4938480658477974,0.8390810923275365,0.4973124391681845,0.3215124519040772,0.6398601318260625,0.27119795403010016,1
0.19305091957604475,0.32565361371985313,0.2973390931088956,0.6943776348993204,0.4594341114133273,0.8978826229659242,0.9628707513382071,0.23426533959057858,0.8326216620214069,0.5244824968057137,1
0.030698567251822125,0.235504332780201,0.6994238733648618,0.016668909844608434,0.04418926882817682,0.28361901246221455,0.12507615622848126,0.8695301630428395,0.46234609256742926,0.2918299746893932,1
0.7638072801088143,0.3734031880095691,0.2944646169854121,0.8763243768720235,0.9504710244335277,0.6429426253899607,0.5091347452662762,0.26561496282785546,0.7449409802623082,0.9549942664711654,3
0.7469481081415357,0.1687407619772456,0.3447577963619347,0.42830876690345093,0.064922912440537,-0.03266619693280731,0.08842135534139331,0.7123163737795937,0.09696334601147943,0.5528575448418345,2
0.20056036819181872,0.5659440011802198,0.4501448921964977,0.09679707752639355,0.9125430696328471,0.7058210370683591,0.44928221840305926,0.4741331105353094,0.3648813077815111,0.15024901610781466,3
0.21067202686544956,1.0053869429597837,-0.0833892418673671,0.19039091016071502,0.26360177880412444,0.7608484392045924,0.5262363351054024,0.22795044426047778,0.6419980068649173,1.109166691552062,3
0.10678929325243036,0.9540567068129764,-0.002813849645456293,0.5893551426316143,0.57427665223925,0.7267840308396099,1.0372219397520162,0.3136154419658015,0.7232803150286331,0.8589301449818938,2
0.9820279507957387,0.5765568643602451,0.761713690858055,0.0752941360963045,0.5557566728074949,0.5977968352252176,0.4302931676624262,0.16318364407748215,0.7638316511610722,1.008455599630978,3
0.3997729952041328,0.5968615535868469,1.1620438976681466,0.09300222462469221,0.36042201072545743,0.08553229943779328,0.17185554002817782,1.0663012613017457,-0.5869156292237757,1.3565774265646042,2
0.5656128727386469,0.8984382612423323,0.10338943836390449,0.14819720914050633,0.9834952590765728,0.06795748398239604,0.2761413537935599,0.35749313650594644,0.48496878350756845,-0.09388393269600243,2
0.8776619495910952,0.5558996658243992,0.3080724241531524,0.7344492422892521,0.7817549538652265,0.7485484468802366,0.6821507554727917,0.10440826163806302,0.7740317129892385,0.9248002871019443,3
0.7027707897939599,0.3022886600924761,0.27011551825315394,0.22287994501477545,0.6449784631496862,0.0019454550928993536,0.5606530871636269,0.7203189112720297,0.5744732772291691,0.6526116319312878,1
0.04037051257421125,0.16202228993712914,0.7563464890864665,0.3137708056995513,-0.005895813612074821,0.21368362180802658,0.592533015847,0.3747317205227049,0.3740667750111557,0.5090191359985762,1
0.9078043899186201,0.9005591493938563,0.1429408970824306,0.7970127022688398,0.6459471215351451,0.9056068187307869,0.677244184888718,0.6413044554632932,0.15679029067145664,0.1588006943417431,1
0.7522505736390201,0.8279581079515652,0.4245740649534909,1.0325044561967895,0.4866182175166657,0.5546697314626172,0.673972578820348,0.4554063145807041,1.1696256678275732,0.2864217148090262,2
0.0863712000694907,0.8288527343111111,0.3922490216211748,0.4392576486503118,0.47853657783660697,0.7218888493963247,0.914247959501464,0.5924474189680952,0.5011549340724095,0.970080874728008,1
0.5102891185635605,0.8549296627904257,0.3600546915493649,0.47344063864308555,0.13032840092289083,1.0010730854871006,0.06984101033293674,0.24580658746922876,0.14303955963646117,0.5539006074927125,3
0.07095567896994547,0.1898626103860259,0.2538123435753399,0.5921330114641292,0.537884724148524,0.5587250371302452,0.5168044430555834,0.25300595047571417,0.7881715891908109,0.8511991950275375,0
0.5419301582143121,-0.11300427589193107,0.3880286829171876,0.4472259427138632,0.24628911322136154,0.593415225047507,0.3058852194367135,0.4954021193925859,1.0761925655055253,0.7608124564509616,0
0.6353256779481413,0.15341466392048425,1.158775155576362,0.6349871853563545,0.7028637183739909,0.6191752681732443,0.21116740537962275,0.10119728460385857,0.8100394380011093,0.2157900792938236,1
1.0607172452125746,0.28603289716612607,1.0810772791380763,0.11489619895463493,-0.2526109774014246,1.1002307429319673,0.5971525004679066,0.5846703459829496,0.09125885890204782,0.22751242849870784,0
0.1916691594608797,0.959881322044583,0.4562338564811338,0.27694231283711834,0.328562735183366,0.8245308628428869,0.9252667584001445,0.4911996206852265,0.6247742363822567,0.7619060721385925,1
0.2517041697420578,0.4844153726296794,0.19677778721422653,0.5900750177293161,0.3432882799286118,0.2507655142893046,0.46212524756656126,-0.033176696549651594,0.8163743663328963,0.14442835352438996,2
0.13167357673514196,0.8847299402671817,0.3938018023334347,0.4602821185446558,0.576556430296766,0.6622516445188618,0.9125164147241243,0.6443195579666658,0.4634879111793058,0.9297735975619212,1
0.29648998193182086,0.6632234781170118,0.32001256580934784,0.6988382554631832,0.5701010769113125,0.8671468679940101,0.7940162657306302,0.7476418630919367,0.8226818396857232,1.1018817907361809,1
0.7403984737500703,0.8818902331543023,0.07854044670288768,0.8616399663620607,0.6952329705171902,0.9478877600635808,0.6264104413105156,0.53803057434034,0.03584068386853468,0.2841452351562084,1
0.8774160287352689,0.5047763344858168,0.331567787015138,0.7564732861042885,0.7826618254703828,0.7897711837864336,0.7113637554057991,0.12526088564722535,0.80882379908217,0.9354181472449449,3
1.0542475888087812,-0.11580968773439398,0.575086654290824,0.4737994438961996,-0.33662911152392955,0.2013990980586386,0.8367321720559194,0.8458319139002346,-0.07084212008370115,0.8805812234274786,1
0.009373825616035246,0.06475050768533724,0.8057200856696648,0.2750839327055821,0.10034289165560908,0.2859693236793768,0.6511919576404036,0.3628220286456587,0.352475086488046,0.4419228841580375,1
0.8825741006193527,0.763975705263227,0.1510820316127359,0.837094337513074,0.4339774543472374,0.9888210922341933,0.7043322213129523,0.21015360696312532,0.863382538027338,0.3460911397716413,1
0.5768475317665703,0.16377691627089563,0.573230605617014,0.6813709564274475,0.45827635651413656,0.18950513591987034,0.5793348250920832,0.4221544778565164,-0.07003824986901577,0.4470646166927385,2
0.9334473302973001,0.7027916301542624,0.17454276354648465,0.7820506562178704,0.3309282123201007,0.9705294486287733,0.7785313757511418,0.22189305035809553,0.8644457948366564,0.3191538179524315,1
0.6861923036298373,0.7853603173854509,0.3815720350076184,0.20154878333479417,0.876941145063882,-0.15234521354984204,0.19867691354009825,0.46692669796705344,0.5835564906300685,0.2777997638908647,2
0.7062274238723044,0.834825491142141,0.035268709779047,0.2007393536644973,0.8382674651622262,0.03766042782662486,0.16358080275157813,0.2517346278651533,0.4995116155333248,-0.013165854590511016,2
0.09969891190108185,0.12334869829264304,0.7263605175642529,0.2571631936193561,0.030183253892914638,0.2313175143469768,0.6354516192183146,0.463443805269235,0.36602585596279275,0.4848480759934844,1
0.009721404942265005,0.2419955259058071,0.7018919195716552,0.017758231692750672,0.05201523820425471,0.28831955245710483,0.1271732197355864,0.868041174820359,0.47847410658122463,0.28755821436027107,1
0.6429045315250458,0.7013198840780436,0.7684921172248472,0.43813453771223937,0.640294338761473,0.6509875681453203,0.8659703299095948,0.0763853506050613,0.20153061672025258,0.33369202365419265,3
0.08882635754616786,0.9226908159345272,0.10529711478842975,0.4378499060277206,0.5538052789906242,0.6416044516338318,0.7127141868494449,0.1548567464213036,0.7561465712668828,0.8673257619293059,2
0.33379494001486215,0.4120843430590672,0.3498202976420239,0.7060682158291168,0.16444001633225142,0.387474262576428,0.5088787826082061,0.07420270060590914,0.9482150945177333,0.18373867225057616,2
0.4421951557612183,0.8519725576932332,0.7475090221214826,0.14417249179261807,0.7673640483653481,0.5066678377197052,0.8270079650995676,0.7959017808481914,0.5309136226826703,0.8111223580354594,1
0.6351129564279204,0.7216044597736546,0.7623430131700968,0.45470854926487436,0.646600230397656,0.6659612382120177,0.9006577381971298,0.09520551801782656,0.23392345868516917,0.36605856521667735,3
0.2700295048782125,0.3877875038035764,1.1290594801511018,0.4082163140983589,0.41189515166177987,0.9703046687633009,0.09356160850653548,0.7370147431782097,0.6946092234213489,0.5062583147596066,1
0.9081136418366674,0.3016516327536036,0.6952497577377206,0.8509187806612816,0.46964460682677667,0.2627865539602905,0.43982081650745053,0.4004545388333792,0.36443977523189686,0.6080995813961722,2
0.9796974633566266,0.3236349205295431,0.3799501610403166,0.7190453943183482,0.38668563841239545,0.767975703152143,0.748974887887079,0.6646495139313846,0.7515680951940912,0.22462397270828877,2
0.3063859966443769,0.26062140116725696,0.21414556645524638,0.8389050299977024,0.031231836915351058,0.5426441838691387,0.6496335203210366,0.08687566281446665,0.8877794442904529,0.16069695803675588,2
0.18793598398798908,0.0741920274856143,0.43778858068284277,0.6602536987527389,0.4702939017965998,0.7702950864405808,0.9474976863910026,0.4643441440993037,0.6717633278843388,0.5224648014511541,1
0.8024042551565624,0.05623231616979929,0.49918275490187697,0.6794735938807333,0.1591763249316735,0.01633474517408398,0.132228705484521,0.4774215163586841,0.36035010813100704,0.44250300214741073,2
0.769177304905817,0.8592701690906169,0.062090500001164575,0.8793416462288113,0.688007482131755,0.9554171652637303,0.6134976333051605,0.5568428891857737,0.031656672694984594,0.27544179707069627,1
0.5026610566607291,0.8372260243861801,0.3218198749790224,0.5637703143995528,0.8276473704481819,0.19217326131744875,0.013744336504827944,0.25196273882962317,0.4897210304243804,0.946984940834365,1
0.049652989865939495,0.15796623898659312,0.7411396661658328,0.3385602770537457,0.09305486493223111,0.31320123276781925,0.6047202893246866,0.37444852379304805,0.3543452304069302,0.42822630536475487,1
0.6821324519433656,0.052961847257121275,0.558001627373184,0.5402900490807396,0.4906180391346927,0.12933290665118344,0.7144679274169415,0.578963118756145,0.02743120067086776,0.5683629358537232,2
0.77735034954516,0.42898771135552705,-0.17053215193707472,-0.1004130147248995,1.3403939620176208,-0.5839755395001339,-0.10797679977944022,0.17337856769370108,-0.08548244576754122,1.2124352597322055,2
0.6648865498464377,0.8000534719070171,0.1880601567061403,0.1872823355640603,0.7762224337719336,0.4447282018590064,0.20246381120626028,0.500995103090514,-0.04289636166488464,0.30329268528209763,2
0.894369377338928,1.1202804310260241,0.13641298435808324,0.21435318717244012,-0.1357253567344715,0.7268107140597948,-0.2366815801824102,0.04425318438306092,-0.10451668050463431,0.5638308703221151,3
0.8522471492684084,0.2377540900330273,0.009836760268234518,0.8908716957337539,0.30749607827195924,0.5424944150806985,0.23151659679243383,0.6118560640753304,0.19349993855422293,0.42648821676159254,0
0.3636239950037904,0.3758657587304548,1.010032739689554,0.6413015707613321,0.41497895978816013,0.7857715719724649,0.14707904570090177,0.6396893836273438,0.9004949032037004,0.41362309301944156,1
0.7834654127560613,0.8158871838782852,0.1594243415858465,0.8343165029212223,0.719479591076056,0.9401708424266276,0.678531596484845,0.4869249441062419,0.04977409702844586,0.3458099186884195,1
0.507885928681599,0.23642060870790865,0.2301484594615716,1.0048723607658232,0.29345758993169996,0.28091936537071965,0.3424422622883828,0.6696077547430658,0.636369994328733,0.06014521418478053,2
0.834688787017614,0.030919570818709205,0.4236860230484299,0.7287898136890558,0.5405556033549684,0.4259673504438031,0.4674862871635442,0.345589241206898,0.19682947215264823,0.34904418737158716,2
-0.08677247579466071,0.5127679940816787,0.3024571488803361,0.27090530300468096,1.148841987962659,0.8464428900186503,0.1583152902457065,0.692692101041891,0.2482743658996965,-0.19994046907768387,3
0.6683592019627194,-0.2525810070509614,0.2512656648408785,1.1278855089763633,0.794777470289491,0.44679584570538183,1.1169739626110777,0.9843119912640429,0.5747536634298793,0.9971461337769106,1
0.0844833494931374,0.5224062586941709,0.5291919767415211,0.09901356021250245,1.017478518062966,0.7449281139775785,0.4545818591346102,0.5200338064697805,0.4728182770894401,0.025766953970121957,3
0.34595217494551345,0.49307191465892675,0.565183139431492,-0.4942503946730793,0.12651984647878933,0.3906064698505677,1.034027565129374,0.3435204817818208,-0.41891272631399235,0.9451807885309707,0
0.5111592906568655,0.4578518274096014,0.5971531480174754,0.26349069656620755,0.450958526670391,-0.2291471885534615,0.5140621826212474,0.6024104963893314,0.9800729875128567,0.6512900371390882,1
0.7113280934538648,0.3788689390769557,0.7117442483607693,0.3479115181270931,0.6892203534690085,0.5570717041261738,0.6346760600856565,0.3463407652947272,0.10611486188195127,0.20566572004806177,2
0.07818958330142411,0.19063350374329083,0.28674489042370876,0.7367134508057286,0.44348095817025374,0.8259866167297104,0.8008409385398116,0.3119055511639842,0.694232397754746,0.5391557650988371,1
0.06496586010042175,0.190095039887653,0.3398994801850506,0.7385915352511572,0.4598389800084722,0.8473304660429052,0.8330259773821284,0.39098007629201015,0.6506322410918364,0.5076639186321585,1
0.4730726784976268,0.16488246371711768,0.8978732782313753,0.6155636365081201,0.11605656948896098,0.08694165169593329,-0.0880946297198342,0.26727006935768394,0.057018942408451456,0.8885711342818334,2
0.7624003067942422,0.3998351951155686,0.8653167216858904,0.7352349378126737,0.5316468563405035,0.6073507117854469,0.06870019795438197,0.6873013886057073,0.8576787207507485,0.40687893413231824,3
0.5896898062072592,0.2734996347631356,0.4568521150159864,1.0111514836588373,-0.22158354693518234,0.3441739504828429,0.36766916363469054,0.8263326472188713,0.4188772971326413,0.36518185903289624,2
0.1102677986280965,0.41257704112173155,0.21840044307395923,0.11576375559875415,0.4336242458590612,0.32782792292774043,0.09275975275003487,0.3642404396761505,0.8990978177147007,0.694045894861018,2
0.8754779589180234,0.5534308011680599,0.3095662068138372,0.7360140581563007,0.7824469212136318,0.7502240802208652,0.6906656753685997,0.10183045905352575,0.7695840852388094,0.9298303831957914,3
0.3013377666812008,0.42179871682200853,0.34122990245577706,0.45389900799637095,0.2022786739315918,0.3532712099952233,0.531702972583551,0.046101289970768275,0.9167793708019351,-0.027902649240047317,2
0.11764186656965082,0.5899928320818695,0.47135086259514497,0.06532696444912335,0.9615131310699687,0.7374537256204087,0.49895265553847296,0.5193645286289765,0.40572800733363745,0.06527189980351561,3
0.4511808198119675,-0.015037454388612745,0.12469555943376807,0.9198385286651568,0.4690410054424543,0.5487370067627395,0.8753705003378983,1.0649403631199312,0.2963601418946211,0.8816166794703081,1
0.04110106020290065,0.23678442541484038,0.6864631869320124,0.010734615434654848,0.04578421707589833,0.2860201517067256,0.13582022400792304,0.8620969779921364,0.45151993345765296,0.2949085224726382,1
0.780537097236456,0.9277120331819897,0.06864314646635634,0.8315608280882302,0.7250101202312039,0.9228991599479813,0.5970212846396606,0.5375779239876519,0.0189998167748317,0.2659269150073717,1
1.1199165587553326,0.3951997918419332,0.06579258135396013,1.0688983151989158,0.24102933012037264,0.4888077598109162,0.9776206760599113,0.45471835505293723,1.1770350496812911,0.1406889020006158,2
0.21581254480402215,0.6241224414004214,0.9096339302771765,-0.010722924632318068,0.5966858416889746,0.35281633261512524,0.43417451558718084,0.8303738471949151,0.19167701019868874,0.9942485031581361,0
0.7887239617242127,0.30729967083093096,0.17484646899864426,0.38922840792691715,0.6500197447628505,0.06472192122031606,0.6758123496345626,0.6220688915769943,0.5250473245382963,0.7956380671845869,1
0.6237247682403082,0.8973318920554944,0.02347592247302909,0.047758692127794,0.38579852191605285,0.3043666656161354,0.13673125132944586,0.488143583946944,0.16765777681496075,0.8948026412569976,1
0.42914734952293726,1.2119977791945078,0.21738338064699086,0.795009390164438,0.33166366733432184,0.2287351193677377,1.1117171387074487,0.5687629047526147,0.40040288183941486,0.5773272374202048,3
0.9719258675029657,0.6839411468579631,0.060048129455146496,0.7226325861485415,0.23929604690707457,1.1183526990822674,0.7739976155269503,0.2680673371173743,0.5274858070219789,0.43218135876515174,1
0.39479872451607567,0.16050734917643494,-0.21586185822265208,0.3163599993987951,0.6866495927160706,0.5944265739907497,0.9092651976028847,0.07245600709666217,0.6764185254959596,0.15255768833793937,2
0.3907727625014004,0.5325856492405532,0.9168265682256427,0.7975271496502052,0.3262572522229828,0.9935085423203427,-0.021030957231573583,0.8061812270797947,0.9722254954434857,0.4717559696402893,1
1.7854149111860074,-0.47807208746649976,-0.1720427794591427,0.023396336322641487,0.7615838404880753,0.8774696409760363,-0.7494221621166995,1.1380264733316459,0.24153523023805556,-0.35575876590903255,2
0.6505440850038794,0.6939478761203886,0.43400209564376196,0.5385470797727456,0.14295679232868164,1.0094772635127143,0.11412452835662354,0.23421109594956968,0.14293735300396168,0.6210620692492563,3
0.431734974930391,0.09426403477205268,0.55341185043011,0.8652783431661233,0.38876349134564986,0.6028357424054,0.384231002018791,0.12591561060712597,0.341946644008558,1.0341380500959045,2
0.6515132325326279,0.6956831000899127,0.7881858284010617,0.42536189258803864,0.6281936513728722,0.6356594694121074,0.884036077715196,0.07713479182879268,0.17954458514624505,0.3433916272057911,3
0.019703294752651403,0.241733257778821,0.6987232889839405,0.031056408446433162,0.05853197618998561,0.2580650299436187,0.12743314546964915,0.8644354307883249,0.4497240816499579,0.2995724491584724,1
0.7438895270075356,0.14018571651294448,0.3633969625140815,0.5414544245317172,0.297076393364176,0.18647430197714032,-0.03677802355675816,0.5490924414364373,0.4900748273731105,0.5704957151244299,2
0.5546231327855621,0.8514903318356376,0.11051260172944452,0.1408637934465125,0.8232306200983472,0.0516477567356117,0.26143655158808554,0.4075049774976983,0.5310094192989605,-0.006750199414373794,2
0.8780843339964005,0.6954570088543601,0.1357996006662421,0.7954236276425616,0.37186153151882617,0.9662690742226396,0.7121914867764076,0.16613008329293016,0.8146622486117934,0.3117930266605542,1
0.14356124911150134,0.5382308362605355,0.35727322367606207,0.045446130666345896,1.001958462408159,0.8455599203470294,0.4475787297117861,0.5160589384503121,0.41673329967405826,0.04529399123277811,3
0.3096024012060584,0.5422385591994187,1.3428040144670845,0.7157838610488874,0.5842411734325953,0.8621379013162944,0.38045745681428367,0.6522429950146933,0.40177513122755804,0.5519834245082706,1
0.447082084556318,0.5671148045231139,0.8077109477008588,0.5117521873188424,0.5517531701877715,0.5835993256516984,0.8112263323086198,-0.02372095659889646,0.18906393972163302,0.5384532982261089,3
0.2645372771938798,0.8064181137359318,1.022893594554721,0.5045208283814056,-0.010732575928837654,0.24691725810028986,0.1851027658051308,0.7891830010698535,0.03133110378664722,0.35181753064391097,2
0.8075934202558438,0.3867537373317187,0.34713465480320976,0.799635730072564,0.3764334444918003,0.5792121216247244,0.9124995076936838,0.5797623087800708,0.8621560159614027,0.25500792924076104,2
0.759047853192174,0.8771585118899627,0.07733814490464845,0.8767862392690959,0.7139330676057006,0.9630490626738685,0.6178506404183567,0.5508443861057125,0.05785212649838809,0.2797652151582728,1
0.029250316751550993,0.7934748131208247,0.3888530596544084,0.5280678296887467,0.5178483363186827,0.748032814523979,0.9470977511002265,0.5500251736388773,0.4794993838375178,0.943702968470042,1
0.09440100187735262,0.12256352439615718,0.2617471450821225,0.7368305614330467,0.5373507976930674,0.5929924101088172,0.5861522519712107,0.42315741701431786,0.9520850982775467,0.8428996949258563,0
0.46460814522080074,0.455686776988619,0.5581619825933826,0.6800017977170713,0.34687574633888507,0.15857825497737707,0.6652146976033394,0.3723405683059113,0.8096966518178181,0.18871534846406762,2
0.6991328767859895,0.15756857857023587,0.21574488594391725,0.288618783471569,0.6360034291421921,-0.043496097469555434,0.5119692934486944,0.7959603554756204,0.6395118986828325,0.6627865089308974,1
0.7651609202043185,0.7339708715996386,0.7680408401304123,0.4589698752339518,0.7358946298618609,0.8275241141846827,0.9399442927785122,0.16893194456994076,0.303344186347393,0.1440140673997687,3
0.6834972584628239,0.8632426531049648,0.7410744884268546,-0.32720864316827714,0.8580817699629275,0.6371510269202348,-0.03948407171799678,0.4653463894864023,-0.23290216230349797,0.7066740898708707,0
0.17111170078799215,0.23989018450649496,-0.2450184641112627,0.34322322650785553,-0.03453538012556351,0.5082223692398258,0.31986317568264816,-0.10362509072969023,1.2519566599572143,0.92032826896347,3
0.6292732570406109,0.06617696668095736,0.4156414407153962,0.5885773800829175,0.3474924741859595,-0.019096534524150943,0.8047635701281655,0.42875194703892516,0.09911520593453667,0.7214477595037865,2
0.5512079541243137,1.0939590714351084,0.17920106594429258,0.000637559614813904,0.9247322320914433,0.12374218513865648,0.33279671813567585,0.7075361927214462,-0.04726196499722567,0.22227822868398883,2
0.6794233168150348,0.41473668703043576,0.778266201232764,0.26132323787484807,0.7243890505175633,0.47376322429082013,0.6707546656264439,0.2791799194011556,0.10515948457549333,0.17846020991845582,2
0.057313097318934615,0.1992141766862943,0.3636321934191217,0.7117156146615452,0.4453136252529317,0.8052903560715232,0.8518634096883849,0.3923095842263062,0.7092503949137233,0.4501665081709516,1
0.31119538902158,0.4674346664964015,0.6443272582295004,1.1192069550582855,0.5207362274278218,0.6967862976767047,0.19406212352861596,0.34203595290642874,0.3709130338581194,0.9721323546981746,2
0.9121838893779375,0.5662183924543887,0.3352546894065334,0.6796633921513204,0.8242099404346087,0.6980151732389712,0.6719923111864312,0.056034845095312265,0.7773082385201777,0.9055319185048165,3
0.06795908711618887,0.8048032043980289,0.2772047172576413,0.51208916801495,0.9065335968869571,0.6190571803517082,0.9204904262241757,0.6875189714436556,0.6312694149230949,0.08449964968380304,3
0.14180219943909922,0.8179426020503245,0.3012365628769309,0.5547050204707672,0.5119899388851723,0.6582066703016255,1.0482681473280722,0.5787263377856633,0.5735497131215086,0.8587273808780926,1
1.0169359362442332,0.6385768076485379,0.7626150406197801,0.1269611814069908,0.5318729795933473,0.6879836451639701,0.33088499983769093,0.15872692472756708,0.8515512014116617,0.9519507696429763,3
0.970792240512009,0.5954951698736431,0.36933286897432277,0.8004447498937839,0.2681847178040577,0.7311073350016539,0.7743590364339513,0.4989493244114228,1.0155897280177173,0.3708249104867984,2
0.235594188012911,0.2859107857617183,-0.042419495366327054,0.8657430014229707,0.5412708455270528,0.8782749855402933,0.6274879355714773,0.07708247760835535,0.6790437851758262,0.6113091306018373,1
0.9542455715184607,0.31743620441665976,0.38114358536323845,0.12592708427694832,0.13455447680531732,-0.008416016245895365,0.5155416439329928,0.642456345074165,0.11400269510006696,0.55617864981879,1
0.19162368137444832,-0.03763519645085294,0.17852849608634772,-0.007999800267435284,0.6177413653619814,0.26160058818662535,0.43424971185666494,0.4300175124435759,0.14928494642778573,0.10693977089446106,2
1.1527593880825724,0.7170006741299302,0.022386721370470097,1.195581839623433,0.4628136849477634,0.4662808414202483,0.6707557813975854,0.15616579864431823,0.7052803872779978,0.6039418897729019,2
0.26853561122380615,0.682530564157618,0.44091884683595906,0.34898322291122874,-0.04970706521657059,0.8238836591138881,0.19609782890506702,0.8119123201719368,0.662558479466947,0.4267046676532779,0
0.5009983883592061,0.8069737771232761,0.3225044569477833,0.5071673918044306,0.7842721121618491,0.13142461621669796,0.022129012440864456,0.2019032738441126,0.5571384961096646,0.917556673082293,1
0.8427558828077187,0.6084998134928485,0.3302161357583253,0.7864175132156935,0.7392913121380889,0.808231792425973,0.6109610647693646,0.03764520476136361,0.7597969909213401,0.9595690666059021,3
0.1918726756600645,0.03848593614904161,0.30224576965738204,0.7363098436523181,0.6203532853529027,0.9992350634146141,0.7259877724640833,0.3848188775514824,0.6352051838565876,0.47571025760122243,1
1.084319470907845,0.2084976916256847,0.5667756695767272,0.20746866142201797,0.16341730330694076,0.6161359782653724,-0.04987512000969513,0.5269344133579341,0.7919325340034575,1.0252981211796448,2
0.01420419976467853,0.9463218330529143,0.5092014177230264,0.456179594490611,0.3501859808333233,0.8717019071775163,1.0368101990748064,0.6351503167600083,0.6091857213179428,0.7740788084773169,1
0.20930526932658036,0.36598972703133353,0.349759156628081,0.7221225151308569,0.14289484685781428,0.24255278932536847,0.6373690705853496,0.06954335491590813,0.887433842359449,0.2528848827419131,2
0.33954180179855875,0.5515756817846577,0.9093818552784899,0.5622144260365304,0.4661724234829777,0.6271332587801524,0.2612156036700733,0.5515764426077744,0.9788610448175354,0.5209875419528849,1
0.9814323705208349,0.49851679204524807,0.22732429570328655,0.7998954552228814,0.8091791673918516,0.8303460978665441,0.6991099602211894,0.19488888714417674,0.874988581710354,0.964958591770585,3
0.3564732097937175,0.901614125773034,-0.23517031796158624,-0.17726415468406115,-0.2373441887222147,0.7280410131454185,0.8888265110400371,0.2635162598701686,0.984865450643867,0.6491744921506735,3
0.10906261256897334,-0.04073156584529772,0.533426155244412,0.6360110707895981,0.5475514795908775,1.0765582956429423,1.0282113264353367,0.42842002356793896,0.8497489589968839,0.4690112000547124,1
0.04741148661813068,0.799498569841113,0.30168783827869167,0.5172765566497298,0.9013608435490437,0.5820888119916217,0.9309142885319743,0.6519598828263548,0.6501785549903293,0.0673516249776933,3
0.24517592312270312,0.6507227459772185,0.04000636169296121,0.005015818321913841,0.08054286885426354,0.7585595545665733,0.6963627483349416,0.2352744406552296,1.0436724571151517,0.9123008840622259,3
0.935906845033667,0.08721253765172032,0.6536389983289972,0.875995720862438,0.5334689785147457,0.43216935335875506,0.5841492681092048,0.31899080938510543,0.12005722889229856,0.6057298326693634,2
0.543104818444226,0.07592324302193063,0.21732992135198564,0.7727002712600864,0.619029221873494,0.8177948616006572,0.84449685308235,1.015233737119055,0.18983443629857316,0.8194708893744782,1
0.7359047395021736,0.24693951445491577,0.5746554651937157,0.5439625597719382,0.2955277929742529,0.2739251985138497,0.050314687605289746,0.4335786807639439,0.29417066232787514,0.615966025162608,2
0.06322866818225095,0.1707272511890706,0.3322723913239385,0.7199860907434015,0.4643013954964955,0.8322304034145516,0.8601344289098745,0.359341205380111,0.669747978330271,0.4776180210116206,1
0.06026693467985555,0.7973137352453019,0.242761055436307,0.5131007689410328,0.8639088373994147,0.6565441309457258,0.8674337255932082,0.6719471223411908,0.6476884857328218,0.048980291517908996,3
0.3631822693868999,0.4128109645100969,0.32536181295874617,0.09797927686890165,-0.18594735756644942,1.3625979153429517,1.2025663792934864,1.1666733634779716,-0.051623128114644146,0.10344355495916757,1
0.8843390787460695,0.5243055879633122,0.30188192057713253,0.6578202422464889,0.8032988978445925,0.8121484757979319,0.7212269341227745,0.04823782584576361,0.8234141592045298,0.8938161742723675,3
0.3218878886916472,0.5587056190993356,0.5130943531696963,0.8067199125362875,0.29666248373263915,0.5290415913178372,0.6235761111239865,0.1127111242105642,0.7885686585233136,0.0717126162284167,2
0.8614048611543907,0.47049777223026645,0.2563244993533977,0.8311239002029223,0.32288162421689054,0.592015942720943,0.6880049044508512,0.4231851517417116,1.113922872435149,0.39991463044083153,2
0.39882650194755326,0.46919758669679207,1.0610225445531487,0.6444236575976124,0.3516324432701448,0.777225188087688,0.059809812094982304,0.7819036573901567,1.006997240822617,0.4757510424402086,1
0.6146238080916541,0.9086908884472186,0.99468206782737,0.4426133380622697,0.2948860230112556,0.4773406495631678,0.09063983126352215,0.8336295664035447,0.3402013864535889,0.09928072923209244,0
0.6435456079886531,0.2480114618662677,1.9472461738777511,-0.06503117102437486,-0.3213798533466905,1.4525193516549346,0.41341104405258666,0.6206236742603239,-0.07116497924425041,0.6652942454580162,0
0.4822446769425304,0.4025322783911748,0.9109858888753396,0.42313216640410234,0.48830341784514864,0.5888205649597588,0.06483531358279243,0.5168714586351821,0.8091707245824995,0.3567831825596318,1
0.012628904953748132,0.2517357185605847,0.7091354592903458,0.02779338349576574,0.06055124305290665,0.266033803268886,0.14833598294728334,0.8654111876162012,0.46190023972327116,0.3087036769198404,1
0.14382860481248502,0.9758017765160836,0.14029726580425972,0.3979958739697853,0.6898154229172012,0.6782006986538662,0.9707161047339672,0.15598526539595836,0.6821038546026391,0.7419125216581873,2
1.221256203379272,0.19553223495255,0.28359900071347943,0.8460445565926754,0.49614801012582194,0.6314896924401571,0.8367145859777527,0.22628596454082878,-0.13213002783217354,0.37861975795732083,2
0.4593884443993082,1.1347531598553788,0.9886654034943922,-0.00309832288781281,0.7590492854962552,0.38676775190363916,1.0376096099229986,1.126940317717778,0.7815337659697019,0.39521811249272626,1
0.2262337618646103,0.8885194361893545,0.09156547922261908,0.4427760400416487,0.6515043306925493,0.707456250619862,0.9146800135122091,0.2470210924655948,0.7463460664263479,0.705223750174786,2
0.32199109163693507,0.8687185475894017,0.999057470874302,0.589686426197384,0.07414386218731099,0.2336096710456886,0.23124369452744709,0.7625586824442994,0.08529198452523236,0.28746456289850614,2
-0.23655107901867461,0.11928034051373446,0.366148213449638,0.9545835862314713,0.43497764299710523,0.5818326302203501,0.9369122900165827,0.504941741478446,1.166124902805267,0.8625148370659923,0
-0.18075123384552663,0.3865141700834205,0.5124577620016548,0.6871421983644438,-0.04490031823185586,0.35771078491026903,0.20274207541637151,0.3910745626292193,0.39642482554341435,-0.1375561115366628,0
0.9293661575524689,0.5862759387676492,0.7565286155749095,0.06911771814231334,0.5451285309345462,0.6256587486911818,0.3692943162104211,0.1829079701008953,0.8071609516249889,0.9692673484772475,3
-0.32682761263700333,0.39924244324122027,0.8131252627542624,-0.4188164916343655,0.9850373993359002,1.2763786322001027,0.21303160826885897,0.24809898113103485,-0.29924762011354566,-0.26349585225923916,3
0.04107668523391657,0.3575653585395418,0.5140797548804008,0.7156419794470336,0.6601633233354034,0.5940568435873994,0.7248582773671592,0.6591733865976277,0.6046945553670189,0.8205854337308082,1
0.4625054229696195,0.41625355295522903,1.177884125714613,0.20468612653115553,0.0983399810502994,0.6042920911269384,0.947731117094009,0.5682240951439326,0.8747694435148087,0.30944349591971576,0
0.1097117268670726,0.6762063806127798,0.3850200602765272,0.3363651480748694,0.1709796437076765,0.6225823645104454,0.6515178968732669,0.79666613722245,0.2635733870509903,0.9988889469034995,1
0.27250334542624616,0.4237943440898753,0.9614625240817884,0.6046778912641867,0.4152254413398307,0.7167636437699438,0.15306651562858456,0.6507016794342562,0.937676887272116,0.4301162929087026,1
0.7344455068996303,1.1420099603424163,0.30203414838080644,1.0733185142309325,0.567069709058337,0.8663743829797298,0.37064437874281975,0.43439681042532247,0.1552468063251362,0.22894684644947383,1
0.5887554769442441,0.881768777258947,0.24915514619005946,0.6367609375295379,0.8401180433685389,0.24422340810458015,0.061926651025327996,0.14576717296069988,0.5775376163449856,0.9739685802188736,1
0.18747971524033935,0.7223071944898986,0.6440790913869584,0.5180489870046311,-0.08106516720615572,0.9305301430675155,1.0004350013530958,0.5930031393740083,0.7875193525807073,0.6288613583705902,3
-0.02124151004005037,0.864239143820833,0.03658810849630437,0.29696016295392713,0.4560442937201565,0.7597460430476456,0.9894255413786214,0.32716525191579243,0.8301972284701732,0.5935785836945275,2
0.33047427162075615,0.444196370325902,0.9236824175967647,0.5634811623075793,0.44969566849742776,0.6972098240042544,0.21649143011956418,0.6757979125789452,0.9415609917009872,0.402941207801025,1
0.9107801120603412,0.7390340008939962,0.44287005228474097,0.1929353965908762,0.6425983277087939,0.9549106789967127,0.7137728759998173,0.1359205704228103,0.3800330061465253,0.7787915807680582,3
0.7561344212133391,0.4648763022255685,0.6897169013280761,0.4372518839049171,0.735703466133991,0.4318855439178256,0.7682595451131538,0.45044257282332845,0.000202585758885529,0.3042040066739513,2
0.29876828880498757,0.3686636721056573,0.3131016069170082,0.7477849267170713,0.1867097240659441,0.3635149447323137,0.42299660425335933,-0.0021089757350199606,0.868460274067604,0.1723985613474342,2
0.09155840977538461,0.8545977505561638,0.397599891229696,0.4717581946623006,0.5275044933213202,0.7213035883610673,0.9441731007579186,0.5670260056812821,0.46939587509552827,0.9344622909469711,1
0.3022175503394134,0.3694137379121795,0.42945216025632255,0.8200083093426433,0.14839256671225026,0.8123078808656811,0.36149694456531245,0.8207234669461471,0.6599970666445589,0.153659047908637,0
0.1973298945969585,0.5907959104301372,0.9903058778060829,0.13244434110516637,0.5855668201422904,0.3107292766849006,0.44144481994140544,0.7704193537650343,0.34692930561542396,1.0125880024532996,0
0.688702189999398,0.4416842308611586,0.7174857357255,0.28140576164267594,0.6769428639825368,0.4786670475707408,0.5901762835190965,0.40383018405483817,0.10261059354398282,0.13848873178503607,2
0.21080624569490578,0.9789516664208366,0.04438559785636922,0.4451666565071336,0.6759302054469261,0.6933546468589178,0.9519368690677735,0.17159524279993904,0.7666965038586706,0.8080041489230417,2
0.4926648684446972,0.06598023581955449,0.13443202798709006,0.892405004685587,0.543311868034684,0.7080229517415122,0.879197746883246,0.9924508092205568,0.3398021966784519,0.8772367718252855,1
0.5776238772948323,-0.4414597915830273,-0.2627524560132807,0.5183975695908772,1.0247240913503834,-0.40610250016184163,-0.07610378457577494,1.0698150225781682,0.44895962534896994,0.6774302415132631,1
1.0114202562777777,0.34223317856244206,0.3246168252706827,1.0218069887338117,0.4305517582080447,0.7595445884901048,0.709817223111561,0.6622952180267894,0.9606557753759246,0.25578252780511274,2
0.9096524203515969,0.5613904990886908,0.749507713654097,0.11853756531368348,0.5797420441666032,0.678651752141404,0.42126183692493957,0.22631651480388598,0.8592074950341059,1.0160755376605017,3
0.3807602271998966,0.26718980020133754,0.06685359680419842,0.9368600610857025,0.0962822006405978,0.488769174822385,0.2812148107712731,0.462536849026568,0.6983928365099332,0.31795836234618774,2
0.6246792609510785,0.706045634753993,0.7516748099693498,0.4447185207211602,0.618212350775501,0.6327846927241599,0.884443950310735,0.10243581854617853,0.2178899308045361,0.32800589215750287,3
0.8906743621324869,0.567080651107793,0.24206236870584807,0.9001833623044347,0.33071683365624843,0.7570204177365765,0.8775762332813812,0.43421884420337287,0.9810330685222431,0.29811211236367435,2
1.4115057924349297,0.7539469792854189,0.741564228345673,0.527493378590661,-0.6129404541357384,1.067581591047402,1.5093934635055466,-0.2569256237522788,-0.33051708486899445,1.6751156620210528,1
0.8016663962956929,0.6017449114476211,0.365746452888545,0.9945910258136065,0.9521374844779456,1.306505949133713,0.9022440839181216,0.370368894133965,1.2023154822573632,0.425301868001789,2
0.7200582168477767,0.37580103783465835,0.6987526543733463,0.3585020209358143,0.7109779032262992,0.5450944181510716,0.6596462878024715,0.36779596607443765,0.12681264469300088,0.23446380195105326,2
0.10548067451948245,0.7889432069381822,0.41742492961339933,0.41359006038837565,0.4165954733525488,0.783587096439222,1.0537921249671638,0.5572947039817581,0.4615347323234943,0.8817758045741547,1
0.5948989661141483,0.1487620654482688,0.6823139797284109,0.09970000435498583,0.9705677136034757,0.7799423115010804,0.6261339643427143,0.39023519459656314,0.11143998498771816,-0.025664522972669246,2
1.0295177121298904,-0.24321516766663642,0.18658961781458494,-0.7005697319556153,-0.39775800743545076,-0.5119398644645612,0.963381246953357,-0.22417274130775822,1.0830839380799488,1.1522561009343613,0
0.7724828372568026,0.711122938119054,0.31661027434553113,0.6278139460829807,-0.011537124516131342,0.9994473292398642,-0.04511527801288212,0.15583308798247072,0.12926899161711372,0.47896879164700323,3
0.8670605913084097,0.5436405598831857,0.29167694588396786,0.7598206796073624,0.785438741660705,0.7710351003498421,0.6630926259345676,0.07688876347259944,0.8013199006159747,0.9115415269015217,3
0.6105008290574536,0.30694221798266763,-0.1111558373439798,0.23662655630405557,0.10713628771737134,0.158581742117649,0.48161488911358197,0.10769051540622293,0.6704817265721004,1.0146838375004044,2
0.8308259930814321,0.6376836677104423,0.3423024020612948,0.7854105308395193,0.7469122841438037,0.7358437323644264,0.7245682637362599,0.174754508921923,0.7143776114921783,0.9729387663740672,3
0.12980770903010933,0.7702432923939968,0.36211350396224185,0.3101271395810208,0.5815739092561869,0.6085637514866127,0.902639471126961,0.7093542048081647,0.3508580714196395,0.965853780884276,1
0.3614192910505444,0.8392942293152349,0.9625124540427203,0.6405315629535976,0.06427737877327044,0.2812551756493882,0.24910124244996878,0.732457169249662,0.13800818934236847,0.34189325072978133,2
0.44008154515867826,0.4098619239171361,1.0014912865410057,0.7338209565844707,0.24666978268056988,0.6085558535092019,0.02348525714519345,0.4929109979209265,0.8198743051745849,0.4087423770512909,1
0.96744668576086,0.9074648431043666,0.37263617283464046,0.0964875764146233,0.6748078582630075,0.9909960490764246,0.6970189654411323,0.12165489086763244,0.2127189997369831,0.877406696928903,3
0.05961571408833247,0.09364688993543778,0.3135041707132626,0.7000684487602336,0.5343285905494641,0.5948781951825702,0.6035240174021584,0.4014400817723386,0.9359162130330327,0.8078910347622096,0
0.5272883649665306,0.3096687198379861,0.2167207807346023,0.9810631489328461,0.20115030398678996,0.39955230556119914,0.4751516106246445,0.6373272737139013,0.6322858573182353,0.1886074542896729,2
0.17468026131294187,0.46189468739034767,0.2662082872399012,0.6532341886934372,0.30211164375826494,0.5873697891738011,0.596696520532371,-0.1307032475697477,1.0745501256203667,0.1406594970457939,2
0.39735133366684383,0.5524261027717252,0.8599527876052123,0.4654191931725969,0.16806533446931277,0.7187418162209792,0.08552259444871038,0.742939860933911,0.4437768259591736,0.2728685948713442,0
0.35293168767630034,0.8517207723272651,0.9352361367523034,0.597897503489763,0.0624593121891461,0.2248002274428646,0.1945412850150528,0.8238049833874652,0.08320755421650487,0.33130429777206705,2
0.9380619730316135,0.5827481904776535,0.7542714135683725,0.07036395763795442,0.5410000360638033,0.6312593110793805,0.3896966268581367,0.19058773617670563,0.818002467517947,0.9688671781297562,3
0.2403045155054457,0.9162862853378656,0.05791604518253214,0.45857607069733686,0.6390173724405939,0.7506703346116035,0.9528300535530284,0.22768386939889854,0.7268419677226541,0.7460282536139217,2
0.7288849420947388,0.4847916910946303,0.5651843731096714,0.10455167508216784,0.8771651790633117,0.48335070252760753,0.44243899388632607,0.2670135961472809,0.4070650671881461,-0.19140310375087222,2
0.31772253744114604,0.38694950526795563,0.9753847126594919,0.5627595589271771,0.3115511450799415,0.8076344665917325,0.09899292842334556,0.6807584449007401,0.8776917261313836,0.4680130484259064,1
0.7315954215705466,0.6362432898796866,-0.12688116977264,0.3405248727789245,0.3112680698785619,0.39098164133989066,0.29795270761334536,0.10451907400572236,1.0059929271405195,0.7495635452778511,2
0.32159992229237866,-0.11283285882965455,-0.02918922883904529,0.9936105320465345,-0.1960623434825034,0.8554791337158633,0.2331675963563311,-0.09869758722220168,0.5756716124220576,0.5424234476155899,2
0.32646487547586545,0.869710632140682,0.9798007000522069,0.5919743055441229,0.05452621783531922,0.2342305241746082,0.22615532276503872,0.7813096706060519,0.08974489212523085,0.285515309316601,2
0.6660585606276868,0.6800040567975817,0.7968240623121593,0.4246473064589956,0.6599937534868978,0.665896744012055,0.8955313249479151,0.03828914847361661,0.22313989387249047,0.3181442067816746,3
0.0865440512625486,0.7553994071515645,0.1298167088401151,0.27293541679209105,0.624114655660753,0.8529748300167505,0.8751896036695911,0.012093541432698834,0.8933239278944571,0.7235687389397673,2
0.6544707696411811,0.7067960667865075,0.7628735960569837,0.44033526256960936,0.6475750247479785,0.6587655113796561,0.8718445886557382,0.07905118825985476,0.19994102391438148,0.33963350356253313,3
0.15696647381823198,-0.3027666401851684,0.09736824362474461,0.7123514713585751,0.6619181305606318,0.5029601140784764,0.21049499116081327,0.4165176748194222,0.8525135125423365,1.139770537730059,0
0.04177159704161203,0.11367576874334304,0.7738478680397829,0.3075919279325924,0.06025280738963321,0.27350806031058356,0.6372228760695564,0.40745534773527536,0.3057186574078657,0.4493973774959978,1
0.5617037552840562,0.8808782145293587,0.2151365193915349,0.05102752913736111,0.842585643499697,0.003584319722269254,0.19675016453832417,0.443612059871348,0.5718844821589789,0.023517472232568525,2
0.4912334099210153,0.6854824575801707,0.7220138821922458,0.5759251653386334,0.21595936254693227,0.5597066750239456,0.2141328999106446,0.7281578035040766,0.4329768940620213,0.19347483721161599,0
0.034506869710173756,0.1080568775821262,0.7617540982706095,0.31554577804706646,0.05338138447161373,0.2699572424393926,0.6287054919266076,0.409873716548889,0.3144848593267631,0.455662889983311,1
0.6159881353489095,0.7150011496413874,0.7633481407989531,0.46743033616036905,0.6640271718970242,0.6612545266682281,0.8444730932240301,0.059578049596927515,0.20038207110326053,0.3110181237981041,3
0.15042208564310172,0.1612931010434978,0.802722043184732,0.33059615140680537,0.021883439351373615,0.2572236693159771,0.7309456360701134,0.4261905083846123,0.324975717394577,0.3896029689297835,1
0.33471149255994326,0.8684105736920821,0.9621258612811812,0.5778673144601758,0.06060390471787172,0.25470345112659765,0.2509007988091413,0.803397234906776,0.112630483607516,0.3078099820023296,2
0.5907698638301357,0.5612732109764127,-0.045242124131491646,0.07849359314600715,0.618939678205261,-0.34879116038218405,1.0123182201717649,1.0588079797142949,0.3627027480601317,0.41282267439904624,1
0.3035430021568763,0.4399322734300516,0.47817128779617146,0.8377511918633063,0.3019061096819713,0.23925200332468619,0.5546383354915668,-0.06076857263431143,1.108476931742266,0.21569967607812462,2
1.0319384331989538,0.9171395966102094,0.4051501132202579,0.13646716828309932,0.6309936701868891,0.9104335072089969,0.7209709927314182,0.08494443679066722,0.26262695133048825,0.8568706940755945,3
0.4013364826800814,0.7546946120735282,-0.06974156168711082,0.4774653170511168,0.8413949047064915,0.9909792582826482,1.0024245797792133,0.05055652509748659,0.6607836756800197,0.8730958334846185,2
0.8834767580669359,0.558506388064151,0.3065015017070596,0.7192027046808135,0.771077784571445,0.757690372793774,0.6929114205837885,0.06426138777098793,0.8065179591145173,0.9111306572705505,3
0.8546253319649558,0.2901235681044967,-0.06580817323106963,1.0030200858878995,0.7266698551960451,0.1299292965166863,0.22946585172363654,0.9366683376200173,0.17961629480287036,0.3534626035602937,0
0.22084924853975396,0.9935494989956741,-0.21283384697749486,0.20595826453484506,0.8124090081868194,0.8077288570487847,0.8882350611226074,0.3846614497455728,1.0474434015729044,0.682515937345149,2
0.4682405455133621,0.7987285372905971,0.3428766458834396,0.48024281221133086,0.8360284081023358,0.20977223843860351,0.06364659041532116,0.174659297869721,0.5202280428076625,0.8992013917012252,1
-0.06630910275958565,0.6959424947747389,0.07605423516066834,0.8142603830207129,0.217258070368317,0.09627394509526865,0.7589059700928855,1.0578547629886448,0.5735834504308324,0.23633043418977073,0
1.0697572892910499,0.4912408936375753,0.22021757598373995,0.8489085388112092,0.054281350576928344,0.9685771626444495,0.8523364078041935,0.41363106716223863,0.698487914403928,0.07198444404036947,2
0.7328160065186792,0.39377010355121245,0.3900105275516551,0.6525010614352175,0.5902121616646632,-0.07215589651733506,-0.04766778491627263,0.21308906214689324,0.6211580604881246,0.8842149305551033,2
0.29896544219254206,0.41356825905138356,0.9956579750746487,0.6334887086803771,0.38560644347359824,0.7371201765065045,0.1646896528877374,0.6552009323577169,0.9336597913754398,0.42647011953255376,1
0.6365556568148875,0.9464669758453912,0.009718772157359605,0.07543012262002001,0.44776697268835636,0.32570003535085085,0.18616809831031023,0.502529977423712,0.1971600757628976,0.8962457572452867,1
0.7572769965788182,0.7809829034070686,0.2321310772452274,1.0645188168343545,0.44179422622048864,0.7214652053584607,0.8315397436821796,0.3608792528916389,0.7445019160141181,0.33089278940391087,1
0.9198543487124372,0.5791203513140537,0.7622730758534426,0.04581692990931212,0.5607936757476429,0.6705625777839602,0.3521372180753465,0.20953667661569517,0.83213269910385,0.9887692480046961,3
0.9419280531014855,0.5009134215797929,0.36029978378551303,0.8014345026841906,0.838684876753085,0.6959878371752225,0.6439493200605326,0.1324082682034795,0.8172237247855065,0.9942329836387112,3
0.767648968235654,0.2579028168754281,0.49529618726888025,0.5979437791169229,0.34468790856254294,0.09898200413729574,0.02628000740551434,0.36234800246778276,0.4039100588175384,0.4897010499385659,2
0.8954085399043865,0.6690702174203699,0.7522790767287999,0.05090739560506241,0.6160752422210454,1.2923591359126216,1.2601635193444598,0.8930821309475039,-0.022709095921941702,0.5919778717006132,1
0.04720933225039702,0.11328785417513583,0.7764550375979273,0.31128294698497316,0.06667769097496465,0.2681297420997433,0.6382268199558688,0.40981251508668426,0.30423631858131167,0.4506470789961417,1
0.6253956260065866,0.9059381050490758,-0.009914975198489957,0.052460855568074775,0.4164931790211217,0.3119863260250575,0.1431694833227293,0.5183231690115584,0.10071988426534016,0.9038748059538322,1
0.5740762500115855,0.8770971632124291,0.1645943152004889,0.1149415126571464,0.7725374483574167,0.038798376635572306,0.2562312908313813,0.37548443486830113,0.5635803060827997,-0.010568793100151113,2
0.45688989350376785,0.48719192183755805,0.7649247008359759,0.6451794692838,0.8423379912678889,0.2874079185812624,0.9436840105708433,0.9090416541746871,0.5180005916007819,0.3752124081560155,0
0.626114379567376,0.7154345937713252,0.7254266839250741,0.440900828735113,0.6915279593838218,0.6199876320657551,0.8283163159586907,0.07474618852714046,0.15172498530460443,0.3226260172607194,3
-0.18761765973890443,-0.1788856602301227,0.21929951814635884,0.6446236720237238,0.5183832235675975,0.34998273248095657,0.8735302151006061,0.6408418249025141,0.8306480818291907,0.7290513488325747,0
0.07726112875007728,0.8532011411922849,0.4350046963347781,0.48754732697747327,0.5447757835299818,0.7331050178801961,0.967750006940566,0.5990331311075314,0.49443053824128425,0.9357572764195294,1
0.5931589221671675,0.7764114511682102,0.08883367333038032,0.06419123888550698,0.6816454852105814,0.14582366224653528,0.2061585751207498,0.47574247278291815,0.5167580959261635,0.10105854635436252,2
0.3623229892474213,0.37218741929254623,0.9596833923973732,0.5687444363904005,0.3870934441699059,0.6705353535823182,0.11589523714642767,0.6747244907804744,0.9351122942307047,0.43231314144907074,1
0.8998483773981436,0.5605706925391537,0.7497187520290468,0.0724648442647256,0.49673375726285146,0.6189073715219995,0.3950520638200158,0.1451929066630866,0.8182867881624668,0.9365580625989143,3
0.8735861541791315,0.5529200843439639,0.3189827682412753,0.7574663725555761,0.8002276184538014,0.7262075079600258,0.6964424355304846,0.11486749999445338,0.7545551119485608,0.9214962698530831,3
0.37844262230666603,0.030370729782287387,-0.010906105636899033,0.8767480459866881,0.6173105110757103,0.5685019780949694,0.43740155634114514,0.7417867485830643,1.0470013463040895,0.7707599271116379,2
0.672756283686389,0.32117411251899647,0.56081441806452,-0.08134020220446353,0.288376397333446,0.42957071560202725,1.1536695013254912,0.7035333050034558,0.4274890438647715,0.45688444947960916,1
0.32608912511613475,0.8706861313222544,0.9792538393013881,0.5962517225903966,0.05367848501931088,0.2331970607868178,0.2282246342239557,0.7786549796106866,0.09067056713309621,0.2887932947854582,2
0.14858781970405607,0.17257487013830036,0.3394383145793264,0.8036499360444526,0.5749130717334008,0.8602105417126549,0.9293805039777565,0.3575469838263663,0.7629950548313652,0.4500420361799041,1
0.1221240087328045,0.4563324307243353,0.23009437616550382,0.15822904225556797,0.4348658783208711,0.3983833307061124,0.2299149306469153,0.21981186333777775,1.0215582221495898,0.6660054402259141,2
0.09669746410493846,0.44336325396899134,0.0852111967004261,-0.17553425999709832,0.09917278876650992,0.6850912086543598,0.6342619893230278,0.41903918663998335,1.2187194001785873,0.8180166462364228,3
-0.44246032829000703,0.20525424075153054,0.6272473822652708,1.0065984237466252,1.0843010030805718,0.9747689819988207,0.704842272271797,0.21529488009749354,-0.6914062949629703,-0.015221513031606126,0
0.8040117231931211,0.5415997682595844,0.7473112990503163,0.27840636970822763,0.11090795488909896,0.8389625489898869,0.926639147996007,0.7117275347251084,0.3461269696998683,0.7500368391418779,1
0.8616067746479075,0.5493022897391902,0.32057423271767,0.7193353206898934,0.7776709224806423,0.7649337113510098,0.679953767152419,0.09731372672484218,0.7698733419732117,0.921826143316413,3
0.756549499306405,0.222050926803402,0.23172223117502244,0.5345758851590136,0.2795014761700695,0.7020587469721425,0.8443718775973098,0.29149253984487516,0.6305319046073274,0.7614534036522915,2
0.32747901765337306,0.8692606713011656,0.9943463949116581,0.5831303826083643,0.032975282250626625,0.2227950520031059,0.2172572805890317,0.7814196756360717,0.09354099773083613,0.28139326254314184,2
0.36247689260570404,0.743872794242656,0.9498771939331072,0.048936161330871066,0.5049648161815866,0.45009628110726346,0.4549297770946245,0.8201154963658092,0.2930408835649976,1.056525361455779,0
0.8704640657368298,0.26715510983502316,0.5080581016466571,0.5057755668644736,0.3343714368677827,0.25567359088408065,0.026439151038405974,0.40489840938763744,0.37150434634350793,0.6404428952441512,2
0.7528910422928579,0.9223840713142721,-0.04277951677564612,-0.015971983495695175,0.5616755347618968,-0.13979819421852935,0.3713947047013584,0.19384061712961514,0.5906301116396627,0.26016920474597804,2
1.101992157773758,0.22792453173444444,0.37909707672649734,0.07535482322057216,0.08325884376551161,0.1440327625774548,0.5819110474952601,0.6614906293193892,-0.062142137236791295,0.5957794854339014,1
0.5361545765230037,0.7626900503543708,0.6225818278776996,0.3791485035772887,0.31513919891030234,0.7325311455932748,-0.029960628616212154,0.4242067334019737,-0.002465799247752004,0.6082413751487836,3
0.6131520994327484,0.9077310361366385,0.004319602643254546,0.05858784471799636,0.3914906707117849,0.3248337402682595,0.13975901183817882,0.48376665984860406,0.13167010162785492,0.9299144427731304,1
0.9089692995145915,-0.016731676102800047,0.1833045260432487,0.7255226259881102,0.7764365066965448,0.034268816427662885,0.016576185788975004,0.8471388663570754,0.31318843899958243,0.19584096899847336,0
0.33467453813098746,0.08765489213618041,0.12818427912816607,0.8610846281659876,0.47491642288358493,0.6812198357715104,0.7476629638681562,0.8021265873155512,0.2599681979294325,0.9422684972169989,1
0.4045531149076346,0.2689384807384219,0.45930333779070215,0.418828283367727,0.3570470996918276,0.8054098480649804,0.04530102515041132,0.9460301713914787,0.6279037188230713,-0.09343102044357893,0
0.5386975820554181,0.9474262824906123,0.10568569293505332,0.0649661568900621,0.7345454642552781,0.10224108248891858,0.27815765563207223,0.32428571785277055,0.5107259803477626,0.034343826301496815,2
0.7977345868687099,0.8932853232070396,0.2836497555540699,0.5894749169299487,0.1444783732123616,1.2548557233947029,0.8606219657816929,0.24722512698223237,0.6539132560091319,0.42406348004822114,1
0.3175615294752653,0.8256543659247115,1.1327049719975852,0.9282633757569954,0.659516109656104,0.9289063065612458,0.07823248744713873,0.3705327775052897,0.7211842316747921,0.4587976264808269,1
0.10892705538912392,0.7664220423877107,0.3345515787651968,0.27721761340659595,-0.07388107461684215,0.4736039449539537,0.558411365172781,0.18989759206157947,0.8286137168053211,0.7310289857942966,3
0.907760535165238,0.7228467853972209,0.1167219113676031,0.7759931631304499,0.3432736915781043,0.9735820470425383,0.7102879645108261,0.16383837380281274,0.7883185641080164,0.2811608276599389,1
0.9559130691798813,0.533477823278567,0.27253858630644384,0.8492793791929503,0.3156440323325338,0.7300004101256754,0.8608949576513795,0.4770663447218168,0.9566227131268605,0.29249481615106243,2
0.895192649676091,0.49424347848463096,0.3637334749244515,0.7381547745320322,0.7208779492661256,0.7713828753538349,0.7269121469897352,0.02434314161828731,0.7734555343988497,0.8473098471577168,3
0.3230196369105262,0.8820527141555731,0.9905031263631524,0.59740156035109,0.09196627796630885,0.2740729745579473,0.2712378374942971,0.7751216521216114,0.10405725010889089,0.32508765713842386,2
0.16410118118048658,0.8970224191471512,-0.0104641969388386,0.44570059613894003,0.6830903266288207,0.8250568908385976,1.0212481385652492,0.27700734928844395,0.7489274592487203,0.8306089481540644,2
0.35179521859576085,0.27583362029490227,0.2213084342735781,0.6206188748017516,0.15587011943843196,0.36914517040529915,0.41445815940781594,0.29772678529722585,1.0120157124390035,0.020362828536390737,2
-0.47996772966542633,0.10155417223112106,0.3871162954680193,0.3846931724346136,0.5393493848668268,0.6944035748647969,0.7938456264279822,1.0803486788506855,0.5880236351373707,0.5688574520524037,0
1.0540870509991802,0.8478398315567127,0.4257841317184805,1.2437607397695423,0.46134146369845763,0.9358607029579544,0.4003316409476842,0.7392389667008161,0.5706791303946307,0.4013715130806164,2
0.008540341001294381,0.20553380972234497,0.3863649412984624,0.6971343935736128,0.39217222411343494,0.8491725197050191,0.8759007879019459,0.32161910601925975,0.7368446846322273,0.4122545646254869,1
0.7796072603727027,0.8435130372106937,0.22253646685072842,0.4504572059650937,0.007630921883851449,1.0740471830703717,0.8356040259388609,0.2255994261607077,0.894610285008588,0.2681244807831966,2
0.2225720074338186,0.7595248131295234,-0.08770913438858416,0.4504155091796836,0.7145160581244512,0.6778684393419242,0.8956164509932175,0.0986709522519996,0.8364001049377017,0.8000484855236213,2
1.6304862801335767,-0.11081800671945735,1.3007095131026674,0.44176680122426637,0.9483563070530303,0.36800093974055315,0.27794241382885876,-0.37679497080492075,-0.22927084791357133,0.15870580923059324,2
0.09405277029362641,0.0787950230703738,0.753099413701571,0.37969454096606603,0.08962556923671919,0.24290934636991635,0.6773179330736385,0.38390413868000356,0.3221134021175492,0.4192424721615471,1
0.5273369342893779,0.43302048463549714,0.7875740057314553,0.1852905676249322,0.5695803002494899,0.6804139547124645,0.46501525353962636,0.26078542940376004,0.16459083273224098,0.28078869755965585,2
0.9134593934675858,0.5852837946369512,0.8237386241852718,0.056960048217472393,0.5536164641826323,0.6470309205184748,0.3396196050178518,0.21115061388313341,0.8283272673332472,0.9753561538918155,3
1.1050508216786064,-0.06505183429501704,0.7849288812435081,0.2013859367041807,0.26142740491294536,0.19990158856470472,-0.300487984070047,0.12702221297032762,0.6897973754093868,0.5061582899675507,2
0.04333161878292353,0.11343273417291065,0.7749265529624098,0.3021169033805847,0.06739852234381068,0.26527004850672514,0.6328090752688726,0.40742546606764435,0.3044104923129916,0.4569360802454989,1
0.45655539612817836,0.2803972930356065,-0.17481350466704387,1.041148062607741,0.2594958320999615,0.4376528905496251,1.138883072716867,0.1319892712612048,0.6921909721765875,0.4258390139714705,2
0.9363282561033097,0.6050135101961269,0.3030237186521086,0.7806562437412028,0.33775357642492154,0.8452494048218357,0.7707758112003331,0.18479452336107516,0.8996996721086051,0.2746765711298855,1
0.9760777598285996,0.549734779505984,0.2912306753727089,0.8232963207140873,0.34942640245472817,0.7493977090110859,0.8489000966382253,0.4594697988786648,0.931180794844083,0.2569624302654525,2
-0.03761137514694474,0.15353355481430053,0.3833736800982323,0.6979448219963473,0.43078976106172207,0.9815765001260228,0.8114392018015205,0.5119541701676759,0.7408193792331595,0.6076557531089588,1
0.9362945217258227,0.09145298051177649,0.6384756292731675,0.8645461703703635,0.5294624091875979,0.4197234141441252,0.5956817275125618,0.342167819660098,0.13744077781615993,0.6112843078259393,2
0.799592060902567,0.34027337384744816,0.6656112723340989,0.587286425296082,1.075635292986477,0.8658081443742212,0.9059101656780619,0.6622683837296071,0.18245507680976464,0.25444162355886685,2
-0.3106906571408058,-0.5180115832425046,0.6071284353767075,0.28899506006198133,1.2561543200244025,-0.2771191339434468,0.049401746598937646,0.49200510084935134,0.7327625460854561,-0.4602672481972756,2
0.02102484076862252,0.16444702571923295,0.754471900352204,0.3107376071328851,0.04877244283965049,0.28054486824948194,0.6093770300020188,0.37859332918798483,0.22800133421242047,0.39368889016896746,1
1.0802969946038896,0.618204565568558,0.023088038078411033,0.7202502322171391,0.40530205867773583,0.4324301144710445,1.0298184483767723,0.23092572087436933,0.7985009707900013,0.13827881773947115,2
0.018978595661628538,0.24892654228692218,0.7159085288076031,0.019883647515778584,0.03947137546435113,0.29008958350461456,0.14666632576507066,0.8787941601463677,0.4653833691817783,0.30856348493023256,1
0.2531832940073388,0.9279293304309761,0.8264834556313011,-0.18041920131756772,0.44931362862047564,0.3108781014515572,0.7282220761329851,0.8850907832600144,0.060224528586747844,0.8033661384627182,0
0.7656899003198043,0.8318846239468314,0.14665977755246457,0.6197552954049178,0.15738121735926364,0.6257951900422645,0.4634945329925524,-0.03953370171981868,-0.12855806037463563,1.0588896470472962,3
0.5838730508343318,0.8818595172909053,0.3405275061098505,0.7998304928797451,0.8061164638490481,-0.5030324626669025,-0.19173443416755026,1.0070357713784928,0.6120917438395783,1.2153590401403185,2
0.5089942639669683,0.33910424588118226,0.08796159743596879,0.3715299057031859,0.23473643506465072,0.1602317801555956,0.4158857591363551,0.20456796676422379,0.8165518045193386,1.0097940066341484,2
0.03545021514622219,0.23881706811920675,0.6968131544820293,0.021268936672361773,0.04235402599058411,0.2766949807182154,0.12466623174226266,0.8637834666242948,0.46296801086595657,0.2999730367506554,1
0.8967332214461323,0.557230232493014,0.7212293588935291,-0.02392137233231821,0.5644081910521378,0.5006084353541437,0.45699219433857546,0.14757645736582742,0.7511354546540604,0.9696906493661281,3
0.7999324200623426,0.8296348466040928,0.23758501087275255,0.17425698821776134,0.7346757637741076,-0.028123031501897502,0.4443719239530669,0.48892713928901066,0.6944784729004505,-0.024197509963161397,2
0.47020632280937424,0.023099350779697034,-0.040589511750809215,0.6655965502582116,0.3986807420301005,0.5067557605644228,0.8735214378763998,0.7745024242655207,0.2496893088951252,0.897304096810959,1
0.3922374150688645,0.4437982687886127,0.196829583276566,-0.2055743638380928,0.04691390409150568,0.7148476685696066,0.5891478728201918,0.3138148646647375,1.1392275014544635,0.7998497214813174,3
0.867664881959526,0.5469358511259583,0.29767715114549964,0.737111873427461,0.7816561018161501,0.7487098456602868,0.6817849612631721,0.11175617635788504,0.7874025043426145,0.9119741082268853,3
0.08563125352228025,0.9336021348112509,0.4210985556579432,1.3375133591624326,0.3121502708890667,0.12670613599789482,0.5036018766966079,1.146341776694924,0.24194064169182708,-0.08199611024911485,0
0.9601296112861109,0.5378179296746729,0.7741914621813107,0.021525834819125005,0.5582023370219941,0.5661654285943699,0.43437405757484254,0.23123496843388042,0.8149790325189064,0.9198820614494208,3
0.6050601093622506,0.9386897015732866,-0.08252724613609602,0.13996730630116344,0.31786040147285627,0.2874643646681382,0.18256294152727054,0.5089629641328552,0.09191153056098052,0.8358669347712782,1
0.4282219924628091,0.4740621149849337,0.2697877402775638,0.8117443195857622,0.28528271862560695,0.3984093145320861,0.4021889819577759,-0.041789272940510866,0.9284607972756643,0.21037195624592683,2
0.07638261355713519,0.7047103099818283,0.527344591434635,-0.01464608218542568,0.9813122595469478,0.7957509548110974,0.38651377379070384,0.5300917224083593,0.3822353970560907,0.058156889182902426,3
0.08970509365474191,0.19313353224601998,0.29922728228815587,0.6986340974885639,0.47749246887148755,0.8498435293042721,0.8540721336405227,0.3923293919758143,0.6756460001421595,0.5161570043112559,1
0.5156793209030289,0.23286123827382008,0.031960467646441185,0.763374530832049,0.5509183235642087,0.7166210984099323,0.776272738194505,1.0754784824006831,0.25900587891304516,0.8403568718777349,1
0.8779406270640175,0.6875327627200861,0.1362828531900083,0.8040409111684915,0.38791775647728244,0.9782124071897794,0.7221094649821976,0.1728192536526793,0.8049662376531426,0.3092660672689052,1
0.5229055389194645,0.20815900155661168,0.47965662830466593,0.8085291609937225,0.3022868999638245,0.17122246002283079,0.6395116785498605,-0.0770219126093285,1.1063522973518196,-0.013929768343303006,2
0.37344615461227443,0.41281479243539376,0.3086913824489025,0.2436515139828256,0.3911412179053274,-0.016429522615317715,0.1606804773905421,0.29184595524630574,1.0593781935778563,0.7150648979271305,2
0.005345489039077757,0.1491790413734056,0.21199292242128978,0.6587105061078458,0.5083813892839218,0.7681422402421033,0.7078171553941731,0.4411235389502003,0.8456998310805789,0.34665949489716075,1
0.8906990570123894,0.29693828885111784,0.2450644692958081,0.6630034987485186,0.16163432908832615,0.6539366854547992,0.6527590048218752,0.5768011034157516,0.4897583267705702,0.5115930030321074,2
0.03281359971940037,0.23445211934440768,0.6961861261615202,0.016500102042297772,0.04509111051213863,0.27825799421647435,0.12776789719680204,0.8660265374108944,0.46161508753239155,0.29708083521983575,1
0.42797544062633464,0.34677309452881716,0.3953683833287327,0.7875647282338704,0.10836717432576487,0.4055156318857882,0.5285533261958575,0.1263937283242456,1.034254165817096,0.23644539083260563,2
0.08431339330212878,0.4697396136742247,0.5331047819156194,0.7476654475720449,0.39676466429544655,0.5798139932281628,0.5069306180641511,0.8342549570135704,0.40571314460557584,0.12473195759930487,0
0.29836578090697263,0.8671834755836111,0.942013152121364,0.6040430654756174,0.014698157468237195,0.26277284216706115,0.19784931207970974,0.8237827925445299,0.055587339958539254,0.32365190780288056,2
0.4544044685185372,0.3074967990352365,0.45815683556927866,0.6595939595596886,0.2580689892286731,0.4482318265659694,0.4653953461417626,-0.07397024268595312,0.7569735945548338,0.35618032617367096,2
0.7145679877806046,-0.3394773340008808,-0.44381679827135434,0.10333893265573715,0.3198434659737382,0.1425943102205826,0.046064656459306186,-0.04987367699529466,0.2515927193630068,0.7102141128309086,2
0.6458476265937965,0.7291974638683735,0.8018736411661401,0.4700098608236672,0.6185505503299912,0.6248323346788809,0.8352242014537711,0.06885222229999544,0.22278615968985144,0.35453632927733997,3
0.5166684277559048,0.9752572788873732,0.007086780186696358,0.09797869566983577,0.3716338584236362,0.2708263333719213,0.13337263257635212,0.5347477008179684,0.21862961670130518,0.9686060693987881,1
1.0544139408621278,0.5571310098402544,0.662451789836785,0.09039084440648087,0.46415513634870115,0.5707289681346647,0.47984216239425975,0.2636043314790284,0.7481870213340276,0.8883659714377868,3
0.9428482489710872,0.57417308794247,0.7626506260374231,0.07093088593628853,0.5378615336658737,0.6209870946399247,0.3784592215410422,0.1907775511024011,0.817000812927964,0.9752033792006427,3
0.5620480569510008,0.402896762021366,0.03518983565646744,0.9972088464994895,-0.13669084727133074,0.09681371109203818,0.8608011230210075,0.3950825567760537,1.0164451466916282,0.22083469625360078,2
0.9621062254879061,0.48490948186529165,0.26305457416965145,0.9222266333018715,0.3130068676142385,0.6920618956088953,0.7814664193354357,0.3942325122301821,0.9306428752145717,0.25815052588340187,2
0.9893935748854824,0.8744784685318633,0.35746187417196856,0.08612450866416244,0.631714812019761,0.9682025759935268,0.7519227374282799,0.1153600458913983,0.24187243784976717,0.8362551041864641,3
1.0851162707852333,0.19172225643316448,0.5029274848859038,-0.07994220665721807,0.8463122628234145,0.37101000555876207,0.847620704046693,0.5210367855798618,0.18454097144077647,0.5516005924727829,2
0.445395292182512,0.21723208981802491,0.028413301189300216,1.0127868381670224,0.5087697895563807,0.26960805352304823,0.3388872489529647,0.5592230231948865,0.10983106879641208,0.7768106977757799,0
0.5817488374679454,0.12027145620985773,0.19316402893546147,0.9555372606104457,0.5867676746827796,0.6833935644821643,0.9497673267263329,0.9544034070050561,0.4081779260816447,0.8133337105262377,1
-0.1064453979566298,0.897127910821375,-0.06553380208915571,0.660300053622118,0.8816415069854494,-0.07201917269885205,1.1267487661163211,0.8080805446943935,0.8498531536009962,-0.3412211054702868,0
0.11763357312793678,0.6467735665333412,0.4511664899195203,0.07222857148329499,0.9910601388136184,0.6844852530465206,0.4194776123509327,0.5441577110205634,0.43217612248509363,0.13910221656142174,3
0.028615608336844695,0.2280607463279041,0.7048242178367266,0.026977647288595648,0.03970770215933177,0.2880279273687665,0.12965299795101326,0.8701391872974858,0.46408580054639675,0.29746952280731753,1
1.0820991998146887,0.14168744600671537,0.47023190397938575,0.09094122050588126,0.02191656334255876,0.03821225019980916,0.46476417401322756,0.8205583488654083,-0.08026304223218046,0.6343361333640063,1
0.05529072978073709,0.17493363307778348,0.22624186669123608,0.6865600614862419,0.5652071778876159,0.5076970813728118,0.5749267679983847,0.34259252016205693,0.9426463753089634,0.813958463318306,0
0.694791610423969,-0.13029238519364653,0.033682323264521585,0.6953386237831644,0.4181735299995898,0.477302471546161,0.7001377361935865,0.7332079134583174,0.06148206673716827,0.6703686179297288,1
0.9566996413081817,0.65292886712074,0.7192922890138349,0.08795458096182568,0.5158613708752202,0.583405262331896,0.4185264629178165,0.2392588630924749,0.8178482803168277,1.0373624957472964,3
0.0317357612744195,0.2525252554309538,0.706420678981509,0.0226285051646729,0.055297667270298646,0.2644354735351818,0.1354755001429644,0.858036935572939,0.4662641557121846,0.30843240218519685,1
0.2954348023473302,0.4248718926277265,1.025287394467013,0.588966518309763,0.403026057050254,0.735664531801545,0.16618275551259568,0.6661955846136071,0.9455888155831802,0.43524043039926463,1
0.3710653345124314,0.7785746415857178,0.3279539540920181,0.15222006869197577,0.7971335434037611,0.7214932482936833,0.42122422141009547,0.38042076067202707,0.31874002606421337,0.1890215123859977,3
0.36786718005186353,0.2223242178987148,0.5365345026644114,0.8374053810141899,0.5053564017136164,0.6556952218131465,0.2803794157754713,0.2891498236989399,0.43406269289079286,0.8168512738684192,2
1.0206329976558848,-0.05851167124431195,0.5251113846508626,0.525571183326874,0.7806963181125387,0.15945145927865945,-0.024741526687477644,0.4064085858514484,0.22572784588967423,0.8928405793154477,2
0.4043072979123625,0.5066862206406955,1.1335694132855814,0.5208460049179361,0.1938664476358218,0.8010794266962388,0.1772639674654946,0.4552475359531899,0.8489212550320698,0.59528395702575,1
0.6650453046538168,0.8186930365186417,0.7629429312969545,0.3801818837338493,0.5949856832915164,0.6961579596380034,0.8069447504255937,0.11381470976287844,0.10937157366914188,0.28929263177888537,3
1.0454893474288367,0.4830156972087388,-0.28892419523434365,1.4671251978713689,0.13726749225810098,-0.6727546094842085,-0.10844171722645779,0.9163361199788433,-1.3113790150055893,0.22238874613434279,1
0.03907504708412464,0.23953877671248033,0.7036976684308891,0.013487305335673463,0.05186742975131533,0.2747119345774111,0.12887458210126165,0.8703548496304924,0.47014503629821675,0.3019094718743358,1
0.6253745826234416,0.7225795949686887,0.7311725092570045,0.4646654622452334,0.7255346779236066,0.5769036297487631,0.9368461665151848,0.11024005810669062,0.17245574375774664,0.2531965414843612,3
0.5521874581495813,0.08007427137828493,0.0701626798546996,1.1268131769778789,-0.09432312545419919,1.0013567467441125,0.8983076112918715,0.06471736076495221,0.8958494281503354,0.6929785960425103,2
0.040039869200038075,0.7924007176910459,0.2046739382382152,0.520320837987217,0.5853138475986458,0.9191354828582589,1.0008156134131894,-0.004196505703149694,0.7461377436907645,0.60307513392395,2
0.09647004808254667,0.4886270329056869,0.6047164687864891,1.146602383450396,-0.3090956962864798,-0.07423178628423938,0.829314355416692,0.5535110004654609,0.8248128116709853,-0.2823679674555924,2
0.03597581652875485,0.1490607075202592,0.37699309108706364,0.7086434946017139,0.43745158284792196,0.8220497445359637,0.8015869071303382,0.40028370615180536,0.6682486919467624,0.4482918319486331,1
0.024518111012801033,0.31946889310363824,0.4295966082356876,0.5723742719424235,0.356200887215131,0.7898731586154911,0.9275236889396753,0.3363108226320723,0.6001672933095386,0.5455596442903008,1
0.8348320889816658,0.6056280831629439,0.6860700901778182,0.23907209811967703,0.1314351601821818,0.7804291101017399,0.9761569753760163,0.6610792158919767,0.387374103798017,0.738325135041155,1
1.388769163277288,-0.23277097397323337,0.38758861344536,0.9164103799347372,0.8098673448932665,0.3252481229041271,0.3802019837768122,-0.03340717851236574,0.3172653715603682,0.6122836008269371,2
0.6515827475073981,0.7615936529945629,0.4080019399664587,0.4875486125174673,0.18372201210388972,0.978861095209225,0.29666931428305915,0.17757236309541988,0.062544461192817,0.7656298280951709,3
0.6721427542700646,0.8804904781538734,-0.3365029970699769,0.5517987612605226,0.1441936877981412,0.2893583561571759,1.250321328042665,0.44881296577203483,1.2540098729710576,0.17315719438826346,2
0.45509751572048107,0.6606908147682684,0.6090211689855376,0.6313765678768619,0.16607664712850762,1.1319717523438297,0.22710849960881851,0.4492607392493005,0.06917601528877321,0.5062840435622848,3
0.5267237781454185,0.3414129477943015,0.6901326845168608,0.8171271324689279,0.7773163048278127,1.071077244310048,0.3647452773569673,0.5764802738558832,0.6235676751340201,0.22793739257654866,1
0.13697016014450722,1.1226214556996674,0.2844548959376585,0.4908309160943842,0.5781201484647776,0.8526241636752727,0.9712118499724213,0.3532838084822285,0.7799629659970873,0.7656315033201161,1
0.6845421608010431,0.7459924169952294,0.8208798191225068,0.4157486682901301,0.7229983886442534,0.6903929855706832,0.8234817820315598,0.10204815751768442,0.25624662575637747,0.38897327611700294,3
0.4148593078292996,0.6339538652768163,0.7652034167838415,0.5206274028966551,0.5621366869560667,0.7155144688308808,0.3721446298714549,0.17330756064906055,0.7936357535284125,0.2291446322994238,1
0.49168321871269177,0.04307830390880874,0.12088044827377739,0.8623513275107744,0.5480453031227362,0.7052875845758304,0.9048324657074407,0.9885984645325187,0.33451071241142033,0.8549987054188771,1
0.4928469388862133,0.06986181645243912,0.1924858607259145,0.8284525214611632,0.5980797659839735,0.6539147240023411,0.9054781430434552,0.9853588651791789,0.4092497157609821,0.8116916113809708,1
0.30136188992987356,0.6510448882135406,0.9012497428014478,0.05890075467007041,0.5976141645776417,0.3728441211240858,0.41711852746476313,0.8537922569493707,0.2435050642010546,0.9408179321139828,0
0.941677167104039,0.5347723272538086,0.2860157090772998,0.8534961308282007,0.3295730523613984,0.7277010834560688,0.857461556929491,0.473426358389681,0.9500031798610985,0.29120838152390816,2
0.8082369961899992,0.8111016192824975,0.6975048104554605,0.14841455917629548,0.4268073646533807,1.0861813146795267,1.1398614636040736,0.37113660951386307,0.13882733643806872,1.1360890700818334,1
0.9560278854698567,0.5361014285172205,0.2697888882852069,0.8699925517002995,0.3276847252626754,0.7180851185072465,0.861739550338077,0.4535916152910614,0.953418219388321,0.28034031763986106,2
0.3838982024255105,0.3450732074040052,0.24792943087744188,1.0611163014089187,0.004312543526077434,0.6134688084243267,0.404115070919579,0.5376874596639915,0.7829142484781274,0.19278086681537535,2
0.5038115880710589,0.8274400339403675,0.29900890691113174,0.5181238934020487,0.8069519325477539,0.17369446926196813,0.026438803341102837,0.21536221562572866,0.5272957204526588,0.9214968107623758,1
0.5738776410854873,1.0074253383717107,0.20849107376714998,0.04072072060414576,0.7936063620986925,0.2057705978642488,0.16713299408586463,0.41566541790056216,0.5510040771808011,0.10504735339765735,2
0.45080363005111235,0.6395843919434833,-0.028296399994328286,-0.07673235398545825,1.129408766867859,-0.3366578245053717,0.3948824221837496,0.3649891430234666,0.5399271294624418,-0.1390081294319092,2
0.46764156881049934,0.9580845404840486,0.28180241741916945,0.2471553776449977,0.7299322450499327,0.029928703823580264,0.10946197565198063,0.33756449083697176,0.7325028184168222,-0.1197463224497331,2
-0.22666375309569808,0.1502336111021814,0.10946791529334635,-0.1129343151232916,0.2708679064953748,0.5236778782810946,0.4783663816278285,0.4433268120307641,1.0561149819229734,0.8604954246853601,2
0.3293996226575866,0.8622656395258008,0.974396802435795,0.6217383184163292,0.07201650864813203,0.23522280277434493,0.24587969447177355,0.813939644348041,0.09341099439029016,0.3181309274551258,2
0.7632219626917323,0.19215799616583315,0.3637145374758679,0.39155481787322105,0.7341757773313892,-0.05503803547753243,0.498176433225882,0.8671026716411965,0.5718264571976545,0.7006462412586516,1
0.8990039146142728,0.4842918390525496,0.17819972521093147,0.8217293805142442,0.21853257985181346,0.8062899592609096,0.8739061390078653,0.38074293159163813,0.9828539280170191,0.3473771292030379,2
0.7921650549110327,0.1368681610301674,0.3578867708058848,0.5386944223966618,0.3303891902217834,0.7640160444386308,0.8562136116244675,0.27335969533118626,0.5868254544587547,0.8425189417632934,2
0.17591767956184495,0.39985360969277645,0.0842000557982065,0.9169651398900627,0.01630554483391347,0.5293291896149973,0.2514882495967125,0.034669790879806976,1.1867458947412148,-0.03246892561248438,2
0.8983227270306714,0.5317366238661092,0.294551436866877,0.7229539386903979,0.7819986705790912,0.7251140146997301,0.6883831139110481,0.11852201480470295,0.7820077348911415,0.9407977903867323,3
0.5128966233374672,0.7176566351927389,0.21999366483994184,0.3150563945322449,1.3001020519940703,0.5876676915831689,0.3877180076001181,1.4457159140814968,0.8775797968581611,1.2918637661504204,1
0.05185352658345345,0.7610251142644858,0.29502028463390334,0.4991117974006997,0.9226216013407218,0.5772517174546509,0.9484249515140755,0.6871152402623779,0.6663749622992649,0.039149531275399614,3
0.5770097275714865,0.18855459877187555,0.29537166968790995,0.2793658631886981,0.576010102514008,0.05563704164585184,0.6504402536588713,0.8442355015030858,0.6162518983256349,0.5790203483011854,1
0.9106727558561707,0.4668827289206356,0.4331228244374869,0.5059939906660645,0.44293058200875457,0.2049483379680312,0.40768951107757173,0.5941211882547119,0.5512814668693418,0.6861714829429593,1
0.12985372260879174,0.5992548514608398,0.515748239133966,0.10243293057422787,0.9665106614076894,0.6781854222479484,0.4964267772122131,0.5580437991658664,0.4003934862226373,0.1016649646603501,3
0.7352965499463453,0.3216275662049155,0.24502935165837492,0.38959050456587263,0.758897064578632,0.1111801208380458,0.5475309119180923,0.7890600423950683,0.5281049489010947,0.7474809580688943,1
0.6374389951384758,0.43078516541622464,0.18037433538500647,0.75505939106072,0.9351384028320558,0.7829844475656401,0.1343820226489757,0.7338641847313061,0.7331504319826354,0.28724350373151036,2
0.9474365169603203,0.5319040579536434,0.27490848673606244,0.8571868135083263,0.32739746624673854,0.7195269549339208,0.8515864203132516,0.4666809351948635,0.9602864869503533,0.28357424764258643,2
0.02097831709844764,0.2330538441210638,0.6852619078681028,0.0047754637442195946,0.040150741907764145,0.27768295190608616,0.1369346011838774,0.8535961797356281,0.47205978316738423,0.2924465737532107,1
0.5643377788413435,0.32586729500341494,0.26733119170984787,0.9801295973907003,0.2059179102633121,0.3804493964673912,0.45390489592819955,0.6516513907580261,0.6962232287628562,0.1887081976074073,2
0.8957942557968972,0.5249431289894925,0.2831181270484028,0.7482457489596132,0.7558486796148104,0.7746539280569871,0.7197406225315455,0.11248463983512037,0.7796590094599145,0.9607530944182935,3
0.5126206293467706,0.7637161604116885,0.2888624072870684,-0.10592171940476203,0.8249335992531801,0.029209942933341622,0.5801399680973762,0.6932682517638667,0.2727212416299142,-0.10195910598465216,2
0.5295218574373645,0.7863989758003788,0.36781814857391903,0.3107743856881137,0.6426620827265913,0.34017943431826797,0.08182489116100142,0.46448654457901156,-0.01950961625333874,0.2319317496905172,2
0.061561411178374,0.38669116448251895,0.4666386368424815,0.9393528529085848,0.33517160122245127,0.4814785259453924,0.6861286903672311,0.3297331355395907,0.5795629406924316,0.3402539979024181,1
-0.040449714097559555,0.2760754349371617,0.26836675021612255,0.6354974966141844,0.45409808388216455,0.7751264990903041,0.7464058619907139,0.47339610999956516,0.7625953371312443,0.5057122304710857,1
0.953364778629344,0.5829885116863244,0.7635262304111873,0.06265153184801597,0.5605989336084869,0.6124075345222406,0.3606420919874581,0.19916105352750116,0.8031868070936026,0.9715846567001124,3
0.22374758542267176,-0.18932295530852455,-0.3328506586471357,0.044251863028047456,1.141480276905243,0.5963579339381478,0.16290621944619144,0.7461092123139094,0.2784942821381658,0.8942421239986227,1
0.6313902193527293,0.9521202275810344,0.06423763073242236,0.05444128860651555,0.32664950110617264,0.2990764077564787,0.19616454075127293,0.44692223501462347,0.1437322758379391,0.9891573593407348,1
0.725503701360784,0.13402287802482873,0.3793420648690676,0.35632871550126477,0.34027106708003696,0.23272931020334509,0.13323863489092794,0.44905954164342,0.37069239287431427,0.6033528233823111,2
0.8273692364406895,0.6744676051667059,0.1918019218788938,0.8293371197874077,0.4487677756147779,0.9927813160683681,0.6526458533830242,0.0838327485858388,0.8168326813094912,0.23931195532591626,1
0.5337172308779105,0.8057958055705097,0.34145000378692814,0.5200415146604505,0.8093351183146178,0.14512731259188655,0.010984629461255542,0.24478670692075818,0.5120935610611719,0.9350351494398262,1
0.3605260631691492,0.8821473783462733,1.0160136567697382,0.6045683490604319,0.08953948155513208,0.22569068067364317,0.22602123781570846,0.7784007523524797,0.08557528084472099,0.33048571799466525,2
0.49536199793008595,0.591427982033649,0.34792847971015817,0.8187962018744596,-0.06965926589441826,0.45599131172890933,0.6782191434328098,0.08614770440692966,1.3844984647711653,0.5989913133831921,2
0.3268803981022545,0.8484543871108678,0.9843278444090982,0.5777406995330152,0.05848381166728741,0.256872210088113,0.24262116486667323,0.7598499573361787,0.11183555876288082,0.30032825356385334,2
0.707134646998519,1.0085970599997853,0.1915040516547897,0.665983766908741,0.800840454685408,0.28058551755012184,0.1214835581962864,0.04205641059409998,0.49333954754438014,0.7306520417783697,1
0.9600198183705931,0.5643889716467897,0.7988298980394557,0.2870650740563333,0.25780886720705104,1.0047234127873632,1.170759433387884,0.4963726157785725,0.4824502909547987,0.8900115979964868,1
0.6276198491439247,0.8104288445415578,0.2881721762950148,0.2663737153347265,0.7271832697176634,0.40058223663924364,0.09145049882962326,0.45490740310253297,0.0004310169070504341,0.2588273109572705,2
0.14753081015326958,0.9375401405821089,-0.9990687631130368,0.94070916507775,1.043808389613972,-0.30503670667641203,0.045754026602363496,-0.19048071990022664,-0.6137586668610734,0.5664290282912706,2
0.5749744382080884,0.8949392379311664,-0.07148192807363801,-0.009867492340476083,0.33512483974488805,0.33152064119900093,0.12250414521801137,0.5366739773838788,0.11498176867879653,0.9745570182308908,1
0.4563575635009401,0.6697126117385538,0.7327069916471223,0.5158966791524082,0.23682507670266345,0.580673326598202,0.18422157259007732,0.7450691489941821,0.5551360491032407,0.12317042028287312,0
0.2718852782770183,0.9651089356148661,0.1039141183030706,0.48246088680651983,0.6970980342502501,0.8182764934058708,0.8612019362855656,0.3016503878399019,0.7540582402742033,0.6665225155027235,2
0.09199018236389414,0.1408058724608214,0.3163960173885168,0.6049457963451319,0.5423850508240331,0.493591635436039,0.7014973067643977,0.4003424862812846,1.0163825941315776,0.740389746740858,0
0.003155901183232619,0.1639109323626923,0.3983337590163012,0.7649415844153397,0.5112735546875734,0.8744917762978212,0.8223546057504665,0.27797726622072094,0.6777165675240997,0.41767018798690936,1
0.5706770781845384,0.8588367584734818,0.1810864281020027,0.11463819107424351,0.7690381684329222,0.07593314603462717,0.256183134519882,0.4084590914557075,0.6090334077916766,0.002406237754470496,2
0.27935543844859506,0.3853001250405001,0.3451437309789964,-0.33067671725472625,0.8583550728253444,1.3103137601544035,0.668696417180493,1.1666150421161396,1.1337954524431209,0.7059733231399062,3
0.21445609566087528,0.9484381100660156,0.03507625169560864,0.4707827521765208,0.6389689614200712,0.7250973186465391,0.9622478993746928,0.2120662929419038,0.7111191881137676,0.74576970485667,2
0.0393000750772745,0.7331330983709172,0.3024173884298298,0.4081032130560643,0.5629074983055404,0.6891629018101032,0.927348849223958,0.6857995571886757,0.5837698933566429,0.9472995977979425,1
0.5173800911823051,0.45737649953683496,0.9580608440657516,0.7699712589114966,0.4927038608033322,0.82902167036216,0.4857132381183877,0.33113752214530723,0.6851775117371491,0.2794266353903832,1
0.9314828426953573,0.5595957537779799,0.7359931352940897,0.013635242556114487,0.6173138117919392,0.6348929886932938,0.34531283709599214,0.11965868192086204,0.8021496253611548,0.9556566263321048,3
0.07972539259167424,0.8451824955544677,0.4778863623426973,0.4977484037890727,0.556536252931423,0.63995235463725,0.9268400296421618,0.6390064002305522,0.385717635954951,0.8652652196391438,1
0.9563062393245172,0.5637537125971416,0.7702402558705135,0.07373524613660276,0.534832963789718,0.642679780232437,0.35718834458025356,0.20994913479253985,0.8310222434335507,0.9876014184734199,3
0.786402583964449,0.3015405576960006,0.6759777414656898,0.1857357351280488,0.7749557704720057,0.3039168220763923,0.28321103981567153,0.18763394337453826,0.07737524298956694,1.0224382549093156,2
0.38501855133892604,0.014206044765109782,0.6695553637998851,0.5006949510885804,0.5111199117755862,0.5567617724464954,0.8392200777657518,0.014354111293713265,1.2625682311578599,0.08798730033793117,2
-0.09332239188566552,0.32025856050500734,-0.06513931397932099,1.02941205103744,0.4064156172376285,0.47020520343636807,0.768356761144388,0.5951729827483823,0.5145868025752445,0.37623660954567073,0
0.5122458029190582,0.9816146091642655,-0.10525022567116521,-0.0047914098671495015,0.3533132044434118,0.2617051645931349,0.1171768738816108,0.38224567740522536,0.13558421051278774,0.879804873988408,1
0.0637172310605224,0.5107656983172808,0.4530613155085418,0.825318518684437,0.31359928502701956,0.13487540765815798,0.30675180829041615,-0.07231810713982462,1.1396103397373212,0.030078817111238942,2
0.9401315416453438,0.5788054738920498,0.7646102578650027,0.07339988855049319,0.5426133483790797,0.6253640232484192,0.37597720724726336,0.19118271861524594,0.8152137615527661,0.9703751333123117,3
0.056117926539318075,0.17711646395844027,0.3276856033651776,0.7188979017903115,0.47222337773486295,0.8393932297634691,0.8579938395848138,0.3600489960312133,0.6770837322900582,0.4793069468784304,1
0.10339165800618633,0.6422546895392498,0.12828989320075668,0.055253037375125894,0.22809809170897818,0.7987667538825656,0.733119936017,0.39238233211796586,1.177624670644806,0.7162151190941534,3
0.6788233672289302,0.47544012534223346,0.8479046963225884,0.6156448176403879,-0.05137046189284922,0.5065574429141539,0.09698609964098888,0.4780633887304394,0.24399172353666976,-0.4387877822099506,0
0.3360422346898378,-0.14595332122343946,0.4008529544332897,0.5794772523266507,0.5914594583862449,-0.18751028707478892,0.33873701482770274,0.8205773087443072,0.5153282161331261,0.9518617544895462,1
0.6098440331396383,0.3403922884654786,0.19452942150467856,0.19476680509068153,0.563050234599582,0.006918594109080894,0.6773073036068367,0.7299080728829167,0.5978169358873165,0.6907316007542039,1
0.9479809432235562,0.589043545367985,0.12484494999037532,0.7088890986998317,0.5804690180170979,0.8320315170451444,0.562260122432479,0.14324245713673023,0.9572032670195161,0.8801991191291091,3
0.8783411710769549,0.5560720838904659,0.1996662199380088,0.6951431852190167,0.35786302766178757,0.6379319840575394,0.8049247698229047,0.39309314900146397,0.8188594641551037,0.44635717607738634,2
0.8819547447207121,0.9337997369325972,0.28593542768086544,0.014996887414731014,0.7283052996269754,0.9661553680366776,0.7635831603902551,0.19844183844338173,0.156960685638471,0.9469463496327574,3
0.06631556808065747,0.12082478032303769,0.28622838024886327,0.6475645150687285,0.5366761181442903,0.6267374310767709,0.6702214129944289,0.36677244575848833,0.8900771846075881,0.7589277241271416,0
0.24430295070161556,1.083212296233912,0.08463118001288428,0.3505052521725981,0.5137287421177255,0.617761876906178,0.9880596020821947,0.37861664386133875,0.6307888036504073,0.8109564245354779,2
0.5647967835868487,0.9599316686744789,0.23847555840663398,0.17427531238550117,0.6416225614876058,0.06656150603496735,0.34814112190487145,0.41920386635663565,0.3871804464908282,-0.18249597645701957,2
0.4382036994543908,-0.2399091229964407,-0.3441824280139287,-0.3804457657287559,0.6929808097814065,0.2335699355855275,-0.0088674168702505,0.5795601578805157,-0.24345868099451523,-0.2976879824460628,2
0.8796977589930485,0.6866652315912587,0.12620990993695924,0.8015656749119081,0.38360834210964223,0.9624194953896998,0.7045163647175262,0.1707000035641903,0.8139483727727205,0.30822953917863,1
0.07532335271620076,0.8585765122184333,0.40235636427937144,0.4747901293794264,0.5342379059060919,0.7199367320434882,0.9384386376777922,0.573298609534059,0.4768555183826464,0.9362102682299722,1
0.5796589985388598,0.4505180835071963,0.3176171217550607,0.4380318300791275,0.8724723426928059,0.41136912716620244,0.6635191668743586,0.7883618299483336,0.37506244970933617,0.02816514329771073,2
-0.04549580612461317,0.06648515136609512,0.42583402777987783,0.6165330616830611,0.6268171416392139,1.03531821883766,0.9407565119423019,0.3791532960503603,0.503311486436788,0.39588724142848053,1
-0.023792598316279445,0.7478102230046807,0.9036024589497343,0.15645313236423952,0.5034431936064268,0.5600537679344517,0.29353154382119084,1.004736613086083,0.6742861836910864,0.7619039650710812,0
0.3611631164210272,0.1146439113916577,-0.0987172440001487,0.7325396837968385,0.29978044459068576,0.9105759393811785,0.4657986644781743,0.5315686219615896,-0.20510364465610065,1.1953471254140449,0
0.5675807381198752,0.9225867959384012,-0.012346033942988256,0.028928694217008465,0.42674481713996915,0.3187962003249652,0.1371803807025066,0.4489122540692936,0.1349165243170185,0.9169626531843322,1
0.9401933396248066,0.5843075939228511,0.7739696768814754,0.06706368629770405,0.5404869869112418,0.6262109429077626,0.37547137175664225,0.18606340827442255,0.8247663053288694,0.9779315429442045,3
0.740940206235913,0.10599584005373566,0.5197234840202842,0.4122413264371121,0.6482886332563885,-0.10593709771958132,0.42154646792269423,0.9071758609543203,0.5713364366368641,0.9160245091061907,1
0.3242167720872662,0.669437601957169,0.16704569109527545,-0.06982435701210539,0.1355243541326165,0.9080560270677263,0.7642616675619548,0.31419106927585033,1.0538710753798426,0.7414800682943966,3
0.9967095716339783,0.6064543458889439,0.31885050102568707,0.8933336449111776,0.4357165960102842,0.8102238791004507,0.7970469860032043,0.401056028299077,1.0121190183971989,0.19151848644799246,2
0.24042099823328134,0.8232307530288449,0.8344313047941736,0.10664859173880788,0.9321091155561587,0.3545966835711951,0.7007848318720605,0.7237500092248135,0.46241732710594363,0.7785554124045333,1
0.11675840276138895,0.12906446075119193,0.29693278651311245,0.7149801992758766,0.5122974499167556,0.5869336297420902,0.5748557319488985,0.44113531766687214,0.8866748127376591,0.7579875455775914,0
0.6086481606521796,0.35795355020927033,0.8451999339866322,0.47165741225847235,0.8165135242719015,0.6613147465848528,0.7263151122581006,0.4852815091241471,0.23129577831363118,0.11090555234802388,2
0.6060273065710496,0.9134457099255114,0.01064727918076758,0.0473355120842949,0.3853015855340287,0.3277834723748913,0.1284572387521064,0.4985182214845973,0.150764369156754,0.9317890817759131,1
0.5723640211900357,0.5117399332769693,1.0554620094228773,0.6783350578976788,0.26708887668003944,0.8077801529197376,0.6346462626419848,0.3860635430976416,0.8060633375711059,0.5032623206945215,1
0.9467178071233229,0.5870332919677653,0.7634636638986989,0.07358892216109919,0.5427013053105798,0.6201837212725207,0.38827095679363005,0.19169587067311916,0.8234999699772397,0.9760378756474646,3
0.13574123205858588,0.5050281806181548,0.27255659249539654,0.39308248425342374,-0.10215052834751415,0.13460208223457,0.6545580151378222,-0.12414736094769296,1.1268089671536268,0.45805414090257324,2
0.8795047628815116,0.5578696834800901,0.3084893768009461,0.7321968106152964,0.7831180267543107,0.7451507641576514,0.6815613149066162,0.105988227118751,0.7773130541528203,0.9231526489692172,3
0.3397163378571017,0.889989954461492,0.9859327942628501,0.5742495418497634,0.07059108158075311,0.22033487711703165,0.24278651229564419,0.7853646118739411,0.08804311567736985,0.2799767995294352,2
0.04068813005351873,0.10683713363266178,0.7836336776331513,0.2979014945121306,0.06890954335391859,0.26497276459403435,0.6275114199426807,0.41505814242051625,0.30790833725942407,0.4627310226874251,1
-0.5221967356527147,-0.9066654520360213,0.32372912969192624,0.3622270254738203,0.42721689425304754,1.0586850370450138,-0.3509024709242181,0.19806415110745051,0.26509837814888837,0.255857721674029,2
0.35885860631056266,0.3756506633851266,0.2889616992954304,1.0337348714477286,0.42322805853608525,0.5962102871413841,0.3779912944148115,0.42120533922504755,0.4521266011195875,0.04020499948036185,2
0.04690794496478476,0.7910705460952296,0.2930296456330715,0.5170627447655469,0.9099556918895787,0.5866324312132458,0.9192447556574496,0.6560179223779391,0.6357823186102248,0.07337028627143904,3
0.6006260998210196,0.19428357058832338,0.3101242825758395,0.4630641585970497,0.8229753883044191,-0.1728778889757522,0.7200705515994004,0.9390473160603969,0.6520293927778315,0.4191886047736854,1
0.6885293508288012,0.7541746479974455,0.12407074797591139,0.09247256448961809,0.8386829652032105,0.14422712599250848,0.37123153526030084,0.4048172900084414,0.5763573749733638,0.06725126438361045,2
0.642249638737762,0.8366490261233597,0.7457793728835691,0.7208538216479761,0.33728800941199016,0.4483953450153879,0.42362069324296897,0.4732997862537389,0.5288333526102729,0.13582352966427746,0
0.6673827354986132,0.8069080951380878,0.6832960062887082,0.6496080176981169,0.3155211582566824,1.1855513343946895,1.2766915767578837,0.7035850832987972,0.5991870380939368,0.8442545610559972,1
0.334115878544118,0.8803011926903997,0.9731565573917108,0.5983391318549517,0.06202451822370363,0.2264084710636978,0.2365991760965542,0.7694844787920907,0.09509259334374692,0.27863000095205964,2
0.789281524738018,0.41590380166391316,0.8816588008045938,0.7586190245861977,0.5395419711802638,0.6410244134039715,0.05789628336526354,0.6783711624931528,0.8869957702519088,0.3920061975923224,3
0.7498207736653395,0.8934652369846869,0.3056289314281925,0.09392835806771863,0.6645482229720847,0.4861036061916264,0.2200205244147281,0.3259133805624537,0.04845708054367423,0.3168841733132341,2
0.7729388162108559,1.0006358013964012,-0.4250602432764137,-0.026410943379576522,0.35580354934304004,0.34146449266708456,0.837659195214252,0.35680179907589665,1.30157858408019,1.2956215937072117,3
0.34096465788429675,0.9211187532032115,0.9602213931576185,0.6001966196284466,0.055967213471536145,0.21308697646235578,0.2532384992141538,0.7361247147754698,0.059455840407517904,0.29632108055845935,2
0.23212816979284043,-0.01781447527187977,0.08534057051965879,-0.04045743279871966,0.7965438399218703,0.3102848234746972,0.4509285894689449,0.48466656545681175,0.25137618291698643,0.20701643799197833,2
0.03097004499451693,0.23462406837718777,0.7002681843557196,0.016512326590825542,0.04324278590102028,0.2791938207927218,0.12996749588321319,0.867946291003546,0.4642204204614998,0.29517007385623584,1
0.1738811430072822,0.11854336529179182,-0.20952503469708406,0.34259061311841826,0.6412543396214038,-0.21436558375857104,1.195400231084824,0.7670788453285843,0.9352184154125994,1.0823554852572461,1
1.0204527644226056,0.595293647680989,0.7088756133852353,0.034992030410957393,0.5653003614709354,0.553247246574427,0.42995341375967955,0.11038077635562062,0.8142358285490335,0.920737121957314,3
0.48927650321136956,0.2724905697902467,0.696355471002396,0.8106482858470191,0.19771487159323653,0.4264460203401956,0.6110219000590937,0.1063255699348307,0.6587305159498238,0.37563870024518464,2
0.3290870593121033,-0.050605739279032474,0.1286916114970045,0.9577688227254808,0.559888626578585,0.7059677704780144,0.8136749950994784,0.8808052339407166,0.44848025932181157,0.9617046332448891,1
0.8493976472596132,0.7233096792836772,0.7789039251042841,0.09593878797898253,0.09152983575268468,0.7089745965998786,-0.19989743662786302,-0.1188092741987053,0.39092935714020083,0.36331806653000087,3
-0.0004574648856883745,1.0090018911285052,0.4776905313254176,0.5689685140164563,0.5340555743717912,0.7406179440359327,0.9683909554426405,0.5696538919686455,0.4211583641489358,1.0465060125005858,1
-0.7679763305510044,-1.0011989717927798,-0.014961345306657658,-0.4140255864171483,-0.3135135582476787,1.0360141122013422,0.14017141083371648,1.5456010947624912,0.38818284159445354,0.4520187960917378,2
0.7173088485114253,0.14687732505665949,0.8168487304638933,0.13297727236226609,0.44068095976600236,0.3810903712465926,0.7815874792335993,0.5437056362167907,-0.1978377425736711,0.31511447401469994,2
0.5987895708443663,0.8577915794770918,0.15630775574685501,0.10961275936552758,0.7751569022283349,0.07071182901551427,0.26155724107409367,0.3846012582854459,0.5870695341143153,-0.008098488518156845,2
-0.04851494722349903,0.9897798767351722,0.6035124342745463,0.573009166173045,0.5263842316505289,0.9131457647556034,1.060008204517013,0.4904406162702587,0.3759620017428098,0.8826484269799564,1
0.9605352988796796,0.8121036716841455,0.020455873411443323,0.732200207804563,0.27762333682592355,0.9234609771551582,0.7021847283754951,0.2731288532841856,0.7063053104455824,0.21397558762238436,1
0.08100419807153626,0.7800120576865556,0.45643545124449214,0.38697501678965623,0.5657865492754572,0.8104341475857052,0.9922674651057085,0.6057225120880405,0.5569088975645489,0.9196325470359967,1
0.6156040822821408,0.6458676035630684,0.7310122037936885,0.38798254443724184,0.6215299423065025,0.6723375203486924,0.857530475831045,0.11833813305637939,0.14131915786874688,0.2902944931019625,3
0.6704277655836316,-0.19275363191919537,0.7731387423768604,0.3924378897699109,0.195330100159255,0.22826110342004025,0.46227849404852767,0.373043065012528,0.26333569978246235,0.6627158023403372,2
0.0501068212814835,0.23361611518677128,0.7200180496437093,0.025531843060031256,0.05348331491985766,0.26345730038573956,0.1333745204082987,0.8638429639559979,0.47347784637806895,0.2933493269728757,1
0.7363298783094747,0.9365278064863002,-0.03191039821446368,0.15588868010082368,0.31772656724930215,0.36004630168412965,0.2263032572541101,0.6073511315632565,0.16390697575208693,1.02617484826216,1
0.650899292008061,0.2084086999912793,0.22167939892694138,0.1985060535612897,0.6358829337350892,-0.00014408754264140164,0.6051413489893649,0.8167761656234512,0.6342149320341237,0.6558111036558818,1
-0.30175871877579746,-0.5749546918689931,-0.4604909661372384,-0.04343649649231221,0.6847283597775314,0.8311993123680652,0.2901636076974984,0.9949662163205356,-0.09559666000753586,0.3359916610580458,2
0.7450856437140423,0.5876159518759203,1.1729119815065143,-0.07004639412810154,0.22019564276140718,1.1018956689211497,0.4074227640202437,0.8664241711053217,0.7978719665030736,1.069350893976462,3
0.5251085282861716,0.8816122761013048,0.15810326477035974,0.08522336023397534,0.8819809745699788,-0.02079573496220717,0.15434157493458667,0.48958716752721027,0.48101647204818215,-0.018018071060675874,2
-0.7492010305043497,0.1291235923263196,0.3232893864309865,-0.1542125924955717,0.035584338691046935,-0.5412180682176277,0.642875728104606,-0.19917732851327252,0.6450723707763497,-0.6762576560150112,2
0.7985570834371547,0.6098357214525301,0.2736618436432987,0.7689933192889707,0.7831653872830132,0.7181429522611564,0.6725009350795416,0.11569992374429879,0.8152762009032304,0.9062626120156972,3
0.02590363779178051,0.7005979204928547,0.12372381275545463,0.30947057555425483,1.0947282962798959,-0.3743742178304177,0.8359679540636338,0.8089512152393254,-0.5047992825572012,0.9320699918507329,0
0.7407316076435988,0.2329571281124024,0.20605510147683093,0.3575889181435842,0.5455650456529215,0.000141827488573585,0.56718971454114,0.7340810586261668,0.5666581335431091,0.5472097550657924,1
0.30019407982084023,0.6404139860048976,1.1333322711915075,0.06657565419416107,0.6140909023811564,0.2119705330630182,0.20134671296146886,1.0751833849899262,0.3143214503269612,1.0745994156013794,0
0.6770698599491689,0.9588210119725104,0.006168232816901,0.12644131128786845,0.4338538340369865,0.21106395316926835,0.026580339979041176,0.40392856662731796,0.147281083852011,0.82067526670651,1
0.7672793709519518,0.33005985621463574,0.6719026316292079,0.6628786841707435,0.5334325959658537,0.24172194159755017,0.2064875671977004,0.5558717841959925,0.233141282094621,0.5010051671622016,2
0.879735391219558,0.5447632183600467,0.312731615727161,0.7229431010657703,0.7798848904363817,0.7444753416492274,0.6818625275586858,0.11496093916159311,0.7859789410099126,0.9354349327408834,3
0.8587239513051405,0.6314285423462509,0.15193418212824178,0.4488578104512342,0.2589889219564337,0.5411351219112545,-0.0047357963256189906,0.43719142184197973,0.17693245356004594,0.2651826423967958,2
0.5414588158072834,0.27670132644871137,0.2936126189609946,0.9741393211204012,0.17273625374781187,0.35718213625411555,0.4725132226037946,0.6138330434632536,0.70115803343901,0.21008183536441163,2
0.02332061385746243,0.2349768110737025,0.7035642102466821,0.021748560772431695,0.03246937195782777,0.27401712694700825,0.12911894302279517,0.8700670365513915,0.47347127851517434,0.29885598045200246,1
0.24312243458276955,0.07910724422640013,0.03799330965213161,0.07857441002574231,0.599874205067272,0.3307542471319224,0.4407676762720417,0.36235005218942157,0.13710807788848067,0.10135195007967274,2
0.9241460592939408,0.5991052387160425,0.3472085297836589,0.7342346536918388,0.8093153368651392,0.6962183546136023,0.6619615576591293,0.07503576770180875,0.7294004601473895,0.8908612242887437,3
0.9421208277422043,0.582807140326351,0.7599443597896457,0.07511796501337455,0.5400911764788896,0.6218295059686071,0.37497188960700256,0.1867297216400808,0.8171985392713565,0.9750107916756103,3
0.6112504813889059,0.7594344003528949,0.24411471386106023,0.19096265135691026,0.7624421039656245,0.37338098963400607,0.11170036007084945,0.37605776798045926,0.10755250752228801,0.3026486823752674,2
0.19334233666107042,0.4396742729370706,0.8989041930326908,0.5094780225256721,0.2757216448973615,0.6584286479945957,0.1934660955444724,0.5265852688018424,0.8206778055467963,0.3255771566425155,1
0.33053468233722627,0.8554057340624807,0.9940589469521786,0.6187609932530778,0.018303647524530182,0.22263146971426812,0.2170035034016318,0.766075081852441,0.10270205319583954,0.28523286924444763,2
0.17069628620798927,0.7393370819759068,0.7574881911006499,0.5773372107293684,-0.015228446084352254,0.404975191839528,0.06764408889138418,0.5149734088394672,0.7352208419434914,-0.14846892408374152,0
0.5563982364674875,0.02636871525498559,0.09797229161242504,0.756607320241186,0.565216220229093,0.8521432854148001,0.9207564352779551,0.959062300012008,0.3030885190653497,1.0011718216448633,1
0.29014102292529587,0.28589794145088554,0.07059488161712585,0.8227612128324641,-0.0009853290782982325,0.6130489155071498,0.5945353565391777,0.832545313268366,0.5796320198917913,-0.07571886031998702,0
0.5725898179745638,0.6806706342193177,0.35563473209168583,0.5676240155253571,0.07128420997837459,0.9312254469241444,0.21202253282312225,0.3605896978306229,0.08304761000553797,0.7371359352666537,3
0.5628783354835272,0.25675585396693695,0.301076443993861,0.9589711945457321,0.07923009481371378,0.4372334218873313,0.4457021705664923,0.5512163544480033,0.6271585590744558,0.09492858970996605,2
0.01263755153926096,0.25023715576118305,0.3382300204496526,0.636603004928307,0.48102544007597314,0.7113806924884896,0.9946942058047106,0.23855203640512168,0.8084255930052893,0.5808711037130627,1
0.7035242733448257,0.33250639390913195,0.8328463732819903,0.7330074922502198,0.5589025446212635,0.5461147071103585,0.130628131530444,0.6735935437097534,0.8948295719980883,0.40499935872228693,3
0.8295276160474749,0.12596475619282996,0.6421831750183871,1.0422014775628068,0.5922335576151522,0.4254490308987499,0.6213365836576632,0.5148340648431569,-0.07614737375320324,0.5613294418814202,2
0.1134430509118495,0.8152105452368197,0.3508026410775473,0.4465226308225322,0.9889462881098758,0.6081410079216716,0.9531347124736845,0.7138282846377717,0.5726554568645001,0.044930606894489314,3
0.8976213440563369,0.5720337481071107,0.3208209636105245,0.7349809743256277,0.7735536751112156,0.749699109991361,0.6810457063348424,0.09392551015144784,0.7993192959242889,0.9077940398742256,3
0.7755490248340903,0.8368544309895893,0.7895009006671884,0.32525262143195094,0.616293575403581,0.6157787194361489,0.9823871703894452,-0.06135117639521992,0.16398752782771514,0.36408933641543395,3
0.7745268418950493,0.8922050814124634,0.09660427629207571,0.8849367272163972,0.7007298324750362,0.9722786663260145,0.6198046967174051,0.5350422270270995,0.03635597187586011,0.288731597074332,1
0.4057707047208926,-0.004985493773625116,0.2817115709014429,0.48689369982666464,0.3619203902474569,0.28054150581684417,0.7429617784033216,0.8038770157940858,0.6754555555890164,0.5933426267038778,1
0.46631899779999353,0.2614418547146419,0.1379004533867888,0.34219037842276095,0.17806016193723445,0.24765465322768332,0.3808319264597958,0.1550123219966043,0.9247252442738584,0.9847118953762397,2
0.9502528775798313,0.5550095056611598,0.751553471071584,0.0770627127277612,0.5649310318567247,0.6199675772676775,0.3578161521854844,0.1950269242352221,0.8273025979704561,0.9803112423049877,3
-0.08534379336208742,0.12723104671113727,0.4051771164395232,0.5205260967909617,0.4920898097798634,0.6546680022552854,0.4766407886137468,0.3714207662301273,0.8724507946687214,0.7031866919610945,0
0.7811403986444909,0.2821809022666419,0.5478266648631889,0.443939081186108,0.43896210101166894,0.29764585566108104,-0.06037088435555227,0.26564934925281936,0.32454548540489025,0.6399587783192832,2
0.5990402168338074,0.7941243348379615,0.29265078737068007,0.10072850942967099,0.9007381797165589,0.03303509036442501,0.3518733050894984,0.2405820015873903,0.4420812016895925,0.0628733193241427,2
0.252398697836674,0.4939633824147665,0.9730352962270619,0.7398956607072247,0.5527397592743745,0.5623962074273287,0.194226121839732,0.5106215895981008,0.8017954532967089,0.41816236332659046,1
-0.1614810078428191,0.5678429049936133,0.4720872538378039,0.6989544346443674,0.7730440887533327,0.5043182079311946,1.2607503521437904,0.4269911575026377,0.27807983745713294,1.0219178239591706,1
0.5636406427549427,0.1459431069831525,0.9872981012593157,0.5200639167295668,1.1880430668105355,0.5912694803796728,1.0601255921672725,1.0326044120273736,0.482591275435175,0.43636613010179814,0
0.038688370671540954,0.06133914686575174,0.6641527321875229,0.21891918715570735,0.12049090464431732,0.2119722908058741,0.6324856127329241,0.4088000021284336,0.3948392880402257,0.46086429336338763,1
0.5989050507797794,0.36848865836870315,0.668039707358929,0.2272559804936125,0.6500335264492119,0.5718222460143546,0.7530597736378741,0.30643025978165056,0.09057872003424355,0.25219216327111943,2
0.6709910738865785,0.5531904787436648,0.8092607932975895,0.3116734929823627,0.21925299706959692,0.74746254047936,1.1520295040381985,0.7976702349856423,0.44992006849628985,0.9263335328320517,1
-0.049785368717165296,0.09429829663163794,0.8824024372847983,0.3813836621744262,0.13719368880878968,0.34535414160376426,0.5446306051741899,0.39711386660662507,0.2871718436750901,0.40962016359860487,1
0.12641421375922762,0.7011575284042753,0.06172768037324209,0.06791053411738546,0.08115887922685162,0.7506067445727094,0.6986709457443856,0.1561975806640309,0.972388875887302,0.9357532675297896,3
0.5897179362740045,0.8851587396543829,0.1740498579094244,0.10069905817887229,0.7622252110252715,0.04489862815597173,0.23536250205988027,0.3587632078453938,0.5594931247620686,0.031779087790874606,2
0.5203302521637031,0.9153401684533242,0.07548937893034818,0.1561716388021135,0.8926284627775041,0.17131126103707728,0.22469028401553975,0.26920355784389943,0.6844686865208565,-0.1515947570054552,2
1.0291767022559684,0.16413591724428409,0.3608671376222493,0.09269852302131769,0.0056280330714623536,-0.025878159985107285,0.5253846538512903,0.7632418506214239,-0.005497730152784725,0.6016191574578391,1
0.9337388296404437,0.5638676144151417,0.7990237315147075,0.1172579166587393,0.5120964166620363,0.5978336301698565,0.3312370154921052,0.2022094645065688,0.7832269992572455,1.02007736415414,3
0.06653161517423392,0.11672882124099336,0.7538567878374779,0.30479502211541215,0.101032675183231,0.2517876338656166,0.6720336773115729,0.36752792041289006,0.34683655178964506,0.4641196544675833,1
0.5747757343833587,0.8582504857535372,0.16669879888646733,0.1233417707233762,0.7749128860309706,0.039267079080800585,0.24817691666876082,0.36383296521425956,0.5982715422902207,0.007307577309586628,2
0.3415151405840529,0.3980286390655658,0.3539312887796342,0.7110801534894075,0.18308452993220328,0.3839972202257203,0.5024417500428824,0.09327345681207212,0.9489553842388107,0.17748033688452233,2
0.5411706300325168,0.37691044600951507,0.8909886569561247,0.7154056770959233,0.5053900021957054,0.8312609704968502,0.48449609846340475,0.30597323652395086,0.697413882799808,0.25232036687467496,1
0.8041850855339128,0.26633192565251396,0.5168700551246873,0.7804234706260644,0.6253344950335521,0.5381002438589036,0.6762303353896194,0.2770324178120902,-0.047131945372926365,0.6258690729969952,2
0.7411123200745798,1.0663053942594254,0.15337574792402256,0.08408504349518756,0.9779060014174817,-0.017158722627011014,0.04710382111282144,0.4208497582588,0.46774839546265345,0.11026653445714242,2
0.12472223639280862,0.08166625826035256,0.8034637828543851,0.38540992260834045,0.13462656057829495,0.2535722740307368,0.5930985443894302,0.4072887970353086,0.3562002554356686,0.4507872232219375,1
0.8782512938596241,0.5218941725700623,0.28518746425026115,0.7314580715105293,0.8132053790911322,0.7229014997029211,0.6928302602808607,0.10984615538501571,0.807970342654628,0.9058855331836431,3
0.6466718081558648,0.860761911633629,0.028370025927734636,0.10224729404115875,0.3730119588722594,0.337107160721997,0.17104917225171812,0.5374945468381407,0.16554294516001358,0.9263871856056676,1
0.4211589378346577,0.10329222605653532,0.41015337095037135,1.006062033027269,0.7692242108023034,0.9778663079379755,0.6240615329445252,0.9533460322423286,0.05812372742936783,1.0470634030890689,1
0.388010265008373,0.4619191776129177,1.0465106428373008,0.6311652368935341,0.46563092554828883,0.7501876359617279,0.24952705375095655,0.7361218339127733,0.9064001405606686,0.433481564093678,1
-0.019331216074901625,0.1288264520789012,0.3327640175400237,0.7109478690176374,0.5151423745710977,0.9057852863355751,0.9185229406471074,0.35264950687392244,0.6424871561722647,0.5450878689605289,1
1.1421169155516449,0.8035503699601251,0.12109736865017123,1.1446161928608893,-0.1404800629548555,0.13284272846711725,0.7577947074697639,0.48290793579854263,0.6932491560621256,0.5324836791113639,2
0.14657589104969437,0.6440614741298492,0.9161748189454025,0.42550399374812603,0.32133317924862476,0.06204235524194612,-0.4990967712845328,0.6772832117230134,1.2128174200555675,-0.096328647283981,0
0.3134344339545858,0.8049793165364607,-0.06196980206955127,0.6332502575897102,0.6107560093131351,0.6421540817530496,1.1262877372655158,0.3943193622034883,0.8089336777734981,0.5431190245748386,2
0.05975232397973207,0.9022101706400003,-0.21547313014394298,0.25116201405282657,0.7282647452105312,0.8024700203722985,0.8967589497140589,-0.007230988187383575,0.4613172665092275,0.9169732541926716,2
0.808503423974282,0.36946457916245035,0.978445020688572,0.6881125536902877,0.4850856568346084,0.4975917192009037,-0.05600847025617811,0.7305475707812281,0.8554933431281478,0.3604082296726939,3
0.20671875106485885,0.4392193946953613,0.15567805703505888,0.9426132116267086,0.2036463374088582,0.6820840699925781,0.5161193013578708,0.48009964658057075,0.0971533714895178,0.9267219544694816,0
0.5193296668961803,0.8238870663607482,0.31574099357205215,0.5259263547235622,0.8012632725171471,0.15760090793529644,0.021500011991917718,0.22026550102502124,0.5349836968108397,0.9217896921922201,1
0.37711224339714966,0.7184537140271273,0.09464706191436806,0.008351714970976651,-0.02332083617926327,0.8697797648361139,0.6424367435289025,0.3155712554651162,0.8990011032800868,0.8611143571552857,3
0.8785717099884772,0.5519379652859915,0.3079431595971696,0.732842341419719,0.7814782253432335,0.745845603990406,0.6803349415448251,0.1076849705189166,0.771755854059602,0.9258458658499673,3
0.5709019220089047,0.2082908199117096,0.22307536218861057,0.3033904853313588,0.6538615179038203,0.09040167320668434,0.5621460432071702,0.8112067406275757,0.5959041151148288,0.6112615539324383,1
0.6463242990395133,0.1328087157548542,-0.15918523716957594,1.0329513200076366,0.22242995646961666,0.764479864080879,0.6304201277579536,0.5136415827429212,1.1274154935560268,0.2887069083415931,2
0.6389468680150061,0.7348482822550714,0.38125705363072343,0.48378070144849794,0.10533733376686993,1.0478399974228378,0.15104669204481447,0.31196015225824025,0.1025216686581954,0.6839363548919231,3
0.12986940383105333,0.8282810123560785,0.5018054427324763,0.48255512203539097,0.41804016519632214,0.762161865933709,0.8583612785738264,0.587273827414303,0.37249070943555423,0.8779490085053915,1
0.3172056988511368,0.8513677598729298,0.9599933958527843,0.6098041977024053,0.06434860373039976,0.23222545481537757,0.2292380176823019,0.7663564207518799,0.08337820756900914,0.2986092306805484,2
-0.07465037837927285,-0.09504179974414212,0.1593190633728428,0.5859733796899685,0.439364810766816,0.9019322044946471,0.8983269139976204,0.27735406793948014,0.9070536066068942,0.7312467339265655,1
0.5753310846005423,0.8926289053933262,0.025280978720372025,0.08809638575170049,0.36707867576212855,0.34296960383328434,0.14717607391795964,0.46798256698933016,0.12765891972446264,0.919640431943809,1
0.6237895933828287,0.39154535192396206,1.0393381514348659,0.9070055662012516,0.5835373565329712,1.0268735681958285,0.4970207231286917,0.36761506481146083,0.7875506020471081,0.2548938269606051,1
0.39918236643816535,0.878186261588244,-0.12457022776601326,0.2795988248866183,0.6612710651226852,0.875434780294303,0.8726134600806238,0.3817993527692297,0.9210567777832387,0.7822825185121177,2
0.34285431226828306,0.8496745433180686,0.9945157348919494,0.575580435938313,0.049629662971523436,0.24743260348378993,0.25190344030279227,0.7624789682213049,0.09115668673070004,0.2914970730318917,2
0.20011055952978174,0.4027745573565626,0.4663916612004895,0.9864215247224775,0.4769377782660144,0.33537366282316394,0.5077603938533259,0.7187655721754289,0.48999537231472307,0.037286147571243405,0
0.5832234712174069,0.867917676972826,0.00484014506647365,0.41222586838268477,0.9061952657330774,-0.06852306750708322,0.2894430016364102,0.26609657374818774,0.3514811511412706,-0.28122249604556016,2
0.5969582969327507,0.474450911759495,0.9024312713082889,0.42673836438681606,0.5348737140822672,0.7808230129502831,0.8418369768388811,0.2567068064348853,-0.08492341224368544,0.45170847941123904,2
0.047450995340682145,0.40520080663264674,0.2875486805885445,0.07488947842365082,0.422801975955932,0.29695693742157664,0.1145189654510125,0.2655276492897288,0.9113282823944309,0.7514907328229913,2
0.18643102267693615,0.9133142900435238,0.07092020431058149,0.3975231682576485,0.6305518502175139,0.7139963685190576,0.9418693359733962,0.29152397733283497,0.6673450629646477,0.7100199436294116,2
0.02505433615857807,0.866424595618059,0.4999975156892697,0.31791763485875196,0.6463584103587982,0.8094788872737346,1.12019509092683,0.6367034647528083,0.5577324035270937,1.0738077102423342,1
0.23715802366680006,0.9132242399012286,0.054567395006953096,0.46226177516458467,0.641146771783691,0.7478897675118974,0.9546717963594982,0.22664121232971612,0.7304090526965764,0.7474979645713213,2
0.6555854648291092,0.6919302810577821,0.758228720873847,0.45091421250484326,0.6246266620799311,0.663139251690108,0.8551096603496896,0.08019225586812949,0.19718150561354553,0.32326205833506744,3
0.9528667918703739,0.3588655248126585,0.1942617224115889,0.5411531656865433,0.17862291435784755,0.5053252301593407,0.4701875897042309,0.9217498969170244,0.9560672754816661,0.5223127147083391,2
0.5126607022649351,0.2600693839355075,0.46983923870909416,0.8796345391557894,0.34989077425667614,0.3983231317674757,0.38249929084720097,0.06974128739308477,0.8944135411349993,-0.023531277997074662,2
-0.03996219438793869,0.3895908956639207,0.5625924559685416,-0.13500301982449545,1.1938295822465377,0.8056065708878896,0.40122398297558026,0.6146997561396056,0.1817906827074423,-0.09658081060446846,3
0.9220355853643235,0.6666222581811357,0.1563498222197037,0.779754543229894,0.41174986571253674,0.9828760523827249,0.7588319316698886,0.1885186587924937,0.8535028497354703,0.37503494526350195,1
0.04794616908178989,0.21655931542878806,0.6961424985538548,0.02769397744388582,0.044456576311385956,0.27461827467076105,0.14105610845158345,0.8887733399386037,0.45230479353815295,0.2903995386199722,1
0.2840088345103444,0.6452044466479335,0.899917432456641,0.09168594071810464,0.605647786641971,0.38339871283517823,0.4393972448759619,0.8240285864507982,0.2559185460776003,0.9584640163163107,0
0.6683659949107363,0.3359258278787525,0.20605734496632405,0.8884824629543608,0.474017301969062,0.9785980493225737,0.6583066021720043,1.2159644123159876,0.22596054690040782,0.8537146789397825,1
0.8601600884721605,0.7457081652044006,0.615548570223883,0.6004299847147514,0.6352574131692681,0.9499418440569676,0.6252481309256175,0.24294977163604028,0.3248367296246085,0.6001235930188984,3
1.3908799700827266,-0.2736483453012458,0.8634591185333147,0.5459864129409251,-0.15299110533571406,-0.36697750405281787,0.04771525908027985,0.30318590553404373,-0.13443806383541074,0.5019739872531437,1
0.4858977573507476,0.2280268766106353,0.12268430484879884,0.2008750268846136,0.7479249880013961,0.1177313462410285,0.5365398532308445,0.8022062985939435,0.5774295090074903,0.5668089448186161,1
0.12029280967642375,0.3550865324658924,0.5717603658114864,0.42430062943317276,-0.11038766166775937,0.5008224901251412,0.5279187378037813,0.07915899496080407,1.2265579485080504,0.2853333346154174,2
-0.04912985069674636,0.3115933479524609,0.7713127740069676,1.093182196559737,0.5977490736188231,-0.010035428307032301,0.6419266226321456,0.5380737263073352,1.143689992207003,0.10945837364397548,2
0.2345130757452925,0.3657937278776857,0.9467904003339929,0.5944569892790417,0.38004422774468716,0.6717019170886265,0.2533637250461478,0.7157390937447201,0.889986074435752,0.34501565302195936,1
0.58662199292143,0.874877583440552,0.16170210119643913,0.1125058221192908,0.7802376795201312,0.054488714899834506,0.2562694059199042,0.3702367284975231,0.5827347711805905,0.007597853569201589,2
0.2233917332462252,0.9136860211431866,-0.024731328065383834,0.4127822272542226,0.6840033595592431,0.6704835143240567,1.0253346467801578,0.18793936809207817,0.7488907398088144,0.758615392915522,2
0.32084421288052495,1.0155936510715555,0.27526602460806815,-0.11347526299581143,0.9750868859939316,0.16157556265402898,0.06693774891721538,0.6629184125116704,0.8039264092492378,-0.0858169605147804,2
0.9456590360041969,0.5706180094326551,0.7538358473432839,0.07865460178961797,0.5343859424862275,0.6216133434875114,0.3777724628350342,0.1840670750168324,0.8244167096685154,0.9662211298162835,3
0.14461252271830977,0.12446274044852976,-0.10253984757848589,1.056039647160883,0.20294510442244587,0.42785042990394856,0.707512584517682,0.0790303196507508,0.6341938723308932,-0.011391444210478774,2
0.6958610364160144,0.19460085074416777,0.16899539833901306,0.28046198266459127,0.616039511763426,0.05599165219378461,0.5203926230664203,0.7016459916844254,0.6502298736737959,0.6197533478234761,1
0.6713783007449956,0.9120570530641148,-0.08304795347575683,0.9777137935779439,0.9022074863146812,1.0457430466337567,0.5252134208844704,0.51823461673152,-0.09306508230606217,0.37667327296313613,1
0.9356730666938363,0.5809308616021033,0.7650262566277884,0.08116637295252614,0.5461961102987299,0.6509333459180696,0.35143959812669573,0.20778793946970195,0.8406779285123327,0.9619938214873983,3
0.34450980747377424,0.8058648280522455,0.8461739953620506,0.19576754819998252,0.8269883736880486,0.5062721913418375,0.2193827417920945,0.8459487150465304,0.09956123111199217,0.754138269163348,0
0.3053353603714668,0.4442602980842447,0.9384022237353998,0.6555910506425994,0.40901749130662796,0.7708701612076181,0.18343658358352818,0.6568121529132651,0.9778541730532766,0.49235665550195534,1
0.2560161983840396,0.4753073892705693,0.9334208216530079,0.5370626799005558,0.3227178128665323,0.7367847557030344,0.09326034447076584,0.6780625675814027,0.9199589421825856,0.5114944215297843,1
0.7565326323397463,0.34971118691675984,0.4015560041740014,0.4064439134392666,0.26876064726534205,0.22463652035788412,0.012730603824627651,0.4438564655215027,0.3187015571987777,0.7507413891109956,2
-0.0009706650591474117,0.46512745578246834,0.45857331767981213,0.8166786009501694,0.37091234863280054,0.6142506144045762,0.4983224721407956,0.8902692349569371,0.2789539636247149,0.03559925203908912,0
0.3250537459413874,0.36452155194665187,1.0535360074363642,0.6099668993621647,0.38341735430763435,0.7679787195688453,0.13815932022962096,0.653974511450806,1.0076261772253645,0.37646979153594656,1
0.4966013068521326,0.04901447878040387,0.12372436533433216,0.9015478311785233,0.5431951989016387,0.7209686131320188,0.8676172553230376,0.97469745605096,0.3517287304423525,0.877443570039202,1
-0.9664116553397367,0.10171116218789736,0.5394747800960241,0.16001551344683884,0.27128923203403704,0.07934020680951137,-0.7381713935891779,1.5328500581883864,0.26332478244223084,0.8467554025169337,2
0.08622486794559281,0.8930454710444606,0.4231915201802072,0.5004623872474931,0.537547801822717,0.7374770675595416,0.9322496828169625,0.5435405348343705,0.5061144775961997,0.9093430028410512,1
0.08250755872342141,0.9031870945323495,0.052321095939979745,-0.0017140832596209132,0.44304531865029384,1.3581748080797507,0.6955289713153047,0.07200775954592586,-0.22036245747261757,0.8190492033260095,3
0.5388580790800948,0.3445316042050201,0.28467905162464163,0.2922856217758187,0.20951489054076405,0.539053306529322,0.040795900527418556,0.12366090562825238,0.3584371429306916,0.5914564120189046,2
0.17566869891369105,0.0011867344372173839,0.10257324537442943,0.03175009556351138,0.7187080923359984,0.26857874696525813,0.47743292479642707,0.45179961920467737,0.22021678928154795,0.18004191699041827,2
0.9724337452799526,0.10572111920680768,-0.20730148706167817,0.8620770546097946,1.0157425604360155,0.2878889576545214,1.0138818871428168,-0.2938951020212286,0.6792895967841499,0.328802651520706,0
-0.12812100349966105,1.061244416770996,-0.08114070272868901,0.865694297780904,0.49818552389628984,0.8152413315483948,-0.3164767743664732,-0.18554207025112285,0.4492921532372517,1.2549502359833329,3
0.08654286501458978,0.05037581490815497,0.7941203134466491,0.256832218446365,0.015788969024248874,0.2157833368295857,0.5761702128599417,0.4656253880741729,0.24608047989817824,0.4712883499834811,1
0.5079285300291269,0.864696250778471,1.1923227677703752,1.023215255627914,0.4337236610561468,0.13779721150271623,-0.29247374421877326,0.6122941418495773,0.08018345873667654,0.20058246019385298,0
0.8104058137241407,0.06553619918184311,0.22755377836281646,0.20508944165568563,0.4754800425603424,0.2169278491900317,0.5829105056715534,0.7854964667684868,0.544687981000568,0.7251854183292494,1
0.7864816715921472,0.3495076102356586,0.8692127548978297,0.7617202848006774,0.5012380932766869,0.6711420832265259,0.12217910015845755,0.6475931148471319,0.8047059578849246,0.4152011501149264,3
0.5891464196168934,0.8610503270850036,0.15497075217358466,0.12602425996241762,0.7574366986303401,0.08809234329475099,0.2545299644772338,0.3489912657621378,0.5675093956929165,-0.009530763012824742,2
0.6484406182084993,0.3533281588494292,0.7399766833554214,0.3787858629973625,0.6569215763283572,0.47858061201409186,0.6167687162498376,0.2758163272461629,0.04217166612805989,0.2951080447688313,2
0.2829828687840935,0.7718419826622693,0.4972864030673718,0.14083281889810095,0.966493844914635,0.5660116384515076,0.5261868577941089,0.3705872620293169,0.29201482832975223,0.3606356530899583,3
0.7344128236975762,-0.14344754983972652,-0.046932638997948375,0.0067012764792404155,-0.2120478836263095,0.08693779380676914,0.24529295099942833,0.3011410017911016,0.9530708122983409,0.11904773602601892,3
0.17949217452618804,0.5319902119191223,0.14797049447903823,-0.040870137032997286,-0.061314252721394735,0.9128550530422028,0.9071739625521884,0.22202253429973456,1.1880970225115353,0.9723960465329764,3
-0.11796417641763007,0.23597363763935386,0.06275231260450298,0.9887933994581527,0.2843283422928029,0.5882348778973192,0.8799940242739686,0.36787619471516014,0.854857700344694,0.6523058732901937,1
0.04688663496420947,0.031285879073556885,0.34602147464760924,0.723400327891658,0.45684738785106893,0.5670927983780782,0.5986898969677388,0.37179861031099737,0.8896091278690904,0.764067918998125,0
0.5175346361556787,0.8258628599570411,0.319714041118411,0.5209948434999596,0.7940639796980467,0.15796755372007112,0.026825066397358176,0.2129052069401037,0.5447507721468653,0.9132384226863391,1
0.35530958073898844,0.658388282944208,0.02989416704787278,0.35739256434722294,0.4821673830291903,0.7730843614899946,1.1766019864880561,-0.0734618214010293,0.8884488810220088,0.8916951377456657,2
0.2582598691144419,0.30724773284464335,0.3834313103742575,0.6733288282262914,0.7450961830335227,0.7029774329838424,1.0210028577264803,0.9801796003108546,0.3466956617346064,0.7464573591052489,1
0.9379966868962659,0.24092104921724805,0.4931643941426763,1.0828769059825647,0.4470639852447463,0.5763008963266115,1.1802643808720092,0.5007366903133502,1.0380201478898206,0.46090816672521046,2
0.7034026276079349,1.0493413780911713,0.2549515258170069,-0.1417160627996925,0.9189822597139521,0.12484608556226717,0.2167639987769657,0.07215334452106137,0.35179169621036843,-0.22580442809451903,2
0.7247019973732879,0.41220437960226514,0.707788231149694,0.3479561142790883,0.6886805708171385,0.5649762462175032,0.6612928898004982,0.32767387862688613,0.07708654554607502,0.18920377302681363,2
0.7812367373259413,0.42241528010630613,0.6246021176522091,0.45779033520775364,0.39544214137218175,0.06553993438872668,0.11500308233871673,0.49528791302157016,0.3779181858689001,0.5555267746247976,2
0.34386927202568723,0.40263637967555493,0.950553800185283,0.5840838697075555,0.4051441917694152,0.7002841995025779,0.17739036901971794,0.6763557952289427,0.9683008374047203,0.45264338179030433,1
0.4028288652284651,0.7116886234831826,0.47238396353146483,0.3605518858873542,0.364743895224373,0.8412549854542226,0.007241656894820453,0.7476908561801998,0.4478663894968148,0.11920921486768163,0
0.6933059479547097,0.06938540769029021,0.5312412793611543,0.5322411360007505,0.4865465686325505,0.15062717482586563,0.725699275903479,0.5540522675078394,0.0038233184343860575,0.5655204982826101,2
0.6250492276184354,0.7137779415592358,0.45414689674782127,0.5169927693370302,0.10995613943125866,0.9724973320890916,0.172251128570861,0.28551480014141034,0.18691933740330657,0.6347930102912636,3
1.2369621071939698,1.872706346886701,-0.16182693266574077,0.6577888171892925,-0.4797092359207873,0.583237122033461,-0.12128316084726404,1.6283537561751968,0.6145837420948495,-0.20676060061273688,0
0.30599082596517735,0.4454370803422348,0.9998683195561155,0.660407663091945,0.34687507039989646,0.7658988312616777,0.13163797177019787,0.6394806359810439,0.9547339064619744,0.43807881377802493,1
0.8563252158402229,0.5596234086005091,0.3445608790598502,0.7231982256074113,0.7955487029984347,0.7937822205373282,0.6464389494775058,0.0935186131372002,0.7800620566168098,0.9438880411316812,3
0.5887442821934354,0.526313234414662,0.672279964367042,0.23065900581352633,0.8467592744372602,0.43687992451854873,0.9038843560499956,-0.08594450350096106,0.21387260339793573,0.4549660796181415,3
0.4457242270577018,0.701196634474178,0.7527310789209033,0.5947389363831703,0.19978291918440122,0.5019109438126113,0.23715662384411254,0.7050644454900676,0.47160270085613604,0.06726100585955506,0
0.31828799780811057,0.9042299431179405,0.03427724525461211,0.4636816876810448,0.6195597937811428,0.7423875815026557,0.9115101872193546,0.20511504147965964,0.6952468949400459,0.8074274153382264,2
1.001615564220294,0.16428082287972373,0.40166882843883844,0.1454595935270429,0.004696273561828617,0.06066104873469948,0.5210201608469125,0.7407409386065265,-0.003425391675806737,0.5171376858006789,1
0.10358219182637277,0.8478698561245005,0.4147674049917807,0.4671985116966214,0.5024253922070523,0.7444825693133438,0.9651004161057742,0.5736265833375782,0.4734345354255163,0.9049326172987351,1
0.3015588795295785,0.2762271319877842,0.10478380658650904,1.1068407219629661,0.3046427545842448,0.6071397427677547,0.5316076082295774,0.3353226978020206,0.19027325301992742,0.7753918177133865,0
-0.0026112023341874693,0.15823734931585615,0.31950901463630593,0.7571738314445997,0.4692238417661579,0.8970723293243595,0.885782185975446,0.4036660487240062,0.7126773663417104,0.4652811948442173,1
0.5591942714366,0.42333843613983774,0.1819704825342226,0.5839067416025953,1.040685946825212,0.09775916250325031,0.8602059415492889,0.3724832841437722,0.7906850407065558,0.7389777242369961,2
0.2565230911004538,-0.09768049562109937,0.34645464034561513,0.8058623099862596,0.3226409122753139,0.3532854197330997,-0.03710263039729783,0.36440765718733115,0.066825757719706,0.5378968894739071,2
0.792601535613695,0.8376841348152844,0.8821319937807042,0.9533795048686822,0.6279278577944669,1.004796717887793,0.2993017092321464,0.6378187580182727,0.25574514119624475,0.039433914633222905,0
0.7680724062507757,0.4428937074948071,0.8353126374823183,0.6953076945535742,0.540434502255601,0.6476694458622345,0.11119230221307841,0.67520078915963,0.8810305509882528,0.38140074600252477,3
0.789697943039256,0.754041103918731,0.22006215176033406,0.6625789759159201,0.4187644348800308,1.086854440864058,0.7276238625640606,0.2516529816423906,0.9630318692061689,0.445419005891521,1
0.5417602919264821,0.799290589492416,0.2936727223088177,0.5283893639641561,0.7699363109917684,0.15018545184196064,0.0005151369779473926,0.19931650736198564,0.5515679730229512,0.9211076543408387,1
0.1144993494292107,0.35290336168560993,0.36686581184018957,0.5148479293049553,0.36673345970302185,0.7294822151463163,0.8083491545961771,0.39769645483418137,0.8458716402336424,0.5984561391850415,1
0.5754758086766818,0.7445898051882631,0.42704006581240417,0.4903029526861131,0.12959728443710444,0.9722959357266293,0.19343965231208135,0.2920873123004539,0.1325360552966369,0.6720595857508002,3
0.6572630921618274,0.7131790674440109,0.7599911852304835,0.448180659805172,0.6587134397554915,0.6406180674806906,0.8685592983889115,0.0626278115660138,0.2112273124316888,0.3202215746542648,3
0.05231578099751788,0.45202254591927593,0.20826141606258916,0.21770427356268915,-0.39066137543247603,0.7398753683838872,0.09775040227842902,0.531708401405439,0.7961024472466862,0.24104248628469505,3
0.9246569579565084,0.8266953418319207,0.9057355083839639,0.3313838114148553,-0.16121680097486563,0.663472674006146,0.7680209035442325,1.4818133742704276,-0.21785196255115352,0.1799808758364897,1
0.13128220254762463,0.8252896893918069,0.28045078239610205,0.3613352527722785,0.3593606331261676,0.7635681375678104,1.0374083864242531,0.40130272194788996,0.44459325912206793,0.835937100349377,1
0.8476471330584752,0.11037633584245066,0.4471828238690635,0.523891198713009,0.22576557038743003,0.03151468024724191,-0.06716554971826794,0.5520143080011627,0.42031092780127005,0.7084688237894318,2
0.3647129186172152,0.41528141715945427,0.34992017587479907,0.701483448943613,0.18285125478590863,0.39778713967437057,0.4958236603974886,0.09673110991370314,0.9139072809596205,0.15326747076543223,2
0.020697824913371438,0.22784240899613328,0.7118865465784517,0.02978478732545571,0.048465373623798165,0.26716545322803453,0.14426689948662946,0.8567782686099457,0.463114030657336,0.31176001581259255,1
-0.04129160542611142,0.6745511373592173,0.35278114866945404,0.4546052924184023,0.8066136597819439,0.660957443682782,0.9796744054891807,0.6924463398819556,0.5661984166604546,0.07235786703287513,3
0.5549957323198711,0.42366844819328103,0.9516691014196461,0.6895058123887762,0.4923795758367791,0.8423929074076639,0.418002434216815,0.3110001481492418,0.6598235583743751,0.22474153452756893,1
0.3370466112912981,-0.24094497316186242,-0.27966375472483823,0.09194878064307992,1.317834518959184,0.7561272856911105,0.8135095862909684,0.2462111179976054,-0.2578265459887559,0.6194143103785797,2
0.247944046323993,0.31378496388642574,0.930284239964838,0.41168687595205744,-0.030899245414705262,0.44023876099556275,0.41307653773271064,0.6301284626008664,0.2959352311832752,-0.1856480849979919,0
0.5094907329695637,0.857811789353683,-0.05561741583635632,0.16660477794904782,0.4329665571947071,0.3054017897014268,0.16967453602036586,0.355906917141427,0.017331987542823404,0.8950875137228583,1
0.6537755114303652,0.2249331487497363,0.22997908288625632,0.25858501453041527,0.6119853256612502,0.03817206873410345,0.5894012465030428,0.7458102641786429,0.6134655511176129,0.6259764924722129,1
0.9221073976631096,-0.018687753825074288,0.459989163629269,0.5010642111447134,0.38135024484885927,0.7418206356977252,0.8484087947546952,0.23514038864934275,0.6673907926612759,1.0233006840158283,2
0.584148531127239,0.7307990501970075,0.4123755214214209,0.5121477692712626,0.11981374346274826,0.996108046001269,0.1870953335150405,0.28826395073578853,0.12344644982990795,0.6713777971477833,3
0.16157052138816164,0.7511652381812747,0.9972956972776165,0.259827664265452,0.7725337803961163,0.310236100371497,0.2983816185600896,0.7407339367626274,0.3065821703724144,0.9357475692645334,0
0.5813688733856813,0.6948675770446856,0.7435933880700112,0.3405392011689552,0.5853232172293652,0.5314462967143053,0.964311571960218,-0.04680401894972615,0.2665218586746075,0.35759334325514197,3
0.6347341575663857,0.9231378631334111,0.1466259530435645,0.14294610594941182,0.7883317963915671,0.09280039101961521,0.2362931447281062,0.41130638588532803,0.6219373288223884,0.026871339957623155,2
0.023160208645646507,0.82884754883644,0.34158428974366395,0.49351229642734895,0.9482334949863364,0.6515629687995488,0.9039767179839657,0.7153642415623795,0.682457771069407,0.09345615383000383,3
0.4291064713513213,0.14362138232231592,0.07600282643859295,0.7781652237154166,0.6446107971553539,0.7626674241640565,0.9255267481343702,1.0698700054738015,0.30841530983652765,0.9551778122817729,1
0.5311446576963237,0.07702202310665869,0.1409343087011234,0.7746367233784194,0.4580727266618605,0.8173114231490155,0.943816955527931,1.0146069910609323,0.2791727284185934,0.9316069995000882,1
0.9405897839202233,0.5499545205964538,0.7698409238196731,0.10221485385251713,0.5708451502360021,0.6210946280323658,0.36807149872518313,0.1942855030715972,0.7976093258787547,0.9925279011653798,3
-0.022646659538324454,0.675287734228359,0.38836420836761865,0.4878000416959947,0.982954250558964,0.6998690269699799,0.8938808808207294,0.6318546917264825,0.5576246433637239,-0.025459296009908886,3
0.9759282417120122,0.05549473518396139,0.41720828633449336,0.0726287158150821,0.08380168395864561,0.0540952510291531,0.5975891953361059,0.8887155078894549,-0.0690102875900419,0.583904242607771,1
0.5944697677264202,0.8767878974361824,0.2880265669541142,0.3289117576204156,0.7512552646447088,0.4906885041263902,0.10427364298868877,0.5208691300183339,0.12772339528504414,0.3463950687641703,2
0.3246898742259016,0.5751149405998669,0.6467798820810546,0.9084163706422144,0.1977952261759275,0.10369303528243812,0.7873772793191518,0.3565053153900629,1.0182518299155165,0.41283704791479736,2
0.8839272566236667,1.0230621772558355,0.17758891093488757,-0.18081842018606525,0.572911222707415,-0.18424895711743916,0.23710394463963927,0.32413084572795137,0.8054351374999481,-0.23041550313969633,2
1.0737419781288413,0.47655198873224824,0.751399712797318,0.7618000178093177,0.7184707237814225,0.23713606713330748,1.0776342868983988,0.7786138475982551,1.1050913356603,0.6289004326779918,2
0.042460718443879976,0.888970205569191,0.3734957902715609,0.4955733669280448,0.5464274991081551,0.6860086431804252,0.9640517566644146,0.6038662513116624,0.4432850307944245,0.9500521690964399,1
0.12638958862219743,-0.1548382735575523,0.5523856504877749,0.762200489621106,0.36160118010007736,0.2540104212288248,0.745293731058418,0.7938951525072233,1.0309342203383727,0.9378703292817431,0
0.054806799948071507,0.18896579576975422,0.2842681874140549,0.7004418602174498,0.4413441887925572,0.8446584961413282,0.8054368553034814,0.4018545215998915,0.6507525274281972,0.5166017219723839,1
0.8272283504756783,0.5310762345532898,1.0137681827446883,0.7566465710875193,0.5120683044342317,0.6682230516045116,-0.06101902729835526,0.755557294527283,0.7744450933721864,0.3415344156564449,3
-0.006054404591800497,0.17137449368017707,0.8096199416311564,0.2776355339669515,0.09253700391947652,0.2573547928924337,0.6834201229100808,0.35193048751111344,0.29277219820795086,0.4473113456375665,1
0.46350240673553644,-0.006875489884713565,0.2098006272492836,0.8696682350862571,0.48414069617571936,0.7292934043073913,0.877282697224015,0.9318628576910548,0.3475711747646608,0.9481947710340222,1
-0.3426704058910256,0.8111175866838108,0.7875920868176212,-0.02236167471827928,1.0509831009711887,1.0858103892842226,0.3187566914331541,0.5884169082818673,0.4838632010854528,0.1456964236340881,3
0.14790419247175596,-0.06350498158773954,0.12419184194620567,0.09491996367952792,0.6378072626712937,0.24048563594919864,0.4201916061437095,0.48603664056633883,0.16802056836842139,0.25891736108817176,2
0.010896452914778518,0.06322468041682616,0.32050895972680277,0.6745350599949897,0.519715259579439,0.6464017180434134,0.5994620847965376,0.4716209285682096,0.9730217496322775,0.8804478734174633,0
0.5527632579403312,0.8227778569907652,0.17510959687311958,0.13803566735962455,0.8347962857680727,0.06908920030698887,0.28368757730832206,0.4169872227027402,0.5587592820716454,-0.04610990300662819,2
0.7165064530936655,0.5878493723615086,0.5249606158879965,0.42645061259073574,-0.05204278737090534,1.0670867421745955,0.13928065328660888,0.09604514328149474,0.3436444414697869,0.7436135233867346,3
0.0637839621112678,0.2704158770245913,0.1623549332315582,0.12274145661863303,0.38333211369389886,0.4078085968698035,0.13267704295430455,0.3452258723489536,0.8427531440109509,0.6860725559329174,2
0.48152782024670787,0.7122630459672357,0.7578950643466513,0.4549104387194711,0.13088333093104823,0.5703737350780641,0.21562620797265075,0.7529935267032897,0.6147366599791303,0.13291954076065596,0
1.2767421799925456,0.4104673622897594,0.4179796126891915,0.9695524749556812,0.06337612924740182,0.5868405134563371,0.48540720399272286,0.5738061394088497,1.0444169427584324,0.21629510338213848,2
-0.14601745610740854,0.1943058073023321,0.21114199166405284,0.834509714940934,0.46919144516136496,0.43275635018325753,0.4954374217852813,0.20831590473626135,0.6932224809306449,0.9928136586650292,0
0.8052321174919563,0.6143466953566888,0.3537788776009371,0.6997932109169809,0.795564353230853,0.7044101468769924,0.6792593306838212,0.08785910757068102,0.7671209326313687,0.9561315011387705,3
0.606005659124715,0.8703240887650538,0.042699617335873165,0.015377429153818963,0.3745916540660837,0.36177940755980614,0.1128532763371001,0.5190502399214068,0.13995525326725694,0.9356109426702356,1
0.3267916678746399,0.8715456055147031,0.9763134897230751,0.5914340078976313,0.05265291274173859,0.23240406584060855,0.22727812524284743,0.7812536390045847,0.0863802292002858,0.2919804669395215,2
0.06802663137830332,0.09643017179872873,0.3964600954687979,0.6817333980211865,0.46625544534221613,0.595038042300385,0.6005041467041522,0.49260973237092576,0.9996417043325174,0.8860263411628806,0
0.8184426999562308,0.6555824379514874,0.6701570977138616,0.3339279755639864,0.21962118234399136,0.882152521976451,0.8422794968989937,0.7052279950339169,0.4808365961102017,0.8862407957849339,1
0.015131123952392134,0.09488719179938278,0.2939606386966745,-0.10504272684782695,0.5219204434451101,0.42625303576240026,0.586750359262476,0.28965119560554653,0.43365588028753144,0.31531244488951227,2
0.22679708352701106,0.8660171532483044,0.030206183245283305,0.5089675034279334,0.5500905291712966,0.7964606834648766,0.9350619654578768,0.23166424351333706,0.6994575386589986,0.7578071955567955,2
0.02244780362715405,0.7451576470972932,0.30207510124397174,0.5331447078568483,0.9106588947008012,0.6328359659734974,0.8879735592958515,0.6791609285812523,0.6507406169213861,0.07850879593597833,3
0.6165323911735161,0.5727316932337937,0.2252829505362307,0.5437674298644761,0.6506768382349072,0.12919247512687523,0.758508098325899,0.7672895055557118,0.8346032575358053,0.8870047243112384,1
1.3146431215194565,0.47439728686657723,0.10003444130207495,0.6045087749323932,-0.27440078459931383,1.5908703129716626,0.7403520926146142,0.1158201622264522,1.1675496320467897,0.9216401277494458,1
0.636170510955389,0.7011214494228769,0.7733492111762169,0.44660302187539214,0.6463345274495432,0.6617003513971141,0.8548764096425213,0.09028757094985523,0.21305220120053311,0.32276357848117354,3
0.8755245244689878,0.5378642346210242,0.7799493627663983,0.046669633998856416,0.5579745848968943,0.7035802176430741,0.4222619413340698,0.20644135008359882,0.9047254202744807,1.0198360841361584,3
0.8733362076412527,0.6788730322033963,0.02347696176308682,0.9077697113349271,0.359719532106245,0.8953429148667649,0.8066593537687895,0.019760304573850085,0.8560811561436769,0.45156001079117525,1
0.6051794461607725,0.20683126709354047,0.9751814617914933,0.5690946718744117,1.0833783362376304,0.44003588663307736,0.8759984961512052,0.6893680778618565,0.6617588828071969,0.4370458304161074,0
0.4404540033095553,0.660227011485875,0.7443873746090436,0.5298220257303253,0.21518558421029294,0.5648123012287307,0.16839182805594294,0.7610650882050309,0.5537806556241593,0.13939147187108727,0
0.7689369418577897,0.1985558047136517,0.5990014969837532,0.5572805708686556,0.42317200522360554,0.28152486371307844,0.0684280305620397,0.4083671457379797,0.33738103779966233,0.6169618120233678,2
0.2789701983677206,0.4150588910547167,0.9179929265694892,0.6633930123385435,0.4513203921903428,0.6721600284941969,0.29966336432390095,0.6692932905334645,1.0529535423874448,0.4309088972304792,1
0.012090680100557,0.8573766847181024,0.3513929228761587,0.879857262916512,0.1622435028031724,0.13817190716873973,0.793692952909147,0.761367549196106,0.11732545734655313,0.6133802956781733,3
0.004958022136297216,0.1235350373717218,0.7590747555758043,0.26816272087278326,0.048041771468717215,0.24570716685605387,0.6273110796600812,0.3919941914805668,0.29298531400847916,0.4916284231880339,1
0.4791982555948326,0.39221322180869495,0.8701168494647329,0.4473558011065788,0.4345987878673392,0.7141637261070627,0.42188827669733453,0.4219855202702549,0.7526629592116051,0.37442647697361897,1
-0.05604941763348119,0.8819470854853427,0.4122669726783388,0.41562014690089755,0.9269023984948954,0.5905058938720666,0.9163945011205793,0.6741925698833823,0.6116807540076142,0.07391780291376276,3
-0.22713679926649766,0.2992460193376065,0.09793801545223249,-0.3838936987847061,-0.42254360857493545,1.2558330041748555,0.5331056391212674,-0.04150439769110814,1.2139557580322347,1.4086540471743398,3
0.8449652813836199,0.6130047154119884,0.7095906087939174,0.22826763377410592,0.18665001005594634,0.8088797495739132,0.9905700868763235,0.6984778635369083,0.3750148260429656,0.7686761353912692,1
0.13174502359774676,0.29879410717456184,0.601787224788456,0.8593430464388565,0.42682489292738485,0.693091015321597,0.3093319952750957,0.0010487960490759285,0.09288136039386516,0.30578207697032134,3
0.652877439317909,0.26768118625216003,0.2408483833568335,0.31980917693007943,0.5588062647009978,-0.036944828948447486,0.6328956137364834,0.7944875456902556,0.561800857342182,0.5627132330948931,1
1.1192956968602423,0.7891680058229873,0.3724194993835877,0.00453963617608108,0.3047874695960256,0.25705137374206266,0.4858907847388705,0.7772842594970099,0.3645188840068598,0.7774040455027331,1
1.2257879047723055,0.45800505054923807,1.0516659832747122,0.8517829436902147,0.7864336933383278,0.4279586523503651,-0.3555105467628378,-0.06026637832255477,0.28961529136504194,0.9808910456402047,2
0.877397790751653,0.5539327927499783,0.308233204146104,0.7344633119656165,0.7818078418655977,0.7480768509606803,0.6830607683156523,0.10642713161680897,0.7737544112547763,0.9238311964287017,3
0.9050271814377635,0.5860572612869648,0.752430577651098,0.1023236162805528,0.5214952874667366,0.6522310267388668,0.3597499585697642,0.19446959755861137,0.8456210765989369,1.0061739219443502,3
0.09412417863264921,0.7405310818056345,0.0017434195302683878,0.4958920398258851,0.7264537134800411,0.5527883052288629,0.9370396130733625,0.34029082649322184,0.9326826193668866,0.6941493609982068,2
0.5992587170479676,-0.1433846366888537,0.1650967695333751,0.7667476466641582,0.4573309082199428,0.674901267178046,0.936574403537168,1.204994853436314,0.26527714699794214,1.0755775371197525,1
0.021678329328108377,0.14069205271092786,0.3479372353059498,0.7384261011391547,0.5134625030053732,0.8790535378442985,0.8949682297068335,0.35254284564328753,0.7019204494608674,0.48215627893752433,1
0.934782252435522,0.821894818448144,0.018929339607860543,0.6454941016611502,0.3486027474986711,1.053325908347067,0.911607732260408,-0.027518460148920926,0.6220415342893859,0.16188428346742292,1
0.7996370225482625,0.4929852024425588,0.3397865482350711,0.7739927045192128,0.8251759110926156,0.6929261037458485,0.654583619361245,0.07041918328796067,0.6811731174977625,1.01757422764616,3
0.8218268524766925,0.3585021598393606,0.41257799566823905,0.5634971558236793,0.4064819213964909,0.25103854959625704,0.13438533719228024,0.5180795797738539,0.45726509499152285,0.5740967621241985,2
0.3411472183047177,0.8878282388888863,0.9623670082965203,0.5824333382440715,0.02765694215592045,0.20437462212080626,0.24996717446771058,0.7978579105893774,0.06112838217196514,0.29801375684524495,2
0.404880927495409,0.5777689275694099,0.774489249643587,0.511702259582959,0.14883082634290445,0.5984314779750716,0.11410959185521471,0.7798555024470167,0.47564065065230043,0.19884562844158027,0
0.7902395153982598,0.39625512911617794,0.6325823189719928,0.31230168997554597,0.644430914679576,0.6127204342214662,0.7132798251520865,0.4234263129927758,0.10530286373031743,0.27038083209081126,2
0.012675554302268632,-0.036989437668305036,0.20790285933807423,0.14007912757321972,0.5064110356188042,1.0445360877685634,1.1328895197388726,0.7970064332237233,0.14456430398085202,0.792848253546267,2
0.8664257622556585,0.6891952695655085,0.7050748839436296,0.5076649496512009,0.38738643458172506,1.1052127574060777,0.18586068379511683,0.6117828337313942,0.9875845714075386,0.4163115994360382,1
0.12262813060392365,0.7748751811763109,0.30807253949878954,0.49091760234568665,0.816842417753721,0.5359004725237115,0.935894915889821,0.7322647886742163,0.5439314012930828,0.07003696791350827,3
0.19280956516308284,0.9384834977176884,0.006143657564039132,0.5174453186927408,0.672282548875018,0.765677384966815,0.9480213246500734,0.18619220467740846,0.720084349488457,0.763662117099833,2
0.4546854248112854,0.18224917977541397,0.25544175701433225,0.7599351601082375,0.39228233851385874,0.5285893134777642,0.6408074499822389,0.5560882729392467,0.4607337802091306,0.1944145413469271,2
0.3342913609431372,0.4035997297500234,0.31722094151306324,0.7335113348118801,0.18919870084549653,0.4360337563387271,0.45920521803003383,0.029243875789808492,0.9155291233109942,0.13752970647452295,2
0.8394244954144351,0.7529080183644485,0.20830685521884096,0.7266727357462928,0.16597495698312226,1.178279962825751,0.6460870518494958,0.24093108994175028,0.6888593677140424,0.24080282015187954,1
0.7735205491392496,0.8523291887143175,0.12229846413270201,0.8835495760755074,0.7587444285407993,0.9100008117146302,0.562255350611178,0.5880540416459934,0.06186935145946694,0.2626961848560531,1
0.09346424499070191,0.9251189301263354,0.3806534652765314,0.42487430583477603,0.5601564265192229,0.7908847768321666,0.873108655949835,0.5436978219171276,0.3940102950173386,0.9085479479339369,1
0.3148360366755486,0.8738418518944999,0.972783556274653,0.6014800857499703,0.06338481700110551,0.24632912034841467,0.22505640990273598,0.7766381022405734,0.0898470020057032,0.27501345412705164,2
0.6088934415621632,-0.15813820346999802,0.101477909964588,0.5319005794680226,-0.3315163364565203,0.09384976641283868,0.13267339463715466,1.0050551894351174,0.23695612799006266,0.5959883869425455,1
-0.09211542547644827,0.7200833247644591,0.6436387556318182,0.4906711701198555,0.4469902191646585,0.963018266497918,1.103621117918709,0.8171686803498305,0.23957892236680306,1.1194125985690526,1
-0.011187157842070097,0.7901359505366207,0.3453799297409432,0.5095723689532768,0.5358439707687483,0.805672828086014,0.9031578008068412,0.46416182477023393,0.43030362021296764,0.9492249004416241,1
0.7139576890544967,0.6927918168901197,0.6634020869941694,0.5113169329098882,0.7032239989351292,0.7265810413863972,0.7971933409475349,0.05752341514223022,0.2854993079804962,0.26932232180728494,3
0.6046666576516257,0.9008407135873765,0.004148726274008098,0.06430169440551495,0.3890319177331588,0.3247593599533874,0.1408743246663637,0.48476301799088944,0.1337412043666884,0.925279763310729,1
0.9025069469063857,0.26656533281685624,1.1673245314818532,0.5882757597885562,0.3585015023842152,0.8905702098078877,1.2436060301178378,0.24269118924143251,-0.06893292293968478,0.3639903623150748,1
0.9561273420373554,0.5443588477821381,0.7764485914237423,0.11078779943340097,0.5258847717890152,0.6093496313019219,0.42104887176520706,0.13013878956000513,0.8855309142386326,1.0209696660207959,3
0.36567017923861744,0.26377792512662557,0.20918986560228867,0.7824357676346807,0.2560429868467784,0.5435219248148624,0.5514242874652524,-0.011511739466396165,0.9912034771232221,0.3240004399170541,2
0.7546622676849601,0.776606067145319,0.3420111474790239,0.28300730056043666,0.7059263090785544,0.48007162413997406,0.17843551467079302,0.44797398281601947,-0.04142966806374568,0.31203780620637167,2
0.6426757595132137,0.42930793312340915,0.72990781139274,0.695223177481176,0.2820948580008761,0.871501238106519,0.41650917812224136,0.21214499157660516,0.49192008249022223,0.414047014928312,1
0.23238893653569132,0.9691195878509611,0.2950727962826841,0.11578132494809548,1.1688403700742176,0.6810454090847313,0.9122812069710298,0.26214318235288164,0.05580535655827629,-0.13483379647330096,3
0.3030078955421528,0.25187795000280533,0.34714277188183484,0.7597250907013764,0.31910232645274567,0.23520576449156264,0.44307975913777164,0.06383981094117204,0.9752523336767064,0.03973648160829213,2
0.9954923639844795,0.15704149296722184,0.4776123247906706,0.19419032028475247,-0.041358763092146165,-0.04366244314844819,0.46558369639614533,0.8045895373243926,-0.03956673067503336,0.5319266694677781,1
0.5010394321496242,0.7996178678386969,0.22903455559317262,0.14126776273401456,0.7294965690104465,0.04571544323244755,0.1856229348708634,0.3613710447054451,0.7300249366089839,0.021412275327555318,2
0.8845404164678188,0.5905588420300383,0.7932268523191186,0.07339934598312049,0.604629064057634,0.5398779317984609,0.40877774987144316,0.13179319624774602,0.7304495911573108,0.9889146435320646,3
0.6395673777334612,0.4156881966678625,0.9763772273018796,0.8376783124803081,0.43696395919541586,0.946559264495045,0.4382892830215794,0.3391597266404096,0.5521035745125811,0.3370904410502452,1
0.7767364393081184,0.39448071629251336,0.8825648247659305,0.719189014890241,0.5364221366955291,0.6127565072812897,0.07147832358187055,0.7038000979363769,0.8745166545147093,0.39553149280775585,3
0.9532474182077628,0.05276930807804667,0.3260746695557506,0.5429565344517289,0.6071028742773632,0.22373264981147667,0.3168481552673688,1.1439607099109348,0.5214307877366258,0.5185775393323325,1
-0.17477765040621418,0.2872373742247563,0.0048514950482067,1.1705845009676104,0.5198945572507332,0.4062249685801038,1.0544025290569903,0.2592987589833824,1.2864592428742934,-0.2876504005164223,2
0.6901650261390143,0.9599456612481547,-0.17961530799765585,0.5550769936584075,0.5133556362629736,0.5911688986904062,0.7127329678954192,0.07013352734759518,0.9644766597644311,0.26619239102729536,1
0.3034576737855812,0.3441145437135077,0.4676186754003647,0.62061012684141,0.49345564210883314,0.5742590048579284,0.6106809459599505,0.3662756724269618,0.8283162168157453,0.3261516434387751,1
0.09266736562062652,0.3158030468394712,0.7000672505870483,-0.17864362262651368,1.1363765992405677,0.6483698077886132,0.44693812982115355,0.5745042893809201,0.5797697686515675,0.20769640370814652,3
0.23079116290398866,0.41493964750591633,0.38335535943458243,0.6419627972591417,0.13686369265835463,0.291871314581517,0.6189781936522816,0.1935552597571119,1.0448411671727444,0.28434797629712316,2
0.06652679526484663,0.1689600035059383,0.33577215562933005,0.7081596893641321,0.464040673730609,0.8444937292862957,0.8590376155566538,0.362580043922338,0.6791766543582256,0.49229496200183814,1
0.766502802163658,0.5952416630630509,0.3149256269284946,0.7628899501381636,0.8628160068900148,0.8328115056656635,0.7834523444407828,-0.00033687217554249915,0.7754240084055015,0.8836810667716063,3
0.08948986770630893,0.8443111952870269,0.3188672447811681,0.38728431831652643,0.41235787788114864,0.8227965311063383,0.9512545569114759,0.5702966205938514,0.5383687243535216,0.9846125762696607,1
0.9479319347524413,0.5754539797383699,0.7782906828925037,0.06685685823578733,0.5483370890228084,0.6456641896003513,0.381309524059017,0.19946930541587177,0.8191474906430596,0.945744608440342,3
1.6598164868051386,-0.6110404115625572,0.3306037433151709,-0.8770702037622198,-0.959302687712812,0.5605791254106345,0.494097031727624,0.036852729928784966,-0.6611872348216687,1.2396624194871388,1
0.8159267967265247,0.949080751800483,0.19838369864043026,-0.022594612162091826,0.6751187861119791,0.3161380988759799,0.23998634371712008,0.4726778267580611,0.33642235723600245,-0.008197166993042994,2
0.9523677360947008,0.5711324434567473,0.7801564817137878,0.07271414248378517,0.5656312404080908,0.6469760363045884,0.3880713286617709,0.20646056302685625,0.791206288403453,0.9520254933345859,3
0.27911456647367616,0.660595209868061,-0.006112734373973706,0.012151690698756473,0.09150695091208919,0.7665298325603301,0.7310740128435579,0.2546304515836669,0.984934778909492,0.8905269671463645,3
0.07471599669265304,0.7656436050916943,0.20414832595031418,0.5161843286688225,0.8934276005585585,0.6698432661229218,0.9897656515224157,0.652461710923303,0.6360226600608576,0.0775444986616173,3
0.7972045988707851,0.5467159649402179,0.1906924633492038,0.9187292650055924,0.5065862806531267,0.8175223768504977,0.927407528294667,0.3532920522650745,1.096343023503055,0.43836469321315175,2
0.948357515305993,0.5821553315711709,0.762783412156286,0.0683027446868591,0.542559687995747,0.6243231231629344,0.3747902182372509,0.1930079862266048,0.8138059299997423,0.9659912858247969,3
0.06375238492066646,0.1686513263672713,0.3382447610516847,0.7132634945208689,0.469728236138449,0.8425358192487554,0.85997521228671,0.35618245857130754,0.6683834206622724,0.48388651838880836,1
0.5505484634534064,0.8351130301308816,0.20318873679033947,0.1393065435337567,0.7355285985085499,0.005135483264765428,0.23733930268654166,0.3960437726574979,0.5495770140409696,0.059121005248724046,2
0.7830888365179923,0.36598930175109157,0.6362539391286887,0.26908446481003045,0.7064498439632328,0.6422208448022584,0.7306306060874748,0.2728241312519901,0.10938051125240231,0.2885608875219357,2
0.06859769954842525,0.25441188852440794,0.2170361279599971,0.21915452879198594,0.4522315093481275,0.3362262405208241,0.2455846124460605,0.28208980457017135,0.9274677918471642,0.772167384927091,2
0.10879881672006161,0.11610714303670727,0.4126495867974684,0.7633559602300176,0.5194997646774266,0.5948164102984703,0.7135273846746134,0.30944615276257903,0.9442797722274475,0.7358892559307607,0
0.9786730709369784,0.09112034787908196,0.6605127213922355,1.0448327115979121,0.46790811730781856,0.8018845122989908,0.16898970573865352,1.403974611250712,0.8035100972529594,0.8244629200843295,2
0.0715663704430096,0.1558557373803404,0.3370268870574355,0.7236805257855263,0.45549553698482464,0.8342931083244335,0.8375686096006382,0.3611430053498633,0.6940434902234109,0.49978430716306677,1
0.11367926837239507,0.377018833757292,0.2252304120857166,0.09391893319075663,0.47362249763103653,0.31395174653462976,0.14641876944549853,0.3382307384501397,0.9177950470411406,0.7491585563445265,2
0.597169849159585,0.8022192267005748,0.08637371697240558,0.06814208472427896,0.8670972802916533,0.0452625450917353,0.30978210264861933,0.41892678710967757,0.5982535591695078,0.04051892532068946,2
0.6284078892814506,0.8732564965606078,0.27093759401388695,0.14592294489011545,0.6777861886663713,0.03483282011296228,0.15190879087200457,0.4452599551896277,0.5973283397956496,0.11513614171016213,2
0.41575506501893933,0.7667174773586006,0.8214355970279922,0.2672231714145627,0.9209256686503385,0.4350802310701003,0.7108655429186276,0.8431691844169852,0.47043363588150233,0.6623189258051324,1
0.7958397112890487,0.33727296041289456,0.7173558697963653,0.4107460965329641,0.6798872837385722,0.5728474752760505,0.6923809518931656,0.3770322523647163,0.18968746563281558,0.17783671291164746,2
0.09765917600355307,0.11336413354823814,0.3154669737961925,0.7046838061344737,0.5071223285852372,0.5756662612705649,0.6169343251104954,0.3977200401792729,0.9360426862066649,0.7851869007670965,0
0.7684140807770962,0.12574309654192656,0.30775956186282144,0.20639026295328455,0.7023190239591838,-0.048967571684168085,0.5104846062793995,0.6718625974145999,0.6198790005954037,0.5892250154253479,1
0.5949005389123967,0.8498063438628823,0.16181882320290103,0.14054906946657594,0.7431563363922719,0.08669312738912097,0.23768648291539748,0.35277463266041864,0.6292360554580447,0.024380030899718855,2
0.7522233051517847,0.5003147469475308,0.7223560054465722,0.3050856417292146,0.6830187198633012,0.4782835678228115,0.5399752795492758,0.4418390028461675,0.19934370673809426,0.1625468502739452,2
0.3857160618999822,0.3122835819847504,0.45999960930439676,0.5329666557455472,0.3441217080061466,0.7761629922900176,1.0395655296410005,0.26373546545499316,0.5800393554774925,0.8082219956246441,2
0.3072069523944472,0.4204323431784228,0.9882793642988829,0.6261997279289032,0.38472931547231565,0.7299029777463356,0.169472496730252,0.6622915023167623,0.9386324645525942,0.4243973341661115,1
0.4919169002033076,0.9752424102645854,-0.16740175483659547,0.5887078307428871,0.7839413431680942,0.7999124624246224,0.6896113642101811,0.4157880132306862,0.9411704524647352,1.0339199319432764,2
0.05635580052031143,0.1139627608139209,0.6308835364232689,0.3598919842168176,0.1721555559986983,0.3124963048914154,0.6457033098453897,0.3439753925844582,0.17049396568292635,0.4039114240672557,1
0.9095927958752312,0.5776181727436128,0.7365195491410524,0.04967131128694911,0.5796868877625085,0.6139393280579325,0.38235666052738615,0.22223819820238258,0.8075448836762015,0.9452522644426713,3
0.36608491235076,1.0220947675567946,-0.06157197165329842,0.09220665362630595,0.7418889536265324,0.24798687068570657,0.0590824857840693,0.5607898492559286,0.6117316958646826,-0.22155633730424673,2
0.13175052020872427,0.17295804556690358,0.5627838353582427,0.5174361357668964,0.19903535177669832,0.24286639756427567,0.6116774056564905,0.24082586620631471,1.167367093937524,0.23151373306500583,2
0.8273966692029922,0.628097059150015,0.7332853179249041,0.6298488297756174,0.34023383919447414,1.0295317959106736,0.341079771233436,0.366772153585849,-0.03653953150105721,0.8421590303043182,3
0.49914626783120836,0.7409857848970758,0.11386059724417084,-0.05285556398519378,0.7523697652942943,-0.18128049538613172,0.04357819886992301,0.19207786036539115,0.4010296682457025,0.21789728452981383,2
0.019125422295140224,0.07165288889865401,0.8387437174936793,0.23184607981783784,-0.013454092469510154,0.3606161206347005,0.6871803374526659,0.45251819093347123,0.3883200406594022,0.4310411253783469,1
0.3777934654645707,0.18146175159001315,0.34212015643537586,0.9932811065223599,0.5214682396730537,0.1250680832256386,-0.2769052131475367,1.0219501216451707,0.6138165423414952,0.4876658179316818,1
0.3086111648723877,0.6860632965854627,0.7991656205930335,0.18337867743742925,0.5015948839996766,0.4484672866083773,0.3104596892258273,0.9425617304637156,0.17682716410569232,0.828260411467195,0
0.5557664014147746,0.2233134175088152,0.8483068098684766,0.08587688102950114,0.6647888951988998,0.14059808549683972,0.7360254254584824,-0.01556293441737533,0.03333246249906199,-0.00918530177811927,2
0.23950052775074301,0.9162426100224397,0.05821188400281832,0.461440423961068,0.6383872169885522,0.7492870786327123,0.9522270517004578,0.22908095185088617,0.7274756421613897,0.7434633381112447,2
0.27186044935566034,0.9344116728240706,0.8784554900113455,0.26505082352390064,0.8993548398585764,0.3421505912603409,0.5983737570292085,0.9657944685843955,0.536910835202941,0.689092841113324,0
0.3501834148814021,0.4037022180360468,0.35250575850107124,0.6977205374400505,0.15079498355095816,0.39140038988780784,0.5227254153897715,0.08660216298565228,0.9770334135796108,0.1557970995962462,2
0.658987577619294,0.830547648023257,0.28425509161272056,0.27073486254804235,0.6469348878713268,-0.10467918369261425,0.35993137496598887,0.24753594593337172,0.551749932117686,-0.01892896671749772,2
0.9176214819634021,0.6724194593498909,0.1763322968419923,0.8441342050214515,0.35111317339895914,0.9360330082115838,0.7202370330677612,0.12496100795457875,0.8721839256148649,0.34221203686035606,1
0.977153299989784,0.6559739750272511,0.20431854612274652,0.6708692864807408,0.8100533390581144,0.8469156490209875,0.7805205690796815,0.05409635887435208,0.7559698839797697,1.0279464179216231,3
0.335211404340301,0.4092249950187104,0.3503518266374694,0.7082458797242877,0.16412647994440593,0.38817350632421926,0.5089343027317239,0.07881583115257998,0.9463139985451751,0.18203502986000797,2
0.47677434117207407,0.8091275669682878,0.33339328967682597,0.5101140139092989,0.7926801709175907,0.15057291340843598,-0.004748856963425183,0.21171969405222496,0.4994630495471819,0.9401827025376597,1
0.6419066046135078,0.9235182906416238,0.013320281750283085,0.02663419454997866,0.3756071399905193,0.34079904709170245,0.17262723129642246,0.47582019898378947,0.16649655155145376,0.9587126324312012,1
0.8526560099309979,0.5515225546156545,0.30412928810143286,0.7720630496552588,0.7526750341267398,0.7905039066906632,0.656752627084502,0.12353082119778813,0.7607760022599539,0.9741290470089914,3
1.1593920513060214,0.21785131140243846,0.4479755340916935,0.7637296873775758,0.15608727963388616,-0.06529516942927338,0.021494012410108038,0.16076310390436133,0.14949125388116044,0.8757650592680468,2
0.14316883295592994,0.08229029571122921,0.28104251680681874,0.7307750726323716,0.539450836204884,0.9606175359554381,0.9954770596836098,0.28787516668707236,0.8113581329295187,0.4580016101836778,1
0.9265239444342852,0.22244056695107417,0.12259579228969059,0.9505471889413907,0.6604900710429757,0.29047875058693273,0.013091659105699004,0.8463056615171415,0.250430372450811,0.2118463363001454,0
0.044540530695480904,0.7732999943342543,0.2807337780308991,0.5337114021221256,0.9332244836542384,0.5793240797438722,0.9379543871346382,0.6705200923655673,0.6566473815494691,0.09251954718003874,3
0.9969368268088136,0.9009412585759419,0.09062911462309564,0.7953677254207369,0.523547527866965,0.9912632227783261,0.5860112223431267,-0.010679555488640496,0.7651271959733639,0.2788671009030346,1
0.4470434380527938,0.7348098586902231,0.7116777714901392,0.19155940458512177,0.6471286322780788,0.3182922679442245,0.6325482066307468,0.6492198406343778,0.2708501835071995,1.0259051928657024,0
0.11768618658144686,0.13952523415532542,0.36415612040697265,0.7015026146617919,0.44820289555515386,0.9050986779911716,0.8538889979279074,0.3935221681737991,0.6308098066154666,0.41880322305559337,1
0.29982717810989395,0.6875421751853747,0.9984376956360215,0.07284377153269074,0.6829672823935344,0.33009019067404,0.3913027900086464,0.7639317901309622,0.24167437698829478,0.969257592316873,0
1.1593045765720873,0.1600452776125452,0.248526812705184,0.10056691926432994,0.09907702354007387,0.010418363124889904,0.41567196659858785,0.7844105489471621,0.12807590879609146,0.4168626745011762,1
-0.3291673640067304,0.8481195761812564,0.5041255358466541,0.8501302220684666,0.39627217407878795,0.5476110619828994,0.7596409246747186,1.1589835487732,0.25074457438634407,0.1315040655143452,0
0.09839480845944834,0.20686032029959578,0.37318642566186233,0.6993492022170977,0.45058802521377145,0.8603866437438062,0.8921095592967369,0.39168684428712147,0.6439086638625686,0.4713164209017135,1
0.6731712763551754,0.22213227043643444,0.30040816589529273,0.5400266975525841,0.4217100996396191,0.7710991652421133,0.8184229909184095,0.15961297178641548,0.6904453435351503,0.9473544682090563,2
0.4479581375728858,0.13926974533509817,0.08204161549838752,0.941903209420098,0.45261570687761943,0.746368633221786,0.8050992226342045,0.9573727952687389,0.28159631391483947,0.8260827076223385,1
0.03524337969716365,0.07002742310384014,0.7835409627871379,0.2940896198078403,0.05356125950455006,0.3236820204381457,0.679445327710478,0.3659107305692771,0.30068874111737376,0.4676158980269839,1
0.9733613348410941,0.5376282025841492,0.25608875509102175,0.8449764912788416,0.3247023042706654,0.7266346202192483,0.8142140642169758,0.44036002503252375,0.9507051570706833,0.29397307220889685,2
0.1731106765243173,0.7135234923374372,0.9929832759047369,0.6421997857904379,0.5653463698709773,0.8523714822639096,0.459033334374677,0.4751970828134822,0.6531172135102512,0.7021064404485768,1
1.1912366605308513,0.27272803698500525,0.6295122759692785,1.0789451142588486,0.42250363203776403,0.20975653260881663,0.8874071792897851,0.06222351940676624,0.3745517539054183,0.5699800854511045,2
0.1544850352454153,0.6063576529059379,0.6372063091119666,0.7100331619490735,0.12865603655012287,0.403293184891534,0.23746857101682867,0.23773999006233473,0.976650861142132,-0.14996720219663817,2
0.09798736870762939,-0.003827396678598676,0.0016507605861103974,-0.010092382371632735,0.7498649007581861,0.3266317091162815,0.3969097632450645,0.4271492061469154,0.16890402812204874,0.1917406164267971,2
0.6457810650068776,0.9091829588280329,-0.0073545601338433336,0.03146382506039181,0.408336982956578,0.28099368573351907,0.1535889094382991,0.5015236027555477,0.17886758413199896,0.9208272300338078,1
0.31441063404517633,-0.016050357925769854,0.7499116857774595,-0.297890112085613,0.6999624406712334,0.42727319806458053,0.49040964979504803,0.763537123813991,0.02081695492048488,-0.4640748340857066,2
0.004930144949419405,0.21876629117872,0.7099667271801362,0.018968972246075664,0.048872688200527724,0.24663089290905793,0.10471513685182582,0.8685725848908338,0.4698166281237909,0.2996226672895429,1
0.3099212323934713,0.883694187038547,0.9731799000045261,0.6066756020189187,0.06841111498159401,0.2138789625796576,0.2314357937164996,0.7774466183348789,0.1081161302336496,0.2930948608653569,2
0.09563553208509745,0.4503165800927562,0.6682697615278528,0.3458365917615127,0.16642195801387377,0.7123266589531462,-0.07534415691234098,0.6881923762678049,0.9026079718662239,0.7184351870952689,1
0.32005319547927497,0.8891343056518867,0.9531974265738297,0.596820313689985,0.06484085477694412,0.20774558437443874,0.2403950124237707,0.7892822461567244,0.061556016265756366,0.3026654533800905,2
0.35836652374428324,1.0595526140237013,0.20562763897675065,0.528251808917148,0.5076915289714737,0.4700027933656019,1.2449786008131554,-0.022090638175857963,0.49914088006528357,0.575375259172041,2
-0.0003136071746040539,0.18657486489910227,0.27915531167866603,0.7260760839766522,0.5196586053646637,0.8932810634263686,0.8304688553966405,0.41005502069835564,0.6563326448222784,0.5366937692689403,1
0.6063784322187735,0.858196520556649,0.14308726306007633,0.12682602159168896,0.7430763595987474,0.028543046717455556,0.2323263470174596,0.40636777743409813,0.6122394499578265,0.020175722410013253,2
0.8365219066756949,0.5521418324360559,0.31231320378773814,0.8250931870734605,0.8345782750065109,0.7956147863103454,0.7665476638630163,0.07933209113297784,0.8317536002919295,0.8955371794810756,3
-0.0917150195569621,0.7766214830973766,0.4081107366574851,0.5697933737827284,0.8148144044680935,0.5528180707780724,0.8717843239670767,0.7782971821403731,0.7210958426648681,0.07751258199395127,3
0.3706389985526193,1.02959841192376,0.09839339320283638,0.32485533219060736,0.6831565243915839,-0.1043685264797738,0.5050923344496598,0.30133398922240884,0.6682162457951261,-0.14665841585956793,2
0.6893145793645834,0.7375537758125811,-0.05006907842877639,-0.1614996222170083,0.4330265387515883,0.3228784077937818,-0.30621960023090317,0.042127120076679625,0.02547885823906366,0.3388110070738113,2
0.09081874440796622,0.9477181899424628,0.5251104111346411,1.1971981823799736,0.8114581650299465,1.240760012480496,0.38302446992259376,-0.04013207490393733,0.018289869761452304,0.25619738210929377,3
0.8203666555548855,0.5956505614153524,0.7371245750891421,0.2532740396409971,0.20685488909072428,0.855140597497218,1.018051178811044,0.6826579958541285,0.37953948453318276,0.698248077770996,1
0.31317590221992475,0.8322780391165262,0.9108659663959313,0.204869666106316,0.9021772418325973,0.39268528585623513,0.7378469740220949,0.7787797279011925,0.46826308107250114,0.7482033449991754,1
-0.11909445851001821,1.156163482261063,0.8908168384620703,0.851872236894512,0.06976478076599277,1.244018713999361,-0.24989972770647317,0.835506926348562,0.012490429001020098,1.269569177117612,3
0.3777589818933981,0.3740146769382972,0.3728245747034835,0.6839800086582933,0.12171043357998215,0.42137257903648967,0.46540446984714967,0.0674994843575858,0.9697158693738368,0.20971977711335907,2
-0.7151097248257071,0.7372293026405407,0.1849356791209139,1.108777136013864,0.34180944354037135,1.1675113368564736,0.9033099982847277,0.6598703749327608,0.40879957796856836,0.39581678180516217,0
0.4717529561516794,0.10013684206020934,0.03617905016726851,0.7977465639893122,0.5023855792179044,0.6955451348723797,0.7932521074218178,1.0118678091361113,0.38579268166949626,0.8771902596664073,1
0.5757637761220359,0.7942471145608179,0.12024195109148539,0.0307713682903554,0.6863786617365852,0.13168545117090175,0.18681599043099162,0.38640458580591924,0.5754450439666429,-0.06796605206096135,2
0.3066556210290258,0.4510927378780433,1.01679004315281,0.5776391453506047,0.3352600831847004,0.7564084053601715,0.1711245024277276,0.6241827147224884,0.977477943619626,0.4472619767717217,1
0.0938098154383899,0.825545145541145,0.26852528635542483,0.5534830122335604,0.9396945686099782,0.5634792788469843,0.9040119536830444,0.7054443173356718,0.5881439665865714,0.0833595432930603,3
0.7445939295841801,0.8355987993354378,0.4525100386332156,0.6580125353104178,-0.003145644765305461,1.0310795326915545,0.0439793015422712,0.2919631927536557,0.1828099159738337,0.7603050882678998,3
0.3667081190281128,0.2518494900417581,0.5323860243262754,0.7832863282908068,0.5249446177898756,0.6968616530112757,0.3310070222620272,0.2742965270251642,0.4082278056340361,0.8395075062823224,2
0.6634824207636494,0.790721497447146,0.2089969940415309,-0.019210859564098792,0.9471331830546103,0.17670987823820594,0.354521285251659,0.5310728766435913,0.5496933501002393,0.157545494077062,2
0.7602423026311254,0.8727805286285595,0.11151871845398846,0.8640535857810314,0.6787022913343587,0.9366682093225057,0.605724300096148,0.521064197486349,0.06002930242059237,0.2926279163424006,1
0.8491462484479926,0.625437954106802,0.10661616730521375,0.9346565523161185,0.4076098225401332,0.6617717136282718,0.9242794746575346,0.3914409795763363,1.033292285177712,0.44807144328788373,2
0.2785182686676054,0.8393547620455367,-0.09054792308275295,0.6442242481129172,0.03754720520222331,1.2769095933361754,0.1704663140670511,0.6274792443032029,0.31879199089726495,0.33553363388809015,3
0.041564598154842314,0.22869680245400198,0.6951381421310642,0.014520250070860167,0.04919844810502491,0.28782853727025964,0.1362518175498529,0.8700399109906005,0.45729401066658065,0.28823354252773653,1
0.7646199055894544,0.7941834503919669,0.07217410115547555,0.25010648728332896,0.6320137815944503,0.18494948525175173,0.1657790520906725,0.3819458705023327,0.5644501379502938,0.18503081772964075,2
0.8593390344132787,0.5322556470921935,0.312218732709418,0.6781634473429207,0.7357853836113384,0.7246351393588643,0.727673859508427,0.05910080830908376,0.7217401125902232,0.957448375171373,3
0.370288752299081,0.31482737044416154,0.412194248209385,0.7421392139630908,0.20026824085300082,0.3955607135977315,0.5643233480794587,-0.015941546843069657,0.967552683281718,0.11182772289602816,2
0.3954143613541492,0.242880361147269,0.8772473847679527,0.5702832034656671,0.10197902179380293,0.7847783340212773,0.48818411055490624,0.49888930422678335,1.1833391689197796,0.313011596451769,2
1.4578602701841772,0.07304484175596346,1.1239374861346243,1.463420746320783,1.0735435286215351,0.6514214675582837,1.1380291662411228,0.4124392708632488,0.3790698801657005,0.9034710101370012,2
0.8404286680507815,0.5443912567213596,0.27928393894011866,0.7001816474918314,0.7736975241708757,0.7136076196305566,0.6513765384863813,0.11628967281502736,0.7421624945632483,0.9524011964202469,3
0.3779315174369073,0.22687663661927032,0.5197916757483309,0.8204524079064894,0.510841254876223,0.6641491522155175,0.28777450078648176,0.29645795465995567,0.4354637461007863,0.859677383363603,2
0.9806159937432417,0.632810820696807,0.8044935280591706,0.08989185418064229,0.571466724439002,0.6568986424435687,0.3443890337323431,0.1582821305396092,0.8435556395600651,0.9417684215502377,3
0.792978216424947,0.9339916194281724,0.24768898734794087,1.0046046303670166,0.7628492199766319,1.1260612294745915,0.48787313783509845,0.37929610956768794,0.06401522458196243,0.44909226192423,1
0.2455818057235425,0.38183840915204575,0.7215566834956938,0.20521953042072213,0.3466369965960028,0.13295801148065112,0.46116373218545226,0.13742444714627428,0.3601588521121471,0.22967188562317364,2
0.6276625856504625,0.6913136610590019,0.7394038945642127,0.4336046248876452,0.6122414285040695,0.6790488577558651,0.8996945534991164,0.1113861425624221,0.1791920711437549,0.3146926364130158,3
0.9492504949734518,0.4851896710783355,0.335018829681554,0.7626918468377517,0.7970581034422647,0.7306463097263939,0.6985763588172509,0.17363929461610306,0.7234972293468328,1.0064355954772612,3
0.10901655329675343,0.33672276132485424,0.2319646748131777,0.11064386328600781,0.4447430038423121,0.29673800055509164,0.13943468699992084,0.31424851423021677,0.972178861407529,0.7288968363713559,2
0.13076967255198826,0.5737699559731255,0.4825952460070643,0.0480009062163458,0.9621805463059553,0.7298765393036284,0.4850677110750352,0.5285842153662258,0.41986297633192543,0.06928884052908724,3
0.607394074630161,0.9018886689854434,0.006752043834322789,0.06276792956469367,0.3899971810196186,0.32516018320362444,0.1387129612564951,0.4844807146384842,0.13646995460586106,0.9246953362376535,1
-0.020003343595606876,0.02668260158976253,0.7441708231874208,0.34101115943060845,0.030904099850587487,0.27508111014815145,0.5464008246691885,0.3989805161554424,0.35176085297324927,0.4760034620786895,1
0.23903132500755786,0.9128508776734563,0.05247676459332357,0.46636905217929686,0.6440256573049608,0.7420527485877724,0.9468931028714637,0.21855578172105586,0.7238871792112962,0.7334774322183528,2
0.8977066717422764,0.7182032588588964,0.06762506018316784,0.7695886553771114,0.4687629972299619,0.9275388689322408,0.6529858308779364,0.1439783413833597,0.8817948692511492,0.3840933144741794,1
0.5386750013407977,0.7911100384043992,0.09932272717216117,0.07913897108081326,0.40518135659772386,0.33802561897902395,0.1451835622815747,0.4382065069107968,0.14869110835539792,1.036712232663083,1
1.0703381922775932,-0.42073359740068395,1.0529968246170234,0.48134510852281953,0.6366316403663397,0.6094706931820602,0.38067853127200457,0.6776505154702672,-0.06733107475516964,0.9050042116987042,1
0.05382599246188338,1.1215145339355699,-0.17592753889715773,0.584894802614864,0.5104041566682723,0.7871338787886424,0.7609573620174552,0.06067915552498521,0.5915982797061108,0.6957781103790422,2
0.7135093308007561,-0.17333183911187505,0.821490335769927,0.5856664854992151,0.46288122750682426,0.8066865451552723,0.4285728091406082,0.002305488808836298,0.723056802623095,1.4816484947797437,2
0.23585363955655433,0.7875351192595206,0.5944185781779499,0.13979589374483242,1.266925442451209,0.7874841987608473,0.4114535475568435,0.724335891518739,0.5576055115146388,-0.10996733405327916,3
0.9278979294629326,0.8282360428277925,0.05453903207451359,0.8495404913815149,0.2788626232456961,0.8520152854739571,0.8013676171079451,0.2436520787732191,0.7247569756808561,0.17629468021700276,1
0.5713132674676384,0.314635169371441,0.2740879941158106,0.9733062665132132,0.20489074577611374,0.369700574124523,0.46914459637486694,0.6291109894184764,0.6610700768459855,0.20044567510291325,2
0.4121694630326422,-0.09057700224972962,0.1569559055354557,0.8330484862840494,0.5168066827547955,0.6246356823346487,0.6657108815950203,0.898520261309964,0.5595316144459161,0.9055137938783145,1
0.6340883836260786,0.8855388574249526,-0.04255278836903441,0.07321910180678155,0.31656235401008004,0.4030194206226925,0.19448940869454523,0.39268208082338285,0.14164048721871825,0.981250864339302,1
0.7725814808414831,0.897559031708503,0.035126935010390395,0.825870556619001,0.6666018311913022,1.0297268210871253,0.606865851954785,0.5276598887896171,0.011521601961558103,0.33706377143638677,1
0.9878495450110236,0.2782867262354785,0.5815107698636506,1.0085378396302533,0.5628320964334558,0.9006166466054408,0.92619038638382,0.3771768181979056,0.8241261111191172,0.3260609660539106,2
0.5226875724109749,0.05628218693226012,0.146523362968433,0.9511008924837056,0.5673622407027691,0.7835390144743156,0.9481252690808852,1.045751999468918,0.33233380593966827,0.8345619111768815,1
0.6075613322029448,0.9199636839179771,-0.006597213795426181,0.04064237953452046,0.38281270550411833,0.3067138739578223,0.1235065818692738,0.4976148908835356,0.12202059034456203,0.9107316027323971,1
0.4942991354205631,0.08895434059797022,0.12631722901371686,0.8753764049899729,0.5289061706381188,0.7147325638686268,0.8581160276279018,0.9941227198650294,0.35749021712212825,0.8685587819335532,1
0.6179359733706449,0.6348801411441998,0.7258717609689712,1.025414250128541,0.09906135406476349,1.302905947896615,-0.38025204469762697,0.7606776958029778,0.16293500449304865,0.4610770067545311,3
0.7407783189120251,0.58714070492184,0.19037628803822843,0.4098640660963482,0.7030375797764046,0.5380834976594784,0.08386124960253138,0.2681062814479432,0.009940748108211078,0.36610269735043977,2
0.13285718614883418,-0.12993336060349342,0.3395306423749487,0.19812161031005918,0.3940698544639391,0.3366939907854604,0.41392309409686706,0.6214825779503614,0.1619314980333323,0.3091790592631003,2
0.020168340810701048,0.22444170424896534,0.6864603740011191,0.03224137939023341,0.02228219942521355,0.25860596860677104,0.1512618904699609,0.8513349506313407,0.47115016370540896,0.2985662336137628,1
0.8961516737263254,0.5463269852272904,0.11337920878345939,0.7390184771806749,0.2983111354584619,1.162065707093749,0.7052572037907411,-0.022333601135661046,0.7405260530565103,0.17881859120919455,1
0.1956633328438399,0.5636945770451496,1.057299397223423,-0.0787390374009965,0.5982100581361425,0.3484446627479784,0.30281211835853217,0.9475652143796002,0.3477008261458645,0.9997140635836683,0
0.9438923289351568,0.5246917778361351,0.2887107661714435,0.8860419043115263,0.32038357104548915,0.7986472212970601,0.9153211472732312,0.4846470453695869,0.8908152774836549,0.19998795373382652,2
0.5990159285120906,0.9380723860323237,0.4133878405480582,0.901310976958173,0.4725777850939008,0.6659572569593895,0.45134307016031616,0.3490009248962578,1.2593220950307535,0.30369773595483107,2
0.5776411158497977,0.09525266180350273,0.8041498562769882,0.4284249845478379,0.44004555654568567,0.4713045044559837,0.855916812449138,0.6331536756835208,0.01768901267319252,0.191946081004787,2
0.7095082340601702,0.18698306033337064,0.7500295663348407,0.3861822292029396,0.8181252380145977,0.6730491265607429,0.8140611275230966,0.22520499138768071,0.23768906111718496,0.4036454917928437,2
0.5598190742533156,0.7784163970071194,0.25259051821506034,0.443760818285901,0.7614351209746829,0.29957403221820655,0.0838337172477867,0.24413158991330058,0.41598406466369986,1.0364273598293219,1
0.6007580604667502,0.916557909588593,0.001022265107656654,0.08113876051323303,0.37158906553713617,0.3386552057303731,0.13938840927769786,0.49040663104995974,0.15533983112483324,0.9058197102330253,1
0.8769103163792891,0.55553234715007,0.3089464044011841,0.7357453210442145,0.7851973965899677,0.7446793315045435,0.6807384672401555,0.10417702944108492,0.7760068451394763,0.9228997063650505,3
0.7687323401298564,0.7931800114228391,0.4253722015113357,0.4406872711964817,0.577530420847,0.6354486402444259,0.12678761399637556,0.15060084457073858,0.3190499215636813,0.24167659002861613,2
0.7569280744345492,0.6557611783666585,0.18785300399687183,0.6430389711100569,0.7820534110457587,0.8152551842072491,0.6506862808039195,0.13727099121883884,0.7069387140002158,0.8577855733891648,3
0.23259265261866188,0.037206461493417664,0.08690036130462292,0.04811613376447513,0.7566950740331959,0.2978838068148046,0.5075116695397802,0.4661502355603171,0.24574957587648535,0.22067660651258797,2
0.32265069840263866,0.4815189271650223,0.47895299386852963,0.7924507132184079,0.310622505579461,0.5451752445962914,0.588308105898289,0.17788147614512284,1.113205217580386,0.3383312001773323,2
0.05870278734074952,0.9961950211356053,0.24784275202935688,0.25607663505367895,0.7071971361252182,0.656779089244115,0.9334969259861927,0.17771952119102885,0.724515423416138,0.6799916939883853,2
0.7590131286369396,0.8693841859993505,0.24612240614789974,0.09258813945957434,0.8490431311774137,0.3435686724613684,-0.00799374428969013,0.45355634615358936,-0.08038097204252571,0.34782544744071164,2
0.1476103904781506,0.34656091292512575,0.2988291666224093,0.08969397909904156,0.5308441457132456,0.36237970164139854,0.14617428944459673,0.360342008968308,0.9888022828655998,0.7010104872020482,2
0.42008513529561897,0.24009228903281213,0.3866412854832623,0.5995291363613262,0.20509833082918075,0.1823015773809489,0.5607543524670389,0.26188509065494037,0.9745594656054726,0.012510003139751952,2
0.553265755310502,0.3925770215117075,0.8960044572654647,0.7343991907941851,0.495218292664971,0.8524359164784936,0.48919114674988207,0.29072774287339126,0.6251747484389755,0.2555831233750582,1
0.5971872321033493,0.1890701458980355,0.5565952587836316,0.6849432206292421,0.27111852045678214,0.6284630038197909,0.6229692771005223,0.3352945692642908,0.6610509156434433,0.8805126125238042,2
0.805362591058657,0.629394837546706,0.10870397413988699,0.8144449495590308,0.445368676636405,0.9130161991953025,0.8009973565854153,0.1988358521470164,0.8329791900826856,0.29956338978352826,1
0.2854128959961024,-0.2043118504747094,0.558822800056057,0.45742545244087796,0.42098506104515254,0.7781850970909998,0.6970707360384848,0.45513403800865704,0.7713842517956361,0.5671416502349483,0
0.7101195709764628,0.48983980468326727,0.804172903247883,0.6900306401919376,0.6580483421226898,0.9279601554815644,1.0702991665248274,0.007434572531960157,0.06451887757503158,0.5279960237521263,3
0.8232112437335594,0.8542293882477294,0.0654136724182937,0.8816938124575265,0.6447380748135029,0.9730930454134054,0.6700377139912971,0.46980809615837366,0.03880725920739296,0.24866812715213465,1
0.5397357161982819,0.3294580630242432,0.26073829061010045,0.9796862143372533,0.19285180215324751,0.3703087737709019,0.4394372726335187,0.6154324697516929,0.6710448404377556,0.19633757839953994,2
-0.06680805367009113,-0.5545813197401365,0.3402915400862235,0.06585092833043373,1.0509950484094506,0.21989718676607123,0.38916296611980383,0.324931542553655,0.0733065796496303,0.6313780579664815,2
0.009522207228860907,0.5619482176760663,0.43585174281678113,0.14014018147913168,0.6863124851545224,0.3563197784966201,0.049207400709491936,0.17387520760323738,0.9829553956579916,0.936343860415121,2
0.5580252310562356,0.3056371812634461,0.26310380798858585,0.9714963571360168,0.19716755505609887,0.38693261164632325,0.4632933757644156,0.642609842466445,0.6755029338823556,0.20021559077427167,2
0.05730497814813525,0.06281126668609849,0.8643291322630451,0.23653391600225987,-0.004788127741755188,0.2159304985182054,0.7282848883615807,0.3167910866413827,0.3556716556205969,0.42371253987343693,1
1.0377452977462451,0.24004303471225735,0.3994874528504282,1.09203164596163,-0.11839639709742711,0.841726336236944,0.13192078364192894,0.8993167359932227,0.3060513590238368,0.35660960369360395,2
-0.0995322173347159,0.6144303395673557,0.09861306374264014,-0.050748276873561204,0.26345652744337134,0.32874494930124487,1.225021499087278,0.7183082307719331,0.8670641383837311,0.5446206093049473,3
0.7678536076050048,0.676828813868693,0.36165486245239503,0.14928056563485959,0.6525154089572281,0.32472527191943834,0.21118034281805187,0.44881206220974423,0.06962759640179654,0.31339571339511674,2
0.4712401553065815,0.5456411020296652,0.6030246347701341,0.22757813835008983,0.8544115875079679,-0.0973608397650082,0.8127864132695823,1.0887221707859203,0.9473765353961939,0.46406592997734664,1
0.38873782497702114,0.8019984377194108,0.32290238666055093,0.07965526768759895,-0.011615295740308895,0.9936247157506475,0.31548341999101037,-0.05418189864474854,0.11012113911194783,0.7400867069463836,3
0.021389891039328174,0.23019153487253183,0.6953287033074803,0.0161159197411837,0.0366268481523576,0.2871358403610849,0.13723677511402174,0.8736506684631622,0.4618209455293968,0.28526374284167366,1
0.6060587645789117,0.20063442515333363,0.256325854058645,0.24597954251046447,0.575706461638112,-0.016663650346782105,0.5622065119918385,0.7315087833745502,0.6168871202160204,0.6596988297882798,1
0.9726043876703958,0.591730174074573,0.7866151799067828,0.12008247868952729,0.49553633600208447,0.6681411978906939,0.3479757585789687,0.18598057342012217,0.863293924591795,1.0175417594106801,3
0.03152986497892654,0.23619290462643555,0.6990318120992381,0.01680588814973929,0.04321352288601528,0.279364045155458,0.12958810827467343,0.8688768160835115,0.4643250246380597,0.29599746075453004,1
0.2740645360356499,0.43907989380145307,0.421996500256529,0.676960402698599,0.09967337574120916,0.4479077947524453,0.44724476364335475,0.031191837445728073,0.8946243559851472,0.13618825760201494,2
0.7375946160165907,0.903996266169201,0.06332849556457724,0.8631611575918438,0.7181997815596172,0.978103761265954,0.6012535047460092,0.5674667744249478,0.05606011122698669,0.26200446061558397,1
0.5100436185400937,0.8119164796770507,-0.04839377779352017,0.02377032397721309,0.3158497837879107,0.3341494054077665,0.16892393281206103,0.5356182193039193,0.18016382923325047,1.0141285652870162,1
0.7718049457821029,0.0025642325348383954,0.02054246088182743,0.4531626113458076,-0.17357029142728464,-0.1087840889689296,0.09434587718693749,-0.23653692636398588,1.2803856561946316,0.879358335437792,2
0.42409430363050354,0.36474230929963125,0.8817186586490491,0.4623122926677431,0.34872331212646424,0.8841721593256682,0.30963178493568794,0.6958039000993579,1.0676566021284373,0.36202967045678947,1
1.1726514699078883,0.744649943697929,0.825261823369888,-0.009291193119858043,0.06328416386022062,0.6955443782775318,1.0207192766778441,0.5598976450774248,0.4500348057664965,0.9117295788725815,1
0.12374959417467757,0.8783997098957941,0.4522930335184269,0.4301196437654173,0.489253035281136,0.748621312581773,0.914728271988111,0.6341832217928767,0.4412233820419146,0.8947831383735227,1
0.61659813971289,0.8692597415072596,0.19001230428556037,0.051748013518894236,0.7273798471835833,0.05595427647091927,0.3017044400458096,0.38578810913345607,0.533605570517351,-0.00515984059709698,2
0.8439565694107838,0.2670516108817017,0.5535618967219762,0.5210825626424234,0.3702779823248011,0.22592275319502753,0.1082770296002368,0.3856492188644576,0.3957130400100855,0.6131136980625145,2
0.19265084163099455,0.7678478542019911,0.3779749670353398,0.40344761866396256,0.4124940135534581,0.6863803688657514,1.026613282492379,0.5790641155032532,0.4838519123207293,0.8331109139242785,1
0.5137265824636245,0.5571384255567275,0.18914285990628432,0.7984914237923055,0.2019681082900934,1.0982988081486993,0.16435239829085715,0.2872651897643616,0.21174605325459728,0.9601163678054878,3
1.0041308095912191,0.4917164487154273,0.7257020533804036,0.027694705674412234,0.5042519001734403,0.7579584210064019,0.38837493993231254,0.3028510458150929,0.7993139426802004,0.9962442640892836,3
0.12118413709427477,0.5856874964927471,0.4761047187841244,0.056053707199639556,0.9675066387293785,0.7291711347408116,0.48070428967623835,0.5304757223749027,0.41208830057924023,0.0762020937490891,3
0.9294898709128632,0.6896110613011449,0.15045636257514347,0.13170168631734777,0.9539247645579194,0.6399246588668784,0.3020881946970311,0.2838171880508905,-0.035044526568656115,0.49345344071547986,2
0.7652993251525464,0.5236340026773486,0.20607782657946244,0.45517683659548286,0.3011819594024581,1.1645402357460302,0.27944659717392495,0.2004566274081655,0.3081634177570907,0.7012580714232456,3
0.030693152735826835,0.12182386022985804,0.7526463361595833,0.30921883614379414,0.07207807625149694,0.26293106974192204,0.6084419930796575,0.431961717343354,0.29546661117142914,0.4559304649095039,1
0.9647579547796378,0.9585079552200749,0.036045569263136554,0.9504244315060947,0.7613551659053477,0.8854464486354623,0.6285713881658713,0.682400329692567,0.14347753490019727,0.3426505387498607,1
0.9879036436960135,0.5693107956649055,0.802076409126556,0.12043527359040083,0.5440203663320102,0.6231865201847159,0.3721489669445046,0.1458547433469666,0.7700514377824451,0.9823708054201917,3
0.572791402143675,0.9179483332294359,0.009329708168769473,0.0648384295422287,0.3762452549944732,0.3603624483727456,0.1503423650909282,0.48475000301867144,0.15717018947381967,0.899782483202049,1
0.12599669969750318,0.576872098937893,0.4776593842945626,0.059057692074992084,0.9651834071959383,0.7209076749586312,0.4990147640267285,0.5252331626038919,0.41580516573081194,0.07395231254820339,3
0.860236232682142,0.6792186113332681,0.157216757008385,0.8197118054513622,0.35979064736664923,0.9643576504523463,0.6860421789828609,0.19282556400584921,0.7886285791701013,0.3188161590513147,1
0.7332278547007451,0.2803788871751695,0.1507853104702671,0.5399198086992422,0.01815345750278391,-0.05715090977352677,0.6327947099941298,0.7323280198509827,0.4376701919862893,0.14490578084303513,2
0.05519626066655052,0.22613276571032814,0.2856066164654214,0.6561411227411812,0.5260042409120413,0.8693150592816058,0.8033895596607082,0.3049560835894697,0.7261513374045103,0.40251121175775995,1
1.1236545172230765,0.6262527837064358,0.07909406360899324,0.7286514092172485,0.1505327714177002,0.98391826042221,0.7732379493140462,-0.15752099386426532,0.8974089882395132,0.4004696651015305,1
-0.017111941054794022,0.6718320273499562,0.27557516702059204,-0.5076656722334303,0.799378121263947,0.2350194666611937,-0.009533018924943681,1.5356751234149288,-0.3948139011664463,1.2461400017486994,0
0.144369115458285,0.19285337680257186,0.02247484361106942,0.11269921504843572,0.5522497030397354,0.46374556566536335,0.6968890386064546,0.34148545713889034,0.10249528468584651,0.11043058414295039,2
0.7190578989675841,0.6696201343361097,0.7319702032757799,0.38124213117534556,0.7367466893045046,0.6466893706168801,0.7528205584095164,-0.003780784529396744,0.2446528683939773,0.40357755384300686,3
0.6280211227625486,0.9021982298944854,0.019884350108294292,0.07800596931534673,0.4028989237196528,0.30768574650950403,0.11564240940598713,0.46422057901621905,0.12809396675235699,0.929705106158025,1
1.0033416399314443,0.5449922711021532,0.4139498052617873,0.34814299299617313,1.1835592119924576,0.2663574313809776,0.752909110011133,0.029158164494080152,0.31275238170523584,0.3401998480882205,2
0.24309525248676161,0.5296622970952515,0.2432912937008145,0.6974320090125713,0.26264629123105254,0.8924393029689737,-0.10910825028093546,0.16424006158086554,0.14784838044582838,0.6589184514579379,3
0.9137317816670258,0.8394833293726388,-0.11473757224653008,0.16014629469987995,0.2695537746694071,-0.41558723997345254,0.6158255577011558,0.5685057944878749,0.1538083126422855,-0.3684877199570903,2
0.07005325622509755,0.3111953435624327,0.5551010007678198,0.6504146854653831,0.25541270066383365,0.646952693332864,0.7203984491818589,0.7830258590581618,0.3205004790298456,0.26869852944016714,0
1.1664687767381519,0.0837486103071435,0.822983202098857,0.9172714821787947,0.9588052110144742,0.7188452909934334,0.9320068798232967,0.7061855601402107,-0.19601298378725246,0.5133539819019246,2
0.4010581067097393,0.0647481074285766,0.21921769592268497,0.8338469090287971,0.6553204972505337,0.5918414192958361,0.8683892592207547,0.9682814109698046,0.4458364330497584,0.945837050631491,1
0.3984575202607868,0.8576117166969737,0.03780075182680515,0.600225652204848,0.7030045274297951,0.8510305377624562,1.0122206126300162,0.22667571632623948,0.8898116671649023,0.6286807387714511,2
1.1324041901772908,0.5502275549627614,0.7620148635618256,0.1027345765636076,-0.03797205278986149,0.6202464341267145,0.6971518102704182,0.7870646346024407,0.1615015686834886,0.6513211420912568,1
0.017804936897574543,0.24131848273863554,0.6817971321023952,0.00015299024751618678,0.020247411558500364,0.2771962415326875,0.11973517359148754,0.8657669967645677,0.4716217778976769,0.28160730555574065,1
-0.05110649102408242,0.6221937866009759,0.7873515561015088,1.2031002914490316,0.6268426969114278,1.1314370953800639,0.4999102528510879,1.2776428492555076,0.12203031447222071,0.23703063006614208,0
0.039279929921210835,0.481335389782642,0.508887610835412,0.7728730896588069,0.4262003803596929,0.5720644072510135,0.5216208539610442,0.846121088253701,0.37256271291364573,0.17609577784006838,0
0.745461875436286,0.8729809216157188,0.5833404690580095,0.7361743260646798,0.44275618649780646,1.12882726845767,0.3141709928238648,0.45727762575467196,0.23129608899818077,0.8877883418354198,3
0.014427292594517527,0.8814868541784564,0.8850206646336214,-0.0635500232428289,0.6947623027572463,0.48540075042444863,0.7449015181622755,1.1711305079475003,0.5540794631677004,0.5615724855357316,0
0.11145706847075411,0.9022218161291251,0.3967243984753643,0.9902534119665602,0.2458508739634243,0.061988364802586016,0.8499020894493561,0.7302600984910348,0.12350725249495605,0.7050504052394222,3
1.0135977322410714,0.5384302821567319,0.22625737616721447,0.887264435877236,0.32463452943272314,0.6722156557229366,0.8931854731988456,0.5225155913587471,1.0014580314621744,0.33054996835920103,2
0.7752134799699613,0.2167702696310076,0.5545115818736026,0.8135024042362774,0.5451425447262732,0.5332653419332255,0.4400398157142714,0.26599324783446876,0.1130851609782968,0.6235425408309454,2
1.1695330375997037,0.9988789416919363,-0.4607158392412154,0.6569520627698047,-0.019904293329980505,0.35146979439122217,0.8752922281136101,-0.21594079917832648,0.029468431529569267,1.1125205523246136,3
0.6291788586248259,0.13591225466788687,0.3084956197501187,0.3111971631560316,0.677243875733634,0.06866854158228997,0.48485981762951463,0.7128475945059809,0.6785494591930142,0.6941996494355357,1
0.2432593603167106,0.3457173262619513,0.1700499603326198,0.828010972392575,0.6429989642015761,0.751923118051315,0.9997715364849965,0.1662772917087217,0.5440595424103382,0.3332151218939011,1
0.7649270159640831,0.10885820294887918,0.23709836440239906,0.49330237118736336,0.28518068718736916,0.6069145406076045,0.850898410833238,0.16238583594534226,0.6378678592188969,0.7094053428368374,2
1.043671825477221,0.23831428515593367,0.18644984142481735,0.3985717815859617,-0.043980103377427415,0.9580567085632865,0.6352012610947291,0.16425415260062554,1.2382313497283282,0.8280789666409111,2
0.405942432180462,0.9123722326237929,-0.45653329545327137,0.8808994255741343,-0.8642440288212083,1.652862821524081,0.2928395028601401,0.924473628892902,0.24635069165586249,0.03555581403528629,3
0.019737213312408346,0.24721842556109916,0.6935605889207351,0.014130605566340776,0.05014187555881064,0.2824285275460555,0.14008100999048606,0.8626438351139423,0.4705079897075284,0.2876211742375554,1
0.5812310527444531,0.6915360637018112,0.40577961710915517,0.49575288297037656,0.11079139333471591,0.993735205125722,0.12693745171327142,0.2762322706021114,0.10276013449135114,0.7305009849035086,3
0.5033110769067051,0.08913722921782644,0.5752021998361454,0.6740757593180083,0.7559400662332818,0.6168224873291857,0.2657288134166385,0.32830070177377046,0.3353543787257095,0.7810973768381927,2
0.5718187287687533,0.9311296567966493,0.06678513972227818,0.09720195004905538,0.37098096677130665,0.2707195967198149,0.11801103987927511,0.4226984320111656,0.17778746019829852,0.8745871635681189,1
0.304414922379228,0.27550679042862664,0.5352811976256637,-0.3084513418779019,0.8003446969634851,0.3316275970226143,0.7534993213446913,0.5623038356191177,0.4727454218788286,-0.14078016422584616,3
0.03241674306562675,0.8552975280579955,0.7763498032517067,0.47449960979207184,0.3678773543027661,0.13263944170926034,0.42269779093336446,-0.1881424059310045,1.3277302754114602,0.5304016064985364,2
0.7080512510944633,0.788740297341194,1.032084944242157,0.19522481095035743,0.4434791251172645,0.5998086745802687,0.9391135708705315,0.366968290979921,0.19897206176914162,0.7257188751686581,1
0.32918382359577925,0.8866061806598395,0.9692151109706002,0.6145429767322236,0.05481743982595069,0.21510439889803257,0.20519854946572602,0.7582731833326241,0.07132699833025716,0.27463576436283754,2
1.0690140441803009,-0.007959392831699275,0.3907526959909175,-0.0218805570059267,0.05807932536738047,0.1984679886182181,0.6742351398458558,0.8091361650762618,-0.04839027495943535,0.40454995772487534,1
0.5783766055413122,-0.8588442439148475,-0.14864194323239693,-0.4946198528036233,0.42111650843230153,0.4348625309235168,-0.15828003166666438,0.7402935639210182,-0.35633350517005136,1.0365877400308234,2
0.879578855075868,0.5541493674344534,0.3128533218428232,0.7343701138138922,0.7785607882763923,0.7475028128537586,0.6845226827724051,0.10434872387440754,0.7752103721516496,0.9275711501561335,3
0.33060262313949634,0.8604320825716167,0.997398197641067,0.6031384662268763,0.0635633557341729,0.23863200972319445,0.23912949265114683,0.7694035665459955,0.093844342133241,0.3005276182792307,2
0.16732201405820799,0.8160279680756091,0.931142314748957,0.6025597799937835,0.3379886080145643,0.620767368247013,0.914710762837743,0.6006272490047052,1.0253155962892633,0.4348886083126616,3
0.5872156503641043,0.24668638150075436,0.32434119410430395,0.6116934455035341,0.39875488910670054,0.0685490091886152,-0.06711160853246481,0.36019823658610967,0.39382215511898916,0.7070155171666401,2
0.07613353052693955,0.12892178978716665,0.7897688430378886,0.2928579575599713,0.07940169178738776,0.2615608468179517,0.6131451043720821,0.3952545960768839,0.33863321313643213,0.45960958844029803,1
0.5857651931697759,0.8710890889222338,0.16210136950891854,0.11172653196114213,0.7771354747304643,0.05424573380079698,0.25598206493884856,0.37113086341519624,0.5837628593972839,0.006547243294550735,2
1.0241085693260374,0.49788427938984714,0.27297517538964,0.8613157717066834,0.35164099153051115,0.7574760201019275,0.8898482639353471,0.5415014186757936,0.9116725731478055,0.36020620033040596,2
0.24401955087212704,0.6903766300651633,0.9462036581385358,0.07760758264034451,0.6058910031382794,0.3740765431582933,0.44358631053822994,0.8478645300269655,0.24892003556184575,0.9763160917110751,0
-0.10862643212994794,-0.08799550070277075,0.002236239133489526,-0.20726290188138743,0.39426676698857643,0.7144498409556043,0.4845869580628693,0.24490889229908056,-0.10007868553879828,0.3432246801776835,2
0.8474361435279547,0.2758247304329199,-0.10041298178602304,0.46098168977363885,0.621916296045071,0.32254619859715905,0.7644736504453877,0.537319978642466,0.37059300519648575,0.5805601881181144,1
0.00016294074218504984,0.8845143639047508,0.46256541275308694,0.5667268659625706,0.6439545923705794,0.889777945962083,0.90870668031481,0.5268155409541652,0.3769912784208991,0.8276049708015768,1
0.03269684570808338,0.10744540681065153,0.7874118628921122,0.3075815607821529,0.051837384455255556,0.2696887695795862,0.6254644968046508,0.41472501307645476,0.32344928388060007,0.4411679992129631,1
0.5495058838083197,0.7468886502823741,0.7666524833521162,0.6584555271441493,0.30685173332276494,0.6994914847848169,0.12876054655814403,0.784330738591116,0.6524431179701944,0.010834576717027616,0
-0.052237224256441284,0.9488835610592758,0.12974127809918928,0.7210819343387471,0.9355533186523266,0.9005439723003816,1.1649283542147668,0.15571700201675165,0.6501895160275958,0.6488979331956962,2
0.8632302359268478,0.7430285062217971,0.5947894470104163,0.1915798347800562,0.6315341554932987,0.8378624625102984,0.3897900467515718,0.981068300744772,0.6788758486056594,0.13543024826046288,0
-0.423051355893875,-0.35965179803163844,-0.029202550250346113,-0.5718904014457546,0.4207541274923904,0.633986068650745,0.987335460145209,0.2735742815754316,0.5423458691016183,-0.3761999636725788,2
0.035844801187222296,0.1319245033702772,0.2834125082640074,0.6073390679161464,0.5720766360180012,0.49784721255323816,0.5652795772414462,0.4950405566220093,0.9223328252168536,0.8299090381330695,0
0.5842752945339543,1.0079936947772943,0.3264145186668289,0.16165376868472464,0.9834632928863482,-0.01865086355063282,0.09509969386455977,0.35002542558844324,0.37363169051657646,-0.13697765319844502,2
0.561337077589965,0.7945849278212672,0.398540713393001,0.29069820854531647,0.7757973406919507,0.5509542085418544,0.2326608974072042,0.3369263153998441,0.07893617894694738,0.17320414585201,2
0.2689821867069648,0.5101292454713392,0.9462955372456893,0.576683737164055,0.2711593201491154,0.7225947693910315,0.24516827051083134,0.7980777885395101,1.0278555337496023,0.5616585462126247,1
0.8154267638906512,0.06942908088230741,0.7421477538615375,0.7657109975339476,0.7625944951989465,0.6710518455900017,0.7939746425137382,0.08425701907500083,0.07633244193430397,0.7143308324553918,2
0.1789209564751131,0.09641404357387023,0.38070576575851417,0.5723730920744476,0.4990814834386785,0.8847348305663012,0.07793979255444536,0.5830997194868408,0.3197671391042465,1.111070806007645,2
0.295180371074386,0.8848998363524967,0.9472055998579173,0.6138323653550118,0.06924099645736415,0.23737971593703988,0.2152450459186588,0.7971027528184513,0.09946242580408339,0.2667594100055996,2
0.4590912860218241,0.2610095291559814,-0.0828589097210673,1.1941579561299291,0.1987938056933354,0.7312957853843989,0.6226386934824198,0.40562947854013043,0.07528791472577735,1.2336809435314846,0
0.37065307199471864,0.6590666418190619,0.9072579632555836,0.18170917084767024,0.7012326766968753,0.37186105396732017,0.34654633982379,0.7521854538949007,0.19028540550518963,0.8772752849063855,0
0.7857278093509885,0.714287570277046,0.04889800415387169,0.7491564199235631,0.28361220266304893,1.0575122729603366,0.6415318119198978,0.18842734155965352,0.7476646525659547,0.24601462751457492,1
0.9030345692489097,0.5471013590896836,0.3653084835572823,0.7112118648440964,0.7344755667259496,0.7309315964210946,0.7239528474117143,0.0734032966878814,0.7471287574874275,0.8853865262219345,3
0.6616898485080991,0.8993163213845887,0.006410767026309334,-0.0018128773658965258,0.44778135846113304,0.27053514483923624,0.12550453686197635,0.5059708461365829,0.13286876976439274,0.9683683508221492,1
0.47017659465761485,0.05455335442147802,0.12994051796386022,0.8656179680997995,0.553512846298587,0.6827194652728685,0.9015092319459626,1.0103796367503624,0.3486172282412914,0.9100293103196859,1
0.8589495128727105,0.5671079287429917,0.286016516802276,0.7152993226054257,0.7520246696512777,0.7759944698630353,0.6460584670215814,0.09503026051943364,0.7663001939117478,0.9506925156330529,3
0.03568502719370681,0.10890502649152542,0.7812058658217674,0.30339772460955333,0.05910333142811337,0.26899615695572465,0.6405482658609134,0.4075075889155021,0.31813769397494174,0.45519033675801684,1
0.10808965128007035,0.4119303157925827,0.44579341697569586,0.7184717669118367,0.421007730741576,0.6165105987151649,0.5592562182759581,0.805355950575393,0.4004619344137312,0.16724954274950837,0
-0.027307476267175376,0.8231443840119501,0.5415535533494241,0.5062537358262118,0.6177661477502456,0.6717358307847048,1.056079994773598,0.7302897320358792,0.6280564035834343,1.0887669569548357,1
0.8665188461588235,0.3731353781317778,0.19490781902616294,0.9050964626015796,0.23819546464108954,0.4478372842967305,0.7493240205035403,0.1975101928607147,0.6948783136168231,0.512114985971772,2
0.46411353191307897,0.28900998492002355,0.42331883475463605,0.544903040973058,0.01774171224083801,0.4052321378245063,0.4524965949667687,0.21234120246416055,0.9283873436510269,0.26599200003718737,2
0.5990700099274496,0.9118335395985974,0.0008939032533304804,0.07718804880286684,0.41658886430056696,0.3434288905783889,0.13186421936405637,0.47511693844181974,0.13392689792411558,0.9496301890749563,1
0.5134807777789265,0.7750152041519605,0.31403805240302424,0.43116574027015525,0.5428621162874266,0.6033450750765407,1.081326672996289,0.3160099775787965,1.0030549013670482,0.8377605356781662,2
0.979204900196724,0.8128501681440744,0.33959553979620594,0.12840145818012408,0.6105318758647786,0.8994488186553588,0.6819306455042851,0.18712029642734615,0.21267342279311036,0.8920496657197188,3
0.032609971568341244,0.23038159004279096,0.704860981164127,0.025315707870772246,0.03548520791336859,0.2717892445291138,0.1387667821617387,0.8758705199002088,0.45936396145075237,0.30193054736256847,1
0.44796138710240313,0.9308280474854717,0.4342730386552998,0.6855624217609367,0.760006049563291,0.025865723312447464,-0.1530924184847059,0.1767271040039317,0.35906954230224997,0.9898704108279166,1
0.03136829260365576,0.23700919216436983,0.6988351845430902,0.017740260860558837,0.04213528180270949,0.27859320974033314,0.13011600721260255,0.8688731368862055,0.4635889143341821,0.2959433259258789,1
1.0554977328260422,0.6342540910834998,0.34102892660583095,0.8589640560900309,0.3356809319591235,0.7298019932458751,0.8629081026116171,0.3667144716467776,0.9557482608106987,0.25635148109848993,2
0.9096153160122451,0.028050947683211674,0.7228128344516208,0.7407270880034759,0.7505519996893242,0.34837136478476055,0.8496681565325314,0.36484306327863664,0.34396360162998263,0.8842549449268898,2
0.3655064406111886,0.4825942466253338,0.49482543965960124,0.8922908110943426,0.4034502677497896,0.18139973504792495,0.28788713476965033,0.6841133842390635,0.7717172319083614,0.46407655249403823,2
0.2459961690360777,0.9226430409855099,0.05267481047757452,0.45204938484838464,0.6464149371568956,0.7552380517570663,0.9575486171260883,0.22163831493862907,0.7263972695802607,0.7518021524741858,2
0.8614443323999377,0.9639536218077517,0.41546093593306965,0.8580483545151822,0.37570590504267487,1.0182380714283987,0.6879694308100898,-0.1500127027847497,0.18852050745609888,0.983559535159597,3
1.238267805949615,0.431118981961273,0.5457840126507889,1.0880002549776981,0.7634384862664636,0.60741704953778,0.8271774828213166,0.27717981009907156,0.2628511631636171,0.436646356654678,2
0.6167448170941692,0.2904139551158609,0.41715727188428253,0.223300208751504,0.3153977820307494,0.6900854844071815,1.2546312642094488,0.8894845923601848,0.3058597620979638,0.4126320929778795,1
0.930144772347497,0.6216831059088586,0.8157522498731565,0.10607899317832947,0.5664646213773301,0.651907508595847,0.3412704006398368,0.1834661277924155,0.775253348789684,0.9374129405212617,3
0.5873873621705571,0.8873504223711227,0.02113069864442827,0.10458076293152041,0.3479383149901657,0.3107867749060363,0.13637784467463807,0.47960836070090784,0.1665913136022481,0.9310935299721407,1
0.3140225085447748,-0.07742275780365943,0.08248478533130056,0.03632130908034639,0.8233557162463402,0.3153810067464436,0.5345721831474501,0.4650630184853294,0.24512696007680118,0.1707697828196081,2
0.6571080503645061,0.454062856502921,0.4445106833977816,0.7456137161902474,0.48133752263217844,1.0344059171595221,0.6245316482890195,0.5816228058361513,0.5246913495502422,0.9358585112717566,2
0.06994485097564908,0.790261832018233,0.25552211179764056,0.5100399418532992,0.8810973188545953,0.5479365260791607,0.8937749322647899,0.6829613099186963,0.6615624319089385,0.04475091196838606,3
-0.08080474275470528,0.3062764530743301,0.17713878353140833,0.8389612968260819,0.3817764528716483,0.922082577331571,1.077451904418558,0.543340044449732,0.789950998082816,0.7443323296966542,1
0.04831892342718046,0.43851764178734415,0.28841706432858394,0.026519599072489505,0.5373885351619551,0.42615651919499875,-0.02140806973410042,0.2015897671783458,0.9142954506498194,0.8375394201212563,2
0.2632591175456224,0.39418585105546494,0.8327915110551996,0.6752353210553524,0.4882086571151205,0.7653800967271067,0.09303313234700647,0.7480430375329084,0.9782579498505511,0.35713723410807496,1
0.8622094418703599,0.6511259921420908,0.13389679628046114,0.8175964419541074,0.4507770457298351,1.0477932202610558,0.6539629729093023,0.22835769531288014,0.8964225444248776,0.3077370878859942,1
0.9799915478056167,0.3191301092482147,0.4128406824778445,0.4666027419574629,0.8114107284142597,0.7191897270114103,0.4808424901178704,0.3130399937770935,0.14395751919470287,0.48868127798090066,2
0.6021478025372172,-0.05408286940824754,0.7961769248278197,0.44178680822118843,0.7841566769997643,0.41886627819606936,0.38630751937629154,0.7219095974843417,-0.3213332481574612,0.7525960623594169,2
0.7566397983045402,0.6138059334321098,0.6429037873413983,0.4988267212502446,0.5511933625891964,0.7418323902751,0.9457971709441327,-0.0007216473892451142,0.16208265810217426,0.31391759572118355,3
-0.031434191826110416,0.16019570345256398,0.36307968701346277,0.8051081220002734,0.5444309710322698,0.9127832148250032,0.9267354378907471,0.3814882249230736,0.7158331890089183,0.48068367763486014,1
0.3833621493391455,0.8717684148496329,0.9235028852485361,0.6092767408481329,0.08833387922796683,0.26057665390414303,0.20578602927238007,0.8100592079711628,0.03570675822965361,0.34351334262476896,2
0.7396216459144688,0.5632301152490382,0.634781469704103,0.605696043160687,0.5935356641823709,1.1591582163985663,0.39630179610616467,0.49780060188885167,0.953232956910627,0.4280917597341497,1
1.14089507851962,0.46823094548076544,0.0865867346479659,1.089112287439117,0.5481739594293042,0.8368813534701198,0.7579274644839965,0.33990296462626296,0.6876178831451771,0.49128907375287817,2
-0.14698385319847418,-0.12028007152390319,0.315439494548691,1.3197777247547249,0.17246660839291658,0.9279454806364822,0.5568428047071174,1.1169293549267196,0.6302014014529602,0.8787982551131778,3
0.42041498729801874,0.2943481397469154,0.5473934559483585,-0.173002687433437,0.9570941108609066,0.10828903798793266,0.43610131829751664,0.40923823441916624,0.5317716201823128,1.3419672337092112,0
0.034403428138661755,0.2327923435720696,0.7013089105258469,0.015769913130229535,0.044892189591126744,0.2822205437877418,0.12687885875462657,0.8674080285488404,0.46394571156790515,0.29923456709937424,1
0.07583567268677509,0.08463390499459558,0.7621507032941911,0.3121898647889924,0.038250736239690594,0.2656176985615677,0.6577331962615477,0.40760592745379076,0.2829928501836307,0.42925219148304083,1
0.7626535829574198,0.3966495389495762,0.8824342222098484,0.7342602017660846,0.5345237628617452,0.6057332697903087,0.06291276710749708,0.7032074869579097,0.8495753088479631,0.3902778832149754,3
-0.023327425601404536,0.8253813002892322,0.27688756972514306,0.5730813411351758,0.49817752305840857,0.6628279864744433,0.9172474161439405,0.49332971412428794,0.5197263137566219,1.0385859141247944,1
0.049312971646472636,0.7858453949204345,0.16426317655154166,0.7542693860382957,0.5394669442499462,0.859636772579718,1.0743269791998429,-0.5327712546680288,1.577613577277414,-0.2049911969539181,2
0.7882171424856834,0.48095422400523674,0.8755225090744936,0.1648824248185818,0.7196417174144837,0.6879092787189484,0.7099108613524485,0.501250002495182,0.2002845758369789,0.10608801796769869,2
0.09202706898031512,0.19649276412890082,-0.2578330674695328,-0.09874695629581962,0.5002264329637256,1.0631164394339039,0.6730572537435949,0.6092637311776172,1.1259683471891224,1.3527956305741697,3
0.8701643575738076,0.69569389533473,0.13603959373685764,0.7937889089723732,0.37368354174054885,0.9648136814419248,0.7133933283869102,0.16510714689771575,0.8175916763407768,0.31240465157449904,1
0.5612232400953457,0.30181837232004205,0.2661717125641188,0.9688042123486873,0.19811399720679024,0.38353177063067734,0.4583691709317581,0.6393468411848191,0.6753346432915663,0.19468624545746457,2
0.27056178702240397,0.9556961031358062,0.17957301859720856,0.5666943596650686,0.6143260305512387,0.6302883877552667,1.054276010397096,0.15291281293465114,0.696156784157508,0.8293907246825486,2
0.9054582935361813,0.7335053098778173,0.15714493621994644,0.8146065823196579,0.3801316874012036,0.994428614133565,0.6999685709435574,0.14848468315931204,0.8212456067241857,0.29828161590194835,1
0.10613506525045693,0.16656466811583037,0.8111827417569443,0.2755243458128737,0.06135377651009649,0.2180941297783785,0.6049263196351741,0.3414534240201672,0.22868749356038204,0.4253005654242932,1
0.22442976957471641,0.3104631393815489,-0.2827392992301583,0.3473687741109109,0.7184428690240797,0.5039736546517734,0.4800263245563735,0.30520670249213644,0.522454232693076,0.36949525870314226,2
1.449002219306068,0.37268838127421233,0.19988715306138613,1.3026724261763039,0.583543913349281,1.1833435866633395,0.8112826247220395,-0.44573337888821074,0.12645563252940742,0.6885535261341359,3
0.017109183361886125,0.23856855979752215,0.6841741704829087,0.02166400874944638,0.0422667529464587,0.28958291315225326,0.13247502937245714,0.8732583467184366,0.4787354005526131,0.2920972977536125,1
-0.01228879063374258,0.12305934870581844,-0.018223485586444876,-0.049677588156880614,0.3147530601934183,0.10561937911940128,0.33684815144919394,0.6162552001006283,1.0072759183326396,0.5557985082502499,2
0.14605080438822293,0.7431143659437793,0.10804301541323108,0.6011334813227845,0.4949163856823058,0.6283229468444695,1.155203971418528,-0.027483085718120748,0.6559809874025672,0.6709335865872667,2
0.6128177361270886,0.9131386060918993,-0.006252622168427905,0.05744303619619866,0.38905585319303465,0.3413128742969117,0.129135197207683,0.5018089391492843,0.12720862809372965,0.9424662408441844,1
0.5453807901336821,0.2648097511859606,0.7579713477707436,0.2692927160461143,0.5956300816920683,1.0145821985701562,0.6755102374282157,0.3927714208723614,1.315079105032198,0.6061860009453846,2
0.6070891241514413,0.912050101325592,0.041052240776198186,0.02729334138104235,0.40295799297963214,0.3285365425384317,0.1506691255474913,0.47926288390663097,0.1275902904722761,0.9455365695342847,1
-0.04337207754712505,0.1330552168598891,0.2541395576235434,0.719071912091859,0.4412982467500828,0.8537009111721592,0.9770027446018767,0.2540341372559085,0.6026779238496689,0.36339956714211813,1
0.7040034280323427,0.7956504424299796,0.33675776115896006,0.24032173728984121,0.7994908295265338,0.3643000778953884,0.16721450952649075,0.37102640370858964,0.07798855859170173,0.2709953804917376,2
0.12192913236916908,0.0996442670471972,0.4202928295310726,0.637479978311523,0.42577963664723195,0.5430906397128908,0.5776288564196977,0.4492905745598265,0.94352776727949,0.8772703210881148,0
0.6820332908156058,0.32266488067040144,0.4659583274656894,0.4233774363822292,-0.12391323019678713,0.701207153085045,0.9876562731553885,0.7978521288000481,0.645025354758186,0.6504387715178627,1
0.3739774752004871,0.668357819853308,0.2518407080438152,0.1561986674478104,0.7824065191168975,0.6153035056619873,0.7541914098137443,0.3277592930945814,0.17368427716836665,-0.11303765132008514,3
0.21610304990526039,0.7411428220167909,0.3402270746254553,0.3906621649216735,0.46383833834313615,0.6069103405467049,0.8148406601483397,0.5986977413006429,0.5262566324338871,1.0492198668923325,1
0.8791154606553006,0.563643694577358,0.29993055927570916,0.74057508226378,0.7757418196841505,0.7556174308858312,0.6765794373029379,0.10277858561644215,0.7630155642352912,0.9246542450897385,3
0.1749190152116668,0.8959101434846332,0.089757390073821,0.8212335996265134,-0.32695898791560885,0.047243914940344856,1.0381867110985155,0.4715026059691868,1.0979895023998039,0.44133504888979447,2
0.24729020246671274,0.35304385629422325,0.9150029853902125,0.7071712174679492,0.4346727495225553,0.7152833537160583,0.14173521439373404,0.5915538654516562,0.8936239507752771,0.37725016308059484,1
-0.11217250749891919,0.6395247116504081,0.3868252886974692,0.43377174420466436,0.9944731092016112,0.5924792836874554,0.8550894661937267,0.49928803237430325,0.7372940533520459,0.23163510925291592,3
0.13352991841611922,0.11562268141653315,0.37869157378770757,0.6399225059596835,0.5573574402599512,0.6265305462273965,0.5953282383912734,0.3796617968726916,0.85056160923053,0.8645335773543208,0
0.28285033021830025,0.7023412565656456,0.04044514928855241,0.10469544237383882,0.16471867567559118,0.8671017249495225,0.7615378745888677,0.20628792168736892,1.0074189792801673,0.8457965533741606,3
0.3935634825232035,0.206260879158433,-0.23888528458146074,1.4267250518429606,0.0798467215298248,-0.36759824085163273,0.7721564101494013,-0.13703300301145982,0.9988886089110091,-0.30251687161656793,2
0.7304534166126704,0.15459280500831032,0.26743041224356645,0.2863122218553429,0.6849860486574437,-0.0494761071628301,0.6311132871938168,0.8350095878060757,0.6548388415365018,0.607838973304693,1
0.43691216844261116,0.19429576535218085,0.22159526934151297,0.40701371021709903,0.09225782577008168,0.3453883980529383,0.42831730752811287,0.06297492543642189,0.773388504650793,1.0224457438140966,2
0.695538195382659,0.3637599741495166,0.6807481250690204,0.4030853481890019,0.6377131030902929,0.5691778548802863,0.5838329415598759,0.359487606449834,0.09241397434406458,0.1622190445500037,2
0.5036481031914443,0.772156991706964,0.27831830840649013,0.5086727478033537,0.746050625348241,0.1891259434109761,0.04157148940670419,0.16247236823484912,0.5004277266035128,0.895316848858353,1
1.0151209536055885,-0.009569160451762926,0.5456720834705173,0.5451376727417715,0.22582977094310358,0.39445225718126,0.24895902252015667,0.35597779681039804,0.28033424072748336,0.847630744199813,2
0.14593786617007892,0.6289752869262277,0.906763385498266,0.41932079473195427,0.2567443997487852,0.5634520573401148,-0.04813698380654696,0.435428924169489,1.0043672874988403,0.57488699305307,1
0.030309061707851283,0.23665629114951356,0.7228659492166959,0.01408050935851601,0.0507548611075468,0.253643432327489,0.13765953267126319,0.8883652050505423,0.47283285038247036,0.29214699961599994,1
0.6284436691747249,0.6884349286178056,0.7116331653782979,0.4331742762739151,0.6981023346010844,0.5748977747818097,0.8731711631285778,0.039778142759773545,0.19352969160536065,0.3100867352842532,3
0.5694279287278848,0.8616591037810385,0.3164777267479895,0.29162189392079924,0.7887337765691902,0.48516338420375055,0.2358287111319586,0.3726754469200426,0.031581212328529104,0.18214619299191376,2
0.585648484547642,0.8602093391508999,-0.02685872607889049,0.04269705929914523,0.39807712535270434,0.3306861357768506,0.169221272848664,0.4326214795736817,0.15220135459759665,0.943119243183983,1
0.1736885397455295,0.6286780150744931,0.8567303934403633,0.7779334434147269,0.315435292235223,0.394040737018011,0.0330519324715437,0.5334446751973267,-0.11686533306648256,-0.09817571235917363,0
1.231805737852008,0.5394425994037909,0.9595802945964343,0.18160759575842098,0.451869389452784,0.503856627746383,1.0012231830738796,0.4047704565015158,0.7887105505054495,0.9986800045104078,1
0.8784505867123883,0.7143829116861825,0.11451322658775771,0.8113381750408821,0.3501432771908013,0.9589837752194367,0.69306757340895,0.13906015523736323,0.8200862802337677,0.3374892159342703,1
0.6935277666775657,0.71889518294277,0.4991546443498631,0.5982689517506434,0.24202664628670226,0.9629700233749673,0.4336510871980541,0.8409663342396116,0.1657637021065595,0.420708752350928,1
0.770480516039154,0.4038993097294672,0.8711186460897153,0.7260107398220432,0.5263687726182362,0.602410470760869,0.0722213604720374,0.6923003544178865,0.8621514199853838,0.401628793247791,3
0.3296449343056242,0.8727471853435059,0.9810114084423567,0.591567021667118,0.049023062231447485,0.23590624298146826,0.23051927894122962,0.7751841328939486,0.09292021253639636,0.2834214106027551,2
0.7280062373891593,1.0751928137883662,0.2403499552115603,0.13112930464233205,0.6675057166620434,0.10177062403101847,0.21727774003663086,0.3548243632320369,0.5343725990538352,0.0755105458930344,2
0.46356527133890013,0.8114466117628032,0.14955090242344754,0.1304445849939857,-0.030254926866607412,0.9534674372346903,0.74741703097605,0.4143375475863168,0.9267120034993026,0.9702330124144957,3
0.6475910432206493,0.9583624816225973,0.2054931219223003,0.176440712190781,0.7698656073785851,0.08450807384942953,0.18181238662857283,0.3693480808887829,0.529091686812105,0.033536770408928364,2
0.7928801476791918,0.42942424106514415,0.8457370926307233,0.7462418228536271,0.5136271538909342,0.5903630441121773,0.07268316434985658,0.6698616304658326,0.8742935296805292,0.3757731582689789,3
0.3476395772162913,0.2680463516307343,1.0120108535902779,0.42323124585922944,0.6239664990130166,0.9108733555225247,0.3488658259711568,0.8841800914941633,1.0702547079903038,0.32704905179036436,1
0.042371484809516476,0.05585987569133271,0.42390675708606773,0.7023503917619544,0.4327695424816236,0.6243410170395309,0.5794308250179468,0.4261103731990213,0.9311079084309507,0.9114470314618152,0
0.7792258436762025,0.48986502211590993,0.7388313648193,0.12649902848222175,0.04510013538743894,0.8758640471852359,0.906315722681265,0.6828708895960754,0.4671256339848078,0.714824723707876,1
0.10008265114861686,0.4232262015322724,-0.03854475482965039,1.236557964358998,0.25892240946702416,0.8782921104402744,1.182514527310882,0.8658606119318344,0.4852256001265833,0.5672890588348598,1
0.8803350625294122,0.5653499349769677,0.29913654753887253,0.7343635241325229,0.7876722418910923,0.7549772473150833,0.6871494730257292,0.10063958338617046,0.77085077149091,0.9175272255098559,3
0.6352910212010106,0.8407969172946737,0.24118825356035906,0.6986738976726435,0.2884835032212123,0.8987668392555984,0.6895559512997307,0.2504893571208917,0.6844180119713376,0.5764642136796403,1
0.09812253995635145,0.13848060422403816,0.762547461298709,0.31999865608367317,0.11208005478316649,0.23975766922052444,0.6863633602219706,0.43577881657803663,0.35828333520091843,0.4036659861434986,1
0.7240097554172386,0.3073140539414055,0.0019599940010303074,0.5844945588559132,0.2258371089946454,0.7853230060435468,0.6675649478009105,0.8897374699529221,0.594922191471411,0.11866061713261804,2
0.8722242693800014,0.5829237291300153,0.30026408914542907,0.7736271560892795,0.7636742491963795,0.7189292306509184,0.7016117830229672,0.10815780980407995,0.7790266410870363,0.8924545017544122,3
1.0493989538660762,0.16274878551013994,0.434629602810031,0.25427248043259315,-0.05948531441637531,-0.035786295646816194,0.3996031401606529,0.765570250760129,-0.024217509992806682,0.4894934468529554,1
0.22191779342351112,0.9056154832179493,0.07083341058959483,0.43946364977512425,0.6533956065268451,0.7328149808447746,0.9687583497263274,0.24683789776998885,0.7286058750367131,0.7454085490521025,2
0.4390730257150383,0.6473022615510841,0.7511415407541657,0.5462130544469688,0.23763094282404823,0.5875419157912591,0.18572324945632562,0.7315949177460315,0.5318777001694361,0.14334033945123495,0
0.8101136216503857,0.602837677579006,0.2781590843269374,0.6327629266068637,0.7772254492533294,0.7766597653676398,0.8180907741323435,0.1558030965126884,0.6755424404823565,0.9473035430431849,3
1.0779293348039307,0.8425264163284638,-0.0782733940981098,1.292441617048316,0.006427275592022164,1.004947721510909,0.6614148219098903,0.08658622630103385,1.403301310882241,0.05583676065195245,2
-0.014638508860537969,0.4655754067229362,0.8464174821078145,0.16653598673709363,0.7098329836403086,0.02513145078840251,0.2939224663175257,0.9792894636980823,0.052035792621100196,0.8955996074949584,0
0.08234234420796782,0.7917646100718093,0.35833989172713393,0.4771843800170929,0.9190309016614276,0.5125013721377829,0.9051483219802685,0.6891928146212013,0.672609529527473,-0.0008124210196122778,3
0.5644439971550177,0.3044146890217029,0.17522541145304163,0.31384907294508113,0.5684905835961644,0.0060082691333583245,0.530813024917564,0.7224716243969295,0.599056834093976,0.5974269054941944,1
0.052645241066363244,0.2898024373257414,0.15773068829777032,0.3661552164049717,1.3803281335767577,1.0095490083337317,0.3665066687188884,0.34510075231246934,0.6802377441248706,-0.276252863281773,3
0.3322401422126547,-0.13976788959854444,0.36876816125260414,0.4927850397241478,0.6040130270022681,0.6560169662227783,0.6747786725514894,0.6577144089930078,1.0807466106252706,0.8862053021422018,0
0.5161024297194587,1.2491896886448175,0.2595960793597943,-0.26514702402935875,0.10082535691047154,0.3904808229989634,0.17289833665106313,0.5116783662793994,1.2350400940085213,0.8870074626748532,3
0.21083292268623371,0.35280136554248454,0.9217111184572508,0.5545758114725516,0.49787300337717777,0.6399428536738307,0.11448143782068715,0.594865727448471,0.9244871071926626,0.4277185809116774,1
0.7505183855159142,0.13369111511371093,0.3054844448727122,0.40138847115248893,0.3800138759606339,0.12862690015007477,-0.1835301063724168,0.27453181763056067,0.7009926800398671,0.3857660433904898,2
0.3117017676236691,1.137495446130864,0.34414328611099704,0.048027033004236594,0.7098235640485526,0.21297806190430582,0.21487372952256678,0.2550239928961841,0.44233502541117653,0.19670729987131322,2
0.06019902725270771,0.18387254700086988,0.37499944634118587,0.7550893288429549,0.4919346214566546,0.7959007352247287,0.8253299303373414,0.3429669268707195,0.7059176012235614,0.45618136132114717,1
1.0295159859892289,0.2170774708762926,0.3746741624856742,0.21468799356806945,0.47718415190828034,0.7507286534446076,0.7550761875669352,0.13744666520230664,0.1975658906172106,0.1366554065431524,2
0.5570956480561305,0.645776282150149,0.8006477840977628,0.5000799511268086,0.6400555329664053,0.6740312189500568,0.7706078949132632,0.053602454433905836,0.2196787251947116,0.43282806762025217,3
0.8277515673666687,-0.2160795437373904,0.2873722937892473,1.3048668121001743,1.0202930605163731,1.2153726158675875,0.7246719207781713,0.06293108059731872,0.7536521150268571,1.3235812532237965,2
0.8949280924706488,0.5456351970105059,0.2963641030792076,0.7497968423015738,0.7916060537803324,0.7634298244712111,0.6794054976117485,0.11878649194900678,0.7851463415124955,0.9174015319636438,3
0.8647229264834242,0.6196938851545121,0.6530952287874165,0.5264722361311162,-0.14084587074831517,0.5789815234135345,-0.15396744305070037,0.37168554911331236,0.1566700947759958,1.0136025044510077,3
1.1560480542767952,0.2875865479696278,0.5255622510616149,0.0778505939357268,0.175473784335727,0.11257398624573571,0.6584821719121586,0.7150241507213323,-0.045647326452985235,0.5557478570944495,1
1.0875262090343238,0.8516887658844606,0.3690228885794319,0.09620179627841383,0.7324786404961852,0.8750958394394055,0.7187931746160007,0.05089855942780659,0.28098914156947236,0.9282648911643764,3
0.1567315101260201,0.20007348761006907,0.2373271520502378,0.6103256534583539,0.7357662829731757,0.3676474453302725,0.5661309962513398,0.5554087522767253,0.7791005793516192,0.6808237740493251,0
0.2613454847716813,0.1580981321253489,0.18054897808570192,0.1362963905715007,0.7068456306528582,0.2661016135514425,0.47576290092893275,0.32629049435874197,0.18460472232553338,0.12242290272619766,2
1.0832389842412808,0.4945860811536878,0.4766199734892093,0.7446960228325501,0.173054952442482,0.6512454006872075,0.6803418036487607,0.5658477067177045,1.038621373224547,0.3361224404820572,2
0.0941802126632047,0.8194032055268096,0.4644142817825777,0.4317103568948562,0.4965844810415059,0.7492676230774047,0.8977996096063938,0.5404649475163734,0.46389686877051156,0.9628971984983318,1
0.5342146703485718,0.2843722599594032,0.2939951590634493,1.010126305235409,0.15894353442338863,0.3522792469572412,0.42061171805981784,0.6256405904205491,0.726751290662653,0.14602928843304802,2
0.8954239437397744,1.057342609901891,0.7445627343965984,0.027052708013943355,0.07465218835702227,1.0648564492207613,1.2208705896708738,0.21152222848231844,0.25821514550817115,1.2963046654742745,1
1.0339907407186815,0.8857237781233815,0.3187455819796597,0.08954866450506845,0.69009839978582,0.9454118666133878,0.7616567939900152,0.16354409969266598,0.29528724441402865,0.8927435622446346,3
0.11549028925920313,0.3569929725460373,0.2276077844571187,0.09509720670905697,0.46016383487374213,0.3025828146574287,0.12780497874072844,0.3139907679107063,0.9630610999521079,0.7517528681064705,2
0.18609782299490651,0.5297127162521346,0.43231097819985614,0.013769355445279921,0.9481906960608357,0.716595321787368,0.5159783915900593,0.5678515495496264,0.4618645155935021,0.10519973803069214,3
0.765997202673111,1.1089535170163165,1.0429875289682915,0.07724803231026584,0.6853824745412307,0.33857961587203045,0.1378823935174538,0.6219110263610311,0.7948436974743907,0.7442376628844589,1
0.3261762148242266,0.8822803665679295,0.9764199094967544,0.5906174332393527,0.06728728200943511,0.22123924555574878,0.22894573062440973,0.7814110546834642,0.09173497464696746,0.30233251209578976,2
0.7120047755553542,0.2277089540064748,0.6314215682720099,0.4691961214409801,0.6023320059079473,0.4795127401888949,0.48067887286484623,0.5254415762287055,0.17746352454983044,0.10573159958277846,2
0.8757589255181571,0.2646254416995361,0.5462592135913484,0.5236205851699456,0.39425522187193296,0.22519075387065693,0.0587249982370063,0.40456988210098954,0.3862298989790132,0.6075889573491491,2
0.6738914741383314,1.2338507299716253,0.8738143519579025,0.9659634451162619,0.4370854543373735,0.7860313120080151,0.15265362989082812,1.0837855142786204,-0.16857809150869674,0.8883195079739445,3
0.6288812402139885,0.8636668628062438,-0.022775132371921622,0.08195574897090938,0.35944999119489407,0.28964262703818633,0.14542828761088364,0.5115103812299164,0.10678441392294631,0.9226097728717714,1
0.19836821966735732,0.5381254474264989,0.18219881708722016,0.9125337558283783,0.2520595392335059,0.3522143446208444,0.34541654426740154,-0.05294733528883938,0.7967776411333568,0.2963691618715507,2
0.6102162220391812,0.00011486918332748175,0.32185083089218036,1.1092996612669337,0.14007084654700563,0.061990185875905435,0.437497871660131,0.003176832934267848,0.2581292288553506,1.1914622001813417,2
0.9275785654719373,0.41951766419347397,0.15138144666320855,0.8446839336007178,0.8698330015258253,0.6010140929227606,0.6528888105714732,0.16334216271195037,0.617400485776398,1.064128800912147,3
0.4296006887733195,-0.008571904907515443,-0.024910161432459055,0.4530094623529348,0.3930610742951635,-0.06221667965633468,0.7769284375639932,0.5177760891638409,0.3578384278629788,0.764142550318637,1
0.5932571685661173,0.8879675746967005,0.027147152477704797,0.0803117009715604,0.40623423756021043,0.3471718329523861,0.12401005913521013,0.49344423773186435,0.11801395173466975,0.9284293886624403,1
0.06182409967283061,0.11146778867444604,0.2523834209272049,0.759330126864612,0.5282213013925803,0.7623495276632866,0.9327458034828318,0.28353078403076387,0.6010591237578897,0.484145328854549,1
0.48113718528145377,0.7909265894405043,0.31887215264343827,0.5464581914163655,0.7560072611815919,0.20455813991460006,-0.00614535814620551,0.1804850854497721,0.5427247864610133,0.8997776061658467,1
0.7279322182614207,0.39604781691152613,0.8319319417928099,0.7035141668487012,0.5110038631914571,0.6547009245465587,0.0566388745262382,0.7426187317093838,0.888066718501069,0.34666864268410597,3
1.000577687885913,0.6680072278289153,-0.1425156417747382,0.5998778386335709,0.42522542188566015,0.9355664343847911,0.6665450402002034,0.3239460586875935,1.0188983757167647,0.5274122552084757,1
0.8618598297273573,0.6966183803675519,0.12472594815832129,0.8041844988337926,0.39636127014087297,0.9457152418451528,0.6940519612938629,0.14660233913022053,0.8236350039295411,0.3295989607084927,1
0.30175050207009835,0.40381016872712416,0.5855034904383516,1.101188837682673,0.6195806812727165,0.710146464763425,0.5620214107314102,0.16340609082231383,0.931252317226771,0.4429408601808356,1
0.8259441905234327,0.6999104403605483,0.07816134472193537,0.7517231670403705,0.43139907040697745,0.9468389591078646,0.7018784529228399,0.11546696013593288,0.7911135153970734,0.3416741030903709,1
0.6557226083321263,0.8537142933773975,0.21148164929680363,0.1888148775608105,0.6281036276120247,-0.0027015114146772753,0.2007750772182772,0.36447961867352646,0.5859592067127466,-0.08778518459274572,2
0.4570533244500775,0.19970739110439004,0.6959508527282829,0.7812992329221033,0.14547952219659205,0.7976090524092807,0.0041075447252316155,0.4834032070495129,0.7794123077325591,0.22257950617898825,1
1.1770064451911595,1.0856635286521128,-0.16357545169497512,0.4556791609857716,0.2519129919283537,0.7479144825613259,0.5768744419868608,0.05171533043348135,1.102531775460398,0.5178112905535956,1
0.7524153701077227,0.12283945645988201,0.5749578456679694,0.6025103770171075,0.4838433959232886,0.2230831778656959,0.12882593369183964,0.4659317209001456,0.3801811899996933,0.609105005806248,2
0.9333342560333802,0.8661647272629378,0.503197124135306,0.22297765290206376,0.6868165422138035,1.7291118121305469,1.0631375797544307,0.5620510396619478,1.4655217900361286,1.7574160088234998,1
-0.027104114025733733,0.25754011555308975,0.244700701452143,0.7678334298658986,0.5004064434908844,0.7882085590555756,0.8876118556225305,0.2843639329076523,0.7027716072584362,0.5652435572889103,1
0.4601871724071245,0.035710942758689954,0.1306722978128867,0.898722314378672,0.5361947522422736,0.6844921248146383,0.9015635525225004,0.9977675092637924,0.36293008441158026,0.8775805995444518,1
0.7548943870456551,0.5942951606873359,0.21407924559329344,0.7901664275552701,0.7442649148942755,0.6548127036895044,0.5728358722219564,-0.004241043753074561,0.6874872261323925,0.8144474721273837,3
0.9483794270974623,0.524780901268566,0.2821496211570479,0.8528643697215346,0.3226003980289006,0.7279784900731836,0.8468783757365913,0.46360571900329506,0.9653579478683785,0.29236358822342395,2
-0.12984645363129932,0.4962435024621378,1.1370757683022834,0.004634167977327394,1.404790701100135,-0.1993595046612181,1.3015737009262272,0.3047744105949036,0.7295160212308195,0.1407301845675487,0
0.8171615128171766,0.5410468663624863,0.36346227309481494,0.994806975559757,-0.042728825901931694,0.5753367571368175,0.6843630572556008,0.43420904173018765,0.7960567029442757,0.03705421595470185,2
0.048359514868145256,0.8083223057295233,0.31697507385905993,0.5248134792491612,0.9374755482853548,0.5956120812961393,0.947591164600811,0.6547823216401153,0.6423495140883089,0.07051785197773502,3
1.1523467547090194,0.4743355581862754,0.46870426270710086,-0.08925804268742366,1.228070626395934,0.19861570838895853,1.1302492661094572,1.0255194779510837,0.6378661349058633,0.6740995369416486,2
0.46846361803352393,0.06352048434282666,0.11365984957825057,0.8953749170514962,0.5112853761655582,0.7343914430652585,0.88874587455571,0.9682882458331921,0.3619085088556665,0.8631833749705201,1
0.12922051338113616,1.0683183335753161,0.008862109778612438,0.27808908562967394,0.7699716696300378,0.5644223031686179,1.2185427218593892,0.07947752605989672,0.650854528067476,0.5937036430856244,2
-0.007806103891160682,0.5767289023706061,0.2976261295551438,0.2873536461010142,0.3162731949825046,0.9547854637674866,1.1073387287291032,0.4693421979042947,0.23521547853023272,1.1061166897948602,1
0.6934227921289241,0.8072320820657801,0.00741997550647247,0.879382766688549,0.6312565086794308,1.010477833887052,0.5553657472755604,0.4770210615913338,0.017159234440596714,0.2608266421739469,1
0.03241798946954653,0.2308062197260582,0.6995912284393953,0.007358854198945669,0.04854026106052406,0.29392240525042884,0.12445073726933653,0.8589644891160824,0.4744949160088903,0.29945172186681995,1
0.1086095959817441,0.9187510743905889,0.4064020305909212,0.4858029274683918,0.5105984886893757,0.7408091976817498,0.8863958430169999,0.5260192943241702,0.49020305494053623,0.8943149588194018,1
-0.33355164997327647,0.3108727239685933,0.5641547675601448,0.394518584071505,-0.44606217676228177,0.8374730532475363,0.22057447798649965,0.72115278222346,0.8596232568376851,1.450343733886543,3
0.3061614120344285,0.9752640350127542,-0.04705070279840311,0.36158660784462854,0.6257855986273702,0.8705925048885627,0.9247515816936075,0.20623510146294982,0.6898344818033828,0.6559140213009944,2
1.0489353321579415,0.8007966467527922,0.17729955147241594,1.0690705719546734,0.37686406124041566,1.0024587820955522,0.7990331944935531,0.15820715643893515,0.8678219868526926,0.43238291875413576,1
0.6712751803300318,0.6770062746710939,0.7598666391935509,0.4412618786295778,0.6586573890943058,0.6343805151062846,0.8794553864331955,0.06074433857988482,0.1976138996507653,0.3027317108250103,3
0.5885112951212129,1.11944370892065,0.36524275085805447,0.2764846741863527,0.6178435397274853,-0.16684962526052277,0.45880933114365996,0.2768163757187476,0.54321600791059,-0.04625134060442877,2
0.9716525537364485,0.5450329733260304,0.7175250264044181,0.044028790224291,0.5298800288455747,0.6359251536819588,0.3970880187042628,0.160880140766649,0.8266793631731448,0.9239012900159425,3
0.6275154610303152,0.9427068925492603,0.32538551311846237,0.0803246926284151,0.6988944807644321,-0.08267925995031314,0.29031087321164306,0.5468181448502866,0.5376307918499259,0.1857233161388477,2
0.04714917809202137,0.11535486415323677,0.7671106740258613,0.2992286905678698,0.07463211120311478,0.2739130786637105,0.6459076087753992,0.40326623655029614,0.30479159842802217,0.4552629531633192,1
0.13413258771409112,-0.09845561804674569,0.2894984631484422,0.7137124299776808,0.4410037210957349,0.7443853578011494,0.47720580819641206,0.314689292545371,0.7042225449336555,0.9743336141124651,0
0.2685427761018825,0.42681927328759,1.0142544844380161,0.6689289126550788,0.3711048644151163,0.7133519255690983,0.13807946323401227,0.6564565672095086,0.9426727795377876,0.3960570331362833,1
0.21536254925083398,0.48542874301990674,0.21495165641311192,-0.019157361785076515,0.3852522736537878,0.1892326506809311,0.1264869871560923,0.4047472385044609,0.9812217365245473,0.7902922556197854,2
0.8326489731687234,0.024665647250172118,0.19565140554393803,0.014694459538251436,0.14672973369427988,-0.14319326688985773,0.3367627259785935,0.5880000079172879,-0.11741669004563207,0.32980138433227957,1
0.08120140998758653,0.9028165775645824,0.45866001848121424,0.5265058774603172,0.5056142224726888,0.7551365702575679,0.890554664257596,0.5576311437027255,0.43457252262964713,0.8702652220835648,1
0.7792118811105824,0.49728314252363315,0.7906364601906453,0.10391172693693948,0.37105393377299767,0.9135167694420295,1.1320556022713189,0.6327758507085495,0.4407028482464347,0.8170227602222698,1
0.06957377799507664,0.32427315282187985,0.38456136437157995,0.367194528342639,0.22275443071863824,0.20417197015230348,0.08891099208962797,1.0873035440989895,0.7164077172152208,0.1403729932117736,0
0.06654366158962927,0.22919759196703032,0.25524833663243557,0.1410993913741993,0.2830438268899768,0.36138906574079677,0.017244489913469954,0.22729698263192696,0.7548363820966182,0.7358115126383288,2
0.3577443768238515,0.8804642413491882,0.8974611705654952,0.18249206866435216,0.8856741467415056,0.4035501718782545,0.707248051056279,0.7618780459783546,0.49901720694403495,0.7829393871033509,1
0.5645330476857803,0.8701221392673999,0.15679408065438952,0.10173035963009881,0.7853458022165881,0.006029875628333382,0.23190343446643125,0.34415741969382946,0.5371248443176193,-0.028256080068308993,2
0.07958135457278459,0.46642956366770505,0.5481913076117145,-0.019931855211749172,0.9612935926960201,0.7997964892780057,0.5826827238563932,0.4403097496608768,0.4204554480286879,-0.030848105526990813,3
0.08358583435650016,1.1838414105015334,-0.07337759882247671,0.3073017995887104,0.6715384880920362,0.6111200991826083,0.762672595896394,0.27138094884526026,0.842959278077078,0.5574840287090352,2
0.619437280411475,0.697543004735218,0.6848763054206443,0.5261283389213043,0.6736388160726234,0.5890201310358882,0.932234110034703,-0.006652123533536475,0.12016252168656409,0.4048612082737738,3
0.5700879363440889,0.544956992484556,0.3607294039307483,0.6208882141004172,0.5359727975766504,0.33218370060000335,0.9249464789320716,1.1040964427861117,0.45983995132995387,0.35479801795076255,1
0.9926776429128706,0.4654002246473376,0.3043292622196718,0.8748445282099627,0.3768862482559852,0.771705518715462,0.9221949292275858,0.507805682909366,0.9456479639922599,0.2276443256752695,2
0.6399786451020846,0.9036793533048538,0.5070194716459103,0.4365080851552269,0.3861029894930402,1.2335784990573562,0.3397523717207745,0.4334824074651568,0.35549596002278616,0.9249100768943098,3
0.6121899575031422,0.8982177657272519,0.01170638791905667,0.05479194016460451,0.37797057319317307,0.3192510847278916,0.13288994465519413,0.48777004585170564,0.1403071076846316,0.911809532042426,1
0.6344004330443819,0.44479950720593475,0.10768642820461774,0.20885485938338408,0.48142297558707425,-0.17347078663517426,0.8056807425204116,0.940475032661135,0.3987836058220372,0.6008995466307595,1
0.14559896228681965,0.7375657010489473,0.8151403048125176,0.6638363692076262,0.0813213239085543,0.6892822510157599,0.8298014715548272,0.6272957351332331,0.807944089405079,0.5621011716633482,3
0.4856855138908296,0.5951915318316227,1.1839954673875097,0.026891146307621183,0.8922497485158868,1.3363582803083611,0.5704834825587115,0.46038935066913267,0.6344699435451778,-0.22487304810770214,2
0.7539315094897406,0.41330237909539463,0.878735066107636,0.7242505492486102,0.5232145412226881,0.5884322857978369,0.08871007780564957,0.6777167905108978,0.8693728432753376,0.4147136962254696,3
0.06917287274903151,0.2273767657659389,0.3844138628401594,0.7236455033032119,0.4315767522370806,0.9160382213560121,0.9210821370264164,0.4341340289221139,0.7117247638955572,0.5316249766149319,1
0.17043851707865929,0.01833506117697007,0.07175098700658708,0.034066627150942434,0.7062589034060782,0.28915050419227567,0.4575536478413331,0.44255404647347457,0.21932639345532357,0.1910274982519792,2
0.6136034701472368,0.6241100029765125,0.5733454475550521,0.4411847365240821,0.043962507755259284,0.7951583541139917,0.20370269299288635,0.08596237289860906,0.28958062041923927,0.8211825294495373,3
0.4659017895019399,0.49757265176917015,0.9454334850253108,0.446842353913871,0.37074112708088514,0.3358797077744833,0.37588015676727415,0.5257562649079776,0.7077029523412393,0.3173080801938092,0
0.8981994128277072,0.5773082375969179,0.3506211178526369,0.7699892816491238,0.7734464667464329,0.7390093854098283,0.6725796449055131,0.0913117739928977,0.7451804066712889,0.9282897104089748,3
0.8686522612649694,0.6048341562303607,0.05843199870448337,0.011573311004966308,0.5483956559464854,0.18608867342690877,-0.03371569069375996,0.5341578762766181,-0.16754027092414017,0.2677882176634573,2
0.8247391589081594,0.5037245504724566,0.1662947478480262,1.015038398852903,0.45523906664949443,0.5971193081505685,0.7974089680001905,0.51642413640134,0.9550105144254853,0.43702499645863047,2
0.10110887056245299,0.10361856805879749,0.3063319839852015,0.7069704890052153,0.4884009399235084,0.5804921951773058,0.5921175677616064,0.39717263537565,0.9247244434020182,0.8167207177027206,0
0.3259174276455053,0.9567142769620867,0.035730573156048884,0.4531579344750359,0.6804780213709023,0.803172129387372,0.8646027886156071,0.26895241298759115,0.7363733927872735,0.7945270501968881,2
0.47326758532302193,0.11010764198828724,0.6629547521799438,0.34217939321566,0.4873377502548909,0.6638333977437965,0.8089458632289368,0.48027855595125846,0.9050054582809944,0.9093607171529301,0
0.437859722466017,0.42880060285169436,0.24084544928683935,0.3407933085293079,0.5573401291758022,0.04370387930337743,0.7302467097125249,0.8678421754448472,0.7657039331127685,0.4921176566857725,1
0.4648313387091131,0.24628401405422043,-0.1345902241085314,1.0414396812602855,-0.08764318831125617,0.720573787814536,-0.08922614259110828,-0.014505979511126518,0.7486921907044101,0.44334519513385157,2
0.8561317512011393,0.08033761935232214,0.4274250414049447,0.5050803361783709,0.5361153600081543,0.6607004171854456,1.0249096738392218,0.19543133271537108,0.5965206254489572,0.6506303063274221,2
1.0309274433246354,1.1927235248301082,0.439893016614943,0.9296632191423625,0.2804091972698609,0.9338876300740366,0.09068852395751649,0.6053446566932437,0.2113294563737026,0.48279130345657306,3
0.06124301908507612,-0.13396141990334626,0.4163919496284933,0.5335172769629974,0.9494700845166308,-0.14871803330100825,0.9977784615564015,0.9465774098560162,0.3715803141595365,0.2443155319965704,2
1.372848362075088,0.7876779647503506,-0.05875875688267329,-0.19708810068182997,0.08100879303357213,0.4420926315518727,0.6636688263094892,0.61711851352194,1.0755149159495752,1.1810825793948796,1
0.8728417091777462,0.4162543748070004,0.9809383854166442,0.5432169680489037,-0.05058439892494193,0.3529290588362844,0.5770750375194672,0.11611386171548521,0.660985313632442,0.17052290419489058,2
-0.1209554509939405,-0.1597919090922288,-0.11496213399748803,0.029058853431701906,0.942064272108871,0.47338875564525784,0.6823291388501286,0.8145895208587441,-0.031804035853549684,-0.15889217539215533,2
0.067115366622341,0.11084733346583284,0.7880279693325446,0.27679777811625683,0.013040988845376078,0.2962941371600708,0.5881713917275172,0.4303013082838424,0.25546217992517467,0.47168762219713767,1
0.8491965935841965,0.553596530427483,0.3346976775407004,0.7067219077371596,0.7934097463546191,0.7177094588352702,0.7250968249242943,0.09640945950085368,0.8131742556221904,0.939515165446305,3
0.711723882667884,0.17598421573532452,0.7444425917157536,1.0346839896066,-0.3414860230486068,1.5779013309359615,0.8721736869755671,0.11773614953831493,-0.17450006035147886,0.012731693646484965,3
0.6729021274057078,0.4688604688103838,0.21175514657002864,0.7755351793540121,0.019515725614442925,-0.0626274422935083,1.560719636753245,0.7718652768226251,0.8216104592086262,0.2978302388628755,1
0.4808773199126386,0.9851674619810145,0.015524276560740125,0.29871022380082785,-0.1412459575553478,0.8353957772588636,0.5114541307902234,-0.09113557013866525,0.12728555896596055,0.27207631487074474,3
0.843489642793696,0.5798481509072835,0.7181545313645391,0.24800682219028578,0.14668337186621824,0.8113955128954885,0.9734711589667111,0.6733170778410266,0.39866110562830226,0.758671766486999,1
0.5819439933383891,0.2272798237472121,0.44976464265987276,0.887960736033241,0.3867873945272421,0.226045573649095,0.5851277775287763,0.4928226354448354,0.7283078431974614,0.369442449009612,2
0.9996246705525418,0.026474542166479986,0.1791305195759738,0.2762827664769866,0.9048206920226165,0.5889900268882322,-0.3671350726370251,0.5237987066713871,0.1875168503969462,0.5093917031622178,2
0.44595793818394147,0.74102110798811,0.3447298652065179,0.6088443208753739,0.7596014953366521,0.08369030830147287,0.033278020183033684,0.31418829011105787,0.550236567155885,0.9123800218848963,1
0.6461256709398262,0.8940892244414311,-0.021145786660647932,0.10058327659857168,0.35906149750274857,0.2946795470032164,0.15348788832143537,0.5124123226995967,0.16323890388794354,0.9048321611631033,1
0.8094328058739472,0.7799969335377348,0.014872898686339564,1.3718669061305024,0.39099612918179627,0.07628606408164024,0.8807146847528984,0.8988900309182702,1.2041678808661458,0.6328485707529665,2
0.04974436130556735,0.17072015832039458,0.3257309844853052,0.7218715887279983,0.4468606964216104,0.8660365303289856,0.8845472133089453,0.37725603306126637,0.6491964682574022,0.4670773939785134,1
0.6272007683461573,0.8971668447645376,0.0256234028011902,0.07308368629250869,0.38919051969184915,0.3082443234115638,0.15767840803398916,0.4756756340639072,0.11790481505985073,0.9172026953298903,1
0.5205949379872588,0.5816055938948425,0.4101140322068368,0.655084173754816,0.3980521127589507,0.6241032672920018,0.6016868840801567,0.21230737723610832,0.9581557529633279,0.42975123690374156,2
0.9457428817347704,0.6668137719511118,0.8368362388369596,0.07012099491840534,0.46315848891402095,0.6109765992503454,0.35657709244819263,0.1970555442832229,0.7766992910292292,1.055491903534126,3
-0.025836006650646656,-0.12815109251660814,0.1035154728078505,0.8456656470597843,0.6492548451091379,0.5745169589416126,0.4861778619602283,0.3025732195218538,0.7476082496876393,0.8032229052524426,0
0.9431601784181944,0.7372093980169532,0.0677018046581232,0.7772101366615534,0.35775010574870064,0.9511063948263403,0.6758980036738517,0.21900354967945926,0.7496635942409366,0.2763317108682493,1
0.6900091225852519,0.6887118206092202,0.829632181801136,0.6451386213014325,0.6054666007629258,0.7669022075005792,0.9369102076773769,0.2811569784323828,0.33152996052521677,0.4446404953986389,3
1.0387517353098805,0.6147521802538791,0.6500180729206965,0.30785082353443577,0.50859891232466,0.2771230482230489,0.5175674315296942,0.2831524521039447,-0.14433346907484634,0.5169668251199828,2
0.0727706033000726,0.20336606670510388,0.2943675605725922,0.6809153209879416,0.47262192026996747,0.7596109682175104,0.9144418817711941,0.28369681879750974,0.6873109216327378,0.49286686076516184,1
0.34847683113681593,0.7418254457988567,0.8400561562657015,0.603433580021443,0.16974556060055365,0.4889502215960607,0.09254393677570702,0.6898835132718405,0.48353134068670195,0.15963032059079596,0
0.6047114750548551,0.876762034355883,-0.013162191424873553,0.08685572414657129,0.3983586700981799,0.33927810501679834,0.16496709856757885,0.46805781008901165,0.13071524846772767,0.9160222686148347,1
0.4700260169452831,0.7088107342954633,0.7056436056093298,0.3681929875902323,0.15535959556475556,0.3860535679768681,0.015898658052736298,0.6166908493905111,0.6300209023415115,0.2742968082707905,0
0.562976644057775,1.1967317315768262,0.20737359070924,0.15540301539605128,0.8598668830480067,-0.10563225968639167,0.19072285930642596,0.5162814944750842,0.4459479821776894,0.718381095190629,1
0.08346487835064234,0.11417509537620334,0.7854866675525861,0.3099283336351106,0.053997866253297944,0.23490927136936207,0.6415204085667571,0.4082166582876161,0.3194983851037845,0.48155698737627145,1
0.4382173423879534,0.14691712194135476,0.4397607691330064,0.21840962639658812,0.8778829247286579,0.08856251559506631,0.8538714756099846,0.5321049944260398,0.35541437836621936,0.7459802169316866,1
0.4907352897387359,0.13238814073459307,0.4996373157279928,1.105492281286001,0.12699271117528077,0.4452327418399956,0.5570752366480379,0.6528521558534992,0.8549453420480776,0.13766175011765608,2
0.030114062932069283,0.2375359698928925,0.6983225893959581,0.01639438804727086,0.04415962633205135,0.2802937823345391,0.1308800372947758,0.8692406368430238,0.4647460015141994,0.2951150111207889,1
0.1585888978601229,0.8758887070935264,0.34190106421675837,0.455269426308696,0.5518973880002334,0.7604020243802921,0.9031650740092524,0.5962521451653293,0.46557694315846904,1.0022069754726919,1
0.5265911724015441,0.2670787520883021,0.5227238814515947,0.7214722772646974,0.21951134887235643,0.5408843180845988,0.6307338927218343,0.2604886435712324,1.0989853690911482,0.04868787560665061,2
0.7379217255103248,0.49867557122703715,0.6362963728606658,0.10416532815896007,0.30841528438002597,0.7048071911206574,0.8608285619003717,0.8092327328464763,0.335832948384537,0.7937477006042405,1
0.36985543215526673,0.367384557924446,1.0751451766702262,0.718111602986496,0.33027940165955544,0.6892450990782935,0.20447696163799775,0.6574627821569476,0.8687616360857098,0.44073351415814144,1
1.0523015288574684,0.05775699300602504,0.5684885930516387,0.7574727513538664,0.40686348107722786,0.536031212134292,0.3973916918110033,0.19082575980449354,-0.05524578229945776,0.509682080246834,2
0.5796561101448078,-0.03221127631307803,0.1477382681063658,0.8980937619711996,0.6893050606398606,0.8507447490070194,0.7816062714333222,0.8452561431892855,0.28231146348289304,0.7965706986906537,1
0.34409908466473427,0.31782949522890425,0.35352066449999336,0.518846626248826,0.984360404338507,-0.059065003801596405,0.5373340051572687,0.6268243938676983,-0.30320956752911965,-0.10055816984579363,2
0.6878205834119056,0.7292155783558225,0.7361807800664465,0.41603436087080625,0.6647531825454075,0.6234523325008039,0.941404366987534,0.14210065814953232,0.1095353283558441,0.39176503995958617,3
0.9040942638989214,0.534793581579746,0.34482364268198396,0.8622913598295984,0.33776254480702306,0.581740545596367,0.6895317724068628,0.552656291239003,0.8083388094494257,0.13704927857430413,2
1.413544454219171,0.39183509803125793,-0.059699257021964325,0.24966488500793074,0.1212318872634447,0.6899073844626065,1.1106274965280905,0.5266771780868595,0.30465158727150066,0.39481111237663297,1
0.7564173023934151,0.5562507269976495,0.1302397748374419,0.9052435693299542,0.22788960193922414,0.6699108486221498,0.9242306670797883,0.35579568510134624,1.179367453416994,0.4113323041150828,2
0.002116961062196325,0.09900510305196863,0.31582135508451303,0.6664857515531443,0.5215173331385716,0.8928447302965187,0.9058792088327317,0.45070618431342513,0.6528710792327799,0.4712078823287247,1
0.6139590374568589,0.9508656490075524,0.07290131845096104,0.025746246158184466,0.3136233775681756,0.33057251526209874,0.12188186098690572,0.47420366660098956,0.11178877631982906,0.9179170638813835,1
0.26321569017058377,0.40658962121311637,0.1633367997190724,0.922264932309719,0.16821237988079746,0.6537378706378089,0.5311850767009786,0.47457472529538597,0.08655346453164729,0.9246904937558905,0
0.03241721637756273,0.24964045086558817,0.7101066195775725,0.024139790069531677,0.04263463168442299,0.29112360201188947,0.13159595468310567,0.8705729694081293,0.46841745958709524,0.30312132863729335,1
0.0288331346299782,0.10831523953116626,0.7620272105621773,0.3009222381618418,0.0641889648630231,0.26178712756556705,0.6239570350558326,0.4075619514530003,0.2941523486790283,0.44618141568447617,1
0.6903321380444727,0.655095722149417,0.2773537044366393,0.38608400442755786,0.6149767850080372,0.607550363914973,0.13909234045184396,0.3950104044516935,-0.05518647352312314,0.12832351119003432,2
1.5094216672211909,-0.23077423291028432,0.4061066712001699,0.4295511159788562,-0.009024380571291131,0.0344593322590532,0.5770028469008915,-0.015854626641994884,0.5942688837683205,-0.0896829715826587,1
0.1576070996030049,-0.004189347693735357,0.7720823162771095,0.21764805524825354,1.004560061270272,-0.010698708714745542,1.0155367433829505,0.5398305711069914,-0.08806966127922486,0.28859141507036934,2
0.5973682788165745,0.895907857778967,0.010098421892528029,0.056747357703196534,0.3818861833221478,0.32590294805548237,0.133292474814256,0.4766541657651112,0.140110715494989,0.9256210591360824,1
0.7926356278267487,0.22446676301488933,0.18492125581779278,0.6375617243515368,0.8696182135977498,1.0524646150870647,0.6032220765571604,0.8739657553023993,0.638997627319495,0.6149115934506227,1
0.7772793900713394,0.4531594424648362,0.7972087611301584,0.3457847853293533,0.020380110541587143,0.8390671217444023,1.0354491256934109,0.7589658968589698,0.3875737275639532,0.790537623251327,1
0.6320066446686612,0.6291648812698644,0.8710182545867053,0.4144618808145485,1.2315904756137113,0.6336109151448354,0.8049967433582618,-0.09326059945519527,0.23098429178152344,0.1623434342318794,2
0.043763198445326626,0.08158911872007227,0.784856296626508,0.3361418677389031,0.03389013954485892,0.3044050164710111,0.6566530423371805,0.42297576343276466,0.2755552924698085,0.463815267200895,1
0.8598419576886994,0.5605146837352881,0.2871964858713345,0.7329643548930281,0.7964185219901558,0.742687621120747,0.6905187103793491,0.09656919938098377,0.7573939395186675,0.9465042286062573,3
0.5683721984057929,0.7470013613086073,0.15619665551238843,0.1268925191897664,0.6086741069299064,0.2568010800213555,0.0852472163130279,0.4828801694767001,0.14223561731912515,0.3177113623915987,2
0.7221367670387363,0.6292893400248978,0.37300857009361055,0.34146635904322875,0.7086719017555541,0.33950578794521974,0.12337160450404551,0.6405302917755178,0.12539266155040651,0.3432696521189948,2
0.24645084085441774,0.3446946450216196,0.07706569878314526,0.8566334283179033,0.010032464252616804,0.6455869949669326,0.5924336062923748,0.77129474208566,0.6035289945438007,-0.027558889070335095,0
0.9590286082566315,0.15034379894974464,-0.06392787488323337,1.0065343988074416,0.5526933370866997,0.24295156974339338,0.021350573811450335,0.722326736905846,0.12133724032290993,0.2546433252008691,0
0.36019777874275105,1.088611410231645,0.16715098887948468,0.49490416782385915,0.39817866855711465,0.07135926343495996,-0.05965009606228219,0.6370855688361537,0.22854813265633916,0.3214304335913309,2
0.6724234704725829,0.26474598628428037,0.2701226071325309,0.32919809797468935,0.6083438338195153,0.004417920387075735,0.5156072726284908,0.6985261006893277,0.514643796499292,0.5753418988022726,1
0.9230080044953939,0.6156991941020256,0.7793294687485715,0.0742511376209107,0.5516604381735897,0.6602986445440183,0.350947379254398,0.21288917767346294,0.8419815421417842,0.9743192684172318,3
0.8271484256401992,0.5926236758629956,0.2196064538090396,0.7795385076169811,0.8085302274486219,0.7708651539429889,0.6929213338150644,0.20387918570280972,0.8607659653329748,0.8445339767637178,3
0.31857876779459326,0.21235410602249263,-0.07159058451704037,0.3920441458887744,0.0680588744348897,0.3294698787385499,0.37230020785801,0.10612169345575956,0.8772509151771405,0.6608987723846533,2
0.5970593511811348,0.3974592172344869,0.8653906270129286,0.7353397057228169,0.45553507443659036,0.8991018415381511,0.469120396003995,0.36205240983651366,0.6811242701525725,0.24894043464666027,1
0.6990914989497516,0.10363907301528694,0.3325498771063657,0.45429484586695523,0.7536021459802675,0.03645193153774816,0.41268147045427145,0.8165232433169155,0.7493290241105832,0.6868056302813691,1
-0.09789753403558835,0.40760524455882036,0.3367477265067554,0.9506020621895892,0.397517191964448,0.23894634009972715,0.6878028814027418,0.3525625024366753,0.9155017931420162,0.8968762780939763,0
0.8584503258280882,0.5552032248840639,0.3262535910468699,0.7359120702316317,0.7894577745188428,0.7660793956956095,0.6793946766122911,0.09278516596504267,0.7719029993110642,0.92884250988857,3
1.1270627720604562,0.5087516180179306,0.3567446335573199,0.8648859540347053,0.39647036683931713,1.1328142285032894,0.5576959044859446,0.09246079410761786,0.8279125176249584,0.567366044270266,1
0.2122583331449376,0.39136346957321483,0.006335109701904351,0.788211410383936,-0.005806445672249879,0.6128791859467728,0.5900668416377055,0.7755263674184454,0.6507528424174592,0.05495372095713251,0
0.17031271204975854,-0.06271869082023979,0.1070670858395488,0.09017424673861514,0.6609956436373092,0.3174168943316323,0.4118847782616004,0.42245814347104144,0.15794186126286638,0.20552746184295745,2
0.04619077235585043,0.1212379306830152,0.444908548825045,0.7510644631414886,0.5427254234249198,0.7945724374046093,1.0309992378316226,0.25311253528858996,0.6118020808761262,0.5169084083712585,1
0.9179236519477059,0.9629626125215192,0.08805757006007113,1.0421293028589564,0.5572513080944894,1.2226996110737096,0.721805147617824,0.5087540359580653,-0.10286445483756432,0.48360222292027877,1
0.03678483558141424,0.24257141101612031,0.6944375157333783,0.02451847804851926,0.04712237563984951,0.28758147269736173,0.12371063501491052,0.8732705037710016,0.46029370256475466,0.28754072596366237,1
-0.05451398759155926,0.1764280411538815,0.32017502873596304,0.8201498460200995,0.4063671070332567,0.8097970335403104,0.9479710384056615,0.32547701175305155,0.7036640366433077,0.526017487712333,1
0.43766918003731414,0.5477854099425874,0.7212606410315204,0.45571322041150875,0.13335252514970947,0.5546616820174585,0.29633521652489525,0.803469181846007,0.548555836051313,0.16319128608733013,0
1.074867007412009,0.6580642558637677,0.9386608498010146,0.14946276512881668,0.28647402096683927,1.2085947215532313,1.3609725778382449,0.2889771394428254,0.6616228101730655,0.6996171850810018,1
0.021713106010668476,0.35898398899640444,0.3462334121031466,0.06540281965387043,0.4183501609233349,0.18246899279719794,0.017169969451657482,0.3461631857898804,0.7931846632257994,0.6770211635262112,2
0.26413016958758534,0.40488754579995095,0.42108954153805256,0.7405664553784014,0.17722554676767682,0.5097542804401032,0.5417167151941323,0.04179723840949886,1.0651333548970559,0.10933413710807105,2
-0.16092879011490835,-0.19494006441862474,0.04266907265717404,-0.07537752208060017,-0.08605410495064703,-0.2783760172459504,0.7114601823211263,-0.10613609932365364,0.29907224248558895,-0.02498489567545273,2
0.6101691495492108,0.3943312901371254,-0.24327476897216782,1.1193589049514578,0.8842569034367228,1.1483895692528734,0.8848624459023082,0.8225055221149502,1.4461135634076736,-0.1221090506041067,2
-0.42727998401166944,0.13090688857062,-0.19982831989928673,0.8896277296437284,1.089635364817329,0.2866192653152056,0.6994914512903225,1.4070872684291402,-0.9525279029056305,-1.0247406179862568,2
0.41975541867452926,0.7756840831336673,0.5292319979626511,-0.2038294632858592,0.4926577530745279,0.3056337807616868,0.22944292221810048,0.9608135115957397,0.11994329977809096,1.2224657299233272,0
0.5813939820118768,0.9019169074318525,0.23531604775642476,0.6230435070734288,0.8108670596540705,0.18274670395091847,-0.006659919931043503,0.2580810690366303,0.6517953839643568,1.0004070647857608,1
0.6904477181305141,0.746220078557738,0.804894066044748,0.4795243933591861,0.5933772902379952,0.6094475755079494,0.8967838816322008,0.020536458088547017,0.1725443647076332,0.3243443566773461,3
0.9873660265321034,1.0499764181583253,0.26844449985213636,0.719302600833422,0.7020465880518805,0.8610572614215576,0.4371328659029356,0.3757153865307914,0.20777550242685694,0.4519330579888109,1
0.00024463352672642047,0.8461970573545735,0.43583847815222354,0.6126101321911048,0.6484864840593498,0.6828793778448888,0.8235648114537558,0.612843676263271,0.3619230753191173,0.936315667666978,1
-0.032933161945028044,0.2319881765671744,0.8080469247673859,0.3181859052317551,0.12991683761406292,0.34164783391700615,0.5425764870093371,0.3946567556350944,0.13543699872588427,0.5048468482043923,1
0.6069450490672367,0.9016522417663618,0.008605114531420953,0.06470072492103211,0.3885646879878567,0.32440446261180467,0.13822255592326893,0.48572052001688093,0.1348726074291794,0.9252016664030901,1
0.5562642955955803,0.7575642395288288,0.5501209512566035,-0.1437456965735628,0.6774414722804308,0.5431435601714429,0.053738514013806915,0.62954169526163,-0.0548391503668319,0.6940400350566117,0
0.24825765754797618,-0.09082623735694897,0.20053772258513577,-0.04590169117050191,0.5858029010647341,0.1282023773295283,0.2971482335682295,0.5322707730372802,0.14919910938695674,0.38543134007937013,2
0.8931127553202552,0.5521351484114334,0.30323678938547904,0.7539689460784127,0.7673170172078336,0.7706714255182243,0.6583547114935208,0.10898399285684748,0.7926050634919938,0.9093338670173293,3
0.28592743791992214,0.46538192338701667,0.3749905325688266,0.7695969643513642,0.23720670412536482,0.423527779991667,0.5643363448573931,0.003113923130595525,0.9409242592758756,0.22109690011936867,2
1.064797119622043,0.2645231849072942,0.8157489950066349,0.42272954451959793,-0.16250586902960173,1.194896374894053,0.7840325363303693,0.3786586610513997,0.1933703748071374,1.0838819432978517,1
0.941310024551612,0.5771804186977164,0.31680160353062636,0.7841044014877316,0.8438807180186537,0.7637187350269075,0.6665439671710256,0.10146931356999521,0.8181964877516336,0.8849437026781836,3
0.3210925921556791,0.8405709315451182,0.9547974109583119,0.6205420946274169,0.06321423546517553,0.22844979153616296,0.2177193070161081,0.7829123785335059,0.08229453401045156,0.30126019313109703,2
0.10761702919035301,0.022834919620645128,0.26821935330196667,0.775722729263772,0.4535209547114786,0.9701764328921348,0.8385166330150688,0.18787695834644869,0.5833397842346311,0.47512668568536265,1
0.07041730287513025,0.1956241651601231,0.34774421101030123,0.7106025149501882,0.4770990207675126,0.8129731519109759,0.8772192859311684,0.3632160566286624,0.6919265702398549,0.49504705078169065,1
0.5830036733359283,0.376269567542805,0.5775172727075137,0.1874126489215464,0.6002124678720722,0.5304123285277529,0.762815535245267,0.3964024948931467,0.020130396650799784,0.12646808954873795,2
0.9900984979259257,0.29826595671146633,0.48919521960359125,0.7352783914532183,0.5564959425086666,0.1318594436722169,0.29259017737893,0.32831211195858456,0.2965775345559972,0.338600242431552,2
0.7154673766223335,0.18164667162256923,0.29477165771513675,0.3384806049064405,0.5746010262882959,-0.034338743965259336,0.6033797114970655,0.7446864332049091,0.5438922599113261,0.6280758612133854,1
0.5501599098386241,0.9123860096262606,0.1311663021650817,0.004716147736879367,0.5891045901251121,-0.13489736737138136,0.4192336586987317,0.1759760383970741,0.6105239516563175,0.21974548261583865,2
0.013655670927872426,0.4192451643901295,0.4055951999191774,0.860809772877035,0.5263198937315859,0.5120184123351228,0.5931980079223105,0.7849655712630721,0.2384498556104298,0.28398033644166853,0
-0.07184616502962318,1.0170195993899742,0.5275706601709529,0.3523348886320463,0.35853226839147834,0.5684105941909572,1.1266214855596814,0.4953654216746236,0.4812128857602188,0.9813493994487287,1
0.25884412087445313,0.9539665614757461,0.4930740302241353,1.2488229452402975,0.49521226634504856,0.7499966227713789,0.996101409062631,-0.29337675791158246,0.4197664738297726,0.007141646249860301,2
0.02993949051033931,0.21487184837806445,0.18039533176300726,0.5541997948811122,0.6823591262898666,0.2981256886950646,1.0263836835617042,0.2753863436327197,0.7420261358909984,0.7358589176574307,0
0.6008250852137078,0.87576514406782,0.13951067269746362,0.12712217478287183,0.7533590720550124,0.05914440861845374,0.26901388561104544,0.36274817092278316,0.5688009410424872,0.0004214701182524627,2
0.3743765728590329,0.8984063540349648,0.9323522707265383,0.6004533129690747,0.028554930266049834,0.2736824426807108,0.2206508743729706,0.7584218854407953,0.13614950973156295,0.2550908153722462,2
0.08908743593714055,0.46574782635883455,0.17136997206966428,1.006941190193665,0.033509214575914714,0.5606834496244004,0.44680263870636594,0.35406517737371923,0.11406167300827935,1.0465611654230114,0
0.8847274156485275,0.5811718147129775,0.3261875998369138,0.7283030752445226,0.7886025688506968,0.7641228119801664,0.6959997112501285,0.11360156909784158,0.7891549851099618,0.9394605054442148,3
0.21345987926972515,0.9579076940814627,0.45997612472722155,0.4800827583045276,0.5167962857452046,0.5738269072070287,1.2014021556841885,0.39373188688102556,0.21811240459773473,0.7418529706806418,1
0.023253100511153542,0.24382355038640258,0.7001837234860041,0.01193240757768223,0.0508216595268288,0.2716923166992774,0.1390686649812227,0.8595168464504325,0.4608591270550294,0.30276373597106404,1
0.4061653328434248,-0.19995270964836828,0.048779859291437015,-0.20535605506310903,0.3259221462042276,-0.18073442024191838,0.3229132976229929,0.31844138439879355,0.1544065937740149,-0.09248691710219764,2
0.825349167352765,0.6235462739131896,0.07918787952407223,0.8982432655303899,0.31724817513640013,1.0205180129130813,0.6187390399091648,0.26918635024650817,0.7600143792322511,0.35125292104119366,1
0.1098217881218238,0.5565711897718436,0.23399710382857009,0.022524102858255648,0.29952140953951706,0.6197380371053186,0.7366155051400973,0.5120457815353168,0.9187770990821319,0.6553141609525828,3
-0.7472151970151603,0.20297697314164598,0.10142366254567264,1.230331702971856,0.989208299975236,0.5469115945981139,0.8172489908319447,0.1960988296318139,-0.019833403275183237,0.026668654295203403,0
0.490814779939881,0.08701494308669833,0.1308912551701819,0.8946935121352428,0.5600909318879723,0.697875745515566,0.8589329820359374,1.0031303787517047,0.33725672882006913,0.8867393779293327,1
1.0377727012322104,0.0911811043929794,0.6841685367143043,0.8977438413066424,0.5717275293057117,0.33362263147682014,0.5962659501757428,0.353346923789598,0.0021820639847364987,0.5487705242124438,2
0.5561428211277184,0.18321693876846695,0.4413528145354032,0.3520680845867389,0.6213563655825339,0.16414977624376206,0.3319846587663199,0.9315955942677961,0.8619975705332864,0.44682685640430697,1
0.9739312479071406,0.5062178561235748,0.5224468850982471,0.1772438767491058,0.36037769226621497,-0.05803357476764183,0.9919641445733846,0.8660560198084701,0.8147372688823574,0.6828601708661703,1
0.18927016423494647,0.8984026395809596,0.11251564593875818,0.479261043207857,0.6582339232286064,0.7746356832652171,1.0082972423055128,0.17370293145993035,0.7550145719808571,0.7248145234488738,2
0.6900805617410734,0.7395986059632907,0.1490138456796116,1.1765375492506527,0.5657199648349037,0.5217521630706962,0.8041358185813248,0.43303468241847487,0.8525251747849021,0.14582147444522706,2
0.5324482511662774,0.6386990149841993,0.9675683094515065,0.260639735301743,0.666826077131356,0.44379027496435125,0.43045879755214356,0.5440482357138388,0.3730433289654509,0.4785686279287532,2
-0.11296663196540013,0.5508359427713972,0.6457338536909205,0.008782215113278785,0.7447527814870725,0.9243846828990511,0.7067028166780048,0.5415980388513817,0.4752782573172471,0.0534780769333565,3
0.6159237003829767,0.7474927337703701,0.41902856854467524,0.5343437623725016,0.15470871094827524,0.966517680879365,0.15240920003924133,0.2727378858744446,0.09539515634348958,0.6659234829270433,3
0.8736637971385861,0.176275477638753,0.7361370813425133,0.6465110732393011,0.21217925659624848,0.38395080719607305,0.27932077851681747,0.2813011016203163,0.6996854091154288,0.9897742820481978,2
0.907898278645905,0.4725274647693665,0.33590837503555887,0.5981284241499101,0.851171656215681,0.6654748835866019,0.5750399615036667,-0.0018686693730201043,0.6609855551217163,0.9201917975344407,3
0.0626068357116873,0.14265738066305345,0.33901023677263575,0.7822285363820813,0.5396483019423539,0.8289956011788074,0.8829714134556618,0.2511584019345951,0.7836372924110782,0.4020932012860055,1
1.0181937995640953,0.2672688319895044,0.13479693697930473,0.8725670162014251,0.49459035009765717,0.208862279454157,0.08126952548533699,0.9354892273704345,0.27540504924138054,0.3760624757535074,0
0.3399110498578465,0.4199623950431231,0.947766301447863,0.6425396578294447,0.39409229170617605,0.7088589275846782,0.18837557900915633,0.6419529403068723,0.9311261001778707,0.437577641706556,1
0.6206769836707455,0.9385545887423924,0.005530853901437465,0.02322839449058202,0.38974741036200716,0.3579608364146947,0.09766134613786928,0.4687216173352851,0.14947271590935496,0.9032331981139848,1
0.675097974435314,-0.1591307501543216,0.5173084822897646,-0.15416122928938392,-0.23424548019787256,0.32995916362838845,0.2647639037961491,0.5642337708350704,0.14849505823298903,0.3646140819190611,1
0.7731405992809438,0.897699212701281,0.06699797742981206,0.8732581761086986,0.7024956311116682,0.9666490586662649,0.6198618500642971,0.559459279191058,0.05902083942868215,0.2628392361934768,1
1.411196339895259,0.6581392724406805,0.7082597923791287,0.17100276240282836,0.3098317772483893,0.12006347956515442,0.12449467728094288,1.20391471158288,-0.5066169788839898,0.8553524581412175,1
0.674593725194017,0.3331589608385326,0.8290518145742263,0.6540287448669475,0.4818889020986844,0.5954119650450873,0.0989242417560458,0.7084682640433494,0.8860620013132672,0.3545637302435175,3
0.6437426909021382,0.8967543203732329,-0.041394285933181355,0.13563182829043818,0.43430065050134237,0.29710874253103353,0.16062352543034564,0.4762808717233066,0.19958455021599802,0.9369292816305504,1
0.4274362380981856,0.8945886425099512,0.8227668291271588,0.2541094396560687,0.9181435258394961,0.43923168993829853,0.7138549353069288,0.745881964602781,0.5544369377012097,0.775836275253726,1
0.8923564071483113,0.7949969553256289,0.7745675873743888,0.04968900928324832,-0.06994742164447179,1.1141042199335327,1.0168372482301524,0.9743340222031344,0.6519360770002252,0.5619276732908549,1
0.5857483484311735,0.7169434041885823,0.7769950725728509,0.3864650787493635,0.5969257389399125,0.5866159809233025,0.8254672544551311,0.033519176604767206,0.16133517767748135,0.30427853637868946,3
0.28049075314400684,0.33700027863372767,0.015718887553260282,0.7688617169364116,0.030852418288033517,0.6462708921047505,0.5796654451922594,0.7717520164326024,0.6100339388737801,0.10145408176913408,0
0.540842108009735,0.43560276447090956,0.9308037963233597,0.7406596976232349,0.4608688093725538,0.8279563957528715,0.4558100814498694,0.31825581047443136,0.6611086613191672,0.2368436164786487,1
0.21429883593315496,0.02753362795574192,0.072896401274374,0.02941139619564153,0.7259854767616328,0.2680803219758647,0.44120880909477633,0.4790844597517526,0.2190863850128625,0.19433560868791971,2
0.5421544710528426,0.27447864716085585,0.22822192526170104,1.001389712134162,0.17220208481872357,0.3266445563688567,0.5242841576005706,0.6784436619189853,0.617195038967214,0.16604760624043094,2
0.10002525421485943,0.30732674375069047,0.28135824953805194,0.06341639117767774,0.5020307381637616,0.29999444915116075,0.12486121182928947,0.29948233381384615,0.9442301235022452,0.7815634574374707,2
0.8900025510827758,0.48754904533765686,0.8123996186114921,0.0440821010342185,-0.08948202865521152,0.8046191336455163,0.8416464898542759,0.8889221721828064,0.6245858721781594,0.8338257480776948,1
-0.03528109446809527,0.6807611523749737,0.42250398111193704,0.39141565131524714,0.8590199638385997,0.6971568719509883,1.051664396740187,0.6917750271465678,0.6062205376185447,-0.05819073626508614,3
0.4238282739061466,0.7019288529382519,0.6008182538324924,0.42200727601220805,0.07224321956492619,0.4520151246469335,0.06242331307377767,0.7193384315747396,0.4067125777987477,0.039175899361648295,0
0.14586761763920242,0.37733173973106754,0.18479532871834684,0.13430250489129836,0.4731438450666433,0.2866319489919763,0.13656860307122304,0.2629474624631161,0.9724166145147353,0.7821477025573779,2
0.7924727083787098,0.5666537727103889,0.7557615917690751,0.26887823994341675,0.18129245685703377,0.7711013987126144,0.9931800798848958,0.6636497827294479,0.35302383900066087,0.7172608299898203,1
0.8063231159051212,0.4348708678652497,0.535346828372156,0.4556761816255984,1.0598999083809513,0.06046843120162043,0.3237233878819781,0.6524806606411812,-0.11469736575756895,0.45068408039964136,2
0.8640690859404027,0.5650250342014301,0.2956658106766215,0.7294520242440767,0.7890259602174625,0.7379948576661854,0.6945655988231801,0.08812240986542329,0.7681987166313107,0.912629423699932,3
0.5356128700110397,0.4209860414828255,0.9194413163949954,0.7286618896405522,0.4591671197424039,0.8323737209004538,0.4525776958522678,0.333097228381765,0.6818385170649448,0.22921272985730862,1
0.14137538701298868,0.23955581992717068,0.42340743991052565,0.6806874442256236,0.35117529414353704,0.912345633044892,0.8624127390249863,0.30936867255530126,0.7910076394033619,0.42304663380295027,1
0.33113431811487165,0.8744802570038217,0.9756858738098899,0.6008859868908202,0.04793743336575622,0.23773077873632786,0.2213497860927852,0.7793896864147701,0.09586838392824484,0.2843650551523887,2
0.6896997250643873,0.4882480523104985,0.035224692194821994,1.0189686897540842,0.2969015896565295,0.3470678714067603,0.2704949320951322,0.8410476281713094,0.7548132379219127,0.23928205270598601,2
0.021972182411955456,0.23195136347835538,0.6965691090098142,0.025827653990938317,0.03383131564919453,0.28425275703776043,0.12595382252348328,0.8754731958424221,0.455203995907231,0.2900211088274565,1
0.5042922440500742,0.8844547123181092,0.20961296790252298,0.04028344716243158,0.868313354177211,-0.020763240365680613,0.19062464515701513,0.3629480358414441,0.5856029923695568,0.08196140448268316,2
0.4058061199532316,0.024412033164104452,0.7312767416636701,0.06130323805664423,0.4080700344874379,0.46290496421097205,1.0338719327022814,0.7390554212641192,0.19260481817811667,0.5729801078154823,2
0.4125462770706544,0.2918609677553826,0.3049018764071646,0.6122295013112347,0.26011726043328154,0.5603958878376119,0.6824405478594842,-0.12374739043580596,1.151625108719018,0.38374034448470606,2
0.625412501870302,0.8917036018032983,0.011508142180722087,0.05905694926359442,0.3737021699704942,0.31475914061388294,0.14385532651167263,0.4535624891614905,0.11792797380857079,0.9184008842514219,1
0.9641494711759921,0.5824075293912866,0.7862124669222471,0.048117592629719194,0.5257048319342169,0.5984342013645817,0.3533300338299468,0.2206781674529303,0.827058154292615,0.9842267758232,3
0.7647020211128231,0.8830889074725325,1.0115906209111238,0.9240711575091102,0.6376583176183672,0.6695051899165159,0.6292373666174491,0.2751289799045518,0.5433658436387179,0.5786970167175864,1
0.0027679337070045384,0.06769804381741686,0.30006988027070025,0.6930409357893376,0.3577539256807677,0.8138345301545792,0.8878810584677291,0.22638977314694728,0.7481060515747715,0.397041166593867,1
0.8427295840894621,0.11312355023456341,0.6154826708110921,0.5765208566444929,0.24445603100978544,0.30843118437979133,0.07587193323787263,0.4611927860673373,0.4821231368341049,0.7339112225044445,2
0.584085640351082,0.9090289988866019,0.19267789583706088,0.11784282711932424,0.7566628492529031,0.08930940751003794,0.2112988601106653,0.3408143017402164,0.6019359106953078,-0.021650161150410647,2
0.9306954680895658,0.4281914029740999,0.6740257339237312,0.4637746176268767,0.6964520308667764,0.536397843740764,0.604184804415846,0.5679415056634495,0.14101195582523635,0.21183660333585708,2
0.8032150403873922,0.21097015406921354,0.2634655744411455,0.5668397903925128,0.37948068992099904,0.737847411605404,0.8595824329373472,0.30451875220275426,0.5686621463150905,0.8155297365593343,2
0.9903572484768742,0.22796021139186876,0.07864912840868313,0.9359987994210446,0.6112153411845527,0.25931241553190704,0.001025994325724859,0.8819803604188453,0.19486773497462512,0.22326710191751076,0
0.9045373418507813,0.08597304240623908,0.6517449545284236,0.8907103285621147,0.5498276741637605,0.4523070637306274,0.5941809692580999,0.3670463178974921,0.12363390445164774,0.596087361267967,2
0.05563638024695596,0.09294477947308033,0.7416863057801288,0.33497326449843456,0.09231588315569968,0.270567472542142,0.6061260942300866,0.4372032290343555,0.3288039916683915,0.43631970888980914,1
0.6192438932133989,0.9474652628055773,0.7309934276072454,0.6482874164759707,0.5362913788544476,0.34354298687825985,0.6201638048890676,0.09739841420776604,0.16934004617539106,0.4591560671031302,3
0.8283746661791525,0.9277325048246173,0.7125831940772929,0.8577954311730046,-0.044630684484732286,1.208249962256765,-0.18705939270881783,-0.05055855847627427,0.03440909817837913,0.5064225618833258,3
1.284560884790609,-0.4790920394616214,1.4506813130541614,0.9101127083362933,0.647149804206858,0.1453315848846194,0.9356093632891898,0.7988451629691444,1.6195803266970732,-0.14131296761383966,2
0.5137197568285344,0.9924698580743729,0.5948785339581852,0.43037323926721327,0.23201703434437698,0.812387525861944,0.37937616791946505,0.10814104023236001,0.3787568041618884,0.39308667457274665,3
0.0894991094715642,0.2729458632153154,0.4343769200816966,0.6513221892121912,0.36846779477497776,0.428514299631801,0.501146354804663,0.23018583414831084,0.8544327536210398,0.8893416315838281,0
0.3689197622252065,0.8441540809912037,0.9554036802792134,0.5906737841249012,0.01221949015254984,0.2005934857003601,0.2281988625614936,0.7768305176237436,0.09957211736479071,0.2904654573940027,2
0.9121423563236251,0.4658369298368669,0.4634980530049253,0.24372233910224092,0.2606770516832222,0.9875604612643896,0.14439213091484324,0.6118282765188099,0.3541121559155387,0.5046906994187981,3
0.6058149829102705,0.8998444833270667,0.010041089284052908,0.06584235034549564,0.39232548746356943,0.32626184622660603,0.1375112248245287,0.48838672333895794,0.1359716217691882,0.9271222783075463,1
1.7960013243017494,0.2983454103593203,0.3667783250272899,1.1983192393996427,0.5765398270104516,0.9219396451316327,-0.24816446737579284,0.1624494600160598,0.919156919495936,1.3748965728850302,2
0.21956337135905613,0.8055408511264216,0.6590161789894877,0.8082264939145359,0.8382358730595398,0.425972904087006,0.2864741567085194,0.1560357545567191,0.35002659779993384,0.0539154350233029,1
0.22283422773500355,0.686449366401234,0.02130790377041798,-0.007081580860582842,0.11192442951474058,0.7629977825023899,0.65902896994518,0.19929825225771447,0.9597491616168082,0.8193938489302129,3
0.14908886389320827,1.0780845274156652,0.9757332522848722,0.43324754273734684,0.9838629625164533,0.4387521529183631,0.725890072284106,0.8352059088066851,0.6830781813276413,0.903065121395,1
1.239557292391258,0.7150180658266075,0.40694339506997257,0.7555655612901935,0.6751180375823588,0.4556479869278003,0.6541015011799639,0.5574880966516785,0.9591354537530259,0.5787329743495926,2
0.023744410353321366,0.8903037987479345,0.1392049202760779,0.3271659465901704,0.5880267229334007,0.7210649218179838,0.8320627768914629,0.2611713067310899,0.6984237319204767,0.5773060499606408,2
0.5770782854088761,0.3999990593682805,0.4654291373869598,0.5408560761559,0.5019892099706952,0.2992153027703669,0.3595483343102787,0.8280534256230143,0.781846599142955,0.6136038808367883,1
0.39935420772325925,0.981278213657936,-0.01628838310798414,0.11376039723538142,0.7856348686508956,0.21634940299072775,0.20803368375669884,0.44368943634320146,0.8030542769514948,0.15383087655774208,2
-0.06378976309568539,0.7461193435441682,0.1599866634592339,0.387179317931508,0.2514091281517776,0.6586750593419894,0.5425203459645787,0.6643104623249688,0.058906195764700686,-0.2281968608728771,0
0.23183337108470692,-0.011124598253307028,0.37539707115639676,1.1220854947986028,0.41845745510040966,0.43746360267697176,1.1707860203500506,0.8472225286082506,0.09950187075408251,0.6966623980179416,1
0.9332002382825487,0.6201259498584876,0.7347967182711952,0.09014972237202445,0.5128226160550027,0.6559206274940895,0.339808753635975,0.18500851337874974,0.854932781499388,0.9507223749707651,3
0.9047573285234652,0.5793229006437371,0.3318417744110002,0.7829004178690449,0.661440912221108,0.8602203078254447,0.6743974490514637,0.09197712820317322,0.7900024972370358,0.9892129387070981,3
-0.021179480246422203,0.1719450207593329,0.23465390600122207,0.5397696796429262,0.5020579911202947,0.4327704497383752,0.3965787373693457,0.2283770895885665,0.9108832077596425,0.9685256987625209,0
0.33272531114051623,0.4433663304657081,1.0139673231151236,0.5569672958315958,0.34185514417679996,0.6735552494878289,0.16111490928753908,0.7468779282816179,0.8656522256968123,0.37773315953217085,1
0.6075998633787811,0.6499862096620694,0.7674112886193737,0.47250675827763583,0.615222690133261,0.6950952371925876,0.8716198270274382,0.11570046507464729,0.19021693720641406,0.2777817420816288,3
-0.0720022327231491,0.6986109275358692,0.731530285229554,-0.5150475041838073,-0.1077898137380574,0.43890524380899115,0.904840857278035,0.5498201431751365,1.1492117052663595,1.4701842785516557,1
0.26708629252968713,0.6233818599945102,0.6317408599059366,0.19321726605264652,0.999643261785277,0.5967665957140231,0.5512421128913141,0.4785607351653535,0.26536743756877934,-0.06980284000002945,3
-0.07240611896970314,0.8679888906113705,0.7441527609858564,0.6760524192889393,0.08185786565557605,0.5672727588535251,0.737987514572988,0.7032920681338573,0.8694275114693714,0.43290529423600466,3
0.4716338550251298,0.8552182646992953,0.26612287501042703,0.47642683570630273,0.8311118176295226,0.15122299124703953,0.03405447830505354,0.2507212582726802,0.5056011685646373,0.9434616729921519,1
0.9356074332934327,0.5895814630953846,0.7228628973632398,0.10358645921595076,0.5116910222750106,0.6142375196739206,0.3527550426293842,0.15740848468817267,0.8487701141470557,0.9312706449249445,3
0.07074449778004543,0.16492204382009426,0.3050394800442367,0.7110220498544835,0.46610443049410716,0.834168353786957,0.8538713097862092,0.33151738528956326,0.6817719474623057,0.4742184814135403,1
0.6378617280946284,0.8248420627163489,0.0072291888805999125,-0.013591790582993812,0.33600049747414734,0.34525962552018963,0.0709648570649152,0.4361399619173042,0.07755795247978672,0.9085206162090308,1
0.06567888973968859,0.1415487642701272,0.19429478154059832,0.02653100292082259,1.1331643447914235,0.32951221708834183,0.2981305487828545,0.6926459070723403,0.5631007291336828,-0.6455097086268159,3
0.20873866638789412,0.38746147009272297,0.3161709946201567,0.2336237822281314,0.33369074681980426,0.9224721437406375,0.662797795028368,0.502880815385455,1.0785401670093544,1.1794586672771994,3
0.04523388934013127,0.19439618738472458,0.33750815859871175,0.7406263779099592,0.47484642122974496,0.8161673036780422,0.8759645651766905,0.36338488325479373,0.6721747634836741,0.4973826694269017,1
0.2721858430860047,0.20683839748119603,0.2913182105780042,0.36388530376576395,1.0198483695156506,-0.023368053428495295,0.005803911824810437,0.2298415986984263,-0.190291167796935,0.07547454679681594,2
0.6049607802370746,0.7178105757512451,0.4331994358784601,0.5468666397859855,0.11638267432467704,1.0600874337239936,0.15979585421581732,0.2640160501613977,0.13459270670190399,0.6077331164195267,3
0.5844795025964937,0.2677108250824457,0.3036711935831013,0.32890372657540334,0.5625558120164471,-0.10927631056950016,0.6107419806817592,0.8439526957407466,0.6613224958072056,0.6325856952460378,1
0.8171354183664779,0.60615179241932,0.28299318518881844,0.6886162280897845,0.8004337391621867,0.7764967876440659,0.6434440421634497,0.06382503355355787,0.7810265326339557,0.8720832359716285,3
0.6059100002127472,0.41598023667985384,0.22926932628837748,0.351557217375785,0.13927534378117823,0.27634759668313424,0.30520769399165515,0.22957880665018257,0.8766913446528739,0.8398862008375857,2
0.671514169076313,0.7435402872386954,0.04050537560284942,0.14807276691049276,0.7484075177326063,-0.1399611908927572,0.4638605711788544,0.5435197543294701,0.7200544942890882,-0.034016007254927906,2
0.12566787143352137,0.7697487167949648,0.7924401165274066,0.588779453491056,0.03536378367381725,0.8003192857854742,-0.2480496088489033,-0.049486145923069935,0.12161193317805596,0.29490356696133174,3
0.5713843294554162,0.7804067145763239,0.26779468154754743,0.5241411156146364,0.8713777812789066,0.11005623937893615,-0.04864720994720467,0.17941560673712104,0.6069369829077488,0.9649091651274198,1
0.8382716312331866,0.5658588912396064,0.15587394191325135,0.7570597665334625,0.3603369585921643,0.7098924705793533,0.7405078446083708,0.5078389348441179,0.9350146192217438,0.3801000818332086,2
0.9079724591713152,0.585940134946208,0.3392623441790146,0.729595697530358,0.7762357970119999,0.7376638021025081,0.658745841663003,0.12206454915056286,0.7550655379760366,0.935785903669955,3
0.8374839765381599,0.2740166417265472,0.5242077053729018,0.5135583351098753,0.3781143372985072,0.2103841864411263,0.09256438401534384,0.39767126039692696,0.38397015283842406,0.6048978696366216,2
-0.059493577628130526,-0.0013776754767877986,0.33574348446863417,0.6381805184895587,0.4788821729320831,0.9642987403419703,1.0294718308290736,0.3271693400789615,0.8277287159915127,0.5103925525917337,1
0.19788406545991757,0.8718315371839214,-0.05630645735901274,0.46169317143875044,0.2893330013058112,1.1895407939854656,-0.07400141513573982,1.5513435084639642,0.6284706516383365,-0.3967536784276232,0
0.06415597674557252,0.3105358981896892,1.1767499090919769,0.415630790187154,0.7875171293899463,0.06658688148782516,0.6306842282751121,1.1823717400880296,0.3538457819612085,0.8050753545031386,0
0.15478663356533312,0.4962453801708216,0.3075230261548516,0.6530136777004537,0.02210161580458303,0.5935467826005678,0.31118956813522325,0.23420199684030088,1.0742981755915681,0.3065107383868593,2
0.7206906488450757,0.3872387628673972,0.37489832735085926,0.20282340807259913,0.07836412443933452,0.20749479433944032,0.5689993310420143,-0.08854693655045581,0.7262852579739718,0.9528829177253842,2
0.9210010142663319,0.5916236443970994,0.3817380785189214,0.952104499563311,0.34718974688071363,1.1081888774433228,0.8930878385415332,0.0549043627238425,0.7133981879253747,0.028191881710156574,1
0.6878935042305846,0.2617710291060242,0.7717530451119476,0.850947169931272,0.27794608573526636,0.9006027236587069,0.25007722671918026,0.16010503828425196,0.529634311673823,0.34484885683239597,1
0.06576654663766263,0.871580623692617,0.4356184793282435,0.4635787099134224,0.5391681829422356,0.7103135998305249,0.9808485491015277,0.5867314782935472,0.4991339972373979,0.9318768698074998,1
0.46789977499759877,0.5852449878408232,0.788586521749398,0.5741170828159317,0.18838527342435638,0.510850512645679,0.1200666514443309,0.7195240136206333,0.5470535355537751,0.14785802187833255,0
0.3705140334983912,0.44258524642749547,0.9191813582012267,0.5219343092240399,0.31130348760551535,0.6827587962567212,0.09543440100689313,0.6404803494726169,0.8335335142677718,0.4091986598265194,1
0.6921297431179431,0.017280762302932053,0.16649451630246823,1.079991590059383,0.43327200455903364,0.8909960108054649,0.8339118970400863,1.2042620114957572,0.3584640642878264,0.6906718984339287,1
0.22519740010409844,-0.012786891828608815,0.21511180208187444,0.5718392630941644,0.2683395987059176,0.9166252958043865,0.7707986670369985,0.19698459683689307,0.6083462597110425,0.5577132946970226,1
-0.026191732831071124,0.9638445678182023,0.45926611818040763,0.6020898722753139,0.5315314063619981,0.6281759015770308,1.010856827672762,0.5419379709998626,0.48379109707269885,0.8038888427097937,1
0.6336140210489757,0.48809585094614816,0.754320931475405,0.3268977700358917,0.7869909134969337,0.5213985168708567,0.6099745319797212,0.37039814824738865,0.06295740942372413,0.2950259127447835,2
0.3912676316306106,0.4154753272471649,1.0724567503010847,0.6085680707243428,0.4563903345803954,0.6189656825436922,0.060726839318600054,0.8135228233680313,0.8563181154183187,0.46082520245491815,1
0.4433021453879541,0.2218640209238556,-0.06535265346227603,0.7309012621265815,0.3879309667794295,0.9204404998852538,1.0375569039607964,1.1902391450534286,0.21987551755724838,0.7078989180471769,1
0.9466447691692653,0.41970949892791987,0.3660401602542799,0.8309358876640739,0.329986488305193,0.5832917489727041,0.9042085385201503,0.47158553491027433,1.0364121594421425,0.3681161721973575,2
0.029309483847830966,0.23849323233570324,0.6965750552432382,0.017296481891132198,0.04332086116985669,0.2822050171110641,0.12773217004492443,0.8658835280765644,0.46213808013261204,0.29393794123344585,1
0.8857047400071819,0.5496673261722466,0.2908804103735171,0.7106197765825738,0.7550273594897889,0.7319210598234187,0.6748219568685313,0.12708114931783607,0.7853008473069323,0.9180047418601269,3
0.023771997786778527,0.2229432570068483,0.7031694592134107,0.007211157797298397,0.05011472203077947,0.28483988084290907,0.143111593245424,0.8633438021876284,0.4690044807418787,0.2836268825436981,1
-0.04433235445749811,0.6993796827786729,0.3386650503495461,0.6152305873267171,0.8616045812154597,0.5291376837480671,0.8950970968423134,0.5631048551050205,0.536920766168253,0.13309443487394093,3
0.06980425613298603,0.7708212467058483,0.42984779647557797,0.4717150057093353,0.5030428182278731,0.6501062863881135,0.8604672901417355,0.618415355247788,0.41163033857498293,1.0107961352784227,1
0.15231150304247354,0.058029409011353665,0.7901360440640617,0.22464988883280113,0.06533221609841397,0.31284018152443965,0.5955224585153035,0.3877693847030027,0.38377457069382226,0.5009077228164731,1
0.6719535802012104,0.9527655073167769,-0.03759750691857799,0.07111933824388483,0.4117823103572497,0.2731144795860488,0.07415789603769053,0.43884070410721787,0.13914494709429406,1.0130085788252006,1
-0.02111713750431425,0.9024564715058262,0.39696077498804017,0.5207921748777452,0.5847343603411344,0.76376746667961,0.9254780507523175,0.7193348568204102,0.3874994003459605,1.0199877190824143,1
0.9572603578365563,0.817051357052841,0.4651148124325963,0.4565085444472673,1.0325922886801273,0.25346911558490315,0.6326250667902645,0.008207896053732067,0.5072982979734931,-0.15345506623891647,2
0.6047838659208093,0.8998077946017056,0.007553640627923058,0.06150119657371308,0.38926763437587025,0.32786879297726657,0.1392371956161873,0.48184555064851653,0.1371219573830078,0.9216519179340666,1
0.152152580852802,0.23460397518770093,0.3923888883739038,0.6233676481889487,0.5061119389284585,0.7593228866971293,0.9128956825265429,0.2893787191158408,0.717682821966563,0.4793724021740346,1
0.2856627016198773,0.5795741561791006,1.4877364947205045,0.5972052801429582,0.34380163788186224,0.5322758130302356,0.3844058501722275,1.3135813786963264,0.7593334985914846,0.8916287411754971,1
-0.4080134274935999,1.2223637158021703,1.9912829571777153,-0.11431443921972326,1.4679288462558922,-0.26524073941611404,-0.15663412508268315,0.31525650751082324,0.17571896803725984,0.8855078027313661,0
0.7287686804807836,0.023670994188733308,0.7291739627718884,0.2928670819334078,0.20732418039326486,0.33935762982363177,0.2723674385506253,0.18852188206983048,0.2562553748564158,0.7297559197543344,2
0.3202657089431408,0.8730297481785864,0.9840300845671818,0.5910653601134563,0.05204063750806989,0.24020143234449384,0.22613606441306153,0.7817532299220886,0.08914435470208096,0.2929401355838243,2
0.5991220431127192,0.2983451310433087,0.2369155389984135,0.37279787147206594,0.6112416657070471,-0.010768665398051054,0.6268878665028039,0.7563127972263773,0.5220059424441832,0.7335508044089405,1
0.6091619646977631,0.9104001600054715,0.0005563838692561919,0.06001640524669456,0.3890088774168398,0.3207719584173021,0.14407936256232345,0.4892668426798645,0.14530758057435003,0.9194961777034355,1
0.303624413150247,0.4051970620240426,1.029934153863767,0.633456118543166,0.4195193688713631,0.6876679267474153,0.14410382389380655,0.7032374737526043,0.9569566437699549,0.46055009840070643,1
0.40641902474762925,0.6704909895520458,0.16284280363769582,0.6818941542533932,-0.3675535892484003,-0.20201061275710935,0.24866727594888624,0.153418436098735,0.3698054592602117,1.10853188599839,2
0.18754822105768243,0.08165739941841746,0.40191172397567376,0.6656412990157232,0.3787588690614283,0.9346462737411094,0.9022758134724769,0.4077551160351874,0.569342784049959,0.5228249841390307,1
0.07407512643225574,0.7984358009394019,0.3210560821458555,0.5029738129721377,0.8822815289982867,0.5796482111637458,0.9079658961218926,0.644234124602459,0.6648866137210159,0.09342853935917544,3
0.12862312229980205,0.8187229534870638,0.39329080625659113,0.5123660656788039,0.47266039125057285,0.6715484908169405,0.9124236750930594,0.5377169465544535,0.458188872189005,0.9774841529670119,1
0.030438423271826196,0.23491955752651428,0.6995240455616848,0.01984717300904697,0.04253239269674975,0.28226853696537396,0.13233516644593285,0.8732656619553508,0.46816759872768227,0.2962147324844009,1
0.13165141006925954,0.9461694001501746,0.32248692139853885,0.4181534410406074,0.5289447871086556,0.7513698617241963,0.8670133636473685,0.5975285087990123,0.35340252017175694,0.9766702891538432,1
0.5277586427901952,0.7637322995957511,0.3033323127811829,-0.06558026269539527,0.6439590411151368,0.16509615153516155,0.13774647311730603,0.4363009323853712,0.6727608969433627,0.22583001502878042,2
0.7981401178550773,0.6015185842215738,0.25451103552237864,0.7754796421548766,0.7006969470475733,0.7106715629302046,0.6833934933769693,0.15942118227648278,0.7257724347210062,0.8581634100318497,3
0.9648968446555141,0.5800301441207408,0.7564645279941096,0.08715931131449238,0.528736237969545,0.6100887340083668,0.4035291867912404,0.18253282939374685,0.7976985314252167,0.9576260531220151,3
0.784408085202315,0.23694463480374017,0.3561372819631118,1.0696169210760385,0.5781267203600801,0.778590136798685,1.0339450714304443,0.8487253229556102,0.47915758236364114,0.8253675035476535,1
0.8181632726019937,0.362109612184917,0.7902789251875442,0.9340541607640284,0.2629409754466583,0.3779903210388761,0.577708793965068,0.33254380987319865,0.29278397607167816,0.7610707281844158,2
0.9512352055972287,0.5617124352525316,0.7714596284528972,0.09092893093855141,0.5491549161781385,0.6410795589754845,0.36775720762694714,0.19159185887154612,0.8287058110951769,0.9778053791859027,3
-0.6179697757582217,-0.11022159750763898,0.13313063251279317,0.009723636846862458,1.3400930832338087,0.8970174186856145,0.13318004893959567,0.3561633648549737,-0.21325388652233018,0.5364632366840112,2
0.6040043268701996,0.9057640375210979,0.08865276392675535,1.0192577353660075,0.660693368395501,0.9013748032983426,0.6483307383632848,0.44034229094813676,0.05346279935824176,0.2344814600626654,1
-0.05730073204563198,0.20683591914443047,0.8098362587116664,0.3380253010347439,0.04285144204035768,0.31867503318242185,0.5734152045843799,0.5074218500093278,0.23112064410310962,0.3572511175161751,1
0.296326910924906,0.3102397007447966,0.13359542528915871,1.0626909630164723,0.3794747932615835,0.37726143977087667,0.631008020035694,0.7604399774842215,0.8839529723467988,0.12535119152879354,2
0.357771917487117,0.5004538073692142,1.1124564688261056,0.8460579500341446,0.35078113344506406,1.0095230054951199,0.49107965314872826,0.33670730912956015,0.8002271670494197,0.29018255057222214,1
0.3358285962992545,0.15064056870203957,0.5862978870893717,0.9105306117310594,0.48010306850391643,0.6753908326671403,0.18511677637531251,0.17043209989659217,0.36181977162693396,0.9499286882538862,2
0.33619733184730244,0.4176098618584533,1.0465705415602915,0.6487418975371158,0.43885334595350545,0.7805216527254686,0.2182748687412311,0.6133377806381074,0.936711781784432,0.4401088480230733,1
0.7416107391707966,0.44146816853777204,0.6597865100423126,0.22450763572396754,0.8005201617939948,0.5343570374351295,0.6800483304443208,0.2625679889846243,0.21670624207535882,0.2993075132130253,2
0.15578432617494858,0.3133044300811749,0.4637863667443473,0.7239401963215694,0.4523724580527375,0.49280133733660564,0.6654317233478052,0.6552329193754137,0.2536031535566792,0.3781021937722628,0
0.021626146804544645,0.23731246454542892,0.7123478519379445,0.032263057705770565,0.041067247792644875,0.2801613825196647,0.14109355127840165,0.8492705351164159,0.47321627392011,0.31286863579549784,1
0.4176876864507469,0.4489395694526376,0.33842091883762826,0.9599378997782844,0.2505287432651266,0.45362110668105826,0.564405756761067,0.7734328666001744,0.6188506068790943,0.06000848752406024,2
0.08889023716751482,0.11367116051266403,0.7365210802921693,0.2796814801837016,-0.04715379355442534,0.15619913546926295,0.737942580881488,0.45248152249276735,0.1972745662526629,0.4311165290145063,1
0.5689207171650044,0.8883478293808574,-0.04461416594583291,0.01698942897448933,0.3560695892952252,0.31774929654357903,0.15591830506053972,0.4960965621466198,0.09552062861267846,0.9647471155748046,1
0.4933601258238155,0.9545636832602457,0.19415101505148247,0.04892535160879758,0.678113646708721,0.0905729251135349,0.1906052899229464,0.27683238148186495,0.49800084367719266,-0.016481068074684267,2
0.3139649988742221,0.4121030929206556,0.9919403719236494,0.6281689747109764,0.39177186860172936,0.730468158053801,0.16437518549796087,0.6570430589411538,0.9434129775648171,0.42826351174702004,1
0.6216715195071781,0.9033084085367878,-0.011518603448356087,0.05726414473664359,0.3895101791745955,0.327407187467643,0.15280154552589914,0.4801046770665264,0.13152480702715313,0.9144829263685583,1
0.02384057507028703,0.8548076317276696,-0.29327788577050345,0.25659229801985295,-0.062067070278555736,0.458563835052527,0.3689100319433849,0.44573378631659777,0.8498973433186942,0.03974495780978293,2
-0.23970166579564156,-0.1553753059257933,0.28775613419734536,-0.0776161478273727,0.0883183039992429,-0.30099431866910253,0.9438777739160975,0.16388338524321233,1.2460316690971283,0.6815496560704998,1
0.7795439291902273,0.04875152596681266,0.6896944636786665,0.600252403281896,0.5851787193243354,-0.008651109605353091,0.6329119765017028,0.6369267066671284,0.07412180545075464,0.7134115085892562,2
0.10053720671513283,0.15191184839790128,0.33335121306013177,0.738046348884172,0.4672405267030084,0.8017942024072662,0.8922423852492737,0.34486078236421946,0.6692663047196273,0.503263265383081,1
0.6498141932914205,0.17242436165791197,-0.0021881408942567016,0.5020553863015687,0.6542964042362807,-0.12890578036061662,0.5080472975641861,0.6068829686775576,0.4553988823655506,0.8482218086515773,1
0.7460090910145132,0.8589241861144253,0.2049273873262744,0.29013548913435183,0.756781249264206,0.48412076679021604,0.08004104613877433,0.4939758206333916,-0.026306098344198475,0.34111139259597484,2
0.19923043351824993,1.2978017005598326,0.6784828406198855,-0.011767992639767952,0.012894558184527671,0.2922435891046795,0.4358975526880441,0.1412803327313823,0.46416918450675193,1.1435475145618037,0
0.3268095575667367,0.8700168431467682,0.9795127476322627,0.5948818278587201,0.05348719599560166,0.23362085143502256,0.22690226048468806,0.7781883284755853,0.08919820884680797,0.28741867560562645,2
1.2718870670487104,0.20241056250300143,0.4430384201571411,1.196166959760591,0.6029951349702707,0.6383911560640695,0.654633174735604,0.443461185910343,0.844202222204472,0.04344140831053253,2
0.8761209066434928,0.5544863137519462,0.3091234055236161,0.7323820091684383,0.7816536363011749,0.7486488891171472,0.6819379959326499,0.10498415336691357,0.7745802259326774,0.9251597149613918,3
0.5932292351189671,0.21783060366734874,0.2278977275838575,0.21217508799261833,0.5762678445169781,0.0161099083359457,0.6216834594783434,0.7999863681693149,0.6429182477410132,0.6076243534882321,1
0.6090293841932249,0.676671479852622,0.8034197198988607,0.4611600024807464,0.6419492789202208,0.6207068199404274,0.8794462103183192,0.050856195856118135,0.18633161926714878,0.35159167340220393,3
0.46491535192252886,0.11189573652447032,0.11223072058622013,0.9054188951416857,0.5056101854064307,0.7402443388705907,0.8366526708103346,0.9495920928704292,0.3968025157736589,0.928008444417566,1
0.798814358516923,0.23297624001799894,0.5212853843657342,0.512078618529737,0.3828634026494093,0.20197214970289976,0.10599588229172169,0.3737102562888438,0.3968272165484921,0.6309963590852414,2
0.4027412765844586,0.6792084294557784,0.13340010776894895,0.5271659401182519,0.09287930414547577,0.5676934757700182,0.3900588593150756,-0.050172781599829464,1.1136303982628766,0.03361176644765557,2
0.6000583993115548,0.731491647333213,0.40776535569620465,0.4842460440155786,0.13179174360168364,0.9992136284780223,0.17425159262615492,0.2805441713750809,0.15884560778209725,0.6399978163957526,3
0.6155372405622326,0.8793897795287451,0.023290390069520613,0.048644009278192846,0.4173981430672048,0.29413419302391847,0.09726939707778948,0.47539675072491844,0.17366568298199123,0.9402854395942529,1
0.5629419717730086,0.8229746019090136,0.10814916466214744,0.1383290597630435,0.781441454281751,0.04889068126300161,0.17673444826282478,0.322437340371231,0.6492409652853577,0.0025808530674298535,2
0.7891771553538885,0.6132425600010923,0.19915850989039297,0.8918146481212696,0.45065598293769166,0.8702478728803791,0.7426537501119561,0.09362965552641452,0.78194598857692,0.23599681110597748,1
0.6939860000029423,-0.07844041165586288,0.4023900931414175,1.2206509650619684,0.3105542924995527,0.364070572193868,0.8276956527986665,1.28922415890106,0.37358117530703555,1.065120293734589,1
0.8705244504771916,0.21162611318055788,0.8179730555043969,0.9734682227998003,0.21712300876680168,0.6234010445256346,0.6990740900427077,0.569722974192477,0.49214888742966395,0.7021618582579326,2
0.3089106044323038,0.5703695234578088,0.5264730488696638,0.6725099414227287,0.17978212522130246,0.6344302871812139,0.7040119625122332,0.6448995758111136,0.6856184382026455,0.40770125803057755,2
0.7459838814608055,0.5042820135017662,0.22458584443182747,0.7077868655970633,0.6724364569115269,0.7899880237827079,0.790372272512837,0.13869686205171547,0.7777896116109451,0.968631003896752,3
0.03792537296023976,0.19586612738362374,0.3198132816436305,0.7266004878648523,0.44761763791558123,0.8568979957946482,0.860175506788325,0.3810565081540241,0.6779221137318657,0.5029464657106456,1
0.02007841574926776,0.17025713392364422,0.7985552843039629,0.3411155680701689,0.06622713743470296,0.20364770255847886,0.6786366715473481,0.453342369807872,0.3343994115959708,0.48722811528125537,1
0.19270272733293783,0.45965769708165743,0.20161858622212486,0.972161813606327,0.18552497632959586,0.7100228415904026,0.5364378557073205,0.497709365398608,0.10840614361690332,0.9762073574369374,0
0.951064684277148,0.5512648201116057,0.7270075412360024,0.07950552993683871,0.5414310539699257,0.659709999948379,0.34440087443871814,0.21023805191685696,0.7954285740555355,1.004165299165583,3
0.5323628329165713,0.8323975911495272,0.30727202686386607,0.5208891803481788,0.8011581824539328,0.18713077019840252,0.03668798692832641,0.24504858565164822,0.5287764310445269,0.8926919800806369,1
0.022597362981741892,0.8878661723769652,0.3515604960369636,0.4293422210936987,0.6686859360605085,0.8588060789532974,0.8450611957553475,0.44915886821818063,0.4510571462459449,0.9279597623476031,1
0.6331795997357853,1.1249393378529668,0.533276978141646,0.9485790939703451,-0.19630026655688487,1.2519263319253577,0.5576677154432643,0.5924039833838126,-0.06517455438590578,0.8860882533988471,3
0.7503789247426107,0.5902114959196322,0.2702104212109317,0.7633697008473401,0.6516962333485539,0.7983685780391012,0.6759225198292055,0.16972853180923936,0.7238625972217444,0.8191187060862157,3
0.1233005965816379,0.033768257847640676,0.312806729450019,0.7913909445712639,0.42907821222775827,0.6906927849597626,0.7370554336818292,0.26248677873237125,0.7074704558438122,0.46058115551312534,1
0.42022996154451764,0.4330024061107111,0.8215289596224138,0.6690033550960699,0.9109198438961409,0.3601440607975988,0.8808085208374421,0.782940109014363,0.5391312284549056,0.43748521833060816,0
0.9834471520531081,0.4916503539792304,0.8366076470930235,0.15425108514375785,0.031633604577188335,1.1922398266164032,0.5487473198370558,0.4973443508391192,-0.030196380449631466,1.0611627548138989,3
0.422261079034107,0.38665308566539125,0.7265230203788706,0.8920921405803921,0.30870567786171355,0.6660182410609979,0.5563006923716725,0.644575797724221,0.12787220456915005,0.6371623923824965,2
-0.05870725516658919,0.6924653312625411,0.32381083991764653,0.4835096252225296,0.9753500399423248,0.6694817913268301,1.1196600987888417,0.7509801491298967,0.7494823175040266,-0.06798020116307288,3
0.2152969043737999,0.6196250919066313,0.4154788471289016,-0.01646875785990594,1.0050836065291944,0.6380726729912743,0.5129281197999135,0.571236806936196,0.4584075127962813,0.028680462005699098,3
0.03967902456758533,0.2450469588914873,0.7007141937515275,0.020785278203823154,0.043219141200464196,0.2885019974100339,0.12544212915546102,0.8630001101351185,0.46542058277403675,0.2974725078547572,1
0.5900051511817903,0.7053766345345208,0.43838297924309305,0.49634856982597747,0.1341031584872721,0.9953425098812587,0.18445993651819204,0.270530592305011,0.11486820062555458,0.634887466060846,3
0.20860375781771165,-0.11410085755194459,-0.09979637977366379,-0.23434423600060555,0.6372738844251155,0.08317242789589821,0.4494376790139334,0.3494328222747073,0.4955496243638764,0.2955549054926452,2
0.9360467863531052,0.61586770380968,0.2821814970609544,0.7800203664016979,0.8182141000129325,0.8160169199943602,0.6554152744081894,0.0858069385579415,0.6973604940215331,0.9307039870947175,3
0.389461744678518,0.13369037257365962,0.07367702286389621,0.4279985427510234,0.0161363115219241,0.19512012526275258,0.29038783935533075,-0.06301325468777064,1.1501374927102224,-0.06236833531402253,2
1.1083901481261038,0.35146393468547577,0.7040912693773058,-0.20240532024408747,0.20254895587427402,-0.14738999623069826,0.23421181519819328,1.1083832661248023,0.16528860227208828,0.17623319590898023,1
0.9868221739932345,0.5992840837473992,0.07209005672479282,0.9100953774524684,0.3588536652715447,1.0025345646969652,0.724290840302122,0.26138423653833415,0.8832813524377924,0.3058587452691578,1
0.13278335572901018,0.15562314842242775,0.27032700573658874,0.7295338021028561,0.4127804828942717,0.8206585237158391,0.922266225167522,0.3047373476630027,0.6542712055251118,0.5051680483698548,1
0.9187802573982509,0.5075263310539612,0.7323229024104128,0.15715492983328708,0.47824305132582134,0.7858399063021806,0.6713551791259507,0.49546620761523885,0.212708589681271,0.3686816531502506,2
0.9175461396271025,0.5990925154623491,0.7984033676492777,0.09498536574204167,0.5511406791355433,0.6708716100379402,0.39958693409957696,0.14346383978272434,0.8554646906096336,0.9419952530217645,3
1.02183481107192,0.4821855148997781,0.028198922300894463,0.9105993921127448,0.2571076333731067,0.9373869875299374,0.7527496066240144,0.21944438589111304,0.622723304037163,0.12360995094500171,1
0.6362564378509044,0.7346948544755264,0.7795335301570393,0.4419975876439469,0.6707846045337302,0.6677872131948277,0.8441814198997336,0.06970544539624557,0.17230767050983203,0.3063481664045721,3
0.5453090871043992,0.16221869879560535,0.20137120816209197,0.920869579807314,0.5420261494913765,0.6007376655495,0.9409083529432261,0.9146769774033162,0.2042978392022418,0.8382912186222382,1
0.47692730498695146,0.8277445086531345,0.3092012289802402,0.49365104412430016,0.7702438533527167,0.14436934347166958,-0.010932434481441239,0.2000742426373175,0.581484275383203,0.9495665344910266,1
0.8697472616509064,0.551647475442717,0.3044929733419686,0.7400325259763905,0.7796452065277174,0.7533432437183327,0.6844623158132696,0.1078029203449535,0.779633723482381,0.9278405697855513,3
-0.0021239709353029143,0.7869937591334905,0.1485543889034925,0.3914786879100561,0.8142906604753822,0.5139746447415122,0.7817721399384321,0.7936723038139489,0.6064655944797319,0.21848160266968691,3
0.6871194218690058,0.0533420718326184,0.5546817030459917,0.5383127534851267,0.4939254224780801,0.12576408729055955,0.7105447271582137,0.5813399510820185,0.030340596203554015,0.5650387293307079,2
-0.0900301504301177,0.5271682979508623,-0.41228985571927157,0.45448631642691806,0.48797037625648365,0.13286823655153035,0.5577459434696065,0.04253634180351862,-0.11601354237567313,0.23909833436216207,2
0.3241653809066498,0.9709645215109575,0.017565107664871328,0.3225971817967991,0.7151692556870185,0.7471128268775848,0.8792300428128201,0.35159936355712446,0.7320769913095525,0.7493057780216817,2
0.04329921625657916,0.24204025033283674,0.699423262404975,0.0373425660128813,0.027703620685088297,0.27634774029536563,0.11164522137257746,0.8864426796626887,0.4803512831852048,0.2823612256077232,1
0.9650688369768037,-0.1920582318646405,0.37817912139847415,0.1515641989524659,-0.012270723920588193,0.03460218359839033,0.8510801104934997,0.9023150099645962,-0.27671897689352803,0.224773087183469,1
0.920352747966452,0.5890224716928075,0.7401299783688909,0.05178471677087712,0.493813955359628,0.6833311822240614,0.42635776724317864,0.1747192578525676,0.7791421784158886,1.0014221097243705,3
0.5098006698818754,0.3017337007787225,0.1390793309990248,0.25463112699395046,0.7531161465488241,-0.009065199264383164,0.6458193911555259,0.7954317197082345,0.5923010494148632,0.488989837076911,1
0.6238424080424128,0.8083696957222108,0.27661600612178305,0.25439229471696767,0.7447740463388591,0.40874115679863526,0.07504923487727738,0.3828486578105854,0.02370115272850524,0.33410014420600304,2
1.6460065906954249,0.5170645944688563,0.31603802351204724,1.6614419136348202,1.2362503219985777,0.42058096608772866,0.8547276891485476,0.6621934920819199,0.8826704457989325,0.23267744822117228,2
1.0488663474985251,0.4905548964088678,0.2617846763609422,1.029219659165497,0.47608516012482527,0.7570954447295574,0.7548833088219782,0.4640941860470964,1.115951940539556,0.4580803885346124,2
0.32735530665908924,0.8653491533864233,0.9779575761949659,0.5957602081742939,0.048956964124496155,0.23185519669635007,0.2332043573720187,0.7828303011157899,0.07927510197918547,0.2865949272712541,2
0.2584727036367483,0.5928180718567633,-0.17685292627478028,0.08911345743348087,0.3047983335209686,0.5558034225437659,0.46873320596143486,0.4342047657105192,0.7506609221708119,1.0117319196059977,3
0.8840639401887218,0.6598623685647765,0.44235532806531586,0.9871154193924818,0.4617536258877816,0.8029132533232456,0.8888452227772492,0.6872686816952185,0.8679135253084992,0.4978940456500042,2
0.07747155522010035,0.1301942596106113,0.27512796118392807,0.7478565328273777,0.37738745575083543,0.8980725844931222,0.7496528636865996,0.27526463842294874,0.7111988154043267,0.551069451944427,1
0.6992237709462346,1.1956806335690104,0.6794450917346133,0.3229220789731908,-0.3124969111941703,0.7407181925640178,-0.01353472202526143,-0.2148455007503577,0.09409366826032012,0.7151115225291401,3
0.7474590546113412,-0.0026509090022096005,0.7746858991186368,1.1864141363607383,1.1156030202609237,1.4923230729736858,-0.4568907245479019,0.7731714670910919,0.42039809673555706,-0.33033467098554603,2
0.2425899648774506,0.39570037219252396,1.0813687402390033,0.6360561552815257,0.533863414906134,0.7063304830702125,0.12248220728667697,0.6639071010356733,0.8441168136314092,0.38367574003356897,1
0.6834249464340612,0.8930884705188126,0.33575309204289283,0.26006967552805693,0.8164396039297411,0.4389765432751735,0.19151248786870118,0.4038311880402173,0.12134749982619002,0.27776611486158814,2
0.7096227343285129,0.35455863774648294,0.47468643770858904,0.9106135875506102,0.37035403202093664,0.5252773126015782,0.8280009676929951,0.5079838307435354,0.8384083142028987,0.2207131103412216,2
0.3466448641747855,0.8577180201580962,0.9994197709175632,0.5599652499618507,0.08416410845877823,0.2638624833806938,0.20128722703750443,0.7534867549962584,0.09862259770366846,0.31343232433440016,2
0.572194230702905,0.9519766240467812,0.03662320078395914,0.05508966877555537,0.37523516026226217,0.29098085400579043,0.1641592860047094,0.4662875734099777,0.17761528374467112,0.9667623871711226,1
0.7691497911444916,0.40199817372530683,0.8713600198047391,0.7270782113159003,0.5247843085088657,0.6004887301325974,0.07403892136656473,0.6921655752257654,0.8623301483627364,0.40171645454207666,3
0.11270189427192108,0.5685183764060826,0.4687248633277877,0.06572036603655126,0.9816733220066866,0.7281809112785554,0.5009836218635093,0.5391617421815378,0.4016338265368338,0.08245099144165789,3
0.7990719028062595,0.3977861239643776,0.8355000229955776,0.2265759524703799,0.5727525652663327,0.6540658735004052,0.566380832543353,0.3046574305663693,-0.028678398251445247,0.3010746342392237,2
0.651778353355553,0.7438103202445436,0.7369394564653075,0.4813067705798243,0.5640845844413336,0.731882393852466,0.9160367128230448,0.09356544016137552,0.14183820355919236,0.34808244498603563,3
0.9129352973372603,0.05118117397848082,0.3728933436605644,0.20922561295689224,-0.10146523556774109,0.12429305060866933,0.602440392422473,0.7153106740662751,-0.09222555776178047,0.4555487953894528,1
0.08920865492157926,-0.2638973263707646,1.2200352929430927,0.8715185654321135,0.4411230036663754,0.8752327460729044,1.0967053012822712,0.18745822012201482,0.09351061595797897,0.45228813784282307,2
0.6343330304786582,0.4376735075317556,0.14050274115152128,0.40907340953091675,0.5172727630210341,0.16908783460314927,0.48807300102334494,0.5649992177071905,0.38856089748712,0.8337028141453742,1
0.4896209801089793,-0.0191732406388182,0.40025905567620473,0.14302684017248068,0.42851924185186524,1.046982754170153,0.13581147875122979,0.6855767923695675,-0.15016895774229094,-0.19336493499979135,2
0.10670883564199815,0.8580692968943424,-0.23173588691735453,0.515876726284743,0.4477514040716717,0.6647827054784415,0.810822936869607,0.17060851038065095,0.9139151707254151,0.5508021496416015,2
0.12871158955287884,0.378933811547242,0.23101691114761252,0.11323970178776838,0.4548193782666928,0.2998575189354171,0.14710626728601464,0.3003396333938853,0.939975896764274,0.7403103517451166,2
0.022582676169531954,0.11291157210098131,0.7644376664182765,0.30608410264818664,0.10556915392018854,0.30221362529757717,0.6311457111280724,0.3825382568407173,0.2902176822324887,0.4595534000825342,1
0.6144585372598952,0.7620032488275085,0.18343454045764257,0.20459645705767232,0.7852067553507479,0.12399019042286613,0.14883145953190977,0.25105950935351884,0.5262919946450353,-0.09082456379933446,2
0.5665845613251874,0.9072908803136507,-0.0448386667879529,0.030545041875869906,0.3632903390954166,0.34493640170130746,0.1856849150059835,0.4430905511537671,0.1584792100554773,0.9730409526358392,1
0.03040245871258451,0.8324792027163136,0.31271030373460423,0.516598325194052,0.9747177608620144,0.5816255290187038,0.9843445448322368,0.7092451538669131,0.6879928445938333,0.053903830139846426,3
0.3414120070978815,0.44826260490017705,0.19858422922191887,1.0029598897702532,0.20569716399101712,0.6423559838259745,0.604402318591416,0.40078326930048197,0.16489908965124506,0.8344350078271722,0
0.08448509752660129,0.07625138848219154,0.31313925627330824,0.7187007824182721,0.5365467271136257,0.5888835227974156,0.62711722171366,0.3740331530628901,0.9088030506246668,0.7869317973870521,0
0.34606156866994636,0.3569526781012066,0.9832950914660963,0.6421891512446742,0.43011158742179706,0.7482261929821838,0.08049783549514035,0.6566075447752331,0.871569329320919,0.4559771703711258,1
0.32020807762480025,1.017986136700459,0.07240748577599132,1.0868244500066053,0.8244530880616009,-0.06882357623366009,-0.05760321835686932,0.636888521796847,0.7658741166618929,-0.059645031991583164,0
0.4298205548946307,0.4339728053185573,0.7059204465805488,0.009833680014893265,0.4215392675256582,0.31504032725025166,0.7393240433622955,0.2106487931918872,0.07163987842321727,-0.010264400830576836,2
0.377207755643681,0.3559110810791709,0.9161959494145915,-0.21563037016992775,0.2469062518119084,0.7005477124232374,1.1347738710745665,0.9151149730436883,0.04882164112768089,0.6048423692341137,1
0.6152835906909306,0.9387789441837532,-0.008532408572691884,0.02509037370597679,0.362122900892707,0.3187142241781483,0.18246218487716948,0.45192827008524505,0.09310954628168905,0.9476341211243923,1
0.119813661102172,0.35202473798656525,0.23010596469092515,0.10667373672807556,0.4718287497285525,0.3017788829158054,0.1298247397474662,0.30887292395858834,0.9498635928263619,0.7262683382641387,2
0.3333282998629089,-0.04725802911056409,0.8243099635240181,1.2995035296870898,0.07843800054897204,0.45400008139237114,0.718085842491036,0.8874867939416058,0.9126045953415941,0.1852652420798917,0
0.9530236380970853,0.5975033809857911,0.7799302657104833,0.09035383336264269,0.5329644334444966,0.6383785604480431,0.3825851867002649,0.1909821378271016,0.8031501292154308,0.9572806467369032,3
0.5692973323366801,0.30750057813820453,0.2664320646001134,0.964553463662067,0.18091161931639332,0.36050884468491606,0.4724919162976907,0.6629282494031876,0.7019854261401667,0.18136456964862518,2
0.3010769135478491,1.4957010140403892,0.209722666606452,-0.17577405943604796,0.9460402111023611,1.5112069935924364,0.3290672223275922,0.6101627972130186,0.4930062202486009,0.9102181001583345,3
0.25033201621181905,0.3818484746276956,0.9138924695134722,0.7248079354088487,0.3747913536574119,0.743473303926822,-0.008117915426226141,0.5287658427533828,1.0468512613835412,0.4738517796726014,1
0.21156114810106721,0.5623808914720319,0.34515190963943654,0.07402833871825364,0.8559659605094896,0.7530577644955333,0.5195916100360939,0.6024441231435205,0.5013801933514732,0.054260826531069464,3
0.5057735459298448,0.029887683794081077,0.18003499698804593,0.8183463754389386,0.4280850239867231,0.5577390132649067,0.8633934725895606,1.0852661737002731,0.3736836187920661,0.813928786364577,1
0.5666394887440579,0.7218167734982586,0.6611335362246478,0.4113385921724849,0.5048718487158277,0.8651517562681694,0.8619006610286083,0.07083307950150873,0.09152396081402067,0.544892844791438,3
0.22607945773932717,0.5926323300869929,0.22277229839915835,0.38073452597134405,0.38019469653987226,0.7718882630403214,1.03495656165545,0.316282605777291,0.5245891827973331,0.8050930418114515,1
0.3814072774020558,-0.030875002671281404,-0.16181873352148668,0.6650749096329387,0.9345731428558376,0.7053422219343805,-0.26974754834689973,1.109601226582258,0.22098350035782208,0.13622425635869284,2
0.7390727287858703,0.8232132993848807,1.1243461534235637,0.18572708845660957,0.2005869728144027,0.28205901609368544,1.1116573917985235,0.5902499797870688,0.06033959183568571,-0.2546783412472208,0
0.3957714948300691,0.7582224244687422,0.7849782137277012,0.6469730208345301,0.08058774386588438,0.5265006777811959,0.041379307237473156,0.8664790606042477,0.696188702410274,0.1820809773608914,0
0.5193859967665346,0.8919649603649747,-0.054245788268579856,0.14594515072011474,0.2967403591383527,0.3105880412961534,0.2103831795506289,0.46977434126776113,0.17065349498159887,0.9155643479772724,1
0.6707643200592011,1.1141299644737608,0.5959052691307516,0.5782641674843214,0.6267819725414226,1.1493141973948715,0.14398990149521299,0.36509096482717446,0.7668474017055883,0.7335159358681367,0
0.9413169650879725,0.577593887765879,0.7578894475775153,0.08958235284042596,0.5505508193741432,0.6270058186832902,0.3757105519274118,0.18753359082631407,0.8169293983858662,0.9836333334680935,3
0.3186644159084446,0.32075456051806284,0.3018964526232663,0.6191715344262543,0.17122573575278371,0.4261527899778017,0.5553239401957503,0.14844877357529349,0.8571009445506002,0.22433512485561125,2
0.8340757387049561,0.24261357414321497,0.2229545064195549,-0.003398410909919103,0.10723503895383121,0.041767645710190565,0.7129089913205063,0.6784051178102811,-0.03336698265332396,0.354986649352223,1
0.41780838093561196,0.29579876559608,0.3824591937966915,0.6193892798327916,0.35818988707381694,0.24037423443972075,0.5166039748067398,0.011978604839845794,1.027559372115617,0.33707837663357626,2
1.1106541195879944,0.1410297037565514,0.21790312715334276,0.9041011882658601,0.5531827512325951,0.30831906570162193,-0.03984657075847438,0.9320063114011748,0.06195289469445503,0.1674774824548744,0
0.540788402338357,0.4186628919415776,0.31733312005760017,1.053515107982891,0.2232981100499726,0.5052969673607005,0.3514130669025016,0.754011927277481,0.7402680688435057,0.3431178353206907,2
0.6847358558526844,0.7733162485568823,0.2856333125708657,0.21593052990823772,0.7367561825625606,0.3900998007551195,0.14709010030992187,0.41147451778832084,0.04298020165014316,0.2980983174775455,2
0.2581343988446152,0.4277021102902871,0.928869687628803,0.6133476929885682,0.36373176247743283,0.7488272039889922,0.13636680778017665,0.7319722783176024,0.8932311984199316,0.4618095232384122,1
0.6764598831718039,0.5096389268967978,0.24495749545749862,0.9712460566310881,0.22166917181675164,0.1672638608318498,0.674208416172271,0.5691546929713103,0.46500160930172413,0.3583783608614569,2
0.88807086412547,0.6630567471481655,0.09323759037685694,0.744857687241751,0.3817119670980063,0.9232582301077591,0.6809973912659919,0.08790036752870652,0.8450170515687851,0.25065410226865914,1
0.12273057540177876,0.5680891315366966,0.39593005115593627,0.1090527778460727,0.9886627485160873,0.8104618426767971,0.543183965915285,0.5347356989764309,0.3586774930304083,0.1234927572670903,3
0.30046417398004066,0.5114676896080634,-0.13731611373507208,0.018649968931284705,0.8849870188868506,-0.38293000979555536,0.8438756787937444,1.0894105257173898,0.7158889368990875,0.64773596263777,1
0.25687821245717224,0.6599790093105116,0.9141561192980389,0.09316238689332676,0.6017727632572194,0.4113405299926845,0.42142712550497835,0.8429985412720272,0.2814546052029678,0.9548899707433403,0
-0.009541532967770328,0.5190605814674335,0.05081259648705361,0.10479491969514905,0.4793716729998803,0.45997542077192544,-0.06197704371894583,0.2274138642270842,1.0835297181371635,0.8422527321332887,2
0.8826919726228235,0.709091482456844,0.13652747405330903,0.7830458344024013,0.38632448511259004,0.9609601850328704,0.7197310059459836,0.1552182313922412,0.8103814772809782,0.311727199016343,1
0.9118053316126217,0.7697502798680222,0.30096916692432574,0.7417518538443186,0.4864045721545299,0.8940175438162103,0.8624292641643609,0.35265836337789813,0.9703864831732929,0.37357623708091464,1
0.3441848457490875,0.4066903796873699,0.3555052028709953,0.71347265752873,0.16200420739770124,0.3866191828880514,0.4994790649800679,0.08222920271239471,0.9514451979837782,0.18147944385096285,2
-0.11483180747272714,-0.13220558269380617,0.5107122854053032,0.7329616868509782,0.6470313735505419,0.5259684283102588,0.4188172773585187,0.25346434834627024,0.8322723431607523,0.7183971991943563,0
0.43799997464604096,0.38246539503703403,-0.2474644657549196,0.6931854441687382,0.5320675256749263,0.7115328795554632,0.7230882411361175,0.9959509843457571,0.3170735042030452,0.916259415411974,1
0.943640099798969,0.1748667027045405,0.052669721591393666,0.9627373879529592,0.6343302394615064,0.28640510249014534,0.11523522673755857,0.8888182280999493,0.1611632342368891,0.28444318804028196,0
0.5581898786971463,0.5207816100053742,0.7947168062635638,0.3180255793115175,0.9348326782163803,-0.5104256869058906,0.33193064133868416,-0.03521853939051928,0.5501271506585499,0.1547961407512848,2
0.3066118824409048,0.4200488571298991,0.9872780772899442,0.6272714078859223,0.3851062557958692,0.7308039395548402,0.1694481173294866,0.6626639086677811,0.939522244355553,0.4242834030652532,1
0.5153970137774899,0.0660700658665384,0.14160848898586303,0.8950943410257081,0.5682923142174692,0.702176462814132,0.8593960616336316,0.9613582393719045,0.32934755217329664,0.8657292275125271,1
0.9477997122966936,0.6302923235961341,0.059950287729951354,0.6696296255724672,0.33084907025872007,0.9656377207334925,0.76798532751081,0.11020487559893286,0.7418468891834086,0.3212836017785498,1
0.032144031187140716,0.24374611226173135,0.6952126854409627,0.007493413591914499,0.04229563636045691,0.2705075295465322,0.12360620612175652,0.8775373173357449,0.45476378234572845,0.2940494232937623,1
0.11607490655262256,0.0412002655451052,0.8412469071674877,0.3461575890944323,0.02716582776969413,0.29715593448020833,0.5961935640282465,0.45278864661347595,0.3574531743070673,0.39490723495665686,1
0.289201018696838,0.2009910141810826,0.4931540218695325,0.5990975009081412,0.6973567340774387,0.4829220288655652,0.7847403370279498,0.23589658217926002,1.0857263533549804,0.8958327778018264,0
0.5805238627993636,0.7147949279244462,0.7914919317958505,0.37767950148783536,0.6270053509094282,0.66245580365435,0.8034408091836351,0.14308573396526278,0.16362741153845944,0.28250694092749074,3
0.20214165693464886,0.43634058713533797,0.6308851423796736,-0.038578421124645365,0.7941832522445582,0.7670526251800397,0.403610733483111,0.4666213572983869,0.45984042182074,-0.04804386780728087,3
0.5505657771049715,0.8550621413598761,0.33171513000096553,0.5313853984549448,0.806975458270925,0.12977961812780375,-0.004483729350431946,0.2210753370857526,0.5532097402981624,0.9137330699166815,1
0.17853784374779,0.10729013939047093,0.41237332990334147,0.7899920863480424,0.4043445079842143,0.9033022629644696,0.7781066600008565,0.3997876328115632,0.6855029532202721,0.5831695578900875,1
0.6639690908588363,0.16711828742694862,0.22812170617952812,0.35187383835460234,0.6103018126980719,0.11615471466011808,0.5824537836348523,0.7834442135465691,0.4932001138002665,0.5984187048451967,1
1.0616653648766237,1.323393925389153,0.9263404574856055,0.3216242325062726,0.6356056038778192,1.3255552398213126,0.751734240651508,0.6697372459863058,0.1240253587358918,0.2286809284237436,3
0.7860262254936241,0.42078622643024827,0.8966605646282185,0.742010942707238,0.5535596793967581,0.6332355988475536,0.07261494511468908,0.6888691820002455,0.8384768562550116,0.3715447834679118,3
0.3331201113685581,0.4122698955236418,0.3517388533429104,0.7073645547560401,0.16476397957981104,0.38427608325042184,0.5089201274674261,0.07835221653246374,0.948650293503059,0.17695201349503858,2
0.9289481634808608,0.7392871796121794,0.12514780983946766,0.6617100956886504,0.30188422132689424,1.084800854360202,0.7058759548257749,0.12101425274135326,0.6885715956374436,0.3473481313315632,1
0.26071933756156496,0.618420454751765,0.6314798591237344,0.5735681304865266,0.7495949660924344,0.962055136602719,0.5133757568279687,0.49932788590375776,0.8960105179117273,0.11272009894472831,1
0.1547910154936608,0.17836485823224085,1.1140886712109315,0.5987721413704723,0.3220548600925034,0.5010520622247915,0.33310747801913165,0.4737603023207232,1.0590508640739043,0.5283170960147632,1
0.39227089356874106,0.23889323652429023,0.1365958667807475,0.5107789701168287,0.23503447194030538,0.06471625880198154,0.37539050901949367,0.08398368137503723,0.752862859563781,0.9967156260602275,2
0.9836027334779476,0.601784603389226,0.681173887051067,0.00901035229827303,0.5810778742237217,0.6411868513841495,0.2783731843200649,0.2673634829748925,0.7554019503651621,0.954719583800096,3
0.9063988190167557,0.3387198508700935,0.5375100575245283,-0.004418897908459507,0.020677333694550586,0.23651331088303326,0.6256555326845474,0.5559160656718423,0.026805431719897188,0.6690858753028006,1
0.37330094962089416,0.4467009092228783,0.8249125134759783,0.5283873695831713,0.36692826521361427,0.8533929762876434,0.08102048204924571,0.5649639601105607,1.0922834485336719,0.5173644600092974,1
0.8658128553622162,1.1364032826335027,0.6208610662518422,-0.11466667207882231,1.0722271417180775,-0.15909587114014542,0.027378898305108534,-0.06480868848955129,0.393697361689215,0.15405547724585944,2
0.0675469232973819,0.10591854570779433,0.3069526682842257,0.6548926398954071,0.5189613073627969,0.613746134059569,0.5791715583515127,0.4294299354152224,0.886567095615874,0.7901805821028361,0
0.23664065519100858,-0.09328399504690954,0.6064092033601838,0.4340055178249789,0.3802782458835212,0.5433692953334236,1.0201700797746431,0.5490960301661175,0.8860187804670634,0.311279702411997,1
0.0821346526167953,0.10071060887872788,0.6917022940666377,0.6714723049432991,0.7978932531559831,0.7085410002138923,0.8186912447090853,0.5258032305393727,0.7690729737414435,0.32193821832116715,1
0.3471360380102835,-0.35944636122676776,0.3090949923515547,-0.42774778507453604,0.6057028341844893,-0.2909767806974839,0.7828231843811033,0.1418832634658792,-0.5702717390252365,0.6908006058862068,1
0.4832026400919648,0.2901130642338623,0.12129096789876977,0.41446529335890614,0.200609300995449,0.17697487549650667,0.3555708399959034,0.15218750949465326,0.8683371624501709,0.973269230750983,2
0.6541061225963493,0.7051799280523028,0.7436074558672428,0.43146728914819166,0.6652875489322302,0.6334748663854799,0.8784718984771142,0.07987888917424851,0.21390302799212801,0.3213351876996151,3
0.7519093029925317,0.6163376317072027,0.4370945318731426,-0.2509481271972048,0.4653814156562328,-0.2733584453121352,0.3102271117812716,1.0051831127406203,0.025440220825511655,0.6341893900142272,1
0.6566008709113864,0.2125502044810575,0.30379677727997256,0.23995046764946656,0.673789066810728,-0.034450166482282774,0.6578544758776942,0.7871135319245586,0.5592600755001527,0.7001182835394932,1
0.10303120592485421,0.24440801799637546,0.3854487381397633,0.7625278593111224,0.4982002287763163,0.8363938444943949,0.7786590392544497,0.37544753978002593,0.7054271270477632,0.47262500739382174,1
0.0637177543379707,0.10024162816803263,0.7880929203756075,0.33453635054598135,0.07799454853813224,0.2767672267643133,0.6165621567627352,0.4086237958454065,0.3177506217022353,0.47754238688358813,1
0.10105188092045055,0.8018175292410816,0.3477190212576938,0.43666075916091573,0.6849223984980981,0.6588797175940605,0.8703807585172082,0.5519324939640352,0.3865506441066416,1.067391213826402,1
0.33854192429785157,0.4988613292846246,-0.025822374057009434,0.8976253097644038,0.3263086980927923,0.7336231475779075,0.731819948782089,0.519980403267214,0.16258551120466158,0.7060063555859184,0
0.46156380410052433,0.2552499956444707,0.3361501941794294,0.03430518587320691,0.614894043461719,-0.09113828229333194,0.39734662421786177,1.0153296302215657,0.6610715513311443,0.5516219390423245,1
0.9344821893664437,0.5608687444263489,0.7458591332272141,0.06105851610754491,0.5924511693550367,0.6356843062914924,0.32163964732746614,0.18578831127690004,0.7787197021736767,0.94746306007687,3
0.38277789575449295,0.1254954970872443,0.167984285816367,0.9131861345929018,0.3817680353697057,0.693284292549178,0.7199739996466757,1.0147666652727025,0.31562734153523897,0.8770159129774667,1
0.1432106554981043,0.052495142452831114,0.6906341468669573,0.39058363440369653,0.07471650662157743,0.28877294581284835,0.7201835017180778,0.5206848695090089,0.18620192915215295,0.568604491191429,1
0.3368638578883329,1.2629301841563598,-0.08402269553803388,-0.12568384377971686,0.12245239663994194,1.6727607697722484,-0.31046961669626316,0.6278103577649787,0.04502513768053476,0.7897780494866959,3
0.9756700500600007,0.8767172089704981,0.3771451944889784,0.132797723629737,0.6676807019841365,0.9818239921379572,0.7216089158981968,0.13226992056195708,0.26033730109247233,0.8162139815655141,3
0.9577240644766306,-0.7858535649823495,1.127618062719507,-0.69650083893764,1.3813521633528012,0.7274003096389038,0.23229028201130403,1.482099611619833,1.2636067765229828,0.25278344994130636,1
0.25727975587196733,0.7310381683853884,1.0125109195911821,0.5339822485762324,0.3197013356724859,0.9968938899620612,0.031136426514169757,0.7178065337453823,0.6483474811931844,0.607477048047565,1
0.24760920427430536,0.029824343393104816,0.49824004553582246,0.7306174426298248,0.3361971219709958,0.568536173259723,0.7250190933158136,0.3714987054491619,0.8951927222265865,0.6826040630729284,0
0.7189119458157025,0.14411141052857854,0.3741459492228565,0.41244715772631646,0.6080680200917765,0.15548275077663384,0.6138960097572862,0.6132595568109951,0.4766780994570427,0.7480116259046103,1
1.1258478662536635,0.3045301958572441,0.4895168176321036,0.24695858529648806,0.13208855842772266,0.03319799387184165,0.6858552318368489,0.717162777840401,0.07731455392249648,0.6675966277143931,1
0.5511832680216485,0.601065405709146,0.4352102248214495,0.5960014646643291,-0.10467469709793881,0.39182409456211786,0.011133980201083027,0.7387000937362741,0.3985420784979773,0.13374564411377365,0
0.47929627305846906,0.03965040525371004,0.1469325433667604,0.8971143992880054,0.5209624389468365,0.7345495553358352,0.88374825281744,0.9686700854084527,0.3426379788429483,0.8536414328816053,1
0.18209260628250762,1.0607530366331466,0.5486329154180184,0.8648683139502793,0.3256606253971494,1.3620726068125193,0.026464941726921154,0.7147237945374403,0.7389528132391976,0.5170461629622269,0
0.6421938574510756,0.7399539061250964,0.2897214205329905,0.23838164112671176,0.8131305222182424,0.40308471139750535,0.16522675136792217,0.4769414570015788,-0.017952630353391903,0.2518303120180081,2
-0.039331560867579995,1.1668449816676718,0.2928662266974195,0.1311222525786077,0.6402488156720685,0.8397624245171115,0.9907520366250369,0.45752727133014626,0.9200798362907824,0.9741661783397517,2
-0.30017444034787644,0.2589375294386521,1.2309219747471576,0.28529531570221567,-0.1203565863223085,1.2595012199946882,0.3585818934753931,0.3426999574672932,1.1076780559960646,0.9115515143082153,0
0.549935942369547,0.8292577527540992,0.06258415191441823,0.08262886701828992,0.8299919745706184,0.08173701904957806,0.2577138592988854,0.3599589650931581,0.46093446325449366,-0.039284288984958546,2
0.8364647715618222,0.24701647696746398,0.6044786989671899,0.9138901721781674,0.4100644405178198,0.42378169746612626,0.6838780861859757,0.5210985839193201,0.21904282495530417,0.7583415173586115,2
0.8008074067758999,0.8142337925023531,0.03592538915082936,0.810616556642323,0.6434402681172555,1.045032192432726,0.5570627902481678,0.6046329024368652,0.13086080321643762,0.20632549256384114,1
0.2696896059272823,0.35458807795489067,0.8851134739221486,0.6443896229352254,0.44114660660241983,0.7536355718344656,0.2550661169751176,0.5791455921300348,0.8379763103416009,0.35456726842165,1
0.12005247319253716,0.2674498674652944,0.30547627714488834,0.8172264114670935,0.46302984262363767,0.8835580373139673,0.7798372460540095,0.2531665967293494,0.5810563493084596,0.5631706270271198,1
0.0740984699410136,0.1015625335420386,0.33191298494576005,1.273045028803401,0.13402599768058449,0.8077932332806989,0.5735177266389722,0.1438749181265972,0.9383333244344574,0.8327654908858706,0
0.1490175195986015,0.01935586375962856,0.16679644834036758,0.10921279979162234,0.7862924849909121,0.37145784756062183,0.44881813732172327,0.46008290143305364,0.12874102496622475,0.20587206704902317,2
0.7819664469911491,0.6531992567049375,0.35116047775880227,0.7996864184336467,0.6740508730635786,0.6574934261818972,0.7019072563729435,0.03439514723755928,0.682844634217393,0.8763469890598534,3
0.5965168065746485,0.9013836753831681,0.02397498088764994,0.059207072897416856,0.37051325831158083,0.339355985156118,0.14456933684082826,0.4765764307408216,0.11823997823841312,0.9425784652865227,1
0.6290951128267299,0.8358553950601785,0.40488485776677063,0.5383201612252824,0.16580042411774068,0.9282035554063003,0.1884357991809945,0.2655019897991168,0.17285566591454524,0.5757557045902137,3
0.12821246481067133,0.5867400979300045,0.47814971392765865,0.04014889466368414,0.9551770160387124,0.7092760011326747,0.4902492811120012,0.5389264662013808,0.4206009682764209,0.0723164615492144,3
0.29534139693303313,-0.030954524021503338,-0.005203540819390173,0.057994800693473625,0.7981877419562301,0.4110360954318448,0.5528533756674737,0.6336268499056549,0.08139553677268982,0.08427329279114257,2
0.03905295225268708,0.1099678657513821,0.7824138050286502,0.31103390017165644,0.060625231219138334,0.27531808130053315,0.6277628734344844,0.4137629130292602,0.2980668364997994,0.45832437564766637,1
0.04591606909190891,0.7944169890513471,0.27202160171625345,0.5215951890199738,0.9247694394288218,0.575039358983731,0.9402288864754645,0.6334716153900117,0.6097306177553058,0.06601085962686239,3
0.39631202821670347,0.6919908908303241,1.04761020204725,0.041422128239462744,0.7087666741976092,0.5292674978885528,0.42975403636670234,0.7419935712062988,0.3112400741457045,0.9612583923642655,0
0.5842826300258916,-0.28140915637529246,0.15267430060587567,0.14926531960669004,0.41538768939944753,0.5235256014808376,0.6070347166802905,0.5804838441819713,-0.05088083587600739,0.19184308502826836,2
0.9238047013963078,0.7785600877874488,-0.019731927721590076,0.9208643696409021,0.5014300121370805,0.8366168446180194,0.5884048345627026,0.12813513436965634,0.819792626953384,0.4601142494644971,1
1.0991658834124571,1.0542075865689178,-0.5037307350094107,0.03316181465016699,0.5287329287779465,0.6531665263500166,0.13610486475584171,0.2010763020111707,1.1089103186461249,0.478404465091658,2
0.05531991860411917,0.847657337449189,0.4941536504787599,0.3805316461772448,0.44505957584030365,0.6023862145934368,1.0004440778868666,0.5512623973948055,0.49322955055794915,0.8346294029555694,1
0.4146769493651796,0.3997478960943018,0.10927075149860237,0.4366930914833114,0.22579269677786176,0.33134860481829387,0.28104938408270597,0.22228953761433154,0.7358731732946717,1.0361105729012272,2
0.5429473430013567,0.05230937265850811,0.1474418452724303,0.9445713143994265,0.5921806011751862,0.7183988292638555,0.8805538879972221,1.0338758872895926,0.3818569751198245,0.8721802473109711,1
0.5039745916204214,-0.3199980636704436,-0.2590217712817276,0.6229319251512814,0.5423429400114609,0.6198412046935101,0.8913843771444208,0.7003844321386796,0.5626280203427474,0.8554061532606084,1
1.0451510320312716,0.9173302938523777,0.42643115719501967,0.16618385120132317,0.6646155233488595,0.9583275755059797,0.6783016405916111,0.17266876799113734,0.3165602609748429,0.8627191442658207,3
0.09249232128523252,0.336436432390136,0.2372391481164563,0.1356855098202101,0.43764875590604246,0.29497845314867766,0.13249628266335678,0.35273889797436275,0.9399514944862858,0.7677864779650481,2
0.7838344366181527,1.1528301560918957,0.7218593476632413,0.20762634595431123,-0.24844969222763297,0.6970342756237158,0.01894385169767432,0.10898691628594154,-0.2701143903006715,0.8412996406614678,3
0.7443305428000859,0.04324339861852847,0.6834854391275282,-0.0931484622155005,-0.36653859641099074,-0.14882347910899527,0.3625268890774559,0.3354353317015891,-0.24575113351829486,0.0563375205315958,1
0.021729426398136048,0.22743848632114097,0.3500663594757323,0.7433050870142407,0.40986753974201917,0.8684129153885671,0.8967787581424428,0.30966819156394054,0.6707868032718182,0.452099203512876,1
0.19651254087239578,0.11922085106201735,0.31970077333958175,0.6274858224844235,0.5515739706035953,0.8016648192068275,0.8955070925569253,0.42840038159427646,0.8059575100149844,0.46754681948678345,1
0.9940578255051622,0.22662920454472613,0.6299878983551397,0.3499280365793053,0.19079157984828618,-0.00878468557656742,0.0881217362403838,0.6258504421081006,0.26975204568423206,0.4430239808120813,2
-0.06206682406956315,1.0440226306261395,0.462773314645014,0.26989579309434863,0.5464998348440356,0.8513738790746843,1.052695787213143,0.6937480094482357,0.30632794616091963,1.0944906335084132,1
0.6451342413808188,0.7050879312333423,0.7685801924259179,0.4393129558504981,0.6406736113753587,0.6525441543759446,0.8650515669801289,0.07656004200088856,0.1981396928001301,0.33132573087578643,3
0.6415400089935475,0.2545997629634378,0.6533488744045012,0.38481049800713235,0.3265063210654735,0.7052923632311374,0.6870949712439801,0.36545163849519297,0.8980405785743192,0.40505600011905807,2
0.8888329400842397,0.860238164679453,0.41207198707824955,0.15221395743009447,0.6294452583629764,1.0712226847026196,0.7777435740469748,0.06735870264997916,0.1944650466591049,0.8340842787400861,3
0.9596509519053548,0.5976492650333647,0.7823560480123378,0.07869011710927047,0.5601570999786797,0.6140530094765724,0.3747135426342028,0.17851695148728441,0.8289543640046889,0.9484018834885112,3
0.3117487083447871,0.39396693784076237,0.4124295200036031,0.6673398647561627,0.07093614538205557,0.3399652236703097,0.5100623966437792,0.10424032713354761,0.8564183321071472,0.25478010877911916,2
0.10759106152280679,0.3695449835890776,-0.0037355586370871607,1.1785102157500247,0.2498691625089381,0.9047414679017145,0.4911407560649805,0.4962374053878918,0.013587457993093584,0.8460426125562062,0
1.1660572685377921,0.5708122083033342,0.1867015250758829,1.0376526833875692,0.20971006378728346,0.8640895630424159,0.9232227451345806,0.6731593308686465,1.0999202874515412,0.5218498766587059,2
0.5378063371857285,0.6112545542501017,0.820556936161921,0.4414661898870412,0.1889366283205135,0.9656457719787012,0.5322514804380177,0.3970093178275652,0.34007579183269504,0.13543024022433164,1
0.6297314532486443,0.20922044481991525,0.2194616177600019,0.24292247426037267,0.6056732549376027,0.03651378151471507,0.556260556260592,0.7724860639503426,0.5716838528172313,0.6592858393873355,1
0.08115934978192857,-0.22089677645028355,0.567267560613007,0.351491024611627,0.843093742529843,0.8526491256958675,0.7465633389814588,0.6798196995330019,0.5827980437486862,1.1449181447310508,0
0.406323136846625,0.060977061061877974,0.12375676070530472,0.9206526828787047,0.45328779362605764,0.7360520298940966,0.8258962476604472,1.039670756151342,0.3202757279727804,0.9236888785338626,1
0.019638265005748945,0.7260444010939724,0.4929770269695899,0.24761988331883722,1.1966450896192469,0.7341136046135326,0.43056576523982226,0.3295123391731961,0.23339981691181788,-0.260000274952841,3
0.8838919470931045,0.22545325947496928,0.06409512305669307,0.391501959781546,0.4503116282711601,1.0358312904244018,0.8621900008606684,0.4389251775742681,0.7473338740512578,0.9562594824604383,2
0.12129310320862077,0.35725157944984437,0.2371690163256402,0.11284713371679576,0.471532270058654,0.30818158965264225,0.12757013936238829,0.31271313323680466,0.9477633566243379,0.7374911128566313,2
0.6782695129275844,0.8199491000336102,0.2725861149467784,0.2245370274709722,0.7787755123107755,0.42098674362320065,0.10830650194857855,0.4010104840290412,0.0577081915910736,0.3071784270690779,2
0.595690816790078,0.25831878165384226,0.8340100867737921,0.11494279842895683,0.4963952880507538,0.7583302242652079,0.4133777355582037,0.41231329382412896,-0.09747781207189371,0.0631303128506159,2
0.3070570427606185,0.8675892531535966,0.4481964648618024,0.990532541469531,0.6015092970257059,0.4553731861227214,0.3276689903384946,0.14365789094891065,0.9606681574554632,-0.17890238571442596,2
0.7099169169437586,0.8552990021342166,0.1196716229041718,0.8407845797108173,0.7869653467055667,0.9429193405633064,0.5814358844473773,0.6231152220087596,0.11635687220446388,0.2600412925225261,1
0.7827539467994853,0.34722816958740427,0.4071163611069709,0.6977935771994795,0.7809457115784793,0.7122372746305111,0.7759088237036992,0.06435570406139768,0.7192670268994461,0.9382926757615604,3
0.18312391539058287,0.9725922953331114,0.43718220388002993,0.48732517912218837,0.5569649915754709,0.708475083053613,0.8240270265884616,0.7296698042659736,0.3404787826855674,0.7695597982703315,1
0.21438273366268432,0.697580291403422,0.41887809952142596,0.23679536802739606,1.216751148072252,0.8833402821837665,0.40557658769114946,0.4378826658426703,0.1686951741544075,0.3511213042587706,3
0.04886424269679121,0.644146859574365,0.11959299867928135,0.7524317818120745,0.4085660654106305,0.8643560116106966,0.8401102851661033,0.1662596497236869,0.5743374777198329,0.6832384191271278,2
0.3836488209225868,0.7465868204799688,0.8981330378294898,-0.048853241003553066,0.5322931139804132,0.4011903548209711,0.557060941585954,0.7525182198553264,0.37662996213124156,0.8811261664926769,0
0.5316508031349607,0.1718801715628935,0.8347947095430897,0.4374937006717493,0.7172692330318733,0.6919961009292926,0.26956268289956226,0.5225453607308297,0.7999815846871673,0.5159993400934393,1
0.9459700017814432,0.40581203339593375,0.32613649959905777,0.9615411303280524,0.6073887633126316,0.7333690393938034,0.9526556476304238,0.12193100815104298,0.5362171736606491,-0.03746368149946144,1
0.9854267636746323,0.3902627982194298,0.614050195939631,0.5372892211427348,0.4943623395980266,0.23924150572976843,0.0890448644568534,0.3050648442338419,0.41120140769863145,0.685905550045334,2
0.7431898043214485,0.41024062366365255,0.8236396960748023,0.72761784944439,0.524633968418152,0.6091129339384788,0.10997870332045503,0.6597938791411797,0.8756398685419612,0.3998811226352444,3
0.22790039651000954,0.8850698463899752,0.6905929224529423,0.5272696155732303,0.2929414962868082,0.45564369146001893,-0.09872112671016348,0.9527924547053883,0.6115239504005023,0.39465783038991764,0
0.7696641088801814,0.37147639804653054,0.6807804600186355,0.18613124776530068,0.7892649617849817,0.6100181766897018,0.8394033844595752,0.5420847760199569,0.013795423821671843,0.3579665558060121,2
0.2687425554575503,0.5218151200490447,0.44914515353054596,0.6843239704593513,0.36384224284625954,0.895343036960352,0.4848413826455861,0.8730259452464681,0.6422659330130617,0.10962441197997794,0
1.197203730906439,0.4548241750575115,0.5931882145510098,-0.12368303197437097,0.4981785725597192,0.8001135099008487,1.3245118824552162,0.8685761899951241,0.6846664463137296,0.8056948576564182,1
0.9042201390417696,0.2697389305505825,0.49424144655803826,0.2763352044085391,0.5955356976807659,0.6503103935551315,0.6813391230374518,0.5831242418987699,0.23627043799585903,0.4633173973750565,2
0.620728811632977,0.04863535648876019,0.48988356242145986,0.46354381240653175,0.39073797700171903,0.9871171870343595,0.9662439472404316,0.1553453124277303,0.8341723610646676,0.9565216559730426,2
0.5866311844964754,0.8856635222368822,0.27504138928097904,-0.05040792813374986,0.9511854217445971,0.11879115867404387,0.14971984650930414,0.4838185519684903,0.48455901358883036,0.15726519393346405,2
0.7753270461780917,0.8465626951038586,0.6553606320876408,0.025087095114868202,0.04020346329012356,0.9477618713840184,0.95633570929907,0.8018596517672837,0.6379477486964643,0.9964624822136703,1
-0.8098396186989268,0.2575470944560516,0.7991756066674068,0.12185361929347727,0.8653988096811331,1.1551245843788158,0.03774642923700511,0.9109474228770383,0.12127826961485788,-0.3199862740024245,0
0.6977429236042643,0.8743066496529363,-0.08989115811458381,1.1463009687904169,0.11970317253954652,1.0996250663765377,1.1929821507803546,0.8460403343224427,1.0620476320139427,0.18881070622791776,2
0.3973154150688104,0.5554868749889249,-0.14397260405041523,0.13219306565383854,-0.013922095261000411,0.6610150157997299,0.826367333014055,0.1958829802595722,1.0680128714542596,0.9592354661439657,3
0.626489114838127,0.8773132871112851,0.4172961185918443,0.41358459442681145,0.8230063326339797,0.1112873878080568,-0.022393526355841617,0.2722825191930184,0.5238244602385046,0.9242621663743007,1
0.9956001168782533,0.8686937657061784,0.35673597193653767,0.09546247732829047,0.652135742748617,0.9571889530081067,0.7281994755265593,0.1283534983750995,0.2507941563806494,0.8517230073886319,3
0.9419647368846301,0.5872636862160012,0.7560734459093096,0.07855488470393877,0.5409784968251616,0.6236259164950972,0.37648642101720126,0.18579818526830202,0.8055429520065994,0.9741305648385279,3
0.5212274660677078,1.669309291500488,0.368222236669914,0.7624211291195799,0.45085345848544417,0.9463750516930616,-0.8693912466801018,-0.38754569041868747,-0.2729957347334234,1.0642128182867403,3
0.6551102690047919,0.26046002266598256,0.2174448603510385,0.2967273966529262,0.6036952388492223,-0.022007952561556215,0.5474224586923303,0.7500040922577562,0.6157836548466536,0.5895460325594178,1
0.5282120114249446,0.24381606491515267,0.2874096957691405,0.9624521920971795,0.25332854642918506,0.3857278516274345,0.49708140681369256,0.6809120661307374,0.649926750109731,0.2485884943432483,2
0.5457247454865845,0.8594265948508835,0.971081775683744,0.2783757273095837,0.6667136019938079,0.6002930188774468,0.7522288083324874,0.10026235033553288,0.2735085176291519,0.32514697316811303,3
0.3289334673924927,0.2809814618595244,0.15371042048849182,0.2067582698919812,0.35839038711850807,-0.29612504473891876,0.36148829228888124,0.38446277030387593,0.15537985068210347,0.7046034544311384,1
0.3086366724024235,0.4295511095269204,0.19186452463794162,0.848647648969379,0.23567148047865,0.6904057886559858,0.6062909483221667,0.4896898529763387,0.10449706057917366,1.0686765193575072,0
0.8018833055225864,0.9763653209281924,-0.124578540202054,0.9528648641108332,0.6466325793506431,1.109712900483783,0.41492821359538745,0.7198212832168035,0.09818527330970439,0.2661390573200821,1
0.9559584730132289,0.22275902969813338,0.3285792408512934,0.08956050240749053,0.00759381961325033,0.05609237638207413,0.481903960580852,0.7204452960361377,0.025932375200439166,0.5434488493934229,1
0.3931961539518987,0.13856567509695628,0.12941686570333757,-0.1751496366788849,0.9774069471342344,0.38914358863290927,0.24970693198446536,1.3458382434698155,0.5409234071079156,0.8424813328361842,1
0.4415967401491771,0.014113736019414902,0.3956891084445056,1.0964890090130375,0.5794816386841957,1.1031895500810869,1.0031596293291154,0.4616597999161334,0.5960126721967033,0.45519186899673814,1
1.4155652146246185,1.2525329350533316,0.12528805678109733,0.3856825777543421,0.6979634553134636,1.021957394263408,0.27060347869411927,0.7376277664495264,0.36126191353924697,0.1398948215175838,1
0.6967012688249918,0.6859079739966343,0.7133119164070838,0.3472260038632742,-0.18334598379527112,0.1351969471747207,-0.040327179106036226,0.704383366931618,0.033546907713669374,1.0785216511521019,1
0.26155594350269395,0.8103063419450767,0.711277114679858,0.23341432810824705,0.930497088915441,0.6790282453232588,0.5425884473140397,0.3415682113016234,0.45165659813707093,0.08014708385322115,3
0.11998609784369887,0.05531910058905471,0.3340610259292076,0.6976453883854631,0.5440144149638079,0.6424313569716271,0.629232295170957,0.4228652322415838,0.8732913694824154,0.7906177264083647,0
0.9782166542814292,-0.009338382530172662,0.755262280366176,1.2495253916374196,0.12349603079678886,0.2573501005827288,0.5908104472771197,0.5882090884327219,0.35897021909919186,0.832215438863503,2
0.6451575675780936,0.7052100214884749,0.7686486094722805,0.4393599765321847,0.6407620291430672,0.6525812375012424,0.8649864282882195,0.07648374107780732,0.19812833886066433,0.3312199991148578,3
1.0120177744378158,0.5215299153724531,0.36296304823262004,0.7855411112015481,0.23178053056027015,0.6073712745558124,0.8632256394064328,0.34531740795722676,1.0389420659871955,0.17876732551779387,2
0.18139356302674808,-0.026070081134806522,0.1388919167075514,0.7249338378051935,0.388350313871013,0.6816325803943851,0.5298686064339156,0.4917349576601174,0.999212147617824,0.8849366982209921,0
0.7537982851514711,0.7524995319806432,0.584055109524709,0.48055050890801426,0.7921750679751125,0.6139065235906,0.6909202242611072,-0.09620212029811448,0.23327684337619553,0.1522129254527878,3
0.915619315023403,0.5084804068094204,0.7269604150706792,0.04025761354956333,0.5753587815031357,0.6373988290433588,0.34553678683792904,0.2117787939923905,0.8071674210064309,0.9498755565393161,3
0.6107280507012485,-0.03769066896562474,0.12545267005736416,0.9782841759861531,0.46413598636322073,0.7802641942146837,1.0058458320249404,0.8996074846309939,0.28888711472610507,0.9143016822856224,1
0.18137144466361615,-0.03135060829140199,0.43757764507122704,0.9081436425441698,0.6010378741759147,0.485093931972992,0.7259293486169149,0.30233993586878893,0.6856793086877329,0.5966776039241003,0
0.4583607154462033,0.8214256827822484,0.36363984728852183,0.46907000019885814,0.7489372815431439,0.1593907270767887,0.0046259041689747996,0.20718287812887748,0.5889519948411028,0.8732786016687382,1
0.7388522170491392,0.6804197880288033,0.27278098889425567,0.31076510898831944,0.9114116947946772,0.4267501422246557,0.21110404233236793,0.4691821738775021,0.0708261507423808,0.17314470396418374,2
0.55482745764051,0.09393872348097937,0.15785881342246902,0.9564021090276289,0.5779221835333324,0.7173947177718365,0.8665689288380871,0.925679779826157,0.38673827288168816,0.8883706577356802,1
0.23379059255211188,0.777393548722003,0.8694509332490623,0.5723829304101895,0.20204782774694177,0.6334752381458606,0.7285021860462649,0.6423345724111342,0.8981590515602582,0.6787228700422776,3
0.7327148738536837,0.951449955268369,0.04013922624626633,0.8193782342013014,0.6528058850883993,0.9963182912583691,0.6438633969920229,0.5632757383204527,0.0938946172501615,0.2661492458124611,1
0.5632279682229081,0.7822930900956072,0.08569702863585824,-0.049131180422631315,0.919953271351286,0.3741555579582535,0.3979098393236976,0.25356701175947216,0.03230968705154897,0.006716767614885266,2
0.15975700854688563,0.1689912067621293,0.2600394044091248,0.7581861497288109,0.5250605532701649,0.5735368839240088,0.574393817206238,0.47522490694510305,0.8455953312978272,0.829412489997273,0
0.6501234411198018,-0.00023391037116698987,0.6031354694433888,0.4834239691578146,0.4448657576348691,0.11219540424567478,0.6634904336418983,0.5961161922145263,0.02458913956343252,0.5496436530716615,2
0.26370400119521487,-0.047046417729583255,-0.09556451181507095,-0.12088768999287622,0.595865248137318,0.019615588935258083,0.5987581713419163,0.32390687367225646,0.4475275889468779,0.30594688959890326,2
0.4661234037591754,0.5423475148020751,0.3433113934018773,0.8138110623993988,0.04328093005991225,0.4877971971684645,0.527100952967137,-0.07879971016116508,1.103549155362101,0.12229027276880311,2
0.2170816226307193,0.18932659742022934,0.17432886702175243,0.735071626887818,0.4491956889100008,0.7366530405318858,0.5199825700781118,0.5006009287494307,0.8111316234557799,0.9107078107884692,0
0.6611207252283127,0.22345169011777283,0.05098601864038846,1.0243872541236638,0.3877416071368104,0.7955755319781862,0.9729423952616111,0.8159709092949434,0.4872769437925747,0.9052882511634508,1
0.5432357420528175,0.25857998700379947,0.32931403035539364,0.3071701703889616,0.6581741772535411,0.1073657722259526,0.49148859990470395,0.7575514658454321,0.6612993135947699,0.7238942203733206,1
0.07646733371274071,0.16791387965410753,0.27543426949826566,0.6871021948982043,0.4772898380157474,0.8783631503342574,0.8702552816870123,0.373889320097471,0.6799460569752022,0.540629944616671,1
0.9072459811041839,0.596366921252034,0.7628373799231447,0.03816059805632428,0.5500454361403856,0.6008483086410118,0.3851337989936787,0.21103700824933844,0.8355986121222757,0.9903968860971719,3
0.650621842701436,0.7009270304212996,0.8864759074595244,0.22908923293377412,0.824329635698624,0.6035120026686509,0.9763941959464566,0.1527097714380417,-0.08128472596314312,0.3061604181712578,3
0.2602927478502034,0.49067574262381886,0.07844679249666317,0.12179797999905022,0.31713069250667947,0.18560499486207668,0.1691763623420367,0.1890864569884247,0.8757357174656017,0.8589129594572645,2
0.07244441920403306,0.42457700247990304,0.5009118455178098,1.0451029470326239,0.7901409873788556,0.6547425254798898,0.8395207035494482,0.6539531828038392,1.1468033359744212,0.9171063833232858,0
0.619915852154973,0.8050215625652095,0.11172408271212124,0.034730124090182446,0.7685697554297221,0.03430833794094522,0.18705287258759656,0.3258029163078854,0.6239805995504051,0.042427777274732285,2
1.1666179189435213,-0.008479330406036656,0.5858299211498799,0.410549062031935,0.9663088233201833,0.3160689803000557,-0.26776925432007054,0.874952008823972,0.701142718344121,0.8957844692055646,2
1.0669293466768093,0.7406948007278843,0.9651071899615363,0.4311553453929101,0.4061483859109971,0.3988222447088483,0.10317736494185747,0.45628603656205635,-0.27223422918731477,0.35142149971430636,2
-0.11056148628650625,0.4041118411413341,0.4875820691560373,0.5183268511556793,0.5157100821682449,0.8479523022954469,1.0051600356897914,0.41007169542363764,0.7009010902382126,0.7015361210246698,1
0.87856868074727,1.0187468218587628,1.328673236686602,0.7456067176585505,0.266864663628024,0.3075634090264877,-0.3927533033834113,0.8028817010999282,1.0001919770190666,0.338510477282572,0
0.030341836438313594,0.23551047429531974,0.697800402596326,0.016752556227412153,0.04256116763549569,0.2805413379299147,0.12854791692145429,0.8677933739724297,0.4636321331994188,0.2946856340111098,1
0.6396114941414137,0.7781319139984604,-0.0060550397178025794,0.0015315566820736232,0.7503182336545862,0.002048501158124126,0.15501048948021115,0.2485949483342633,0.6581713800708286,0.08918763674979126,2
-0.0008386017337676521,0.3818916204959172,0.3233672161219121,-0.1450911015651759,1.3345269224746263,0.8874523678124746,0.22368633562254436,0.6848593703968121,0.6550647438000066,-0.11608302508347218,3
0.6137752054419382,0.7505739424030897,0.3827556474504598,0.5021152404109464,0.1405633772807997,1.023813984271396,0.12822690315447055,0.3101826343332836,0.14776110568793982,0.650572394358571,3
0.05254794690754571,0.8710978197408868,0.5260206919235412,0.4932987270444173,0.47050757481356453,0.6143717892893804,1.0066865975803412,0.632939231505017,0.4010262443522997,0.8550694409567731,1
0.9826253508904136,0.5292071170769077,0.7551026621649698,0.11267596335100985,0.5824836777669107,0.6074628839149548,0.40766328558994047,0.14270388221197378,0.8456525088655428,0.917349963688898,3
0.3256363503691165,0.8685663548500652,0.9802290942787173,0.5941961542445898,0.05317250228587184,0.23387125731978273,0.22891361515206465,0.7775112933068313,0.08934751918503918,0.2891231559990511,2
0.057236901432874084,-0.05839033111557143,0.45720401477504746,0.7535730733898824,0.6152774700864525,0.97294592200672,0.924901331656996,0.14371164945582393,0.4706322379488401,0.3990519434264169,1
0.3032691029924398,1.060182294218384,0.35097165111416895,0.45492901676257613,0.714477646667794,0.5038465287405673,0.9029247754735628,0.484531038766632,0.26701063849454104,0.7362445349943672,1
0.6231883608043081,0.8780012032471974,0.00975996320481752,0.087193451682874,0.3645160179801507,0.35197527217726815,0.11471134068732747,0.49360690741464736,0.11859526345059032,0.9485839020713183,1
0.8724298031452826,0.7794879884651102,1.049542943853751,0.34901886085149003,-0.3594047268065603,0.9866694227654832,-0.18689545416163394,0.5976244584891375,0.28463654015924167,0.5222611609564225,0
0.6651763216669528,0.7021518371973268,0.7670067305555527,0.4401512310129074,0.6498062547056057,0.6351710560719669,0.8444810804368075,0.1001627155514844,0.21423551509724537,0.31074216072740446,3
0.3622495641298996,0.24188856897979522,0.35874135159614423,0.9265981914411856,0.7549123759282624,0.3395569673802966,1.3672852257928705,0.6649264042610104,0.8515552329737487,0.46281032196954747,0
0.2892423467387738,1.0664700338518163,0.22855758891355807,0.561586744108499,0.5291560185895281,0.7168213424419783,0.922456454224134,0.038077070136672664,0.5851038278915092,0.800019643002838,2
0.21076968079502412,0.6043611183205941,0.32054281051449207,0.8539763109410092,0.3362904245957592,0.5769669830068134,-0.1305934927995579,1.0033838573408909,0.5943094481901274,0.29405006460149785,2
0.63015694110794,0.6210241010187706,0.4298363205186397,0.02782359468093032,0.5731777824654539,1.192212118036186,1.0828363302597277,1.0813462802427467,0.4381504904619095,0.2929628213337014,1
0.6738605221202383,0.07607293702079201,0.5395913544579332,0.40929531874367725,0.6949280196083198,-0.07034066025473107,-0.09204168771431737,0.7775615593913843,0.5220143312623148,0.12425496032771599,2
0.6522087615505545,0.5421916845500925,0.6651828687069982,0.3547162786779591,-0.19874554361448393,1.034847566625099,1.2899906534477033,0.4273400818527501,0.6511742229595662,0.5535785599786378,1
0.6079854455622515,0.9078005902662771,0.418728581382984,0.15715021590049716,0.13807188956919164,0.7713889121003791,0.44916764192431546,0.9709073768926677,0.24336294655935642,0.5115102518866466,0
0.7461759594405692,0.5617504496709035,0.26161796638120005,0.9045649199692376,0.47534686346256455,0.9776627644371145,0.5942316009600471,0.1910216299006068,0.9598586870818786,0.17240832124624508,1
0.6257209072066424,0.7486053082891717,-0.047471905792786234,0.7659217481719625,0.6878673505699434,0.7861440130460544,0.6714885333688677,0.4057341042400536,-0.08783642608821518,0.13240234031599535,1
0.9221542543384632,0.0362024806114615,0.13368534730482945,0.34623297037278083,-0.14394888230265115,0.259401059223918,0.759740434890125,0.6634091712887755,-0.02254607317350081,0.4002347801702094,1
0.3336829115243572,0.8748015801898507,0.9843320299244473,0.6011061191045972,0.048623257536415276,0.24093110866133158,0.2202198447280794,0.7765400587252689,0.09270594975468283,0.29055884815863364,2
0.054424356772591005,0.17688014190944906,0.3282961290493377,0.7109753372480655,0.4717785074731429,0.8418699046867687,0.8463839784250311,0.3646589620007254,0.66796146483757,0.47579666235442025,1
0.2830348526706479,0.39888398598621405,0.4415925688887918,0.80138271687604,0.19347989046639444,0.41407140962092426,0.5972251873559623,0.12063636980290257,0.9517211373611072,0.1447001326334687,2
0.5975814672894124,0.4889746457422116,0.45281114446598314,0.14499495051605005,0.03420983071229766,-0.34770261454223417,-0.19316857103652757,-0.2660615971278135,0.6775790237057693,0.29915901694903757,2
0.7339045149948458,0.8038153616256544,0.7695348142817097,0.5112350376332933,0.6877577355713619,0.6380457943543372,0.9143262557831991,0.1026024326058545,0.26399289012317273,0.23034637983062117,3
0.6053978595606562,0.7221791849954738,0.39396194356827624,0.5174432545466998,0.14395745709849697,0.9871814532614847,0.15357249795456768,0.2376355277777986,0.1738248113472246,0.6503511006567632,3
0.1395565639907405,0.919279654119857,0.08036827798481361,0.30312424704688157,0.4249310632579997,0.8047272892808451,0.9733144563678967,0.49111638437238786,0.7125520162994139,0.5912062012331352,2
0.9054759335741749,0.10821673299855059,0.09217494950959554,0.1903370958167932,0.4703487153391497,-0.07157171322362008,0.7630581132910439,0.8090519472295561,0.4053418582513388,0.8979198551931482,1
0.9233085738364053,0.43701838039232116,0.3261822458861185,0.8767736409405894,0.3997169446523483,0.8278510620958189,0.772363472365885,0.5631724393108172,0.9564131251783016,0.37418496039144916,2
0.7964192301385628,0.21330155547689175,0.5454859316674723,0.5921511340054803,0.30290509999734777,0.15823143463694134,0.13857827659555966,0.4455209008232671,0.4090727050319076,0.6009805875323352,2
0.6257056823246641,0.5654085781243323,0.41093290148082734,0.5959777118323635,0.5763270412296364,0.46477113428786315,0.06369368732355457,0.6242250864235331,0.04616836609058844,0.8494628746154655,2
0.8754880200154684,0.4032217445568659,0.36639226499084837,0.965101506129927,0.2847199840989659,0.6249991304151715,0.8037795345132815,0.49364502975716823,0.9117758285873114,0.273119898740464,2
0.20053654033173968,0.9101027117491468,0.07033534145476772,0.4352969092996623,0.6332966222780625,0.7085142350579907,0.9158460166302884,0.1804976760940621,0.7681281780973362,0.7248494035032467,2
0.7663637837156662,0.3848557632576706,0.893452763027463,0.7229010159745278,0.5431960148973307,0.5823888870305162,0.09410293818801313,0.6745987771321506,0.8849290936113824,0.4240753619586031,3
0.6805876989927621,0.8175805034464181,0.35201226204090985,0.5275068571356563,0.18161770049396161,1.0894448173865272,0.10190418197450184,0.22364349765821892,0.17399104147681932,0.7419358844721742,3
0.6521615978446091,0.7950309569773596,0.5067792950314413,0.35108531960475486,0.6022307106307975,0.13743675020144272,0.22539505489233103,0.13877116082441204,0.3599574542147388,0.9774249607383578,1
0.20781483116467186,0.021865093532022185,-0.1363857624575651,0.043252240984878496,0.5866573578416461,0.32509835254223923,0.3400181352594587,0.46905004607623574,0.12257524184298267,-0.01814203805539419,2
0.5113215690263919,0.8275422760137326,0.31622770282333085,0.5301672562893929,0.8004499637472079,0.1614484485493701,0.021404199038909482,0.22788345535328028,0.5365203875829131,0.9332244626163091,1
0.2823591101372362,-0.21897057194120598,-0.08814421199459904,0.2970871534936182,0.7631637506589822,0.0376950566436941,0.8326909088996992,0.3927373725352831,0.5493743621299454,0.07333807639095921,2
0.8178384242836607,0.7963176566812474,0.6764247081117545,0.5212145914410751,0.02414098285657787,1.021347848125201,0.5207701333289794,0.49654299839128285,0.4480051897855021,0.9543378222499317,1
0.8409891473813829,0.5887527430786647,0.7121600062202585,0.24201289765344586,0.14928040984219926,0.8121979235898017,0.9746720003316802,0.680590796738671,0.39174702376506754,0.7543367581424237,1
0.4579580496086675,0.2718333497840535,0.5025334533453372,0.5139023190376741,0.6359136674825059,-0.07615740729831207,0.6768173727644364,0.5659824994710416,0.49087174433040026,0.6840828326776854,1
0.5853918554514773,0.958686090219375,-0.023955903279046564,0.3093212915791378,0.7676028189623636,0.24844287784998986,0.2957700217841008,0.5887047869054405,0.4421821547681259,0.1941234788959409,2
0.5294309602922984,0.8698317144913665,0.17459306806851707,0.17208873765713656,0.7732676119242052,0.06871366685982967,0.28202688151169525,0.45921816672899796,0.6459948045188332,-0.015346877389638795,2
0.8249462507795206,0.7629875950716092,-0.3787004619496026,0.6472452803922366,0.6933659301245306,-0.05837988912906929,0.1953513524612896,0.2676041967380623,0.8161859394928779,0.3387495575514161,1
0.26264142124456213,0.7658753765137095,0.7263910955732406,0.42061219280506024,0.26877749948513263,1.107215140333616,0.22567596065503961,0.6264924698244754,-0.007540790861806118,0.8703759187063163,3
0.20331533017346623,1.0651495257342194,-0.00945633757933273,0.4972661649198743,0.6699768438581263,0.8122820466899076,0.8438637035295844,0.10834346134782769,0.8330478898827655,0.7286755199399652,2
0.6260660007190753,0.3299906824345822,0.3082692253582407,0.18962667420782117,0.6447269997658448,0.07194035730993503,0.6577244893361988,0.7237199176071545,0.5885971491867632,0.6050054242086318,1
-0.4951808305766867,-0.04629639705735589,0.4496964587919686,0.7529476924708532,-0.10066567092260092,0.9873208980120285,0.4820364893441781,0.8973680001498373,0.8727103243590366,-0.13099799720404554,0
0.2970386824720872,0.8669288831999354,1.0095980379263911,0.5758482314460617,0.022914025487808347,0.26380245907008826,0.2055086083017946,0.7982150661741673,0.07698528002084475,0.304405655439859,2
-0.06020710062368323,-0.3887447976847086,0.25296171275280827,0.39472706345524455,0.3445686462530625,0.0019657322420862933,0.7314975335482969,0.9165211423362296,-0.1468698002130437,-0.10077403699684484,2
0.9352002374508726,0.5233996554307101,0.054049495009397625,0.10589818896577627,0.6220077320917675,-0.5017584874795248,0.6411922309049717,1.0189127208440314,0.38423135428420735,0.24924083333040725,1
0.09352136121770177,0.776901073326388,0.2655118960814803,0.5089944519169126,0.8708884371496772,0.6254654767250764,0.8842792118636126,0.6274536834417295,0.6412195310722754,0.03548065081881835,3
0.2018754534048025,0.2084651587297084,0.38951970065083014,0.5730007542720659,0.3460760980288055,0.5942790846132255,0.5410401326351473,0.318989927281491,0.913893183664054,0.8478047783013981,0
0.6015670123986916,0.4540221451122911,0.6117460978083046,0.8073291422406574,0.2529426004735761,0.7824338851993213,0.5900773787019761,0.17841357424785165,0.3338749448879782,0.6629816683368908,2
0.6500899853235138,0.7034722217239807,0.7750708688997665,0.4741262750816267,0.6598502776796106,0.6759027044667018,0.8551231664451473,0.0583822585893529,0.17291992512645346,0.35477242193286773,3
1.3292252967176577,0.33763498705300965,-0.31016403416977467,-0.4007341839599422,-0.2622760462828615,0.27198887760623813,1.0142683178582426,0.5089491271850247,0.6989311692489041,-0.005574840211243992,1
0.43124858575218583,0.31979256069542045,0.20417547567602073,0.029046307796131255,0.5594459956021596,0.3649673076872604,0.27024308301283684,0.5896273445066773,-0.04517992807641136,0.25294822328243316,2
-0.1259392016675045,0.03680068909186404,0.2699581327850293,0.7520678843310403,0.43712788806283415,0.9770222470498278,0.9372248279673691,0.44673486657502537,0.845245840818168,0.3730219274278943,1
0.057517458964138485,0.6435754085025596,-0.16252664928200744,-0.20512458539355155,-0.16417429791563642,0.8043659334102287,0.7129734109274758,0.3913330201485318,1.0127584586076437,0.9188212426365925,3
0.5705306792639799,0.7498708519054328,0.7738489294100488,0.3646621313940065,0.5770886951611989,0.829807369511466,0.7630200157870642,0.2450674453074208,0.04870920969391801,0.13804778613325186,3
0.07899369082332856,0.17060452877326213,0.3212128228018851,0.7204876650184868,0.47669679642672563,0.8569453514322707,0.8737842611611867,0.34201874338388993,0.6990367080704161,0.49455455864503073,1
1.1821258682796112,0.5911363755098756,1.0460311209694126,0.30136492739810883,-0.5737066362356583,-0.3377469520258576,-0.7590144601781941,-0.5386547634853015,0.25296252136086284,-0.2183888716299487,2
0.8971832431048834,0.7092904269776357,0.1704160206342109,0.7810891394099244,0.3606787281612097,0.998277377122803,0.7644537023908761,0.17506957092338338,0.8615651806989153,0.35677357002738114,1
0.7834029069962989,0.9379691494316693,0.052771135847542436,0.8478628597444285,0.7280442775135979,0.9500150784841763,0.6729587559165622,0.5205654907020267,0.0826733380926459,0.2992054785777516,1
0.02285711834421955,0.5842538292722242,1.2552415129127241,-0.23111242268719534,-0.19764195098625015,-0.009500546092972767,-0.11874254428650849,1.1839271387423937,0.006113286642926985,-0.09641016616613074,2
0.5719544654795086,1.0283175448596364,0.05178374659646323,0.19360541823814892,0.49176648461032146,0.7773556853451074,-0.1640876931269275,-0.1002441929995383,0.17580949917615557,0.37453952570675775,3
0.02072956598982489,0.11756860261768318,0.7975406879464899,0.27830547991652405,0.051898161113802695,0.29124713956096426,0.6366207579463545,0.41429334449906796,0.31976390019251877,0.45631559837838254,1
0.47424661633529697,0.11434070142302612,0.0352078740380498,0.916398829158313,0.5289835955074923,0.6074554208474716,0.8983474858040135,1.0055506036878095,0.26326220720528487,0.8315743864659121,1
0.8423656511903445,0.5585433440806338,0.7091087006041197,0.2327395935478805,0.14394607949878213,0.7954239155349524,0.9596214437867275,0.6780938412018578,0.4094681860574849,0.763713784432966,1
0.7951520856220655,0.40407407001107504,0.8614521081281521,0.7760407914330009,0.5627822414971682,0.6007748917756481,0.10025547098216708,0.7397542886868648,0.8397296093051907,0.4483364148847143,3
0.045189401508303736,0.20187542653230395,0.32461663198572904,0.7273897653856749,0.445663881057226,0.8501132021967217,0.859827443619771,0.3454250614669287,0.6925126051604757,0.48343606200567296,1
0.5987829197458869,0.9010226839679317,-0.006515901132320869,0.04303488774254251,0.3800967445762502,0.34376752763845103,0.15102788334958797,0.47195726386468834,0.14626990227929507,0.9306087806931117,1
0.5101492481898039,0.9799344678120824,-0.15359019738702928,0.15776473829868304,0.5426118729310673,0.16505303229880922,0.17642092411840837,0.47251540759240673,0.21686071794126854,1.021686599931878,1
0.37368096374027526,0.32388752152517153,0.06811568299774312,0.8319255147157169,0.28969855149242774,0.783110850513866,0.4230124320451811,0.5329020565955307,0.017975949775598757,0.8564728300272999,0
0.7736608604106389,0.1464542825845252,0.3148500695938496,0.5616385784269107,0.33556734832547014,0.7736450714138442,0.8422378196777277,0.2691548911268701,0.5837413003042232,0.8443326320560551,2
0.46610571167513504,0.036947341625169564,0.13297445158620455,0.9072453221038964,0.5414337127105381,0.6700239168886127,0.9072889705482015,0.9496708741742484,0.3865257746554139,0.905821525061675,1
0.8579823625838139,0.8463269731631913,0.2679776859388412,0.1503716618009646,0.8831638733314918,0.23471497804451388,0.21529984580642758,0.2591281450897063,0.08634684959080333,0.09201220623946615,2
1.1713645542000928,0.8138978014728318,0.27996039683341223,0.7364339774678537,0.03674777371684179,1.1022804796136771,1.0693622330632881,0.13843143578829925,1.1052758065914476,0.7302518272089049,2
0.6256820743464065,0.7940733855840536,0.46363375248994254,0.48603935116637975,0.16799128539890484,0.9325530274328448,0.24031353156152907,0.3021307791243035,0.10784293692832543,0.6848340870064635,3
0.925473797440027,0.5197767820835376,0.6954702702871274,0.062104888545593664,0.49653995920424593,0.5860258890776068,0.4340582789140315,0.25358830339605576,0.7862001887593416,0.9639443562119195,3
0.05932335513550581,0.12254302788523704,0.7659032398984976,0.30508729496851217,0.06459507708649483,0.2856740846594449,0.6497510722622015,0.3958951754023982,0.3051475116797663,0.4564253049518621,1
0.1370165379939861,1.2360009989319254,0.8625285629929001,0.7392014235280411,0.21203558733794176,0.379207223939617,-0.30915790147971034,0.6877167280858392,0.5156772964388405,-0.2989695180308963,0
-0.12953529716649012,0.7867343188464857,-0.00682810803052436,1.4885991736865272,0.7584864738680082,0.6427512415288839,-0.08457160890276827,0.30086346977013123,-0.3561966900252108,-0.04670990880108569,0
0.6023109854380476,0.2748594521464637,0.3949601220569265,-0.282517450622298,0.42287051697012973,-0.2922525075043357,0.12899565429370125,0.6042991799170414,-0.10395475351487188,0.5687936363089162,1
0.4044769094935732,0.5257491294044834,-0.038130164563500886,-0.01795166427152483,0.0102218731570793,0.9194521964928813,0.6615771700803882,0.09280656950942634,1.0791471408521867,0.9890996893672401,3
0.3776053210444982,0.3028039483875413,1.1430662795557551,0.7311072617850086,0.5498926722827723,0.6959342581584443,0.28185432827103696,0.6755472647205557,0.9634441501691805,0.5115988909315993,1
0.08852991927202779,1.0133317383678828,0.44653829201642803,0.28030598867595125,0.6794301568875308,0.9046557405701666,0.9291693862035435,0.7281544014415753,0.5358476635783029,0.7920406552842735,1
0.09985869618361623,0.17221229192465334,0.32140642546379905,0.8586559602104529,0.4942522367516013,0.5727209038426774,0.5372150170706725,0.3105693703504523,0.7857093622865308,0.716165523761766,0
0.72476335653252,1.044552897868649,0.3086454861846853,0.1213740775252936,0.7994234920745282,0.49850282094488985,0.023527687738995218,0.47302188354093794,0.10252933852758106,0.1918106939697406,2
0.19930669963796338,0.8311670532510903,0.20587454772159416,0.2718298123124211,0.3064696998924169,0.5578648176267639,0.9402667874992482,0.3790096354528328,0.3354457196276113,0.9481425008018776,1
0.008867376303704946,0.10025320435110911,0.726341711375964,0.3497139935971884,0.09823944908707412,0.2957888586502572,0.6282458730970685,0.3797709048466518,0.2896095349574425,0.4624603970624387,1
0.5514356039126304,0.9376008915059696,0.002642093476839755,0.013408421556159018,0.3886301290751411,0.38805474258605843,0.22944989883315042,0.4430495856534543,0.10521346294489387,0.9877827947105946,1
0.2815093835812675,0.475582552370737,0.02057516313898275,0.6563536972430313,0.8753294155153224,-0.23068967056411266,1.0253270621678618,0.6609643535280801,0.21185649733474254,0.9330803129035073,1
0.9281890832924266,0.5213211224741677,0.24927965314288655,0.8234511784407281,0.35006852295066593,0.7505425537964586,0.89620481029828,0.46678803046866635,0.9508595517144267,0.31056971005130213,2
0.07128844766425771,0.7753827758019028,0.2749400504668446,0.4867273048725394,0.8918828759169571,0.5950049311727433,0.9361072236179037,0.6868831200801729,0.6332073614960366,0.09243233339394932,3
0.20374136355240868,0.9096060792661042,0.02721430937214755,0.4725117759266974,0.6528677580711056,0.7320151068802622,0.9669770093138196,0.18698810646057512,0.7758962623998986,0.778731334032588,2
0.11422727953919415,0.8619510557221509,0.4580079318674042,0.5089987632004416,0.5071733592387883,0.67569123468559,1.002551412661155,0.578937481823132,0.4761017834586763,0.9322595794123982,1
0.13140020603433256,0.8848415518471084,0.3850554676361139,0.42939017745090585,0.5616857281616091,0.7331454985748604,0.9522911377636947,0.5769316748349371,0.43255255424182887,0.9035872282326441,1
0.8675235602621589,0.4232609003923935,0.11221304254682446,1.1882372452045948,0.08761991239024322,0.11932205024283454,0.3276733518361381,0.36922151285840216,0.5795471084515804,-0.0057951587573511765,2
0.2321567461948551,0.680639001218956,0.29720336730308294,0.8092192459409177,0.3446120829489565,0.4537665465978443,0.5048464590368229,0.8991198007182746,0.2983688370806601,0.0878116965157438,0
0.5326447117161908,0.33573974382443894,0.24304683701432145,1.0023552726397191,0.2816145168703002,0.42807888485626383,0.4188475457584314,0.7253826874085666,0.7557239946886208,0.11791881111803003,2
0.595056295860447,0.1366901700066231,0.005444598517053145,0.7458264678568773,-0.06205178629564356,0.6871668188887732,0.49225368340207054,0.447418866266727,0.4464738583095055,0.3074491754162441,2
0.6702178524547994,0.4479182627056504,0.4281326937961515,0.5471624609970103,0.8867220474237456,0.271325344263179,0.5156363191709795,0.4796038423101329,0.5825365252288119,0.47523711990692336,1
0.07995970842755486,0.1560095567474973,0.33859757912083227,0.6914870871487147,0.45014131153449427,0.8128418007708988,0.8603882705607467,0.4075114287236737,0.6874683147822208,0.49230748805941044,1
-0.017336215053520773,0.7282414856036415,0.12918722616764924,0.6268831655482487,1.0432513169808577,0.7890101954337598,1.0909759472467548,0.5104027810321945,0.5185430141171445,0.26183322305205314,3
0.785620713454904,0.6513163951204833,0.22533932200424378,0.8420662567555306,0.7767709659680164,0.7390881401068237,0.6277797015936718,0.11018360614435195,0.8228949043615156,0.9615281702327598,3
0.9088447304845942,0.648139967986029,0.08398719076673547,0.7727241751316329,0.39441929836548295,0.9406359622793494,0.7293984085965952,0.1553463540818712,0.8527871224926363,0.3066303703772541,1
0.46539009826511324,0.832967970229977,0.3759623320315463,0.44419865667065606,0.7761274743860184,0.1303897335575791,0.007647441379056314,0.18489378811788354,0.5930531014783993,0.953789080687716,1
0.20412431225028443,0.97093651913033,0.057296754888521415,0.5119472151575873,0.6437308590304158,0.7013901723344339,0.8018178972852078,0.2592562450935942,0.7729202329521294,0.8112090133302129,2
0.42002804908162544,0.3547759641336803,0.6608723020106011,0.7745589332673628,0.5701778775844283,0.5400478083801615,-0.04744764185319417,0.21955328210700487,0.5914115220687834,0.6979612747152762,2
0.32255546195601037,0.4274423598727763,0.338954797046491,0.7207937359178185,0.18539239258761275,0.39007636457467393,0.5266114020501591,0.05911545453594748,0.9255433772396789,0.20412735219826666,2
0.27299230304417277,1.075063786780024,0.7859423124627749,0.5973858001569775,-0.04800129303637807,0.6815178721566648,-0.1748082129663851,0.35390306008972694,-0.06103929857270898,0.4045732484593966,3
0.753178459267027,0.3855806506545097,0.8616591085947607,0.7257804772478434,0.5245051710035465,0.6055143179573977,0.06272275974012531,0.6892115843057848,0.8490992315624655,0.415048022538349,3
0.33563557648008163,0.4381513305589527,1.0816452124235316,0.6376655248041019,0.4431767872892053,0.6435251498440137,0.07741883483761762,0.6882932650906,0.9466458741536712,0.42662954406379944,1
0.3720777509957147,0.5528710637348692,0.5211362025088504,0.6371448852986323,0.2721239876269778,0.31648718687980393,0.0654676988567921,0.5415103519206814,1.031247214732158,0.10822339038064806,2
0.6536475624480227,0.302464214616017,0.2160869697883454,0.31124079117933645,0.6359330694377796,0.07408360217324872,0.5965570438699773,0.796960861883079,0.5615050406843445,0.6776536571467442,1
0.6608639361227041,0.5013428128126187,0.7992561583335023,0.22585048679223774,0.5650375925348691,0.7051196510477268,0.5772561600668411,0.2801454330232521,0.006577005441648992,0.2281863266203019,2
-0.03486771513080922,0.09967996232050087,0.45313805490293324,0.708213065306346,0.2985747193793834,0.709884207899551,1.0380040587891228,0.5541382153456769,0.7170652610958093,0.3148643438268043,1
0.678911835949907,0.3072714088456566,0.15522418452790568,0.18338468618500664,0.6320146209780184,0.0991726355182524,0.6282364168426664,0.6945887083125236,0.5171600091029949,0.7239238101076253,1
0.696158275276598,0.7216912162827457,0.7396438919402235,0.6352737174072456,0.4632590447234965,0.44938865575665565,0.9774831613808819,-0.14863923208326424,0.13388687865175553,0.3479525801197869,3
0.46607508017447935,0.039322884831268196,0.1258204993903928,0.8985163221521427,0.5122149898790676,0.7520477513030086,0.909180028774217,1.0232547152603964,0.38209303315961185,0.8713626372917291,1
0.8490189236707295,0.6498749104300747,0.7739945229931469,0.2749981954846206,0.11602799583442386,0.6727875045650795,1.0014633459190982,0.7554629504498237,0.42703727790358714,0.6379843399210182,1
0.6488531875401623,0.3136428389238009,0.08500120691355093,0.2810190052372307,0.6835496839316598,0.14350331816063572,0.5706020500008743,0.802996237961727,0.7925531924333471,0.6968370995135456,1
0.5255498811368723,0.13801052309251183,0.00434961032946049,0.5361735486572443,0.3806617404348707,-0.2008505809692823,0.44463846879850066,0.5638855843530448,0.5239377274250686,0.507614267672553,1
0.6319460796851142,0.919979802208466,0.06368104455529144,0.029789351578417098,0.3241849253373292,0.2599139468599462,0.1113560531951466,0.4317929576474542,0.06963306029629672,0.9666979436378673,1
0.044603209810321134,0.49399368514125164,0.5339526032140401,0.780038856818556,0.41333441181725594,0.5137178719797023,0.550528855929611,0.8052054223652018,0.3766825366497261,0.1555777368136056,0
0.5025161551521041,0.43294598715614596,-0.4740450166186402,0.11229021218364593,-0.13811957504952618,1.3433771290095806,0.7007790034625541,0.5794369540025457,0.058800499919400395,1.2661626100521581,3
0.2425599078800074,0.791491021421154,0.01798505949034898,0.5489217567607801,0.7484122585614268,0.6569713109644191,0.9013648669691919,0.23850200133281924,0.8440775101151454,0.7360865317457443,2
0.0864343480375178,0.8429404457395189,0.3989658950473448,0.4733125866469501,0.5163975398911762,0.7145255932421124,0.9496828744596472,0.563572133139333,0.47110494297645,0.9311878496481888,1
0.9772637516100953,0.8862866391385574,0.3468866527957835,0.0935987213220655,0.6694171856093114,0.9630703491369862,0.7474251667759371,0.1245216983613746,0.23426171535826695,0.8373392713930733,3
1.0410958109619024,0.23830477958100155,0.4358719710496402,0.09433519809748583,-0.14542834274142993,-0.008858665494921668,0.3737777577191671,0.6820933115239763,-0.09542550786652365,0.4919360600509322,1
0.5461950194902119,0.10921708700765728,0.13252515897136338,0.902849132625017,0.5663329623284424,0.6608524880350743,0.8213920544427555,0.9652735856173702,0.3247144550570827,0.9192874870894227,1
0.04043513651991113,0.24256623512255543,0.7014982980405149,0.025968296507240064,0.046714220679273014,0.28505330338693313,0.1278383650463149,0.8614045672099742,0.47551504390973137,0.29965001470063385,1
0.538281327712373,0.46182209900286053,0.06739543488360414,0.11114927243943862,0.4979404154263868,0.6106684217729612,0.40694373414691615,0.31181463082626465,-0.05828597492075721,0.04959412857003859,2
0.8322425910437146,0.5881874561052733,0.4085706362576906,0.9645488092591816,0.32022080400382935,0.8563617757869828,0.9797815190258975,0.46893386861612857,0.9465551198780728,0.18758833061227723,2
0.11102964490391856,0.8716328782386255,0.14304116827050573,0.4654572152733875,0.704319709714895,0.7585328827602492,1.0459474287328352,0.10788517406464203,0.9428998430883109,0.9149793289356869,2
0.8299431159149616,0.717004010323152,0.09513969223987179,0.7981536030773092,0.5588841518158963,0.5522739977199752,0.9059286605933043,0.5138617256141599,1.0136062700461372,0.5075210116146877,2
0.8321123315899008,0.2740350026719384,0.5341344324646892,0.5306965596612053,0.3677859176120743,0.2181923010943641,0.08768691174092025,0.40537658091321005,0.38072571367956526,0.6100091296968674,2
0.22497494805467716,0.47895792908149437,1.2436981423333382,0.9909470456661287,0.7609487145506411,0.7913454764512032,0.253886379751121,0.7182501805866565,0.5679986851792446,0.4888475924744469,1
0.0063218815858673005,0.006168959825145931,0.4850475519824964,-0.5523045512778265,1.0088065953480514,0.15677092569439266,0.9387038872822122,0.03200212345327247,0.6095442562019193,0.07246068078263435,2
0.9794099820519795,0.7487079481652323,0.21824778960082042,0.8296187086150604,0.5006089410466206,1.000056855386084,0.6256495661962583,0.15296050233107422,0.809797864115074,0.31916473447590643,1
0.43761102225875326,0.21056343468970526,0.358924830684352,0.37296442611931446,0.33295772773618715,-0.45278638264689014,0.3731013792490037,1.051072529562131,0.7126130026700203,0.5167252322249738,1
1.0505306806433943,0.11551150427466195,0.4021165931058667,0.1761829122925809,0.007809053758886987,-0.004697731312008485,0.596997849144469,0.7657091599745335,0.07559633670087774,0.5539195615490665,1
0.5200908203047916,0.8249151389111788,0.3140760229316305,0.5163493199710021,0.793926997561261,0.16389010034430154,0.022084540388053728,0.2179850250480484,0.5367994646997531,0.9201811371482602,1
0.38431564574210475,0.7186403372920659,0.9169674811733215,0.05620446219065127,0.35206083481660455,0.10292212816447122,0.11222442389083026,0.4613267186119434,0.5216485927428242,0.6524885555674884,0
0.680435110286794,0.5386430950866901,0.6976741082163103,0.27152581257967506,0.04786374307582812,0.8289992678512867,0.8242473593767533,0.5354284978647286,0.21981103028389343,0.9031903120173124,1
0.7553973154854723,-0.0001046484655717328,0.8038136263535514,0.5247472632663738,0.13040208310172602,-0.027689069523655657,-0.0714967144150701,0.11361343094402188,0.6456805905890084,0.3353886729935543,2
0.5411451261002042,0.4883085164667096,0.9012880029773385,0.788746194068032,0.5650637226088209,0.9107630898578425,0.43801546341103037,0.3551205598781991,0.7532622188546096,0.24982248561555,1
1.3122496506399406,-0.10276086712774912,0.6573092894731163,0.014038796155462052,0.1029819182089958,1.865001153147908,-0.5644783078346738,0.953059256638492,-0.20731728014518652,0.21751367756002643,3
0.35144865913661766,0.5278377113878129,-0.0005470610700537733,0.1048735694402323,0.10657668854030505,0.9072938513255122,0.8326793696671624,0.2632122171376408,1.0840162811137284,1.0241715055472764,3
0.46446201031180745,0.5516040328345513,-0.27771793561087266,0.05217359035419981,-0.02868706236081972,0.5151222719524295,0.8589389165537298,0.46574399262255584,0.8450919175949125,0.7064912001299316,3
0.9559449230834183,0.5731240258249274,0.8050289753523164,0.06069538783687064,0.5183754283842824,0.612507585764493,0.41631379465803614,0.2175782423073822,0.8359078856530893,0.9270314567409355,3
0.7566233305107282,0.5315301460477987,1.0293232060365816,0.5640906514160093,0.2378889856631282,0.6868170673230198,1.0695131387573011,0.8494506631800398,0.4199966401199228,0.866895645228862,1
0.3221466136884882,0.8605004555788046,0.9793061432764755,0.6061228350983587,0.050211183415778265,0.2324896505213995,0.238055190425722,0.7891300736257637,0.0817644936278719,0.2798831607987332,2
0.6091693579324148,0.9023195876207535,0.009227337528480074,0.060859631472525405,0.38796527038293904,0.32795402932628626,0.14023062420000657,0.48619340965557367,0.13696671455950837,0.9223740342288306,1
1.0470175242745747,0.5298903423291523,0.18194145482357693,0.7150611777544408,0.46201617535115336,0.6211296517962716,0.64733943508733,0.4597917326413959,0.851547329862209,0.3847901078067287,2
0.6398163591975312,0.11033147151434318,0.6958629398072234,0.5990345534958926,0.3451559643355432,0.027878479346492888,0.5992329914171944,0.471444540385302,-0.07432863083701222,0.6612410100790705,2
0.10420114722953835,0.9029131243192228,0.4818313221056687,0.9860732294158161,0.20037439634832352,-0.006929193850119315,0.8308996475929343,0.7681630776017058,0.13225216669640544,0.7196790261377964,3
0.08023604661175449,-0.12999296274100855,0.19929747072417048,0.07907955304757568,0.7025793517691291,0.2867990492935653,0.29615719481007685,0.5686840426606887,0.21035707975000664,0.23610540933331525,2
0.5731977924558196,0.8781551893186671,0.16377050071750152,0.12717476156569743,0.752922375375866,0.06764576678729076,0.23989393066521406,0.3723912687158973,0.5588276429857462,0.017178767607670398,2
0.09093130575775624,0.3734124527446204,0.2400770137454449,0.13101680535907081,0.4899498474035333,0.3122681347484414,0.13761522801977863,0.31670239863990446,0.964373712145835,0.7433680154731233,2
0.42860241618226236,1.1993919607635113,0.17470787042373304,0.35871803139130404,0.8297913957142256,0.5644108864037444,0.2925123185552125,0.952138329842454,0.5745632908324334,0.5124753086770069,2
0.9512881021652765,0.5372389388703325,0.23785311907532863,0.8213022947863559,0.385184742936021,0.7602539947368474,0.8153828338501592,0.47316840092086004,0.9556839034581796,0.24756957722564626,2
0.18232255301990724,0.28153844041597165,0.13135189700258382,0.04653343137043628,0.33128927860840873,0.22932786933121774,0.14955605343182232,0.3837984261063565,0.9371383310763189,0.86414608378606,2
0.29248586027793755,0.40831532674815824,1.0045858566222927,0.6210741349703864,0.3793286787317962,0.7453118814080689,0.1654756445750099,0.6756971520394818,0.9372954360810076,0.43236647175512904,1
0.43976612329022724,0.9251696704845885,0.6084452637103674,0.2577559505116449,0.37196889074435546,0.5816278125300345,0.4365331174282809,1.2108413282203392,0.2152883006286308,1.2913044476037006,0
-0.23542755029029572,0.21416750663900763,0.4557994916464787,0.7965141709235949,0.5851715347725005,0.6529617340030546,0.7970844640305248,0.7097483562023963,0.6699499166591891,-0.27927530956748947,0
0.02037015865996654,0.4149261787209868,0.3674483838319238,-0.12049955217284913,0.19769192178276673,0.6959003314362782,-0.1335561607895856,0.45624419450102704,0.8199395758361845,0.49030330165097225,2
0.8868185882526748,0.7015618503263084,-0.3209376837501562,-0.314612538604219,0.367714188766355,-0.23221135402455512,1.0302482216709241,0.0219261741025934,-0.2798161710923426,0.714872806148256,2
0.38994242366857756,0.17489309993153473,0.33807746885971074,-0.09768400886161316,0.675139095099946,-0.3096053025031846,0.9244635960190128,1.0102518575521078,0.5927209303489435,0.3815162771409107,1
0.059289393129486924,0.17187253147039747,0.3326450612179046,0.7179058896749182,0.4681635386943721,0.8367820321330074,0.8538615194201693,0.36104088465640455,0.6754114415894565,0.48346159963897245,1
1.0779172627167992,0.7793289107065537,-0.038171563505243145,1.0746854447608574,0.17125951783396542,0.6799055737237464,0.9921261425562155,0.22545137889867042,1.1546901519372867,0.09997606087354369,2
0.5007817428729233,0.3178794230082132,0.21032798273942435,0.940040953462104,0.16195199142984892,0.42345941559338224,0.4983569022479122,0.6397274494511335,0.7351148854772142,0.24138264937162318,2
0.27262698662122853,0.453581790510636,0.9146908857089836,0.6617891462567944,0.28749748094476135,0.884159493952861,0.21545930768245608,0.8002100354154066,0.8281624403334836,0.26199686392237587,1
0.08837983058623963,0.055868505632428796,0.7460534615690464,0.3337141999846907,0.12323916866760645,0.32739911069294275,0.5690967736655558,0.3722807751132166,0.31005982372400076,0.37459831177749847,1
0.10921532402147478,0.7576247067219118,0.4736836248567087,0.5160305308150097,0.560338697744552,0.7230252879263971,1.0570494488470787,0.6843386164038907,0.41675372985928916,1.0264870614281834,1
0.08890229626989726,0.363402466226665,0.43287339549172643,0.5096381317509455,0.6345308629886365,1.2118511233239007,0.8806763371464823,0.1881759803078093,0.9126291642895875,-0.02664525487725372,1
0.604022825634877,0.8575903084278987,-0.33807430063069527,-0.39883000944502245,-0.37454331182539863,1.1252807078757823,0.7742435007389538,-0.20627307739645334,1.0514376669246008,1.2310655343530823,3
0.6581638458438488,0.27550811855851115,0.34322476040337313,0.8726081565662942,0.052191535550875606,0.26512438651535647,0.4850947341255635,0.6000330847289702,0.5719405606462791,0.13485552187627584,2
0.583261637992168,0.5104793199013394,0.7997643488252704,1.0509006808908268,0.10433360525857688,0.35129794465410935,0.921920809783591,0.3855055010088071,0.5129822905260111,-0.23532804045694378,2
0.7027125410310952,0.020899343579798113,-0.1917292457035285,-0.1732516678942847,0.3434624262218016,-0.19056525159251794,0.6503861218864773,0.40462613190073105,0.5632148212184241,0.6378751405288595,1
0.17714603420703484,-0.005132661764356743,0.04248630764829081,0.06214102148801221,0.7452367821746989,0.2766137924172918,0.4614081421433314,0.42757552309726743,0.24589950903545754,0.18727253965629748,2
0.4572922482238177,0.6696753048275813,0.7395079923827674,0.5266646741300577,0.2283705693111977,0.5640763299974557,0.17862296297994643,0.7578936541143404,0.5441879739164676,0.1123277647445232,0
0.5253874010043906,0.9111785387274907,0.6725998839275925,0.6263447291023415,0.05406499203003101,0.3098981476290056,0.03153130419329128,0.7799435725546837,0.6641254849777067,-0.17146599504854038,0
0.7655538394540322,0.5224872407308685,1.0226041738975682,0.72362390408768,0.03771373623425192,0.33885030037883457,0.23288618781504491,1.0491944777882987,0.6716366283867,-0.33572375172529223,0
0.0864528922454844,0.8520440069482228,0.40820498785955184,0.4680627117759961,0.5249259863222627,0.7216577689790241,0.945566332743404,0.5675063674109333,0.4687712433202129,0.9312998751915352,1
0.33074071809752786,0.5146884788051658,-0.11273598641296696,-0.3701110626527189,-0.10266124126403992,0.7543121693254015,0.7144354573806626,0.6008745563577549,0.8915876955845267,0.47945770361675816,3
0.33177935698010036,0.889240364674178,0.7603346229696202,0.7699826535191715,0.3863893362616447,0.38787953814488574,0.434638652871682,0.7529619472714776,0.3746879349801824,0.19178701522873853,0
0.44415082935001426,0.8937049878068535,0.29896396869684116,0.59264666540952,0.7496674560777986,0.14930026986158274,0.09691946703937933,0.19815234985143138,0.5951313050734196,0.849822058279954,1
0.3315538366807108,0.406510980212355,0.9921020148748482,0.5839233007014815,0.32608399399545024,0.7675818587902132,0.1791416636038659,0.6234737305900355,0.9555383296553965,0.48224820398790813,1
0.232859876189641,0.9099801444430274,0.05218021696169318,0.46306098848661936,0.6299538708703961,0.758454741577951,0.9438449668748481,0.22264499594332102,0.7331588590274698,0.7403664711566088,2
0.31076402074904463,1.0345966138398985,0.12975392043028566,0.5957880795418142,0.8410211444649731,0.8121789732371456,0.6769050800088218,-0.18160405629505227,0.3335616294922218,0.4451864282313263,2
-0.3601762668610415,0.36622920858521846,-0.03508374338602133,0.7167798993746668,0.7954104920433036,0.8943137474384661,0.3769835960994632,-0.017649932308119676,0.9365817522271069,0.43393726911502517,0
0.10740199890596412,1.1113517789028593,0.3457430288175418,0.8598653388654387,0.0536922202196016,0.06822513052669733,0.983984609855272,1.0142814927016899,0.22471832554118504,0.7048158096948549,3
0.5359742255299447,0.39147062940629035,0.6351294156741625,0.5759424368408212,-0.008747627111260425,0.03811095445998186,0.21689646176266208,-0.025507919967323323,0.6638038918233853,0.40388310846800135,2
0.6795675028027478,0.3710466146128235,0.2529236080373313,0.9593843754895789,0.051364501877714935,0.4689306463886923,0.580136046915521,0.7926093920689767,0.6193681166086036,0.38876363446039147,2
0.932142508880807,0.0961763337176898,0.6267639683997418,0.8553322422968184,0.5291888171508179,0.41777203632822046,0.5815884217214308,0.3536344633867454,0.09612443159853848,0.5909219986450612,2
0.2899590651605637,0.31716880760889077,0.09834613786735169,0.7743202877180132,1.3224492440855635,0.5120111136322929,0.7889395155847663,-0.25068107441082665,0.05102673465835075,0.022413513385951794,2
0.7987239804568165,0.2277094261647034,0.09706230730114804,0.2827386954278,0.587035597390845,0.19617709280304488,0.48838062168643126,0.7175534288276806,0.6795915138789987,0.569539506706307,1
0.8599258072175718,0.588149033869572,0.7101406095683536,0.26462887767814797,0.1395704239190943,0.8054399956064391,0.9599495216569389,0.6875946237389836,0.41637843124019547,0.7400962143826523,1
0.5366673689923468,0.8516108455650383,0.30697171154978764,0.4851286482899392,0.7688304347069295,0.18834968524904666,0.007255976487998209,0.24687131198436515,0.5617531119685627,0.9493232778791246,1
0.778982895604247,0.7021139796117357,0.37126713318928106,0.777010296597768,0.9294094002091526,0.6681528769857463,0.6734316907235853,0.11649247698663545,0.7633161939933584,0.8536450526148746,3
0.6092511171587658,0.15356452062036585,0.026256428022240052,-0.3567452424692495,-0.23477805798247137,0.6680212138562149,1.0976183676293103,0.49613541141514683,1.0171263337625724,0.6787530358522686,3
0.5939409821455187,0.911793057612794,0.02097012242747611,0.08620800382373775,0.3677648811244958,0.317874422126091,0.13503734701297604,0.47338140378257787,0.11873070574035158,0.9452110558019319,1
0.03975074987333127,0.23431343937419072,0.7066805316157171,0.014355757116792201,0.05017257736987698,0.2835697145732469,0.13263445255711204,0.8626141291071211,0.45607723769829633,0.30442128628675785,1
-0.15802135814931537,0.5239074460466502,0.08286890106564243,0.3546468833905178,0.8420513668300258,0.3694601095974378,0.7579530808629112,0.6719032915475229,0.9133972492715836,0.5202320916224528,0
1.1142020222314328,0.16249356176726454,0.7171340327718562,0.8661531576035354,0.7175666525094201,0.576239494164543,0.617647938754073,0.403302314512423,-0.04915200531093572,0.4904850474510395,2
0.7835748928643447,0.8494519689213277,0.23820614685006725,0.10961497619182857,0.927082132082194,0.257078098356879,0.014547993250183966,0.540712740622338,0.24332379653180738,0.2307161752884906,2
0.2373126992410437,0.9237172849779682,0.06691665469886135,0.4483267046934584,0.6472348088142122,0.740779916780322,0.9644749719238608,0.21540660336185205,0.734099576379593,0.7384260437682666,2
0.28977516793793295,0.7760786739367243,1.1126132221600427,0.9055695194121988,0.13639730688479673,0.6589792975721506,0.17458849287690148,0.007112928901994109,0.7250658475478297,0.37738759900815255,1
0.30656806829687117,0.8825211913080453,0.9950291602359871,0.6184019481616623,0.03528202675145942,0.2107539376572462,0.20227898994808666,0.8020029370639778,0.06697370358873418,0.31324143220350015,2
0.19345194352197936,0.23149011638343642,0.0682345062626302,1.1479284964894176,0.3682139952359481,0.41052982254884907,0.06479071659387459,0.17482456575298577,0.22683599730749632,0.33651893045063935,2
0.1343881053890135,0.7876753088060907,0.3911808155783052,-0.12520792438744927,1.088644975104209,0.6695269657187786,0.4156570888908521,0.5017732042427893,0.2827262762871654,0.03793793632054149,3
0.4733870801415798,0.31849211262221166,0.4745601110745647,0.8174573036299113,0.31919844819533816,0.42746334568610594,0.43171180659531355,-0.03585495590629423,1.2182948780455565,0.0950136253460137,2
0.8578476891742959,0.6696832650270776,0.1495319618395181,0.766169478806569,0.40485627507344407,0.965364074464867,0.7287918501566483,0.1483364716813926,0.8444897647540919,0.3454746999482256,1
0.4598577319473798,0.8566847554775701,0.41177766976761,0.6110484030577918,0.7762705627082727,0.14930534896244568,0.06932301250681758,0.31071635308833373,0.6297139675936125,0.9270964710268026,1
0.3119042000085784,0.9275583716681923,0.955163158234535,0.5784855870188967,0.06778972241162498,0.28200373540958507,0.26998460129172674,0.7549164107117625,0.0622743053657233,0.22552902315748966,2
0.5201659239341452,0.5994212170589943,0.7555735049163128,0.6083641259871277,0.43378006983936324,0.7049131939562613,0.11631496506315336,0.1654536204586151,0.3948685634817779,-0.37966979171082094,3
0.4023227514659201,0.5047591831114817,1.0239980838684826,0.3102031235052043,0.800973001326862,0.44596921807535567,0.4544112336963967,1.0350698472719528,0.14143458947035586,0.9528767651263869,0
0.16267782488757637,0.7012221317238351,0.3410490149834693,0.6127644929937539,0.3043932970347341,0.4523528853695649,1.193830642438153,0.4452889525026009,0.6316984578961907,0.5804136318485706,2
0.8825123648223109,0.5629540628189702,0.31771116811377903,0.7293392159304856,0.7866945819746942,0.7526069223437241,0.669932725491382,0.11094427135966424,0.7750064658875053,0.9176073624881598,3
0.9340539931831984,0.581932533779895,0.7543447332780145,0.06836385983082477,0.5382640407445767,0.6282854979609153,0.3752845410871196,0.2039316760033632,0.8146944240573445,0.9688278854117139,3
0.3949519486665053,0.5312309804909643,0.2565906528182563,0.8395874388451059,0.3261624115835535,0.24328108480677535,0.6479351040429489,0.1255171009603356,0.8854102677417439,0.25843486623709083,2
0.3822307257968232,0.6834798438343239,0.22200999013780684,0.8682277866177656,-0.07032648776074557,0.2839179169211592,0.7838417480182508,0.2600420511795393,1.196441144250641,0.3878161065086402,2
1.0498874269835015,0.674483200826862,0.3489091517436692,0.8255315104414143,0.4408700892049509,0.6464964142334159,0.7160660632714019,0.3352557320170704,0.9323129057857411,0.16510235472765658,2
0.6236060026471822,0.17407353125181113,0.31529264875092783,1.0110391198974384,0.6646987332281626,0.6540233270118079,1.0876588892132062,0.9897963925229095,0.46496823622624156,0.8279051836608462,1
0.8000297622338677,0.6455868708247295,0.269273319218936,0.66948352773657,0.850740002444174,0.8019039215130208,0.7227552582427998,0.17193997526659344,0.7729446074039436,0.9656793941059081,3
0.5387453319610377,0.452592623126436,0.4081445920312905,0.5339431299612469,0.022335184207436645,1.0800276022108066,0.3419898828449177,0.2111715893302744,-0.03483822653711324,0.5711591976455994,3
0.7279371067172622,0.9731562262851416,-0.008464255106639479,0.8631948870604483,0.623289390613197,0.8942519194621475,0.5909914276636412,0.5370342002750014,0.06320960046164406,0.2214946703197136,1
0.6260410580159772,0.801201486304272,0.35198814292884284,0.13709534969362142,0.9606408220936881,0.3037828648389609,0.19274477892338077,0.3702697078936378,0.19368460432156462,0.29467618083102143,2
0.97442427836962,0.5784877374245775,0.7359787233846318,0.06357770265343142,0.5467436227988773,0.6535176505294816,0.3738538524728869,0.16458003818376316,0.8037527697951763,0.9462293761971062,3
0.8089194692384225,-0.0099202248020114,0.5679914790273461,0.3571164543366565,0.5963985676741547,0.17997458544693812,0.5598117043099149,0.4190914306653979,-0.045809127082318435,0.5549679353902153,2
0.584351767840964,-0.22439081788771598,0.14599787493771588,1.42940925964364,0.5695375049161961,0.7496187249583358,0.9366647370375245,0.6682758917295848,0.7522974758572021,0.6296236034741339,1
0.7952652587868428,-0.18084569327936323,0.7368425483680705,0.43067577061934187,0.8823329379630883,0.5643502650087366,0.9086034308589694,0.46196294533130655,-0.07925367857051474,0.9449050066722,2
0.7241583665616544,0.38544354909800715,0.9436196869243164,0.7161705576651785,0.45531580356199025,0.5742070313899929,0.04628940532639261,0.6578622685437447,0.8914021914973256,0.4024381772880954,3
0.28438734704149254,0.43087916959326555,0.9963419029571957,0.6127556439270865,0.3837461010737867,0.7279640643579951,0.15255011588783904,0.6728899027320655,0.9315743163685714,0.45938578335358105,1
0.29079736033152426,0.31740980887314013,-0.15328913292508206,0.055664677767694834,0.9351704066971116,0.31263928467085556,0.5288551311192948,0.2366021871930423,0.419311096372862,-0.06186476547427716,2
0.681982869991417,0.6713078114973478,0.7470604345973435,0.39965290179000296,0.6678348950414478,0.6611044136394167,0.863048226132922,0.07461266922139294,0.20087270956901696,0.3010130921521828,3
0.3258811562682182,0.869277330028287,0.9811810293866259,0.5931699386888603,0.055328158817500805,0.2342245653145071,0.22931290626118445,0.7779343016342256,0.08945613868139381,0.2894468550430213,2
0.04282495687085854,0.11251053639364283,0.7681545746014289,0.308217327901662,0.06784126474879125,0.264678945100619,0.6441287334773609,0.4058546937421484,0.3132315863102074,0.4510028783903281,1
0.9207549721272716,0.5688042327546711,0.24844726507144282,0.7893578773094296,0.7575979414885177,0.7565274701096397,0.6555232012161979,0.10200757461372427,0.7571704338555216,0.9709888614533092,3
0.667697211869894,-0.07481494621117224,0.7809025212179377,0.8538068665546749,0.6773106415386299,0.4961952036863861,0.2920155773582471,0.41553398331000047,0.3235402590774418,0.5891624098791919,2
0.73755036706568,0.404267892467067,0.4181201476853696,1.0510341304239035,0.14916399522747803,0.5321715282750074,1.082829817504088,0.4686944752205816,1.15460386638594,0.49587588646369574,2
0.9232237333188801,0.5511269424121022,0.7675409702947393,0.07005226030666312,0.5166065039951077,0.6092791532700593,0.3717675673202294,0.1744790856116749,0.8256318624403575,0.9555976796692456,3
0.5807109891129151,0.9205146367952145,0.8010173728916661,0.8109181615385634,-0.05137713854904222,1.2398497065558698,0.04416005171926039,-0.05310041782481789,-0.1024435339761374,0.9043085640382683,3
0.6046850586315073,1.1937331977119068,0.5612236119059526,0.22672905550819522,0.9449724758567676,1.2082349289792995,1.5012290917623963,0.9253461525456509,1.4701810898146581,0.7732960597502373,2
0.050098560543938526,0.10841790448959976,0.7573096283218714,0.3267682982882792,0.0587058168093281,0.26618773874851476,0.6500973844326923,0.3894812263831357,0.3278785140802199,0.4321246965437467,1
0.3275427808848378,0.382210341290431,0.980205317982668,0.6524538927128011,0.3789785222813352,0.7397532247003008,0.14956993961543438,0.6315645401207677,0.9468972026272963,0.4276386988267215,1
0.49246163811199506,0.1324556359797906,0.04904912598705688,0.9002119818907911,0.6331062552852289,0.7755202617399186,0.8840476035136009,0.9770298628401529,0.2514990148773487,0.9574989067801708,1
-0.03213185963196412,0.254254023454234,0.2962794018678524,0.65568275272117,0.4792820621250879,0.8202957837015525,0.7962426772641609,0.38801409793713715,0.6539246567049619,0.5281468474096098,1
0.2540047027800369,0.6943541583881447,0.947316341065108,0.10253290514071814,0.6375377046306947,0.40933425230957526,0.40247197562736814,0.8178643254539296,0.2368749767991096,0.9387489319745994,0
-0.3152709383341443,0.2673905203025138,1.1857765052959903,0.10942462619071176,1.0774404831006963,-0.06227966735583562,0.1282844182809989,0.28435723195423535,-0.19083875213642804,0.4983138040898397,0
0.8702831616406196,0.491844271926413,0.23030976059316144,0.658246773250516,0.765241868068586,0.705611117627056,0.7363479043150656,0.19834025488803048,0.8391395786790745,0.9692830227209275,3
0.9667546880980472,0.5647915707150011,0.7415173195906087,0.07812398018375533,0.5078493047716085,0.5829094934320799,0.40341688983004415,0.15489147697458377,0.838066316813873,0.9822892069969198,3
0.2982505134231588,0.5229530629680996,0.4045648100319637,-0.05527285751175237,1.0021761354379362,0.5718405293578394,0.6738834521783281,0.4116255000827336,0.45887628347198983,0.17709710244621052,3
0.3802617452214907,0.7922759491776316,0.742282894605659,0.08145792514200258,0.8605965946633853,0.4614227855887735,0.8512990199180647,0.8895843300921922,0.5524504111278429,0.7616148271795061,1
0.17894822188924206,0.04982076138505662,0.03129433827376278,0.046662014698816257,0.7175962791049345,0.3083449659984225,0.42689560403765353,0.4781427226677399,0.18861275450328255,0.1556371143900816,2
0.6125943810314869,0.7615610162567327,0.5008294090856977,0.41209779784591816,0.21670457775146906,1.0353093970401666,0.08888299515226802,0.3617992259057557,0.22957963023455993,0.7072147006071288,3
0.15584299839080887,0.5541066252195407,0.486935910998395,0.034988527689887014,0.9287420611771068,0.752170605390246,0.5238909578939059,0.4940751251540831,0.43885418083849703,0.06090301161941525,3
0.42903737218364457,0.7824297351573624,0.3223789338923001,0.20272531101588537,0.7519594536857851,0.1850871480804269,0.44459609691398044,0.5271854073561958,0.5503511157999359,0.0496800731171983,2
0.799115214230746,0.5839133674948236,0.4004315899383806,0.8393752502786025,0.7844608216076439,0.72547693782705,0.6458831818969233,0.10528420866627597,0.6867758387789842,0.8507517410006366,3
-0.059644336449500596,0.7548943446838771,0.32600879037229114,0.3834712068282649,0.8620152775736866,0.691966282549137,1.0420248680635242,0.7146696343893777,0.6407785688766766,0.11891354563340298,3
0.1085546388079267,0.9068710357120814,-0.08285954375680954,0.450553269263224,0.8415749820893328,0.7302318742709251,0.8945257274845131,0.021275184685872278,0.9063446519456259,0.9194481274085577,2
0.562341963726281,0.5344520725121968,0.06663570761368104,1.013803400352419,-0.1691560477615101,0.0878556435179964,0.6020767081155375,0.1041025248969898,1.1993233937914667,0.5497470134541815,2
0.9664677460693938,0.5093453907212039,0.2997158707786464,0.8899837166392943,0.3482823525884729,0.7534703840927707,0.8571158075312492,0.4528831379053598,0.9726415107882985,0.30781236228925324,2
0.6069058388136613,0.8943443123213808,-0.00078426048524352,0.06720622305400253,0.38173893602870895,0.32050136753309927,0.136547820100255,0.48157462087690256,0.13741985900784057,0.9273145476786969,1
0.030556852400198863,0.23712360561826304,0.7004443844624656,0.017803592497874204,0.04193196484180515,0.28059130162095003,0.13125907646534718,0.868567972971514,0.46344634076707786,0.2942762265099009,1
0.32135751084641717,0.8947198822229704,0.12038308834608982,0.33855010559904375,0.73184832745409,0.0045018814982761,0.17287758225812075,0.28667570082428906,0.5532056405644303,0.8486185133908719,1
0.05164995209537651,0.09233032470370828,0.8264093572025112,0.35910653299759776,0.11050275195535816,0.30950593823494044,0.6902258861658334,0.3997544535884709,0.3260421657207995,0.4747307265856042,1
1.0672184364638884,0.6916377473858705,0.13544786612090393,0.8391518313535804,0.05915486140643467,0.5297031143018198,1.0784328139527595,0.7079294943492326,0.9818959923652373,0.019020617680316654,2
0.8561094918151606,0.7600797042944484,0.520107404007368,0.38411669983934127,1.1054292114749382,0.41488533399417893,0.4681531345810074,0.1306485670522965,0.8794883281500783,0.32755353742049764,2
0.817952895409698,0.586633774439438,0.6622802782170524,0.15189657575676896,0.6153586907674156,0.6908050338431726,0.33108169358565714,0.10559135066960842,0.7778809688107545,1.0563132446061425,3
0.993375187186032,0.13053907149916344,0.42246272416152597,0.06175918594494631,0.03770113169220315,-0.06667886120585612,0.5586760663459761,0.8372277369706592,0.06838725829107142,0.6331793388668971,1
0.7514602474356129,0.49641788351591853,0.5053574408922267,-0.005814180148287995,0.06626298937767591,0.6490525556379383,0.7658436974930681,0.7699587756712762,0.15934017339425402,0.6138357459558809,1
0.49146951830139696,0.82539239521651,0.10003530987058479,0.043060772048481744,0.8628634991357182,-0.07184460884627628,0.17279764872638503,0.40876985855021664,0.4515812521407977,-0.08401732206982587,2
-0.05846717400578777,0.9776693181462994,0.3693209371182617,0.2468861733151337,0.5867239864550999,0.8497373525619139,0.8725297226099489,0.5865522327535575,0.3488946052642519,0.9838578768019894,1
0.512838454919287,0.4979125928924377,0.10315080341930791,0.3496803329504158,0.6001161872743515,0.09265378337001917,0.09759997150595572,0.4606063818519619,0.3108305044674904,0.05964273435954487,2
0.05449846412107694,0.3087014094665881,0.24623852305474472,0.7450664074642126,0.5297603958975989,0.9432031359284633,1.0017618858305968,0.4095778538778931,0.690426825571125,0.44300082344281344,1
0.5413703925586878,0.22629525816007892,0.8292024164002766,0.2159063176355272,0.6123502138696824,0.46481007513857164,0.5733845133076837,0.3150694463411455,0.24917854656565858,0.3211664858826392,2
1.084700481845517,0.9800044567682897,0.884177199993648,0.36748752934966267,0.3777924517703104,0.6792521346435485,-0.18811623182437054,0.5436162940240075,0.183177855443157,0.728693505150675,3
0.8437486744977405,0.4766025850842621,0.18947756880283217,0.8571897797281482,0.6788207519261035,0.8282202246208527,0.5878390591747563,0.15275610134561646,0.6480857796688257,0.8615700420073577,3
0.3675203737626347,0.506688010252136,0.0427796541344376,-0.008350548676776412,0.22964438681625904,0.8349960031056332,0.847328463261986,0.10883885537406796,1.082642877226756,0.8634598135276823,3
0.41850805817401004,0.6025784558618816,0.14683639985134223,0.2785951272590205,0.5424262269783326,0.6256897279669068,0.1739745715217693,0.19957811699064204,-0.03488643208814694,0.25740426830240876,2
0.5093536023014485,0.014861011771676584,0.10004060252481631,0.8548833473906525,0.49018139707773833,0.7511728019271635,0.912458408057702,0.9307202215685796,0.3772263881138084,0.8388220823122757,1
0.054551443538316646,0.7608437318392633,0.36341188547081965,-0.4407328867715267,-0.0742834500044918,0.6434885968303574,0.8836327513253254,0.7126128043330736,1.3298281539637509,0.9065631593523942,3
0.5884538417837596,0.9659686276301271,-0.07837748991593817,0.12126718305488804,0.3079013362323133,0.40981631391888823,0.2127416710984372,0.42669845199544315,0.16681744176214602,1.0012124484973088,1
0.10211989631474794,0.2517827265662469,0.10012369160521595,0.8442032207356166,0.3280412226592412,0.6920268154028569,0.5719127955422534,0.5448949719736543,0.11352471857522539,1.1038110783011257,0
0.3241237003064759,0.8692072688066391,0.978631520639111,0.5977156388310785,0.05177432540833039,0.23551883994398612,0.22908704071088865,0.778596728770009,0.0916720911310615,0.28576784829175106,2
0.33344340205638745,0.23879070615653064,0.3569135828577622,0.7446001830315949,-0.07147782425125704,0.9407093334483576,0.4075264711494192,0.644774481242997,-0.18174354579580204,0.9276502894913956,0
-0.14670511233211284,0.04565061335319956,0.23751488342836344,0.6223594861543542,0.47068563748898706,0.8326261776648413,0.6553627887750366,0.13913219418586364,0.7632186542445483,0.5009269107933241,1
0.7943215276714504,0.6381640241446042,0.7665384702971362,0.23344620479125314,0.09826026729204342,0.8127388735033056,1.01510791526793,0.7326653802723085,0.37379159906335335,0.7173377506428861,1
0.5752996349224025,0.16157583358610517,0.6767207676838434,0.4406196705615097,0.21651314411016395,-0.012696105990478657,-0.02235113265207428,0.11292669504827396,0.5788313578928841,0.8543962198851041,2
0.3441922137092129,0.543941512704317,1.077867915785861,0.6956570610873533,0.29406377102847603,0.6817814192603112,0.04968682378752029,0.7328100090389442,0.8324076586727819,0.3972393337291212,1
1.03725223643874,0.5408347031934684,0.1110886462036263,0.8905031105546982,0.5213002213002168,1.0474040111088394,0.7161756615694628,0.1899309654999135,0.9316208933735894,0.5198584712003337,1
1.1779637019920057,0.2541110896280574,0.058121048120867935,0.08964868327374315,0.6133966945789197,0.39891980138255756,1.6243399710194426,0.48114133193006375,0.22138713916017405,1.1366255877236422,1
0.484206417618531,0.3265385563928162,0.7581026424979417,0.6546430278323618,0.6333000532540787,0.76952632390033,0.5463742804504683,0.11665283750554031,0.56821780738332,0.06612059714169016,1
0.8995693632307549,0.3028476984970673,0.43653263808714066,0.5002294235559069,0.5018324333255375,0.1918966534274935,-0.12211400574459422,0.28172061454616715,0.5340416478128637,0.7837049382860254,2
0.3540572167201578,0.48990313496905163,1.0907155137912707,0.6996245067716806,0.4372565437849249,0.8115409173809289,0.16327530473722537,0.692451068966113,0.8598372338291796,0.32829244278988684,1
-0.15890912162212406,0.5180791713734898,0.4407448691096843,1.0666482425523691,0.32306285557954983,0.08288786658622216,0.009742330676112465,0.700687491111469,0.7023201696218467,-0.263709288719073,2
0.29363309705815827,0.882637971799535,1.0181803555123783,0.5801406311423152,0.08937840804687044,0.19560772353102995,0.2604911715168447,0.7448648931702102,0.08904412755111946,0.27767703494103047,2
0.3808806931144575,0.43926621722427495,0.9005629160702266,0.5519748508939937,0.36749772337366454,0.7822092724480749,0.13676124026560776,0.6115504221821604,0.8860241765623742,0.4391738868760069,1
0.8767307816649471,0.5542140202022912,0.30805061717953924,0.7316163986550857,0.782236292041424,0.7480749367439594,0.6816513670711696,0.10540457189234292,0.774761337646943,0.9233538556794901,3
0.8649416939243871,0.6474155588343978,0.3087071851319245,0.6214580782298957,0.31521903945444635,1.1255591749282183,0.596745792418717,0.30326045011420644,0.7577808883917979,0.24794655429666126,1
0.8100277010418411,0.9095058242004547,0.3302409059406303,0.22911361469793365,0.9325955796173162,0.44083493486934316,-0.045502066098496996,0.5784278718606735,0.03573339291838264,0.19953168685941433,2
0.7064306455654301,0.3498613512420886,0.6884582866842466,0.38181331897928117,0.6983966566311576,0.5878234266953393,0.6141214097587213,0.34899158956163495,0.12172172336233111,0.1936983215730991,2
2.9000369823188508,0.0986565426785512,-1.2745656864196162,1.0652082337567261,0.207920233651921,-1.4945913065111318,-0.5985744400770933,2.506969553978912,0.055911826157686695,0.17436702081537414,2
0.2709200298826107,0.16072327559539526,0.1377864063787877,-0.06303670205717864,0.7405530737014997,0.4047624942117426,0.24775576754158804,0.6328515293061407,0.42231567625145217,0.0883035723782229,2
0.630400961153402,0.7100129684668911,0.7781474133444773,0.4552501646564761,0.6419834688574827,0.6550344980086352,0.8607336252006104,0.08484633003614642,0.19815716283401197,0.3409543569227773,3
0.6203079273241006,0.3038895910423515,0.12541025543189696,0.41800358616920896,0.6763458536709295,0.2590968928138261,0.7763400732155785,0.8263757365231804,0.3780627486660145,0.7691438371931193,1
0.048152346030621816,0.0671878362532117,0.2814973060431466,0.6540821633460735,0.5012852577049314,0.6046800215605441,0.5577143374423114,0.35451418129870516,0.9018931151907724,0.7914944416591072,0
0.23405161455933288,0.6291981321868637,0.9509810713194401,0.07906914986955281,0.5764749942789914,0.3177315095935087,0.36360832725895054,0.8217974571448595,0.3290309952422991,0.980891614010795,0
0.8204580197761071,0.7076273975128831,0.7532626104543114,0.45247241661771537,0.05273770042836891,0.6442813426561851,0.8929358903522284,0.5757514421754164,0.3962472987100729,0.5117402588609038,1
1.059641560834257,0.7932577241305234,0.6768668864865894,0.7438305022650351,0.6920222267257684,1.0419080342058937,0.8737397222292219,1.1006588665269956,0.21919827004882497,0.7175014290703382,1
0.3927243471056851,0.8178363233587735,0.0885648958293524,1.2469224642590568,0.6286282821139294,0.4178926152266856,0.2633201004250104,-0.09213805325717872,0.6540567725980628,1.033795505906367,2
0.24246609301254324,0.38176218901682835,1.1357394453960066,0.8055049366973619,0.37533386461932944,0.7875768940268558,0.44158866358302534,0.6665807928562066,0.9187798110857963,0.5867927439119536,1
0.29490958548885127,0.8726393548464537,0.9589781366840973,0.5831618555561935,0.030496869698073328,0.24022010002668462,0.21925645189019244,0.7716660375537685,0.07141071401113551,0.25912220868721675,2
0.9689851787640252,0.5518331485674918,0.25247451306486757,0.8087620941901008,0.33039813330324824,0.7484248087031082,0.9115374457047022,0.5147563579841361,0.9305532087285595,0.3370798335059847,2
-0.02882047064924298,0.87525205559654,0.49492123974298746,0.48943917276175786,0.44580521103482196,0.7722537035346194,0.8430391333511847,0.46208418526084016,0.43424067685941037,1.0407947176256667,1
0.636461796968337,0.7650046672550135,0.26891090916636506,0.22125821296745346,0.7260069960549996,0.40042773492154654,0.12679075171280887,0.45449748838190346,0.027667969743658614,0.2867302364269491,2
0.9692671045642245,0.6030810174061527,0.800395315651443,0.05827110345849677,0.5051757009232916,0.6840251445947152,0.363918995738,0.19315536795250898,0.8788058732990572,1.0236242228196781,3
0.7131648856512859,0.32762649933959054,0.8836864693564386,0.15097530193302866,0.8034440092268498,0.5656997444739879,0.5707100540941789,0.40343160212479334,0.2960401179272486,0.3563284633506364,2
0.9690257259428694,-0.573509597962039,-0.14327365153700966,0.6952411082208424,0.43923304742998964,1.0636866084423588,0.7064935334609509,-0.4371574982354044,0.12687778923540777,0.6029194501007065,2
0.13257004543454842,0.1467363385806668,0.3198907382533247,0.6386082465848402,0.3962588451108314,0.48931415422342434,0.7267979531557782,0.459087900401038,0.8785129505947125,0.7323437024720745,0
0.040572987316100595,0.3193425564385415,0.3072406259479626,0.14191502190309846,0.5046861357917061,0.402066254942023,0.20391274921457503,0.24142346665895498,0.9762864625685223,0.8056085882395714,2
0.8098639381373232,0.9134386967644903,0.0788306272520653,0.8345257870520282,0.6994847147094444,0.819201989085894,0.5205574754199975,0.6903074959043382,-0.09691102755589331,0.2845274908659104,1
0.6783498793223717,0.34384193453787787,0.27021852770325383,0.6548852671675365,0.5792212784520199,0.23537553754674387,0.07115416802389019,0.3534998765116491,0.4163707611010037,0.8766270033331949,2
0.8515989296959348,0.5692949192990763,0.36397164806715576,0.7521300155918706,0.7283709736073593,0.7609679504831072,0.6406882237753236,0.12959016353401853,0.7612112728114755,0.9879584454911564,3
0.008596816796438145,0.7077303023728378,0.29146112207909575,0.32905793194948363,0.4525382785486428,0.7783678106447355,0.8278989057020623,0.43746104239802486,0.6204984630520745,0.9300179210245135,1
0.437428364363326,0.8149942173966791,-0.09201288860528606,-0.03205786698594368,0.2416029699503549,-0.14114893371191542,1.178400322285201,1.2140737456536628,-0.18306983287468856,1.1570435262570202,1
0.1912433297307764,0.6840730779343213,0.7475998119259553,0.2724012002488989,0.21240218247604598,1.1476356461898956,-0.0035819724244034734,0.5567711188521587,-0.11884363767683681,0.5308368330628623,3
0.10632081102794624,0.299762577806103,0.34870982100821685,0.9394389221519781,-0.11653499576903475,0.7617401278884797,0.6799299327130037,0.4833804861584941,1.351031521108456,0.41920542900815455,2
1.1869325974272904,0.1310287915498175,0.41198881255359526,0.2731904188474209,-0.11580671091996064,-0.15550511533972947,0.37520250749641265,0.5763404933089075,0.12899461660238967,0.3780859412254217,1
0.3986703825256161,0.8751197792276819,0.39043818681728637,0.2245241169961771,0.8491175969335918,0.526027199200824,0.8274905688783473,0.4667987815113671,0.44891659457286703,0.8510966128412913,1
0.6847892726296906,0.8277672354134584,0.28697569293312786,-0.02738653404220029,0.7596271108570577,0.006241527053548905,0.12565835498972075,0.2095211534677061,0.40435358524074916,-0.06200012598085654,2
0.5271888821181495,-0.718849357841383,0.6791926411291971,0.40779562623779314,1.0385360266478028,-0.08202264280141319,0.15286756844984317,0.16684001750043703,0.9463585159957205,0.036526114148562466,2
0.8999191447428899,0.4792873616029799,0.35253907366724935,0.4472752968881801,0.2835477357694271,0.34733612392847846,0.03319670081512428,0.2202792606157969,0.304271706692536,0.7377398736330193,2
0.7784044319609212,0.6864790934940498,0.05286959732038295,0.8563795352015364,0.4093268297334518,1.0721047342671142,0.7834847271794387,0.2527589030510364,0.7234707202907864,0.3381053365697616,1
0.7081444410667697,0.8502378462054189,0.3119896468466338,-0.020220395859269436,0.5756348417584038,0.9347077555292727,1.329285186215161,0.8826952540398837,0.38507098164888137,0.5952381054535714,1
0.45014465285241473,0.5599706161828832,0.6670369432952368,0.7928577472105651,0.990986364674433,0.3519660648311098,0.9751797311433603,0.6322283995448522,0.3606281143426827,0.532648535065902,0
-0.04239917525899835,-0.01515387250864128,0.5054775534527897,0.863133566157605,0.39888089486591843,0.7418681429524844,0.8437663121793842,0.35061480287829183,0.7881498385827828,0.5318698652165638,1
0.06708776509709258,0.10418517214635732,0.7739791788359351,0.28395542904048815,0.08929625180624567,0.2638604542707932,0.6236085655213847,0.40448407800851377,0.32983977629224015,0.47183889760367737,1
0.5510523940926323,0.884093342607544,0.010944849283643254,-0.05163852756983886,0.6629209384308661,0.1731699213919292,0.21084514870862278,0.3667797429427679,0.5483584694618043,0.17806933262057809,2
0.22082546956468996,0.5353817364795788,0.3679578005717312,0.19638928027465782,1.080554577597191,0.6318973733508987,0.3858603622630883,0.6489528705326936,0.48058247303615437,0.2240690497497011,3
0.44947000869043235,0.16690815637569706,0.6244089549627153,1.214709787358672,0.2142088249652431,0.8694782449241547,0.8303275331586006,0.9677950496732175,0.03830427551789978,0.3779570960622434,0
0.5971490611958972,0.7798433544343428,0.31029994672704087,0.22242402394592417,0.8271198987345848,0.505415725761979,0.03835967543662884,0.4841607647577095,0.1344952308110725,0.3794720269996086,2
0.7726398777198775,0.7145771215493235,0.1694265044240987,0.8348768514507932,0.3606344278475283,0.8995067003341601,0.7495260431105147,0.2115098860711544,0.8483168547318078,0.31464759085721855,1
0.33602086662971853,0.8893294282605148,0.9409824193235256,0.6659309378965663,0.01332529804589927,0.17264567242138149,0.21114828959600893,0.8403271489640837,0.06685561846907712,0.24600700064763414,2
0.8711648802392654,0.5639301592673983,0.31899870648421075,0.7564142785901017,0.7671049329310439,0.7473668485735895,0.7073634234255284,0.09554259126125536,0.7964600439569051,0.9078955968418662,3
0.40986351091297984,0.4471257842771469,0.3467446220409397,0.05293061651429509,0.8385870823064971,-0.22099663752943624,0.6516823090409843,0.5309225190438348,0.3486948786419807,0.7930120805245454,1
0.5434116999232598,0.7684228842375094,0.7593361951274303,0.38449365776786104,0.703652433910625,0.5622964333266813,0.8006141050815583,0.0037927110286689603,0.255534906010778,0.25048614333237446,3
0.5764839828554159,0.9784246243926097,0.004783396011338449,0.07827182413818798,0.4682516069174463,0.34404257030956836,0.03038275220972314,0.4411469537011695,0.10486154113267321,0.9958488184008435,1
0.03135205012348117,0.2357345686131402,0.6971283437568908,0.016017236674097643,0.04311628287262976,0.27770359320998855,0.13066989010070768,0.8692241836179962,0.4666513941258349,0.2946573868756191,1
0.5516361531662295,0.6603821637501252,0.6861405239192434,0.5007922857564251,0.5696917535759977,0.6501050168480035,0.8994892134432909,-0.011737967097068203,0.24372915101609088,0.30813990303788497,3
0.42407990780146415,0.2114343852884276,0.21665786213334015,1.2987688284691918,0.18345095769128272,0.399581142086964,1.2422843080800587,0.8221602620852291,-0.08377721447303399,0.5271442072693869,1
0.7974548494024062,0.39898081686225695,0.67568535182007,0.26452561238160366,0.7832422877311004,0.4760006714325797,0.5818536795478417,0.3374451783514988,0.16783186275465237,0.19936513094244768,2
0.9670967397953488,0.5565634413688052,0.7213528965128425,0.09590885441343974,0.5633298722765399,0.6599487381886432,0.40904843131724994,0.20272641090811408,0.8342841315373069,1.0048994592383893,3
1.0479270739529387,0.46832016076251665,0.2658901158995455,0.034670952297989166,0.15304471295612784,1.0248887531843387,1.1018218966509605,0.3402493662223794,0.03715022649163152,0.3155813695395459,1
0.46478533944900813,0.7476736558299377,0.0930162973989214,0.6005174005231704,0.41670469930186677,0.7091877819967892,1.1005220478214661,0.23583089449702793,0.7638130736530128,0.7853457837353635,2
0.9403219279760414,0.4382063286877434,0.26850009061407903,0.6010756008322091,0.12664945287538157,0.5437823817873765,1.0882563580272244,0.7251403282552951,0.7566596853406283,0.27227744611853505,2
0.019237005148276545,0.04591697301895677,0.3283185049589747,0.7022474610944768,0.43068202037921816,0.5517120026242779,0.5641374427277384,0.345549464076244,0.8737430471254828,0.7346950969810357,0
0.5435622794166358,0.20590178617545463,0.2927005673818653,0.7563808899072321,0.5241116460943799,0.5702468227404904,0.9012046459446779,0.8771102912411196,0.4549157523042252,0.9738134470465093,1
0.24808989090459438,0.39891945408705837,0.2787687647402038,0.4997475408974608,-0.1442568761247201,0.5565666478221226,0.5529314267687486,-0.17806693978875965,1.1576490982725662,0.03700846348529718,2
0.03469548679123398,0.24159325282090346,0.6919054393179278,0.02391543478158997,0.039127289424707654,0.27611734834019985,0.1353312153671468,0.8623604856422671,0.46718540173676393,0.3067594177368521,1
0.5230223197701563,0.44491429431298457,1.0499506255481679,0.8642611638396822,0.6237066153912683,0.9578198951042134,0.4664958030584772,0.47344429199046506,0.793401893570315,0.20857041500648538,1
0.5503749284742684,0.3584968178368414,0.5616395629993222,0.24251085418405188,0.6621535816167948,0.5351871980962907,0.5322594079469513,0.27491379030014057,-0.0482471277041788,0.35273771102303386,2
0.21957415902023866,0.5336755430454821,0.01473234514828129,0.12333262460549364,0.025461454806061462,0.8626565816873185,0.8555379177635867,0.16290811341198957,1.0185352762668631,0.8860782783168524,3
0.05596039087359436,0.7819778298449088,0.30276242488051924,0.5171798059079112,0.9065730296780462,0.594153867366912,0.9238257856778647,0.6559278799683675,0.6341048559719943,0.08622188445569309,3
0.03355811196703522,0.7588893678473471,0.5567008544588798,0.5156297680235719,0.5969804029993786,0.6688896828795539,0.8423599038630585,0.6734603917483648,0.5953684392484441,0.8250383070481979,1
0.028712521113431227,0.23271553184923435,0.7026902090576912,0.012986249900958067,0.04484229789642725,0.28317620476875466,0.1272791710972925,0.8723967050767428,0.46061357862220803,0.29628735653064064,1
0.6844114441298639,0.4337618486678353,0.5175752038917911,0.14828156585978186,0.07470174794274625,0.5982602568013813,0.572656557803762,0.06093549291615816,0.3772449601846851,0.22027429151582,3
0.07559360994066576,0.4665848798884346,0.5074143633938035,0.747953794652484,0.4450865727982612,0.5102295458242037,0.5414776905545073,0.7690544381418739,0.38210827478725684,0.08084934252380505,0
0.8058392277431934,-0.02963432524084625,1.354244138583126,0.9060603725620182,1.136016274160858,0.48053483159217825,1.3168477307127504,1.0438483850942366,0.2792433815676756,0.45709110586206814,0
0.4650022556196312,0.3524487279266801,0.17818304313512745,0.5771739959374531,0.9366393045841338,-0.14131091679420038,0.25816039649554207,0.6735675244448222,0.49160329731908947,0.5542529218117769,1
0.9161525314865199,0.3049431692132205,0.6095873155280885,0.8561414406671014,0.646165351031854,0.3973309387487401,0.4614977518235498,0.546716769105636,-0.1252708867782465,0.5131668155343759,2
0.494828728295413,0.48119575662929304,0.11986828468338281,0.3764781463129018,0.8584273724253507,0.14877820536757064,0.5777299822185584,0.6514078103802856,0.8391537718262275,0.5577268937617487,1
0.013976691302108324,0.22976806404890898,0.7049217722895076,0.00269712858779916,0.04013397980187843,0.272860303350147,0.10143147287154183,0.8381694076422871,0.45942623167345104,0.3278934005953442,1
0.5434625069599568,0.6709389086715423,1.2167056125580071,0.5341637483254864,0.4991949402326121,0.7092162454731004,0.21884308193422752,0.933192905855958,1.1572010937122437,0.2849995088849969,1
0.5871113813329287,0.9103920654013562,-0.018363419117260787,0.04252474264486845,0.4090401019657203,0.34084220364580414,0.12115294487107288,0.4946156406181809,0.16787716440691836,0.9424019179383171,1
0.0822024254828769,0.43149030281364964,0.8619159364103096,0.5830282219373284,0.5314122650718284,0.785283128013466,0.15209704843214503,0.4756505756454854,0.9749170395135741,0.48700159788228886,1
0.40207354589199307,-0.6155067280372368,1.3607068660773898,-0.3268938484072209,0.7362431510036445,0.8899881792408401,0.8632312235641618,1.1560172659442682,1.0341250021210393,-0.4014156041984427,2
0.3230057188767795,0.8678897610315714,0.9786844527020767,0.5938903723491492,0.052045985210433486,0.23637632708517117,0.22792875529966294,0.7786694854796788,0.08741942445197477,0.2845683225105689,2
0.6440444745584359,0.05249521988048954,0.6353309513584169,0.548042614626754,0.5773730401137436,0.2148363500714831,0.735926327620808,0.5601841491108318,0.11718563469058209,0.5840407539433752,2
0.7988604884505819,0.3572780976934741,1.0093481319003546,0.0718725769103043,0.7462179287945162,0.3436114841120852,0.45139889799308985,0.6003474213145022,0.33496003882011305,-0.10818357147500068,2
0.6151100111521475,-0.07235432742154549,0.47936804984739184,0.8454536595449049,0.5287383546364558,0.9320143718178785,0.7037622087971648,0.8705648630961329,0.19885589610690232,0.6917302228825062,1
0.02370662643263703,0.14527110225918285,0.7570646236782202,0.27688053486111736,0.10694194700755011,0.23032151967615033,0.62621100602326,0.4043777989887514,0.31801559603077834,0.4541089721094994,1
0.4970971394571568,0.05778410044538458,0.13999752449697928,0.9646380445056403,0.46819583418355554,0.7141013555812307,0.7653234136692962,0.8724281408647083,0.25392000530975284,1.0066242331449982,1
0.9420506511789893,0.49875456061411994,0.7447298416133882,0.14589708840525342,0.5856298558804719,0.6293715943947984,0.4402645035051299,0.28252376221901765,0.7474704838405403,0.9801373515699464,3
1.0112525591843649,0.9437323192678512,0.6088560506333381,0.553392631106262,0.7332956596775009,0.6986934473107173,1.3538823377834062,0.67833702947785,1.5836893498875457,0.7052270992015575,2
1.210299792586753,0.26149857176450436,0.4761389951700037,0.19169545156917567,0.020310596340740665,0.3195619783170054,0.6430512902039168,1.011827737678047,-0.05238796245272115,0.4299332855942315,1
0.03900350564308245,0.22808447139946955,0.6951454658827814,0.01584695918528706,0.046050966303542135,0.2915996954582589,0.12799037705172606,0.8739879696288948,0.4539393417792278,0.29498440621346267,1
0.05408936209792593,0.1199954533255084,0.7640237152362128,0.31367145331837987,0.060944712495133294,0.28053252328844547,0.6429474752193584,0.41481410292553605,0.31563978340370835,0.45504319705914975,1
0.43436902933842736,0.10534329018083677,0.21739806864591968,0.22109032272818885,0.30374351139557115,1.2108903750047224,0.9679831331585146,0.38537179365339086,0.9538513852958374,0.21333470253782788,2
0.11360822041996098,0.25869973704378274,0.2774586955611857,0.06733314137738716,0.3736876749750315,0.3956750022815916,0.21419147507859523,0.156965868736728,0.8795106124790856,0.85364043214908,2
1.0182801482346682,0.1782918343486768,0.3184076057318602,0.18630791620344062,0.022607489195503813,-0.0008563732853678965,0.5972220684397742,0.7913310331145367,0.08622898365332453,0.5691746614065704,1
0.05955911680705569,0.3296452838737929,0.3310673712731835,0.07220939966711085,0.35441528425453256,0.3319459480059228,0.23491246131810728,0.18403682060151128,0.9116628235050741,0.7077249864874432,2
0.9637776932857653,0.5542844162059015,0.777712082087304,0.08715403212927907,0.5550533823135027,0.6316127992192023,0.359031560638898,0.17211763579450656,0.804111158867343,0.979188133692189,3
0.031886967427354695,0.8097140226081332,0.2881440556841936,0.5404694090511949,0.9064144989465285,0.5655355830133514,0.908776768242432,0.6388799431320789,0.637593745622471,0.09141728849626063,3
0.05384684872179223,0.7837403036718172,0.2974320760304574,0.5157546265797002,0.9035659070367795,0.5921319708090387,0.9135091791234355,0.6510043920317219,0.6306882706446814,0.07669795164659705,3
0.8407749637502975,0.5107080729256979,0.4372953317164106,0.8947508199892282,0.24200228742040364,0.766077154689647,1.011087689778106,0.5486833357256711,0.8909983899603248,0.20949644179679572,2
0.20877919055211433,0.9872121314759712,0.1299007259202431,0.53723366224203,0.5912814351020707,0.7908091278329743,0.970438192138876,0.16519261958070544,0.6645689721469665,0.741671639298741,2
0.9361682960709503,1.29672235604657,1.4726830857040087,0.8576479284454714,0.7345217130357847,0.6666614613937529,1.124414069994545,0.8739852244655855,0.9754098655236678,1.333545005460612,2
-0.040877853593128594,0.07142780566065254,0.16733674784945413,0.6412369244836229,0.5306736614979228,0.4561936303935331,0.7413794467678754,0.5524267984814062,1.056823108508582,0.75819864911645,0
0.09441117131751024,0.7787982342216295,0.33094764096823204,0.6022455824354414,0.9009501234061759,0.6464335420568389,0.8381480533296678,0.738840306348878,0.5585955846075199,-0.019903726837420727,3
0.319875256530427,0.8842162262217674,0.9791740030458074,0.6177726694167524,0.03948679081519854,0.22696010033467684,0.21499303880415405,0.782417331100277,0.08686355914025233,0.30862384157879696,2
0.9401425653434976,0.5260547425198385,0.7864072865079113,0.01953372101297285,0.5838833767906403,0.6007941238723704,0.42704796744935497,0.17944800089152213,0.8029285998325103,0.924824207478162,3
0.4034804716683906,0.7354398015793497,0.8664378662678254,0.30472683370151027,0.3154373603082917,0.5254517686821194,0.10602938483832448,0.9164151032260439,0.7541082651420227,0.16778734440459192,0
0.14768113598400917,0.8441902731596196,0.4069481622073505,0.516400051071691,0.463168187778912,0.6598774527292709,1.0196285597065642,0.5345248890575525,0.5188127213590739,0.8695540861836069,1
0.966879025114161,0.5472689124078327,0.7273015568090704,0.04866916312757496,0.5227445378461465,0.6513547317402409,0.40379915995407023,0.1530797271555348,0.7908975494672392,0.975866254426217,3
0.20673878749585967,0.8843432096776802,0.028429275658250597,0.46683952702835435,0.6085541814004318,0.7366522908059037,0.9747102499989907,0.19754518781160002,0.7611263578277774,0.7648411055650896,2
0.8703869282892502,0.8476390264542442,0.16684660408368912,0.2699224236077702,0.6838465512908556,0.20345245314545396,0.9260419654154096,-0.05048044578328381,0.7879161690368682,0.25539118289533524,2
0.2509476405376728,0.621478215359843,0.03319996443623187,0.017438521683662805,0.11530978489258718,0.7570319260037386,0.7003448683693836,0.2752739120261112,1.033659602541768,0.893252405829491,3
0.6562133451823832,0.9679257401839079,0.21298588310099154,0.18587036648542582,0.7207232395602831,0.13392116641603058,0.14085924251076185,0.45545301957473605,0.4678882724012691,0.0354799947579462,2
0.2660785825501595,0.6501976298804525,0.47458256749597744,0.044140035272803836,0.7220001421400698,0.7434022144629701,0.48010239836625784,0.4757042911346076,0.18440093599661328,0.21353949317817533,3
0.10757780041108678,0.8294857926004578,0.39775646426772887,0.44821319133689047,0.5655402954358003,0.6826971501578458,0.9201686483269356,0.59312048072703,0.44841064747445464,0.9118502489950775,1
-0.3972742810904747,-0.2906185679848191,0.4662467123859704,-0.3450939749255829,1.1202757923163786,-0.31843781938911897,1.186344172660097,1.1463765443978908,0.557035765306396,-0.0729397409427234,2
0.259377673163641,0.7022139266065055,-0.05755842404809388,0.00465686249842903,0.12078892879841673,0.7540773838977987,0.6783407963019636,0.21151095251872865,1.0416030075252363,0.9167683050096371,3
0.7971380405038149,0.7836622352062986,0.1638860225109404,0.6438410095118515,0.42162466389711045,0.9465145457050529,0.7135800825046561,-0.07562214967700193,0.7958141471419155,0.4818318096324091,1
0.3007541031373616,0.8444320040709488,0.9713635594726988,0.5863488294039697,0.07537373080422885,0.21107633177266077,0.2467639144429718,0.800929900833735,0.06403558153515741,0.30319470995291536,2
0.5013962429628729,0.13972667026412347,0.1801094714270945,0.9546538257534665,0.4266514176996927,0.7700005258618957,0.7676699921608983,0.8907477765110322,0.20481035843647466,0.8434202354327124,1
1.0674029834940586,0.7175268983328398,0.5378503278637519,0.9301313275307499,0.5535166883492052,0.5651036961038044,0.5804432033422714,0.6312745618633283,0.7032003993154172,0.5148189463424228,2
0.6161371999722673,0.9106391962902588,0.005640412535476699,0.05416330777204126,0.39672732486181617,0.33183265296401776,0.13278681667659367,0.4920893298122016,0.13859288124976246,0.931612108014179,1
0.6989597064075775,0.8043304211735527,0.5099627574221267,-0.2931507315187926,0.8981614157819806,-0.06780138816650655,0.11368987317553936,1.0682291060046625,0.7615423982144187,0.9343208987132261,0
0.5445037944996814,0.9133406455923995,-0.05547013197253033,0.07375798273183987,0.4558917899173757,0.2964259636720912,0.14164118249405064,0.48528673641512543,0.208571699986557,0.9952731855910375,1
0.3071389472383509,0.05937126930618235,0.1411429846399485,0.92244680584882,0.42721886601226455,0.547067817654277,0.6438131605798486,0.9790706802130272,0.15992903456923846,0.8046234780350233,1
0.6682922850413435,0.37581515369639673,0.2810867532048591,0.87019394868273,0.11189579848096115,0.4300355502182507,0.4726889803920551,0.5213248269241226,0.583560563125498,0.313507414558677,2
0.5609480497823489,0.38747980469040366,0.23624208491373558,0.8806270243452131,0.17926412086374366,0.4145076474294259,0.5549735399828281,0.5906701609321353,0.5765905730947432,0.2983408546791365,2
0.9623787686072462,0.13650224841116754,0.412413939739291,0.10635662875893527,0.09741715473608875,0.025846285474483643,0.638924565569318,0.6719811695217618,0.11301470670133759,0.4132075391765071,1
-0.21616714098604156,1.0062091086874259,0.3540199558338069,0.12181387211971317,-0.04997259699173706,0.5957051129391802,0.7895717475081149,0.5773409994467302,0.4105266403205079,0.8281558065066373,0
0.22764540085754148,0.008002071837155733,0.6782720327987816,0.32061682067022756,1.7007182990398477,0.8281925663461795,0.6528186500545695,-0.040718127524476566,0.4723917278459695,0.5484801445299623,3
0.007293888186314296,0.2242072431257397,0.7004862202529901,0.030117372010952995,0.06161848548142428,0.2960326278114789,0.14174309375533986,0.8877784856565311,0.4520720827841714,0.31384468449102115,1
0.699296205837604,0.7040881789334924,0.5426642155961081,0.3827262598682649,-0.046716995180074744,1.0446807988376696,0.12896327801814203,0.3442577508626049,-0.01153886591254527,0.5732393747399491,3
0.7636550393723113,0.3879006852345082,0.8660171443043454,0.7118995201031135,0.5389549789285645,0.6185546168291584,0.06727359014180896,0.7000794114067328,0.8509398296244745,0.4178279635345755,3
0.2466165658425824,0.9230566117484745,0.038604453148040174,0.4603171157324353,0.6365226379690344,0.7677719262607707,0.9620589393200627,0.23465608435043403,0.7454830398464438,0.76359237162073,2
0.34224401954415407,0.37227548436159413,0.3229204510517433,0.7092112469750329,0.18929749130588347,0.4056869032684074,0.4648318992708115,0.10957618952588888,0.9681894538560165,0.20785449196423522,2
0.775196616231662,0.9392022589619505,0.46767201410310766,0.18641816116198834,1.15246813133962,0.446133432787672,0.03349174817571959,-0.07588994486215855,0.5693552682587022,0.41303116056563305,2
1.2397502145227053,0.5326380741785713,0.327358610578918,1.2529941813438972,0.05104380379773965,0.7464025998013939,0.9546218655079434,0.7281875590768756,0.7069740648432196,-0.09177107514073246,2
0.9183417673056182,0.1265128632891392,0.08660595349660141,0.8751920191662926,0.5308622517417773,0.30682874006408095,0.09202208568924095,0.7606724435584824,0.21291171138837262,0.2713395110658434,0
0.6516355973007376,0.7115270258165551,0.7700196115151323,0.43374628477701854,0.649504239463131,0.6537622084110694,0.8688997487369634,0.08077451613036399,0.20031863758965954,0.32401555239682983,3
0.09364047850980126,0.7328648680778371,-0.08857457116664896,0.9398606409644519,0.5752346715999093,0.39280675746679344,0.22681915187959323,-0.21292158543848805,1.1274358446050368,0.45623943647842535,2
0.3399305782398614,0.8619633163995645,0.9666380321636483,0.5799838402650722,0.07647609737415638,0.21764591912843928,0.2472186860992037,0.753084482098713,0.09817419846759304,0.29780170496794917,2
0.11433837881829059,0.19360041335407477,-0.13133423770336272,1.3369585237804162,0.42853221009285386,0.9901259842357945,-0.17670757518758806,-0.6515533129770223,1.8111845831160234,1.1593983382410833,2
0.8804989686023739,0.5418917311444369,0.3021012910616054,0.7228462076181456,0.7773247830802269,0.7377571097550717,0.68529198740096,0.09697506253582125,0.7694000151089087,0.9224760929547776,3
0.07060892360808252,0.8383650817638179,0.4034518322176615,0.49128461301512205,0.5120390181650295,0.7107299008434784,0.9600673326691743,0.5627678208072017,0.4936295719975376,0.9683800665468377,1
0.6418970370811271,0.8751495283232495,-0.021164698582479425,0.10554842491964297,0.3495217986244628,0.3646121043962285,0.12966609062510673,0.5247005868033428,0.09647795158979786,0.9492028371821637,1
0.6199154571119253,0.5187423143382718,0.7730729259308375,0.43603386920963283,0.7099998810266113,0.49038668240920236,0.7371251579749805,0.301193263770274,0.15160300720275433,0.2842373409722823,2
0.4138145777354979,0.42403072440433537,0.8124373152884671,0.6797286558725968,0.9077163137587992,0.36454693866300397,0.8783479043844086,0.7759306757174635,0.5506007558078448,0.44578458080781963,0
0.007148904597624302,0.15591563890990803,0.7957883004690901,0.2705620726815541,0.023609252989120262,0.17160057088563113,0.595996416198227,0.4884703235968442,0.4211332768913885,0.5436034617466419,1
-0.06425035144739394,0.7480396976349208,0.21605941895874115,0.4942578351568194,0.9022756941294308,0.5647219930985106,1.018691287551233,0.5970183718847251,0.5208416142501016,0.039067874136466285,3
0.7540260916051332,0.6171401503120024,0.013465046832356886,0.16215353715135103,0.9848317712169584,0.034445318145834,0.22116201925483142,0.3477148776040757,0.45092577771810594,-0.043474928866498654,2
0.6369747150675426,0.915964206460034,0.1725637639893195,0.3487425530166478,0.6581457156960373,0.426779719275664,0.20223098871480338,0.3097107501417542,0.03759132341276561,0.3744105013468454,2
0.05730817865285759,-0.4793427193645163,-0.25420251799518667,0.5551302199356312,0.8624505852783152,-0.166635073532245,0.0730045649696151,0.3033046329653529,-0.1303295664739882,0.7298468980819991,2
-0.1460216315925083,0.6162237992374069,-0.04514150341146561,0.3029560042965431,0.40002937757573576,0.5008982178464568,0.15589954325003658,-0.21127429882865784,1.5105204391022216,0.4667902448062172,2
0.08247050396579711,0.09627650880621295,0.31409855417653626,0.6891582272107033,0.5112947546935862,0.5956157937276969,0.608442349970895,0.3986901102857413,0.9180024820433305,0.8034040636251262,0
0.5398589904012774,0.9583922640168794,0.6167685853385063,0.5178210743373818,0.0220249388034163,0.9313160368750594,0.1471274629640934,0.5414825221287285,0.6789977523663703,0.28686943042731033,0
0.7186904114098607,0.7512164316084169,0.32850646909794434,0.2598527542679613,0.7516755007068191,0.4827590633411841,0.12340562416584887,0.39421500031422974,0.11423810795971145,0.24401039689033982,2
0.10516303367120966,0.8663103287574938,0.22519652206127305,0.9000180328864824,0.46287703016867937,-0.036530969087255394,0.4106604719777829,0.04324940320610704,0.5873010481304944,0.5056672596709451,2
0.7363743395003867,0.7106196748133435,0.13763806296547293,0.8946183394008287,0.3043678243728096,0.7798990161314975,0.7678034144639538,0.5782501388259498,1.1635322862236366,0.1391459537616479,2
1.0009722070336013,0.4983228104327392,0.19287655910296078,0.9128130815718777,0.4234385575966896,0.7984622331002467,0.854400406533279,0.5458761218391037,1.0578462019589667,0.413993763450769,2
0.7421170359623601,0.1911867613825412,0.8444712465088107,0.10821566469139293,0.8665206389740616,0.6973085475767006,0.5752977830558132,0.5230622700603785,-0.0017698312598740107,0.18639095940385603,2
0.556482443717053,0.5185577919637777,0.5675410672164453,0.7881834395392052,0.03364139670692731,0.4637324911754244,0.7285924668573533,-0.2961494432196,1.2770062633776758,-0.15845659656181754,2
0.6207520259086485,0.162622297301793,0.038051119396685665,0.6647533467318514,0.6135127687700812,0.6965108844841852,0.5914548072179864,1.060914983118806,0.4590690349412504,0.6036032596318524,1
0.5943084100418897,0.8766753264991815,0.1475895673387759,0.11069218710487666,0.7646040379609184,0.044887694327378255,0.2675027346863211,0.35990733804294534,0.5638335335379467,0.0004178233611761839,2
0.07880745993748206,0.8395493199678314,0.40798331240076335,0.4601447429522998,0.529050069149156,0.7055890156858019,0.9516952308054147,0.5651731992153579,0.47544899161629534,0.9316597898554185,1
1.0818381732035744,-0.10546429550401254,0.7747399497585188,0.20641374785133837,0.575462404624226,0.48866936577432657,-0.07041214585665076,0.04768081297458732,0.1511629485981059,0.7276688804360487,2
0.036841390736480795,0.11673224924369004,0.2108441338727601,0.06952233653517675,0.7625327142917455,0.20457220559166012,0.5983924305790034,0.5531925517544568,0.1883314063929286,0.03852193541835658,2
0.7686532510628883,-0.20909260696300636,0.5616635888155054,0.5371571526442482,-0.1280287048999101,-0.16244826875189852,0.625700308099531,0.8707501764208884,0.18145999482131098,0.6711960854996479,1
0.5800323958497497,0.6941046341100314,0.7906234554710998,0.4663744195099662,0.6703667853929743,0.6141809469677448,0.876010024009909,0.02381762495486351,0.24480185165806084,0.4138761891142018,3
0.05094231218411091,0.18834376610489514,0.3366859222220579,0.7218794754531712,0.45775543775431776,0.8509711726102287,0.8382971161078371,0.3509451137030769,0.6688270233907422,0.4963661803311094,1
0.349025996492623,0.39325645004251697,0.9489198135116542,0.5921532739203941,0.35214468306129865,0.7393946025086844,0.20242459415068534,0.6865466793818189,0.9916847136904565,0.44333314135121826,1
1.3352194183835902,0.08737304324840484,0.6696787002336513,0.8735468190081712,0.14146715105193253,1.307515679151622,0.37418348982921906,0.4930280605851163,0.11660905037110021,-0.4899104924059877,2
0.35263939619901435,0.38807846145270525,0.9698665957401577,0.6703283832862033,0.33748384539786924,0.7219208722596597,0.16538804566905502,0.6288346030042208,0.9787012982567401,0.39525786343256014,1
0.09848635256662949,0.23237754854542814,0.14734719043065386,0.04052972415613082,0.5406952718791225,0.43790766823676297,0.16779127255219956,0.21370429003806812,1.0709197672699546,0.7668017224177083,2
0.6891047333678672,0.4301093295784371,0.6210264901646296,0.6832577577825522,0.3559194900831019,1.0933570321752741,0.12331600266350495,0.21556072364099393,-0.2067555259795495,0.9080859485036765,3
0.2360911634752037,-0.21734927570321386,0.02476931333928236,-0.3101239868394164,0.5103207473398983,0.5221327638311954,0.6855126611171652,0.09732839607395549,0.3604792743740518,0.08363534210963154,2
0.29253125721672796,0.9496381477172734,0.01546498721745062,0.3349357449523596,0.6908813971289581,0.7413293256217249,0.83662088711868,0.12005860734259984,0.6917279535216941,0.8522836066010374,2
0.5734080006000255,-0.09034987836828601,-0.3906016440554748,1.056323299878285,0.8213043827007274,0.6169668824594278,0.9241140686587388,0.5115482231626559,0.9615689696331033,0.8017430385633615,1
0.96966259396088,0.5749592134536786,0.7620281454003845,0.038747384773386934,0.5547740396525245,0.6358826569356453,0.36255263461726783,0.16778501023616757,0.8380595851912678,0.9259550884883077,3
-0.30092433114681705,0.7974892807024385,-0.33658362458164137,0.8644697735904752,0.17903906391345722,0.8799630425512585,0.6718748150509474,0.009529848497380089,-0.35294222387114693,1.2483188523894229,0
1.267991084367877,0.2678249247361638,0.1606449664094315,0.6277022309242364,0.6777058082739632,0.11165756900239437,0.8265683944992961,-0.02565577058819929,0.5095010275251304,0.5607760291738015,2
0.30064229767597106,0.9041234457459074,0.11822249686908488,0.4860235139674299,0.6378361837529454,0.815734160936944,1.0367537378415097,0.2759561164624367,0.652960913397052,0.7373235339838475,2
0.9878612633807288,0.19200223975066286,0.1041925700057189,0.8889459532520291,0.6007729877781293,0.3213708898375984,0.05154679748630429,0.8362611630874733,0.20304875086722532,0.24362922559075806,0
0.5788206084793244,0.5348910732418648,0.5219552340425774,0.1299886679685308,0.5248120394369639,0.649335421672717,0.8513929490589861,0.26254650386978806,0.29678011923064485,0.2037817738702291,2
0.7467070638206649,0.8790561662012732,0.07169222286705133,0.872604076132063,0.7066490675357818,0.9617325618059956,0.6328113409461207,0.554271425438063,0.06200662109666706,0.27477825537324996,1
0.32220652922240445,0.7059006992760097,-0.01355898977004313,0.07349800194962229,0.1158440527992472,0.785638033992393,0.7753804898320629,0.23171565456274376,0.9585206933739462,0.8944613690876458,3
0.664242113295972,0.807394088283567,0.10692321210675004,0.243361360130206,0.8382376352416443,0.2532295912697182,0.18911978373206556,0.30545632642956316,-0.0781165000048048,0.35588430359039563,2
0.75282590061196,0.9263605730560028,0.4578291104567867,0.8142775199313361,0.01720264048404299,0.4672477976123318,0.3540093864666466,0.8038922321183242,0.2654097695951854,0.19394047216994162,0
0.04494964768413694,0.19413618614132075,0.2910473925451955,0.734075935125037,0.4303863524243258,0.8659308401389406,0.8125264086811046,0.32736520880334663,0.6475296120148829,0.5218921111682673,1
0.471334419450663,0.7202692551450312,0.8438177803755993,0.6028404219990988,0.500599636991844,0.8236407516925528,0.724203121770071,0.14506751599108536,0.36780862229566713,0.22736190211509488,3
0.243083921706367,0.9101443267649553,1.032571520914456,0.6290644569711311,0.05248436267035525,0.30609114577380947,0.1702940805375055,0.8691449269665172,0.08497429679434726,0.25797656075304043,2
0.7754744259457201,0.39667722964724306,0.6470165880187176,0.31144136192754934,0.7041245611073109,0.5723417798036629,0.6405152672547765,0.29895549959250367,0.09992501426481104,0.25390898751313973,2
0.8835840179535598,0.5344014816919461,0.33744731563052427,0.7210071200874253,0.7739656177153986,0.752961278907494,0.6932053377726634,0.06679268642830644,0.810178704918233,0.9119657219890253,3
0.9813656384322699,0.6272599740751713,0.7640282424975197,0.3271639447300148,0.2816689328668732,0.9022867584164935,1.0250729965086731,0.560238968941064,0.603989722678359,0.8044615920110116,1
0.7092329202297243,0.02547334727525687,0.6087552708644041,0.49996310849805814,0.460860316624656,0.16289412761906882,0.7182249474455749,0.6307167672441709,0.007438844422083972,0.5694851516197555,2
-0.4410499294667589,0.6266609448364224,1.3604433412245036,0.7037344792467278,0.4104538726593341,1.0884022653344092,-0.09667926957574674,0.17883517955750117,0.12717999905144534,0.08880380117681011,0
0.6230002617933719,0.5142782082738391,0.39036778851683074,0.31747794708523597,0.5920061503482787,-0.011622724087809927,0.63456749890368,1.0134029421056487,0.8248525807853025,0.5799891732225927,1
-0.4426462120144532,1.0669744146598623,0.779154159876777,0.24911284772822317,-0.08760532867342063,0.8475573950636303,-0.4099806922275506,0.6448945659761393,-0.19456649531393433,0.4002790576829874,0
0.20743805414477354,0.943256106792395,0.18179949853121896,0.4689312781523956,0.962671125755929,0.5657110995554543,0.9081574728774742,0.784074935052525,0.5352689846967923,0.22486038647765572,3
0.8938463833474103,0.1782495963485718,0.48788528024699757,0.5774005473480203,0.42986609381479274,0.10539794751666726,-0.007449515432355447,0.2830990192551098,0.27808232980987624,0.6130841933567468,2
0.8070924834937652,-0.1554263803683375,0.6368730735573407,0.567182342565186,-0.09177588306616152,-0.21175166729564604,-0.19321187537212642,0.3229200310353512,0.31194975448377793,0.15312628147904994,2
0.3489591873982642,0.8625158906680706,0.8475391837062446,0.15375529334333216,0.9391712460514862,0.3477735294376549,0.6805594074518505,0.8025315146734906,0.47842426645122826,0.757335767817118,1
0.21816729621580896,-0.043701527071062174,0.44413188573344076,0.589211662458693,0.5325999710161133,0.6800785104552574,0.5758426353725101,0.27224618132705375,0.8146585820507272,0.7018150510786959,0
0.9735098869772009,0.8414476587373831,0.3494141325892361,0.08622575916650375,0.6611727517590283,0.9478178731097492,0.7511633980964341,0.14048360352459305,0.25890861717003827,0.8404868612676277,3
0.3009882242412018,0.387420301372916,0.3441813746207607,0.736872100050977,0.13949306227675173,0.35401575207700886,0.5241865796310631,0.08630925542093784,0.9254081957391721,0.1554936720017495,2
0.21313519837921888,0.37837932554029385,0.016797330490967256,0.8120319376740741,0.006005194734265995,0.6352560134709411,0.575759855121733,0.7672892237787053,0.6577789506451073,0.030441529703785625,0
0.34713171897461703,0.3901149286765091,0.9365870412233618,0.6813833987454063,0.44813638999513045,0.710046785093511,0.1512597391826368,0.6475952963847383,0.9838904189103537,0.36236130046758896,1
0.5315010946535614,0.3556688101557284,1.4309953324020732,0.6025373767827297,0.5337751769702856,1.066741321008752,0.5695095830877097,0.27846467500994015,0.4914195463406112,0.6235766073168083,1
0.5310930608772124,-0.16026143273955729,-0.07865567122623557,0.5768991514992723,0.4360731791556133,0.3370378353161741,0.18217047488370824,1.2766031651989116,0.8262967078052786,0.7780263517730475,1
0.4184487869193224,0.7073531371689925,0.2830886899595543,0.3357375616572283,0.8317872341342177,0.722002826272012,0.8185539328325556,0.08366895462714005,0.5731968494016753,0.6073330449249941,2
0.048064571763231576,0.11733683044857096,0.7710568258243797,0.30794739520605874,0.06418476263674776,0.2688084287121468,0.6376050652747446,0.40653714900530435,0.31234599719454087,0.4525744406233659,1
0.8850640902006834,0.3962104789226399,-0.1025873697671581,1.2114043419635945,0.744317670246708,0.7793908368794153,0.546020185356802,1.053190760241867,1.1117744273534957,-0.2753503918902939,2
-0.05115591737252605,0.3716540867042488,0.3470270250393207,0.7271269541779692,0.36700034101796053,0.6765013259487891,0.4298970394591828,0.9274329948786646,0.5626485839324965,-0.03989837294005766,0
0.6011636062386567,0.8991831119764124,0.0031015956212073967,0.0682315402431472,0.3886086463748454,0.3294919191730564,0.13260152961602445,0.4876450893329026,0.1271705190589136,0.9239338943354584,1
-0.1274760338570139,-0.0733394395385194,0.12916567883251154,0.9658468035625112,0.47143273634867106,0.801770160161149,0.9091383345039767,0.6124003022420605,0.8063580026193387,0.33713532434187754,1
0.11532663586878364,0.8660128655761653,0.4215771298170966,0.45904228808019115,0.5310832424534395,0.7616909235814657,0.9085614422201029,0.5415768521799046,0.42856076980622765,0.951285645286543,1
0.8444168713811748,1.041541059416962,-0.04488229543851696,1.1498408689922832,0.6689892025684813,1.2900061314175328,0.39626590881700385,0.36781236482525304,0.05611653498464266,0.39422403895015357,1
0.06743544149687214,0.8310010276778943,0.3097907499068263,0.5222514120650911,0.9012737359939972,0.613608550225395,0.9489248328367852,0.6392898078434431,0.6453414575197175,0.04770150657481008,3
0.6512435050836093,0.6928474434707955,0.4433073486236714,0.4566464984581968,0.20779500496337283,1.028285997838454,0.12110767365701469,0.29893538928595303,0.10731344992865678,0.5985802701645047,3
0.632874625356102,0.7221270436164001,0.7599781577483533,0.4372310156279094,0.6450753188087782,0.6547312987989599,0.8783510539301459,0.08583819197948904,0.18679362977664357,0.3306250652882514,3
0.5439570119577505,0.3079362087826327,0.26071091696487403,0.9589273594863386,0.1824191155735204,0.4069142247493474,0.46805170316884087,0.6537456598875563,0.6790583242708178,0.20550608108684104,2
0.8876025993173908,0.48808252933820634,0.26960058689364697,0.6524296562983865,0.8398914740115382,0.6756587176043771,0.6187308687152334,0.11046634751615712,0.6918764660511398,0.9159720559389212,3
-6.958675387377933e-05,0.2513979144563604,-0.2057189894900101,0.482337236730713,0.6434325373678537,0.6460832469153861,0.7886467997301575,1.008120070593447,-0.4119314233187534,1.209856171972305,0
0.7574583412538514,0.5005188916364671,0.38974455007618763,0.7154703219276608,0.004168580651812442,0.3950453232946418,0.5477969785558583,0.4528047617006109,0.7692011774645401,0.3738959134954044,2
0.7740668087533431,0.7332136493078741,0.4529573842927376,0.8503295916199232,0.6251093457852923,0.5536501684076534,0.7515464842644247,0.08139932364779662,0.8546551244276493,1.0596295885334612,3
1.2430762894306677,0.1507135572928326,0.20690756797151189,-0.08737654926869529,0.18199031001812974,0.2831231226318395,0.2899703483032756,0.861056985654632,-0.1548597985991397,0.5631887690544408,1
0.9332345717715719,0.5773751570658227,0.7583816649472385,0.07328105583826612,0.5482717844003276,0.6308994147649891,0.37574706614879194,0.18671464402107235,0.822257039024622,0.9776977984253304,3
0.04584325464682863,0.11823125811506616,0.7734440495758615,0.30937084292895894,0.062071673741753354,0.271387216700961,0.6377292812528929,0.40738370569632,0.3099821690042658,0.4509867149020072,1
0.23331592151291458,0.905838465569883,0.07356313627929893,0.43668624275578677,0.645026527181501,0.759831693675524,0.9497519102402258,0.2136421693677778,0.7140302932757399,0.7397690543401483,2
0.8631543228454854,0.5749787456993057,0.7343846421319419,0.254761345035305,0.15452881117956177,0.7963782951801257,0.9555284289066052,0.6944711900597969,0.40509566025540067,0.7538839552229667,1
1.0619833624630155,0.33051117436887933,-0.074160348240642,0.8256767969190486,0.7264201671429353,0.40638401610536723,0.06904275405610145,1.05197816998046,0.19089559044590515,0.3110006048429779,0
0.9960594604870606,0.3966687614075596,0.4357367782158547,0.7939577492843037,0.4114547598840799,0.5882035029868454,0.7552534350290757,0.3357979353475978,0.7965393934792755,0.13126265801976672,2
0.03119050289260813,0.10948331445239207,0.7538156122653564,0.3266793056313319,0.04684880663700705,0.28789914314069537,0.6472011429374968,0.4086432010487367,0.32477902322171326,0.46549073720604833,1
0.06120593815588162,0.3247801067915306,0.37286169419496384,0.6161713051328868,0.2567333590942616,0.6309748339858694,0.969787032513666,0.31528806779081403,0.6102144966853491,0.6558525019412846,1
0.29558320000590027,0.5085809973073826,0.43155065594607817,0.7015656786740202,0.13984010755204634,0.42286481899219247,0.4651512777954411,0.15967013183274295,0.9068090439008305,0.1633956863272719,2
1.2021963429514189,0.8656070457058261,0.32430251725356607,0.8813607687790092,0.39480060865085126,1.3623477921782636,0.9548301081628923,0.08723494922154919,0.47968089786043117,0.4781988632885844,1
1.1608912151395991,0.11480288290391338,0.4935241062320414,0.6324931200453598,0.31674140357021563,0.9551188734352052,-0.6740049821412811,0.22366823369731603,0.8460758624122704,0.4952905674744939,0
0.5891735425749913,0.17870802032647393,-0.012727376069654017,0.29820906428093286,0.30044237728365963,0.3319870248630076,0.3072593372092238,0.2746229887511311,0.9501893545175423,0.8720863399057668,2
1.2742684675093945,0.21580820724228095,0.5321535202511193,-0.1562073189108349,-0.30241303361617095,-0.024158644574004157,0.548379198319801,0.9987695676402877,0.19819257723071382,0.6624904349481013,1
-0.18670766344579165,-0.03169236569147432,0.04361316476292229,-0.27466195576368907,0.23358444242534893,0.15494883926416572,0.8387474624703142,-0.039563276944013515,0.6421685748163348,0.23586895734537944,2
0.27150343127440996,0.3775608805788322,0.36526923593941046,0.7128928974690772,0.20908612986941583,0.4662186089623732,0.5067574039558718,0.16436139029753677,0.8762974549980842,0.2459928280663577,2
0.5138351657691053,0.09110925835277434,0.10081531510569354,1.09470756632633,0.42476161780042343,0.6343032915913572,1.0362705857182783,0.8061029002358535,0.3191057982118648,1.0075429364996908,1
0.6627811028716459,0.3876928052714207,0.6397452045524208,0.46129431217602157,-0.04296801605869365,0.3329107263351037,0.8178216635242559,0.512643740317084,0.27900669384926263,0.7563629590986899,1
0.6193215625174212,0.8663892686827145,0.2792601237861073,-0.134222183123975,0.6363324834151516,-0.22916296739327652,0.4922174508555225,0.46013175833175535,0.6475603186006125,-0.2843677342050767,2
1.246030303310989,0.38115225394880614,0.8537112226816599,0.24954297317619975,0.1905690991136358,0.5432393219257402,1.4942457132732296,0.6364118225038641,0.8906726633876676,0.2077908464103787,1
0.36319251180376005,0.31743964755214527,0.30997150069948143,0.5369585578881231,0.024833315394647282,0.43476024653291173,0.7876752179059474,-0.0255705294453053,1.084796503638868,0.4955686959345083,2
0.034427662385002264,0.23608133627381153,0.7015166237207561,0.0221213205186943,0.04592201983347395,0.2849321402632712,0.12827657851067256,0.8667756338299765,0.4657417977067723,0.2945647926074401,1
0.5060355492882951,0.34633263450119767,1.0846111373729637,0.6110304134211321,0.6916945848333002,0.8762154676669688,0.6021924382683312,0.4991672656763861,0.7675546553902055,0.46411937329112196,1
0.04668525731852966,0.19336777716914344,0.3211503972623926,0.7143439044369688,0.49675336667896985,0.8579093197249432,0.8422971935810408,0.3763535068219278,0.6709850592902301,0.5116554919680458,1
0.9992154325323169,0.11878591889461762,0.6564925054437695,0.740978118288661,0.4954344093657287,0.3402347031514985,0.5873455027701877,0.36213136986306627,0.10296474705783538,0.7072966998668411,2
0.2288301036718766,0.7214694589608237,0.3969262688334974,0.341084411448421,0.36824986747059707,0.6519387367850848,0.8798959841664782,0.7130251694779817,0.5874167740995905,1.0487026518792872,1
0.02044096606743977,0.7600788375445543,0.2904356894496087,0.5089434498122661,0.9513843105466965,0.6281668534027406,0.9214548261668648,0.6834245139286216,0.6724137096780459,0.039598544469835156,3
0.5699859093185692,-0.10415659001925259,0.513479051694965,0.6861816966048703,0.40313328848561425,0.0008204095707127768,0.9707767343116138,0.4822231872870896,-0.05828883671953669,0.7756178397466995,2
0.13331980961727952,0.5870338434371063,0.842641497352948,0.6261903313217414,0.28626233196063355,0.6726246269237518,0.26464907692237927,0.7086196103963213,0.8520323335839712,0.3241190907918893,1
-0.21191198319301024,0.8577055422104525,0.47891687518865644,-0.24204148918741936,0.6353951479119407,0.6143087704390506,0.8423591545749156,0.7602182466285501,-0.038573120389832516,-0.0345256856420036,3
0.6559352406655079,0.8629754172704212,0.7010038769270981,0.38607191283339065,0.6037328956310177,0.7819355575539835,0.735804671806216,0.004286646370990077,0.05905667022583522,0.16685090553048398,3
0.07955589602957647,0.07284074834553417,0.3353764563894759,1.149192181656931,0.04916298139108166,-0.023354125915482193,-0.15312531890247272,0.3687238077933341,1.0816952632776562,0.320251634314333,2
0.705116488365794,0.8639220187852971,0.290265479157584,-0.03262420262666629,0.9524403327035632,-0.07599115663648559,0.09287114715441999,0.28722953705885046,0.6311785988449179,-0.07258209656143497,2
0.4474128992137271,0.4810130914745376,1.085838570285684,0.2752453143735343,0.8173423055011554,0.6213812366090805,0.29642476227674286,0.7339739629681782,0.4163163865883592,1.1981801541364683,0
0.9599040541312738,0.10369603563941007,0.33608390921787656,0.12730308399208656,0.0031790741416028692,0.05304508442560669,0.4818006370588553,0.7635146544468054,0.06345276599017985,0.5048175160810325,1
0.471640608689606,0.6030279348063959,0.22041602341548802,0.6703362756100261,0.10965801165687264,0.5629759236571517,0.567838157084924,-0.14287750290208748,0.9444238380253779,0.27085264480772536,2
0.6483902450728769,0.814772811619349,0.14231418879574761,0.10849698705809284,0.8101900053859196,-0.004388948605328534,0.2114994731096678,0.44082937624711627,0.6484580410945467,-0.045980867789899106,2
0.24459442745878462,0.5522616023762634,1.0729746981744026,0.9365972412046879,0.5185218869499779,0.6641624163822969,0.19640517543932615,0.7225907973413406,0.9474175489872729,0.6791765623181423,1
0.6522089576493314,0.6778849780090876,0.34643789216685394,0.14938255558277902,0.6647287417782054,0.3615262566333305,0.21473035643424743,0.4241479454932125,-0.05487281421574036,0.27528981309448247,2
0.6689547986083034,0.9632860066161972,0.31581118169669165,0.3502172471345458,0.2556259621927299,1.0514158286480053,0.05682098558145632,0.06724107882846961,0.188893059112332,0.8002963676672946,3
0.5882371509485692,0.8722954849100152,0.16740694037902573,0.1046733960375396,0.7828909512421781,0.05589995611463824,0.25695921191668725,0.3700676987866939,0.5781467412575028,0.013164982243644052,2
0.24731449861256272,0.6275396333579639,-0.025029148072689713,0.0035058216325516717,0.11801729443040226,0.782811554703746,0.7121875489072745,0.27315957554220693,1.0292766694685882,0.904729798339578,3
-0.044664088795421525,-0.11863480155590403,0.08312381351178696,0.7128894375958799,0.30709918139068115,0.4806691579758026,0.38025458387275174,0.6181966129851441,0.7604375038220296,1.0569980962320886,0
0.9363997173086316,0.10425960523582439,0.6942208507740987,0.8414385567839023,0.5668212671843325,0.38599563745163723,0.5149903513840846,0.3904845972271027,0.11249102426759292,0.6522779345992231,2
-0.3329287887895789,0.1298443474681784,0.6589412524457806,0.8344007765672049,0.36488899780066203,0.18784084903803067,0.9513258529748344,0.784410350067444,0.6087701605591562,0.12157089232271645,0
0.03625849190686047,0.22919228522493296,0.33569545239503795,0.6520903356332265,0.5330513160598502,0.7766351397453108,0.8225055591449143,0.41259999669927816,0.6035379239704057,0.5144229576427823,1
0.5904005345138338,0.7757585413931168,0.42867225401505576,0.4894386132953689,0.1550322610187223,1.0037660695169615,0.15970433172317774,0.29808576791401986,0.1900474293565166,0.6220932952529048,3
0.5474934819666454,0.552042790336367,0.6230177436278873,0.40449162173020153,0.21243968186296366,0.6363963016099359,0.04343328820435177,0.7583611925358618,0.48957818914024726,0.14822980787799797,0
0.7395289994305625,0.6989639170760915,0.15065177734872176,0.10405935886866934,0.8726545500457167,0.17352411847226634,-0.021651769730414328,0.2528904624084583,0.5932516711905825,0.14696277958571663,2
0.036829268561226605,0.5453539181519074,0.4380336913731998,0.17711823582083713,0.9102235931704562,0.6405088078485104,0.3976041542260775,0.4459720658327114,0.3294543108277963,0.16939102283859175,3
0.9337319420741985,0.5544813157254199,0.30866452692202606,0.694587212873688,0.7812214180699568,0.8161290403769768,0.7405451484014407,0.1404824410204133,0.8388394014795598,0.8626697515299147,3
0.22624389086811322,0.03989199676194896,0.2025570123788566,0.7287368657323248,0.5254472935029494,0.6851443083677391,0.6631553178993059,0.5808535896415096,1.1062099165399264,0.8979015112017626,0
0.5553326113761504,0.5714472619002909,0.20643412767034547,1.1445302712775187,0.5316028254928916,0.32728212430593384,0.4893205463577375,0.10372870306398985,0.2811505674005019,0.44399798805638085,2
-0.06602622919188061,0.5228986133980372,0.5832866603564725,0.6685710057945264,0.49919797202713956,0.45894415211320605,0.5324945162707583,0.7277968229380094,0.46108587514729205,0.16059964998534046,0
1.0838693278995202,0.6145162300995787,0.7127901537301027,0.1317611257507803,0.6180007110851049,0.6385735753696872,0.45657477176353867,0.2834948868879916,0.777575464940752,0.8933683845765965,3
0.7514529708401674,0.7245312450379388,0.1660697893941378,0.6722099661540468,0.1088229382601183,1.1494213505803146,0.746901054996675,0.3768645085832636,1.0620825423359403,0.4559432706419303,1
0.12524433475842467,0.5794986912273348,0.5308315735150692,0.07566442278984462,1.02470658396099,0.7393992307091479,0.45720701050233137,0.49886799781127955,0.42424968054519757,0.08853782206337013,3
1.2898345386014025,0.5126771534209656,0.5484371100539908,0.8461887555109792,0.6840618312859004,0.5446675864847895,-0.3541972505676157,0.1659569904396628,-0.05647593403849477,0.4301270849717841,2
1.1164031678838655,0.487103741362957,0.7747090296161674,0.2537138516072154,-0.014972874110722484,1.064591330943532,1.0292786918031376,0.9211059007421932,0.6503106826599323,0.8573262772307214,1
0.12456326389929748,-0.49325425239240006,0.05958405469673406,1.156687247139627,0.2546071954223098,0.9246868647387729,1.179664529800733,-0.4089737598192493,0.9568181263448259,0.30047397293898737,0
0.4974223611305776,1.0227579115029584,-0.3617307294073828,-0.20044254759516536,-0.16231541179680092,0.746579877111549,0.5863055572472937,0.03949049367533747,1.2867469664625801,0.7439449596667848,3
0.4904291499815694,0.6112680674601167,0.706570509231939,0.5509260675016232,0.17788294854432998,0.5475042762533953,0.2000830328532746,0.8103397697536523,0.4796552235317554,0.13404709295851075,0
0.03448560421570045,0.14272720497064864,0.32373180702573023,0.6901918013314274,0.4799007697529032,0.8074517747115065,0.8627842238356005,0.3315792445773338,0.657762370230174,0.5004969983079582,1
0.1135367523378841,0.3178080276411124,0.20304345234704746,0.126806560034491,0.4538081565114773,0.2683455573958772,0.09197534159214871,0.3559541900307038,0.9169734158550771,0.7583269813807899,2
0.3263066891858513,0.8681639641099516,0.981103379750775,0.5954300906538424,0.05213167670591777,0.23486110446325287,0.22595095465894408,0.7791480930601633,0.08942735945717467,0.2864336758611399,2
0.3027418079634458,0.44226088511538064,0.01842737525693447,0.8489254482035073,0.4040254966401502,0.5121030272214413,0.2028211015465864,0.4136735638462644,0.8269031181659339,-0.06129263901573684,2
0.8581853998344326,0.6795306425735531,0.10396950127752594,0.8237254812387388,0.3802899467124799,0.9358253702557657,0.7106289720649941,0.1908527096195675,0.8271286346297891,0.3439639094619227,1
0.33427049634631933,0.4021619768193493,0.8880871302246016,0.6867295951282629,0.8026417527953438,0.3956257237079415,0.6955655547023218,0.9668516432402413,0.3579605090807291,0.3896358104199981,0
0.21393687956825283,0.321137875765816,1.15822892098765,0.5156498222056564,0.30503325663531433,0.7965375999425386,0.08125267676791376,0.7835877280430488,0.7708556950191795,0.22537052737900687,1
0.3186166803109274,0.21791990261337146,0.038691175589076254,0.8945107976097068,0.5913368690442451,0.3054125343139581,0.39373300736436234,0.6278379637424862,0.9520372845632084,0.6998998457573725,0
0.4617226645295183,0.6671903682584768,0.758536561418496,0.5272215282051106,0.20106457813984885,0.5594478772282153,0.16135123958013037,0.756234215132202,0.5458075526455709,0.12525144751399855,0
0.935529761258967,0.5912310492052414,0.7327241888662039,0.07905900236967335,0.538326625771359,0.589035034438636,0.34351658070689195,0.21311536090542377,0.8077756584030262,0.9968014224779002,3
0.11715441055978225,0.08303051203775208,0.7526705331364537,0.30851384228970974,0.09185173975788988,0.24847090550561257,0.5796433590280421,0.40767883148201534,0.31320746993888826,0.3945751503339632,1
0.6375572641459208,0.2638187369961389,0.20258245728426796,0.25528997943471404,0.6225114687714015,0.03852580732496258,0.5591188927990661,0.7879947203061086,0.5857085119442247,0.6141951458314183,1
0.04189212036631023,0.21814080082736992,0.6965518514178087,0.0077861018364066,0.027042744770082058,0.2789903963195608,0.1477767485303394,0.8678811336285445,0.4517590420726901,0.30408367467462083,1
0.05870582724315431,0.15300460217862963,0.324599972928799,0.6976228634769928,0.4742212565760788,0.8230841638677283,0.8515703309343554,0.37988782173228786,0.6597622896321099,0.48092771226339104,1
0.3745768204606253,0.900971796416167,0.9727511002353159,0.5667931948734941,0.07596708283194867,0.2151053268581407,0.1934880286927277,0.7739264931647558,0.06880814139660055,0.32833820120508567,2
0.8613018913721509,0.5218103211412031,0.3186769312427417,0.7572136242221056,0.791627149015627,0.7603363772218233,0.6507717763806701,0.07621983522823166,0.8115278398138028,0.9507244963834881,3
0.9913525775044414,-0.1318223968838148,0.638142350023573,0.4038193884771204,0.30225318409141266,1.5868603742937715,0.9168255825443978,0.1653233021740879,-1.077742819960897,-0.07893950785412551,3
0.6700026178068103,0.7942533424642454,0.2741071390762243,0.23577133515754514,0.7567437815095923,0.40864039530821605,0.13174403239054694,0.43174653093177284,0.03805833893761628,0.2926922119249522,2
0.03307108318726501,0.23641948767741264,0.6981844397274115,0.01770634769223756,0.04172399001949913,0.28068647935143604,0.13127826956891075,0.8683907399625241,0.46357880634315257,0.29617519888224647,1
0.8871082910202004,0.7097156148601707,0.11556694587995707,0.7923336307260518,0.3809743382345241,0.9552174895269901,0.6978311921060608,0.1601752405056774,0.8170357748874386,0.3070444621776029,1
0.8399735670908896,0.5033586662146845,0.6218020055019521,0.17760516493949205,0.06714431643273083,0.8899532682644112,0.9312110047501356,0.6533588357031644,0.5017351467104614,0.8210799100437945,1
0.09999672372751654,-0.08377917060573245,0.11278204631518057,-0.14993602824691743,0.5923020240842675,0.2642909447463125,0.42058618251919194,0.4434314784089773,0.41895364919947276,0.3419681172611805,2
0.7459554117714878,0.39752100950696595,0.875367951714612,0.7455161243099334,0.5382628772970813,0.6221147181406594,0.0503932222398428,0.7076338386949241,0.8793042807470772,0.4080810543770663,3
0.1489190440214489,0.8177847290151529,0.4792972313843108,0.7372769045658112,-0.031122876749067663,0.3991568955972939,-0.19402373037621462,0.9202914542711683,0.4763211551076607,0.4586307866529001,0
1.2308452040262707,1.0298272092711764,0.036375013688471014,0.8046523730914554,-0.32457363216437257,0.4530875338646516,-0.7142502204484852,-0.18697606212216394,0.12001586884023549,1.0537163821717668,3
0.34223603722292334,0.4096820974269935,0.3308394398056642,0.7047338062435626,0.14772990984839454,0.3771331383091966,0.4949430226489298,0.05459570526512582,0.9706139706569678,0.16855211883945545,2
0.056582643365839985,-0.16029354535299728,0.15270676756540108,-0.01323853951237823,0.8676831349701202,0.11732817364093523,0.33211102458253644,0.6446629639671435,0.15046442610191896,0.11257015093861712,2
0.1170363880220442,0.36606910984527213,0.2204352560996852,0.09790173681233966,0.4944155356593785,0.2923870865322796,0.13647976588581529,0.325068247475019,0.971196790332339,0.7591925388735998,2
0.9260030258961276,0.5062838344308522,0.32109806983089956,0.7707038169296465,0.7631634239190807,0.7038951102850568,0.7131235964397094,0.10840658555920565,0.7529814718577805,0.9379646810530933,3
0.6073422252998116,0.19854858306042367,-0.32624104034112833,-0.35349274230749467,-0.0595719236630228,0.8294458223631996,0.9376904846800749,0.5061244620010585,1.3130772304958573,0.9757072903709951,3
0.5167868141431625,0.13788290253466812,0.297816505136248,0.9270996613758653,0.5836299935727328,0.6702090440722529,0.7850520975563854,0.8387980037148074,0.31743324378485827,0.7632605618709817,1
0.24364308572835766,0.4992414868236555,0.30590254002919176,0.7950865955819424,0.08512371232304917,0.29506327254324793,0.5533200051749062,-0.028841298977513072,0.9865956420593498,0.16375359443143703,2
0.8513104272762203,0.5814251965381722,0.27913402149519584,0.7608577555323375,0.7628193053706388,0.7525870816669634,0.7073783253250799,0.0855783133335152,0.7608410767073575,0.9390034185392029,3
0.47221175151352146,0.3380861813569698,0.036164183484935525,0.48085734537144187,0.2306269029141768,0.2968006454250463,0.3350627756730528,0.25190847502513963,0.8237728201209794,1.0467528141749263,2
0.473431400201462,0.7845064402938241,0.3469437655216809,0.5166629995493054,0.8002159969846063,0.16189338796677358,-0.020454904506692177,0.25506973083984325,0.49967690791762837,0.9639304649254624,1
1.0571687000875791,0.30884404520331843,0.5719467496759825,0.0027502631184382065,0.14611274779227823,-0.229399263838031,0.3223949432052407,0.9591471557875462,0.048609357067276926,0.44081633715919316,1
-0.05081147388884788,0.7995649277119034,-0.2205753101014677,0.23292803270749096,0.7422927760044026,1.1224332761394034,0.10271890745406763,0.16964073112629396,-0.22609985928399845,1.1786858711971022,3
0.7086067159254157,0.3327982863170684,0.7873661803492842,0.2707495393662782,0.7820376791785604,0.5938924830014712,0.6292789464316474,0.35333966262691835,0.05622282623962746,0.13885900692501033,2
0.9474929100670842,0.6025236770221071,0.7635266391221289,0.060876219091092386,0.5202702003063002,0.642088022753026,0.3643222190615519,0.20834803790221385,0.8186490149298902,1.0056983238760535,3
0.5306613771530257,0.40573447899095394,0.134314372751544,0.25053300463492045,-0.019765052240820757,0.37424965553579403,0.3910100695692085,0.07160398500102676,0.8950440921856297,1.2448535705733095,2
0.8734979311987694,0.6977733338156888,0.12939711945639484,0.792667060761543,0.3772316280615394,0.9640782718294525,0.7137856793281119,0.1638147551384967,0.8195266503211895,0.3138728809896879,1
0.7784383339838268,0.7884196454913155,0.29279949963649343,0.14045110472356048,0.7464151814126602,0.38273024389300503,0.26939024793474003,0.4161721463000617,0.16585374916280443,0.23116892129948358,2
0.8735854418549931,-0.07073953379711223,0.29757658913596224,0.06528120856793504,0.6758133562388684,0.18885057896788002,0.4542921474285801,0.7893577219968066,0.30008762478862994,0.47403873697275734,1
0.3920716641381989,0.2403980151248987,0.5488010265192707,0.8483059995716884,0.5198376919506429,0.6501537396065177,0.26301128634270415,0.26542114192234206,0.3920268058016786,0.8142092347153081,2
0.8829364165546185,0.7041588229352121,0.11412056755684803,0.7798725050748729,0.3987279083914735,0.9456476452980208,0.7169329969765921,0.1594590515173393,0.8362121951313615,0.32241205241149623,1
0.6112126489526555,0.7256876361755172,0.4030462344081487,0.497778204443089,0.16072091051010834,0.9700153029195598,0.1782860189997128,0.2685660758314617,0.1455757003553197,0.6287793405506856,3
0.1037426907285962,0.9429616656454886,0.3287629284607322,0.3872343323760551,0.5306293576294514,0.7921393751527159,0.9506055570614321,0.6614631995239555,0.3771401818715325,1.009965839076403,1
0.9298140321795781,0.5214935329950676,0.26078238286243877,0.8527249001402676,0.32882007768121146,0.7260033556260767,0.8260881515565077,0.4777351673843426,0.9705591618409741,0.28071627611626754,2
0.17733980586022974,0.4332891458738834,0.32762595764259517,0.03621290077625497,0.5185406907419855,0.3750115003082418,0.14915208413730113,0.33458645337790033,1.001397474388093,0.7479424216110715,2
0.31588011305581987,0.3167252140105185,0.5933797636361202,1.0430297272263274,0.894721164684829,0.3654427073008941,0.4017033540417535,0.2793085361079459,0.11716962780597656,0.9308139815199005,2
0.6636716354457586,0.2965342736929403,1.1183084511128993,1.1086100849437273,0.8573457269784079,0.1624338998757333,1.3382795336654751,0.42826104049617775,0.8563510637324302,-0.263800902723071,1
0.2653974010059768,0.5313303708765329,0.48750886325590487,0.6213510355215006,0.053526750102324605,0.23754712107266948,0.5764874090611254,0.22964400217967879,1.1011439151859892,0.34994498446923394,2
0.7587128260769307,0.7928697697387697,0.3370387779211431,-0.040817499169841176,0.6356734526122622,-0.026858363745577832,0.13818147027764777,0.3680832755488807,0.41732977477983324,0.0353439997315632,2
0.06981723230156396,0.9088174677504739,0.7537314853669581,0.7164588446864658,-0.08479294491355027,0.6615943512292121,0.9678905880140831,0.5565727706465593,0.8190282118478833,0.5689800529105574,3
1.1978848276228327,0.2712937824735715,0.10894863060427792,1.1521121612733505,0.608097234901793,0.5156921989097956,0.012936240131516008,1.0644327652334944,-0.060214876354390434,0.41948320535130923,0
0.4338104784637674,0.23407314890988115,0.06581977978624015,0.8157290291775395,0.33912733092081226,0.11561423609738813,0.3508555604829605,-0.006324043518836947,1.0585924297177214,0.2708279815102983,2
0.2564264120821428,0.26465830476047253,0.4136137734257167,0.39897596342001157,0.6097137538995153,0.5169522446550325,0.5007406636378041,0.28247145368051796,1.1177843736252784,0.7497120938282819,0
0.24425278762671684,0.4069482146081092,0.18885705334051966,0.9515272869998578,0.1862732868083556,0.6719598643552674,0.5348550730663452,0.4922815185966429,0.07148075393546,0.9436088236313189,0
0.5264685555976657,0.25979539913029015,0.09547000673234501,0.37993447333795644,0.23767025615018966,0.2588333429830738,0.31798967577604825,0.11637262180028375,0.9148714492115767,0.8944603264079631,2
0.14768203369035204,0.35888788957839896,0.19837266414754828,0.062133309165491396,0.45340238060408744,0.33643166296164656,0.08102480766331352,0.35576648941435457,0.9785126827286329,0.7061456506205557,2
0.14681483873507575,0.602272785635775,0.7653687918095828,0.2331714152371853,0.7136343947202924,0.19257797383230724,0.34146396429314063,0.7272214030740676,0.5194136976868867,1.2376956797110477,0
0.5663597058524579,0.8634411485184059,0.15171086576458032,0.10909535791668569,0.7886043665932732,0.06863924521050653,0.2401488480432188,0.373415935025636,0.5789370476942554,0.022297587163400582,2
0.7992065202469983,0.14041809052600523,0.3244165876965777,0.5450326531380596,0.3424593813931284,0.7535781282629834,0.8424535719636596,0.27557233928502034,0.5967348915126374,0.858113437939307,2
0.5749403139339374,0.8756015613714649,0.1567353471658146,0.08249238760837842,0.761339850312262,0.05518341400424246,0.2654061326124999,0.3748665721771816,0.5532891645827732,-0.013536213207969553,2
0.28423580724603764,0.8574612883387124,0.14960347740296104,0.5033496745739487,0.7279259431822306,0.7126873288852235,0.9524398766065711,0.31136619278802913,0.7682189158073992,0.6855784311791245,2
0.5838740625384933,0.10709531588326998,0.7135864466902386,0.2188483741268547,1.0372848440114215,0.8756257669893946,0.6514728693661533,0.6761815883728692,-0.07973359957238393,-0.011829933407967508,2
0.8252899448957649,0.6352218409748963,0.3986205351749413,0.8377477306762691,0.7859918072073753,0.7018149121959836,0.7259633105247673,0.006539616616987209,0.6896005965160186,1.0387602583077125,3
0.31999357009242735,0.8421845774514024,1.1129379992134811,1.233703606415126,-0.27656760053085916,-0.27010738532584444,0.6770999011345762,1.1387708717128908,-0.10456606545721389,0.12633203694436912,3
0.9017857359594236,0.5515969786435116,0.3098872634211622,0.7618548482708156,0.7954331810678398,0.7599975402060926,0.6586842902607828,0.09446727314713588,0.77484546639642,0.9341173243021352,3
0.33862624243773154,0.6394748584710295,0.917742739528525,0.5623749105652113,0.579882703960726,0.48951240184086614,0.37581818519451937,0.5170333926063359,0.8930316755210859,0.5766519885122863,1
0.18081333248650916,0.41670933683624617,-0.05451791504788467,-0.04495379885183401,0.5905328250413837,0.4928950495248866,0.5978930019834306,0.04757153145842852,0.8478365161403493,-0.13644269083336313,2
0.16478564560439318,0.8583435860133544,0.0664532251845956,0.5192594834579013,0.7197652813125004,0.6955159736049172,1.0050502507773142,0.15095640689131845,0.6910349982471753,0.8014282911075123,2
-0.005152718026562864,0.24944180408007763,0.2684065981319897,0.630061803996699,0.4312791919468563,0.8624718998049635,0.8779701487238855,0.27651420496575674,0.5994955443001536,0.5530774694993301,1
0.23700457288484036,0.8874516287745879,0.033434596166019445,0.4810423405754355,0.6072468479704121,0.7248019844357958,0.9907017814821526,0.27309160445427566,0.7644185477742969,0.7781145937559034,2
0.13260897043527964,0.2670097113704066,0.2870381423396072,0.579050009593905,0.7022598911325879,0.6342272249113183,0.6435977181578791,0.27700779759281857,1.0022798776709922,0.6591738396972672,0
0.2431820993985743,0.7108404414391771,0.4588431671351735,0.20070932577188333,0.7373540673513528,0.9135584439874922,0.3535622010661249,0.5140662897308776,0.5466145159422883,0.04498249392064187,3
0.30772960838191393,1.026635509278028,1.034293629403177,0.12524289642621672,1.103150437759755,0.41959010667319135,0.8416955603519751,0.7198833274304124,0.29933447772626287,0.7926213538651111,1
0.2786302804075802,0.9769084833292654,0.7921264096234879,0.033341343020616726,1.0233092887983672,0.5294488047151378,0.8322855625065224,0.5954479145967222,0.37944997049724727,0.9138374362668192,1
0.6678643569037399,0.8166720371880444,0.14111614335926823,0.22103586986584026,0.6400794574935134,0.482054599213581,0.04017363844534455,0.39457063869504594,0.03878515932549206,0.39972461822138927,2
0.9068597932463145,0.5578226494360295,0.18481889754539188,0.8217239613102294,0.7600218446962987,0.6445736530110149,0.7570334150463051,0.02212748319906531,0.8822970378163297,0.8470753100676682,3
0.7992096453741867,0.7214692383306659,0.6391235901781684,0.14364313261908102,0.10396484827566829,1.0671293583252563,0.7851455941175347,0.8597387983677298,0.1184437957176882,0.4963870060358864,1
0.04435208729024363,0.7698130389491809,0.5238098474519127,0.046990065039147384,1.1167294737757096,0.8466661416875827,0.35360576343976285,0.49196424147602286,0.2916202569102556,-0.02922957986574444,3
0.8244971154000242,0.6134545779439623,0.7077575517913156,0.24966521174655337,0.11604324677685118,0.8097032569306245,0.9643170702317646,0.6539978396349014,0.41847045539018146,0.7838894242470396,1
0.954249376651753,0.5741866924344206,0.7544892840922216,0.11880019973408656,0.5053174207707988,0.6330059987434224,0.38863241404209325,0.1439984297835778,0.7679703727511804,0.9756292095722265,3
0.051675642618366456,0.11647131817453288,0.7853517659326796,0.31600584813114435,0.07024576178266674,0.27314467114217716,0.6323720787228434,0.4118584504635181,0.31815165093513753,0.44100887653897597,1
0.11467936227450867,0.3553757497359244,0.23719285702113113,0.11442012370432161,0.46603429468309615,0.3151079967103389,0.1319250586525916,0.31045074792006205,0.9485018922521123,0.735082161475264,2
1.0636474056458887,0.6524622244109277,0.5107238637261338,0.20407081445259762,0.052287183116401445,0.6041768439118322,1.031692953628829,0.8594659599962065,0.5816680278969103,0.9589136760316419,1
0.10111872277209388,0.5950646887597478,0.4419514539086463,0.5229418159202867,-0.06537281469175471,0.3558333741452206,0.5583063557505935,-0.11023035684370153,0.9412123664420273,0.3355052670370177,2
0.9009926417887363,0.5926590442467656,0.26422761209913664,0.9261652899547499,0.3488815985893535,0.6686757455718102,0.91501059801914,0.4308558602663246,1.0129361476575889,0.19631963209036815,2
0.9398866929989615,0.5736225459570853,0.7606525210100158,0.06920329543235683,0.5391292986618393,0.6296241783013239,0.37043927265915083,0.18793738324364503,0.8149934965439032,0.9682868204888587,3
0.6735791710719201,0.7934698432878527,0.2684747282385006,0.23656607390325765,0.7529707061499129,0.41394030459614606,0.12099979323007315,0.42888182514144424,0.0379115493464321,0.28615568005430275,2
0.21938717992357842,0.11866005211802172,0.2035834165132488,0.8149671641776322,0.4486522485301343,0.5467912012710467,0.6380809175691499,0.4651495965515099,0.9129705365169817,0.7358193444786963,0
0.08089555702996365,0.09294429802075674,0.41700471365400077,0.5313031958903,0.6106032107552453,0.6369808734728248,0.7219065467022847,0.26695835301546295,0.7591491351728636,0.20556287451350014,1
0.06123130150746181,0.7149315747112985,0.3268959115504355,0.239279268687596,0.9206695889887206,0.4693788002306009,0.7779206594724976,0.34647637353312855,0.9267539957753579,0.7429225554747586,2
-0.030589120403479816,0.24318705470004157,0.33320016734021396,0.7006422059002904,0.47819658746198845,0.7533742760099666,0.8412372871154817,0.4108053632696574,0.7191020002520353,0.5024699242446707,1
0.354358637351518,0.5454658617157538,-0.10581799398705674,-0.17832954250927496,0.02883158291968716,0.6743701518086913,0.814413407107722,0.3287149839964614,1.080838327326803,0.6808398861669683,3
0.8762508912374534,0.6960538081483919,0.13427299918758515,0.789081929484766,0.3789901737845269,0.9661740789845106,0.7181532892391634,0.16743250917934746,0.8198624829975812,0.312604714883504,1
0.8764998449899439,0.5549432053631985,0.30887313492720087,0.733099359314375,0.7822487186855936,0.7479936483340346,0.6824875366474664,0.10593561239123858,0.7748039088149801,0.9248199490659517,3
0.9206693013351229,0.6958009283694465,0.7569576106412652,0.0964235487445169,0.49063222782817545,0.611981063405157,0.4924115831027749,0.17078412989052083,0.8248081704797129,0.9122126046599196,3
-0.07246967081237232,0.037190144141797526,0.15004609957517814,0.9426262344374329,0.6111732182965208,0.6987084162921595,0.9896281741744918,0.31662868029157804,0.5298000026717291,0.5454745614157948,1
-0.12377529812658039,-0.23583270722484712,0.5154337370764308,0.6889319191328211,1.0162601548839845,1.1243805760765946,0.24982114803851144,0.5002355478007646,0.693715523340832,0.7802365529312855,2
1.3232588129978113,0.4601848990955754,0.5768102457092978,0.9034089108428276,0.5348780374832466,0.3282180138130806,0.643345022997776,0.6995130487637817,1.140169632643313,0.1584506800458722,2
0.07223788055500174,0.897375824434396,0.3471951980026438,0.5368712758011719,0.5723634914230724,0.21726638837613133,0.0031739217399700537,1.140674958585688,0.21074095182019004,0.594111890176362,0
0.49778110824822397,0.8322990440903152,0.33000461748637905,0.5073080297609699,0.7957312727523671,0.1827623108970718,-0.011481310617620172,0.22973461630998657,0.5096048862880074,0.8864833273631924,1
0.6406427528005163,0.8690176056388386,0.10008102407805818,0.06173027747087464,0.6799843357620804,0.09378342888012543,0.21853580357544672,0.2779031248426703,0.5739420151640799,-0.10069315043652907,2
0.6085403060486871,0.9004950244611702,0.005652440228712505,0.062308754429251205,0.3900910903084683,0.3260037430938444,0.13907307953987633,0.4836090719049744,0.13580468521861977,0.9246968882968584,1
0.39267460114585573,0.15187518990657684,0.21670916859315184,0.893066832350214,0.6305945875626469,0.6617623973340662,0.869829496918128,0.9039595491017554,0.4351237219172843,0.7691985692001109,1
0.40940589103686004,0.4588726116796116,0.6684099505373992,0.39367439193089365,0.18216563208672706,0.43017498787903996,0.48524748743445145,0.8253611588233973,0.7231892211039572,-0.16500579307868107,0
0.9685215579894108,0.7598201412055288,0.40302891684180925,0.1955086324797211,0.713576189357483,0.9214431217883633,0.7509609712716482,0.15080563102209862,0.34114095172402953,0.7533468148048608,3
0.03371015905359023,0.24056162114804416,0.6990678680463809,0.02593133361307422,0.05176663628695561,0.28814866607157796,0.1391589406769782,0.8719398307485882,0.47425582646422076,0.29973063754297574,1
0.3736877346198424,0.3887641771107574,0.3573718469394445,0.7682002063437682,0.218113214959898,0.37099987313506844,0.44484887260095257,0.03049847395401486,0.9971547974112864,0.14110066071470856,2
0.3554671756678396,0.44780323872026545,0.8727559207927907,0.27907215874988056,0.8108650624952832,0.6748133700347138,0.5670610310518567,0.26502395954628566,0.0703444098421972,0.06291075267527385,3
0.5074001835856246,0.368287624358865,0.269176987599132,0.9342926917028453,0.2563475519586192,0.2382514983926928,0.26545035918187065,0.7090572724230386,0.6279764866466613,0.011078542392459007,2
0.6714376852921613,0.681341610359413,0.7903948674560222,0.4416960541821993,0.6729111901816053,0.6323608977635431,0.8507254810419412,0.08481661923002308,0.160292650441255,0.3082165717373019,3
0.05679908471208698,0.18925304057055878,0.330315489565484,0.7133643795089357,0.4556503561173756,0.8577538403628704,0.8463272685226063,0.3414792222558862,0.6889167834437708,0.4563019003097322,1
0.40258830172803417,0.17098174134765134,0.3687942243112972,0.28904376775343893,0.6264949413910713,0.4188067540976308,0.5131109391061478,0.20841268425292905,0.15652116464087204,0.5662838653882523,2
0.21183707491604847,0.7632234292404565,0.9442366049441475,0.27805507657183365,1.0151630784993717,0.38264318917385415,0.731468371310059,0.6458961391435065,0.5329162107265074,0.7107484157593081,1
0.4665326774193279,0.08838869409601342,0.11608422434206009,0.8713855560591198,0.5676246336429401,0.7148975803699237,0.8928972220906193,1.0136372041044261,0.3633195558630532,0.9027777526580588,1
0.9572714178240191,0.631094451627258,0.7403578940869335,0.12324739595168735,0.5536922901748799,0.6066956629113631,0.32125303828931545,0.16417632854913838,0.7882203441455546,1.0210923791673385,3
0.555664683938652,0.26046226741855244,0.18242355688319783,0.3949372721357797,0.18578482906590113,0.2839237358785731,0.39921769984512423,0.19491721723734598,0.8256319716739904,0.879583241212992,2
0.6584266204016097,0.7959029793874458,0.2756642471846589,0.20587699397856993,0.7724264860308576,0.41875942739762784,0.12710175650375174,0.42599557441310126,0.06431456894471126,0.3122973786648498,2
0.8646472723950757,0.7034435731268963,0.13745911929827664,0.7949654240790685,0.38868811778513473,0.980677904492482,0.728164604088408,0.1476326924516451,0.8098873434434377,0.31691335390640735,1
1.0198503412003141,0.5662530420626328,0.340631496021047,0.8546037129427604,0.3608965624332375,0.7571689298146138,0.8012575049741152,0.5186768124960707,0.9077391601813334,0.34261408823375245,2
0.6040678902043785,0.7996390102327151,0.3100143369855343,0.06514501623957858,0.7451141649307276,0.5706024811167324,0.15099114211629566,0.3050510752914933,0.14059118809111706,0.43730922174665876,2
0.8774614297737064,0.21113176773349265,0.6068137363407512,0.25146963199873773,0.6422955728360278,0.4395946150477067,0.6683886461699083,0.46013296855191743,0.3310183639165478,0.4127581306968167,2
0.016159832152785922,0.23362339271198285,0.7032939439941471,0.017549411418792554,0.05031056201927088,0.2755475930307321,0.13680408107916975,0.8788661477264729,0.45078318100254633,0.28915411202536545,1
0.24733431857966748,0.6379925997189153,0.04588876352941429,0.3872889679613057,0.5651380395067833,0.0795989916714056,-0.05975249854155135,0.7053246791802372,0.21714297233184998,-0.2711992775494832,2
0.705519268112417,0.7275854919160339,0.3178079927203625,0.1671388640139156,0.8290898245128249,0.2842815951933382,0.24883070165962384,0.5622681125209049,0.0868358441357668,0.2249156052128005,2
0.6161045839742363,0.8774945044929188,0.006132762510071459,0.046934110416837364,0.3802958723469271,0.32670917885817957,0.1175020949342528,0.5116839874279774,0.1350929514726748,0.9412665519926663,1
1.0033384210746896,0.5959306472920145,0.23101039817274416,0.7974684468063818,0.26276304330421096,0.7825999965969413,0.8840745880121077,0.43129555511204076,0.9909175714347412,0.28908881371454276,2
0.5441301030540298,0.8382497031192842,0.0692180472418908,0.18668486943894003,0.9015607795121549,-0.09047969888307938,0.1985592325314755,0.340208158921927,0.43540046989779646,0.1441544081799907,2
0.95292516475944,0.576585009558254,0.7713877498008033,0.06453715460441525,0.5506338970330169,0.6249420086506332,0.3791761411382336,0.19242301036835924,0.8232467652455875,0.9717287489192789,3
-0.5911439296084153,0.31198516329993686,0.5674628787521472,0.7156828259468166,0.5831204018600978,0.735059619779193,1.252772459927521,1.4691177356070804,0.08525082119379154,0.3043306882450503,2
0.5272950073991081,0.3288578196851884,0.3048832039284242,0.873944620171695,0.3022357868093621,0.5032152702069496,0.37170876030710304,0.7699909975375427,0.5847638922217854,0.1605088209255682,2
0.9437433924540409,0.4847447837289609,0.28782139322154704,0.713103077847344,0.6978097035467562,0.7218391676940579,0.6309233166047844,0.192006551442648,0.7387766795215702,1.0259391576010737,3
0.07496841832202457,0.13364274984803853,0.7684840528187459,0.28542382092960267,0.11353895438239786,0.13777948460948958,0.7219697081177227,0.5566821696729026,0.28112826240425465,0.37659710603245217,1
1.003142724619385,0.8836348581494344,0.3674785940917678,0.11025341272106784,0.6532336144856642,0.9500831368401019,0.7237356932292025,0.13456546749206028,0.24979166034596798,0.8532869398622939,3
0.9694652174814247,0.6311918977410703,0.0838356670168824,0.6745817573410038,0.2416588811190953,0.8650454262609419,0.7334462926960283,0.23377072623165165,0.6984350599232018,0.16221424777217722,1
0.1900039810313523,0.7639987099023909,0.35978529760665207,0.4190669778372486,0.6112200702310205,0.8350019853107722,1.0515996228038573,0.570594599470485,0.6068194425958955,1.067921176560044,1
0.5367062568216922,0.38897752128014323,0.9334241174008561,0.7126470561030765,0.4654803276078367,0.8451959447603951,0.4882255375496595,0.31317202497833696,0.682431765748854,0.2288316191186352,1
0.582467506882081,0.9457245822646897,-0.003105017674858634,0.019587978770551108,0.4488640366777302,0.3328701049178356,0.11174802424122703,0.49366820767525293,0.12966644284504475,0.8754160776633277,1
0.41911685635732576,0.7597719706663628,0.2935976264568189,0.6719422408887071,0.8198702162213718,0.053962983552774235,0.03314396905142494,0.24886919871539673,0.6845307724639524,1.035123187750723,1
0.8123360260583522,0.49632782963808,0.1603617286792595,0.7384085034834771,0.9069610376272932,0.7574082175963731,0.6612380361858305,0.17210207883514983,0.8221361583014652,1.068650676644351,3
0.18416010270910024,0.9484475898381796,0.12487518287970933,0.4870401849785795,0.5522239679100738,0.6660356490213293,0.9173804545070346,0.1609891268612907,0.706483430456741,0.6877529783459214,2
0.16944684738517762,-0.16287817830191959,0.8457785817561676,1.2372697889384012,0.7724206020447835,0.0523527858807078,1.0315370385493015,0.9099588532416636,0.5804060269763296,0.8902359265809736,0
0.7769367522719482,0.841946295347011,0.25283663242413934,0.3863649588300096,0.5569516741152123,0.2615672472081969,0.24963959188239684,0.31361140205594884,0.15023507776638023,0.07089998245000995,2
0.7664494218918521,0.25277601232727065,0.35149544046766895,0.7594125475210146,0.31246787722465263,0.36074728100850995,0.2997306802247101,0.3558711302081491,0.9395470500630105,0.38976830341156343,2
0.4043634631011036,-0.08921394453500808,0.08405389265153457,0.8307582681573751,0.4181517596714811,0.8397489312816862,1.0035343710959275,1.077915702774506,0.435135268750387,0.8282700921180174,1
0.9344076931559067,0.481411176889178,0.23077025322775863,0.889267008552829,0.2617151531013542,0.7480677090515412,0.7835231129609027,0.4528096920239758,0.996015327048625,0.3072125032468592,2
0.21532361186703275,0.45284545818710464,0.3481298180925343,0.2062094425816553,0.5700045899859749,0.4343175262493292,0.2452799325726086,0.3546156227747581,1.021337091299363,0.7983567603894075,2
0.07849458275423624,0.08443611006706915,0.3351374556987831,0.683690066908828,0.5259284023118366,0.6072825755385356,0.5889260092242571,0.39867235362119235,0.927077424242406,0.7849030443481778,0
0.6404945386948946,0.862302191049406,0.5890804803094739,0.703090771953891,-0.09816668021279906,1.27897634238644,0.07559966927525182,0.20724300468461537,-0.08809942578924368,0.3872067870835933,3
0.037538837578878353,0.23115561177166183,0.7044732624056985,0.02229249992406205,0.043252898882157206,0.273213334532125,0.12495852029173476,0.8676814904606077,0.4640287078162582,0.28923055052235613,1
0.42471628713416476,0.7214631122398992,-0.18628353055482724,0.5739198209465912,0.5222557180878766,0.6890996313518741,1.0683532708671475,0.2926081614789471,0.5120753846401533,0.9389078600054812,2
0.9617356685543277,0.2076889293677769,0.06376653913022727,0.9284556191127485,0.5863291158489372,0.31036367082254424,0.06617183164540612,0.8617413833925639,0.20854144523287238,0.2778606304550477,0
0.2013688637808081,0.9617039152395764,0.07412886772429211,0.4508921535981597,0.6339284925324042,0.7068648752292671,0.9581074682961477,0.23222565123785444,0.772064253377391,0.7756832879846092,2
0.4240084465549019,0.3916082459855956,0.5922783261508909,0.6526851371179427,0.4190420124507683,0.8398100893813736,0.2738771314101909,0.32296338291140597,0.31771388017922014,0.8195478219378083,2
0.5186266569794256,0.9457452635476632,0.20799682565163116,0.14014525221893756,0.7907716853595678,0.10193554869557334,0.2757044390306915,0.411935563840498,0.5533359772464654,0.06340755649576088,2
0.14348830667829185,0.3974176172088365,0.22936741134564398,0.1356451106729294,0.4126558340154899,0.3498105735354461,0.09029731509037789,0.30679301978901247,1.0018808492154683,0.7400490393640098,2
0.9025219346570162,0.5535741090888078,0.7847830744349664,0.06599386262992435,0.5819494386247224,0.6667138647656777,0.35013858191069747,0.20608350195111738,0.7939851573681264,0.9214831199760621,3
-0.1319952188730598,1.119171729929001,0.2048245769651851,0.2845834970747625,0.5750695965086875,0.9734426185721864,1.302051299670188,0.30916686218123096,0.3160348882668015,0.8324258077203794,1
0.6642416353665062,0.7813774891986283,0.8119181427315164,0.46412492990511073,0.6196099614472765,0.5660176353943337,0.7732766149592809,-0.017355408746436707,0.1624327140508081,0.37505784856206015,3
0.282494206872166,0.22008016430524674,0.2934686571527522,0.3347142332491787,0.5621081007740584,0.3256252408645198,0.7662150628813408,0.9161921642590438,0.9183638164174942,0.9066989741733895,1
0.157930603571179,0.8948207256637851,0.06806033541194298,0.4459555376497165,0.4686218696323411,0.9355108465440131,1.0206182833248123,0.409133952787015,0.5067497881288205,0.7035579967145023,2
0.09742144104318423,0.8525390274830232,0.4020724173425518,0.4635675736072292,0.535801168378673,0.7399415145513507,0.9279269204703064,0.5695132810734299,0.4698092799951836,0.9524867891583817,1
0.4897985785808097,0.2419594264885539,0.6845657500670781,0.8720320891187047,0.7100058933180429,0.13964754921054512,1.0422547579718127,0.9672840029592575,1.1711567687076954,-0.20672046929573806,2
-0.047149956485223465,0.8981319631284511,0.6121007063914057,0.8805430113476165,-0.2560299109095371,1.396403997546087,-0.25512207771048107,0.18059982899631308,0.13337367411292297,0.4598169971272704,3
0.8200733521940207,0.8406036268048696,1.0992922453086844,0.13358176269496047,0.12334292067413377,0.4844199684478984,0.15866880363108282,0.16249860941872984,-0.055122691891640985,0.5713178341049371,0
0.341436772809176,0.4317399891850962,0.991456998821938,0.6667636396734415,0.35610719192685314,0.7786950192926088,0.2030846812214034,0.6534947652735389,0.9851228026838246,0.3978408560940076,1
0.9229968418445578,0.5127047868643736,0.7159811174701127,0.32562475354765263,0.34552283221105273,0.48373035634137074,0.6720794247548711,0.6224247904836306,0.49459506684967536,0.23794638657058773,1
0.9434902542464153,0.5797243301769949,0.7618344154533564,0.07575659183836081,0.5457930709003248,0.6154374076738258,0.38583955548332993,0.1825626600673001,0.8254211215179849,0.9745662099816818,3
-0.16649436174143406,0.3084208806166841,0.3281494770620132,0.35805028950188544,0.5614450527916247,0.7652334273897574,0.7767564025810645,0.11860709777056072,1.0322494617516231,0.6239129961463873,0
0.6308715463833668,0.8968549665445693,-0.030411727720703968,0.06673211116286543,0.865916611540601,0.17272346673238675,0.07063470496080199,0.49104865834126793,0.6575905752450706,-0.19212553261357043,2
0.1939961818169061,0.7128596041984813,-0.012792858966580455,-0.034867156731062575,-0.008950227504671851,0.8106781833086344,0.7281711638918381,0.35305421911964024,0.9536865101029827,0.8572823876770668,3
0.13392386194335865,-0.1308239847609921,0.21960417092760998,0.06308115414053034,0.8561574546417391,0.1901789186189941,0.3205643892917331,0.3300936901124466,0.2711878914466727,0.08258095414490316,2
0.08427046193892702,0.10273521907999603,0.32184156737216607,0.6833713016082544,0.516289632653894,0.5909846455506838,0.6149379141516784,0.40001257461661904,0.9182272754684343,0.8088786872594517,0
0.13779256658749683,0.16793260319205186,0.16441900679269744,0.535511513806888,0.5929124570799532,0.7510985434460736,0.620295888164046,0.5376561109653293,0.5084606493657813,0.7232988499314446,1
0.5410674169082507,0.6537769875451624,0.24576459181151977,0.18843575748589897,0.3692287268110088,1.3023312684431243,0.3428898361063788,0.3699728643182414,0.40102325763465946,0.949164498930928,3
0.4670572823795818,-0.15845246186205636,-0.03667141711504984,0.7996521491145294,0.5158161908210973,0.6597397057350894,0.9391423075802541,1.055340279476261,0.30278295967177876,0.8154693617752555,1
0.6048503187412902,0.9061267904818229,0.013154960597365983,0.04925177493918588,0.40026259466801983,0.3320877043154863,0.13835844729570126,0.47762539880490623,0.1251335373289038,0.9349676818749394,1
0.03567919816466636,0.12838413934483586,0.7818900791302886,0.29468679546988413,0.05231986142575495,0.26593707425222973,0.6230323289519736,0.40506893875000577,0.31185180285401426,0.4603395501361661,1
0.0007000127265277406,0.19426233654302635,0.4062308859686504,0.8317948184699135,0.5546655101122409,0.8308866830395196,0.9404332574749779,0.3127850295263685,0.77732655829973,0.4086234514207656,1
0.740441265463374,-0.0488796362381721,0.34326622252521105,0.16907948905136846,0.8337304794339875,0.027734491839396247,1.1273033712251495,0.30864501463211647,0.26240102932711973,0.9496719623500312,2
0.20093051500580883,-1.215808031323328,1.793181960734693,0.17874020645913544,-0.02488949917813734,0.9073491433007432,-0.8515067499538489,-0.3297081103710574,0.5063715654613363,0.13172042418358387,1
0.024139473322428225,0.13310936769866186,0.3075954045665332,0.7510692254436064,0.4506574608703984,0.8160044292688241,0.8920549447147857,0.3711111793838262,0.6892632471667162,0.4847145614309021,1
0.3138428268558924,0.42534549163112223,0.23219236610740218,0.7505035024387967,0.27067362651401905,0.3051632581032889,0.6006390465091185,0.20957150393707433,0.9136972879769796,0.24132006209884754,2
0.03544498175572794,0.23184644448355698,0.7003444809853653,0.018979603779977768,0.04023173590238293,0.27852359567550516,0.13184346677171405,0.8698574713125521,0.4632273971471301,0.293174133111812,1
0.788343370501403,0.5112958764300041,0.35196018776233867,0.8034985815278369,0.6535979474665415,0.7676997899478297,0.8263582317949435,-0.030844614456906838,0.6131396652054337,0.8266085274545023,3
0.7148618728801702,0.6500304613591457,0.3639261220126615,0.13643873928152608,0.9751507933178318,-0.19957410425740235,0.47572876815409754,0.22017804347137546,0.4700289701197764,0.24894305700546035,2
0.01870047443996108,0.7499565209782963,0.3146516202961213,0.5491134659340515,0.9951713940666479,0.563945557139047,0.9605464007549218,0.749289421191558,0.5348773188245088,-0.014316874743232788,3
0.025320156669325473,0.0096357091452689,0.4065852822467987,0.7195451230116727,0.4947949711509827,0.6628322064357931,0.5287201293132437,0.43775859214889984,0.9594479844901803,0.7246045969289011,0
0.7795179035024323,0.4807570767929519,0.4577327215230115,0.42474241671160534,0.06737486067373755,0.41088660053203296,-0.1348150646444697,0.19204021510941316,0.43184150464703536,0.2273493096237108,2
0.9173040174318849,0.5752618809241077,0.2849004872114768,0.7296269386798035,0.7939239385707721,0.7379969883525925,0.702359532445291,0.14406848902921426,0.8082926018276436,0.9708369311739661,3
1.1577467684264464,0.4991972633227022,0.6382989405667459,0.22214805852896374,0.11662944756889332,-0.05627816635159172,0.19408195232312972,0.7165412836537315,0.6304425096483088,0.23839787511486055,2
0.09589797203834675,0.1454298240125793,0.29162377203932593,0.6897665570231025,0.4822776748755804,0.5968510630250808,0.6294735971018326,0.4270340237727653,0.9161723541178317,0.8329493383708353,0
0.18800606756529717,0.5832268363394616,0.4647414187240274,0.16659173559932314,0.9085148249315029,0.7147382604887867,0.5876986458960467,0.392708004366813,0.2815134332159642,0.18777700721895418,3
0.6619312063361656,0.9322049163065096,-0.035868150425272874,0.11416031114189164,0.32478651401893965,0.36503698821304936,0.15571370695618003,0.4884788797805356,0.13976225887162744,0.9027827741619932,1
0.6076834348982607,0.8991629412912957,0.0074988948586220084,0.06503905911704146,0.3898230512463453,0.3235649852854019,0.1390823640113794,0.48320775985527004,0.1368409405533068,0.9217986695972591,1
0.23842463735458552,0.48947590499299753,0.891261971177159,0.5706063115156864,0.413390723144003,0.7599774694555517,0.08711203497488051,0.5889735366201075,0.9849308120787498,0.487347089352217,1
0.2984616667850275,0.4469111787880989,0.9447507315762813,0.5701031563551962,0.3222357030116683,0.7416050152494256,0.10924531851233302,0.6281246786852138,0.9780848735676979,0.45873292423182677,1
0.30509167570456397,0.9053427970969256,0.9707746339411987,0.6386537042850695,0.07070300758806121,0.24259003120943934,0.18232201823870076,0.7865139912298292,0.07417728315164915,0.2744281552065565,2
0.9504836484391614,-0.13052545818274225,0.8642474946941447,0.9901030942311644,0.3737531138464929,0.40917997600785805,0.6727828518550466,0.498912749515405,0.15914971098997302,0.7617792532468897,2
0.9473687924132317,0.566052843513254,0.7558733717591676,0.06988587066490064,0.5494418596254165,0.6209873889932013,0.3856576203868994,0.19065868959823715,0.8243047573893236,0.9636999432245027,3
0.2918620076969186,0.4209691371438555,0.9669875779668612,0.6209561799645141,0.39180848389034273,0.7452950658658455,0.15029808620891222,0.6599815990080887,0.9437524595910949,0.42346180615672663,1
0.25734861019201216,0.2755132888200739,0.1312185764775478,-0.0740230974995854,0.9586669996210556,0.477928808192278,0.4294706155521132,0.13751397078449662,-0.07302064398067759,0.29995284554477863,2
0.9036560563193214,1.0634258296452055,-0.007931917480888145,0.07226921606300654,0.5417351589436091,0.023087396706123482,0.14485271357897997,0.06449597293360476,0.9440052784915124,-0.19775762441252698,2
0.766347661162032,0.09746458120169924,0.04153814778086479,0.7534880381881554,0.16170934949451765,0.09597048829993343,0.8759426248043161,0.9861745767020282,0.7273793209140217,-0.1967742453598531,2
1.140275781773299,0.11026778164730375,0.7278633676637712,0.49242104457988267,0.161725052909794,0.20212023336110857,0.051002667387788095,0.5269913479273401,0.6521887247020101,0.45498105645483056,2
0.9166887390252391,0.18601627141307886,0.5266283480093067,0.9202946354351237,0.5969233139641208,0.3657468329295198,0.6312060220928783,0.33950045083929586,0.040838496697494495,0.5004752970229414,2
0.61955301327396,0.9066938024709303,0.049672732443583126,-0.008939408087482559,0.3334395216603268,0.31671796909697497,0.08612757648930557,0.5073547639229495,0.14599718402551787,0.9482319177648356,1
0.6611863216989868,0.34646111200111634,0.7079100256852893,0.3881349860981866,0.667407957316224,0.5436771484161314,0.6577289669309554,0.3806043664600064,0.062193702910359513,0.1710158607950385,2
0.13691177868996315,-0.021318256803007998,0.13548180434414428,0.020356982448173792,0.7155378831321259,0.291218213713746,0.4256663194846688,0.4798283384602574,0.21181541964463108,0.18666043594386558,2
0.7110536109452228,0.22805635704909294,1.0477434061079167,0.5329101494440582,0.5757814226072833,1.0224674090757737,0.4103629917155698,0.20551583691793845,0.7773604937084152,0.12805672421969308,1
0.21953544042174788,0.19370497605721268,0.9529413870275301,0.8317279492474112,0.5578473334966269,0.5296955325368156,0.2923483187998227,0.739121494360964,0.9412465291517299,0.6066784798826399,1
0.5000998487026878,0.5813868768918803,0.7615962658270146,0.115793856799282,0.7100400642838002,0.3655294892656661,0.5675250200441229,0.5480969065106093,0.2682101681779463,0.40715004476572997,2
0.5830419843684689,0.21772794210185592,1.297822826696978,0.24668497220592578,0.7296665030769899,0.3358541255571276,0.2742453234707984,0.5290368052319798,0.6330469056626686,1.0464214120243711,0
0.1002452009453075,0.8433251137710258,0.4149184921822861,0.4507387118687237,0.4875589148547066,0.7075762202143299,0.9794042794902952,0.5610959727782191,0.45282303640696586,0.9677227336249233,1
0.04976138260638881,0.06538896807138794,0.797167127705368,0.31652208167516604,0.0648501507099941,0.3139281002126596,0.6311062568388051,0.37326623901092526,0.2946089483207538,0.49426864845131735,1
0.8391302249271704,0.21334293515702554,-0.023931147900750294,0.24428295908466188,0.4572035802721659,0.20323817529087665,0.39406547232052014,0.6374328570762086,0.38695254622684727,0.8755248271867413,1
1.2007205971061476,0.493199620131122,0.26956731043097815,0.8837771649181788,0.5450157338999151,0.6308931343995258,0.7119769350258875,0.719676364360689,1.1866234576016017,0.4049697736281662,2
0.8534872647469358,0.5600968792908281,0.7075725885133082,0.26498395178732215,0.1253216638656882,0.815511317316198,0.9561100265573407,0.6550731992982832,0.40081862774421134,0.7594038826021764,1
0.29722889566634075,0.419473909213683,0.959530548497004,0.6133280650180546,0.39073083530144154,0.7625534575639413,0.16281486523599345,0.6867972378734266,0.9082567256989091,0.46039343071658284,1
0.8245200892220546,0.7371601686330602,0.3526511061964913,0.38678876140461826,0.8524986427778328,0.4922816303816318,0.0581129920475669,0.5139120952613612,-0.03316851604769941,0.20817125513263357,2
0.8653040775087575,0.5550460641254983,0.3183130686385292,0.7347656162840278,0.7819306238117677,0.7419599298528854,0.6712245659073772,0.1086721673705436,0.7817330921550769,0.9252452286340139,3
0.6219629649803505,0.28569495617426,-0.1503118246834667,1.1432906753594285,0.8028309254995099,1.144965655217569,0.3021875889477288,0.7164403303197788,0.5726941012537626,0.17324190190582756,0
0.3221555706448636,0.15862726276168,0.2092250869809922,0.8818595767886962,0.46146820256219023,0.6760370984342342,0.9103604866098375,0.9501086649908462,0.5019599371724682,0.9273596418461905,1
0.6046834146443768,0.9170923798444914,0.02397234226310547,0.04409114482217668,0.3924633744258879,0.33865413324031407,0.1270678382948877,0.48419602249847804,0.13978174678728986,0.9105949561940943,1
0.78939090957213,0.7429337716751027,0.05730793494714348,0.856960896658194,0.46616816968925334,1.0765272022686114,0.6515017719639364,0.05519563894181086,0.716619783610154,0.4120650155284088,1
0.7422824455173621,0.8291153297674421,0.757267446102619,0.501044763436959,0.584048617503882,0.6448588158873042,0.9230769721592835,0.18639129855844766,0.1996441195219995,0.4420215360127312,3
0.6157154428854265,0.896315906183217,0.06857673973055509,0.11805338291417389,0.35966122137627304,0.3088880934262833,0.12581640714982822,0.45207539752402576,0.19498886146125277,0.9068374900172345,1
0.2841164313456038,0.04706333016762196,0.42192620649966284,0.8636941479732849,0.6829060605283475,0.7971604276933812,0.7376578834762602,0.31451488072583184,0.8823888926905512,0.6607637626264566,0
0.326194653777101,0.571098974609629,-0.2495093661597531,0.27012877602567986,0.625919341506299,0.9553233802907168,0.5965224439567898,0.43292332080691215,0.6349761778859662,0.3765570501499441,2
0.44017302038939715,0.2934617285005961,-0.22156494994657294,-0.02804896393238676,0.9185320906673995,0.9863085957046966,1.2515041131739242,1.0710068232901846,0.3547612021867899,0.7714378530353263,3
0.08633508103568402,0.15349973016653434,0.3186696323433967,0.6387346923320174,0.5035746930603249,0.6075536875635278,0.5910569626441712,0.3302997017950354,0.920704811997862,0.7574425425006038,0
0.013810528732561271,0.22880526188139427,0.47937815163715164,0.6568606016523602,0.3108018395625406,0.9518778051287803,0.9918913868083216,0.37195230665845225,0.5333161021700957,0.38364048967836695,1
1.3842605169131144,0.6826852843622255,1.0718178244894956,0.04277076201432922,0.6684448930923539,0.8043825499819344,-0.003419946818658981,0.2600799134562771,0.13558966325029387,-0.26750980201138924,2
0.3662217611756593,0.7151484373056705,0.48634849542185865,1.0241655422060214,0.4184997030187411,0.7453455934848183,0.29735916779017785,0.9878446188115406,0.46522614881811825,-0.023701979770879622,0
0.7065199540839465,1.1027230191471276,0.37662484203056135,0.7623040221739952,-0.013402251767970441,0.20266135174445365,-0.17624730367779512,0.9456200642185415,0.7796872394690691,-0.29244113913180764,0
0.6071603052596255,0.8963086581466484,0.007221533549207797,0.07093966919679899,0.39862727527367586,0.32846766313433595,0.13669469496787365,0.4866040540125627,0.14421414195287982,0.9237135496269213,1
-0.05006799044787186,-0.251887056381337,0.7832223318975031,0.7508533795705692,0.07541589403679423,-0.07105613214668244,0.6550649629349161,-0.6305100903609908,0.33183923974232254,0.15712080912827817,2
0.912813380443141,0.279048453672157,0.14573158304928352,0.9414326699185436,0.6734688683907757,0.33165851744191255,-0.024399914179026025,0.819154862888026,0.11433382720648966,0.21674075832913542,0
0.0446124447695414,0.4530517579198308,0.0830077350842299,0.5218528194898038,0.3015241681086611,0.8766796715002594,0.9798886010626509,0.4302553858657293,0.9755671761913134,0.4054075502371385,1
0.6080184069084732,0.8972899334920859,0.003453782014667724,0.059597449461569404,0.3854688760567078,0.3212235496330328,0.1438540978369988,0.4906703353706942,0.14203847573104883,0.9267032145213691,1
0.9232574760527665,0.5702305488907875,0.7705772833603113,0.062361304648763875,0.5302626453255705,0.6328850178978472,0.38721312789396095,0.19449044571489155,0.8111261737617981,0.9553846183543154,3
0.07410035708365795,0.20680798381026333,0.411022335083045,0.506291069720883,0.36161840581354643,0.821870831594973,0.5719928476278532,0.2919017488539658,1.075523402745399,1.0359457517353083,0
0.8844905170711992,0.5697886398228051,0.3027194713964295,0.6755703911600125,0.7804368006303272,0.7934884244897343,0.7344845935840367,0.12865913820151137,0.8085469593118029,0.9028611775304966,3
0.33171606624445255,0.44210972499103096,1.0023489296348345,0.6010629582454733,0.3699963369354062,0.7033393407860262,0.15884727539790516,0.6443836368922558,0.9581963003263567,0.4094766003112611,1
0.059135573905627625,0.7235623453743606,0.15618121086411774,0.7095758364724916,0.04686436257589688,0.16218158733026466,-0.21393425214880912,0.21841763690985017,0.01598958294737507,1.0931539569174262,2
0.6352591250120101,0.3239128920923886,0.8075927302638201,0.24345063788909058,0.6256983491045405,0.6439445236032897,0.720470716335731,0.45041095701618794,0.16142762915721393,0.1405838415990705,2
0.07897617605395013,0.43790135634741345,0.5624816568790637,0.7883103857707805,0.45225845096312717,0.6029829894007209,0.5389076158260934,0.868669539030703,0.37902595068701,0.19770529831913455,0
0.20498477504142176,0.4492439130241014,1.0533135200349806,0.7141855118735625,0.29495575840764243,0.8638529931639687,0.31838100406282177,0.6574482754094148,1.0330030566136246,0.34249059369799983,1
0.4484250377936338,0.06498038373023905,0.11588042237803237,0.9241452658388672,0.5734588997486353,0.582871938057974,0.993271827729025,1.1157890274109434,0.28385275148035943,0.7385047398029052,1
0.9027196002523368,0.6284084169279168,0.42972113769812936,1.001596683622837,0.4818523362625845,0.7145489792307201,0.8352836784620421,0.5911861137881971,0.8318801914811658,0.3687156745067627,2
0.6706799449605799,-0.049348681792155735,0.785781610414713,0.6796349788419613,0.28067268343487517,0.4473795321494714,-0.1794152085749613,0.18270183625586234,0.183008075606194,0.6044896205969593,2
0.6323600556924837,0.8284378574988405,0.07837990433179398,0.7284776192923152,0.6464609925896074,0.8352987323195309,0.7636109173473028,0.5558331656571686,0.11172595490869999,0.33099602188322685,1
0.47134261975239344,-0.014418764489839447,0.07795788289488909,1.0436428000533806,0.5861840878023895,0.8658530595754091,0.9023745029280409,1.0389408364509556,0.12359832070087443,1.0173426160109629,1
0.44967801845013394,0.21265785048423688,0.6085286175142904,0.47723631741307015,0.6534968566116861,0.5957452780948279,0.9075967792199954,0.6049827869963805,0.36129731477229093,0.3261364952699303,2
1.1937718585160673,0.2202471359317315,0.3924583227010509,0.12143798546354377,0.15128877377862615,-0.1328309891604139,0.3707140278862553,0.9309293341588678,-0.14151892754423273,0.6085752867391293,1
0.7588297457511679,0.8671912920573319,1.2699757505218046,-0.20691986990702316,-0.4273570951932655,-0.26795429245194624,0.3706672728397744,0.6118829915417531,1.2763992395681933,0.3219131562189789,0
0.26952819519601734,0.026812015595983785,0.2600547831595219,1.043107545513329,0.632607807238233,0.819721024925965,0.1927778128753012,1.0565090375423933,0.7141632966686173,0.14130951524052235,0
0.5567385531143813,0.2999243871517302,0.28238810422568333,0.9724746167883975,0.18505069222610962,0.38247956429033714,0.4602358402486294,0.6121007297934674,0.6850220707414987,0.1643867646639831,2
1.176638613016701,0.5919437215462356,0.3041838503721351,0.7138148515152444,0.4238236545039235,0.5745513633983634,0.9506340733877039,0.2038079777852741,1.2138589024819133,0.21116579592449436,2
0.08299636560386521,0.09639904236626107,0.31602251522730496,0.6899082053561866,0.5122818411505579,0.5941333683194604,0.6082815048950152,0.3979326653167677,0.9186817438532163,0.8036198603400931,0
0.7250644906462185,0.22056227133846093,0.40182917398737394,0.8992259668393094,0.10372070582624648,0.23386346805859323,0.3787145151282453,0.6871363893995912,0.7021473509268612,0.28615066335209577,2
0.5972739727369802,0.8838471466763722,0.051287069543923675,0.5234827466725784,0.04803726899566402,0.9511815306680166,0.6286286001023152,0.6324071940398068,0.4182920110361753,-0.2734925783664027,2
0.26156844349152086,0.2691140719422304,0.8656754168385531,0.5354759886236725,0.5152708528855602,0.843417339837916,0.05101954043920902,0.7375671293399777,1.0857985399403496,0.39550297132043194,1
0.45543765312115736,0.922100875225707,0.3263768978776067,0.31003092863835113,0.8520015966518627,-0.05647581719069354,0.29555286910292117,0.574204451015517,0.7814400021384966,-0.09593906412794911,2
0.2116838082681844,1.0119463948152034,0.014051338941316271,0.49218516213693775,0.7119187073555145,0.7861177756766853,1.023444886839474,0.3125925972347299,0.6995010416380385,0.8137440464733013,2
0.08679997747830791,0.11173860276663827,0.3023309920494814,0.7002139117056358,0.5034879239566474,0.6051767614625175,0.5959414725890332,0.3914855302704162,0.9063717224497052,0.7929747243917129,0
0.09738544218752944,0.846085808146127,0.3950599001292907,0.4556906693836459,0.5256206874356248,0.706106720789655,0.9336381234348303,0.5576503107572289,0.4618647270896407,0.9412864503929503,1
0.10838239094071753,0.009846625622119978,0.011157780447745708,-0.04284735483075426,0.7466314362157445,0.2073406696855225,0.3889179796186088,0.43980841941998083,0.20197854612560062,0.1455668113668631,2
0.10196470115553025,0.7022743606419076,0.2371151337363681,0.5722296451649864,0.8225378389257739,0.57612391960108,0.9400770232009074,0.771969358639467,0.5173699528897122,0.13045466276216253,3
0.8597013498836378,0.5307200043457518,0.3475447963682343,0.7590794689995694,0.8165917796365189,0.7375778392446768,0.6686889844872581,0.1282809863837899,0.7947794603283312,0.9084686267924112,3
1.0098906180178646,0.822421028521303,0.3491546288293044,0.10828521870244256,0.6533500249864665,0.9849957167158295,0.7389170965151907,0.09210301261725679,0.2883895384125682,0.8104878239673047,3
0.1373492185908777,0.4005030625509021,0.17107026689512683,0.18027369479188216,0.5432079829660855,0.3728025817232442,0.1969721037380905,0.23147664802076923,1.0032145991500985,0.6931124082312573,2
0.6175535769470484,0.24631859393567856,0.23125407012389784,0.27869352944240994,0.637841751786043,0.03324049076777052,0.5940614020866629,0.7558619576445715,0.5986580839645461,0.641735795677922,1
0.24941635736503312,0.32337226002529057,0.9667590194301275,0.5306275984772578,0.3903145986431744,0.8324072348225763,0.09209893947209083,0.6346329607191522,0.9545915254222966,0.36597586460020276,1
0.44339057546243316,-0.12423161101061903,-0.09441286832876264,-0.03273368151980004,0.4806196490990814,-0.05671862176387932,0.3966440520188541,0.7036641831032904,0.13628858513136716,0.32373551601271777,2
0.1398204492827231,0.4016388672152319,0.3403938874670409,0.02272591216576507,0.38985344098781444,0.26159517898424767,0.16461471268236627,0.30164337007178416,0.8051746775250568,0.574703258802855,2
0.4135321275674666,0.38531809111056503,0.1457570932544072,1.1941969407312505,0.24222652686836973,0.3941948493168924,0.19353892668039285,0.7866616352906579,0.6570086871607228,0.25845773957144413,2
0.3110192218850917,0.4125706173276463,0.9865316642297648,0.6371515632631702,0.37633429362385573,0.7447061471011324,0.1842853008499984,0.6523781856225372,0.9309326732388344,0.41315031044337347,1
0.04506778995195303,0.11681640077688281,0.7728134963047396,0.30830374797772414,0.06271903229039229,0.27175008623523983,0.6376905181075974,0.4079590679867786,0.30891388910298456,0.45137263388127236,1
0.5518880203641061,0.6486938986018769,-0.3369732729833037,0.5829544577348842,0.863472222729597,0.8826379790913773,0.5007290342445156,0.052363670560712006,0.9445165733018044,-0.28797062064836215,2
0.05200295020987607,0.23418915912750757,0.6886905350174526,0.028419275699169633,0.03759390870117184,0.29954776983712605,0.13014403646026199,0.86125435432232,0.46271234855671667,0.2907580840252786,1
0.6898097384838306,1.171646799017702,1.018622150263049,0.05272493071267925,0.2565340368400677,0.4729419476731038,-0.2551697167069423,0.5165923364341722,0.7454748006354581,0.14858126230008628,0
0.8726790294227973,0.5522154771373983,0.3071171722171061,0.7280498668019023,0.7819692601441702,0.7518097688925601,0.6848310646173763,0.1074918683177508,0.7768078869117058,0.9246781837378542,3
0.882659878137309,0.7317284892864537,0.1640479790818183,0.7828033175131627,0.3359652904556048,0.9867822379402138,0.7198591692485653,0.18822060965330695,0.8540617619324609,0.36269903221892014,1
0.6567110046399175,0.37999320581060614,0.7244549986447766,0.4115038607783217,0.6082697585972696,0.5085742279435975,0.5898097528691932,0.36846341396900906,0.05105133082933958,0.2912092323645734,2
0.3159453278417024,0.8842726785232339,0.9900638114892463,0.5558991382953181,0.08359203810623875,0.24980399966489159,0.19655931056428586,0.8085775205649965,0.11467744838412659,0.2656876774227409,2
0.38461653142497826,0.38087544509829235,0.3824069917989401,0.7053605699209169,0.1697843259923408,0.39569502515978316,0.5049274291336313,0.13622226482369443,0.9986616246751758,0.19915579214717188,2
0.20437903784915398,0.5508285826254926,0.48148777596379155,0.09595658877375442,0.9420810494695694,0.7107202858612519,0.3872157940902494,0.5135204191721008,0.4009940461517718,0.16119658469792503,3
0.9374643927261055,0.5157850079211113,0.25654044571567386,0.6721107326801871,0.7467944184861794,0.6937212750834161,0.6809126110612695,0.05813210583637413,0.862869100948005,0.9303402725649104,3
0.033101804315472286,0.72098696498389,0.6050484737307817,0.16777428686344664,0.965369248877891,0.8667346430066197,0.6044249182600689,0.5819029713306717,0.2667177467360734,0.014305180240082434,3
0.8383599707989481,0.5601162912295963,0.23228328358726413,0.644345521328452,0.4165132452033175,0.9370139915576984,0.7690760893490559,0.16328404935576207,0.8471191912481969,0.25617915616298953,1
0.6928074522807012,0.7684287822368453,0.8917662530685191,0.42189629944919305,0.749261003540643,0.7049676627178937,0.8467414816010889,0.09496015105110273,0.2790705215390773,0.36074269649691504,3
0.45163828110053367,0.5615687401560853,0.6158228544964971,0.6878257270191608,0.07555513115856913,0.49483027445452943,0.23767792429029258,0.87971420691717,0.39051018740596327,0.14948999174724079,0
0.9431015904249824,0.5345389937174538,0.2693564166868374,0.869464881224667,0.3395397386486697,0.7073368914192592,0.8444483551482211,0.4554412850179407,0.9625402162718173,0.29310208142262895,2
0.42527564860214134,0.515951621267192,0.7539978839065213,0.41486076257405313,0.05604463306735946,0.4874970352306026,0.19502428998155405,0.619518833663906,0.5986948701172407,0.021321506387893666,0
-0.031520107273312836,0.5812303309749254,1.1315382722064975,0.06575768090878373,0.7900341185878808,0.34074005617942854,0.6910894389178843,0.7979664537910665,0.12161115244985737,0.8150932923708629,0
0.04201653253209018,-0.14589387184255342,-0.2209010076826371,0.544927394054507,0.718186238675728,0.7776062562051963,1.1992312204609115,0.9268477756822128,1.4995368398183113,1.077681495396173,0
0.7044604015852199,0.14953401549718948,0.15012217991401516,0.15839962589762674,0.6215189509960591,0.01216321597929021,0.6365601527262059,0.7901238115956336,0.6848615652090217,0.5732204299957133,1
0.6286147969426739,0.22940342230799277,-0.03196474703424568,0.5590336448289193,0.3051050083473107,0.40439455580231104,0.5623091980709309,0.16465866096181664,1.1473256207297156,0.8384018094733338,2
0.7518426472609484,0.5216002229364011,-0.20882674028661896,1.232164820501351,1.147282615636096,0.21405423753885272,0.7634506006015486,0.6311433585177881,-0.36738867821500987,0.869237817178139,2
0.15396952471836522,0.9505120992925169,-0.043664480079373624,0.45442084964190427,0.5606904153210333,0.7711197633903705,1.0249005003002425,0.3145157368806338,0.6216851768125664,0.8336127885253557,2
0.0445589487076633,0.9296482509876561,0.33008845142248344,0.4073341210563097,0.5878600926645857,0.8264068069513759,0.9689562481669366,0.512622332752134,0.4426873698242899,1.0301536257280108,1
0.18235374388214173,0.380840519959538,0.9116122469248322,0.5292394052444765,0.3184249567905093,0.8405330905295425,0.24768616322853132,0.6658963146727199,0.9914583352877282,0.39340182697950127,1
0.6399957956400381,0.23911434986379518,0.2370665046621144,0.2690546823620174,0.6107868850239752,0.027340787921999215,0.5781956622341117,0.7639502474536034,0.5904749038792088,0.6347449671419327,1
0.869770515008784,0.557095059779363,0.2945299099116482,0.7199046722665892,0.7872870371288542,0.7352146324592435,0.6786787866414827,0.09923392260929229,0.7780811249329376,0.9220638838966526,3
0.1320075161190885,1.028640811654236,-0.08311984866343214,0.4952500467613182,0.7657136996189442,0.9407919533236143,0.9637330841452162,0.24261006166472976,0.7307454936129287,0.6586548453785017,2
0.5052940649162805,0.08699524755964412,0.17683575159063883,0.950644782290925,0.4800373369062698,0.7053246516640086,0.8888418630244266,0.9928790120442481,0.317942714856764,0.8599592902709184,1
1.1078965820819462,-0.04948693695342393,0.18669271216750893,-0.09175856049892644,1.297341926984005,-0.1458532340209151,0.12675256541506785,0.8478374681128384,0.42164213745453005,-0.14356302366297063,2
0.2412011484260303,0.915683992475175,0.05909478476176757,0.4579040077573313,0.6391376974939701,0.7491060640555431,0.9544167446836819,0.22824367087546193,0.7265911941326393,0.7459493093572332,2
0.6120961061658658,0.5298506610749407,-0.27456031059293073,1.161574746818208,-0.8918535720301757,1.0785803429678111,0.565366571718152,0.8053208976725229,0.6810006957741076,0.9541590622972076,1
0.47785711793279667,0.7239471779296078,0.7840439670391149,0.5212998608882785,0.2872916116813918,0.6127172472582845,0.11924546745014158,0.7378630981713968,0.5251406143970581,0.07275366647432313,0
1.0460718205653423,0.4456512626133347,0.17296010006165582,0.8862965978660522,0.418191211108976,0.797175922150018,0.7255974142863595,0.5467517385336398,1.0413005850533623,0.3521796260967718,2
0.9006784479490394,-0.23948489040241006,0.17020177435099854,-0.2553021609401022,-0.11657905753355509,0.17676868175913032,0.5504293317356251,0.47038143729585047,-0.14551794151045636,0.45583352777845987,1
0.6254959085442454,0.8457613320343563,0.28305369710351,0.14813291377541066,0.7270157365060355,0.3499979743101069,0.19295646593988766,0.32597099856628414,0.080938335869927,0.3834060987396253,2
0.9176019157187336,0.5227445036677997,0.35222299778133026,0.7831194791925289,0.42961492970234405,0.8010956499694544,0.9290539920280377,0.4593211387863785,1.0406464942482647,0.23533399329763172,2
0.10624355183404686,0.5755554482482257,0.5055981107875314,0.060217060682511286,0.9567709798491559,0.7359514751816085,0.5106015149541983,0.5311896758385931,0.4409712557444011,0.06333541455189422,3
0.34138769212994496,0.9008906743683756,1.0109568217975398,0.556308816097972,0.09284367166949012,0.24648424389955745,0.2031371992718134,0.8242703199359811,0.12080702045827296,0.3304892590228502,2
0.4147477133637977,0.5197623771918333,0.9477781507914611,0.7864365374937291,1.0097938741083892,0.2960690380239115,0.8193721088005795,0.8337604431534611,0.5551280661597671,0.3297461990703012,0
-0.2471440068615206,0.179637660934705,0.6087300160211786,0.9749251378115815,0.20058773174064576,0.38519797374699677,0.40656613398405883,0.6324308785955636,0.18941848276561368,0.26805960759696595,0
-0.07600681781179222,0.6977504070833551,0.9816066777953548,0.11104797431964061,0.646441626473809,0.4347161248997882,0.07672761599043176,0.5156491508240985,0.13550569960025055,0.3441747127429831,3
0.977940619668994,0.5344076012939938,0.8193606340644433,0.14717840278422972,0.5227926326688811,0.6174070919156617,0.3116757315985158,0.2318306208885908,0.7713748156368548,0.9774332834999853,3
0.48519309764279833,0.8550673731355951,0.34013847464611546,0.5001799826740632,0.7529912867891551,0.19992012543813475,0.056610762807316,0.22492723383506127,0.5570294334169954,0.8987679792879893,1
0.6552450283639161,0.7484207323630869,0.411461642046007,0.7193287384418483,0.37875250381201053,0.9919093933571327,0.5866339644269913,0.6409694714322947,1.0147711770414467,0.08222136313022824,2
0.534018870231479,0.23068756188928818,0.24181683213176866,1.1196423366109471,0.0690171724190633,0.3316950667098802,0.6397180722104072,0.5074521528233431,0.4684295109059311,0.34987894170048095,2
0.295359011158836,0.6658234506670593,0.008390774164022194,0.01967971272305044,0.0924837483653867,0.7769308565096654,0.7456259029040435,0.24348627256966762,0.9886272765661687,0.89359529933671,3
0.955315199164824,0.742261454693384,0.07234410234953764,0.8113081127845195,0.4289235027537053,0.9300823671722769,0.7312821587072831,0.1229689131092725,0.7263569699773424,0.30984804368307384,1
0.7131396935973358,0.828510089955502,0.9085614604835331,0.4106475383705223,0.6917589970072069,0.6996433465825139,0.9996561661806146,0.09306652072789995,0.2058078530778843,0.2269870808460306,3
0.2595722374563115,0.19001888759597155,0.5644877035953856,0.7682922041572745,0.6278605129856822,0.5404017206853852,0.2773279746178379,0.34172274778805545,0.40245486609667286,0.9640218511245381,2
0.48840616390358227,0.062360041460138495,0.13799957437787502,0.8864497121512169,0.5367911954630151,0.7116272266878113,0.8838025965581212,0.9878025383007475,0.3441569337902064,0.8824429327812492,1
0.5350078208421652,0.08913578000956776,0.10505563825700515,0.805103999946071,0.6010360402695137,0.7132551527408696,0.8966200250478978,0.9800695807196497,0.3400451701367582,0.8926574495664023,1
0.30318248673018056,0.20160025310107246,0.1703719027277167,0.14391302619928564,0.6655391741886244,0.2608824056766361,0.6414270582360976,0.35229349441785807,0.12083841713795004,0.09824323349112832,2
0.6191031384403067,0.9238231610154611,0.009669125799564497,0.05243747403760525,0.40731704130418206,0.340662673258247,0.14605051675817912,0.4785971193109234,0.1496772687755703,0.9216004224570835,1
0.7609912690457241,0.8859564176122171,0.23875502359575526,0.2918846268948845,0.7291556678433753,-0.11565199951165445,0.1601731379120309,0.3048880222546549,0.727094509430529,-0.10614088636257588,2
0.20537274144328924,0.540044700800759,1.0094388815076514,0.5823059330325482,0.37528249805493075,0.6739794356140147,0.15899253208731853,0.6721167076668824,1.0105718433690143,0.5385417801916564,1
0.8666439598496969,0.47330850136153496,0.1787778729197858,0.8066221394446411,0.31696828633419494,0.748596895083727,0.8585528995936845,0.43860371406738025,0.8671754294497418,0.3585532879624594,2
0.38590023838860443,0.030640985623603845,0.4221273927146665,1.0647364948459384,0.3719846110986353,0.5470111728471011,0.4232567003722871,0.7659016700474628,0.5892369940127251,0.2263514436719173,2
0.3860033116220547,0.3907115357597784,0.1431982891004509,0.6745751761061743,0.21717939441636008,0.6797118849873295,0.9082912876228142,0.6799472613271312,0.896456212381547,0.5478073572852069,0
0.6061645614981203,0.6504578569719183,0.3121972565951798,0.32128304357450393,-0.0033571228480926696,1.1805809263766944,-0.09889436847823141,0.3647106464569134,0.4266557219539611,0.6782701367654662,3
0.12964864570860282,0.3662038666916201,0.28943944721370585,0.46125949253585086,0.68864520922037,0.22281534385468843,0.45330593468968156,1.1471525958805115,0.15659079236197584,-0.04805072723373413,0
0.4585530059954312,0.672013404546546,-0.06015244517871576,0.6414895395437944,0.3932849588810724,0.5387366148395375,0.046698889503789864,0.5002895043727631,0.8447495517808224,-0.17284848990326063,2
0.1040344777978696,0.13266799994044506,0.2948764124218858,0.7337498893964927,0.5878680499617221,0.6142559829745501,0.5808121900053935,0.33884222771258277,0.9420823687600015,0.8255515150049751,0
0.05335944628738111,0.06737951258027527,0.2842540620304503,0.710955769629525,0.46917035365394033,0.5771910787786163,0.6403622653500572,0.376720806539552,0.9345060822282841,0.8131348863953989,0
0.6497442875912504,0.1486931237940744,0.609242307582104,0.968261662584288,0.8677439339507663,0.28933262701184764,0.44208775030493674,0.42371075276503106,0.11696457984636238,0.4589771723185143,2
0.040963743307171965,0.11979617996852131,0.7796719464013193,0.3120514497520129,0.05793710345481478,0.2671831280790541,0.6397585167512848,0.414869142654143,0.3079883618774024,0.45819197366489817,1
0.2930278508293242,0.0025144380419562518,0.21665490203641424,0.8978710120548724,0.6159327660798176,0.7161301598975818,0.7418823386878153,0.49148600845993584,1.0951775486614552,0.8252793571205091,0
0.13072230970631177,0.8527397688170528,0.37396119407949224,0.41981185672549737,0.5481239280416877,0.707347248013546,0.9475607043626545,0.5093572210625195,0.5109996066004743,0.9890872212316671,1
-0.07027553789121375,0.5772971498816878,0.4495628047621181,0.9561755053357379,0.5447429817334268,0.5127328252131764,0.6388720981500489,0.9310349524725232,0.2393196454240392,0.30174039619460574,0
0.8229500341497835,0.7410659578680171,0.042384902820818304,0.39265050340471896,-0.2784615115364966,0.9874461575468091,0.6067217304370148,0.9641948422029893,0.8111310071111761,0.023678475634730523,2
0.09322888094480877,0.8752377236717803,0.47714510045558245,0.4405624744666901,0.5227332501609694,0.6825235305164482,0.9674549965561264,0.5157428029944889,0.5599607802713211,0.9355114645852921,1
0.5187226669128935,0.0918908022740841,0.16381520465831315,0.8583485627110755,0.5297969953213206,0.6911569200654138,0.8519229123361107,1.0134097322631272,0.3664253883087361,0.8675207173802333,1
0.2609740718068412,0.5054294036060141,0.17125241816275533,-0.10154281338140908,-0.11822336844204717,0.923098458460607,0.8663233732436495,0.1964041033031472,1.0434715412266444,0.6853840760310386,3
0.48812807669027775,0.06671920174993042,0.08558258623720964,0.8763633073756604,0.44526755225064363,0.6564262439462605,0.7975458089243848,0.9510802897766948,0.3935679766280922,0.8474761270965843,1
-0.13672286713157544,0.4775848268632815,0.864757653556125,0.5518634518516246,0.4069332597352311,0.08766852711022655,-0.14161007006399734,0.27058478811603126,0.1393754118322707,0.8300106898195599,2
0.7903419330649173,0.2403913651727404,0.7484546280973579,0.195929757446345,0.644781098835797,0.5471004698349288,0.8503993262442393,0.1854797155385944,-0.06782149842112542,0.3175004989202952,2
0.9398710394955542,0.5522136387691071,0.7783074792533524,0.07722674890435414,0.5225566837010883,0.6523417166454468,0.38333730801788024,0.21745012733371324,0.8059353182034995,0.9878959742874591,3
0.9409510623527853,0.5331535467270615,0.7838523873776582,0.08222222347307091,0.5251090114593965,0.6630063281008206,0.3304239198483592,0.15155507855127315,0.7642697461868062,0.9663924716947385,3
0.4205850167622272,0.6201039564561562,0.729537955798814,0.5360896701166823,0.22453315370068164,0.5519419141958967,0.12889286173299788,0.7588432707525103,0.5754101749311042,0.12699931818650934,0
0.6254400322584769,-0.1881536851385019,0.30762420622586056,0.9616884711509135,0.5805885436407182,0.5727428032834917,1.025436326317552,0.9799925173167275,0.3130003887332579,1.091156454951789,1
0.3384497186340088,0.8830802224189679,0.9916908849418031,0.5766403434889801,0.041709452662902345,0.2613382570296912,0.19797752956469483,0.7670507376361503,0.13023369605000182,0.29679290907686084,2
-0.10974116383753457,0.9506942023635732,-0.27042226309977857,-0.3653337929777331,-0.16228826383319306,0.6086169863045884,0.9065122247450467,0.48741074200463885,1.4143893394630342,0.8904720930783843,3
0.2509680852132623,0.0867688285947425,0.4063587397191831,0.5052781847834228,0.6635504441139942,0.6107991681350655,0.594207244603635,0.4779338312609113,0.8590489306029441,0.7497381714274913,0
0.06504397558582438,0.8153386397285565,0.3533234060580315,0.5270074233885816,0.46430101634623144,0.742979764757222,0.9532444158814594,0.5027953270226692,0.4432356017783908,0.8822820620682754,1
0.9653800420714032,0.4454875172458207,0.2950433847501938,0.7977891838634654,0.37843211873539817,0.7929939723305478,0.8564057032134097,0.3927571976991008,0.876468342650887,0.3078588253362447,2
0.6376213984848237,0.7345846202693797,0.4161012378007621,0.5421068155862095,0.14479146011686989,1.0504860540055865,0.13074678405056914,0.3085191571048136,0.17494602174601284,0.6586000194053018,3
0.39842557801576806,1.0463744501372128,0.7417001284688294,0.610423001922475,0.30262887072482647,0.8966791971023358,0.045796319934921836,0.4544315121909721,0.04368955505628186,0.9730465178479956,3
0.27293493997221935,0.7163241701798838,0.9191280574896397,0.26845857911350157,0.9429479174674966,0.27132049946362435,0.6611827593431054,0.7589098050237312,0.5384440348756068,0.6165454961912192,1
0.05811004652899535,0.8182785741943723,0.45328924006495375,0.5280296013221384,0.5692830307273002,0.7739576082471681,0.8888682848494914,0.6318059565947778,0.541698014920627,0.8910219171162269,1
0.05884620810383291,0.23609381368314042,0.2723489133177106,0.6003110211585834,0.3504517585477989,0.732621154133913,0.9660767137317289,0.2657342535328311,0.6198271624682973,0.5630013373472326,1
1.3093113456685934,0.8938114718497251,-0.03463710265172215,0.7750300015401237,-0.07361856096651387,1.1368017054465172,1.2323799754386366,0.6793292343041566,1.3041561079622936,0.37096999249164286,2
0.32295038200910364,0.4685977088715386,0.6847687326910102,-0.32637969057176075,1.261155199020274,1.042318548703137,0.5962414343442894,0.37329315243048333,0.4511766409907768,0.15433128034754856,3
0.5824016096810725,0.8838252448080747,0.856148475584926,-0.09512998810314899,0.30606675298385166,0.49604287578109413,1.1070814587326885,0.6114003394810706,0.04260056980718302,0.7980014856097987,1
0.8234465676101408,0.5259497263290219,-0.012470102938155592,0.706239373368874,0.03572314314808789,0.7462740276398947,0.9999218024594096,0.35445760745359456,0.8489166104376766,0.5714688706928129,2
0.3738014653982574,0.3542098597864886,0.853177274998362,0.5336541476318093,0.8464906888490198,0.2688770398222186,0.13956062395590074,0.3314676228795695,-0.43454074154842415,0.1538067181511396,2
0.9224836183594649,0.5559084276689099,0.7671723031660942,0.05607909467943789,0.5235643734020166,0.6068552707946209,0.3636095718778591,0.2180832738300367,0.8135024243844724,0.9852746488441628,3
0.9094326224721613,0.3689869418152938,0.05988453630389115,0.8183658371629227,0.6289486974408616,0.9832793504865385,0.5705871005810557,0.4097033087253347,1.1940531090608457,0.3687828933719251,2
0.6521495027719909,0.6902813002514901,0.7477638627443884,0.45417071523731595,0.6200757699361834,0.6687369038809711,0.8747287380456061,0.05542563150165862,0.18923514624033505,0.35128877602628905,3
0.6934004625428359,0.6759659876058264,-0.05488218579423704,0.521422415685687,0.4130289493772068,0.5846013497917786,0.5530773783179731,0.9590316404533046,0.9420283491294055,0.3619568895166687,1
0.807920250958055,0.5805420290797079,0.7617504818831141,0.15870248924517633,0.5156122100716327,0.7017957599256113,0.35229855568725804,0.29957825641120445,0.9389592788743938,1.0899995309170492,3
0.8797212013617776,0.5721989130479377,0.2866524443406269,0.7643207455799206,0.779397315098711,0.7527895650119434,0.6760471758198895,0.07658643749524532,0.7705371860735181,0.9188057294714853,3
0.33668906049380865,0.15903182019996226,-0.05943508882656903,-0.0016023730604721245,0.7042586399345648,0.2103738959087744,0.5671858344216157,0.5800640210656217,0.07498452593113761,0.22164717886744112,2
0.7583852147945063,0.1995013461540836,0.2832207536812919,1.1875268513909585,0.03406870525813899,0.41437372430423447,0.3767693098592035,0.547699096457517,0.6242908505890515,0.11478785625344856,2
0.42043620319364045,0.44508817500380327,0.8031803255731467,0.5644147362063552,0.34245468777283256,0.8669871558042868,0.15219897833498722,0.5147402844728284,0.915335168203717,0.23862525637941906,1
0.5922989132735734,0.3677742113489289,0.768563100052733,0.3590823387655245,0.5417879089423567,0.5088860504831038,0.7986451527305424,0.39153874798701277,0.19738229380811778,0.024678015343553655,2
1.2637198561074041,0.8826723319206469,0.38094058290403776,0.8920265308814764,0.5235961494172675,0.11214984416233842,1.4948620673458288,0.9805588197798526,0.8144033881552656,0.4823713333258338,2
-0.387067497931613,0.775962402292296,0.14711507344785252,0.6401835203556107,0.26572192276487194,0.47039360788943285,0.22755791526192093,0.4843858714268425,0.4496356424631731,-0.2188483639672288,0
0.5657902203624172,0.6211204470395005,0.3426231328058543,0.3879690065676663,0.026104182862583314,1.0576065057797261,0.16457331655615023,0.34515577694061106,0.09827206878923118,0.7817280426303721,3
0.8141000896413264,0.12051565365488051,0.7019183010627325,0.8618146741698743,0.58369744165723,0.38156676719621796,0.6694212190889703,0.2913708204637125,-0.040859565478155474,0.5925768847601639,2
0.6031625435968315,0.8990591960856926,0.05712726552482986,0.030886037958786187,0.3984349308729732,0.3305724923332373,0.11306892380985306,0.4466838396375772,0.18554948472790728,0.8900097819646313,1
0.9822364687077564,0.36438745350058155,0.37052503146065474,0.7410795178775007,0.331924831559179,0.875045515763898,0.675123378710461,0.4074954103381288,0.8222734908262533,0.4144504423298144,2
0.33455820936579383,0.8836773579735249,0.9951333837214252,0.593268302905851,0.059866516102694674,0.24226220577925917,0.24367075912711947,0.7578137998816846,0.0926947782837357,0.28700725730283355,2
0.4460624790952413,0.8284021302901667,-0.03588933393247862,0.70254056652808,0.4546366898744248,1.0086869611603881,0.8331414831671188,0.16914945450759578,0.5414374265949292,0.8192432973064785,2
1.0509239228263163,0.16091907748573048,0.24646107145559898,0.3909209090555138,0.38281612945187493,0.011628672228968434,-0.21673904103187008,0.8096382977627465,0.38364495015950123,0.762408349784586,2
0.25348422616733135,0.5162773021370938,0.18536093414971022,0.6275521189975877,0.04712273415806491,0.3327948933329607,0.30682664006980975,0.1712143420896033,0.9326538431422742,0.3745808829985797,2
0.10696220176038247,0.5673504732818528,0.44798647587570756,0.05213011430761392,0.9575068097609816,0.6867843649767009,0.4634865147409804,0.4844137047872098,0.4466812404552706,0.03796409248363807,3
0.3466762524250413,0.38237414876943593,-0.09005455352456185,0.35189503194474064,0.4967911333541447,0.5888892351233865,0.3952342312024945,0.25653661672820915,-0.1357870468038812,0.48104393814448354,2
0.028859601533862748,0.24473892640717354,0.35310093346100846,0.7081061096693465,0.40651451104711384,0.7860822782320268,0.9233068715992477,0.298942144575254,0.6299717005871569,0.3941764573425466,1
0.16408718452225496,0.7283892971326362,0.5953213936307331,0.9680410130396513,0.4376186306973889,0.7045435300675204,0.6071662435090575,0.053507234528449334,1.1686239582933995,-0.09311334165844576,2
0.9464219481604185,0.17156428359054388,0.5561821552407705,0.3965519927091724,0.4308840865409239,0.15879954654620437,0.04964163001056671,0.2608133788210054,0.31928900459033893,0.7268992387325452,2
0.8312974952371022,0.6778388126352252,0.10708526594964919,0.7348131046143044,0.4309432717795178,1.0343102692257238,0.7089089262017921,0.21661492727296158,0.8513193902385019,0.39011625977653874,1
0.04269593223283687,0.09334872338324743,0.7787186335693901,0.34599316457722473,0.07640243035790593,0.2592325842407488,0.6097404662748344,0.3982232426101268,0.29008229766056537,0.47540057613322184,1
0.9370462647542489,0.5784083378754534,0.732593809774219,0.1324398535936332,0.47773149300001133,0.5498614040868571,0.3435586704457544,0.2551809566418941,0.8537612118291045,0.9316282431642108,3
0.9991513386910238,0.510146660160596,0.3025779787904519,0.7126751258545548,0.9103447025110333,0.6439685327765099,0.7629097943586116,0.07049446616446509,0.8723834272921693,1.034213444324151,3
0.7541228559242616,0.40369508372227775,-0.009015208660664464,0.8765686797089335,0.22094688952413724,0.4890705564273013,0.2340366663919889,0.3784473093827148,0.4700494742957988,0.2472470119304342,2
0.8130339928077667,0.2988597334937533,0.5593431745537887,0.5294792336962216,0.34278556885006284,0.2332048993488196,0.07693492512275633,0.38829461520113767,0.3495625605625746,0.5798463626506849,2
0.4495171496688047,-0.14787524929243742,0.34659139776992687,0.975277305720663,0.7711021771315197,0.9189531182108485,0.8146187436317639,1.0546473817314945,0.538203203350091,0.6938725132133347,1
0.5749086748089773,0.8913972992088894,0.32471429913271593,0.4520060907562855,0.7541743194953174,0.15794505285995242,-0.060832372531356135,0.18979531315168438,0.5136098433276673,0.9853838061940009,1
0.8046755257627274,0.7572996003589121,0.20887773031568216,0.908891494347942,0.7226402772820374,1.0569746482780051,0.5390452146069058,0.5585010796422496,0.16744665594276603,0.23419834745152474,1
0.2804652937694047,0.5417167891124404,-0.08343222390240437,0.07391411385935484,0.19841390833406816,0.7232593575475663,0.8229953015917928,0.21818077704623634,0.8965505628316498,0.918292295686177,3
0.28622594266982326,0.8791072924075907,0.08393441067603627,0.41547509240014413,0.6078815888316048,0.7942877872013429,0.9848513296846477,0.19250918895851585,0.7311405053228158,0.6990190745666756,2
0.0460775266053632,0.1641038218617999,0.2466628930203909,0.6472071777208759,0.5752891402245539,0.8712115783775746,0.8283699743839619,0.34537785895721584,0.628105765979491,0.45529497011854264,1
0.8075733605255281,0.6876646624465044,0.2026398648855578,0.8392775351806919,0.33355346201301295,1.0184817385654772,0.6948135979566875,0.23856663609708845,0.8672475877552861,0.293350681975582,1
0.4796316992598591,0.07324390634309637,0.1378641966503811,0.8887606481265686,0.5265358777965963,0.7248152400950141,0.8828585284390978,0.9863876408194797,0.3448519624758532,0.8897656607243929,1
0.31385095708057864,0.8310818973031924,0.47778962831204463,0.7231917428921163,0.7591869790616783,0.504358199563619,1.0189600180245177,0.34680443251631143,0.4249646482318984,0.9215701170827488,1
0.0846557429917677,0.8363803603039907,0.3959564408458808,0.4690480267038483,0.521652478787281,0.7079018778282293,0.9528556800134423,0.570239713950323,0.4648266818654415,0.9349678665906179,1
0.827519816266935,0.10948711225376807,0.3963893686073984,0.5933713004896254,0.27765217704522305,0.7903691515023964,0.7759057715788894,0.2915749648683802,0.5949399687853132,0.875867370641428,2
0.8959142425834338,0.10234484682943512,0.9941246265655292,0.025494483929024148,0.28192046960065925,0.7283814835162451,0.80317198644486,0.18822655718983528,-0.027723088552836783,-0.04744278861485213,2
0.2928105173552407,0.4135125483345697,0.9744029449149175,0.6219936378753252,0.37394179758119234,0.7475048470739191,0.1562220668686709,0.6744940916322658,0.9379864181384834,0.41291993022499573,1
0.44576608277361207,0.23731867053951203,0.39770353648258816,1.0299890346760585,0.17945221325963673,0.16483063506419773,0.32098861250585375,0.6852445530978515,0.5681135883168331,0.0649094202226376,2
0.45836958994708965,0.5707505190636,-0.013042896894341793,1.1678790439827378,0.05453464184032633,0.594851448482462,0.48350872025269265,0.6726483143974101,0.6332282923744207,0.06177208471137649,2
0.5096063773668115,0.5852843432791273,0.3556885563712093,0.03866766961138715,0.9937169372800144,0.19679252412413586,0.25082797431257403,0.26387221515512604,0.29175794813473005,0.5231646420276854,2
0.5485355815075598,0.7279371398778262,0.23936418463026277,0.4829077692951103,0.6881523422189038,0.16055001168185346,-0.029628780598596353,0.19560610076068236,0.552888656774287,0.9827440564933361,1
0.2948362235850408,0.4552821047562229,0.9871638660564187,0.5490099563547177,0.4515536256262594,0.7238360522599058,0.24367947790140837,0.6214416994456731,0.87959129903863,0.42990919362381386,1
0.26511073215652475,1.001736471080988,0.12676059572866863,0.4888549583844409,0.6014077359979196,0.7673299327733578,0.9184023179071452,0.09677076297315787,0.6071048660783308,0.7680196739703112,2
0.14313362538466942,0.84353182279187,0.4710681662244398,0.5388379852632412,0.461327764356755,0.6921488358788622,0.9382133479600993,0.5500951569478961,0.4754688428727451,0.8800967584682277,1
0.4607995986092206,0.2372469669718398,1.2216091447515764,0.348398150712446,0.5268265813885941,0.7013652222580943,0.1365215179508088,0.6859318124995561,0.8261549793118952,0.3778901115682648,1
0.9015568927011735,0.24011208389728464,0.6118145425226047,0.6128968093562713,0.17182782624597506,0.3093027350968913,-0.023666316419431885,0.49303871199526866,0.36228203562219136,0.7520898794391839,2
0.580983434687717,0.2910389541901185,0.8093562322510537,0.6888622839032732,0.7558306111854318,0.6200783550606059,0.4953702814796412,0.19849691180114945,0.6688714619736713,-0.14202399617843137,1
0.8610459855825068,1.2495043004492081,1.5237178897632084,0.0238541104584922,0.730320105695845,-0.11517578877480295,1.0292858091119244,1.3707032610193197,0.8444999239851264,1.0588607077004033,0
0.18916164440186278,0.7497264210500323,-0.011148312221825985,0.15128927465761768,0.029500218885725453,0.7129722139751418,0.6022247343436293,0.16283826161926082,1.0852517586513506,0.9774397827149294,3
0.942502962141088,0.5771735764722624,0.7638185236139656,0.07291447587317251,0.5438449383883425,0.6293074742189654,0.3793642164438093,0.18958535698293294,0.8187530149929738,0.9708706336534072,3
0.687988236213298,0.1113619689920882,0.5314225484655464,0.46445518996156093,0.4454413883099956,0.08913712924473982,0.6305597419705209,0.5715358064927256,0.004858167994275166,0.5348482795327696,2
0.952763325367913,0.5331465265662934,0.27229497352019294,0.855968972148931,0.3206615162212758,0.7126095712812409,0.8499875843075545,0.4642687551457361,0.9613661956728752,0.2897505303535316,2
0.4338068553441341,0.5809544086797968,0.8233054323324841,0.5410424667917789,0.16281237340768415,0.35362043948642763,0.3003863652559572,0.8722026853270476,0.5898164884579886,0.5157511672722283,1
0.12487754720111763,-0.12014029169038598,-0.17429547035890985,0.37742074973594203,0.573539510236351,0.9235508282038889,0.028239761490197912,-0.134419194516192,0.35130307996836063,0.5940791461905719,0
0.586944084079751,0.30123722629655086,0.25751086843755994,1.0012357874151885,0.17453123724091815,0.3979546474679743,0.4309000465117936,0.6096978260945054,0.6856188002361155,0.18437767299954586,2
0.14792564082906579,-0.20556369448523737,0.8280484535292705,0.004936697226111064,0.12146453874826157,0.5768934178878792,0.6623172683308531,1.018281397797188,-0.48182577497712664,0.6689792003298294,2
0.8659111415912704,1.2512883411630304,0.29244067708654875,0.1157513191783433,-0.2184858438663359,0.2294901778880456,1.0170928588309938,0.03628307959352983,0.9242098478949615,-0.2765704364713051,0
0.41127930928417245,1.2215669905157316,0.38877266855143155,0.10228567524693871,-0.24421515627819929,1.2327256334810144,0.065895109602683,-0.2803422234587669,0.14145933109771222,0.6606552788501482,3
0.5158052462681547,0.27286198829627994,0.1173986415557845,0.3883641212419347,0.20912518200201055,0.195956424620215,0.35400088453020856,0.16516190843165046,0.8875050273853495,0.9458883238637524,2
-0.04656569554076759,0.20732699525575798,0.8044829925061504,0.3782565758177367,-0.006518331611387804,0.37116531293412575,0.7118591188010335,0.36682079296600656,0.32579732137483186,0.5537040225359856,1
0.9084875551445893,0.7401114506083692,0.13909317828481113,0.8335303244905561,0.3407263353122601,0.933519615983988,0.759214841770372,0.12170878029772139,0.8091286350917175,0.3437582960162512,1
0.42068157114588833,0.685025986918765,0.06985183953849483,0.10648541780488037,0.2676349372819292,0.7178358812790231,0.7476726277346072,0.17911827672678315,0.8940142133435972,1.0130897532545964,3
0.5880763689270254,0.45318435129999124,0.9218475102460815,0.7395725890720324,0.45691952613969106,0.8348517234079467,0.4994293414167641,0.3304310354825492,0.7228473455600944,0.18730247116569795,1
0.2496435080153298,0.05149391852725172,0.129598535436097,0.08343148777989523,0.6621769170421459,0.28789969682204813,0.41947611765153736,0.4867176446598038,0.18478708675829575,0.1456343111080199,2
0.07383163600168335,0.2582202042748929,0.380214126051817,0.7178686535913591,0.39820228184327344,0.8967224999828162,0.9233967383606784,0.44888797136384945,0.6049035309337063,0.5547293834441224,1
0.5953802968198524,0.4599696567910397,0.11172669010022815,1.131599558695731,0.36247813635795834,0.35995565159057025,0.27392456456789827,0.7071673917645886,0.6599535035454904,0.15445489167758372,2
0.6339165830312079,0.9572924083028278,-0.0489986601829418,0.02950550043620908,0.35684088763772953,0.30957246012628853,0.1694330057475611,0.5374163258659731,0.17862988657838527,0.9224766363416451,1
-0.3229557321937168,0.3988176434909454,0.06828769522333822,0.9019464449037001,0.31275693255203246,1.2120228614632165,0.4597470366452941,0.25552560238227157,1.134266130755996,1.1748248354988247,0
0.32483654264154327,0.8404371065250191,0.06133136256556967,0.4005246833950377,0.7277589890037925,0.7195529748264453,0.957367826761155,0.2501723233982844,0.7306730593491587,0.5347241546291275,2
0.08854399208923494,0.4273610666370634,0.5090841053618165,0.8127429964140105,0.344490280111277,0.43479881916945157,0.5176166370161712,0.8664855403108342,0.4618088214248468,0.13647359901557876,0
0.6181512089746526,0.6776381060719678,-0.19155156568922926,1.3221600032523226,-0.19149727677795914,0.16184097199505335,0.26146909360306814,0.7867101873274573,0.6272641173419353,1.0651212187037484,2
0.43191959121488965,0.20851286620649973,-0.0629817606881275,-0.07607486916979517,0.9318196012981694,0.507251009697915,0.5239490827647865,0.4912027114502489,0.02386825504719356,0.17557177951943054,2
0.14855184232964375,0.15206078598855,0.4006114615952271,0.6317558366309768,0.3301189207929847,0.7220746351816251,0.8279500450204572,0.23179680917584597,0.7666493152315049,0.4131437259964663,1
0.5166016848030797,0.3135372099067376,0.018956756443190947,0.875582521101128,0.6938111682821431,0.9613231957841456,1.36473452237116,1.252223098381833,0.2894485302889646,1.1138645924243278,1
0.506866177158874,0.03814698708498132,0.08751862293766052,0.9504237262414241,0.5496046373256017,0.6311727575966628,0.8810331421444954,1.0304520490485878,0.3994365510532806,0.9434970280658486,1
0.7955602383849606,0.8594529152221231,0.9560364988125769,0.3635051640285249,0.5574098376000897,0.7321352885306726,0.7483801706758006,0.22133487992069242,0.2994912688824618,0.305215487220319,3
-0.5022962911347362,0.4087607887839807,0.34331226607236026,-0.7736011969059622,1.346865022958632,0.0054353966277508325,0.6728655578293785,-0.284138660973016,0.48453740432829834,-0.11650609622383301,2
0.42331525418835947,0.8643788231713877,0.13104511765215554,0.3507728734341955,0.8357147229831705,0.8591049372049958,0.7964013725011336,0.046290577333804594,0.528233849532425,0.950316270037779,2
0.44096837592022303,0.5256722808957934,1.0656223743735098,0.6875667644479497,0.4146196638626226,0.6561163479279156,0.10103854427704857,0.7496169924839282,0.8058951812372608,0.4850520494777044,1
0.6385928337676537,0.8642325484493141,0.16681661626535205,0.1235638689167375,0.7000809347249879,0.03693262505024695,0.2703522541240628,0.3756737507405704,0.6429640385244874,0.05511711491277831,2
0.7341852980363323,-0.2069690956160009,0.4604655968165947,0.8001517438221106,0.4775848189566725,0.34965857752383744,0.9855398794461023,0.759165721993284,-0.09597516643027551,0.6750138956108865,2
0.9906122252300479,0.5234325708336658,0.3020260462363346,0.8791424510662081,0.29735978994150486,0.6451765103770168,0.8486830601840255,0.47034631642468266,0.9261218279228721,0.21122347207462686,2
1.8053853701038363,-0.33926097220994644,1.6472241184971246,-0.8511379023326909,-1.0814869854045865,1.9583516225118667,1.7609616028095105,0.7317517467892389,0.16137101028269266,0.10484205340586861,1
0.7876665207428626,0.6285704366804413,0.648629254654349,0.7587087050512414,0.02152068535362961,0.7153396676601861,0.7642687140848913,0.6500057858428382,1.063400837395827,0.0883389144841959,2
0.7732306036955691,0.38793234170724655,0.863580121335723,0.7707149717597951,0.5392554629113144,0.5548499356101647,0.03487819036275292,0.7015449353376092,0.8632341241235156,0.43321290612547875,3
0.4054046617409178,0.5481813644486331,0.46452057829133164,0.7910340779844381,0.11557680530530998,0.338822182269201,0.5893832242327227,0.24439495064419187,0.9291711692206748,0.007684902461780746,2
0.9491294879895651,0.5739639137070455,0.7601306894602816,0.08001922906820247,0.522225186069475,0.6049917171330338,0.39307648584525456,0.20077947805188293,0.8154496085018099,0.9655412701037233,3
-0.12832069702707977,0.19308452091618578,0.10998311623326204,0.9190229644945017,0.43112870459523717,0.8299893487829879,1.032407454771517,0.20140426253871896,0.8568765364192027,0.6339651150446379,1
0.033936657664858524,0.13749318062285287,0.7499710052005542,0.29059969930106555,0.08184365719823387,0.25122668459832975,0.6542322060688318,0.42271003806757246,0.27991899869422115,0.428574105148154,1
0.7883128512608157,-0.10599164503917063,0.6064702005062559,0.847679822640464,0.745296005825088,0.4437591976678072,0.6545695101086946,0.09375073496114203,0.18542284910636028,0.47987302576049873,2
0.9262419612190561,0.10919572998813763,0.5888687311607261,0.8657917194283539,0.5432123680871715,0.44765288942233256,0.4964908876820834,0.338343378951882,0.11028019983470196,0.6434491743088587,2
0.08791525313177814,0.6733193828469153,0.6331303611453936,0.7140609669152865,0.6306764981101202,0.6733965235608451,1.0688227379082889,0.5491688089063897,0.2932642296733796,1.1188215529219152,1
0.8005929132853329,0.3276180775328571,0.527538612181425,0.6334215351690259,-0.03224689533696268,1.0531321084724412,0.8894731701542087,0.5782326576122219,0.763646885087001,0.4043097014685114,2
0.8048214249506578,0.0475823460181161,0.5438601232942311,0.4870243359058288,0.2817317582816605,-0.0990850705090808,0.7756240352028222,0.5594910637707577,0.09216872405313761,0.7016261517821759,2
0.7337377000059948,0.5286991192187698,0.5471233850774662,1.1423505147727433,-0.2117012646875498,0.581026270624841,0.5065958441113401,-0.3419143449878974,1.0523873992834678,0.39361451828833427,2
0.9691745048589598,0.5720403842981759,0.7503197667222794,0.09353679422116461,0.5245608964551456,0.5937425647381026,0.4020837994027397,0.18660108080782692,0.7837364072497204,0.9534671545870328,3
0.6119135028668647,0.8717103348090338,0.04726619018624972,0.042827638183333454,0.3722559555375607,0.384144613116352,0.12431658499239746,0.416928370645221,0.20166926008348757,0.8936370806574836,1
0.6255739554432779,0.055537343631419545,0.3819343277243459,0.7235425832301585,0.5420854626396494,0.2065309021260394,0.25456553968387385,0.2749257814640718,0.17722278630546576,0.7350077266580232,2
0.7106423053771878,0.8533392119904836,0.23216498965625323,0.24872419110476232,0.6973086069289507,0.39883754639985913,0.10383474570549192,0.4386456874995668,0.03344677214407055,0.35448675961258175,2
0.07449562566710213,0.5129448644843649,0.24898576775902043,0.7882762982597851,-0.07066477282408462,0.7353167383940323,0.5134681250571006,0.4279974957073788,0.061667503857894296,1.181092015701004,0
0.13994994883874387,0.5284006437650646,-0.08204810611599099,0.7818284551509374,0.17163663812591232,0.7018273363014991,0.58613800528339,0.6954009036923152,0.6377526552917764,0.13977557799603715,0
0.24510273459590692,0.9114951869605686,0.05299774239242358,0.45185847271723706,0.6315614458896608,0.7416633519672926,0.9584843517858687,0.22814579459804282,0.7214768172375762,0.7552549262908105,2
0.4652295986078933,0.056810293676584155,0.1543342496678122,0.8661404589746579,0.5377474788481102,0.7203702199205295,0.8769296012696521,0.9732335935338764,0.3362082347746059,0.8623366127096704,1
0.32571509451262975,0.869124790583281,0.979988245025673,0.5946074120791909,0.05328316532054895,0.2331440354134727,0.22752787122186555,0.7785324720505641,0.08920781953864085,0.28831483246066236,2
0.2939957497449613,0.8940682301288243,0.9836545465314718,0.5777606444028615,0.04355454313918568,0.2238080874949741,0.22340548531576862,0.757901890132459,0.08633936559372082,0.3000923007936988,2
0.7463879907241688,1.0694398914398184,0.2380752414825557,0.22648845962967323,0.6056137343408335,-0.026811096048637587,0.17730425491810836,0.3658803677750294,0.6622327270335178,-0.03477084468791943,2
0.055595903827442034,0.07348735101969962,0.31838800772680587,0.6629123421017264,0.5018273162627505,0.5750580301326067,0.6208527918548087,0.3742000505703228,0.9482828538162241,0.7858382003853309,0
0.47663795044861523,0.7061412619225952,1.0070030672989008,0.8147130205548877,0.46324127228641293,0.7353803202163417,0.6838510182859519,0.29591873427640675,0.777422341197057,-0.007631920909101586,1
0.057159532374807684,0.5246294529563295,0.5443699358717766,0.004082059247779282,1.0072878325860988,0.6971227331798063,0.5547523227983031,0.4700141521225857,0.3218704103024981,0.0680476297104633,3
0.27910627889441136,0.5438835912607399,0.39174155900431024,-0.13631899470428077,0.2269295854482335,1.7154965529868218,0.8403747093933922,0.11496131414802585,0.7471109771772205,1.4619160635032287,3
0.7320703405223634,0.5562937452536056,0.7565046431590968,0.3833609288700335,0.16213859768621308,0.8637942331357165,1.0484421274612938,0.605166572510338,0.5447670176725382,0.9195350596691918,1
0.7127315906846895,0.5285114749186738,0.47812765487362563,0.38895876754257636,0.7827572779013048,0.4021671629656157,0.8383329047524315,1.2202620203804118,0.6721961558767309,0.4622696602645565,1
1.2683273731046762,0.611961037470909,0.379372422346532,0.06606605474447047,0.39292132786332323,0.952198699669664,0.9088809343503051,0.4873248647206785,0.5830219043107097,0.37593066131816305,1
1.0539949527354124,0.006552248402642763,0.5368270927873514,0.04114981139680571,0.06585893980436666,0.1844774711086364,0.5107899601565845,0.6996992866882168,0.10015141352833833,0.5877548163714407,1
-0.0374724588547225,0.4011291708670474,0.1394572716119214,0.568222474357655,0.6767511212626444,1.1395362214678293,0.8175416295198771,0.22595845977877857,0.7928282158527882,0.4852522525257827,3
0.3291020259583203,0.8771001827692194,0.9555799049014587,0.5891641823201803,0.054846114088960916,0.21292942111777405,0.2444637892188013,0.7610521748226942,0.07107259993156426,0.2900863880232104,2
0.5045320105572847,0.03925427802382023,0.14166666681973245,0.8777284651053608,0.5105393883061036,0.740148075603139,0.8864914018818069,1.0051428618807594,0.34095143691994534,0.8697328887965432,1
0.6235845374936869,0.6504674869635948,0.6787769417243825,0.3980443581679114,0.6407203877249846,0.6403575278236817,0.9416816995945232,0.173392058113081,0.19814648366970813,0.25517454659362093,3
0.493772651998776,0.7198999594138619,0.7284496167068878,0.47991027795489893,0.15031553919803808,0.5419103902412802,0.1872902089582586,0.7313328220500734,0.6060792721217764,0.07833831356346029,0
0.32345550599475514,0.3887376998651384,0.9877427969741038,0.6032962222702548,0.43052091457895564,0.7192823857014333,0.19492796915934998,0.7029763294076987,0.9186411753771638,0.39623249661871324,1
0.8499614182070684,0.7291592244984803,0.15748468825611575,0.8238419567494721,0.3734644111912681,0.9276940857368925,0.7210673754684837,0.16147616024647865,0.8399668245177736,0.311893334783933,1
0.576104175215806,0.7990645983927168,0.5013370863025459,0.5820806964452211,-0.08124317410582355,0.5874779383181379,0.5774056410755308,0.6217216547811313,0.7649985020224247,-0.04927634147785409,2
0.48151835928175957,0.3900261323663474,0.32813760984365364,1.0287027473132841,0.0668818917017662,0.25134263825379755,0.5846129038453605,0.548908635005591,0.5552280377705329,0.2723476798736587,2
0.61075491559146,-0.049496968542790246,0.030115049616062428,0.8195137713898156,0.41848332645694064,0.7069782908579794,1.0071742044126102,1.1014313626397607,0.2778182912363069,0.9949576648769247,1
0.8694338003942474,0.699437487294532,0.13704966865272775,0.7868843885638974,0.38002320512502813,0.9661306185942313,0.7201682836246942,0.16825074882231714,0.8213981528605222,0.3108494223131888,1
0.1037785059188461,0.8040076888273198,0.27097450816318347,0.589090684693043,0.9114177127048599,0.5212907264446042,0.9038173295856677,0.6640831943127734,0.6510358578652569,0.14968488646620237,3
1.0054877221987588,0.5798784015805307,0.3826408853643811,0.7477781751321049,0.702468282986777,0.84617645498638,0.7875511217979123,0.04616652167593198,0.7639326076221589,0.8964441177665675,3
0.04112820653283839,0.14327171802217215,0.7624176267490798,0.32661636691314944,0.06257245309269224,0.25957370919174405,0.6208227671205544,0.4158327355643048,0.3198674964052067,0.45826592211967637,1
0.16166463871494663,0.2118554870324988,0.3709428851940594,0.5941017607844777,0.3713833881323955,0.4486150762292605,0.4785543534825327,0.27867161591251793,0.7642214193821406,0.827377740628245,0
0.020145768829586796,0.9674890007364831,0.008803434202991576,0.01922851218034921,0.048839991968889794,0.7212129108490092,0.7412819465265718,0.1499215308475026,0.8768427007364709,0.7308205688925835,3
0.6622750918904597,-0.04442954358507159,0.6948039092996718,0.5293277381723975,0.5458608553565938,-0.0015757057122429141,0.570953609139758,0.6439227261538306,0.04765130075034386,0.6542554080894902,2
0.10448544553063738,0.10336655931661536,0.7590263025718891,0.3245624311029959,0.15093355318778534,0.23975198664720915,0.7121191054359646,0.453913091389317,0.389595467339935,0.5192483048638334,1
0.3260216032193693,0.8574092895667801,0.975053048299524,0.5904071521621342,0.058918813668842517,0.2205772827464728,0.22786547364912815,0.773736533874877,0.10061349105546441,0.27761971334096813,2
0.8885772372303505,0.23212921168238276,0.21797048642895764,0.6037875475460326,0.2999670423152042,0.8808301795020712,0.8339293164685644,0.18532348964826909,0.47824001835948227,0.8945055376641633,2
0.4983149101891403,0.6235990679965806,0.5678714065357346,0.6077555381907798,0.781625098313605,0.8654698347259839,1.0732890429029838,-0.10946052752329499,0.15340528860324515,0.104693666324667,3
0.9854860344526999,0.4341464212977987,1.1115723047764874,0.7712471621273919,0.25402604450350785,0.7640208035394584,0.49915017955327656,1.1845140380580554,-0.14302154010009194,-0.013058528921117918,2
0.4411434474103331,0.6622916547269428,0.7458323213561742,0.5340966988192329,0.2125569501515106,0.5676616393277159,0.17297228473521706,0.756921134779229,0.5479182858741575,0.12627935258334128,0
0.9227420943806185,0.5913403665150224,0.7775776002640844,0.06278647437710108,0.5383111380563208,0.641592560067626,0.3763389366565997,0.2082351336767649,0.813328821599363,0.9781675511938881,3
0.1579699885264968,0.5122634189676962,0.5680149358141763,0.43714506809695997,0.7061680792204165,-0.2221975788533096,0.43589188493528935,0.4292239819334742,1.0128975702262824,0.18252337532634363,2
1.026410075518146,0.06318796509421803,0.46009828363836325,0.09463025561480139,-0.07472491991164115,0.09004967744624803,0.5921829154587614,0.7085423629155044,0.07866583294113454,0.5910074402496873,1
0.9414834928292591,0.5475736589819417,0.7536420753500183,0.07177178062311017,0.5296233380381168,0.5909616075638467,0.38277615193350195,0.19725911628776818,0.8108838567915185,0.9798291515378141,3
0.11565071589226256,0.9929238335029317,0.327468927293974,0.5035985973434765,0.6102678398601413,0.605437231971581,0.9407071328599097,0.6038031969332136,0.6244814901370718,0.9495249842541333,1
0.7213163447833543,0.8156186458585951,0.29356625274548276,0.32064426335891427,0.8328310961705593,0.30107766192515906,0.2536644729552744,0.4852653687672685,0.05854810371490324,0.18914741909937804,2
0.8887041756521278,0.2428465034059218,0.38793173175377427,0.4548662102466867,0.4460789167439944,0.12233309904009076,0.18549346438483116,0.5387005039225551,0.42234112473843033,0.4959048862458074,2
0.04179495493573512,0.24995959591833802,0.7048747089481312,0.015332260980231615,0.06475090532856893,0.25883430112756595,0.12411806012687483,0.8483083571379076,0.4473854375347836,0.2968012836064686,1
0.5624815381119059,0.8535996531406588,0.7463917898277168,0.059481038681025306,0.014659757309965854,1.0775647105423098,1.1209637139674995,0.6260269745568848,0.4946601697356221,0.6118303743345186,1
0.4303259015463653,0.4955575201345015,0.8997107271374114,0.6202830791640993,0.4544163770604678,0.761185646264386,0.5237093587081156,0.3076194069259007,0.5979169856598423,0.1769588482854762,1
0.5496399455829339,0.3810917580720122,0.6229248427365544,0.8460955281312129,0.5097015386782686,0.34939967289472607,0.28693346635050687,-0.10464066069462874,1.0131494702133756,0.008664944591519314,2
0.8570137317867431,0.4933860308688365,0.3858550011298586,0.7194568999889333,0.8287241676917598,0.70044159805957,0.717300058214374,0.028912141104143557,0.8329183936085488,0.894454825228561,3
0.3808862903583723,0.6591941324073036,0.803635124518993,0.585857859473788,0.20616954742844298,0.7400665443773966,0.10646902759341738,0.6807256808491604,0.7522017969816792,0.40342039494585147,1
0.9684215622765251,0.3642790141571539,0.6082047218624568,0.012863221233100519,0.8595675323100477,0.7710242742077748,0.8171608262171213,0.5594564601822212,0.11109905557252547,0.12889225166433751,2
0.09736776113930237,0.5839091114082033,0.4589271435982557,0.039644245806782163,0.9395484396120878,0.7623590454401142,0.5317559761859764,0.4910540045103491,0.4003830157148638,0.09093834899809845,3
0.8352016455529049,0.9647056109725842,0.04821791415839912,0.8598816077943242,0.649898808860248,1.041843148796666,0.6354591086530895,0.5747469297011238,-0.016643601806666297,0.24511202382188324,1
0.5837549793630927,0.8283845672422845,0.3161472384343109,0.6808974485981735,-0.03637101573030224,1.0297900205562052,0.3032522604849887,0.21878147245594917,0.27546792139209975,0.7705307668041764,3
0.9389840783875071,0.5425456523581559,0.22957959313054216,0.8105853143061973,0.26440523415283534,0.7855749598842433,0.8764851260556121,0.4614797355003722,0.9340087127020329,0.22784346187338458,2
0.6299062186136064,0.22820814375092624,0.24339904306143487,0.25003780298105116,0.6283553523497281,0.04020299411629872,0.5895828307086239,0.765499427692172,0.6037525792664791,0.6371572383267718,1
0.9920994723027707,0.6471719727068702,0.3103204250146394,0.9625997695730577,0.39710741317309767,0.7067801359675076,0.753903535012472,0.4056128661948487,0.9589854322147191,0.28423662564396107,2
0.13454799889891328,0.9692996164271273,0.05045833599565101,0.569700811342007,0.9558903642246994,0.7980110401644352,0.6185058517333716,0.5635519358534952,0.4475099725995889,0.5259726637464136,2
-0.0004011402068289441,0.35683284127224635,0.5482263150202242,0.5327063710214672,0.3349964677971387,0.9363481532351379,0.44158671000767596,1.225376253854026,0.24925864771095202,0.37669772473668917,0
0.01207572948140434,0.2390329815291705,0.21057914704989297,0.629193244052191,0.6862755443734447,0.7032252443264169,0.6315164608832442,0.29837382234058146,0.9292214024872225,0.7042209448484245,0
1.0825776930001239,0.48894716863403825,-0.004419471830775568,0.9448775683319196,0.24164615981423088,0.9479474751819909,0.8467826136060075,0.3489179547313226,0.6553008965086982,0.4530446380828135,1
0.9476724805301168,0.5609245763921112,0.11924087139736547,0.6070848405978717,0.09303431771105744,0.4628586885887532,1.0209360216827514,0.6227938692100761,0.7526597068845075,0.3692855989828433,2
0.0021752698953236976,0.7863960848924059,0.3745367304992323,0.49495099397195624,0.4225043891338691,0.8094802238556726,0.7989281595657702,0.5647444732232461,0.3959815430304969,1.0205323866449447,1
0.03892717667605561,0.22741339536406627,0.703453101253765,0.02145658195985624,0.04489969307296195,0.2724858051125798,0.131616189430229,0.8757149491559859,0.46007961180764617,0.29692528861647904,1
-0.10267950244452767,0.3360054916976071,-0.16656133995420552,0.8865910184201904,0.6795861256863565,0.642208351462265,0.9485833803794752,0.5908123637078206,0.3416291697821975,0.7197643759004418,1
0.6121901145999029,0.7890172935732647,0.31761836188974657,0.23126644870679733,0.7570752713644029,0.39029698336528856,0.19274976647992542,0.4433556342461975,0.07416475945315715,0.3312383193673914,2
1.199829159415201,-0.22480009080976732,0.6800805431952205,1.0026032509049743,0.34896406165039184,0.48320112256154674,0.7075249465340616,0.30536653410740905,0.1212304161298384,0.24501579405649138,2
0.07627373735495127,0.10613929765031738,0.7499086783177564,0.28742884407308483,0.08578829931783974,0.255754349614359,0.6616480290720732,0.38013664850387013,0.3014959747726559,0.4469982889239158,1
-0.6199140761317189,0.4783447976369066,0.7711864301105577,0.6397060270806304,0.1103225828092787,0.9301653252996862,0.36049297025850446,0.430299015573887,1.170317050666039,0.3974185979786909,0
0.09276520255050585,0.08562267362709647,0.36370659736700245,0.6256841267993611,0.4689081033349005,0.5904260350776335,0.6141900358280957,0.317955977248518,0.9925634990029562,0.8413264967783352,0
0.03545253367988699,0.22998525131178302,0.6979758275596093,0.01519082135209275,0.03944248222011736,0.28727087503499454,0.13149361401539597,0.862256068321233,0.47054110182901177,0.30418152136956833,1
0.6610466205920541,0.93466899309015,0.217228718328416,0.09019558247497501,0.8431981480085036,-0.03189617786191164,0.31924456427327275,0.36288573274460034,0.5722671828613283,0.011499034544289854,2
0.8451795392297055,0.07846791785319604,0.6480203404917199,0.8695266795790894,0.5672600733880616,0.5039158835286798,0.5278793904197575,0.25894328300807373,0.07684334383086834,0.510826870237975,2
0.7114278550765948,0.20485356026577514,0.5562027112376497,0.1631940175363277,0.7892698699692209,0.6477036879883824,0.42494777649897175,0.1395482465883462,0.0382120773819893,0.43610699916090667,2
0.5589835008209706,0.28754273380990425,0.2661970724362432,0.22358387741999033,0.5657666484358672,-0.049759926504619606,0.5739858024341954,0.7933535999552139,0.5444863468774944,0.5792607760489247,1
0.25811068330821085,0.9587628670731612,0.44949781312578974,0.4136660647713338,0.7040114640999278,0.7210631766522856,0.8470233138050794,0.5381966855048519,0.64456009747574,0.8208548356282802,1
0.4283899883008775,0.06772215658720901,0.2944144854057376,1.0097870546507086,0.4851410203311358,0.8836324036570572,0.91112434294243,0.8274300113846452,0.29530038760929433,0.9212073893092396,1
0.6367228514855885,0.49776292154802965,0.8027431492634256,0.35935994024725637,0.6236135071409987,0.6524844440976606,0.6586288854424759,0.25395741622784873,0.014086487247019455,0.3239953628618581,2
-0.04470406994838222,0.5467737473549618,0.3760767012807359,-0.10471586758213405,0.9406593981093959,0.6877408521138407,0.5326706239208633,0.49975080094961255,0.46367001199949115,0.09013542653652738,3
0.8710852540831436,0.6932879678180468,0.13098394281408976,0.7987311359756661,0.37980377512724695,0.9548460008082043,0.7197675811319787,0.15269610089227018,0.8195527694923155,0.3035496081843763,1
-0.12455892395817836,-0.32303260450726445,-0.012939490133269865,0.9780926671693655,0.051675134974604964,-0.05318921215669703,1.2702784273839405,0.8822125796397308,0.08488367480826642,1.167478238149382,1
0.08891222226484889,0.7463108664894652,0.2422792349610221,0.5350352834476769,0.940556388682568,0.5915390074254409,0.9095276702570152,0.6804583679316341,0.6132170205520036,0.10930572943813426,3
1.0660053035283046,0.2501256961172931,0.4809696491605727,0.3229520799566001,1.267314848581743,0.3129228681748507,0.25890846145679947,0.3552619375659257,0.1311795278123164,-0.08678676655174927,2
0.703527249368885,0.6106204020611646,0.8671856468159738,0.41707026895380706,0.619834769712461,0.7081519288401988,0.9683744581102991,-0.0285984204051844,0.22066640852560968,0.3956404957845739,3
0.031094682140842694,0.23548550950549338,0.6989613716061497,0.016836774191094517,0.043134011216437694,0.279832848048504,0.12924676154060366,0.868266254424789,0.4641322206916147,0.2961739072921857,1
1.036290856155995,1.2995127869253806,0.49570721549416064,0.27056627019237706,0.7362627225372088,0.305506243297942,0.5659403679254777,1.083727645258655,0.3077172912153715,0.07432563497636555,0
0.6845687384414972,0.9851238806909371,0.2095890568280443,0.0830342343043367,0.6928843222808329,0.14205910043663741,0.27825488694236267,0.442712249944017,0.5018740509729933,0.012389799869534833,2
-0.0053763962709668656,0.9935482338810047,0.2856668144148554,0.5183919774071386,0.5861309649632389,0.860245932627466,1.0551391380623465,0.6798469672121239,0.6032172731648779,0.8431835211288297,1
0.8039844417911319,0.3850266080362424,0.7747983460500202,0.41299494482965726,0.7675653002431155,0.5191081999164782,0.7046120024569075,0.4036150987836078,0.19745847704679648,0.32169583589223416,2
0.05715040934098607,0.05789272934203214,0.6851004777905481,0.3410085229508823,0.011655672803362271,0.2437084249876683,0.6414657717736435,0.4418876941602802,0.30987930399238056,0.5499347985999536,1
0.3208053955476626,0.41304358732956653,0.3309019014331013,0.7196055157848391,0.14614750691608439,0.3878100884156971,0.4941020198505809,0.08181689265592015,0.9565292542508306,0.1708065939846342,2
0.1781335439401922,0.14913465390208763,0.30595854249115156,0.8007123850229807,0.541839925773103,0.7546011668203427,0.7239746062565545,0.44712719102229526,0.7561260235882152,0.37925819310407,1
0.07607623627564945,0.8192770943010015,0.2737646436736394,0.5163222664988795,0.892350263175049,0.5574272114260094,0.9009316217391977,0.6549773782813344,0.6101062310342913,0.04718560699995873,3
0.8610491662822396,0.5439229933753189,0.29886922489971274,0.7240902178469502,0.7699111420966093,0.7586918151608938,0.6676770826289719,0.11200469237349818,0.7564596597925197,0.9186071624568118,3
0.7479612288759304,0.1785355583135834,0.7588598142381752,0.3734792858596193,0.5621485540408988,0.34385708994025255,0.1180909479466278,0.4874456525184185,0.2577769244360789,0.6712879802603403,2
0.5130128642016071,0.5118075383726488,0.8545806165731681,0.8204952458024378,0.4637765207358642,0.8122601303817899,0.4514065547420674,0.30012051943977713,0.6862528754128203,0.14639462998459535,1
1.162576041035788,-0.10952085744373785,0.6852544673369642,0.1864853223184389,-0.2847095129312382,-0.16879558131029032,0.1878948054594759,0.6229865065288462,0.10202029823611435,0.8340967707248408,1
1.1722566477816887,0.6269059753219824,0.07009682108294649,0.6536224343683349,0.10504315648283827,0.4976779842808906,0.6623334897335377,0.3918329516845648,1.1208038610963953,0.5238714931834368,2
0.6429915247913248,0.6612184286652961,0.7838982727449758,0.9512065402706696,0.345345786935792,1.0338200445628865,0.3398321332817367,0.33903609599326845,0.6062188556399906,-0.058459682439530036,1
0.5119394812901373,0.4350001134046264,0.4096801896543808,0.8842713947954047,0.19890243212241737,0.5556839233042323,0.5522585293131997,0.7890401467320678,0.8463614145715351,0.02038094252346273,2
0.15255025747598233,0.39192164973096677,0.24878209655601857,0.12817700942621757,0.4635935031561488,0.35540002843884017,0.17266200941102383,0.3005301619990116,0.9093692208253352,0.7754807525830937,2
0.8089850038954036,0.946953881940113,0.002103042518002321,0.7401160013042245,0.781436587792385,0.9209319579627995,0.6208981073676563,0.4965682854974822,0.003631695038731071,0.16081517404310663,1
0.7257483854590614,0.34663417661120144,0.6679186837697237,0.3764290044094518,0.7396287635411859,0.5500274633248341,0.5823666738539699,0.36945692313601886,0.17455349129486408,0.2851773452368405,2
0.7011861052946124,0.35300161307231565,0.6792138307353448,0.3055617661606933,0.7321483666845818,0.5870398712957635,0.6823528408144007,0.331788499949351,0.11425648931353488,0.194337900203739,2
0.4163549449842152,0.36956644827723806,-0.10016079671186817,0.23938105106740962,0.9146941430041637,0.2171870957909626,0.5127565155983874,0.6077450725308959,0.4823500467790146,0.5710946773469018,1
0.3533773511509205,0.7069188960272341,0.6644542501058961,0.5077746215426076,0.25445183254677084,0.5539382086024555,0.07807584617673143,0.8302200267776116,0.47217174140248264,0.10826701810627087,0
0.9391334103946498,0.5850495187738848,0.7430149411367217,0.10375038744199692,0.5475047045212647,0.6179422630756469,0.4004875226970042,0.18239009146307,0.8141918583693925,0.9444067100754657,3
0.06497009247904889,0.10138393936933905,0.7552743191187072,0.32423605923739107,0.05689496454553682,0.25552529264566937,0.6589769712537346,0.4269149911835614,0.31240553074203853,0.4757653638324943,1
0.7745756334199245,0.4265035452989389,0.6686391213969509,0.33495701570243847,0.6742711275632466,0.5941110778761726,0.672580585062359,0.36368628533610514,0.11729406533546821,0.2262131844459186,2
0.8863976262427309,0.5790541252910404,0.34036096793482384,0.7188941752587632,0.7932922886323441,0.7272839833029229,0.7100701385957892,0.09906275747203482,0.7484641835989088,0.9491161291174517,3
0.7225156284003911,1.0067958037779103,0.21117955765989926,-0.02047028131191081,0.8620411166701766,0.25000552840402224,0.3142269598061824,0.49112206154279026,0.48684797359419263,-0.1434478822350875,2
0.017676477601085455,0.3757801121606634,0.3772216425632369,0.10757772782550894,0.3404012027114333,0.24102079861243014,0.15594066666742318,0.3429006351781102,0.9261949305542599,0.8456340674513495,2
0.7670584480242599,0.13272890181963493,0.5390993174032397,0.528726446086929,0.46199935041204415,0.10842552896835117,0.31824102319038716,0.737114344652312,0.39389922775865266,0.5037107850532164,2
0.27159180188579896,0.5066951740664186,1.0284689506145286,0.0071048126449143045,0.7106346735920188,0.242403913272938,0.4108740235247854,0.926069656050612,0.36982460279106333,1.098473386470322,0
0.8867820577901364,0.5731408468080433,0.3231562290330339,0.7273722581327672,0.7912196926992312,0.730942130407786,0.6641369380045181,0.09925736658694222,0.7656036850049548,0.9218438172648803,3
0.41328376744576967,0.35635230508506605,1.1163829332347952,0.6694431592913542,0.4336207425175159,0.753967609589504,0.31146859927526577,0.8554656049802909,0.8816184779299973,0.4014512941031157,1
0.4593835294858453,0.08606121431561538,0.11697558126580698,0.8916876170390554,0.4844282582047183,0.7214206692270864,0.9537808767407001,0.956141766530867,0.3834152600481529,0.8704269051416091,1
0.8572041855678517,0.3896087072626938,0.3335146274084843,1.0747782054598833,0.5160580082304554,0.4439487563979879,0.22594517043633547,0.6128807416704714,0.45067697481720503,0.09427383782395883,2
0.5131073762631972,0.12068796627505173,-0.2652242394613395,1.2096663478485827,0.4686620860392292,1.099506843110458,0.7382636469269215,0.7287015469494544,0.3915443127377281,0.5301938223545499,1
0.05884755385724203,0.8202613573485079,0.3969133458261842,0.4958374732905669,0.5323816444087899,0.7583538602840946,0.9260150234678587,0.5573803564994404,0.513271806155727,0.9602578447324702,1
0.5685685142340989,0.791274750615176,0.42600837486374526,0.4898893224775857,0.1788365287388419,0.9781864144835457,0.14280943776017394,0.26983453987407735,0.13542766120584784,0.6031991280358205,3
0.4276586491321211,0.43906833341718005,0.8185967531772095,0.6706434571150248,0.9014645166237534,0.35868105738490597,0.8800258697628918,0.7760465841391346,0.540195567230514,0.4457564329180252,0
0.761194339817916,0.5115145373063466,0.9679088993487173,0.39024019568880863,-0.22992117397660577,0.5353137814955617,0.9629054933687762,0.7737845422531262,0.5872894212937076,0.9764858063026162,1
0.9781983368158604,0.6079849967785882,0.26687016098613414,0.7037210131181006,0.7300792855216449,0.6972248093016717,0.6335823448583189,0.20690988308739908,0.8414263253537603,0.9690515368833782,3
0.60330190945921,0.028674831756979186,0.32822779672504354,0.2859664777021851,0.3816091173594697,0.15498244277216983,-0.014581093231145148,0.5421959190363117,0.10277443913127843,0.296357106723006,2
-0.037529873640983535,0.3406073361107831,0.4315701885392652,-0.1553316413400362,1.1613395493084009,0.9410494308034073,0.37850890423796896,0.6134082161603414,0.5830755462514006,-0.05533572944074233,3
-0.45258589281876904,-0.2343978609702837,1.4128022142013519,-0.1367357501789794,2.0241763856657498,-0.43952732300161124,0.902533893576347,0.5526172090956758,0.18464706519861912,0.21874876593989925,2
0.6294426923693355,0.7991998315164388,0.15461817559583843,0.20024963825185776,0.6737091988529424,-0.02865661869711629,0.13003012682394818,0.4454808228708537,0.7201853572414288,0.1134833458766309,2
0.29559415870005795,0.5219763126662571,0.9125729665218903,0.3219288471476673,0.3083022536046089,-0.009977958201452482,0.3778295862623806,0.9581309937926745,0.808407250698569,1.1087507793055829,1
0.5793327719392933,0.81520636200456,0.015502134657526673,0.05338201444970214,0.4913790657444357,0.32646985030868575,0.20759109923295832,0.44763518360908966,0.12435444128067463,1.004557928813823,1
0.07729237305092876,0.6446678579443206,0.14316070479959492,0.0023494660520416294,1.1445694813047846,0.8620225740392841,0.7934462638154534,0.9753548552886584,0.8741954323809766,0.3970095306686693,3
0.5088589537250818,0.4105973810314758,1.0237333273008966,0.5893380896837196,0.5736990301639576,0.5921641906045412,0.28944205081574426,0.6098170926491151,0.8014041547650284,0.5531205139369271,1
0.2976476889118595,0.6592184854430032,0.9473653959365321,0.10732858732742764,0.6009892598838463,0.3842576882485282,0.4701312603276416,0.8424725134099795,0.29816090054816735,0.9229830327891746,0
1.3596286707470395,1.0559519011988863,-0.2522870634294532,1.2128810794735658,0.46133475106594524,0.7605762453708611,0.2015107996305514,-0.2215964749850452,0.6369787541079126,0.6243267807047043,2
0.5113164346555057,0.5278920902616513,0.39547618764495396,0.06921473545194848,0.6166532266080302,0.038162273576385124,0.46008237228904286,0.8853677315064853,0.7171415555590752,0.9244557435722293,1
-0.020600090726735965,-0.7607379772853241,1.4342429169505877,1.0884187969118098,0.6477680596140274,-0.08596006972119785,0.18495879604462023,0.023229081142983388,1.2337890408996568,-0.1912743457672441,2
0.7524164716870582,0.3937082040375853,0.870262715447962,0.7203942441494161,0.5387786841491425,0.6102032709526253,0.05957316978257644,0.6823924491875267,0.8528831631214333,0.4200609543855359,3
0.921475622280278,0.4289440963056594,0.4584472647850699,0.43594422251860204,-0.10446306885715839,1.2127137065452496,0.20496411796140368,0.452408114980966,0.2233742128830361,0.3783498985256652,3
0.6714805792174453,0.7342143145816364,0.26441175090703184,0.0765036186861488,0.8434072014105927,0.24815681859035568,0.42903017401023813,0.5017271092036923,0.5200227391254146,0.15028087112682506,2
0.6644725199718149,0.15548466663884558,0.8271227502783222,0.6072609589051963,0.4273544165233659,0.5184604322174619,0.44828511213237243,0.31410063620529616,0.2109996585985781,0.6359343445797405,2
0.3237547595320196,0.8714157149622457,0.976700586280755,0.5918648599140397,0.04879892244023793,0.2391972393026853,0.2263626348426532,0.7744779595456268,0.08687680662778854,0.2876982914818319,2
0.06173426238413103,0.8478313047383318,0.425068357965221,0.44024057517788867,0.5470050712733819,0.7100719655415724,0.9451634431196031,0.5733447875642461,0.47777102124373255,0.9567381573936897,1
0.6560030347770758,0.8111053626690624,0.24964903155925106,0.27108973424426286,0.7376764637931115,0.4490567745285136,0.11472921847069814,0.4094436912676887,0.05069867612102535,0.25161031046404125,2
0.007071692807369183,0.7606799506331207,0.2854979514774628,0.5250895197698492,0.9385070987655129,0.6247566868490831,0.9125640217387788,0.6259500890278834,0.657926598561356,0.08731978487864059,3
-0.37147914826796324,-0.2490767226079218,-0.5194736643649347,0.32472296774616644,0.16183431027414727,1.054371399010725,0.04184712580175953,0.3871799436096898,-0.027622607238798114,0.24550121409956843,0
0.4607930163875325,0.47194223941231145,0.08644714632854952,1.267843983955381,0.3641492811072653,0.5715454445404359,0.5974774799967371,0.628453929424404,0.6560467359268829,-0.08564012304709528,2
0.5198081341466199,0.6788907865901547,1.1245429173103048,0.9316009036218288,0.076741799517129,1.3071271820160122,0.4289679464968594,-0.005358582907159903,0.435835945076652,-0.19625538338802562,1
0.8072307338212348,0.42513373797302745,0.11794934833808216,1.0310946892314279,0.7387686560983429,0.1422233143439052,0.19766059002140865,0.9980223738504794,-0.007070725907713904,0.179722336515501,0
0.6690399331948305,0.22290280761070258,0.23718123414902648,0.18235773854189774,0.6999572093799763,0.10952116221124923,0.5167634956428436,0.7902539054714428,0.50962151753442,0.720369144653509,1
0.8017640460936858,0.498589104725954,0.27156081624834405,0.8079874714616659,0.7691075521272821,0.7124700829930302,0.7439109054152986,0.0981759737045109,0.7762208586411293,0.9939533213875251,3
0.5803541630717872,0.8713739703996657,0.1676200275734929,0.10871684884680761,0.7808134855575298,0.05898651801520239,0.25808923930382105,0.3749320815387594,0.5876343024267423,0.010597815302736766,2
0.4362492158224245,0.5250262738618231,0.051243770810484285,0.7153547626937071,-0.06020280387884652,0.304900487534701,0.3422907886743014,0.23270677212938773,0.9619883051898829,-0.04146041153697544,2
0.7190697120059629,0.7071025170583551,0.17120139725557507,0.32007499291360053,0.6685210928488076,0.47436309790143555,0.06310722554708623,0.4327295533799269,0.06990426071349962,0.2513782459668211,2
0.28463311863415874,1.2090928999821822,0.1511665418416877,0.3532848367826035,0.6314817063516711,0.9212086120684941,-0.06182867367551925,-0.1464726860022243,0.3390755404301564,0.5698738475222098,3
0.807018931267282,0.2568062670176715,0.15745557202652927,0.9180829773869402,0.3109503429370216,0.4956618019315298,0.8587596884163775,0.2352067634593556,0.7632269356108488,0.06090764545850075,2
0.8337628709389299,0.47144653358441124,0.35346629268675533,0.6778076799535754,0.8286694659356966,0.7107454439915419,0.7897400994339449,0.19335072418181184,0.6589875912155236,1.0037916547077952,3
0.09233175590208913,0.7369993329429934,0.27543359440126647,0.5951606314290213,0.9972895608574128,0.6726842752181019,0.9970180825894488,0.5999243496149264,0.6212321983289342,0.13321941000892182,3
0.4864320755677261,0.07765288150145803,0.1327387533801149,0.8831310748892531,0.5444303393129439,0.7162579455261752,0.8979992021408074,0.9964216921670852,0.3531189200869676,0.8660013186747326,1
0.6166296193380639,0.8401672224059057,0.13999089614154894,0.1438871223555486,0.7530889219556967,0.09042109828960529,0.23346341053358294,0.3406478642142434,0.5579303581703213,-0.004309675514290814,2
0.7469336974730498,0.5364369073704308,0.4199467076707625,0.6578283748805495,0.8279261012045792,0.7753512332549404,0.5465007759554673,0.1500158191295485,0.7851280426523093,0.856462891991051,3
0.3340788959739162,0.895052852876881,0.9852175818712697,0.5987422170104173,0.03408002939778859,0.22429530594279265,0.2163118789986216,0.7466540918274258,0.11903293553397994,0.29265118746136076,2
0.6519029212499611,0.8092362203509548,0.2820882101803021,0.27389424392590345,0.8141191624760239,0.46133734091831347,0.10938448080105885,0.4072747614649558,-0.008857738371693395,0.24940621481404035,2
0.6197173649946297,0.5234867228721718,0.9045091632991815,0.44208699072040053,0.3934024327079021,0.67702971170489,-0.02201212946551684,0.851936856064378,0.5746133282301114,0.16368734452901001,0
0.3826480089806989,0.20092231541756492,0.5252197392630586,0.907579508036416,0.49912666769743097,0.5909885035643074,0.23374113415896908,0.25556326386555644,0.5303402161081711,0.77795737762941,2
0.1371388620560832,0.8182801519175804,0.20828606388430246,0.5274603763349485,1.041121565550812,0.6018223392632508,0.898030553566274,0.619665542919931,0.6942448794117455,0.10878406095277862,3
0.2115632093710261,0.010041584029885316,0.0928717606578339,0.03719291061709287,0.7428971112313701,0.27617162675813406,0.47117455520870555,0.46203235781922875,0.21946018613321433,0.1608208295052194,2
1.0964911424945523,0.22435261865777906,0.058491384222610354,0.15865891112080163,0.21012709014318098,0.3538943516223584,1.2207303330609562,0.1051952565254892,0.710769270916386,0.7095097697962355,2
1.3901545443563357,0.5285038969463601,0.2370644762111655,0.6346373153415757,-0.13430966535722583,0.7772538284230526,1.5157983788028677,0.516126029706472,0.7205007921553757,0.29933184431163223,1
0.19113885737396763,-0.04489845778303634,0.03755329229272842,0.04007011063734327,0.7659290464146852,0.2197768455648898,0.38458150249748874,0.3902515686739112,0.21961428389174334,0.22722462089737644,2
0.7969604640491269,0.8436228955957455,0.10042851091799004,0.9019197068452248,0.7008061122322775,0.920863788491884,0.631450452682691,0.6029830987751789,0.046166652099179466,0.29695847954379506,1
0.5676135528471742,0.9147567550121318,0.01682845359454146,0.05424572685651432,0.3318630393798318,0.33944399668420305,0.13614709070144657,0.4310774891570398,0.10276264949788622,0.9567455465587535,1
0.9339944345776674,0.5700583482138011,0.7554289831973112,0.07597670641999814,0.5318214552158559,0.6182273768110566,0.38217483608947345,0.19772132992653235,0.8216458188964584,0.979676054198145,3
1.046209173183681,0.6633699489374231,0.0018779082578813944,0.9354216700002396,0.1509767213773136,1.0025070581177309,0.8332434575815229,-0.0030067710121181868,0.8597630377278049,0.39702801606119165,1
0.7761996303374448,0.11348826156512509,0.8214348583150836,0.3614164351708776,0.4231061346101513,0.8246899062755122,0.7035521452910484,0.5763870494265191,-0.1473263227579682,0.12378087143095029,2
0.9337741415831952,0.3305449157431808,0.9697034391831233,0.7604487833781204,0.8311246330186699,0.7185022778663783,0.4254408006908177,0.6234325025176713,-0.2347579938770729,0.7634099767387948,2
0.5771001233611823,0.24104114689154188,1.3394791319292354,1.0681483603578792,0.16976373046590204,0.7949793874431267,0.661826961265698,0.9684371439621573,0.4786871206701256,-0.013584550568665477,0
0.9945405912468213,0.09418875474547915,0.465545788305727,0.042651180838749275,0.027312127168477106,0.22037299899634172,0.41537632651428963,0.6442654898368336,0.14784439213767148,0.4773084664843393,1
0.7380079662011266,0.4132089243317122,0.7594438763308732,0.3036955164739883,0.7189033081438588,0.5797425292219776,0.6508451045900484,0.36857207193143665,0.0981488504089887,0.1618964414857043,2
-0.020849986070929055,0.12619019470925685,0.2577442810268257,-0.13429480826733023,0.7271636458890673,0.42788598322430726,0.656127318054435,0.41101992353460576,0.33638050282578374,0.06628615930793894,2
0.29646640756117515,0.9173296584568998,0.12634688524735416,0.5454757608838986,0.608352100313448,0.754796822147657,0.9197821845122031,0.17321268433041612,0.6602559042211981,0.7433625410882274,2
0.6308294458495773,0.8440355547853078,0.16514567129726926,0.2391473780270907,0.7226546952367288,-0.04778249505257538,0.3472086400051573,0.40758415529277925,0.642758686949672,0.07977049811915288,2
0.7013859006349057,0.11196884328517186,0.13161305047451188,0.2252110226991939,0.7847322121335725,-0.03985051348508094,0.5774643765821368,0.8841856792657111,0.5870366729994017,0.5314121690153432,1
0.2737009709756508,0.8682097370961497,0.4962935032773203,0.714960712546334,0.06025860132316846,0.658800273084087,0.1360799839773642,0.5226946444796385,0.28065737947108793,0.34468604638216793,0
0.5734415493785368,0.8922672413229297,0.15307981542148694,0.1343593716237673,0.7458901384091808,0.0472969956552407,0.2471496338858109,0.3987296264761716,0.59090813897071,0.010216645761828434,2
0.46508620688588215,0.6268675781087741,0.7710165122866989,0.5339009062524205,0.20429704991520609,0.5442813108978414,0.15597497668137952,0.7776387602186108,0.5256078651036067,0.10614041673619598,0
0.5679167713008945,0.28486780945869883,0.16771391010530556,1.0577892711023724,0.23908062258066343,0.40070375387186746,0.5149282343839942,0.6105569823899273,0.6640258714592661,0.23141660379596948,2
0.5641155150920231,0.6648495897703522,0.7449716931954812,0.5426853513693188,0.1567833428450602,0.7265319524960647,0.28595715686678247,0.9125857211355664,0.8494832677637891,0.16822562886141118,1
-0.1660033964933827,0.2838731823446219,0.2540604911567728,0.45464622389542525,0.6803779171934401,0.965802741265131,0.5885427955819975,0.4910385600266869,0.43280075887486136,0.2705513146303833,1
0.3546686618897628,0.536871541598981,0.12435164373918686,0.3546234118343746,-0.03928313453246765,1.1467512716392052,0.6485903546347087,0.1631798331744378,1.3193735182875528,0.7974372806260596,3
0.6714792154832647,0.7872589195609594,0.7574401392373209,0.2564811260911831,0.8263839202176394,0.7586923546762687,0.7729325245591933,0.21189957997762146,0.3034150824043502,0.4646945018549302,3
0.6197285469865759,0.887681090602861,-0.01825762222299578,0.085092860947982,0.3565943709209019,0.32298158710828656,0.1679684532164921,0.5023844158646843,0.17802487720638646,0.9497265161021342,1
0.5812695354186121,0.745742559456468,0.3277759184310823,0.2987630657123246,0.8270829048545261,0.3318615461682421,0.13090146282330972,0.47545447453103173,0.11854908254247387,0.2215475203404007,2
0.7581262145188327,0.04832637863116873,1.2302147440555795,0.9216079882683876,0.6869560092127587,1.1242089196795426,0.767415358399699,0.15811159230572314,0.9327547013298467,0.22419125023133057,1
0.30289025699788097,0.42089834559638944,0.9993737573241009,0.6185165396589518,0.3887507316731348,0.7225882334021508,0.18042435446297142,0.6719105448890001,0.9303300955810195,0.4370014573858041,1
0.10687040715937446,1.117935708027053,0.2636377673475551,0.3461584301704088,0.7500796065112276,0.649738303915046,1.070179173476369,0.13381642620154782,0.612004527185197,0.778013275149021,2
0.31265980161958096,0.11233023373098629,0.5176930350835921,0.770518871420435,0.6092525400369234,0.728149455517504,0.2532365776931482,0.2478672493610068,0.5640282239306563,0.93725677581188,2
-0.44102188805707365,0.40262381046401213,0.049965700211591364,0.25847273724517666,1.2973759388086976,0.47042522106331486,0.17204583414251196,0.04987472282019373,0.45990673654788383,-0.4520647512692847,2
0.9770347615971163,0.22010631987124654,0.34251743068949253,0.74545620923251,0.6742478759713457,0.3953837613383159,0.021346305093027984,0.43926532479182934,0.41401056652968843,0.31195948559431796,2
0.4439886809966879,0.842457657023305,0.2406167006546755,0.5731219503589982,0.800885587590556,0.05848448891368599,0.09315390294280862,0.13724825713067743,0.48968422508555914,0.83268833738225,1
0.29752594184100534,0.292465416387259,0.9231512162310782,0.8066623329949428,0.2557081422591403,0.315641643569019,0.7152354946541626,0.9766822058927636,0.5458800787313544,0.621331800384952,0
0.2550458894556259,0.5648345558467175,-0.09005644510990375,0.07205235628876419,0.07903589013678519,0.8185328086346031,0.8242764300046552,0.29324901866199016,1.01544042100592,0.8195084361272724,3
0.4696814259020957,0.7444600507681123,0.381427478451665,0.591567467716124,0.024709722271815893,1.1241401560592483,0.16092766934662378,0.1937974020564388,0.18607316616380856,0.6352811222331867,3
0.2642155155595492,0.614442197608555,0.0688942258286912,1.1526221824311107,0.2716955096072363,0.0704984274543618,0.14528601041543737,0.9850677236809458,0.9548379074752715,0.20075612921654193,2
0.4043608037971828,0.2580287020180375,0.3477776602620328,0.1606184980274206,0.1264398046697394,0.9811216378955178,0.9990791056370623,0.5515097366827793,1.104247010105509,1.1302005081865987,3
0.619731426764928,0.2074239573749131,0.8212982349685831,-0.01264967274667328,0.6727144825956242,0.9561201286047536,0.5953474802865322,0.5046886453108049,-0.006272090071945,-0.08222005144775424,2
0.6248320411181897,0.8220055243804019,0.560117281273453,0.6104915697292391,0.18535892156490125,0.8625303253612424,0.11955912504396758,0.30313149761376895,0.027322121239697267,0.5955267574244928,3
0.6462199800651756,0.8906702355247132,0.03932681335565353,0.08748943372121998,0.39565609508305377,0.3156449471409877,0.1526905054575563,0.44270273613025296,0.15134177225882572,0.9615296541226398,1
0.1450317090763258,0.19027691032326402,0.6341482523278577,0.3491348433353133,0.6538089803890711,0.2899903614204795,0.814506532174176,0.9548661846331427,0.2121910578330496,0.3402393393733532,0
0.17401207691117204,0.030419115634537374,0.10715385723898083,0.030451394422871533,0.7089397433449821,0.2717827549769299,0.4323424197075164,0.44752027246690246,0.24530957688363916,0.15440256415683865,2
0.23200450666878208,-0.1704874650084911,0.5876978399320881,0.9389049287762179,0.7570537734122813,0.3644790792005425,0.883687118377465,0.1504251497659539,0.9287489775109007,1.095727569731851,0
0.3178400314150659,0.8348061522523419,0.8426449020455672,0.1436079105339113,0.9019621292535626,0.3549828512788078,0.7462225885251156,0.722528602547988,0.48249772900497045,0.8032129469803847,1
0.5355995326321984,0.24860514909828954,0.15917855962977806,0.3357974255660698,0.1924734495061817,0.24386582901370948,0.3707195293982204,0.12081056844967077,0.9166099496545446,0.9686860065765069,2
1.0757064457954926,0.9486898240019778,0.22522168705187046,0.18244198269253786,0.753317206119804,0.8477781349034935,0.7797253471356415,0.13193375763023626,0.24755254507615104,0.9478485662318525,3
1.0825241359055118,0.5853516379084397,0.28690514149007024,0.8360870339106821,0.4402862153926469,0.7149927855868745,0.9048753067468134,0.333696288685341,0.9592430030250718,0.29928928306306257,2
0.2611920955276789,0.0337782948923645,0.8345145840057614,-0.5448187989479687,0.0002509206149388099,0.6544277130585996,0.6170762446002654,0.2344495961718236,1.1809843497168608,0.05785898541231338,3
0.03081821326143076,0.23627418184715698,0.6994404307288614,0.018215740237075374,0.04254406831172078,0.279059508138826,0.13033669397541295,0.8682311918298402,0.46452240876658435,0.2958589213523259,1
0.3354694947968795,0.25074299997358873,0.11028320927814979,1.048907375057261,0.6569571330870088,0.6489786492257209,0.7021717743214159,0.9545967477165456,0.14641219325240404,1.1071005015166162,1
0.650098717889448,0.9355422954305294,0.12769390441673492,0.06019321243783375,0.7603109398604968,0.03709848439492737,0.23571756759974505,0.38930642985791264,0.5389599232365061,0.06213680020414186,2
1.108636949607162,0.2113744895945197,0.32850213059282934,0.264821683095373,-0.3548666817745953,-0.11528817707394873,0.5958425590515853,0.6415161905909157,0.2827344880512421,0.7847668497531388,1
0.9727830947561985,0.0904119944900427,0.3820829639577588,0.10032182716244359,0.05716528616251714,0.04510835057140442,0.5452590259016099,0.70461124987681,0.040664374666397246,0.4952137408948604,1
0.722186997309026,0.39939099691054825,0.7086419707898587,0.35660645296199384,0.7222732435310144,0.5384831089321167,0.6412610704340591,0.3588683929238718,0.11403065146911198,0.23448931251517446,2
0.9613400842076811,0.5146229546504715,0.2654172336121228,0.8546786339225939,0.32860861121472706,0.7285076068091055,0.8904474064766912,0.448096014142217,0.9211762943698728,0.31774434204746416,2
0.928505377528612,0.5769352798350361,0.7611551707803501,0.08579064692898088,0.5469099590143044,0.6225871030354235,0.3634921281311102,0.1798514337341268,0.8053438840429976,0.9663440923682579,3
0.6745686285740079,0.5931414328562337,-0.07801145024881623,0.47735528059718935,0.3518575591465348,-0.05296132543778581,0.5101009514186797,0.4830098974081922,0.5682797617046831,-0.037692501353028846,2
0.3722984601720997,0.9213604548045633,0.949941949367973,0.6368687449030708,0.015260311347211043,0.20973537078791493,0.20939085065597296,0.7859550947080026,0.13898929836970594,0.23960006063204542,2
0.08316744412465382,0.10645321828800089,0.7461254705608408,0.3258576345206433,0.07649943786529827,0.31723784753673256,0.6130712153906317,0.43938939299787333,0.32796558607973036,0.47800481898189656,1
1.0136551115850343,0.7682912239909825,0.04680590552397937,0.6416885951614482,0.23854368526352734,1.0698798640765128,0.5599835221372512,0.13232526027968067,0.9777253663484311,0.5121110527495993,1
0.0432150577628132,0.22896536054054492,0.6942302285205914,0.00798378867187567,0.05284730885035574,0.27189949101842614,0.13516207211405837,0.8643902902639229,0.47530091669243524,0.2957260744091011,1
0.6531095684425787,0.48053733636854906,0.424615161175929,0.4126323768674983,0.6208247455874395,0.07040919058275544,0.6265359585803145,0.6582360109535733,0.657409517637093,0.8656463818487367,1
0.6947142053064288,0.2399174080190053,0.9471928426517371,0.411594382513935,0.4535087514009854,1.1973587558922236,-0.3057075172102908,-0.13095689334172805,-0.0507733725095644,0.1259268732006773,3
0.0993429478250899,0.6678355866523626,-0.07246949845626793,-0.14996630948694398,0.08061915434870498,0.9004044837161512,0.5267215390206177,0.16411296912130147,0.9300019010634866,1.0669830216759804,3
0.04987179355770606,0.11159576140532287,0.7503263548343149,0.31048867864809687,0.07860204411563679,0.2601400577483899,0.6538396487200286,0.39368136455593944,0.3236641106021059,0.4613761897837546,1
0.355740752694635,0.728023421425261,0.8994910128282247,0.6293616258627707,0.11032400621438118,0.44171527463022126,0.31651715957826,0.9102574262507223,0.6380630818404947,0.13722136160676238,0
0.47322134348369466,0.10112207645018113,0.13343135997431863,0.8731202982058386,0.5833077595105717,0.7767971423870933,0.8797592608392157,0.9658204518587701,0.40073408402193345,0.8723329549716027,1
0.08019735760000662,0.4237074138587815,0.18737820833366725,0.13845790460322627,0.4401058284619387,0.25244856249930187,0.1731000549557305,0.34129196771536663,0.9138231692757995,0.7036055377735245,2
-0.030843518602104825,0.4973344673370667,0.6044570404228817,0.3005702532464204,0.841411404513195,0.7848520668335777,0.48603155116078056,0.7086400541052637,0.5685282683408337,0.35054262694235777,3
0.14870252324500766,1.075924753006503,0.14206692693873574,0.5542202835446296,0.330308655218022,0.6858802831900097,1.0025456493991023,0.8020879848122883,0.5509867925195525,0.7295030900383556,1
0.6066694294061101,0.9027105418991105,0.005867590417738702,0.062236085598501065,0.3888337471103071,0.3255055909559802,0.1381198187051842,0.4848312814474723,0.13550763069000338,0.9251826581068906,1
0.9394782537492334,0.5794043011792478,0.7647405429128031,0.07004379938792195,0.5453219246222181,0.6237363735687002,0.3796465428099011,0.18991481693741522,0.8177257572805559,0.9695913594727823,3
0.0655660957522315,0.7920894494909759,0.26872285147542335,0.5466390642809505,0.9229095689471484,0.5859859634904361,0.9316079478070943,0.6654864582513944,0.6238986863741389,0.06459980305521532,3
0.599519231451222,0.07862068992512455,0.5799819694505275,0.5453718798326965,0.52545524760912,0.24907043954019106,0.299275708491031,0.4009734717362951,0.35635377868359014,0.5948966578467657,2
0.023180518053528075,0.6453510826084248,0.4297245129137924,0.3189224383460131,0.59240084358384,0.5405604865325547,0.9694739976012097,0.43251619144038217,0.549349134048412,0.8941542410447945,1
0.22605434380894893,-0.1215439370404873,0.161716637507445,0.7407531958782163,0.7855004900285321,0.6686480386216336,0.8044288399098317,0.1351391403607488,1.1992809267198976,1.2005220792656877,0
1.0007130014761614,0.7830994703624616,-0.12008144253757291,1.1507389087315798,0.011405821681001682,0.9060004111487445,0.61997133911633,0.2412442232947383,1.0592095183516281,0.27142319186055514,1
1.1934602374310066,0.31091673276452003,0.2507141528208018,0.7900335102100264,0.017234358888438828,-0.035059828893964695,0.47865474479697795,-0.07260543252413643,0.9007214903077906,0.15762782720384133,2
0.012851159969352807,0.9312269085242534,0.41202690169577455,1.0076377058415742,0.2169042449922447,-0.054994749351522446,0.9224286168754476,0.6545639697651857,0.17214923549181113,0.648406981798764,3
0.3345780221959807,0.8583822166741694,0.9726208151585698,0.6023469430279159,0.03801997512974928,0.2202561500052783,0.21776568848676017,0.7750720313134564,0.08734798631466889,0.2817593750385705,2
-0.5303035735546102,-0.3093549079180964,0.009602030526293992,-0.05134048948965253,1.1293754046251006,1.1158759193954655,1.0990857138803105,0.6758336856090938,0.4444054352426025,-0.555277478178103,0
0.7942063183964574,0.565279678998768,0.03730057182307692,0.6199293760357213,0.5177838559521387,0.622933328299595,1.0733203154293784,0.6053224125450662,1.1699496305307286,0.042086544557815186,2
0.2561127353585115,0.5554327367304128,-0.2626635294050497,0.24956260833429442,0.13102805656923805,0.9890131291987423,0.9036128886278618,0.24964972710180486,1.0917426049240453,1.116719369872532,3
0.07324906164625204,0.10822477676072614,0.772883010823345,0.2853211938128644,0.039929152766535025,0.23969127326113654,0.6094172074494868,0.40932365241233376,0.33049047013573224,0.4602865402807304,1
0.32351389672248665,0.5952093103822942,0.8408013381325987,0.8425565556840646,0.3712979623442126,0.4884685518996814,0.4294477041160817,0.635751592499909,0.47467133949357726,0.1422335486258128,0
0.23933819929330538,0.8750328993542162,0.10056637640694865,0.42639073700184194,0.6410124564031416,0.7034979613732049,0.9069715509570367,0.21491507956569705,0.7814296029868215,0.6851912150915409,2
0.07291428421599805,0.04168810633642134,0.32769767576303027,0.7884492953336408,0.459120057623289,0.9675209479082644,0.7755002527979569,0.45899167667753493,0.5837633181002215,0.4553315149781154,1
0.821128552328528,0.33444344664157144,0.849188392045252,0.6612598585268484,0.5442715009531557,0.6105389694526362,0.13991943601949142,0.6900983460609318,0.8907476940421564,0.44638318259522125,3
0.2833789583237811,0.8517742634168887,0.9126862956747104,0.13876048444272193,0.9584905076452517,0.3420288532311916,0.7560256304586048,0.8038328552580032,0.4603356342250803,0.7745651359951624,1
0.3728482456366736,0.4184269000629129,1.0802554929940262,0.6624479777221413,0.3593607145959891,0.8381105865688182,0.2299286778890324,0.6515661227595175,1.024915098753274,0.5005596072095666,1
0.5507628966595961,0.5036154608525537,0.6673137644976168,0.3708929484175237,0.29375917116918826,0.3022297308224669,0.4240462534174816,0.3592993745318681,0.002800068908874409,0.3751278141686896,2
1.3314364529219949,0.8218045817925976,0.13226838880675654,0.7685303290836834,-0.01882866518517795,0.3713908228128879,0.4533686247404993,0.18575819753251893,1.2912236585861736,0.4555166273225799,2
0.7134759492799783,0.14634845881912725,0.4346716196602836,0.4379372345041417,0.3979607762509795,0.02790475372014432,0.6921217486660405,0.5542754215069958,0.5633731585479281,0.6821092134828091,1
0.5326220391761631,0.9406810300260408,0.13186358859913283,0.1776145221221942,0.7418438141249548,-0.017638059885619534,0.27339058124559507,0.41922404006409564,0.5443002551137897,0.03822917038869217,2
0.9096353111724567,0.5609971824540192,0.7454106429971801,0.037101991665224786,0.5495094649279558,0.6488189502120361,0.3935982598157025,0.2264013027215834,0.7937468446994377,0.9478416932753543,3
1.043928501814539,0.5109983778456663,0.18665412254873082,0.8907617702922992,0.4396796126888787,0.7190752382400774,0.930021083412033,0.37504270701367454,0.8370999973123601,0.38992054202077353,2
0.5133540117816523,0.9776943452323614,0.18302045146827411,-0.003810486951875275,0.6815558797317122,0.11589091639736772,0.17367134765240988,0.2860649754933482,0.5634158592451135,-0.0838504948881997,2
0.3168785191909432,0.934803797764407,-0.10735378411690835,0.5824412487327559,0.4598990522448875,0.8216862533183269,0.807181671204152,0.30787697384781076,0.6366798403431256,0.6561490125629763,2
0.01971246452957018,0.3399333437247196,0.36343241838044543,0.2459656442234994,0.5495434984373216,0.3092598564697161,0.26158032186025293,0.4245460817162385,0.8091435589345073,0.854502761709264,2
0.8524636052868622,0.3407102837848389,0.9223445736590368,0.7577521432281641,0.603193882167487,0.6294767026556708,0.008185634081543658,0.7270007221179794,0.9226766677012467,0.40719404125934966,3
0.6194191717190974,0.8674160036748909,0.11411026731937206,0.1741633459338695,0.8011393763637592,0.05843309058071458,0.2625731267510454,0.4142294762053096,0.5707109872874434,-0.052210879100115945,2
0.24678602887448223,0.000719894954363292,0.1406367700707534,0.02760877511389775,0.6366944823710788,0.22823656854789887,0.31083221395462496,0.38197349185094975,0.15041803120254937,0.17287443147062395,2
0.12875801799516937,0.8993200192593421,0.48792862088335914,0.5543443228575387,0.469296159142067,0.7545799545995269,0.8769107950810264,0.5713305639554459,0.5366620657638704,0.9624946142032145,1
0.11275675888280001,0.06503934706262492,0.23688624993309174,0.6147009718204711,0.3889586052774704,0.812900712026635,0.9607839399930973,0.48267755426832476,0.7120183967689158,0.3823268273075115,1
0.4886149481794271,0.36774382509276193,0.10479339207866695,1.145034859193104,0.31990098918567467,0.1941064616618485,0.30399869401197765,0.49605190747176175,0.5576685975083967,0.24711014847630153,2
0.81029264463556,0.06816680056115798,0.1312614087021619,0.08433902203110955,0.6582738720151247,0.08509553075935744,0.6882400414774832,0.7998364152516791,0.7217504650628772,0.6980025029384612,1
1.0731594877780304,0.8557725922115884,0.25682147720097287,0.7355010855853887,0.05094712554449446,0.5852464669832232,1.4126856107791173,0.4044012525256485,-0.03567462093482421,0.9874580668878612,1
0.8026920381090566,0.05625141469296514,0.5381886324178495,0.2909984968527608,0.06857526320372442,0.16137545729676883,0.6991517581967407,0.6235301310409833,-0.19940432883883252,0.35680827380539115,1
0.4634060732099932,0.6997780783049858,0.7694854571308244,0.41973121324499685,0.21029524753639664,0.4756067880506479,0.06792908942114934,0.8674631863027844,0.4886091497719878,0.25975434833065164,0
0.5054557804386353,0.16334113382230034,0.3710991910252992,0.8272293948906109,0.1737037746581266,0.5211435521625538,0.4469423463045848,0.715430932604938,0.6707140211973983,0.2256457522518339,2
0.673393702899885,0.19960945852141698,0.2116133958396259,0.8565367196540404,0.35231424124793914,0.6168670621454557,0.6498596991675822,1.205194733421127,0.18882428657534187,0.7100427617348699,1
0.9303536676022924,0.5827802758750746,0.7678508682311346,0.06318263083204546,0.555029016836841,0.6160751987312963,0.3792228818463678,0.1816491173992983,0.8226449753751924,0.9654747906239302,3
0.5080690297294692,0.29121124146503363,0.23765079328512173,0.9221538518433375,0.15915167732467123,0.3485660773466316,0.42580954695528817,0.6795733592869337,0.6573407865816122,0.19434363837972501,2
0.03326611240946959,0.22561592224923374,0.7087650350317493,0.026699262528187745,0.041855695580182394,0.2750918688014424,0.1354248269686075,0.8643450876829925,0.4617654574742011,0.30432495835170775,1
0.8197311093158088,0.6361319572259259,0.072633551032013,0.6731862417528447,0.2617141309641774,1.0303914874136129,0.7702049125343038,0.21531003850457708,0.7610481011494218,0.302504627816663,1
0.6128186056227318,0.6923882507288474,0.7422737830266137,0.4308280297229476,0.6711943436161626,0.6753070278176475,0.8456571703929083,0.10746866105942687,0.21838091544626878,0.3634907686924739,3
0.1987951013842706,0.14767309742952406,0.22373060426691035,0.5304225773173817,0.27997650404593716,0.2826609472785426,0.44055502929994245,0.1877237408061822,0.85713867265526,0.10720561116262424,2
1.3314425129180907,0.6424407396726901,0.396943854475697,1.187398013058571,0.790647141425008,-0.23002535856048467,0.9340690730281512,-0.4047613781318121,-0.9136012195748445,-0.3657228442503867,2
0.033559920289886004,0.2381748063011048,0.7007699995264828,0.015388278911011247,0.04534530576925294,0.2789575566838676,0.1316116744002177,0.8658650558971862,0.466060013093683,0.29844404056494617,1
0.2520780448013631,0.6921170622981263,-0.21536527632284191,0.16118189908622346,0.30264943011458556,0.7297745513236613,0.8374158196226309,0.3311039229966974,0.8917093955156579,1.0113949114360556,3
-0.5517664177142693,0.1875245491373651,0.8838537859964268,1.347130658839239,0.11132090449719839,0.4536536926649106,0.6479410388126359,0.22781928681941543,0.8230903870655077,0.009081179507316545,0
0.3281883095726442,0.4994260842222046,0.9521766470679299,0.7103392828189213,0.3962027854467779,0.6306892664693641,0.24473318905971658,0.5800854616691915,0.9205387670451164,0.357182886369394,1
0.9253913929961605,0.6092930828145646,0.2212867116957242,0.781413721301227,0.7052634542167496,0.7422014297226771,0.598453126308126,0.0640976345079822,0.8753756750976645,0.9828869064579246,3
0.963901757002727,0.551362908726929,0.17180689522262405,0.906671259292527,0.31775848709275634,0.9619963090160231,0.594048723635193,0.27699970260693146,0.6812772432793615,0.19222479320127306,1
0.8463851935918371,0.5789050858555382,0.7175140806250278,0.24744807623970544,0.1451758232385831,0.8115839503055592,0.9708880913211105,0.6717716773701536,0.39746695101151075,0.7572674517072687,1
0.5231671911204341,0.4830000045068526,-0.2036411295837688,0.34099020448565287,1.0062289373678643,0.214054634295099,0.6737099522641121,0.14043660619094606,0.7643865128876557,-0.0705250361197616,2
0.32680634844557943,0.9142416389325595,0.3467216886916399,0.4147711265363997,0.6655896436204032,0.5722490667661995,0.8766197336099639,0.7887505066714553,0.3742617856692103,0.8924448049297291,1
0.6448223135553237,0.7392866647132984,0.7835527648804996,0.4188209752675005,0.6661330544421626,0.6223527632367196,0.8930444764146501,0.08015482490327525,0.1629771747276636,0.31557745656837655,3
0.5158340289578182,0.6657265736891994,0.3412918469697994,0.09033259093234114,0.7532920955135344,0.6398697451225375,0.18108923886286254,0.37844665634498986,0.16889135426208907,0.33026975469443953,2
0.6127698668569933,0.8601467230202936,0.10882807093113488,0.17297228956323343,0.8224737761948335,0.09300749159988737,0.2770833686727203,0.37287703203129036,0.5988391057525915,0.02705091944494068,2
1.3378063525899953,-0.20203549591465614,1.0819622562564744,0.6621884407793132,0.9923757439588835,0.2260280233631558,0.4216791129254734,0.1945834101339272,0.1306863329530385,0.8107842936136856,2
0.6084990387222694,0.9027893692935857,0.008830111281668008,0.06051039427556324,0.3895946175235508,0.3286907067023919,0.13835891263543015,0.4796040958593994,0.14035690530321804,0.9268671490489265,1
0.577194733777716,0.9840321819707456,0.06334342382423477,0.14735821157019965,0.36815465080899945,0.33214178377849674,0.18820574921834524,0.4660871262915218,0.1873891903263995,0.8791999090957554,1
-0.012581934753371715,0.36509876855319534,0.6018715361997096,0.4279641743784174,0.013413906259696462,1.1611083649161658,0.4290184650201887,0.14404219454943984,0.3830943311588384,0.46414827683914955,2
0.013422378045829263,0.10046123519399279,0.6771712587317893,0.32096726127219527,0.005511880675152826,0.3397810409503761,0.6143555101644503,0.31487970551280425,0.3268449005158544,0.3730842144397239,1
0.004968320341177751,0.671869709123597,0.40949416929302346,0.5534867385918304,1.027383336969946,0.5273452648706562,0.8673332108759212,0.7368745643307876,0.6594850431054172,0.19652339123526816,3
0.6331501610373342,1.0376991802943076,0.02119772805498646,0.004569742721300327,0.7704213080413083,-0.1328988960406072,0.3044496072452787,0.26956155254447367,0.48473924907932664,-0.13306677024963898,2
0.3791038831162207,1.126062538153696,1.4570800303972735,0.37995907252203104,-0.44913922886218727,1.4364927446498466,0.09529723214160046,0.7097707829085482,0.38868492491875706,1.507537451758342,1
-0.32473712271186705,0.7068912473139805,0.22004411498472087,1.0063393362963517,0.7837048641742997,0.6780710929703024,0.3655708613698956,1.290546045089848,0.24071489407442684,0.21833180531555318,0
0.04762103750373572,0.1444270600618445,0.7834576550023308,0.31233288388122704,0.04171501474762146,0.2542423080392192,0.6631470410660614,0.37854760687966493,0.33766390906926436,0.4377686542502085,1
0.9342360660869485,0.5713019159169608,0.8007457672805557,0.11436094734725559,0.5702071438135864,0.6607375050812097,0.37241318699418346,0.22435815902013642,0.8495082614850191,0.954162283557788,3
0.3012746909429229,0.2728739274802223,0.5671257952205233,0.7855973711204924,0.551291237645247,0.7218859973078434,0.3787146679767155,0.21389681070101246,0.38863205747313345,0.9119142291753132,2
-0.0025655540834230092,-0.07099007119069078,0.12791671032320362,0.9331290059487041,0.5748057493392585,0.9176131482503008,0.6410670781642317,0.35869002735705346,0.8563166745730868,0.3844881108992936,1
0.3717835154952611,0.8268187696725388,0.7962175530417563,0.40742379106198756,0.22212246126425972,0.5713337998691007,0.2863338733096369,0.6119032571107198,0.6665775433207458,-0.027541343777524263,0
0.8290248591518591,0.265054293890953,0.5346871006588546,0.5214721279864188,0.3704568032017966,0.21573183079431454,0.08859814464726681,0.401502400063395,0.3770421959144385,0.6110773623244291,2
0.39801290583814936,0.886240026719946,0.6225040540253731,0.712561841915188,0.42103821220767845,0.6834881710155942,0.8149346762839749,0.2701392372436666,-0.09132801566344789,0.32393777108120597,3
0.7062778567798285,0.8169642935278735,0.389551794693197,0.8167324196673206,0.5862116547886818,1.0238078954682022,0.5561199878781347,0.6191651301291798,0.7713914752777017,0.4023446074470246,2
0.7876161406756801,0.8760286209389901,-0.09866381702912291,0.8761241915870839,0.8860814614915198,1.0537524795681028,0.42295511881588854,0.6268947623729522,0.16765699686188218,0.30111220280677553,1
0.1457560000382932,0.35156468244556816,0.260126254591794,0.7733654716031032,0.44744187073385305,0.7635551620228869,0.611642699682166,0.18885587640125223,0.5429969388784615,0.5247933315836586,1
0.9261906875613723,0.3821452292112397,0.41410169063411983,-0.05155000273666657,0.268156873638885,0.03291028458733731,0.5612303370479808,0.5960446202397418,0.20944655841769097,0.29572623033102363,1
0.3153327565653766,0.4022073803171676,0.9516461049300259,0.7367440470330915,0.5757655739708203,0.7962102570855423,0.02338374549114189,0.48468601840810666,1.0110982863852518,0.46639752464526163,1
0.222507433523484,0.5139827509314147,0.09155111771378913,0.9872280816247786,-0.12398265487023108,0.6091826375591479,0.8503007166998456,0.15808428459410362,0.2486266461610374,-0.279965795680019,2
0.8335305228477863,0.23371072071747406,0.9082677886745443,0.48621096211108716,0.44975585652699207,1.075883891175595,0.363720981748485,0.5805527226116838,0.46919644204382005,-0.005117632896915081,1
0.06092665340457874,0.13264281115965706,0.785382432985758,0.3322452078506084,0.04197206233493245,0.2663999085599447,0.6511961547616689,0.4085139668663294,0.31009568107742996,0.44996548339512016,1
0.6110761417007462,0.8926692660999823,0.3851751408307792,0.11268181600894367,0.7041741713940058,0.4815249492204129,0.19587562365922695,0.41868657464383124,0.026189738077471415,0.37127133429149584,2
0.3230446983204007,0.8644673878853586,0.9768063873527687,0.6009123315070259,0.05396241051349932,0.23800080856865727,0.22864059039082418,0.7839736649928386,0.09594072546976556,0.2906784152634195,2
0.21355599505472564,0.1213087057570385,0.8348579820812372,0.6778376107965036,0.5409220091921815,0.8260445116294877,0.17407041542392387,0.5343509157155324,1.0907511776619419,0.37165114692999446,1
0.10339495636606733,0.8787598515795094,0.32135159238653604,0.5347940570042307,0.5815874175977251,0.7455146250965435,1.003871149037878,0.5838402389673423,0.38604138515676184,1.006456249646048,1
0.7774811703400771,0.23561103117029975,0.48194783866680024,0.5766588244755135,0.31084020391894657,0.22961753313410269,0.093474041522493,0.41875009324872736,0.3846712596958787,0.5802395242333896,2
0.016306622426269134,0.2526729798119716,0.701225569298301,0.025883097268091765,0.02083414116718217,0.2953453392992552,0.1114721808053595,0.8556490448563034,0.4800738178865979,0.3153666631088068,1
0.6434948517012755,0.20116776553506832,0.9559871094508616,0.2122477218101313,0.7206444854537869,0.577736540853639,0.6174629259515783,0.5216678231064981,-0.07436760694653455,0.20806876982069436,2
1.0778133658805347,0.2313336721165244,0.7792968417733958,0.7533163283047711,0.6984522454527105,0.2277539090591329,0.43107809658894236,0.35931162927243826,-0.01384085120698278,0.4889012962245858,2
0.9459022852987972,0.5430347968960896,0.28714142776586743,0.2477992683744597,0.14358474137464863,0.395920545543645,-0.07748909475892043,0.5979506579000772,0.3946747057392211,0.7039762298980186,2
-0.1555924960793377,0.31999593477744026,0.5353698085635319,0.2516130221591954,0.11409897540045366,0.8082904767272384,0.7456391523042752,0.665654703536142,0.5698884767815493,0.7816837269147769,0
0.9867415370259076,0.18119269941361815,0.32248179324523807,0.06240878780999111,0.11035723260870284,0.123644865549705,0.6697152320811508,0.6261113188264913,0.023572050930682424,0.4747522956464401,1
0.03085799774071073,0.22983370168820844,0.6944515528943321,0.013441285231385776,0.03513491922312206,0.28763299981523993,0.12095628504086332,0.8636873693261455,0.4628192854349683,0.291333151108071,1
0.02481487623347209,1.122062313484399,-0.08076022123422058,0.3914400267642909,0.7296483681671058,0.7656748130117845,1.1239958397219736,0.23675123482829472,0.878951638766857,0.7449135441532851,2
0.8959217467152746,0.6016357316068828,0.6701236978606486,0.24941026072468386,0.12341952950012512,0.8296669727032364,0.9452608271952078,0.674254847204359,0.4065324541250246,0.7755605940168296,1
0.4820460164319143,0.156954655362326,0.18227941478091683,0.9718584739929246,0.5369307384126225,0.6333089126056978,0.9153918299665447,0.9105258785263874,0.3895451907111502,0.9877443745493465,1
0.5536983337131223,0.5205926351586263,1.2135154023331307,0.4704943652707952,0.5063278932894038,0.9189906740072366,1.1688685830642425,0.4024830678617982,0.037430994318608635,0.3261395229979335,1
0.5589259830255233,0.711178893890198,0.6105834143762933,0.8115159436335452,0.37538889371486694,1.2455540951895165,0.16029554863610498,0.6894762856889673,0.12482139785076252,1.1501027496446787,2
0.7985542188642802,0.8310969273251744,0.01916194952140715,0.09757847419769129,0.8732382064295493,0.18355963255265936,0.36272539190839614,0.3749447781950291,0.5685977230174507,-0.07163380325386266,2
0.7597452948607752,0.0867195886542319,0.2968000572189356,0.5421462235751077,0.3357251644624532,0.7558590246420123,0.7852686988295647,0.24159297218698483,0.5871951289174214,0.8553806938206787,2
1.0962387870411008,0.4512944843195142,0.03412879601812846,0.6182386680071397,-0.032513467195051826,0.42755127799882775,0.9249914750608726,0.2881164322177853,1.0322151568323001,-0.02573358963842126,2
0.027221853681811188,0.24920112422933777,0.7068305155005874,-0.0032300025491653755,0.035609053851977886,0.29289057777945193,0.1420254871506857,0.8476314904573936,0.4648026731101969,0.3158152602420728,1
0.2205275651039066,0.867350196302308,-0.00842498263923401,0.44903013681269605,0.5521717485975127,0.6910400913705549,1.0088938619355718,0.3082362218831597,0.7055695778673002,0.8330064630577153,2
0.3220581986847937,0.43116602421663736,0.9870631604767344,0.6109611758652013,0.4038076158504123,0.7477293902184864,0.17980218235363968,0.6536278823873183,0.9357824865144893,0.41406858134989744,1
0.6099845100666255,0.9002366283157913,0.0031340083658850364,0.06148849297473869,0.39051204239794957,0.32401442932989305,0.1400363993300183,0.48661440544306767,0.1402692543812718,0.9230391786347371,1
0.05585765569669832,0.28843105309523176,0.48076395425230173,0.49924339548539637,-0.25014644280408127,-0.21728531398961293,0.5167398761337061,1.1282136304747088,0.49791664200110464,0.695154493249125,0
0.06394285865214683,0.7846261521770098,0.32240399897275684,0.48631635975942344,0.9153037943101567,0.575154439822619,0.9303873138817832,0.6315257025036994,0.6498088197651711,0.05095771295053962,3
-0.451718518287893,0.09535130092423494,0.29049265148462017,-0.7737382927178187,0.44191764957407276,1.237372964160661,0.5041367780052094,-0.46402618702074194,1.790359385007758,0.6411285513677079,3
0.6700131316540584,0.7973872956204624,0.2764340657096325,0.23251646658725497,0.7608387199029362,0.4126806624382955,0.12821755705607035,0.4271255843773697,0.04061106975309611,0.2890508532961786,2
1.0839869040458088,0.1943019989720443,1.4233500138891193,0.08585717599279896,-0.13042730479055709,0.8194195701708419,0.882767100666318,0.8762537871178752,0.1590462683528795,0.3327924036069641,1
0.9154149459454707,0.531125802805007,0.33463834018962496,0.6913256486637211,0.7993234988278192,0.7608053194292952,0.7224866114766457,0.14813965780872257,0.7645908205168747,0.8978579122509571,3
0.6548159110872608,0.78441794098429,0.2518730901948521,0.2462802627799137,0.7741296020410094,0.39441660969111764,0.1381106697438107,0.4296021522916244,0.04859709161413888,0.27042711560066685,2
0.9057245822430625,0.543067276811041,0.7895495426027536,0.042195690672764574,0.5765100517926122,0.6431514209315133,0.3725567902191599,0.16456395369456084,0.8451665831154482,1.0053819275637603,3
0.5752782543629802,0.16724088568267745,-0.19881850779378202,0.007079099700420869,0.6766781707792316,0.26758047412209196,0.5252377039307286,0.435693679766878,0.46711735912801977,0.17231686986163955,2
0.7130433012834126,0.9096736718097967,1.0786516605533856,0.3739678028659407,0.3243393215126993,1.372599432053823,0.673022264514097,0.15183300535630453,0.24546731916684467,0.05083241242159256,1
1.0382813572131018,0.6061757122483232,0.3700338675273676,0.14143541223937484,0.6146240048409659,0.39525315055228794,1.3432981098369736,0.43142783287927466,1.6130329333265578,-0.2552710238002911,2
0.7992675641061305,0.43157331066883386,0.4201294881531691,0.5973209463494492,0.3347544215317321,0.26406023652705524,0.005082072760069292,0.5656948019439849,0.4785394218367803,0.6203489366191574,2
0.5013677643754708,0.7620303959955761,0.927731546518676,0.7503718861159158,1.0580533554883962,0.3067428734408063,1.1160486633563806,0.6330505222457481,0.8865821180281609,0.12028237537742281,0
0.5063536296807091,0.07741855008443939,0.12721307028931314,0.9380626243524977,0.5409846269137749,0.7242183419758196,0.856655391783142,1.00578355309774,0.3382874284782274,0.9221603810655365,1
0.7552433883374559,0.7185197394663592,0.8278554136106816,0.46399937788654566,0.7681026373398057,0.6211808966614919,0.7347883463615172,0.08984997941101724,0.20817777100765344,0.1982294975470007,3
0.4870025410040739,0.17778743374844885,0.2745701710746563,1.0977999950258597,0.10629611989681037,0.4234876074244379,0.35865577159720086,0.6577133700885273,0.5277958127321783,0.14513418255095473,2
0.9910937928625887,0.6047980620142268,0.7855219193177074,0.09630702854579334,0.5435640479942707,0.6678978022841627,0.32653776696844966,0.20805534275349813,0.7613139471061053,0.9793210684196157,3
0.05383257195537946,0.12063646658347456,0.7594224375002097,0.29705381819465637,0.09470979361207144,0.3063210638145965,0.6612525803915397,0.3733675710816482,0.3332596257850863,0.4295790474763121,1
0.6055886034793855,0.7071322166949565,0.33846935741964496,0.5283931106086188,0.24445455438716876,0.9901967823701068,0.12135559296502169,0.2768938345744,0.16618633253217058,0.6749813487451811,3
0.014131373525265972,0.15903936965555554,0.3103460258992727,0.692462814328151,0.4807383290482453,0.7871152413965711,0.8386587591461234,0.32183174967537304,0.7201068461006707,0.4637985974317209,1
0.6285421321791833,0.1365188926794807,0.6588882470327073,0.6291440435130522,0.36090328297620566,0.04050160122255175,0.0033448178430825898,0.6689814150181528,0.6514807843325774,0.6608767073178681,2
0.02830746138580728,-0.046006607630039775,0.00901416315274138,-0.3378324301724384,1.0336320978143931,0.37663403301430587,0.5249845672078348,0.8150753555869712,0.617071525910379,-0.15020802373274256,2
0.44944912583429486,0.42537526199802894,0.9975149148773832,0.6831462211152094,1.0478913081020034,0.16761673824339388,0.8252780373979224,0.9132652245645112,0.5586046166270737,0.400145321753193,0
0.6701720341366152,0.6769932749095458,0.6163799710406462,0.35085687376896957,0.7699822455317,0.7712475113428552,0.912722541194896,0.020436023975433246,0.3380810885456566,0.4813103407115776,3
0.6345464062677131,0.23554410054967495,0.23379769801577552,0.2631896865966598,0.6170823023908888,0.028385085023651405,0.5855109054714466,0.7621208219638173,0.5963555143313171,0.6341198498768859,1
0.09164917927016308,0.7373830902044725,0.7076913651197317,1.002300751493566,1.1061149321772277,0.4366936381866641,1.0933251752035347,0.8484389008056836,0.535883163046269,0.7310582270602024,0
-0.13406305251667136,0.14062463595581698,0.4195927562712472,0.6316263789483746,0.6281713937313508,0.7121087083881814,0.43636721979567317,0.15735950127992393,1.0382014889411137,0.660657590502565,0
0.034535482338078086,0.23311661309661277,0.6966929539314904,0.019534797472078296,0.04010737549273253,0.2803910844135852,0.12623733139800208,0.8697370988453762,0.4668424067022687,0.29684238469297985,1
0.8065423155372055,0.04297463067029852,0.8083533800622403,0.739047153819124,0.4333142187958672,0.5546224850124498,0.5028323725958679,0.20431681759144601,0.027686745583207384,0.44092392225596944,2
0.6091119931159898,0.4011018393211145,0.979617920625438,0.6880203789132329,0.4792835757916658,0.8404443156729071,0.5191936636010832,0.3722819134820886,0.677379558542491,0.33679033098094635,1
0.5901815561436754,0.9162205992724686,0.015549445881909877,0.07512991533984739,0.390217879419845,0.34215652349063574,0.1496505662911392,0.4688048696749033,0.15032656995495544,0.9425560101034604,1
0.34941727442600345,1.148292827860921,-0.14748051145561397,-0.14744568609365688,0.4802653232462476,0.0126783348353557,0.41659439408766885,0.20890546428193285,0.33710789609127806,-0.2368443980897503,2
0.5022211903624126,0.19277546196224093,0.2961382682791192,0.25886995835110077,0.4386953207028,0.020190293405555323,0.7799145306084461,0.5847773960439018,0.6496309318266615,0.7745120980164388,1
0.09558015576928727,0.6367747967119529,0.4682331907080412,0.08228498204657861,1.008380112397066,0.7847906276158577,0.45822151075292833,0.5033697499423575,0.44080284136837966,0.07789371925847095,3
0.5241012344784479,0.31576931918609275,0.329858362539749,1.3143586966773295,-0.038490169485907944,1.25730791404763,0.4764031131243629,0.0743916605687886,1.04211788756437,0.7650752712695065,2
0.6648117228406444,0.9598548880847791,0.004250746047169438,0.11470127723055973,0.34269829064983526,0.3676374317329639,0.14889701963859778,0.4735129071164885,0.11628178376944914,0.9201870758040753,1
0.9246360455763817,0.20809348714941314,0.4651490920369943,0.30357037293103956,0.6326792008413015,-0.0068227970529610715,0.849609886431542,0.737406552204848,0.22137289817497305,0.7022860877592636,2
0.8975005375350273,0.6505721949885065,0.0993274118653681,0.8213561076905598,0.3882835012686285,0.939139493093568,0.7622497134295584,0.17590979942363333,0.8204964221037419,0.35599276698977217,1
0.2488507220255683,0.9413855979313391,0.01593448267986415,0.47008947435283405,0.6532425476609529,0.6840324163438203,0.9722542627012527,0.2649123754711629,0.739471737858512,0.7739308442117576,2
0.7968529938320217,0.38896629313540715,0.18603025061062184,0.9394770024446575,0.1519810011477608,0.8141344823587446,0.8663508263001336,0.5822753946943215,0.9444732273947242,0.1605278035981147,2
0.7835895313053798,0.47925109064236093,0.27481078334818576,0.8083618586590858,0.8346758816304043,0.6986192051225413,0.7329126450707076,0.14579012810311331,0.7241086782316098,0.859992298174894,3
0.01741558607978275,0.8184702558396353,0.252311407568962,0.5417642292856667,0.930087975853329,0.547411919484864,0.9327420327338775,0.6375785527494563,0.6340668766769054,0.05948834456740752,3
0.8761865855828767,0.019597174778168802,-0.03373327118253239,0.16952662425925055,-0.0524810496132643,0.6512254517083367,0.906324099191411,0.04472895255132198,0.964441894415114,0.5304920374532962,3
0.542245743137802,0.825784152169627,0.291085816295159,0.5153424956890137,0.7907313237354059,0.14773623093154023,0.006810646437007482,0.21626337114058353,0.5334549260086232,0.9242022042803462,1
0.6929158138536555,0.6108731572238821,-0.023298398140702115,0.24592453438219825,-0.025476870070483354,0.4752766143649809,0.041288908519834744,0.14741876752287583,1.134241501484147,-0.050676974394488594,2
0.5334398552422693,0.1462463152329808,0.03437953664122023,0.9340695811523714,0.08302635832670452,0.23998106817516152,0.1753264486346794,0.41742804566508396,0.882652552059533,-0.04650910020104568,2
0.2292643693036211,0.963080053920993,0.6452509463285587,0.7614255816250906,0.5881876501955607,0.10604614425353748,1.2520594285850812,0.4025705794852863,1.024449279837265,0.4299211192257968,2
0.8247436074773911,0.31021710384542683,0.7531639881540415,0.4563862758754074,0.5325489662818738,0.7389454499346128,0.9027600396482847,0.20978422738840918,-0.12174362796714688,-0.038143224518026264,2
0.36369188931945734,0.34386614300986296,0.6943229293148688,0.7009043987834523,0.3226511160148458,0.8499924632677963,0.4498254910460645,0.3144812925365074,0.4697532922280712,0.8897160659274402,2
0.7367567450451993,0.39041822044605323,0.9152135447690337,0.7495936794277451,0.49689196967027927,0.5898037718035227,0.03938273017462676,0.7129676197442782,0.8564517869157449,0.4111867061183575,3
0.700987774872755,0.6930716387294883,0.39763637315300127,0.46691828512826655,0.5150828145695461,0.9231038372065262,0.5773654174025059,0.19409694595003532,0.8774181213366895,0.5550780898854075,1
0.19977460053066037,0.9060043599373347,0.07459647194588169,0.4944671472635286,0.6404514465210321,0.7797612818258892,0.9093068050673285,0.2085976042223261,0.683592889929667,0.79129052038534,2
0.6710684983434394,0.7984282777025302,0.27576373429475415,0.23180286108588244,0.7600671360713861,0.4127016799834707,0.12685216752784004,0.42779756154609677,0.04191671016185547,0.29054406187243104,2
0.7369775442824876,0.6439338414676676,0.7080920596821637,0.3682806383513428,0.5432564657837164,0.5396140962738744,0.9156388492444849,0.06459953844461741,0.16988067321383982,0.4053230671540754,3
0.03821525884937887,0.08519676156004524,0.8361668271960464,0.34807777569648835,0.07391869157732853,0.2701285693007938,0.6063698964909235,0.3954086876259554,0.3674276827687183,0.45810950367696057,1
0.12331643646640356,0.9047474484376141,-0.044363001770622246,0.3119606984965637,0.6444613689825637,0.6563685648394544,-0.33591163316414063,1.7046538206021806,0.8234209523770147,0.39020467643876794,0
0.09244154630372406,0.8420806830312976,0.40011355185537933,0.4034959305265846,0.6015500015312513,0.7981653281537846,0.995088632277184,0.5744800223719155,0.40875856421841245,0.9214128609119905,1
0.023159404846101656,0.9891859948810175,0.1265593538643846,0.2788097900036843,0.6479733817593212,0.7794155020448903,1.107197067537222,0.06878321864728457,0.6120444669365687,0.6506712957800089,2
0.7563829600064383,-0.053345621256999404,0.20642304722699073,0.5818244888757286,0.13483522901015887,0.8118908490435333,0.9185824360967163,0.2597070511834783,0.7685547555272267,0.7548113722262988,2
1.1287648103269445,0.3219050013052645,0.05525006689158683,1.0047508180940294,0.3828922745927968,0.23299302290362212,0.03501097495995061,1.033068915465406,0.33861587913689095,0.3142970558490347,0
0.786804318207486,0.5463255687479366,0.6239016829672821,0.4077467896453136,0.08545454121075866,0.9447759756985687,0.09676066209431754,0.34224127177054586,0.3043745030604972,0.6666653857793549,3
0.5211635660710648,0.8305613017984189,0.30501290366361133,0.5380857223802555,0.772790400287948,0.18148852830499132,0.006009100531735756,0.20617423150247527,0.5410282042279497,0.9148247093965503,1
1.0110544944128415,0.8423240100782189,0.23345443955594208,0.7812473706689912,0.40705091841449725,0.8696172421394723,0.9336941764490732,-0.05208414778923323,0.8378792852966379,0.365393129222981,1
0.5478164840576422,0.3085364593662617,0.30651837969655027,0.8899281131386136,0.10879393364230966,0.3590108072420707,0.4574631334920867,0.5898234553442385,0.7109083440504723,0.18181700995930986,2
0.7650239260930357,0.3336521183426346,0.6387002125959383,0.2881543047400056,0.6710264807272494,0.4953441445137355,0.6152329791856286,0.2833104883353146,0.07752758604014268,0.14602375079755586,2
0.6438099157176687,0.7146311715239841,0.765332243401616,0.4445143844480084,0.6453682785661754,0.6562662135518713,0.8568118571556307,0.08698145727529229,0.18931242854330171,0.33211867177811183,3
0.6454985664279581,0.947291506550163,-0.04189221975688337,0.08241716299694496,0.3544586382950766,0.3067650097860536,0.14704562919346928,0.4529100122155249,0.1803878080799387,0.8849787160077341,1
0.8761241503588614,0.5623545582326117,0.8223107259839263,0.04849072043731789,0.49878327322175464,0.6843351786486479,0.3440619238031061,0.21237555704566927,0.8246750995412746,0.9807363001543117,3
-0.006326218297589614,0.3475908919095647,0.2698928107746611,0.24180446715358495,0.5528407869391277,0.3836614437337117,0.07163229569821715,0.3515598949560407,1.0927436377219355,0.6964458802166779,2
0.38608028735000977,0.4295743525209512,1.0507094936565293,0.8874336205961819,0.6283044640186075,0.912618398022161,0.5170617117358797,0.21659037107543477,0.6743001385718967,0.3359242893222905,1
0.45450216874711175,0.6198185127052157,0.7676560633842878,0.5504644691254562,0.26361222430526804,0.5876946998396709,0.17410748961955863,0.8462700797017951,0.6230146013008481,0.177402562619976,0
0.3084281198603879,0.8675947874943128,0.9636844813207079,0.6059634024886381,0.06281809661720748,0.21311029384888341,0.2189643302998668,0.7953633118226698,0.08797647952435086,0.29779775995323693,2
0.7935430953246936,0.24307205725602724,0.5654528534978472,0.4873944422977011,0.35639851642937476,0.18318551712043493,0.0540973500091724,0.36646644854759275,0.3642260268245754,0.6054118855577899,2
0.42422136032671404,0.2261368980664564,0.5586349251578815,0.8044830647804124,0.46024914657622085,0.6888384975130156,0.24425622995085605,0.3068596848263112,0.45177075507601017,0.8847755036350319,2
0.046344395291386696,0.12983582473661495,0.7917454610921251,0.3492731180541014,0.01062966668622807,0.21381651876415458,0.635327016268508,0.44143799346202417,0.3407464454563194,0.4733527948716738,1
0.08590676178442985,0.8484437263482218,0.4047133196129361,0.46488684764872573,0.5241647665505538,0.7220108040376452,0.9489895942254232,0.5695232101539395,0.46756976733459327,0.9308385927371028,1
0.025608500742969092,0.7809161583300146,0.22680520063777015,0.4937239461170646,0.8462435780371931,0.5994612049354631,0.7946000694581142,0.5424647095019083,0.6721878177133765,0.15051412572680023,3
0.9926985492634514,1.0238678669151178,0.1637545481539739,1.0197247489528571,0.20128278847849634,1.0723955059049173,0.5880494322074907,-0.31468331343012645,0.2547969432939959,0.7016382388539454,3
0.03477223126568038,0.2372846364950954,0.7031681687340096,0.01735204516084951,0.04381996845730689,0.2967512171342745,0.11235732185481129,0.8544802631615841,0.4731696756991774,0.2824267914949687,1
0.3409049858460769,0.8599298760349355,0.9933900722296487,0.5945833179012453,0.06824944482750785,0.21886336371707685,0.2151937940067335,0.7827980863199685,0.0739835294565927,0.2921448993184198,2
0.6415682203846921,0.2307896834762749,0.2359748609264723,0.2625009818551887,0.6236990937754985,0.023489587457433833,0.5912890467363919,0.7602772891733374,0.5896519802606334,0.6382612786776695,1
0.3222565793679239,1.1190936936493054,0.4000352479047593,-0.0050906210532154494,-0.385953042521582,0.9502001829667915,0.1281319252676224,-0.41356924351590285,0.814439920237509,-0.06810110545212847,2
0.6392068107925047,0.8648340463705166,0.18029163880559437,0.13998899543174215,0.7928651886639575,0.11421762785287648,0.31784784144298567,0.3859105739677895,0.6070384182249368,-0.05117068752626026,2
0.30891848450211856,0.8411458113494673,0.9018165836807248,0.3448986783144415,0.3122550723124602,0.6358848968191371,0.13021639451456296,0.9377167402559824,0.6065871552097389,0.2038484490175959,0
0.23078748056537868,0.6745662719067007,0.35922627006261687,-0.028697800985551594,0.9171128053237698,0.7757819359149559,0.5764901545786142,0.5279637876925602,0.4780445283511488,-0.008518535079683906,3
0.9388000110993017,0.5782614974994718,0.7642395408095288,0.07319965265642314,0.5404358161861763,0.6279067414490885,0.3780605293353609,0.18978344435465885,0.8126684981633506,0.9733913134449069,3
0.5539535829010904,-0.1132258414685973,-0.014336368955544243,1.0798627619074737,0.4468411211015556,0.839587990747936,1.0251923181079063,0.9058459348503812,0.5062893606171447,0.9513768477811023,1
0.9495986397444287,0.7131010097095372,0.6539225586969929,0.12337976259175593,0.17372746317057566,0.8299976549496654,0.9009437925478152,0.5654737965628996,0.4656632980181812,0.6889303892950233,1
0.30285872708859474,0.43574757511229995,1.0070394798667026,0.6250302521614165,0.39653029175277216,0.7441845210832172,0.15235416157411177,0.6765214986755794,0.9189711802731533,0.44413680052139415,1
0.4677477041719601,0.3866057964349699,0.9606859290411217,0.6585073045556532,0.5119996204239218,0.9552200749842457,0.5726693631110367,0.27416363476420064,0.7850853998384142,0.25712751220077223,1
0.5566622079450119,0.721966133054707,0.2715505196800184,0.3081612622632427,0.8686680089013238,0.3225428118361502,0.07697253736320744,0.517367823695239,-0.07018351592303756,0.23012676986615405,2
0.2215173253685495,0.7341979710400101,0.326134543600756,-0.15443638401778387,1.0819088129157834,0.5331189205099419,0.4997517449471804,0.6317530448985232,0.3992973548399431,-0.016622170081547122,3
0.37458981877556097,0.92810487143186,0.8352318776448138,-0.203859459287971,1.05309755080042,0.25351778560623844,0.24321194085053405,0.34796908665132387,-0.42179863261037265,-0.31388822123500304,2
0.0951500080646244,0.653913843103374,0.8048130223968357,0.40755085311775496,0.7674741291761186,0.16646884698605918,0.8479083767177211,0.842960679675695,0.7132721088443736,0.6143945847452121,1
0.7785451101160354,0.16086840339386865,0.35539008441071784,0.510387031942985,0.3852714704081158,0.6841574426498793,0.8437595240548617,0.24276277436171256,0.6469701670288887,0.8220420758192664,2
0.8401673082746053,0.39781109061362074,0.4132913171442112,1.0013898319628731,0.5166603113625794,1.0952983019469213,0.9162479641643917,0.84161943501068,0.6626933102111952,0.32374537903202294,2
-0.265477708434572,1.0715618262729119,-0.414478132871652,-1.1210956446522693,0.36056191979162155,0.1621621893173462,1.2481509667249777,-0.6017003120895933,0.7461790519607677,-0.6499836219276697,2
0.4181746122084317,0.6277235836614388,0.7727180621995944,0.5467656294166018,0.1610936868123644,0.5073784117570905,0.10987191075773695,0.8141730544064117,0.5759837565493281,0.15043060700298266,0
0.4163156739308092,0.2892736801848075,-0.10110627059654825,0.04448932136193323,0.6895706672589037,-0.16387402250176306,0.5741453840469823,0.6439487230763945,0.8960350603193405,0.31452157814551424,1
0.5585022033958847,1.0199922838310542,0.38028278252357206,-0.041585370711988145,0.9271251616079552,0.07185497939246627,0.023072601008431948,0.508167429706081,0.36071002451969636,0.11676935652804503,2
0.5893760959357902,0.9450239261116425,-0.009577532633283255,0.03252422318193961,0.4001752984742288,0.33827754633715723,0.182167287862152,0.5207599487391094,0.11861661059662992,0.9453919209185682,1
0.5216960926790295,0.18549815198998454,0.6612738364438258,0.7439331160393857,0.5147705455479716,0.8007180426825111,0.378234279047313,0.22129288565472294,0.44323664186643996,0.767193858326795,2
0.7205104789884035,0.5524438081086267,0.603897501772088,0.3815438058392052,0.8420976936772159,0.7209688787488284,0.5990809411495756,0.292394842509764,-0.047722642606327886,0.2734009222614718,2
0.4304098744464583,0.31479808716759844,0.625695463066636,0.8800982431803033,0.29562802610886035,0.7673824853509523,0.09439930807039525,0.5037001692334897,0.6312260778066969,0.09464253270164555,0
0.7521524236454428,0.7088514628231053,0.1847748253667523,0.28411730242170813,0.8392296954372747,0.4007264657635362,-0.014526862233596505,0.3577476590410744,-0.07120112572386904,0.2719278111418424,2
0.6132321200757492,0.9042782285996528,0.0006730760249760341,0.06013880924379235,0.3861588928774282,0.3202230422382216,0.13527921226465725,0.49017744526634716,0.14061347340128832,0.9267984709343228,1
0.8604000509543297,0.8233309649254064,0.44562518807266505,-0.01711116808583152,0.21061327124258475,0.8161748883120782,0.9006861394467014,0.7834922848966448,0.12791781195453256,0.5523414017377495,1
0.6668798043609283,0.9567367484723539,-0.04721099076318609,0.06937485006367788,0.3833472335531373,0.27716362976413084,0.11960354300433566,0.4744827144858519,0.15150730152627168,0.9432925764323659,1
0.32929738726969315,0.591664261886329,-0.29379941928738373,0.14120504529996214,0.30361754534967667,0.5734126746641328,1.0852061589812272,0.18042423737430024,0.900862351361409,0.4415212073231966,2
0.8735878843609225,0.535016131275852,0.3022857048547537,0.7042719498298065,0.7917207452997514,0.7395056085284267,0.6804913052950086,0.07778775118684507,0.7634339741986902,0.9316009975196906,3
0.31307389349887305,0.43022767166668835,1.0018610976078204,0.6134269293176853,0.40288639268550885,0.7426818343354805,0.17659564041251377,0.6770437042330402,0.943899265253869,0.41210185610335937,1
1.0341835449758723,0.03694827289301249,0.3111529009119445,0.08054209180321037,-0.08578540739199385,-0.08575488507064663,0.47806946782422177,0.6580062463944618,-0.05709330820251715,0.5670680887455318,1
0.9412350044278683,0.5492190725529711,0.2458535810917054,0.8018143794742467,0.8570089021408803,0.8065331311850618,0.7282901712138665,0.13180018372082433,0.699576104477337,0.8885887520380062,3
0.02959204038133953,0.2437718773316151,0.6919229079153696,0.017725159969303596,0.047446231528742944,0.285176953832069,0.1292440699372304,0.8603603373075503,0.47029278180338774,0.2888503878229396,1
0.24398301511753623,0.24719627843670386,0.4650725036815779,0.7704149212825772,0.1740771884006779,0.2709220315306404,0.34854650925574304,0.7593710857585432,0.4311750061633527,-0.09539227450760895,0
0.09212532635826012,0.8753063785052464,0.3763041411078251,0.4989759691889532,0.5620246478678617,0.7416564342794012,0.9450082062933067,0.561265490684055,0.4252468622284448,0.9337226434032356,1
0.7645144041007423,0.8631502406915107,0.07583941572828316,0.8873080029295312,0.7018648700721651,0.9722388891867021,0.6384210113488461,0.5680918593189852,0.06115163803140419,0.27229989867190524,1
1.2758295272225744,1.585151748543013,-0.32789067269454986,0.15543957273274295,-0.6217858125153634,1.2050236971112906,0.5174365411440072,0.39054825349169603,0.10091551581889757,-0.34523682644293663,3
-0.04877258231959894,0.25195707423248176,0.2413521049660617,0.43338613711560253,0.5265970585861961,1.1682792428050854,0.6559225839356558,0.6892163685931372,0.874632327120233,0.47971169985601275,1
0.6474870249124627,0.7029937402531687,0.7662306694135548,0.44064714733472865,0.638624014498782,0.6549895487119588,0.8669147338623372,0.07558220759493879,0.1976322449060456,0.3336455068195587,3
0.8707811520624886,0.008660534662400604,0.5514045062138414,0.8369823342511503,0.4570554578381752,0.44172670930417,0.6553167742230629,0.3080446799355988,0.06503732595285427,0.4816401031960497,2
0.2368818148628678,1.0320712702583539,0.4464328288099131,-0.36854644991263014,0.9944376848021348,0.731197480692649,0.5537219831741311,0.40691856962332873,0.7815182230882969,0.1983948858280891,3
0.7149382897508172,0.6058929236846563,0.7401219898058545,0.5221274959221686,0.547264324509348,0.5563721123508832,0.7831613226386411,-0.021089045089047104,0.28600056508314775,0.3276980270897589,3
1.005032590984921,0.8664664148410657,0.35887466013561037,0.10544955506674052,0.6605019445098818,0.9580900259414279,0.7308984607418665,0.13395425808069078,0.24515594583710282,0.844984678328853,3
0.0941858946067643,0.17706291950687292,0.32255280374854434,0.7145477079396234,0.44494633589673255,0.8752849200530997,0.883875734860103,0.40239946225978096,0.6745199507878994,0.5325762115367204,1
0.15877313516882005,-0.21072451225102698,0.07320354724314793,-0.020672371386008047,0.7822688473029976,0.21427164137655136,0.6839848923084719,0.5472251038855936,0.15331529890655182,0.2756326801341315,2
0.010074863949674384,0.8967541044627554,0.4773678532890508,0.5304460646818134,0.5646815755364616,0.6989385057212043,0.9708844072627315,0.5094164875480651,0.5212328171650975,0.8640148483175528,1
-0.42523465836145824,-0.24248445501584254,0.14769685747149783,0.12706764793450084,0.30737939060094777,-0.050070422165996276,1.1088926496187728,0.3720089279210888,-0.06674982658601974,0.8015551576297631,2
0.9842430848188797,0.7360240661737438,0.8456586139883083,0.14016145893967802,0.08519670102500163,0.8501047810299842,1.1300527106642342,0.5599055935538189,0.5195539832936951,0.9089639626032342,1
0.14030800381525546,0.2684316262023969,0.25728399354852194,0.7765938821464509,0.4356589353084774,0.8606104648792101,0.8186270243597512,0.332877100638264,0.780485579909952,0.5622976973033716,1
0.13779506602039732,0.4743374529981542,0.06542157368513611,0.15464665725410912,-0.04652843368299192,0.672582373744868,0.668550960279111,0.13098201865285586,0.891108350071452,1.0029273596853487,3
0.7834438874762817,0.6552477310522565,0.27589599800387515,0.923388778924028,0.06922663510484506,0.7230080847712115,0.6595119985154074,0.3850900842737775,1.1482483559145606,0.23950533347763076,2
0.6666307588719642,0.8405496587264806,0.12204967234640596,0.2170546326218626,0.9407611786202958,0.07398543229119697,0.15720870194017006,0.32852963336126,0.4132162733848897,0.02586974722665084,2
0.49639816058820146,0.889425784084164,0.3115032553758585,0.5753138706893329,0.7568610258446703,0.1268150919952718,0.05163642311995931,0.29243018083085653,0.4857371021980935,0.9100245005592417,1
1.229933937018524,0.17155280077798393,0.3751671532423519,0.49614517638720745,-0.23929541644539468,-0.13845200331789081,0.7914488972242739,0.25040036866457793,-0.4210478597447702,0.6525375214190062,1
0.42398059333049215,0.6518963167491841,0.5592719670737067,0.9316960172350656,0.12416014058988299,0.6109629619999062,0.6775050053215985,0.2928651735169934,0.9450875698552125,0.10579870654434081,2
0.9977330034236743,0.6938371910973602,0.3702939255185832,0.851952447262453,0.12285846439950793,0.590227215281746,0.6307424545051592,0.18078350779212904,1.0767537090673163,0.263259777759816,1
0.32355565390783814,0.40836155670557134,0.3691418173285211,0.7017172286412812,0.15153903954767345,0.3741700573202784,0.4910288167184134,0.08436056105583817,0.9651205319578916,0.17808267838667077,2
0.10463445885290326,0.19955603389470256,0.3779252334602836,0.7364441149351696,0.46496808049601585,0.8587096059560765,0.8661430277937996,0.3384503393363245,0.6381317648838647,0.47650585326415285,1
0.024079388467953527,0.22851342159007226,0.7163854798406117,0.01139818684893963,0.026659705786089945,0.2635881287252515,0.14335559501244677,0.8604123700183759,0.447440321419346,0.29159147871702673,1
0.028378623658774416,0.23734362937177003,0.6958452081297605,0.015871943116310797,0.04574729165101497,0.27657071100000813,0.12904651166595493,0.8657168985470173,0.46611776520758996,0.29393271885444394,1
0.3464342143437715,0.8542197441745857,0.9760544969609843,0.5891590582749088,0.043671618055956984,0.25236049768905067,0.2362076027595753,0.7782098668237396,0.10618215874565629,0.30605954503122423,2
0.4324792788668455,0.0027205770988774566,0.12139293755737467,0.9132090069960892,0.5427792214618943,0.7345625723572835,0.8376626517062316,0.9297392654541224,0.3455468078998339,0.836381316455187,1
0.03176851179981866,0.23484131764889296,0.6992335211555805,0.016898366062954685,0.04217928328102546,0.2799976635125065,0.12981786999582784,0.8691172515479675,0.46513106444772506,0.2959409902031322,1
0.988643257683909,-0.3844072853198359,0.7851259023935269,1.2297889730895166,1.066575740428806,-0.38851036594403354,0.23957459866124425,-0.142979969342245,0.215184033484841,0.2470310070631811,2
0.5625895840160575,0.7012841261196124,0.7010133545645557,0.36965883708242187,0.5542857731098256,0.6160739190656868,0.9312231077786266,0.0927688139994931,0.22850956538977263,0.2908096447004674,3
1.0576319962515248,0.05717576396915856,0.41386473017669423,0.15800423045528902,0.09420919165088644,0.11842199099106547,0.47779289592738267,0.7795501526676077,-0.038926450982009635,0.43937385443579413,1
0.6743342376075693,0.4256272383836599,0.5818717240952571,0.568554613292615,0.40264629907750543,0.2405497348142424,0.0828995781640035,0.511623121711875,0.2371624945709438,0.5257158910210922,2
0.6353175313192182,0.7772250377873058,0.7905388751553187,0.532348766905788,0.5622898472328332,0.5676536062890866,0.8259218957563631,0.07624867788326802,0.2589780457754144,0.4311698382691001,3
0.03503842634503741,0.9038272837502577,0.6008840238886778,0.46290568765761686,0.5807376105798109,0.6460781858334391,0.8027770803146966,0.46522766353739786,0.474936262340291,0.8170103624326617,1
0.34087821128625195,0.1339039256456483,0.8212212107689747,0.25053218375893843,0.10022868797019754,0.5714680676590069,0.7957545880379799,0.9612949004592146,0.9195712880105722,1.1740965718463037,1
0.8485600249750306,0.5824795391643616,0.7353617234042091,0.23904579907543141,0.15296762678474776,0.8066752745910513,0.9538607354525575,0.6814306189452626,0.38296841977751345,0.768027895239381,1
0.06372864133694328,0.10062881209648122,0.7920095828300692,0.23657018770909294,0.10974338465603187,0.32145158404706514,0.6873515737219593,0.36670674576156476,0.2844204003974467,0.5049568680107817,1
0.8754919520088265,0.5565893310222422,0.3068525986184399,0.7266251647693271,0.7787370789308466,0.7457637111069603,0.684333360882111,0.10957606873572583,0.77672104212629,0.9259104730569979,3
0.340892528554992,0.10767437858402194,-0.17317778407877543,0.2069125008485004,0.4679428950755346,0.3453257420972003,0.6231709125571494,0.2258681069572719,0.28587885064193197,0.14381894912492016,2
0.4766129409172102,0.4470467477660741,0.2448672755182767,0.3923334277278283,0.38145484792867634,0.5148824565094654,0.36206104172272896,0.06680516937442478,0.6736255286388808,0.2364563655603424,2
0.045431291993536675,0.11652163752392594,0.7724973359761794,0.3076865421567149,0.06363640921273525,0.27220305723285587,0.6370402451643419,0.40836749959132274,0.30948500594616857,0.45113021898998296,1
-0.13401143274891766,0.20966218884046592,0.4979743297887182,0.5162954060618576,0.5314416589684541,0.48738658811572017,0.7492450782583334,1.0307694870036541,0.10918435669750487,0.3700889894762431,0
0.8174918847231608,0.9617754350045787,0.025614788201568685,0.8081169154671062,0.7589898973154954,0.946250814844028,0.6158528418894864,0.5147360264361138,0.08731151743686599,0.33222343646939595,1
0.08108215532756154,0.1734557411481618,0.33060892878560605,0.7379316677395226,0.49022285193656745,0.8444943049278688,0.8311342027187609,0.3419337104732127,0.6896985431415205,0.49828220370200366,1
0.8566375899084229,0.5713403728304688,0.6999299441799324,0.23611005331985757,0.08885836916153045,0.8701653624469744,1.0203137188746207,0.6830085288937461,0.3917395182527853,0.7762118838171327,1
0.02763592956293349,0.0983817584900211,0.44336793296516763,0.7884157441089542,0.4585011261038069,0.7420848852079882,0.9341278899157994,0.24335652677596453,0.5802113181624659,0.4718088312610235,1
0.0691741095366955,0.17929232973281936,0.34890396842510246,0.6985378158540019,0.4575083559766296,0.8287980556549788,0.8292461474274672,0.37496727816034475,0.6830310277367375,0.4709624109480936,1
0.6627847260055822,0.6860933483237219,0.7436544439805501,0.5052295318638841,0.6064773683039755,0.7007035977109587,0.9216989354403542,0.051679503582742765,0.22432102810880572,0.337737790441439,3
0.8141177154932863,0.4299111467921686,0.7609894474739463,0.2261436704692749,0.006930362822246738,0.8624558569627144,0.851358701879291,0.5830334716231702,0.2588494513527546,0.9072127628538723,1
0.9325981224344957,0.5897742294669309,0.7824722802570229,0.06767534976677954,0.5514435249993339,0.6321792355279481,0.3641841038990833,0.2045500607369364,0.822303963124698,0.9699974771183029,3
0.6630312391347759,-0.8337628965945472,0.28640621988028536,0.2775234063467837,1.455544033556836,-1.0335195633844314,1.1011995845038964,1.4392450007570567,1.8537805106744336,1.230644112695058,1
0.9312702870962494,0.5872219380181241,0.7610834985493431,0.061771780383301965,0.5526228036865912,0.6339163218181653,0.37059801203316356,0.18496622293433057,0.8134392178067907,0.9702550278945584,3
0.6526020533250707,0.9089655187450516,0.02470286686682926,0.034157921566425,0.40334819848154313,0.3758186634287676,0.08501071040845604,0.5211618910151328,0.0752095143576922,0.9150118285979317,1
0.16091951432946602,0.8107387112528774,0.5523394353428264,-0.17682417354177357,1.2703321716325866,0.48188017563385993,0.6018849276757495,0.7355011427964401,0.2917067439417207,-0.1431023917608523,3
0.5299556647607485,0.09617022738225733,0.5397910045525003,0.21114766371626226,0.516249205423487,-0.24820988582069936,0.7187105370268232,0.6120003157541466,0.5391487508395116,0.9521874099897053,1
0.9173475958955977,0.8493919837077899,0.19847366590931947,0.9374018032175004,0.4290214544322306,1.0763975767082654,0.5907988129736228,0.15777306474581046,0.6754218746845276,0.46143639942314657,1
0.6966480505516831,0.6707473389236721,0.49271054145722326,0.5776570977171112,0.1764706450278967,1.0653108626868297,0.15053712582480017,0.324895199108343,0.133947805899539,0.6918918259296255,3
0.9636780322260219,0.6582804633057661,0.05059643932332686,0.8257197102714346,0.318452775229928,1.0969758895700477,0.7360917702101066,0.3146925189992852,0.8517818405419002,0.4402174754466609,1
1.0387764011275502,0.01887156345998403,0.8174747481078808,0.7189775405027224,0.6810676295034006,-0.049798313455045595,0.5213804893907368,0.25598202366796396,0.38715516244192694,0.48066509394167534,2
0.5210491390315456,0.09127044341602927,0.1135321279611858,0.8817360877060428,0.551283741719859,0.6401579078178945,0.8986832238660557,0.9954846901134328,0.26121513478529346,0.8554277684485593,1
0.020676033919447674,0.24254750254098245,0.7049626724925604,0.03874779043754282,0.04117646748427536,0.2910742117099736,0.1411118120049518,0.8738267317875719,0.44906760406120216,0.2841307878675742,1
0.36337403749509534,-0.05790556385809742,0.02808682881782394,1.032311129320396,0.6840508145765657,0.8309418121399189,1.0281996382045873,0.9099188193589102,0.22913184809012,1.0442835843253335,1
0.40167486617677206,0.3938555544222252,0.5077364782964491,0.8338700250253472,0.16277346018346942,0.45252709455179874,0.3182826521602439,0.0772627888809969,0.8407062193784977,0.2329930701120991,2
0.5977854935994941,0.9261031302434581,0.0966218654200629,0.08678265865668891,0.8354047411571514,0.14117876065965695,0.32565092328034156,0.7014084394738052,-0.10748124992572144,0.5624491395611546,2
0.7852528943176255,0.7626313052023377,0.2966278526689266,0.8686219399557646,-0.02020483477348453,0.9776390293246895,-0.13355790200463924,0.28977417196086375,-0.13264923187098765,1.0046634599590096,3
0.5177472367471949,0.15312454094015965,0.21629601668580667,0.8623681569149264,0.589136306141226,0.6893182238019463,0.8135929022657696,0.9189424764342053,0.28254588640995437,0.8919813202229948,1
-0.005640906825480074,0.21102449893438013,0.7186214280422839,0.027628636517226645,0.0442522705535948,0.2696599143098624,0.1545691117882523,0.8527424992063143,0.4748881536491825,0.2745388735268554,1
0.30569321967878804,1.103913509804442,0.01509272892871038,0.2670505997069532,0.6671041710517753,0.7717957661380416,1.0252685882943509,0.2995621656689911,0.6542692645692658,0.5335647180990357,2
0.66073259409119,0.8703184580982792,-0.05650759483907472,0.06943397600514196,0.32978312387281744,0.3879569523186882,0.2034725782952441,0.5456348962883344,0.16599011436755748,0.9864293691164082,1
0.15004616259036477,0.9349277482707783,-0.08142178971709488,0.38096348820815906,0.4168240258419458,0.5127063787981954,0.908585522845777,0.4455117286202399,0.8670152157047213,0.6914576032997451,2
0.3895265764132831,0.7038796548893538,0.6072312129536885,0.6685572103603585,0.06781173656208495,0.6057892264899851,0.09729453865315493,0.7329812569779303,0.6812057859625751,0.15314659110745774,0
1.0975970084725093,0.023918662444450747,0.35989809310049925,0.025615964225506785,0.06440217855417919,0.029560035324896074,0.4743632441309142,0.7724308834081051,0.05085049365780982,0.4492923303314017,1
0.6532298502803673,0.24281452132988138,0.03267410380504343,1.0298555623773318,0.569111610670116,0.7811671741012457,0.7379088695355633,0.9069468355438318,0.4517889685499612,0.8592885532528539,1
0.27433775908324526,0.6281829826121241,-0.035989158017220274,-0.1339144396253863,-0.024300004763774363,0.8657505756608997,0.6534434542533589,0.2826252550170099,1.0642347406792871,0.7549988343815568,3
0.5570106679436414,0.7104827276632052,0.3778667578326466,0.5365693808330629,0.1922239801927809,0.9782639109275096,0.1583715395879168,0.24064309524680527,0.11749963040596731,0.6545532725898002,3
0.015018046331185975,0.2588313796364041,0.3706802887440151,0.65833407164244,0.5310640513683881,0.7139856246154777,0.6572549898382316,0.47164129650779,0.9747415872833877,0.8863800580646336,0
0.5943556678452333,0.7102319984623633,0.7672892749703523,0.3841837214805231,0.6904070689827375,0.6853129603233146,0.8363987269922069,0.0979368846599734,0.1551659136346994,0.2908651476892058,3
0.04005792600901673,0.11073035225876122,0.7754656117181972,0.3049493173043198,0.06813803772561582,0.2592546229352418,0.6395874917123496,0.41636988782652895,0.30643174155585484,0.4432911698396467,1
0.9921273570118164,0.15948189249392794,0.4037369547362296,0.14440463019714472,0.0152437121579833,0.05741604140462207,0.5509324924862009,0.7425811853946119,0.016474652378520395,0.5176932232646599,1
0.5636059730990708,0.371317712620094,1.0242617232602065,0.7272626031669347,0.5730045006150872,0.9324932254859454,0.46080039199892203,0.34050400939852815,0.6896959788171886,0.3517094437122623,1
1.2968548055844933,0.1415935618363155,0.09569152076995124,-0.22291443170891923,1.0396810390632334,0.0613678535311904,0.18911928805601774,0.8661029863794187,-0.22439186257908955,0.5583279909263887,2
0.08362551855353487,0.08302636231037618,0.3769087587404878,0.5610745044680688,0.30289381392315207,1.0142533059280983,0.9756986793800877,0.4223286188257039,0.8392838213182808,0.41385394285948457,1
0.2727237843156039,-0.0830925565108099,0.15177126565968807,0.10782614901866515,0.6412981819211976,0.26887071931123835,0.32214625878874753,0.3437919433106022,0.19307259927337084,0.27520404109640245,2
0.8038342641592708,0.6890255630959943,0.19659144956564678,0.9791511727366949,0.5689025309943322,0.8534681719563836,0.7119605443403254,0.7553622474725314,0.19136842877593166,0.0881474629573272,1
0.6283349366989519,0.9010162803742973,-0.018148446849644395,0.06748431963701733,0.370477818682724,0.29960081384678966,0.16319330469287707,0.5060695670606633,0.13689665576793777,0.9448311797948792,1
0.4181718804102444,0.9047487656011237,0.3622508407911235,0.009452581167446447,0.7682090589491294,0.08282264438588546,0.4481153444825247,0.5597916303919817,0.7412120359331816,0.11912262831238414,2
0.9552634538819237,0.616739634430656,0.28782177474201565,0.8203446947218992,0.8462647455454101,0.834376329570563,0.7585418182105256,0.09060845664286302,0.7982330851306808,0.8781612745436983,3
0.04629119262432231,0.22997534995325328,0.6921411369875244,0.029061320588393794,0.033830079746158495,0.28162357429521295,0.12090127370517073,0.8846762049389181,0.46106411179559026,0.2794077633233083,1
0.6165576840074559,0.9113366558515351,-0.0047087337805304,0.05431038895510791,0.3894049742709427,0.33394877241229404,0.14321395000474071,0.4849472781759919,0.1381041793041857,0.9355206234879883,1
0.559276301625457,0.24945899518298265,0.21001611027455389,0.7829445701890261,0.2550327027466973,0.5084880354632528,0.4256095050108257,0.4984476687611701,0.5686288914380834,0.3497932981421492,2
0.3840575028955424,0.12441647101729772,0.1659880916771197,0.7092576328129503,0.4588406484624076,0.680833394428211,0.7552420911514897,0.7637612801050855,0.380352222214859,0.42214519575315623,2
0.10639956217182947,0.6095217138957021,0.07013517915296152,1.0554017918427214,0.4443176299982575,0.4805379680733836,0.5572681993932173,0.6322238773679933,0.7994584745437346,-0.19046003668685385,0
0.15587470606127576,0.22363748446435228,0.5355883994057673,0.7569477306983264,0.0842268802707354,0.1721140261203932,0.8052711496161165,-0.06208443787480836,0.8285609052880079,0.04061262812307434,2
0.5149924303872421,0.9416971266654185,0.14123784900528527,-0.014212666095903936,0.5141951360329552,0.024498209333747446,0.4003312100207052,0.5556287861967523,0.8374074220976624,-0.0010525131094916741,2
0.33081776972071064,0.36119606751318384,0.9471711763893705,0.5895380936883444,0.3601209833179506,0.7784600899153205,0.1737166367902572,0.6715389811782897,0.8861237093339465,0.39676208148913494,1
0.9619268084899717,0.5537329238713078,0.4299759131031861,0.6759646355806408,0.7467426645884745,0.7562481586324729,0.5956376057506046,-0.004640273698785891,0.7000542435818807,0.9731268106056352,3
0.01609861154439412,0.8065753315501226,0.3294108984833289,0.5377788304251665,0.8810609078508912,0.5731100448713613,0.9538942298915568,0.6533288087545503,0.66089373066762,0.11010259229454047,3
0.6164088002340193,0.5301074590785333,0.8377624216774869,0.6755809765802274,0.4046643003536858,0.029324716547673768,0.10799648955774943,0.16443364559028115,0.6065450497414531,0.5523059983343559,0
0.8099842560226233,0.0692880381068157,-0.13068357733479008,0.9882681635013659,0.765905050230387,0.8617766386505583,0.8330351603766595,1.2605660319373573,0.07448460075989771,0.7843780351998286,1
0.9747047618132447,0.5179156067301928,0.7847709014378161,0.11636298520311407,0.5405205416579039,0.6521274889115078,0.4166249065620639,0.13500028829132552,0.8145058463917495,1.020943637514367,3
0.33456470568545876,0.4372335715704499,1.0357779341673785,0.5819500152732863,0.25093886804228355,0.7429588148193744,0.20314035438210273,0.807707466731738,0.976939197827614,0.49908400198272224,1
0.5697675262402264,0.07059360940623201,0.06037257373277233,0.8082991612515851,0.5164422787754341,0.6546216239605647,0.8340510578156862,1.020180702177589,0.41830220073299196,0.8271561390206703,1
0.912187965778675,0.19907938590115212,0.4782934064817155,0.4761024335002466,0.44277776921615064,0.2755094638105652,0.03778868238853725,0.48137541915520515,0.33915343903812517,0.6718486475519422,2
0.004146686514254205,-0.13627855679401726,0.5910367517051167,0.9669199680226445,0.5312155498936344,0.7077345655329439,0.856096914931374,0.22168180381535982,0.8934007429025926,0.8860397245999395,0
0.09933935098939192,0.7930882625526755,0.3405031431780313,0.4985321729440153,0.4100301836982507,0.7614172612454518,0.8518335095178493,0.5887604154805705,0.5422049583744342,1.0547649458561557,1
0.6837951343301937,0.9610722584089167,0.8890635918353439,0.7588006430311101,0.8108129615735653,-0.12053460317600595,1.2250781969718179,-0.028452398986968608,0.8616533182727155,0.5954606577280451,2
-0.678891402987844,1.62050691110318,1.0080854651632538,0.5241132908767613,-0.2577571504188837,-1.0559784331197621,-0.06930180081577464,0.08982442760692189,0.35673917193430843,1.6992210322512307,1
0.31394622818833007,0.8768179437413832,0.9694905429596604,0.5975754675196866,0.04071537235077719,0.2400035335144275,0.23503081196062087,0.7731406636400158,0.098992335380501,0.2910264622265638,2
0.24878584035068754,0.2162536611502623,0.28493332104552105,0.6220936108304274,0.3908060496126817,0.50703471788213,0.6786928736891543,0.4448685358345203,1.144580208667959,0.8259961304910254,0
0.08317670634557926,0.09619234888278323,0.31594167346970875,0.6902570524319869,0.5116195017523925,0.5953188103845757,0.6090395802756039,0.39733286090165865,0.9189641970817111,0.8030823022020512,0
0.7419233180021317,0.10575463936803536,1.1246998846458747,0.4094943131766202,0.888415048167611,1.0441344276657474,0.3294318264280088,0.6934820962323587,1.1337485576140058,0.37272343133527236,1
0.10757085858196305,0.262339677334201,0.4169630332928504,0.708663788870816,0.5018256433336489,0.8147218475487846,0.7784972069381247,0.4099306090764041,0.5864469174252787,0.550646332978072,1
0.8151102428721217,0.1854483828658955,0.9048959788274562,0.8361244879751228,0.44166405900833033,1.641650368962973,0.361158176855117,0.9254976217542203,0.4891947658279809,1.2556970921532822,3
0.7095441005914904,0.2516435694575891,0.11075777767774832,0.43981649580602344,1.2781572063207964,0.03509414509839457,0.23692104254095786,0.37056548393418937,0.5154239037370218,0.9891813137609484,1
-0.032722409575838274,0.6468554787540304,0.2871456972950466,-0.12282659109757399,1.1634223396656957,0.8824684426601987,0.31314626899188874,0.5343158626800512,0.2915667604225951,0.26929566232449276,3
0.30494863426514307,0.879578363073074,1.0003328084818908,0.5773592902772481,0.04954435898555658,0.22629776875865137,0.23411673191633323,0.7510002454702459,0.06099054268494293,0.30372879008620446,2
0.48546224080081324,0.17635573034497853,0.06062043148442013,0.8616374569359575,0.5759551016344931,0.6375933661906705,0.8299099586895906,0.9894954155810488,0.2519110238245414,0.9094763670441335,1
0.8568307579311275,0.6528843389746246,0.1707324100545048,0.7448255917772728,0.3722214317336643,0.9451119908064428,0.74825898214041,0.16859500750160217,0.7741633945341987,0.33288147022194353,1
0.7642243875713903,0.4158178472648025,0.8606582786678372,0.7156259012599615,0.5288180244228071,0.5887619234120756,0.0819805426864183,0.6984563388342669,0.8691716664336306,0.41163780739177297,3
0.2520971991986996,0.354065929329651,0.1541919639264749,0.9488983900827497,0.10044039398743257,0.6122870378001845,0.5433958100820399,0.5690833186250123,0.006324965516981709,0.8587402525460345,0
0.6224139555187144,0.8195417613339725,0.2269827572274824,0.0656885218908626,0.7064559509771929,0.09041635967309097,0.3412808250233417,0.3386915225128274,0.66187726143207,0.028195175721117124,2
0.21932653373833802,0.6019022258650437,0.5811515570192424,0.15937774888223288,0.2930412559980466,0.2100023597577712,0.35100123291562346,0.8418385911909638,0.7376935457479649,-0.08091926734387955,0
0.4847213209102771,1.0223002248320165,-0.006554305106788838,0.04189021638492574,0.6606283931966713,-0.08859479169708703,0.2862020554441697,0.27573800868209264,0.4501249042009215,0.008325846577378745,2
0.8354867590962333,0.5841610282105392,0.7245112923602431,0.2526155806802164,0.15042573320418007,0.8034861446343154,0.9708849172432833,0.6646678117882113,0.3995817128672191,0.7532221097364081,1
0.6157278943264691,0.953126744420125,0.22721885475921083,0.18827710143188586,0.7616136080945958,-0.01746977122925812,0.3150656996875865,0.44493688273231763,0.6582662618847386,0.08550649842138301,2
0.23274437501351586,0.8844963255447506,0.038041969517711424,0.3932016067363132,0.6093553165602257,0.8059658037947844,0.9925262561155859,0.24151254612845566,0.7533325916705284,0.7108335722112784,2
0.32376261668833567,0.8181677918087283,1.0358756837669147,0.5778436619581852,0.13291691634548913,0.16153995578373073,0.27507740219843047,0.7948915529248333,0.0954060867884709,0.23942398111619467,2
0.5298923671547071,0.22725723917522847,0.22267729577401532,0.9490877198062423,0.17243737307657114,0.46553011661732857,0.4453115122584777,0.5892385819755733,0.7518639155261382,0.14662180228570076,2
0.07045405471928423,0.20819590080262634,0.35419142636466044,0.7180156953274651,0.43001148310773746,0.8144700670496235,0.8318336644357165,0.3386183338694971,0.7028826533506782,0.5035515696283094,1
0.6526777002944748,0.30325227008325134,0.7533867944163667,0.31114988037625835,0.6999642959150364,0.5926917786313927,0.7091741883125369,0.3798558353147967,0.19001606453780956,0.1804348464171597,2
0.8279872068772736,0.5439787283513523,0.293421065978165,0.33414870895538773,0.45072398904818106,0.8460743188129901,0.3971847946366674,0.5290877494828021,0.12318564248567211,0.6771317788544603,3
0.8003507467670492,0.7420420858410598,1.1322180544049294,0.6987846089427344,-0.19323261481020687,0.8059359455401496,-0.6756893767194023,0.18431502078701922,0.6816146286749223,1.4734640530510743,3
0.573137912436786,0.3980128846259871,1.1477636571615966,-0.2568709168774181,0.5597626755241709,0.7743874179746587,1.036156140111031,1.224566071342122,0.003508082147715308,1.1002312498537747,0
0.3225889707175972,0.878521118741457,0.9654020032306289,0.5813911591754627,0.04906934195764792,0.23238300903824777,0.23190577694761108,0.7644758877625931,0.09402002722983838,0.28298061783198714,2
0.8929673310833257,0.6449192244414577,0.173499131248714,-0.30675190648488426,0.7749327314168197,-0.31988013036585017,0.7318139656126936,0.4879304799039761,0.19782189096954705,-0.4525658754077547,2
0.2883998841371194,1.079668147830432,0.2105275200591404,-0.8458635802675922,-0.53067915427149,1.1869597546141635,1.544522223210373,-0.4481489187544112,0.377657697654785,1.4618807753661454,3
0.8973078938606684,0.5587138200282205,0.25252896404714104,0.6817923195392966,0.7835020822583736,0.6749811994130394,0.6408845240001695,0.0906715809424466,0.69798010375962,0.8831923716588702,3
0.21793098173585584,0.7526116902324064,0.09959859921233155,-0.009404861332548798,0.029598961705050206,0.6689213198412579,0.6297450670202981,0.3592325155809715,0.9069167451282563,0.8750247483418612,3
0.015868091787751448,0.9513812656013341,0.11621245766872454,0.4874124114436974,0.9444962344739678,0.6778426385999962,1.0555454232039614,0.19468720186195962,0.6099105183529147,0.6532089637918224,2
0.33709683476659613,0.9074189197069928,0.9360810701975669,0.560621658766036,0.06848817835677284,0.2188248275746162,0.235544853246137,0.7424180645543477,0.08995609042294915,0.26633327428726994,2
0.06160501213656547,0.942990122893381,0.962921098861564,-0.17424895411796926,0.3805276038948941,0.3384805711131541,0.5997038432551998,0.7724935762577514,0.18293053491927191,1.0556527822845734,0
0.8655755088767558,0.5043242608150145,0.22997188903430404,0.801763513410436,0.8510451681731966,0.7481421455240105,0.6469248634761774,0.18330945980939573,0.7260923483935299,0.8991019833010765,3
0.11171350103099514,0.8813474711188788,0.42107700669442594,0.5063226840631995,0.48556087585473207,0.7401769167822473,0.9251289459549448,0.5297979584172937,0.5186810603857965,0.9782038392449974,1
0.37263266394696437,0.7515213611435014,0.2037109069132951,0.3646162087851624,0.655482595533165,0.2049965615006062,0.8789337471559857,0.17556591737258886,1.5044134336679695,0.6239862221741754,2
0.6020856232229759,0.348444525395035,0.801182235781237,0.2784743872479952,0.9648816135588487,0.5612691473349442,0.4974815586235751,0.10578379859713247,0.1033069307779632,0.03682106831453677,2
0.6293730633447961,0.9426269805537681,-0.012734633255198021,0.08696182643189494,0.41971254195457103,0.32309381216262784,0.11628280973458585,0.5095224473274313,0.15099545545865548,0.8912836936100307,1
0.7947752552830037,0.14261477160335373,0.33159066079866834,0.5475011293643866,0.3405732187904435,0.7491613349369808,0.842712544593036,0.28287347584904843,0.5846579451352568,0.854040675790708,2
0.09005018098690414,0.1062922713532976,0.31715012333583165,0.6741320366417661,0.534598043492154,0.5889480835898566,0.6248214665977445,0.3881800425962513,0.9248464355240592,0.7999732757317636,0
0.07846701024807791,0.20553945209444743,0.3786182798034731,0.717136995077538,0.39703176302608195,0.8281651530920137,0.8033826165805137,0.3981017229140823,0.6674838293863998,0.522830098122311,1
0.7033570219212336,0.8242341593816995,0.26525670546548896,0.8673831378204675,0.4952100699094299,0.9334521131806028,0.6967445844005846,0.09207077114837639,0.7974554757121064,0.26133156283658127,1
0.6363657192317438,0.20098467886853388,0.237010858598254,0.2974134858502306,0.6007886554924526,-0.012356634141047623,0.6067559134303319,0.7109760237265241,0.5517190898363171,0.6882378364375541,1
0.17880829679113142,0.7402530444713047,0.0041372778945816605,0.49862522035664236,0.5275818931647221,0.735653508475202,0.928476495476021,0.3484162193567861,0.8660013639610591,0.7683260582464385,2
-0.01341951410071622,0.8201005590995218,0.23398962760918196,0.5129414177569546,0.9010853911801261,0.5506279642582999,0.9634693937904156,0.6784858406478794,0.6863417888610212,0.05711964251415403,3
0.18337646031807814,0.759233381768285,0.3023663808601098,0.15378740265230273,0.7189819519385572,0.13569958807128346,0.03600789706585694,0.9252227899299175,0.8317684555139842,1.125669334050246,1
0.7722990602862387,0.41561500774930193,0.8630658892593336,0.7447976482276302,0.5395107805376138,0.6064954404783272,0.08612428086577836,0.6683521857534951,0.8508676933012062,0.38757015566356073,3
0.7329285288509929,0.8778341896917161,0.7211844504665973,0.42889205305437544,0.1742900536163004,1.2705869337265026,0.4019809081093233,-0.07999240442528849,0.08975940394914017,0.4462076145957443,3
0.7556217498747912,0.08261835887788754,0.5702374660699574,0.6419742911042357,0.24366594991554352,-0.18069514669403278,1.008559811829226,0.47900932596807005,0.1128317945193511,0.2322200953038736,1
0.25635956558141026,0.8894180625915583,0.09440902692862421,0.4551564528138387,0.6005913637570276,0.7448160700773468,0.9627702764003017,0.243460120939118,0.7463314157761818,0.7861283664591603,2
0.13448872502706766,0.5633344691638047,0.7987143678566995,0.34980393233608525,0.6667215646860851,0.2735072188691653,0.24746981608508603,0.6175779652385783,0.11847175281309033,0.934023011503313,0
0.0853466894221318,0.06933191912779707,0.4980888463638925,0.4758681668339414,-0.1706458580425626,0.12104949642423818,0.9605095373513648,-0.2724269521374818,0.6129431287373754,0.42632207719836324,2
0.09884009566611023,0.8336301779522478,0.4031860211713965,0.4502292709806247,0.5355325910424791,0.731471625793228,0.961109483014843,0.5753994824157806,0.4607135885329104,0.927468926012836,1
1.2547167717842664,0.7740432240207407,0.26529607352537954,0.05915442172915769,0.5361377529890032,0.7770835067041302,0.8751953684872005,0.2156766011439862,0.040143854569972964,0.9920689683454642,3
0.00947797705406743,0.26443749887603485,0.30393057227244547,0.779851653878529,0.5255225734061486,0.6869005808076274,0.9619470468154145,0.5193564780527004,0.6460505910330367,0.5953239681986593,1
0.8746891441175547,0.6943526331986485,0.15650036037981305,0.7850695906816774,0.4040667353011385,0.944256654259484,0.728970939504312,0.18698158762646125,0.7894213764675672,0.292112655137817,1
0.14027445730911364,0.8858516458335328,0.2835230401798463,-0.1905255195279561,1.1126785980907141,1.0236306522235195,0.7747059974053307,0.711187591249411,0.6879956678142701,0.1562264871102906,3
0.7107987064199365,0.3864010169023465,0.7094004775795945,0.326803558533496,0.7084157510700773,0.5402094856144349,0.6481875137531186,0.35859246956714846,0.09978095622404842,0.20755790356812048,2
0.4175981230534939,0.952862476572481,0.08684599255839645,-0.011908796471049324,0.8196999595054006,-0.24076154830241114,0.34128656773865207,0.4304037409943947,0.6640084374575592,0.08840871106969499,2
0.5913100990603514,0.5903208504711799,0.22085205245618256,0.05886515235839118,0.62211576105425,0.2165870628311069,0.2334388197072949,1.1510135464598208,0.22217570450778823,0.9774981508553502,1
0.6255584829542393,0.9137530150110493,-0.012948465890952957,0.031323759894985446,0.3663800629009369,0.3047665402305392,0.18044690824756934,0.47763050147859426,0.14542948551227103,0.9536888310276485,1
0.5296717199112417,0.6502602902242554,0.005875785239889658,0.8077502373126136,0.2898639232988946,0.8214334067200224,0.3348814333307515,0.5749100654772695,-0.054740621284010096,0.8035729108670183,0
0.9158233003618528,0.4483533870633733,0.230730415283393,0.7938915375736103,0.37069406672758376,0.6435410961443168,0.9083716095617231,0.5061502029923819,1.0145002451541618,0.21699119653222626,2
0.42303663688241316,0.11713111337899956,0.6759874707264977,1.0298126803625878,0.4754056675955162,0.573455299710771,0.1473898494152599,-0.03411482578822943,0.6721226412936488,-0.20577315640822308,2
0.6435446489433805,0.19157978420910524,0.237225758103518,0.36297920286963903,0.7903112346519863,-0.1077709751563537,0.4388098008658151,0.8340654034444827,0.42644344353767255,0.5041648041672145,1
0.0465994872859478,0.1791553731147266,0.3442933878967588,0.7051813153659059,0.48764594811624573,0.868391007431249,0.8511266371315616,0.3559920819331255,0.6725965765509906,0.4758141705675694,1
0.5201127394742261,0.46076654355667523,0.25680762925426975,0.9156394490093758,0.5977121409140429,0.9204436026512182,0.37659047330024253,0.46349106124958683,1.1035491146631664,0.8703955369122344,0
0.31833240293238046,0.8691141822720223,0.9973887843447601,0.6161493422366163,0.05272631841075145,0.24646483351825227,0.25013666117673156,0.7628597705355715,0.11264127731586514,0.27670047532610076,2
0.2955267555084054,0.8961144266846809,0.28274062063232847,0.356760851512396,0.006969368957705641,1.2668081081162983,0.4543854058615945,0.2563490786540137,0.15276942834813395,0.9461313495280594,3
0.09715110399666463,1.0697644256643568,0.09323454752383029,0.28251535893241997,0.892962860600176,0.8030302794204065,0.9593556837954773,0.1894973302048051,0.6043037412573062,0.4909012344095581,2
0.04309247812726195,0.23356121707495364,0.6878029779696512,0.022961811041169306,0.04373187073983882,0.2896686652100841,0.11942513899554189,0.8862090529033466,0.45077697252680454,0.2784104413178019,1
0.5057648435137463,0.8321561579763848,0.3173857304660978,0.5136299511916862,0.7825136455167161,0.16193469712862574,0.03388467696560081,0.20952427563842094,0.525458215115776,0.9370562696448751,1
0.07889043852707145,0.8614048957962896,0.39498209463109596,0.45659955626552856,0.5319224631439903,0.7089549679519074,0.9340174005072318,0.5763286269118292,0.4554047008935434,0.9326049849011551,1
0.5187111154753178,0.6463186919402506,0.7029001474110087,0.6429510396453154,0.2628979507217719,0.5815894656946087,0.21475520217934602,0.8941416255762418,0.47139902428186675,0.130507664509985,0
0.6745750772372602,0.28007245687953114,0.3857887866215409,0.18331014903046033,0.43713069231715485,0.13874718944569112,0.4969090933875594,0.6600849250877734,0.7637546775912665,0.6468079104516405,1
0.29915335222698425,0.8862642821347313,0.8514517823265165,0.15145779449526836,0.9619733449635802,0.4274178666908879,0.7116865398579516,0.7617689184878776,0.44470794659945484,0.7754716086187974,1
0.25330271476801236,0.31265714001465184,0.1574374797685352,-0.07309976741583177,0.3974547173401952,0.2641269347534071,-0.03769380481461662,0.37975769982686847,0.7932150557170623,0.5537810389921788,2
0.2146689979230082,0.5630411516449583,0.47930048561526595,0.5835209090017355,0.21530841621365002,0.36865652400406074,0.48814650323993664,0.01091222040956584,1.0076790330130168,0.2998977513162945,2
0.11607848873122842,0.7021527632100791,0.48928364310175104,0.4721072284029625,0.004394185102567533,0.5387160886161224,0.9255848140341948,0.3691722431076695,0.8941588680176039,0.5218870100038324,2
0.36669440880540466,0.31989515166202653,1.1118109742456066,0.6104311022279575,0.2662561221680507,0.7358883325112981,0.20454901651950524,0.5300790581970181,1.049131791251364,0.3642491781857947,1
0.7041558750839108,0.2983908707700077,0.29136591431729075,0.19158531272519275,0.5615617452524813,0.12644100292202465,0.5187306865012852,0.7476600511872236,0.5517668425692756,0.6319066345561711,1
0.6899168743749675,0.9134255237512903,0.12375284963012842,0.7963980691193173,0.7390951745110614,0.9013388621461114,0.6201371803938072,0.5775558281231874,0.06411298121894889,0.2019456719106158,1
0.5340571966641999,0.7606699117143461,0.8396429280296058,0.38137120909736094,0.5960427490528972,0.6625982216663696,0.807272955466564,-0.03195453498613195,0.3009427560257656,0.38726021033931507,3
0.33424522702137105,-0.17017086581791774,0.13004713885399216,0.6809365325303776,0.19156319142782874,0.5809978475861323,0.29509610039413126,0.6108963429595747,0.9594777459873369,1.016575856363012,0
0.2470580134716331,0.6381759334638789,0.0037127307049435896,0.04176145717632203,0.07814503565058142,0.7517071340339072,0.7403923351640849,0.282558030794334,1.0174822631677853,0.8493886873264302,3
0.5812798330313234,-0.581108970996465,0.21920879567716187,0.223163449278664,1.1769254409340337,0.5211069672228519,0.5948282051361076,1.0769640152833413,0.03013106065769261,0.48929016143673904,2
0.08109154662161139,0.8102739488594894,0.7560594848513944,0.6043599998744271,0.11389476054625479,0.7737360127415469,0.82199379923739,0.5821052683470098,0.7338594694376106,0.5617235449090274,3
1.2301316752146643,0.43170794018404557,1.2854056803612317,0.24657905238010805,0.4435042133788584,1.013645360681579,0.9813005331090154,0.8796603501681381,0.40667344051284976,0.3149031332976974,1
0.5755894339978658,0.8171310242399376,0.7977139885682556,-0.26660786274125725,0.3483558117637898,1.1288605531913067,1.2445210689570192,0.2957237809888756,0.014233244773349474,1.136953348757536,1
0.33184034610074703,0.9192921795546107,0.4203843902590491,0.49607535005698916,0.19763828909529796,0.5325076760595278,0.689117811630227,0.6787418932212002,0.4531227497054002,0.08874749467630871,0
0.21174818353721905,0.19633400923564992,0.4944228678213448,0.5473514906577464,0.3075636922045209,0.3990153919486195,0.29783799308351766,0.29196210444100135,1.0747145148975394,0.04703945349019714,2
0.31800827137263615,0.8737315648850343,0.9575626901550799,0.5528827362666984,0.07653279376001794,0.18154126094041806,0.18063026616354966,0.7916392049353048,0.08085975575890861,0.22897028961097313,2
0.1761850221670428,0.06242522338203601,0.3086327720030888,0.6331222658432188,0.5363291142021586,0.6811537982191636,0.6824422142576038,0.44890552539239237,0.9960627069515022,0.7229886213328295,0
0.990695245016711,0.25375233743569237,0.04995852031888559,0.6540034618599777,0.7410642364544361,-0.46989108276855474,0.6502957714433606,0.7071564583609401,0.9925239319350616,0.9868127726307,1
0.03555537951768922,-0.4332616048388507,1.2022649829465568,1.4267184132157242,0.4625112333257346,0.5957544285992568,0.021774129121948677,1.1285803244529062,-0.14353742051744534,0.07225988711524325,0
0.497843494599216,0.13133048350840387,0.04393778927704853,0.8723152332378106,0.5401685906169951,0.7723648721022334,0.995229165668834,0.9602773314565215,0.3298215935796152,0.9134140121899543,1
0.8670186816731326,0.6275329806746872,0.7209624680915117,0.18961040709125648,0.6310691130252505,0.6316432553919198,0.29320556572616163,0.14297967883068052,0.6997138827667213,0.9818327249595835,3
0.05351932415812774,0.10087081789909128,0.7889408513841702,0.29781038854709857,0.07035584857474315,0.28763629117896045,0.6350400605914434,0.40620355839919003,0.297799888809661,0.4403039821027267,1
0.545546880439897,0.7649920705512538,0.39341128430344086,0.4425904679185905,0.15247846494268674,0.9676157693429956,0.13675750417431384,0.27325039060094736,0.17498372226677844,0.6486919106726609,3
0.5578859642553321,0.7273647230397665,0.4559179346523991,0.4534080173986408,0.11449611994806397,1.0234950248155124,0.135066436975192,0.2686007877016678,0.17474174100625353,0.6614024172243882,3
0.6971821664436348,0.5072695041084254,-0.04362169314202835,0.19281239975817432,0.885477758275236,-0.07067053933905566,0.5754218695979377,1.0594415112915627,0.2898746030749416,0.4276604773486835,1
0.5602889337518414,0.834268607889886,0.15950563467466766,0.07715108566248796,0.8029968927803964,0.01928063057583857,0.2311497316753913,0.4087392101287257,0.564714466516913,-0.003937108120738506,2
0.9956645393519596,0.5827713782782584,0.36389882246514443,0.8647458495298944,0.24861471338252317,0.7404430668109415,0.8094810935620672,0.390587893466393,1.0406506740654764,0.1861424516496038,2
0.774307308436622,0.947019893072187,0.4075439060847757,0.3492797278989691,0.8084026784022658,0.6332346516277234,0.129719416212097,0.4597357695315942,0.26258890600467444,0.20437435069779336,2
0.3861255671437126,0.21971466934740724,0.5279905409065538,0.8170936315404003,0.5047728927623047,0.6676081954895853,0.29413597693590887,0.30008253746920777,0.4342429192472278,0.844662568568233,2
0.8528336189207982,0.4306238524495107,0.5650649047658524,0.6547226775498747,0.13210239109834832,0.9963585634736158,0.276426206076362,0.22294638895954472,0.01637565827072643,0.7979241533513485,3
0.5889047703861459,0.9079641000264327,0.10901168973641662,0.014257396446676007,0.8632505150309211,0.5616118729434135,0.1763364199179035,0.43100731294068967,-0.07714686448982919,0.11085887054421262,2
0.5801475627023248,0.41395324438038095,0.44506737647730066,0.20970059200706662,0.597978182715201,0.22425259499455205,0.6355955958235162,1.088269161587462,0.7525625756999452,0.3231185498552731,1
0.9419138311379175,0.5793267493222649,0.7647569821521211,0.07359758637638673,0.5434390321808911,0.6244867474593899,0.3774139542023367,0.19008693681406416,0.8165821710724128,0.9690975924950666,3
0.6504392316201623,-0.3468837693366881,-0.3124086812850363,1.0452707696014454,0.25441674559781985,0.4269256703196228,0.9990382366819738,0.38459832895881896,0.9650851291355742,0.5540451382247991,0
0.5107421959370395,0.7705243961175537,0.2826194122891865,0.3457199167625534,0.8446959172317747,0.3183458012797693,0.2123688141321381,0.5122716989738337,0.05632096980262332,0.2266597421562247,2
0.032058940186560754,0.23861565397242082,0.6993486478704392,0.014333019505182454,0.04224437041572733,0.28261347824941196,0.13223287572550152,0.870217989419602,0.46438340393266264,0.2947216937451288,1
0.3193926563948095,0.8803341995827829,0.9557861311598118,0.5661895940913171,0.018353447015412583,0.20512758034296255,0.2593638742362154,0.8027838738670532,0.12467957420114063,0.2722756834070671,2
0.8244576524321929,0.4486620952401503,0.16627391268884367,0.464054804952136,0.6296362180428187,-0.001632734754215378,0.5924191739858885,0.6066394283398873,0.7111620221383986,0.5956075701162795,1
0.36702845171129783,-0.17743088227645398,0.4293178297401749,0.6845504430720484,0.7902182240198168,0.12084652066318491,1.2100802107455446,0.22403296797017064,0.9999954089930854,-0.46870794990193354,2
0.13077653699010566,0.7443725499239688,0.2870257226284535,0.5335308040202561,0.47788623681209347,0.6570423026497911,0.8422553926553301,0.692694239692405,0.588424437666565,1.0422010851588386,1
0.6920262125099209,0.8778552303309262,0.30008347469844443,0.2465257258477507,0.6883897332303217,0.34273019988839315,0.18165317480254117,0.4784327395395123,0.09813922320450827,0.2922414866172761,2
0.41163067489427213,0.3064296112200916,0.39390070416164297,0.5256196475546987,0.1874724307009591,0.4967737843280525,0.718135022165679,-0.15413170845755733,1.0315188239845146,0.3257576005138031,2
0.8263774899018776,0.534729834572867,0.1783437256354719,0.4688570652258809,0.27274449353038543,-0.11875893007693611,0.13417575252194766,-0.1557008259575462,0.8943861529953872,0.954688289907189,2
0.36520340858077904,0.5441351619958681,0.34723211677873755,0.9063260408081145,0.11432898284597834,0.6998967562888454,0.749142615738435,0.2193619335937269,1.1437024881336333,0.4637499473134499,2
0.24351747075876615,0.5477512904819751,0.8600356565244337,0.07924389157960468,0.4905386139913174,0.44822580194265926,0.4235308775597714,0.9417591442224097,0.15486480526169855,0.8705346373583592,0
-0.1501066458236417,1.2856508772204114,1.5750281922567897,-0.2564897585164832,0.5975366303841733,-0.026326006205569463,0.718618090938077,0.7861777564595921,0.09911187503064678,0.6595543926577592,0
-0.161756798849199,0.42685688002674954,0.8840137894504804,0.847827537034592,0.8362506994601545,0.8101663668051491,0.4562055220615024,0.5591280747374048,-0.06120074750988819,-0.08017912996557452,0
0.7242540325024722,0.2889058697933585,0.6705929255734489,0.4263683226133729,0.8395799741210865,0.4206441373298645,0.7148909839802526,0.21715972423646995,0.10666047310667057,0.2412419983146721,2
0.051887536088580925,0.11268597169424041,0.3159075908323503,0.6659464002493768,0.4484263644630214,0.8875583158843514,0.8300865375268689,0.37810686633976914,0.7147786999557839,0.48787022874851416,1
0.35951851580230204,0.641379521789322,0.03966569022350877,-0.030996474634432572,0.19233748159305775,0.8194639199713951,0.8380823771643349,0.1400721342273944,1.0245204545271454,0.7898131958155655,3
0.5299411487578252,0.8232447180420782,0.3220887550974601,0.5217255502582772,0.7843528779690094,0.16900110498781803,0.008373891456684865,0.2311354004220924,0.5538800444389654,0.9344513977052482,1
0.43940309107571296,0.12100091045815253,0.1808956687321298,0.852620842815185,0.5336091132557528,0.7228179668979019,0.9044877333193859,0.9732083333655024,0.3138678487830118,0.9294955742965583,1
0.6026212132195798,0.8836207505164424,0.1862031405309155,0.10598035819202012,0.7826684149350878,0.0735539664889707,0.2578510474936754,0.4041879236269098,0.5521271149890086,0.035925903285618566,2
0.47492399620011755,0.5843064984623765,0.7884405833827365,0.9905952238872087,0.666936516746198,0.6168548503599818,0.2600855895023844,0.34098863110731614,0.8116163596158396,0.392414458016301,1
0.09731604134720345,0.0891340491935916,0.8393546519821964,0.3933906809823703,0.008328666258588302,0.28936285740494583,0.583765535234452,0.4898349160436424,0.24126278223922493,0.44124353779906256,1
0.3539457556701433,0.2964991321449316,0.9259621436740811,0.7519937767924956,0.45083786788940916,0.8027907498647124,0.5651652029622598,0.6568855003780925,0.69493178396817,0.160116940117647,1
0.3137619751161317,0.5014142180878745,-0.09399465234560675,0.8284981558412154,0.060922294214020054,0.5358517033196636,0.4742312015987522,0.8877776423837938,0.6257268086488952,0.17618992186271176,0
0.8562580626811762,0.6647683101937322,0.1196131036364616,0.8514334768922344,0.42261903762687053,0.9513428016222055,0.8292869839959033,0.061191779696219806,0.9233465689408433,0.4310350803297268,1
0.5897680845483614,0.26632002542899114,0.3107566681284093,0.8933780866536467,0.20744979179561204,0.45593603712642705,0.4979492270414985,0.5906078857924153,0.6586750648261708,0.19665514141282545,2
0.5153145171212254,0.4791489676052869,0.29813975692470474,0.616900557309103,0.011126057442853776,0.1947573370974593,0.38492605961876863,0.6506211386268439,0.5552557369688526,0.4998467889263365,2
0.20525636931178728,0.0007888622386791888,0.19097021957755195,0.674169398000391,0.4957387770689009,0.4866255374414775,0.3961616238226352,0.2543588994787692,1.0838648197881717,0.7313931935283207,0
0.9324060146745848,0.6105448235711101,0.7559718854850005,0.0479231725806873,0.522707018848292,0.6124658448342222,0.408724765374615,0.21539015803693895,0.7882347054142645,0.9861735084697749,3
0.6476783339333672,0.8984656751274734,0.04956890649389706,0.1012653695360426,0.3676311669358121,0.3317159972038219,0.10922525848888513,0.4885670733378446,0.18177948066595315,0.9055693177647817,1
1.2736472111325943,0.27960251349601956,0.40223714802291866,0.4459168467215921,0.03290436770011346,-0.16311620514653546,-0.43181305328472586,0.2038878344723248,0.5218406859524257,0.15808316819281953,2
0.9913403931831136,0.5727906254702221,0.7253980139857558,0.03881363477662408,0.5888764172511669,0.6030476562396194,0.3318770752763476,0.23942987902705143,0.779628070536013,1.0112780853651706,3
0.7129278335439415,0.3830041426995721,0.8415251217653774,0.7085911021126368,0.51789641045879,0.5635032869072321,0.12772908222012366,0.6766066352974166,0.8330142342140681,0.4582838876005515,3
0.5075463228904206,0.4980564123516243,0.4295356365884515,0.43447232706298533,0.891020223314919,0.29959722948886425,0.7833035948001665,0.16681014348805967,0.35486523099635936,0.30962585532505765,2
0.7625032851657975,0.4080608841399065,0.866661211193147,0.7294159329146641,0.5182802379263267,0.5941371503356148,0.07145511838297729,0.6852192394443325,0.8550861454909899,0.40237489348252714,3
0.012068981088898777,0.1544507633668909,0.33379346225206813,0.6336599084572082,0.38897044278109855,0.8430722348509553,0.7762926258102552,0.39116605589314735,0.6696076922080028,0.5432834222122955,1
1.009832128459548,0.5422561599931295,0.3226883388766705,0.7790473261120492,0.40395992334161246,0.8652520185014954,0.6967178786581101,-0.006392294784300007,0.672600052376205,0.3108625357423283,1
1.1382900800218791,0.024777823530540033,0.8746949582701444,1.0610589404355828,0.6946027100298509,0.6426923746186934,0.38157175562706297,0.297153128548446,0.07259346858897153,0.6926900281192131,2
1.5700639095291338,1.127398757774115,0.3185061957224943,-0.3297153622900636,-0.2690941594947295,0.27072266009467083,0.2940365166445076,1.1687875953897018,-0.27326214090923606,1.3037573801820344,1
0.6054373233751307,0.06372663008317075,0.3166898336081689,1.3952644640471157,0.6733050648237812,0.695708402644804,1.350182827309241,0.02667137164757949,1.0431260664834245,0.5982190285543849,2
0.751686141992575,0.6999580013769263,0.7978390953049381,0.19998694632126332,0.06258759251494835,0.8098301164937152,1.036345626693174,0.6290717562063215,0.5080968777501385,0.6356009513431484,1
0.45871926078418257,0.1898273516885553,0.7339068338656185,0.6810295033933217,0.3366084747485527,0.6283824662287992,0.7116144777302451,0.542566271559887,0.5973335013948163,0.0012571879214551274,1
0.8026925944495411,0.5681670249479406,0.7251704801754059,0.08516354379016428,0.2849037754273155,0.9234024673769529,0.8972443503910701,0.5098081439722815,0.4662214465312391,0.949303951141262,1
0.6064467187484139,0.903360454102135,0.19428130208679179,0.0878779299992544,0.7604457167773099,0.07712590695247204,0.28784028966568165,0.37807818950639205,0.573484571000436,-0.017679297389473048,2
0.11215125940456704,0.5573949414287414,0.48501899663321,0.0773573173942324,0.990460961800421,0.7286381407895525,0.5216181363700946,0.532549970580323,0.3999406998847314,0.09254311664065207,3
0.9284880352511041,0.9471303256359827,0.3361437953144664,0.09282203737331395,0.5604443952428102,0.8921622492504967,0.6953140314485671,0.031945420775699715,0.3477432638778061,0.8927185661363549,3
0.1523038419575164,0.5399430727363903,0.5068419482778785,0.07414266494161605,0.9432915013489098,0.6971009303715581,0.49375068960767826,0.49109382162656146,0.4140019777159792,0.09957665283931713,3
0.4897709103776324,0.3597048681324804,0.06471551318902524,1.1710257662837213,0.29996643705464665,0.8885650021005316,0.6109043624805242,1.2622759361709723,0.28570876293474906,0.7439751002438608,1
0.31680475648447937,0.8727639091890614,0.9688334691301361,0.5964098719380031,0.04770783448447537,0.2539053364929192,0.23337229727841063,0.7952328273588223,0.08018336794041751,0.3067011178360535,2
0.4568945523100451,0.8739465889915227,1.1044242173814471,0.3949671772977338,0.07034147972099747,0.8499316252704514,0.8123900619260078,0.8889964413389024,0.5913259635782718,0.7000674481271317,1
-0.03471553455070292,0.14531580982591852,0.09315363581803454,0.3725778810817147,0.052140912770175116,0.12221216311161215,0.47212904992794225,-0.0690349912510132,1.0971818873676187,0.163897539606586,2
0.5476968350105026,0.4004662556447645,0.9365366106096338,0.7106438719593814,0.4905940871825139,0.8708722313450461,0.4426675328104619,0.32281437546505287,0.6614849399108329,0.2691763184854561,1
0.2161889315065548,0.9070192407456668,0.06331770456545756,0.4461306674931141,0.6135389715183107,0.7694666007179838,0.922498384477204,0.20489486719303412,0.7298212166888276,0.7311268862010987,2
0.5969527197768127,0.8364655679275751,0.16391475707018777,0.09597056009192584,0.8455176804246253,0.3800394274046843,-0.0009813386696637671,0.436860733298685,0.01078713457641076,0.20437100044020343,2
0.5026838720521994,0.09202691528398536,0.1485573552055501,0.8473105524092437,0.5771665742406517,0.7340580088414213,0.8307249635875148,0.9781540165808001,0.3628523841771257,0.8273800118924834,1
0.2338704850616043,0.8100146465215773,0.4776221204133056,0.6230881273928304,0.4023153252272125,0.620276750616051,0.18822519166122353,0.38215312116844646,-0.17251937786206428,0.871628338098551,0
0.6921714561142291,0.3294396852885136,1.3698922696342657,-0.5296438146074932,1.2110209006739385,0.4007518160776674,0.32626965610530034,1.4872408782134954,0.08747287860085662,0.05912238427370285,0
0.9079072642217513,0.592464495512362,0.796937273947756,0.12395228887802975,0.557991619518064,0.6774313134619513,0.3602807714741643,0.18894316499187824,0.8100581377523531,1.023672380218925,3
0.14653649560692628,0.10480910991551298,0.33587017400501135,0.7737685356356148,0.5328770552625057,0.48744265585035756,0.6146575999009598,0.33011249954824773,0.9791381571991423,0.9031553982085314,0
0.22021604076376297,0.5005714471574415,0.40550515909449036,0.7330861529246551,0.3797747051927432,0.7159062252703178,0.5252030499299355,0.7841025794043665,0.28025495893721125,0.08971942324045802,0
0.5845910520311004,0.8720348264776697,0.1639266644428162,0.1096510148900154,0.7784647046349105,0.055907521798562815,0.25660234941148646,0.3727884115010512,0.5833631066101207,0.007980591693771244,2
0.6496065397225209,0.7165909601849906,0.7603329527665591,0.4433162533023895,0.655296282105333,0.6371125441515102,0.8813228398954281,0.07188400961848149,0.20710540868607075,0.32984844126625495,3
0.9511779625812364,0.8952427796876761,0.3492112798937192,0.1301233978561684,0.6120748388990838,0.9919592011720755,0.7771559392259076,0.12797196948903536,0.29447890344961175,0.845674140965354,3
0.5367029726210242,0.8486976664573864,0.33342084951345574,0.4963774815065166,0.8978650905185924,0.2684031943365739,0.07171771365653462,0.12536481893636803,0.6437243482927777,0.9669380513330104,1
0.708514561812795,0.7951264195913694,-0.0031293906513455982,1.0111591246914489,0.29919061569975813,0.7415520144301481,1.0960239715836395,0.7512867730574184,1.1654382786577577,0.2924443041924399,2
0.5601524337588077,0.8560419187171691,0.7313996592791385,0.369432760056973,0.16144145147559796,0.6580106559970212,0.08552119961931674,0.8274700696236358,0.3953730743696171,0.19618289182595464,0
0.4981065695901213,-0.013541013393833831,0.1634440246399818,0.9920672744468815,0.6085167921290109,0.6955513561644064,0.9848540150381528,0.9375188898106585,0.39208048229830433,1.0018661706940304,1
1.1382243160039804,0.024905931239941864,0.7053149324088013,0.3162374116921645,0.509533496867031,0.4302632836448985,0.13138566120941567,0.44676346347231766,0.706881497510412,0.6165752166378557,2
0.0008391202624619329,0.37217961860393634,0.06740311346398353,0.8985244538656255,0.5700800693245424,0.5378494422156723,0.7749850061982579,1.4255442127990658,0.44961637729320103,0.23069921802376098,0
0.5331760530392606,0.011901694657068543,0.15232900004498817,0.8028622322819513,0.5501876624618294,0.6327095484431543,0.8656796246776819,1.0727478250636548,0.27926237461741227,0.9345772118584699,1
0.4044543683449928,0.6265056389735192,0.5654733166886599,1.3544423262682315,0.4446992676738415,0.44947109739018565,0.7883008941525591,0.21981806664303372,0.7639206832844793,-0.013130852509447233,2
0.9878391622644961,0.6537075897784644,0.24727653740513694,0.5750772460528347,0.8062945524422332,0.667708682747364,0.5665091947688867,0.017936586418399555,0.7941816666717967,0.9608302316162037,3
0.05400533015710811,0.5892004052969537,0.14053050499213315,0.36712189753210833,0.8754108749771666,0.6819321737184407,1.121633845911711,0.6524278443620158,0.404414946268111,-0.05151763856185829,3
0.8941592396641821,0.5079591283963079,0.270419570056811,0.7896936281368057,0.8054617148631344,0.7850291231681864,0.6355178073970419,0.06826101888820302,0.7051301952375788,0.8702828906603173,3
0.7820899002104064,0.40057681735598893,0.8655663278286176,0.7419958303087146,0.5174313086430996,0.6098072196909652,0.07473263049913315,0.688559568938456,0.8503767413302245,0.3877515262386755,3
0.3022124755939019,0.40004128201973377,0.3619711009135008,0.6830824385051415,0.1780819885353035,0.35361743062119433,0.5207520817180792,0.04703284428485069,0.9899450867292238,0.1540109925473871,2
1.0714727708647962,0.690531061778468,0.13311311599505235,1.0160281741034407,0.09304343701452933,0.5928843660802633,0.8205230277360791,0.33524383946415326,0.8066054938652533,0.16798344918832156,2
0.018300531407402246,0.23724993058769894,0.6994126450243571,0.025409348832595963,0.04921452514367643,0.28347420439327387,0.13799319601524798,0.8737999098630562,0.48065987424203654,0.279056186299355,1
0.9917514755726771,0.6770838535456334,0.4035943787770365,0.7576607219465908,0.31960779590302646,0.8031687312120425,0.8375590336162477,0.538202415307263,0.9046055935953036,0.31823669943465316,2
0.7150556686252441,0.3519781023249095,0.3799699140270357,0.8160838467782701,0.5526735426767604,0.741678609368458,0.1550203689219758,1.0218128649752527,0.9932362967549767,-0.00480223602093674,2
0.19490674946152062,-0.1976185813891764,0.28186681079648734,-0.23410646508865984,0.38018190512954536,0.05254073632191952,0.6320644859967294,0.7500147208305951,0.09488176532120293,0.4639949000865875,2
0.5135104940498609,0.799976375815742,0.30785043758752556,0.517584942627095,0.8102278824109921,0.1549162676415679,0.04220750131139195,0.221571078008894,0.5549064850678167,0.9148283828435971,1
0.6448491265963417,0.23393668852534508,0.31547486060237206,0.6978351470018738,0.4159455092282431,0.5398509419853991,0.41857170228127993,0.5990066783911064,0.974582039641885,0.07063729433078983,2
0.425586566401101,0.0878478883714684,0.1018902207499735,0.8452226391035449,0.68888954359643,0.7540598917072749,0.8695041458606194,1.1609345335765102,0.2566482827191988,1.0186676721804022,1
0.29040378297404196,0.9147303021098099,0.024466652834268077,0.5394062131738999,0.6930953669791781,0.7648012481032475,0.9643267862236523,0.21528720888272018,0.6400950408730199,0.7372709563442515,2
0.48350186755408053,0.8748108493775039,0.14703657569341472,0.1891310830499816,0.6413207173105812,0.19393693921647182,0.11979896522734654,0.24725351837935386,0.5330367272343205,0.07366596215411564,2
-0.08228391753199765,0.48750878277274734,0.585840315129663,0.9271753075364375,0.35652703784375683,0.5207302659588646,0.7203236712527289,0.9491995874116111,0.5693014508462357,0.04732199746297368,0
1.0989790841023033,0.49780759762559224,0.6102515403496993,-0.030391459150410027,0.3975450187985045,0.691970751599458,0.9647438123321805,0.9155177260319203,0.2942508629628946,0.8616706822703353,1
0.7735197129060518,-0.005062711928039754,0.35812190834418856,1.2793052886116014,0.1862708771521699,0.20822738861649404,0.20436260455153799,0.9313343135597347,0.6120442211437278,0.5257868898520676,2
0.7607517550297799,0.31108471018076633,0.6719838242656354,0.39212010224359034,0.6978829890227897,0.4682229568355785,0.5933208525710891,0.3747190001167935,0.18226447433270754,0.14296008476566108,2
0.7683825845564914,-0.14668768859986503,1.5201831819378429,0.43224666988174665,1.0612303641461636,1.0052570589249419,1.4689877901088568,1.2572776634578127,0.021163331779801342,0.9273973161049404,1
0.14411795262946409,0.1093763504581956,0.3146064281228743,0.7095765201756248,0.585064917829886,0.6693695373421172,1.0255677599842905,0.33813669950588315,0.7404321964707663,0.33403024102905127,1
0.1623048139895068,0.6114560983165411,0.6833387495917871,0.7962159480911009,0.03779972962944339,0.6394082323757274,0.2586812868604892,0.7643426288598515,0.4166231435323217,-0.1991896933289512,0
0.15362514816987277,0.3253774980702655,0.21693734201424128,0.12242273532961381,0.46881876421081803,0.28691670406247954,0.09369391837226784,0.3046891552282955,0.9296190536499541,0.7683446494660428,2
0.5469826818853057,0.6467979303742011,0.35503652411741693,0.0962579233709998,0.6517847814263353,0.03802979762042716,0.4674999344639002,0.1740463224000297,0.6530095655651305,0.20820645356906184,2
0.2213083475454687,0.2615144845168813,0.1091587404323797,0.006283917518588145,0.9789821406398075,-0.22480474494933878,0.6499426127092348,0.3637066081598754,1.0417158830669244,0.3564836532157716,1
0.2969157497143461,0.4198276907434104,1.0302811902276154,0.6467496991980514,0.3390354259642884,0.7154585735491069,0.20802574453076383,0.605139796505657,0.8997139851834889,0.37639862890485953,1
0.3258763010484307,0.8732878822027849,0.9681668374919447,0.5885288564935256,0.06388897768404359,0.22815500110424822,0.23469981211574506,0.767199006439468,0.09865581492424755,0.286017482203599,2
0.9171473607900767,0.4932951408701756,0.3059008952376973,0.8528844078780513,0.34781822549634356,0.7082942290279416,0.8144509669931026,0.48616161302715266,0.9734616120235984,0.2588831555975047,2
0.2516282099736357,0.9132997294487092,0.045030345722276655,0.46568950406181986,0.6389634359880771,0.7406065831128372,0.9411999612040924,0.2169060416624749,0.7230698605225501,0.7573211833246177,2
0.8047448996519599,0.09896114584823987,0.3178051338377602,0.5939147970427349,0.5396766864942706,0.20852484743584337,0.07146674508000922,0.5972267658560853,0.5619879235971367,0.7191518595389502,2
0.5243893868100462,0.5083843027767107,0.9021920223269371,0.4355712564213151,0.2546608801975402,0.6752085978019684,-0.019020186410245665,0.8166170162426657,0.49977025927626545,0.287219185569071,0
-0.049862013395556265,0.9390746667440146,0.3839157047731676,0.3916469370822076,0.49796913167767687,0.8231433506540455,0.9863340379724116,0.5477313342062822,0.5407675494583849,0.8598582703016511,1
0.6932410998373453,0.14820562354230926,0.3254689119928119,0.27658618415735414,0.701271275660349,-0.04606414182577019,0.6190708211224719,0.7846205346952814,0.5164577506355787,0.7286711751288233,1
0.7753771727264659,0.44026194736527713,0.8570185744998721,0.7457569777674268,0.5496627802403613,0.6232763508701018,0.07013994375274088,0.7035459921076263,0.8228917091293629,0.38069832075856164,3
0.30472041348997786,0.4403004680438171,1.0179060388102994,0.6353976439886444,0.39111206661484116,0.7550168916216671,0.1365891762160063,0.6490383899159259,0.9202945981419801,0.41813976711346174,1
0.7630206532675532,0.8359692270555606,0.04630100388005137,0.2470610540162045,0.7743309964377068,0.3278988883678394,-0.05035862595272464,0.36727001642969287,-0.17240680819612686,0.39631172787703106,2
0.7815072553082129,0.8266221910532586,0.01787566649098017,0.865302682234787,0.7902959841524184,1.0395201078846503,0.5162180260132588,0.6917870124869514,0.14672005997572757,0.13455072729727768,1
0.1500763283937828,0.3201675802632565,0.2833421517210919,0.09856383897694602,0.49549998008639184,0.29244222982676327,0.08605725790269533,0.250763307798171,0.8923844633819513,0.6729638904522587,2
0.2646490651330862,0.6774802179083605,-0.12413920868270553,0.11161546475308291,-0.03687858828563359,0.6643982125911414,0.7669652258074628,0.31073133518861534,0.9302745825895062,0.9758044390340643,3
0.8887459024890909,0.5445656695996961,0.29303666147055213,0.7191368649135714,0.797081873763138,0.7638482080287246,0.6734677228702414,0.10804702512572142,0.7846610137822146,0.9107532159574029,3
0.7107401806088272,0.4807779127448767,0.7040718879586367,0.3463899007739268,0.8106876309384816,0.5910703623342516,0.7452635772181473,0.4186537234835876,0.08230192775257582,0.1505746227484,2
0.6318832922093408,0.7992417296849113,0.3508693367529108,0.20418834863482715,0.8085538686593883,0.4937116216155782,0.15487132658547664,0.4372364394977574,0.11783195018112931,0.37345564977730583,2
0.24380320558717544,0.6316844062029973,0.8821808896347944,0.07305196500749084,0.6395157533944718,0.4087302571416488,0.45158397368765396,0.850830076725597,0.27402315195195975,0.9527085067076384,0
0.06701828453157044,0.09243037541455781,0.3438845538261105,0.7727022984345194,0.5128406903107722,0.7192469179063569,0.7280386418614501,0.35333758854265296,0.6034891122799196,0.5578731088493687,1
0.9352541198097608,0.515982004067516,-0.11937011764648159,0.9833772602650528,0.4610205217510476,0.8365361987209801,0.43997468679295065,0.2879797967447323,0.9388404531991632,0.6162898347318015,1
0.3025368101778463,0.40709583333716626,0.9991083045153384,0.6244592088926323,0.39870978652827593,0.7337326027496396,0.1826267190779599,0.6731611666061128,0.9291948590126757,0.42353672854075836,1
0.011047215824718293,-0.1582010530811798,0.3392361279076523,0.2556522613653426,0.5021626755835246,0.05910642416083742,0.4393573753980156,0.4982001163107584,0.2238199180527958,0.39736769635344993,2
0.27886830962730114,0.46946323589082456,0.4095459098189904,0.6384821259339781,0.2607954414600262,0.5076180025482442,0.3910099004867118,-0.007044789725102751,0.9986179550242064,0.1553662301609193,2
0.7673339551167201,0.17292638796084156,0.4675064230142407,0.4220551917902312,0.2760573641257989,0.19145115912804359,0.017521103550818012,0.48829473061241807,0.42514775643136854,0.5814891598228688,2
0.9020802531213598,0.10208430944231059,0.2906414894644476,0.3215007636569566,0.5366624427384937,0.28497635219141376,-0.1365135264059285,0.4603420466890282,0.35156438145915386,0.49555183609667397,2
1.170707714583778,0.2838925758400943,0.5776576460133224,0.5435894861834945,0.32182138426869344,1.0781415125402334,1.008562566909857,0.8731194792616843,0.15767420781289881,0.979787215369285,1
0.8791693355381612,0.6891877581871455,0.141952919032357,0.7922773064731177,0.38656216152388345,0.9598656405537508,0.715871205668431,0.17341894027212815,0.8217025293502273,0.3210187060072496,1
1.0315364307961405,0.6495460807508265,0.7544685670664213,0.8781291157655666,0.3122876319963896,0.6642370817019948,0.044279280956205036,0.04387941425866371,0.08889832629774946,0.7382375762363151,2
0.39331395921211837,0.6561767478858106,0.7209796926178484,0.3271170806614839,0.38545375232723245,0.6548282091443516,0.24644218614737506,0.7075371192540858,0.7489218170392307,0.11841845814948523,0
0.3336257014388852,0.8745889057372245,0.9820863058128135,0.6020046409776015,0.0526346268633724,0.24195638811039327,0.2359446843450186,0.7725940063778816,0.09171970380054044,0.28738382381335426,2
0.93252144623723,0.6539999782451659,1.1102071149486388,0.436319662678133,0.7025601987040188,-0.03225069516845058,1.0218510305877322,0.3628879183584358,0.38126635832991584,0.33708255698815104,2
0.6184526068608102,0.37922627303563433,0.5564516503359803,0.7444170476167631,0.500474317348317,0.345428196418719,0.049971659386846494,0.3573237226053362,0.3036445208910836,0.27192681242170014,2
0.7733712399439217,0.2707255274620941,0.6934181946631571,0.4077274672656339,0.5814335613789395,0.35811590513286895,0.6834463243197875,0.16598734590335534,0.15319134087288008,0.3379526283642803,2
-0.3578771420270298,1.2213899363135212,-0.14489048376189095,0.4881766414937047,-0.08250901733062416,1.1547271034873383,0.5508044205143205,0.5608694434208672,1.303629488640749,1.4487559596268365,3
0.41299310226152464,0.6424009695798993,0.41413524143916913,0.09529537542054288,0.878984151726857,-0.1509405109135055,0.2364703529846897,0.622745809362187,0.5235641871278112,-0.11805731199827418,2
0.1179632938062255,0.7747982978006558,0.5152746155733055,0.9581057293933843,0.7457435954127993,0.2747892335335973,0.3924880376661437,0.17872483017109148,0.7805525000192385,0.4150549612925507,2
0.9954418387439488,0.8748705775686425,0.3614211169918168,0.10126320337330752,0.6540045405511824,0.9562699637663536,0.733860941073816,0.1325461037190809,0.2542967248726179,0.8472894839034486,3
0.9838250195450049,0.20442757613170368,0.08942856159654568,0.9082183804217381,0.5974575526346498,0.28929918893233897,0.04087701459119468,0.8559402043073764,0.1936452497551657,0.25247439851736214,0
0.2793679905324866,-0.12757363385853296,0.45325681665753015,0.7975269682085275,0.4179494413712747,0.9692955874495419,0.7551044492826535,0.7668488651611645,0.7888522619481566,0.643655095671653,0
0.3678198565332423,0.13192413576521023,0.5061490721838715,0.3099119072503338,0.580932273721708,0.5982418526554938,0.29156758206821975,0.447115292965272,1.1265402312155464,0.18976290781030267,2
0.6239617838826707,0.9889499489480696,0.06369630925400954,0.004117834453102258,0.33291449107429505,0.3514983212974656,0.21367464357316454,0.4237513547528183,0.07521004692629771,0.8398492408995188,1
0.6187994323546984,0.7055240205097728,0.2736310298605251,0.8504006213296424,-0.03518927037624192,1.1538167720696542,0.46177265751935453,0.07605377972067828,0.15189926024337766,0.42548420114762087,3
0.32041820137266674,0.2983852569500064,0.8713747800077012,0.5087857445076926,0.33863033553280625,0.7882745374255442,0.08908268131014196,0.74504873489318,0.9278634412875025,0.5071788226259328,1
0.07846709134984065,0.09972556028760743,0.3155482168534273,0.6852836752708085,0.5109875505663618,0.5964023684966924,0.6104469430792894,0.3929069799255633,0.9175162139304783,0.8029681100168192,0
0.3443904684148139,0.8817215981693256,1.0184303960141476,0.5721778863898114,0.09562955736883647,0.16640391179191868,0.1654028816070466,0.7518824958415793,0.12376766663565114,0.25268422058536955,2
0.5408822694526043,0.07749246258626705,0.0795539137663124,0.8907692617680844,0.4967070600631046,0.6611237629228724,0.8446583079243773,1.0189377604813068,0.37007606965280565,0.940216455314738,1
0.7957047365558961,1.0291092009082277,0.26953597413118463,0.31984778654243307,0.94390146720905,-0.09767704118489343,0.17938839481240496,0.22068474552625003,0.5251727932938306,-0.1197075173656458,2
0.9768067512419597,0.8303139062517461,0.34147771356660916,0.04071033036358797,0.6065704671030476,1.0682164115618826,0.8330754511398889,0.05484772638434776,0.3203926801837903,0.7681728885323711,3
0.3524197721193267,0.888460903898624,1.0886126536010914,0.6040065353663945,1.1356633455406926,1.020959687845933,-0.2112896574598836,1.569868172678757,-0.3693143598338432,0.1399592251860127,0
0.9525849291280213,0.5534544364921344,0.784680292911061,0.08858847615711073,0.5814339927883225,0.6244259530361331,0.3680065124352454,0.19061516885489996,0.77908811463362,0.9879808929872211,3
0.6024486955837158,0.6537342816114072,0.7243411393858125,0.4896825980170771,0.582948895828762,0.5938850354394146,0.9099801923673458,0.13681811416923195,0.25990611669492125,0.3060578625971044,3
0.008472722614111222,0.16213242995851357,0.18941925905423782,0.8557738672021009,0.5924507985217842,0.4591615619118149,0.48103998230911504,0.5199756981220931,1.0816007286427285,0.9367817727323109,0
0.4851516950514119,0.37894816647579116,0.7594260193343013,0.7223012541472135,0.9099655793430591,0.385833261870953,0.8563599623913358,0.7866824467513208,0.47455938591134256,0.4024914046846612,0
0.4245700653964849,0.029496258566397232,0.11841191505389756,0.8922460765541115,0.51675270941436,0.7154969057561541,0.9274870619969553,1.0187343603512011,0.3713281812107041,0.8211838109763503,1
0.8686251512737542,0.7432471076778908,0.16802561911336378,0.7965983951970557,0.4188534963598163,0.9641242232707623,0.6639860460138793,0.1132487970666677,0.8433146316137548,0.28996609423671177,1
0.9746179368677923,0.5954734391203961,0.715279981239491,0.6710954120145018,0.346753936174994,0.4627521732477823,0.30197243920314765,0.5917602183146771,0.4860680016218817,0.3755213938126135,2
0.6818203455002865,0.7812120902097826,0.26331366988881383,0.24336560228851206,0.7733585222409675,0.40372080397671783,0.14981867789445197,0.40821529098920833,0.05987205337325475,0.2782345835008303,2
0.07117105167098982,0.36964462490024314,0.2490434075234702,0.048053950401930653,0.5209670427425942,0.35061220724730857,0.10067777591614704,0.3053221818625296,0.8835612715140672,0.7718098925963737,2
0.7240263050796445,0.28928546792786153,0.19983135240702954,0.21991400269130226,0.7245484741085879,0.10199218864443792,0.6154179843824306,0.6456467763464382,0.5614152314528655,0.5935679022007349,1
0.15461371363175974,0.20789438875846933,0.4413878646655488,0.547726565385057,0.35188852206333665,1.0043231941679092,0.8735296927389687,0.3907501800641185,0.5802053931958499,0.36475763380508086,1
-0.006134912410001012,0.8229328328631724,0.49942285141958553,0.3827247271257018,0.5752948862328402,0.7083159870398287,1.0227507698793028,0.6363920973113163,0.48029079174108086,0.926012804986646,1
-0.04256196347077623,0.0667352178769208,0.25636274585531504,0.6721605000779695,0.4885250808935626,0.49935391344746316,0.7353541569851085,0.3608836121407082,0.984025325738776,0.7017166055580117,0
0.46775332965308025,-0.15877267142057327,0.928472422835491,0.9341444490410344,0.37057736165275107,0.1746920820227295,0.5757975384153111,0.6078505218535181,0.6521604537549224,0.7814049468676614,2
0.5753037848122077,0.29665488959440794,0.2687795241267813,0.17514677128424316,0.6434110145859133,0.15153000788803517,0.480862351383673,0.8083082724704744,0.5689463135286833,0.7292122386433416,1
0.10035352028542971,0.8712582899401801,0.29209235487745777,0.48942669997412114,0.5014580011639372,0.5919559148769576,0.8559017794724494,0.6625191247607116,0.4207307503314049,1.024793275190513,1
0.10577901002105625,0.3605482691633911,0.2328765734325336,0.10866169328405684,0.4867443663690641,0.3287381675953998,0.11103936357170201,0.3048486908694858,0.9553563167684832,0.7458881125908977,2
0.6172742645540297,0.7528091921185454,0.7177348970071258,0.4317410823051748,0.6325523000553679,0.601127823463365,0.8298337809484378,0.12276554176429338,0.2048094979066498,0.32881802926422116,3
0.5979026133836478,0.2569045220865147,0.749499709676637,0.6305089200168816,0.33994735382806984,0.7703818977824958,0.35393740268722196,0.26418286959082804,0.7931725630935402,0.3303417924670541,1
0.07052321468719921,0.9611391839830642,-0.3764365371300315,0.40593429905891987,0.15893483243590278,1.046380894590329,0.6394644580927948,0.3528178646359703,1.2590223931839035,0.6690244316953614,3
1.0256124309940347,0.22812895526625743,0.9155386565811194,0.008864138836780333,0.8975298858695269,1.2077458535668368,-0.6382468893232558,-0.18833471472852897,0.668613453513626,1.0145608740872158,3
0.7757200364079863,0.042066903396706684,0.2515435578798224,0.5035036034424397,0.3958845584891251,0.7086878505628045,0.8872488984230182,0.2499990002230188,0.7691846061975374,0.8591941037039792,2
0.5876427984249019,0.8785100124852835,0.1643618479453164,0.11558641438617773,0.7815083313190969,0.06270715964521925,0.2572132006407883,0.3801621400021386,0.5878503425156478,0.0006526030307878357,2
0.777798195398677,0.8847183951460423,0.12687529278440302,0.8587366492352438,0.678287243919176,0.9523889342198181,0.5785342937186455,0.5438083061112309,0.026611616313975486,0.28380325276186735,1
0.40306168539184783,0.012768668122719373,0.7023781083354245,0.702816156499564,0.49513354187109104,0.6991083298115235,0.26306572407642737,0.48244410226991563,0.6297575729568605,0.9130091071389534,2
1.0829839240425643,0.2978976479956025,0.813754735219173,0.8047307999815554,0.2385684057802629,0.16056142890014646,0.573368947532569,0.13545564074874336,0.011211537634688823,0.7014997841908236,2
0.3550572447663749,0.09758627559933913,0.2573768864162799,0.18272964793071558,0.5265618200134824,0.07689275529623914,0.7050959545370794,0.8528147916155802,0.8745021945436305,0.3536517082760297,1
0.3380546550381509,0.8890838249652635,0.9628203631762666,0.5868764852446194,0.04202104147903321,0.2527850150354265,0.22097310565239056,0.7717687273432863,0.09188427820450185,0.27554177432811866,2
0.4692097107712687,0.26209038807588675,0.10254057054344307,0.47997555963786004,0.450533179701344,0.022255309733292872,0.8049584468889158,0.5891852920325164,0.770635374899955,0.5018403163992565,1
0.7004817857404583,0.319389167638329,0.61920569087555,0.35330694325560813,0.797565848053963,0.46542082279723457,0.5535953041881158,0.41833722317365274,0.12831867088450363,0.19597182305285532,2
0.7625527223073619,0.8590733503977385,0.07912622427318969,0.8986780271111837,0.7038232882166277,0.9914819470043196,0.5937719375106563,0.5405541202343782,0.028035565788261874,0.2765634849022153,1
0.7192619499622855,0.2795410625675878,0.14179482972554436,0.16489380077083338,0.6473874517279038,0.028231443617932162,0.6856212893002129,0.6347437794555211,0.625577728048111,0.5532798785809345,1
0.21979722551678557,0.6104100330763623,-0.13623879216866683,0.03032950321642811,0.04405755412211422,0.7828415670406123,0.6728018792489467,0.3605035993687403,0.8354590069328836,0.6841705800064396,3
0.44513116531018404,0.5873364287568802,0.8683441217309606,0.05063619530535647,0.5697162141791269,0.5089483676815937,0.5110580941958561,0.5472737115428778,0.46174335281012324,1.0678567527157279,0
0.48784035165853584,1.0603168723820497,-0.027227262530078074,-0.01318311381877492,0.4018983968007207,0.2511632426282514,0.015235503223837987,0.46194657590063454,0.19995971434336143,0.9278071736645394,1
0.4850616573705269,0.08439264942472637,0.163824624227501,0.8904078663938434,0.5355420848969304,0.6910231948508572,0.8926574205275468,0.9990170978723021,0.3138135041170296,0.8656423155593834,1
0.5040983707880147,0.40252616732295704,0.8114400091799642,0.9225316932964988,0.39711616251334586,1.0572382478114832,0.6922052772564047,0.2688693500376727,0.4700968853256718,0.3710657791263638,1
0.6637346774997613,0.3849931572836399,0.7018538723156839,0.4182519606318063,0.7730816527398607,0.5843527289163827,0.6483913603205079,0.3121203431106624,0.19992657370445116,0.14531281059896198,2
0.19903846794493835,0.00585614603660344,0.07304478923787891,0.02403624029696671,0.7242505134161046,0.2623308919159096,0.450982580744096,0.4651328944488673,0.23094963479032923,0.17551965146724882,2
1.3245788756555563,1.5148896010198911,-1.2702384359418417,-0.6960627208567953,0.3502875797692848,-0.16174243078172335,0.5215281349677148,0.44858464044038715,0.353624509043269,-0.3013405629741288,2
0.6348249402560125,0.8455666680224639,0.18216321220488066,0.022934962330465367,0.7355123975148916,0.16108990141180596,0.1940897187706068,0.4390024658053272,0.6273489284519942,-0.09309908473440985,2
0.08610396192187084,0.05695653813528979,0.7135963867084453,0.2592095551570181,0.03625769716916938,0.25762921997531985,0.6477144209146021,0.35411643203216026,0.2657915515437446,0.49162598815469727,1
0.8786203832169159,0.6931809877912174,0.12635190305263141,0.7861604760511651,0.3730275987477374,0.9695685934221703,0.721324065757899,0.165066472747792,0.8226988369795769,0.320313843607792,1
-0.2530018646032446,0.5658597000462962,-0.1633632581124932,0.04001847052835589,-0.9973650356976074,-0.25989154055339625,0.7878243997707771,-0.08691329934534275,0.8190700678672874,1.8255120999420364,3
0.9434794596491751,0.5772863502824517,0.7692877995104577,0.07878943922646044,0.5373846490278432,0.6260769051323941,0.374955348505406,0.19315165364638903,0.8161234217979976,0.9683533054144078,3
0.771363875663504,0.4116989928771825,0.8697518190816612,0.734786695622016,0.526379747308821,0.6000565933920614,0.08434566335803258,0.7092357494431952,0.8719258727587019,0.38748060428904013,3
0.013411022465220974,0.14765741238593372,0.7902977837845735,0.36047453856135536,-0.009747402263846933,0.36655368441982494,0.68624976847053,0.34201728373790335,0.3302103937695176,0.543312889324991,1
0.3223977204205698,0.8656831070359484,0.9855381483590017,0.5904198625245664,0.04881605398842112,0.23934772335461663,0.22761403576427364,0.7807509403240868,0.08868686738700368,0.2920919418863121,2
0.7379566615798521,1.2101175607784458,0.5871372596886951,0.4688505748594532,0.4972250391618246,0.5182922920872188,0.20497175226340403,-0.26606131574844905,1.4497057248571537,1.3998601544800455,3
0.7319128670507756,0.35638923406543815,0.6901144040261643,0.2678661517913112,0.6481128504642849,0.508651623343682,0.67527869302238,0.38799837443294327,0.17056660765225595,0.1729283420918737,2
0.023803401468083227,0.21672989756377947,0.694775070029683,-0.004920690688601688,0.058434288442325066,0.27205398127167174,0.14941990306115893,0.8875761823411378,0.45146400562594213,0.2933775489685003,1
0.12064262101756332,0.6857985801007196,-0.19148193617444526,-0.16870764281616463,0.1980448726990231,0.5918519370118938,0.7910708756389823,0.4247096049713793,1.0523670517710275,0.6987909999506614,3
0.21813735760920108,0.06703537650859415,0.2780306272932397,0.7700740507061876,-0.014816741985544668,-0.19847919024633676,0.020277332942658877,-0.03460599956354386,1.316684180380761,0.3095780063073016,2
1.1044628008499724,0.2160156252169468,0.7171031036510738,0.389994429312556,0.6738906388068258,0.3265237284266512,0.23234026335608043,0.26911838479427175,0.23151680422475443,0.945975920751929,2
1.1604124929013633,0.9053198425828584,-0.10168142967256744,1.2063109625337955,0.3579830010133106,0.3681687148043683,0.4931114103949006,0.5466239217467204,0.7262171098269352,-0.06560174938106117,2
0.8814803152666375,0.5928662978562086,0.4017854020261547,0.267160639740348,0.34337900035461943,1.1047064382640917,0.013596497403506935,0.012732414910211154,0.42781429089086154,0.808326969703989,3
0.7251209360430014,0.7930438548299882,0.6752755357301975,0.4031853333887861,0.7393371838845494,0.5316640780653362,0.7661034560516299,0.010445695895031137,0.15086498018225217,0.3840953818128057,3
-0.10038459508993888,0.13809390131801724,0.18962181183429247,0.7161637595100055,0.4217715731579947,0.8050755685259875,0.9785970079733977,0.4687826377812563,0.6698054952761962,0.4282910394483962,1
-0.04390851084497793,0.621382780084327,0.7195345932262566,1.5714986545809264,0.7369245131977321,0.15328696702771766,0.3415890549338112,0.3250842500973596,0.8559383820040248,0.44945769612511877,2
0.7279339501545701,0.05491411517406758,-0.28667344746211265,0.43290605639512697,0.3246256411488623,-0.010088660225705592,0.1329910249739552,0.6330147094898785,1.0531243043836909,1.1725498996360124,2
0.057729566501954266,0.45282555299242383,0.5007701898097235,0.7772037237444988,0.40467237264919104,0.5462438579179261,0.5341969819432377,0.8363483271766974,0.36263962992387405,0.1384438548314742,0
0.03819181991864012,0.7981741687942367,0.30108675750332853,0.44803970671502524,0.9334989431359063,0.6293570856449204,0.8157233392923005,0.7314805258790259,0.7246160959013253,0.04246794929227031,3
0.5883764018743535,0.8495922156874962,0.13503653302175805,0.08331324350843289,0.7790965229453587,0.026130084331434784,0.23515371491973475,0.3536005933234073,0.5506660686154061,-0.01915331254084073,2
0.3868695991926665,0.7252614247511704,0.6477689860623072,-0.1320555254305908,0.8399501083416478,0.32804844862421323,0.2884530995595551,-0.07503257786657591,0.40195892309295916,0.31177526394615734,2
0.15451341041609018,0.8656820039766963,0.8425638569701761,0.2288624955663856,0.3735090515487284,0.462033104389613,0.6828942038278067,1.3666618605455767,0.31767152267735665,0.013613832395238445,0
0.19002042350599352,0.3523519818952415,0.15977804929329142,0.8360040912602266,0.20680730791887195,0.7699241844665689,0.4279678009279267,0.5417096492461815,0.1967558745261453,0.8158538398103603,0
0.06796020299453628,0.14143714719296036,0.7410997349790506,0.35876565506461267,0.11353462976417508,0.28598434797013134,0.6571848694558119,0.43848402596099006,0.27715171590551035,0.42763821024120013,1
0.5639258061723487,0.8811773369246079,-0.014360415169847183,0.04445731732273921,0.37182509608603403,0.32436432496365514,0.17075854847043587,0.4556719745963716,0.151872394631357,0.8870090796546551,1
0.5253255857869482,0.6071396311304422,0.7669845846558243,0.15868451616120366,-0.16450108428819343,0.3552671233286836,0.8642854931448023,0.39165197784895467,0.12354029241734582,0.44624714018328426,1
0.5939180006049793,0.7436257665818959,0.35240008071912055,0.2761831795122505,0.7174348597469655,0.4312928137171135,0.11602416565783948,0.32912727464193625,-0.046143443780754315,0.3326763216994175,2
0.16753738303525056,0.40167995780773974,0.30259143075349837,0.18582063159786,0.4374591343245603,0.364748459124853,0.13068111665411655,0.278575166017211,0.9074802426393603,0.6507781170034959,2
0.6551297473713307,0.6841144909238523,0.7728011609498003,0.45811155790833796,0.6305629972238574,0.6482865816831236,0.8686804973109502,0.065286906709356,0.200758609764582,0.3534781905834547,3
0.5623109603141238,-0.07336629871443837,-0.11942217592376281,1.134007876349314,0.663099955692794,0.8008172750021538,1.2543655509579699,1.332200717502412,0.7558848209198838,1.0136974497615845,1
0.8820196037041623,0.5408359379585647,0.7462251888649706,0.4157502180047584,0.05858109715104676,0.7996148770440176,1.0520265447988442,0.5047664829419508,0.31711667483233497,0.8624370624616258,1
0.12284034787490859,0.37119112262242576,0.2030976718542344,0.13658945821611668,0.4738029416719832,0.27861750999208784,0.17013678489958253,0.3242284452868059,0.9351062198819272,0.7099487487218428,2
0.6480294859545028,0.7619187813831039,0.23542197427601885,0.2538319663556321,0.7868261413249856,0.37602805183972593,0.15953507903782552,0.43653062899682527,0.02613017571450426,0.32791251428829654,2
0.13425293937505134,0.19496948757431776,0.5675653026209657,0.5152506578318665,0.2778026971609949,0.17648393319075079,0.6012638909531829,0.19210619511146612,0.873336770687623,0.27595616186560157,2
0.44514055782680106,0.13285207725352172,0.19908604090176568,0.8094930249153098,0.5389114393246621,0.7588023163315137,0.855038556082105,0.939670310599234,0.29429792399947835,0.8879443969801596,1
0.6402741072873649,0.7109379871896837,0.7599516980313757,0.44614319819777315,0.6369944971557031,0.656580597599363,0.8636035451331094,0.08620703964404422,0.20799218261786798,0.33064312108176597,3
0.652660011485363,0.3030184365797113,0.27749264852151095,0.24715972285966323,0.7699053590409335,-0.10160444812991382,0.7121191370656589,0.6815295705722321,0.4869323792203415,0.6514287200843216,1
0.7286812396050426,0.6483466781875162,0.9330235216499912,0.2813287220088935,0.28129591057706976,0.6911527937112305,0.7449903222229268,0.4990963479525172,0.4245498361688873,0.5401077867169297,1
0.16099943179922513,0.8142402901100366,0.4419183175376207,0.4466579956605487,0.5804547677711809,0.7070251131676274,0.9945175932698214,0.4922752735639249,0.46777765203470184,0.9337239518831134,1
0.4657313925577439,0.4738115314341581,1.1149768710974675,0.5272650197074817,0.2247107041626449,0.6754138709252051,0.42185814485079326,0.5988919424117958,1.1373001847946336,0.42581950144188535,1
0.5030440180907303,-0.2648822699465764,-0.024280277583615728,-0.10980856295944663,0.18612229423040924,-0.09651643943568775,0.8469455339153411,0.9044208601428928,0.30707553820471284,0.8682510479161409,1
-0.07566737833015147,0.8288559289937811,0.4922277908323379,-0.23977158722207448,0.6129437265307236,0.7425809328589432,0.15883048834091162,0.7174394822500287,0.7269037892244008,0.4347683598137714,0
1.2373370383130737,-0.04204368124249569,0.41403354243742296,0.5849926528576661,0.29051963548827275,1.063957024375264,0.7118286102491563,1.0341993955607598,0.5021000788400245,0.7515976628794341,2
0.7106096450921828,0.6790131568274841,0.7515880198843465,0.4629643722970573,0.5936769937136537,0.6065424824838065,0.7653473011106678,0.18153939089637333,0.2746788595034169,0.30672733766196186,3
0.4562870475498648,0.6504485520034836,0.7062496592359926,0.4953439108357858,0.19427916119955765,0.5541479247595417,0.1987137937225938,0.7744175725676374,0.5053285823112527,0.08317776060762302,0
0.883312853727897,0.632922819551909,0.2537757381746788,0.8138212144981405,0.3152577617788411,0.9692271605174371,0.7892775306757863,0.21573590758743078,0.7767017216289234,0.3122401626444874,1
0.3322873475184896,0.8679811456436083,0.9898431246126373,0.5852519935860585,0.051112583716081114,0.2207395605716542,0.24365988047682507,0.7730423013692352,0.08812105824109329,0.2826648751114858,2
1.0292815580415735,0.16922899076362932,0.16334873174654327,0.26460595981097024,-0.23932351092805845,0.1775509217665642,0.24052581140897739,0.895424673089913,0.2572938671498419,0.45624144501365443,1
-0.3262651303628634,0.18497933876758121,0.717154701236077,0.7186541614628144,0.7236827062465673,0.7341050427699654,0.7405512063768748,0.34120142385985974,0.6634225159285347,0.5076570046008244,0
0.2456561508714545,0.7625492407062272,0.3776449577162028,0.5338069740305985,0.5504415089014918,0.7432452598994453,0.8604291556929372,0.7157840785696515,0.48961805194942437,1.0556526211229087,1
0.016954845772626542,0.24038544808144277,0.6893335694673448,0.014287875792666261,0.043161726844586405,0.2845235671012195,0.1148475281509195,0.8823297620643794,0.463783772168157,0.28232682453148444,1
0.2352750256358592,0.8709126261479541,-0.018933568629486724,0.519721246750194,0.5420031223901233,0.7706150252063084,0.9095219936928298,0.12393523974681664,0.6303154752846634,0.8078987910863066,2
0.4430487801636199,0.6617358329312626,0.7223383117448197,0.5560544788542829,0.24456317162540925,0.5536792470948034,0.14239882362359935,0.7661815696624945,0.563858104228718,0.12696744424294584,0
0.5868184941684205,1.0503395557845399,0.49553842027067363,-0.4900940718951188,0.421810017427974,0.012644805338314916,1.3019859146303774,1.37101094294629,0.45041836853338296,0.40300463012404425,1
1.029026985866807,1.0171385464272986,-0.09799919083543782,0.8651399225616682,0.7364014888936348,1.1300055526125719,0.17777158624596978,0.3722256712372739,0.5148334217066034,-0.04138021050815888,1
0.8714444599154504,0.569177510234314,0.2982430214994448,0.8884635190661683,0.2652287988888472,0.697235784483194,0.8272112163014321,0.38792726208286116,1.0130813108259564,0.24142501749382436,2
0.3326428187277796,0.8744886287096606,0.9926456029853021,0.6030721630426831,0.04562958228637834,0.22186486998606297,0.22998594412899964,0.7755697621787582,0.09539057196785002,0.28688404545241736,2
0.5924458485364218,0.8639485545584478,0.1593897991369167,0.10805808005263105,0.7810614258785626,0.06345244949614556,0.25541978533121196,0.38130153056410626,0.5775733723530946,0.004609842126547536,2
0.31760789434539394,1.2011439478531323,0.17379686901258656,0.17354263809963627,0.5014614192068905,0.685108608165067,0.959549227352737,0.11814776082664834,0.6226838800780846,0.491669436644935,2
0.7363935079769435,0.3675477139939545,0.7180475934468669,0.26544049617635324,0.6578904315417773,0.62017619418245,0.6982644041012057,0.2909495808228171,0.14434329141490643,0.2844936929868892,2
0.18555640035900334,0.030879743064268782,0.0570383043662038,0.02170122811276353,0.7284262063429141,0.24715086686634546,0.470821641819912,0.4653876212053404,0.25021381809944204,0.1882051522366992,2
0.20545309040924437,0.48734800791356564,0.5528128323623156,0.08335526823786027,1.0095486853402074,0.7708804563643702,0.44040534037284745,0.5284855964414832,0.5013867199708556,0.09019556952790413,3
-0.10428345644225445,1.1501483264919197,-0.08362412366898458,0.7541642305218919,0.2771605877190416,0.5651705008134633,1.0657515943411622,-0.14212933421696722,0.773100154912515,0.54026712171343,2
0.8164777130025771,0.5805952552510503,0.6661521187486719,0.20899874981120253,0.1539565458522464,0.8479505478567009,1.00779516064114,0.6240359313282478,0.4379249862378531,0.7178628549870628,1
0.4702561890167543,0.7814321590434935,0.6491110660866858,0.73006628757478,0.1874925048479647,0.48220229034442175,0.3010995887760639,0.7809674115412345,0.7217843970673496,0.2542484360341756,0
0.6752608575687178,0.500557475376754,0.38219746042175734,0.8158595724303102,0.0757144787500648,0.25612873937321723,0.4234830261010137,0.6624524007362103,0.6795631680081243,0.12142607001736098,2
0.8754314235225604,0.07600289550905165,0.9741315517563558,0.7104732232344206,0.6187660989794102,0.6851822991237325,0.9672943647452257,0.7768080556182755,0.5918628806468827,-0.2735636908832732,2
0.5196822433516667,0.018146404977748908,-0.014266334672960151,0.8000609701401831,0.7612866135342167,0.8573870083183209,0.979738186213011,0.9555542077905308,0.39438389120598194,1.1042159078831397,1
0.09968401754798027,0.8846108073498955,0.40826579065429275,0.45636079356336795,0.5060451264904643,0.7056770963387481,0.9390764325730189,0.5870917979000421,0.4642196481104146,0.9665332603559857,1
0.9104333585308186,0.35303202809995193,0.649575609396253,0.27473487647464945,0.23626209736872858,0.5864832051360562,0.9706882293938418,0.8233423233646356,0.5578308485930441,0.9187502556224878,1
0.6019556200228757,1.1041824966629594,1.2257188194484943,-0.27041687395327074,0.7473220743486896,0.10943073887723703,0.5136314276464053,1.1699751296242993,0.4326418177725151,1.3476037748928735,0
0.1712105001253686,1.0134063789311103,0.4014579857585829,0.31210811925173354,0.3909762923647838,0.8835298757367938,0.8992259051080561,0.5637733416987774,0.46130631222559376,0.8185837070804859,1
0.4279993005968868,-0.1580257625082776,-0.5596780650969961,1.064569098027685,-0.7138743636314668,1.7390418535142724,-0.38799039276574887,-0.2523255099795705,0.35484677200090764,0.1846511421607997,3
0.16738825965643006,0.059051326357552364,0.383874529924889,0.7421804796564546,0.5024695150048041,0.7249556451409435,0.740830344415599,0.27731651532641827,0.5636996910871664,0.4535223299123548,1
0.05791557034538923,0.17343379747490253,0.3303421521896122,0.7168671027262833,0.47025960085378626,0.8372269189294266,0.8536419679511343,0.36127653074077665,0.6754705881652439,0.48317658200158203,1
-0.0473463730759468,0.2787881941869762,0.338850303128161,0.6738689698627724,0.5343127126797663,0.8410048863274053,0.898578792754515,0.26130819878326494,0.6447189210035501,0.4196836600251712,1
0.5957001666384226,0.22280954535109723,0.776908889252279,0.6307583795340092,0.4675318124754257,0.33558876892570516,0.7074739968208962,0.39514842640610315,-0.10394271952282064,0.7197206494186805,2
-0.18631565423971988,1.0386372589851085,0.1876734010548159,1.1555836259660248,0.2901514367383988,0.3507242162283841,0.34820541671478156,1.1126363791295355,0.46721142478128713,-0.1869531478788491,0
0.39068212813405684,1.11107405236222,-0.05091767896499794,0.6705687834122942,0.28261390290072363,0.7127240029928888,1.1717677901081216,0.7372199800863826,0.9216745784626766,0.6590853984028322,1
0.9725547079237228,0.3421205213281352,0.38882025932218356,0.050566790161766406,-0.16010852663766154,-0.11879638976468429,0.6564238682413426,0.6424169765652245,-0.013798996265799338,0.5596832569868196,1
0.8925693934684016,0.534807955747215,0.3088955668916492,0.7120497252961201,0.8092150798170219,0.7490170651624565,0.6781552741518944,0.11951245491145897,0.7744567431894529,0.9038657513923122,3
1.0772651940018976,0.6951189899676937,0.5242923184077299,0.3163094328991113,0.43478204828055894,0.5508451718912155,0.980126271500724,0.4835197938598448,0.7148432358751793,0.44089051213737646,1
0.5825177000822529,0.9041861432639223,0.008099808230041364,0.05503566019729991,0.39195723051149617,0.33079232456055274,0.1457823877093978,0.4956841428457091,0.13835647721122996,0.9011367519601937,1
0.36154060114920417,1.11046290968443,0.01516715375950934,0.2933228324554385,0.6223784862908543,0.9426284878960082,0.952499897662603,0.17558968415287327,0.6354480676631524,0.8140856052341683,2
0.23562765137557418,0.4627962392343896,0.4737214234030285,0.03885294724716375,0.9667614751610666,0.7285931454684982,0.4495297307779557,0.6208452614665336,0.3577432956725535,-0.011540965322311705,3
0.6683097736929511,0.7996057452678148,0.2726893848412171,0.23582716957851446,0.7633524307719144,0.4122583418821803,0.12990360224551722,0.4245504343493051,0.04599834242869972,0.2868726414220005,2
0.29494416686052327,-0.11982830547347623,0.04152147165869995,-0.2551500953992574,1.0331756047679852,0.15822592133708885,0.6042082191075018,0.21509264096919276,0.508487571070755,-0.10463965417469362,2
0.8717192401594425,0.9620520663911456,-0.17450482216633356,1.0689643055446578,-0.05984716028215803,0.3015600540246695,0.8587135452008346,0.11207586068880199,0.9141523854125307,0.4971283088315017,2
0.5363708226419303,0.1624565053761865,0.04300257516364947,0.7829141163043745,0.6741698357512006,0.794022856454133,0.8212033691917116,0.9029480955889392,0.293443407218259,0.9245651896614443,1
0.857213646856252,-0.3399581766928106,0.5691324114680762,0.7509162611049474,1.3499112112895135,-0.46511604503317217,1.3361619792908785,0.08091390623613737,-0.04982438580072779,1.3001018621395746,1
0.48473942867089426,0.817000845966532,0.30121391186875374,0.5597117562485866,0.8168317091220442,0.15239476464372964,0.019206778273741624,0.21661399039139387,0.5362829625498501,0.956160087896572,1
0.6442342692639051,0.9730311496415449,0.09946771931183711,0.07723784890497012,0.3817799883910221,0.3314123735645383,0.22528797563696695,0.4852218917193662,0.04774275036591011,0.955606091201385,1
0.91999313021721,0.45320925881677643,0.20087914772897092,0.7577697697923258,0.3300316544674024,0.5992438325795195,0.8234550224669923,0.4235108736513918,1.0417304055191015,0.17888246351376047,2
0.9307405521687618,0.5117059649913096,0.22481726224215404,0.831396647727541,0.7232542932716878,0.7068644747048862,0.7376733318836132,0.13990963202506132,0.761826982739885,1.0351242588774643,3
0.5675397155501029,0.8106556499762964,0.13231240093349286,-0.038383459631575856,0.6731448775815921,0.07294223722926499,0.36413227759718036,0.5447697699915968,0.5141976161282982,-0.06510275969429978,2
0.24749746607505696,0.38799276028207225,0.2918655763287144,0.7098896644602826,0.19525966843642498,0.33236418576599003,0.4653357301069648,-0.013574702851314388,1.0134389496850913,0.2146501517607594,2
0.6553618760119598,0.8587208157328771,-0.00031514119220696964,0.008060193733008543,0.39352278890909154,0.26779314604546706,0.10029352367515187,0.4374094998070661,0.12382507441427752,0.9540729150986096,1
0.36179938149424373,0.4740498652710193,0.9756706569871044,0.6728437536780897,0.4052230974037294,0.7276601289272938,0.20899674966039442,0.6891496168013181,0.8902061857987512,0.3938927755811405,1
0.3604639652347491,0.08774291585949243,0.11578978076612491,-0.09337346754537074,0.7926081327861672,-0.11400006754823877,0.46556848146226515,0.559748799485585,0.4220102696413149,0.708808205136777,1
0.8508045062584064,0.6607486323579653,0.30774530007781936,0.7535886968060398,0.75246251380281,0.6825975685010328,0.7611532186318938,0.005139124532844597,0.6709652060544394,0.8366132805627978,3
0.30106088744720944,0.2912999859183212,0.9476271674631581,0.7769488565165668,0.3272377293530806,0.2013068115934079,-0.07707058656207932,0.45864830147374636,0.5353061819797907,-0.07239521108616065,0
0.8446019881482378,0.174865853018546,0.6358161544416542,0.6538842887754854,0.30611250013126623,0.38930899581560396,0.43790037754776656,0.45580458443196925,0.031198559082147914,0.44842250224162605,2
0.3516266270936413,0.8868860098304063,0.9954138233872615,0.5857771862041236,0.061442846687120176,0.20970731983036253,0.19978135689853804,0.7941951189263607,0.07338924560469112,0.273552933795115,2
0.5317654104362779,0.017420425191501544,-0.10326900192232238,-0.2890868284613537,1.3234512210719123,-0.4757379500565331,0.07078341046379766,0.9971818207424348,0.2152297935031198,0.5844928777726394,2
0.27892155694361653,0.9031840817541794,0.04766055793164499,0.4370761327211498,0.6574705827987927,0.7654106018242259,0.9439872397697151,0.2558413761758224,0.7669847286794548,0.7062912806368498,2
0.5153224383890168,0.8108135915848883,0.320390972105117,0.5175586641951947,0.7806725534954191,0.17082705651007485,0.03449336598604351,0.2153502728903224,0.5523721354209529,0.9282953736489465,1
0.4807353730014174,0.02847601122475804,0.19141504190747646,0.8827204697508095,0.49452968705889966,0.7198307449500592,0.8945681309401065,1.024625060269073,0.37925895970018647,0.9281818181644126,1
0.27651541177444505,0.6648950127338683,0.06406897802145964,0.11159738691288516,0.15254215495532053,0.7506869451811211,0.6637441048828929,0.22488485288615934,0.9702558234437476,0.8224472596727584,3
1.13159445102066,0.2700916098371916,0.4426896039251771,0.01950541664165692,0.06474900251167072,0.1248606053763399,0.5515322163116075,0.6208228362839354,-0.08129614780642684,0.5489289214987781,1
0.5178918608763123,0.4265189709576798,0.9416016648236064,0.8478584536505588,0.3941771407951929,0.7542494736551881,0.5909797701969202,0.42733649546641944,0.7638295336029732,0.3598907396178329,1
0.5186552893726547,0.09857064990695039,0.08891620997109977,0.808765307835291,0.47275078167222195,0.7937398866269941,0.8717421149978642,0.9150803989189078,0.2675760626059681,0.9174457128409442,1
0.78199764376883,0.19839535080869752,0.43646830199905373,0.9758212529611517,0.16732619522986472,0.0861361362394904,0.5071859520547689,0.8047117451948751,0.6877525346759106,0.2008671409537524,2
-0.01399648030627075,0.04672046630258829,0.791238203329382,0.34427830441188423,0.09065793769281867,0.32695812406358626,0.7118844072928711,0.34861828020993163,0.31605055695548023,0.3878246935333264,1
0.6917750631739246,0.6838944543109584,0.7902317640703119,-0.07271472254668737,0.36706475519532367,0.19275284606049362,0.3139837100548973,1.1645795567195971,0.6862673482926096,1.2097695925629686,0
0.9726687324584599,0.5827338589737632,0.7780778198562297,0.0792119438582474,0.5621557101093574,0.6431909118212961,0.3545419208046153,0.16524441969590153,0.8467470260250853,0.9874442215818517,3
0.478394989817787,0.4054122512519495,1.132994074270395,0.5188718683109642,0.3760216846279976,0.7347159729792427,0.20549537849434527,0.5956560327178346,0.8094976843148044,0.44366379523576405,1
0.9187024225304844,0.5298992806745628,0.7650115073015185,0.017305266469018907,0.5934354666400106,0.5964942975405073,0.3819522539556709,0.19505361007931338,0.8382800753643815,0.947620795354009,3
0.7330512405096242,0.7875573436796602,0.2501708925398322,0.21857144239896084,0.865734619892959,0.31238048355835063,0.20870920473525434,0.49274007822710464,0.17410916470833845,0.40024262872561833,2
0.41704021647154615,0.10743031006527122,0.29091983056439974,0.9800853340328651,0.7749699372689081,0.49804984972339383,0.9969780899007404,0.7660466468215201,0.12676398034458644,1.0488759810157202,1
0.6691627478104817,0.8645240528478848,0.14921119103938976,0.804544907183516,0.4388462587928475,0.8567459662406527,1.0169076731966913,-0.24892088835298087,1.4341431388154189,0.7313172660475955,2
0.8319005983383472,0.26777348789011673,0.536416207050741,0.5246975180218799,0.36806971170976593,0.21796439328955358,0.08662185907355766,0.3994908302857475,0.3764309901647609,0.6078970217349416,2
0.07577287645064133,0.10143070606743804,0.8127624145170679,0.2703029673048499,0.10016843349133533,0.28759214593421345,0.6292448060790964,0.41424855776236524,0.2677764837346085,0.4283643144479582,1
0.1658152462993956,0.04147291748740065,0.2594502815780531,0.7493489483465495,0.434364430767001,0.5180568224386974,0.6745819402788604,0.3358793813642451,0.9448511147663481,0.7850963714594519,0
0.8523721812255327,0.5772739344850194,0.019811462474800423,0.9781903253194009,0.359531316124193,0.14409019255107647,-0.15482215495988894,-0.6649090067937641,1.0325554479047474,0.6697547029785917,3
0.6310440169857421,0.72853496356017,0.7443676191648508,0.43054088595078277,0.641174906874934,0.6575690966763205,0.8977735344896802,0.050145079809787954,0.1790655751808134,0.35895335646074333,3
0.8768121414488333,0.5409903991432025,0.7561129509320754,0.08414445901615929,0.5709925241654457,0.7143464579471595,0.3135568481739378,0.18373222369980452,0.9150072925801639,1.0078818711162236,3
-0.013482282069871385,0.9450201185509862,0.4338634234215155,0.5322748354337923,0.5777075870411902,0.6141637741911095,0.9974881140666603,0.5809074797282205,0.3683286101832803,0.8431330656322089,1
0.9266741494499573,0.09316546476804431,0.6423408988895465,0.8597116502940717,0.5309087220543967,0.43407007617112164,0.5711572248584296,0.3391156886464106,0.11584949269996628,0.5966036619384458,2
0.00913491198389979,0.7646696502135046,0.4657993085214721,0.4337646530489004,0.4253721962558195,0.6740923670639922,0.9407895850391496,0.4613705075839879,0.41967478187164275,0.9989758996151341,1
0.6091785289235333,0.14297406356015643,0.29239728673853715,0.34886407158819727,0.21161691869321722,0.10596405708472034,0.12164995208333163,0.2913203346818797,1.0982067652112124,1.0148700473618586,2
0.3277997044384542,-0.2692227881187925,1.1985425402924663,0.23029626855693208,1.2073584286411392,0.47114753070405324,0.20449075755897933,0.17002570352426516,0.10850989659244847,0.25549215727109764,1
1.0295672195324856,0.3660324288011452,1.2987841039547112,-0.061212040307505045,0.39209956818614766,0.9840272599427474,0.48108854170313886,0.3631501935733343,0.2817297820336251,0.5961971121595642,2
0.8178316481732497,0.45566737335346297,0.29462238738857516,0.12800278928937858,0.27226694853053823,0.9317086945620175,0.524168871454129,-0.08090761944996383,0.38980142160195697,0.5507695763989021,3
0.010841590432363511,0.10647491135686246,0.7955291294437349,0.32979218554455825,0.08370397821438992,0.2319633994201467,0.602260997189337,0.44891548618523847,0.33980076476011584,0.41892956386144153,1
0.7628865140296682,0.38382619249703015,0.6196939735323993,0.27116326261298296,0.7117006302986764,0.5527993619513818,0.803290415078818,0.26484730934560446,0.0647861084801162,0.2906008936522629,2
0.17718093467596002,0.9927420180867024,0.019425171383944125,0.49567522237854705,0.7429009280006381,0.6743595658340937,1.0198542690828682,0.3865540956725446,0.7805414503896569,0.7221617313031539,2
0.4808286484897927,0.1950148129046856,1.0039166584922912,0.10412256601483216,0.5652035726464532,0.6538645960306056,0.9186059461348696,0.6944168391254558,-0.01214361528350616,0.2253547627139363,2
0.08337422477535285,0.2271505749874581,0.36068549502890684,0.7487458997327031,0.4940516065344161,0.8404875303535424,0.8799051936986517,0.3214813670982492,0.6090940052912063,0.4198330440888449,1
0.6337762351173643,0.9157336299680695,0.13306658759555837,-0.056421765603507645,0.7783753579082502,0.06880608547598038,0.17941683159425087,0.34128579145431326,0.6968959806994387,-0.16137510314443212,2
1.4794779702202416,0.8259005031298352,0.9330754226036988,1.324725463220073,0.6169471185844664,0.6535548589291499,0.43477299666785474,-0.16437562023600716,0.34456814027719007,-0.06254897276846477,2
0.3369269597746076,0.6675818403408291,0.10155640023516921,0.5077103908972543,0.7514267743037301,0.8794346355128054,0.8806200075825621,0.01387814601973772,0.5846794420944154,0.9018082407371476,2
0.6193616479693225,0.19392699640522237,0.2701336023720419,1.0530147623841122,0.13330806618267288,0.3771723827461613,0.5254122246899158,0.7461899228966515,0.7260208333031697,0.18199230311087067,2
0.948729112586011,0.5279781448077663,0.27114973984156254,0.8552736699749826,0.3275731736266121,0.7254814179834963,0.8542999632565135,0.47026421552766406,0.9596248816735681,0.28617360474843423,2
0.6218514580171963,0.3953664586897928,0.47904867728267553,1.1093644468974315,0.27392359350997475,0.6375108281913786,0.6381206348989914,0.8052565134878183,0.3720675321809315,0.7919142283145686,1
0.6082624440034267,0.8840628970334135,-0.007436486848013747,0.07817434455307128,0.37698398278109446,0.3105433471779932,0.15350536023607372,0.5044774988278884,0.12210078587475161,0.9179563936871586,1
0.6185850590358717,0.7127891339860748,0.784613256524949,0.423922948027767,0.6313181714242022,0.6303732039260178,0.8586346698463795,0.09503699862763429,0.21782539615746618,0.35894058121203704,3
0.23799151433943674,0.9169825474509002,0.9100598783608561,0.6015650742445012,0.08242167980766943,0.8760128736202972,0.7327865000646728,0.4587651598129538,0.5927945839710065,0.5893723901059781,3
1.1250308760599625,0.6641910667194095,0.8625779068312791,0.4833720124239885,0.9024467903069039,0.5229368970222995,0.3734945253962538,0.00784947184062812,-0.2677262306074986,0.4707612430370904,2
0.8822411291867166,0.5578558376115008,0.29070439319306496,0.7187652206109845,0.7659437240849701,0.7621666770566019,0.6952119968780714,0.11949435065482886,0.7917219145876334,0.9298372738798554,3
0.8908382799261666,0.7593640264498945,0.9731763905906587,0.46146485279741134,0.6355947578006518,0.016274027548584757,0.13568138861421608,0.2580445037430529,0.6525159218803436,0.8146385349960615,2
0.03377153655019668,0.12562518196410805,0.7619499147304177,0.29054501996036564,0.07301595240764613,0.27690512240913584,0.6196706572271493,0.41537469680848427,0.3278863522055482,0.42390798000909113,1
0.398301582229348,-0.03767074141719039,0.36937350261644897,0.6659470278991881,0.8271304323739562,0.72620615718609,0.8608589754221724,1.2442950078127697,0.6971312136417664,0.9299885046486535,1
0.482736472750836,0.7233018951344877,0.3297996511565845,0.23586261324295624,0.9087780921622736,0.22960062898598907,0.18422189206763667,0.5580412672342543,0.5121576337260056,-0.21472124658708142,2
0.04786283545014066,0.790766518215033,0.29173127836416407,0.5175166380570401,0.91175838104572,0.5870046115932193,0.917742728995526,0.6556600364669203,0.6345174001541738,0.0719424920962941,3
0.15509415405768812,1.0575613562938018,0.18312205252983368,0.20433323083331129,0.7181631525331916,0.3909823641871512,1.0084780626102998,0.8242927641443007,0.18891435290705944,0.6703861452970711,1
0.8725979064966898,0.248596182178355,0.5189375146551196,0.47962875061772064,0.34918416231902677,0.2559233181391805,0.09734057115113087,0.4153849265971199,0.3513182306216201,0.5707906460651228,2
0.5086390072742024,-0.035819054488122504,0.8492283324910597,0.29920163127408517,0.570032753166786,0.3628130139498684,0.5809517529765653,0.8483171360879809,0.10124770303043194,0.37926744220506947,2
0.25201836893826735,0.64997230217915,0.9605453655890328,0.0887411435116954,0.6555168520852469,0.3624767251459749,0.49290577198584895,0.7711141036743476,0.30518988918149853,1.0302875884162321,0
0.3286947726297556,0.8512845622394688,0.9503720408484755,0.6077044793030254,0.08272634881636595,0.2503156841703303,0.23004649947108352,0.781490510002949,0.09072954778977994,0.28202304600244876,2
0.33606565908792235,0.8837481777316759,0.9646668043259314,0.6138602358965315,0.07660434700915197,0.2601826297359817,0.22450808877109008,0.7543252652674924,0.09149501838901025,0.2693417704406273,2
0.2961560220237559,0.1969529329512223,0.2516785567322926,0.6172618007172253,0.5731851690643075,0.6377809938466099,0.5333735676675213,0.30661101372312977,0.8212117816192315,0.9995179639562478,0
0.041518316421655765,1.0317887634373761,0.8937207965845577,0.6494750759472818,1.2167980840756378,0.23748712534379238,1.1600061566616247,1.1854468121140855,0.04302574303576681,0.1742362246753536,0
0.6259608678534776,0.8954993401655337,0.1757395702731351,0.2800888226291284,0.8677721673274441,0.4907999951154437,0.11537800291567436,0.5392192183762149,0.1068679557646667,0.39568994925641193,2
0.985328466483487,0.5890380848709493,0.7330682841356106,0.02328233443088422,0.5417861283612727,0.6148638158341823,0.3269304327430216,0.1629882133326993,0.8511632428448902,0.9224688064378269,3
0.04536159582744402,0.7880524187924807,0.47341758269548984,0.41556836490948224,0.4673369525327145,0.6550886179530774,0.9506590392194683,0.5060694514567357,0.4686812006068897,0.9572019567866323,1
0.3006619491808122,0.7814876137005713,0.026390259991253755,0.31105207031558224,0.4349827121879585,0.6637007019224508,0.9558682029571036,0.36178161447720913,0.7610129634023488,0.5717404266865442,2
0.11027042302090888,0.13199260371307234,-0.2797524297837835,-0.24433854124038784,0.7778184546307605,-0.07289794702250901,0.4003714193780933,0.4734569492981062,0.4783782991309339,-0.05660647685196318,2
1.0241310949546434,0.8670617465327818,0.5606799043248558,0.06564629428797025,0.6048867642331117,0.06511272729066514,0.11246773186769576,0.4640178098163642,0.7571165143980525,0.6820098349273962,1
0.4405556323782131,0.26559444418034195,0.8591514829987948,0.507693949987664,0.6939172722940193,0.1347303927577047,1.1429903307126352,0.8935342426121722,0.37109729033609007,0.5689500997983353,0
0.10362560310668952,0.9481365934223779,0.25876932884079734,0.3630002530820349,0.6068361151421374,0.6046607988901432,0.9398967796890348,0.4233523462687496,0.4438988148390044,0.9295351127231997,1
0.6536362891753718,0.7256213461619077,0.7981029728036386,0.4295572027542744,0.6241513513119478,0.6375828231816271,0.8743124224977891,0.10812156001016267,0.23119776760152483,0.30488346212473527,3
0.39272874808777847,0.8159020021137927,1.0456429633852695,0.24526571560761581,0.7439151777813304,0.4845973304291434,0.3486110126101108,0.8342594974283555,0.3615544322670006,0.931663921819637,0
0.6809991561646783,0.821924430287409,0.2705148614449971,0.24252592636523881,0.7609619299723412,0.39034474693384275,0.11093527947741694,0.4140929372186924,0.019222388184755614,0.2957241607614826,2
0.8124628907893535,0.5116680146238055,0.7224286893323726,0.0854208253397431,0.8985719829587615,0.4619560415817379,0.49683427723121687,0.5176506058198245,-0.05730964165225069,0.3983506449284395,2
0.4279340712465022,-0.05851639924690186,0.12227640260997441,1.0648929403813283,0.6459062113103495,0.8103459601030231,0.7148082707167245,0.9386011788652155,0.1814559491386396,0.8966835848251146,1
0.2588776381628663,0.5866729644657042,0.46186416518641554,0.5948063873817869,1.0797143271685905,0.595519894632436,0.5704840043372762,0.28840247399605606,-0.06172422324931126,0.7755494877602204,2
0.32936251916718673,0.5927057853070425,0.5408157440666814,0.8536063971218023,0.35066608028002155,0.7557959995036208,0.566058447146187,0.9194074432380435,0.9847717518172243,-0.23154920661008727,2
0.9745959962352353,0.7953653667498031,-5.370277950667024e-05,1.1326628618151937,0.4515874583563268,0.6360804546649645,0.6586153941709858,-0.04275696383397831,0.8308245442944847,0.49582997302385867,1
1.0371760433610606,0.148361855809859,0.37846526653318413,0.15480308957263178,0.046646413589693604,0.015379734135261995,0.5720917942685629,0.7716485586448728,-0.04015551476467022,0.5925259891029736,1
0.22063051529480185,0.9336776118479628,0.07063936300764224,0.4783092713445109,0.6395529817363461,0.7291408213455804,0.9369844234567012,0.20973843799489886,0.7302472355756855,0.7490732994250499,2
0.5043286653461251,0.1100629199592704,0.16680086521584941,0.8932642525784114,0.5337417464722491,0.7486699492970419,0.8150972754328987,0.9730091243167088,0.3809094195910967,0.8016984254745619,1
0.02094240446064155,0.48344163579111193,0.5298719954127021,0.7721244186976832,0.38391818705106945,0.6327082593378179,0.46811595490779334,0.7353949521366508,0.46032401405435314,0.15015032189510782,0
0.5316427677727332,0.4087802195165937,0.9532224694654698,0.6929155238843918,0.5109016142786841,0.8225201693588737,0.4951902854679665,0.3137431476170876,0.6960814215336346,0.25610011563226864,1
0.9203563290778412,0.20072018191952284,0.7233322139255188,0.34233385650991366,-0.08914085643061992,0.3985132063750285,0.5693562155108163,0.47060307992307887,0.046100935211189464,0.7730632021318168,1
0.03188265559470362,0.23671487942884428,0.6996846477376913,0.01583539544094728,0.0435737978205377,0.279064102761188,0.1304920121797109,0.8682156573593646,0.46425143692471504,0.2948555188731285,1
0.2166006077117626,0.6436666219058939,0.824704605260568,0.14534873230277648,0.7839554475127573,0.25994479579832214,0.5806616381994899,0.7457449274373579,0.42307353939741854,0.8381536910728712,0
0.07522553188785548,0.8472275105442257,0.4048906144729003,0.468070239144963,0.5180747872395712,0.7129305605634129,0.9454004804626833,0.5597106807725577,0.4638975760776237,0.9207279782386176,1
0.24360813829874622,1.0195431783279623,0.09473280370979892,0.2500850267911326,-0.20600404801669026,0.6617181080673442,0.12924250561826592,0.7740730015371322,0.42287403190717304,0.2933934370404404,3
0.6089269104295002,0.6659259563763398,0.44147830130520793,0.5825219291909745,0.08584467489995905,1.0855927712790625,0.2664358074824752,0.21311310547233137,0.1766439088523372,0.6883794727732225,3
0.2862069383138956,0.9429675001429825,0.4644799226948479,0.23080760934758784,1.0124381348590032,0.25645849585319525,-0.04387786970415242,0.4181628806835379,0.22377926919610125,0.3325745935770229,2
0.9234368184689935,0.5395888164856883,0.6971274573451345,0.03031591669252997,0.6188575100137175,0.5431240142633573,0.4621462052998865,0.2944424841703888,0.7809161529258764,1.0227883988866886,3
1.338492217606634,-0.10457100605966385,0.6936841620283659,0.27756979362218487,-0.3872917990529252,1.433067783592906,0.7105450822012654,0.33937822452010946,-0.46876898391064414,0.7492543421851532,1
0.34558882486359743,0.3018491218999749,0.9497414905079442,0.5275620882907882,0.27157521934999485,1.059211224077434,0.3381780002362111,0.20765045419979034,0.810175795886053,0.2871552031247303,1
0.0744550457604265,0.823046485829962,0.2662396184875768,0.5362464405678115,0.9512615241779113,0.5359971638026139,0.9508905281017231,0.6694599724441638,0.6114886220635032,0.04445950827627487,3
0.5616008814211111,0.8467349325392497,0.28634765625387504,0.48558969037857874,0.7907425504760145,0.13153056295319648,0.046488659257533024,0.2612617604742943,0.5064564381451023,0.935195195973307,1
0.3840838314231152,0.4191181964327657,0.8947253014131626,0.7076490537325205,0.3585896725965676,0.6134337546633761,0.1016799431348361,0.6340009878518198,0.9262978484537717,0.4798873351104508,1
0.44897213568302496,0.4007218541827633,1.392677347550964,0.7610777630150364,0.1437298803356594,0.26475105293373014,0.9368287202371145,0.8958501192296218,0.16413462917411914,0.48056766106559196,0
0.5070200099779658,0.11173263256656077,0.5877010572126404,0.9530278581345031,0.5460029235883807,0.5972225962518454,0.1764529794979231,0.3178316491633484,0.45829512839868664,0.8492342445113369,2
0.2297618407417473,0.42433316370661733,1.0442050878257898,0.540881920662426,0.3939497461576794,0.6842130670410048,0.0986791968602233,0.5920132536448348,0.9350886769507147,0.5138743673316295,1
0.5218063000775836,0.06572996190278341,1.1842167229441343,0.5253765330990126,0.7558776697690487,0.8323635428766454,0.2667803334049287,0.7859412965663853,0.9930701823123497,0.7833258286806832,1
0.7485941391830276,0.04338619964802898,0.5910955189788067,0.6482903189726646,0.4747543640498138,0.17976718688930368,0.1924447843557455,0.5477697770563749,0.21722731383368216,0.6499904322640792,2
0.04813213207348416,0.7942615163378631,0.2899059566187604,0.5190723640530863,0.9100952644154991,0.5897688638760294,0.9158067968291229,0.6581414776137534,0.6333371535631992,0.07437010859869422,3
-0.002497754561792659,-0.15630674660709748,-0.05226304818989097,0.17376441407250387,0.588450070906858,0.14878092080902722,0.6507066364289013,0.5599051717578148,0.031529233270843254,0.3035338806843494,2
0.6866859940652327,0.20339330104120223,0.7330642687284057,0.39891579951895983,0.6978274073446368,0.5556040121569054,0.756465435105391,0.5112041026746099,-0.008665153656680663,0.2770977430887753,2
0.6923664974940675,0.1274137158504566,0.4077294214563787,1.1964316486164324,0.10977146053426962,0.3923689532619783,0.4713786810567556,0.7792511874801757,0.9221819859591784,0.17038278292442408,2
0.9166284228789969,0.5671614319369804,0.2973543644317067,0.7256294637225486,0.7575268802975679,0.727486559725629,0.6519633364048311,0.07724144398603841,0.7363632151016468,0.9083460349923334,3
0.5635456171281363,0.8851755362013962,0.18791963395358932,0.09115192468312214,0.7947968266558582,0.03982573419351419,0.282488752657844,0.3919937882991393,0.5830665437555776,0.018952163515512842,2
0.3515806055072575,0.3978886020298546,1.0324073757277843,0.6007565018823523,0.3859776822821069,0.699532087029959,0.19883392641752384,0.6224562400010533,0.9786780470889922,0.456335665994389,1
0.9352224947558769,0.3173147966575308,0.4729727071435361,-0.23309075800071294,1.0081800206526235,1.4808863842643119,0.6433674236840423,-0.1886199865238124,0.2827288976982079,1.4799277574450356,1
0.2857213456171863,0.0001703529131450339,0.13920837414993692,0.01091683909173394,0.8360529337924584,0.39528021492249243,0.5686511250361543,0.5187087340018864,0.3392470007047512,0.09951246646375284,2
0.12779240520699855,0.2705983724817823,0.19704482769950887,0.09332716628943034,0.5335167857494647,0.2615179171228271,0.2766462305624112,0.20770482466461032,0.9277788853376966,0.6075449806414667,2
0.4550230996933091,0.6785572260030012,0.7520824057798241,0.4995386620512696,0.10986328305620734,0.7052833571590224,0.18799429832737907,0.7791871085575152,0.6252729493312372,0.03321961430249612,0
0.5066136672216176,0.5016811447118785,0.888033476470949,0.7225594283110438,0.36877718910306484,0.7736161784627382,0.4346304618049147,0.44147023061391494,0.6009853270058836,0.15692573823178962,1
0.5683750746104106,0.7656206055049906,0.3935660166530593,0.5512783674063612,0.10186146685643431,0.9840971417576116,0.2266383518513887,0.3278400960662729,0.1834448288351334,0.719785982748427,3
0.20634098141589907,0.6845684870785377,0.6403368330838719,0.46669431054644683,0.9227988306696515,0.30595133070903874,0.2897976588866055,1.112131068187111,0.2854510400042732,0.8894115706070059,1
0.9034795676692191,0.8867446590180408,-0.047764741985743875,0.5878148576365907,0.6103323536716228,0.5522439525818386,0.7204973317054868,0.39055151890431805,1.3101739869857028,0.283824722713992,2
0.18646375323593734,0.31755009081438385,0.5063715286794959,0.5818026467387472,0.6524249447730789,0.6572237102709491,0.6526183379783939,0.18469104894206476,0.8426960506106262,0.3737304613590725,1
0.08253627855653792,0.19664485574050017,0.7519661602715516,0.2436696379401518,0.0331966636309482,0.3491836065298277,0.6840865724813454,0.40920355352891624,0.29833304035249064,0.3792211076263651,1
1.0001422681306757,0.11515940731884228,0.6533126713369088,0.16749560682279388,0.7504665480571127,0.7523941450070095,0.5052484081553791,0.5994188062385911,0.28031036438278534,0.4143272387912542,2
0.6672034203096825,0.25225968789446096,0.2592897150219546,0.24455393632625436,0.6305930959871386,0.012489118872311838,0.5855117792952861,0.7517898028275776,0.5915592754985557,0.6198774832307229,1
0.5466437939909635,0.3840659691212004,0.3634317067170176,0.9428800258428756,0.30737133574498693,0.33244865319727185,0.35087023017236096,0.6799948526002205,0.7710763927490725,0.11276019422462892,2
0.09325088517037664,0.13078769267853677,0.8179880910716967,0.35992149716568594,0.003530705940842989,0.2789860731338098,0.6538538103608071,0.38935527034376693,0.24644434840284818,0.4442255555524219,1
0.6640513337735122,0.17494514048532445,0.4529454203411899,0.6056472804420778,0.35573467218112687,0.005466228066433779,0.8839384560182634,0.5624102913135217,0.10775315340268156,0.6035350797186692,2
0.49975567036087387,-0.37718920453650795,1.2243574369132686,0.05687481079739774,-0.21996273190536417,-0.2644321890965778,-0.3005158332867486,0.8202314529113562,0.7499134177887086,0.2838447864190086,1
0.6066998108780175,0.32322605095861706,-0.017785803512127413,0.3654962380329133,0.20777226498217313,0.33024270763124275,0.4068684798232847,0.14036589212471517,0.8341399001013725,1.0610168400978253,2
0.8715947151983643,0.6800167073145078,0.046426015492827294,0.8822356723788998,0.470631650420989,1.0716034645816386,0.8074301171651427,0.18661535963674455,0.7236452909537953,0.35877957872269184,1
0.606969707518165,0.902044585541981,0.006635613086903907,0.06313009351826646,0.38973511092573315,0.325387706263204,0.1392770127389862,0.48499623904990247,0.1366421279338458,0.9240856524976664,1
0.039781652799084535,0.1978985137218768,0.36226738826633703,0.7230938122759525,0.4468660801148074,0.8725539384278986,0.8871683581457697,0.37554697920707514,0.6558369861725578,0.5131880303028218,1
0.40872390962980387,0.8208393437004969,0.654291467749004,0.5722994364714136,0.3180033096430714,0.7263381836315742,0.17939833471473937,0.8454020923113208,0.5900029935552429,0.08904190481192623,0
0.13193496109996683,0.07033966562709326,0.7433169617980188,0.2929201157533995,-0.0009920825135641131,0.3282486450505122,0.7104896798877234,0.3979409280617963,0.36893755489563484,0.5020986450769851,1
0.3476865655494006,0.07670816568521166,0.07534690102367658,0.7404538442717403,0.46671068718633407,0.8176617559180742,0.4056102027273134,0.12005569362494645,0.6634075625420088,0.532938260602996,0
0.91477295247611,0.0921983395760984,0.649110897698171,0.8643589804846266,0.5373867273754136,0.44033399962263536,0.5768160546253124,0.3453880266757716,0.11180758015911252,0.5938131454594114,2
0.5520311586767053,0.43434508388621373,0.897282450779218,0.7269914048635242,0.46112136938065085,0.8296408698918555,0.4953241548766496,0.36529540392621157,0.6856408365352011,0.2632575819316786,1
1.0110253268764469,0.8887946485291627,0.35237018398734093,0.10914519553030266,0.6578652530297936,0.9679883131004375,0.7336942886135174,0.1405063186509039,0.24975798296956012,0.8581409231727691,3
0.12291583677028987,0.07595919417555978,0.35589258016804565,0.7040532880572069,0.5087007321069192,0.5802862260032273,0.5770971484602493,0.3908927611962043,0.904120270744919,0.7741015163311371,0
0.035247747842934204,0.20374464210903762,0.31975516931699166,0.7474199230228494,0.44726113612595436,0.8382953223875375,0.8747924871361635,0.3942326928655066,0.6389002212769122,0.45155202562479685,1
-0.019500719538008526,0.6848715651904322,0.4730249176696456,0.7036452552951603,-0.15288374144097316,0.5337498755163481,0.5702659835066533,0.4997011751966668,0.8401422887858758,0.46689343405087974,2
-0.03612201975051185,0.17417691012317082,0.4310661734552608,0.7331163789742684,0.4604467333835888,0.6314629889613659,0.7214522911706026,0.5207911170388753,0.9618672829474659,0.9080510678722984,0
0.6421044186438558,0.840105818262557,0.3005605759573652,0.261107927321296,0.7710527213788997,0.42564280095707174,0.1228220810349589,0.44792392225275823,0.021271226321680003,0.28987294443117634,2
0.8300856072363376,0.5098889292016422,0.3404972527246206,0.734141273226876,0.7206069618651214,0.8391907372300007,0.7345773265698884,0.16498872667247713,0.7862157438040399,0.8595745482602297,3
0.9388246473030402,0.5836080107456743,0.7588782618672346,0.0653330927304108,0.524611961987624,0.6041382725149576,0.35500206426177017,0.16831244514875038,0.7993138800585478,0.975102687840146,3
0.5476530078222224,0.8514381110582822,0.3433828181144291,0.547022336836933,0.8069568475926953,0.15820118434877545,0.04008194383819842,0.24399074577148977,0.5581483165323401,0.9033438451501157,1
0.44406459145705024,0.9441646422993635,0.2783510659726331,0.5629693375856673,0.03491057450198945,1.1579351578618953,0.35140489708542555,0.14288396809058318,0.04473379352835065,0.49527024423499705,3
0.3423998313978493,0.4403286889388154,0.2972428202207563,0.7572892113976624,0.12800971970915243,0.41647145238206446,0.49943824701131084,0.11449702713705427,0.9027961032062103,0.12166535692817794,2
0.38254186887339187,1.0465057559030706,0.06803004601475862,-0.027086622914005515,0.8994267723147712,0.19561452304176846,0.288061469400297,0.38651790481113163,0.5148277299270643,-0.1536442721841677,2
0.9542000217079573,0.5360920905132655,0.26738417334789133,0.8581734264226579,0.3308759934381417,0.7248008476960236,0.8506513215555674,0.4655415271738944,0.9635703660255196,0.28232434192950356,2
0.6058761400681991,0.8753860155538187,0.14647001913133484,0.030661917409953596,0.8459206721156777,0.0890563387998678,0.3359580622940403,0.4133690384851861,0.6059806822420128,-0.0691848580287024,2
1.0153084228112592,0.4290721917693423,-0.16443459330481125,0.8473884888737879,0.3711336686680735,0.3932504727450136,0.28488382394921585,0.920134035383579,0.23109432683781728,0.5106947034624052,2
0.575615381319948,0.9620299144410014,-0.318641484165364,0.2471914719026756,0.35493634466264956,0.9168616707075607,1.1382436397948026,0.5963458925001451,0.661123546150898,0.7982644414839464,2
0.4320492450789635,0.9982513196130007,0.3107470739823703,-0.06225729815655939,0.7383533685038345,-0.08141263464854723,0.13072662592330028,0.5367568215446401,0.5553278881152417,0.11405975802157288,2
0.4050406485445138,0.720239287577003,0.6973607534463276,0.5131322832261617,0.2611442283174199,0.4839012813773386,0.13588173123499792,0.7701588603703359,0.5264336996004566,0.09281612181525453,0
0.38644342662217546,0.5417283196162735,0.09530352014015897,0.12307936113919987,0.03703748793127763,0.739990103530972,0.8414666530224674,0.2195475701966407,0.9885213323238944,0.811244067527764,3
0.5037535635943658,0.27069159348261174,0.43820983069359004,0.2404151567031097,0.8064729286442092,0.011402994620398545,0.5932337466726751,0.5857116767531974,0.43570272431167734,0.6386746254479512,1
0.5176113456438601,0.8254617098227033,0.31405154596390367,0.5198528494096476,0.7919766224671648,0.1629339037765395,0.022345213294854734,0.21669135759096364,0.5370681558491448,0.9211552958726024,1
0.26033546167135163,0.12802092909680862,0.2921684882252802,0.46937557306131844,1.1362612385272728,0.16164093999817142,0.2624631951397075,0.7343913010229229,1.1304907720020614,1.0167658977670206,1
0.06825060624445423,-0.03925016427271371,0.13140549604073537,0.06284105270681511,0.8228471338755252,0.24863813868558166,0.5063761880111385,0.3493213682643269,0.21526060587859594,0.29439990910356484,2
0.5177348863562079,0.7812962091461552,0.2873200835045321,0.4789544282782479,0.8196321473690364,0.1693891924054043,0.010297841034694449,0.17329811784115967,0.5606341314937512,0.9458853438831479,1
0.17885054176530815,0.2781897726447861,0.9848095541628946,0.5692290964460355,0.5296103209654356,0.8193100584309474,0.035243840280458044,0.7067292952645711,0.7844489499147131,0.4085862044068723,1
-0.2583300963331622,-0.077906836998417,0.11051630686701663,0.6389197510776188,0.3014288939660438,0.6019498899049783,0.8451754611841157,0.15858885182405302,0.9355878310925281,0.7662397892956594,1
0.6196747278681246,0.12240060464124596,0.45048898869537685,0.2490036121108478,0.8622396155293612,0.1727225757969774,0.28153727316828814,0.5381943439535337,-0.057071724878247965,0.3746750732643897,2
0.7270204933665753,0.7341565284778861,0.20477850089781904,0.3035552371263349,0.6968257707722006,0.42052679027385376,0.15772319263973952,0.4844893421877063,0.033573840255702564,0.27230856508320544,2
0.14763895549503217,0.9534264337596731,-0.013653137006309393,0.5414527923981689,0.7421846260821949,0.7531851016322332,1.0175601446242708,0.310763720907566,0.7022672630629396,0.8062457639920496,2
0.8435321114321637,0.5166919450897199,0.6901357562658983,0.013685582641746803,0.5188971870684457,0.7408302525978614,0.4759002306694111,0.07175519040700727,0.7479188604327737,0.9065974940748278,3
0.46853679591683356,-0.02415139482296534,0.14579841982435204,0.9441205031806577,0.44668173759599716,0.759052718248499,0.9358227270988247,0.99476481512431,0.33597276032330453,0.8927903719815892,1
0.25304343014612857,0.8913838434934329,0.056476270971716404,0.46828536031143553,0.5943141020934066,0.7054979856923626,0.9446597773727268,0.18955152687208876,0.7197406112257507,0.734497885559699,2
0.33905785549001016,0.5357474360492421,0.5595199834536182,0.16749931430578247,0.10346198944816437,0.2895553117893925,-0.22213945994334705,0.042915219406387595,0.03072096318500972,0.48978787579282235,2
0.34029311160498477,0.8546722182737247,0.9893253616125625,0.587533128592642,0.04272966273898869,0.21010712557030736,0.19454115202677488,0.8049491175257988,0.06612012762471324,0.28140325985388764,2
0.6019755046318498,0.8946705942207975,0.027476320974381508,0.08835597838866267,0.3961430451536124,0.3433695575815725,0.13157148591098977,0.5146491936066595,0.1412410792128499,0.9046601031510536,1
1.468849688548588,0.810355175102986,-0.3762649136351144,0.28919192203207333,0.6581310260745858,1.218012789390619,0.4193486424975887,0.2723941214625808,1.5845620230223867,-0.4034751144292421,2
0.8752112118955782,0.5555405491672013,0.30745893522415524,0.7315798626352715,0.7822542138260944,0.7468162871366785,0.6804432552078702,0.10368925586702388,0.7758938510404774,0.9268322167954931,3
1.0227704114703107,0.5665646691862222,0.37670810188425613,0.8694275655409578,0.30385257198114646,0.6330537760516662,0.8422155581989818,0.5716560155277269,0.8520495441686706,0.2529797897549243,2
0.5365089904824337,0.3143298400594273,1.080753937902903,0.5771265803179106,0.20049541338040827,0.744375253255169,0.1982449807595739,0.9186629817338099,0.9482663305759859,0.6304687368457723,1
0.1212322356449263,0.5697771278586624,0.47723504109065157,0.057272981914367055,0.9638204965653254,0.7213669546286994,0.4977638959939738,0.5221523404235788,0.4201093022630235,0.07237318168072938,3
0.45517436292899394,0.9476001178503065,0.9286849219508505,0.07833454694343724,1.0427026934972767,0.48801052646387977,0.8341127808310403,0.8823391342985211,0.3567886930688008,0.7050191643294461,1
0.07021139823073758,0.3959475186757717,1.1806880905374117,-0.04607381196865287,0.8020312395914933,0.36416444620147703,0.5310775291187128,0.9583610277573706,0.4569062394787942,0.9791997571382398,0
0.3406473853883565,0.6531908901166364,0.7853690592123916,0.37730499274739066,0.2887226402789425,0.8740162508449612,0.8444031117578381,0.5723775084298481,0.6520686206783428,0.07949182100429789,2
0.3536856780886182,0.581626774609175,0.8057611032169191,0.557777918428197,0.1986220619568471,0.6161601227903678,0.13927581171777806,0.8234339989640632,0.6004484490185038,0.04592844375155951,0
0.9293526143588361,-0.022347096078165457,0.6968948900920133,0.9441642800960739,0.5025715543876091,0.4784508394783095,0.5518229302838503,0.2612260437901857,0.20750444717854175,0.49713642779225353,2
0.6666382185866261,0.7277401260676749,0.7515084336529408,0.4611382478749882,0.6272370580776337,0.6324367387007086,0.8880628848992869,0.07112328562802861,0.2111827363957083,0.3430695429832883,3
0.8682130178525098,0.7063346709780046,0.660304703126531,0.8804077379497299,0.5365697229126336,0.6742661340181308,0.5471700700959957,0.6206123884747988,-0.03080724316105582,0.4053595789609712,3
0.920831108140402,0.6238868813784746,0.31705470149089565,0.8733240609904657,0.2730310888651166,0.6268775569320232,0.8508106233112619,0.5170607090373277,1.0414951069730218,0.2310737881836563,2
0.5858236280321779,0.7143815049949698,-0.2012300656722513,-0.24893994085482335,-0.1195331738872916,0.7142605307398662,1.0057407793095532,0.5743786780560425,1.0786049504719548,0.9246627761734952,3
0.12747723597489474,0.7882802943850473,0.31604409343885354,0.545935799573295,0.9092978424086205,0.7285864735277066,0.8021190870962069,0.5374499509572871,0.4742216215821842,-0.011614156099282277,3
0.03357151851450541,0.23361160885024815,0.706482339909551,0.02580065371364461,0.05198561407640821,0.2879602899692363,0.13638825827545442,0.876006091028721,0.46790996388447437,0.2994340220228873,1
0.8551538772981435,0.5903511738086845,0.713781000242009,0.28101884384151093,0.14380331646197575,0.7904285340169663,0.9450506683855273,0.6598984019860372,0.4263221900706549,0.7447974319030191,1
0.801759077224315,0.5399928548322215,0.771290584828981,0.20795201687201378,0.13808947861482257,0.7700121939077375,1.009180982451992,0.6301312270998204,0.45060184431039785,0.8142245748986031,1
0.1629045724582449,1.1314895588206024,0.5928271255122528,1.0080503378252768,0.19339585944806528,1.027610137554393,0.3897546555924747,0.790375497027157,0.1382921698127763,0.2031377341318087,0
0.013402369310635431,0.33281871478025693,-0.09401027596447342,0.6695603286882204,0.3554951920990741,0.6532378592639412,0.3726005827699315,0.5907234043572113,0.27771976777092766,0.7385249881021361,0
0.05804785633002518,0.16090322268379018,0.3242871790486358,0.7258098299900655,0.46603268212331483,0.8303815688132448,0.8566329282089821,0.3466172789888534,0.6838217241924383,0.4849440972676505,1
0.4711163205765969,0.706418966025214,0.6909828960261193,0.4183725208398795,0.2890532733762928,0.6759000761915981,0.13440283093353894,0.7581250075771375,0.4442821687290127,0.1465403972515429,0
0.33146560657688,0.8503042226712388,0.947290498009487,0.582543585980355,0.08519636790426256,0.22804518888523603,0.19831157298020152,0.7630621741190741,0.0923590400938922,0.25947387860188814,2
0.3211131921067855,0.8631083794635397,0.9753336713723351,0.5942515226368176,0.057111623838415226,0.2303587691999177,0.22845600881430014,0.7808495248034566,0.09569523566265548,0.2879632277078499,2
0.516264723776555,0.7382543553435876,0.4704175760950625,-0.227574391344678,0.9186032477859709,0.26775523196854256,0.9660249642412659,0.41842657059551724,0.5074904236574503,0.8980313006673799,1
0.8985361762497721,0.11274518816445254,0.6512430337375686,0.858301190784302,0.5573909448248355,0.4471601935707127,0.554452513343738,0.31515722895750287,0.11148373944510012,0.624109058053913,2
1.0095824017112989,0.8205729283541483,0.4096792573464446,0.0495206077535703,0.6274622088377214,0.8371624362121257,0.579174505435731,0.16856027592032208,0.3973657866905228,0.8417766557626347,3
0.5837338819943946,0.2273394452134964,0.22193851455158112,1.0435069157030723,0.2589551561879329,0.3048702836910801,0.4211385539856203,0.7368269790547465,0.766249792667595,0.17506813868405,2
0.9280019461870116,0.5631689078985566,0.7701056719329022,0.067179580157293,0.5336990502346967,0.6432210422032132,0.4222605268532728,0.23762950840538066,0.8294141013013842,1.0176407950664812,3
1.0232456325095376,0.6026102735553867,0.2825338491992026,0.8903602128530951,0.46220508106026836,0.6918710104409314,0.9542228350348052,0.38597527691264594,0.8697818860018136,0.28588345164845413,2
0.9823677183285445,0.6136538026443779,-0.028564825381284714,0.9581134942364097,0.29575085729228623,0.8351212197541682,0.696538085508905,-0.03412551794774829,0.7699115754145494,0.007851614345883051,1
0.186410059537255,1.0852709607466131,0.2257171681924057,0.5005779285582438,0.7945322298219311,0.8341708374579706,1.1064166562354254,0.11757028871317513,0.6553920291296413,0.5637411562295596,2
0.8782869272887418,0.5546030883489733,0.307179785012511,0.7324340516416151,0.7813934661824317,0.7470829405250207,0.6821025948854803,0.10402300754263882,0.7759867191685992,0.9251020233630092,3
0.3282258397503154,0.8641968597264144,0.9910692775305964,0.6043439304931406,0.054364864040512315,0.23438243505460354,0.2286308842329805,0.7777272809867487,0.07981208302773793,0.2936374336771843,2
0.6129565231542198,0.8103231910580247,0.13581138686020985,0.10391173497913733,0.7506400330176937,0.012669085947522259,0.21272954244353412,0.30181283061079855,0.5661115905856107,-0.027977270773442316,2
0.9696007696728408,0.47672630979318553,0.5646893928695901,1.178364596950746,0.22952466779785735,0.7869201776582133,0.2871873262028867,0.9064359485810612,0.7390024376616,0.6211831516718197,2
0.3317394486474817,0.24481977781147368,0.6557721828168755,0.3624131805673188,-0.24495546166408527,0.1060697275235814,0.6646629701256511,-0.012687571415890594,0.58586495079954,0.4419493286025438,2
0.4916845322791623,0.423052921881976,0.15261342461053837,1.0580403585263236,0.2754449150349377,0.2566389242244623,0.5015156864739868,0.5659928744205807,0.570697338812156,0.18499002930516076,2
0.03148634919056725,0.2036946437517888,0.37771571590021696,0.6983113796638188,0.42160148430463074,0.8409294702576136,0.9100023225511744,0.3999752712358465,0.7005632612849378,0.5077787710989553,1
1.6226676602177754,-0.289775324929032,0.20716121708550617,1.3163390431761237,-0.2720670212212841,0.3191766126597077,0.4892649011543153,0.15244840904400797,-0.30091942918639425,1.5074698010479612,2
0.34853439713263157,0.2880607162365881,0.39598605795660424,1.274321932394499,-0.1399267998351279,0.40032304034603994,0.23071914513852948,0.8386998821638713,0.9196147051866861,0.4485972462497545,2
0.4229633271451815,0.12703432835328493,0.38456261162313093,-0.15985820891660885,0.18816306568683716,-0.07022044755358636,0.29822727948056493,1.0027810427815498,0.33065089425269145,1.067189301442358,1
0.6784060586455848,0.3374035697720862,0.7373956542980088,0.30296403498868363,0.7617387968283021,0.5715804264864613,0.5717767006474745,0.2812849160548543,0.13848712347394548,0.26475100726271417,2
0.2124901047648544,0.01347669538890487,0.10613889115728119,0.004884057589289156,0.7584616119484494,0.29360916655716407,0.4748341355057156,0.49023359878487816,0.23469139516746515,0.20312378121222663,2
0.6539300940895227,0.4277220452430855,0.6257174037012008,0.27301804846753686,0.7946510276216535,0.6150194516037325,0.7461472786015082,0.3852551388002904,0.12220803438962005,0.10895654355057557,2
0.9730498810635871,0.522399140481524,0.25674274485495013,0.8764335760074732,0.3111167393920476,0.7031958091381939,0.824170596874101,0.4780254858718482,0.9857588666051739,0.28446239575738497,2
0.5166446255672339,0.8200498497050945,0.2615499678527961,0.3538737433859529,0.9625130000420761,0.1956949203513505,-0.13352051553590577,0.2650651608439121,0.7020996789759941,0.9796311108581712,1
0.1648545408813974,0.9486717580277864,0.026943977417078033,0.5528302171494935,0.6945856143277102,0.7257076940722108,0.9964092787456277,0.15455566973661972,0.8358103245670145,0.8374759005629866,2
0.5620390869137823,0.7751830214955163,0.5867301591131489,0.7661667435152127,0.19291016842859332,1.0216934786061338,0.8728571642173188,0.6236406615672995,0.7454652803360435,0.08175683642147036,2
0.4919899366078547,0.07251770124971758,0.1472706664097221,0.8806378550011184,0.5449558483020629,0.7028675481206482,0.8762881844876362,0.9817435575412038,0.3459458927579736,0.8789020942726345,1
0.041743910568750944,0.2435412617541762,0.6929357574013165,0.006563991175583551,0.05497749975613622,0.28916264258941543,0.11375243116744876,0.8424347238708852,0.4637615062002771,0.301707026291579,1
0.5760619327093743,0.9170963185793393,-0.019967429656615944,0.01180039224946628,0.38486554344523305,0.27763566224666775,0.19673764148871925,0.4344096441002353,0.13634445740221923,0.9079357490341736,1
0.38861875322931466,0.21814692671555475,0.5296578346346156,0.8181943853678667,0.5085791860231093,0.667687878513385,0.2956731873987293,0.2997321975020347,0.43319819055073544,0.8467685507220315,2
0.5305800727204145,0.804035897162657,0.3316243753682936,0.5096690389351973,0.8157919290518991,0.13510794496192557,0.039947083868547284,0.20664273136968353,0.5631981986585409,0.892495928729119,1
0.9601472108226009,0.5459078228954936,0.2695693669569954,0.8497016017629684,0.3104357230832887,0.7068874335383198,0.8492386281713479,0.46733330238304627,0.9692932014185838,0.26749052048912364,2
0.6252574496038756,0.24734166107549937,0.06816607327256889,0.8574195764919554,0.457870724419469,0.7545329530575086,0.6948253187778664,1.1447005390098195,0.21234943632132827,0.8522962414778671,1
0.28188736231809297,-0.05235150888635537,0.28126362122856463,-0.13486505635215446,0.4576289023501008,0.32876524181663674,0.5988353705373708,0.4567953490248075,0.6058173126745207,0.3198658530221938,1
0.0100059255007902,0.2834512250856893,0.26979737899241596,0.39708158003179816,0.6091309147709785,0.43881921920236516,0.7066300952927997,0.673409540622686,0.6186393803566752,0.7649223004036866,0
-0.23422419023367463,0.46013953578644,-0.0693231529666736,0.10434076804204868,0.9331656447064184,0.543977964165332,0.2931652412560486,0.9736442594223229,0.26689485400062335,-0.1874247331748597,2
0.6588571311624101,0.8658804576885144,-0.025242113312976155,0.042928783598296216,0.44401529005686535,0.39291055748277387,0.11739083535727297,0.4456956840572858,0.11482960172110532,0.9815411257828002,1
0.8249716499402208,0.5915468656172694,0.3386214381532799,0.6680474933442873,0.7168511653967017,0.7807030374406215,0.6055561091016934,0.18707850692121908,0.8001474412281103,0.9738127263014362,3
0.47206223806652964,0.09317102293714141,0.07434533479367453,0.8659981971564936,0.476239107357344,0.7631146782957439,0.8937431944188702,0.9294130655942872,0.3941728250372504,0.8925741384861551,1
0.7171545110691124,0.1574333955895029,0.4651397059881952,0.7997082263777042,0.25620823259004577,0.7149363402007525,0.7398729660308392,0.45121741265457227,0.620526008527806,-0.1507661500044606,2
-0.08183199009418868,0.5890076979241528,0.7170952630787901,0.3933278548133609,0.4611004787401479,0.687908723901454,0.5042721699454317,0.4780916629096824,0.6768460436476094,0.29858686942358337,0
0.6815273773296278,0.3356810328784905,0.10332629511664415,1.0082813343262034,-0.025333308972796592,0.5298001722967292,0.2927567780021717,-0.20277326689102865,1.172806883677442,-0.024964561621669684,2
0.2643919563957976,0.33254785077327687,0.9187126047062203,0.5914330837628535,0.7355805166495356,0.47585249230774346,0.8961510320125702,0.7913436924741246,0.5452736307412527,0.4664308892267167,0
-0.13976925275881164,-0.6054139785283255,-0.5046010802459268,-0.5436713063779057,0.21806192453059714,0.8531804300778746,0.3630153755407214,0.7706493519767126,-0.34630727460118693,-0.05541988681105067,2
0.9557762552451472,0.2891866626997008,-0.0014213747796076315,0.7376310131650323,-0.1306904610798879,0.7937434526583267,0.8262516516126426,0.2563028090596027,0.43342270540473854,0.1480536681726079,2
0.031267955616123506,0.2383711019907653,0.704195417569912,0.021135771739312907,0.043272782625304804,0.28325383888046873,0.12598448847044524,0.8618666254283158,0.4696499810227742,0.3017003213383325,1
0.32956614877331425,0.6790678843563361,0.4539976427828807,0.578219802913806,-0.0338013154157257,1.1647322905913546,0.4321999830051764,0.3449515004129802,0.14686007756611577,0.9007962485090949,3
0.3258309285947295,-0.1523324962291781,-0.18681280164683817,1.0855634555151812,-0.14759770298055935,0.7605568018625919,0.057002173768392894,0.5915776417222843,0.8491294296685048,0.5760992336842468,2
0.7845477131215112,0.6730166926830414,0.20130401240580842,0.1962391873775754,0.8927088317692597,0.29172477705814814,0.2632840006027284,0.2896612656854475,-0.012116237715702236,0.2932932519761714,2
1.0056794408432121,0.1509301369599522,0.39285603600332814,0.1425763562981989,0.013997221798143746,0.04712554501908142,0.5346554059220096,0.7498971384137388,0.008501309338889956,0.5334549091939882,1
0.5515643540536421,0.8382871578868688,0.19638841837534712,0.10060281828597985,0.7912440083705334,0.10728029277996681,0.294025872557944,0.4030188000146001,0.5082836013576775,0.058494671956509876,2
0.5108793775450202,0.022045372262080816,0.18496121263318352,0.8457146954059699,0.5731590478274166,0.6738381440710332,0.878077409997445,0.9665162857887541,0.3424555617004566,0.8549233705809546,1
0.9050972559880509,0.057124769746878384,0.604656027092016,0.8836175724316538,0.5570726539694905,0.44775401748153393,0.5932476219843206,0.3768173577790817,0.13086251485040412,0.6211631157028453,2
0.7660122986696193,0.40115869559989314,0.8784489435065984,0.7187083854612212,0.5267986188692648,0.602708359478817,0.07610181511225608,0.6963630187792046,0.8579170073468385,0.4047148832037491,3
0.5234173892346027,0.5816290838293146,0.9627420475030134,0.31739183156335077,0.42615220991526764,0.7411907335656266,0.8026695248959869,0.3394095732717273,0.39864253885757206,-0.038447327279946764,2
0.19048615690237614,1.604997892129044,0.7362433416698552,0.4036722778715773,1.0753684915468242,-0.012123563862652564,1.400883996003365,0.38640681828443685,-0.4000958940264464,1.0786735276398058,0
0.014109022293296684,0.17053901887469866,0.27450399813064885,0.5701880154160504,0.3198790463955934,0.6590738554285329,0.7982611344229658,0.18012075217228565,0.6405352111004075,0.3976050061613045,1
0.5053632352416091,0.01085103295664791,0.7646023652272158,0.5264958871580468,0.11465216213106871,0.30113632956180514,-0.24532525074770944,0.16165980762321971,0.3459548886299107,0.37991593750400965,2
0.910569364511217,0.12124166191838193,0.5617359181815179,1.268939035115112,0.31310653766926116,0.2069684319759092,0.21229569824826972,0.7240912303190519,0.4286646114149573,0.026878132141817307,2
0.9877638485075461,0.44820405159689525,0.7075043052829094,0.18068077838659483,0.5815508608018053,0.6587510050335693,0.4608882919714688,0.12858473889202962,0.8809248534399567,1.051303193185093,3
0.5650796856424789,0.5545203951704198,1.271389496051941,-0.07909492744998142,0.7723701799173308,0.699907047337168,0.27123629337998434,0.8690952213724981,0.01950523070669649,0.9043908717192451,0
0.049549820638218445,0.410409035444107,0.2959059092201172,0.820918754647855,0.42155549006566645,0.1163082543946391,0.6917303989076842,-0.29402268531700987,1.1649437509619864,-0.17797135858090235,2
0.6737208145911996,0.8305442588621774,0.6345333866417208,0.2644219356880716,0.37778458294749173,0.8986182292332665,0.25166256973380013,0.4457768680854143,0.29205907230062556,0.6642917145805024,3
0.809753380399431,0.6840071038161155,-0.046881735164270855,0.41389622757110306,0.3457819841263611,0.07085636113225408,0.32068018737108206,0.4767492486505211,1.138125583908294,0.37489132535703396,2
0.8425311857109643,0.5211301872910558,0.2729768690349085,0.7421269138287726,0.7494375168361656,0.7246303349028155,0.69160039424503,0.12320182909544984,0.7683485506676611,0.9355775098640049,3
0.17860464260059322,0.6141174687168836,0.5040242398028486,0.05778524898218475,0.9846072585216673,0.7981441137380955,0.5882192014198803,0.5146749359950026,0.40257322617443386,0.09665248689217021,3
0.4381300207333859,0.8685214495461469,0.9060899048594209,0.03052582402381518,0.12824768402063993,1.114817482428369,0.6841351416061773,1.115569913287607,0.34155517859002726,0.724098574777038,1
0.3588693266934153,0.8358500233502931,0.996279996602411,0.6535977037364418,0.1100156243355303,0.26208410382925557,0.16986090692059863,0.7414181468061732,0.06310592838507745,0.3187817055819691,2
0.06347259015429146,0.054547772699987604,0.07673177137754426,-0.09780281220348074,0.6512069070939194,0.41143283201109626,0.6738561034402126,0.30643559731428927,0.4613076106775078,0.2574621007944236,2
-0.20206187753191296,0.9726582479279944,0.4611746667534645,0.42648922716067855,0.20416379081816907,0.5350399186994186,0.7872808758911212,0.598407997220276,0.3408885394023172,-0.31475244337986275,0
0.4640164211744755,0.7543034506254419,0.31557059440751295,0.4288876561569035,0.8818734866112625,0.04886345840877519,-0.021849436946382486,0.1803149608778,0.4960545221690297,0.8044356672391679,1
0.874160077669785,0.5573954570359924,0.31615208772129083,0.7257509784428317,0.784145646634973,0.7556751839530603,0.6771022642066215,0.11134588518393337,0.7754483667603221,0.9293682406432828,3
1.3355402835509724,-0.10917467180507101,0.19386323228331745,-0.6943535894757448,0.9798836903970707,-0.3420234237388472,1.2169514102936558,0.5681677882922259,1.2889297994273798,0.4168982022097546,1
-0.018552104544910977,0.7405862732959552,0.29124350668127447,0.6272399034119472,0.8647175102053133,0.6429245788229891,0.9150200944719253,0.5478885354074161,0.5833999259881124,0.1994263080588854,3
0.03515750898966277,0.2573780936071859,0.6827030192621915,0.022423197944393836,0.03560231203857215,0.29270361190021366,0.10430728476383128,0.8838332978909084,0.4532253143815431,0.27106049567441104,1
0.41620579536110025,0.24087636158220782,0.3386276235408646,1.032295190038478,-0.006231217916522924,0.5167721330969695,0.6103291195542678,0.7395660005960665,0.8281287057207277,0.18070265177278852,2
0.03272595055865335,0.3641700492933674,-0.34850186401924943,-0.22907235341812276,0.4447902544614741,0.9633768537891313,0.8088319807711075,0.4151155556842703,0.7068908481447753,0.8901324257501726,3
0.9725399454605544,0.2084933433583423,0.05770444889128516,0.9296133348238659,0.6102389043586495,0.2645287457830191,0.07692095828689169,0.8289420877040835,0.2524213027767206,0.190970161886712,0
1.1737035235282443,-0.2659620630115809,0.2025480086635817,0.5511516817191849,-0.2067474011766662,0.29149501206415906,0.46584295215454297,0.8405461691860343,-0.028205697336895125,0.3973753850579633,1
0.6417128666383436,0.27163507826417616,0.42808114236908396,0.49420426497375125,0.9747613047390511,0.2532441439909762,0.32073161320670074,0.7143935071059768,-0.04360471294011714,-0.07457985526139532,2
0.23965355190091908,0.9445080314047946,0.04361842651799111,0.43247313304480606,0.6423390974770643,0.7473198834931979,0.9934410553115243,0.20096110815042012,0.6970560368265827,0.7618373610182216,2
0.3792501957256285,1.1181076334172855,0.6901104434589397,0.40727681107843255,-0.013906840161904743,1.2585802832452613,1.8278047598311575,-0.6870917937189756,0.8783365114639095,1.1921757724034718,3
0.7041877112424363,0.21365351686874634,0.2161053599710877,0.29033315386838127,0.5498090909881591,0.11327235628691106,0.5961075254955306,0.6927898748552235,0.6022742292411734,0.6053710164562451,1
0.7578046948914803,0.8890919453083189,0.07399127115932977,0.8732828227517737,0.7028507077685064,0.9734239737014964,0.6229320685850933,0.5437530458584224,0.05831441495676867,0.28310150060212663,1
0.9699337427744037,0.5417297700849056,0.3128989953822612,0.8811612741910646,0.3234579385727058,0.7302010285002658,0.8136883567798515,0.5035886325059118,0.9477641217123061,0.2566879223153351,2
0.14903533716258044,0.37799673399702166,0.2708324563164114,0.12905287646361327,0.4581908737219018,0.3352686140885803,0.13204788060211978,0.34949968770776657,0.9636380728500916,0.6975771565898874,2
0.06108076831254068,0.16583493134184982,0.31057234933229927,0.7387121812242468,0.48622421518077613,0.8398490610256966,0.8510919334920616,0.3535168311570565,0.6853077040529526,0.4858260293401181,1
0.1418901333029583,0.3886930351328419,0.2632788692990954,0.11244261582514124,0.4726741750567506,0.3338881320227147,0.13046918215126554,0.3468551836209251,0.9373215131860274,0.755442486440361,2
0.08198337090354291,1.219744619569725,0.9320310455712848,0.8770734048550607,1.2653675285976003,0.5787648863996944,1.5337235505689555,0.5275299710787207,0.8191015081563637,-0.6087212475654675,2
1.1742971036084349,0.7492164576315773,0.10208751242513242,0.8708045634262238,0.2729738897411334,0.7245820332089951,0.8037430535811162,0.5452974099766984,1.1744554547449164,0.0651427124791169,2
0.19252528295016563,0.7642795265502236,0.31799818375889677,0.4568140542542281,0.40982725394423364,0.6633551586854642,0.8414269513656106,0.5442386034125216,0.3716586216726432,0.872554167361653,1
0.8996314105653057,0.6382423793773522,0.290574225736429,0.7054687613209506,0.8774120191408482,0.7305736688240774,0.7327643557136182,0.08867409849284333,0.8065763732089533,0.9879626764302312,3
1.1461417110623244,0.6383831555216093,0.21394232322352974,0.6677258004565969,0.13138562292956485,-0.19038386681914551,0.45515077325915754,-0.06655226070206466,0.41997500845820257,0.8956747868653788,1
0.5555779208482385,0.8851115582171064,0.11431852539079315,0.08071852620651071,0.7614693289228562,0.01682900374293511,0.219141884265856,0.3299892981492245,0.5605930569444844,-0.0026882489120672003,2
0.31697183626786946,0.8634767016970061,0.9882700636330989,0.596256055382689,0.062315900028645024,0.22795733785185537,0.23061755354583252,0.7684795285792484,0.08877703236918011,0.29949998950270673,2
0.5964823380272095,0.9121606409370031,0.008679073571411901,0.05114973958549669,0.3953177769884413,0.3142140306272341,0.12628032583264698,0.4976700195276041,0.13043770127204948,0.9173093952102094,1
0.29437534537628707,0.8323067122003933,0.8950128956329283,0.23023467758418256,0.9172206778868712,0.4161034898521638,0.662405922396755,0.7599848210701511,0.49005292852548177,0.7317096982478285,1
0.9893595008036103,0.0578460883511519,1.423627185157657,0.6942980258860003,-0.49429290691847305,0.26705603425556845,1.190400576517419,0.4929318346822368,-0.25939385042463037,0.5404413346915847,1
0.76179186829802,0.22063333326364423,0.39697508235367185,0.19126720905841807,0.5146292245697877,0.23275083700774982,0.5142052384676367,0.6756299587744052,0.49916564739922126,0.44923029612106574,1
0.26965132181775436,1.027380050749102,0.1820258328895888,0.5053205169021577,0.56327683151199,0.7564206301628922,0.9518434090172422,0.21474462722496573,0.8659072185654711,0.7255318300244109,2
0.924933880299742,0.5906774258796805,0.2149206706147908,0.8140097534918881,0.3712463842134021,0.7107920612674866,0.872804149784444,0.4031686806820671,1.015880315062068,0.31814919248683005,2
0.10848513954347364,0.8776469199355765,0.4257910514187515,0.4081713284411582,0.44190671651259344,0.7961453668873312,1.029609496147442,0.5092282888046167,0.40563710942328796,0.9508723966479816,1
0.3249005787732784,0.027211076758842184,0.21730972634036444,1.0783473193457576,0.7455788094971311,0.8088193604641493,1.0773411263056782,0.8846346761537731,0.12479703011243878,0.749323313843376,1
0.05478634592789733,1.042103388166751,0.2976330704489894,0.44913071103421764,0.42391050207365455,0.6017491319397756,1.194338922019106,0.2758758290689383,0.7959826688541328,0.744965132841223,2
0.22882755107095035,0.7720278219639136,0.8835988604817993,0.15539469169745043,0.4257055503089414,0.5447936847022986,0.40225793696605705,0.7704506474010911,0.23520896124547644,0.9579994099282023,0
0.040746976471686236,0.4846743894707098,0.4852295317119587,0.8083360250783976,0.43371412218822114,0.523013685997533,0.5429692971949434,0.8667322833986326,0.3851877290117761,0.12869789446645513,0
0.2304110895839316,0.3730543091238524,-0.5427499295524776,0.685968754554368,1.0344985421612014,-0.23438826937684526,-0.05136513475486537,-0.22877568067264986,-0.22071450246708602,0.6974589772061766,2
0.5985375768735306,0.8743719144901395,-0.0031242337437665437,0.0621542732906175,0.39911109686181684,0.33859724487655607,0.14866347631428384,0.49859921114193884,0.14236890826687776,0.9146471086301524,1
0.5068336831137054,0.8050921775871582,0.3265092859934699,0.5230545218610085,0.7777475842484857,0.17834942888731953,0.01966854115861418,0.2342771386995645,0.5551735115247417,0.9168754915552839,1
0.32229004780871284,1.0233967367658252,0.22026559101605886,0.3923679631943603,0.742071998895247,0.7392572924574063,1.0833042212421404,0.3297072155453064,0.7756462331611156,0.8170084115059848,2
0.5189336992740845,0.8238152861748836,0.3146937811987621,0.5184718982822307,0.7932081952408292,0.16270119419201498,0.023112245921044713,0.2163323093870623,0.5380506434681281,0.9198136466164952,1
0.24498708145366555,0.9317810837384592,0.04400196158363296,0.45856221402373926,0.6481543690423063,0.7718722973852512,0.9484940763415283,0.2482729895027728,0.705984608181306,0.7376914880043417,2
0.8220421465194448,0.583621005306991,0.04374605633814732,0.911839425587874,0.46687816082826056,0.8340556149165445,0.604346921139666,0.05744341123232735,0.8438826975841365,0.1305515712779847,1
0.889349347447455,0.5550344367416323,0.27541411195475224,0.7205250331381414,0.7548869320935898,0.7598194777383473,0.6884358884896363,0.09535073661122656,0.7560768452281328,0.958100347380392,3
0.2363812482405473,0.4867272227255428,0.15250394796729072,0.25335939896726156,-0.045720346383876176,0.3788724081743723,0.3024293406684183,0.2476144952717966,0.9661134166844647,1.2479573583146855,2
1.2004960016133996,0.7710999246475146,0.9349514976562833,0.13206053387982047,0.5202989518032439,0.5479084082807923,0.7876694450740529,0.37824778399400166,0.806242662807866,0.9434470671199429,1
0.510214734737902,0.5948892923599121,0.9684884417874912,0.08488502914359175,0.44308072280858213,0.7759245636158796,0.4969935240340725,0.5555282254139541,0.05414832008841852,0.0023719256421975976,2
0.20023586912773733,1.311503302533386,0.5945296317440255,0.5237240366889573,1.067295063013181,-0.29162817215566844,0.28866893375397784,0.23301228965100476,0.4460749542829987,0.42818595247785735,2
0.22051176958425933,0.4787677882209364,0.203981954676166,1.0257442432324217,0.2752249682517336,0.6248116791398096,0.5456313877744311,0.4429570915492822,0.13657043777490818,0.9380056942908025,0
0.1791439898451742,0.6871076356756425,-0.01679404470257876,-0.024915860697500437,0.15564435146433095,0.8260953919850482,0.6308727534645335,0.24887515997906928,1.069428955245333,0.7756725174321031,3
-0.4193293002788175,0.03874797345208231,0.40859892278067694,0.301750465673217,0.9114183188994972,-0.12639074955122653,0.5858254365516437,1.1923408512027285,-0.42567834853496,-0.1652216257848032,0
1.2977676395875581,0.16169671459617257,-0.12733568439239584,0.3743487849673093,0.08105724759157035,-0.5307967391699303,0.7149839127527715,1.2665632657341195,-0.4682878444651903,0.41607937042456383,1
1.4623851331295374,0.17230180631963318,1.2034374773955245,0.3567223926607114,0.8160737686354098,-0.13677894810827435,-0.26409917973482927,0.950074066966319,0.4294480161048454,-0.1703543078692189,2
0.9449039231669699,0.5780698351164485,0.760975882247204,0.0900214313911175,0.5284940589406847,0.6531995300449815,0.40334775663178146,0.1681214289700155,0.8352715229066969,0.9977010767787445,3
1.0821531947536458,0.40692085599661526,0.3298821309427904,0.8189717423066529,0.29749477756930853,0.7520881001787673,0.8112489627884684,0.4883145945534793,0.9350161396641866,0.17741508291448818,2
0.1115965337114743,0.07280055110651439,0.36298338100536043,0.6902973946675717,0.5404925466528119,0.6079195510242439,0.6096572267873689,0.4142558574911933,0.8789488727605586,0.7543421579955392,0
0.8656047744179405,0.2361482269769351,0.1964935338534454,0.1646216099966411,0.09977825667183582,-0.13818115432713443,0.7546889995419886,0.533178251283239,0.18705632974220404,0.34975269114718266,1
-0.05043871234854724,1.1780769409551692,1.0039408589903849,0.08074542648014033,-0.375055738908485,1.5167425094908427,0.8139154517264751,0.7379881244111306,0.4311909071277063,0.9115230579896159,3
0.19234313857925167,0.42428866528363496,0.18199857070270814,0.3084875888069939,1.209989596712805,0.48340815497366124,0.5462422436876567,0.5280720103783266,0.1224998420687381,0.10747996784368999,3
-0.1719730080758871,0.33728186575970415,-0.23800835329729653,0.17426910581410682,0.41155842080631533,0.12277960965381829,0.7159928718697516,-0.2874391184243792,0.8613831756157498,1.1161643397271404,0
0.2703237125501106,0.1847953250987587,0.1864148740070011,0.7573218606913321,0.2540601601348336,0.31851321543627364,0.6983303357174069,-0.13023540497614472,0.7182842944607764,0.07428836121032976,2
0.6115119521459653,0.22048526918469669,0.25380725208615423,0.28149262072567777,0.6443799063377863,0.030423596931565065,0.5672311634193427,0.7357302113008773,0.5920366064966894,0.6564476435237226,1
0.866390691268832,-0.1961680044158099,0.34462911052959244,0.7787220219088746,0.6046256022078369,0.8205195721431575,0.9858907063744241,1.0381141793761195,0.35561991379167635,0.722177248361489,1
0.66596413093775,0.05822176685089192,0.5399559844572928,0.563798099957551,0.48479704611434643,0.12269570024409251,0.7058816949115483,0.5847686007648504,0.012271479014470846,0.5987731873559078,2
0.6980453922403176,0.6682873776709258,0.7583322211625414,0.3867247105856382,0.6909580786086283,0.7032665111793917,0.8033583654641205,0.04745202142493203,0.16287951377466478,0.37265549377523544,3
0.6477645687523501,0.33598778220696823,0.5251103271710426,0.5680957849719644,0.4425150208963534,0.09870272261615609,0.7953545141585889,0.06655263892847696,0.22868915511135712,0.5253868633094736,2
0.940309438373787,0.5931761693176588,0.571888347183743,0.20658073571659658,0.897364670825549,0.5102222701757312,0.5428248550035647,0.5051207202062211,0.18736130634421072,0.39825374574397177,2
0.2574786673168745,0.6859841290046882,0.9252471782076651,0.10477424885893316,0.6610517646557369,0.4334539521054884,0.44426643236664926,0.7866315862682675,0.207961582486812,0.8981957063561447,0
0.7400461610184607,0.8639366745074377,0.049169008831790394,0.8897345144540181,0.6919192335651344,1.0194501130352722,0.5926145182971743,0.5464585089653945,0.06219992184981464,0.27116120040341113,1
-0.09470556188366713,0.18904677906190026,0.28274217094534404,0.7706689891128314,0.49663958226368415,0.6733552859105132,0.854425081155772,0.3464748777331578,0.5187803313368493,0.5191970502712873,1
0.6283934214563359,0.878885084913859,1.8325065545781767,0.6387419538749664,0.2244606743855746,1.9439586979124122,0.2242454821234568,0.46147279999770213,1.658462025887197,-0.1419461143336092,0
0.30127737307450725,0.4368757554915812,0.3571014195990975,0.7317742899255257,0.1880679892132068,0.4244970865168062,0.5334835134952061,0.07283063431765797,0.9363582361845953,0.2078844218862925,2
0.3276346658666273,0.8358733955963372,0.876165717593181,0.2255875661003606,0.8814621911388416,0.3901514908047329,0.7244644295242322,0.7624862101874971,0.43904050922265253,0.7689540451033108,1
0.5895098359779203,0.8705661853276339,0.1704062068717727,0.10964051491141935,0.7730994085134837,0.06528903505283545,0.2659365154811316,0.3716074190452952,0.5814947452572617,0.017938281900428354,2
0.8839223909692527,0.12441008446073537,0.6029812166521513,0.8441565517957302,0.5145101054346447,0.44553332875761364,0.5812557021446054,0.3129582171148238,0.15670970474938659,0.6231500042805951,2
0.32298361582121365,0.4353169050380224,0.29809694367389955,0.7495642304880807,0.15126421931495215,0.43339522161505384,0.4636649216703735,0.12427710432702675,0.9057360831423137,0.22164892200821035,2
0.8549668812007527,0.2738268060038754,0.6094752372187913,0.3640830950827665,0.8390128199256359,0.41132441783494733,0.8423441447095955,0.662294790770546,0.010809417608552668,0.5516985516669248,2
0.4573625716725452,1.1881957239188203,-0.09642071828400306,0.7324204676995067,0.42822293420851665,0.8703933754451715,1.043271569103574,0.5540964040698233,0.4458715955257986,0.4005796493996353,2
-0.005412402553218176,0.6256689353361236,0.8659190107559763,1.015180893102715,-0.12061423701403551,0.3882793790368305,0.09444995674704909,0.6289564628165962,0.3513371468649412,-0.40042435667783904,2
0.32637960997840826,0.868030659682433,0.9798428869460848,0.5963233737769997,0.05109602689406174,0.23199150900255316,0.22781641694981064,0.7791138850646961,0.08943760006189462,0.28805584690558184,2
0.6996402363249592,0.4111091135461372,0.7012852732978804,0.3012228686564354,0.6931085276827134,0.4958991490443354,0.5760272769606758,0.2860905942780072,0.12589360832748336,0.17446841388164983,2
0.3282577889450826,0.860731211803503,0.8777228592432899,0.1910720611422502,0.9170458051884839,0.40232163872619103,0.7079108586247065,0.753707147414315,0.48561546988292315,0.7714207274263253,1
0.8384598437514514,0.6527684971427669,0.22899870712603326,0.19293874075556125,0.9317035644831575,0.1639048092685646,0.4247437998126943,0.22377636961798705,0.41208513316993084,0.19818711375138381,2
0.8529379660650906,0.3676147627817849,0.2205369468878376,0.25323508667461325,-0.08705567849356353,-0.01914728225483258,0.7425583778463396,0.7581191258532994,0.23890155346132702,0.38849828209369,1
0.808367425895653,0.30408563576792025,0.8272224317380564,0.167387110304222,0.5474938603589721,0.5619944847600561,0.7498381122710676,0.3270966647872585,0.02285028060922427,0.34380327303387415,2
1.0532838309206352,0.5745248712662347,0.6728890841761193,0.5389170956541561,0.14812071989200548,0.3666170377096556,0.4816672465090253,0.4957784707690752,0.06809993175259221,0.7318221659818832,2
0.7755382018871742,0.6239455970485982,0.24297540672670115,0.7152143689742512,0.8910755238558566,0.8768480790755682,0.6151697356521811,0.1424089110966374,0.6484411027115536,0.854498503050174,3
0.763325125096073,0.24436720561823133,0.3740444270658807,0.5573540671088092,0.39960409227199295,0.3928692800656185,0.17966334939282658,0.20805183251037357,0.5895205615153486,0.6903827799909996,2
0.45978606004033057,0.4632526030794718,1.039033714412482,-0.10313127244440498,0.5442122921652086,0.28307715668243943,0.1992411062520059,0.6070905334267311,0.1681733794185878,0.7874986204394627,0
-0.2816081751771874,0.5210212470114932,-0.09340304370549002,-0.477518633012313,-0.2048428082500438,1.9908501613105072,0.9693350328760834,-0.3867067052571508,0.36814981016230264,0.32747447070984936,3
0.39482341607373467,-0.11494714336280329,-0.011215903912698277,0.8945019743362188,0.5631451217691191,0.6655910435876373,0.8916570175420949,0.8361526492887025,0.5181051057908853,1.0147270513410986,1
0.2700074305930015,1.020271671471013,0.21428181111820052,-0.131523710277231,1.0814195729579223,-0.2546058730949839,0.3268798586940799,0.6041568900866975,0.7323557181195146,-0.02809981831671641,2
0.44696519442627364,0.043803540987877976,0.32603275738644094,1.0567180858620209,0.5227938651724746,0.7866824317842701,1.216421985345033,0.13154891016316916,1.3689238916018007,0.06234784817004735,2
-0.062156956183957876,0.3028942915216708,0.2640648387921166,0.871885438338093,0.4984852669473729,0.8081630899095628,0.9652855113046455,0.4423561847016582,0.6237221077019371,0.5253809400502762,1
0.9448791606457716,0.577608555539666,0.7651468496179954,0.07137730037556632,0.5468647407143349,0.6288391264283166,0.3800594599487672,0.18674487957726565,0.8109102767482953,0.9696557958142666,3
0.8096768062552103,0.5491994791027307,0.7540554275109526,0.2110966327914149,0.15959388660399254,0.7933661436499484,0.9759907342377421,0.6904660853839993,0.436517115818728,0.7997385333688116,1
0.823275666391311,0.5420782305588749,0.3855615554687846,0.6909891499464166,0.33385392524000623,0.8403985461075067,1.0622624102815195,0.2317420506978539,0.9495869803988422,0.3550308195210399,2
0.5294871615793647,0.48908292153573807,0.31753828972165044,0.23332405203192647,0.4169109252281449,0.08213231601906157,0.3843367685912184,0.5919905514962576,0.4988196762901412,0.7120694397036021,1
0.6247888368703881,0.2419460476653344,0.24670400766374145,0.25897043855513174,0.6273350874244085,0.0298758471194608,0.5918023501317615,0.7636307586659309,0.598616183098902,0.6337018438359375,1
0.2901617924858111,0.4092572897883973,0.9616320636736577,0.5963185774772517,0.35462931395631947,0.7223621004064587,0.18109483189175438,0.6451021667959617,0.9665020727920451,0.43742952586790734,1
0.9255159402264461,-0.09835917597240035,0.51576303557473,0.05211160829800285,-0.18341979961801044,0.23394625473621652,0.7289500024526686,0.8576188738385961,-0.08144729226063492,0.7513792390440288,1
0.6098106475497649,0.007532574412086546,0.27805020451306184,0.3831088254552607,0.3636739846371104,0.3032252357672629,0.3130936819550135,1.015279757448706,0.5059216459841334,0.8626341521064651,1
-0.0022930447197889725,-0.2663227645726853,0.27261559684332326,0.29603736683261306,0.866898360680078,0.9776298985360344,0.10064796337139226,0.47478126121701936,0.8132634655102156,1.2306057288587002,0
-0.554666583951568,0.3231687642183296,0.4795823466308501,-0.030822688995918557,-0.5774006377043513,-0.38320144496992575,-0.17225160193211375,0.4764438144270696,1.7059225443854027,0.8669979622574038,1
0.2229928137143869,0.16884313588576375,0.5919032908026137,0.948050361826146,0.6821939834595163,0.7959635452249387,0.5906004256389525,0.07385121452045718,0.8916319045022539,0.6451711278541399,0
0.7642410797338325,0.8182294606373132,0.5251016274600189,-0.018878881529873826,0.9578413829859878,0.31472907267509564,-0.034984284045900815,0.5982919347664494,0.28734431322879417,0.44221222882229905,2
0.17067961676220086,0.628331665768875,0.08255885169816105,0.1202774816803528,0.24643455226207622,0.8082112567920821,0.9645645639553582,0.5236205654790107,1.171047313596381,0.66000001241161,3
0.35242199896283094,0.5625946173290661,0.49504118439708844,0.34502745049121336,0.9905938785384872,0.7319868290229589,0.38607038126203064,0.752451490959881,0.23745131872588535,0.3175728064847493,3
1.027200034011778,0.6165503958122229,0.25021147320861453,0.8018114832941513,0.7108632586897594,0.7161450690765429,0.7570843506639816,0.27312732379192467,0.6113013149419865,0.7651932722286203,3
0.9476208494717102,0.6558681858395436,0.7093340720367423,0.07088004671900246,0.47262277889596055,0.5996807795320488,0.35025110564688405,0.1957483413456929,0.8717233213051171,0.9340651015010419,3
0.7346936532203963,0.10002661157440101,-0.23031204810636507,0.6327470057012607,0.16860515658325392,0.9862474049426644,0.671138839950648,0.04059845961271086,1.1364390429133897,0.18588853042613857,2
0.7169310812980157,0.3813295446556236,0.7002619186458722,0.33239463273129355,0.7071777035357562,0.5574107540039059,0.6499161803911541,0.3564892518619635,0.11726635566323926,0.21687411418594604,2
0.0649180503213159,0.1749383289810574,0.32576694748052726,0.7107882096788186,0.4787974753519526,0.8414433932105404,0.8442212687737334,0.36756651681725,0.6654465914590806,0.4908816164350192,1
0.35081307022676594,0.5221268368509653,0.41465229259523223,0.6574561344386849,0.03695870965241849,0.39515108872390986,0.6733176301587873,0.20359295390363533,0.8537918789894716,0.33442510256515956,2
-0.292696465812861,0.27063717975903107,0.07548985145694603,0.7763922157334148,0.2771865388587614,0.7150251901338694,0.8759753586558376,0.34096455437559586,0.7416995215024702,0.40525576983250455,1
0.23128079250985956,1.0740392295720929,0.6737805887392488,0.5975789098723594,-0.01348270248559888,1.155391000266601,0.213241953680292,0.08608076503388734,0.12914702786092055,0.4065951749448359,3
0.6636573505709101,0.23090661195101736,0.27436798129922024,0.28505135857873143,0.5777677686888631,0.034581853751987045,0.5370306270623975,0.7419903607704308,0.6383118338558634,0.6092240661945095,1
0.11537735735486818,0.35878617646674527,0.23087090783113928,0.11571734743985186,0.46696352568586874,0.31235026428587465,0.13488728342610576,0.30745150712040753,0.9399202513123187,0.7281960757536576,2
0.2474778138609951,0.8679005628370096,0.015229220949031723,0.4534338683932394,0.6936618167622371,0.8525321046205745,1.0423466590538406,0.22953605275227745,0.8270275592664712,0.9232277041629247,2
0.09799542940320027,0.9499981685062439,1.0174694975580971,1.1101142339663448,1.3138716277495903,0.11446776437810308,1.5313888473089798,1.1197762993540636,0.870248578267298,0.8676204141162291,0
0.322065550704208,0.8591757574231756,0.9834270365132614,0.5790723774269961,0.06982014007943275,0.25057458941736127,0.21708291726976747,0.7717880245786213,0.10887399770622098,0.2857262627681906,2
0.4029778338750228,0.4777103666197676,0.7832532417388334,0.7024871132251436,0.9297023182591269,0.3914831913888362,0.8706082132445397,0.7330294040844294,0.5517203962350203,0.42124799672473917,0
0.7916424360574944,0.13450093895861934,0.3386401895739484,0.5429244216626592,0.34042666361809476,0.7469114502929238,0.8360041209049732,0.27820233031981595,0.5881171411494232,0.8546064146513267,2
0.9331159012547733,0.1509493523601284,0.6339103184205666,0.7951807383575764,0.5329763281710584,0.49131780925500523,0.5409940146197966,0.29930643259063366,0.14747020424380403,0.6339101678907239,2
0.8718285573618462,0.5772126208543616,0.24401639958081323,0.7816094394185555,0.7879640924323367,0.6996362770553924,0.666530965930721,0.09018082796860372,0.7692137130248953,0.9034176390860313,3
0.26913798160545266,0.9126499628602935,0.9557189709446339,0.5529487625319522,0.041234217860269276,0.2852159252984686,0.20183161099281338,0.7440420333866372,0.05461593647069477,0.306408187261833,2
0.9358375100531401,0.47977379937504294,0.28352126226757984,0.6458644090761061,0.838352576774567,0.770925700977169,0.7057024263567286,0.08250504779711298,0.8475067303527295,0.9924003319460715,3
0.09263450771949208,1.0266608822963839,0.18922230928861142,0.6067999212244891,0.7080971211752715,0.8520979737393403,1.0513028256886463,0.20619583971526262,0.8764732422771899,0.676352779387289,2
0.5808781071987326,-0.07731483124184788,0.04570126381452984,0.919267532138769,0.6998565930505884,0.7011327770258359,0.7523415740366693,1.1264071936663127,0.3918317287756297,0.8518856356520964,1
0.5939896552241642,0.8017400981573126,0.39910135025201293,0.2696368083802756,0.6854640100648632,0.44931398077170914,-0.06876371688184674,0.3530040747781951,0.12820482753596754,0.37999825721557734,2
0.6859741042437246,0.32839390939576046,0.1960635927291675,0.38458013421331577,0.6598730486558145,0.1303795710380314,0.6674685458073364,0.8781903894013461,0.5170777378886612,0.7261403576669315,1
0.36138098414452985,0.37924957959267297,0.3713581456195292,0.7009256288141851,0.12271244911752052,0.3884751065723788,0.4592359423479532,0.11662482951101087,0.9698257394913602,0.13091314469822155,2
0.6885392847503611,0.8980410280339232,-0.00028282832034821903,0.8141859439570267,0.6915929595727643,0.9851016077313267,0.593487212777356,0.5678030846028553,0.03653097265411821,0.3274784246030828,1
0.8876525361093506,0.7156127682798138,0.14631490621478527,0.8127371608713281,0.3899997221703581,0.9894761586951712,0.7530255226919768,0.13993359535766944,0.8253471912594416,0.3255189360077539,1
0.9095729222987257,0.5156382913664675,0.2663541445158954,0.7701523001198709,0.8522670695933828,0.7510872026730672,0.6478068420933234,0.03545903713974219,0.7928299522542235,0.9431129543890026,3
0.1599276829676315,0.1714582197352466,0.3673361947141362,0.6644707014195477,0.5528741988739987,0.6692365458917312,0.5227114560921596,0.3287674482928555,0.9002951417123952,0.7929495693145011,0
0.08491004856399864,0.0914290910889311,0.7777883127815034,0.3266630147734105,0.1170377690786123,0.2586675781367373,0.6251642532042011,0.3647557180303472,0.2944180708090004,0.39708928973771185,1
0.050787680561841145,0.784456637708953,0.29547923896669465,0.5163533712220771,0.921209622185917,0.602792789890475,0.9342283406169023,0.6523198394633982,0.6439990745342203,0.0780865685027581,3
0.539019148332514,0.3400016327971028,0.31377345509992133,0.9241749836821097,0.22534728103125157,0.37788433850760456,0.4803112709723843,0.6136414920957333,0.6536654941315158,0.24526962201254593,2
0.5670493303441823,0.9027627378898266,-0.035693081998011834,0.0867517538392994,0.4096204518332313,0.28669636899672735,0.08485909546726664,0.457244143982724,0.17626563127522485,0.9148142521892916,1
0.5297050339893008,0.8122520139182368,0.3171887759701947,0.5022503173936385,0.8046045180957856,0.1588236660184853,0.009281699993556002,0.20904323390185248,0.5211906143957453,0.907243540285465,1
0.6809157164115301,0.3230025927753795,0.5501488930978868,0.5900635168498563,1.2508080980799385,-0.22099304102343048,0.047720130012574136,1.0673542630346493,0.9666047230053529,0.9289475306430313,1
0.32248375448385974,0.8692824447373027,0.9816716278725038,0.5935042657773746,0.05865503035067288,0.23239647926862175,0.22652999572497565,0.7761796814772731,0.08922974245785818,0.2847331630305493,2
0.1300100208360337,0.07335471226993352,-0.08217543661387694,0.08507140880155387,0.8647771055887107,0.1965830516457563,0.5231060757403531,0.27649792464991263,0.30706146489117747,0.09278027587522157,2
0.22243313123810035,0.3080686896947569,0.8028016320657907,0.8866287630925848,0.6750575582062084,0.3866693280623308,0.21315371659567506,0.7553925977099214,1.2718869236877253,1.0276124486170064,0
0.048763161124581025,0.18134969224273115,0.3221649467574564,0.7132869867125473,0.4443242991528541,0.8369543428349745,0.8267306749978339,0.36343507549115833,0.6620610055965219,0.4568127239292897,1
0.877112380577478,0.08755804552817131,0.5703834354226874,0.5102377103550735,0.8907542414618952,0.13413754834280694,0.47328410156332923,0.6421970999694082,0.45644933422675726,0.3604314351840861,2
0.6322773952087133,0.23933156133850278,0.23101534458055523,0.26178024007689166,0.617956463018771,0.025383832750653618,0.5884091144159379,0.7631739022195713,0.5978675448502065,0.6305251000685794,1
0.9717669159438432,0.5936805135566199,0.73104494797306,0.11629319649438752,0.5864029867788634,0.5750460343248608,0.42367621122460175,0.22089728906162884,0.8901981778484355,0.9169285617032044,3
0.22868577180724775,0.4629745964491049,0.46810679711760655,0.001308952075220353,1.0232551180296658,0.6171868745096813,0.5387263330692277,0.4064789210703407,0.4329943397794906,0.12239021047032025,3
0.6232668479977206,0.29650439846507715,0.10750602537081155,0.20888705935333876,0.732737958285984,-0.04536100404734482,0.5390565568654248,0.8467883945806811,0.5694605631627049,0.6321093672873815,1
0.8438729090182372,0.4428881430305945,0.9769937222482248,0.03081122916544371,0.17752496813064783,1.192021070843129,1.2297981974506582,0.3098465455636281,0.8024721333616376,0.69174480041017,1
0.7394949671977457,0.42240069280911385,0.6906431414501605,0.35656146324202814,0.6807875661904169,0.561463254310815,0.6798600237072646,0.2987004115463801,0.14137376167672108,0.20824853503811772,2
0.5615939534146379,0.2878079168273959,0.27704018432922106,0.9603855590116642,0.1831589686804938,0.3892335416923188,0.4442988423326381,0.6450114147312523,0.6666898426097557,0.17912621846847243,2
0.9279998156778012,0.5872901679032213,0.7606123370710807,0.06020476546580475,0.545915846162114,0.6188133209543621,0.36300447085026133,0.18827588800176576,0.8172876452666243,0.9708501141012152,3
0.372119059777015,0.3442901488481045,0.3664734575182169,0.27122626877425393,0.14370564205590397,0.04008434341266409,0.6156911037338322,0.023965439741075012,0.7169404517606092,1.0600722296773282,2
0.6575547120554317,0.5819045363886031,0.6861091478263108,0.8266111464298578,0.5586620240132714,0.9310682543260381,0.47111634030323585,0.4970399824908013,0.6607999430970573,0.21877964343615905,1
0.4731305226164042,0.09437760472733797,0.4025330634829678,0.45497897341736504,-0.08500376969170281,1.0071585831074368,0.5835557599606089,0.7471627374608529,0.5373853489284395,0.8272448652086851,2
0.9281869535212195,0.5571066041238345,0.7835969510980546,0.07712792694307768,0.501079903230594,0.5892565816927371,0.4048392537237515,0.16565419246323912,0.826271290592924,0.9540916819733771,3
0.3790762052743421,-0.21512881247099475,0.029596599182602323,0.621590007213479,0.3728755731273961,0.5591120774084123,0.8236206871809588,0.8251751138987515,1.1338925744940163,0.5612500461309674,0
0.9447487273777829,0.0004180523910620737,0.8835132254371686,0.8053619509231971,0.3249885953784556,-0.14024999919602532,0.1703771080566519,0.5981671524482822,0.6181832260393358,0.5419830972444034,2
0.48799170707123535,0.7844727124796331,0.2850656017037929,0.4881115335579693,0.8114342370295811,0.20627006156085304,0.06940593817086718,0.20842294389849408,0.5813514870333465,0.8740998898297898,1
0.10041679962955045,0.32308873336515764,0.2512901059557074,0.10749677792813618,0.43847789130229414,0.31548914142700474,0.09389375676805801,0.2942858687319629,0.9818467349907168,0.7597496316623165,2
0.12437655173122561,0.8335030865412841,0.4083181915970169,0.42697281489031674,0.5346095074567048,0.6963657476385122,0.9628866537703936,0.5704049708729981,0.49613066273045336,0.9439607602463581,1
0.6170777298013289,0.7346847491393667,0.39890863958588196,0.5135534058878997,0.8613865039242408,0.05218396964505609,-0.04884575700931418,0.3071505584351652,0.5795200088631953,1.0303622174539446,1
0.7763391624805828,0.9162593660318821,0.24605838705099894,0.2742484948200321,0.2814845037690406,0.8049946583610315,0.2889680736405858,0.29387332402579514,0.15069600909090536,0.5837634305041135,3
0.6329321001602441,0.0696565250170031,-0.035002393574462554,0.8396576178638392,0.5109046271139306,0.6897019618327344,0.6215149127525048,1.2621418507002757,0.567163661259312,1.1145066786296327,1
0.34487134541878606,0.9206858021200064,0.28562481448571064,0.3626873516035655,0.5994059106746868,0.9982312881162535,0.9532860240688584,0.25906911287227063,0.8175841145793307,0.9622209948862598,2
0.3270656483835911,0.8878103679191848,0.9980112214943256,0.6086342427480034,0.0548034961340291,0.2051753430829102,0.2105440575430329,0.7572979716731426,0.07807144376614622,0.2744140901242794,2
0.5976184091756425,0.9159799626927233,0.004295931059275877,0.04436046930660151,0.38581530239334894,0.33919185105047767,0.1422482646324969,0.500713205395668,0.13499983800775608,0.9265924714198477,1
0.06053568937063785,0.23754039607879113,0.41120889519309234,0.7176886457135971,0.43951290038380136,0.879960416119403,0.6758547654600933,0.41155321758138275,0.8458825998618554,0.46627441514227064,1
0.7860335089865466,-0.44815370342155875,0.670965985657647,-0.39212973094523734,0.38929633340614955,0.4424102361207242,1.1711506218224366,0.014781403050864172,0.17384880810329878,0.8393392434458159,2
0.24710075578112736,0.9046791700668868,0.07999339343230033,0.4798250612833341,0.6235376892417911,0.7314756152062266,0.967030346232434,0.25147725114633857,0.734868529627193,0.7596281485701584,2
0.7177776996665773,0.11055066954496091,0.6257552369019304,0.6171201256528462,0.48042432815502956,0.23586902364533097,0.6604852254009723,0.5461727554963145,0.025394373230019748,0.6149478801345155,2
0.0316011641564707,0.12469666200726541,0.7420657034946697,0.294376144329411,0.057067848300051516,0.30529249608243597,0.672584208969908,0.4227521528709756,0.2761443193956228,0.45014255051743307,1
0.5752432301013881,0.825158943451499,0.2428802512295725,0.24441008090234545,0.8353528337208969,0.4171376329817961,0.1301121791496816,0.4557237133444334,0.038800473711980116,0.22770618803670944,2
1.3108481885588155,0.49810474317112935,-0.2600811856218757,-0.22643587348911035,0.7034412924197874,1.196872893217552,1.4637035200781132,0.5694222540999835,0.1937832933390502,0.3612313908044851,3
0.5912588929811924,0.3201714712900485,0.22810532791497612,0.33689420737762393,0.551411066297995,0.103608280331219,0.5672961176033776,0.8183199714322354,0.5724319681219912,0.6867298898216919,1
0.6995902306229991,0.810135949114543,0.29720594580933446,0.24995031316427596,0.7693843470696459,0.3947072349184038,0.1379497596865205,0.4414060306727345,0.008269100432884258,0.29278589162199564,2
0.5266592525553501,0.6551835294929951,1.0838379681394525,0.3656890239289604,0.6372842521601437,0.4081957887921087,0.3175274303482918,0.027000615892113777,-0.07160826679412244,0.5145461272639831,2
0.821029574624238,0.35260701234003544,0.13150739472176629,1.3083077690676306,0.38981198130267053,0.23359446380215185,0.594261247214527,0.9284803606557719,0.5093108965817412,0.20568817724898122,2
0.46969566221197784,0.6746376834717309,0.7727112249714774,0.526274007176837,0.16937213461992007,0.6221644012260253,0.11595428726950632,0.7170318297505152,0.5472298379733196,0.06341430446900317,0
0.359965545624633,-0.21571851787789387,0.3571220295918488,1.1497475335797427,0.07470795082300713,0.6815926990829981,0.1705954978522245,0.5863645304756003,1.2310889245687595,0.5281405594545141,0
0.826998898094748,0.44615293504027304,0.3487011341280086,0.8296299325914793,0.8379097674371807,0.7266293022823052,0.8016298311341543,0.17070890271006167,0.7163996449794069,0.9964847238031802,3
0.4952980349856849,0.3245445432215415,0.17041910496076204,0.13361006373596337,0.5230350066541087,-0.017703740827984107,0.5607307268725612,0.9073728831824508,0.6270527157002527,0.706960178769347,1
0.7572675469425094,0.7770443336503958,0.635867735126101,0.17752376551344407,0.12767134313505618,1.0310347969753342,-0.23814884466583608,0.34899542665900113,-0.2519898996033801,1.1326019573289698,3
0.3257196644328276,0.3751394241475692,0.35630467877264527,0.6713680144369473,0.13628941036365083,0.3917210310909133,0.48030254875754724,0.06669174333194691,0.9276769907147402,0.21093753285350314,2
0.5801657235044936,0.8678565618007117,0.2193494686864643,0.06075915979942273,0.7917050454336384,-0.017796798490490554,0.34468712893001474,0.30640680451594804,0.5387056544564799,0.01380835154094436,2
1.243401037249401,0.5856026540347303,0.4075663456460662,1.0520956135239798,0.41475917725353895,1.125965811723846,0.9336002737530522,0.3627076036522559,0.6495913642639572,0.24743705089657284,2
0.08252516631685464,0.5992302033931655,0.39518899319225964,0.655077274273598,0.3939428997589986,0.4907921942864695,0.4310759475628886,0.8787995938132654,0.4206310591831918,0.187648718864344,0
0.9205725134562436,0.7347167829816316,0.10918137982676476,0.7715462586956641,0.3504686044869517,1.0142289162823346,0.6874764573166161,0.14366429543062542,0.8371573949408024,0.3076439726273347,1
0.7400899244060114,0.4049128226863383,0.7275061268361915,0.2988122250450235,0.6632717528911691,0.5088222669047766,0.6520524101882847,0.3537532033551891,0.1390888782132724,0.21496325942426134,2
0.29407661427562537,0.4267123986926343,1.003751861089668,0.6195876519514454,0.3901330889331521,0.7087585335718778,0.16210327271783537,0.6519140957317766,0.9535953611276183,0.4177889593290739,1
0.6134977431103353,0.7786576831376057,0.2786604597992409,0.2806276985146938,0.7819390363338377,0.3728811137357753,0.07916118359688104,0.37165844948709476,0.011924647221697192,0.260359187045197,2
0.04195773176453817,0.11176924230335647,0.7743171983459082,0.30776315087145006,0.07243886316847784,0.2655386938991583,0.6382916526324267,0.3966481455729768,0.3208889907182167,0.4600025946881638,1
-0.3383363382013331,0.17127693884677292,1.0424992105392479,0.7993063976799702,1.0119588493232117,0.16839652138945438,0.4973166493088435,0.7875263253500644,0.8912707394405428,1.380535193976665,0
0.6297100437283484,0.37759895790986375,0.7300791555886653,0.42761951973145557,0.5970365077456655,0.6044596235872761,0.6689165879376664,0.3786653943685732,0.14978314100140128,0.11658818966245807,2
0.02975891547451641,0.6337561037483467,0.5907552482233576,0.04184586980630073,0.8399747079745776,0.5641559644561945,0.622912115341329,0.48587460670738714,0.41352306332688576,0.1610064556029655,3
0.8977341770230256,-0.23871964881348345,0.5407659153689691,-0.05796821779385056,-0.015921058865308285,-0.18019584323303126,-0.027063755041745408,0.6308769947717138,-0.16489969422094378,0.9363106900192364,1
0.5570518664300493,0.8327640864367278,0.13976373671891695,0.07873986802918302,0.7703068713318518,0.09078416159390035,0.24711775472845884,0.33554358135680784,0.5783014639408539,0.03947342605969276,2
0.3580434464278136,0.763588802205569,0.06500570059624532,0.5550962631896481,0.5520672567450922,0.7496836575195693,0.864751563417275,0.36857866471862843,0.7357060860732442,0.7443170408950804,2
0.7979134903452237,1.0932796794359445,0.44833608549358767,0.3723316488544291,0.7461006058586517,0.13842692299662585,0.4491526448065775,0.6335360926081237,0.7232690628064974,-0.05395019428202682,2
0.07075413820313745,0.8093920273375104,0.4470507831913877,0.42517872370798354,0.548839771988232,0.66242608284855,0.9611720957544113,0.6237511917558269,0.4515870772468763,0.9767831514575915,1
0.6363571252421789,0.7591850695415406,0.2589424076604712,0.6191630888676042,0.7974130096919677,0.13426322269456611,0.12707989563329256,0.2450717554040256,0.6328549045452382,0.871681019096796,1
-0.3772892190675575,0.3547069635281822,0.240714384636323,1.2983385210676586,0.384986410164268,1.0501188189007982,0.2971934051827276,0.6072652995128153,0.6873099145263271,0.2279289086005221,0
0.8847825003527113,0.5305971100909007,0.3352995197988409,0.7103984019736782,0.7745814739036299,0.7316014206990723,0.7023849403138357,0.12941456756636346,0.7572250451217166,0.9067484720674951,3
0.5521899551142536,0.31685165306751106,0.12172359781432773,0.3301782543640582,0.26758628560267056,0.19523602256202122,0.4452818040709302,0.18323753722514743,0.8643116553805761,1.0135597313962599,2
0.926851260764818,-0.027730894094148306,0.801160603442165,0.8489583207409889,0.5687670031934771,0.3162450972012258,0.6523545839129199,0.4517467399425789,0.2553136879778911,0.43545689030013635,2
0.07654561845908298,0.17437263367209413,0.3191631169425715,0.6966734923213034,0.5347331266725059,0.9014015317000844,0.8220827849965381,0.35953005236222324,0.6675281762750711,0.5221740349561522,1
0.15338359445535957,0.17098589962978908,0.29688142195251144,0.8383512674875443,0.4477205177657065,0.7205784724463241,0.8000423667244669,0.42440308598184373,0.582800013794088,0.4750064864103455,1
0.5301672518006827,0.8981296214455372,0.28339787415552176,-0.06707255047647373,0.8934751116972889,0.12564772005231967,0.485433423059784,0.3007324275600165,0.6746983068598985,-0.001004328254072661,2
-0.29536966888690036,0.1407359067949274,-0.2403426426611165,0.09466614554908248,0.637325096477768,0.08988274605931232,0.9791103497908881,0.6719722357610444,0.6598302175816557,-0.2650400778059365,2
0.11258874504204577,-0.1712838636845507,0.23004947805153908,0.45738530274655204,0.4197755287295869,0.10461083288584577,0.21440480941630888,0.5756271697003882,0.40605505244597473,-0.1745834652169052,2
1.092440553012043,0.5115219809233862,0.24411194435074807,0.8800597403072693,0.4372381870312309,0.7915979625271382,0.8163898792926628,0.4143305337174991,1.0040277040825005,0.3550410100910779,2
0.3383455882674096,0.5739568056228114,0.9717137460544798,0.45277918991396326,0.27153119717127316,0.7285951624574571,0.11707513582313761,0.5757886278802131,0.9141360148765935,0.3143656277762336,1
0.8328691524245286,0.5416997201232546,0.6610211575192976,0.3261004288393131,0.23127156226675688,0.7217931505102757,0.961879361645658,0.7452937997019168,0.38273239207050624,0.8417436069356771,1
0.09400281219665806,0.09998202122506404,0.31170103999646936,0.7015583902871557,0.5349983704310932,0.6183572158444718,0.6356661228440645,0.4222607070810801,0.9239677265035678,0.8199113845765935,0
0.6882785373959464,0.2015780079539301,0.21912176921013723,0.22408797615591525,0.5436329550545115,-0.14028659749263545,0.42099148050565594,0.956605034835702,0.6854108960640348,0.5088763543957905,1
0.997304086635216,0.866827315182406,0.36256944729082846,0.10345406987133399,0.6517042491110808,0.9526825985586349,0.7278843011552214,0.1271971338839297,0.2551056703202427,0.8553927864030274,3
0.8375429045683861,0.5337476836505813,0.3130306524364021,0.6700096610342786,0.7475817972770838,0.7153270027115715,0.7621165605671132,0.11578145516649281,0.7332196395427476,1.0122510282536177,3
-0.06639689081996387,0.3170668856658645,0.7201915994359566,1.2394688561368594,0.19895677892859023,1.0732551836604975,0.3054045496826204,0.3334577570667816,-0.21609091679528392,0.3462585367373431,0
0.6154307526886422,0.6075464508781752,0.7522674690768145,0.060102833038230274,1.1699120336786286,0.24442867065678553,0.4144862612915683,0.5981543819736489,0.5497835098204767,0.4763200628234843,1
0.9535763235896382,0.6824777060306776,0.028394555544080477,0.7845297954952807,0.4350703092236371,0.8736654833535485,0.6097383635174736,0.21737502077870952,0.760298049080139,0.2334240925353122,1
0.9525609309480316,0.5878441129633147,0.7455139792413727,0.0903761559979518,0.5377241031441257,0.6740587768551407,0.41152359102348635,0.2401525670766791,0.7771954916290981,0.9690730958841556,3
0.45828743495796476,0.6233779576056673,0.8148746116569607,0.660248990298253,0.48979491129967245,0.9746401040875137,0.2969318165160026,0.7012024533210964,0.9109132830088692,0.5465950813806253,1
0.7336809088730072,0.6496302567726902,0.7396983456905275,0.39918980363964096,0.4627613066791066,0.45531725693358105,0.9137234375359505,0.225296160487504,0.5643865628000946,0.46830656576639584,2
0.23335148406381725,0.15370137636077139,-0.07437284828930724,-0.03805388146591521,0.9013544552264104,0.40403674940052126,0.34251533044492377,0.5001369542354861,0.40380409933406913,0.2539569794017219,2
0.003909286911984715,0.25978534072605824,0.42872391270789345,0.699773707662082,0.39619143444395705,0.8323610575786857,0.8327390756318338,0.34995315332306515,0.6951396492217385,0.5259185142943882,1
0.6853812823821113,0.272079224851982,0.2707083934131539,0.3564981095462305,0.6178079667221429,-0.07649907908954823,0.4747082596564739,0.8367165375330923,0.5892790543815405,0.7077069306297818,1
0.6326507139259177,-0.42176806047747056,0.5686384739177444,-0.6326513967733887,0.9112409337582215,0.11104896159422994,0.7348124008188848,0.17203211770635501,0.08944111155644868,-0.1832500883649486,2
-0.07026010163656912,0.9256118395388413,0.3395526082999398,0.22646293553774224,0.7173630659024683,0.91114079813925,0.7134847870556297,0.7305381385645613,0.2576432727405431,0.9944150256713519,1
0.6839221162073785,1.3506731993412582,0.4374213681377205,-0.6716529547058152,-0.7572250348210622,0.34699232076439435,-0.5528519503317355,0.8195764574778501,-0.6364262094580806,0.2479785603074694,3
0.8524781734404414,0.7011683726767557,0.743777835919923,0.2916784578325789,0.062202598061769865,0.8754920599497058,1.0290302355356835,0.7218939619932432,0.5168408190155107,0.669018053440962,1
0.8533981397589131,-0.014456982674342853,0.5913269538714486,0.5189306384957715,0.5599095629782859,0.22184984389991683,0.9041082455423791,0.7257830522746171,0.06855335367164508,0.4286771867845932,2
0.2783916236956574,0.655657620444223,-0.0030453628103199013,0.01637238480444817,0.08322907627121914,0.778964561081852,0.7354181089404284,0.26070685160462953,0.9966397485075362,0.8808717931576895,3
0.3326507028154843,0.44892799971062214,1.0142665327439369,0.6328497899699346,0.3651497873779148,0.7610553423742102,0.1907503593805769,0.6603676598249868,0.9306438274852816,0.39620248989338375,1
-0.002441893431033057,0.16368304335848974,0.8298505629021948,0.3126522685666663,0.07868200636338923,0.30985696220016373,0.6267746796740729,0.3528106857363341,0.28515839135510723,0.40673602831234107,1
0.4023154126605155,0.7873141410383176,0.8450431774082438,0.16505986315326387,0.9180032651130261,0.34713625184843305,0.7429937864327272,0.7484887987550187,0.5222161202935235,0.6954260236512803,1
0.8098292452991357,0.41841114591423134,0.7107461139728202,0.41067559084319827,0.17163264838456666,0.3904145518958309,0.10518179248076798,-0.03770677733587913,-0.20820343826371385,0.8127367466959352,2
0.295018767645638,0.06450594093332127,0.37521474596202603,0.6814688399402551,0.6658063792038419,0.7708630938388921,0.851857560499237,0.40191742225033705,0.6929197125481062,0.37387995795555984,1
0.3730457297357728,0.750682814157646,1.0604250116728127,0.23856625879065405,0.7584740415528299,0.4162666506765055,0.5661729462464474,0.8875816675441649,0.11279694011566838,0.8202128606227056,0
0.22566365377150904,0.862520068196681,0.08714713647050785,0.2890277483552658,-0.0851922366350806,0.7304702969088461,0.5496296668755041,0.3177645122699933,1.2148294242731805,0.9129215170965836,3
0.6654942234948881,0.7940556588654862,0.2812746412419566,0.2250577984001673,0.7603727926352224,0.40745287977435013,0.12050165403849446,0.4195238327447637,0.0535799090611994,0.27796140751753834,2
0.6338188995249273,0.898636322603211,0.0028349018239071785,0.07073778263083921,0.3844179405738898,0.3139625264946989,0.16507780181330317,0.49174770212489116,0.1650525579967726,0.8989659448166469,1
0.9462175297492617,0.5317671080378463,0.2770355328751404,0.857816525523326,0.3265470016121239,0.7202663172737068,0.8514445170484805,0.4663698016667273,0.9582112723140912,0.2846188761218897,2
0.8650221530374996,0.537293364549673,0.2646267217650245,0.7040123558016873,0.7469665363884295,0.797907592973523,0.645046774778073,0.12845465737542316,0.7274661380772967,0.9571177543020216,3
0.41495745400224526,0.7795672283382458,-0.003411929985369433,0.275235200496822,-0.09792466815026726,1.4680318621867454,0.5033527172833754,0.3780991885589138,0.5837608091457909,0.2365018102948247,3
1.8813794561497312,-0.3208246720314434,0.7996020199032867,-0.05073069844306466,-0.7752637602488792,0.008030578220110607,0.9608200802919821,0.09568239808590645,0.7294256166033528,0.9098363733651678,2
0.8867843336350093,0.5378951180943179,0.33713822112293856,0.7623125264511402,0.7481663101075072,0.7270646937030627,0.6865753636217216,0.08543268780609133,0.7886915440220931,0.9557982104184084,3
0.030774800862556146,0.23647397177637222,0.6960162056852875,0.010846309601871567,0.04153865841059811,0.2830300806923808,0.1189368108397808,0.8780186623002335,0.46517959192429753,0.2862698276485619,1
0.26049915745141833,0.45842510662182,0.9886786031819255,0.5787760441216946,0.3848449592347086,0.7721756324104777,0.13337042435110152,0.642243318079676,0.9341812804220802,0.42356626361839345,1
0.823130460546037,1.1865779952779063,0.4316791062927745,0.5062777970070973,-0.4768489148070002,0.5975798326385073,1.378119557375244,0.7507365927921954,0.6143036635667593,0.5064233633014179,3
0.9240611479929275,0.5958446380878389,0.28721335544568893,0.687047434698159,0.7495861800343674,0.7151730797631594,0.6524492048534273,0.04993461608100646,0.7379084149722623,0.9038525694406127,3
0.3196551355955007,0.8954549993361622,0.9677630447117825,0.5725528933724352,0.036742529489181455,0.25521743474468633,0.21163850803801498,0.8016633830036786,0.08175613403914077,0.308300587272781,2
0.8420128132894611,0.5347480630928357,0.22133761391800277,0.6858008769316133,0.7986729475060061,0.7724022305248229,0.7175922254707794,0.2261732423673666,0.6961073444783333,0.9100485198315001,3
0.6102968039737954,0.6787761925587894,0.026831957061307976,-0.15785313681985408,0.531313841047041,0.08026779157382093,0.05334550199298577,0.5175756877684276,0.877846543819567,0.18053590126894506,2
0.8891686912037459,0.7219584009281145,0.18938435831233327,0.7519837803802248,0.3992142321655859,0.9097740313910577,0.7235999553415963,0.118716845636895,0.8744517403836851,0.33110486766482117,1
0.6231591922978665,0.7081879939179677,0.7685727801630566,0.45315218507156163,0.6423284878760074,0.669912855527609,0.8480356936339212,0.059464992461577965,0.17934993738565902,0.3236944055842088,3
0.8083506732088086,0.583884332963223,0.36647117554332365,0.7992837375591195,0.747570113905444,0.8144354979147483,0.6774713216921269,0.07604356334432812,0.7349254058503044,0.9998783779043051,3
1.0674827880846172,0.5789753202119097,0.20240584767516856,0.793447878106598,0.39234837233962416,0.8865005129406879,0.7298447608338162,0.12108208278107485,0.7613638107080498,0.29539095590014114,1
0.025066409829907894,0.5169815185307891,0.2665687382336647,0.912457209267137,0.3724770288314604,0.2771585198788317,0.7192104091835391,1.1074981685741607,0.49134188840703275,0.13367163150830497,0
0.4899354024573218,0.06878330413152331,0.14687044381448952,0.8910466338526373,0.5334725791637085,0.7039724904813259,0.8825147877287834,0.9859585142951404,0.35063966606823366,0.8857527669884201,1
0.5571898826648637,0.8296676908736266,0.09648121108577488,0.06375997689745785,0.794516051603065,-0.023583023117722937,0.3119933431340347,0.36174615368571605,0.5687432242775794,0.04838383509156178,2
0.014095690488526873,0.12926977575448004,0.7622651741970397,0.2835871903425314,0.09286496788509568,0.25888105124112776,0.6706791698670086,0.37118425190171495,0.34156372260328344,0.44600655507579734,1
0.26651022462365564,0.34500065922549894,-0.11447859257125065,0.832943797508428,-0.09597562874530069,0.756609961833027,0.47855955586976656,0.9041060943618154,0.565339755887673,0.11606444770234634,0
-0.029127229887716544,0.9230803338647766,0.23918888583761835,0.5411369462257394,0.5363035976801368,0.8078287728507596,0.9013424785044158,0.5108985611296981,0.4600390927842496,1.070270658553158,1
0.688741429474539,0.2564991539344634,0.2879177319226322,0.30717145016425457,0.6589038931953608,0.008801529196461745,0.5383335871628762,0.785803190683122,0.6212748244326646,0.6311215704787977,1
0.38260779260910976,0.4782467117535661,0.42027310858428824,0.7677946743713941,0.21929582380999588,0.34354634755509406,0.5605425578291415,0.09002249673154952,1.0050486315086065,0.23021928098082184,2
1.1172132314849696,0.19829735473083981,0.8161550209220041,0.7399404918616884,0.22271038976702198,0.4033361288312529,-0.12826064132149656,0.47239757016809303,0.306787203549796,0.6233299704657639,2
-0.48722182440170314,0.9165792371906366,1.210365587070711,-0.5355492971785273,-0.15805173397970107,-0.44217215722455594,0.6061001692059849,1.6180228377343835,0.9226730454324814,0.9143113640755466,0
0.13897482766831987,0.32841113713442893,0.025972532520487694,0.7669617280658518,0.008948225682633443,0.6048217588236373,0.6486707273687476,0.7199023850984604,0.5734695714304158,0.08537435805245533,0
0.08106053800949493,0.8410997407545087,0.4216978542302679,0.4275977243445631,0.5322355353714807,0.7250710541883467,0.9337935347663326,0.5658406390859785,0.4874487225334938,0.9174025508634235,1
0.0012705377946980873,0.8798339659358424,0.46794975640620884,0.4521133039302576,0.5677514409829202,0.6815024823677824,1.0043992208568682,0.6381083563286168,0.37974572947981006,0.9737262133792869,1
0.07918982794520682,0.8412764691700817,0.41824119538505095,0.4702232893085104,0.5096854540078926,0.7127227733463606,0.9451887931536895,0.5660303896380003,0.45359940783424424,0.91977918617845,1
0.2189950661082702,0.6047113475211318,0.044356986364017775,-0.031442474121903596,0.07961046422352078,0.823391067572698,0.7664525900078605,0.20897762047009602,0.9357659530728104,0.8433438514012918,3
0.1815424249437524,0.9522341533586163,0.4714483822071716,0.5519963883532644,0.4625301745275918,0.710789851255823,0.8649899916765357,0.6802037691350565,0.4906293245623548,0.9314266041176297,1
0.35523081985577254,0.4332480397626952,0.45933999760528155,0.8700563163926034,0.2164735180392411,0.40414923229163174,0.4566019638124075,-0.0018511572265053206,0.9436473295676481,0.20785473107574667,2
0.5635951267481519,0.9166384457338049,0.15549429768973136,0.09460936514101648,0.7536388842838659,0.11876592302832782,0.31065228450580207,0.42379388203968965,0.5332026067928485,0.005963523486701593,2
0.36061331466850427,-0.007630830387143829,-0.03138256755423764,-0.1691773513763316,0.7725288826148322,0.25663468827847746,0.45688014093226387,0.6203644322731918,0.051273282613705395,0.2372036572068496,2
0.10453869852632361,0.8570334243252661,0.3754395009474103,0.525147235322214,0.4958695518972838,0.6521257479113124,0.8887403880838574,0.4865677521138483,0.45433569111238464,1.0144377796557187,1
0.9410504594520713,0.5629069760672799,0.7616082145568428,0.10598926117683123,0.5510238012811896,0.620438211858699,0.37042786855480925,0.17597823337718072,0.7851677374719905,0.9872557835412671,3
0.5535193455592322,0.025642275053203767,0.25420562134317976,0.7940994988636725,0.4888052832183565,-0.022238420168665618,0.23017593167318148,0.48285236777132984,0.5974368319151329,0.8350746834321305,2
0.7439149962071446,0.9191166953159111,0.2945572201942614,0.49939821441795745,0.4599427689642388,0.6715237634852401,0.5853099043034543,0.3230427222041736,0.6698878040707396,0.22648167828037713,1
0.8368420706680902,0.6915736491488222,0.10446109180843582,0.8562749643122987,0.43761852690562014,1.0558372359797026,0.6876173228794901,0.24808317836116955,0.884014616305888,0.29494893845843234,1
0.494370350510824,0.5741086088233964,0.8475413640102039,-0.0035156264799668935,0.7904375339631395,0.5507808690480718,0.47281589766942334,0.7944716516020698,0.17566726350713446,1.016589093795699,0
0.6441702936513803,0.8458194466645547,0.02834498663504866,0.03704720112520877,0.3824417234882971,0.3132234439046084,0.096569919655906,0.47976527295571425,0.13357870172588807,0.8938959511774365,1
0.48303198445348533,0.07160326097486383,0.13398875005875668,0.8738042378216734,0.546601852773049,0.7177343498087436,0.8682745725907673,0.9979946484786398,0.34186651827567704,0.877207028085463,1
0.7771646817260154,-0.07647218388674776,0.2837006564114396,0.5824641232078586,0.20788147998360204,-0.10237644865049589,0.18851680666107445,0.3991139290925463,0.26076313637785353,0.6529078768587753,2
0.4777222980846034,0.865647695200768,0.33310939749294677,0.5819925043321258,0.7883405593841751,0.155413969625994,0.015372980633413384,0.21253536036353327,0.48731630064262366,0.9049674683111683,1
0.05021504163938064,0.8394268456739015,0.3183597636348585,0.38096678266222367,0.7794282400194701,0.6063973562775317,0.9606129498205281,0.5738772902208774,0.5136572530938024,0.001633334393188579,3
0.13701382273815127,0.7063452622234885,0.17987744060722427,0.5577460141385738,0.8478899031454983,0.48842590008409525,1.0130069250676519,0.7700486738833603,0.5170114586178436,0.12782867974236978,3
0.3172749787982615,0.86389811956623,0.9689086119641581,0.5809499615444923,0.055515111014919474,0.230396352202566,0.24243061998508725,0.7847293548633898,0.09746600917550381,0.30234274740079764,2
0.017569035109143087,0.11310577026075978,0.7604848511447937,0.3139262130885145,0.05562157334573801,0.2995378665489044,0.6167688658256378,0.38191120690764896,0.3229968882516465,0.4673773729609348,1
0.6607021925495009,0.934916068258966,-0.01355786886438624,0.12005104461557603,0.35382024937565226,0.32188786555450905,0.15239203290541878,0.43476384541060803,0.15486015758978797,0.9540292695925511,1
0.6654766037805343,0.7699153375918166,0.5139187287986494,0.41330156365695114,0.13246171324043093,0.9775837404007731,0.1296786582861713,0.3417217767457968,0.057647821737533966,0.7311528062224152,3
1.0220735769886766,0.668050690026742,0.6980340183630181,0.4487324003840617,0.4169814113699013,1.0856511357300134,0.9635373429550251,0.3908073821216725,0.36640932677592986,0.6678962664739558,1
0.3742830959056743,-0.011235164624940494,0.04743653427054394,0.8998700135713071,0.485723402369755,0.7123953901187988,0.7979562490793127,1.0612289348148145,0.2229257343478255,0.8603426923800473,1
0.1164928272433158,0.14814872944333637,0.3507128134349537,0.8068678762329226,0.4059530349324267,0.8387229852430648,0.8979491057616199,0.36068251353061087,0.5962372763801557,0.41984207162930465,1
0.2898172089198056,0.42429849362293875,1.0034407045510374,0.6507084542872923,0.38371091308669547,0.7311992864547496,0.17501316513927032,0.6264342534535583,0.9078156759242847,0.401268227606754,1
0.7095561759847067,0.7493189293996972,0.20772146191377966,0.771859983843364,0.5385609877412239,1.031620057836257,0.8869868022788796,-0.014417501217169448,0.9620963724662926,0.4369253848641895,1
1.264824485425534,0.19576826029102018,0.7426329053564716,1.3061547323844147,0.3283092971625989,0.17476396946413475,0.9305566169803179,0.004406614864772285,0.24390526427042936,0.6062084371776002,2
0.7095249267955804,-0.34823714806721284,0.30040885449935784,0.6929431834411234,0.22212490725080852,1.0020376404665914,0.6522213047385838,0.9009675237711536,0.4963389094749611,0.6541292266245081,1
0.17020802843964594,0.21174368219667833,0.3315663896448017,0.8090852942039858,0.5663690410729577,0.8348908328780192,0.8093506028013174,0.40178725568330087,0.6257606061807015,0.528481359478429,1
0.2735916646549,0.2158090878666814,0.06461611929197186,0.7577571713061251,0.47662529211994203,0.7566095663040548,0.5419923485852646,0.24947416250719381,0.7387021905219572,0.5611107427056274,0
0.703043001527166,0.07445053166214893,-0.26782233709863346,1.392976788755914,0.40656358361129175,0.870014817469261,0.6972038041417808,1.0517535450254933,0.7359292128279681,0.11665934869673363,2
0.5030672460673805,0.796040788875423,0.2991668940839988,0.5089631903549958,0.7744832807704142,0.14966433128323522,0.011640639116972964,0.2058587490282095,0.5409815803148144,0.9265884492582853,1
0.8824132325014007,0.5685808255853178,0.2988715213503396,0.7321135436846641,0.7726929724915608,0.7446589587126365,0.680872079059969,0.09589588996295964,0.7652017858406331,0.9161277810969606,3
0.7797136886398895,0.384788087231986,0.851032455767618,0.7289775956098715,0.5189390660459658,0.5957478122281039,0.09704515695287882,0.6844986108413271,0.8430336084384826,0.3876322455173463,3
-0.004246179849654627,0.01086218503186323,0.6503032552412469,0.2945857108642441,0.052567029306041416,0.34277111462811044,0.6835738898866136,0.4337044024407882,0.19614205315093813,0.3789358669548267,1
0.6437099410124627,0.7146999815522321,0.7697943354266654,0.43550910936682535,0.6341624130164458,0.6425237834653396,0.8585914533925908,0.06555335933579926,0.19030704181391145,0.3421893912783773,3
0.3366907616374916,0.40979596828524745,0.3535972514149649,0.712315494048985,0.1714219238591495,0.3895683243676938,0.5168339608031037,0.0850693550811908,0.9511677388608292,0.17430933496301784,2
0.5516293885036159,0.33383041156746346,0.240228124889688,0.9450213858744337,0.23227481312942033,0.4305527876689051,0.4776655994838947,0.6365710649363312,0.7116761711874504,0.18631286898774196,2
0.36680517885223723,0.20934214735659298,0.5329326410853998,0.8464145777886249,0.5167882988275188,0.6767174928865679,0.312179903917402,0.2750322390775217,0.4416387665036282,0.8619939767666529,2
1.297935431494803,-0.21963254598285908,0.5480318688720015,0.04863912338024895,-0.11416266032569798,0.24310184586359898,0.2950524271465268,0.6656608813304352,0.3561845478320341,0.4391997262248539,1
0.21577494852826853,-0.1604069521978848,0.23434636321372848,0.9847436244928782,0.8353195685728595,0.31691334115669834,0.08267910296163428,0.28378828173964926,0.7702219164614388,0.3976184941704991,0
0.8481841839028702,0.5970760322357451,0.7599435594758257,0.20598478782313137,0.12352288565799262,0.7749814256133407,0.9315452966099765,0.7065970320563195,0.4507306968289929,0.7895424570471565,1
0.5448507270026727,0.31768873234018635,1.1611070278432862,0.5770577992677721,0.49187539985558226,0.6217193502092306,0.40704361588373805,0.6729265856211285,1.2217647768286528,0.151515112673059,1
1.0280048367767338,0.3708669142522927,0.3279493051536259,-0.19422027630894062,0.714309692712165,0.2926748950104523,0.5855961557216953,0.746833246924907,-0.3075961873262429,0.4297037999628291,2
0.8258313875007693,0.6246573096588532,0.04387212558490505,0.9063802705797814,0.4668028936743282,1.1152418288134767,0.6345546591540678,0.054246952415588495,0.6753900515724806,0.30522476470324694,1
1.0959272358299628,0.6542078925641881,0.2918577552193117,0.9736779780852738,0.11440567904775617,1.0682356103936663,0.6126228287363396,0.7760818106324092,0.7318783234886337,0.48407921153649414,2
0.2380846890433283,-0.021756777423068956,0.04428351499443875,0.006132898602018211,0.7371684776873312,0.2566053558931439,0.43514641597121034,0.44342014578111677,0.21709392372437136,0.1999004111553954,2
0.5542089889866912,0.14908030110398274,0.0395307607500565,0.9876383830781162,0.47059077041134495,0.7344486605135093,0.7899370814188506,1.0636552593125501,0.41790723721298084,0.7682597022319066,1
0.5748447187423191,0.2714774970754658,0.28910476801102525,0.9479509066345725,0.23042825245004572,0.40426204072744043,0.43168406345790866,0.6549299065376967,0.7162979410461972,0.23288742191919037,2
0.8013108732066653,0.612543271738926,0.7246127531148961,0.19875106656873073,0.15078095657429041,0.8463341433564925,0.9611993424123623,0.6740624591403427,0.43835074080129816,0.7535163271470365,1
0.887750583891384,0.06745708512299352,0.5935460427451804,0.8845605792100361,0.4754831293720534,0.3953783273710618,0.5475045667967654,0.36179702772895883,0.15650188696924439,0.5609941943285429,2
0.48411927630864576,-0.006395189797334,0.08431527733190317,0.8565899887320564,0.6343081832096802,0.7270889316379291,0.7971052166924919,0.9497634885951044,0.2695907592156449,0.897809865746293,1
0.6177049336543708,0.31334204060909915,0.28317434126161073,0.9624463376551512,0.24168021168132925,0.35521144246385017,0.46906113442170844,0.6489874105676329,0.6142947359478197,0.25031393206474195,2
0.31310974629645427,0.4049897943618124,1.0104123798832874,0.6400742959857458,0.38096444660368156,0.7471793151625066,0.16842165901525047,0.657650045813988,0.9333990818791659,0.43575158031189454,1
0.4778331021983224,0.8328786860122005,0.3038367429959384,0.5033957815178163,0.7549354038684648,0.185112648111117,-0.008567552445344212,0.25436421361429373,0.5165186903960851,0.9246459295191208,1
0.4933473417241867,0.7523700747182904,0.31742741098024835,-0.13271932806458303,0.8831196400981809,-0.16772628397085398,0.006394395834691646,0.5115358910058787,0.7445847441716256,0.1157797325401239,2
0.9935328626158544,0.5845404500342954,0.2860282125088921,0.6462241677512166,0.5275536982764268,0.9661569482108238,0.7209260491876568,0.24143730191008472,0.6338329442295634,0.3925220442994829,1
0.5849595917158045,0.8098173931970739,0.8015438590358442,0.4323366708600669,0.6524600628891623,0.7350299388335089,0.8573308522482145,-0.02632347071097578,0.16182265551428793,0.36573824879103917,3
0.33472163689619067,0.4204986474116487,0.9755187970183922,0.6567071672979697,0.3541702352094586,0.7393071919546932,0.18799469817092743,0.6862618768056062,0.9199500924407806,0.39730457277059394,1
0.5583993294058011,0.5505590503611928,0.9841819925850843,0.7584420540220177,0.20523621877135237,0.6463240485740696,-0.10889366710306936,0.791677245319131,1.0564038823745174,0.36433819488170377,1
0.27682838500876367,0.004135664017590676,0.18833154640111974,0.90781976201568,0.5197379986387932,0.6788496932913968,1.059942390129488,1.0634953760480175,0.1899967589710572,1.0118704973757788,1
1.0802731027599655,0.938562734868188,0.31557247632522584,0.009764979305406707,0.6911599365524927,0.9846944979168247,0.794702709845815,0.062131999885013126,0.31809752754290854,0.8660820035166169,3
0.8202876535331575,0.26135463111272855,0.5412408238884513,0.5449652741207113,0.3724467350087466,0.2217495253381488,0.09779804664015375,0.41451042555329437,0.35886066992100624,0.5946228849040361,2
0.4709976113430151,0.08594232663700622,0.15421773747314427,0.8608493995658674,0.5364263012465167,0.7337866717446986,0.9067334588934053,0.9607012007762348,0.3538185101751766,0.8647692204756158,1
0.5143067643956694,0.9031679491313138,0.2370120025346888,-0.051074894907396126,0.2837944086129569,0.6263797150154288,0.5955088155881659,0.40966658834292036,0.8439917085433424,0.8190638362322428,3
0.3246397498255202,0.8046285386336804,1.0334857321107624,0.5478688300802316,0.03962853404034536,0.3016037372364172,0.29959614169147575,0.8039491648875319,0.14991799957123847,0.25509667242461476,2
0.22790952134090353,0.3276195847910265,0.3934964444892044,0.341153092563516,0.9556565390906278,0.4388410032684191,-0.15641127757010037,0.15127112114254374,0.7725478351672815,-0.23714278691293605,2
-0.1647417394858638,1.089511231071064,0.11465448101948988,-0.3507599580477449,1.1356897291212273,1.2171048179891608,0.9375878497585487,0.3040375913344989,0.07440181839596766,-0.2213289968966881,3
0.648330322967489,0.15417156549004407,0.578109427663911,0.6407756332038977,0.5209443293572977,0.19141876745942535,0.6918610343787119,0.4335562419007065,0.0033635920563619102,0.46841271780253835,2
0.3546200116823643,0.28692625278898604,0.9038357971810155,0.4605638942940146,0.3019704230823763,-0.18528153329342378,1.030000211634933,0.3278942498085414,0.6415380042945071,-0.2735740155609087,2
0.8324113036648311,0.9475675514962068,0.037024998375831564,0.7633168924509206,0.6960430675106483,0.9481382547179089,0.6305942942315145,0.5480035204039324,-0.07400261079773579,0.26048675275489763,1
0.6685065494788393,1.0730793469705497,0.04957992383003876,0.13793281858602324,0.5204115209342263,-0.07974959400436762,0.506317777370214,0.4462854316319458,0.8371839387282831,-0.1070894371798357,2
0.7429291035968265,0.3694421071780202,0.8264947970274912,0.7301105466285089,0.5274207475737652,0.5681695395860995,0.09123799013684375,0.6847305227840169,0.8534470743587369,0.40333435653172445,3
0.4608151788772531,0.6428244282924537,0.7413171256347448,0.5107627991699683,0.21039138449270145,0.5408886293647353,0.19533507665493388,0.7571388159349712,0.5472112685822061,0.13451800233272046,0
0.31734900412301437,0.06897233492690186,0.10918521923664778,0.9432833899068112,0.7682153331629521,0.5371955467837335,0.7524239337776223,0.16858239647408868,0.6616084356269408,0.8302439128192907,0
0.08432289637349259,0.8523164528518772,0.4055234592442602,0.465915046685242,0.5224240901711511,0.7172595259648852,0.9477816864241039,0.5728235292532103,0.46923235492788007,0.9305800082613016,1
0.6792618051237143,0.4501374321278575,0.5781791602456529,1.112085217693055,0.5646899821594955,-0.026908299511261058,0.5091368206306989,0.6678094638169385,0.8392161645768138,-0.06842897020824767,2
1.095362537902612,0.3648161255963517,0.23701300033638129,0.6149628134514292,0.24665171419273013,0.4826372565965556,0.1357152001970649,0.2530240146129851,0.36417381538852506,0.4515412682877886,2
0.1051665319237498,0.7381334452181976,0.12701142174916308,-0.07846394582048782,-0.09400899273222382,0.7531735999050967,0.9422452033982364,0.2166947724959789,1.074016771011601,0.7989029115449798,3
0.865827574390155,0.9972778572476206,0.0039747210596395854,0.15003045560809947,0.7736479922062491,0.45205822692799746,-0.3758717778225974,-0.3270785981173632,0.40351278539752317,1.3434709047736835,3
0.5874465572683714,0.4987353444075367,0.49238565022557745,0.7308471011415127,0.001035474628149402,0.64874562100835,0.6910915177518225,-0.0806634067757446,1.0834931595403865,0.34403594007075955,2
0.10572999454228929,0.17573749750575263,0.32550565373398677,0.7161274559698411,0.3922311770999137,0.9093989996923171,0.8016197012125269,0.28553401186329685,0.6596287425830555,0.450591495608563,1
0.809305839152649,0.3662733655659679,0.6675147455301615,0.32800349507850896,0.6263042896625821,0.5227516814893889,0.6369328666051385,0.3092564687138736,0.010064156300036348,0.16415293621971108,2
0.506860386515474,0.7858603379520681,1.3395989176514567,0.09653696223134416,0.19431943198481189,-0.004746801293152303,0.6167650733455328,0.4489719598285877,0.4138620327372635,0.7210995259411305,0
0.07970526766582356,0.1759570913005319,0.3027679697348659,0.6527806082673082,0.4524814020274985,0.7680331351223313,0.7488718128063157,0.4644527152215737,0.69315537423297,0.4649220167414655,1
0.4068558438661426,0.7873931237001779,0.39293163529333125,0.7538835552954312,-0.046394344600769244,0.12604819473096707,0.5503127148142551,0.5858762986364889,-0.282036883593112,0.3265949654125541,3
0.5689500747842642,0.09916456091464737,0.38392588959948326,0.5787367117296784,0.6507455823926096,0.8330303877608751,0.9273645517143194,0.645752200840241,-0.05534505913116933,-0.05351879725095582,2
0.5174638683319808,0.13294549815737886,0.05395468137085234,0.9668579221776417,0.5678332042389382,0.6959481378792414,0.8335647556430615,0.9489003624872454,0.28680150617944017,0.945225776477147,1
0.6781194492883078,0.05253753257462141,0.5551079730857005,0.5448181366581746,0.4885187077112516,0.12960492190372255,0.7110151159078749,0.5779942388662483,0.022269129648788362,0.5679608218463201,2
-0.018065838080023766,0.5726236794586356,0.3385256062103082,0.011876382750574545,1.2012601730460128,0.6600539466298041,0.6323697547507875,0.4972198879937538,0.3165137329314202,0.11608887336852375,3
0.8151258951376543,0.5726346387298015,0.2723165835373714,0.7532154650119308,0.8584712191824487,0.6836008500739001,0.6216767514052872,0.029586352667988702,0.7297960619719611,0.8731761060937561,3
0.031056909324798904,0.03522435518092237,1.6298809597114776,0.4060413444914425,1.3650951978319095,0.023240910489579603,0.07817331590844873,0.5265822736497849,0.4343177910701577,0.9800654967193835,0
0.8826655249700133,0.70937961262703,0.13237173005353903,0.7869305699881974,0.3729895143978079,0.962420507916727,0.7332044626477492,0.159089376222064,0.8136634128871819,0.29763034857775605,1
-0.051729433904495914,0.2993224632119824,0.5701484463553916,1.0540760254995813,0.4216585877826785,-0.12446505913695749,0.361799144864115,0.238926142781285,0.29927608001134043,-0.22026922147609984,1
0.4899715658076793,0.7994188642511584,-0.22946624385182507,-0.5595096565270048,-0.014502981986584285,1.4864724351694025,1.2321919925138451,0.3730125208476554,1.205913146802088,1.5228982494220584,3
0.08230818516698796,0.21089897924304296,0.715116231291135,0.7730151598311293,0.5128795004313672,0.8266262551035513,0.5132778852528066,0.4919518709468645,0.5536948234736765,0.5206382025967933,2
0.2870262587627559,0.30054979076719457,0.11920280922901641,0.8575279364386756,0.7492441506839802,0.8568981983380285,0.7295052150200533,0.8498231433977759,0.40760145903061606,0.9496058824435725,1
0.31381423939100034,0.41087093171159655,1.3138017473388703,0.5989280847865671,0.01522786069805293,0.8119110509506596,-0.23265138426069504,0.6176055027437161,0.6922921024679234,0.3263792455588004,1
0.7559166725586222,0.823637792428823,0.13515053730922136,0.8027330103483795,0.5052158378367764,-0.043066083566357605,0.9424616392511196,-0.2981844646263139,0.639355975253076,0.27327804217576346,2
0.01631878926972752,-0.5842444086273499,0.803612315575155,1.389571958420934,0.35549831873979704,0.4965949237296578,-0.47090861804386097,0.9091414978730439,1.2970891761954193,-0.3708613011515033,1
0.7441756009932667,0.029348566673614962,0.35161839579550086,0.4767976265145475,0.4234727987576671,0.6619485667722707,0.8906607854159362,0.3728939993730056,0.6524840827651718,0.7985198532996051,2
0.44859920385591273,0.04506593398573172,0.4741921413068519,0.45177427057467195,0.4428940441564895,0.5196542987442441,0.28362956668002015,0.45186263956455996,0.3050992722614609,0.6052096896907985,2
0.7526142853052049,0.5151222144788818,0.38190554325714515,0.22386009909457266,0.17302987602321626,0.4156139460323872,0.39983728963572296,0.8941414254988516,0.392705201725492,0.893356045176625,1
0.3516700716944579,0.7141121837032339,0.0550692787784715,0.06310697978289714,0.055449271578262224,0.7941707438790612,0.7968433802692502,0.3106128490946863,0.9957227253858946,0.8699889770853794,3
0.1608371968553773,0.2628106301627691,0.1837656830403862,0.738995310542652,0.3390362535507864,0.3495354025467454,0.6694977185027806,0.16704361496108325,1.011933546933998,0.18822583681220387,2
0.12746772115800986,0.3729418920946505,0.2356194704940156,0.10677189892660474,0.4606677810050717,0.3094814439003357,0.1295309334547737,0.3251955478868211,0.9416706672107436,0.7456996141212321,2
0.08927332693179188,0.1531374310743916,0.3189165803930916,0.6812001032709856,0.43560613802704956,0.8022856725899047,0.8905867514140672,0.40011504662176717,0.7242406488142449,0.4426519878739889,1
0.8835345790578211,0.7039465184708685,0.7051463186011266,0.19780919228832355,0.1776363028734862,0.8528535411907375,0.9530148881084299,0.7325930964450711,0.4603803981218845,0.6356998314275639,1
0.3186354895010695,0.39655422203239366,0.37375669113970017,0.6831833279664881,0.17136818053768668,0.40968958555275037,0.5008554285921069,0.09936434550583324,0.9302748153127622,0.1612443657896355,2
0.07818369456290636,0.09460160868330438,0.3102939503722661,0.6853944900119978,0.5035274093340784,0.5902591718299035,0.614851794474209,0.401993189145379,0.9119882812754306,0.7963632916812087,0
0.9319900975782193,0.585547282984432,0.7548285397818983,0.06839488187272286,0.5427822593629661,0.6266864527343459,0.37222683524857253,0.1937552454582701,0.8045724019580349,0.9715577260321034,3
0.037634585252206795,0.23260601453134247,0.30714728029766175,0.7587415321353091,0.5311134219615901,0.7827495181035914,0.8514698010037114,0.29812696385002013,0.6174999563802829,0.4405730118718391,1
0.8530046074354847,0.25532534758124675,0.6978331600564953,0.5500514475696326,0.952174590589919,0.5892080205306752,0.6351800792923304,-0.008852615198175817,0.3156633027267769,0.4721945061083637,2
0.2117165800922706,0.6577195282478383,0.3816912976812728,0.1689528304177868,0.9158123191552873,0.8379820488966935,0.5837700864321222,0.4942083215522068,0.35319779522693606,0.12748046405390775,3
0.11622472065686651,-0.02678385849041555,0.22187151871088787,0.6162803251998279,0.7120610448510445,0.33763736370498104,0.43690917238517996,0.27381867061570875,0.8549476560747488,0.8887941515252823,0
0.7927057141737991,0.4169906559822887,0.85707019837085,0.7500053791739453,0.5517416546529044,0.5763678689411986,0.04473313458996225,0.6728691264299175,0.8435588093388772,0.4082303181568199,3
0.47169585119717683,0.6567104228757452,0.4791073972847447,0.2835733028687326,0.42048568778428125,0.8215537604642923,0.43053339635541577,0.22739850206184206,0.2840428619864931,0.3307874073622323,2
0.5835294691473791,0.8673584558714721,0.15988848224799873,0.11187153143500138,0.7790319419567384,0.058526080866100554,0.25391156865261594,0.3732991184540433,0.5881015354724861,0.011890801586680396,2
0.6328591284074245,0.005194134808604228,0.31820522524603373,0.3672790613424124,0.3958815490412023,0.2531363128068642,0.4441956361442677,1.012839657912867,0.46500912810631834,0.6994883966910739,1
0.5742178022253381,0.409771510556658,0.9177727869459685,0.6989897664879245,0.501634302697574,0.8791505538998782,0.4609423940672611,0.3716825496651883,0.6833697302737544,0.23644645789667154,1
0.6060034669458106,0.36775897444797767,0.8891152910111922,1.348197334662005,0.015848872371775846,0.5145471609882256,0.3384073160693519,-0.05757836368007241,0.3269816314007843,0.5047344863537322,2
0.06685130005463522,0.8088580234444273,0.45887125772896264,0.4742345643658263,0.5221687212407595,0.6827970176794383,0.9268604203706197,0.6061839419303486,0.4585961594729093,0.9722275533954317,1
0.08655342015831828,0.7772755446425152,0.48259304125273983,0.38062886016273045,0.5802580309512635,0.795161460614107,0.856941979426256,0.47052513881178604,0.40085724089729,0.8076888827504961,1
0.6123139227265189,0.9180736877162332,0.3671771764072552,-0.005313538723213551,0.5529826014948741,0.005614813786629924,0.49754044088129223,0.7137253018461192,0.6822582962119402,0.7408256101920393,0
0.4749492426675325,0.02835084939634997,0.10872851327595426,0.9004312024005363,0.5378973219038458,0.7508882447815453,0.9206013126827147,0.9721669914058173,0.37350543262912095,0.8826462278738559,1
0.3415810443524467,0.34721418482491995,0.99530744079056,0.6193099028569427,0.4179267754999282,0.7819274974334237,0.18571953862647733,0.6884788243657194,0.9418683446362445,0.4037146419208718,1
0.52923009598518,0.06061952475160234,0.20615853852360772,0.9530711109173539,0.594843715175795,0.7606832392667051,0.8330554548710755,0.9810436227005278,0.36948127242921935,0.8272579449698164,1
0.17728860850009742,0.22103864587970204,0.3882853118147142,1.1013262415509177,0.3297458277559017,0.5598645867780033,0.5082730855127446,0.7950644148688287,0.7236440414175322,0.38177192523434766,0
0.5874461601360071,0.8703376474035683,0.2015580143209098,0.12786984534175724,0.7787582770695299,0.1052861737245315,0.30581395074149853,0.4024352424952433,0.6290050263690099,-0.04575788025089181,2
0.20788983642271702,0.214988330886754,0.29921513331433947,0.5620954985364814,0.4358578750872755,0.5641492474762327,0.6715592486238179,0.4709464701706356,0.7993162717235303,0.7959554173103479,0
0.5133805217524668,0.7522278687230664,0.41413127527074667,0.7534089111475373,0.22114160305223002,0.18948104869289273,0.4884535845144232,-0.2349802289457184,0.9593677052991708,-0.12055200959925644,2
0.7213158841265487,0.857504951202608,0.5416395566744981,0.48772942484790566,0.03751117814280805,0.9799826507377138,0.09808455569954296,0.309533259418454,0.24892436039756133,0.5122626497141689,3
0.7913604458457476,0.22820831728537982,0.46308856700197076,0.4166143407943245,0.4556730302294131,0.13209893413509655,0.0078012835321741025,0.4777239075954722,0.5408629816139666,0.5234145110209425,2
0.5215645959532746,0.8279856042876121,0.29177163604613976,0.5419819400151472,0.8189952119824471,0.1892654810349929,0.01990339951900863,0.24112783924919512,0.519718557636845,0.8920690862283527,1
0.9719770674949533,0.6022725502359285,0.7574299694303884,0.1086144855261584,0.5051636700111413,0.6395126667225994,0.3884968629186648,0.19714742816415848,0.782035631281054,0.9837918062523457,3
0.22493976614293237,0.2877380696030373,0.25030994975802423,0.21366142654873424,0.451367538643866,-0.055441799098164934,0.7189340202895347,0.35080198443338584,1.0596596380845527,1.2399209666466244,2
0.20038998614030018,-0.04632352025765292,0.15311469411695558,0.9005848470664629,0.5959712285834486,0.5113018233301105,0.5414892005210038,0.7068990565927342,0.36287958781203294,0.7169888582799593,1
0.4438225232080163,0.29360262399255965,0.07302153114156437,-0.21264666456526862,0.5214411456615764,0.5059448506038283,0.5070352297456721,0.5958160662149325,0.11017235902474963,0.24214551518487054,2
0.36929312987451646,0.66256226851639,0.8348669862666528,0.5828546926515275,0.22830108584725217,0.5921423975950323,0.2666126453902912,0.8118665676166172,0.527257411253942,0.19501561926254224,0
0.5316545094476257,0.8263722068923909,0.29457801116260074,0.5315640213155115,0.78882036671952,0.20220732835844768,-0.020586120442084216,0.2426568190236284,0.563824610651098,0.8917149561337372,1
0.44470589835929586,0.7912850026391138,0.8322146474418932,0.2072781251755815,0.6679508900294324,0.8763475685632838,0.9184490237620435,0.05167207056891865,-0.030391707467595674,0.30030173094600043,3
1.1171184035721293,0.5176724852220642,0.7548155028709687,0.32566717737485495,0.5451657708400608,0.0104740776511201,-0.10089979311832303,0.6604851397720557,0.5547891788710793,0.6487141075344408,2
0.3156155592818382,1.0476802757268096,-0.45498987955287107,-0.23271443027942174,0.2566304068579078,0.7442828319859895,0.5666373185110739,0.36456594705053574,0.6053841872774518,0.5677585869210799,3
-0.07701945638745955,0.8883828019577384,0.5084477793072032,0.5643365866284322,0.4276634960166215,0.7356004730846739,0.813905449695538,0.44196999717530594,0.3190874792434726,0.9361559356303473,1
0.7259167446480612,0.3788357167185507,0.718131282144801,0.34536395291202676,0.6976933913786028,0.5588263013144534,0.6614995075978538,0.3646202033227648,0.11837062294942415,0.20844362088284324,2
-0.00809267820109641,0.7765700486025456,0.5377567878274874,-0.15813615208234685,0.9376816478727321,0.8406252991941392,0.659049662246373,0.6956375987613679,0.21354631757013304,-0.0887360296321851,3
0.09023674382509317,0.8200830469564393,0.37887413551971655,0.44725754727265354,0.5443742457917436,0.7190761859712907,0.971189892008587,0.553206734471213,0.47588343773595787,0.9552152616030952,1
0.22204327850255212,0.04769700831084939,1.189940903046305,0.8263097617533863,0.33191254889944327,0.4363023997501082,0.6873633823922286,0.5187419452304264,0.3830143228777034,0.2419494634022611,2
0.2794801601849688,0.811146789406245,0.9145159918214776,0.6679208387250762,-0.018137722721549523,0.2761614974390225,0.28272669743625284,0.7586474216476371,0.11172736168570072,0.22076829024651967,2
0.11731969025275639,0.8109170989218284,0.3613214885524943,0.4372855777700455,0.9714908218526144,0.5192752250106171,0.8757404185610438,0.6323057595451611,0.7047541216873312,0.11301742843134424,3
0.34286225980828067,1.0183007365639896,0.11998658399251683,0.35493845842481336,0.6510699010832164,0.7298805375495476,0.8795771031956896,0.20837382670046334,0.6367531185338486,0.857531135342698,2
0.010453654824162897,0.4916766361377165,0.4854445666653401,0.8454140766955613,0.39781864292340874,0.5962627387880625,0.5216583352905773,0.814785414605462,0.43104003924016016,0.15058874111620305,0
0.28579685066838434,0.07654598282509734,-0.030128218375362018,-0.07058343448038565,0.7057829857698057,0.2204487272202911,0.32043596689803766,0.48927229588336096,0.29051561261013303,0.117353822620066,2
0.034548253616386256,0.2719742329820606,0.30737783038331684,0.7617249070847266,0.5226589815458491,0.8169636809210691,0.79924302494453,0.2822661670974764,0.6653421593840885,0.4488831806354465,1
-0.012225853544810816,0.830433861138534,0.620435877056145,0.500456940250751,0.5957828335395553,0.5962555549737711,1.1577994031651364,0.429863072002925,0.6367753216112984,0.8386778374903062,1
0.035854322910206494,0.9020973285191931,0.45258609896281,0.40877657396577216,0.5469707044116853,0.7433453394349879,0.9490606743696458,0.537568730929515,0.4242495550748123,0.8739848182290769,1
0.30243143727887317,0.9507999287879227,0.9029888772676637,0.574398350890573,0.04195340279239239,0.30257998500941186,0.2747928992332132,0.7395512099415901,0.1132376192852177,0.3260509629372192,2
0.3281696098181495,0.8617385830938764,0.989845534989822,0.596919533605863,0.06325478616653832,0.22282376715292268,0.2417639994505839,0.7852437847775812,0.10100289453634592,0.2995931334344929,2
0.8784032537029406,0.7269534223198864,0.13954308682126862,0.8328073788563934,0.3797174298056068,0.9920230148358605,0.7563458655400533,0.11932255705640557,0.8530987237989195,0.35072186456258714,1
0.03754225000095274,0.23189625221191765,0.7006871096782834,0.01449650099860963,0.04421927364537923,0.2730952132359202,0.12920686619687338,0.8680634527773803,0.46017339625455184,0.3025164782943345,1
0.9639976761231093,0.4164017076065619,0.7894959406688391,0.05053688369069076,0.11572443938212552,0.7008708834761487,0.76258201590639,0.8408186162310415,0.3374436572926551,0.7650593455822334,1
0.6490287244173697,0.2507828719764054,0.22908563431759296,0.26287167191595073,0.6160624927279647,0.028884998518964252,0.5768803295415289,0.7691178475238424,0.6110720920288157,0.6293153915236033,1
0.41988601620347843,0.16476360122274913,1.0400483180933915,0.4079482043115995,0.929828673425157,0.2588035167438577,0.8943305223677206,0.1374976216029083,0.001167939794190373,0.41727697047336865,2
0.007436150003112915,0.09404238379070771,0.7930337275732222,0.2684950974075425,0.14042482962642922,0.27316338041999433,0.6036569962037448,0.41228212161457684,0.3486070823046306,0.5251540774550287,1
0.3524830633372964,0.13809135889305035,0.15754278824468956,1.0779747702083602,0.44524888782803634,0.9003616252591147,0.8445980756125094,1.013716491357423,0.2603815642622276,0.9226203912705897,1
0.8448521478264437,0.4510821448972177,0.5675373670258949,0.7599287161610218,0.2595646126317133,0.45441176391129334,0.4490903571444135,0.5853696635730359,0.7717537109031977,0.43025946556307226,2
0.37866532848820933,0.6949708790307553,0.06236532483316661,0.02830179115221184,-0.01122568787027145,0.6793810695781646,0.741756989437211,0.0800520435884716,0.9773974944790291,0.9096351114748953,3
0.9031522354851513,0.5604366145920302,0.8022598561913706,0.09524497311814326,0.5467883671249109,0.5857576079320771,0.3443483624403342,0.21034241940661288,0.8319171564552407,0.9478871623185142,3
0.324497778982329,0.49086374056220733,0.21349449747489563,0.8489711233911982,0.31261912785524437,0.8124046447658348,0.4970522760638064,0.4756317669835601,0.08299493901280122,1.0017856751479102,0
0.8764532081934556,0.5546585266822055,0.31002113797702985,0.732790703500342,0.7815102789178474,0.7491999689287059,0.6810033471910021,0.10700150717529187,0.774494904964568,0.9244330008805182,3
0.2650452937950884,0.8652819777054674,-0.02582248773264488,0.5240950924795257,0.6143696465757549,0.6753388909029452,0.9495757394082065,0.25426820996202176,0.7414161764919209,0.7638172135730941,2
0.04591145884638417,0.10758338170948652,0.7377370177481578,0.23721564511911264,0.06583533373632673,0.34469629601000357,0.6176712494371575,0.4637136173398181,0.3640929164715865,0.38571660832956134,1
0.10467818941659698,0.18427031964816784,0.9322406344313493,0.8220948905221741,0.528704888300906,0.9307756472084568,0.26624367102105734,0.5917750950427754,0.7115958597864123,0.27537839505155315,1
1.8598792185577135,-0.1371927378108161,-0.02741644388502784,0.5474458441031196,1.3441056416303183,1.2233791114414752,0.8294724212955031,1.846461544299598,0.5682274295601395,1.2823525855311204,1
0.08444238767874017,0.8375257059893114,0.2882504284946782,0.33542119196997683,0.44797496321995844,0.8301786461525538,0.8543802441780357,0.6438150350629657,0.5662989139154364,0.9488556639903235,1
0.3316304443294757,0.8780718198297673,0.9763599510596166,0.6003683959677181,0.04883861440943996,0.23989949699803628,0.2259448783458596,0.7753450065840652,0.08453246275394176,0.28706147127943443,2
0.9753544157678468,0.31263265341119195,-0.2250587008870904,-0.1869439533184964,0.5694311840616866,-0.1174687155135096,0.7621819512234647,1.0328010093890414,0.41417253647476515,0.32477858137458404,1
-0.2839243478002458,0.05187943337086587,0.8831579009190736,0.9135079153554988,0.8658860503711208,0.07453161712628198,1.1036214833948195,0.9287999282300871,0.9353370182991356,1.137193547498689,0
0.7607562360380702,0.3594782768735431,0.8917308868165671,0.7077354199372776,0.5594508687981746,0.6422818092306103,0.03478886402813386,0.6832776241624291,0.8619204799404767,0.3672132332697568,3
0.3285284666506984,0.2181110685294283,1.007364447213099,1.1080604409020762,0.21557539373390772,1.0801692190134666,0.23035042730176086,0.7511318799803532,0.7414386262456798,0.9812453272479528,2
0.19136914941738867,0.17108642356089698,0.3247862677961957,0.807735910434339,0.5227164677170807,0.785051478503633,0.9592132591736652,0.39784212436308874,0.5917828270844774,0.4443014103546462,1
0.6087043796371338,0.8837010530190851,0.008530594433400972,0.06803101640591971,0.4062158163145514,0.29970845084380615,0.14222484868687157,0.4865987430043277,0.111209464223537,0.9309036223596311,1
0.6840421215531762,0.837824445704751,-0.0275138752316873,1.0879604268816931,0.20152172707179208,0.9863858729337882,1.0279904229528118,0.5634645745999072,1.2053744048300452,0.4996660280635788,2
0.6914673369259781,0.748330360875483,0.8177810197963261,0.38619799039631575,0.6423406251562684,0.6462104353081337,0.8518592025916178,0.13727580995234112,0.1370344406156747,0.2666879412323515,3
0.4107589340768501,0.37612399881868286,0.5411121538978785,0.8369360139208164,-0.01670185547437661,0.517345677241429,0.37094454328556753,-0.0906233973908552,1.1691737761347685,0.33090809185144554,2
0.636121789317279,0.7043525521125507,0.7548581383038799,0.4323367636860446,0.6443503173950414,0.6721195530887715,0.8655410819643024,0.0937014137255712,0.18403809536406018,0.3177809084520445,3
0.8702462093490925,0.4279022713356051,0.5573188552021014,0.6539885961270355,0.2631376029414748,0.22447655707877395,-0.07202215577871218,0.26752421999502973,0.2045458213259102,0.6823276717755857,2
0.0034197371714757563,0.21368498122713814,-0.1801623779476042,1.1131594741711737,0.6085020598699409,0.8074608247398805,0.3045902968562505,0.33608973951013377,0.13117511962127038,1.0444097815874627,0
0.261174147788786,-0.1542843995637425,0.004005617428082642,0.6119873228979944,0.8119140962399581,0.8153558059381285,0.6794573717012762,1.129019151728376,0.2470189393812492,1.1295312029213482,1
0.6382197202479383,0.2346094416545409,0.2973417623420807,0.18782599216930057,0.6893345235836787,-0.08440406392415961,0.5638806266092599,0.8099533603268461,0.5877935236296561,0.7256864168729514,1
0.33588824979679555,0.7826878669499934,0.47387060029931816,0.021964273849120808,0.13473579310765818,-0.36116091757252344,-0.21411731400150097,0.4702470940684784,0.39542015151024656,0.44796534899710894,2
0.8586542984886106,0.9460387622620965,0.02195913364187476,0.8459603296142194,0.6400741943614184,1.0564105935819714,0.6462610308395892,0.4302133824636283,0.16071804871303177,0.2585401617711409,1
0.030367463157794275,0.24283137872932561,0.6997730143511284,0.007055139775014617,0.05152112507136826,0.2712864346195077,0.134789594246604,0.8831717925963247,0.4755561915936628,0.29543861452864084,1
0.23409154617679315,0.9499954124481933,0.046558441695118274,0.4509660668314133,0.6683342299840974,0.7585612985611428,0.9674750758026027,0.20191031943750487,0.7610508129548782,0.7127549420389361,2
0.3214875750717973,0.8667338402945752,0.9820817383459779,0.5917020107448343,0.05237462903801355,0.23316508661817023,0.2293792319519302,0.7770207256251332,0.08508146718229653,0.28994095969961153,2
0.17235783825876685,-0.029258986505045464,0.23593882876998334,0.6236264455769227,0.5904346766934196,0.5879325305452369,0.7293328912753421,0.4085881024456955,1.0413577915693724,0.7139348149959508,0
0.23316546983606898,0.902622058362731,0.05187911156094885,0.47002554904976845,0.6406485296118134,0.7565134918882253,0.9435002185510418,0.2254110787612113,0.7333779693579677,0.7384339498002939,2
0.8777625299367704,0.5713996762715138,0.29118228068352847,0.7280766302996093,0.7640647386599422,0.7389579668104721,0.694997834195167,0.11572814555596589,0.7523705044444775,0.9337332601381981,3
0.0027244377372951517,0.14766998965441888,0.7148819548184597,0.2935616554023916,0.12979415258182364,0.26342175839580384,0.670083673231712,0.40109303619021275,0.3062594570383585,0.4749718100143397,1
0.7512670221241473,0.4204843225254185,0.7164406403222237,0.31329193180482956,0.6882100607302388,0.522391382680134,0.6285381866881902,0.38390631270968295,0.09057421910737955,0.21596669490201967,2
0.34627311799756444,0.28906630690605994,0.44067008503577954,0.7083182978618777,0.26642920782284407,0.30569554245711633,0.5621437707492708,-0.03565931554817217,0.828469221595729,0.24391026852530917,2
0.4821019129049052,0.05625061657731061,0.13788497893196439,0.8841163277516257,0.5394193515308319,0.7102188126516153,0.8862966708543741,0.9809957683922369,0.34591365806468233,0.8819817938301713,1
0.16686462459903284,1.0001118302686258,1.2527253609695814,0.16479370150244904,0.6583869971603581,0.6922265240645628,0.5117836314534494,0.8381456772410827,0.3767327797620414,1.2963979531253385,0
0.6278508601817755,0.9256948759199095,0.17906595260112804,0.18736597637831534,0.7118526882052066,0.03637063250769652,0.2643400618162695,0.31782736667846895,0.6387075431537912,-0.011471589401817774,2
0.4772082668984233,0.065946093649285,0.1335263817347991,0.9033179096176176,0.5203377802362753,0.705563565655511,0.8873793450509637,0.9753416076118102,0.3458264035764565,0.8796212735831477,1
0.9154157656497884,0.5764768161278419,0.2953603045453085,0.7555687774798497,0.8202747419700888,0.7482106300115203,0.6599121952094219,0.1425155469159831,0.7607047017422978,0.9429932123280094,3
0.27962642629208945,0.10591088653477773,0.4427546412045048,0.0859063894586552,0.5441831825412431,0.11891352569886267,0.291371579877669,-0.20770031737350259,0.6492246069712924,0.7906275399316431,2
0.8524772094849707,0.21856486237984102,0.39549718160777586,1.1237657768439466,0.6561745626575617,0.6435706656161119,0.7099696789064811,0.4143324181778856,1.2053897445915374,0.3986749237590377,2
0.9259984063918119,0.5668427056036263,0.7527513436434378,0.08833104346828012,0.5415439270203249,0.6414496992112372,0.377566498440288,0.20775713242857488,0.8323560309512162,0.9674361375187687,3
0.7838064812383643,0.9511776853173619,0.987785671369561,-0.1094539660024586,0.7658477047185087,0.8003511136235492,-0.5320016578000202,-0.26494829107739515,0.006709903846648796,0.6262646683688129,3
0.9549316231048443,0.5262348913581127,0.2773744342233914,0.8474755841588777,0.3319381495001785,0.7286698984431739,0.8460294364585672,0.47419568110922605,0.962894324126436,0.2767007719263072,2
0.7736282347891632,0.2981622408258706,0.42960582504886075,0.18422964712866013,1.1085033938716988,1.1587456419977382,0.7213505238664575,0.4931049277428546,-0.16994480365016051,1.0764172366535145,2
0.2949678506471052,0.3881794110754005,1.0149433119997449,0.6415541644042405,0.40983340257829554,0.7480806785941692,0.18659938027549744,0.6799784836878866,0.9467838347265272,0.4103107743468496,1
0.5402796292854762,-0.3418736438085614,0.6351553346409886,0.6783102153823989,0.5964721133046317,0.6019921290709646,0.41758375381446633,0.6876415456401397,0.6032533109783809,0.47628323065489886,0
0.02207328360517163,0.2516091805257272,0.7066663968141385,0.03299377738348712,0.05499279679516335,0.2678322607624731,0.12392383620262235,0.8818296757003633,0.452597369635127,0.2868920055574293,1
0.033571378806183376,0.23873382478187138,0.7002569444485964,0.01873814681882789,0.04383078382933584,0.27974042636354657,0.1292293911936056,0.8696983500567076,0.46592417286248206,0.29287157148116005,1
0.4508836878412938,0.2948164519331403,1.0517983904893715,0.7401367629428305,0.5121344066075847,0.7030738167474205,0.4446411977154615,0.3588636138242059,0.5792811955059558,0.17494236873882604,1
0.7661537277737611,0.9844875880537788,0.48355887754361737,1.0198190517859322,0.8525491098363702,-0.11512632731349193,-0.02981384589906988,0.38508945606663775,1.458762085328822,0.9341844326581525,0
0.3306040570282251,0.8861534897561973,0.9391608001086703,0.02370718384355524,0.47880547195516227,0.4435052200893172,0.3709629040564025,0.7893896813784371,0.36426668655083577,0.9481240969019501,0
0.36389471290464676,-0.33015372087867123,-0.026998944269478062,-0.3329504658130262,0.8786692053578448,0.012420996170341814,0.5000221977299334,0.11538126602143539,0.1493716827372319,0.3276812033556288,2
0.9033211937679246,0.5527103549939324,0.814620242012011,0.3505038317952207,0.8084929764881202,0.5493699228464218,0.9443479221873982,0.29848930868988743,0.29223387036098414,0.3410433406495858,3
0.5463097207779799,0.10186344242754777,0.539727044793894,-0.12535490522402346,0.28346959537092353,0.7084717179228237,0.42367354735912915,0.7999277375408335,-0.03225939564703989,0.02565963741748356,2
0.0729108739055126,0.18509468337094412,0.32002098296018494,0.7140327819398039,0.4841386537368207,0.8548475052022683,0.8604926553706992,0.3701288245723236,0.6755897453259833,0.49588059579130644,1
0.6647534304540765,0.6607142962338496,0.7915518493385619,0.4107125460015448,0.5985052397062471,0.6958340901581177,0.85472592124816,0.1067715794831731,0.22928823938539938,0.37821702483448455,3
0.6860433729261145,0.7857783002377284,0.1813912552678919,0.1865344098572708,0.8649756772299596,0.4318307178899063,0.25440659807019717,0.44393302035286863,0.037125297021963106,0.4155191460576346,2
0.32965178535591594,0.07614541089903767,0.7330792579568394,0.638236819940371,0.648548504797959,0.6428195230542924,0.45925192915410973,0.2845807148800942,0.49183323226202713,0.6992642732053396,2
0.967320945012395,0.08107466820132816,0.5742423289631733,0.8360165260799666,0.6665408856384213,0.34650898869203084,0.6886981170152329,0.24787318531321906,0.0649226758114078,0.611275818328047,2
0.643203843920066,0.8781344434408347,-0.0208142095954207,0.07189926473079428,0.3576010408864265,0.3410038347281045,0.1194023414597824,0.4668403761520975,0.1141278346907886,0.9025486946237882,1
0.11104285655257162,0.004359755212695056,0.39873659954521473,0.8443093515174975,0.5349487462146509,0.4644427046438686,0.7617250802872608,0.752962552725579,0.6537878582712247,0.45984685878477977,1
0.9819810221885598,0.8211409705374729,0.29173430368314357,0.8316887713834259,0.23266802031522524,0.8671918193322837,0.770458049969813,0.06575265672634864,0.7549118371036398,0.25775528951122395,1
0.2806317829374254,0.07569179918423292,0.20955677378066281,0.3114258507253407,0.9615400876338044,0.46974141380140566,0.18664908255821533,0.6480341277801196,0.4932851806272791,-0.09993015994620802,2
0.6571857078597074,0.2257966672209569,0.23852887435197412,0.2958388134294234,0.5622423533826325,0.05217034171180259,0.5587782668567647,0.8033109403552314,0.5406285519835494,0.6480852314292181,1
0.9846640273783107,0.277799028174082,0.25005949742518807,1.133259406797178,0.5539615696303829,0.8415460326485814,0.6027965041384686,0.32270836990482454,0.9642964248492936,0.5773515704038971,2
0.3833301366204102,0.302361676979611,0.41887882328460335,0.8032089613208058,0.1818503449852562,0.4334742167252474,0.5107209831784473,0.13592746267499356,0.902425666374878,0.1182382778175408,2
0.6975875700803413,0.07991938084000857,0.5750648056694894,0.513192587481656,0.4797786677603052,0.09909221349472933,0.7178854307725177,0.5441991242360763,0.04266588027240725,0.59056938453121,2
0.46108175522358424,0.2930699382587393,0.3670938468571615,0.3711418520938084,0.5569659253136909,-0.043527368496427965,0.9604480202739768,0.4923078695137152,-0.22023373132758936,0.8269734300096894,2
0.3498421251401872,0.41331751364253777,0.32528849985161895,0.6702780929330252,0.21515337478796356,0.40120796503699296,0.5304420598512752,0.06770181772055081,0.9754010173061016,0.18830095047037626,2
0.8396199187701087,0.7047861327658784,0.0940991274208478,0.826977244932774,0.3574307789085912,0.995388218300457,0.6730061833234425,0.20235587198496188,0.8311076068321357,0.3021595589481904,1
0.8509208727838314,0.1602656554853802,0.6756619504226075,0.9123265300848408,0.5838070886848886,0.48326560492098525,0.5669874556754088,0.2566991711500332,0.02128787171282588,0.5455792293109727,2
-0.10074844642927538,0.10570325406505766,0.23298550209358743,0.5503204321386439,0.42452900780115577,0.6135564453070094,0.5643602267910673,0.5753885233122225,0.7853923818726671,0.6820662758856315,0
0.31688051401783823,-0.05851145328548574,0.3572436981461358,0.252784678625643,-0.12898805454674878,1.1631071524620449,0.5122154937899597,1.3756420895850006,0.05600210464656141,0.29873306214014284,2
0.2957819919879492,0.7343082911758545,0.1121357862899948,-0.0978405098395973,0.17391804071708744,0.6148168600026255,0.8068904300801186,0.14630074894915998,1.0640028997380127,0.757492898057633,3
0.16358964250251912,1.026767309917416,0.5613079957553548,0.5747055364439682,0.30672095221059925,0.618006083000209,1.0044501651862248,0.6622600477241203,0.36677353453312406,1.0283622969069879,1
0.7185043538087776,0.04301513374236832,0.7671971384363213,0.020282801247747256,0.6459982212666201,0.13701165923032294,0.19973784768987157,0.5659715143382343,0.46795912022886554,0.7832317983966964,1
0.9016663435964459,0.5165590607073394,0.3400624323019202,0.7004915206433089,0.7797870411181189,0.7533302400714211,0.6729276752031276,0.07804325795549708,0.7834038122958542,0.9304615926468521,3
0.020280904329411792,0.24306018188925435,0.7015673913040311,0.025578288185526134,0.04066557875335644,0.27801855319349195,0.12148233657841656,0.861625118044696,0.45856637130689165,0.30173109845179297,1
-0.014033196444445936,0.7480986712443708,0.3453500699943502,0.4532869974345777,0.4723159453296381,0.724962282679242,1.0912740509437224,0.6916345275058629,0.602719803851657,1.1406036119800482,1
0.030066895536366798,0.23480860042905757,0.6996172876124145,0.018623012883799018,0.04588894461310319,0.27687473676212015,0.13165192871775722,0.8663981379966555,0.4614072055381064,0.29740885634386177,1
0.20585609994715587,0.9420743100030533,-0.02696524734198946,0.052576805867681535,0.28713771314331804,0.40593376978532075,0.5379292940373532,0.42333633863798603,1.3198587938233004,0.8385824601380486,3
0.5304721031296272,0.17637694822763159,0.30743431869312837,0.2619486407117742,0.4881462711355893,0.10663262848730244,0.4904224803677827,0.7364989188922021,0.538397047476823,0.7070942997436039,1
0.6187498585074036,0.7808523888356389,0.6340613557803101,0.6477258491970297,0.046476830533106556,0.7341734226517032,0.36866329055207137,0.5984287633818092,0.5472583529165276,0.05273280895175404,0
0.801916978244896,0.5816814685672818,0.7157249520835729,0.2986101027453949,0.08957802914404833,0.8062766532241281,0.930234064767907,0.6410811280084138,0.45465992000975475,0.7859967987529288,1
-0.016932325891918676,0.18079344823228705,0.3922959777773516,0.720677039026376,0.4507685017467032,0.5284043973832023,0.6943724484343002,0.4003110958768808,0.9668379473737544,0.7650197990281805,0
0.5233585170961499,0.8960925365675654,0.19162150093478802,0.5307252929546562,0.9382157112451684,0.10448834988163913,-0.1249390141767602,0.31207505033685656,0.3965935689282141,0.8207891498822792,1
0.3236903990922768,0.8651654043915862,0.9778283755943744,0.5887930370994565,0.05427268436044862,0.231379555770431,0.21679450521660584,0.7723469708517585,0.09039192838001243,0.2981113043035545,2
0.6737930092897071,0.03715065164707383,0.5712970621614438,0.5478691491200596,0.48562637572224415,0.11606452184930471,0.7083581667677141,0.5821849832636647,0.023099701883425805,0.576882611892578,2
0.8639647764076996,0.590187428929102,0.26619617255078276,0.688020911573364,0.8155533624365138,0.7764913035450204,0.7005501686549844,0.12540373568065563,0.7704026888730222,0.9341701040909351,3
0.02447987605103285,0.11333896041924689,0.3069599810043381,0.7331763901471767,0.5744623981466166,0.5482296525861707,0.6270111344093273,0.4176047006743198,0.9421672932531879,0.8087024667217161,0
0.29707473259307016,0.9020362060955108,0.8085065767503313,0.101526789298585,0.7825901245202995,0.4778907922058622,0.7879501917164685,0.6634689509170857,0.5358166373455113,0.714555700867496,1
0.5632203845385312,0.7623592419772565,0.645073934241839,0.3900570783281083,0.23984159226959653,0.4118950619277713,0.8697202232695389,0.6785715965794916,0.3581136755390388,-0.1749800508057654,1
0.4204783080187738,0.43064961992783907,0.07013640417791178,0.8491106156421724,-0.10646907280685264,0.32692820740802186,0.4504603292733494,0.15435014668769403,1.1011255812569511,0.34058815125665626,2
0.7502131561302602,1.0758695202387925,0.6191111686122033,0.37711303636035653,0.11622579599884206,0.8559530478721937,0.460604096312102,0.15802924437983656,0.42897960783635253,0.8659669342545036,3
0.537480368382613,0.8419803396440084,0.3261567386980277,0.5364115499550188,0.7731883740219391,0.17834313741483407,0.04976921520028743,0.22899878545517002,0.5550903795105814,0.9007081348426983,1
0.7115115912137794,0.842672101589245,0.18868413647233023,0.1951589012778512,0.7908192744057102,0.3468797895490331,0.16623900778559164,0.5314879689149381,0.049450903649269656,0.34822989143790173,2
-0.04531491050605052,0.9747598967568709,0.4685662571638556,0.5892434937558989,0.67107418036708,0.8292417971405293,0.785422935071767,0.713774700308302,0.47669552280994076,0.8261114728295317,1
0.16624996862312452,0.5102968213652832,0.40099832590669293,0.05718818266385815,0.96630849938741,0.7652907634131726,0.41480764190434405,0.5893220485120567,0.5091563475097726,0.1550135258773594,3
0.2407594455421318,0.6960601274698272,0.07560465728785208,0.04568869554088334,0.15019236499422317,0.6916416221464957,0.721514406531681,0.3599571332658039,0.9877560980486368,0.8763110796760698,3
0.32665669055284596,0.32359772667955816,0.10582846273725069,0.6840271354832501,0.46713223504164453,0.49266919136731857,0.8885712038319813,1.246582053561155,0.41809057263944355,0.6202952297813789,1
0.5000092681686854,0.8353481058787604,0.4305262720868475,0.21972134743629768,0.5088026444879329,0.7146574012530742,0.13974773302128957,0.39493449011724696,0.27549212823877367,0.3265623590343641,3
0.2700517575641599,0.3885395487382804,0.3025851610706555,0.6913198771036787,0.24509605719761804,0.394246075081805,0.5093710546619123,-0.0171078837996579,0.8300855004181987,0.3221845910703331,2
0.7008130543916332,0.603363696050265,0.8172831490694855,0.6355339888298622,0.22004500078690492,0.6544473640970868,0.3232236057115555,0.1668708932351658,0.39877070472858284,0.12568715449367907,1
0.5543303161685189,-0.004708879352553971,0.2873257860013628,0.8927839384445417,0.5331709761001435,0.6764438266146935,0.8435322483062846,0.8924677375102023,0.2683687596227256,0.7713351237702992,1
0.7761243112211244,0.3245539261612803,0.7859208673146026,0.6153387484112597,0.6462852837134342,0.69896897146425,0.09938819182924499,0.6802656693773017,0.7713118861489234,0.4468564676828377,3
0.26209580439615104,0.9708554671638704,0.10048912209061059,0.4672601616725361,0.5838873404028164,0.7710241738226934,0.9324775970593071,0.26502064875411535,0.7887020602407497,0.6968920726791127,2
0.05601017883146735,0.7752782637519688,0.28931004832560947,0.5299270353541943,0.8948823434666716,0.5878953020417421,0.9335220436000546,0.6596644899233348,0.638830120364682,0.058253333694410395,3
0.6046446913799387,0.9154887831320561,0.019021633838558486,0.07781943778996413,0.3891807526376976,0.3374881545980696,0.130486583721164,0.47851595616297443,0.13857842741475915,0.9109252867166961,1
0.6376992087890369,0.3298823083937418,0.3233182992806492,0.9601681965178702,0.20239348702793994,0.3615720127722777,0.5254774101953138,0.5696809413170884,0.6197920289400443,0.17744992078129032,2
0.04566018019543149,0.11300993700654448,0.7713945977544425,0.30996150114999466,0.05877263796116862,0.2749076593334315,0.6376468663463296,0.40550724684106987,0.31241692700373613,0.4491802096892475,1
0.3927029864751332,0.9313061734744531,0.2775051098852028,0.09292286364183555,1.0204950401375206,0.6751368047797859,-0.1043083112260079,0.3210770425359949,0.0455836777593799,0.38430987141442563,2
0.3655789709783852,-0.3642952097835171,0.3559265327712531,1.3365129557200057,0.836534223344415,0.13029584002161415,0.6990714401871698,0.4170576414379088,0.31960635044156716,-0.013044524856548945,0
0.25559004109915967,-0.17834074998256888,0.7605397724181958,0.2350395701910259,0.8962947343242765,-0.24517814364375928,0.417727100892591,0.2295847768339795,0.44250110306224616,0.5277990916197164,1
0.3086128190201951,0.9528185220548797,0.008266004210109992,0.3715922799593928,0.6364632407204941,0.8552297392774995,0.863279835257105,0.22632309930048983,0.6709363639174138,0.6797028250405157,2
0.933737014052228,0.5708997737087382,0.7657769286968293,0.07412585297907423,0.5468207362309628,0.615744594001388,0.3780987840147787,0.1972777139996585,0.8158002981965645,0.9802905056721952,3
0.42598076216113423,0.5049896875122758,0.33298857295892903,0.8078758107574906,0.06507072290085139,0.4653248940612128,0.43894825451024777,0.1082489551840418,0.9621732499957598,0.0998921347130403,2
0.625502288758754,0.39966845157969305,0.6503354505434461,0.08002578417583878,0.8353197261195013,0.3262153726912663,0.4695701917414653,0.48336082917230766,0.14738788774572725,-0.07326398712339066,2
0.7609965230638684,0.8820807205504598,0.08371006228984632,0.8729907450694684,0.7058927733362379,0.9698693149591009,0.622892195738468,0.5482755448174129,0.05550520811375103,0.2815118075717842,1
-0.24315049719838366,0.1061210496834547,0.015330608866624573,0.9772754695220609,-0.24191911850342274,-0.07378508190612837,0.20780889651152962,0.5735968748673268,0.8293915998615803,-0.0371947119029582,2
0.09727596756341719,0.14356584931188932,0.7202246642287635,0.24198341115665384,0.06272455790345634,0.2537225719458942,0.7012638645178233,0.40397366731976486,0.3614728997056804,0.36375209834111666,1
0.6192841091866086,0.9356541755713024,0.4100686267610376,0.19804108018399838,0.6960629353380502,0.22846000962816615,-0.008298260954738235,0.4807909356019709,-0.09193677649425133,0.3378137927832456,2
0.9070994046122581,0.49815333709382503,0.3953746793164511,0.7003878762186421,0.8146009914877324,0.8366999156882393,0.5832497476779628,0.07691155365637506,0.8142150516149279,0.8780221456714328,3
0.33910802151872554,0.7060738393859799,-0.059612958523230467,0.08996833710034066,0.02872532906849451,0.7439944407593392,0.7604215700970242,0.23359489305441128,0.9392628470766299,0.9560380696214477,3
0.87586677715397,0.476483152107372,1.0788999492659703,0.5741895766150331,0.39174161513364897,0.6487370619943408,0.8404462092419156,0.6792121614202409,0.27760937131730157,0.09568016760122694,2
0.6237636575830539,0.6851791152393932,0.7557608691336075,0.46485938753266454,0.6345704556133429,0.6571820306392787,0.8678390007757466,0.09901490591844216,0.17372711275027228,0.34964798876098335,3
0.720624100767177,0.2978117507184278,0.72668114472096,0.30102450880332765,0.6101972604553433,0.5904147626098756,0.7443941306063219,0.2684445273566512,0.012119582157571973,0.3182485966723335,2
0.8352103794552386,0.37354603847454154,0.6025552429843282,0.4488132664229228,0.2590529271648129,0.2879798437095499,0.08479379370363983,0.32592056439667727,0.459747301034915,0.5986281816772214,2
0.27231996501807126,0.48652952280069106,0.3714285445999169,0.6229270224679895,0.09697652436710759,0.33168354456305255,0.5025258961338147,0.14561114156146104,0.9909094939744212,0.25882998732820517,2
0.2963864733347428,0.5775075327605445,1.1507697212565764,0.5092821393612097,0.7351204982013904,0.9118942028231508,0.4373374610502208,0.08101309518332678,0.6184985279181949,0.03028094644636775,1
0.43746268832534474,0.03723272197573141,0.43650476988332854,0.2939896711711076,0.551801375164084,0.1733100895496034,0.6311570900864005,0.9556174131212306,0.5425136326844443,0.837500384472318,1
0.77314103873329,0.8039250717305232,0.17170523992710646,0.29993446434357096,0.8041074694409062,0.5319035860859501,0.09004133361160081,0.3122250261675397,0.08382957224739394,0.42434460711763267,2
0.3267221106082845,0.8694028781724155,0.9808508644564262,0.5954289047426343,0.052543536867098034,0.23253380957457462,0.22766301315201154,0.7790848336955967,0.09011794646643866,0.28689586492448504,2
0.36463609477701686,0.032009159016187394,0.33710113752400483,-0.04699621316960728,0.9394914897336681,0.2870182115763136,0.3179586611605,0.5274707326153467,0.6736880553230087,0.7115455288274996,1
0.8430170028346031,0.670607878336765,0.4709072186605017,0.8123270475442589,0.373696548928568,0.6038951906463534,0.7909427514235148,0.36257307072861955,1.2346431436677725,0.07556129796298841,2
0.06349464296652196,-0.3742028294482358,0.8204940692854393,-0.21609917569815307,0.9780200775488955,0.909911540951519,-0.1918522321452903,0.24301496669289865,0.3233437483539929,0.8223877968590103,2
0.9671357871722688,0.5691207516455715,0.766790840429507,0.07710452389805705,0.546623354614041,0.6536436643158665,0.40078847939026574,0.21517248274703996,0.819017333160561,0.9764863638641321,3
0.8188935835638804,0.7890080659651955,-0.006251841710213771,0.7831614050779654,0.8287858761168042,0.8384552718792674,0.7440784436152753,0.6523344082142101,0.13048078438656852,0.3924667239943158,1
0.5757189134855464,0.29924953158429923,0.26510674361971365,0.9751400958450217,0.19263076758157,0.389243698510066,0.4636314285050634,0.6437065135744932,0.6673498954511764,0.1820491801213669,2
0.2336298237903261,0.13972056241750128,0.2934492780956534,-0.12543093906493144,0.44261116658654526,0.3081615864831923,0.2997758421066309,0.15303881569660718,1.0293408612239114,0.6888596463394577,2
0.10337124611226645,0.567765983065515,0.5403312804178166,0.06706652329218164,1.0369589061436022,0.7004073983398096,0.44809798842367465,0.6232878978888743,0.34341093369996833,0.10591130718337805,3
0.10347781230165784,-0.7806205983083665,0.09359921871147221,0.3454385169106358,1.1493926738565567,0.9691968351652435,-0.14281778758697228,-0.14262678156644593,-0.15534091959883045,-0.3889176537114547,2
0.016634562030698057,0.8041441986742304,0.36962432773674975,0.5794008232701213,0.9192727825263041,0.6538119428888514,0.9654062727412258,0.6571064932806224,0.6324223957415105,0.13582899337659918,3
1.0566878389416745,0.19449204743997067,0.5408550059586732,1.0405692268763849,0.6990909571588266,0.18689485800413788,0.43261667453861496,0.1405311352474067,0.19077866020616358,0.6577473390038109,2
-0.07299181684871986,0.8918376141277902,1.1135847817528304,-0.04494056278288813,0.46408150810506144,0.4885490513514452,0.7529209612239365,1.1747427303386468,0.4048443290879397,1.137819291753075,0
0.041159501818001716,0.22868077875743462,0.7052195701576719,0.010434417663538469,0.041023670030620255,0.27629367195415633,0.12835644301393423,0.8606794385165083,0.46468820941993355,0.3066528818920502,1
0.8957896591855395,0.544668739854663,0.3569892621483513,0.7015137107375109,0.731658424490184,0.7236206317180146,0.6853599091515953,0.13045792922598398,0.7271993803212684,0.9684563369605039,3
0.24749720201955328,-0.04547033800484899,0.019042331133925207,0.2554113226287664,1.0648585472186167,0.3058592038579142,0.46744293049384084,0.5737695169391884,0.46755209539513154,0.21306517938334107,2
0.06413998720840296,0.7826328215001901,0.2440994395179978,0.4558188676880585,0.8507181872963068,0.6467407187375843,1.020436041430315,0.7004796575721602,0.544331922085224,-0.0004512849349357084,3
0.3942116414648446,-0.00428063694403763,0.0426682904754882,0.878480430650287,0.576967341223513,0.774493813807963,0.8977935536979245,1.0572303607504505,0.30750918586156384,0.8647128913730681,1
0.7115065309958999,0.8675679010971254,0.057082077413532,0.8516264473851888,0.6951430402611601,0.9735771085810819,0.6258432704399708,0.5876882683885069,0.011663177976625139,0.23881181669309287,1
0.10021285227203389,0.08860464401877932,0.6979739692453737,0.28028657136742297,0.08964664465796304,0.18574198051380197,0.7529167934948584,0.42185420221337927,0.3507268848734903,0.5075775881237262,1
0.770630401512125,0.40724425167887107,0.8763316404355505,0.7302118476396251,0.5248779015251177,0.6043570440413961,0.07932921055632433,0.6907026482220854,0.8575049073526662,0.4020867773685665,3
0.8512944418266641,0.2975656673267838,0.3361622977765126,0.07265324119100702,-0.11527721309205997,-0.08532392771164593,0.563059806203352,0.846414386209565,-0.031008024632821013,0.6184030786536401,1
0.22180431347919727,0.6673459679952264,0.5871701863648295,0.9745332680314582,0.22068555067632595,0.41152763854344615,0.48872294257691545,0.3291129424480066,0.9579290096396056,0.1149437759142497,2
0.044476555195604686,0.4585149158070643,0.5062958161741002,0.7877919091768858,0.407012447597975,0.5414382184810087,0.5400401611848697,0.8468484314280621,0.37440102159102634,0.15553307828926294,0
0.35649819458321635,-0.032847022896174916,0.0949972000309925,0.9563007054779891,0.5834393555154299,0.6346472929416603,0.7654209112496829,0.9824012617807344,0.4349133055016876,0.9737285700609358,1
0.6416932296821662,0.46844088517214594,0.8246107832218207,0.6420199767703337,0.42521124463904353,0.707552984745849,0.0992596974491235,0.6048731915360104,0.9816963858501659,0.26902902824830477,3
0.3369942773977094,0.8149705574561912,0.207401232435165,0.13223103544272857,0.8554979740455676,-0.1330551365534892,0.2647426723707865,0.3048584786201534,0.7004560012232931,0.058726208128451064,2
0.9511184491588571,0.49901859238080754,0.3759001485372495,0.725921382432704,0.8166615610015913,0.7623693208781471,0.6998963366266191,0.04327318633365548,0.7987514942905671,0.9310225388407035,3
0.7237513867194576,0.3900710255096827,0.6938122782683294,0.3488581283181554,0.7086549897299926,0.5430910580632171,0.6559910870881672,0.3658070598198113,0.12570531315038547,0.20827193147540282,2
0.9318265989078807,0.4581411739513616,0.5706717392908274,0.8224431911562666,0.14427584277137354,0.7140265897991476,0.8763382497669252,0.7582660269021807,1.0184716130958567,0.35968296293444146,2
0.9757305319562266,0.5301343574721208,0.23425607636899304,0.8902445082562493,0.37321512439530913,0.7207931299818571,0.8307710322846074,0.4513742562635364,0.9833495859304314,0.26839966836595286,2
0.9061871549383834,0.07912066681421967,0.6961695508429724,0.6662603066243638,0.6490370858418331,0.43304232784495206,0.741019273793573,0.1762664968133286,0.3256317097201275,0.36660992074910476,2
0.3786205308183368,0.6525420352558302,-0.08927556526680476,-0.059992461642175865,0.0018370466375159378,0.8178747443509174,0.6537510195200598,0.263484500378761,0.9955401664760506,0.7895181772881792,3
0.7597377294427258,0.8929654793849491,0.09013678359206077,0.867014996453802,0.7054570797908555,0.9651530770250678,0.6198905782863724,0.5467192333468007,0.047046416410151455,0.2862969608444973,1
0.5203795157808927,0.3124284749193857,0.31441589447612966,0.9837558615002759,0.17397041232421018,0.3132842017574058,0.4213379525044333,0.7053652660903726,0.6933098835269305,0.26262660013828415,2
0.9500447601654337,0.33686470481992137,0.2676605415416265,0.2966757985934424,0.27506011512063655,0.4393158859030051,0.02341581696636695,0.1803601673212931,0.29082466110108457,0.8766836950131098,2
0.5944868659883593,0.2895301273510446,0.24164667944180612,0.9414893177517766,0.21868545401801395,0.3893780818679653,0.5006986951410355,0.6094776591369793,0.6334593599304736,0.15949249948559208,2
0.9370774560599168,0.5766508748580934,0.7637054554047836,0.07208447584256433,0.5378269182108363,0.6242961929577323,0.3719384967018068,0.191036233725668,0.8139122510746691,0.9697962715950817,3
0.6254033899858631,0.5353410294176533,0.49130884612778664,-0.23806612078178085,0.22387349544491777,-0.08379730756712697,0.4667317413197295,0.9052018945180174,0.20021865081321116,0.27656397778524106,1
0.9404758419768791,0.7447214519064675,0.26571088588970865,0.7736700905332854,0.45332106233219066,1.074417190007635,0.7864277179778102,0.027373277885225422,0.7507608879790771,0.4202617041602471,1
0.07821166623138953,0.3531309361878785,0.5490534030384498,0.7468430107583908,0.27269949352487094,0.5824477476067274,0.571270486680945,0.14298254778295505,1.0480477664299803,0.016518809435282195,2
0.6164415690137869,0.9155848875080592,0.018248498328063682,0.08879257136988122,0.3642724607064893,0.3288977212870485,0.14427859749431513,0.4889482936085739,0.14286635328859715,0.9272426605493879,1
0.3321128038110899,0.4104574855755664,1.0021614755101458,0.6090430770210539,0.3983044591810264,0.7565735995204917,0.1805463478628874,0.6355528818695277,0.927909082621331,0.3987420948531661,1
0.028747711979221532,0.23414940559481254,0.6893591283491551,0.03066699804639573,0.059615884068137476,0.2675645432097166,0.11273828835406857,0.8652158872534866,0.4736827780442215,0.2908203963947658,1
0.5385195087956666,0.9231387417492429,0.2142650087103956,0.18565448636323767,0.6836836016132566,0.3925724283597325,-0.004909484574164624,0.5076511531248428,0.02569417846475167,0.16286260161128893,2
0.1774300984388649,0.2423554049810586,0.3684307378966088,0.586427588804072,0.44632038867776536,0.7003075984441826,0.8634618068235282,0.24647121841350844,0.7129770308911356,0.42953949590411034,1
0.005581155701526064,0.17593884921286207,1.2383592830616241,0.6175283605168405,0.30794695709085756,0.7125469863346929,0.24847962170034862,0.5857636586115674,0.746754187436961,0.3597245342133619,1
0.8136081371487196,0.6091046977382641,0.4606506566036619,0.928917041053559,0.23566846526810797,0.5933225229324149,0.22994751034183786,0.6395189630052226,0.8389585912019693,0.5360570693977472,0
0.5554456607313191,0.12502519264749104,0.14166326829963125,0.9155719332101172,0.5695613192471498,0.7834962884522195,0.848873532539258,0.9334585394837895,0.28604307084560976,0.9339875579619452,1
0.8743316225422622,0.2259031214159174,0.5245405152093185,-0.17135777991113632,-0.2531821031282365,0.6419406107198663,0.572692077723977,0.5635944372325259,0.752153836831878,0.989551090058024,1
0.6819893774727388,0.023620412760109094,0.28974595069164566,0.4366860098499208,0.7514630473536891,-0.27284364311525133,0.9245925981974539,0.7727483333273636,0.8896915764264455,0.7581098731756085,1
0.46641090714110944,0.5885783144408394,0.8782296077379278,0.5869616585185936,0.1920033284915289,0.6889279833085975,0.19415452718466866,0.8253620572616686,0.4044464448233019,0.07708941614717577,0
0.08936749298128543,-0.4965651121856385,0.37698173696753456,0.718433701438506,1.332182587759236,-0.00904224341594595,0.3451548783894295,0.4173726310420407,0.7806439385835331,0.4285114078396768,2
0.1273126993472546,0.25327671021032044,0.31962932893433227,0.6919092063654959,0.42320339825220754,0.854668161564359,0.8052899576629333,0.39699034370245373,0.6124353791571462,0.4238923297191874,1
0.6774503277586448,0.8751361573807245,0.25273486143985113,0.23545136269847733,0.81489220397072,0.4432491690823085,0.23129583242382595,0.49960480755246617,-0.05978639971498288,0.20188503079928155,2
1.0093908556990845,0.592939256219387,0.06456498314548469,0.9226670607715196,0.3276165964847335,1.0518595345651804,0.7232496064915425,0.2865598105324001,0.8266652701766246,0.3877097769272567,1
0.5427814662858544,0.839836099931175,0.2803563902757989,0.5264584865239624,0.7965153753876489,0.1709819683650409,0.025377792196026053,0.19675305163051857,0.5714016901508038,0.8864144757209579,1
0.03798160728683742,0.9016661806872677,0.3395395476981686,0.443428469920367,0.48772183956692766,0.6734417993660148,0.9363702930000956,0.6413819726925786,0.5163025832896277,0.920031012638558,1
0.9354896256158473,0.2439150837693537,0.6059509020551342,1.0023499589896114,0.4128568801137932,0.5461300898320386,0.5753952107584432,0.4099710533195511,0.06423331088099538,0.6161560661912546,2
1.1805476813946427,0.823892786627883,0.11712290103966383,1.0702876016060552,0.5253319626856731,0.8708982149542234,0.7630003631820839,0.16702653301537512,0.6148825163270157,0.3868701661305392,2
0.3586246281023424,0.8680031296519705,0.09107171501706832,0.5647403624396263,0.7357492680712723,0.6881474120617442,0.9349461157145338,0.19445220834548027,0.7834066002788985,0.8371093630332838,2
0.7628325410147524,0.5591420130569552,0.36242322325490867,0.741525591820468,0.7844794712700736,0.6932979439213678,0.6718048126406236,0.1206269119563719,0.7340517895683246,0.9645794507806776,3
0.6416086050113241,0.23848075498650634,0.16627012017049841,0.7081000926862155,0.4999764892989399,0.8517127745789748,0.6695664732981247,1.1500170795389761,0.0594454938165101,0.8297139204052743,1
1.1323723827288015,0.1561447355751216,0.7450385013193142,0.14168232520818552,0.5256444566373499,0.15856606664292675,0.3967576908362878,0.29880807891448985,0.7376681741863111,0.7645100002596286,2
0.4895275616898811,0.7784246124410834,0.29290966831205956,0.46548334819580106,0.09566609768150376,1.0890526727571752,0.18309119488813327,0.33108993733852243,0.3136974339220241,0.5814765968368691,3
-0.049816239326364614,0.21469958230730402,0.8127004011433626,0.18756362656651676,0.03973873244262843,0.3142193474979258,0.5664649217637248,0.32147370758925714,0.2969301697839464,0.38739086062095945,1
0.027884221464587553,0.22779710624585942,0.7122628340943444,0.006769341958455903,0.04241969267283947,0.2780843291945295,0.11525833461066558,0.855949274035247,0.45857519927452395,0.3036024977201058,1
0.9253474981386589,0.19269038963183946,0.8695901737852326,0.13778508997463548,0.8200078694260713,0.8084510715384878,0.40466047715672554,0.14445657798496694,0.03326236550424737,0.29110275719106243,2
0.503498032448431,-0.01299790604557502,0.20019132263093814,0.9874943933456788,0.42438495554661715,0.765548631808152,0.8343976219575561,0.950872962322671,0.44058953758322233,0.9288321764482599,1
0.8877638979992106,0.12052055551423574,0.4734118882378132,-0.06941535796559664,-0.5310780521384463,0.029428116161201515,0.9663059237822265,-0.011023373915590384,0.7828836232139286,-0.11382015652233157,1
-0.3299511247181324,0.1546756194289166,0.21833053815044418,1.0393758398693365,0.45863887115157853,0.4848688422602755,0.5913912176614137,0.8395008583366739,0.6673903769479443,-0.03103202410579306,0
0.21412825951379982,0.3351290829912576,0.44633144848039946,0.9452677368089113,0.34794680132953676,0.47061777312988573,0.6730148324474038,0.7510565921408368,0.20757424271768024,-0.015087328049990162,0
0.0011578022196484516,0.973414569372135,0.9992951237481096,0.095863251377289,0.7542114158403073,-0.04243571598859597,0.5892843108190894,1.0522369115094201,0.6571631931011852,0.87224932720741,0
0.001239135013630037,0.7569348952450847,0.27231471863107926,0.4865912278410689,0.9017115642379127,0.5773336606249495,0.8796475186276907,0.674006822248587,0.5942879327531302,0.051927119136316396,3
0.22590176504638693,0.4724084842596221,0.8278224250510864,0.07539950016426472,-0.3242359057390255,0.2533648346068232,-0.19094954464990666,0.0863696629733759,0.43358720287829466,1.3069448806942354,2
0.5407193854568886,0.4396874900474512,0.9737689018326574,-0.012805940110390324,0.33081907599749005,0.6333340956986406,0.7581920836512583,0.286818072684947,0.6990157514781428,0.723531411433824,1
0.892453068395446,0.5393118346804855,0.7669334343177479,0.2317041812192812,0.10698499603394464,0.8048758593194802,1.0101859188557338,0.6956643944134627,0.4498173255729291,0.7463459164790248,1
0.5634309182405012,0.5522212841787284,0.8926857990276469,0.3046033093997337,0.5197131901210886,0.3754625155051958,0.8046091066842636,0.5005241090065248,0.2423948928737163,0.3174977385779616,2
0.4323868562128572,0.6231695995923348,0.781022955906653,0.5280393152869042,0.21274074342745986,0.5741405797264236,0.16226424688253813,0.7756148345599492,0.51405626212584,0.09685985163124122,0
0.7667436675265228,0.38670525443154874,0.43682293488240864,0.8493073157371701,0.3675109336266039,0.6345572468786326,0.6857257191859356,0.7346114250368161,0.5329865217820787,0.06556594060594151,2
0.8125349841880644,0.39712250132752275,0.6151845301720473,0.26479386711082836,0.6484151752075237,0.4962609927669132,0.6307604868891877,0.3354515427239195,0.15948568230692162,0.12674715542105602,2
0.08816907913167446,0.08066495311809681,0.2684677664373377,0.7362826322042441,0.3578612200345438,0.8506407228316111,0.8071318322854396,0.4198276752923985,0.6425038551337358,0.43812558306222465,1
0.2243554758392951,-0.09247192529135807,0.010501501007935565,0.03647423295646313,0.7089677725897308,0.3240734715939267,0.35351902425628834,0.4580479137604144,0.29664118831913966,0.09863126118053682,2
0.06222377255571257,0.13496541397391776,0.7546548778383013,0.31108651788026564,0.0820242597016946,0.28574141010951537,0.6465270521247305,0.40027885230799737,0.31334919757276014,0.4572354013586608,1
0.5855235331912811,0.8471805369776053,0.1525190946885991,0.14169920438618044,0.7678966115549559,0.05142309000674676,0.2789316660739518,0.35903366975801887,0.5836417740022789,0.03203191228672148,2
0.5832560644437651,0.254949715734345,0.45109009870056976,0.8947976475444687,0.4392788531626398,0.20213397712188177,0.10277940054295348,-0.22173251754920037,0.5888626415471854,0.5678809373404927,2
0.8913914211143382,0.9290023841372114,0.4590622750918856,0.1941101674432737,0.5711100206088374,0.9655605768117196,0.7294937291198331,0.212891421322265,0.23862902730526608,0.7323465361054224,3
0.8813085585237848,0.6157349069514644,0.3543637256645267,0.6418198143410024,0.8804610787803872,0.6371093754033199,0.7643291813205773,0.14975134590191774,0.876243173613477,0.9670329073018628,3
0.3206375356146337,0.8728267515078729,0.8964119476768856,0.18134598162337823,0.9085294034587931,0.40547418403592855,0.7090632739011972,0.7687126443545761,0.48992077912813187,0.7741921113625683,1
0.26351686707133903,0.37259456347006165,0.9607974724020993,0.5770615183044409,0.46316013357087016,0.6764923407021428,0.10299977817960988,0.6053307756459232,0.9749882848773819,0.46460636056516325,1
0.8751608810330885,0.5552776101326139,0.3077516719013937,0.7343018933671717,0.7836985108091286,0.7502142346826002,0.6847782663127929,0.10441789027994142,0.7729853219934466,0.927757494300536,3
0.9355394785757483,0.5789838979967971,0.7549613587290074,0.06821044861964282,0.5380641145730037,0.6164531521764123,0.37349199911682457,0.18312910369204047,0.8218755100443264,0.9773997815849677,3
0.21379729494178645,-0.07457838157714802,0.29206017386326477,0.7211816156898243,0.42715842665583803,0.788084956026254,1.139264335250452,1.1610318564634885,0.3758792589867636,1.1757412967486194,1
0.7451763920177847,0.03125079989435975,0.044239816899873885,0.49087205189955496,-0.13822511098435003,0.8356564185334308,0.16646968809335527,-0.019753328497275652,0.8134674747176123,-0.10910151616156577,2
1.0193071499636401,0.7272198570191826,0.6001818007571854,0.4058650827720293,0.16150016909273113,0.9332726969873367,0.7807552734321435,0.5928881953143541,0.22723302506461185,0.6147615506538113,1
0.306383412733608,0.17077442277698154,0.025532440087268987,0.46255674061397967,0.6525046487865539,0.40252435917507845,0.8380122554183344,1.2933349974154553,0.6221482794929573,1.1040255474063991,1
0.10342486957236477,-0.37778323661877294,-0.19530553311230126,0.05811311948052168,0.6257713062023302,0.2908151985412871,0.7871676588830567,-0.22773073899084362,0.6497935543288488,1.0216952383635798,2
0.9405863048714073,0.5355846910726945,0.8449978033540828,0.23024926844445234,0.24075489813035422,0.9204996056763831,0.9719911119338581,0.6986510316099029,0.38129565647168384,0.6968297958846847,1
0.3993503322907226,0.5720004611748692,-0.1640665862668571,-0.12832100484805048,0.0270464240278872,0.6630510891351498,0.8266991263732906,0.10570977099885359,1.0647717105435655,0.9168428772753553,3
0.052312402219168455,0.12363150159526477,0.7738777700536791,0.3061091739403715,0.06098443538563644,0.2747403255503889,0.6443459511710359,0.40870840277774684,0.3104158750396912,0.4444720143372673,1
1.1375518615889249,0.3369850261785656,0.09570563389603687,0.8594430776315652,0.6404430773860841,0.304911175281382,0.09829441624950269,0.8586962477931396,0.30446929059671524,0.45936253123955473,0
0.06864030960912441,0.4092050088681447,0.32653643897283036,0.15269494593743893,0.4209997520160496,0.2929629936760211,0.2795226406569986,0.4342222758917153,0.8685303679434904,0.8358202179365842,2
0.03954860273280057,0.07220316430260862,0.8428072669486504,0.3093597310591869,0.06772652573474659,0.2964467284081239,0.6844765955234455,0.44178512304943357,0.2857915968945678,0.4050516631023737,1
1.630363743707176,0.9050576990856123,1.312226812391891,0.5581432556352033,0.7015084721505778,1.2265094821629186,0.727535365420577,-0.3057341580301305,0.5319107248222384,0.7178328218999013,2
0.36167657436980455,0.11829602712160753,0.6440434799387468,0.8214869540011703,0.40947219630139087,0.16475744059911468,0.19521010879837075,0.31911987455840374,0.9634022463203351,0.30028177505570386,2
0.042770092685334465,0.188378082199178,0.31743433497378565,0.7118681961985024,0.4795712420181328,0.841940833079597,0.8400256932914023,0.3733699395033444,0.6892986314891427,0.47585984172560397,1
0.9816723258060809,0.13963906438031234,0.45415495032491027,0.226561510803521,0.01630672030341028,0.09498305332056792,0.5388195222178541,0.6826870112364489,0.09628226367160088,0.46360347146455383,1
0.37539301189070046,0.7464553014987003,0.660854411158209,0.12882931756707466,0.5676831886887993,0.23988442088613351,0.5683615596328848,0.966220958023847,0.306314908356293,0.9560107024472866,0
-0.026730506593901956,0.19500744015399651,0.2114607507511922,0.7795163923489544,0.376112534519635,0.899464001381011,0.8586960631573557,0.37960881598598756,0.6453657457979537,0.5687902493014262,1
0.4589441954684225,0.3944564470630826,0.5956719458261549,0.6477085797273054,0.601763602429149,0.8701714918727366,0.5898880734241685,0.36037263818577614,0.5221431876606262,0.6677203270867964,2
0.7659771204785699,0.6401813036477852,0.3013224433007362,0.3764644314080544,0.8012597208140352,0.27152513440547177,0.19893290174415298,0.388217504109151,-0.05440151255510775,0.1987925751552495,2
0.035240245615439036,-0.10807752507624102,0.4100010647329519,0.7234953520105424,0.7462540535985427,0.5240542719291222,0.6675990584491467,0.24254001848398032,0.7210157003404265,1.0300492057668758,0
0.7949862636832262,0.3735279870981276,0.8599226742100358,0.7244780938222952,0.5012495842010994,0.5978292588297826,0.08103535888066185,0.6787585657776468,0.8966469833342665,0.4123482364193465,3
0.758023545350275,0.22494320355140518,0.22924903112831985,0.30009750976992444,0.6503144716007956,0.02374925050895844,0.34423552712162797,0.5290763554251238,0.7076668191130704,0.6467460971152721,1
0.03165565293053792,0.8830147830441518,0.3428698899594168,0.28830325453142464,0.7310349101238621,0.9363032449663964,0.947801586863831,0.4040104939376761,0.4268849330712767,1.0338163460290966,1
0.7527387398118502,0.13639609857205826,0.2816148266550851,0.910325980930616,0.28416399508273454,0.34448285272195245,0.4137192605957589,0.8855958750834243,0.506911556793203,0.3117409158849751,2
0.9430961922428662,0.5740728695433106,0.7619619796436223,0.06881871233235765,0.5526176840988837,0.6346460248708286,0.36544657955215026,0.1795434598872733,0.8230589111184016,0.9581853895703247,3
-0.03091405088732585,0.5923253414272043,0.25484739759649505,0.17816246355007806,-0.10313929356704565,0.8759684274882149,0.9586217484956916,0.4422571757463271,1.3076801653676962,0.7284832613950187,3
0.8016039390632062,1.0545526448533797,0.43985904283864097,0.30798037590999583,0.47285995094995553,0.2867790342515454,0.18530409944583642,-0.003945927617223899,0.3336262129861433,0.40888222683175585,2
-0.03755159767981686,1.2356173372503503,0.25733107141352124,0.40230242834791174,-0.3742155194356882,0.8103607227495674,0.06301061444700967,0.041222363744114365,0.7664389298167746,0.8152934841312465,2
0.5974697962832378,0.7967697008683683,0.4163390319855908,0.4259005625484124,0.15444950959357343,0.9228589792225841,0.09434361470463741,0.18612933753159178,0.20650865644767014,0.7023409673080132,3
0.768376475221792,0.8609016850661619,0.07501094146141048,0.8930704045044205,0.7267259232023361,0.9897242095083938,0.621322827158652,0.5569730375942877,0.07201652824261694,0.25735980944511894,1
0.8229626999832373,0.7299554565657855,0.19249490503853417,0.8204280888862387,0.424015144408471,0.8957063555102458,0.6353347374629821,0.21210332174064184,0.9210419714738514,0.2075648146661412,1
0.563783692952875,0.8042845436780266,0.9326492088669204,0.3332217892998688,0.5385398906949003,0.6573248143117456,0.35640963795731645,0.8414695313625503,0.6955698177387771,-0.1209735716813092,0
0.6040767845737396,0.9017811299472237,0.006894235730935776,0.05964426268604621,0.39291400393922654,0.32192829899026915,0.1393234653991024,0.48090059645689187,0.13554395915893858,0.9257292495725371,1
0.6790040243443072,0.3929560029570156,0.6447991571504319,0.3711503589441701,0.6182787960133779,0.5566104432158339,0.7334807231678562,0.4619062503807816,0.10912163727531093,0.2097844112404641,2
0.6073667009932613,0.893370840703023,-0.009771562866353115,0.08460248622106362,0.3983875314689636,0.3152724078742951,0.1738262929502187,0.5056767190990191,0.1494044254264116,0.9432981034727365,1
0.9807309559402964,0.08021201689043994,0.6142411447051762,0.9094147499390227,0.5565033634084782,0.4498092348860359,0.5792424129569504,0.30757723501361295,0.07380659511842252,0.5692844688487991,2
0.13796496975419723,-0.12066980947692363,0.13076351239272566,0.050827998899673835,0.6826797969748402,0.12858764105060147,0.4200564573624777,0.36666668743501973,0.2500999646420103,0.21753205716897378,2
0.6372669291745615,0.3479081474906901,0.256628280878631,0.9108114761392907,0.11255036191908663,0.4899264321457616,0.4442818937711532,0.5937332830187966,0.6132406185333995,0.10746884072043744,2
0.020997842202054404,0.2105629349071282,0.3450555389406427,0.7317989386695974,0.45252430815382516,0.8888452129990112,0.7936897867607497,0.35923074049007125,0.6706184554226273,0.45040635893834224,1
0.7565698520100917,0.8005583185939429,1.0645167652008831,0.5761910463110853,0.8523283629760989,0.46475623222513307,0.6211289594831233,0.4715336358105392,1.0803391240558025,0.37810604212390464,1
0.10460038589635667,0.6802719259410118,0.512508291988959,0.5612068251498519,0.3770068061304152,0.86482084924822,0.9231139286968293,0.6809859846012188,0.6330411173010217,0.7921087350855818,1
0.3851478356526667,0.20665961731101967,0.6748864807520463,0.10419904621190418,0.7524045144881373,1.18604251933013,0.6399989983478226,0.8819683510146452,0.5455713612980759,-0.02295499789161315,3
0.7685693853647518,0.8934347447791192,0.08356276196039047,0.8647992279009108,0.7020776241854867,0.961473760385259,0.6334796686365125,0.5359166301323995,0.04717258132886805,0.27711073724740276,1
0.6842833060004786,0.9313367971168831,0.004470405774942584,-0.04436972107363496,0.4735704745182232,0.4343772014753241,0.17954109036434832,0.5325134546387899,0.023272054188860872,0.9584705407922145,1
0.657038699162843,0.8019037308425473,0.20073281365632864,0.1828071239237345,0.6562108045242843,-0.010843574135353057,0.40486124643937166,0.3465660158719348,0.686112844722637,0.0825883695819526,2
0.27520007425992543,1.0663049644466647,-0.14498452184651014,0.27926820970754324,0.7444787702955991,0.7254601530171493,1.102279415925075,0.4177922104048092,0.7043384963183681,0.7901996514392499,2
0.8462612951644268,0.3212731960300208,0.3690491180089159,0.5199812373374664,0.2564373558026953,0.29624306825516394,-0.05800069135550737,0.38567514503278094,0.211513696811534,0.6127019756857016,2
0.6475401398468329,0.16085486117751485,0.314434402025161,1.0576746071489913,0.3608489403380375,0.21088959956416822,0.45830721530310753,0.4442929418415028,0.5916155302951732,0.009822077706406807,2
0.221867642662852,0.5186453327521068,0.17408394964816126,0.9180462481236411,0.4636907357814288,0.2642310647120733,0.8823052433670037,0.7043737148223819,0.3715443221835294,0.48674752003638044,2
0.2623626668030773,-0.1050660432126379,0.1445427681711032,0.1551578567430265,-0.5511200723602727,0.10319170683137402,0.5359314001622064,-0.383958534615068,0.14397384131896607,1.311790583969991,3
0.9121977366541675,0.51762366658786,0.3092813978892688,0.7343691175371339,0.8039039729260775,0.6685661795915896,0.611667986037074,0.09361992984317172,0.7804135362678352,0.8835544298971232,3
0.046198874580499566,0.7929009379529721,0.3109950380344678,0.5408156564809232,0.8749135120678899,0.5676930378941679,0.9246540560620966,0.6859779099145747,0.6450369732060152,0.062449023462901855,3
0.02861386018431683,0.7155838904799823,1.2506117408378419,-0.11947181981308963,0.6248956458746314,-0.27622181404964163,0.762088812847254,0.5480607066161169,0.9812900713508282,1.7909202950859502,0
0.16046594655298563,0.04130088099085114,-0.012754695815368422,0.1003720475016789,0.8208474576957194,0.330322029885076,0.47755392765351196,0.5203843817507025,0.21884640290390225,0.11413627359711309,2
0.1198819047010364,0.1106801164809062,0.35657664304087977,0.6606923245363198,0.48237526553268206,0.8239394735889191,0.9211916690735371,0.43388043689800815,0.704090135629318,0.422530380840912,1
0.007544149909715747,0.04443927611161163,0.22152861700503387,0.11254953690674484,0.4718939209318193,0.1735997725770945,0.2400847060680552,0.22017974700801374,0.30438031887092293,0.16472789773700022,2
1.3795706892091388,1.0484578478923319,0.45081029844556836,1.3807649505810198,-0.06198011585025909,0.699705764400848,1.1577428072822817,0.32238582151750667,1.2562702232440475,0.16630272033125432,2
0.7203023935054336,0.5817255329960535,0.21607040099752098,0.5851153689272697,0.23234099842892997,0.9841044063199045,-0.022887444303253818,0.23691056097449772,0.11342510209046322,0.5086030040087037,3
0.3702448806543921,0.21545627232888753,0.5272212269154232,0.8215715189449989,0.5213449971672364,0.7004586571927865,0.3224488398752988,0.2891398768662023,0.4495974441889102,0.8425863309658895,2
0.06148615993820869,0.5660050478152524,0.020648959176322645,0.07893863848135493,0.3392821624910062,0.4276444659991393,0.2526129938149564,0.32482029200204793,1.056037716414226,0.7785890349373934,2
0.4240345050740757,0.7368196994217415,0.6846005517739538,0.3085315324135059,0.23226772879397928,0.2593388494860535,0.9523298304740426,0.3430393241414424,0.11341924143527395,0.6168531629361607,2
0.4117003848663797,0.7579714743117407,0.35337330053010263,0.6180225020320865,0.7045479844807916,0.2661169697153842,-0.06748244035522231,0.20954173308202198,0.4472242466443991,0.8799723654273177,1
0.7095735488095389,0.28742703452969065,0.8662823365511142,0.42151243710399633,0.49453052472377956,0.7666956270352385,0.597709063226401,0.3884357042906175,0.29977632325677583,0.37317694370865784,2
0.6366542841286157,0.893438068013054,-0.01848161557263394,0.06345642075199305,0.37829458026603446,0.33659024981704366,0.15458031067620467,0.4837852061894184,0.16283806225140363,0.9529400851857196,1
0.082037603431743,0.18756415585109854,0.2773965410266378,0.7881628043766621,0.7344957762586182,0.5184636471028833,0.7593324297972338,0.604130899615885,1.1163294516868756,0.6397048534076297,0
0.5905094202424084,0.7524520202832904,-0.06883171262076629,0.33548572448724484,0.12517220827842834,0.22245307368095815,1.1672251714913835,0.27848020858208844,0.6914434318634191,0.8994453229103471,2
0.35033141000930584,0.87130680244253,0.9980749381316113,0.5687474619852175,0.0338473929233421,0.2151677375385837,0.202735670778065,0.780375070885874,0.09170466854552865,0.27635785179986316,2
0.16920445767503473,0.3670128708365739,-0.2186492135229871,0.7055708174897897,-0.3172446425741613,-0.052429514768316254,0.27179470296273844,1.270870117670893,0.9958036125004956,0.4131454001968769,2
0.8146327420556233,0.46982152104841346,0.6495152989775247,0.2656671638148145,0.7856474819199315,0.5981422167664737,0.6340431022285112,0.276106030464906,0.06472995921174557,0.15231949642443007,2
0.24731241600615875,0.27959221002025,0.40073937180153146,0.7932380826931353,0.672623282128539,0.816633819657229,0.8575509870777519,0.4781000055698526,0.46470817838220574,0.5523503727640944,1
0.5656354205111571,0.7971740246624514,0.1968486997207266,0.08455316731447365,0.8425986207400589,-0.0207727284779647,0.17427153435039364,0.3487129572920816,0.5519848631490359,0.0110596870984878,2
0.476100084940448,0.08622557879098494,0.8568428545108832,0.5772449263750912,0.6274963404453022,0.6534431257208528,0.4796651002270066,0.28540566449697835,0.42510142325598915,1.1423834318420907,2
0.3444358008399852,0.5982038245956528,0.8751144488073573,0.30666185076683206,0.09673208380866602,0.3956533960078906,0.39353061681453105,0.7433200594163067,0.8040986123295498,0.27213571316183804,0
0.30077860344465346,0.3829505809330044,0.977602673845939,0.592674431942531,0.3474769216130451,0.6981607515037733,0.15106741105104676,0.6809238344040712,0.9182527758620933,0.3875842106890898,1
0.9883568538032688,0.48403167904823746,0.12529270400512887,0.8863118843586872,0.18952931671291562,0.7883027564655498,0.8894345949059826,0.5680977099640687,1.08870284068303,0.2831648659802459,2
0.603879207150934,1.1501864622340672,-0.06570226749475772,0.3802237335956241,0.7765619695362098,-0.09134078597073214,-0.21409513556604953,1.3004672907819321,1.1617628207616129,0.4657419165485578,0
0.21983788967789128,0.5362874447632139,0.1388068140915127,0.7251738014563205,-0.06193195677386126,0.6557912341922402,0.5661878977965935,0.43674907477961,0.1336036789728326,0.979145172893004,0
0.19441188449598304,0.4946145606253328,0.39249614118934634,-0.003971019706862762,0.9340731964724149,0.6914354967136656,0.5694850303252015,0.5507577819233974,0.4645729073490766,0.05557809995294793,3
0.5544963994060652,0.4605834264472411,0.18481202535908797,0.4799487886904841,0.12537134986801135,0.02663878564326977,0.17385143286268984,0.35387522941503624,0.94898139644852,0.8612542780819528,2
0.5034862221058226,0.2714735510233248,0.10336101532318827,0.3958772743886679,0.2107715635618541,0.22854893947292765,0.3642067454646539,0.1523825064487067,0.8725181411117944,0.9434554847692717,2
0.09508116949237108,0.29844000424232103,0.20047005562157086,0.9080554367190988,0.6973252925049844,0.9055424599776828,1.0268222064235397,0.17089903598898407,0.5247051847876333,0.462289533058215,1
0.0650657121352696,0.1572238130792839,0.33246996054939626,0.7269931151896494,0.4832734303731037,0.8147084821963178,0.872634191109887,0.3768318580233793,0.6578262059033015,0.48923085997546734,1
0.9708667586501769,0.5540191966540582,0.7405487506455574,0.06845408146812475,0.5495744903294185,0.6541948552307802,0.35302105136282447,0.1969269074753655,0.7882143125566009,0.9738200006388015,3
0.6203121513509106,0.6969169081226427,0.7954643975540758,0.3658604690944382,0.6902588656980426,0.5985499379018051,0.9349358818850116,0.0828623267138694,0.18190832702463988,0.31567062687862274,3
0.6512611067208243,0.08590960377817022,0.4084347092370869,0.4921455819427757,0.37758043369121813,-0.1350860620445093,0.8718224284334808,0.7070457438832004,0.4364079229472147,0.6006212474310123,1
1.017311027390426,0.29723229410816476,0.3007669492640699,0.917288881878859,0.35728841937381794,0.2071591559109816,-0.2127841490057114,1.090608362893619,0.26305904518108975,0.28550813786913914,0
0.5846668467520911,0.7457694008889109,0.4148596260228078,0.4792972438007677,0.12944095000540135,0.9953751477740131,0.1576642707458366,0.27658123078613045,0.14697125475284228,0.6680224957933909,3
0.39978630527500797,0.47543314670254677,1.0297117132520122,0.5794294145416101,0.4378505196820503,0.6394192297862288,0.13891973288207976,0.5586522693671421,0.974293443969517,0.3448348507338195,1
0.03254139840599954,0.22194307156428122,0.26131451978566705,0.775134713819708,0.4960799444951904,0.8654568436259664,0.8476188149117507,0.3200170661810434,0.7249696993983417,0.4234839126633709,1
0.2845814846890495,0.6655037951398407,-0.03781008714122964,0.07946182952045203,-0.03469904386476903,0.88932753722946,0.6425958947805525,0.144158466557828,0.9421146248606784,0.9707364337779127,3
0.22262913978457877,0.2827659575915297,0.3776295332176622,0.023550319175850543,0.48468620135289897,0.460002940881084,0.17778353086205723,0.2721973083779512,0.9077979176315565,0.6188144101350788,2
0.38659970376929553,0.27179092838698304,0.9374888451877994,0.47534753522082496,0.38101527851129613,0.5961955699142338,0.07052601325129734,0.6093727560954947,0.7923891376574064,0.4354632775562447,1
0.6143307010490737,0.17808064251535272,0.24536249468300902,0.8825853363133033,0.05448725325440526,0.5210267401689936,0.44028483984257266,0.7190964348199705,0.600995887026077,0.327321238156081,2
0.33027988535044006,0.4262162629991416,0.3638057566912604,0.6835879560224128,0.15163363096199864,0.3930621013936806,0.4912151786656401,0.0900628989639097,0.9611191909190713,0.17129449537630417,2
0.6421680693099149,0.7032434453486398,0.7674080688219407,0.4406588337731864,0.6426249877195026,0.6523273879740195,0.8663571711754171,0.07656862830155566,0.19860463461680963,0.33201746345289723,3
0.45396214623488196,0.8566986852925926,0.37252860021319156,0.5203331211972614,0.7626528472430699,0.2160921441297865,0.09153414894539769,0.2266587209552901,0.5145293475873952,0.939331618914641,1
0.045089276917140396,0.11730025977849153,0.7724480697342423,0.30848224887441755,0.06279280262232712,0.27143516302732085,0.6376235953109959,0.40755021778011746,0.30915090597857553,0.45146610548991767,1
0.33500652699013567,0.16078091730601776,0.240246439316117,0.021117562750255732,0.714056650602221,0.5227679282383506,0.5427301193658887,0.7041064005112538,0.004048248065287002,-0.090612462958996,2
1.0167667013365587,0.23696059892353905,0.4924753395776319,0.9969567985654003,0.6414975921189333,0.2798718122592916,0.5035954538729205,0.44988693838362787,-0.021983312660362242,0.46962905828721413,2
0.5177159192776511,0.14870552886897062,0.19695566424578528,0.9365519652298712,0.550433469600418,0.6611047202131644,0.9138429656911413,1.053303459454153,0.2723580100325851,0.9289104057583635,1
0.2324450686541083,0.7012928539977527,0.3860920484396097,0.07355094517943425,1.0099808792499834,0.857355924306201,0.570473650113815,0.428899058719876,0.30412780028019865,0.07326665415729589,3
0.6252904243634437,0.9308615517126012,0.012559238965192619,0.09547093486581754,0.4133448971772364,0.33772168991179446,0.13645679465134308,0.5112267944188451,0.12583789267483805,0.9387254283636149,1
0.11507310085483366,0.8988860521310202,0.3924096194014556,0.4898503248741937,0.4552664921762062,0.660022336463067,0.8582304464431575,0.47075187949249314,0.45200683990445195,0.9810945671869326,1
0.18789255303685126,0.39237503209494756,0.9197189513861064,0.6869000258149709,0.23064137929992012,0.6994009280542642,0.06432486941662392,0.6550267865189765,1.084021491210697,0.3083345201638594,1
0.7247694294865645,0.8361250050421775,-0.06056540360856248,-0.04057316672205309,0.5189842475953179,0.31096375284998035,0.14233422814314964,0.5324850573164167,0.08530705201911748,0.9762508690891761,1
0.24922666474827337,0.6266874826213643,-0.12105940658720282,0.8082601581716239,0.001743744535354308,0.017796220496412885,0.5476899209071379,0.3667168168209407,0.5472784870112807,0.32803479506312594,2
0.8168872716491269,0.8841634233209006,0.9363268145921776,0.5239792468992441,0.6422001303789376,0.5778186425260367,0.9421077455162388,-0.019706777322924113,0.36321185587142163,0.39068883168452107,3
0.4512528006006217,0.589315013699793,0.6625094719039556,0.34530109612785453,0.7181478403821536,0.4661959077265393,0.873362401048782,-0.11634454504258332,0.39747203047725155,0.11597113219946875,3
0.6920669268982393,0.230798074765854,0.3555267181172484,1.0283338638263178,0.09966290192282477,0.44852815206763313,0.5265517799421843,0.5588607202079093,0.7935693246727596,0.05952459336341384,2
0.6946901919876236,0.10065781232128002,0.383844494118895,0.10652441473083119,-0.381819539891491,0.08573664462304958,0.3594439818207423,-0.5147037906140748,0.9748826124422648,0.5427960240548608,2
0.009458484041839597,0.11868558875026122,0.7027916333366752,0.3154514808184655,0.14662531672555817,0.26975293032452324,0.6938485146239093,0.4077254152809951,0.285337354810598,0.43342873673597776,1
0.2424945425984047,-0.10650466663979563,0.04892621364626132,0.15602935793202174,0.5697202843362146,0.1367907724846976,0.37922706488121105,0.5986302897792737,0.2001701573161232,0.11543934502207566,2
0.9398585161714265,0.5115653050378992,0.24284070360588825,0.8712719238883186,0.33282739597432787,0.7187295333558489,0.8483262636607134,0.4774953863596469,0.9682980253441853,0.28777316933852126,2
0.2471129612831532,0.08738937296750843,-0.20010806378610368,-0.04586330023091953,0.8032102966664285,0.11241096365732328,0.5910486822237658,0.18961040044894545,0.23108889368396732,0.017119260513562218,2
0.5931660356485733,0.8846857879220198,0.15737625794184343,0.09800429319520626,0.77446771853063,0.04245577182536711,0.24861120217290314,0.372315550335205,0.5836260968764225,0.005891599102119364,2
0.9780773513685193,0.9175476767491015,0.4750763501792894,0.3384739550771044,0.290395388304252,0.3029573886493769,0.6150305507700731,0.769446793814909,0.45672712874805865,0.41268618043322247,2
0.4201577343822019,0.9567930760247328,0.17336522430537032,0.2777339979079111,0.910963232936031,0.11803718671636024,0.37495536077784525,0.3980022461226121,0.6022566188610885,0.15689120993153383,2
0.11613731027404212,0.8117959960237812,0.40390558886909234,0.4790896334151764,0.482273675387182,0.721587762828215,0.9863844737817593,0.6052587281278822,0.47680374788037105,0.9657104526397285,1
0.17372537987603215,0.8678422658637581,0.03002773607474171,0.4571714641989561,0.5676720748478815,0.7635773214540077,0.9964737330014132,0.17977649288811817,0.7591234257226829,0.7592527710954413,2
0.07254465744333785,0.8571889136040182,0.4117806643578931,0.4544541941715177,0.5395817821249542,0.7116397402874343,0.9345751357700839,0.584978286059748,0.4805224019891195,0.93653147203357,1
0.5994727933288067,0.2073658302899882,1.1225136886100784,0.6878501672790478,0.6710490228189862,0.946131704322291,0.3939878545887976,0.5299222323653503,0.6979382237372334,0.31861851178427997,1
0.6227139790799228,0.26095538089805825,0.011150504490617191,0.9213153761778072,0.652899519710072,0.4234709914401626,0.6979872412163639,1.1032299028624073,0.17172264423636793,0.7494139306543709,1
0.08139941206980775,1.0350131496196968,0.029072439310202758,0.6787627046381242,0.5582058687218091,0.955554447452988,1.1183162610119317,0.20517077713167362,0.7370628307317371,0.874930551119153,2
0.91207966305429,0.5668416455048227,0.7907422296154815,0.04750042853698755,0.5205485791378678,0.6250825701190198,0.35342530676840367,0.16652378881328483,0.7999225131193607,0.9716340048731814,3
0.5374786086948878,0.24064910894728833,0.4449678578259823,0.4569353885437689,0.9872386554514614,0.8615523331789849,-0.09016002823902503,0.9391665491628485,0.14005100970806245,-0.347839529351189,2
0.9326617658728076,0.5806687027829487,0.7602197046085626,0.07581605833358972,0.5350222332587268,0.6273237038115839,0.3752928844382143,0.18395909642021285,0.8211618078767454,0.9690676709674777,3
0.4365333167533224,0.4511034822509199,0.16912951299554552,0.396479743441397,0.45978129421478414,0.44339296749202706,-0.16542700238850067,0.6842763338570068,-0.046944455142947206,0.622263392304228,2
0.3663414878725183,0.41887619090812084,0.37372823285396634,0.6474266524716846,0.11123698854211815,0.4433357542253431,0.5393863619901851,0.027813669587351382,0.939842887688811,0.16683274191153738,2
0.3208357381614681,0.8690443420964528,0.977619573640062,0.5886457247990501,0.06084866387747867,0.23219063229109307,0.22834356944839068,0.7741942109989832,0.08476085130301798,0.2814956684773246,2
0.30819251519017943,0.6772983903954992,0.9220499519132066,0.07445647056482874,0.5696638991669674,0.38537630235928877,0.4235181351120971,0.8118731529370615,0.2676390131651628,0.9322363402447844,0
1.0170714068895572,0.6556794030661747,0.8017150123490857,0.07789293728793406,0.6375344915730385,0.6257236113349723,0.3763027400347555,0.2045407119410817,0.8820063204231672,0.9664919734933256,3
0.16826060324735898,-0.015652810244356708,0.05448022688804321,0.029759386306855398,0.740706541364473,0.24786997590573392,0.46743037102251433,0.4617587510377415,0.20634946233904594,0.17775223071085192,2
0.050234248868130396,0.295544833893298,0.28819190677469936,0.060935265983275096,0.5352558985423901,0.30497900007837536,0.08876241168320692,0.3138108540046829,0.976296414186509,0.8026472227836146,2
0.5623636039567984,0.31275425032349374,0.5353360586267001,0.418388680916055,0.6620980369076288,0.20648796356031296,0.9916484588592457,0.6815322051182324,0.20002079333234024,0.4123978792048355,2
0.30050339095268314,0.34623979010308115,0.9847997000063935,0.70837061776142,0.33574780363536527,0.6649037014350807,0.19302610734923853,0.7528682347530403,0.966816410906842,0.39089430221093296,1
0.8425595207200971,0.587138158078816,0.7185687841261041,0.24764436600580852,0.1538838192706051,0.814301347273867,0.9684418782819552,0.6678596351560381,0.4025270806749204,0.7545558984072639,1
0.22070126536772194,0.30909615966083537,0.858800144186553,0.7762638738123258,0.4419176645490407,0.5669644051496028,0.049307312607545326,0.6336678351134539,0.8189494964630185,0.26200328839014553,1
0.2613279335087564,0.1779940417128188,0.2845293843852247,0.726468830418094,0.14205427908850143,0.537002274697375,0.8759406465485282,0.3671286570655652,0.9803751511004049,0.2680400307089428,2
0.3399623935084244,0.4010788095735508,0.362713565809856,0.7143389520620201,0.15591334864550987,0.37532780637654306,0.5068548172571081,0.06503855471263374,0.9375707700096269,0.17399791272835383,2
0.18841169219641318,0.6709468467875692,0.265426734667784,0.4001213696045886,0.4444169340793614,0.20083332028629394,0.3095455007970777,0.5111486739856915,0.3195229668826668,-0.005665465921032276,2
0.9711808891757335,0.43588149850420593,0.48102795651848845,0.4944696018329086,0.19444555969220917,0.13307857888292127,-0.020592291860751774,0.20078381041895854,0.4776884143694888,0.7624718205110125,2
0.27673529788176776,0.8212607927842737,0.0906826225990492,0.43679949429006165,0.6193364460079038,0.8439494039570966,0.8658513632426803,0.1693057805414063,0.6723549422526827,0.8137060591734415,2
0.4675800678858244,0.48051883092921377,1.0608700325911753,0.5410907477484128,0.6045606258461453,0.4756900946375229,-0.1605523813694278,0.6840499127992051,1.1088482873687429,0.47921964848280274,1
0.3736377653997164,0.8433413727875421,0.8969188974831808,0.17600859319722384,0.9088352890941729,0.4336682630230139,0.6590693794524741,0.7206550637384718,0.4755554290356397,0.8063803036468187,1
0.6162784220677556,-0.10359797214308566,-0.30873097005311617,0.2943393525863103,0.5973840437149858,0.02725419825498754,0.750774239434181,0.3051568043045374,0.2993215363769388,0.15123010902955344,2
0.7570765805151405,0.8166623960125043,0.5352545255146126,1.1976414016709283,0.13724287951422362,0.6704805377344508,1.0209072244585493,0.5321976927527738,1.23176522064877,-0.055268218772483724,2
0.5105738771299211,0.5161053052249178,1.0469840930035288,0.6684670785139956,0.5944477268481348,0.9770432137334101,0.609658112392344,0.46014253181638165,0.665845073219224,0.09665304523385204,1
0.12256811872147784,0.14433921277922315,0.40793923845922514,-0.3271311550563037,0.6845077527813092,0.45500915249073726,0.4569807082304474,0.17554642695080258,-0.02710186807498699,0.29823703206025937,2
1.0680299893445235,0.7646651458722226,0.4235438405173299,0.10968901945071587,0.7538202566983759,0.8970156526053024,0.6596466370848749,0.12684884420565784,0.33158061420507423,0.8034141843456042,3
0.2569984569620329,0.8838923404573508,1.0331431271958198,0.5652889080829062,0.037144568687526774,0.1837814824931007,0.23041462600246648,0.7612982367695172,0.16086906954230168,0.3367658737756022,2
0.2931142511200634,0.4273011396710967,0.9717227441527662,0.5017401280917091,0.32446558532289194,0.9463133394129148,0.29970416164166325,0.877285398826943,0.7136740750442296,0.2543613097452978,1
0.9345069143721456,0.5308201132276175,0.8071365122128474,0.13123094575984534,0.49689314199650947,0.61135980054214,0.3181390547300889,0.18219211243831424,0.7789320508094087,0.915768000083713,3
0.25276360111993856,0.1712231442552374,0.1703924841438367,0.5983172997747818,0.5305655627333249,0.5675606352072634,0.5074933579252072,0.47158293687264285,0.9716460680445416,0.6849884604448669,0
0.5179501574925878,0.6082967390594494,0.2506357415810799,0.7582393862164462,0.3485736054232575,0.497127046192671,0.3811013219797657,0.06252883366930553,0.9883468777182864,0.3417868951168762,2
0.6143091846372066,0.6860254860046583,0.5602633648878808,0.49617037974603695,0.12327725672178247,0.5595446630608529,0.7127479892163731,0.1135907337253235,1.1905188313643016,0.2185034873865083,2
0.40398154804784236,0.0887534085249645,0.37975062118279096,-0.1096874953870276,-0.39295263321149654,0.7023542281286669,-0.13028983535250688,0.42963624842808174,-0.07580249163046246,0.15401676208629544,3
0.6518203936219475,0.14305607772076417,0.28594518092870064,0.8866147222360554,0.5945234601513435,0.8107432471736055,0.8107705464204847,1.0609574944627795,0.24795466515937437,0.9244911008547008,1
0.35139412293949923,0.7215857139325378,0.9345008316139835,-0.10845966505914342,0.804634222348694,0.4650144613001196,0.31542833500290013,0.756573017725259,0.27539038148335276,0.7485461621311471,0
0.6519778207542681,0.7242859971922809,0.7937495776605461,0.4849973465054012,0.6354630680983839,0.4731724289926319,0.6986623858287686,0.008271730780488123,0.07097552480523617,0.1019080834555472,3
0.5522727646018994,-0.43051244347856343,0.4709220185253594,1.1984066036785612,0.18582857618853096,0.3321444546612923,0.1561848955128632,0.4218925383426797,-0.21833451164959627,0.4911011828017584,2
0.5972213206886491,0.6091736919152297,0.4213883414150902,0.48332673805190224,0.18429437041067567,0.921728061202264,0.20274777141625974,0.3389568309562128,0.15799462306910914,0.7113401556873332,3
0.9268222274237197,-0.08882534941333939,0.3147935961349833,0.722056232423484,0.34387103300281946,0.5145837611597112,0.7118270734140583,0.38635177886251204,0.300790068204287,0.589336678154468,2
1.0052812663489152,-0.057418988812043575,0.7426981914383657,-0.28088475168245053,0.18192324099777712,-0.14180445868666466,0.35985274714432425,0.7018878319067468,0.1941516945779359,0.32705506495060355,1
1.3317085656565624,0.49667546435251503,0.8762241298586724,0.628891323672482,0.5656186571661398,0.04843648624961444,-0.06341246329734687,-0.09993949512831751,0.5266695992953112,0.5414442702676038,2
0.8367513112422897,0.5737405367241247,0.7375334248003539,0.258256120932916,0.1532563950094634,0.8130396690098601,0.9981041744795836,0.6511393770023619,0.38480194753883995,0.7836127686798245,1
0.8115989235573318,0.5696742832498667,0.7538389793786097,0.22666218690173975,0.14669644406355248,0.8456635557584532,0.9725111951675871,0.6994778504996421,0.42621684719633923,0.735426793667538,1
0.49993389534945654,0.8561505570040177,0.2799102110676828,0.4821102676552918,0.8334950106764746,0.1405001682167185,0.007977759770180854,0.23477159247523344,0.5496658744516302,0.9292741520904935,1
-0.19858605696533263,0.6696782012242198,0.1518898417000366,0.44536163483807056,0.5640161668118059,0.3526759746820765,0.47002294632459674,0.758161425643329,0.349343167121696,0.36760292501519265,0
1.1085162369361234,0.4034881621734333,0.11159169580957179,0.5118845225565267,0.38698489850265194,0.4872367691595084,-0.14941197106302878,-0.00624278925593319,0.7218337764635282,0.4834415474796749,2
0.24564978199456086,0.34176558859230877,-0.12457148033991011,1.2822720135728745,-0.056709599091812696,0.626995216315563,0.3131465430559205,0.8438369658193845,0.4488591497656965,1.105497814356253,0
0.16204203540517065,0.3401440091693525,0.5030137355803558,0.7551975224431982,-0.34547398202115753,0.6485173977801147,1.0132028844589527,0.616610330731038,0.8173923340048008,0.5707265978977869,0
0.6718752153001812,0.5197298407353622,0.959774005023859,0.7200262044495552,0.8519710716939369,1.1391138385537225,0.7759550879228243,0.5358287210302328,0.35664165663062597,0.06362031632015994,1
0.7701266647648866,0.40076992782850634,0.8718124815906284,0.7274800376924299,0.5262984643228599,0.6031815471500963,0.07292218546782797,0.6944092348181085,0.8624628934939687,0.3997558745133743,3
0.03321765779657648,0.8566448187420483,0.5810645696489576,0.9624722027814291,0.18476919063048594,-0.08826168221775119,0.8070224045691775,0.6571909573794132,0.2001205573564222,0.6797722997920516,3
-0.019129406298502682,-0.21748951513598047,0.8429000007116751,1.0153645686309305,0.7538006653296834,-0.09201493726939775,0.581864967201449,0.30156466315656244,1.294360763425766,-0.04021090340508929,2
0.2375382221137045,0.9110292537224628,0.054975549648257814,0.4551855395994548,0.6373759984657869,0.7547401522865974,0.9543280107805431,0.22286856889496598,0.7307958973122395,0.7463542095119385,2
0.9511645697051525,0.5273604403817898,0.28121659432017926,0.8505404792200226,0.3274638156748341,0.7127415148104196,0.842548194070038,0.45936866718003366,0.9551111016271276,0.2781765586122872,2
0.9464053966313061,0.5830638991508182,0.7589611814942238,0.082690911856044,0.5560638308099953,0.6416263265602365,0.3579441440988507,0.16932899421696607,0.8343514529880149,0.9775558362076708,3
0.6200172548747747,0.4646398398194986,0.037213585698917695,0.4866976033707446,0.40436762684197963,0.5050235006788022,0.47101454112011304,1.42757721648754,-0.1030737656399413,0.553365842682666,0
0.817151014961472,0.12399437433831899,0.47406324276338224,0.6480786217946987,0.10437334257436004,-0.04936805591794592,0.22393209411842768,1.0644443772140986,0.22086969566511472,0.14990047892969488,1
1.068348110880013,0.8848221553059108,1.320325128719503,0.3070896513070366,-0.346889878912446,0.2557337464169953,1.2840211137699535,0.5217997555623134,0.7797920051807856,1.3509909084884877,1
0.12840938678927183,0.8916633785641086,-0.05333519207458358,0.5315317669484438,0.7520379187828605,0.7119030971234496,0.8837069990482078,0.1842204969228442,0.7951521886786037,0.7807456949925919,2
0.9139055299302197,0.5672308445679938,0.6805965139130825,0.21312095931742214,0.17191979054924283,0.7706261227075283,1.0036976260498902,0.7511793223124099,0.4421957299185132,0.824053361717074,1
1.0787598030191994,0.13298764350093917,0.6131586915708451,0.10737135225333869,0.890009163207247,0.8879114237460446,0.7593454045987408,0.46485013593844954,0.2535433008789404,0.3707267331410471,2
0.02950964162506967,0.24758918501383903,0.38578514198175795,0.604790229084727,0.5630210706199623,0.8600998652754365,0.9996136437133467,0.43022822635778074,0.8154331992832364,0.4410513276839749,1
0.49297548755113363,0.03900351513863455,0.15626347901315205,0.8988374449379603,0.5171793414408223,0.7106258362048898,0.8757448228268995,1.0116382942196582,0.31610681935420165,0.9161484094475056,1
-0.2529124052806051,0.6090017173822967,0.8064034888383158,0.23711446774274753,0.2079955404135168,0.7110637627582963,0.4762931317576474,1.3524248241509116,-0.06421535508325532,0.6760194467632936,0
0.7035658905235249,0.8400578227459983,0.23198546490064148,0.27709949925223604,0.7158808769661598,0.39377807756786654,0.16609665632044407,0.4166331132257713,0.060819954702405435,0.26850815006123674,2
-0.33789399159506983,0.02104332407760756,0.6219660655935189,1.0930611947776336,1.0557447245518943,1.012538479378051,0.9431380103666805,1.437915973486775,0.10190232674182742,-0.01892084055306628,0
-0.02903931747857602,0.18493142556565786,0.32182538679612044,0.6819795551791384,0.3855921505622159,0.8652774367997834,0.7744503861292796,0.2473290749518308,0.6663740260449046,0.5657167515217651,1
0.7650832091332652,0.6293574515897823,0.40349160425936365,0.8288313004092276,0.7808856694189945,0.6977789872494782,0.5288052355546975,0.02303909600698499,0.7659740228656966,0.7266141628239217,3
0.3370988129569267,0.3750530180602149,0.8435906569258419,0.59803484848504,0.7965001349523915,0.4459404582390842,0.8985501957031153,0.6798480814907158,0.46127354163261564,0.38454163212661563,0
0.31658063401416053,0.4526282420950112,0.3833500811290087,0.677462739424475,0.1144707222108238,0.4223223141549428,0.45259880583091117,0.02555299829644768,0.9300362764515853,0.1916782139494007,2
0.608395882216397,0.23447185381035243,0.23310400512847182,0.28247118428269213,0.6044719616723748,0.048104760965061236,0.5657217104118317,0.7116607385696673,0.5710679013169656,0.6619866232520819,1
0.03169956778189927,0.23631466468387471,0.699270096396782,0.016242754149002978,0.04321855627229828,0.28028523559843865,0.1299347577671535,0.8688350137525753,0.46416921443050274,0.2966957925659076,1
0.3735401637017487,0.2841934241962996,0.2658273719829393,1.08310173964763,0.39863351411151926,0.5412605678008637,0.5578817335316958,0.5541421299576046,0.6739143169499693,0.7538058069546149,2
0.5452011421208277,0.2999501018949993,0.2823031283323623,0.9422387965594609,0.19309220465954982,0.38941170112158024,0.43515257180553885,0.633202610480182,0.6947328728764655,0.17939600600798036,2
0.6234038539094651,0.8556502502217689,0.4302981530480222,0.5299912379504872,-0.08830809971023496,0.5590853239110027,0.7742166368590286,0.45332537157510466,0.37144753516845463,0.5801939106006267,1
0.2875783606432824,0.6598518861256285,0.9004642730356852,0.09297314307016083,0.5888705321932628,0.3956958847377084,0.42904553492881553,0.8208326017492423,0.2855736822855852,0.9700796750987452,0
0.8027529061180133,0.47765070793282305,0.8113519562144456,0.33532760373622517,0.64859880247433,0.5791644582063683,0.7036934367814944,0.45676498987315434,0.21649058032411822,0.1756358979727464,2
0.5272575115324554,0.8180871829460393,0.31356569079142504,0.5202843724487748,0.7957373755847169,0.17376025406817003,0.030692284908822552,0.22634697092437583,0.5371603718215539,0.928930326472896,1
0.47835140539305343,0.12641650827113202,0.2073318165023389,0.8294185016242756,0.5916034223820007,0.7477781143185137,0.7814882503449303,1.0019214197170043,0.3979977074720279,0.7855263748197483,1
0.9404466697542498,0.11970948801429954,0.6146107032106152,0.8264210640677602,0.5480710739532965,0.41274350675355903,0.5797746392593893,0.3509596453033339,0.10136305596419007,0.5859206952587918,2
0.3177839182267911,-0.10411568918092898,0.2448310227261447,1.0151327887190122,0.42120046079645823,0.7252988003928558,0.7253009664240395,1.028528224846239,0.40613676800060833,1.0838906723901207,1
0.06643957154378005,0.4236865604888175,0.008183908636238274,1.085313488184739,0.17207359267106576,0.4786900821332389,0.4028746299681977,0.4846822807107173,0.09646515352965475,0.8204047462690972,0
0.5453908023833827,0.9625615070859576,0.04855265894033227,0.024557158437885404,0.3428750774539646,0.2888904443487251,0.1592554765441407,0.4895382285191034,0.15259822026772776,0.9065554906441026,1
1.0672507292164768,0.7735916258494799,0.4609072876772298,0.49005072897446733,0.4794607653848304,0.8428091079503423,0.7043980009696402,1.0071024821488734,0.688478399156863,0.39559582847854513,1
0.7608055478429849,0.4028128646395596,0.8935410978173901,0.7466095801618516,0.5257184936186611,0.5962770015571707,0.09038159087856332,0.6905499179329887,0.8832977774944334,0.41003843914505367,3
0.12137258628338769,0.8009708715018188,0.37259084816027127,0.4519942924892399,0.46278617406427236,0.7636889133705783,0.9122281751742296,0.5793924641442293,0.43127941031080297,0.9760108566268368,1
0.2825037471982079,0.24087450997886473,0.5186794397879688,0.5493433477541021,0.1653340884126616,0.513392419130312,0.4842080859410924,0.03135219949312181,0.8349426652208869,0.04764624285676852,2
0.5465225016717037,0.5942169306483505,-0.15245388828362946,0.5200849621376538,0.3691574364233997,1.0394422592205794,1.067981691889856,0.18203922222637506,0.4735500865410061,0.9676386747111663,2
0.9441425328268814,0.09347949313057627,0.28496456627563566,0.5552234241327164,0.5589059910156895,0.8432624942822327,0.6699124185365484,0.10308147259324224,0.672331979633363,0.9984270445867173,2
0.620413986421579,0.6518122087351996,0.8152774552583273,0.3975968086761124,0.6997633701809265,0.6504376968642754,0.918049721857522,0.08505066850083234,0.18861255481211042,0.3247178343944365,3
0.015866740759618175,0.7699223705203475,0.2914550641671465,0.5279977278027156,0.9319211518747549,0.5604221644850259,0.9114168525002116,0.628363804666984,0.6185311934965801,0.06613411838234462,3
0.1782487385912277,0.5199102518010562,0.9821075943739872,0.021253320728224723,0.5110944463943032,1.0383938480613555,0.7006139454686546,0.6264121829248075,0.12880990991391927,1.0666873535147383,1
0.048244838627607214,0.2162754725394559,0.724030653820457,0.0408135254168941,0.03288206064902341,0.27248107808926936,0.10806336234628444,0.864291162596519,0.477872119414367,0.29579782285660206,1
1.004843658215246,0.5609963621293215,0.8104519083407049,0.07439641712658182,0.455330826257714,0.7093920474061649,0.4111255251223179,0.25439956487549154,0.7702780821423322,0.9519552618568571,3
0.8409320469006148,0.17507127465091002,0.24802384098441072,0.1911352179264738,-0.14416479798738432,0.010736228142408887,0.4158741664448934,0.7198323873923025,0.042138845970730865,0.4325810064804998,1
0.021379641040052976,0.15248021339272164,0.7723090235120277,0.3192802109587351,0.0966325340228518,0.22819025569668025,0.6025428149599651,0.44300992472002987,0.30527609823338747,0.4066794256892724,1
0.5212011955361306,0.10938760366446626,1.3438301508237775,0.5933420273775185,0.4575718719082615,0.7597811138025095,0.13049181605051818,0.35055117646882766,0.8630416262693846,0.3085436585508964,1
0.8234951435366031,0.2257032038749208,0.6537682746216933,0.41814753680418226,0.8808479789895739,0.4792653383505871,0.7843951465897006,0.17507870368389575,0.12229519401290279,0.14765027889633625,2
0.8634698124685082,0.41271044888672637,0.04985612965369249,0.5458717532470163,0.8641418940243091,0.12214687143871597,0.649484491762934,1.024582055016797,0.6977485231491319,0.43090278828184136,1
0.08295675888160044,0.6655727814976979,0.5439251838685775,0.06235467116649747,1.0766077891190233,0.6165673900288074,0.4500566207136815,0.6331826725123653,0.4651950025321059,0.14787637067409698,3
1.4503668049407792,0.26343386006751757,0.4916114790534093,0.3554245005759116,1.1757051470407722,0.21011382079198118,-0.7710355427993628,0.7862200173783771,0.4093590056537478,0.8661656273962146,2
-0.0300740695695995,0.19818993497467563,0.2777400047535682,0.8847947575093944,0.3955532770278941,0.8023067617338059,0.7212228832483032,0.3936752741244456,0.6000515668270131,0.5172723364393865,1
0.6094049088897642,0.8954317935164127,0.18802959038259098,0.13811776543103801,0.8089227600515949,0.027168025692422885,0.22515438099613852,0.3773149080677536,0.5539510101115837,0.014250141706471792,2
0.06967755770463446,0.8303063444891833,0.4452831325044699,0.355863069643232,0.4162842416299606,0.6576241999392759,1.040474226914593,0.6678309723584566,0.5618281993048617,0.969942490022235,1
0.6828409521724603,0.9289601153733258,0.07864514614580394,0.11074175513634665,0.3686652361520552,0.28486006847052275,0.18714915976499102,0.3952116485195245,0.19125919907468342,0.9135236417397595,1
0.9616867287269646,0.5533809620351218,0.7909192535176042,0.05607027423232235,0.5582195328199625,0.6540419097802069,0.3517056074074245,0.19465880018539702,0.7995994514228136,0.9656979771320577,3
0.19955056526736498,0.9764457327303147,0.10905100135097365,0.39818283061838244,0.5916399292121546,0.7607815736504293,1.0165672436366822,0.16584072411186263,0.6818869545492315,0.7669573353344232,2
0.6640593167849755,0.9123330764123203,0.1712503353122552,0.14665078580479915,0.7366682758601238,-0.017954860158262198,0.3269156232436099,0.440757120910444,0.5457765233938141,-0.02239495312861598,2
0.13509175808739407,0.5693599630693441,0.4757951657855617,0.054823822973920355,0.970761514693625,0.7288845536455194,0.4946161039032682,0.5220284606345362,0.40900925463991933,0.07725785375479971,3
0.8810471363623451,0.5477564435957128,0.3037633959454288,0.7258843533205883,0.7694526408088332,0.7356063237022176,0.6797109545622749,0.09040628150113837,0.7868699275482953,0.9309856440592849,3
1.0016525310952162,0.45545569972913447,0.442133374682404,1.0681900588164202,0.17388298870569296,0.7187193602628658,0.5073463409527516,0.055596678559402646,0.6825548295654802,0.5940142295734179,2
0.9415628016020084,1.0494409372946516,0.25125126480296,1.054284355671069,0.8304213335591755,0.941659163972315,0.7152082034207402,0.4183259357902983,0.07135834359218984,0.15799907317230297,1
0.04701556826707819,0.11366644740290102,0.7684652637294981,0.3119452221171184,0.0601408174207283,0.27316342492077467,0.6352154847981445,0.4043631886026292,0.30533866817065675,0.45564394345188874,1
0.8497174406659851,0.025137766114618248,0.6650591121057092,0.4700039609042407,0.6668137452293499,0.1972149781726063,0.638845998774778,0.3712028696934895,-0.025290639844200997,0.7136731896865824,2
-0.8338930061454914,1.6619374418811343,0.07094817571036394,-0.6396671001473877,-0.3160615310005759,1.06963313645053,0.8573415195045329,0.5901270310453288,0.2578422897169589,0.9806005105202379,3
1.2655758383451543,0.519340787547653,-0.32940582735633106,0.8369214910760028,-0.16540289807993674,0.4693638243197492,1.0076244104120782,0.5972434173620598,0.48866363463341844,-0.14717744694059604,2
0.011219623575442372,0.1225961978694668,-0.421385902166727,-0.3001825836310076,0.3580934769555975,-0.2273334623800538,1.216032232796771,0.5932163275047981,1.1973441370597562,0.3329114030140588,1
-0.006570802256856967,0.16047377410048969,0.16296911706229003,0.7521982453166915,0.5209816155155043,0.43904762812646286,0.5052255404732552,0.5246555162319398,0.8001643091442531,0.7865911583845436,0
0.36830065864814954,0.31360301230813553,0.42637872069439325,0.8640280630842385,0.5809162982408623,-0.0516321452153454,0.6956382719996839,0.8289844329629844,-0.30799711824516585,0.4635934649876262,2
0.694879523264108,0.42046258763113253,-0.09548023747497963,0.23061909318351997,-0.05071786141344936,0.2364276058007262,0.5961041815125276,0.14106520414008902,1.0630306953573405,0.7854757556971417,2
-0.09993834806063812,0.5422546079519357,-0.6277624015642591,0.3234634768683451,0.023708323064444592,0.9348659358623999,1.0281067718891879,0.39577385192230524,0.48104160397996165,-0.19062892017508215,2
0.56922180161283,0.6521646422820315,0.8287999471691841,0.45597315215990813,0.6060211607857613,0.5858748777601107,0.8400797626503924,0.08872380437313593,0.20127470659267319,0.3664236692983371,3
0.5665723648675892,0.44069033468743285,0.33898937378060073,0.4937752885574371,-0.18593762637964356,0.7994985214337638,-0.0041419734051620916,0.15084444914767994,0.31333897356621904,0.4375332433872595,3
0.9443490691701448,0.15256767587197814,0.7255054595354165,0.8899715886507198,0.44240056495631797,0.4852029693997685,0.5255056737835874,0.3832185036613969,0.09888766180762029,0.6450325885119469,2
0.6864330711090945,0.781436744426685,0.28334180171217976,0.22081365522079247,0.7609199759373901,0.4287704503121747,0.12480074318042163,0.42238268416353625,0.034613483643851445,0.3006376634651105,2
0.15580781730956578,0.35883260988140586,0.276219561987135,0.1352505585378376,0.4385251392961209,0.29306738870980165,0.16512713044163968,0.29539868026510513,0.9289762422128282,0.7443586658123377,2
0.23212187763705155,0.6608212033542086,0.8141677546950908,0.4528186428070704,0.15485795178597586,0.5464099905832448,0.3166343252175494,0.5699053709352737,0.47380376181319883,-0.043549434512127394,0
0.11906300944017852,0.35954958851092234,0.05483174847987857,1.0269915937142462,0.08459378559724874,0.5228973969192349,0.6144894344396369,0.39323073211035103,-0.08225904828100267,0.9860992200424504,0
1.3481973819208806,0.44602689531259004,-0.07911121701917373,1.1304912346243934,0.7971924215415767,0.5298749281455477,0.1678919216847224,0.7916432110506278,0.2855094139238013,0.06429845408357215,0
0.4001549826245916,0.337087160889684,0.6643825625520897,0.7054855587174544,0.3915402788176695,0.5833399076361686,0.15443282717025522,0.4189415330107328,0.371272349951015,0.7510315841214141,2
0.9809974245031073,0.529128115479852,0.8211822436052201,0.06217539136879,0.49809470824497415,0.5768041411874536,0.32653960487743167,0.1412269748367163,0.8054989892421507,0.926911748014179,3
0.12763937040773735,0.8153768378235816,0.3265360744312254,0.5997038928222148,1.002904805158597,0.4785668533143787,0.885353151574569,0.5749053713576633,0.724136857843719,-0.0033539104841386336,3
0.2320467278471465,0.48830729581511156,0.3583458917472596,1.094385807356069,-0.00023070720815215884,0.827178062102142,0.7444335861190459,0.4632987882830305,0.2988373166281843,0.9683626640642741,0
0.9253515802212826,0.5501778437870332,0.3263660509335204,0.9003228735667023,0.16497347836846246,0.5911513993491245,0.6512595890139867,0.41598156716890616,0.7709208051647748,0.19011706836659903,2
-0.012219221619755638,0.38036895758969635,0.9328574198503038,0.746596548989963,-0.4252251130838933,0.8585816127309761,0.044713342747577774,0.07034556474205106,1.2465595548086807,0.5571464110474929,2
0.2790978681668515,0.3995069872392725,1.0017307830962212,0.6464862999671952,0.3893547952941154,0.7187101801596495,0.20350531384280413,0.6870603462914575,0.897370281079233,0.45571082421574616,1
0.07498997043664102,0.18092216019089785,0.4128233110170093,0.7644630952004088,0.4828249620485665,0.7638702329021292,0.879521154614643,0.4544571055310397,0.6986560185375894,0.5050354075619478,1
0.9773565998164906,0.18966410601545006,0.10684833408035788,0.9305475132062366,0.5866304624995031,0.28853145221348464,0.031145536863317756,0.8714783699763285,0.17442991157916063,0.2643451072892202,0
0.76634376108148,0.41933807797118516,0.8871310905565569,0.7413668469281479,0.5052627182449798,0.6223089536139335,0.05345768840927909,0.6840621936965917,0.863855316401946,0.4254604026995065,3
0.41646474888890705,0.503922503496175,0.91966619985735,0.17120958176206766,0.8048004988113875,0.17745132991296467,0.1108283494058272,1.1188839328952962,0.15525666534181154,0.666273490221477,0
0.10021736977339125,0.13851476839396687,0.28025502774295613,0.6902852984916447,0.5141703818766006,0.8001490204410487,0.8820861269780801,0.3437443391310266,0.6906627064384612,0.5339168833914186,1
0.34229533010929347,0.8541191258635602,0.9667670821236966,0.5877827680897105,0.05930168664657283,0.2338133568887137,0.21395659003728176,0.7662732379278426,0.07558447998804049,0.27760623282751107,2
0.9914444520155555,0.24142425669749906,0.49381697557961124,-0.02816591782111863,0.06815530300219272,0.007935481602840175,0.6193793899844842,0.6868189092107916,-0.055657461085116225,0.4944366914519671,1
0.3897043526782913,0.29133815516039085,0.7912528648945057,1.303218452149784,-0.0672153806657137,0.6635210494957946,0.6267826863431922,0.44207756179588226,1.0597123939927398,0.12247797122592485,2
0.8072967885808919,0.5583055440337448,1.0061099799947042,-0.00995576976732987,-0.15435528041246344,0.63049867711988,0.7206522017229497,0.38402541561486914,0.08431810211825447,0.9961833341209297,1
0.7164981076752254,0.8910260749184344,0.06519990102401721,0.9079576870888935,0.7042138828967973,0.9492886789374944,0.66138485731062,0.5088176287899688,0.04385505015343806,0.2651725440346646,1
0.00580411368161575,0.9665074618362418,0.5061179631328869,0.5502033742267188,0.45002797914175496,0.6779155113607601,0.8936615672250615,0.6741533502864786,0.5332020317634889,0.9716765166114818,1
0.863836078606495,0.5637646879430581,0.3000316311829063,0.723196474998702,0.7750438460351151,0.7574420894261799,0.6945505379218847,0.11873010606071609,0.7801410002304077,0.9243838103653936,3
0.27633661180253094,0.6505674936677289,-0.004983288000896661,0.026271926406421495,0.08387573094179919,0.7749973258121784,0.7340354220688123,0.2580447450661948,0.9954732516333427,0.8816679409828064,3
0.7971886203774944,0.546683597738961,0.4221416556015481,0.3396492302974948,0.5174273858595456,0.45192428154934144,0.5017055203198224,0.21409095383353016,0.13766867569134716,0.34971640403998583,2
-0.24007279662690018,-0.07205742783265534,0.3648424153975457,0.5744181984718397,0.3622471577633305,0.7290430022939276,0.891166201151256,0.16567130961377105,1.2238182991736943,0.46848839666187264,0
0.04807136607001007,0.7846885769917369,0.2935911336168028,0.4760112541582311,0.9136425239776371,0.628326690399591,0.8876866807004801,0.6527863434973085,0.6147805513819481,0.07579817456850288,3
0.22221110217577933,0.5266407349080168,0.29268331385304236,-0.04245877905442026,0.8923585623607667,0.5355135715259951,0.5931075370808532,0.45513057683977354,0.23259163432768692,0.17131580897744647,3
0.563379837886128,0.9273635949205616,0.3364258006620381,0.6264793880434052,0.6990127665075025,0.22439108572288027,0.13164070197237882,0.32419512051628196,0.6108376898879367,0.8923325482002112,1
0.01722341676839219,0.16032546016278104,0.27197637719824874,0.7298322458084665,0.5678302289482282,0.5966120813972927,0.5975236434584287,0.3239894622204671,0.8984727623126549,0.8259076727539939,0
0.5260456030206172,0.8307359163872778,0.31188869569598354,0.46698153757770844,0.8582027441355162,0.1652143876427455,0.004197250785907412,0.19778566733805808,0.5379594766407908,0.950858280059725,1
0.8815571982855258,0.5585675599664549,0.29090487220724137,0.7282226866231891,0.803296708015137,0.7541206091650774,0.6684034619009617,0.10440166280273194,0.7694510180448675,0.9049431522194328,3
0.31580297067612156,0.4409458601734682,1.03881973312449,0.573954396805888,0.38853237677181146,0.7563948083381055,0.12129854449758673,0.6837601434982253,0.8995717943683135,0.4742446569874507,1
0.09310709782659138,0.5703521075093729,0.2626034074150264,0.4719761450028535,0.3736897117531117,0.6638363652545709,0.4130783813916107,0.011342188723107868,1.1182374145921457,0.07611729586097087,2
0.641445983188845,0.31464528589068824,0.8791298965627243,0.40544486526751955,0.3824710725885131,0.22945669649297812,0.8948411573420081,0.1542583873793245,1.1347663879893017,-0.1772100775672707,2
-0.041618813229810425,0.2981733214920598,0.2365553367586758,0.6707412246786862,-0.2623557771817825,0.3006256852686412,0.9075826028489737,0.15288250268696002,0.9509429707492495,-0.23735921800595422,2
0.8747525119743811,0.5465820488032281,0.3059901954702472,0.7397202966875572,0.775759727723052,0.7523046567475541,0.6871778733736931,0.10819559776890038,0.7692232985356123,0.9170867974932323,3
0.03524423648428643,0.48463285232561215,0.7611760796155744,0.6212666935836647,-0.1913491903997186,0.10280919947176254,0.1601343629352347,0.30240073242601684,1.2895038015476583,-0.19240692473761134,2
0.6819910188706433,0.24955775920072418,0.033091519354134846,0.49972224472574245,0.5066738685610024,0.12990106093672643,0.6735641645613852,0.7751222435113145,0.659894225931379,0.8708785508542465,1
0.5836030156629788,0.8957172487193431,-0.003860364949250454,0.05092901936583488,0.3701546727617379,0.3394147565291544,0.12077212922401451,0.49495526070544366,0.1267115163670663,0.8994150403636816,1
0.9812694730704736,0.2348205396814641,0.22854451066466275,-0.01427767093415766,0.031194529239225697,0.21196362331126303,0.6121666584963573,0.8392918586900591,-0.19390665035093352,0.4200768370915674,1
0.41644178250845365,0.1135471667706972,0.1074607250891177,0.7304987524061777,0.5846660712699743,0.6825119747499766,0.83382784210738,1.0311623535827315,0.31010395491205944,0.8076883074163081,1
0.44147419584081543,0.8415829342600318,0.6870906187850078,0.7028747318455892,0.029246654217699564,0.35552154287504545,-0.039092438225148296,0.8025383503736361,0.5441436461423828,-0.06683692782713441,0
0.5966472253059656,0.6529330869931474,0.0232714174534221,0.2643600363106663,0.3486927853302832,0.7503993189923593,0.6989621490231895,0.2354460567587399,1.0865501430407019,0.6046930057454891,3
0.03623123611020162,0.4858476831400957,0.49607422425460396,0.7806339721522099,0.4048140500971641,0.5704065471410042,0.5357984526151609,0.8419146218944292,0.3951477266015945,0.13501508120501973,0
-0.8577079648498921,0.8618051632570085,0.11750232496729313,0.4852151591533859,0.1807188181214016,-0.36211366628763486,1.0558278233498228,0.7053554983456423,0.9667125751360602,0.15777743609227557,0
0.7285182724894119,0.2830871440407342,0.806041927073031,0.9276231365556182,0.7203782694455212,0.6282330566945666,0.6798387596684329,0.14740716775820129,0.2476823083993105,0.6168656626387643,2
0.9896050426881122,0.22850539066175257,0.0940983032751996,0.9380979011689776,0.5903686469761483,0.288929108284118,0.06738054324066338,0.8604641896149522,0.1717094520503718,0.2404653595199763,0
0.612436915796273,0.9039644114560503,0.006019853676349651,0.06390649767000849,0.38808826517203426,0.32968425627700443,0.1340725903854681,0.4815829907556141,0.14461241298144775,0.9323485545781867,1
0.41276376190369785,1.2651824081261598,-0.28119400473312994,0.6179050099150964,0.05027803637304597,0.32345700809693123,0.2185306420845081,0.3623096824349445,-0.42208787372172407,0.48288341941665774,3
0.9384973814035162,0.6402318533570555,0.7729469569606776,0.0911825473731447,0.5783068483306437,0.5846293977362992,0.3255026391272664,0.21085185533278172,0.8622757612549149,1.0215424559014437,3
0.33883575854422254,-0.11496346970602245,0.6620736489200756,1.2866623594720372,0.33637864020651775,1.0802351457213455,0.15866573643786994,0.46492429682318803,-0.15422281371342383,0.3920404714897839,2
0.5355786650474434,0.38526291373680216,1.0151928490037245,0.8465038617690398,0.4018776367963495,0.9502890125205736,0.5411194570365665,0.3494634247639535,0.7421800276237069,0.3691849806100392,1
0.52944158071513,-0.04408629646088852,0.33058988993584426,1.017811843927384,0.6717170136735741,0.7227673822320932,0.7265333561301602,1.1815984780351074,0.10321853610726625,0.8513925250353673,1
0.9121433386840346,0.528092095571196,0.27289071893128936,0.8104435884380133,0.27669226482699394,0.7536731860178003,0.8470558784530252,0.5019865409030343,0.9348587805609483,0.28772253075996795,2
0.01599032034276597,0.13301297426764813,0.2697907218904304,0.6685389276690223,0.4944096274897308,0.5867655359557071,0.6556909773945524,0.3544519383295755,0.8803838764486628,0.7347731538703901,0
0.030986966659407998,0.24308683349853122,0.6925572969211637,0.025600511989612898,0.04177050768755903,0.2829440919380064,0.1269861303615833,0.8746328959392963,0.4706317671890246,0.2967175786113993,1
0.5136885641769899,0.10955085912857046,0.279606359267219,0.5418217947611148,0.44768737587126073,0.9189294302195175,0.10607680678371073,-0.0983199032253596,0.26569974721933437,1.0300616616401967,2
0.8005751765637511,0.2502575151354911,1.2325665068470055,0.8113218469053505,-0.11093567795800596,0.1946951957077655,-0.3503067513071013,0.5769148014474937,1.2244268091953998,0.264024373173066,1
-0.059552394856368096,0.0048614278558167185,-0.017385313813935627,-0.22190207804836573,0.5938312415835483,0.5012425124026058,0.25566765175993794,0.5569177007994925,-0.03240185728144229,-0.08305022711294613,2
0.998900437392359,0.47124932315286255,0.3177556878250862,0.8507504744863298,0.36299631872999283,0.6691386809938998,0.9128062804026479,0.5498623477967837,0.9757968821487556,0.24009205577554268,2
0.48207368870033207,0.5030179664854766,0.5237931026741935,0.993170575564307,0.6550332059071218,0.6045448037340572,0.474607918397168,0.043837269878071995,0.7769629801426693,-0.06821579751409634,2
0.8483726990672424,0.5164715892110371,0.2825070100566504,0.7374752333642588,0.7828728495921006,0.7062191079110535,0.6557844296198061,0.08949177907347194,0.7945176774867863,0.912170140763299,3
1.1554372315014365,0.20737845852261563,0.49376371713156453,0.3670985139654124,0.31869101279413914,0.4276261199731184,-0.2215462842653944,0.1325283690302682,0.07391295413965943,0.6211572192318725,2
0.8079889224358694,0.11924593516014695,0.7075333912144539,0.7200611131572993,0.1549276399679862,0.4827273835330516,-0.17655565399670764,0.11301952816841743,0.33577564820322464,0.6147935310217209,2
0.033455263373490765,0.23441761158535657,0.7013143893026297,0.02185601758641679,0.04253950052062049,0.27788705723867724,0.1330504923115204,0.8654842947670539,0.46847596095275923,0.29757906211873447,1
0.5476304613410016,0.4157558702249637,0.9155474117666463,0.7239227780137975,0.475576540525772,0.8420589670816954,0.4602317901214251,0.3284035537286662,0.6566985906430893,0.24398679806448137,1
0.7242552195573042,0.1099353650594741,0.3446722434333332,0.621386764539673,0.1332492641192296,0.08250688916412091,0.13833582130374134,0.5854791838473145,0.3347726179981641,-0.07022978942780012,2
0.6347542794694521,-0.1573584251678607,0.3579715342934254,1.0023494193656965,-0.45987833037369574,0.2897936071467336,-0.6650678110369869,0.8914860086783098,-0.03873465912426699,0.47493168110856293,0
0.1299420971023579,0.07069604941402635,0.22860341119852745,0.9286928524215898,0.20428206186844217,0.6991917081469243,0.8642154823387638,0.538807712818868,1.2234975403155424,0.9227214724233801,0
0.2931337688650837,0.8943293577882594,0.935466661846364,0.20477863029484422,0.8691733522176137,0.35764912966434864,0.6926104632799261,0.7935210594971156,0.4287367940092219,0.7866196563307287,1
0.7970263203961132,0.8454126115631502,0.11652906717347379,0.8869536401420952,0.7270011541107562,1.0138879340517175,0.6262707400845273,0.5105205570535971,0.03136882926570757,0.23268339923559428,1
0.35721221021301536,0.4503453099116661,0.5608674117331288,0.8994575892042478,0.07526580131605537,0.8174863040270861,0.13842096320431985,1.0977974098371341,0.8601224386636677,0.326152202283907,1
0.6162435010382451,0.7649826388046236,0.7282986897398307,0.4563025950024975,0.6019480004189799,0.7053010453958588,0.8773946465457341,0.03706698707562487,0.17144647957407205,0.33828522263321376,3
0.6043116268613817,0.8353750995998401,0.16876693593252617,0.07952885820335108,0.7280683736640517,0.10540427574325768,0.2684495258260652,0.35099787005996486,0.589556309030363,-0.005171492509788338,2
0.10623466522441277,0.2565609951430311,0.32917057140773087,0.6335802516509921,0.43647282358167716,0.8511904853652733,0.9556656041847946,0.4782488793498677,0.6408276810404682,0.6177885649433412,1
0.6112300985901566,0.7194758273890868,0.7388113434733281,0.3978983218972165,0.5927170014851304,0.6108336212802595,0.8483393597655079,0.051296269286970245,0.23617808050843875,0.31980599328445075,3
0.1726133829305027,0.7440672703254667,0.2823274995899089,-0.03273067088064027,0.851457030744737,0.7074146836853149,0.6694787573664772,0.5848236493675734,0.6027504058610053,0.1124128221643286,3
0.7577910924639638,0.6659710716430195,0.28225979683121666,0.45994275632361775,0.6379983702721326,0.9134768427100619,1.2211110016166131,0.7064100771333708,1.3497070557120878,0.4443403206014924,2
0.4082794308449141,0.4415408527680282,0.8464622196675261,0.6148393535170414,0.9646039434727739,0.2790254239504205,0.9115271221007326,0.8357651012832163,0.6092591339477452,0.5284720940618524,0
0.40609693946744696,0.01556695067145477,0.1703026256864512,0.9891071077543714,0.5267489445255539,0.6654072917432032,0.8013647982855886,0.8782942603371118,0.29598810833777783,0.7870917398237931,1
0.2793261761334873,0.5756125753272803,0.38387397906807497,0.8043277490348021,0.28361981336511677,0.42830181165768,0.42962949675865486,0.009457974914809403,0.9425230127042925,0.273271466974885,2
-0.0032911402081447216,0.5808618706091108,0.3855094702414522,0.16542794430133323,1.0819240461550659,0.8301552251259027,0.5175099823691066,0.3433146292530553,0.33666768574995687,0.10487440531291531,3
0.9510926155617774,0.564726021741611,0.7457856710929482,0.10651174995633181,0.5803283953872416,0.6147583244192921,0.39724165871612466,0.22988639488437854,0.8364161337263624,0.9626301728380456,3
0.2349252484341411,0.5201933218219574,0.475921924090685,0.7808230064803992,0.1857563988930927,0.2981376565282151,0.4599484112107849,0.05833174460509544,1.0886724452986747,0.05675160467752888,2
0.32194211074456786,0.8724779115986316,1.3451134375691116,0.19629753702061772,0.5870859781661459,0.7930777533470172,0.6281846647579248,0.8588297008156361,0.07409046539412972,0.724482685953277,0
0.571374977376646,0.28636510734996534,0.28063037357257925,0.9668645006028247,0.2062756119813174,0.39943488355890355,0.4611399776683472,0.6426074398671424,0.656161621256658,0.1958383951564702,2
-0.09095529076094996,0.7925399662329706,0.3440948379381374,0.5768027575515895,0.3378850181039028,0.5390336759758658,1.0308877872552125,0.62039919364675,0.5362803595313639,0.8616356442926578,1
0.6955564898117117,0.8341104401849195,0.39060422776989445,0.2624129863803944,0.8469334872870564,0.3367129361509771,0.15529678411554393,0.5232152629050136,-0.044632461297076056,0.39072113692112453,2
0.6592951287534101,0.5635718916119699,0.8854680117982947,0.7399003749604945,0.26472088892368906,0.6654531321851969,0.4917115347302394,0.5765743320198291,0.8716412182314793,0.5186074873018284,1
0.8132010842452467,0.5313046486560319,0.22713693434045645,0.7731740514902052,0.7613259505751244,0.8327181189988989,0.7574496899522069,0.10654639139514352,0.7588017527757662,0.8711742399563184,3
0.27458856600996956,0.4653845639859812,0.9991677664643239,0.6142899421367002,0.4159697646714399,0.6900813056334004,0.13075910177938257,0.6386254086264944,0.9204903180011375,0.38470913172007926,1
0.4622048426335588,0.24323503398370028,0.8456839370994633,0.13253663389058368,0.5817768712960931,0.06251766159670366,-0.11183198195405042,0.7024563983252952,0.04867185955355774,0.3887146227542927,2
0.8217871799893287,0.9995541467258376,0.405309631391827,0.014461591977847216,0.7763345648670057,0.8427183440480014,0.9376450002141854,0.3179803963946568,0.29875925251586205,1.0232004579172662,3
0.9620653879468397,0.4588318482582374,0.2551349344934646,0.7160872247157823,0.873024391199018,0.7468545151682133,0.6319968810210853,0.03160690960448488,0.6983909390508576,0.8846574739436578,3
0.44292937420234585,0.29220535814971554,0.7236028942919919,0.4993103224630705,0.6331966527214521,0.9494951186184252,0.5176970118146258,0.19548400745220731,0.7959104039318683,0.1999612006950321,1
0.8741374938143522,0.2837015284070568,0.5601898613944475,-0.04460615126502332,0.007990308122585141,-0.11805780819928716,0.532717331597942,0.5574086327705643,-0.10317441638050823,0.5361751145363176,1
0.5287504011048764,0.38144954130722536,0.7700736741171919,0.7394543741198003,0.573404355280817,0.8029297439285962,0.21583195254678986,1.1400841167283673,0.7251882002529302,-0.20277802613600965,0
0.6686893975964793,0.6873448102022328,0.769561998780093,0.41844576745340833,0.6669935831066421,0.6270785662898297,0.8908155089509138,0.09376814623750859,0.20898366884175074,0.3341840372651922,3
0.9611623998565272,0.5661242534666208,0.7602491997839219,0.0625309144411234,0.5502984845657027,0.6355758541264932,0.3730507507172943,0.21106041411081242,0.7970741133368402,0.9696002421566822,3
0.5770288752947438,0.8618538763405174,0.3076568142909551,0.5309765372535287,0.8709537436900054,0.16825705661011084,-0.0593687771412298,0.1746948800636014,0.5537204506065038,1.0004707150871877,1
0.8331371075681236,0.3287508544633888,0.9269491193875385,0.3959853357199322,0.45398856050279307,0.25517236281695627,0.7037675635169354,0.6442564271977206,0.3831813023359187,0.47887598372870455,2
0.845817381685021,0.7825635704583922,-0.08771405636023138,0.6365201518116446,0.22092819456417426,0.29753897825649445,0.6260249576674161,0.5283202479624804,1.0627179127067563,-0.12943965356071457,2
0.8003769886413886,0.32754123174561606,0.5508989325159674,0.568020829214025,0.3084405043221218,0.1892868945012974,0.050242251275924174,0.42096469954099736,0.43429110687138023,0.6453601545037386,2
0.2936910208083212,0.45207190181477447,0.24247116852658346,0.6593031901511021,0.04295174460960953,0.4307793422214686,0.46667588403639665,-0.024541329123552585,0.7784367991458568,0.1793573266488028,2
0.9612126237178409,0.2046143851415866,0.3160199972791917,0.2167851371969028,0.07416665433383159,-0.03127119067106705,0.6084128840406126,0.7149250711453192,0.02763388036919763,0.5262741645295864,1
0.12385943545382691,0.2974548544599142,0.6049922489650785,0.9665057403768219,0.27348488613360356,0.6801585135667992,0.44423979961484317,0.34946921601511005,1.13048156600287,1.1105328217017925,0
0.943338112987321,0.5986018979981749,0.31971081955026553,1.0319758199543303,0.09980517976812511,0.9340349260499862,1.0973976848516476,0.7329923939813577,0.8419897212083284,0.1806250122885532,2
0.08000020128794542,0.0757293768943789,0.3028310716990738,0.6879069624736839,0.5243271845902444,0.5818048279191625,0.6265066330667783,0.3722027794046202,0.938333036255179,0.7955593444323378,0
0.15717767211386918,0.5519624089055882,0.4811940138617757,0.034720386692119035,0.9350795393449893,0.7457379810767574,0.47227701551582874,0.4904978467099869,0.37382916985306736,0.0844027128691166,3
0.8822847488124547,0.5002026829874173,0.41020360521680493,0.6975755361051408,0.8529312288831308,0.7058440629732154,0.5824232114489046,0.12083737681728805,0.6880853727976124,0.8955163848992728,3
0.30392135747502,0.3666074816490067,0.2069488418381576,0.7268247426209707,0.20815036509240675,0.9019920182328456,0.8134640545417624,0.4491047370602876,0.7005917368164807,0.8435803876445082,0
0.6531150790049626,0.22615107256401124,0.21799161822630894,0.24691883937370937,0.6294854405685465,0.01526230132388399,0.5748056135570876,0.742822542140699,0.5738035368369346,0.6355001051248571,1
0.8484980022918276,0.4309393799495287,0.7594185197961283,1.008424630757093,0.749378620406152,0.47934551687296145,0.2704673170753368,0.44095390166097104,0.8095699967111203,0.8638933227753767,2
0.625751438467564,0.2271790318713599,0.10232290858796098,1.023104058718611,0.36174865979036697,0.8321845841902507,0.9239018914502054,1.0365292233524694,0.5708304893104107,1.0330261222082862,1
0.5316067757791846,0.26600570441978033,0.11017905424568242,0.3926150201740416,0.18305195154042653,0.22289054527328847,0.3811235227242509,0.18542559152710797,0.89337369264491,1.027819834010216,2
0.10460275935307244,0.029324904922901976,0.33838562156359975,0.7860331855010744,0.5324097831042279,0.48873633385896775,0.6607063580715781,0.5058186955717544,0.8049007839371658,0.8283214261489983,0
0.9874595017843019,0.4391298702744561,0.3944191745061618,0.8882314772653225,0.3159223717981852,0.7589774743385145,0.7265283740974251,0.5929715550231667,1.0040933286185765,0.23198849132680918,2
0.014430446751446044,0.8279987558711794,0.4007531279431528,0.36568331037211893,0.6630870960908466,0.6963472426854912,1.234229176909519,0.6086732052751229,0.5739326002644295,1.1291215502208043,1
0.019663083736304453,0.8028373011404322,0.29166625426577864,0.5382049060581198,0.9080629237285966,0.586620195583405,0.942827834471097,0.6344733014188743,0.6211613068118843,0.05249791218507985,3
0.7044319099643547,0.42042489701896124,0.10774016951284565,0.9702199114749379,0.05915374345829072,0.5169981279221764,0.588013020921726,0.695580535301976,0.6897261855284622,0.1555027648527832,2
0.4718620233211172,0.14917279428140498,0.42096021495819413,0.959843744962055,0.37751091246227486,0.5244887743322624,0.4036847265895541,0.6622145425113568,0.8504474779455349,0.3697755306349154,2
0.9591330212049317,0.5866584515714319,0.7830609906701984,0.0520727837112153,0.531063607739681,0.6316547704977773,0.3664470889541305,0.18533762554177655,0.8323463387080835,0.9485247464550759,3
0.17034454568009377,0.7524666416521926,0.3247492819381065,0.5246104852301487,0.5759764848797742,0.5945243613245021,0.8555369914432167,0.6302287696785874,0.40217365008344386,0.8755778289708277,1
0.12303001269224619,0.3622949677748907,0.23686297852460667,0.11577927780248698,0.4718152744468772,0.3102515050919373,0.1347715981921169,0.3103830205580689,0.9471376451265139,0.7343294383975173,2
0.20303607056594827,0.34361334798406795,0.057466428782999165,0.7605996860343401,-0.04062771636354416,0.6101320752313159,0.519003063833578,0.7306838364069621,0.6760922607430592,0.003982666835271497,0
0.2870815578707706,0.8347443197859767,0.9451936462430095,0.5659604661112195,0.06023521615911404,0.2277872961643392,0.25995903532335224,0.7806366532420043,0.07062860187569711,0.3051746764434122,2
0.5326639977123165,0.044730236311540855,0.1163033483229712,1.11329336065309,0.46947592371360397,0.6305131591444503,0.9340705892670702,1.020249240080627,0.3187036076718177,1.0224657551421137,1
0.6314265538920741,0.8377450426057099,0.4375690498604182,0.2524132814693821,0.669949925043372,0.4980105797747041,0.011610552102373217,0.6364617836226244,-0.17283495257882692,0.33818277591219525,2
0.025005878825809617,0.23869219855026272,0.7052768020226742,0.01986296006934498,0.05099986508398599,0.28033258835345437,0.12694837291612387,0.8721970046499826,0.46498787785400075,0.29368581648370196,1
1.1449283498146015,0.7714514948640967,0.3747060781752753,0.7542390981705113,0.12543267422723903,1.2309539877374314,0.11571394890529438,0.21526003959487952,-0.3177130643425475,0.7991273106819623,3
0.2771236160485715,0.6204076524376592,-0.03066294029901151,0.8819446497883644,-0.3243837269275448,0.32795364466847854,-0.539850348797089,0.16621659555161117,1.3801796881642927,1.0215787473953397,0
0.31681392657555335,0.4190415634415658,0.9615286458806614,0.6233484970262355,0.3963002237889589,0.7599003245656595,0.20110329526222806,0.6303317246946031,0.9123545964444453,0.41360247076749485,1
0.6239887101538709,0.5031012410003034,0.1170570971787922,0.8787324901457425,0.06619209469841358,0.46473187395882076,0.5278840014424768,0.5787200547333735,0.6051337696005704,0.1399823054853388,2
0.9807018227754167,0.3426273843530253,0.4926624645324311,0.7450821855924956,0.21780360029371226,0.7084808416401989,0.9705666981302687,0.4840773150258222,0.5566503750058351,0.8507476505374278,2
0.6157663837861179,0.6808939155709011,0.7873924923429648,0.31399954145262976,0.37921735673570994,0.6034168110709799,0.9590725443593467,0.23925059462263898,0.10811627762017532,0.4464139412150342,3
0.8757701587783664,0.5420472516025733,0.3425863102886808,0.7400011968040575,0.7314949466447284,0.7546615735070717,0.7317554804839931,0.04547900044819716,0.7773094868747895,0.9314265731065599,3
0.441954266285316,0.0014390033583578515,0.40284749256812336,0.6774988398942945,0.6605206382193446,0.4980628888133184,1.0158227371657682,0.7300074839282478,0.4537645144326672,0.8008129585469431,1
0.486162343521263,0.06166483024374524,0.1383936680832997,0.8837305075349731,0.5364068295325732,0.7158120371512254,0.8818782337720805,0.9868117612349612,0.3457999203525111,0.8829104113087761,1
0.12745581385430588,1.055800058499071,0.3037144001105195,0.2845048850439582,0.7204829764848708,0.59805951554352,1.042674634600788,0.6348594389886103,0.40236100254011264,0.8677347259361456,1
0.3275507147370303,0.742464124670769,-0.0049814466528563875,0.33311566422117467,0.6980891645140654,0.6187402671869352,1.1489348709939466,0.2344951787709934,0.7311417834021152,0.6938165186749001,2
1.3656029080042065,0.18576653349530375,0.35976039935762893,-0.36719672400679104,0.3575816997434803,-0.1958166824731491,0.19818373183295507,1.1685050756664743,-0.33142525970925696,1.0131166374998515,1
0.289323553968307,0.6317382245614739,0.9032533833577769,0.10091422429111757,0.6040477161042901,0.3958583388909102,0.41164887948531836,0.848209292615966,0.22618532327668536,0.9169981712605001,0
-0.17521455478530634,-0.24807400064172574,0.03965899241716547,0.8138968730229966,-0.1456979156439595,0.5940652464055209,0.8023643124056568,-0.004066530998025619,0.7815996551913781,0.8150861931047753,0
0.28785401981253084,0.37805433530212457,0.34466533347514794,0.7497658422656182,0.15672367562808862,0.3904059655275526,0.5235697821056978,0.06446856067371115,0.9251223993188231,0.21583115377122394,2
0.9734872432443592,0.19980808414884962,0.08941772514928828,0.925172826109233,0.5998125655417016,0.29834575072766917,0.05300953671472058,0.848245825683052,0.1711994360781139,0.2688154110329613,0
0.03776989906630654,0.23286537215591618,0.6877569356542399,0.016901174835777633,0.05569723339022452,0.2689380735373537,0.1357914597118636,0.872565767799925,0.4562864914086322,0.2921682272315149,1
0.30604526069447663,0.4031582394613,0.9605953052298616,0.6120519168090011,0.3634745579467923,0.7500323483219198,0.16638955989904583,0.6355312824289784,0.929705074394447,0.41353307958150004,1
0.6463849695648257,0.1748352405062763,0.9957282819459575,0.9832764488478241,-0.21169365023432973,-0.062028121951365645,0.6017679842983984,0.058976381979051085,0.009601748231706453,0.9018066989057862,2
0.6727984926581885,0.6899441755914688,0.8484016611227515,0.1665309188898465,0.302675004044883,0.9245299941924672,0.9157988160813989,0.795614490948449,0.34041442991515786,0.9011547989275693,1
0.08189897321097243,0.8443557221471234,0.396699116995046,0.4698532170766005,0.5186660462791711,0.7114056801616603,0.9524461452240781,0.563928595498056,0.4598478976745381,0.9169111298934762,1
0.4750818079822397,0.3228633193357349,0.2702383658591057,1.1833409600765263,0.010996879161682377,0.28644002272117686,0.6359465470982474,0.6154208484987902,0.8148258618352999,0.2282168241875362,2
0.05155152307149719,0.7979413564575505,0.29146628031803623,0.5250656578684307,0.9216969919672775,0.5962364203142339,0.9098809092636128,0.6667639694161315,0.6368653053757937,0.08117470446152933,3
0.03698245211305906,0.14007305595056516,0.8018861706494157,0.3067002490989024,0.011247011034096574,0.2900058717575321,0.6068780136444001,0.3587983381180528,0.3323306166025407,0.43702887356913667,1
0.6506242122299082,0.1980345362909598,0.47972600322876713,0.400261826247839,0.352509330741812,0.2638398931101159,0.5854872561863169,0.5594906354401166,-0.00422363137763368,0.456979989269403,2
0.11176530032380017,0.20432836949900982,0.63983746995286,0.46126293360677884,0.18464325173909532,0.21051319698862048,0.707359113539639,0.4291679311341122,0.39922929861348483,0.4642529279260619,1
0.4742290587502483,0.06595651071941468,0.12737539408969695,0.8893639631214548,0.5205564636639566,0.715231265461535,0.865841147686338,0.9975368501492373,0.3462703638764286,0.8759636482815013,1
1.0402729861043372,0.5011974807086934,0.5994189082641115,0.29526072691103794,0.05178922996676187,0.7631853109424199,1.1295279436880068,0.4708434642175291,0.3372199421644702,0.7916073088135658,1
0.6468919309428824,0.7006969324762304,0.7698146785617361,0.42770644479683373,0.6072633053714106,0.6514232890065103,0.8776155349723113,0.11140316876677267,0.16597852485072456,0.3438981516125989,3
0.25800336305449434,-0.08363677882527512,0.10886270371699328,-0.07266119492797608,0.717166292760275,0.32523454473356656,0.44323323067928583,0.535471734579561,0.3381995937211876,0.17243295780842322,2
1.0543588654880383,0.20694388613050335,1.087470495259111,0.5487796876987487,0.7060874958069249,0.9274211402068224,0.5378379433538006,0.4203023588522044,0.26977943592096587,-0.10485520250589553,2
1.2162289497510697,0.7956298830605821,0.033843439801062275,0.9893495171551714,0.540880241441018,0.8694237718271755,0.5978396675903885,0.43528333203767416,0.8403676324777226,0.34715945799563164,2
0.8211514192715361,-0.013623959780612538,0.7228903350474158,0.3587165084300856,0.21363888846821555,-0.033236955891815634,0.04279524584121978,0.34877812355984594,0.4937080884354244,0.7211838920348396,2
0.41927894918842346,0.7445451971410063,0.3130689711461908,0.5600693494126956,0.8702458653301631,0.2552309126635771,0.1246139794395717,0.17211420939656666,0.5417159187799788,0.990665004366832,1
0.04218928295098019,0.1098790035481547,0.7785815919366205,0.31205271674703455,0.07516310633975,0.2832759079086418,0.6449129736380131,0.41030813408531003,0.3164309779202077,0.45694289558661705,1
0.8197241515598066,0.6173476593788206,0.7910175741729194,0.24150617750263023,0.1793379280871431,0.7282972409950915,0.9993443937699337,0.7620546301840481,0.48544694768156904,0.7606034736780314,1
0.1768918705647475,-0.16167238752515536,-0.048322702084377334,0.009876916446786692,0.6726825870462622,0.24478993063573268,0.5595697489657219,0.6379478869414217,0.10493473107549675,0.1388850333716141,2
0.17549110383141095,0.8369888446497166,0.3496666524440303,0.6942319245834891,0.8862543605009268,0.6019738730844085,0.9581025087832953,0.7123557858513623,0.6937682054426824,0.044708583250207,3
0.08072370165276364,0.050843153662693714,0.3672240749178276,0.6905675088083203,0.520777305808218,0.6339977174502426,0.6357455085798185,0.34661726483146393,0.9155400139103336,0.8148700772079641,0
1.2534864155735375,0.6436071484449968,0.5195475648761871,0.4886188876713359,0.458946168805783,0.18755304631449318,0.5643475856186039,0.3943758400611697,0.42069949261422324,0.43724102618191174,1
0.024287514080817085,0.04308291032296303,0.015451578032786961,0.8790874509263052,0.5108819388448415,0.5916054812524946,0.14320581153845663,0.04739594504275063,0.5620955954769928,1.0401797679184617,0
1.0231009175945796,0.1532098762937018,0.40789714160131196,0.1757122071291623,-0.000527635533229878,0.030529620386142625,0.564112572949038,0.7684276563248229,0.0163728448491363,0.5225467409339086,1
0.7784102261305188,0.5431060335984726,0.35286648585355873,0.6651638163558669,0.5405232366929932,0.7991632513176881,0.5376878348304955,0.22643703295242587,0.6195998100592961,0.209618636308248,1
0.7753877448686556,0.8935027231382288,0.07110140109677457,0.8859888290334421,0.686255924832526,0.955134587140497,0.6200969107502368,0.5710224165266337,0.05697366379199135,0.26327371529450555,1
0.03461760923174236,0.2440854888142197,0.7063836313695834,0.024224499067553487,0.041645334926210344,0.27904553151982814,0.12327445596683202,0.87048957639692,0.4595898253772113,0.28886958481648817,1
0.4915949068980691,0.5119402789536472,1.1520576211713716,0.7413815257359975,0.38419947724652775,0.6644200745587677,0.483047870017502,0.9331947802650193,0.828852098719723,0.48062807687771164,1
-0.010557982113914968,0.7465031110026736,0.3978369716793085,0.5233119099553708,0.46413552450087964,0.8057448809462652,0.9140865840469139,0.6482986892822771,0.534332161987191,0.8359939746364435,1
0.7678357021729519,0.39244424409414763,0.8611261731381373,0.7451373884013567,0.5430940384406665,0.583528264158468,0.07702868067625805,0.7101428766376737,0.879253610008795,0.39993150819184214,3
0.11926430715778635,0.3165655928758087,0.010190606001213881,1.3921348173019772,0.42008654213584895,0.7089614281002371,0.5805919125535319,0.832476920888843,0.4986486602731647,1.3516631153308116,0
0.5846772305203959,0.859795102565165,0.17491620785787457,0.12391360583290253,0.7927133761624482,0.04722681867149679,0.2418510898917937,0.3678829213005953,0.5873616918784534,-0.0004775445287937916,2
0.32866434345149936,0.4323259055370921,0.3345136244026201,0.716702267311054,0.14517744353025971,0.3940187695752449,0.5254185402245758,0.09681462544877725,0.9628342975472866,0.18455171752898522,2
0.8832681736016283,0.7739855798126534,0.3452110110023993,0.2160670540828563,0.5172733611572738,0.8426401234854565,0.8473815419187681,0.21937618124548264,0.18846136404429653,0.8846415356713099,3
-0.1605444751339494,0.23069430139282024,0.08998670060271158,0.6684692044375043,0.4766992020646632,0.7090108301235211,0.6247133326735153,0.2502661001280348,1.0910130010789643,0.5950583445244213,0
0.9221601089738072,-0.04583900876763508,-0.02992144192901247,0.5848585169149405,-0.11201586394454144,-0.4452710945067121,0.4695777214799223,-0.2751222541577184,0.3207071149328925,0.7698952052186558,2
0.39435841420319884,0.3094645732727972,0.764154569122199,0.23803474566459026,0.18151803923757787,0.5642565340404121,-0.2280845299679895,0.6432638054463838,0.9491266109700018,0.5211049500074912,1
0.09867330629858125,0.1576041896301292,0.24108347933687532,0.7087356158561811,0.576406274206473,0.5714939520249949,0.5968874534389254,0.3311669645557815,0.9224411338900202,0.8696202626601824,0
0.6263528998789403,0.9154621752671243,0.22961094774778712,-0.052635356948358525,0.6375892125765276,0.011984347389909271,0.18498062420747324,0.4951173892995255,0.640748645774627,-0.1447195993003058,2
0.5734709449137411,0.8972380224022425,0.24348937240340973,0.08561420846540246,0.8495258660644558,0.11024702334595105,0.2643130268064762,0.3048590049737427,0.6312318780074089,-0.0053052027374400415,2
0.5109570838118022,0.9367763834009026,-0.31110276041123314,0.11729745909734147,0.14615792596056787,0.8812765725143266,0.9272648488360272,-0.06265686753326671,1.1434800755782413,0.8438641603528823,3
0.11118162676433127,0.12274867860719664,0.8558621826435512,0.35522090343944274,0.05076146359844467,0.3262583509176573,0.6286005579757986,0.4207709919107996,0.24876248967543005,0.4225366217027058,1
0.5853617635087441,0.8909392459320027,-0.019364828593110835,0.06686450229744798,0.3943538982825355,0.31496792077968555,0.16388649095350794,0.506526358653749,0.1550548519873345,0.9090240681029386,1
1.0225261404141284,0.5930747974953773,0.5503393804243896,0.8893671059862016,0.23999290092226266,0.7150792489832369,0.6877913330601162,0.37404643033772333,1.016445427931804,0.16307644136867544,2
0.7931718020424926,0.9380421954827224,0.11077153812510974,0.8346752080546154,0.7587813653878044,0.9467382341738336,0.6204881897562541,0.502416508244641,0.032870526869233904,0.23082424717624456,1
0.24889812942762327,0.7223400772510351,0.8589097025180773,0.24447618675350402,0.8309486010758218,0.6911989158350746,0.5427731286872234,0.8903404259899086,0.5455123674355233,0.7768204675510488,0
0.9748360147793426,0.8735297036868293,0.4080329880437317,0.03620632491096322,0.7158334767296743,0.9359070014400847,0.7335813672042658,0.15509402585286863,0.2358111668242243,0.8843759059574374,3
0.07956615744372035,0.3708126246034373,0.1336974833779512,0.07804076172677743,0.4159178705328519,0.5062588620204409,0.16200631632883897,0.38261716891596836,1.057402916478953,0.6789906470691317,2
0.14366674902352256,0.5937651486308638,0.484882748769889,0.028993574310089722,0.994967940648904,0.6940172292039668,0.49208076294326564,0.5095965094858043,0.44799458431051514,0.09040732978447621,3
-0.2849260654294773,0.8912144554039865,0.6595829247354374,0.48791840846918977,1.3063442577011322,0.6472438964020371,0.4920577212139503,0.28179265876408216,0.24134373986183041,0.2449390548525528,3
0.5410117005101663,0.05093248949969936,0.4443106293332029,0.5235453629265483,0.5265639666512449,0.05840659835208356,0.48350090825947367,0.5959721633471036,0.08978332568168423,0.342474931285353,2
0.9274101622094161,0.07443336770582014,0.6617246053344015,0.8561761428847173,0.534061718529287,0.40866496331480434,0.5976901025485719,0.3508469456934311,0.1323531389180415,0.6140095710909638,2
0.07587246652640318,0.7859783534008195,0.4468785920587027,0.42383301812658647,0.5969037388066868,0.7751480146875412,0.900616640908139,0.5124547378028284,0.42487326300297706,0.9543592853938806,1
0.27234331017328517,0.14265761350580553,0.22402295216425044,0.7564123398182516,0.7466183573184,0.5615619347098169,0.8760434139166072,0.7635582131752194,0.4076792510765186,1.1339111704896179,1
0.5996496707374774,0.3552089124695916,1.0628220869320617,0.837123176577927,0.5004558207655444,1.14520459626043,0.39540489796512335,-0.2268091537536735,0.771634593308402,0.21145233619609238,3
0.10271746266541772,0.3672279291348567,0.19266738982826875,0.12306836196893849,0.8961730854126301,0.4255184442655688,0.6302684533549343,0.5296978396695213,0.04168741575518031,-0.21886081789990386,2
-0.03827172365183115,0.2652643465535867,0.37222556253925454,0.7457211907049426,0.5227441968201365,0.9189880933285023,0.8128082001216206,0.38183754025897837,0.5616736944443069,0.41588303939693794,1
0.5890088235343092,-0.05512291865451428,0.19622650027365338,1.0858669416819562,0.28211525495583073,0.5975858727795523,0.6425737138935824,1.098677769769342,0.3947181219970657,0.6284939723825036,1
0.6972320905826356,0.5958309095059359,0.3420136447545632,0.5129538016624413,0.20789539512315347,1.0105304208864452,-0.017355822718345515,0.08883516654521251,0.2774649126533856,0.5213922607685605,3
0.6945000149454096,0.6406352157909931,0.7251860120600716,0.4106834834659811,0.65763183808482,0.5844988972686619,0.7938114031118564,0.06584905616107979,0.1845855659901633,0.38977811899272186,3
1.0443639379245697,0.6884049714535324,0.2203750919152922,0.8449616425489498,0.26771044275791855,0.5681063288343279,0.8498502625814073,0.5157306987938454,0.8408490990200571,0.14945978193738807,2
-0.060627454698916006,0.9732844043969963,0.2679575327254422,0.6229980142807462,0.08626689044849832,0.06933562212922867,0.3457436431216463,-0.34464567796285384,1.5130756590833876,0.40768127205222204,2
0.7600362147941518,0.8836466440100567,0.07940251119584257,0.8707457780091888,0.7121874770470048,0.9654121277794857,0.6181112172353874,0.5521220694064356,0.05162128375428417,0.2761567187593231,1
0.5418509495053189,0.32634892916133407,0.16062879357459753,0.31014502200202126,0.22368751127068262,0.20201129033988832,0.28861913204199285,0.24829665269355083,0.8136271948538755,0.8647123285532491,2
0.8936374685740227,0.2339672105505664,0.524995046899374,0.4338796080853049,0.3924911572431517,0.12896355065395315,0.12667972049031093,0.32050463391597683,0.4032838101947132,0.6827357100184218,2
0.06450556751334757,0.6282499744960077,-0.27954492832084193,-0.1642868710880783,-0.10599317071266695,0.4121199763438964,0.7835586421792621,0.17059343164776514,0.7479443018891019,1.3252747129521278,3
0.45487612640417663,0.6282860108603031,0.04547445829340924,1.2844225434602243,0.47243923880502325,0.7002078446983268,0.6759267616519553,0.6205105051372438,0.1454005736986497,-0.21786732494798394,0
0.8716495007561563,0.08274070597072086,0.37369883399741266,0.4118060083457391,0.8424787952132926,0.6800061499104612,0.9690209680174552,0.5151485381272596,0.02863025708695184,0.7328600654632588,2
0.8966635015973855,0.6591986975445094,0.06929682241938523,0.8485639126092802,0.3593696615206532,0.989221573214551,0.762196700302707,0.1111654662987715,0.8402305731062526,0.2631830965029486,1
0.4349725962764427,0.06882103144420511,0.17273358108645645,0.8510301416230406,0.4942270036315709,0.6575910285326665,0.8769739484691327,1.042938590003583,0.28729189489228313,0.8330682141070446,1
1.0070572388468122,-0.06892064351357974,0.2543988635345521,0.2266607394962759,-0.0642308448060665,-0.1036447626646631,-0.4021342907081223,0.2900810270010196,-0.017113684515405125,-0.05872231393565308,2
0.9449769093908524,0.4755294054323339,-0.27572840474035576,0.7443660550515587,0.8563415045550682,0.7739394264096542,0.8072141056051265,-0.262150933243155,1.081424277275803,0.4320531674642452,1
0.6557407253740899,0.724003023297615,0.3407291911198244,0.44985463848347146,0.667789374925916,0.21882492115998703,-0.08929547502853498,0.22350510594804962,0.5158919286078849,0.9054849414850554,1
0.3744265953505548,0.4852306848783104,1.006010597428283,0.6160603216018037,0.36066605956686376,0.6140950509568992,0.21757379332770807,0.5959374256825962,0.8565837148854698,0.5315818614358699,1
0.3436901997579379,0.854642184893701,1.0102297123680204,0.5915338257719198,0.07199280491788078,0.23794023243977444,0.18320911466994605,0.7926997446769357,0.07322432104316079,0.30994642692415303,2
0.06541143266242815,0.5111056364145552,0.43616319659052255,0.01730010576342894,1.0332245770272,0.7251185240810589,0.42534082529205824,0.49667420611029495,0.33607045032401683,0.11095742222387772,3
0.5096467667386249,0.8303017416563542,0.32145971673224716,0.5127150223196526,0.7866400644370913,0.1740210304411547,0.017627226919237387,0.21167157171596523,0.5309525356189663,0.9324989106890712,1
-0.11510070782739024,1.0440423613390775,-0.7087395747140072,0.27896753357907855,-0.6252283391259862,0.4558428024688018,0.22951611263565017,0.3636884351168793,-1.2596922615450061,2.028313664274151,3
0.37597711425814073,0.022371062628779425,-0.4929942355542153,0.9955258048853051,1.5713852262144314,-0.013019663699539274,0.6254084189065579,0.46973107639408085,0.2998323276497697,-0.09432381142495999,2
0.4351758234405276,1.2437886208640263,0.6216057264103103,0.59374647828235,0.5525882731104157,0.5187676512745948,0.6973252454310989,0.8177646349183073,0.7669839038452457,0.8551726120087073,1
0.05732739662080527,0.09091407775571245,0.2036312353900907,0.5919821369463003,0.4599768657322668,0.9802823253522416,0.7715410228023779,0.36557866462022415,0.7029906551401991,0.5917110975944794,1
0.8771522534651043,0.29267088939395625,0.022611895253236758,0.7159330013442313,-0.05431113717391112,1.010265314332862,0.7745806369134747,0.8647097527136476,0.9739988943309055,0.5095807462023377,2
1.026708216836409,0.6281431951165136,0.25337996361487447,0.9746039549882327,0.43040392236271413,0.7457284916967163,0.7826425313622283,0.5923223746705203,0.898078667298862,0.16133608064419525,2
0.5165348440886165,0.030189662680365735,0.14758202234411238,0.807000650914152,0.573421001945168,0.6728876925188213,0.8392240798736914,1.0607414085942426,0.3099940623940811,0.8193881848221396,1
0.11830529487842471,0.42941235736486494,0.6857838319615481,0.9327226694631714,0.20291853879449692,0.4538922424285401,0.6230007228340324,0.9692990147002611,0.5960683701234244,0.04296185643196174,0
0.10296886729030917,0.217474307628668,0.8759449741024348,0.42732293058930704,0.09463891224309773,0.35237850053951747,0.7369129720736496,0.33253983820440247,0.369883992420315,0.4608740570415427,1
0.48011794745028585,0.7236282998057808,0.06180330213191193,0.17046008578316707,0.8557582212796039,0.3701766143611481,-0.047736499734395615,0.37090121011067234,-0.09076963091870724,0.4449373271105555,2
-0.008845382576504385,0.06373332346317095,0.34130786666964374,0.737923340225867,0.38998582644394075,0.9284101863093479,0.9397843212047927,0.34273553357543907,0.7733251252857853,0.5857841267053429,1
0.684156858584448,0.8177671905237258,0.28890126257478504,0.23293516676631512,0.7536257218279279,0.40791514308457805,0.1126196415106138,0.44299836163612843,0.038886440135356255,0.2711467110973191,2
0.1272144908454776,-0.1590113010775333,0.2890541113966355,1.0063523588827727,0.49508125635413563,0.797621274557354,1.13714002143531,1.0731597633378487,0.15244004649381396,0.6164509535449807,1
0.3113199609229381,1.0513259418385976,1.685920554238538,0.6491029243114417,0.5682532282026651,0.003454740207624707,0.6525951882631177,0.656741497833911,0.6241550336330148,1.038771653151896,1
0.05630096974855256,0.17417392126838954,0.7769491029373976,0.3225825531884,0.03206497703742948,0.2695843084145754,0.6643246083660391,0.3988473687049394,0.3454150067831845,0.46399492965475003,1
0.02863833492076865,0.23749963981135244,0.701247995348988,0.01871001494961514,0.03945233195001655,0.28103724661539886,0.13115192077949164,0.8718573246897937,0.46814091737901875,0.29804998435162827,1
0.6834892336825746,0.8380859904702528,0.26806010376243894,0.05577076559333381,0.856516597565985,0.09354530299138666,0.3630829593238376,0.36771110810243895,0.5642229855219594,-0.054464770715947616,2
0.5777997111583124,0.8763170113632236,-0.017033988485344837,0.10245883694812154,0.3486130751569712,0.3215513111003298,0.10335959109049345,0.507311137127119,0.0954253096710258,0.9221118036249117,1
0.4735878869637024,0.3240680954306255,0.2965313912444455,0.6300589165460565,-0.3094149528772571,1.170362245013605,0.835841839191902,0.6342297953140701,0.664667833202218,0.5706621004965216,1
-0.038702511222837244,0.017324586545330353,0.739952210617627,0.288807730907936,0.04809504939430735,0.25681933637264803,0.5250444337528556,0.4188781135321849,0.2937148568943946,0.390164060366347,1
0.8893298795412221,0.5042699695880446,0.31379929116408917,0.7718502235698527,0.7663051985231369,0.750713192390641,0.728596045046147,0.15634367014893483,0.7616105972505746,0.9619542270880316,3
0.3612801025513249,0.3802721817787232,0.3831674030782317,0.7331285496412165,0.17528744008449493,0.40294064130329577,0.6086629339778294,0.04088799069311914,1.014856064503775,0.2778182531629576,2
0.10768398950139793,0.3547714389393895,-0.3121035725003572,0.314295853293704,0.35092476522033783,0.776234642655228,0.7630245482458338,0.2488726883215824,0.690193866663988,0.8568510286210108,3
0.5446537558474589,0.13550197275339548,0.14799973531621324,0.9070313729688099,0.5823425965331046,0.7634260217422814,0.8945185706846491,0.9715827538358239,0.3789368101037467,0.9320030917004765,1
0.2896266298387903,0.8341042705023554,1.0022463204178302,0.6132114403878033,0.07486473297298907,0.2626648074368526,0.19995160674611398,0.7809689222249134,0.10983915006170229,0.27886945530813767,2
0.6571144999699499,0.710951195415525,0.7569600307546023,0.43412254662173466,0.6320823915508725,0.6462111582543135,0.8753660346021847,0.06993983884204127,0.18761872116277703,0.3364458077769385,3
0.4765243068029069,0.8177824361116495,0.2685623734217746,0.5589231749670454,0.7916515572390236,0.2088515768489959,0.03350368950269181,0.2195171752336762,0.5394907583889152,0.9058788704939668,1
0.8419767051116618,0.6506133390549207,0.471359769281019,0.23922738814562386,-0.051273849472084354,0.9000856978122531,1.452788718551841,0.42381423966626297,0.3124054304419044,0.6182000192889301,3
1.0904412893704263,0.18343603264505415,0.5274027151968683,0.13659532363080895,0.1193389230228921,-0.005885902961269535,0.5685992063866804,0.8558989899242329,0.0933162206444718,0.6257966475874811,1
0.11865507418340376,0.8795660449198287,0.4534912462130228,0.5223928350400939,0.48307769620220825,0.7261578391795308,0.9610733010638864,0.5370919344025439,0.4046492477139319,0.87892337535269,1
0.3579829305170054,-0.14960689081787257,0.1940199490947239,0.9173081019577699,0.5534093316232889,0.8751119286221409,0.908175464750672,1.220470128578287,0.6255002665838747,0.9835164456064822,1
0.33615422130276734,-0.07561260737183306,0.18078135959197103,-0.3663289871716217,0.24887390684072125,0.7370331271029805,0.6804785227404793,0.5432377079741983,0.19114718781595327,0.48350019100396885,2
0.34191015524289164,0.44399952778169327,0.9237306668509875,0.6846023455659869,0.4591211697974353,0.6521415199591825,0.25970532260369583,0.7226328028746876,0.9638948650250192,0.4229748927053273,1
0.5200110934029681,0.8219011100179613,0.30999280910861005,0.5133968136949537,0.7948202269599095,0.165701359790069,0.024101754049265664,0.21873026868468812,0.54063731509191,0.9190739564055792,1
1.0437897028017458,0.10736430702503966,0.7035674200071269,0.658947305316191,0.054976886112751755,0.5420595398990555,0.4273373483185265,0.6288199050238573,0.24336387535369303,0.4074328243312568,2
0.06081226563851778,0.794486851462487,0.29863203577361397,0.5067015428379082,0.8985436247424017,0.5804148815352669,0.9292554638208629,0.6475005038725568,0.6262243046560602,0.08331126731957793,3
0.5306246979110892,0.843497842141623,0.30204027261318855,0.5433623219052525,0.7714939448312162,0.18340602579976883,0.012169232105533263,0.19059872938328679,0.5663336468015756,0.9246595844479587,1
0.23517114109112852,0.9343455429854352,0.07372917323412223,0.42080097807627315,0.6392091403346759,0.7232325667534412,0.9613310187193344,0.2744233367113185,0.7485419359672856,0.7315205358026374,2
0.6480745231242653,0.7056438918491785,0.7625525664291287,0.4290774249402774,0.6369471535580968,0.6597375163032156,0.8711805330257983,0.0778517784424325,0.20045651797458844,0.3205723017272332,3
0.013839300961942552,0.7235475281328332,0.04900280002144695,0.5537664314294963,0.6378607839101347,0.5824231958491666,0.7164449284969494,0.24935658571446592,1.0103225362014077,0.5189079286334664,2
0.4222357672003196,0.3737334164780854,0.1835905415793241,0.8492102112988125,0.18032175911834775,0.26104219489288355,0.24387719979623285,0.48755666130628716,0.7303797379904463,0.8885486075419262,0
0.21527513993953667,0.7964166192513097,0.5483880673920352,0.5312956967463806,0.6628612193709391,0.6923506878479448,0.8506625190833945,0.5236490526875903,0.393527680490721,1.033438689851032,1
0.8831137507964305,0.38242458300138105,0.5903733226033709,0.5674294572253692,0.3590188396863785,0.23648069981661524,0.14983077120318308,0.2884852432291283,0.23646887896738825,0.5223257441171306,2
0.5475125088576849,0.5961414230843064,0.050298594478035585,0.7524086429946781,-0.23076460851252584,1.1180496680713612,0.21888564770926164,0.5317169519067317,0.11472479583008159,0.7141586074134478,3
0.29430025803278675,0.3539960966133414,1.0461210400883347,0.5610866624818533,0.45025209513042525,0.6754725083869694,0.2391016845573457,0.689946678586969,0.9223199138972754,0.36901521575454044,1
0.7752651437010252,0.8319527726671898,0.3774382072451754,-0.0010634698900422873,0.9173831187261259,0.16360632979155587,0.18542136394355457,0.6043461235815044,0.7832662576340678,0.019428352206707758,2
0.3551004861524647,-0.4270315861089662,0.7541281891629781,1.6108750287453995,-0.43068234524764204,1.3833313533864078,0.47054155463859343,-0.0658982915341173,1.1426821977914807,0.21197409531334588,0
0.0024750568938755185,1.0053944209214702,0.5419990698910975,0.5436105638876261,0.575269183565406,0.8105748960521532,0.9679992540140342,0.5556382311009066,0.3673667011346013,0.937956508466496,1
0.8274506136074892,0.6399215819953543,1.1397414000859591,0.1754341638261397,0.3854333900060692,0.2671848130539233,0.16176131967143684,0.26756086282069924,1.0556996228943598,0.48771710103976124,0
0.4407165742290526,0.009682069477465798,0.2003348801159479,1.0053323972811685,0.4478514244130336,0.7942423794836055,0.8042308569366142,0.9801944370302191,0.3843918514166276,0.9594690135981954,1
0.5248120817110045,0.12598239142054823,0.30199717452223346,0.7745783187697657,0.5626784887901466,0.9412276248696578,1.098302355713633,1.173360142893725,0.12612416728646608,1.1106680932101316,1
0.8003883454920829,-0.04252699778603741,0.6714000012757718,0.9856980815630979,0.6511738294596187,0.483362109738873,0.48897372077548823,0.29001482031243936,0.24559037747856258,0.5606935010643257,2
0.5433064666544987,0.20623068359451113,0.048065927963587746,0.396370155033138,0.22994562736863847,0.16087494017312207,0.2950917867169109,0.18851754303752305,0.8547249140551213,0.8617825345881358,2
0.2030885246205807,0.5342295542800433,0.12831058133091383,0.009561395253820732,0.2498205208305295,0.6738525569101532,0.5552119407245921,0.36741988224149336,0.9739114141628404,0.8701432418787911,3
0.5476972307084443,0.8960541845708333,0.17116624727567153,0.32464013477092984,0.8762380175755656,0.36395800799159633,0.15575302634929072,0.4461924810092765,0.005647839658481833,0.18102884648651213,2
-0.014568273689137254,0.7846001971009151,0.5433053093007,0.3917350808032025,0.6528759873439535,0.7511932935416009,1.0172906815517013,0.5251071573135601,0.5106518716521518,0.9377099649012286,1
0.04181074923941159,0.2272992373510508,0.6935851589554681,0.026364297867622476,0.04471124984221611,0.2861613557103493,0.1189146036257028,0.858195433066931,0.4741425587055165,0.3067744375242907,1
0.6077243305081794,0.9079962256127636,0.0001125080989337196,0.05796041424192719,0.38384719071358236,0.33212728597061936,0.14115320212884352,0.4867552368936876,0.1410676306242723,0.9335214946115887,1
0.6855885088078678,0.34234542279378244,0.27260802664516753,0.6136294312857697,0.15402989964673292,0.3421308198397412,0.975359326956987,0.3450701898739443,0.582659710847037,1.2722077337859257,1
0.5408638481596254,0.0237610567685511,0.060396690246273005,0.9678447664321566,0.5764916450724615,0.8559743505503545,0.9380571479546094,1.0592519864897916,0.4932476906491938,0.9058083075222368,1
0.9481433829610787,0.6634580337428223,0.05895001900621914,0.9197144828707556,0.4038425945766268,0.9131146715018124,0.757672615482105,0.011835785029659707,0.9048507043166372,0.2867139704970748,1
0.2674414682156302,1.0205111189762455,0.15610738404000263,0.44653617967657,0.5409741561244535,0.6556315107301339,0.9227230370593836,0.21309958625225792,0.7256520489730827,0.6455686519454101,2
0.030427765518903072,0.7181610729293672,0.32639541426315904,0.6545812987803032,0.970204465053801,0.6082253514116367,0.936135965423638,0.7246154207161704,0.5588666120408214,-0.0595446834574061,3
-0.0007655649300479517,0.219342525542723,0.2768118086531164,0.7466148164355623,0.4732530171134702,0.8457576781033437,0.8355663945752978,0.3495827028253342,0.6464409902522247,0.5031091191179226,1
0.3035563471967275,0.11153130224529051,0.8284811285285821,0.4622641631034469,0.11714133643195224,0.7895622414183638,1.1681593705667792,0.9421929645761626,1.1469781813276603,0.18382142116936262,2
-1.010873905252732,0.1342704501025011,1.3927986853150902,0.23752945115294288,0.156818045677644,-0.21922707397047925,-0.15132814695004237,0.420816179752522,0.32645660179430896,0.45783679188046716,0
-0.07761943132197713,0.6620858614028067,0.42505459652388955,0.35010349405215113,0.5693998394884465,0.6163848216906209,1.1366185837372662,0.7522695860751374,0.44725274133946685,0.6721235082190339,1
0.3467504250036553,0.7882892218497928,0.08114940664348594,0.24536408513158423,0.59603154927792,0.691613408809572,0.8518239000399185,0.32936225308179534,0.7978018163181281,0.8638637853473659,2
0.5333876267523476,0.041712788485650826,0.06960740721081397,0.9783650813930342,0.46168836605516045,0.7989916796940872,0.8461922380838224,1.0103351840365353,0.2731269323820999,0.9222227755413183,1
0.6475703456054102,0.22434562917715184,0.21015739582261098,0.23537486133932317,0.6466889746510828,0.03686257357262193,0.5725143153329866,0.7703050390027206,0.5875648017717678,0.6618729246152458,1
0.02548417903547677,0.8184123388806261,0.2775787135004933,0.5259881347904315,0.9365786437147993,0.5612702230306115,0.9213489458851125,0.6499559236686079,0.6236639653119498,0.09306875221810502,3
0.41027810378351875,0.8914006865482671,0.5396735568554109,0.455273604456518,0.96926155309095,0.2043716698978419,0.043054324542912095,0.6511049613687794,0.03834366509409289,0.45731963701200395,2
0.8718630307929311,0.20852396420477814,0.4148464488886558,0.5114964372328781,0.3750297824032834,0.6807387113733986,0.9074141619893235,0.2891035564985103,0.622722638487415,0.7841454965557592,2
0.9282751288009955,0.6571294445464655,0.35965437093937214,0.03689258030857384,0.37597650107674807,0.5923792437137859,0.2751354707861378,0.3364149631029153,0.699339169016765,1.0780553116156861,2
0.2322034330550356,0.34771830488317024,0.029911903753764128,0.8220597209736425,-0.0028486093561801915,0.6500660221874307,0.5515811061726358,0.776355857639287,0.6412427076285324,-0.008357636410134567,0
0.017974840537751984,0.708575108615535,0.24936335681330954,0.5992110471526421,0.9370812922494969,0.5579042788724997,0.8705574910128099,0.6798272718214143,0.5581911105274344,0.09179926036124468,3
0.6130338417731537,0.01197274495036904,0.11564837015228363,0.2952940396821421,0.6972066396315968,0.29590663435715236,0.8619851318108744,0.7325163365989644,0.6045401039534652,0.8226397744980606,1
0.44305673919187283,0.44509338509305435,0.8247580369193427,0.6534157270382325,0.9262809921548648,0.38447711294297054,0.8539388476312922,0.7869629616211504,0.5691315085284856,0.4279991406005565,0
0.08942638193388405,0.4793326946283599,0.4037753063925637,0.1141431356569926,0.5863165560744936,0.2942542087122884,0.1864208956070485,0.47997287620102336,0.7453575249818769,0.7351501439725509,2
0.314418605483477,0.3597280599529679,0.40015471276988485,0.8133239793966728,0.1373546908310891,0.37055902416608194,0.4890055240824162,-0.007404086320564565,0.9812204707397901,0.16912197187408348,2
0.6096668705550188,0.17598870590061688,0.25057507089619935,0.8673042885382428,0.6206971353917492,0.6411908810576091,1.0127748381787116,0.9789737116611423,0.26280889520266304,0.9963679110296169,1
0.35916253261036624,0.4277183710781694,0.13226085108674054,0.9108821702300893,0.1702724106338738,0.4593634750767109,0.4433634293276108,0.250688066060768,1.0317886615785221,0.3477655284773068,2
0.34237934028326156,0.41521882140741484,0.35319524333878466,0.7010832731773293,0.1685216679487095,0.39583466588087746,0.5092517471859864,0.08114520841972123,0.9530553047673668,0.18473096988831614,2
0.5864729216391237,0.8793237531456928,0.020395288629671056,0.08927300015706381,0.40152834414170546,0.3217368238215648,0.1289984244177786,0.5138962812561245,0.13250201454838764,0.9413716799128834,1
0.6607986540807386,0.39461651178076385,0.6720796160132461,0.3442657249836534,0.4802610486652485,0.020137012744406296,-0.25725559013420274,0.2974007055799508,0.1504507867118709,0.8732039404675906,2
0.024026969728769533,0.2466994304615326,0.7054648258577307,0.028929794009372005,0.04938005906640939,0.2990792509121423,0.14021684209755475,0.8656939240903968,0.4672808348825518,0.30455978020486685,1
0.7676817245071397,0.23884963601450576,1.0188660636827491,0.9439885787342003,0.33374269487663155,0.9189328173505974,0.7708926354725323,0.5011301251069665,0.41634482056088906,0.16314137940531248,1
0.47673558010138956,0.5075134647552594,0.6307668658140149,0.45622966079417937,1.0822491279148894,0.474543952212151,1.012380594145542,0.5472966152617372,0.16830395772043344,0.5085418891040727,1
0.6601479899196916,0.6963292078212778,0.1853518682963172,0.7254299478248512,0.07147561535169544,0.6267674427081079,0.8910395890779206,0.8602746945269286,0.9273714230792838,0.24483189782801384,2
0.5883063363542488,1.0951315503983543,0.02766272245873247,0.3027288458865729,0.7464270889986492,0.7409341337723039,1.3477283774812872,0.21203027374322353,-0.14844161103920012,0.10828310326486883,2
0.0437232131165812,0.11757528586177116,0.7713598764746298,0.3068210581687163,0.062204778107392604,0.2694824804318688,0.6382007356560851,0.40850617963690955,0.30774899819948237,0.4526050174060272,1
0.9467962507422654,0.4411728054146917,0.8994220568193523,0.07468094449833763,0.618765244747073,0.5657642105899373,0.24813638065481114,0.22376850675686102,0.7355373729296568,0.947613799582754,3
0.4544030296479588,1.223274540412202,1.3244249122780278,0.5373110185800715,0.2674082574000949,0.22865360793012734,1.0705228035174703,1.1845369503085708,0.7309741083410874,0.0992193635464953,3
-0.04909832817086254,0.5516952646381548,0.35931831740601416,0.11563045094057271,0.897954869387997,0.5607275205159685,0.3903525700319612,0.5190373331106068,0.40354331809859195,0.23459736924089003,3
0.8735660760936991,0.560707881289175,0.29749408329726623,0.7225661886655853,0.7392395036976934,0.7944856837871442,0.7071580886310785,0.11074629367267023,0.8218213561798127,0.8952011366493273,3
0.6463273616751484,0.7029581161197862,0.7632068779161069,0.43576162367622373,0.6444909954379163,0.6495030220971879,0.8703446256928243,0.08284392873364663,0.20554702577674752,0.3283606533397489,3
0.5512666033039488,0.9286142838892218,-0.12854459850687275,0.2737129101657824,-0.1760544951580399,0.935752471217649,1.001348709917472,0.5757204821646763,1.2837097610154327,0.8110553997608982,3
0.1841354815247734,0.3570270213106066,0.4385748440621531,0.8210626018110735,0.5838075234437193,0.6801405801856137,0.8692595073933072,0.18439737735120798,0.47140602781836366,0.3547098288714292,1
0.5471636687732133,0.3596036462423076,0.18225659528030713,0.8637539094461907,0.043421800151776935,0.4628835360978019,0.41793686547950376,0.6417709552608134,0.6170860507594711,0.12450225598066472,2
0.8375426009616943,0.2637669962403792,0.5341660048574863,0.523644360932005,0.372945112195499,0.21349514588130608,0.08690912372250613,0.40481186326152935,0.3774609014172458,0.6160493566064337,2
0.12239059161324269,1.0334010784408099,0.07756547740227981,0.5210634846929189,0.6882826304978835,0.8903219887960013,0.8407762324566834,0.1879222773503853,0.6238316969544739,0.7632267281233385,2
0.8870778613506145,0.24212971357564064,0.5806237574277642,0.5630434895849405,0.4121811384640891,0.20179485576922113,0.11268956943863774,0.4613580680053755,0.4208782796222248,0.6658530342400899,2
0.3079474107591148,0.4354603064386135,0.9891293712484412,0.6208619541790469,0.390471085928901,0.7253225559779178,0.18127005333098525,0.6710991330297721,0.9509657166378166,0.4353739347181019,1
0.7475561966222856,0.3366407949093204,0.2188636711504729,0.22041391127597132,0.6319877259310324,0.11562032893303226,0.6309806774834923,0.8029331977394032,0.552533627961737,0.6518649334546703,1
0.0924238734010154,0.6164800961653495,0.46742893349115017,0.05191132690009831,0.9548660428270257,0.6844001970210529,0.5235786418433639,0.5333531023903683,0.4332110091860176,0.04097661051797944,3
0.6974846917302808,0.19019467235152868,0.15888386127145676,0.5312009834495415,0.7573218165156862,-0.24443063749290722,0.4333462482647351,0.7949890903544884,0.7873140329422174,0.38781750069654963,1
0.6905616009733309,0.4103850541670437,0.6858679054060052,0.3546616955070749,0.6748458483710564,0.5206554660181826,0.6287288018715419,0.32343940769570884,0.13516892044128304,0.1882437997091188,2
0.34209360424027124,0.4431588136602299,0.9596376680405528,0.6294381554769508,0.42886758954050036,0.8005981655262063,0.2656308277325826,0.6474791728268927,1.0178932548953108,0.42101730111448193,1
0.6540196796938376,-0.018189684755845037,0.0550906546928667,0.3971493129580512,0.9420992485962616,-0.008582243698039109,0.47563378578224946,0.5795774183485922,0.3900554091918858,0.6094579250055542,1
1.1629826729411479,0.06414158063823919,0.3523127039356244,0.6862517797520702,0.4194687247058881,0.48793645775973293,0.6804816357254639,0.2414277701107685,0.09477761891652206,0.7897640982155968,2
0.9262819912502985,0.6682862192065976,0.8876553475193801,0.08377908816463718,0.5969840917462825,0.64183000723154,0.3231581531343341,0.06785381774902705,0.908630085604768,0.843950664514953,3
0.21407731117053952,0.25863559777665696,0.43476811340186594,0.5616747075734122,0.37971320666876185,0.6097531002237482,0.8120830489346853,0.4085022538988711,0.6292178871232127,0.693680881295162,1
1.162892360893813,0.3835917383873789,0.11551348933556338,0.23588289034957916,0.2748826605844442,0.05568315117678531,0.654559792882774,0.4533574471025408,-0.16419675737221637,0.41275632625832415,1
0.43357174446384816,0.08204290867014896,0.11029007064519494,0.8731791202157283,0.5070384969254444,0.7051259833847343,0.9023408028505653,1.0133140069834108,0.32511172650321957,0.9328791051692773,1
0.7697811451092499,0.39272706627310616,0.8789251548806704,0.7250823889929863,0.5276293430406974,0.6075658991270281,0.08469915141992518,0.7007764442478255,0.8637502886019438,0.40991501853463547,3
0.5970951539554109,0.9184526998645929,0.017290774656440036,0.047230127725268564,0.387927463064336,0.3122611606547585,0.1491982521660385,0.494741572128488,0.13338497550869147,0.9333621452539191,1
1.3808030006308336,-0.22310895305129452,-0.2705014965357959,0.8392141672415951,0.09643348678854557,-0.223630708518065,1.1894765889871994,0.2905047243357381,0.18589737615301466,0.7550233098609781,1
0.38268237516126524,0.4450339604730074,-0.052156834899399096,0.9765022393136088,0.2900561827732807,0.21854691400313753,0.43450488081887173,0.8173097663031921,0.3631612093147316,0.03681071781106415,2
0.04482963665333871,0.8837987190497346,0.41065055930858463,0.48766137027981676,0.5267715615453912,0.6823603016083265,0.986433430399366,0.5638921839573288,0.4533355275099462,0.9583383646919006,1
0.4496500139704355,0.03537539378966254,0.10418564458821114,0.9261554722780192,0.5397832917835949,0.6989836514646817,0.8497994697891461,0.9611168497554293,0.28977054523102086,0.8931601566669254,1
0.20070867016490682,0.020715338822015907,0.0579322808213357,0.027588233137371385,0.6939220429141043,0.2905699494270982,0.4655563850762429,0.43899733339977115,0.2294642444100589,0.20188678370700633,2
0.2610296354782688,0.9301109471860782,0.04144328651816554,0.48193317315223755,0.6531025535086787,0.7308175107033239,0.9703573553730436,0.2080383669631985,0.7029326253250446,0.7216456040513403,2
0.1464772149617093,0.3620811594548165,0.7064259549233245,0.07564012695611139,0.35214324079919024,0.6750190760489534,0.47548434441636156,0.6727290610306029,-0.30765210876946714,-0.07288252227305558,1
0.6440623622572683,0.4989645451482256,0.5631221704592273,0.3598716702363331,0.8589297544931298,0.602974173366743,0.575202304308191,0.31676475351474437,-0.055114596867192694,0.11469930842723562,2
1.0022055369831948,0.4665725405066984,0.30666650594733025,0.7469912170210667,0.6460157944297734,0.7721396375416506,0.6065471136378745,-0.03958344989060128,0.7492105796880562,1.0412938398450635,3
0.6446931821485667,0.17886358033216482,0.13862697504205865,0.769944396610971,0.6984003263662297,0.8648995259016032,1.0646793349003583,0.7847693643852087,0.27348504257903705,0.947010211156313,1
-0.18049040045799697,0.2373557906030558,0.06089686703745989,0.5916495515474567,0.40964690364618933,0.8624551943969212,0.6222939688578111,0.48546544439478634,0.44884169568000315,0.25657668235859904,1
0.40868492877939083,-0.27360324229343,0.5543625778100072,0.032788896969503156,0.8752395803010746,-0.45806945459139903,-0.053799361988338845,0.6887937504902724,0.47000471779023395,0.28239822270616227,2
0.5022152041992373,0.8589373222729756,0.12850623814047327,0.12502579806101666,0.9380210246695726,0.3084411412469339,0.4950682643938297,0.5034960012811017,0.4207929176775956,-0.24131056683701388,2
-0.05503982563520243,0.4350445864632957,0.6761620708387442,0.5077568748052776,0.5864246152567225,0.6176548673045986,0.7333741205801452,0.8294850328505889,0.5144878509895873,0.11729898005149492,0
0.9200556206248246,0.36342885771011213,0.2940956278970488,0.773491619184981,0.5444574065742076,0.6673891691723314,1.0919367955308688,0.44436639551356893,1.0441157177089304,0.3920678247472367,2
0.8488719675285127,0.921222341459454,0.7318986266416769,-0.15436427037021527,-0.13713351760829828,0.6550781461276916,1.371275867664315,0.8912368513380096,0.5666222874939882,0.43176210743595617,1
0.13172633840617298,0.23503122364790913,0.25428656719295395,0.8162387074201344,0.5550010862259376,0.8460681607965935,0.9533590877248126,0.3559379428953455,0.5812400016339448,0.5334649353203131,1
0.5192555092187282,0.8243594953242938,0.31304563333050706,0.5189265707690657,0.7928273799512674,0.1624123947666773,0.023598747645836846,0.21559699050680295,0.5375137792957491,0.9195715137375026,1
0.08893025348463808,0.31466024401664505,0.2299120401144153,0.8353151740627363,0.36146694533402446,0.7699456764174735,0.8446828816003781,0.295323079579345,0.6085564865965057,0.35556707575537977,1
0.38895970676455593,1.1107822400472056,0.2658460205196064,0.5101566518369944,0.7149614020906762,0.7305111603253079,1.1678393162448857,-0.06928553598895953,0.8313697013696334,0.5668192466937272,2
0.8652390972843198,0.7519420696115698,0.08994145806783185,0.785157173682314,0.36675942621106233,0.962638363170274,0.7589376770262728,0.1389950527868157,0.8161709691667715,0.26015087679225707,1
1.0968603884880774,0.6500421701493309,0.34351012232113953,0.850779361360444,0.451030631797748,0.7918658933501648,0.8280761550131758,0.335133088314247,1.1191444376140791,0.381055941150094,2
0.6212297600267426,0.7838788933362557,0.030052022211863965,-0.033839946071088825,0.5221502297053693,0.23028418422899696,0.08788126131196936,0.4919437142461007,0.08437644484725494,0.9432579489382402,1
0.8812181017212434,0.6494504537476827,0.8279034754535067,0.35352853182551564,0.28887641396734953,0.9250333789159586,0.9168897117422276,0.7259619869454483,0.42989012453945963,0.7954145301822978,1
0.31264472809281496,0.4055530802872357,0.9954830802437693,0.6291494357948078,0.3970210967379625,0.7434032870760793,0.16483793475234854,0.6579256151052733,0.9200256311920123,0.4406857062899817,1
0.7621050832344631,0.7766809102049326,0.03622862097607224,-0.023877669438528593,0.7686656535681153,0.1781403597158654,0.17763746821265053,0.5250768604748222,0.41003272691129045,-0.09459067756936441,2
0.01324596895208191,0.28132080807364346,-0.10644340807800035,0.35845414337173115,-0.3077464898648318,0.6082433494530706,1.1890220849633795,-0.26882957724413076,0.8813212744831442,0.11697009716309537,2
0.03984051156065035,0.7836308912295727,0.2946610930392631,0.5079866377890403,0.9064400665402813,0.5948736079939926,0.9101910323798668,0.6549962382359513,0.6407844847361018,0.06920865343261082,3
0.5243797361441246,0.8888765202035502,0.3708451588893936,0.5500740928038566,0.8634330812831537,0.20742729919223865,-0.03988082183266989,0.20814841412035204,0.6164664194539907,0.9104297464725674,1
0.6716817311465264,0.6367724842837754,0.42959546089501327,0.48231529187148225,0.09951422324941966,0.8680236997959982,0.1088833156929935,0.3376384141359402,0.09799457378967952,0.5837696836575825,3
0.21894940515590286,0.23097626495335455,0.3707724592910481,0.6644322492293169,0.31679143050590075,0.8583665348591887,-0.1888177498331513,0.71941210885334,0.6410315357714176,0.31442564607009926,0
0.8054181997641199,0.23140772356064448,0.45437350284568123,0.5687733376591659,0.43095217040472233,0.15491102518638883,0.08281306817075311,0.3856187042871376,0.44511378166348475,0.551584531523272,2
-0.0922206647282674,0.3002382903378489,0.2896976641743688,0.6393825945671836,0.6372465484147593,0.7728985703511034,0.5589673953970006,0.22834884850888768,0.9099065297438452,0.7669336504539838,0
0.3821265266613965,-0.32634001565043325,1.7327314346032703,1.0825952846276268,-0.5491921868722065,0.9394599933516146,-0.5347334353221074,-0.4266639003644386,1.3349740801623406,0.4453533525525688,2
0.7817683084809439,0.2011584450368009,0.16467105149281597,0.3956292981396118,0.6447024804987814,-0.0023427449872197477,0.6494930713929994,0.7818368960247055,0.45646720532720303,0.7287064040632312,1
0.5411069339195198,0.8263053038652489,0.23500179796877335,0.20539102385702201,0.8653529339717059,-0.0010545892361599751,0.25230970952244347,0.3339758100817822,0.6837484568477651,-0.0633465784342214,2
0.9412710009000047,0.5787631758222044,0.4070205698199846,-0.18211247266585218,0.6137605299956795,0.3649689671359533,0.21594979445807408,0.606903004427058,0.3658586747328992,-0.1344775424094122,2
0.9470246904820442,0.22044242668509453,0.12168103590413061,0.9496625618349482,0.6210662983556067,0.290816535157239,0.07221924388478045,0.8512230520528032,0.15098238879610987,0.24803084350472204,0
0.6837588406395118,0.5534198723850443,0.9253279206272973,0.21327703426597372,0.8014610334548881,0.7542290442148951,0.8916022439250102,0.06647838524659494,0.43016651160195846,0.0861059840172598,2
0.35044261546675015,0.5429751580898629,0.7391473271615769,0.9329751488620764,0.54378383546609,0.7971907366276707,-0.05238934033101583,0.21963661196328782,-0.17659932265542383,0.9430029497816532,3
0.9247333210483588,0.0921250891573674,0.6421292459866249,0.860980218566777,0.5334998735149851,0.43167739637040736,0.5732800370018002,0.3399906834833741,0.11436983556432401,0.5978612511017997,2
1.049801546024432,0.5003848474807866,-0.01455319556919471,0.891122991798242,0.5849876048165055,0.8216261439476096,0.4830019553845522,0.3053977869653667,0.6126043112379709,0.32091516715052504,1
0.46339680754723556,0.07030571447233494,0.133851638416252,0.6890576916991262,0.7751948300950474,0.4077332745174978,1.0064649212677783,1.1504509966875887,0.04407963578602142,0.6023675148618783,1
0.9326844481921631,0.5702084126236717,0.770654193296998,0.07528897528533648,0.53746857338925,0.6295257015465106,0.3863990268444405,0.18565605778024946,0.8150073480716771,0.9671271289736123,3
0.02371623922255095,0.8954978583380148,0.6799145925242486,0.550615547290785,0.6255897727925163,0.6143404394662331,0.1458026403283424,0.41460452872595044,0.13710818194888746,-0.3737737421855938,3
0.5925289274345056,0.8583505698207118,0.18388189520690362,0.07065353348853329,0.8054384297026524,0.11378661420180462,0.31097049358304263,0.40139541556305003,0.6350172791301737,0.007723691178846161,2
0.7460229721442859,0.4402462141182464,0.3712711786259248,0.6783211081564242,0.6499434658017734,0.7671489057546796,0.5373110474796114,0.2599604145944876,0.863226219204371,0.9797829877227826,3
0.7101628470765887,0.3272278147312685,0.15063387132994635,0.3129676003082916,0.6691364872104484,0.07252629813004338,0.6204462816862857,0.8487017593118832,0.5498818907444463,0.5564644573261094,1
-0.03180669699775368,0.3003668535982563,0.2713686299801148,0.9873321087207465,0.3132147336013838,1.1041656114616685,0.9259933393511011,0.4482202383757021,0.9552449316901099,0.3922695789490602,1
-0.032822083903344734,-0.04732159983528152,0.13625374466785123,0.17304846009857344,0.9028995625141523,0.14258304638601163,0.5423733780437883,0.32073989226387495,0.05482807084607361,0.32399397168121424,2
0.06365014500170217,0.7834476885340174,0.28061967199168514,0.5373003712204847,0.898355325013784,0.5706596189735393,0.900132242870023,0.6766754590109879,0.6309571709166818,0.07828029703246926,3
0.6410159170291144,0.4459906843720055,0.13757182669706683,0.8884442958365545,0.3874073118975392,0.2250670040820617,0.36139484390352755,0.4169074258034492,0.7186261943279543,0.36716153113880945,2
0.026990563841568088,0.12027010588136978,0.7544518326829033,0.31436576501884983,0.07234890768979575,0.2764166267436432,0.6567216815709936,0.419368799327839,0.2970922231988954,0.4175504800659996,1
0.19660235772659063,-0.011449259848229684,0.0982843097537317,0.07834875887410042,0.7947699583869193,0.21549084712100974,0.5222956278842119,0.42142449714558955,0.16380549358369406,0.1042102791229763,2
0.26792320985521967,0.06750742887339575,-0.33255846074000506,0.80797797493028,-0.019222915388359296,0.3059681034361091,1.200862554970426,0.585731290547274,-0.05007363083955313,0.522787407732036,2
0.8761137414099887,0.5530331686610724,0.30835059142366567,0.734926889370796,0.784462910001969,0.7473912818363754,0.6839949281912777,0.10419959102846736,0.7737029583503798,0.9246250733679032,3
0.22663559097225072,0.4072697335872912,0.03710460105905219,0.7915181755014681,0.03954451119549789,0.6131525541865611,0.5828360956005693,0.7916262130814956,0.6382307792316093,0.030660597726221095,0
0.8032628741411251,0.45830399610116435,0.573776715715605,0.2806993758369926,0.15221147717498107,0.9234627711333476,0.8451616773774846,0.5938155647082549,0.45355794237674973,0.6134196466657691,1
0.17122918570287676,0.8502279457686018,0.00035873550582642827,0.47736963931865983,0.6450522775352889,0.7977542687238736,1.016777188205376,0.20080327120401922,0.7531460599230618,0.79690413600827,2
0.6454944330270742,0.5561094026949677,0.7241019534282382,0.21357095485231137,0.7437094520377467,0.8723191342991947,0.9151430088089547,-0.030463456027673627,-0.09008091226194237,0.458647365067266,3
1.1012012415481514,0.17485799337882904,0.511312625326447,0.07080783367713848,0.14424919717497642,0.15847592905127716,0.5693722950944416,0.5875151247321795,0.029423859758005044,0.5310177535349224,1
0.06445209282974669,0.8621645475031577,0.4266577300087849,0.4622361548530207,0.5379004724969332,0.7306353443979102,0.9408972921701874,0.572545548026372,0.4508233305931477,0.91645251588722,1
0.5985804604839965,0.3539782829563175,0.0612473663486283,0.24873633849468965,0.5312885501075522,0.9075244506314882,0.7825900301198511,0.578359769604632,0.5354491507688843,0.5483009183493457,3
0.19028597706967854,0.4603020411973811,0.9172516670807002,0.807935336476675,0.5090003720114713,0.5739628878143047,0.1988499697818389,0.8338401109423457,0.8162829359157803,0.528708903651844,1
-0.15960106814926536,0.16740128308171556,0.41739580515760455,0.7785371724167309,0.6245015700853399,0.6159538085651629,0.6902019157807838,0.18484877386130627,0.966599878605768,0.9313226325269506,0
0.33133092422403054,0.8680918906019852,0.9821434755653974,0.6052098647450578,0.06328270530803988,0.2313052799465403,0.21770780041753407,0.7720835196053287,0.0931272393044513,0.276247053817894,2
0.7646802102427863,0.4221265757736776,0.6828996794765743,0.30715527395561165,0.6674612475776627,0.5106854249243957,0.6619981939810123,0.38706421235214183,0.113630872503499,0.19638712900545277,2
0.6898012485805175,0.1363352052499513,0.3049827639546099,0.6160591133775103,0.44071497140741694,0.8150673505150818,0.8010487793557335,0.25290260584205493,0.5578079689688717,0.7940117300851832,2
-0.06008760854843381,-0.6717879019555046,-0.6830354601240312,-0.06947416363261393,0.7812841847491194,-0.386812743272378,0.9963566346447568,0.8572438275722296,0.09380928823016091,0.8284670640882505,2
0.19073386982995982,0.4151927726876917,0.17280322265904607,0.9724140317731089,0.14434591173942235,0.6892111284040132,0.5765759758970753,0.4983286684654981,0.04223047483572599,0.903001513428944,0
0.2204539348056854,0.9052614032998686,0.07614163973268762,0.4924471928881887,0.6365712786107061,0.7317674760051956,0.9704201020991863,0.21118662167641417,0.7328525533489493,0.7788503831852127,2
0.6417339383632152,0.8022986579871025,0.07628840706736227,0.06705228828713046,0.2917388486937035,0.3669029999495685,0.2014227856299174,0.5449103680239092,0.02046674166921185,0.8094062932762575,1
0.1372874520871603,0.7314263205242449,0.23887960354945742,0.5783125036208884,0.863476601849893,0.5091294449834642,1.0174649590683216,0.5434006713447193,0.5910347333520558,-0.035136451607640465,3
0.7778822286972829,0.873187265324009,0.06094001213144061,0.8745359303007647,0.7053844411481306,0.9757477765134336,0.6365406358856498,0.5369353576447349,0.06732237193851992,0.2982789171125271,1
0.10610689435343365,0.49463415927581844,-0.2544455993463457,0.06973817539298807,0.22520729383108953,1.0416889965025504,0.9057243556730161,0.12340818253887398,0.904287987739508,1.0332678245749911,3
1.0561550197552774,0.17409213358572215,0.35826979424567407,0.1210218711313523,-0.0862504223317276,0.10721087122962185,0.5356409711558766,0.7662206853864482,0.0833300700082295,0.5436906826583415,1
0.6670358180293252,0.8436163532837812,0.08662568417199411,0.12521773157675253,0.8532494142094929,-0.022799895722234148,0.2795168843127382,0.4176030777144901,0.5195090234763091,0.0061071841485170544,2
0.49277721026923427,0.6267002608672403,0.12980552311814153,0.2966282093287058,0.9209788864074238,0.5727589713446226,0.8649547386628063,-0.060994541013232983,-0.27700788363784273,0.3299635365859797,2
0.5739657225747867,0.8645790111930968,0.16957613850418143,0.09457975010632115,0.7503086786497661,0.07455101035545632,0.272391276224213,0.39816716086342013,0.5897068505002699,-0.002333024529059183,2
0.8021887737184473,0.43310083637160945,0.8462549930774369,0.7111842617412296,0.50161898204145,0.5678288116599679,0.06475579515055016,0.6676010781484687,0.8558944400164976,0.43630026887552525,3
0.21154608091999474,0.9119002954871019,0.0502249724989186,0.47953125019183795,0.6105694647100636,0.7440583314029894,0.9371603340753294,0.18811408553666586,0.7158507345862676,0.7807688840566229,2
0.7756919030526903,1.1582095457956236,0.28645703658755794,0.16774873797700737,0.8029825580659646,-0.013979608296738846,0.27687136762777304,0.5103862340957872,0.7451659164431059,0.32194953289396505,2
0.0687285726081388,-0.1637919202686255,-0.09080957413464164,0.08595470571870413,0.7811605377627009,0.31662358821462155,0.5828469690911834,0.2878929100606512,0.2646744891342707,0.16729027243546582,2
0.0116805588471506,0.17017141585680856,0.0997180701579369,0.9530666958116663,0.3231192703207598,0.8333809348088759,0.7389400890874918,0.4205454131692209,0.8116134250437522,0.23335581612830497,1
-0.0021868376039125836,0.8649324451533995,0.2483717134966833,1.1237832891553525,-0.03517014561356269,0.26501198133339665,0.6234430933500484,-0.22775866822493707,1.3070552272333487,-0.09866763070148038,2
0.6137510211540702,0.46116651995260793,0.10988799577849807,1.0343124855281938,0.3748345155595032,0.7695918201282284,0.5465932798132522,-0.07563364228279604,0.8865023571086952,0.1771663718777487,1
0.07757461363392422,0.14545320714190912,0.7449639292788541,0.30312158440705184,0.0766671372927943,0.2887760110770078,0.611019235144806,0.43677428627292314,0.30549246539414254,0.4468312435745916,1
0.1940448244374523,0.0791770681358142,0.06594349117745163,-0.04496730767331161,0.785318806161213,0.25750977883552006,0.5207066270290919,0.5082849965801046,0.1900949915456964,0.15511941272374613,2
0.5077901742572173,0.8702311022297665,0.4642288390235292,-0.07616563998696868,0.5874052900853826,0.6239511019841857,0.5568096477956637,-0.04199301466181232,0.44492293071018624,0.5838540774779747,3
0.43172264316182063,0.19433470371657297,0.18935889098516678,0.7303420643937859,0.46270730451381203,0.6639185777684105,0.978533180354777,0.7971269961328914,0.29283160762300575,0.707670131200764,1
0.9792531029325857,-0.07951655623152876,-0.02042651668954565,0.6576269654694492,0.5600228907202522,-0.322016361869121,0.2861854138926079,0.37762388487091114,0.9291500677873767,0.9230882051851403,1
0.7733388760835325,0.40189570530462665,0.8774907261795778,0.7311212968848128,0.5269332674672308,0.5980535783455659,0.07416824050910407,0.6849379364601399,0.8609028655212488,0.40953977282212306,3
0.881590203631864,0.5350013322956856,0.7113574110522087,0.05392522367556911,0.602628195632821,0.6371468033467137,0.3402829364864321,0.22539599934693738,0.8154276698366402,0.9775880226126518,3
0.03206737140172417,0.21293733111271387,0.7186258033811163,0.020607466538448117,0.056979931588648836,0.25600482057874585,0.1433298380804472,0.8882284383205028,0.47569735691303056,0.2791669608066823,1
0.09940982652975015,0.21908988076238806,0.3651786875226634,0.8254269240918544,0.3900134904131239,0.9275482906034429,0.8894888665865766,0.3812251556783409,0.6951896370912816,0.5806311980958747,1
0.8511764854807304,0.6570374937917557,0.04978314808758284,0.7282706148334147,0.36362833469500483,0.8753892232166155,0.6622836888196162,0.15756519390269833,0.8282981020131815,0.23466298865703206,1
0.795202712669702,0.8989576093894793,0.09248773448713302,0.8653901056863013,0.6816206257264696,0.9718467640410902,0.6382176669889464,0.5137304614296373,0.015364163123674536,0.2448194955403027,1
0.8141224665835025,0.20084665862813605,0.2264851350345059,0.8314919634139107,0.7013989374131886,0.696268521874231,0.7587399329463934,1.162187016395459,0.12568041891620463,0.6316551184911732,1
0.7630346264498891,0.624162823689341,0.29653529721641775,0.8420131195198993,0.48749126293406997,0.8524779120236322,0.683490370091214,0.25310883367279535,0.740902300993788,0.4935231724268059,1
-0.05939604417145487,0.2665467926487254,0.2805285461937846,0.6747625080624425,0.39009111336936025,0.8891270264805907,0.9444035078366371,0.19577660722277446,0.5107882189848297,0.42218736935520945,1
0.8650293898399063,0.5797048648229812,0.2969486529864742,0.7653938851918571,0.7994395623945562,0.7532376288082767,0.647775558284864,0.0890214819897083,0.8155411683010153,0.9579789489393001,3
0.11380586529651734,1.0149605199501426,0.17496126634456383,0.1686769900624106,0.597150884033151,0.5935275975251633,1.1482361993235868,0.04750459363849979,0.8266497095693608,0.9766460265959394,2
0.11161533528921293,0.8925337758859198,0.1969746780371776,0.5428128434950116,0.5308618837155253,0.5193850413642415,0.9932349705771897,0.3651920147938311,0.41243220613844295,0.9034198461486301,1
0.5145093046032928,0.03820020230447749,0.16778833964726306,0.9745995521668237,0.6576654507592693,0.7998180120031432,0.9417034714439152,1.1082183471750102,0.30850535601888923,0.7535252338736951,1
1.0021827293101047,0.17677472855734871,0.3615892508427258,0.1306872886784604,0.026841129657760764,0.014050870016215775,0.5183542193242926,0.7381215972485949,0.04046185745521787,0.493683999192449,1
0.33967022955886567,-0.4203716566098884,0.23473834235614946,0.16224722763723196,0.5216470412223009,0.45266920913983677,0.05683466426030376,0.8552551161152996,-0.027980281913473348,0.5413642383551769,2
0.3798844988832676,0.7243634448981208,0.7466184020077521,0.38365680061149177,0.26174979375365853,0.7032531979218108,0.057857715494762055,0.6570600900952175,0.4715463787046805,0.17811991643460623,0
0.7775212236915735,1.4511459429917282,0.014954151872338728,0.016672751299992128,0.6221642887670875,1.0311578263056478,1.2121589144274623,-0.1165766884277073,1.0779305504819572,0.06517830715222162,1
0.6029229404568575,0.9309718340190434,0.035177267219943284,0.09551897510788081,0.4021642673961206,0.32038898217566464,0.15042313629325574,0.48567630851862414,0.1566109190579906,0.8917476662725268,1
0.9007408392865792,0.8504987234025574,0.0065315364578728,0.6872732467729716,0.41242725667425784,1.0616540296064974,0.6772914210058817,0.19830818635464398,0.7565440669073169,0.2737695233555677,1
1.035279322775915,0.6401402154306026,0.21156879953283803,0.6683637323935723,0.19819074760937389,0.7443270854121603,0.9440753078499248,0.4794351202774032,0.8496938875282432,0.37008489406223977,2
0.08316279274277613,0.30898733610713774,0.6465012234575427,0.8785139118610743,0.41939045634839955,0.5475830639647636,0.5171197861332613,0.7518265042513372,0.8242037711915365,0.4518488579821365,0
0.8475953348564935,0.08138537913822365,-0.08405524061340802,0.6415901167992939,-0.09836839994082154,0.5446556553523395,0.6093440025861074,0.3142800139207674,0.12884234876219625,0.6745051114838686,1
0.5831144281185493,0.8715508262613318,0.013968613697785938,0.05771831287606725,0.3566637772463406,0.29542458406467903,0.1030289503025889,0.4890172270062415,0.10691405067915882,0.915906070842712,1
0.03613621462286009,0.22801696821339282,0.694890021953283,0.009298048259783314,0.03889731501509504,0.2863115564971287,0.13474162527855785,0.8752007604802086,0.45913183854579087,0.30425322680727085,1
0.05951685673506203,0.24314314959990732,0.7010342031109271,0.014069297993608084,0.06740873044453369,0.28201101486520763,0.14347876668716467,0.890623236138263,0.47170651114228057,0.3007079820129888,1
0.3442910457580988,0.4084194708897181,0.350702461972467,0.7006097728336382,0.1649757989857574,0.39127596280128807,0.5126657364764283,0.08070990278375008,0.955523807464101,0.177663873529893,2
0.6870391226599031,0.42375071571759293,0.7204961703858839,0.3378343094978845,0.7092800675292774,0.5395802759575472,0.6182700567576863,0.355895767512,0.0870041778493418,0.18538422716509007,2
0.6842771226319435,0.7315929325950947,0.75947946199,0.44049291026294074,0.6982409690318949,0.6454135265433287,0.8683901960308169,0.12273896070025986,0.21379507782051552,0.33972148972589034,3
0.30343477321240686,0.8481056446953035,0.9665802611743343,0.6343857054040093,0.0524803303945076,0.1983673741485505,0.191917953322568,0.7743368151056796,0.1052592101111492,0.281373451151095,2
0.6329351798580638,0.9160804825610563,-0.040009827515982484,0.022436793041816096,0.44065266003215986,0.37972995240859353,0.11347381699679263,0.431218763656173,0.12544427604540762,0.9786026850664603,1
0.4107812274805913,0.5730670129997517,0.5317606083519917,0.5358357728162761,0.25068634582995775,1.110065851060891,-0.0015547479803971476,0.3497088002704909,0.058439301404750996,0.5993563861201822,3
1.0565231758643099,0.49553947938353143,0.39445701644779635,0.7199053778164919,0.6344413735014107,0.6725492642594137,0.5650688429537328,0.053356296297803814,0.7646058865950505,0.8088920841833552,3
0.6549165495396844,0.7667861766151985,0.36039924442696203,0.39316982022163904,0.23636096251828106,1.0097243144818726,0.18918091834321707,0.37697177053070363,-0.0006104991707910068,0.5358075596861647,3
0.6669836685816622,0.3382008408043169,0.6755053617026785,0.5460969810914355,0.5089718913328829,0.7191063098896907,0.6496385136923423,0.5761408049440131,0.008295864705779504,0.07248848036416866,2
0.02312963953333369,0.240432277535615,0.6963786587292015,0.012784284838212118,0.0431201476176198,0.2809416773162168,0.1312122856649537,0.865116182896382,0.47126074781951593,0.3041864996307804,1
0.441751267011243,0.6129319968824637,0.2922536909542113,-0.05438071162375763,0.5607038453522146,0.0013708299630814658,0.04051902442079955,0.3343177625192773,0.4783089269426934,0.011743351869997656,2
0.5639479997379498,0.6776186273043775,0.5487520186155421,0.162181013598915,-0.06795030946383399,1.1638471138296083,0.6291255122581823,-0.15325279807374276,0.2547387336178398,0.9356879570778276,3
0.20979229394803944,-0.0738625948611897,-0.0856538582777428,0.733828509215452,0.13718059425807083,0.7894544783896219,0.7323008287299184,0.5412073847242932,0.30948998137718964,0.8955815505711617,1
0.5644378249153752,0.3037621333500048,0.26488040595236834,0.9701591761947674,0.19773832911398542,0.3823500490398996,0.46084720620939884,0.641914089957691,0.6731773575725786,0.1942296937967746,2
0.5257235968192246,-0.32184046944526384,0.6866750115115919,-0.00739289077345439,0.49505967466061135,-0.28889917144543287,1.0082492656764936,-0.10052579300684161,0.517082215236546,0.5005315955945873,2
0.7669862212353002,0.40381300104682716,0.8708352887409062,0.7274150509756465,0.5251664021492399,0.599351882861629,0.07216009475023849,0.6906750663338392,0.8624092574135019,0.399523567909371,3
0.9470516025892691,0.5277010336220135,0.2766970607283455,0.8594507559389566,0.3262847552771831,0.7200292971018101,0.8475301103536824,0.46072296759090914,0.9613161225330785,0.2795590001143056,2
0.19775394834135274,0.010374710114670949,0.38457872815125166,0.7426863685331081,0.44494664676804235,0.5942066374490099,0.6552725312182646,0.3308088572661165,0.9718960071673067,0.9156151070993369,0
0.7148672619573987,0.3975359130268869,0.7036661194186493,0.35233605750358216,0.7019479343373607,0.5586950371208738,0.6632253428694641,0.33792691561267857,0.09514138214778735,0.21589183375932303,2
0.6852783140490812,1.1283664674275724,0.15687043950407126,-0.06071876522567585,0.9425842997083324,0.14102155017332224,0.23718425006645427,0.5557122223450564,0.5714417086773321,0.2733497809573065,2
0.7089404341432944,0.28511232406003556,0.33562755538438827,0.30162927176797794,0.6525552904144517,0.06851568006807283,0.49380393600599076,0.7358858640946631,0.4964140549794902,0.71348873005074,1
0.31149395134795704,0.06945200822531028,0.28307446849408513,1.1593810123562283,0.05752260558351263,0.25678876247662935,0.6097972280820663,0.5717761280217272,0.7816928103719238,0.45377345643247546,2
0.7344544831518167,-0.014766882973735782,0.5635661832318356,0.5717874006339833,0.4856469949154684,0.15088843479387049,0.6832231146937635,0.6402538660553867,0.07797581037310587,0.5696349853392081,2
0.8692764972414516,0.519524699484988,0.3255882730394146,0.7020219835273793,0.786794733102244,0.759242397577205,0.644937681626037,0.11528022009113069,0.7941632029708638,0.9184663124649617,3
0.5776737131924611,0.6340335988658857,-0.13718329423157216,1.0398199495144902,0.4465546235880079,0.9361117344590513,-0.1885497261494531,0.6277217005084528,0.09111722731040255,0.14167494534170777,3
0.7607073326902588,0.6264122287937035,-0.21232481120848096,1.20681794310745,0.4490076807746532,0.9532682530044956,0.9891753663580143,0.7181614130294818,0.9006881435478321,0.5485089362749336,2
0.9571959719421568,0.20863562835770855,0.07155136305477856,0.9400396161210488,0.6298769139886157,0.3056015759507613,0.01090872827673893,0.882876536749192,0.16520852750899795,0.22330279060021438,0
0.2835792895453679,0.26627948234465537,0.575419300425943,-0.013603467221603827,1.0182764621961986,0.5767457581328006,0.8932526127087292,0.41598509937669653,-0.13826000502815702,0.029286497595739175,2
0.10906288409858322,0.3901896628636432,0.3705062375027297,0.9558583801654453,0.022200087060865126,0.7258702071042299,0.7390631957066481,0.4371304472935058,-0.0435156530444952,0.8509260179984199,0
0.2168102051098831,0.3882995779269547,0.6252277733439595,0.8063571994447918,0.6211540517342331,0.4178918038632504,0.5183308862325425,0.6870850303751952,0.2552431492757885,0.1299771868974279,0
0.41092712640109963,0.9814491141398025,0.028360310110991355,0.22585560529333787,0.5370272794417381,0.2867809456517274,0.15468766692345748,0.35190625881830373,0.6636598727095837,0.1296142600940396,2
0.31210272268132017,0.5868761060413981,0.7291721909351551,0.061375795284611304,0.44091014145052654,0.36159484116593943,0.2151363954096092,0.8386631570139511,0.452471093948037,0.8296386173913989,0
0.09549939789126122,0.8337859374025212,0.40664807389882457,0.4807613564322417,0.5159581443244596,0.7238198732569543,0.9625304926298095,0.5638939194831101,0.4674018247360256,0.9293236538583258,1
-0.06791176977863525,0.2925870852754986,0.12751956697045536,0.6181902055185502,0.5901404838332903,0.7830776383800343,0.7603177330732636,0.5981776175580299,0.8078743545751932,0.6410952235966471,0
0.43338708870687,0.03245327087825396,0.14300940063772663,0.8984303269311572,0.5255950924094994,0.8254363935860144,0.899267747684394,0.9803214041838575,0.2772905262892813,0.9194878043511031,1
0.3449683150216235,0.8763992855834535,0.9592725106030393,0.5979496833322855,0.03551311624092758,0.21129594908137803,0.2125429602372972,0.7689568993297126,0.06978122520906739,0.2629267235391016,2
0.4913274760727393,0.28697618428720284,0.11242132254931882,0.399410236798822,0.2148706717699264,0.20413376143993972,0.35378450513572,0.1726928307105434,0.877350486095287,0.9472824412923383,2
-0.0044589833788337835,0.8760084633846622,0.4680888217165589,0.3427099353788916,0.583404368076711,0.7407947332955781,0.9774285139568145,0.4987445727199985,0.5198258025099978,0.9273040336904844,1
0.5403368096032233,0.046637721414130945,0.16964882810718743,0.9248215184681888,0.5543338180628994,0.7559448512395379,0.906912209370996,0.984766155879044,0.2946289885594145,0.8428320557149782,1
0.2475848148291863,0.17839571055039638,-0.16161651896973944,0.8362004484726171,0.4781236841952555,0.21789392763363996,0.594824558095975,0.19347377117022752,0.4303544451825351,0.34586527390651856,0
0.22404976663730972,0.6347387627649625,0.07052297770925331,0.03866649758422423,0.052841521386529346,0.8213911347666061,0.6902866162182553,0.31182327622518347,1.0820470430371791,0.958376928527168,3
0.6393782615581776,0.8735578260729224,0.034997238011167775,0.034362415502076755,0.35897866462712313,0.29593623633293026,0.1091256183487115,0.47504975699625485,0.12910451221171743,0.9302241841920079,1
0.2725497114562757,0.3604002289590797,0.3644929699519521,0.6762494753479967,0.18491648322003829,0.36953755583057146,0.49314170856259787,0.08567408599803962,0.926006498955786,0.11724941593320866,2
-0.016082022657713663,0.18249325326439492,-0.19473553025359458,-0.21958652763212622,0.4232412807498106,-0.04000073329173387,0.6356283531699363,0.6862824169408313,-0.08933256980308346,0.0515040240293122,2
0.5032056989277784,0.6989005954604155,-0.21917648933935385,1.3797440520021431,0.4369320759080786,0.47552854802052125,0.9150092909876104,0.7539830341852712,0.9704166743724806,0.31626502579908433,2
-0.06344418561081205,0.5723539020030042,0.4806456388435877,0.5723443829323478,0.5635776902450798,0.529633829308188,0.3676550027578218,0.8330140436145161,0.7753528995269763,0.00030827555962001374,2
0.4123934720529824,0.7350874563825097,0.38500828543685944,0.38126712979963906,0.3322154890473801,1.1039818539789443,0.15745273811996832,0.20609056402602557,0.23839175694890075,0.804901536021579,3
0.6431389353319278,0.12877710534247444,0.39215528383531073,0.16010338599093882,0.7911614652882468,0.27546038093024894,0.9130134896546881,-0.18487227811837115,0.24218586574808654,0.6625263779817454,2
0.9363066949218104,-0.060951250819371305,-0.15817806089384245,-0.23131387073381915,-0.06983122876538154,0.4641289133361449,-0.05496318981130055,0.8475203551839949,-0.16735569230304265,0.0016695801788579878,1
0.8605779205832801,0.5348769902592783,0.32943796612040194,0.7042174310596437,0.7716837190497317,0.7721710563200881,0.6719241977974083,0.09890177299840545,0.7532557807892064,0.9425024395670235,3
0.42795078128005726,0.014471127421462383,-0.07490504589954103,-0.0062309091270847765,0.6298754752708176,0.13751655974668023,0.2848054099998504,0.31912378277116954,0.23294817274560153,0.2709037106918244,2
0.8691946006939855,0.6457298553298684,0.169701894602226,0.7845198073126127,0.39023882550930844,0.9501136034363088,0.6860165031788128,0.19602297436368216,0.8379552724591932,0.2738529884135534,1
0.5095104962551018,0.3649261363241919,0.5043998690061622,0.4437775162620184,0.7914297387605423,-0.2695036223189499,0.8445745577424159,1.0257178152290967,0.7606412369162538,0.7905802912073556,1
0.6762786293550312,0.44909238328776263,0.7594344712174976,0.3537528366407658,0.6534247687762275,0.6155017742797975,0.5992307002814109,0.4229771000649535,0.06700352631834287,0.2818211903448354,2
0.057381651317891934,0.1751303205935382,0.3331551607363205,0.7162073554207563,0.46969904779077337,0.839451201668656,0.8535104691011911,0.36477892417265884,0.6780672847165116,0.479774676657194,1
1.248103638117129,1.1834058528042184,0.996303727697155,1.1084869468219507,-0.6097836888789436,1.7844983399020342,-0.1445226497016952,0.6950822228133049,-0.11452353959847039,0.07811387488184107,3
0.4451312198074301,0.9793643743900511,0.3111586301858507,-0.04926245323524686,0.7702252333647053,-0.04763042842361355,0.14782355205612285,0.22844063258580924,0.40185180231690626,-0.12899129500261652,2
0.8084524159616495,0.6079831552924313,0.2819612221169232,0.7825896062741811,0.7623402235439137,0.7532423142192937,0.7183770984174535,0.09480934547278203,0.8053122117737257,0.8769946454773035,3
0.9287739885424219,0.6081020949943438,0.3545499711859219,0.6700921471153012,0.8293994649350722,0.7339820538460223,0.7317425957666991,0.15758453250474375,0.7579019915007956,0.9244272413198792,3
0.05517191903077569,0.4030724409792233,0.29653560875300655,0.061075648226229615,0.5839951593233469,0.45036639630138026,0.04520091822163723,0.3666062678273782,1.0426027538393883,0.7927014605043697,2
-0.4689831043791801,0.055189218025529965,-0.1292087584003212,-0.31144315856824745,0.5255412038148266,0.2471323502673223,0.6509235350038836,-0.1930261501057593,0.14491918740385717,0.6213694963007443,2
0.2879857937149869,0.7363286077390435,0.2293801544940266,0.2670033505167715,0.6654269731714234,0.741982256697241,0.8102686725408511,0.018856597422559046,0.5148086140204445,0.9155563685838759,2
-0.16566658716040722,0.7984974901463554,0.2953232803297165,0.14609968688433742,0.4920786356340342,0.7838716881260585,0.7528929351990471,-0.15516772993897754,0.8800623680668437,1.0132659818603562,3
0.45732045481314487,0.8244256337495979,0.28366732014456647,0.5905922937267631,0.8546889639372491,0.08976728390237633,-0.052178739103565644,0.16807140430607811,0.5396592349825546,0.9407787859130095,1
0.49429264869338585,0.12505809626221925,0.20313095543335866,0.8975554871107949,0.5152058323028901,0.6214348360693618,0.9762720493143984,1.059837059719742,0.5001226951573671,0.6815112101432492,1
0.09897888184228876,0.7923675271167071,0.31436856628452314,0.5642418163082825,0.6969356855375491,0.5464826149398261,1.104093490353742,0.6155640672588678,0.3425862020497662,1.063800977452907,1
0.09303027464898182,0.8627113662658081,0.462387706878542,0.4833077981191828,0.5459970918532554,0.7646015575409345,0.9118542286714553,0.5789289636428805,0.4381657503709261,0.9681673951697848,1
0.0152266866944127,0.09825884691963677,0.7513373273438407,0.3012648095841134,0.039842816140027576,0.2658215506766354,0.6237124748990673,0.37967653514924643,0.3026696695692799,0.48297421244583055,1
0.993464614850622,0.5538532661969002,0.6950738935970987,0.022506527279247464,0.5133568484995358,0.6379840899777336,0.32497928553736494,0.18724717967639226,0.843037875978794,1.0428672158074295,3
0.639352111592553,0.009017605675327903,0.5402761240114385,0.517798827112205,0.46458453810920924,0.17925085307592659,0.7356456464158493,0.6320635386499478,0.04651356000973242,0.5902955219948903,2
0.899608709487052,0.2971802880245735,0.5071118198349802,0.7667311583728665,0.6301652383071024,0.6433406907268568,0.46596791929347925,0.12120044248506778,0.31283693469542884,0.38690914346125854,2
0.805775312581724,0.7095335857072208,0.679199736105905,0.5174426978733923,0.6355551964655588,0.48609151245077287,0.7566082520621751,0.24573918263713482,0.05986208921991945,0.29326479444450815,3
1.0481733703171587,0.4705577928796248,0.32126768252875804,0.8447936594025858,0.2913041341289054,0.7745531579212475,0.8852347328670301,0.18774189191022256,0.9981564497786742,0.3718897034409907,1
0.40994776876827743,0.9418391482918531,0.34488944252552656,0.6896574333627428,0.9952924386739774,0.30502137723019096,0.008867668418205014,0.43102151222672824,0.3095655812487843,0.9814865373563223,1
0.22387348039604088,0.4971893839696568,0.7090069803830078,0.21658588288740244,1.0729497930730338,0.8802681212084342,0.43135630705687356,0.39782373266979065,0.41835149486195644,0.21511298182132288,3
0.39139658706838243,0.9323458943651296,0.19232995670205125,0.153829216438199,0.7616013742494152,0.3136428324895373,0.05766434413947824,0.6194820409215424,0.5634207036264197,0.2843955351606182,2
0.496839399356913,0.054769663517793186,0.1007690316828358,0.8594722040343525,0.5790584689887142,0.7400076410201359,0.8688703006918216,1.0037935187426161,0.30966329160758715,0.8700935798961605,1
0.28687804250373344,0.44440584858903626,1.0126638716002818,0.6032245074581064,0.43228682921527534,0.7100832320952865,0.18871076179296842,0.6535693390323118,0.9162920736790348,0.4768755962036828,1
0.3846285635890044,0.22674114677269328,0.5282767827388162,0.8380477037340383,0.5231066523725938,0.6762936474022974,0.27725619055529527,0.28593678416566515,0.41673081573446,0.847682821604937,2
0.170739861678152,0.16068608710848142,0.3743346886134768,0.7690073137902944,0.4655536753125057,0.8004187176513318,0.9031460691547059,0.21354012432902417,0.6120794015455987,0.5241928751625555,1
0.594012247470418,-0.3117105126899401,0.5241911142487001,0.10749141753721433,0.3836888455986996,-0.6266759065931524,0.6158405140504313,0.3315814290273304,-0.2893532525674601,0.6755020834496954,1
0.595127625322055,0.9620673401127591,-0.05926587598853959,-0.03693240629676188,0.2825884781182092,0.28884101191300526,0.1417466867229736,0.42277837127285683,0.08015119684256394,0.8638019226730383,1
0.0952374457999296,0.8516884365788467,0.4050472872607892,0.4790930787776507,0.509422084385889,0.7281831019302102,0.9375643858395825,0.5619955038876573,0.4636847949810668,0.9209321683789106,1
0.2516271356533263,0.49850091176118805,0.11345300062116165,0.9672341461863192,-0.08044586749286181,0.11906640014302688,0.3184242440481748,0.014768324434120302,1.332988375701943,-0.2495109398354977,2
0.21571767939450903,0.2752219021557414,1.0614042815055682,0.8118184694941002,0.6264568529580021,0.7887823080959661,0.0639774978227595,0.41463910441693236,0.7514812142856296,0.2512290611689637,1
0.16383525886678796,1.0351526216908766,0.15050500681996526,0.4321712047691301,0.5163947318223937,0.880494989512107,0.8549357110576767,0.1732701259567663,0.6218073688401622,0.8237785352982939,2
0.466444295638736,0.8628792169256323,0.19199991661544408,0.6336274965743194,0.5037614572759808,0.9394900699166375,0.8831965006186935,0.07568491900316451,0.9401600033995406,0.6852806596235496,2
0.670428386774295,0.7180346011099328,0.775057158771528,0.4495916335162428,0.6668868776755661,0.6474758677932935,0.8466030501864852,0.056760176112623864,0.22714702005267098,0.30399742291326004,3
0.09035390365997124,0.09070923759213324,0.3199855122175542,0.6939653784833618,0.5069431045537587,0.5989276316992326,0.6103691226702773,0.39084966832002455,0.9197799236215193,0.7993432933285025,0
0.3707219195734415,-0.08425469134823285,0.08999853266644268,0.8998007222353387,0.50982043949686,0.7352802036658016,1.0274918868107332,0.9255107308906703,0.4356474255743137,0.8211845786459949,1
0.20708221109878822,0.43389027960517784,0.8124579248937153,0.6967134502165777,0.3886659173233079,0.6695990210577059,0.2421092035823198,0.5023579305347129,0.7712706164225844,0.590960805642704,1
0.9746444195903389,0.2050164681659213,0.08531515206977743,0.9128198377566017,0.6016038344904117,0.2925827241861145,0.05031452635164344,0.8551835946847606,0.1816873918212288,0.2585537310080215,0
-0.07099730121019387,0.3137945312099073,0.3535064916422321,0.7197926889854106,0.6043045062076577,0.7219812348691808,0.9015033661070206,0.49342027652522924,0.6998508238631929,0.4217147134570135,1
1.0295277453262692,0.5193566430270343,0.22468011224817794,1.1933550571092273,0.339243809352729,0.46283541691230246,0.8948533706198418,0.7582031204786475,1.1167173657910203,0.10214356234254379,2
0.11612685763491522,0.8340782710384613,0.4130871708237365,0.4450016017765314,0.5514220976774316,0.6926612134496707,0.9195573662135098,0.5479071572434443,0.45572495941136903,0.9123008347894103,1
0.7980214794628087,0.7875064388000088,0.7403640358186353,0.5316156138274472,0.6406061606568764,0.876876879112595,1.015940586699647,-0.09758031756758051,0.3738167304503105,0.20286059655993008,3
0.07506567855615703,0.33328362293196184,0.18793340431587785,0.1801102623780278,0.49644384555229193,0.27449691494947187,0.14873080971171307,0.3134635593222357,0.912498200330726,0.7459552571599704,2
0.5041513516667347,0.3774843964924539,1.0835077854435813,0.4614907870496096,0.8837595114071117,0.25329793177100735,0.7807728350160563,-0.048994301755601655,-0.41881676167616133,0.17094810219697448,2
0.49341306252752104,0.8000910154296068,0.3416398678140804,0.5159362766186765,0.7710124085975677,0.18007612214875415,0.05217472533569207,0.22814453206320692,0.5110393046024136,0.9268756070264724,1
0.39367846191010686,0.5816675556124602,0.22346333067557866,0.8688568697660487,0.4048717265196883,0.6142861676312898,0.5456215523363609,0.1621435116740899,0.7591756359525375,0.17914447529930655,2
0.7744964457158684,0.4015829574231988,0.865537146026433,0.7292106556196679,0.5311506964243948,0.6002634809878434,0.07477591495954983,0.6948912762524304,0.8640691853453355,0.4012685085598127,3
0.6638516951193849,0.6483501892431608,0.6651745146970592,0.10646675645663667,0.09232583467328559,0.7328445303531244,0.8690226157248558,0.8489183435171883,0.400863803392277,0.6937659280923459,1
0.32739375240201174,0.8692448606730347,0.9783203369930618,0.5973156918965067,0.055303340517770055,0.23383736481876838,0.2284271888166182,0.7771195270321517,0.09044520972169559,0.2887037641095218,2
0.7449770741036555,0.3353945545481208,0.8428066772031292,0.7774210608101327,0.5963049764945613,0.8515103429534634,0.6439753199523285,0.2544834066702052,0.8139530722370771,0.3190400367286723,1
0.5938483772413601,0.5386761043286049,0.724145850754734,0.5503440244831158,0.3082444234181755,0.9599237889235744,1.1938549928724058,0.42984973916608,0.650140038200526,0.6695861963532228,2
0.34026213809114103,0.592569702415342,0.8049526507561304,0.53592319709009,0.30617745156447695,0.8952680455287,0.6579625367187345,0.4044408748047808,0.7228649984284927,0.40111522557164075,1
0.4943944742367161,0.1382985421189168,0.4373372642448422,0.38958689665390767,0.5863795191747195,-0.03295687430419137,0.7997096820684457,0.6180207186866871,0.5258732513638695,0.4674298477613502,1
0.8189036422659449,0.6372130388849673,0.16641096106417036,0.7615221320197794,0.3748812849072883,0.9617211228107032,0.6561384916416505,0.1878955192110388,0.7576859322673288,0.3356987747779306,1
0.6874795262823199,0.30897107067683144,0.16843977617864664,0.9514011277421456,0.1461049686861719,0.18226105372545906,0.4241590023543861,0.44543068943141934,0.7958633343963444,-0.04108506616553803,2
0.6955930574750783,0.7220138945243728,0.10209381955857098,0.1838892966536639,0.7783761095666916,0.18140132174171142,0.20409141562404753,0.25383370375624764,0.6183592186876113,0.0007222756832009894,2
0.6283561975179317,0.8214567393372195,0.3284149612591557,0.2641785584572772,0.7414357612934093,0.4574654961774428,0.06440085276130475,0.42726973230474513,0.05254456485828153,0.32916453856130057,2
0.9445960777485959,0.6212750282214088,0.7155339485765716,0.06739094117081557,0.540232808403258,0.631116060881031,0.42955723091255416,0.18883178588361793,0.8534890645552743,0.9753616163271351,3
0.5351291500023408,0.7730823303765699,0.4831108827421986,0.39871111347364585,0.03667968158896012,1.0873509336026674,0.248212345508898,0.2647850843199276,0.048832512593191685,0.5625897667122761,3
0.7923342557226831,0.17989653356529509,0.24083823725372924,0.3785210039147706,0.6767328981208545,-0.14484041920511187,0.41785373014901916,0.8981211278573678,0.4899013085501259,0.7347349924886573,1
0.6686028434390051,0.7496594640468192,0.26275417048956007,0.3242317519660863,0.8028678046628043,0.34484162873460655,0.06083474289795751,0.5124296908221885,-0.006064478599219644,0.17730664116190414,2
0.6112448754685185,0.0817892451179629,0.637676803898737,0.5398256576079822,0.5185875013359512,0.0959355238354089,0.7576517923550977,0.6636503677236931,-0.04108297510866474,0.6180168315292347,2
0.03501947153698234,0.23295000793195889,0.6953829455755256,0.01167665851849425,0.0496539965981964,0.2807093783072744,0.12282193596542768,0.8646947291347914,0.46774681490476727,0.2936922058049758,1
-0.1493180534009596,0.25350423186427656,0.5470211348539907,0.23733966486571526,0.9589984635554699,0.582670916864254,0.8059326058487613,0.5522564429548991,0.41794766948313594,0.060577812773489795,3
0.9633153837252745,0.6280113254680779,0.7578638704912699,0.01697802869277261,0.567467972304147,0.6395958806369244,0.33229982181717044,0.24876465705852396,0.7786119746403457,0.9829547642732113,3
0.6086126860845666,0.8834804907275904,-0.025763423902094573,0.03458868503932472,0.36912902356668154,0.29188477543919716,0.13647280297128725,0.4734104803043571,0.16328782630741745,0.9330283961754126,1
0.12338564215727285,0.17552117036645795,0.7227853188929397,0.36293643541381143,0.15896270440561366,0.3889904826165591,0.5390909093734237,0.3948530167536023,0.2619733938051302,0.5278872676409294,1
0.5300209434626398,0.2843396298898574,0.45304670289683,0.8301681745864672,0.15277572400882058,0.21145444565280777,0.558278453258229,-0.0034905951962648785,0.9823082928101706,0.22370809265977878,2
0.8325176109872333,0.7246898305352623,1.0274204014901422,0.21850576845315522,-0.005266657518955609,0.745553076265379,0.6685543815253017,0.6658136521873502,0.12118635655741133,1.0703600008773422,1
0.7344578529525112,0.5691950103865435,0.37939988181618783,0.6422209590397492,0.41015031026781024,0.9394994466019598,0.6291402850356478,0.321237122568482,0.7684400636645593,0.5694645954237281,1
0.24370244539375707,0.9141950004316928,0.05917366742342222,0.4588968971780822,0.6386915246660583,0.7507698406406234,0.9507782984403388,0.2305845025507657,0.7259014739213835,0.7453611837802776,2
0.28413882376938526,0.28700219914362235,0.23973309431554413,0.9144859700170064,0.28813761174598085,0.7714128004436065,0.5694910718893857,0.5016471454672061,-0.04212819836908532,0.861847058926458,0
0.6727225325518426,-0.005623534776129868,-0.3231200717304836,1.0830008688006405,0.2729008233992879,0.6504195285480064,-0.4858221711429379,0.504349363243924,-0.03140654348615246,1.0262770833108186,3
0.5309303392520266,0.2871643559566823,0.3151094058012116,1.0125792607704667,0.1984598537485649,0.4098029957152854,0.49026074289948285,0.6108964714456773,0.691173473349206,0.24865370013978436,2
0.09983984965796916,0.5119842365362424,0.7781151741239595,0.9205425212273964,0.5520551768348858,0.43923840015091903,0.3423641607956308,0.4969239326710949,0.943138007150268,0.6594920516942708,1
0.7348736063950932,0.45244323069034714,0.7224942522322197,0.3472377029398127,0.6207356714197041,0.6433318977944924,0.5450776833851325,0.34270364131259945,0.16592669105308294,0.31803598126100646,2
0.5815857870020521,0.4103626445775892,0.7775314095061425,0.44014955370723163,0.683517652896179,0.015854241513709816,-0.146387955608242,0.2448242898398083,0.19176910709332962,0.3034795448942625,2
0.4771721578437247,0.12578277934452492,0.6997890226432778,0.8896849389595707,0.13525467670000735,0.5932408860650686,0.300628375222607,1.1918580229621596,0.6232390777186817,0.12262747319013668,0
0.3099974464947298,0.4238505009904105,0.9839288019475081,0.6268843988536412,0.3817727918910037,0.735980526056045,0.1620239141292255,0.6702704500751852,0.9463529775201336,0.41945463135040423,1
0.9436403458295083,0.5813427531165353,0.7671720767539378,0.0706765687090724,0.5432526968833779,0.6234292419353938,0.37602002933348283,0.19074357941663317,0.8148694212146914,0.970242230920143,3
0.2152279016864605,0.24396133525717503,0.757675885602459,0.4787394021287207,0.6336022781696722,0.7370352277910125,0.04848974187106998,0.6893615421787834,0.7237301884548912,0.5094421322699706,1
0.3669534500148245,-0.011571113905094299,0.5126500529903957,-0.06484138499095532,0.35965492145560046,-0.17493839285100718,0.37599861660698974,0.5167524351112562,0.29931130356083074,0.6695375154131928,1
0.3177683471328312,0.5192557171211956,0.37338868407412995,0.6300732061895,0.27537647037089374,0.3703700097184618,0.5707031947488591,0.20620399100587855,0.9326009420157184,0.13642928431849222,2
0.8706917879329277,1.0325572800515201,0.728385653655476,0.5371921032063383,0.44247606068046824,1.0717255334477156,0.10541885012270892,0.5357614562770767,0.3360509095945343,0.5123417202866034,3
0.6665338934006407,0.8723282253494334,0.20983615588790133,0.04661319419975116,0.6647191148322827,0.24621777298252331,0.19442063269612758,0.21882672607937928,-0.04300557472761997,0.30336639474417953,2
0.7179833268731114,0.8386879084546071,0.04846766007209327,0.9184981550569967,0.7112427670879874,0.9511914916641487,0.6583695932402706,0.5340971115115157,0.03491921735027656,0.3049178477815467,1
0.8780239611380093,0.5058944634742608,0.2807469090631304,0.9067211854823208,0.38344970294742703,0.726308280796547,0.814135256050144,0.4177840569033434,0.8974829475119989,0.21596899594882707,2
0.7029956836680701,0.2641449278896443,0.9983947926673997,0.4180231533964172,0.5450125117102559,0.7115887365624689,0.9144076583553755,0.07228918469041995,-0.014579936909916102,0.09004787344007648,2
0.2910105377513562,0.5129249989095659,0.4074356413443381,0.8064399147682022,0.07926745736121239,0.35930209446089156,0.5043455016354286,0.1752595938684488,0.9228906518931266,0.08833757038289385,2
0.6808005748531711,0.45636312643483024,0.2837936184257,0.14871006092446692,0.7437488841323058,0.16841855776271264,0.6848615837243944,0.9296960851956046,0.7510931593130323,0.6224060664657105,1
0.08325899808177137,0.7982811522815255,0.4539195562107663,0.43117554405863984,0.4934195367734512,0.7140251108644772,0.9712619477759689,0.5771680014753898,0.4574214818125766,0.8840746792741421,1
0.4283102696767779,0.3932944670243896,1.1562752171607065,0.6543955202628445,0.35126834550867786,0.5785465297034229,0.15022835457066422,0.7537323167361186,0.9959728459292905,0.3710573820695352,1
0.22510349072190905,0.2101329312894658,1.072657243876218,0.8748975783570427,0.30475816223616603,0.5815900101623879,0.5189664371631004,0.3012035558656489,0.7439277196693745,0.17568322112491544,1
0.017271183886358923,0.12098135838264737,0.7252257808135134,0.2712382215732056,0.050806061569891856,0.3079997108293625,0.6201390061295681,0.40614832350121766,0.27211348983363476,0.4340916144581679,1
0.5184937526897168,0.7908033781652704,0.3389786375720016,0.5221511147481988,0.8290110085735338,0.1699113814113961,0.010524678317398636,0.24076860319060284,0.5475577287009701,0.9171403944788559,1
0.474084175797425,0.007377477166609248,1.096084188050482,0.2526616460152983,-0.25616911323672187,0.41113597632516297,0.2141854374773091,0.2545044629222659,0.5881042071786706,0.5970794056975182,2
0.17842186318877934,0.2666476666058937,0.12339468651593538,0.7575369111579165,0.4058895628797822,0.75667278073882,0.603548922536013,0.28975053619493063,1.017644870843352,1.0033025049915139,0
0.28675280976775247,0.8920442557076218,-0.07240024282942703,0.46641342766621385,0.7503264172251344,0.8468810674017051,0.9976245365321657,0.3342514404049952,0.7735988539574747,0.7582143827182766,2
0.5169282712902041,0.795298875575614,0.24401019239175564,0.5867175011106188,0.7950476309898628,0.22914534278818072,0.03666690194653204,0.24289387605272592,0.5490679125389637,0.9111448274185521,1
1.0353331332250968,0.6826454816715315,0.5990125103760113,1.2340663624902328,0.40055516399079216,-0.20244966983575335,-0.03492248557230375,1.0472193730183592,0.22011175729546414,0.19890140901335035,0
0.20761893711952495,0.3276505607250009,0.8098579746187701,0.4821145055090219,0.42586579561547355,0.5586439552283178,0.2815354454179716,0.8243549083083695,0.7848599121070963,0.35490164920921785,1
0.964133114780884,0.730810925133131,0.5761946897616438,0.16603964296898788,0.453968828865474,0.6071140986853608,1.11336761759456,1.134305168961596,0.4912359475546433,0.3867003514418018,1
0.7355296538788996,0.4341068744947635,0.7546440608452821,0.386727047287922,0.654190108953761,0.5411733318502641,0.6832165419057747,0.3805059030514518,0.1328238328585642,0.17950585598957972,2
0.5290706084884771,0.3402024955970232,0.12766648172220024,0.2814831215938064,0.565592712898326,-0.2576252741453489,0.45508171316785667,1.151303232834606,0.30745614589663495,0.3081182563314621,1
0.4981272907994633,0.8840397013538119,0.02246526595980594,0.2923312706918506,1.0297874460514647,0.32239104264791074,0.515622564576136,0.1977776717062428,0.5384844223575661,-0.26248546272364165,2
0.39536028477218654,1.273563187381366,0.26034894266205394,-0.2831156884252025,1.1753715614790963,-0.2424071874065838,0.23911453581318134,0.009029875357392414,0.49408928045072875,-0.3421402374571511,2
0.30599349670181475,0.42186049598167424,0.9653206961077552,0.5765234351694658,0.3372665887261064,0.7716455690056157,0.22355110478956342,0.6339909725677924,0.9274418693077515,0.41857640655305905,1
0.34384452542293914,1.1019547608350249,0.15173817404729412,0.4996549989304577,0.6944577975123534,0.684334484369956,1.1320828885885463,0.3915616144305747,0.6064309303076457,0.6781085999421577,2
0.9998535640302417,0.04127771233218831,0.28950567100790886,0.11898898725888239,0.06849729883920011,0.10919587446609723,0.5374497899695199,0.752060360111067,0.030428004671382132,0.4391341968111776,1
0.8314302660975775,0.6676024522684907,0.6733035238403606,0.038059730051177826,0.01684522858576168,0.6224248504848913,1.112880472362436,0.7598443018994445,0.19597002589227847,0.6602982622147533,1
0.22454154041966407,0.6965104334729424,-0.18546106740072194,-0.18514214793970174,-0.05791908100169188,1.010763816604539,0.6505170378479125,0.030840644919942373,1.1544371516022987,0.9711039884240579,3
0.029758432331951686,0.23741260269449252,0.7007797532910802,0.01564472440566968,0.042970492311199704,0.2807394740085219,0.12926847720004572,0.8707371602797591,0.46420503568843324,0.29558515944457486,1
0.2330045101947077,0.6156545161032759,0.41435056667425524,0.6436625295298702,0.4863540758253465,0.43722257828622674,0.704329016986823,0.655897392097606,0.42438556837641345,0.37522168702568237,0
0.31020388262028986,0.35554438165143404,-0.14796420399091226,0.5563279887653597,0.5325160744432353,0.11936453876286045,0.018075761788932915,0.4342542148449422,0.772676990886173,0.24890698621718438,2
0.9377379215536694,0.5501384033633986,0.7684886658201893,0.07817027656169596,0.540962853102463,0.6524655902356717,0.38032804241187695,0.1949435332785493,0.7825358917924646,0.9496000637209603,3
0.7399087463823611,-0.1408874866126969,1.353744093578595,0.23184668029355365,0.5039100600138511,1.3208298857202316,0.1133141956070185,0.14137770111596695,0.9518871546237581,-0.11440504304533039,2
0.9331794234116378,0.5612025863358996,0.7392484046668616,0.055393526495738324,0.5674847048905239,0.6015506953364608,0.38486300489508535,0.18369336724849397,0.7921914575369527,0.9928717373742311,3
1.162624203380272,0.2745806527532998,0.9869724794715561,1.1962374930149546,0.37444844095697816,0.6279425670701554,0.8306838086937641,0.4919168703791994,-0.1602591633929515,0.28725725692834914,2
0.5489610885650593,0.7202334351541108,-0.15826364979958324,1.0159428898545533,0.8288559765389485,1.0870923737628475,0.6391341875455664,0.6237554804172044,-0.10108423080412252,0.23995614324136677,1
0.026524782844537007,0.4441993754985014,0.5902283306704539,0.7306573578219463,0.3872470026803945,0.4750737703422003,0.5350490028086179,0.8314333998834085,0.3011687982742749,0.13468728424129034,0
0.26778762560368086,0.3985145143079932,0.31129486129099937,0.7440236253085653,0.16447261177623387,0.3075850436022822,0.586072675849143,0.14562710677673674,0.9457941771187477,0.12187268019142375,2
0.36445455102499097,0.5750673044067167,0.9176768721720117,0.05235072526606854,0.39983066450186944,0.5228921310700467,0.5597369854002429,1.0925159669161133,0.6731114471925922,0.5154252856861226,0
1.0706322403676878,0.47700695490320005,0.2776637180679544,0.8552168930401005,0.31297231165267375,0.5792921569942445,0.8644856399452321,0.5037010404445164,1.006989136411099,0.14020094401165772,2
0.7472275877766258,0.4923297951001611,0.6829675631417552,0.38491010783587265,0.09668350995017881,0.9388205862532153,0.9739112160668756,0.6721276987442054,0.3398460060484511,0.8246771112832315,1
0.24637294666290824,0.9718429046726113,-0.05474568112690105,0.48698268635387676,0.6126805726703263,0.6905489078826302,0.9988330440797433,0.3629592058626953,0.8483732184058924,0.8543337726851282,2
0.601235656766207,0.6303804475892538,0.6848094964087346,0.4256795842807792,0.7377022376487623,0.7674073793214712,0.7900547130912412,0.0491318344601014,0.3117283435485152,0.45769793215865207,3
0.6078873085222467,0.6785175301715657,0.604781759307205,0.32446986152019813,0.8967752121512543,0.2338987169184919,0.822683481630495,0.6045466812466894,0.25967571892918273,0.5905069459303132,2
1.1608510041135927,0.635329008036878,0.0666587004108585,0.7583683933631012,0.5273029798137665,0.9433248469272155,0.8396708338562977,0.5086029035306958,0.8980747426659415,0.14671873885190273,2
0.3579434607719892,0.5732678719575592,0.9765467719468796,0.6450887095691616,0.32762916748322524,0.7436529356715184,0.10155317274665736,0.696933693103844,0.7266175947742031,0.6007109914889917,1
0.8987541929370084,0.5746617801907374,0.3086466056069636,0.7581283139422539,0.7613020119012492,0.7353141564350449,0.7005138120562183,0.09842192324123279,0.7966180136987588,0.9468391677689775,3
0.4403167621261299,0.6495410472220127,1.078403546496718,0.1036006728129905,0.6887518682509424,0.6138160414541282,0.8699219184088187,0.6242779769672686,0.46040531009234875,0.8375372270842346,1
0.4724538540460436,0.0661753438754956,0.12968337400141447,0.8799378923222694,0.5390837384077538,0.7271488859765259,0.8893285477483862,0.9860901400780039,0.3600792849059866,0.8921168528618467,1
0.13133770491336003,0.5375926779174053,1.1611409884708688,-0.11580960587672559,0.8169397219408495,0.4250199191052588,0.6648127682840248,0.8021345164641525,0.44191689119761074,1.0443053518811924,0
0.7411154489949511,0.7967482064530599,0.8259989652350984,0.4772173689330039,0.5346051074763397,0.6358453777823642,0.8539882991876242,0.12270879191901726,0.10940473975297768,0.39619142231286936,3
0.03075014626943193,0.23087945326837625,0.6946026679721847,0.015425027454539985,0.0425088592402525,0.27638873608684184,0.1329876739647975,0.870853049516422,0.46133579185214924,0.2989688634053912,1
0.15830243154495177,0.14611380562274665,0.480537353242792,0.6534051144600959,0.6702010283833753,0.6181829750757606,0.7285179683756938,0.5214291779253944,0.7193459173708767,0.6760298154513358,0
0.34940638697987264,0.4307604191538192,1.1453134691576554,0.6758067360352354,0.35478752842574174,0.6828030508336823,0.01777960456180222,0.7294164212494478,1.0444177759046462,0.4034479570836786,1
0.8738018205955471,0.5600391373352575,0.3133623248372105,0.7321192651827404,0.7784973927293946,0.7480318310430768,0.677307518785706,0.1065940005625564,0.7749630480030429,0.9200903280782067,3
0.046772417185102,0.32972297126159344,0.28091585364235816,-0.005989890170725126,0.36229904568926374,0.19122352125099756,0.10756510603357039,0.35515455945958285,0.8951017493061089,0.7502839227879774,2
0.6599832095814171,0.6327613521371208,0.9995886851463793,-0.054571810480167404,0.12117154128602683,0.48009933279232564,1.034444256427574,0.3564951682625454,0.4956819205201761,0.9360866142148665,1
0.6168926351856838,0.19661150971902866,0.4200050857745352,0.6161187394325669,0.6559694391771,-0.0379399741859027,0.8505465296560296,0.5542928008859592,-0.014753048410006263,0.6266116622411513,2
0.22971735580309344,0.034543002846954496,0.8896893730764179,0.6604516038095378,0.031302557417490995,0.44167259257498037,0.20464716890904977,0.615130157259954,0.8731813397579041,-0.10046205173030986,1
0.44545029450706974,1.0270608149058653,0.19103048017354585,0.028867511476499033,0.934630549253658,-0.0925301016609422,0.18130171249902505,0.4362304444027546,0.4189502581140034,0.03702514050956509,2
0.7277279410254627,0.4170159493778599,0.36741077176176273,0.7887885354678384,-0.004697058806113652,0.4186327363273813,0.4002977984164802,0.7604568900445219,0.7094567997991883,-0.0032961076220713315,2
0.46829729511718415,0.41717824217584637,0.8798224432574745,0.6353515548440813,0.997978501650772,0.3336317958126916,0.9517976621626688,0.6879083455772638,0.5412142341190053,0.3910032957971194,0
0.8757995677984796,0.5284207600536595,0.011882195832202194,0.8150485518926224,0.25373743663558157,0.9059019763470904,0.378225147746063,-0.03734254827909869,0.97848784041667,0.1336929530812089,1
0.046342179561963515,0.6069687760560002,1.506412974523218,0.4969285332016542,0.31592958097238194,-0.24199549422314282,-0.14782219267602048,0.28363530942741666,0.7894983088480214,1.453719090432624,0
0.8332566768029493,0.15190986125881462,0.5266948117101178,1.2440569936589436,0.3638287803111785,0.3979101254240287,0.3620839933597877,0.519400972279037,0.4661038891986421,0.5269607362184322,2
0.2638345155844473,0.9599814747559733,0.11917860554837803,0.49691399368244094,0.6348264832094707,0.711641237205299,0.9709994869394176,0.21923727404685203,0.7635699033378294,0.7943630783416941,2
0.2673944189541533,0.35949908435086936,0.5308787669438172,0.7656913024479283,0.15878474128467732,0.40554074894207626,0.4761735938483664,0.13645919704831938,0.9006920891300492,0.25263921112421445,2
0.37654699304850736,0.21721013924523633,0.516206336587201,0.8299912798144017,0.5149227270127691,0.674530850008041,0.29611182070492525,0.30599662602706884,0.42542496371024613,0.8521265594063415,2
-0.09820550193320848,0.8572091405773378,0.2827262475803285,0.4760300491763301,0.6328531876853307,0.6105834959921217,0.917089616289483,0.5853369720982875,0.5770372138815403,0.7834608364816528,1
0.38244576968024635,0.3564063743739435,0.18526945443642523,0.5813553190512204,0.1580024003768493,0.2507286596167564,0.6251788043839145,0.10462193819237019,0.7767191895640548,0.07401051236682177,2
0.2998545080777836,0.4011380534361718,1.0076120802154551,0.6052664296944693,0.3751766336719538,0.7451650831428237,0.1811220428802426,0.6576300262069713,0.9539675750699882,0.40627017434994234,1
0.5328599175839492,0.8070487786015336,0.29316042797122993,0.519035702029743,0.784793500167745,0.14787263940468567,0.03196877024558071,0.23110481005106767,0.5303663931871302,0.9017008487993909,1
1.0341104479396843,-0.05020623154214862,0.6490738058608196,0.9642682608234394,0.5216790232953721,0.5624251977342449,0.48662051250892724,0.4561977027832377,0.07243347250564827,0.5516979143894308,2
0.868478553148901,0.6278448918675757,0.1960524203891687,0.7952870560708408,0.7210639363808267,0.7690444544849195,0.7908222237294752,0.20061116562720616,0.6777439398812588,0.9660757248359847,3
0.2727535260629349,0.7120241258610633,0.07523415417846442,-0.048901384386777866,-0.01139997816267499,0.4763527936310916,0.5561104718710965,0.3529989542248665,0.9718644588767807,1.0316445230300064,3
0.31731461126079863,0.4384614888670803,1.0484807752350132,0.572227663289971,0.4357328344264298,0.6639408390779123,0.1987696690287611,0.6253335209451015,0.8816023533287904,0.45922727577506506,1
0.10998447533401079,0.7916070909478753,0.7751851098989537,0.6298630940455867,0.0812215443602346,0.7636104724965039,0.8451081881858349,0.5630335003595129,0.751173880246539,0.5566984186294945,3
0.19284094558088555,0.01821019246476769,0.04617315475725131,0.028810030008377188,0.7179834573868488,0.26954113196983553,0.4560481010241871,0.47780330959902817,0.2632935116393075,0.15650445439332827,2
0.6466931156854137,0.826591104416306,0.2535521292632576,0.271932345263185,0.8217693537516078,0.41365057400975935,0.12699304532718353,0.42057429084530334,0.08449304934592688,0.259321946755216,2
1.0680369542206907,0.8181932244564755,0.17684454712524136,0.9305384756886007,0.463187193502102,0.9793441136622251,1.0218064057870015,0.11968102849715528,0.93688361623505,0.48007147771972597,1
0.730265343177599,1.0718844864275228,0.32785972332857405,-0.034236326627550356,0.9576443311880003,0.19435443706254688,0.48227869036391396,0.24327553300534688,0.4620329824258074,-0.1803744627601777,2
0.5404121949925038,0.7362835720413345,0.3719498384087893,0.4601057209094259,0.0899956475111764,1.0409440556695333,0.1241728491141113,0.27748433890654484,0.10971323705476012,0.6050661077884004,3
0.7940359692805823,0.26049495838217723,-0.3500968302239616,0.427580314218226,-0.04720732484594872,0.7598806745343002,0.3436165032229865,0.6959640403660405,1.372024021560334,0.4392767014147649,3
0.08742213283547481,0.17564784741347433,0.8227175855968943,0.3557061518160763,0.06392332283642212,0.29257560102188684,0.6220817463503401,0.46427773540066475,0.25280628233988633,0.4826662482792012,1
1.1757436871159863,1.0848171111295382,0.30669016491426604,0.41013647545705856,-0.5030414296403873,1.1438900238183565,-0.2658749077716535,0.9513023622752006,0.07857779035144108,0.8802506256198217,2
0.6029850339643721,0.8596169909224258,0.4171823737206169,1.0710361375654525,0.3225469137531763,0.41895666912884644,1.1182236524875566,0.7207353491077475,0.8312845550537051,0.33973660682662926,2
0.852030073402354,0.6371770968014787,0.050075210609867554,0.8478809736521611,0.4249620839291627,0.9398493723594405,0.6671823052363596,0.20554884866034973,0.8066823119705199,0.29760380169749845,1
1.186691237597271,0.5141543217924363,0.5068330879537379,-0.10219167258056067,0.15404440857876495,0.7053145943434158,0.7337261438654814,0.39437090688925086,0.1608562578489725,0.7721554282331734,1
0.5391896166947316,0.34049562290631885,0.9949614692890217,0.717266906537892,0.4973233987265574,0.8439590688466461,0.5147899011926057,0.4178443439481826,0.6269487468212275,0.3290910257617574,1
0.9028149206636282,0.5676342781156909,0.7958328994347829,0.03629174013003037,0.5621127157333959,0.6345059577983406,0.34879132249564887,0.16876715391344085,0.7971470664536291,0.9406182288931834,3
0.2835512058831497,0.41273485230209345,0.9673961123095252,0.6139114199725215,0.42059269326209087,0.6965578979227068,0.14658397864562922,0.6940401861107232,0.9658221311722527,0.42080426980585983,1
1.227032534144299,0.9970810679635342,0.6269323660246794,-0.28681397901689065,-0.08035947153887177,0.5659761323192277,1.287825465855065,0.4747382772837684,-0.11332824295665644,1.055177276140287,1
1.3841746684512115,-0.1565570430211387,0.39024527051154434,0.3388248308210209,0.20154678036354484,0.19341029661764045,0.07506386138063824,0.09645593884571868,-0.1584599294884299,1.0934282847733825,2
0.08630036125714287,0.060545514206089744,0.30147108822456065,0.7397617241818628,0.5110097464332226,0.5620996401687298,0.6635565649907083,0.35175592059419064,0.8940422118576741,0.8440207844530974,0
0.05722962058937972,0.3566997813731748,0.05291285749116213,-0.028340511203750862,0.4905367299887464,0.24503568778719775,0.15841180770308064,0.9647715829319148,0.20748340581644154,0.30905814076170457,0
0.7334445136831143,0.9180023773666206,0.3327443732326937,1.0918091279034075,-0.3735019396215725,0.6153506421491922,0.15390488481843817,1.040845401640819,0.5601795738667947,-0.5862139344738658,0
0.04266577653692403,0.11193034252879885,0.2851997815040393,0.6350922230169389,0.4269909579155887,0.537553857270053,0.6240567994000341,0.366469304855663,0.8859750801915487,0.8355971466593382,0
0.7286621928863366,-0.02537327511694963,0.01978464673628212,1.060667278246683,0.7621996469014556,0.693610341384451,0.5857954542532664,1.0575251766860778,0.06156733553284377,0.9886957741205066,1
1.0336899021401713,0.49097002630235875,0.8450209547630662,-0.07760610813110738,0.5837291020397206,0.5134212987659961,0.2224782858452271,0.1958994960208303,0.9487404368247809,1.0920885265282239,3
0.2575822155409177,0.8929601496486476,0.9752300969202243,0.1364545226258031,0.9013838983780855,0.31109500447978283,0.6954597794993519,0.7834744213710519,0.39860324915958245,0.8589270292271803,1
0.9720814615035714,0.7087169412673269,0.24066595661335569,0.7612119980543306,0.4323710618666454,1.0861193007798322,0.8043755377648347,0.1971924023349902,0.9537528268018478,0.4142035854447832,1
0.9603861278225876,0.586376286612645,0.7750606526065753,0.046274345037094614,0.5202184870468433,0.6011882596481556,0.37426994658375373,0.1998926929715719,0.8351559814855992,0.9782451223840342,3
1.1774356880294716,0.3034541131585685,0.09762936138266784,0.9608029021680153,0.5531168307310552,0.9811607346046389,0.9083265146299329,0.5803266153062628,1.0874951217084132,0.5170056778323254,2
0.07475585780813623,0.8545546027771483,0.41026606538684035,0.4667707284397282,0.5129156722141518,0.7264222839029804,0.9371352074356302,0.5645950731453104,0.45521136959229425,0.9221811663730013,1
0.22820241394142918,1.164718555096663,-0.34054434049273014,0.488895718151707,-0.15091035727575838,0.9542660540193915,0.30790649263561665,0.20097636726226698,0.6848827736792908,0.6475641766156173,3
0.5916799946434042,0.8832817767758898,-0.020001761455127495,0.04272663589624419,0.40274675345338024,0.32892973864203545,0.14157664348832147,0.45589257732696303,0.17007833049525123,0.8897957033174854,1
0.5906224669520178,0.9311893262044287,0.04270765111894251,-0.0017865646777146388,0.3632124170380043,0.27016593310981607,0.14204807113231546,0.4790379480336695,0.18151991401393136,0.8919971045996743,1
0.11746410230827348,0.8947392977805292,0.4641117745002616,0.5248758166443294,0.5235308609434695,0.6618716706632806,1.0227233955071824,0.5629874756103869,0.42213138509125625,0.9275522471947862,1
0.8713085471675321,0.14556434871829627,0.4743064195540745,0.5564449673258957,0.2503888084766619,0.16277960128405078,0.22905583577031205,0.39987186044713446,0.5202249260974726,0.6939335385865667,2
0.6460836906524571,0.7737748790794402,0.2606351787696062,0.3355854275502431,0.7900095187785019,0.274525815818247,0.07374516957439875,0.35167297464908226,0.1389771139589291,0.22363495381101361,2
0.4144226750542224,0.16392245268656847,0.6717286754182774,0.15681426660896192,0.6564047505301068,0.11913310197069865,0.7990345500047443,0.05886344260586168,0.7468437841845219,1.307208903228069,0
-0.05156046264287975,0.4382509551376663,0.41921645118416906,0.16836432419160993,0.7450103854850729,0.7283391136579186,0.32673337921638107,0.7818338967110151,0.5519483903480464,0.2167138517035231,3
0.6160927701280283,0.7617551671093659,0.5546521035241149,0.31354738109331703,0.7530372860717927,0.9045435858641855,0.532664766523502,0.3094044288677952,0.27259577420377484,0.4051383926058247,3
0.9439598075383746,0.6194104216610347,0.7474474479744866,0.03456994272567817,0.5334691596776956,0.6583112207317592,0.43724574191383464,0.19472546136192698,0.7491393360182313,0.9205377822011667,3
0.18993634087228306,0.5364821849667334,0.8922666328318684,0.5344713234374321,0.2797374469183769,0.817344051944386,0.3037754636544955,0.7422640121652125,1.0296040452748298,0.44498848502018257,1
0.9183437328001907,0.5843601408496416,0.7922041510894893,0.04723789353770256,0.5634604807497379,0.6248787928824219,0.392953295999031,0.1864513256031884,0.8324782187964377,0.9934397757901874,3
0.6172791614298496,1.0423443506075896,0.29438775973738385,0.15194781233828503,0.8169498137354918,0.1648570718519391,-0.06329748867165824,0.5913566310605337,0.6625201501387393,-0.025285585163718878,2
0.5466993127112887,0.31569910486246,0.2682349164048423,0.9566562880405614,0.20139772044105222,0.37031694768153767,0.4626029894777515,0.6365587947695908,0.6807561104637093,0.19293531960992977,2
0.30657146914103867,0.4200797840394306,0.9880654325953375,0.6261696703633916,0.38469052259581427,0.7300781689313685,0.17018430334958087,0.6617217951702148,0.9383221862481532,0.4239844276714208,1
0.6236167274500537,0.4414053608923613,0.652510406750178,0.6229824754543896,0.6881749467169646,0.4223497969701139,1.146471500018399,0.017513323804344512,0.27437210443426974,0.6142063816598793,3
0.5951501806401278,0.6933141793584612,0.2941150669008034,0.3885964458107209,0.7886451009451125,0.2693538747918199,0.22663610322409627,0.2845731131462014,-0.05171323658610938,0.28815818062937815,2
0.05007782937973576,0.21432477648271261,0.7002332900717426,0.027701041790748997,0.04041634747202335,0.30221882613048323,0.11006470590317897,0.8895920466757554,0.46347244642710544,0.28035125186929255,1
0.7846887965348759,0.6794911158465352,0.557714048923432,0.06366669883080167,0.2164844697091732,0.8491934938463152,0.8798972631047735,0.6787702087287053,0.44459419904251496,0.5535334493379301,1
-0.08517750154724249,0.27312508127240054,0.5515100079771994,0.5509914979638164,0.4179733384728613,0.3879259035246173,0.9284373891994423,0.5713937324825633,1.233731322650296,0.9343107486592189,0
0.46180053422684336,0.982699474970707,0.7537924085654726,0.49528988650970546,0.24136008825707844,0.6853445444685142,0.7460110488818595,0.7309443859937772,0.7874262854803648,-0.060341380502020425,2
0.4611717145894183,0.9735365868019753,1.1398292558755307,0.7441204001848982,0.5651667980111175,0.9583575295895721,0.45019101857228616,1.0713787302304634,0.37808386822402834,0.5438050507019079,1
0.5108878480962084,0.8436444368878975,0.2718263741557494,0.4663263058179552,0.7842147893799153,0.21346472192458021,0.0032261523710388797,0.20364445308935072,0.5011615053669186,0.872144047421328,1
-0.10891954999798653,0.05898319490166254,0.26307878111083377,1.0628350672104303,-0.19801011281983627,-0.017365696585460833,1.025791247530723,0.40415307909219156,0.7512295737834136,0.40869626231424216,2
0.32533315001253327,0.8587866872369107,1.0094690544373828,0.5986985153175168,0.04969334026012514,0.2045399556221436,0.21422989493019717,0.769679698031846,0.09347315626798446,0.3006436680229914,2
-0.1463088141527777,-0.11939386922285661,0.39056704059873765,-0.006058302426088857,0.7394130475144823,0.4818971195554689,0.726596461116093,0.8046366614113518,0.3764786140666827,-0.12975159720479895,2
-0.10578348811329083,0.31411504458301653,0.18210483015000423,0.706212427239364,0.2972114305015673,0.7552250914815793,0.6989699571492762,0.44168902370680796,0.5849173196175526,0.37873108682267626,1
0.021651895215748243,1.1831817064758656,0.5307006209307854,-0.38961336313022615,1.7454274640291183,0.23950028261495443,0.5927973517143856,0.5167679518367198,0.48302121237476564,-0.641165530478566,3
0.039431550026205894,0.279690707870924,0.5753918916292785,-0.1820526003600214,1.2347014667872038,0.5377951583169533,0.23016822556279948,0.5744788270017864,0.12248492344373213,0.31920119246936085,3
0.8256253119099539,0.5801182123045164,0.7007432107557712,0.22307537817445508,0.1704146533153633,0.9119702247923878,1.010780479848396,0.700960172286972,0.3476070674310149,0.7637798932475521,1
0.049576467221572065,-0.13454514244346402,-0.42456887781349195,0.6413319630082316,0.9823198164488809,0.8162782372479163,0.6501252033722669,0.04471025355262931,0.9637755487200845,0.11182724783628628,0
0.005525346233251849,0.47862988942808815,0.3738052064907027,-0.05806415700347975,1.1001036394126298,0.6817378705982069,0.3778756018400283,0.49001121531797776,0.34192606541783865,0.04724282145920565,3
0.8137703162475611,0.8891667556609538,0.1269166718259652,0.8805039022289539,0.760829669246682,0.9642706588354885,0.6336872256027735,0.6085708104139531,0.05020690395720345,0.22384932267620794,1
0.31175856901522,0.8573303650072363,0.9904582286928354,0.6283702674393378,0.04435934362615505,0.20044196560456784,0.2237781211291181,0.7920114705738871,0.04966160174318104,0.2878939487619297,2
0.08598022119713461,0.19200920059366267,0.7587528525976612,0.4095495580179287,0.12185331531735416,0.27326342651589175,0.5345288519287809,0.44970637230187593,0.4243036736367548,0.5275692822504436,1
0.2392444049073311,0.9169355201997164,0.0580598172155042,0.4605397693287856,0.6368618834571049,0.7528737207542617,0.9547343578754467,0.22806683831467578,0.7241113448034422,0.7473488645042543,2
0.6856921198019705,0.289672527378356,0.18426224353601395,0.16809461853886903,0.6914886677231339,0.041435730116954575,0.5578445944454787,0.8378857639739026,0.5668765995445139,0.5043598289170836,1
0.27030012262269965,0.4001261620483079,0.28826597503925555,0.7255291682051711,0.23030047614601235,0.4424239244464647,0.5115341692009842,0.10837999447031516,1.0055041496509438,0.22721690382022486,2
0.015376442192879397,0.8602434135486408,0.4741818698443391,0.3853889629697247,0.535049789790204,0.6474001287323234,0.8933235132426995,0.4867414655951136,0.3873643636339436,0.8756829743951327,1
1.0469905945760347,0.39697491284715536,0.7669570106468238,1.086677091343245,0.6442869176967805,1.2003168450724604,0.8777762307658588,0.13062101296021789,0.7028156659902958,-0.12984284306390836,2
-0.08141003370556643,-0.35644998046661874,0.0370614678949677,-0.842026737145755,-0.36967324380866473,0.43919043284129167,1.37195212233528,0.49198587654507586,0.5660011913762135,1.3317546998325867,2
0.8164418426508735,0.888137377945655,0.12380117036765867,0.9024411941873249,0.7693540354448779,0.9795582733582316,0.6018260575292581,0.5828986856702223,0.009135731812314994,0.3413816467568491,1
0.6140252763027287,0.2159277407201242,0.21905859321084697,0.3049149276335738,0.6560515762297497,0.026141516866297957,0.5506591932000118,0.7114698056751497,0.6459014797597282,0.6256825353127531,1
0.6844804504204118,0.37226856971962163,0.7028711116792794,0.7024974503253136,0.5936960847079438,0.9619980530337912,0.4329984983271396,0.1706907064559783,0.5529509139975837,0.17218562577586577,1
0.02650931615940641,0.774524664770084,-0.03799896780566529,0.33896882171083054,0.7405526616532899,0.5269647228742084,0.8109552132461794,0.2739592106739471,0.6725347478478865,0.5476162092594599,2
0.8219442328934751,0.7380521673924565,0.1451422716870593,0.7851480163026173,0.29623242435698477,0.9960533727563294,0.6773152758031709,0.1573659272040634,0.8803188660171974,0.32847307742355036,1
0.7735021782819037,0.2992043419677155,0.5822723790978414,0.4612365981632699,0.3147224794288663,0.23752867982430115,0.0753319515198302,0.46815266893826124,0.43739391236216074,0.6227531184521208,2
0.03864115903579406,0.23031935117515426,0.6929593403669824,0.0251786147501155,0.04013284755562519,0.28877725415788674,0.13860768224334685,0.8651321320217654,0.4714455366412215,0.3013322020059872,1
0.470104839382961,0.6149796016470044,0.7996132462641222,0.5256492508614645,0.2598255258959191,0.5907862735513736,0.22853476870072656,0.7477068926457952,0.5384499228571594,0.15404625908198946,0
0.15011236872627343,0.8957329212155271,0.15156602003015854,0.5811242739875919,0.9669849440227488,0.707893314708981,0.9950526521258561,0.7003990278125859,0.5087027909610828,0.09731074542049813,3
0.9252319722069606,0.09191192657516328,0.6431229346203756,0.8601594903411022,0.5341641293780002,0.43316536033681374,0.5734432925115655,0.33988190982266425,0.11465990404251875,0.5966691068743466,2
0.24137677932311175,0.91459808190797,0.04922378884223311,0.45080276160933297,0.6312020825179905,0.7432877149409661,0.9492680835494308,0.21925651828396558,0.7273518423601713,0.7417148294285764,2
0.8177522710067179,0.7244156880041928,0.29022186181885823,0.5446815709204648,0.3849858626308507,1.2145195944137461,0.4743582557221187,0.18321428035249593,0.9860400456764673,0.28949364737714345,1
0.7077847776906082,0.8676830894539708,0.19362294952608422,0.29214015323191933,0.6692196674361285,0.4700158044672995,0.15746261409142465,0.4875204751747756,-0.040047679399367306,0.2755987008612669,2
0.23597679088893836,0.8322700410134062,0.023265387131939777,0.4531252920526992,0.6745632524942891,0.8166712483897811,0.9326609032172656,0.1783176604483295,0.8089692195407487,0.7436760660482697,2
0.35113723113970235,0.37155867581648505,0.1283226483464055,0.33375289804611996,0.5302230279520785,0.6930709473337591,0.3174844156133564,0.618942413927688,0.4120021949201824,0.7469001153179193,2
0.7291024758108775,0.2647889396609929,0.2787465941512226,1.0683658091705235,0.3599288773902151,0.2091806849390689,0.6603062570060685,0.690128230447231,0.8164912798866416,0.03362886213953056,2
0.429002534676975,0.10381340378852828,0.13482495492936075,0.9312011830638312,0.5354120204332059,0.7097005862998895,0.8708747042610292,0.9306658192193047,0.3645700905803651,0.8346293208048741,1
0.8571189420644438,0.8293032052037511,0.08635681706103937,0.9605201680923007,0.6162626705242363,1.0212570646470214,0.6338307878439879,0.561916958283822,-0.05328562888472409,0.278040136432305,1
0.11767939714658825,0.9068985691070084,0.21337049130334357,0.43437972039941253,0.9846689061248555,0.5876563851495299,0.9881129365556697,0.7783193093157114,0.5652737728092687,0.05302767613000792,3
0.51116740735206,0.22684466050035035,0.5281052680933171,0.4668350580751336,0.5026407559885565,0.7590700175831369,0.6353142339606448,0.42648988239520047,0.0030875890263661054,0.30468557258702333,2
0.628815755534976,0.39040662053348707,0.5268511609056049,0.19131632752421518,0.28598402855688987,0.13259457490691468,0.6043786663620521,0.677864957463827,0.7643236230452928,0.4763862627473959,1
0.21213609347750634,0.0001710130961643814,0.067678462898795,0.00883777883083512,0.7087353524762425,0.25547613944932973,0.4367213443346034,0.46539348997777075,0.22593472685985116,0.1609243180328865,2
0.29394025346622393,0.17115994568338647,0.13822158623931655,0.5044797866899862,0.37562482708049383,0.0476891591400565,0.46746097804026476,0.22751441691849153,0.6178639662757397,-0.038230879856057304,2
0.03474798324263991,0.7887954335774793,0.4038054646910375,0.397672053880905,0.46032510949736616,0.6486139190487711,0.9800690193265087,0.7084457292696404,0.4521332961579147,0.8830622897918856,1
0.8232290072988625,0.6019082581205675,0.27288054460934263,0.7053137794407353,0.8238960503386824,0.7496475854468517,0.6319266326481174,0.16094288557821518,0.8274730622663763,0.967180359285624,3
0.175825403157151,0.730526712077863,0.8580834411120631,0.5945709499289303,0.05106184782679694,0.8368354135548915,0.9804742911226578,0.6130266980033262,0.9041806123708023,0.43165370489911536,3
-0.16837311656370896,0.7662140466283861,0.2636621762563506,0.6304625320631287,0.18707447406580324,0.9232457049836142,-0.35129921191974633,0.36084933979676403,0.27059971300083857,0.09376783440057859,2
0.06775105783370694,0.15646861590797934,1.014162918214288,0.3735743614764368,0.48308637851177016,0.47801552590630203,-0.0344287809078275,0.8584551101396896,1.1409285617207086,0.2748955402073978,1
0.05055864427761985,0.21312447998707668,0.12231896135910714,0.5305879875615431,0.5781277968152976,0.6812300043435872,0.6994616667461616,0.22813306153972632,0.7225335567177524,0.84627959351518,0
0.8915515813088098,-0.14962429769188124,-0.11903229025836276,0.5786743588965024,0.2529752769614415,-0.344825205513125,0.4100115602590636,0.6328091892544174,0.37623412282207475,0.8229934997607206,1
0.41741451322968093,0.8233591470028538,0.07503700937472772,-0.004735888548136349,0.7966770279254086,-0.06619853822102713,0.3516054944525569,0.3009354403941531,0.5397020410235106,-0.041060462085250674,2
0.3227926125704731,0.5288958471395856,-0.06567741657497625,-0.17443190004157796,0.27702851300176157,0.8934765002345106,0.7596896831783241,0.4561375028237977,0.8905582244223866,0.8652302635789317,3
0.7859859016759454,0.37092642059544834,0.7992408126457258,0.310342492226768,0.669614782781752,0.530495933884167,0.5637111618904567,0.33177069330561587,0.15161372852097194,0.1589916624630952,2
-0.023968703915357464,0.04950132185565026,0.8465792601411517,0.2146852351579288,0.1258487841838356,0.2730850972205188,0.7134783692336067,0.33436734600563134,0.38631245456503216,0.4575395548115216,1
0.3135367457777253,0.46702190514698705,0.47763315418565916,-0.10313823874557446,0.8633205438549799,0.9014380234113637,0.37921492771223186,0.480236794633477,0.41871421645297624,-0.07333172989771747,3
0.9493027855092204,0.44159488041199696,0.3439330366512667,0.7107320527566325,0.7900502700539787,0.6669014169549912,0.6308504425139049,0.16663761683905312,0.6427843269216379,0.8315347694556932,3
0.03172576539008104,0.23620379074122252,0.6988992744595498,0.017048621794618815,0.04340635283731317,0.27964024532249837,0.12966010519966228,0.8685746906402323,0.46449607360753564,0.2955300453264989,1
0.4214990871690054,0.5058401517940394,0.43519996649461556,0.79385513980473,0.11611775284204762,0.2780716929347606,0.5699734096484337,0.14712602392677915,0.94937412321474,0.22201187233568587,2
0.6152291791077364,0.7216870203939622,-0.38355375291018123,-0.0774831388555845,1.1374515858322036,-0.14359105961466484,0.15774849006814295,1.0364946274293452,0.1301935525037944,0.401079418728281,2
0.5526853896225126,0.3239503394790771,0.20547020161232782,0.3276889791153793,0.672515686254432,0.013444483103623665,0.5601628649586794,0.8162148449968947,0.5019512650212731,0.5323546810211754,1
0.2228822110944589,0.4088529278245448,0.0297001606932109,0.806069143044326,0.002167922506032204,0.6113526924259038,0.5735149103953584,0.7933220328108287,0.6313764535172912,0.05844584426699792,0
0.04628782022223276,0.1168508562369757,0.7738198833455439,0.3043972566985371,0.06513996897923077,0.2703623732307939,0.6427722424932485,0.4129781005419677,0.30465437283698515,0.45114800312839193,1
0.2492618799779117,0.0741944941484235,0.10175599534469093,0.008215793701526562,0.8085673653165778,0.2038289613132383,0.413055668053814,0.4355540916708765,0.20710497639188766,0.2585561513860501,2
0.08537759969241847,0.5561434329417754,0.5088351525982878,0.10327267562107564,0.9281750755515177,0.745873715882309,0.5156853538409336,0.5049265995890442,0.3931563756860847,0.08486649052167557,3
0.8184885895803891,0.2574756570053366,0.5213022609789772,0.5375393044665218,0.3598396406283985,0.2208401773575814,0.0749250045862465,0.41497680105893703,0.3733495440684929,0.6000204781313462,2
1.036131884030617,0.6186090509838236,0.19465559552144676,0.8277707544712205,0.2257724091803945,1.068706661017773,0.494333765586339,0.3422166091712825,0.8657719474113339,0.2485259371634721,1
0.046851431145158856,0.11410784893040662,0.7707958680939995,0.30914314950474087,0.06529124420422484,0.26810409458980045,0.6350774481038942,0.4101348980972962,0.30962548985848687,0.45433269592445935,1
0.20147221290143325,-0.0884229670592408,-0.00556981805048512,0.8749499703681973,0.7579683888219308,1.03140732419005,1.1084591539640272,0.9908627280719355,0.4631160612005927,0.6366540876012572,1
0.5872813768803767,0.8678992045089878,0.1626935168632299,0.10481406372754024,0.7817177353861833,0.05621431842975806,0.25601777512116736,0.3711128986212749,0.5869884756357457,0.013181082876039142,2
-0.09082093243557196,0.20727363826683293,0.32410088454417274,0.8265177511278955,0.2745850257975225,0.6818458912277805,0.8802210219409108,0.4874035088363682,0.5307070059922581,0.298251506184383,1
0.32614930696648026,0.4026348010728632,0.9915130990643926,0.6144163697189545,0.5242629997460315,0.8305150994831448,0.08700319500065645,0.7372057531667318,0.8691889666894843,0.45352061855553216,1
0.847502726408326,0.5680718670318773,0.31969438781662024,0.7429985789548932,0.7869942617682802,0.772214897624505,0.6875689502718614,0.13559256534371694,0.7580391116858821,0.9190114965146675,3
0.1896294901319663,0.44330467716967126,0.4548530803623478,0.249535168565514,0.4892333485229079,0.9465583638693832,0.2139034811345939,0.794163544409181,0.7876225895741196,0.8038073721126447,3
0.26581830305115,0.05214004050343546,-0.008965006262044661,0.652018760966533,0.3775847589146621,-0.12243823281026617,1.1506423584912977,0.6432909633314029,-0.12638631766746278,0.056294781411992234,1
0.6439774763190359,0.05826587551779224,0.09461224354339001,0.8323310992119651,0.569387851886691,0.8689587535341654,0.7396263271467056,0.9283520824240934,0.3811755811786033,0.7270035190677372,1
0.345256520145814,0.28300598730623383,0.3189315928079327,0.7957774512247864,0.11937345430535212,0.460694684175647,0.459319565267699,0.1278731557241855,0.9050198446809795,0.1027281883390522,2
0.891398555807111,0.5466294674594959,0.2911502694035177,0.740663287585346,0.8017266744925774,0.7226157857778935,0.6550100879555876,0.09779383616063725,0.7890191531628846,0.8947468065477598,3
0.13533210035325371,0.33785924567265696,0.12074403393738325,0.07515763422168546,0.9743594571680796,0.46940165599664574,0.07901125203236764,0.8010539160936222,0.10542355773781312,0.3759347963588028,1
0.28572884900153905,0.4456484348667448,0.4077191305407265,0.6861064054771246,0.2162834760515028,0.4181133369636557,0.46206241971771067,0.10492932791846243,1.004534873570614,0.23684880619541568,2
0.471707925522408,0.6909211122318116,-0.019172243988077403,0.158901489102355,0.7708336286600429,-0.04197391738704148,0.4070224633860441,0.2771950817796323,0.669456835484214,-0.0995946313861597,2
0.8094279848333364,0.38044373221370353,0.24928045239140764,1.0473966633486442,0.8034929195619751,0.4942321737333053,0.1660720962001243,0.8340235643071642,0.38035673762322664,0.462946568228481,0
0.4878767189150106,0.9321141123181798,0.4220035972105577,0.14002265875886713,1.125460357427116,0.502154841598778,0.2829143313167534,0.7842586888329435,0.8640895803176017,0.5898290860695821,1
0.08373416927486665,0.6389927217376992,0.526513924758104,0.02506980557638993,0.9136612653560019,0.7950189429538305,0.555316068303725,0.5934611453619903,0.4690665121107062,0.09329411291772816,3
0.7724328606845016,0.8593562375623566,0.03884344081649331,0.9150963440378519,0.7505324716895554,0.9451648214980832,0.6417387570885943,0.5851558696654376,0.08935549834410611,0.2932711030441659,1
0.04370694012389453,1.128401425155754,-0.13108448034017967,0.31148362959293546,0.8211445437415155,1.015186451646584,0.7539139124391567,0.24674005760053128,0.6009598876234264,0.6103379040445512,2
0.6514170204209431,0.3135596574641773,0.12005073203117418,0.17171877974568717,0.6011375716257297,-0.08305932189250403,0.4762264925118062,0.6870225012582296,0.46819483247197347,0.7357231588209112,1
-0.1791330552177327,1.1267659450667271,0.6237492639027665,-0.6359933778010038,-0.04364239014935978,1.8774309277790793,0.5487187442534753,0.004517228266644635,-0.047825118159769975,1.4361847605344438,2
0.21391798038824794,0.8602009482753221,-0.32355674777397536,0.29458791610241963,0.6607346804268615,0.4667968409011928,-0.1290998799621641,0.7782263501846489,0.25286513729358295,0.12551343959634947,2
0.9676313236547566,0.17803760224357396,0.35275915812973996,0.17288467398707746,0.007488571445922902,0.035110873798246955,0.5051387493056568,0.7501927669158354,0.004110002300837275,0.5542331449592155,1
0.3699275954491441,0.8758356022005033,0.507548713175751,0.16726970251972062,0.7055965273783059,-0.020115656404241053,0.03782673764124117,0.7165152423103734,0.06922695814783143,0.7943081616525965,0
0.6890877096258496,0.8681112154932703,0.1771993766033664,0.7579716652560123,0.8587724362514286,0.9051611882257568,0.5411464569772853,0.681841457822194,0.037776535754265046,0.23264807212094224,1
0.13700535348599502,0.06836037486331191,0.7576364082441125,0.7974735923438434,0.8269258711997021,0.01059077061831397,0.6109225510850164,0.6857989449025527,0.39322561361483543,0.17354505939957668,1
0.11755419184744378,0.037174185490434664,0.8160047218140376,0.23906409292243763,0.018568208395431135,0.18218163207822977,0.6684678128618021,0.3327072503950815,0.39221971359569535,0.4112006581856554,1
0.650561222016663,0.8689119420519416,0.7880931153855641,0.9604151641768978,0.01504136996951392,0.01856007444467524,0.17977205469121596,0.4987561209812924,0.8683121154229928,0.8866482896826243,3
0.8815739674008662,0.7598737290178578,0.7486203565449464,0.4727676611485999,0.579219308095264,0.8385566358225509,1.092805951949697,0.283808368650761,0.14516631833779148,0.24775288668453516,3
0.6228052332513742,0.6871142987174362,0.8086338015788673,0.40780241799634404,0.6148293728874487,0.6888317000629232,0.8882307942918491,0.056732045981046385,0.2261724993826175,0.3012103961250434,3
0.42658242403536334,0.17497828066674448,0.5294360599225112,0.04913023968422334,-0.43263495160088383,0.8839769555739841,1.1157369614079384,0.6754072420214801,0.604809895478793,0.150055050166783,1
0.8610654935114131,0.5974817903621231,0.6956723792517243,0.2686322766686111,0.15557552371120537,0.8138867212198461,0.959191335572597,0.6549922836589439,0.38386918622352,0.7557170144597581,1
0.976566216288531,0.6377285248259112,0.7190917087514117,0.08427595147264365,0.46363780477111327,0.6240898999578067,0.2916097619826616,0.1627453793610588,0.8441144371932137,0.9034817712472164,3
0.07469160836471289,0.07308637174844455,0.16789235424553575,0.7644849221235531,0.4556047710616566,0.7233553953909774,1.052012559157287,0.46377712444958125,0.637703637748431,0.6463802781089074,1
0.12508999539983412,0.3587242476178679,0.9157823820405353,-0.0031258947573126958,0.630703985165371,0.2711298440343027,0.2916954369890567,0.44345195809302734,0.32731796610299196,0.9534108933328002,2
-0.5652362752049881,-0.38097906065128967,0.15601828608603285,0.5019417067711225,0.8552278133234322,-0.16260292520560155,0.929547359805327,0.8772633898603951,0.2921053367417219,0.5877446642453314,1
0.3691835555499676,0.37010928997457304,1.0487182408999205,0.5974028356313913,0.33059346087776004,0.7862357728071978,0.20722950959472902,0.7167014305154866,0.9887537802170681,0.37358096410811237,1
0.03710430683582421,0.2271840841132423,0.6998584560453132,0.008049460519314565,0.05135576953509527,0.2874291016385383,0.13255508000026947,0.8609186529509487,0.466679973346454,0.3043484054902215,1
0.15421856867006645,0.20567707554337117,0.47309824689017355,0.7504181168482591,0.30274772567409863,0.6536282383837978,-0.20672511962871365,1.1761334055876513,1.1350255556667128,0.9471386091261544,2
0.10962330552871496,0.5398557673082864,0.40021096195682776,0.3737160601918811,-0.16787250206463,0.10112161595471297,0.2524564064788923,0.20627379438905497,0.6878825844993662,0.3371290819247923,2
0.17986211364390758,0.3776173176996665,0.14398373492621813,1.1180821349981929,0.765683424237708,0.4039575231594382,0.7135418191321161,0.7990771565144066,0.7333646105372437,0.481796980514135,1
0.04031558614723613,0.3639913758616122,0.7271667228902057,-0.01244545026286753,0.30203483081737637,0.7381592831520628,0.3532896106273955,1.036066614445748,0.881652185782321,0.5722531004202208,3
0.3335812642375294,0.8701579061802207,0.9749543557770064,0.5899243589047418,0.049662909357148254,0.23626873512670965,0.22497009501637077,0.7828474197429551,0.08804022319854383,0.28166399496010014,2
0.4913112625964606,0.8128219187270381,0.2732700131228786,0.5441866624131274,0.7664945319263643,0.10299960763957713,0.06177079244454565,0.20067638602551652,0.5383519532963708,0.9051331907252301,1
0.4371077042585721,1.087895864243515,0.2129963805968638,0.2613517216508216,0.625142727730319,0.6387772154188076,0.04128714499597835,-0.03151936952617679,1.6215963650557284,0.2676756982061039,2
0.8997789659868485,0.2721535082089956,0.010084659501168039,0.38415223551608296,0.43845348832685904,0.2602229897118258,-0.03310170587827371,0.6536382393069112,0.38932778431668114,0.1235113746714639,3
0.5646211955157263,0.8821557765429251,0.11347945661824417,1.159022686006683,0.7152908647901319,0.9360825215406329,0.9051726373137496,0.09809579613529013,0.8352978501647831,0.1580348243827914,1
0.9717533596264463,0.8050928975995271,0.4814011806587867,-0.09016979022143062,-0.4885946784666888,0.5085356998004846,0.3733438225732011,0.14002468351738695,0.6174873583779886,0.29719346971317595,1
0.6916637022467731,0.7613232203052347,0.31292117226504046,0.29288973415831226,0.7861246813716513,0.4216461624029947,0.18079231227922263,0.3995508215274561,0.070690891419742,0.36362296667822014,2
0.8877925936964012,0.419059031581037,0.39265024850174446,0.14757316206186388,0.5021926441959199,0.041521173252608734,0.4528371824020896,0.6921817490981752,0.5719462254131905,0.624147857903584,1
1.1667359466883314,0.5135700477678949,0.10469401821952977,0.7449441827921608,0.5306446976280623,0.9722641825606196,0.6574350465572414,0.299517206642057,0.9047394815585001,0.4082856304111503,1
-0.07024993482150496,0.20106727402357635,0.3084797602263908,0.7450040336124071,0.4171083921606247,0.781716192574303,0.8525833609344206,0.44597529291347976,0.7986692165497316,0.5275359646906624,1
0.770885403195552,0.18193810081998843,0.7405922827723107,0.6656745865059587,0.8314475045924538,0.6996155982862782,0.49874448919972486,0.2612257347052715,0.8854855316896281,0.8851145000679379,0
0.1780193469584741,-0.41952749339960527,1.2624387538498774,-0.027412294059240505,0.3511583579128284,0.07883488104623795,0.4121921601236544,0.49135611121782685,0.5656842969939213,0.42613290030412554,2
0.018106356667824165,0.16116230978968582,0.4006818347051244,0.12250632383974927,0.7815692158665681,0.5447497999243592,0.1723132690690343,0.08526948589956104,0.21621817743676347,0.416212199325649,3
-0.08541541865856565,0.10653958218491229,0.37793197476493257,0.22000791873208808,0.6667380320070299,0.519858261901878,0.2348211799473482,0.0089267056096837,0.2806821944420526,0.39774857894168875,3
0.6573093582132705,0.7400137175716486,0.6714788933067986,-0.06791984177610014,0.6571780059786216,0.7205087240631025,1.074211409396856,0.4626029907532092,0.4610702807908483,0.8537673999982084,1
1.1190283064608002,0.8825075466376023,0.31070214025927523,0.09379482025002425,0.7409054674505581,0.5223751145541452,1.0352887104452009,0.6850104996806518,0.35377592716372,0.6004831434866913,1
0.49321100908255266,0.057754107447279456,0.1057823377372355,0.9347827331571561,0.5157827963379932,0.7596130659842136,0.9374440519748817,0.9883497591700556,0.35761355244490783,0.8657531606579554,1
0.21176882302506686,0.690660222900074,0.2535687104363425,0.37509532651235444,1.0948879470700787,0.6959595189991876,0.3012680120321086,0.9848365665069264,0.8810938242367732,0.6905634947002827,1
-0.34679319926957747,0.3492472901498663,0.6622651920393512,1.2917312738584283,1.121360401273229,-0.009529498551364424,0.6956388561930924,0.5327813449377619,0.7273688820771247,0.5377039130235085,1
0.8116304985734649,0.8368101184553088,0.9125454982807962,0.5781237750543173,0.3431901710241545,0.979712015026574,0.49134131498072015,0.7554230912475602,0.7581862110425153,0.40472880854968646,3
0.12162314396681077,0.522709993756015,-0.06847982788520413,0.7901024500603872,-0.06354538448775043,0.9849817619264764,-0.037005976801356893,-7.441560573145933e-05,0.7522663493757946,0.6342683370002496,0
0.2646787762171796,0.37241371057354666,0.20573837726058955,0.5487649286512895,0.552676562440759,0.897656575098468,0.29575467557573554,0.06381863657177789,0.5058133141016287,0.49518415037083935,1
0.8528473818623075,-0.21766984173629583,0.30449326413328015,0.9632515922908316,0.4215709779517165,0.7518843825761142,0.29623868311838897,0.39234007096866097,0.40214970710801795,0.5594203268446253,0
-0.004715748470424053,0.1687564740146737,0.3050958989988296,0.643448288570755,0.4200154600089045,0.8154097071136771,0.8640187292127699,0.41218276296842865,0.6607851375829213,0.5121132902945222,1
-0.21826115897059445,0.598201691923363,1.0290034527666145,1.3860166703062506,-0.015077862776181977,0.013766822656454637,0.5791743811579276,0.9465481328116944,-0.21700965278611573,1.2679179101434435,3
1.05274328556711,0.9658593916517189,0.48325022060484124,0.12152251475341042,0.48066085313084517,0.18445753624953654,0.646067485184958,0.12711589971287446,0.1984446882364856,1.174774056500084,3
0.45991606763035664,0.16905930208246034,0.9001606084869439,0.5416794645585158,0.8726540337321674,0.4773507538317133,0.6973450771452496,0.5371211568176136,0.8083693815061798,0.5376290969923727,1
-0.2620460950593935,0.33083580163494686,0.7850523594565376,0.8566156128439217,1.063491957300848,-0.00285205350704067,0.7228122932472961,0.37210418818036617,0.38742807722461886,0.0045392660886738045,1
1.1173397895789297,0.4696390343480102,0.4206834756796405,0.8937944900116288,0.5436507189792833,0.921776247122707,0.9474259105845635,0.29750617611986313,0.8082563150312807,0.3230315400573697,2
0.606465488054766,0.1812834632478453,0.14841448293002496,0.3845326265897055,0.5341837338059465,0.016799606942556444,0.6406614360580392,0.7559925956656484,0.6694197825148734,0.6201846694838115,1
0.9094675962746895,0.5839931948422649,0.31702005559984336,0.7277169631922443,0.812810623226433,0.7528444292368042,0.6739218124074009,0.07758856308593218,0.7803574157320571,0.903590254238733,3
0.3256837929616374,0.8606523666614296,0.9804204159025749,0.6007925802796747,0.04540065731603619,0.22821433271804883,0.23065294487367427,0.775582709058089,0.08124221491718646,0.29242035526891197,2
0.33742001050440656,0.3147576035434811,0.0793238864284185,0.5811907845281575,0.21570438328942035,0.5231738084038563,0.5346318525567031,0.6545234434012623,0.452151472967573,0.23775017834214385,2
0.5235498422564897,1.0155611083389569,1.246070828427461,0.17302606070381285,1.408936976190333,0.37310713340508994,0.37585000584056666,0.7706405022161487,-0.45612493940662213,-0.20375817283503506,2
0.9636611861294131,0.6586007089539132,-0.19090209544900066,-0.1641473138028064,1.2592784044869472,0.1569637376892392,-0.26091889681318736,0.13020289928997214,-0.10339713981872634,0.772063523801563,2
0.15527106513662797,0.7787160917243009,0.3454347975530028,-0.025941757995155412,0.37208520461181,0.799139156851931,0.26765364837623573,0.5532352731613356,0.6449385550472408,0.6622457703149167,2
0.9469996585466658,0.7320432662457385,0.2642744144790955,0.9805985448277121,0.9937756092711755,0.847994086356537,0.8868836759663906,0.7296017143614424,0.6585671922988106,0.48775943524295035,3
0.4911629916954287,0.5771143739556782,-0.12454330957167237,0.32405699178392,0.1059058605886059,0.154230958149172,0.13519383321128345,0.00304896618140435,0.8958040612523444,1.0918355005278424,2
0.6421802644398124,0.7115668503236579,0.38350886114385757,0.7829637416550629,0.1614094485014579,0.45655321609937555,0.7779672636759536,0.8314817114767784,0.7821261011414922,0.39558998095511,3
0.5950587806268062,0.6349718575098986,0.020296411398112987,0.6386790971823921,0.517997081954778,1.1171333063902846,0.7475243273072191,0.35712130225373884,0.6572394097241183,0.17699623451108015,3
0.30789401683258066,1.1380094349416012,0.6917386820304866,0.07656311443625713,1.0090548301821567,-0.24629651505104688,0.3675254229039707,0.9172591835305892,0.08147560206521343,0.9570233806546184,0
0.2147364874015616,0.8412326534512913,0.2072826975633161,-0.008616031973243288,0.756960602072406,0.6423627114475357,0.400854803988999,0.5909146432324677,0.9391131413387939,0.6890859462260392,1
0.366477390731402,0.3046606683355682,0.05346474025811511,0.5468735535882971,0.21979139562166278,0.5552563592219761,0.5508967359881528,0.7050047609242093,0.4649355363810366,0.22265254079044264,2
0.5852279191048324,0.7631464452559215,0.5150767532383911,0.278712791701954,0.7570488252960496,0.8810764471272585,0.5284894081285555,0.26036550328993946,0.21695450803246313,0.3423153638417441,3
0.346762204360714,0.30676486637899203,0.3561811777502648,0.9115556868427218,0.3476024107927754,0.3529014588975233,-0.0017012861538929641,0.13786433201236303,0.8834228688253505,0.941656394264794,1
0.5671850091265453,0.26116206290098243,0.315240903113876,0.6668152079144036,-0.05303244202599794,0.1489186335518534,0.6247525836837923,-0.03112332505578143,0.8828926803471173,0.39830229976630316,2
0.5756643822318384,0.43955342670651043,0.16892011656087022,0.3578055520428125,0.3608415252871142,0.742865349014016,0.79655948193709,0.2422643715340621,0.8217086348860634,0.24210027385417004,3
0.26575583507373296,0.42661541095618016,0.8204243354144067,0.4218114056499657,0.4343784955129996,0.2844357168916833,0.4562437261250578,0.6897191686800436,0.4878441129857215,-0.05478855757788759,0
0.8507739783304398,-0.18951681913371052,-1.0279239198540044,-0.3235434341599762,0.304134457691596,0.7810034305163048,1.5185225474696433,0.3369907453011144,-0.3125400064361219,0.09915992115273463,2
0.34252125321638116,0.16884788657759253,-0.16621103354527017,0.4749756885611105,0.6895590726986603,0.2230413167186665,-0.10566725052279785,0.3344397986061269,1.1744585110191488,1.023850245237434,0
0.3893233855994525,0.9470939032882036,0.7651610761451589,0.04880066320647938,0.5829417223416804,0.12323501200695611,0.32761279374579755,0.775535550664112,0.006894771197769739,0.9664907878864304,0
0.723509058128861,0.8875177482583883,0.12588326566348507,0.8464132884655658,0.6632647890708201,0.9841824000297384,0.6657264095513225,0.5902866249989092,0.07968097911242825,0.2626434878509305,1
0.6271442293315025,0.1911636598210443,0.7404927316412016,0.6470718288688326,0.7964501891405911,0.585859675971249,0.551371978932927,0.29173271657197297,0.6704668564418005,0.8451844003376526,0
0.8971510872939519,0.8662995753374697,0.5987856813370958,0.01756536750994658,0.83805329889721,0.673207141237007,0.9262515910746982,0.6547980633053545,0.23744731109255676,0.9166333691170839,1
0.029440252343519907,0.224464168934979,0.6969296796373602,0.01900285829364149,0.02999146896829346,0.2722787482545813,0.13123017502064843,0.8693809363898917,0.46516882143786215,0.2824158634289475,1
0.5275706236512933,0.7095733276422254,0.8088700199307286,0.6530835798039525,0.1235223652137108,0.9743254370679488,0.30009127169227234,0.6427714827261042,0.8031458880982428,0.32325523068695383,1
0.1620773687714851,-0.07342398318535717,0.8297558544618838,0.8484622014498746,0.8636352476192901,0.28692428265439296,0.7669018195355547,0.4205565669738077,0.22874537227242747,0.35612152513930734,1
0.09496283902418226,0.11093043528729066,0.8090458965208197,0.359778936947003,0.030193471602370105,0.25127896235169694,0.587531677576608,0.3753800922154473,0.2854038427948803,0.4990922607203659,1
0.319634345769291,0.0687282715020206,0.7969590546359989,0.24289417913625957,0.9271950865767868,0.569047110135173,0.2542294266536192,0.8314851247353208,0.972758286112783,0.5251149063800163,1
0.5105677006725369,0.5927589920299239,-0.16135797632071516,0.5454330721491897,-0.19756072588054796,-0.08568241804144766,-0.03159320988878943,0.6835116420548126,0.3634258395125312,0.3016379182923562,3
0.06869157320349073,0.7801894260808003,0.27932192696976976,0.49091477233551367,0.9349468825970431,0.5789939819741617,0.9181736086745215,0.6583796419853404,0.6457727253648539,0.05135511101830728,3
0.4476765661595735,0.3365193424374522,-0.07717598189560648,0.8262435170068158,0.9075655988430016,1.0211885643550902,0.8219851614847411,0.4657217056627509,0.9173486479244962,0.391463572562074,3
0.34872169959246097,0.41976587471628796,0.35285474588955196,0.701287859895613,0.1622203759347339,0.37888538375757563,0.509638367099483,0.08575310000869309,0.9512524277262056,0.19311838347922244,2
0.16705465696094107,0.2873146242771344,0.26865433723121107,0.3653574891729698,0.3086322592014822,0.6288421878053981,0.22742688181767512,0.8099437025188019,0.822292393964666,0.4346980885657126,2
0.9033701722586722,0.7210196525939566,0.1943233267403615,0.8010578128852879,0.3836200970646685,0.9815209062877961,0.7049922658850323,0.08693207901403698,0.8110755977911456,0.2718243082303052,1
0.6615661252154951,0.4238206310299022,0.6375649219250381,0.6949839564784711,0.46063396541955604,0.8106976509103274,0.3278421073648017,0.6108676884248795,0.9658550041524678,0.1929905085125341,1
0.06870800660821352,1.2070337426768207,0.3303478495319836,0.3759871715504881,0.670904647846336,-0.4586468290481627,-0.019288235093734257,-0.050274065852330296,1.3379565031441012,0.490791846889274,3
0.21846440360471164,0.21154894169254043,0.3439374626819879,0.2802164059257978,0.3615431821456079,0.5363475046291921,0.24123673128549855,0.7627397031192467,0.7217341457498969,0.37015259663339584,2
0.19449067019700766,0.9027989909700498,0.31597237251983956,0.28455742711736576,0.6034687891320558,1.0375754907525696,1.1801155361819935,0.1378997557047064,0.2727797075182058,0.17737065183785375,1
0.03300657829895509,0.688929587698206,-0.13280195260875094,0.8903765684168059,-0.15502179941813843,0.4342049337339513,0.9129375025672517,-0.49830513262588716,1.3675954819243494,-0.3144679923324382,2
0.2527122283566767,0.3673643979358699,0.2685276387972611,0.6034093296185776,0.5962524422797374,0.861181755574603,0.27058812929462434,0.06859149605245209,0.5307790133170249,0.48406749320307196,1
0.27930717848869224,0.6803153534196218,0.17917853148198318,0.09927072709023597,0.1710349150648121,0.795738992426271,0.31876481465659046,0.38323122358599415,0.6344598495117632,0.49010486032895684,2
0.5151860503750701,0.3910877423348809,1.2469261635750555,0.5808545893102832,0.6021092615275698,0.03921239373924679,0.8828217883002988,0.46119647865055147,0.8215180218637712,-0.36153609848111434,1
0.5731242143783513,0.43832229049109916,0.1726711262820088,0.35849696789260993,0.35995607904068394,0.7391665321915574,0.7926439212993408,0.24319718216354777,0.8195589534681544,0.24364093579968363,3
0.17926905543377517,0.6718421780622323,0.4326184260839583,0.7048038452667079,1.0378876779258361,0.6855646507365257,0.9338154795040657,0.9105326046657721,0.7077672859101506,0.21641950164396864,3
0.222946899715808,0.5562578365504489,0.22257039676551552,1.0453364181946845,0.5922864537990761,0.2767116236881611,0.47116223450713235,0.7950761611924005,0.6672692346298178,0.38704933680473935,1
0.5672724844567776,0.8302236431727467,0.6008789055395943,0.8477876991577015,0.2451616829198875,0.2817283113115609,0.05244820244484493,0.4386220189899624,0.7239427267457487,0.04970483212028521,0
0.10578930039058704,0.24560054507532147,0.38537053151474965,0.08553066101910228,0.8220069293628709,0.2130430512585041,0.1293924003415462,1.0049068110068544,-0.190491579681841,0.3689886883669884,1
0.00591622660794465,0.11549374643396558,0.8630152548749171,0.6990685608587048,0.9313144554587243,-0.02674165008615457,0.8303902952794816,0.6638703626085211,0.22371125319638596,0.36383952148872234,1
0.479844497634909,0.8769273658781551,0.28902336308960636,0.567755388620504,0.7853622889133122,0.17915428431158545,0.05805558597661173,0.1618603445377615,0.5652897602006779,0.9510343786013633,1
0.29843157319117064,0.2999315210900718,0.4439010269360707,0.12340649526236874,0.2895685630610986,0.5669197487657994,0.2471924289632965,0.5675086615359226,0.7233407115629079,0.14405065239283812,2
0.07377013165294914,0.19559538908607546,0.4096957793871939,0.10922594348430444,0.7385958741868948,0.5567616184318579,0.24667599698542392,0.10887114428019007,0.29852465114883175,0.36224575259623293,3
0.09118923834360337,0.5980210451022244,0.6873992262091289,0.925783562169283,0.2324674395936211,0.4508915516610602,0.45414088923528395,0.8933786001340966,0.5649941108978005,0.11639916685811494,0
0.5394805520677347,1.0112261940236293,0.41368077086988525,0.24376927783023744,0.8620553309563549,0.629990023939825,0.47743705057640656,0.8024566842922545,0.8411819051585769,0.9678933526345436,1
0.5577361958544845,0.4269078235654187,0.17502821987702893,0.3404262509689474,0.3444570186803708,0.7626010401685074,0.7822716256431238,0.22185524038471663,0.7994067061941457,0.22881405967218868,3
0.8426165212698705,0.7381307492661981,0.5783999245260707,0.07844323762794292,0.8627681651003026,0.6661797086013047,0.8309509296585897,0.5271027434347685,0.37194945435752225,0.7996733929650757,1
0.8295634537192711,0.5919152722732681,0.66211826324766,0.4077742100231476,0.6011909922841777,0.3321521261170285,0.17605234335669306,0.9662776414810272,0.22556548841807922,0.8208000383006044,1
0.28950352226035103,0.266208560722776,0.3499876506818965,0.7602299840034931,0.4035627546480611,0.0377051663221028,0.9607963568098027,0.4855062066595284,0.10750891074024176,0.26734572404271645,1
0.265239421655638,0.3562800013752208,0.5787937795612449,0.3868907629281573,0.17220585916400047,0.7310431713815531,0.4944838525517181,0.5225243528249711,0.6762882577500687,0.9894284485988404,2
0.39777533165859436,0.17541996949993324,0.3074173161836047,1.181203854756915,0.441503004725291,0.8808437379653572,0.7519176102641706,1.122052847937137,0.1710152825232193,0.5703845877574157,2
0.9343949204769878,0.6426341931649356,0.26555326027592246,0.9717631898218588,0.9934767568336508,0.8969374919872747,0.8283609699049237,0.6759540356342351,0.6327502637742944,0.5538140660021283,3
0.12898268531137375,0.46143029107143274,0.23279828058987165,0.016835419687913383,0.5403252466405098,0.2887625401264273,0.08214317002172467,0.2646425572101174,1.0290460398981582,0.7339605906224582,2
0.3404388569572945,0.2848912899299536,0.3342618541421465,0.8818192532299755,0.3095303421374992,0.3017870226882021,0.05534739372562499,0.20941636583483786,0.8532013383761201,0.8948641783130525,1
0.6207461384995112,0.8163961752036072,0.5689575745983401,0.3365628507097178,0.7686135479177221,0.8871204346877185,0.5137660770811807,0.30775014763014924,0.25418956090388545,0.43410695726497006,3
0.24730930512379717,0.3483328177549672,0.18977362258294758,0.8551748041852054,0.3832549429481475,-0.10741346786960315,1.0409250812866084,0.2167480732976726,0.17419762804651387,0.4190566249767047,1
0.5987722506452563,0.9039343783685706,0.007257045003529565,0.06386304181722449,0.3829632081889041,0.3344573270483771,0.13853668960811755,0.48617994350515176,0.14749870670873486,0.9208514050284702,1
0.7338153160834797,0.7996198558911367,0.9049652185380321,0.8380031671829554,0.07774794412595962,0.8952970922782717,0.45173461249777314,0.8297433722673269,0.9796779739906484,0.3007872276534016,3
0.7171583311826576,-0.2886543924145228,0.8613174402407702,0.6865250094556195,0.5868898631750548,0.7045071329928274,0.5460160640063986,0.6348817657986147,-0.2979758347738483,0.7738863149873181,2
0.0342621685344001,0.1042657967565007,0.8940914189879535,0.7529637439973664,0.8359416720015215,0.06596386000182386,0.7047587266156323,0.618636399170598,0.3543412141366207,0.22139803645119033,1
0.3442168879113246,0.8669723293611896,0.5761396065202505,0.2321450266445198,0.732584620914141,0.033842413494634654,0.12108411962061282,0.7525191928770965,0.1487670137231248,0.8166374690985466,0
0.917356904884061,0.3741725019901076,0.006652185563257126,0.5214747298851601,0.6312844838450896,0.421639176083357,-0.14736522073519795,0.880675181881435,0.42344209679863987,0.19538570622546653,3
0.29051037869184615,0.30873816037847773,0.27494901997288956,0.7961807069165692,0.4332740329935517,0.021281906033745083,0.8987243635061642,0.4036919181033825,0.05955543191355302,0.258188000257287,1
0.6897546421991937,0.6419520294404624,-0.22260966841887941,-0.49982467783651785,0.11812600157202646,0.6283245612066554,0.09646150314316143,0.35670530165421427,1.2747095873699696,-0.09993903600456466,2
0.26926193064135295,0.25914264335989934,0.5330301095867782,0.6470297166443959,0.061534363889481844,0.17767335271800666,0.6095461171954588,0.2579598644902138,1.0613386486770398,0.1896667642692992,2
0.887357664746399,0.5159229538962288,1.2950445154418133,0.9708957254373592,0.18066556126393657,0.7948869378033272,0.2989352773905343,0.6940514150448888,0.5754336142208264,0.28015610581011297,3
0.2874365232150524,0.38780135673548216,0.24848036758482342,0.6103532978176708,0.5724020101962984,0.862165887905661,0.2446882540117129,0.08375882066882362,0.5222705772615305,0.45543049110968115,1
0.19936338715050209,0.24570575370209494,0.1250138354993233,-0.023165280493535986,0.8053219842962744,0.39621435968193675,0.29458221459892026,0.8412404625433552,0.08095467411413151,0.45816905377140693,1
0.8096090477013063,0.9178323972197906,0.8614179671388803,0.6339190004535161,0.7965790485907435,0.005938705004213574,0.42630508510860843,0.6207944693658127,0.9010003662646608,0.7323637265440663,2
0.4705441104576557,0.8145821967726249,0.14436948025103039,0.6263968245680784,0.7468698912989766,0.7592856147680358,1.1671149029915875,0.7685488026870528,0.4942692632079429,0.8961411182667353,2
0.8072198173969429,0.9281343171777806,0.5475712372204253,0.10715416378696287,0.8328098928919823,0.7153533515085385,0.8333133443025746,0.5710150982469152,0.2972965401198383,0.964861293331837,1
0.24912813090738134,0.9135086920347134,0.08071532885342185,0.4310483680510034,0.6246185243051401,0.7796023095057106,0.9281706477385696,0.22973711782697803,0.7381685861039493,0.746935171111728,2
-0.3963463117853874,0.3177236811045453,0.7144546136449734,0.6342499023849514,1.367787173662316,0.17162221048926962,0.05038229783321008,0.5677958182190579,0.5447321296265468,0.30283475415575184,1
0.8787397792419136,0.8744510185755943,0.556169434191838,0.02255873986630741,0.8083240792633383,0.7043080841982783,0.938956054236226,0.6993986146488802,0.25210830440917115,0.9369180526828425,1
0.2837349257348881,0.5376418613143997,1.0495874737136675,0.15564243797230332,0.6533581254757075,0.641332616122658,0.11125187376027339,0.44361932197945186,0.30339685344278056,0.3988380122901063,1
0.0247704562061438,0.16056483368832752,0.4210994036178087,0.139580387169206,0.7729739684293835,0.554317766337716,0.18213750402017395,0.06703418697270176,0.24172633983036307,0.4211791528818282,3
0.33876249819969206,0.8749812885398115,0.9733914722573894,0.5950677803526067,0.04298815073583575,0.24153600688574953,0.22422204359592263,0.789500871174783,0.0979319901643971,0.28124744289983317,2
0.010595256431790753,0.9010306177561898,0.3250685802080507,0.38297087701800886,0.5191543951732595,0.8033771839599669,0.9771752712527474,0.506106193186643,0.4109930530749392,0.923736400152357,1
0.604592397406095,1.0479563906271336,0.5513677209489619,0.7295307977299319,0.18264173691475993,0.12713401710526626,0.2796820415399387,0.44064026530107336,0.5027934270763261,0.14577872133566755,0
0.8537343308076685,0.545973656271932,0.7759009934883312,0.6651096456463046,0.6786518345123165,0.5060923497515614,0.6294312326993516,0.18821725865990552,0.9201284755576176,0.2984573608894041,2
0.06575877798427324,0.8686106958183089,0.2669273430394576,0.7102729875964727,0.7311451229940308,0.7692927271806133,0.5451588701971907,0.12790139061663483,0.6518915623885857,0.5314391010612265,1
0.18320078780564167,0.43602292491443456,0.4180822289963485,0.2705996483678127,0.4908597379884056,0.9680491194775571,0.22443508936291512,0.8269569819606007,0.8028945278620603,0.810165071017103,3
0.7054836062711345,0.6149622641970343,0.4448239995914874,0.7156523629006384,0.37667783626733964,0.4919550869086446,0.5204333175352656,0.2796743701223804,0.5099495704289749,0.5229627573334323,2
0.29437586162517654,0.3213955292613782,0.3754712439241118,0.8780040119244263,0.28968406112236544,0.2594774541781738,0.029821757272425326,0.2148093300961583,0.7943937528813747,0.9199490589164317,1
0.5539611280722185,0.563577580062759,0.33476001306063785,-0.0796506963464998,0.2784447956475211,0.3447498704601928,1.122920068469832,0.08542358803962824,0.9021653466585331,0.4944289245186838,2
0.6949525573651345,0.4277332833244988,0.9541019777861222,0.5440725205886485,0.8238613689384723,0.4809757047614016,0.09694983083434694,0.9498595027318357,0.8409719066327485,0.4957815415210018,0
0.4190843729870672,0.8836051655974365,0.2878657027262701,0.24161802476688235,0.9423122616794306,0.6354147219933303,0.4651932934365113,0.8222705048422935,0.7572901297541955,0.8360981709450255,1
0.1879136256180985,0.4172695770345233,0.2256113865294753,0.014174577826766552,0.28670816668119403,0.3347521550841952,0.3139521188420146,0.6594154121887985,0.291928334674019,0.2249317395685094,0
0.6050094569549505,0.7211264374615858,0.6946859771177516,0.4751109496714824,0.5623963400740366,0.583046933308184,0.5471260488132981,0.06956275719431014,0.4023652994654423,0.9639216865322306,3
-0.0009282877879876195,0.290775694959604,0.4382055597410973,-0.033354088859548964,0.6569144764973671,0.7586088285621723,0.8567397928599467,0.4180095627576027,0.2823638321119174,1.0817381831217316,2
0.8726664793766334,0.7161233271468179,0.0892745548232638,0.7698527350669809,0.3635309260386002,0.9637537374561015,0.7587954231729186,0.16329780880628939,0.8079970019286502,0.31377255143892485,1
0.5230772140631115,0.490140028728167,0.17945385265149139,0.6182915715946348,0.6628516342383173,0.9799725560470727,0.5445058294873687,0.341135448493166,0.7218392080502055,0.3788915231462182,3
0.3124626017179127,0.6994779068056103,0.9353110162130425,-0.04064872331843225,0.7829438484338204,0.45584244807086693,0.1891199869150772,0.5217249353404498,0.25783103558572684,0.4248385491850636,1
0.3534747021601653,0.3034158739337865,0.33918676906118433,0.8844812938992229,0.3137709412707309,0.32847782466653874,0.037813886945514345,0.2164574864554601,0.8532735321337022,0.9181172304550083,1
0.6399716211744595,1.107926610582352,0.860448459056521,-0.2725021499401484,0.7854150392859981,0.5502740397538478,0.6688004711337825,0.6418320735840899,0.13877051095639595,0.7202472698832147,1
0.5640436619362703,0.304609310012809,0.2691815480362422,0.9687081336121636,0.19372293642893032,0.38015894697670344,0.4577316372004996,0.6352401310273135,0.6771819106263998,0.19794288462643386,2
0.11338937304402265,0.26977222744000506,0.20025726689222056,0.3583457122112148,0.360579519317127,0.551438360555469,0.2731565981670912,0.7779238903443629,0.7657262970900525,0.3090793116127181,2
0.5594996506248202,-0.0727851078026101,0.42232432199286046,0.9318247869127134,0.6439526041144717,1.014948375626608,0.6860829022564237,0.9935216214891458,0.03243801534856652,0.5624768305636795,2
0.5794819131297994,0.03951828790184518,0.5739159329947073,0.05626278100460139,0.31584192424986746,0.8558274275298883,0.8508001977382427,0.11248396604647126,0.5839303315706144,0.8398661101441394,2
0.8733683175814934,0.8325964797395937,0.612358089105865,-9.343329872396611e-05,0.8679352024586694,0.6829802068202173,0.9127056026562431,0.6334450107589136,0.232324952702805,0.9461619990913221,1
1.4846117148171973,0.9328707118609617,0.8821963636043179,1.1817543600670246,0.44553287323154606,1.321857215689366,0.6558428723733792,0.40876170448304233,0.21806608398260674,1.269263049649731,3
0.5171308160577278,0.023436795053692117,0.3769246515216883,0.9441988797222314,0.575051327625519,0.8971015761663803,0.612814945439919,0.9708261073155457,0.06700868241865258,0.5997795804147235,2
0.7387342983330689,0.41451620777016074,0.8990999992572273,0.49751250270938235,0.9140004595720933,0.5556028006478622,0.17083919340923906,0.9870450504154156,0.8266876810264479,0.4506398964281236,0
0.45854716181633515,0.3121252064778559,0.6569607021654288,0.8354186602559929,0.6015306176370601,0.5330804769512903,0.26736991303616153,0.3307142640745652,0.8083546589133148,0.8117335087684046,0
0.5854348824604031,0.4435252942018589,0.1656632805340912,0.3695611174133542,0.37596643923007317,0.7513816700268722,0.7824746725059144,0.24741194933474225,0.8182266961428915,0.2485831110955392,3
0.24782171433775185,0.7873524617643989,0.11116198971553255,0.057632649212500595,0.252817446870859,0.5415577276423785,0.2644878946154655,0.36130248320781444,0.5074357856690466,0.483169588613976,2
0.19505328440957642,0.5783343958124315,0.36707488709346797,0.8905735375626289,0.6352453587699382,0.16905199034735938,0.6252821927460506,0.8960090186231812,0.7866655338432413,0.24820655830383564,1
0.6267693478336167,0.18065558072361926,0.6650398335565431,0.6540698766750593,0.7274794906078821,0.6789280732214782,0.39224047077926955,0.3406039855140021,0.7552904164559925,0.9116538302745222,0
0.6283097353116116,0.5739656098299603,1.4425348559757771,0.10411065129851418,0.28302639329855306,0.46766923866803517,0.4161666212922427,-0.03608017288373666,-0.2824303200993108,0.09771716625738847,1
0.0024327710134121328,0.6907649311451548,0.6738034584087758,-0.39502695410992184,0.48271624225863585,1.1193866000010728,0.6389239074937019,0.3921918316116261,0.6833522408113992,1.1580179089282725,2
0.29417939753163486,0.9900212361273966,1.5046326537996642,0.13084640480953436,0.2470712748852077,1.56236341627082,0.4350161398934241,1.2225653323843035,0.665322422741657,0.6963622790137183,3
0.3327805570367991,0.29513636732755133,0.318654246642312,0.8568083976597546,0.29245236532709223,0.3044604786085235,0.038322291605356135,0.22040816249364725,0.861546857842131,0.8880360435230968,1
0.565672828062223,0.41649522929198535,0.19695402241626442,0.33001849555970736,0.3386181598701242,0.7366201005026358,0.8133255799373673,0.25859264679097566,0.7965398728812574,0.24132073358319617,3
0.997819184476598,0.9247194580733554,0.5480465271484521,0.08737364894636218,0.9180629454417554,0.7459234615399248,0.9783542970704338,0.7296548263821254,0.3303555250862635,0.9305078083740494,1
-0.09261852771880782,0.17645872224629866,1.2352937683186682,1.0539246933881565,0.7269103634922913,-0.21380094070861108,1.0607733115512277,0.43818408329665276,0.6883443083576225,0.5663234762514782,1
0.46656292034639774,0.5948561766012572,0.20929626970528295,0.8123552524772952,0.62090804353049,0.8843560423395395,0.7801287135492171,0.19204481378269617,0.6330822209091097,0.0686254463391818,3
0.856764653955062,0.9115279551683373,0.6263727856840829,0.027232293637790495,0.8812222919392627,0.6628824121641227,0.8844199582811945,0.6062364541100529,0.2587417331876422,0.8870609674000935,1
0.9019787913475914,0.17273190604086056,0.5626407842702054,0.9582901451242514,0.5047083110305207,0.15555382810945906,0.8275494005758894,0.26595620595682584,0.7192338726823444,0.7797948652576888,0
0.4963769568426384,0.7426983795040684,0.5950471180691976,0.7749532611807203,-0.05232578496585574,0.6730729890630712,0.8755500345769943,0.9976082402551567,0.998608745645016,0.3164311967415876,3
0.06552194032061753,0.07182461442409553,0.8156054853526502,0.8809315655553471,0.7825026966743559,-0.021791057319835216,0.6818347077915575,0.5337294311754377,0.32503020861958665,0.22695191867207426,1
0.7238252450497433,0.35025147156971487,1.0398396904555305,-0.0885023509216579,0.6931609970615155,0.7458643247637792,0.45038527073642104,0.6420075448237019,0.17687643171996886,0.02848924581446588,1
0.2055493417054508,-0.21463469609591873,0.512206700170943,0.337134281181531,-0.22715170180838395,-0.10588829043238701,0.8898960451485407,0.3596222172006922,0.5486620655594202,0.5212815140734602,2
0.5663724174776062,0.4272308333907234,0.18260937568134392,0.3525747695041213,0.37071709802990505,0.7363168986530606,0.7935146710818064,0.23735757825193024,0.8317483180219718,0.2557012763141619,3
0.9650897532676274,-0.36211925396634237,0.3558061407873302,0.5135011561653793,0.5662807893343398,-0.22939436841956695,0.43702949813450664,0.5310822493497671,0.9661372307233177,-0.10501098313610435,0
0.3254418182241066,0.28665598407425613,0.3067579267484132,0.8984650742793638,0.3131951742954847,0.30473028881024833,0.03282414682664886,0.2326227929827047,0.8287940101542167,0.881008791809079,1
0.30624572128387273,1.0453917711429646,0.7010894020776125,0.8822706622408971,0.33775338401936894,0.49254985536336493,0.006447885599514799,0.6792185680355636,0.8429935318702443,-0.0828661115115089,0
0.2845562253825484,0.38047798579628284,0.25543942264470204,0.6043266570892007,0.5825176697076762,0.8638002916883006,0.24565533236337617,0.09341122078141098,0.5207240103301931,0.4506002768018499,1
0.569315877986921,0.7457420885724262,0.26122985262088916,0.3468518552051692,0.46831405552923316,0.3737511365731381,-0.013233041629223175,0.6744529858619195,0.6956602216384906,1.0703716896177125,0
0.2756292994752275,-0.10118645097330756,1.182621933039965,0.21087407742917252,-0.33155527509186483,0.3901783435777479,0.7940392460843,0.6233046871702137,0.15133141282734291,0.6382130791996037,2
0.33824077973105426,-0.045451008594659836,-0.40621183408451633,-0.16000552210130586,0.5302489423346434,0.17533635437031678,0.6687722264048073,0.9679025275866049,0.5953292580494746,0.8643919227636689,0
0.16977443165781542,0.5252243778639589,0.3732219907303168,0.08867229041547456,0.4101828812059829,0.7798445717353909,0.44610230118117633,0.3500196746186138,0.5004743374611763,0.6311006594019081,2
0.2850168594455455,0.38618926326199166,0.25503146239407704,0.6015594065528324,0.5773492102572506,0.8634472265501719,0.24889055769804558,0.08834250208509818,0.5261181245208547,0.45684319498965026,1
0.16463363074134627,0.5143513823784461,0.12198932725255524,0.7563379193301433,0.234383555270882,0.6618896138397541,0.1606887271356395,0.24579420381637648,1.1051042777905034,0.7229984930126614,0
0.010644389280561883,0.39014422684801164,0.47823620243522197,0.43140446696247303,0.724986676417569,0.6536150038617439,0.28108842447078314,0.8396130104335634,0.4724253855148399,0.6287576376920958,2
-0.2113701924022392,0.6729382959598129,0.4434025994738631,-0.32725096042501867,-0.002635057017819742,0.8944872574214755,0.517566968352874,0.8034764650436959,0.1758575687215274,0.4576406728454336,2
0.7497091731400468,0.5884152402843106,0.5103862680410574,0.6562306011455473,1.039889394843397,0.6990004181288518,0.4841597421156175,1.1221519236789812,1.1341380817570195,0.4579214033604299,1
0.4571281136190679,0.293174727688643,0.4754369256453166,0.22201656021243155,0.06670189713660707,1.0369488169195422,-0.030686997315617914,0.903795706060173,0.7140741839977485,1.0438832281629882,2
0.34571361227395664,0.521241822008334,0.0375340846016291,0.8783858345175899,0.1665543486290554,0.7807186036741576,-0.025759438916580835,0.26135654283436216,1.113855173235389,0.8359728446685631,0
1.2027388940265629,1.0455228187891095,0.1580058019654828,-0.21461897851895048,0.4423734271255679,0.4578811731993867,1.0913278571113503,0.8924849401278817,-0.06289372747861693,0.8024301611538083,1
0.2648404810520999,0.35645739185477543,0.5785207344163175,0.3869940750939954,0.17260000002631165,0.7315962460593817,0.4937703252332258,0.523092376753477,0.6769101799068296,0.9892050683146989,2
0.6085713297433424,0.6638625110281307,0.07276653223038794,0.617541969116593,0.5049469793399514,1.0628706396484837,0.7996455405943331,0.25938806537393755,0.757079635068218,0.3251323568793281,3
0.5162059582790951,0.6178856509283402,0.1655332101638933,0.6612595173006138,0.7369284160614392,1.1607848931166458,0.5173461550511931,0.4561364004350713,0.6729090576237362,0.2329489115276847,3
0.7280777485540049,0.28906755620900354,0.6502820837554755,-0.0906845889683397,0.40421667475464185,0.6244138252261081,1.1804598322988613,-0.11883276621896718,0.3266443424327279,1.2235217940036842,2
0.9469546126453687,0.7833783013430716,0.5913683891029783,0.02660024137529019,0.7647876103081783,0.727664139833443,0.9329484536816443,0.6332215460605097,0.2343804706684,0.9686053183380181,1
0.10588669902669612,0.5885414845817978,0.19917380392002437,0.14125317464693307,0.20432191234139765,0.7921551558609476,0.38716353007700355,0.44044491761268345,0.5243621713278563,0.6555986337003611,2
0.5770390685612122,0.4427153771919112,0.1693692805340072,0.35965714449190533,0.3605521865415875,0.7430577772623269,0.7958593241799928,0.23983648640657831,0.821077606065863,0.24112553024284694,3
0.5901637843520693,0.3048468476546442,0.026184981127805165,0.1971557462202807,0.27726978813262515,0.23073712632642956,0.15708150245844565,0.15304478093955778,0.7519582961144833,0.5476544954617814,0
0.15273617081496377,0.4772104228326504,0.9162615163074674,0.8719533278584157,0.7143873380009266,-0.3156455834741631,0.5154938602323493,0.4608072766356598,0.023971066841629363,-0.15073458408523127,1
0.26586221606589794,0.357859751688242,0.5815018843328507,0.38517491043365454,0.1714324299243462,0.7311423535284616,0.4958990656337463,0.5257134094606307,0.6784465512185938,0.9912193711074183,2
1.0178220921175516,0.22861889189862283,-0.10743978962960864,-0.32298128655316005,0.35061678156681797,0.943202717190665,0.2236877817497014,0.2273843977811154,-0.16570450262061054,0.7006304372740203,2
0.9419189304613401,0.6366995199550535,0.26631703549531166,0.9869934229168013,0.9850779093179228,0.9048538637308566,0.8267671608230954,0.6842932201518992,0.6258042840009922,0.5434262655088136,3
0.3490054142965031,0.038407999065253134,0.10302776620899999,-0.08006860950642003,0.44619297133252706,0.35225508101475506,0.040258240839080195,0.7447993987539465,0.6014872608749631,0.3363215385063415,0
0.04010138012989087,0.854685806628365,0.38937205207250214,0.7659372089033205,0.7342293982334671,0.8086809820251829,0.5329874681715889,0.19028071431951454,0.7802540170343646,0.4033809827876744,1
0.8759229262235556,1.0582023412153025,0.6803229478939222,0.07719868569096064,0.7570077837977159,0.7436188210056216,0.983310973079196,0.6518673709041524,0.08434033123943266,0.7538076232310565,1
0.7739171179186527,0.7632690152550006,0.32043404119074137,0.08685012246785778,0.4115202871419462,0.470972416207467,0.4476886565180405,0.07001439057911127,0.6369195981405744,0.30840186972294265,2
0.5922991414486,0.7605842660767693,0.5937953206360402,0.31353541827235604,0.8035681452028542,0.8563040672230872,0.56549637271069,0.31506656814120054,0.271220587947704,0.3801937396101876,3
0.5732149979508614,-0.014601372492830833,-0.16293038019870318,0.26180874898538375,0.5059350645685023,0.36881363761912056,-0.11767133293317866,0.6433423299922144,0.4037341666116049,0.2637620520690592,3
0.3452831931113597,0.8486885953292855,0.41723815163087397,0.3343083761106452,0.8627119251371073,0.6266392905446587,0.8470156507003792,0.5114612856723237,0.12836754394408295,0.6689556402664767,0
0.3176166490804387,0.06486586659592114,0.5109852929592105,1.18071623310993,0.45878203494584946,0.7954871788343872,0.699860832913751,1.186727815166517,0.32506729786175953,0.38382941014869104,2
1.4282594365967582,0.6609815695293008,0.36536064502401777,0.0313234662973951,0.3825105047132716,0.4735631340906241,0.3391815129126027,0.05623645352353723,0.22638949546491574,0.8248194300415832,1
0.2917711558050452,0.22474625290362693,-0.004849805335006063,0.03627644596647567,-0.21542950633209446,0.3507691456660538,0.2972898770175735,-0.20691076431083577,-0.04553293983281059,0.21708534682646036,2
0.5144248866401603,0.8224439293376902,0.5613389003866044,0.3885573964010517,0.5830778845704458,0.14196848696452424,-0.05051608961331788,0.8512358075652842,0.22326557131992325,0.6617776676098642,0
0.1983840751504414,0.17736051219020244,0.2645545041582263,0.3108305556354061,0.4265609670251779,0.5628447216924725,0.28658499559132483,0.7608676956438892,0.779263389604982,0.3095620638112792,2
1.0267216572023166,1.0088981297219282,0.7285565982602523,0.12000025354097205,0.7008094985028801,0.7258444757924191,0.9444415256308548,0.6024729169709495,0.1369657222980314,0.7619522821946065,1
0.008597620669136318,0.16080116972674266,0.3985436836180406,0.12808969695293837,0.7779464298345489,0.5470594704859485,0.16724521136506323,0.0853755870249198,0.22151004465993296,0.40845564697521286,3
0.26529200617913035,0.35644193578780436,0.5789536020745074,0.3868917287017154,0.17223092546130803,0.7311418596464967,0.4945482309555826,0.5225591030748215,0.6762841373269617,0.9893838709638165,2
0.2217735740249167,0.7533093065359073,0.5560882208101064,0.26773777642149865,0.6873568338632958,0.11811665658139979,0.0464012215133463,0.6931287521215821,0.05329078858921196,0.8377991052710374,0
0.3224067556266066,0.06481364020887621,0.8019119142245236,0.2384299468997521,0.9162318399987863,0.5749417602933533,0.2712486667427663,0.8505415912915947,0.963520366058615,0.5517735915247508,1
0.018795823158800788,0.2915125587781202,0.5575459961000039,0.2898465879462676,0.7036900087012157,0.5321839102008445,0.25565598399419837,0.20071035111186894,0.1563133021908903,0.5536391551335513,3
0.5781651857903062,0.8130247394759808,0.814733952337845,0.7028022830371133,0.002898454910757034,0.9183514836038186,0.5288724222386617,0.9204914227517498,1.004611093139739,0.28469012270575356,3
1.0831559329344103,0.9654347427221196,0.2502967369004764,0.15006198038638385,0.42889137336601824,0.8715746055264737,0.6179813531245415,0.20183861019758498,0.10422517625871974,0.4058599268449119,3
0.3994717670307607,0.8835028145518298,0.46002824235723805,0.19311905378099414,0.761930625796827,0.5128767533981835,0.3603379889071586,0.7102942668136178,0.9523489660848911,0.7779633258824388,1
0.847989983564904,0.8877172871161882,0.577170968115123,-0.05212808707221077,0.8080506930206447,0.6495701707043504,0.9192392526707538,0.6231462077794514,0.30583021839669844,0.8824151262694359,1
0.9675547274032789,0.7592830190276987,0.20154108055175174,0.947711913422335,0.8874852219421389,0.9156574068579814,0.9110128296233072,0.5618515979767451,0.5490928174556943,0.43940898681200474,3
0.011317057696973554,0.16621382046404445,0.41195515221799706,0.11980812732743878,0.788385318084495,0.5336857068373924,0.17726916506070117,0.09511921149048272,0.23455747340625258,0.41038923880940875,3
0.3869930130252659,0.5915693492005077,0.9558420707041319,0.06964149169836331,0.6324084062380593,0.45976811407380413,0.3309568501735084,0.8260155538353756,0.152232625512009,0.9750659312128699,0
0.2654225136750381,0.35674652279515096,0.5786719204463027,0.38782083908949555,0.17242939622161027,0.732078362866104,0.4956132128270679,0.5216695706084742,0.6770924183139079,0.9886203176403189,2
0.20152673164802187,0.17190212710410221,0.24153081640418808,0.2944341805595412,0.4196753166334114,0.61650465978903,0.28432111494213785,0.782676965689486,0.773942252432745,0.32462299233508607,2
-0.15308624543616975,-0.021015036307759152,0.4687345017134666,0.7847922892249475,1.0013997622516555,0.4244249942923291,0.2898953747551388,0.19227782392092385,0.7989959836763862,0.6530239427861292,1
0.5113480701084558,0.06331776152456203,0.8484488682220275,0.16389620071693556,0.06146858530244024,0.018597908148013126,0.6199922774734665,0.6614689295974365,0.3768763645088736,0.7464849317392164,2
0.013038282017192994,0.16614963427430848,0.40347023841054436,0.12088118574750595,0.7773418370211116,0.548997596340798,0.17518827576654133,0.0862252615706743,0.22216275807024022,0.40838001226825843,3
0.33728451736231324,0.27951700051262446,0.33198949901009395,0.8636125035554356,0.30428689324879526,0.3168217549297646,0.036205534821699636,0.19010275519961328,0.8522597036705397,0.887385583570074,1
0.19306011097999226,0.023470058555654608,0.8958318448024277,0.8379481206044708,0.7789018917631112,-0.03397430731635624,0.8431781551544502,0.4969095125981995,0.3732112469450945,0.13668317639237798,1
0.35940200375388964,0.2846355290229872,0.3079906350959056,0.8797615684152386,0.3092089139962382,0.28452973542082827,0.07357961729015099,0.18276192938290306,0.8224013812318223,0.8864395000234387,1
0.5112316714901879,0.903129701882555,0.41671700013929597,0.7252677129461661,0.9915818508130314,0.5431209277402312,0.936378424717411,0.011070902906248146,0.061187030252449294,0.201805814165221,1
0.3403781004948514,0.919155434391228,0.34105614833137754,0.22925739234454393,0.963687402261205,0.6565540458228429,0.5326412134358017,0.8610231618521853,0.7224967361857905,0.8395475381585144,1
0.32802519616345494,0.7838157338790279,-0.08174959909982815,0.5615441289278991,0.2778399653165284,0.617260754960718,0.32637082954365615,0.45772966241912333,0.7116829783239218,0.5018305416237521,0
0.05219805521063056,0.03205020345605117,0.6887290035945101,0.9464812646354299,0.8541632561060097,0.34379261413736895,0.374296041259353,0.22157312461697967,0.5826509798261338,0.653819256501776,1
0.8846001981670579,0.8574580732644544,0.6266522915738683,0.015235335422245148,0.8708650742001182,0.7097230129123693,0.8899901192732158,0.7083546558926113,0.22412925102911413,0.9354884782654952,1
0.9791316802698045,0.7625122945137258,0.22008003441436286,0.9592243663915057,0.9234563173209902,0.8912446041028838,0.7079162880216934,0.6627373424525576,0.67458764776426,0.5168766910198772,3
0.673422125588342,0.47259911682000516,0.5705426956012277,0.296826735119637,0.8448087454857491,1.5583270136494924,-0.2551640455889604,0.7610278172676035,0.3249248614319634,1.327309381009988,3
0.8062662494196629,-0.1277500249317488,1.0839763188569433,0.33939803630018206,-0.2466880400333772,0.3493539162515195,0.47202885643375536,0.47478267166244226,0.66159991074837,0.8883966576495362,2
0.01252713860147065,0.052791233952041994,0.6434872367319329,0.911312610930755,0.8371331884932296,0.30319101989945313,0.37037282027918556,0.17661502341559607,0.6181728848123839,0.6216166038222739,1
0.2757851691223088,0.3371651094850471,0.2198165461344106,0.6502582888799664,0.6314975301310801,0.7734366533681027,0.24168162415718655,0.007344465939868719,0.46119850507264626,0.43091622522648226,1
0.45210904145826714,0.35234650118706873,0.5612031831669974,1.313107175378879,0.5037419989601972,0.6115060948830284,0.14186244666114733,1.094164079547899,0.22605145282954087,0.20510422752246454,1
0.28261749083585463,0.838879171119743,0.3095887569932706,0.27257779730380993,0.9005078074752771,0.5810118034984517,0.8756018714669661,0.5036276233216602,0.1747521825444689,0.539767246010463,0
0.5989757556835937,0.9560160694104511,0.47809841150007854,0.5877080175932105,1.0557070894832925,0.4897151796698431,0.8490362913330789,0.06641510328219577,0.14276110543880338,0.2846538015684267,1
0.9281149282671393,0.6457175620391712,0.2666529711265928,0.9752250575607315,0.9889133148414018,0.9039468564678895,0.8263339191280425,0.6752178224121262,0.6373941828630556,0.550428843880744,3
0.8762000576713475,0.8808709959301644,0.5913975859071298,0.00944494641652016,0.8246035704562531,0.7229565054888043,0.9467603030136367,0.6042546160475457,0.20904408085863704,0.874807027963669,1
0.04119090332683786,0.49961850650794454,0.8716308560774118,0.33358661655964594,0.614810207096455,-0.17943315575130248,0.4537631759794925,0.15052036945801484,-0.29415332034057834,0.7644558760835799,0
0.19219278607817622,0.40306500844752463,0.7972182620577981,0.06640389573952557,0.48231564562064555,0.7379554572633797,0.6207769458762027,0.40105474782664907,-0.2758642721837513,0.1898733763337005,0
0.2799586009527659,0.3831197847833067,0.5719162769541293,0.43046613719526955,0.39166569462741213,0.6790020452192796,0.2848044868531606,0.849667278878768,0.8396356901252644,0.8503318989968487,3
0.7680033279162642,0.8954419962589579,0.8457492093722063,0.6724104582435633,-0.01464476754556715,1.1680205673435622,0.39752239752957413,0.7736299719978995,1.0793063337052577,0.42689474063048954,3
0.9464186308974813,1.0477882892108608,0.6989163991843244,0.965351893078466,0.2690705779013234,-0.3740659730914192,0.004723929892453599,0.7329475805930861,1.0377540818909532,0.7550331697117875,3
0.28839590171031443,0.2830898266924281,0.2750504086291136,0.8224773398929899,0.46108843483416195,0.007217042769245306,0.8984125645123477,0.3800796743050755,0.054575266292668734,0.24159311219094243,1
0.40863535941959506,0.316734119844142,0.026351094677507722,0.18543251445967873,0.4669397125246764,0.0441161734236374,0.3110483090032996,-0.021780774181455048,0.693791306520873,0.5926921701762182,0
0.5161588478968159,0.5546077606812695,0.44668115122522656,0.8199993218264269,0.20214357121183746,0.042102850895104224,0.7244091529966128,0.38823781458564366,0.161940863846013,0.26567427666764265,1
0.7955559712632411,0.2012763510102841,-0.0698154076336822,0.315622991122248,0.5116372863004026,0.26715178961126024,0.08338964726443508,0.8382951068804334,0.29964642415440357,0.072477291798527,3
0.4853992388688602,0.04236302301144767,0.5080570514936676,0.09478890279085228,0.29779016774242867,0.837148762285266,0.9180239223259336,-0.009844032361972205,0.6172822279679012,0.9510678181039571,2
0.9410708567411943,0.6527100791202838,0.2554863514633244,0.9650396390359532,0.9876251721891094,0.8943147982239297,0.8265774133027255,0.6694735845804877,0.6455864480804027,0.560191873460561,3
0.6008333214343841,-0.08210354599174047,-0.21440559004059523,0.1541220002515131,0.5134660572158095,0.38276064217960004,-0.019888701300153522,0.7952094129031024,0.6703496380584025,0.60080208412987,0
0.31500777234877025,0.3172319706476546,0.2375325149781683,0.7835552064300674,0.4532109046665126,0.04782896948598574,0.9033064070096581,0.41148320234984254,0.07630306044918614,0.28883413042045447,1
0.13600258181754354,-0.24825249824190848,0.42826471429468443,0.2070835026541609,0.6381630456199472,1.0094351567721502,1.0277017681187288,-0.017263953734897072,0.899033395987116,0.5662642040618748,2
0.6856015232309451,0.6647532651440433,0.45792828441242905,0.7366828700084519,0.23909030203012932,0.5591365415391975,0.6520005430669035,0.7729239019337357,0.8287696515069829,0.4513104273147636,3
0.19110371545069638,0.18358055671454204,0.2916530909592031,0.30146446824937667,0.42630058269491367,0.5879080409551558,0.29476832905783773,0.7361183487235209,0.7881622205471237,0.3183383429560328,2
0.37251314143905023,0.5902602817954796,0.9086437550041893,0.0641175216260737,0.7609042011037158,0.47720395822939543,0.13889475117164554,0.47381262557714154,0.20651985611268814,0.36963071769985595,1
0.10401187231327604,0.3610940495307825,0.9400399015709324,0.028919625803359925,0.6340274812179081,0.3224754259120998,0.255639008399404,0.4547562115575986,0.32348670642829824,0.9200053574855157,2
0.27892568639238924,0.4159712281890196,0.47600707982517626,0.35871513688858636,0.5672961290445535,1.0638526175468646,0.1831148643099821,0.7628140511413974,0.8489841518219535,0.7899838002520343,3
0.963665791499919,0.6340719830053333,0.26832710551392525,0.9574590665391878,0.9904847651887461,0.9418206452746666,0.8247684839316577,0.6912698071659239,0.6010599715695292,0.5533793076104155,3
0.412147304889421,0.4228436556995434,0.6176332996242986,-0.09875712452613594,0.24430269703276672,0.8760471165533882,0.7827926121292131,-0.2850512502068635,0.7955380542252435,0.4988455887724136,2
0.5529803790825676,0.6302452654742994,0.12359553385457106,0.6592641316731159,0.6159188279594372,0.9620733916829979,0.7373585559631147,0.3279398651028028,0.6486733811310996,0.21204031997339062,3
0.6820939152369319,0.20023436235020547,0.6993578997614727,0.704222336748232,0.9071598883463022,0.6835548795880608,0.4208585937474477,0.3269503377349051,0.8111071228548299,0.8372991453776624,0
0.47224150000535203,1.0536957830989542,0.3152157946633332,0.8059392086427442,1.1528155348910079,0.7009841714836366,1.035274799968083,0.12405753847306648,-0.07521975297776926,0.2435930101945836,1
0.41286787109623263,0.7507294849780234,0.2437395779193012,0.3746148465542211,1.062515502320486,0.6465400052845592,0.44632110305425143,0.9017464987167134,0.8494199479321647,0.798297805799764,1
-0.11084629325278275,0.22698261897357663,0.3513017458129259,0.22627719859810463,0.8663494265674538,0.6434401087649253,0.31942833495648015,0.23070791354407086,0.0932683803910164,0.5086823139246955,3
0.864145871033641,1.018764725323893,0.7329568328871333,0.041301803111599825,0.9447020924346821,0.6119155159178015,1.018472078349039,0.6626222624798821,0.3313783732468402,0.9911223641383944,1
0.08243348765296732,0.386889242633488,0.4762664310523686,0.47513670695891763,0.6752328247805589,0.7462601760942162,0.20084191317842778,0.8639533576781407,0.5089421646107579,0.6570740337576587,2
0.8016538229397386,0.7293453539716467,0.5463978127576175,0.03743503332046577,0.1753209314917307,0.40694637059030464,0.35805271337033207,-0.09757405908626288,0.5785102514111472,0.44776385916274797,2
0.36481107163798376,0.5641864951823647,0.13992129551655563,0.19266142628869995,0.8581378061288172,0.8128842165517155,0.8423545958844878,0.798036929937695,0.8675665647132662,0.8885614008922511,1
0.5432925279161421,0.7335594873474633,1.018696078468614,-0.20686792119224734,0.7173200384442088,0.7048173535035761,-0.08594977049584779,0.4474524542872878,0.14548922747766357,0.4928908983456491,1
0.36104562241735066,0.27898293645777317,0.3068459095516851,0.8631809931631694,0.3051110334432151,0.3028983513131038,0.02311226632296017,0.1810505831635929,0.862936911212431,0.8754416751950523,1
0.8621170309275921,0.6881620335283158,0.25311944838338807,0.9992933756007452,1.0270232309506175,0.9505752906631737,0.8452394824788593,0.699416234893178,0.6286410093148374,0.50464429200669,3
0.32192836711751194,0.3079166382518772,0.33232371315969317,0.8853613443681203,0.28908153588384883,0.3054926923791285,0.03743506817243546,0.19824468862187203,0.8630974157923457,0.908189753717197,1
0.17048404977046547,0.5598838248217853,1.2325953070013913,0.38464017111576754,0.13940779050910979,0.4231320769059802,1.3493292822076235,0.6819371981142178,0.3448964191772358,-0.12117425668875514,0
0.28501070506361714,0.21627015531765362,0.13491479055049937,0.14427178491529513,0.30614683366481316,0.32252169965049554,0.16580746123864593,0.8482801591832788,0.4880278191505192,0.39624589487475304,0
0.5263108875221578,0.7113244577596426,0.240057317174704,0.7551701530023571,0.5992648947085212,1.0107979474280802,0.75495640323173,0.21390454148549043,0.788235937556561,0.26364790228605145,3
0.15669577989188418,0.5714082896883997,0.33589180309753963,0.9202466809376945,0.6024819825522303,0.23275484242413466,0.5949424343632636,0.8869271412826635,0.7564927587293157,0.3089906661077942,1
-0.30966728205430716,0.44807803891724984,0.822269613220558,1.426853398688354,1.3314606835177822,0.08883036552837839,-0.030696748184812273,0.6288236515336253,0.040560749003926255,0.8282685485113989,1
0.09471316084171619,0.3531862958174649,0.9325890700752006,0.02003242512576041,0.6607843003775629,0.2956755182583889,0.26665895323409444,0.428018233248787,0.3415247106215635,0.930239029281064,2
0.9628256489829488,0.681739791005577,0.3016000166120274,0.9237660364899746,0.958556171995571,0.8901489158045488,0.850855964919345,0.720940352642368,0.6468133336783427,0.5171316193977893,3
0.9017454363189609,0.9859388166893202,0.5872964840350898,-0.009473497937264583,0.7107841066951537,0.6494018256128335,0.9060428085079881,0.6901167136975357,0.26425564541387087,0.89616448059289,1
0.16077597565830729,0.10660701140980731,0.36775802599870633,0.31214428955099094,0.4877368610925542,0.5551730603973574,0.37876145762712243,0.6624974366868763,0.8067167617952569,0.3015841342699906,2
0.17589480610668903,0.3356953488644281,0.25517445160226443,0.9108584424809486,0.5765608956157834,0.025312143337091263,0.859433584050279,0.4369458721693974,-0.0075921474449989895,0.319902961006788,1
0.11803012250403108,0.551122939383156,0.27106608822035555,0.8515126169800029,0.5630622128390563,0.31193527737207705,0.5956166634347783,0.8437022095587166,0.7277898108383085,0.28977081179091074,1
0.01451275510213801,0.0783537912363093,0.6508446125523801,0.9100465616268544,0.8171649961054747,0.284902388748835,0.3551529839069553,0.19872689097449264,0.6086041826273754,0.6095440677324465,1
0.553737767007676,0.44079598416773164,0.16867343280088026,0.3789136756766621,0.3450938716594469,0.740102817455176,0.7704307110300327,0.23487735583118644,0.8324921529667021,0.26145636610371303,3
0.2808190657015796,0.4032344360488222,0.29145313504110953,0.25070448251838356,0.3329746001605187,1.1176546517085284,0.23224467917534602,0.6776834544037882,0.6940118577089861,0.8157563572293789,3
0.29343997241162206,0.32148870013555686,0.28963793428737616,0.7788556626401609,0.44969385883708984,0.03590174821817238,0.9125436062555677,0.4309486446077063,0.0669773374158647,0.26898301023999943,1
-0.05298543726120575,0.008172453542954816,0.9498660752003772,0.8678430573537461,0.6755390240900513,0.16620459301887328,0.7351535820759073,0.712116496811585,0.4003945104642568,0.24751083097060614,1
0.5749515873791102,0.4338019645014555,0.15505017492351975,0.34944254376873374,0.3447568105114394,0.764490463663514,0.7929535767451908,0.24021883244972647,0.8247697283813484,0.23851701300951975,3
0.7166153031458802,1.109253290353244,0.39661714269282655,-0.14423511697701605,0.609685777887776,0.8490821419518674,1.1446175955972027,0.3339056869348041,0.5543061462041269,1.2458103860653402,1
0.47431331406535554,0.8209245561766572,-0.03169708361048845,0.2381768222557736,0.5529673329950854,0.7511752909763668,-0.2570644284266687,0.5129064783543693,0.5336348792829118,0.11359880778618547,2
0.30464116506944416,0.42462070662524765,0.267764294144071,0.5736758375402128,0.6229080386860846,0.8966248651965241,0.23246338321283963,0.09108303889215369,0.4817810775888579,0.4954960452067237,1
0.8052867202329957,0.9199176529244987,0.17815652502161222,0.13276886306539018,0.5408870652139951,1.0141534169186355,1.0971230519734276,0.5833644426956457,0.13863898029280727,0.48025783345566164,1
1.3475001491966725,0.4784773676976755,0.3654643199475709,0.6839577295372214,0.5209761654554236,-0.009703350889289974,-0.710222258142785,0.06695624925343852,1.5044841926791905,0.4204117299991925,0
0.9496199814103683,0.6675991501609256,0.2297352937400312,0.9525809375803693,0.9512022541196044,0.8899608474595304,0.8733520631464174,0.6909647092565486,0.6950462111246523,0.5443226766959955,3
0.41700340927708873,0.36227188561692364,-0.17163789672904703,0.008148062544741111,0.2757864043518474,0.37058659815691736,0.20368111717619578,0.6300584202125458,0.20417213841364337,0.41982295989894647,0
0.3507566022283933,0.3156922127103208,0.30491793831228686,0.8878442281048202,0.2944743978524701,0.29733790066193133,0.04099290502604195,0.21408792575845564,0.8579644054375739,0.8924478159862229,1
0.21965244631690842,0.9661970556291244,0.1864190537350441,0.3004454968191751,0.8882022476331315,0.44747276777685985,1.093012147512976,0.6653768683898249,0.2704170159741608,0.6035311333455695,0
0.26606701845858,0.41506201162364054,-0.008176729483324652,0.5518900784954042,0.48802084151337055,0.7153769063063329,0.5634036499226769,-0.30072881044793354,1.0093650766789566,0.5434003035300443,2
0.6528082763279175,0.569305501545808,-0.010983187684630275,0.7715139924377502,0.5374127266548883,0.9374025418887144,0.7925347696326831,0.40525374487288235,0.555657924140582,0.33674075393106184,3
0.41624947819227115,0.39198425599009484,0.11670408931710341,0.18884968147386086,0.9875764284599557,0.24249924385495353,0.1884566331530918,-0.07970537821695656,0.28195535264222293,0.533875198026247,1
-0.13456321027101545,0.260991388788313,0.6087284631834138,0.4672861582314855,0.5087603476548479,0.7914514996499898,0.25582922577476935,0.9825187461307718,0.4424022916717133,0.4666374485027409,2
0.5399702810989363,0.15934510114262207,0.07369791219155247,1.026879595392911,0.8255390908557672,-0.355803062570994,0.8368675218950246,0.47110154822324357,-0.07691842512705072,0.20587173602866257,1
0.08996625150614951,0.4008618380873355,-0.03472290559239938,0.2149252789987503,0.1947569086572219,0.789504044236329,0.5453247289480588,0.5016967423656786,0.7181554684976514,0.7174968932728201,2
0.7646227322180533,0.8108027630379869,0.8935154710112531,0.6985322725256502,0.024652713891751332,1.0143843687205243,0.44123069199998693,0.7803312065761012,0.9434995051810637,0.45369399849854175,3
0.5575593596231031,0.6185457880528857,0.1341126233845132,0.7323381379201394,0.623063870460272,0.9442123903496488,0.6732300545159914,0.26962354537285527,0.6450566065583436,0.2115751675964497,3
0.565081702406661,0.42305760093812167,0.17558258213497602,0.3863730058496188,0.3298359800116185,0.7817120187567558,0.8235159926997602,0.26166791624493624,0.8420631862693351,0.2433505966302041,3
0.42309727296740596,0.6150050332362984,0.9327427243960827,0.04972988344213339,0.794091003502282,0.5029047923474057,0.11989671347512934,0.45049857795644155,0.25821599539257684,0.28415083490728155,1
0.44023223807414014,-0.04821167207777399,0.2865705001255505,0.25109807660680716,0.4071460389400477,0.359657128223334,-0.16082053784174338,1.0682808107988455,0.18212701037183868,0.14558555870923962,0
0.8151877430786665,-0.6547896170309446,0.5215281222168835,0.6511632078169314,1.1513904919033435,1.2141712958599942,0.6623086126170865,0.29159353163091806,0.09598984137676381,0.47666861950722006,2
0.415046369928435,-0.029723783056288575,0.5287930418769251,0.09484667585881766,0.2838368096263821,0.882631322150134,0.9613802253741588,0.062142176200666165,0.5598658262641972,0.9687708011164704,2
0.013810139580843043,0.1625910480679197,0.39952877993368796,0.1170157542896657,0.7696897077706489,0.5439184915145292,0.16100812320937927,0.0858960481229889,0.22635734338821933,0.4019677439688558,3
0.5611925264964416,1.1341754811838909,1.2392265505739584,0.2537716519105684,0.12827858774770828,0.9970358911970756,0.7284625299080931,0.9898495712290216,0.5808365284650544,0.26785051011925254,3
0.8764414144056136,0.9361897263684678,0.7404340281300227,0.10584068773797695,0.8061521725567435,0.5512093052687878,0.7574600050940746,0.529930983751565,0.3200871555280459,1.052340477954075,1
0.5726874326302742,0.40882385849908665,0.1352790071694676,0.36648581998665997,0.34871062210993187,0.7498206239823579,0.7705359461203433,0.2110338676079631,0.8102014061310032,0.24267079787775814,3
0.3328114359500456,0.41837154404192595,0.41564993954770657,0.5450105063191023,0.41233957439155566,0.74806357824134,-0.029407914734530943,0.22601660530859913,1.1353856618173244,0.878478252082091,0
0.2465466807633009,0.3123674109450778,0.3103662809315417,0.5863416822138614,0.5667360419761813,0.9090026604672423,0.2667060357994447,0.04317226241062422,0.5713249719236789,0.3795065596772368,1
0.27992306500673947,0.7238330214492906,0.4079410684970257,0.46555634425216247,0.35251480721923323,0.6777060299931293,0.15857024728432617,0.13292642171060118,0.7701327401395338,0.4600007308653791,0
0.3424027015170023,0.29146295854731713,0.3160238473155314,0.8605539061538711,0.28902393817519545,0.29776471475987354,0.04405515387709877,0.21760550833288064,0.8410266481506598,0.9084999937315903,1
0.17544871463543776,0.2606187359417608,0.14756918143299863,-0.00229197962677892,0.8541462484391319,0.4338156410978237,0.27605501689719875,0.8357366263708418,0.043879523725208806,0.47213883257763073,1
0.1547943156282947,0.2455798767907362,0.5392310870419887,0.21599568524118395,0.9826950984082813,0.49738727704409574,0.12602848871179573,-0.022398320541961184,-0.03415524128538466,0.6044364180444071,3
0.45506874550080123,0.05115898765768537,0.7998205439957594,0.13815682523352407,0.025982217123587073,0.019964989681811568,0.6499369051651573,0.6471066730303191,0.3262168686635273,0.7553704241715344,2
0.18542121605703826,0.4310877183168418,0.4196070503595592,0.2898469684282649,0.4881332601808555,0.9500294858405514,0.21810993059395078,0.807000573359891,0.8140854124086281,0.8061751289721497,3
0.34095842078839167,0.2984346513630628,0.32783996763770246,0.8708785768110521,0.3028972988867209,0.3092009115243375,0.05248309777701087,0.20134682288882821,0.8464509338319823,0.9026039465052761,1
1.069520856440806,0.2531475925799703,0.023045497689308806,0.4431265141916054,0.33024466268195934,0.17395236508345177,-0.3952039581756406,1.2007206994510378,0.0555961109551619,0.011165754992514737,3
-0.035364962015842494,0.2660243281024217,0.23605263245705876,1.078763582807553,-0.25971265528393245,-0.7205393283374341,0.18787866695407027,0.2684346008725963,0.42979317030263936,1.5974201929918854,3
0.30769737339563585,0.6048298401684921,1.0005897304810494,-0.017019580443673674,0.7002970859013232,0.42817278100798,0.22735379171987313,0.6166684853787898,0.2117701278027494,0.4482859879718315,1
0.4323976303595234,0.7162163041819931,0.22188903892442707,0.2789889697409994,1.2564468826068709,0.6273830796804222,0.9437442698900087,-0.07939291086417069,0.1599928881610809,0.3109250951062136,1
0.18272550755605838,0.8028597493311791,0.3084193586299954,0.5877354910039879,0.7012754223314395,0.4985699685835124,0.050279101679141236,0.8048856484200643,0.8517967935722696,0.7960796721751316,1
0.4911608931671928,0.004653097137527672,0.2928454292624004,0.8653868903514668,0.6610048688982727,0.9064320129732162,0.6870858030233007,0.9928907168454805,0.1353817640937191,0.6400516692213717,2
0.4883451509699295,0.4070594066827739,0.6797261237034042,0.6765120874185575,0.8531858874653284,1.055689262499961,0.8489890026644258,1.0581822335165987,0.08580776711008768,0.4521069436745785,2
0.37292974097942544,0.2837333135578849,1.0944687193418092,-0.15590132861821124,0.5608690872452582,0.11686433889531858,0.31156234645236913,0.2299283597720774,0.5368735639773204,0.8810805793468326,2
0.38020566369667586,0.8774278996391549,0.29968662012489816,0.2678633532276195,0.9664677368560207,0.6019692884467616,0.4984887870192515,0.833541868489169,0.7397733721832855,0.806533967520588,1
0.5367918747772179,-0.07651147314317569,0.3678209562951333,0.9031054294206019,0.5057901661154056,0.8879924231299877,0.5862430672260506,1.042911953317366,0.13233068682888666,0.6698125444292882,2
1.0679263213526706,0.6222809269725179,0.6950103743303259,-0.2978826510224273,0.6340511679847924,0.7459168590373787,0.8985215606157763,0.7514010256732381,0.01605498360500987,0.7158729449193418,1
0.5553989875760011,0.48245925300771875,0.08057024390262682,0.6374943983702624,0.6413716217366074,1.0358183608445735,0.7704211335396453,0.20484414544438642,0.7596747233912885,0.21834808201256167,3
0.7748082429608949,0.8060005322691756,0.43396031137131835,0.10278554364395749,0.31349933499036853,0.39603922714247025,0.3768622236760395,0.150043703018161,0.6067966197127304,0.3100095316727581,2
0.36739718232834395,0.2525911906353894,0.33836560272500954,0.8389388276096843,0.42306112494602205,-0.02830521947193819,0.8144222023507528,0.395890803638652,0.09413524349702132,0.1713483030871955,1
-0.302999489832922,0.292567189710808,0.17678878434571269,-0.29108148375658105,0.3428805428069912,-0.19800324866073182,1.1969574666055898,0.21601928894871442,-0.013598139027696438,0.945011903054837,0
0.7443587570145281,0.7694635524983096,0.42807535512025024,0.1379070242947884,0.37173567356633436,0.37023961435976804,0.4585040170071668,0.07868822758978303,0.582543069402119,0.2964327454465888,2
-0.3678341805954023,0.03280195400215083,0.6931028067813978,1.120503969969706,0.9212201164392784,0.018383783036989176,-0.10018963571966993,-0.47109157884461805,0.9000569754151857,0.048258311080816685,1
0.22606422500359666,0.37553976318852006,0.36661332692578746,0.3061114901936628,0.4094352896205061,0.9359728679389845,0.2584994693215873,0.8459504867853029,0.7353374209994306,0.8734474140845361,3
0.6369619413646218,0.8702946850969021,0.660591067280506,0.13383065805654354,0.7632067495450764,0.6531372796686123,0.0680691365589395,0.8091423100461348,0.07309864640396599,0.20051493353790958,1
0.7011524945290856,0.8275190700304361,0.8419764524445511,0.9376094587127316,0.03798831343668085,0.01686785623078361,0.12880161787899427,0.5041147169550706,0.8303034414369318,0.8854213926659359,3
1.014461979938623,-0.05280888482392376,0.9626841371107941,-0.40690591416409705,-0.08760507494353675,-0.015081159602888798,-0.1267434211545232,1.0439631645921597,1.024092258556641,0.9140269274734407,2
0.6615855212347856,0.9681536924623674,-0.09791854539479514,-0.03730350069993513,1.0314741426691372,0.3095144700441495,-0.20926583814007604,1.1274275405078165,0.7382392817064074,0.26275403228485494,2
0.2629445785707022,0.2337881386161479,0.3800567905510227,0.6521180577846597,1.0266848194529279,0.8698458981359563,1.1645465196467049,0.9136222036578884,0.8474448948522716,1.0026134825312405,1
0.003941072069705776,0.04597229277632686,0.35004899349057,1.0958019423038483,0.9642825092643645,0.6436050967292026,0.608756283709739,-0.0462348760802678,0.3893881557344424,0.8273309940595617,1
0.10348761134532017,0.34939251425824414,0.3476473037973886,0.28546645490374095,0.556948853724892,1.051020025821246,0.180370993812396,0.7855247057554746,0.7319212574712182,0.884848966002698,3
-0.6703669743874394,0.23745601404968228,0.10887110876995254,0.32871976816984283,0.33432860299549316,-0.2717009668835967,1.0185849609982367,-0.32404892747877245,0.6656025708755066,0.38052587968987395,1
0.6866880344426539,0.687116831649522,1.0460742447204894,0.8622547230778954,0.22127776787764686,1.0186349940147243,0.5550521054336632,0.7303853747115072,0.8926092619272021,0.3570589864762306,3
0.7200874866912049,0.45110326731743267,0.9555428286162313,0.552155657950854,0.887790102739916,0.5060886106436528,0.1395108170015517,0.8992263478970058,0.8700646698893296,0.4773973759429918,0
0.18342905057150938,0.4301190810978386,0.42217864689113116,0.27947306175597414,0.49793570177950097,0.962840091479359,0.22243579686355386,0.8192123432790774,0.8112059249065722,0.8196896721620487,3
0.22837182975213446,0.18931521540659996,0.3203330282149287,0.20551879202645612,0.3288220394579172,0.6699377812217735,0.10755371225181384,1.0742537565133055,0.5107014141400151,0.9039359140812475,3
0.33987813178683024,0.29656539285036543,0.32846660649235215,0.8711603016734524,0.30124089460149645,0.3077540786960439,0.05101812643594771,0.20260840934944566,0.844281702144938,0.9020466061188753,1
0.0785689729819048,0.1423135997053543,0.9322022653566923,0.7605127450364391,0.8693711575552595,0.050486164963031835,0.7130553085364839,0.6590491020954985,0.31144629335401147,0.25877269571149636,1
0.3461425765041796,0.28635582068347337,0.32325778015374906,0.8642684471671302,0.2983057214494892,0.29745083042010667,0.04935346103568203,0.20593231374815238,0.8350085145231587,0.9125194530637399,1
0.26416416263251774,0.15579081964978003,0.49441895435910943,0.3683663956275366,0.3584359306174537,0.6049404511508175,0.4518298710498465,0.7869780175349963,0.8337851606432939,0.45164674038233416,2
0.6450898516190993,0.9007501640992561,0.8690563583925828,0.3090229705910156,0.9231995218180328,0.7678052097068544,-0.19785755769897012,0.6742327874617827,0.30850384467825576,0.060802752563689666,1
0.7315576353117725,1.0895944532816464,0.6001720568193613,0.017429869557388834,1.0386365383164256,0.6096708628417818,0.8647944939867716,0.6665614604655352,0.012770334485896206,0.7081724965633289,1
0.0766155414237923,0.1784940724976512,0.44533660586227847,0.1088354276203604,0.6526785623298932,0.6557817140450675,0.192454636346591,0.09629875667302329,0.18730473609233778,0.4381710310101465,3
-0.14752100349713587,-0.0389180259382923,0.42077210474188087,0.029646413548744862,0.9308915155128676,0.16503998982539342,0.47959693583050433,0.6505688302664108,0.4656196383984923,0.0733659597552957,1
0.37203686788551005,0.3236670572509503,0.3826372890505927,0.8371897969370615,0.26677656891609886,0.3460976320358771,0.043591430646277955,0.17248420081810756,0.8941795103466307,0.9143673756755759,1
0.5598124494793784,0.056238943218852214,0.9813445057044657,0.334998494102834,0.09227071824688629,0.18865942018052462,0.685663141426816,0.5734523719982662,0.42576461764030266,0.8269590371071529,2
0.6925473260082278,0.0869151936916859,-0.13260784080413937,0.362904732967584,0.2648132003711424,0.23743972031643082,-0.021589806979848455,0.7641491019879562,0.38754191552502804,0.01729531352720981,3
0.26480966432330993,0.6601324867103635,-0.8083866265006827,-0.4494721964185099,0.05481194930319522,0.4204932248447132,-0.6718242222920354,0.7061282807940759,-0.16057516316603737,-0.03438025629629782,2
0.25040375555225414,0.2938865195527163,0.22618212175231978,0.808182494386873,0.4694140467349547,0.010844027739444694,0.9382342568747162,0.417673427378417,0.0489897877052821,0.25997623846466156,1
0.5440567016255159,0.5499545752518691,0.0813679039578803,0.7013993757260529,0.6696953934664233,1.0462696117710004,0.7058527480169121,0.324355453502536,0.7461048957455708,0.13862531292671576,3
1.145411231180061,0.947989104026373,0.7751775542489083,0.4300176793367701,0.7199740121121776,0.6020831182988352,1.2487318836064905,0.7450672446991196,0.47421995966323516,1.4609359227119416,1
0.5180807111299371,0.7235082626533864,0.3025659065323972,0.6845815708222277,0.1485732416762224,0.5037291896211796,0.6851566296961006,0.7932728065333245,0.880611148678103,0.4231154736255327,3
0.6974217043910462,0.05568780177708313,0.3958057445583842,-0.18819705299706524,0.07529446873035378,1.2239108992726688,0.033396341821283176,1.4298946585979926,0.03596451372133602,-0.05123565885678322,3
0.630551029835261,0.7585959462884826,0.5318649097143149,0.36208949783166305,0.8131573433690343,0.3111306895799629,0.7040072601407694,0.05609873944022439,1.0370622804691783,0.5047760833659785,2
0.58506766752272,0.43749181731510867,0.16047690103913662,0.3499682941184191,0.35393067254276744,0.733731998520482,0.7931099925169278,0.25450689647724717,0.8157054817095948,0.24467755916559505,3
-0.015574698289551575,0.8544204766888056,0.3669502006462791,0.7371618923523068,0.5806518118453224,0.8435746709804519,0.7076042733918606,0.2304613852974987,0.7091126490915113,0.40457627192658485,1
0.29130416425758715,1.0390542433315701,0.6221438127847205,0.1919952649581311,0.7483675537620861,-0.06030131080732662,0.22165402552678232,0.7913503590452319,0.07618025789867226,0.7965513152567145,0
0.5820258171597124,0.9936144752484208,0.42596879538608035,0.10536813407936546,0.9264621166845575,1.0738272861670042,0.7731195642821479,-0.2710286281656809,0.18048506022867017,1.1839230871023623,3
0.07574281721907083,0.12343282137133342,0.8535261409067108,0.8044870919080632,0.8101894737415389,0.01725629927704231,0.7169556288836275,0.6096741634607513,0.3455220731440765,0.20834633610996553,1
0.17594507292260952,0.5807280507446088,0.5185034311605028,0.15570248737620332,0.3636417585417688,0.9946934812355507,0.11743573047386213,0.8399805179857541,0.7000097520188336,0.7141029815841567,3
0.4087376637798012,0.9733799668849722,0.21392508172782856,0.15817363599980316,1.0299538259390029,0.47615487246740346,0.5914149386278821,0.7375950845541375,0.8633734220659373,0.8947994945706071,1
0.3292577735723325,0.8845614865454617,0.5432539994846132,0.18889622462226996,0.7665804407789925,0.013623304523051001,0.12206357449015516,0.7963025359295925,0.1306935650898597,0.8023006644527324,0
0.13549159410679107,0.7695061067129558,0.23136551696685226,0.5995859508858786,0.5253816379063971,0.749625800258769,0.6271068637931702,0.11535683297796404,0.8018448434287253,0.32130079317358806,1
0.4382434201583403,0.6127827816226377,0.9218350414162285,0.0341189987672845,0.8051302059726285,0.5082745777790075,0.16600737355241332,0.4790737854895486,0.18734212071710882,0.3527377606798245,1
0.18259499079317149,0.9566485153378322,0.6755336254785004,0.3510188083145318,0.8495855916379633,0.09969479446130795,-0.06672443964152724,0.9096289727453241,0.304366302790519,0.6493117333797366,0
0.010602819858572601,0.1620242843594892,0.3947372785745614,0.1222016752456834,0.784932665050768,0.5411623229555749,0.1733352666611292,0.07612279700568675,0.21650333477513428,0.41426832205441405,3
0.6357610207220543,0.421709230368907,1.3147089549229785,0.6981972151027045,0.2106451532516755,1.061112544618932,0.34925371577222,0.513906040110754,0.7115501721866793,0.24025578557052457,3
0.5263228436844603,0.559722223724764,0.13128787397161007,0.6739912038678034,0.5945175222918935,0.9936814564443551,0.673285036935468,0.2597479241605082,0.6516068012319272,0.19466444459377077,3
0.14106815668747408,0.5687694383498373,-0.00934535321228025,0.7103680461126975,0.4914498507380659,0.8516840574686112,0.18526568419612183,0.5148318683503694,1.1668207510649493,0.6115152488581365,0
0.6841964876028345,0.33283429864495206,0.6334977038145355,0.08861776372513264,0.18061255057221903,0.5895817492890532,1.0243728042724838,0.3670271114785061,0.9158523289228107,0.19856656942303252,0
0.03697959186026628,0.11638746197733718,0.8482896777466179,0.9539037257977533,0.7746266733037092,0.39543823059091554,0.343598759655695,0.3811219930466876,0.7360085005442446,0.4225828069979184,1
0.5546708636793624,0.887276036224735,0.8835713345099023,0.7149458919068473,0.04715469687584977,0.9589450700488691,0.8105964652204101,0.9179638628509843,1.2365425738375273,0.8557739666669006,3
0.5778530867107143,1.1455027293276783,0.3785551190188718,0.12852043399881596,0.9822450016521964,0.6972759234706765,1.2145000209883854,0.897544017208851,0.3916441749083249,1.1412291603569997,1
0.9308777210652497,0.6416522395637642,0.26943111195425773,0.9639106409343235,0.9879569735848461,0.9062604035277578,0.8231060222479214,0.6668395497610853,0.6505948249355942,0.5461872398154941,3
0.2177790572061274,0.9539515595045603,0.8127570667154216,0.7738028354974075,0.3716749133652234,0.3352041317072145,0.3432379063209812,0.22837218239927942,0.5960571905325196,-0.183015718468092,0
0.04157569774755723,0.6770839511912115,0.3484811042879974,0.7218681506417421,0.8446961736651629,-0.00916836408676383,1.3619181482474227,0.39907996518966293,-0.030484372096776208,0.09864862883595488,1
-0.011566343897728343,0.43150730243623414,0.33556981779916123,-0.06095625414071859,0.2818983284342046,0.8542983389002545,0.5969215429606557,0.6292628659813888,0.6258768738335004,0.856970937331119,2
0.7113613678651054,0.04409213602200552,0.5847479758758112,0.18965193944348505,0.12646444266637907,-0.17515662484151842,0.7944814139683399,0.6840258600696225,0.5785314437132738,0.44963481178106185,2
-0.3580079786095888,1.029681327720417,-0.09313547255262966,0.6301476736339546,0.6183104226978018,0.922425481486074,0.07931206272666302,0.47467786009589835,0.39801922150311453,0.4675122351370682,2
0.3644249480680073,0.31867496544180324,0.3501657400223456,0.880517833608668,0.2861897870358926,0.3171054666301521,0.047206254741598716,0.17910537078449437,0.8418014530708436,0.920379250215392,1
1.0556024225163707,0.6350810730693385,0.24791345385831787,-0.4292931085356124,0.652388432644936,0.4904825269061878,0.4526564872993283,0.5344079742362161,-0.11817328443602937,0.7172892410772647,1
0.359962819069633,0.7755961864949543,0.34770958570889,0.5199300971465807,0.8260094275895322,0.903090393354665,0.3079930979264554,1.0062330203286982,1.1842221004434756,0.6595492536296761,3
0.04830964381654773,0.32205151962400963,0.8747234764424674,0.11654494903937115,0.6595832459977504,0.3115456117471663,0.3560051508831056,0.4115840858188674,0.376607475931543,0.8842583792688755,2
0.26182094360975083,0.3569313390992549,0.5785397185549322,0.3852068119399589,0.17580294963981158,0.7332874712327384,0.4921550355755485,0.5254931282219916,0.6727164966179148,0.9877342277938402,2
0.35975882491251265,0.8805242169145303,0.4680365767179077,0.3144111374595952,0.699188976366239,-0.023785647042045333,0.14839615656331653,0.7736490301784491,0.20420591340550295,0.756268357109647,0
0.04156734842106693,-0.09887716461986829,0.4929771023400904,1.1491226852393337,1.0303955105863523,0.45067735472776005,0.40695807846729404,0.3207353304519202,0.6112255076098045,0.36290500904133693,1
0.004505181822863022,0.15758376943190888,0.40111857797584993,0.13332087482282962,0.7812873235253569,0.5500595109163557,0.16487337210798642,0.08660967523444049,0.2248453900504355,0.4111593010704368,3
0.6162137256006349,0.7640146158199038,0.5662297450687883,0.27516621839561045,0.8111960638240343,0.85457070076674,0.5762782573138634,0.299078033513123,0.25678421568813675,0.3672912737748557,3
0.0804444464760084,0.13488712661318478,0.7174090766576999,0.015548126149905712,0.48931810595968406,0.42632549612168885,0.024858187262313675,0.7145560136238132,0.5419900987107872,1.0212116151754238,2
0.9915533251870283,0.686293868670029,0.2567992746310435,0.9552339682751707,1.0359618232320926,0.9338938689219989,0.8723731346330054,0.6336692002875286,0.5827014116439765,0.6216418010358751,3
0.016163533028385996,0.7169079007356731,0.3214700430035558,-0.011441583823316587,0.4318760602198698,0.7498759935063358,0.5078244393658307,0.4080854709859186,0.6584464833365808,0.6129372015962152,2
-0.07231674268833291,0.6504427514904196,0.7383557331187063,-0.09576183293782145,0.619874604363739,0.43572131649659823,-0.07636190842963703,0.20151538419862258,0.45146132499167246,0.8254066696566281,2
0.18146880072760904,0.5401655471206344,0.5840357915964456,0.14353393868833075,0.2865976746031369,0.7226664081793933,-0.002909036707946261,0.9583665932555215,0.7594636646396884,0.7509971161813233,3
0.5687422243900245,0.4399737628989536,0.46542193356898287,1.422698808582927,0.4317542006223871,0.5485347506475,0.09572341929982642,0.7484380839630601,-0.14426932880404306,0.30330377919902474,2
1.038059163757004,0.5546095638606454,0.4647513106661482,-0.05411491613849337,0.6240491119375208,1.040269161013853,1.3040253510582847,1.0337571065337603,0.6173529701212315,1.2206581837771544,1
0.03013993936666748,0.5953214370140618,0.7307015713280953,0.0006300928900016683,1.2209177475912376,0.3663354434736966,0.4844703848173105,0.7359010877728333,0.23106106918029853,0.4839115066906404,1
0.2659907627570046,0.3559855888243254,0.5786871291590936,0.38648605542874354,0.17209282264196737,0.7319818677848559,0.4950299270760463,0.5232730662920881,0.6768715208119637,0.9901844797314941,2
0.33264727863644755,0.2917672501866562,0.32861982188481537,0.8743475036346618,0.2990728454704671,0.31137718344314574,0.05086383195519444,0.19552050248863023,0.8458151011787136,0.8983655038086014,1
0.5749381916815678,0.5031253821181274,0.3701652638133188,0.6351271761876677,0.3036945789279562,0.692937939372146,0.6273800157143251,0.20474267854936035,1.4163815155852764,0.5588175565044132,3
-0.18131688690843034,-0.09477413604167964,0.7894504342095594,0.7402853496878002,0.6723786868507156,0.08394465549819727,0.23716080754248445,0.23760559399537345,0.6771258384869648,0.5973307696498336,1
0.18691331256579882,0.5121442185878858,0.23722726908598052,0.686444559182583,0.27471704173413586,0.6298616181842922,0.13135590887240012,0.33298333967522076,0.973999919652845,0.6842500094808572,0
0.20042451197480365,0.21570173010732405,0.7055605753146257,0.2565351874006782,0.7959426957446335,0.5753287956759462,0.35947828664482706,0.2789935251418799,0.5230843516915182,0.8406452232622434,2
0.43769405789337934,1.0087111243143905,0.33266711468494137,0.17172660881180415,0.8717737410564416,0.5904166989279844,0.3853915675385312,0.6388530353828932,0.8943263192408927,0.8228582801887742,1
0.07806403058581327,0.6388032701195604,0.17345576866869594,0.8021813287704649,0.4424196449828208,0.73982404536347,0.17807352508409294,0.4372597007536282,0.9277876435692308,0.768621925082387,0
0.6485513669594251,0.8637135020055158,0.7917386437976068,0.9564827350686649,0.025430862512717867,0.025481130458562946,0.15717204557128223,0.5134111270317449,0.8760416004734795,0.8999946580991581,3
0.22896823533349633,0.2968642673855094,0.17671214153681697,-0.014727399452642335,0.8298270788708204,0.5405468027736622,0.2306722199766338,0.7607353790976615,0.10360061250581773,0.4560029125707376,1
0.1788101924707393,0.8491437537414768,0.054604857811987983,0.24177569182964248,0.6779396763080228,0.2527578705346518,0.9440761394125312,0.5296857349869469,0.0032847545802582034,0.7070281589288487,0
0.4591641651083015,-0.07104145946898835,0.4529261443720934,0.2232264712144977,0.30271145672146504,0.912440967452714,1.0460720974696849,-0.045586041645985974,0.6463567901581513,0.7915946350577513,2
0.1724256709169946,0.4881631936917149,-0.012729819049550756,0.9974210609557879,0.5908905927644988,0.5293843365308287,0.35960083136266163,0.23472262837463848,0.7094509559663296,0.614294471137055,0
-0.12553705753817504,0.12005425111192117,1.0462914235839318,0.7837275917287316,1.0220426020711808,0.0970394653638603,0.3770510903892002,0.6214974102521834,0.5776390999190826,0.2535419616250093,1
0.5895445689069743,0.5926351626774523,0.33429925001403293,0.705817154999067,0.37177071020737806,0.7685797016849353,0.8733955148213113,0.2648622008748212,0.7193739279076546,0.11768103384928309,3
0.5258046888002901,0.029190640708742565,0.4418266567650548,0.975653983628439,0.5335343979938603,0.9031548366303567,0.5812896642913763,0.9569800542817364,0.13843042189024002,0.564884971056936,2
0.27979308312032847,0.3813282273890031,0.25171422154970746,0.6061913405554212,0.5795361540986804,0.8642725041012769,0.2489433378884344,0.09074322336563513,0.5229810506957472,0.4533983644538621,1
0.4270826453082041,0.9042603560815754,0.28924007850841804,0.18452192549752422,1.0333891504045356,0.509921682413096,0.43060405172979793,0.9212736684899258,0.8156210175879054,0.7944595420105707,1
-0.23106070138801238,0.7999323722722498,0.3291052615062742,0.742426169317531,0.6854481464816115,0.6809591935115598,0.4619630431697594,0.16682985826698368,0.7159448576511608,0.6540871865442488,1
0.5656387099545755,0.5573345071164829,0.15510639926834144,0.6998526633521026,0.6109855209421279,0.9767519334112562,0.7078374400891195,0.29020781230472187,0.662093847050184,0.19698110645720912,3
0.9356711201609014,0.6419303452838914,0.2645200345892857,0.9721976041946242,0.9912133651698679,0.9065849237090582,0.8230584002712618,0.6771027865483091,0.6325779678139314,0.5518202219358133,3
0.37532301408142504,0.11335189473790318,0.3582790979072469,-0.027203579733116157,0.14002430707807761,0.9095901413706531,0.8000651167888662,-0.023457326140530435,0.5920481362697823,0.8949894807265724,2
0.5985857236823184,0.8734538510775206,0.8495627316688545,0.1828799997612197,0.7540466573552148,0.14904055906577243,0.15524009574302694,0.6280706370007096,-0.10520030429551736,1.1690920216679874,0
0.263908775054736,0.3569943520771392,0.5810157835520229,0.3863233490899662,0.17115401364819846,0.7308656146715895,0.49454367163185703,0.5203278964266724,0.6751466233405942,0.9889608596172237,2
0.6604255847403581,0.19971451401908089,0.7059499867040984,0.6904335404248565,0.8017990956718571,0.6229176626691557,0.4342245070380834,0.4110989207859376,0.7716418474224815,0.8295091691481506,0
0.7025273748190239,-0.1267787353637308,0.5456849176913221,0.7000185406978378,0.8207316925715847,0.5042074576885791,0.7401502941362523,0.37991077226124836,0.4347651641049429,0.9926276741015553,0
0.20896825002063013,0.17152896849350774,0.28084963361777054,0.3097992956123547,0.4366630440587565,0.549947964769547,0.28993062393985947,0.7535819554921013,0.7776113470953455,0.30668124226342447,2
0.08749555525949104,0.7640066120217148,0.21067856334143192,0.8019502274881278,0.5832740675511272,0.8542084921213011,0.4401283170348648,0.2208105186700749,0.7223199491733795,0.3579188423130667,1
0.31696637981985826,0.34430424720465885,0.08288891941277811,0.550304528244016,0.20067036265887367,0.5466567623293767,0.5229957444448505,0.6495749831353629,0.41991357268696083,0.237627778468805,2
0.2652830271908207,0.3568903060584032,0.5782967569634462,0.3874878527878781,0.17208033549276935,0.7311359817222819,0.493902240827499,0.5222177688907779,0.6757261519505544,0.9888723811640799,2
0.28087833754454866,0.38337506470995514,0.2504728571147813,0.6082550015158513,0.5810136109780487,0.8626315410170868,0.24538808494009323,0.08932616240785085,0.5212386638926725,0.456364157793146,1
-0.06903409369183217,0.05191764298438578,-0.11287393956298036,0.9035086334855489,0.3754797690331131,-0.34562240061185967,1.1685139009833838,0.6167866228811141,0.11627932439378301,0.2267046798674206,1
0.19198797023017292,0.18792577415645972,0.27850147899068695,0.3029150693506866,0.40280122527809004,0.5784226288417319,0.302655137498726,0.7659202411376307,0.7659874544294925,0.2939880728792281,2
0.3103888819480407,0.4064788930816667,0.2641780226661903,0.6289906727238057,0.5576696579286391,0.8992195237191674,0.28294641262446785,0.09489451942795107,0.5295126263006689,0.46953064613469286,1
0.26620824283740896,0.35750019207778716,0.5800832846753454,0.38619210939099025,0.17321116413263107,0.731355019307378,0.49434959771016307,0.5218025256945541,0.6762420241884671,0.990683538523998,2
0.189037945668057,0.22937551355085625,0.1711587916144363,0.023846330012809502,0.8405255173287036,0.4650622032579641,0.2520862533510432,0.798643281090816,0.038262506052675886,0.4585034013171829,1
0.3149224667284526,0.283487441072495,0.3157128595419321,0.8925388672579351,0.2778626029685581,0.30973839837768247,0.056710648212676566,0.20315678026622144,0.8202985839158018,0.8864469803832483,1
0.6019584911652737,0.6612490650917658,0.3181831792199673,0.3284265276618317,0.4531277231353945,0.34095555834005414,0.2916736644059169,-0.05499354593341177,0.686825905547906,1.378690885495748,3
0.8136898925994825,0.6807649473309496,1.182987444045686,0.6554633330017966,0.2368856973935224,0.8220838449981668,0.3392801999250928,0.5253452059009314,1.0757449658593243,0.6911791075413986,3
0.3373675029473259,0.24928833615685958,0.15120206653165724,0.5860796425624982,0.16487641693689295,0.5544908455386947,0.47279352666921104,0.6421110372283345,0.49100464452143167,0.2185553943938675,2
0.544420200817744,0.8414103340122738,0.5833357943536698,0.8422304596031867,0.25496402352471603,0.2765794989198439,0.07274530321555457,0.41765577657875186,0.7121323802600436,0.033430994625893835,0
0.26548192895546746,0.3555853514077583,0.5804136286839462,0.38726758363096014,0.17149223994389856,0.7329766013233863,0.4932590727940564,0.5238783147497774,0.6760490950818764,0.9890339607744473,2
0.5476658918579476,0.8939698449451774,0.46550688157895687,0.7246289159746643,1.0217444644407876,0.4698100559726227,0.9257454565389779,-0.023044846197820622,0.04351734443110847,0.1929941651447692,1
0.19886902869345935,0.4261045284618838,0.4045662059648122,0.25982709687950784,0.49476002263124785,0.9692339409241235,0.21660531623497986,0.8114694722079483,0.8286588691998578,0.8259168041471888,3
0.21477070567611684,0.4871727368230711,0.330413840589043,0.6926777121078029,0.6583598203223712,0.9109535697529619,0.25581786336946033,0.0790853192332112,0.49307235979269115,0.34796362511327344,1
0.027153082399132597,0.35169446123959114,1.1446951235107408,1.406063798118976,1.1369231001982278,0.3702962399077574,0.32477951889089285,0.0707454201126074,0.21708910956751426,1.060104152727094,1
-0.013570508015078017,-0.050180397581569766,0.7544699867080041,0.9676047741889326,0.8793478030563214,0.20705633992488182,0.2695007843625641,0.27590534551432555,0.649829915930504,0.6587596568118955,1
0.7325853569264802,0.7522397306762194,0.9959435919438667,0.6830535780543165,0.08253516735848997,1.0382446536381642,0.5164338505934807,0.8966789330509807,0.8686137401387883,0.3459845445178223,3
0.3074777370979248,0.9113247225682242,0.3656736550010723,0.2645962800410086,0.9509536137890908,0.5664186990106753,0.44153977560640784,0.8197285620840744,0.693986678749734,0.7550683475456681,1
0.5312354893408636,0.9049230787788867,0.3192040349868614,0.8070845368878439,0.8750373731909269,0.3943287469492774,0.8862146477300824,0.1348231578087614,0.07894765787027426,0.17780427759415088,1
1.3385084870212343,0.7014528822247885,1.29984461255336,0.3276593049803382,0.7517565966007852,0.14166193210897693,0.4233977625159401,-0.10057465769426288,0.7371316841283293,0.18934457301663238,2
0.3450540723288847,0.2980250694441488,0.33409554079490017,0.8751778997702742,0.3002045689148678,0.30369477674883216,0.04641102812947585,0.19607841565831446,0.8469542772860837,0.9085725203842218,1
0.4146545744027514,0.18338810065889477,0.7750709287122988,0.22410158346026066,-0.011141548348429176,-0.01925223997233972,0.517065085219954,0.732591800517396,0.37577404867629305,0.6505353897251551,2
1.014927710029129,0.09028742074833318,0.602014634101643,0.23492652212778353,0.4486570542172421,0.23644364803968665,0.7418846508924225,-0.43826267131039265,0.6291664220516524,0.6035752553390222,2
1.2257923599282985,-0.05184426426906541,1.2311711503534686,0.05470618573173891,1.09121125185631,0.054608497375818854,0.7146516055436872,-0.49340331875997534,0.40912819797196653,0.955682546686839,2
0.2611969148222155,0.04955391722211197,0.14628375756265288,-0.0629482606030676,0.4018498617543542,0.21297450426403697,0.12087097659288441,0.8323439840791828,0.41605206131852485,0.2636911965873481,0
0.300654143860833,1.004202426326394,0.5009510266597272,-0.00952952554718578,0.659977679116359,-0.23646056837178697,-0.18672654657268117,0.25094927248948373,-0.19094982477484135,0.9537234841381897,0
0.9310089647516617,0.6504370541042349,0.3254665930713503,0.940930064516899,0.9453621355170067,0.9267383510839838,0.7597499493405853,0.6635774709732349,0.666974546245285,0.5805817377597625,3
0.26515141776285633,0.35655179829363726,0.5788288003116389,0.3872476122682778,0.17215867314024946,0.7311380111499656,0.4947368751030168,0.5222419493238085,0.6763689881067397,0.9893610254964903,2
1.0349038775244042,1.049654097880354,0.49667447822679556,-0.13012566915704263,0.9499299893087119,0.6771461601431593,0.7543000343674855,0.7359077572787236,0.4372396133832075,1.062578995617721,1
0.9654760512806756,0.6350950046720908,0.2811787462142097,1.0036784681838646,0.9691696252729273,0.9024966354132353,0.7810007881882651,0.6427087115307217,0.7313148342092979,0.5947144997631565,3
0.5364166325197529,-0.1472737331403997,0.26191174150802243,-0.11372050522128652,0.1291819003120422,1.1399109818955562,0.7173648288881483,-0.10956674444804074,0.812208453234939,1.0719057354289299,2
0.1710999751057962,0.6825440629008177,0.35062857120160207,0.20097778452075007,0.297644298654467,0.6859041411951693,0.3148407659406335,0.28812621964852925,0.7204178249712027,0.4322429224772355,2
0.9443346775792493,0.6378387420457895,0.28018371505323225,1.019719278033601,0.9951787659927414,0.893873552475019,0.7861061294625077,0.6972787388264351,0.587903703152299,0.5500406875247109,3
0.6328958730845567,0.12642947440453944,0.9696410875723301,0.9989953342598678,-0.06792801593599146,1.0544303980532639,0.04424811124145139,1.081583683546289,0.8807320582170288,0.6554223777946359,3
0.3608883689944635,0.31716610568521036,0.34500805681233476,0.8756023632789101,0.32795584439105835,0.33287757605995544,0.030538050440657615,0.2020324204161119,0.8177955793003951,0.9273515658182968,1
0.9729647301943564,0.562212299045397,0.2225877744557593,0.9332668034360899,0.9888616147127308,0.9645374733080715,0.7566244567961412,0.6304755001229498,0.661437670905126,0.5089186586790706,3
-0.09800872725236248,0.8618790033993983,0.39310868065583193,0.2331724180016317,0.44796463830200683,0.872784050389904,0.3249816788473781,0.5109929521613007,0.6594304579496386,0.759674019071527,2
1.0770301323617733,0.5911889983649388,0.6828271250795713,-0.6276706106592586,1.3118801728424458,1.3151915042515476,1.4630025006226046,0.37084518759984125,0.2489299508586885,0.6536709213106092,1
0.5717795712088334,0.6237846336275447,1.2708614163471568,0.9065798521948074,0.06623770207844641,-0.4233050379777603,0.708370381707694,0.45239151535635946,1.0973684317020869,1.0087937913238108,3
0.4324857318408859,0.42970693508320335,0.7232060569083756,0.5157432365392216,0.49248609816023514,0.6903755039982782,0.013942808495834319,0.9121064107620015,0.6046982268357972,0.48620509486803554,3
0.1652919515478121,0.610435909181755,0.26791518276295784,0.125957323396864,0.2547593427022865,0.6554043121229659,0.3710643140534009,0.38549011979521275,0.555109574888245,0.5688982642241877,2
0.3650205623971542,0.5947960709308123,0.6078764875212083,0.41891316611282126,0.6122209176490444,0.8495308029588033,0.4375318864470987,1.0141459562989985,0.9788608707074066,0.9334612828751759,3
0.5326565496047637,1.0790735398605527,0.5142799035162232,0.5471970892234644,1.0820689791748512,0.7468092159523472,0.9374780097035622,0.05582936824170152,-0.10667792489583061,0.29560050607815114,1
0.6350882388031859,0.6602713152221035,0.3773025834338978,-0.27637135813522096,1.0654537856102806,0.8765213676969339,1.062146640708297,0.3886986038821734,0.01778427209791819,0.8157574593263774,1
0.7778015704444224,0.7560100176845594,0.3403073258606911,-0.11419037786857303,0.6214746386213251,0.47993525810163395,1.1590828460174123,0.6179880501135224,0.01863865934457945,0.6605617109611315,1
0.128562917274997,0.5848141727000189,0.19470828964394776,0.15713903860488393,0.28251887179873636,0.6334885827107156,0.4444418651556691,0.35599843060545294,0.5997985821025802,0.5863439243821322,2
1.0389053088921023,0.7019036719599442,0.43043052327518405,0.0575711750647548,0.9474439938873437,0.8579792247293568,1.066051791468211,0.7453643340431388,0.2853536504505565,0.7991197613027393,1
0.21011003557027877,0.22905301609410522,0.15810811599283464,0.02525307722565791,0.843314303745609,0.45685657770459565,0.27032126280523033,0.8078770513978257,0.03781238111645274,0.4390981348470933,1
0.9685410141722656,0.525056197888954,0.22336186932632604,1.0840311659311965,1.0068440912489731,0.8020365066050187,0.9018327114423754,0.7404323087522793,0.7458468094444541,0.48177336074600835,3
0.5699299651681579,0.8031979309249591,0.3800030763143638,0.6992537441691928,0.2634632714598131,0.37283862476428375,0.7435899723419505,0.7625702316884272,0.8944834841823854,0.44558606670267026,3
-0.09851371528218938,1.0796961842882682,0.37752863526733604,-0.8920793333220056,0.021465263794282763,1.2340075316683932,0.2392438009106336,1.219549160060304,0.3052905787840005,-0.02569864421895529,2
0.05888705028768196,0.40158612674550054,-0.20012899841826426,0.483558353859787,0.5886708149390487,0.5674256207291288,0.022354096562345327,1.1747529500656229,0.7479725535139532,0.2705352888856205,0
-0.0915383282818989,0.5077997882202663,0.8412956297166704,0.6252949063892366,0.5895870696357463,0.12589590058293879,0.6722677039442353,0.6464063650046401,0.26961107322026867,0.6567842534512611,1
0.38950021246276767,0.7658574006676986,1.0802880911900272,1.0978659863805513,0.3014699667961941,-0.14127646756895096,0.29448131269305666,0.3789436333815491,0.5997611221244762,0.8351753429397064,3
0.2735486494811113,0.283501580805283,0.25634885326173046,0.9577393238787119,0.3275043677350317,0.2938385256381415,0.04495367356993605,0.18980986581852208,0.8821397287175204,0.9313911007581017,1
0.6971813291695723,0.25199343271398666,0.5954324028844149,0.7751261828481781,0.4182893396313491,0.09760818777662579,0.670170449279469,0.38691400259262315,0.6366755139219575,0.9851877208950875,0
-0.12111834323746012,0.21474902555303185,0.32549385447630186,0.4533563011255949,0.3406611642617724,0.8524231603241348,0.16272162998543402,0.852881731492108,0.9980407081982193,0.8796602475599173,3
0.3143428274083679,0.315206668525913,0.31696560977202226,0.8902022268168545,0.26603094180419706,0.28433500528430505,0.016670096447350076,0.2036819060008603,0.8282017562048968,0.9334500044079836,1
0.7287035126009127,1.3926298302512183,0.5018534154670377,0.2154997181519047,1.2639576209024552,0.4544720114668261,0.11599421797418247,1.031347560187285,-0.09986297353231799,0.5861645457818051,0
0.3229458471026571,0.34005699866662636,0.22322909056377313,0.5471660233431648,0.5120110408926586,0.813960806033043,0.1929236426923599,0.060349556819344896,0.47427095653955115,0.427608750424598,1
0.6159927573936106,-0.046885634534306636,0.4431252580537269,0.975528965285776,0.5736312898520152,0.9902428379001574,0.36316132275596835,1.089533813164094,0.22952831578920507,0.5223672492878458,2
0.23275988565483685,0.5116628832086307,0.24797397365076634,0.6904689072810036,0.32272713010873916,0.609624243541039,0.08105426925176706,0.36209972938913115,0.9466331122697089,0.6676963781336243,0
0.4778153384286178,0.920568921907061,0.42702337344060204,0.7166712173709318,0.9790438306884409,0.5809373202570219,0.920759931079075,0.03883205150855399,0.0468260242309105,0.22276028849026588,1
0.08977683655622423,0.1786041523848773,0.24182518772442654,0.29074262888601066,0.382958621132648,0.5346775673326201,0.37085218072497533,0.72740481637255,0.679061508051378,0.2932718694813578,2
0.5849995411956674,0.7144412705114584,0.5103727822655526,0.7796171429749386,0.6223649304897352,0.04086415356495454,0.9534112519550515,0.8344604308486749,0.6022345501623608,-0.08647114884588908,3
0.18397609404850043,0.45018792478980757,0.3044321522087563,0.26781296659614373,0.39678136677555237,1.0657337062845968,0.4090936972443432,0.690383063531944,0.8900033046642243,0.7380473843825076,3
1.0167789806422929,0.9982539534672448,0.5981304013733658,0.22872234107923178,0.967230456850926,0.7197903162819093,1.1341532239757257,0.5044998118800106,0.3308373133328174,0.9035426104542739,1
0.3857987437725281,0.9137491262429982,0.5613493509460679,0.2564353056755521,0.7610267956302824,0.04569575094642255,0.08979285381968082,0.7551660963978266,0.1895315505057432,0.7888615616058114,0
0.024441776992752906,0.8835328974088643,0.9214548365936919,0.25430330260511486,0.9760945612509183,0.1433998728024068,0.24068719559843046,0.5258771765251554,0.43494754228842614,0.17844291390406708,1
0.93827346969347,0.380070318991002,0.9705755363885726,-0.17135042853230345,1.0329388922258511,0.5641429199156168,0.441732032948225,0.3360402823044147,0.38206248152897815,1.3534441596111801,1
-0.3868154843910388,-0.0476786432686184,0.4258456560959421,0.8404594326374716,0.693930664467691,-0.2902665600008503,0.894001646222063,0.6348013457014339,0.7867679643591876,-0.13474206899556546,1
0.3035244245335118,0.36576094552769295,0.29511157868657584,0.6239045925829838,0.542015341968219,0.8149904940615941,0.30167499750774185,0.03856119513747418,0.5542047544133613,0.4660174372373458,1
0.3086617574620616,0.5844441328802364,0.27381369055853694,0.7222143532990036,0.2104151460437911,0.48296393298767637,0.07448252895557778,0.3352675744717196,0.9041544902490447,0.7465297318202764,0
0.2082328074285072,0.6528389099677562,0.2597692972791057,0.13934159404928306,0.25563204817057567,0.6805333939446303,0.4139293957681549,0.41817663971215646,0.5478163663727493,0.5106027215423092,2
0.3172656224340846,0.5070088723378533,0.19040539634571063,0.2811245037998664,0.8411298055644626,0.9529770720311821,0.8862241120273553,0.8363681780785251,0.8613991554155461,0.8279411986881549,1
0.3738654894118005,0.8462000057848875,0.29770327864566354,0.220291196502527,0.9055754177120714,0.5411745183446065,0.506634870517356,0.8865027147427479,0.708163498379033,0.8173778420687927,1
0.04659972794437703,0.33016363399201687,1.061596765826521,0.05497452022274655,0.6332838355417543,0.3601681758246741,0.26429535204856347,0.33981316939261846,0.4017640574126064,1.038009951500522,2
0.9564628900205868,0.5620459381649285,0.22967899227463046,0.9130724883039698,0.9821763640274325,0.8620208091057628,0.7692464756356227,0.5880282894758089,0.6421796938527934,0.582869349996762,3
0.9379528200716424,0.6588926242902862,0.2652319634385538,0.9488297288894159,0.9583718743955172,0.9066190302686117,0.8587666567267661,0.7113553948119867,0.657323660752639,0.5318938065769792,3
-0.004991319186297909,0.9377966694835245,0.36098403034725896,0.6761521046552407,0.7301795462590709,0.8843232466884562,0.6616344544524349,0.14098189510167333,0.7940035984350611,0.4883870069079695,1
0.2229614997960338,0.20543771943245195,0.2435011873527899,0.3032537186860243,0.44140549456530115,0.5859136527355137,0.30676590792217356,0.7343419702740845,0.7639172352706208,0.2789342302712667,2
0.2715587259569215,0.4033226928256227,0.23521634442446998,0.6067814112278064,0.6037859942564745,0.8350885250005458,0.22141284222395785,0.12086244610644743,0.514226532975742,0.47606097575323303,1
0.2668985249902406,0.35806130531975794,0.5777796585526351,0.3851602062393401,0.17051986985983994,0.7322241365550086,0.493803000439716,0.5212334459584275,0.6743787344168739,0.9914367723722881,2
0.32553135685380513,0.3300168997555719,0.07776261606006415,0.5803807487115831,0.20529102163859111,0.5397030737987698,0.5245380693562213,0.6711915878299994,0.44257765104108443,0.22931576711605453,2
0.8705080583469902,0.8097543247639564,1.0505048980277594,1.166570921895348,0.06656854187520309,-0.22799433993002866,0.07822401276706181,0.7311907983046863,1.109181450325226,0.9877088148174208,3
0.6892565140858765,1.0914970047653503,0.575967798987087,0.21787635243097925,0.7460618444693932,0.3827331996814459,0.6064198758181766,0.5627805368906111,-0.06456679618751204,0.939978458212043,1
0.5483505188786016,0.49784723298374167,0.10497060873220646,0.7894416962888697,0.7095519104986029,1.0773149393981738,0.8177158380563594,0.20677269637603707,0.5588937133507965,0.1577404451424998,3
0.6713078849354311,0.5015043406334162,0.6324411414756258,0.6834054453411198,0.7801698195182125,0.41297032193183125,0.1532921828893994,0.4301353107594045,0.923330268013909,0.9892711823506126,0
0.27361678486505314,0.25243313364247055,0.349376110776963,0.8565096572932375,0.3641589915867822,0.005932758201261825,0.8892117779453171,0.3747963409276177,0.014154562493467054,0.2896935021608805,1
0.9531004414707187,0.6431225758927952,0.2484666929805936,0.979310674522493,1.0062997469477,0.9296667890395325,0.8029630953434072,0.6817199405802062,0.6235531773984835,0.5670491235864187,3
0.3694148625696152,1.2138073005108998,0.6426437212908476,0.20522277866307603,0.5586891975769254,0.07022030020026251,0.07926904307050747,0.5225512053813818,0.037053472516372615,0.9574047787926337,0
-0.11863540144887427,0.19267421372087384,0.7643565698691991,0.01999391452478322,0.9155075294439287,0.006287216600979417,0.26560486200669137,0.7341188204863706,0.02312335502345969,0.9418099516348344,2
0.054823455071491806,0.9384756513818423,0.34506358773415907,0.64330251838789,0.7571160538552154,0.7858223652614417,0.5794036615131266,0.1402704802415009,0.7486058031374452,0.4766372420588095,1
0.19152525673209375,0.6592184286849392,0.2711407087867137,0.10859629309997083,0.3127705895934718,0.7301483254046732,0.36327187566640123,0.3935558675122714,0.5393969195646554,0.5024750644145769,2
0.42381746262063186,0.5644672330988455,0.3892390869857252,-0.4267286247832285,0.9308130097673356,0.2150848957153892,0.9009314420912824,1.135787941629613,-0.27875591880802836,0.005518952771509156,0
0.284319385800591,-0.1323117704041946,0.5613102526103675,0.21373755436003716,0.5001983692057401,1.1416693171928523,1.0154505560549856,-0.24128648166731897,0.6984002828360786,0.8915129585548839,2
0.2908011619328167,0.3905814878939277,0.24713690642526828,0.6159912456535419,0.5906195264921993,0.8608636004407755,0.23473977155606288,0.08428190366810291,0.5308426619753003,0.46353865287004375,1
0.22759591032782367,0.3260054666892588,0.30661322215382625,0.9155952023293151,0.5405377494809114,0.005238486334103889,1.03664366980428,0.39247251347959283,-0.06537881815092278,0.22703859424967562,1
0.07581942213590373,0.19013108642484342,0.9990510829653931,-0.07078436705833384,0.5589980091102734,0.4222290691589372,0.08997814072596155,0.5264987217932299,0.32757324248560465,0.9492359569336157,2
-0.06521453456532536,-0.05738056432358979,0.5305005600167227,0.8029752729555543,0.7605537512432475,0.17526206751045306,0.3849120948756078,0.1515455494846282,0.5977036804352884,0.6332650904047163,1
0.4387191937351003,-0.010000327089425408,0.27812278534057533,1.0271317496326753,0.7020796895178985,1.0229820764581596,0.46323269715173254,0.8331126005125609,0.1712910660246975,0.5948631448545515,2
0.07339483310040273,0.04615785259916158,0.3112134045395066,0.3447745882172222,0.5917011905849088,0.5788155542124716,0.1541397054117482,0.80652813155228,0.8048068229219749,0.2604171180046665,2
0.2665905828032771,0.359134545617552,0.5785816998545905,0.3902713357708423,0.1700034136521477,0.731090196905938,0.4962565189256564,0.5204715666481387,0.6748836259883021,0.9907275421675414,2
0.2942056096833192,0.4057205887367879,0.15864844259953562,0.4828633288091644,0.4304194404386595,0.9153316426135252,0.3307719012994709,0.044888729884612566,1.2989994400308698,0.606877367836038,0
0.009637114848377353,0.16501087581343094,0.3968292010716492,0.12996667140342824,0.781521795958821,0.5482359618138697,0.17029918281342507,0.08403057657508713,0.2193975581730404,0.4089985738634418,3
0.3369071129067935,0.2973645601932594,0.3309687043960266,0.8677536146194322,0.3039159340340058,0.30563212281215674,0.05631246857644663,0.20485218546238756,0.8456256796770178,0.901184933070251,1
0.050353832299812495,0.9604552076027404,0.42200692000263335,0.8758328890711679,0.7388278409106126,0.8814670848736477,0.5581084509180987,0.2565066217340366,0.8885465499696052,0.49189579731201466,1
-0.4656801354153498,0.5838715962285606,0.6943976324659205,1.2603425348406154,0.40281511685487875,-0.24067348189763432,0.4258237090274457,0.9071351900060713,0.45522123649233504,0.6384166086353484,1
0.673928795359174,1.0272210946172884,0.7072859853020501,0.21102013692821975,0.8565791072825228,0.42117174625288484,1.1599678159069353,0.6179331610517,0.4992636414393272,1.117320109092104,1
0.9821963734824104,0.8451617206961264,0.5035429096161066,-0.0350320310546455,0.8284171544079588,0.6997653048973363,0.8398517832730122,0.7495622973276905,0.16814485550891586,0.8340096145480986,1
0.5617272907099633,0.41406576325457534,0.18042392111932365,0.3651657829319946,0.3418155040829567,0.744106580215896,0.7912634244582633,0.26365217548604214,0.8284880490860471,0.2579793042023769,3
0.2241881488678065,0.821266817118391,0.36597136565418886,0.2177596110571397,0.8676179845665903,0.5361850993028182,0.8643381889239241,0.5485311349326932,0.18358177512929671,0.5781863505192036,0
0.26041067567991827,0.4347678385586044,0.18882714898015432,0.621459757302107,0.5702189969715512,0.816251606785757,0.30359443106240436,0.07193680989536441,0.5634160227205256,0.5194624884252255,1
0.33457111851045285,0.3002137260885762,0.25363964102782416,0.2664665493781731,0.5725597599691205,1.0381593895481174,0.08652022828679526,0.8106286835486536,0.7816846277671579,0.9779007302821684,3
0.63820303518593,0.8740491162014878,0.6378085266830209,-0.2581898869252589,0.6208222337520288,0.552719930685008,1.1009127588988934,0.7043224805913229,0.1744524258830728,0.927828615746189,1
0.15927432136884465,0.5198454150888286,0.15865710707649366,0.8360472306487536,0.16736652522997392,0.5385353792152278,0.24666398393677297,0.43478596289815175,0.9393635760829809,0.8730298219179694,0
-0.006762967006198092,0.43371673904599206,0.7016201608716678,1.0996433151358422,0.5636093494808935,-0.10154991962182325,0.8173591380485942,0.5984037041130652,0.5014668303732557,-0.08002095738346698,1
0.022630085549563028,0.7016785954803187,0.3090302533498725,0.20200922747170197,0.28943474138743513,0.5577099616291513,0.4146065400212009,0.4685678597361141,0.4700931569211594,0.6638651844353807,2
0.08832674669802043,0.004201651956687036,0.13179950205051383,0.5496823516476377,0.7002901523128964,0.19753902236229087,0.9808208112084633,0.26123118422868324,0.2068098415099874,0.35268365875445606,1
0.30784435330787463,0.28671051046309437,0.32771943319599545,0.8790673692148092,0.31731497873608194,0.28055027658265386,0.08966641559248459,0.16823423875534851,0.8107883772201584,0.8909438843445061,1
0.2675881729645014,0.21101246700035692,1.278123671794501,0.2425914498725229,0.10646436604481774,0.7713838245961575,0.3022195881705291,1.2921997182832696,0.7531411680188578,0.1663813054110172,3
-0.0055899932054655765,0.581751510454146,0.147322308517229,0.25195002329927385,1.1377976179211946,0.4096637487310757,1.0667434623748333,0.7002355393999895,0.2491153811806957,0.5284671195503725,0
0.4957574945446401,0.0916770605412909,0.8410498837911191,0.18782697338665838,0.036600233328081974,0.016237559852620605,0.59822594538541,0.684691486589837,0.3564846686024742,0.7486584480259565,2
0.2062113570502217,0.5882647745823386,0.2048395672149201,0.6438096381363224,0.35114126802377377,0.5698802048590672,0.0629133271461197,0.2478059105459797,0.9922014765613065,0.7583372670323453,0
0.2771288641657693,0.1953043277035258,0.3881884700402139,0.40334308719065237,0.3907363605026915,0.6905683969949064,0.345860045090951,0.7251105032360265,0.8456409509284657,0.3680992132432815,2
0.49662131765802203,0.6758806119419134,0.8168350437539201,0.19295857920047943,0.7988322602723791,0.5123655206363923,0.15471602478588328,0.5861631515471314,0.2929979091405311,0.28639952341998454,1
0.5133065688855151,0.08395721172165618,0.8240209659785612,0.05268983169195561,0.1717383457482432,0.05965971578528036,0.5994124875700233,0.5775562852197591,0.24929445752563453,0.901386848761323,2
0.3421618396120503,0.3017564574989638,0.32834389795593666,0.8768096304547244,0.3040704755200165,0.30520203940277874,0.05274600435755703,0.19699740579857136,0.8475809866034659,0.908043668720245,1
0.7656596833587145,1.0454380884974843,0.45259417513942457,-0.09231218178564093,0.6307580957556045,0.684146441415835,0.814466358424665,0.7434296715440937,0.20717324732045012,1.0347020234710202,1
0.13589534758459204,0.4499664600324234,0.4067794668263598,0.24446575205319626,0.49058448488510703,0.9107322077065154,0.2608466870301799,0.8602697863100088,0.8002971854276119,0.7696115879546718,3
0.9079489149801406,0.8513547651439651,0.5252199270410276,0.03685966188759954,0.9177633608232661,0.6538049178640476,0.9349899908391833,0.7078670504835118,0.2550831901440905,0.8901917634672043,1
0.22633805829799644,0.8261513530861286,0.37097008140424537,0.21074952790354856,0.8664815169816258,0.5376266568785378,0.8657806535291972,0.551912079249536,0.18522404540694948,0.5817716125697582,0
0.6446820373001891,0.9368717418386561,0.49190749975876186,0.7697688754881371,1.0455444680853327,0.45738282407181696,1.0140312360171873,-0.046760601763968915,-0.06796812910340969,0.18283081228294235,1
0.6076156967967299,1.3028994096879765,0.8748243023439631,0.8124953624662496,0.974934483596572,0.9075037251128582,1.163545280496455,-0.438205836068349,-0.26829176672974425,0.6503357441791953,1
0.9128589619349462,0.8473908857044946,0.5328615617750346,0.07048196153705041,0.785852171761847,0.6152875553522303,0.9741911885842686,0.696728282720884,0.2402414210637111,0.9959634263048299,1
0.35348781918122585,0.29524108953548145,0.32585494025507666,0.8770968978681328,0.2998099461031954,0.32309706987832737,0.06610037809512954,0.20514531981104436,0.8444718827334629,0.9044266887010878,1
0.9701937311730311,0.7805374078479551,0.5283936643102684,0.0465191857078715,0.8587418825242662,0.625150845248423,0.9584475892755956,0.6692925888120504,0.06496686337605745,0.7543208883045174,1
0.8490121899919088,0.6730277284569574,0.1878737208255714,0.9352366184818054,1.0606404614164735,0.8328580449599489,0.8839011757602316,0.5885922915489418,0.5766563288849709,0.6034502644926506,3
0.6005414882085097,0.8128577198769099,0.5496608248546051,0.30684720443614094,0.7686244937772606,0.9047221049634802,0.5847182692852094,0.3334597862723911,0.24372452620390703,0.35362941720535673,3
0.3309092713652664,0.3611242461621538,1.126097415433601,-0.02910152069671519,1.0482662466749781,0.19088842209628948,-0.09169890265141145,0.20001157987220897,0.10477789354264161,0.6196818732577265,1
-0.25295029242141326,0.6943928120582745,1.1379032812234255,-0.22864960839746162,0.6061342758420257,-0.08106311845830849,0.4995617703231706,0.5953286972251967,0.6949571612665907,0.7442978973247609,2
-0.3815838752234545,0.5842362662601668,1.002452814610929,0.6117632763965736,0.4056104386075869,0.18854910368985184,0.42160025011814817,0.23137395051048593,0.47808915815765984,-0.05543372877180647,1
0.30613621070936725,0.4870498203161813,0.3256571001958606,0.5778489127683042,0.10225840157562024,0.5939425333645266,0.056139668526964746,0.34106082675811467,1.0459427568689155,0.6092822609742784,0
0.8889766492152714,0.5937082358870454,0.2229346240431981,0.969732458252717,0.9693315721217349,0.9544804847785509,0.872307604936539,0.6171434711560118,0.5990130838817211,0.5236613662967297,3
0.15972621799855616,0.20051424866007223,0.4636071343064151,0.7762134559570145,0.9788790949223581,0.20049907030799263,0.5592295899831154,0.15411910349551913,0.7104863119014283,0.4348737563346047,1
0.8994820787160722,0.6009194263240536,0.31033366602925366,1.051918533366653,0.9644426994612084,0.9796198388811154,0.8295062901579572,0.7427303516448817,0.6213020154951249,0.5098371301797022,3
0.5276031306375475,0.19349014168331652,-0.37469413369079047,0.23543397380725226,0.7173445666433984,0.6546050862333415,0.21250013162547282,1.1326202664173526,0.8798055858414628,0.6587219263197182,0
0.3208676463418869,0.3252848700283152,0.3206249253655446,0.862751999287898,0.3137494983624181,0.30933102136214713,0.07501613900621146,0.18175094268493686,0.8673085335577251,0.9112357595736456,1
0.2289613000914441,0.2873768782345717,0.18908846288055864,-0.03650612233427176,0.7750752715444936,0.4287940936954409,0.19464278686863276,0.8222627256362581,-0.008339744550412448,0.40354997677226934,1
0.14663529818912524,0.2821391189901682,0.3877358716847057,0.19136184077606422,0.29998056828864905,0.7154316058972219,0.35307752052696373,0.8168415978859342,0.9083763459116199,0.13559190883707195,2
0.5302632526941314,0.4092381095053063,0.15251911067863305,0.40439869615951746,0.363696285762726,0.7643499368602815,0.8017516604728324,0.20856660541392555,0.8309818866903497,0.24161902636728277,3
0.8935638242270346,0.8490283385614819,0.7849539222658763,0.6241007401654718,0.8635009600039584,0.016685145006718274,0.4832433130999124,0.6548594847285872,0.8808784761286848,0.6912256266498072,2
0.48051748391467697,0.4471903824048808,0.6276130970551861,0.4053781849294297,0.8155307599433939,0.4895275555327563,0.49586520293814296,0.6433374566698529,0.9572833621351946,0.6003666048052033,0
0.4977106303012,0.019480107538310067,0.40641254888921313,0.9468805243980916,0.6528596712408336,0.9128116312369192,0.6268168147851743,0.9705525785835141,0.13538739048629997,0.6243144271474242,2
0.6013988324747069,0.7233575858756219,0.6325267482083295,0.5265648319836769,0.49137003658976935,0.6080958783597405,0.6079479471196683,0.09299115971598716,0.3286158430445812,0.9929832446638088,3
0.0047848300862752815,0.15832988805433995,0.39948103992309947,0.12079306787660632,0.7762564992501182,0.5443715286079797,0.17694507123418288,0.09035443163976084,0.2278129480191058,0.41709922904321256,3
0.9007237261498788,0.6662660800652579,0.2856832929422629,0.9609328889230787,1.0127477657090316,0.9007014928483538,0.8241526205758377,0.6972813325607101,0.6432264653999636,0.5407208982525051,3
0.7858363049680854,0.08449140797999413,0.7934352751686973,0.5907547212426681,0.8406586765393086,0.6662779972119116,0.32028755589191904,0.4583046569364321,0.7248115618205593,0.8028442202508486,0
0.5090639131134781,0.8893213746723296,1.0127131326434229,0.8590466602816657,0.08994906412754197,1.1640025379476397,0.5367975131584153,0.9527687537289504,0.8206819434847905,0.3112237608039816,3
0.00951747791810098,0.1601957645043196,0.3971944898808575,0.12598120216230838,0.7815300406230993,0.5456465760249685,0.1678426442794037,0.08352307559560407,0.218805890099963,0.4154961966444102,3
0.08495367421085515,0.5347464521818013,1.1154297289482664,0.3422464914005067,0.9659559452169557,0.48036334770566325,-0.10427698966937851,0.6291872970701348,0.4226683780592797,0.5175661369661027,1
0.18024904777482575,0.622438547952152,0.2284441526590753,0.12005666157174845,0.2807520754849307,0.6888161609171422,0.3810985610892754,0.4006934122228803,0.5770598986683342,0.5344002382556081,2
0.526491946151441,1.0093739473107888,0.08574444781561535,0.7997524967339048,-0.20086618531004613,0.29467867329133013,0.9833578385674732,0.9844509667072219,0.997818754392828,0.32384461163463296,3
0.620763839321849,0.23455382269645933,-0.17432762729832552,0.3214473371025136,-0.01481252342661199,0.06787961209513793,-0.004519765697280891,0.7043639801433647,0.024016077811701397,0.05303678432266612,3
0.8866301609279953,0.8903042650481467,0.580631576246711,-0.009833884293440679,0.8178430418724636,0.6920909631540688,0.9330640422606709,0.6617328483967123,0.20858551814963655,0.9345400448029838,1
0.5892100323595033,0.8227293014570177,0.5411989111471125,0.8163209109231959,0.2764027375163918,0.2713610714841699,0.10532689595474029,0.4472302742497748,0.7129997385092027,0.02163620528854362,0
-1.110655468026597,-1.0373452260693705,0.41067095389342767,1.4351751580271852,1.2096750002110213,-0.17753902163975072,-0.42658963407954475,-0.7672170006120518,-0.4717636414173414,1.5998622484898806,1
0.37319502251542713,0.30650951289549755,0.34516807182657877,0.854489285489624,0.3110814857209637,0.31460558874122446,0.027908481439412273,0.22070495078058538,0.8243186357863077,0.8679438956753084,1
1.453564774864935,0.21434150377828398,-0.2497467348421899,0.8392599913319425,1.1669288214778175,-0.049410408300362585,-0.39742360542354394,0.05119419975875594,-0.1474480986439114,0.2638592732819859,3
0.47645914149202323,1.4895772031270589,0.06840056371781407,-0.27106992365851895,0.880694517210814,1.703752671499048,-0.29425876507617316,0.6780762062940624,0.13918386858475607,0.6881164299450553,2
0.31114092129343374,0.31947255318701256,0.3338184856246257,0.8696058802840617,0.2987271112148433,0.28560321643760217,0.08425939207286336,0.16841649810118312,0.8418220419389076,0.8912266447303023,1
0.32788158896346087,-0.03491631575633758,0.9268774931805023,0.8832046053989675,0.7247333206463399,0.1116003835872573,0.8018776978017573,0.8607792577559514,0.4175253932305988,0.5387891147219259,1
0.08954817344242448,0.06994153552078461,0.4152287893886949,0.22401263178195818,0.8127936375697957,0.5223403972806927,0.17855982852487848,0.056963007455606104,0.17961292041090135,0.44326373493048704,3
0.2827741045772057,0.3564077659032881,0.30557590007512314,0.7752301367300729,0.44982036221278254,0.033996254545751135,0.9096637312674081,0.46511085079709025,0.06829727042595814,0.2706000006163408,1
0.26278131383091125,0.22482407533792487,0.19127061674812146,0.8350605765458269,0.39932635653161985,-0.049783524254847625,0.7607773793617814,0.4227186489390687,0.18638842633952865,0.28186073023519254,1
0.6143511775426823,0.1043690819192616,0.6148357018516952,0.21657022976030896,0.361798221634228,0.8235119476868802,0.9932873820225016,-0.049396080767870915,0.6375203001412743,1.0582938903767063,2
0.3946359880209135,0.6947248352398421,0.020028939161936765,-0.14495119891719355,0.9275079557314367,0.5655186288965167,1.165751717241922,0.2542781686698452,-0.1682114967587519,0.5414706251077183,0
0.44687236649284706,0.7625270781085088,0.29285821704133036,0.4637558061373592,0.0958155503153941,0.7001212560473119,0.1331406000024687,0.6125637988248568,0.6288350193657571,0.2865155604786494,2
0.6106143835246718,0.6120995769843818,-0.1887696863224239,0.25257557967407074,0.42101904900835546,0.7073976003243566,-0.32434319158393327,1.204339936133595,0.22993254785006975,0.5481571816825144,3
0.2902009389695437,0.6738870026652077,0.3558693512267227,0.6419026270678501,0.44684760247830874,0.7293689536119907,-0.002851256919149947,0.33708920700699807,0.993966540716881,0.6125581376859666,0
0.5606113636184712,0.19048310273679422,0.3279406922753228,0.19538740210010103,0.23033978086142434,0.6900460513973063,0.9593727763802342,-0.09582910768931631,0.6659863979809293,0.9265568877502345,2
0.5897188261252807,0.8417860288514797,0.5611398966073654,0.3255767183422366,0.7810890331303431,0.9245027473894001,0.557476835626239,0.3549432731035453,0.20011502011757118,0.36316347262598475,3
0.23997225393448776,0.6604936032430698,-0.02276011316598072,0.10423068971187746,0.651864464189913,0.7146277812015728,0.003790280386777808,0.6739388879521833,0.4960197010807645,0.40641827366843586,2
0.7512947221952624,0.5276688252560128,1.0653411634220447,0.7216791678430361,0.07481220511801784,0.848094220822704,0.641090187985502,0.9657063287634499,1.0895047355512364,0.22797414496901527,3
0.22940860897252546,0.509935366484483,0.24731354093102206,0.7195818210602185,0.32071822132582734,0.5932064170696096,0.11059220994981596,0.3174535328495034,1.0254442382469684,0.7042604426353969,0
0.3300787566776789,0.2798475039779609,0.3545286310007636,0.8641143733605503,0.2923210579750441,0.32036489043898875,0.02792293543736285,0.1913303203575438,0.8378287406781915,0.9144320874383411,1
0.557047414256827,-0.03412732906579882,0.42236091981906154,1.0279554071661563,0.6007313182721953,0.894956321940483,0.6507555720001048,0.9540204047082493,0.1485133765013459,0.5715333685987192,2
0.9214769968784977,0.8650914342181962,0.5993999900578948,0.009030719969175097,0.8522617635524055,0.6666247896654321,0.9488361074837163,0.6541805706767482,0.21702397779449206,0.896147121237738,1
0.7910244389070057,0.6724998847840347,0.25603408614693607,0.922397722290349,0.9028647070266892,0.8868823082019587,0.8622823328923258,0.6544216881850569,0.5177952641572966,0.4316819108070342,3
0.32131638546886143,0.4808385182125342,1.0412216908913787,0.22120975799017017,0.8203339727693867,0.5505179042691967,0.3137527989310095,0.6406596925636179,0.2870323369772712,0.543054838699111,1
0.7286155645335357,0.48499522991300914,0.49260126522561315,0.9131094220962269,0.3640433304927966,0.5447463709709105,0.6371592372989524,0.9315887887224162,0.5126635932487618,0.028374509837358508,3
0.7754144923109378,0.5806596438907283,0.8540067264857866,0.44321622827286883,0.4566390177875417,0.5138556080576755,0.5683896017061705,0.2862340632394818,0.4391630055261429,0.8055051031033367,3
0.32389362352910106,0.3322894593701152,0.35304136130646363,0.8660595921028037,0.2598395116642902,0.31169452010979454,0.054306184731507896,0.1676243839611158,0.8195824269119005,0.9288444218953625,1
0.6122512851524071,0.7391635169853479,0.9577656490748254,0.27607224056546975,0.8449709253965327,0.2889196135984814,-0.026441040077260974,0.3917443967523435,0.09084314350624731,0.41832605697032965,1
0.500028431475465,0.5712644649760378,1.0520675658377066,0.06660592939463221,0.7637152578116225,0.5160316026823065,0.19038908004276128,0.4203986492898447,0.3307492888888957,0.34667321217763386,1
0.34844166776924923,0.09540043320948405,0.453969790317034,0.13869618538966216,0.16662200251222675,0.9449700693080638,0.7814398960384367,0.1336710230589026,0.5624847793772167,0.9224898885859912,2
0.9434894319969048,0.6339526373795044,0.2806749078693641,0.9703867236739427,0.9932287680874127,0.898101511624495,0.8185817937803731,0.6846066167104014,0.6390803653484907,0.5661332377574633,3
0.8269029906871634,0.847631024036369,1.092756470619266,0.5568461956534922,-0.3208999948748011,0.6010143833580246,0.2814201539039051,1.166259811147227,1.297216387443377,0.3946473879997266,3
0.2520313602789018,0.24661278402566833,0.07342390109139249,0.10350464885772907,0.3485719530362318,0.2616814870567521,0.14192425821258564,0.8249307894077311,0.4099801093740632,0.3138263742360839,0
0.7008120011249654,0.302964814801447,0.7380330301279665,0.6702885030070068,0.8972356139564733,0.6878912346597706,0.34987764015733963,0.5130450411945384,0.6214131463530546,0.9152779764953743,0
0.6041784584817763,-0.30251945448682216,0.6935490313516507,0.35251163761851456,0.06712200351927419,0.9154484644814043,1.0075928116690944,-0.09941490601774175,0.2802342823381066,1.1404090379137684,2
0.20705387599195593,0.18693894539182362,0.27110967723012325,0.3107484774804533,0.41741674130097517,0.5701972600641464,0.3003836852365479,0.7521607068957522,0.7868124013511807,0.3060002651785776,2
0.3447263773073818,0.26845014210930696,0.34224564499215754,0.8468000973499343,0.29893151059300643,0.3015326367416806,0.028873494811373197,0.1719219979533209,0.8249829460108669,0.9319361961087137,1
0.4331818469930074,0.5342477120912335,1.0119544218019074,0.1460221009556312,0.6997925389663815,0.4834031987031728,0.17164373695317559,0.4094611321849989,0.16805013082087372,0.4863969670692241,1
0.2599395017880217,0.36170758726596475,0.2543689264926505,0.5998096441610674,0.5704523803784494,0.8971051365327021,0.24282875111102517,0.0978963936405138,0.5320567693352978,0.4234368139090327,1
0.6429172299716092,1.2222522948657293,0.726313879135747,0.2554662018345536,0.598569275214521,0.4568242216259624,1.3107164914237137,0.6050536383549746,0.8911954890021866,0.9626986184665866,1
0.474273757687298,0.026332866703662472,0.5603167771873827,0.15130273164436694,0.3772817468478723,0.8108521184181674,0.9514859364756839,0.10702396140876383,0.6110985542412913,0.8201025917906197,2
0.44451114512130574,0.2129883874134941,0.6524338119270991,0.7099776497308168,0.6415361585603678,0.7982249252561507,0.6814616259644177,1.1652239986225832,-0.06848535894617241,0.7887151232064519,2
0.2808367269514057,0.3659106638994379,0.23047707350924457,0.6270381955531479,0.5567829788089079,0.8802248962847764,0.2601308160182851,0.10252875608332367,0.5246008732627514,0.4265753070006551,1
0.9263878362362648,0.674123058564657,0.2550619017584579,0.9944371935568677,1.0039961218100524,0.87670828121631,0.8371698315130164,0.6638172825766429,0.6571973809456076,0.5450167899802432,3
0.3371915424243133,0.30188413519283036,0.3389335988598091,0.858435886732378,0.3082289427629002,0.3164717372906136,0.06487331052271,0.19005739852742282,0.8444271828633774,0.9130051265914191,1
0.46978032317193225,0.21467835433840052,0.663386116171148,-0.035450339348215384,0.22127815596900327,0.8528097647051232,0.8229648526843527,0.12647691599920263,0.5024329127916933,1.108516731186783,2
0.5752124040962977,0.4411061970083899,0.16837113105152882,0.35898811028071,0.36216111496334175,0.7434048267978411,0.7954078170522706,0.24092856803310925,0.8209836413702981,0.242967258051137,3
0.07166169728789189,0.14416299342308575,0.8399070197251043,0.7815006597211942,0.8742050240685849,0.014734362239326318,0.7766830175683772,0.6167020716376465,0.3846150148765576,0.2618985444698933,1
0.32770440887317887,0.8788843962586305,0.5721014608503706,0.27986654922397947,0.7474523428288392,0.07675739932222246,0.11006165692955233,0.7560334919390891,0.17007426707010037,0.7846603385911995,0
0.26494323708204603,0.6504278202943932,0.32929233246683537,0.7323610423009038,0.45441096821856586,0.5408235735145126,0.0014154597980469558,0.3630847222865173,1.0541386476060786,0.7313276546321706,0
0.863696183874945,0.05036594087838808,0.679669547504055,0.9644097675453231,0.8999415452201469,0.7228209192978908,0.5092344048663251,0.6754561153844441,0.8906077233015722,0.9482177786578638,0
0.014296189097683765,-0.14920132302171962,1.0831966456476187,0.3294678075788821,0.08084381925811307,0.2984736982257752,1.0706181321480068,1.157757856316008,0.6925577539266989,0.3213240176953621,2
0.25063114330456043,0.33530954259723456,0.524381110034842,0.21674740460863104,0.6043436375865654,0.8805360204477131,0.15863063668038418,0.8451501522578823,0.6996506994905611,0.8233404041908894,3
0.3122365797406544,0.33035471754637585,0.2643619755442953,0.7573953325983519,0.472506630615699,0.009628806988801402,0.9007911152074705,0.4389839290237543,0.08195380681891742,0.2898457243111688,1
0.3321115035823819,1.0193420373206308,0.2647486027739749,0.4133595670083975,1.0860663115216582,0.5389293055716384,0.6446651112683439,0.8164991066377899,0.7825167416211782,0.6265548728696071,1
0.33413867595452335,0.26045597530875836,0.27654908648963944,0.7803548367577691,0.5416431100042437,0.036947708487403336,0.7960984253468852,0.5222356343518721,0.12754378721955678,0.3209035020805141,1
1.0491114381141187,0.6155650619936406,0.15668338581918392,1.0934816572589323,0.8898343360590695,0.8353459135467808,0.8576912127349237,0.6628815328479151,0.5237984467975444,0.5184149406215782,3
0.3287632455262544,0.945115520744099,0.6190490371844385,0.266085127568844,0.730817429691428,0.016768018688169413,0.14568181004921432,0.7892232012490191,0.20239580182022526,0.7586320276233174,0
0.07342028719552307,0.10754846698712187,0.8957575021183767,0.8356083370189832,0.8086097592395916,0.023327553840943004,0.7241332797108453,0.6109544020061137,0.3507031795129464,0.23935625816018277,1
0.3416144764611494,0.2973902013885501,0.32616484443746413,0.8705587873693519,0.3004045840119938,0.3063380158117151,0.04978011007838026,0.20139949496134685,0.8443039060425742,0.9024571288697605,1
-0.08423144623187315,0.05345802949923334,0.1734624907356024,0.13407108656483627,0.5954099494837825,0.777729721098338,-0.17898431266763198,0.0011343498640574434,0.1289852021550986,0.07593737115152782,3
0.35611322009291546,0.5723061352016052,0.30844740547646365,0.31010553916171174,0.8999042777613082,0.8140697465167052,0.8992647392122429,0.7381378857238216,0.9791544971507149,0.6402646584288537,1
0.0459160884129651,0.3552878126242563,0.06625632382317251,-0.11329058525425445,0.7875115715967183,0.3380635401044585,0.40534747277852,0.8081228756988649,-0.0656985091142219,0.4595612576170485,1
0.86202220504852,0.9689948369255662,1.5066535820352696,0.1186277047754547,1.727458738060066,1.0634058447769466,0.2923601113868231,1.3698639991763046,0.6619277301312578,0.665506028927001,2
0.3686152718357089,0.2870914562443328,0.3370875772881863,0.8634189860929371,0.31227965280062814,0.29004115026027155,0.03312563228090719,0.18273886159746264,0.8554959346960478,0.8829292724085989,1
0.5518360287466804,0.6275055295466014,0.16720417410249544,0.6508735398826474,0.5513845149127493,1.0263501813441385,0.6154943215805759,0.35175948935952867,0.7470987617498688,0.12339551238096658,3
0.5838211094054705,0.7808319374282403,0.6375728234939962,0.8449274301009195,0.24127386350317595,0.3107119909102606,0.11854211682996701,0.43545941054681925,0.6506933250687355,0.03220919489266903,0
0.2180336779934446,0.6771800929487548,0.14547381860353853,0.6754479530851776,0.8184626501159775,0.6777492301222479,0.7902396998559569,0.3047992301022746,0.688927305475713,0.5010169499272432,1
0.1403754161120117,0.2298781069864996,0.18560787176619672,0.07605563451656794,0.7891244386786367,0.4867211920321141,0.2465093413014505,0.7425483965367902,0.03827292392718468,0.45499624640834474,1
0.5835910433918681,0.9004593261255205,0.17629181166579944,0.15794873070266696,1.0044248638299313,0.5280761365719658,0.43180535281316745,0.9840869011021883,0.7884734489153824,0.7747237849161805,1
0.3149520480919063,0.3047578840553197,0.07373119643609766,0.5695001467632498,0.23730016989966812,0.5029390301160772,0.5431484036413733,0.6678826570239933,0.4300378418220946,0.24112590544855728,2
0.17999567766338814,0.32672633845760374,0.3593794985427067,0.7747955627797014,0.5264641443348358,-0.06859259388228661,1.0353293413903286,0.4855532072394569,0.0492999973458181,0.3386282621944359,1
1.1420488025706836,-0.027204168764010578,0.897392752903679,0.7899861024574547,1.8626305841232154,-0.666430223290882,0.5563773027663181,1.4728915539403635,0.4679043046454537,0.7238582623843975,1
0.3403795545863836,0.2970230307528415,0.33079749605874514,0.8741778307536673,0.30300556378889687,0.30790458828447137,0.04959565620124014,0.20162323791877412,0.8461356474604506,0.8994897102622542,1
0.31582032747725286,1.2231549366051173,0.244781042250521,0.1636951717260554,0.48419895942783087,0.2267142751783178,0.054365553035709474,0.882513447347248,-0.1697186328921731,0.69819167332238,0
0.9483941983943436,0.6625394851813691,0.3024729631180926,0.9385387221249628,0.9722652512700237,0.8986173359678649,0.8490262116871061,0.6422305757826188,0.647566183128969,0.550788163189364,3
0.5067085711813698,-0.01954278068650342,0.8615186220545605,0.7089358964147544,0.21399871915207402,0.6904027167954662,0.029669630158903143,0.1947950124947523,-0.04881721475403056,-0.1139186527840389,0
0.32616374667639253,0.39488820959263665,0.22250983907956465,0.6352223759566125,0.6096147980467379,0.8502816157750724,0.2769285008634344,0.1007132341539988,0.4849897576333989,0.4357974117128151,1
0.3297280130015566,0.3145501617557844,0.3318003026454399,0.878818033372642,0.29389125271813293,0.3108344290313769,0.04581006327643112,0.20585427557979102,0.8616686767479386,0.8894906791494551,1
0.45165854689926127,0.472989115627639,0.12881446256085158,0.22755883345084554,0.6829298060076513,0.700811774285707,0.2138323139333412,0.9218327562009204,-0.22400182641352473,0.5362414016624142,1
0.6210224491717284,0.808626636467893,0.5375100626868901,0.9748402172602365,0.3992638737213239,0.9281492401481982,0.7926294619836236,0.4817956649094654,0.5864378271972308,0.40485395818339004,3
0.32643791147023293,0.7343459790117994,0.4719005246915265,0.890182637000142,1.0472434520512617,0.4791995827395809,1.158862264001167,-0.01619737522172638,-0.148434749341259,-0.002519658694213389,1
0.6459969653039926,0.4196825722956124,0.8865908535108742,0.5690367422168516,0.8511977844210096,0.46198350923809134,0.10258649535662598,0.8646345244540454,0.9236742685742916,0.5196774185805884,0
0.8708235740563847,-0.05029882004385433,1.0273933524494256,0.6289196894502351,0.9579023543465057,0.2129713626953417,0.6502547299745662,0.8144161759534206,0.6218959644506179,0.6052059635673198,0
0.5234204208099483,0.6386664581049037,0.7377787057913202,0.7938573828439417,0.20464353117494008,0.27857414420116455,0.18720837520524677,0.48890106234327296,0.9933817596899155,0.802235909592856,3
0.3085925388060982,1.1894008700050167,0.6757042801489415,0.7060182282960864,0.41038346015103067,0.8885608433913473,0.8799045436785797,-0.17078433279356464,0.7592453129228819,0.5326082397682157,1
0.25186562341397883,0.2444226916211511,0.0898443816647708,0.06352489511323656,0.8481352888082481,0.41164764587596203,0.19930027574561715,0.7516238601855354,-0.03511971889573308,0.40657225577956657,1
0.14733802500575494,0.341957109529741,0.7684749441490162,0.02853615547448425,0.7573138284931777,0.42345118280084426,-0.04048129378997145,0.5831018190548026,0.5707492208177452,0.05623282372300642,1
0.5637143672982057,0.9373722546437859,0.3841791497451822,0.7484408820035904,0.9811212980078482,0.5376722531198735,0.9307515082516575,-0.0018455728781402777,0.03482810128994824,0.18582264785089217,1
0.3531295873505641,0.9449878580983715,0.34104221052512673,0.2443446591614334,0.9419006035242209,0.5020072600571107,1.016194530300171,0.7239924151374464,0.17203843000542504,0.5238736226303559,0
0.058027840633645036,0.9120197117423333,0.31812763377659004,0.6862596140147518,0.6703606714038933,0.7903187093709771,0.6111937734164797,0.17147605891093237,0.6940961089685356,0.38697676655144075,1
0.43675754315631465,0.7812258380571077,0.48239696783190106,0.2657810810947691,0.6612147814077081,0.1912618806201606,0.0034829000061500914,0.7681116255355379,0.11220417333809463,0.7011604654937984,0
0.6617732500208348,0.7248574111255256,0.6161397633056741,0.31085283245434764,0.8480265046605708,0.8925563322347135,0.5170163153558954,0.26445395211251793,0.2594153350097417,0.32895870492862206,3
0.5742783088045997,-0.11130015795208342,0.5081672940927827,0.76013839157687,0.6528099966558871,0.5777677260392021,0.1573776855526629,0.5712534532117957,0.4751353070251418,0.6311489109893373,0
0.2899460205083859,0.7365702378037163,0.5500322819000674,0.6707225466684065,0.5897955355876682,0.9320961524293783,0.37019767038853035,0.7226975203644762,1.1451103514959498,0.5209643498124548,1
0.3761996237751783,0.8475186694205965,0.5395052089333288,0.2607306591203139,0.7622562150348469,0.07436687496380631,0.15843094538244495,0.753074565439201,0.20860014143978667,0.7876612139243472,0
0.5954791636811042,0.42247789589097484,0.1656251262804224,0.36113033030866026,0.3760250598102233,0.7461241797196154,0.8113911434918967,0.24944395063411104,0.8275756116042701,0.2230584065644354,3
-0.12877110084143087,0.050468913088549394,0.6921136709473048,0.596182708696011,0.5451719512465956,0.2798842532785836,0.6242891750034915,0.32214928119131137,0.2925911524573368,-0.011991136341167108,1
0.23343201219151627,0.23996324628478535,0.08779305636031016,0.013747465633937594,0.7434094332514495,0.39321630169245714,0.3388312958532732,0.8051508701732385,0.029215678048192965,0.5287198748704975,1
0.6059603707252489,0.41787915589833863,0.15933291864369362,0.3520499347487237,0.3491907969739041,0.7291389683621375,0.8044028344086805,0.2609566572880758,0.8349976071220825,0.22501995647775558,3
0.36539887676949045,0.6891815532214696,0.8790448594594024,0.10974627171604989,0.7216326989089831,0.5740916330250736,0.26344910645516173,0.5014427032272502,0.14537914576114996,0.5324180846808477,1
-0.0602672711996452,0.7693348634391112,0.2901588057076686,0.2038197355309728,0.7514815214136673,0.5601392687941613,-0.10868005299807759,0.5357822521384847,0.893613995762796,1.2472483004666817,3
0.36256430772235837,0.8553929043031635,0.5700699143627211,0.2833835757077013,0.7229875799878236,0.019698534192932667,0.08963078443404757,0.781702921910137,0.16258399682295294,0.7949864009981594,0
0.1849310731175873,1.1162384450358223,0.6697638340198664,0.5337586119042437,0.768242158410673,0.389339148475471,1.0001133033480758,0.9267125477861735,0.5492465038717844,0.23508632514737826,0
0.9259001053012188,0.5918030847469002,0.2871189219475719,1.0161855805823903,0.9364605881554866,0.9631199391166173,0.8380168493977765,0.7286862838662825,0.5782300386002189,0.5777088345631494,3
0.5310475251882065,1.0255050507949666,0.5143689774732192,0.871529181791944,-0.07370914231801087,0.695986350513322,0.7688476196132178,1.034916638876421,0.9644720688000554,0.36886935419263056,3
0.12815822978039554,0.07826375292327298,0.2716980303357698,0.2241667509745835,0.8129050079043089,0.569150455843465,0.19679997261760176,0.09607461291068212,0.3411861473189546,0.364886451353853,3
0.5920954898825985,0.4482673000491263,0.165661987297696,0.3532572695773961,0.3778134894749431,0.7614250043377149,0.7920324376546473,0.25063989886941135,0.8291340166750283,0.2513886079999383,3
0.2609030976199349,0.5858546705872459,0.3115666533212139,0.04358004239726139,0.3323003572562881,0.6890680323384032,0.3470319557227231,0.3545380831929573,0.5155347516690095,0.5434063721567604,2
0.3864626262798822,0.5359481226502609,0.059547187209527896,0.8942083245548239,0.40450450063242477,0.04676954207796762,0.7143561100084896,0.19066835887000447,0.02084774586099135,0.10484601556848724,1
0.35136949733380196,0.30573929105701547,0.34749614526415834,0.8965550521602483,0.3237032761477697,0.30653732476130185,0.041584416814908,0.1772349540982145,0.8205846223913973,0.927625988511126,1
0.21636989785194619,0.22711268415858799,0.1821196819786801,-0.005958121711425762,0.8289056587634617,0.48573893573245197,0.24083127365219423,0.8017276635346422,0.03156840009925325,0.4861656850731982,1
0.4534919735418814,0.11465704161417908,0.036668010896722114,0.7099992176909419,0.6619469705710423,0.1981376280678483,0.9959844801608687,0.3934541432918532,-0.16740956635215715,0.287397011756533,1
0.1699496561793247,0.20619052418616265,0.3384635103814583,0.32805940938448164,0.481937858465293,0.6396711920603652,0.25193093524349003,0.7562786306070708,0.7490407220810655,0.31944174791900215,2
0.1155149477270512,0.5587084506961181,0.18589968561481351,0.7440932189475397,0.23433486308480656,0.5034360121034172,0.11761302349102247,0.3495362439160007,0.8866457005558914,0.6177276951720186,0
0.28206488551274644,0.3830748127244324,0.2518279819479531,0.6073922334139225,0.5776003657887552,0.8638807627254211,0.2468205911561148,0.08872012877867788,0.5226008057114404,0.45409972401126025,1
0.24477829369834397,0.3475814418075985,0.29778659293237686,0.7487094289600864,0.3717832019629692,0.001412830090726562,0.8874062609809356,0.3300835882985946,-0.004337441767587914,0.30286147572757216,1
0.5810777725345553,0.43025445719127414,0.1626229699907689,0.3689251296265838,0.35977169998955116,0.7359683858419495,0.8013638519545538,0.23637068542270562,0.8210962596150246,0.23548096488469591,3
0.18824345133790749,0.17089149124129782,0.18869785498988056,-0.0157889673979821,0.9214493490486673,0.5044009273762842,0.33157494308589863,0.7791671277694627,0.04031118954985095,0.5038294589487367,1
0.29087233547023295,0.8258223968352246,-0.055344498455878965,0.3515238790889518,1.1656263089175587,-0.03482179969971544,1.0289434963368032,1.0958031407655677,-0.21643471266444836,0.8034804924155404,0
0.7551239716383615,1.2531661846851196,0.7643684701701254,0.29853871231647355,0.27933409271611953,0.44385437342427175,1.001693872335492,0.27419563863143476,-0.17092709019049585,0.6640286512184943,1
0.13793644668090188,0.1642197392920603,0.8960920659535941,0.6696926040785915,0.7596089564371769,0.17184157677713463,0.9001057643496357,0.7139813325595207,0.34243313374459694,0.10414553524866674,1
0.01996453828953801,0.2561892248196629,0.4135693602023159,0.4434625832115885,0.6278158252887689,0.9455318942849718,0.26777127129498995,0.7633262699169262,0.9875024008812042,1.0043212103236105,3
0.71311754230187,0.5107043513115068,0.9599297271638623,0.5248588574899065,0.8806654144608869,0.515678060547421,0.1374182183501292,0.9687569049648137,0.8744921741786922,0.433938843791694,0
0.07321720051702685,0.3856609061650649,0.2909704229567661,-0.1833047173579278,0.9737570374361382,0.6025682647746426,0.12416867092101239,0.7282819387979153,0.19582670881715575,0.6568660750376069,1
0.29119186464550517,0.34125301159569776,0.06445994098694799,-0.13032802421343373,0.2198975258927428,0.5448634183543621,0.3610723970587403,0.8564661814376312,0.31746398295148265,0.5211908387777808,0
0.448224440668347,1.0227975698288885,0.17851396212988818,0.16362035354163534,0.8590126120555531,0.6650809228694576,0.4929110261673834,0.7937320093924151,0.7576860566942547,0.7729627012488652,1
-0.011747040150280812,0.04567070398664383,0.6663580279894857,0.9020133887905931,0.8173129201667657,0.3107247453769663,0.387015035338927,0.19025736233198973,0.6096857751536154,0.6192749048461694,1
0.9299344012912241,0.6466717256653598,0.2636582967626604,0.9757013882454582,0.9890756428109955,0.9018723217034463,0.8248667222237993,0.6719098294872351,0.6367990145285417,0.5528729775144329,3
0.5192537495831661,0.8722165956943728,0.39521900724189973,0.7045431878104738,0.992358709907291,0.5833047692889511,0.9163905700199012,0.016173044793310727,-3.9473388509563e-05,0.19122824073509542,1
0.06080440782536092,0.39043208200901797,0.4164286440471547,0.4782789603258565,0.7542190336695267,0.7265231661526108,0.22739269648117516,0.861603801193187,0.4699778049817008,0.5968359970026496,2
0.21911275830986798,0.41619521794665626,0.2021970870946369,0.6376473244946101,0.5986050855190942,0.9012865645237192,0.1468801953887301,0.13410563067543796,0.44051049801333797,0.500538401919932,1
0.20297251923044568,0.15944464613628906,0.3366931684693194,1.1672125742243546,0.628645093544898,0.7088997189882706,0.8957276910011691,1.1384559429350356,0.23316964392752185,0.7476970660223103,2
0.6700386424091547,0.500312665514236,0.9417151983615792,0.23353611513011238,0.8895945521242653,0.8676034687105504,1.227877648020672,0.3532678643022529,0.5467165448859672,0.873516405269243,1
0.6958700387718605,0.791697950501953,0.29851840241556904,0.9227016925809235,0.6886510944973286,1.08779457104604,0.5007979728724163,0.13291533966031457,0.7340711910353256,0.04539998613192103,3
-0.2932656970639925,0.7674423167181377,0.061186157288116494,0.46362126626308187,0.3613627090252928,1.2153484701374593,0.09601768979815345,-0.1635997557225477,1.0614707560405683,0.3714112097329497,2
0.2911531359053618,0.7390334415159947,1.1324641841297403,0.17320895971047712,0.5853238235968636,0.33650582237159266,-0.08664666553313924,0.45487014803586456,0.31847996445024895,0.4369017792024927,1
-0.16120076367180325,0.8060382233492168,0.5663369052979731,0.570197831247321,1.0254331721259005,0.7037199230974576,0.2104250180758786,-0.07065654395759291,0.8230017698948136,0.34040667004302627,1
0.25894934204673276,0.6431579984674453,-0.01674226496463592,0.07809946225486365,0.5262173585455908,0.7714796123048443,0.04457052002262914,0.541462405053287,0.4935073469215938,0.535488832326014,2
0.7958954735833971,0.7964571220872105,0.4221999125289015,0.09916426407109027,0.28384548062881065,0.3815972108721978,0.44724852563720047,0.09086442577800742,0.538839452593412,0.22512745110934904,2
0.11070002855593035,0.06460612535452215,0.39056710875539,0.3532541266297059,0.4152763278684908,0.6727266721414431,0.21409286829368812,0.7927307552648758,0.7487055416616718,0.2628921025926669,2
0.26593617834719574,0.3576672328659167,0.580506704089256,0.3863611720910355,0.17324059716366108,0.7306644816163066,0.4938771624300085,0.5230330260080265,0.675649315180979,0.9879078765559833,2
0.5878233426616452,0.2787100327956687,0.6796964301990756,0.23872640820053706,1.3212152589516535,0.2536977543399309,0.4292503906350248,0.29576258886130324,0.2965678715391733,0.15239984259510883,1
0.1820280248466319,0.0599104298424768,0.7836954393083058,0.9028835297503583,0.8201973314781866,0.1535101975049626,0.5910169937362802,0.46692963914962354,0.481417423352134,0.12037134857994647,1
0.21270010280660873,0.5240293557494959,0.3606835366110003,0.730242433905864,0.7804330070716283,1.0408827730597359,0.7180156904901499,-0.02397690218390186,0.9999577174702055,0.15515093189610632,3
0.5548423356777245,1.1583134632453167,0.2799108794383711,0.1446197263868491,0.7937919652370086,0.4003631957227979,0.6273948452674092,0.961097900604599,0.9319483037118873,0.5531465718099051,1
1.0107101367689555,0.644246082325189,0.6504258597768394,-0.06785638992598764,0.7173418341388098,0.4253130162176971,1.032509797470924,0.7612377707993024,0.3982461472567878,0.6997314135668324,1
-0.040019511981082605,-0.04415908747061559,0.6176375581754748,0.928348251341469,0.707570934949482,0.41736561579739756,0.3995298376163246,0.21424938384258038,0.6832334297523718,0.6668415851802695,1
0.6101722849883938,0.6797165420701514,0.091188633972077,0.7155990009334318,0.6368312181855738,0.8824678329330964,0.7949839247003867,0.48532131700709125,0.8661485010826206,0.16459385339212457,3
0.14455999467252845,0.11208386454203549,0.2396758191495951,-0.011893021944614265,1.0025854529014828,0.4231745072288849,0.24752309252112983,0.9587478674538605,0.0007872733750821509,0.6227656694580331,1
0.15583964225100225,0.6975454842988839,0.2594530285443012,0.2184305356219515,0.21588107840812498,0.6700718243001317,0.34536649755609056,0.3569688661042675,0.5229647144252741,0.5221604535186397,2
0.38861592862134886,0.4611697367066805,0.29551938888423934,0.5845554124271178,0.8496431103388503,-0.3671143875816495,0.7178148901081366,0.5823396874600443,0.36784782924616033,-0.053310009383571666,1
0.6329370092954844,0.8124688303800304,0.5657329583023801,0.24431748906504497,0.8282125310820947,0.8354570779899737,0.607230450231754,0.34522406919656384,0.28422188141226024,0.3638886750693008,3
0.4301423389704913,0.961678007485374,0.21446002591351343,0.24469749418154615,0.9960758250983205,0.6253316367519101,0.6046621306948078,0.7276723022575784,0.8091847910473344,0.7757613177740699,1
0.48066317359440763,0.007085782706120043,0.3533765269431185,1.032712283860595,0.5653058104449602,0.8146653789453642,0.5013346486664554,1.090613746188137,-0.04296832951878618,0.46927987043798175,2
0.1937458618955198,0.5184117373040237,0.20217305495947405,0.7115318583822396,0.3056942786689928,0.610862810967189,0.11802937231915579,0.33955751916450355,0.9845119370561705,0.6952295634203962,0
0.6037313367064705,0.7889240949495528,0.565092242865188,0.2944026884404822,0.7789137518910831,0.8604496527783131,0.5629524744845156,0.28683364883641915,0.2736154050947077,0.39664362786821356,3
0.3072304325452544,0.25251435699880276,0.38080560828560706,0.39058424658454677,0.31265462914851727,0.6925997453306968,0.36030589714422145,0.683735559987842,0.8360064735170081,0.40535600458338095,2
0.2062243985441203,0.7950200029688174,0.38292756393119803,0.18903165304711111,0.8385973170507813,0.5289302302014298,0.8518848285838152,0.53061099493724,0.1885640598264113,0.6174253403836233,0
0.5022893512330585,0.15284577339611255,0.8618475077961087,0.15395511825083655,0.0876757062995775,0.08852798817039305,0.638740998935988,0.6456722023460822,0.28535492197964196,0.8023199010712223,2
0.020028710928555876,0.8252294836753081,0.19179158248178105,-0.019525164343249107,0.780157016411376,0.3213880815051047,0.7597910328528708,0.3391587984752291,0.18916406375951003,0.7682654945847543,0
0.5560753039001385,0.43276872536820504,0.060718229846646626,0.5466712343799836,0.3498143181670443,0.8854676208433787,0.6940663865866161,0.13031735764407898,0.8215630661030541,0.5633781677423895,2
0.27767531379546817,0.3398998213699015,0.23410545887281642,0.04086232732173112,0.8943420152629906,0.5643402574561522,0.3065196012038501,0.7903487137033385,-0.0017196486776064543,0.48213848040268564,1
0.09698916369258112,0.3407133230062402,0.9503031503289556,0.020798154406892776,0.6361085557399853,0.34010466099629255,0.21925166666844093,0.45376973703087053,0.3353941687812698,0.9230992102664556,2
0.20112715656563215,0.6071889866373679,1.0610061150695325,-0.09306507199415426,0.8300562600023519,0.27480933362709925,0.24793608832827377,0.4471880376513572,0.31705829990691514,0.23630374862173847,1
0.19503132319281363,0.16671013297141005,0.2619088559920636,0.2869751006849016,0.422183316052185,0.5517990854504629,0.2831272122896307,0.7699474288384098,0.781322401784238,0.283226135943215,2
0.16057867858060418,0.41732883517743236,0.43061803475532706,0.28153776769250666,0.49114229705352813,0.9703579714797586,0.23515692019157325,0.8097807672356759,0.8210213791546551,0.8100749775087611,3
0.6683864492734721,0.10309028310142306,0.7309170563699238,0.7759555715339065,0.7266593345064926,0.6975812936110058,0.4552293047984173,0.3187748424147828,0.8679359785242309,0.9618676869155358,0
0.14464207124081974,0.3057490710335964,0.32842146429841057,0.26776239807066116,0.3912322954444771,0.5373176338006018,0.34255513929764336,0.7415113135916079,0.8951132930319754,0.2267557683778414,2
0.1319623519875927,0.5120895707336162,0.26223049907053353,0.7747828265811318,1.0652547636889216,-0.07428054232663622,0.7641911405724662,-0.0354966837056126,0.22667632706617324,0.9273519817648522,1
0.936033962577155,0.8287953320223787,0.5488085231128366,0.06455693510869076,0.8297962736942938,0.7235598397886318,0.9244978487260066,0.6329190802954933,0.266139863318669,0.8866483982214703,1
0.16669502620029109,0.4015545344884658,0.2737375260382739,0.7142677034936527,0.3314935709885066,-0.011214500432153916,1.0259674627226418,0.48408926665820334,0.08796038354791007,0.18109681788045784,1
0.1571614620123094,0.6280122792923128,0.7171004991650227,0.25022404291337524,1.1020342655303723,1.0134927668024367,0.7959855825211731,0.4235721580837457,0.6883927089362515,0.9958699990693125,1
0.6831664092327012,0.7269178364222912,0.9316501120629723,0.765393439942225,0.09320306129771858,1.001264219411818,0.4552083323155822,0.8008465872402258,0.9234945095216449,0.4097959603503554,3
0.266372126859704,0.04139145608769426,0.3379562051578049,0.17161816239207306,0.4024867098155792,0.0868999785830723,0.5014757426037084,0.3404781648914758,0.4972721293034128,0.4776695284617073,0
0.2433453947968947,0.8094511159342342,0.3819940465670855,0.29431759895119575,1.1090013940000918,0.43417573703650136,1.0903241022112167,-0.08062099945564304,-0.09032218459029107,0.2829894547078012,1
0.5396055726355617,0.9718499913327125,0.5783081070087011,0.9414510709808479,0.22980790329358255,0.1639137213804415,0.24030983497464323,0.35323961010490434,0.9331056221074002,0.8295771738153264,3
0.47084475995001773,0.0022447441305360714,0.4951928388782008,0.10617681194283797,0.2967622619950634,0.8247209297395722,0.8797522291568964,0.027098769798905423,0.5809897919125623,0.9302244285431888,2
0.20607012389895615,0.3828016859027555,0.4494448452063108,0.22438191392325718,0.5522525515234724,0.974797304799764,0.24481065643059352,0.780939296411142,0.7779142133367412,0.767991982518591,3
0.8600612466495322,0.8492887367940389,0.7627908776747406,0.6120486055723479,0.865777661391967,0.028373774653134506,0.4940028933154368,0.6719309450558726,0.8594682534563044,0.7002103695641262,2
0.5663401387350986,0.4431767930847044,0.17139479434616495,0.3658099158525169,0.35799553983476196,0.7352427399815803,0.7872455233664895,0.23429810167794224,0.8274977397611114,0.24483399214421162,3
0.07970359608653575,0.1372106233767459,0.8471734558872646,0.8250367757613352,0.8308100368467437,0.013492539262331406,0.7092665662083357,0.6125168803312957,0.3883713769192467,0.2341159563108513,1
0.667320087981339,0.4722968776052647,0.9782269661950271,0.5598723244598744,0.8277733107739988,0.5332759709425624,0.11921794786007373,0.9712923824665262,0.8467756399191785,0.44852793449564543,0
0.4738272629182947,0.9854439410977585,0.28062504433887636,0.5667662055049334,1.0194193495950066,0.417199328376307,1.040890841550976,-0.08629145702693944,0.04673437583421181,0.2854759860473605,1
0.5921547822159563,0.5592441357266524,0.1581105987835283,0.728437892723928,0.5855916387132855,0.9401596046711689,0.7233183033140187,0.24425433580616837,0.6582930896331879,0.16843923158624963,3
0.6020706519261251,0.77731484066192,0.5784870078644921,0.279131828001241,0.7886896623341865,0.895286922789975,0.5337567865334891,0.27793908043340976,0.2748905297552418,0.369208095661097,3
0.43757280921979197,0.7903045121274295,0.7346032695382512,1.0964018521580974,0.2131358086249304,-0.10349457287040531,-0.011807538789472355,0.32136142572943394,0.6836378515646029,0.7051665873316966,3
-0.09546174824600304,0.03678379327817263,0.872701640330878,0.5078901463965202,0.7170588637435398,0.16982633374496034,0.32502005860678407,0.28915790467618696,0.3565041729010418,0.5720741949320708,1
0.40060570285895775,0.608550259490699,0.9376709201481322,0.046263362728704745,0.7948895240047544,0.49510445840222994,0.12362261500729967,0.5170867176210264,0.21948187782299636,0.4001947563127912,1
0.3902292619356917,0.6124132042483822,0.9299301516783758,0.05698904131711561,0.7811070213896134,0.5064453445686163,0.11663463082346315,0.5020993786007627,0.24922102720033695,0.3802961236598896,1
0.2335897669905253,0.4982559176196372,0.1391443997929655,0.6559687303570292,0.33572730840054044,0.635830910169011,0.1896634309164007,0.2579290271470478,0.9923982353508295,0.6636609415392661,0
0.48298216719659925,-0.0324584735268052,0.4385527506839854,0.10813668773374166,0.33311491976831314,0.8103151377684253,0.9523110544629682,0.020851954545446832,0.517352423416391,0.9744415711761854,2
0.9240622257076189,0.6186404762154752,0.28132768143917136,1.0019383060403533,1.0137699180827267,0.9180656990967261,0.8010038921666982,0.6812910389050298,0.6286622115046975,0.5646105019936564,3
0.3258968424386491,0.3225487776175308,0.07504106915342575,0.5831831252900159,0.22422967041950456,0.5274165720141347,0.5200272390567232,0.6552597605527724,0.4475006436233659,0.2381013834124724,2
-0.26585346871747706,0.34796539321341047,-0.018977155163222847,0.6700173003229951,-0.7348416421623785,1.2209656637406041,1.1772969782435965,1.2085011418908445,5.375753134950756e-05,-0.2607035439620906,2
0.846027046466989,0.6814082874781201,0.7472395745756848,-0.10495488325091606,0.9783090128250966,0.3157863803737934,0.0720126996047627,-0.048136958177165345,0.7255060232916755,0.6308845186064316,3
0.2610089419170819,-0.04434873742743717,0.9937447769154948,0.9084733893333654,1.0207309234652864,0.21153523941400312,0.5295100659843115,0.7912930408009369,0.12788507606056998,0.39867465380075306,1
0.19506904988431298,0.3749693354576887,0.49141215495757484,0.24523304678584684,0.4876336280446349,0.9194297007988964,0.15233519124496847,0.894777154783443,0.7611509863243219,0.8200497512618315,3
0.11442575285656408,0.5147944688345776,0.3195406670497525,0.8612765622084703,0.3383167793034865,0.6360143647424481,-0.09386154463432822,0.3082096177343702,0.9489871144963226,0.9068816174900612,0
0.3485033201674165,0.3043875638213477,0.3337055417076108,0.8633964711464214,0.2950621530631638,0.305647791627522,0.05386549475469673,0.20431486508514562,0.8357620917030729,0.9103615947793633,1
0.3517920502170013,0.2785179835815124,0.3228604981877787,0.8586597750491765,0.29813064515800763,0.28844565611654394,0.04075048182386176,0.21343857143498682,0.8456388703314848,0.8811577483523232,1
0.4765182111730713,0.21585468768172694,0.10426991246777756,0.12947247003951984,0.3715130193749268,0.14890406149476615,0.2389326304818777,0.046548005434352585,0.7357450910409509,0.5511282142736922,0
0.3797377834863609,0.7535665031580382,1.0881659605419605,-0.19243703137513543,0.5513018900195895,0.3227443422443177,-0.11227054526761687,0.3741990275081528,0.04985360608375364,0.4015613354433514,1
0.630532487610814,0.4277099356088896,-0.6507346456395209,-0.09405777645761645,0.361989843552418,1.0736200658232544,-0.4118897073738482,0.5336446589698846,-0.17474482280168202,0.22038829335680898,2
0.5953576119672164,0.7797028871911758,0.5682574926558406,0.286533710291454,0.7794048361437582,0.8550893020997155,0.5540830847360744,0.2966795942987329,0.2506797980421401,0.38530699140587826,3
-0.19937079800191676,-0.150433120739549,0.3080220661873978,0.6430043120920453,0.33161693786111557,0.40553702462466457,0.4368978744295293,0.5086853954074492,-0.43092547048917595,0.7247251566644627,1
0.23797788393367475,0.36391585367757867,0.2673407900668185,0.6535669497406262,0.6086293846711212,0.8572429011810826,0.22661173493860792,0.12850072870199308,0.50010912465485,0.4200570286944523,1
0.23142392958862887,-0.20901679807796963,0.3059294946876106,-0.03131408181781639,0.5316138700149498,0.9853805197628901,0.6662172447233677,0.06860595334637055,0.6189699784431152,1.085101007686715,2
0.63936262996107,0.1542078317890448,-0.05525731047834895,0.4786541878097575,0.42339626655513435,0.2749840971595848,0.06812780678992916,0.6160758000490777,0.15770530917950978,0.2048311411510901,3
0.3470644939035591,0.3204611541074086,0.3200882983243909,0.8691117957439277,0.299154439971637,0.28975758811805774,0.07050250692013499,0.2252590327964991,0.8409909347069093,0.9216479878261359,1
0.3748764965535893,0.8714947271801472,0.5768063573650324,0.26646603930123824,0.7356063274853575,0.047959078138335366,0.08371621666735325,0.7677519078013474,0.19356472923890322,0.7948148694810703,0
0.008336181736358798,0.2613432551186688,0.4792490986878051,0.05015802727787398,0.7398277633208012,0.5014754815751923,0.21754727546629676,0.06619779736631251,0.21146645871431255,0.4695444891293171,3
0.954541505675478,0.6356581806834058,0.25431033318546153,0.995355994789996,0.9677678575960069,0.8874442142672467,0.8258744785120307,0.6963779691326348,0.6602364816105009,0.5359899512299877,3
-0.01114153921700431,0.8492355292558963,0.39006272140974646,0.7348373176994785,0.7083332079016403,0.8877913781554255,0.6306449433001955,0.11031552218669533,0.6776286560105076,0.5000543060259739,1
0.6383227382187904,-0.035416698828956206,0.8690649908404708,0.6486516081903881,0.6755878130912547,0.8668346910850624,0.2666901857509534,0.9225918465941199,0.4512531079208917,0.685778210725521,0
0.3354913976738061,0.479339634457395,0.25915135176614174,0.8090797151900094,0.30842828270149447,0.7704855462133325,-0.03547123417221085,0.4233303431974986,0.9560691679903537,0.5596466183748038,0
0.6344003588310921,0.7055261521557751,0.36333237811908237,0.7821534280644117,0.1478737404855868,0.45447307946038923,0.7910570753564823,0.8363497371957157,0.7666692874785799,0.38010228535848156,3
0.9450381742027409,0.9630939883388704,0.4481848770493585,0.1014911783347194,0.6648878303823982,0.7221882991033233,0.8960820574869748,0.6356611813727951,0.2435708270290825,1.0393330395374212,1
0.07553976718662304,0.15485513713586124,0.0995348636841712,0.2500505155753357,0.42854033578271805,1.039470483666962,-0.00029247459213391225,1.1164215929822805,0.7304296126062868,0.49413297591970184,3
-0.05354457742560281,0.8854829274905167,0.36200037118420864,0.18549058337180524,0.1038883776537784,0.4392638454615326,0.8382062582695762,0.14761028607270443,0.6137649354637793,0.2999558655192456,2
0.08741295436229557,0.15798071462073043,0.9535726605705788,0.8510251611974314,0.7156909527011059,-0.04243998529396166,0.7509866857891063,0.5122967447765373,0.2784782445037685,0.16290067204390019,1
0.4006629585855633,0.6218521833024381,0.9453699793695345,0.05813878737656999,0.7835362962127933,0.5057872088370513,0.11772775311583072,0.520452944485192,0.24884960489736677,0.371110558008588,1
0.2636872731948259,0.8733797336359532,0.4197987821910558,0.05924045619268842,0.8447533033617357,0.7030433691384048,0.757858130665614,0.5874155488920634,0.19629206014192668,0.6280281643369768,0
0.11197474555465338,0.1580767384208544,0.7560115348160235,0.7343203536658981,0.7914759177127739,-0.024831781389476885,0.8009793858874636,0.6061521486492465,0.4079337538468288,0.1691716307671688,1
0.25839595234785817,0.1934514184012045,0.28441144488687126,0.3789010100753613,0.03528717072518128,0.7659714157204349,-0.13226759256172932,0.2438101578930439,1.2127314383221264,0.9201251470658375,0
0.16565753949503653,0.0804679675978247,0.9173905116563673,0.8847113392016884,0.8014558216668598,-0.033999455609068474,0.8143606730930479,0.6272087647536757,0.3207912348026463,0.173764579138232,1
0.007527205009237203,0.12323871824450151,1.011626005489265,0.5915081110183293,1.0122381131565057,0.42523877000656807,0.6867197839727179,0.977967999535728,0.5683355151766504,-0.10582855434719557,1
0.3285898431703332,0.3514767282016419,0.2525205166091466,0.6420826608537137,0.5304675769988703,0.8946226680792924,0.2095464872631072,0.06900332260428575,0.5006769207437091,0.40382344536391634,1
0.4776129792191831,0.7888816002491544,0.4116791364572655,0.34661571380738176,0.8768892094133874,0.5483527725847523,0.3730127391508577,0.722879628771752,0.7692612877254624,0.7161394085351189,1
0.35101695227056795,0.27991923551601244,0.3488345095604666,0.8740377763247604,0.33526489916367835,0.30985155524732727,0.054110361577668256,0.20753977741487656,0.8458027910225118,0.8884390371361778,1
1.1652624316918188,0.4481230535824938,0.6134651411627805,0.2448072633743431,0.08424279216250113,1.3586978847565172,0.6250544453226441,0.3566391628878265,1.1367402414768253,0.5171308278422988,3
0.7596209538749743,-0.06836230299783874,0.6278605533456467,0.5020753114103265,0.25350373560676825,-0.20279820083169345,0.722283561783131,0.4049437838431512,0.18793118576196585,-0.012516482514175531,1
0.43587594245051026,-0.5925338109403412,1.4219323195927256,0.3813332066097961,-0.11915443269003245,0.5821720863733406,0.571536331578981,0.43114477431133125,-0.5565447237726854,0.13352284471302722,1
0.2647930268748988,0.35687544324922715,0.5791701771874139,0.38739296984997534,0.1722920833906224,0.730792287391451,0.49507482167668404,0.5222638943474096,0.6762290392375565,0.9895903216656685,2
0.9292255200547286,0.6377824840200711,0.2615997360112687,0.9635872970225359,0.9798005280065999,0.9158583934026533,0.825911720516279,0.6802506196355936,0.6306068630404965,0.5627712994742148,3
0.4998915701931997,0.23313729838487604,0.15139652094749126,0.12457552463014826,0.36349056575601346,0.155627036494513,0.18285693946893763,0.015683968669159262,0.7640771387844557,0.5524371581032891,0
0.48934426185908,-0.15912371045650436,0.4550734044506356,0.6451901345573311,1.05887029409333,0.06748533580195068,0.6982028809900203,0.502625659641499,0.30820052931515596,0.22459886197587325,1
0.814434439909622,0.6279389273221802,0.8712549429410774,1.1239355910381799,-0.05535608008020154,1.38426685269362,0.22199799160518122,0.5879611170795122,1.0800475091849275,0.11127621633742935,3
0.30099651088075513,0.302048960927644,0.5646125454561299,1.079211631076006,1.009035040853079,0.733976293794844,0.6137128608094078,0.4453886123789239,0.47086458351159255,0.7300794907568119,0
0.9248651338956522,1.3593642391104124,1.305004397297668,1.035008762801657,0.39234461833596407,0.30553426177855786,-0.3925037897508714,1.0466363206809,0.6242963698872985,1.3981673648037247,3
0.513055753565427,0.02728249759788655,0.4065813027837751,0.9402636664474125,0.5710056492120177,0.9410515371410342,0.6015909365558092,0.9848666704857372,0.08989439601585097,0.5710754234591018,2
0.2406458679240438,0.4464911324876031,0.4564197686195032,0.9313610270783562,0.7037386440790177,0.23798336459985867,0.6054203326824285,0.9220787555789003,0.7142610069934382,0.2820696089917484,1
0.1852922721566218,0.17219012113031854,0.3233435746298535,-0.5952223029529515,-0.14942459677337772,0.3016914620399732,0.7474149345738145,0.1755684794905215,0.8331377047128447,0.0025713108981080257,0
0.33377293790710744,0.3052551662229553,0.3271319420738302,0.8725925372715301,0.3088632795317848,0.313919249593175,0.049522934077575305,0.2083071605491849,0.8473002570894875,0.9027466733933304,1
0.1328255230955283,0.44546144412805416,0.2845283988842508,0.6413103858753846,0.3636332311739896,0.6846068872626125,0.1525707594267012,0.33739731481529606,0.9135382418088561,0.7518887885071184,0
0.10732396387793644,0.17436915199195346,0.6487454851822724,0.9395707993747896,0.8287208376368327,0.20883240951477583,0.37618751095458336,0.08698607119380132,0.7088564180873679,0.7345613954360001,1
1.113966495240601,0.8667635668431763,0.45597603789476693,0.17153028905674333,0.8984913002964362,0.4939964523376519,1.1715892737480997,0.7156846515922856,0.16468301220517895,1.0142640689477957,1
0.03619815712864072,0.1537842699252718,0.3907088809934181,0.19310340827206093,0.7312146092397642,0.5354608947417606,0.1654865424407787,0.030486972041794763,0.2784526354595803,0.4586870587768969,3
0.5821798520876938,0.5727977401485139,0.1270355097450233,0.7021769375148207,0.5927868033768005,0.9990944147030204,0.7200680608455067,0.3016601771441494,0.6941431691891533,0.16255773723798533,3
0.3264590948092956,0.3089514482894235,0.3379995086987942,0.8853454696392556,0.3152644948663059,0.3210760104964674,0.0428000245094878,0.18943509744937445,0.8448903325217312,0.9153693699539506,1
0.138981335985418,0.2178880631403698,0.4442330500544839,-0.04194310947035787,0.6429576694186703,0.6034410413582249,0.15348680727854122,-0.08518401659007879,0.09572883069399364,0.5427454779093396,3
0.2879331756286096,0.310090567579322,0.2734096779592241,0.7946405743943958,0.43712603190287275,0.0192139292965984,0.8987208773375495,0.40826356064676267,0.05905653899933396,0.258487132997566,1
0.2653203778310664,0.3562504448851841,0.5790473649359523,0.3869982235918329,0.172184006777328,0.7311916814317162,0.49459648654322547,0.5227061041613145,0.6764727370180912,0.989561703208276,2
0.3374460024327293,0.29494829778434833,0.33444205908268754,0.8632147034518964,0.29534074333775784,0.3029585007795129,0.057169855221151165,0.1943771593498592,0.8543955287274355,0.9068944654388712,1
0.19097523629447302,0.4779029018833881,0.37775214755369096,0.28207679419386744,0.5150993454482093,0.9427075073530405,0.23779476978726766,0.86283333875699,0.8302702740424995,0.82710003557925,3
0.3582819884530064,0.900503485941964,0.5673533053607996,0.25583317058977967,0.7390239933726763,0.0489932694951961,0.11504045126801082,0.7679224808994859,0.19322328316119053,0.7991350619106123,0
1.1801204284166138,1.2051546029369689,0.4188236931848134,0.9551576341649437,0.2109434283885428,0.7825735028106378,0.13963129925573986,0.8802366045037607,0.2461412345807389,0.4260385682810806,3
0.5787445948664696,0.7083959478415136,0.042164755716340874,0.5737258510793206,0.4415104893368277,0.5141349487764336,0.8950353096104822,0.8922849075147723,0.5383578343039017,0.7047608492061692,1
0.19979373390159977,0.7255912874469396,0.27178592901345233,0.22191601412259757,0.19785113422521722,0.7169413871333244,0.35893677359598236,0.3221374946006911,0.6414955006893448,0.6305105602898817,2
0.33669918963531337,0.36910506029379464,0.18958152757926033,0.7419271826919017,0.48687686309482126,-0.15101407136465,0.8977636156764879,0.3749038598254695,-0.008810838435196158,0.11949146881187356,1
0.39560280122405717,0.8825182791499523,0.3921833304849466,0.3552853428074819,0.9229227855470377,0.6357987441269372,0.4972912488394784,0.7301499295913682,0.6937493487853926,0.8795253456560372,1
0.22937153854522307,0.420689947282642,0.8817286650146907,0.47051338669442005,0.4654808631644498,0.8757618639617987,0.008033774232604894,0.9316901419039059,1.2362844114085487,-0.06923268234819228,0
0.47167131876736246,0.1244251187065292,0.8272698887703126,0.1383036053150185,0.054246622092285306,0.004574109147782779,0.6373139950566257,0.6954201214297295,0.32447313583888315,0.7287680822538851,2
0.7045980328138022,0.6605001887732319,0.4752643308449599,0.22867514543736595,1.1376675601421935,0.9068054181792411,0.697815645989972,0.4590518122633739,-0.049312285771067166,0.9555536799695997,1
0.02416100481031226,0.16535148626394955,0.40552508703276313,0.12485912299992576,0.7705027340052929,0.5498212715466704,0.18182146716029918,0.08484052080779107,0.22549108453216557,0.4205037808166696,3
0.8042335591048183,0.22269718841414063,0.06515082111138559,0.4794195642918236,0.38742804676015574,0.4274181532409851,0.06983431932739889,0.7720101754464227,0.31387724763110325,0.09282379740979718,3
1.1431677187446945,0.20644639409953386,0.7234262391842653,0.3900961483941256,1.1262980838425811,0.7531768627736964,0.20551291777489944,0.8626615907222751,0.7162792579632169,0.5814771383221957,0
0.6778156580367766,0.25210886249383824,0.8404038755252579,0.3933626919063582,0.6221562842680595,0.9490723449071091,1.2547084840416844,-0.48252519431174273,0.6431401512855577,0.7435388018200886,2
0.06716664066604966,0.22930404879357624,0.47762768684788853,0.26125516369607943,0.7349335479797479,0.6184518162189867,0.09499934330698571,0.11971207568727757,0.3566659352412871,0.4863032803370264,3
0.26605991053682887,0.35706601572543445,0.5803550111093362,0.38642850098098325,0.17426899145281904,0.7289799325165514,0.4968557885439213,0.5248205818264617,0.6769050148041997,0.9875450676729084,2
0.35717534625920677,0.2680277342819577,0.32675016248369976,0.8820523535828186,0.3056769920227252,0.28920068512508385,0.035140102532533496,0.2036850079118375,0.870486717713925,0.9313861627929956,1
0.7408804723980996,0.7700753298060007,0.41014288412141825,0.12243671677461766,0.34210646583622734,0.3954915536779146,0.43923303783986406,0.10252449438082052,0.5924403251472158,0.30267330852139046,2
0.26429378933560405,0.3602274808587088,0.5811779354233753,0.38908141885864933,0.16833992095224048,0.7300988664938914,0.4967130971313085,0.5230583555939728,0.6728830967272008,0.9882676197903834,2
0.33242815823182065,0.347237663212385,0.3103154883120531,0.8755449577983482,0.327086163482678,0.3484410536726995,0.08799312806904838,0.24619318501871926,0.8052073672886627,0.9133878301697836,1
0.307502778478726,0.06802461270764046,0.7946854034803567,0.22857472955743202,0.9083762334118358,0.5614786745518673,0.26344550038495024,0.8233588455228396,0.9905562801981558,0.519000826680011,1
0.2795567183611939,0.47974982721742165,0.4398357313838833,0.15472530558574665,0.5875802288015848,0.9345079359151012,0.060214654098043496,0.6739247613238861,0.9830861018482157,0.6864786042410923,3
0.40402648457045104,0.5490672465860998,0.9778006838187306,0.11539773669702988,0.7700830874982227,0.6124125894055483,0.16196945728200784,0.4891891590190595,0.16059217982565563,0.43987834315054863,1
0.9270315046606211,0.6964060959612023,0.6467883531413295,1.2799700539721388,0.3656879751005342,0.1758826682455487,0.9518853802444371,0.6557139745941267,-0.005178120744624315,0.007972788392539204,1
0.4031118356732862,0.07532821345913529,0.23032655500241667,0.8148534689662055,0.4220325560809921,-0.04043433992927143,1.1244527505064636,0.412176338178297,0.30436744189160314,0.04624555761455615,1
0.5472393644026039,0.4530598198389197,0.19763390894547161,0.33464165756161657,0.3504026509764489,0.7395000088730727,0.7598965021603306,0.2193698583986753,0.7905352445908279,0.26781131134375624,3
-0.029214975393382997,0.22322532738150463,0.8496616846932095,0.7966485440879805,0.9175329264130208,0.01494869528770419,0.6691876408393755,0.5040027585008638,0.3833931237117898,0.31268229512739076,1
0.6347220025480518,0.7226869956294922,0.3833650645626644,0.7790824278433367,0.15635806867789118,0.46141010422489037,0.7806207242055079,0.834153016485256,0.780933058795142,0.4018030542619829,3
0.2273101079329573,0.07911563025813462,0.324044605096477,0.37686590597517977,0.30085795901363366,1.2998093158557225,0.44382009710053394,0.9856632155249965,0.7463011304814273,1.1102233185737165,3
0.29417436096130933,0.5330542652459864,0.9317313904411065,0.12281458677531909,0.9053462624894052,0.420595918017448,0.21733459340114075,0.5837227850006845,0.3268603933479504,0.25841926700756734,1
0.49751216263510833,0.7949761396435341,0.6043470511355538,-0.027485273607966626,-0.07036029790796744,1.1133128796050018,0.7373725425452677,0.200859319399374,0.25374035054953004,0.16273340347200038,2
0.49491119017555196,0.47523407171191706,0.22503670362945127,0.5082848292093207,0.6250499581842097,1.0396843294412597,0.5665250339209099,0.3305142066522988,0.6737780610992052,0.3354629142571162,3
0.18909515869264837,0.27522738785149903,0.10118944879165996,0.05420139199357391,0.8171197615439216,0.5427559176881357,0.15866660118421722,0.8995475613163082,0.14085818325630806,0.4311162065465558,1
0.35854305459364977,0.2787137659485255,0.6043260005651216,1.1239107156128043,0.10124718505975688,0.2580558856943246,0.663289097964066,0.3498723210226818,0.17883441678468473,0.579550717038863,1
0.7330881394495972,0.7284574960057084,0.8629076335520431,0.9826594318983773,0.15755061527711595,0.11681935685960426,0.3289014144051169,0.43597668165697157,0.6894187846572486,0.852411737150305,3
0.2111090976125614,-0.01289939461146622,-0.050357524596372216,-0.17308244505782155,0.4376859402616965,-0.032648032986280495,0.07997126939570866,0.6740440552151203,0.4288783463303265,0.48669283234648253,0
0.896110504420333,0.6301769978807256,0.2711470197467853,0.9877745009850433,0.9507977102551215,0.8758269561009523,0.8735368219039958,0.6421137268480446,0.6177630263762712,0.559207507884425,3
0.16755532806417744,0.8325754959079337,0.8165234019267662,-0.032882385359255556,0.7176545474200823,0.48766705241936564,0.36446528487892327,0.6064584093182358,0.4981172150727325,0.3380931090802079,1
0.26807639075582557,0.3580332923435629,0.5786455489254873,0.38890429271381677,0.1705059275778262,0.7284738780084385,0.4950018534572316,0.520917909700643,0.6770689001842883,0.9936385781247808,2
0.2411429229611037,0.5363909304330587,0.12281550212882632,0.0077464595611571735,0.1495009059438733,0.7913355129844433,0.48285769420721303,0.4822188221414699,0.45509805370443757,0.6472495016655263,2
0.25020350800140245,0.3517983758115333,0.208373744422451,0.8182426660994684,0.4482792976348183,0.044557040343811805,0.9529578942048882,0.3625162832861525,0.056978647536546606,0.20315994202955678,1
0.18718761045678828,0.9696382109547275,0.3830283759676881,0.11762777008706082,0.9541231051985024,0.4926606512892405,0.9447959210377844,0.3587179745507443,0.15455959211363912,0.516873389595226,0
0.12331623745948145,0.9547380177502596,0.4526179533953264,0.39948755309402684,0.7310018932856613,-0.12347005595669072,0.30629117020859375,0.7952021141727563,0.34575128527710675,0.5325312507753173,0
0.7485617104648365,0.48160412772984823,1.062998427582471,0.6240096107483907,0.8873129196945729,0.5271541185361917,0.1651893199434914,0.862981558943674,0.8741498378643094,0.42329527228677327,0
0.7332450417514845,0.788114249259836,1.0113373447008602,0.7676291425812501,0.43241789580691364,1.310413850906285,0.41011085545362924,0.7464930209296281,0.8800579944937665,0.0409485780383293,3
0.16976492655857445,0.5806541064093951,0.3167325631737541,0.9269618575834476,0.6241788367692604,0.243846780480606,0.6011739488526749,0.8790026647417204,0.751955739345255,0.31066102427744113,1
0.5108137310134468,0.668343033375616,0.9450532794634813,0.1615917840012096,0.6814664872599365,0.580418765392235,0.15971312029019558,0.36169165138774395,0.27701644874362524,0.37763168829419863,1
0.6182610975484095,0.28377263651792056,0.7692980939513488,0.7367604516457954,0.8497825159372554,0.6884957723113404,0.5516154937427047,0.31187882600653427,0.806598119124116,0.8630920305952858,0
0.7427419257691895,0.18715896588353959,0.6268696920367878,0.25547011128892544,0.9880825235279994,0.8613953511183139,-0.14476461564204224,0.6137687109148388,0.5352607139107826,0.463566423442457,0
0.14505635908677694,0.2703384062943131,0.7748877603223654,0.3694323355128101,0.08752037409797894,-0.2018059213350637,0.5701115626865279,0.5600058895050213,0.4993931030021154,0.7077109685790124,2
0.7319169256903543,0.25884359882506763,0.8466956141984764,0.7247405779275873,0.5644262946533269,1.2072132021699031,-0.31340490324310655,1.5653108301056822,0.9532714631649909,0.23760675015382954,3
0.29812548608727013,0.41733289640856863,0.2175289102780151,0.5953592227070248,0.5930366558375852,0.8638711311193731,0.264605522147137,0.07646094989129973,0.5181919913453549,0.47835421235777453,1
-0.0556506139818807,0.6312504797888839,0.3450785669979755,1.0146432693588139,0.5133016825599048,0.7805269813634431,0.19362808506676732,0.42865747863650683,0.8045167213249355,0.8932258262039217,0
0.2544306999781687,0.5873972889977823,0.3112551267312491,0.6270298536488744,0.3343414758380944,0.5124743378147004,0.1885837583984259,0.438221711882271,1.033579616956627,0.6440442342892442,0
0.9751016773037511,0.6022316232542637,0.2539295114569692,0.9914945183748839,1.0298441514354835,0.8684287194191749,0.8609704564970492,0.7359262812261907,0.5827598239065119,0.5978243665275425,3
0.9172262602358721,0.8149575997253303,0.5702727016746195,-0.03877364615305489,0.8641525790148122,0.7290853450478931,0.9418376377044821,0.7286004858996937,0.17357912544246806,0.9914837337255706,1
0.34617716558664463,0.28537005902101104,0.34098705566985227,0.8781349411814476,0.2823428882049327,0.2896944957925746,0.057961591044749676,0.19582613044377267,0.8422628503487091,0.8937985738717362,1
0.46165318983527825,-0.015889472149797926,0.3333595414442262,0.9421309858821818,0.5450077579163312,0.891171736940551,0.6015098996677652,0.8901172511760858,0.1462636578825122,0.5985597977056144,2
0.2979251633641285,0.9771928604571849,0.1982291536698949,0.3289238695441409,0.9825248642140515,0.5331136226816064,0.4864254646195117,0.8505153444540567,0.6839962474287999,0.7793139270281523,1
0.5424516724884467,0.1189225481021405,0.4315503116554376,0.8634320042154864,0.5328074904529277,0.9885444894257447,0.6330967128917352,0.8910390240284666,0.1806286137907977,0.5194063061968505,2
0.04464272010860467,0.16685814485228534,0.36686761498251586,0.10817171168490042,0.8236654845440174,0.5295904549678855,0.12067606291664701,0.055616054754868985,0.24367707009457318,0.46305418780898144,3
0.8815512206702725,0.856842027225399,0.6006346586721192,-0.03346282678393521,0.8553772296460971,0.6321480765775618,0.9218241645904038,0.6637384664883741,0.2810590500728669,0.9522526475005866,1
0.023269032871223692,0.15542802549185789,0.4060593371272232,0.13314726137601393,0.7755914031291772,0.5413936917029942,0.15543003233451844,0.09003309904040067,0.19898522118351325,0.4169623898472913,3
0.8903895460417899,0.8727684976703077,0.5602807249364026,0.050116903872363845,0.8575719744123704,0.6483770871582945,0.9097244311663877,0.6525511716810007,0.2427602925266054,0.9377143466081436,1
0.9167401475177666,0.7372585589652761,0.2310604160078421,-0.017054022005239505,0.4325343286397832,0.3998981773058987,0.5030774542268004,0.20299558618195618,0.5950378444090474,0.4406553123513617,2
-0.019740786856753557,0.20371742435372692,0.4844120944185464,1.0998879390288292,1.0030473133961393,0.2913552089975047,0.6122171192141114,-0.008420631556599362,0.6401397637114552,0.5981288832775415,1
-0.0072100600835331985,0.1325487399958843,0.42911287890271915,0.14189062853519488,0.7759677268333102,0.5216041947569837,0.20325342041798478,0.06319334937232517,0.2129363181125073,0.3864418687601787,3
0.5039667250794045,-0.053575741948408875,0.44023946374279116,0.20736656133976472,0.18092773756265926,0.7300901337809965,0.8047239662537313,-0.096767020223057,0.4996099433259742,1.0412109936472458,2
0.4887287663866111,0.8361756738313568,0.2000259491562737,0.3322485189681909,0.994270059990841,0.5823015572169303,0.3804955970501573,0.8278146314438332,0.6257282223764545,0.7567117024837272,1
0.08111211192712553,0.7282543457628722,0.5210795631682035,0.1317697935564683,1.0091491635214065,0.32796143976379033,0.7801320112110849,1.0469371102075455,0.6578979062366374,0.5516038581080961,1
0.18568561090302435,0.4587552395591919,0.40087675791176264,0.36063949742603213,0.5634717346892703,1.0076402945056884,0.16492113426355462,0.8967164515146965,0.8965525340103929,0.7653874268448249,3
0.06453132405507403,0.17317333540400823,0.4042967301438839,0.3687884348703553,0.31286447323187355,0.7303525851003286,0.24353386901680968,0.6565280645865161,0.9000167554917825,0.4299073818394068,2
0.9427409843003883,0.682411092259664,0.2536692145620809,1.0003103930457162,1.0464514516731693,0.8456358783474135,0.8369929015390039,0.7049612311576134,0.6105862824848138,0.5340566762231518,3
0.5043146602601973,0.19967181209414434,0.12741579796946761,0.1328225232511962,0.42749732517296507,0.09219088374708731,0.23959774016630028,0.039885249112075076,0.7611080603136171,0.5040893091796927,0
0.08100155256246241,1.503998745089581,-0.20286435024139168,1.1546271799544594,0.4726329897915178,0.6444049110331171,-0.2108982791223336,0.7726481705495105,0.7971689560395784,1.3441744151383994,2
-0.16462083977346414,0.7315720039092815,-0.029065400044448714,0.9583084181145629,-0.11977241181143133,0.35376637000203526,-0.22905652222559875,0.8529719810367832,1.061510624667575,0.8659389493641595,0
0.21753923463201244,0.48941881607036875,0.32373002374866044,1.0063625985015552,0.5265666180871994,0.13434980677495906,0.6491209472918917,0.8137893707003604,0.7893116857316729,0.40540220169973634,1
0.33244422718386374,0.319887124102843,0.3362524411767725,0.8563451795422644,0.2936119769623727,0.2999310936396528,0.04231272325464849,0.22030449690813178,0.8498901338269015,0.8854342020830306,1
0.6182531903874878,0.6775808669247892,0.6494499030919308,0.45424078917665067,0.6509476765735553,0.5936689309759073,0.46781199441584004,0.06477352377580403,0.3753074024551392,0.9218541315081068,3
0.9318773382897344,0.6967809393258081,0.2342843911784935,0.9540636295068904,0.9709734478644718,0.9414405078400124,0.8764217033681166,0.6400017197984063,0.6641315259432501,0.501307749959132,3
0.29494602573230577,0.30845902741644193,0.26767286119009115,0.7907079574020512,0.43742637130719936,0.021153901035985127,0.901987296816919,0.4097179265869406,0.05335028523924943,0.2583065422805753,1
0.7359790786535597,0.2308873586254367,0.7738369758169285,0.7548482695133455,0.8823777956165003,0.6825559772058739,0.49172636181656837,0.45317189686290177,0.8619265090269546,0.9399286781621464,0
0.14918556861760573,0.48378523031443293,0.2626116441614524,0.6492923892594484,0.1915534613743136,0.6806631866086211,0.03527097859908106,0.44474853442289547,1.0660494507309348,0.684921006772253,0
0.7724078704440145,0.6485675083308491,0.9436928709003292,0.6914763422720259,0.07554566351819951,0.9773408391024151,0.4388744282910645,0.821492081446731,0.9723008137230026,0.4691884703081495,3
0.7536475067995705,0.7866176401413268,0.4017271895666866,0.11964797956190343,0.3499551985221934,0.38632745520181266,0.4318228592842021,0.09050060460875904,0.5883526615174746,0.2977011424662474,2
0.2966239587999901,1.109840227032517,0.8075001043727619,1.1353979306383266,0.26379900172616644,0.8584430818324145,0.5758009134212237,0.8225106433961509,0.7164933628124596,0.36170615705292264,3
0.5633147166648675,0.5624827473265639,0.17983574055863233,0.677014970709644,0.5703066354834975,1.0207991108386454,0.7063454353234132,0.3298192410460037,0.7061933101395458,0.1754587155261319,3
0.8831405837712996,0.8586023047228888,0.5849464660953508,0.023507546749782365,0.8421444243666961,0.6822072207875702,0.9292740039604843,0.6628976913308484,0.2394991090849357,0.9060500830466107,1
0.15776698814847886,0.6295583459141514,0.21857639354528924,0.14766920868781708,0.25591196974145136,0.6636385332493009,0.40265125006202385,0.4295818177147852,0.598196114188894,0.5452981358400752,2
0.18763382743591,0.2602032502348704,0.9309453616665968,0.056332454764048946,0.6302460248672698,0.4185619114789937,0.14750110318834891,0.5740487242191313,0.27083903317531366,1.049127872133456,2
0.9067516280800898,0.8522214308004216,0.7083652916017147,0.49221154196830874,0.7760733552067307,-0.03239145121114042,0.46283102076443666,0.7439185265734996,0.8047236855678506,0.5825643451643991,2
0.9113362140559044,0.6347352865180238,0.690008998871212,-0.21281064614073303,0.9006095096230226,0.7720452573307899,1.1206750431816492,0.8879677966514196,0.30858008616098276,0.8404048644692478,1
0.3616021469455185,0.20845611547893675,0.6024418487138861,0.3889310529039488,0.5021308991653649,1.1023704618079189,0.4374640950137843,0.6624178438726992,0.7445576397658035,0.717202422572293,3
0.3375972325094928,0.8400738180255735,0.20982542348639263,0.15569300839144518,1.1154382772943023,0.7326139304343632,0.3639283020809655,0.9787723219697022,0.6204174096579312,0.7449584266390237,1
0.22226120709605418,0.8328162353916392,0.559090792194102,0.31021314982411075,0.8447798959565405,0.3279348753115563,0.7646874876387942,1.0051166026924672,0.9998266477029165,0.8839397137349677,1
0.4640404693646496,0.18081996455011795,0.2949482379546578,0.7026108063523342,0.7149735927863271,1.1557367864104153,0.8898670570590539,0.9269832774686563,-0.17004871572021046,0.32162361541397144,2
0.29735947764271686,0.3266292121550319,0.3324799938712354,0.8995564023207238,0.32665579387177596,0.30868940364017816,0.06468598449066948,0.17290088290298106,0.828907572630688,0.875251394454852,1
0.20454105399349723,0.1638481194167296,0.28209128464897076,0.2982752401777406,0.440605687867578,0.6057002714958506,0.3161317862920787,0.7420055764938338,0.7890286961994684,0.29078185141885915,2
0.27662203683774916,0.1968243979674213,0.20512889703219933,-0.0553408457067395,0.8006187766353587,0.4296959589973287,0.2999454035116432,0.8494509569465803,-0.04450895494052899,0.4425688292479448,1
0.3713838666251651,0.20863218666085953,0.17779081833997387,0.28358521645450907,0.49117218106331095,0.6610513041831616,0.4054499823899975,0.6422094414738103,0.6618829684140836,0.14434365478627845,2
-0.1020074734007756,0.8507992302538476,0.4262694333886802,0.4853924680017997,0.6445164968200809,1.052999405089288,0.576346741118452,0.009231481365082672,0.44120563234590826,0.2869040355588467,2
0.313340885490056,0.1707448755010556,0.7202650985814674,0.4646917293801674,-0.1348166834172518,-0.37019750731527723,0.6561629334132997,0.6136311897150556,0.2634658878184363,0.387320829747641,2
0.2719866159355839,0.6875472810423786,0.24769050823321334,0.4422333077719318,-0.13523064212984287,0.5451913875908777,0.3717267096080776,1.1116286500894053,0.4539490252134347,0.29092841464577,3
0.2483948471843563,0.23330846702316377,0.018644097239547686,-0.09508807744536303,0.7776614522273902,0.6197609647919448,0.24225929644797367,0.7664351076924887,0.014594475647313282,0.34879899824428034,1
0.19888539948279524,0.19841820063810517,0.28397848792914754,0.2784738775079397,0.4026679094443421,0.5645474756087314,0.33360176036128864,0.7322544708376139,0.7800852093877098,0.2625970406981292,2
0.45352118204544234,0.37936001992639523,0.6854413834061418,0.9410177000673136,0.642032766192385,0.7253709098200549,0.4993350197286788,0.2342271343759575,0.5995325474384267,0.5942995489844797,0
0.08128075632048001,0.18915852678790152,0.8363283410793584,0.7652636524452726,0.9180207714834618,-0.01528624611702735,0.6603184863458627,0.5740138741908015,0.3505254220060543,0.2107004535740932,1
0.8223600967065023,0.8762644911925571,0.6738709869345054,0.006500854623646815,0.8569584064367027,0.699699004462656,0.9693895557647764,0.6360551871261982,0.29681027462994675,0.9050615994833939,1
0.8029572710204208,0.827431464238276,0.44849561828879836,0.061860325614072426,0.3880516934132889,0.30510384183014416,0.36018075579509246,0.029757836124134296,0.5973004531286218,0.3869834740660074,2
0.31123304106942445,0.8872686724994387,0.4681453010347401,0.17286603513263876,1.028658312408827,0.5298366893275114,1.0505609377836893,0.627695053773658,0.22503253383771177,0.5687047107591185,0
0.3414298076676836,0.2987525798417546,0.3023754698699297,0.8891957105172286,0.33306299693038705,0.30450288302474804,0.06706968656739448,0.24151040682742508,0.8529337357725049,0.8626080088884658,1
0.28732231626550825,0.31338703809221685,0.25703058566469245,0.7918820837256483,0.4526941999396082,0.003738791438722076,0.9199085101268553,0.40456322309395976,0.07504069896338847,0.2579806918503292,1
0.9004417933942289,1.003669127207405,0.6379357908795145,0.12081958469879714,0.9442466068778367,0.6585895583618777,0.8157022084893975,0.5596171590911541,0.17908193875060824,0.919913303135747,1
0.979327059333835,0.7091407142281088,0.3300609546054522,1.0422149881870948,1.034699446174089,0.9110095877774681,0.7718929048623786,0.6417571155581605,0.6125571239922846,0.5822021515273669,3
0.0048312688444755785,0.16490192323157707,0.40283581526173023,0.12495726263643556,0.7825347695353657,0.5442244093343457,0.16671074077959488,0.08881514283103514,0.22643169423014262,0.4155768280308895,3
0.9588075643676657,0.6275742665704107,0.18428436372509796,0.8755656717054262,0.8991780216611613,0.9382880761672582,0.8816981007021176,0.7445338821694975,0.5834634629515192,0.5472531169519474,3
0.8494872724160791,0.2484585050505061,0.8508654111294081,0.5188887134475092,0.6164835321237587,0.5494109513397215,0.5231559378127894,0.5756255323547568,0.6289899469409155,0.9589086989282015,0
0.40114951077698885,0.4361842787861891,0.3815635073091229,0.9297079450368959,0.35350666754842874,0.6651269907228714,0.7660365509244651,0.55278332607199,0.9645435328192542,0.4154589588956123,3
0.16316781335820504,0.69356930314189,-0.08419719340958315,0.5045291332656805,0.49943129070468834,0.7881512953281598,0.48512514101150783,0.1029235142246433,0.7071525812958335,0.6187295351893788,2
0.09015273434766671,0.30126501746900086,0.10150160309341126,-0.08419980954328088,0.8452193107711521,0.5702430728297174,0.3269442300543711,0.8570838561313334,0.06672992732833524,0.4818728305840063,1
0.2682411982478541,0.35594231013272476,0.5782296202651931,0.39042490005670866,0.17461425660138627,0.7303360336899304,0.4913370604735211,0.5219497895186068,0.6787086928749152,0.9911712244210437,2
0.4033463243785292,0.9430106539506538,0.25507572443366755,0.28157371190080394,1.1442265045218838,0.6403329457228996,1.1426516936110824,0.7363954991550619,-0.035373859324639184,0.48119801473950335,0
-0.026746502139576668,0.2117031540095984,0.4174253574018739,0.08276402581556254,0.8185183898705862,0.5381365797389485,0.1623108368412753,0.13462730503204895,0.17027219072166067,0.45599954307116447,3
0.9108837602202429,0.6798006293691587,0.3088156072390138,0.9485792668185429,1.0188307024093337,0.8630142233079396,0.8676698287099355,0.7138493872176456,0.5862594818501541,0.5454133206508155,3
0.18247432379994705,0.22020188992221032,0.5548140840687501,0.9173704872308899,0.9774528304823142,0.26223882775039,0.3204036196410866,0.2216331391595065,0.6001934004641181,0.42432073093534617,1
0.9350196673648075,0.07715461649993985,0.8343382497685481,1.0774253195118746,0.4397240506316735,-0.023301140711295132,0.8157017380417677,0.37467999533972296,0.5066136903719771,1.1009419171453656,0
0.1610801923595948,0.5996754087711408,0.08672202707473287,0.21339123321213094,0.14613801536518048,0.5945276185690294,0.3637914013253774,0.492354189023569,0.5556083578709241,0.5997997705518007,2
0.7372189180001719,0.6483433844277582,0.27067748611232006,0.7361784099803198,0.24505971458365938,0.6237834119623502,0.7086849202143448,0.8460670930697712,0.8246096468891639,0.4390112677508206,3
0.43403105328347463,0.3597760806600858,0.3911820372503758,-0.22384041004442837,0.5962329842041262,0.7253936786708461,0.18579917793963424,0.5362068196757682,-0.030382847453450185,0.4409469281443513,1
0.005371779330544553,0.1676395759368501,0.40078655542561764,0.1278084740237375,0.7750925216228628,0.5419800048614429,0.1675388408241128,0.0757208708810923,0.2320774021883869,0.41273919108270557,3
0.14401006227874505,0.4654610153535714,0.3815558595505547,0.1730431356966747,0.29112273424380236,0.5911972394071675,0.2548884854426854,0.26876778546167956,0.7062584254624104,0.5012775157013163,2
0.7376116497475877,0.8706106936421524,0.7631873059320874,-0.10452133892397361,0.7760334680928677,0.5868942243527493,0.6972945663086587,0.5959337321535114,0.1419778023208748,1.0634154258406159,1
0.4197346999435717,1.336385873548785,0.9834340458778876,0.7047842914917287,0.43419919948149904,-0.10780853366328774,0.4143325516710118,0.4292191661628905,-0.0473861727821257,0.5331655045348307,0
-0.07477410240691196,0.5973046597968026,0.17550202861412442,0.38750423316030985,0.98916029137218,0.18162438213332827,0.5360395053151523,0.2726047046838443,-0.25974927990185637,0.9959513381274624,0
-0.15438344646883306,-0.1096272732580853,0.48394848710207494,0.6960354922952592,0.7770889333575639,0.06761527816512392,0.4250862877041075,0.2633428068120282,0.875874532760059,0.8666650157025628,1
0.27293184852469804,0.3566402781746524,0.5816346027068308,0.38108477003330027,0.17698216580163323,0.7335157491038251,0.4965243575476247,0.5160332253539768,0.6739005660761546,0.9925535386427331,2
0.36758447753249435,0.4015934694671022,0.3222387793809881,0.6976607794470162,0.4490346335667216,-0.0329192252263105,0.826902094807185,0.3187004397430165,0.057639086663366326,0.2940378546927181,1
0.6468794030259017,0.6841205124234238,0.3443158655846301,0.7832440845345952,0.19953238288557262,0.49852623914118416,0.812799114661431,0.7970378205784724,0.7594194184371044,0.3857170429312085,3
0.9205111313037968,0.6459765464519256,0.2746169317414219,0.9741753729909909,0.999903185991676,0.9072501302887057,0.8189818088833286,0.6811703804459359,0.6324096466565439,0.5503577220103463,3
0.5786164644954749,0.464115638589977,0.14744700593547697,0.36078140935121356,0.3310126621446161,0.7128124341170934,0.7889600128271477,0.21295947375431595,0.825571160623268,0.23758464412633876,3
0.5714148783475742,0.6440213078341626,0.14680424602295433,-0.11199948713087049,0.6528138302649762,0.322823968113742,1.0445143666191148,0.6043228528380674,-0.1642567982601068,1.51463779136737,1
0.7367001371767306,0.8623402679655903,0.5314666620213511,0.7149488141469235,1.4371407131111267,0.7849907769353668,0.6909532772394288,-0.38500364731730813,0.5123166943361975,0.08533065388511446,1
0.4718170028997717,-0.019831509203568444,0.507196599664463,0.1774009447180296,0.21305622943627067,0.820331140970564,0.8918843977063431,-0.06410587198828115,0.5687610604270484,1.0255475088957882,2
0.41025735830654697,0.8794423687020376,0.27059227876253916,0.244559683765765,0.9845855861793975,0.6219979048993634,0.47912470370160853,0.8290824267347698,0.7187588398772572,0.8328808800157343,1
0.8939928943956008,0.7294533191138433,0.17996336644335117,0.9117271826942764,0.9116979335784112,0.8391778066679185,0.8873545206054549,0.6802785255354732,0.620756880927598,0.5477537213555387,3
0.7028680283844321,0.34973248265843715,1.014592674059024,0.4925200717318954,1.0268378987089726,0.29407582387718584,0.14923389842671192,0.16183425162961737,0.7126119015524545,0.6801534795525875,0
0.9746718159859998,0.6395817488962228,0.5510099335115253,0.17682876058861033,0.43321804465009167,0.21141387558835276,0.6705739599669064,0.03430650774144614,0.3943787927568827,0.3883600546656409,2
0.593826499177461,0.6657252274604774,0.0881003550828992,0.2681746474254281,0.842176703968048,1.3179032289597228,0.4093429547354313,0.22634768527574756,1.0491234700100047,-0.0320427372197839,3
0.6523806340019629,0.13447158236201026,0.7350921745058687,0.6972872774605843,0.7502668322365491,0.7203710440075611,0.45672063649406136,0.39497489086883725,0.7593116129347501,0.8756429512743052,0
0.2799497718464978,0.24570559959036858,0.9581540719648844,0.9830260083190849,0.9293732527141241,0.12086788227174086,0.5394242500428439,-0.06381592415947812,0.4780713297723363,0.3694366366948796,1
0.8481995815412651,0.9738342274609932,0.5887697120866403,1.003238007716219,-0.26866357831420634,1.376350191528076,0.1385111944263001,0.6596417336336494,0.7330600508507787,0.7113347312252911,3
0.26509839046102246,0.3583231311119955,0.577593098158064,0.385844409632428,0.17313452056869336,0.7303219811720963,0.4946071690359844,0.5216460262183704,0.675450301529877,0.9912567349600271,2
0.32773293310553187,0.3796967632016028,0.2301512579825462,0.5884799604288588,0.5938026986782999,0.8577201822629721,0.2664846792477124,0.06334576750547903,0.4843110265905095,0.4540081423421041,1
0.3427403357620457,0.29632230445775865,0.3278017963533874,0.8687154770302332,0.2992884038642753,0.30799104190613213,0.04875911381320243,0.20564791458245463,0.844745115929874,0.9030912371650232,1
0.13506068355853945,0.9316469882251461,0.36820313124062665,0.058236958277471634,0.31089939147105444,1.026887544741304,0.10381654608386531,0.6631686546135238,0.253969345327596,0.3439173127167625,2
0.2984009974872349,0.2810521685607264,0.35445054371423057,0.8617611042641026,0.325670799304841,0.2745339408619625,0.06615891787186277,0.21871992229856238,0.8020984778785922,0.8645068843540612,1
0.7575891488584503,0.7892681271660841,0.41249897838155125,0.11502381826991469,0.34047941801383036,0.3911726264388147,0.42273858612228465,0.08960486286045476,0.5777270930472583,0.2871113666562577,2
-0.014668958894649402,0.10230001030032883,0.6819055918207387,0.9059566960914136,0.8371505062569066,0.3449144097865048,0.3238680290212433,0.20464541231773037,0.656149540283955,0.6212725577655427,1
0.296855376542467,0.5541498051729394,0.12687747236125974,0.7130972100782388,0.24714774988666266,0.6204854946114765,0.0723003702815973,0.3844380847467028,1.0422963087183659,0.777866010335096,0
0.08621818935408854,0.11911993193841679,0.8761314647623047,0.8090578595040653,0.8268918960135357,0.027563472866108336,0.7406800949994495,0.6071691685283672,0.3440799809132225,0.22845064634725398,1
0.08283715594497518,-0.05729991662337375,0.7157020748053603,0.931277620251778,0.9223383618903599,0.4585844589323925,0.19436598629078639,0.031274091167744295,0.782387710793383,0.5214862993882876,1
2.052600811318637,1.383848770673774,1.9459336620868384,1.0629503513014265,0.6245037966613634,-0.10280445608688304,0.08403433686369188,0.7868692766661756,-0.09569256629346146,0.3984149894486938,1
0.2544612097574462,0.6137919186588701,0.2854236156305764,0.08271065552353003,0.22531404417177456,0.6929875566500595,0.4148553938748786,0.34822404147714797,0.6141258447982052,0.47866801784181345,2
0.08235520582582119,0.42960734418687385,0.2880591977342134,0.5279519227279064,0.3691989599101192,0.6388211556317261,0.2926005580442957,0.4456538495986353,1.0229641113918104,0.7812541791546611,0
0.6166567179568472,0.4618303932952099,0.17026614865752987,0.31941264795576635,0.3512187917056777,0.770326516982843,0.8100579245773337,0.19277166538101304,0.8074531239095206,0.24828578989625713,3
0.5471147329898969,0.7756384804713875,0.30810210400810867,0.9467625237655776,0.6160172753519251,1.167598597270982,0.8084705344968313,0.40009904826182385,0.40874635622970323,0.28824355290479037,3
0.9524633215853019,0.04293952079358903,0.9357020257592052,0.7474263083673564,0.8798357285458323,0.29411586864951994,0.5619492890567985,0.7329280747829781,0.6222541250768547,0.6918200049638031,0
0.39280201724322095,0.27293717422785213,0.395201311436037,0.828081287152569,0.33711848852949267,0.42514966762617556,-0.11090647060587255,0.24662874766370846,1.0426309846836632,0.9880252781905721,0
0.761660207049939,0.7584967042238702,0.5421279833216541,0.6952183728685752,-0.46574545397168154,0.5937674474597162,-0.05451077767377638,0.23464267349279955,0.9428679909030278,0.9656336414186635,3
0.30655890359296445,0.2723846788845581,0.34234183065737095,0.8334714553810543,0.2939650721912219,0.30712033067061917,0.050843603355092845,0.2342716715774095,0.8853950905527705,0.9290904018728414,1
0.7966816404599439,0.11074797661205901,0.5860424436650984,0.9128037375203099,0.49074377211196996,0.20154165150575426,0.7293677173235542,0.1759532685279265,0.7829845365708922,0.9862205965332731,0
0.23926784909002116,0.28455903926989595,0.07059291429068057,0.33302065214346177,0.19622965146485366,0.036226383770773474,0.5274650712935031,0.33104112303875116,0.9393817773930696,0.23867553638683364,0
0.756558971309008,0.1720154093655495,0.8290002204316315,0.6106459788451019,0.9579580338332248,0.5215072509731322,0.24721167372707226,0.510462004532835,0.9333963791737909,0.7479326596119265,0
0.06985444142769924,0.14464216494052304,0.35309435772371534,0.07135819560057569,0.8226956038269366,0.5738455898813057,0.21387590215994698,0.08837346251949119,0.2636690061293192,0.3699206614903452,3
0.37739562021278744,0.43174328525854866,0.200415033495411,0.13476612474643626,1.0356738537886994,0.2994817763819213,0.0550773434068626,0.9556016200408312,-0.04382903222696634,0.48315256496676645,1
0.5713778050753039,0.4388559899053091,0.1683441452762045,0.359907981108191,0.3656701894990666,0.7432603859429995,0.7999837163036722,0.24175138019788733,0.8218064888481891,0.23863490816859678,3
0.38936968076375433,0.6013930322033585,0.9289165114089185,0.05358669731275522,0.7852384172957302,0.4973916354859605,0.11777031846000734,0.5169166538178126,0.24301541722511968,0.3875198752628254,1
1.0439344243328947,0.7445582433857932,0.23573172415541763,0.8849427776230655,1.096232025123605,0.8490626531423636,0.7543424334386084,0.5630068956283472,0.7437283214198334,0.6209875309070573,3
0.14624673416634704,0.12095686806245082,0.6384438215075007,0.8538498723890494,0.9385186835663113,0.2957301772877229,0.2893515890087754,0.19456968990998896,0.6235263512735596,0.6824197227029528,1
0.15219045476242604,0.6796727307550807,0.22642379719075298,0.10204792282342272,1.01789616252253,0.6874437619137904,0.9249967532723096,0.701993661217077,0.1766366796932551,0.5145139431076897,0
0.055185819102885725,0.012113467402692889,0.6810692246147136,0.940575231497542,0.8305409352433442,0.31979591298897053,0.3751216372619781,0.23588454237249745,0.5776040321999815,0.5717888961475608,1
0.2405233473041371,0.22220946848718154,0.09147667480576428,0.09885076388804433,0.3404677090234003,0.26173560190979184,0.1491917335793985,0.8228147665615252,0.4117805660261951,0.31264564497835046,0
0.22440072572170003,0.1272626700542134,0.3140844962349548,0.293759766112788,0.3895537617825851,0.5200363791406161,0.2801442930928695,0.7226239008704533,0.7992932694098387,0.2523538427765196,2
0.5099872011121842,0.16413121606576586,0.8817007109637298,0.07630397827092872,1.5840250163301866,0.7617846578699318,-0.3151019182752287,1.0168608654109161,0.8071151075071682,0.8539463225144183,1
0.39002832791461994,0.5964194731186497,0.9330047285495912,0.0672138145233934,0.7786529519130395,0.4958336674147144,0.1239885997217765,0.536262665400332,0.24160557713415023,0.4026960804973118,1
0.439646260430981,0.8962528275134558,0.6963684924950134,0.6329373874813782,0.2262850716151066,0.7825272007160547,0.13468755038238472,0.7878665279515862,0.8075963779336363,0.3441282394377761,3
0.09520858184393625,0.05909030204669562,0.27553681787045675,0.08176324800697056,0.883238232486494,0.4208608794249305,0.2637751686529747,0.19167662137680902,0.25630229298237917,0.47752988720340533,3
0.24358254381824807,0.6859622620625481,0.0027467596170884213,0.14627115264233825,0.6387942974129761,0.6825468703883348,0.007143611825990248,0.6720946917385657,0.46002927846841557,0.39221544370159733,2
0.7157833782103467,0.11453523595167374,0.7077400026849623,0.7641639467428245,0.7715465479511815,0.6930368712292284,0.3787330100821697,0.4633357554580996,0.6907749236671863,0.8104629402337208,0
0.606889892019352,0.08798677871164566,0.8328192949998485,0.07099535629929142,0.037624065491325555,-0.0434665345156474,0.5921399521361971,0.6600718967219208,0.43011696043824266,0.8689207686953919,2
0.7487791803226831,0.6190875123861512,0.6713711532068992,0.6050162148994598,0.48870883494798667,0.5123102498476149,0.48499210962027983,0.21000448892817558,0.5199211299015333,1.0300214467189868,3
0.13701771498845572,1.0048873189439256,0.28099266601465167,0.7923982809165291,0.838205948488612,0.8959276325994828,0.7210761634365823,0.2939019881552274,0.7542337818821611,0.37702183503138637,1
0.09634607578387494,0.10115926007924515,0.43590469303689366,0.17978865626044546,0.837770950574237,0.540138781061743,0.18009410411042656,0.08124465399233047,0.13246993236704843,0.3618892358759543,3
0.2940989327228723,0.29813539623672924,0.2721835510567084,0.8063551896687944,0.39350002435873754,0.05581953014141791,0.9453384335778598,0.4323088681332849,0.04811580911955912,0.2465708009645472,1
0.040702624274162186,0.30504135301111335,0.18068639911337286,0.01306607754525152,0.4823879290545287,0.8582986388933891,0.7412917136757284,0.5044159779696876,0.7678657422867733,0.9536296911729476,2
0.8301069732901718,0.5621597428448757,1.1315084191563434,0.7486227611282922,0.2475112052546776,1.1423499895212248,0.39201237668327105,0.7720719314704446,0.9985722103436508,0.4822928844355507,3
0.7808637487403407,0.5613251074108122,0.7624940492800947,0.7569114573461119,0.5569818150381682,0.4324651382107039,0.7298317511907215,0.33845844442840134,0.8230162270923089,0.3709478790983054,2
0.936175207804582,0.7143108831354589,0.4658655813247168,-0.009665957220667404,0.3547939954144484,0.2693418677148085,0.376096932354237,0.06216984713751934,0.44881867469878134,0.25280400316421503,2
0.49594294465876054,0.5176262868113695,0.13740524584925717,0.7179675756748879,0.6612250595919021,1.0224056216998947,0.6726551009341647,0.2738252632228086,0.7124512992901553,0.25990620838291206,3
0.2060486628825044,0.7380287827548051,0.4131429359774831,0.21422193740135378,0.5587693743487929,-0.062638311174941,-0.05905383351174687,0.6805332690593512,0.11385931679402019,0.762031401793819,0
-0.035803507820344624,-0.06904551104776407,0.5446689936110336,0.2962946044741148,0.7653663067660801,0.7707576265206412,0.4277452154749897,0.31682472737206246,0.5023492387033752,0.4408412268528249,3
0.17944306154900905,0.43266536900315694,0.4211157556617086,0.2774262214499375,0.49455655156239436,0.9642619283640883,0.22277340188909706,0.8177816429783458,0.805513937453599,0.8163975762565978,3
0.10565702511764963,0.03785392791366622,0.5647605575703178,0.9662986227796404,0.8720376472331732,0.2625306842742641,0.3483993939674719,0.14790210772700463,0.6094441551341694,0.6609290626192542,1
0.38380523545456824,0.09725736874367943,0.5112959685541949,0.8974256602053192,0.5003253967858384,0.823359891021823,0.7268776701960561,0.8261820691667466,0.19156838561247092,0.47314641570526633,2
0.19449172374315601,0.22889408441600248,0.16557819269791169,0.017490120401864845,0.8437070696969782,0.4669007351800485,0.24808000188746213,0.8047838665400361,0.039941643020905665,0.45660061877195235,1
0.9301625301716999,0.6464410459238844,0.26447684391034093,0.9750715926858636,0.9902283957586214,0.901732336813769,0.8241613392649003,0.6728314997889521,0.636628697439596,0.5520049233657469,3
0.1656072885024551,0.5644053558515266,0.33404531039984847,0.9285019921071533,0.6261819446293028,0.22981895131108945,0.5874639250155511,0.8952211237716441,0.7357955066335867,0.302721420258168,1
0.23817929394029827,0.29539533000306545,0.7872904297996565,-0.03375898033358471,0.6196570708106576,0.4260625823529634,0.1208907715876639,0.6104711777213582,0.42793653056791814,1.0531493406876988,2
0.027599713738762695,0.18334290458466723,0.8922855133149172,0.7863068206550934,0.721325569244992,-0.12528201347373294,0.886617810398411,0.5157393240921472,0.48353284592565826,0.1735557964299135,1
0.35458296273041057,0.3068177474052572,0.3443688553087854,0.8644024274140402,0.2945581251436629,0.2998345270269004,0.03851353611567221,0.19472920864626245,0.8416124606527515,0.9108399686268642,1
0.00680238708515341,0.00020637691652639067,0.7558210601845943,0.9772871869988012,0.7966750537182106,0.22299991351680487,0.2721332832133899,0.20686689726633156,0.6216600728359857,0.5000931119539087,1
0.1333019745496576,0.14718856196004326,0.823308653287858,1.0030446190428735,0.9141379579423337,0.42409271300228035,0.4302109649473643,0.2504568874030061,0.4918064131643048,0.6191262870838417,1
0.8922610826266808,0.8524331561743397,0.6097148166218265,-0.13740832626844995,0.9525449303845933,0.7220780499033902,0.8604871154213565,0.6874662662656461,0.4005525492751888,0.7785360962999804,1
-0.2963496846632774,0.08327089401738594,0.9086300096005967,0.6782896897239193,0.5992225146730579,0.3585920090482999,0.5450531851977078,0.39805747098211536,0.9252931562214464,0.7982009755167844,1
0.953125690561351,0.9165531142755011,0.47746632481421825,-0.05005118992573361,0.7875066264700946,0.5901586879335712,0.8785662285918769,0.8261164107853064,0.2748676236795235,0.8696095250214045,1
0.891165815140639,0.8686417804274799,0.6009338500004526,0.010177850180768503,0.8323632556783566,0.668657733735559,0.9236559373783373,0.6640583506315708,0.2366862741292986,0.9253460758496617,1
0.12154686281038676,0.07342052479570987,0.7058851437913842,0.9963045058488774,0.9595890640401373,-0.08099085012866103,0.8622592319441857,0.756543264286699,0.1625853584586537,0.2977797296974636,1
0.36615842061213133,0.6073486779283855,0.9532344031574435,0.08058794006815062,0.823109467192441,0.49913642022914734,0.11869976994591591,0.5120348601962847,0.2377136643132485,0.3578987383007137,1
0.06909137606060109,0.6406780686850876,0.25367917066266,0.6113462596806152,0.35482150896340725,0.544641425356431,0.22907464160354846,0.483916339263956,0.8935932312750724,0.6358782503691923,0
1.0292221609150094,0.438316180456907,0.6836496531047844,0.8724581426449732,0.700468312644948,0.2727603601472236,0.5983442490454853,-0.02644700170899858,0.7055391563565494,0.33883387522402036,2
0.9254311537344807,0.6785134490297228,0.3528972812058885,-0.016273567958334526,0.9921973765965375,0.8462909104485007,0.8064703768500048,0.7648187090679651,0.004671215564390679,0.9406998267408095,1
0.47133704446674385,0.018196885153285384,0.4802929398405619,0.0865029501095638,0.2809367959425501,0.8335299797807628,0.8965936595528761,0.009589871447821486,0.5908125560611835,0.9359083713495875,2
0.5607579546677864,0.4277181635166216,0.17468926934065482,0.34259451482455144,0.3754806277932256,0.7244869383613554,0.7923630410532193,0.23831127198147045,0.8314224561319818,0.24189043342805341,3
0.6476544184968999,0.8704611160280762,0.7892968536829729,0.9567453878587237,0.03029377790563439,0.024357035991023443,0.16543190136985642,0.5110588452402519,0.8729185247834816,0.9047545163975802,3
0.3308805714162998,0.30355255652503793,0.3259438792101167,0.8678282086110046,0.3063304610089689,0.3065375645089675,0.05672336359405536,0.19393859470434985,0.8561593215964843,0.9021818715074196,1
0.10440777767052048,0.3735320975724688,0.3288233176153547,0.23637664029688343,0.5386129605419295,1.0337474827206354,0.1589619624096243,0.8202489974172532,0.8031560503851468,0.7941421364590766,3
1.3822779364503144,0.7265678362540269,0.5773215762209919,1.1133770698552818,0.9362182008350219,-1.0544420567167223,-0.16049750311198657,-0.08395440789987985,1.504846220437015,0.9577842962751881,3
0.025476754055993135,0.14410885700495,0.3098689866905745,0.19552936571568774,0.7595653993790888,0.6247260985552668,0.1164781729642591,0.14559706558436186,0.24918822107930744,0.29155497255109114,3
-0.14289379207355046,0.9908619072899101,1.0162906696652456,0.2088977736488539,1.1996886551392194,-0.09059975645391902,-0.1391176020720757,0.6560284445449811,0.522121798784001,1.3116064909114038,0
0.6216591714255262,-0.3618901743185244,0.08971932888393863,-0.16494189216650257,0.09635738529569635,0.8803565761962323,0.7134449084359481,0.2759028396132012,0.9279745956396146,1.0917889881632479,2
0.4059358448627929,0.451116926122541,0.04213578947742333,0.07161201336542933,0.7005497109100346,0.623693752448453,0.24373172112801705,0.6631432809673665,-0.155200257077917,0.7031191233245777,1
0.14224383393995013,0.7991364805037711,0.03324140534527853,0.1400173487107708,0.9463868767366665,0.7013260827793003,0.27931872872937824,1.0734576592879999,0.8213706219598007,0.9949248294498286,1
0.1937553463344358,0.5650061938362637,0.41175421940701973,0.12985010489809468,0.08322049733475767,0.9409995473486916,0.4473067057416349,0.25308712703513814,0.38797390306542645,0.37557480291988954,2
0.22764035054992465,0.042021050524452305,0.9324583889293201,1.0367273400756243,0.822018295172436,0.5154776897957332,0.21483784150304105,0.04752981693947117,0.8479309362016587,0.40133097997835915,1
0.6304553570917779,0.36828182672705995,0.4801241782190117,0.5175592220271444,1.2594885513448468,0.1507981868805871,1.3852697671823995,0.6929173271549942,0.5263255385517116,0.4492050690573692,1
0.22838168026284056,0.6113441654805132,0.22157358681674372,0.12953015049090252,0.316473712613777,0.740868592007625,0.4399626616035496,0.3683945550900013,0.5425764246235297,0.5982699699734433,2
0.2210339008533947,0.20964718291302495,0.3114939641460779,0.18405489835336944,0.9163720976003321,0.6299833183910769,0.12338372868564215,0.7367772191932193,0.24331420921117558,0.5861478028559243,1
0.27182062457037476,0.7726903191431294,-0.013418120845382908,1.1963276964099512,0.8827441956240626,0.041169104033684845,0.3088906901434707,1.01384581701821,0.7351089104883278,0.6335826161155214,1
0.23598683691118438,0.32798557514327925,1.3790410823006554,0.2771465233654635,0.08306150564384002,0.8043647464861815,0.4382618136832548,0.675373926077066,0.8559563888756676,-0.08671822307911936,3
0.4753808775218378,0.014314066116003263,0.4852133133440576,0.09115103106750312,0.2830921902502488,0.8270577684609445,0.9025622369709868,0.01469436981353818,0.5892146163475961,0.9361161133395112,2
0.16314502010071322,0.28313039523137506,0.26294949789373023,0.15846953382593243,0.876218035233604,0.4675260628487245,0.4168674996622927,0.6178054392393199,-0.056000415786713165,0.42040484381336257,1
0.5542435469911445,0.4553956001231608,0.18416883449615226,0.34956062026867296,0.33245937668969927,0.7682440612775205,0.8138633959961927,0.23490616486211546,0.8301318017216256,0.24929839291460626,3
0.15021238581787336,0.37554142986294003,0.3453774795931091,0.35550294863838316,0.5113588027968006,0.9271116984996535,0.3118834103239339,0.9118220811765702,0.8683813606614434,0.8479406826311692,3
0.26515035388559266,0.356564681188903,0.5785092453542704,0.3865381073647074,0.17194728100996856,0.7309407906685026,0.49478435225753264,0.5228378182944362,0.6759451277854573,0.9896269260254147,2
0.5596220709677893,0.4251000509445505,0.14834483010686442,0.36414565878628474,0.3498719104317199,0.7562951972443696,0.7738305339560555,0.25552928549616655,0.8053859214094959,0.2262758447329709,3
0.7704476407959409,-0.31087285960149735,1.3490908933765444,-0.2641181547276654,1.204293629826977,-0.8118814200479683,1.3027351454567098,1.0019504144641131,1.1546257166982223,1.2297918717604,2
0.7373442209235577,0.8077838693895,1.0174545039390257,0.6803630918998673,0.07164154181866736,0.9604400335475044,0.4754772417749961,0.8885333939055671,0.8304861124789314,0.3098470948596288,3
0.25161793770009433,-0.033724049958330726,0.09183900939157569,0.17238802198337086,0.43207652196779633,0.5271113098178616,0.44888551918854847,0.47188703500086054,0.7877402979775848,0.06998631843978914,2
0.8824540095808142,0.5876019423643956,0.32613132525138433,0.9235597360257294,1.0197538312223147,0.8483211131612061,0.76926131646905,0.7035592954234944,0.5788070527402565,0.5379504915968633,3
0.31848558341050487,1.0381084003938017,0.788203232213322,-0.19616794585525166,0.2796646002796563,0.6773296157790207,0.1660807071490352,0.5876211865584438,0.5820974694082915,0.016021433935987428,2
1.0751258969359496,0.9012208076447882,0.5382240853733726,-0.14395018699620554,1.0109998128565274,0.7407860217006935,0.9247512433794993,0.8262688880388994,0.41211436737584495,0.9495341253491604,1
0.3004337665057415,0.3179424678497522,0.24676975276486554,0.7934895392910095,0.43307859954204153,0.0250413175983025,0.9271769508038782,0.4180474043326667,0.0457746672643289,0.2819672709117954,1
0.4125371186413179,0.8266464197504133,0.7414049293974125,0.26810461179142725,0.7719744075272943,0.3593159430821432,0.2958694487325238,0.6864658646395488,-0.0011567847902245187,0.22588717323338167,1
0.5112997098351502,0.06309240129902963,0.6921594970367886,0.5238571997224577,0.8527027414717696,0.3901457508123213,0.4766393606037855,0.5998433417323017,0.7572223180024473,0.61660992566243,0
0.011316088181330694,0.15739452572937893,0.40189300450672005,0.13088457057520625,0.7776951510135893,0.5422054351597507,0.17060660925960353,0.08759255390230195,0.21932610771222205,0.41290148114748465,3
0.3506224176831905,0.7127162868700516,0.9088325111791211,0.12492037426050383,0.8932945717844125,0.4203580762435828,0.1705162122920773,0.5945576582533,0.44565281229976994,0.32587215995308205,1
1.1846378069592283,0.23933088961861562,0.2291733470885643,0.7464691961402532,0.7399077793500217,-0.057399198344913915,0.22535789623328853,0.2702599340845471,-0.3923454526956286,0.19158399195619288,3
1.0154451637938722,0.7314466978632641,1.046384789562127,0.5389922017445037,0.36392111787099657,0.7661997263459815,0.7751040966161645,1.1050473232777014,1.2693491706550448,0.4184474720158867,3
0.18776367896956545,0.647995763812809,0.27994592823468784,0.106438759715413,0.3123722991990093,0.6931914430312595,0.35357241247195803,0.35691100955783095,0.5811968738270921,0.5553038350874221,2
0.16054996340059635,0.7610871374350121,0.35564782642205284,0.24981395110383453,0.11384997224988203,1.1115085549549284,0.9313543980031485,0.3406210328182351,0.6617347183044862,-0.049915504195940305,0
0.18932326852406006,0.6262146686388987,0.6216177403823688,0.2710604418218152,0.746856150196001,0.6133511889149998,0.21040343746182014,0.8884296546897836,0.7088370406880934,0.449601260664101,2
0.4616522265074095,0.5336983397440979,0.9894552752732074,0.008325191577728916,0.865097900896416,0.4655121050241726,0.09578200642075553,0.5138598417376564,0.18241598547226723,0.42419925651750334,1
0.28043779785114126,0.3803338872322845,0.25845747805510594,0.6026092811444435,0.5707451825183266,0.8732487309556283,0.2422872131411831,0.08653438219928167,0.5215908005932051,0.4596547378629498,1
0.29794682916398024,0.12526152270073246,0.2783379406483545,0.3484858450934706,0.32354218757670505,0.5417055772873394,0.33497261801661044,0.7360502402193776,0.6875878601572137,0.3547707320735199,2
0.11211171814261932,1.0011848796436817,-0.09117200403478687,0.8700428448968729,0.1330602096007406,0.6678324893450027,1.0619880101277497,0.7124341722584207,0.7623242746040153,0.4304323092631289,1
0.3615935121880698,0.16891055998339835,0.12401582346618181,0.21783194049114574,0.2923704681352159,0.45313487845101363,0.3127935812823748,0.7793025274655004,0.9185940584077321,0.26962073630632316,2
0.47782638488144974,0.6376357910849854,0.45858451836066555,0.4341626426230888,0.6130681141462981,0.3761164934990285,0.6175909063203932,0.4180141955080062,0.18041820262082522,0.7691985467339413,0
0.42599369241911755,0.43261612869755883,0.2555533172926135,0.7775258936403062,0.5233432306739242,-0.09606369073262021,1.0288330333617597,0.22739273024078263,-0.11081262592294089,0.42593814850840545,1
0.653100577155315,0.6712710919513492,0.882551213560834,0.736049726332805,0.03326487981721349,1.0348326157896972,0.3864969720768431,0.7792111998889802,0.9321339019148409,0.45183992941424594,3
0.6450020154422706,0.4898808712020776,0.3737200133802559,0.5961696526334003,0.1465121527857341,0.35960044816831344,1.2189116679685787,0.12725560677422265,-0.3127704674214907,0.44503517924270697,1
0.4111273741253897,-0.18864103187832035,0.34028238188551907,0.009045897775849951,0.4267008642008212,0.7301141203433996,1.09934137223698,0.16439328128650482,0.5652278111793154,0.958775167420601,2
0.9608569718396577,0.8031106727308738,0.2925835581873414,0.3281273229019089,0.808665285806732,0.3182371192528676,0.8453652769770268,0.7468447015827606,0.5126952535910254,0.36959210354932287,1
-0.04940846684914846,0.6059534943994395,1.1879719246113571,0.9638912975691599,-0.011334572987565732,0.181384658673736,0.8983170008926132,-0.14091589180681763,0.9772338155291829,1.5191904013739645,3
0.08086783578290557,0.6774896403035737,0.16268337064548183,0.0760909098212974,0.1779358973715551,0.7803847607797534,0.44635790303680517,0.4124129972035322,0.5173693184024964,0.5967046049893369,2
0.5842942335670014,0.6574456544803265,0.9712788447947032,0.8458506798668993,0.01647599862642482,0.9427491547796137,0.4900241055510427,0.7935614945632796,0.8491962480778436,0.35015671411025157,3
0.26662264488295523,0.3571665461941813,0.5804423470005049,0.3875532044006521,0.17171204150832367,0.7299385691081453,0.49603160166430443,0.5242299978291312,0.6747911643001976,0.9907429109953189,2
0.6286563086217405,0.16140420063901956,0.40181530793264375,0.6431981571711859,0.8243714430643972,0.6661572008309768,0.9296596906590509,0.30762799629964166,0.9492507459510384,0.6994940425184175,2
0.06929284302081,0.43963500880925416,0.6310547002900667,0.41297123633194655,0.4362021357364,1.0521060028817872,0.25799026729765406,0.6387050298333246,0.9834977065840794,0.9870444896172833,3
0.22558580161426167,0.9852366529830853,0.21928247129433748,0.3395152414939675,0.8333594627075919,0.6442315611349374,0.9917645399630876,0.4956450810825741,0.36430591491790276,0.5032141610266458,0
0.21039004768895347,0.38878692020986266,0.33300522534974364,0.8055483821660119,0.5010544375253437,-0.07508043628572836,0.8392168932720756,0.48903710312640836,0.02614254271383363,0.29349080842672237,1
0.18060473703777719,0.38427980845266196,0.4585262548203622,0.25858216655003363,0.4952622745727502,0.902183732440428,0.3081795784453958,0.8789837901188963,0.7305923015155853,0.792412353752647,3
0.4186730367592493,0.32820130454002333,0.542111445753889,1.077150487747101,0.227944687568834,-0.035800486961652715,1.068811898809178,0.556311306072389,0.2072660721776763,0.050559930368067246,1
-0.01911795874979577,0.11658040897470628,0.33387098044970176,0.06040283951270556,0.8646947347837155,0.4818002471465645,0.20788375706264745,-0.003592902388249733,0.24634829921727772,0.4765139156031659,3
0.30419188099010896,0.3143457384319845,0.36624706250606476,0.8852251216672797,0.3542350134781414,0.2674886099089323,0.08911328806611415,0.15926759368274676,0.871830797989178,0.8585573120522394,1
0.4427529047187457,0.8635675184167144,0.3223067461596465,0.34625307709537356,0.8998658590617454,0.7043594334558991,0.41107911132910296,0.7973562409392004,0.826847781183104,0.75026034796086,1
0.9303767133074837,0.6467360175318361,0.26415764719537543,0.9758932342848963,0.9899802662713233,0.9025299052868725,0.8240638363852251,0.6719384140205901,0.6372175052705339,0.5528194867217451,3
1.0460941665489447,1.16881621374793,1.1127858489698408,0.9207412855135961,0.033045203942020984,1.0486312584023598,0.16455662551280031,0.9911669341638256,0.9778415944118071,0.7755574166660786,3
0.49161156689598656,1.2014462447583922,0.39504099879156407,0.10246595483515625,1.0048208471491127,0.30770566063693194,0.2570529739330077,0.624731788056058,0.9197017506547935,0.6936268700586825,1
0.4379981470414279,0.5556181424626813,0.9034778667024931,0.15425005988728516,0.8751309988499322,0.5121684191519595,0.03753824071719264,0.41295379771610763,0.3485949618158679,0.3971133621172845,1
0.6052937964523102,0.6879137328960617,0.6816847155946517,0.44384312901219874,0.6285433166825795,0.576754565449377,0.5027645801210527,0.06923540342574956,0.32594924954270466,0.898586629486198,3
0.11829092588857165,0.49327756318058563,0.6242259113535538,0.5348550523396967,1.0688237059059345,0.2042190550878195,0.6824018600048947,0.5689858391372855,0.4702842693747077,0.3817442967104651,1
0.5595891228609338,1.0375243996004049,0.7378104286271275,-0.2682416867156372,0.852466140249442,0.8165714168024502,1.3445820461767581,0.17657309182025893,0.6664954577850659,0.9439380465857805,0
0.3187719362655236,0.2644240876237465,0.3600277238846692,0.8973447635582763,0.2833673504479805,0.31673230741949854,0.014053365050377978,0.1529055727694199,0.8434533460579681,0.9566659031694004,1
0.5739527423373655,0.4423899479809403,0.16603150746541656,0.3613045156849848,0.36539095965091595,0.746320786994767,0.7994745665423868,0.2391277301270567,0.8171733580923738,0.2413947643683694,3
0.7915503085850855,0.6125823504475579,0.9076833783399548,0.6891988521413974,0.19120528638976286,0.9876684523894566,0.37131113333983123,0.6882791571583459,0.9831363022195655,0.3115357288652564,3
0.670171963844163,0.7267552759679214,0.9362879691416472,0.7642389745791114,0.10320457529938465,0.9930963464069712,0.46471689799782956,0.8008295121479384,0.9254667610765148,0.40455318601427726,3
0.2654600435558282,0.3564928092497803,0.5794572395205623,0.38759318928645825,0.17255781286598798,0.7311184884100579,0.49511155247813915,0.5231951205017805,0.6759343172447705,0.9890136037075127,2
0.18542029670831367,0.4780903681317273,0.25346960252592377,0.7034338029583297,0.24407535793213386,0.6587287059792675,0.12840548052203643,0.3371410900688521,1.0039689499340747,0.6466490111674764,0
0.5942091947332168,1.113048682106517,0.33237370068801053,0.5382194838482685,1.0006806361872345,0.41694944607987716,0.6238201752004799,1.0342639131809577,0.7559337370777303,0.5471155448673972,1
0.26798637895581334,0.43065524530559146,0.4995980333821646,0.46369502940985385,0.9273116668493046,0.7113291159125843,0.2269362900229777,0.8380984535950728,0.4205713797741189,0.254530114713135,2
0.39528584916663906,0.009531006321551943,0.4695702075068863,0.04035111471421925,0.2632451431576938,0.8977085767226901,0.8234830887119601,-0.03066030958426614,0.556355026198627,0.9575755663606276,2
0.03046284375196839,0.9005500205688871,0.3549077708142643,0.7064407293947863,0.702062949085491,0.8328347113542686,0.5889804448081541,0.1675303882222456,0.7377233129343687,0.458844151291084,1
0.35596625550515737,0.5823361650161276,0.5683040715268299,0.39280877915179313,0.918979621896665,0.9026901720598632,0.05027500223012871,0.35600748849442193,0.8665468623605849,0.6088691546367411,1
0.7826630250115523,0.1635709340243281,0.45086340018471815,-0.23994907566794965,0.023732988211656036,0.861899443410935,0.5575081059791387,0.13236826583419387,0.6997128320707044,0.6482906147620671,2
0.2930555862500814,0.36003958509920636,0.265104998260421,0.576776308305554,0.5920022681920598,0.8882421115793047,0.2666979285277151,0.07702163079228178,0.5436044426420754,0.47921793720510353,1
0.40675384354455835,0.33388913361263195,0.05719684073468437,0.4859521566197257,0.5593919916596659,0.6566636267359884,0.008274299404309599,0.08704867196868557,1.0593539091042699,0.8039400712019917,0
-0.03224151100676096,0.26973592935176527,0.3633589247301393,0.2543091791517356,0.7685064741117168,0.5371351861812101,0.16472043436904393,-0.013947500081445227,0.23127637285408464,0.5220976788872235,3
0.3442737834678995,0.8148888816697171,0.559250296076686,0.7975654251689493,0.3905758017445986,0.4962421863548692,0.12798864477539112,0.649357523802046,0.5992457594439162,-0.11785059901406941,0
0.17924864489490344,0.23801063121349253,0.1683802530040454,0.020799597115206295,0.841445355829709,0.45190389601373054,0.25973511661821647,0.7896693339832889,0.04848297805894583,0.46127949361729803,1
0.0682804637352335,0.6157514686590772,0.22044915197460827,0.23672930427390965,0.2423747838816718,0.7116779528265958,0.30255200664213966,0.48032199495698236,0.6229143228775537,0.6550316047620512,2
0.3450088425579531,0.30688932380224787,0.47280391370189034,0.966300873550035,0.16947694271446861,0.037798925881054594,0.17740762087721904,0.03894801863773667,0.9004966541789028,0.831818618591941,3
-0.19492613220588945,0.40566537025794774,-0.08343929597269922,0.3129516030393933,0.10445460260785039,0.9396666455540436,0.5038011090011532,0.5844775027976972,0.9854416155982457,0.10549554274301931,2
0.49731467536078267,0.6128840587838857,0.9653365874964783,0.11401164560160583,0.7004302122843341,0.6204089837415409,0.09414716576948576,0.3959035949935545,0.3092163223468033,0.2946802361013938,1
0.970015528057945,0.6695663146936006,0.2583283870490868,0.9836853081229939,0.9733085053961706,0.9423465335717395,0.8508638976112908,0.642928116408231,0.6235220729697992,0.5027969134132567,3
0.3500500196823089,0.30896516778628785,0.33753863987794086,0.8788344931698636,0.2872366201127827,0.29757754414862503,0.044147547947213456,0.19704323709574012,0.8537633695113229,0.8872362038951316,1
0.38247129625819276,0.16893019327380712,0.2479198215864169,0.1980726158897661,0.38798443486597517,0.02406370224934308,0.3607290494876206,0.1077173665916261,0.6342975948234091,0.5933250470236154,0
0.8200683812197158,0.5957120303204866,0.52974505904104,0.6880976965171978,0.9117667898141939,0.735919488257234,0.6303759774569874,-0.3374514630511739,0.3679497677982791,0.31462625611756656,1
-0.00611140334540157,0.03486250297908165,0.7699418964365783,0.6907389581986311,0.859954548093294,-0.06996280251043482,0.6607972398749525,0.5044263348645198,0.23888292371234082,0.37365153535242407,1
0.6652205215325866,0.7267797646410613,0.9438049596049157,0.7680398994327288,0.09821671896632374,0.9801845608383581,0.4719942226261941,0.7961864593347652,0.9290944301505257,0.4071784608105592,3
0.7054229999899511,0.6518059943036322,0.8745374519233953,0.6493554494077968,0.06204952258405703,0.8786737168720518,0.5895274891322908,0.9262891743023693,0.8358821988655142,0.34462053630805944,3
0.11658061503056624,0.6521834484956368,0.004817937183561771,0.8896653343889934,0.9692282565785358,0.2537278034291989,0.7521894668460334,1.0533749015562366,0.9489883779059424,0.6725474489987647,1
0.368631222750038,0.8251464392691386,0.624758869423284,0.09428565019222633,0.8876439385135416,0.5957174864228918,1.106353947917954,0.28796431794357613,0.2972399143030546,0.7616606837356823,0
0.21161184161278612,0.4232526604372507,0.4508900274546322,0.18432712943140292,0.490930948401024,1.0803797745115673,0.25518889332060857,0.7141373611696116,0.7926736092578107,0.7728893306171694,3
-0.12152726383819273,-0.3114692242555375,0.6300796100937058,0.5846048836029913,0.715856186768029,0.03211371804808121,0.7824779443159305,0.8396797259593376,0.29885404176231817,0.3624570138418349,1
0.5745537168322093,0.6718662223693921,0.40853562042869246,0.805777448634286,0.7133083908600714,0.6906110735327471,1.249536477361203,-0.06823499794087422,-0.25471066787571023,0.03930983254896242,1
0.2243045464445658,0.05818805575241695,0.27095187675423826,0.1474918887510408,0.40291130854410195,0.6783899340480996,0.24328892183288567,0.6312451491428879,0.8589827298772199,0.45897347325177673,2
0.9292795385619099,0.6434357966115198,0.26761926256129875,0.9766194729527728,0.990406102481224,0.8994715660387421,0.8296809587596568,0.6744214582669819,0.6366879041854844,0.5494504132804688,3
0.2883294513592404,0.49539304803124523,0.3210750600422792,0.3308709014207425,0.3523855595085906,0.991082945396027,0.41153663120996264,0.8792100185030757,0.8086785671386235,0.649191605887637,3
0.5502521779909473,0.7826102640819002,0.9930314953183169,0.1804887184679326,0.8002172172909967,0.6049924315303713,0.24433666244835933,0.5549218146010267,0.14427015733336018,0.4037131335748853,1
0.3364440960615884,0.2939200388039737,0.3296284861804992,0.8706554543355733,0.30470052610650106,0.3039714841037174,0.0544757413565863,0.19865213181249788,0.8448511293722129,0.9029025299596316,1
0.3953063663700236,1.2028763187341474,0.25419443049996127,0.8207712087873452,0.1810588931460701,0.619127941903822,0.2589894945222829,0.2093792624915128,0.4597548941711593,-0.029771029208392502,0
0.2177102992992698,0.7136475173498933,0.32407126232753347,0.22611770095984357,0.28010527714759775,0.6955846635313815,0.4802552062773006,0.2337645299682668,0.7305075587788317,0.6473957532072248,2
-0.03373902343701399,0.22523592514871488,0.3400743707049879,0.18116372231386155,0.8676664775360836,0.543967904806512,0.13173023299236428,0.07166200887141048,0.18308952444906235,0.40239954065194067,3
1.17329921565285,1.2370470404863139,0.4006339488109131,0.6282919876592389,0.4603150610786933,1.1459681580320162,0.8299090064669552,1.2017850919539907,1.0855979256993502,0.1264054476384205,3
0.09309368582872772,0.1406501140870968,0.9151247553984102,0.7864268080674496,0.8455252964278087,-0.03975590958539571,0.7335516243690243,0.640884778096878,0.37025334768577606,0.2758666801953373,1
0.46221025767590174,0.455077400852798,0.5399500545920097,0.7952036087657416,0.3722827435247822,0.18711161262910014,1.1698220067513307,0.17419476999526792,-0.11501571880816791,0.14348651088256753,1
-0.03292492434987074,0.48392841127457725,0.8707556406940355,0.06906828241531911,0.6074583522179261,0.3153325650199369,0.1279102629907179,0.5897793196527917,0.37248098522637685,1.0178886090874923,2
0.5704118736752987,0.4422324395098992,0.165148177917504,0.3613058631390097,0.3598698727251637,0.743517216597626,0.8000201292797342,0.2438843936156531,0.8248599950555867,0.2450073145786822,3
0.24416201684697592,0.4926187116787109,0.2508668367770819,0.7220614249436178,0.2927963357333301,0.6106670372484841,0.12534691926617125,0.3354604411526588,1.0086962604999226,0.6683514481257968,0
0.650661150451967,0.3873477277722098,1.0124258399363888,0.5427628936783493,0.7238523483654073,0.07605392286842902,0.047265059476915894,0.004279921718080559,0.7498256966408493,-0.2522719545872194,0
0.92909910917873,0.6281748617320895,0.2602468447434011,0.9941000678031469,0.9944442042900054,0.8878169290614801,0.8247571309433334,0.6526605648898605,0.6513123061161116,0.541989525707564,3
0.5658908926789783,-0.06444775284308618,0.7819497219890691,-0.38860528932635335,1.0799783641665246,0.48212330520551494,0.32569818288101005,0.6506872720354364,-0.1284421174207887,0.8050686307826501,2
0.78102933228323,0.875544646654916,0.8786731129378519,0.011541302158956348,0.9695661896352294,0.9122624400706453,1.2151657082324394,0.41825345782518464,0.43388433440736307,1.021016773898023,1
0.24699353628744028,0.24987267765913584,0.09987828088988698,0.13114089593589273,0.35372495884897914,0.23773831889524277,0.17201007104462232,0.8109415029698067,0.3813695925582752,0.2776715327008882,0
0.4933458554902109,0.14581895056632826,0.4260235265686475,0.6383457359918833,0.537381760789424,-0.03213615096134475,0.9653984551771224,0.4187996477818384,-0.014427628085938685,0.14610950613935172,1
0.6537696776793267,0.6815309940268974,0.9602679379565561,0.8345586360777498,0.17081509450265336,1.0977775153863254,0.5219534225680452,0.8144910892270751,0.8357909691954571,0.39973336965741135,3
0.18676038773465742,0.30010657433942567,0.522944343926431,0.3499440209620653,0.5932599191976884,0.8959174771786845,0.17327490445896257,0.7751157161975306,0.6498063244808694,0.9755459031513767,3
0.20754250067023566,0.2735852009332413,0.9245147082564313,0.2990516736298512,-0.08433655083935404,0.39704944341115345,1.166372908200531,-0.5140739188842062,0.2197898159449248,0.8605551058491504,2
0.5034180039346516,0.13373877374410276,0.3320788883772611,-0.08441182872415309,0.35165044103332,1.0935170550484918,0.8912976377171976,0.021989209682903695,0.9086513920073447,1.0707884024485534,2
0.24373179788090046,-0.1909527566155147,1.1295337627797406,0.7883729258516374,1.0222842783263792,-0.16365077583675913,0.5690074939302502,0.860052311579765,0.32490060305917806,-0.04604556400151599,1
0.40034535978442387,0.5139758858980514,0.7827636699584917,0.21352883692123847,0.7854396553240955,0.5408751868093725,0.14402267247599063,0.5948037116486801,0.13487838018878595,0.28774182566759376,1
0.17721048679157728,0.44494976105430123,0.28917114240221353,0.7353572408416866,0.23613285913646198,0.6809755659380882,0.12736133828700938,0.2889662782244972,1.0441785468745703,0.598396296985367,0
0.4924122611394677,0.8562869558012527,0.5164169257517918,0.8581119313286281,0.010147262655849809,0.3721456736901927,0.8623776681092667,0.6994141832941856,0.9483723152541338,0.46469786785795836,3
0.3201078874954265,-0.04946088365997453,0.5680875939119283,0.22915523957703807,0.8859969557163621,0.4499593006779564,0.34508614582066943,0.2146542142960619,0.6990942482355196,1.048129355239425,2
0.9635072635823259,0.7091916039485788,0.2584697661081022,1.0492972705745929,0.9073592850636717,0.819307404562054,0.8765221030101665,0.5854502438540052,0.6830724073606733,0.6087047629821198,3
0.18701927594321777,0.28640203211042947,0.32936016708009874,0.7192211845517281,0.6294537178209433,0.14253390183259834,0.9205321227942694,0.21804468447767464,0.10587325368447512,0.1747528003523024,1
0.5306427506599627,0.07337341917842752,0.896586382994031,0.120357048827708,0.022204096877429892,-0.022755202577967606,0.6236121404177667,0.5833527010180607,0.3114479959992068,0.845207058524075,2
0.6589110047750202,1.0316320651582194,0.44809291316950545,0.8443064233779914,-0.17694130786490048,0.4083071394589464,0.3035591231483464,1.1341304281505744,0.1963345598141404,0.395879466577861,3
0.8905335267409993,0.6215452340196469,0.22888800832980688,1.0242228182700273,1.0354489345817028,0.8768163276478375,0.845115885176592,0.7145796607569787,0.660831693765257,0.5199070358646439,3
0.44867011543664725,1.181525668936989,0.7381141634445598,0.7985622593757308,0.9932072480771365,0.586162516248891,0.7976769020810437,-0.13001966364546183,-0.08576698838075261,0.01646665782084797,1
0.5685281795162394,0.5771676658411944,0.5865753455326903,0.47489733098630216,0.6485120651044334,0.4051437515201606,0.43911487849208014,0.21283678837589112,0.5091737718400223,1.006512728725441,3
0.5235453344138332,0.18203028166824287,0.11806143291133464,0.26529700890927266,0.22546503673233204,0.8950147038648918,0.9587352487807888,1.0857101154835294,0.6250232879675085,0.2784920279277568,2
0.28264207089427895,0.7652281881107001,0.07499999218530301,0.3909503018053987,1.030010705464871,0.4264356036300481,1.2101893240336,0.23143643854779988,0.33963575319485206,0.5507476439836887,0
0.6133132412567698,0.19253114211633218,0.7396410619799461,0.7160346511869747,0.7164046735691318,0.5457875731779988,0.48292519791855903,0.3391177364466769,0.7972213387429026,0.7626439337610922,0
0.19250281234166658,0.16965240255244496,0.2844330082172798,0.325988423228982,0.3932239690936366,0.59112192632524,0.2706238041704472,0.7430158576313808,0.8068077650015233,0.28839856670727404,2
0.2705004864939224,0.2929494802030373,0.23447506585475358,0.7439804610029721,0.39399303484160975,-0.00670010730795002,0.8855204666245827,0.40972108223823855,0.004689286288739908,0.2117325734797921,1
0.20406252940253183,0.19027462292517283,0.276222295834451,0.31285921341468664,0.4216582600534608,0.5647411243736937,0.298778850732056,0.7514121258355673,0.7819511557065064,0.30418064382158294,2
0.9560992039667281,0.6241252440401394,0.24271878003570585,0.9866702594612177,0.9769742946561802,0.8941683965763733,0.8419302646484602,0.6820626259609586,0.6061988652740223,0.5184931860302423,3
0.9055461310370736,0.8531739775974707,0.6158717182176924,0.07534064078972585,0.884381821814743,0.6862145060591763,0.9672554339736472,0.62842425515162,0.18422858657703306,0.9679510525908348,1
0.7842093348628689,1.141324621046832,0.38613406962582786,0.24979406232396079,1.0754048787856534,0.9556208391244354,0.6274624733250612,0.8383685608284963,0.9210001434665368,0.7025719888266767,1
-0.10082773576354875,0.6874078141620598,0.12328617893356067,0.2558693120835546,0.7659779474803271,0.7231583610487406,1.3144039330663326,0.23625765220515854,0.05460352568106583,0.5529182579018506,0
0.9731097742568994,0.7728930508104567,0.11236329617341174,0.17946076651775406,0.7592859963395527,0.4797805678540201,0.9739312425047171,0.5916646497186386,0.49687004951195424,0.4311240712320806,1
0.3351249690331597,1.1004966256171294,0.19077590635678243,0.4249285313814929,1.084894125522118,0.5874950184170357,0.529478792788739,0.8990078999197532,0.8054626702404948,0.6819121474469182,1
0.05750357162046132,0.38889274301409604,0.9639114524267475,0.0835490846599065,0.6803458372372159,0.2647547263166642,0.21302688163446087,0.46684695941688403,0.3595033710675031,0.9166465511864984,2
0.4023199582083427,-0.000491191620762943,0.7922646115423113,0.1852189964203871,0.34629087165323,-0.18394528972641577,-0.007351410765690014,0.5554175280027742,0.7009278623576399,0.5438478916743036,2
0.2632418507853882,0.3567405458977747,0.5801781138774404,0.38619303535169497,0.17313749892372066,0.7326814518308038,0.4960603502426194,0.5233978881665752,0.6741918117638912,0.988236170972461,2
0.266246855025421,0.3564720201133165,0.5794774127753164,0.38797213412993065,0.17146077440391896,0.7310531720899898,0.4941980161578671,0.5230425821338142,0.6758012605512406,0.9902291373418511,2
0.26500072362765686,0.35693342379321275,0.5791306690241209,0.3879060384626572,0.17131726526715582,0.7303573748964759,0.49531206375712417,0.5224562639234676,0.6758850450134057,0.9896698671801605,2
0.588136858734222,0.425203738738064,0.18399189383336945,0.3747752849699669,0.38786791277648264,0.7689693534733972,0.8058710740809021,0.24530663438112818,0.7977308232373881,0.23399374021765107,3
0.35393252715329737,0.9893210932195846,0.23371058662335883,0.36916506076147515,0.7961507804507318,0.6543683346506917,0.7346773137038577,0.4089864663759585,0.005885440924177504,0.5967438770632344,0
0.43823710086965606,0.7264923316585365,1.0494767535154228,0.030575849729072423,0.8468642558918416,0.6418576859161895,0.04736834478417018,0.5742726619241301,0.2218537329282637,0.32944084235026544,1
0.1439164077979172,0.7635261383386599,0.37086555130979776,0.2808507366681461,0.7530432904521375,0.570486145122022,0.9953042657099613,0.5818926820320798,0.31817104230711746,0.45612687679381225,0
0.5258047322021173,0.5019023730184768,1.0113601730077797,0.059755506302547015,0.28625579140828483,0.07454599950819465,0.5740094180991911,0.6018575088520663,-0.06315175672881806,0.7486304440190792,2
0.10319889728423112,0.5693002380559772,0.42199347972114437,0.2391338289929481,0.6760055353904642,0.7648579839504467,0.41918445088241485,0.6479899830363222,0.7327887621194787,0.9667924771307497,3
0.26407625140778823,0.35482093639728296,0.5783016952341402,0.38617088156892326,0.17296974352589628,0.7309221536749129,0.4943886288327894,0.5209719633306704,0.6741346223959648,0.9889033253482581,2
0.6972082004214679,0.7397322389585381,0.9223279197045564,0.7910707935097216,0.07097427332135366,1.0209320760207365,0.48667264805803423,0.7867441356280997,0.9006513717044866,0.3808486838190572,3
1.1724711361705398,0.631702628237223,0.9765563611493344,0.9204605666314765,0.6635435751567047,0.08716426505516678,0.9609465268823503,0.15392758775003046,1.099375620085192,0.0860242334854466,2
0.34005102120139696,0.2962738321290649,0.3286137150846019,0.8709925745846617,0.30162910817360333,0.307424457825584,0.05086887091227966,0.2028013002748305,0.8442193669874133,0.9021075384224754,1
0.10223142642539375,0.32995507964527676,0.9484353039514766,0.06786070177109545,0.6688177854220138,0.329756145430485,0.2112593702227032,0.45113974447759364,0.3426712895747992,0.9476705573438806,2
-0.18898743185560746,0.7008839241484378,0.7432388338981284,0.5164363396365552,0.30912164815429977,0.888889020664187,1.5295212002277572,0.5136258477499738,0.38893217537378433,0.2872832906952211,0
-0.12012221194401865,-0.14723481756178886,0.7899097934454672,0.9337736932556442,0.6401574438638904,-0.1768811180361502,0.4992734057510302,0.8721408194083251,0.3143365614828435,0.36598986846680254,1
0.6960913191464531,0.04727585825966504,0.9291402498123623,0.7484220853276603,0.9240673636117717,0.5178234533754842,0.6866547941560611,0.6875380965373628,1.0319196210875923,0.6156682222361997,0
0.21474388394662675,0.20366819153416274,0.2670578182959521,0.3232794759604913,0.42349023987696316,0.5619155871246106,0.3088321354808571,0.770429646205432,0.7689615792613257,0.30930373730830407,2
0.2610212265045456,0.3614854459445811,0.24148516493764743,0.6167256357160834,0.5972727829919758,0.8783536338449464,0.2668592172033762,0.11121653217619126,0.5055296397047949,0.43219790508852884,1
0.21153260692116294,0.8279560603871725,0.3695799024216874,0.1822733266224661,0.880314476035156,0.5651157132685275,0.8371684611589804,0.5292335961365798,0.15344706748551665,0.5856234058315146,0
0.2659743008614779,0.35936390891608244,0.5756053401452118,0.39013788353840323,0.17123780175406042,0.7328520155216511,0.49700476729032667,0.5259859291453446,0.674071636626195,0.9911901768339607,2
0.6377810835319209,0.5436309607916071,0.45264606274223795,1.1912068946960375,-0.6168566993822385,-0.028860785382962238,-0.44678919414693985,0.944458827071478,0.9625272656443771,0.5084948028640688,3
0.31382539352633204,0.6478523753651662,0.12207552648322026,0.7818994084973359,0.6590042837412732,0.06913220529435504,0.5252264554571952,0.7359417631448137,0.8594363928459235,0.24305546805700545,1
0.003690792532192594,0.3601710870834816,-0.10306788774953224,-0.1349764269168579,1.0512868934785955,0.40726962268261274,0.23645175249257325,0.8060743442079288,-0.18472402112097747,0.338781924299114,1
0.28001866005145326,0.38425861784404874,0.2519073421217795,0.6075324872305894,0.5770159140552137,0.8643355843950442,0.24937645130320504,0.08925451590136145,0.5204910002189866,0.45183205152156025,1
0.5856551790654073,0.45955386001817417,0.13965934783480452,0.3565237371987991,0.3213562775627561,0.7200577661405143,0.8358201486015862,0.2465548154239452,0.8444353009165968,0.2255815549307824,3
0.14185525208553662,0.34475273759322433,0.5204554954884494,0.4927728720225089,0.8367337488771889,0.7496954263802456,0.19988759608879525,0.8298794442838383,0.515561240520024,0.520603547305051,2
0.3316978132697804,0.8089129658759884,0.09734245065810987,1.2866907465622763,0.6072708538244681,0.4195623651054593,0.8736944086369551,0.08739822062542624,0.703340448218264,-0.07353054464735609,3
-0.018639795883696766,0.04526701263335625,0.6654332365068633,0.9012042440095073,0.8000026105076031,0.29505694694544976,0.37918203854276805,0.18729087225478025,0.6334816046521455,0.6216875234914596,1
0.2933291362424267,0.39301843643363776,0.2687650737408417,0.5930267234093404,0.5893543036624517,0.8769493952015941,0.23183620783834463,0.0721986575950764,0.5356756698010917,0.4492245418478732,1
0.767754477394282,0.5238894353741073,1.1923310418385176,0.6156733222735931,-0.028166459007512856,0.6403670555224673,0.2152937137405918,1.1466016641110737,0.7445930200703371,0.44274592099878507,3
0.6328790673581409,0.8681639272536408,0.8148853990485226,0.9255878521784149,-0.029538265000948742,0.017829472801053736,0.236711781715223,0.5751788951943115,0.7963649401993643,0.940611893229881,3
0.4075014746634879,0.9507075468150039,0.21403405963743238,0.3041699020789446,1.0445927245719477,0.6191513800777678,0.4468483497027858,0.8301314938739183,0.6510539240078713,0.8998071290545635,1
0.3375868973317481,0.31002163978162517,0.09734702110367782,0.5766794776179398,0.21439374662671426,0.5104006300222665,0.5297953990800123,0.661934108981295,0.42944833687027556,0.22760201059991297,2
0.23514943632424903,0.4364865714377661,0.4197422314283448,0.31744901210512044,0.4404298852576716,0.9166863999518869,0.1713468694012285,0.8342730900059551,0.7555833547768904,0.7818017195275468,3
0.9412327670967354,0.657398117344847,0.2630332003971493,0.962258767468431,1.0000467996596234,0.8989593254243574,0.8048742584911424,0.6903543059726802,0.6453540116776653,0.5615131098034514,3
0.21807923180825317,0.43879173698935325,0.29632010883021026,0.7106274797511017,0.3410321032434834,0.5745949507724906,0.02343230505317828,0.25346845576924115,0.882289084199188,0.702107534805485,0
0.5618517745065577,0.08115768684265828,0.8324446121311568,-0.03077671880600616,0.2268699856434085,-0.05742224926808277,0.7057340058790842,0.7090013071951295,0.3135619509392214,0.8098788314888796,2
0.9135736000001207,0.904704678552237,0.6281524124051027,0.02717551866556639,0.8776654666082296,0.6582893330474503,0.9520857267200441,0.6790559311751979,0.2690177306086122,0.88688743923252,1
0.1321651866092328,0.45234847377509435,0.1899432961601025,0.7812378427871842,0.5763757649115754,-0.023272373944222102,0.8634582811031405,0.5711110179365555,-0.11675365508873614,0.15001044006077752,1
0.24662156649996872,0.49044037732602336,0.7434512608702251,0.27472217223357276,0.6863375970639833,0.5402863992648912,-0.005825219160604744,0.41850865540080034,0.3728429337048434,0.7150291325443,2
0.00326185737292555,-0.10565730064421569,0.3889644927876807,0.6086585123447243,0.527927190041112,0.5627231531191677,0.6341649223029344,0.11324496222483843,0.32195116584221045,0.5613941931829359,1
0.36993021201783993,0.5435217562461347,0.29639365076998814,0.5988929150649784,0.6879416662643205,1.056991314961218,0.7158945789397064,0.13408440022821583,0.7998788422523897,0.05416409935346034,3
0.9606219122323166,0.7897945988586988,0.4130640517037263,0.19325844707071166,0.9363005124743649,0.9885878727030839,0.9208398368493866,0.9855375379204907,0.5655128343688012,0.9071426083654158,1
0.08801107022455934,0.12157289665425175,0.8757218370192608,0.8118641363913516,0.834384932956906,0.03348997853422822,0.7464006097818636,0.6012942003923794,0.33897953073863,0.2242378428697163,1
-0.12698442130771143,0.34663591600991345,0.3985570112270349,0.0881903048288626,0.28738104939930964,1.0337263602223095,0.5780654859332602,0.3203896216645873,0.23488347915837837,0.33503829455680845,2
0.7054557737384869,0.5520006664544788,0.42926814440881556,0.5801001027791186,0.6475958121689505,-0.21952110550217507,-0.28023459736925505,0.904796287716474,0.08135341135288754,1.4799536495244672,1
0.3052866639168166,0.7327279002521035,-0.007703597883714075,0.11671881957595422,0.6129079910600147,0.6398548626946344,-0.011826499794211486,0.6228277988134693,0.38975315700942,0.33125473245702286,2
0.3622037562114929,0.17275314107023848,0.17953258499948094,0.33787434497040403,0.38260831405916884,0.5608795653367953,0.2149567701824432,0.9177265890731259,0.8294791820262915,0.3425614706926123,2
0.28926330241229503,0.36246593938229277,0.23915980704457568,0.6324466979593913,0.5766759224206717,0.8584138797235389,0.26212007072095994,0.09900079880264406,0.5039487784941983,0.4648743081576546,1
0.9394521889106697,0.6479212364560886,0.27549054453080846,0.9693025889401647,0.974743547048178,0.9064986059788033,0.8181203005908159,0.6633218685463886,0.6243119323808242,0.5571243492282416,3
0.32232613575153374,0.30195140582882435,0.31707255989928995,0.8558742904490326,0.29021240805573306,0.3197226315901775,0.034492960953940784,0.18845548167776124,0.850263034452032,0.906961114351833,1
0.2289077363741859,0.8170470226287478,0.6722906264711483,0.20368851490415463,1.0286066038512873,0.8995938590365238,0.2664843376850256,1.0598371292421205,0.935007388019674,0.40103751178461206,1
0.4947985701162697,0.8931509816810955,0.3887461607792048,0.7319355641197833,1.0340513970118952,0.525457631452709,0.8972792410129558,0.0035019641142714983,0.03191174026796929,0.1620251397373224,1
0.4676272108757982,0.4305564706545486,0.3806821083552818,-0.1806388886395942,-0.10106549111797208,0.9451462615479725,0.18526342960108705,0.4403901882328786,0.5667482859473248,0.7612251809743406,2
0.7387298877661106,0.06735752318536001,0.7854226359938543,0.730974999225497,0.6710619251488362,0.5474559730737294,0.3280891532695855,0.32387080225206366,0.8135302876420537,0.9587963965009274,0
0.7928321749215655,0.9294454809906973,0.7017565756429904,-0.013148112436352583,0.8565504765018691,0.7832147009625036,1.0280535369963055,0.7174559384371878,0.158135325857155,0.8605717622213052,1
0.6182366067435839,0.750337449702166,0.5708330418964974,0.26432596100196587,0.8153701857230031,0.8551721823716177,0.5541146094858773,0.2698275740669667,0.25227265575712166,0.41171952522583444,3
-0.05231787808935187,0.3953776277823304,-0.037028030232200304,0.364981125485371,0.3127964000840724,0.7903482568251641,0.18094181484439684,0.2408624312086702,0.8497763530618991,0.7941578433059758,2
0.08210808080841034,0.11367391799612074,0.8806788868888304,0.8023379283174976,0.8333519590424013,0.03360073166011985,0.745554488202533,0.6001553195424966,0.35429291390753903,0.21686942454864747,1
0.29151612512627706,0.5135802053326294,0.2319863140769884,1.0498415363391957,0.5564324203943691,0.24626338129738257,0.6705261571500823,0.6842226874968045,0.8192350323126419,0.34561684547741867,1
0.389091376843347,0.35553179821234177,0.30786526379347084,0.7799461761923572,0.4621666086920588,0.050693640327574556,0.9766174139170998,0.2885888376011272,-0.05199909134295316,0.1539345707889453,1
0.3949298783230856,0.17812124538244625,0.21241695613618405,0.20289200118175763,0.45874111628711955,0.09628295320517678,0.2592992817878059,0.1289500131770455,0.7381826660770663,0.48451460976277605,0
0.20093528513766104,0.5083264114028115,0.20932710708761884,0.7130852368805469,0.3147067774168639,0.5896185385136651,0.09953376818918265,0.34659518360496183,1.0017205241034548,0.7228511150080574,0
0.2678238223008356,0.3880950588507602,0.2589002398622419,0.6172644090650053,0.5753655672873931,0.8744289811140534,0.23481519206588503,0.08837824420075288,0.522931303237053,0.4503241038633592,1
0.15900127356072496,0.424939480931316,0.38132059312564826,0.17170529110164828,0.35986975870426663,0.9126048333606516,0.13992906220469148,0.6932177309814657,1.0042689252911083,0.9479611031712423,3
0.6039368074522939,0.5152572193758568,4.46917213850484e-05,0.05602436254129614,1.0045508577434514,0.07878686010628488,1.020880540884471,1.4234495945133534,0.7813374288724763,0.7306783303752815,1
0.2472518339857036,0.38203016044692223,0.2813334593716095,0.5871355510665239,0.5895853634634437,0.8985095136101044,0.23610342000781898,0.06349536877090206,0.5311130192497101,0.44572524322163687,1
-0.021095307433805555,0.6383046467529896,0.17946756393276375,0.2849377880055918,0.30431735081977473,0.8880780002030051,0.2432108920436378,0.904725963216213,0.8032699967751734,0.5300448182831508,3
0.25992229259545513,0.39786645881869115,0.28406775575670423,0.6012545640244051,0.5526883741418791,0.8285753593006279,0.24278498631417122,0.08895455710184974,0.5367853705251292,0.4704179109601525,1
0.4282990922428067,0.7518499056496792,0.47255193470326695,0.9432028908349908,0.34953409612747566,0.40036026992504614,-0.0541681533986184,0.3716173585992772,0.7744376978366225,0.03210667439460339,0
0.41016840211007427,0.43222121092164945,0.45121984021531697,0.5657355197998948,1.1621265733927673,0.8901273800581333,0.10707163092848215,0.49844912548358367,0.6202313374828964,0.9967345501573056,0
0.08150378051722806,0.30708359625927173,0.9693911146682049,0.022016013353739625,0.6756102051133485,0.36021611909014506,0.255514284099856,0.44924082157089584,0.2870127994046804,0.8937321877241327,2
1.0035276296669362,0.6292076103632441,0.35000847023718057,0.9802280047607224,0.9076047076442049,0.956950187007248,0.7733222944745901,0.622518634722269,0.7055087617244045,0.5033166242162667,3
0.5938310814069685,0.7427173820997517,0.5326377819941017,0.2904111107252739,0.8716432547949429,0.9706634465090137,0.5914880242021121,0.2788168608156062,0.3031632074814317,0.32487252954385126,3
0.004664537561413634,0.5769135446048913,0.19532610245100304,1.0956540422085128,0.7757401588291206,0.24621650193581496,0.43135902317169317,1.0956041824782115,0.5744431672821103,0.3521892834770304,1
0.5776549632869408,0.7530750426271329,0.5637578954296504,0.3469922999672763,0.813876205990069,0.805937718817409,0.6138319645504552,0.2873665520647157,0.29477436304741045,0.44198862947181866,3
0.6859539549432413,0.48492388284941984,0.5686956827795024,1.1473320992588225,1.4896852848204143,0.5632903022675952,0.7120347191962935,0.7849119041003971,0.671117821627876,1.0497853458188426,1
0.33650052510094025,0.29868226741000475,0.33257211096085243,0.873296168958454,0.3061175914792933,0.31184084329882944,0.048640425965383344,0.20763345541917666,0.8400955367090615,0.9034144149542535,1
0.01565240552705873,0.1337535945134078,0.4517070094045661,-0.11012648348045484,0.7476203871645223,0.5257059959483152,-0.024502114181775142,0.3210236396998759,0.5232155458649865,0.6072238666911973,3
-0.005023755847619276,0.1656508598740054,0.2943636895337089,0.8156121471513507,0.8127330727700001,0.34606403894251264,0.5541051701782348,0.41575577470265784,0.34709003471271843,0.4231628815964711,1
0.33443245294603946,0.3317028892062174,0.07253374803337344,0.5822758890457748,0.2252697939690488,0.5363976857934776,0.5144015658338715,0.6516059782868026,0.44493651304727383,0.23395933673984778,2
0.31741525165414003,0.29351899715107144,0.20284433527269358,0.7185350871929962,0.5405250340871538,-0.012249904083542654,0.8304383133081706,0.49244738146465916,0.026289532400976545,0.3598454338880331,1
0.3388537902376463,0.2871179300931776,0.3127816360859039,0.8751995251857758,0.31757819215150307,0.3142862998975874,0.03874305764494631,0.20866130165532024,0.8357234118334623,0.8874260094174368,1
0.664057348299511,0.43077407968044357,0.98263923881794,0.5017312680037478,0.8521479620750073,0.49940667715657827,0.15669778355093952,0.9123697740899886,0.8740375173300217,0.42153562539855316,0
0.5407833051672907,0.22916619127838486,0.2520503327383405,0.09331447954000816,0.5140435926880611,0.06293010372782096,0.1284914044418699,0.019499967232134353,0.6329245442430562,0.5846045498234674,0
0.4116009837362119,0.5266900507173293,0.303621722079491,0.5497794326648535,0.9090502101493241,0.29453767019482385,0.36981882686654644,0.03074902346717545,-0.460891376470804,0.3588916983286378,1
0.20222389580511252,0.40972667687823605,0.2196977668582926,0.6426399086502779,0.2789339083825377,0.6044353437356581,0.20136016142717267,0.336611953305366,1.0917177497531265,0.6166298509265327,0
0.7280123216865677,0.6133686711527985,0.6121124054159438,0.44529385071145217,0.4821262897168937,0.6044295301577062,0.4969880334488527,0.1914827808161561,0.3168793137951834,1.037272220478122,3
0.7728831595328537,0.750099526087269,0.4356667676030597,0.07921871056354698,0.30195882136957475,0.3590556239193777,0.45651747676531035,0.04609758245542393,0.5288622598081292,0.32151072817108467,2
0.7441844717833773,0.9862941079757721,0.7616067114972571,0.1771262206563884,1.0034632085046982,0.7139938581878544,1.0071105768408473,0.7751338535815208,0.3472310571406283,0.824839794719055,1
0.9290192134285655,0.6449825488641385,0.26412529573433907,0.9716019771345997,0.9933247087437533,0.9040599903799998,0.8285490571529857,0.6722269469432347,0.639613871496314,0.5487255902240984,3
0.2257340722262344,0.19290523779325555,0.2570705037256836,0.31808853070297743,0.42788228545624374,0.5880593989356201,0.29234785497981053,0.7285658857607938,0.7890404466564416,0.3061924074471657,2
0.16677610116636613,0.4336081095665839,0.43410997710092225,0.2737111328691055,0.5018083828081452,0.9646772450943804,0.22544922089240427,0.8150909537833431,0.8188085650488423,0.8178954386241426,3
0.7419314995234978,0.37825128821602416,1.0090436254726192,0.7001688222026915,0.7831822797796048,0.38322999376211586,0.13258859404954745,0.8108575872762747,0.7184684337893925,0.4167956107077225,0
0.9347713822239547,0.6456287183724461,0.267287004485493,0.9800641544967134,0.9882810042562217,0.8978862634786311,0.8280131387808554,0.6766137824903925,0.6328719797673684,0.5493449095981369,3
0.27908331246913404,0.45410617258419783,0.2983942850137605,0.5865344098400826,0.5811520819306453,0.8134759975301308,0.17932116489490846,0.10272569152441098,0.5885696632270524,0.4283155316926385,1
0.2404270894351904,0.20684268799449584,0.24243527437942872,0.28345373038031263,0.4331349328519083,0.5732737582942121,0.2979905136810457,0.719806308539808,0.8188665693646768,0.2803153823200108,2
0.004784954190015053,0.06961667290660044,0.6638072566226788,0.9065499980152433,0.8238689597154966,0.2946047961004286,0.3568622072628127,0.19046387822470537,0.6087741570063,0.6107454752708352,1
0.5012992252037958,0.8830707148565212,0.45464178198192073,0.7407669994762403,0.9814984923369625,0.548493942838469,0.964058193176067,-0.01190560016666975,0.012678433394626758,0.15223469925855584,1
0.33812241132972404,0.29480543596824066,0.28701548099792795,0.8455398955104206,0.2937235811353251,0.3460792272302376,0.03540350152721623,0.2104613353927722,0.8074874359748236,0.9369924391696017,1
0.21558809559269626,0.29957695468085216,0.33470539507136127,0.8344296611408787,0.4028260890088573,0.02488531889062244,0.9151030934410345,0.4140999937824741,0.10753033257233752,0.3355875340842339,1
0.36931555973777674,0.6377035082458706,0.3161168565524903,0.7524831204042235,0.18239362367174847,0.9033719878954718,0.1384027043051656,0.30515194897581355,0.7683904777185916,0.7235863101978619,0
0.8371998989927664,0.9322281268603555,0.700118824906988,0.574730408259017,0.8013770470962778,0.5154555300199632,0.4369073310785419,0.11441476420343485,0.29317013533648023,0.8590275513749859,3
0.10470214252086174,0.6052929251983008,0.7798914143019805,1.2037937068616074,1.0148005873060941,0.015009658809374105,0.8495482216997032,0.33763385173137017,0.835441364828849,0.9003102294170979,3
0.3587156809159987,0.5676599296566732,0.26461768624119547,0.23369774792947196,0.915608102496944,0.8398755291634111,0.8922972369510045,0.7830480301411534,0.8740207699795355,0.7261308986122622,1
0.5264685956884773,0.5511512628123203,0.1482566145174657,0.6810595229582024,0.6450931852850108,1.0055639171239703,0.6744688516151963,0.24624022994123082,0.6990646599949969,0.20734591225947088,3
0.7523296493725158,0.7288454068237649,0.37846761951012786,0.16329330657843805,0.30014444617506414,0.4363302904244711,0.5075674146374108,0.15892235082821216,0.5146773842960228,0.34000684995704294,2
0.2907042642102051,0.31586741213428016,0.32944286931235434,0.9099249906407423,0.33214510065059066,0.3512648219013458,0.03381550071640689,0.16122532350171861,0.8492130566709726,0.9018709833835906,1
0.41590226874211833,0.17708365418920374,-0.3418296664184588,-0.5681911436453623,0.6710035644591517,0.3287352457470972,0.600093778852139,-0.6094891761794066,0.39257181635467764,1.1903881665191263,0
0.028918431844972663,0.15040113733104696,0.3842661428482919,0.14192305599877586,0.7703338114400778,0.5334870983227397,0.13546601129050856,0.06542543813077828,0.20513404684834993,0.4048920396449178,3
0.31036645343877317,0.24901676533600534,0.3037236592372097,0.42317191340127586,0.6071668189716899,1.0137759240541349,0.3092689763232184,0.14160758333894818,0.5628988187798907,0.4943776776177093,1
0.2583787260015293,0.2961141912778005,0.2843639720402722,-0.01975229556876923,0.23073362190193755,0.1074767385827151,-0.0033393403265923605,-0.13108876100794023,0.8496864026776229,0.7183461791139545,0
0.2719897869005472,-0.06557048323719944,0.8600360532573151,-0.5988830749028626,0.6089380320119011,0.1608906010754357,0.5901604592177007,0.5151361256405698,0.9688997627608981,0.9578964344254481,2
-0.003912928008915104,0.11833014750229176,0.35460431365789413,0.21523914604004968,0.8156331419077406,0.6611484640481099,0.10266987654279822,-0.008204960688784471,0.28147189020140156,0.32015281962116193,3
0.512197944313683,0.41741110648597557,0.18407574455520734,0.35320310704341146,0.35859109638151393,0.6967059825607685,0.8619060245937896,0.2462778072823951,0.816424885396835,0.26005125832995735,3
0.6895145805203478,0.893046134637514,0.3743200925532829,0.43980030071189063,1.1065904533307527,0.8803994019216015,0.7789744858651748,0.8787754971855761,1.072218343978,0.8600606160696096,1
0.9299223845255871,0.6630811459564215,0.190076014394088,0.9165733420773736,1.0772299154899958,0.9655543586673222,0.7640905667812227,0.7479651681983098,0.5673486778539489,0.5768350381754586,3
0.2727545158542302,0.19705377192844944,0.2961915293958466,0.1689445283199645,0.26975192508318224,0.514076300073973,0.34443273903060506,0.7026481110715508,0.8096381620135299,0.22130748533839723,2
0.3233579667350117,0.911286459695415,0.5123766974649687,0.22799990537239345,0.6683286803181763,0.030671235608820527,0.13047235174833802,0.7615761135880088,0.25580496286168186,0.7531249332797278,0
0.07660256698862372,0.2806921256622022,0.009385500855018242,0.04260902648661655,0.9752307798204799,1.141540000396115,1.0087256110428475,1.0312595133115068,0.8806798763769415,0.26697828909740506,1
0.0890102275839087,0.5400364572135365,0.47313504794848815,0.5866961735519665,0.8443229486583052,-0.11101542439616247,-0.0753651012129758,0.9785553019372282,0.21013027577775747,0.7627909694568232,0
0.3247378899783574,1.0484576129236123,0.41397125442014066,0.5562280950884356,0.8826215056940758,0.6323800108617468,0.7418245655096253,-0.11485922051385042,-0.0970861557294378,0.03207648246833947,1
0.2603280561479852,0.3838148730812524,0.2537818611572134,0.5925026077929471,0.5926272252439164,0.8407282608051422,0.22489321052186978,0.11636942848473764,0.5419336634032718,0.4669947256120076,1
0.33740538435774414,0.20977383555248724,0.1303067067610625,0.8551352227255491,0.3357200438906635,-0.0222680801826236,0.8532233439161655,0.5140821115917052,-0.0950853716113908,0.22801349369647966,1
0.3436974252048658,0.3004386345898148,0.33038813203244305,0.8844372073962523,0.3130485549002119,0.297163160094768,0.03681055059485891,0.1998234071357838,0.8433583971061873,0.9072564328821832,1
0.26576543121165924,0.35776488502928383,0.5811077253881999,0.38501016043754954,0.16965505157169702,0.7320448475477855,0.4939746729078378,0.522892838415493,0.6776255399816854,0.9886772946835906,2
0.35279184940617153,0.5212613786586632,0.9602769540427966,-0.07517056791291606,0.9271249974765507,0.45184816473871003,-0.009092201474576789,0.38322437750000005,0.16848171329877681,0.28709313924901847,1
0.4816624514223534,0.038723518083223746,0.8254120102449253,0.15617809477537267,0.02130697030552381,0.016506021845009315,0.6525354942292704,0.6974989482749966,0.379915841415217,0.8183302784932969,2
0.9080509873320237,1.2451222355749505,0.6989588707865326,1.2390421651793113,0.6237860487840803,-0.5028297176875745,0.16295684393621684,0.6223300624363796,0.7728074064178715,1.0909856773597577,3
0.18825085789178003,0.2082656760942303,0.1348496385486314,0.06331721478978435,0.8202334659233509,0.49783180813402794,0.2659304671528966,0.8375814985122071,0.0194094468809808,0.48060960762696603,1
0.821025823782769,0.8852604335017648,0.1842799596052221,0.34021233638120174,0.6736794268419276,0.2653653327661307,1.1231984729917315,0.5688135940204117,0.5914568384393722,0.2894911115755851,1
0.07261665555074051,0.307433569560969,1.0143692168182081,0.03778689013529426,0.6277838434124396,0.3764033059346444,0.24313009978422426,0.47189613850698375,0.38843457119489117,0.8701002989108354,2
1.318617391251707,0.46937436193384163,0.9065339754685422,0.5145471420763945,1.1342818326787918,0.7883375659857013,0.678977167778185,0.3067902170714747,0.39655972821370533,0.6506710993652869,2
0.4563286123617689,0.581192488341758,0.22863491278808673,0.7544064248154752,0.7879558368744292,1.1150512841546079,0.5847119085809588,0.1440074282428648,0.7653912800083124,0.2143770184809939,3
0.7472119509712515,0.3989244904739081,0.9380885126660334,0.5986937407037993,0.8941102300684468,0.49300224402793685,0.11570807046621324,0.9128120051318364,0.9290201131053144,0.4694014939254934,0
0.31826563207866926,0.9527256979580858,0.6031251000561156,0.29541822756708824,0.7789507670849007,0.037072699099399496,0.11134737956562196,0.8354693372438997,0.13012098328452235,0.8343175107579476,0
-0.002791010332983651,0.5375026474481491,-0.06036645308367544,0.8940221796523767,-0.018477195523026957,0.306764993087861,0.09201553768181303,0.69017161373274,0.9063118286661136,0.9955053791051953,0
0.3524246306803822,0.29667254022060235,0.3716724486362316,0.8377791797070074,0.2825702106766509,0.2816767474360056,0.07314217346956083,0.18755811186161364,0.8824794141151212,0.876283119885951,1
0.3176012021866789,0.22093788696813263,0.43654501543147284,0.1403930333409914,0.3839957058851573,0.3901840595358912,0.18444511446957507,0.8203009573099647,0.694163024900826,0.45330143166305004,2
0.4612841846796922,0.5082005056400669,0.9733779836953982,-0.027028064657015946,0.6727422125125565,0.40550047398100386,0.050509118284719545,0.5505704550683387,0.30103687089512043,0.48839248042285355,1
-0.011469509476553112,0.21619986767897442,0.39772079052916165,0.17348902897732538,0.8109757008368074,0.46146872750878576,0.08691573683767495,0.12256874549879684,0.2369401761796788,0.40405602442489874,3
0.539419734480309,0.611560493909626,0.8140588089863535,0.01926151186251194,0.7139480909192248,0.4069156964129217,0.13545116246121175,0.5435061740944227,0.33931943115730245,0.32544605188702685,1
0.11408091116690898,0.49334994052180403,0.3786080460837401,0.2008153942068011,0.43232456874850345,0.9064024707217784,0.1940925953935911,0.8368910762514385,0.7668461581102604,0.8387910567852669,3
0.7854054149551453,0.8175040605899557,0.4566854374125388,-0.11225948642289768,0.8809582298456845,0.6446199720867392,0.6970911291904727,0.40248300430348977,-0.054473904522162,0.9280813929639894,1
0.19533980666700337,0.8199205425906814,0.3116587061289672,0.17046999321274506,0.7990253647921991,0.46973433586545715,0.8643067406857771,0.4855526833957525,0.1661801425198608,0.6171075290947936,0
0.34319055378339347,0.3292106612396412,0.33545566100472596,0.8414231058196483,0.29861789528783056,0.3004368079765342,0.028240558659245078,0.20038919935536972,0.8072246083310278,0.9041284209354499,1
0.12420319467820441,0.40562149988972235,0.38048318636768635,0.21908171097079884,0.5423692576241191,1.0035585599905221,0.20379123920417147,0.7989581586424946,0.8598139682398557,0.8154554331671117,3
0.19923209299949834,0.5192256297691473,0.21017220198286712,0.7096389796163749,0.3067292462280418,0.6068429015841449,0.12144701889232049,0.33593751681222167,0.9901067992492715,0.7084777894205825,0
0.2538901104238327,0.6996494659248188,0.17626698181727857,0.1845090741990153,0.246017607175113,0.6029007083501918,0.4799067561685957,0.48144878957949033,0.5555557431185978,0.6522782858516452,2
0.34868664920534964,0.2951904220988326,0.32903113141529733,0.8668524341439242,0.30129235145749933,0.3172907132170468,0.05224199031030752,0.1996668566737335,0.8473976585255745,0.9093730702812709,1
0.7026191784538909,0.31166844501405877,0.18265778757982276,0.0029590402349966294,0.3795233052715304,0.29129063049318743,-0.20753601736160787,1.109672290925456,0.8316541630422011,0.6155876487245248,0
0.10382021088535798,0.3785961678989342,0.9648393220900289,0.3433884872052838,-0.16908462809724148,-0.269899864429726,0.8491478544007807,0.8563333717301981,0.6064933554515058,0.49977857364717826,2
0.2675757070748367,0.35635566055261486,0.5801491617319854,0.39021250245572286,0.17361979153123389,0.7318545807194929,0.49460342460770373,0.5192912952164631,0.6711457023915873,0.9905136323035956,2
0.28239134905607777,0.3826965425117154,0.2527328849657167,0.6079269577216806,0.5789786849827063,0.8649977962916915,0.24587499149012085,0.08984529876202135,0.5191212060836045,0.4520820689555527,1
0.962549843705633,0.6838028247739747,0.25172635161073087,0.49326049916351133,0.1627098413344637,0.5731988376538597,0.8232820006236904,0.5028737536733003,0.5530815693807588,0.12898974783120826,3
0.3808138339445901,0.2902480039885051,0.3804613564109568,0.2603598893472945,0.3286671596068513,0.5343962254403004,0.036244502554554525,0.7896418615553134,0.7949604770152252,0.3513888514998303,2
0.15459616357788158,0.5713766393908107,0.321592776245653,0.9302308316484512,0.6013250409921796,0.2317283485570625,0.6043145674733873,0.8884423741730251,0.7437282620352603,0.3105157402774014,1
0.5327214366476445,0.26954522032200906,0.5257196869848855,1.077214923644753,0.3720005962227748,0.8204255746940419,0.3854605385254577,0.6857020473194906,0.2947285221595453,0.31495961315104465,2
0.9749702793741418,0.5603754396234921,0.5096891893707345,0.07631014324233575,0.6658734195800469,0.2712843433427405,1.0012902957281569,0.8604476138120682,0.42606141648272544,0.5917504183066944,1
0.8512810342454183,0.27836955427080723,0.4180644474290105,0.3040397957352182,0.162518452917994,1.0984419826208902,0.8963797495293034,0.27247813728422443,0.7233163762746239,0.8174100376088543,2
0.6015226562511233,0.4182503761916644,0.19292961494331698,0.3144502923206104,0.3518973299747112,0.7180295989857839,0.8320212864951678,0.2203621687450419,0.8405831483546687,0.25073243527196504,3
0.09943802494524666,-0.10615978702681533,0.924466252161849,0.8480248392305014,0.508895433644268,-0.29011709345637127,0.813818476275297,0.823273312641619,0.2310054661187928,0.06845462098817096,1
0.19900326765182463,0.7979532753733826,0.5006970689017917,0.7210455719828242,0.6831061585581728,0.7555291839034783,0.7425299891409837,0.21731436616974703,0.738211209503421,0.5954694641408236,1
0.5935458405595266,-0.3211949378210553,0.22961151939781788,0.1050533825935635,-0.053732071629266354,0.6773445363364097,1.2060108713103437,-0.3111082350445645,0.8234135325176917,0.7452458988432942,2
0.2335618443372858,0.23715074892149263,0.143285256582487,-0.10889501289246212,0.7278338568916747,0.4103834766725418,0.2245252308629027,0.7302268997240451,0.13605322832746886,0.3730067945635487,1
0.26504746819349967,0.3564191943914553,0.5789122144344321,0.3868606498378247,0.17217501430348012,0.7312026092144694,0.4945131072485479,0.5225928040165269,0.6763515550694464,0.9893878125628465,2
0.45798671150652426,-0.04899535528700508,0.5094251244233813,0.0008330264257350312,0.2601321734631271,0.9332442798368396,0.8350222509443678,0.1045619694744808,0.6495644202551499,0.9692648726493348,2
0.36064483877228,-0.3682969639392866,0.4246784560470833,-0.3290398547338699,0.6633016384738792,0.951082219080037,0.6792748595470797,0.21175874230044558,0.7929430726227736,0.5484179055685385,2
-0.08818979881028383,0.4880943081598883,0.5346074414085973,-0.15332515464896695,0.9792949940383616,0.33320334009051555,1.1186957111639482,0.7131626757960234,-0.08725771371775798,0.5563968990560407,0
0.4726134355847055,-0.07084694003907467,0.31310469758165926,0.8350562859008988,0.39217803846273,0.6739882049530341,0.46983111069858785,0.7531534897061043,-0.1657512580520757,0.6690267867170824,2
0.37984273955715137,0.8676299483018832,0.3043258759178844,0.266781501639886,0.9700888567065964,0.6284908508900864,0.5084955142933317,0.8220340979919425,0.7362734187477048,0.8177443175142881,1
0.28370608943719355,0.3695069656207849,1.0695091713402554,0.6690078467558619,1.1079570280904294,-0.25256575151193333,0.8213086391048308,0.9586384177663962,0.216941214311408,0.6050871057775975,1
0.8894259820895033,0.8725067141940182,0.4780029411238739,0.12433098632469938,0.9471742773961022,0.7126777035505455,0.8661726703252496,0.7392935466587828,0.33455036781557557,0.9405142429669172,1
0.7883651722006852,0.05413038172582253,0.5951136948114281,1.0639031374372583,0.4212168025947576,0.8183772493422633,0.3198933082256213,1.1009414495581593,-0.014164743068866795,0.4144845093087487,2
0.27308059230732734,0.2803311523807929,0.06732316420908842,0.27379622493791916,0.692047465478764,0.5172988463301005,0.4713018316264002,0.8114649441185238,0.26977559195864326,0.6681402026707961,1
1.0784890901599287,0.08341055111129993,0.5349832620105566,0.546457989094143,0.7346464415371519,0.9247231399092638,0.8479319252302051,0.2744100777123454,0.7028443907557852,1.0259452675220706,0
1.1771672490359457,0.42791924607058995,0.5813550064950097,0.31294168067122347,0.805861346439507,0.12740326845602462,0.9662425560296768,0.190174477161722,1.0722175808262908,-0.06077750964797074,2
0.6670980145134486,0.11089997953585051,0.34748009098457655,-0.1964399334069663,0.5269492316556991,0.17928934502984462,0.8952166568189683,-0.12840714353600458,0.8532746720785114,0.927128640154329,2
0.2845165199037777,0.20449340298366406,0.043552370522580555,0.10239766330476274,0.3011517130459465,0.24634060025449328,0.16025477489685414,0.8220855364163778,0.4240747275485074,0.32135383436560166,0
0.18922953393844344,0.8053897301169995,0.41424042794074334,0.2571420164539743,0.8390295257596916,0.5190433302886825,0.8299907754827028,0.5822178487072859,0.22079978450773602,0.5534307507572742,0
0.4845879723512744,0.4704595526367431,0.2753190593705546,0.8140283562119641,0.6398274428144608,-0.05109583002941262,0.830754209292106,0.5882841359925206,0.17462869197754222,0.1959183718530891,1
1.0737490608851528,0.32573990188555535,1.017449899596748,1.9151322086595872,1.701826540623565,1.102114992710148,0.6840250726563519,-0.5088399149706421,-0.13911950227869374,-0.8256557946247435,2
0.6119047325213861,0.7137996301524352,0.7028660534640706,0.39175598794973926,0.6209306311025663,0.4777819342541102,0.49588199533793703,0.14366959391960682,0.41099811584192475,0.9377273120886931,3
0.498469968243469,1.0016477029336643,0.31102678477733897,0.24076914293193902,1.189803887912205,0.687415163640373,0.6694445676996807,0.48741318996813787,0.34411468457051786,0.6629158819113536,1
0.3651845165941662,0.9023932844524593,0.5732624562518235,0.22741557909912236,0.7175017051253666,0.02972526953651654,0.09409025986431972,0.7485621510482757,0.17857224723452525,0.7994400775988729,0
1.227479850521616,1.1631469816057036,0.6609626279404182,-0.08652988861493945,0.4875984095127893,0.8074893268147272,1.1682746342162844,1.0247084849770596,0.5437570812124511,0.581056592980685,1
0.07092389839748421,0.48316377712854114,0.4433658058807596,0.19665291993073356,0.5349033788307184,0.8305293664932083,0.14566586722308178,0.6667349824402595,0.8414108577125707,0.7493928879718834,3
0.3927711664325979,0.2600370362517576,0.23876672137975596,0.3298850070013743,0.386130119440097,0.22622327090571523,0.442418865321713,1.0576401179706112,0.2188671569494293,0.414857788514404,0
0.7131314463775293,0.7428756797459324,0.9563318252627264,0.7237139611772448,0.18217190568305677,0.9264834746847744,0.40023392140794023,0.7971535018058449,0.9811901306934111,0.31200484986504207,3
0.2869550302015702,0.15294008979195833,0.23246530962624296,0.18013840371571643,0.8233660789206338,1.2369579212092108,0.4053158670891235,0.48778328735993537,0.6143237002225099,0.5112074537269318,3
0.10543495346171354,0.6203600250532425,0.2640445336612311,0.1067625486748257,0.3680785113387882,0.7383674631422992,0.35433112097508135,0.44086960726517765,0.6406326530514297,0.594663611982925,2
0.46749291925784914,0.039689392308665514,0.5019691060804271,0.08107449505621882,0.28892817843087565,0.8081064925332571,0.9228439625960655,0.031723030362109536,0.5747645449802822,0.9576780850160024,2
0.03184538163640599,0.03979425222066797,0.7187284663275809,0.9688263443522742,0.7750308205325915,0.24639782636208557,0.32880763859055445,0.14789187822711292,0.6559701621195406,0.658554621614247,1
0.8966716729706145,0.9252754538698817,0.6491156973727469,0.16565551505467346,0.6183317770344332,0.7458127314678739,0.7179169091714208,0.7878263030610534,0.44308353498725234,0.7293750057963775,1
0.7383791280817698,0.6091490746392734,0.6123124341971927,0.5061913844067314,0.4191814395793573,0.7186328827833895,0.5232757193987764,0.11028939079224094,0.4706392484185569,0.992432385710923,3
0.10208500114581334,0.22231687268641662,0.23119448649689614,-0.0639765526852635,0.9492256443873194,0.3212259759916929,0.2987643321043219,0.7020047871463708,0.03979329656965067,0.5519756175143459,1
0.45105822477238255,0.8031867663577303,0.014007516676415699,0.5671215808001332,0.4350921377585908,1.0927170162539996,0.8463235987990416,0.2345938289639015,0.4619292360965129,0.019712831421859783,3
0.368391248021403,0.4189863830336292,0.13290363504454208,0.9504365036987321,0.3382354333805789,-0.13656200035599614,0.7587534131459259,0.30241477436816244,0.030544102167494234,0.27496653858265013,1
0.6271161625282148,0.8532609761661587,0.42541098311493847,0.8087970589176272,1.1012105172590978,0.6574039422522269,0.838232363658056,0.01880818202348666,-0.014999440546464009,0.29654801435331113,1
0.6525551055855369,0.0448358726207775,0.23767579854320853,-0.1547731236091003,0.414861285309988,0.658931727388355,0.7929408881149054,0.074485267069686,0.4356997684465317,0.7688659680519688,2
0.3678985858104504,0.33679405663716594,0.08150449770852079,0.597271004836466,0.26080211048728513,0.5252463741900356,0.5084038956967637,0.6886411462945536,0.43082682263180505,0.2740005361323833,2
0.1234136748107878,0.10943174546608887,0.9033293461794821,0.7425660686362289,0.7593613031944171,0.09013114451360123,0.7611016661780139,0.6371357750151114,0.3229186510579859,0.18236942228143904,1
0.7453434354709791,0.6552930921189397,0.2851270080350495,0.5465573910059711,0.6034092598190262,0.6890838329094289,0.13245977465436337,1.0724254369764643,0.38705299940043586,0.4459209927485982,1
0.35765460467360977,0.8906929847148638,0.5598488958885192,0.24467152502234724,0.7169429306853901,0.04616819695830291,0.10999149115198827,0.7672858884133684,0.19284249349340227,0.7809905132516889,0
0.3597729348807137,0.8933163900305743,0.5782358403224661,0.26325160183973545,0.758379473864645,0.09323963672839722,0.14250063232865737,0.7629989715116973,0.19994969985171016,0.833148067310804,0
0.5623643947695538,0.38455219835597887,0.024083985326328397,0.573482777628552,0.10400293212908795,0.6104622515705825,0.1685656885340917,0.8651518335890002,0.35326316280663417,-0.15521861852508878,3
-0.44981462156519836,0.1014657581410906,0.4587677164474575,-0.5481752615510916,0.19629476010528668,1.2838779812285281,0.5047270249197575,0.14247601240129282,0.23794878071006442,0.987710456647607,2
0.2750817858240034,1.1041951847216245,0.630927431824174,0.3993596033572103,0.6687172799704663,0.38723553620068396,1.2902099846595618,0.757344940411284,1.2806961955703264,0.65336608573097,3
0.2679134346176649,0.3579868809345509,0.5809038140395781,0.3853687322074785,0.16878487724752,0.7285296072279522,0.49438402475104026,0.5192452574108172,0.6744099746700214,0.9899485304024666,2
0.5990612972676584,0.42143231456007024,0.18495547675209115,0.3748319383419748,0.3641153306415661,0.7366582694756749,0.8021281884403363,0.24389939964663665,0.8393185909398628,0.25145097323010457,3
1.0111579562863309,1.2277968803747803,0.09637761437177916,0.3919228898855777,0.32866644950438784,0.9496760527536862,0.6259369009022402,0.5762700698085794,0.3925504343168851,0.43425728673512715,1
-0.052404942511995074,0.04779463792512533,0.5831287703166059,0.9570603031005831,0.7724575112135087,0.27542345055550915,0.3088539606839041,0.18717163117113939,0.6171762681254593,0.5564580481017327,1
0.6477510101022221,0.15989256952434533,0.7000711528696899,0.7035272990233058,0.8019094287306191,0.6509240435762175,0.42592331109330533,0.41599963525103484,0.7802749477497242,0.8297448421444618,0
0.06157317155970121,0.7686816289327938,-0.07355408851612083,-0.024510808874667833,0.5591338865992068,0.7238990109090144,1.1953800925385165,0.6063217409451135,0.4210988979554037,0.4697163035320213,1
0.9794875058834539,0.9423031672558481,0.5994079378142909,0.12603725022847623,0.7807010723569194,0.786279371926111,1.0394357889337613,0.6637893267869907,0.13209655778568186,0.8458376724747136,1
0.5540019921354521,0.5732589359714194,0.1402981328790588,0.6982947652584429,0.617461510894613,0.9836859354128437,0.6992723245949848,0.2804922565546403,0.6633789494697676,0.21361817852285378,3
0.06147307636582705,0.2480548041394595,0.7738712243674142,0.9253966128779141,0.9484112749637195,-0.1374438022441791,0.9001837956438629,0.7628166210519413,0.4317998345203247,0.06285270627581041,1
0.28187390044208194,0.41338038816476463,0.25330486409685465,0.6258173787562475,0.5954915537276815,0.867797977040422,0.22749140396075276,0.0604401831335612,0.5216837005399495,0.42635738111996546,1
0.5535628600609652,0.6935253471809791,0.5000229563327139,0.28697046471946625,0.7339191762870383,0.9140273607576942,0.5722318220777926,0.31919614851361205,0.1784320733229824,0.36639582585813746,3
0.06689566556944798,0.4891271136362427,0.41484503170797704,0.8380757680512636,0.5115675584494684,0.12231933732353023,0.6827788974871043,0.83467131934601,0.8808137478959801,0.41241720696367457,1
0.6047620175026446,0.09738191116551313,0.8701201251844699,0.3616774681832858,-0.028237882395240874,-0.15455685729417953,0.48099340521908357,0.8355801309651921,0.22684642949469253,0.6516098520834577,2
0.19681922205342253,0.7211907048438155,0.386979753726864,0.2823048560664926,0.8497696936422867,0.4903273312615664,0.9350324591115378,0.5221696817186994,0.2973594865462276,0.5107592223868573,0
0.13517045357186278,-0.06188005180601977,0.6324139704196075,0.829382106343699,0.6567257690629134,0.14681209990097757,0.25986644977771506,0.10901940389384045,0.5161471857431352,0.4255342957381741,1
0.159578780187027,0.8564182389216235,0.4325202961993253,0.5012859739039681,1.073825029755835,1.0306414943846711,1.2329384094184308,0.38547942817808967,1.0704585823331914,1.1232870267059534,1
0.059669144610557265,0.054186747836521956,0.9574832448414892,0.7054042009978545,0.8258158574346156,0.0019825234296549955,0.6383160123252013,0.5376011202155043,0.3857427575694091,0.2011397206641638,1
0.20765639739740732,0.5464808897796998,1.0482059417301874,0.0863124191388218,0.6872846991540208,0.3171581567915356,-0.051300043563410974,0.5759360300807489,0.27808757072513907,0.18409831235965549,1
0.4662915700444791,1.4241625940864577,0.8144891475625956,0.2884785478962291,-0.028063957205973267,0.3677711581988604,0.03789828972969578,0.3595423519862888,0.6780092220686078,0.9839657872898475,2
0.7404709891951495,0.7346005532666304,0.6544945962041991,0.35585519823284195,0.47230754206003844,0.5232855251100222,0.5669784841988499,0.22804949218027856,0.23836307004831653,0.9877283730669292,3
0.33907779113401526,0.31821547878846396,0.09458670075974296,0.5747096035011214,0.21960221584736092,0.5090706353335217,0.5182086297283124,0.6477294448118206,0.44540597528319503,0.21640776641741058,2
0.9418733954944627,0.04047216572379476,0.9303772911395638,0.7540487539678027,0.8870689718593643,0.29500485824480754,0.5632652048904003,0.7537403387555712,0.6217526630733899,0.6631662699031811,0
0.3387592939051124,0.29655192982380296,0.32764302464725725,0.872160540251654,0.2996310560993639,0.3053091912401835,0.04867994717528442,0.20452019034576957,0.8462027543558017,0.9036550545690057,1
0.2578980078046244,0.7841663337952048,0.3747254307145311,0.19460165733967458,0.8522192878635471,0.604710435623853,0.859426132758106,0.5619715666799723,0.13925658000983587,0.646980163688399,0
0.613696835316428,0.9216442786064275,0.8356456414178758,0.9363301664913091,-0.0019602179402183686,0.054868405655411484,0.17793373491347256,0.5528874841570769,0.9048001754545552,0.8591414039468112,3
0.048279161579137767,0.4533353547787235,0.4953016260416526,0.4209121528552198,0.8246391356511446,0.6426991694998808,0.2181105347771929,0.8525648861360902,0.5553096400896045,0.7179014470944711,2
0.22184451400414434,0.4805095741053042,0.3128280667143254,0.2565952911284181,0.5518557904882787,1.0396904614852642,0.11963550438497615,0.8236648020993096,0.8713799733340558,0.7727112243657983,3
0.26657761830800186,0.3554759745299575,0.5800512437267319,0.38599035604645016,0.17290367642686308,0.7314515431710391,0.49505288953908755,0.5223908328604149,0.6762869292336531,0.9885661834110667,2
0.17616014375383873,0.3170970048937188,0.7486353599456375,0.922434523996042,0.7990833267523273,-0.0519682962515782,0.7766278220671109,0.492362699772417,0.1671853359338199,0.2381230784385046,1
0.2905564854632902,0.539630677925107,0.30740739821801394,0.3403576173230287,0.5940037727542544,0.627301003695288,0.67126864991317,0.5911524978196033,0.4062906000405391,0.4508810069634611,1
0.06982536374798792,0.17836568380777937,1.0738043381471254,0.7837346146128608,0.9302124344479222,0.21246366107485185,0.5613381424760481,0.4245399277320028,0.5448482469083156,0.12173531958397295,1
0.7019383886284084,0.3897582397219893,0.9083567420293402,0.6049786175589172,0.8003838465403724,0.5198890264953409,0.09687294133128309,0.9597243296275426,0.933632713405454,0.417326626162052,0
0.5440916929707922,0.5776332549637099,0.6948592774682048,-0.1380163581789483,0.4786435016219797,0.6020483558991845,0.08864459946509223,0.25363757735295656,-0.09126039339830883,0.19143243468341412,1
0.7165744898318539,0.8319713863982319,0.3835903026353555,0.8963324557237353,0.7703158693200785,1.0779950611527338,0.6706463440563831,0.5015217017517055,0.5071854656312345,0.14657117412416362,3
0.3833244290833683,0.8852630050431496,0.29530745265790986,0.2689028163354053,0.9740714723343242,0.610731411350846,0.5051549622823671,0.8391596130504658,0.7445028090543502,0.8083872638493261,1
1.0988538714203349,1.125609734204785,0.4630248093084576,0.841884401560493,0.05465438427484265,0.9690747330758195,0.05544237320226386,0.9076343787594316,1.3738819139910268,0.6218710795309232,3
0.4215465557333866,0.006167844575304324,0.36522290824094505,1.0013698858869005,0.5449769457127723,0.8369309055880758,0.5323777282350562,1.0611382168475045,0.024392655599190224,0.6113369110518518,2
0.5233305147298808,0.48015410192790364,0.98984569832822,0.16671306114930434,0.7226009955906406,0.5565620119657412,0.1754182174604525,0.41671478584956506,0.2926486005209556,0.42071546242930613,1
0.025937658520092423,0.1789149574581818,0.40626301932334974,0.133719239422693,0.7948416483686509,0.5346928725086336,0.15282433686246197,0.08758243283267989,0.2073230597186071,0.39441381515455814,3
0.4397686682510471,0.8357707274700875,0.15768462288479848,0.13506013007342021,0.8451273874843264,0.6300737352385889,0.5261490727447209,0.710385931156679,0.8445911856093993,0.9527814521866966,1
0.2348425896431392,0.43552432182697576,0.3662367404677173,0.2559852786958531,0.49837444661556674,0.9450677319941061,0.17419646223652213,0.8068373778389305,0.7776769323403631,0.7672969707016731,3
0.5745643896444681,0.8319336811219388,0.6148141798302207,0.27836529162208207,0.7721987125816561,0.8697089083184484,0.497960379825356,0.3180005301997447,0.2861284648201564,0.4033754606827599,3
0.8079100508958257,0.39778403475733803,0.07242510282114722,-0.4461242274640145,-0.1291074949335156,0.492076520674954,0.632149934322064,0.6558165508467797,0.048652073782672334,0.262393785304273,2
0.11386562624670331,-0.03608701582759741,0.7371757106135903,0.8643303569598236,0.7695191661376707,0.016824026493481012,0.7252287361777392,0.6779415598964934,0.4614444018383934,0.3437814434194688,1
0.5954110511540084,0.4283397399855142,0.14072328516032462,0.33022450469067155,0.38771011007972184,0.7111032724191138,0.7806161635650881,0.259667459976113,0.8387150422435404,0.2124079591519941,3
0.5268351944868697,0.8005118703067822,0.6858031396125117,0.1676835796303775,0.5022197287009094,0.18820388266591842,0.34131037261715014,0.8672780943076895,0.4145506349750352,0.8851772127094356,0
0.3439197644319475,0.3016889471185709,0.3326584158402582,0.8689913004745118,0.29835325435347165,0.3085078968057767,0.0552621803153952,0.2041387355428275,0.8437362414368108,0.9071064447086614,1
0.43548857348521147,0.6424648478245784,0.9987826204202206,0.05246071854309259,0.8187446789276308,0.5524742758867207,0.07893546099468494,0.5254437779074681,0.30812829488405735,0.31621188510313203,1
0.1473721866689297,0.24938308877051168,0.099706399763583,0.021330094770759943,0.7665162029268716,0.4052410069506624,0.3171713700251748,0.7242833895054824,0.1116533184156094,0.5457628481461904,1
0.05261862038203591,0.6158671775709473,0.10805104366620642,0.5023544465942088,0.24639044506966362,0.563280417839416,0.06424669661119525,0.34052569934668353,1.0227685329423661,0.5913489753726554,0
0.3659747730991512,0.6367413928475136,0.17113048708281853,0.5404862437738842,0.23984306791158977,0.661707306549751,0.08880641749489376,0.29682196776542075,0.9409901701461851,0.7538564553786161,0
0.43133165034921883,0.6600524787473206,0.9034273541205031,0.026519159409200948,0.7622928064557005,0.5483608791343781,0.10791871551470779,0.47266498075015434,0.23214325488846135,0.3851623840807064,1
0.2665731494804538,0.37339751132558924,0.26035712245495407,0.6109379057280246,0.5840283374595595,0.8624953286158966,0.23552721073066488,0.10400584319465662,0.5026549760201106,0.47173933603431206,1
0.030518440186092233,-0.3887132566269829,0.9392676550044432,0.3406373008990239,1.104795765794528,1.5615347699541,0.027898510512685548,0.7988116979209336,-0.033342185705517696,0.6992310558892978,2
0.21366089068888733,0.22132874799493915,0.18624755369175763,0.0031861319990213917,0.8598529460482881,0.457695124950939,0.2589824452454302,0.8179895670586999,0.03091291422730707,0.441994176499418,1
0.21275009957817914,1.0359206435924952,0.8817415656421286,0.923920216223953,0.4865034080842664,0.47434867904901107,0.18189287929393003,0.5017427665531443,0.7399145688544607,0.11988591460145942,0
0.0055714986840121605,0.15511224246967023,0.10722627983083685,0.11427235946856568,0.71006940332256,0.6000732654367643,0.464125711091565,0.8422186617929979,0.14185737791462677,0.32975395764939996,1
1.0130112045890554,0.7734420422336785,0.703056579301765,-0.07872368687217572,0.7221750600516587,0.7953549887504895,0.8592931160494034,0.5739273008701851,0.1639201025631828,0.9764823330015057,1
0.08841811215464099,0.12353908733597017,0.8794641410115848,0.8114544799352167,0.8270581784842294,0.024119100806665558,0.7377312344856953,0.607657878195508,0.34419905428125214,0.22940243678063604,1
0.8349054945611661,0.8164149044235371,0.7368278943032323,0.67912325487739,0.8658288873779036,0.06450076593021146,0.4887167314408842,0.6938156346895901,0.8639081418082021,0.7166089309304156,2
0.3055559358047707,0.24146590326168907,0.3952484857543387,0.18392623474503084,0.7641525210357213,0.66244495339907,0.45585257191984885,0.5724709666694626,0.0010164874786887795,0.6052487899962703,1
0.26351602356268616,0.75507140139363,0.022015384485283434,0.1737503860709452,0.5910293864455467,0.7609663645655054,-0.09184739010586644,0.5482626457384263,0.5101508762918223,0.48012311891877263,2
0.39677639187819647,0.2702346719173506,0.29004472769845957,0.8729868088585616,0.33614889342280835,0.31197579526747315,0.030051235662804997,0.2050595402222693,0.8978638546223094,0.8707523730819026,1
0.26438024793202825,0.34373528034513434,0.03148770051853782,0.18398493751431116,0.22998104461630342,0.27171106619187474,0.120607732692666,0.806244766347992,0.4103691559216396,0.36433985346736736,0
0.5763775387575826,0.43927658494225114,0.1678261318481919,0.3575950416401057,0.3604810323900293,0.7431092219014075,0.7947583062904391,0.24210249972136125,0.8219896987678895,0.24195622194922353,3
0.39843047407600524,0.18608241415870735,0.5525908052338144,1.0785080419001818,0.24188052321200565,0.04276896229190739,0.8183365916968421,0.2800035866715461,0.15884096175199314,0.4712093117056789,1
0.37050170545020583,-0.003694460348324241,0.9393516453071709,1.457009351811172,1.4201256902537085,0.6672055579372113,0.4880941149539566,-0.1810354836945638,0.4117121947876192,0.2328236176136188,1
0.3403051003403542,0.40910849341728034,0.5237270389105204,0.8213763007206885,1.0004213710307719,0.29957232671965645,0.9750868031455043,0.28755216875496215,0.3733961335576346,0.028055079994553533,1
0.08358316059697346,0.02789233706760985,0.30149435112120015,0.3168581544671354,0.5809666270659121,0.23896358714101928,-0.05111921020834864,0.9912046894337296,0.6246939689114391,0.31988982275190625,0
0.691819608619331,0.45954224012099326,0.9528771640832165,0.5454955949057703,0.8533607721331236,0.5039429229617302,0.11443885614626237,0.935961243236551,0.8678096535202537,0.46783583214979146,0
-0.12977177369400794,-0.014062785124424437,0.5249968569099032,1.0440583157187335,0.9545594236014437,0.3655739120941325,0.3355143113703053,0.06713374220050192,0.6768234973837902,0.6193305615187784,1
0.2918820281839336,0.13264372250374845,0.46660667492824814,-0.062297446790394756,0.15320203816303465,0.7886641798000036,0.7425140814485132,0.03943163126324137,0.504643887721553,0.853323892142432,2
0.2783158895913319,0.3841006957763093,0.2752991714701624,0.5898826493601886,0.5776469525543422,0.8435833957229659,0.22525487824400214,0.08216628017946655,0.5310384309428301,0.46231699138583826,1
0.37778368671050994,0.6610683469541224,0.9832230332281309,0.005619495663124807,0.8572598506449448,0.5741295785195595,0.1590494019565606,0.5354450659470712,0.28980439770019506,0.3506668836034635,1
0.4645612848924994,0.4116006184847912,0.703328354606238,0.12228777884577591,0.6549467288468598,-0.3886664129696834,1.0484094313855805,0.6972816149652432,-0.34370334911680045,1.487030530842683,3
0.18488832643955636,0.4895307250550239,0.44894298786364356,0.7743013200823554,0.49044758211045125,0.3463233722416374,0.5857555311242854,0.8364850010896332,0.6737407942916743,0.3526099032216394,1
0.04587587702055716,0.7802950011988237,0.023539110773888927,0.8909270538077653,0.4043737032463678,0.1980225709200638,0.6405137046502043,1.0479223972073688,0.5581193540075089,0.18091016796138853,1
0.9571798606204314,0.9125143310537324,1.2548275160869449,0.5384173220570174,0.28001251693458,0.8338835367829058,0.12860297021568845,0.7221647472780226,1.1693142950412208,0.36920461996671683,3
0.35112848399367064,0.9606999511789776,0.45705057931101095,0.23110515549239088,0.6271861796034588,-0.10983294110500469,0.1779308959945509,0.7136344233651256,0.05849488492887614,0.6789836432314565,0
0.15625400198454856,0.45828356670507314,0.39473814027610593,0.29452753674250237,0.48207444727531334,0.9706800264435154,0.22220216197182274,0.8242591816914909,0.8347534119491662,0.7864383401833944,3
0.34393331131680627,0.3346398332089375,0.3281194546224664,0.8914599397032965,0.3099708320944023,0.34337752736395044,0.00598921229029846,0.17388548366808348,0.8743458465458176,0.9204381782090169,1
0.27515061975654975,0.022902257299085904,0.49940341156102636,1.1679086621280974,1.1519444754437518,-0.16349104130476896,0.409878949089389,0.6692899686215915,0.5874470130380262,-0.0448650537103677,1
0.08228577599794684,0.4965631139010153,0.7151203779395963,0.5512149640323487,0.7450634668246855,0.096166098877385,-0.3371728421980004,1.2394164474411902,0.08630755385418111,1.0384138178282862,0
0.6739576224329689,0.8811305528532203,0.8021352081338935,0.9796089777871436,0.001355334977621369,0.014825616054894405,0.16380131836648432,0.5420009308938741,0.853678778377569,0.8841117792229548,3
0.6422021316401739,0.5401082906530265,0.23171741766923987,0.7661836892251774,0.6414136444993241,1.0612684798302896,0.8140475272059198,0.3642386693049721,0.6392773402307546,0.18785588303868908,3
0.519107508430641,0.5050996287156907,0.9821018112133645,0.018106773638371786,0.7968216380087391,0.41922559719947083,0.2117987187853802,0.452778886822665,0.18694668529203468,0.3846627416617194,1
0.21856671669766578,0.268761100047085,0.9943332858407805,0.8593980031673429,0.8879008999254886,-0.03408520409301873,0.6225090346326956,0.5453107359630278,0.41479795062894065,0.14890974478943864,1
0.8683216131446053,1.3552123367363471,-0.044691786787975696,0.470230303806413,1.2355533525133464,0.7335327361047332,1.17271641457131,1.3654664262792564,0.7004742095597107,0.23863678817735845,1
0.8325603411096038,0.28411525130831744,0.6683675765459125,0.7921226727805452,0.7859452398874712,0.4808155886407435,0.6091844189938039,0.5025672612477607,0.9081168295159951,0.6548580697230737,0
0.8881644429200217,0.6904306566376914,0.2599356639709072,0.9370330484961327,1.0027051498701995,0.8625957578793096,0.778360906264659,0.6385720797872285,0.6120041689750803,0.5416235047942319,3
-0.05573960749271756,0.916541818709631,0.5167090664910571,0.8604966431689143,0.7676573176602326,0.3178241386579307,0.7339387902825036,0.5335753393831166,0.1548340327547872,0.27876856228173613,1
0.6062856392094763,0.2518302806379049,0.5172092917147136,-0.12185428553224076,0.13560155543210928,1.1365806910100191,0.6002055720837317,0.003123737897824372,-0.13189959224767633,1.0492695646589176,3
-0.05769549863254787,0.1602183792893329,0.42596806059845493,0.12773358382539904,0.8500119292886812,0.5718971573364985,0.12865016826467318,0.09134975611444156,0.2579230844460997,0.400098747047504,3
0.6088338238901523,0.2978028538780687,1.2512878879463298,0.07293163032010089,0.5392161812333656,0.38317864503070775,0.054001666236248164,0.7199448986854822,0.010474640187585982,0.31454994230214545,1
0.5510798071925358,0.7753310089687888,0.21166602968402148,0.34475135813537644,0.9947691759947895,0.50379879022343,0.6960470727440358,0.6417712588840894,0.5596669090769135,0.6486829325399521,1
0.21297577942713825,0.28574724170172905,1.080727694551269,0.7704761079897355,0.886225815633739,-0.16789882695641617,1.1144594082715507,0.6900325492527231,0.18796219932705868,-0.030175191987880934,1
0.09666886638637469,-0.009196330499821742,1.1331151250883584,0.7671896099012177,0.6548334364800601,-0.07403553893132048,1.00254333332344,0.8068558212527759,0.13540139905348164,0.4688499517799721,1
0.18289197981954264,0.6528412672941647,0.22541590867751218,0.13326467201616818,0.23936027844794233,0.6601310545994055,0.4129705684156368,0.35920695064762265,0.5616761363286668,0.5282364532585273,2
0.3267562171060434,0.2831730183651213,0.3459586110791329,0.8649424299113043,0.30905052901221375,0.3173852279467995,0.045458023622642,0.20917665574132066,0.8337530256095046,0.9047774906402856,1
0.5530036904078818,0.21705337756982043,-0.19727820332592172,0.6190735715514237,0.20195819513442143,1.426923977803273,0.7036739124336147,0.7579094676920399,0.03961539703255098,0.4871109186373517,2
0.62386061692659,0.21017351199339313,0.7438926324333133,0.38530819066345046,0.12186178314318637,-0.050371521603542094,0.40530015859750534,0.8537756928080966,0.3387636001887464,0.7196009729435496,2
0.34072581578146244,0.47905255631684796,0.3580608445328128,0.3881590314391899,0.5575841756322317,0.8781140594080326,0.3595805860118903,0.6692888883649546,0.7673083877720746,0.7225060808622407,3
0.029099114677421767,5.338027311618809e-06,-0.7869314318810957,0.718607159218086,-0.237090794624224,1.098750167624718,-0.3370155465189034,1.3707643815636796,-0.0005051418842418332,-0.2802550962755232,3
1.0486697505209777,-0.003874214506677208,0.6885837926899966,0.9711424558681517,0.6107575625505591,0.11045661837649934,0.9862700701574687,0.22344348535147293,0.6193043702794853,0.7735715358865656,0
0.23159229087830258,0.3584718501875977,0.23749294726967923,0.6198589217814734,0.5531700147528074,0.9449537977846116,0.29165862468465303,0.123852422053674,0.5680833341097478,0.501936677325064,1
0.11765443169248893,0.1859043097789505,-0.4070720996933206,0.46461664205261416,0.20230915948913009,1.2292267783187882,0.5451882742658888,0.7087020614795096,0.46040915394724513,0.10820870923427356,2
0.5098680876000106,0.02567690052026977,0.3971794079848042,0.95393076979398,0.5774395014402988,0.9263397283964971,0.607217754466184,0.9702609686209949,0.09971634427844,0.5688528137831373,2
0.879468749735681,0.6426452575309171,0.3105128907740917,0.9026968165522216,0.9038949243661,0.9680785716195726,0.8881467183693589,0.7126597665088138,0.5797352110401294,0.5190416303568746,3
0.8335577020939071,0.23297927162979024,0.10656553702179397,0.5789264715192476,0.5440032118274406,0.496447798736961,0.09249192278388238,0.6483808851378433,0.16684291199679044,0.1863793730383722,3
0.44904025997265956,0.21315237305570642,0.10836052943831195,1.0762148719032187,0.41397682585082235,-0.24424064073755575,0.9060402755106074,0.6650199544598765,-0.11240557735973256,0.38555931693149464,1
0.853284224977062,0.8349759828002299,0.5473800351978028,0.010770434506086954,0.8287874623845379,0.7049451285616197,0.9776743654081997,0.688509165721896,0.1969236797452874,0.881210932606121,1
0.624327076898861,0.7279754221769077,0.3860564188067531,0.7949221550876117,0.1516808831252647,0.44616556660359147,0.7699746313042641,0.8454332720236734,0.7783787777043107,0.38594540873518446,3
0.621279801229838,0.6204402522390501,0.977937497505055,0.8719643673868703,-0.011939392205689757,-0.10674332425950411,0.0967631793474326,0.409178960378852,0.7384387968909782,0.6670330040584576,3
0.155789080949701,0.18400137403620093,0.8628875237081938,-0.14866508015465807,0.08041096905414524,1.0129089678158447,-0.03002773802483849,0.8959178955901896,1.2164025803814926,-0.08621551346350442,2
0.8450829660199343,0.6646937359280719,0.7657581812624957,0.8432960432983793,0.0010883595651093592,1.034363421609243,0.4373295652801539,0.9145735032199345,0.917682182770252,0.2696464355012202,3
0.684638671708074,0.7317711047602826,0.9342599483197294,0.7621035905530429,0.09672811373579301,0.9967187372923647,0.47110489402567085,0.8040808817384447,0.9206876990974281,0.40516159123231443,3
0.3084296826142048,0.3547179180112706,0.29358899379696024,0.28156867685968723,0.36962860614768434,0.38491045998223894,-0.01918863133027937,0.014790403013245086,0.850932872966937,0.5977407632995885,0
0.7187693400143083,0.20501509757472042,0.6535447017292488,0.685418254800638,0.7461461860371909,0.6999847909399209,0.4550581177714852,0.45673543523021654,0.7636094868304039,0.7980766940385204,0
0.45438436994433085,0.2464586824661835,0.12169217331985989,0.08859072115021875,0.41031021537085804,0.14676253122052205,0.1949405599726954,0.047331473968456196,0.7507816926608561,0.559455451767787,0
0.576733324705796,0.44468750263776147,0.13359089032773358,0.41682237482673146,0.3787434316026295,0.690128288178404,0.7850876992159833,0.29430696349654795,0.8788899581451233,0.27618625570271027,3
0.8384229416729835,0.7301928917854325,1.032770879990184,0.8783925240389946,-0.11987999396370938,1.2414821280079733,0.2073241465339048,0.9464360168009761,1.0163679821646385,0.43233981828760415,3
1.0026327744932033,0.7397771043531868,0.9140118888671246,0.44461281848693607,0.8519269182070152,0.7204101226561562,0.5958321098388007,0.07840353767846855,1.196615458087678,0.05041613387490551,2
0.9221666221989726,0.6468550703300391,0.26080741666902696,0.9774271173120399,0.9684549532372448,0.9074359841931886,0.8129910141660507,0.6501843866618087,0.6168571091699863,0.5375862282255168,3
0.4164585386050504,0.937684333848961,0.2317226989701116,0.20949834716260685,0.9952435626001214,0.6002407030388325,0.5314547669625665,0.871519350111219,0.6978535065299905,0.8218569072254585,1
0.2839401439579022,0.5296635687986087,0.6944194720984752,0.3909739040543411,0.4488191673105811,0.7836151027960332,0.01479448864685809,0.6929445469060437,0.9807971720452117,0.6891076694236009,3
0.8161436861311049,0.8326139887681556,0.965109382705249,0.6667689156064974,0.2624431584688708,1.0630708088137593,0.49779140866390414,0.7503778940365405,0.9246207191163126,0.5843618150721402,3
0.19224994819633154,0.1723463119568243,0.19415323092566816,0.385395829735078,0.3549310817876846,0.684008927026988,0.27254790776835186,0.7812861420551649,0.6897486839899839,0.24463894600924863,2
0.9529667173840956,0.6644573871506437,0.25041926020657274,0.9965569029022601,0.9952532294451624,0.8978907480312708,0.8300185575205101,0.6825650074690552,0.6534507163933199,0.5271864799716,3
0.4961625321342014,0.8575766034040633,0.42188350778282696,0.6807808147252956,0.9784973664106349,0.5507709208768357,0.9408910281362849,0.03314493522179364,0.08895481161203525,0.22461532611062254,1
0.9531542565256752,0.5651693767798209,0.30018502958584603,0.8669667164059821,1.017171619946948,0.8355846068131031,0.9237259594119447,0.5868842104354605,0.43438051746711903,0.3956139986280807,3
0.7244624429047045,0.8110025072117866,0.35381158255415246,0.16626055061972578,0.289495468967766,0.3653159440486022,0.47814289514127195,0.07107917263440461,0.597577004608902,0.34752038802729746,2
0.8337098452284633,0.6287453646936142,0.3451366208882124,0.9018941034211744,0.9726122048023391,0.9715987620149291,0.8119932533652459,0.7062257247515306,0.5587055103112373,0.6123433047254895,3
-0.10220145412650493,-0.3292864074871183,0.9287175607892156,0.2849095858499313,0.22006570071974685,0.5638123886466289,0.6922980218966146,-0.044574425781798765,1.2093669879284021,0.39892966310998107,1
0.9597451333815203,0.866426779088702,0.6010385199218978,-0.08963052434613916,0.8189594332882111,0.6533478421023274,0.9934840850199513,0.7440511240135409,0.1311583734484078,0.9497925359336157,1
0.4949780127095114,-0.006088876334207363,0.503349684805245,0.10279268001760661,0.3052956418474343,0.8376159345097497,0.8985038623580743,0.033949235251803773,0.5946437010644724,0.9307838565487443,2
0.063109833707758,0.33825304392108074,0.5585927702545384,0.07291309983555339,0.8043357732733072,0.5720440334993051,0.011299372730412455,0.20205677288207058,0.11190101391032692,0.2614264438268276,3
0.897612471114817,0.8120176932936097,0.22438384428900038,0.3416604958176901,0.7268161709173869,0.5245308093995616,0.991143303336963,0.5941584324445411,0.44963142267448586,0.3440363209343117,1
0.18663955821656547,0.18307517957370534,0.24865460265408879,0.3358205008183047,0.40477056734828654,0.5558431387314215,0.27201669819867347,0.7552972482155965,0.8068567415932547,0.3216008831146024,2
0.5404968705813471,-0.008706821206017928,1.0238033058278107,0.34509418884918763,0.15332758629608229,-0.14778433449097197,0.8786487250985646,0.5849319698389771,0.06445195544334859,0.6227165542470672,2
1.1620866787997841,0.6380689055815556,1.267199804550479,0.6078748193703356,-0.0024790105289728553,-0.2840188351328623,0.04186390638249518,-0.105596027774431,0.50064528310326,1.110416228278336,3
0.14610747962887566,0.7033488433906363,0.5738230083983017,-0.11160675327098366,0.34876346683749765,-0.03566177643368096,0.5024209507604991,0.36488269382340305,0.11347662155241867,0.9159298832713667,2
0.41353762907328395,0.5271258763880747,0.9907756513414605,0.7987353745366302,-0.0711778144727131,0.11090585623659671,0.5154831637672282,0.561360858582723,1.3115081147999756,0.47261964232891895,3
0.35063084840659137,0.7255706701948014,0.14298101910823957,0.5924864528128153,0.6331848353353546,0.01440106114013634,0.2752684783525885,0.22862542722591286,1.2098801425839203,-0.1976963010079628,0
0.5546545132318783,0.035076151211735324,0.7873314037247091,0.1913509182948457,-0.0034946492136019996,0.021916698725948276,0.5476240475693552,0.7589405386907312,0.2943843127435319,0.8185737577794223,2
0.6802992246939846,0.9520356497868002,0.37994792966794655,0.6564127191065234,1.1335836400425816,0.5398841724575354,0.8100771250280799,0.16309240009420187,-0.04676872610986545,0.3635180115794823,1
0.09177309415736604,0.21317481076625291,0.15423202144371095,0.687557164731989,0.5640648935983135,-0.16494456357284307,1.0539633419106167,0.19712432937508612,-0.11181825478765667,0.4291626530098865,1
0.6440610390759498,0.8446910593165001,0.6030913638636923,0.35313519166906937,0.5902035013583674,0.6062003680434248,0.4497304351460477,0.04435302164157327,0.34036666949218064,1.1170870446231973,3
0.10553019147398934,0.3734533890405799,0.7451965633736882,0.6121422158529117,0.004423895120305832,0.17673583132654846,0.48941657626415613,0.5182069064592596,0.5622004001481299,1.2570395281310325,2
0.21867696979500517,0.8294151712615158,0.3722412384505546,0.22304601342017166,0.8763166302752369,0.5374965391804488,0.880192724789106,0.5412972500039905,0.18721614766090833,0.5828783622486057,0
0.4568483703804947,-0.13356902012463362,0.49547829653108,1.2597717402039321,0.6212226144432826,-0.4629129830351182,0.14607188579272767,0.24348178466585524,0.645546273992058,-0.3308002522948389,1
-0.05842991765052802,0.19461915155331577,0.40918844445293273,0.4342041601430827,0.1954197957244817,0.7114153095611437,-0.1146336903277052,0.9198068695521951,1.1179938335390887,0.5333787521323854,3
0.5120525080025002,-0.1065983522863253,0.4487701180653663,0.9751182033681699,0.4657401422394873,0.8779616060883807,0.6210194687131525,0.9110333795294243,0.004943555593807172,0.5737377474345868,2
0.18685783919898394,0.20464414323516464,0.19840250439319518,0.05028065811194639,0.8398922633753629,0.497720947572765,0.22899924763258006,0.800471957776272,0.038122388574963924,0.45250833415972086,1
0.14101854593754892,1.1504519883989317,1.1326735352581987,1.348034586034294,0.181682814436097,-0.13758183447081843,0.5275223967653367,1.0242052046215488,1.2026714998657742,1.376190112470131,3
0.3787331676909522,0.17141647539050983,0.3464786799769921,0.0816803893750235,1.0536346664663956,0.32582974571716794,0.2548066227455788,1.014282861751902,0.062182162933127644,0.6969157650942417,1
0.9212667647137215,0.6526473823198807,0.2676539768982436,0.9800485629911383,0.9976427857658832,0.9000255853569163,0.8261924832318871,0.6714379287598359,0.6447343251779608,0.5439707225672307,3
0.1440536408144229,0.6576508621823849,0.2596213226056126,0.1075451541989463,0.30601628837322264,0.7249613723846066,0.3414747059043996,0.39997159555898504,0.5274053474331905,0.4959964063955986,2
0.30648168006176224,0.6764761383334534,0.1507403338539766,0.4585064414005616,0.7649453812542413,1.0778288226740893,0.5978784907991239,0.07928466464785731,0.5625243203994524,0.2004797478130207,1
0.7905990750851973,0.21054786319867186,0.003345944154512469,0.44752813096331956,0.4213905831347649,0.3980916759993309,0.018384175155183646,0.7491372824730295,0.2934702240058362,0.17284088555237073,3
0.39594225387374044,0.4181409981740162,0.2344522225219581,0.9691066915393004,0.5186345638951811,0.055140627910453856,0.9702692337989126,0.4367247599178773,-0.05600968528071712,0.3293805304394982,1
0.2655383143266624,0.356255456986248,0.5793454440810651,0.3874210328003214,0.17232156117044112,0.731357756772516,0.4951500738273922,0.5231328163213571,0.6760488887584727,0.989525004431421,2
0.5669818856826349,0.160963079726482,0.8359391149300439,0.02775238906085426,0.6075372985565874,0.5235454121657293,0.9309419468133552,0.23768679050868896,0.942082251576513,1.2290309872305354,2
0.3358068407962985,0.29344051129927146,0.3227152762319965,0.8688275358758312,0.3073651703250543,0.309243691436538,0.04733629373561467,0.20478482251135177,0.8436265267791561,0.9011531276506969,1
0.547178450186386,-0.1204156203524823,0.39337177851443983,0.2296180981980946,0.16172784723013828,0.6572129607320752,0.977448946697801,0.15101622262853326,0.7723580642424669,0.971479574255947,2
0.48146161709203855,0.07843634086263802,0.832884130939557,0.16484994715710025,0.06469863276624963,0.022789969187147607,0.608875256865268,0.6750970051256623,0.34675893461866936,0.7623924156672055,2
0.4401486387426407,0.7350623655474082,0.5570890003355167,0.5453888066175178,0.5414743217939323,0.5466862708436476,0.43675273426822864,0.1864257511624286,0.4886758324492834,0.9444464146278359,3
0.8934768938629626,0.6868289573272739,0.2592838398069029,0.9525947306487783,1.0413159003680923,0.8498483051422268,0.8508297991520194,0.6342762663299155,0.6081316188490957,0.49085332593349945,3
0.7879853394821708,0.8436391063654864,0.799810480686943,-0.06386224009772516,0.7282395325508991,0.5090395842877503,1.0929331017930668,0.5259229688408938,0.28329000116829006,0.9916721573558114,1
0.8875782587655227,0.8268817629378393,0.7527515163321766,0.599450056102411,0.8317829379417606,-0.018344079495653736,0.5008944334548402,0.6655633497129477,0.8390950647243829,0.6441406477151499,2
-0.42045328018778444,-0.3947677665620291,1.2350999028849479,1.2361386249778241,0.4683138369099462,0.5197865259463135,-0.24328367271287277,0.20806520543901227,0.6148222624191167,0.8336556900167551,1
0.3879982367870191,0.7818367687445182,0.18427169046888958,0.24039690966275798,0.804353396684069,0.6844525531157303,0.3795456266581789,0.7652633618979312,0.691068709243331,0.9397187754756098,1
0.26474775501185466,0.35772484969892604,0.5771559319284854,0.38753585372297694,0.1702484378919842,0.7320293218452877,0.49605347539658606,0.5216348439449175,0.6778658324473622,0.9909864925878228,2
0.7884591247631025,0.20678711265722957,0.5996014386566163,0.7719286370216445,0.6513307911870716,0.656747540228448,0.28886412759117064,0.27709325151991526,0.8109033078750413,0.6746304070677553,0
0.03445450305940658,0.2910915631992326,0.6468317784193616,1.0891896845396922,0.6067788223737813,0.09253972339701426,0.5051075397179754,0.8146644889643451,0.08899267121863802,0.3174299142338294,1
-0.477241372402024,1.1066853373046768,0.4642912610334296,1.1068561259945864,1.5112817517895596,-0.22884574517788125,-0.4652296315912689,0.4644904406622056,0.5282164264293487,1.393617556650189,2
1.0943292912758267,0.21264792886316075,0.307513328253295,0.6738874480542603,0.612901280147899,0.626370952178059,-0.08957981956602398,0.8376857284471896,0.5730224323451365,-0.18866751051759667,3
-0.21450776273523253,0.13729554396303578,0.41894400147007727,0.5550759089127477,0.6131676178594956,0.16703310091869727,0.8123982252686309,1.0541989408170753,0.03150947650637423,0.7929148381206685,1
0.9018303429751972,0.8625197744761444,0.7644686903705905,0.6291479312477705,0.8862404583169047,0.0017805335388287238,0.45844672780435947,0.6829730597119628,0.8809184264119381,0.642620333426384,2
0.18653714067187918,0.22091658807180392,0.16069006931648216,0.01553750279135065,0.8442489192564214,0.46935521722855694,0.24809558241036106,0.7998595863489557,0.04888239904176116,0.47140422767632284,1
0.2729691959673587,0.6345694822639678,0.1968687501933394,0.6483251747153147,0.9273885027222514,0.24146958049155898,0.7042820437769403,0.3601374495468847,0.21640869682212932,-0.10968988739565494,1
0.3571989173563471,0.6566291592032572,0.9609981290041091,0.07285185234053483,0.823035778544392,0.5274227698736629,0.0636174179919913,0.4633687041866623,0.1935004310337919,0.4093723963670459,1
0.5456251449083823,0.8385538051128942,0.5955215671721883,0.8352513328273067,0.27638272187844276,0.3004300182267384,0.06420598889173597,0.4448119559324804,0.7236374371137246,0.030726769392498125,0
0.1942826522146025,0.6452464091461299,0.10057358314727047,0.25127211034553576,0.5930770771818061,0.6563333104130155,-0.09379997004311424,0.8111799188811017,0.5599929007659329,0.3784415600103171,2
0.8554781194510994,0.2256557004463359,1.109334444976355,0.4754215292809851,1.1188148623921277,0.32003026041250227,0.06797181564749001,1.0488626544214459,0.6093620683410601,0.5323656330072196,0
0.9098896791227258,1.0406521568309621,0.46634938525023206,0.08824747559059448,0.7509184509792952,0.814671491834679,0.9823794146351678,0.5580110191565397,0.07505298715028719,0.7588805055756385,1
1.2553508269536526,0.4982278293513853,0.2584694007064591,0.4940047002732685,0.28976844035498617,0.9866849732683267,-0.22810765666833907,0.28457154630547254,0.0424291057318969,0.4558255252431166,3
0.43602421992998786,0.14092279384620832,0.15276414294755347,0.011398137398322572,0.25672327018634855,0.7467181427299263,0.4514184922317806,0.7544832450452312,1.0978172983203478,0.5169234629730519,3
0.7746255972893794,-0.4009384068914734,0.7057088356269619,0.07739650313087042,-0.25416118725985726,0.44622636770733065,0.5326421437879117,-0.32382364057613966,-0.1669870411688884,1.3884297922023818,2
0.388985149712696,0.6837433843619887,1.0308584087446446,-0.0650609664681447,0.8196501044571746,0.5052257906368872,0.17090003227825942,0.5025932756084066,0.15393738980959443,0.4235521112254213,1
0.5008858534270705,-0.025960926486726432,0.4373644061413344,0.12729891545992297,0.6119971716086805,0.3829561527948929,0.362325399329568,0.26308738368797346,0.7930573156035031,0.9498900779968179,0
0.9648548863205911,0.6394071908686869,0.2721443224125016,0.9538279065068374,1.0056872573521825,0.9562761329711058,0.8141879173642647,0.7283021667759338,0.6657224810002907,0.5295131670901542,3
-0.32111888365746755,0.1871211406085248,-0.1874545293909503,0.656424691301454,-0.7917587763843557,-0.00508418964554469,0.44476505279354706,0.596707728900877,-0.49327599295202385,1.3266319854798165,2
0.9221752309574441,0.7316917137706263,-0.09636847555734701,-0.0037284732098474827,0.8935753960151098,0.3408298052215857,1.094169416016321,0.7090338842965164,0.40118009487267686,0.1783064224107462,1
0.7564372703696344,0.7279082260995278,0.21993729247125454,0.5047424513042629,1.091590122221356,0.4643926927840569,1.0934414004147086,0.1294376158673664,0.3499090511246612,0.44452939334074704,1
0.20966739968877918,0.790169647419951,0.8907874414155951,-0.4466387571710025,0.9576557858969879,0.49072570849720537,0.49808155970911605,0.24131276507993424,0.23092069338598978,0.6135661353462953,2
0.29034123042805754,0.3069361357817561,0.2704011756034688,0.7917218360981434,0.4360607395017787,0.018638372096368087,0.8998086504645803,0.405599743619026,0.056962927162316636,0.25581055726279706,1
0.3790985954789099,0.22716291003166955,0.344198439704266,0.8879298621063986,0.3302824645929239,0.36756266228669565,0.03146848786426372,0.1364120598032047,0.8157734403246812,0.8946486327756136,1
0.21674771702365628,0.23933945100705345,0.75536422568503,0.5913263941674698,0.7418574380117184,-0.0016534303183108646,0.9206003027744162,0.4899871269461386,0.2981229903835229,-0.03878260319717369,1
0.3112968260995638,0.26124475045765067,-0.13164887576877382,0.02170463536410351,0.5007249127221783,1.1338248199472725,0.4735252602536366,0.023268631590797118,0.6901790941236997,0.8783542468066261,2
0.3986393926226058,0.6195099361259053,0.9430534590357849,0.05910014583679926,0.8089395350378196,0.4980150150562935,0.106440770688624,0.5110906107300445,0.24055836330858246,0.3727202971150441,1
0.37187171290360055,0.34596774881620673,0.1840453716470112,0.8624252211084432,0.45865731230281587,0.050522931856671525,0.8819075367993288,0.4195250480338234,0.0458755488919367,0.29334739475809685,1
0.5216453018247313,0.5119264709822614,0.10871965660489735,0.7412820840852438,0.580095878612334,0.9573902809135497,0.6616014948676703,0.3892504519706248,0.7382444369238036,0.16104610722103258,3
0.2681911867617336,0.3990067042721688,0.24362497526828045,0.6123293266708217,0.59039560330378,0.8480942261990314,0.23271462649598926,0.10514527967555026,0.5280371287612551,0.45522950807031226,1
0.9671124230918494,0.6584883189824121,0.3284920121858016,1.035780464522298,1.0140811634817426,0.8056427756751405,0.8847141179710335,0.6710733415897037,0.5745556406415457,0.6397631448094953,3
0.2389358880735815,0.7318201906892892,0.927094770216548,0.06817131557197759,0.7077111058780554,0.5686895742755707,-0.030089532841749256,0.5741465474689861,0.42301965413325815,0.26600145673506354,1
0.4101450491275176,0.2757899802729005,0.25297740311052747,0.9260484847758494,0.2990288130979259,0.2546365210290205,0.14996061067981326,0.12709857152044943,0.8158752062673257,0.84543773772084,1
0.21537459166942702,0.8367437403617911,0.3618940958926648,0.196225045632938,0.8672004568862811,0.5584228459874889,0.8475159871779234,0.5384646955606166,0.16848827903271876,0.5553051778415758,0
-0.041953359794815626,0.6243923245168478,0.22666601757395807,0.3609821666451336,1.1661326832118368,0.7139787112035956,1.164928589909717,0.7259264188356569,0.46878460007767664,0.8266024445977189,0
0.023999600030565844,0.2572726120071329,0.48816491244264737,0.24643974916941264,0.6361264346827845,0.6470642796882433,0.25053989517315567,0.19354280748747826,0.20301233980608227,0.5489828098128788,3
0.5693641413401688,0.5268917924199729,0.6883547609594864,-0.23161941369183392,1.08778293256817,0.6734066722225238,0.07605488865564419,0.2906589447825003,0.2973864453068742,0.5315270049433942,1
0.6856743262352584,0.4632954520510923,0.9579520251517792,0.5441554987612985,0.8539489337694808,0.5008601266717431,0.11456501680542854,0.9331535827931844,0.8729134372142643,0.46138810739264113,0
0.5605368582318524,0.46476680724182423,0.18369630437096215,0.3670547134477652,0.3784640964256414,0.7293918224216457,0.7738196807409127,0.24028118656291778,0.8029598195944191,0.2223168874935481,3
-0.06058679034360237,0.34227692784342295,0.9135422327398036,0.8290046792548174,0.768737207980798,0.17244400194180223,0.8415114236093989,0.39377847521288944,0.11820292018616377,0.4125740241934168,1
-0.14551176316989883,0.17504969400580575,0.5186832501071582,0.11016388094960794,0.9227957069172937,0.716102687331926,0.1696278079703161,0.0402452031905478,0.04974050421564488,0.47414085389946503,3
0.5434307888907838,0.8465776831001737,0.6127769337413055,0.8408917421297134,0.2808961703428221,0.310590124283174,0.07725690753540246,0.4265190461369493,0.7342621849096652,0.016984301480905017,0
0.6662732037480981,0.7497600131707419,0.5479748250492831,0.3641691135942109,0.7084297146567347,0.9475433563827699,0.6279157052065485,0.34770013951440726,0.1923315368068214,0.4350802668324319,3
1.5347527412694524,1.1704244438883684,0.14241523718101384,0.8706425434560597,1.106281268315315,0.8316541724701048,0.979220169349083,0.019244622037568937,0.8473913471668845,1.0655633976788197,1
1.06816218791201,0.672729537591471,0.7086963073535693,0.3367834814579783,0.43481271678623623,1.2651411423307966,1.393109536678018,-0.1005139126662348,0.4098384780658815,1.1442538104465922,2
0.18729963223870127,0.5018141965483891,0.7462047534112661,-0.3545074951670684,0.6497965578902142,0.840394216964501,0.8621014203747073,0.3213653355569171,0.3637433037734668,0.4642625608740633,2
0.2876471072755202,0.10350002361725573,0.22647229253069434,0.21060276424011426,0.5106579292327547,0.5848443215332848,0.1809406099724245,0.6453729284359222,0.9369030054650733,0.4282349823578572,2
0.32587930659575914,0.30945551934930665,0.08062673165978582,0.5794265536561715,0.21730240988567515,0.5147709006168188,0.5177893408227767,0.6710020522845059,0.43690120385433706,0.22383288710687044,2
0.6424096085360929,0.7840566240003216,0.6638593689544326,0.3962629122201751,0.5552871100434638,0.5463603766792471,0.5857901633028526,0.17321819578924458,0.3600615745192983,0.9844126078578381,3
0.2674592176455935,0.8670196384510108,0.3987686077563744,0.6964456047529297,0.026404124830504916,0.7244701376845479,0.2025903648732809,-0.08118079168574627,1.009762543034331,0.8237788851940084,0
0.17452851736288758,0.37772738721862453,0.8956802553243508,0.06002329162372985,0.6262592579417475,0.2709120373167836,0.17565808084410883,0.48579928352942553,0.35493592370451615,0.8909693418056276,2
0.2873644764573157,0.8344012025625847,0.3697933482847345,0.2700591584850016,0.8329985691543161,0.509692399708788,0.8760003965161537,0.6087400807421017,0.1514705596051374,0.5796482946020093,0
0.7571953016609871,0.7221644883039474,0.42962007511752576,0.22208003329739087,0.29952802209066254,0.40430937785712784,0.39689452109883744,0.15628740527423032,0.5841509475552784,0.3070115379099115,2
0.4410753856756569,0.0004780650594442479,0.33133612883686203,0.19759577249714166,0.29857518463508886,0.8758844639117064,1.1847809730725218,-0.1480317517494882,0.7438619166347149,1.1838473946114667,2
0.5166084797999041,0.5070297528198522,0.2192773955769128,0.7473333069108009,0.576606760306673,1.046421388682906,0.6519321059509595,0.33804953387355835,0.6884509191416854,0.28553090937770675,3
0.3049336832247071,0.32573817695029456,0.3278804665677201,0.8557196247830294,0.3380543917365071,0.29616043605588016,0.06198499336434034,0.18802186588307992,0.8184529136140715,0.9340861978537711,1
0.98028435571389,0.33863475487525224,0.622586564312903,1.022125163818372,1.0377580084243336,0.6259626305798998,0.34437418558876387,0.49606276440368197,0.9334126402575976,0.6135974713108902,0
0.25302503045170316,0.7015790582438052,0.009747042392841413,0.19549371732499835,0.6518751405766445,0.7103857899518964,0.065253910401463,0.716595819419114,0.409439680794508,0.36941407512537394,2
0.14179811516125473,1.127203487391945,0.08035005952184651,0.3396046271826049,1.0861362188209547,0.3861197300248219,0.6500103152320921,1.0402938570760736,0.8469969593119091,1.0293738870404447,1
0.7674156600616528,0.46927053824213455,0.7685263363050272,0.690752301964782,0.6808400186179884,0.5624527455311312,0.6401479825917761,0.05946010281207592,1.02797551461652,0.1904461206094106,2
0.03959336166950511,0.7146468520419456,0.29463976797323144,0.6381166264671425,0.5350993087486711,0.41731364140252136,0.3255625915733026,0.49730158354476,0.9937173776104875,0.5137526855287078,0
0.7077760896170955,0.6982477396130738,0.9261518802628717,0.7194298443947036,0.03472986083234468,1.0024673511648512,0.4879856616982193,0.848594906234087,1.0064476393541846,0.32557385137625827,3
0.04495681039261454,0.43614524630036544,0.9585494231735794,0.013071418496329347,0.6241282564135775,0.3308124343068296,0.2698610836073937,0.3705920498632132,0.25396844566372623,0.8547036857015856,2
0.4364968632153679,1.011605235098134,0.598890417843555,0.29020765153230516,0.606471580502649,0.07394389519959266,0.1308485475488839,0.65758530415773,0.29131100801966275,0.910009829617932,0
0.3190029247179955,0.4203631635184696,0.12487881620338614,0.5855112604807164,0.33942416963161665,0.7460224594898511,0.06456129814939143,0.3506155713890441,0.9450137807726042,0.8612620508208864,0
0.2069919068754306,0.21148972216376563,0.1707756627431931,0.029179013838417804,0.8232392142691118,0.4790468628514126,0.23825375377887617,0.8095051383273789,0.023151950102994603,0.4415766553188393,1
0.4635139317355953,0.9144866944275473,0.32500663147048575,0.1916882890997878,0.967092734876512,0.5202481072346342,0.657060399901644,0.9237056114792999,0.857238644976786,0.7797983901447347,1
0.18827129730106096,0.46478420012353805,1.1065187632670863,0.09402600267034965,1.0439935191472358,0.24690558488090725,0.17035331292882958,0.4027381848984785,0.33752252079242007,0.5711904067603293,1
0.8805703505890716,0.5418838749773977,-0.10367616858785024,0.26603016890299713,0.44065198439320014,0.4756656089556834,-0.297168100027207,0.46453071758209263,0.2893748842883067,0.14893345918721324,3
0.6825553269903494,0.4665181541136129,0.9569983099072646,0.5585923835120412,0.8663060938419608,0.5124702760643378,0.10403599889395024,0.9351693307643779,0.8671005884924172,0.47675362900044105,0
0.12833230728562967,0.7097085983650605,0.45079111709066855,0.11681833558312145,0.9651586233586198,0.4339260278682802,0.9429350810091163,0.5718864890182135,0.24073286110670178,0.47718610392426786,0
0.3073854542667828,0.3868677949734083,0.2786411670089205,0.8644159155400336,0.36644960939881294,0.05505604927160214,0.8693340077356236,0.45028511510328956,0.07912979140013862,0.25155387762649967,1
0.4369871063709794,1.1018171529333025,0.5883839258570098,0.042948471929211834,1.0622125076996003,0.31184938100023013,1.0633186170551765,0.24596842332660712,0.41258228269710323,0.3302856775493663,0
0.1984358616603103,0.017178542189018188,0.6289612911050246,0.8898759297841431,0.6940591011047426,0.40971231150910464,0.2671438559420297,0.1925920674252804,0.4784348445296579,0.4926782905482803,1
0.25330340536547563,-0.09573804906265743,1.058961356281637,0.8161763583993957,0.7525733189326133,-0.04111108698532949,0.5329803992597684,0.47139244954965154,0.34369674072278017,0.1756167505382939,1
0.632035625558379,0.1251032342118913,0.8117876711656458,0.7535535784110683,0.9065151338102193,0.4823785494174656,0.4529952361943193,0.39308332083023445,0.7894999140539815,0.8025037177368095,0
0.26538548374312704,0.354914028030192,0.5774087785018748,0.3877382282912793,0.1730248793653058,0.7315238416281039,0.4957259743569949,0.5214678679417778,0.6758040110656687,0.9890726509627269,2
0.6037788260650448,-0.15247556777530724,0.29843423760125387,0.2938522867704014,0.3786419511411726,0.8159200036009749,1.010436969107523,0.1304246690764321,0.6325423657307748,1.111657479081905,2
0.4087770509357298,0.6702015183467105,0.33992747543460156,0.6421805152521128,0.43405260488099595,1.24981740577557,0.8055220708954469,-0.23938151789777296,0.08551946130040611,0.591795752330017,3
0.6483278377190907,0.9438782948511353,-0.0826157770856914,0.3885022908967332,0.2577495942814701,0.5337527427335107,0.25049717095663726,0.05169705388282103,0.9463042892824589,0.26551941048681804,2
0.5283099609399241,0.9317897291715079,0.3741834616186657,0.30990288424157797,0.7367417087922585,0.03308173606220857,0.2302872130547975,0.8774214267269098,0.11973859364722311,0.6369237761603628,0
0.04890908538997555,0.4109223605582506,0.8160499828826395,0.030147843397147878,0.7391320634205173,0.3584987492742696,0.24658655186461156,0.3854778075242706,0.4143416755561975,1.0590311447886807,2
0.34206060686417566,0.3101942666523727,0.3252309599242893,0.8637777802714728,0.27479468581271177,0.30219163197795396,0.055979350390697735,0.1738995831723765,0.8512042914883711,0.9311468697980494,1
0.38639253608144275,0.5245606089799294,0.013987690461511614,0.07531080005385742,0.37828092814211245,0.8309682849087793,-0.03295940527421626,0.9612221946310896,0.631142238905608,0.5158183079031541,2
0.3210002045717322,0.6965459535423649,0.46407225303516403,0.29948416645642345,0.9391942169569151,0.5568948631052636,0.9383093769293515,0.6677892582358071,0.09282533563354024,0.5542077014519983,0
0.9960248515508053,-0.14791888468291065,-0.37964555695845204,0.6793201959336899,0.6291744621765099,0.630640224061636,0.1281070311464452,0.652305857448147,0.40962641058430405,0.4568157733789037,3
0.9712624235094921,0.6978431435668102,0.35038354305800345,0.13683033087356525,1.0702026833003873,0.46923388030283486,1.1410007384481395,0.8184255946810124,0.03237694916039688,0.656033164273226,1
0.27002963283211284,-0.18093235658511536,0.6597888931285335,-0.06865179063168958,0.444592771035418,1.1027054373819782,0.7067015612943129,0.43097524592407693,0.9277492745475164,1.3056989979114408,2
0.9006396524687736,0.6190876454297256,0.23361117931392777,1.0047690292312657,0.9744749554810911,0.934263942823534,0.7947423729161628,0.6995031301676247,0.6336988148895626,0.5224741778562915,3
0.3121561028207457,-0.1224510131455028,0.25185796563689317,1.0986479857018523,0.7856973594362996,0.703651577051853,0.3042241060907546,0.30991248369881363,0.8437734076445442,0.30651678458702525,1
0.3347464437999098,0.2990142696399989,0.330482907186003,0.8714977431662129,0.3055775563756334,0.3129538793402661,0.049212850612189114,0.20292734495033715,0.8449835967699152,0.8961135569943006,1
0.5153712740015917,0.9855842649659663,0.4547241036183771,0.40805173541810486,0.8920924700840579,0.4124722273683096,0.4598764865372619,1.0240562564802496,0.967732478214909,0.692035906197306,1
-0.10702230571748786,0.1298613611663484,0.6841081342966433,0.760865583633445,0.926568189704687,0.36700856197717246,0.37558688313355476,0.30240080356889354,0.47588732806578166,0.7065217120751528,1
0.41565942804642025,0.2550356742286817,0.6517311869899423,0.006765294300873359,0.47659620369288497,0.9903028716177111,0.25010825964469807,0.7958569559700429,0.7696800303599046,0.990908172723509,3
0.2640782344229405,0.3630765111081557,0.2943242938237492,0.5723917403717882,0.6081929121184129,0.8778143928598833,0.2106407181926595,0.08249498571491111,0.4937307250338257,0.49501041230475074,1
0.8373098755197007,0.8905463404788179,0.9405616773141181,0.5903740921100891,0.21890072829089516,0.813247328382112,0.544884454060264,0.6173336728303904,1.1415803244056342,0.3819947397561877,3
0.45839426489178126,0.7541193025063757,-0.3201471333842564,0.9369200125048991,0.5887722267508934,-0.3993253655498395,1.042868997554791,-0.06496675704949978,-0.3201672145449417,-0.22031085886124657,1
0.929776922682998,0.6456429065151617,0.2629226737210122,0.9764943762464581,0.9892670347664341,0.9023008890590472,0.8235271757104456,0.6712374754473676,0.6369134122419609,0.5536385406328002,3
0.31851352768319807,0.29273591120055176,0.30361337571973956,0.8622701384012786,0.29774246484861233,0.3046410459156149,0.07072900413375427,0.20531273096840652,0.850603311879318,0.9025762625954956,1
0.8525645490844576,0.5663812353827052,0.21898921415768532,1.068269379893676,0.9270195011932647,0.8160749590000667,0.7382508581740032,0.6015629381690002,0.7112018653429256,0.6422445163154954,3
0.48082093338460447,-0.006406843968273138,0.2969980504629263,0.9674295689989313,0.4809394674681004,0.900790417379784,0.6148875399394621,1.0616559408850512,0.004326338817313799,0.6095725673758464,2
0.21034008767211182,0.5670372745461842,0.4950458747556981,0.497648623049319,0.4927411355072516,0.8515911251670751,0.01672062758387413,0.6672646539061998,0.8049381501495495,0.728217492580744,3
0.07943344735595034,0.1546604945580269,0.7151980226638065,0.9004828055335925,0.9094160271105554,0.21465132361300587,0.4021849614837437,0.2200838812204399,0.6115206922077776,0.5355355719652278,1
0.8499468722474245,0.8182708062285236,0.7695363099420902,0.59905728629856,0.8712776985804205,0.023635960920974836,0.5313705013048522,0.6198049426299337,0.8375754986607418,0.7094662897179557,2
0.07731413586069943,0.199715763550254,0.8936063728940065,0.1831596845621717,0.7098337869874904,0.3535922503163418,0.09527520827623315,0.3680378630337409,0.2960848189609254,0.9566729954420401,2
0.19328352043843178,0.1701978747966865,0.2179297566606785,0.32934594674767853,0.4473286579131036,0.6223700112162593,0.34947299633795004,0.8173043336235774,0.8203335148392372,0.3152619671120135,2
0.20828782753810124,0.23722237998051127,0.29294223596397323,0.37601511803986654,0.41699207898093,0.543284018000053,0.2865576151297512,0.7005792864912269,0.8386318267144615,0.24677933427847873,2
0.27350489224502017,0.37874478975860776,0.25930571721053625,0.6106318455660752,0.5834198361479612,0.8639472519519977,0.26067065769772046,0.08632620042021069,0.5251633861085847,0.4434739618476651,1
0.3417745491749314,0.29812762864619513,0.3320207804344287,0.8736840235745726,0.3019323277132545,0.31071692948925145,0.05126678554731364,0.1986673916237081,0.8461456353060124,0.9040167626229135,1
0.4411810460788365,0.913310192235915,0.2928737984510499,0.9423493698069418,0.7496197423791215,0.6459921607514317,0.6903335476427003,0.12666289146254966,0.22016169984215553,-0.09386271055189999,1
0.4585760926587864,0.06025193229331459,0.5149955514722513,0.09686073233454559,0.26223722612173883,0.8007686141223648,0.900575005844326,-0.013183221594359997,0.5576364956100095,0.9085166682882475,2
0.23631331880860634,-0.10304699956699587,0.5766706377318234,0.6497088299454773,-0.01077538819623114,-0.09280692630997703,0.1421841683563551,0.16277989608276533,0.7410997757479794,-0.06763761625430365,0
0.17076889903629147,0.070643591231586,0.04410447638098325,-0.02989058248641987,0.9335483399257347,0.30963735773011114,0.22362439791990632,0.6915423279930307,0.06907458500079644,0.3733017738983335,1
0.6709060240709125,0.1838886740059131,0.6842260784928736,0.6992763557726094,0.7807882171826216,0.6335023695342454,0.4381971619312442,0.40932753031291447,0.7398082626075526,0.836028513325573,0
0.08669284492952216,0.2800221513016005,0.20954218982511227,-0.018735249655440933,0.8798403557896954,0.4924174272592615,0.21261232911981154,0.14258285526984008,0.12125175171481872,0.31803474283032657,3
-0.05736602727268286,0.6011249480175427,0.037206914732331925,-0.11303680623632992,0.5040302724771789,0.6977174409441315,0.38249810219447467,0.22233401763438307,0.46038531817170475,0.7651793186206914,2
0.3518867334387197,0.301920116097717,0.3330062584488749,0.8640129455882887,0.2981831750438788,0.2991618712802711,0.05962262228918271,0.20130494762904938,0.8547729573863533,0.8974819910293036,1
0.2305103546493076,0.264668544079988,0.13202307091441923,-0.012823788783961093,0.8531566891607476,0.4586176387338151,0.2348348780256201,0.8219006961053459,0.06932666706622989,0.4574438272325895,1
0.3112608432523581,0.28569468666971437,0.3819171819519456,0.860840705560997,0.34114334591038736,0.326741898450021,0.03868349025862883,0.25778518532325845,0.8597990259415271,0.9093809655844287,1
0.16680346961042308,0.3557805342799606,0.5517247222435746,0.5015484477984513,0.41455723323383437,0.16354937886867674,0.8292900705764161,0.337058980513368,-0.07901261122578662,0.1899925802615131,1
0.3507983059534743,0.2867896710607852,0.3337577479594798,0.8772733501586555,0.2987058225093106,0.3168030240264262,0.06836005699362961,0.177942619862366,0.8151785196973679,0.8901264284131094,1
0.2573813028805892,0.2951181975110708,0.2640112491355279,0.5669922797276671,0.5315516042129005,0.8356778195937382,0.1596474703101045,0.10967382909717402,0.5202368181995163,0.4895822662336301,1
0.5519014375851228,0.44329043363392656,0.831279331539702,0.1441180106051651,0.4912970204718789,0.3468408223344229,0.5422073105124074,0.5895945071801174,0.8091614802470515,0.5902105658620675,2
0.330262442086037,0.8493595909501892,0.6137127043178052,0.3311477771258291,0.6802738717304421,0.040326496636667986,0.17752314017281268,0.8522036410992719,0.1777879653501766,0.897449548392197,0
0.047352172481655144,0.1898110903648628,0.38115142799361107,0.16320626877517191,0.7399547729096522,0.5142011600257645,0.12706179022454275,0.11212831053067218,0.19853121614043784,0.37007225553256806,3
0.31592780199334286,0.28083967861012404,0.05448799517143735,0.5894599231999396,0.18528149214515122,0.49475646637359927,0.49583008180539273,0.6838917477160896,0.45851021267901027,0.22955647622654582,2
0.8179268267740651,0.8133997364607123,0.5691606333306214,0.8139524337789946,0.17443612457179047,0.43954498528342834,0.8399396991851067,0.6991415042904235,0.9046041868227298,0.40171788328976027,3
0.5768158860178021,0.44062362472840144,0.1791605555884406,0.35404704775569174,0.36785267913177927,0.733920558379931,0.8067140353270447,0.24591807413152023,0.8233046586091615,0.24570423419025259,3
0.28142558997915196,0.45179205342809314,0.10724275153538892,0.6932371444126849,0.22675374282517474,0.5783512435336889,0.039740594458918296,0.3813394298047865,1.0296962374572542,0.6878304367545901,0
0.37285634442199106,0.2510873552711563,0.29986513528720865,0.9022001504729631,0.2511872284417945,0.3105656272881719,0.06185662629422611,0.14998843573487639,0.8643037049825638,0.8808196612089205,1
0.48915922977529136,0.9164366589381756,0.3567270959182403,0.202828047579735,0.8832970207273336,0.6515330373175304,0.4672052463828571,0.9402767106220048,0.7246221632599125,0.7053053996442656,1
0.6377691056912685,0.8861673456220382,0.8986022561062681,1.0182105620804265,-0.07941598558867059,-0.024890621068252385,0.09857979347940714,0.4638734617040387,0.8360974570821458,0.9451936300230841,3
1.1888733716818218,-0.5692513374716455,0.7302277623735351,1.6784794068975266,0.13019588432688023,0.9994904432915013,0.6071283181135508,1.2548989213215118,0.2605266544123922,0.07384106572674176,2
0.5764187469045515,0.4422131980135292,0.1702388348305558,0.3594830976018049,0.36078934345858316,0.744154177225271,0.7950723487899763,0.24256681084590972,0.8217369133059615,0.2419510835111628,3
0.29278924578088866,0.3796678516285912,0.2563819792907287,0.6006885848030266,0.6057087751914294,0.8652551823827515,0.2308789189628193,0.07140784838156275,0.5034643507434566,0.44004143831053055,1
0.3444951517510634,0.3155660614151668,0.3227083017960652,0.8793702405523296,0.3079900453073487,0.3005964711250817,0.05396577046809501,0.20030425144071295,0.8457353830375273,0.9119702248194776,1
0.20013586319821336,0.5199222412923067,0.2101288491008606,0.7090248255822121,0.3030476471844809,0.605063672787506,0.118547877828644,0.33215124036109017,0.9946089380621193,0.7038466452243096,0
0.3317326411489668,0.8981718768608482,0.6052275578639492,0.2519739984707699,0.7230645882967333,0.03989967034903293,0.08985409661133975,0.7666846519749985,0.17656053300747132,0.8410345356251662,0
0.16955850993756372,0.29904731850955807,0.3183051525181259,-0.05677681020137795,1.0039842226394222,0.40944194396278477,0.39991806556915177,0.9245687626436325,0.1234601903483545,0.3751841534257318,1
0.4983411571904823,1.1900244131561453,1.0673116926351889,0.8635979811172886,0.6022778602374185,1.6841121610739065,-0.09036909955683559,1.5593681059550961,0.3161873654393944,0.13363488031431503,3
0.31635448215053247,0.3250984646932404,0.08251415616114552,0.5490481480454193,0.2329961012209077,0.5179799482731697,0.5447893800571064,0.6471631645372135,0.46511025558666524,0.22115766608656148,2
0.29617616647157474,0.3206594285793066,0.2756673195896812,0.8111537705062836,0.4394186505977954,0.02705560322069487,0.912785693222191,0.3936025447655641,0.04955793311042413,0.25138224971691536,1
0.8738345986782161,0.8397240841230446,0.5923349645077213,-0.0588491399919817,0.8991281920166774,0.6431139736943696,0.9538542087437722,0.700658010976702,0.2152936292344212,0.8456796418726702,1
-0.02565140808562142,0.0038452831457713513,0.4976590458892755,0.9311358736848401,0.8266825880779071,0.1498583219691432,0.19769827165007614,0.2991781396547938,0.6002184646547636,0.5036068610931749,1
0.5840167579004767,0.8427735077166634,0.3818134638654539,0.7723989458438832,1.00365189350749,0.5222708876782667,0.9063522115789633,-0.04469412197929127,0.04095809608891609,0.21289305415368093,1
0.39143475149888024,0.6625984154120341,0.40563054382362645,0.3310234326195404,0.6250946705942262,1.0583967801433483,0.06452924871381402,0.655112991662038,0.9408350528243892,0.6990453393136242,3
0.9311799111487494,0.6687700544149977,0.25426820311938053,0.9882733098968169,0.9768285094339705,0.8896703993322452,0.8429492465375635,0.6844984058558433,0.6369580976136868,0.551802962505025,3
0.038165018400328404,-0.2408455292390383,0.3808444310023012,1.0991001525765247,0.5691535762477835,-0.06687677469827776,0.3818067287497167,1.1203939595699077,0.18019430294765137,0.1908418122254984,1
0.18676443326249625,-0.47527230852906543,-0.6572147988855273,0.7481187952812975,0.5375062243266349,1.2216021328912934,-0.10517999771556152,1.5870401056076668,0.975512196782886,0.3373661164348786,3
0.31458227323782684,0.43323837414036026,0.5341185540724347,0.6916667046207883,0.6720141191570668,0.7398999962147046,-0.25805034767735757,0.44350688025817675,0.6046504689317712,0.40428567210368194,0
0.6665277396644698,0.8224770938530084,0.5514298741098306,0.27121691300963796,0.7948647989841243,0.8249291596123592,0.5122352505675305,0.35379109163315275,0.25200569295981506,0.390545928093794,3
0.31055925990028316,0.6588133728576197,0.030002393833896857,-0.07640824283813474,0.6085367641294162,0.7549524391552207,0.9058659557740671,0.4861701246819882,0.022709837593226118,0.41354970838089355,0
0.7973930355125003,1.022736153572545,0.21992325620134914,0.8622170140347463,0.7817985975954166,0.2828762016074008,0.8188095289727364,0.21371371228094993,-0.17467845877875732,0.3912711620123396,1
0.6848927074513277,0.44858676207887366,0.9710117281763802,0.554553934859127,0.8557770395009854,0.4951842599974924,0.09651432709570296,0.9193401799330002,0.8752643727781021,0.4801015018992526,0
0.901728364291561,0.8301652318792352,0.5419017887104559,0.038237948932908036,0.9272319248058225,0.7741931321755846,0.9407098362570103,0.7177805192589127,0.13527627860244607,0.9363865086622861,1
1.3411662755300247,1.1698451309564182,0.4769589262068749,0.08375673647274079,1.410332570809663,0.6600187924495388,1.4505364828327258,0.7730651683206592,-0.10273840362993136,0.9517835288202268,1
0.9005627370682203,0.866707734552707,0.5955333786272555,0.012455251755756892,0.8364197248312579,0.6694956219577615,0.9252370249445018,0.6604061598678205,0.24196752490926662,0.9155629012832748,1
0.3099729728480139,0.28528090499330966,0.35102717837060665,0.8780141297644439,0.30598105379604845,0.29108920813847483,0.07139649438687269,0.22501517059142592,0.8631658373302934,0.9221804156225991,1
0.7178275329201402,0.3302594891115749,0.8834417178083067,0.5293989865607569,1.01821629138139,0.3753145733091008,0.1970700044686382,0.879617505835063,0.9688236699539167,0.4425549976211097,0
0.15884040579027073,0.2427099857451737,0.12857942105841755,-0.0037234700267804594,0.8670062155581439,0.4727478137034737,0.2815941610994198,0.8425323880180584,0.06274237835729495,0.41941935593836255,1
0.7004985092877597,0.6338429286849436,0.5080121559509048,1.4887704545951492,0.23141106524863572,1.3485452363170407,-0.37040212754015256,0.710449050792104,1.2548515643296057,0.710300684202458,3
0.42871309612624525,0.550278495182683,-0.05010761516350301,0.5565772635512871,0.4812824891723677,1.1807933461502238,0.5369379986869829,0.3439392163867864,0.679751910047939,0.3398834326768082,3
0.8842824699405025,0.6772485964184581,0.19107480516606726,0.9517467081944373,1.0502938247514497,0.9002703326235848,0.7722932049281084,0.6670777308854429,0.6813831433713506,0.5568951078221809,3
0.5518223670557946,0.4358368252658468,0.1515611722892606,0.373654042836744,0.38152214963526493,0.7660972854220247,0.7788586551613084,0.2215693251595393,0.8007087267239121,0.26525650597691014,3
0.8174223615525077,1.1903638615931686,0.4890015023017592,0.4442557664196442,1.1494838557741116,0.8534694071772063,0.701663492306524,-0.11881968437206394,0.10365965663403517,0.3793388464849406,1
0.24533221607417732,0.8252398218558618,0.17258116560916725,0.34156312470134076,0.8458339907400633,0.5295297252940124,1.0871116163573402,0.44745486325108946,0.07646352458755482,0.5124306655564085,0
0.053637743860823296,0.04861008235427999,0.31819095860656144,-0.03755775993809002,0.6899853200818611,0.40025273035816994,0.17787975523319555,0.15203803321045506,0.1725619206036187,0.42421922830456676,3
0.15690005368690435,0.8091154138297536,0.18337240527381754,0.17311276067152048,1.0560194325604206,0.6940935707226318,0.6386444237446951,0.9016024153808164,0.5267251747450297,0.51264190416005,1
1.0154956544142004,-0.16752260092651694,0.5672064026833965,-0.17921498631512556,0.4847588679101525,0.5796477368577639,-0.40123752008660163,0.8635739581213687,1.1036893589426566,1.2405401780993268,0
2.86201139608526,0.002000185254990766,-1.7548264338215978,0.018750990618642327,2.1197046302047293,0.3611499920437969,-0.7284131233597458,1.8272712770579123,0.2566804293480967,-0.6358593836962543,3
-0.007991933388462921,0.3562653750980493,0.375995239523621,0.4385880657451695,0.7136060161107151,0.7881758824267507,0.2407384076844855,0.8527935871075257,0.5270334186580031,0.6246335713582709,2
-0.00846065029666243,0.41134274025367934,0.06913256587721217,0.27557014082432346,-0.2412069241503224,0.4305778424804942,0.3725493371471616,0.16271389546183748,0.5296501388396516,0.1316704994082522,2
0.39297278955725534,0.6036124914828442,0.9395453605344285,0.0380141452608998,0.815531022385001,0.49743352023515597,0.13506540652436635,0.49871329163878286,0.2253591180862018,0.38019224861425643,1
-0.18801068595326054,0.15551302330058153,-0.2427026015762755,0.4204577004616219,0.13168163559155074,0.4056937952109123,-0.11707444224089625,0.9747900593112145,0.5848200285486495,1.0010041430403018,2
0.5984703042153502,-0.0658052535772799,0.6187064849193136,-0.12690088111586184,0.20813218862130173,0.7573135965684747,0.8318526665455049,-0.00804251755023282,0.7047423187301242,0.8389464762233761,2
0.5768635593174083,0.38227927107841714,0.6483269323782674,0.21659716172171306,0.7308063420546662,1.0505775861149198,0.014709720469772147,0.42020691034933894,0.6916502043540887,0.5404720923398961,2
0.3033220768573589,0.42799256373192834,0.22573279217201817,0.564381027730164,0.5570468723936652,0.8199831565367643,0.21959985154781553,0.05960868879987527,0.5445037656293376,0.5007758951863068,1
0.8419005582579907,0.687183769755905,0.9485468750394541,0.5050474583489444,0.7900542240339827,0.6000034589737303,0.7789537377620814,0.11051956917479784,0.8263120507333908,0.3953121362865969,2
0.035404620388279295,0.8855277401588116,0.35343504938104997,0.725613685086675,0.7179146682002706,0.8103656549754661,0.6049448322548773,0.16513346674566828,0.7585057410768438,0.4722068958489733,1
0.2635675496169331,0.35765281628931106,0.5771051108904456,0.38873246629036834,0.17462492413958955,0.7301972870522063,0.4929976862499751,0.524009347460527,0.6767572458201606,0.9914303788082239,2
0.5656233234810467,0.6859551729897945,0.13115047684059164,0.4281533781608886,0.24690004495762327,0.7059581736712818,0.845980567711875,0.7939369416666044,0.6770437585007892,0.48420523437858215,3
0.3326049062008489,0.4881880797482934,0.35943819086474077,-0.4753048466909714,0.9425124016038593,0.38113400274862497,-0.009930816529811703,1.0333812368717492,0.15554213628893154,0.10957983544090744,0
0.2559167952423236,0.6494017924477454,0.016969861086601257,0.135390827899139,0.6154125642699393,0.6491197400195976,0.03566942234469786,0.6946805297354689,0.4870858232762702,0.4009442481943168,2
0.5592655786059599,0.46076056962719764,0.6038575360979564,1.0698462017657466,0.3120142737412803,0.32363424848812,0.20108303907957412,0.7633424058538911,0.41122765427669256,0.2642731671056396,0
0.9198315314685844,0.6597589712665131,0.26864737952916923,0.9791511027848746,1.001936542112576,0.9180085311286381,0.8088274518674788,0.6616519034207613,0.644082085065405,0.546410907710573,3
0.07502553949758804,0.7098462628702575,0.1627745157856037,0.14899269167693233,0.5849142928860145,0.525761679502748,0.5030885216497072,0.1066270752896844,0.6591067953323809,0.6287414519750532,2
0.2663627571444138,0.3553912196312692,0.5787185729882688,0.3884459116628052,0.16955761003636563,0.7296578088644213,0.4945432022988163,0.5218813015151286,0.6776367231535643,0.989977845875232,2
0.03205561473021563,-0.013512241561290855,0.7536128754057903,0.7277308978196881,0.7996298516208143,0.04485322183127957,0.6296416145195115,0.7638442715447518,0.301674302405886,0.2651220970051875,1
0.8617388829913843,0.11760753210378823,0.6154411043458008,0.872235217908711,0.3878337474613839,0.18077678109646472,0.6814016321616378,0.13326866058005835,0.7558746373096288,0.999026657835413,0
0.2413110255273404,0.6949347151037475,0.003807775600538651,0.15138782348855487,0.6386991311203143,0.6909888685071892,0.017327767928971553,0.6653311365608933,0.4684537827549024,0.3967365898007849,2
1.058707784842291,0.7993579760439318,0.7036325177287499,0.11479239280743204,0.778245934542699,0.7207053999896543,0.8632141272497501,0.5469323833991405,0.2263100238870051,0.9502477969048106,1
0.28324248458353557,0.3939931598778142,0.2446472520423753,0.603909968466816,0.568621071891128,0.87455058254782,0.2559135106537467,0.08847383721714884,0.5320444013021689,0.46128461131936055,1
0.20383082142447995,0.5220623560678932,0.21246497444183848,0.7082490042345498,0.3011730941759015,0.6073445840253006,0.11636283210728524,0.33328974121201577,0.9906487626424572,0.7053657191437862,0
0.6930125850377776,0.18217821122570801,0.6804343266352296,0.7076540778489858,0.7764826139351826,0.6275339048557225,0.42469347456721274,0.4062779733351556,0.7655813663834158,0.8338966308603051,0
0.10785951201044415,0.32484321738066296,0.4712914657939088,0.39732479016735334,0.3835781803920286,1.004104376420913,0.337305289406422,0.9254077158581413,0.7260192799248674,0.8666049159956792,3
0.43119656741515655,0.18870427571508439,0.78018960952411,0.19318958167126224,0.022274786461939616,0.11879768771148481,0.6982455014114131,0.7974164960350828,0.36819115707270483,0.7806412180361115,2
0.39765116588881944,0.11085560893726043,0.9134459467758804,0.2927264865801362,0.39933962890100727,0.9912158239372252,0.38688693332536334,-0.35989206119915595,0.9832782428801671,0.7226403319317802,2
0.9262052403282292,0.5707398358009145,0.3029267654248464,0.9980938228517611,1.0417559045969125,0.9369467961639231,0.8734362126824553,0.747905022388794,0.5918576686829501,0.6113895022128477,3
0.3899312261938273,0.25617788558174154,0.16286660114974383,0.4720828407516211,1.4433805913300897,0.123521892438201,0.4455036291769249,0.634896610203031,0.996019776243941,0.4080403039611242,0
0.7865180076432756,0.7916361574704667,0.3858269590491855,0.17792883165042886,0.3881195242568586,0.36266605613288017,0.4361855434823898,0.0578733512693152,0.5481417233720409,0.31157989188388263,2
0.7253581001452643,0.3330934514374213,0.03218538061329299,0.5017374816085436,0.4973903259291638,0.3676464940312709,0.013775192562860947,0.8294529463154436,0.2654869359606514,0.2048578031711582,3
1.1097494798190894,1.133575469236698,0.8467335877080047,0.1748011867100602,1.1124242626496719,0.4375396504208078,1.109722171659026,0.798034399840262,0.08585167537470809,0.9129449935170468,1
0.34894014311522287,0.31342809689731127,0.08029922081955446,0.5610205386914536,0.2089673956344509,0.5397852750178733,0.5141271344597682,0.6585320344388883,0.4453993049811197,0.22630244546298675,2
0.21397410686116788,0.5237006953460713,0.21762578739033178,0.7145211983319223,0.3059907447216334,0.6143069624980735,0.12140883753517341,0.3416153019138683,0.9993935994592174,0.702824011943258,0
0.38983407478061577,0.6598482036289982,0.969378419768226,0.01722622549664355,0.7855765217315014,0.5413901891229762,0.17024880914877785,0.5752089979373882,0.27279429966901125,0.3815860258123726,1
0.014606488532000642,0.09274594778997475,0.7586554636022798,1.0544075242111004,1.0595288561048866,0.21805545416002287,0.15921929733170326,0.3224859087959365,0.3958391361306037,0.588365257340601,1
0.3535394668755407,0.18898377753385048,0.1895690283395734,1.092921229814298,0.6172541810521138,0.9161758953165728,0.582775175041149,0.7624284986048011,0.12538525588917426,0.6359988797857462,2
0.24716924939585347,0.28380059441138983,0.3303851548363141,0.8219003508797621,0.4912675200209756,0.058542348048340555,0.957882934636578,0.34386027131405517,0.08044140285040335,0.30880675557885345,1
0.3759208434701587,-0.058319508902929876,0.3636128358826205,-0.05328331302435435,0.0958694557373658,0.9615700280244366,0.7257901246146999,0.004460658690316401,0.7461834366961336,1.07536240255904,2
0.4929226852316251,0.9391926384193731,0.4023940918193526,0.37221966947559953,0.8472815129800797,0.6471568618735706,0.4262367827045114,0.8552843473695629,0.6546841305973081,0.9199414389817006,1
0.7930782748331162,0.7425804514704195,0.3966792568872904,0.1572539292060947,0.37165333344135915,0.49771432321910847,0.488408449296942,0.12445151770264765,0.5385937200282713,0.2847348604653708,2
-0.13603756626085414,0.1885019447254997,0.28484664253045167,0.18103123039960026,0.7673113507190805,0.4996227863490858,0.3081673665713145,0.10057318011786376,0.2649688681590874,0.5439367386016469,3
1.2178567471543285,0.6096677375632454,0.9396213420051516,0.8624638354128766,0.5490551401855026,0.5308803550615245,1.177438754073855,-0.17738098594003204,0.7448058237869366,0.3160662774161601,2
0.6634088986506186,0.776918743540136,0.3022358621374226,0.8837939582765718,0.5947134383177046,0.27733978125405867,0.951533318292659,0.2858663979013273,-0.08506303122621955,-0.08101363672906331,1
0.1663623678418896,0.42797240173827306,0.9203371249454115,-0.08589199593356894,0.6182283743604754,0.4968340258706586,0.2367123630203693,0.7399147214743264,0.06776305667990906,0.18782711527549242,1
0.9067528633446257,0.6044842635796203,0.7968112246222128,0.6302225563814148,0.6687199849268114,0.4670481510035011,0.5761742044205354,0.12623227844293952,1.045053247741955,0.2283103000595707,2
0.13647135625571746,0.8383659369534783,0.4819906802936215,0.3466461506353019,0.6498530461123325,0.625181609406411,0.23373206145952619,0.39660601106332233,0.8380083279508952,0.842456170677413,2
0.4305202470197312,0.4495433665464756,0.7373514549926061,0.0036000349617534844,0.8535341065808482,0.7605677921728956,0.10003832963761561,-0.29166589362971007,0.44585951922382766,1.2866560341711994,3
0.4941046074756883,0.12450710964181239,0.9923348762662765,0.40886205805221726,0.802186046318657,1.014999583455868,0.3686793572350554,0.6542480449420218,0.4264714903407407,1.0687963076302212,0
0.30577883995023614,0.5459871951031895,0.24457157498202825,0.9731678423904422,0.7122912889500809,0.09551736365609742,0.49753685169612555,0.7915763553973832,0.591368002405161,0.4137391333475704,1
-0.2333794098574386,0.6369663514997694,0.44972703576047846,0.2937331988382,0.2260695135632167,0.5607863149265493,0.08108070533133244,0.6113870573695632,0.7242764239994562,0.6630812535151483,3
0.2512084774020236,0.5590460712448786,0.11047905184510151,0.46261244468831575,0.7327573440575846,0.33993066736876576,1.0752075095257214,0.7285354876907281,0.26196482713431674,0.6065857314899301,1
0.23319772740070147,0.13273828092570752,0.26116437434280815,0.26742523743843444,0.4320483984928208,0.6175741675188249,0.2588590949837669,0.7923414122790874,0.7568115232117556,0.3510475142868957,2
0.1208281320081558,0.1841233324434957,0.3786590223559253,0.25796594587214206,0.4437808627613606,0.6410882229938066,0.14667581573116925,0.859856659959339,0.9117714822215643,0.44828418377711193,2
1.0007466579281459,0.6327266137369318,0.2347249679981674,0.9096753412651675,0.9163748644323851,0.8525512773454825,0.8991501386929335,0.6219041175149137,0.725337875339124,0.5676745977499233,3
0.6033787513256426,0.12576803527891608,0.690898626451917,0.6998285846091418,0.7081350486255038,0.6117941010317146,0.370690102001324,0.35391323215180476,0.7328745526657642,0.8538922757470659,0
0.35425181653403703,0.2920686149066651,0.3437541394227354,0.8857455488820241,0.29754467073105423,0.30776109277671976,0.05129027030851771,0.19815245665996295,0.8472315952719853,0.8891443050292961,1
0.44638541288639744,1.0896022653632476,0.8149640629602475,1.0500465415409228,0.09764618869220702,1.0203861310046556,0.739996406401069,0.5434680640221767,1.0408027928161827,0.33511432187911144,3
0.9483736377441547,0.7060816448457925,0.49213274280986563,0.9175820715220707,0.09961707908640438,0.4690871384488219,0.7538944515696895,0.9620596260956125,0.8916730528749874,0.4717777752020212,3
0.12220460580486305,0.2777080209190877,0.38632975354972493,0.33861440451354047,0.3693578725171916,0.7458758266385482,0.19059300194612472,0.8801879133116709,0.7747203612994439,0.30104506626081906,2
0.6353309624942036,0.7038954828216503,0.6960935970623016,0.43081463754618493,0.5594268331157505,0.5488253796439867,0.5187979146358098,0.08329965241952894,0.3506577354817356,0.9764378805605124,3
0.6259883915191149,0.7911913729813598,0.46655164684609257,0.6389129934144521,0.8326070574492287,-0.3217529764557733,0.308298269041336,0.30660039486983054,0.5975284268904336,0.9535929134470077,0
0.014134753793037164,0.48717260883928515,0.44027214361065625,0.01106819410680289,0.07889546136585884,0.7130424093848304,0.2158767127057195,0.35093641151687344,0.7375409213005678,0.6961970311554473,2
0.140419524143345,0.5072191353548203,0.8570159229576526,1.3188755038213926,0.7282575338907465,0.2676456296909135,-0.012511165999563034,0.3608281460672502,0.676877018219664,0.3633619516539531,1
0.5450121594556848,0.6200386434816645,0.7454034654249884,-0.12801752079616224,0.28064062319836586,-0.32656797007698435,-0.3661436222050321,0.814212156221446,0.18662851861496635,1.006186336218323,0
0.5364023131564795,0.7349790101175838,0.07417098172730319,-0.17337567795216088,0.8684915005792423,0.4985961150238958,1.3549478381041542,1.1247452067867438,0.7219617940033176,0.4603178000726368,1
-0.019989424154469915,0.11429760631609856,0.6642417116424091,0.8571782782534343,0.9201824667642481,0.26062691944117405,0.3582332895887041,0.1079958006835064,0.6978096994246429,0.7513222197078584,1
0.5528648709178886,0.8698419872382569,0.37776396434138043,0.687790854206922,0.9997862289626043,0.5950875743799704,0.9778824678482896,0.059464673636639494,0.0693873180685107,0.1905008619324935,1
0.5846883379282735,-0.20377710107999705,-0.009429809119078814,0.8690698651301523,0.594160600836719,0.49889509751468547,0.9285565137861482,0.6904030742377656,-0.1776553050171732,0.14108185065095546,2
0.29036477826664214,0.3924075397993938,0.25465046803211433,0.5998150909399917,0.5787942931654164,0.870295623061879,0.2432862513304989,0.09117007093060955,0.5255080980867699,0.44999025086400685,1
0.21837542440670063,0.769285264576487,0.7268888839621649,0.34270181348162976,0.95905284535469,-0.19544504152113856,0.2679689820194658,0.5974522094610346,0.08937342207098255,0.8159372727531693,0
0.2858806866232649,0.4054573113598381,0.44801070832298806,0.5985710813502968,0.27220913033988414,-0.11329013794112114,1.1413669214207691,0.11070983229852266,0.10649960123389127,0.037505824384351905,1
0.23646800914806257,-0.3015722427214889,1.162828631822257,0.40090972105715894,1.1686964991765878,0.6132874658658051,-0.0746716882118868,0.1437007106835422,1.0784543029385436,1.099535141392955,1
1.1656270603707168,0.4203587158523474,1.6783488994377025,0.9619442319138269,-0.49918691560047035,1.606808618515017,0.0010830822850256272,-0.0685031235686262,1.5356844836514134,1.222505350347721,3
0.6884005767449463,-0.05849724037540985,0.7694679311058278,0.9900932088241482,0.7473823546582948,0.5323151621077277,0.5655098178904846,-0.07137817930374613,0.43631886925370683,1.3131119868031769,0
0.9715644413665283,0.8107226614571363,0.6344200181026135,0.10081293185555613,0.7115812927522257,0.7053081352944416,0.9862168200807385,0.7341821863630823,0.228135431779737,1.0310148262279344,1
0.44146889188523186,0.8101355202788805,0.6346538092582429,0.15788494937167288,0.7966504563425538,-0.016057034986183452,0.11345240667799693,0.7488738411190664,0.1774477525681758,0.7195020200313463,0
0.35841951165963337,0.8249326861338325,0.6186283562803255,0.8897490685731195,0.9469467987462395,0.5889119347655021,0.8342862643539692,-0.03452516351440811,0.2533979950628591,0.2304017852136315,1
0.9361115554903455,0.6488025289773023,0.2472185231999407,0.9846806357776606,0.9993235533085828,0.8903116476433951,0.8224887208039862,0.6575784483058761,0.6503849528942167,0.5632977968294387,3
0.8647725431161506,-0.33780967939164386,0.43188435168042266,-0.44123390646239014,0.6468018600015363,0.042560149931243546,0.59203906673129,0.2237737857319411,0.8799226573677782,0.8609823072646542,0
0.8270637228469792,0.0648682478296424,0.7214099891009054,0.9931678877404312,0.5332205160164301,0.0411965698867624,0.8782590107551013,0.3029842840464334,0.693261124057649,1.0467301618087714,0
0.26953027597201595,0.2519277081527471,0.862132702054154,-0.0187987270802851,0.7383397676734151,0.512929363486155,0.24686438262475466,0.42861475660640047,0.38030033420571846,0.9915685564766991,2
0.2696893378209514,0.08862451664851131,0.9816168914627841,0.8347440666190282,0.9429136932884092,-0.027624305763876714,0.5635414806827485,0.3964540104314118,0.14407211381049356,0.061918153088524275,1
0.005527802091753345,0.026387988612376373,0.5440619298423561,1.0288988608206153,0.8337171697431972,0.21878065416184478,0.24285551587040083,0.23833904331445468,0.7278879421581502,0.7060222746593421,1
0.8655790900473949,0.6385859401550203,0.3001263283874014,1.0947881911127941,1.1034180903445465,1.0336051825314538,0.776474671940666,0.6366373339121549,0.642197902312606,0.7104473197995015,3
0.3357629263248946,0.6696291758930988,0.8486655357421269,0.1971655664048896,0.7857318468902471,0.44386147243384916,0.01911531810292255,0.5723875664070532,0.09159331147995078,0.428112292110515,1
0.7561738949529718,0.5787137633163949,0.43385897523375727,1.0030574115778568,1.0083901409760716,1.0117453387358968,0.927707160728633,0.6882882764829932,0.5884333419487022,0.3949787909865644,3
0.6300318812518291,0.10041668301195944,0.03576653883532652,0.1473632684532853,0.587686810305746,0.18174922282434033,0.38192639266016404,0.06817187120945964,0.8826930576202746,0.2958543676922798,0
0.8064682396057702,0.8314839686725702,1.8663326941109126,1.701024145022945,-0.8447621245580594,1.7713812953715316,0.44569451560267204,1.967777832810414,1.97949078403092,0.08558133781921523,3
-0.0890709270727346,0.1253306230428949,0.6016271519225284,0.9409988465388752,0.9025234469919476,0.3268034817361837,0.3664379296026581,0.1642312690031604,0.6211460295794755,0.6125884205230658,1
0.409305008863615,0.5392928555174932,0.35897486440891596,0.4051771912765526,0.880253439594795,0.3091049709991587,1.015279606307213,0.2390288473270658,-0.05422823245329367,0.4862861082909677,0
0.3729156058631496,0.8357215173512582,1.2318046755019696,0.3412147786169306,0.6391310067462961,0.4256970364019135,0.07744902987682653,0.40743032612937075,0.12358385923850755,0.07205072730490591,1
0.6028294654399373,0.32532714674839,0.9393324797514117,0.5870346974229326,0.8544484485987326,0.5086165170006921,0.24946648689526113,0.9537950419953966,0.7342382421517437,0.5849899332345226,0
0.21002836074140807,0.20779375285386334,0.1538063137436994,-0.060148352036620514,0.7291875256168721,0.36797427903262914,0.3646624932456799,0.7721025431197442,0.04008517030267513,0.4817410843438964,1
0.5795034234305517,0.44474136022189853,0.17165367687576447,0.3614475793073618,0.3629673872358299,0.7385815742125194,0.7978174096823267,0.24178068004567932,0.8247133529488619,0.24427103707341175,3
0.528680132467755,0.5209391795850278,0.47306432847203855,0.46139975173988895,0.07466478355507214,0.34906870324058403,0.20514194384522555,0.49752317877846997,0.5844362873668375,0.8145745371234248,2
0.2452408630286107,0.4921563764874045,0.2667921995456413,0.7151222800536027,0.3331925450102768,0.5854014281025395,0.11625474897686458,0.36027707817173293,0.9974814482881672,0.726482367668577,0
0.08327183900219935,0.11951628913855958,0.8664021861951761,0.8006435779477319,0.8319248105481787,0.03212821897829317,0.7402875481445227,0.612127983897647,0.3519266343009471,0.21785039939188644,1
0.3396984743852934,0.2963632063183686,0.3284015923430492,0.8711971635813323,0.3011996782598923,0.3078007441209732,0.05120256808195397,0.2025098713142588,0.8440990452150656,0.9022019419253037,1
0.5154291285945388,0.6583655261437868,0.7054385756463155,0.3991637026463981,0.6262512480194559,0.5547227461418135,0.6586588063292499,0.13867648406492353,0.2762336995189313,0.8778491845422087,3
0.3438857542303075,0.29707085006709755,0.3288756349483035,0.8739122860212979,0.3039890732167374,0.3054848116665196,0.055475545465477755,0.2014264279872008,0.839745183016443,0.8990341729904222,1
0.31295213217668777,0.34193700982535147,0.24893415568586866,0.7807197405263406,0.4108346698233556,0.009049886582327438,0.8702862016519121,0.40431621956034397,0.03786797904604472,0.22206865825359548,1
0.3394741827361647,0.41968212513234876,0.3352286621326568,0.6996042436485785,0.6591692351678858,0.7685427224741161,0.3317574938124175,0.18823585726267936,0.6130858139953183,0.3558253407599251,1
0.43963898938163964,0.5184815364372063,0.7871269338264206,0.8285938433246801,-0.014867921293616554,-0.09604263035690712,-0.1185123202531369,0.20303457212833614,1.0096823898615097,0.7740177619937098,3
-0.19172134354269488,0.4605118119631541,0.14706919256558415,0.2974598124404899,0.7778160510559862,0.7324704129845029,1.4096355542792078,0.5869392539674911,0.6930800646892088,0.4968310186327675,2
0.39997185985702693,-0.1665870671287623,0.22766340190127943,0.2901705444885745,0.4857196285860437,0.7691517502796875,1.0363709548294344,0.28011982358771387,0.8191868554211906,1.017899809627527,2
0.0011243514976296137,0.17103327717626501,0.9510856257115101,0.8061677302606348,0.7653592925032446,0.15818749190440518,1.0346291475743499,0.4172821200186143,0.2151463796918801,0.4211460197815393,1
0.01867297890350427,0.17772250942485132,0.37326564258169814,0.098334013796641,0.7517878446942227,0.515609925069299,0.17006720733203023,0.08752879802481427,0.20492777680854174,0.41496991802048855,3
0.32943367310063626,0.29673312637822574,0.32086495704063817,0.8602120915800439,0.30555684050846205,0.31768484662022156,0.05884353624771981,0.19277471477350389,0.8555850595687956,0.8911306484219372,1
-0.1776850253581861,-0.12486094222743255,1.1498634303876285,1.0263453026224478,0.5982780768463793,-0.05291908040618841,0.5109140999727062,0.5961666643398147,0.44679420176856355,0.48424780021941,1
0.2651418122514902,0.3584679265240958,0.576535384675326,0.38918918238930833,0.171661920396586,0.732398250237762,0.49501115665027157,0.5251667751858631,0.6741451845515669,0.9885154405661931,2
0.5535525404428044,0.5734224784021406,0.14123743470419292,0.6978078939416211,0.6182572433771004,0.982711389737266,0.6995157790719976,0.28080837809028464,0.6626457887395659,0.2138589388619789,3
0.33514939553639256,0.2846949343334143,0.31716785373366657,0.8791827358520923,0.31624368742254316,0.3185256722662707,0.06566276046917487,0.21894915289183642,0.8550214746467526,0.9037536063431614,1
0.1011289510932096,0.4293068276661411,0.4334274577299722,0.3687403578775442,0.7757920820694424,0.7473526817404843,0.27442535225417497,0.9346825107984686,0.4816046588572292,0.7252142600034794,2
0.2297386926389382,0.8251762861971829,0.3748308061195154,0.208885261718074,0.8664399315799983,0.5340855498584053,0.8687092764636165,0.5520394429206975,0.1852744404262407,0.5818123466901629,0
0.9372450032781532,0.15341722567856708,0.6760000433914161,0.7265719804526504,0.917172920371476,0.7537734843550179,0.2567411797368779,0.46572987837434887,0.9474148353992585,1.0526697007053494,0
0.4403247633060764,0.43920906877956906,0.06302630438808612,0.6536728736669809,0.45998231427425984,0.9587234762075256,0.5917824484257496,0.1014863208384866,0.5025820315971589,0.061492494893315874,3
0.39249070665962316,0.0374073454240821,0.38740918327803253,0.9400794109846958,0.6558763976719311,1.0430256719313695,0.5068424378970162,1.0641662251732111,0.052336349276154936,0.6222403003830776,2
0.061637868571037605,0.11837974321863849,0.6873184682876006,0.9537999994612716,0.8669010821465152,0.356752358742887,0.3577357414334663,0.21635864518633965,0.6171910285390305,0.5688641640818493,1
0.34250692223852086,0.29860740340309877,0.33248343689051335,0.8893070616119889,0.32871880893776684,0.3358750662680844,0.07006634387747976,0.20594019816186465,0.8266613114680493,0.8861700331493935,1
0.9484309592988979,0.5023133445702112,0.6998346104702836,1.1507606694702568,0.40686650106776806,0.4198013821613647,0.11105042363208473,0.6152997004415321,0.9288051308611026,0.6872538694517196,3
0.38308771043536183,1.0100785079693704,0.42222366423917723,0.8596815672321039,0.8204842437049933,0.6193543159418071,0.9623147779529564,-0.026655076183879856,-0.13579391918191452,0.07630465733550364,1
0.5155248796633346,-0.3250588684015819,0.06999007397405116,0.771494276105068,0.6428227056279014,0.705428546086752,0.5559693128867836,0.9794314742327744,0.15933109736535983,0.887059601408671,2
0.34331487665927485,0.9287154054089052,0.37178074264665606,0.3152072619795521,0.9309316603032822,0.5874459585675398,0.47826888424302666,0.8466820014459243,0.7234137382688134,0.7728905932072156,1
0.9137724771255796,0.647446596331804,0.2519608352039143,0.9836841911813534,0.993902102064053,0.9026277911116395,0.8294770999040573,0.662193812913513,0.6459818478821424,0.5663759548018815,3
0.7985395929406623,0.7516707364666692,0.5448840564726602,-0.12622166612890898,0.6909774477827608,0.5380571185581726,0.7887922649281071,0.6699658820851148,0.07334644820793082,0.7470758632683666,1
0.2542469023913671,0.5440074370560591,0.5197962811213882,0.22062317970205508,0.34240148079519805,0.9254652070426912,0.3664801428738619,0.9727092861887837,0.6621201018602932,0.8181645214303986,3
0.4738858456704519,0.2282178521208183,0.9990115336513897,0.5630825481888669,0.6598289471423785,0.5614009827074469,0.28874350608858285,1.122981343710311,1.0127751505578486,0.5222561519118333,0
0.5660549393754025,0.051236844843339555,0.452573487998101,0.9292612295289333,0.6108160834377938,0.8630253492437365,0.5651141969941701,0.9612620013839863,0.1463227363354051,0.5037174456831799,2
0.182930662675621,0.26463394310474114,0.13426525978157816,0.034856181815363714,0.8962682440771097,0.4481780186434145,0.27030637008976405,0.7367641372078338,-0.03965155232608619,0.37610443767278967,1
0.7615370002322202,0.8747085672973607,1.0133043260443488,0.6224045971848163,-0.03442372978474559,0.8483956048134106,0.5511089694200711,0.9480581901643675,0.952804208360618,0.5352159087612773,3
0.027962610955599793,0.039760914621865706,0.37961367779582167,0.34781032478867513,0.42037193845043597,0.5033854557993114,0.40120362243160823,0.7246054380105084,0.7295993471789062,0.2370769022392908,2
0.9044409036323093,0.8057468748400426,0.9028800509024816,0.6839583780078525,0.3143819715102709,0.8626338996868864,0.39662755427753094,0.517383703095459,0.600989108210856,0.6909114242559433,3
0.4514666353756399,-0.05539939285286295,0.4468920390257307,0.16025639346075465,0.30888119814935855,0.8946209901938341,0.9166156468198656,-0.014137174347472175,0.5625126612952424,1.0126209710872434,2
0.22160029721151497,1.0933069441047054,0.3554605493959301,0.6698372579461015,-0.22154631134925645,0.42426446084604874,1.0027179460195033,0.7872896878541639,0.9000907277491048,0.3485848475942435,3
0.10016040921872625,0.07130173834803294,0.8099942010338741,0.8399032564736878,0.8824151088937028,-0.022039634389873136,0.7947666682036808,0.6049749900066499,0.33432762535193344,0.24328100950402654,1
0.2834464769726094,0.13211817116601066,0.2602987635143417,0.246397401921009,0.40800448661898564,0.6426332881891694,0.29596289435548223,0.750462584467461,0.8048700502674704,0.38569429192823873,2
0.5744559474882318,0.45700944827855106,0.18289667778708887,0.3628828484423074,0.3474251199490898,0.7539680332068309,0.7916284296262481,0.25633492827694493,0.8280501061664295,0.2377744649258185,3
0.18061275264553409,0.6549115138301188,0.059051349095452066,0.8662056104907118,0.9744475138369817,0.7352042985101568,0.7848992249400144,-0.03958577465269464,0.6288765302009345,0.6172737734257685,1
0.22026890801564614,0.12575528621283083,0.26257315659363245,0.28106330510100097,0.4099513567376284,0.5506785290980794,0.22508165484953577,0.8081037337054763,0.7319377535279808,0.3496450204068228,2
0.2647552036716522,0.2358286259732208,0.24792778136310187,0.8508836528857666,0.42902085066618084,0.007144999694348248,0.9078403378100871,0.33710615394512167,0.0770407509560485,0.32076968785261845,1
0.2153326708313124,0.517299757282945,0.544050928349161,-0.1163294196746815,0.3416402763830884,0.4172096122694681,0.17755855419840422,0.42600995672413833,0.8270650241351768,0.5691437620859432,2
0.39295852731020675,0.5649782910696193,0.8299736593660741,-0.0012052195600609564,0.7783941071214863,0.40041970460973747,0.03620718320132585,0.6257097784612213,0.21377057326779347,0.383445615783501,1
0.7383068341738911,0.7769222959516602,0.39722483300353334,0.10422290186885735,0.3583000217150797,0.4075645826170995,0.40436828232711186,0.09652233567969108,0.5796326640799616,0.2663170848774405,2
0.27114677525504804,0.5601884221390983,0.838784996557935,-0.04480244323286878,0.8941878638090417,0.5741278023674327,0.11755404215066409,0.38190642145665743,0.2520760794295316,0.28400307721631346,1
0.6143991879278008,0.5275019700177931,0.10506703259841986,0.5648463869320737,0.7605174850556372,0.8639881627325404,0.6739617089788699,0.41149742053514876,0.7961138221792283,0.08552251865165456,3
-0.28068380241893576,0.36152790202268076,1.1656431680484602,0.8419105344610478,0.8726602482443475,0.47616642709231527,0.7758059293559539,-0.11834374487520255,0.9787900237200728,0.5462955543378814,1
0.16846036685130394,0.9449873206427395,0.36599227382712796,1.1622890983402687,0.347587707386241,-0.12296632156648685,-0.41435617166986854,0.6478991386468818,0.4925416734884652,-0.3606432468131322,0
-0.23433415144703515,0.44643465745049477,0.2184147691702974,1.0815498907277348,0.969654676242874,0.09521454036485993,0.7331863317588594,0.07862651298599366,0.31321791063571697,0.34163970213466915,1
0.1905170118342864,0.2298590665745143,0.16471857191659844,0.021142060674851422,0.8431460326131441,0.46239553398880306,0.25324377013092325,0.7944117739235562,0.03294060349098758,0.46320063418405494,1
0.6788910526255432,1.0317891906368932,0.26390740208160707,0.4115938937894979,0.7363385800408545,1.4000470370107463,1.0424964945012634,0.3747190210121699,0.67726767249205,0.3822399234515565,3
0.32549985210872884,0.32475354920094746,0.08559905626702193,0.5533397594933601,0.2152338627091234,0.510705484818515,0.5085689743961146,0.6848615626226268,0.42115500527050265,0.21852125029183553,2
0.6093315096823329,0.7736120541851694,0.5695273342477372,0.2941483008005033,0.7936182519486144,0.8721665875358798,0.5631610088578938,0.29723992394961507,0.26322491317361485,0.3786166134114411,3
0.17311525385815757,0.7371965089707231,0.009134333816834296,0.14893134059526053,0.6034965099109029,0.7189347912554122,0.009147913279165686,0.6200701638471504,0.4608191258915707,0.3551594363996873,2
0.2197923964898077,0.37943061033594083,0.2310669976989059,0.6228562707461457,0.5477433884395172,0.8352911424623818,0.218000357295784,0.12544708708078567,0.45983404968976876,0.48357938987620835,1
0.35780532225926504,0.2760467621225992,0.3128536886418919,0.8848969973211935,0.28893382746785634,0.29490351562157274,0.0418343126629816,0.22145620941938962,0.861218513919618,0.9046146468364679,1
0.5830220045749602,0.6265759861862311,0.26473169778947114,-0.36068318102518937,-0.08466536680145367,-0.44043037973424354,0.3382458324511228,1.1244815207786136,0.12288482942038217,0.7962506488540729,2
0.3713589412233055,0.8497092007726932,0.2660257418614248,0.22387512011788746,1.0213947170989746,0.6596174392703964,0.48542135237484885,0.78268137062855,0.7137563733832517,0.8461450767937069,1
0.3695933418553343,0.29615930723154454,0.12919528331069502,0.5789711664727347,0.2411542528135776,0.4975814170451733,0.5779366195776188,0.6106766172448632,0.4108164530176701,0.2685468448879707,2
0.32671949760001273,0.29794551850072515,0.3187713359506263,0.8818358697510099,0.31281060652694,0.29453554530927345,0.05317876805185529,0.19257689923192095,0.8449069370392214,0.9154855910199509,1
0.6682084447403654,0.7922648424079909,0.36310874264675236,-0.02356718170755015,0.3017500876485206,0.2478110084454605,0.5844219622393307,0.15781048288366217,0.437624949985054,0.37978900362898604,2
0.2085189787168228,0.4608020699448225,0.4111810101961606,0.30031018422756506,0.4711010246771413,0.9869870103002298,0.24400356514387825,0.8038446230737121,0.797640533316681,0.8313489510539488,3
0.2969878133515489,0.6203078874595924,0.27227977102047085,0.2383298496844497,0.8639108742157949,0.3619171951822394,0.972678006012108,0.47288270919211783,0.2634923051352772,0.634750016015668,0
0.49499606242159516,0.2743070255760296,0.2064172197057731,0.03346417786776512,0.34420411023730924,0.19213066451153205,0.23796512989182622,0.12796553642932998,0.7390418430854507,0.5831640013083887,0
0.3343884431449263,0.3096284925034129,0.3116233540266279,0.8724291220266811,0.29611137709898044,0.2992839336780471,0.06466085701289462,0.1891400641318407,0.8570176693415275,0.9271199418578516,1
0.37810925075905294,0.3090863536931481,0.33002219274813666,0.12587977826049757,0.9739691351731332,0.6498557288353333,0.16370670026984907,0.7806571009484197,0.09261552308314575,0.565474015761352,1
0.07360308592113515,0.29322866077208565,0.34416168617866616,0.27692128698362195,0.43670987975280207,0.6042717908874684,0.49241907662821705,0.6012802079415065,0.6451207677999686,0.1466695225154533,2
0.2652401198215852,0.35635606412334525,0.5788175297794483,0.3869674218672376,0.172136298332364,0.7310957234138831,0.4946283545199246,0.5224955490787375,0.6762594807513064,0.9894632447994713,2
0.3513381649205418,0.6290887342048239,1.1374544177579868,1.3474872673631437,0.8678669909427101,0.28000267786912164,0.052517767337225796,0.36852456349347473,1.0255884102180144,0.7510330449177076,2
-0.06805500158379219,0.17162248513609513,0.2145315342162533,0.02706849338375439,0.8427002041011495,0.6217347902502676,0.7069290420764396,0.3558079726767853,0.9040395907749751,0.9328049893610912,1
0.7718824683283216,0.9573693312030209,0.4849859015075227,-0.06226098678922522,0.8018820283246632,0.5749248860565348,1.0725983730261748,0.646252716326179,0.1020047356861623,0.9794586031765411,1
0.5359140324925147,0.8494969709817916,0.5938749847347595,0.816507246128525,0.2870248911144818,0.30623238234110123,0.08463512239630541,0.44484693087610017,0.6951337524375532,0.026562861322896147,0
0.5266315697928983,0.6698317768281807,0.25659292188152,0.18869234290412712,0.9400728243100251,0.6415377959501017,0.8278829232468758,0.5692931273754769,1.0038276667899961,0.6082098641210684,1
0.24489488018142946,0.24913584926657267,0.12718469030535762,0.048509387516299476,0.8634129931254148,0.5555601317039993,0.325538718079028,0.8839870138213667,0.03637991963393156,0.48554217807546923,1
0.36738578771653513,0.277592636053989,0.327549719745632,0.8948935694971378,0.28736635711382663,0.3157510734859082,0.061058859326321296,0.19843748973971334,0.814814986531869,0.92741829059159,1
-0.31787061723031745,0.6274959389467694,0.6542078217705534,0.6164341806986467,0.34596676252904013,0.7602133153792062,0.3579357317928916,0.7924344378449715,0.3706957213095907,0.3042640090819043,2
0.4825062603924091,0.7299769338908986,0.9217115189114309,0.017352953097440386,0.6520051797412272,0.3564432841984452,0.18303454518004444,0.5105481133057294,0.22267366458078888,0.39745120652910676,1
0.4035661263626701,0.835889372267258,0.5189319193218932,0.28953872354519805,0.6903095969751033,0.1466432673779106,0.148187516736652,0.7550418309916164,0.12005022518355817,0.7356691185884727,0
1.0280111659038538,0.5914109099539452,0.32150415409718286,0.8842719794549234,1.0781693641452526,0.9540245560674078,0.7926151016967022,0.6693861746552209,0.7309933055816523,0.6084211113131319,3
0.9249933081081697,0.870867575186646,0.5779931298353587,0.018369655105321805,0.8682871125123591,0.6875246480608628,0.938011779353156,0.6732237156168941,0.23706091490450057,0.9104643946657794,1
0.43936343331923317,0.662163923718863,0.9139554537972474,-0.04230666350124798,0.7037102511759733,0.6627405447745665,0.2465561463350172,0.5819037893394329,0.31692969187785586,0.27911601674163955,1
0.39155749416634467,0.41653585581317054,0.024623588512147965,0.6598141923474992,0.742373104204385,0.9892355324714615,0.8799518015075127,0.5168795070259609,0.846667847795492,0.13437070046307614,3
0.45670215978206413,0.9308638438202577,0.4718678789453044,0.768191192947484,1.0832672035922066,0.5299738982496568,1.028997012403805,0.004525618305320881,-0.028010832846113817,0.2688187681209138,1
0.467245997561133,0.8319675980572022,0.18133053607267346,0.8485755058718261,0.9195629243693689,0.3008883165540674,1.1157191202060264,0.10374641453715197,-0.05879842211424599,0.08540958741475997,1
0.2898089780195397,0.38144244201019667,0.23902003497657826,0.6127719614319886,0.5887585531455674,0.8600619965004684,0.25663398996293457,0.08294473921906896,0.5349416411732005,0.44844453461505335,1
0.28872741076412956,0.31864979055109094,0.2682504348439027,0.7865464638884232,0.4251260867243988,0.01702401642747985,0.906618758156282,0.40975572414568273,0.049329976301194164,0.2495398838885961,1
0.7323739795988713,0.49554038240815845,0.3702857410394284,0.8452948703421447,0.30957307233211695,0.6489393323994028,0.5531377479476016,0.6363902438950945,0.9997503464366487,0.6008844449423812,3
0.6262516886774264,0.9568877254849174,0.6026505291043694,0.6451069140166656,0.589199969706639,0.6129951890430934,0.28171331308837066,0.7593898023917036,0.6302453815564938,0.24308473225463936,0
0.3243746964232521,0.6499081514774635,0.1787928255187114,0.03385729789139465,0.4389475827259157,0.5705342684210686,0.34132589898598586,0.28325896934155564,0.5441608742540517,0.3922760196405386,2
0.021676186739680258,0.8812988683635058,0.37112314490669146,0.713210845280826,0.7243221397745665,0.8455029733472039,0.5966424669573078,0.17761916545591305,0.7233630450087195,0.45197789956774637,1
-0.001496217990451073,0.17432685476028437,0.3927238764003176,0.13929650670807267,0.7923713722353112,0.5506654457131834,0.17911686510124358,0.0861826282508572,0.2129282909602446,0.3981981856320436,3
0.629916547982222,0.005130528221423708,0.40217654876788256,0.029072149395089293,0.3652025595295036,0.8137110506159558,0.9823574127576647,-0.07406894992046917,0.4029777468299424,0.9090743414387804,2
0.16054359343946947,0.2757645294351363,0.3023474912777706,0.411129901686883,0.392756961663774,0.5248618345529826,0.31312787759972954,0.7942425889661564,0.6736485817069267,0.3544282579870883,2
0.6544943832598401,0.6887093457531477,0.02516405239674749,0.7089077575028293,0.6943819242289606,1.074040935922831,0.5883561623741584,0.40185747718341924,0.576297396347319,0.24505903460322273,3
0.10257607421613965,0.14792276888386988,0.9245023121918203,0.8390016934641377,0.8088918548162586,-0.025177364989222795,0.680193780947749,0.573106683757607,0.38549920805972326,0.27473411393841063,1
0.32049235762792316,0.29497513516898677,0.33162342819531543,0.8891717194034248,0.28673379414482375,0.3251161857406441,0.06528027844295223,0.20706889236144477,0.8463328006923163,0.8921950412517214,1
0.15818288736998262,0.6302781754684317,0.25323603430828584,0.1842219900877617,0.24907542711921335,0.7591598359579748,0.30043258166434667,0.3693715204309973,0.6499630702618612,0.5908251887641098,2
0.5441418546887914,0.855481656795563,0.463391415125347,0.757286691610792,1.0376244114724305,0.5108876188583338,0.9378854623719425,0.05615025020062439,0.05855916708962959,0.1636845347116933,1
0.26689865518674005,0.377365964700132,0.26069600932617926,0.6164036013267924,0.583514497235721,0.875291735495755,0.23338064973254904,0.07696549734616019,0.5152480249005877,0.4683670513043588,1
0.34333703355237816,0.28825506897020053,0.11279928198443603,0.5275726720686967,0.21520567571451862,0.48408604881756956,0.49173387107070665,0.6386855303046546,0.48070431682787285,0.1897150194797398,2
0.29604491759455126,0.3729070741332597,0.24230332232451987,0.6177612993830125,0.5823431092945254,0.8527717399309468,0.22852712234236167,0.1096939779054129,0.5067347964687979,0.44472237180007157,1
0.3496485253887968,0.28897297413221723,0.32531546963614866,0.8844697917367903,0.3009868954182192,0.29382235811994317,0.04870978887599819,0.21694497910770325,0.8410153347844715,0.9105526786860303,1
0.2643469216902789,0.3547691231890721,0.5761135827881879,0.3891468065349807,0.1695799464386198,0.7314996129150177,0.4933486099072407,0.5229548647309195,0.6760150903261298,0.9889307356826882,2
0.322911426655377,0.3083637952021912,0.35053072519468736,0.8876530428530527,0.28500149319805335,0.32239274783670563,0.05087203074848543,0.2116653167888937,0.8498191966182549,0.922166559224964,1
0.2588978623752784,0.9568299186341559,0.4189343923855772,0.0032304941876190596,0.8355464306363296,0.7235251902951353,0.7445237817028385,0.5782469177472762,0.8534343727055673,0.724138553237525,1
0.548845736689761,0.5365878980901775,0.08854468900441262,0.7412162066519844,0.5831700014017827,0.8971875005275733,0.7318290104610432,0.3324912274184301,0.6007869225628104,0.24470975200317202,3
0.34905989457331665,0.30750392773193475,0.342913054787412,0.8585143227927114,0.2924614427967847,0.31526766467476847,0.04819614415332184,0.18851278226341883,0.8300332534402042,0.9066479572192042,1
0.9491334402563919,0.8195706088028656,0.5748987504384715,-0.06723070411458798,0.939982785340282,0.5666092131275235,0.8917831499799526,0.6335433480859882,0.30876794373357513,0.9272349287744736,1
0.4729735709457568,0.7059188870225249,0.9420666954016308,0.07321788389062649,0.897155310519112,0.4471636931393039,0.05574890154933025,0.6070789507621227,0.23700502389044045,0.3688822366921373,1
0.5166694948691719,0.3829769537210373,0.04024547004476606,0.6099426276462276,0.11604212886982779,-0.37538711264001573,0.9134800436301701,0.6866414570390225,0.27479642005265836,0.0334041112695182,1
0.516152504056585,0.8915078113510561,0.4316093635985833,0.7244595950590448,0.9880161953885465,0.5418347287120269,0.9509836198950566,0.015987948122570855,0.04490280079914429,0.18723618168722567,1
0.7166424037239069,0.7360513247678189,1.1900351090412995,0.35182238036467567,1.2929825818889231,0.5212555060984955,0.25699802131917393,0.8552014448740852,0.7320270788399851,0.8722105164066426,0
0.15184673820202574,0.5494042233573327,0.21379259025671832,0.6665728116512095,0.28564692389344387,0.6633199379548671,0.05690318057820754,0.39956720046014876,1.0406912386211604,0.636657868090113,0
0.2995921981972728,0.3029663011373827,0.2798946634943113,0.8368778523088607,0.42524104893969483,0.10746182336618909,0.846966133179657,0.43154873640681773,0.07460085563317738,0.36440409740567037,1
0.515257295405525,0.08480599623566046,0.8281760614770387,0.17982071488957002,0.03401808263766589,0.02159745362072854,0.6193753778913031,0.6703752943484813,0.36657286619018986,0.7797838922732311,2
0.7801891195401921,0.5569538731347915,0.10976306713724648,0.5377165700236215,-0.14693637991160002,1.2363530276690071,1.147965047055002,-0.5427600013400145,0.7145065123189542,1.075850208649317,2
0.6525915913233942,1.3539155149873818,0.8986659642653392,0.6641474323546286,0.18593018392083582,0.8392026786604411,0.37887647143833864,0.5963727188337159,0.41261965429376757,0.7613863780845438,3
0.11696850050402596,-0.1617912626644198,0.01934921642292209,0.4607680342593235,0.3233436831308245,0.5663972964127184,0.11251826953696341,1.444475962034718,1.5476924777558656,1.2892200805920946,3
0.3886776050068617,0.19205142107339315,0.29657373343156285,0.7333277689794954,0.5125109820837981,-0.0253878163253555,0.8489422983298889,0.4040191461038145,0.13756281204263238,0.21083579510705408,1
0.6423766199223997,0.7928776416482766,0.8656207430302797,-0.16077647324970668,0.7141758112124835,0.2044967239072839,-0.20457446715429078,0.44872379420032177,0.2517442800842634,0.35400186024973296,1
0.19640947813870432,0.5011985176052889,0.10313078826720837,1.1844301201185081,0.653613663974847,0.061143733327241795,0.8381687845932336,0.6378210429510344,0.5910789699888647,0.468597607873657,1
0.33164722449826084,0.3242111881986413,0.07153377664741568,0.5672566233287947,0.22587400223866744,0.5204714299389086,0.5359569494808735,0.653033713514575,0.44136008571763435,0.2357494910114847,2
-0.01774065117977255,0.06619815807552033,0.5697525623856463,-0.03416590339452072,0.7583960783131903,0.5687116254482465,0.33664781874608085,0.044714051717021294,0.25857739890546466,0.5115400567279335,3
0.17793062472907853,0.22047168215520122,0.1682062579518903,0.0064885371111464175,0.8307757380129824,0.4563959695431759,0.24657970267377063,0.7930609361400929,0.04487787277173169,0.44284143464965986,1
0.11093612398114236,0.06994316788397881,0.7619909367275449,0.8180723001451341,0.7520777498727403,0.09084561163990454,0.6620566683509936,0.6117314684503187,0.2540292702609824,0.3078978248695852,1
0.24791541469806008,0.15348382668819827,0.17685167279818234,0.21088889458369342,0.1299043494046142,0.16903828097259121,0.17996975500319842,0.9482267711856198,0.3112047731296992,0.27137191465316624,0
0.12917945463419203,0.084406661001728,0.39390130486434966,0.431272406345484,0.6563452211965667,1.0371812471751203,-0.15786778374355281,0.49797255696541765,0.36439515945662554,0.3128884575302362,3
-0.023674917946432283,0.9196862943426916,-0.015407837846969696,0.552584161975348,1.0074061186180987,0.7344019249240265,0.597928989249003,0.4428168196172808,-0.09224376026689463,0.581366113946971,0
0.5392847432141513,0.031938733098650876,0.3769068279308038,1.0076913980081175,0.5224208093336136,0.9789493130370392,0.5431581265878824,0.9954998558789855,0.15937435616591836,0.6341444421125607,2
0.008250334388140657,0.1642480223706968,0.11158754807739071,-0.3302271311228222,0.49345178439431236,0.5133708025443736,-0.0362865228875307,0.5005165835552492,0.2210132546799784,0.1922855475447353,1
0.2232379418607675,0.34319384807016606,0.9242134142708213,-0.06655228810762082,0.45980159051701935,0.14568778038047997,0.18895174316845192,0.553604902293134,0.3162325676419086,0.7748397445412336,2
0.3191315093354597,0.06196546391193902,0.7929214475128272,0.24605877487043518,0.9171123711088649,0.5721141860235381,0.26072594416993133,0.8299749804106769,0.9658604591185409,0.5362027329464967,1
0.33523202253252005,1.0789602018220286,0.7251088122548632,0.5073063147323336,0.7600710381810388,0.14905577001345083,0.2546186111095845,0.7097303817928136,0.24700767551377253,0.997551222525705,0
0.3701440945542578,0.27696006164415077,0.3292938884939721,0.8902635320124689,0.3640395880085616,0.3589888142505981,0.04794504500544227,0.20743121862009098,0.8332919616759954,0.9587234652490093,1
0.48198886845095984,-0.10415439335720371,0.6233312522322888,-0.02327061567464292,0.22639078828173598,0.9032480407866478,1.004952661795067,-0.021060474205091648,0.5697681687591941,0.9435196509931861,2
0.7775139607138868,0.23792234616718272,-0.022840395624354165,0.3902833936331903,0.4017864581106565,0.32515739194813564,-0.013434408670582935,0.7639960946152329,0.2845543944717221,0.16771960877874634,3
0.7577498695313554,-0.3231316864864887,0.5073971512654594,1.0193550675841678,0.6792909152564637,1.0682780762357345,0.6873889168738804,1.0979243150712232,-0.17515643103773199,0.3334321809800413,2
-0.0963250740760283,0.9206835125062749,0.4174352811670482,0.07447729408623213,0.0035910257986904726,0.6158188163190649,0.09706872164413377,0.42591248707829205,0.7610809223469986,0.4013332460587422,2
0.14698938755782004,0.5795346831811784,0.023870887819483457,0.28066070761689027,0.5465916240043824,0.696482420059,0.12045495179650972,0.7355906199108903,0.4945651807014982,0.4677159477096835,2
0.6639645930128875,0.5489100538088906,0.8768616228204231,0.42188642336016113,0.8673078824075963,0.38323271992605046,0.22001175532471323,0.9708114823441862,0.9777246270735865,0.6002271005208496,0
0.2632973852382359,0.3589687778403331,0.5778451445142943,0.3888289902735865,0.17365898046099365,0.7317753628522942,0.4970382065541887,0.5202033809098842,0.678636394605767,0.9869247081584742,2
0.5746429733613473,0.7782239689665269,0.4556647498529082,0.3496025462911699,1.051723857346142,0.3193109485228515,0.457375449073246,0.5501481359782459,0.9403584814741259,0.9295973674880138,1
-0.027419095975336392,0.747282136720123,0.33780049876220486,1.1108191857163217,0.8439336482742112,1.0295294937768447,0.2839548295887679,0.5623141027322964,1.0328135748947478,0.8141506032608219,1
0.3471000486839562,0.30975980711286977,0.3496528128695815,0.8906406924369166,0.2853422624155991,0.31122801727571725,0.06883072540695251,0.20151688207503365,0.8299786851601957,0.8966050190074234,1
0.048546666079118665,0.3936043271335895,0.9495777540953005,0.062208681394878895,0.7000585895174346,0.29034797045970856,0.19371172722645247,0.43222463461393956,0.32891734236620035,0.8789467517704778,2
0.20221947088098552,0.2886596327347275,0.2031824875318708,0.2636412315507695,0.5156933223407014,0.4334754011776988,0.3905141621953705,0.6701436719131996,0.720206193437382,0.3733946563850167,2
0.5363053766620145,0.5370190472400982,0.17152683703508628,0.5469523185690903,0.8457784977545721,0.7954870496297186,0.05200550098942461,0.4441512467165308,0.9063573989024982,0.5558953612489081,3
0.145911302132014,0.1171416021163437,0.29545824336533993,0.4119381911449096,0.3726585207346639,0.6754432614194504,0.3946078291957668,0.6412886063061923,0.6552478701529459,0.424804466311569,2
0.7144824913255022,-0.18377879734562622,0.8811245859434289,0.7376644446749221,0.4223906569740282,0.1813050836453877,0.7902830437140621,0.06055935431302725,0.3842807257900198,0.5741049244472383,0
0.5738955567279136,0.4291034685601992,0.16430962075593708,0.33956898396001567,0.35329888727608916,0.7598201955161262,0.8006651558115264,0.2547149230556529,0.8379443785075057,0.244638524423064,3
0.8603188258319101,0.4627549736473746,0.8063169275414879,0.41315891764784574,0.9686803009813191,0.43327044016789995,0.12714713183037452,0.48547682376750756,0.4955746647895005,0.9527369409441043,0
0.24810189989424813,0.37464785391353383,0.5545048232130758,0.4711159810854851,0.5867405574094688,0.9096997149987114,0.3110138702842959,0.27603705023787306,0.6369969304886554,0.28654515498996375,2
0.2825643028139365,0.38938928723271893,0.23693251026544337,0.594760723054957,0.5819120810505933,0.8590762816391239,0.252985824971408,0.08879806012254889,0.5326430374728341,0.4676683176703924,1
0.8924636111191783,0.8649473791117669,0.5980545764981471,0.014511858795939012,0.8328287646209162,0.6746087560677076,0.9232906180206397,0.6604099940812626,0.23698558455656396,0.9193214068000747,1
0.3660915742496975,0.5847154131436502,0.2645383074643463,0.2802061936538862,0.9014179631985888,0.8754336578855616,0.9456568346424014,0.8381336363557547,0.9358378833545801,0.7578482320836878,1
0.012355483047734383,0.3923285244228378,0.9201583686249176,1.2217702278028582,0.9968296244985351,0.05828392412752345,0.6143509405100616,0.33084088187324945,0.5259268794696506,0.8325139075221769,1
0.7209353872301708,0.742259199026025,0.3710184332926,0.09698491883524699,0.38418653528416796,0.41569073986129074,0.46570808789703405,0.0669885834689009,0.5884294670418295,0.3167684061266923,2
0.2923644493359096,0.34312470997643585,0.32894784859307996,0.9078292127788975,0.2954379460713424,0.3737249374701638,0.017148668649741863,0.12368610082094376,0.8972601456584445,0.9719807043571886,1
0.3026751008692903,0.7996801869248273,0.6367130366130151,0.2557312663746066,0.7569866221028315,0.00776117934932475,0.207491422729765,0.8106374099614466,0.278870718831321,0.81768529228034,0
0.23578732506952035,0.15598500199886073,0.39860441557414816,0.22026770728376294,0.4587582769927303,0.485397380776534,0.2243550228892225,0.6831858854861085,0.7210942085521889,0.4044545275402974,2
0.015018479150364862,0.1667642151080862,0.4244641606192161,0.11707761647736971,0.8116904636711132,0.5131558203774162,0.14606250575052077,0.05970488260606248,0.18628789061434406,0.3942574244554307,3
0.6015381070011042,0.7641518505886056,0.5547468167516926,0.28037364258960823,0.7855742548570225,0.8742271518191733,0.5810142653195669,0.29785438474636033,0.24663585417670042,0.37321779915002706,3
0.09395772336629116,0.14073062181149726,0.32388294700281633,0.17118773833268586,0.8562145982705974,0.5949055560197783,0.24260668345408898,0.12475647718939736,0.23286638423298592,0.458510340535289,3
-0.8940862970620799,0.1352596221402176,0.31698526318837483,0.7704696274994782,1.8929667079938155,1.2494274770120442,-0.030671484554111672,0.7236000154302575,1.17109726885041,0.4281370133861703,1
0.26722307290481806,0.12542782582136214,0.18342338400761227,0.10691190933476169,0.32769273257369086,0.1453613604189212,0.14350717101384686,0.8148522680191238,0.42974560783037563,0.19399066573375562,0
-0.2721753107022542,0.3360966968704435,0.5228423765547537,1.6231109935933572,1.17897989672468,0.11144065190678448,0.3257124864435398,0.031931751655798396,0.799625763860247,0.10598950213540603,1
0.9084542018856756,-0.45840136777107743,1.2977862579901425,0.02852832626860169,-0.8117318251791166,-0.1635337668750214,1.1951890763571154,0.03095069489195934,2.1310344409556152,1.592574458685159,3
0.2575599018166361,0.2084054137789078,0.3116505667150651,-0.1464151252256322,0.9393419602196929,0.43717162478920385,0.18106906695046504,0.6738090935805182,0.11648051142155225,0.3423552297973343,1
0.445455198896523,0.6781185730100104,0.15315476100225087,0.7989351136993987,0.5439554509211944,1.1157506335521012,0.7514485042100234,0.44743605548338855,0.6081947676143165,0.017829039448979178,3
0.24712977553998866,0.42175131160452983,0.22415346240785347,0.6190043045517195,0.6214661891557145,0.8305761425219089,0.20010909521867842,0.08946676889857341,0.527618314766929,0.4340097449706249,1
0.4676216418832272,0.9575933509237412,1.1351991126053491,0.46750257289725483,0.21518527471493343,0.9359836934557633,0.2794788386893285,1.0216178546502381,0.6529254401984453,0.3670088562068603,3
1.1349665787839516,0.6364653935785844,0.5437750626163009,-0.33658327005732297,0.9850497020903637,0.4586111738115596,0.8712642697693813,0.6438019439369003,0.49938468162663247,1.0724818600422263,1
-0.006757911069356488,0.07794301996437801,0.6752183189828219,0.8823803987680137,0.7956261864525178,0.31305996047807233,0.40578134194799204,0.21516724931807002,0.62514542076515,0.6497889549855023,1
0.3393950964398215,0.3055987631437558,0.06923247388085793,0.5443951798518702,0.20357213413340783,0.5507190618300601,0.5222230489537538,0.6474871070775652,0.4282244295739523,0.20218476702119795,2
0.5575718623145526,0.08799062577465397,0.6662982122098239,0.31343537867249505,0.19537997949515884,0.040318337571382874,0.6629963582345884,0.8309697383898652,0.45347469678496677,0.7169116298667269,2
-0.03248436818945061,0.14793335605156663,0.4056070961921037,0.19445724966507788,0.8304861057590471,0.5383400428027496,0.1437832722951819,0.1360835112130872,0.23248601963606427,0.4327808496960327,3
0.5039358398200432,0.49040802368144776,0.8392505345645438,0.15819342275092765,0.8994844732219698,0.6104495851616316,-0.004623740442391194,0.5279929432341206,0.11684346990999922,0.4623089634070021,1
0.8855409561687707,0.41473039542744394,0.20176084817621298,-0.09307157369766475,0.1164659366818479,0.4856881990695021,1.0239454386119626,-0.13263116854228968,0.3680334375675278,0.9293622645795848,2
0.1523265489523054,0.2534915469649942,0.3959337672560265,0.44540637808080674,0.3415267311892337,0.46217631978000684,0.30075139922560945,0.8123789656371135,0.8781020408765128,0.3558464918493862,2
0.3522239663303811,0.23970858512817722,0.06448218950725788,0.06349443835547067,0.4374288733116382,0.23744796324139325,0.23253692347823218,0.878228115976879,0.4121915933211509,0.38912729958204295,0
1.0585862134895363,1.0196728556885304,1.1918358361119654,-0.26899045588485443,1.3236024832238946,0.5813601400024806,1.4987657188274537,0.886308589446516,0.4671736445694974,1.5137265210758393,1
0.27254135648541467,1.0162648364900477,0.5200159989682025,0.5748947043858381,0.9545010642926409,0.7941084094825981,0.6025599637218084,0.6234803818798306,0.604097756838714,0.7268936647401387,1
1.2262029767107003,0.39450429173973106,0.3387834545201713,-0.4814625900292113,1.145447898392236,0.6411428043352781,0.9427700367334223,0.5849409253149717,-0.010700703318854476,1.3093100314062227,1
0.4050300488962115,0.6065553403428948,0.9207735746663234,0.057860649007974364,0.8150006299775594,0.4910934899628154,0.14066819366602243,0.506663140678915,0.21483427589535714,0.36978349087116363,1
0.1438832254368023,0.8046566406109308,0.42430695195648915,0.6307519751504094,0.7177096299782905,0.9508029675210992,0.6279662933484323,0.13969348231240114,0.7950712514826168,0.412445440032726,1
0.6678219962959013,0.8559216145371444,0.7940515124770231,0.9420220556694668,0.03340105520599809,0.03615810994062954,0.15773079337128343,0.5263672180096581,0.8556558838806452,0.8860058857761598,3
0.26503819107133697,0.3563458045777614,0.578927025305735,0.3870606604140197,0.17197602367897913,0.7308565604080824,0.494788129124663,0.5224636491579728,0.6762491663603873,0.9895832938112581,2
0.3435903583217096,0.29280171012156325,0.33292963533105335,0.87009667881765,0.29874924971844774,0.30949954774858207,0.05243488255490214,0.20085823641803432,0.8404971286526575,0.9011693847207184,1
0.21833408536735638,0.20120125190038915,0.0570807876253872,0.06933668671860899,0.35227056874278995,0.22743516747695702,0.16442420758834694,0.802245666979319,0.38762752845095905,0.2606995722907936,0
0.33681516320963056,0.29314510581011066,0.3290100362779395,0.8723672262158914,0.2995983666172602,0.3050150483965089,0.05163656100016752,0.2020954755323519,0.846271574903036,0.8991211460013131,1
0.14631642744749151,0.34736836288753853,0.03633339545746209,0.2075225546183587,0.6666592470792242,0.459727692932419,0.08159403974152563,0.8719892997755275,-0.08333254973639206,0.4258608687923381,1
0.6354461085201741,0.5919458619048126,-0.2202346946658521,-0.0985163282083418,1.119049100005825,0.5460465027809184,-0.08739448820982537,0.7367953038864002,0.9056122310887307,0.477219443493634,2
0.26526498848355834,0.3562744334697529,0.5788626137385379,0.3868947250828294,0.17214120663451257,0.7310476562119667,0.49451678724407366,0.5226495236206669,0.6763737119014613,0.9893616105948059,2
0.041004109968561075,0.1557070621211564,0.9097293332771287,0.8486148498502861,0.8407834900870869,0.0006193037744660068,0.783348451289958,0.6025245404123786,0.384260173816805,0.18921834843182278,1
0.950959730281144,0.6492563174291892,0.2829450966569537,0.989673941521394,1.000940247242575,0.9244775121614625,0.8175271087288557,0.662861236267954,0.6431244442747451,0.5319234897624343,3
0.42469046923074105,0.1826958039769002,0.22467687578548162,0.08661311890817962,0.47259824356367874,0.04504550434734364,0.34998033415875063,-0.008771854601523285,0.739931233782998,0.5132285462199522,0
0.3510219362831344,-0.41575626162486423,1.4169830339706122,0.7184800159176206,1.3977272369325981,-0.13343282228276088,0.7775586763971136,1.0262386306695106,0.9688653782840279,-0.28596561233917783,1
0.2901200203227756,1.0667094326946993,0.3553933465596585,0.3829903381574323,0.9171026872898163,0.07472147531200451,0.08348112208171245,0.7337073774050022,0.0013202507519735618,0.9502564236649766,0
0.7005976739979256,1.0899761888967268,0.5144629169595578,0.6458355110459715,0.7651630917466825,0.3878988677982496,1.180521820408571,-0.031170539704803754,0.18204171148544063,0.11675159342997149,1
0.3217788029039459,0.6644148115828945,0.07230856576608535,0.5356624613249638,1.2839527343422592,-0.26692405496748794,-0.07964291698376191,-0.20531629489370035,0.5357145450099285,0.6128908893653601,1
0.753714639641726,0.8030586930195263,0.4548047804227141,-0.1541922599314813,0.720870104586578,0.6998522790532855,0.8351441611205349,0.7709293048480073,0.32538189105187576,0.7566361598364965,1
0.32118317912815064,0.30443706425047856,0.3156043552436808,0.8624920956118378,0.28881571069035944,0.28754582761801933,0.0475136435868526,0.18277708166279916,0.8608515192135272,0.9199056221679318,1
1.0201066474949894,0.9645521925895065,-0.36062310298244377,0.17446772748556147,1.1017243566459995,0.4719989535089849,0.7352045377931923,0.4365066454475174,0.1670681522723514,-0.2163830689104691,2
0.09572300038634315,0.05900663878769173,1.0425426452501148,0.962839298733125,1.0565407375137161,-0.18191730298545875,0.6328847421963446,0.4567601769656033,0.4478233282999172,0.22875692951586232,1
-0.21568657583624185,0.711517674676381,0.8086181440710238,0.4070253039630466,1.1165833273241117,0.20772909831996744,0.6400092513366603,0.46643531716755215,-0.2725221119570516,0.47206586471831824,0
0.867539733017681,0.850944231230279,0.7778035966921574,0.6305250837412367,0.8618673803983268,0.021744458763185037,0.4758765663407935,0.6597242254976906,0.8831995915763637,0.6650914847984734,2
0.2672988573575369,0.35776648101494185,0.5776915073520275,0.38861739639241544,0.1720973921626717,0.7320953639229099,0.4941708039667046,0.5228577923153979,0.6748776596131306,0.9915203832105982,2
0.905020063497854,-0.025130960793913887,0.6647239276463817,0.5867311166685165,0.6999034985596081,0.7853494728423673,0.05838620547698181,0.7225330429441039,0.5218643184116901,0.8630353701830055,0
0.608445849757225,0.7753164677841136,0.567880444282891,0.2931585713346678,0.792081180905007,0.8736198000002783,0.5657452257485545,0.29908051429086296,0.26446458447631904,0.37751797183943614,3
0.9689098649818169,0.6897109334342707,0.2567444026896007,0.9946032814540969,0.9760349706494393,0.8622616533952984,0.8684074399432289,0.6928114148352449,0.6567978607082265,0.59483285787084,3
0.19343983802913128,0.49387652848450064,0.16567458762216533,0.7082712781981428,0.29161717959105254,0.6068201374474066,0.1725489624969373,0.3239961898297467,0.9775239403662547,0.67580407468106,0
0.5933008980418668,1.2058236773164088,0.4136551555685594,0.23077351639797303,1.068410728990128,0.10900062132108795,0.31730177506776625,-0.06847459951919521,0.20267641705771208,0.8398025474356652,3
-0.07350979008728703,-0.010682239806935029,0.5554002465210706,0.5053518796657697,0.6938325794225785,0.26069922831043235,0.9794498517612974,1.0589493066338633,0.6636073092374761,-0.22711077297415572,1
0.24103835137369084,0.9263785368967237,0.6528308103176007,0.5522220598189418,0.48369554519694374,-0.28937227192870535,0.7380996105889985,1.1341038222038773,0.13389684738503804,1.3111552987667143,0
0.07420355955819968,0.2863493694487123,0.29645806376659417,0.1251391080795951,0.6717586168813202,0.6330988585596986,0.15120115414049604,0.08763693832805713,0.3218569502149085,0.32444227634016076,3
0.2654893531676324,0.35566199649867963,0.5805721079001661,0.3889139698910368,0.17237603015138134,0.7301449861073382,0.49267476064667237,0.523334832167236,0.6748982017558597,0.9881118253678336,2
0.9162693687572104,0.4086358388888658,0.24086067815492132,0.7274023124133917,1.2177040578698526,1.0988272466789666,0.9268220258224583,0.6131267920999777,0.5233380130676142,0.5328009014702386,3
0.33685020539275756,0.25860626077030013,0.3049945028729084,-0.05527909330877459,0.0044981159523781455,0.6664964758601875,0.977906303489795,-0.1404749946538312,0.676871318583334,1.2218368079130775,2
0.17204897671456956,0.49628916209152085,0.47709862199608916,0.17076616903378022,0.48475118413932455,0.8529345014616057,0.1598311607132769,0.9100472246561044,0.8171472243225469,0.9198477619218796,3
0.28323831667651617,0.2867311143179724,0.5404307484627924,0.3021363389747768,0.48580143096447637,0.9531084228562242,0.34978591388100744,0.6504176775520971,0.7876289817018879,0.7614296216043404,3
0.3003147206353063,-0.15987838356640133,0.5032004913116479,-0.1570639325163241,0.36317670496583243,0.1498679551442627,0.0707581707423676,0.1607246847799641,0.8780479329550511,0.6129027688047027,0
0.13056012937725692,0.3668316080117856,0.3363343521490585,0.2657335260814713,0.410642192186897,1.046887055130507,0.24233182966796799,0.7660122304329315,0.7937136367970723,0.7512548788592684,3
0.9210158271766841,0.653331606955463,0.2573988733962764,0.971325807533085,0.9923419243782988,0.8969251441536804,0.8213125249471545,0.6744081626420559,0.6368330937378223,0.55488208252725,3
0.5385778417053801,0.6183357056852995,-0.18728825649533884,0.24009827471428424,0.7892488385581475,0.4418002908718277,-0.1855705454748463,0.6770014832002824,0.4504427593709045,0.45467187814501114,2
1.1374586987744655,0.8755657730039912,0.6044454708609537,0.9403229233377932,-0.21659957351273174,0.00935656525073019,0.17035957619584483,0.8463015048007749,0.3200325500634511,0.38557797600901533,3
0.3084559024631256,0.3089212146099196,0.3227991667837649,0.8908425596420491,0.30555220848925785,0.2992197594984234,0.0313426633033278,0.18426786345071355,0.865633045466916,0.8918795934474889,1
0.917859390709601,0.6645941576466883,0.2455194965785845,0.9777768866079952,0.9815191772649488,0.8977932888413233,0.8149101621539893,0.6524130834056371,0.6348523638056414,0.5654194105248184,3
0.20680613380162913,0.18404988430816724,0.2693977627409674,0.3107851814746709,0.418527867294186,0.5714698252574983,0.2937004017655514,0.7496472409211444,0.7810782616543518,0.3029350858991243,2
0.731931528563136,0.2053393554188303,0.6276434647219776,0.9359206886612329,0.6590392282283781,0.8503795512627498,0.6665014488383186,0.997387570449277,0.18134390250125687,0.5237236194814088,2
0.1958411973687489,0.3707429304732249,0.40819324599366685,0.3408130977602525,0.576704339253553,0.939753810361077,0.23289190003069857,0.7506470393798573,0.794897434346273,0.7949666577601684,3
0.6815615800792175,0.5584387772265793,0.445709427467845,0.8585557266371466,1.1314157803897835,0.9972369813977776,0.9472604240511203,-0.06248826918549408,0.22471730788439007,-0.027322223478027485,1
0.016018849536180928,0.903238427434364,0.37839714553666426,0.7021295829322088,0.7056045644102398,0.863408097324067,0.5350958356320535,0.13795187668781658,0.7372798474668776,0.40585513846766563,1
0.02293347040510302,0.0405113200057161,0.6450637099555637,0.9302136276281281,0.840923825225632,0.30425092464539594,0.35249325657385144,0.1564600496856129,0.6103985884925826,0.6280599400218937,1
-0.07142874929370077,0.0999054218845312,1.0877776529293657,1.0286150316981175,0.8777132545035875,-0.023811553431873987,0.7251645299174396,0.45108311472191887,0.3704879823597606,0.37390760405331047,1
0.2653195738732132,0.3562255884236849,0.5786185860965368,0.38674831878801985,0.17177362081677758,0.7311630851261272,0.4943360014053887,0.5229553926322911,0.6759120864388216,0.9890356577906441,2
0.36263646063961896,0.7122984789973885,0.4375005468521463,0.08628545655174466,0.8818818247866472,1.1830882387191335,0.19921845163965332,1.001453502914125,0.4586739972813141,0.8162661666931252,3
0.2652338342687807,0.35567990371721525,0.5783678500526439,0.3860846080764664,0.17201171785962494,0.730556155600523,0.49379403966226376,0.5213954473219262,0.6772815198951684,0.9888313868397143,2
0.8737415844031862,1.1691517720273166,0.11283867795812735,0.5102774015425814,0.24763937639839106,-0.3193407744085587,0.34079733186750333,0.8173041181677739,0.5863511980044034,0.38902719931045804,0
0.3071173981856632,0.524468738812634,0.1833801399180985,0.6718868415923632,0.33925373512712853,0.638677766463399,0.1374792483719342,0.37854474146956685,1.0963695441269876,0.7320066341768342,0
0.9847013445391694,0.5604853999937439,0.35299809467004256,0.9764416830352803,1.063440971138743,0.9658906168432859,0.8568366512291656,0.7503554786252397,0.5945735013900322,0.6279603920646102,3
0.7372432092896065,0.44170192752276843,0.9949174976249198,0.5009370404953227,0.8769558409447372,0.4752202752327589,0.07391663509804816,0.9240580073593325,0.8198178481181665,0.49700206013682574,0
0.9436712424790628,0.758997309068349,0.651407743114423,0.09790459385634372,0.8976420292256002,0.6989646535510695,0.8306310485416522,0.7481419966345338,0.25503909176658085,0.77494001650551,1
0.19863507134463315,0.902242279073665,0.6101831798048711,0.8422550888484845,0.6695039909432893,0.5640334307957532,0.4493816315092734,0.4077640879282862,0.7909919612098986,0.3101652534339362,1
0.3516863298631192,0.47109306662277833,0.5166044607224791,0.10485683356972597,0.6708928900466842,0.7764426393479571,0.21410246000732033,1.0320405130520691,0.9713628214189283,0.8868227751593407,3
0.18498618176769036,0.5890653746079983,0.2700881127417833,0.09988877946573008,0.30917728478457035,0.6712965218479668,0.39442786061854823,0.4212346107531871,0.6169383141261738,0.57885320681178,2
0.1954198843521375,0.3738209052445004,0.6446092742452285,-0.11259437784794796,0.7866819157692051,0.45574436830176623,-0.07563271620810141,0.5979665445953022,0.25467195096766315,1.1981905678500944,2
0.5868692645959726,0.9317400609252937,0.5442380118717307,0.772890976178173,0.3270008304377463,0.3876524635490973,0.8931738048109581,0.6535219132467196,0.8014425688789669,0.4857433393590195,3
1.0191439494604713,0.8971716165788078,0.5227931098290111,-0.017034095048717113,0.9192219325116181,0.5350817067020079,1.0317399695649094,0.6430208869673186,0.30655206520320344,0.7487250996754614,1
0.897539868736449,0.8656223157768383,0.5964994337072147,0.015151527068610579,0.8399456435019037,0.6743040834388986,0.926885515590424,0.6591522304321747,0.2417905280102855,0.921049393726973,1
0.8877161097885655,0.8740719679976506,0.608792769164737,0.024598290251739548,0.8271672181519305,0.6786020012645475,0.9375540847491195,0.650598507262445,0.240346584259957,0.916353469349709,1
0.01583889832976519,0.5289500015316623,0.8925557654740535,0.37926102885850377,0.9513161195348745,0.16900639198124537,0.4872144589160402,0.5952997015436998,0.16860284213952734,0.9039123164049174,2
0.8393154277186476,0.22348811517922096,1.2236062702379693,0.70607580499695,0.5930403738840753,0.7466033297425768,0.500147239285108,0.3606022552391145,0.49100692117528016,0.21860717093373017,3
0.20887375078988277,0.7976203337871537,0.37561304118464567,0.2238567940299637,0.8665022501190368,0.5778574648293059,0.8493079933521095,0.5752861288026083,0.20159425281380067,0.5338791845973418,0
0.2653166807281294,0.3569383126828694,0.5792555509902614,0.38758617629913783,0.17158722209743582,0.7315982146465128,0.49460293883824785,0.5219697348326839,0.6759234515625699,0.9898046453197614,2
0.2449587039139407,1.2404006660083025,0.15759186521489604,-0.4200272939858696,1.0559396605194151,1.1213999384191355,-0.059343555561340744,0.9156006602383888,0.7750876203574893,0.07337577897958586,2
0.9334019190458019,-0.11855840792886316,0.7309871098076215,0.7983784592896284,0.4567168546778524,0.26962454675885983,0.9451427192565779,0.04520909712507623,0.6234311786792249,1.04533923024771,0
0.23143230429726253,0.14956882334193478,0.10800031085486692,-0.03023860246218739,0.8389377262127171,0.46982763170009306,0.20587928317282533,0.8540298079400303,-0.05786613809251509,0.34592768253514206,1
0.9636424817818783,0.6512762619424245,0.7072599335541295,0.621959736562796,0.6638742288833984,0.6266077472394843,0.6573331009576487,0.13673972924194172,0.8765629726367767,0.39312706302916267,2
0.16412491768341048,0.23167094193608284,0.4361319863307478,0.031624613557955636,0.6834327496665177,0.48582810884002325,0.3186546308568534,0.129336569737457,0.447183789414602,0.31946925344254035,3
0.5429375420900941,0.5125512195530587,0.2545053157259836,-0.23067794783959378,0.7576331609565714,-0.01565433619909745,0.06436966000504407,0.4271820668211414,0.4773073886533542,0.950432606602404,0
0.2693703092783886,0.051953132580548005,0.8590471643800923,1.1309243906000637,0.7236220533665008,0.2577758863850111,0.5804773248633478,0.3806450788435613,0.432024674280436,0.6455038719319103,1
0.31851784515476544,0.3293197124665734,0.10965824765151068,0.5911211322361514,0.23211873157305507,0.5045983662439463,0.531883233444592,0.6741693650350676,0.42264094708762406,0.22020599034687083,2
0.17320181514097638,0.6156863119284348,0.2345803643940695,0.11944030277623918,0.2639961139844611,0.6772306428081927,0.37735653260561325,0.40798082443016614,0.5904394400305109,0.5335168102524057,2
1.0567002465708681,0.5268326282703365,0.9128174309336481,0.060481547626624374,0.34028583660378486,0.11527847069916977,0.8302467323446839,0.38104556070393913,0.3408831056058316,0.5423965913982867,2
0.1700413600170264,0.6102730538972214,0.20900815834699474,0.1418453459691604,0.2629592928887032,0.7150875367903999,0.3677369242289138,0.37237951543083075,0.5759933944391941,0.5268672712547917,2
0.7443038696402573,1.172454953623514,0.5466390366521026,0.7346651256217956,0.566265210501761,0.1809185885177081,0.7413831465384415,-0.05966003217477234,0.08180884026162871,0.7801012590921212,3
0.8337630867530614,0.9429166502336782,0.8930204904431371,0.9808686435893588,-0.11864491109661465,1.0861879777928984,0.23245972449711347,0.7196345953323585,0.9341039816056242,0.507121629052393,3
0.21296734122149302,0.17371401203307585,0.28094703519959985,0.3021121189392038,0.41646121287922755,0.5824785154284914,0.30249399433273155,0.7384333363072662,0.7707629578830827,0.2971748332738898,2
0.612651077513133,0.33917906024445477,1.182421989907729,0.02160541126601212,-0.03906806122212622,-0.13621986097319128,0.8844984277408171,0.6762648102706562,-0.003128483193283349,0.8795297311034518,2
0.06635736649818158,0.3884709051297056,0.12633563618229102,0.3655706583552813,-0.04526090642655317,0.5389818593669097,-0.2705936381213276,0.7124763276938544,1.0132324409456843,1.0030465424136001,0
-0.19320708769878303,0.22855864468051712,0.671372582148936,0.6929137004673126,0.684232626324892,0.15018575142414878,0.12318457488627618,0.2036945742353363,0.7235603459067858,0.8255160406843589,1
0.5532251911549694,0.15302048810317537,0.17149144567906102,0.24593030363759738,0.22116596225931867,0.30886189870045666,0.32112445094376985,0.20276005087945476,0.6126253292619174,0.7230133893755617,0
0.10719778646386675,0.12597152306144216,0.24034798361961895,0.26818610916415336,0.5359368185521068,0.674417545848935,0.37923905806936575,0.7643466536301344,0.8045818653295396,0.26521335420981934,2
0.6375559015325086,1.2620325990006687,0.4528372731630381,-0.2914700248516012,1.7228395606619915,-0.14691119118715146,0.2931455860978804,0.9455416335006215,-0.6049396666150585,0.3285252729610258,2
0.5153431754004312,0.6150083933999867,0.13636999592610605,0.6756199287625119,0.578763544314963,0.9566465584481837,0.739852731932888,0.2986587104956541,0.6933123231950891,0.17868972143634615,3
0.013020348435062196,0.1295588714855534,0.36627080733229783,0.35338136830260275,0.39549292435622496,0.6640215788608727,0.4711856946335945,0.6705530704007218,0.64736818666429,0.2828306018450973,2
0.4221646038353648,0.004409169397834395,0.8159122123667256,-0.009284271293520774,0.02910029314819622,0.16846051355421662,0.8398341736282248,0.48841779958897685,0.31291481237924706,0.640275502182192,2
0.38589974015156914,0.41140662633015074,0.22208713057581128,0.6064942154115763,0.4134114524623248,0.009404096288594847,1.0690656760327484,0.49050194937934505,0.1036987607644825,0.18773726285510928,1
0.1823677343430886,0.4342410282265773,0.4225088959972235,0.2797202593718902,0.4973619952576559,0.9654096739557552,0.22147073917734134,0.8207776288349874,0.8073261015420958,0.8139360004180206,3
0.6217835496386047,0.7839366033426576,0.5647371998810369,0.2950882033109201,0.778427571277844,0.8962347754547677,0.5445909082787151,0.290932289412169,0.2630984805309089,0.3549091824525323,3
0.26473451670286996,0.35675377226526117,0.5783736825927563,0.38633577659486107,0.172331970150908,0.7322942886668679,0.4948286957091459,0.5233313265577915,0.6773386902833672,0.9890563588073635,2
0.44095579952452385,1.0066743156110554,0.5362778430415179,0.5505797180046698,1.1235207696221856,0.4665048819312854,1.067269498628063,-0.09300720025663135,-0.08327746439685654,0.13146572125611536,1
0.2786747960310459,0.3022754612528936,0.3768715484546538,0.9089152159643796,0.2729556719131222,0.25435368160121935,0.10263991211225534,0.15527181372941762,0.9052967469927157,0.9423323364251057,1
0.0910894103916692,-0.04518913998440524,0.6806733732507693,0.888593097385642,0.7167129085661708,0.24541409412907716,0.4707660979360181,0.1242177972838013,0.5570122701837552,0.4876663123345123,1
0.5587769262282105,0.24531705833595757,0.6235605717875512,-0.2789935260656081,1.0043017444956115,1.2004965703077168,1.6017585840462956,0.2241837725606974,-0.020746708177851736,0.8387353817944236,2
0.5063154036650174,0.09191383450109099,0.8342004672937379,0.1639970984372193,0.07044721041259021,0.01997734890129476,0.6078638152435479,0.7007015719165766,0.3568708482818691,0.7535894626645878,2
-0.09465727563237461,0.9974482381819346,0.29048871774984186,0.697222258918893,0.8035309937989162,0.6984239443830479,0.609050702484458,0.03973652222080348,0.8681789590263795,0.5176203625042,1
0.39054421390207994,0.28759446221677687,0.06374341442333477,0.5474350090022576,0.1901670508073136,0.49326740594311325,0.5178221103866915,0.6512026867859291,0.4723048981357563,0.2667429843991933,2
0.629574103180232,0.7448925968580066,0.7082644653677657,0.4771649131173744,0.5930529904549072,0.5611505083776959,0.5601316772603641,0.09472766860883289,0.3864534126260909,0.9858250658412062,3
0.5285170845436669,0.6033172545997296,0.2546646058837073,-0.13523216520317077,0.5119728498636982,0.7718006659235714,0.21750028123666582,0.567048643875714,0.27285089176245636,0.44398403962368904,2
0.17789346694333422,0.6311822321078423,0.22410605598425395,0.12359545621955009,0.287218973777498,0.6997785969632936,0.3809878256915662,0.3810264556238882,0.590282736803213,0.5497062684835005,2
0.1706512823177434,0.5527020994824041,0.22738059145632566,0.6851573511301355,0.2958011910155571,0.5283850090221401,0.03546132015866588,0.37708211927429586,0.9856799437816604,0.6457811442895571,0
0.7211210580608721,0.7061666841003205,0.6195086368919358,0.1253923379084363,0.977985224044228,0.759173807154139,0.8557225433899356,0.6080349623408133,0.1894499719995938,0.8385868593376729,1
0.4529273905821201,0.17206582189394545,0.8628200085087149,0.22740248215335188,0.018465748527101852,0.032002332771002215,0.5892194478053284,0.6713799340071012,0.2989525850680516,0.7540782724106451,2
0.593162527113812,0.41624136219528635,0.1807729812907428,0.3481361692677199,0.38313881272056244,0.7546907326721299,0.8134589157850052,0.22753939199903148,0.8320578712992284,0.26542949225640977,3
0.25451004289328244,0.23094903212897866,0.3287515080136428,0.3662659692812135,0.3786219372224662,0.6024699961682275,0.3393501536055251,0.7726588701816561,0.743277743763429,0.27742153939335173,2
0.7396303211152748,0.18811138971798974,-0.05524000307381287,0.44116022312351755,0.37314294478110654,0.3256264829208402,0.014417836075766109,0.7034136788487078,0.30229888137193056,0.13408219184609643,3
0.6443854419354681,0.6902343413042195,0.9258902260360496,0.804629299052856,0.12786552925281755,1.0109817337630067,0.4969226466951901,0.8419680940053612,0.9018324011946979,0.39543078465460224,3
-0.06342574249178565,0.06776504788050744,0.40468266789062324,0.05758561803033985,0.7234338399143481,0.48736162046059517,0.25076844531057907,0.11536261189969677,0.16399554233331948,0.42466279171162047,3
0.5345902429956568,0.7136081709755573,0.5040409742729021,0.6169432552322056,0.018456926703813353,0.5818148980028606,0.8283741890167722,0.9989711305420648,0.8065592511763853,0.2619857694704202,3
0.418299171536447,0.4419846642056121,0.29966705067277993,0.29223873140375023,0.31263981959372195,0.8565976820162435,0.5327466071997944,0.44095832041853933,0.44947351343985353,0.5157329312253338,2
0.6000357696681659,0.7231024548868501,0.9170299853205731,0.7902102528983499,0.051825609667620155,1.0291534328821665,0.38669132031858855,0.7731662601971243,0.9681183147250751,0.42253056750460116,3
0.7110938605654368,0.2158352965040919,0.6317240454165141,0.7691473813348683,0.7044211853813921,0.5663233207470021,0.3500933458844412,0.464535379668363,0.7045801113690339,0.8061909847407214,0
0.5786241314610419,0.43682395686294295,0.16889456081604795,0.3610978535261465,0.3649208432487578,0.7439347860611698,0.7970593640523285,0.24365598914065076,0.825618876028508,0.2386053461971834,3
0.5746015182627983,0.7544627901972711,0.8318808984732001,0.946632021010781,-0.05152342276642646,0.2906640365871029,-0.11043567892385414,0.4935220851243348,0.7338376119482279,0.8638884491556936,3
0.5079422270822783,-0.017971151696704463,0.3763631854992779,0.9616009224049928,0.5394430880750853,0.9485093871082426,0.6573447051105555,1.004409949320801,0.08451858784172829,0.6086453344500454,2
0.31270079722778077,0.6795519308302203,0.09446243684178567,0.4984574379912833,0.36361404541132875,0.7782728138682666,0.2668158403750071,0.23091375860818344,1.2190132856264906,0.6750416603815099,0
0.0696478389628256,0.4004312834678987,0.1835987086369802,1.031123623999359,0.5230100533004366,0.13030773222441913,0.47120572244549347,1.0305826801492033,0.8728255005365662,0.3234224491538976,1
0.12203968083938027,0.19304149721607816,0.8166655316855731,-0.2119817339679128,0.9315069401884608,0.40699046527505156,0.2959748291467529,0.5542260144118886,0.15089447415341647,0.9667524581918618,2
0.9269924237191736,0.5962917139458662,0.3182459068941993,1.020459425164225,0.9435454648961848,0.8486690018524002,0.8635146440784496,0.7063408195851234,0.615727912508998,0.5431239429869456,3
0.060229227549103787,0.40581951180664594,0.4398456434968513,0.4688699169139434,0.7168577616975056,0.7343491491052125,0.20687507164894964,0.8710455740562741,0.4899398426920737,0.6080564684520585,2
0.49293488069281627,0.21292557348150148,0.7558790913448905,0.06675008191910138,0.17563180885221083,0.9285909011265074,0.9885842640596464,-0.02291375342984353,0.6573611984143508,0.9745196015649453,2
0.2149316616765773,0.981474664088101,0.2948635616015543,0.7258566534477928,0.8217525910285268,0.7926855812273943,0.667966538210428,0.37713639009145383,0.7051066347793107,0.6263434921864744,1
0.20989335320604022,0.16578705990438514,0.1269545698442487,0.05267102820648954,0.30149259331565753,0.23927778500425229,0.11840587347704307,0.8211108560768381,0.48472651682881507,0.22809850127558373,0
-0.10647429471528852,0.06327428545434165,0.4029451417161541,0.17743280215364604,0.81326445233447,0.5925298334427846,0.11127028261805791,0.13370417747313623,0.3463095199190095,0.3321094427765744,3
0.2959845317298803,0.3930318611530684,0.26084985153325435,0.5754961343032363,0.5677787476669897,0.8365008216951245,0.2483158605935113,0.11536040727423356,0.5307060665737984,0.44395651305739064,1
0.4218196760193036,0.9188875800838557,0.5168427392658058,0.33292592564509593,0.708661977640935,0.20217355223411773,0.04511504905678056,0.7904457264943623,0.3509891745735131,0.6465781954650213,0
0.5239457586327435,-0.017449897624348877,0.37453483966539936,0.0965882316617606,0.3525684909916555,0.8013177454328715,0.9520750450649986,-0.007109179505589515,0.6972427870334761,0.9325686615984505,2
0.3747665230336932,0.8831543525467622,0.36279942626627626,0.2199060739201232,1.0161845090108501,0.5707345393790467,0.47503003003358657,0.8339123905823908,0.7475956620626313,0.8173301864480312,1
0.1379364336117486,0.10481245769044309,0.8985211009376208,0.7801179600120879,0.8782182251158015,0.04594955715194089,0.6973462787329935,0.5648450981057411,0.2948945600464644,0.27031656231136286,1
0.6857665937253372,0.7761159428700991,0.8719938164346804,0.8130739492496452,0.04305182811410555,0.9621489460302962,0.4537677419056028,0.8312370483410917,0.8927424883970806,0.34603178708298077,3
0.2781684662453093,0.8538957068536223,0.4683591820664007,0.12136641317720771,1.084926074268077,0.38378053479788476,1.0755845598149727,0.3077754369454042,0.3623853750789432,0.3529214102389735,0
0.7272268381800006,0.4416539805157587,0.9696370549980386,0.5561943315909524,0.8787423263727071,0.5043014601053722,0.10904287849502226,0.9368756609780491,0.8433220279448784,0.48528530500094996,0
0.5743194976997148,0.07411172286728378,0.7508234343166942,0.24443388716491868,-0.01126728265273784,0.020553478385182872,0.6903837269802232,0.6277368119458138,0.4138837133739264,0.8316775625189343,2
0.26340275538167957,0.35820234246186,0.5806770334952807,0.38701329884198143,0.17302033974361158,0.7313485350777498,0.4963203713612525,0.5244075187618741,0.6750356587133057,0.9877364892231055,2
0.35365287946759677,0.6731855099203724,0.9403709359682237,0.10042902242257246,0.758806069758519,0.49660495757224127,0.0994453287991747,0.5313501477260589,0.2536263570802178,0.31469628884642253,1
0.0010979168963848457,0.04370305324476263,0.9080493462486454,0.6538539492808703,0.9390568472964985,0.013039120014159392,0.5871688967470856,0.6891733447177217,0.3463615913880201,0.11791868052190534,1
0.6014550998398265,0.41992838785106446,0.13832397381454692,0.3507070646874257,0.4178691622008129,0.7159243292151531,0.8278691136180265,0.2106380982012661,0.8221551356108217,0.30211401381542446,3
0.45619518349397353,0.4884180403367393,0.40535054056055286,0.703197291004052,0.2775281662877337,0.1259224621951786,0.7697375304760249,0.5518915436566667,-0.012471903538322712,0.4474814429768251,1
-0.005519404136298272,0.029884481718109708,0.6221284234039365,0.879908466460312,0.8419689009625869,0.2997152305623933,0.41728841687625834,0.15955209130440454,0.661088344808751,0.6388486969289495,1
0.9716793148970023,0.6879947401098524,0.24650874745999024,0.9692391698262598,0.994890351498363,0.8772471736614249,0.7957621530333665,0.6951524786984258,0.6262916914880585,0.5401493680982148,3
0.0061592353690865555,0.05932427289057812,0.6524698811735895,0.9117105282145109,0.8184437026804063,0.30227371796559677,0.3634076088033709,0.17931619714139474,0.616207789091339,0.6215884585374083,1
0.045567943132349964,0.27310254453707117,0.49640464892685326,0.3389754416609227,0.3067163184066642,0.20119485460543823,0.4041187490960036,0.9079933552709858,0.9345330653642603,-0.006750414047440978,2
0.9397170830535029,0.6418307014830535,0.2636695511877433,0.9601287077413786,0.9978280163792829,0.9048546840510471,0.8090264991755256,0.650913255457805,0.6336004215393063,0.5723769404039203,3
0.038004966752773615,0.02331672327350738,0.5982908516688763,0.9397047698752115,0.7679907776763271,0.2286868323924334,0.370246653314119,0.13992362119246604,0.5280553912007173,0.692492092262997,1
0.6561592629861526,0.8515525385565119,0.7908533379330718,0.9594864510679594,0.03826015143737223,0.02644854497219077,0.15035916565171828,0.49836016275624834,0.856025027336777,0.9189836860684273,3
0.27200489119576343,0.9373334036716802,0.29719357163075033,0.05174630313778089,1.2495335624907946,0.7200319811575194,0.6465193668620742,0.9537871726095946,0.5944007678786744,0.5718192871878223,1
0.9448536625237915,0.6273249776829078,0.27387400073199386,0.973667461196974,1.0108873915446184,0.8915756626410671,0.8363544002047343,0.6802078411014082,0.6452583323576657,0.5399647364114523,3
0.6394438148849991,0.02206118349064054,0.5046302866002016,0.5649174211996538,0.8036213661055903,0.5599568269636263,0.32893156067384244,0.2929370616601604,0.7180829918513609,0.6743147282231835,0
0.3478007705338275,0.29920986415062556,0.31752209733948367,0.8754385909221408,0.3068177367804358,0.3055637395169247,0.05902563173106073,0.21101546233538607,0.837767070812585,0.8927241122146167,1
0.41801457035313105,0.7431614978026192,0.09263048214172062,0.5330678180873181,0.708559205329209,1.0129259155357775,0.6885008331590706,0.3027515363915,0.5412459797549077,0.36589949703715857,3
0.20981507512451578,0.21596617704040066,0.055183141425049737,0.22357412420733105,0.22697483099860583,0.20433642194411222,0.0385110951418669,0.9102229618659253,0.4085765922436415,0.26967643856970097,0
-0.0408781708942777,1.1275790349823138,0.5671263466352968,0.6186014330814724,0.5241909038197237,0.390940342247357,-0.029983620175628306,0.9541025466719693,0.3713941814158269,0.676609783272646,0
0.7356141729278397,0.43660742593173424,0.9643151774777384,0.6086810131883579,0.7950277921173841,0.5567652153452511,0.05110979250431659,0.9332092330032941,0.8086726780702783,0.39902500835912713,0
0.9383194999133001,0.37488445328686504,0.7530810689433177,0.484269202831625,0.7371235342041537,0.44397174403507955,0.28443548699700383,0.25131719266957975,0.834876735750055,0.8430602827693408,0
0.5583836411908446,0.4615499112793945,0.1925442138199036,0.3852126709336684,0.33818971054818775,0.754699306384069,0.7988321305364539,0.21630973333860512,0.8188632595373059,0.20399218070011102,3
0.952879293257343,0.6165383298174739,0.32669064274151705,0.9694606848994473,1.0072391403337642,0.8419123211101432,0.791994508336311,0.7209030198164056,0.6218941193187845,0.5955951044831057,3
0.32497688320699675,0.2938324570933529,0.3459831183411546,0.8683923231492781,0.31568841133818987,0.28486397185642276,0.06340449407555225,0.19535834467455865,0.8363490837369884,0.8904037740591585,1
0.02765520617451111,0.09055090380439026,0.8404022451402955,0.9040480333024401,0.9151775644703967,-0.015364641277316383,0.7223328775387861,0.6979621043616506,0.4281004539937447,0.29378658260902696,1
0.39667631665755865,0.3030381035956671,0.23416416427024866,0.6175108114501824,0.65899599313001,0.7954680506917278,0.297584176800603,0.0647388183895816,0.6013758946823038,0.42375185917971414,1
0.953632926379947,0.6878354435938254,0.612130890956628,-0.2617443370021629,0.8052702038515758,0.635081637461634,0.6933401829500789,1.0074581647576342,0.4660021173072556,0.6001449859952905,1
0.2663905179703363,0.35659356292603656,0.5782963961448746,0.3856298374206481,0.17296223285475898,0.7311332013316808,0.49300008324089023,0.5232014461015068,0.6760655184642015,0.9885415455174833,2
0.21399741517010204,0.47479266655013497,0.2257883954435602,0.6785982583123814,0.31126087247444545,0.6356416013824766,0.18703563044871885,0.271131873498052,1.05344934258005,0.7187859330253606,0
0.572465814624984,0.40005812843543576,0.9307583182087742,0.9466375194889113,0.8404420754458687,0.7483780793791167,0.23079472805039927,0.28220565794210273,0.8199527109061091,0.6993694238904405,0
0.2791019625932877,0.4339494478225098,0.8547359702163241,-0.11579642680715257,0.9912791345476911,0.43709807025328323,-0.19305681851486056,0.6355217648135758,0.32419261671269506,0.6688621400221442,1
0.3044716185472303,0.3062821769121484,0.30061947200996936,0.9017080148678385,0.304041749552036,0.2618711601282194,0.04975965595337461,0.22949114436700024,0.8876984745455484,0.8987856552564256,1
0.6726120107956192,0.12592621559226252,0.7047717334338677,-0.1228801332754976,0.29722955530055567,0.6976016511554536,0.9280990660421817,0.09882765979219933,0.5810368976897723,0.8158205544036593,2
0.4460590396344449,0.8403440040586021,0.3193592632270549,0.26292160604864545,0.9916602914579187,0.5441158892722265,0.5742804975507637,0.8459496771711639,0.8084246261241176,0.7345099797065177,1
0.7599839814637834,0.9376675393096968,0.7343476976693172,0.7612942672682751,-0.058656141965145986,0.7225445914319083,0.5055713402839873,1.0234163534222689,1.0035791492426298,0.32568148012574183,3
0.47844905688285666,0.6533513329273295,0.7854538705767702,0.06849669037752915,0.8526720921314833,0.6554868891434078,0.005626909279431325,0.6263128354500307,0.3896295411424736,0.3770373489945024,1
0.3115992128850397,0.2808647560372905,0.3260315935327144,0.8813798947508856,0.26848266513091734,0.276976650251837,0.0757822842928324,0.2067995947799539,0.8717330363706951,0.9318024404843497,1
0.353796159330833,0.765258515203224,0.21662705286922607,0.14679111414305054,1.0845490146533245,0.7170896104336836,0.5277088330741009,0.8690067930144593,0.8306296387682756,0.8231906458809805,1
0.9944084330396086,-0.015681757899896592,1.3429155389114684,0.2531875724207392,-0.31281785894283454,-0.46096659250297645,-0.04115017411139843,0.49222461890447833,0.9503281466200744,0.8308547036505388,1
0.26586270046239446,0.4676990273811568,0.41134672160285,0.2622983859069033,0.5825139488612695,0.9871002576991317,0.2695546749557994,0.6396495927701548,0.9158534952076736,0.7811811045687438,3
0.2657608802272053,0.357660149674499,0.5776429518671504,0.3879109049710211,0.17337634105504357,0.7311956751958408,0.4938748902314962,0.5218708210378203,0.6761532767641149,0.988102045368097,2
0.019919543477951468,0.12050110033973838,0.9043913129241536,0.8016887046679156,0.8784658307323155,0.06881277644251782,0.7768189750640951,0.6660027560808061,0.3385397516398833,0.2585557855973142,1
0.25034604078919354,0.846955493475967,0.1649618659412071,0.25637161836417277,0.8250027105219554,0.5371016599843828,0.28650556610261696,1.2655344958756531,-0.067864464512564,1.0024572335353559,0
0.3316674245896111,0.29383777766481944,0.31378532215491345,0.8740244436408292,0.3029128413725751,0.2960441025318577,0.05433987625333683,0.22141718811302266,0.8399608031795545,0.9226212923203996,1
0.3265265058014811,0.7169790181368209,0.49520065739003044,0.09750911382399723,0.9757194543507739,0.6606554448269668,0.8925468811080872,0.5416912339439247,0.16264848241027335,0.4907344590905565,0
0.010857435850863137,0.16229381735684134,0.39831940237568897,0.12753085923315607,0.7785395718901593,0.5459348854371424,0.16972836374839873,0.08337356205193952,0.21969053861283339,0.4102337595340359,3
0.5718134962472204,0.4495388832088755,0.15627168519930806,0.3895432974645845,0.37658810397584946,0.7618328639407664,0.8192203837493698,0.2576074940751528,0.8076369783533344,0.24171750533607186,3
0.7738686196556431,0.5167323014262419,1.0201687424315353,0.6587264049808672,0.7372520877554442,0.5114776084184047,0.7827535280118464,0.7480173185052126,0.7999979294510723,1.0629247299670792,0
0.26504031873807504,0.3569811455566807,0.5792273834799665,0.3870397884432493,0.17163451113629313,0.7307586039524044,0.4945139585716481,0.5219474678447281,0.6765892546608356,0.9890335628363379,2
-0.1920847472363525,0.4679484512380536,-0.6987379117537467,0.5978972007743835,0.09225704709990448,0.7750438040395167,-0.7200013422308894,1.4641992645251398,1.2702942430181434,0.1732095457404528,0
0.6403666243802665,0.37908190239099804,0.9034460284696322,0.18510610233671815,0.07684846480990676,0.5069648301472778,0.48250176475552864,0.6736723782437865,0.053946053179211306,0.516550208783443,2
0.014840701507365661,0.2435341122892663,0.09141916348757831,-0.03943625176688492,0.8389459382702981,0.9163209998889609,1.1049552223749637,1.063249357094212,0.7413384126564556,0.8744797139218871,1
0.31119540613860414,0.37682113576280923,0.24867033141316805,0.6292668271290137,0.5585982922265486,0.9106033082771827,0.2688482856518107,0.0571736362213679,0.5568170361116659,0.4680684696954987,1
0.34623146058434795,0.401961282421962,0.3639282395430537,0.451111096529156,0.34705510470316836,0.8997911714735494,0.22512707622439515,0.7326587046266323,0.710717389019154,0.8991699109795929,3
0.6318475258674804,1.134588757471099,0.986901420988187,0.9968299160755631,-0.022823862142172698,0.027187366708254664,0.24993890283222917,0.49742976094107333,0.8210788073728705,0.6732663317003305,3
0.2613802423820984,0.382931115589668,0.25867333556009175,0.4126297997233601,0.44421127540490735,0.5386653232114139,0.46120475230071645,0.5816097674799666,0.5904327194988043,0.1202446126438409,2
0.3143036755191324,0.18071005011587338,-0.030588735860402005,0.05450221613282553,0.2348309407758889,0.36952983957941415,0.11480411114067028,0.8822097961875325,0.4760649721207022,0.2908861036979934,0
0.26508101398840395,0.3564254596944369,0.5789130615092664,0.3869352647551843,0.17221125426936107,0.7311888745669157,0.4946188644632877,0.5225853835265174,0.6762592817536508,0.9894077651978768,2
0.40846658343598136,0.62661308050163,0.9675744473064378,0.027597922255764403,0.7817274771587532,0.5351596122350155,0.08444723970346105,0.5219097521180536,0.2199087165346158,0.40214562936763837,1
0.10634523961959673,0.2321701354151815,0.7412040219258063,0.2527851254638014,0.5229033111033703,0.23067590430564938,0.4057433089949012,0.3418854403212431,0.30047512291586664,0.7433410988065215,2
0.1702142065023465,0.7075657163978275,0.13092861479065493,0.5166174796927426,0.2870267040287362,0.8302327574766573,-0.08398594081606289,0.13423048687135217,0.8073042857709913,0.5613139396013476,0
0.4516349632436327,0.9230577663806194,-0.1775614864813959,0.18078873974169193,0.5351180054215402,0.6184026190262168,-0.24853602384953083,0.8252509939350277,0.3950589573559501,0.11533174435992632,2
0.30230947981369777,0.7250999892874035,0.6713875695999794,0.18979255402784384,0.9186121564169794,0.13590164868589288,-0.08489751086442462,0.5827906439965701,0.3940252582015651,0.8815597068771331,0
0.8308301840487665,0.07043228378546584,0.6515943234908292,1.3160212881940354,0.2945618148990012,0.5771141023924108,0.5729372990312934,0.9139187686217969,0.09237968147306143,0.8931726440020784,2
-0.003375837782817387,0.3125256763547858,0.29791412120852123,-0.06091858451824583,0.31873007467685743,0.2790043003698789,1.1658157634237178,1.0008652044316682,0.2818902238550364,0.6859154433355619,0
0.45016617139943355,1.077002799983931,0.5105460003081024,0.16124868805000273,1.1955938390010483,0.4017491503490287,0.7316711701052383,0.6868515284230283,0.5899923009238057,0.7994370175642143,1
0.6490500851342246,0.8082959144906173,-0.12765734013412955,0.02339924715962957,0.40864756905645505,0.5688382803667311,-0.46272712348999,0.513906446249019,0.6409748537544072,0.12567381284135676,2
0.7653479677625564,0.9124148984324054,0.5805592213891376,0.7385845733823018,0.3450371259319219,0.12360051646397169,0.25551611597298507,0.36958007479439914,0.6801565228056531,-0.12039857813138943,0
0.8911272229437239,0.5752284687734074,0.33758013067768844,1.040272525531358,0.9819547418893285,0.9420198518120657,0.8859284674684121,0.7001321791001748,0.6741583980720339,0.53299373544245,3
-0.35782804089561815,0.5809591613592802,0.4625101155541766,0.39005576076908766,0.05484104055763153,0.3343942462665597,0.4497983979689975,0.06122911028469996,1.1983396025885957,0.2851584420642998,0
-0.2710325131871498,0.08952586590654928,0.5333613729582884,0.9278642498432591,0.7089024314652109,0.19078092763626697,0.16374026453842574,0.18034009967048326,0.835002993348561,0.31206032171777964,1
0.7089263713273227,0.15865740024082464,0.6894788301795619,0.7116100926279317,0.7673224010101464,0.6621410744232005,0.39289906187070966,0.38073494565952004,0.7244229454650722,0.8611314424113096,0
0.06373047725201514,0.15611487814656522,0.3487021355070065,0.13943808480490108,0.8020474634405989,0.5296778821969719,0.19850441590909518,0.11604177316217326,0.22018766277615615,0.30509594863285633,3
0.7119764361130116,0.9758168938856222,0.49937761018066956,-0.04652574944521731,0.8466940211173395,0.5665065213055795,0.9281904040892635,0.7939450445380337,0.42706945806989893,0.9557675079366647,1
0.33710548957920655,0.2929428854554636,0.3179643581565739,0.862633950552279,0.3079042824551149,0.29951826023392836,0.04104557308691843,0.19174505481668702,0.8478863415009869,0.9132498087056212,1
0.9454487949738802,0.6438974723841854,0.3307859943908809,0.9788890176762343,0.9134033724365299,0.9234448289857403,0.797868107995589,0.7083869481823719,0.6170754857430252,0.6263933429906327,3
0.7879149193652562,0.22440956772094678,0.021519817360271302,0.4360217703827734,0.4125315476282663,0.3695132718804857,0.015885865636738567,0.7473950663194185,0.29109599956772525,0.14774366268758088,3
0.338917553240811,0.2793492976102412,0.3400683982730062,0.884513336740488,0.31770806160131687,0.29539570105975804,0.04593048731449203,0.18835873298306322,0.8490621059214546,0.8934637156970762,1
0.2093202781000432,0.1701775443631209,0.14420580946237113,0.3824570467707555,0.20318470710453204,0.3088161153647481,0.24832470945840318,0.9829685796593097,0.6056206121288559,0.3160988050917632,2
0.19422969963793835,0.41592161280255924,-0.11049004366876708,0.020139187326681254,0.05491019288056495,0.8556344767898035,0.7886309560248825,-0.07854803521391623,0.6352769390464169,0.8707316116169836,2
0.07265922327108115,0.6134755625298688,0.2831906390216488,-0.09279347413274314,0.3694924490667478,0.7664406055212769,0.47179041145863165,0.40140919729587804,0.5582076363188274,0.327281531721776,2
0.02340285704664332,0.18113164423306216,0.7786699393348286,1.0176550308660521,0.9678784211906861,0.24623627105215581,0.38744929272886874,0.22996956387393083,0.6192464867876407,0.5977042549647825,1
0.02872434722518384,0.4059191033306761,0.44243422707641766,0.463347177417651,0.6852299025880711,0.721519002644471,0.21858123893608702,0.8694843259174055,0.5152600583688538,0.6219874328168701,2
0.9752152547221922,1.0907477064420315,-0.8557563398200885,1.5384560390758022,2.312247047887411,0.09876224727853133,-0.6408299308772787,0.4000778680516022,0.7036755585975702,-1.0898085299855613,2
-0.23323411601256727,0.25308649404456884,0.565062925461296,0.19511028568808386,0.7867809873624647,0.46418579513340996,0.10207968267613898,0.460592064992833,0.598276895750585,0.16079089390449158,2
0.7491986070532126,0.7771943314636144,0.40634647140125163,0.1266684459499059,0.34069978482329416,0.38866998980677026,0.42048271334274206,0.08406663901605496,0.5937673873425887,0.2833701411041139,2
0.33796923943382534,0.3000382718748945,0.3247305779186317,0.8724095930053567,0.3021284956290507,0.3068588841374909,0.04794972060315311,0.2015234639739086,0.8482389481459209,0.9061446705112421,1
0.20776049634263902,0.5176651613108287,0.2096444238576817,0.7223663818670681,0.2926340874769876,0.6117508095302034,0.11538906995115893,0.32459956725114975,0.9907568606253521,0.6934611605591215,0
0.4359494420385673,0.8701325556754682,0.1811381863576868,0.21332282408850328,0.743266047164547,0.666333359102759,0.6023537693030901,1.0291146455327906,0.5571508458819624,0.6597573437988868,1
0.444977514241466,0.028640215945791046,0.653922238125747,0.13126489173027966,0.18147146701110742,1.0304313231192277,0.9624924681459901,-0.14642684358107394,0.4523706096344401,0.9032915512986034,2
0.3440419210997352,0.28999189229597,0.29078395812523183,0.3913397586560868,0.4978580497686971,0.6220131164478311,0.3227372671373381,0.8459118571480219,0.8291585820908575,0.34961822649486374,2
0.7529777153729224,0.937400406333091,0.8696215956933935,0.8889848955047819,-0.008775924546101786,0.14566762919020446,0.2261779793811851,0.591221572096066,0.8711865101594327,0.9907361770669924,3
0.2607230322526837,0.3536769092243713,0.2292173920437577,0.8409908311978163,0.4808390188068782,0.04743654193987103,0.851087673337503,0.44555674383149046,0.10249695284580572,0.20770106852694079,1
0.5535116272070025,0.3288184250229972,0.14973167757432077,0.14848363209317456,0.46842561620549517,0.06350595855409916,0.2901049183624571,0.0734759236532551,0.6758192032801627,0.5548775600216572,0
0.5119528751833279,0.5707622068270798,0.19732201310387568,0.7109571768885229,0.6776569294841025,0.9932128065718564,0.6446355678918946,0.22695847812244943,0.6069372848988689,0.16917426631109772,3
0.45994564199816335,-0.01732628018696504,0.6390587634827065,0.017845223547256192,0.6567669207451393,0.6759526132174307,0.6663397323438092,0.4386322431924277,0.25012056586006187,0.46279855150894406,2
0.22669203872516128,0.853775329855595,0.35718650171110605,0.1986145271449747,0.880828592765098,0.5467769502225965,0.8984811362718128,0.542256359230952,0.22206725881888673,0.5775960289248487,0
0.5497173555443164,0.5437693417322551,0.08256962302993673,0.780853408329964,0.6910357661634234,0.9138396575612552,0.7225937573335918,0.31870410691531514,0.7035864611590498,0.23248863573294057,3
0.5473280369441653,0.4943610433944576,0.7103712993455991,0.44641966926501775,0.7104560628189442,0.04950597991015828,0.30492123997670906,0.5560888014928514,0.20521197831397625,1.1728590299503163,0
0.8917821616225841,0.7836412587737063,0.14483728311622693,0.24062728491523802,0.8679399082120526,0.40670348994409944,0.9205456290803076,0.6009673284666539,0.5219646420533273,0.3845287988982004,1
0.5885543402006894,0.4268813010893288,0.19469602173840428,0.3791315173792113,0.3981360701394812,0.738594855551362,0.7708642389823104,0.19832980793905886,0.7928886443385541,0.2618449001999825,3
0.4747379648272183,0.8909036199850814,0.5441702494744878,1.2341409984623624,0.30875904511304125,0.3199566174150073,-0.041962292235112136,0.6306715222990317,0.8425276883656599,1.1833109643089403,3
0.3943691371626601,0.5932216523495439,0.6458084968410243,0.7345712139925673,0.5657461359039389,0.5054982456015156,0.22038320083707483,0.4328771433423241,0.7591246792820843,0.2709605025448161,0
0.0176171048189121,0.17056549993248243,0.44286107399067143,0.08659948260411893,0.7429084124659009,0.5923517308211743,0.22623005028476822,0.112106668394961,0.19578301690719624,0.399337932507917,3
-0.08970116551724223,0.12554248870529422,0.590395827092289,0.8779271651208091,0.8556953996275135,0.18615324549633722,0.43556138911893705,0.19934949509935757,0.7560333536049635,0.40634087448698303,1
0.13227793744292976,0.5933894142236595,0.19791288869082668,0.08452178135622007,0.24877858619854595,0.7241239958200587,0.3667250479714506,0.35711460630013003,0.5850741043560386,0.5657165167304533,2
0.5660707511327472,0.6566942688131641,0.7765840368413315,0.44076233825765876,0.5481003428132417,0.5853681413251132,0.45239130216164153,0.18289491762531468,0.29154892496653795,0.981972195482862,3
0.05537532995798565,0.8291843131368357,0.3845234135101335,1.0056903621946938,0.7877637571498762,0.156935247346708,0.705909212141762,0.7517499748473001,0.657462534443132,0.5150046314632688,1
0.22007366703044623,0.44627563679222554,0.20319399206840771,0.5549767944647079,0.5556732859057183,0.9252782800042396,0.3147701413197871,0.08009714177873008,0.5758034139989059,0.4383348270566288,1
0.5165610088839692,0.04151750953511204,0.44166470225693943,0.9751030032082136,0.5597433845440777,0.9761420483190942,0.6362917152154303,0.9137591678027488,0.1279724783255986,0.567958150931515,2
0.009874380571825714,0.9641847693440111,0.2911739044768905,0.15195339302162816,0.6457331301888004,0.7334747420885268,0.7580236948868717,0.5686506834784383,0.06271113367373707,0.7430304099200129,0
0.21114045113043892,0.8059558383636903,0.39683857975718106,0.20943826344830307,0.8725505113449208,0.5345777013987075,0.8443313552623574,0.5740245387729319,0.2168163344062682,0.6067352470286899,0
0.23321945153869406,0.7980895722233964,0.39858992564317147,0.2561078367527847,0.8970740772971316,0.5229010116610041,0.8922908285954262,0.5474389326488215,0.18168348369236684,0.6181375820874828,0
0.3566837664847134,0.29852255154842267,0.323781754047871,0.8709870791982819,0.2730392355065669,0.2939845850537188,0.042343338928361986,0.19094289285067548,0.8271240684264558,0.9140221518270878,1
0.9260100038688264,0.6502357595350511,0.2588038360765167,0.976348354471982,0.9942879061016007,0.9048736290532636,0.8291226074304024,0.6672804475104767,0.6318553827127251,0.5546084815985077,3
0.7125407309089556,-0.3556461171256728,0.8706970913567222,1.3618739319601096,0.7479476069097334,1.6277003548543305,-0.06318048097577622,0.8061031010364406,-0.3111638069855348,0.9367772573103013,2
0.5169662330750842,0.582773801239069,0.08124463319757785,0.6385284034756395,0.6011121348039897,1.030285830495538,0.6674381312617466,0.35317481291944175,0.6815810886406398,0.19906713484455257,3
0.3956487473177869,0.4142736132028806,0.33533549665129625,0.9056261474696353,0.3285920780311237,-0.08670914313346158,0.91180648956108,0.3114241798318009,0.08480906242788018,0.24706518279357112,1
0.2400040437680033,0.24299381632478875,0.07002355931970333,0.09540288445179014,0.33625148600515326,0.26676218303010074,0.14710824651180576,0.8371667872937224,0.40847752327457654,0.3188764870052103,0
0.26670677375382007,0.3580543348209981,0.579589593925237,0.38795112790279707,0.17091596676327833,0.7294343410394172,0.49502425904214203,0.5240360484716596,0.6747288098840608,0.9912549766708304,2
0.30609005264859673,0.2802912091241922,0.08933546958432696,0.07086678630142332,0.3780385931581868,0.21156948525342878,0.15421659492557457,0.8473407089398266,0.40720552736834237,0.26949191678845025,0
0.345171791134533,0.31006723592126373,0.32626594725107255,0.8647075342800662,0.30952259899922296,0.3081811404349613,0.041823886800402624,0.19491564646983706,0.8561861521450518,0.9166345730387799,1
-0.06433667310520022,0.7035536268821336,0.31129082313436984,0.9422136548778934,1.0541879207427514,0.8160010260963646,0.8037938517028566,0.23278809862212474,0.5058559907628783,0.07985521233830178,1
0.28199464605405317,0.9723275006674723,0.47950878644156136,0.2021774441040312,0.6599657472999838,0.11388773635270284,0.04925390292136564,0.7021215984323557,0.2556529799423459,0.7080487893380583,0
0.05046892737992326,0.7827444461721578,0.22583156986705927,0.6817950663905892,0.6868903416883293,0.8939773046051184,0.5084998403865408,-0.04044828221358246,0.7458504307857683,0.6459471251186021,1
0.7172420571550341,0.7022733796677723,0.3359110661810699,0.5534185679530471,0.5027690118495539,0.8291661492232855,0.8203111375529254,0.41970844779800864,0.5040747410835191,0.1410732238044349,3
0.4943970379386484,0.08945976556288454,0.844378462497816,0.16760326863276367,0.05483806996729261,0.031436803939836125,0.6100373430575168,0.6841769307362162,0.34285446231730893,0.7594296565172023,2
0.3041595601124481,0.06515559870181065,0.8065340672238631,0.22187700978042976,0.9004047150487464,0.5765232275666065,0.2563063484363362,0.8453607577819855,0.9936953633084717,0.5455697440667067,1
0.3558558466683188,0.34558727634236464,0.34497981991206167,0.48460581242530887,0.5964926046627883,0.8898245252017148,0.2636581881648397,0.0936746484532697,0.5842794451689239,0.4318494853420579,1
0.20345588308671594,0.1922577711870681,0.26598598469127294,0.3060270720457217,0.411584218386239,0.5645206049270699,0.3013277046098364,0.7557025823638887,0.7801489883828019,0.3071977326375709,2
0.2257175210932777,0.4342581187750252,0.30707665687424873,0.6530472616789541,0.6222654586690737,0.8335515787037073,0.20399720773973634,0.04832841080098823,0.5241438609564014,0.505298609764655,1
0.05630011147933625,0.5197662326662327,0.2389036745743138,0.1276054204695216,0.3785785825783422,0.6886238563866761,0.23092353601454083,0.4603681213696463,0.42437384761847524,0.2842245220083896,2
0.8105350742488977,-0.13347770501590173,0.9244219302177764,0.6577397154705171,0.8565118731739061,0.9510378792582881,0.12818679847890418,0.15439924915541822,0.9643209327113168,0.7735471823161977,0
0.3717820927261123,0.2570533452570269,0.34792378154490233,0.8748315169469985,0.28533432940666514,0.3048355002455186,0.05331574751148743,0.18997213955974157,0.8465329014139436,0.8810600882082747,1
0.42262974726311137,0.6198560908391841,0.9814309939721337,0.04275761147277934,0.8428997320087933,0.5436351098470164,0.06319162380117435,0.47980381186586735,0.20905464120091002,0.4088500280796537,1
0.3568748107827494,0.7957615816168513,0.17339097872795414,0.1598749545105147,1.1328004733941737,0.5223585279259932,0.5710591465747755,0.963352037774017,0.6295585918888967,0.9210914845713513,1
1.008177661807891,0.7746854769650644,1.2191758291770531,0.9361055662779811,-0.09661444033344363,1.4127948875986194,1.0491583088483267,1.0640423743530567,1.3467070532029854,0.23935706142778168,3
0.7415170119381838,0.33359173012723536,0.2066617002673123,1.030615784800226,0.3047805094109195,0.3713416613159111,0.9147642566879091,0.41945950690693623,-0.1819894770442665,0.6932631821794857,1
0.7358131662517109,0.7455448863150463,0.7963409099818366,-0.06426758362072019,0.8316943529176168,0.7516677045284836,0.9522605946722331,0.7072993946773468,0.4794133212129052,0.9638139331083274,1
0.2503572128409232,0.36684297649423253,0.3641861824955592,0.27355085486728176,0.5113307608569404,1.0033209436794785,0.3258772915744999,0.8654611430829082,0.7720144911228956,0.7670238062139778,3
0.35318132243270406,0.9594907857949394,0.4780196030760864,0.34263105400721006,0.9723856470799609,0.3664671884967975,1.08490476835519,0.4198167179327557,0.01350261813282097,0.45601866786189726,0
0.4341646042083782,0.24133369666145116,0.5140852384202108,-0.04999383561252842,1.112884357503814,0.7930322810435275,0.23699480727196248,0.8177514875596243,0.30758604562010133,0.5355279948756538,1
0.7041218070538575,1.0805880025058987,1.3714115526760335,0.18853694837725724,0.6634697808045618,0.0647286249558433,-0.20101493179533692,0.5984335991613623,0.27558660340123275,0.10369581358043906,1
0.34856083730955123,0.9214123810875515,0.465110414917436,0.3153121663136809,0.7665341951402846,0.01621927761561081,0.15968213499584116,0.8851501418030955,0.1514173332859329,0.8157068388702061,0
0.3533011557719748,0.2802674035319387,0.3240243200494519,0.877431618624597,0.3106584661721712,0.3106074190570093,0.054265767605726864,0.2120771094105437,0.8498929390443482,0.9119870777318061,1
0.4861420796314408,0.36415315999687015,0.7131158043560613,0.7396917879198666,0.9462417739869049,0.9096395692293422,0.583271216903811,0.4104350506340611,0.6657483791362907,0.4689646980433687,0
0.6069935122634825,0.17699220176420238,0.10683049275327117,0.5176165679677132,0.23804200057682176,0.33537136260946354,0.14047309086802412,0.6326737917227105,0.4958622534290602,0.25239437226555184,3
0.16065385291301432,0.7882492586455608,-0.00035409503924455077,0.37240385043839497,0.5530801136275807,0.7830445332661797,0.8458210558068745,0.7515955213192446,0.4953073113608922,0.6326720305427133,0
0.3582339083184245,0.5985455621430265,0.12506120366039886,0.1626872256825675,0.1714403233865288,0.9119663886426477,0.3400667713821091,0.5587005701021893,0.7079896831608921,0.6020822933699717,2
0.28939143102084686,0.3750078854552001,0.2765474117381827,0.6153791103312837,0.5742664057411809,0.8550073776704735,0.2357363160270778,0.06279043605617488,0.49298067983914357,0.4267704475128197,1
-0.20482635293326112,0.8198413153603751,0.22199458159435936,1.342535384528006,-0.0809624388552907,0.3623070887339229,0.23394145332838656,0.02628675698467603,1.6522781350958793,0.9026393774425252,3
0.730185533851548,0.7949882193210506,0.3972891005502979,0.15100322173958294,0.34012247542948326,0.39812388681016975,0.4487905517680018,0.08761114743420731,0.5923702733766512,0.2769855295171042,2
-0.018829257417261,0.7503267579519659,0.4042612061178146,0.6777543052833106,0.6626005300094416,0.8113092856557934,0.7493833834551155,0.39047476820521565,0.9193137044294165,0.5306627343151199,1
0.1909284483070341,0.3940328235224171,0.4149612543239159,0.45934111150828383,0.4017251342748585,0.8826109546392433,0.01686758170009281,0.9844783733787912,0.781254009826047,0.7974620194338818,3
0.4036680810803354,0.6584292020461264,0.8244534726397376,0.1349480894306408,0.8587594061571109,0.6008783157799643,0.06947713881343268,0.620921619587275,0.4060985050947351,0.30457455027221986,1
0.19271911292231436,0.1507828965524906,0.20238757713462563,0.2646585284942703,0.5183388835158338,0.4950989530678486,0.15231611843511209,0.8933620842561264,0.7151930147712244,0.3138547587337202,2
0.714026553415268,0.7725495117548087,0.37433247669221925,0.19539440326244484,0.2856617073153769,0.40838637234769737,0.7174090496619462,-0.01580117216774865,0.2788899008805887,0.35861439422213454,2
0.9292221944767582,0.6470019286382582,0.26258934149132684,0.974114314436125,0.9918804150053886,0.9019095087878063,0.8264175522089863,0.6704784191819143,0.6350430915134592,0.5530250131492758,3
0.47373453054769044,0.6417214655415455,0.14600172820122373,0.7231677108193604,0.7737674731168218,1.1145610278090974,0.7668386077382526,0.15881250083971282,0.7692812039521479,0.02163467918706513,3
-0.014083953764786935,0.20661473930975466,0.3497380770047671,0.1389096905656466,0.7542675913006378,0.5280671084125279,0.2248190895843038,0.14178526819577092,0.19681070660986077,0.4363655918679225,3
0.2856322644493526,0.3652903581955091,0.2563654094184224,0.6224234047729367,0.5993130881763671,0.8456228390329462,0.2742586724065786,0.06250273613099094,0.5286335892372587,0.46934739342219667,1
0.36486963537634387,1.0519241541678888,0.6572611967377411,0.7172434854181443,0.4182230942661566,1.290864622621655,0.660051021108318,1.0427299125583644,0.9671783385454038,0.5728432305445985,3
0.5701664196434904,0.4305922751287092,0.1956491435412614,0.32138813730472604,0.33543395178717395,0.7713476146726131,0.8036398711809845,0.23456399919444304,0.8106985713069582,0.2333581076949632,3
0.44342997117232674,0.6388800786206771,0.09547142244907175,0.3492667060184603,0.7064489341934991,1.169620508905133,0.12954288609913653,0.9720636163232268,1.1147999642804522,1.0502162899122567,3
0.3561008107527352,0.364347054129133,0.391628739893471,0.8825369817582838,0.22219251621524672,0.22315262067879413,0.9426336149607941,0.5919927486396083,-0.1758418176200635,0.20709195705223182,1
0.3834580150420457,0.42361816991845413,-0.08987821846922811,-0.12063308795430291,0.23208517391137726,-0.038944342430350054,0.3543495579616742,0.1568018844952943,0.6935073566957071,0.5193479348301548,0
0.3800149718485854,0.9183086017539036,0.5330985622152334,0.2057040143406385,0.7757703125083089,0.05831565778118064,0.0671997940864309,0.7719311504261163,0.14781053143365008,0.808566926881684,0
0.38363530072635815,-0.02663525804780012,0.5401802771119184,1.1440014051086291,1.070751541433823,-0.028734636128406835,0.40504950011016194,0.4870025658299247,0.17015136704820435,-0.06855562805071352,1
0.8225771902220618,0.9816547116500878,0.5815606134037152,0.8487758990087465,0.26002950218027854,0.5530091313943615,0.10823153424610611,0.2831799696634222,0.6494303267689752,0.28475400659895206,0
0.4288360518798162,0.6464432620549386,0.9194264724313296,0.069873916401843,0.7996527162098234,0.5207927247007529,0.10602367382626811,0.4548582114181799,0.2508080496314957,0.40289246449480026,1
0.2670025626148099,0.49011625447798646,0.814779549037842,0.16868036879933052,0.9137493897311886,0.5904810137670702,0.04579092060329651,0.3741167852965753,0.3396569404518793,0.3889603974698417,1
0.2814692988597626,0.38252391381994283,0.2478741461522868,0.6085376409317325,0.5751529817207388,0.8645503711834517,0.24542150609127864,0.08705989758647431,0.5163955984180403,0.45455126371176796,1
0.41630823106329595,0.17572692223524738,0.9188801700030075,0.28387509329380595,0.08499895651579226,-0.04927438779940187,0.6442852754198606,0.7025054659984231,0.3372839713697343,0.6588313619046563,2
0.344331150685275,0.3012680718611402,0.32673644322995593,0.8740178484646451,0.297972890339082,0.3106063482979456,0.05066903919901198,0.19581516307594418,0.8394649257417586,0.9011125027311103,1
0.3286347937425877,0.7034193919040133,0.11890980586807802,0.3279593451388358,0.12019181688359268,0.7840846224223706,0.20924076902793784,0.22244275127155705,0.3823418437190109,0.4155742107741952,2
0.5867481965477617,0.45399377406482727,0.1664121333621223,0.3379250143693827,0.34284565807850287,0.7402772208891685,0.7887279682545432,0.2212740276716827,0.7936678498283047,0.22869094826764771,3
0.5242944794619773,0.7177203015914942,-0.004122702137079631,0.46486133174955824,0.4255543677382396,0.7259297423502407,0.3414007632279542,0.16180693464363968,0.6740117057292574,0.567697324965632,2
0.3606859769064056,1.0041583263067249,-0.1685028181299993,0.8520498444246459,-0.1730829613475145,0.6444618232185779,-0.36784863207256935,0.20739139068911966,0.5466168247079694,0.473043790770582,0
0.550470390923843,0.2714340179860199,0.1798747993028537,0.8995616228783884,0.3535168289947507,0.8919558307357116,0.8100556796149588,1.2163889540983226,-0.08493822550001309,0.55077047662724,2
0.45268460926657994,0.6177852072085788,0.6150703790112814,0.3433520440054575,0.2974182637371837,0.48018498779683744,0.3391464865989629,0.30841546361942923,0.20361368774632038,0.41999205358460867,2
0.17678241688881177,0.830422899887652,0.8242214688463627,-0.11322541133929315,0.8873587718671638,0.25572830230050947,0.17198367282628782,0.436460991334335,-0.005317201655216819,0.2810479341924427,1
0.7779013797712956,0.9699466418318541,0.5150523725744424,-0.13108850836854782,0.9487088166745905,0.8022056074868432,0.9821596596357535,0.5656924092705338,0.12862729474302914,0.8727133705744072,1
0.8793814791259833,0.6663594493141207,0.3639602524908862,0.12336809787423633,0.42772005238192734,0.2843614361784302,0.5671691815048255,-0.012388518360051476,0.6634338046191172,0.27482041575485877,2
0.10738686592877122,0.31876384161899163,0.7510506014803031,1.0564658685524217,0.3379840521413139,0.6524514729068263,0.1777845073525695,0.8811759786939811,1.20836133379802,-0.0043497131733084005,3
0.9278899303017952,0.6266798268700939,0.21847433553146592,0.9306097693746924,1.1213337518595858,1.0010943837091,0.9199791021725893,0.7937459195464168,0.6693487918337994,0.4479304802880619,3
0.5072222438418905,0.01858400946596978,0.4266868014156329,0.9515839947505291,0.577432448302344,0.8791613067573142,0.5956240668139401,0.9392849156314846,0.10445600143095626,0.5533908536979533,2
0.2890072644048111,0.3902893658766366,0.24030326997479304,0.5946592479009128,0.5775513327330307,0.8539801143355659,0.2522027751186739,0.08601817423542737,0.5185857680846117,0.44138020201244893,1
0.2418538894070248,0.04509316536089236,0.0707093885448477,-0.2991534300549108,-0.050103561446161904,0.5430559689535094,-0.21933666392036652,0.34651152934178236,1.0381703345587996,-0.643256508869515,3
0.25714326500170503,0.5729406791566255,0.19895130808841174,0.7036338169465766,0.3748401492616391,0.6634183168230261,0.07632743580984902,0.2647652505202565,1.0067114943906317,0.7067190095851098,0
0.27712060639372443,0.7048339366619358,-0.028164885965301693,0.13022485705093315,0.6981174315833991,0.6498750733951599,0.04322868666420644,0.7465098026802728,0.4240035004221976,0.38397041135728355,2
0.9480808035563743,0.6569803654842701,0.26062282556869815,0.9856092478236327,0.9740674394187099,0.9037598551518298,0.8355763573546552,0.6617496348283741,0.654179432465081,0.5573994902300575,3
1.0608410349346173,1.0290611468314819,0.8317116320624891,0.41705145893937934,0.9559665420631396,0.8568325666808616,1.3375669645319426,0.0586115193868878,0.6007019710855135,1.040579732443106,1
0.8780849889741899,-0.42028968292048285,0.33352371100505107,0.38383999839525085,0.8416473742247186,1.363718196477727,0.5866713180342169,0.4360593072769874,0.9685752534307219,0.34076967875604447,2
1.0022844907462902,0.5946728007150952,0.5484889879686257,-0.039884993598451976,1.0808013662054274,0.46743682560478383,0.8419366815830975,0.538836473118851,0.2246585218816596,0.9242207524526468,1
-0.11659813320126941,0.12315966709251323,0.360424182313787,0.11548986373152387,0.6816573735344017,0.6211643739477065,0.047867398222591034,0.055853646971699145,0.32423078587050225,0.3567934412184439,3
0.24013014534540417,-0.3114000782684315,0.4815770317978786,1.0325103926508794,0.4669964028899403,0.3794921185856091,-0.16933211805861514,0.5773535169045451,0.21592586316172602,0.4033318650367867,1
0.3628204739081281,0.07078157433693802,0.926987868703912,0.09512451045001113,0.15398628348360038,-0.20534076745252094,0.8020251981634512,0.8075961310930642,0.46795954592670286,0.7385168285636708,2
0.8443037909541578,0.9405663948603208,0.6485428828592573,-0.03408245067051593,0.9098908739588147,0.6292792810239831,0.8976153788812129,0.6800075348852348,0.30204413671094954,0.9645086501905069,1
0.35817996182782513,0.5916800682431047,0.49754056723984774,0.42368043109067566,0.3267675192928762,0.8244327479449725,0.045691096494317573,0.9702923098119687,0.7169865204690239,0.9470320895655319,3
0.38589366212932197,0.8881019218938528,0.19004625679509424,-0.6072504052527778,0.4316277864835163,0.9404893583582552,1.3541836591765273,0.2182065452514817,0.46293543545694027,0.4934359538992188,1
0.2644092737564801,0.2562309770200184,0.5072447806121976,0.9810914596463589,0.6515134279765068,-0.25718805866944106,0.8807699427791211,0.6648312314277349,0.1994306284831518,0.35296982875591304,1
0.3268644454747196,0.2756004097304043,0.29357551185524866,0.8862307450871352,0.3163227417449999,0.33392122007898056,0.07803781105393494,0.21857356769241335,0.8110956574594806,0.8844111200053405,1
0.2654293414264364,0.3562161894592597,0.5790937332619511,0.38697878211674486,0.17185658644649887,0.7307718574211135,0.49463030314971507,0.5223214106741995,0.6763841999061236,0.989211461384552,2
0.5111315815956449,0.9269482977615128,0.7564536204015455,1.0097900086701586,-0.13363154103598887,0.7566825321408233,0.4489953981802167,0.6780494191091789,0.5247090624257088,0.649017147613477,3
0.512795470939015,0.30386120885269613,0.34292480716929336,0.06047722386738514,0.2221953277457887,0.46537627139179705,0.026432097882611777,0.7333540307623047,0.2799615442270177,0.15273286377024814,0
0.033737062400269247,0.20108447703921456,0.05338356319868809,0.22417940308780926,0.49590235472325706,0.983624664510402,0.6689655955716003,-0.06121529134553094,0.8309288135967271,0.5028080389320162,2
0.12019613053143538,0.5535001073534419,-0.04699411108769329,0.14685477923138304,0.6826264447811781,0.4970958248146027,0.2752523288027041,0.5930969327108429,0.35305573779402366,0.32557948399111725,0
0.7943852841796828,0.17106795782166262,0.6228275245974285,0.17891885171006594,0.830632411207416,0.10612198256499278,0.4959080004559884,0.5991016817319501,-0.010860746597265492,0.6501551503615222,3
0.6061252113428374,0.7993829276381148,1.370399107381371,1.1409603940952489,-0.26838035678565053,0.7596524851161559,0.7654750086971959,0.5636042611183936,0.8672594514722833,0.25270028413890966,3
0.27175232082528794,0.3142245864907643,0.3212520438226492,0.32616355910006833,0.39898164951161197,0.8447091441839354,0.2641832005367622,0.7619572490299646,0.7326140971885233,0.8581510392939684,3
0.27583788355064104,0.41057274013686484,0.30284245082286304,0.6147159141071783,0.5648198440235112,0.8505350605410424,0.24101712436426603,0.11741364548107724,0.5519923495177801,0.49586575843072456,1
0.4224889701017063,0.138946896405603,0.3801379755858747,0.6346783559397408,0.36511416732656626,0.016438129363901256,0.7810487311988741,0.3726992922038245,-0.06380731448335338,0.25758381492904214,1
0.42653276131662166,0.6344873560723119,0.9657931905821583,0.035778490476231696,0.7494409401213109,0.5329448175745303,0.10574907778722303,0.46586305127344846,0.23308390664635484,0.3592497639807648,1
0.2940207078614302,0.30567392856439546,0.9074873072556762,-0.17952799083419846,0.4175061252704141,0.2777923454501599,0.299659314911693,0.31087858111022304,0.24029214463362325,0.8433298725911094,2
0.3818546039435011,0.6016962515689916,0.9329647640103748,0.04669814460754853,0.7804179359388671,0.4981985500373912,0.10577752103183909,0.4956586524197852,0.24156168948397158,0.3651980380122218,1
0.583367736951437,0.5273543907544441,1.1014214018931385,0.832056574601064,0.0742731761430677,0.7586604528981415,0.28834123807944256,0.7129605619611273,0.8590789272030754,0.4433041628753012,3
1.1795953568130049,0.5758604954316282,0.5344663027097779,0.1706773083132597,0.7088805426458594,0.35892413948310137,0.759291887187324,0.2762636185502952,0.032679186069659805,1.0417036419008934,1
0.1899041379291163,0.6157406158899754,0.22199898470764082,0.10803045799324218,0.2835564673429778,0.6962167159949622,0.40385674586115605,0.391727197250576,0.5818659496522083,0.52880231840569,2
0.4278750252708826,0.5304250865642861,0.9302591315050456,-0.024330996146296677,0.713145434717724,0.5750633087218298,0.05878250935247298,0.4487809570118526,0.2734629895024774,0.42142735350647975,1
0.34525118178938224,0.9654942921952292,0.5831099285814442,0.2410816437695892,0.7190587969284976,-0.020948710133397816,0.14877605483379364,0.7046573136654601,0.13020687365394562,0.7791300599651922,0
-0.6428549268487224,0.21544387157719355,0.6251017846056414,1.597445989039648,1.3740310530002058,0.10395677143346066,0.16230430748834368,-0.18491674795475266,1.1389425332847263,1.063561283230598,1
0.6088990744854819,0.7674237159750354,0.5594048479008029,0.28590581389094183,0.7961183489611824,0.8821913682210492,0.5709868182206516,0.30527574629145826,0.25307698333222634,0.3885289189200906,3
0.8985553312260125,0.6647983791653691,0.3125089626706809,0.9434442635498026,0.9562111138661326,0.8853689137217211,0.8200346527256847,0.6253205570510278,0.6395822765130038,0.5276687106516916,3
0.14333404955508927,0.17124376820519582,0.25994657100441765,0.8688799072359081,1.2189009016269805,-0.12302010754770576,0.2882989740968161,0.19589874425947865,0.6600166211432532,0.31799783081369054,1
0.5542022241848203,0.6061610138878686,0.15372895587647217,0.6564972874645254,0.6182620875815215,0.9493503452797192,0.6707270848520908,0.30960335680434464,0.6704264057701683,0.1847184894882002,3
1.352843549446104,0.15218830667887506,0.9025938676214549,0.19686909052544355,-0.19574211318020107,0.6733028673044268,0.5616342896417694,-1.1141500878051067,1.7022152413121776,-0.4155538668924329,1
0.8846420346565996,0.8595749827500864,0.6125311091867732,0.020929158593739505,0.8510023284138742,0.6648392650766036,0.913544512124314,0.6716247538950074,0.25520100346939517,0.9158874032335073,1
0.3843841441961414,0.6330189753900627,0.21461745077766997,0.6865397307694538,0.6398217776822671,1.2819582774031297,0.36713841160473787,-0.021961160464815332,0.7359648987978902,0.538641649480974,3
0.9306123253863574,0.6459175831133479,0.264301505482681,0.9766209749230498,0.9906567233035583,0.9019211674746246,0.8234174113838644,0.6721728940042552,0.6368829061725743,0.5531692419166792,3
0.9047184238542574,0.2893571441349671,0.6325554454768487,-0.030324900280202183,0.06429855347608265,0.6651438778747025,0.029678560717271013,1.2851024236222799,0.23399740738104163,0.6181612972811121,0
0.2387448512183449,0.7505654815296947,0.1468049350087337,0.2593461927403738,0.908080101755359,0.5141701971881769,0.6523779202086438,0.9331900129503944,0.8908947229222604,0.6698899967593587,1
-0.02989197515468367,0.4203204469225336,0.5870260601154647,-0.13048297145900734,0.06227516293008495,-0.35369340222124007,-0.20712627552049934,0.08720757414595937,0.13359671428717868,0.20812832784586321,0
0.390547250293691,0.5886261326849409,0.935188749565413,0.0679966909302287,0.7754450725121547,0.4783204433320991,0.10473666376529664,0.5071571036090367,0.24334903451320217,0.3963616074729595,1
0.2773571923957311,0.8566345761628206,0.06789566319618517,0.0692745037887377,0.14756442586982682,0.8711426413254545,0.13575337156531053,0.5177650898981825,0.7878251581742359,0.7460520787574776,2
0.35592908601690737,0.2802009041053612,0.2992073107622345,0.897782623798481,0.31166604663098246,0.2886215975303054,0.03926569609547176,0.1959201133950924,0.8247001254176941,0.9159227219389854,1
0.33258816319572804,0.0425207452646926,0.14643345570702498,0.18490461657501522,0.6062006255459871,0.43931106464324293,0.2997563034056291,1.1106399137856577,-0.0929196343698373,0.1645455139324084,1
0.40894924293652607,0.28817709758420457,0.9181193276752566,-0.11793299628610684,0.6336544817173825,0.22886127621937408,0.08478805253150729,0.3070565379689548,0.6161204801144495,0.6945518787898072,2
0.6221304251980528,0.7816768000675907,0.7501825462195639,1.3226038793146584,-0.043637977451626786,0.11461732101499415,-0.020820375643459593,0.756656594370213,0.8270227982419198,0.6757365652828256,3
0.14021302312395223,0.35606892921126765,0.30671036833365894,-0.13982727308868342,0.11346115831535436,0.5902122193997041,0.10051556122132643,0.36000985745775943,0.32201026176349656,0.2852016893801374,2
0.43989636610359917,0.5272654210633634,0.49519457155592206,0.1568271506002779,0.4544739227408263,0.5754225329316482,0.6472550005508739,0.4260869864941169,0.8211271750017384,0.39531424058969244,2
0.33188798454804846,0.9304129539466509,0.3200808946242425,0.3363595671474493,0.9607715516601849,0.6448138970801184,0.4194820060447066,0.7730469151623436,0.8072747294643833,0.7180697282144045,1
1.1349759861877327,-0.009522414100746973,0.0891692559276312,0.3545652039541225,0.47357346157288255,0.1275066115559918,0.285404443110223,0.9382835716589537,0.05846485915346794,-0.16352571780930347,3
0.05818582664523392,0.03706589571473033,0.6662604433146196,0.9024730535032892,0.8673435117539849,0.26932639626179317,0.3511611666901216,0.16419795093043077,0.5945622553618307,0.6517646586022696,1
0.22627717786995766,0.2724548195552061,0.2758820927033857,0.3149133252872071,0.240166649920303,0.4894963624885804,0.5331769578019752,0.5120956434925131,0.9711459665722926,1.0230601552779501,0
0.9311800727284364,0.6434223832788941,0.26526304403346596,0.9802299606569741,0.9914621761476403,0.9066001661538043,0.8196654387622546,0.6687162685488686,0.641448758481107,0.5501851954321908,3
0.6806833652017679,0.7348557822834589,0.7160396274687558,0.4601077637926715,0.558015544229536,0.6102440559361327,0.49988977508780064,0.05891762733442404,0.3738173676216084,0.9312980279601741,3
0.5669939538936262,0.15588118422019298,0.889587402883401,0.1677544805580761,0.06051902931375105,-0.03795961380035309,0.6917667369119824,0.6403370718587245,0.34739848844503946,0.8352926390890704,2
0.22709992247496208,0.7419506202071742,-0.0017440872008613884,0.9427447947573108,0.48734436923836877,0.613647561084376,0.1220936727096699,0.5273503250314551,1.0870857332071306,0.8144557424190005,0
0.618061745285551,0.18304378089127626,0.7125438531199924,0.4170226679140161,-0.3079420815605902,0.8395847472223592,1.0163324328590866,1.329043696186366,1.4153165972063393,0.5325302289968558,3
0.6546767867656551,0.21272393527232086,0.6145069067108282,1.0529354511367597,0.19352966783046344,1.2845078236174938,0.6845459807152939,-0.07962552422314467,0.9477773725855709,0.3146106272067621,3
0.26567545736324427,0.2515977409925617,0.29965355175853076,0.7978387851035936,0.47684345861734967,0.027680036879525246,0.9580153652967783,0.42388731963834014,0.028713670764089726,0.2976292892946276,1
0.2210508774233244,0.7844808471452771,-0.34252296089994333,0.18081562117826705,-0.018574988728716157,0.38280460346429823,0.005156669638025038,0.27043584641313256,0.3274250933280693,-0.023133660263972955,3
0.23988038440545628,0.923853085475163,1.4848470469437356,0.045043535590127665,0.720888765331339,0.7906880047307658,-0.015171724784974666,0.3425839125256156,-0.4854035158861276,0.19951868103556133,1
0.34162420550149464,0.9164873414482517,0.7158816009830997,0.33023468067560624,1.0406270670171676,0.611278273291467,-0.13748182631010664,0.45818742610902685,0.21043904887366632,0.4438794724409224,1
1.1551056206542762,0.7291470909422364,0.4470587838204366,0.44565678671713016,1.3081110847083535,0.4101565062217807,0.3364573182901543,1.1363891472323842,1.2843851367742192,0.19619758683211286,0
0.6505252057719971,0.13901482723732617,0.6930417054569635,0.7279354195722544,0.7960601943605048,0.6112779673423074,0.4005060299336404,0.40134484166622747,0.7736207445107964,0.7994436342484297,0
0.19406377018240228,0.17061483231649985,0.28841059844638123,0.31519690163442854,0.4162618547740716,0.5723528555875191,0.2843347189723712,0.7343317532137276,0.7996928644691339,0.3128651791526204,2
-0.19666511703822553,-0.0542064402679365,1.0848441408249858,1.03020629717872,0.7846355793676657,0.3360472828532192,0.575241549688438,0.8202300866203386,0.2903643286529876,0.023214532096725637,1
0.12549019593045813,0.04329824240805542,0.5877778988658806,0.8613796110598935,0.6088113011991727,1.1695856152606006,0.6850081378578342,0.5537344871111565,0.0389728230893442,0.6732265029355844,2
0.9339195555416259,0.5347021170858713,0.3357246791508888,1.0781788011588354,0.907037376918814,0.888879690211399,0.6997457420469235,0.711599573875206,0.7193294607750115,0.4873857999249074,3
0.5573337086655488,0.41806307169949636,0.14678164741365035,0.3153971455984837,0.3516056954099483,0.7774655054360782,0.8348824327020177,0.28024474245642905,0.8676355976027526,0.24637410049405797,3
0.7342104722953838,1.0020041169629257,0.6232191434679392,0.9467289786374129,0.15062854492063096,-0.075514649358948,0.29776310428030583,0.5182816117683661,0.9899929772842178,0.853300282803513,3
0.7506442166844993,-0.03209556069935118,0.48675572868387895,0.015275599838312531,0.09433174215570023,0.6571152601582738,0.6433918467152574,-0.0682965943080823,0.41851881134838975,0.8545297367438078,2
0.21703753992487781,0.3873740072365462,0.302175303220945,0.5123252002424955,0.4878813613291395,0.3633614103908943,0.36469407601443443,0.5080527443737808,0.5487005801074306,0.20496685932057443,2
1.0094029739073198,0.6398191299680743,0.31384547076019487,0.9935536040040565,0.9649569706502132,0.9916107337401716,0.7684210296757337,0.6252237547292034,0.5672306239354679,0.46962737121895765,3
0.7753903782927156,1.1387387519799497,0.9413527340972478,1.0641374958716674,0.9729263311102985,0.7383313725928558,0.9641749845337482,0.5641929288229488,0.9556880069598059,1.5019143008130271,3
0.05577308675685407,0.0067450918906810375,0.5441438190118529,0.14818959740168203,0.7379757692479479,0.517669933531391,0.1477930735990893,0.16540124515327098,0.2809921275620041,0.25304710876311576,3
0.8974498786928582,0.6356735025273244,0.19605271799282475,1.0279249460975104,0.9988142083217605,0.9237236992946288,0.8725675447906162,0.6880070102121234,0.6105815960476559,0.49083197291984526,3
0.33880530663488134,0.32137945973419413,0.38166900841767837,0.8126547406827966,0.3542336996291383,0.3308085691200444,0.07726822677183687,0.13952731289262246,0.8667656015571431,0.9067557808503766,1
0.12535360146290336,0.22332592252762867,1.0109250839911528,1.0140965143248468,0.7056685197216588,-0.10170229250681195,0.8938328524877739,0.8002913965022032,0.2305540694198647,0.19560492022185522,1
0.5932911113446959,0.8860045201329025,0.9334673560269713,-0.5648417245428683,0.11845494058196104,0.6581056855880136,0.8706023876144744,0.791758874721083,-0.456027055391076,0.8299946133632726,1
0.09946057293684318,0.6359452636204391,0.16541990190634062,1.0201693878677118,0.39025910336244257,0.4907310176868458,0.43786227144902057,1.066778205716898,0.5369880041120113,0.13163598423095063,1
0.43111137577019915,0.15213226212978714,0.7920905601509918,0.1877984183932356,0.00947290447007431,-0.10287598753924246,0.622714951388846,0.6763021700463733,0.40335627522752976,0.91389734220384,2
0.3711565554701039,-0.07188218655440842,0.36709058914650733,0.040878543056453866,0.28486601599804184,0.7639724065393844,0.8652185524479474,0.018598466541662514,0.6763446359768585,0.9383089227038167,2
0.21077276695121902,0.7276852154047864,1.1289483206540065,0.08104525240584819,0.5578427608417785,0.7746798282940459,0.3850441627709385,0.32139710200227706,0.004850062330671173,0.5196715032704133,1
0.36716374092120435,0.11243965240404219,0.17848731766723352,1.1417616983398944,0.9234759674898182,0.020130732103954274,0.4356294055052596,0.46876785993935294,1.0529641138319963,0.5024805821370827,1
0.23878771236612478,0.31463411229739746,0.2264371897911,0.7567485491928367,0.39517980692428933,-0.02835681325054512,0.9045958230348476,0.36863069606519105,0.050942836453682756,0.3072179150408,1
0.5794325190146719,0.8461873593928763,0.7580084999750126,0.9324432733724531,0.0009820241769604027,0.10015597188718929,0.21868953559431947,0.5713052998246533,0.829348922096584,0.8909604831018287,3
0.2897156806009613,0.31057509296458874,0.27407291025732383,0.7936055978310934,0.4359390415535265,0.02406812864527229,0.8997431170617944,0.40246515698483265,0.054426899978646116,0.25966263822517144,1
0.8693592613882363,0.838746378610836,0.6255370506587268,0.008486661508579978,0.8309386979896156,0.6535024710634958,0.9535878756945098,0.6336121369507064,0.24676366631086538,0.9007373543888054,1
0.43905422158999025,0.8379986869781455,0.31264483871367726,0.2906043597660688,0.9409585440733548,0.5581110449306743,0.45314678986075035,0.8947065863565201,0.744798589432804,0.763279603878763,1
0.5660304247293101,0.44657038133286775,0.1799076725233233,0.3591798252771771,0.35403384591859416,0.7524594745765465,0.788204065757761,0.2578723701506888,0.8298570034958674,0.2487833796569555,3
0.05415850628277438,0.4480567585808094,0.36327652010977984,0.8805930044964634,0.5527473535604139,0.3129305180152253,0.5234774460896789,0.9581867635262328,0.8197262328023713,0.27425922760807175,1
0.6100549074925321,0.8405744150206356,0.9753694328539969,0.6456849174241263,0.14558418786236643,1.0828475842930791,0.40618909203518355,0.9181098653068608,0.8218976284382852,0.3031736441603947,3
0.49855740964700135,1.0009809311805773,0.556563945931424,0.23875444390916575,0.6731143415609347,0.1205955479621931,0.14985275520085486,0.9027154980594828,0.16786008465322716,0.6620791092468454,0
0.9580080556744331,0.9293106333444059,0.5620921293654073,0.00443278953282461,0.8927913603844906,0.6718267830036527,0.8843657343498571,0.6791547586042306,0.23470334183017624,0.8849909896931984,1
0.8730924761492256,0.7540703991451404,0.7042600341070522,0.556051878220183,0.8783501001200116,0.0322821500032649,0.5117279740547299,0.6824145743853324,0.8814434270042583,0.7197114793168949,2
0.9944243676785374,0.7013474599653742,1.2841413968312694,1.6570062469766889,0.17451349772943128,0.32288542147763116,-0.4002633973965274,1.212390735537919,0.7322738987031004,0.8770417372572266,3
-0.3345256146608265,0.10591892801264469,0.7791190413330029,1.0085937672125773,0.8256858976029998,0.20079854550014023,0.2506755597678851,0.10038374354561674,0.37829337374328165,-0.290620354602654,1
0.44922689289190454,0.44511475164675496,0.2594556797429854,0.5844429852084005,0.6748246429910201,1.0468746652368133,0.727391316884595,0.19001396115928246,0.5336489034638705,0.2723657395920805,3
0.27288381184154753,0.3391968824992675,0.2600492464163077,0.6429959642683201,0.5585755154236888,0.8799595494776653,0.22723942804250805,0.1277384048441464,0.5311891420795687,0.4527863622026272,1
0.4470171913518682,0.40057591143310584,0.7605667914570654,0.3150182328191207,0.5736979912221285,0.7279007502371424,0.44504765087491815,1.0752023899111192,0.3344265323954243,0.8797213308290643,3
0.26623638019774026,0.3547036437726631,0.5791310463888389,0.38755890054480185,0.1706145902232716,0.7287984718152412,0.49294476070636994,0.5238426416335765,0.6767943067472305,0.9907733616401502,2
0.5598976632433692,0.5325114687032247,1.087620974662957,0.3825156611396987,0.8078252775987244,0.6565277568543275,0.19147133074077674,0.8539577332401468,0.9738567144239832,0.47633845418279036,0
0.8265734140247996,0.6785419550423025,0.19796696810544578,1.0383360022519301,0.9581750085743076,0.8664668700480849,0.802887903456388,0.6800069627699665,0.569363175816233,0.5736379360847101,3
0.5544412002090153,0.3358358301813207,0.5858750290137955,0.41389262162316853,0.5337754819046698,0.5337533114056863,0.28031603013912576,0.5033621533241455,0.9731853252485984,0.6089101744859904,0
0.3292214158384723,0.29125225710040303,0.32969364660493516,0.21510443785744243,0.39109272081136826,0.8848743683243969,0.06330309228468733,0.41211764580848986,0.25081061900404744,0.4769106121350711,2
0.5683626764504425,-0.027604497668688943,0.4638766848937138,0.06932147594113018,0.3321950135445636,0.876295443029058,0.911315633540054,-0.03452412709433961,0.513078690789769,0.9675073388175962,2
0.5636073963606376,0.843962953834288,0.5959582464095613,0.8235647067303904,0.2722531732739898,0.2989513553959385,0.06844316734478412,0.44286469970175096,0.6963297044949878,0.03922091840031289,0
0.9036672362737987,0.721487197358995,0.29851006557926907,1.004860685751303,0.9158879074661267,0.9228588815337285,0.8094004814839518,0.6156176439470173,0.6840815846757676,0.4944323141950421,3
0.6017977556457393,0.7134463509150097,0.7473066997239309,0.41717712171763854,0.6052847532148762,0.6475804117121792,0.5495288536372629,0.11383605870797095,0.4547628574383386,0.9313531240205966,3
0.14441649720971594,0.2699224799038719,0.4332614905176018,0.24386402072920924,0.42630687446184445,1.0793868972752898,0.3799193647957876,0.9096677947340528,0.6621433608022362,0.7446659183620226,3
0.15367193486805672,0.4112029107407015,0.4173899051815057,0.28729474083846185,0.48866430038770065,0.9514406811037414,0.24569270354842937,0.8366627793223017,0.7953145138521924,0.8060752524013177,3
0.3605202010315829,0.36477420401247257,0.3064387520000235,0.6125236277373873,0.5202911858195145,0.06857446954636787,0.3965484207155489,0.8955976534264533,1.0795376538358483,0.5364558567853801,3
0.8756082476172586,0.8672186879175059,0.5892999425615523,0.007595038316449899,0.8421025033664944,0.6481720589132972,0.9025421965211936,0.6468364752575072,0.2489423340004217,0.8937792385253431,1
0.09834978668681434,0.17993380535598158,0.34922394806466356,0.15983971111419193,0.7564712750936672,0.5741986924433146,0.11747793648717636,0.10762583315271929,0.1495718241932964,0.4556793217172369,3
0.46419848429450095,0.8187199743617605,-0.2071022984140589,0.12200092288129391,0.8606690736357291,0.48733033279424365,0.06161617775780092,0.7659982437126345,0.5745217746581439,0.4698612305685272,2
0.13145707943842533,0.12399170553708377,0.44202071291994094,0.6362048409871647,0.445822692435177,-0.1180505419311576,0.7772734690469721,0.2669465618387877,-0.10525494232690707,0.3335816501460952,1
0.7921784094245937,1.1365419078855705,0.9417035162700516,0.9767985222686946,0.18310821744714056,-0.14103387033390102,0.2003874503600478,0.6154848270625435,0.7465625865746204,0.8895223693515211,3
0.1973932547810383,0.20144271779577091,0.14086318425410402,-0.024067307872626696,0.8134551882343595,0.4892487442420079,0.19718074690164444,0.7730447014465326,0.0867540315096651,0.4452410628493198,1
0.8158092829807564,0.07951914010089896,0.6628876161430298,0.9893358675699268,0.494907887882705,0.2066431358433541,0.7353084461505587,0.1947135145500885,0.7804031224834558,1.0246473548388746,0
0.6514320358445967,1.1234264490382173,0.943707876748282,0.6782591764443534,0.1329236411911457,0.8103672418683164,0.34928953514124766,1.1957846243480748,0.8658431600731146,0.3284703573454843,3
0.5917769406266747,0.5151881608362154,0.09464501657735218,0.6834253624822718,0.555353493328329,0.9563026618979232,0.7057962655956969,0.22769773630851486,0.6477335426688322,0.18732063044190667,3
0.6634006841340612,-0.0451729616425621,0.15162888100642785,0.258570360175602,0.15850539452800483,0.6398767556438352,1.015815695477688,0.3337403451884472,0.3363965805116015,1.211872675983844,2
0.2120868058371422,0.8305721817314486,0.3350877087978189,0.32974815750072123,0.7919735711245085,0.30110413336307423,0.31985280326784643,0.9893222893141691,0.0962257724145609,0.9166853994741959,0
0.46061652579992945,0.6937393308474747,0.7990965099737056,-0.001744450521090131,0.8721274749877896,0.551055213611937,-0.028034399866288223,0.5968517914123289,0.14155880414916105,0.2483915921630464,1
0.04887187737353747,0.16316231462709202,0.9130384037041387,0.8459966496050534,0.8494798171723524,-0.004946366587234175,0.6763906649011899,0.5404788144052688,0.3301813734303064,0.19947625288227036,1
0.2434178972762141,0.5183614192298673,0.17484662656232347,0.7363429781058873,0.26387951070909477,0.6443735492324146,0.09006508841047678,0.32059010037238456,0.9623235116667042,0.7467783647184321,0
0.3147023363756065,0.3306109715702419,0.2491997490357685,0.772863684033769,0.415186067113772,0.012551820297985183,0.908595317896175,0.4355252402701918,0.07519915061383908,0.268830370630876,1
-0.024853315050141545,0.014557655726182187,0.6553104072522069,1.025283549541957,0.9051425290782411,0.29969978538750175,0.3292477674375379,0.2152925229857987,0.5156968190420309,0.4912262648467836,1
0.6086451907045829,0.9212082237603331,0.10942042103243065,0.6893171156498374,0.24443634759908822,0.37544821213605023,1.2128341970594207,0.9955538244914879,1.345061348830522,0.5158991757661708,2
0.417968055012691,0.8866385630765855,0.5135041326424646,0.18717797372868394,0.7970077276184643,0.04344737125911657,0.14118235675030993,0.7055471916369073,0.1740836682999976,0.8065023128301421,0
0.4770502714725824,0.8350025614287289,0.3972922070798423,0.09539412638114673,1.0778540294095305,0.6953316471564972,0.613582380027241,0.7067868313183222,0.39526356975062293,0.5717088783064762,0
-0.022600011726169336,0.19815379015863657,0.31710165084334085,0.15688559829381007,0.8372368535028981,0.501282844288207,0.0885172058880445,0.08490756868929115,0.2665390451664186,0.4038734774882129,3
0.7316615090850737,0.4941396754212716,0.9421053963506572,0.5590113528012929,0.8356597602081866,0.5036805272612539,0.09484131161583131,0.9296822605082657,0.8600289432438444,0.4791109657987156,0
0.7698282121664553,0.8515949379605077,0.5691323333493429,-0.01793049818283978,0.8665930275563586,0.6526702366452967,1.0498559592484866,0.6486208950531073,0.10940675981820175,0.8816245384608336,1
0.5901353646971182,0.444317815117477,0.1844079537957628,0.36454107094065175,0.3784231583450283,0.7332676358256077,0.8090919398548165,0.23769875398720408,0.837610822205191,0.24648495241922788,3
0.38739325371342775,0.8959105008030606,0.5084673822914234,0.3071086132806426,0.7715671910081154,0.04746296718613456,0.10406387000870379,0.768336643246336,0.12644676450312403,0.7692344357610795,0
0.4312584570399103,0.45711063001400787,-0.06938450967752122,0.27124379005287264,0.3632293292272777,0.20588363877706473,0.3765539273066208,0.2976807428922663,0.6352737245747171,0.7539089046297845,0
0.1722398565678626,0.20959863947977037,0.2406667486417889,0.31144008775697896,0.37949678723426283,0.5378664361120453,0.31271784636858785,0.7021845759934116,0.8020463471976624,0.34461808828641033,2
0.21306077603870666,0.4512656366919816,0.43476749481943444,0.26535835893576204,0.48451263460433625,0.951576607392813,0.22123487156375962,0.8471399596649336,0.8236809127334557,0.7906644320391527,3
0.25608060160869484,0.6605654102489424,0.941165579088431,0.2546084754036316,0.6139898147546634,0.44830372006006025,0.0495326934933004,0.5755377329031787,0.2800973253053186,0.2192735491153818,1
0.22398415667772043,0.7296849418760434,0.9795175292023324,0.61261001800138,-0.20972965203905014,0.048159291152537614,0.35147396956991184,0.0706637811075812,0.4617103263720432,0.6021398554742299,0
0.21339222226229446,0.5396540307698879,0.17722859330680218,0.7207531836862858,0.30065774299006776,0.5895471358588104,0.1506652161284063,0.3436615132817571,0.999988536865516,0.7429683563061307,0
0.4511217088910445,-0.0028281923390182095,0.37907086194561906,0.8899084241111421,0.5293102601499862,0.8936519462791966,0.6117799387721943,0.9472776612659369,0.14437268868711273,0.5975129309649508,2
0.2333187952104221,0.41242885730505674,0.30355929621840944,0.3793290788340931,0.46578828821679513,0.8600482260580907,0.18278385098588207,0.8956507921240561,0.8942423801266469,0.773102932686647,3
0.516921161359203,0.5544216468342849,0.7865042339082153,0.04932617015225702,0.7808666046613342,0.542840129119938,0.12586662849064306,0.3244024571060226,0.2333034373723187,0.23377828671363488,1
0.9239193388549758,0.6490909730770805,0.2658979956124796,0.9761734194833868,0.9973963601033401,0.8955906384957539,0.8318144247344663,0.6807776502639244,0.63909894864589,0.5480388138550882,3
0.08536707736280891,0.7052029497082722,0.782712253610666,-0.33852829751665836,1.3885986888675688,0.8199942360107064,0.5578735499222124,0.6012865799906193,0.5776207060415355,0.9170669792840114,1
0.1202174124207111,0.8691739703391836,0.5466511561440918,0.2805186157291003,0.7564405589284788,0.5655672009330788,0.7720924198290503,0.5754637462711627,0.0928301864768987,0.6713848184981988,0
0.19138170746280841,0.3014707781844819,0.39338060657333407,-0.045520466300409596,1.0289906681878476,0.5130410235490521,0.4345094670537784,0.8099610765029156,0.028121834639875536,0.4259063875615948,1
0.9684586523656837,0.2015067011798276,1.1278410192097355,0.20448395015630727,0.68227856721804,0.4871746041997547,0.13373244496063125,0.7804234464234803,0.7442622501530013,0.3928898187252088,0
0.42828559831696533,0.5747259275868112,0.9108600326865107,0.015481680424370592,0.8189361927229257,0.5376505709852161,0.07429765858222623,0.5323991388948193,0.18411630570182025,0.43625609323346165,1
0.16523427218357756,-0.4919293118773572,0.8790319968402084,0.5961771579529311,1.0127382631622908,0.745258701116321,0.6870186217762895,-0.26980408049935756,0.5240581641679772,0.6359275356364595,1
0.3947243876152796,-0.08269216077254658,0.39096800080107064,0.09681936714990351,0.14058337253497757,0.9766850642947813,0.8303579402772412,-0.0045096345874422565,0.4740668029042444,0.7144976951599039,2
0.5756489162974977,0.4480897615973783,0.16874967471499303,0.3802870172758761,0.341676781163607,0.7293769223475942,0.793137617721178,0.24067572636127516,0.8480371893637877,0.22443355065448545,3
0.476465297818833,0.03801017731053375,0.8440728019835212,0.1744401200738024,0.09693881888547176,-0.009040891518069902,0.5674534755181856,0.7317488396762268,0.3647405488455953,0.795669555908126,2
0.8872614297164632,1.3282809865885534,1.3370878294296564,0.21524816169570937,-0.42633484327991966,0.8206723019279945,0.24297682931301406,0.7522636374574858,0.7376532919839476,0.32805489557636275,3
0.17572308684793572,0.17723967107126465,0.9940516720857651,0.8554655646983551,0.6745733266710463,0.08778624757883076,0.750731318173076,0.6631958028985285,0.2925478121989212,0.21947229028262832,1
0.7004975832640314,0.21539314508216778,0.6960383734480564,0.6567442787627208,0.8162962583154546,0.6372015755558184,0.41326185850906944,0.4082210081111632,0.7462947665995029,0.8036765521269124,0
0.03736223157957863,0.612383541350925,0.46768608529798916,0.19784922958044127,0.5998826314455358,0.7171899207402685,1.2179695076877375,0.5979893926621189,0.7252453603670375,0.9583802316045005,1
0.2064595591654957,0.2204314621169398,0.3294529476565005,0.42614639183016256,0.3660765766669066,0.5642841433049981,0.2959450345887749,0.8050292385112185,0.852111623532569,0.26524001220218735,2
0.7756088343315408,0.8281689938179998,-0.2419319929453227,0.1812913209453575,0.7418296998219915,0.3856130438872604,-0.004472073892137716,0.17406203865451852,0.08099940524234178,0.26039293215263026,2
0.4682237034892614,0.039239029729955306,0.4736785069353482,0.07089592605489958,0.2837296304571332,0.8395971753189252,0.8967782869913041,0.0525444095790848,0.6261440993332328,0.9653977816983248,2
0.41587378097822597,0.831908803802688,0.8083421907833457,0.47959596796382686,0.5655895078465789,0.0875763700916711,0.25163644782348826,0.6124776815379429,0.19349031253443272,0.5222193346098271,0
0.369804915497163,0.3203375098240095,0.3011151668339412,0.9031662678713506,0.2871635262116404,0.32290923559759677,0.04902856209465756,0.22687750956723454,0.848880201927359,0.9020190225154562,1
0.057226329253975604,0.0505386485234416,0.7023563329644278,0.9776639909516981,0.9102670856375651,0.35554460328081217,0.30927304192394167,0.20096799565071752,0.5327558447974009,0.6592491589068485,1
0.45982569101118254,0.8795104311855892,0.4635362477613631,0.6562755650197765,0.9998096188764644,0.5215817424011979,0.9079191046258358,0.0015380325513710998,0.08664713432099322,0.1725990723433214,1
-0.09833478126710331,0.2825678481972743,0.3847649910208049,0.037286296973855465,0.8629225569066991,0.543065075333869,0.2241848407173343,0.15548485010218827,0.11012526592850384,0.4411677540405244,3
0.6717017830034773,0.7244806389833575,0.9395551849293216,0.7720709417937186,0.10354503204139955,0.9865760591070732,0.46282777641769784,0.8028016076699582,0.9245418738564558,0.4043818040070804,3
0.25303681220451846,0.2713765011238899,0.28037419842423383,0.7810080904933925,0.4394705753437149,0.05729485517309566,0.911406920219292,0.4399559887059915,0.03543707559890466,0.2283877883880967,1
0.22467317920769736,0.04793301208911946,0.386103540301651,0.15275355289817485,0.37346081705701895,0.4851612303504904,0.11426998511876013,0.7983000299227685,0.8689371438091591,0.1773854434933239,2
0.39951414070005403,0.00015812820543523176,0.07322353001205084,0.09703692166309175,0.11879910856900588,0.4932115292971768,0.34979291634026577,0.5688892308728962,0.3886271715253548,0.044505341230444195,0
0.4783476246804412,0.6090651173604229,0.11353160259916542,-0.06024313448320376,0.5401962018690171,0.20801761346167386,0.4852184869752938,0.752217173143163,0.3175166705312631,0.464492374997271,0
0.5436398577640128,0.6849807571381319,0.3594354994334805,0.5939807292510364,0.8290543598773406,0.5182393237154576,0.9051411782793647,-0.16452517118687768,-0.16028040091335058,0.19483214752682368,1
0.8873234267820963,0.5876927929334157,0.7334558050748967,0.3243120590914912,1.0773524237615713,0.6187936022711273,0.08903987169789351,0.9776556057486898,0.9153936995734995,0.27414632615809054,0
0.49557307696759634,0.5356069452008672,1.1768674399353163,0.8628483040250605,0.1584656178675112,0.901936931136307,0.529573322351635,0.9050398607250151,0.8346610427207126,0.329181151174337,3
0.58404670739211,0.44719807384015897,0.1652734736648494,0.35748532032567987,0.3546616124030393,0.734099428022521,0.8011407960189341,0.24263631644527997,0.8202188432739453,0.2349753478725074,3
0.36640512041306733,0.08876741592065447,0.36121041160026024,0.9660046686650158,0.64109999740835,0.8206296864726002,0.7008456848636433,0.8799074417419893,0.18148651770806595,0.6699804175087961,2
0.10756668245511342,0.3595744990985583,0.9662597085700136,0.06341075728110451,0.6355039802676724,0.23490962951051275,0.17823260519000103,0.426886768802598,0.40960457676847545,0.9977819525398736,2
0.576289422524817,0.44094672054619843,0.1675207007224279,0.35836946224871397,0.3621991352760222,0.7411060790111633,0.7954113131973914,0.2429134503858641,0.8211679303693238,0.2455988420828006,3
0.8717501015708825,0.6198922122856423,0.32165552760315197,0.9631360578903229,0.9279727437380105,0.8580663936774724,0.6447633968844028,0.6762982409004287,0.7073074459475903,0.5113144646636257,3
0.5830157070179101,0.4463528329334906,0.16008514547060407,0.35274255079927913,0.367172051412151,0.7510868214019985,0.7968888097487199,0.2335122144424249,0.8126141116775017,0.24755361237439594,3
0.377976323297476,0.6007484873634875,0.913564570772821,0.05888983592502262,0.7852850346002667,0.4747326998218559,0.12450962618999811,0.5182315251971965,0.25265503024162367,0.3726666485138743,1
-0.053881153147918054,0.25156235177832786,1.0617142613692572,0.5664213190363794,1.3349951928994268,-0.14010483023917442,0.7461565249629502,0.6012396481591997,0.5438516064286638,0.12024269510682319,1
0.1848175898290507,0.7355879396609325,0.189010927511757,0.8022610491674667,0.7024925694004575,0.9860848602023391,0.8029220030707365,0.03959395434706359,0.7568120202334253,0.3464685728940713,1
0.4328187889053118,0.5688100977405085,0.8394740889017657,-0.0449602749182393,0.7922817943295125,0.4790366303329003,0.11523152009732772,0.41110459784291337,0.19866682488113535,0.4695884497042607,1
-0.056307645255440186,0.191724117420438,0.3540474264803872,0.18405863262101307,0.7301879956687082,0.6082277820133344,0.10226264109793089,0.16855616082353359,0.19771620707752507,0.5121534410800784,3
0.05379486213639706,0.6031563284678593,1.2106842683943297,1.4245785758832186,0.7408022977467386,0.5787902088782297,0.890229554427219,0.4766139098094409,0.5460534079332615,0.9394281746551512,3
0.7922778641799192,0.7260260636291397,0.24860182378196444,0.1124043997317384,0.4740084742858806,0.48957936152155124,0.2683686900999164,0.022579852671768555,0.6930391024592505,0.27235379867872056,2
0.6015706953941413,0.42266021441005974,0.16199173706567516,0.33298128153519985,0.3405694336535373,0.7498294946252051,0.7767482037134301,0.24741887302457324,0.843435097957146,0.25216590716579834,3
0.2425587497813091,0.2673834504361331,0.27153504015475766,0.8160331685003692,0.34178304557178396,-0.11411453196825971,0.9072588181055671,0.30007889191079234,0.09033327737661846,0.25762342133888444,1
1.0005654660247887,0.6250640372912496,0.38708997535252926,1.124504924350653,0.9820532706641198,1.0348180137113083,0.6754966541565476,0.5867026446137226,0.78031177262529,0.6427921346412715,3
0.49155703132877226,-0.2671758283989132,-0.00699472824359082,-0.47691040222437775,0.12027370067467075,1.6990946260181539,0.22431588417067452,-0.5688314404901392,1.3574645233992384,-0.03845113246774767,2
0.9916980768034853,0.5825568779632031,0.2066703356449834,1.0384007623138107,0.9875842112964022,0.9232122217978533,0.8198476294259944,0.7362396085456372,0.6436728206328702,0.5678202877351948,3
0.21337833705200115,0.20194908621559743,0.2666915970311701,0.30293110040820587,0.4349386326075525,0.5825793271262223,0.2837280048227227,0.7621198248492648,0.7962806111738271,0.3035150239833176,2
0.5152055373225753,0.5219256808227231,0.27504402055042443,0.7583910759481739,0.6737205851800835,1.0816740920517443,0.5361456806875075,0.10954150064972962,0.7783506496789879,0.16066251948373278,3
1.0692467748870988,0.9263239566813822,0.4510901861633001,-0.05966517408035979,1.0186467830765475,0.5557848171384526,0.9496588405972849,0.8066803866184451,0.07659175268370996,1.0209479064139952,1
0.6030779320634587,0.027225644414471135,0.5002635706560015,0.9360975067866951,0.7739122269440102,1.104267396434693,0.6444275113234187,0.8176033463811998,0.08752239998818322,0.6627493507794302,2
0.029424742511311917,0.1471925964905351,0.4189041998092215,0.14194787638973458,0.7540818604482418,0.5344785877382537,0.1310672181069549,0.06225506713977036,0.2584429118777136,0.407029722031078,3
0.36171462172333213,0.26180178807209753,0.31613853518270535,0.8685671263101596,0.36200374884437847,0.05755578617856908,0.9544760498437103,0.4805720548099316,0.03486244457878637,0.3300381299827709,1
0.37663001253044603,0.06914001550290241,0.8839800616072506,0.29488638203083384,0.14954749841888354,-0.023417207407006688,0.4927908119189789,0.7472112071074738,0.20272775160807024,0.7968280841435226,2
0.3418147015501503,0.31306108332729204,0.0757977068239408,0.5757036209415628,0.23070587938477183,0.5336060550257148,0.5163579314858902,0.6711384771562161,0.43110440158193286,0.2231776737874658,2
0.3310735869997533,0.2841472877594327,0.31744698783335423,0.8654826796348751,0.3140409632244885,0.31064261463686477,0.04275441764272252,0.21193860469663234,0.8422354920551366,0.912630267790599,1
0.38246431609965714,0.09570189712134361,1.1663545571221576,-0.22768563571176786,-0.06571402992352966,0.04772615193253264,0.6373135625960011,0.9030209930092106,0.7460390784683772,0.3766322597631866,2
0.20896196900947697,0.5215687602149505,0.212190907243495,0.7058177618703243,0.3057962898998885,0.6116290944168411,0.11267959292588647,0.33236026447803935,0.9896444315510294,0.7107839379236063,0
0.17778540834832554,0.20809772190750078,0.3227575160849378,0.37965438660883744,0.3331220337522915,0.583474731877108,0.19746972832525345,0.6271811973586765,0.7302808822723005,0.31573739478950685,2
0.8765854776725803,0.007218499460628226,0.69438167204263,0.9139461419907822,0.49815713845245735,0.10729690192726674,0.7761019865812893,0.2076645140499475,0.7171454447972343,0.9541501425354643,0
0.10801699168140717,0.28958166616234743,0.8130450395981376,0.19283746070612426,0.6299033706608687,0.17820544953622602,0.41405132394012356,0.6226767616807092,0.22599175077755293,0.9733877812322685,2
0.4079944276377918,0.6974412879692752,0.006478484363831777,-0.13149779235142195,0.1719154836295822,0.5111255824226119,0.43226960846799495,0.6508689746168683,0.6016259346027467,0.5425141662114705,2
0.6130619653515555,0.7750576829933867,0.570419460111671,0.2972664877528595,0.7967522138052889,0.8694576414370571,0.5634093190369195,0.29515101145278505,0.2632380495676729,0.38053048941674156,3
0.1473737814981915,0.5879516684482646,0.1330522425596286,0.6619079881942527,0.2855645431644757,0.5874658206921425,0.1443649814647524,0.4018868748316066,0.9901042322010211,0.6395523659840362,0
0.30277251227067126,0.30785709138035255,0.27263821250743847,0.7784542229296989,0.43855136458183247,0.0058497496787559364,0.9030902424081071,0.401142165483428,0.07062267902018741,0.25780217770882186,1
0.26533675713909993,0.35697085243683513,0.5795657177572248,0.388865475105198,0.17219380344000246,0.7314683583987233,0.495075082907832,0.5215852961234683,0.6763748495906918,0.9896817057194792,2
0.503069887551337,-0.014116462719487258,0.6561737207594529,1.301351060258861,0.5188282654193512,0.5713145819742557,0.6394063725085528,0.530180645532231,0.004817192800128711,0.7890926026822181,2
0.06748823909082702,0.2834018039612213,0.7154846325815207,0.8440594417740646,0.7314373451264041,0.157025262545704,0.733023168205683,0.7879660379197719,0.3069637569646216,0.2629012795381519,1
0.16212540583510526,0.45471844248511817,0.17094748649983965,0.6095381378613515,0.33188536797811496,0.6951610619962242,0.21300820588399116,0.39022763944793093,0.99279505330233,0.755732094399215,0
0.11626690805270685,0.2683074213298851,0.23854856794308357,0.19557622127977492,0.9349623437373977,0.5456509359511291,0.053050483941694815,-0.046214775466655755,0.2674997900124552,0.45596235097519905,3
0.9388860016834251,-0.2221736033817942,0.31016894332787337,0.9044586328457795,0.6593028244496406,0.8267569239097232,0.46813747124806987,0.06742897953037114,0.36827221402432403,0.9522205482804037,0
0.323618993319181,0.3121295838618333,0.32422619743275016,0.8897991314188834,0.28905090526211913,0.302077113819969,0.05280286722436495,0.1817363784456946,0.8217681734554058,0.8796639967450002,1
0.6636273412559983,0.36709948241647056,0.5377883532540134,0.8309862028849649,0.2838336401439445,1.066376750800166,0.6691636581552443,1.0398229378952908,0.1891656001095901,0.3882040891113631,2
0.6934944577906041,-0.3544286129681879,0.7460425375738642,1.355243626658266,0.12941272801811282,1.2470629663002617,0.6374764250244855,1.565788204408192,0.12407254270069379,0.6055493949207967,2
-0.04683769753556313,0.31785226342962214,0.4452668103325236,-0.003835902769433963,0.3653542252110723,1.0476713405408267,0.3716664588059493,0.5391763722902572,0.9122146659263612,0.5707222184928281,3
0.05934062442977861,0.9799629630432749,-0.238452182462233,0.693610544472743,0.5967561379402153,1.0976125760743658,0.8809299566732403,0.6960427647912372,0.5578597460577723,0.8756487757976196,1
0.28145933932176503,0.5681022996779815,0.0711880988256513,0.2436687171577663,0.9786797408417698,0.33495259784308495,1.1068180364138998,0.4594095268224149,0.22337099153386514,0.8785870970650782,0
0.6517474212621547,0.7014206900707776,0.3863162051619945,0.7920304757446562,0.16864752123658594,0.44154214676208775,0.7552719656054179,0.8405090329424015,0.7677818189988986,0.40347711155644195,3
0.6100109326126919,0.774461797757918,0.5693866665551309,0.29393953153440755,0.7935897285989353,0.8722308634000765,0.5639655563326147,0.2974228722655729,0.26333912547302935,0.37912967737572545,3
0.07641506385282262,0.2464684877290314,0.9212892632432452,0.8301595901435588,1.0647644633185742,0.14513803998490016,0.33786989830761405,-0.030975863877394094,0.6232995381569019,0.45108897136888637,1
0.5963978948317272,0.5383622976521524,0.17357098334311719,0.5662441542532991,0.34086645102558916,0.23941869206410615,0.6271523389777005,0.8659258891772198,0.686388232399169,0.46436134691362435,3
0.08072978967595165,0.6461129814215824,0.34176548505698534,0.15844617582790968,0.29789427092736614,0.6395130300565022,0.48587797759629153,0.48903102857971203,0.48374322885928756,0.5379256820839021,2
0.3119646690564243,0.8245050943324503,0.8035391991529126,0.86510596362495,0.23854095342301163,0.09859188080454984,0.025626773072338148,0.5757773559321582,0.8514642032462535,0.07999153617849317,0
0.24452859753710038,0.5008147795052353,0.49216403244624685,0.2664368881789209,0.41385727301365494,0.9786462383969194,0.2692429849732655,0.7881686025985429,0.8441456739003863,0.8549579407447427,3
0.202953931093162,0.5935241917349299,-0.2636126222206635,0.33287060844304484,0.30627821882971884,0.6625891709588483,0.7178507009694918,1.1684017480833,1.6758774834580712,1.597876442660902,0
0.8286798760867521,0.7075530372929442,0.3033971025662861,0.883422677375326,1.018947169620601,1.004790350776545,0.8089988938599808,0.7738369589214614,0.7122946147099212,0.5560667785571378,3
0.7620856284807346,0.04760690486410554,0.5342560523461806,0.5537599243702731,0.8573159709378358,0.5806166601636209,0.5301593308662402,0.2837279772583911,0.9317566700265631,0.9236426568185981,0
0.2714147113715866,0.6890503263220985,1.080794174385307,-0.01230741234825436,0.5779763521595181,0.3383067270076907,0.3251867338107972,0.3384753726150009,0.479089632960606,0.21880561788274674,1
0.38444232270860074,0.8951469274883108,0.8706026762558239,0.5058808583779606,-0.24472757750356788,1.015530038191693,0.17081197771629786,0.4513001009323766,0.7217023984145279,0.6015499680975476,3
0.7608648442107833,0.46084986336926753,-0.11529972612197503,0.5509564220186811,0.6686511876790239,0.8634671679222908,0.43186947590295705,0.046365348983865656,0.7407457093338743,0.20662963219748848,3
0.30581228058178156,-0.051017627225476384,0.41359933615113836,0.8235081259809037,0.5783854923618414,1.0995996136945088,0.5213933319006755,0.9600308668342554,0.14871551062029575,0.7682016296436438,2
1.1676288653900926,0.9209624188809843,0.6660082397898341,0.8668789950239612,0.166165865490902,1.339905047195018,0.6359696933685743,0.6968909366781544,1.1756188342553973,0.7563160919712486,3
0.8111681586971204,0.8816785758604502,0.6723050487776987,1.0603213238559763,0.37998151715081024,0.9707049215966457,0.5416326931557423,0.6014078619674135,1.267113281451573,0.7424336389912009,3
0.16574600103885198,0.4323919336549377,0.46490960555258104,0.2980688421311845,0.4546949492926737,1.0079803583571911,0.20806808145714514,0.8253728323882394,0.8405738965536454,0.8237166585694926,3
0.5917282782715729,0.7585045525793273,0.5642022725655359,0.27356832394574554,0.801743258123207,0.8751079040152524,0.5559403726833707,0.31383839251333817,0.2725480265624231,0.3629126549680738,3
0.8088314086115245,0.3118590603259872,0.6882017927413895,0.5886588281086724,0.7501138775544733,0.5022164272677374,0.6057059091438597,0.5192347083716471,0.948878037004648,0.992864249680458,0
0.6592059883829652,0.8484291704281933,0.3987623511183337,0.2126478648940413,0.44507899276271434,0.3560505232001183,0.41366612742422193,0.16015011347519278,0.5650049294841409,0.18725500685564594,2
0.18417482010884884,0.0628900765038111,-0.023082423493112417,0.25076093995870563,0.5736378643058515,0.5666909977663348,-0.0819561810606507,0.8348270229155972,0.27986303365129805,0.5829630973214228,0
1.0836284172798174,1.0603620697022298,0.7563461544893136,0.046062214062960696,0.991853801877142,0.6809906681168236,0.8230642352542228,0.7446508687039266,0.38891523547528273,1.0654472957104708,1
0.2990736651369661,0.8593898631045679,0.6483352389800121,0.22342495012832742,0.741934901133771,0.013211241536552933,0.1423681262835746,0.8495734666728688,0.1525513345811515,0.8452168579746981,0
1.1302967352246487,1.1175808313864668,0.6200013951104966,0.1475332938062324,0.7233885266854284,0.7848734103041847,0.6757346587883817,0.5403484628925178,0.3905982243506666,0.6769999056580828,1
0.4203868963222025,0.5956762053986586,0.804952788228353,-0.04254637810999444,0.8033363513396433,0.35670627450159276,0.12103797900190064,0.47684993408571874,0.2524839970815156,0.46581411736786943,1
0.614774061092354,0.27434665522421847,0.9712158380837191,0.6331622107403128,0.777750316017114,0.3762239797805624,-0.003137540213519252,0.8543072497450515,0.6794703028122712,0.26573632788268403,0
0.19221727337075792,0.9243324496924606,0.39155432706577387,0.29320831998040203,1.210136304504731,-0.07769491337349477,0.07497563792779843,1.2719961776200188,0.42780607922095826,0.6876010995585994,0
0.10832384948819619,0.7790375306713136,0.32334400270945035,0.14349733380966873,0.7477640860926115,0.6585917397695484,0.9297799465217088,0.5069895730875886,0.075485309985814,0.4368100034023106,0
0.7655367076087323,0.6466350448977067,0.7579421561039669,0.5174561351595313,0.6037785914407021,0.4730475838508855,0.47117916915502567,0.0792431010805633,0.4430572532314902,0.9136730743806853,3
0.07601823793754098,0.2527116824433937,0.48302382514130837,0.809076306601677,0.6064009737236863,0.0067048578081837056,0.6891748618049243,0.5226715074435051,0.19142649455876581,0.08836949968387114,1
0.9546757335914868,0.9142455679578146,1.1069939237129836,1.0965931710354693,0.262593003762998,0.24223683010794972,0.3071803572138072,0.37680529788723777,0.5909731121723742,0.9396911511608949,3
0.08910989682256093,0.5600945685094637,0.2811251949161169,0.33532128554480073,0.6422506718968015,0.9588493784106071,0.4021202334970193,0.9707129114097325,0.7774925109607153,0.6308541481591768,3
0.5185383346578893,0.110215218866454,0.4302416544028682,0.1908871972182049,0.22681588696818883,0.7080619708765559,0.7588329643074679,0.13074940502759272,0.7737699638175519,0.9023786722320335,2
-0.009637052813741775,0.35567972875130044,0.16607451723830075,0.15860244272906232,0.046977486734328,0.49915310300960664,0.31521182068506665,0.8430345382134382,0.4249830070819802,0.11067991196632726,0
0.5917185557682673,0.5167426230769543,0.07936956488886573,0.7039036434272035,0.6242549339254249,1.0102259846692767,0.6346827361100945,0.2761609447452287,0.6715584029342329,0.15688365338168153,3
0.7816992193276932,0.9528494133225957,0.8581117000941234,0.6419139393515074,0.8589209822173515,0.057420253035615,0.44734262509332473,0.6090968208494068,0.9045970529953424,0.6169743378252788,2
0.18133734966450976,0.2142495171025842,-0.00808908797869741,0.0881299742122011,0.32664703484336016,0.27598060417168935,0.10396639679467318,0.8845069954259548,0.5228826593601509,0.22989333118600636,0
0.3459668236226907,0.9233032651838811,0.568542495810324,0.2593082033992294,0.739488488085275,0.06192033639035207,0.0800223126016236,0.7502542327121287,0.1680018571467309,0.8106344198457164,0
0.6907771095718335,0.21500614855601308,0.6001799123863575,0.5806660148530972,0.7110184535036921,0.5917448008421573,0.5324104364137827,0.30951364757228744,0.7671913110315237,0.7144582603352875,0
0.5198936002705703,0.8399164881333381,0.6080777774439601,0.8589381475058959,0.2597526670015532,0.2726951988255788,0.07291111476962858,0.4301753892739506,0.7363630264427126,0.039576964145397915,0
0.3317742120246194,0.06590732115687765,0.7984566238243986,0.25009005545815616,0.9236165951314371,0.5701572073519074,0.25820925689466306,0.8248799131965433,0.9780802061131997,0.5310172899646735,1
0.48308369792032596,0.0822085998207556,0.8101111036023761,0.17116787211648077,0.08345505750339276,0.016807913733964088,0.6340490857813973,0.6984316000305832,0.3368610139617879,0.7394441477069431,2
0.6883281002147964,0.45653131269914,0.9524384647501072,0.5483744508431971,0.8496813319346246,0.5024076278825351,0.11389277459826573,0.9322729240567728,0.8684638067172245,0.4658702481873098,0
0.4681688781328607,0.6502181483146288,0.3870423685145157,0.6645908893789143,0.20799573763175186,0.7717954001698297,0.8254669101625249,0.7041144713492368,1.083547899569842,0.10051006055246958,3
0.8489447960665877,0.924969282604943,0.5411362214167976,-0.022176072475066096,0.717246395502982,0.5667078726010026,1.077025536856681,0.7375427953224265,0.07879636765801598,0.8112682564872321,1
0.19071874261769856,1.1114205502485635,0.08939915595955994,0.9321093433469476,0.6176756224615974,-0.3996180552596421,-0.2392717103888794,0.7133563135887875,0.6686287306044172,0.4330566107865632,0
0.33174064720229957,0.9169724641240107,0.2433556399962828,0.31996655900536614,0.9238835950039272,0.6459943858212795,0.5730333771737293,0.8533357896432722,0.712195646109449,0.8659706315160915,1
0.0658924418221743,0.6218113180242161,0.43787370712518486,0.8708739454247463,0.14303118496394324,0.6880084444364986,-0.08187489782802712,0.4384938183835281,1.0447819198698047,0.5499290346013307,0
0.5636994320932032,0.45060508906117835,0.1877677893825213,0.3592482576220587,0.3643300779623907,0.7428091458131888,0.8153020556510933,0.23564835982557866,0.8259709651662894,0.22167772982779846,3
0.20941413306351458,0.10707760330797861,1.4042131683606986,0.10691352614541812,0.41986740943474443,-0.30754437308706006,0.048166842816285665,0.7034877088994417,0.3078239649121633,0.4299093603607798,2
0.7204028959517945,0.6594029577614221,0.6509911648440444,-0.016088275749227166,0.2715511956162612,0.12746169696964477,-0.07208584864284606,1.0567197378296869,0.5596360553226423,1.2342010122017621,0
0.6069577276170152,-0.10662182978637133,0.5447679971834374,0.00850398389393997,0.26754339843755454,0.7408900287283832,0.8786944972534787,0.14228859774490749,0.6077504809124719,0.9119083348350211,2
0.934851368028561,0.6427002214704577,0.26186346811107825,0.9707065984234017,0.987728030989594,0.9029410113727768,0.8272017833298119,0.670002530548013,0.6371670173296952,0.5482687725441213,3
0.2761832455070122,0.8288133720455989,0.678446801337387,1.1662655907234964,0.5532854739392805,0.6242923070662746,0.6262754995729741,0.30031039081652233,0.6348901664342685,-0.1383030514884344,0
0.2569322099601796,0.49592364592418814,1.06872343087908,-0.08138134908941771,0.6685848089887362,0.598406705879343,0.096240265113515,0.5242653934755359,0.11914465713356284,0.5521988171855278,1
0.3071189786024153,0.1752502816551545,0.8569202471840255,0.2916053295384121,0.05566242731902677,0.24376077360051096,0.7009177163924142,0.4367903821832366,0.08079859041212795,0.9591050940936237,2
0.6086967301570015,0.12698822782497693,0.7701294418411274,0.585978642227311,0.7385970925067491,0.6337694846134152,0.5393167584080418,0.2516872546310711,0.6555705395724041,0.8225562316595968,0
0.31049553438200944,0.9122058665904919,0.40135945730672595,0.11025370469932025,0.9901027944460056,0.786966174304847,0.4217816492502804,0.7691144716538657,0.9277267403492053,0.6477508746631953,1
0.08180230092162036,0.8886109818227031,0.5788986241280851,-0.09243608711692564,0.7101350896239408,0.4133536266783997,0.7560242359490619,0.7632918575356883,0.028901660657473044,0.5174025180491972,0
0.5742936841421914,0.4655273087912801,0.8764375586914481,-0.11160797512352688,0.8793683416042507,0.5047757442945535,0.297023712047366,0.6430481125208966,0.1900473768160903,0.43679546131617597,1
0.4047480359719744,0.539174190352362,1.135753264138578,0.20305605071914132,1.0136209682927793,0.23958543108769131,-0.02046966775333242,0.7747130673057048,0.32041929748552767,0.20182281877667968,1
0.882405867856111,0.911650649711081,0.5709867517219753,-0.008465202581420056,1.1417820880412863,0.5017143381055416,-0.1259593180114734,0.23180027115717006,0.6786593651735147,-0.3127440959244008,2
0.9277202527184534,0.6412157962581311,0.2461153981967225,0.9947366408528369,0.9747136877181989,0.8912334032115414,0.8393405343026833,0.6864573766659781,0.6439512040850836,0.5531371004706358,3
0.24672455926666248,1.1000345209217148,0.6518280875765031,0.35870993736917095,0.47278135452259484,0.15184811015156502,0.3423534092511058,0.9936234862843079,0.2203849633585409,0.5381702527547614,0
0.3856447684613307,0.8552770675664241,0.26872274738716007,0.25414485202906884,0.9758854063130206,0.622050230025248,0.47495419551322554,0.8366433025812307,0.7663289425698926,0.8202945022046054,1
0.26658481960902475,0.3614553514876805,0.5826889591560568,0.39009408352410707,0.16818269136345615,0.7272875946841042,0.49912870200768233,0.5238048684298565,0.6770386988513947,0.9908108188500343,2
0.34127813504331345,0.29270859192490095,0.3387871548505356,0.8686111775465641,0.31072428076875147,0.30077685927657316,0.039735009462311704,0.19781065665067807,0.8343391331792542,0.9047247015801905,1
0.044943927357948485,0.23725899930033154,0.36489214822664273,0.050294179435956474,0.723254944571561,0.4761143890312669,0.18891373274820997,0.12880422705290634,0.21751965197693277,0.4671839984108275,3
-0.26288422001860756,0.5936215278843591,0.9966992186710634,0.4061125547983257,1.2481325173523627,-0.18605422144521186,0.48334516222812546,0.24933246491045585,0.7455278434548194,-0.20144546608460467,1
0.6453918074117521,0.788728669548683,0.4932006354598044,0.6980089497362282,0.24988645744137059,0.5088615971154028,0.8759516848278455,0.9306473395453194,0.8683842804815272,0.3971672988494457,3
0.020983694292624026,-0.5575657352164409,0.8017231969864216,0.4643619268970165,0.20503301313236277,0.15704576760372285,0.6030396422758413,1.053137209272914,0.2257913939793162,0.36105799411239725,1
1.1029408112937165,0.7323695916265204,0.08319490206366775,-0.22229013166267528,1.149199194778674,0.21096497652113744,0.9229167234116119,1.201119875505019,0.358726252405735,0.91219003332164,1
0.4976931175592871,0.8132043968417036,0.6460022672315258,0.8679604711613125,0.13507624502947507,0.13385641001888518,0.21516525608646764,0.3303328790305018,0.7534168043410937,-0.14584717013499213,0
0.5084129410700735,0.08407031385151541,0.8462445740330681,0.1674250397068319,0.04393066626938582,0.04990946400953365,0.6284283237116345,0.6751331026552733,0.32578087626585267,0.7452925397845994,2
0.9357304702497059,0.6197582365820468,0.21342745427936846,0.9887629497038707,0.9690654790938913,0.9307744231777257,0.8868420838196354,0.7051087905097733,0.5927518266704317,0.5717224353668411,3
0.09682424977739072,0.41268787227308834,0.10740587882413455,0.40269422267370725,0.6002730252637724,0.6933972503272641,0.3953728919430625,0.6342883206170195,0.7441288875809624,0.08732366791633206,2
0.15295236243731936,1.1708917104326155,0.6587182934928522,0.5492006497699965,0.6712869268397152,0.01498649128126539,0.4762444175089171,0.9815347699831989,0.03917338698079004,0.6974776471423862,0
0.5480634017871479,0.6892773319902933,1.0252624113942537,0.7756546609067028,0.10967213902777653,1.1024552337701188,0.5899824266391108,0.8634438222091236,0.9250721496778674,0.3953246120551504,3
0.45839502082220884,-0.3150182751953207,1.2996726877976368,0.20453778742892667,-0.06336829412783253,-0.10015876490797224,0.6318220255511209,0.2879553305955181,-0.059997255799075444,1.2773430289860175,2
0.35734795395052055,0.6928565065547811,0.8147775595226324,0.19145139777493955,0.7547443698799278,0.7121640078576386,0.06077276650484711,0.47818701921117135,0.019924720361627707,0.512416581880086,1
0.0018555955467795607,0.9123875021909923,0.36840228773776723,0.7506412152213443,0.7197124743550048,0.7951175836613559,0.6345344920578067,0.181560659981338,0.7725273806979588,0.49300130057686925,1
0.3056267831160141,0.8483449975787034,0.1727341119024115,0.12374632450614184,0.9195982390325058,0.6523519118789601,0.6509745273274365,0.8423598287104824,0.5998992997709531,0.842248870116329,1
0.013226141578561989,0.20322854726324177,0.4208033252121183,0.23400953990910245,0.6648234669063607,0.5833334735379706,0.23436568681065534,0.07522742487277446,0.22974687776898597,0.2702893980910752,3
0.25450706831338976,0.3600441792347565,-0.05730732455724588,0.2666204791710663,0.4166233441126492,0.4367388963723188,0.013265997495123555,0.8426746921835556,0.4762158340600951,0.36528688469863135,0
0.13972405375454117,0.3529899170104655,0.9546422876531822,-0.03299655379451531,0.574839148583425,0.06555160738901183,0.18156501307645562,0.2052908570592607,0.4196292651567949,1.0779269500825137,2
0.19531635031610822,0.543036855896489,0.16898919508143712,0.7678482737246826,0.31720465810338433,0.6297697828589134,0.17652947219739928,0.3866257186072327,0.9657409399321356,0.7164253126502301,0
0.1315285713204097,-0.2690696213159829,0.9952939399335414,0.9960151839242787,0.9704652385015182,-0.0372186729160629,0.16378225559247545,-0.012201321247311742,0.6625745437014221,0.3433460775696594,1
-0.1862547428271436,1.2945369362779193,0.009283861423153841,-0.6986893851272545,-0.16759207712397883,0.3223728820783599,0.3794406739775818,1.5931569430537476,0.9397636215284725,-0.1402391092461992,2
0.33349801610487295,0.3029643820213638,0.3342178372601935,0.867990353125464,0.2975782141503541,0.3086392036800638,0.05475150182529649,0.19670984138379952,0.8490338827131105,0.897012080795121,1
-0.24881277509193567,0.6897809835378693,-0.13262995551120682,0.9978333289417083,0.42715976213853857,0.18688691386645628,0.03897414405593336,0.3656519691280968,0.8258230092892938,0.1496948316308888,0
0.2681689872767067,0.04496126437919862,0.8774014445214356,-0.18014008627473052,0.4901529692215115,0.046672123958785616,0.29943688021124154,0.1735741818596384,0.39958194417404713,0.9422887470032411,2
0.5322277588563441,0.053002736315886444,0.34392840871980634,0.20589275850699348,0.3004597016920809,0.8948157138951586,0.7789629733541741,0.11100219354980596,0.47555806091000796,0.9349081024045667,2
0.3259927973719312,-0.5393460193868922,1.3682400782915654,1.4907734348527213,1.5931663597557946,0.9602958488773676,0.26268354025496077,-0.4424548752048897,-0.15835258723278334,0.8348791013754402,1
0.4665898365303347,0.38777696168250736,0.9059302032114236,0.25651984871956823,1.5969164774086844,-0.16743217294805623,0.7543276000552905,-0.4225339188169648,0.07549773385365488,1.0149876825186805,1
0.5230500867920861,0.08725769898720849,0.8576129508879639,0.18326275183651142,0.07626310747046786,0.0667500653501514,0.6423914603758526,0.6980659572531709,0.33407833874140047,0.7300096077823691,2
0.6782200520274217,-0.06843390600255078,-0.01870505975975212,-0.20195444750074137,0.791723887791271,0.7810828193494749,1.375319938719157,-0.09868121338461051,0.9840619931218155,0.9308533126378348,2
0.3020745894437817,0.42821744094445874,0.6812022425287321,0.6416243602726883,0.9684287488640451,0.46553088523930386,0.07570295291643042,0.0475584522570206,0.9812107601785987,0.6736724643611991,0
0.48363998285377247,0.6174484446816516,0.8661192567658988,0.09184023287700022,0.6878480098608827,0.44664134852364046,0.12956375759622513,0.6095888082295318,0.2348372452976561,0.344318547594465,1
0.3566963651689145,0.3235451947225512,0.345928230734511,0.8373842994955556,0.2602441087788525,0.31676248246497796,0.031305302135379465,0.17145702346229716,0.873617457137402,0.9367467281913402,1
0.7943917134162142,-0.024374293636267544,0.8811020719047318,0.25746851143193045,-0.2303353120137348,-0.2884478120538559,0.6509151855362546,0.39409170414590083,0.3987675451448818,0.6112630025233826,2
0.21156981566376634,0.18389997994427715,0.7050701104004767,1.1228723818414994,0.5425716108860045,-0.19507441273184986,0.8885286901874132,0.8387687436321907,0.3938999448591667,0.475265534052178,1
0.4803485009200472,0.8531523189350244,0.4476347637196877,0.7554597926481268,1.1232364837917255,0.5235021098179293,0.9694593736639209,0.003911277757222892,0.07361627214153371,0.3182574538621426,1
0.06299401967012613,0.06012980218810379,0.14572815434108,-0.07475264932691159,0.23098477829073558,0.18247177075057894,0.15547098743178947,0.8111762694582955,0.4071563991597072,0.19239754259469244,0
0.06656170732158948,0.4372910659701005,-0.09098481983360204,0.38113667617693375,0.5497936896798405,0.61982260090861,0.11864931191719938,0.8968219605816035,0.3254395736749969,0.14236633601318788,2
0.2809023938300444,0.2394039710472391,0.1830646803723272,0.35866846684565284,0.46089648905389685,0.5632973385482987,0.33106650187077863,0.7202076378836083,0.7625612728461834,0.29227453416163574,2
0.014496293965970037,0.09797318284919859,0.6973020496098439,0.9073477820995498,0.7966251758224849,0.24185374650843044,0.41741446768385015,0.15126875295221381,0.6173018090298774,0.6499397090323143,1
0.5108211597799084,0.5279417183750343,0.15547627166892083,0.6925718247598139,0.6674850243922893,0.997988380290235,0.6506436889783923,0.2732857292759456,0.7146821040050919,0.18858701302467784,3
0.4719594174333049,0.8619264956010592,0.5253014063127698,-0.3358733742483335,0.6579362115112071,1.2367007741177587,1.0801710725195486,0.30431395316594734,0.8811704887987889,0.5698523216959247,2
0.23577919567622002,0.36345861415050446,0.1344530728849188,0.09254363204011849,0.5315508832649458,0.8191568111121681,1.1983154742496804,0.19551915217949548,0.9495647953603154,1.2116775323070696,2
0.1865923468428446,0.22668118035926602,0.16791474240434195,0.024671744224982764,0.839881820538526,0.4626000924202158,0.2533067061129675,0.7961629118287794,0.0360836469383541,0.4549105218822905,1
0.8829531022257813,0.8477507247789138,0.8014916725801808,0.6218172319293302,0.8482040422671476,0.007879147985571981,0.49769697259955104,0.6416601187985129,0.8710946152572349,0.6913367058554697,2
-0.01479373202198668,0.7985464963015539,0.4061621428181939,0.8261572780060424,0.8116105306276828,0.7722981217183337,0.6768713469427671,0.08132481467357668,0.627206335419432,0.5272431655804312,1
0.1765009234594216,-0.563367874017194,-0.15016689982318054,0.9046763263192625,0.7256708672366744,1.2403065295462172,1.0741821691299414,1.4948614941882117,0.6340453908584162,0.4530142142227979,2
0.05968070790436006,0.5452979765225626,0.195926404767729,0.4729599857425558,0.19820536704513747,0.4870147061877689,0.39508526150416756,0.047611647310712935,0.692131188289357,0.4995097115046744,0
0.6343063998529789,0.6524859102501133,0.998136311064998,0.7093064089336888,0.09994607783513935,0.9836846671976844,0.43616650809706703,0.7512486146833582,0.8945479630324449,0.49105726881457346,3
1.0838241317497752,0.0891915465596268,0.16054035313306303,0.6319386907699421,0.2069616656962281,0.5757569150212688,1.020250088117625,0.7617939288703229,0.5956720190748082,0.12253703129841481,3
0.30086431453066215,0.2705575640668985,0.6047215910680426,0.4322596268189264,0.6188568158700346,0.9841860310959512,0.08775660852756181,0.7518635331375962,0.8011378198927945,0.8970710306977397,3
0.4256947258852337,0.7192150568552609,0.7607050914644214,0.42668258776499624,0.7964926316512259,-0.10067408511536577,-0.09393790120258105,0.5383846548489342,0.34331606771624623,1.0701046867721027,0
0.4812817928078313,0.2168082260323457,0.12910962773495233,0.11529774083944805,0.4049938088997712,0.11648711109218787,0.22566352205460996,0.05981620424138822,0.756084038357282,0.5242559840835804,0
0.5654527392587017,0.3864517028867111,0.20950584636889216,0.42147065028708275,0.32379645988492706,0.7255708063105195,0.8451488264815429,0.22491318018575707,0.8423378619724624,0.3122131031368466,3
0.8974676111581976,0.8663825947605313,0.5996705019221366,0.01821934407620561,0.8372056697493959,0.6729301533989773,0.9258294617912498,0.6554874033396942,0.23866952145930975,0.9178357692320925,1
0.4489865030400586,0.8859283784552853,0.4854542481266877,0.5955012073566968,0.9274841385551033,0.5842748609404087,0.8309248859157655,0.13037352256783424,0.048779312910877747,0.11601482354010166,1
0.47582767223356315,0.8877934942890813,0.4736108298947439,0.6194739587293338,0.9089338604211431,0.4955740090883484,1.0039997737249646,0.048741881004700914,0.08523298839190512,0.21358865600681964,1
0.9169633822606059,1.0927193268718838,0.40935269268568986,0.05506396311270104,0.7391122241250797,0.9067741348190909,0.8446638852180408,0.7618913373361604,0.45365305662728905,1.0251770889158467,1
0.237960958802777,0.4978092314698457,0.1348872196126716,0.10414398070433777,0.40868880071344516,0.6275030565794022,0.3965652724255014,0.3770161758821145,0.6346634255912275,0.40781955157164257,2
0.17759379991310165,0.22056393466185356,0.6185267483453899,0.2284540908536648,-0.03303044319748227,0.503043202777993,1.0742578734823716,0.09544533471329562,0.6287803139044938,0.8655368832432024,2
0.4407354724731032,0.7486410146996841,0.018654994130516578,0.8999906403565778,0.25381865628749944,0.3657913499633957,-0.09688990332104155,0.5451449993922759,0.7493178557599895,0.6426896645580642,0
0.3735634089928558,0.5735514798424892,0.1955920637210403,0.10847203928563141,0.037344535387516226,0.6566779549668456,0.5980191920787449,0.5852995982579784,0.3676945899921313,0.4966989490031563,2
0.3486283870828132,0.946790715545424,0.3578481515843637,0.31531421439140656,1.0829828395679044,0.494242671521438,0.5688249639168457,0.9662665126629855,0.8692319090592703,0.7139766473618353,1
0.23286448056878753,0.277110694767415,0.9259934691298093,-0.08340026970316596,0.5910833801652632,0.36173615071771337,0.30180805200568006,0.3823670962185635,0.18884615957455508,0.8546240589404247,2
0.948644506891464,0.6265757854586553,0.17410532527075012,0.9062759406791568,0.8953350919107494,0.9561884950643056,0.7699052273829212,0.6883589712775119,0.6996978572973962,0.44753940913714096,3
1.0157079143120886,0.6375688138071665,0.2792557909031368,0.9492381745418739,0.9596925716167758,1.0143639488402005,0.9395876409355064,0.7854400224441311,0.5704396490905385,0.5044141409361558,3
0.28059995215334554,1.1724781265065753,0.29545265624275524,0.10000735134435909,1.1985599086881111,0.9560684550152128,0.11879529224491736,0.7627981524925742,0.7214731103107224,1.18749765812298,1
0.3683022121913721,0.14601978501200724,0.4776379374857659,0.7360718930817934,1.1364328039546288,0.4797911584869425,-0.06859254559318073,0.5869270512712523,0.9509273923801238,1.3404711956411042,0
-0.07111018789043257,0.8606754650434516,0.4287938876108833,0.6366960807450006,0.5828311998225757,0.7057023138167459,0.4304389053214647,0.24661095562691104,0.9401239689043929,0.5255521185225138,1
0.5110128608006463,-0.011881635381459199,-0.059538148995349316,0.8377131756909744,0.15163151812220382,-0.20379613030266475,0.7059484607612356,0.33192629930809453,0.2907883211857165,0.16631233951892857,1
0.8946339063617671,0.6732971203202852,0.32588592441808917,0.870983897187193,1.0308065463774148,0.9105526781986669,0.8655591118962914,0.76558842409458,0.7363536173231918,0.5923807671289992,3
0.31419701570471625,0.3658314966695214,0.26956980592706586,0.7345058548437797,0.42041184102884177,-0.024301556314917344,0.8466026258705114,0.44863103177377317,0.10856720070982928,0.1968409502250757,1
0.33247666778228313,0.2809823699976519,0.32138677565333146,0.8542940372830885,0.32393950226531393,0.28720930191912514,0.03288889709293112,0.2513792916905129,0.8805501348499265,0.8610595261032622,1
0.44907710676901325,0.39699136792194467,0.8452632809248316,1.1120169182781652,1.290366111062601,0.3562873916617538,-0.021922379139922843,0.446429388643157,0.5092308145207074,0.0613310369475798,1
0.13161653319794214,0.4783053379798171,0.34217322767413194,0.4134228019800876,0.7051741800236395,0.6605595027110125,0.1810258102565225,0.7952766194859084,0.5019464900792429,0.6416520767142405,2
0.873529256325851,0.7795255914757042,0.6369819354245542,0.01648079188552806,0.9336950245578024,0.6024383184278634,0.9072737575773437,0.6011042584528513,0.18035381365378972,0.9288117926106816,1
-0.03567960776200574,0.6579837422849045,0.4907809109789395,0.3745684528930459,0.48999463586303776,0.19219101472725791,0.3442459667684314,0.922955098914561,0.10352483821522582,0.7214702697636171,1
0.3953086756116475,0.2709020268773834,-0.10767559297422924,0.7519135055350744,0.22990622467688188,0.2875524767308423,0.9201754924713142,0.7491838027083599,0.30718444318016247,0.2512577200395366,1
0.20780831153903717,0.6314588904930643,0.32267663977941075,0.779431031221972,0.4717544754632562,0.7086739728158834,0.31664492314349024,0.11250403519040097,0.8117882779500123,0.8909383854268778,0
0.04811962905403078,0.948780704268135,0.414949660587347,-0.10117614164902411,0.5192561315081564,0.76835658183228,0.517874668362757,0.7205662282932981,0.5330660121223268,0.5660414761283803,2
0.31908455634887045,0.7705447360029448,0.5285598589750118,0.9958340740487257,0.7466357097011511,0.12000844664821346,0.7916787435009714,1.0011186770820635,0.8720826229475823,0.08554883679076838,1
0.3771296373277076,0.8932217460026168,0.32717796514970654,0.27218972451899515,1.020262664941714,0.6588326428970713,0.45605764378486147,0.8440760085627473,0.7198955965263736,0.7415308540432124,1
0.26716454600689155,0.2289837766499732,0.2214702943132564,0.26558228204401907,0.47527619188392356,0.6101392070074375,0.3560434257954576,0.7826202114374532,0.7272854834604923,0.304672988383235,2
0.35746565909032524,0.28417426662412487,0.3166431245791142,0.8499521174010628,0.28414024280637296,0.33114928632203766,0.06345186412323797,0.19290838905318922,0.8548184299747055,0.9114633666263395,1
0.0030540243440226877,0.36071630301340646,0.29921653533752596,1.5109085248133196,0.9876876035320964,0.28810959143810655,0.17428256401300485,0.7074085617264867,0.03703517863775285,0.6476775830506641,2
0.07633073464080692,1.1487007162907767,0.592206503264753,0.7924911189279221,1.0122495349658542,1.033838827674891,0.5254761550624748,0.428205784403654,0.7306960367810131,0.3910870651014763,1
0.21706202300923425,0.49979342116791364,0.20825250376317028,0.7047906516249745,0.29632802013183956,0.5854688416681433,0.11368250699466236,0.34490425802775965,1.002934499820104,0.7184303458585778,0
0.5963151149470673,0.46125450526629075,0.18743378069190197,0.35725336809297203,0.38008021905451306,0.7561154013339098,0.7972862383923174,0.21377766440226265,0.8127772577485157,0.2224348626052475,3
0.8608184543128854,0.04372273922924423,0.6880325642334731,0.9664379520059003,0.45618975790602234,0.18347642423353838,0.723055025223386,0.14366045324397678,0.7252152436788686,0.9667887143272507,0
0.6117529877803357,0.7140683146350348,0.8717111230995126,0.8357173632553918,0.06205877889003841,1.0391929768432333,0.5389911170393429,0.811401002938109,0.9215546371207687,0.463393046759594,3
0.9469377351327021,0.6561191091009729,0.25686639668195116,0.9597067490181191,0.9902093969706478,0.9184164498543019,0.8087671114469412,0.6893292116114423,0.6173240096296344,0.5695805758266297,3
0.26567480938843974,0.35607839784261763,0.578753726349811,0.38593131279479,0.17241030323187656,0.7318063851783665,0.4936610681975684,0.5214967325889523,0.6752533728877466,0.9897818665233935,2
0.6021242036553344,0.4290874689986912,0.8235543762842782,0.7137341111706667,0.8555603901754186,0.6634110404650909,0.3149777002979883,0.23433036441751873,0.6885898460050863,0.914099498375831,0
0.5376972679224488,0.059350829192036894,0.4417524042443495,0.04610035453145076,0.29346961826287016,0.8861390936623831,0.9576349317942795,0.010422432640455373,0.48827819708564146,0.8241605471721863,2
0.4972346638746251,0.10844943568084768,0.5250537901222672,0.008433500672502037,0.38221027936575663,0.7888070646812376,0.8471798793293728,-0.1479102400709899,0.6892869762162518,1.0141699446724535,2
0.265205138285601,0.3564842246166314,0.5788881983633489,0.3870607806352639,0.17208448431731205,0.7311291761719988,0.49455021526993714,0.5225348263032216,0.6762669009659886,0.989370409042228,2
0.5074026452050113,0.29506194952129944,0.5193244433163116,0.3444043429789876,0.34659154947598475,0.3492642979316151,0.7154782246576471,0.03707470156791287,0.4492425516213087,0.23380696079625785,2
-0.11701143736771993,0.036216414955163756,0.8566509019998082,0.9527840500778602,0.5985660663972026,-0.1074371913850975,0.6532757729222578,0.4154322382218797,0.3134483869834621,0.019059079133518425,1
0.2878559256639516,0.4900509765044391,0.22124534605979354,0.003708588069201768,0.2944761747104349,0.5289332316246375,0.23854602612227668,0.34087694293486687,0.7220868948188677,0.44675266591885454,2
0.014115924980107119,0.08434801754929142,0.678730935835411,0.8925553013551889,0.8040334521698522,0.3293679076017485,0.3987729316564972,0.15684737915046587,0.588915316619658,0.641208422126262,1
0.8204541489785098,0.6623518950440392,0.48513556086980564,1.3071264009534815,-0.2855552943068312,0.4145979331395167,0.03009942627026929,0.5833747473476029,0.7316913068641387,1.2699121436033447,3
0.20896136484238792,0.5260240914094968,0.23354452811225881,0.7447974324750718,0.2935325114570691,0.5783973898567184,0.11844531707251263,0.35985034498969476,0.9579210727445253,0.6898194772899212,0
0.6296568082826062,0.7637655218724563,0.5656887067352984,0.29306741527159214,0.8019709567914037,0.8577703341584928,0.5580923221347744,0.29310298262932877,0.2799840894241691,0.39627774226009793,3
0.262417695548237,0.3556539885249842,0.5819666558262137,0.3906487727019608,0.17532437242388205,0.735032694536591,0.492651541787189,0.5232962141719845,0.6771918416017703,0.9900349610819005,2
0.19628875195179832,0.7905801574637035,0.18478426955595365,0.4306892327897426,1.0244686508732594,0.5324326657283052,0.5165424913090312,0.7746779773909321,0.8408133775783071,0.7705407639257669,1
0.6014597050105353,0.5146646920530971,0.17782543820585525,0.3186379604051198,0.40665576180853846,0.791031165846479,0.8058587524611867,0.25446232629980814,0.8845716111247774,0.1995335765092175,3
0.8799438262404478,0.8619002464268336,0.7855966320998367,0.6254969276095792,0.8632308929977742,0.01196387285675189,0.48786490254411735,0.6594281463492327,0.8733586409199289,0.6767755529199033,2
0.060314811153223846,0.1468143325668413,1.0619931425359694,0.6329954424254256,0.8994503166173421,-0.10101947958814367,0.4716311449053607,0.5796720002205202,0.3257622769113559,0.35856778399241707,1
0.2652994160108935,0.35620360899465686,0.5789448938572838,0.387159915906144,0.17204553774959339,0.7312706183733295,0.4945664210781834,0.5226903153500081,0.6761395914381823,0.9892307714983127,2
0.1886831484769676,0.13952127139106962,0.3103907010527431,0.35377348200155717,0.3757974139688665,0.5989590061120342,0.31756519121106763,0.7151815808200478,0.783312165357497,0.2854827041460976,2
0.2377749132888696,-0.021294194040923378,0.29340602404081884,-0.045334783259054684,0.31317491308735046,0.6753403086464249,0.8295951948782344,-0.30723777714606215,0.7065211398964938,1.0201432605581442,2
0.5338067079189234,0.9854404093497492,0.338663177729465,1.0889735169349168,0.11421024693483081,0.6509509239834269,-0.24516240833953729,0.2772512456404657,0.9659142271462755,-0.010586684983548901,0
0.21475541202593887,0.5768084508349597,0.084060105544112,0.695270919957659,0.2543486078408591,0.6150044470330526,0.16129379691469806,0.32696936201298443,0.963615665079851,0.8123769794376412,0
0.3161055555503749,0.5556594550077093,0.9683293163128596,0.06242231302616567,0.7482664762709375,0.5712263959271283,0.05253765860373231,0.4455385939335197,0.211724187647492,0.41455801758354166,1
0.38214869629818815,0.18858175955173131,0.14725813198695625,0.334407624033816,0.5198510041834008,0.58635964129871,0.3938297448324786,0.7914623566142505,0.8898835583844615,0.2519220675032735,2
0.10953287368346656,0.7249816958883439,0.38494282530556767,-0.024620349936547686,0.13641588998529497,0.668476300709857,0.4430127273427356,0.3129420255780838,0.6589458475178382,0.39128462366942596,2
0.42314229646305945,0.8192232127501187,0.685992410183736,0.2637361814023358,0.5970467270369879,0.014583352138023399,0.25059155089745794,0.8260461230580772,0.4071489857466231,0.8363263398514359,0
0.30033851458666294,0.24525365160797907,0.19229558134937852,0.28047256600520976,0.507309816484266,0.534844016654924,0.4037127225013139,0.7484433382799671,0.8955054293164625,0.22286983875320338,2
0.7233859887698539,0.1893372356651135,0.8286774890719311,0.33576123561456483,0.4189083497929287,0.8911588138421809,0.6753417122079313,0.0543173277090222,0.38706737541149416,0.6852265432112417,2
0.21414972553402106,-0.083702793220947,0.2226807100513662,-0.030940536457915627,-0.021066829183575775,0.7625011461797401,0.5129743536699345,-0.1760790428171988,0.46938222723232953,1.0381258610481048,2
0.1963293798863548,0.22343966250106875,0.35834491913746175,0.04521078099003281,0.5287208236123256,0.8309579983944212,0.0006365478745423148,1.0077776302317456,0.8217838859702752,0.9945294027021896,3
0.6272411819381878,1.1079615339332336,0.7830760816281404,0.37647566779233993,0.503965826232618,0.019820942706129722,0.3110713071007629,0.5966652842605042,0.356972594454106,0.6724722097690139,0
-0.010218573604316675,-0.10467824270838991,0.6134225232061302,0.8305377475538277,0.821901996543175,0.4135702029205913,0.2589493003238741,0.07136481819075671,0.7734529912091177,0.7629725868392251,1
-0.0794881474023625,0.06630411999923877,0.6694751349332153,1.0204444395535879,0.7590436191398885,0.2080921251379106,0.4458502156313014,0.11247186587421466,0.6916256362765738,0.5540772438213646,1
0.3889202629381209,0.6868211829884265,0.9564059681026988,-0.21509602315448456,0.8003133517141973,0.5381356575789267,0.20084284425212479,0.29706477818173277,0.09869592907982622,0.109306059468401,1
0.23776657293219167,0.9685225713377198,0.42697019516132817,0.38916504959795917,0.6403267320126775,-0.07889618491325909,0.22697278246592922,0.6322990150993087,0.30499496719350516,0.7037872979529924,0
0.42045815603321984,0.7585300490597786,0.4179803424315905,0.6974766275784052,1.129869962158126,0.574611101696008,1.0289873136410541,0.07458140999218021,0.002724907077087016,0.2052313866592228,1
0.34377253447214884,0.283393160443586,0.32340929145077557,0.8693616712501323,0.2927264238620934,0.3034039110549599,0.038648236783682934,0.19124748251784635,0.8321408202911923,0.907271467985297,1
0.274687740474817,0.3875467162141492,0.2502551097450779,0.6095495147040089,0.5712412329758373,0.8573334349019996,0.24103053854002277,0.08821725180034737,0.5196108818376972,0.4499365921709086,1
0.2640062221552175,0.35745415718390966,0.5778788230180969,0.3856168666609948,0.17392950079704747,0.731105689813062,0.49456725905791477,0.5240552688458907,0.6765398104081364,0.9903869529040159,2
0.3349172197251842,0.27896339570774975,0.32763749330132536,0.8805014040101836,0.2708705741420153,0.269786425481857,0.06109258430655823,0.24971962305494516,0.8471883826144172,0.8927226113132732,1
0.16918057927840502,0.20434103867829842,0.26471555502800903,-0.0013655113303598018,0.7415929540355244,0.3626300315731704,0.30084757201197593,0.7582376331214941,0.019830457322401105,0.5415992556002706,1
0.20147179482176922,0.1876329205935284,0.2789600847198785,0.3070434351392229,0.41518490880196685,0.5743778245251456,0.2993591771115185,0.7557559915167954,0.7836051005141987,0.30703385162493313,2
-0.00503779431728605,0.1549984632457984,0.4230743856855573,0.13110193037904844,0.7971216573688006,0.564853254268928,0.19264070526604693,0.059746939724124315,0.22101185381909533,0.4174575569462288,3
0.27129745892031076,0.20744023169538722,0.5326964598381927,-0.13456986462101167,0.42372996998311796,0.5964368205025143,1.1562426749306147,-0.11372853817457179,0.7236877965564459,0.9388107960589424,2
0.2622983549420478,0.35454437603110983,0.5811749535026044,0.3875514547163528,0.1728193451900532,0.7316248951111225,0.49350987633085064,0.5197795495427059,0.6758729088576102,0.9868626860659724,2
-0.2286541828823078,0.5977996392258572,0.07373785736616079,1.2624913289109474,0.18519496073587205,-0.1533348657733296,0.2845069065095852,0.8202395288237456,1.1327578547249655,0.528749574569424,1
1.3171194960824062,0.5071630523569925,0.30394307715980395,-0.2816090566891494,0.631317984554677,0.6792049635033182,0.8650769317809506,0.2992199561474289,0.5058532398675804,1.191945010369045,1
0.32188612524951843,0.6938445260378958,0.23635411088137748,0.7398924234943923,0.6041435891686096,0.07867231196406865,0.7064185684565842,0.8145365618804686,0.780029187197196,0.18731244927337257,1
0.41900142109631644,0.8629106519068809,0.5844754455179082,0.18698967220885498,0.7114523814378052,-0.06217373374006524,0.275915078596576,0.7904043371615299,0.21234392194723672,0.7363717459359128,0
0.25164948187189407,0.34631019873829527,0.27782106701485704,0.6197080721659662,0.6053552906112237,0.8275311967258937,0.2586298883433808,0.10160871613149196,0.48733624027920813,0.45531671308442495,1
0.6463980016226437,0.7038593351733168,0.890653020668382,0.787153051894782,0.10059754506867746,1.0411101298130345,0.49536664944503267,0.7564804419540841,0.8807201842804427,0.4331496504270824,3
0.36979059875014975,0.6467394018126689,0.14689166515735386,0.16885799956712172,0.7909474582527107,1.175687610905741,-0.0206150983418924,1.0629048913580226,0.5697902933646251,0.5305858697495568,3
0.4377101294887242,0.4404905946751081,0.7407977736223985,0.4101561821135512,0.8216971456605862,0.3616494441596019,0.8417410616496894,0.37048579864003717,0.3882132318689171,0.6552301971474749,0
0.7728608023527122,0.8021213903127381,0.7649588718806185,0.6665482604304058,0.05117587764601839,0.8611127630686214,0.3659004998311286,0.686656496640234,1.0705259566575227,0.47267231254933084,3
0.5748598937856008,0.4393439971395408,0.16395806918982667,0.3569772850098253,0.3704661984305684,0.7451370145995327,0.7915780320942702,0.24828504683359068,0.8117009305816465,0.2393414689061133,3
0.2668964179819121,-0.38784297115331623,0.3218917192394575,-0.10710785626114583,0.6018683163619102,0.9165184822658055,0.7099157977320918,0.13113077402516943,1.0317707152793292,0.9905279434369016,2
0.18890781930749861,0.38055857267061877,1.058515993769822,0.15250331687539487,0.5688188052924624,0.26799743654749786,0.17463812236923684,0.4626211787498785,0.3516259415224447,0.8326241744991152,2
0.5304824746670382,0.88510095426078,0.19379510399597855,0.16610586054518284,0.9990332218737976,0.739696718763094,0.4038672926647579,0.864528256608494,0.8829542774874473,0.9044664214593582,1
-0.09084981104988593,0.9063646043503224,0.17366356322381368,0.12731912315067104,0.7493573635543518,0.2358985724191609,0.9955866631896192,0.7236045709105695,-0.025451470003716475,0.7887342187450286,0
0.6765845964864828,0.42268067600678827,0.8361939760967252,0.715304660022864,1.3171813878441885,0.6831260093858762,0.5009314388929829,-0.3856203747284874,0.49168603453303394,0.264328409821901,1
0.9302391256892669,0.6390459361681085,0.262749224948868,0.970991749426628,0.9920870373828404,0.8803852692085463,0.8186530333501884,0.6489581623114767,0.6562634103564907,0.5845916670205942,3
0.3375813124187833,0.41366727904732287,0.062186600048981466,0.43691015450874493,0.810785032991802,1.161652903915462,0.6704883313537001,0.2824830626570771,0.458577658923104,0.1376247366981297,3
0.3062809964568646,1.1553724452212761,0.8122667979300661,0.3910962007968588,0.9450418124198028,0.40983684864130443,0.6245549897977447,0.10849893915700781,0.5002765048083568,1.4558804250139081,1
0.042796886857643254,0.8328417979234425,0.2694230664035514,0.7928890147175484,0.7684336478376975,0.8267533088676918,0.5493020846071663,0.11155448849738972,0.7831059620372489,0.5027797395506476,1
0.5330371828849905,0.2846043122073102,1.0679217529448601,0.44549390745668743,0.8698564367723947,0.580977575695755,0.05163762975707287,0.9489798696390301,0.6994525218297862,0.6320265857609526,0
0.1637605943677128,0.6768982929585482,0.24484836080198374,0.14553262273984865,0.22755881742321854,0.6482933587972939,0.39664594983316376,0.4184895998459987,0.5149922950524951,0.4991816311392383,2
0.5825830434409226,1.0331683188486185,0.3543782540064716,0.7792126274092247,0.8655261242155432,0.5509520671892999,0.7403241092362567,-0.10773265793272231,0.05048526162047125,0.3366441578828581,1
0.3109111130376813,0.27518358546991495,0.25706958218642056,0.870654624051038,0.3608523255192215,0.06982458696687222,0.9606268979094574,0.4178171969956259,0.07859815833371661,0.28498407622386,1
0.306719302325516,0.18824829719850267,0.7118390790992326,0.39092222843188645,0.4045818155007039,0.7795913286374878,-0.17420111794961568,0.34346591612373667,0.6293072029629267,0.8905393680326019,3
0.2389726208711741,0.43562562364602764,0.2528903509940163,0.38536229911395775,0.2686290136210288,0.8843391218706578,0.38104324987506244,-0.28050371399510243,0.16397148817427076,0.14762096713698253,2
0.641995181122512,1.6158653156477454,0.5428641788898189,0.09673902106667585,1.316486561871776,0.1994086336758475,1.5371497546782509,0.5797334328019291,0.09421788345808392,0.2463010108643776,0
0.7568641444358204,0.6148676640277841,0.811851117303657,0.6104375421043292,0.6730202176621745,0.4203424554102776,0.6929573281091606,0.10631127672869549,0.8949702973522373,0.27025157885982015,2
0.2171830695738675,0.2510029585922769,0.3395087296202342,0.31196709610646417,0.395344920430822,0.5247952671987651,0.3099588219367674,0.8024889245156094,0.7893410332390952,0.3004718029851022,2
0.31281966006444034,0.379288741704839,0.20817672154929717,0.7274437855041037,0.4609714604844269,0.0053605202757774015,0.964745388950492,0.39039010606022373,0.10491807680556034,0.3060126871374839,1
0.5984055235175301,0.7259219311143839,1.0532367942091285,0.8624036620114028,0.17615338145346535,0.9657043102318054,0.41496937682873847,0.7573856776803576,1.0029459290249367,0.25532452872826616,3
0.3817807608921694,0.19293569240655595,0.38905956274223236,0.709802077502099,0.40061271298003764,0.0038898282935506,0.8301593439877852,0.46895916031546514,0.15198349964843583,0.4071949228022632,1
0.955242144160896,0.6054597590149449,0.2325315219778802,1.0085060762012426,1.0248089258666664,0.8594741595372627,0.8261445313787957,0.6862730916560519,0.6102764258382077,0.530309831472878,3
0.5302914415810397,0.8834198796960814,0.41568243615807265,0.7184044647718452,0.997326782068298,0.5527841830553128,0.9575118978070097,-0.010275436733574984,0.0621205854621821,0.22423959371699392,1
0.5673109203325366,0.7167807940005765,0.2262053376473671,0.7069261913030476,0.3986035593200568,0.3116797286990069,0.8185678619567833,1.1298616958203742,0.5799471986425556,0.6249045539902724,3
0.11467574718695038,0.5907849658182723,0.24875698664614845,0.6287768159210292,0.37357060086816896,0.6204107301473196,0.0771411308814088,0.3685315254285806,0.9720279331177891,0.6398198243871005,0
0.1632849932269959,0.6956379812125385,-0.14160538995225283,0.425863190467133,0.8030578636428342,0.6577950891115286,-0.28522573639002047,0.9588089933663504,0.17237108020965186,0.14531174102355457,2
0.03043661383282174,0.9090863980113157,0.32607058245889015,0.7317942442280474,0.6740177118407664,0.8524423816543165,0.5961107568566716,0.16943530483407238,0.7222353310239994,0.4827911137617537,1
0.9243853306036727,0.3042441034250559,0.6989183021805411,1.1043096815373898,0.29767389419383106,0.02455877755261232,0.6420944585635602,0.334959320757077,0.7241290218687718,0.9279950716155658,0
-0.09873833699370156,0.38117463339691543,1.0829059554323437,0.7420359860505681,0.705464866322636,0.5379285586471032,0.4475492445343154,0.07880551875231796,0.559507023200362,0.7181248996614888,1
0.13566644377625486,0.3086050723458247,-0.046909205157915745,0.07169753222084735,0.8920847483104807,0.33234937481669025,0.32354393866874215,0.9584725206276199,0.1666017942969387,0.6756112261687981,1
0.7705514308282108,0.6973504405320933,0.5984589399590485,0.11600699094375932,0.6568463612952096,0.8426182318441635,0.8226238602315669,0.7853359491108008,0.0399069866544792,0.7958204880178934,1
0.11603074258834399,-0.026013336630187345,0.5797133867024151,0.7830396209952345,0.06640861502647336,0.3803809942116091,-0.3335333369911479,0.4454353982536016,0.50858329095183,0.25659855107999924,0
0.23421820706632943,0.994575220474227,-0.13451797054598924,0.1574388124346809,0.3691754494916617,1.0764141635988236,0.2791072321129826,0.9884149304783179,0.555213839270702,0.4260834427399227,2
0.14697807395584614,0.6779068450362524,0.709727317532416,-0.0963935419500607,0.7809499826345905,0.337725557443808,-0.05414739412585701,0.6019432619526746,0.01707863881561872,0.8011397078099158,2
0.2652965152360397,0.3573070405915469,0.5777457550409175,0.38585724780864966,0.1727639548671911,0.7321860323909248,0.4938910103022281,0.5219645165222324,0.6765129386303294,0.9896657368120743,2
0.31840596953271594,1.0154608017817626,0.5633281359781833,0.15993611635289567,0.5930863796802515,0.09404048489336188,0.18694330755957805,0.6738583160159242,0.3554054970324044,0.7727097841707217,0
0.9312626238720862,0.6516668242657693,0.2624834929234039,0.9720247761486042,1.000307422150389,0.896042140367534,0.8317801566272462,0.6609425799535215,0.6469621722594054,0.564764902160537,3
0.824266186513301,0.8600093668838106,0.9018045448043226,-0.18169972176723365,0.9159500429009875,0.679249733045487,1.2155435395764163,0.638624061338862,0.1506160141263554,1.2349895559011697,1
1.077469948855911,0.9696677529936479,0.15569056661133257,0.09082308371461972,0.844257800893444,0.39041272892117573,1.0065951067197794,0.6705580822361986,0.47376634278295326,0.6572835090288675,1
0.3586452668283816,1.5690118577993042,-0.18612456527239485,-0.22942211096898407,1.5897490368684961,0.9563291094226003,1.3023933942523838,0.5394717017277301,0.34902822293272856,1.2804742621108738,1
0.146617967164879,0.19010101399826937,0.06338819883765742,0.039196774990757785,0.9330924160352362,0.5733911114511037,0.34953084492759434,0.6928628353224556,-0.020817842225712382,0.33167351885623675,1
0.22116261093485312,0.7119721312295507,0.7563057421984669,0.22841149055707569,0.6768326935841017,-0.08939122721398868,0.13274251151329527,0.6055913971499771,0.22119053657600918,0.88447624096864,0
0.049034150545206524,0.07908606524252479,0.9845932471180855,0.7730395021087123,1.0077218031294968,0.2346907956933185,0.5878935408219439,0.7910369707440484,0.18281565047643397,0.41835134620660375,1
0.34379881801058554,0.4274646591085993,0.2772524597296405,0.633085212197277,0.6029463158366856,0.9122371586315356,0.20712869805030948,0.0559323962462259,0.5398065701890138,0.4135699070578644,1
0.5734776706897469,0.15361044810461902,0.4737923694864596,-0.011295634195107027,0.3206512851748787,0.8357694091361482,1.0025476856128601,0.10373019675670933,0.6009694295195419,1.0351930676390466,2
0.606431851000097,0.5669713516671278,0.3599257611680366,0.16518301804673483,0.48670664670842656,0.5426738616272632,0.6301859995955754,0.06809917263847728,0.40828122332880545,0.46112794334562235,2
0.1742108198595278,0.24732158456928577,0.1889858415689296,0.004183221927316478,0.8190265614712375,0.4567838920093211,0.2694012394659511,0.8033865200291954,0.04057895703321804,0.47020993485060397,1
0.23152761741770883,0.5983679146591476,0.525535347118052,0.24020310537966377,0.576252331396329,0.9546802776516261,0.34963573214054555,0.635612201437391,0.9176438764244595,0.8646965237698566,3
-0.19256344623133237,0.07250375669966216,0.7458487809280796,0.7836397242318096,0.6041529425181711,-0.2479031744737255,1.0342025197985913,0.3727903367476818,0.5571767657040066,-0.08447514749758572,1
0.05465340066711344,0.9944529902836153,1.6068407758434704,-0.1602347673080651,0.2621939287600561,-0.001625309320977708,0.023382176506654445,-0.07061619015905152,-0.1506192729699043,0.7808245558770686,2
0.4936875311691852,-0.3147145372786587,1.0084673347451747,0.5838652803526185,-0.21998323247321488,0.5178815252535276,1.0646558671533761,0.5339245902867462,0.719344923818637,0.7675499409740068,2
0.31947003985021943,0.26071561352620665,0.2230442399219929,0.860089943616762,0.34924699246635543,0.12148341845911041,0.8424228360650394,0.44238531241103707,-0.009047967991391764,0.2237176323174715,1
0.6218005035644658,0.7856610888396747,0.804768891260901,1.0193734426158578,-0.04819464633673207,0.06586488786396405,0.07372154132717677,0.592712700764772,0.9229331666309439,0.9776584206147169,3
0.16494985503299925,0.29426832846903067,0.3216227399793443,0.40174355346745344,0.8155526045030707,0.7047379544724959,0.13345179578216346,0.887860514030353,0.4411695557791045,0.7161262482638492,2
0.93360979210155,0.569534417197988,0.30425181343997676,1.0421068197586532,0.9323435748047555,1.0272748125951712,0.680726090648177,0.6253458703187229,0.7574861831599807,0.6009194988879342,3
0.46027029970497396,0.5056223395182653,0.4706397881106166,0.10660830990059546,-0.3392225530112065,0.7263753021764638,0.8633025036743168,0.08901172038745347,1.0241362213405867,1.4019359356835963,2
0.7303315492318847,0.6404159725339376,0.8084055016757514,0.680758948899832,0.6599640256758266,0.6353930528748752,0.24206837196281897,0.9534561528944262,1.0697085572783587,0.42745557768729225,0
1.3144304659456165,1.1496815233970707,0.6745763532768073,-0.00024288762046387885,0.5855061911514929,0.6564814132600616,1.282993473670222,0.3405759451301624,0.44746282555083916,1.1685206675051116,1
0.23733165322324246,0.5765242009067151,0.34172536853106694,0.13126081267706985,0.06797287318771594,0.7127724942703286,0.9332276963037367,0.1383356448969938,0.23882270207830225,1.40130953248671,1
0.8481296557417564,0.5891783461586765,1.1988351205523151,0.57215313990851,1.1091775068010563,0.32018053982320394,0.3935195825432915,1.1158131945731669,0.616234595867457,0.46309157788659855,0
0.8641931408060016,0.945846093771965,0.6208790637182989,0.6478842105984437,0.8375510867822191,-0.037087188875804096,0.4797017018302807,0.8580154537517632,0.9302032501859352,0.6626057246762577,2
0.27111612352842107,0.3601376789613087,0.5704222222013313,0.3883643597568982,0.16937329187047742,0.7336676727958288,0.49123361263433013,0.5267744897133046,0.6798852855578148,0.9947490040175111,2
0.12563685474109954,-0.7090139432819016,0.5345186989134864,0.5994114116480435,0.7161723042373773,-0.0782630172981667,-0.4189671518854765,-0.16826797694010986,1.012143516029823,1.2748274642020898,1
0.4115189211188143,-0.008669680993252452,0.4794551766110435,0.9400592324358118,0.8039985800359823,0.781388480715748,0.39990393740262653,0.9760051535370767,0.269716201690973,0.32983641140231723,2
0.30743729095734307,0.5142113692665244,0.927185928488825,0.11996824926946781,0.6704546204786983,0.467227089496498,0.06344042132283903,0.5733425290130076,0.15321822277547348,0.325595561599041,1
0.23156582136789503,0.5539336586919293,0.17035954952789445,0.6262371355165669,0.2681021400276632,0.569649700204196,0.08751863176764323,0.24335582965789815,0.9213378373298758,0.6789354706051727,0
0.34791435821146066,0.4867739755898325,0.15759856089439644,-0.0772712691021448,0.5580260182637666,-0.004786861667783152,0.3195250283816819,0.32236674324595915,0.7176065723230969,0.7271029323544106,0
0.1272429734761728,0.9705072510764119,0.4382784376541991,0.5899875845185432,0.6170811624306874,0.2634762869669365,0.30784900859327563,0.25865756427335024,-0.0681598242392577,0.5235897858704909,2
0.9143836326592983,0.7367295031591576,0.5342699018838901,-0.24739359578195685,1.1054531501826026,0.4386193597336606,0.9835499495825186,0.68483844272758,0.3845520595707757,0.7558737556981128,1
-0.03176088283119734,0.19863921109784005,0.44420085161376044,0.15569919086145284,0.7426616373980139,0.506551171283105,0.15988436906733225,0.07883264797950824,0.2586029933677774,0.41627678526116924,3
0.10805092899440123,0.479246607125734,0.5924200076374471,0.29761924259934247,0.4517845204912597,0.7858034955569625,0.3783214611884329,0.6082195687447475,0.6664601963062119,1.019443006200567,3
0.49042878587496086,0.7275885016974369,0.7460848570948253,0.9226900332240896,0.10182158704573432,0.44315018906389364,0.2251740660792662,0.596996072796839,0.712556816798339,-0.0014391561862271834,0
1.0198406076035083,0.560033164841514,0.2224539781728416,0.9765622348544418,1.0595987756713983,0.8339030969844806,0.8323132629057568,0.6287028651484805,0.7371551638754126,0.5214018651006944,3
0.7563117245662005,0.849659335835579,0.6027229644499768,0.08956481387916833,1.0250167232055665,0.6138380434687611,1.1240777906715291,0.5118145642098572,0.35904273768177863,0.9910235436293903,1
0.6186434070042471,0.7724863201130664,0.6042086235721409,0.2978177874878102,0.8080308592352933,0.8342558981543948,0.5251466768118946,0.30074218965881694,0.23159564619103282,0.371302969726958,3
0.6671994702243208,0.11596076224380537,0.7673654482768648,0.9278441933313193,0.48295377530199807,0.2718838218778662,-0.06142288003368934,0.6481261181778298,0.5535559472560638,0.37693615171319633,1
0.7571188163686482,0.7840002148589497,0.40447509573789836,0.11939351303416844,0.3446130633074518,0.39895413200477037,0.4286762592375095,0.0847522986596852,0.588731251575199,0.29039009544718253,2
0.37361635021987516,0.2894782466122229,0.061615050012917956,0.600256910740723,0.2236660625401468,0.5569394565507577,0.4831923636746516,0.6698216276711889,0.4006661684434549,0.21385713684099988,2
1.0444476421328892,0.9687942978486667,0.7330536435514254,-0.08123621742530274,0.7344263354158581,0.5152037385092274,0.9660408264847926,0.7548731485499747,0.2167325029779524,1.0472149897363134,1
0.9283096534956063,0.9397054009736799,0.8435005138738234,0.6322248726375069,0.7845887803752825,0.05136328448549604,0.5537679034930606,0.6650489774839611,0.9460806927412948,0.6038530890463689,2
0.20408778543749068,0.032186406929056555,0.8707196730534839,0.4164803487398524,0.9089679194038338,-0.08929857011628439,0.3890129911145951,0.34218140460523105,0.015264885595311417,-0.02752896929339793,1
-0.045239489179480646,0.08672749139882055,0.7250387984057021,0.8276841466125602,0.7812945099332794,-0.09146649661082008,0.6583092182107205,0.6108309269462787,0.3754028038311928,0.31575663429537504,1
0.38105555344688075,0.90812362757504,0.6634269127454857,0.2349913833395547,0.7068623662000801,0.12030536770059708,0.12094200110314014,0.8459692877247847,0.2202830723763884,0.7180554444019086,0
0.43602457109557563,0.6609472183710563,0.3834516683262813,0.24934038626868235,0.5066631381322033,0.3960914925453208,0.27119018465016126,0.2449572954715085,0.24501254391947472,1.0383928745472926,3
0.6618344836397175,1.105910633167931,1.1494445052458113,0.7399019214075446,0.37284022981778037,0.6817813831349786,0.07589852799275543,0.980883543788127,0.8282676937663238,0.5443455653188776,3
0.6128361332396797,0.7755502581051674,0.5677841625028411,0.2953116883757853,0.7919901233867396,0.8742377914322251,0.5658084523325104,0.2985318594201158,0.264721706431496,0.3791672076832786,3
0.39703992972404223,0.6967650996651933,0.10469449691488164,0.08080846782982147,0.13912754039212544,0.7073973482844114,0.3987291705030167,0.4826588610345253,0.3981873198651268,0.7308146725254421,2
0.2844107604598204,0.5160597825706741,0.7112332917532578,1.0162966463010747,1.3528790378419098,1.1402463555334088,0.47243240568747297,0.5614958976224518,1.432073614251986,0.5863086909249369,0
0.9525289835124434,0.6650753871688211,0.2586889481139774,0.9842121995502038,0.9712279130221482,0.891286846474207,0.8165154407217209,0.6925509752623658,0.6114939758293271,0.5510029459226995,3
1.0167338705535578,0.7356421494157289,0.8539056301328228,0.012183077098319534,1.1046871840025965,0.6616274794406262,1.0445397303106756,0.4923898933559424,0.08870753864516315,0.9744227610090673,1
0.2649788272372271,0.3575270269649829,0.58016275415316,0.3874901894799836,0.17252845369645123,0.7326485865284716,0.49401313110588096,0.5229361836056973,0.6750412145582547,0.9879865619316867,2
1.033178382499599,0.6700042006791002,0.8267303557019787,-0.17916151485441767,0.6136507824590676,0.9024854935575121,1.1627384800078542,0.8658386339127332,0.477678849688807,0.7258058803959018,1
0.26259837260447594,0.20128794319289417,0.2479457293384813,0.2544166775853529,0.460911447433207,0.5583965285754182,0.31060489414387693,0.7690322659981407,0.762673761954934,0.28779468071982456,2
0.00699772070712295,0.060628518800633385,0.6534381419225992,0.9149930476658622,0.8283899691303508,0.30099211738625176,0.3651066865159837,0.17889957616862245,0.6164970000901082,0.6117858253976959,1
0.03125416090954542,-0.00431312529676825,0.9932908975189533,0.6932648715091911,0.9085657582017121,0.06324117487945571,0.7098741805212085,0.5900743459943163,0.40161523881843114,0.281629992789201,1
0.553275476277332,0.8558511472711015,0.4269979907699539,0.7560589702517629,1.0374677869100215,0.5453711314164565,0.9162249055185692,0.049863156589068695,0.024325343805500506,0.17023987726014697,1
0.1650792753659136,0.4140523989445696,0.8458892703710967,0.6327918335697207,0.8122761985566247,1.3253262533383636,1.0809775558634256,1.4714791219993995,0.30118083396049505,0.5325911189150266,2
0.3345807447146128,0.29780976560427874,0.31782258499522137,0.9262074203686532,0.24602536481173584,0.31354829044762556,0.021287999896173873,0.1739897665916152,0.8064321281502566,0.841447088445914,1
0.2652675125356957,0.35647533527500186,0.5787337620943495,0.3869308039219267,0.1721459014688,0.7310169867132559,0.49470988130594773,0.5224631757376406,0.6763695961323889,0.9895092864069456,2
0.5808616401970487,0.4398453607866003,0.17303719971286022,0.36761464719213316,0.37041735448111834,0.7298450191247092,0.7943496495925606,0.23406430784500323,0.816921705431673,0.2572978460311983,3
0.17213936454739304,0.8658369646315485,0.3020316420783622,0.19032523549530128,0.9043937770306938,0.5920707963673139,0.9139084992354097,0.49119414239698694,0.27601290734618705,0.5075109782560973,0
0.7804533270323669,0.7266459606874907,0.4021605660931019,0.11785778579358455,0.3849297669421062,0.4287665895406461,0.4811891472286325,0.10980472534832972,0.5392175236575331,0.23066655409916015,2
0.3095011955971047,0.38722283234625066,0.2825504261466645,0.6233669759191908,0.5783658207717767,0.889301871148827,0.25148662042962844,0.12875826707012492,0.5120282834979205,0.4388877288419303,1
0.9339447276859915,0.649227598549019,0.2684639257662346,0.9797369139189871,0.9900121158030576,0.9015047367317394,0.8216820599467036,0.6717949714798769,0.6387918977392762,0.5482823563486564,3
0.5444722311140114,0.45213007907780467,0.20804005647308044,0.3683757599501659,0.38846769596022956,0.7295936721477683,0.7635727693885008,0.2699770094821829,0.7848040279192157,0.2663470513148506,3
0.09753753531099874,0.33311977810327587,0.9686115467026232,0.06147301070052029,0.6275360630852717,0.29352518846462083,0.22326709364853461,0.4316712862377685,0.3180317236010136,0.9433821624147588,2
0.5053907255457037,0.09764042511221578,0.8483937364925768,0.17262392386020614,0.057581448855368304,0.017267449072108185,0.6148817327397585,0.6842732738067454,0.3390185553839239,0.7602937720248557,2
1.0789115563551865,1.016731916244091,0.1728587493431111,0.2762681776221967,0.7111807960082038,0.4668838422522551,0.7740442213116505,0.41499703490653106,0.7589237824544532,0.341020867270487,1
0.9480973656239065,0.7541211551401585,0.23444904450478052,0.8922418150375091,0.9332262628472227,0.8459268420706418,0.8694440536495763,0.7852704612135033,0.7170412080206024,0.6179553927011169,3
0.4483351654218337,0.0818250969067141,0.8417676587565366,0.1846444488807188,0.08015239655353401,0.06259725002263145,0.571578784143146,0.6323022396605108,0.3235075837561183,0.7545032271500614,2
0.6900234319915964,1.0012993510693606,1.1603834159926165,0.5641065505963797,0.2579467590856794,0.027003922371003786,0.20707068801258935,0.17207927926280775,0.9840878601320853,0.5963895980005331,3
0.576934861190839,0.4435562497029253,0.15710554350788636,0.3558745816035987,0.3724841442311841,0.7539727184363059,0.7946693018621446,0.24219533939786006,0.8326546366007966,0.2482331787079077,3
0.13395461522607133,1.1787353763536912,0.6990888053520188,-0.0645418823267514,0.8541639873067334,0.6328602027491593,0.8008451330102944,0.42788370218131333,0.5979161642441015,0.4344279656441563,0
0.2625320429214887,0.3576039420475277,0.5763329518618557,0.3888007694879794,0.17168466596232976,0.7309375647347448,0.4944835514666333,0.5217996051052916,0.6756743923864779,0.9873622174357529,2
0.47664185643100276,0.0418665087252901,0.4731794946950221,0.07809492596615736,0.21579959582212657,0.7682142734366605,0.95638292705834,-0.007170444886622156,0.5676458064627757,0.9384046529522457,2
0.19165001575192178,0.536477540206842,0.20484872957814515,0.6978685992241773,0.32267367730411073,0.6188958926151445,0.10350206534889785,0.3417134077998696,0.9851581913196673,0.6870161954608667,0
0.9318426121275134,0.6456707954765849,0.2717583741405043,0.9668172912447732,1.001284538273886,0.918148738548867,0.8100055335749555,0.657871123482185,0.6421851288029223,0.5437720259279838,3
0.4622028189909386,-0.05660712568093751,0.2078203271125082,0.1472545924698745,0.11704795998171205,0.6931288174490289,0.7193465378442518,-0.07366603465056631,0.6820196458542783,1.003341502459238,2
0.3530931440918055,0.44843174393401064,0.25303002854496714,0.7331637972620354,0.28503984593872317,0.44415543200649715,-0.07701407891212514,0.454912573137507,1.0158813523917767,0.6278222783609361,0
0.5713451385054052,0.44880626227790266,0.1638422886792649,0.35883082699672203,0.36444652964737306,0.7441658170800648,0.790696473491427,0.23540262273325738,0.8218904742577512,0.24652233478748634,3
0.3099310249531809,0.3523120295631384,0.3250164813115102,0.8440137820815566,0.3190419152291964,0.27024453975311047,0.03961907566726981,0.17741012668036513,0.7854136524318404,0.8709948701507843,1
0.009559760556635684,0.15136222640035668,0.375630183020953,0.13097105249188903,0.7794164829410308,0.5270780998871225,0.15013019198990601,0.07099077479369788,0.2395013299309779,0.39474837467902923,3
0.3209891604773038,0.7964233146308348,1.0751489949064308,-0.08593345003599379,0.6497739332150771,0.5757327254101234,0.30463300554416844,0.6642897481142359,0.401496567521432,0.30681624396616575,1
0.9189712605719204,0.6534012937108307,0.2806222468724396,0.9934678040499645,1.0007469542418101,0.9223793445771856,0.8163725866778888,0.6570214513757493,0.6193517348637255,0.5443914234765541,3
0.2608942411365309,0.47643579815170756,0.2510842878903895,0.7698092143337705,0.36440813316646886,0.6901743088335448,0.218548581830745,0.38337971922351016,0.9665804188820991,0.6175214194575336,0
1.175894339492838,0.9541054030625431,-0.09542649127300384,0.5349521554187573,-0.03491875993334831,0.7658596099870172,0.24410099626773776,-0.35927923894300406,0.7778607992579027,0.0912473256394437,0
0.8844426850081039,0.8087376266930879,0.7659383361078785,0.6698028182274197,0.8393227901562204,-0.007605488619026074,0.426987062265528,0.7373193740091284,0.8711108818891266,0.6363350947053307,2
0.6233863210147885,0.6904088978204939,0.37298873950393086,0.8097090190983615,0.16891823089903385,0.4270649119672338,0.8050851028173598,0.802477800702174,0.798263152650346,0.38559221532914423,3
0.32975365938311624,0.6192321842566761,0.9746236049236845,0.01944276153964022,0.8619095824816969,0.5442033044670169,0.07919445844694764,0.4947538488769042,0.29862351411674337,0.39828134200527465,1
-0.011675303020603243,0.13183588269939253,0.3704345268988186,0.13952987703126113,0.7450054448883505,0.57174682383068,0.19787203980798473,0.05585344313987603,0.20393847953447836,0.385025391848756,3
0.8586368732224612,0.9230058553420192,0.47273218777339965,0.1043057115976651,0.8224983893712153,0.6420779816816268,1.0589499138110046,0.783437454799386,0.1637364023488642,1.0408409599490436,1
0.43485569534807994,0.06984390296407128,0.6867844385020009,0.09491175973093759,0.4955659475366446,1.0392720609384958,0.8500726322863348,0.07788715942497025,0.48976379086198474,0.8574311062937632,2
1.514760875155031,0.531575578525932,0.9704420583721052,-0.2647447153231699,1.3544570948901065,0.35797126310217636,0.4271817265813945,1.1346009645501622,1.9042995024251945,1.4995005649272437,1
0.6903866882001763,0.11424718386857384,0.04489130723348836,0.42913635883888623,0.30754541671493796,0.2968969421852885,0.12140646732166477,0.8966174026485121,0.198544693632425,0.27021578073806496,3
0.7749773724791493,0.6591951800917765,0.13163959230854105,0.3030911267370204,0.6704906270466855,0.5041872457167778,1.0756306979844794,0.49157789399380664,0.6939690337363223,0.4166166494263552,1
0.007412352779852352,0.23352670944381781,0.3938493262906728,0.06389815537226634,0.7419374939335696,0.5307397355655007,0.19522344212634252,0.05456980844069116,0.1462597268501611,0.35296726506805964,3
0.28775623408448514,0.5178948367462723,0.8026826299524182,0.003237767539290358,0.9481141242423365,0.5143652951613347,0.5029149246915805,0.45374642411369687,0.35306530369075306,0.7777878221749387,2
0.2394659704441289,0.6817924480996643,-0.28627583876848106,-0.26800512489526995,0.7403715750831611,0.6297507811814185,0.9339495481943286,-0.09313458282349951,-0.03782697324739315,1.145818026953575,2
0.3795712096387726,0.37616801530663596,0.5197279683701608,0.382991680504871,0.9114545195910346,0.2741355679293882,0.3777187422209227,0.3425610607567495,1.1346811980409361,0.9194031578289511,0
0.07744312176853807,-0.0016723926758712704,0.8814382458478476,-0.12855178787238275,0.15412334452622506,-0.21701810483240816,0.5228023972120573,0.9286149877418924,0.30245048572759625,1.0115595199959122,2
0.5948029202493699,0.8349073439863957,1.0336636613959589,0.8804763598546965,0.15187265925827645,1.0711844144360922,0.37209183610502106,0.8000099422811231,0.9285325970840076,0.48503588132485687,3
0.8282039374167326,0.894232041173568,0.8768058568001089,1.0471226008988563,0.09979081745998411,-0.017094945188672384,0.275463452044334,0.37429883628864447,0.969168106411984,0.8507339451498495,3
0.35551675406059635,0.2389842306902376,0.2099753634512187,0.7578637577735052,0.614737391352666,0.8428885203641417,0.4565258953860244,1.0384866117225724,0.1646025221185636,0.7611470026889885,2
0.20846432235119178,0.19079467364476377,0.1493079939457429,-0.015356498787415379,0.8362275001760202,0.463113089100411,0.2690791341827521,0.8157927504171273,0.03333750389718923,0.44258025176423776,1
0.44612375084640576,0.0015067677665106007,0.5459741189009293,0.13033672750130051,0.34351961361786315,0.7869623913172527,0.8551136415676018,-0.04688120812862939,0.5705486755905838,0.9301183362353009,2
-0.004322593640518006,0.14770930657732628,0.5976281166517887,1.021778713245035,0.830878493105478,0.18656201349563678,0.30441744998556447,0.06941081043166067,0.6474728995843632,0.6320110157470221,1
0.33934505122422604,-0.022013665011864775,0.9478827763382132,0.3936977175542587,0.8590686537917649,0.895736944001986,0.017178782947118054,0.9170152199194129,0.6532734803876273,0.8435976293409981,0
0.33302816145261077,0.30002213955233975,0.09054017244635854,0.5435688216891602,0.192513827120264,0.5202050983723595,0.5199518701533935,0.6715153109670604,0.46119956569855497,0.20024820029445722,2
0.32503800705843994,0.3083161972263906,0.33354445805963434,0.875490324646247,0.29245145170549114,0.2944671479822153,0.04774202088623745,0.20063748308875834,0.8547372704280458,0.900074617875724,1
0.2369270206894324,0.7004310198239,-0.013270970319542254,0.1365662551737293,0.6532961337912123,0.662197916658986,-0.028971998806613955,0.7097905909411308,0.4754145739472145,0.4034147468409873,2
0.936624131553662,0.7071893334602013,0.3280757438235157,1.0401349386457621,1.0691605985322645,0.943171527613832,0.8219164751902157,0.6611915853572019,0.6724104186022505,0.4731468971446964,3
0.597256704697986,0.5170827335874404,1.2516399046832332,1.0517584890354723,0.3614339567817209,0.65042699719909,0.3217544482952248,0.7168564100081509,1.0146686572355077,0.25104842913215664,3
0.20371548041494555,0.21904889927162408,0.33281352046200074,0.3480732917358319,0.42598285779747064,0.4405252394200628,0.38562378757104204,0.8625972930710979,0.6993855975624284,0.26585215509187854,2
0.013174323333342435,0.25056562621452255,0.37365411676420957,0.08829678055000281,0.716643658394487,0.5785317011999009,0.25652041103263273,0.02018095891707125,0.31051173435590024,0.430795172855931,3
0.140032917667475,1.1039190454514622,0.12740568031828411,0.41071446029746467,1.0730451214187073,0.38736022837224426,0.2757867281886095,0.992170440746653,0.571166549059737,0.6687379691203361,1
0.43542252316310415,0.8503942115005446,0.2994813678537269,0.2591968799988471,0.9676537548137908,0.5781786324693599,0.5529338425324274,0.8354064911602875,0.7791004567921952,0.8472673114512627,1
0.459557015109664,0.6659663637214911,0.8409630901833195,0.3167035750826604,0.7312798886425425,0.5023243937185965,0.6940796648516787,-0.03436384399520198,0.49150999014120683,1.0953081215492486,3
0.5748351844561009,0.24502375636795198,0.6727933741308981,0.6337279839041957,0.9148588528061992,0.7340987529912001,0.5650694124112219,0.2086802348210648,0.49237176052683745,0.5068806427342956,0
0.6592554994734348,0.6683351315268256,1.0934861071145652,0.8673840500485498,-0.19667282169883651,0.16838872750008002,0.2784008721977205,0.05627783169583617,0.9624997077937658,1.0645410003775626,3
-0.04169201838301517,0.526413473349253,0.675939830897975,-0.06390882127678416,0.13884064847329528,1.374535932284699,1.2244459589351424,0.11433145381382052,0.9798834835089247,1.376557548350021,2
0.355984313526684,1.112055207578856,0.5555812915248526,0.21631107380973552,0.7814672268872852,0.3589663511350419,0.5496431257915952,0.5723762303218394,0.6393910922627095,0.730730949841133,1
0.19051928359857298,0.5340232878886778,0.23950676413299718,0.7254197968630408,0.27032431376103094,0.6205504974308842,0.09400730442106922,0.358552538965615,0.9643837241500999,0.7077716001364217,0
0.14626576114625506,0.9329408205285856,0.6365076254180921,0.8761633136980076,0.4684865645014703,0.9231311070323612,0.6703244184007352,0.01318945624939638,0.5702634080727507,0.7416924330438966,1
0.7003098526385,0.8405994840911178,0.34524657159450134,0.15842826125509513,0.3175202484630494,0.4012750876444447,0.484309058984546,0.13047391399625163,0.610308596036933,0.26295206543282224,2
0.7686979338113081,0.32779256342258845,0.8289471524533693,0.5552649000412934,0.8420272846597208,0.7697590113970716,0.2846111747756461,0.593606304990949,0.5658422671520756,0.8023839306403324,0
0.8722498755238258,0.9763746693958808,1.1712373076268667,1.113020608716664,0.18986556333594157,1.0922237914657422,0.18578313235428112,0.9075232179711127,0.9669209527016732,0.20182245816572633,3
0.7191912003666138,0.12689819981348693,0.7410416085577896,0.7358047170026284,0.7436723174944171,0.6602028407496049,0.4786974691632919,0.403342051537082,0.7420335016097863,0.7985685286897719,0
0.5343914337108708,1.1737067630275062,0.4798024152965867,0.41384129087386934,0.8571673084876859,0.31873427992452336,1.5323392091404657,1.0027478056748718,0.3508446364917944,-0.18379452904018945,1
0.0862541802950331,0.1840206327923208,0.7378818998951164,0.972282066338013,0.8556125825235479,0.21210235145261722,0.30962649929740904,0.12156556174344986,0.7211115150533638,0.5659831000576994,1
0.23865464200402514,-0.0961949365044893,0.15422774742052164,0.7514050692458419,0.36493040692624445,0.7102471763670828,0.5305470824003566,0.761161596555129,-0.1515467574994429,0.48372319174543055,2
0.2667629343690351,0.1969688205652348,0.8784523774452012,0.6096791570996023,0.9972942754629363,0.00017241512006885285,0.7718498352401947,0.7118082484633473,0.27924700560378196,0.42470280922532005,1
0.20354799867506848,0.4803663114532782,0.40470769571233617,0.90175394710526,0.5617500955462502,0.23200155075154158,0.6079075482080805,0.8688962626821392,0.8219615598483616,0.2424001581359285,1
0.871190206685059,0.8396387199599651,0.706419227938728,0.056719776412392515,0.8818485617190795,0.7003651474367995,0.9245065708645306,0.7261843462452944,0.23247034345439363,0.9993725525449545,1
-0.0297523511956386,-0.0007536754127250023,-0.2053803868727272,0.39128974277323864,1.1527417925787942,0.7124166932825735,0.18453355135647495,0.765119099246498,0.14512477434122711,0.36082325917815716,1
0.8515823700283975,0.6809723824524444,0.1691095291017829,0.9640367738358926,0.8929775666961977,0.8714004904689854,0.8286671596714337,0.6440257015682147,0.6357621685277597,0.5500510161563531,3
0.3787712150904276,0.26681538532371873,0.22218741372662984,0.8759026470066664,0.5034141218207449,0.09106744932898152,0.9209719993624667,0.4593077952515664,0.14639673266148331,0.2462641173072496,1
0.28881627859947906,0.30642380070188585,0.2722577724487348,0.7904439550321847,0.4330061720405925,0.021676027936659775,0.8967894380394524,0.40869575349254744,0.055230051288709524,0.2571897119516995,1
0.33466658515068287,0.8883785967480453,-0.13988835951850442,0.5229166872525151,0.6319557307982622,0.7944613511556726,0.932022093584584,0.06724734507576915,0.879751929628575,0.3001524648932027,3
0.9558564757737658,0.5902419903571997,0.29366674174439694,1.0147620049749195,0.8964591346380294,0.9994423068400257,0.9161130711968254,0.7186446415671817,0.5472753324759677,0.5493639787254588,3
0.30718576603264103,0.40309068898531,0.2625050691345557,0.5488791958034486,0.6311814177065916,0.8519339909618489,0.26513136566188655,0.059467867043846045,0.5147771652200951,0.4805392914292494,1
-0.10824487693922388,0.19652050550004208,0.7353219257981285,1.1586893569452863,0.5975850982268454,0.2941823574892399,0.8474232633984655,0.5778471078627802,0.3904999155967831,0.5396106451209082,1
0.2755591551539278,0.37913734641033464,0.22964972365504557,0.5841947875619615,0.6008605410055893,0.8759462626727713,0.2552851797398841,0.1172075798559983,0.5409892476730622,0.43653191519801593,1
0.1301809996175409,0.2595453556985928,0.8620816735039684,0.07900163800236806,0.6957601132241747,0.26889168935363433,0.31369371630281295,0.4922868359824528,0.3202645005681765,1.0040741465537013,2
0.4599336179348929,1.3363085188016828,0.5195141808891233,0.08767480150650092,0.7257558275417939,0.23526989972219392,0.34111472826093336,0.04377284121652869,0.03309547933204121,0.8346256887275404,0
0.577694604766717,0.8652782854648707,0.562208997148736,0.8084445221118021,0.24068429062943872,0.30626022993225716,0.06385540222793894,0.4635757341253077,0.7344755721959372,0.044808799260410544,0
0.3439310501800107,0.2899675303094158,0.3177568424391286,0.8736214191776426,0.29889746431515757,0.3093367362305601,0.04667549601879098,0.19564393287718287,0.8325276718817706,0.8927464102899396,1
0.3516174938592657,0.8233885315650027,0.27771481644775586,0.8368431793425257,0.895649741460845,0.42629480329033537,0.7765988354432392,0.09230365638467294,0.07835850153440166,0.24474158454444778,1
0.31177697044583313,0.28766452071932175,0.3031941053561259,0.8772668126455194,0.3139021740677,0.29432984602906753,0.04430374944786966,0.187190261676829,0.8670947107328136,0.9246641469874667,1
0.9042477127569639,0.38708148690155875,-0.05106434289199212,0.38887609743081025,0.5879416330337597,0.25441455784109385,-0.13225810926821915,0.6742937727190743,0.3598698194596331,0.2576783238337379,3
0.22847608171851397,0.6681320115685503,0.6272568588435756,0.3304286896472152,0.9947848635990242,0.31923333096012285,1.1808427484380442,0.3332903555336422,0.16712845616872135,0.7902912460352218,0
0.7693207406970931,0.41488174086620816,0.44555291661787494,0.37620792538779324,0.5239280789501549,-0.21602654049988013,-0.05762207025852076,1.1082020703937627,0.33514655637000024,0.643383916372205,0
0.0847235172036036,0.6203945476199118,0.1837795074055653,0.19838428776036018,0.7773159824470457,0.548937514989533,-0.020601800687851387,0.5742197534420553,0.596162059953393,0.5754085266816107,2
0.7349321276852415,0.37668373874247635,0.5893670017645165,0.5134587992025819,0.2951598481848753,0.7029491510663662,0.0945889650053206,1.0885558686784977,0.548100853530312,0.6131183347765988,3
0.7301694096037831,0.41914665058822764,0.325973374419923,0.779266383398505,0.6257276985920304,1.0311823727262195,0.5267269180748289,0.41230665915202236,0.6807241948837035,0.03080413128869175,3
0.2654580872255788,0.35670304502815375,0.5793258643808793,0.38708799278651823,0.17297178507318942,0.7322740381494715,0.4958122458529015,0.5204657817078937,0.676564612003438,0.9890312235634818,2
0.49597012647132865,1.235124037662472,1.4622769923975598,1.4770355216432054,0.7527375621394189,0.937957121608306,0.037677329457166675,0.24997865242425965,0.3474817972995923,0.025183762271370536,3
0.29977414075951836,0.2653680756142275,0.35043393604563555,0.8470518587233713,0.3154443968305704,0.3127679178580854,0.031031777164039945,0.18777326623159604,0.8196734034983962,0.9228831014773298,1
0.5186782975894112,0.7742946577937593,0.46169260670655016,0.6750886681024488,0.9256044702794312,0.6365266303245534,0.8790592316597678,-0.11387545488809672,-0.06541842342271638,0.31996050527736136,1
1.2781859953054355,1.1418173050714713,0.47100817076372287,0.2210049331501336,1.0142003537731483,1.0376399288922613,0.5359858611867436,0.9510640625572644,0.5736386286658706,1.2994724555495532,1
0.6632570738248393,0.7532028757104818,0.14647943879973802,0.6642808036491955,0.4675968495786176,1.0873827488846397,0.7168494776665576,0.3709746248762157,0.8375572135576771,0.02942162309128743,3
0.26309101390768425,0.3567221298252958,0.5763120703330172,0.38483949881111673,0.17086276585567176,0.7320742433360306,0.4969757110035101,0.5231697248672419,0.6765016323253026,0.9912429811188033,2
0.3307747508307889,1.136485252695719,0.2712095273487634,0.3720266600758947,0.4507971929830362,0.6901753384013078,1.1707933112138404,0.31973791916107397,0.6398361066091869,0.3290154990318195,1
0.6279060921769976,0.44724573890643626,0.2540020156151952,0.6984527386781606,0.41974204420417405,0.8311055949432862,0.9256527602267565,0.22021723794146772,0.8173424108830211,0.43459625914144856,3
0.2646813424114806,0.355015254777743,0.5794349373708243,0.3875549059390934,0.1720294294349706,0.7298948756728993,0.49561631154796204,0.5212471459022262,0.6764340389613187,0.9882789524972053,2
0.6527501324776392,0.8653930891241858,0.38398807095353144,0.100178306279266,0.32260008119844064,0.5157645404490184,0.5141637151788007,0.07101680147849926,0.6660303724572435,0.24646659079767655,2
0.8743806110420275,0.752178480741724,0.1762204100403203,0.9838434142964224,0.9021094582084933,0.9477582564902609,0.7957949168173644,0.5926138738179829,0.7354918782212628,0.6792183288761027,3
0.23101695480065879,1.1227139459464008,0.3978436114892835,0.4887053881240086,0.935059691830224,0.749257019399922,0.9607712865004517,0.262876538711655,0.06225444436308318,0.2862128183193684,0
0.1987046589844478,0.5114831307383174,0.2078317263351137,0.7150780857616725,0.3072283159105294,0.6078681006231611,0.11486088604058856,0.3234347164999921,0.9981576631714847,0.7000204366710935,0
0.955335266903609,0.20966353137801458,0.36040737532149814,1.3537578899223701,0.451988532904912,0.9903780156785845,0.3351518159584721,1.4785641300665486,-0.13207585805423366,0.9100396464842939,2
0.13521846130282528,0.1916607645640897,0.36185470058069436,0.8144208731526885,0.5509992626118521,-0.22803241559185614,1.0551760551936733,0.5911632835813041,-0.08902973937404451,0.4365978015669185,1
0.31886906240365986,0.2838747068389498,-0.027236514634153663,0.5723872750214325,0.12013267768095406,0.4321638626763156,0.4603179972015865,0.7738951287946075,0.43111114418845436,0.2488271426799809,2
0.14021290304824519,0.1661732516365148,0.8881220963293658,0.8220396516209649,0.8799677784696707,0.025913123958514344,0.7938132269561445,0.5789406114751788,0.3456970641549376,0.20819689771972955,1
0.9389898001808846,0.6293512638410055,0.2407950045419032,0.9936641899920932,1.0094630246906888,0.917102400092845,0.8076656812195385,0.6764776419581887,0.6534322690990936,0.5513536164922296,3
0.248859407619068,0.8123633295938701,0.33232340676327715,0.19143315972875286,0.9061228770985108,0.5476431663485909,0.8214755498240935,0.5624277802364824,0.22843594845648646,0.5363720505192184,0
0.6696656172257646,1.0570409017179423,0.4294365886432211,0.789819929371494,0.8433796811571378,0.5280919712630684,0.7930674487737123,-0.04496024907546902,0.1283640359461364,0.11166052903217075,1
0.296346664685905,0.32019764463864325,0.05317679874171765,0.5609153116420522,0.24757315515050932,0.5501283960380091,0.5193276799370858,0.6147806194734272,0.39545529791460926,0.20439898082188418,2
0.5121419615573369,0.08280273033383895,0.8191827687996803,0.18706940561064175,0.0657764827799312,0.040728340594750966,0.5973553069081297,0.6782762518919175,0.3285744110945148,0.7532135322154196,2
0.5850208546299467,0.2969752791039687,0.6584276614633603,1.3500107255298248,0.3184187751336787,-0.22411662691681955,0.3769037036239105,0.10540585799337626,0.4583143099815419,-0.15450098144614616,0
0.38524181865404683,0.6187146721286734,0.9461480055727012,0.047252004917398505,0.7801327076216207,0.5028449933049176,0.09840956871825239,0.509697343508249,0.25183821991490357,0.37808306340976766,1
-0.16165541630285996,0.5024061105309579,0.7181010140869575,0.4229299405157975,1.2268396313729726,0.47160610062584607,0.31184954125198133,0.6180767728804448,0.48929933379523816,1.0556840443845423,1
0.0114597193684427,0.18779464511699634,0.9231875201191609,0.785146689854618,0.8183061470826204,-0.08715973715821541,0.823273631867025,0.5087460592166573,0.3051384298927591,0.3488041658754273,1
0.276031130230499,0.2044509347517627,1.0693346492961464,0.5530969112181421,1.2542769231076958,0.3999230143234741,0.00866137677020734,0.3408996235740496,0.8351650392675175,1.048791611824622,1
0.015332920578865013,0.05105062369952813,0.6590001381881572,0.9471076501156214,0.7967354642262608,0.29496006695756194,0.38143177321388844,0.15189271857194483,0.6153181485944118,0.6216480628235139,1
0.03037509048550894,0.17645862434610574,0.3752741067344179,0.15120554306923603,0.8029055530515995,0.5702507001794739,0.1531330470135815,0.06783823241571707,0.20889092368701562,0.43800569212396573,3
0.0876256377830714,-0.00445483840951616,0.6706562987331939,0.37496271665807124,0.36718108819459216,-0.0488164522828351,0.06307905211123369,0.5411952963617987,0.31811544178358775,1.2982951942582728,2
-0.041776548378637486,-0.2314128685800334,0.270565938580144,1.0345046348867895,1.085698911265172,0.4579567502751655,0.09118961478240145,0.1061825684867284,0.5387752938330093,0.6096183489610867,1
0.83618782891494,0.9740641754383482,0.7340371098926961,-0.1620296788327318,0.8983273480592614,0.6922661138829623,1.0194226499977395,0.5470170755607269,0.0662323265947988,1.0247718100774068,1
0.3083934417490535,0.4870331317327112,1.0162389586227998,-0.06439679336560974,0.8598982701718816,0.5247632579955196,0.12790390542039326,0.4270806922508562,0.24851866225624158,0.32324489714262145,1
0.9224541914910536,0.6751065304308692,0.3206317802406814,1.0268057780797113,0.9996599143295537,0.8724568455312802,0.7630026717710003,0.657095058472012,0.5981028913088356,0.5222655505992584,3
0.9934119285289165,0.5790376814426959,0.27991408507189774,1.0084096364551467,1.044611401905974,0.8453399346779789,0.8369475063827194,0.660853166724066,0.6636396126176098,0.5276377588247705,3
0.9371287430769846,0.6392445352297909,0.25499469027888505,0.9761026602519156,0.9953111618822577,0.8972562586017073,0.8204360647337412,0.6810266474593899,0.6332138712340284,0.5578833816561161,3
0.15810972968372344,0.19614134919344942,-0.04696461118040031,0.03303062280135165,0.26764893076396246,0.1979982302843104,0.2132641330210956,0.9473438673080613,0.4811824004498241,0.40077836057306826,0
0.28194856658320383,0.40461910335316204,0.22484411995826964,0.5733214190388589,0.5752835814590138,0.8860773422224492,0.25425077995645673,0.10821537036132917,0.5222329013848683,0.4777664820154429,1
0.9210535246678775,0.8524200761997581,0.5863889903220452,0.06521530195229566,0.8513001912898829,0.6455467794516069,0.94173576760135,0.6100133169709957,0.19085859987246004,0.8871810448264528,1
0.13623661554214753,0.3608344404570875,0.31287073073649,0.23931688753388503,0.4140313242038506,1.0134759871092869,0.27369358056630383,0.7592817640002372,0.882181380030354,0.8451789145506744,3
0.6568507916981775,0.41366458530205596,0.024392490396216087,0.19303076785519774,0.1844921714669811,0.30840265070989226,-0.04096106016149518,0.5550579659819136,0.22313947488582847,0.26789803334490925,3
0.9217933181007978,0.22445321682223254,0.4944114370605904,0.15094137547163244,0.8136528977115152,0.14819105737622462,0.001066434338115485,0.5806689606763099,0.3143067265449022,0.8511316388412392,0
0.3848583873469282,0.19069842618678082,0.1508092207036744,0.9278942561880067,0.5419101368075269,0.08126200399540112,0.8717184885264317,0.41261481871036587,-0.015078130160745898,0.29199821525994657,1
0.4157946982230846,0.19391618162935625,0.7476234186982696,0.07478107881959155,-0.038316317284433965,0.12374850561325465,0.5323820065723105,0.7550461010289797,0.5044666955089102,0.7816191523633514,2
0.20951563388493508,0.6889832568052534,0.5423011627105088,0.8971540910365738,0.7094653024765074,0.7194170645781116,0.7471156811855266,0.3164307931731686,0.970200099109229,0.4354649023221074,1
0.42419400991201295,0.9360976710266445,0.08129276140427202,-0.17305942905479144,0.06841010667334835,0.8916796223833442,0.9682047258672024,0.08317265834981302,1.1835840419806267,0.39338259533102804,2
0.6085264413064319,0.7048746534423509,0.4851262474252965,0.2601103247222166,0.701750853893031,0.7989456581776893,0.5133240150891751,0.35117528974539536,0.244324382175168,0.34287696157115055,3
0.36925201361935356,0.27189723574056895,0.3598275828572678,0.9006238006510844,0.29427778552115735,0.3093514246745573,0.05824490554124718,0.21222787715286126,0.8226949014101952,0.8878994822900583,1
1.2235743022693828,0.31213984891068286,1.0898090769231281,0.6946608680476573,0.3570734840003853,0.9579938110424836,0.6609551255187054,1.2075894334739636,0.5595708155784739,0.4463347832467214,3
0.7134570083360064,0.4301484768080224,-0.04721982922391815,0.861642037421738,0.8766829223175039,1.0613988861514447,0.8900084223718541,0.5660697904737252,0.6598077346437886,0.4454682715995745,3
0.33065513510350464,0.7689158621406514,0.3618554144619273,0.31040176474126785,0.8290861934074855,0.48008946058989,0.6455063377408776,0.8609756272147784,0.665730260888411,0.6610227492961583,1
0.7728244261146807,0.7829855868043296,0.3961912736640157,0.14691418941960738,0.3663727941709063,0.3436650526104261,0.39339537188727935,0.03981258356301215,0.6211306588746438,0.34782727204502273,2
0.541896508898878,1.0145769775073066,0.5572990222543472,0.4667901566355046,0.5929516448914469,0.10288533900884814,0.30968842227032917,0.5978225018788016,0.21375302681520977,0.8230766696818183,0
0.5682032792291558,0.01574124107257202,-0.2724141576328103,-0.23454999351766004,0.2892866693286423,1.1717409426069991,0.7606529421021533,-0.16203235803256677,0.32205450466390956,0.5593262815193145,2
0.28268868934092356,0.13130715320952976,0.5800989707868275,0.6488123385514292,0.7294560119274731,0.1626643455669529,0.6198835604137714,0.22401824561194128,-0.05946453682072178,0.5581439468628979,1
0.43586720781455873,0.9333140104518222,0.3438440930164414,0.3000202875275828,1.006820229288252,0.6331628702311699,0.5555530163338608,0.8476463573972836,0.7118994392501082,0.828218625064317,1
-0.23841290237193952,0.8017708288332068,0.8460044615911583,-0.06679415236211494,0.7053529406984168,0.5508295829677862,1.0512319270671597,0.46008115620609885,-0.13196479045025028,0.6815721070411708,0
0.2658993398301326,0.3567523028300538,0.5781223835299519,0.3862264341732899,0.17281285946964495,0.730328835800944,0.4937724103266877,0.522977950335254,0.6761736273692622,0.989698607734922,2
0.4365526933949313,0.6422446636127441,0.931302681793646,0.006155287662608935,0.746958048787439,0.5282112688184831,0.15299972854380375,0.5235148770052467,0.26595125320380153,0.43120827802506984,1
0.7631675443280659,0.7695428168782577,0.39056339103792936,0.11453763358214067,0.33942906039426546,0.4063297860820654,0.42257678703550533,0.07527518170213214,0.6007383324022507,0.2827191337730361,2
0.36397059008810934,0.6778092626058868,0.2722674518985746,0.0233118162729109,0.8818630499458651,0.3768116495903293,0.938403229652408,0.7409775319673784,0.04769680807484822,0.6154941285759388,0
0.3561975186053291,0.2943460196394432,0.3498033622272575,0.8973668893344783,0.28626465577686894,0.3034205733460025,0.0646911699154808,0.18281241570803702,0.8590714538399173,0.8985794297865887,1
0.8391449840160505,0.1111794992258276,-0.17020866704609205,0.5525081332689423,1.3746605483221748,0.39122372093660085,0.9455825013277757,0.485315352282008,1.269698163186592,0.5939276558059343,1
0.8743402577830102,0.7003418260887768,0.4238569208929044,-0.16649577914154745,1.0461637957043737,0.5959180683214563,0.9993745656449164,0.9282278758419122,0.17594651384421026,0.6626038420392717,1
0.004634922827020088,-0.052246156304711494,0.597141924795004,0.8597761281764891,0.7325784902773538,0.16013700853634472,0.2709669119676188,0.40842624329811855,0.48495895603595573,0.7192433109511382,1
0.28994284204894544,0.19446158488855897,0.8177565188736485,0.6551541321888862,0.9190444815786538,0.3776607143320804,0.10821998868867577,0.7125458453817888,1.2101998071032112,0.7499839422324153,0
0.3714724150083417,0.6775692927585792,0.6115726116468757,0.9279516614274945,0.2648122535255009,0.34147167178298216,-0.038987694082499316,0.33428260720028213,0.8611553672473675,0.1731890696036369,0
0.36763412386010724,0.9201256547978173,0.25891775425792,0.2342329094867831,0.9694927084769035,0.6336294170638341,0.4868753677079651,0.8751974250880401,0.755210466293506,0.7914839888290842,1
0.02991715451807371,0.21801693803281166,1.0575374181162083,-0.03965339628008781,0.6672279354443732,0.34087678562277207,0.12299302437213053,0.43927871011992997,0.17865281428698468,0.969018294615264,2
0.3888168510964618,0.5615128167960182,0.1649931667132396,0.19918575257536986,0.3109805524642898,0.49873551580446424,0.09740630615317297,0.306652701508235,0.3630647188450094,0.45341982552302684,2
0.08447889226330806,0.06292659177891621,0.7013721117856411,1.0455687985735391,0.7110824272520233,0.5343876565619217,0.5027678389304583,0.08475527499899906,0.6441105321781044,0.7646022503407474,1
0.6259570529710383,0.5296042975032698,1.0559542436402376,0.6449827316986372,0.7524471160825291,0.4628763306493221,0.024723312887152932,0.977025994440625,0.8520824365227658,0.5376492851140345,0
0.38531698856605845,0.8879733990874937,0.29843287584802947,0.2717255155395377,0.9750945746934983,0.6101708551127798,0.505175724812677,0.8396943119731888,0.7451006646823084,0.8085815348516882,1
0.6751972044553918,0.4562701641990689,0.9795534199177048,0.5186230065999465,0.8455011253027789,0.5166005381946911,0.12207031055833052,0.9432666829960857,0.8900545909927248,0.44334889423390356,0
0.25920659961048664,0.3815358547844966,0.23095044251815217,0.6058234931030813,0.6109845594217569,0.8446335640122308,0.2814839885043471,0.05002666857306145,0.5657254823519181,0.43325647323821354,1
1.3697490866877415,1.5041294359376276,0.5218344334845759,1.7130638722762737,-0.6680284904318959,-0.2955327951391698,0.48647874811569963,0.35551913109944533,1.6799575923030483,0.5471079637823348,3
0.3333003737720693,0.29433241129181614,0.29584591945559185,0.8539334425985643,0.319815939551648,0.3124776194158662,0.042937551212876804,0.18805140867255027,0.8383918142733258,0.8780857265303574,1
0.5106628125895757,0.28736186686947507,0.37393336020022416,0.8349762559367035,0.7258592530026416,0.5854838074515704,-0.24734978776381744,0.14667159494599902,0.8529114901736644,0.3478664222160569,0
0.4026564817294394,0.5866412417296873,0.913225996504609,0.033698148317774936,0.8279099582752599,0.5020106003121311,0.09951062765932149,0.5321948463345318,0.22662995066474795,0.41144675922344337,1
0.19624847158377912,0.17017572904335768,0.24149783045011877,0.3367051258987433,0.4289949117774769,0.538720482532392,0.323527472633888,0.7322278420988578,0.7833201218793203,0.3313044920354772,2
0.08414606762144386,0.414252791894492,0.08026503819344262,0.30003005016334505,0.2398219377054706,0.2442143032455008,0.3426378116459493,0.7817689958022687,0.2417449591876611,0.2626560694468414,0
0.6489211089695237,0.5664513841454878,0.16142032672313741,0.6650172869925021,0.7057996944813895,0.933704329056884,0.7124003888333956,0.22722970062648085,0.6314813827338313,0.33172926790213214,3
0.188701430884553,0.44271419858291716,0.49157779863576656,0.43926885086558043,0.5149652916539781,0.23454403104479526,0.47959418136505017,1.0346475937879211,0.7277292187353396,0.5992284570097983,2
0.1487200584479168,0.5234473585019832,0.15979215683670883,1.1704275650524991,0.16773655288033723,0.232845939128229,0.8611820173627192,-0.04799642099136192,0.09517403360729931,0.7076466005074782,1
0.4226922006958585,0.40252317204925686,0.23410175817154044,0.6597656628385904,0.5063545468255307,-0.01695891747610944,1.0184697196583161,0.3115655553310508,-0.010605406619780433,0.23781732572902403,1
0.23222771817525517,0.3120767798335149,0.21720243238566045,0.22233919556464055,0.2932750576261498,0.6441381746060562,0.16276180512749486,0.6624462594876127,0.9207239208565323,0.26587524947583613,2
0.3387825537953277,0.3240560235866305,0.09705314579617133,0.5701791195921541,0.21595018871270288,0.5339118078884244,0.5067584152014745,0.6765499489959546,0.42687415375103577,0.23572038364150488,2
0.05135878798190746,0.6090840743714884,0.23399943723957262,0.009944509909802557,1.0665136036490015,0.7932336478543134,1.0312833274174344,0.5932645858589981,0.3606273765176127,0.6983125912158958,0
0.6076545609354378,-0.07048675870809129,0.35149451978368057,-0.25545511321031117,0.11901729003434339,0.973998108354019,1.0754003147499311,0.10388933354297351,0.6076819892798739,1.2919222702123743,2
0.7532415561908055,0.28894449979850434,0.30992467957031045,0.09479897542655655,0.12573422745889323,1.2201441220507032,0.8329230137377891,-0.2919847503275699,0.6875374118887003,1.320228367277817,2
1.0354340730983473,0.6712398687795913,0.3493666394019716,1.035261829948423,0.878946690376636,0.9204829776512434,0.864637710069961,0.5936198322328939,0.4994898208748424,0.6102544528869075,3
0.3003517047672406,0.3744347327337417,0.24430447833234942,0.609839518723477,0.6106997160461757,0.8717547461133712,0.27861520779811894,0.0730121360619916,0.5200054950247843,0.43553553836552755,1
0.34721004735884475,0.283039107462268,0.3368998414546928,0.882654422666972,0.2897307445352055,0.3145869119635203,0.03616192211295977,0.20282741612354238,0.8434303609655924,0.90456825561936,1
0.9217801329976303,0.6962295208927695,0.21215874577678412,0.9637338663644205,0.9666552561146897,0.8443788472809858,0.7671493433148551,0.6359876958892268,0.6478337011789036,0.5810024954112154,3
0.8042348933852185,0.6862065710196829,0.7275088730611476,0.3950972325925569,0.9289948762745494,0.8813352202162912,1.045511281833294,0.09256877583057438,0.2972467931378004,0.3644781128231266,1
-0.0025989144964041772,0.40356996367195025,0.5295771485353168,1.1783113862609396,0.7374480431949259,0.2763091263836122,0.009146466647649343,-0.017739315384165483,0.492265030714388,0.7602227896759014,1
0.5687807374123895,0.8467245031755596,0.6371570453522362,0.2403255689031018,0.7061759512207212,0.9019559977290484,0.5845038331265233,0.30694972589945124,0.28632222940960483,0.31228607779268164,3
0.8949503952289908,0.4200745782975397,1.063271863360232,0.07411393833871038,0.253813661425064,0.7630666622764621,0.18643589012831296,0.7482482264715706,0.48810638712644433,-0.05912093381900568,3
0.3659907632184951,0.5697112115808318,1.085309527326546,0.12068961301813819,0.883012578333695,0.30632253513364216,0.09837637503425958,0.525211963352124,0.49594199012583706,0.3817060634852865,1
0.49486162152155144,0.8297514614157537,0.6412164466472079,0.20625326557000054,0.7995398506781598,0.7961108506037975,0.21365673923208905,0.526386771316459,0.444111919526911,0.2247317460463734,1
0.8837218260545534,0.7462922257139245,0.1162643282303209,0.1727887093378762,0.6996201204595036,0.5341310163619247,0.8530664203795774,0.5195632595216324,0.5222127718099707,0.45309209436675,1
0.9495771389885155,0.6227559186012507,0.28467060357640445,0.9568305478318344,0.9694819286440698,0.9006075989675558,0.8276976582785897,0.6491859499438508,0.659259990370338,0.5785738658524656,3
0.12481230013324449,0.2357589188052912,0.22700203163779015,0.37720231978429836,0.3815470270915745,0.5783261087974076,0.2444602739240501,0.7038096825515547,0.6907974088477234,0.2795997099943621,2
1.0448783576612026,0.5148252520292229,0.35439221498620954,0.5931177956086007,0.7938202964235362,0.10752527205589624,0.476475079965936,0.885982054045146,0.7838591869448828,0.8267590618469731,1
0.19698952276741213,0.36890131154676037,0.13256737623501014,0.6532286473099531,0.5093574730428438,0.8315804569222115,0.32256551096551905,0.4598351769808612,0.8392300170228091,0.6315799892254615,3
0.2352144829061581,0.7849551910273387,0.47022248796662025,0.0989948356242042,0.8468069412419003,0.6342182702676992,0.8363966176462226,0.6607223754245953,0.23556835400429707,0.6837269439883639,0
0.8480770449981353,0.8820870820171711,0.7513256954836894,0.6320000633905916,0.888903025902596,0.03398168224869294,0.46921533894027123,0.6465377048432139,0.856408791142555,0.6644186579641537,2
-0.019799760127647892,0.9308935118426476,0.3705429580190846,0.6649803799983616,0.7234151003775924,0.8411623742795494,0.5729630551615821,0.20651214028152337,0.808020043390546,0.4818860452189323,1
0.3613543178444871,0.9540546956168688,0.5549246385678649,0.2911303894423227,0.7517349934566521,-0.05846382098341915,0.16680221748807697,0.7272908987464699,0.18926104784433034,0.7622699149005384,0
0.005216235107216976,0.1570595176057591,0.40223025414777863,0.12211869234693992,0.779242782270938,0.5481075140390383,0.16745309268774825,0.07934443150183568,0.2148287382151945,0.4130564311573591,3
0.9571174100505565,0.6566739248145077,0.23853377697250205,0.999197825454361,0.9592499365011264,0.9048735556456373,0.8246865404567286,0.7036485545237546,0.6306121625299117,0.5785772824817684,3
0.9439844334194274,0.6190749772951295,0.2549141129012573,0.9863294239471103,1.018051366601356,0.9016828703851802,0.8548288737165196,0.6485339982625435,0.6428066501747862,0.5632911326911493,3
0.013461511264646942,0.160712242396747,0.323689965302008,0.09680792577431713,0.7379570356630158,0.5161967038233739,0.20195804950742488,0.02072547780780286,0.21730524257800848,0.4760972171772938,3
0.029683256770205713,0.14752487050631388,0.39935575631202846,0.14163285648979676,0.7705879976989525,0.5353765249571484,0.18508046315587376,0.06926419457520888,0.21290467065451935,0.401654994498462,3
0.4541303148763581,0.018883552314940464,0.44566220495094233,0.08003432678903256,0.25149123367808585,0.8604757168462204,0.8862321325899553,-0.024591743952471712,0.56196529924075,0.9433190729206573,2
0.2433105642903454,0.2285258044314284,0.11966487275567836,0.8955939133501273,0.47838331246295385,-0.00399755783709237,0.9190483844196177,0.4967572773294453,-0.08304124725850803,0.12003595254954491,1
0.34165425780755987,0.2909567874135569,0.31947952557554365,0.8808825684107492,0.2920432331842145,0.31474469691756324,0.035318899871507395,0.21933479787467108,0.8295252345718681,0.8939774419497384,1
0.5313215600962111,0.9028140490175957,0.38788172572392493,0.1151924614351934,1.064555138630377,0.6238485123189422,0.6427103616134294,0.7368260890891901,0.875891512852057,0.6864974650679931,1
0.26520001451330716,0.3555151297017112,0.5783426421247292,0.38628317628832276,0.17227971541068796,0.7318123820845958,0.4936871721755948,0.5229357109121446,0.6766476450813397,0.9886305516765787,2
0.18491748128747734,0.6346126853943136,0.25298130052352436,0.10742371205136222,0.2876831200052991,0.6981690368720754,0.40387160979583775,0.40257040745948436,0.5978864868419411,0.5489262183620468,2
0.5797064547108626,1.3476741478738852,-0.0668004472632277,-0.36531027999104726,0.717835665266984,1.092986921684496,0.8393775172187297,0.632255678949295,0.4167645450542619,0.691288564662638,2
0.03899371965996115,0.9174151152951482,0.36985463996878104,0.6969990020985112,0.6829864780620072,0.8107487272794988,0.5682624815829574,0.1821128905352644,0.7421048713145004,0.47394616123042516,1
0.788628375128144,0.8008796084521177,-0.38558470104794934,0.22549765033848676,0.39624498422502996,0.5648345870483786,-0.39340110355382546,1.4263980938430731,0.6706465345723859,0.666575538594381,3
0.44929344259805853,0.6412852069573878,0.2697607545559124,0.6747822218675212,0.6670169190510246,1.1051185606700773,0.6649832414470878,0.2350845409768511,0.7831339476061194,0.08521749312445906,3
0.21087656506368896,0.18971949210518127,0.2741596220646306,0.3197551129372052,0.409550272517738,0.5665868904588565,0.3025498014243595,0.752313444137524,0.774909383266636,0.3110656506510996,2
0.5654557373742797,0.44743660656982137,0.952952035679696,0.5545416814400512,0.8964182279416184,0.5840550405952172,0.12395025646801239,0.879495843730821,0.911781355938741,0.36911140296409406,0
0.006407469357395301,0.11677618503996981,0.3853687263718691,0.13607542305052847,0.7086452445855124,0.5151556016426025,0.23757023460923646,0.09823024812871664,0.18323577418838854,0.45771439309363016,3
0.26386671939104267,0.3570330829487324,0.5778579432138181,0.38481007564772923,0.16991930754906118,0.7292740122951967,0.4927557689326911,0.5232683575352783,0.6778844541728967,0.9896112310441962,2
0.7618046556640655,0.7481606907316242,0.44518029299314493,0.24201544744744258,0.48910128410100673,0.2889829057948457,0.43358943267488637,0.1590443595865377,0.6862893409126202,0.21167181548616773,2
0.23594265310784043,0.26700043513319566,0.15007021759411535,0.29441935724170026,0.508426514073171,0.5348158181755508,0.23776429679573197,0.8247326699205187,0.6586853122007384,0.2958245796812303,2
0.8620676665777888,0.5362619309867926,0.7319802050453471,0.6391786831527051,0.6730128279391308,0.5319790548323505,0.6178838742031628,0.18235640248855134,0.969427225210319,0.2549210557408299,2
0.06562939474220084,0.4164908001963776,0.46750041177335777,0.4226206529701945,0.6984381701389952,0.7294010672510844,0.21947485162273123,0.8981503189900838,0.4632479651126178,0.5976801258099897,2
0.7291604879254725,0.6842822091493597,0.18731959723869424,0.3516970578408955,1.0537767923827988,0.256454674017638,0.7893552177376856,1.077943834021502,0.488127910224123,0.9002769707983798,1
0.6653645437581739,0.7259754081047897,0.9406857784383045,0.7670111765376909,0.09843990596904209,0.9909569071521749,0.4573822637713311,0.8002301583957456,0.9286453850447899,0.4001546696186401,3
1.062483744795367,0.5275979967912192,0.930379961010442,0.7560892957954469,0.40232007985467544,0.8287927393085843,0.3718046532467843,0.16633473283036188,1.0553225792250718,0.5186552278428489,2
-0.04652215876759802,0.6526035149132215,0.25670169407687093,0.4418648240664513,0.4477124358328445,0.8645681998816431,0.4854362073541885,0.6312846612753861,0.40991025874425246,0.6960647804071046,3
0.5346658882379114,0.886156757369964,0.24332861407193898,0.202345095245544,0.9222846917269786,0.880524134732777,0.8346353330739839,0.7411830762757091,0.8616006271865472,0.5603085534830309,1
0.10615046333407346,0.4516780015844498,0.08268419926688492,0.47847455157015395,0.7356045935099459,0.071711048645063,0.8333856487995512,0.4215450501826113,0.1596314436235865,0.49471477974889805,1
-0.3841278123905788,1.1240438566851825,0.848786412780541,0.6005172111593577,0.5112165943146704,1.6609149540719228,1.1115055327822696,-0.19844574431045037,-0.38247567717002606,1.0343300931906607,2
1.0414885911825045,0.5356356404242566,0.3164695173203576,0.8759378971878022,0.969464387396245,0.8811705137603077,0.8776063147047892,0.783168388549957,0.529941962194671,0.6483872797524111,3
0.16469261077620395,-0.09858022279412126,0.7782107467993127,1.0754073610927377,0.5572375934459877,0.3150955987761698,0.5709912906562948,0.749773090128925,0.6253453363055685,0.48658642803631086,1
0.23921845965169725,0.16837936960752262,0.23458667733943142,0.26526945881216574,0.3701830195992323,0.5985010964228622,0.3004762271334219,0.7747526508516437,0.8170483229988058,0.29470322245737957,2
0.26933356183969526,0.3579015629784744,0.5755738422640853,0.391080583080409,0.1770062580086869,0.7301129945622733,0.4966891586724506,0.5261783460518017,0.6786691205129819,0.9894064387890691,2
0.32641404103295263,0.7071912602969389,1.0661816638905532,-0.013539687138441017,0.6852189738836756,0.38185751952466856,-0.0618860940781229,0.6761052974749432,0.40567222151049465,0.30324237893604467,1
0.702244669391559,0.46944393708964305,0.9389306369247689,0.5702032289883754,0.8378603552814117,0.5365628289570584,0.08553946982767728,0.9054726940556113,0.8820226914587894,0.49715279434617493,0
0.2678056293865656,0.3196445881353602,0.261516702979378,0.6143008652110787,0.5999794481980425,0.8338653268961173,0.2954338525160734,0.032097378005143916,0.5227268142393239,0.45508949028722184,1
0.6339580561192698,0.20482916685866626,0.6669225820692777,0.6756577364683507,0.7583161778184625,0.6322271300698598,0.44148250987783305,0.34358933688152565,0.7885182313168382,0.7864434814897859,0
0.5699382127839676,0.4988054729791245,1.056519768887683,0.48434239308556576,0.9533992526519258,0.500295578908762,0.17248875945965866,1.0399053915163372,0.9755210985825042,0.40400449222334545,0
0.43075749765101823,0.04965893682461327,0.7577541710421821,0.1866966610798566,-0.0003375687678661213,-0.023325776972913638,0.5770613161508401,0.6458999385545506,0.3865028283746185,0.7376021668202606,2
0.5468429244033431,0.5574185699056964,0.12511343620894622,0.6809844145548789,0.6166898512589027,0.9816624695704903,0.7287490834184899,0.2700390956001252,0.6814810073499481,0.21483244158431347,3
0.14399862733595928,0.48671640532412275,0.4277576437774668,0.445145619544165,0.5845918097368138,1.00894351697136,0.35307559419215606,1.0841177538587345,1.0118831809689521,1.0931855062880829,3
0.29341923490937044,-0.13368158503751393,0.5386196487120685,1.2079397028823013,0.6659060932270261,0.7996462246738979,0.5926078979455991,1.2216553508433667,0.3952904208042518,0.4300035756210538,2
0.35776453107426337,1.0574808904713147,0.5253885004584854,0.0659493179247776,0.8539553384675925,-0.0013205495811895035,0.07058886643375722,0.8063049105820113,0.04262041453419188,0.9020275379802346,0
0.2367069499492659,0.6396239365062523,0.18402711627630972,0.0900504476443415,0.25509752947445574,0.7209914661584296,0.4283696230800063,0.403169410241942,0.5792799932170561,0.5718342706709996,2
0.3044806194104718,0.372704172047355,0.3904171408145375,0.7604850588876122,0.40237650421403315,-0.008840707198564467,1.0043500281802158,0.4757339407187079,0.13560070069514535,0.33054136242732013,1
0.19788552004721852,0.1738763636412449,0.2691002996659553,0.301085185171408,0.41589196521129607,0.573993748736706,0.30248493914735747,0.7616667626094766,0.7765701492983152,0.30907947740763575,2
0.8388480867561972,0.8123601346736526,1.2302489992348071,0.8449842835130049,-0.1666173163948766,1.2996892270672962,0.8701289754664525,0.44410947852953686,1.2032001982028788,0.6909464369000471,3
0.5929129347258162,0.5394889023755773,0.3088797840996478,0.713240557923617,0.7117525740375739,0.8447587237408237,0.6021244531368584,0.47404401628208537,0.5911121382833615,0.16596798619353872,3
0.5839213281869079,0.4526263210159435,0.1676946101994168,0.35130450793217116,0.3656922121158325,0.7437298247185312,0.7833866933714265,0.23879566437632438,0.813086526589719,0.23823292133077073,3
0.31609714064863337,0.7004006093823424,-0.03182057804802125,0.1854835159988521,0.6821665690568522,0.7594662004117128,0.03849290116558046,0.7075182458783452,0.4555115813198467,0.3746085966361241,2
0.4084443478057701,0.9204567463882916,0.04229003155996597,0.361557117917158,1.047988185505218,0.45543015150163135,0.6799167443445834,0.5764568186344903,0.6560403207117617,0.8003952763181243,1
0.04109757127823871,0.5210530173165542,-0.19085813092430043,0.33471733185360086,0.4688953238833984,0.3134527007423217,0.10455260805850014,0.9560530345452465,0.26590395464468586,0.3544171641056671,0
0.49207953584262804,0.048186246466387556,0.3804482192390923,0.9482301571938586,0.57164565109743,0.9306169894304673,0.6107420647208842,0.9766460531847302,0.11241738810895845,0.5926191210923679,2
1.3740997427472454,0.350148467676318,0.7567936817790311,0.17153344370442547,0.7454142414612104,0.23309201653071004,0.8517855010438036,0.9890127678168924,0.31702555647766656,1.308485949530122,0
0.3392624041188699,0.2980357804011529,0.3260857330927025,0.8709449376918839,0.3029872656981405,0.30906614029538587,0.04913328294239069,0.2024052942252979,0.8432986306854989,0.8997296547581985,1
0.5690912975413465,0.42407751432889784,0.16868742859747912,0.3488418221395592,0.3637145729906819,0.7313035791302004,0.8007478090169446,0.23538918107223933,0.8213915482522547,0.2548082980892676,3
0.309715858768016,0.6078481963076522,1.0698315884626888,0.09353189237894968,0.8285351705729205,0.556235877870801,0.22998759825208442,0.634794865501692,0.3768395573555529,0.44026136202276406,1
0.36770516777304935,0.3388784686742804,0.06267624376755873,0.5386412153809589,0.24580832086491639,0.5458629269357419,0.507373908861862,0.6269473788691476,0.42130293442333105,0.19872804371711938,2
0.9437813655407757,0.675134775281526,0.2865935953149069,0.9575297182811633,0.9823786078807247,0.9075544095316527,0.8114814015888662,0.6839716988469078,0.605206874101329,0.5772294577330285,3
0.5083047013863871,0.3176308787850264,0.9281210359870755,1.2460761344435003,0.6749730036380706,0.33535834212466564,0.6919985073698693,0.13203943299954385,0.4535188217941787,0.7552996457893635,0
0.4562073099943793,0.49193592859224267,0.4946288631853457,0.9901192971683126,0.4730679028217224,0.19337805536239502,0.8093587846471024,0.4797973926134149,-0.13630367958301962,0.4780932481429739,1
0.7470395304708825,-0.0708270445046279,0.6874911916076892,0.7753066204755719,0.3799893561163935,0.2394995470401427,0.6221046229664191,0.1544352897114753,0.576566186102804,0.9608555412932246,0
0.0717845720772911,0.4703539999050951,0.24030888903467335,0.07170012155670917,0.1366924411911888,0.5320512783835828,0.3882097331832213,0.5212708114938504,0.6595409183778785,0.4084455385583135,2
0.702650687550869,0.5032516855628647,0.9540808883271308,0.5478946632540367,0.8807541643325073,0.5211570096194619,0.1530161078074978,0.9466838093390485,0.9053487269675319,0.5086772136446037,0
0.470436571055763,0.6080341073221598,0.8831242242475046,0.08917279684992432,0.7151841882563973,0.4305793346865395,0.2072667227942534,0.5438498771320416,0.22803700136508445,0.44016744788030326,1
-0.16667761020130478,-0.04779615942268242,0.5180317785518118,1.0932621744102373,0.6124654124363571,0.12780551203476312,0.45903603852353514,0.05834020819831541,0.4822055129323093,0.6695298781384816,1
0.27587597504344114,0.26615349932771853,0.1582540686453539,0.6143623839915215,0.9606697576487062,0.7521096643774963,0.8989365202394201,0.6680318547132913,0.9470099030694615,0.701106066108273,1
0.5801884289748924,0.45231108656476715,0.17296334459136892,0.3526295237523971,0.37715014415828824,0.752383779175141,0.8009633124115132,0.2560730488986287,0.8362173239276027,0.24572035826179936,3
0.342158186890772,0.2925916658940055,0.32872419788642665,0.8709662237321381,0.30015519046961114,0.3124245292028027,0.05181633207714798,0.20707686532336794,0.8523332605911618,0.9081549830754775,1
-0.10452494027358444,0.5941330519658726,0.16795343853829026,0.11009400055762364,0.23163064132904848,1.191074818558374,0.39374119368965677,0.5261050167336696,0.5590955057438106,0.7117718725368278,3
0.17671897640361967,1.5093542926638601,0.1390656664189187,-0.5197634405777334,1.0785608165852822,0.12556719747584,1.3483419528701592,1.4165343627946259,1.084373188719904,0.21815401407733806,1
0.32483354773488765,0.5616878455735163,0.13249842118710764,0.17538532113249333,0.406960974858558,0.5470450484154725,0.4704023212990856,0.5376926846622928,0.5666133274048921,0.39421782750549705,2
0.39138798084488546,0.3359839685502257,0.11560525232179275,0.913409900379577,0.3240144468969054,1.119400358739243,0.6215904001364416,-0.1611374923840715,1.164496123584607,0.6468578066222712,0
0.9362383484767975,0.6348320790799785,0.2914612890157994,0.998933725231909,0.9630553232821337,0.8969237168717209,0.7916616079617711,0.6626035830056728,0.6736834520699859,0.5536751629997719,3
0.9148226881439103,0.6583097714297681,0.25614093978666025,0.9868167084004188,0.974920644580255,0.914320662143839,0.8137986035382487,0.6750572119752658,0.6258720164587774,0.5531486956174607,3
-0.4468621912761862,-0.32087975698542787,0.4033171218248255,0.8039168003153261,0.8626962158206984,0.6952622559640717,0.2216355816394329,0.44700906619939873,0.8433515537662155,0.35003355807895287,1
0.8682489747594979,0.8204898060423584,0.7310738378861728,0.6833220214560551,0.9323499431603293,0.06704706052485161,0.522508841621693,0.6510173057053884,0.832380429248881,0.7050534778705337,2
0.4274337674736277,0.6865345220630079,0.06284344487661966,0.5718544327320474,1.0883546310705807,0.4513682760245469,0.1557877453348035,0.5131634899142532,0.9070493129337929,0.769048283474991,1
0.936449108228032,0.7166012753496385,0.6829138638062232,0.8061003268701482,1.3662319850154163,0.5398279501330997,1.2045585481945325,-0.05842644232051987,0.15457855275838528,0.3075113310123766,1
1.2873187565808304,1.5116802465873231,1.0013178964345155,0.7907792320028681,0.3321025336925802,-0.31343182908927875,0.35157354491372117,1.1380007964314491,1.004193129712013,1.2995979399756588,3
0.12531023907235575,0.4426959726891463,0.4895001407128861,0.34486247681740806,0.4525937795944381,1.0203724366650606,0.28088907702940763,0.8582970199959464,0.8535377120212206,0.8109967325483872,3
0.8914180167286129,0.5819576534942394,0.2246823747600449,0.954002590288766,0.9996801597101537,1.0295676987766789,0.7127571381786753,0.5490392185862157,0.7584495443962243,0.44093341318269835,3
0.33616847313188586,0.29379023286761996,0.33050276664786726,0.8723800443069057,0.3035537292180614,0.31097511885387263,0.05140097375104082,0.20041218978459163,0.8453292116118555,0.9025278060402249,1
1.3631512840987816,0.6642242136661445,1.1262164222304996,0.10943959104372525,0.5208234976988251,0.9743207177808515,0.055503024271135626,0.004388841765244816,0.8725278012126784,0.15389741438534263,2
0.5704761351717315,0.62581114066755,0.28702063640983777,0.8412262158909385,0.6496038085174398,1.126736914399953,0.5576721487180122,0.14598154586020065,0.7921836479828909,0.2828255364529369,3
0.868377659495818,0.9148885087640073,0.6618623061173099,0.0690395871359547,0.9025514288222535,0.638868114703794,0.9034063873031817,0.634497858178793,0.17030352131541363,0.8819877206629416,1
0.9218875345439891,0.6244929981431362,0.31141976457035586,0.9434680140108449,1.0064978755848042,0.8661017324745968,0.8573476572978356,0.6543670606859199,0.6394583334608963,0.5349911478936703,3
0.48619038010922777,0.2212654547043825,0.1391373693719232,0.1326443193121426,0.3959232386632495,0.14398441973198253,0.24309030272174628,0.0887859757726241,0.751264841129997,0.5320381949516803,0
0.28675944724996255,0.38578848624754986,0.25028366261784324,0.602145973323861,0.5814292698845188,0.8690487909433092,0.25420193980576083,0.0993082614532567,0.5247117998019629,0.46007758363079787,1
1.172952722072194,1.1455474704435946,0.3841799746380019,-0.23091870666947586,0.9951167957442089,0.7962902809586412,1.1796965640613513,1.0825342255978005,-0.016492967015613813,1.005107324013164,1
0.22888796807698167,0.7760295789113185,0.31627371286498185,0.2099621351006433,0.9188620990062558,0.4928519812557801,0.9223545733584869,0.606455547072166,0.23150033899291445,0.6240538533028752,0
0.07824447426368217,0.12190535011495149,0.56501505044569,0.4647395740499002,1.1521141444692065,0.45741839888028346,0.750056422478532,-0.07245021686583025,0.25847730288011045,0.4833423022431755,1
0.4086100018089746,-0.0867256475460629,0.38710767454849826,0.11822184444245079,0.2636504655033454,0.8457420038231467,0.8847109982586684,-0.041122809283830795,0.5357862248878997,1.0505220679959397,2
0.2954272802967046,0.8526575556711044,0.2982351021822438,0.2672979521486897,0.8919679363380681,0.49893343604135687,0.6326845079757113,0.7738146960301828,0.7276125450873534,0.8387059965730453,1
0.28935673322643307,0.9716407551607505,0.4239314374134848,-0.12957154786904512,0.47904602088023507,0.7991952801888806,0.20905650663456884,0.16095951505275774,0.5679654209475937,0.2537268632265954,2
0.3892258732410568,0.5925405525855533,0.9218137960520268,0.056904567573707536,0.7868204186287753,0.4986061233410757,0.11489131504853203,0.4927075589383418,0.23158477194054977,0.3601374272818432,1
0.6890377482357881,0.4721002335385723,0.874958126715838,0.6174644515078029,0.9021568419846286,0.5633055890081687,0.14645614004324725,1.0220568539404824,0.8576324895384209,0.48833226190001877,0
0.35419855888079876,0.10769515278836117,0.6760607428496597,0.9327168707974741,0.7084300008672985,1.1668837118931432,0.8334085096532006,0.6770420807465382,0.14360020892007042,0.6066648710013957,2
0.08275094775530112,0.9033893589147407,0.7946868544374489,0.423449220191246,0.4805265156055425,-0.03419192442956441,0.26760222359993086,0.6387672268197075,0.36661865085922685,0.9182994652237824,0
0.5909162170731882,0.6018029610447011,0.1748152520336586,0.655501733311307,0.5711462271930628,0.9303375997974352,0.6548696379988284,0.2292191873467566,0.6235068627342872,0.18049300685877892,3
1.0183461624937398,0.365817599016116,0.7516870231173115,0.1795812162541826,0.5559567093063712,0.7962841651276216,0.5727902187380658,0.11823507895395821,0.11124692931882646,1.2496227144111818,3
0.6199921722397987,0.6830578102281946,0.42092480664280896,-0.019108200940944037,0.4734111288100783,0.45798558323247157,0.5577251786169918,-0.07673839009566266,0.6336365030075143,0.4325918214722894,2
0.3086992285483543,0.4032466280128202,0.2754080657071447,0.6170938882527227,0.5712559516584683,0.858417931919304,0.2697512854667217,0.05726931626912743,0.5387554841806979,0.42728349318615283,1
-0.049714027143120676,0.07694747325939719,0.2423112747262991,1.174823492901244,0.47959413329695477,-0.4742537883576473,0.7725919091678243,0.4922956488972001,-0.14953087402619186,0.27918926392324944,1
0.3046579233155059,0.30671354351800173,0.296678128736704,0.812889938656415,0.449787293772605,-0.024384381997428782,0.8145192912966421,0.3865789185058213,-0.019251819690794994,0.262408493540971,1
0.2570041654456609,0.34399790010797504,0.3176466712648056,-0.0019555063182582627,0.8397190753639668,0.45674123742685574,0.4282508185992797,0.9578409383252228,0.20854947539612803,0.6142428632637068,1
0.1683966967144478,-0.19594120407849974,0.3749424629314529,0.7910127326593489,0.8300111845971057,0.02504936039226313,0.5347029751221724,0.3417454890944514,0.4406522973197326,0.3648194018577271,1
0.6686481222265553,-0.0006651087943852219,0.43790276499442105,-0.13271960957366963,0.09018996947838853,1.027467361697679,0.9399920996612414,0.050553888915050554,0.7152620000863417,1.0510743002926561,2
0.21428084761288746,0.29072724090575697,0.21711993847967068,0.6852492446585349,0.3542809112078829,0.002291145680499495,0.8108673643213332,0.47896584238545675,0.14879413320015522,0.13809902823353953,1
0.1357313747245479,0.4257560051276471,0.1974368423339602,0.6418146925926318,0.18321122659164846,0.7248482837799395,0.20251333129626808,0.4217809880930542,0.9259432352564358,0.7325743081344813,0
-0.014061719126728659,0.14496630203338046,0.41090585537578156,0.15728730834356952,0.7954583088924622,0.5610393710608417,0.14948466270560914,0.10056090704943725,0.23242210633983984,0.3829904069096277,3
0.38279907431539717,0.8849419671704155,0.29534919755832645,0.2683467889290316,0.9737319893669384,0.6098915310631068,0.5043920824892697,0.8388178892865735,0.7441887674650789,0.8085859789862366,1
0.33423787591224696,0.3316301753657352,0.095351074997991,0.584953083109522,0.21034980832534086,0.5146824760316874,0.5219979233734721,0.6497584217447865,0.4394438957933027,0.24520453221554378,2
0.32843152880115645,0.3127730137847551,0.3306169058570739,0.8665836782346742,0.28409678747407763,0.2906249977431313,0.05931034676217289,0.19012645428032604,0.8693529439129769,0.9242980207563861,1
0.34436674197805817,0.0703500941401463,0.798425095264235,0.24568964544047917,0.9162077797115981,0.5388323055833435,0.2909439322917512,0.8133387062694366,0.9838973504044636,0.521414349979142,1
-0.6665437662434867,-0.06086933765929793,0.7744015152295343,0.2571524811456882,0.6467510639257843,-0.0833860405506931,1.087915169205663,0.2040550707733242,0.3088688221265475,0.6182907239038663,1
0.7072864980270629,0.7205811503937566,0.4093791130392689,-0.002664217233929761,0.8098199418963024,0.6703256394460787,1.1079839301423149,0.6814622727054362,0.32617199666854013,0.8383960174040064,1
0.1905254799730519,0.2427282670277751,0.15747256967698642,0.010268937286405024,0.850369634665893,0.4769518575681812,0.2533140998527678,0.8021948405882772,0.042322872489229356,0.45699287131869937,1
0.7088071062068894,0.8144559859817733,0.9913761300592135,0.7548402140612964,0.012147677869236179,0.9377583833612584,0.5246981299430997,0.7469103350479903,0.9548246689311651,0.47919681482642223,3
-0.04807396071251108,0.8253412228366191,0.4029121199927202,0.7840918966224335,0.6426196772780483,0.7537599122819436,0.6396060428961206,0.23042369359756987,0.682686103522064,0.512618074296394,1
0.2971359142702634,0.39139815847619625,0.2691827904691403,0.6004194245214151,0.5890645991174054,0.864387825290647,0.2531015885764544,0.0776387809642206,0.5037843493733336,0.45444944366608603,1
0.04460900906312357,0.5687423087462902,0.5036698225539151,-0.11075379314327438,-0.07140725542898929,0.9760875164926032,0.5564628777173323,0.2050256717920332,0.7936362241777181,0.4514846385524975,2
0.766048991362843,0.34923489284861886,1.0734329148270707,0.9745853040133785,0.9008669333390705,0.7443132686718159,0.42260217675458533,0.17772678249762744,0.9559869344981858,0.0263215182243145,2
0.42665031850447455,0.6027506540137453,0.8046480190326337,-0.0739107884291521,0.8987688554556581,0.43226749937810377,-0.031294862472401264,0.4296968759591268,0.1421950951893402,0.40520102337068453,1
0.48357279315109714,0.2769441579560399,0.10642367080576387,1.3887309752456036,0.7933842605493867,0.1517179047335397,0.19365027397050688,0.9204587565443643,0.405752679800676,0.27054160646716907,3
0.8543484950572422,0.8742532351471157,0.6215452882072436,-0.013008348990645374,0.8563601086833292,0.6459552631341507,0.9531700392106401,0.6393410367107912,0.25605796234728845,0.8924827164763122,1
0.4820819622992156,0.5591066572896554,0.12953020843617608,0.6247570844905209,0.6871630962802959,0.950973789621338,0.7177275251080912,0.2789723124122878,0.6952666901793916,0.20279086147363085,3
0.8166907230107091,0.6982430868315073,0.33157611708122015,-0.0826727517523933,0.6196006484400908,0.4640292356506055,0.7975469861195897,0.6841505996428211,0.35863014269577387,0.9209659939885521,1
0.7221294938351384,0.777209058669031,0.8287521497409646,0.589945372095108,0.8181067787069441,0.30604066260314405,-0.23376407457528536,1.057052079275962,0.21279198541578148,0.39254183759110833,0
0.46372924921806064,0.6963919985170817,0.4741182353726944,0.09145101092416227,0.9055418961991655,0.6019126808046158,0.31211259495301746,0.8201826568011827,0.7084897654565623,0.7583088710185669,1
0.6388823477905986,1.24483598665015,0.7448248566002625,0.576492695462941,0.8387883656368154,0.1003092362259479,0.03920659899647516,1.3903194846132854,0.4842569541857615,0.7650481636289366,1
0.035334224251787026,0.9061956566380933,0.3621279494075482,0.6986113822910427,0.7052907687416083,0.8361110594751165,0.5934049404636663,0.1649515044994951,0.7325293049653187,0.4645459064554579,1
0.2747921986396636,0.3797533993357481,0.25839593644956477,0.6114479824749248,0.5697863998481969,0.8628853576924953,0.2383957619735951,0.09856568353781363,0.5300125050808138,0.4628667447549123,1
0.4408642293796792,0.6774644360765978,0.9171085199934568,0.07346930235134294,0.8090098026136371,0.5672482566254224,0.06665666728966754,0.45821452543086016,0.18632014403796804,0.308561006426158,1
0.11129800806484492,0.27394160996426853,0.5668418914784914,0.30435649637159246,0.7429065975171584,0.4430893654586642,-0.06598464206608215,-0.15705013311798544,0.24857736354121798,0.19333679257744613,3
0.7636993883741248,0.3468139671172592,0.6362435524729628,0.4172002840663823,0.6878295134799741,0.972472107969,0.35756516934056526,-0.4296585487691343,1.0739014066969021,0.4176441718330254,2
0.5610752742782114,0.9680614148793952,0.45145903693664163,0.8234657362171176,1.0020938315557726,0.6452480971063639,0.8644424733631176,0.12955907348176288,-0.07742410604750485,0.07357719322974866,1
0.02011103567682683,0.9016593601167521,0.36577680949052105,0.7196023107677157,0.7047396775536794,0.8424740297238978,0.586599805945616,0.16694876116522597,0.7246584701912766,0.47282475790376427,1
0.3420815824575724,0.2961977694613706,0.3279276739142453,0.8713248840008678,0.3022721141661277,0.30470846808749436,0.0470396942636646,0.20237845980847471,0.8464341092469437,0.9070680385922758,1
0.19622291001249217,0.4973525613279524,0.2268478866977293,0.6382254492714499,0.3097432421582899,0.6397815205624666,0.1843064663360324,0.36148970189695695,1.016720818355509,0.6409872752348529,0
0.7367362429867245,0.1292016786547855,0.6695137238377588,0.7254173834325974,0.8347981846095567,0.6327409490774635,0.4111024444582322,0.34347762253189046,0.7402393120299341,0.8413058211255277,0
0.24651857550875209,0.18827368140293788,0.4006585134189543,0.8318241936247933,0.6004756200192308,0.19729822693580712,0.9087755504070926,0.5219328086059836,0.21317120327012767,0.15667241873271703,1
0.4706827088661717,0.7290162746064834,0.06248251578851727,0.002465919646502779,0.5481038147463699,1.3281348551543761,0.002873216414345653,0.46776337096799436,1.1590732662174381,0.9708021451654132,3
0.2651862353823695,0.35636777251405205,0.5788893257404465,0.3870017597046406,0.1721652815519226,0.7311294333128924,0.4945763269900859,0.5225557138933559,0.6763293136383881,0.9894184476999037,2
0.25292960830860095,0.38698237474872677,0.43277992881266125,0.23040706921892,0.4506974189541144,1.0100360404220874,0.20233299805638114,0.8621121940506277,0.8613267935464726,0.8462232069892599,3
0.39899009207256936,0.6119329673399874,0.939633908420906,0.05515033789732706,0.7849773726607888,0.49644550404684396,0.11176230575361634,0.5121263726818203,0.23937472698865542,0.3820736599271346,1
0.37002600304509614,0.39964008047649335,0.39361855122841166,0.6995821524739317,0.7761453858138663,0.4465924259012367,0.46343858034590285,0.8015408253608161,0.5189129076919734,0.5222961556181357,1
0.9337868953969288,0.8907015710524978,0.6684843224405854,0.09529772775627167,0.756159388773631,0.5852382841584594,0.9606160281325102,0.6592951479016896,0.19273953619723483,0.8681114290465112,1
0.26285546389591774,0.3588534284365123,0.5781151768142762,0.39063138734378267,0.17554959512851048,0.7283077990011969,0.4900267832404328,0.5205657108892479,0.680614130334304,0.9850179432122007,2
1.6327015145451769,0.19210884034282083,0.8460226974307689,1.5157283300649138,0.9025453001831343,1.2132258079445049,0.21288031339429925,-0.21254286125430144,1.5118780972020065,-0.08883932839799191,3
0.31238638820071213,0.2862004388715208,0.5624326032735333,0.48788387306228115,0.469066226901335,0.19051930607743567,0.2533083828777774,-0.20410634875581257,1.0083869906009255,0.5185085447478898,1
0.9359431206421007,0.6505112130351954,0.24517718982357162,0.9565197843972615,1.0023471528902905,0.9195468407309917,0.8424742296497543,0.6680790931253368,0.6389151903219812,0.5494373131549358,3
0.3178212057210377,0.3743499074082573,0.2278209998562643,0.58074245913644,0.5969150055766534,0.8196327302439919,0.2529246833250113,0.06525896144501815,0.5528872208528881,0.41801888515592867,1
0.5162871082988592,0.06602783344888051,0.8380081989708904,0.1608423644588724,0.04719859235543327,0.0326999401988277,0.6039160255334642,0.6841428096012668,0.32214060369332953,0.778284673309321,2
0.29593667400514156,0.8072973816329991,0.10066735141888589,0.4358827308978117,0.30126125422082306,1.2552518661445669,0.592976808981882,0.5792415078970568,0.526655599809162,1.0270233908092925,3
-0.1385331721872049,-0.07111815739526156,0.9445057544434087,1.2601696433244651,1.039139128288614,-0.07095447663857196,0.4948042924834443,0.31840417695866546,0.25173901046781794,0.6281581403941222,1
-0.07657315569727174,-0.053216216915693726,0.41961149841933887,0.11621500373762868,0.7763884025016662,1.3145268531233767,0.44218507266998086,0.3775106501870492,1.1523643804194026,0.8830363555285937,2
1.013673755447804,0.7374002566049354,0.8015079558883105,0.08050847415383977,0.729746613611969,0.5407363041849726,1.172199846068932,0.880730729353133,0.30939490340713494,1.1577426118451541,1
0.5804643338100803,0.44107939738374935,0.13386187174898473,0.35297765239545664,0.36374726360315623,0.7184543659986712,0.7873283936364915,0.2271535610883453,0.815540382218278,0.2986119865534772,3
0.5470156738360841,0.07996823857184915,0.4403311730930899,0.23757050393897136,0.4145306573273183,0.7160224142480085,0.9845803468566006,-0.059752057105846745,0.5933704183224365,0.7999772721656613,2
0.669194611475114,0.7207575910401585,0.946604865666662,0.7464907242816273,0.11321907256177025,0.9804541611840828,0.4829202458696,0.780788186663621,0.9259704939261402,0.3916620376954808,3
0.005371271136018152,0.3276931939014005,0.17932295743792248,0.1037123834449113,0.48218957902393855,0.45320473141608214,0.19941662934361876,0.8145993730194238,0.5752126762271366,0.05538004809945585,2
0.3426104986689767,0.9659508659560141,0.38241280064523886,0.17452767743403869,0.9963211690968427,0.626448150424238,0.575231074857078,0.8273866093160035,0.6769580254010856,0.7121218713461899,1
0.4858312446521048,0.020021045152093436,0.48871675426031413,0.1147084716765425,0.30079630512064626,0.8580389886134672,0.8913097372030596,0.01992346663886448,0.6193055482126599,0.9565955788133071,2
0.5536340428603266,0.24187403908245508,0.5898466783221794,0.6244500298640991,0.6959132865077484,0.7742347961429955,0.5022725424363143,0.5145077304059924,0.7004023373200388,0.9431861584280379,0
0.31764344354563584,0.2780753805156933,0.34160720659752153,0.8613115808123697,0.31547724980920144,0.30908047929062626,0.06201573398906019,0.19245505633893933,0.8677161179859987,0.9236229751006824,1
0.24097711937497382,0.27004790519381017,0.8393042592458969,-0.09454569978239663,0.562326177214421,0.37900430210545816,0.2585505137247921,0.4037830151795309,0.4510747592913814,1.0161115591943106,2
0.2971621629712933,0.305703385211681,0.28608382390696324,0.8004638376342001,0.4327132029986577,0.019739750048644877,0.9131681058152488,0.39310576156719523,0.047470577939746364,0.24075641778802234,1
0.1677083643743778,0.3871894504848606,0.8832768161034421,0.07911968294048533,0.5377397968874963,0.2832655438195946,0.2938254965592281,0.36336189758132975,0.32769510778432454,1.0168611349998387,2
0.4736225236083139,0.08548861058144272,0.8380688633551895,0.1730061935700445,0.046447302130331214,0.03336561174738964,0.6214370961564871,0.6837200439833324,0.32480144075267897,0.7571876902536152,2
0.47481126324183065,0.869598667151651,0.5496780240218305,0.2883378771282787,0.6067660586868909,0.02306264736255181,0.15457233845518217,0.9145649315766244,0.17408453149752076,0.5916401741620398,0
0.1654885818798567,0.5251463686727661,0.1532782675305488,0.022111997758624047,0.3420816025205673,0.6301154682356379,0.3517008639269294,0.34933439173894626,0.523192774493455,0.5315387350000352,2
0.6094124763027736,0.8050509848139241,0.4454608618211283,0.4116990307923001,1.1585656504056379,0.6612430285236532,0.3783548047092532,0.9861372986652261,0.7851775385944025,0.7681157039330434,1
0.9609197718152803,0.6972424615993232,0.2870860755640742,1.0509795002216638,1.0729060661738026,0.8490583975360294,0.8130784719749334,0.7380156527872663,0.6014654757891658,0.4818002982493558,3
0.40267154592103843,0.9024593298552092,0.31036206052430565,0.27053984998907943,0.9626091173953676,0.62349061703209,0.4989668125955078,0.8522344970154866,0.755400948663867,0.8075686276646653,1
0.2043761960616634,0.5238986237050586,0.21486178563348687,0.7048631822831566,0.29957066657777753,0.6106254550433969,0.11850404352359625,0.3331988194227136,0.9896010946825708,0.7092119348698371,0
0.4195324910062229,0.11850571671426464,0.36779222900210745,0.8734093530460153,0.6635111558999496,0.9562049777422247,0.5685900290451359,1.0211344570546899,0.04885782192331745,0.5137686719144827,2
0.3975573828388529,0.30607052342400864,0.2950142986336851,0.7796764227564189,0.5238960414266782,0.15310952310906956,1.0019947701028986,0.27741154284741454,-0.017304723189407123,0.12748462018794285,1
0.2824043827067983,0.3841251952187932,0.25304648158794946,0.6036076191468339,0.5783912148021644,0.8601184524692342,0.2467722973434793,0.0947958608225204,0.5272892553440148,0.45440798194419374,1
0.18303796347732798,0.4295104970963857,0.42022221184249475,0.27288815984054654,0.49160014281036185,0.9679818240203204,0.22623227567876436,0.824709073152184,0.8035515934182389,0.8209907480831238,3
0.34779863559330904,0.8776032710467562,0.5508377865425156,0.29200445099501265,0.7922926524730541,0.055689321421904324,0.18185652459147097,0.7167442295001183,0.18553777385346637,0.774176450279826,0
0.12848718051432456,0.05807737320776171,0.2054224252444968,0.2255283141131244,0.5970044140128254,0.48866435391867713,0.19807169437331318,0.7349994462255078,0.6043251359170574,0.3796285779765743,2
0.9862814078650591,0.4691140481013025,0.8256276936771448,0.5563197859314469,1.1947499273647417,0.3877588309066625,0.07625416171674676,-0.08579331518278066,0.31220936549006206,0.6280529946034694,0
0.3472305337592786,0.1353979025789388,0.2715981204230678,0.2669336332465378,0.6036566713486972,0.5546717643617053,0.490106000031284,0.8640816744385853,0.818243070285035,0.2905836629475526,2
0.4271007536730151,0.8816569805722428,0.22594492059411603,0.29756171941553305,0.9223137314293934,0.6126665166674066,0.4646359783329834,0.7930661290315498,0.7517464265267031,0.8339804610935388,1
0.5724141356755266,0.8802541282135168,0.6055524412080386,1.1293243182113542,-0.06230384079969667,-0.06917204700151913,0.060672532502637946,0.5181557528386443,1.0115699240854188,0.7547533904627213,3
0.473305930243387,0.07819089658495856,-0.13319978543411598,0.6182410212128864,0.2903648020235916,0.26398146586289317,0.3626222037961855,0.6846183837098162,0.38229407106762686,0.23684900306793752,3
0.27350036620235935,0.25555314882210284,0.09923123604336676,0.13759435522382457,0.37696519028451964,0.21198379750089666,0.16854154598756657,0.8804440349316414,0.3577900121936691,0.3266104252381625,0
0.2290994710726132,0.8258362293360767,0.36982136682055267,0.21553557020484437,0.8688115124580736,0.5387851540330038,0.8679714937633638,0.5522571552958319,0.1904818314800641,0.5815068116289777,0
0.5015147811183506,0.6937605517462195,0.47592217487119215,0.7819181420706587,0.30764104975578405,0.30484533945704073,0.16422522924369892,0.34583082128388287,0.6832284031228593,-0.02716208198727582,0
0.299401403832144,0.1949934430580742,0.27444362642441184,0.0359045778373967,0.48845915999341233,0.9678543405955503,1.111481960745837,0.16557880440111303,0.48814293248443874,0.9778287191802434,2
0.8875799251542874,0.6316538447372027,0.2827229280879289,0.9960707428489509,1.008570758588846,0.8601526805430708,0.7883698866600082,0.6999765554590182,0.6664629114247801,0.5541112993283188,3
0.593726325642978,0.19806401889870412,0.2886374555273217,0.10618092025262049,0.17403238880127608,0.6720238016132485,1.1418202510186453,0.11399073939302341,0.681654737341493,1.0180957457347257,2
0.007187653925531501,-0.0012144233221536987,1.0140319913020017,0.6844537505759614,0.8292112590394962,0.10369686490771239,0.5908726598922012,0.4707216900101089,0.2844793427624142,0.10531210153447226,1
-0.08306209660434959,0.9410550896927822,0.40790525728014,0.5939737201708732,0.76013498158461,0.7274247522809112,0.55190751612382,0.19794018447581854,0.7949790051611226,0.435978465590907,1
0.9229564377508132,0.6582153658530779,0.2641353152606292,0.9859485929431968,0.9784933448660919,0.9008677241951094,0.8128511759015132,0.6742886495578004,0.6302699075127757,0.545344176100872,3
0.5098330464104742,1.1296887364775963,-0.20755773035102643,1.1913424098395633,0.36217482721582595,1.0927766935943135,0.5048963445123795,-0.21785029966642,0.34250557276189075,-0.8043227709303227,0
-0.006260001246119917,0.06306378215717003,0.34408429683911523,0.4300119322624151,0.45678806078817674,0.7732325876594925,0.4852991217957738,0.8341932398361862,0.6348602047788909,0.34319928285218215,2
0.8956925984833033,0.5648776754652547,0.7523883801998921,0.6600769288740069,0.6947787811935182,0.502804229962109,0.6171553022859012,0.16905434310395945,0.9341037697395962,0.28682635663703143,2
0.9680125406172502,0.7813045622688656,0.35311858528110607,0.2805029000810749,0.3539979252756478,0.8776230630655615,0.4237469593362105,-0.027596199920091852,0.8690236268218019,0.49887997276011226,2
1.0773378359699586,0.9552981329843055,0.5516344482247081,-0.1268683476318709,0.8421707288094349,0.8039720638463678,1.0188069473518184,0.5563939351519057,0.3701796646971908,0.865872530598961,1
0.3502591078792556,0.23349799450808204,0.18721770056887205,0.2710764142901635,0.4635595657490617,0.7277696425741108,0.3655006710490639,0.7527972528953119,0.8120141517145407,0.3192970912040284,2
0.6062876529097647,0.7139292092262207,0.7906850466824742,0.633602581838926,-0.03908129800561891,0.9483155153100794,0.34891762114384656,0.7370539459790793,0.8478935079100645,0.4640305076690995,3
0.1971055374388444,0.895316659603943,0.31039754331825886,0.1925110406168996,0.8025439899619047,0.47330151359548656,0.9366789967752867,0.6218403715892489,0.18223242100307216,0.5623682803882095,0
0.5045109480658307,0.48305805249057243,0.17178171879926768,0.28277679336945455,0.3099034695620567,0.7719320993297811,0.8695571373411639,0.24154223709160944,0.8172301966196779,0.23506963044908594,3
0.6526513137968655,0.5096811657662034,0.18850298049297087,0.7702556848009472,0.5526379262048389,0.9236484101440433,0.6187587638673238,0.27857927557473955,0.7542335949526753,0.08769401804632898,3
0.5508661409657137,0.5683327273115034,0.14466239339128184,0.7032409854752544,0.6159128856842955,0.9833375988172773,0.699415202680884,0.28350613326444635,0.6644514522975262,0.2122784843934558,3
0.896075443258879,0.0387306125999235,0.48619752595298865,-0.17752149918100718,1.0247911796693705,0.6206870826855881,0.7180163902663995,1.1866178553787106,0.5983587976802613,0.6676852032206413,1
0.8750740936082247,0.7691176852743372,0.1532755107080394,1.0258675707557603,0.9781080269084814,0.7530212144457907,0.8581262108280688,0.7698801178508075,0.7412166233131096,0.5973164641413468,3
0.23245514100496462,0.5959235355922369,0.3198576805732057,0.06112290754115193,0.37637765398453066,0.7267672428207765,0.35829990839846426,0.4777181751216671,0.6294205856542973,0.47356219861708676,2
0.5960456007051148,0.31662875732492646,0.3900199626088015,0.46441365737485857,0.17114325869498653,-0.21544723401753124,0.5455677784523573,-0.10666850718299845,0.9594905791565544,0.6440878144606199,0
0.07887406853546904,0.03721011126017061,0.7187551296617066,0.8918431284020397,0.9145135213161878,0.41525679341186833,0.4530712695695662,0.052499021848130295,0.6714587290268422,0.7315621587399227,1
0.16563558916224974,0.20312518404654387,0.1495737799921437,0.6091672696679518,0.467974120162122,-0.07723014709437466,0.7068705203891584,0.5722759428436525,-0.09732160995677122,0.13965093211482318,1
0.7795187954181704,0.7615438868150913,0.3818572892871885,0.14354285664703434,0.31008841200377474,0.35936554170563595,0.4061096603193963,0.0659788319694414,0.5918258354478481,0.30802994977768056,2
0.268203861171854,0.35966156780225234,0.5798461140243513,0.3884979560927561,0.16925673250989742,0.7282279500164643,0.4915765503519049,0.5237999034702473,0.678075709988373,0.9878076976787168,2
0.5813156653723552,0.4312434442190525,0.16365616591681983,0.36501465747564554,0.36831609523835174,0.7414938020770205,0.8018162376589394,0.24620976560306645,0.8188638642832805,0.23196500606838144,3
0.7892023316734001,0.9832621458238799,0.63398759112063,0.8642918576179294,-0.06936113501413388,0.13928585335014615,0.15078639804534047,0.6922485224977208,0.7606551712020528,0.8340386263124665,3
0.19717074617992017,0.24153322638927782,0.25609029989347887,0.8119690083675208,0.4655444616432807,0.19415509261759384,0.9890826725544409,0.3892886893560779,0.23561743607362937,0.055344483900085756,1
0.2776914053101548,0.39052641411266487,0.24470779648046956,0.5998033377515796,0.5651276610544428,0.8725890305535196,0.23297594566613775,0.08293559033555191,0.5279558646347519,0.45465394684234006,1
0.3141571551422091,0.49292343917152165,0.2012286009078151,0.10908183264001153,0.8320311557981482,0.7063676058184518,0.19953250031032657,0.9059056132690294,-0.1778080441376718,0.411860421501656,1
0.2289522826400553,0.5681593345270466,0.526665201173707,0.8986905423694629,-0.3089159272005884,-0.0945240451355174,0.42723962934372983,0.16338893000618587,0.6909766775182875,1.3130161259773285,3
0.7582311320993413,0.39819506813916267,-0.046667770059188485,0.4625146738014336,0.7374278814253242,-0.05548749694214268,0.9709097944581058,0.24727309945950351,0.4230865206481459,-0.17663603698681002,1
0.2202347289690305,0.1055821261876635,0.3939273846944755,0.5805089443769913,0.5439407709841434,-0.30061354573036764,0.7903500780030521,0.3411723475207392,0.21597083207015824,0.31286985385682586,1
0.3068975274349801,0.428475899507313,0.18062482282368286,0.9849680393975591,0.6405999224337462,0.5176632228454694,1.066710745448399,0.28115962527046234,0.09865076825833671,0.19156801285677127,1
0.3822037848056742,0.7039681822549281,0.6635809164877828,0.8901489531865014,0.779271778459972,0.6147803184350623,1.0512245471730959,0.2885993281996435,-0.1687143168507732,0.35814188998484986,1
0.24150073015887452,0.16994639940244116,0.28647436246981545,0.24847372349059269,0.4653571893995954,0.6100130149368223,0.289350516272414,0.8042117610503497,0.8357438375962298,0.3497702809390082,2
0.24415780056343198,0.7793700857340681,0.49359491911397213,0.13426708782239125,0.8625185146020736,0.47625489642554186,0.8061772799017819,0.4726682429484733,0.05762894076266087,0.5874235203372069,0
0.7597358686740767,0.7259746484766373,1.0022239926456553,0.7356088668960722,-0.11437141939333748,1.0971894782981058,0.5821515110142074,0.5820818206839715,0.71531440748863,0.5356960786802665,3
0.6281446724796907,0.4623850343215023,0.34825035730354365,0.6342113529334494,0.7348821535777452,0.4639467679441801,0.2702150579819168,1.0020168961539022,0.7007042153392936,0.7415151207281607,0
1.0792754587203344,1.2101729310452196,0.5048555869632425,0.9461587880980743,-0.21777695996482926,0.6736856344808533,0.6489973160741067,0.8222333010221474,0.6960584374401262,-0.10199753858635696,3
0.30583859744044617,0.40362857129811647,0.22260999797588418,0.6252045090627241,0.5873154763613622,0.8833521341221049,0.2747237038605578,0.10680934731365403,0.5504344892157901,0.4290064750042449,1
0.49261536001614425,0.07673991972192255,0.8312283408916119,0.1592454319858313,0.043923239891336736,0.018048762760932258,0.6073447815450004,0.6820489409791747,0.35409257624749113,0.7719459400928118,2
0.7241021828194761,0.7939336993083963,0.6387859295500441,0.4300097724079813,0.6137220847562751,0.6818852172446579,0.6745858194048406,0.06460478156748041,0.4869074223619906,1.0287275522729675,3
1.2756131372599455,0.01352896061561043,1.2957103688548406,0.8376476450959409,0.43850172184854735,0.9876968999129256,-0.4794798528842986,1.152755559453193,0.903300339081843,0.6396132489441289,0
0.2982877576495155,0.3618510524599807,0.22600463275850652,0.6195685253307588,0.550635548893213,0.8535798935659025,0.2211518791403088,0.10232554816688985,0.544513085344159,0.44811504809107294,1
0.26697568332146027,0.6539159512899904,0.1572338265299863,0.14893945875774725,0.340793742133127,0.6253631337518699,0.40915710924160537,0.4744478585867475,0.5618013006093755,0.5968721912312295,2
0.3506047521872494,0.6086953039790903,0.9814375835949135,0.03414216952884223,0.7926466821237934,0.5547984114694688,0.0524855038787112,0.5185842919805923,0.26238632315117194,0.33138879533630183,1
0.44062216626914097,0.21464346733046977,0.10466604187461473,0.04334639757234646,0.3727545931621783,0.2172641356365317,0.32276089604566743,0.9815980089291096,0.3322888461120815,0.3706987492789916,0
0.3422362307299235,0.8095745786188032,0.38908331911854893,0.45696393340630104,1.3081198946597898,0.3418016080334678,0.9447495857471959,0.24088445966646987,-0.011102772868571517,0.13936336151751935,1
0.26491732165788284,0.3565203962454603,0.5785384530769958,0.38674693801498333,0.1718970087665234,0.7311228096342863,0.4941406284486991,0.5228287723895024,0.676105851004563,0.9891771014933548,2
-0.00011964898939956226,0.4196742222292137,-0.0047671205177926,-0.10506432949995081,0.06914587586511955,0.43535478524868515,0.24850406734882224,0.5300879475358601,0.6868321752675377,0.5688139524348836,2
0.1214996147136266,0.8388690859206948,0.48719664229453735,0.8353807008911569,0.759348583919949,0.7994632903424163,0.5121087030580181,0.4050997234737139,0.8312362257383697,0.3065632173367551,1
0.050401200679150944,0.1477769061172577,0.55914584598521,0.996093021831636,0.7834836152162377,0.39553783743149246,0.3938575860814605,0.26403782183510077,0.6891402685867679,0.6067248083813669,1
0.33948162852294883,0.2964063114010203,0.3283064332319555,0.8715027540340692,0.30135547737811025,0.30797163453339027,0.051038503563999145,0.20253476936354967,0.8439416776571622,0.9019921019313746,1
0.9736153160232544,0.664695598910658,0.3019323218356906,0.9853667359461328,0.9813158168451618,0.8692512405601193,0.7897631945322343,0.6776821009714175,0.6042759741122805,0.57235223126383,3
0.0775826406085773,0.34634251654527964,0.3269144674883036,0.19639916831747845,0.5198859365796815,0.9622729116334031,0.20782792038513087,0.9232990155165631,0.6942412455138907,0.7866513676888667,3
0.6557353874664592,0.7584752212500122,0.9299742754026161,0.7424709317325416,0.055017553444320945,0.9962300345033587,0.4196780455905585,0.761895042023668,0.8807355381347378,0.3799605686603795,3
0.0648824684750375,0.5896332749653281,0.4070473917684311,0.27772972653700156,0.2728804341757794,0.8904885897626414,-0.0480292637085159,0.9212274304943944,0.6900488990903034,1.0149634612751863,3
0.17024404261159554,0.4912137829428675,0.23758992670293427,0.7367048569500688,0.290415000912897,0.5995527509070856,0.11324172305564682,0.3230954610720468,1.0101399965571216,0.7336442087148868,0
-0.0038509568213806883,0.07020736221782647,0.8002799462038412,0.8111698819105262,0.8394085549501982,-0.005532327807541301,0.7533688526018785,0.6134940844679846,0.4353676653581824,0.1623973047303195,1
0.31455834660966975,0.3320641872509711,0.3203164071197109,0.8961996449022094,0.34022244928987216,0.2949890154668905,0.02055023263730023,0.24360077860549031,0.8722585508391971,0.8751012132117667,1
0.2935976274922317,0.7397443793519002,1.1314261905310785,0.148624003535142,0.6262325270751525,0.6785758191895941,0.060888408844699794,0.7764208263080936,0.15069417963973877,0.12962339920530686,1
0.1703959536498238,0.18294470493406906,0.2955858765747704,0.3326493185057603,0.4479639428802456,0.5459232564690483,0.2683479077975389,0.758137885258149,0.777960683152236,0.3234136320652887,2
0.8790426955080157,0.6195822678324121,0.3499007306785318,1.0394509070436433,1.0188839029071697,0.881949556773824,0.7956753039148239,0.6543309212485069,0.5389531062366438,0.6390795848152345,3
0.2920419694780029,0.249327409514499,0.12496562770823552,0.18760566950610347,0.4356861621395739,0.22146631663032793,0.060909525803308204,0.7323826992810771,0.47370233808800877,0.25652120090417724,0
0.5581607613481767,0.847699235672671,0.01090847809435272,0.5321557064352574,0.8689614847693626,0.6168098192703784,0.9163961940726575,0.9025291564260508,0.2137390214956882,0.221060268721029,1
0.21116911905502833,0.5437075856125275,0.2849714394857254,0.08437121920612811,0.15523156290553147,0.7099690114941104,0.48420739468276563,0.34150372481914215,0.5463998801958962,0.4505187151817437,2
0.33956510123138167,0.3268907934358426,0.08928067656088656,0.5720583568356403,0.21606577976541963,0.5281586538807571,0.5340600686971106,0.6554316660361991,0.43826234727590757,0.23249012617100906,2
-0.15319876549855319,1.0287531604971085,0.39421213800304866,0.7040185004845801,0.7147249538304549,0.7523117253148108,0.7023352640167404,0.035715161864104866,0.9163415019862372,0.4364524897880544,1
0.89052962376036,0.8015109372444842,0.3718536476840939,-0.0709731243538391,0.837201603529293,0.4314731002117016,1.0822102433553695,0.5817472864978815,0.42728410544663004,1.0632610910048388,1
0.03587528669702746,-0.07392039063416742,0.7929465298961537,1.1544004606733058,0.9185572378323561,0.36707790596556855,0.5400260532144903,0.18070196521818202,0.8354546641148959,0.5711039740047199,1
0.4803074027553335,0.0877198452849687,0.8499476269015499,0.15728148309542106,0.05762817490560045,0.02744643484559942,0.6177755549009348,0.6758430351816724,0.35723187167363757,0.7563680410520893,2
0.3913681567896629,-0.0733836828118451,0.6890372519532716,0.5732481222338223,0.5755959798226937,0.5231727412195949,0.3988985059120332,0.6280993973323932,1.0057863815761003,0.7779031776172366,0
0.38184893188413,0.8330400323950332,0.622931969523003,0.20078752109198816,0.5755995103355593,-0.13642700239900765,0.3463459146958317,0.8948994742894365,-0.04471939144041223,0.832681415863584,0
0.033871747858792794,0.7357296678726842,0.6949834682784726,0.32709012724976816,0.7979300799335722,0.5803543226383315,0.5588247780535278,0.32251479655478876,0.05297592400586548,0.8791708374529895,0
0.755003517698688,0.7829209094790776,0.40314458000577685,0.12600336468578635,0.34939124488743484,0.3929674598455734,0.426374762261643,0.08932737223548917,0.5892996348438723,0.2869425872013524,2
0.42182753521956773,0.09367744022965512,0.24726093397096405,0.8595940875760533,0.4998089898908841,0.9515183113184102,0.5419810283714719,0.9927400329782404,0.01032187653810282,0.61573606396995,2
0.9464563593168344,0.5877898357500514,0.2224011252880186,1.004048602450991,0.9711236068546995,0.9007060383916501,0.8813330565876218,0.7335813357409173,0.602915000719458,0.49874914682847027,3
0.17662234728992968,0.418015906577784,0.4171504962741864,0.2777733931267769,0.4930981929901875,0.9748056146162603,0.2200322981214934,0.8174198679245478,0.8178794681034679,0.807692475410851,3
0.1851324302747499,0.37041420802014924,0.32093257184362584,-0.21826943234935803,0.23099551773280674,0.8674250867062211,0.7769596370916944,0.046374263970493504,0.4396475327149647,1.0791764980707,2
0.9660543867546888,0.9412157703666167,0.6885941522018005,-0.07340785487656015,0.7816480547511365,0.7206207026934148,0.9107067752446778,0.5884272428651287,0.2326711114998519,0.8870588516424586,1
-0.27878898309440625,0.3194426323244016,0.5019969668157918,-0.2819554276241273,0.3331801793847766,1.1245353544073584,0.7710189737631024,0.5913943166364164,0.4610092659670248,0.4012310521396779,2
0.4314365136903119,0.8245719057374159,0.3092224935345373,0.25968585160273167,0.9514172575877612,0.6224982628826947,0.5604627090173213,0.7809917469762065,0.7289342423506433,0.8647861647580828,1
0.4805850654952112,0.9885504844111728,0.5123676648919517,0.5537983940700314,0.8881689391998203,0.7905860865510617,0.47341721127278524,0.7410011697899764,0.578662535558102,0.9801370152817068,1
0.1824338570100728,0.46787104431486626,0.4061655999552321,0.2194170225189669,0.4688643587493742,0.9015873983316112,0.1786721549962028,0.8069379666362532,0.8783947568078616,0.8058976313853741,3
0.5384866043075424,0.4629364084582453,0.18501329470864022,0.38771326185945004,0.3856089771862285,0.7531646059617428,0.756246126506905,0.2810125510631794,0.8547022435144328,0.20186773513703535,3
0.34067929540810715,0.31717994648967973,0.07445969197545262,0.5804688258823265,0.2325258392387629,0.5276593792864361,0.5433337751721435,0.6720349674622831,0.4352536377733731,0.2178260465833473,2
0.31796872877070925,0.3098083161735362,0.05794051084284349,0.5516005837879886,0.2381821636974386,0.5160379459851073,0.5346106419970821,0.6851885603350168,0.4621238602625132,0.2406152448253101,2
0.34060071515310436,0.2971044276691889,0.32983862219377275,0.8692883248226143,0.29823868081041205,0.3061425895356959,0.05311030649805459,0.20632714500982324,0.8423116344945999,0.9023834078731258,1
0.409299476788957,0.3636682420513907,0.17282535125195117,0.6457527379707035,0.3091303424645857,-0.23375491264165632,0.7838298165734383,0.21714895101011583,0.36761577365797915,0.08546764507046462,1
-0.00507223402043561,0.14629813777579398,0.3746533576967924,0.13951306249116552,0.7334636345006595,0.5792249758252819,0.20739681205461422,0.12002912384366776,0.1950264394881827,0.4157542920571671,3
0.2545610646786308,0.8884011320825195,0.405530947607949,0.3440326480038423,1.0135437178889035,0.5131205279800345,0.38745779590083573,0.9323901667351183,0.6155747770321838,0.7553858929488366,1
0.2741846823148413,0.48677778000635014,0.8586410028078434,0.08546058295261702,0.8913218868179753,0.5216625735439636,0.13531776508222326,0.5133374984200606,0.27223060722228754,0.2720635506801664,1
0.3448883070825096,0.3098746877811576,0.08590882999224242,0.5606821261691086,0.2150536240387955,0.5231523523052005,0.546566075938614,0.6784977471196834,0.4549545740182951,0.22528242099136908,2
0.26424784679734936,0.35523428739738616,0.5769949390598583,0.3856208133871969,0.1713021825082506,0.7328503831637107,0.4961684193125814,0.5214346476750367,0.6772842235522133,0.9879973689291212,2
0.9083496554548509,0.9988388363853463,0.3388003007654664,-0.058703566809127555,0.7506346863048723,0.8285724600398232,0.7642776534202366,0.5292906346178451,0.060729898275889954,0.6990569447504025,1
0.7146671900153584,0.7358685536351357,0.869927922231551,0.8347768603397074,0.10392607760098527,0.9028601920809978,0.38635489159894637,0.7935581644040276,0.9331687550003142,0.29653503922526275,3
0.31986809789776693,0.04216063488430884,0.6181091521306908,0.38581503491684455,0.05854256650353898,-0.20205713674374687,0.39658237674078645,0.8438177903312243,0.19301724706409262,0.6375361698017213,2
0.2794107115226129,0.3861096412425324,0.24921605908325267,0.6036995854468133,0.5784050556567409,0.8656498109409089,0.24506603024654022,0.09267281880192596,0.522009433142558,0.4553208896062116,1
-0.043764932361684716,0.37152210584824236,0.8516658262719455,-0.006960671648496085,0.45109944932786966,0.38153803855624296,0.42896491427043104,0.3450001026023087,0.44250941440450475,0.82234359992429,2
0.7863519673046871,0.4737300558365679,0.7380359999531335,0.4270311553991335,0.7731706764634811,0.7726568978558648,0.8846788016135656,0.43283825023350203,0.36684114967985615,0.9718834319745352,3
0.2817945631717512,0.38518167854668595,0.24995382586627515,0.6011959849708961,0.5827465974799543,0.8689915130156817,0.24701445960308568,0.08671064107915503,0.519108724509351,0.44928444645307425,1
0.3619799187307286,-0.04265974291731782,0.5001427875986125,1.0099776016218593,0.5976874878846576,1.0067723748228177,0.19442912394486722,0.629105369633294,-0.19242244389078883,0.6195760619312076,2
0.13979926097924195,0.13300893444990067,0.0001429375959520196,0.9479329281149115,0.5090533055291602,-0.18530831415092694,0.6948738460235189,0.29034377286286983,-0.13391773574074595,0.22808873653108044,1
0.26457914242497577,0.3555934356307026,0.5781857562225711,0.38623758052468693,0.17189645358843322,0.7310422050156995,0.4948836813426049,0.5216996755404456,0.6769433024187866,0.9886465466948854,2
0.31572000234437736,0.26818938672328985,0.07951583033274376,0.5334586640681606,0.2585309915964005,0.4738776006705613,0.6071224375109694,0.6116761079540366,0.35060369651865914,0.17530804178433196,2
0.5670161928816719,0.873433559897505,0.8278694312012665,-0.2886726340210346,0.4954259346335943,0.5960446962768213,1.0894420672164753,0.8042799768469044,0.5685110248481751,1.1320105487455263,1
1.146336628976057,1.1055787558199044,0.8072872075955673,0.13705410536753712,0.7670596433977894,0.8437079981584759,0.8535288990965526,0.84882469488955,0.4153832257289355,0.6072052394075048,1
0.4203164666816902,0.8401085792534106,0.2529314460391502,0.2861125548634834,0.9684807517906654,0.5851067883660512,0.5144445763378603,0.8180942391809326,0.765572608038499,0.7766229091817305,1
0.856451854697974,0.9082947784790422,1.1395980970750632,0.6735326242551805,0.11798226314090998,0.8701536297468452,0.27827279926775506,0.6984590726670183,0.8448732483616005,0.39799285135551704,3
-0.015393520832879815,0.5822621266000291,0.4030050393846814,0.4581776292506001,0.6188799375640599,1.1291071956459569,0.43200393062151576,0.7534230809139149,0.8409844600823914,0.8432522374723844,3
0.5357556716350036,0.5753250467250806,0.16198452104505232,0.7144876560895929,0.5932730738658869,0.9578127282878448,0.6950538170460024,0.3038749731778209,0.663559690985648,0.18570179745240697,3
0.29927380668935616,0.7152426892089799,0.9052686997600119,-0.05578076296387316,0.8760395888556581,0.40944794793757133,0.1502887775142983,0.4501654400626715,0.22313573261737893,0.3572801935566689,1
0.16967820113804288,0.6290317545264136,0.23051135803320869,0.12262773059879882,0.27286973739577114,0.696527132500622,0.38485891315509296,0.3945561223973339,0.5831959714572746,0.5399411442181663,2
0.0657960910804557,0.7955925421917052,1.1414179629565537,-0.2464513704824849,0.777559154647315,-0.023882811378343194,0.11111145975917688,0.7869879945509466,0.09750462553016948,0.8005503513194028,2
0.3473444703825881,0.2834824829782868,0.31356422361019853,0.8611117205708284,0.3061096133581978,0.32058564542072226,0.04304093066848888,0.20156644715968736,0.8340078008383628,0.895738671499053,1
0.7422448066276915,0.7636819750238771,0.40703048604416925,0.13237598995569175,0.3194174866648419,0.42263137694976544,0.4345395524772126,0.10803187592868417,0.5863946747520956,0.2625877268847056,2
1.1260077199797052,0.7717119874637802,0.46479068127789636,0.12765158364024976,0.6014015502197206,0.27255017447037017,0.987125916631578,0.9923355516749834,0.25059657837759025,1.1913677757089107,1
0.10988293214995663,0.29121526929162855,1.0193729346281275,0.010298520939355755,0.7048258165846752,0.3455720128093432,0.29928691731659834,0.4635784099949968,0.36236251640139977,0.9084176335201822,2
0.7853809440539056,0.9702927400483166,0.7021761663301068,0.0800415329192391,0.9365010681353736,0.64154712278974,0.810831307555491,0.6093141634806885,0.03373074148821725,0.7628627084669889,1
0.9091599264360543,0.617143697503387,0.2896791466437837,0.9697278611615313,0.9859282668374479,0.9262673876025274,0.8061125977845661,0.6670131161240243,0.6280088463371654,0.5454524069875307,3
0.39433368647003575,-0.03418871706980039,0.3546643438812543,0.240412754465477,0.21125270162391266,1.0315012318381702,1.0183685254222383,-0.14899087695168634,0.4935048394542728,0.9281345506807891,2
0.3084877905761641,0.7470696793979702,0.5042589829726561,0.24555951121182928,0.7166052823939286,0.6385994950712659,0.8284176694679695,0.5976533383924933,0.18141877904373843,0.7087358824135657,0
0.5088558147011644,0.684708593097487,0.8775368057959694,0.9179845839544523,-0.05970036162719786,0.8018146023967764,0.5506136588627054,0.7556734612297595,0.7456128355419909,0.2455066150270382,3
0.6645583209278717,0.6640255639774753,0.8324411248707041,0.9514009163140988,-0.18741307822748243,0.22445422552110117,0.2980793396876372,0.5948966733866452,0.6787698765551764,0.9051048779786531,3
-0.18349471705618886,0.24069952374799847,0.9524405740333384,0.08751252530684209,0.34388658732338756,0.4637061736928724,0.31666599036137943,0.1857859862168756,0.5162301634550052,0.7983822476653162,2
0.6951996448111601,0.713282787781963,0.9338062888503871,0.7708667076368166,0.09409033623791077,0.9699417669671259,0.45290908984908723,0.7797734122852302,0.9074204836577302,0.42283051299792856,3
0.6085338523129797,0.30996204972901287,0.36069342664725856,0.37146965984011115,0.10398999804623704,0.4258668466662836,0.3064521046391298,0.5911601852560626,0.62233238055897,0.1352807978741986,2
0.3182110883438745,0.07360110804831596,0.7920458972260815,0.2393180268506551,0.9231227086862887,0.5640211252834617,0.26441418197185507,0.8328559684562185,0.9706056218259622,0.536250529405201,1
0.3208580205449028,0.39852063781334685,0.2573058837785932,0.6065552314882575,0.5632273601474701,0.8723418769499804,0.20166281200095415,0.10517314572542795,0.5335378746872226,0.4580500775151897,1
0.05276482461767809,0.6523336339878989,0.35968210521070776,0.26012035579519516,0.30521529847871237,0.8036494327849281,0.49425216607174194,0.5255429814660393,0.4278625695350453,0.7587780965629454,2
0.6147677204901011,0.5000726507241786,0.617151995931384,0.7608325435909867,0.2939773006520937,0.6887755110315525,0.8085133247038025,0.8259784384520239,0.7108948990532742,0.4133199992518917,3
0.6590951780851072,-0.02223090881502683,0.8930286710909964,0.06267037704264906,-0.07911306923951911,0.16262554677520652,0.5077760656060687,0.6750555384522331,0.41365011648770034,0.8428664928874957,2
0.506109825599741,0.21567587912561134,0.15546212947345853,0.09980822361027805,0.39171761994775706,0.10028384981383989,0.2191740306077371,0.035743046027024675,0.7729781822293899,0.5401425891829366,0
0.8729147996178184,0.12092879397594222,-0.25839441249292133,0.024947189632079023,0.32566788393544877,0.07174841640864968,0.0314992556631091,-0.31890311769491275,1.0118484038744169,0.6239308461970587,0
0.6102275210001947,0.9075878817593164,0.975186910570801,0.7108844590954135,0.12346250178221192,0.8029430094931969,0.5527931961383464,0.8577804865207009,0.7327846210075689,0.5091910549008806,3
0.3088650845864967,-0.009880607164115873,0.8545920519123912,-0.039018467384998395,-0.037374493317201385,-0.15328403659131007,0.41314556751393205,0.6264750771330677,0.4714133958189872,0.8663494357837435,2
0.6910765901877609,0.1911367737686641,0.623217954887291,0.6858306416467836,0.8144268084217066,0.6801791266116984,0.38563844748205867,0.4509132655005778,0.825973036007405,0.8708740302742748,0
0.26325625151245835,0.5233643889605597,0.9456052532926247,0.004807823481524615,0.8719510074627543,0.38511510337827093,0.21493933297291484,0.5990381561515987,0.2057503142279842,0.4627101764709392,1
0.4443854730047343,0.13072262577022173,0.37413466654329686,0.9352578946230037,0.5254935234344691,0.8947776979975341,0.6807386629793934,0.9496249571208402,0.18580332368806232,0.6135371489156076,2
0.3953339503900796,0.9411826578834428,0.5824897773756975,0.30482542793968165,0.7625911415253055,-0.026310395357190167,0.03058889603036187,0.746108024389099,0.2407219895849054,0.8011742702736095,0
-0.04865089379710366,1.0045784646596747,0.35947878195895566,0.42161382467778874,-0.0014968082609619349,0.6668403129651275,0.22744325240230384,0.08690293989374759,0.5981505568286203,0.2121877495544272,2
0.4082777252152747,0.1047500589708729,0.8925215580072139,0.08958799656821069,0.07908145461276261,0.07865733478547401,0.6712289402368062,0.7377378175041406,0.289469315943924,0.69756217107836,2
0.25826053205825267,0.32298549960408335,0.3187187868205999,0.8357808804548152,0.2644406931458768,0.37403667128685847,0.11018214872226931,0.2085634337354531,0.8328427405739459,0.8768754790481075,1
-0.056267768075551866,-0.052740782083690235,0.5233674103118481,1.076580457290983,0.6583440336916333,0.3606569885534537,0.39982108958633367,0.10624358414837261,0.7680743472847122,0.7184633439786356,1
1.3866319317245699,-0.022031668529103945,0.4388957694495725,0.08974902137917759,-0.1664086357464608,0.10122383966615567,1.5956868778218967,-0.22299142640186054,0.7987711051042206,0.6557918776747154,2
0.1892315317315862,0.18150400116927154,0.2303309790725817,0.24662543773285622,0.43922042707820885,0.5985453483605973,0.27520947160758663,0.8045639659302442,0.8313492814279234,0.34832034106803894,2
0.3811863713254888,0.44970296912837326,1.1380766996422234,0.05408974608935773,1.0018022050549373,0.5131171191843792,0.09947324967227941,0.45560720235608054,0.36945338254281307,0.15853531696612796,1
0.11001470255568746,0.48330380254445504,1.2452237245233246,0.10835674012117172,0.871568249070533,0.6627376923052539,-0.16921566361739848,0.34222629632984247,0.40017096707378735,0.4610200801774106,1
0.46283314652484,0.45645797224576196,0.3574795338193808,0.5493753755111626,0.46725104489958713,1.1741937167398069,0.6037269637057909,0.1688584825271777,0.7090838412654493,0.03615712152624104,3
0.24171353337105284,1.1575234943642343,0.6569520542810099,0.059419363723420104,1.0234717048248354,0.0647720895388258,0.3094031732552833,0.6408495653005538,0.35436895219661446,1.2147133978444111,0
0.713079695198271,0.4484250788688713,0.8697692833037055,0.4865292533113932,0.813600356605314,0.5788663139163532,0.006051951947840209,0.9066214172098446,0.8965196704432464,0.5007838471667483,0
0.4048312408832818,0.9225106954979506,0.27212716640959084,0.24481887621606624,0.9896667095906102,0.6259186227677259,0.5136640464124216,0.8066501594301326,0.7369651577774269,0.7895738095349821,1
0.1419644430591916,0.22721958984928348,0.012498203453811335,0.2888351579023573,0.35135250927937767,1.387599960543636,0.23820003594386724,0.8511825537864902,0.6709082032769285,-0.31237037573919013,3
0.9191274019196796,0.7537279824710915,0.2788703922189428,0.9892639286712849,0.9113680159196313,0.9875181613145777,0.8207349403157848,0.6897215938730143,0.5409146527217826,0.517448988903535,3
0.0838028610084956,1.0041935004970683,0.5404693680456091,0.18675284118183966,0.36818237500529405,0.3263292813268632,0.07533799240309012,0.4343279499851166,0.303178847982989,0.4076162022877664,0
0.28128228234598135,0.38189940112614384,0.25137203928271984,0.6058912882807836,0.5791441006830154,0.8647222725270056,0.24722946910501617,0.08909998700652949,0.522545896890289,0.4524976103642995,1
0.6670158300035931,0.7091020670911433,0.6514328754934566,0.42997926867489644,0.569339511661792,0.5307417124730429,0.5396701046715116,0.08254107567882966,0.32785208040382924,1.004140827429706,3
0.5881466488199208,0.4168769267787637,0.19719090328716757,0.38385003214764135,0.3854362245631136,0.7345589474105234,0.8162432412169197,0.24122870398090418,0.8171394260370125,0.26866003913249503,3
-0.07906647260569943,-0.07518560961267912,-0.6899829021324321,-0.8291062174294985,0.22609709983296153,0.19574550936804885,0.9777712591564536,0.7646498082971556,1.2035735081250536,1.45338115820052,0
0.14541106847330407,0.530434269236471,0.19671552454837526,0.6512911722904291,0.3637715644556723,0.5518090922148522,0.10639519440442322,0.34507396143688956,1.016880090130533,0.7280826838522937,0
-0.008172519644725151,0.20353895699272534,0.7811568581396432,0.8218003077084257,0.8759417031168951,-0.04417360324292466,0.7674145381830343,0.6366291592081836,0.3467253670282795,0.31649964178362533,1
0.6721855376531523,0.666996427702345,0.8897634584170335,0.8396569937828458,0.03477888390779614,0.9252473079339134,0.4397429120595375,0.9127611154919336,0.8403041235996318,0.5090083971535042,3
0.07310470516080783,0.1670943847690161,0.05704362012679699,0.023285563795213834,0.5017975186059935,0.34230784134027314,0.05620540218926712,0.8729627612849604,0.2250321743707604,0.4793198315286043,0
0.408845020062113,0.5798850615700908,-0.0017938741709724315,0.7855347371555388,0.22410016910107572,0.19305138798246732,0.6450807338647093,0.3246301486943739,-0.015810786054879233,0.1779068744060584,1
0.7636682480047422,0.9515463422349623,0.8075267441956419,0.671612255239778,0.9016962791973516,0.034515790940716565,0.40926677004806344,0.7318918267000449,0.9526417602345933,0.5758801310776482,2
0.17672100213532183,0.6269483989996852,0.24014943220299997,0.11928056374827488,0.27599268657709175,0.6941183705582412,0.3897808199435713,0.3907506937047016,0.5838548410800877,0.5435706725523048,2
0.26189089259424403,0.3563968438850079,0.577419758752267,0.38790946687027694,0.17571091432359703,0.7321811927462336,0.4980048663185328,0.5241007967158833,0.6778665106960322,0.9865498023763655,2
0.5896754296558401,0.8432853226078124,0.6176841572339362,0.8429421691353017,0.23525977949266014,0.35640548735642497,0.05515640252750687,0.36332303410706585,0.7559096073088897,0.07072645235961683,0
0.6176910516141052,-0.33766840629870376,0.24696772776100667,0.13574578630981615,0.7827626196513491,-0.12194790529029986,-0.30506652065439394,0.8718183463381634,0.059929977636862114,-0.5520090539588128,3
0.21922632402731734,1.1969257894831318,0.8244745319222988,0.018895013354808615,0.3816266511860431,0.8031208666993868,1.8366061823658353,0.8848957480834759,-0.23505775134915385,0.7943384552387538,1
0.6296592918679206,0.7549753410888346,0.6030911369243832,0.24362489536422371,0.8432308509549085,0.8527095332666874,0.5186879757001787,0.30587141840711196,0.2226166880192942,0.39329244166082666,3
1.0389240336614551,0.0413789966251924,0.6272419060118293,0.12114959006577014,0.09580713627273652,-0.10904385228670055,0.31741518430936794,0.8558204216977593,-0.18474834796206552,0.6268948025789668,0
0.33549244841321846,0.7938893163746338,0.5239672397287227,0.2755140553447938,0.6820511065898051,-0.028431058088169578,0.09927419851070977,0.8355384966320513,0.25847757736929916,0.8285081763023278,0
0.6634486000754566,0.03640011964686024,0.6972536403899353,-0.1317398003294961,0.12427926394896918,1.07149817558453,0.5844347118490392,0.0642637050739065,0.760477996592797,0.832434593749476,2
0.21392223685841583,0.6203374848502498,0.4069290603411891,0.8651255085275813,0.5369236321707048,0.26593155186856127,0.5267192096407578,0.8297919836132055,0.7674844105226705,0.2451947308032449,1
-0.08180499180835286,0.265077977492712,0.6290055812734872,1.2823154655602225,0.8550504386738971,0.2099316073993855,0.6523896573254793,0.3581180116711121,0.5645880846165565,0.6245018197897875,1
0.5946076028809175,0.7987811684625844,0.5214545451456454,0.9812463829527289,0.3632061718946924,0.4170729002491712,0.09120095144943355,0.35314755575396495,0.8163773554448011,0.05790203920314502,0
0.5969997804162088,1.0002050169079677,0.46102539127053743,-0.287899531349344,0.851590862817767,0.7382678266505697,0.5910504003491506,0.835192440215333,0.32052716653238944,0.8562545130425508,1
0.6023790660022659,-0.14148693409999338,0.42281564103005126,0.9093995174031418,0.5979171734551202,0.9174998808823122,0.3222219380979844,0.7008486103215709,-0.07960120224604611,0.6945562967161283,2
0.2661311819145404,0.3352123995254667,0.2850303823353748,0.60888072645,0.564378598340428,0.8461738882565335,0.27897579824154806,0.1421694749634228,0.5162249606211526,0.47586062288819636,1
0.8329177795901609,0.7287295011150773,0.4083158608636361,0.24797008182862815,0.4545941170244663,0.31638493210869767,0.4248362277658642,0.2088507746391799,0.6272901961939364,0.15574077101890235,2
0.34086129350435296,0.29118968310104365,0.32824033399234354,0.8694434216357145,0.30189500643963924,0.30956101665105984,0.054014145577124646,0.2065197410538415,0.8431297320753367,0.9002873737734013,1
0.27311940596031914,0.5772618677574902,0.9467107802373154,-0.0877840603401081,0.6934785840778805,0.42408433843328375,0.024957546523773758,0.44633693932124985,0.13774720147364905,0.5027012707193452,1
0.5753872533801128,0.39817093253140323,0.19190098579944348,0.4052413586909493,0.3401278091583771,0.7295557659799623,0.8364235119766914,0.2551396850295542,0.8623296819435075,0.29226860205926164,3
0.3006219492314964,0.35433251937591476,0.2567274813519391,0.7441009133903188,0.37536646691373254,0.05325951116764899,0.953626819788652,0.3417262932199972,-0.001269239092137199,0.30420415181012506,1
0.6712478819767805,-0.025183192202809568,0.8672795338905354,-0.10199911656266697,0.02235790248960212,0.30261095395789817,0.7400594204440081,0.4152942177184598,0.463572678293684,1.021675552179345,2
0.8816223452833851,0.5540618765219942,0.2764350311732923,1.0134591123832632,1.0358376503801434,0.9588056366866387,0.8540274809193185,0.7321718804405426,0.6995078258402374,0.5583485285395223,3
0.7847879361030136,0.19516217630615765,0.02854526729554601,0.44180700518395716,0.41978037928354184,0.3689996498785307,0.007851510624699904,0.7266008047678554,0.2978573638804307,0.1175399358643529,3
0.757490216822746,0.658466695276599,0.25983516505647236,0.7361483346686545,0.8683197068689185,0.6729654927698246,0.6023358955816822,-0.1266616707667872,-0.12407475548599048,0.1959086427853945,1
-0.05811575090479973,0.5842681462222029,0.04309348067471944,0.05288869406363805,0.1910750173390858,0.8641680840947564,0.5425122028231915,0.558321946827032,0.484658851846542,0.7715411076362926,2
0.697823762848047,0.5628735750977709,0.4396566830199006,0.004397937483499592,0.7559635166384346,0.6595266447454267,0.506631048746199,0.6059876812712254,0.12620792512195778,0.45847435669097486,0
0.27512225281944447,0.28167216384807275,0.27871306790171957,0.804891786608825,0.46415233123928473,-0.008539778749562119,0.8736486156862432,0.40946681021027104,0.0683733893392102,0.25132308114671237,1
0.8880065012821622,0.8460935398616799,0.7680307352613635,0.6386018269984314,0.8495051140718185,0.0003585004307643247,0.4744430135966026,0.667580032082125,0.8530436187920724,0.6697930698059812,2
0.2701472716023832,0.4039676040818883,0.25771754317938356,0.5964663522161191,0.5652699618473938,0.8826415003928706,0.2500012495037924,0.09380187839992664,0.5270842124190019,0.45748873887510033,1
0.5689298402988718,0.44437352052182816,0.16782597939404192,0.3540569765433922,0.3673677568392558,0.7496281898700206,0.7923794113599874,0.23453383398840943,0.8251456718928658,0.24624001827934777,3
0.3629877783591858,0.3018587522705445,0.3672393885063293,0.8734297237451697,0.4338747613412056,-0.01763291271243584,0.7515663983498084,0.5104630996699231,-0.060210241729363775,0.20035862175332814,1
1.2908440089732363,0.7232650790137382,0.519199926561305,0.5041464926231645,0.42407107726808885,0.3343578002334317,-0.0894233094057254,-0.20856714287965605,0.5976735274746909,1.3406576792264175,0
0.935636417802066,0.6329895037344075,0.2917572174626387,0.949283461306098,0.990091472272463,0.9193763182147755,0.8482812452327899,0.6513922835485404,0.6106649434924135,0.5830520010611284,3
-0.01006607001032589,0.3380542542800889,0.33634471642064656,0.35611115383482694,0.5392769121285731,1.0383990788151065,0.308229170874174,0.736395157120163,0.8703610726288911,0.99135454941386,3
0.2310648756468534,0.6338277624552144,0.17559105517259282,0.07135082980663067,0.21468982838527512,0.7287632078606003,0.36511700305131817,0.3657316505993874,0.6295203596851565,0.48788800230250967,2
0.10236222614949837,0.32440787063310367,0.9403641390798125,0.0348611047954058,0.6270091291690332,0.3421423470354582,0.24562345578246209,0.42510470958257357,0.30297128813856006,0.9492854206844465,2
-0.10579986131009468,0.08822616570069783,0.8723198938722283,1.0888830014235764,0.9118835484316556,0.35905578937876736,0.13174571554913903,0.36388442682397215,0.4119019863949903,0.6910273512786641,1
-0.05201062218577046,0.25446157967527444,0.13793559163233132,0.3890379580336536,0.22085543259701323,0.7557310933091801,0.34538135066288295,0.5493067442714296,1.0523142404716177,1.0590854094036657,3
0.9355604520916911,0.6409762525623499,0.2626015269261712,0.9793622073201577,0.9914954461150953,0.9074002831672544,0.8249981084995082,0.6709208287605087,0.6402064606150664,0.5519334021384937,3
0.3447284802823927,0.8732275069320651,0.3493582458461688,0.2791646236766567,0.9217788973837845,0.570340149804909,0.5244868476462813,0.8774142128722556,0.7666093931212539,0.8397217446663139,1
0.3414128594388061,-0.49927760281003797,0.07354107604257754,0.8390168712019617,0.05638273941977978,0.8887477555928708,-0.3588886119049157,-0.6492890013815674,0.567706998502549,-0.23028638489029007,1
0.18411891573537814,0.6414894628973067,0.24294904393920078,0.12020909689452706,0.30539302779103467,0.6969382848017461,0.3687542894721522,0.38223130344860956,0.5847352315092381,0.5159616860822233,2
0.3564724594882728,0.8020769482970372,0.27557823317083424,0.20381620376449136,1.057971173843059,0.5261849353076834,0.5341434475476897,0.8030900396562521,0.6761090900952769,0.8762212357583499,1
0.08756578227662674,0.11631036147615792,0.880748493085745,0.8133536734496148,0.819760077092118,0.02681958516984831,0.7344888792343284,0.6142400106017505,0.344390249799733,0.2337338393161096,1
0.4224997635605226,0.35374769356292324,1.0034131180927435,0.3574235605608491,-0.024566859388506362,-0.23406834192085246,0.5177683452821445,0.7683505279250504,0.2775821616380145,1.03790207878529,2
0.7789393214241241,0.07796628683013584,0.6701933403114453,0.8712565701778259,0.4225523645695537,0.09682875351788896,0.7621200006967355,0.12330060499332039,0.7540181453508592,0.8392344535032902,0
0.7992426908485792,0.24830276538535795,1.0484964562129553,0.5809768773806473,0.4373227570520877,0.6606557634569783,0.48944385833317205,0.26278019888138315,0.4452727827217039,0.897063042868384,1
0.36019757598413416,0.30009857537712786,0.3100646665172324,0.8565422787607866,0.28457513439687,0.32039232069479023,0.08393035422123718,0.194105464992937,0.8726045219110424,0.8827888687700106,1
0.10469986077452195,0.029235126226448332,0.15673514464578042,-0.18272206965737126,1.0144718645404225,0.6220353172286783,0.2668072675774525,0.8301236597387054,-0.07885999304461255,0.6424193278231862,1
0.6711632747672767,0.5562469604889513,1.0225399609161845,0.8863271539173633,0.5462271718677213,0.9777054985201833,0.09351700306271749,0.13556990665056162,1.0973471209736967,0.8138696356310421,0
0.8306315087700992,1.1420757952767309,1.0328109822649671,0.11557506573041203,0.40322446017962227,0.8021873807298721,1.394814483176417,0.30547394543324746,0.2700490101110307,1.1066067068045404,1
0.8944653852495422,0.24399724480480312,0.06675362378386326,0.25452372949194235,0.2748092932401719,0.44222544688540877,-0.03281760252650824,0.7182587425626616,0.2586067018335707,0.014779093399594712,3
0.8749653644990834,0.8518093155551728,0.9816399548080916,0.9365554809843435,0.24345931607606916,0.8003968840585095,0.5704307643040653,0.5687507726614153,1.0297038302183408,0.4261939699775653,3
0.8964920345230293,0.3885263295820063,1.5814039800814128,0.6634981787886519,0.24066502151580343,0.842208652637282,0.09920135606532926,0.3167831303517445,0.6008889046583825,0.6581693090627483,3
0.606463340523175,0.7779758274381814,0.567937779174647,0.3237638300060047,0.8143798005492484,0.8421747624287087,0.550627969530667,0.3291734255778552,0.2426423909618035,0.3665915523216419,3
0.18883778178553173,0.4301931745723963,0.40611633266753766,0.2705935048825828,0.5058572624769988,0.967918752153374,0.23339173911129923,0.8305173123361788,0.8149561373033709,0.8300943879016123,3
0.4805604787101374,0.34918105046690584,1.2526583394308006,0.7641795535957285,1.1322902252760894,0.4331209110053211,-0.08416130275927891,0.9403550881638326,0.6935146462950053,0.5888414855352317,0
0.9036513105447873,0.5231970125717179,0.8536373602770378,0.9343691962903568,0.11480390392489861,1.136464881688991,0.6189071441269721,0.6669025481444941,0.9681678244771286,0.6007555547968715,3
0.45330482925916193,0.5226040012112316,0.9775044283546135,0.07036267635370078,0.8472048827505558,0.5986008236207822,0.08787416865146608,0.5168935323660028,0.3563859495670246,0.2878610192898436,1
0.1448458512549162,0.8440497210216745,0.8682588108907617,0.09577082122096633,0.7633194325304624,0.6411664537712233,0.23940276716314043,0.47630655008174605,0.0055840485154952935,0.5350937594110036,1
0.4599600251382,0.8780751378598667,0.32043096521138853,0.7223630317025941,1.0499053663555786,0.5332442454849183,0.8591676117296915,0.05447676093618434,-0.045228336763578986,0.1296976237735234,1
0.37427133719779304,0.5364692215081072,1.0020417220321416,0.09796500561395735,0.7888479299062836,0.4980722942654474,0.1767549152721667,0.46148861400733804,0.2780272086792221,0.3710689666168226,1
0.10454066489325509,-0.32299814118623915,0.6122482685326767,0.8468466338800845,0.7538350262366624,-0.07148254375584673,0.2754959860160749,0.03496505640094802,0.5275154671290931,0.3456088049676125,1
0.9472581741685069,0.5579386834769877,0.36995553343910004,0.9225630283044574,1.0261844046889665,0.8316618999755503,0.779189068534804,0.5530742117387905,0.6760088090494177,0.4178381773388774,3
0.12305780953901065,0.13065539287511346,0.47951245373374096,0.06246417002612646,0.8885920400436511,0.671709554111134,0.192911787147976,0.02035215850721825,0.08823210165844564,0.3956544393827103,3
0.6687178326514289,0.7656084392210892,0.527719466219162,0.26456736592181745,0.8154705472986596,0.828667220250441,0.5160160082447732,0.27223728035929834,0.2188088995507207,0.33497503221702196,3
-0.058245091870700094,0.5360372906779823,1.1897720832378833,0.5713260876464596,0.5084425952850617,0.4779322608537837,0.11995048074404022,0.1317022064239135,-0.0786204762740087,0.9470029293755116,0
0.6291686584730959,0.7077915458026669,0.7414197386357854,0.40251263569288465,0.6414918056249187,0.5108826780991981,0.5345450110137141,0.1675662520876129,0.30923745744909137,0.9096139320901931,3
0.68701876312474,0.4546454028702762,0.9433827613532645,0.5611313469930403,0.8540345317558905,0.49845022361904434,0.12389685563945091,0.9208928872060879,0.8606531412710011,0.4736949851548636,0
0.49729654510385174,0.07075026266936987,0.8192778716084903,0.06724923872873981,0.155521981123189,0.06392670028159562,0.5506207400058329,0.5394720502970514,0.3299067492513018,0.7731454605317629,2
0.2189522142760953,0.9922302312310207,0.19935450811240563,0.10246008143360971,1.0552723187978905,0.6096515558495462,0.3052624472310312,0.9712309348643778,0.8581418789358495,0.6944866581742658,1
0.625936827377128,-0.040561063269254426,0.6746262608178732,-0.039876541008887045,0.4184588208046311,0.6692215585274285,0.8574941877576338,0.0701614137896854,0.38275980150060157,1.0574045334772963,2
0.2342349330232442,0.753371388993181,1.0358319251411223,0.00818900795805632,0.721594436144481,0.4538027794513421,0.10716337174910792,0.6637512510835089,0.06433952468706869,0.45212535026713907,1
0.36429734016412657,-0.4862083714820653,1.194606505888007,0.31940644574708815,0.5194010621552065,-0.42185371335502686,0.7989071359257574,0.12293562845434358,0.29837619247921066,0.2800144070007881,1
0.35287468110207065,0.7481206507781223,0.29208938502550463,0.6417418238966934,1.1086312474141298,0.4719416950620737,0.8884555923755137,0.18064100560166083,-0.058392299367793,0.3612372459825184,1
0.18340728996915062,0.7772082154839696,0.3350960272172669,0.2140912814522625,0.8370294194165474,0.5084736964906375,0.9155963744962,0.6075173258301017,0.21100941332095316,0.5230727222210116,0
0.442333002115962,0.5540930412157261,0.5395615081493812,0.6940550980781997,-0.23811813004761495,0.8043795878874854,0.705621747034605,0.330376335885923,0.5729124062267458,0.3964688106498552,2
0.4371446897755147,0.8853782566455415,0.1123593631096133,0.2996787103265184,0.34939172676292607,0.3732847083921739,0.019005877898964834,1.044211778814216,0.7359370168708647,0.011272820454952481,2
0.29273686761067486,0.3611034706341097,0.2624443647731772,0.5805842095269995,0.5799245867716271,0.86745030420718,0.2716113545275799,0.09783789595078146,0.5107320322805045,0.45165073596664046,1
0.8161765960008072,0.7522249900085656,0.3624937852473572,0.06232394242786564,0.3721782166283801,0.4358729735088634,0.3754341028850882,0.09040459940055341,0.6396864129496203,0.24588158232739998,2
0.07723752385703145,0.13033072758868608,0.31238215938091496,0.1677572044821387,0.26085485966469335,0.5568104391717639,0.2825934252507882,0.8594710427814348,0.8621006663513157,0.44502257499024345,2
-0.07795707461860746,0.8542228679481078,0.4798657675589165,0.015137633401774125,0.7043904956994232,0.8016088976734034,0.5185857964242941,0.11340227784734791,0.167246896866162,0.6019666057665232,0
0.8157395171414104,0.8441636097890287,0.4359403017461934,0.0902800415516777,0.2643380087635962,0.3080372938025608,0.42374601863879013,0.03987052989445204,0.5490284742750088,0.19761803498240854,2
0.011073769042090287,0.23340383323725628,0.971730421088667,-0.004824880130329057,0.691666405381362,0.2654985245999812,0.26918886876833803,0.4857670974938651,0.39021734294477634,0.9000579145335759,2
0.14106968397139263,0.5716639128807034,0.3445918019530972,0.9143447188030225,0.5878615528871983,0.2548524680692592,0.5919442913537191,0.9046820495254504,0.7682534553201246,0.291029131873415,1
0.3001205415813598,0.8938812329383106,0.3290773970671779,0.23497589685178738,0.8336304818872533,0.6386405404183311,0.8037710015846121,0.6027190116559349,0.24824599437623987,0.6483020998184353,0
0.6190792495969193,0.747409233192708,0.47498991872244045,0.28685326484766255,0.7017811779685319,0.9385620667301913,0.4730063397628873,0.3706044428826953,0.23168185396220575,0.4306797815226979,3
0.5002226980747742,0.7120745657647721,1.2352367628647585,0.6468679338762835,-0.17023850911192395,0.8843610698272586,0.6917475453731172,0.6545760295211196,1.2951565552500994,0.41257403414171145,3
0.727439244168187,0.07623214345698684,0.5408384141051477,0.8441759646048593,0.7339963159414241,0.6217090475712425,0.5474381513389265,0.32058788546336725,0.631534512625882,0.7938770077577494,0
0.3795174890930671,0.838555746265904,0.2565196786917855,0.20963199724029258,0.9413607562124214,0.6035273971830915,0.530082890425778,0.8166610873154132,0.8004314755455305,0.8294899413585242,1
0.05169381865438466,0.45281771911020585,0.30021016592959765,-0.15409365805247033,-0.004718396360471555,0.9130994008594762,0.17629359408439496,0.6312345968363745,0.404500961104505,0.3324329997537645,2
0.9250274740253703,0.6876726719609731,0.2376621464975437,0.967388746554736,1.0323276732522342,0.9012683168207206,0.8291368778489582,0.6319810244714388,0.6730077409348902,0.5246698756056483,3
0.17592631507652892,0.5019460408822314,0.22756626591663986,0.7121928562348572,0.31194813392736476,0.5804583711029295,0.14214183026731733,0.30478933767612304,0.9808858691449941,0.7137659233064578,0
0.33309553681013576,0.29676468409268214,0.35778293660658483,0.8741762489024205,0.3274816704665851,0.3295895502357781,0.028543139360292482,0.2283714055455005,0.8365389436500804,0.8758399621599484,1
0.36066518781169304,0.6036697497188557,0.9009248695985307,0.07431521021293112,0.80024366596173,0.4882906358977423,0.10614699456158362,0.4772772785003048,0.25796164256326426,0.39175322121219236,1
0.9665798661311006,0.5862034283118894,1.1597267837583722,1.1842185532524656,-0.4681107868275597,1.0354842576794887,0.43171386589132354,0.7425380371355277,1.4664781484809692,0.958230497516145,3
0.2910419421008389,0.3563733325540948,0.20890224565669202,0.8772063878641432,0.5111505746817956,-0.10243809467142717,1.0575517413038074,0.5022561253969319,-0.006403561676652597,0.38314701410125285,1
0.7199012117465162,0.5422412659415338,0.34916694713307456,0.7016473142693874,0.017873052193578542,0.5239129184581884,0.7731074217569476,1.0019810434115324,0.8340435599937551,0.4956084673782258,3
0.2789574399948224,0.761929822631653,-0.06975206984698161,0.08216047916864015,0.5662424300984688,0.6606428063868564,0.045888489092647936,0.7147472303882382,0.5072020684638134,0.37158079770749214,2
0.4272493944013976,0.18148066509751512,0.851024118618268,0.2565649972630773,0.15416386363099036,0.08227315874787158,0.5798800722734576,0.7069006936518152,0.42654939652935486,0.8063763890709115,2
0.34501998292173985,0.976957097218705,0.3435272432244535,0.34251210687705413,1.055349979948038,0.6687147888371329,0.5814901159737427,0.8872363014179142,0.8095352371344081,0.8489323391371674,1
0.5522003258988257,0.3072177336906002,0.5179902061543453,0.9133741125574895,0.5743338980451693,0.45073678634515413,0.5692963081136164,0.148407799805073,0.895225569964225,0.9862213905697802,0
0.35410867656176204,0.17964843566495087,0.0774270782333664,0.20234394802906214,0.5226757099580392,0.4432938470275394,0.2047698160255103,0.6165225924920883,0.5655273170891535,0.6121007558589858,0
0.742938763196062,0.7886215413079226,0.9163643948818836,0.6932479629794214,0.029569080339934786,1.0048381211956672,0.4646186977940558,0.8069406481537503,0.8872186080611791,0.43742206491657537,3
0.2667377947577,0.40529786554698033,0.2294590915458753,0.5929938240966267,0.5621877992119104,0.868980193635745,0.2690323351247621,0.09091023822082293,0.535470752240344,0.43194423747047983,1
-0.05075091503551871,0.18509097417040993,0.37753137518945895,0.07087122971025549,0.7707569058090179,0.582831123297797,0.12105067714565398,0.07100671230825228,0.2796482085827276,0.39887592861261784,3
0.7716439869056475,-0.0010388402699272603,0.005813943355068421,0.3401444809403299,0.29722550118945285,0.4991872305566494,-0.0950845582050821,0.7545748838413038,0.9182018582488802,0.44158468248872074,0
0.3995189048128357,0.26930008805085887,0.29515742667452305,0.8524214195443971,0.339903794528247,0.32959450846608773,0.05244910291975805,0.23975716326111562,0.9229491143301058,0.8150909039766381,1
0.7064331973648552,0.6332777971232192,0.22423362463497032,0.6518212780875402,0.5908778384681493,1.0195297457227441,0.5406474820025339,0.346932588009021,0.8202891854695232,0.1941826125172898,3
0.9188573326085658,0.9561831498241469,0.8734552709542394,0.6287628376686648,0.7709062001314364,0.12417649626622823,0.3813411190933339,0.6447718458358153,0.7851034963579984,0.7305988772007564,2
0.39287500597664077,0.6573901466970375,0.7567847706883385,0.5952545142064642,0.33810204143252254,-0.07516582426384914,0.5572970636979022,0.5752560869204895,0.9445949782135251,0.8181756247074375,3
0.1911077930825948,-0.5032642115839062,0.044596950283184555,0.6665304633768715,0.8529323692782386,0.2442094112085718,0.16052894596527137,-0.44184613584701526,0.3699645790866064,0.6649854991904882,1
-0.11170772799926602,0.1813696652039345,0.7234847289030787,0.9755731614088431,0.7388119534471997,0.24976765660783423,0.4531510962144848,0.20388580390896954,0.5040299929906096,0.5899123550086496,1
0.7019041610617156,0.7317993331343924,0.7093676551491799,-0.07805862332306568,0.9028352527849808,0.6804348779609666,1.0817926921146537,0.4453325904599292,0.15735778037010353,1.036634903333061,1
0.2663355641694855,0.3577438710644693,0.5784174060041566,0.38495276508846143,0.17169671317007598,0.7315065498992374,0.4945928650049832,0.5238638170532491,0.675170730631513,0.9914253381920727,2
0.44435134886715266,0.049738715475396,0.5346864194183115,0.11008724890828443,0.26870489783763685,0.7743894640292981,0.9205193944853403,0.050112407986336184,0.5632043773740855,0.9459817369283046,2
0.4742700368137691,0.014746625522895143,0.24054576844927272,0.8947578332362056,0.6780327529855907,0.10539930314003665,0.7394867492131433,0.6300834770659125,0.2671458805968917,0.1640835002808525,1
-0.14279735350995446,0.11844632412483272,0.5724637007915491,0.957771930294322,0.8124478672424184,0.3412809465688431,0.5008671298208157,0.048634108037763385,0.6448474378244866,0.5394846472409449,1
0.33097222975297386,0.06789526515536173,0.8018465829860039,0.23608876373625007,0.9130903944422087,0.5592656147480807,0.26165492836428167,0.8304605006768842,0.9704570834509425,0.5314761330726511,1
0.638162350079241,0.3987038923469279,0.658407876177616,0.08579753233809809,0.8877983469442788,0.43907391484777103,0.095638132690759,0.3917791780788962,0.17522142988840578,0.42683418388920724,1
0.6220833323047188,0.0010210680563171315,0.8190446362893837,0.8293643979417541,0.841966191970694,0.6508959253881392,0.7844194117643843,1.083052227591737,0.5591643216988106,1.2685563342712964,3
0.3756816279470626,0.3308607886987164,0.7494631250458083,0.8713130794692778,0.6062540974106615,0.661613074784946,0.22394866669993466,-0.007224496723369028,0.9400516948911586,0.6083831763907067,1
0.24928907745502385,0.18575265070606586,0.12714550430015764,0.11838461737450424,0.2709199146082236,0.3205718759619131,0.1203546671976018,0.8459477792389236,0.34784883117239584,0.32134087101388575,0
0.5583118813148822,0.7245820543558299,0.5661983683255992,0.303598567250092,0.7722653793599015,0.8711881915324232,0.6038183239663333,0.3057881847205064,0.2562790954848148,0.34663823171478064,3
-0.0392444777853409,0.18624297792138356,0.30660206632195597,0.5442959730089212,0.8444232128843019,0.7562282573837078,0.08198471779954175,0.9254810974025828,0.954096242330254,1.0526290275443255,3
0.1830089068917914,0.5349102181707374,0.20733249796134554,0.2816663861188157,0.219235141140604,0.7585992086157127,0.27107937263505677,0.3294202386499395,0.4885916111536268,0.5763886158523457,2
0.6066041292728139,-0.15743711745044942,0.768927398506718,0.2911765570995468,0.038695931607979905,0.5842289775442122,1.019128206464186,-0.3926883990178033,-0.3163242426810414,1.4735354331019332,1
0.20209291889654954,0.5303247138620097,0.2748009422074606,0.7687512846447898,0.7457372883874437,-0.01982375536319214,0.8430065776869656,-0.21264491820801623,-0.2344531779042403,0.7931652203452461,0
0.26564187611687834,0.35623046809794595,0.5788394057658462,0.38571641064705187,0.17154830165528498,0.732162865582226,0.49373555737473024,0.5246325363846107,0.6753954442706734,0.989115559173599,2
0.9113623879313502,0.6820325260781887,0.45862994559520864,0.4775983992364439,0.5532219403130637,0.6187227385458997,0.6904069658016854,0.722223404019027,0.6315775336505783,0.19109502981838178,1
0.6306072706357535,0.7261064116048341,0.7142915173378458,0.4378591996285151,0.5586263885047759,0.5511354043650946,0.542177946173726,0.10200703685170019,0.374385165694111,0.9947213916889639,3
0.26698541821913796,0.3581652331046455,0.580318626206748,0.386648125003615,0.1714578554739498,0.7302453034512795,0.49542604915064165,0.52139920366944,0.6780867112699976,0.990723909163026,2
0.04196180335183858,0.6667932962367987,0.1815929074941605,0.17819465794561729,1.0438241230916012,0.5753145027444757,0.7206575129646076,0.7317345803295581,0.1791507700730829,0.616803238910982,0
0.39773880598576106,-0.1808659100891068,0.6431601180337486,0.03222491863316787,-0.06579505682785677,0.07810158266079395,0.39891329918017243,0.38185485773406774,0.39519753057519896,0.7238021148595586,2
0.3271015284241099,0.2979209980742506,0.3257968426671894,0.857456580814543,0.29733581417078936,0.2986416500234381,0.05653801809772737,0.21141960844774227,0.8452860476015892,0.9108517922680779,1
0.9331615290151709,0.6442782319024464,0.2789116095573978,0.9583466777490525,0.9963593397134684,0.8993485301911056,0.8179263939329672,0.6604313399942301,0.6579394136231244,0.5637666292728657,3
0.2652118802151796,0.3564320872356717,0.5788598711320618,0.38698497160872775,0.172209567570124,0.731170897616741,0.4946000452357968,0.5225075217410671,0.67635611331404,0.9893748782577315,2
0.264523897290329,0.3577854444834899,0.5776683187061854,0.3858176296420833,0.17239380634020593,0.731480700900807,0.4944779072370938,0.5239976274425518,0.6751558806282415,0.9889910695169498,2
0.5676499502951325,1.0062714840187676,0.5951926353193087,0.975983723220185,0.06028022757683517,0.12339152034007769,0.1798438712370286,0.47263822192410254,0.8778501964894386,0.8575094258183007,3
0.010484374114840489,1.0371804614401328,0.7458730873475394,0.4294916950721323,0.32299738862380034,0.8544592010133077,0.1217531455339046,1.2072546721742285,0.4721493388326054,1.0202227958074903,1
0.08595239800850173,0.08923705684607766,0.34900976695442476,0.22606453634764456,0.6775091540643903,0.3323629183235555,0.2952719243978853,0.7367332403545401,0.010981665477930901,0.5133784662436751,1
0.7025902106041513,0.9299788494939735,0.3775154138005549,0.21591131256920143,0.2738344695257891,0.4559330958693407,0.28827085235313504,0.07613084115803369,0.47543396296842705,0.1863363578607013,2
0.40996040687627067,0.5312780707878125,0.42304847832488185,0.9035716766671607,0.2953076332471574,0.7726576700773562,0.11051386519786503,0.4176755291189388,0.922932133010819,0.6196870167507846,0
0.9195556526439256,1.0702430253463975,0.20567050988440186,0.16684941971833367,0.8415346538998345,0.5738147941473688,0.715978385737772,0.7182712918190044,0.5623971901619406,0.2920683141594367,1
0.5896726846934135,0.550108144843133,0.08467955030705404,0.6304303434091556,0.6778792597462204,1.0019751472954828,0.6644099435182186,0.21597072833326442,0.6913355401408611,0.2080842629155661,3
0.5575535383141428,0.8383715682971807,0.5867067137495522,0.5517561398586301,-0.08416028930683159,0.18671311481177671,0.935626721554078,0.6384683260970916,0.8089333826413683,0.6757276419492924,3
0.5254469141863244,0.8320698566427924,0.6397062768340029,0.8361720074964195,0.2746184104339821,0.35624717527237043,-0.04208770027434325,0.4901947611630287,0.7570123309340897,-0.00437702090485434,0
0.43088249681148966,0.06887916420364287,0.5332759911540795,0.15381644709091763,0.2604881686033844,0.871087182743637,0.8531990861891344,0.07687127446934619,0.5737098982757006,0.9857610016027804,2
0.17851084636202239,0.6272720690141249,0.23342905158747754,0.12355222010695309,0.2784236254759687,0.6885607468176113,0.3870826903933639,0.3981352766334469,0.5764826999265533,0.5437498346249896,2
0.4624747120715287,0.33027215367296947,0.7763224499957668,0.40781430674552344,0.7108502732776654,0.2339977044396187,-0.09984497734084521,0.9053975674437067,1.0999583063233045,0.41169689688881356,0
0.23459864957276627,-0.1768079160102342,1.0415471532300447,0.15151112466855024,0.21324315910876004,0.23632253156093522,0.4609168986620086,0.7371545735847811,0.2578161829482131,0.7147739679975378,2
0.762587727270909,0.3371639210258306,1.057829672906747,1.491819834104597,0.5774773790244756,-0.08648375733999465,0.4883320140825982,0.3018228315397674,0.6342972163183067,1.4088959825172058,3
0.1786112075570623,0.6257472518537653,0.23355508598005026,0.12168990197387067,0.2765409072263763,0.6884014918534217,0.3860662619384798,0.3975157072931269,0.5761772711212714,0.5458028337469472,2
0.850644209926583,0.8999860980802661,0.8507443240055657,0.5381080545166455,0.7533643587386432,-0.0632148533089073,0.42759095358740384,0.7001637363805956,0.9515891992387269,0.78415289141948,2
0.061976682329885485,0.22243559422875547,0.3062965056497311,-0.05803338458689852,0.9607685511705143,0.49072759642258107,0.17729007081116124,0.8353020477482844,-0.00037513403831231085,0.3738219022689994,1
0.44893751975139856,0.6143837246610429,0.05484947549004564,0.8181070499072264,0.7536110576452401,1.1365905525476607,0.5943812236772603,0.1374884758339758,0.7630340989158046,0.16961514687875923,3
-0.12020463550298316,0.5559027361896757,0.24797270140290315,0.224998433130352,0.030523293881613595,0.8416851807740597,0.2694972219458699,0.4838053448275044,0.45064793745917486,0.6446819076383278,2
0.618500747765451,0.0479470064773955,0.9480442968253369,0.25651458202003596,-0.09406661598120095,-0.08027044306350216,0.7814152490913655,0.6454316969335766,0.3230361726294366,0.9563123235963625,2
0.8566169320535112,0.9788894994713204,0.6856108486498211,0.6174841935955978,0.4154398237159832,1.267434531465072,0.6777583940397078,0.7109731404444425,0.7173017025969624,0.5711835528375475,3
0.8558405279559353,0.6771845359136874,0.26194716717192856,0.21408471293945575,0.312021381157767,0.3575870947734236,0.1992595057911723,-0.406787667532329,0.13135086258010364,0.9737514005016611,3
0.7368691368204668,0.11558893869799444,0.7658976491830566,0.8219004711267419,0.3846172308210932,0.2049023375188641,0.7015635884191702,0.24072896164130345,0.7123994779879904,0.8892063718228624,0
0.3410145196973529,0.8705088014898504,0.5387761408206638,0.28137549829748226,0.7346862059305568,0.07982684251584293,0.15292468116689373,0.7857417468127951,0.1863875907855977,0.7871433109390442,0
0.4208782562175972,0.25689441125176266,0.23118335178506538,0.37787922904099347,0.3568059331051883,0.5800790302657471,0.08679690216600355,0.6409441724760118,0.5183122613015874,0.20630712397533563,2
0.32697988938250405,0.8673896024307063,0.5627256669944177,0.26547884582150727,0.7054756276585636,0.042526055035625225,0.083500799202415,0.7466040146988613,0.19819481774633643,0.8303918481238967,0
0.7121278716360172,0.5018070296353635,1.0874187136684395,0.44513496983953305,0.7042545145649308,0.6359714628522413,0.14209708819490074,1.027993922474261,0.9829432896270455,0.3797704420711371,0
0.6519855054551282,0.688884065877364,0.9148248339862377,0.733469487548617,0.08716597330979087,0.9694934590043063,0.4548767582022227,0.813729669485114,0.94216233731189,0.43771707720962294,3
0.29685366477391517,-0.22529684909872588,0.4466047366922553,0.8796655679877017,0.8113841394803468,0.7873705674572372,0.4238314661148309,1.0705381860004417,0.058300053480987296,0.6142721189790278,2
0.27569786126405044,0.38753234080073873,0.256290943054994,0.6063897578942998,0.5771868513527572,0.867069597624058,0.23850213625033256,0.08653713889240479,0.5210704186506432,0.4621138866882332,1
0.4672818059625833,0.5164419653070925,0.9330502065828812,0.08314270655484897,0.679784997420675,0.6165770804004014,0.04168693955113109,0.4862049830707537,0.27473706073306875,0.2627147122575676,1
0.19023814079510043,0.20783984702095945,0.22785646014079852,0.24983228947779418,0.49995132274762855,0.7096798718188932,0.18643959299129947,0.7665884403403873,0.6599196144322621,0.31301089525699766,2
-0.042962802999401195,0.07555546218791143,0.7628244374179246,-0.04743328998603724,0.7636784152530826,0.042603795828207225,0.30978005237876516,0.5641008160887312,0.5066046796958673,0.9836997965169861,2
0.3855892773328275,0.6780221489628626,1.0142076872070969,1.0539612617096596,-0.17630507698663525,0.10732693350630415,-0.05707023402103337,0.45290413665711327,0.8669066128260992,0.9995121668706772,3
-0.3187495697595775,0.31190956942728093,0.2928590106318744,-0.05433755478127464,0.7200669878332442,0.919524440240028,0.42274895726774975,0.11744332783492561,0.29883467385685686,0.25421231740906625,3
0.31657870461660936,0.38513435478475916,0.26563022242840734,0.563559475452411,0.5653524482549338,0.8621334665691834,0.2755206129531184,0.08614991890409945,0.5010992600635653,0.41607149707370483,1
0.3966539146033453,0.8891375701916436,0.2874563806443962,0.15865841363706037,1.0501563910729568,0.5580561430942943,0.4077928555745241,0.9214361268239326,0.7113475048076388,0.8439802821283228,1
0.5884287776561294,0.8945227838646791,0.6627823903351961,0.8378573347526684,0.26096578725932107,0.22031967977395372,0.1343631988085232,0.41933820903000557,0.7412362342770861,-0.029485126525194083,0
0.24541437077653835,0.7305490280165564,0.15989470538590234,0.07759222928091306,1.150725662671497,0.7145296733053123,0.5064634510277761,0.958752609570216,0.8202510215468887,0.718935287823639,1
0.9791447103568043,0.8749697207461201,0.9670886220136625,1.107848804767002,-0.05387589111478533,0.724321666842197,0.7495559300198841,0.5849951256192217,0.5963108948921367,0.40435167605488304,3
0.33807349294745354,0.2998725332691068,0.3312025448075849,0.8744432772143398,0.2978477769995953,0.3063339197384204,0.05411706465100847,0.20378659196781712,0.83980509423265,0.9003393648700675,1
0.46040130606153384,0.002240853669970729,0.508987304421447,0.07520304784802982,0.299083519693405,0.8284693485712958,0.8823200154800904,-0.00998963212111216,0.5711503738313577,0.9418898240808453,2
0.7743974220452082,0.34602955375183675,0.3304498661093584,0.22970717301728383,-0.4140677644071606,-0.018902170640842382,0.17685886012641566,0.24945165764988836,0.9359912206844253,1.1262976934303457,3
0.21640979020303952,0.7389779743462874,0.27343628662066444,0.3587335681761009,1.0080973330624845,0.35510541722060335,0.9207421648955239,0.6133763742026752,0.02399912399392823,0.4252064368593608,0
0.8788643304148165,0.2904689142050037,-0.05812078290704399,0.3936650655629778,0.41011369624539024,0.2981753927084987,-0.026696050126679326,0.7805359079053138,0.3223595135084229,0.11418407867715366,3
0.876840012958579,0.8588621235607309,0.6048665860259971,0.04091774624021951,0.8368860115458948,0.6602688813163644,0.9479876756488987,0.6217811082040452,0.26915374263375785,0.9455609391733074,1
0.2514159864747199,0.4831276115556001,0.25084657067718585,0.8469153688113366,0.153783947121203,0.7440077257745017,-0.11270729534052584,0.41126004300437324,0.6323259253316418,0.4801185536324779,0
0.45552626492866927,0.929845535583553,0.23294534127973648,0.20678333320152453,1.024857050981318,0.592987340465437,0.5436339876096968,0.8692521248525571,0.7682105450794781,0.871321822089573,1
0.9004556603971332,0.25636508745242553,0.6998080486235253,0.6974475339854185,0.7002854869503528,0.8551366155913775,0.528360544670313,0.3243890598303538,0.9698505141261246,0.7882518860864652,0
0.23057197824448464,0.8386213022306317,0.08385956481113527,0.16576031962655768,0.9866913559065983,0.8191162762339556,0.625938856454528,0.9854363721819946,0.7695048944059959,0.6935484357917434,1
0.5223767752582568,0.3898249633302837,0.23320071790773605,0.42105323452391136,0.388800898483945,0.785804976283563,0.8392949024687126,0.22430299584824875,0.7565864668126527,0.20629287561332368,3
0.4496318428542696,0.0910625773920149,0.08762539666376287,0.37149031566008217,0.200887261048581,0.4880259798855235,0.072710729576306,1.0371815056769282,0.8827531130460712,0.3420385538483369,2
0.17386015306336583,0.5215862773679679,0.18732955900422496,0.7154002472404076,0.3038787729042543,0.6073043007291191,0.08743078732824992,0.3265712371251832,1.004813402809223,0.7040957014550296,0
0.5629383414506955,0.4259546084776816,0.17765354657524762,0.37217071972529836,0.3449174580611625,0.7591885348704132,0.7801261421066837,0.24305017364871792,0.806587203456175,0.2546817641998308,3
0.7216666283797236,0.41823064190537546,0.9167195398939265,0.5448242323407552,0.8972418036797346,0.49513086365131076,0.14316203791547755,0.9290572193444079,0.8920771508236054,0.4453157656150842,0
0.3366743050333324,0.2407903311959697,0.37336822657166624,0.9196651318304443,0.32187746195882017,0.2842737575488494,0.11600564654168152,0.17035751975086,0.8806394333523851,0.8831998466852599,1
0.6687211431419586,0.6758781080245053,0.07074577130007931,0.6519663585425923,0.13937659227978064,1.5924510093144413,1.0108391261307759,1.251044366290409,0.5696619545827393,1.290231489959096,3
0.3620494136054942,0.35205260925330695,0.6012341683216205,1.2248179569726214,-0.18283065432624146,0.3909655275767802,1.290721496182497,0.5535124009352244,0.9954019400368601,0.7776503430042412,1
-0.11315583435875204,0.04451853062430691,0.5878154003054641,-0.0830464866974305,0.7499985020066982,0.29522925220886864,-0.264586052366968,1.0547518311679245,0.9123881794215811,0.2467495668626229,0
0.23738800995925904,0.3787230920339978,0.19622521302959028,0.732001311078796,0.4822670632433016,0.04787994662654396,0.9741596366523546,0.32955540323018556,0.14576889475163812,0.2992806881219445,1
0.5772569546716143,0.7589655021164526,0.7174328223444486,1.231304254405478,-0.14616190021153153,-0.23524790383122113,-0.09786349551198681,0.7066072238736656,0.9122774191918264,0.8987762668653367,3
0.5588242348394805,0.08018386744943135,-0.20741703558793578,0.22192589067895985,0.1773572095472674,0.5150598240839541,-0.11056275345824687,0.8534542369374966,0.16757695734198524,0.014766363503649516,3
0.03843797007977412,0.23826361311192357,0.3685219051979005,0.19774142578783038,0.7717192150826779,0.606135596863988,0.24201173605448872,0.1076907072489799,0.13654977143798286,0.38863972685805853,3
0.8123082582327614,1.1804426915692041,0.45187844372347813,0.20128088972586144,0.9126029432806941,1.1357201881127081,0.6860445836584563,1.3434140889809358,0.456438429702816,0.8189480883480507,1
0.3039228649271494,0.0606459946489815,0.8055353965632883,0.26560451171171096,0.9071428043412175,0.5545828714280948,0.2512828165151353,0.8282327698598408,0.9977216712507304,0.5530512038218233,1
0.1393795721044793,0.9067996807051912,0.5689511964531645,0.07084112317387961,1.0601852428623257,-0.0780644024108764,-0.004304149943485269,0.8968983626132666,0.31708398843731833,1.008582485168731,0
1.0608143328104052,0.5266967651638881,0.4510097557098242,0.9703964520683356,1.1685995703134249,0.7193576518485645,0.7698567110022592,0.6198044890282115,0.67921647368504,0.5253447205799113,3
1.0351053448232483,0.49153300254542215,1.3655345244619126,0.60982389874538,0.620263414853851,1.1903795037894962,0.8544828949056369,1.189807113354997,0.5860994935181245,0.7389543522327685,3
0.891015807802699,0.6923656638351188,0.8586166812292586,0.7758433711036349,0.26914850758968084,-0.12911441976488838,0.18537823234540096,0.6223130548968069,1.0205051178522695,1.1280803161147004,3
0.18532532468007057,0.9813045378336198,0.39331089940060204,0.48469848259127435,0.5764735052684675,0.6501275720076831,0.5061553896474071,0.2834915147272395,0.5692002563194566,0.5544756779389695,1
0.24798488604864125,0.41536111872787934,0.3363377666229467,0.8049244916581706,0.39377007041049655,0.5165445941559709,0.20755137502272814,0.393207179192042,1.079184303314035,0.7795558508229364,0
0.34852259819411513,0.31595173842683844,0.3649601158959615,0.8421714335028101,0.26315399049715826,0.2999890699805255,0.082010846824216,0.19639600228511098,0.8813325818786885,0.8997184823166207,1
0.06037993679228393,0.47730939691965113,0.3994512919207953,-0.10449401168971625,0.37800423947623263,0.5154277304344729,0.19246761688198158,0.2198359487787697,0.6124307878464637,0.7607123746826462,2
0.3148116391838054,0.7698328708834776,0.7733545120353851,-0.15774561884268462,0.8366689100158571,0.5827013377906686,-0.011537279360013003,0.5325778544613637,0.14523665260645469,0.4032769609844043,1
0.35836989154792326,0.5712733291521539,0.9316337145221263,0.022517071600587774,0.7590093847962599,0.537974524486074,0.08188910311406689,0.5270758174960354,0.28314866674485684,0.36211786804199314,1
0.7250440892459475,0.6160296713806126,0.8312897428983897,0.7389951205000894,0.20075166200525923,1.0020702020968422,0.5237157428990831,0.6919477022560347,0.7979857096358363,0.31356599342664704,3
0.6168198690740614,0.7593416876825213,0.5905187100526572,0.30992053721092405,0.798323158311153,0.8528994902417671,0.5818904048278091,0.2939668702801414,0.26692998292454034,0.3609112460263192,3
0.2144958413890165,0.5464305994738942,0.2105024721989897,0.7031652626083711,0.3001387107076887,0.5969366735967561,0.12888906788310095,0.3058792336208883,0.9854533268185888,0.7123281229127038,0
0.4701292565433022,0.3038392725556355,0.48015319037949866,0.04797807958319336,-0.017780240436337136,1.1915671725679366,0.8488618418636158,1.0617465518030116,1.0502244733621657,0.48897651937204806,2
0.1469365418496135,0.699577232815759,0.16952521580099805,0.15804327651628464,0.24433830690777653,0.6827884747651058,0.3566626380360059,0.46020146456428124,0.5183633420857402,0.5103904923272208,2
0.22154297240276694,0.3134099354129663,0.47584855290503286,0.22061670185242402,0.5529618760233953,0.8967652012926013,0.3361483212525154,0.9391632755533585,0.7586084327610264,0.8904672478412566,3
0.1938348652299536,0.5484248334414492,0.2026160108631235,0.721643533164258,0.27435395358569925,0.6279670751634682,0.11911693099370851,0.33221577225317384,0.9808292909789649,0.6911749098861312,0
0.1610174456028567,0.27962669532786755,0.2842709603553738,0.08248394412185196,0.8389093229635438,0.5109909567009625,0.29895488907640255,0.7452625665096428,-0.048147562912444014,0.5611601974029692,1
0.33843605527823717,0.8309300700587479,0.5926992341547642,0.3292933761561468,0.7298220012905569,-0.03415676950470947,0.19210645076816804,0.7726470611751932,0.13518839031792626,0.7573086033297549,0
0.3238858516441179,1.2068230370436317,0.2271208084235895,0.4435212463168826,0.931033952893805,0.8507514208909404,0.41830714880776615,0.9295433691810623,0.5810305807357343,1.052082904223357,1
0.8552870467178078,0.8268722250890899,0.6042544692918258,-0.001568981572831897,0.8631959703485129,0.6939289970416077,0.9634060063698302,0.6189623625838921,0.24101412278831924,0.958615247717049,1
0.5922512782814979,0.5825681213267516,0.14003435746750595,0.6802972421776126,0.5144030804731604,0.9787078847528479,0.6364280878360778,0.20026003520017693,0.689861183721016,0.15999507057215878,3
0.4020179455506469,0.7241929836396375,0.5086865202372808,0.20903266580064445,0.6983759545400141,-0.07279695618427919,0.17588362835187227,0.9559958691838008,0.1010265080756408,0.8790879676636125,0
0.13691204092850945,0.06540936632675999,0.2926953382354775,0.3227835956463792,0.33721074835975573,0.4877616744580851,0.2759410353282214,0.6594741598951408,0.8049797334248665,0.25786422437716866,2
0.04701168504451081,-0.015096120247345829,0.8532855601489473,-0.6902898959749979,1.0982880161438067,0.010616889065659302,-0.6473459597818081,1.6104395541845364,1.402264943860248,-0.6803671775255711,0
0.3062811419450956,0.6982036383358472,0.08739007293182045,0.1730613941115806,0.5923787913779965,0.6451501040639123,-0.02749487501479877,0.6293069952948409,0.5077916937304618,0.30334036736093023,2
0.4575736824505451,0.9907793781725933,0.7102070515708736,0.1298578286598459,0.8179359950910203,0.16114791465827513,0.06273154401846529,0.7776234145509379,0.274610330346177,0.7779923830444826,0
0.07895407827523497,0.453338693482867,0.4756302467951993,0.49532146321425274,0.7456150863484274,0.751339792046966,0.22147150352431463,0.881849407962865,0.513838798294059,0.6126068002773755,2
-0.1787527186994214,0.08392397657364571,0.5924039418880799,0.9867850483332307,1.0116378269234698,0.17865724522076776,0.4683850604045692,0.3418772823135268,0.43450600340336054,0.6845345807701487,1
0.4733610757695048,0.66301345476473,0.06630825005385416,0.7922701719492258,0.4975638460040036,1.0367982723200055,0.6542624180890266,0.32915109310063434,0.6596787503893826,0.14058368807844868,3
0.35436069657987534,0.31964407773087244,0.35279672189942063,0.8318297752239387,0.26804973708256813,0.338204029706218,0.07881536729407909,0.18168057714424313,0.8308146068397546,0.8755494138691123,1
0.6176812510436084,0.6630840112899643,0.08305576121535649,0.7788541990224906,0.7037120695859193,1.0701633546916975,0.6515807195174457,0.3207703523466781,0.6157876860925147,0.26038782270126143,3
0.23799961839098302,0.13203022625116445,0.8667566596723821,0.37171480114300137,0.7251530651992171,0.535133268053077,0.25819878201529284,0.6527882201725919,0.08383633148914574,1.1264330105526597,2
0.7450423264798304,0.5187815431929833,1.0946914482005397,0.8133981733095513,-0.1504705889935174,1.3207619366791346,0.38433128292731644,0.982842504981706,0.9178640351643984,0.565410714887828,3
0.41753528187509886,0.6147525445930523,0.9180490653268951,0.02694806372656119,0.7967756826854738,0.48344206044523913,0.1231377625704702,0.5328703916773649,0.22018704514016907,0.40169153065256386,1
0.5684187422730185,0.6980343203089624,0.783523359416745,0.5573631863046922,0.597283730409213,0.6452109337006999,0.5757390989969571,0.20967545546804617,0.3162017543253278,0.968216599598839,3
0.3704836125823763,0.6972345728601739,0.5381903239584143,0.09125317352963888,0.9404726722246958,0.4799992966952528,0.8042500731173563,0.7101872387438564,0.0374218290116371,0.5971018761724151,0
0.3008996281676507,0.032410467801277154,0.16779282171844861,0.15545678862802037,0.4465820864568235,0.6124229341937212,0.30535797393297853,0.6270356687398261,0.8927086073374755,0.2899775057617623,2
0.5851593578807276,0.4600725997126856,0.16576289321875812,0.31749066763327005,0.33885928294230305,0.7725076553560918,0.8253654742691378,0.2292265872883657,0.8037013283397014,0.19806500752934933,3
0.00023692284791407975,0.14862404773085325,0.3911937901213023,0.10717906485571488,0.7782291551394482,0.5595551658842818,0.18631430310963243,0.06868636746577732,0.21245319437003676,0.4208811908659867,3
-0.25924445984716166,0.06380098534487391,0.8675816379484848,1.3027467015844327,1.2230566048669071,0.00406067665413112,0.6004299087787809,0.37444638707233,0.7431420218600207,-0.3380746641985023,1
0.2259490970898285,0.21156755318418247,0.01963994805790928,0.17610903709548997,0.3877636456925361,0.2520456683342864,0.23494069110924853,0.7408500498971029,0.47759507556082414,0.23360833366264297,0
0.6082175566038733,0.39817023663954065,0.21063080395793976,0.39668379169415147,0.358288101883097,0.7178608614670259,0.7978652056815668,0.23211620879519987,0.825520368470154,0.2460517316994876,3
0.18282237285385358,0.6740872519107088,0.579447389214603,0.032809786702609145,1.2358794186164843,0.369551394066068,0.42592633336424723,0.7869589006688245,0.7476203003976506,0.90130685012595,1
0.5858819175441969,0.4492762095570699,0.16731613881391674,0.3562358255142531,0.35961266760510563,0.760333393898356,0.7797061770455567,0.2525227950250661,0.8045774296144361,0.2564168160542947,3
0.33180706187035297,0.3208447546205349,0.08545003049525461,0.5749847280298672,0.22433597194261734,0.5230391601518796,0.5290855202265216,0.6608811045748468,0.44527336713264853,0.23404699159622064,2
0.1606627300732006,0.7678610455623909,1.1230032121234526,-0.08572430426606029,0.4218497502876292,0.6732475083523073,0.3587331533418779,0.6954254856917502,0.5356648450345765,0.6033156972539317,1
0.8954581029944042,0.35657979013377683,0.6389960865087205,0.5320257026608143,0.8685028088489675,0.4581317463377143,0.018556255698484903,1.081838132132202,1.167810700215055,0.5442643908234498,0
0.5360313750563506,0.7466206293485342,0.4850427560854986,-0.10025923682919785,0.566124068844102,-0.08642348914034725,-0.2275283828363751,0.9700803147202575,0.26037097365302175,0.6588843446789471,0
0.19899244657855866,0.1623690747184206,0.2647762225254803,0.32882364208672066,0.4373358108892528,0.5657143203161108,0.31072654937571065,0.725884312877362,0.8098668927913093,0.2866342218848118,2
0.2859655158137609,1.0424828837965607,0.35094807673507694,0.07929343731345267,0.7501064331835576,0.730611677669209,0.43379939865121836,0.911379321747839,0.7626469163262014,0.64130296340584,1
0.3634304660027486,0.08615447867600068,0.5407830769572032,0.3077263427687863,0.18423939899856295,0.9747482588692782,1.0857600818094988,0.2259590606328544,0.7818276161430735,0.9943652182591907,2
0.8298415816341442,1.0638604773085887,0.553898858202825,0.7706767948196291,-0.20401032410891323,0.2679124419800573,0.02267106464863547,0.4859186065863302,1.0706417844834937,1.023570076775502,3
0.5730938681839338,0.46508811381179527,0.1760896473702437,0.33241371938813347,0.37660843016773254,0.7429263047700031,0.8007572707862458,0.2638272689641267,0.7910609165229184,0.25746187974040935,3
0.27116402196070216,0.24685830990942637,0.21768034861007265,0.7951571069706367,0.3997097944717465,0.09957257259458895,0.9124695659573024,0.48222784866211676,0.08214503525970046,0.3465470785050059,1
0.5740441382952978,-0.39063136676460103,0.9137802204936802,-0.1137496899312104,0.13026754851653824,0.6466698292212321,1.0999620267861348,-0.16189375735844813,0.2597758405004784,1.2425423738103873,2
0.34806048717816424,0.7087591276919245,0.07654939018921941,0.8610515453296488,0.6150795385404029,1.1126226977015374,0.4353931413559783,0.20754815416003008,0.5684582586284013,0.3049163952818586,1
0.19906259236050805,0.85631068268262,0.6781278008357219,0.3292137987242217,0.9189030233537973,0.06561841007730129,0.1106768455780718,0.5997747816597063,0.27125177687508695,0.987038082721214,0
0.06188813279358528,0.6399150270966651,0.24117081225615788,0.24028894732532602,0.3649730335226799,0.681112402537503,0.322239437551769,0.2747843271953099,0.5814142956266009,0.5053276228175058,2
0.6437810502905869,0.8231456930314004,0.49487390162005696,0.2405082493527995,0.661852591207437,1.0865521038186339,1.2579033699970854,0.8785951538861901,1.1723407931522278,0.8011866546742145,1
0.40422154703277985,0.8512315034999532,0.22760255695605636,0.27287410395341516,1.026648512854962,0.6335593762577133,0.4765391382508289,0.8488072823526711,0.7907349250329632,0.7393585024201139,1
0.9570117556339527,0.875884135055088,0.4694516786264331,0.05872701068637464,0.9101633187060907,0.5549081551575044,0.8484218911815078,0.494421661266534,0.3694285948322175,0.8750530376208018,1
0.13367052402917612,0.48651642090473185,0.22495454236560847,1.3355527092360022,1.2405471652698594,0.3062177107053811,-0.04134042462613491,0.08496296587217159,0.7870574968927335,0.5696917954650041,1
0.5731823943896341,0.44603819166411635,0.16791348558993588,0.36936183043163734,0.3548664866613829,0.7297894410283071,0.7865240698691291,0.221474455965823,0.7991573575062407,0.23163161548623765,3
0.17589185606514507,0.25917782780821763,0.7709151117310933,0.3870169220126149,0.9580751728254471,0.2685435552697052,0.8334988430768332,0.7368688385130636,-0.07109147359265394,-0.18382233885877763,1
0.5013926954305966,0.8110213627220806,0.4928077520898968,0.7652059451009805,0.8472418569951207,0.6204101058219168,1.0866203423488032,0.15329188096713575,0.12607913139886556,-0.0007770989444617626,1
0.2944951779850722,0.3338530904081223,0.2769157244317099,0.7678988539907718,0.44428061002964014,0.03040639839099136,0.8889677701985368,0.4090559049683789,0.05493905213679565,0.2310042407025054,1
0.03106205061751308,0.9265336651370751,0.3678912972680649,0.675575032549536,0.700006042611142,0.8114513806115367,0.5833162470281845,0.188524537080991,0.700007388649745,0.4923080140639251,1
0.8817026954722009,0.250817484622417,0.5901446348922865,0.7049711058543128,0.5734893608825451,0.8624716709186868,0.6175784942856576,0.33851905061462967,0.9585262813891114,0.747824774272476,0
0.24108574147250816,0.3792663068134215,0.29065073691479815,0.644572231730596,0.6119989953953849,0.8601080082316792,0.2647455746742968,0.07320375191123357,0.5555481241295269,0.44846524793676523,1
-0.11548796253915658,-0.03965638734000805,0.7372550845299589,0.9985917711709883,0.6615515698998491,0.39816223024894015,0.5407927734192655,0.2129145418384541,0.6477341780732654,0.5869224315288384,1
0.5743126348477712,0.4431181195177925,0.16419798917331352,0.34944660252428544,0.36447463272097796,0.7427772074316221,0.7890432651320637,0.2473982203808773,0.8320925244779432,0.2516288488484282,3
0.6256383166559227,0.6802209293568686,0.10089118351703491,0.7691972767803037,0.718506572205319,0.876780471959839,0.7199100608611927,0.4038351466671158,0.7731624577030056,0.1718384383663554,3
0.370995556932268,0.6739872886918294,0.5415614119530019,0.22556107614239782,0.9950924466359806,0.7451776014099176,0.37638049565965204,0.6642175017275799,0.6016436322620382,0.6332320805348176,1
0.2452771574611094,0.28672717560614663,0.2973933092225405,0.8385461309100458,0.4299138331351107,-0.018640558431831253,0.9512758175798951,0.441822101296796,0.05721851282548633,0.22312451155117824,1
0.8379270114190711,0.8961307874382284,0.008359273273552681,0.4555319568859759,0.7984116802823332,0.43729611747860575,0.8154188998535221,0.581055116125648,0.3330794385628494,0.3336879365506718,1
